everonasctiles/Tile40,19.asc
ncols 128
nrows 128
xllcorner 0
yllcorner 0
cellsize 2.0
NODATA_value  -9999
[rows 32 to 63 of 128, columns 0 to 70 of 128]
-15.75 -16.09 -16.59 -17.34 -17.81 -18.06 -18.34 -18.44 -18.38 -18.66 -19.03 -19.19 -19.38 -19.56 -19.72 -19.91 -20.00 -20.25 -20.62 -21.00 -21.25 -21.62 -21.97 -22.44 -23.09 -23.84 -24.53 -25.06 -25.47 -26.00 -26.53 -26.94 -27.38 -27.84 -28.16 -28.44 -28.88 -29.25 -29.66 -30.03 -30.34 -30.75 -31.12 -31.47 -31.88 -32.31 -32.66 -33.00 -33.34 -33.66 -33.94 -34.22 -34.47 -34.72 -34.94 -35.16 -35.34 -35.50 -35.66 -35.75 -35.84 -35.91 -35.97 -36.03 -36.12 -36.22 -36.31 -36.44 -36.59 -36.72 -36.84
-15.56 -16.09 -16.66 -17.19 -17.47 -17.81 -18.09 -18.19 -18.22 -18.59 -18.94 -19.09 -19.28 -19.66 -19.69 -19.75 -19.81 -19.81 -20.12 -20.56 -20.94 -21.34 -21.75 -22.38 -23.00 -23.75 -24.53 -25.06 -25.50 -25.91 -26.25 -26.69 -27.22 -27.69 -28.03 -28.41 -28.78 -29.16 -29.62 -30.00 -30.34 -30.72 -31.09 -31.44 -31.88 -32.28 -32.69 -33.00 -33.31 -33.62 -33.91 -34.19 -34.44 -34.69 -34.88 -35.09 -35.28 -35.41 -35.53 -35.66 -35.72 -35.78 -35.84 -35.91 -35.97 -36.06 -36.19 -36.31 -36.44 -36.59 -36.72
-15.50 -15.84 -16.41 -17.00 -17.12 -17.41 -17.72 -17.94 -18.19 -18.50 -18.78 -19.03 -19.22 -19.56 -19.78 -19.78 -19.75 -19.88 -20.09 -20.53 -21.00 -21.38 -21.88 -22.56 -23.34 -23.81 -24.28 -24.78 -25.28 -25.81 -26.19 -26.56 -27.09 -27.53 -27.94 -28.34 -28.69 -29.03 -29.47 -29.88 -30.28 -30.62 -30.97 -31.31 -31.75 -32.16 -32.56 -32.94 -33.25 -33.56 -33.84 -34.12 -34.38 -34.59 -34.81 -35.00 -35.16 -35.31 -35.44 -35.50 -35.56 -35.62 -35.69 -35.75 -35.81 -35.94 -36.03 -36.19 -36.31 -36.47 -36.62
-15.31 -15.81 -16.41 -16.78 -17.00 -17.31 -17.81 -17.97 -18.09 -18.44 -18.72 -18.97 -19.31 -19.50 -19.66 -19.72 -19.81 -20.09 -20.31 -20.66 -20.88 -21.16 -21.94 -22.69 -23.28 -23.81 -24.19 -24.62 -25.12 -25.59 -26.03 -26.47 -27.00 -27.38 -27.84 -28.31 -28.72 -29.03 -29.38 -29.81 -30.16 -30.44 -30.81 -31.16 -31.59 -32.03 -32.41 -32.75 -33.12 -33.44 -33.72 -34.00 -34.25 -34.50 -34.69 -34.88 -35.03 -35.19 -35.28 -35.38 -35.44 -35.47 -35.53 -35.59 -35.66 -35.78 -35.88 -36.03 -36.16 -36.34 -36.50
-15.53 -16.22 -16.44 -16.62 -16.84 -17.31 -17.69 -17.84 -18.06 -18.31 -18.59 -18.78 -18.94 -19.22 -19.47 -19.72 -19.88 -20.16 -20.34 -20.53 -20.91 -21.25 -21.91 -22.50 -23.00 -23.56 -24.09 -24.53 -24.97 -25.34 -25.81 -26.25 -26.81 -27.25 -27.66 -28.16 -28.62 -28.97 -29.31 -29.69 -30.00 -30.31 -30.69 -31.03 -31.50 -31.88 -32.28 -32.66 -33.00 -33.31 -33.59 -33.88 -34.12 -34.34 -34.56 -34.75 -34.91 -35.03 -35.12 -35.22 -35.28 -35.34 -35.38 -35.44 -35.53 -35.62 -35.75 -35.88 -36.03 -36.22 -36.44
-15.72 -16.22 -16.41 -16.69 -17.03 -17.25 -17.53 -17.69 -18.09 -18.34 -18.62 -18.97 -19.16 -19.44 -19.78 -19.94 -19.94 -20.19 -20.22 -20.31 -21.00 -21.53 -21.81 -22.28 -22.84 -23.38 -23.84 -24.28 -24.75 -25.31 -25.78 -26.19 -26.66 -27.06 -27.56 -28.09 -28.50 -28.84 -29.22 -29.56 -30.00 -30.34 -30.62 -30.97 -31.41 -31.78 -32.12 -32.53 -32.88 -33.19 -33.47 -33.75 -34.00 -34.22 -34.41 -34.59 -34.75 -34.88 -35.00 -35.09 -35.16 -35.19 -35.25 -35.31 -35.38 -35.50 -35.62 -35.78 -35.94 -36.12 -36.34
-15.59 -16.00 -16.28 -16.53 -16.94 -17.47 -17.72 -17.81 -18.25 -18.47 -18.72 -19.09 -19.50 -19.72 -19.94 -20.06 -20.06 -20.22 -20.44 -20.72 -21.25 -21.62 -21.81 -22.22 -22.81 -23.22 -23.69 -24.19 -24.75 -25.28 -25.75 -26.25 -26.66 -26.88 -27.31 -27.84 -28.28 -28.72 -29.06 -29.44 -29.94 -30.34 -30.66 -30.97 -31.31 -31.72 -32.03 -32.38 -32.72 -33.06 -33.34 -33.59 -33.84 -34.06 -34.25 -34.44 -34.59 -34.72 -34.84 -34.94 -35.00 -35.06 -35.12 -35.19 -35.28 -35.41 -35.53 -35.69 -35.88 -36.06 -36.28
-15.41 -15.69 -16.06 -16.47 -16.97 -17.53 -17.78 -17.97 -18.25 -18.47 -18.78 -19.28 -19.69 -19.94 -20.09 -20.16 -20.16 -20.22 -20.41 -20.84 -21.25 -21.59 -21.91 -22.31 -22.88 -23.31 -23.72 -24.19 -24.66 -25.16 -25.56 -25.94 -26.28 -26.59 -26.84 -27.31 -27.91 -28.44 -28.91 -29.34 -29.78 -30.19 -30.50 -30.84 -31.22 -31.59 -31.94 -32.28 -32.56 -32.91 -33.16 -33.44 -33.66 -33.88 -34.06 -34.25 -34.41 -34.56 -34.69 -34.78 -34.88 -34.94 -35.00 -35.09 -35.19 -35.31 -35.47 -35.62 -35.81 -36.00 -36.22
-15.59 -16.12 -16.44 -16.62 -16.97 -17.47 -17.66 -17.94 -18.34 -18.62 -19.09 -19.41 -19.78 -20.06 -20.19 -20.09 -20.09 -20.22 -20.53 -20.91 -21.22 -21.53 -21.97 -22.41 -22.81 -23.22 -23.53 -23.97 -24.38 -24.81 -25.19 -25.50 -25.94 -26.25 -26.59 -27.09 -27.66 -28.16 -28.59 -29.06 -29.53 -29.97 -30.28 -30.59 -31.03 -31.44 -31.81 -32.12 -32.41 -32.69 -32.97 -33.22 -33.44 -33.66 -33.84 -34.03 -34.22 -34.38 -34.53 -34.62 -34.72 -34.81 -34.88 -34.97 -35.09 -35.25 -35.38 -35.56 -35.72 -35.94 -36.16
-15.75 -16.12 -16.44 -16.56 -16.84 -17.38 -17.88 -18.19 -18.59 -18.94 -19.25 -19.47 -19.69 -19.97 -20.09 -20.06 -20.09 -20.38 -20.84 -21.12 -21.31 -21.53 -21.91 -22.38 -22.69 -22.91 -23.22 -23.59 -24.09 -24.59 -24.91 -25.22 -25.72 -26.06 -26.44 -26.84 -27.31 -27.81 -28.22 -28.69 -29.19 -29.72 -30.09 -30.44 -30.88 -31.31 -31.62 -31.91 -32.19 -32.44 -32.72 -32.97 -33.19 -33.41 -33.62 -33.81 -34.03 -34.19 -34.34 -34.47 -34.56 -34.66 -34.75 -34.88 -35.00 -35.16 -35.31 -35.47 -35.69 -35.88 -36.12
-15.56 -15.88 -16.12 -16.44 -16.84 -17.38 -17.88 -18.31 -18.69 -19.06 -19.28 -19.41 -19.62 -19.88 -20.06 -20.25 -20.28 -20.41 -20.75 -21.06 -21.22 -21.47 -21.72 -22.06 -22.38 -22.62 -22.88 -23.28 -23.88 -24.28 -24.62 -25.00 -25.38 -25.81 -26.22 -26.44 -26.91 -27.38 -27.94 -28.38 -28.78 -29.22 -29.66 -30.16 -30.62 -31.03 -31.34 -31.59 -31.81 -32.09 -32.44 -32.69 -32.94 -33.16 -33.41 -33.62 -33.81 -34.00 -34.16 -34.31 -34.44 -34.53 -34.66 -34.78 -34.91 -35.09 -35.25 -35.44 -35.62 -35.84 -36.09
-15.25 -15.69 -15.97 -16.59 -17.34 -17.69 -17.97 -18.41 -18.78 -19.12 -19.34 -19.59 -19.94 -20.12 -20.25 -20.31 -20.38 -20.56 -20.84 -21.00 -21.06 -21.31 -21.59 -21.94 -22.25 -22.53 -22.69 -23.03 -23.47 -23.81 -24.16 -24.56 -25.00 -25.44 -25.69 -26.03 -26.59 -27.00 -27.53 -28.12 -28.56 -28.91 -29.31 -29.88 -30.34 -30.72 -31.06 -31.31 -31.56 -31.81 -32.03 -32.31 -32.59 -32.88 -33.06 -33.41 -33.62 -33.81 -34.00 -34.16 -34.28 -34.44 -34.56 -34.72 -34.88 -35.03 -35.22 -35.41 -35.59 -35.84 -36.06
-15.06 -15.75 -16.47 -17.19 -17.66 -17.78 -17.94 -18.41 -18.84 -19.25 -19.59 -19.97 -20.06 -20.16 -20.28 -20.19 -20.28 -20.59 -21.00 -21.22 -21.34 -21.44 -21.50 -21.72 -22.09 -22.47 -22.75 -23.12 -23.47 -23.69 -23.91 -24.19 -24.69 -25.06 -25.31 -25.62 -26.12 -26.62 -27.19 -27.72 -28.22 -28.62 -29.16 -29.69 -30.09 -30.50 -30.84 -31.19 -31.47 -31.69 -31.94 -32.22 -32.47 -32.72 -32.94 -33.25 -33.50 -33.69 -33.88 -34.06 -34.22 -34.38 -34.53 -34.69 -34.84 -35.00 -35.19 -35.38 -35.56 -35.78 -36.03
-15.59 -16.41 -16.97 -17.44 -17.72 -18.00 -18.34 -18.84 -19.25 -19.50 -19.78 -20.00 -20.03 -20.16 -20.34 -20.44 -20.53 -20.66 -20.91 -21.22 -21.44 -21.44 -21.38 -21.59 -21.97 -22.25 -22.53 -22.78 -23.12 -23.34 -23.62 -24.06 -24.50 -24.88 -25.16 -25.47 -25.84 -26.44 -26.81 -27.31 -27.81 -28.31 -28.91 -29.56 -30.03 -30.47 -30.81 -31.19 -31.53 -31.81 -32.12 -32.34 -32.56 -32.78 -32.97 -33.19 -33.41 -33.62 -33.81 -34.00 -34.16 -34.34 -34.50 -34.66 -34.81 -35.00 -35.16 -35.34 -35.53 -35.75 -35.97
-16.28 -16.72 -17.31 -17.81 -17.91 -18.22 -18.75 -19.19 -19.53 -19.75 -19.97 -20.09 -20.06 -20.28 -20.47 -20.59 -20.78 -20.81 -20.94 -21.22 -21.34 -21.44 -21.44 -21.50 -21.56 -21.94 -22.34 -22.56 -22.91 -23.34 -23.69 -24.03 -24.31 -24.78 -25.09 -25.25 -25.66 -26.22 -26.69 -27.22 -27.66 -28.19 -28.81 -29.44 -30.00 -30.50 -30.91 -31.34 -31.72 -31.97 -32.22 -32.44 -32.66 -32.84 -33.03 -33.22 -33.41 -33.59 -33.81 -33.97 -34.16 -34.34 -34.50 -34.66 -34.81 -34.97 -35.16 -35.31 -35.50 -35.72 -35.94
-16.47 -16.97 -17.41 -17.75 -18.19 -18.50 -18.94 -19.28 -19.56 -19.78 -20.03 -20.12 -20.22 -20.41 -20.53 -20.59 -20.78 -20.94 -21.09 -21.22 -21.44 -21.56 -21.69 -21.62 -21.72 -21.94 -22.22 -22.59 -23.03 -23.41 -23.75 -24.03 -24.16 -24.59 -24.94 -25.31 -25.75 -26.31 -26.97 -27.53 -28.00 -28.50 -29.00 -29.47 -30.00 -30.53 -31.00 -31.41 -31.75 -32.06 -32.34 -32.56 -32.75 -32.94 -33.09 -33.28 -33.44 -33.62 -33.81 -34.00 -34.16 -34.34 -34.50 -34.66 -34.81 -34.97 -35.12 -35.31 -35.47 -35.69 -35.88
-16.41 -16.91 -17.44 -17.78 -18.19 -18.53 -18.97 -19.22 -19.41 -19.66 -19.91 -20.03 -20.22 -20.50 -20.53 -20.53 -20.66 -20.88 -21.19 -21.28 -21.47 -21.72 -21.84 -21.78 -21.94 -22.12 -22.19 -22.44 -22.94 -23.28 -23.56 -23.91 -23.97 -24.31 -24.81 -25.31 -25.91 -26.47 -27.09 -27.66 -28.16 -28.75 -29.25 -29.69 -30.16 -30.62 -31.06 -31.50 -31.84 -32.16 -32.44 -32.66 -32.84 -33.03 -33.19 -33.34 -33.50 -33.69 -33.84 -34.03 -34.19 -34.34 -34.50 -34.66 -34.78 -34.94 -35.09 -35.25 -35.44 -35.62 -35.81
-16.47 -16.97 -17.44 -17.94 -18.25 -18.47 -18.78 -19.00 -19.31 -19.56 -19.81 -19.97 -20.19 -20.38 -20.41 -20.34 -20.47 -20.69 -20.91 -21.03 -21.28 -21.56 -21.69 -21.88 -22.09 -22.09 -21.97 -22.25 -22.75 -23.28 -23.59 -23.75 -23.94 -24.25 -24.75 -25.38 -26.03 -26.66 -27.28 -27.88 -28.34 -28.81 -29.38 -29.91 -30.41 -30.81 -31.22 -31.59 -31.97 -32.28 -32.50 -32.75 -32.94 -33.12 -33.28 -33.41 -33.56 -33.72 -33.88 -34.03 -34.19 -34.34 -34.50 -34.62 -34.75 -34.91 -35.03 -35.19 -35.34 -35.56 -35.75
-16.41 -16.78 -17.25 -17.66 -18.16 -18.44 -18.78 -19.06 -19.28 -19.59 -19.78 -19.97 -20.06 -20.09 -20.09 -20.09 -20.19 -20.44 -20.72 -20.91 -21.12 -21.31 -21.44 -21.72 -22.03 -22.19 -22.28 -22.47 -22.91 -23.34 -23.62 -23.81 -24.00 -24.44 -25.03 -25.53 -26.12 -26.69 -27.34 -28.00 -28.56 -29.09 -29.59 -30.09 -30.56 -31.00 -31.38 -31.69 -32.03 -32.34 -32.59 -32.81 -33.00 -33.19 -33.31 -33.47 -33.59 -33.75 -33.91 -34.03 -34.19 -34.34 -34.47 -34.59 -34.72 -34.84 -34.97 -35.12 -35.28 -35.47 -35.69
-16.59 -16.94 -17.34 -17.81 -18.12 -18.31 -18.69 -19.03 -19.34 -19.56 -19.75 -19.84 -19.94 -20.03 -20.09 -19.94 -19.94 -20.03 -20.31 -20.62 -20.78 -20.94 -21.22 -21.53 -21.94 -22.22 -22.47 -22.59 -22.81 -23.25 -23.56 -23.78 -24.12 -24.78 -25.38 -25.75 -26.25 -26.72 -27.44 -28.09 -28.62 -29.28 -29.72 -30.16 -30.62 -31.06 -31.44 -31.81 -32.09 -32.41 -32.62 -32.84 -33.03 -33.19 -33.34 -33.47 -33.62 -33.75 -33.88 -34.03 -34.16 -34.28 -34.41 -34.53 -34.66 -34.81 -34.94 -35.09 -35.25 -35.44 -35.62
-16.53 -16.88 -17.34 -17.88 -18.19 -18.38 -18.66 -18.94 -19.16 -19.38 -19.62 -19.75 -19.78 -19.88 -19.88 -19.88 -19.97 -20.00 -20.16 -20.47 -20.72 -21.03 -21.34 -21.59 -21.72 -22.06 -22.38 -22.53 -22.72 -22.94 -23.41 -23.75 -24.34 -25.06 -25.59 -26.00 -26.44 -26.97 -27.53 -28.09 -28.66 -29.31 -29.78 -30.25 -30.66 -31.03 -31.47 -31.88 -32.16 -32.41 -32.62 -32.81 -33.00 -33.16 -33.31 -33.44 -33.56 -33.72 -33.84 -33.97 -34.09 -34.22 -34.34 -34.47 -34.62 -34.75 -34.88 -35.03 -35.19 -35.34 -35.53
-16.66 -16.97 -17.34 -17.69 -17.97 -18.31 -18.62 -18.81 -19.09 -19.34 -19.44 -19.56 -19.59 -19.62 -19.59 -19.59 -19.66 -19.78 -20.09 -20.53 -20.78 -21.03 -21.31 -21.59 -21.81 -22.09 -22.25 -22.28 -22.44 -22.72 -23.22 -23.75 -24.41 -25.03 -25.59 -26.06 -26.53 -27.16 -27.78 -28.31 -28.84 -29.34 -29.84 -30.25 -30.62 -31.09 -31.50 -31.84 -32.12 -32.34 -32.56 -32.75 -32.94 -33.09 -33.22 -33.38 -33.50 -33.62 -33.75 -33.88 -34.00 -34.16 -34.28 -34.44 -34.56 -34.69 -34.81 -34.97 -35.09 -35.25 -35.41
-16.59 -17.09 -17.34 -17.62 -17.88 -18.22 -18.41 -18.59 -18.94 -19.25 -19.25 -19.28 -19.34 -19.38 -19.53 -19.59 -19.69 -19.78 -19.97 -20.34 -20.72 -21.06 -21.41 -21.59 -21.78 -21.97 -22.00 -22.00 -22.09 -22.50 -23.00 -23.69 -24.38 -25.03 -25.56 -26.09 -26.62 -27.25 -27.78 -28.31 -28.91 -29.38 -29.78 -30.19 -30.56 -31.03 -31.38 -31.69 -32.03 -32.25 -32.47 -32.66 -32.84 -33.00 -33.12 -33.28 -33.41 -33.53 -33.66 -33.81 -33.94 -34.09 -34.25 -34.38 -34.50 -34.66 -34.78 -34.91 -35.03 -35.16 -35.28
-16.50 -17.03 -17.28 -17.62 -17.81 -18.00 -18.31 -18.69 -18.91 -19.03 -19.12 -19.22 -19.25 -19.22 -19.50 -19.78 -19.97 -20.00 -20.03 -20.16 -20.38 -20.97 -21.28 -21.41 -21.56 -21.72 -21.78 -21.91 -22.09 -22.47 -23.00 -23.62 -24.41 -25.03 -25.47 -25.91 -26.44 -27.16 -27.66 -28.25 -28.84 -29.34 -29.72 -30.00 -30.38 -30.84 -31.19 -31.50 -31.81 -32.09 -32.34 -32.53 -32.72 -32.88 -33.03 -33.16 -33.28 -33.44 -33.56 -33.72 -33.88 -34.06 -34.22 -34.34 -34.50 -34.62 -34.72 -34.84 -34.94 -35.06 -35.19
-16.53 -16.91 -17.25 -17.56 -17.62 -17.91 -18.12 -18.47 -18.66 -18.69 -18.88 -19.09 -19.19 -19.31 -19.69 -19.94 -20.16 -20.16 -20.03 -20.03 -20.19 -20.62 -21.09 -21.38 -21.53 -21.78 -21.91 -21.94 -22.09 -22.41 -22.88 -23.56 -24.16 -24.84 -25.38 -25.91 -26.31 -26.94 -27.53 -28.25 -28.78 -29.22 -29.56 -29.91 -30.22 -30.56 -30.94 -31.28 -31.66 -31.94 -32.22 -32.41 -32.59 -32.75 -32.88 -33.03 -33.19 -33.31 -33.50 -33.66 -33.84 -34.03 -34.19 -34.34 -34.47 -34.59 -34.69 -34.81 -34.91 -35.03 -35.12
-16.41 -16.78 -17.06 -17.16 -17.34 -17.53 -17.62 -17.94 -18.25 -18.44 -18.75 -19.06 -19.31 -19.38 -19.66 -19.84 -19.91 -20.09 -20.09 -20.03 -20.09 -20.47 -20.88 -21.28 -21.41 -21.59 -21.75 -21.81 -22.03 -22.38 -22.91 -23.44 -24.09 -24.66 -25.31 -25.72 -26.16 -26.81 -27.47 -28.09 -28.53 -28.94 -29.34 -29.75 -30.09 -30.47 -30.78 -31.16 -31.50 -31.81 -32.09 -32.28 -32.47 -32.59 -32.75 -32.91 -33.06 -33.25 -33.44 -33.62 -33.81 -34.00 -34.16 -34.31 -34.44 -34.56 -34.69 -34.78 -34.91 -35.03 -35.16
-16.09 -16.41 -16.53 -16.69 -16.94 -17.25 -17.66 -18.00 -18.28 -18.62 -18.72 -19.00 -19.19 -19.38 -19.44 -19.53 -19.72 -19.97 -20.03 -19.91 -19.91 -20.19 -20.53 -20.81 -20.91 -21.09 -21.31 -21.59 -21.94 -22.25 -22.69 -23.28 -24.12 -24.72 -25.12 -25.62 -26.06 -26.56 -27.12 -27.66 -28.16 -28.69 -29.12 -29.56 -30.03 -30.41 -30.69 -31.03 -31.34 -31.66 -31.97 -32.16 -32.31 -32.47 -32.62 -32.81 -32.97 -33.19 -33.38 -33.59 -33.78 -33.97 -34.12 -34.28 -34.41 -34.53 -34.66 -34.78 -34.91 -35.03 -35.19
-15.69 -16.12 -16.50 -16.78 -17.25 -17.47 -17.78 -18.09 -18.47 -18.75 -18.84 -18.88 -18.94 -19.09 -19.16 -19.34 -19.66 -19.88 -19.81 -19.66 -19.59 -19.72 -20.12 -20.50 -20.75 -21.06 -21.34 -21.66 -21.88 -22.22 -22.62 -23.22 -23.94 -24.53 -24.91 -25.25 -25.69 -26.28 -26.78 -27.31 -27.75 -28.22 -28.84 -29.41 -29.84 -30.25 -30.62 -30.97 -31.28 -31.56 -31.81 -32.00 -32.19 -32.34 -32.53 -32.72 -32.91 -33.12 -33.34 -33.56 -33.75 -33.94 -34.09 -34.22 -34.34 -34.47 -34.62 -34.75 -34.91 -35.03 -35.19
-15.66 -16.03 -16.34 -16.81 -17.25 -17.47 -17.66 -17.97 -18.31 -18.50 -18.59 -18.59 -18.75 -18.91 -19.03 -19.16 -19.41 -19.53 -19.53 -19.44 -19.44 -19.53 -19.88 -20.34 -20.59 -20.97 -21.41 -21.72 -21.91 -22.19 -22.66 -23.09 -23.66 -24.22 -24.69 -25.06 -25.50 -26.03 -26.62 -27.12 -27.53 -28.06 -28.66 -29.22 -29.62 -30.00 -30.38 -30.72 -31.06 -31.38 -31.62 -31.84 -32.00 -32.19 -32.41 -32.62 -32.84 -33.06 -33.28 -33.50 -33.69 -33.88 -34.03 -34.16 -34.28 -34.41 -34.56 -34.72 -34.88 -35.00 -35.12
-15.81 -16.09 -16.47 -16.84 -17.19 -17.44 -17.53 -17.75 -17.91 -18.09 -18.44 -18.75 -18.94 -19.03 -19.03 -19.25 -19.41 -19.44 -19.53 -19.56 -19.56 -19.53 -19.81 -20.28 -20.44 -20.88 -21.22 -21.50 -21.72 -22.09 -22.50 -22.94 -23.41 -23.84 -24.38 -24.69 -25.19 -25.72 -26.34 -26.94 -27.44 -27.97 -28.59 -29.09 -29.50 -29.84 -30.22 -30.53 -30.84 -31.16 -31.41 -31.62 -31.81 -32.03 -32.31 -32.53 -32.78 -33.00 -33.22 -33.44 -33.62 -33.78 -33.94 -34.06 -34.19 -34.34 -34.50 -34.66 -34.78 -34.91 -35.06
-15.97 -16.25 -16.56 -16.81 -16.97 -17.19 -17.38 -17.72 -17.91 -18.12 -18.47 -18.78 -18.75 -18.94 -19.16 -19.28 -19.22 -19.44 -19.53 -19.56 -19.66 -19.75 -19.88 -20.28 -20.41 -20.72 -21.03 -21.16 -21.50 -21.88 -22.28 -22.62 -23.00 -23.47 -23.97 -24.34 -24.88 -25.50 -26.12 -26.81 -27.38 -27.81 -28.34 -28.69 -29.19 -29.62 -29.97 -30.34 -30.62 -30.88 -31.16 -31.38 -31.59 -31.84 -32.12 -32.41 -32.69 -32.94 -33.16 -33.38 -33.53 -33.69 -33.84 -33.97 -34.09 -34.25 -34.41 -34.53 -34.69 -34.78 -34.91
-16.06 -16.34 -16.56 -16.88 -17.03 -17.19 -17.50 -17.84 -18.06 -18.31 -18.44 -18.47 -18.66 -19.06 -19.22 -19.31 -19.34 -19.47 -19.56 -19.66 -19.72 -19.75 -19.84 -20.16 -20.41 -20.50 -20.69 -20.91 -21.22 -21.62 -21.84 -22.34 -22.94 -23.44 -23.81 -24.22 -24.59 -25.19 -26.00 -26.56 -27.09 -27.62 -28.06 -28.50 -28.97 -29.34 -29.78 -30.06 -30.34 -30.66 -30.94 -31.12 -31.38 -31.69 -32.00 -32.31 -32.59 -32.84 -33.06 -33.28 -33.44 -33.59 -33.72 -33.84 -34.00 -34.12 -34.28 -34.41 -34.53 -34.62 -34.72
