everonasctiles/Tile5,7.asc
ncols 128
nrows 128
xllcorner 0
yllcorner 0
cellsize 2.0
NODATA_value  -9999
[rows 96 to 127 of 128, columns 0 to 70 of 128]
-27.97 -28.03 -28.06 -28.06 -28.09 -28.12 -28.16 -28.16 -28.19 -28.19 -28.19 -28.19 -28.19 -28.19 -28.16 -28.16 -28.12 -28.06 -28.03 -28.03 -28.06 -28.09 -28.12 -28.12 -28.12 -28.12 -28.06 -28.03 -28.03 -28.03 -28.06 -28.06 -28.09 -28.12 -28.12 -28.12 -28.09 -28.06 -28.00 -27.97 -27.91 -27.81 -27.75 -27.66 -27.62 -27.66 -27.66 -27.56 -27.50 -27.44 -27.38 -27.34 -27.28 -27.19 -27.16 -27.16 -27.16 -27.16 -27.19 -27.22 -27.28 -27.31 -27.34 -27.34 -27.31 -27.31 -27.38 -27.47 -27.59 -27.72 -27.88
-27.97 -28.00 -28.03 -28.06 -28.06 -28.06 -28.06 -28.12 -28.16 -28.16 -28.16 -28.16 -28.12 -28.09 -28.12 -28.12 -28.09 -28.06 -28.00 -27.97 -28.00 -28.06 -28.09 -28.09 -28.09 -28.09 -28.03 -28.03 -28.03 -28.03 -28.00 -28.00 -28.00 -28.03 -28.03 -28.03 -28.03 -28.00 -27.97 -27.91 -27.88 -27.78 -27.72 -27.62 -27.56 -27.56 -27.56 -27.50 -27.44 -27.41 -27.31 -27.25 -27.19 -27.12 -27.09 -27.09 -27.06 -27.03 -27.06 -27.12 -27.19 -27.25 -27.31 -27.28 -27.28 -27.25 -27.25 -27.34 -27.44 -27.56 -27.72
-27.97 -28.00 -28.03 -28.03 -28.03 -28.03 -28.03 -28.06 -28.09 -28.12 -28.12 -28.09 -28.09 -28.09 -28.09 -28.09 -28.09 -28.03 -27.97 -27.94 -27.94 -28.03 -28.06 -28.06 -28.06 -28.00 -27.97 -27.97 -28.00 -28.00 -28.00 -27.97 -27.97 -27.97 -27.94 -27.94 -27.97 -27.97 -27.94 -27.84 -27.81 -27.75 -27.69 -27.62 -27.56 -27.50 -27.47 -27.47 -27.44 -27.38 -27.31 -27.19 -27.09 -27.03 -27.00 -27.00 -27.00 -27.00 -27.00 -27.00 -27.09 -27.12 -27.22 -27.25 -27.19 -27.19 -27.22 -27.25 -27.31 -27.41 -27.50
-27.94 -28.00 -28.03 -28.03 -28.03 -28.03 -28.03 -28.03 -28.03 -28.06 -28.09 -28.09 -28.09 -28.09 -28.09 -28.09 -28.06 -28.00 -27.94 -27.91 -27.91 -27.97 -28.00 -28.00 -28.00 -27.94 -27.91 -27.94 -27.94 -27.91 -27.88 -27.91 -27.91 -27.88 -27.88 -27.88 -27.84 -27.84 -27.81 -27.78 -27.66 -27.62 -27.62 -27.56 -27.50 -27.41 -27.38 -27.38 -27.34 -27.31 -27.22 -27.16 -27.06 -27.00 -27.00 -26.97 -26.94 -26.94 -26.94 -26.94 -27.00 -27.03 -27.09 -27.12 -27.12 -27.12 -27.12 -27.16 -27.19 -27.31 -27.34
-27.91 -27.97 -28.00 -28.00 -28.00 -28.00 -28.00 -27.97 -28.00 -28.03 -28.06 -28.06 -28.09 -28.06 -28.06 -28.03 -28.03 -27.97 -27.91 -27.88 -27.88 -27.91 -27.94 -27.97 -27.91 -27.88 -27.81 -27.84 -27.84 -27.81 -27.81 -27.78 -27.78 -27.75 -27.78 -27.78 -27.75 -27.72 -27.69 -27.62 -27.56 -27.53 -27.50 -27.47 -27.41 -27.34 -27.31 -27.25 -27.22 -27.19 -27.12 -27.06 -27.03 -27.03 -27.00 -26.97 -26.88 -26.84 -26.88 -26.84 -26.88 -26.94 -27.03 -27.06 -27.06 -27.03 -27.00 -27.06 -27.16 -27.25 -27.28
-27.88 -27.91 -27.94 -27.94 -27.97 -27.97 -27.97 -27.97 -27.97 -28.00 -28.03 -28.03 -28.03 -28.00 -28.00 -27.97 -27.97 -27.94 -27.88 -27.81 -27.81 -27.84 -27.84 -27.88 -27.81 -27.81 -27.81 -27.78 -27.78 -27.75 -27.75 -27.72 -27.69 -27.72 -27.81 -27.75 -27.75 -27.72 -27.72 -27.66 -27.62 -27.59 -27.53 -27.47 -27.41 -27.34 -27.28 -27.22 -27.16 -27.16 -27.16 -27.09 -27.03 -26.97 -26.91 -26.84 -26.81 -26.78 -26.78 -26.78 -26.78 -26.88 -26.97 -27.00 -27.00 -27.00 -26.97 -27.00 -27.09 -27.12 -27.22
-27.78 -27.81 -27.84 -27.88 -27.88 -27.88 -27.91 -27.91 -27.94 -27.94 -27.97 -27.97 -27.97 -27.97 -27.94 -27.94 -27.91 -27.88 -27.81 -27.78 -27.75 -27.75 -27.78 -27.78 -27.78 -27.75 -27.78 -27.78 -27.78 -27.78 -27.78 -27.75 -27.75 -27.75 -27.81 -27.78 -27.75 -27.75 -27.75 -27.69 -27.66 -27.62 -27.56 -27.50 -27.41 -27.28 -27.22 -27.19 -27.12 -27.09 -27.06 -26.97 -26.91 -26.88 -26.81 -26.75 -26.69 -26.62 -26.66 -26.66 -26.66 -26.72 -26.84 -26.88 -26.91 -26.94 -26.91 -26.97 -27.03 -27.12 -27.19
-27.59 -27.66 -27.72 -27.75 -27.81 -27.81 -27.81 -27.84 -27.84 -27.88 -27.88 -27.88 -27.91 -27.91 -27.91 -27.91 -27.84 -27.81 -27.75 -27.69 -27.66 -27.66 -27.69 -27.69 -27.69 -27.69 -27.69 -27.72 -27.72 -27.75 -27.75 -27.72 -27.72 -27.72 -27.75 -27.72 -27.72 -27.69 -27.66 -27.66 -27.62 -27.59 -27.50 -27.47 -27.41 -27.31 -27.19 -27.12 -27.00 -26.97 -26.91 -26.88 -26.84 -26.78 -26.75 -26.69 -26.62 -26.56 -26.56 -26.56 -26.56 -26.66 -26.72 -26.78 -26.81 -26.84 -26.88 -26.94 -26.94 -27.00 -27.06
-27.50 -27.53 -27.59 -27.66 -27.72 -27.75 -27.78 -27.78 -27.78 -27.81 -27.78 -27.81 -27.84 -27.84 -27.84 -27.78 -27.75 -27.69 -27.66 -27.59 -27.53 -27.47 -27.47 -27.50 -27.53 -27.53 -27.56 -27.62 -27.66 -27.69 -27.69 -27.66 -27.66 -27.69 -27.69 -27.69 -27.69 -27.66 -27.62 -27.62 -27.59 -27.56 -27.50 -27.44 -27.41 -27.31 -27.22 -27.12 -27.03 -26.97 -26.88 -26.81 -26.75 -26.69 -26.62 -26.59 -26.53 -26.50 -26.47 -26.44 -26.47 -26.56 -26.66 -26.72 -26.72 -26.78 -26.81 -26.84 -26.81 -26.91 -26.97
-27.50 -27.53 -27.59 -27.62 -27.69 -27.72 -27.75 -27.75 -27.72 -27.72 -27.72 -27.69 -27.72 -27.72 -27.69 -27.66 -27.66 -27.59 -27.56 -27.44 -27.31 -27.22 -27.22 -27.19 -27.25 -27.31 -27.44 -27.50 -27.56 -27.59 -27.59 -27.59 -27.59 -27.62 -27.62 -27.66 -27.66 -27.62 -27.56 -27.56 -27.56 -27.56 -27.50 -27.47 -27.41 -27.31 -27.22 -27.12 -27.03 -26.91 -26.81 -26.72 -26.62 -26.56 -26.47 -26.44 -26.38 -26.31 -26.28 -26.31 -26.41 -26.53 -26.59 -26.59 -26.62 -26.72 -26.72 -26.72 -26.62 -26.75 -26.84
-27.50 -27.56 -27.59 -27.59 -27.62 -27.66 -27.69 -27.69 -27.66 -27.66 -27.62 -27.62 -27.59 -27.59 -27.62 -27.59 -27.59 -27.53 -27.47 -27.31 -27.19 -27.16 -27.09 -27.09 -27.09 -27.19 -27.28 -27.38 -27.44 -27.44 -27.47 -27.50 -27.56 -27.56 -27.59 -27.59 -27.56 -27.53 -27.53 -27.53 -27.53 -27.50 -27.50 -27.44 -27.38 -27.28 -27.22 -27.12 -26.97 -26.84 -26.75 -26.69 -26.66 -26.56 -26.50 -26.38 -26.31 -26.25 -26.19 -26.19 -26.28 -26.31 -26.41 -26.44 -26.53 -26.59 -26.66 -26.62 -26.59 -26.59 -26.69
-27.47 -27.53 -27.56 -27.56 -27.56 -27.59 -27.66 -27.66 -27.62 -27.62 -27.62 -27.66 -27.62 -27.66 -27.66 -27.62 -27.56 -27.47 -27.31 -27.19 -27.12 -27.09 -27.09 -27.06 -27.12 -27.22 -27.25 -27.25 -27.31 -27.34 -27.41 -27.44 -27.47 -27.53 -27.53 -27.53 -27.47 -27.47 -27.44 -27.50 -27.50 -27.50 -27.44 -27.34 -27.28 -27.28 -27.19 -27.06 -26.94 -26.81 -26.78 -26.72 -26.66 -26.56 -26.47 -26.41 -26.41 -26.34 -26.31 -26.28 -26.22 -26.25 -26.28 -26.34 -26.41 -26.50 -26.53 -26.53 -26.41 -26.31 -26.44
-27.44 -27.47 -27.50 -27.53 -27.53 -27.56 -27.59 -27.59 -27.59 -27.59 -27.59 -27.59 -27.59 -27.62 -27.59 -27.59 -27.56 -27.41 -27.28 -27.16 -27.12 -27.12 -27.09 -27.16 -27.19 -27.22 -27.19 -27.16 -27.22 -27.28 -27.34 -27.41 -27.44 -27.44 -27.44 -27.44 -27.41 -27.34 -27.44 -27.44 -27.41 -27.41 -27.34 -27.31 -27.25 -27.25 -27.16 -27.06 -27.00 -26.94 -26.84 -26.75 -26.69 -26.62 -26.53 -26.47 -26.47 -26.44 -26.41 -26.31 -26.28 -26.28 -26.31 -26.31 -26.31 -26.34 -26.38 -26.38 -26.34 -26.25 -26.22
-27.28 -27.34 -27.38 -27.41 -27.44 -27.50 -27.53 -27.53 -27.53 -27.53 -27.53 -27.53 -27.53 -27.56 -27.53 -27.50 -27.44 -27.31 -27.25 -27.25 -27.22 -27.19 -27.12 -27.09 -27.12 -27.12 -27.09 -27.09 -27.09 -27.16 -27.19 -27.28 -27.31 -27.34 -27.34 -27.31 -27.25 -27.31 -27.38 -27.34 -27.31 -27.28 -27.25 -27.25 -27.22 -27.19 -27.09 -27.06 -27.00 -26.94 -26.88 -26.78 -26.72 -26.66 -26.56 -26.53 -26.47 -26.44 -26.41 -26.31 -26.25 -26.28 -26.22 -26.25 -26.22 -26.25 -26.25 -26.22 -26.19 -26.09 -26.09
-27.16 -27.22 -27.19 -27.25 -27.31 -27.38 -27.41 -27.44 -27.47 -27.50 -27.50 -27.50 -27.50 -27.47 -27.44 -27.41 -27.28 -27.16 -27.19 -27.19 -27.16 -27.12 -27.03 -27.00 -27.00 -27.06 -27.06 -27.06 -27.06 -27.06 -27.06 -27.16 -27.19 -27.22 -27.25 -27.25 -27.25 -27.31 -27.25 -27.25 -27.22 -27.19 -27.22 -27.19 -27.16 -27.09 -27.06 -27.00 -26.97 -26.91 -26.84 -26.78 -26.72 -26.62 -26.53 -26.50 -26.44 -26.38 -26.34 -26.25 -26.19 -26.22 -26.16 -26.16 -26.16 -26.12 -26.09 -26.00 -25.94 -26.00 -25.91
-27.12 -27.12 -27.12 -27.12 -27.19 -27.28 -27.31 -27.34 -27.38 -27.41 -27.41 -27.41 -27.44 -27.41 -27.38 -27.28 -27.12 -27.12 -27.19 -27.16 -27.09 -27.03 -26.91 -26.91 -26.94 -27.00 -27.03 -27.00 -26.97 -27.00 -27.00 -27.09 -27.12 -27.16 -27.12 -27.16 -27.16 -27.19 -27.22 -27.19 -27.16 -27.12 -27.12 -27.12 -27.09 -27.06 -27.03 -26.94 -26.91 -26.84 -26.78 -26.75 -26.66 -26.56 -26.53 -26.44 -26.41 -26.31 -26.22 -26.12 -26.12 -26.09 -26.06 -25.97 -26.03 -26.00 -25.88 -25.78 -25.81 -25.84 -25.75
-27.06 -27.09 -27.09 -27.12 -27.16 -27.16 -27.19 -27.22 -27.22 -27.25 -27.28 -27.28 -27.28 -27.28 -27.22 -27.12 -27.00 -27.09 -27.12 -27.09 -27.00 -26.94 -26.84 -26.81 -26.81 -26.88 -26.94 -26.94 -26.94 -26.94 -27.00 -27.00 -27.06 -27.06 -27.06 -27.03 -27.09 -27.16 -27.16 -27.19 -27.12 -27.06 -27.06 -27.03 -27.03 -27.03 -27.00 -26.94 -26.88 -26.84 -26.75 -26.69 -26.62 -26.59 -26.50 -26.44 -26.38 -26.25 -26.16 -26.03 -26.00 -26.03 -26.00 -25.88 -25.81 -25.72 -25.69 -25.62 -25.56 -25.44 -25.38
-26.94 -27.03 -27.06 -27.09 -27.12 -27.09 -27.12 -27.16 -27.19 -27.16 -27.16 -27.16 -27.12 -27.12 -27.06 -26.97 -26.97 -27.06 -27.06 -27.03 -27.00 -26.91 -26.81 -26.78 -26.78 -26.81 -26.84 -26.88 -26.91 -26.91 -26.88 -26.94 -26.97 -27.00 -26.97 -26.97 -27.06 -27.12 -27.12 -27.12 -27.12 -27.09 -27.03 -26.97 -27.00 -26.97 -26.94 -26.91 -26.84 -26.81 -26.75 -26.66 -26.62 -26.56 -26.47 -26.41 -26.31 -26.22 -26.12 -26.03 -25.97 -25.94 -25.88 -25.69 -25.56 -25.62 -25.47 -25.41 -25.22 -25.09 -24.97
-26.81 -26.88 -27.00 -27.06 -27.09 -27.09 -27.09 -27.16 -27.16 -27.16 -27.16 -27.12 -27.09 -27.06 -27.03 -27.00 -27.00 -26.97 -26.94 -26.97 -26.97 -26.88 -26.78 -26.75 -26.75 -26.78 -26.81 -26.84 -26.88 -26.81 -26.81 -26.81 -26.84 -26.84 -26.84 -26.91 -27.00 -27.06 -27.06 -27.09 -27.09 -27.06 -27.00 -26.94 -26.94 -26.91 -26.88 -26.84 -26.81 -26.78 -26.72 -26.69 -26.62 -26.56 -26.47 -26.28 -26.19 -26.16 -26.12 -26.06 -25.97 -25.88 -25.78 -25.69 -25.62 -25.53 -25.47 -25.31 -25.09 -24.97 -24.84
-26.75 -26.84 -26.97 -27.03 -27.03 -27.03 -27.06 -27.09 -27.12 -27.12 -27.12 -27.09 -27.09 -27.06 -27.06 -27.03 -27.00 -26.94 -26.88 -26.88 -26.91 -26.88 -26.78 -26.72 -26.72 -26.72 -26.72 -26.75 -26.75 -26.75 -26.75 -26.72 -26.66 -26.69 -26.69 -26.81 -26.94 -27.00 -27.03 -27.03 -27.00 -26.97 -26.97 -26.94 -26.88 -26.84 -26.84 -26.84 -26.81 -26.78 -26.75 -26.66 -26.59 -26.50 -26.28 -26.16 -26.09 -26.09 -26.09 -26.03 -25.94 -25.84 -25.75 -25.66 -25.59 -25.50 -25.38 -25.28 -25.12 -25.00 -24.94
-26.72 -26.81 -26.94 -26.97 -26.97 -26.94 -26.97 -26.97 -27.03 -27.03 -27.06 -27.06 -27.06 -27.06 -27.03 -27.03 -26.97 -26.88 -26.78 -26.81 -26.81 -26.78 -26.72 -26.66 -26.62 -26.62 -26.66 -26.69 -26.69 -26.69 -26.66 -26.59 -26.53 -26.53 -26.66 -26.75 -26.88 -26.94 -26.97 -27.00 -26.94 -26.88 -26.84 -26.84 -26.84 -26.81 -26.78 -26.75 -26.72 -26.72 -26.69 -26.59 -26.50 -26.38 -26.25 -26.09 -26.06 -26.06 -26.00 -25.97 -25.91 -25.78 -25.72 -25.59 -25.50 -25.47 -25.38 -25.22 -25.12 -25.09 -25.00
-26.62 -26.75 -26.81 -26.84 -26.84 -26.84 -26.88 -26.94 -26.94 -26.94 -26.94 -26.97 -27.00 -26.97 -26.97 -26.97 -26.91 -26.81 -26.72 -26.75 -26.78 -26.69 -26.66 -26.59 -26.56 -26.56 -26.56 -26.59 -26.59 -26.59 -26.59 -26.53 -26.50 -26.53 -26.59 -26.72 -26.84 -26.88 -26.88 -26.91 -26.84 -26.78 -26.75 -26.78 -26.75 -26.69 -26.69 -26.66 -26.62 -26.62 -26.59 -26.53 -26.47 -26.38 -26.25 -26.09 -26.03 -26.00 -25.91 -25.81 -25.75 -25.72 -25.59 -25.47 -25.41 -25.31 -25.25 -25.19 -25.09 -24.91 -24.75
-26.59 -26.69 -26.72 -26.72 -26.72 -26.75 -26.81 -26.84 -26.88 -26.88 -26.84 -26.84 -26.88 -26.94 -26.91 -26.91 -26.84 -26.75 -26.66 -26.69 -26.69 -26.69 -26.62 -26.56 -26.50 -26.47 -26.47 -26.50 -26.50 -26.50 -26.53 -26.50 -26.44 -26.44 -26.56 -26.69 -26.75 -26.78 -26.81 -26.81 -26.75 -26.72 -26.66 -26.62 -26.59 -26.59 -26.53 -26.50 -26.50 -26.50 -26.47 -26.44 -26.41 -26.31 -26.19 -26.06 -26.00 -25.91 -25.78 -25.72 -25.59 -25.53 -25.47 -25.44 -25.31 -25.25 -25.22 -25.16 -25.00 -24.75 -24.66
-26.50 -26.53 -26.59 -26.56 -26.59 -26.66 -26.72 -26.75 -26.78 -26.75 -26.75 -26.78 -26.81 -26.84 -26.84 -26.84 -26.78 -26.69 -26.59 -26.59 -26.59 -26.59 -26.50 -26.47 -26.41 -26.38 -26.34 -26.38 -26.41 -26.44 -26.44 -26.41 -26.41 -26.41 -26.50 -26.56 -26.66 -26.69 -26.72 -26.69 -26.66 -26.59 -26.53 -26.41 -26.38 -26.38 -26.34 -26.34 -26.31 -26.28 -26.34 -26.31 -26.28 -26.22 -26.16 -26.03 -25.91 -25.81 -25.72 -25.56 -25.47 -25.38 -25.44 -25.44 -25.38 -25.28 -25.19 -25.06 -24.88 -24.81 -24.81
-26.38 -26.41 -26.44 -26.50 -26.56 -26.62 -26.62 -26.66 -26.62 -26.59 -26.62 -26.66 -26.72 -26.72 -26.75 -26.75 -26.69 -26.62 -26.47 -26.47 -26.44 -26.38 -26.38 -26.38 -26.34 -26.28 -26.28 -26.28 -26.28 -26.31 -26.31 -26.31 -26.34 -26.31 -26.38 -26.44 -26.50 -26.53 -26.53 -26.56 -26.53 -26.44 -26.31 -26.19 -26.12 -26.19 -26.22 -26.19 -26.16 -26.12 -26.16 -26.16 -26.16 -26.12 -26.09 -26.00 -25.91 -25.78 -25.62 -25.44 -25.28 -25.31 -25.38 -25.44 -25.34 -25.25 -25.09 -24.88 -24.84 -24.84 -24.78
-26.31 -26.34 -26.34 -26.47 -26.53 -26.56 -26.53 -26.50 -26.44 -26.47 -26.53 -26.59 -26.59 -26.62 -26.66 -26.69 -26.66 -26.56 -26.41 -26.28 -26.28 -26.28 -26.28 -26.25 -26.25 -26.22 -26.19 -26.19 -26.16 -26.16 -26.16 -26.19 -26.22 -26.22 -26.22 -26.28 -26.38 -26.41 -26.38 -26.34 -26.28 -26.22 -26.16 -26.09 -26.09 -26.12 -26.12 -26.09 -26.03 -25.97 -25.94 -26.00 -25.97 -25.97 -25.97 -25.91 -25.84 -25.69 -25.50 -25.31 -25.28 -25.34 -25.41 -25.38 -25.31 -25.16 -24.91 -24.72 -24.78 -24.78 -24.75
-26.25 -26.28 -26.34 -26.41 -26.47 -26.47 -26.44 -26.41 -26.34 -26.41 -26.50 -26.53 -26.59 -26.59 -26.59 -26.59 -26.56 -26.47 -26.31 -26.22 -26.19 -26.19 -26.19 -26.22 -26.19 -26.19 -26.19 -26.16 -26.12 -26.12 -26.06 -26.03 -26.09 -26.12 -26.19 -26.22 -26.22 -26.22 -26.16 -26.09 -26.09 -26.06 -26.06 -26.06 -26.06 -26.06 -26.03 -25.97 -25.91 -25.84 -25.84 -25.84 -25.81 -25.84 -25.84 -25.78 -25.72 -25.53 -25.41 -25.38 -25.31 -25.34 -25.28 -25.19 -25.12 -24.94 -24.75 -24.69 -24.69 -24.72 -24.72
-26.16 -26.22 -26.25 -26.28 -26.31 -26.31 -26.28 -26.25 -26.25 -26.31 -26.44 -26.47 -26.53 -26.53 -26.53 -26.53 -26.44 -26.31 -26.28 -26.19 -26.16 -26.12 -26.16 -26.16 -26.19 -26.16 -26.12 -26.09 -26.09 -26.03 -25.97 -25.94 -25.97 -25.97 -25.97 -26.00 -26.00 -25.97 -25.84 -25.88 -25.91 -25.97 -26.00 -26.06 -26.06 -26.00 -25.88 -25.81 -25.78 -25.75 -25.78 -25.72 -25.69 -25.66 -25.62 -25.56 -25.50 -25.50 -25.44 -25.38 -25.34 -25.25 -25.19 -25.09 -24.91 -24.69 -24.62 -24.69 -24.75 -24.66 -24.69
-26.06 -26.12 -26.12 -26.09 -26.06 -26.06 -26.06 -26.03 -26.09 -26.19 -26.28 -26.34 -26.44 -26.47 -26.47 -26.44 -26.31 -26.31 -26.28 -26.25 -26.16 -26.09 -26.03 -26.03 -26.00 -26.00 -26.00 -26.00 -26.00 -25.94 -25.91 -25.78 -25.75 -25.78 -25.78 -25.72 -25.62 -25.53 -25.62 -25.69 -25.78 -25.88 -25.91 -25.94 -25.94 -25.88 -25.81 -25.75 -25.72 -25.69 -25.72 -25.62 -25.53 -25.44 -25.41 -25.41 -25.41 -25.38 -25.41 -25.38 -25.28 -25.25 -25.19 -25.03 -24.81 -24.59 -24.50 -24.66 -24.62 -24.62 -24.69
-25.91 -25.97 -25.97 -25.97 -25.91 -25.91 -25.91 -26.00 -26.03 -26.03 -26.09 -26.19 -26.25 -26.31 -26.28 -26.25 -26.28 -26.28 -26.28 -26.22 -26.16 -26.06 -25.97 -25.91 -25.88 -25.81 -25.81 -25.84 -25.78 -25.75 -25.69 -25.59 -25.56 -25.53 -25.41 -25.31 -25.25 -25.38 -25.56 -25.69 -25.72 -25.75 -25.78 -25.78 -25.72 -25.72 -25.75 -25.75 -25.69 -25.62 -25.53 -25.44 -25.34 -25.28 -25.22 -25.25 -25.25 -25.25 -25.19 -25.16 -25.12 -25.09 -25.06 -24.94 -24.75 -24.62 -24.59 -24.62 -24.56 -24.53 -24.53
-25.72 -25.78 -25.78 -25.75 -25.75 -25.84 -26.00 -26.00 -25.97 -25.91 -25.94 -26.00 -26.06 -26.03 -26.09 -26.22 -26.22 -26.22 -26.19 -26.16 -26.12 -26.09 -26.00 -25.94 -25.84 -25.75 -25.72 -25.66 -25.62 -25.50 -25.41 -25.38 -25.38 -25.28 -25.16 -25.09 -25.28 -25.47 -25.59 -25.59 -25.62 -25.66 -25.66 -25.66 -25.66 -25.59 -25.59 -25.56 -25.56 -25.53 -25.44 -25.38 -25.28 -25.19 -25.19 -25.19 -25.12 -25.09 -24.97 -24.91 -24.94 -24.88 -24.84 -24.72 -24.62 -24.56 -24.69 -24.59 -24.53 -24.50 -24.44
-25.50 -25.59 -25.59 -25.56 -25.66 -25.81 -25.88 -25.84 -25.81 -25.81 -25.91 -25.97 -26.00 -26.03 -26.16 -26.19 -26.16 -26.16 -26.12 -26.12 -26.09 -26.06 -26.00 -25.88 -25.81 -25.75 -25.66 -25.56 -25.53 -25.41 -25.31 -25.28 -25.16 -25.12 -25.06 -25.12 -25.25 -25.38 -25.44 -25.47 -25.50 -25.47 -25.44 -25.44 -25.44 -25.47 -25.47 -25.44 -25.44 -25.38 -25.34 -25.31 -25.28 -25.19 -25.16 -25.12 -25.09 -25.03 -24.88 -24.81 -24.72 -24.69 -24.62 -24.56 -24.53 -24.59 -24.66 -24.59 -24.50 -24.44 -24.44
