everonasctiles/Tile[17,48].asc
ncols 128
nrows 128
xllcorner 0
yllcorner 0
cellsize 2.0
NODATA_value  -9999
[rows 34 to 67 of 128, columns 0 to 75 of 128]
-37.25 -36.81 -36.31 -35.84 -35.38 -34.94 -34.38 -33.88 -33.28 -33.00 -32.69 -32.34 -31.91 -31.47 -30.97 -30.53 -30.41 -30.09 -29.91 -29.72 -29.53 -29.38 -29.25 -28.91 -28.69 -28.69 -28.28 -28.22 -28.22 -28.22 -28.16 -28.00 -28.00 -27.97 -28.00 -28.19 -28.12 -28.00 -28.25 -28.28 -28.56 -28.56 -28.44 -28.56 -28.56 -28.66 -28.81 -28.88 -28.91 -28.75 -29.34 -29.59 -29.28 -28.84 -28.50 -29.00 -29.22 -29.09 -28.53 -27.53 -26.78 -26.56 -26.06 -25.34 -24.69 -23.91 -23.41 -23.09 -22.88 -21.91 -20.81 -19.97 -19.19 -18.81 -18.22 -17.41
-36.84 -36.44 -35.97 -35.47 -35.00 -34.53 -33.97 -33.53 -32.94 -32.53 -32.25 -31.91 -31.41 -30.91 -30.47 -30.06 -29.69 -29.50 -29.31 -29.25 -29.06 -28.69 -28.78 -28.66 -28.31 -28.12 -28.00 -28.16 -28.03 -27.91 -27.84 -27.78 -27.75 -27.69 -27.94 -28.16 -28.19 -28.09 -28.09 -28.25 -28.53 -28.56 -28.62 -28.44 -28.59 -28.50 -28.59 -29.03 -28.72 -29.00 -28.94 -29.16 -28.72 -28.38 -28.56 -28.62 -28.59 -28.25 -27.31 -27.03 -26.56 -26.12 -25.56 -25.06 -24.41 -23.56 -22.84 -22.41 -22.00 -21.31 -20.53 -19.81 -19.22 -18.25 -17.78 -16.62
-36.38 -36.03 -35.59 -35.12 -34.62 -34.12 -33.50 -33.03 -32.53 -32.12 -31.75 -31.38 -31.00 -30.59 -30.19 -29.72 -29.22 -29.00 -28.78 -28.66 -28.53 -28.31 -28.19 -28.16 -27.94 -27.81 -27.69 -27.66 -27.78 -27.84 -27.69 -27.81 -27.94 -27.91 -27.91 -28.09 -28.03 -28.03 -27.94 -28.12 -28.12 -28.19 -28.41 -28.50 -28.50 -28.62 -28.81 -28.34 -28.75 -28.97 -29.03 -28.81 -28.59 -28.56 -28.34 -28.56 -28.22 -27.44 -26.91 -26.59 -26.12 -25.22 -24.78 -24.31 -23.72 -23.56 -22.94 -22.06 -21.47 -20.66 -20.44 -19.59 -18.91 -18.47 -17.75 -16.72
-35.88 -35.56 -35.16 -34.72 -34.19 -33.59 -33.06 -32.69 -32.25 -31.81 -31.25 -30.94 -30.59 -30.22 -29.81 -29.38 -28.88 -28.56 -28.34 -28.09 -28.12 -28.00 -27.88 -28.00 -27.75 -27.44 -27.38 -27.34 -27.31 -27.56 -27.56 -27.66 -27.62 -27.75 -27.72 -27.91 -28.06 -28.22 -28.03 -28.03 -28.12 -28.22 -28.16 -28.22 -28.25 -28.41 -28.25 -28.47 -28.59 -28.62 -28.78 -28.69 -28.53 -28.81 -28.75 -27.94 -27.19 -26.66 -25.97 -25.78 -25.12 -24.66 -24.16 -24.12 -23.56 -22.84 -22.00 -21.44 -20.66 -19.97 -19.41 -18.56 -17.97 -17.75 -17.03 -16.56
-35.38 -35.06 -34.69 -34.22 -33.56 -33.09 -32.47 -32.12 -31.78 -31.38 -30.91 -30.41 -30.00 -29.72 -29.41 -28.97 -28.56 -28.31 -27.91 -27.84 -27.66 -27.66 -27.69 -27.72 -27.62 -27.31 -27.06 -27.06 -26.94 -27.16 -27.19 -27.28 -27.28 -27.53 -27.62 -27.84 -27.88 -27.97 -27.75 -27.91 -28.03 -28.16 -28.34 -28.28 -28.06 -28.22 -27.91 -28.22 -28.25 -28.16 -28.47 -28.62 -28.44 -28.44 -28.28 -27.81 -26.84 -26.34 -25.50 -24.47 -24.12 -24.16 -23.84 -23.16 -23.09 -22.56 -21.66 -21.12 -20.28 -19.31 -18.66 -17.78 -17.09 -16.66 -15.91 -15.25
-34.84 -34.56 -34.03 -33.59 -33.12 -32.62 -32.06 -31.47 -31.03 -30.72 -30.38 -29.91 -29.53 -29.03 -28.62 -28.41 -28.19 -27.84 -27.53 -27.41 -27.41 -27.44 -27.53 -27.59 -27.38 -27.03 -26.72 -26.34 -26.25 -26.22 -26.56 -26.78 -26.84 -27.16 -27.28 -27.41 -27.44 -27.66 -27.75 -27.94 -27.91 -28.09 -27.88 -28.00 -28.28 -28.16 -28.19 -28.19 -27.84 -28.09 -28.25 -28.16 -28.19 -28.00 -27.66 -27.31 -26.59 -25.88 -24.97 -24.44 -24.25 -23.69 -23.38 -23.44 -23.12 -22.25 -21.66 -20.78 -20.06 -19.31 -18.41 -17.41 -16.78 -16.31 -15.78 -15.12
-34.28 -33.94 -33.47 -33.16 -32.66 -32.06 -31.50 -30.81 -30.50 -30.25 -29.91 -29.38 -28.91 -28.59 -28.28 -28.00 -27.78 -27.50 -27.31 -27.25 -27.31 -27.22 -27.12 -27.12 -27.12 -27.03 -26.84 -26.50 -25.97 -25.84 -25.66 -26.09 -26.56 -26.78 -26.94 -27.22 -27.38 -27.00 -27.22 -27.06 -27.22 -27.28 -27.22 -27.28 -27.38 -27.78 -28.09 -28.22 -28.09 -28.34 -28.31 -27.91 -27.47 -27.19 -27.16 -26.50 -25.44 -24.50 -24.69 -24.44 -23.91 -23.62 -23.28 -23.00 -22.59 -22.19 -21.44 -20.59 -19.62 -18.81 -17.94 -17.16 -16.22 -15.94 -15.38 -14.72
-33.69 -33.31 -33.00 -32.53 -31.97 -31.72 -31.09 -30.56 -30.00 -29.69 -29.25 -28.75 -28.41 -28.00 -27.69 -27.44 -27.19 -27.09 -26.94 -26.97 -27.06 -26.94 -26.84 -26.84 -26.84 -26.59 -26.53 -26.22 -25.72 -25.53 -25.72 -25.84 -26.38 -26.94 -27.19 -27.19 -27.31 -27.00 -27.25 -27.38 -27.47 -27.38 -27.31 -27.31 -27.44 -27.72 -27.91 -27.97 -28.00 -28.12 -28.06 -27.66 -27.47 -27.19 -26.84 -26.12 -25.59 -24.94 -24.56 -24.09 -23.66 -23.66 -23.19 -22.81 -22.25 -21.50 -20.84 -20.31 -19.38 -18.66 -17.78 -16.88 -16.31 -15.72 -15.03 -14.44
-33.09 -32.84 -32.50 -32.19 -31.72 -31.25 -30.78 -30.31 -29.75 -29.25 -28.91 -28.38 -27.91 -27.66 -27.25 -26.75 -26.62 -26.56 -26.47 -26.56 -26.44 -26.34 -26.38 -26.44 -26.31 -26.31 -26.28 -26.19 -25.94 -25.69 -25.84 -26.19 -26.44 -26.53 -26.94 -26.97 -27.03 -27.00 -27.12 -27.22 -27.28 -27.34 -27.69 -27.81 -27.72 -27.75 -28.03 -28.03 -28.06 -28.00 -27.88 -27.47 -27.31 -27.44 -26.91 -26.22 -25.56 -24.88 -24.47 -24.03 -23.59 -23.28 -22.94 -22.56 -21.91 -21.47 -20.69 -20.06 -18.97 -18.25 -17.31 -16.72 -16.09 -15.62 -14.81 -14.22
-32.50 -32.41 -32.09 -31.66 -31.16 -30.72 -30.41 -29.88 -29.22 -28.91 -28.41 -28.06 -27.66 -27.22 -27.09 -26.69 -26.56 -26.56 -26.50 -26.34 -26.19 -26.06 -26.09 -26.00 -25.75 -25.84 -26.00 -26.12 -25.97 -25.69 -25.53 -25.88 -26.12 -26.22 -26.47 -26.69 -26.78 -26.94 -26.88 -26.78 -27.06 -27.28 -27.25 -27.38 -27.28 -27.44 -27.47 -27.53 -27.97 -28.03 -27.72 -27.31 -27.06 -26.72 -26.28 -25.78 -24.97 -24.34 -23.75 -23.38 -22.81 -22.88 -22.41 -21.78 -21.31 -20.91 -20.09 -19.50 -18.69 -18.12 -17.25 -16.50 -15.84 -15.09 -14.44 -13.75
-32.00 -31.81 -31.53 -31.12 -30.59 -30.22 -29.97 -29.53 -29.06 -28.53 -28.06 -27.69 -27.34 -27.16 -26.91 -26.53 -26.34 -26.38 -26.25 -25.91 -25.81 -25.78 -25.97 -25.66 -25.66 -25.78 -25.75 -25.97 -26.09 -25.88 -26.00 -26.19 -26.12 -26.22 -26.31 -26.53 -26.44 -26.34 -26.53 -26.69 -26.91 -27.00 -27.03 -26.97 -27.12 -26.94 -27.34 -27.53 -27.72 -27.53 -27.28 -26.97 -26.56 -25.97 -25.44 -24.91 -24.62 -24.06 -23.06 -22.59 -22.53 -22.31 -21.91 -21.59 -21.06 -20.50 -19.69 -19.12 -18.62 -17.97 -16.97 -16.31 -15.66 -14.88 -14.00 -13.12
-31.41 -31.16 -30.91 -30.53 -30.09 -29.75 -29.25 -28.88 -28.66 -28.09 -27.69 -27.38 -27.12 -26.84 -26.62 -26.28 -26.06 -25.97 -25.88 -25.84 -25.81 -25.53 -25.53 -25.59 -25.59 -25.69 -25.75 -25.78 -26.00 -25.84 -25.91 -26.09 -25.97 -26.00 -26.03 -26.34 -26.16 -26.56 -26.47 -26.62 -26.66 -26.72 -26.81 -27.09 -26.94 -26.88 -26.94 -27.03 -27.28 -27.41 -26.94 -26.59 -25.81 -25.56 -24.91 -24.44 -24.09 -23.88 -23.19 -22.72 -22.53 -22.00 -21.72 -21.31 -20.72 -20.19 -19.81 -19.09 -18.47 -17.62 -16.72 -15.91 -15.09 -14.41 -13.53 -12.62
-30.84 -30.53 -30.28 -30.03 -29.56 -29.19 -28.53 -28.25 -27.81 -27.44 -27.12 -26.91 -26.88 -26.62 -26.47 -26.06 -25.75 -25.28 -25.47 -25.53 -25.44 -25.53 -25.38 -25.50 -25.22 -25.62 -25.56 -25.75 -25.94 -25.81 -25.50 -25.69 -25.66 -25.59 -25.62 -25.75 -26.00 -26.09 -26.28 -26.44 -26.25 -26.22 -26.62 -26.91 -26.94 -26.72 -26.69 -27.03 -27.06 -26.84 -26.06 -25.66 -25.75 -25.25 -24.88 -24.41 -23.94 -23.78 -23.00 -22.41 -22.19 -21.81 -21.25 -20.69 -20.19 -19.88 -19.56 -18.81 -18.09 -17.12 -16.34 -15.62 -14.50 -13.78 -13.03 -12.16
-30.28 -29.94 -29.72 -29.47 -29.16 -28.62 -28.00 -27.53 -27.12 -26.75 -26.56 -26.19 -26.31 -26.16 -25.97 -25.69 -25.34 -25.16 -25.34 -25.31 -25.25 -25.38 -25.28 -25.22 -25.22 -25.22 -25.22 -25.31 -25.28 -25.31 -25.34 -25.53 -25.44 -25.41 -25.53 -25.38 -25.53 -26.03 -26.16 -26.28 -26.22 -26.38 -26.53 -26.34 -26.62 -26.72 -26.59 -26.59 -26.59 -26.44 -26.19 -25.75 -25.56 -25.00 -24.53 -24.09 -23.78 -23.50 -22.94 -22.28 -21.78 -21.62 -21.06 -20.38 -19.84 -19.47 -18.94 -18.34 -17.56 -16.56 -15.88 -15.25 -14.25 -13.34 -12.38 -11.72
-29.59 -29.25 -29.06 -28.91 -28.59 -28.22 -27.81 -27.47 -26.94 -26.38 -26.12 -25.94 -25.88 -25.75 -25.62 -25.31 -25.03 -24.84 -24.81 -24.62 -24.69 -24.97 -25.06 -24.94 -24.97 -25.19 -25.16 -25.44 -25.41 -25.03 -25.00 -24.88 -25.06 -25.16 -25.25 -25.38 -25.28 -25.69 -25.72 -25.94 -26.03 -26.03 -25.97 -26.03 -26.56 -26.38 -26.28 -26.12 -26.12 -25.94 -25.81 -25.31 -24.72 -24.38 -24.16 -23.81 -23.59 -23.16 -22.59 -22.22 -21.84 -21.53 -20.94 -20.34 -19.34 -18.72 -18.50 -18.00 -17.19 -16.09 -15.50 -14.75 -13.81 -12.84 -11.84 -11.09
-29.28 -28.94 -28.59 -28.09 -27.81 -27.62 -27.19 -26.97 -26.53 -26.25 -25.69 -25.94 -25.81 -25.66 -25.31 -25.22 -25.09 -24.62 -24.59 -24.59 -24.59 -24.50 -24.47 -24.47 -24.47 -24.62 -24.81 -25.06 -25.06 -25.06 -24.69 -24.44 -24.62 -24.81 -24.94 -25.00 -24.75 -25.06 -25.09 -25.34 -25.66 -25.91 -26.06 -26.09 -25.94 -25.72 -25.62 -25.47 -25.44 -25.41 -25.19 -25.06 -24.28 -23.66 -23.41 -23.22 -22.97 -22.50 -22.16 -21.84 -21.38 -21.09 -20.72 -20.09 -19.41 -18.72 -18.03 -17.50 -16.66 -15.91 -15.03 -13.91 -13.03 -12.09 -11.25 -10.50
-28.84 -28.44 -28.12 -27.72 -27.56 -27.31 -26.84 -26.28 -26.19 -26.03 -25.47 -25.47 -25.28 -25.03 -24.94 -25.19 -24.62 -24.44 -24.41 -24.50 -24.44 -24.22 -24.28 -24.38 -24.62 -24.84 -24.78 -24.94 -24.66 -24.56 -24.16 -23.97 -24.06 -24.66 -24.75 -24.75 -24.88 -24.84 -25.12 -25.12 -25.25 -25.53 -25.66 -25.69 -25.75 -25.78 -25.41 -25.16 -25.47 -25.25 -24.69 -24.41 -23.62 -23.16 -22.97 -22.69 -22.38 -21.69 -21.56 -20.97 -20.47 -20.31 -20.12 -19.62 -18.88 -18.25 -17.66 -17.06 -16.34 -15.56 -14.69 -13.69 -12.59 -11.59 -10.66 -9.78
-28.59 -28.16 -27.72 -27.41 -27.16 -26.81 -26.22 -25.94 -25.91 -25.59 -25.44 -25.25 -25.03 -24.84 -24.91 -24.91 -24.50 -24.38 -24.19 -24.31 -24.12 -24.19 -24.09 -24.44 -24.47 -24.38 -24.44 -24.31 -24.09 -23.84 -24.03 -23.81 -23.84 -24.47 -24.50 -24.53 -24.81 -24.94 -25.22 -25.41 -25.25 -25.50 -25.78 -25.84 -25.81 -25.78 -25.81 -25.50 -25.19 -25.03 -24.56 -24.22 -23.88 -23.41 -22.69 -22.59 -22.56 -22.19 -21.66 -21.03 -20.34 -19.75 -19.56 -18.94 -18.44 -17.88 -17.41 -16.62 -15.81 -15.16 -14.19 -13.22 -12.06 -10.84 -9.88 -8.94
-28.28 -27.78 -27.38 -27.00 -26.62 -26.28 -25.91 -25.66 -25.44 -25.16 -25.06 -25.09 -24.94 -24.81 -24.88 -24.53 -24.38 -24.25 -24.22 -23.97 -24.00 -24.12 -23.81 -24.25 -23.91 -23.75 -23.72 -23.78 -23.56 -23.28 -23.50 -23.69 -23.50 -24.03 -24.25 -24.31 -24.56 -24.88 -24.94 -25.09 -25.25 -25.47 -25.62 -25.62 -25.62 -25.66 -25.56 -25.28 -25.00 -24.53 -24.19 -23.62 -23.47 -23.22 -23.19 -22.75 -22.38 -21.91 -21.69 -21.25 -20.62 -19.72 -19.34 -18.72 -18.00 -17.53 -17.00 -16.31 -15.56 -14.66 -13.47 -12.41 -11.19 -10.03 -8.97 -8.03
-27.81 -27.38 -27.06 -26.41 -26.03 -25.62 -25.53 -25.34 -25.22 -25.19 -24.97 -25.00 -24.88 -24.69 -24.72 -24.75 -24.81 -24.62 -24.59 -24.38 -24.19 -24.16 -24.06 -24.12 -23.84 -23.59 -23.31 -23.66 -23.25 -23.19 -23.00 -23.19 -23.47 -23.59 -23.62 -23.72 -24.28 -24.66 -24.62 -24.88 -25.06 -25.25 -25.53 -25.53 -25.31 -25.19 -25.03 -24.69 -24.31 -24.00 -23.84 -23.38 -23.19 -22.75 -22.81 -22.41 -22.19 -21.78 -21.00 -20.38 -20.22 -19.56 -19.03 -18.22 -17.41 -16.69 -16.38 -15.72 -14.94 -14.12 -12.91 -11.72 -10.53 -9.56 -8.47 -7.34
-27.25 -27.06 -26.47 -25.81 -25.69 -25.47 -25.22 -25.06 -25.00 -25.06 -25.00 -25.00 -24.81 -24.69 -24.81 -24.59 -24.66 -24.56 -24.53 -24.44 -24.31 -24.22 -24.19 -24.03 -23.97 -23.53 -23.41 -23.88 -24.06 -23.97 -23.84 -23.78 -23.75 -23.44 -22.94 -23.06 -23.72 -24.03 -24.28 -24.38 -24.69 -24.81 -25.19 -25.28 -25.09 -24.84 -24.59 -24.19 -24.00 -23.38 -23.34 -23.22 -22.88 -22.38 -22.19 -22.03 -21.75 -21.41 -20.69 -20.03 -19.66 -19.22 -18.75 -17.84 -17.00 -16.22 -15.59 -14.78 -14.12 -13.25 -12.16 -11.12 -9.94 -8.88 -7.59 -6.66
-27.06 -26.34 -25.81 -25.50 -25.41 -25.31 -25.19 -25.00 -24.72 -24.81 -24.84 -24.72 -24.69 -24.72 -24.75 -24.59 -24.56 -24.31 -24.34 -24.34 -24.22 -24.31 -24.31 -24.28 -24.19 -24.03 -24.06 -23.78 -23.94 -24.03 -23.97 -23.97 -24.03 -24.03 -23.78 -23.84 -23.69 -23.88 -24.12 -24.34 -24.38 -24.31 -24.69 -24.72 -24.88 -24.53 -24.03 -23.44 -23.19 -23.06 -22.91 -22.66 -22.47 -21.97 -21.53 -21.22 -21.03 -20.62 -20.03 -19.62 -19.31 -19.03 -18.19 -17.31 -16.53 -15.84 -15.00 -13.78 -12.81 -11.88 -11.09 -10.12 -9.12 -8.12 -7.16 -6.44
-26.59 -25.94 -25.69 -25.59 -25.38 -25.34 -25.03 -24.88 -24.59 -24.72 -24.66 -24.56 -24.47 -24.38 -24.19 -24.19 -24.16 -24.47 -24.28 -24.31 -24.22 -24.12 -24.03 -24.16 -23.66 -23.94 -24.03 -24.03 -24.03 -23.97 -23.97 -23.97 -24.03 -24.03 -24.00 -23.97 -24.00 -23.78 -24.00 -24.00 -24.06 -24.12 -24.19 -24.34 -24.34 -24.03 -23.59 -23.28 -22.72 -22.56 -22.53 -22.47 -21.88 -21.47 -21.19 -20.84 -20.47 -20.19 -19.59 -19.03 -18.56 -18.16 -17.50 -16.91 -15.97 -15.47 -14.06 -13.09 -12.22 -11.28 -10.06 -9.09 -8.34 -7.50 -6.62 -5.78
-26.06 -25.84 -25.75 -25.69 -25.62 -25.41 -25.06 -24.81 -24.84 -24.72 -24.69 -24.62 -24.47 -24.28 -23.81 -23.78 -23.97 -24.25 -24.34 -24.34 -24.09 -23.94 -23.94 -23.88 -23.66 -23.53 -23.50 -23.38 -23.78 -24.12 -24.09 -24.06 -24.12 -23.97 -23.94 -24.00 -23.97 -23.84 -23.69 -23.94 -24.00 -24.03 -24.12 -24.19 -23.88 -23.53 -23.16 -22.69 -22.44 -22.28 -22.09 -21.81 -21.28 -21.28 -21.22 -20.81 -19.97 -19.72 -18.97 -18.41 -17.94 -17.38 -16.66 -15.84 -15.12 -14.31 -13.34 -12.31 -11.56 -10.44 -9.31 -8.41 -7.44 -6.75 -5.84 -5.31
-25.88 -25.66 -25.53 -25.31 -25.25 -25.09 -24.84 -24.59 -24.75 -24.53 -24.59 -24.78 -24.75 -24.44 -24.19 -23.88 -24.03 -24.00 -24.22 -24.38 -24.25 -24.12 -23.78 -23.69 -23.94 -24.06 -24.06 -24.00 -24.03 -24.03 -23.94 -23.75 -23.91 -23.88 -23.66 -23.66 -23.75 -23.69 -23.75 -23.78 -23.75 -23.75 -23.62 -23.50 -23.41 -23.06 -22.59 -22.22 -22.09 -21.78 -21.38 -21.19 -21.19 -20.84 -20.56 -20.31 -19.66 -19.19 -18.56 -17.88 -17.16 -16.75 -16.03 -15.16 -14.28 -13.25 -12.16 -11.34 -10.38 -9.28 -8.34 -7.66 -6.81 -6.00 -5.19 -4.50
-25.44 -25.12 -24.97 -25.09 -24.91 -24.84 -24.75 -24.53 -24.41 -24.59 -24.62 -24.72 -24.56 -24.56 -24.44 -24.31 -24.22 -24.28 -24.44 -24.25 -24.19 -23.47 -23.50 -23.50 -23.56 -23.69 -24.03 -23.88 -23.88 -24.00 -24.12 -23.94 -23.75 -23.28 -23.19 -23.50 -23.53 -23.66 -23.78 -23.72 -23.62 -23.38 -23.12 -22.97 -22.94 -22.62 -22.38 -22.19 -21.78 -21.56 -21.31 -20.91 -20.72 -20.59 -20.12 -19.59 -19.16 -18.62 -18.03 -17.16 -16.50 -16.09 -15.34 -14.25 -13.09 -12.31 -11.28 -10.41 -9.38 -8.56 -7.84 -6.84 -6.03 -5.41 -4.66 -3.97
-24.91 -24.81 -24.66 -24.69 -24.62 -24.66 -24.50 -24.53 -24.50 -24.59 -24.50 -24.41 -24.50 -24.41 -24.22 -24.12 -24.09 -24.25 -24.34 -24.25 -24.06 -24.06 -24.00 -23.94 -23.84 -23.91 -23.81 -23.97 -24.12 -24.19 -24.03 -23.94 -23.72 -23.56 -23.44 -23.66 -23.53 -23.62 -23.47 -23.44 -23.31 -22.94 -22.75 -22.53 -22.41 -22.19 -21.88 -21.62 -21.41 -21.16 -20.72 -20.41 -20.12 -19.88 -19.56 -18.97 -18.50 -17.94 -17.00 -16.28 -15.81 -15.16 -14.31 -13.28 -12.44 -11.72 -10.72 -9.81 -8.56 -7.88 -7.22 -6.47 -5.75 -4.94 -4.34 -3.66
-24.75 -24.56 -24.34 -24.50 -24.38 -24.44 -24.16 -24.06 -24.25 -24.25 -24.44 -24.44 -24.22 -24.16 -24.19 -23.97 -24.00 -24.12 -24.06 -24.16 -23.97 -23.91 -24.12 -23.84 -23.62 -24.00 -23.97 -23.97 -24.19 -24.12 -23.97 -23.88 -23.72 -23.38 -23.38 -23.41 -23.59 -23.53 -23.31 -23.28 -23.16 -22.94 -22.75 -22.34 -22.12 -21.97 -21.59 -21.28 -21.06 -20.59 -20.22 -19.75 -19.41 -19.25 -18.84 -18.59 -17.97 -17.25 -16.62 -15.66 -14.94 -14.31 -13.53 -12.47 -11.53 -10.69 -9.94 -9.03 -7.97 -7.09 -6.28 -5.69 -5.09 -4.31 -3.69 -3.00
-24.53 -24.06 -23.91 -23.88 -23.91 -24.16 -24.12 -24.03 -24.19 -24.19 -23.97 -23.84 -23.44 -23.59 -23.66 -23.59 -23.75 -23.91 -24.09 -24.16 -24.16 -24.16 -24.00 -23.94 -23.62 -23.97 -23.94 -24.06 -24.00 -24.06 -23.91 -23.94 -23.69 -23.34 -23.31 -23.41 -23.41 -23.25 -23.09 -23.00 -22.88 -22.69 -22.44 -22.28 -22.03 -21.75 -21.31 -20.97 -20.53 -20.16 -19.66 -19.25 -19.03 -18.72 -18.31 -17.97 -17.41 -16.69 -15.91 -14.91 -14.16 -13.50 -12.81 -11.78 -11.09 -10.12 -9.19 -8.31 -7.44 -6.44 -5.69 -5.12 -4.44 -3.84 -3.22 -2.50
-24.62 -24.25 -24.00 -23.69 -23.59 -23.66 -24.03 -23.97 -23.72 -23.84 -23.97 -23.97 -23.78 -23.75 -23.59 -23.41 -23.50 -23.53 -23.53 -23.69 -23.75 -23.69 -23.69 -23.56 -23.53 -23.78 -23.72 -24.00 -24.00 -23.84 -23.69 -23.59 -23.62 -23.44 -23.44 -23.34 -23.34 -23.03 -22.91 -22.69 -22.38 -22.31 -22.03 -21.84 -21.84 -21.56 -21.09 -20.62 -20.25 -19.72 -19.53 -18.97 -18.56 -18.16 -17.84 -17.22 -16.47 -15.81 -15.12 -14.12 -13.28 -12.59 -11.81 -10.91 -10.44 -9.69 -8.94 -7.66 -6.91 -5.94 -5.16 -4.41 -3.69 -3.09 -2.59 -2.03
-24.47 -24.28 -24.09 -23.91 -23.75 -23.72 -23.66 -23.56 -23.69 -23.62 -23.78 -23.84 -23.72 -23.66 -23.62 -23.56 -23.59 -23.59 -23.41 -23.62 -23.50 -23.44 -23.56 -23.56 -23.56 -23.69 -24.00 -23.88 -24.00 -24.03 -24.03 -23.72 -23.50 -23.41 -23.44 -23.31 -23.03 -22.84 -22.62 -22.50 -22.09 -21.91 -21.84 -21.59 -21.50 -21.12 -20.69 -20.44 -19.97 -19.59 -19.25 -18.78 -18.06 -17.47 -17.16 -16.66 -15.91 -14.97 -14.28 -13.44 -12.75 -11.97 -11.00 -10.16 -9.72 -9.19 -8.25 -7.09 -6.34 -5.47 -4.75 -4.03 -3.28 -2.66 -2.06 -1.59
-24.16 -23.97 -23.88 -23.62 -23.56 -23.44 -23.22 -23.09 -23.28 -23.41 -23.53 -23.62 -23.47 -23.44 -23.28 -23.09 -23.22 -23.16 -23.28 -23.38 -23.44 -23.41 -23.62 -23.66 -23.53 -23.50 -23.72 -23.94 -23.81 -23.81 -23.69 -23.59 -23.41 -23.34 -23.25 -23.06 -23.06 -22.78 -22.56 -22.38 -22.00 -21.69 -21.44 -21.28 -21.31 -20.94 -20.44 -19.97 -19.38 -19.06 -18.59 -18.41 -17.72 -17.09 -16.66 -16.00 -15.06 -14.34 -13.50 -12.62 -11.88 -11.00 -10.12 -9.75 -9.06 -8.34 -7.66 -6.78 -5.88 -4.97 -4.28 -3.56 -2.91 -2.16 -1.53 -1.00
-23.97 -24.03 -23.81 -23.69 -23.47 -23.16 -22.78 -22.88 -23.12 -23.00 -23.03 -23.09 -23.38 -23.31 -23.22 -22.97 -23.00 -23.09 -23.25 -23.28 -23.31 -23.31 -23.38 -23.59 -23.47 -23.56 -23.75 -23.62 -23.53 -23.53 -23.47 -23.50 -23.56 -23.34 -23.03 -22.84 -22.88 -22.75 -22.66 -22.19 -21.75 -21.34 -21.22 -21.19 -20.94 -20.56 -20.25 -19.78 -19.38 -19.03 -18.44 -17.94 -17.28 -16.66 -16.09 -15.53 -14.75 -13.78 -12.72 -11.88 -11.25 -10.53 -9.81 -9.09 -8.56 -7.91 -7.16 -6.38 -5.59 -4.56 -3.91 -3.09 -2.34 -1.72 -1.06 -0.78
-23.72 -23.66 -23.50 -23.50 -23.25 -23.16 -22.88 -22.84 -22.75 -22.75 -22.91 -22.78 -23.06 -23.09 -22.91 -22.81 -22.78 -22.81 -22.91 -23.09 -23.12 -23.09 -23.16 -23.25 -23.16 -23.41 -23.62 -23.50 -23.47 -23.47 -23.56 -23.47 -23.28 -23.16 -23.00 -22.81 -22.75 -22.59 -22.38 -22.00 -21.59 -21.41 -21.31 -21.22 -20.75 -20.34 -19.78 -19.16 -18.91 -18.53 -17.84 -17.34 -16.75 -16.19 -15.62 -14.94 -14.06 -13.25 -12.12 -11.50 -10.84 -10.03 -9.31 -8.56 -8.00 -7.41 -6.84 -6.00 -5.03 -4.00 -3.25 -2.53 -2.03 -1.34 -0.91 -0.62
