everonasctiles/Tile20,25.asc
ncols 128
nrows 128
xllcorner 0
yllcorner 0
cellsize 2.0
NODATA_value  -9999
[rows 34 to 67 of 128, columns 0 to 75 of 128]
108.25 108.94 109.28 109.09 108.91 108.72 108.53 108.34 108.16 107.97 107.81 107.66 107.38 106.88 106.31 105.88 106.09 106.34 106.59 106.69 106.81 106.94 107.00 107.03 106.94 106.78 106.50 106.09 105.62 105.28 104.91 104.50 104.03 103.66 103.56 103.47 103.41 103.34 103.28 103.22 103.19 103.16 103.12 103.09 103.06 103.06 103.06 103.06 103.09 103.12 103.16 103.19 103.22 103.28 103.34 103.41 103.47 103.56 103.62 103.72 103.84 103.94 104.06 104.16 104.28 104.41 104.56 104.69 104.84 105.00 105.16 105.31 105.47 105.62 105.78 105.94
107.94 108.09 108.69 108.88 108.69 108.50 108.31 108.12 107.94 107.78 107.62 107.47 107.28 107.00 106.47 105.62 105.31 105.84 106.22 106.34 106.47 106.59 106.75 106.81 106.72 106.41 105.97 105.38 104.97 104.62 104.22 103.78 103.47 103.41 103.31 103.25 103.19 103.12 103.06 103.03 102.97 102.94 102.91 102.91 102.88 102.88 102.88 102.88 102.88 102.91 102.94 102.97 103.00 103.06 103.12 103.19 103.25 103.34 103.41 103.50 103.59 103.72 103.81 103.94 104.06 104.19 104.34 104.47 104.62 104.78 104.91 105.06 105.25 105.41 105.56 105.72
107.78 107.72 107.94 108.41 108.44 108.25 108.09 107.94 107.75 107.59 107.44 107.28 107.09 106.94 106.62 105.97 105.38 105.53 105.78 105.94 106.06 106.16 106.22 106.25 106.22 105.62 105.06 104.66 104.38 104.00 103.62 103.38 103.28 103.19 103.12 103.03 102.97 102.94 102.88 102.81 102.78 102.75 102.72 102.69 102.69 102.66 102.66 102.66 102.69 102.69 102.72 102.75 102.78 102.84 102.91 102.97 103.03 103.09 103.19 103.28 103.38 103.50 103.59 103.72 103.84 103.97 104.12 104.25 104.41 104.56 104.69 104.84 105.00 105.19 105.34 105.50
107.62 107.53 107.47 107.75 108.12 108.06 107.91 107.75 107.56 107.41 107.25 107.09 106.91 106.75 106.59 106.25 105.66 105.06 105.28 105.53 105.62 105.69 105.69 105.56 105.38 104.69 104.19 103.94 103.75 103.47 103.38 103.22 103.09 103.00 102.94 102.88 102.81 102.75 102.69 102.62 102.59 102.56 102.53 102.50 102.47 102.47 102.44 102.44 102.47 102.47 102.50 102.53 102.56 102.62 102.66 102.72 102.78 102.88 102.97 103.06 103.16 103.25 103.38 103.50 103.62 103.75 103.88 104.03 104.19 104.31 104.47 104.62 104.78 104.94 105.09 105.28
107.47 107.41 107.31 107.25 107.56 107.81 107.72 107.56 107.38 107.22 107.06 106.88 106.72 106.56 106.41 106.22 105.84 105.12 104.66 105.09 105.22 105.28 105.22 105.06 104.72 104.09 103.62 103.47 103.38 103.28 103.16 103.03 102.94 102.84 102.75 102.69 102.62 102.56 102.50 102.44 102.41 102.34 102.31 102.28 102.28 102.25 102.25 102.25 102.25 102.25 102.28 102.31 102.34 102.38 102.44 102.50 102.56 102.62 102.72 102.81 102.94 103.03 103.16 103.28 103.41 103.53 103.66 103.81 103.97 104.09 104.25 104.41 104.56 104.72 104.88 105.03
107.34 107.28 107.19 107.12 107.09 107.34 107.50 107.34 107.19 107.03 106.88 106.69 106.53 106.38 106.22 106.03 105.84 105.44 104.75 104.53 104.88 104.91 104.81 104.62 104.28 103.66 103.38 103.28 103.22 103.09 103.00 102.88 102.78 102.69 102.59 102.53 102.44 102.38 102.31 102.25 102.22 102.16 102.12 102.09 102.06 102.03 102.03 102.03 102.03 102.03 102.06 102.06 102.09 102.16 102.19 102.25 102.31 102.41 102.50 102.59 102.69 102.81 102.91 103.03 103.16 103.31 103.44 103.59 103.72 103.88 104.03 104.19 104.34 104.50 104.66 104.81
107.22 107.12 107.06 106.97 106.91 106.88 107.09 107.16 107.00 106.84 106.69 106.50 106.34 106.19 106.03 105.84 105.69 105.50 105.06 104.59 104.53 104.69 104.53 104.28 103.94 103.50 103.34 103.28 103.12 102.97 102.84 102.72 102.62 102.53 102.44 102.34 102.28 102.22 102.12 102.06 102.00 101.97 101.91 101.88 101.84 101.81 101.81 101.81 101.78 101.81 101.81 101.84 101.88 101.91 101.97 102.03 102.09 102.16 102.25 102.34 102.44 102.56 102.69 102.81 102.94 103.06 103.22 103.38 103.50 103.66 103.81 103.97 104.12 104.28 104.44 104.59
107.06 106.97 106.88 106.81 106.72 106.66 106.69 106.81 106.81 106.66 106.50 106.31 106.16 106.00 105.84 105.66 105.50 105.34 105.12 104.75 104.53 104.47 104.28 103.97 103.66 103.44 103.34 103.25 103.03 102.84 102.72 102.59 102.50 102.38 102.28 102.19 102.12 102.03 101.94 101.88 101.81 101.75 101.72 101.66 101.62 101.59 101.59 101.56 101.56 101.56 101.59 101.59 101.62 101.66 101.72 101.78 101.84 101.91 102.00 102.09 102.22 102.34 102.44 102.59 102.72 102.84 103.00 103.12 103.28 103.44 103.59 103.75 103.91 104.06 104.22 104.38
106.91 106.81 106.72 106.66 106.53 106.44 106.41 106.41 106.53 106.47 106.31 106.12 105.97 105.81 105.66 105.47 105.31 105.16 104.97 104.75 104.47 104.28 103.97 103.56 103.22 103.09 103.12 103.16 102.91 102.75 102.59 102.47 102.34 102.25 102.12 102.03 101.94 101.84 101.78 101.69 101.62 101.56 101.50 101.47 101.41 101.38 101.38 101.34 101.34 101.34 101.34 101.34 101.38 101.41 101.47 101.53 101.59 101.69 101.78 101.88 101.97 102.09 102.22 102.34 102.47 102.62 102.78 102.91 103.06 103.22 103.38 103.53 103.69 103.84 104.00 104.16
106.72 106.62 106.53 106.47 106.34 106.25 106.19 106.09 106.12 106.19 106.12 105.94 105.78 105.62 105.44 105.28 105.12 104.97 104.78 104.62 104.38 104.06 103.62 103.22 102.84 102.69 102.81 102.94 102.78 102.62 102.47 102.34 102.22 102.09 101.97 101.88 101.75 101.66 101.59 101.50 101.44 101.34 101.31 101.25 101.19 101.16 101.12 101.12 101.09 101.09 101.09 101.12 101.12 101.16 101.22 101.28 101.34 101.44 101.53 101.62 101.75 101.84 102.00 102.12 102.25 102.41 102.53 102.69 102.84 103.00 103.16 103.31 103.47 103.62 103.78 103.94
106.53 106.44 106.31 106.22 106.16 106.06 105.97 105.91 105.81 105.81 105.88 105.75 105.59 105.44 105.25 105.09 104.94 104.78 104.59 104.44 104.28 103.97 103.44 102.88 102.47 102.31 102.28 102.47 102.62 102.47 102.31 102.19 102.06 101.94 101.81 101.69 101.59 101.47 101.38 101.31 101.22 101.16 101.09 101.03 100.97 100.94 100.91 100.88 100.84 100.84 100.84 100.84 100.88 100.91 100.97 101.03 101.09 101.19 101.28 101.38 101.50 101.62 101.75 101.88 102.03 102.19 102.31 102.47 102.62 102.78 102.94 103.09 103.25 103.41 103.56 103.69
106.34 106.22 106.12 105.97 105.88 105.84 105.75 105.69 105.59 105.44 105.47 105.53 105.41 105.25 105.06 104.91 104.75 104.59 104.41 104.25 104.09 103.91 103.53 102.75 102.19 101.97 101.84 101.91 102.16 102.31 102.16 102.03 101.91 101.75 101.62 101.50 101.41 101.28 101.19 101.09 101.00 100.94 100.88 100.81 100.75 100.72 100.66 100.62 100.62 100.59 100.59 100.59 100.62 100.66 100.69 100.75 100.84 100.94 101.03 101.16 101.25 101.41 101.53 101.66 101.81 101.94 102.09 102.25 102.41 102.56 102.72 102.88 103.03 103.19 103.34 103.47
106.19 106.03 105.94 105.81 105.69 105.62 105.53 105.44 105.34 105.22 105.09 105.12 105.19 105.06 104.88 104.72 104.56 104.41 104.22 104.06 103.91 103.72 103.56 103.03 102.19 101.78 101.56 101.47 101.62 101.88 101.94 101.84 101.72 101.56 101.44 101.31 101.19 101.09 101.00 100.91 100.81 100.72 100.66 100.59 100.53 100.47 100.44 100.41 100.38 100.34 100.34 100.34 100.38 100.41 100.44 100.50 100.59 100.69 100.78 100.91 101.03 101.16 101.28 101.44 101.59 101.72 101.88 102.03 102.19 102.34 102.50 102.66 102.81 102.97 103.12 103.25
106.03 105.91 105.75 105.66 105.53 105.41 105.31 105.22 105.12 105.00 104.84 104.72 104.78 104.84 104.69 104.53 104.38 104.22 104.03 103.88 103.72 103.53 103.38 103.16 102.56 101.78 101.41 101.25 101.22 101.34 101.53 101.56 101.50 101.38 101.25 101.12 101.00 100.88 100.78 100.69 100.59 100.50 100.44 100.34 100.28 100.25 100.19 100.16 100.12 100.09 100.09 100.09 100.09 100.12 100.19 100.25 100.34 100.44 100.56 100.66 100.81 100.94 101.06 101.22 101.38 101.50 101.66 101.81 101.97 102.12 102.28 102.44 102.59 102.75 102.91 103.03
105.88 105.75 105.62 105.47 105.38 105.22 105.09 105.00 104.88 104.78 104.62 104.47 104.34 104.44 104.50 104.34 104.19 104.00 103.84 103.69 103.53 103.34 103.19 103.03 102.78 102.16 101.47 101.12 100.97 100.91 101.03 101.19 101.19 101.12 101.00 100.91 100.78 100.69 100.56 100.47 100.38 100.28 100.19 100.12 100.06 100.00 99.94 99.91 99.88 99.84 99.84 99.81 99.84 99.88 99.94 100.00 100.09 100.19 100.31 100.44 100.56 100.72 100.84 101.00 101.16 101.28 101.44 101.59 101.75 101.94 102.09 102.25 102.38 102.53 102.69 102.81
105.75 105.62 105.50 105.34 105.22 105.06 104.91 104.78 104.66 104.56 104.41 104.25 104.09 104.03 104.16 104.16 104.00 103.81 103.66 103.50 103.34 103.16 103.00 102.84 102.69 102.41 101.72 101.12 100.81 100.66 100.59 100.69 100.81 100.81 100.75 100.66 100.56 100.47 100.34 100.25 100.16 100.06 99.97 99.91 99.81 99.75 99.72 99.66 99.62 99.59 99.56 99.56 99.59 99.62 99.66 99.75 99.84 99.97 100.09 100.22 100.34 100.47 100.62 100.78 100.94 101.09 101.25 101.41 101.56 101.72 101.88 102.03 102.19 102.31 102.47 102.59
105.62 105.53 105.38 105.25 105.09 104.94 104.78 104.66 104.50 104.34 104.22 104.06 103.91 103.78 103.75 103.84 103.81 103.62 103.47 103.31 103.16 103.00 102.81 102.66 102.50 102.34 102.00 101.28 100.84 100.50 100.28 100.22 100.34 100.47 100.47 100.41 100.34 100.25 100.16 100.03 99.94 99.84 99.75 99.66 99.59 99.53 99.47 99.41 99.38 99.34 99.31 99.31 99.31 99.34 99.44 99.50 99.62 99.72 99.84 100.00 100.12 100.25 100.41 100.56 100.72 100.88 101.03 101.19 101.34 101.50 101.66 101.81 101.97 102.09 102.25 102.38
105.50 105.41 105.28 105.16 105.00 104.84 104.69 104.53 104.38 104.22 104.06 103.91 103.78 103.62 103.50 103.50 103.53 103.44 103.28 103.12 102.97 102.81 102.66 102.47 102.31 102.16 102.00 101.62 101.03 100.50 100.09 99.91 99.81 99.97 100.12 100.12 100.09 100.03 99.94 99.81 99.72 99.62 99.53 99.44 99.34 99.28 99.22 99.16 99.12 99.09 99.06 99.06 99.06 99.12 99.19 99.28 99.41 99.50 99.62 99.75 99.91 100.03 100.19 100.34 100.50 100.66 100.81 100.97 101.12 101.28 101.44 101.59 101.75 101.91 102.03 102.16
105.34 105.28 105.19 105.06 104.91 104.75 104.59 104.41 104.25 104.06 103.91 103.75 103.62 103.50 103.38 103.25 103.25 103.22 103.09 102.94 102.78 102.62 102.47 102.31 102.16 101.97 101.81 101.66 101.28 100.66 100.06 99.62 99.34 99.34 99.59 99.81 99.84 99.81 99.72 99.62 99.50 99.41 99.31 99.22 99.12 99.06 99.00 98.94 98.88 98.84 98.81 98.81 98.84 98.91 98.97 99.06 99.19 99.28 99.41 99.56 99.69 99.81 99.97 100.12 100.28 100.44 100.59 100.75 100.91 101.06 101.22 101.38 101.53 101.69 101.81 101.94
105.22 105.12 105.03 104.94 104.81 104.66 104.50 104.34 104.16 103.97 103.78 103.62 103.50 103.34 103.22 103.12 103.03 103.00 102.91 102.75 102.59 102.44 102.28 102.12 101.97 101.81 101.66 101.47 101.31 100.91 100.19 99.50 99.06 98.91 99.03 99.34 99.59 99.59 99.53 99.44 99.31 99.19 99.09 98.97 98.91 98.81 98.75 98.69 98.66 98.62 98.62 98.59 98.62 98.69 98.75 98.84 98.97 99.06 99.19 99.34 99.47 99.62 99.75 99.91 100.06 100.22 100.38 100.53 100.72 100.88 101.03 101.19 101.31 101.47 101.59 101.72
105.06 105.00 104.91 104.81 104.69 104.56 104.41 104.22 104.06 103.88 103.69 103.53 103.38 103.25 103.12 103.03 102.91 102.78 102.72 102.59 102.41 102.25 102.09 101.94 101.78 101.62 101.47 101.31 101.12 100.97 100.47 99.59 98.97 98.72 98.66 98.91 99.25 99.41 99.38 99.28 99.12 99.00 98.88 98.75 98.66 98.59 98.53 98.50 98.44 98.44 98.41 98.41 98.41 98.47 98.53 98.62 98.75 98.88 99.00 99.12 99.25 99.41 99.56 99.69 99.84 100.00 100.16 100.34 100.50 100.66 100.81 100.97 101.09 101.25 101.38 101.47
104.91 104.84 104.75 104.66 104.56 104.44 104.28 104.12 103.94 103.75 103.59 103.44 103.28 103.16 103.03 102.91 102.78 102.66 102.56 102.41 102.25 102.06 101.91 101.75 101.59 101.44 101.28 101.12 100.97 100.81 100.59 99.94 99.12 98.72 98.56 98.53 98.66 98.91 99.12 99.16 99.00 98.81 98.66 98.53 98.44 98.34 98.31 98.28 98.25 98.22 98.19 98.19 98.19 98.25 98.34 98.44 98.53 98.66 98.78 98.91 99.06 99.19 99.34 99.50 99.62 99.81 99.97 100.12 100.28 100.44 100.59 100.75 100.88 101.03 101.12 101.25
104.75 104.69 104.59 104.53 104.41 104.28 104.16 104.00 103.84 103.66 103.50 103.34 103.19 103.06 102.91 102.78 102.66 102.53 102.41 102.28 102.12 101.91 101.75 101.56 101.41 101.25 101.09 100.94 100.78 100.62 100.47 100.22 99.62 98.94 98.56 98.34 98.25 98.34 98.59 98.81 98.88 98.69 98.47 98.28 98.19 98.09 98.06 98.06 98.03 98.00 98.00 97.97 98.00 98.06 98.16 98.25 98.34 98.47 98.59 98.72 98.84 98.97 99.12 99.28 99.44 99.59 99.75 99.91 100.06 100.22 100.38 100.53 100.66 100.78 100.91 101.00
104.59 104.53 104.47 104.38 104.25 104.16 104.00 103.88 103.72 103.56 103.41 103.22 103.09 102.94 102.81 102.69 102.53 102.41 102.28 102.19 102.03 101.78 101.56 101.41 101.25 101.06 100.91 100.75 100.59 100.44 100.28 100.12 99.88 99.31 98.75 98.28 98.00 97.88 98.03 98.34 98.50 98.41 98.34 97.97 97.88 97.84 97.84 97.84 97.81 97.81 97.78 97.78 97.81 97.88 97.94 98.03 98.16 98.28 98.38 98.50 98.62 98.78 98.91 99.06 99.22 99.38 99.53 99.69 99.84 100.00 100.16 100.28 100.44 100.56 100.66 100.78
104.44 104.38 104.31 104.22 104.12 104.00 103.88 103.75 103.59 103.44 103.28 103.12 102.97 102.84 102.69 102.56 102.41 102.31 102.16 102.03 101.91 101.75 101.47 101.22 101.06 100.91 100.72 100.56 100.41 100.25 100.09 99.94 99.78 99.50 99.06 98.44 97.88 97.53 97.50 97.62 97.88 98.00 98.00 97.56 97.50 97.53 97.59 97.62 97.62 97.59 97.56 97.56 97.59 97.66 97.75 97.84 97.94 98.06 98.19 98.31 98.44 98.56 98.69 98.84 99.00 99.16 99.31 99.47 99.62 99.78 99.91 100.06 100.19 100.31 100.44 100.53
104.25 104.22 104.16 104.06 103.97 103.88 103.75 103.59 103.47 103.31 103.16 103.00 102.88 102.72 102.56 102.44 102.31 102.16 102.03 101.91 101.78 101.66 101.47 101.12 100.88 100.72 100.56 100.41 100.22 100.06 99.91 99.75 99.59 99.44 99.22 98.75 98.00 97.50 97.19 97.06 97.12 97.38 97.41 96.91 96.75 97.31 97.44 97.47 97.44 97.38 97.34 97.34 97.38 97.44 97.53 97.62 97.72 97.84 97.97 98.09 98.22 98.34 98.47 98.62 98.78 98.91 99.06 99.22 99.38 99.53 99.69 99.81 99.94 100.06 100.19 100.25
104.09 104.03 103.97 103.91 103.81 103.72 103.59 103.47 103.34 103.19 103.03 102.88 102.75 102.59 102.47 102.31 102.19 102.03 101.91 101.75 101.62 101.53 101.41 101.19 100.78 100.53 100.38 100.22 100.06 99.91 99.72 99.56 99.41 99.25 99.09 98.88 98.31 97.72 97.31 96.84 96.59 96.75 96.84 96.72 97.00 97.41 97.44 97.31 97.22 97.16 97.12 97.12 97.16 97.22 97.31 97.38 97.50 97.59 97.75 97.88 98.00 98.12 98.25 98.41 98.53 98.69 98.84 99.00 99.16 99.31 99.44 99.59 99.72 99.81 99.91 100.00
103.91 103.88 103.81 103.75 103.66 103.56 103.47 103.34 103.22 103.06 102.94 102.78 102.62 102.50 102.34 102.19 102.03 101.91 101.75 101.62 101.50 101.38 101.28 101.16 100.88 100.44 100.19 100.03 99.88 99.72 99.56 99.38 99.22 99.06 98.91 98.75 98.47 97.84 97.12 96.50 96.41 96.31 96.44 96.84 97.19 97.34 97.28 97.16 97.06 96.97 96.94 96.94 96.94 97.00 97.06 97.16 97.25 97.38 97.50 97.62 97.78 97.91 98.03 98.16 98.31 98.47 98.62 98.78 98.91 99.06 99.22 99.34 99.44 99.56 99.66 99.72
103.72 103.69 103.62 103.56 103.50 103.41 103.31 103.22 103.09 102.94 102.81 102.66 102.50 102.38 102.22 102.06 101.91 101.78 101.62 101.50 101.38 101.25 101.16 101.03 100.91 100.53 100.06 99.84 99.69 99.53 99.38 99.22 99.06 98.88 98.72 98.56 98.41 98.16 97.22 96.69 96.41 96.19 96.22 96.78 97.09 97.09 97.06 97.00 96.88 96.81 96.75 96.72 96.75 96.78 96.84 96.94 97.03 97.16 97.28 97.41 97.53 97.69 97.81 97.94 98.09 98.25 98.38 98.53 98.69 98.81 98.97 99.06 99.19 99.28 99.38 99.44
103.53 103.50 103.47 103.41 103.34 103.25 103.16 103.06 102.94 102.81 102.69 102.53 102.38 102.25 102.09 101.94 101.78 101.62 101.50 101.38 101.22 101.12 101.00 100.88 100.75 100.62 100.19 99.69 99.50 99.34 99.19 99.03 98.88 98.72 98.56 98.38 98.22 98.06 97.72 97.06 96.59 96.19 96.22 96.62 96.81 96.81 96.81 96.81 96.72 96.62 96.56 96.53 96.53 96.56 96.62 96.72 96.81 96.94 97.06 97.19 97.31 97.44 97.59 97.72 97.88 98.00 98.16 98.28 98.44 98.56 98.69 98.81 98.91 99.00 99.09 99.16
103.34 103.31 103.28 103.22 103.16 103.09 103.00 102.91 102.81 102.69 102.53 102.41 102.25 102.09 101.97 101.81 101.69 101.53 101.38 101.22 101.09 100.97 100.84 100.72 100.59 100.47 100.28 99.81 99.34 99.16 99.00 98.84 98.69 98.53 98.38 98.19 98.03 97.84 97.69 97.34 96.72 96.25 96.19 96.41 96.53 96.53 96.53 96.56 96.56 96.44 96.38 96.31 96.31 96.34 96.41 96.50 96.59 96.72 96.84 96.97 97.09 97.22 97.34 97.50 97.62 97.78 97.91 98.03 98.19 98.31 98.44 98.53 98.66 98.72 98.78 98.84
103.16 103.12 103.09 103.03 102.97 102.91 102.84 102.75 102.66 102.53 102.41 102.25 102.12 101.97 101.84 101.69 101.56 101.41 101.25 101.12 100.97 100.84 100.72 100.56 100.44 100.31 100.19 99.97 99.44 99.00 98.81 98.66 98.50 98.34 98.19 98.00 97.81 97.66 97.47 97.31 96.91 96.22 95.94 96.03 96.12 96.19 96.25 96.28 96.28 96.28 96.19 96.12 96.09 96.12 96.19 96.28 96.41 96.50 96.62 96.75 96.84 97.00 97.12 97.28 97.41 97.53 97.66 97.81 97.94 98.06 98.16 98.28 98.38 98.44 98.50 98.53
102.94 102.91 102.88 102.84 102.78 102.72 102.66 102.59 102.50 102.38 102.25 102.12 101.97 101.84 101.69 101.56 101.41 101.28 101.12 100.97 100.84 100.69 100.53 100.44 100.28 100.12 100.00 99.88 99.62 99.06 98.66 98.47 98.31 98.16 97.97 97.81 97.62 97.44 97.28 97.09 96.94 96.38 95.62 95.62 95.59 95.62 95.78 95.88 95.94 95.94 96.00 95.94 95.91 95.91 96.00 96.09 96.19 96.31 96.41 96.53 96.62 96.75 96.91 97.03 97.16 97.28 97.41 97.53 97.66 97.78 97.91 98.00 98.06 98.12 98.19 98.22
102.72 102.69 102.66 102.62 102.59 102.53 102.47 102.41 102.31 102.22 102.09 101.97 101.81 101.69 101.56 101.41 101.28 101.16 101.00 100.84 100.72 100.56 100.41 100.28 100.12 99.97 99.84 99.72 99.59 99.31 98.69 98.31 98.12 97.94 97.78 97.59 97.44 97.25 97.06 96.91 96.72 96.56 96.00 95.38 95.28 95.19 95.22 95.34 95.56 95.62 95.69 95.75 95.72 95.72 95.81 95.88 96.00 96.09 96.22 96.31 96.44 96.53 96.69 96.81 96.94 97.06 97.16 97.28 97.41 97.50 97.62 97.69 97.78 97.84 97.88 97.91
