everonasctiles/Tile[3,45].asc
ncols 128
nrows 128
xllcorner 0
yllcorner 0
cellsize 2.0
NODATA_value  -9999
[rows 34 to 67 of 128, columns 0 to 76 of 128]
-3.47 -3.31 -3.19 -3.03 -2.91 -2.69 -2.44 -2.19 -1.88 -1.50 -1.09 -0.69 -0.03 0.59 0.97 1.22 1.47 1.72 2.28 2.81 3.28 3.75 4.22 4.72 5.25 5.84 6.78 7.78 7.91 8.03 8.12 8.22 8.31 8.41 8.50 8.59 8.69 8.78 8.91 9.00 9.09 9.22 9.31 9.44 9.56 9.69 9.81 9.97 10.09 10.28 10.44 10.62 10.81 11.03 11.25 11.47 11.69 11.91 12.16 12.38 12.62 12.88 13.12 13.38 13.62 13.91 14.16 14.44 15.06 15.09 15.03 15.25 15.94 16.31 16.66 17.03 17.41
-3.25 -3.09 -2.94 -2.81 -2.66 -2.41 -2.16 -1.88 -1.53 -1.16 -0.78 -0.34 0.25 0.94 1.25 1.56 1.84 2.25 2.88 3.44 3.91 4.38 4.88 5.38 5.91 6.47 7.31 8.12 8.22 8.28 8.38 8.47 8.53 8.62 8.69 8.78 8.84 8.94 9.03 9.16 9.25 9.38 9.47 9.59 9.72 9.84 9.97 10.12 10.28 10.44 10.62 10.78 11.00 11.22 11.44 11.66 11.88 12.12 12.34 12.59 12.84 13.09 13.38 13.62 13.88 14.16 14.44 14.84 15.31 15.25 15.19 15.88 16.28 16.69 17.06 17.47 17.88
-3.06 -2.88 -2.72 -2.56 -2.41 -2.16 -1.91 -1.62 -1.28 -0.91 -0.50 -0.12 0.47 1.19 1.50 1.84 2.16 2.78 3.47 4.09 4.56 5.03 5.50 6.00 6.50 7.03 7.78 8.41 8.47 8.56 8.62 8.69 8.75 8.81 8.88 8.97 9.03 9.12 9.22 9.31 9.41 9.53 9.66 9.78 9.91 10.03 10.16 10.28 10.44 10.62 10.78 10.97 11.19 11.41 11.62 11.84 12.09 12.31 12.56 12.81 13.09 13.34 13.59 13.88 14.16 14.41 14.69 15.41 15.44 15.38 15.53 16.25 16.62 17.06 17.50 17.94 18.38
-2.91 -2.69 -2.50 -2.34 -2.16 -1.94 -1.66 -1.38 -1.09 -0.75 -0.34 0.06 0.56 1.31 1.72 2.06 2.47 3.28 4.06 4.75 5.22 5.66 6.12 6.59 7.06 7.53 8.25 8.62 8.69 8.75 8.81 8.88 8.94 9.00 9.06 9.16 9.22 9.31 9.41 9.50 9.59 9.69 9.81 9.94 10.06 10.22 10.34 10.47 10.62 10.78 10.97 11.16 11.38 11.59 11.81 12.06 12.31 12.53 12.78 13.06 13.31 13.59 13.84 14.12 14.41 14.69 15.25 15.56 15.53 15.50 16.19 16.59 16.97 17.44 17.91 18.38 18.84
-2.78 -2.53 -2.34 -2.16 -1.97 -1.75 -1.50 -1.25 -0.97 -0.69 -0.31 0.19 0.66 1.34 1.91 2.25 2.66 3.78 4.78 5.47 5.91 6.34 6.75 7.19 7.62 8.06 8.69 8.88 8.94 8.97 9.03 9.06 9.12 9.19 9.28 9.34 9.41 9.50 9.59 9.69 9.78 9.88 10.00 10.12 10.25 10.41 10.53 10.69 10.84 11.00 11.16 11.34 11.56 11.78 12.03 12.25 12.50 12.75 13.03 13.28 13.56 13.81 14.09 14.38 14.66 15.03 15.66 15.62 15.56 15.91 16.59 16.94 17.31 17.81 18.34 18.84 19.34
-2.72 -2.44 -2.22 -2.00 -1.81 -1.62 -1.41 -1.19 -0.94 -0.66 -0.38 0.19 0.78 1.50 2.00 2.50 2.88 4.25 5.59 6.22 6.62 6.97 7.34 7.72 8.12 8.53 8.94 9.03 9.12 9.19 9.22 9.28 9.34 9.38 9.47 9.53 9.59 9.69 9.78 9.88 9.97 10.09 10.19 10.31 10.47 10.59 10.75 10.88 11.03 11.19 11.38 11.56 11.75 11.97 12.22 12.47 12.75 13.00 13.25 13.53 13.78 14.06 14.34 14.62 14.94 15.62 15.69 15.66 15.72 16.50 16.91 17.25 17.66 18.22 18.75 19.31 19.84
-2.69 -2.41 -2.12 -1.94 -1.75 -1.56 -1.34 -1.16 -0.94 -0.72 -0.50 0.06 0.72 1.53 2.28 2.69 3.72 5.81 6.69 6.91 7.25 7.56 7.91 8.22 8.56 8.88 9.06 9.19 9.28 9.38 9.44 9.47 9.53 9.59 9.66 9.72 9.81 9.88 9.97 10.06 10.19 10.28 10.41 10.53 10.66 10.81 10.94 11.09 11.25 11.41 11.56 11.75 11.97 12.19 12.44 12.72 12.97 13.22 13.50 13.75 14.03 14.31 14.59 14.91 15.47 15.78 15.75 15.72 16.34 16.78 17.22 17.59 18.03 18.59 19.19 19.75 20.31
-2.78 -2.44 -2.16 -1.97 -1.78 -1.56 -1.34 -1.16 -0.97 -0.78 -0.66 -0.25 0.50 1.44 2.41 3.69 5.22 6.78 7.44 7.62 7.84 8.12 8.38 8.66 8.88 9.09 9.25 9.38 9.50 9.59 9.62 9.69 9.75 9.78 9.84 9.91 10.00 10.09 10.19 10.28 10.38 10.50 10.59 10.72 10.88 11.00 11.16 11.31 11.47 11.62 11.78 11.97 12.19 12.41 12.66 12.94 13.19 13.47 13.72 14.00 14.28 14.56 14.88 15.31 15.84 15.81 15.81 16.09 16.72 17.09 17.53 17.91 18.38 18.97 19.59 20.22 20.78
-2.88 -2.50 -2.25 -2.09 -1.91 -1.69 -1.44 -1.22 -1.00 -0.84 -0.66 -0.25 0.84 2.19 3.72 5.25 6.44 7.09 7.44 7.78 8.12 8.41 8.66 8.91 9.12 9.31 9.47 9.59 9.72 9.81 9.91 9.97 10.03 10.03 10.06 10.12 10.19 10.28 10.38 10.47 10.59 10.69 10.81 10.94 11.09 11.22 11.38 11.53 11.69 11.84 12.00 12.19 12.41 12.62 12.88 13.16 13.44 13.72 13.97 14.25 14.53 14.84 15.16 15.84 15.88 15.84 15.94 16.66 17.00 17.38 17.84 18.22 18.72 19.34 20.03 20.66 21.25
-2.97 -2.62 -2.41 -2.31 -2.16 -1.94 -1.66 -1.34 -0.97 -0.62 0.00 1.12 2.53 4.09 5.69 6.41 6.81 7.25 7.66 8.03 8.38 8.66 8.91 9.12 9.31 9.50 9.66 9.78 9.91 10.00 10.09 10.19 10.25 10.31 10.38 10.41 10.41 10.47 10.56 10.69 10.78 10.91 11.03 11.16 11.31 11.44 11.59 11.75 11.91 12.06 12.25 12.41 12.62 12.88 13.09 13.38 13.69 13.97 14.22 14.50 14.81 15.09 15.78 15.91 15.88 15.88 16.59 16.94 17.28 17.66 18.12 18.56 19.06 19.72 20.44 21.12 21.72
-3.06 -2.78 -2.66 -2.62 -2.50 -2.22 -1.84 -1.28 -0.44 0.62 1.97 3.41 4.78 5.84 6.31 6.69 7.16 7.59 8.00 8.34 8.66 8.91 9.12 9.34 9.53 9.69 9.84 9.97 10.09 10.19 10.28 10.38 10.44 10.53 10.59 10.66 10.72 10.78 10.78 10.88 11.00 11.12 11.25 11.38 11.53 11.66 11.84 12.00 12.16 12.31 12.47 12.66 12.88 13.12 13.34 13.62 13.94 14.22 14.50 14.78 15.06 15.62 15.94 15.94 15.91 16.41 16.91 17.22 17.56 17.97 18.41 18.84 19.38 20.06 20.81 21.53 22.16
-3.12 -2.91 -2.91 -2.91 -2.75 -2.31 -1.50 0.28 2.25 3.78 4.84 5.62 6.16 6.41 6.78 7.19 7.62 8.00 8.34 8.66 8.91 9.16 9.38 9.56 9.75 9.91 10.06 10.19 10.31 10.41 10.50 10.59 10.69 10.75 10.81 10.88 10.97 11.03 11.09 11.16 11.22 11.31 11.47 11.59 11.75 11.91 12.06 12.25 12.41 12.56 12.72 12.91 13.12 13.38 13.59 13.88 14.19 14.47 14.75 15.03 15.41 16.03 16.00 15.97 16.25 16.84 17.19 17.50 17.84 18.25 18.72 19.16 19.72 20.41 21.19 21.91 22.56
-3.12 -3.06 -3.12 -3.09 -2.78 -1.75 0.84 4.03 5.72 6.12 6.41 6.59 6.72 7.00 7.38 7.72 8.06 8.41 8.69 8.97 9.19 9.41 9.62 9.78 9.97 10.12 10.25 10.41 10.50 10.62 10.72 10.81 10.91 10.97 11.06 11.12 11.19 11.28 11.34 11.44 11.50 11.56 11.66 11.81 11.97 12.12 12.28 12.47 12.66 12.81 12.97 13.16 13.38 13.62 13.84 14.12 14.47 14.75 15.03 15.31 16.00 16.06 16.03 16.09 16.81 17.12 17.47 17.78 18.16 18.53 18.97 19.41 20.00 20.69 21.44 22.19 22.81
-3.12 -3.12 -3.22 -3.03 -2.34 0.00 3.88 6.59 7.28 7.34 7.19 7.16 7.41 7.69 7.97 8.25 8.53 8.78 9.03 9.28 9.47 9.69 9.84 10.03 10.19 10.31 10.47 10.59 10.69 10.81 10.91 11.00 11.09 11.19 11.28 11.34 11.44 11.53 11.59 11.69 11.78 11.88 11.94 12.06 12.19 12.38 12.53 12.72 12.91 13.06 13.22 13.41 13.62 13.91 14.12 14.41 14.75 15.00 15.28 15.91 16.12 16.09 16.09 16.72 17.09 17.41 17.75 18.06 18.44 18.81 19.25 19.66 20.19 20.84 21.53 22.25 22.91
-3.06 -3.12 -3.00 -2.47 -0.25 3.72 7.09 8.53 8.53 8.31 8.12 8.09 8.22 8.31 8.53 8.75 8.97 9.19 9.38 9.59 9.75 9.94 10.09 10.25 10.41 10.53 10.69 10.78 10.91 11.00 11.12 11.22 11.31 11.38 11.47 11.56 11.66 11.75 11.84 11.94 12.03 12.16 12.25 12.31 12.44 12.59 12.78 12.97 13.16 13.34 13.50 13.69 13.91 14.19 14.41 14.69 15.03 15.28 15.75 16.19 16.19 16.16 16.50 17.06 17.38 17.72 18.03 18.38 18.72 19.12 19.50 19.91 20.38 20.91 21.53 22.22 22.84
-3.06 -2.94 -2.28 0.22 3.72 6.94 9.09 9.69 9.81 9.69 9.59 9.41 9.19 9.03 9.06 9.22 9.38 9.56 9.72 9.91 10.06 10.22 10.34 10.50 10.62 10.75 10.88 11.00 11.09 11.22 11.31 11.41 11.50 11.59 11.69 11.78 11.88 11.97 12.06 12.19 12.28 12.41 12.53 12.62 12.72 12.88 13.03 13.22 13.44 13.59 13.78 13.97 14.19 14.47 14.69 14.97 15.28 15.62 16.25 16.25 16.22 16.34 17.03 17.34 17.69 18.00 18.31 18.66 19.03 19.41 19.81 20.22 20.62 21.06 21.56 22.19 22.78
-2.84 -2.22 0.78 4.31 7.22 9.44 10.53 11.00 11.19 11.12 11.03 10.69 10.31 9.94 9.66 9.66 9.78 9.94 10.06 10.19 10.34 10.47 10.59 10.72 10.84 10.97 11.09 11.19 11.31 11.41 11.50 11.62 11.72 11.81 11.91 12.00 12.09 12.22 12.31 12.41 12.53 12.66 12.78 12.91 13.03 13.16 13.28 13.47 13.69 13.88 14.06 14.25 14.47 14.75 15.00 15.28 15.59 16.25 16.28 16.28 16.28 17.00 17.34 17.66 17.97 18.31 18.62 18.97 19.34 19.75 20.16 20.59 20.97 21.34 21.75 22.22 22.75
-2.50 -0.84 4.03 7.56 9.88 10.94 11.88 12.19 12.38 12.28 12.09 11.75 11.34 10.81 10.31 10.09 10.19 10.28 10.38 10.50 10.62 10.72 10.84 10.97 11.06 11.19 11.31 11.44 11.53 11.66 11.75 11.88 11.97 12.06 12.16 12.25 12.34 12.44 12.53 12.66 12.78 12.88 13.03 13.16 13.31 13.44 13.59 13.75 13.97 14.16 14.34 14.53 14.78 15.03 15.28 15.62 16.28 16.34 16.31 16.31 16.88 17.31 17.62 17.94 18.28 18.59 18.94 19.28 19.69 20.12 20.56 21.03 21.38 21.69 22.03 22.41 22.81
-1.66 2.22 7.19 10.59 11.66 12.06 12.78 13.00 13.09 12.88 12.66 12.44 12.16 11.50 10.88 10.47 10.53 10.62 10.69 10.78 10.88 11.00 11.09 11.19 11.31 11.44 11.53 11.66 11.75 11.84 11.97 12.06 12.16 12.28 12.38 12.47 12.56 12.69 12.78 12.91 13.00 13.12 13.25 13.41 13.56 13.72 13.88 14.03 14.25 14.44 14.62 14.84 15.06 15.34 15.69 16.34 16.34 16.34 16.34 16.78 17.31 17.62 17.94 18.25 18.59 18.91 19.28 19.66 20.06 20.56 21.03 21.44 21.78 22.09 22.38 22.66 23.00
0.00 5.47 10.09 12.69 12.53 12.81 13.25 13.38 13.41 13.25 13.06 12.91 12.66 11.97 11.28 10.84 10.88 10.94 11.00 11.06 11.16 11.25 11.34 11.44 11.53 11.62 11.72 11.84 11.94 12.03 12.16 12.25 12.34 12.47 12.56 12.66 12.78 12.88 13.00 13.12 13.25 13.38 13.50 13.66 13.81 13.97 14.16 14.34 14.53 14.75 14.94 15.16 15.41 15.81 16.38 16.38 16.38 16.34 16.81 17.31 17.59 17.91 18.25 18.56 18.91 19.25 19.62 20.03 20.50 20.97 21.44 21.81 22.19 22.47 22.75 22.97 23.22
1.47 7.31 11.88 13.22 12.94 13.38 13.47 13.47 13.53 13.50 13.41 13.22 12.84 12.19 11.53 11.19 11.19 11.22 11.28 11.34 11.41 11.47 11.56 11.66 11.75 11.84 11.94 12.03 12.12 12.25 12.34 12.47 12.56 12.69 12.78 12.91 13.00 13.12 13.22 13.34 13.47 13.59 13.75 13.88 14.03 14.22 14.41 14.62 14.84 15.03 15.25 15.47 15.88 16.44 16.41 16.41 16.41 16.88 17.31 17.62 17.91 18.22 18.56 18.88 19.22 19.59 20.00 20.44 20.91 21.38 21.78 22.19 22.53 22.84 23.09 23.34 23.53
3.06 9.09 12.38 13.06 13.22 13.47 13.44 13.44 13.47 13.53 13.50 13.25 12.78 12.22 11.66 11.50 11.50 11.50 11.53 11.59 11.66 11.72 11.78 11.84 11.94 12.03 12.12 12.22 12.34 12.44 12.53 12.66 12.75 12.88 12.97 13.09 13.22 13.34 13.47 13.59 13.72 13.84 13.97 14.12 14.28 14.44 14.66 14.91 15.12 15.34 15.53 15.97 16.47 16.44 16.44 16.44 16.97 17.34 17.62 17.91 18.22 18.53 18.88 19.22 19.56 19.94 20.38 20.84 21.31 21.72 22.12 22.53 22.88 23.19 23.44 23.69 23.88
4.66 10.50 13.12 13.16 13.34 13.44 13.41 13.38 13.38 13.38 13.25 13.03 12.59 12.06 11.81 11.78 11.75 11.75 11.78 11.81 11.88 11.91 11.97 12.06 12.12 12.22 12.31 12.41 12.50 12.62 12.72 12.81 12.94 13.06 13.19 13.34 13.47 13.62 13.75 13.88 14.00 14.09 14.22 14.38 14.50 14.69 14.84 15.12 15.38 15.62 16.03 16.50 16.47 16.47 16.47 17.06 17.38 17.66 17.94 18.22 18.53 18.84 19.19 19.53 19.91 20.31 20.75 21.22 21.66 22.06 22.47 22.84 23.19 23.50 23.78 24.00 24.22
5.31 11.06 13.12 13.41 13.44 13.44 13.38 13.34 13.31 13.25 13.03 12.75 12.38 12.12 12.06 12.03 12.00 12.00 12.00 12.03 12.06 12.12 12.19 12.25 12.31 12.41 12.50 12.59 12.69 12.81 12.91 13.03 13.19 13.34 13.53 13.72 13.88 14.03 14.16 14.25 14.31 14.41 14.50 14.62 14.75 14.91 15.09 15.31 15.62 16.03 16.53 16.50 16.50 16.53 17.12 17.44 17.69 17.97 18.25 18.53 18.84 19.16 19.50 19.88 20.28 20.69 21.12 21.56 21.97 22.38 22.78 23.12 23.47 23.78 24.06 24.31 24.53
5.31 10.72 12.91 13.38 13.44 13.44 13.38 13.31 13.28 13.25 13.00 12.66 12.44 12.34 12.28 12.25 12.22 12.19 12.22 12.22 12.25 12.31 12.38 12.44 12.50 12.56 12.66 12.78 12.88 12.97 13.09 13.25 13.44 13.66 13.88 14.09 14.25 14.41 14.53 14.62 14.72 14.78 14.81 14.91 15.00 15.16 15.31 15.53 15.91 16.53 16.53 16.53 16.56 17.19 17.50 17.75 18.00 18.28 18.56 18.84 19.16 19.50 19.88 20.25 20.66 21.06 21.47 21.88 22.28 22.69 23.06 23.44 23.78 24.06 24.34 24.59 24.81
4.41 10.41 12.59 13.25 13.38 13.41 13.41 13.28 13.25 13.19 13.12 12.91 12.62 12.53 12.47 12.44 12.41 12.38 12.41 12.41 12.44 12.50 12.53 12.59 12.66 12.75 12.84 12.94 13.03 13.16 13.31 13.47 13.72 14.00 14.22 14.44 14.62 14.78 14.91 15.00 15.06 15.12 15.16 15.19 15.28 15.41 15.56 15.78 16.50 16.56 16.56 16.56 17.25 17.56 17.81 18.06 18.31 18.59 18.88 19.19 19.53 19.88 20.22 20.62 21.00 21.41 21.81 22.19 22.59 22.97 23.34 23.69 24.03 24.34 24.62 24.88 25.09
3.47 9.78 12.31 13.09 13.28 13.34 13.38 13.34 13.22 13.16 13.09 13.03 12.91 12.69 12.62 12.56 12.53 12.53 12.56 12.56 12.59 12.66 12.72 12.78 12.84 12.91 13.00 13.09 13.22 13.34 13.53 13.75 14.03 14.34 14.59 14.84 15.06 15.22 15.31 15.41 15.44 15.47 15.50 15.50 15.56 15.69 15.81 16.44 16.59 16.59 16.56 17.12 17.56 17.88 18.12 18.41 18.66 18.94 19.25 19.56 19.91 20.25 20.62 21.00 21.38 21.75 22.12 22.50 22.88 23.25 23.59 23.94 24.28 24.59 24.88 25.12 25.34
2.97 9.38 12.28 13.06 13.22 13.28 13.31 13.34 13.28 13.12 13.03 13.00 12.94 12.91 12.75 12.69 12.66 12.66 12.69 12.72 12.75 12.81 12.88 12.94 13.03 13.12 13.19 13.28 13.41 13.56 13.78 14.03 14.31 14.62 14.91 15.16 15.34 15.50 15.59 15.69 15.72 15.78 15.78 15.81 15.84 15.94 16.34 16.62 16.62 16.59 16.97 17.50 17.84 18.19 18.47 18.75 19.03 19.34 19.66 20.00 20.31 20.66 21.00 21.34 21.72 22.06 22.44 22.78 23.12 23.50 23.84 24.19 24.50 24.81 25.09 25.34 25.59
2.59 9.47 12.50 13.06 13.16 13.25 13.28 13.31 13.28 13.22 13.06 12.97 12.91 12.88 12.88 12.84 12.78 12.78 12.81 12.84 12.91 12.97 13.03 13.12 13.22 13.31 13.41 13.53 13.62 13.81 14.00 14.25 14.56 14.88 15.16 15.41 15.59 15.72 15.84 15.97 16.03 16.06 16.09 16.09 16.12 16.31 16.66 16.66 16.66 16.84 17.41 17.72 18.06 18.50 18.81 19.16 19.50 19.81 20.12 20.44 20.72 21.03 21.38 21.69 22.03 22.38 22.72 23.06 23.38 23.72 24.06 24.38 24.69 25.00 25.28 25.56 25.81
1.53 8.53 12.22 12.88 13.06 13.22 13.28 13.28 13.25 13.19 13.09 12.97 12.88 12.88 12.88 12.88 12.94 12.91 12.94 12.97 13.03 13.12 13.19 13.28 13.38 13.50 13.59 13.72 13.88 14.03 14.22 14.47 14.78 15.06 15.31 15.56 15.75 15.88 16.03 16.12 16.22 16.28 16.28 16.31 16.38 16.69 16.69 16.66 16.75 17.25 17.59 17.94 18.28 18.75 19.16 19.53 19.88 20.22 20.53 20.81 21.12 21.41 21.72 22.03 22.34 22.66 22.97 23.28 23.62 23.94 24.25 24.56 24.88 25.16 25.44 25.72 26.00
-0.06 6.00 10.25 12.44 12.97 13.28 13.28 13.19 13.16 13.06 13.00 12.97 12.91 12.88 12.88 12.91 12.97 13.03 13.06 13.09 13.19 13.25 13.34 13.44 13.56 13.66 13.78 13.94 14.06 14.25 14.44 14.66 14.94 15.19 15.44 15.69 15.84 16.00 16.16 16.28 16.38 16.44 16.44 16.44 16.69 16.72 16.69 16.72 17.22 17.50 17.81 18.16 18.50 18.97 19.41 19.81 20.22 20.59 20.91 21.19 21.47 21.75 22.03 22.31 22.62 22.91 23.22 23.50 23.81 24.12 24.41 24.72 25.00 25.31 25.59 25.88 26.16
-0.78 3.09 7.75 11.03 12.53 13.41 13.34 12.91 12.91 12.91 12.88 12.88 12.88 12.88 12.91 12.94 13.00 13.06 13.16 13.25 13.28 13.41 13.50 13.59 13.72 13.84 13.97 14.09 14.25 14.41 14.59 14.81 15.03 15.28 15.50 15.75 15.97 16.12 16.28 16.38 16.47 16.50 16.53 16.66 16.72 16.72 16.72 17.06 17.44 17.72 18.03 18.34 18.69 19.12 19.62 20.03 20.47 20.88 21.22 21.53 21.81 22.06 22.31 22.59 22.88 23.16 23.44 23.72 24.00 24.28 24.56 24.84 25.12 25.44 25.66 25.81 26.09
-1.03 0.88 4.69 8.56 10.88 12.81 13.06 12.56 12.62 12.69 12.72 12.75 12.81 12.84 12.91 12.97 13.06 13.16 13.25 13.34 13.44 13.50 13.62 13.75 13.88 14.00 14.12 14.28 14.41 14.56 14.75 14.94 15.12 15.31 15.56 15.78 16.03 16.19 16.34 16.47 16.53 16.56 16.62 16.72 16.72 16.72 16.94 17.34 17.62 17.91 18.22 18.56 18.88 19.31 19.81 20.22 20.66 21.09 21.47 21.78 22.06 22.31 22.56 22.81 23.09 23.34 23.59 23.88 24.12 24.41 24.69 24.97 25.25 25.53 25.69 25.59 25.69
-1.31 -0.03 1.88 5.53 9.16 11.59 12.44 12.22 12.28 12.44 12.56 12.62 12.72 12.81 12.88 12.97 13.09 13.22 13.34 13.44 13.56 13.66 13.75 13.88 14.00 14.12 14.28 14.41 14.56 14.72 14.88 15.03 15.19 15.34 15.53 15.75 16.00 16.19 16.34 16.44 16.50 16.59 16.69 16.72 16.72 16.81 17.25 17.50 17.78 18.09 18.41 18.75 19.09 19.47 19.97 20.38 20.81 21.22 21.66 22.00 22.25 22.53 22.78 23.00 23.25 23.50 23.75 24.00 24.25 24.50 24.78 25.03 25.31 25.59 25.84 25.72 25.22
