everonasctiles/Tile[15,35].asc
ncols 128
nrows 128
xllcorner 0
yllcorner 0
cellsize 2.0
NODATA_value  -9999
[rows 72 to 107 of 128, columns 0 to 79 of 128]
-0.31 -0.22 -0.12 0.00 0.09 0.19 0.28 0.38 0.44 0.50 0.53 0.56 0.62 0.66 0.66 0.69 0.81 0.97 1.19 1.25 1.19 1.09 1.09 1.03 1.16 1.22 0.94 0.78 0.59 0.47 0.50 0.53 0.41 0.50 1.19 1.72 1.94 2.12 2.34 2.59 2.84 2.94 3.12 3.50 4.19 4.91 5.41 5.66 5.91 6.16 6.41 6.62 6.84 7.03 7.22 7.44 7.62 7.81 8.03 8.28 8.50 8.72 8.97 9.19 9.38 9.59 9.78 10.03 10.28 10.50 10.66 10.78 10.91 11.03 11.16 11.31 11.47 11.66 11.84 12.03
-0.06 0.03 0.12 0.22 0.31 0.41 0.50 0.59 0.66 0.72 0.75 0.78 0.78 0.78 0.81 0.75 0.91 1.09 1.25 1.19 1.16 1.12 1.06 1.19 1.12 1.00 0.75 0.59 0.38 0.31 0.50 0.31 0.38 0.88 1.69 2.00 2.31 2.59 2.84 3.09 3.41 4.19 4.59 5.06 5.47 5.88 5.97 6.16 6.38 6.59 6.78 6.97 7.16 7.34 7.50 7.69 7.88 8.03 8.25 8.47 8.72 8.91 9.12 9.34 9.56 9.75 9.94 10.19 10.47 10.69 10.88 11.03 11.16 11.28 11.41 11.56 11.75 11.94 12.12 12.31
0.19 0.28 0.34 0.41 0.50 0.56 0.66 0.75 0.84 0.91 0.94 0.94 0.94 0.91 0.97 0.91 1.09 1.09 1.06 1.16 1.09 1.06 1.16 1.09 1.03 0.84 0.56 0.44 0.31 0.28 0.38 0.34 0.78 1.72 2.12 2.53 2.88 3.12 3.38 3.62 4.41 5.72 6.16 6.34 6.44 6.41 6.50 6.66 6.81 7.00 7.16 7.31 7.47 7.62 7.75 7.91 8.06 8.25 8.41 8.62 8.88 9.09 9.28 9.50 9.72 9.91 10.12 10.38 10.62 10.84 11.09 11.25 11.38 11.50 11.66 11.81 11.97 12.19 12.41 12.62
0.47 0.53 0.56 0.59 0.62 0.72 0.81 0.91 1.00 1.03 1.09 1.06 1.06 1.06 1.06 1.12 1.00 1.03 1.06 1.09 1.16 1.16 1.12 1.12 0.94 0.72 0.56 0.41 0.31 0.38 0.34 0.75 1.59 2.06 2.72 3.16 3.44 3.69 3.97 4.50 5.75 6.53 6.69 6.91 6.94 6.97 7.03 7.12 7.25 7.38 7.50 7.62 7.75 7.88 8.00 8.12 8.28 8.44 8.56 8.78 9.00 9.22 9.44 9.62 9.84 10.06 10.28 10.53 10.78 11.03 11.31 11.47 11.56 11.69 11.84 12.00 12.25 12.50 12.72 13.00
0.75 0.75 0.78 0.78 0.78 0.84 0.91 1.00 1.12 1.16 1.19 1.19 1.12 1.16 1.19 1.00 1.00 0.97 1.00 1.09 1.06 1.16 1.22 1.03 0.88 0.72 0.59 0.44 0.41 0.50 0.78 1.47 1.91 2.53 3.38 3.72 4.06 4.34 4.84 5.72 6.72 7.06 7.12 7.19 7.28 7.34 7.41 7.50 7.56 7.69 7.78 7.91 8.00 8.12 8.22 8.34 8.47 8.59 8.72 8.91 9.12 9.34 9.56 9.75 9.97 10.19 10.44 10.69 10.94 11.25 11.62 11.75 11.84 11.97 12.12 12.34 12.56 12.69 13.06 13.34
1.00 0.97 0.97 0.97 0.91 0.97 1.03 1.12 1.22 1.28 1.25 1.31 1.25 1.19 1.19 1.03 1.06 1.00 1.00 1.06 1.12 1.16 1.00 0.94 0.81 0.72 0.59 0.53 0.56 0.84 1.41 1.84 2.38 3.31 4.22 4.66 5.06 5.47 5.94 6.66 7.00 7.12 7.22 7.34 7.41 7.50 7.56 7.66 7.75 7.88 8.00 8.12 8.22 8.31 8.41 8.53 8.62 8.75 8.84 9.03 9.25 9.47 9.66 9.88 10.09 10.31 10.56 10.84 11.09 11.47 11.88 11.94 11.97 12.19 12.41 12.59 12.81 13.03 13.31 13.59
1.16 1.12 1.09 1.06 1.06 1.06 1.12 1.19 1.25 1.34 1.41 1.28 1.25 1.19 1.12 1.16 1.09 0.97 1.06 1.19 1.12 1.03 0.91 0.84 0.72 0.72 0.66 0.59 1.00 1.44 1.88 2.38 3.25 4.25 5.22 5.75 6.19 6.50 6.72 6.91 7.06 7.19 7.31 7.44 7.53 7.62 7.72 7.81 7.91 8.00 8.12 8.28 8.41 8.50 8.59 8.69 8.78 8.88 8.97 9.16 9.34 9.53 9.75 9.97 10.19 10.44 10.69 10.94 11.22 11.62 11.91 12.03 12.06 12.38 12.56 12.75 12.91 13.12 13.47 13.75
1.22 1.16 1.12 1.09 1.12 1.09 1.12 1.22 1.34 1.31 1.28 1.25 1.19 1.25 1.22 1.16 1.09 1.12 1.16 1.09 1.00 0.88 0.81 0.75 0.88 0.75 0.66 1.06 1.41 1.88 2.44 3.12 4.12 5.25 5.94 6.31 6.44 6.59 6.78 6.97 7.12 7.28 7.41 7.50 7.62 7.72 7.81 7.91 8.03 8.16 8.28 8.38 8.53 8.66 8.75 8.81 8.91 9.00 9.09 9.25 9.41 9.62 9.84 10.06 10.28 10.53 10.78 11.03 11.34 11.62 11.91 12.06 12.12 12.47 12.75 12.91 12.97 13.34 13.62 13.84
1.22 1.16 1.06 1.03 1.06 1.12 1.19 1.19 1.16 1.28 1.22 1.34 1.28 1.19 1.22 1.19 1.22 1.16 1.19 1.00 0.91 0.81 0.78 0.88 0.78 0.78 1.09 1.34 1.78 2.34 3.00 3.84 4.75 5.66 5.97 6.09 6.34 6.59 6.78 6.97 7.16 7.31 7.44 7.56 7.69 7.81 7.91 8.03 8.12 8.28 8.41 8.50 8.62 8.75 8.88 8.97 9.03 9.09 9.19 9.34 9.50 9.69 9.91 10.12 10.34 10.59 10.81 11.09 11.31 11.66 11.91 12.12 12.31 12.62 12.88 13.06 13.31 13.38 13.78 13.91
1.19 1.09 1.03 1.03 1.12 1.03 1.06 1.06 1.19 1.25 1.19 1.16 1.19 1.25 1.31 1.28 1.22 1.16 1.00 0.94 0.88 0.91 0.84 0.88 0.88 1.09 1.34 1.56 2.09 2.75 3.50 4.41 5.09 5.59 5.84 6.12 6.38 6.59 6.81 7.00 7.19 7.34 7.47 7.62 7.75 7.88 8.00 8.12 8.25 8.38 8.50 8.62 8.75 8.88 9.00 9.06 9.12 9.19 9.28 9.41 9.59 9.78 9.97 10.19 10.41 10.66 10.88 11.06 11.31 11.62 11.81 12.12 12.41 12.72 12.94 13.22 13.44 13.62 14.00 14.19
1.12 1.06 1.06 0.94 0.94 0.97 0.94 1.16 1.09 1.12 1.22 1.25 1.41 1.38 1.34 1.31 1.06 1.06 0.94 0.94 0.91 0.84 0.88 0.94 1.09 1.28 1.41 1.78 2.38 3.09 3.88 4.62 5.25 5.62 5.91 6.16 6.41 6.66 6.84 7.03 7.22 7.38 7.53 7.66 7.78 7.91 8.06 8.19 8.34 8.47 8.62 8.75 8.88 9.00 9.12 9.19 9.22 9.25 9.38 9.47 9.66 9.84 10.03 10.22 10.50 10.72 11.00 11.25 11.38 11.62 11.97 12.22 12.50 12.81 13.12 13.34 13.59 13.84 14.25 14.50
1.06 0.94 0.81 0.78 0.91 0.91 1.22 1.12 1.19 1.34 1.44 1.56 1.44 1.38 1.34 1.12 1.00 0.91 0.81 0.81 0.84 0.88 0.88 0.97 1.19 1.31 1.53 1.97 2.59 3.38 4.16 4.88 5.47 5.72 5.97 6.22 6.47 6.69 6.91 7.09 7.25 7.41 7.56 7.72 7.84 7.97 8.09 8.28 8.44 8.56 8.75 8.88 9.03 9.16 9.25 9.28 9.31 9.38 9.50 9.69 9.84 10.03 10.16 10.41 10.66 10.94 11.16 11.44 11.59 11.81 12.09 12.38 12.66 12.97 13.22 13.50 13.84 14.22 14.34 14.81
0.97 0.84 0.78 0.78 0.88 1.19 1.25 1.22 1.41 1.41 1.34 1.53 1.44 1.22 1.09 0.94 0.84 0.81 0.78 0.84 0.88 0.81 0.97 1.12 1.22 1.41 1.72 2.16 2.81 3.59 4.41 5.12 5.59 5.81 6.06 6.31 6.53 6.75 6.94 7.12 7.31 7.47 7.62 7.75 7.91 8.03 8.16 8.34 8.53 8.69 8.84 9.03 9.16 9.31 9.41 9.41 9.44 9.59 9.69 9.88 10.06 10.25 10.47 10.66 10.97 11.22 11.47 11.62 11.88 12.09 12.25 12.56 12.84 13.12 13.47 13.75 14.06 14.44 14.94 15.31
1.00 0.88 0.78 0.84 1.16 1.16 1.22 1.34 1.22 1.34 1.44 1.34 1.28 1.19 1.03 0.91 0.84 0.81 0.88 0.78 0.75 0.94 1.00 1.12 1.31 1.53 1.88 2.34 2.97 3.88 4.59 5.28 5.72 5.94 6.16 6.38 6.59 6.81 7.00 7.19 7.34 7.50 7.66 7.81 7.97 8.09 8.22 8.44 8.62 8.78 8.97 9.16 9.31 9.50 9.62 9.59 9.69 9.81 9.97 10.09 10.28 10.41 10.78 10.97 11.38 11.44 11.72 11.97 12.12 12.38 12.59 12.72 13.06 13.31 13.66 13.97 14.34 14.75 15.22 15.66
0.91 0.78 0.84 1.06 1.19 1.12 1.22 1.22 1.31 1.38 1.31 1.31 1.19 1.12 1.00 0.91 0.91 0.81 0.72 0.78 0.91 0.97 1.09 1.25 1.44 1.72 2.03 2.53 3.06 4.19 4.78 5.41 5.81 6.03 6.25 6.44 6.66 6.88 7.06 7.22 7.41 7.56 7.72 7.88 8.03 8.16 8.28 8.50 8.72 8.91 9.09 9.31 9.50 9.72 9.81 9.91 9.88 10.12 10.19 10.31 10.66 11.00 11.12 11.44 11.69 11.81 12.09 12.31 12.50 12.62 12.88 13.03 13.28 13.50 13.88 14.19 14.47 14.91 15.38 15.91
0.84 0.84 1.03 1.00 1.03 1.19 1.22 1.16 1.22 1.25 1.31 1.22 1.06 1.03 0.94 0.91 0.88 0.84 0.78 0.84 0.97 1.09 1.22 1.41 1.62 1.91 2.31 2.72 3.59 4.44 4.91 5.56 5.91 6.09 6.34 6.56 6.75 6.94 7.12 7.31 7.47 7.62 7.78 7.94 8.09 8.22 8.38 8.59 8.81 9.03 9.25 9.47 9.72 9.91 10.06 10.19 10.31 10.50 10.69 10.75 10.94 11.41 11.66 11.72 12.03 12.25 12.47 12.69 12.91 13.06 13.19 13.31 13.53 13.81 14.06 14.47 14.78 15.25 15.34 15.97
0.97 0.91 0.94 1.06 1.09 1.16 1.16 1.22 1.22 1.28 1.28 1.16 1.16 1.00 0.91 0.91 0.81 0.78 0.88 0.97 1.09 1.22 1.41 1.62 1.84 2.19 2.59 3.22 4.22 4.66 5.19 5.72 5.97 6.19 6.41 6.62 6.81 7.00 7.19 7.38 7.53 7.69 7.84 8.00 8.16 8.28 8.47 8.69 8.91 9.16 9.38 9.66 9.91 10.16 10.31 10.44 10.69 10.97 11.22 11.41 11.56 11.81 12.00 12.12 12.31 12.56 12.78 13.06 13.25 13.38 13.56 13.69 13.88 14.16 14.44 14.72 15.12 15.75 16.19 16.56
1.00 1.06 1.03 1.09 1.12 1.16 1.28 1.25 1.25 1.25 1.19 1.03 0.94 0.84 0.81 0.81 0.81 0.91 1.00 1.06 1.19 1.38 1.59 1.81 2.12 2.53 3.06 4.09 4.75 5.22 5.38 5.81 6.06 6.28 6.50 6.69 6.91 7.09 7.25 7.44 7.59 7.75 7.94 8.09 8.25 8.38 8.56 8.78 9.00 9.25 9.53 9.81 10.03 10.34 10.59 10.75 10.91 11.25 11.50 11.81 11.97 12.06 12.38 12.53 12.69 12.84 13.09 13.34 13.62 13.78 13.91 13.94 14.12 14.41 14.78 15.19 15.66 16.09 16.56 16.88
1.06 1.22 1.09 1.09 1.16 1.19 1.12 1.06 1.16 1.09 1.09 0.97 0.88 0.81 0.81 0.81 0.91 1.03 1.09 1.19 1.34 1.53 1.75 2.06 2.47 3.09 3.91 4.53 5.03 5.53 5.75 5.97 6.19 6.41 6.59 6.78 7.00 7.16 7.34 7.53 7.69 7.84 8.00 8.16 8.31 8.47 8.66 8.84 9.09 9.34 9.62 9.91 10.19 10.41 10.78 11.03 11.22 11.44 11.75 12.06 12.31 12.50 12.62 12.91 13.09 13.25 13.34 13.62 13.91 14.09 14.22 14.31 14.44 14.69 14.91 15.47 15.78 16.28 16.69 17.03
1.19 1.22 1.22 1.16 1.31 1.12 1.06 1.16 1.06 1.09 1.03 0.91 0.84 0.81 0.84 0.88 1.03 1.12 1.22 1.31 1.47 1.66 1.88 2.38 3.06 3.62 4.19 4.69 5.16 5.75 6.00 6.16 6.34 6.53 6.72 6.91 7.09 7.25 7.44 7.62 7.78 7.94 8.09 8.25 8.41 8.53 8.78 9.00 9.19 9.38 9.72 9.88 10.28 10.66 10.97 11.16 11.44 11.69 11.94 12.25 12.59 12.75 12.84 13.19 13.25 13.53 13.66 13.84 14.12 14.38 14.50 14.59 14.66 15.00 15.28 15.56 16.03 16.41 16.72 17.06
1.25 1.31 1.25 1.22 1.22 1.06 1.03 1.00 1.03 1.00 0.94 0.84 0.84 0.88 0.88 1.03 1.16 1.28 1.34 1.47 1.59 1.72 1.97 2.69 3.28 3.72 4.31 4.88 5.44 5.91 6.16 6.31 6.47 6.66 6.81 7.00 7.19 7.38 7.53 7.72 7.91 8.06 8.22 8.38 8.56 8.75 8.91 9.12 9.34 9.66 9.78 10.06 10.44 10.75 11.16 11.38 11.53 11.81 12.09 12.44 12.78 13.03 13.22 13.44 13.59 13.78 13.88 13.88 14.31 14.59 14.78 14.91 15.00 15.16 15.47 15.78 16.16 16.53 16.84 17.09
1.25 1.38 1.31 1.31 1.22 1.09 1.03 1.00 0.97 0.91 0.84 0.84 0.88 0.91 1.03 1.19 1.31 1.41 1.47 1.59 1.69 1.81 2.31 2.97 3.47 3.97 4.47 4.97 5.44 6.06 6.28 6.44 6.62 6.81 6.97 7.16 7.31 7.47 7.66 7.84 8.00 8.19 8.34 8.50 8.75 8.94 9.06 9.28 9.56 9.84 10.06 10.28 10.66 10.97 11.38 11.66 11.84 12.00 12.12 12.56 13.00 13.31 13.59 13.69 13.88 14.03 14.16 14.25 14.47 14.75 15.00 15.19 15.28 15.38 15.59 15.91 16.28 16.62 16.91 17.16
1.25 1.44 1.34 1.34 1.19 1.12 1.03 1.00 0.94 0.88 0.84 0.88 0.94 0.97 1.19 1.34 1.44 1.53 1.62 1.72 1.84 2.09 2.75 3.31 3.81 4.34 4.78 5.16 5.69 6.06 6.28 6.53 6.72 6.91 7.09 7.25 7.44 7.59 7.78 7.94 8.12 8.31 8.50 8.66 8.91 9.16 9.31 9.47 9.66 9.97 10.31 10.69 10.97 11.25 11.66 11.94 12.09 12.19 12.38 12.66 13.03 13.47 13.84 14.00 14.06 14.22 14.44 14.56 14.56 14.91 15.22 15.44 15.59 15.78 15.91 16.16 16.44 16.66 17.00 17.25
1.38 1.47 1.47 1.44 1.28 1.12 1.03 0.97 0.91 0.88 0.88 0.94 0.97 1.12 1.34 1.47 1.56 1.66 1.75 1.91 2.12 2.59 3.06 3.59 4.09 4.62 5.03 5.44 5.78 6.09 6.38 6.59 6.81 7.03 7.19 7.38 7.53 7.72 7.88 8.06 8.28 8.47 8.66 8.81 9.06 9.34 9.50 9.72 9.94 10.09 10.47 10.88 11.25 11.62 11.97 12.19 12.44 12.56 12.62 12.91 13.44 13.81 14.09 14.28 14.31 14.50 14.75 14.88 14.88 15.12 15.47 15.69 15.81 15.94 16.16 16.34 16.62 16.88 17.09 17.38
1.41 1.47 1.59 1.44 1.28 1.22 1.03 0.94 0.94 0.94 1.00 1.03 1.06 1.28 1.47 1.59 1.69 1.75 1.88 2.09 2.50 2.88 3.34 3.88 4.38 4.91 5.25 5.59 5.91 6.22 6.47 6.72 6.94 7.12 7.31 7.50 7.66 7.84 8.00 8.19 8.41 8.59 8.81 9.00 9.28 9.47 9.56 9.81 10.12 10.50 10.69 11.06 11.38 11.84 12.25 12.62 12.81 12.97 12.94 13.44 13.75 14.06 14.38 14.47 14.72 14.88 15.03 15.22 15.38 15.53 15.69 15.88 16.03 16.16 16.31 16.56 16.81 17.00 17.28 17.50
1.38 1.53 1.53 1.41 1.31 1.16 1.03 1.00 1.00 1.09 1.12 1.09 1.25 1.44 1.62 1.75 1.78 1.88 1.97 2.22 2.81 3.19 3.62 4.22 4.75 5.16 5.50 5.78 6.06 6.34 6.59 6.81 7.03 7.25 7.44 7.62 7.78 7.97 8.12 8.31 8.53 8.75 8.97 9.19 9.50 9.66 9.81 10.00 10.38 10.75 11.06 11.34 11.56 11.97 12.50 12.84 13.16 13.34 13.47 13.72 14.03 14.34 14.59 14.81 15.03 15.19 15.34 15.47 15.66 15.84 15.91 16.09 16.25 16.31 16.59 16.81 17.06 17.25 17.47 17.75
1.38 1.56 1.56 1.47 1.34 1.16 1.09 1.12 1.22 1.28 1.25 1.19 1.38 1.59 1.75 1.88 1.91 1.97 2.03 2.38 3.06 3.56 4.06 4.62 5.09 5.47 5.75 6.00 6.28 6.53 6.75 6.97 7.19 7.38 7.56 7.75 7.94 8.09 8.28 8.47 8.66 8.91 9.12 9.38 9.66 9.88 10.06 10.34 10.59 10.94 11.31 11.66 11.94 12.38 12.72 13.09 13.41 13.75 13.91 13.94 14.25 14.50 14.81 15.06 15.25 15.44 15.59 15.66 15.91 16.06 16.19 16.28 16.47 16.69 16.84 17.09 17.31 17.53 17.66 17.97
1.38 1.50 1.50 1.47 1.44 1.25 1.25 1.34 1.44 1.44 1.34 1.31 1.50 1.69 1.84 1.97 2.03 2.03 2.12 2.62 3.47 3.91 4.50 4.91 5.47 5.72 5.97 6.22 6.47 6.69 6.91 7.12 7.34 7.53 7.72 7.91 8.09 8.25 8.41 8.62 8.81 9.06 9.25 9.56 9.84 10.09 10.28 10.56 10.91 11.19 11.53 11.97 12.28 12.62 12.84 13.34 13.75 14.03 14.25 14.34 14.56 14.56 15.00 15.28 15.47 15.62 15.81 16.00 16.09 16.22 16.41 16.59 16.78 16.94 17.12 17.31 17.50 17.78 18.06 18.16
1.41 1.53 1.62 1.56 1.50 1.41 1.47 1.56 1.62 1.56 1.34 1.47 1.66 1.81 1.97 2.09 2.16 2.16 2.41 3.09 3.84 4.34 4.88 5.34 5.72 5.94 6.16 6.41 6.62 6.84 7.06 7.28 7.47 7.69 7.88 8.06 8.25 8.41 8.59 8.78 8.94 9.25 9.53 9.78 10.03 10.34 10.53 10.75 11.22 11.53 11.94 12.28 12.56 12.84 13.16 13.50 13.97 14.31 14.53 14.78 14.94 15.06 15.09 15.50 15.75 15.94 16.03 16.25 16.38 16.50 16.53 16.75 16.97 17.19 17.34 17.50 17.78 18.06 18.38 18.62
1.44 1.53 1.56 1.69 1.59 1.59 1.66 1.72 1.72 1.50 1.41 1.59 1.78 1.94 2.09 2.25 2.28 2.41 2.97 3.84 4.31 4.75 5.19 5.66 5.94 6.12 6.34 6.59 6.81 7.00 7.22 7.44 7.62 7.84 8.03 8.22 8.44 8.59 8.78 8.97 9.19 9.38 9.62 10.00 10.31 10.59 10.75 11.09 11.44 11.84 12.22 12.47 12.75 13.00 13.31 13.72 14.12 14.44 14.81 15.06 15.19 15.41 15.34 15.62 16.03 16.25 16.38 16.47 16.62 16.75 16.81 16.91 17.12 17.34 17.53 17.66 18.00 18.34 18.69 19.00
1.44 1.47 1.66 1.66 1.66 1.72 1.78 1.81 1.72 1.38 1.50 1.72 1.94 2.06 2.25 2.41 2.56 2.97 3.78 4.44 4.72 5.12 5.62 5.88 6.12 6.34 6.56 6.78 6.97 7.19 7.41 7.59 7.78 8.00 8.19 8.41 8.62 8.81 9.00 9.25 9.47 9.72 9.84 10.09 10.53 10.75 11.12 11.25 11.69 12.06 12.44 12.66 12.84 13.22 13.50 13.94 14.31 14.56 14.97 15.19 15.47 15.66 15.78 15.78 16.34 16.53 16.62 16.72 16.78 16.94 17.00 17.03 17.25 17.47 17.69 17.94 18.25 18.50 18.97 19.31
1.50 1.50 1.72 1.72 1.81 1.94 1.91 1.88 1.59 1.41 1.62 1.84 2.06 2.19 2.38 2.88 3.28 3.88 4.38 4.81 5.22 5.56 5.94 6.16 6.31 6.53 6.72 6.94 7.12 7.34 7.53 7.75 7.94 8.16 8.38 8.59 8.81 9.03 9.25 9.50 9.69 9.97 10.06 10.44 10.69 11.03 11.31 11.56 11.94 12.28 12.66 12.88 13.03 13.31 13.81 14.06 14.50 14.75 15.00 15.38 15.69 15.94 16.12 16.34 16.62 16.81 16.94 17.03 17.09 17.12 17.19 17.22 17.31 17.47 17.72 18.06 18.44 18.75 19.03 19.56
1.50 1.50 1.75 1.78 1.94 2.03 1.97 1.88 1.44 1.53 1.75 1.94 2.12 2.25 2.62 3.66 4.00 4.31 4.72 5.09 5.56 6.00 6.22 6.31 6.47 6.66 6.84 7.06 7.25 7.47 7.66 7.88 8.09 8.31 8.53 8.78 9.00 9.28 9.53 9.78 10.09 10.28 10.50 10.78 11.03 11.16 11.41 11.84 12.22 12.59 12.91 13.16 13.38 13.62 13.97 14.38 14.66 14.91 15.25 15.44 15.88 16.19 16.38 16.59 16.88 17.00 17.06 17.12 17.16 17.22 17.28 17.34 17.41 17.53 17.75 18.06 18.53 19.00 19.28 19.66
1.53 1.50 1.75 1.81 2.06 2.12 2.03 1.84 1.47 1.66 1.84 2.03 2.19 2.22 2.75 3.72 4.12 4.53 4.94 5.41 5.81 6.25 6.34 6.44 6.62 6.78 6.97 7.16 7.38 7.56 7.78 8.00 8.22 8.44 8.69 8.94 9.19 9.53 9.84 10.12 10.38 10.59 10.81 10.97 11.22 11.56 11.88 12.09 12.44 12.84 13.16 13.41 13.62 13.97 14.31 14.53 14.91 15.19 15.47 15.78 15.94 16.34 16.59 16.81 17.03 17.09 17.12 17.16 17.22 17.28 17.34 17.41 17.47 17.66 17.81 18.09 18.66 19.09 19.41 19.69
1.50 1.50 1.78 1.88 2.16 2.16 2.06 1.81 1.56 1.75 1.97 2.12 2.19 2.22 2.94 3.72 4.19 4.69 5.12 5.59 6.09 6.38 6.47 6.59 6.75 6.94 7.09 7.28 7.47 7.69 7.91 8.12 8.34 8.59 8.84 9.09 9.41 9.78 10.00 10.38 10.56 10.84 11.09 11.25 11.47 11.75 12.12 12.38 12.72 13.09 13.44 13.72 13.94 14.16 14.47 14.78 15.03 15.31 15.59 16.00 16.25 16.56 16.78 16.97 17.16 17.19 17.19 17.25 17.28 17.34 17.41 17.47 17.56 17.75 17.97 18.22 18.69 19.06 19.41 19.72
1.53 1.56 1.81 1.91 2.16 2.16 2.06 1.81 1.66 1.84 2.06 2.19 2.16 2.44 3.16 3.66 4.25 4.84 5.38 5.81 6.22 6.53 6.59 6.75 6.91 7.06 7.22 7.41 7.59 7.81 8.03 8.25 8.47 8.72 8.97 9.25 9.59 9.97 10.19 10.44 10.66 10.97 11.28 11.53 11.69 11.84 12.25 12.66 12.97 13.28 13.59 13.97 14.22 14.38 14.56 14.91 15.19 15.50 15.84 16.12 16.47 16.75 16.84 17.12 17.25 17.28 17.28 17.31 17.38 17.41 17.47 17.56 17.66 17.81 18.00 18.28 18.69 18.97 19.25 19.69
