everonasctiles/Tile[48,18].asc
ncols 128
nrows 128
xllcorner 0
yllcorner 0
cellsize 2.0
NODATA_value  -9999
[rows 0 to 30 of 128, columns 0 to 69 of 128]
-98.97 -99.12 -99.28 -99.44 -99.62 -99.81 -100.03 -100.22 -100.41 -100.59 -100.75 -100.91 -101.03 -101.16 -101.31 -101.50 -101.66 -101.84 -102.03 -102.19 -102.31 -102.47 -102.56 -102.69 -102.78 -102.84 -102.91 -102.97 -103.06 -103.12 -103.22 -103.31 -103.44 -103.53 -103.62 -103.69 -103.78 -103.84 -103.91 -104.00 -104.06 -104.09 -104.12 -104.16 -104.19 -104.22 -104.28 -104.34 -104.41 -104.59 -105.06 -105.59 -105.97 -106.31 -106.53 -106.62 -106.69 -107.03 -107.62 -108.12 -108.56 -108.91 -109.25 -109.59 -109.91 -110.22 -110.50 -110.78 -111.03 -111.28
-99.06 -99.19 -99.34 -99.50 -99.66 -99.84 -100.03 -100.22 -100.41 -100.59 -100.75 -100.91 -101.03 -101.19 -101.34 -101.50 -101.66 -101.84 -102.00 -102.19 -102.34 -102.50 -102.66 -102.78 -102.88 -102.97 -103.03 -103.09 -103.16 -103.25 -103.31 -103.41 -103.50 -103.56 -103.66 -103.72 -103.75 -103.81 -103.91 -103.94 -104.00 -104.03 -104.03 -104.03 -104.03 -104.03 -104.00 -103.97 -103.88 -104.06 -104.62 -105.19 -105.56 -105.88 -106.09 -106.19 -106.28 -106.81 -107.41 -107.88 -108.31 -108.69 -109.03 -109.41 -109.75 -110.06 -110.38 -110.62 -110.88 -111.12
-99.16 -99.31 -99.44 -99.56 -99.72 -99.88 -100.06 -100.25 -100.41 -100.59 -100.75 -100.91 -101.03 -101.19 -101.31 -101.47 -101.59 -101.75 -101.94 -102.12 -102.34 -102.50 -102.69 -102.81 -102.94 -103.06 -103.12 -103.22 -103.28 -103.34 -103.44 -103.50 -103.56 -103.62 -103.66 -103.72 -103.75 -103.81 -103.88 -103.91 -103.94 -103.94 -103.94 -103.91 -103.88 -103.84 -103.78 -103.72 -103.56 -103.81 -104.38 -104.84 -105.19 -105.47 -105.69 -105.81 -106.16 -106.69 -107.22 -107.66 -108.09 -108.47 -108.84 -109.22 -109.56 -109.88 -110.16 -110.44 -110.66 -110.91
-99.28 -99.41 -99.53 -99.66 -99.81 -99.94 -100.09 -100.28 -100.44 -100.59 -100.75 -100.88 -101.03 -101.16 -101.25 -101.38 -101.50 -101.66 -101.88 -102.06 -102.28 -102.50 -102.69 -102.84 -103.00 -103.12 -103.22 -103.31 -103.38 -103.44 -103.50 -103.56 -103.62 -103.66 -103.69 -103.72 -103.75 -103.78 -103.81 -103.84 -103.88 -103.88 -103.84 -103.81 -103.75 -103.69 -103.62 -103.53 -103.47 -103.72 -104.12 -104.50 -104.84 -105.09 -105.34 -105.66 -106.09 -106.56 -107.03 -107.44 -107.88 -108.25 -108.62 -108.97 -109.31 -109.59 -109.88 -110.12 -110.38 -110.59
-99.38 -99.50 -99.62 -99.75 -99.88 -100.00 -100.16 -100.31 -100.44 -100.59 -100.72 -100.84 -100.97 -101.06 -101.16 -101.25 -101.38 -101.53 -101.75 -102.00 -102.25 -102.47 -102.69 -102.88 -103.06 -103.19 -103.31 -103.41 -103.47 -103.53 -103.56 -103.59 -103.66 -103.66 -103.69 -103.69 -103.72 -103.75 -103.78 -103.81 -103.81 -103.81 -103.78 -103.72 -103.66 -103.59 -103.53 -103.44 -103.44 -103.59 -103.91 -104.22 -104.50 -104.81 -105.12 -105.53 -105.94 -106.38 -106.78 -107.19 -107.59 -107.97 -108.31 -108.66 -108.97 -109.25 -109.50 -109.75 -110.00 -110.25
-99.44 -99.56 -99.69 -99.81 -99.94 -100.06 -100.19 -100.31 -100.47 -100.59 -100.69 -100.78 -100.88 -100.94 -101.03 -101.12 -101.25 -101.44 -101.69 -101.97 -102.25 -102.50 -102.72 -102.91 -103.09 -103.25 -103.38 -103.47 -103.53 -103.56 -103.59 -103.62 -103.62 -103.66 -103.66 -103.66 -103.69 -103.72 -103.75 -103.75 -103.75 -103.75 -103.72 -103.66 -103.59 -103.50 -103.44 -103.38 -103.34 -103.47 -103.69 -103.97 -104.25 -104.56 -104.94 -105.31 -105.72 -106.12 -106.50 -106.88 -107.28 -107.62 -107.97 -108.25 -108.56 -108.81 -109.06 -109.34 -109.59 -109.84
-99.50 -99.62 -99.75 -99.88 -99.97 -100.09 -100.22 -100.34 -100.47 -100.56 -100.66 -100.72 -100.78 -100.88 -100.97 -101.09 -101.28 -101.53 -101.78 -102.03 -102.28 -102.53 -102.75 -102.97 -103.12 -103.28 -103.41 -103.50 -103.56 -103.56 -103.56 -103.56 -103.56 -103.59 -103.62 -103.62 -103.66 -103.66 -103.69 -103.72 -103.72 -103.69 -103.66 -103.59 -103.50 -103.44 -103.34 -103.28 -103.25 -103.31 -103.47 -103.72 -104.03 -104.34 -104.72 -105.09 -105.47 -105.81 -106.19 -106.56 -106.91 -107.22 -107.53 -107.84 -108.12 -108.38 -108.59 -108.88 -109.12 -109.44
-99.62 -99.75 -99.84 -99.94 -100.06 -100.16 -100.28 -100.41 -100.50 -100.59 -100.66 -100.69 -100.75 -100.88 -101.00 -101.19 -101.41 -101.66 -101.88 -102.12 -102.34 -102.56 -102.78 -103.00 -103.16 -103.31 -103.44 -103.53 -103.56 -103.53 -103.50 -103.50 -103.50 -103.53 -103.56 -103.56 -103.59 -103.62 -103.66 -103.66 -103.66 -103.62 -103.59 -103.50 -103.44 -103.34 -103.28 -103.19 -103.16 -103.16 -103.25 -103.53 -103.81 -104.16 -104.50 -104.84 -105.19 -105.53 -105.88 -106.22 -106.53 -106.81 -107.09 -107.38 -107.66 -107.88 -108.09 -108.31 -108.62 -109.03
-99.75 -99.88 -99.97 -100.06 -100.16 -100.28 -100.41 -100.50 -100.62 -100.69 -100.72 -100.75 -100.81 -100.91 -101.06 -101.28 -101.50 -101.75 -102.00 -102.22 -102.44 -102.62 -102.81 -103.00 -103.16 -103.31 -103.41 -103.50 -103.50 -103.47 -103.44 -103.41 -103.44 -103.44 -103.47 -103.53 -103.56 -103.56 -103.59 -103.59 -103.59 -103.56 -103.50 -103.44 -103.34 -103.28 -103.19 -103.12 -103.06 -103.03 -103.12 -103.38 -103.66 -103.97 -104.28 -104.59 -104.91 -105.22 -105.56 -105.84 -106.12 -106.41 -106.69 -106.94 -107.19 -107.38 -107.56 -107.84 -108.28 -108.72
-99.91 -100.03 -100.16 -100.22 -100.31 -100.44 -100.53 -100.66 -100.75 -100.81 -100.81 -100.81 -100.88 -100.97 -101.12 -101.34 -101.56 -101.81 -102.06 -102.28 -102.50 -102.66 -102.84 -103.00 -103.12 -103.25 -103.38 -103.41 -103.44 -103.41 -103.34 -103.31 -103.34 -103.38 -103.41 -103.44 -103.50 -103.53 -103.53 -103.53 -103.50 -103.47 -103.44 -103.38 -103.28 -103.19 -103.09 -103.03 -102.97 -102.94 -103.03 -103.25 -103.50 -103.78 -104.06 -104.38 -104.66 -104.97 -105.25 -105.53 -105.78 -106.03 -106.28 -106.50 -106.72 -106.94 -107.22 -107.62 -108.06 -108.44
-100.03 -100.22 -100.34 -100.41 -100.50 -100.59 -100.72 -100.81 -100.91 -100.97 -100.94 -100.91 -100.94 -101.03 -101.19 -101.38 -101.62 -101.84 -102.09 -102.28 -102.47 -102.62 -102.78 -102.94 -103.06 -103.19 -103.28 -103.31 -103.31 -103.28 -103.25 -103.22 -103.25 -103.28 -103.34 -103.41 -103.44 -103.44 -103.44 -103.44 -103.44 -103.41 -103.34 -103.28 -103.22 -103.12 -103.03 -102.97 -102.88 -102.84 -102.91 -103.12 -103.34 -103.62 -103.88 -104.16 -104.44 -104.72 -104.97 -105.22 -105.44 -105.69 -105.91 -106.12 -106.38 -106.69 -107.06 -107.44 -107.84 -108.19
-100.16 -100.38 -100.53 -100.62 -100.72 -100.81 -100.91 -101.00 -101.06 -101.09 -101.06 -101.03 -101.00 -101.06 -101.22 -101.41 -101.62 -101.84 -102.03 -102.22 -102.38 -102.50 -102.66 -102.78 -102.94 -103.06 -103.16 -103.19 -103.19 -103.16 -103.12 -103.12 -103.12 -103.19 -103.28 -103.34 -103.38 -103.38 -103.38 -103.38 -103.34 -103.31 -103.28 -103.25 -103.16 -103.09 -103.00 -102.91 -102.84 -102.78 -102.81 -103.00 -103.22 -103.47 -103.72 -103.97 -104.22 -104.50 -104.72 -104.97 -105.19 -105.41 -105.62 -105.88 -106.19 -106.53 -106.88 -107.25 -107.56 -107.84
-100.31 -100.53 -100.69 -100.84 -100.94 -101.03 -101.09 -101.19 -101.22 -101.25 -101.22 -101.16 -101.06 -101.09 -101.22 -101.38 -101.56 -101.75 -101.94 -102.06 -102.19 -102.34 -102.47 -102.62 -102.78 -102.91 -103.00 -103.06 -103.06 -103.03 -103.00 -103.00 -103.03 -103.12 -103.19 -103.25 -103.28 -103.31 -103.28 -103.28 -103.28 -103.28 -103.25 -103.19 -103.12 -103.06 -102.97 -102.88 -102.78 -102.72 -102.75 -102.91 -103.09 -103.31 -103.56 -103.81 -104.06 -104.28 -104.53 -104.75 -104.97 -105.22 -105.47 -105.72 -106.03 -106.34 -106.66 -106.97 -107.22 -107.41
-100.44 -100.66 -100.88 -101.03 -101.12 -101.22 -101.31 -101.34 -101.41 -101.38 -101.34 -101.28 -101.19 -101.12 -101.19 -101.34 -101.50 -101.66 -101.78 -101.91 -102.00 -102.12 -102.28 -102.44 -102.62 -102.75 -102.84 -102.88 -102.88 -102.84 -102.81 -102.84 -102.91 -103.00 -103.09 -103.16 -103.19 -103.22 -103.22 -103.22 -103.25 -103.22 -103.19 -103.16 -103.09 -103.03 -102.94 -102.84 -102.75 -102.69 -102.69 -102.81 -103.00 -103.22 -103.44 -103.66 -103.91 -104.12 -104.38 -104.59 -104.84 -105.06 -105.31 -105.59 -105.84 -106.12 -106.38 -106.59 -106.78 -106.97
-100.59 -100.81 -101.00 -101.19 -101.31 -101.41 -101.50 -101.53 -101.56 -101.56 -101.50 -101.41 -101.31 -101.19 -101.16 -101.25 -101.38 -101.50 -101.62 -101.72 -101.81 -101.91 -102.09 -102.28 -102.44 -102.59 -102.69 -102.72 -102.69 -102.66 -102.62 -102.66 -102.75 -102.88 -102.97 -103.03 -103.09 -103.09 -103.12 -103.16 -103.19 -103.19 -103.16 -103.12 -103.06 -103.00 -102.91 -102.81 -102.72 -102.66 -102.62 -102.75 -102.91 -103.09 -103.31 -103.53 -103.75 -103.97 -104.22 -104.47 -104.72 -104.97 -105.19 -105.44 -105.66 -105.88 -106.06 -106.22 -106.38 -106.50
-100.72 -100.91 -101.12 -101.28 -101.44 -101.56 -101.66 -101.72 -101.75 -101.72 -101.66 -101.56 -101.44 -101.31 -101.12 -101.12 -101.25 -101.38 -101.44 -101.53 -101.59 -101.72 -101.91 -102.09 -102.28 -102.44 -102.50 -102.50 -102.47 -102.44 -102.41 -102.47 -102.56 -102.69 -102.81 -102.91 -102.94 -102.97 -103.03 -103.09 -103.12 -103.12 -103.09 -103.06 -103.03 -102.97 -102.88 -102.78 -102.69 -102.59 -102.56 -102.66 -102.78 -102.97 -103.16 -103.38 -103.59 -103.81 -104.06 -104.31 -104.59 -104.84 -105.06 -105.28 -105.47 -105.62 -105.75 -105.84 -105.94 -106.03
-100.84 -101.00 -101.19 -101.38 -101.56 -101.72 -101.81 -101.91 -101.94 -101.91 -101.84 -101.72 -101.59 -101.44 -101.22 -101.06 -101.12 -101.22 -101.28 -101.34 -101.41 -101.56 -101.75 -101.94 -102.09 -102.22 -102.31 -102.31 -102.25 -102.19 -102.19 -102.25 -102.34 -102.50 -102.62 -102.72 -102.78 -102.84 -102.91 -103.00 -103.03 -103.06 -103.03 -103.00 -102.97 -102.91 -102.81 -102.72 -102.62 -102.53 -102.50 -102.53 -102.66 -102.84 -103.00 -103.22 -103.44 -103.66 -103.94 -104.19 -104.44 -104.69 -104.91 -105.09 -105.28 -105.38 -105.44 -105.50 -105.53 -105.62
-100.94 -101.09 -101.28 -101.50 -101.69 -101.84 -101.97 -102.06 -102.12 -102.09 -102.03 -101.91 -101.75 -101.59 -101.41 -101.28 -101.19 -101.12 -101.09 -101.12 -101.25 -101.44 -101.59 -101.75 -101.91 -102.00 -102.09 -102.06 -102.00 -101.94 -101.91 -102.00 -102.12 -102.25 -102.41 -102.50 -102.59 -102.69 -102.78 -102.88 -102.94 -102.97 -102.97 -102.97 -102.91 -102.84 -102.78 -102.66 -102.53 -102.44 -102.41 -102.44 -102.53 -102.69 -102.84 -103.03 -103.25 -103.50 -103.75 -104.03 -104.28 -104.53 -104.75 -104.94 -105.06 -105.16 -105.19 -105.19 -105.19 -105.28
-101.12 -101.22 -101.44 -101.62 -101.81 -102.00 -102.12 -102.25 -102.28 -102.28 -102.19 -102.06 -101.91 -101.78 -101.62 -101.50 -101.41 -101.31 -101.19 -101.00 -101.12 -101.31 -101.44 -101.56 -101.69 -101.78 -101.84 -101.84 -101.75 -101.69 -101.66 -101.72 -101.84 -102.00 -102.16 -102.28 -102.41 -102.53 -102.66 -102.75 -102.81 -102.88 -102.88 -102.88 -102.84 -102.81 -102.72 -102.59 -102.47 -102.38 -102.28 -102.28 -102.38 -102.50 -102.66 -102.84 -103.09 -103.34 -103.59 -103.88 -104.12 -104.38 -104.56 -104.75 -104.84 -104.91 -104.94 -104.91 -104.91 -104.97
-101.38 -101.44 -101.62 -101.81 -101.97 -102.16 -102.28 -102.41 -102.47 -102.47 -102.38 -102.25 -102.12 -101.97 -101.84 -101.72 -101.59 -101.47 -101.38 -101.19 -101.00 -101.16 -101.28 -101.41 -101.47 -101.56 -101.59 -101.59 -101.50 -101.44 -101.38 -101.44 -101.56 -101.72 -101.88 -102.03 -102.19 -102.34 -102.50 -102.59 -102.69 -102.75 -102.78 -102.78 -102.78 -102.72 -102.66 -102.53 -102.41 -102.28 -102.19 -102.16 -102.22 -102.34 -102.50 -102.69 -102.91 -103.16 -103.44 -103.72 -103.97 -104.19 -104.41 -104.53 -104.66 -104.72 -104.72 -104.69 -104.69 -104.72
-101.69 -101.72 -101.88 -102.03 -102.19 -102.34 -102.47 -102.56 -102.62 -102.62 -102.56 -102.44 -102.31 -102.19 -102.06 -101.94 -101.81 -101.66 -101.53 -101.38 -101.16 -101.00 -101.06 -101.19 -101.28 -101.34 -101.38 -101.34 -101.28 -101.19 -101.09 -101.12 -101.28 -101.44 -101.59 -101.78 -101.97 -102.16 -102.31 -102.44 -102.53 -102.59 -102.62 -102.66 -102.66 -102.62 -102.56 -102.44 -102.31 -102.19 -102.09 -102.03 -102.06 -102.16 -102.31 -102.53 -102.75 -103.03 -103.28 -103.56 -103.81 -104.03 -104.22 -104.34 -104.44 -104.50 -104.53 -104.50 -104.47 -104.47
-102.00 -102.03 -102.16 -102.28 -102.41 -102.53 -102.62 -102.72 -102.78 -102.78 -102.72 -102.62 -102.50 -102.38 -102.25 -102.16 -102.03 -101.88 -101.72 -101.56 -101.41 -101.25 -101.12 -101.03 -101.06 -101.12 -101.16 -101.12 -101.03 -100.94 -100.84 -100.78 -100.94 -101.16 -101.34 -101.53 -101.75 -101.94 -102.12 -102.28 -102.38 -102.44 -102.50 -102.53 -102.53 -102.50 -102.41 -102.31 -102.19 -102.06 -101.97 -101.91 -101.91 -102.00 -102.16 -102.38 -102.62 -102.88 -103.16 -103.41 -103.66 -103.88 -104.03 -104.16 -104.25 -104.31 -104.34 -104.31 -104.28 -104.28
-102.31 -102.34 -102.44 -102.53 -102.62 -102.72 -102.81 -102.91 -102.94 -102.94 -102.91 -102.81 -102.69 -102.59 -102.47 -102.38 -102.22 -102.06 -101.91 -101.75 -101.62 -101.53 -101.41 -101.25 -101.09 -101.00 -100.97 -100.91 -100.81 -100.72 -100.56 -100.38 -100.50 -100.81 -101.06 -101.25 -101.50 -101.72 -101.94 -102.09 -102.22 -102.28 -102.34 -102.38 -102.38 -102.34 -102.25 -102.16 -102.03 -101.91 -101.81 -101.75 -101.75 -101.88 -102.03 -102.25 -102.50 -102.75 -103.00 -103.25 -103.47 -103.69 -103.84 -103.97 -104.06 -104.12 -104.16 -104.16 -104.12 -104.06
-102.59 -102.62 -102.69 -102.78 -102.88 -102.94 -103.00 -103.06 -103.09 -103.09 -103.06 -102.97 -102.88 -102.78 -102.69 -102.56 -102.44 -102.28 -102.12 -102.00 -101.84 -101.75 -101.59 -101.44 -101.28 -101.09 -100.91 -100.78 -100.66 -100.50 -100.28 -100.00 -100.06 -100.44 -100.75 -101.00 -101.25 -101.50 -101.72 -101.91 -102.03 -102.09 -102.19 -102.22 -102.22 -102.19 -102.09 -101.97 -101.84 -101.75 -101.66 -101.59 -101.59 -101.72 -101.88 -102.09 -102.34 -102.59 -102.81 -103.06 -103.28 -103.50 -103.66 -103.81 -103.91 -103.97 -104.00 -103.97 -103.94 -103.88
-102.81 -102.88 -102.94 -103.00 -103.09 -103.16 -103.19 -103.22 -103.25 -103.25 -103.22 -103.16 -103.06 -102.97 -102.88 -102.75 -102.62 -102.50 -102.34 -102.22 -102.09 -101.97 -101.81 -101.62 -101.44 -101.22 -100.97 -100.75 -100.53 -100.31 -100.00 -99.69 -99.66 -100.03 -100.47 -100.72 -100.97 -101.25 -101.47 -101.66 -101.81 -101.91 -102.00 -102.03 -102.03 -102.00 -101.91 -101.78 -101.66 -101.53 -101.47 -101.41 -101.44 -101.53 -101.72 -101.91 -102.16 -102.38 -102.62 -102.88 -103.09 -103.31 -103.47 -103.62 -103.72 -103.78 -103.81 -103.78 -103.75 -103.69
-103.03 -103.09 -103.16 -103.22 -103.28 -103.34 -103.38 -103.41 -103.41 -103.41 -103.38 -103.31 -103.22 -103.12 -103.03 -102.94 -102.84 -102.72 -102.56 -102.44 -102.31 -102.16 -102.00 -101.78 -101.56 -101.31 -101.06 -100.78 -100.50 -100.22 -99.88 -99.44 -99.31 -99.66 -100.16 -100.44 -100.69 -100.97 -101.19 -101.38 -101.53 -101.69 -101.78 -101.81 -101.81 -101.78 -101.69 -101.56 -101.44 -101.31 -101.25 -101.22 -101.25 -101.34 -101.50 -101.72 -101.94 -102.16 -102.41 -102.66 -102.91 -103.09 -103.28 -103.44 -103.53 -103.62 -103.62 -103.62 -103.56 -103.53
-103.16 -103.28 -103.34 -103.44 -103.47 -103.53 -103.53 -103.53 -103.53 -103.53 -103.50 -103.44 -103.38 -103.28 -103.22 -103.12 -103.00 -102.91 -102.78 -102.66 -102.50 -102.34 -102.16 -101.94 -101.69 -101.41 -101.16 -100.84 -100.56 -100.25 -99.91 -99.41 -99.06 -99.31 -99.84 -100.16 -100.41 -100.62 -100.88 -101.09 -101.28 -101.41 -101.50 -101.56 -101.56 -101.53 -101.44 -101.31 -101.19 -101.09 -101.03 -101.00 -101.03 -101.12 -101.31 -101.50 -101.72 -101.94 -102.22 -102.47 -102.69 -102.91 -103.09 -103.25 -103.34 -103.41 -103.44 -103.44 -103.41 -103.34
-103.22 -103.41 -103.50 -103.59 -103.66 -103.69 -103.69 -103.69 -103.66 -103.66 -103.59 -103.56 -103.50 -103.44 -103.34 -103.25 -103.16 -103.06 -102.94 -102.81 -102.66 -102.50 -102.28 -102.06 -101.81 -101.53 -101.25 -100.94 -100.62 -100.28 -99.97 -99.56 -99.03 -98.97 -99.44 -99.84 -100.09 -100.31 -100.53 -100.78 -100.97 -101.12 -101.22 -101.28 -101.28 -101.25 -101.19 -101.06 -100.94 -100.84 -100.78 -100.78 -100.81 -100.91 -101.06 -101.25 -101.50 -101.75 -102.00 -102.25 -102.50 -102.72 -102.91 -103.03 -103.16 -103.22 -103.25 -103.25 -103.22 -103.16
-103.28 -103.47 -103.62 -103.72 -103.81 -103.81 -103.81 -103.78 -103.78 -103.75 -103.72 -103.66 -103.59 -103.53 -103.47 -103.41 -103.31 -103.22 -103.09 -102.97 -102.81 -102.62 -102.41 -102.19 -101.94 -101.66 -101.34 -101.03 -100.69 -100.34 -100.00 -99.66 -99.12 -98.72 -98.91 -99.28 -99.69 -99.97 -100.22 -100.44 -100.66 -100.81 -100.94 -100.97 -100.97 -100.94 -100.91 -100.81 -100.69 -100.59 -100.53 -100.53 -100.59 -100.69 -100.84 -101.03 -101.28 -101.53 -101.81 -102.06 -102.31 -102.50 -102.69 -102.81 -102.91 -102.97 -103.03 -103.06 -103.03 -102.97
-103.28 -103.50 -103.69 -103.81 -103.91 -103.91 -103.91 -103.88 -103.84 -103.81 -103.81 -103.75 -103.72 -103.66 -103.59 -103.50 -103.44 -103.34 -103.25 -103.09 -102.94 -102.75 -102.53 -102.31 -102.03 -101.75 -101.44 -101.09 -100.72 -100.38 -100.00 -99.66 -99.25 -98.62 -98.44 -98.66 -99.06 -99.53 -99.84 -100.09 -100.31 -100.50 -100.59 -100.62 -100.62 -100.62 -100.59 -100.53 -100.44 -100.34 -100.31 -100.31 -100.38 -100.47 -100.62 -100.84 -101.06 -101.34 -101.62 -101.88 -102.06 -102.25 -102.44 -102.56 -102.66 -102.75 -102.81 -102.84 -102.84 -102.78
-103.28 -103.50 -103.72 -103.88 -103.97 -104.00 -103.97 -103.94 -103.91 -103.91 -103.88 -103.84 -103.78 -103.75 -103.69 -103.62 -103.56 -103.47 -103.38 -103.22 -103.06 -102.88 -102.66 -102.41 -102.16 -101.84 -101.50 -101.12 -100.75 -100.38 -100.00 -99.66 -99.25 -98.66 -98.16 -98.16 -98.56 -99.12 -99.50 -99.75 -100.00 -100.16 -100.25 -100.25 -100.25 -100.28 -100.28 -100.25 -100.16 -100.09 -100.06 -100.06 -100.12 -100.25 -100.44 -100.66 -100.91 -101.16 -101.41 -101.62 -101.81 -102.00 -102.16 -102.28 -102.41 -102.50 -102.56 -102.59 -102.62 -102.59
