everonasctiles/Tile49,45.asc
ncols 128
nrows 128
xllcorner 0
yllcorner 0
cellsize 2.0
NODATA_value  -9999
[rows 62 to 92 of 128, columns 0 to 68 of 128]
-62.06 -62.19 -62.31 -62.41 -62.47 -62.47 -62.47 -62.44 -62.41 -62.34 -62.28 -62.19 -62.03 -62.38 -63.12 -63.94 -64.59 -65.31 -66.09 -66.97 -67.84 -68.72 -69.62 -70.53 -71.44 -72.38 -73.28 -74.22 -75.09 -75.97 -76.78 -77.59 -78.38 -79.16 -79.91 -80.69 -81.44 -82.16 -82.88 -83.59 -84.31 -84.97 -85.66 -86.28 -86.91 -87.53 -88.09 -88.69 -89.25 -89.81 -90.34 -90.91 -91.41 -91.91 -92.38 -92.81 -93.19 -93.59 -93.94 -94.28 -94.62 -94.97 -95.28 -95.62 -95.94 -96.28 -96.59 -96.94 -97.25
-61.78 -61.91 -62.03 -62.12 -62.19 -62.19 -62.19 -62.16 -62.09 -62.06 -62.00 -61.91 -61.88 -62.34 -63.09 -63.75 -64.38 -65.06 -65.84 -66.66 -67.50 -68.38 -69.28 -70.25 -71.22 -72.19 -73.12 -74.03 -74.88 -75.72 -76.53 -77.34 -78.12 -78.91 -79.66 -80.44 -81.19 -81.94 -82.66 -83.38 -84.06 -84.75 -85.41 -86.09 -86.72 -87.34 -87.94 -88.53 -89.12 -89.72 -90.28 -90.84 -91.38 -91.84 -92.28 -92.69 -93.06 -93.44 -93.78 -94.12 -94.47 -94.81 -95.16 -95.50 -95.84 -96.19 -96.53 -96.88 -97.22
-61.47 -61.62 -61.75 -61.84 -61.88 -61.91 -61.88 -61.84 -61.81 -61.75 -61.72 -61.66 -61.72 -62.22 -62.91 -63.50 -64.06 -64.72 -65.41 -66.12 -66.94 -67.88 -68.94 -69.97 -70.94 -71.88 -72.75 -73.62 -74.47 -75.31 -76.12 -76.97 -77.75 -78.53 -79.28 -80.03 -80.78 -81.53 -82.25 -82.97 -83.62 -84.31 -85.03 -85.75 -86.47 -87.12 -87.78 -88.41 -89.03 -89.62 -90.22 -90.75 -91.25 -91.69 -92.09 -92.50 -92.88 -93.22 -93.56 -93.91 -94.25 -94.62 -94.97 -95.34 -95.72 -96.09 -96.47 -96.84 -97.16
-61.16 -61.28 -61.41 -61.53 -61.56 -61.59 -61.56 -61.53 -61.50 -61.47 -61.44 -61.41 -61.50 -61.94 -62.56 -63.12 -63.62 -64.19 -64.78 -65.53 -66.53 -67.59 -68.66 -69.59 -70.50 -71.34 -72.16 -73.00 -73.81 -74.72 -75.66 -76.50 -77.28 -78.03 -78.81 -79.56 -80.31 -81.03 -81.69 -82.34 -83.00 -83.72 -84.50 -85.31 -86.16 -86.91 -87.66 -88.31 -88.94 -89.53 -90.06 -90.56 -91.03 -91.44 -91.84 -92.22 -92.59 -92.94 -93.28 -93.66 -94.03 -94.41 -94.81 -95.22 -95.62 -96.03 -96.41 -96.78 -97.12
-60.81 -60.97 -61.09 -61.19 -61.25 -61.28 -61.25 -61.25 -61.22 -61.19 -61.19 -61.12 -61.28 -61.69 -62.19 -62.69 -63.19 -63.81 -64.56 -65.47 -66.41 -67.34 -68.25 -69.06 -69.84 -70.59 -71.34 -72.12 -73.09 -74.19 -75.12 -75.97 -76.75 -77.50 -78.25 -79.00 -79.72 -80.38 -80.97 -81.50 -82.19 -83.03 -83.97 -84.94 -85.91 -86.72 -87.50 -88.16 -88.75 -89.31 -89.84 -90.28 -90.72 -91.12 -91.53 -91.91 -92.28 -92.66 -93.03 -93.41 -93.81 -94.22 -94.66 -95.09 -95.50 -95.94 -96.34 -96.72 -97.06
-60.47 -60.62 -60.75 -60.88 -60.94 -60.97 -60.97 -60.97 -60.97 -60.94 -60.91 -60.97 -61.25 -61.66 -62.12 -62.62 -63.19 -63.84 -64.59 -65.38 -66.16 -66.97 -67.72 -68.41 -69.00 -69.56 -70.38 -71.41 -72.53 -73.66 -74.59 -75.44 -76.19 -76.94 -77.69 -78.41 -79.03 -79.53 -80.12 -80.84 -81.72 -82.66 -83.69 -84.75 -85.75 -86.59 -87.31 -87.97 -88.53 -89.06 -89.53 -89.94 -90.38 -90.78 -91.16 -91.56 -91.97 -92.34 -92.78 -93.19 -93.62 -94.09 -94.53 -94.97 -95.41 -95.84 -96.25 -96.66 -97.03
-60.09 -60.25 -60.41 -60.53 -60.62 -60.66 -60.66 -60.69 -60.72 -60.72 -60.78 -61.03 -61.38 -61.75 -62.19 -62.66 -63.19 -63.81 -64.44 -65.12 -65.81 -66.47 -67.09 -67.56 -68.12 -68.97 -69.97 -71.12 -72.25 -73.25 -74.12 -74.91 -75.66 -76.38 -77.03 -77.66 -78.28 -79.00 -79.81 -80.72 -81.69 -82.72 -83.78 -84.78 -85.69 -86.47 -87.12 -87.72 -88.25 -88.72 -89.16 -89.59 -90.00 -90.44 -90.84 -91.25 -91.69 -92.12 -92.56 -93.03 -93.50 -93.97 -94.44 -94.91 -95.34 -95.78 -96.22 -96.59 -96.97
-59.75 -59.94 -60.09 -60.22 -60.28 -60.34 -60.41 -60.44 -60.50 -60.59 -60.78 -61.06 -61.41 -61.75 -62.16 -62.62 -63.12 -63.66 -64.22 -64.78 -65.38 -65.97 -66.47 -67.09 -67.97 -69.00 -70.03 -71.03 -72.00 -72.91 -73.75 -74.53 -75.22 -75.88 -76.56 -77.31 -78.16 -79.09 -80.12 -81.16 -82.12 -83.09 -84.03 -84.88 -85.59 -86.28 -86.88 -87.41 -87.88 -88.34 -88.78 -89.22 -89.66 -90.09 -90.56 -91.00 -91.47 -91.94 -92.41 -92.88 -93.38 -93.84 -94.34 -94.81 -95.28 -95.75 -96.16 -96.56 -96.94
-59.44 -59.59 -59.75 -59.88 -60.00 -60.06 -60.12 -60.22 -60.31 -60.50 -60.75 -61.06 -61.38 -61.72 -62.09 -62.50 -62.94 -63.38 -63.88 -64.38 -64.91 -65.50 -66.28 -67.16 -68.06 -68.97 -69.91 -70.84 -71.75 -72.66 -73.50 -74.31 -75.09 -75.88 -76.69 -77.56 -78.53 -79.50 -80.53 -81.50 -82.41 -83.28 -84.06 -84.78 -85.41 -86.00 -86.53 -87.03 -87.47 -87.94 -88.41 -88.88 -89.34 -89.81 -90.31 -90.78 -91.28 -91.75 -92.25 -92.78 -93.28 -93.78 -94.28 -94.78 -95.25 -95.69 -96.09 -96.50 -96.88
-59.12 -59.28 -59.44 -59.56 -59.69 -59.78 -59.88 -60.00 -60.19 -60.44 -60.69 -61.00 -61.31 -61.62 -61.97 -62.31 -62.69 -63.06 -63.47 -63.91 -64.53 -65.34 -66.22 -67.03 -67.88 -68.75 -69.66 -70.56 -71.50 -72.44 -73.38 -74.28 -75.16 -76.03 -76.94 -77.88 -78.81 -79.81 -80.75 -81.62 -82.47 -83.22 -83.91 -84.50 -85.06 -85.59 -86.09 -86.56 -87.03 -87.50 -88.00 -88.50 -89.06 -89.56 -90.09 -90.59 -91.09 -91.62 -92.16 -92.69 -93.25 -93.78 -94.28 -94.75 -95.22 -95.66 -96.06 -96.44 -96.78
-58.81 -58.97 -59.12 -59.28 -59.41 -59.53 -59.66 -59.84 -60.06 -60.34 -60.59 -60.91 -61.19 -61.50 -61.78 -62.12 -62.44 -62.78 -63.16 -63.75 -64.50 -65.28 -66.06 -66.81 -67.59 -68.41 -69.28 -70.22 -71.19 -72.19 -73.22 -74.25 -75.22 -76.16 -77.09 -78.03 -78.97 -79.91 -80.78 -81.56 -82.28 -82.94 -83.53 -84.09 -84.62 -85.12 -85.59 -86.06 -86.53 -87.03 -87.56 -88.16 -88.75 -89.34 -89.88 -90.41 -90.94 -91.53 -92.16 -92.78 -93.38 -93.91 -94.38 -94.84 -95.25 -95.66 -96.03 -96.38 -96.72
-58.56 -58.69 -58.84 -59.00 -59.16 -59.31 -59.50 -59.72 -59.94 -60.22 -60.47 -60.75 -61.03 -61.31 -61.62 -61.94 -62.28 -62.72 -63.22 -63.81 -64.50 -65.16 -65.84 -66.53 -67.22 -67.94 -68.69 -69.53 -70.53 -71.62 -72.84 -74.09 -75.22 -76.22 -77.16 -78.09 -79.00 -79.81 -80.59 -81.25 -81.84 -82.41 -82.97 -83.53 -84.06 -84.59 -85.06 -85.50 -85.94 -86.50 -87.12 -87.81 -88.44 -89.03 -89.62 -90.22 -90.94 -91.69 -92.38 -93.00 -93.59 -94.12 -94.59 -95.06 -95.47 -95.84 -96.16 -96.47 -96.78
-58.31 -58.47 -58.62 -58.78 -58.94 -59.12 -59.34 -59.59 -59.84 -60.09 -60.34 -60.62 -60.91 -61.19 -61.50 -61.84 -62.25 -62.72 -63.22 -63.78 -64.41 -65.03 -65.69 -66.31 -66.91 -67.53 -68.31 -69.22 -70.25 -71.41 -72.69 -74.00 -75.16 -76.16 -77.09 -77.97 -78.78 -79.50 -80.16 -80.72 -81.19 -81.66 -82.28 -82.88 -83.47 -83.94 -84.38 -84.91 -85.53 -86.22 -86.94 -87.62 -88.28 -88.94 -89.59 -90.34 -91.16 -91.94 -92.62 -93.25 -93.81 -94.34 -94.84 -95.31 -95.72 -96.09 -96.44 -96.72 -97.00
-58.09 -58.25 -58.41 -58.59 -58.78 -59.00 -59.22 -59.47 -59.72 -59.97 -60.25 -60.50 -60.78 -61.09 -61.44 -61.81 -62.22 -62.69 -63.19 -63.72 -64.31 -64.94 -65.62 -66.31 -67.09 -67.94 -68.81 -69.75 -70.75 -71.81 -72.94 -74.09 -75.12 -76.09 -76.94 -77.72 -78.41 -79.00 -79.50 -79.94 -80.38 -80.88 -81.53 -82.16 -82.75 -83.31 -83.94 -84.66 -85.44 -86.22 -87.00 -87.75 -88.47 -89.19 -89.91 -90.66 -91.44 -92.19 -92.84 -93.47 -94.06 -94.62 -95.12 -95.56 -96.00 -96.34 -96.69 -97.00 -97.25
-57.94 -58.09 -58.25 -58.44 -58.66 -58.91 -59.12 -59.38 -59.62 -59.91 -60.16 -60.44 -60.75 -61.06 -61.44 -61.81 -62.22 -62.66 -63.12 -63.66 -64.22 -64.84 -65.59 -66.38 -67.22 -68.12 -69.06 -70.03 -71.03 -72.06 -73.09 -74.12 -75.03 -75.91 -76.66 -77.31 -77.84 -78.31 -78.66 -79.00 -79.50 -80.19 -80.91 -81.59 -82.28 -83.06 -83.91 -84.81 -85.66 -86.47 -87.25 -88.00 -88.75 -89.50 -90.22 -90.97 -91.69 -92.38 -93.06 -93.69 -94.28 -94.84 -95.34 -95.81 -96.22 -96.59 -96.94 -97.22 -97.50
-57.84 -58.00 -58.16 -58.34 -58.56 -58.81 -59.03 -59.31 -59.56 -59.84 -60.12 -60.44 -60.75 -61.06 -61.44 -61.81 -62.22 -62.66 -63.12 -63.62 -64.16 -64.78 -65.53 -66.34 -67.22 -68.16 -69.09 -70.09 -71.09 -72.09 -73.06 -73.97 -74.81 -75.56 -76.19 -76.72 -77.12 -77.44 -77.75 -78.28 -79.00 -79.84 -80.62 -81.41 -82.22 -83.16 -84.06 -85.00 -85.84 -86.69 -87.47 -88.25 -89.00 -89.75 -90.50 -91.22 -91.91 -92.59 -93.25 -93.88 -94.47 -95.03 -95.53 -96.00 -96.41 -96.78 -97.12 -97.41 -97.69
-57.81 -57.94 -58.09 -58.28 -58.50 -58.72 -58.97 -59.25 -59.53 -59.81 -60.12 -60.44 -60.75 -61.09 -61.44 -61.84 -62.25 -62.66 -63.12 -63.62 -64.19 -64.84 -65.53 -66.31 -67.16 -68.09 -69.03 -70.00 -70.97 -71.91 -72.81 -73.62 -74.38 -75.00 -75.56 -75.97 -76.25 -76.56 -77.22 -78.06 -78.94 -79.78 -80.56 -81.41 -82.25 -83.19 -84.12 -85.06 -85.97 -86.84 -87.69 -88.47 -89.25 -89.97 -90.72 -91.41 -92.09 -92.78 -93.41 -94.03 -94.59 -95.12 -95.62 -96.06 -96.50 -96.88 -97.22 -97.53 -97.81
-57.75 -57.88 -58.03 -58.22 -58.44 -58.69 -58.94 -59.22 -59.50 -59.81 -60.12 -60.44 -60.75 -61.09 -61.44 -61.81 -62.19 -62.62 -63.12 -63.62 -64.22 -64.84 -65.56 -66.34 -67.16 -68.03 -68.91 -69.84 -70.75 -71.62 -72.41 -73.12 -73.78 -74.31 -74.72 -75.03 -75.44 -76.19 -77.16 -78.03 -78.84 -79.62 -80.47 -81.31 -82.25 -83.19 -84.16 -85.12 -86.06 -86.97 -87.84 -88.66 -89.41 -90.16 -90.88 -91.56 -92.22 -92.84 -93.44 -93.97 -94.50 -95.03 -95.53 -96.03 -96.47 -96.88 -97.25 -97.59 -97.88
-57.69 -57.81 -57.97 -58.19 -58.41 -58.66 -58.91 -59.19 -59.47 -59.75 -60.06 -60.38 -60.69 -61.03 -61.34 -61.69 -62.09 -62.53 -63.00 -63.53 -64.12 -64.78 -65.50 -66.25 -67.06 -67.91 -68.75 -69.59 -70.44 -71.19 -71.88 -72.50 -73.03 -73.44 -73.75 -74.25 -75.06 -76.09 -77.00 -77.78 -78.59 -79.44 -80.31 -81.22 -82.22 -83.22 -84.22 -85.19 -86.12 -87.03 -87.88 -88.69 -89.47 -90.19 -90.88 -91.50 -92.09 -92.69 -93.22 -93.75 -94.25 -94.78 -95.34 -95.88 -96.38 -96.84 -97.25 -97.59 -97.88
-57.59 -57.72 -57.91 -58.12 -58.34 -58.59 -58.84 -59.12 -59.41 -59.69 -59.97 -60.28 -60.59 -60.88 -61.19 -61.53 -61.91 -62.31 -62.81 -63.34 -63.94 -64.59 -65.31 -66.06 -66.84 -67.66 -68.47 -69.25 -69.94 -70.59 -71.19 -71.69 -72.12 -72.47 -73.03 -73.91 -74.97 -75.91 -76.69 -77.47 -78.28 -79.16 -80.12 -81.12 -82.16 -83.19 -84.22 -85.16 -86.06 -86.94 -87.75 -88.53 -89.28 -90.00 -90.66 -91.28 -91.84 -92.34 -92.84 -93.31 -93.84 -94.50 -95.16 -95.78 -96.34 -96.81 -97.25 -97.59 -97.88
-57.50 -57.62 -57.81 -58.03 -58.25 -58.50 -58.75 -59.00 -59.28 -59.56 -59.84 -60.12 -60.41 -60.66 -60.97 -61.28 -61.66 -62.06 -62.53 -63.06 -63.69 -64.31 -65.03 -65.78 -66.56 -67.34 -68.06 -68.75 -69.38 -69.91 -70.38 -70.81 -71.25 -71.91 -72.78 -73.84 -74.78 -75.56 -76.28 -77.03 -77.88 -78.81 -79.91 -80.97 -82.00 -83.00 -83.97 -84.91 -85.81 -86.66 -87.47 -88.25 -88.97 -89.66 -90.31 -90.94 -91.50 -92.06 -92.66 -93.28 -93.97 -94.66 -95.31 -95.91 -96.44 -96.91 -97.28 -97.59 -97.91
-57.38 -57.50 -57.69 -57.91 -58.12 -58.34 -58.59 -58.84 -59.09 -59.38 -59.62 -59.88 -60.16 -60.41 -60.69 -61.00 -61.34 -61.75 -62.25 -62.78 -63.38 -64.03 -64.75 -65.50 -66.22 -66.94 -67.62 -68.22 -68.75 -69.25 -69.75 -70.34 -71.06 -71.94 -72.84 -73.69 -74.44 -75.12 -75.78 -76.47 -77.28 -78.41 -79.59 -80.69 -81.66 -82.62 -83.56 -84.47 -85.34 -86.19 -87.00 -87.75 -88.47 -89.16 -89.88 -90.72 -91.56 -92.34 -93.03 -93.69 -94.34 -94.97 -95.56 -96.12 -96.59 -97.00 -97.34 -97.66 -97.94
-57.22 -57.38 -57.53 -57.72 -57.94 -58.16 -58.38 -58.59 -58.84 -59.09 -59.34 -59.59 -59.84 -60.09 -60.34 -60.66 -61.03 -61.44 -61.91 -62.47 -63.09 -63.78 -64.50 -65.19 -65.91 -66.56 -67.16 -67.75 -68.34 -68.97 -69.69 -70.41 -71.19 -71.97 -72.72 -73.44 -74.06 -74.62 -75.16 -75.78 -76.72 -77.84 -78.97 -80.00 -80.97 -81.88 -82.84 -83.78 -84.66 -85.47 -86.25 -87.03 -87.88 -88.78 -89.81 -90.94 -91.81 -92.53 -93.25 -93.94 -94.59 -95.19 -95.75 -96.22 -96.69 -97.06 -97.41 -97.69 -97.94
-57.06 -57.19 -57.34 -57.53 -57.72 -57.91 -58.12 -58.31 -58.56 -58.78 -59.03 -59.25 -59.50 -59.72 -60.00 -60.31 -60.69 -61.09 -61.62 -62.22 -62.84 -63.53 -64.22 -64.91 -65.59 -66.25 -66.91 -67.56 -68.28 -69.00 -69.72 -70.44 -71.16 -71.84 -72.50 -73.06 -73.62 -74.06 -74.62 -75.47 -76.47 -77.47 -78.44 -79.34 -80.22 -81.12 -82.03 -82.91 -83.81 -84.69 -85.62 -86.62 -87.69 -88.84 -90.03 -91.09 -91.88 -92.59 -93.34 -94.06 -94.72 -95.28 -95.81 -96.31 -96.72 -97.09 -97.44 -97.69 -97.94
-56.84 -56.97 -57.12 -57.28 -57.44 -57.62 -57.81 -58.00 -58.19 -58.41 -58.62 -58.88 -59.09 -59.34 -59.59 -59.94 -60.31 -60.78 -61.34 -61.97 -62.59 -63.28 -63.97 -64.66 -65.38 -66.06 -66.78 -67.50 -68.22 -68.91 -69.59 -70.28 -70.94 -71.56 -72.12 -72.69 -73.22 -73.84 -74.72 -75.69 -76.72 -77.72 -78.72 -79.69 -80.59 -81.44 -82.16 -82.88 -83.66 -84.53 -85.53 -86.59 -87.75 -88.88 -89.97 -90.97 -91.78 -92.53 -93.28 -94.00 -94.66 -95.25 -95.81 -96.28 -96.69 -97.06 -97.38 -97.62 -97.88
-56.59 -56.72 -56.84 -57.00 -57.16 -57.31 -57.44 -57.62 -57.81 -58.00 -58.22 -58.44 -58.66 -58.91 -59.22 -59.56 -60.00 -60.50 -61.06 -61.69 -62.38 -63.03 -63.75 -64.47 -65.19 -65.91 -66.62 -67.31 -68.00 -68.69 -69.34 -70.00 -70.59 -71.19 -71.75 -72.38 -73.09 -73.94 -74.88 -75.81 -76.84 -77.88 -78.91 -79.94 -80.94 -81.88 -82.78 -83.62 -84.41 -85.19 -86.03 -86.97 -87.94 -88.94 -89.88 -90.75 -91.59 -92.34 -93.12 -93.88 -94.53 -95.19 -95.75 -96.22 -96.62 -96.97 -97.25 -97.50 -97.72
-56.34 -56.44 -56.56 -56.69 -56.81 -56.94 -57.06 -57.19 -57.34 -57.53 -57.75 -57.97 -58.22 -58.50 -58.81 -59.19 -59.66 -60.19 -60.78 -61.44 -62.09 -62.78 -63.47 -64.19 -64.88 -65.56 -66.25 -66.97 -67.66 -68.34 -69.00 -69.59 -70.19 -70.78 -71.41 -72.19 -73.03 -73.91 -74.78 -75.75 -76.75 -77.78 -78.84 -79.94 -81.06 -82.12 -83.16 -84.09 -85.00 -85.88 -86.72 -87.59 -88.44 -89.31 -90.12 -90.94 -91.69 -92.44 -93.19 -93.91 -94.56 -95.19 -95.69 -96.12 -96.47 -96.78 -97.03 -97.28 -97.50
-56.09 -56.16 -56.25 -56.34 -56.44 -56.53 -56.62 -56.75 -56.91 -57.09 -57.28 -57.53 -57.78 -58.06 -58.41 -58.84 -59.34 -59.91 -60.50 -61.12 -61.78 -62.44 -63.12 -63.78 -64.44 -65.09 -65.78 -66.44 -67.16 -67.84 -68.50 -69.12 -69.75 -70.44 -71.19 -72.03 -72.88 -73.69 -74.53 -75.44 -76.41 -77.41 -78.50 -79.62 -80.84 -82.09 -83.31 -84.38 -85.34 -86.25 -87.12 -88.00 -88.84 -89.66 -90.47 -91.22 -92.00 -92.72 -93.41 -94.06 -94.62 -95.16 -95.59 -95.94 -96.22 -96.50 -96.75 -97.03 -97.28
-55.84 -55.88 -55.94 -56.00 -56.06 -56.12 -56.22 -56.31 -56.47 -56.66 -56.84 -57.09 -57.34 -57.66 -58.03 -58.50 -59.00 -59.56 -60.16 -60.75 -61.41 -62.03 -62.69 -63.31 -63.91 -64.53 -65.16 -65.84 -66.56 -67.31 -68.03 -68.72 -69.41 -70.19 -71.00 -71.78 -72.56 -73.34 -74.12 -74.84 -75.59 -76.44 -77.47 -78.69 -80.09 -81.62 -83.19 -84.47 -85.53 -86.47 -87.38 -88.25 -89.09 -89.88 -90.66 -91.44 -92.16 -92.84 -93.50 -94.06 -94.56 -94.97 -95.31 -95.59 -95.88 -96.16 -96.47 -96.75 -97.03
-55.59 -55.59 -55.62 -55.66 -55.69 -55.75 -55.81 -55.88 -56.00 -56.12 -56.34 -56.59 -56.91 -57.25 -57.66 -58.12 -58.62 -59.19 -59.75 -60.38 -61.00 -61.62 -62.22 -62.81 -63.38 -63.97 -64.66 -65.41 -66.22 -67.03 -67.81 -68.59 -69.34 -70.09 -70.78 -71.44 -72.09 -72.75 -73.41 -74.16 -74.94 -75.91 -77.03 -78.31 -79.78 -81.31 -82.88 -84.41 -85.56 -86.56 -87.47 -88.34 -89.22 -90.00 -90.78 -91.53 -92.22 -92.84 -93.41 -93.91 -94.31 -94.62 -94.91 -95.16 -95.47 -95.81 -96.19 -96.50 -96.78
-55.34 -55.34 -55.38 -55.38 -55.38 -55.38 -55.31 -55.28 -55.34 -55.50 -55.75 -56.09 -56.53 -56.91 -57.28 -57.75 -58.28 -58.81 -59.38 -60.00 -60.62 -61.22 -61.84 -62.47 -63.16 -63.88 -64.66 -65.47 -66.28 -67.09 -67.88 -68.69 -69.47 -70.22 -70.94 -71.66 -72.31 -73.00 -73.75 -74.56 -75.44 -76.41 -77.50 -78.75 -80.16 -81.59 -83.03 -84.38 -85.47 -86.50 -87.44 -88.34 -89.22 -90.03 -90.78 -91.50 -92.12 -92.69 -93.16 -93.53 -93.88 -94.12 -94.41 -94.75 -95.16 -95.56 -95.91 -96.22 -96.53
