everonasctiles/Tile[33,4].asc
ncols 128
nrows 128
xllcorner 0
yllcorner 0
cellsize 2.0
NODATA_value  -9999
[rows 0 to 32 of 128, columns 0 to 73 of 128]
103.69 103.22 102.91 102.66 102.47 102.50 102.47 102.47 102.31 102.28 102.19 102.09 101.81 101.50 100.94 100.19 99.72 99.47 99.19 98.78 98.41 98.03 97.62 97.16 96.72 96.22 95.78 95.41 95.16 94.81 94.47 94.09 93.81 93.59 93.34 93.16 92.84 92.56 92.50 92.38 92.38 92.56 92.47 92.56 92.69 92.72 92.75 92.91 93.09 93.38 93.78 94.12 94.44 94.84 95.28 95.59 95.94 96.41 96.91 97.44 98.00 98.62 99.34 100.12 100.84 101.59 102.38 103.12 103.84 104.62 105.38 106.28 107.28 108.12
102.22 101.69 101.53 101.22 101.19 101.22 101.38 101.28 101.22 101.03 100.81 101.00 100.72 100.53 100.12 99.59 99.19 98.88 98.56 98.19 97.78 97.38 96.94 96.50 96.03 95.50 94.97 94.56 94.19 93.88 93.53 93.25 93.00 92.75 92.50 92.28 92.00 91.78 91.66 91.47 91.47 91.59 91.62 91.72 91.84 91.94 92.00 92.12 92.31 92.66 93.09 93.47 93.81 94.19 94.59 95.00 95.44 95.91 96.41 96.97 97.53 98.28 99.03 99.75 100.47 101.19 101.94 102.69 103.47 104.22 104.97 105.78 106.75 107.66
100.72 100.19 100.06 99.84 99.56 99.69 99.84 99.69 99.50 99.56 99.06 98.91 99.38 99.41 99.25 98.91 98.53 98.25 97.94 97.59 97.22 96.81 96.31 95.81 95.31 94.81 94.22 93.75 93.31 92.97 92.66 92.41 92.16 91.91 91.66 91.44 91.22 90.97 90.88 90.69 90.66 90.75 90.81 90.94 91.00 91.12 91.25 91.41 91.69 92.09 92.47 92.88 93.25 93.66 94.06 94.50 94.94 95.41 95.88 96.44 97.09 97.84 98.62 99.34 100.09 100.81 101.56 102.31 103.03 103.81 104.56 105.25 106.00 107.03
99.31 98.88 98.69 98.34 98.09 98.09 98.00 98.00 96.94 96.88 97.00 96.94 98.03 98.22 98.25 98.09 97.84 97.59 97.34 97.03 96.69 96.28 95.78 95.22 94.66 94.09 93.50 92.97 92.50 92.09 91.78 91.50 91.25 91.03 90.81 90.59 90.41 90.25 90.00 89.88 89.81 89.94 90.06 90.12 90.25 90.34 90.50 90.78 91.22 91.69 92.00 92.31 92.72 93.12 93.56 94.00 94.47 94.94 95.47 96.09 96.72 97.41 98.16 98.91 99.66 100.44 101.19 101.94 102.69 103.41 104.09 104.69 105.28 106.41
97.91 97.56 97.31 96.94 96.72 96.56 96.00 95.44 95.38 95.62 95.78 95.72 96.44 97.03 97.09 97.12 97.06 96.94 96.75 96.53 96.19 95.75 95.22 94.59 93.94 93.31 92.75 92.22 91.72 91.34 91.03 90.66 90.44 90.22 90.00 89.78 89.56 89.41 89.19 88.97 89.00 89.19 89.31 89.41 89.53 89.59 89.88 90.25 90.84 91.31 91.50 91.78 92.22 92.66 93.09 93.56 94.03 94.53 95.09 95.75 96.44 97.12 97.84 98.53 99.25 100.03 100.84 101.62 102.41 103.12 103.75 104.31 104.81 105.56
97.03 96.56 96.00 95.50 94.75 94.81 94.41 93.53 93.19 92.72 94.09 94.19 94.78 95.69 95.97 96.12 96.12 96.12 96.12 96.00 95.69 95.22 94.59 93.91 93.16 92.50 91.94 91.44 91.00 90.62 90.31 90.12 90.00 89.91 89.62 89.22 88.88 88.62 88.34 88.03 88.19 88.38 88.47 88.69 88.84 89.03 89.28 89.75 90.31 90.66 90.94 91.31 91.75 92.19 92.66 93.12 93.62 94.16 94.75 95.44 96.12 96.81 97.50 98.19 98.97 99.75 100.56 101.34 102.09 102.78 103.38 103.97 104.53 105.00
96.59 95.78 94.62 93.41 92.66 92.28 92.31 91.03 90.78 90.59 91.38 92.22 93.25 94.12 94.72 94.97 95.12 95.19 95.41 95.38 95.09 94.59 93.94 93.03 92.16 91.53 91.06 90.62 90.19 89.91 89.72 89.72 89.72 89.62 89.31 88.81 88.44 88.09 87.69 87.47 87.50 87.59 87.69 87.91 88.16 88.41 88.72 89.19 89.62 90.00 90.41 90.84 91.31 91.78 92.25 92.72 93.25 93.88 94.50 95.16 95.81 96.50 97.12 97.88 98.72 99.53 100.31 101.09 101.81 102.53 103.12 103.84 104.44 104.97
95.84 94.03 91.56 90.88 90.78 90.59 90.19 89.78 89.56 89.59 90.12 91.09 91.78 92.56 93.38 93.66 94.31 94.50 94.66 94.69 94.41 93.81 92.88 91.75 91.19 90.56 90.16 89.75 89.38 89.12 89.06 89.12 89.28 89.31 88.91 88.44 88.03 87.69 87.25 87.09 86.97 87.00 87.12 87.31 87.56 87.81 88.16 88.59 89.00 89.53 90.06 90.53 90.94 91.38 91.84 92.34 92.91 93.56 94.19 94.84 95.50 96.16 96.81 97.66 98.44 99.22 100.06 100.84 101.59 102.31 103.03 103.75 104.41 105.06
93.12 90.53 89.69 89.59 89.59 89.31 89.06 88.78 88.59 88.50 88.78 89.62 90.44 91.25 92.09 92.56 93.19 93.62 93.81 93.84 93.53 92.91 92.00 90.81 90.28 89.94 89.53 89.00 88.47 88.28 88.28 88.31 88.56 88.53 88.28 87.91 87.56 87.12 86.78 86.66 86.56 86.56 86.66 86.81 87.03 87.34 87.69 88.09 88.59 89.25 89.94 90.34 90.62 91.00 91.50 92.00 92.62 93.25 93.88 94.53 95.22 95.88 96.59 97.34 98.19 98.97 99.75 100.53 101.34 102.16 102.91 103.66 104.38 105.12
89.84 88.66 88.41 88.25 88.19 87.91 87.59 87.50 87.50 87.38 87.41 87.94 88.94 89.56 90.53 91.44 91.81 92.53 92.81 92.84 92.53 91.91 90.84 90.06 89.81 89.69 89.31 88.28 87.53 87.28 87.28 87.22 87.19 87.16 87.06 86.84 86.69 86.44 86.25 86.12 86.09 86.12 86.19 86.34 86.56 86.88 87.22 87.66 88.22 88.94 89.56 89.97 90.28 90.69 91.22 91.78 92.38 92.97 93.62 94.31 95.00 95.69 96.44 97.22 97.97 98.84 99.53 100.34 101.16 102.00 102.78 103.56 104.34 105.16
87.28 86.91 86.94 86.75 86.66 86.53 86.56 86.59 86.50 86.38 86.44 86.62 87.41 88.12 89.31 90.12 90.81 91.31 91.62 91.72 91.56 91.03 90.69 90.25 89.56 89.56 88.50 87.16 86.41 86.09 86.03 85.84 85.69 85.69 85.69 85.53 85.62 85.59 85.56 85.56 85.59 85.62 85.72 85.91 86.12 86.44 86.81 87.25 87.78 88.41 88.94 89.44 89.91 90.41 90.97 91.53 92.12 92.75 93.41 94.06 94.78 95.50 96.28 97.03 97.81 98.62 99.47 100.25 101.03 101.84 102.62 103.47 104.28 105.09
85.56 85.66 85.69 85.59 85.44 85.47 85.53 85.47 85.41 85.41 85.56 85.75 86.28 86.94 88.06 89.00 89.56 89.97 90.25 90.56 90.56 90.03 90.00 89.78 88.28 87.53 86.53 85.69 85.12 84.88 84.69 84.50 84.31 84.31 84.25 84.44 84.66 84.81 84.91 84.97 85.03 85.09 85.22 85.44 85.69 86.03 86.41 86.88 87.41 87.94 88.50 89.03 89.59 90.16 90.72 91.28 91.88 92.50 93.16 93.88 94.59 95.31 96.06 96.84 97.66 98.47 99.28 100.12 100.94 101.75 102.59 103.34 104.16 105.06
84.53 84.44 84.34 84.22 84.19 84.31 84.31 84.22 84.31 84.50 84.78 85.03 85.41 85.94 86.88 87.78 88.31 88.53 88.62 89.03 88.94 88.28 88.19 86.69 86.06 85.16 84.62 84.22 83.91 83.78 83.59 83.44 83.41 83.41 83.44 83.62 83.91 84.12 84.25 84.34 84.44 84.56 84.72 84.97 85.28 85.66 86.09 86.59 87.12 87.66 88.19 88.75 89.34 89.91 90.47 91.06 91.62 92.28 92.94 93.59 94.34 95.09 95.88 96.62 97.44 98.28 99.12 99.97 100.81 101.69 102.53 103.31 104.19 105.06
83.56 83.19 82.97 82.88 82.84 82.88 82.91 83.06 83.25 83.62 83.94 84.22 84.53 85.16 85.81 86.62 87.06 87.12 86.69 87.09 86.84 86.06 84.75 83.78 83.84 83.09 82.88 82.84 82.78 82.69 82.75 82.78 82.78 82.81 82.88 83.06 83.28 83.47 83.59 83.72 83.88 84.03 84.25 84.53 84.88 85.31 85.81 86.34 86.91 87.44 88.00 88.53 89.16 89.72 90.28 90.84 91.44 92.03 92.66 93.31 94.09 94.88 95.66 96.47 97.28 98.12 98.97 99.84 100.72 101.56 102.47 103.44 104.38 105.28
82.44 82.22 81.81 82.00 81.97 82.00 82.00 82.12 82.25 82.72 83.06 83.38 83.72 84.25 84.91 85.56 85.88 85.84 85.09 84.72 84.66 84.03 83.00 83.09 82.50 81.91 81.81 81.81 81.69 81.94 82.06 82.16 82.22 82.28 82.38 82.56 82.72 82.84 82.97 83.09 83.28 83.50 83.78 84.12 84.56 85.06 85.59 86.16 86.72 87.28 87.84 88.41 89.00 89.59 90.06 90.66 91.28 91.94 92.56 93.22 93.94 94.72 95.47 96.25 97.00 97.91 98.75 99.62 100.44 101.28 102.19 103.16 104.31 105.38
80.94 80.59 80.78 80.88 80.88 80.91 81.06 81.31 81.47 81.78 82.19 82.56 82.84 83.41 84.00 84.50 84.75 84.72 84.41 84.06 83.41 82.44 82.34 81.91 81.28 80.94 80.59 80.69 81.06 81.28 81.44 81.56 81.66 81.78 81.88 82.00 82.09 82.19 82.31 82.47 82.69 82.97 83.34 83.78 84.25 84.81 85.41 86.00 86.62 87.19 87.75 88.31 88.88 89.44 90.03 90.62 91.28 91.94 92.62 93.31 94.00 94.75 95.44 96.09 96.88 97.72 98.50 99.38 100.31 101.19 102.19 103.22 104.31 105.44
79.59 79.62 79.69 79.75 79.81 79.88 80.09 80.44 80.69 80.97 81.38 81.72 82.03 82.53 83.06 83.50 83.72 83.66 83.44 83.12 82.66 81.88 81.47 80.75 80.34 79.94 79.94 80.12 80.47 80.69 80.84 81.00 81.12 81.25 81.34 81.41 81.44 81.53 81.66 81.88 82.12 82.47 82.94 83.44 84.00 84.62 85.25 85.91 86.53 87.09 87.66 88.28 88.81 89.47 90.16 90.81 91.44 92.06 92.72 93.38 94.06 94.84 95.53 96.25 96.91 97.69 98.56 99.44 100.31 101.31 102.31 103.41 104.41 105.53
78.66 78.62 78.59 78.72 78.78 78.91 79.16 79.47 79.78 80.19 80.66 80.94 81.25 81.72 82.16 82.50 82.69 82.69 82.50 82.12 81.75 81.19 80.53 79.75 79.53 79.22 79.38 79.62 79.88 80.09 80.28 80.44 80.59 80.69 80.72 80.72 80.78 80.88 81.03 81.28 81.62 82.06 82.56 83.19 83.78 84.44 85.12 85.81 86.44 87.00 87.62 88.28 88.88 89.53 90.16 90.81 91.44 92.09 92.78 93.47 94.19 94.91 95.66 96.44 97.19 97.97 98.81 99.72 100.59 101.50 102.47 103.50 104.56 105.56
77.69 77.50 77.50 77.69 77.75 77.97 78.25 78.62 79.00 79.50 79.88 80.16 80.50 80.94 81.28 81.53 81.69 81.69 81.56 81.28 80.84 80.25 79.50 79.06 78.84 78.66 78.81 79.06 79.28 79.50 79.72 79.88 80.00 80.03 80.03 80.03 80.06 80.19 80.41 80.75 81.19 81.72 82.31 82.94 83.62 84.31 85.03 85.72 86.41 87.03 87.62 88.28 88.91 89.53 90.19 90.84 91.50 92.16 92.84 93.53 94.22 94.94 95.69 96.47 97.38 98.31 99.16 100.00 100.84 101.66 102.59 103.59 104.62 105.62
76.66 76.41 76.31 76.69 76.69 77.06 77.38 77.78 78.31 78.75 79.12 79.47 79.81 80.16 80.41 80.56 80.75 80.69 80.59 80.34 79.94 79.28 78.56 78.31 78.22 78.16 78.19 78.47 78.72 78.94 79.16 79.28 79.34 79.34 79.34 79.34 79.41 79.56 79.84 80.28 80.81 81.44 82.09 82.78 83.47 84.19 84.94 85.69 86.38 87.03 87.66 88.28 88.91 89.53 90.19 90.84 91.50 92.22 92.97 93.69 94.41 95.19 96.00 96.81 97.53 98.34 99.31 100.12 100.94 101.81 102.84 103.78 104.69 105.66
75.47 75.22 75.25 75.69 75.75 76.16 76.50 77.03 77.56 78.00 78.38 78.75 79.09 79.38 79.53 79.66 79.09 79.50 79.53 79.25 78.81 78.28 77.81 77.66 77.56 77.59 77.62 77.91 78.12 78.38 78.56 78.66 78.69 78.66 78.66 78.69 78.78 79.03 79.38 79.91 80.53 81.22 81.94 82.66 83.38 84.16 84.97 85.62 86.28 86.94 87.62 88.25 88.88 89.50 90.16 90.81 91.53 92.28 93.09 93.88 94.62 95.41 96.25 97.09 97.94 98.66 99.44 100.31 101.16 102.03 102.97 103.84 104.72 105.66
73.94 74.03 74.16 74.62 74.81 75.22 75.59 76.19 76.81 77.25 77.69 78.03 78.34 78.56 78.66 78.56 78.34 78.56 78.44 78.12 77.69 77.25 76.84 76.84 76.84 76.97 77.12 77.34 77.59 77.78 77.94 77.97 77.97 77.94 77.97 78.03 78.22 78.56 79.03 79.62 80.34 81.09 81.88 82.62 83.44 84.22 84.91 85.62 86.28 86.94 87.62 88.25 88.91 89.53 90.22 90.91 91.62 92.41 93.19 94.03 94.81 95.66 96.47 97.25 98.16 98.97 99.72 100.56 101.41 102.19 103.09 103.94 104.78 105.69
72.59 72.88 73.19 73.44 73.84 74.28 74.72 75.38 76.03 76.53 77.00 77.34 77.59 77.75 77.81 77.72 77.25 77.75 77.47 77.09 76.59 76.25 76.00 76.16 76.31 76.44 76.59 76.81 77.03 77.16 77.25 77.25 77.25 77.25 77.28 77.44 77.72 78.19 78.75 79.44 80.22 81.03 81.88 82.75 83.53 84.25 84.94 85.62 86.28 86.94 87.62 88.28 88.94 89.62 90.31 91.03 91.81 92.56 93.41 94.25 95.06 95.88 96.72 97.59 98.22 99.12 99.91 100.69 101.47 102.34 103.25 104.12 105.00 105.94
71.44 71.81 72.19 72.41 72.88 73.34 73.91 74.59 75.31 75.84 76.31 76.66 76.84 76.94 77.03 77.03 76.38 76.81 76.62 76.22 75.53 75.41 75.41 75.62 75.78 75.94 76.09 76.28 76.44 76.53 76.56 76.53 76.53 76.56 76.69 76.91 77.31 77.88 78.56 79.31 80.16 81.06 82.03 82.84 83.53 84.22 84.91 85.59 86.25 86.91 87.59 88.22 88.91 89.62 90.34 91.12 91.91 92.72 93.56 94.44 95.28 96.09 96.94 97.78 98.56 99.22 100.06 100.94 101.78 102.66 103.53 104.38 105.25 106.25
70.28 70.75 71.19 71.38 71.88 72.44 73.09 73.69 74.50 75.25 75.69 76.03 76.22 76.19 76.38 76.31 76.09 76.03 75.91 75.16 74.78 74.69 75.00 75.16 75.31 75.44 75.59 75.72 75.81 75.84 75.81 75.81 75.81 75.91 76.09 76.47 77.00 77.66 78.41 79.25 80.16 81.12 82.06 82.78 83.47 84.16 84.81 85.50 86.19 86.84 87.47 88.19 88.91 89.69 90.41 91.25 92.00 92.88 93.72 94.66 95.50 96.34 97.19 98.00 98.81 99.53 100.34 101.12 102.00 102.84 103.69 104.62 105.62 106.62
69.16 69.38 70.00 70.34 71.00 71.62 72.16 72.69 73.41 74.72 75.12 75.41 75.38 75.31 75.66 75.59 75.50 75.31 75.00 74.31 74.25 74.47 74.56 74.69 74.81 74.97 75.06 75.12 75.12 75.12 75.09 75.09 75.12 75.28 75.59 76.06 76.69 77.47 78.31 79.22 80.22 81.19 81.97 82.69 83.38 84.03 84.72 85.31 85.97 86.72 87.41 88.19 88.88 89.69 90.56 91.31 92.16 92.97 93.81 94.78 95.72 96.59 97.47 98.28 99.03 99.84 100.59 101.34 102.19 103.00 103.91 104.88 105.91 106.91
67.94 68.19 68.91 69.41 70.09 70.72 71.34 71.81 73.00 74.09 74.81 75.03 74.84 74.50 74.78 74.94 74.81 74.56 74.12 73.81 73.88 74.06 74.16 74.25 74.34 74.44 74.50 74.50 74.44 74.41 74.38 74.38 74.47 74.72 75.12 75.72 76.44 77.31 78.22 79.22 80.25 81.12 81.84 82.53 83.22 83.91 84.50 85.31 86.09 86.91 87.66 88.38 89.06 89.81 90.56 91.38 92.22 93.19 94.09 95.03 95.91 96.75 97.62 98.53 99.34 100.09 100.88 101.69 102.47 103.28 104.16 105.12 106.19 107.19
66.84 67.22 67.81 68.50 69.22 69.91 70.59 71.25 72.88 73.72 74.56 74.78 74.34 74.09 74.22 74.50 74.31 73.94 73.59 73.31 73.41 73.66 73.72 73.78 73.84 73.91 73.88 73.81 73.75 73.69 73.69 73.72 73.88 74.22 74.75 75.41 76.22 77.16 78.16 79.22 80.19 80.94 81.66 82.38 83.06 83.81 84.59 85.34 86.12 86.88 87.66 88.44 89.22 90.00 90.78 91.62 92.59 93.50 94.38 95.34 96.25 97.06 97.88 98.72 99.56 100.34 101.12 101.97 102.78 103.62 104.56 105.44 106.50 107.50
65.91 66.38 66.84 67.53 68.34 69.19 69.88 70.94 72.19 73.34 74.22 74.44 73.81 73.72 74.03 74.31 74.09 73.56 73.03 72.84 72.94 73.12 73.22 73.28 73.31 73.28 73.22 73.12 73.06 73.00 73.03 73.12 73.38 73.78 74.41 75.16 76.03 77.00 78.03 79.12 80.06 80.66 81.31 82.03 82.84 83.62 84.44 85.22 86.03 86.84 87.66 88.47 89.28 90.06 90.91 91.78 92.81 93.72 94.62 95.59 96.69 97.53 98.38 99.12 99.81 100.59 101.34 102.12 102.94 103.88 104.97 105.81 106.75 107.72
64.88 65.44 65.97 66.72 67.56 68.44 69.41 70.50 71.66 72.72 73.41 73.72 73.31 73.41 73.75 74.16 74.12 73.50 72.72 72.38 72.44 72.56 72.69 72.75 72.75 72.66 72.56 72.44 72.38 72.38 72.47 72.59 72.91 73.44 74.12 74.97 75.91 76.84 77.84 78.84 79.56 80.19 80.91 81.81 82.62 83.38 84.22 85.16 86.06 86.94 87.78 88.59 89.41 90.22 91.06 91.91 92.88 93.81 94.75 95.81 96.84 97.78 98.75 99.66 100.41 101.09 101.69 102.31 103.09 104.00 104.97 106.09 106.88 107.91
63.91 64.59 65.47 66.22 66.84 67.66 68.78 69.97 70.97 71.84 72.41 72.72 72.59 72.78 73.31 73.81 73.97 73.50 72.66 72.09 71.94 71.97 72.09 72.19 72.12 72.00 71.84 71.75 71.69 71.72 71.88 72.09 72.50 73.09 73.88 74.84 75.78 76.69 77.56 78.28 79.22 80.09 80.94 81.69 82.47 83.31 84.19 85.22 86.19 87.06 87.94 88.81 89.66 90.53 91.34 92.12 93.00 93.94 94.91 96.09 97.22 98.25 99.12 99.94 100.78 101.53 102.19 102.81 103.81 104.50 105.41 106.50 107.47 108.31
62.81 63.62 64.72 65.59 66.31 67.03 68.06 69.22 70.16 70.88 71.41 71.81 71.94 71.94 72.53 73.03 73.28 73.12 72.47 71.91 71.59 71.41 71.47 71.56 71.47 71.31 71.16 71.03 70.97 71.09 71.28 71.56 72.12 72.84 73.72 74.72 75.56 76.38 77.22 78.22 79.19 80.06 80.84 81.62 82.47 83.28 84.25 85.28 86.25 87.16 88.06 89.00 89.88 90.72 91.53 92.41 93.22 94.03 95.09 96.62 97.91 98.84 99.72 100.47 101.22 102.00 102.66 103.44 104.38 105.41 106.34 107.56 108.69 109.53
61.88 62.50 63.41 64.56 65.78 66.59 67.34 68.34 69.25 69.97 70.62 71.09 71.44 71.41 71.47 71.78 72.22 72.44 72.09 71.62 71.25 70.97 71.00 70.94 70.81 70.62 70.44 70.28 70.28 70.44 70.66 71.06 71.69 72.53 73.50 74.44 75.19 76.09 77.19 78.25 79.25 80.16 80.97 81.72 82.44 83.34 84.28 85.34 86.31 87.25 88.25 89.16 90.00 90.84 91.69 92.59 93.47 94.31 95.41 97.09 98.41 99.34 100.31 101.03 101.75 102.53 103.28 104.22 105.25 106.31 107.50 108.50 109.62 110.66
