everonasctiles/Tile[30,13].asc
ncols 128
nrows 128
xllcorner 0
yllcorner 0
cellsize 2.0
NODATA_value  -9999
[rows 0 to 31 of 128, columns 0 to 70 of 128]
304.16 304.47 304.72 304.97 305.22 305.47 305.72 306.00 306.31 306.66 307.03 307.44 307.84 308.28 308.69 309.12 309.50 309.84 310.12 310.38 310.59 310.81 311.06 311.41 311.72 312.12 312.34 312.66 313.00 313.41 313.88 314.12 314.41 314.69 314.97 315.22 315.44 315.75 316.12 316.50 317.06 317.72 318.19 318.59 318.88 319.19 319.53 319.91 320.28 320.69 321.06 321.41 321.72 321.97 322.16 322.25 322.34 322.41 322.59 322.78 322.88 322.81 323.09 323.12 323.19 323.12 323.03 322.69 322.56 322.50 322.47
304.56 304.88 305.16 305.38 305.62 305.88 306.12 306.41 306.69 307.03 307.41 307.81 308.25 308.66 309.09 309.53 309.94 310.28 310.59 310.88 311.12 311.41 311.66 311.97 312.28 312.50 312.62 312.84 313.28 313.59 313.88 314.22 314.41 314.62 314.84 315.06 315.38 315.69 316.06 316.50 316.91 317.50 318.00 318.53 318.91 319.22 319.56 320.00 320.44 320.75 321.03 321.47 321.84 322.16 322.38 322.53 322.69 322.81 322.91 323.09 323.25 323.25 323.44 323.47 323.53 323.50 323.50 323.34 323.09 322.88 322.72
304.94 305.25 305.56 305.81 306.06 306.28 306.56 306.81 307.12 307.47 307.81 308.22 308.66 309.09 309.53 309.97 310.38 310.72 311.06 311.38 311.66 311.94 312.22 312.50 312.78 313.00 313.09 313.22 313.41 313.62 313.84 314.03 314.28 314.50 314.72 315.09 315.44 315.78 316.16 316.59 317.03 317.44 317.97 318.53 318.97 319.25 319.66 320.03 320.41 320.75 321.06 321.47 321.88 322.34 322.62 322.81 323.00 323.09 323.31 323.38 323.47 323.53 323.66 323.75 323.78 323.81 323.78 323.72 323.50 323.34 323.06
305.25 305.62 305.94 306.22 306.50 306.75 307.00 307.28 307.56 307.88 308.25 308.62 309.06 309.50 309.94 310.38 310.78 311.16 311.50 311.78 312.09 312.38 312.66 312.91 313.12 313.34 313.50 313.62 313.69 313.81 314.00 314.19 314.47 314.75 315.06 315.31 315.69 316.06 316.56 316.97 317.41 317.91 318.44 318.84 319.19 319.47 319.78 320.19 320.50 320.84 321.25 321.69 322.12 322.62 322.91 323.03 323.25 323.53 323.66 323.69 323.75 323.78 323.91 323.97 324.00 324.03 324.00 323.97 323.91 323.75 323.50
305.50 305.91 306.28 306.62 306.94 307.19 307.47 307.72 308.00 308.31 308.66 309.06 309.47 309.91 310.34 310.75 311.16 311.53 311.84 312.16 312.44 312.72 312.94 313.16 313.38 313.56 313.72 313.84 314.00 314.09 314.31 314.59 314.88 315.12 315.41 315.75 316.09 316.66 317.09 317.50 317.94 318.44 318.88 319.19 319.47 319.72 319.97 320.25 320.62 321.12 321.50 321.97 322.59 323.06 323.25 323.41 323.56 323.94 324.03 324.09 324.09 324.03 324.12 324.09 324.16 324.22 324.22 324.19 324.16 324.06 323.84
305.66 306.12 306.56 306.97 307.34 307.66 307.94 308.19 308.47 308.75 309.06 309.44 309.81 310.25 310.66 311.09 311.47 311.81 312.16 312.44 312.72 312.97 313.19 313.38 313.53 313.72 313.91 314.12 314.34 314.59 314.84 315.09 315.50 315.78 316.12 316.47 316.84 317.25 317.69 318.06 318.38 318.81 319.25 319.47 319.69 319.94 320.19 320.44 320.84 321.31 321.75 322.34 322.94 323.53 323.75 323.91 324.09 324.34 324.47 324.50 324.44 324.34 324.31 324.25 324.31 324.41 324.41 324.41 324.34 324.25 324.16
305.75 306.31 306.84 307.31 307.72 308.06 308.38 308.62 308.91 309.16 309.44 309.78 310.16 310.53 310.94 311.34 311.72 312.06 312.38 312.66 312.91 313.16 313.41 313.66 313.81 314.00 314.16 314.44 314.78 314.94 315.31 315.69 316.09 316.50 316.78 316.97 317.34 317.78 318.09 318.50 318.81 319.12 319.38 319.69 319.91 320.25 320.59 320.88 321.19 321.81 322.34 323.09 323.62 324.00 324.34 324.56 324.62 324.88 324.91 324.91 324.84 324.72 324.53 324.47 324.53 324.62 324.62 324.59 324.53 324.44 324.41
305.88 306.47 307.06 307.62 308.06 308.44 308.78 309.03 309.28 309.53 309.78 310.06 310.41 310.78 311.16 311.53 311.91 312.25 312.59 312.88 313.09 313.31 313.59 313.84 314.06 314.22 314.50 314.72 315.09 315.47 315.78 316.22 316.56 316.88 317.25 317.62 317.88 318.22 318.56 318.81 319.06 319.25 319.56 319.88 320.22 320.53 321.03 321.59 322.03 322.56 323.34 323.97 324.31 324.59 324.94 325.12 325.28 325.34 325.34 325.31 325.22 325.06 324.84 324.78 324.78 324.84 324.84 324.81 324.72 324.69 324.59
306.12 306.69 307.34 307.91 308.38 308.78 309.12 309.41 309.66 309.88 310.09 310.31 310.59 310.94 311.28 311.66 312.03 312.41 312.75 313.06 313.34 313.62 313.84 314.09 314.41 314.56 314.84 315.19 315.66 315.97 316.28 316.62 317.00 317.34 317.56 317.91 318.16 318.38 318.62 318.88 319.12 319.41 319.72 320.16 320.53 320.94 321.41 322.00 322.78 323.34 324.03 324.56 324.91 325.19 325.41 325.59 325.72 325.75 325.72 325.66 325.56 325.38 325.16 325.03 325.00 325.03 325.06 325.03 325.00 324.91 324.78
306.28 306.94 307.62 308.16 308.62 309.06 309.41 309.72 309.94 310.16 310.38 310.56 310.75 311.03 311.34 311.72 312.16 312.56 312.94 313.28 313.59 313.88 314.19 314.47 314.78 315.06 315.25 315.69 316.03 316.34 316.72 317.19 317.44 317.72 317.97 318.22 318.50 318.69 318.94 319.28 319.47 319.66 320.00 320.44 320.81 321.28 321.78 322.44 323.28 324.09 324.69 325.16 325.47 325.72 325.84 326.00 326.03 326.03 326.03 325.94 325.88 325.72 325.56 325.38 325.34 325.28 325.28 325.25 325.22 325.12 325.06
306.47 307.09 307.88 308.34 308.84 309.28 309.66 309.97 310.19 310.41 310.59 310.75 310.94 311.12 311.41 311.78 312.19 312.66 313.09 313.47 313.78 314.12 314.44 314.78 315.16 315.53 315.78 316.09 316.34 316.75 317.09 317.41 317.75 318.06 318.38 318.62 318.88 319.06 319.38 319.69 319.94 320.19 320.34 320.69 321.06 321.69 322.19 322.84 323.94 324.75 325.31 325.59 325.88 326.09 326.22 326.25 326.25 326.25 326.22 326.19 326.12 326.00 325.88 325.75 325.59 325.53 325.53 325.50 325.44 325.34 325.28
306.81 307.38 307.94 308.44 308.88 309.41 309.84 310.19 310.44 310.59 310.78 310.94 311.09 311.31 311.56 311.88 312.31 312.81 313.28 313.62 313.94 314.31 314.69 315.09 315.50 315.88 316.25 316.53 316.84 317.09 317.31 317.66 318.06 318.28 318.50 318.75 319.00 319.22 319.53 319.97 320.25 320.56 320.91 321.25 321.59 322.16 322.91 323.78 324.84 325.44 325.72 326.00 326.22 326.34 326.41 326.41 326.41 326.41 326.38 326.34 326.28 326.19 326.12 326.03 325.88 325.84 325.81 325.75 325.66 325.56 325.50
307.06 307.69 308.12 308.59 309.00 309.53 310.09 310.41 310.62 310.81 310.94 311.16 311.31 311.47 311.78 312.09 312.53 312.94 313.28 313.75 314.06 314.47 314.91 315.34 315.78 316.19 316.53 316.84 317.16 317.50 317.78 318.03 318.31 318.66 318.81 319.00 319.50 319.81 319.97 320.31 320.69 321.12 321.47 321.84 322.31 322.81 323.69 324.44 325.28 325.88 326.06 326.25 326.44 326.53 326.53 326.50 326.50 326.50 326.47 326.41 326.38 326.34 326.31 326.28 326.19 326.12 326.06 325.97 325.84 325.75 325.66
307.34 307.88 308.34 308.81 309.31 309.84 310.34 310.72 310.91 311.03 311.19 311.38 311.50 311.62 311.94 312.31 312.78 313.09 313.44 313.62 314.19 314.56 315.03 315.53 316.00 316.44 316.78 317.09 317.38 317.72 318.09 318.47 318.81 319.12 319.44 319.56 320.06 320.47 320.78 321.00 321.34 321.62 322.03 322.59 323.16 323.69 324.53 325.34 325.81 326.19 326.31 326.44 326.53 326.56 326.59 326.56 326.56 326.53 326.53 326.50 326.50 326.47 326.47 326.47 326.44 326.34 326.25 326.16 326.03 325.88 325.78
307.72 308.25 308.78 309.19 309.72 310.22 310.84 311.09 311.31 311.38 311.47 311.50 311.72 311.81 312.00 312.41 312.88 313.25 313.69 313.88 314.22 314.62 315.09 315.59 316.09 316.56 316.94 317.25 317.59 317.97 318.41 318.84 319.28 319.66 319.91 320.16 320.75 321.38 321.66 321.94 322.22 322.50 322.81 323.19 324.03 324.66 325.19 325.78 326.22 326.41 326.50 326.56 326.59 326.59 326.59 326.59 326.59 326.66 326.69 326.69 326.69 326.66 326.69 326.69 326.66 326.56 326.47 326.31 326.19 326.03 325.84
308.09 308.62 309.16 309.78 310.19 310.72 311.22 311.50 311.72 311.81 311.88 311.78 311.94 312.03 312.25 312.59 312.91 313.34 313.78 314.19 314.16 314.62 315.06 315.59 316.12 316.62 317.00 317.34 317.69 318.12 318.66 319.22 319.78 320.28 320.69 321.00 321.59 322.03 322.47 322.75 323.06 323.44 323.69 324.06 324.72 325.34 325.81 326.16 326.38 326.50 326.53 326.59 326.62 326.62 326.62 326.62 326.69 326.75 326.84 326.91 326.94 326.94 326.94 326.94 326.91 326.81 326.69 326.50 326.28 326.12 325.91
308.34 308.94 309.50 310.06 310.59 311.16 311.56 311.88 312.06 312.16 312.22 312.12 312.12 312.22 312.41 312.75 313.03 313.25 313.75 314.28 314.44 314.41 314.78 315.31 316.00 316.47 317.06 317.41 317.69 318.16 318.81 319.53 320.19 320.78 321.31 321.78 322.31 322.72 323.06 323.41 323.66 324.09 324.38 324.75 325.28 325.75 326.03 326.25 326.41 326.50 326.56 326.59 326.62 326.66 326.66 326.69 326.81 326.94 327.03 327.12 327.19 327.25 327.25 327.22 327.16 327.06 326.91 326.69 326.47 326.25 326.06
308.53 309.12 309.72 310.31 310.91 311.44 311.91 312.19 312.34 312.44 312.50 312.53 312.38 312.47 312.56 312.75 313.16 313.44 313.75 314.25 314.66 314.69 314.84 315.28 315.84 316.59 317.16 317.44 317.75 318.09 318.84 319.72 320.44 321.16 321.75 322.28 322.75 323.16 323.56 323.91 324.25 324.72 325.00 325.34 325.66 325.94 326.12 326.28 326.44 326.50 326.56 326.59 326.59 326.66 326.69 326.72 326.94 327.09 327.25 327.38 327.50 327.56 327.56 327.53 327.47 327.34 327.19 326.97 326.69 326.50 326.09
308.56 309.25 309.91 310.47 311.09 311.66 312.12 312.44 312.62 312.72 312.78 312.81 312.75 312.66 312.78 312.88 313.22 313.59 313.94 314.25 314.59 314.97 314.97 315.25 315.88 316.72 317.19 317.62 317.91 318.19 318.84 319.78 320.59 321.28 321.94 322.56 323.09 323.53 323.94 324.28 324.66 324.97 325.31 325.53 325.81 326.00 326.19 326.31 326.44 326.50 326.53 326.56 326.59 326.69 326.72 326.84 327.03 327.28 327.47 327.66 327.81 327.91 327.94 327.94 327.84 327.72 327.50 327.25 326.81 326.59 326.53
308.75 309.38 309.91 310.44 311.09 311.84 312.34 312.66 312.84 312.97 313.06 313.09 313.00 313.12 312.97 313.09 313.28 313.62 314.06 314.38 314.69 315.00 315.25 315.50 315.84 316.41 317.12 317.53 318.00 318.59 319.28 319.88 320.50 321.19 321.88 322.66 323.25 323.78 324.22 324.59 324.91 325.19 325.47 325.69 325.84 326.03 326.19 326.31 326.38 326.44 326.50 326.53 326.59 326.72 326.88 327.03 327.28 327.47 327.69 327.94 328.12 328.28 328.34 328.38 328.28 328.12 327.88 327.53 327.00 327.06 326.91
308.69 309.31 309.94 310.53 311.19 311.94 312.56 312.88 313.09 313.25 313.38 313.41 313.38 313.31 313.28 313.41 313.56 313.75 314.06 314.38 314.69 315.00 315.31 315.56 315.94 316.31 316.69 317.41 317.84 318.53 319.12 319.78 320.47 321.12 321.91 322.72 323.34 323.88 324.34 324.75 325.09 325.34 325.56 325.75 325.88 326.03 326.16 326.25 326.31 326.41 326.44 326.53 326.62 326.78 326.97 327.22 327.50 327.75 327.91 328.19 328.47 328.66 328.75 328.81 328.75 328.56 328.22 327.75 327.44 327.50 327.38
308.72 309.38 310.03 310.66 311.28 312.03 312.56 313.03 313.31 313.53 313.66 313.75 313.81 313.66 313.62 313.75 313.81 314.06 314.22 314.41 314.72 315.03 315.41 315.59 316.03 316.50 316.84 317.78 318.44 318.91 319.62 320.12 320.44 321.16 321.91 322.81 323.41 323.84 324.34 324.78 325.12 325.41 325.59 325.75 325.88 326.00 326.09 326.19 326.25 326.31 326.38 326.47 326.59 326.78 327.06 327.38 327.69 328.00 328.19 328.44 328.78 329.00 329.16 329.22 329.16 328.97 328.59 328.12 327.91 327.94 327.75
308.62 309.22 309.88 310.72 311.47 312.34 312.78 313.22 313.53 313.81 314.00 314.09 314.19 314.31 313.97 314.12 314.38 314.34 314.31 314.59 314.72 315.00 315.41 315.69 316.12 316.56 317.22 318.12 318.94 319.56 320.00 320.47 320.91 321.22 322.31 323.06 323.47 323.78 324.28 324.72 325.09 325.34 325.56 325.72 325.81 325.94 326.03 326.12 326.16 326.19 326.28 326.44 326.56 326.75 327.09 327.50 327.88 328.22 328.53 328.81 329.12 329.38 329.50 329.56 329.53 329.34 329.16 328.69 328.50 328.41 328.19
308.50 309.12 309.84 310.66 311.59 312.38 313.03 313.38 313.75 314.06 314.31 314.47 314.53 314.66 314.59 314.47 314.84 314.88 314.59 314.72 314.97 315.09 315.47 315.84 316.28 316.69 317.38 318.31 319.25 319.88 320.31 320.78 321.09 321.59 322.22 322.91 323.50 323.91 324.22 324.62 324.97 325.25 325.47 325.66 325.78 325.88 325.97 326.00 326.03 326.12 326.22 326.38 326.53 326.75 327.12 327.62 328.06 328.47 328.84 329.22 329.50 329.69 329.81 329.88 329.81 329.75 329.47 328.94 329.00 329.00 328.69
308.06 309.09 310.00 310.81 311.66 312.47 313.12 313.53 313.94 314.31 314.59 314.78 314.91 314.94 315.03 314.97 315.12 315.22 315.00 314.91 315.19 315.31 315.62 316.03 316.47 317.03 317.78 318.59 319.44 320.22 320.78 320.88 321.25 321.75 322.47 323.19 323.56 323.78 324.19 324.44 324.81 325.09 325.31 325.50 325.62 325.75 325.81 325.91 326.03 326.12 326.22 326.31 326.47 326.75 327.19 327.72 328.25 328.69 329.12 329.50 329.78 330.00 330.09 330.12 330.06 329.97 329.59 329.41 329.59 329.53 329.28
307.84 308.62 309.62 310.84 311.72 312.44 313.16 313.66 314.09 314.50 314.84 315.09 315.25 315.38 315.41 315.47 315.53 315.53 315.47 315.25 315.38 315.59 315.97 316.34 316.84 317.28 318.09 319.03 319.69 320.38 320.94 321.25 321.44 321.81 322.31 323.00 323.59 323.91 323.91 324.12 324.50 324.81 325.09 325.41 325.56 325.66 325.78 325.84 325.94 326.09 326.22 326.31 326.53 326.88 327.28 327.75 328.28 328.84 329.34 329.75 330.06 330.25 330.31 330.31 330.28 330.16 329.88 330.06 330.09 329.94 329.84
307.84 308.44 309.34 310.53 311.72 312.56 313.19 313.78 314.25 314.66 315.03 315.31 315.53 315.72 315.81 315.91 315.91 315.88 315.84 315.66 315.62 315.88 316.28 316.75 317.22 317.81 318.59 319.47 320.12 320.72 321.22 321.66 321.88 322.16 322.56 322.88 323.41 323.94 324.22 324.25 324.59 324.91 325.09 325.28 325.47 325.69 325.88 325.97 326.03 326.12 326.28 326.38 326.59 326.97 327.31 327.75 328.34 328.88 329.59 330.03 330.28 330.47 330.53 330.50 330.47 330.38 330.31 330.25 330.41 330.28 330.25
308.22 308.84 309.66 310.59 311.72 312.53 313.25 313.84 314.34 314.78 315.16 315.47 315.75 315.97 316.12 316.19 316.22 316.19 316.06 315.94 316.03 316.16 316.59 317.00 317.47 318.09 318.91 319.69 320.41 321.06 321.50 321.91 322.28 322.47 322.75 323.12 323.56 323.97 324.25 324.47 324.75 325.00 325.16 325.38 325.56 325.72 325.88 326.03 326.09 326.16 326.31 326.47 326.62 327.03 327.47 327.84 328.50 329.00 329.88 330.31 330.47 330.62 330.69 330.66 330.62 330.62 330.56 330.50 330.56 330.53 330.53
308.38 309.03 309.62 310.41 311.50 312.56 313.31 313.94 314.41 314.84 315.19 315.53 315.84 316.09 316.28 316.41 316.44 316.44 316.31 316.28 316.25 316.41 316.72 317.19 317.56 318.00 318.94 319.88 320.50 321.31 321.81 322.19 322.50 322.75 323.00 323.38 323.75 324.16 324.41 324.62 324.94 325.12 325.28 325.47 325.72 325.94 326.06 326.16 326.22 326.31 326.41 326.56 326.75 327.09 327.62 328.19 328.84 329.31 330.16 330.53 330.66 330.75 330.81 330.78 330.75 330.78 330.69 330.66 330.66 330.69 330.72
308.19 308.88 309.34 310.09 311.03 312.22 313.16 313.75 314.34 314.81 315.25 315.56 315.84 316.16 316.38 316.53 316.59 316.62 316.53 316.47 316.56 316.66 316.78 317.19 317.66 318.28 319.00 320.03 320.69 321.38 322.12 322.47 322.75 323.00 323.25 323.59 324.03 324.41 324.62 324.84 325.03 325.25 325.47 325.66 325.88 326.16 326.28 326.38 326.38 326.44 326.53 326.72 326.91 327.41 327.84 328.50 329.09 329.91 330.34 330.66 330.84 330.88 330.94 330.91 330.84 330.81 330.75 330.75 330.81 330.81 330.84
308.19 308.75 309.53 310.09 310.88 312.09 313.00 313.81 314.31 314.69 315.12 315.56 315.91 316.28 316.47 316.59 316.72 316.75 316.72 316.72 316.81 317.00 317.22 317.47 317.97 318.66 319.47 320.41 321.12 321.78 322.25 322.69 322.94 323.16 323.47 323.72 323.97 324.47 324.84 325.09 325.28 325.38 325.72 325.94 326.12 326.31 326.47 326.59 326.62 326.66 326.72 326.88 327.22 327.62 328.25 328.94 329.53 330.38 330.62 330.81 330.94 331.00 331.03 331.00 330.94 330.88 330.78 330.84 330.81 330.88 330.91
308.44 309.00 309.75 310.41 311.19 312.28 313.12 313.81 314.41 314.69 315.22 315.59 315.91 316.28 316.50 316.69 316.84 316.94 317.03 317.06 317.25 317.56 317.69 317.91 318.28 319.09 319.75 320.75 321.66 322.25 322.53 322.81 323.16 323.31 323.62 323.91 324.12 324.53 325.06 325.31 325.56 325.59 325.88 326.12 326.31 326.50 326.69 326.81 326.88 326.94 326.91 327.09 327.44 327.94 328.56 329.38 330.03 330.53 330.84 330.94 331.03 331.12 331.16 331.09 331.00 330.88 330.88 330.94 330.88 330.91 330.97
