everonasctiles/Tile45,30.asc
ncols 128
nrows 128
xllcorner 0
yllcorner 0
cellsize 2.0
NODATA_value  -9999
[rows 0 to 31 of 128, columns 0 to 70 of 128]
-100.56 -100.44 -100.28 -100.09 -99.94 -99.75 -99.53 -99.31 -99.03 -98.78 -98.56 -98.31 -98.09 -97.88 -97.66 -97.44 -97.22 -97.00 -96.81 -96.56 -96.34 -96.12 -95.94 -95.81 -95.72 -95.66 -95.62 -95.62 -95.62 -95.69 -95.78 -95.88 -95.94 -96.03 -96.09 -96.12 -96.16 -96.16 -96.12 -96.09 -96.06 -96.03 -96.00 -95.94 -95.88 -95.78 -95.72 -95.66 -95.56 -95.47 -95.34 -95.19 -95.03 -94.84 -94.66 -94.41 -94.12 -93.84 -93.56 -93.25 -92.94 -92.56 -92.22 -91.84 -91.50 -91.16 -90.81 -90.50 -90.22 -89.94 -89.72
-100.44 -100.28 -100.09 -99.91 -99.72 -99.50 -99.31 -99.09 -98.88 -98.62 -98.41 -98.19 -98.00 -97.81 -97.66 -97.47 -97.31 -97.16 -96.97 -96.78 -96.56 -96.38 -96.22 -96.09 -96.00 -95.94 -95.91 -95.84 -95.84 -95.84 -95.91 -95.97 -96.03 -96.09 -96.16 -96.19 -96.19 -96.19 -96.19 -96.16 -96.09 -96.06 -96.00 -95.94 -95.88 -95.78 -95.72 -95.62 -95.53 -95.41 -95.28 -95.12 -94.97 -94.78 -94.56 -94.34 -94.06 -93.78 -93.50 -93.19 -92.88 -92.56 -92.22 -91.88 -91.56 -91.22 -90.94 -90.66 -90.38 -90.09 -90.03
-100.28 -100.09 -99.91 -99.69 -99.47 -99.28 -99.06 -98.88 -98.69 -98.47 -98.25 -98.06 -97.91 -97.78 -97.66 -97.53 -97.44 -97.31 -97.12 -96.94 -96.78 -96.59 -96.47 -96.38 -96.28 -96.22 -96.16 -96.09 -96.06 -96.03 -96.03 -96.06 -96.12 -96.19 -96.22 -96.25 -96.25 -96.25 -96.22 -96.19 -96.12 -96.09 -96.03 -95.97 -95.88 -95.78 -95.69 -95.59 -95.50 -95.38 -95.22 -95.06 -94.88 -94.69 -94.47 -94.25 -94.00 -93.75 -93.47 -93.19 -92.88 -92.59 -92.28 -91.94 -91.62 -91.34 -91.06 -90.81 -90.59 -90.41 -90.44
-100.12 -99.91 -99.72 -99.47 -99.25 -99.03 -98.84 -98.66 -98.50 -98.34 -98.16 -97.97 -97.84 -97.78 -97.69 -97.62 -97.53 -97.44 -97.28 -97.12 -96.97 -96.81 -96.69 -96.62 -96.56 -96.50 -96.44 -96.34 -96.25 -96.19 -96.19 -96.19 -96.22 -96.25 -96.28 -96.31 -96.31 -96.28 -96.25 -96.22 -96.16 -96.09 -96.03 -95.94 -95.88 -95.78 -95.69 -95.59 -95.47 -95.34 -95.19 -95.03 -94.84 -94.62 -94.41 -94.19 -93.97 -93.72 -93.47 -93.19 -92.94 -92.66 -92.34 -92.06 -91.78 -91.50 -91.31 -91.12 -90.94 -90.84 -90.84
-99.97 -99.75 -99.53 -99.28 -99.03 -98.75 -98.59 -98.47 -98.34 -98.22 -98.09 -97.97 -97.88 -97.81 -97.78 -97.72 -97.66 -97.53 -97.41 -97.25 -97.12 -97.00 -96.94 -96.88 -96.81 -96.75 -96.66 -96.56 -96.44 -96.38 -96.31 -96.31 -96.31 -96.34 -96.34 -96.34 -96.34 -96.31 -96.28 -96.22 -96.16 -96.09 -96.00 -95.94 -95.84 -95.78 -95.69 -95.56 -95.44 -95.31 -95.16 -95.00 -94.81 -94.59 -94.38 -94.16 -93.94 -93.72 -93.50 -93.25 -93.00 -92.75 -92.47 -92.22 -91.97 -91.75 -91.59 -91.44 -91.34 -91.25 -91.25
-99.81 -99.56 -99.31 -99.03 -98.69 -98.44 -98.34 -98.31 -98.25 -98.19 -98.09 -98.00 -97.94 -97.91 -97.88 -97.81 -97.75 -97.62 -97.50 -97.41 -97.28 -97.19 -97.12 -97.06 -97.03 -96.97 -96.84 -96.75 -96.62 -96.53 -96.47 -96.44 -96.44 -96.44 -96.44 -96.41 -96.38 -96.34 -96.28 -96.22 -96.16 -96.06 -96.00 -95.91 -95.84 -95.75 -95.66 -95.53 -95.41 -95.28 -95.12 -94.97 -94.78 -94.59 -94.38 -94.16 -93.94 -93.75 -93.53 -93.31 -93.09 -92.84 -92.62 -92.38 -92.19 -92.03 -91.88 -91.78 -91.69 -91.62 -91.66
-99.72 -99.41 -99.06 -98.72 -98.38 -98.16 -98.19 -98.25 -98.25 -98.22 -98.16 -98.09 -98.03 -98.00 -97.97 -97.91 -97.81 -97.72 -97.62 -97.53 -97.44 -97.38 -97.31 -97.25 -97.22 -97.12 -97.03 -96.91 -96.78 -96.66 -96.59 -96.56 -96.53 -96.53 -96.50 -96.47 -96.41 -96.34 -96.28 -96.22 -96.12 -96.03 -95.97 -95.88 -95.78 -95.69 -95.59 -95.50 -95.38 -95.25 -95.09 -94.94 -94.75 -94.56 -94.38 -94.16 -93.97 -93.75 -93.56 -93.38 -93.16 -92.97 -92.75 -92.56 -92.41 -92.28 -92.19 -92.09 -92.03 -92.00 -92.03
-99.75 -99.47 -99.12 -98.69 -98.34 -98.22 -98.31 -98.38 -98.38 -98.34 -98.28 -98.22 -98.16 -98.09 -98.03 -97.97 -97.88 -97.78 -97.72 -97.66 -97.59 -97.53 -97.47 -97.41 -97.34 -97.28 -97.16 -97.03 -96.91 -96.78 -96.72 -96.69 -96.66 -96.62 -96.56 -96.53 -96.47 -96.38 -96.31 -96.22 -96.12 -96.03 -95.94 -95.84 -95.75 -95.66 -95.56 -95.44 -95.31 -95.19 -95.06 -94.88 -94.72 -94.53 -94.34 -94.16 -93.97 -93.78 -93.59 -93.41 -93.22 -93.06 -92.88 -92.72 -92.62 -92.53 -92.47 -92.41 -92.38 -92.34 -92.41
-99.81 -99.53 -99.25 -98.91 -98.59 -98.47 -98.50 -98.50 -98.50 -98.47 -98.41 -98.34 -98.28 -98.19 -98.12 -98.03 -97.94 -97.88 -97.81 -97.75 -97.72 -97.66 -97.59 -97.56 -97.47 -97.38 -97.28 -97.12 -97.00 -96.91 -96.84 -96.78 -96.75 -96.69 -96.66 -96.59 -96.50 -96.41 -96.31 -96.22 -96.12 -96.00 -95.91 -95.81 -95.72 -95.62 -95.50 -95.38 -95.25 -95.12 -95.00 -94.84 -94.69 -94.50 -94.34 -94.16 -93.97 -93.78 -93.59 -93.41 -93.25 -93.09 -92.94 -92.84 -92.81 -92.78 -92.75 -92.72 -92.69 -92.69 -92.72
-99.88 -99.62 -99.34 -99.06 -98.81 -98.69 -98.66 -98.66 -98.62 -98.59 -98.53 -98.47 -98.38 -98.28 -98.19 -98.09 -98.00 -97.94 -97.91 -97.88 -97.81 -97.78 -97.72 -97.66 -97.56 -97.47 -97.34 -97.22 -97.09 -97.00 -96.94 -96.88 -96.84 -96.78 -96.72 -96.62 -96.53 -96.44 -96.34 -96.25 -96.12 -96.00 -95.91 -95.78 -95.69 -95.56 -95.44 -95.31 -95.19 -95.09 -94.94 -94.81 -94.66 -94.47 -94.31 -94.12 -93.94 -93.75 -93.56 -93.41 -93.25 -93.09 -92.97 -92.94 -92.97 -93.00 -93.00 -93.00 -92.97 -93.00 -93.03
-99.97 -99.69 -99.44 -99.19 -99.00 -98.88 -98.84 -98.81 -98.78 -98.75 -98.66 -98.56 -98.47 -98.34 -98.25 -98.12 -98.06 -98.00 -98.00 -97.97 -97.94 -97.88 -97.81 -97.75 -97.66 -97.56 -97.44 -97.31 -97.19 -97.09 -97.03 -96.97 -96.94 -96.84 -96.78 -96.69 -96.59 -96.50 -96.38 -96.28 -96.16 -96.03 -95.91 -95.78 -95.66 -95.53 -95.41 -95.28 -95.16 -95.03 -94.91 -94.78 -94.62 -94.47 -94.28 -94.09 -93.91 -93.72 -93.53 -93.38 -93.22 -93.06 -92.97 -93.03 -93.09 -93.19 -93.22 -93.22 -93.25 -93.25 -93.28
-100.00 -99.75 -99.53 -99.31 -99.16 -99.06 -99.00 -98.97 -98.94 -98.88 -98.78 -98.69 -98.56 -98.44 -98.31 -98.19 -98.12 -98.09 -98.06 -98.06 -98.03 -97.97 -97.91 -97.81 -97.72 -97.62 -97.50 -97.38 -97.28 -97.19 -97.12 -97.06 -97.00 -96.91 -96.81 -96.72 -96.62 -96.53 -96.44 -96.34 -96.22 -96.09 -95.94 -95.81 -95.66 -95.53 -95.41 -95.28 -95.16 -95.03 -94.91 -94.78 -94.62 -94.44 -94.28 -94.09 -93.88 -93.69 -93.50 -93.34 -93.16 -93.03 -92.97 -93.06 -93.19 -93.31 -93.38 -93.44 -93.47 -93.50 -93.53
-100.06 -99.81 -99.59 -99.41 -99.28 -99.22 -99.16 -99.12 -99.06 -99.00 -98.91 -98.78 -98.66 -98.50 -98.38 -98.25 -98.19 -98.16 -98.16 -98.12 -98.09 -98.06 -97.97 -97.91 -97.81 -97.69 -97.56 -97.44 -97.34 -97.25 -97.19 -97.09 -97.03 -96.94 -96.84 -96.75 -96.66 -96.56 -96.47 -96.38 -96.25 -96.12 -96.00 -95.84 -95.69 -95.56 -95.41 -95.28 -95.16 -95.06 -94.91 -94.78 -94.62 -94.47 -94.28 -94.09 -93.91 -93.69 -93.50 -93.31 -93.16 -92.97 -92.97 -93.12 -93.28 -93.41 -93.53 -93.62 -93.69 -93.72 -93.75
-100.12 -99.88 -99.69 -99.53 -99.41 -99.34 -99.31 -99.25 -99.19 -99.09 -99.00 -98.88 -98.75 -98.59 -98.44 -98.34 -98.25 -98.22 -98.22 -98.19 -98.16 -98.12 -98.06 -97.97 -97.88 -97.75 -97.62 -97.50 -97.41 -97.31 -97.22 -97.12 -97.06 -96.97 -96.88 -96.78 -96.69 -96.59 -96.50 -96.41 -96.31 -96.19 -96.03 -95.88 -95.75 -95.59 -95.47 -95.31 -95.19 -95.06 -94.94 -94.78 -94.62 -94.47 -94.28 -94.09 -93.91 -93.72 -93.53 -93.38 -93.19 -93.03 -93.06 -93.22 -93.38 -93.53 -93.66 -93.78 -93.88 -93.94 -93.97
-100.16 -99.94 -99.78 -99.62 -99.53 -99.50 -99.44 -99.38 -99.28 -99.19 -99.09 -98.97 -98.81 -98.69 -98.53 -98.41 -98.34 -98.31 -98.28 -98.25 -98.22 -98.19 -98.09 -98.03 -97.91 -97.81 -97.69 -97.56 -97.44 -97.31 -97.22 -97.12 -97.03 -96.97 -96.88 -96.78 -96.69 -96.59 -96.53 -96.44 -96.31 -96.19 -96.06 -95.94 -95.78 -95.66 -95.50 -95.34 -95.22 -95.06 -94.94 -94.78 -94.62 -94.47 -94.31 -94.12 -93.94 -93.78 -93.59 -93.44 -93.28 -93.16 -93.22 -93.34 -93.50 -93.66 -93.81 -93.94 -94.06 -94.12 -94.16
-100.19 -100.00 -99.84 -99.72 -99.66 -99.59 -99.56 -99.47 -99.38 -99.28 -99.16 -99.03 -98.88 -98.75 -98.59 -98.50 -98.41 -98.38 -98.34 -98.34 -98.28 -98.25 -98.16 -98.06 -97.97 -97.84 -97.72 -97.56 -97.44 -97.28 -97.19 -97.09 -97.00 -96.94 -96.88 -96.78 -96.69 -96.59 -96.50 -96.41 -96.31 -96.19 -96.06 -95.94 -95.81 -95.66 -95.50 -95.34 -95.19 -95.06 -94.91 -94.75 -94.62 -94.47 -94.31 -94.12 -93.97 -93.81 -93.62 -93.47 -93.34 -93.28 -93.34 -93.47 -93.62 -93.78 -93.97 -94.09 -94.22 -94.31 -94.34
-100.22 -100.06 -99.91 -99.81 -99.75 -99.69 -99.66 -99.56 -99.47 -99.34 -99.22 -99.06 -98.94 -98.78 -98.66 -98.56 -98.50 -98.47 -98.44 -98.41 -98.34 -98.28 -98.22 -98.12 -98.03 -97.91 -97.75 -97.59 -97.41 -97.25 -97.12 -97.03 -96.97 -96.88 -96.81 -96.75 -96.66 -96.56 -96.47 -96.38 -96.28 -96.16 -96.03 -95.91 -95.78 -95.66 -95.50 -95.31 -95.16 -95.00 -94.88 -94.72 -94.59 -94.44 -94.28 -94.12 -93.97 -93.81 -93.66 -93.53 -93.41 -93.34 -93.44 -93.56 -93.75 -93.94 -94.09 -94.25 -94.38 -94.47 -94.53
-100.22 -100.09 -99.97 -99.88 -99.81 -99.78 -99.72 -99.62 -99.50 -99.41 -99.25 -99.12 -98.97 -98.84 -98.72 -98.62 -98.56 -98.53 -98.50 -98.47 -98.41 -98.34 -98.28 -98.19 -98.06 -97.94 -97.78 -97.59 -97.41 -97.25 -97.09 -96.97 -96.88 -96.81 -96.75 -96.69 -96.59 -96.53 -96.44 -96.31 -96.19 -96.06 -95.94 -95.81 -95.72 -95.59 -95.44 -95.28 -95.12 -94.97 -94.84 -94.69 -94.53 -94.41 -94.25 -94.09 -93.94 -93.81 -93.66 -93.53 -93.41 -93.38 -93.47 -93.62 -93.81 -94.03 -94.22 -94.38 -94.50 -94.59 -94.69
-100.25 -100.12 -100.03 -99.94 -99.88 -99.81 -99.75 -99.66 -99.56 -99.44 -99.28 -99.16 -99.00 -98.88 -98.75 -98.69 -98.62 -98.56 -98.53 -98.50 -98.44 -98.38 -98.28 -98.19 -98.09 -97.97 -97.78 -97.62 -97.41 -97.22 -97.03 -96.91 -96.81 -96.72 -96.69 -96.59 -96.53 -96.44 -96.34 -96.25 -96.12 -96.00 -95.84 -95.72 -95.62 -95.50 -95.38 -95.25 -95.09 -94.94 -94.81 -94.66 -94.50 -94.34 -94.22 -94.06 -93.91 -93.78 -93.62 -93.50 -93.38 -93.38 -93.50 -93.66 -93.84 -94.06 -94.28 -94.47 -94.62 -94.75 -94.81
-100.22 -100.12 -100.03 -99.97 -99.88 -99.81 -99.75 -99.66 -99.56 -99.44 -99.31 -99.19 -99.03 -98.91 -98.81 -98.72 -98.66 -98.59 -98.56 -98.50 -98.44 -98.38 -98.28 -98.19 -98.06 -97.94 -97.78 -97.59 -97.41 -97.19 -97.00 -96.84 -96.72 -96.66 -96.59 -96.53 -96.47 -96.38 -96.28 -96.16 -96.03 -95.91 -95.78 -95.66 -95.53 -95.41 -95.31 -95.19 -95.06 -94.94 -94.78 -94.62 -94.47 -94.31 -94.19 -94.03 -93.88 -93.75 -93.59 -93.47 -93.38 -93.34 -93.47 -93.66 -93.88 -94.09 -94.31 -94.53 -94.69 -94.84 -94.94
-100.19 -100.12 -100.03 -99.97 -99.88 -99.78 -99.72 -99.62 -99.56 -99.44 -99.34 -99.19 -99.06 -98.94 -98.84 -98.75 -98.69 -98.62 -98.56 -98.50 -98.44 -98.34 -98.25 -98.16 -98.03 -97.88 -97.75 -97.56 -97.38 -97.19 -96.97 -96.81 -96.69 -96.56 -96.50 -96.44 -96.38 -96.28 -96.19 -96.09 -95.97 -95.84 -95.69 -95.56 -95.44 -95.31 -95.22 -95.12 -95.03 -94.91 -94.75 -94.59 -94.44 -94.31 -94.16 -94.03 -93.88 -93.75 -93.59 -93.47 -93.34 -93.31 -93.47 -93.66 -93.88 -94.09 -94.34 -94.56 -94.75 -94.91 -95.03
-100.12 -100.09 -100.03 -99.94 -99.84 -99.75 -99.66 -99.56 -99.50 -99.41 -99.31 -99.19 -99.06 -98.94 -98.84 -98.78 -98.69 -98.62 -98.56 -98.50 -98.38 -98.28 -98.19 -98.06 -97.94 -97.81 -97.66 -97.50 -97.31 -97.16 -96.97 -96.78 -96.62 -96.50 -96.41 -96.34 -96.28 -96.22 -96.12 -96.03 -95.91 -95.78 -95.66 -95.50 -95.38 -95.25 -95.12 -95.03 -94.94 -94.84 -94.69 -94.56 -94.41 -94.28 -94.12 -94.00 -93.88 -93.72 -93.59 -93.47 -93.34 -93.31 -93.44 -93.66 -93.84 -94.09 -94.31 -94.53 -94.75 -94.91 -95.06
-100.06 -100.03 -99.97 -99.88 -99.78 -99.66 -99.56 -99.47 -99.41 -99.31 -99.22 -99.12 -99.00 -98.91 -98.84 -98.78 -98.72 -98.66 -98.56 -98.44 -98.34 -98.22 -98.06 -97.97 -97.84 -97.72 -97.59 -97.44 -97.28 -97.09 -96.94 -96.75 -96.59 -96.47 -96.38 -96.28 -96.22 -96.16 -96.06 -95.97 -95.84 -95.72 -95.59 -95.44 -95.31 -95.16 -95.03 -94.94 -94.84 -94.75 -94.59 -94.47 -94.34 -94.22 -94.09 -93.97 -93.84 -93.72 -93.59 -93.47 -93.34 -93.31 -93.44 -93.62 -93.84 -94.06 -94.31 -94.50 -94.72 -94.91 -95.09
-99.94 -99.94 -99.91 -99.81 -99.69 -99.56 -99.44 -99.34 -99.25 -99.19 -99.09 -99.00 -98.91 -98.84 -98.81 -98.75 -98.72 -98.62 -98.53 -98.41 -98.25 -98.12 -97.97 -97.84 -97.72 -97.62 -97.50 -97.38 -97.22 -97.06 -96.91 -96.72 -96.56 -96.44 -96.31 -96.22 -96.16 -96.06 -96.00 -95.91 -95.78 -95.69 -95.56 -95.41 -95.25 -95.09 -94.97 -94.84 -94.75 -94.62 -94.50 -94.38 -94.25 -94.12 -94.03 -93.94 -93.81 -93.69 -93.56 -93.44 -93.34 -93.28 -93.41 -93.59 -93.81 -94.03 -94.25 -94.47 -94.69 -94.88 -95.09
-99.84 -99.81 -99.78 -99.72 -99.59 -99.47 -99.31 -99.22 -99.12 -99.03 -98.94 -98.88 -98.78 -98.75 -98.72 -98.69 -98.66 -98.56 -98.47 -98.31 -98.16 -98.00 -97.84 -97.72 -97.62 -97.53 -97.44 -97.31 -97.19 -97.03 -96.88 -96.69 -96.56 -96.41 -96.28 -96.19 -96.09 -96.00 -95.94 -95.84 -95.75 -95.66 -95.50 -95.38 -95.22 -95.06 -94.91 -94.78 -94.69 -94.56 -94.41 -94.28 -94.16 -94.03 -93.94 -93.84 -93.78 -93.66 -93.53 -93.44 -93.34 -93.28 -93.41 -93.56 -93.75 -93.97 -94.19 -94.41 -94.62 -94.84 -95.06
-99.69 -99.72 -99.69 -99.62 -99.50 -99.34 -99.19 -99.06 -98.97 -98.88 -98.81 -98.72 -98.66 -98.62 -98.59 -98.59 -98.53 -98.47 -98.34 -98.22 -98.06 -97.91 -97.75 -97.59 -97.50 -97.41 -97.34 -97.28 -97.12 -96.97 -96.81 -96.66 -96.50 -96.38 -96.25 -96.12 -96.03 -95.97 -95.88 -95.81 -95.72 -95.59 -95.47 -95.34 -95.19 -95.03 -94.88 -94.75 -94.62 -94.50 -94.34 -94.22 -94.09 -93.97 -93.88 -93.78 -93.72 -93.62 -93.53 -93.41 -93.31 -93.25 -93.34 -93.50 -93.69 -93.91 -94.12 -94.34 -94.59 -94.84 -95.06
-99.56 -99.56 -99.56 -99.50 -99.41 -99.25 -99.06 -98.94 -98.81 -98.72 -98.66 -98.59 -98.53 -98.50 -98.47 -98.44 -98.41 -98.31 -98.22 -98.09 -97.94 -97.78 -97.62 -97.50 -97.38 -97.31 -97.25 -97.16 -97.06 -96.91 -96.75 -96.59 -96.44 -96.28 -96.19 -96.06 -95.97 -95.91 -95.81 -95.75 -95.66 -95.56 -95.44 -95.31 -95.16 -95.03 -94.88 -94.75 -94.59 -94.47 -94.34 -94.22 -94.06 -93.97 -93.84 -93.78 -93.69 -93.62 -93.50 -93.41 -93.31 -93.25 -93.31 -93.47 -93.66 -93.84 -94.06 -94.31 -94.59 -94.84 -95.09
-99.38 -99.41 -99.44 -99.38 -99.28 -99.12 -98.94 -98.78 -98.66 -98.56 -98.53 -98.47 -98.41 -98.38 -98.34 -98.28 -98.22 -98.12 -98.06 -97.97 -97.84 -97.69 -97.56 -97.41 -97.28 -97.19 -97.12 -97.03 -96.94 -96.81 -96.66 -96.50 -96.34 -96.22 -96.09 -95.97 -95.91 -95.81 -95.72 -95.66 -95.59 -95.50 -95.41 -95.28 -95.16 -95.00 -94.88 -94.75 -94.62 -94.50 -94.38 -94.25 -94.12 -94.03 -93.91 -93.81 -93.72 -93.62 -93.53 -93.41 -93.31 -93.22 -93.28 -93.41 -93.59 -93.81 -94.06 -94.34 -94.62 -94.91 -95.19
-99.19 -99.25 -99.25 -99.22 -99.12 -99.00 -98.81 -98.66 -98.53 -98.44 -98.38 -98.34 -98.31 -98.28 -98.22 -98.12 -98.03 -97.97 -97.88 -97.81 -97.72 -97.62 -97.50 -97.34 -97.19 -97.06 -96.97 -96.91 -96.81 -96.69 -96.53 -96.41 -96.25 -96.09 -95.97 -95.88 -95.78 -95.69 -95.62 -95.56 -95.50 -95.44 -95.34 -95.25 -95.12 -95.00 -94.91 -94.78 -94.69 -94.56 -94.47 -94.34 -94.22 -94.09 -93.97 -93.88 -93.75 -93.66 -93.53 -93.41 -93.28 -93.19 -93.22 -93.38 -93.59 -93.84 -94.09 -94.41 -94.69 -95.00 -95.25
-99.00 -99.03 -99.06 -99.03 -98.97 -98.81 -98.69 -98.53 -98.38 -98.31 -98.28 -98.25 -98.22 -98.16 -98.09 -98.00 -97.88 -97.78 -97.69 -97.66 -97.59 -97.53 -97.44 -97.28 -97.12 -96.97 -96.84 -96.72 -96.62 -96.53 -96.41 -96.28 -96.12 -96.00 -95.88 -95.75 -95.66 -95.56 -95.50 -95.44 -95.38 -95.31 -95.25 -95.19 -95.09 -95.00 -94.94 -94.84 -94.75 -94.66 -94.56 -94.44 -94.31 -94.19 -94.06 -93.91 -93.78 -93.66 -93.53 -93.41 -93.28 -93.16 -93.16 -93.34 -93.59 -93.84 -94.16 -94.44 -94.75 -95.06 -95.34
-98.78 -98.81 -98.84 -98.81 -98.75 -98.62 -98.50 -98.38 -98.25 -98.19 -98.16 -98.16 -98.16 -98.06 -97.97 -97.84 -97.72 -97.62 -97.53 -97.47 -97.44 -97.41 -97.31 -97.16 -97.00 -96.84 -96.69 -96.56 -96.47 -96.34 -96.25 -96.12 -96.00 -95.88 -95.75 -95.66 -95.53 -95.44 -95.38 -95.28 -95.25 -95.19 -95.16 -95.12 -95.06 -95.03 -94.97 -94.91 -94.84 -94.75 -94.62 -94.53 -94.41 -94.25 -94.09 -93.97 -93.81 -93.69 -93.53 -93.41 -93.28 -93.16 -93.09 -93.34 -93.62 -93.91 -94.19 -94.50 -94.84 -95.12 -95.44
-98.53 -98.59 -98.59 -98.59 -98.53 -98.44 -98.31 -98.22 -98.09 -98.06 -98.03 -98.06 -98.03 -97.97 -97.84 -97.72 -97.59 -97.47 -97.38 -97.31 -97.28 -97.22 -97.16 -97.03 -96.88 -96.69 -96.53 -96.38 -96.25 -96.16 -96.06 -95.97 -95.84 -95.75 -95.62 -95.53 -95.44 -95.34 -95.25 -95.19 -95.12 -95.09 -95.09 -95.06 -95.06 -95.06 -95.06 -95.00 -94.94 -94.81 -94.69 -94.56 -94.44 -94.28 -94.12 -93.97 -93.84 -93.69 -93.53 -93.41 -93.28 -93.16 -93.16 -93.41 -93.69 -93.97 -94.25 -94.56 -94.91 -95.22 -95.50
