everonasctiles/Tile[38,22].asc
ncols 128
nrows 128
xllcorner 0
yllcorner 0
cellsize 2.0
NODATA_value  -9999
[rows 64 to 95 of 128, columns 0 to 70 of 128]
-15.59 -15.53 -15.41 -15.12 -14.75 -14.44 -14.22 -14.00 -13.75 -13.59 -13.41 -13.38 -13.59 -14.12 -14.34 -14.47 -14.88 -15.22 -15.50 -16.16 -16.91 -17.31 -17.38 -17.78 -18.28 -18.50 -18.66 -19.00 -19.47 -19.81 -20.16 -20.53 -20.78 -21.09 -21.41 -21.66 -21.94 -22.28 -22.56 -23.00 -23.47 -23.94 -24.25 -24.62 -24.84 -25.09 -25.38 -25.78 -26.25 -26.81 -27.53 -28.19 -28.81 -29.41 -30.00 -30.56 -31.06 -31.44 -31.84 -32.19 -32.44 -32.88 -33.12 -33.34 -33.50 -33.62 -33.72 -33.84 -33.97 -34.12 -34.28
-15.47 -15.41 -15.19 -14.91 -14.72 -14.47 -14.19 -13.91 -13.59 -13.34 -13.09 -13.19 -13.44 -13.78 -14.06 -14.25 -14.69 -15.12 -15.47 -15.91 -16.44 -16.91 -17.28 -17.62 -17.91 -18.22 -18.38 -18.72 -19.22 -19.59 -19.88 -20.12 -20.34 -20.59 -20.91 -21.25 -21.62 -21.94 -22.22 -22.56 -23.06 -23.47 -23.72 -24.09 -24.41 -24.72 -25.16 -25.56 -26.03 -26.75 -27.47 -27.97 -28.44 -29.00 -29.53 -30.16 -30.62 -31.03 -31.47 -31.75 -32.09 -32.44 -32.78 -33.00 -33.16 -33.28 -33.41 -33.56 -33.75 -33.97 -34.19
-15.22 -15.22 -15.12 -14.91 -14.62 -14.28 -13.94 -13.66 -13.34 -13.16 -13.12 -13.28 -13.31 -13.47 -14.00 -14.28 -14.56 -14.97 -15.47 -15.75 -16.19 -16.56 -17.03 -17.41 -17.56 -17.94 -18.12 -18.56 -18.88 -19.09 -19.38 -19.62 -19.91 -20.22 -20.53 -20.88 -21.41 -21.69 -21.88 -22.31 -22.66 -22.97 -23.12 -23.44 -23.72 -24.25 -24.78 -25.28 -25.78 -26.41 -26.88 -27.34 -27.91 -28.56 -29.09 -29.66 -30.12 -30.47 -30.84 -31.19 -31.62 -32.00 -32.38 -32.62 -32.78 -32.94 -33.12 -33.31 -33.66 -33.91 -34.16
-14.91 -14.97 -14.91 -14.69 -14.41 -14.12 -13.88 -13.50 -13.28 -13.09 -12.97 -13.03 -13.25 -13.50 -13.81 -14.03 -14.44 -14.75 -15.16 -15.56 -15.88 -16.28 -16.69 -17.09 -17.50 -17.75 -17.94 -18.28 -18.50 -18.62 -18.84 -19.12 -19.44 -19.75 -20.16 -20.62 -21.00 -21.28 -21.59 -22.03 -22.25 -22.44 -22.62 -22.91 -23.28 -23.66 -24.25 -24.88 -25.28 -25.78 -26.44 -27.09 -27.59 -28.19 -28.66 -29.19 -29.53 -29.69 -30.19 -30.66 -31.09 -31.50 -31.88 -32.16 -32.41 -32.44 -32.84 -33.25 -33.56 -33.84 -34.12
-14.75 -14.84 -14.75 -14.59 -14.28 -14.00 -13.78 -13.53 -13.47 -13.34 -13.25 -13.06 -13.12 -13.34 -13.59 -13.91 -14.22 -14.66 -15.06 -15.47 -15.66 -15.91 -16.41 -17.03 -17.44 -17.53 -17.69 -17.88 -18.06 -18.28 -18.47 -18.72 -19.12 -19.53 -19.91 -20.22 -20.56 -20.88 -21.34 -21.78 -21.97 -22.16 -22.44 -22.78 -22.97 -23.31 -23.81 -24.31 -24.75 -25.34 -25.84 -26.56 -27.06 -27.59 -28.09 -28.44 -28.69 -29.12 -29.66 -30.12 -30.50 -30.97 -31.41 -31.62 -31.81 -32.34 -32.69 -33.12 -33.47 -33.78 -34.06
-14.62 -14.75 -14.72 -14.62 -14.47 -14.31 -14.16 -13.91 -13.62 -13.38 -13.34 -13.25 -13.16 -13.34 -13.69 -13.91 -14.16 -14.53 -15.00 -15.28 -15.41 -15.69 -16.16 -16.81 -17.25 -17.25 -17.47 -17.50 -17.72 -18.06 -18.31 -18.59 -18.88 -19.19 -19.69 -19.91 -20.22 -20.62 -21.06 -21.44 -21.62 -21.69 -22.00 -22.50 -22.84 -23.06 -23.44 -23.81 -24.28 -24.78 -25.25 -25.81 -26.44 -27.00 -27.44 -27.78 -28.12 -28.56 -28.75 -29.03 -29.66 -30.22 -30.78 -31.03 -31.44 -32.00 -32.53 -32.97 -33.34 -33.69 -33.97
-14.62 -14.75 -14.84 -14.81 -14.78 -14.66 -14.53 -14.34 -14.00 -13.72 -13.53 -13.44 -13.31 -13.25 -13.50 -13.69 -13.97 -14.44 -14.78 -15.00 -15.31 -15.53 -15.75 -16.06 -16.62 -16.97 -17.19 -17.38 -17.59 -17.97 -18.25 -18.47 -18.56 -19.00 -19.50 -19.62 -19.88 -20.28 -20.62 -20.94 -21.19 -21.38 -21.66 -22.03 -22.56 -22.97 -23.22 -23.50 -23.91 -24.31 -24.88 -25.56 -26.09 -26.34 -26.56 -26.84 -27.12 -27.41 -27.72 -28.03 -28.78 -29.19 -29.59 -30.09 -30.59 -31.50 -32.22 -32.72 -33.19 -33.53 -33.84
-14.81 -14.97 -15.06 -15.06 -15.00 -14.94 -14.78 -14.59 -14.34 -14.12 -13.88 -13.59 -13.44 -13.41 -13.44 -13.69 -14.00 -14.31 -14.69 -15.00 -15.28 -15.53 -15.72 -15.94 -16.19 -16.59 -17.00 -17.09 -17.44 -17.72 -17.97 -18.28 -18.53 -18.88 -19.28 -19.44 -19.66 -19.88 -20.16 -20.47 -20.81 -21.19 -21.41 -21.72 -22.09 -22.56 -23.00 -23.19 -23.53 -23.88 -24.34 -25.03 -25.50 -25.59 -25.50 -25.72 -25.50 -25.59 -26.91 -27.53 -27.72 -28.41 -28.59 -29.25 -30.06 -30.78 -31.84 -32.47 -32.97 -33.34 -33.69
-15.06 -15.22 -15.31 -15.34 -15.31 -15.25 -15.06 -14.81 -14.56 -14.31 -14.03 -13.75 -13.56 -13.50 -13.50 -13.66 -13.97 -14.28 -14.66 -15.03 -15.28 -15.53 -15.78 -16.09 -16.22 -16.41 -16.75 -16.81 -17.22 -17.59 -17.78 -17.97 -18.16 -18.44 -18.81 -19.12 -19.31 -19.62 -19.81 -20.12 -20.53 -20.97 -21.16 -21.41 -21.69 -22.09 -22.69 -23.00 -23.22 -23.47 -23.72 -24.09 -24.56 -24.72 -24.38 -24.00 -23.91 -24.72 -25.91 -26.84 -27.19 -27.81 -28.09 -28.72 -29.81 -30.47 -31.34 -32.16 -32.72 -33.09 -33.47
-15.34 -15.44 -15.56 -15.59 -15.59 -15.56 -15.41 -15.16 -14.88 -14.56 -14.22 -13.84 -13.59 -13.50 -13.53 -13.69 -13.91 -14.25 -14.53 -14.78 -15.03 -15.41 -15.72 -16.00 -16.34 -16.38 -16.47 -16.66 -16.78 -17.12 -17.34 -17.59 -17.84 -18.12 -18.41 -18.75 -19.06 -19.28 -19.56 -19.91 -20.25 -20.50 -20.75 -21.12 -21.50 -21.72 -22.22 -22.72 -23.03 -23.44 -23.62 -23.56 -23.88 -24.03 -23.47 -22.19 -23.03 -24.09 -25.16 -26.03 -26.88 -27.44 -27.75 -28.38 -29.50 -30.38 -30.91 -31.62 -32.19 -32.75 -33.25
-15.66 -15.81 -15.88 -15.94 -15.94 -15.81 -15.66 -15.41 -15.06 -14.75 -14.41 -14.06 -13.81 -13.69 -13.56 -13.66 -13.97 -14.28 -14.53 -14.62 -14.75 -15.19 -15.53 -15.81 -16.22 -16.44 -16.50 -16.59 -16.78 -16.97 -17.16 -17.34 -17.66 -18.00 -18.22 -18.62 -18.94 -19.16 -19.28 -19.56 -19.97 -20.31 -20.47 -20.94 -21.28 -21.59 -21.88 -22.25 -22.69 -23.12 -23.41 -23.41 -23.25 -23.25 -22.53 -21.91 -23.06 -24.22 -24.88 -25.53 -26.22 -26.75 -27.25 -27.94 -29.00 -29.94 -30.41 -30.97 -31.50 -32.12 -32.75
-16.03 -16.25 -16.31 -16.28 -16.22 -16.00 -15.81 -15.56 -15.34 -14.94 -14.50 -14.25 -14.03 -13.81 -13.75 -13.84 -14.03 -14.19 -14.38 -14.53 -14.62 -15.03 -15.47 -15.72 -16.09 -16.34 -16.47 -16.81 -17.06 -17.25 -17.41 -17.72 -17.81 -18.06 -18.25 -18.34 -18.59 -18.88 -19.06 -19.28 -19.59 -19.97 -20.19 -20.56 -21.00 -21.25 -21.62 -22.00 -22.38 -22.78 -22.91 -22.88 -22.62 -22.12 -21.56 -21.25 -22.59 -23.75 -24.22 -24.88 -25.22 -25.91 -26.72 -27.44 -28.31 -29.22 -30.06 -30.53 -30.97 -31.50 -32.06
-16.44 -16.56 -16.62 -16.56 -16.44 -16.22 -16.00 -15.75 -15.50 -15.16 -14.78 -14.50 -14.25 -14.06 -13.97 -13.94 -13.91 -14.00 -14.12 -14.31 -14.72 -15.16 -15.47 -15.69 -15.88 -16.19 -16.50 -16.84 -17.06 -17.25 -17.47 -17.69 -17.81 -18.03 -18.16 -18.31 -18.53 -18.69 -18.88 -19.19 -19.31 -19.59 -19.81 -20.22 -20.56 -20.91 -21.31 -21.59 -21.94 -22.22 -22.34 -22.38 -21.88 -21.59 -21.09 -21.03 -22.12 -23.00 -23.66 -24.25 -24.62 -25.28 -26.16 -26.75 -27.62 -28.66 -29.31 -29.97 -30.47 -31.09 -31.69
-16.78 -16.84 -16.84 -16.81 -16.72 -16.47 -16.31 -16.03 -15.72 -15.41 -15.12 -14.75 -14.44 -14.19 -14.03 -13.97 -13.97 -14.03 -14.22 -14.53 -14.91 -15.19 -15.25 -15.50 -15.69 -16.06 -16.47 -16.78 -17.00 -17.09 -17.34 -17.59 -17.72 -17.88 -18.03 -18.25 -18.47 -18.66 -18.78 -19.00 -19.12 -19.22 -19.34 -19.62 -20.09 -20.59 -20.91 -21.12 -21.50 -21.72 -21.72 -21.53 -21.16 -21.53 -21.16 -21.06 -21.72 -22.38 -22.91 -23.28 -23.94 -24.78 -25.31 -25.81 -26.88 -28.06 -28.97 -29.62 -30.00 -30.62 -31.38
-17.00 -17.09 -17.06 -16.97 -16.88 -16.72 -16.56 -16.31 -15.94 -15.59 -15.34 -15.00 -14.62 -14.28 -14.03 -14.00 -14.09 -14.19 -14.38 -14.66 -14.84 -15.03 -15.16 -15.47 -15.84 -16.06 -16.28 -16.72 -16.91 -17.03 -17.28 -17.44 -17.53 -17.88 -18.09 -18.16 -18.34 -18.53 -18.69 -18.75 -18.88 -19.00 -19.22 -19.47 -19.78 -20.16 -20.47 -20.88 -21.16 -21.34 -21.28 -20.78 -20.41 -20.38 -20.94 -20.69 -21.06 -21.75 -22.16 -22.44 -22.91 -23.91 -24.25 -25.34 -26.34 -27.53 -28.47 -29.16 -29.84 -30.34 -30.75
-17.16 -17.22 -17.19 -17.12 -17.03 -16.91 -16.72 -16.47 -16.09 -15.75 -15.47 -15.16 -14.81 -14.44 -14.22 -14.22 -14.31 -14.34 -14.50 -14.66 -14.75 -14.91 -15.16 -15.44 -15.84 -16.12 -16.25 -16.56 -16.72 -16.91 -17.00 -17.12 -17.44 -17.78 -18.00 -18.06 -18.25 -18.38 -18.47 -18.53 -18.66 -19.00 -19.16 -19.28 -19.56 -19.75 -20.03 -20.62 -20.94 -21.03 -21.00 -20.16 -19.38 -19.75 -20.69 -20.34 -20.16 -20.69 -21.00 -21.59 -22.28 -22.72 -23.84 -25.03 -25.66 -26.44 -27.56 -28.56 -29.41 -29.97 -30.25
-17.16 -17.19 -17.25 -17.25 -17.16 -17.09 -16.88 -16.56 -16.25 -16.00 -15.59 -15.12 -14.88 -14.66 -14.50 -14.44 -14.44 -14.47 -14.47 -14.53 -14.62 -14.91 -15.19 -15.50 -15.78 -15.97 -16.06 -16.28 -16.50 -16.78 -16.97 -17.16 -17.38 -17.66 -17.88 -17.97 -18.19 -18.34 -18.41 -18.41 -18.59 -18.75 -19.03 -19.12 -19.28 -19.59 -19.88 -20.34 -20.62 -20.81 -20.94 -19.75 -19.06 -19.06 -19.88 -20.25 -19.88 -20.16 -20.81 -21.25 -21.88 -22.25 -23.38 -24.59 -25.28 -25.78 -26.75 -27.72 -28.50 -29.12 -29.81
-17.16 -17.22 -17.22 -17.19 -17.16 -17.16 -16.97 -16.69 -16.38 -16.06 -15.69 -15.31 -15.09 -14.94 -14.75 -14.66 -14.66 -14.62 -14.53 -14.50 -14.62 -14.78 -15.12 -15.50 -15.72 -15.91 -16.06 -16.06 -16.16 -16.44 -16.91 -17.25 -17.41 -17.53 -17.69 -17.84 -18.03 -18.06 -18.19 -18.41 -18.50 -18.69 -19.03 -19.03 -19.28 -19.53 -19.84 -20.16 -20.56 -20.75 -20.69 -19.88 -18.88 -18.09 -18.66 -20.16 -19.94 -20.47 -21.28 -21.62 -22.06 -22.34 -22.91 -24.06 -24.88 -25.12 -25.84 -26.78 -27.31 -28.12 -29.06
-17.22 -17.25 -17.25 -17.22 -17.16 -17.06 -16.94 -16.72 -16.38 -16.06 -15.78 -15.56 -15.38 -15.19 -14.91 -14.75 -14.72 -14.66 -14.56 -14.50 -14.59 -14.84 -15.12 -15.44 -15.62 -15.81 -15.94 -16.03 -16.09 -16.38 -16.75 -17.00 -17.19 -17.44 -17.59 -17.78 -17.84 -17.78 -17.97 -18.22 -18.34 -18.56 -18.72 -18.88 -19.28 -19.50 -19.78 -19.91 -20.19 -20.38 -20.44 -20.09 -18.72 -17.75 -17.44 -19.34 -20.28 -20.69 -21.41 -22.09 -22.03 -22.38 -22.72 -23.19 -24.03 -24.47 -25.41 -26.03 -26.72 -27.62 -28.44
-17.12 -17.25 -17.22 -17.22 -17.16 -17.06 -16.84 -16.59 -16.34 -16.19 -15.94 -15.75 -15.56 -15.34 -15.06 -14.91 -14.75 -14.62 -14.53 -14.56 -14.66 -14.84 -15.03 -15.25 -15.47 -15.66 -15.72 -15.91 -16.09 -16.28 -16.53 -16.78 -17.03 -17.28 -17.44 -17.56 -17.56 -17.56 -17.78 -18.12 -18.28 -18.41 -18.50 -18.84 -19.22 -19.53 -19.72 -19.81 -19.78 -19.81 -19.88 -19.72 -18.78 -18.06 -17.03 -18.16 -19.91 -20.22 -20.50 -21.75 -22.44 -23.16 -23.50 -23.59 -23.84 -24.44 -25.09 -25.88 -26.56 -27.41 -28.16
-17.03 -17.09 -17.09 -17.09 -17.06 -16.91 -16.62 -16.44 -16.38 -16.28 -16.06 -15.84 -15.69 -15.44 -15.12 -14.97 -14.78 -14.69 -14.59 -14.62 -14.72 -14.75 -14.88 -15.06 -15.22 -15.41 -15.59 -15.88 -16.03 -16.16 -16.38 -16.72 -17.03 -17.06 -17.12 -17.25 -17.38 -17.59 -17.75 -17.94 -18.09 -18.25 -18.31 -18.56 -18.84 -19.25 -19.53 -19.62 -19.62 -19.47 -19.41 -19.25 -18.50 -18.25 -17.81 -17.25 -18.66 -19.72 -20.31 -21.06 -22.38 -23.41 -24.06 -24.25 -24.25 -24.69 -25.06 -25.62 -26.06 -26.91 -27.62
-16.81 -16.88 -16.81 -16.84 -16.88 -16.78 -16.56 -16.38 -16.28 -16.25 -16.12 -15.88 -15.69 -15.47 -15.12 -14.97 -14.84 -14.72 -14.62 -14.53 -14.56 -14.69 -14.75 -14.75 -14.94 -15.12 -15.34 -15.62 -15.88 -16.00 -16.19 -16.50 -16.78 -16.91 -16.94 -17.16 -17.38 -17.53 -17.56 -17.81 -18.00 -18.00 -18.06 -18.25 -18.59 -18.94 -19.19 -19.22 -19.22 -19.19 -19.00 -18.88 -18.34 -17.84 -18.44 -17.97 -17.97 -19.12 -19.47 -20.78 -21.81 -23.12 -23.88 -24.28 -24.41 -24.97 -25.41 -25.59 -25.97 -26.75 -27.34
-16.50 -16.62 -16.66 -16.72 -16.69 -16.59 -16.47 -16.31 -16.22 -16.22 -16.09 -15.88 -15.69 -15.50 -15.25 -15.06 -14.84 -14.72 -14.59 -14.44 -14.34 -14.38 -14.50 -14.53 -14.72 -14.78 -15.06 -15.38 -15.69 -15.88 -16.06 -16.22 -16.44 -16.69 -16.81 -17.03 -17.31 -17.47 -17.41 -17.56 -17.81 -17.84 -17.88 -18.09 -18.22 -18.56 -18.62 -18.59 -18.66 -18.69 -18.62 -18.56 -18.50 -17.94 -18.31 -18.69 -18.34 -18.47 -19.28 -20.53 -21.78 -22.84 -23.56 -24.03 -24.31 -24.72 -25.41 -25.69 -25.69 -26.34 -26.66
-16.28 -16.38 -16.44 -16.50 -16.50 -16.44 -16.41 -16.31 -16.16 -16.06 -16.03 -15.94 -15.78 -15.53 -15.25 -15.12 -14.91 -14.72 -14.53 -14.41 -14.28 -14.22 -14.38 -14.44 -14.53 -14.78 -15.06 -15.34 -15.56 -15.75 -16.00 -16.09 -16.28 -16.50 -16.78 -16.94 -17.09 -17.16 -17.16 -17.28 -17.47 -17.56 -17.84 -17.94 -18.00 -18.16 -18.28 -18.25 -18.28 -18.38 -18.28 -18.34 -18.59 -18.78 -18.59 -18.94 -19.12 -19.34 -19.88 -20.34 -21.56 -22.47 -22.91 -23.34 -23.78 -24.47 -25.06 -25.62 -25.56 -25.75 -26.09
-16.12 -16.16 -16.19 -16.19 -16.22 -16.28 -16.25 -16.22 -16.09 -16.06 -15.91 -15.75 -15.62 -15.50 -15.41 -15.22 -14.97 -14.81 -14.59 -14.41 -14.19 -14.16 -14.31 -14.47 -14.50 -14.75 -15.06 -15.22 -15.34 -15.53 -15.78 -16.00 -16.22 -16.41 -16.59 -16.62 -16.75 -16.91 -17.09 -17.19 -17.38 -17.38 -17.47 -17.62 -17.75 -17.84 -17.94 -17.94 -17.88 -18.00 -18.09 -18.34 -18.69 -19.03 -19.31 -19.22 -19.31 -20.06 -21.06 -21.38 -21.56 -22.06 -22.22 -22.78 -23.47 -24.06 -24.59 -25.31 -25.59 -25.47 -25.50
-16.00 -16.00 -16.00 -16.00 -16.03 -16.06 -16.06 -16.00 -15.94 -15.97 -15.84 -15.62 -15.50 -15.41 -15.31 -15.22 -15.03 -14.78 -14.50 -14.50 -14.28 -14.22 -14.31 -14.41 -14.44 -14.66 -14.88 -15.12 -15.19 -15.34 -15.59 -15.81 -15.97 -16.19 -16.34 -16.47 -16.59 -16.84 -17.00 -17.00 -17.12 -17.00 -16.91 -17.09 -17.47 -17.72 -17.75 -17.56 -17.69 -17.88 -18.03 -18.34 -18.62 -19.09 -19.53 -20.06 -20.22 -20.16 -21.19 -22.12 -22.44 -22.78 -22.34 -22.34 -23.31 -23.59 -24.09 -24.47 -25.03 -25.25 -24.97
-15.78 -15.81 -15.81 -15.88 -15.91 -15.88 -15.91 -15.81 -15.78 -15.75 -15.62 -15.47 -15.41 -15.38 -15.19 -15.09 -14.91 -14.72 -14.66 -14.59 -14.47 -14.34 -14.25 -14.31 -14.41 -14.53 -14.75 -15.00 -15.16 -15.22 -15.47 -15.69 -15.78 -15.88 -16.09 -16.22 -16.34 -16.56 -16.66 -16.66 -16.75 -16.78 -16.78 -16.81 -17.16 -17.31 -17.31 -17.41 -17.72 -17.91 -18.12 -18.41 -18.84 -19.31 -19.75 -20.31 -20.97 -20.91 -21.34 -21.97 -22.41 -22.88 -23.19 -22.72 -22.69 -22.69 -22.91 -23.50 -23.97 -24.66 -24.75
-15.59 -15.62 -15.69 -15.69 -15.78 -15.81 -15.72 -15.62 -15.59 -15.56 -15.50 -15.41 -15.31 -15.19 -14.97 -14.94 -14.84 -14.72 -14.66 -14.53 -14.41 -14.34 -14.25 -14.16 -14.28 -14.56 -14.78 -14.94 -15.09 -15.25 -15.28 -15.44 -15.62 -15.69 -15.78 -15.81 -16.00 -16.19 -16.16 -16.16 -16.31 -16.50 -16.56 -16.59 -16.78 -16.88 -17.03 -17.34 -17.59 -17.84 -18.12 -18.31 -18.84 -19.44 -19.84 -20.28 -21.03 -21.41 -21.62 -21.94 -22.25 -22.69 -23.00 -23.03 -22.62 -21.78 -21.19 -22.03 -22.91 -23.81 -24.28
-15.50 -15.56 -15.59 -15.62 -15.62 -15.62 -15.59 -15.53 -15.50 -15.44 -15.34 -15.22 -15.12 -15.03 -14.88 -14.81 -14.69 -14.56 -14.44 -14.34 -14.38 -14.34 -14.25 -14.12 -14.12 -14.41 -14.56 -14.72 -14.91 -15.16 -15.31 -15.38 -15.47 -15.59 -15.69 -15.69 -15.75 -15.81 -15.84 -15.78 -15.91 -16.03 -16.03 -16.22 -16.44 -16.69 -16.91 -17.31 -17.56 -17.88 -18.16 -18.38 -18.84 -19.41 -20.00 -20.47 -20.97 -21.16 -21.31 -21.25 -21.25 -22.06 -22.44 -22.44 -22.47 -22.06 -21.16 -21.12 -22.00 -23.19 -23.97
-15.25 -15.31 -15.38 -15.41 -15.41 -15.38 -15.41 -15.41 -15.34 -15.28 -15.22 -15.16 -15.09 -14.94 -14.81 -14.62 -14.50 -14.31 -14.19 -14.25 -14.25 -14.19 -14.09 -14.06 -14.03 -14.16 -14.34 -14.47 -14.72 -14.97 -15.06 -15.31 -15.41 -15.41 -15.47 -15.38 -15.44 -15.41 -15.50 -15.59 -15.78 -15.72 -15.66 -15.97 -16.19 -16.53 -16.81 -17.22 -17.62 -17.97 -18.34 -18.75 -19.16 -19.44 -19.88 -20.28 -20.75 -20.72 -20.12 -20.75 -20.59 -21.25 -21.72 -21.75 -21.66 -21.91 -21.75 -21.12 -21.19 -22.22 -23.38
-15.00 -15.09 -15.16 -15.16 -15.19 -15.22 -15.19 -15.16 -15.09 -15.06 -15.03 -15.06 -15.00 -14.81 -14.69 -14.53 -14.38 -14.22 -14.03 -14.00 -14.00 -13.94 -13.88 -13.88 -14.03 -14.19 -14.28 -14.34 -14.50 -14.88 -14.94 -14.97 -15.09 -15.09 -15.03 -15.09 -15.00 -15.00 -15.09 -15.16 -15.28 -15.41 -15.34 -15.69 -16.09 -16.50 -16.78 -17.28 -17.62 -18.03 -18.38 -18.81 -19.22 -19.53 -19.81 -20.09 -20.50 -20.72 -20.16 -20.19 -20.53 -20.41 -20.53 -20.91 -21.06 -21.31 -21.94 -22.00 -21.91 -21.72 -22.44
-14.75 -14.84 -14.91 -14.94 -14.94 -14.94 -14.91 -14.91 -14.84 -14.75 -14.69 -14.66 -14.59 -14.50 -14.47 -14.38 -14.28 -14.12 -13.97 -13.72 -13.66 -13.81 -13.81 -13.84 -14.00 -14.12 -14.22 -14.41 -14.50 -14.69 -14.81 -14.97 -15.06 -14.88 -14.75 -14.69 -14.62 -14.75 -14.88 -14.84 -14.88 -14.97 -15.09 -15.56 -16.09 -16.41 -16.66 -17.06 -17.47 -17.91 -18.34 -18.66 -19.03 -19.34 -19.72 -20.03 -20.25 -20.50 -20.53 -20.06 -20.12 -20.19 -20.19 -20.38 -20.91 -21.16 -21.69 -22.12 -22.53 -22.69 -22.50
