everonasctiles/Tile33,7.asc
ncols 128
nrows 128
xllcorner 0
yllcorner 0
cellsize 2.0
NODATA_value  -9999
[rows 64 to 95 of 128, columns 0 to 70 of 128]
226.88 227.34 227.75 228.12 228.44 229.09 229.53 229.59 229.62 229.88 230.31 230.75 231.38 231.91 232.78 233.53 234.31 235.09 235.91 236.78 237.62 238.50 239.34 240.09 241.19 242.53 243.69 244.78 245.94 247.09 248.38 249.28 250.19 251.12 252.09 252.88 253.66 254.19 254.47 254.66 255.34 256.09 259.66 267.69 270.19 271.12 271.75 272.62 273.38 274.03 274.81 275.75 276.84 278.09 279.50 280.66 281.91 282.44 283.28 283.91 284.66 285.44 285.88 286.47 286.69 287.06 287.22 287.34 287.56 287.84 288.22
226.88 227.28 227.66 228.03 228.38 228.75 229.66 229.72 229.75 229.94 230.47 230.88 231.41 231.88 232.66 233.41 234.16 234.88 235.62 236.41 237.22 238.09 239.00 239.91 240.94 242.09 243.19 244.38 245.56 246.94 248.06 249.03 249.84 251.06 251.81 252.56 253.31 253.78 254.16 254.50 255.47 256.19 257.66 265.75 270.97 271.16 271.78 272.59 273.75 274.59 275.22 276.06 277.06 278.28 279.72 281.31 282.22 282.91 283.56 284.25 284.91 285.72 286.31 286.78 287.16 287.44 287.62 287.72 287.69 287.97 288.59
226.81 227.22 227.62 227.97 228.31 228.66 229.50 229.81 229.88 230.00 230.84 231.19 231.53 232.09 232.81 233.44 234.03 234.62 235.25 235.94 236.69 237.53 238.47 239.44 240.53 241.62 242.78 243.59 244.75 245.88 247.50 248.53 249.81 250.81 251.59 252.25 253.03 253.50 253.91 254.38 254.84 255.97 257.09 260.03 268.41 270.19 271.28 272.25 273.78 275.19 276.03 277.00 277.66 278.91 280.38 281.53 282.44 283.31 284.09 284.78 285.47 286.12 286.72 287.22 287.59 287.84 288.03 288.09 288.09 288.31 289.06
226.75 227.16 227.56 227.94 228.31 228.62 229.09 229.94 230.00 230.06 231.09 231.59 231.81 232.59 233.16 233.56 233.97 234.38 234.88 235.44 236.09 236.88 237.78 238.75 239.84 241.12 242.12 242.75 243.84 245.38 247.59 248.91 250.00 251.03 251.81 252.25 252.69 253.19 253.69 254.41 255.31 256.16 257.03 258.19 263.19 269.38 269.06 270.75 273.12 274.84 276.12 277.16 278.03 279.47 280.84 281.75 282.50 283.31 284.09 284.81 285.56 286.22 286.84 287.47 287.88 288.16 288.34 288.50 288.56 288.62 289.53
226.69 227.12 227.50 227.91 228.25 228.62 228.97 229.91 230.12 230.19 230.59 231.75 232.16 233.06 233.44 233.69 233.88 234.12 234.47 234.94 235.53 236.22 237.03 237.88 238.78 240.03 241.31 242.31 243.12 244.66 247.31 248.69 249.78 250.78 251.66 252.25 252.69 253.28 254.19 255.22 256.03 257.19 257.59 258.44 262.19 264.19 265.69 267.25 270.25 274.53 275.53 276.84 277.97 279.72 281.09 281.81 282.50 283.34 284.06 285.09 285.69 286.22 286.78 287.31 287.88 288.28 288.53 288.75 288.94 289.19 290.03
226.66 227.06 227.47 227.84 228.22 228.59 228.94 229.56 230.22 230.28 230.31 231.56 232.25 233.28 233.56 233.66 233.69 233.78 234.03 234.41 234.97 235.66 236.38 237.28 238.19 239.53 240.53 241.94 242.72 243.50 245.78 248.12 249.69 250.78 251.69 252.31 253.19 253.94 254.69 255.69 256.69 257.81 258.53 260.19 262.19 263.09 264.28 265.34 267.94 270.03 272.66 276.75 277.41 279.44 281.12 282.06 282.66 283.31 284.31 285.09 285.53 286.00 286.47 287.09 287.88 288.28 288.59 288.91 289.19 289.50 290.31
226.59 227.00 227.41 227.75 228.16 228.56 228.94 229.28 230.28 230.38 230.41 230.78 231.97 233.09 233.47 233.50 233.41 233.38 233.53 233.91 234.47 235.12 235.81 236.62 237.66 238.88 240.25 241.72 242.59 243.34 244.81 247.25 248.66 250.00 251.34 252.31 253.22 254.19 255.12 256.09 257.12 258.28 259.47 260.94 262.06 262.81 263.56 264.78 266.41 268.16 270.09 272.22 274.75 277.94 280.47 281.09 281.94 282.16 282.69 285.31 285.75 285.62 285.88 286.47 287.34 288.09 288.59 288.94 289.34 289.78 290.56
226.56 226.94 227.31 227.66 228.12 228.50 228.91 229.28 230.16 230.44 230.50 230.53 231.56 232.59 233.19 233.19 232.97 232.88 233.00 233.41 234.00 234.66 235.34 236.12 237.31 238.53 239.75 241.38 242.50 243.91 245.06 246.84 248.19 249.78 250.91 252.19 253.28 254.31 255.31 256.31 257.41 258.62 259.81 260.97 262.03 263.12 263.72 264.44 265.66 266.69 268.00 270.00 271.62 274.16 275.88 277.56 278.59 279.16 279.47 280.44 282.53 285.47 285.41 286.00 287.00 288.00 288.72 289.00 289.41 289.94 290.75
226.50 226.84 227.22 227.62 228.03 228.41 228.84 229.25 229.78 230.50 230.56 230.62 230.84 231.94 232.44 232.53 232.41 232.34 232.53 233.00 233.59 234.34 235.06 235.88 237.12 237.84 238.75 240.28 241.91 243.44 245.03 246.72 248.22 249.59 250.88 252.00 253.12 254.19 255.19 256.25 257.41 258.69 259.94 261.06 262.06 263.06 263.75 264.16 264.66 265.25 266.66 268.25 269.81 271.25 272.44 273.69 275.62 276.75 277.44 278.25 279.81 283.81 284.66 285.47 286.38 287.41 288.28 288.84 289.44 290.03 290.84
226.44 226.78 227.19 227.59 227.97 228.38 228.75 229.19 229.62 230.19 230.66 230.75 230.84 231.03 231.72 231.94 231.97 232.03 232.28 232.81 233.34 234.06 234.75 235.47 236.44 237.38 238.31 239.47 241.16 242.50 244.22 245.62 247.53 249.03 250.34 251.62 252.72 253.75 254.81 255.88 257.34 258.81 259.97 260.97 261.97 262.88 263.69 264.44 264.81 265.31 266.34 268.22 269.41 270.44 271.34 272.84 274.41 275.81 276.72 277.56 279.09 281.81 283.66 284.88 285.81 286.59 287.78 288.88 289.44 290.03 290.84
226.47 226.88 227.25 227.62 228.00 228.34 228.75 229.16 229.59 229.94 230.56 230.81 230.91 231.03 231.16 231.47 231.75 231.88 232.25 232.84 233.41 234.06 234.72 235.34 236.28 237.28 238.12 239.44 241.34 242.59 243.66 245.22 246.94 248.31 249.91 251.06 252.16 253.12 254.06 255.19 256.91 258.59 259.81 260.81 261.78 262.59 263.47 264.34 265.06 265.69 266.53 267.62 268.75 269.91 270.97 272.09 273.50 274.94 275.94 277.31 278.72 281.50 283.66 284.47 285.22 286.06 287.56 288.66 289.41 290.06 290.78
226.53 226.94 227.34 227.69 228.06 228.44 228.78 229.16 229.56 229.91 230.25 230.78 230.97 231.09 231.22 231.34 231.69 232.00 232.69 233.19 233.75 234.31 234.88 235.50 236.25 237.19 238.16 239.22 241.09 242.78 244.00 245.69 247.31 248.31 249.41 250.41 251.28 252.19 253.28 254.47 256.00 257.69 259.34 260.28 261.16 261.91 262.91 264.00 264.88 265.47 266.22 267.16 268.16 269.25 270.12 270.84 272.31 273.56 275.03 277.25 279.72 282.03 283.12 283.91 284.59 285.69 287.28 288.28 289.19 289.84 290.66
226.62 227.00 227.41 227.78 228.12 228.50 228.88 229.22 229.56 229.91 230.22 230.56 230.97 231.19 231.31 231.53 231.88 232.44 233.09 233.66 234.00 234.53 235.16 235.84 236.41 237.12 238.41 239.75 241.41 243.22 244.97 246.25 247.97 248.62 249.22 249.94 250.44 251.47 252.81 253.50 254.88 256.38 257.81 259.06 260.09 260.84 261.72 263.06 264.12 264.81 265.62 266.53 267.44 268.06 269.12 270.06 270.78 271.91 273.53 276.69 278.81 281.91 282.81 283.47 284.06 285.12 286.34 287.56 288.69 289.69 290.59
226.69 227.06 227.44 227.81 228.19 228.56 228.91 229.25 229.66 229.94 230.22 230.53 230.88 231.22 231.47 231.72 232.16 232.75 233.56 234.34 235.03 235.22 235.66 236.19 236.62 237.59 239.06 240.50 241.91 243.69 245.22 246.44 247.47 248.34 248.97 249.53 249.91 250.81 251.47 251.91 253.22 255.06 256.22 257.34 258.34 258.75 260.06 261.31 262.19 262.72 263.69 265.06 266.44 267.47 268.34 269.12 270.22 271.03 272.50 275.97 278.03 281.75 282.41 283.12 283.78 284.66 285.72 287.00 288.53 289.81 290.47
226.69 227.09 227.47 227.88 228.25 228.62 228.97 229.28 229.69 229.97 230.25 230.47 230.78 231.12 231.47 232.16 232.59 233.16 233.94 234.75 235.44 236.09 236.38 236.78 237.62 238.50 239.66 240.91 242.12 243.81 245.41 246.47 247.41 248.12 248.66 248.97 249.34 249.97 250.75 251.72 252.28 252.94 255.00 256.28 257.31 257.91 258.81 259.50 259.88 260.62 261.94 263.50 265.06 266.69 267.94 269.09 270.25 271.00 272.44 276.16 278.22 281.31 281.94 282.75 283.28 284.38 285.53 286.84 288.41 289.56 290.41
226.75 227.12 227.50 227.91 228.25 228.62 228.97 229.34 229.62 229.97 230.34 230.53 230.81 231.12 231.75 232.47 233.19 233.88 234.44 235.31 235.97 236.53 236.97 237.59 238.50 239.47 240.31 241.22 242.34 243.78 245.34 246.38 247.16 247.78 248.28 248.50 249.09 249.56 250.56 251.56 252.41 252.97 254.16 255.28 256.31 257.16 257.78 258.50 259.44 260.66 261.56 262.94 264.53 265.97 267.22 268.66 270.19 271.06 272.44 276.62 279.25 280.78 281.44 282.25 282.91 283.97 285.34 286.38 287.84 289.19 290.19
226.84 227.22 227.62 227.97 228.38 228.78 229.16 229.38 229.75 230.09 230.44 230.62 230.81 231.28 232.00 232.81 233.47 234.12 234.72 235.66 236.66 237.09 237.53 238.00 239.19 240.06 241.12 242.28 243.06 244.25 245.50 246.25 246.88 247.38 247.97 248.25 248.84 249.47 250.12 251.25 252.06 252.88 253.69 254.44 255.31 256.03 256.91 258.00 259.00 260.06 261.41 262.62 264.09 265.56 266.94 268.53 270.34 271.34 273.31 276.97 279.41 280.38 280.97 281.66 282.44 283.41 284.81 285.78 287.31 288.59 289.69
226.97 227.34 227.75 228.09 228.53 228.94 229.31 229.69 229.97 230.28 230.47 230.66 230.84 231.47 232.25 232.81 233.41 234.12 234.84 235.38 236.66 237.62 238.06 238.50 239.19 240.53 241.59 242.62 243.66 244.50 245.34 246.00 246.59 247.03 247.50 247.88 248.34 249.09 249.94 250.78 251.66 252.56 253.22 253.69 254.69 255.50 256.31 257.00 258.16 259.34 260.84 262.66 264.12 265.75 267.03 268.91 270.75 271.31 273.38 276.94 279.16 279.94 280.47 281.12 282.00 283.31 284.50 285.41 286.50 288.06 289.34
227.06 227.47 227.88 228.25 228.69 229.09 229.47 229.78 230.06 230.28 230.47 230.69 231.16 231.91 232.78 233.16 233.72 234.69 235.34 236.12 236.75 237.97 238.62 239.06 239.47 240.47 241.88 242.84 243.75 244.53 245.25 245.81 246.28 246.59 247.00 247.59 247.72 248.50 249.38 250.31 251.12 251.81 252.50 253.09 253.78 254.75 255.78 256.78 258.34 259.78 261.09 262.59 264.25 265.75 267.09 268.75 270.09 271.06 272.62 276.47 278.50 279.38 279.88 280.47 281.47 282.81 284.25 285.16 286.47 287.88 288.97
227.09 227.56 228.00 228.41 228.78 229.22 229.59 229.94 230.19 230.44 230.62 231.03 231.56 232.06 232.81 233.44 234.22 235.19 236.34 237.25 237.62 238.06 239.03 239.59 240.03 240.44 241.81 242.97 243.81 244.59 245.41 245.72 246.00 246.41 246.62 246.94 247.50 248.25 248.88 249.56 250.34 251.03 252.06 252.75 253.47 254.75 256.19 257.16 258.81 260.28 261.84 263.06 264.47 265.81 267.19 268.69 269.84 270.75 272.41 275.88 277.81 278.75 279.31 280.06 281.38 282.88 284.19 285.12 286.41 287.59 288.22
227.19 227.62 228.06 228.50 228.91 229.31 229.81 230.06 230.28 230.62 230.84 231.22 231.66 232.09 232.81 233.66 234.91 235.88 236.72 237.44 238.12 238.66 239.16 240.09 240.56 240.97 241.44 242.72 243.72 244.34 244.69 245.19 245.84 246.34 246.59 247.09 247.47 247.91 248.62 249.47 250.06 250.75 251.59 252.69 253.88 254.56 256.09 257.41 259.00 260.53 262.12 263.28 264.25 265.47 267.03 268.66 270.12 270.91 272.44 275.75 277.19 278.34 278.91 279.81 281.22 282.56 283.72 284.66 285.69 286.97 287.81
227.34 227.75 228.16 228.56 228.97 229.44 229.81 230.22 230.53 230.75 230.94 231.44 231.56 232.50 233.12 234.22 235.31 236.31 237.12 237.78 238.31 238.91 239.31 240.09 241.06 241.50 241.94 242.47 243.56 244.44 244.97 245.41 245.88 246.41 246.69 247.00 247.34 247.97 248.75 249.41 250.09 250.72 251.19 252.44 253.84 255.12 256.25 257.47 258.72 260.38 262.06 263.28 264.19 265.31 266.50 268.34 270.00 271.44 272.69 274.62 277.03 278.19 278.62 279.56 280.69 282.06 283.28 284.34 285.31 286.41 287.72
227.50 227.91 228.31 228.72 229.19 229.62 230.00 230.41 230.75 231.00 231.25 231.81 232.22 232.66 233.69 234.72 235.72 236.66 237.50 238.09 238.50 239.00 239.66 240.19 241.09 242.03 242.44 242.88 243.72 244.28 245.00 245.59 246.12 246.44 246.75 247.16 247.84 248.19 249.00 249.62 250.28 250.97 251.81 252.69 253.88 255.19 256.53 257.62 258.84 259.94 261.84 263.62 264.59 265.28 266.31 267.94 269.56 271.22 272.62 274.31 276.53 278.09 278.84 279.34 280.25 281.41 282.69 284.00 285.12 286.06 287.41
227.66 228.06 228.50 228.91 229.38 229.94 230.31 230.69 231.06 231.34 231.56 232.12 232.78 233.00 233.97 234.97 235.91 236.88 237.53 238.16 238.97 239.34 239.97 240.59 241.38 242.38 242.97 243.38 243.97 244.56 245.12 245.69 246.28 246.62 247.06 247.59 248.44 248.84 249.44 250.09 251.03 251.94 252.81 253.66 254.28 255.25 256.56 257.78 258.97 260.38 262.06 263.47 264.75 265.59 266.44 267.78 269.25 270.84 272.16 273.59 275.75 278.19 278.81 279.22 280.47 281.53 282.91 283.91 284.84 285.69 287.16
227.75 228.12 228.62 229.12 229.66 230.22 230.72 231.12 231.44 231.72 231.91 232.50 233.00 233.47 234.25 235.50 236.19 237.16 237.72 238.66 239.31 239.72 240.16 240.94 241.34 242.03 242.97 243.62 244.22 244.81 245.38 245.91 246.44 246.94 247.59 248.12 248.66 249.34 249.91 250.66 251.62 252.62 253.38 253.94 254.50 255.66 256.88 258.22 259.50 260.84 262.66 263.75 264.75 265.88 266.94 267.69 269.09 270.62 271.72 273.28 275.56 277.84 278.97 279.38 280.47 281.81 282.91 283.94 284.75 285.66 287.16
227.88 228.31 229.06 229.66 230.28 230.88 231.38 231.75 231.91 232.12 232.50 233.03 233.62 234.09 234.72 235.56 236.53 237.41 238.38 239.06 239.62 240.28 240.59 241.16 241.66 242.19 242.91 243.47 244.34 245.12 245.62 246.16 246.72 247.12 247.66 248.47 249.19 250.00 250.84 251.66 252.31 252.91 253.53 254.09 254.91 255.97 257.25 258.88 260.09 261.53 262.66 263.62 264.69 265.72 266.75 268.03 269.62 270.81 272.09 273.53 275.59 277.97 279.38 279.84 280.66 282.03 283.06 284.03 284.94 286.03 287.62
228.28 228.84 229.50 230.31 231.00 231.59 232.06 232.50 232.62 232.91 233.12 233.66 234.09 234.66 235.28 236.09 236.91 237.72 238.53 239.31 239.88 240.41 241.00 241.62 242.25 242.91 243.56 244.12 244.72 245.31 245.84 246.44 247.06 247.50 247.94 248.47 249.78 250.56 251.34 252.09 252.75 253.25 253.66 254.22 255.03 256.12 257.56 259.16 260.44 261.53 262.47 263.22 264.22 265.41 266.34 268.12 269.78 270.94 272.25 273.81 275.62 278.06 279.84 280.31 281.22 282.56 283.56 284.50 285.25 286.22 287.72
228.75 229.31 230.25 230.97 231.66 232.25 232.72 233.03 233.25 233.44 233.75 233.97 234.41 235.06 235.75 236.56 237.34 238.06 238.75 239.44 240.06 240.62 241.22 241.84 242.47 243.12 243.75 244.31 244.84 245.41 245.91 246.53 247.31 247.88 248.31 248.69 249.38 250.94 251.69 252.38 252.97 253.50 254.00 254.59 255.41 256.44 257.75 259.28 260.59 261.44 262.19 263.38 264.62 265.78 266.84 268.31 270.00 271.31 272.56 273.97 275.62 278.28 280.06 280.91 281.72 283.12 284.06 284.94 285.56 286.25 287.75
229.22 229.84 230.56 231.47 232.28 232.78 233.22 233.53 233.84 233.78 234.00 234.22 234.59 235.31 236.03 236.72 237.47 238.22 238.91 239.56 240.19 240.75 241.31 241.88 242.50 243.16 243.81 244.41 244.94 245.44 245.97 246.53 247.12 248.12 248.72 249.09 249.50 250.28 251.94 252.59 253.22 253.81 254.38 255.00 255.78 256.81 258.03 259.34 260.28 261.22 262.16 263.53 264.66 265.97 267.25 269.03 270.44 271.53 272.97 274.22 276.00 278.53 279.91 281.09 282.50 283.56 284.34 285.09 285.81 286.66 287.84
229.53 230.28 231.03 231.91 232.75 233.28 233.72 234.00 234.09 234.28 234.38 234.78 235.03 235.44 236.06 236.78 237.50 238.22 238.94 239.59 240.25 240.84 241.34 241.78 242.31 243.03 243.72 244.34 244.91 245.47 246.00 246.53 247.31 248.06 248.97 249.50 249.88 250.28 251.16 252.75 253.34 253.97 254.59 255.25 256.06 257.06 258.22 259.34 260.31 261.28 262.22 263.66 264.94 266.19 267.50 269.16 270.69 271.97 273.41 274.97 276.94 278.94 280.25 281.53 282.72 283.72 284.50 285.19 285.94 286.84 287.91
229.75 230.62 231.59 232.44 233.22 233.78 234.16 234.44 234.62 234.75 234.88 235.12 235.25 235.62 236.19 236.78 237.44 238.06 238.72 239.53 240.28 240.72 241.09 241.62 242.09 242.81 243.59 244.25 244.88 245.38 246.00 246.75 247.53 248.06 248.72 249.75 250.28 250.69 250.97 252.25 253.28 253.91 254.72 255.38 256.16 257.12 258.25 259.41 260.47 261.38 262.62 263.81 265.03 266.38 267.91 269.56 271.28 272.41 273.47 275.50 277.88 279.22 280.44 281.69 282.81 283.72 284.44 285.12 285.88 286.78 287.81
229.84 230.88 231.91 232.88 233.66 234.22 234.59 234.81 235.00 234.97 235.16 235.47 235.59 235.66 235.94 236.47 237.19 237.84 238.66 239.56 240.50 240.78 241.12 241.62 242.00 242.53 243.09 243.88 244.66 245.28 245.94 246.78 247.62 248.50 249.28 249.91 250.59 251.12 251.44 251.75 253.34 253.88 254.59 255.41 256.00 257.06 258.22 259.31 260.31 261.28 262.56 264.03 265.56 267.22 268.53 270.06 271.50 272.81 273.66 275.78 277.88 279.31 280.56 281.66 282.62 283.47 284.28 284.88 285.53 286.38 287.69
