everonasctiles/Tile42,15.asc
ncols 128
nrows 128
xllcorner 0
yllcorner 0
cellsize 2.0
NODATA_value  -9999
[rows 64 to 95 of 128, columns 0 to 70 of 128]
-38.41 -38.69 -38.94 -39.19 -39.44 -39.62 -39.81 -39.97 -40.12 -40.28 -40.41 -40.56 -40.69 -40.84 -41.00 -41.19 -41.34 -41.50 -41.66 -41.81 -41.97 -42.12 -42.25 -42.38 -42.50 -42.66 -42.78 -42.94 -43.09 -43.25 -43.38 -43.53 -43.69 -43.81 -43.94 -44.06 -44.19 -44.31 -44.41 -44.53 -44.62 -44.69 -44.78 -44.84 -44.94 -44.97 -45.03 -45.09 -45.16 -45.19 -45.25 -45.28 -45.31 -45.34 -45.38 -45.41 -45.44 -45.47 -45.47 -45.47 -45.47 -45.50 -45.53 -45.62 -45.69 -45.78 -45.91 -46.00 -46.12 -46.28 -46.41
-38.44 -38.69 -38.94 -39.19 -39.41 -39.62 -39.81 -40.00 -40.16 -40.31 -40.47 -40.62 -40.75 -40.91 -41.06 -41.22 -41.38 -41.53 -41.69 -41.88 -42.03 -42.19 -42.31 -42.47 -42.59 -42.75 -42.91 -43.06 -43.22 -43.38 -43.50 -43.66 -43.81 -43.94 -44.09 -44.22 -44.34 -44.44 -44.56 -44.66 -44.75 -44.84 -44.94 -45.03 -45.09 -45.16 -45.22 -45.28 -45.31 -45.38 -45.44 -45.47 -45.50 -45.53 -45.56 -45.59 -45.62 -45.66 -45.66 -45.69 -45.69 -45.72 -45.75 -45.81 -45.91 -46.00 -46.09 -46.22 -46.34 -46.47 -46.62
-38.41 -38.66 -38.91 -39.16 -39.38 -39.59 -39.78 -39.97 -40.16 -40.34 -40.50 -40.69 -40.81 -40.97 -41.09 -41.25 -41.41 -41.56 -41.75 -41.91 -42.06 -42.25 -42.41 -42.53 -42.69 -42.84 -43.00 -43.16 -43.31 -43.47 -43.62 -43.78 -43.94 -44.06 -44.22 -44.34 -44.47 -44.59 -44.69 -44.81 -44.91 -45.00 -45.09 -45.19 -45.25 -45.31 -45.38 -45.44 -45.50 -45.56 -45.59 -45.66 -45.69 -45.72 -45.75 -45.81 -45.81 -45.84 -45.88 -45.88 -45.91 -45.94 -45.97 -46.03 -46.09 -46.19 -46.28 -46.41 -46.53 -46.66 -46.81
-38.41 -38.66 -38.88 -39.12 -39.34 -39.56 -39.78 -39.97 -40.19 -40.38 -40.53 -40.72 -40.88 -41.03 -41.16 -41.31 -41.47 -41.62 -41.78 -41.94 -42.12 -42.28 -42.44 -42.62 -42.78 -42.94 -43.09 -43.25 -43.44 -43.59 -43.75 -43.91 -44.06 -44.19 -44.34 -44.47 -44.59 -44.72 -44.84 -44.94 -45.06 -45.16 -45.25 -45.31 -45.41 -45.50 -45.56 -45.62 -45.69 -45.72 -45.78 -45.84 -45.88 -45.91 -45.94 -46.00 -46.03 -46.03 -46.06 -46.09 -46.12 -46.16 -46.19 -46.25 -46.31 -46.38 -46.47 -46.59 -46.72 -46.88 -47.00
-38.44 -38.66 -38.88 -39.12 -39.34 -39.56 -39.78 -39.97 -40.19 -40.38 -40.56 -40.72 -40.91 -41.06 -41.22 -41.34 -41.50 -41.66 -41.81 -41.97 -42.16 -42.34 -42.50 -42.69 -42.84 -43.03 -43.19 -43.34 -43.53 -43.69 -43.84 -44.03 -44.19 -44.31 -44.47 -44.59 -44.75 -44.84 -44.97 -45.09 -45.19 -45.28 -45.38 -45.47 -45.56 -45.62 -45.72 -45.78 -45.84 -45.91 -45.94 -46.00 -46.06 -46.09 -46.12 -46.16 -46.19 -46.22 -46.25 -46.28 -46.31 -46.34 -46.41 -46.44 -46.50 -46.59 -46.66 -46.78 -46.91 -47.03 -47.19
-38.47 -38.69 -38.91 -39.12 -39.38 -39.59 -39.78 -40.00 -40.19 -40.34 -40.53 -40.72 -40.91 -41.06 -41.22 -41.38 -41.53 -41.69 -41.84 -42.03 -42.19 -42.38 -42.56 -42.75 -42.94 -43.09 -43.28 -43.44 -43.62 -43.78 -43.97 -44.12 -44.28 -44.44 -44.59 -44.72 -44.88 -45.00 -45.09 -45.22 -45.31 -45.44 -45.53 -45.59 -45.69 -45.78 -45.84 -45.94 -46.00 -46.06 -46.12 -46.16 -46.22 -46.28 -46.31 -46.34 -46.38 -46.41 -46.44 -46.47 -46.50 -46.56 -46.59 -46.66 -46.72 -46.78 -46.88 -46.97 -47.06 -47.22 -47.38
-38.50 -38.72 -38.94 -39.16 -39.38 -39.59 -39.78 -39.97 -40.16 -40.34 -40.53 -40.69 -40.88 -41.03 -41.19 -41.34 -41.53 -41.69 -41.88 -42.06 -42.25 -42.44 -42.62 -42.81 -43.00 -43.19 -43.38 -43.53 -43.72 -43.91 -44.06 -44.22 -44.38 -44.56 -44.69 -44.84 -44.97 -45.09 -45.22 -45.34 -45.44 -45.56 -45.66 -45.75 -45.84 -45.91 -46.00 -46.06 -46.16 -46.22 -46.28 -46.31 -46.38 -46.44 -46.47 -46.50 -46.56 -46.59 -46.62 -46.66 -46.69 -46.75 -46.78 -46.84 -46.91 -46.97 -47.06 -47.12 -47.25 -47.38 -47.53
-38.56 -38.75 -38.94 -39.16 -39.38 -39.56 -39.78 -39.97 -40.16 -40.31 -40.50 -40.66 -40.84 -41.00 -41.16 -41.34 -41.50 -41.69 -41.91 -42.09 -42.31 -42.50 -42.69 -42.88 -43.06 -43.25 -43.44 -43.62 -43.81 -44.00 -44.16 -44.34 -44.50 -44.66 -44.81 -44.94 -45.09 -45.22 -45.34 -45.47 -45.56 -45.69 -45.78 -45.88 -45.97 -46.06 -46.12 -46.22 -46.28 -46.34 -46.41 -46.47 -46.53 -46.59 -46.62 -46.69 -46.72 -46.75 -46.78 -46.84 -46.88 -46.91 -46.97 -47.03 -47.06 -47.16 -47.22 -47.31 -47.41 -47.53 -47.69
-38.56 -38.78 -38.97 -39.16 -39.34 -39.56 -39.75 -39.97 -40.16 -40.31 -40.50 -40.66 -40.81 -41.00 -41.16 -41.34 -41.53 -41.72 -41.94 -42.16 -42.34 -42.56 -42.78 -42.97 -43.16 -43.34 -43.53 -43.72 -43.91 -44.09 -44.25 -44.44 -44.59 -44.75 -44.91 -45.06 -45.19 -45.34 -45.47 -45.56 -45.69 -45.78 -45.91 -46.00 -46.09 -46.16 -46.25 -46.34 -46.41 -46.50 -46.56 -46.62 -46.69 -46.72 -46.78 -46.81 -46.88 -46.91 -46.97 -47.00 -47.03 -47.09 -47.12 -47.19 -47.25 -47.31 -47.41 -47.50 -47.59 -47.72 -47.84
-38.56 -38.75 -38.97 -39.16 -39.34 -39.53 -39.75 -39.94 -40.16 -40.31 -40.50 -40.66 -40.81 -41.00 -41.19 -41.34 -41.56 -41.78 -41.97 -42.22 -42.44 -42.62 -42.84 -43.03 -43.22 -43.44 -43.62 -43.81 -44.00 -44.16 -44.34 -44.53 -44.69 -44.84 -45.00 -45.16 -45.28 -45.44 -45.56 -45.69 -45.78 -45.91 -46.00 -46.09 -46.19 -46.28 -46.38 -46.47 -46.53 -46.62 -46.69 -46.75 -46.81 -46.88 -46.91 -46.97 -47.00 -47.06 -47.12 -47.16 -47.22 -47.25 -47.31 -47.38 -47.44 -47.50 -47.56 -47.66 -47.75 -47.88 -48.00
-38.53 -38.72 -38.94 -39.12 -39.31 -39.53 -39.75 -39.94 -40.12 -40.31 -40.50 -40.66 -40.84 -41.03 -41.22 -41.41 -41.62 -41.84 -42.06 -42.28 -42.50 -42.72 -42.91 -43.12 -43.31 -43.50 -43.69 -43.88 -44.06 -44.25 -44.44 -44.59 -44.78 -44.94 -45.09 -45.25 -45.38 -45.53 -45.66 -45.78 -45.91 -46.00 -46.09 -46.22 -46.31 -46.41 -46.50 -46.56 -46.66 -46.72 -46.81 -46.88 -46.94 -47.00 -47.06 -47.09 -47.16 -47.19 -47.25 -47.31 -47.38 -47.41 -47.47 -47.53 -47.59 -47.66 -47.75 -47.84 -47.94 -48.03 -48.16
-38.47 -38.69 -38.88 -39.09 -39.28 -39.50 -39.72 -39.94 -40.12 -40.31 -40.50 -40.69 -40.88 -41.06 -41.25 -41.47 -41.69 -41.91 -42.12 -42.34 -42.56 -42.78 -43.00 -43.19 -43.38 -43.59 -43.78 -43.97 -44.16 -44.34 -44.50 -44.69 -44.84 -45.03 -45.19 -45.31 -45.47 -45.62 -45.75 -45.88 -46.00 -46.09 -46.22 -46.31 -46.41 -46.50 -46.59 -46.69 -46.75 -46.84 -46.91 -46.97 -47.06 -47.09 -47.16 -47.22 -47.28 -47.34 -47.41 -47.47 -47.50 -47.56 -47.62 -47.69 -47.75 -47.81 -47.91 -48.00 -48.09 -48.22 -48.34
-38.44 -38.66 -38.84 -39.06 -39.28 -39.50 -39.69 -39.91 -40.12 -40.31 -40.50 -40.72 -40.91 -41.09 -41.31 -41.53 -41.75 -41.97 -42.22 -42.44 -42.66 -42.84 -43.06 -43.25 -43.47 -43.66 -43.84 -44.03 -44.22 -44.41 -44.59 -44.78 -44.94 -45.09 -45.25 -45.41 -45.56 -45.69 -45.81 -45.94 -46.06 -46.19 -46.28 -46.41 -46.50 -46.59 -46.69 -46.78 -46.84 -46.94 -47.00 -47.09 -47.16 -47.22 -47.28 -47.34 -47.41 -47.47 -47.53 -47.59 -47.66 -47.72 -47.78 -47.84 -47.91 -48.00 -48.06 -48.16 -48.25 -48.38 -48.50
-38.41 -38.62 -38.81 -39.03 -39.25 -39.47 -39.69 -39.91 -40.12 -40.34 -40.53 -40.75 -40.97 -41.16 -41.38 -41.59 -41.84 -42.06 -42.28 -42.50 -42.72 -42.94 -43.12 -43.34 -43.53 -43.75 -43.94 -44.12 -44.31 -44.50 -44.69 -44.84 -45.03 -45.19 -45.34 -45.50 -45.62 -45.78 -45.91 -46.03 -46.16 -46.28 -46.38 -46.50 -46.59 -46.69 -46.78 -46.88 -46.94 -47.03 -47.09 -47.19 -47.25 -47.31 -47.41 -47.47 -47.53 -47.59 -47.66 -47.72 -47.78 -47.84 -47.91 -48.00 -48.06 -48.12 -48.22 -48.31 -48.44 -48.53 -48.66
-38.38 -38.59 -38.81 -39.03 -39.28 -39.50 -39.72 -39.94 -40.16 -40.38 -40.59 -40.81 -41.03 -41.25 -41.47 -41.69 -41.91 -42.16 -42.38 -42.59 -42.81 -43.00 -43.22 -43.41 -43.62 -43.81 -44.00 -44.19 -44.38 -44.56 -44.75 -44.94 -45.09 -45.25 -45.41 -45.56 -45.72 -45.84 -46.00 -46.12 -46.25 -46.34 -46.47 -46.56 -46.66 -46.78 -46.88 -46.97 -47.03 -47.12 -47.19 -47.28 -47.34 -47.44 -47.50 -47.56 -47.62 -47.72 -47.78 -47.84 -47.91 -48.00 -48.06 -48.12 -48.19 -48.28 -48.38 -48.47 -48.56 -48.69 -48.84
-38.34 -38.59 -38.81 -39.06 -39.28 -39.53 -39.75 -39.97 -40.22 -40.44 -40.66 -40.88 -41.12 -41.34 -41.56 -41.78 -42.00 -42.22 -42.44 -42.66 -42.88 -43.09 -43.28 -43.50 -43.69 -43.88 -44.06 -44.28 -44.47 -44.62 -44.81 -45.00 -45.16 -45.31 -45.50 -45.62 -45.78 -45.94 -46.06 -46.19 -46.31 -46.44 -46.53 -46.66 -46.75 -46.84 -46.94 -47.03 -47.12 -47.22 -47.28 -47.38 -47.44 -47.53 -47.59 -47.66 -47.75 -47.81 -47.88 -47.97 -48.03 -48.09 -48.19 -48.25 -48.34 -48.44 -48.50 -48.62 -48.72 -48.84 -48.97
-38.34 -38.59 -38.81 -39.06 -39.31 -39.53 -39.78 -40.00 -40.25 -40.50 -40.72 -40.97 -41.19 -41.41 -41.66 -41.88 -42.09 -42.31 -42.53 -42.75 -42.97 -43.16 -43.38 -43.56 -43.78 -43.97 -44.16 -44.34 -44.53 -44.72 -44.88 -45.06 -45.22 -45.41 -45.56 -45.72 -45.84 -46.00 -46.12 -46.25 -46.38 -46.50 -46.62 -46.72 -46.81 -46.94 -47.03 -47.12 -47.19 -47.28 -47.38 -47.47 -47.53 -47.62 -47.69 -47.75 -47.84 -47.91 -48.00 -48.06 -48.16 -48.22 -48.31 -48.38 -48.47 -48.56 -48.66 -48.75 -48.84 -48.97 -49.12
-38.31 -38.56 -38.81 -39.06 -39.31 -39.56 -39.81 -40.06 -40.28 -40.53 -40.78 -41.03 -41.25 -41.50 -41.72 -41.97 -42.19 -42.41 -42.62 -42.84 -43.03 -43.25 -43.44 -43.66 -43.84 -44.03 -44.22 -44.41 -44.59 -44.78 -44.94 -45.12 -45.28 -45.47 -45.62 -45.78 -45.91 -46.06 -46.19 -46.31 -46.44 -46.56 -46.69 -46.78 -46.91 -47.00 -47.09 -47.19 -47.28 -47.38 -47.44 -47.53 -47.62 -47.69 -47.78 -47.84 -47.94 -48.00 -48.09 -48.16 -48.25 -48.31 -48.41 -48.50 -48.59 -48.69 -48.78 -48.88 -49.00 -49.12 -49.25
-38.31 -38.56 -38.81 -39.06 -39.31 -39.56 -39.81 -40.09 -40.34 -40.59 -40.81 -41.06 -41.31 -41.56 -41.78 -42.03 -42.25 -42.47 -42.69 -42.91 -43.12 -43.31 -43.53 -43.72 -43.91 -44.09 -44.28 -44.47 -44.66 -44.84 -45.00 -45.19 -45.34 -45.50 -45.69 -45.81 -45.97 -46.12 -46.25 -46.38 -46.50 -46.62 -46.75 -46.84 -46.97 -47.06 -47.16 -47.25 -47.34 -47.44 -47.53 -47.59 -47.69 -47.78 -47.84 -47.94 -48.00 -48.09 -48.19 -48.25 -48.34 -48.44 -48.50 -48.59 -48.69 -48.78 -48.88 -49.00 -49.12 -49.22 -49.38
-38.31 -38.56 -38.81 -39.06 -39.34 -39.59 -39.84 -40.12 -40.38 -40.62 -40.88 -41.12 -41.38 -41.59 -41.84 -42.09 -42.31 -42.53 -42.78 -42.97 -43.19 -43.41 -43.59 -43.78 -43.97 -44.16 -44.34 -44.53 -44.72 -44.88 -45.06 -45.25 -45.41 -45.56 -45.72 -45.88 -46.03 -46.19 -46.31 -46.44 -46.56 -46.69 -46.81 -46.91 -47.03 -47.12 -47.22 -47.31 -47.41 -47.50 -47.59 -47.69 -47.75 -47.84 -47.94 -48.00 -48.09 -48.19 -48.25 -48.34 -48.44 -48.53 -48.62 -48.69 -48.81 -48.91 -49.00 -49.09 -49.22 -49.34 -49.47
-38.28 -38.56 -38.84 -39.09 -39.38 -39.62 -39.91 -40.16 -40.41 -40.66 -40.91 -41.16 -41.41 -41.66 -41.88 -42.12 -42.38 -42.59 -42.81 -43.03 -43.25 -43.47 -43.66 -43.84 -44.03 -44.22 -44.41 -44.59 -44.78 -44.94 -45.12 -45.28 -45.44 -45.62 -45.78 -45.94 -46.06 -46.22 -46.34 -46.50 -46.62 -46.75 -46.84 -46.97 -47.06 -47.19 -47.28 -47.38 -47.47 -47.56 -47.66 -47.75 -47.84 -47.91 -48.00 -48.09 -48.19 -48.25 -48.34 -48.44 -48.53 -48.62 -48.72 -48.81 -48.91 -49.00 -49.09 -49.22 -49.34 -49.47 -49.59
-38.31 -38.56 -38.84 -39.12 -39.41 -39.66 -39.94 -40.19 -40.44 -40.69 -40.94 -41.19 -41.44 -41.69 -41.94 -42.16 -42.41 -42.62 -42.88 -43.09 -43.31 -43.50 -43.72 -43.91 -44.09 -44.28 -44.47 -44.62 -44.81 -45.00 -45.16 -45.34 -45.50 -45.66 -45.81 -45.97 -46.12 -46.25 -46.41 -46.53 -46.66 -46.78 -46.91 -47.03 -47.12 -47.22 -47.34 -47.44 -47.53 -47.62 -47.72 -47.81 -47.91 -47.97 -48.06 -48.16 -48.25 -48.34 -48.44 -48.50 -48.59 -48.69 -48.78 -48.91 -49.00 -49.09 -49.22 -49.31 -49.44 -49.56 -49.69
-38.28 -38.56 -38.84 -39.12 -39.41 -39.69 -39.94 -40.19 -40.44 -40.69 -40.97 -41.22 -41.47 -41.72 -41.97 -42.19 -42.44 -42.66 -42.91 -43.12 -43.34 -43.56 -43.75 -43.94 -44.12 -44.31 -44.50 -44.69 -44.84 -45.03 -45.19 -45.38 -45.53 -45.69 -45.84 -46.00 -46.16 -46.31 -46.44 -46.56 -46.69 -46.81 -46.94 -47.06 -47.16 -47.28 -47.38 -47.47 -47.56 -47.66 -47.75 -47.84 -47.94 -48.03 -48.12 -48.22 -48.31 -48.41 -48.50 -48.59 -48.69 -48.78 -48.88 -48.97 -49.09 -49.19 -49.31 -49.41 -49.53 -49.66 -49.78
-38.28 -38.56 -38.81 -39.09 -39.38 -39.66 -39.94 -40.19 -40.44 -40.72 -40.97 -41.22 -41.47 -41.72 -41.97 -42.22 -42.47 -42.69 -42.91 -43.16 -43.38 -43.56 -43.78 -43.97 -44.19 -44.34 -44.53 -44.72 -44.88 -45.06 -45.25 -45.41 -45.56 -45.75 -45.91 -46.06 -46.19 -46.34 -46.47 -46.59 -46.72 -46.84 -46.97 -47.09 -47.19 -47.31 -47.41 -47.53 -47.62 -47.72 -47.81 -47.91 -48.00 -48.09 -48.19 -48.28 -48.38 -48.47 -48.56 -48.66 -48.75 -48.84 -48.97 -49.06 -49.19 -49.28 -49.41 -49.53 -49.62 -49.75 -49.88
-38.25 -38.53 -38.81 -39.09 -39.38 -39.62 -39.91 -40.19 -40.47 -40.72 -40.97 -41.25 -41.50 -41.75 -42.00 -42.25 -42.47 -42.72 -42.94 -43.16 -43.38 -43.59 -43.81 -44.00 -44.19 -44.38 -44.56 -44.75 -44.91 -45.09 -45.25 -45.44 -45.59 -45.78 -45.94 -46.09 -46.22 -46.38 -46.50 -46.62 -46.75 -46.88 -47.00 -47.12 -47.22 -47.34 -47.44 -47.56 -47.66 -47.75 -47.84 -47.94 -48.06 -48.16 -48.25 -48.34 -48.44 -48.53 -48.62 -48.72 -48.81 -48.94 -49.03 -49.16 -49.25 -49.38 -49.50 -49.59 -49.72 -49.84 -50.00
-38.25 -38.53 -38.81 -39.09 -39.38 -39.66 -39.94 -40.19 -40.47 -40.75 -41.00 -41.25 -41.50 -41.75 -42.00 -42.25 -42.50 -42.72 -42.94 -43.16 -43.38 -43.59 -43.81 -44.03 -44.22 -44.41 -44.59 -44.78 -44.94 -45.12 -45.28 -45.47 -45.62 -45.78 -45.94 -46.09 -46.25 -46.41 -46.53 -46.66 -46.78 -46.91 -47.03 -47.16 -47.25 -47.38 -47.47 -47.59 -47.69 -47.78 -47.91 -48.00 -48.09 -48.19 -48.28 -48.38 -48.50 -48.59 -48.69 -48.78 -48.91 -49.00 -49.09 -49.22 -49.34 -49.44 -49.56 -49.69 -49.81 -49.94 -50.06
-38.22 -38.53 -38.81 -39.09 -39.38 -39.66 -39.94 -40.22 -40.50 -40.75 -41.03 -41.28 -41.53 -41.78 -42.03 -42.25 -42.50 -42.72 -42.94 -43.19 -43.41 -43.59 -43.81 -44.03 -44.22 -44.41 -44.59 -44.78 -44.97 -45.12 -45.31 -45.47 -45.66 -45.81 -45.97 -46.12 -46.28 -46.44 -46.56 -46.69 -46.81 -46.94 -47.06 -47.19 -47.28 -47.41 -47.50 -47.62 -47.72 -47.81 -47.94 -48.03 -48.12 -48.22 -48.34 -48.44 -48.53 -48.62 -48.75 -48.84 -48.94 -49.06 -49.19 -49.28 -49.41 -49.53 -49.66 -49.78 -49.91 -50.03 -50.16
-38.22 -38.50 -38.81 -39.12 -39.41 -39.69 -39.97 -40.25 -40.53 -40.78 -41.06 -41.31 -41.56 -41.78 -42.03 -42.28 -42.50 -42.72 -42.94 -43.16 -43.38 -43.59 -43.81 -44.00 -44.22 -44.41 -44.59 -44.78 -44.97 -45.12 -45.31 -45.47 -45.66 -45.81 -45.97 -46.12 -46.28 -46.44 -46.56 -46.69 -46.81 -46.94 -47.06 -47.19 -47.31 -47.44 -47.53 -47.62 -47.75 -47.84 -47.97 -48.06 -48.16 -48.28 -48.38 -48.47 -48.59 -48.69 -48.78 -48.91 -49.00 -49.12 -49.22 -49.34 -49.47 -49.59 -49.72 -49.84 -49.97 -50.12 -50.25
-38.22 -38.50 -38.81 -39.12 -39.41 -39.72 -40.00 -40.28 -40.56 -40.81 -41.09 -41.34 -41.59 -41.81 -42.06 -42.28 -42.50 -42.72 -42.94 -43.16 -43.38 -43.59 -43.81 -44.00 -44.19 -44.41 -44.59 -44.78 -44.97 -45.12 -45.31 -45.47 -45.66 -45.81 -45.97 -46.12 -46.28 -46.41 -46.56 -46.69 -46.81 -46.97 -47.09 -47.22 -47.31 -47.44 -47.56 -47.66 -47.75 -47.88 -47.97 -48.09 -48.19 -48.31 -48.41 -48.50 -48.62 -48.72 -48.84 -48.94 -49.06 -49.19 -49.28 -49.41 -49.53 -49.66 -49.78 -49.91 -50.06 -50.19 -50.34
-38.19 -38.50 -38.78 -39.09 -39.41 -39.72 -40.00 -40.31 -40.59 -40.84 -41.12 -41.38 -41.59 -41.84 -42.06 -42.28 -42.50 -42.72 -42.94 -43.16 -43.38 -43.56 -43.78 -44.00 -44.19 -44.38 -44.56 -44.75 -44.94 -45.12 -45.31 -45.47 -45.62 -45.81 -45.97 -46.12 -46.25 -46.41 -46.56 -46.69 -46.81 -46.97 -47.09 -47.22 -47.34 -47.44 -47.56 -47.66 -47.78 -47.88 -48.00 -48.09 -48.22 -48.31 -48.44 -48.53 -48.66 -48.78 -48.88 -49.00 -49.09 -49.22 -49.34 -49.47 -49.59 -49.72 -49.84 -50.00 -50.12 -50.25 -50.41
-38.16 -38.44 -38.75 -39.06 -39.38 -39.69 -40.00 -40.28 -40.56 -40.84 -41.09 -41.38 -41.59 -41.84 -42.06 -42.28 -42.50 -42.72 -42.94 -43.12 -43.34 -43.56 -43.75 -43.97 -44.16 -44.38 -44.56 -44.75 -44.94 -45.12 -45.28 -45.47 -45.62 -45.78 -45.94 -46.09 -46.25 -46.41 -46.53 -46.69 -46.81 -46.94 -47.09 -47.22 -47.34 -47.44 -47.56 -47.69 -47.78 -47.91 -48.03 -48.12 -48.25 -48.34 -48.47 -48.56 -48.69 -48.81 -48.91 -49.03 -49.16 -49.28 -49.41 -49.53 -49.66 -49.78 -49.91 -50.06 -50.19 -50.34 -50.47
-38.09 -38.41 -38.72 -39.03 -39.34 -39.66 -39.97 -40.25 -40.53 -40.81 -41.06 -41.31 -41.56 -41.78 -42.03 -42.25 -42.47 -42.69 -42.91 -43.09 -43.31 -43.53 -43.72 -43.94 -44.12 -44.34 -44.53 -44.72 -44.91 -45.09 -45.28 -45.44 -45.59 -45.78 -45.94 -46.09 -46.22 -46.38 -46.53 -46.66 -46.81 -46.94 -47.06 -47.19 -47.31 -47.44 -47.56 -47.69 -47.81 -47.91 -48.03 -48.16 -48.25 -48.38 -48.47 -48.59 -48.72 -48.84 -48.94 -49.06 -49.19 -49.31 -49.44 -49.56 -49.69 -49.81 -49.97 -50.09 -50.25 -50.41 -50.53
