everonasctiles/Tile[33,25].asc
ncols 128
nrows 128
xllcorner 0
yllcorner 0
cellsize 2.0
NODATA_value  -9999
[rows 0 to 31 of 128, columns 0 to 70 of 128]
-82.47 -82.50 -82.50 -82.53 -82.59 -82.69 -82.78 -82.91 -83.00 -83.09 -83.19 -83.28 -83.41 -83.53 -83.69 -83.91 -84.16 -84.38 -84.62 -84.81 -85.00 -85.19 -85.38 -85.56 -85.75 -85.97 -86.16 -86.38 -86.59 -86.78 -86.97 -87.16 -87.31 -87.47 -87.62 -87.75 -87.91 -88.03 -88.16 -88.28 -88.38 -88.47 -88.56 -88.62 -88.72 -88.81 -88.91 -88.97 -89.06 -89.12 -89.22 -89.28 -89.38 -89.47 -89.53 -89.62 -89.75 -89.84 -89.97 -90.12 -90.28 -90.41 -90.56 -90.69 -90.78 -90.88 -90.97 -91.06 -91.16 -91.25 -91.34
-82.97 -82.97 -83.00 -83.03 -83.06 -83.16 -83.22 -83.34 -83.44 -83.53 -83.59 -83.69 -83.75 -83.88 -84.00 -84.19 -84.41 -84.62 -84.88 -85.06 -85.25 -85.44 -85.62 -85.81 -86.00 -86.19 -86.38 -86.56 -86.75 -86.94 -87.12 -87.28 -87.44 -87.59 -87.75 -87.88 -88.03 -88.16 -88.28 -88.41 -88.50 -88.59 -88.66 -88.75 -88.81 -88.91 -89.00 -89.06 -89.16 -89.25 -89.31 -89.41 -89.50 -89.59 -89.66 -89.75 -89.84 -89.94 -90.06 -90.22 -90.34 -90.50 -90.62 -90.75 -90.88 -90.97 -91.06 -91.16 -91.25 -91.34 -91.44
-83.41 -83.44 -83.47 -83.50 -83.53 -83.59 -83.66 -83.75 -83.84 -83.94 -84.00 -84.06 -84.12 -84.22 -84.31 -84.47 -84.66 -84.88 -85.09 -85.31 -85.50 -85.69 -85.84 -86.03 -86.22 -86.38 -86.56 -86.72 -86.91 -87.09 -87.25 -87.41 -87.56 -87.72 -87.84 -88.00 -88.12 -88.25 -88.38 -88.50 -88.59 -88.69 -88.78 -88.84 -88.91 -88.97 -89.06 -89.16 -89.25 -89.34 -89.44 -89.53 -89.62 -89.72 -89.78 -89.88 -89.97 -90.06 -90.16 -90.28 -90.44 -90.59 -90.72 -90.84 -90.97 -91.06 -91.16 -91.25 -91.34 -91.44 -91.56
-83.84 -83.91 -83.91 -83.94 -83.97 -84.03 -84.06 -84.12 -84.22 -84.28 -84.38 -84.44 -84.50 -84.56 -84.66 -84.78 -84.94 -85.12 -85.34 -85.53 -85.69 -85.88 -86.06 -86.22 -86.41 -86.56 -86.72 -86.91 -87.06 -87.22 -87.38 -87.53 -87.66 -87.81 -87.97 -88.09 -88.22 -88.34 -88.47 -88.59 -88.69 -88.78 -88.88 -88.94 -89.00 -89.06 -89.16 -89.25 -89.34 -89.44 -89.53 -89.62 -89.72 -89.81 -89.94 -90.00 -90.09 -90.16 -90.28 -90.38 -90.53 -90.66 -90.81 -90.94 -91.06 -91.16 -91.25 -91.34 -91.44 -91.56 -91.66
-84.25 -84.31 -84.34 -84.38 -84.41 -84.44 -84.47 -84.50 -84.56 -84.62 -84.72 -84.78 -84.84 -84.94 -85.00 -85.09 -85.22 -85.41 -85.56 -85.75 -85.91 -86.06 -86.25 -86.41 -86.56 -86.72 -86.88 -87.03 -87.19 -87.34 -87.50 -87.62 -87.78 -87.91 -88.03 -88.19 -88.31 -88.44 -88.56 -88.69 -88.78 -88.88 -88.97 -89.03 -89.09 -89.19 -89.25 -89.34 -89.44 -89.53 -89.62 -89.75 -89.84 -89.94 -90.06 -90.16 -90.22 -90.28 -90.38 -90.50 -90.62 -90.75 -90.88 -91.03 -91.12 -91.25 -91.34 -91.44 -91.53 -91.62 -91.75
-84.62 -84.69 -84.75 -84.81 -84.81 -84.84 -84.84 -84.88 -84.91 -84.97 -85.03 -85.12 -85.19 -85.28 -85.34 -85.44 -85.53 -85.69 -85.81 -85.97 -86.12 -86.28 -86.41 -86.56 -86.72 -86.88 -87.03 -87.19 -87.31 -87.47 -87.59 -87.75 -87.88 -88.00 -88.12 -88.25 -88.38 -88.53 -88.62 -88.75 -88.88 -88.97 -89.06 -89.12 -89.22 -89.28 -89.38 -89.47 -89.56 -89.66 -89.75 -89.84 -89.97 -90.06 -90.19 -90.28 -90.34 -90.44 -90.50 -90.59 -90.69 -90.84 -90.97 -91.09 -91.22 -91.31 -91.44 -91.53 -91.62 -91.72 -91.81
-85.00 -85.06 -85.12 -85.19 -85.22 -85.22 -85.22 -85.22 -85.25 -85.28 -85.34 -85.44 -85.53 -85.59 -85.69 -85.75 -85.84 -85.97 -86.09 -86.22 -86.34 -86.47 -86.59 -86.72 -86.88 -87.00 -87.16 -87.31 -87.44 -87.59 -87.72 -87.84 -87.97 -88.09 -88.22 -88.34 -88.47 -88.59 -88.72 -88.81 -88.94 -89.03 -89.12 -89.25 -89.34 -89.41 -89.50 -89.59 -89.66 -89.75 -89.88 -89.97 -90.09 -90.19 -90.31 -90.41 -90.50 -90.56 -90.62 -90.72 -90.81 -90.91 -91.03 -91.19 -91.31 -91.41 -91.53 -91.62 -91.72 -91.81 -91.88
-85.34 -85.41 -85.47 -85.53 -85.56 -85.59 -85.56 -85.56 -85.56 -85.59 -85.66 -85.75 -85.84 -85.94 -86.00 -86.09 -86.16 -86.25 -86.34 -86.47 -86.56 -86.69 -86.78 -86.91 -87.00 -87.12 -87.28 -87.41 -87.56 -87.69 -87.81 -87.94 -88.06 -88.19 -88.31 -88.41 -88.53 -88.66 -88.78 -88.88 -89.00 -89.09 -89.22 -89.34 -89.44 -89.53 -89.62 -89.72 -89.81 -89.91 -90.00 -90.09 -90.22 -90.31 -90.44 -90.53 -90.62 -90.69 -90.78 -90.84 -90.91 -91.00 -91.12 -91.25 -91.38 -91.50 -91.62 -91.72 -91.81 -91.88 -91.97
-85.66 -85.72 -85.81 -85.88 -85.91 -85.94 -85.91 -85.91 -85.91 -85.94 -86.00 -86.06 -86.16 -86.25 -86.34 -86.41 -86.47 -86.56 -86.62 -86.72 -86.81 -86.88 -86.97 -87.06 -87.16 -87.25 -87.38 -87.50 -87.66 -87.78 -87.91 -88.03 -88.16 -88.28 -88.41 -88.50 -88.59 -88.72 -88.81 -88.94 -89.03 -89.16 -89.28 -89.41 -89.53 -89.66 -89.75 -89.84 -89.94 -90.03 -90.12 -90.22 -90.34 -90.44 -90.53 -90.66 -90.75 -90.81 -90.91 -90.97 -91.03 -91.12 -91.22 -91.34 -91.47 -91.59 -91.69 -91.81 -91.88 -91.97 -92.03
-86.00 -86.03 -86.12 -86.19 -86.22 -86.25 -86.25 -86.22 -86.22 -86.25 -86.31 -86.38 -86.47 -86.56 -86.62 -86.72 -86.78 -86.84 -86.91 -86.97 -87.03 -87.12 -87.19 -87.25 -87.31 -87.41 -87.50 -87.62 -87.75 -87.88 -88.00 -88.12 -88.28 -88.38 -88.50 -88.59 -88.69 -88.78 -88.88 -88.97 -89.09 -89.22 -89.34 -89.47 -89.59 -89.75 -89.84 -89.97 -90.06 -90.16 -90.25 -90.38 -90.47 -90.56 -90.66 -90.75 -90.88 -90.94 -91.03 -91.09 -91.16 -91.22 -91.31 -91.44 -91.53 -91.66 -91.78 -91.88 -91.97 -92.06 -92.12
-86.31 -86.34 -86.41 -86.47 -86.53 -86.56 -86.56 -86.53 -86.53 -86.56 -86.62 -86.69 -86.78 -86.84 -86.94 -87.00 -87.06 -87.12 -87.19 -87.22 -87.28 -87.34 -87.41 -87.44 -87.50 -87.56 -87.62 -87.72 -87.84 -87.97 -88.09 -88.22 -88.34 -88.47 -88.59 -88.69 -88.78 -88.88 -88.94 -89.03 -89.12 -89.25 -89.41 -89.53 -89.69 -89.81 -89.94 -90.06 -90.19 -90.28 -90.41 -90.50 -90.59 -90.69 -90.78 -90.88 -91.00 -91.06 -91.16 -91.22 -91.28 -91.34 -91.41 -91.50 -91.62 -91.75 -91.84 -91.97 -92.06 -92.12 -92.22
-86.62 -86.66 -86.72 -86.78 -86.81 -86.84 -86.84 -86.84 -86.84 -86.88 -86.94 -87.00 -87.06 -87.16 -87.22 -87.28 -87.34 -87.41 -87.44 -87.47 -87.50 -87.56 -87.59 -87.62 -87.69 -87.72 -87.75 -87.84 -87.94 -88.06 -88.19 -88.31 -88.44 -88.56 -88.69 -88.78 -88.88 -88.97 -89.03 -89.12 -89.22 -89.31 -89.47 -89.59 -89.75 -89.91 -90.03 -90.19 -90.28 -90.41 -90.50 -90.62 -90.72 -90.81 -90.91 -91.00 -91.09 -91.19 -91.28 -91.34 -91.41 -91.47 -91.53 -91.59 -91.72 -91.81 -91.94 -92.03 -92.12 -92.22 -92.31
-86.94 -86.97 -87.03 -87.06 -87.12 -87.12 -87.12 -87.12 -87.12 -87.16 -87.22 -87.28 -87.34 -87.44 -87.50 -87.56 -87.62 -87.66 -87.69 -87.72 -87.75 -87.78 -87.81 -87.84 -87.84 -87.88 -87.91 -87.97 -88.03 -88.16 -88.25 -88.38 -88.53 -88.66 -88.75 -88.88 -88.97 -89.06 -89.12 -89.19 -89.28 -89.41 -89.53 -89.66 -89.81 -89.97 -90.12 -90.28 -90.41 -90.50 -90.62 -90.72 -90.84 -90.94 -91.03 -91.12 -91.22 -91.31 -91.38 -91.47 -91.53 -91.59 -91.62 -91.72 -91.81 -91.91 -92.00 -92.12 -92.22 -92.31 -92.38
-87.22 -87.28 -87.31 -87.34 -87.38 -87.41 -87.41 -87.41 -87.41 -87.44 -87.47 -87.53 -87.62 -87.69 -87.75 -87.81 -87.88 -87.91 -87.94 -87.94 -87.97 -87.97 -88.00 -88.00 -88.03 -88.03 -88.06 -88.09 -88.16 -88.25 -88.34 -88.47 -88.59 -88.72 -88.84 -88.97 -89.06 -89.16 -89.22 -89.31 -89.38 -89.47 -89.59 -89.75 -89.91 -90.06 -90.22 -90.34 -90.47 -90.59 -90.72 -90.81 -90.94 -91.03 -91.12 -91.22 -91.31 -91.41 -91.47 -91.56 -91.62 -91.69 -91.75 -91.81 -91.91 -92.00 -92.09 -92.19 -92.28 -92.38 -92.47
-87.50 -87.56 -87.59 -87.62 -87.66 -87.66 -87.66 -87.66 -87.66 -87.69 -87.72 -87.78 -87.84 -87.91 -87.97 -88.03 -88.09 -88.12 -88.16 -88.16 -88.16 -88.16 -88.19 -88.19 -88.19 -88.19 -88.19 -88.22 -88.28 -88.34 -88.47 -88.56 -88.69 -88.81 -88.94 -89.06 -89.16 -89.25 -89.31 -89.41 -89.47 -89.56 -89.69 -89.81 -89.97 -90.12 -90.28 -90.44 -90.56 -90.69 -90.78 -90.91 -91.03 -91.12 -91.22 -91.31 -91.41 -91.47 -91.56 -91.66 -91.72 -91.78 -91.84 -91.94 -92.00 -92.09 -92.16 -92.25 -92.34 -92.44 -92.53
-87.78 -87.81 -87.88 -87.91 -87.91 -87.91 -87.91 -87.88 -87.88 -87.91 -87.97 -88.00 -88.06 -88.12 -88.19 -88.25 -88.28 -88.31 -88.34 -88.34 -88.34 -88.34 -88.34 -88.34 -88.34 -88.34 -88.34 -88.34 -88.41 -88.47 -88.56 -88.66 -88.78 -88.91 -89.03 -89.12 -89.25 -89.34 -89.41 -89.50 -89.59 -89.66 -89.78 -89.91 -90.03 -90.19 -90.34 -90.47 -90.62 -90.75 -90.88 -91.00 -91.09 -91.22 -91.31 -91.38 -91.47 -91.56 -91.62 -91.72 -91.81 -91.88 -91.97 -92.03 -92.09 -92.16 -92.25 -92.34 -92.44 -92.50 -92.59
-88.03 -88.06 -88.12 -88.12 -88.16 -88.12 -88.12 -88.09 -88.09 -88.12 -88.16 -88.22 -88.28 -88.31 -88.38 -88.44 -88.47 -88.50 -88.53 -88.53 -88.53 -88.53 -88.53 -88.50 -88.50 -88.47 -88.47 -88.47 -88.50 -88.56 -88.66 -88.78 -88.88 -89.00 -89.12 -89.22 -89.31 -89.41 -89.50 -89.59 -89.69 -89.78 -89.88 -90.00 -90.12 -90.25 -90.41 -90.53 -90.66 -90.81 -90.94 -91.06 -91.16 -91.28 -91.38 -91.47 -91.53 -91.62 -91.69 -91.78 -91.88 -91.97 -92.03 -92.12 -92.19 -92.25 -92.31 -92.41 -92.47 -92.56 -92.66
-88.28 -88.31 -88.34 -88.38 -88.38 -88.34 -88.31 -88.31 -88.31 -88.34 -88.38 -88.41 -88.47 -88.50 -88.56 -88.59 -88.66 -88.69 -88.69 -88.69 -88.69 -88.69 -88.69 -88.66 -88.62 -88.62 -88.59 -88.59 -88.62 -88.69 -88.75 -88.84 -88.97 -89.06 -89.19 -89.31 -89.41 -89.50 -89.59 -89.69 -89.78 -89.84 -89.97 -90.06 -90.19 -90.31 -90.44 -90.56 -90.72 -90.84 -90.97 -91.09 -91.22 -91.34 -91.44 -91.53 -91.59 -91.69 -91.75 -91.84 -91.94 -92.03 -92.12 -92.19 -92.25 -92.34 -92.41 -92.47 -92.53 -92.62 -92.69
-88.50 -88.53 -88.56 -88.56 -88.56 -88.56 -88.53 -88.50 -88.50 -88.53 -88.56 -88.59 -88.62 -88.69 -88.72 -88.78 -88.81 -88.84 -88.84 -88.84 -88.84 -88.84 -88.81 -88.78 -88.78 -88.75 -88.72 -88.72 -88.72 -88.78 -88.84 -88.94 -89.03 -89.16 -89.25 -89.38 -89.47 -89.56 -89.66 -89.75 -89.84 -89.94 -90.03 -90.16 -90.25 -90.38 -90.50 -90.62 -90.75 -90.88 -91.00 -91.12 -91.25 -91.38 -91.47 -91.56 -91.66 -91.75 -91.81 -91.91 -92.00 -92.09 -92.19 -92.25 -92.34 -92.41 -92.47 -92.53 -92.59 -92.69 -92.75
-88.72 -88.75 -88.78 -88.78 -88.75 -88.75 -88.72 -88.69 -88.69 -88.69 -88.72 -88.75 -88.81 -88.84 -88.91 -88.94 -88.97 -89.00 -89.00 -89.00 -89.00 -88.97 -88.94 -88.91 -88.91 -88.88 -88.84 -88.81 -88.81 -88.84 -88.91 -89.00 -89.09 -89.22 -89.31 -89.44 -89.53 -89.62 -89.72 -89.84 -89.94 -90.03 -90.12 -90.22 -90.31 -90.44 -90.53 -90.66 -90.78 -90.91 -91.03 -91.16 -91.28 -91.41 -91.50 -91.59 -91.69 -91.78 -91.88 -91.97 -92.06 -92.12 -92.22 -92.31 -92.41 -92.47 -92.53 -92.59 -92.66 -92.72 -92.78
-88.94 -88.94 -88.97 -88.97 -88.94 -88.91 -88.91 -88.88 -88.88 -88.88 -88.88 -88.91 -88.97 -89.00 -89.06 -89.09 -89.12 -89.12 -89.12 -89.12 -89.09 -89.09 -89.06 -89.03 -89.00 -88.97 -88.94 -88.94 -88.91 -88.94 -88.97 -89.06 -89.16 -89.25 -89.38 -89.47 -89.56 -89.69 -89.78 -89.91 -90.00 -90.09 -90.22 -90.31 -90.41 -90.50 -90.59 -90.69 -90.81 -90.94 -91.06 -91.19 -91.31 -91.44 -91.53 -91.62 -91.72 -91.81 -91.91 -92.00 -92.09 -92.19 -92.28 -92.34 -92.44 -92.53 -92.59 -92.66 -92.72 -92.78 -92.84
-89.12 -89.12 -89.16 -89.12 -89.12 -89.09 -89.06 -89.06 -89.03 -89.03 -89.06 -89.06 -89.12 -89.16 -89.22 -89.25 -89.25 -89.25 -89.25 -89.25 -89.22 -89.19 -89.19 -89.16 -89.12 -89.09 -89.06 -89.03 -89.00 -89.00 -89.03 -89.09 -89.19 -89.28 -89.38 -89.50 -89.59 -89.72 -89.81 -89.94 -90.06 -90.16 -90.28 -90.38 -90.44 -90.53 -90.62 -90.72 -90.84 -90.97 -91.09 -91.22 -91.34 -91.47 -91.56 -91.69 -91.78 -91.88 -91.94 -92.03 -92.12 -92.22 -92.31 -92.41 -92.47 -92.56 -92.62 -92.69 -92.75 -92.81 -92.88
-89.31 -89.31 -89.31 -89.31 -89.28 -89.25 -89.25 -89.22 -89.19 -89.19 -89.22 -89.22 -89.28 -89.31 -89.34 -89.38 -89.41 -89.41 -89.38 -89.34 -89.34 -89.31 -89.28 -89.25 -89.22 -89.19 -89.16 -89.12 -89.12 -89.09 -89.09 -89.12 -89.19 -89.28 -89.38 -89.50 -89.59 -89.72 -89.84 -89.97 -90.06 -90.19 -90.31 -90.41 -90.50 -90.59 -90.69 -90.78 -90.88 -91.00 -91.12 -91.25 -91.38 -91.47 -91.59 -91.69 -91.81 -91.91 -92.00 -92.06 -92.16 -92.25 -92.34 -92.41 -92.50 -92.59 -92.66 -92.72 -92.75 -92.81 -92.88
-89.47 -89.47 -89.47 -89.47 -89.44 -89.41 -89.41 -89.38 -89.34 -89.34 -89.34 -89.38 -89.41 -89.47 -89.50 -89.53 -89.53 -89.50 -89.50 -89.47 -89.44 -89.41 -89.41 -89.38 -89.34 -89.31 -89.28 -89.25 -89.22 -89.19 -89.16 -89.16 -89.19 -89.25 -89.34 -89.44 -89.56 -89.69 -89.81 -89.94 -90.06 -90.19 -90.31 -90.44 -90.53 -90.62 -90.72 -90.81 -90.91 -91.03 -91.16 -91.25 -91.38 -91.50 -91.62 -91.72 -91.84 -91.94 -92.03 -92.09 -92.19 -92.28 -92.34 -92.44 -92.53 -92.59 -92.66 -92.72 -92.78 -92.81 -92.88
-89.62 -89.62 -89.62 -89.62 -89.59 -89.56 -89.53 -89.53 -89.50 -89.50 -89.50 -89.53 -89.56 -89.59 -89.62 -89.66 -89.66 -89.62 -89.59 -89.56 -89.53 -89.53 -89.50 -89.47 -89.47 -89.44 -89.41 -89.38 -89.34 -89.28 -89.25 -89.19 -89.16 -89.22 -89.31 -89.41 -89.50 -89.62 -89.78 -89.91 -90.06 -90.19 -90.31 -90.44 -90.53 -90.66 -90.75 -90.84 -90.94 -91.06 -91.16 -91.28 -91.41 -91.53 -91.62 -91.75 -91.84 -91.94 -92.03 -92.12 -92.22 -92.28 -92.38 -92.44 -92.53 -92.59 -92.66 -92.69 -92.75 -92.81 -92.88
-89.78 -89.78 -89.78 -89.75 -89.75 -89.72 -89.69 -89.66 -89.62 -89.62 -89.62 -89.66 -89.69 -89.72 -89.75 -89.78 -89.78 -89.75 -89.72 -89.69 -89.66 -89.62 -89.59 -89.59 -89.56 -89.56 -89.53 -89.50 -89.44 -89.38 -89.31 -89.22 -89.16 -89.16 -89.22 -89.31 -89.44 -89.56 -89.72 -89.88 -90.00 -90.16 -90.28 -90.41 -90.53 -90.66 -90.75 -90.88 -90.97 -91.06 -91.19 -91.28 -91.41 -91.53 -91.62 -91.75 -91.84 -91.94 -92.06 -92.12 -92.22 -92.28 -92.38 -92.44 -92.50 -92.56 -92.62 -92.66 -92.72 -92.75 -92.81
-89.94 -89.91 -89.91 -89.91 -89.88 -89.84 -89.81 -89.78 -89.75 -89.75 -89.75 -89.78 -89.81 -89.84 -89.88 -89.88 -89.88 -89.88 -89.81 -89.78 -89.75 -89.72 -89.72 -89.69 -89.69 -89.66 -89.66 -89.59 -89.56 -89.47 -89.38 -89.25 -89.16 -89.09 -89.16 -89.25 -89.34 -89.50 -89.66 -89.81 -89.97 -90.12 -90.25 -90.38 -90.50 -90.66 -90.75 -90.88 -91.00 -91.09 -91.19 -91.31 -91.41 -91.53 -91.62 -91.75 -91.84 -91.94 -92.03 -92.12 -92.22 -92.28 -92.34 -92.41 -92.47 -92.50 -92.53 -92.56 -92.62 -92.66 -92.72
-90.06 -90.06 -90.03 -90.03 -90.00 -89.94 -89.91 -89.91 -89.88 -89.88 -89.88 -89.88 -89.91 -89.94 -89.97 -90.00 -89.97 -89.97 -89.94 -89.91 -89.88 -89.84 -89.81 -89.81 -89.81 -89.78 -89.75 -89.72 -89.66 -89.53 -89.41 -89.28 -89.16 -89.06 -89.06 -89.16 -89.25 -89.41 -89.56 -89.72 -89.91 -90.06 -90.19 -90.34 -90.47 -90.62 -90.75 -90.88 -91.00 -91.12 -91.22 -91.31 -91.44 -91.53 -91.62 -91.75 -91.84 -91.94 -92.00 -92.09 -92.16 -92.22 -92.28 -92.31 -92.34 -92.38 -92.41 -92.44 -92.47 -92.53 -92.56
-90.22 -90.19 -90.19 -90.16 -90.09 -90.06 -90.03 -90.00 -90.00 -89.97 -89.97 -90.00 -90.00 -90.03 -90.06 -90.06 -90.06 -90.06 -90.03 -90.00 -89.97 -89.94 -89.94 -89.91 -89.91 -89.91 -89.88 -89.81 -89.75 -89.62 -89.47 -89.31 -89.16 -89.03 -88.97 -89.03 -89.16 -89.31 -89.47 -89.66 -89.81 -89.97 -90.12 -90.28 -90.44 -90.59 -90.72 -90.88 -91.00 -91.12 -91.22 -91.34 -91.44 -91.53 -91.62 -91.72 -91.81 -91.91 -91.97 -92.03 -92.09 -92.12 -92.19 -92.19 -92.22 -92.22 -92.25 -92.28 -92.31 -92.34 -92.41
-90.34 -90.31 -90.31 -90.25 -90.22 -90.19 -90.16 -90.12 -90.09 -90.06 -90.06 -90.06 -90.09 -90.12 -90.16 -90.16 -90.16 -90.16 -90.12 -90.09 -90.09 -90.06 -90.03 -90.03 -90.03 -90.00 -89.97 -89.94 -89.81 -89.69 -89.50 -89.34 -89.16 -89.03 -88.91 -88.94 -89.06 -89.19 -89.38 -89.53 -89.72 -89.91 -90.06 -90.22 -90.41 -90.56 -90.69 -90.84 -90.97 -91.12 -91.25 -91.34 -91.44 -91.53 -91.62 -91.69 -91.78 -91.84 -91.91 -91.94 -91.97 -92.00 -92.03 -92.03 -92.03 -92.06 -92.06 -92.06 -92.12 -92.19 -92.25
-90.47 -90.44 -90.41 -90.38 -90.34 -90.28 -90.25 -90.22 -90.19 -90.16 -90.16 -90.16 -90.16 -90.19 -90.22 -90.25 -90.25 -90.22 -90.22 -90.19 -90.19 -90.16 -90.16 -90.12 -90.12 -90.12 -90.09 -90.00 -89.91 -89.75 -89.56 -89.38 -89.19 -89.00 -88.81 -88.81 -88.97 -89.09 -89.28 -89.44 -89.62 -89.81 -90.00 -90.19 -90.34 -90.50 -90.66 -90.81 -90.94 -91.09 -91.22 -91.34 -91.44 -91.53 -91.59 -91.66 -91.72 -91.75 -91.78 -91.81 -91.84 -91.84 -91.88 -91.84 -91.84 -91.84 -91.84 -91.88 -91.91 -92.00 -92.12
-90.59 -90.56 -90.53 -90.50 -90.44 -90.41 -90.38 -90.31 -90.28 -90.25 -90.22 -90.22 -90.22 -90.25 -90.28 -90.31 -90.31 -90.31 -90.31 -90.28 -90.28 -90.25 -90.25 -90.25 -90.25 -90.22 -90.19 -90.09 -89.97 -89.78 -89.59 -89.38 -89.19 -89.00 -88.75 -88.69 -88.84 -89.00 -89.16 -89.34 -89.53 -89.75 -89.94 -90.12 -90.31 -90.47 -90.62 -90.75 -90.91 -91.03 -91.19 -91.31 -91.41 -91.50 -91.56 -91.59 -91.62 -91.62 -91.62 -91.66 -91.66 -91.66 -91.69 -91.66 -91.62 -91.62 -91.62 -91.66 -91.72 -91.84 -91.97
