everonasctiles/Tile[1,43].asc
ncols 128
nrows 128
xllcorner 0
yllcorner 0
cellsize 2.0
NODATA_value  -9999
[rows 64 to 95 of 128, columns 0 to 70 of 128]
-52.91 -53.00 -53.09 -53.19 -53.25 -53.31 -53.34 -53.38 -53.41 -53.41 -53.44 -53.44 -53.47 -53.47 -53.50 -53.50 -53.53 -53.53 -53.56 -53.56 -53.59 -53.66 -53.72 -53.81 -53.91 -54.00 -54.09 -54.16 -54.22 -54.28 -54.31 -54.34 -54.38 -54.41 -54.44 -54.44 -54.47 -54.47 -54.50 -54.50 -54.53 -54.53 -54.56 -54.59 -54.62 -54.69 -54.72 -54.75 -54.78 -54.81 -54.88 -54.91 -54.97 -55.03 -55.12 -55.19 -55.25 -55.31 -55.38 -55.41 -55.44 -55.47 -55.47 -55.47 -55.47 -55.47 -55.47 -55.44 -55.44 -55.44 -55.47
-52.91 -53.03 -53.12 -53.22 -53.28 -53.34 -53.38 -53.41 -53.41 -53.41 -53.44 -53.44 -53.47 -53.47 -53.47 -53.47 -53.47 -53.50 -53.50 -53.53 -53.56 -53.62 -53.69 -53.78 -53.88 -53.97 -54.09 -54.16 -54.22 -54.28 -54.31 -54.34 -54.38 -54.41 -54.44 -54.44 -54.47 -54.47 -54.50 -54.50 -54.53 -54.53 -54.56 -54.59 -54.62 -54.66 -54.72 -54.75 -54.78 -54.84 -54.88 -54.94 -54.97 -55.03 -55.12 -55.19 -55.25 -55.31 -55.38 -55.41 -55.44 -55.47 -55.47 -55.47 -55.47 -55.47 -55.47 -55.44 -55.44 -55.44 -55.47
-52.94 -53.03 -53.12 -53.22 -53.31 -53.34 -53.41 -53.41 -53.44 -53.44 -53.44 -53.44 -53.47 -53.47 -53.47 -53.44 -53.44 -53.44 -53.47 -53.47 -53.53 -53.59 -53.66 -53.75 -53.88 -53.97 -54.06 -54.16 -54.22 -54.28 -54.31 -54.34 -54.38 -54.41 -54.44 -54.47 -54.47 -54.50 -54.50 -54.50 -54.53 -54.53 -54.56 -54.56 -54.62 -54.66 -54.72 -54.78 -54.81 -54.84 -54.91 -54.94 -55.00 -55.06 -55.12 -55.19 -55.25 -55.31 -55.38 -55.41 -55.44 -55.44 -55.44 -55.44 -55.44 -55.44 -55.44 -55.44 -55.44 -55.47 -55.47
-52.94 -53.06 -53.16 -53.25 -53.31 -53.38 -53.41 -53.44 -53.44 -53.44 -53.47 -53.47 -53.47 -53.47 -53.47 -53.44 -53.44 -53.44 -53.44 -53.44 -53.50 -53.56 -53.66 -53.75 -53.84 -53.97 -54.06 -54.16 -54.22 -54.28 -54.34 -54.38 -54.41 -54.44 -54.44 -54.47 -54.47 -54.50 -54.50 -54.50 -54.50 -54.53 -54.53 -54.56 -54.62 -54.66 -54.72 -54.78 -54.81 -54.88 -54.91 -54.97 -55.03 -55.06 -55.12 -55.19 -55.25 -55.31 -55.34 -55.38 -55.41 -55.44 -55.44 -55.44 -55.44 -55.44 -55.44 -55.44 -55.44 -55.47 -55.47
-52.97 -53.06 -53.16 -53.25 -53.31 -53.38 -53.41 -53.44 -53.47 -53.47 -53.47 -53.47 -53.47 -53.47 -53.47 -53.47 -53.44 -53.44 -53.44 -53.44 -53.47 -53.56 -53.62 -53.72 -53.84 -53.94 -54.03 -54.12 -54.22 -54.28 -54.34 -54.38 -54.41 -54.44 -54.47 -54.47 -54.50 -54.50 -54.50 -54.50 -54.50 -54.50 -54.50 -54.56 -54.59 -54.66 -54.72 -54.78 -54.84 -54.91 -54.94 -55.00 -55.03 -55.09 -55.12 -55.19 -55.25 -55.28 -55.34 -55.38 -55.41 -55.41 -55.44 -55.44 -55.44 -55.44 -55.44 -55.47 -55.47 -55.47 -55.47
-53.00 -53.09 -53.16 -53.25 -53.31 -53.38 -53.44 -53.44 -53.47 -53.50 -53.50 -53.50 -53.50 -53.50 -53.50 -53.50 -53.47 -53.47 -53.47 -53.47 -53.50 -53.56 -53.62 -53.72 -53.81 -53.91 -54.00 -54.09 -54.19 -54.25 -54.31 -54.34 -54.41 -54.41 -54.44 -54.47 -54.47 -54.47 -54.47 -54.47 -54.47 -54.47 -54.47 -54.53 -54.59 -54.66 -54.72 -54.81 -54.88 -54.91 -54.97 -55.03 -55.06 -55.09 -55.12 -55.19 -55.22 -55.28 -55.31 -55.34 -55.38 -55.41 -55.41 -55.44 -55.44 -55.47 -55.47 -55.47 -55.47 -55.50 -55.50
-53.03 -53.09 -53.19 -53.25 -53.34 -53.41 -53.44 -53.47 -53.50 -53.53 -53.53 -53.53 -53.53 -53.53 -53.53 -53.53 -53.53 -53.53 -53.50 -53.50 -53.53 -53.56 -53.62 -53.72 -53.78 -53.88 -53.97 -54.06 -54.12 -54.22 -54.28 -54.31 -54.34 -54.38 -54.41 -54.41 -54.41 -54.41 -54.41 -54.41 -54.41 -54.41 -54.44 -54.50 -54.56 -54.66 -54.72 -54.81 -54.88 -54.94 -55.00 -55.03 -55.06 -55.09 -55.12 -55.16 -55.19 -55.25 -55.28 -55.31 -55.34 -55.38 -55.41 -55.44 -55.47 -55.47 -55.50 -55.50 -55.50 -55.53 -55.53
-53.06 -53.12 -53.22 -53.28 -53.38 -53.44 -53.47 -53.50 -53.53 -53.56 -53.56 -53.59 -53.59 -53.59 -53.59 -53.59 -53.59 -53.56 -53.56 -53.56 -53.56 -53.59 -53.66 -53.72 -53.78 -53.84 -53.94 -54.00 -54.09 -54.16 -54.22 -54.25 -54.31 -54.31 -54.34 -54.34 -54.34 -54.34 -54.34 -54.34 -54.34 -54.34 -54.38 -54.44 -54.50 -54.62 -54.72 -54.81 -54.88 -54.97 -55.00 -55.03 -55.06 -55.09 -55.12 -55.16 -55.16 -55.22 -55.25 -55.31 -55.34 -55.38 -55.41 -55.44 -55.47 -55.50 -55.53 -55.53 -55.53 -55.56 -55.56
-53.12 -53.19 -53.28 -53.34 -53.41 -53.47 -53.50 -53.56 -53.59 -53.59 -53.62 -53.62 -53.66 -53.66 -53.66 -53.66 -53.66 -53.62 -53.62 -53.62 -53.62 -53.66 -53.69 -53.72 -53.78 -53.81 -53.88 -53.94 -54.03 -54.09 -54.16 -54.19 -54.22 -54.25 -54.25 -54.25 -54.25 -54.25 -54.25 -54.25 -54.25 -54.25 -54.28 -54.34 -54.44 -54.56 -54.69 -54.78 -54.88 -54.94 -55.00 -55.03 -55.06 -55.09 -55.12 -55.12 -55.16 -55.19 -55.25 -55.28 -55.34 -55.41 -55.44 -55.47 -55.50 -55.53 -55.56 -55.59 -55.59 -55.62 -55.62
-53.19 -53.25 -53.34 -53.41 -53.47 -53.53 -53.56 -53.59 -53.62 -53.66 -53.69 -53.69 -53.69 -53.69 -53.69 -53.69 -53.69 -53.69 -53.69 -53.69 -53.69 -53.69 -53.72 -53.75 -53.78 -53.81 -53.84 -53.91 -53.97 -54.03 -54.09 -54.12 -54.16 -54.16 -54.16 -54.16 -54.16 -54.16 -54.12 -54.12 -54.12 -54.12 -54.19 -54.25 -54.38 -54.50 -54.62 -54.75 -54.84 -54.94 -55.00 -55.03 -55.06 -55.09 -55.12 -55.16 -55.19 -55.22 -55.25 -55.31 -55.38 -55.44 -55.47 -55.53 -55.56 -55.59 -55.62 -55.66 -55.66 -55.69 -55.72
-53.25 -53.31 -53.41 -53.47 -53.53 -53.59 -53.62 -53.66 -53.69 -53.69 -53.72 -53.72 -53.72 -53.75 -53.75 -53.75 -53.75 -53.75 -53.72 -53.72 -53.75 -53.75 -53.75 -53.78 -53.78 -53.81 -53.84 -53.88 -53.91 -53.97 -54.00 -54.06 -54.06 -54.06 -54.06 -54.06 -54.03 -54.03 -54.00 -54.00 -53.97 -54.00 -54.06 -54.16 -54.28 -54.44 -54.56 -54.69 -54.81 -54.91 -55.00 -55.06 -55.09 -55.12 -55.16 -55.19 -55.22 -55.25 -55.28 -55.34 -55.41 -55.47 -55.53 -55.56 -55.62 -55.66 -55.69 -55.72 -55.75 -55.78 -55.81
-53.31 -53.38 -53.47 -53.53 -53.59 -53.66 -53.69 -53.69 -53.72 -53.75 -53.75 -53.75 -53.75 -53.78 -53.78 -53.78 -53.78 -53.78 -53.78 -53.78 -53.78 -53.78 -53.78 -53.78 -53.78 -53.78 -53.81 -53.84 -53.88 -53.91 -53.94 -53.97 -53.97 -53.97 -53.94 -53.94 -53.91 -53.88 -53.88 -53.84 -53.84 -53.88 -53.94 -54.06 -54.22 -54.34 -54.50 -54.66 -54.78 -54.88 -54.97 -55.06 -55.12 -55.16 -55.19 -55.22 -55.25 -55.28 -55.34 -55.38 -55.44 -55.50 -55.56 -55.62 -55.69 -55.72 -55.75 -55.78 -55.81 -55.84 -55.88
-53.34 -53.44 -53.53 -53.59 -53.66 -53.72 -53.72 -53.75 -53.75 -53.78 -53.78 -53.78 -53.78 -53.78 -53.78 -53.81 -53.78 -53.78 -53.78 -53.81 -53.81 -53.81 -53.78 -53.78 -53.78 -53.78 -53.78 -53.78 -53.81 -53.84 -53.88 -53.88 -53.88 -53.84 -53.81 -53.81 -53.78 -53.75 -53.72 -53.69 -53.69 -53.75 -53.84 -54.00 -54.16 -54.31 -54.47 -54.59 -54.75 -54.88 -54.97 -55.06 -55.16 -55.19 -55.25 -55.28 -55.31 -55.34 -55.38 -55.44 -55.47 -55.53 -55.59 -55.66 -55.72 -55.78 -55.81 -55.84 -55.88 -55.91 -55.97
-53.41 -53.50 -53.56 -53.66 -53.72 -53.75 -53.78 -53.78 -53.81 -53.81 -53.81 -53.81 -53.81 -53.81 -53.81 -53.81 -53.81 -53.81 -53.81 -53.81 -53.81 -53.81 -53.78 -53.78 -53.75 -53.72 -53.72 -53.75 -53.75 -53.78 -53.78 -53.78 -53.78 -53.75 -53.72 -53.69 -53.66 -53.62 -53.59 -53.56 -53.56 -53.66 -53.81 -53.97 -54.12 -54.28 -54.44 -54.59 -54.75 -54.88 -55.00 -55.09 -55.16 -55.22 -55.28 -55.31 -55.34 -55.38 -55.44 -55.47 -55.50 -55.56 -55.62 -55.69 -55.75 -55.81 -55.84 -55.88 -55.94 -55.97 -56.03
-53.44 -53.53 -53.62 -53.69 -53.75 -53.78 -53.81 -53.81 -53.84 -53.84 -53.84 -53.81 -53.81 -53.81 -53.81 -53.81 -53.81 -53.81 -53.81 -53.81 -53.81 -53.81 -53.78 -53.75 -53.72 -53.69 -53.66 -53.66 -53.69 -53.69 -53.72 -53.72 -53.69 -53.66 -53.59 -53.56 -53.53 -53.50 -53.47 -53.44 -53.50 -53.66 -53.81 -53.97 -54.12 -54.31 -54.47 -54.59 -54.75 -54.88 -55.00 -55.09 -55.16 -55.25 -55.28 -55.34 -55.38 -55.44 -55.47 -55.50 -55.53 -55.59 -55.66 -55.72 -55.78 -55.84 -55.88 -55.94 -55.97 -56.03 -56.06
-53.44 -53.53 -53.62 -53.72 -53.78 -53.81 -53.84 -53.84 -53.88 -53.88 -53.84 -53.84 -53.81 -53.81 -53.78 -53.78 -53.78 -53.78 -53.78 -53.78 -53.78 -53.78 -53.75 -53.69 -53.66 -53.62 -53.59 -53.59 -53.59 -53.59 -53.62 -53.62 -53.59 -53.56 -53.50 -53.44 -53.41 -53.38 -53.34 -53.38 -53.47 -53.66 -53.81 -54.00 -54.16 -54.31 -54.47 -54.62 -54.78 -54.88 -55.00 -55.06 -55.16 -55.22 -55.28 -55.34 -55.41 -55.44 -55.47 -55.50 -55.56 -55.59 -55.66 -55.72 -55.78 -55.84 -55.91 -55.94 -56.00 -56.06 -56.12
-53.44 -53.53 -53.62 -53.72 -53.78 -53.81 -53.84 -53.88 -53.88 -53.88 -53.88 -53.84 -53.81 -53.78 -53.75 -53.75 -53.72 -53.72 -53.72 -53.72 -53.72 -53.72 -53.69 -53.62 -53.59 -53.53 -53.50 -53.50 -53.50 -53.53 -53.53 -53.56 -53.53 -53.47 -53.41 -53.34 -53.28 -53.25 -53.25 -53.34 -53.47 -53.66 -53.81 -54.00 -54.19 -54.34 -54.50 -54.66 -54.78 -54.88 -54.97 -55.03 -55.12 -55.19 -55.25 -55.31 -55.41 -55.44 -55.47 -55.53 -55.56 -55.59 -55.66 -55.72 -55.78 -55.84 -55.91 -55.94 -56.00 -56.06 -56.12
-53.41 -53.50 -53.59 -53.69 -53.75 -53.81 -53.84 -53.88 -53.88 -53.88 -53.88 -53.84 -53.81 -53.75 -53.72 -53.69 -53.66 -53.62 -53.62 -53.62 -53.62 -53.62 -53.59 -53.56 -53.53 -53.47 -53.44 -53.41 -53.41 -53.44 -53.47 -53.47 -53.44 -53.38 -53.31 -53.22 -53.19 -53.16 -53.19 -53.31 -53.47 -53.62 -53.81 -54.00 -54.19 -54.38 -54.53 -54.66 -54.78 -54.88 -54.94 -55.00 -55.06 -55.12 -55.22 -55.28 -55.34 -55.41 -55.47 -55.50 -55.53 -55.56 -55.62 -55.69 -55.75 -55.81 -55.88 -55.94 -56.00 -56.06 -56.12
-53.38 -53.47 -53.56 -53.66 -53.72 -53.78 -53.81 -53.84 -53.88 -53.88 -53.84 -53.81 -53.78 -53.72 -53.66 -53.59 -53.56 -53.53 -53.53 -53.53 -53.53 -53.53 -53.50 -53.47 -53.44 -53.41 -53.34 -53.34 -53.34 -53.34 -53.38 -53.34 -53.31 -53.25 -53.19 -53.12 -53.06 -53.06 -53.12 -53.28 -53.44 -53.62 -53.81 -54.00 -54.19 -54.38 -54.50 -54.66 -54.75 -54.81 -54.91 -54.94 -55.00 -55.06 -55.16 -55.22 -55.31 -55.38 -55.44 -55.47 -55.53 -55.56 -55.59 -55.66 -55.72 -55.78 -55.84 -55.91 -56.00 -56.06 -56.12
-53.31 -53.44 -53.53 -53.62 -53.69 -53.75 -53.78 -53.81 -53.84 -53.84 -53.81 -53.78 -53.72 -53.66 -53.56 -53.53 -53.47 -53.44 -53.44 -53.41 -53.41 -53.41 -53.41 -53.38 -53.34 -53.31 -53.28 -53.25 -53.25 -53.25 -53.25 -53.25 -53.19 -53.12 -53.06 -53.00 -52.97 -53.00 -53.12 -53.28 -53.44 -53.62 -53.81 -54.00 -54.16 -54.34 -54.47 -54.59 -54.69 -54.75 -54.81 -54.88 -54.94 -55.00 -55.06 -55.16 -55.25 -55.31 -55.41 -55.44 -55.50 -55.53 -55.56 -55.62 -55.66 -55.72 -55.81 -55.88 -55.97 -56.03 -56.12
-53.28 -53.41 -53.50 -53.59 -53.66 -53.72 -53.75 -53.78 -53.78 -53.78 -53.75 -53.72 -53.66 -53.56 -53.50 -53.44 -53.38 -53.31 -53.31 -53.28 -53.28 -53.25 -53.25 -53.25 -53.25 -53.22 -53.19 -53.16 -53.16 -53.16 -53.16 -53.12 -53.06 -53.03 -52.97 -52.91 -52.91 -53.00 -53.12 -53.28 -53.47 -53.62 -53.81 -53.97 -54.12 -54.28 -54.41 -54.53 -54.62 -54.69 -54.75 -54.81 -54.88 -54.94 -55.00 -55.09 -55.19 -55.28 -55.34 -55.41 -55.44 -55.50 -55.53 -55.56 -55.62 -55.69 -55.75 -55.81 -55.91 -56.00 -56.09
-53.25 -53.34 -53.44 -53.53 -53.59 -53.66 -53.69 -53.69 -53.69 -53.69 -53.66 -53.62 -53.56 -53.47 -53.41 -53.31 -53.25 -53.22 -53.16 -53.12 -53.12 -53.12 -53.12 -53.12 -53.09 -53.09 -53.06 -53.06 -53.03 -53.03 -53.03 -53.00 -52.97 -52.91 -52.88 -52.84 -52.88 -53.00 -53.16 -53.31 -53.47 -53.66 -53.81 -53.97 -54.09 -54.25 -54.38 -54.47 -54.53 -54.59 -54.69 -54.75 -54.81 -54.88 -54.97 -55.06 -55.16 -55.22 -55.31 -55.38 -55.41 -55.44 -55.47 -55.50 -55.56 -55.62 -55.69 -55.78 -55.88 -56.00 -56.09
-53.22 -53.31 -53.41 -53.47 -53.53 -53.56 -53.56 -53.56 -53.56 -53.56 -53.53 -53.50 -53.44 -53.38 -53.31 -53.22 -53.16 -53.09 -53.03 -53.00 -52.97 -52.94 -52.94 -52.94 -52.94 -52.94 -52.94 -52.91 -52.91 -52.91 -52.91 -52.88 -52.84 -52.81 -52.78 -52.81 -52.91 -53.03 -53.19 -53.34 -53.50 -53.66 -53.81 -53.94 -54.09 -54.19 -54.31 -54.41 -54.47 -54.56 -54.62 -54.69 -54.75 -54.84 -54.94 -55.03 -55.09 -55.19 -55.28 -55.31 -55.34 -55.38 -55.41 -55.44 -55.50 -55.59 -55.69 -55.78 -55.88 -56.00 -56.09
-53.19 -53.25 -53.34 -53.41 -53.44 -53.44 -53.44 -53.44 -53.41 -53.41 -53.38 -53.38 -53.34 -53.28 -53.22 -53.12 -53.06 -52.97 -52.91 -52.84 -52.81 -52.78 -52.78 -52.78 -52.78 -52.78 -52.75 -52.75 -52.75 -52.78 -52.78 -52.75 -52.75 -52.72 -52.72 -52.78 -52.91 -53.03 -53.19 -53.34 -53.50 -53.66 -53.81 -53.94 -54.06 -54.16 -54.28 -54.34 -54.44 -54.50 -54.59 -54.66 -54.75 -54.81 -54.91 -55.00 -55.06 -55.16 -55.22 -55.28 -55.31 -55.31 -55.34 -55.41 -55.47 -55.56 -55.69 -55.81 -55.91 -56.03 -56.16
-53.12 -53.19 -53.25 -53.31 -53.31 -53.31 -53.28 -53.25 -53.22 -53.22 -53.22 -53.22 -53.22 -53.19 -53.12 -53.06 -52.97 -52.88 -52.78 -52.72 -52.66 -52.59 -52.59 -52.59 -52.59 -52.59 -52.59 -52.59 -52.62 -52.62 -52.66 -52.62 -52.62 -52.62 -52.66 -52.75 -52.88 -53.03 -53.19 -53.34 -53.50 -53.66 -53.81 -53.94 -54.03 -54.16 -54.25 -54.34 -54.41 -54.50 -54.56 -54.66 -54.72 -54.81 -54.88 -54.97 -55.03 -55.12 -55.19 -55.25 -55.28 -55.31 -55.34 -55.38 -55.47 -55.59 -55.72 -55.88 -56.00 -56.09 -56.22
-53.06 -53.09 -53.16 -53.16 -53.16 -53.16 -53.09 -53.06 -53.03 -53.03 -53.03 -53.06 -53.06 -53.06 -53.03 -52.97 -52.91 -52.78 -52.69 -52.59 -52.50 -52.44 -52.41 -52.41 -52.41 -52.41 -52.41 -52.44 -52.47 -52.50 -52.53 -52.53 -52.53 -52.53 -52.62 -52.72 -52.88 -53.03 -53.19 -53.34 -53.50 -53.66 -53.78 -53.91 -54.03 -54.12 -54.22 -54.31 -54.41 -54.50 -54.56 -54.66 -54.72 -54.81 -54.88 -54.94 -55.03 -55.09 -55.19 -55.25 -55.31 -55.34 -55.38 -55.44 -55.53 -55.66 -55.81 -55.94 -56.09 -56.19 -56.28
-52.94 -52.97 -53.00 -53.00 -53.00 -52.97 -52.94 -52.88 -52.84 -52.84 -52.88 -52.91 -52.94 -52.94 -52.94 -52.88 -52.81 -52.72 -52.59 -52.47 -52.38 -52.28 -52.25 -52.22 -52.22 -52.25 -52.28 -52.31 -52.34 -52.38 -52.41 -52.44 -52.44 -52.50 -52.59 -52.72 -52.88 -53.03 -53.19 -53.38 -53.53 -53.66 -53.81 -53.94 -54.03 -54.16 -54.25 -54.34 -54.44 -54.53 -54.59 -54.69 -54.75 -54.81 -54.88 -54.94 -55.03 -55.09 -55.19 -55.28 -55.38 -55.44 -55.50 -55.56 -55.62 -55.78 -55.91 -56.06 -56.19 -56.28 -56.38
-52.81 -52.81 -52.81 -52.81 -52.81 -52.78 -52.75 -52.69 -52.66 -52.66 -52.72 -52.75 -52.78 -52.81 -52.81 -52.78 -52.69 -52.59 -52.50 -52.38 -52.25 -52.16 -52.09 -52.09 -52.09 -52.12 -52.16 -52.19 -52.25 -52.31 -52.34 -52.38 -52.44 -52.50 -52.62 -52.75 -52.91 -53.06 -53.22 -53.41 -53.53 -53.69 -53.84 -53.97 -54.06 -54.19 -54.28 -54.38 -54.47 -54.56 -54.66 -54.75 -54.81 -54.88 -54.94 -55.00 -55.06 -55.16 -55.25 -55.34 -55.47 -55.53 -55.62 -55.69 -55.78 -55.91 -56.03 -56.19 -56.31 -56.41 -56.47
-52.62 -52.62 -52.62 -52.62 -52.62 -52.59 -52.56 -52.53 -52.50 -52.50 -52.56 -52.59 -52.62 -52.66 -52.66 -52.62 -52.59 -52.50 -52.41 -52.28 -52.19 -52.06 -52.00 -51.97 -52.00 -52.03 -52.09 -52.12 -52.19 -52.25 -52.31 -52.41 -52.47 -52.56 -52.66 -52.81 -52.97 -53.12 -53.28 -53.44 -53.59 -53.72 -53.88 -54.00 -54.09 -54.22 -54.31 -54.41 -54.53 -54.62 -54.72 -54.81 -54.88 -54.94 -55.00 -55.06 -55.12 -55.22 -55.31 -55.44 -55.53 -55.66 -55.75 -55.84 -55.94 -56.06 -56.19 -56.31 -56.41 -56.50 -56.56
-52.47 -52.44 -52.44 -52.44 -52.44 -52.44 -52.41 -52.38 -52.38 -52.38 -52.41 -52.44 -52.47 -52.50 -52.50 -52.50 -52.47 -52.41 -52.31 -52.22 -52.09 -52.00 -51.94 -51.91 -51.94 -52.00 -52.06 -52.12 -52.19 -52.28 -52.34 -52.44 -52.50 -52.62 -52.72 -52.88 -53.03 -53.19 -53.34 -53.47 -53.62 -53.75 -53.88 -54.00 -54.12 -54.25 -54.34 -54.47 -54.59 -54.69 -54.78 -54.88 -54.97 -55.03 -55.09 -55.19 -55.25 -55.34 -55.44 -55.53 -55.66 -55.78 -55.88 -56.00 -56.09 -56.22 -56.34 -56.44 -56.53 -56.62 -56.66
-52.31 -52.28 -52.25 -52.25 -52.28 -52.28 -52.28 -52.25 -52.25 -52.25 -52.28 -52.28 -52.31 -52.31 -52.34 -52.34 -52.31 -52.28 -52.19 -52.12 -52.03 -51.94 -51.91 -51.88 -51.94 -52.00 -52.06 -52.12 -52.22 -52.28 -52.38 -52.47 -52.56 -52.66 -52.78 -52.94 -53.06 -53.22 -53.38 -53.53 -53.66 -53.78 -53.91 -54.03 -54.16 -54.28 -54.41 -54.53 -54.66 -54.78 -54.88 -54.97 -55.06 -55.12 -55.22 -55.31 -55.41 -55.50 -55.59 -55.69 -55.78 -55.91 -56.03 -56.16 -56.25 -56.38 -56.47 -56.56 -56.66 -56.72 -56.75
-52.16 -52.12 -52.12 -52.12 -52.12 -52.16 -52.19 -52.19 -52.16 -52.16 -52.16 -52.16 -52.19 -52.19 -52.19 -52.19 -52.19 -52.12 -52.09 -52.00 -51.94 -51.88 -51.84 -51.84 -51.91 -52.00 -52.06 -52.16 -52.22 -52.31 -52.38 -52.47 -52.56 -52.69 -52.81 -52.97 -53.12 -53.28 -53.44 -53.56 -53.69 -53.81 -53.94 -54.06 -54.19 -54.34 -54.47 -54.59 -54.72 -54.84 -54.97 -55.06 -55.16 -55.25 -55.38 -55.47 -55.56 -55.66 -55.75 -55.81 -55.94 -56.03 -56.16 -56.28 -56.41 -56.50 -56.59 -56.69 -56.78 -56.81 -56.84
