everonasctiles/Tile37,48.asc
ncols 128
nrows 128
xllcorner 0
yllcorner 0
cellsize 2.0
NODATA_value  -9999
[rows 0 to 31 of 128, columns 0 to 70 of 128]
-80.38 -80.28 -80.31 -80.38 -80.41 -80.38 -80.28 -80.12 -80.00 -79.81 -79.62 -79.41 -79.16 -78.97 -78.75 -78.62 -78.53 -78.47 -78.31 -78.09 -77.69 -77.34 -77.31 -77.44 -77.44 -77.28 -76.94 -76.50 -76.00 -75.47 -74.91 -74.16 -73.38 -72.69 -72.19 -71.97 -71.97 -72.00 -71.91 -71.88 -71.97 -72.09 -72.22 -72.38 -72.53 -72.72 -72.88 -73.00 -73.06 -73.09 -73.09 -73.09 -73.16 -73.22 -73.28 -73.34 -73.38 -73.41 -73.44 -73.47 -73.50 -73.56 -73.59 -73.59 -73.59 -73.59 -73.62 -73.66 -73.66 -73.69 -73.69
-80.12 -80.03 -80.03 -80.12 -80.16 -80.12 -80.00 -79.81 -79.66 -79.47 -79.25 -79.00 -78.75 -78.50 -78.31 -78.19 -78.19 -78.16 -78.06 -77.84 -77.47 -77.03 -76.88 -77.00 -77.03 -76.94 -76.72 -76.38 -75.97 -75.50 -74.97 -74.34 -73.41 -72.56 -71.94 -71.66 -71.62 -71.69 -71.62 -71.62 -71.75 -71.88 -72.03 -72.19 -72.38 -72.53 -72.69 -72.81 -72.84 -72.88 -72.88 -72.91 -72.97 -73.06 -73.16 -73.22 -73.28 -73.34 -73.38 -73.44 -73.50 -73.53 -73.56 -73.59 -73.59 -73.59 -73.59 -73.59 -73.62 -73.62 -73.66
-79.84 -79.72 -79.72 -79.81 -79.84 -79.81 -79.69 -79.50 -79.28 -79.09 -78.84 -78.62 -78.34 -78.00 -77.75 -77.72 -77.75 -77.78 -77.75 -77.59 -77.28 -76.88 -76.53 -76.56 -76.59 -76.56 -76.41 -76.19 -75.84 -75.44 -74.97 -74.41 -73.66 -72.81 -72.22 -72.03 -71.97 -71.81 -71.53 -71.38 -71.53 -71.69 -71.84 -72.00 -72.16 -72.31 -72.47 -72.56 -72.59 -72.62 -72.62 -72.66 -72.75 -72.88 -73.03 -73.12 -73.22 -73.28 -73.31 -73.38 -73.44 -73.47 -73.50 -73.53 -73.53 -73.53 -73.53 -73.53 -73.56 -73.56 -73.59
-79.56 -79.34 -79.34 -79.44 -79.53 -79.53 -79.41 -79.19 -78.94 -78.69 -78.44 -78.19 -77.81 -77.31 -77.12 -77.22 -77.28 -77.34 -77.34 -77.25 -77.03 -76.69 -76.34 -76.16 -76.19 -76.12 -76.00 -75.84 -75.62 -75.31 -74.91 -74.47 -73.91 -73.28 -72.81 -72.50 -72.25 -72.00 -71.66 -71.28 -71.28 -71.47 -71.62 -71.75 -71.91 -72.06 -72.19 -72.28 -72.31 -72.31 -72.34 -72.41 -72.53 -72.72 -72.88 -73.00 -73.09 -73.16 -73.22 -73.25 -73.31 -73.38 -73.41 -73.44 -73.47 -73.47 -73.47 -73.47 -73.47 -73.50 -73.50
-79.25 -79.00 -78.91 -79.03 -79.16 -79.19 -79.06 -78.84 -78.56 -78.28 -78.00 -77.69 -77.09 -76.56 -76.38 -76.59 -76.75 -76.81 -76.88 -76.81 -76.66 -76.41 -76.09 -75.88 -75.75 -75.69 -75.56 -75.41 -75.25 -75.03 -74.75 -74.41 -74.00 -73.56 -73.12 -72.75 -72.44 -72.12 -71.78 -71.38 -71.06 -71.22 -71.38 -71.50 -71.66 -71.81 -71.91 -71.94 -71.97 -72.00 -72.03 -72.16 -72.34 -72.56 -72.75 -72.88 -72.94 -73.00 -73.06 -73.09 -73.16 -73.22 -73.28 -73.31 -73.34 -73.34 -73.34 -73.34 -73.38 -73.38 -73.38
-78.91 -78.69 -78.47 -78.59 -78.75 -78.81 -78.75 -78.50 -78.19 -77.84 -77.47 -76.91 -76.25 -75.72 -75.59 -75.94 -76.16 -76.25 -76.31 -76.28 -76.16 -75.97 -75.75 -75.53 -75.34 -75.22 -75.03 -74.88 -74.75 -74.59 -74.41 -74.19 -73.91 -73.59 -73.25 -72.91 -72.56 -72.22 -71.88 -71.47 -71.09 -70.94 -71.06 -71.22 -71.38 -71.50 -71.56 -71.56 -71.56 -71.59 -71.69 -71.88 -72.12 -72.38 -72.56 -72.69 -72.75 -72.78 -72.81 -72.88 -72.94 -73.00 -73.09 -73.16 -73.19 -73.19 -73.19 -73.22 -73.25 -73.28 -73.25
-78.56 -78.34 -78.09 -78.16 -78.34 -78.44 -78.38 -78.16 -77.84 -77.41 -76.88 -76.12 -75.41 -74.84 -74.72 -75.09 -75.47 -75.62 -75.69 -75.69 -75.56 -75.41 -75.25 -75.09 -74.94 -74.72 -74.50 -74.31 -74.16 -74.03 -73.91 -73.75 -73.59 -73.41 -73.19 -72.94 -72.59 -72.25 -71.91 -71.56 -71.16 -70.78 -70.78 -70.94 -71.06 -71.16 -71.16 -71.09 -71.03 -71.09 -71.31 -71.59 -71.88 -72.16 -72.34 -72.47 -72.50 -72.53 -72.56 -72.59 -72.69 -72.78 -72.91 -72.97 -73.00 -73.00 -73.00 -73.06 -73.12 -73.16 -73.12
-78.12 -77.97 -77.72 -77.66 -77.84 -78.00 -78.00 -77.81 -77.47 -77.00 -76.41 -75.53 -74.66 -73.97 -73.78 -74.16 -74.69 -74.94 -75.03 -75.03 -74.91 -74.75 -74.62 -74.53 -74.41 -74.19 -73.94 -73.66 -73.41 -73.25 -73.19 -73.16 -73.12 -73.03 -72.94 -72.78 -72.53 -72.22 -71.88 -71.53 -71.12 -70.69 -70.47 -70.59 -70.72 -70.81 -70.75 -70.59 -70.41 -70.56 -70.97 -71.31 -71.62 -71.88 -72.06 -72.16 -72.19 -72.22 -72.22 -72.28 -72.41 -72.56 -72.69 -72.78 -72.78 -72.78 -72.81 -72.88 -72.97 -73.00 -73.00
-77.66 -77.53 -77.31 -77.19 -77.31 -77.50 -77.56 -77.44 -77.09 -76.66 -76.03 -75.19 -74.12 -73.22 -72.84 -73.12 -73.81 -74.16 -74.28 -74.28 -74.19 -73.97 -73.88 -73.84 -73.78 -73.59 -73.28 -72.97 -72.50 -72.12 -72.09 -72.34 -72.50 -72.56 -72.53 -72.47 -72.28 -72.03 -71.72 -71.38 -71.00 -70.56 -70.19 -70.19 -70.34 -70.41 -70.34 -70.12 -69.81 -70.12 -70.62 -71.00 -71.28 -71.53 -71.72 -71.78 -71.84 -71.84 -71.84 -71.91 -72.09 -72.28 -72.44 -72.53 -72.53 -72.56 -72.62 -72.72 -72.81 -72.91 -73.00
-77.12 -77.06 -76.88 -76.69 -76.75 -76.94 -77.03 -77.00 -76.72 -76.28 -75.69 -74.97 -73.88 -72.75 -72.03 -72.06 -72.69 -73.31 -73.47 -73.47 -73.34 -73.03 -72.97 -73.06 -73.03 -72.88 -72.56 -72.22 -71.56 -71.00 -70.94 -71.38 -71.81 -72.00 -72.06 -72.03 -71.91 -71.72 -71.47 -71.16 -70.78 -70.31 -69.81 -69.69 -69.88 -69.97 -69.91 -69.69 -69.38 -69.78 -70.28 -70.62 -70.91 -71.12 -71.25 -71.34 -71.41 -71.44 -71.44 -71.53 -71.78 -72.00 -72.19 -72.25 -72.28 -72.31 -72.41 -72.53 -72.69 -72.84 -73.03
-76.53 -76.50 -76.34 -76.19 -76.16 -76.31 -76.47 -76.47 -76.28 -75.88 -75.31 -74.69 -73.81 -72.53 -71.47 -71.09 -71.53 -72.28 -72.56 -72.59 -72.41 -71.94 -71.94 -72.16 -72.16 -72.00 -71.72 -71.41 -70.66 -69.88 -69.81 -70.41 -71.12 -71.41 -71.53 -71.53 -71.44 -71.31 -71.12 -70.84 -70.47 -69.97 -69.38 -69.12 -69.38 -69.53 -69.50 -69.31 -69.03 -69.41 -69.88 -70.19 -70.44 -70.62 -70.75 -70.84 -70.94 -71.00 -71.00 -71.19 -71.47 -71.69 -71.88 -71.97 -72.03 -72.09 -72.22 -72.41 -72.59 -72.81 -73.03
-75.91 -75.91 -75.78 -75.62 -75.53 -75.69 -75.88 -75.91 -75.78 -75.44 -74.91 -74.28 -73.62 -72.47 -71.19 -70.38 -70.41 -71.16 -71.59 -71.62 -71.38 -70.69 -70.66 -71.19 -71.25 -71.06 -70.81 -70.50 -69.69 -68.81 -68.81 -69.66 -70.44 -70.81 -70.91 -70.88 -70.84 -70.81 -70.69 -70.47 -70.12 -69.66 -69.03 -68.59 -68.84 -69.06 -69.09 -68.94 -68.69 -68.88 -69.38 -69.75 -69.94 -70.09 -70.22 -70.34 -70.41 -70.47 -70.56 -70.84 -71.12 -71.41 -71.59 -71.69 -71.75 -71.84 -72.03 -72.25 -72.47 -72.72 -72.97
-75.25 -75.25 -75.19 -75.06 -74.94 -75.03 -75.22 -75.31 -75.22 -74.91 -74.47 -73.88 -73.22 -72.44 -71.12 -69.91 -69.44 -69.94 -70.56 -70.62 -70.34 -69.47 -69.25 -69.88 -70.25 -70.12 -69.88 -69.56 -68.59 -67.78 -68.00 -69.06 -69.81 -70.16 -70.22 -70.06 -70.06 -70.16 -70.12 -70.00 -69.72 -69.34 -68.75 -68.19 -68.34 -68.59 -68.66 -68.53 -68.25 -68.09 -68.53 -69.12 -69.44 -69.59 -69.69 -69.69 -69.66 -69.81 -70.16 -70.50 -70.81 -71.09 -71.28 -71.41 -71.50 -71.62 -71.81 -72.06 -72.34 -72.59 -72.84
-74.56 -74.56 -74.53 -74.44 -74.34 -74.38 -74.56 -74.66 -74.62 -74.34 -73.94 -73.41 -72.75 -72.12 -71.06 -69.72 -68.75 -68.84 -69.50 -69.62 -69.31 -68.41 -67.88 -68.25 -68.84 -69.12 -68.94 -68.34 -67.38 -66.78 -67.34 -68.50 -69.12 -69.41 -69.34 -69.06 -69.12 -69.38 -69.47 -69.41 -69.25 -68.94 -68.47 -67.91 -67.88 -68.16 -68.25 -68.09 -67.75 -67.28 -67.47 -68.00 -68.53 -68.78 -68.72 -68.69 -68.88 -69.31 -69.81 -70.19 -70.53 -70.78 -70.97 -71.12 -71.22 -71.34 -71.59 -71.88 -72.16 -72.44 -72.69
-73.84 -73.88 -73.88 -73.81 -73.72 -73.72 -73.88 -74.03 -74.03 -73.78 -73.38 -72.88 -72.28 -71.72 -70.88 -69.50 -68.31 -67.91 -68.47 -68.62 -68.34 -67.59 -66.62 -66.59 -66.94 -67.28 -67.31 -66.84 -66.12 -65.88 -66.78 -67.81 -68.34 -68.56 -68.31 -67.75 -67.78 -68.38 -68.69 -68.72 -68.66 -68.44 -68.06 -67.59 -67.38 -67.69 -67.81 -67.69 -67.34 -66.59 -66.38 -66.72 -67.19 -67.47 -67.59 -67.81 -68.34 -69.03 -69.47 -69.88 -70.19 -70.44 -70.66 -70.81 -70.91 -71.06 -71.31 -71.69 -71.97 -72.25 -72.50
-73.16 -73.16 -73.16 -73.16 -73.09 -73.06 -73.19 -73.34 -73.41 -73.22 -72.84 -72.34 -71.81 -71.25 -70.38 -69.16 -67.94 -67.19 -67.50 -67.66 -67.44 -66.97 -65.72 -65.12 -65.12 -65.31 -65.50 -65.31 -64.88 -65.00 -66.09 -67.03 -67.50 -67.62 -67.28 -66.41 -66.44 -67.19 -67.78 -67.97 -68.00 -67.84 -67.56 -67.06 -66.78 -67.16 -67.34 -67.28 -66.97 -66.12 -65.50 -65.53 -65.91 -66.31 -66.72 -67.34 -68.16 -68.72 -69.12 -69.53 -69.88 -70.12 -70.34 -70.53 -70.62 -70.78 -71.09 -71.47 -71.81 -72.09 -72.31
-72.47 -72.44 -72.44 -72.47 -72.44 -72.41 -72.50 -72.69 -72.81 -72.69 -72.31 -71.69 -71.06 -70.38 -69.53 -68.50 -67.41 -66.56 -66.47 -66.81 -66.66 -66.25 -65.03 -64.00 -63.56 -63.56 -63.75 -63.81 -63.69 -64.09 -65.16 -66.16 -66.59 -66.69 -66.28 -65.25 -65.16 -66.00 -66.84 -67.12 -67.25 -67.12 -66.88 -66.31 -66.03 -66.50 -66.84 -66.88 -66.66 -66.00 -65.00 -64.62 -64.91 -65.47 -66.25 -67.12 -67.94 -68.41 -68.81 -69.22 -69.56 -69.88 -70.09 -70.31 -70.50 -70.75 -71.06 -71.38 -71.69 -71.94 -72.16
-71.75 -71.72 -71.72 -71.75 -71.78 -71.78 -71.84 -72.03 -72.19 -72.12 -71.78 -71.12 -70.25 -69.38 -68.56 -67.69 -66.75 -65.91 -65.56 -65.84 -65.94 -65.59 -64.41 -63.19 -62.34 -62.03 -62.16 -62.34 -62.50 -63.00 -64.00 -65.09 -65.62 -65.72 -65.38 -64.25 -64.03 -64.97 -65.94 -66.28 -66.41 -66.34 -66.00 -65.31 -65.12 -65.66 -66.25 -66.44 -66.31 -65.84 -64.88 -64.12 -64.25 -65.00 -66.00 -66.97 -67.69 -68.12 -68.56 -69.00 -69.38 -69.72 -70.03 -70.31 -70.59 -70.88 -71.16 -71.41 -71.66 -71.88 -72.09
-71.03 -71.00 -71.00 -71.06 -71.09 -71.12 -71.19 -71.34 -71.53 -71.56 -71.28 -70.69 -69.84 -68.78 -67.88 -67.00 -66.19 -65.41 -64.91 -64.81 -64.84 -64.53 -63.66 -62.47 -61.41 -60.78 -60.69 -60.94 -61.25 -61.78 -62.69 -63.88 -64.59 -64.75 -64.47 -63.41 -63.09 -64.12 -65.06 -65.41 -65.53 -65.44 -64.75 -64.16 -64.12 -64.75 -65.59 -65.97 -65.97 -65.62 -64.88 -63.91 -63.84 -64.66 -65.75 -66.81 -67.47 -67.91 -68.41 -68.88 -69.28 -69.69 -70.03 -70.34 -70.66 -70.94 -71.22 -71.50 -71.72 -71.97 -72.19
-70.31 -70.28 -70.31 -70.38 -70.44 -70.50 -70.56 -70.72 -70.88 -70.94 -70.78 -70.34 -69.66 -68.72 -67.72 -66.81 -66.06 -65.38 -64.78 -64.34 -64.00 -63.62 -62.88 -61.84 -60.69 -59.78 -59.41 -59.53 -59.91 -60.47 -61.28 -62.44 -63.50 -63.75 -63.50 -62.62 -62.28 -63.34 -64.16 -64.50 -64.59 -64.25 -63.38 -62.97 -63.22 -64.06 -65.03 -65.47 -65.56 -65.31 -64.72 -63.75 -63.47 -64.31 -65.47 -66.62 -67.28 -67.75 -68.28 -68.78 -69.22 -69.62 -70.00 -70.34 -70.66 -70.97 -71.28 -71.56 -71.81 -72.03 -72.25
-69.59 -69.59 -69.62 -69.69 -69.78 -69.88 -70.00 -70.12 -70.28 -70.34 -70.28 -69.97 -69.44 -68.78 -68.00 -67.22 -66.53 -65.91 -65.31 -64.75 -64.12 -63.44 -62.59 -61.56 -60.34 -59.19 -58.44 -58.28 -58.56 -59.12 -59.94 -61.16 -62.44 -62.72 -62.56 -61.84 -61.53 -62.59 -63.31 -63.59 -63.66 -62.84 -62.12 -62.03 -62.69 -63.78 -64.62 -65.00 -65.12 -64.94 -64.47 -63.53 -63.09 -63.88 -65.09 -66.34 -67.09 -67.56 -68.09 -68.62 -69.09 -69.50 -69.88 -70.22 -70.56 -70.91 -71.25 -71.56 -71.81 -72.06 -72.28
-68.84 -68.84 -68.94 -69.03 -69.16 -69.28 -69.44 -69.56 -69.69 -69.78 -69.78 -69.59 -69.22 -68.69 -68.09 -67.47 -66.84 -66.25 -65.69 -65.12 -64.56 -63.88 -62.97 -61.88 -60.56 -59.22 -58.03 -57.38 -57.41 -57.94 -58.84 -60.25 -61.41 -61.72 -61.59 -61.00 -60.78 -61.69 -62.50 -62.75 -62.41 -61.59 -61.25 -61.72 -62.78 -63.66 -64.22 -64.53 -64.66 -64.50 -64.06 -63.25 -62.69 -63.31 -64.56 -65.88 -66.81 -67.34 -67.88 -68.38 -68.88 -69.28 -69.69 -70.06 -70.44 -70.81 -71.16 -71.47 -71.72 -71.97 -72.16
-68.12 -68.09 -68.22 -68.38 -68.56 -68.72 -68.88 -69.03 -69.16 -69.25 -69.28 -69.22 -68.94 -68.53 -68.03 -67.50 -66.97 -66.41 -65.84 -65.28 -64.72 -64.19 -63.53 -62.47 -61.19 -59.75 -58.28 -57.12 -56.66 -57.06 -58.12 -59.72 -60.50 -60.75 -60.62 -60.12 -59.94 -60.66 -61.31 -61.38 -60.97 -60.66 -61.00 -62.00 -62.84 -63.41 -63.78 -64.00 -64.09 -64.00 -63.66 -62.91 -62.19 -62.66 -63.84 -65.16 -66.34 -67.03 -67.56 -68.06 -68.56 -69.00 -69.47 -69.91 -70.34 -70.72 -71.03 -71.31 -71.53 -71.72 -71.91
-67.38 -67.34 -67.50 -67.75 -67.97 -68.16 -68.34 -68.50 -68.66 -68.78 -68.84 -68.84 -68.66 -68.34 -67.94 -67.50 -67.00 -66.50 -65.97 -65.41 -64.88 -64.31 -63.75 -63.06 -61.88 -60.41 -58.81 -57.34 -56.38 -56.56 -57.69 -59.19 -59.69 -59.81 -59.72 -59.25 -59.06 -59.50 -59.84 -59.88 -59.84 -60.25 -61.22 -62.00 -62.56 -62.97 -63.22 -63.41 -63.50 -63.47 -63.19 -62.53 -61.72 -61.97 -63.06 -64.38 -65.69 -66.59 -67.19 -67.75 -68.25 -68.75 -69.25 -69.75 -70.19 -70.56 -70.84 -71.03 -71.22 -71.41 -71.59
-66.62 -66.56 -66.78 -67.12 -67.41 -67.62 -67.84 -68.03 -68.22 -68.34 -68.47 -68.47 -68.38 -68.16 -67.81 -67.44 -67.03 -66.56 -66.06 -65.56 -65.03 -64.47 -63.88 -63.34 -62.41 -60.94 -59.25 -57.62 -56.41 -56.28 -57.28 -58.59 -58.91 -58.97 -58.81 -58.34 -58.09 -58.31 -58.53 -58.75 -59.31 -60.28 -61.09 -61.69 -62.06 -62.34 -62.50 -62.72 -62.88 -62.88 -62.62 -62.12 -61.28 -61.34 -62.38 -63.75 -65.19 -66.12 -66.81 -67.38 -67.94 -68.47 -69.03 -69.53 -69.97 -70.28 -70.50 -70.66 -70.81 -71.00 -71.19
-65.84 -65.78 -66.16 -66.56 -66.88 -67.12 -67.34 -67.56 -67.78 -67.94 -68.06 -68.12 -68.06 -67.91 -67.69 -67.38 -67.03 -66.62 -66.19 -65.72 -65.19 -64.66 -64.06 -63.50 -62.69 -61.19 -59.50 -57.88 -56.62 -56.06 -56.75 -57.88 -58.19 -58.22 -58.06 -57.47 -57.16 -57.25 -57.56 -58.22 -59.22 -60.12 -60.75 -61.12 -61.31 -61.44 -61.69 -61.97 -62.16 -62.19 -62.03 -61.62 -60.88 -60.91 -62.00 -63.50 -64.84 -65.69 -66.34 -66.91 -67.50 -68.12 -68.78 -69.28 -69.66 -69.91 -70.06 -70.19 -70.38 -70.56 -70.75
-65.03 -65.12 -65.66 -66.09 -66.41 -66.66 -66.88 -67.12 -67.38 -67.56 -67.69 -67.75 -67.72 -67.62 -67.50 -67.28 -67.00 -66.66 -66.28 -65.84 -65.34 -64.81 -64.25 -63.66 -62.91 -61.50 -59.91 -58.41 -57.16 -56.31 -56.19 -56.84 -57.44 -57.53 -57.25 -56.69 -56.34 -56.50 -57.12 -58.16 -59.06 -59.78 -60.22 -60.38 -60.22 -60.16 -60.56 -61.09 -61.34 -61.47 -61.38 -61.09 -60.44 -60.66 -61.91 -63.44 -64.38 -65.09 -65.69 -66.22 -66.94 -67.81 -68.47 -68.94 -69.22 -69.41 -69.56 -69.69 -69.88 -70.09 -70.28
-64.31 -64.69 -65.22 -65.62 -65.94 -66.19 -66.44 -66.72 -66.97 -67.16 -67.28 -67.38 -67.38 -67.31 -67.22 -67.09 -66.91 -66.66 -66.31 -65.94 -65.50 -64.97 -64.41 -63.81 -63.09 -62.03 -60.66 -59.34 -58.19 -57.06 -56.12 -55.94 -56.34 -56.56 -56.38 -55.97 -55.75 -56.22 -57.16 -58.03 -58.75 -59.28 -59.47 -59.28 -58.75 -58.78 -59.31 -60.16 -60.53 -60.66 -60.66 -60.47 -60.00 -60.53 -61.97 -62.97 -63.75 -64.34 -64.72 -65.44 -66.56 -67.50 -68.09 -68.44 -68.69 -68.88 -69.00 -69.16 -69.38 -69.59 -69.75
-63.78 -64.31 -64.81 -65.19 -65.47 -65.72 -66.03 -66.31 -66.56 -66.75 -66.84 -66.94 -67.00 -66.97 -66.91 -66.84 -66.72 -66.53 -66.28 -65.97 -65.56 -65.09 -64.53 -63.94 -63.28 -62.47 -61.59 -60.66 -59.44 -57.94 -56.53 -55.56 -55.41 -55.62 -55.59 -55.38 -55.59 -56.38 -57.09 -57.75 -58.31 -58.66 -58.66 -58.06 -57.41 -57.47 -58.09 -59.06 -59.66 -59.84 -59.91 -59.81 -59.59 -60.47 -61.62 -62.38 -63.00 -63.25 -63.81 -65.12 -66.34 -67.09 -67.50 -67.75 -68.00 -68.22 -68.38 -68.66 -68.91 -69.09 -69.06
-63.31 -63.88 -64.34 -64.66 -64.94 -65.19 -65.56 -65.91 -66.12 -66.28 -66.41 -66.50 -66.56 -66.59 -66.56 -66.50 -66.41 -66.28 -66.09 -65.84 -65.53 -65.12 -64.62 -64.06 -63.41 -62.66 -61.84 -61.06 -60.16 -58.47 -56.78 -55.47 -54.84 -54.84 -54.94 -55.16 -55.75 -56.31 -56.84 -57.34 -57.78 -58.00 -57.84 -57.03 -56.28 -56.31 -57.03 -58.12 -58.81 -59.03 -59.16 -59.16 -59.25 -60.19 -61.09 -61.72 -61.91 -62.38 -63.69 -65.06 -65.94 -66.44 -66.59 -66.69 -66.88 -67.16 -67.50 -67.94 -68.31 -68.38 -68.03
-62.84 -63.41 -63.78 -64.06 -64.31 -64.62 -65.06 -65.41 -65.66 -65.78 -65.91 -66.00 -66.09 -66.16 -66.19 -66.16 -66.06 -65.94 -65.78 -65.62 -65.38 -65.06 -64.66 -64.12 -63.47 -62.78 -62.00 -61.19 -60.00 -58.19 -56.56 -55.25 -54.44 -54.28 -54.59 -55.16 -55.62 -56.03 -56.47 -56.84 -57.19 -57.34 -57.16 -56.41 -55.47 -55.44 -56.22 -57.31 -57.97 -58.22 -58.44 -58.56 -58.78 -59.50 -60.16 -60.53 -61.12 -62.34 -63.69 -64.66 -65.22 -65.31 -65.00 -65.00 -65.41 -65.91 -66.38 -66.84 -67.19 -67.22 -67.22
-62.31 -62.78 -63.09 -63.34 -63.56 -64.00 -64.53 -64.91 -65.12 -65.25 -65.34 -65.47 -65.59 -65.69 -65.75 -65.75 -65.69 -65.56 -65.44 -65.28 -65.12 -64.91 -64.56 -64.09 -63.50 -62.81 -62.09 -61.12 -59.41 -57.62 -56.00 -54.78 -54.03 -53.91 -54.41 -55.00 -55.34 -55.69 -56.00 -56.31 -56.59 -56.69 -56.53 -56.00 -55.03 -54.84 -55.56 -56.59 -57.25 -57.50 -57.72 -57.91 -58.03 -58.50 -59.09 -59.88 -61.09 -62.34 -63.28 -63.94 -64.09 -63.56 -63.16 -63.38 -63.94 -64.59 -65.16 -65.66 -66.09 -66.53 -67.12
