everonasctiles/Tile[34,19].asc
ncols 128
nrows 128
xllcorner 0
yllcorner 0
cellsize 2.0
NODATA_value  -9999
[rows 32 to 63 of 128, columns 0 to 71 of 128]
132.34 131.25 130.16 128.91 127.91 127.09 126.12 125.16 124.41 123.75 123.12 122.53 121.81 121.16 120.66 119.81 119.41 119.31 119.06 118.81 118.38 118.47 118.12 117.81 117.41 117.62 117.41 117.25 117.53 118.03 118.09 118.09 117.94 117.88 117.91 117.81 117.81 117.78 117.75 117.72 117.59 117.47 117.28 117.06 116.75 116.47 116.00 115.62 115.31 115.12 114.91 114.72 114.50 114.28 113.91 113.84 113.66 113.53 112.72 111.81 110.44 111.00 111.59 111.41 111.06 110.69 110.47 110.25 110.16 110.12 109.97 109.75
133.22 132.19 131.22 130.19 129.12 128.25 127.28 126.47 125.78 125.12 124.53 123.81 123.12 122.28 121.72 121.22 120.81 120.53 120.34 120.00 119.84 119.28 118.44 118.09 118.25 119.66 119.78 119.16 119.00 119.47 119.41 119.25 119.03 118.94 118.81 118.69 118.56 118.47 118.44 118.38 118.25 118.09 117.88 117.66 117.31 116.94 116.62 116.34 116.16 116.00 115.78 115.69 115.53 115.53 115.66 115.69 115.56 115.38 115.09 114.31 113.19 114.31 113.50 112.97 112.25 111.19 111.00 110.97 111.03 111.00 110.91 110.81
133.94 133.03 132.22 131.34 130.41 129.56 128.66 127.88 127.12 126.53 125.84 125.09 124.41 123.47 122.75 122.09 121.72 121.56 121.50 121.31 120.50 118.94 118.75 119.44 121.75 121.53 121.53 121.59 121.56 120.91 120.56 120.31 120.06 119.88 119.69 119.56 119.34 119.25 119.16 119.03 118.91 118.72 118.50 118.25 117.88 117.56 117.31 117.12 117.00 116.88 116.66 116.53 116.53 116.62 116.78 117.00 117.09 117.12 117.09 116.28 116.06 115.97 115.34 114.62 113.72 112.28 111.53 111.53 111.69 111.81 111.78 111.44
135.00 134.06 133.28 132.47 131.72 130.91 130.09 129.28 128.53 127.81 127.16 126.31 125.50 124.81 123.84 123.16 122.75 122.62 122.66 122.78 122.19 121.94 121.88 122.56 123.31 123.03 122.88 122.59 122.22 121.84 121.59 121.28 121.00 120.69 120.50 120.31 120.12 119.97 119.84 119.72 119.56 119.38 119.16 118.84 118.56 118.25 118.09 117.88 117.84 117.66 117.53 117.44 117.44 117.56 117.78 118.03 118.25 118.34 118.50 117.88 117.88 117.50 117.00 116.16 115.19 114.28 112.12 112.06 112.50 112.66 112.62 112.28
135.78 135.09 134.34 133.62 132.94 132.25 131.47 130.72 129.84 129.19 128.62 127.78 126.69 125.94 124.94 124.22 123.72 123.78 124.12 124.62 124.44 124.38 124.44 124.84 124.19 124.06 123.84 123.56 123.19 122.84 122.50 122.16 121.88 121.59 121.34 121.09 120.88 120.69 120.59 120.44 120.25 120.06 119.78 119.56 119.34 119.03 118.88 118.66 118.56 118.38 118.31 118.28 118.22 118.31 118.53 118.81 119.09 119.31 119.47 119.41 119.34 118.97 118.44 117.56 116.59 115.25 113.03 112.88 113.28 113.62 113.53 113.19
136.56 136.09 135.44 134.81 134.12 133.44 132.72 132.03 131.31 130.91 130.12 129.34 128.22 128.09 126.53 125.38 124.94 125.56 125.81 126.53 126.50 126.25 125.88 125.44 125.09 124.84 124.59 124.28 123.97 123.66 123.31 123.00 122.69 122.38 122.16 121.88 121.66 121.44 121.34 121.12 120.94 120.72 120.50 120.28 120.06 119.78 119.59 119.38 119.25 119.09 119.00 118.94 118.91 119.00 119.22 119.56 119.81 120.03 120.22 120.31 120.31 120.19 119.69 118.81 117.66 116.28 115.12 114.97 114.97 114.78 114.25 113.78
137.41 137.06 136.50 135.91 135.31 134.59 133.88 133.25 132.72 132.25 131.62 130.69 129.94 129.88 129.06 127.91 127.88 128.19 127.78 128.06 127.84 127.53 127.00 126.38 125.81 125.41 125.19 124.91 124.66 124.41 124.06 123.75 123.44 123.16 122.91 122.59 122.41 122.19 122.06 121.84 121.59 121.44 121.22 120.97 120.75 120.47 120.25 120.06 119.91 119.72 119.59 119.50 119.50 119.62 119.81 120.12 120.53 120.72 120.88 121.09 121.22 121.16 120.75 120.00 118.94 117.66 116.34 116.34 116.41 115.97 115.69 115.12
138.28 137.94 137.44 136.91 136.34 135.75 135.09 134.47 134.03 133.59 133.00 132.31 131.84 131.44 131.28 130.47 129.75 129.97 129.94 129.56 129.19 128.62 127.91 127.00 126.00 125.94 125.75 125.56 125.31 125.03 124.75 124.44 124.12 123.81 123.56 123.34 123.12 122.94 122.75 122.53 122.31 122.09 121.88 121.66 121.38 121.12 120.88 120.66 120.50 120.31 120.09 120.00 119.97 120.12 120.47 120.72 121.03 121.28 121.44 121.75 121.97 122.00 121.72 121.41 120.28 118.81 117.78 117.81 117.69 117.22 116.84 116.72
139.09 138.75 138.31 137.88 137.34 136.81 136.41 135.91 135.34 134.94 134.41 133.94 133.41 133.22 132.53 131.97 131.94 131.84 131.38 130.94 130.31 129.56 128.56 127.53 127.09 126.53 126.25 126.09 125.88 125.66 125.38 125.06 124.78 124.50 124.22 123.97 123.78 123.56 123.38 123.19 122.97 122.75 122.59 122.31 122.06 121.75 121.50 121.19 121.06 120.81 120.53 120.44 120.47 121.00 121.25 121.38 121.66 121.88 122.00 122.41 122.72 122.81 122.62 122.16 121.59 119.94 119.25 119.28 118.84 118.28 117.94 117.88
139.75 139.47 139.09 138.69 138.28 137.94 137.50 137.22 136.69 136.28 136.03 135.59 135.09 134.56 133.97 133.50 133.53 133.25 132.72 132.09 131.31 130.53 129.59 128.84 127.81 126.94 126.69 126.59 126.41 126.22 126.00 125.72 125.44 125.12 124.81 124.56 124.41 124.19 124.00 123.84 123.66 123.44 123.19 122.94 122.66 122.31 122.03 121.75 121.56 121.41 121.31 121.53 121.59 121.81 121.94 122.12 122.25 122.47 122.69 123.03 123.44 123.62 123.53 123.09 122.66 121.22 120.38 120.44 119.97 119.62 119.50 118.34
140.28 140.12 139.88 139.47 139.16 138.81 138.44 138.19 137.97 137.62 137.25 137.12 136.53 135.97 135.88 135.59 135.16 134.66 133.94 133.22 132.28 131.12 130.38 129.53 128.41 127.47 127.09 127.09 126.88 126.72 126.56 126.31 126.00 125.72 125.38 125.12 124.94 124.78 124.62 124.44 124.25 124.06 123.78 123.56 123.25 122.84 122.50 122.22 122.22 122.22 122.31 122.56 122.62 122.62 122.78 122.84 122.91 123.12 123.38 123.69 124.16 124.44 124.41 123.97 123.47 122.22 121.88 121.59 120.88 120.16 119.28 119.62
141.09 140.62 140.47 140.19 139.91 139.59 139.28 139.09 138.97 138.81 138.69 138.50 138.00 137.81 137.44 137.31 136.78 136.16 134.78 132.97 132.22 131.75 130.81 130.47 129.56 128.84 128.34 128.12 127.31 127.12 127.03 126.84 126.47 126.16 125.78 125.56 125.44 125.34 125.19 125.00 124.84 124.62 124.41 124.12 123.78 123.44 123.16 122.69 122.81 123.03 123.31 123.47 123.53 123.56 123.72 123.75 123.62 123.78 124.00 124.28 124.78 125.16 125.16 124.81 124.25 123.50 122.78 122.38 121.72 120.91 121.47 122.09
142.47 141.22 140.88 140.69 140.50 140.25 140.03 139.84 139.91 139.91 139.94 139.72 139.19 138.50 138.16 138.75 138.38 137.78 136.88 136.00 135.38 133.94 131.62 130.94 130.47 130.00 129.72 129.12 128.03 127.47 127.41 127.53 127.28 126.94 126.34 126.06 125.91 125.81 125.69 125.56 125.38 125.19 124.94 124.78 124.62 124.62 124.12 123.59 123.81 124.19 124.44 124.41 124.34 124.62 124.62 124.59 124.44 124.44 124.62 124.91 125.38 125.78 125.81 125.50 124.97 124.22 123.47 123.38 123.16 123.09 123.53 123.88
143.78 142.84 141.28 141.00 140.84 140.78 140.69 140.84 140.91 140.94 141.03 140.84 140.62 140.38 140.03 140.53 140.12 139.22 138.34 137.72 136.84 135.31 132.78 131.81 131.06 130.66 130.62 129.84 129.34 128.53 128.06 128.41 128.34 128.09 127.69 127.38 127.12 126.62 126.06 125.97 125.84 125.69 125.72 125.72 125.56 125.28 124.88 124.81 125.00 125.62 125.53 125.53 125.22 125.59 125.72 125.59 125.28 125.09 125.22 125.53 125.97 126.31 126.44 126.25 125.78 125.31 124.84 124.69 124.62 124.41 124.88 125.41
145.25 144.31 143.31 142.28 141.44 141.16 141.06 141.53 141.91 141.84 141.84 141.81 142.09 142.66 142.62 142.50 142.03 141.03 139.38 138.72 137.75 136.56 135.38 134.03 132.59 131.62 131.56 131.00 130.53 129.81 129.38 129.50 129.47 129.16 128.25 128.06 127.94 127.56 126.75 126.50 126.38 126.56 126.66 126.69 126.34 125.69 125.31 125.44 125.66 126.09 126.50 126.47 126.66 126.91 126.88 126.69 126.34 125.81 125.84 126.06 126.44 126.78 127.03 126.97 126.81 126.44 126.09 125.81 125.97 125.75 125.78 126.22
146.34 146.03 145.12 143.91 143.44 142.97 142.34 142.22 142.84 142.88 142.66 142.81 143.72 144.09 144.47 144.47 144.03 143.34 142.16 140.56 138.88 138.16 137.25 136.31 135.84 134.53 133.03 131.81 131.59 131.06 130.22 130.75 130.72 130.25 129.28 129.56 128.94 128.22 127.44 127.09 127.09 127.31 128.06 128.31 128.47 128.16 127.75 127.81 126.47 126.56 126.81 127.12 127.22 127.94 128.03 127.78 127.28 126.59 126.47 126.59 126.81 127.25 127.59 127.66 127.53 127.16 126.81 126.78 126.75 126.62 126.75 126.91
147.09 147.16 146.62 145.75 145.16 144.97 144.69 144.06 144.09 144.03 143.75 143.56 144.81 145.56 146.12 146.22 145.78 145.06 144.28 143.28 141.69 139.78 138.81 138.12 137.38 136.94 135.62 133.56 133.72 132.84 131.66 133.12 132.12 131.09 130.97 130.72 130.34 129.84 128.94 128.41 128.28 129.00 129.59 129.91 130.19 130.25 130.19 129.84 129.41 130.06 129.59 129.47 128.44 129.22 129.19 128.84 128.25 127.38 127.03 127.12 127.31 127.81 128.16 128.28 128.19 127.97 127.53 127.62 127.41 127.62 127.47 127.28
147.31 147.97 148.03 147.22 146.69 146.88 146.31 145.19 144.84 144.75 144.53 144.50 145.66 146.88 147.62 147.72 147.25 146.44 145.56 144.53 143.34 142.16 140.16 138.94 138.28 138.16 137.12 136.16 136.19 136.25 135.50 135.44 134.44 133.16 132.62 132.19 131.69 131.25 130.59 130.03 129.47 130.16 130.78 131.41 131.81 132.03 132.12 131.59 131.91 132.19 131.97 131.62 130.91 130.78 130.38 129.84 129.22 128.03 127.75 127.69 127.81 128.19 128.69 128.91 128.84 128.66 128.53 128.34 128.34 128.41 127.94 127.97
149.09 148.62 148.25 147.94 148.09 148.28 148.06 146.53 145.69 145.72 145.69 145.53 146.97 148.66 149.16 149.06 148.47 147.59 146.66 145.53 144.31 143.38 141.62 140.03 138.53 138.22 137.72 137.25 137.72 137.78 137.44 137.22 136.34 136.38 135.94 135.25 134.00 133.75 132.12 131.16 130.66 131.12 131.84 132.91 133.34 133.62 133.97 133.62 133.75 134.00 133.75 133.50 132.84 132.28 131.59 130.84 130.03 129.00 128.53 128.22 128.31 128.94 129.25 129.44 129.44 129.22 129.25 129.22 128.97 128.97 128.69 128.66
150.75 149.91 149.91 149.94 149.41 149.19 149.22 148.97 148.34 147.84 148.06 148.66 150.03 150.41 150.59 150.22 149.44 148.47 147.69 146.62 145.44 144.47 143.28 140.97 139.31 138.84 138.34 138.34 139.03 139.34 138.97 138.59 138.16 138.53 137.84 137.09 136.22 135.50 134.00 132.62 132.06 132.16 132.94 134.38 134.72 135.09 135.38 135.41 135.34 135.38 135.06 134.66 134.28 133.78 132.97 132.06 131.22 130.25 129.50 129.06 128.94 129.47 129.84 130.00 130.00 129.69 129.81 129.78 129.56 129.44 129.31 129.12
152.34 152.22 151.91 151.88 151.34 150.88 150.69 150.53 150.09 149.81 150.03 150.78 151.75 152.00 151.81 151.12 150.22 149.47 148.59 147.66 147.00 145.78 144.84 142.88 142.38 141.62 139.84 139.84 141.38 141.31 141.00 140.62 140.62 140.25 139.66 138.78 137.81 136.97 135.69 134.62 133.84 134.09 134.69 135.53 136.09 136.44 136.72 136.72 136.44 136.69 136.56 136.41 136.16 135.62 134.88 133.91 132.62 131.25 130.47 130.09 129.66 129.88 130.59 130.56 130.53 130.38 130.28 130.19 130.16 130.00 129.78 129.56
155.25 154.56 153.53 153.38 153.31 153.16 152.81 152.09 151.28 151.16 151.53 152.03 153.12 153.34 152.78 151.50 150.88 150.16 149.53 148.03 147.66 147.19 145.81 144.50 143.97 143.78 142.94 142.75 143.31 143.22 142.69 142.66 142.34 141.88 141.19 140.25 138.72 137.72 136.66 136.22 136.09 136.41 136.59 136.78 137.28 137.78 138.03 137.78 137.59 138.09 138.38 138.22 137.91 137.34 136.53 135.44 134.22 132.31 131.31 130.88 130.56 130.59 131.09 131.09 131.06 130.94 130.62 130.59 130.59 130.41 130.22 129.94
158.50 157.72 156.62 156.00 155.28 154.78 154.38 153.47 152.53 152.75 153.12 153.50 154.59 154.56 153.78 152.00 151.62 151.31 150.59 149.84 149.19 147.34 146.44 145.38 145.44 145.00 144.44 144.41 144.50 143.88 143.78 144.03 143.69 143.25 142.47 141.41 139.72 138.75 138.03 137.69 137.62 138.00 138.09 138.12 138.59 139.06 139.25 139.16 138.84 139.91 139.69 139.59 139.28 138.72 137.91 136.72 135.47 133.28 132.25 132.25 131.50 131.12 131.31 131.56 131.56 131.44 131.22 131.00 130.91 130.78 130.56 130.28
160.41 159.28 158.59 158.06 157.06 156.19 155.31 154.59 154.28 154.47 154.88 155.50 155.97 155.84 155.12 152.50 151.97 152.38 151.91 151.06 150.16 147.91 147.56 146.41 146.94 147.09 146.25 145.50 145.19 144.66 144.66 145.25 145.00 144.50 143.84 142.44 141.16 140.88 139.41 138.94 138.78 138.81 138.88 139.22 139.56 140.34 140.31 140.25 140.62 140.94 140.69 140.53 140.19 139.59 138.78 137.66 136.38 134.75 133.94 133.12 132.41 131.69 131.78 132.06 132.03 131.91 131.69 131.31 131.25 131.09 130.91 130.59
161.94 160.22 159.34 159.50 158.31 157.47 156.69 155.59 155.44 155.66 156.31 156.88 157.19 157.03 156.56 153.44 153.22 154.25 153.31 152.28 151.12 150.12 149.31 147.97 149.31 148.94 148.59 147.16 146.66 145.69 145.78 146.47 146.22 145.66 144.97 143.59 142.78 142.75 142.69 142.38 142.31 140.84 140.19 140.12 141.19 141.50 141.56 141.41 141.72 141.38 141.22 140.94 140.53 139.97 139.22 138.44 137.03 135.78 134.53 133.72 133.12 132.50 132.44 132.62 132.56 132.38 132.03 131.72 131.59 131.41 131.19 130.84
163.00 161.41 159.84 159.66 159.38 158.72 157.34 156.72 156.19 156.41 157.06 157.84 158.22 158.16 158.47 155.56 156.19 155.69 154.94 153.69 152.19 151.00 150.41 150.44 150.97 150.75 150.44 150.12 148.88 148.25 147.66 147.78 147.38 146.81 146.03 144.75 144.44 144.75 144.75 144.44 144.12 144.03 143.12 142.81 142.59 142.75 142.44 142.22 142.06 141.81 141.44 141.03 140.56 140.06 139.50 138.88 137.72 136.12 135.34 134.41 133.81 133.19 133.19 133.28 133.09 132.84 132.50 132.16 131.97 131.78 131.47 131.03
164.53 162.72 160.69 160.16 160.72 159.56 158.44 157.97 157.81 157.78 158.03 158.62 159.16 159.16 159.34 157.50 158.00 157.34 156.53 155.38 152.84 152.19 151.72 151.69 152.34 152.50 152.22 151.59 150.56 150.28 149.72 149.00 148.41 147.66 146.94 146.09 146.12 146.09 145.84 145.38 145.00 144.78 144.50 144.25 143.72 143.25 143.00 142.75 142.44 142.00 141.50 140.78 140.31 140.00 139.56 139.09 138.38 136.91 136.06 135.47 134.56 133.91 133.84 133.91 133.69 133.44 133.12 132.84 132.50 132.16 131.78 131.25
165.41 164.25 163.16 161.41 160.75 160.38 159.69 159.03 158.66 158.75 159.06 159.75 160.12 160.12 160.03 159.03 159.25 158.69 157.91 156.78 154.31 153.16 152.31 153.69 154.03 154.16 153.84 153.03 151.81 151.56 150.78 150.06 149.28 148.56 147.66 147.31 147.16 146.88 146.50 146.16 145.75 145.28 144.81 144.38 144.03 143.72 143.38 143.00 142.59 142.06 141.53 140.59 140.25 139.94 139.50 139.00 138.50 137.69 136.94 136.19 135.44 134.81 134.47 134.44 134.22 133.97 133.66 133.31 132.94 132.56 132.09 131.56
166.84 165.94 165.00 163.62 162.31 160.53 160.28 159.84 159.72 159.56 160.00 160.97 161.12 161.00 160.66 160.09 160.09 159.69 158.97 158.19 157.00 154.41 153.84 155.06 155.50 155.59 155.22 154.44 153.41 152.59 151.75 150.91 150.00 149.06 148.44 148.28 147.94 147.53 147.16 146.75 146.25 145.72 145.19 144.72 144.31 143.91 143.53 143.09 142.56 142.03 141.34 140.62 140.12 139.75 139.44 138.97 138.47 137.91 137.38 136.94 136.25 135.75 135.28 134.94 134.62 134.34 134.00 133.62 133.22 132.81 132.31 131.72
168.97 167.78 166.72 165.41 164.97 164.12 163.03 162.22 161.09 161.75 162.28 162.22 162.06 161.78 161.16 160.59 160.81 160.47 159.88 159.25 157.41 155.62 155.53 156.62 156.72 156.69 156.22 155.38 154.41 153.44 152.50 151.56 150.66 149.66 149.22 149.00 148.50 148.09 147.62 147.12 146.59 146.03 145.44 144.88 144.44 144.00 143.59 143.16 142.53 141.88 141.28 140.56 140.12 139.84 139.34 138.91 138.47 138.00 137.56 137.22 136.88 136.28 135.78 135.34 134.94 134.53 134.12 133.72 133.28 132.84 132.34 131.69
170.72 169.88 168.84 167.97 167.09 165.91 165.19 164.56 163.81 163.84 163.78 163.12 162.88 162.47 161.59 161.34 161.50 161.12 160.66 159.72 158.09 157.47 157.09 157.94 157.56 157.31 156.72 155.84 154.88 153.91 152.94 152.00 151.19 150.47 149.91 149.41 148.94 148.47 147.94 147.41 146.88 146.25 145.56 145.03 144.62 144.09 143.44 142.88 142.28 141.59 140.94 140.47 140.03 139.69 139.25 138.72 138.31 137.94 137.59 137.28 136.97 136.59 136.19 135.69 135.12 134.59 134.00 133.66 133.19 132.66 132.12 131.47
170.50 170.44 169.81 169.06 168.41 167.44 166.75 166.00 165.44 164.75 164.25 163.81 163.47 163.34 162.84 162.47 162.22 161.81 161.12 160.25 159.44 158.72 158.66 158.41 158.12 157.59 156.81 155.91 154.94 154.00 153.06 152.19 151.44 150.75 150.16 149.62 149.12 148.66 148.19 147.62 147.00 146.41 145.78 145.22 144.72 144.03 143.25 142.44 141.97 141.28 140.78 140.38 139.88 139.41 139.06 138.44 138.00 137.75 137.47 137.25 137.03 136.75 136.38 135.84 135.25 134.53 133.97 133.41 132.84 132.34 131.78 131.12
