everonasctiles/Tile3,34.asc
ncols 128
nrows 128
xllcorner 0
yllcorner 0
cellsize 2.0
NODATA_value  -9999
[rows 64 to 95 of 128, columns 0 to 70 of 128]
-57.94 -57.69 -57.44 -57.22 -57.00 -57.00 -57.09 -57.19 -57.31 -57.41 -57.50 -57.56 -57.59 -57.56 -57.53 -57.44 -57.34 -57.22 -57.06 -56.91 -56.72 -56.53 -56.28 -56.34 -56.91 -57.69 -58.19 -58.56 -58.91 -59.22 -59.47 -59.62 -59.69 -59.66 -59.56 -59.44 -59.31 -59.16 -59.00 -58.88 -58.75 -58.66 -58.56 -58.50 -58.47 -58.44 -58.44 -58.44 -58.44 -58.44 -58.44 -58.41 -58.34 -58.28 -58.16 -58.06 -57.94 -57.81 -57.78 -58.12 -58.88 -59.62 -60.06 -60.47 -60.84 -61.16 -61.41 -61.59 -61.69 -61.75 -61.75
-58.00 -57.75 -57.47 -57.22 -56.97 -56.91 -57.00 -57.09 -57.19 -57.31 -57.38 -57.47 -57.50 -57.50 -57.44 -57.38 -57.28 -57.19 -57.06 -56.88 -56.72 -56.53 -56.28 -56.09 -56.50 -57.31 -58.06 -58.50 -58.84 -59.19 -59.44 -59.59 -59.69 -59.69 -59.62 -59.53 -59.41 -59.28 -59.16 -59.03 -58.91 -58.78 -58.66 -58.56 -58.50 -58.47 -58.47 -58.44 -58.44 -58.44 -58.41 -58.38 -58.31 -58.25 -58.19 -58.06 -57.97 -57.88 -57.84 -58.16 -58.88 -59.53 -60.00 -60.41 -60.78 -61.09 -61.31 -61.50 -61.59 -61.62 -61.66
-58.06 -57.78 -57.50 -57.22 -56.94 -56.81 -56.88 -56.97 -57.09 -57.19 -57.25 -57.31 -57.38 -57.41 -57.38 -57.31 -57.25 -57.16 -57.03 -56.84 -56.69 -56.50 -56.28 -55.97 -56.19 -56.97 -57.91 -58.44 -58.78 -59.09 -59.38 -59.56 -59.69 -59.72 -59.66 -59.59 -59.50 -59.41 -59.31 -59.19 -59.03 -58.91 -58.78 -58.66 -58.56 -58.53 -58.50 -58.47 -58.44 -58.41 -58.38 -58.34 -58.28 -58.25 -58.16 -58.06 -57.97 -57.91 -57.94 -58.22 -58.88 -59.47 -59.94 -60.34 -60.72 -61.00 -61.25 -61.41 -61.50 -61.53 -61.56
-58.09 -57.81 -57.53 -57.22 -56.91 -56.72 -56.78 -56.88 -56.97 -57.03 -57.09 -57.19 -57.25 -57.28 -57.28 -57.22 -57.16 -57.09 -56.97 -56.81 -56.66 -56.47 -56.28 -55.94 -56.03 -56.78 -57.78 -58.34 -58.69 -59.03 -59.31 -59.53 -59.66 -59.72 -59.72 -59.66 -59.59 -59.50 -59.41 -59.28 -59.16 -59.00 -58.88 -58.72 -58.62 -58.56 -58.53 -58.50 -58.44 -58.41 -58.34 -58.31 -58.25 -58.19 -58.12 -58.06 -57.97 -57.91 -58.00 -58.28 -58.88 -59.44 -59.88 -60.31 -60.66 -60.97 -61.19 -61.31 -61.41 -61.47 -61.50
-58.12 -57.84 -57.53 -57.22 -56.91 -56.69 -56.69 -56.75 -56.81 -56.88 -56.94 -57.03 -57.09 -57.16 -57.16 -57.12 -57.09 -57.03 -56.91 -56.78 -56.62 -56.44 -56.25 -55.97 -55.94 -56.62 -57.62 -58.25 -58.62 -58.97 -59.25 -59.47 -59.62 -59.72 -59.72 -59.69 -59.66 -59.59 -59.50 -59.38 -59.25 -59.09 -58.94 -58.78 -58.69 -58.59 -58.53 -58.50 -58.47 -58.41 -58.34 -58.28 -58.22 -58.16 -58.09 -58.03 -57.94 -57.91 -58.00 -58.34 -58.91 -59.41 -59.88 -60.28 -60.62 -60.91 -61.12 -61.25 -61.34 -61.41 -61.44
-58.16 -57.88 -57.59 -57.28 -57.00 -56.75 -56.62 -56.62 -56.69 -56.72 -56.78 -56.84 -56.94 -57.00 -57.03 -57.00 -56.97 -56.94 -56.84 -56.72 -56.56 -56.38 -56.22 -55.97 -55.88 -56.47 -57.47 -58.16 -58.50 -58.88 -59.19 -59.41 -59.59 -59.69 -59.72 -59.72 -59.69 -59.62 -59.56 -59.44 -59.31 -59.16 -59.00 -58.84 -58.72 -58.62 -58.56 -58.50 -58.47 -58.41 -58.34 -58.25 -58.19 -58.12 -58.06 -57.97 -57.91 -57.88 -58.00 -58.38 -58.91 -59.41 -59.84 -60.25 -60.59 -60.88 -61.06 -61.19 -61.25 -61.31 -61.38
-58.19 -57.91 -57.62 -57.34 -57.06 -56.81 -56.62 -56.53 -56.53 -56.56 -56.62 -56.69 -56.78 -56.84 -56.88 -56.88 -56.88 -56.81 -56.75 -56.66 -56.50 -56.34 -56.19 -55.97 -55.84 -56.38 -57.28 -58.03 -58.41 -58.75 -59.09 -59.34 -59.53 -59.66 -59.72 -59.72 -59.69 -59.66 -59.56 -59.47 -59.34 -59.19 -59.03 -58.88 -58.75 -58.66 -58.56 -58.50 -58.44 -58.41 -58.31 -58.25 -58.19 -58.09 -58.00 -57.91 -57.84 -57.81 -57.91 -58.34 -58.94 -59.41 -59.81 -60.22 -60.56 -60.81 -61.00 -61.12 -61.19 -61.25 -61.31
-58.16 -57.91 -57.66 -57.38 -57.09 -56.84 -56.62 -56.47 -56.41 -56.44 -56.47 -56.53 -56.59 -56.66 -56.72 -56.72 -56.72 -56.69 -56.66 -56.56 -56.44 -56.28 -56.16 -55.97 -55.84 -56.31 -57.12 -57.91 -58.28 -58.66 -59.00 -59.28 -59.47 -59.62 -59.69 -59.72 -59.69 -59.66 -59.59 -59.47 -59.34 -59.22 -59.03 -58.88 -58.75 -58.62 -58.53 -58.47 -58.44 -58.38 -58.31 -58.25 -58.16 -58.06 -57.97 -57.88 -57.78 -57.69 -57.78 -58.28 -58.94 -59.41 -59.81 -60.19 -60.53 -60.78 -60.94 -61.03 -61.09 -61.16 -61.22
-58.12 -57.88 -57.62 -57.38 -57.09 -56.84 -56.62 -56.44 -56.34 -56.31 -56.34 -56.38 -56.44 -56.47 -56.53 -56.56 -56.59 -56.56 -56.53 -56.44 -56.34 -56.25 -56.12 -56.00 -55.91 -56.31 -57.03 -57.75 -58.16 -58.56 -58.91 -59.19 -59.41 -59.56 -59.66 -59.69 -59.69 -59.66 -59.59 -59.47 -59.34 -59.19 -59.03 -58.84 -58.69 -58.56 -58.47 -58.44 -58.41 -58.38 -58.31 -58.25 -58.16 -58.06 -57.94 -57.81 -57.72 -57.59 -57.66 -58.22 -58.91 -59.38 -59.78 -60.16 -60.50 -60.72 -60.88 -60.94 -61.00 -61.06 -61.09
-58.06 -57.84 -57.59 -57.34 -57.06 -56.84 -56.62 -56.47 -56.34 -56.25 -56.25 -56.22 -56.25 -56.31 -56.34 -56.41 -56.44 -56.44 -56.38 -56.34 -56.25 -56.19 -56.12 -56.00 -56.03 -56.38 -57.00 -57.62 -58.06 -58.44 -58.81 -59.12 -59.34 -59.50 -59.59 -59.66 -59.66 -59.66 -59.59 -59.47 -59.31 -59.16 -58.97 -58.78 -58.59 -58.44 -58.38 -58.34 -58.34 -58.34 -58.31 -58.25 -58.19 -58.06 -57.94 -57.78 -57.66 -57.50 -57.56 -58.16 -58.88 -59.34 -59.72 -60.12 -60.44 -60.66 -60.78 -60.84 -60.88 -60.94 -60.97
-57.97 -57.78 -57.53 -57.28 -57.03 -56.81 -56.62 -56.50 -56.41 -56.31 -56.19 -56.12 -56.09 -56.09 -56.16 -56.22 -56.25 -56.28 -56.25 -56.22 -56.19 -56.12 -56.09 -56.06 -56.19 -56.47 -56.97 -57.50 -57.97 -58.34 -58.72 -59.03 -59.28 -59.44 -59.56 -59.62 -59.66 -59.66 -59.56 -59.47 -59.31 -59.12 -58.91 -58.69 -58.47 -58.28 -58.25 -58.25 -58.28 -58.31 -58.31 -58.28 -58.16 -58.03 -57.88 -57.72 -57.56 -57.38 -57.44 -58.09 -58.81 -59.25 -59.66 -60.03 -60.34 -60.56 -60.66 -60.72 -60.72 -60.78 -60.81
-57.91 -57.72 -57.50 -57.25 -57.03 -56.81 -56.66 -56.56 -56.50 -56.38 -56.25 -56.06 -55.94 -55.91 -55.97 -56.03 -56.09 -56.12 -56.12 -56.09 -56.09 -56.09 -56.09 -56.16 -56.31 -56.56 -56.97 -57.44 -57.88 -58.28 -58.66 -58.97 -59.22 -59.38 -59.50 -59.59 -59.62 -59.62 -59.56 -59.44 -59.28 -59.09 -58.88 -58.59 -58.28 -58.06 -58.06 -58.16 -58.19 -58.25 -58.28 -58.25 -58.12 -57.97 -57.81 -57.62 -57.44 -57.22 -57.28 -58.00 -58.75 -59.16 -59.53 -59.91 -60.22 -60.41 -60.50 -60.53 -60.56 -60.59 -60.66
-57.84 -57.66 -57.47 -57.25 -57.06 -56.88 -56.75 -56.66 -56.59 -56.47 -56.28 -56.09 -55.88 -55.72 -55.78 -55.84 -55.91 -55.94 -55.97 -56.00 -56.00 -56.03 -56.12 -56.25 -56.44 -56.69 -57.00 -57.41 -57.81 -58.22 -58.56 -58.88 -59.16 -59.34 -59.47 -59.56 -59.62 -59.62 -59.59 -59.47 -59.31 -59.09 -58.88 -58.59 -58.22 -57.91 -57.94 -58.03 -58.09 -58.16 -58.19 -58.16 -58.03 -57.88 -57.66 -57.47 -57.28 -57.03 -57.06 -57.81 -58.62 -59.03 -59.41 -59.75 -60.03 -60.22 -60.34 -60.38 -60.38 -60.41 -60.47
-57.81 -57.62 -57.44 -57.25 -57.09 -56.94 -56.84 -56.75 -56.69 -56.53 -56.31 -56.12 -55.88 -55.59 -55.56 -55.66 -55.72 -55.78 -55.81 -55.88 -55.94 -56.03 -56.16 -56.31 -56.50 -56.75 -57.06 -57.41 -57.78 -58.16 -58.50 -58.81 -59.09 -59.28 -59.44 -59.53 -59.59 -59.62 -59.59 -59.50 -59.34 -59.16 -58.94 -58.66 -58.31 -58.00 -57.91 -57.91 -57.97 -58.03 -58.03 -57.97 -57.84 -57.69 -57.50 -57.28 -57.09 -56.75 -56.78 -57.56 -58.41 -58.88 -59.22 -59.56 -59.84 -60.03 -60.16 -60.19 -60.22 -60.25 -60.31
-57.78 -57.59 -57.44 -57.28 -57.12 -57.03 -56.94 -56.88 -56.78 -56.59 -56.38 -56.16 -55.91 -55.59 -55.38 -55.47 -55.56 -55.62 -55.69 -55.78 -55.88 -56.00 -56.19 -56.38 -56.56 -56.81 -57.09 -57.41 -57.75 -58.12 -58.44 -58.75 -59.00 -59.22 -59.38 -59.50 -59.56 -59.62 -59.62 -59.53 -59.38 -59.19 -58.97 -58.72 -58.44 -58.16 -57.94 -57.84 -57.84 -57.84 -57.81 -57.75 -57.62 -57.47 -57.28 -57.06 -56.84 -56.44 -56.47 -57.22 -58.16 -58.66 -59.00 -59.31 -59.59 -59.81 -59.94 -60.00 -60.03 -60.06 -60.12
-57.75 -57.59 -57.44 -57.31 -57.19 -57.09 -57.06 -56.97 -56.88 -56.69 -56.44 -56.19 -55.94 -55.62 -55.28 -55.25 -55.38 -55.47 -55.56 -55.69 -55.81 -56.00 -56.19 -56.38 -56.59 -56.84 -57.09 -57.41 -57.72 -58.06 -58.38 -58.66 -58.94 -59.12 -59.31 -59.44 -59.50 -59.59 -59.59 -59.56 -59.44 -59.25 -59.03 -58.78 -58.50 -58.22 -57.97 -57.81 -57.69 -57.62 -57.56 -57.47 -57.31 -57.16 -57.00 -56.81 -56.59 -56.19 -56.16 -56.91 -57.81 -58.38 -58.78 -59.09 -59.38 -59.59 -59.75 -59.81 -59.84 -59.88 -59.94
-57.75 -57.59 -57.47 -57.34 -57.25 -57.19 -57.16 -57.09 -56.97 -56.75 -56.53 -56.25 -55.97 -55.69 -55.28 -55.06 -55.22 -55.34 -55.47 -55.59 -55.78 -55.94 -56.12 -56.31 -56.53 -56.78 -57.03 -57.34 -57.62 -57.94 -58.25 -58.56 -58.81 -59.03 -59.22 -59.34 -59.44 -59.50 -59.56 -59.53 -59.44 -59.28 -59.06 -58.81 -58.53 -58.22 -57.94 -57.72 -57.53 -57.38 -57.25 -57.12 -56.97 -56.81 -56.69 -56.53 -56.34 -55.94 -56.00 -56.72 -57.53 -58.09 -58.53 -58.88 -59.19 -59.41 -59.53 -59.59 -59.66 -59.69 -59.75
-57.75 -57.62 -57.50 -57.38 -57.31 -57.28 -57.25 -57.19 -57.03 -56.84 -56.59 -56.31 -56.03 -55.72 -55.34 -55.00 -55.03 -55.22 -55.38 -55.53 -55.69 -55.88 -56.06 -56.25 -56.44 -56.66 -56.91 -57.19 -57.50 -57.81 -58.12 -58.41 -58.69 -58.91 -59.09 -59.22 -59.31 -59.41 -59.44 -59.47 -59.41 -59.28 -59.06 -58.81 -58.53 -58.22 -57.91 -57.59 -57.31 -57.12 -56.94 -56.75 -56.59 -56.44 -56.31 -56.19 -56.03 -55.72 -56.06 -56.78 -57.41 -57.91 -58.34 -58.69 -58.97 -59.16 -59.28 -59.38 -59.41 -59.47 -59.53
-57.75 -57.62 -57.53 -57.44 -57.38 -57.34 -57.34 -57.25 -57.09 -56.91 -56.66 -56.38 -56.06 -55.78 -55.44 -55.03 -54.88 -55.12 -55.28 -55.44 -55.62 -55.78 -55.97 -56.12 -56.31 -56.50 -56.75 -57.03 -57.31 -57.62 -57.94 -58.25 -58.50 -58.75 -58.91 -59.06 -59.16 -59.25 -59.28 -59.31 -59.28 -59.19 -59.03 -58.78 -58.47 -58.16 -57.78 -57.44 -57.12 -56.84 -56.62 -56.41 -56.22 -56.06 -55.94 -55.84 -55.66 -55.69 -56.22 -56.78 -57.31 -57.75 -58.12 -58.44 -58.69 -58.88 -59.00 -59.09 -59.16 -59.25 -59.28
-57.75 -57.66 -57.56 -57.47 -57.44 -57.41 -57.41 -57.31 -57.16 -56.94 -56.69 -56.41 -56.12 -55.81 -55.50 -55.16 -54.88 -55.00 -55.19 -55.34 -55.53 -55.69 -55.84 -55.97 -56.16 -56.34 -56.56 -56.84 -57.12 -57.44 -57.72 -58.03 -58.28 -58.50 -58.69 -58.84 -58.94 -59.03 -59.09 -59.12 -59.12 -59.03 -58.88 -58.62 -58.31 -57.97 -57.59 -57.25 -56.88 -56.50 -56.19 -55.84 -55.59 -55.47 -55.47 -55.41 -55.38 -55.75 -56.22 -56.69 -57.16 -57.56 -57.88 -58.16 -58.34 -58.53 -58.69 -58.81 -58.91 -58.97 -59.03
-57.75 -57.66 -57.56 -57.50 -57.47 -57.47 -57.44 -57.34 -57.19 -57.00 -56.75 -56.47 -56.16 -55.84 -55.53 -55.22 -54.94 -54.94 -55.12 -55.25 -55.41 -55.56 -55.72 -55.84 -55.97 -56.16 -56.34 -56.59 -56.88 -57.19 -57.50 -57.78 -58.03 -58.22 -58.41 -58.56 -58.66 -58.75 -58.81 -58.88 -58.91 -58.81 -58.66 -58.41 -58.09 -57.72 -57.38 -57.00 -56.41 -55.78 -55.31 -54.97 -54.75 -54.72 -54.81 -55.00 -55.31 -55.66 -56.09 -56.50 -56.91 -57.25 -57.53 -57.75 -57.97 -58.19 -58.38 -58.50 -58.62 -58.72 -58.75
-57.75 -57.69 -57.59 -57.53 -57.50 -57.47 -57.47 -57.38 -57.22 -57.00 -56.75 -56.47 -56.16 -55.84 -55.56 -55.25 -55.00 -54.88 -55.03 -55.16 -55.31 -55.44 -55.56 -55.66 -55.78 -55.94 -56.12 -56.38 -56.66 -56.94 -57.25 -57.53 -57.75 -57.91 -58.06 -58.22 -58.31 -58.41 -58.50 -58.56 -58.62 -58.56 -58.38 -58.12 -57.78 -57.44 -57.06 -56.53 -55.66 -54.94 -54.41 -54.09 -53.97 -54.09 -54.38 -54.78 -55.09 -55.47 -55.84 -56.22 -56.56 -56.84 -57.12 -57.34 -57.59 -57.81 -58.03 -58.19 -58.31 -58.41 -58.47
-57.75 -57.69 -57.59 -57.53 -57.50 -57.47 -57.44 -57.38 -57.22 -57.00 -56.75 -56.47 -56.16 -55.84 -55.56 -55.28 -55.06 -54.91 -54.97 -55.06 -55.19 -55.31 -55.41 -55.50 -55.59 -55.72 -55.91 -56.16 -56.44 -56.72 -57.00 -57.22 -57.38 -57.53 -57.69 -57.81 -57.91 -58.00 -58.12 -58.22 -58.28 -58.22 -58.06 -57.78 -57.44 -57.06 -56.66 -55.94 -55.00 -54.19 -53.66 -53.41 -53.44 -53.69 -54.09 -54.53 -54.84 -55.19 -55.50 -55.84 -56.16 -56.44 -56.69 -56.94 -57.22 -57.44 -57.69 -57.84 -58.00 -58.09 -58.16
-57.75 -57.69 -57.59 -57.53 -57.47 -57.44 -57.41 -57.34 -57.19 -56.97 -56.72 -56.44 -56.16 -55.84 -55.56 -55.28 -55.09 -54.94 -54.91 -54.97 -55.06 -55.16 -55.25 -55.34 -55.44 -55.53 -55.72 -55.94 -56.22 -56.50 -56.72 -56.88 -56.97 -57.09 -57.25 -57.38 -57.44 -57.53 -57.69 -57.84 -57.91 -57.88 -57.69 -57.44 -57.09 -56.69 -56.22 -55.56 -54.59 -53.78 -53.25 -53.06 -53.25 -53.56 -53.91 -54.25 -54.56 -54.84 -55.16 -55.47 -55.75 -56.00 -56.25 -56.53 -56.84 -57.09 -57.31 -57.53 -57.66 -57.78 -57.84
-57.69 -57.66 -57.56 -57.50 -57.44 -57.41 -57.38 -57.28 -57.12 -56.94 -56.69 -56.41 -56.12 -55.81 -55.56 -55.31 -55.09 -54.94 -54.84 -54.91 -54.97 -55.03 -55.12 -55.19 -55.25 -55.38 -55.53 -55.72 -55.97 -56.19 -56.38 -56.47 -56.56 -56.69 -56.78 -56.88 -56.91 -57.03 -57.25 -57.44 -57.50 -57.44 -57.28 -57.03 -56.75 -56.31 -55.88 -55.34 -54.53 -53.75 -53.28 -53.22 -53.44 -53.66 -53.88 -54.09 -54.31 -54.56 -54.81 -55.09 -55.31 -55.56 -55.88 -56.19 -56.47 -56.75 -56.97 -57.16 -57.31 -57.44 -57.53
-57.66 -57.59 -57.53 -57.47 -57.41 -57.38 -57.31 -57.22 -57.06 -56.88 -56.62 -56.34 -56.06 -55.78 -55.53 -55.28 -55.09 -54.94 -54.84 -54.81 -54.88 -54.91 -54.97 -55.03 -55.12 -55.19 -55.34 -55.50 -55.69 -55.88 -56.00 -56.09 -56.16 -56.25 -56.34 -56.38 -56.34 -56.53 -56.81 -57.00 -57.09 -57.00 -56.81 -56.59 -56.31 -55.97 -55.53 -55.09 -54.53 -53.88 -53.50 -53.53 -53.66 -53.75 -53.88 -54.03 -54.19 -54.38 -54.56 -54.75 -54.97 -55.25 -55.59 -55.88 -56.16 -56.41 -56.62 -56.81 -56.97 -57.12 -57.25
-57.59 -57.53 -57.50 -57.44 -57.38 -57.31 -57.25 -57.16 -57.00 -56.78 -56.56 -56.28 -56.03 -55.75 -55.50 -55.28 -55.09 -54.94 -54.84 -54.78 -54.78 -54.81 -54.88 -54.91 -54.97 -55.03 -55.16 -55.28 -55.44 -55.56 -55.69 -55.75 -55.81 -55.88 -55.94 -55.91 -55.91 -56.16 -56.44 -56.59 -56.62 -56.53 -56.34 -56.12 -55.84 -55.53 -55.19 -54.81 -54.41 -53.97 -53.72 -53.72 -53.75 -53.84 -53.94 -54.06 -54.16 -54.31 -54.44 -54.62 -54.84 -55.09 -55.38 -55.62 -55.88 -56.09 -56.31 -56.47 -56.66 -56.81 -56.97
-57.50 -57.47 -57.44 -57.41 -57.34 -57.28 -57.19 -57.06 -56.91 -56.72 -56.50 -56.25 -56.00 -55.75 -55.50 -55.28 -55.12 -55.06 -54.97 -54.88 -54.78 -54.75 -54.78 -54.81 -54.84 -54.91 -54.97 -55.09 -55.19 -55.31 -55.38 -55.44 -55.50 -55.56 -55.59 -55.59 -55.69 -55.91 -56.09 -56.22 -56.19 -56.06 -55.84 -55.59 -55.38 -55.12 -54.84 -54.56 -54.28 -54.00 -53.88 -53.84 -53.88 -53.94 -54.03 -54.12 -54.22 -54.31 -54.44 -54.59 -54.78 -54.97 -55.19 -55.41 -55.62 -55.81 -56.00 -56.19 -56.38 -56.53 -56.69
-57.44 -57.41 -57.38 -57.34 -57.28 -57.19 -57.09 -56.97 -56.81 -56.66 -56.44 -56.22 -56.00 -55.75 -55.53 -55.44 -55.38 -55.28 -55.16 -55.06 -54.94 -54.84 -54.81 -54.81 -54.81 -54.78 -54.81 -54.88 -54.97 -55.06 -55.12 -55.19 -55.25 -55.31 -55.34 -55.41 -55.53 -55.66 -55.78 -55.84 -55.78 -55.62 -55.28 -54.94 -54.78 -54.72 -54.56 -54.38 -54.19 -54.06 -53.97 -53.97 -54.00 -54.06 -54.12 -54.22 -54.28 -54.34 -54.44 -54.56 -54.72 -54.88 -55.06 -55.25 -55.41 -55.59 -55.75 -55.94 -56.12 -56.28 -56.44
-57.31 -57.31 -57.28 -57.25 -57.19 -57.09 -57.00 -56.88 -56.72 -56.56 -56.41 -56.22 -56.00 -55.81 -55.78 -55.75 -55.66 -55.56 -55.41 -55.28 -55.12 -55.03 -54.97 -54.97 -54.97 -54.97 -54.97 -55.00 -54.97 -54.97 -55.00 -55.06 -55.09 -55.16 -55.19 -55.25 -55.38 -55.47 -55.53 -55.50 -55.41 -55.22 -54.78 -54.41 -54.28 -54.38 -54.34 -54.28 -54.19 -54.12 -54.09 -54.09 -54.12 -54.16 -54.22 -54.28 -54.31 -54.38 -54.44 -54.56 -54.69 -54.81 -54.97 -55.09 -55.25 -55.41 -55.56 -55.72 -55.91 -56.06 -56.22
-57.22 -57.19 -57.16 -57.12 -57.06 -56.97 -56.88 -56.75 -56.62 -56.50 -56.34 -56.19 -56.06 -56.06 -56.09 -56.06 -56.00 -55.88 -55.72 -55.56 -55.38 -55.28 -55.22 -55.19 -55.19 -55.16 -55.16 -55.16 -55.16 -55.16 -55.12 -55.12 -55.12 -55.09 -55.12 -55.16 -55.25 -55.28 -55.31 -55.25 -55.12 -54.94 -54.56 -54.19 -54.12 -54.22 -54.28 -54.28 -54.25 -54.25 -54.22 -54.22 -54.25 -54.28 -54.31 -54.34 -54.38 -54.41 -54.44 -54.53 -54.62 -54.75 -54.88 -55.00 -55.12 -55.25 -55.41 -55.56 -55.72 -55.88 -55.97
-57.09 -57.06 -57.03 -56.97 -56.91 -56.84 -56.75 -56.66 -56.53 -56.41 -56.28 -56.19 -56.25 -56.38 -56.44 -56.44 -56.38 -56.25 -56.06 -55.88 -55.69 -55.56 -55.50 -55.47 -55.41 -55.38 -55.38 -55.34 -55.31 -55.28 -55.25 -55.22 -55.19 -55.16 -55.12 -55.12 -55.16 -55.16 -55.16 -55.06 -54.94 -54.75 -54.47 -54.22 -54.19 -54.25 -54.28 -54.34 -54.34 -54.34 -54.34 -54.34 -54.38 -54.38 -54.41 -54.41 -54.41 -54.41 -54.44 -54.50 -54.56 -54.66 -54.78 -54.91 -55.03 -55.16 -55.28 -55.41 -55.53 -55.66 -55.75
