everonasctiles/Tile[10,18].asc
ncols 128
nrows 128
xllcorner 0
yllcorner 0
cellsize 2.0
NODATA_value  -9999
[rows 34 to 67 of 128, columns 0 to 76 of 128]
46.72 47.03 47.50 47.94 48.31 48.78 49.28 49.84 50.34 50.75 51.25 52.03 52.53 53.47 54.19 54.69 55.31 56.03 56.69 57.31 57.91 58.41 58.88 59.28 59.72 60.12 60.59 61.12 61.66 62.19 62.75 63.31 63.84 64.38 64.91 65.41 65.91 66.34 66.75 67.12 67.47 67.84 68.19 68.41 68.72 69.09 69.50 69.88 70.31 70.91 70.94 70.94 71.38 71.81 72.22 72.59 73.00 73.50 73.97 74.47 74.97 75.50 76.03 76.59 77.12 77.66 78.19 78.72 79.19 79.66 80.16 80.59 81.06 81.53 81.91 82.31 82.75
46.31 46.75 47.16 47.50 48.00 48.53 49.06 49.62 50.06 50.62 51.19 51.81 52.41 52.94 53.38 53.97 55.00 55.78 56.53 57.22 57.84 58.34 58.81 59.16 59.66 60.12 60.59 61.16 61.69 62.22 62.78 63.34 63.91 64.44 64.97 65.47 65.94 66.38 66.81 67.19 67.53 67.88 68.22 68.59 68.88 69.12 69.50 69.84 70.16 70.91 71.03 71.03 71.28 71.81 72.16 72.59 73.06 73.53 74.00 74.50 75.03 75.56 76.06 76.59 77.12 77.66 78.19 78.66 79.16 79.69 80.16 80.59 81.06 81.47 81.91 82.28 82.69
46.03 46.50 46.84 47.31 47.81 48.31 48.88 49.34 49.94 50.50 50.91 51.16 51.50 52.00 52.78 53.69 54.53 55.62 56.41 57.19 57.84 58.41 58.88 59.25 59.66 60.12 60.59 61.12 61.69 62.25 62.81 63.38 63.94 64.50 65.03 65.53 66.00 66.44 66.88 67.25 67.62 68.00 68.38 68.78 69.28 69.62 69.91 70.25 70.47 70.88 71.09 71.09 71.25 71.84 72.22 72.59 73.03 73.53 74.03 74.53 75.06 75.59 76.09 76.59 77.12 77.62 78.16 78.69 79.16 79.62 80.12 80.56 81.00 81.44 81.81 82.25 82.62
45.78 46.22 46.66 47.16 47.66 48.22 48.69 49.19 49.62 49.97 50.25 50.91 51.78 52.59 53.25 54.56 55.47 56.16 56.84 57.38 57.94 58.38 58.81 59.22 59.66 60.12 60.62 61.16 61.69 62.25 62.81 63.41 63.97 64.53 65.06 65.59 66.06 66.50 66.94 67.34 67.72 68.12 68.53 68.97 69.50 69.97 70.16 70.38 70.59 70.84 71.12 71.16 71.19 71.84 72.25 72.66 73.12 73.56 74.06 74.56 75.06 75.59 76.12 76.66 77.16 77.66 78.12 78.62 79.09 79.59 80.03 80.50 80.94 81.38 81.81 82.19 82.56
45.53 46.00 46.50 47.00 47.47 47.84 48.38 48.72 49.19 49.56 50.44 51.00 51.72 52.12 53.59 54.72 55.59 56.25 56.81 57.38 57.88 58.34 58.78 59.25 59.69 60.16 60.66 61.16 61.69 62.25 62.81 63.41 64.00 64.56 65.09 65.62 66.09 66.56 67.00 67.44 67.84 68.25 68.69 69.12 69.59 70.09 70.34 70.47 70.62 70.81 71.19 71.19 71.22 71.84 72.25 72.66 73.12 73.59 74.12 74.62 75.16 75.59 76.09 76.59 77.09 77.62 78.16 78.59 79.12 79.53 80.00 80.44 80.88 81.31 81.72 82.16 82.50
45.31 45.88 46.31 46.69 47.09 47.62 48.03 48.53 49.03 49.78 50.25 50.81 51.25 51.84 53.22 54.66 55.66 56.25 56.84 57.38 57.88 58.34 58.78 59.25 59.72 60.19 60.69 61.19 61.72 62.28 62.84 63.44 64.00 64.56 65.12 65.62 66.12 66.59 67.06 67.47 67.91 68.34 68.75 69.19 69.62 70.12 70.44 70.56 70.66 70.81 71.22 71.22 71.25 71.88 72.31 72.75 73.22 73.69 74.16 74.62 75.09 75.62 76.16 76.62 77.12 77.62 78.09 78.56 79.03 79.50 79.97 80.41 80.84 81.25 81.66 82.06 82.44
45.16 45.62 46.06 46.44 47.00 47.38 47.91 48.28 49.03 49.44 49.97 50.44 51.12 52.03 53.66 55.16 55.91 56.41 56.91 57.41 57.88 58.34 58.78 59.25 59.72 60.19 60.69 61.19 61.72 62.28 62.84 63.44 64.03 64.59 65.12 65.66 66.16 66.62 67.06 67.50 67.94 68.38 68.78 69.22 69.62 70.03 70.38 70.56 70.69 70.81 71.28 71.28 71.28 71.94 72.41 72.84 73.25 73.75 74.22 74.69 75.22 75.72 76.19 76.66 77.12 77.59 78.06 78.53 79.00 79.50 79.94 80.38 80.81 81.19 81.62 82.03 82.41
44.97 45.41 45.84 46.31 46.69 47.06 47.69 48.25 48.69 49.22 49.69 50.28 51.16 52.09 54.06 55.97 56.22 56.56 57.00 57.44 57.88 58.31 58.78 59.25 59.72 60.19 60.69 61.19 61.72 62.28 62.84 63.44 64.03 64.59 65.12 65.66 66.16 66.62 67.06 67.50 67.91 68.34 68.75 69.16 69.56 69.94 70.22 70.47 70.62 70.78 71.31 71.31 71.31 72.00 72.44 72.88 73.34 73.81 74.31 74.78 75.25 75.75 76.22 76.69 77.16 77.62 78.03 78.53 79.00 79.44 79.88 80.28 80.75 81.16 81.53 81.97 82.34
44.62 45.12 45.59 45.84 46.56 47.12 47.50 47.94 48.47 48.94 49.47 50.03 51.12 52.31 54.38 56.50 56.38 56.69 57.06 57.47 57.88 58.31 58.75 59.22 59.69 60.16 60.66 61.19 61.72 62.25 62.81 63.41 64.00 64.56 65.09 65.62 66.09 66.56 67.03 67.44 67.88 68.25 68.66 69.06 69.44 69.81 70.12 70.38 70.62 70.81 71.34 71.34 71.34 71.97 72.44 72.91 73.41 73.84 74.31 74.78 75.25 75.72 76.19 76.66 77.09 77.56 78.00 78.47 78.91 79.34 79.81 80.22 80.66 81.06 81.47 81.88 82.25
44.50 44.91 45.34 45.97 46.38 46.72 47.22 47.72 48.22 48.75 49.19 49.81 50.97 52.53 55.12 56.03 56.41 56.72 57.09 57.47 57.88 58.28 58.72 59.19 59.66 60.12 60.62 61.12 61.66 62.22 62.78 63.34 63.91 64.50 65.03 65.50 66.00 66.47 66.94 67.31 67.75 68.16 68.53 68.94 69.31 69.66 69.97 70.28 70.56 70.84 71.38 71.38 71.38 72.03 72.53 72.94 73.41 73.88 74.34 74.81 75.28 75.72 76.19 76.62 77.09 77.53 78.00 78.44 78.88 79.28 79.72 80.16 80.56 81.00 81.41 81.78 82.19
44.38 44.81 45.19 45.62 46.12 46.59 47.06 47.59 48.00 48.47 48.94 49.50 50.62 53.00 55.72 56.09 56.41 56.72 57.06 57.44 57.81 58.25 58.69 59.12 59.59 60.06 60.56 61.06 61.59 62.12 62.69 63.25 63.81 64.38 64.91 65.41 65.88 66.34 66.78 67.19 67.59 67.97 68.38 68.78 69.12 69.50 69.84 70.16 70.53 70.84 71.38 71.41 71.41 72.00 72.53 73.00 73.47 73.94 74.41 74.88 75.31 75.75 76.19 76.62 77.06 77.50 77.94 78.38 78.78 79.22 79.66 80.06 80.50 80.91 81.31 81.69 82.09
44.06 44.47 45.09 45.47 45.94 46.38 46.88 47.38 47.78 48.25 48.75 49.19 50.19 52.75 55.75 56.06 56.31 56.66 57.00 57.38 57.75 58.19 58.62 59.06 59.53 60.00 60.50 61.00 61.50 62.03 62.56 63.09 63.66 64.19 64.72 65.19 65.66 66.09 66.56 66.94 67.38 67.78 68.16 68.53 68.94 69.28 69.66 70.00 70.38 70.75 71.38 71.41 71.41 71.97 72.53 73.03 73.50 73.94 74.38 74.81 75.28 75.72 76.16 76.59 77.00 77.41 77.81 78.28 78.72 79.12 79.53 79.97 80.41 80.78 81.19 81.59 82.00
43.91 44.38 44.84 45.31 45.78 46.22 46.69 47.16 47.59 48.03 48.47 48.97 49.78 51.84 54.72 55.75 56.12 56.50 56.88 57.25 57.66 58.09 58.53 58.97 59.44 59.91 60.38 60.88 61.38 61.91 62.41 62.94 63.47 64.00 64.50 64.97 65.44 65.91 66.31 66.72 67.12 67.53 67.94 68.31 68.69 69.09 69.44 69.81 70.19 70.59 71.31 71.44 71.44 71.88 72.56 73.03 73.50 73.94 74.38 74.81 75.25 75.69 76.09 76.53 76.94 77.31 77.78 78.19 78.59 79.00 79.47 79.88 80.25 80.72 81.12 81.50 81.88
44.09 44.59 45.03 45.47 45.84 46.25 46.75 47.09 47.41 47.84 48.34 48.88 49.59 51.03 53.66 55.16 55.72 56.22 56.69 57.09 57.53 57.97 58.41 58.88 59.31 59.78 60.25 60.75 61.25 61.75 62.25 62.75 63.25 63.75 64.25 64.72 65.19 65.62 66.03 66.47 66.88 67.28 67.69 68.09 68.47 68.84 69.22 69.59 70.00 70.44 71.22 71.44 71.44 71.78 72.53 72.97 73.44 73.88 74.34 74.78 75.22 75.62 76.03 76.44 76.84 77.25 77.66 78.09 78.50 78.94 79.34 79.78 80.16 80.56 80.97 81.38 81.78
43.88 44.25 44.69 45.09 45.53 45.97 46.38 46.78 47.25 47.75 48.25 48.84 49.56 50.91 53.16 54.56 55.31 55.91 56.44 56.91 57.38 57.84 58.28 58.75 59.19 59.66 60.12 60.59 61.06 61.56 62.03 62.53 63.03 63.50 64.00 64.44 64.94 65.34 65.75 66.19 66.62 67.03 67.44 67.84 68.25 68.62 69.03 69.44 69.84 70.28 71.06 71.47 71.47 71.66 72.50 72.97 73.44 73.88 74.31 74.72 75.12 75.50 75.94 76.34 76.75 77.16 77.56 77.97 78.41 78.75 79.22 79.59 80.06 80.44 80.88 81.28 81.69
44.06 44.25 44.62 45.06 45.44 45.84 46.31 46.75 47.19 47.62 48.12 48.81 49.59 50.91 52.91 54.19 54.97 55.62 56.19 56.72 57.19 57.69 58.16 58.59 59.06 59.50 59.97 60.41 60.88 61.34 61.81 62.31 62.78 63.25 63.69 64.16 64.59 65.03 65.47 65.91 66.34 66.78 67.19 67.62 68.03 68.47 68.84 69.28 69.72 70.19 70.91 71.50 71.50 71.59 72.53 72.97 73.38 73.81 74.22 74.62 75.00 75.44 75.84 76.25 76.59 77.00 77.41 77.81 78.22 78.69 79.09 79.56 79.91 80.38 80.81 81.22 81.62
43.81 44.31 44.56 44.97 45.41 45.78 46.19 46.66 47.09 47.59 48.12 48.75 49.53 50.97 52.81 53.94 54.72 55.38 55.97 56.50 57.03 57.53 57.97 58.44 58.88 59.31 59.78 60.22 60.69 61.12 61.59 62.03 62.50 62.94 63.41 63.84 64.28 64.72 65.16 65.62 66.06 66.53 66.97 67.41 67.84 68.28 68.72 69.19 69.66 70.19 70.75 71.53 71.56 71.59 72.47 72.91 73.31 73.75 74.16 74.50 74.94 75.34 75.72 76.09 76.53 76.91 77.31 77.75 78.16 78.56 79.00 79.38 79.88 80.28 80.69 81.09 81.53
43.69 44.09 44.50 44.91 45.34 45.75 46.25 46.59 47.03 47.53 48.06 48.66 49.53 50.84 52.53 53.72 54.50 55.19 55.78 56.34 56.84 57.34 57.81 58.25 58.69 59.12 59.56 60.03 60.47 60.91 61.34 61.78 62.22 62.62 63.06 63.50 63.94 64.41 64.88 65.31 65.81 66.28 66.75 67.22 67.69 68.16 68.59 69.12 69.62 70.19 70.66 71.62 71.62 71.66 72.44 72.84 73.25 73.62 74.00 74.44 74.78 75.22 75.59 75.94 76.38 76.78 77.19 77.56 78.00 78.47 78.91 79.34 79.75 80.16 80.62 81.00 81.38
43.78 44.12 44.50 44.91 45.28 45.69 46.19 46.53 47.00 47.53 48.06 48.69 49.59 50.84 52.41 53.53 54.34 55.00 55.59 56.16 56.66 57.16 57.62 58.06 58.50 58.94 59.34 59.78 60.22 60.62 61.06 61.47 61.91 62.31 62.75 63.16 63.59 64.06 64.53 65.06 65.56 66.06 66.56 67.06 67.53 68.00 68.53 69.06 69.62 70.16 70.66 71.66 71.72 71.72 72.28 72.78 73.19 73.56 73.94 74.28 74.69 75.06 75.44 75.81 76.22 76.66 77.06 77.47 77.94 78.34 78.78 79.22 79.66 80.12 80.50 80.94 81.38
43.75 44.09 44.47 44.84 45.25 45.66 46.09 46.50 46.97 47.50 48.09 48.81 49.66 50.75 52.22 53.41 54.19 54.84 55.44 55.97 56.47 56.94 57.41 57.84 58.28 58.69 59.12 59.53 59.94 60.34 60.78 61.19 61.56 61.97 62.41 62.81 63.28 63.78 64.28 64.78 65.31 65.88 66.41 66.91 67.41 67.91 68.44 69.00 69.56 70.19 70.72 71.59 71.78 71.78 72.09 72.75 73.09 73.44 73.84 74.22 74.56 74.91 75.31 75.78 76.16 76.53 76.97 77.41 77.81 78.25 78.69 79.12 79.50 79.97 80.44 80.84 81.25
43.72 44.06 44.44 44.84 45.22 45.66 46.06 46.56 46.97 47.50 48.16 48.91 49.78 51.00 52.53 53.38 54.09 54.72 55.28 55.78 56.28 56.75 57.16 57.59 58.00 58.44 58.84 59.25 59.66 60.06 60.44 60.84 61.22 61.62 62.03 62.50 63.00 63.53 64.06 64.59 65.16 65.69 66.22 66.78 67.31 67.81 68.34 68.94 69.56 70.12 70.72 71.41 71.84 71.84 71.94 72.56 72.97 73.38 73.66 74.00 74.44 74.84 75.22 75.59 76.03 76.47 76.88 77.31 77.75 78.22 78.62 79.06 79.50 79.94 80.38 80.78 81.25
43.72 44.06 44.44 44.81 45.22 45.66 46.06 46.53 47.00 47.53 48.16 48.88 49.84 51.09 52.56 53.38 54.00 54.59 55.16 55.66 56.09 56.50 56.91 57.31 57.72 58.12 58.53 58.94 59.31 59.72 60.09 60.47 60.84 61.25 61.72 62.25 62.78 63.19 63.84 64.44 65.00 65.56 66.12 66.66 67.19 67.78 68.31 68.91 69.56 70.16 70.69 71.22 71.81 71.81 71.78 72.53 72.91 73.22 73.59 73.97 74.31 74.69 75.06 75.50 75.91 76.34 76.75 77.16 77.62 78.03 78.50 79.00 79.44 79.84 80.28 80.72 81.12
43.78 44.09 44.44 44.84 45.22 45.66 46.09 46.56 47.03 47.53 48.09 48.78 49.59 50.72 52.12 53.41 53.84 54.44 55.03 55.50 55.91 56.25 56.59 56.97 57.38 57.78 58.19 58.56 58.97 59.34 59.69 60.06 60.44 60.88 61.44 62.00 62.56 63.12 63.72 64.28 64.88 65.47 66.03 66.59 67.12 67.72 68.25 68.88 69.50 70.09 70.62 71.09 71.75 71.75 71.72 72.34 72.78 73.12 73.50 73.88 74.22 74.62 74.94 75.38 75.81 76.22 76.69 77.16 77.56 77.97 78.50 78.94 79.38 79.81 80.28 80.69 81.09
43.59 44.03 44.47 44.88 45.34 45.78 46.19 46.66 47.12 47.69 48.12 48.62 49.28 50.12 51.34 52.22 53.34 53.97 55.09 55.31 55.59 55.91 56.19 56.56 56.94 57.34 57.75 58.16 58.56 58.94 59.28 59.66 60.03 60.59 61.19 61.78 62.41 63.00 63.59 64.19 64.78 65.38 65.94 66.47 67.06 67.56 68.16 68.72 69.38 69.97 70.50 70.94 71.66 71.69 71.66 72.12 72.59 72.88 73.25 73.56 74.06 74.44 74.94 75.31 75.75 76.12 76.56 77.03 77.50 77.97 78.38 78.84 79.28 79.69 80.22 80.66 81.12
43.59 44.00 44.44 44.84 45.25 45.72 46.12 46.62 47.12 47.66 48.22 48.59 48.97 49.53 50.19 51.16 51.97 52.94 53.78 54.44 54.81 55.19 55.62 56.06 56.47 56.88 57.31 57.72 58.16 58.53 58.91 59.31 59.81 60.38 61.03 61.72 62.34 62.91 63.50 64.12 64.69 65.28 65.84 66.38 66.94 67.47 67.97 68.56 69.19 69.78 70.28 70.75 71.41 71.62 71.59 71.72 72.31 72.84 73.19 73.62 74.00 74.44 74.88 75.28 75.75 76.19 76.62 77.03 77.50 78.00 78.41 78.88 79.31 79.81 80.22 80.66 81.09
43.53 43.88 44.38 44.78 45.34 45.69 46.28 46.56 47.16 47.34 48.00 48.16 48.66 49.09 49.44 50.00 50.78 51.69 52.47 53.47 54.03 54.50 55.03 55.53 55.97 56.41 56.84 57.31 57.78 58.22 58.69 59.19 59.72 60.31 60.94 61.66 62.28 62.91 63.47 64.03 64.62 65.19 65.75 66.28 66.84 67.38 67.91 68.44 69.00 69.56 70.06 70.44 71.00 71.56 71.53 71.53 72.28 72.72 73.16 73.59 74.00 74.41 74.84 75.28 75.75 76.16 76.59 77.03 77.50 77.91 78.41 78.91 79.34 79.78 80.25 80.69 81.09
43.50 44.00 44.38 44.84 45.38 45.84 46.31 46.81 47.12 47.69 47.88 48.31 49.03 49.00 49.44 49.97 50.69 51.09 51.62 52.59 53.34 53.94 54.50 55.03 55.53 56.00 56.47 57.00 57.44 57.94 58.59 59.19 59.75 60.34 60.97 61.59 62.28 62.88 63.44 63.94 64.53 65.12 65.72 66.25 66.75 67.22 67.75 68.31 68.84 69.31 69.75 70.19 70.66 71.47 71.47 71.44 72.09 72.62 73.03 73.47 73.94 74.38 74.81 75.22 75.66 76.09 76.59 77.03 77.50 77.94 78.41 78.88 79.34 79.78 80.22 80.66 81.09
43.50 43.88 44.47 44.88 45.44 45.88 46.41 46.97 47.34 47.78 48.22 48.62 48.94 49.38 49.59 50.28 50.81 50.59 50.94 51.78 52.75 53.53 54.12 54.59 55.06 55.75 56.34 56.91 57.47 58.06 58.69 59.41 59.94 60.47 61.06 61.66 62.22 62.78 63.41 64.00 64.53 65.09 65.66 66.09 66.62 67.12 67.66 68.16 68.62 69.09 69.50 69.94 70.09 71.31 71.44 71.44 71.97 72.53 72.97 73.41 73.84 74.31 74.75 75.16 75.66 76.06 76.53 76.97 77.47 77.94 78.38 78.84 79.34 79.78 80.22 80.66 81.06
43.38 43.94 44.34 44.84 45.38 45.88 46.34 46.81 47.28 47.72 48.19 48.59 48.94 49.25 49.97 50.62 50.78 51.03 51.56 51.91 52.47 53.41 54.00 54.53 55.06 55.69 56.31 56.94 57.62 58.38 59.12 59.75 60.19 60.72 61.22 61.78 62.31 62.84 63.34 63.97 64.56 65.03 65.47 66.00 66.50 67.00 67.38 67.88 68.47 68.78 69.19 69.28 70.03 71.19 71.41 71.41 71.62 72.31 72.91 73.34 73.81 74.28 74.72 75.16 75.69 76.09 76.59 77.06 77.53 77.97 78.44 78.91 79.34 79.78 80.25 80.69 81.09
43.31 43.81 44.28 44.81 45.31 45.84 46.34 46.88 47.41 47.72 48.12 48.69 49.59 50.53 50.81 51.03 51.12 51.47 51.94 52.50 53.09 53.69 54.09 54.78 55.22 55.91 56.75 57.53 58.19 58.75 59.41 59.97 60.53 61.00 61.53 62.06 62.47 62.97 63.44 63.81 64.31 64.84 65.47 65.84 66.28 66.66 67.28 67.69 68.00 68.41 68.84 69.56 69.94 70.66 71.41 71.41 71.50 72.41 72.88 73.34 73.84 74.28 74.78 75.28 75.69 76.16 76.62 77.09 77.53 78.00 78.50 78.94 79.38 79.81 80.28 80.69 81.12
43.09 43.62 44.16 44.69 45.25 45.78 46.28 46.81 47.31 47.78 48.34 49.34 50.72 51.75 51.84 51.81 51.97 52.41 52.94 53.56 54.06 54.47 54.94 55.31 55.81 56.50 57.25 57.84 58.38 58.94 59.44 60.00 60.59 61.34 61.91 62.34 62.72 63.12 63.56 63.94 64.34 64.72 64.97 65.56 66.09 66.66 67.03 67.44 67.94 68.47 69.00 69.50 70.00 70.59 71.44 71.47 71.47 72.28 72.84 73.34 73.84 74.34 74.78 75.25 75.72 76.22 76.69 77.16 77.62 78.06 78.50 78.97 79.41 79.88 80.28 80.75 81.16
43.00 43.53 44.06 44.66 45.19 45.75 46.28 46.81 47.34 47.97 48.84 50.38 51.88 52.75 52.72 52.69 52.81 53.25 53.75 54.25 54.75 55.16 55.75 56.28 56.75 57.25 57.69 58.16 58.62 59.09 59.53 60.06 60.72 61.47 62.12 62.62 63.06 63.38 63.72 64.09 64.47 64.81 65.19 65.47 66.03 66.41 67.06 67.41 67.94 68.31 68.88 69.38 69.84 70.22 71.44 71.50 71.53 72.31 72.91 73.34 73.84 74.34 74.81 75.25 75.75 76.19 76.66 77.12 77.62 78.09 78.56 78.97 79.47 79.94 80.38 80.75 81.19
42.81 43.44 44.00 44.56 45.09 45.66 46.22 46.78 47.47 48.31 49.50 51.06 52.53 53.12 53.38 53.44 53.47 53.81 54.22 54.66 55.06 55.53 56.16 56.72 57.19 57.62 58.00 58.47 58.94 59.44 59.94 60.44 61.09 61.56 62.16 62.78 63.34 63.69 64.00 64.28 64.59 64.97 65.34 65.88 66.28 66.66 66.97 67.44 67.91 68.34 68.81 69.25 69.75 70.22 71.41 71.62 71.66 72.09 72.88 73.38 73.84 74.28 74.78 75.31 75.81 76.28 76.75 77.22 77.69 78.12 78.59 79.03 79.50 79.94 80.41 80.81 81.22
42.75 43.34 43.91 44.47 44.91 45.44 46.00 46.78 47.72 48.91 50.28 51.53 52.56 53.09 53.41 53.53 53.72 54.06 54.47 54.91 55.34 55.81 56.47 57.06 57.56 58.00 58.38 58.78 59.16 59.84 60.22 60.78 61.12 61.84 62.19 63.00 63.59 63.97 64.25 64.53 64.78 65.12 65.50 66.00 66.41 66.81 67.22 67.69 68.12 68.59 69.06 69.53 69.97 70.44 71.25 71.78 71.81 71.94 72.94 73.47 73.97 74.44 74.91 75.38 75.84 76.31 76.75 77.22 77.72 78.19 78.62 79.12 79.56 79.97 80.41 80.84 81.28
