everonasctiles/Tile26,25.asc
ncols 128
nrows 128
xllcorner 0
yllcorner 0
cellsize 2.0
NODATA_value  -9999
[rows 0 to 31 of 128, columns 0 to 70 of 128]
148.66 148.56 148.47 148.44 148.41 148.38 148.34 148.28 148.19 148.06 147.88 147.72 147.59 147.47 147.38 147.28 147.16 147.03 146.88 146.66 146.41 146.12 145.84 145.53 145.25 145.00 144.84 144.69 144.53 144.38 144.16 143.84 143.47 143.00 142.53 141.94 141.53 141.00 140.38 139.81 139.12 138.28 137.47 136.56 135.62 134.69 133.62 132.66 131.72 130.91 130.16 129.31 128.28 127.06 124.75 124.00 124.06 124.66 124.62 124.62 125.69 126.34 126.56 126.72 126.84 126.97 127.06 127.12 127.19 127.22 127.25
148.78 148.69 148.59 148.53 148.47 148.44 148.41 148.38 148.25 148.09 147.91 147.78 147.66 147.53 147.44 147.31 147.22 147.06 146.91 146.69 146.41 146.12 145.75 145.50 145.22 144.97 144.81 144.69 144.53 144.41 144.19 143.88 143.47 143.09 142.59 142.09 141.62 141.09 140.56 140.00 139.31 138.53 137.75 136.84 135.91 135.00 133.91 132.91 131.94 131.09 130.31 129.50 128.50 127.41 125.53 123.94 123.97 124.47 124.59 124.62 125.16 126.12 126.38 126.56 126.75 126.91 127.03 127.12 127.19 127.25 127.25
148.94 148.81 148.69 148.59 148.53 148.50 148.47 148.38 148.25 148.09 147.94 147.81 147.69 147.56 147.47 147.34 147.25 147.09 146.94 146.72 146.44 146.06 145.72 145.41 145.16 144.88 144.75 144.62 144.53 144.41 144.19 143.88 143.53 143.16 142.66 142.16 141.72 141.22 140.72 140.19 139.59 138.81 138.03 137.16 136.22 135.28 134.22 133.16 132.22 131.31 130.47 129.69 128.72 127.66 126.44 123.97 123.91 124.16 124.66 124.69 124.81 125.88 126.19 126.41 126.62 126.81 126.97 127.09 127.19 127.25 127.28
149.09 148.94 148.78 148.62 148.56 148.53 148.50 148.38 148.25 148.09 147.97 147.84 147.72 147.62 147.50 147.38 147.25 147.12 146.97 146.75 146.50 146.16 145.72 145.44 145.06 144.81 144.69 144.59 144.50 144.38 144.16 143.88 143.50 143.19 142.72 142.22 141.84 141.38 140.81 140.34 139.81 139.03 138.25 137.41 136.53 135.62 134.50 133.47 132.47 131.53 130.66 129.78 128.84 127.81 126.69 125.31 123.91 123.94 124.72 124.75 124.78 125.59 125.97 126.28 126.53 126.72 126.91 127.06 127.19 127.28 127.31
149.25 149.06 148.88 148.72 148.62 148.56 148.50 148.38 148.25 148.12 148.00 147.88 147.75 147.66 147.53 147.41 147.28 147.12 146.97 146.75 146.50 146.16 145.78 145.34 145.03 144.75 144.66 144.53 144.41 144.28 144.12 143.84 143.53 143.16 142.75 142.31 141.91 141.47 140.94 140.50 139.91 139.22 138.44 137.62 136.78 135.88 134.78 133.72 132.69 131.69 130.78 129.84 128.94 127.97 126.94 125.91 124.28 123.88 124.59 124.81 124.84 125.22 125.81 126.16 126.44 126.66 126.88 127.03 127.19 127.28 127.34
149.38 149.19 148.97 148.81 148.72 148.62 148.53 148.41 148.28 148.19 148.06 147.94 147.81 147.69 147.53 147.41 147.28 147.12 146.94 146.75 146.47 146.09 145.69 145.31 144.97 144.75 144.53 144.41 144.25 144.16 143.97 143.75 143.44 143.09 142.72 142.31 141.88 141.50 141.09 140.59 140.09 139.38 138.62 137.81 136.94 136.03 135.03 133.97 132.84 131.78 130.88 129.88 129.00 128.12 127.22 126.28 125.00 123.81 124.22 124.88 124.91 125.00 125.72 126.06 126.38 126.62 126.84 127.03 127.19 127.28 127.38
149.50 149.31 149.12 148.94 148.81 148.69 148.59 148.47 148.34 148.22 148.09 147.97 147.84 147.72 147.56 147.41 147.25 147.09 146.91 146.69 146.41 146.06 145.66 145.31 144.97 144.69 144.47 144.25 144.09 143.94 143.78 143.53 143.31 142.97 142.66 142.25 141.88 141.50 141.12 140.69 140.22 139.53 138.78 137.97 137.12 136.22 135.22 134.16 133.00 131.91 130.94 129.94 129.06 128.25 127.44 126.59 125.47 123.75 123.91 124.94 124.97 125.00 125.59 126.00 126.31 126.59 126.81 127.03 127.19 127.31 127.41
149.62 149.47 149.28 149.12 148.97 148.81 148.69 148.56 148.44 148.31 148.19 148.03 147.91 147.75 147.59 147.44 147.25 147.06 146.84 146.62 146.38 146.03 145.66 145.34 145.00 144.69 144.44 144.22 143.97 143.75 143.53 143.38 143.16 142.88 142.53 142.19 141.81 141.47 141.09 140.66 140.22 139.66 138.94 138.16 137.31 136.41 135.44 134.31 133.16 132.03 131.03 130.03 129.12 128.38 127.69 126.91 125.84 124.03 123.81 124.75 125.03 125.06 125.41 125.97 126.31 126.59 126.81 127.03 127.22 127.34 127.44
149.81 149.66 149.47 149.28 149.12 148.97 148.81 148.69 148.56 148.41 148.28 148.12 147.97 147.81 147.62 147.44 147.22 147.03 146.81 146.56 146.28 145.97 145.56 145.25 144.94 144.62 144.41 144.16 143.91 143.69 143.41 143.19 142.97 142.72 142.41 142.06 141.72 141.34 141.03 140.62 140.19 139.72 139.09 138.38 137.53 136.66 135.66 134.53 133.34 132.19 131.16 130.16 129.28 128.56 127.97 127.25 126.22 125.00 123.78 124.34 125.12 125.16 125.25 125.97 126.28 126.59 126.84 127.06 127.25 127.38 127.44
149.97 149.81 149.66 149.47 149.28 149.12 148.97 148.84 148.69 148.53 148.38 148.22 148.06 147.84 147.66 147.44 147.22 147.00 146.75 146.47 146.22 145.91 145.56 145.25 144.97 144.62 144.34 144.09 143.81 143.59 143.38 143.12 142.84 142.53 142.22 141.94 141.59 141.31 141.00 140.69 140.25 139.81 139.25 138.56 137.81 136.97 135.94 134.84 133.66 132.47 131.44 130.41 129.56 128.78 128.25 127.53 126.56 125.38 123.81 124.09 125.19 125.22 125.25 125.91 126.28 126.59 126.84 127.09 127.28 127.41 127.47
150.12 149.97 149.78 149.62 149.44 149.28 149.12 149.00 148.84 148.69 148.50 148.34 148.12 147.94 147.69 147.47 147.22 146.97 146.72 146.47 146.16 145.91 145.59 145.28 144.97 144.69 144.38 144.09 143.84 143.62 143.38 143.12 142.84 142.56 142.28 141.94 141.59 141.28 141.03 140.69 140.34 139.91 139.41 138.75 138.03 137.22 136.25 135.22 134.03 132.88 131.81 130.78 129.94 129.16 128.56 127.88 126.88 125.66 124.16 124.06 125.06 125.31 125.34 125.66 126.28 126.59 126.88 127.09 127.28 127.41 127.44
150.25 150.09 149.91 149.72 149.56 149.41 149.28 149.12 148.97 148.81 148.62 148.44 148.22 148.00 147.75 147.50 147.22 146.94 146.69 146.44 146.16 145.88 145.56 145.25 144.97 144.66 144.41 144.09 143.88 143.62 143.38 143.16 142.88 142.59 142.31 141.97 141.66 141.34 141.06 140.75 140.44 140.06 139.59 139.00 138.31 137.50 136.56 135.56 134.44 133.28 132.25 131.22 130.38 129.56 128.97 128.22 127.16 125.94 124.59 123.81 124.53 125.41 125.44 125.47 126.25 126.56 126.84 127.09 127.31 127.41 127.44
150.31 150.16 149.97 149.81 149.66 149.50 149.38 149.22 149.09 148.94 148.75 148.53 148.31 148.06 147.78 147.50 147.22 146.94 146.69 146.41 146.12 145.91 145.62 145.31 145.00 144.72 144.38 144.19 143.91 143.69 143.44 143.22 142.94 142.66 142.34 142.03 141.72 141.44 141.16 140.91 140.59 140.25 139.81 139.28 138.59 137.84 136.94 135.97 134.88 133.75 132.72 131.72 130.84 129.97 129.31 128.56 127.53 126.28 124.94 123.81 123.94 125.41 125.50 125.53 125.91 126.53 126.81 127.06 127.28 127.34 127.34
150.34 150.19 150.00 149.84 149.69 149.53 149.41 149.28 149.12 149.00 148.81 148.59 148.38 148.09 147.81 147.50 147.22 146.97 146.72 146.44 146.19 145.94 145.66 145.38 145.09 144.78 144.50 144.25 144.00 143.78 143.56 143.31 143.06 142.78 142.50 142.16 141.88 141.56 141.28 141.00 140.72 140.41 140.06 139.59 138.97 138.19 137.31 136.34 135.31 134.25 133.16 132.16 131.31 130.41 129.72 128.91 127.91 126.62 125.22 123.78 123.84 124.94 125.56 125.59 125.66 126.44 126.72 126.97 127.19 127.22 127.25
150.34 150.19 150.00 149.81 149.62 149.50 149.38 149.25 149.12 148.97 148.81 148.62 148.38 148.12 147.84 147.53 147.25 146.97 146.72 146.50 146.28 146.00 145.72 145.41 145.12 144.81 144.56 144.31 144.09 143.88 143.66 143.41 143.16 142.88 142.62 142.34 142.06 141.75 141.44 141.16 140.88 140.66 140.38 140.00 139.41 138.62 137.72 136.72 135.72 134.66 133.62 132.66 131.75 130.91 130.09 129.28 128.25 127.00 125.62 123.91 123.84 124.19 125.56 125.69 125.72 126.03 126.56 126.75 126.88 127.00 127.06
150.38 150.19 149.97 149.75 149.56 149.41 149.28 149.19 149.06 148.94 148.78 148.59 148.34 148.09 147.78 147.50 147.22 146.97 146.78 146.53 146.31 146.03 145.78 145.47 145.22 144.91 144.69 144.44 144.19 143.97 143.75 143.53 143.31 143.06 142.78 142.53 142.22 141.97 141.66 141.41 141.12 140.94 140.69 140.28 139.66 138.88 137.97 137.00 136.00 135.00 134.06 133.16 132.28 131.47 130.56 129.66 128.59 127.38 126.03 124.44 123.84 123.88 125.12 125.75 125.78 125.81 126.31 126.53 126.69 126.78 126.88
150.31 150.16 149.91 149.72 149.50 149.31 149.19 149.06 148.97 148.84 148.69 148.53 148.28 148.00 147.75 147.50 147.22 147.00 146.81 146.59 146.38 146.12 145.84 145.59 145.31 145.06 144.81 144.56 144.28 144.09 143.88 143.66 143.44 143.22 142.97 142.72 142.47 142.19 141.94 141.59 141.47 141.19 140.91 140.53 139.88 139.06 138.12 137.19 136.25 135.16 134.41 133.59 132.81 132.06 131.12 130.03 129.00 127.81 126.50 125.06 123.84 123.88 124.44 125.72 125.81 125.84 125.97 126.38 126.50 126.59 126.69
150.28 150.09 149.84 149.59 149.44 149.22 149.06 148.97 148.88 148.75 148.59 148.44 148.22 147.97 147.69 147.47 147.28 147.09 146.84 146.66 146.44 146.19 145.94 145.69 145.41 145.19 144.94 144.69 144.47 144.25 144.06 143.81 143.62 143.41 143.19 142.94 142.69 142.47 142.12 141.97 141.75 141.47 141.22 140.75 140.06 139.22 138.28 137.31 136.41 135.50 134.62 133.84 133.00 132.31 131.53 130.41 129.38 128.25 126.97 125.59 123.84 123.88 123.91 125.28 125.84 125.88 125.91 126.12 126.31 126.44 126.53
150.22 150.00 149.72 149.50 149.34 149.16 149.03 148.91 148.78 148.66 148.53 148.31 148.12 147.91 147.69 147.47 147.31 147.12 146.91 146.72 146.47 146.25 146.03 145.81 145.56 145.34 145.12 144.88 144.66 144.44 144.25 144.03 143.81 143.56 143.34 143.12 142.91 142.69 142.44 142.22 142.00 141.75 141.44 140.94 140.28 139.41 138.47 137.53 136.69 135.78 134.94 134.16 133.44 132.69 131.97 130.81 129.81 128.72 127.47 126.09 123.84 123.50 123.53 124.47 125.72 125.91 125.88 125.84 126.16 126.28 126.38
150.09 149.88 149.66 149.47 149.28 149.12 149.00 148.88 148.75 148.59 148.44 148.25 148.06 147.88 147.66 147.50 147.31 147.16 146.97 146.75 146.56 146.34 146.12 145.94 145.72 145.53 145.31 145.12 144.91 144.69 144.47 144.19 143.94 143.72 143.50 143.25 143.06 142.84 142.66 142.44 142.19 141.88 141.53 141.03 140.41 139.62 138.69 137.78 136.91 136.03 135.16 134.31 133.47 132.78 132.06 131.00 130.12 129.19 128.06 126.78 124.16 123.44 122.94 123.94 125.25 125.84 125.81 125.78 125.84 126.12 126.22
150.00 149.78 149.62 149.41 149.25 149.09 148.94 148.84 148.72 148.59 148.41 148.25 148.03 147.88 147.69 147.50 147.34 147.16 147.00 146.81 146.62 146.44 146.25 146.09 145.91 145.75 145.50 145.31 145.16 144.91 144.66 144.38 144.09 143.84 143.59 143.38 143.16 142.97 142.78 142.56 142.31 142.00 141.62 141.16 140.53 139.78 138.94 137.97 137.09 136.19 135.22 134.28 133.41 132.62 132.06 131.12 130.44 129.66 128.78 127.72 126.41 123.84 123.44 123.31 124.59 125.44 125.78 125.72 125.69 125.91 126.09
149.91 149.75 149.56 149.38 149.22 149.06 148.94 148.84 148.72 148.59 148.44 148.25 148.09 147.91 147.72 147.56 147.41 147.25 147.06 146.88 146.72 146.53 146.41 146.25 146.09 145.97 145.78 145.59 145.38 145.09 144.81 144.50 144.19 143.94 143.69 143.47 143.28 143.09 142.91 142.66 142.41 142.12 141.72 141.22 140.62 139.97 139.16 138.19 137.19 136.22 135.25 134.31 133.47 132.59 132.16 131.31 130.81 130.22 129.53 128.75 127.62 125.41 124.00 123.94 123.94 124.62 125.53 125.62 125.56 125.56 125.94
149.84 149.69 149.53 149.34 149.19 149.06 148.94 148.84 148.72 148.59 148.44 148.28 148.12 147.94 147.78 147.62 147.47 147.31 147.16 147.00 146.84 146.69 146.53 146.38 146.31 146.16 145.94 145.78 145.56 145.22 144.94 144.66 144.34 144.09 143.84 143.62 143.41 143.22 143.00 142.78 142.53 142.25 141.81 141.31 140.72 140.00 139.12 138.12 137.16 136.28 135.44 134.69 134.00 133.28 132.50 131.75 131.31 130.75 130.19 129.47 128.53 127.38 125.34 123.94 123.91 124.06 124.72 125.53 125.47 125.41 125.72
149.81 149.66 149.50 149.38 149.22 149.09 148.97 148.88 148.75 148.62 148.50 148.34 148.22 148.03 147.88 147.72 147.56 147.41 147.25 147.12 146.94 146.81 146.69 146.56 146.47 146.34 146.16 145.91 145.69 145.38 145.06 144.78 144.50 144.25 144.00 143.78 143.53 143.31 143.09 142.88 142.66 142.41 142.00 141.47 140.81 139.97 138.97 137.91 136.97 136.22 135.62 135.16 134.56 133.84 132.88 132.12 131.56 131.09 130.50 129.78 129.12 128.41 126.81 125.81 123.91 123.88 124.31 125.09 125.38 125.34 125.44
149.81 149.66 149.50 149.38 149.28 149.16 149.03 148.94 148.84 148.72 148.59 148.47 148.31 148.19 148.03 147.91 147.75 147.59 147.44 147.25 147.09 146.94 146.81 146.72 146.62 146.50 146.31 146.03 145.75 145.50 145.22 144.94 144.69 144.41 144.16 143.91 143.66 143.44 143.19 142.94 142.69 142.41 142.06 141.56 140.78 139.84 138.78 137.69 136.72 136.12 135.78 135.50 135.09 134.25 133.38 132.47 131.75 131.25 130.56 129.91 129.44 129.09 127.84 126.75 124.44 123.84 123.94 124.59 125.28 125.25 125.22
149.84 149.72 149.59 149.47 149.34 149.25 149.12 149.03 148.91 148.78 148.69 148.59 148.44 148.34 148.22 148.09 147.94 147.72 147.56 147.41 147.22 147.09 146.97 146.88 146.75 146.59 146.38 146.16 145.91 145.62 145.38 145.09 144.84 144.56 144.31 144.06 143.81 143.53 143.28 143.00 142.69 142.34 141.94 141.41 140.66 139.69 138.59 137.56 136.69 136.19 135.94 135.72 135.28 134.41 133.59 132.69 132.09 131.59 130.91 130.16 129.53 129.31 128.75 127.72 126.09 124.12 123.81 124.16 125.12 125.19 125.16
149.94 149.78 149.69 149.56 149.47 149.34 149.25 149.16 149.03 148.94 148.81 148.72 148.62 148.56 148.44 148.31 148.12 147.91 147.72 147.56 147.38 147.28 147.12 147.00 146.88 146.72 146.53 146.28 146.03 145.78 145.53 145.25 145.00 144.72 144.47 144.19 143.94 143.66 143.34 143.03 142.69 142.31 141.84 141.22 140.47 139.62 138.62 137.69 136.94 136.47 136.28 136.00 135.47 134.66 133.78 132.97 132.72 132.44 131.72 130.81 129.97 129.44 129.19 128.78 127.00 125.53 123.88 123.88 124.69 125.12 125.12
150.06 149.91 149.78 149.69 149.59 149.47 149.34 149.28 149.19 149.06 149.00 148.91 148.88 148.78 148.72 148.59 148.41 148.19 147.97 147.75 147.56 147.44 147.28 147.16 147.00 146.88 146.66 146.44 146.19 145.94 145.69 145.41 145.16 144.88 144.62 144.34 144.06 143.78 143.47 143.12 142.75 142.31 141.78 141.12 140.38 139.62 138.78 137.97 137.38 136.97 136.75 136.38 135.72 134.84 133.97 133.47 133.38 133.19 132.78 132.00 130.78 129.69 129.09 128.81 127.72 126.31 125.03 123.78 124.19 125.06 125.19
150.22 150.09 149.97 149.81 149.72 149.62 149.50 149.41 149.31 149.22 149.16 149.12 149.09 149.03 148.97 148.81 148.62 148.41 148.12 147.91 147.72 147.62 147.47 147.31 147.19 147.03 146.81 146.59 146.34 146.09 145.84 145.56 145.31 145.06 144.78 144.50 144.22 143.91 143.59 143.25 142.84 142.41 141.88 141.25 140.50 139.72 139.03 138.38 137.84 137.53 137.25 136.75 136.00 135.09 134.34 134.03 133.97 133.91 133.47 133.00 131.94 130.28 129.28 128.75 128.47 127.12 125.81 124.03 123.91 124.41 125.19
150.41 150.25 150.09 149.97 149.84 149.72 149.62 149.53 149.47 149.38 149.34 149.34 149.31 149.28 149.19 149.03 148.78 148.50 148.34 148.09 147.94 147.81 147.66 147.53 147.38 147.22 146.97 146.75 146.50 146.25 146.00 145.75 145.47 145.22 144.94 144.66 144.38 144.06 143.75 143.41 143.00 142.59 142.09 141.50 140.81 140.06 139.47 138.91 138.38 138.06 137.69 137.16 136.34 135.44 134.81 134.53 134.47 134.31 134.12 133.75 132.88 131.31 129.66 128.91 128.62 128.31 126.69 125.31 123.88 124.03 124.66
150.56 150.38 150.25 150.06 149.97 149.88 149.75 149.69 149.62 149.59 149.59 149.56 149.53 149.47 149.38 149.19 149.00 148.75 148.53 148.28 148.16 148.03 147.88 147.75 147.59 147.38 147.16 146.91 146.66 146.41 146.16 145.91 145.62 145.38 145.09 144.81 144.53 144.25 143.94 143.59 143.22 142.84 142.41 141.91 141.31 140.62 140.03 139.44 138.91 138.59 138.16 137.53 136.69 135.94 135.44 135.09 134.91 134.72 134.56 134.38 133.69 132.47 130.50 129.31 128.84 128.69 127.50 126.16 124.47 123.78 124.06
150.66 150.50 150.38 150.22 150.09 150.00 149.91 149.84 149.78 149.81 149.78 149.75 149.75 149.69 149.56 149.34 149.12 148.84 148.62 148.53 148.38 148.22 148.09 147.94 147.75 147.53 147.31 147.06 146.81 146.56 146.31 146.06 145.81 145.53 145.28 145.00 144.72 144.44 144.16 143.81 143.50 143.16 142.78 142.38 141.97 141.38 140.69 140.06 139.50 139.06 138.56 137.84 137.28 136.66 136.09 135.69 135.41 135.19 134.97 134.78 134.31 133.19 131.56 129.78 129.16 128.94 128.69 127.06 125.72 123.94 123.69
