everonasctiles/Tile33,26.asc
ncols 128
nrows 128
xllcorner 0
yllcorner 0
cellsize 2.0
NODATA_value  -9999
[rows 32 to 63 of 128, columns 0 to 70 of 128]
-52.28 -52.53 -52.78 -53.03 -53.31 -53.56 -53.81 -54.06 -54.28 -54.47 -54.66 -54.81 -54.91 -55.00 -55.06 -55.06 -55.03 -54.97 -54.94 -54.94 -54.91 -54.88 -54.75 -54.56 -54.34 -54.00 -53.72 -53.69 -53.78 -53.84 -53.81 -53.69 -53.47 -53.16 -52.78 -52.34 -51.88 -51.38 -50.84 -50.34 -49.88 -49.06 -48.12 -47.41 -47.59 -48.38 -49.38 -50.41 -51.38 -52.19 -52.91 -53.59 -54.31 -54.97 -55.56 -56.16 -56.69 -57.31 -57.88 -58.41 -58.91 -59.34 -59.78 -60.19 -60.59 -61.00 -61.41 -61.78 -62.19 -62.56 -62.84
-52.50 -52.75 -53.00 -53.25 -53.50 -53.75 -54.00 -54.25 -54.47 -54.69 -54.88 -55.06 -55.19 -55.28 -55.34 -55.34 -55.31 -55.28 -55.22 -55.22 -55.25 -55.22 -55.12 -54.94 -54.72 -54.41 -54.25 -54.28 -54.34 -54.34 -54.25 -54.06 -53.78 -53.41 -53.00 -52.56 -52.06 -51.53 -50.94 -50.41 -49.94 -49.06 -48.03 -47.31 -47.66 -48.66 -49.84 -51.03 -51.84 -52.56 -53.28 -54.03 -54.75 -55.47 -56.12 -56.69 -57.25 -57.78 -58.31 -58.84 -59.31 -59.75 -60.19 -60.59 -61.00 -61.41 -61.78 -62.19 -62.56 -62.94 -63.28
-52.75 -53.00 -53.25 -53.50 -53.75 -54.00 -54.22 -54.47 -54.69 -54.88 -55.09 -55.28 -55.44 -55.56 -55.66 -55.66 -55.66 -55.59 -55.56 -55.59 -55.59 -55.56 -55.50 -55.34 -55.12 -54.88 -54.78 -54.84 -54.88 -54.78 -54.62 -54.38 -54.03 -53.66 -53.19 -52.72 -52.16 -51.56 -50.97 -50.41 -49.81 -48.84 -47.84 -47.19 -47.75 -48.91 -50.25 -51.34 -52.03 -52.81 -53.62 -54.41 -55.19 -55.91 -56.59 -57.22 -57.78 -58.28 -58.78 -59.28 -59.72 -60.12 -60.53 -60.91 -61.31 -61.69 -62.09 -62.50 -62.91 -63.31 -63.66
-52.94 -53.25 -53.50 -53.75 -54.00 -54.25 -54.47 -54.69 -54.91 -55.09 -55.28 -55.50 -55.69 -55.88 -55.97 -56.00 -56.00 -55.97 -55.97 -55.97 -55.97 -55.94 -55.88 -55.75 -55.56 -55.41 -55.38 -55.38 -55.34 -55.22 -54.97 -54.66 -54.28 -53.84 -53.34 -52.78 -52.12 -51.47 -50.81 -50.12 -49.31 -48.41 -47.56 -47.06 -47.62 -48.75 -50.06 -51.31 -52.12 -53.00 -53.88 -54.69 -55.50 -56.25 -56.97 -57.62 -58.22 -58.75 -59.22 -59.69 -60.12 -60.50 -60.88 -61.22 -61.59 -61.97 -62.38 -62.78 -63.19 -63.59 -64.00
-53.12 -53.44 -53.75 -54.03 -54.28 -54.53 -54.75 -54.97 -55.19 -55.34 -55.53 -55.75 -55.97 -56.16 -56.31 -56.38 -56.38 -56.38 -56.34 -56.34 -56.34 -56.31 -56.25 -56.16 -56.03 -55.91 -55.88 -55.84 -55.78 -55.59 -55.28 -54.94 -54.50 -54.03 -53.44 -52.72 -51.91 -51.06 -50.28 -49.56 -48.84 -48.12 -47.47 -47.09 -47.44 -48.34 -49.44 -50.62 -51.88 -53.00 -53.97 -54.84 -55.66 -56.44 -57.16 -57.84 -58.47 -59.03 -59.53 -60.03 -60.47 -60.88 -61.25 -61.59 -61.94 -62.28 -62.66 -63.03 -63.44 -63.88 -64.31
-53.28 -53.62 -53.94 -54.25 -54.53 -54.81 -55.06 -55.28 -55.50 -55.69 -55.84 -56.03 -56.28 -56.50 -56.66 -56.75 -56.78 -56.78 -56.75 -56.75 -56.75 -56.72 -56.66 -56.56 -56.47 -56.41 -56.38 -56.31 -56.16 -55.94 -55.59 -55.19 -54.72 -54.19 -53.47 -52.59 -51.78 -51.03 -50.38 -49.75 -49.12 -48.50 -47.94 -47.50 -47.50 -48.03 -48.91 -49.97 -51.16 -52.47 -53.78 -54.81 -55.69 -56.50 -57.22 -57.91 -58.56 -59.16 -59.69 -60.19 -60.66 -61.09 -61.53 -61.97 -62.34 -62.72 -63.06 -63.41 -63.75 -64.16 -64.59
-53.44 -53.78 -54.12 -54.44 -54.75 -55.06 -55.34 -55.59 -55.84 -56.06 -56.25 -56.44 -56.66 -56.88 -57.06 -57.16 -57.22 -57.19 -57.16 -57.12 -57.12 -57.09 -57.03 -57.00 -56.94 -56.88 -56.81 -56.72 -56.53 -56.25 -55.88 -55.44 -54.97 -54.38 -53.69 -52.97 -52.28 -51.69 -51.12 -50.56 -49.94 -49.31 -48.72 -48.16 -47.94 -48.22 -48.88 -49.75 -50.84 -52.06 -53.34 -54.59 -55.66 -56.47 -57.19 -57.88 -58.53 -59.09 -59.62 -60.12 -60.66 -61.16 -61.69 -62.22 -62.69 -63.16 -63.53 -63.88 -64.16 -64.47 -64.84
-53.59 -53.94 -54.28 -54.62 -54.97 -55.31 -55.62 -55.94 -56.22 -56.47 -56.69 -56.88 -57.09 -57.28 -57.47 -57.59 -57.62 -57.62 -57.56 -57.53 -57.50 -57.47 -57.44 -57.41 -57.38 -57.31 -57.22 -57.09 -56.88 -56.53 -56.16 -55.72 -55.28 -54.78 -54.25 -53.69 -53.12 -52.53 -51.97 -51.44 -50.88 -50.22 -49.44 -48.75 -48.59 -48.88 -49.34 -50.06 -51.03 -52.19 -53.41 -54.66 -55.72 -56.47 -57.19 -57.84 -58.44 -58.94 -59.44 -59.94 -60.50 -61.06 -61.69 -62.34 -62.94 -63.50 -63.97 -64.38 -64.72 -64.94 -65.16
-53.72 -54.06 -54.41 -54.78 -55.16 -55.53 -55.88 -56.22 -56.56 -56.84 -57.09 -57.31 -57.53 -57.72 -57.88 -58.00 -58.03 -58.03 -57.97 -57.94 -57.91 -57.88 -57.84 -57.84 -57.81 -57.75 -57.62 -57.47 -57.19 -56.84 -56.50 -56.09 -55.66 -55.16 -54.62 -54.06 -53.47 -52.88 -52.31 -51.81 -51.34 -50.78 -49.84 -49.22 -49.34 -49.72 -50.09 -50.62 -51.47 -52.59 -53.81 -55.00 -55.75 -56.44 -57.09 -57.72 -58.25 -58.75 -59.22 -59.72 -60.25 -60.88 -61.59 -62.34 -63.12 -63.78 -64.38 -64.88 -65.28 -65.53 -65.69
-53.84 -54.19 -54.56 -54.94 -55.34 -55.75 -56.16 -56.53 -56.88 -57.19 -57.47 -57.72 -57.94 -58.12 -58.31 -58.41 -58.44 -58.44 -58.38 -58.34 -58.28 -58.28 -58.28 -58.25 -58.22 -58.16 -58.03 -57.81 -57.53 -57.22 -56.84 -56.44 -56.00 -55.47 -54.91 -54.34 -53.75 -53.19 -52.69 -52.19 -51.72 -51.06 -50.06 -49.69 -50.12 -50.66 -51.00 -51.31 -51.94 -52.94 -54.12 -55.06 -55.69 -56.34 -57.00 -57.59 -58.12 -58.62 -59.16 -59.75 -60.38 -60.97 -61.62 -62.41 -63.25 -64.06 -64.75 -65.34 -65.84 -66.16 -66.38
-54.00 -54.34 -54.72 -55.09 -55.53 -55.97 -56.41 -56.81 -57.22 -57.53 -57.81 -58.06 -58.31 -58.53 -58.69 -58.81 -58.84 -58.81 -58.78 -58.75 -58.72 -58.69 -58.69 -58.69 -58.62 -58.53 -58.41 -58.16 -57.91 -57.56 -57.22 -56.78 -56.31 -55.78 -55.19 -54.59 -54.03 -53.53 -53.09 -52.62 -52.16 -51.22 -50.31 -50.25 -50.91 -51.56 -51.91 -52.06 -52.34 -53.09 -54.12 -55.00 -55.59 -56.25 -56.91 -57.50 -58.12 -58.75 -59.44 -60.16 -60.84 -61.50 -62.09 -62.69 -63.47 -64.31 -65.09 -65.78 -66.34 -66.78 -67.09
-54.19 -54.56 -54.91 -55.31 -55.72 -56.19 -56.66 -57.12 -57.53 -57.91 -58.19 -58.44 -58.66 -58.88 -59.06 -59.19 -59.22 -59.22 -59.19 -59.16 -59.12 -59.12 -59.09 -59.09 -59.03 -58.91 -58.75 -58.53 -58.25 -57.91 -57.53 -57.09 -56.59 -56.06 -55.47 -54.84 -54.31 -53.94 -53.56 -53.12 -52.53 -51.44 -50.69 -50.88 -51.66 -52.28 -52.53 -52.72 -52.84 -53.16 -53.91 -54.75 -55.50 -56.19 -56.91 -57.59 -58.28 -59.03 -59.78 -60.56 -61.31 -62.03 -62.69 -63.28 -63.91 -64.62 -65.41 -66.16 -66.78 -67.34 -67.75
-54.41 -54.78 -55.16 -55.56 -56.00 -56.44 -56.94 -57.41 -57.84 -58.25 -58.56 -58.81 -59.03 -59.22 -59.41 -59.53 -59.59 -59.59 -59.59 -59.56 -59.56 -59.53 -59.53 -59.47 -59.41 -59.25 -59.06 -58.84 -58.59 -58.25 -57.88 -57.44 -56.91 -56.34 -55.69 -55.06 -54.69 -54.44 -54.09 -53.66 -52.84 -51.75 -51.19 -51.53 -52.38 -52.84 -53.03 -53.22 -53.38 -53.41 -53.75 -54.44 -55.22 -56.09 -57.00 -57.78 -58.53 -59.31 -60.12 -60.94 -61.72 -62.50 -63.22 -63.88 -64.50 -65.09 -65.75 -66.50 -67.19 -67.78 -68.31
-54.59 -55.00 -55.41 -55.84 -56.28 -56.72 -57.19 -57.66 -58.12 -58.56 -58.91 -59.19 -59.41 -59.59 -59.75 -59.91 -59.97 -59.97 -59.97 -59.97 -59.97 -59.97 -59.94 -59.88 -59.75 -59.59 -59.41 -59.19 -58.94 -58.62 -58.22 -57.75 -57.19 -56.56 -55.88 -55.38 -55.22 -55.00 -54.66 -54.16 -53.16 -52.16 -51.81 -52.25 -53.06 -53.44 -53.62 -53.78 -53.88 -53.91 -53.91 -54.38 -55.12 -56.09 -57.12 -57.94 -58.72 -59.53 -60.38 -61.22 -62.06 -62.88 -63.66 -64.38 -65.06 -65.69 -66.28 -66.88 -67.50 -68.12 -68.72
-54.72 -55.12 -55.59 -56.06 -56.50 -56.97 -57.44 -57.88 -58.34 -58.78 -59.19 -59.50 -59.75 -59.94 -60.09 -60.22 -60.31 -60.34 -60.38 -60.38 -60.38 -60.38 -60.31 -60.22 -60.06 -59.91 -59.75 -59.56 -59.34 -59.00 -58.59 -58.06 -57.47 -56.72 -56.09 -55.97 -55.88 -55.62 -55.19 -54.59 -53.47 -52.66 -52.59 -53.09 -53.78 -54.09 -54.22 -54.31 -54.38 -54.38 -54.31 -54.53 -55.22 -56.19 -57.25 -58.03 -58.78 -59.62 -60.50 -61.38 -62.25 -63.09 -63.94 -64.75 -65.50 -66.19 -66.78 -67.34 -67.84 -68.41 -69.03
-54.72 -55.19 -55.66 -56.12 -56.62 -57.12 -57.62 -58.09 -58.53 -59.00 -59.41 -59.78 -60.06 -60.25 -60.44 -60.56 -60.66 -60.69 -60.72 -60.75 -60.78 -60.75 -60.69 -60.56 -60.41 -60.25 -60.12 -60.00 -59.75 -59.41 -58.97 -58.44 -57.72 -57.03 -56.75 -56.72 -56.56 -56.22 -55.69 -54.91 -53.81 -53.34 -53.56 -54.09 -54.56 -54.75 -54.81 -54.84 -54.84 -54.81 -54.72 -54.75 -55.31 -56.22 -57.22 -58.00 -58.72 -59.53 -60.38 -61.28 -62.19 -63.09 -64.03 -64.94 -65.78 -66.56 -67.22 -67.81 -68.31 -68.78 -69.28
-54.72 -55.19 -55.66 -56.16 -56.69 -57.22 -57.72 -58.22 -58.69 -59.16 -59.59 -60.00 -60.31 -60.56 -60.75 -60.88 -60.97 -61.03 -61.09 -61.12 -61.12 -61.12 -61.06 -60.94 -60.78 -60.66 -60.56 -60.44 -60.19 -59.84 -59.44 -58.88 -58.19 -57.75 -57.62 -57.50 -57.22 -56.75 -56.16 -55.16 -54.34 -54.19 -54.59 -55.12 -55.38 -55.41 -55.41 -55.38 -55.31 -55.22 -55.12 -55.00 -55.31 -56.03 -56.91 -57.81 -58.56 -59.31 -60.16 -61.03 -61.97 -62.94 -63.97 -64.97 -65.94 -66.81 -67.59 -68.28 -68.84 -69.31 -69.72
-54.69 -55.16 -55.66 -56.16 -56.72 -57.28 -57.84 -58.38 -58.88 -59.34 -59.78 -60.19 -60.56 -60.84 -61.06 -61.19 -61.28 -61.34 -61.41 -61.47 -61.50 -61.47 -61.41 -61.31 -61.19 -61.12 -61.03 -60.91 -60.66 -60.34 -59.97 -59.50 -58.97 -58.66 -58.47 -58.19 -57.81 -57.25 -56.53 -55.50 -55.06 -55.22 -55.66 -56.06 -56.09 -56.03 -55.97 -55.84 -55.72 -55.62 -55.56 -55.38 -55.38 -55.75 -56.41 -57.19 -57.94 -58.75 -59.56 -60.53 -61.56 -62.69 -63.81 -64.88 -65.97 -67.00 -67.91 -68.69 -69.38 -69.91 -70.34
-54.66 -55.16 -55.66 -56.22 -56.78 -57.38 -57.97 -58.53 -59.06 -59.53 -60.00 -60.41 -60.78 -61.09 -61.34 -61.50 -61.62 -61.69 -61.75 -61.78 -61.84 -61.84 -61.81 -61.75 -61.66 -61.59 -61.53 -61.38 -61.19 -60.94 -60.62 -60.19 -59.78 -59.47 -59.19 -58.81 -58.31 -57.69 -56.78 -56.12 -56.00 -56.28 -56.75 -56.84 -56.78 -56.66 -56.47 -56.31 -56.16 -56.03 -55.97 -55.91 -55.78 -55.78 -56.06 -56.62 -57.34 -58.19 -59.16 -60.19 -61.31 -62.47 -63.62 -64.84 -66.09 -67.19 -68.19 -69.03 -69.81 -70.47 -71.00
-54.59 -55.12 -55.69 -56.31 -56.91 -57.50 -58.12 -58.69 -59.25 -59.75 -60.19 -60.62 -61.00 -61.31 -61.59 -61.81 -61.94 -62.00 -62.06 -62.12 -62.19 -62.22 -62.22 -62.19 -62.12 -62.09 -62.00 -61.91 -61.72 -61.50 -61.22 -60.88 -60.50 -60.16 -59.81 -59.34 -58.78 -58.03 -57.28 -57.00 -57.09 -57.44 -57.62 -57.56 -57.41 -57.22 -56.97 -56.75 -56.56 -56.44 -56.41 -56.41 -56.41 -56.34 -56.31 -56.59 -57.19 -58.03 -59.03 -60.12 -61.31 -62.53 -63.78 -65.03 -66.31 -67.47 -68.47 -69.38 -70.19 -70.94 -71.53
-54.59 -55.16 -55.75 -56.38 -57.00 -57.66 -58.25 -58.84 -59.41 -59.91 -60.38 -60.78 -61.19 -61.53 -61.84 -62.09 -62.25 -62.34 -62.41 -62.44 -62.50 -62.56 -62.62 -62.62 -62.59 -62.59 -62.53 -62.44 -62.28 -62.09 -61.81 -61.47 -61.12 -60.78 -60.34 -59.84 -59.22 -58.50 -58.09 -58.03 -58.25 -58.47 -58.41 -58.25 -58.00 -57.72 -57.41 -57.16 -56.97 -56.84 -56.84 -56.91 -57.03 -57.09 -57.03 -57.09 -57.50 -58.28 -59.22 -60.28 -61.44 -62.75 -64.09 -65.41 -66.72 -67.84 -68.78 -69.69 -70.53 -71.31 -72.00
-54.69 -55.28 -55.88 -56.50 -57.12 -57.75 -58.34 -58.94 -59.50 -60.00 -60.47 -60.91 -61.31 -61.69 -62.03 -62.31 -62.53 -62.66 -62.72 -62.78 -62.84 -62.94 -63.00 -63.06 -63.09 -63.09 -63.06 -63.00 -62.84 -62.66 -62.38 -62.06 -61.72 -61.31 -60.88 -60.31 -59.69 -59.25 -59.09 -59.19 -59.38 -59.31 -59.12 -58.88 -58.53 -58.19 -57.84 -57.56 -57.38 -57.28 -57.28 -57.38 -57.56 -57.78 -57.88 -57.88 -58.12 -58.75 -59.66 -60.66 -61.78 -63.03 -64.41 -65.84 -67.19 -68.19 -69.09 -69.97 -70.84 -71.66 -72.41
-54.84 -55.47 -56.03 -56.62 -57.22 -57.81 -58.41 -58.97 -59.50 -60.03 -60.50 -60.97 -61.41 -61.81 -62.19 -62.53 -62.81 -62.97 -63.06 -63.12 -63.19 -63.28 -63.41 -63.50 -63.56 -63.59 -63.59 -63.53 -63.41 -63.19 -62.91 -62.59 -62.25 -61.84 -61.44 -60.94 -60.44 -60.16 -60.19 -60.31 -60.25 -60.06 -59.81 -59.44 -59.00 -58.56 -58.22 -57.97 -57.81 -57.72 -57.75 -57.88 -58.06 -58.31 -58.62 -58.78 -58.94 -59.38 -60.22 -61.19 -62.25 -63.41 -64.72 -66.16 -67.50 -68.41 -69.34 -70.25 -71.16 -71.97 -72.72
-55.03 -55.62 -56.22 -56.81 -57.38 -57.94 -58.47 -59.00 -59.53 -60.03 -60.53 -61.03 -61.50 -61.94 -62.38 -62.75 -63.06 -63.28 -63.41 -63.47 -63.53 -63.66 -63.81 -63.94 -64.03 -64.09 -64.09 -64.06 -63.94 -63.72 -63.44 -63.12 -62.81 -62.44 -62.09 -61.66 -61.28 -61.12 -61.22 -61.19 -61.03 -60.78 -60.41 -59.91 -59.38 -58.91 -58.56 -58.41 -58.28 -58.19 -58.22 -58.38 -58.59 -58.88 -59.19 -59.59 -59.84 -60.12 -60.78 -61.75 -62.78 -63.88 -65.06 -66.38 -67.72 -68.62 -69.56 -70.50 -71.38 -72.19 -72.97
-55.22 -55.81 -56.41 -56.97 -57.53 -58.03 -58.53 -59.06 -59.56 -60.06 -60.59 -61.12 -61.62 -62.12 -62.56 -62.97 -63.31 -63.56 -63.75 -63.81 -63.91 -64.00 -64.19 -64.34 -64.50 -64.56 -64.59 -64.56 -64.44 -64.22 -63.97 -63.69 -63.41 -63.09 -62.81 -62.47 -62.12 -62.09 -62.09 -62.00 -61.75 -61.41 -60.88 -60.28 -59.66 -59.12 -58.94 -58.84 -58.75 -58.66 -58.69 -58.84 -59.12 -59.41 -59.78 -60.22 -60.66 -61.03 -61.44 -62.25 -63.31 -64.41 -65.47 -66.59 -67.81 -68.81 -69.72 -70.62 -71.50 -72.34 -73.09
-55.41 -55.97 -56.53 -57.09 -57.66 -58.16 -58.66 -59.16 -59.66 -60.19 -60.72 -61.25 -61.78 -62.28 -62.78 -63.19 -63.56 -63.88 -64.09 -64.19 -64.28 -64.38 -64.56 -64.75 -64.91 -65.03 -65.06 -65.03 -64.91 -64.72 -64.50 -64.25 -64.00 -63.75 -63.50 -63.19 -62.97 -62.94 -62.88 -62.72 -62.41 -61.91 -61.28 -60.53 -59.78 -59.34 -59.41 -59.34 -59.22 -59.12 -59.12 -59.34 -59.62 -59.97 -60.38 -60.84 -61.34 -61.84 -62.28 -62.88 -63.84 -64.97 -66.00 -67.00 -67.97 -68.91 -69.81 -70.72 -71.59 -72.44 -73.22
-55.56 -56.12 -56.69 -57.22 -57.75 -58.28 -58.78 -59.28 -59.78 -60.31 -60.84 -61.41 -61.94 -62.47 -62.97 -63.44 -63.84 -64.19 -64.44 -64.59 -64.69 -64.78 -64.94 -65.12 -65.31 -65.47 -65.53 -65.50 -65.38 -65.22 -65.03 -64.81 -64.59 -64.38 -64.16 -63.91 -63.75 -63.72 -63.59 -63.38 -62.94 -62.34 -61.59 -60.66 -59.84 -59.78 -59.91 -59.88 -59.75 -59.59 -59.56 -59.81 -60.12 -60.47 -60.91 -61.44 -62.00 -62.53 -63.06 -63.66 -64.44 -65.50 -66.56 -67.50 -68.38 -69.22 -70.03 -70.88 -71.72 -72.56 -73.38
-55.75 -56.31 -56.84 -57.38 -57.91 -58.44 -58.94 -59.47 -59.97 -60.47 -61.00 -61.53 -62.06 -62.59 -63.12 -63.62 -64.06 -64.47 -64.78 -64.97 -65.12 -65.25 -65.38 -65.53 -65.69 -65.84 -65.94 -65.97 -65.88 -65.72 -65.56 -65.34 -65.16 -64.97 -64.78 -64.62 -64.53 -64.44 -64.25 -63.94 -63.44 -62.72 -61.81 -60.78 -60.25 -60.41 -60.50 -60.41 -60.28 -60.12 -60.03 -60.31 -60.62 -60.97 -61.41 -61.94 -62.56 -63.16 -63.75 -64.34 -65.03 -65.94 -66.94 -67.88 -68.75 -69.56 -70.41 -71.22 -72.03 -72.84 -73.62
-56.00 -56.53 -57.09 -57.62 -58.16 -58.66 -59.16 -59.66 -60.16 -60.69 -61.19 -61.69 -62.22 -62.72 -63.25 -63.75 -64.25 -64.72 -65.09 -65.34 -65.53 -65.69 -65.81 -65.94 -66.09 -66.25 -66.38 -66.41 -66.34 -66.22 -66.06 -65.88 -65.72 -65.56 -65.44 -65.31 -65.22 -65.09 -64.84 -64.44 -63.88 -63.09 -62.03 -61.22 -60.91 -61.06 -61.09 -61.00 -60.81 -60.62 -60.50 -60.78 -61.16 -61.47 -61.84 -62.38 -63.00 -63.69 -64.38 -65.00 -65.66 -66.38 -67.28 -68.19 -69.06 -69.94 -70.78 -71.59 -72.41 -73.19 -73.97
-56.22 -56.78 -57.38 -57.94 -58.47 -59.00 -59.47 -59.94 -60.41 -60.91 -61.44 -61.94 -62.44 -62.94 -63.41 -63.91 -64.44 -64.91 -65.34 -65.69 -65.94 -66.09 -66.25 -66.38 -66.50 -66.66 -66.78 -66.84 -66.81 -66.69 -66.53 -66.38 -66.25 -66.16 -66.06 -65.97 -65.84 -65.66 -65.34 -64.91 -64.31 -63.44 -62.50 -61.91 -61.72 -61.78 -61.72 -61.56 -61.38 -61.19 -60.97 -61.28 -61.66 -62.00 -62.38 -62.78 -63.41 -64.09 -64.84 -65.53 -66.22 -66.94 -67.69 -68.50 -69.38 -70.25 -71.09 -71.94 -72.75 -73.53 -74.28
-56.34 -56.97 -57.59 -58.22 -58.81 -59.38 -59.88 -60.34 -60.78 -61.25 -61.75 -62.25 -62.75 -63.25 -63.72 -64.19 -64.69 -65.16 -65.59 -66.00 -66.31 -66.53 -66.69 -66.81 -66.94 -67.06 -67.19 -67.28 -67.25 -67.16 -67.00 -66.91 -66.81 -66.75 -66.69 -66.56 -66.41 -66.19 -65.81 -65.34 -64.72 -63.88 -63.12 -62.69 -62.56 -62.50 -62.34 -62.16 -61.94 -61.72 -61.47 -61.72 -62.19 -62.56 -62.97 -63.34 -63.78 -64.47 -65.22 -65.94 -66.69 -67.41 -68.16 -68.91 -69.69 -70.50 -71.34 -72.19 -73.00 -73.81 -74.56
-56.31 -57.00 -57.69 -58.38 -59.03 -59.66 -60.25 -60.75 -61.22 -61.69 -62.12 -62.59 -63.09 -63.56 -64.06 -64.53 -65.00 -65.47 -65.91 -66.31 -66.66 -66.91 -67.09 -67.25 -67.38 -67.50 -67.59 -67.69 -67.69 -67.59 -67.50 -67.41 -67.34 -67.31 -67.25 -67.12 -66.91 -66.62 -66.25 -65.78 -65.16 -64.38 -63.81 -63.47 -63.31 -63.16 -62.97 -62.75 -62.53 -62.28 -61.97 -62.12 -62.69 -63.12 -63.59 -64.03 -64.47 -64.94 -65.56 -66.28 -67.03 -67.81 -68.59 -69.34 -70.09 -70.81 -71.56 -72.34 -73.16 -73.97 -74.75
