everonasctiles/Tile44,5.asc
ncols 128
nrows 128
xllcorner 0
yllcorner 0
cellsize 2.0
NODATA_value  -9999
[rows 68 to 101 of 128, columns 0 to 76 of 128]
-3.66 -3.66 -3.44 -3.31 -3.19 -3.03 -2.94 -2.78 -1.88 -1.56 -1.62 -2.00 -2.25 -2.19 -2.09 -2.03 -1.94 -1.81 -1.69 -1.47 -1.31 -1.22 -1.16 -1.09 -1.03 -1.03 -1.03 -1.03 -1.06 -1.09 -1.12 -1.19 -1.22 -1.28 -1.38 -1.47 -1.53 -1.62 -1.69 -1.78 -1.84 -1.94 -2.00 -2.06 -2.12 -2.16 -2.19 -2.22 -2.25 -2.25 -2.22 -2.22 -2.19 -2.16 -2.12 -2.06 -2.03 -1.97 -1.91 -1.84 -1.81 -1.75 -1.72 -1.66 -1.62 -1.59 -1.56 -1.47 -1.22 -1.06 -0.97 -0.94 -0.91 -0.94 -0.94 -0.94 -1.12
-3.69 -3.44 -3.34 -3.19 -3.03 -2.97 -2.78 -2.69 -1.97 -1.78 -1.75 -1.88 -2.06 -2.19 -2.09 -2.03 -1.94 -1.84 -1.75 -1.66 -1.53 -1.44 -1.25 -1.09 -1.16 -1.25 -1.25 -1.25 -1.28 -1.31 -1.34 -1.38 -1.41 -1.47 -1.50 -1.56 -1.59 -1.66 -1.72 -1.78 -1.84 -1.91 -1.97 -2.03 -2.06 -2.09 -2.12 -2.12 -2.12 -2.12 -2.12 -2.09 -2.06 -2.03 -1.97 -1.94 -1.88 -1.81 -1.78 -1.72 -1.69 -1.62 -1.59 -1.56 -1.56 -1.53 -1.53 -1.50 -1.31 -1.09 -0.97 -0.94 -0.94 -0.97 -1.06 -1.28 -1.31
-3.44 -3.34 -3.22 -3.06 -2.94 -2.84 -2.66 -2.62 -2.09 -1.84 -1.78 -1.84 -1.91 -2.12 -2.12 -2.03 -1.97 -1.88 -1.81 -1.69 -1.59 -1.53 -1.09 -0.94 -1.00 -1.38 -1.38 -1.38 -1.41 -1.44 -1.47 -1.50 -1.53 -1.56 -1.56 -1.62 -1.66 -1.69 -1.75 -1.78 -1.69 -1.50 -1.47 -1.72 -1.94 -2.03 -2.06 -2.06 -2.03 -2.03 -2.00 -1.97 -1.94 -1.88 -1.84 -1.78 -1.72 -1.69 -1.62 -1.59 -1.53 -1.50 -1.50 -1.47 -1.47 -1.47 -1.47 -1.47 -1.44 -1.12 -1.00 -0.94 -0.94 -0.97 -1.03 -1.09 -1.22
-3.19 -3.16 -3.06 -2.94 -2.84 -2.75 -2.62 -2.56 -2.16 -1.91 -1.75 -1.69 -1.72 -1.91 -2.12 -2.06 -2.00 -1.91 -1.84 -1.75 -1.69 -1.62 -1.06 -0.91 -1.03 -1.50 -1.50 -1.53 -1.53 -1.56 -1.56 -1.59 -1.62 -1.62 -1.66 -1.69 -1.72 -1.56 -1.38 -1.31 -1.22 -1.25 -1.28 -1.59 -1.81 -1.97 -1.97 -1.97 -1.94 -1.94 -1.91 -1.84 -1.81 -1.75 -1.69 -1.66 -1.59 -1.53 -1.50 -1.47 -1.44 -1.41 -1.38 -1.38 -1.38 -1.38 -1.41 -1.41 -1.41 -1.31 -1.03 -0.97 -0.94 -0.91 -0.94 -1.00 -1.06
-3.12 -3.03 -2.91 -2.84 -2.72 -2.69 -2.56 -2.47 -2.16 -1.91 -1.66 -1.50 -1.47 -1.50 -1.66 -1.72 -1.88 -1.94 -1.88 -1.81 -1.75 -1.66 -1.16 -0.78 -0.84 -1.44 -1.66 -1.66 -1.66 -1.69 -1.69 -1.69 -1.72 -1.72 -1.62 -1.50 -1.41 -1.25 -1.00 -0.84 -1.16 -1.25 -1.41 -1.62 -1.81 -1.91 -1.91 -1.88 -1.84 -1.81 -1.78 -1.75 -1.69 -1.62 -1.56 -1.53 -1.47 -1.41 -1.38 -1.34 -1.31 -1.28 -1.28 -1.28 -1.28 -1.31 -1.31 -1.31 -1.34 -1.34 -1.19 -1.00 -0.94 -0.91 -0.88 -0.91 -0.94
-3.06 -2.91 -2.84 -2.72 -2.69 -2.56 -2.47 -2.44 -2.25 -1.84 -1.56 -1.38 -1.25 -1.31 -1.44 -1.47 -1.34 -0.91 -0.97 -0.97 -0.88 -0.97 -1.03 -0.91 -1.12 -1.44 -1.78 -1.78 -1.75 -1.66 -1.62 -1.72 -1.78 -1.62 -1.44 -1.38 -1.31 -1.22 -1.09 -0.97 -1.34 -1.72 -1.84 -1.84 -1.84 -1.84 -1.81 -1.81 -1.78 -1.72 -1.69 -1.62 -1.56 -1.53 -1.47 -1.41 -1.34 -1.28 -1.25 -1.22 -1.19 -1.19 -1.19 -1.19 -1.22 -1.22 -1.22 -1.25 -1.25 -1.25 -1.25 -1.06 -0.94 -0.88 -0.84 -0.81 -0.84
-2.75 -2.78 -2.72 -2.66 -2.53 -2.47 -2.44 -2.34 -2.25 -1.94 -1.50 -1.22 -1.19 -1.31 -1.41 -1.41 -1.25 -0.91 -1.00 -0.97 -0.84 -0.81 -1.09 -1.25 -1.41 -1.69 -1.81 -1.44 -0.91 -0.75 -1.06 -1.28 -1.34 -1.34 -1.31 -1.28 -1.25 -1.22 -1.25 -1.41 -1.75 -1.81 -1.81 -1.81 -1.78 -1.78 -1.75 -1.72 -1.69 -1.62 -1.59 -1.53 -1.47 -1.41 -1.34 -1.28 -1.25 -1.19 -1.16 -1.12 -1.09 -1.09 -1.09 -1.09 -1.12 -1.12 -1.12 -1.16 -1.16 -1.16 -1.16 -1.16 -1.06 -0.91 -0.84 -0.81 -0.81
-2.72 -2.66 -2.53 -2.56 -2.47 -2.47 -2.38 -2.31 -2.12 -1.84 -1.59 -1.47 -1.41 -1.50 -1.56 -1.53 -1.41 -1.19 -1.19 -1.22 -1.19 -1.16 -1.53 -1.88 -1.78 -1.50 -1.34 -1.06 -0.72 -0.59 -0.91 -1.25 -1.19 -1.22 -1.22 -1.22 -1.22 -1.28 -1.38 -1.72 -1.81 -1.81 -1.78 -1.78 -1.75 -1.72 -1.69 -1.66 -1.59 -1.56 -1.50 -1.44 -1.38 -1.31 -1.25 -1.19 -1.12 -1.09 -1.06 -1.03 -1.00 -1.00 -1.00 -1.00 -1.03 -1.03 -1.03 -1.06 -1.06 -1.06 -1.06 -1.06 -1.06 -1.06 -1.06 -0.97 -0.84
-2.69 -2.56 -2.56 -2.50 -2.44 -2.34 -2.28 -2.28 -2.16 -1.94 -1.72 -1.75 -1.75 -1.78 -1.81 -1.81 -1.78 -1.62 -1.59 -1.62 -1.75 -1.97 -2.00 -2.03 -1.59 -1.25 -1.19 -1.28 -1.09 -1.12 -1.44 -1.59 -1.47 -1.38 -1.19 -1.19 -1.22 -1.28 -1.47 -1.81 -1.81 -1.78 -1.75 -1.72 -1.69 -1.66 -1.62 -1.56 -1.53 -1.47 -1.41 -1.34 -1.28 -1.22 -1.16 -1.09 -1.06 -1.00 -0.97 -0.94 -0.94 -0.94 -0.94 -0.94 -0.94 -0.94 -0.97 -0.97 -1.00 -1.00 -1.00 -1.00 -1.00 -1.00 -1.00 -1.00 -1.00
-2.50 -2.41 -2.44 -2.38 -2.38 -2.31 -2.28 -2.25 -2.22 -2.25 -2.19 -2.22 -2.22 -2.25 -2.25 -2.25 -2.22 -2.06 -2.00 -2.00 -2.06 -2.06 -2.06 -2.06 -1.50 -1.19 -1.31 -1.94 -2.12 -2.16 -2.12 -2.12 -2.09 -1.84 -1.34 -1.22 -1.19 -1.28 -1.50 -1.84 -1.81 -1.78 -1.72 -1.69 -1.66 -1.62 -1.56 -1.50 -1.47 -1.41 -1.34 -1.28 -1.22 -1.16 -1.09 -1.03 -0.97 -0.94 -0.91 -0.88 -0.84 -0.84 -0.84 -0.84 -0.84 -0.88 -0.88 -0.91 -0.91 -0.91 -0.91 -0.91 -0.91 -0.91 -0.91 -0.91 -0.91
-2.41 -2.25 -2.31 -2.34 -2.31 -2.28 -2.22 -2.22 -2.19 -2.19 -2.19 -2.19 -2.22 -2.25 -2.28 -2.31 -2.28 -2.25 -2.22 -2.19 -2.16 -2.12 -2.12 -2.09 -1.62 -1.44 -1.72 -2.25 -2.22 -2.22 -2.19 -2.16 -2.12 -1.84 -1.53 -1.38 -1.34 -1.38 -1.53 -1.84 -1.78 -1.75 -1.72 -1.66 -1.62 -1.56 -1.50 -1.44 -1.41 -1.34 -1.25 -1.19 -1.12 -1.06 -1.00 -0.97 -0.91 -0.88 -0.84 -0.81 -0.78 -0.78 -0.75 -0.78 -0.78 -0.78 -0.81 -0.81 -0.81 -0.84 -0.84 -0.84 -0.84 -0.84 -0.84 -0.84 -0.84
-2.38 -2.31 -2.25 -2.03 -1.97 -1.97 -2.12 -2.12 -2.16 -2.16 -2.19 -2.25 -2.28 -2.28 -2.31 -2.34 -2.34 -2.31 -2.28 -2.25 -2.22 -2.19 -2.19 -2.16 -1.72 -1.47 -1.50 -2.09 -2.28 -2.28 -2.25 -2.22 -2.19 -2.00 -1.66 -1.50 -1.44 -1.47 -1.56 -1.78 -1.78 -1.75 -1.69 -1.62 -1.56 -1.53 -1.47 -1.41 -1.34 -1.28 -1.19 -1.12 -1.06 -1.00 -0.97 -0.91 -0.84 -0.78 -0.75 -0.72 -0.69 -0.69 -0.69 -0.69 -0.72 -0.72 -0.75 -0.75 -0.75 -0.75 -0.75 -0.78 -0.78 -0.78 -0.78 -0.78 -0.78
-2.25 -2.19 -1.91 -1.59 -1.53 -1.59 -1.56 -1.59 -1.66 -1.91 -2.09 -2.25 -2.28 -2.31 -2.34 -2.38 -2.41 -2.38 -2.34 -2.31 -2.31 -2.28 -2.25 -2.28 -2.06 -1.56 -1.56 -1.69 -2.12 -2.28 -2.28 -2.25 -2.22 -2.12 -1.75 -1.56 -1.47 -1.50 -1.56 -1.75 -1.78 -1.72 -1.66 -1.59 -1.53 -1.47 -1.41 -1.34 -1.28 -1.22 -1.16 -1.09 -1.03 -0.97 -0.91 -0.84 -0.78 -0.72 -0.69 -0.66 -0.62 -0.62 -0.62 -0.66 -0.66 -0.69 -0.69 -0.69 -0.69 -0.69 -0.72 -0.72 -0.72 -0.72 -0.72 -0.72 -0.72
-2.12 -2.00 -1.56 -1.47 -1.31 -1.47 -1.28 -1.22 -1.34 -1.59 -1.94 -2.19 -2.28 -2.34 -2.38 -2.41 -2.47 -2.44 -2.44 -2.41 -2.38 -2.34 -2.34 -2.31 -2.31 -2.00 -1.47 -1.16 -1.34 -1.91 -2.25 -2.28 -2.25 -2.00 -1.72 -1.59 -1.53 -1.53 -1.59 -1.75 -1.78 -1.72 -1.62 -1.56 -1.50 -1.44 -1.38 -1.31 -1.25 -1.16 -1.09 -1.06 -0.97 -0.91 -0.88 -0.81 -0.75 -0.69 -0.66 -0.59 -0.59 -0.56 -0.59 -0.59 -0.62 -0.62 -0.66 -0.66 -0.66 -0.66 -0.66 -0.66 -0.66 -0.66 -0.66 -0.66 -0.66
-2.12 -1.97 -1.56 -1.28 -1.44 -1.56 -1.25 -1.00 -0.97 -1.19 -1.50 -1.91 -2.28 -2.38 -2.41 -2.44 -2.50 -2.50 -2.50 -2.47 -2.47 -2.44 -2.41 -2.38 -2.41 -2.38 -1.62 -1.00 -1.03 -1.59 -1.84 -1.91 -2.00 -1.81 -1.72 -1.66 -1.59 -1.59 -1.62 -1.78 -1.75 -1.69 -1.62 -1.56 -1.47 -1.41 -1.34 -1.25 -1.19 -1.12 -1.09 -1.03 -0.97 -0.91 -0.84 -0.81 -0.75 -0.69 -0.62 -0.59 -0.56 -0.53 -0.56 -0.56 -0.56 -0.59 -0.59 -0.59 -0.59 -0.59 -0.62 -0.62 -0.62 -0.62 -0.62 -0.62 -0.62
-2.03 -2.03 -1.31 -1.12 -1.19 -1.66 -1.28 -1.09 -0.94 -0.94 -1.03 -1.41 -1.97 -2.38 -2.44 -2.50 -2.53 -2.56 -2.56 -2.56 -2.53 -2.50 -2.47 -2.47 -2.44 -2.47 -1.81 -1.31 -1.22 -1.75 -1.81 -1.72 -1.81 -1.84 -1.78 -1.75 -1.69 -1.69 -1.78 -1.81 -1.75 -1.66 -1.59 -1.53 -1.44 -1.38 -1.31 -1.22 -1.16 -1.12 -1.06 -1.00 -0.97 -0.91 -0.88 -0.81 -0.75 -0.69 -0.62 -0.59 -0.56 -0.53 -0.53 -0.56 -0.56 -0.56 -0.56 -0.56 -0.56 -0.59 -0.59 -0.59 -0.59 -0.59 -0.59 -0.59 -0.59
-2.03 -1.91 -1.34 -1.12 -0.94 -1.28 -1.00 -0.81 -0.75 -0.75 -0.81 -1.00 -1.59 -2.25 -2.47 -2.53 -2.56 -2.62 -2.38 -2.19 -2.34 -2.56 -2.53 -2.53 -2.50 -2.38 -1.91 -1.88 -2.06 -2.25 -2.03 -1.88 -1.94 -1.91 -1.88 -1.84 -1.81 -1.81 -1.88 -1.81 -1.72 -1.66 -1.56 -1.50 -1.41 -1.34 -1.28 -1.19 -1.16 -1.09 -1.06 -1.00 -0.97 -0.94 -0.88 -0.81 -0.75 -0.69 -0.62 -0.59 -0.56 -0.56 -0.53 -0.53 -0.56 -0.56 -0.56 -0.56 -0.56 -0.56 -0.56 -0.56 -0.56 -0.56 -0.59 -0.59 -0.56
-2.00 -1.97 -1.66 -1.09 -0.81 -0.75 -0.78 -0.66 -0.62 -0.62 -0.69 -0.81 -1.31 -2.06 -2.50 -2.44 -2.16 -1.94 -1.59 -1.75 -1.81 -2.34 -2.53 -2.56 -2.56 -2.22 -2.00 -2.00 -2.38 -2.47 -2.44 -2.25 -2.09 -2.03 -1.97 -1.94 -1.91 -1.94 -1.88 -1.78 -1.72 -1.62 -1.56 -1.47 -1.41 -1.31 -1.25 -1.19 -1.12 -1.06 -1.03 -1.00 -0.97 -0.91 -0.88 -0.81 -0.75 -0.72 -0.66 -0.62 -0.62 -0.59 -0.56 -0.56 -0.56 -0.56 -0.56 -0.56 -0.56 -0.56 -0.56 -0.59 -0.59 -0.59 -0.59 -0.59 -0.59
-1.97 -1.94 -1.88 -1.22 -0.84 -0.50 -0.69 -0.59 -0.50 -0.53 -0.59 -0.78 -1.16 -1.94 -2.34 -2.09 -1.56 -1.31 -1.09 -1.16 -1.34 -1.59 -1.69 -2.03 -2.41 -2.12 -1.94 -2.12 -2.53 -2.50 -2.47 -2.38 -2.22 -2.12 -2.06 -2.00 -1.97 -1.94 -1.84 -1.78 -1.69 -1.62 -1.53 -1.44 -1.38 -1.28 -1.22 -1.12 -1.09 -1.03 -1.00 -0.97 -0.94 -0.91 -0.84 -0.78 -0.75 -0.72 -0.72 -0.69 -0.66 -0.62 -0.62 -0.59 -0.62 -0.59 -0.59 -0.59 -0.59 -0.59 -0.59 -0.59 -0.59 -0.59 -0.59 -0.59 -0.62
-1.94 -1.88 -1.91 -1.38 -0.94 -0.59 -0.66 -0.53 -0.44 -0.47 -0.56 -0.78 -1.19 -1.84 -2.22 -1.97 -1.03 -0.75 -1.03 -1.56 -1.53 -1.47 -1.44 -1.50 -1.62 -1.69 -1.81 -2.03 -2.53 -2.53 -2.47 -2.41 -2.31 -2.22 -2.12 -2.06 -2.00 -1.94 -1.84 -1.75 -1.66 -1.59 -1.50 -1.41 -1.34 -1.25 -1.16 -1.09 -1.06 -1.00 -0.97 -0.94 -0.91 -0.84 -0.81 -0.75 -0.75 -0.75 -0.75 -0.75 -0.72 -0.69 -0.69 -0.66 -0.66 -0.66 -0.66 -0.66 -0.62 -0.59 -0.59 -0.62 -0.62 -0.62 -0.62 -0.66 -0.66
-1.88 -1.88 -1.91 -1.69 -1.41 -1.19 -0.88 -0.53 -0.44 -0.25 -0.19 -0.34 -0.84 -1.53 -2.25 -2.06 -1.53 -1.31 -1.59 -2.09 -2.22 -2.03 -1.84 -1.50 -1.75 -1.38 -1.22 -1.25 -2.12 -2.56 -2.50 -2.41 -2.34 -2.25 -2.19 -2.09 -2.00 -1.91 -1.81 -1.72 -1.62 -1.56 -1.47 -1.38 -1.28 -1.19 -1.12 -1.06 -1.00 -0.97 -0.94 -0.91 -0.84 -0.81 -0.75 -0.75 -0.75 -0.78 -0.78 -0.78 -0.78 -0.75 -0.72 -0.72 -0.72 -0.72 -0.72 -0.69 -0.69 -0.66 -0.66 -0.66 -0.66 -0.69 -0.69 -0.72 -0.75
-1.91 -1.91 -1.88 -1.84 -1.78 -1.78 -1.31 -0.88 -0.34 0.00 0.06 -0.12 -0.53 -1.19 -1.91 -2.44 -2.16 -1.91 -2.22 -2.53 -2.78 -2.78 -2.75 -2.38 -1.97 -1.38 -0.78 -1.09 -1.81 -2.56 -2.50 -2.41 -2.34 -2.25 -2.16 -2.06 -1.97 -1.88 -1.78 -1.69 -1.59 -1.50 -1.41 -1.31 -1.25 -1.16 -1.06 -1.00 -0.94 -0.91 -0.88 -0.81 -0.78 -0.75 -0.72 -0.72 -0.75 -0.78 -0.81 -0.81 -0.81 -0.78 -0.75 -0.75 -0.75 -0.75 -0.75 -0.75 -0.72 -0.69 -0.69 -0.69 -0.72 -0.75 -0.78 -0.81 -0.88
-1.91 -1.88 -1.91 -1.97 -2.00 -2.09 -1.84 -1.16 -0.53 -0.19 -0.28 -0.50 -0.78 -0.97 -1.59 -2.31 -2.66 -2.66 -2.62 -2.69 -2.78 -2.81 -2.81 -2.56 -2.06 -1.53 -1.03 -1.25 -2.09 -2.56 -2.50 -2.41 -2.31 -2.22 -2.12 -2.03 -1.94 -1.84 -1.75 -1.66 -1.56 -1.47 -1.38 -1.28 -1.19 -1.06 -1.00 -0.91 -0.84 -0.81 -0.78 -0.75 -0.72 -0.69 -0.69 -0.72 -0.75 -0.78 -0.81 -0.81 -0.81 -0.78 -0.78 -0.78 -0.81 -0.81 -0.81 -0.78 -0.78 -0.75 -0.75 -0.75 -0.81 -0.84 -0.91 -0.97 -1.03
-1.91 -1.91 -1.94 -2.00 -2.03 -2.12 -2.00 -1.38 -0.78 -0.66 -0.72 -0.78 -0.94 -1.09 -1.47 -2.12 -2.66 -2.75 -2.75 -2.78 -2.81 -2.72 -2.34 -1.78 -1.62 -1.38 -1.75 -2.22 -2.59 -2.59 -2.50 -2.41 -2.31 -2.22 -2.12 -2.00 -1.91 -1.81 -1.69 -1.59 -1.50 -1.41 -1.31 -1.22 -1.09 -1.00 -0.91 -0.81 -0.78 -0.72 -0.69 -0.69 -0.66 -0.66 -0.66 -0.66 -0.72 -0.75 -0.78 -0.81 -0.81 -0.81 -0.81 -0.81 -0.84 -0.84 -0.84 -0.84 -0.81 -0.81 -0.81 -0.84 -0.91 -0.97 -1.03 -1.12 -1.19
-1.91 -1.91 -1.97 -2.00 -2.09 -2.16 -2.12 -1.53 -0.91 -0.88 -0.91 -0.97 -1.09 -1.25 -1.47 -2.09 -2.66 -2.75 -2.75 -2.62 -2.47 -2.09 -1.72 -1.56 -1.25 -1.66 -2.16 -2.62 -2.69 -2.59 -2.50 -2.41 -2.31 -2.19 -2.09 -1.97 -1.88 -1.75 -1.66 -1.53 -1.44 -1.34 -1.22 -1.12 -1.03 -0.94 -0.84 -0.75 -0.69 -0.66 -0.62 -0.59 -0.56 -0.56 -0.56 -0.62 -0.66 -0.72 -0.75 -0.78 -0.78 -0.81 -0.81 -0.84 -0.91 -0.91 -0.91 -0.91 -0.88 -0.91 -0.91 -0.97 -1.06 -1.12 -1.19 -1.28 -1.31
-1.91 -1.94 -2.00 -2.06 -2.12 -2.19 -2.22 -1.78 -1.19 -1.06 -1.09 -1.16 -1.25 -1.41 -1.62 -2.19 -2.69 -2.50 -2.12 -2.06 -2.22 -1.88 -1.75 -1.66 -2.03 -2.22 -2.50 -2.75 -2.69 -2.59 -2.50 -2.41 -2.28 -2.16 -2.03 -1.94 -1.81 -1.69 -1.59 -1.47 -1.38 -1.28 -1.19 -1.09 -1.00 -0.91 -0.81 -0.72 -0.62 -0.59 -0.53 -0.50 -0.47 -0.47 -0.50 -0.53 -0.59 -0.66 -0.72 -0.75 -0.78 -0.81 -0.84 -0.91 -0.94 -0.94 -0.97 -0.94 -0.97 -1.00 -1.06 -1.12 -1.22 -1.31 -1.38 -1.47 -1.53
-1.94 -1.97 -2.03 -2.09 -2.19 -2.25 -2.34 -2.09 -1.62 -1.28 -1.25 -1.31 -1.44 -1.53 -1.91 -2.41 -2.72 -2.31 -2.09 -1.97 -2.22 -2.25 -2.31 -2.53 -2.59 -2.56 -2.72 -2.75 -2.69 -2.59 -2.47 -2.38 -2.25 -2.12 -2.00 -1.88 -1.75 -1.66 -1.53 -1.44 -1.34 -1.25 -1.16 -1.06 -1.00 -0.91 -0.81 -0.72 -0.62 -0.53 -0.47 -0.44 -0.41 -0.38 -0.41 -0.47 -0.53 -0.59 -0.66 -0.72 -0.75 -0.81 -0.88 -0.94 -0.97 -0.97 -1.00 -1.00 -1.06 -1.12 -1.19 -1.28 -1.38 -1.50 -1.59 -1.69 -1.75
-2.00 -2.03 -2.09 -2.19 -2.28 -2.38 -2.44 -2.53 -2.19 -1.84 -1.59 -1.50 -1.62 -1.91 -2.28 -2.72 -2.78 -2.53 -2.25 -2.41 -2.75 -2.84 -2.88 -2.91 -2.94 -2.88 -2.84 -2.75 -2.66 -2.56 -2.47 -2.34 -2.19 -2.06 -1.94 -1.81 -1.72 -1.59 -1.50 -1.41 -1.31 -1.25 -1.16 -1.09 -1.00 -0.91 -0.81 -0.72 -0.62 -0.53 -0.44 -0.38 -0.34 -0.34 -0.34 -0.41 -0.47 -0.56 -0.62 -0.69 -0.78 -0.84 -0.91 -0.97 -1.00 -1.03 -1.03 -1.09 -1.16 -1.25 -1.38 -1.47 -1.59 -1.69 -1.78 -1.88 -1.94
-2.06 -2.12 -2.22 -2.31 -2.41 -2.50 -2.59 -2.69 -2.72 -2.50 -2.31 -2.25 -2.28 -2.44 -2.72 -2.78 -2.81 -2.84 -2.88 -2.94 -2.97 -3.00 -3.00 -3.00 -2.97 -2.91 -2.84 -2.75 -2.66 -2.56 -2.44 -2.28 -2.16 -2.03 -1.91 -1.78 -1.66 -1.56 -1.47 -1.38 -1.31 -1.25 -1.19 -1.09 -1.03 -0.94 -0.84 -0.72 -0.62 -0.50 -0.41 -0.34 -0.31 -0.31 -0.34 -0.41 -0.47 -0.53 -0.62 -0.72 -0.78 -0.88 -0.94 -1.00 -1.03 -1.09 -1.16 -1.22 -1.34 -1.47 -1.56 -1.69 -1.75 -1.84 -1.94 -2.00 -2.09
-2.16 -2.25 -2.34 -2.47 -2.56 -2.69 -2.75 -2.81 -2.88 -2.91 -2.91 -2.91 -2.88 -2.84 -2.81 -2.81 -2.84 -2.91 -2.94 -3.00 -3.03 -3.06 -3.06 -3.03 -3.00 -2.94 -2.84 -2.75 -2.66 -2.53 -2.41 -2.25 -2.12 -2.00 -1.88 -1.72 -1.62 -1.50 -1.44 -1.34 -1.28 -1.22 -1.16 -1.09 -1.00 -0.94 -0.84 -0.72 -0.62 -0.50 -0.41 -0.34 -0.31 -0.34 -0.38 -0.41 -0.50 -0.56 -0.66 -0.75 -0.81 -0.91 -1.00 -1.06 -1.12 -1.22 -1.31 -1.41 -1.53 -1.62 -1.72 -1.81 -1.91 -2.00 -2.09 -2.22 -2.28
-2.28 -2.38 -2.50 -2.62 -2.72 -2.81 -2.91 -2.97 -3.00 -3.03 -3.03 -3.03 -3.00 -2.97 -2.91 -2.91 -2.91 -2.97 -3.00 -3.06 -3.09 -3.12 -3.12 -3.06 -3.03 -2.97 -2.84 -2.75 -2.62 -2.50 -2.34 -2.19 -2.06 -1.91 -1.78 -1.66 -1.53 -1.44 -1.34 -1.28 -1.22 -1.16 -1.12 -1.06 -0.97 -0.88 -0.78 -0.69 -0.59 -0.53 -0.44 -0.41 -0.38 -0.41 -0.44 -0.47 -0.56 -0.62 -0.72 -0.81 -0.91 -1.00 -1.09 -1.19 -1.28 -1.38 -1.47 -1.56 -1.66 -1.75 -1.88 -1.97 -2.09 -2.19 -2.28 -2.41 -2.47
-2.41 -2.53 -2.62 -2.75 -2.81 -2.91 -2.97 -3.03 -3.09 -3.12 -3.16 -3.16 -3.12 -3.06 -3.03 -3.00 -3.03 -3.03 -3.09 -3.16 -3.19 -3.19 -3.16 -3.12 -3.06 -2.97 -2.88 -2.75 -2.59 -2.47 -2.28 -2.12 -1.97 -1.81 -1.66 -1.53 -1.44 -1.34 -1.25 -1.19 -1.12 -1.09 -1.03 -0.97 -0.88 -0.81 -0.72 -0.66 -0.56 -0.50 -0.47 -0.47 -0.47 -0.47 -0.50 -0.56 -0.62 -0.72 -0.81 -0.94 -1.03 -1.16 -1.25 -1.34 -1.44 -1.50 -1.59 -1.69 -1.81 -1.91 -2.03 -2.19 -2.31 -2.41 -2.50 -2.56 -2.66
-2.56 -2.66 -2.75 -2.81 -2.91 -2.94 -3.00 -3.03 -3.09 -3.12 -3.16 -3.19 -3.19 -3.16 -3.12 -3.12 -3.16 -3.16 -3.19 -3.25 -3.28 -3.28 -3.22 -3.19 -3.09 -3.00 -2.88 -2.72 -2.56 -2.41 -2.22 -2.03 -1.84 -1.69 -1.53 -1.41 -1.28 -1.16 -1.09 -1.03 -1.00 -0.97 -0.94 -0.88 -0.81 -0.75 -0.69 -0.62 -0.59 -0.53 -0.53 -0.53 -0.53 -0.56 -0.59 -0.66 -0.75 -0.84 -0.97 -1.09 -1.22 -1.34 -1.38 -1.44 -1.50 -1.56 -1.69 -1.81 -1.97 -2.09 -2.25 -2.38 -2.50 -2.62 -2.72 -2.78 -2.81
-2.66 -2.72 -2.78 -2.84 -2.91 -2.94 -2.97 -3.00 -3.03 -3.09 -3.12 -3.19 -3.22 -3.25 -3.28 -3.28 -3.28 -3.31 -3.31 -3.34 -3.38 -3.34 -3.31 -3.25 -3.12 -3.00 -2.84 -2.69 -2.50 -2.31 -2.09 -1.91 -1.75 -1.56 -1.41 -1.25 -1.12 -1.00 -0.94 -0.88 -0.84 -0.84 -0.81 -0.78 -0.72 -0.69 -0.66 -0.62 -0.59 -0.59 -0.62 -0.62 -0.66 -0.69 -0.72 -0.78 -0.88 -1.00 -1.16 -1.28 -1.34 -1.38 -1.41 -1.47 -1.56 -1.69 -1.81 -1.97 -2.12 -2.28 -2.44 -2.56 -2.72 -2.84 -2.91 -2.97 -3.00
