everonasctiles/Tile4,37.asc
ncols 128
nrows 128
xllcorner 0
yllcorner 0
cellsize 2.0
NODATA_value  -9999
[rows 0 to 31 of 128, columns 0 to 70 of 128]
-94.31 -94.59 -94.94 -95.28 -95.59 -95.97 -96.31 -96.66 -96.94 -97.19 -97.38 -97.53 -97.62 -97.69 -97.75 -97.75 -97.75 -97.72 -97.69 -97.66 -97.69 -97.72 -97.81 -97.94 -98.03 -98.09 -98.12 -98.12 -98.06 -97.97 -97.81 -97.66 -97.50 -97.31 -97.09 -96.88 -96.62 -96.38 -96.09 -95.88 -95.72 -95.59 -95.50 -95.47 -95.50 -95.56 -95.62 -95.66 -95.62 -95.56 -95.47 -95.25 -95.06 -95.06 -95.19 -95.28 -95.34 -95.41 -95.41 -95.44 -95.53 -95.62 -95.75 -95.88 -95.94 -95.97 -95.97 -95.97 -95.97 -96.03 -96.12
-94.44 -94.66 -94.91 -95.22 -95.53 -95.88 -96.19 -96.50 -96.75 -96.97 -97.12 -97.28 -97.34 -97.38 -97.41 -97.41 -97.38 -97.34 -97.28 -97.22 -97.22 -97.28 -97.38 -97.50 -97.59 -97.66 -97.72 -97.72 -97.69 -97.56 -97.44 -97.28 -97.12 -96.94 -96.72 -96.53 -96.31 -96.06 -95.81 -95.59 -95.41 -95.25 -95.12 -95.06 -95.03 -95.06 -95.06 -95.06 -95.00 -94.94 -94.69 -94.22 -93.97 -94.00 -94.28 -94.69 -94.88 -95.00 -95.06 -95.09 -95.16 -95.28 -95.38 -95.47 -95.53 -95.56 -95.56 -95.59 -95.62 -95.69 -95.75
-94.47 -94.66 -94.91 -95.16 -95.47 -95.75 -96.06 -96.31 -96.56 -96.75 -96.91 -97.00 -97.06 -97.06 -97.06 -97.03 -97.00 -96.94 -96.88 -96.81 -96.81 -96.84 -96.94 -97.06 -97.16 -97.22 -97.28 -97.31 -97.25 -97.19 -97.06 -96.91 -96.72 -96.53 -96.34 -96.12 -95.94 -95.72 -95.53 -95.31 -95.12 -94.94 -94.78 -94.66 -94.56 -94.56 -94.53 -94.47 -94.41 -94.25 -93.66 -93.09 -92.78 -92.91 -93.38 -94.06 -94.41 -94.59 -94.66 -94.69 -94.78 -94.88 -94.97 -95.06 -95.09 -95.09 -95.12 -95.16 -95.19 -95.25 -95.31
-94.47 -94.66 -94.88 -95.12 -95.38 -95.66 -95.91 -96.12 -96.34 -96.53 -96.66 -96.75 -96.75 -96.75 -96.72 -96.69 -96.62 -96.56 -96.47 -96.41 -96.38 -96.44 -96.50 -96.59 -96.66 -96.75 -96.81 -96.84 -96.81 -96.75 -96.66 -96.50 -96.31 -96.12 -95.91 -95.69 -95.50 -95.34 -95.19 -95.00 -94.84 -94.66 -94.47 -94.28 -94.12 -94.03 -93.97 -93.91 -93.78 -93.41 -92.59 -91.94 -91.62 -91.94 -92.75 -93.53 -93.97 -94.16 -94.19 -94.22 -94.31 -94.44 -94.56 -94.62 -94.62 -94.66 -94.66 -94.66 -94.69 -94.75 -94.81
-94.41 -94.59 -94.78 -95.03 -95.25 -95.50 -95.72 -95.94 -96.12 -96.28 -96.41 -96.47 -96.47 -96.44 -96.41 -96.34 -96.25 -96.19 -96.09 -96.00 -95.97 -96.00 -96.06 -96.12 -96.19 -96.25 -96.31 -96.34 -96.31 -96.28 -96.22 -96.09 -95.91 -95.69 -95.47 -95.25 -95.03 -94.88 -94.75 -94.62 -94.50 -94.34 -94.16 -93.94 -93.72 -93.53 -93.47 -93.38 -93.16 -92.44 -91.53 -90.84 -90.69 -91.31 -92.41 -93.09 -93.50 -93.62 -93.62 -93.66 -93.81 -94.00 -94.09 -94.16 -94.16 -94.12 -94.12 -94.12 -94.12 -94.16 -94.25
-94.31 -94.47 -94.66 -94.88 -95.09 -95.31 -95.56 -95.75 -95.91 -96.06 -96.16 -96.19 -96.19 -96.16 -96.09 -96.03 -95.91 -95.81 -95.69 -95.56 -95.50 -95.50 -95.59 -95.66 -95.72 -95.75 -95.78 -95.81 -95.78 -95.78 -95.72 -95.62 -95.44 -95.22 -94.97 -94.75 -94.53 -94.38 -94.28 -94.19 -94.12 -94.03 -93.88 -93.66 -93.38 -93.06 -92.88 -92.69 -92.25 -91.47 -90.56 -89.91 -90.06 -91.09 -92.06 -92.66 -92.97 -93.00 -92.94 -92.94 -93.22 -93.50 -93.62 -93.66 -93.59 -93.47 -93.47 -93.50 -93.50 -93.53 -93.62
-94.16 -94.31 -94.50 -94.72 -94.94 -95.16 -95.34 -95.53 -95.69 -95.78 -95.88 -95.94 -95.94 -95.91 -95.84 -95.75 -95.59 -95.44 -95.28 -95.06 -94.84 -94.78 -94.81 -94.94 -95.12 -95.22 -95.28 -95.25 -95.22 -95.22 -95.19 -95.12 -94.94 -94.69 -94.44 -94.19 -93.97 -93.81 -93.72 -93.69 -93.66 -93.62 -93.53 -93.34 -93.06 -92.69 -92.28 -91.84 -91.28 -90.53 -89.66 -89.19 -89.75 -90.97 -91.66 -92.12 -92.31 -92.25 -92.06 -92.09 -92.59 -93.00 -93.16 -93.12 -92.91 -92.56 -92.47 -92.59 -92.75 -92.84 -92.94
-94.00 -94.16 -94.34 -94.53 -94.75 -94.97 -95.16 -95.31 -95.44 -95.53 -95.62 -95.69 -95.69 -95.66 -95.59 -95.50 -95.34 -95.16 -94.94 -94.62 -94.28 -94.06 -93.97 -94.00 -94.12 -94.31 -94.44 -94.56 -94.59 -94.59 -94.59 -94.53 -94.38 -94.12 -93.84 -93.59 -93.31 -93.06 -93.06 -93.09 -93.12 -93.16 -93.12 -93.03 -92.78 -92.41 -91.91 -91.22 -90.47 -89.66 -88.88 -88.66 -89.53 -90.66 -91.19 -91.50 -91.53 -91.41 -91.03 -91.28 -92.03 -92.50 -92.62 -92.50 -92.06 -91.50 -91.31 -91.47 -91.81 -92.06 -92.22
-93.81 -93.97 -94.16 -94.34 -94.56 -94.78 -94.94 -95.06 -95.19 -95.28 -95.34 -95.41 -95.44 -95.44 -95.38 -95.28 -95.12 -94.94 -94.69 -94.38 -93.97 -93.56 -93.28 -93.12 -93.12 -93.22 -93.31 -93.47 -93.69 -93.94 -93.97 -93.91 -93.75 -93.50 -93.22 -92.91 -92.44 -92.12 -92.16 -92.41 -92.53 -92.59 -92.66 -92.62 -92.47 -92.16 -91.66 -90.94 -90.00 -89.06 -88.28 -88.19 -89.16 -90.16 -90.56 -90.78 -90.78 -90.50 -90.12 -90.69 -91.53 -91.97 -92.06 -91.81 -91.22 -90.44 -90.12 -90.34 -90.75 -91.19 -91.44
-93.62 -93.78 -93.97 -94.19 -94.38 -94.56 -94.72 -94.84 -94.94 -95.03 -95.09 -95.16 -95.19 -95.19 -95.12 -95.06 -94.94 -94.78 -94.53 -94.28 -93.94 -93.53 -93.06 -92.66 -92.41 -92.28 -92.28 -92.38 -92.62 -93.06 -93.28 -93.25 -93.09 -92.81 -92.56 -92.19 -91.53 -91.12 -91.12 -91.47 -91.84 -92.00 -92.09 -92.16 -92.12 -91.91 -91.50 -90.88 -89.94 -88.91 -88.00 -87.75 -88.56 -89.59 -89.91 -90.03 -90.00 -89.53 -89.44 -90.28 -91.03 -91.38 -91.41 -91.12 -90.47 -89.53 -89.09 -89.25 -89.78 -90.31 -90.66
-93.41 -93.59 -93.78 -94.00 -94.19 -94.34 -94.47 -94.59 -94.69 -94.78 -94.84 -94.91 -94.91 -94.91 -94.91 -94.84 -94.75 -94.59 -94.41 -94.19 -93.91 -93.59 -93.22 -92.78 -92.31 -91.88 -91.62 -91.50 -91.66 -92.00 -92.44 -92.59 -92.44 -92.19 -91.94 -91.44 -90.62 -90.12 -90.06 -90.41 -90.97 -91.34 -91.50 -91.59 -91.66 -91.56 -91.28 -90.81 -90.09 -89.09 -88.03 -87.38 -87.78 -88.72 -89.25 -89.38 -89.19 -88.66 -88.97 -89.84 -90.41 -90.72 -90.72 -90.44 -89.81 -88.84 -88.22 -88.34 -88.94 -89.53 -89.91
-93.22 -93.41 -93.59 -93.78 -93.97 -94.12 -94.25 -94.34 -94.44 -94.53 -94.59 -94.62 -94.66 -94.66 -94.62 -94.59 -94.53 -94.41 -94.28 -94.09 -93.88 -93.59 -93.28 -92.94 -92.56 -92.16 -91.66 -91.22 -91.00 -91.09 -91.34 -91.59 -91.69 -91.53 -91.22 -90.56 -89.78 -89.19 -89.00 -89.34 -89.94 -90.56 -90.88 -91.03 -91.12 -91.12 -91.00 -90.62 -90.06 -89.31 -88.25 -87.25 -86.97 -87.56 -88.22 -88.53 -88.19 -87.91 -88.59 -89.31 -89.75 -90.03 -90.03 -89.78 -89.25 -88.41 -87.62 -87.66 -88.31 -88.81 -89.19
-93.00 -93.19 -93.38 -93.56 -93.72 -93.88 -94.00 -94.09 -94.19 -94.25 -94.31 -94.34 -94.38 -94.38 -94.34 -94.31 -94.28 -94.19 -94.09 -93.97 -93.78 -93.56 -93.31 -93.00 -92.69 -92.34 -91.97 -91.53 -91.03 -90.66 -90.50 -90.47 -90.44 -90.31 -90.06 -89.59 -88.91 -88.28 -88.03 -88.28 -88.88 -89.53 -90.09 -90.38 -90.53 -90.62 -90.59 -90.31 -89.84 -89.25 -88.47 -87.34 -86.47 -86.44 -86.88 -87.19 -87.12 -87.31 -88.09 -88.66 -89.00 -89.25 -89.31 -89.12 -88.69 -88.03 -87.22 -87.16 -87.78 -88.16 -88.47
-92.78 -92.97 -93.16 -93.31 -93.50 -93.62 -93.75 -93.84 -93.91 -93.97 -94.03 -94.06 -94.06 -94.06 -94.06 -94.03 -94.00 -93.94 -93.88 -93.78 -93.66 -93.50 -93.28 -93.00 -92.72 -92.44 -92.09 -91.75 -91.34 -90.91 -90.38 -89.91 -89.56 -89.25 -88.97 -88.59 -88.06 -87.50 -87.12 -87.28 -87.78 -88.44 -89.09 -89.59 -89.88 -90.03 -90.06 -89.94 -89.53 -89.00 -88.38 -87.53 -86.34 -85.66 -85.69 -85.97 -86.19 -86.69 -87.47 -87.94 -88.25 -88.50 -88.59 -88.47 -88.12 -87.59 -86.97 -86.75 -87.22 -87.50 -87.75
-92.56 -92.72 -92.91 -93.09 -93.25 -93.38 -93.47 -93.56 -93.62 -93.69 -93.72 -93.75 -93.78 -93.78 -93.75 -93.75 -93.72 -93.69 -93.62 -93.56 -93.47 -93.34 -93.19 -92.97 -92.72 -92.44 -92.16 -91.81 -91.47 -91.06 -90.62 -90.12 -89.53 -88.91 -88.38 -87.88 -87.38 -86.81 -86.41 -86.38 -86.75 -87.34 -88.00 -88.69 -89.16 -89.41 -89.50 -89.44 -89.12 -88.62 -88.09 -87.41 -86.28 -85.22 -84.78 -84.94 -85.34 -86.00 -86.75 -87.19 -87.50 -87.72 -87.84 -87.78 -87.50 -87.12 -86.66 -86.44 -86.69 -86.88 -87.03
-92.31 -92.50 -92.66 -92.84 -93.00 -93.12 -93.22 -93.28 -93.34 -93.38 -93.41 -93.44 -93.44 -93.44 -93.44 -93.44 -93.41 -93.38 -93.34 -93.31 -93.25 -93.16 -93.03 -92.84 -92.62 -92.41 -92.12 -91.84 -91.53 -91.16 -90.75 -90.31 -89.81 -89.25 -88.53 -87.81 -87.16 -86.50 -85.94 -85.69 -85.84 -86.31 -86.97 -87.72 -88.41 -88.72 -88.88 -88.84 -88.59 -88.16 -87.66 -87.03 -86.09 -84.94 -84.16 -84.09 -84.53 -85.22 -85.97 -86.41 -86.72 -86.94 -87.09 -87.06 -86.88 -86.56 -86.25 -86.09 -86.16 -86.28 -86.34
-92.09 -92.25 -92.41 -92.59 -92.75 -92.84 -92.91 -92.97 -93.00 -93.06 -93.09 -93.09 -93.12 -93.12 -93.09 -93.09 -93.09 -93.06 -93.03 -93.03 -92.97 -92.91 -92.81 -92.66 -92.47 -92.28 -92.06 -91.81 -91.53 -91.19 -90.78 -90.34 -89.91 -89.41 -88.84 -88.12 -87.38 -86.62 -85.94 -85.38 -85.22 -85.50 -86.12 -86.94 -87.72 -88.06 -88.22 -88.22 -88.03 -87.66 -87.16 -86.53 -85.72 -84.59 -83.69 -83.41 -83.78 -84.44 -85.16 -85.62 -85.94 -86.19 -86.34 -86.34 -86.19 -85.97 -85.75 -85.66 -85.66 -85.72 -85.72
-91.84 -92.00 -92.19 -92.34 -92.47 -92.56 -92.59 -92.62 -92.66 -92.69 -92.72 -92.75 -92.75 -92.75 -92.75 -92.75 -92.75 -92.72 -92.72 -92.69 -92.69 -92.66 -92.56 -92.44 -92.28 -92.09 -91.88 -91.69 -91.44 -91.16 -90.81 -90.41 -89.94 -89.47 -88.97 -88.41 -87.72 -87.00 -86.28 -85.62 -85.09 -85.00 -85.47 -86.28 -87.09 -87.38 -87.53 -87.56 -87.41 -87.09 -86.62 -86.03 -85.28 -84.25 -83.31 -82.84 -83.06 -83.62 -84.31 -84.84 -85.16 -85.44 -85.59 -85.62 -85.53 -85.38 -85.22 -85.16 -85.16 -85.16 -85.12
-91.59 -91.75 -91.94 -92.09 -92.19 -92.25 -92.28 -92.28 -92.31 -92.31 -92.34 -92.38 -92.38 -92.38 -92.38 -92.38 -92.38 -92.38 -92.34 -92.34 -92.34 -92.34 -92.28 -92.19 -92.03 -91.84 -91.66 -91.47 -91.31 -91.06 -90.78 -90.41 -90.00 -89.53 -89.03 -88.53 -87.97 -87.41 -86.78 -86.12 -85.47 -84.94 -85.03 -85.72 -86.47 -86.72 -86.84 -86.84 -86.69 -86.44 -86.06 -85.53 -84.88 -84.09 -83.06 -82.41 -82.44 -82.94 -83.62 -84.12 -84.44 -84.69 -84.84 -84.91 -84.84 -84.72 -84.66 -84.62 -84.62 -84.59 -84.56
-91.38 -91.53 -91.69 -91.81 -91.91 -91.97 -91.97 -91.94 -91.94 -91.94 -91.94 -91.94 -91.97 -91.97 -91.97 -91.97 -91.97 -91.97 -91.97 -91.97 -91.97 -91.97 -91.94 -91.88 -91.72 -91.56 -91.38 -91.22 -91.06 -90.91 -90.69 -90.38 -90.00 -89.56 -89.09 -88.62 -88.12 -87.59 -87.12 -86.59 -85.94 -85.22 -84.78 -85.19 -85.84 -86.09 -86.16 -86.09 -85.97 -85.75 -85.44 -85.00 -84.44 -83.81 -83.03 -82.19 -81.94 -82.38 -83.03 -83.44 -83.72 -83.97 -84.12 -84.22 -84.16 -84.09 -84.06 -84.06 -84.06 -84.06 -84.03
-91.12 -91.28 -91.44 -91.56 -91.62 -91.62 -91.62 -91.59 -91.56 -91.53 -91.53 -91.53 -91.53 -91.53 -91.56 -91.56 -91.59 -91.56 -91.56 -91.56 -91.59 -91.59 -91.59 -91.53 -91.41 -91.25 -91.09 -90.91 -90.78 -90.66 -90.50 -90.28 -89.97 -89.59 -89.19 -88.69 -88.22 -87.72 -87.22 -86.75 -86.25 -85.56 -84.88 -84.69 -85.16 -85.44 -85.47 -85.41 -85.25 -85.03 -84.75 -84.41 -83.94 -83.44 -82.88 -82.12 -81.62 -81.91 -82.47 -82.78 -83.03 -83.28 -83.44 -83.53 -83.50 -83.47 -83.47 -83.50 -83.50 -83.50 -83.47
-90.91 -91.06 -91.19 -91.28 -91.31 -91.31 -91.28 -91.22 -91.16 -91.12 -91.09 -91.09 -91.09 -91.09 -91.12 -91.12 -91.16 -91.16 -91.16 -91.12 -91.16 -91.19 -91.19 -91.12 -91.03 -90.91 -90.75 -90.59 -90.47 -90.34 -90.22 -90.06 -89.88 -89.56 -89.22 -88.78 -88.31 -87.81 -87.31 -86.81 -86.31 -85.78 -85.16 -84.53 -84.50 -84.78 -84.81 -84.72 -84.56 -84.34 -84.09 -83.78 -83.41 -82.97 -82.53 -82.03 -81.44 -81.50 -81.94 -82.19 -82.41 -82.62 -82.78 -82.88 -82.88 -82.84 -82.88 -82.91 -82.94 -82.94 -82.94
-90.69 -90.81 -90.94 -91.00 -91.03 -91.00 -90.94 -90.88 -90.78 -90.69 -90.66 -90.62 -90.66 -90.66 -90.66 -90.69 -90.72 -90.72 -90.69 -90.69 -90.72 -90.75 -90.75 -90.72 -90.62 -90.53 -90.38 -90.25 -90.09 -90.00 -89.91 -89.81 -89.66 -89.44 -89.16 -88.78 -88.38 -87.88 -87.38 -86.84 -86.34 -85.84 -85.31 -84.75 -84.19 -84.19 -84.22 -84.12 -83.94 -83.72 -83.44 -83.16 -82.84 -82.50 -82.12 -81.75 -81.31 -81.16 -81.44 -81.62 -81.81 -82.00 -82.16 -82.22 -82.25 -82.25 -82.28 -82.31 -82.34 -82.34 -82.28
-90.47 -90.56 -90.66 -90.69 -90.69 -90.66 -90.59 -90.50 -90.41 -90.31 -90.22 -90.19 -90.19 -90.19 -90.22 -90.22 -90.25 -90.25 -90.25 -90.25 -90.28 -90.31 -90.31 -90.28 -90.22 -90.12 -90.00 -89.88 -89.75 -89.66 -89.56 -89.50 -89.38 -89.25 -89.03 -88.72 -88.34 -87.91 -87.41 -86.88 -86.34 -85.81 -85.25 -84.75 -84.25 -83.81 -83.72 -83.59 -83.41 -83.16 -82.91 -82.59 -82.34 -82.03 -81.75 -81.41 -81.12 -80.88 -80.97 -81.12 -81.28 -81.41 -81.53 -81.59 -81.62 -81.66 -81.69 -81.72 -81.75 -81.72 -81.59
-90.25 -90.31 -90.38 -90.41 -90.38 -90.34 -90.25 -90.16 -90.03 -89.91 -89.81 -89.75 -89.75 -89.75 -89.75 -89.75 -89.78 -89.78 -89.78 -89.78 -89.81 -89.84 -89.88 -89.84 -89.78 -89.72 -89.62 -89.50 -89.38 -89.28 -89.22 -89.16 -89.09 -88.97 -88.81 -88.56 -88.25 -87.88 -87.41 -86.88 -86.31 -85.75 -85.16 -84.62 -84.12 -83.66 -83.34 -83.16 -82.94 -82.72 -82.44 -82.16 -81.88 -81.62 -81.34 -81.09 -80.84 -80.66 -80.59 -80.66 -80.75 -80.88 -80.94 -81.00 -81.03 -81.06 -81.09 -81.12 -81.16 -80.97 -80.94
-90.00 -90.03 -90.09 -90.09 -90.06 -90.00 -89.91 -89.81 -89.69 -89.53 -89.41 -89.34 -89.31 -89.28 -89.28 -89.28 -89.28 -89.28 -89.28 -89.31 -89.34 -89.38 -89.41 -89.38 -89.31 -89.28 -89.19 -89.09 -89.00 -88.91 -88.84 -88.81 -88.75 -88.66 -88.53 -88.34 -88.09 -87.75 -87.31 -86.78 -86.25 -85.66 -85.06 -84.47 -83.94 -83.44 -83.06 -82.78 -82.56 -82.31 -82.06 -81.81 -81.53 -81.28 -81.03 -80.78 -80.56 -80.38 -80.28 -80.25 -80.31 -80.34 -80.41 -80.44 -80.47 -80.47 -80.50 -80.56 -80.50 -80.22 -80.34
-89.72 -89.75 -89.78 -89.78 -89.75 -89.69 -89.59 -89.47 -89.31 -89.19 -89.06 -88.94 -88.91 -88.84 -88.81 -88.81 -88.78 -88.78 -88.78 -88.81 -88.84 -88.91 -88.91 -88.91 -88.88 -88.81 -88.78 -88.72 -88.62 -88.53 -88.47 -88.44 -88.41 -88.34 -88.22 -88.06 -87.88 -87.56 -87.16 -86.66 -86.12 -85.53 -84.91 -84.31 -83.72 -83.19 -82.78 -82.44 -82.19 -81.97 -81.75 -81.50 -81.22 -80.97 -80.75 -80.53 -80.31 -80.12 -79.97 -79.91 -79.88 -79.88 -79.88 -79.91 -79.91 -79.94 -79.97 -79.97 -79.72 -79.59 -79.97
-89.44 -89.47 -89.47 -89.44 -89.41 -89.34 -89.25 -89.12 -89.00 -88.84 -88.69 -88.59 -88.50 -88.44 -88.38 -88.34 -88.28 -88.28 -88.28 -88.28 -88.34 -88.41 -88.44 -88.44 -88.41 -88.38 -88.34 -88.28 -88.22 -88.16 -88.09 -88.06 -88.03 -87.97 -87.88 -87.75 -87.59 -87.31 -86.97 -86.50 -85.97 -85.38 -84.78 -84.16 -83.53 -82.97 -82.47 -82.12 -81.84 -81.62 -81.41 -81.19 -80.94 -80.72 -80.47 -80.28 -80.06 -79.88 -79.69 -79.56 -79.50 -79.44 -79.41 -79.41 -79.41 -79.44 -79.47 -79.34 -79.06 -79.22 -79.84
-89.16 -89.16 -89.12 -89.12 -89.06 -89.00 -88.91 -88.78 -88.66 -88.50 -88.38 -88.22 -88.12 -88.03 -87.97 -87.88 -87.81 -87.78 -87.75 -87.78 -87.84 -87.91 -87.97 -87.97 -87.94 -87.94 -87.91 -87.88 -87.84 -87.78 -87.72 -87.66 -87.62 -87.56 -87.50 -87.41 -87.25 -87.03 -86.72 -86.28 -85.78 -85.19 -84.59 -83.97 -83.38 -82.75 -82.22 -81.81 -81.50 -81.28 -81.06 -80.84 -80.66 -80.44 -80.22 -80.03 -79.81 -79.62 -79.44 -79.28 -79.16 -79.03 -78.97 -78.94 -78.94 -78.94 -78.88 -78.66 -78.62 -79.09 -79.75
-88.84 -88.81 -88.78 -88.75 -88.72 -88.62 -88.56 -88.44 -88.31 -88.19 -88.03 -87.91 -87.78 -87.66 -87.56 -87.44 -87.34 -87.28 -87.25 -87.28 -87.34 -87.41 -87.47 -87.50 -87.50 -87.47 -87.47 -87.47 -87.44 -87.38 -87.31 -87.25 -87.19 -87.16 -87.09 -87.00 -86.88 -86.69 -86.41 -86.03 -85.53 -84.97 -84.38 -83.75 -83.16 -82.56 -81.97 -81.50 -81.16 -80.91 -80.72 -80.53 -80.34 -80.12 -79.94 -79.78 -79.59 -79.41 -79.22 -79.00 -78.84 -78.69 -78.56 -78.47 -78.41 -78.28 -78.12 -78.06 -78.38 -79.03 -79.56
-88.53 -88.50 -88.44 -88.38 -88.31 -88.25 -88.19 -88.06 -87.94 -87.81 -87.69 -87.53 -87.41 -87.28 -87.16 -87.03 -86.91 -86.81 -86.75 -86.75 -86.81 -86.91 -86.97 -87.03 -87.03 -87.03 -87.03 -87.06 -87.03 -86.97 -86.91 -86.84 -86.78 -86.72 -86.66 -86.56 -86.44 -86.25 -86.03 -85.69 -85.25 -84.72 -84.12 -83.53 -82.91 -82.28 -81.72 -81.22 -80.81 -80.56 -80.34 -80.19 -80.00 -79.84 -79.66 -79.50 -79.34 -79.19 -79.00 -78.81 -78.59 -78.38 -78.19 -78.00 -77.81 -77.62 -77.47 -77.59 -78.19 -78.84 -79.34
-88.19 -88.12 -88.06 -88.00 -87.94 -87.84 -87.78 -87.69 -87.56 -87.44 -87.31 -87.19 -87.06 -86.91 -86.78 -86.62 -86.47 -86.34 -86.25 -86.25 -86.31 -86.41 -86.50 -86.56 -86.59 -86.59 -86.62 -86.62 -86.62 -86.56 -86.50 -86.44 -86.34 -86.28 -86.22 -86.09 -85.97 -85.81 -85.56 -85.25 -84.84 -84.38 -83.81 -83.22 -82.62 -82.00 -81.44 -80.94 -80.50 -80.22 -80.00 -79.84 -79.66 -79.50 -79.34 -79.22 -79.06 -78.94 -78.81 -78.62 -78.41 -78.16 -77.91 -77.66 -77.34 -77.03 -76.94 -77.28 -78.03 -78.62 -79.09
