everonasctiles/Tile27,49.asc
ncols 128
nrows 128
xllcorner 0
yllcorner 0
cellsize 2.0
NODATA_value  -9999
[rows 96 to 127 of 128, columns 0 to 70 of 128]
-93.47 -93.47 -93.44 -93.34 -93.22 -93.06 -92.91 -92.75 -92.62 -92.47 -92.38 -92.34 -92.34 -92.34 -92.38 -92.41 -92.44 -92.50 -92.53 -92.59 -92.62 -92.66 -92.62 -92.59 -92.53 -92.50 -92.47 -92.47 -92.50 -92.50 -92.53 -92.56 -92.59 -92.59 -92.56 -92.53 -92.53 -92.50 -92.50 -92.53 -92.56 -92.56 -92.56 -92.56 -92.59 -92.62 -92.66 -92.72 -92.78 -92.84 -92.94 -92.97 -93.03 -93.06 -93.09 -93.09 -93.12 -93.16 -93.22 -93.28 -93.41 -93.53 -93.66 -93.75 -93.84 -93.91 -93.91 -93.91 -93.91 -93.91 -93.91
-93.56 -93.56 -93.53 -93.41 -93.28 -93.12 -92.97 -92.81 -92.66 -92.53 -92.44 -92.44 -92.44 -92.47 -92.47 -92.50 -92.53 -92.59 -92.62 -92.66 -92.69 -92.69 -92.69 -92.66 -92.59 -92.56 -92.53 -92.53 -92.56 -92.56 -92.59 -92.62 -92.62 -92.59 -92.56 -92.56 -92.53 -92.50 -92.50 -92.53 -92.56 -92.56 -92.56 -92.56 -92.56 -92.59 -92.66 -92.69 -92.78 -92.84 -92.91 -92.97 -93.00 -93.06 -93.09 -93.12 -93.16 -93.19 -93.25 -93.31 -93.44 -93.56 -93.69 -93.81 -93.91 -93.97 -93.97 -93.97 -93.97 -93.97 -93.97
-93.62 -93.66 -93.59 -93.47 -93.34 -93.19 -93.00 -92.84 -92.69 -92.56 -92.53 -92.53 -92.53 -92.56 -92.59 -92.62 -92.66 -92.69 -92.72 -92.75 -92.75 -92.75 -92.72 -92.69 -92.62 -92.59 -92.59 -92.59 -92.62 -92.62 -92.66 -92.66 -92.66 -92.62 -92.59 -92.56 -92.53 -92.50 -92.50 -92.53 -92.56 -92.56 -92.56 -92.56 -92.56 -92.59 -92.66 -92.72 -92.78 -92.84 -92.91 -92.97 -93.00 -93.03 -93.09 -93.12 -93.16 -93.22 -93.25 -93.34 -93.44 -93.56 -93.69 -93.81 -93.94 -94.00 -94.03 -94.03 -94.03 -94.03 -94.06
-93.69 -93.69 -93.62 -93.53 -93.38 -93.22 -93.06 -92.91 -92.75 -92.69 -92.66 -92.66 -92.66 -92.69 -92.69 -92.72 -92.75 -92.78 -92.81 -92.81 -92.81 -92.78 -92.75 -92.72 -92.69 -92.66 -92.66 -92.69 -92.69 -92.72 -92.72 -92.69 -92.69 -92.62 -92.59 -92.56 -92.53 -92.50 -92.50 -92.53 -92.53 -92.56 -92.56 -92.59 -92.59 -92.62 -92.69 -92.75 -92.81 -92.88 -92.91 -92.97 -93.00 -93.03 -93.06 -93.12 -93.19 -93.22 -93.28 -93.34 -93.44 -93.56 -93.72 -93.84 -93.94 -94.00 -94.06 -94.06 -94.09 -94.09 -94.12
-93.78 -93.78 -93.69 -93.56 -93.44 -93.28 -93.12 -92.97 -92.88 -92.81 -92.78 -92.78 -92.78 -92.78 -92.81 -92.84 -92.88 -92.88 -92.91 -92.88 -92.88 -92.84 -92.81 -92.75 -92.72 -92.72 -92.72 -92.75 -92.75 -92.78 -92.78 -92.75 -92.69 -92.66 -92.59 -92.56 -92.53 -92.50 -92.50 -92.50 -92.53 -92.56 -92.59 -92.59 -92.62 -92.66 -92.72 -92.75 -92.81 -92.88 -92.94 -92.97 -93.00 -93.03 -93.06 -93.12 -93.16 -93.22 -93.28 -93.34 -93.47 -93.59 -93.72 -93.84 -93.94 -94.00 -94.06 -94.09 -94.12 -94.16 -94.19
-93.88 -93.84 -93.75 -93.66 -93.50 -93.34 -93.22 -93.09 -93.03 -92.97 -92.94 -92.91 -92.91 -92.91 -92.91 -92.94 -92.94 -92.97 -92.97 -92.97 -92.94 -92.88 -92.84 -92.81 -92.78 -92.78 -92.78 -92.81 -92.84 -92.84 -92.81 -92.78 -92.72 -92.69 -92.62 -92.56 -92.53 -92.53 -92.50 -92.50 -92.53 -92.56 -92.59 -92.62 -92.66 -92.69 -92.72 -92.78 -92.84 -92.91 -92.94 -92.97 -92.97 -93.00 -93.03 -93.09 -93.16 -93.19 -93.28 -93.38 -93.47 -93.59 -93.72 -93.84 -93.94 -94.00 -94.06 -94.09 -94.12 -94.16 -94.22
-93.97 -93.94 -93.84 -93.72 -93.59 -93.47 -93.34 -93.28 -93.19 -93.16 -93.09 -93.06 -93.03 -93.00 -93.00 -93.03 -93.03 -93.06 -93.06 -93.03 -93.00 -92.94 -92.91 -92.84 -92.84 -92.84 -92.84 -92.88 -92.88 -92.88 -92.88 -92.81 -92.75 -92.69 -92.66 -92.59 -92.56 -92.53 -92.53 -92.53 -92.53 -92.56 -92.59 -92.62 -92.66 -92.69 -92.75 -92.81 -92.88 -92.91 -92.97 -92.97 -92.97 -92.97 -93.00 -93.03 -93.09 -93.16 -93.25 -93.38 -93.50 -93.62 -93.75 -93.88 -93.97 -94.03 -94.06 -94.09 -94.12 -94.19 -94.22
-94.06 -94.03 -93.94 -93.84 -93.72 -93.59 -93.53 -93.44 -93.38 -93.31 -93.25 -93.19 -93.12 -93.09 -93.09 -93.09 -93.12 -93.12 -93.12 -93.09 -93.06 -93.00 -92.94 -92.91 -92.88 -92.91 -92.91 -92.94 -92.94 -92.94 -92.91 -92.84 -92.78 -92.72 -92.69 -92.62 -92.59 -92.59 -92.56 -92.56 -92.53 -92.56 -92.59 -92.62 -92.66 -92.69 -92.75 -92.81 -92.88 -92.91 -92.94 -92.94 -92.94 -92.94 -92.97 -93.00 -93.03 -93.12 -93.22 -93.34 -93.50 -93.66 -93.78 -93.88 -93.97 -94.03 -94.06 -94.09 -94.16 -94.19 -94.22
-94.16 -94.12 -94.06 -93.94 -93.84 -93.75 -93.69 -93.62 -93.56 -93.47 -93.38 -93.31 -93.22 -93.19 -93.19 -93.19 -93.19 -93.19 -93.19 -93.16 -93.09 -93.06 -93.00 -92.97 -92.94 -92.94 -92.97 -92.97 -92.97 -92.97 -92.94 -92.88 -92.84 -92.78 -92.72 -92.69 -92.66 -92.62 -92.59 -92.59 -92.56 -92.56 -92.59 -92.59 -92.66 -92.69 -92.72 -92.78 -92.84 -92.91 -92.94 -92.94 -92.91 -92.91 -92.91 -92.94 -92.97 -93.06 -93.19 -93.31 -93.47 -93.62 -93.78 -93.88 -93.97 -94.03 -94.09 -94.12 -94.16 -94.19 -94.22
-94.25 -94.22 -94.16 -94.06 -93.97 -93.91 -93.84 -93.78 -93.72 -93.59 -93.47 -93.38 -93.31 -93.25 -93.25 -93.25 -93.25 -93.25 -93.22 -93.19 -93.16 -93.09 -93.06 -93.03 -93.00 -93.00 -93.00 -93.03 -93.03 -93.00 -92.97 -92.94 -92.88 -92.81 -92.78 -92.75 -92.72 -92.69 -92.66 -92.62 -92.59 -92.56 -92.56 -92.59 -92.62 -92.66 -92.72 -92.78 -92.84 -92.88 -92.91 -92.91 -92.91 -92.88 -92.88 -92.88 -92.91 -93.00 -93.12 -93.28 -93.44 -93.59 -93.75 -93.88 -93.97 -94.03 -94.09 -94.12 -94.16 -94.19 -94.22
-94.31 -94.28 -94.22 -94.16 -94.09 -94.06 -94.00 -93.94 -93.81 -93.69 -93.56 -93.44 -93.38 -93.31 -93.31 -93.31 -93.31 -93.28 -93.25 -93.22 -93.19 -93.16 -93.12 -93.09 -93.06 -93.06 -93.06 -93.06 -93.06 -93.03 -93.00 -92.97 -92.91 -92.84 -92.81 -92.78 -92.75 -92.72 -92.69 -92.66 -92.62 -92.59 -92.56 -92.56 -92.59 -92.62 -92.69 -92.75 -92.81 -92.84 -92.88 -92.88 -92.88 -92.84 -92.81 -92.81 -92.84 -92.94 -93.03 -93.19 -93.38 -93.56 -93.72 -93.84 -93.94 -94.03 -94.06 -94.12 -94.19 -94.22 -94.25
-94.38 -94.34 -94.31 -94.25 -94.22 -94.19 -94.12 -94.06 -93.94 -93.78 -93.66 -93.53 -93.44 -93.41 -93.41 -93.38 -93.38 -93.34 -93.28 -93.25 -93.22 -93.19 -93.16 -93.12 -93.12 -93.09 -93.09 -93.09 -93.06 -93.06 -93.03 -92.97 -92.94 -92.88 -92.84 -92.81 -92.78 -92.78 -92.72 -92.69 -92.66 -92.59 -92.56 -92.56 -92.56 -92.62 -92.66 -92.72 -92.78 -92.81 -92.81 -92.81 -92.81 -92.81 -92.78 -92.78 -92.78 -92.84 -92.97 -93.12 -93.31 -93.50 -93.66 -93.78 -93.91 -93.97 -94.06 -94.12 -94.19 -94.25 -94.25
-94.44 -94.44 -94.38 -94.34 -94.31 -94.28 -94.25 -94.16 -94.03 -93.88 -93.75 -93.62 -93.53 -93.50 -93.47 -93.47 -93.44 -93.38 -93.34 -93.28 -93.25 -93.22 -93.19 -93.16 -93.16 -93.12 -93.12 -93.09 -93.06 -93.06 -93.03 -92.97 -92.94 -92.91 -92.84 -92.84 -92.81 -92.78 -92.75 -92.72 -92.66 -92.59 -92.56 -92.56 -92.56 -92.59 -92.66 -92.69 -92.72 -92.75 -92.75 -92.75 -92.75 -92.75 -92.75 -92.72 -92.72 -92.78 -92.88 -93.03 -93.22 -93.41 -93.56 -93.72 -93.81 -93.94 -94.03 -94.12 -94.19 -94.25 -94.25
-94.50 -94.47 -94.47 -94.44 -94.41 -94.38 -94.34 -94.25 -94.12 -94.00 -93.84 -93.75 -93.66 -93.59 -93.56 -93.53 -93.47 -93.44 -93.38 -93.34 -93.28 -93.25 -93.22 -93.19 -93.16 -93.12 -93.12 -93.09 -93.09 -93.06 -93.03 -92.97 -92.94 -92.88 -92.84 -92.81 -92.78 -92.78 -92.75 -92.69 -92.66 -92.59 -92.56 -92.56 -92.56 -92.59 -92.59 -92.62 -92.66 -92.69 -92.69 -92.69 -92.69 -92.69 -92.69 -92.66 -92.66 -92.69 -92.78 -92.94 -93.12 -93.28 -93.47 -93.59 -93.72 -93.88 -94.00 -94.09 -94.19 -94.25 -94.25
-94.50 -94.53 -94.50 -94.50 -94.50 -94.47 -94.41 -94.31 -94.22 -94.09 -93.97 -93.84 -93.75 -93.72 -93.66 -93.59 -93.53 -93.50 -93.44 -93.38 -93.34 -93.28 -93.25 -93.22 -93.19 -93.16 -93.12 -93.09 -93.06 -93.06 -93.00 -92.97 -92.91 -92.84 -92.81 -92.78 -92.75 -92.72 -92.69 -92.66 -92.62 -92.59 -92.56 -92.53 -92.53 -92.56 -92.56 -92.59 -92.59 -92.59 -92.59 -92.59 -92.59 -92.62 -92.62 -92.59 -92.56 -92.59 -92.69 -92.81 -92.97 -93.16 -93.31 -93.47 -93.62 -93.78 -93.94 -94.06 -94.16 -94.22 -94.22
-94.50 -94.53 -94.53 -94.56 -94.53 -94.50 -94.44 -94.38 -94.28 -94.19 -94.06 -93.97 -93.88 -93.81 -93.72 -93.66 -93.59 -93.53 -93.47 -93.41 -93.38 -93.31 -93.28 -93.22 -93.19 -93.12 -93.09 -93.09 -93.06 -93.03 -93.00 -92.94 -92.88 -92.81 -92.75 -92.72 -92.69 -92.69 -92.66 -92.62 -92.59 -92.56 -92.53 -92.50 -92.53 -92.53 -92.53 -92.53 -92.53 -92.50 -92.50 -92.50 -92.53 -92.53 -92.53 -92.50 -92.47 -92.47 -92.53 -92.66 -92.81 -92.97 -93.12 -93.31 -93.50 -93.69 -93.88 -94.03 -94.12 -94.19 -94.16
-94.50 -94.53 -94.56 -94.56 -94.53 -94.50 -94.47 -94.41 -94.31 -94.22 -94.12 -94.03 -93.94 -93.88 -93.78 -93.69 -93.62 -93.56 -93.50 -93.44 -93.41 -93.34 -93.28 -93.22 -93.16 -93.09 -93.06 -93.03 -93.03 -93.00 -92.94 -92.88 -92.81 -92.75 -92.69 -92.66 -92.62 -92.62 -92.59 -92.56 -92.53 -92.53 -92.50 -92.50 -92.50 -92.47 -92.47 -92.47 -92.44 -92.44 -92.44 -92.44 -92.44 -92.44 -92.44 -92.41 -92.34 -92.31 -92.38 -92.47 -92.59 -92.75 -92.97 -93.19 -93.41 -93.62 -93.81 -93.97 -94.06 -94.09 -94.09
-94.47 -94.53 -94.56 -94.56 -94.53 -94.50 -94.44 -94.41 -94.31 -94.25 -94.16 -94.09 -94.03 -93.94 -93.84 -93.72 -93.62 -93.56 -93.50 -93.44 -93.41 -93.34 -93.28 -93.22 -93.16 -93.06 -93.03 -93.00 -92.97 -92.94 -92.91 -92.81 -92.75 -92.66 -92.59 -92.56 -92.53 -92.53 -92.53 -92.53 -92.50 -92.47 -92.47 -92.47 -92.47 -92.47 -92.44 -92.41 -92.38 -92.34 -92.34 -92.34 -92.34 -92.34 -92.31 -92.28 -92.19 -92.16 -92.16 -92.22 -92.38 -92.56 -92.78 -93.03 -93.28 -93.50 -93.72 -93.88 -93.97 -94.00 -93.97
-94.44 -94.50 -94.53 -94.53 -94.53 -94.47 -94.44 -94.38 -94.31 -94.25 -94.19 -94.12 -94.06 -93.97 -93.88 -93.75 -93.66 -93.56 -93.50 -93.44 -93.41 -93.38 -93.28 -93.22 -93.12 -93.03 -92.97 -92.94 -92.91 -92.88 -92.81 -92.75 -92.66 -92.56 -92.50 -92.47 -92.47 -92.47 -92.47 -92.47 -92.47 -92.44 -92.47 -92.47 -92.47 -92.44 -92.41 -92.34 -92.31 -92.28 -92.25 -92.22 -92.22 -92.19 -92.16 -92.09 -92.03 -91.97 -91.91 -91.97 -92.12 -92.34 -92.59 -92.88 -93.12 -93.38 -93.56 -93.72 -93.81 -93.84 -93.84
-94.41 -94.47 -94.53 -94.53 -94.50 -94.44 -94.41 -94.34 -94.31 -94.25 -94.22 -94.16 -94.09 -94.00 -93.88 -93.75 -93.66 -93.56 -93.50 -93.44 -93.41 -93.38 -93.28 -93.19 -93.09 -93.00 -92.91 -92.84 -92.81 -92.78 -92.72 -92.66 -92.56 -92.47 -92.41 -92.38 -92.34 -92.38 -92.38 -92.41 -92.41 -92.41 -92.44 -92.44 -92.44 -92.41 -92.34 -92.28 -92.22 -92.16 -92.12 -92.09 -92.06 -92.03 -92.00 -91.94 -91.84 -91.75 -91.69 -91.69 -91.88 -92.12 -92.38 -92.66 -92.94 -93.19 -93.38 -93.53 -93.62 -93.69 -93.66
-94.38 -94.44 -94.47 -94.47 -94.44 -94.41 -94.34 -94.31 -94.25 -94.22 -94.19 -94.16 -94.09 -94.00 -93.88 -93.72 -93.62 -93.53 -93.44 -93.41 -93.38 -93.34 -93.25 -93.16 -93.03 -92.91 -92.81 -92.75 -92.69 -92.66 -92.59 -92.53 -92.44 -92.38 -92.28 -92.25 -92.25 -92.25 -92.28 -92.31 -92.34 -92.38 -92.38 -92.38 -92.38 -92.31 -92.25 -92.19 -92.09 -92.03 -91.97 -91.94 -91.88 -91.84 -91.78 -91.69 -91.62 -91.50 -91.44 -91.41 -91.59 -91.88 -92.12 -92.41 -92.69 -92.94 -93.16 -93.34 -93.44 -93.47 -93.47
-94.28 -94.34 -94.38 -94.41 -94.38 -94.34 -94.31 -94.25 -94.19 -94.16 -94.12 -94.06 -94.00 -93.91 -93.78 -93.66 -93.53 -93.44 -93.38 -93.34 -93.31 -93.28 -93.19 -93.06 -92.94 -92.81 -92.72 -92.62 -92.56 -92.53 -92.47 -92.41 -92.31 -92.25 -92.19 -92.12 -92.12 -92.16 -92.19 -92.22 -92.28 -92.28 -92.31 -92.31 -92.28 -92.22 -92.16 -92.06 -91.97 -91.88 -91.81 -91.75 -91.69 -91.62 -91.53 -91.44 -91.38 -91.25 -91.16 -91.09 -91.22 -91.53 -91.84 -92.12 -92.41 -92.69 -92.94 -93.09 -93.19 -93.19 -93.19
-94.19 -94.25 -94.28 -94.28 -94.28 -94.25 -94.22 -94.16 -94.09 -94.03 -94.00 -93.94 -93.88 -93.78 -93.66 -93.53 -93.41 -93.34 -93.28 -93.28 -93.25 -93.19 -93.09 -92.97 -92.84 -92.69 -92.56 -92.47 -92.41 -92.34 -92.31 -92.25 -92.19 -92.12 -92.03 -92.00 -92.00 -92.03 -92.09 -92.12 -92.19 -92.22 -92.22 -92.19 -92.12 -92.06 -92.00 -91.91 -91.81 -91.72 -91.62 -91.56 -91.47 -91.38 -91.28 -91.19 -91.06 -90.97 -90.88 -90.78 -90.75 -90.94 -91.38 -91.78 -92.12 -92.44 -92.69 -92.84 -92.91 -92.91 -92.91
-94.06 -94.12 -94.16 -94.16 -94.16 -94.16 -94.12 -94.06 -93.97 -93.91 -93.84 -93.78 -93.69 -93.59 -93.47 -93.34 -93.25 -93.19 -93.16 -93.16 -93.12 -93.09 -93.00 -92.88 -92.72 -92.56 -92.44 -92.31 -92.22 -92.19 -92.12 -92.09 -92.06 -91.97 -91.91 -91.88 -91.88 -91.91 -91.97 -92.03 -92.06 -92.09 -92.09 -92.03 -91.97 -91.91 -91.81 -91.72 -91.62 -91.53 -91.44 -91.34 -91.25 -91.16 -91.03 -90.88 -90.75 -90.66 -90.56 -90.44 -90.22 -90.38 -90.88 -91.47 -91.88 -92.19 -92.41 -92.53 -92.59 -92.59 -92.56
-93.88 -93.97 -94.00 -94.00 -94.00 -94.00 -94.00 -93.94 -93.84 -93.75 -93.66 -93.59 -93.50 -93.41 -93.28 -93.16 -93.06 -93.03 -93.00 -93.00 -93.00 -92.94 -92.84 -92.75 -92.59 -92.44 -92.28 -92.16 -92.03 -91.97 -91.94 -91.94 -91.91 -91.84 -91.75 -91.72 -91.75 -91.78 -91.84 -91.91 -91.94 -91.97 -91.94 -91.91 -91.81 -91.72 -91.59 -91.50 -91.41 -91.31 -91.19 -91.09 -91.00 -90.91 -90.75 -90.59 -90.47 -90.34 -90.25 -90.06 -89.75 -89.94 -90.62 -91.19 -91.56 -91.88 -92.06 -92.19 -92.25 -92.25 -92.22
-93.69 -93.78 -93.81 -93.81 -93.81 -93.84 -93.84 -93.78 -93.69 -93.56 -93.47 -93.38 -93.28 -93.16 -93.06 -92.94 -92.84 -92.81 -92.81 -92.84 -92.81 -92.78 -92.69 -92.59 -92.47 -92.31 -92.12 -92.00 -91.88 -91.78 -91.75 -91.75 -91.72 -91.66 -91.59 -91.56 -91.59 -91.66 -91.69 -91.75 -91.81 -91.81 -91.81 -91.72 -91.62 -91.53 -91.41 -91.28 -91.16 -91.06 -90.94 -90.81 -90.72 -90.62 -90.50 -90.34 -90.16 -90.00 -89.91 -89.66 -89.38 -89.72 -90.44 -90.91 -91.25 -91.53 -91.69 -91.81 -91.91 -91.88 -91.81
-93.47 -93.59 -93.62 -93.62 -93.62 -93.62 -93.66 -93.62 -93.53 -93.38 -93.25 -93.12 -93.03 -92.91 -92.81 -92.69 -92.62 -92.59 -92.62 -92.62 -92.62 -92.56 -92.50 -92.41 -92.31 -92.16 -92.00 -91.84 -91.72 -91.62 -91.56 -91.56 -91.56 -91.50 -91.44 -91.44 -91.44 -91.50 -91.56 -91.62 -91.66 -91.69 -91.66 -91.56 -91.47 -91.34 -91.22 -91.06 -90.94 -90.81 -90.69 -90.53 -90.44 -90.31 -90.22 -90.06 -89.88 -89.72 -89.56 -89.25 -89.09 -89.59 -90.22 -90.59 -90.94 -91.12 -91.28 -91.44 -91.53 -91.50 -91.38
-93.22 -93.34 -93.41 -93.38 -93.38 -93.41 -93.44 -93.44 -93.34 -93.22 -93.06 -92.91 -92.78 -92.66 -92.53 -92.44 -92.38 -92.38 -92.38 -92.38 -92.38 -92.34 -92.31 -92.22 -92.12 -92.00 -91.88 -91.72 -91.56 -91.44 -91.41 -91.38 -91.38 -91.31 -91.28 -91.28 -91.31 -91.38 -91.44 -91.47 -91.50 -91.53 -91.47 -91.41 -91.31 -91.19 -91.03 -90.88 -90.72 -90.56 -90.41 -90.25 -90.12 -90.03 -89.91 -89.78 -89.59 -89.44 -89.22 -88.88 -88.91 -89.53 -89.97 -90.31 -90.56 -90.72 -90.88 -91.03 -91.12 -91.09 -90.97
-92.94 -93.09 -93.16 -93.16 -93.16 -93.19 -93.22 -93.22 -93.16 -93.03 -92.88 -92.69 -92.50 -92.38 -92.25 -92.16 -92.12 -92.09 -92.09 -92.09 -92.12 -92.12 -92.09 -92.00 -91.94 -91.84 -91.72 -91.59 -91.44 -91.31 -91.22 -91.19 -91.16 -91.12 -91.12 -91.12 -91.16 -91.22 -91.28 -91.31 -91.34 -91.34 -91.31 -91.25 -91.16 -91.03 -90.88 -90.72 -90.53 -90.38 -90.19 -90.00 -89.84 -89.75 -89.62 -89.50 -89.34 -89.19 -88.88 -88.56 -88.81 -89.38 -89.72 -90.00 -90.19 -90.31 -90.47 -90.62 -90.72 -90.69 -90.56
-92.62 -92.78 -92.88 -92.91 -92.91 -92.91 -92.97 -92.97 -92.97 -92.88 -92.72 -92.53 -92.31 -92.09 -91.97 -91.88 -91.84 -91.81 -91.81 -91.81 -91.84 -91.88 -91.88 -91.81 -91.72 -91.66 -91.56 -91.44 -91.31 -91.16 -91.06 -91.00 -90.97 -90.97 -90.94 -90.97 -91.00 -91.06 -91.12 -91.16 -91.19 -91.16 -91.12 -91.06 -90.97 -90.88 -90.75 -90.59 -90.41 -90.22 -90.03 -89.84 -89.66 -89.50 -89.41 -89.25 -89.09 -88.88 -88.50 -88.28 -88.62 -89.19 -89.47 -89.66 -89.81 -89.94 -90.09 -90.22 -90.31 -90.28 -90.19
-92.28 -92.47 -92.56 -92.62 -92.62 -92.62 -92.69 -92.69 -92.72 -92.66 -92.56 -92.38 -92.16 -91.91 -91.72 -91.59 -91.53 -91.50 -91.47 -91.47 -91.53 -91.59 -91.62 -91.59 -91.50 -91.44 -91.38 -91.28 -91.16 -91.03 -90.91 -90.84 -90.78 -90.78 -90.78 -90.81 -90.88 -90.91 -90.97 -91.00 -91.00 -90.97 -90.94 -90.88 -90.78 -90.69 -90.59 -90.47 -90.28 -90.09 -89.91 -89.72 -89.53 -89.31 -89.12 -88.91 -88.69 -88.44 -88.16 -88.06 -88.34 -88.84 -89.19 -89.38 -89.50 -89.56 -89.72 -89.88 -89.94 -89.94 -89.84
-91.91 -92.12 -92.25 -92.31 -92.31 -92.34 -92.38 -92.41 -92.41 -92.41 -92.34 -92.19 -92.00 -91.75 -91.50 -91.31 -91.22 -91.12 -91.06 -91.09 -91.22 -91.31 -91.38 -91.34 -91.28 -91.22 -91.19 -91.09 -91.00 -90.88 -90.75 -90.66 -90.62 -90.59 -90.59 -90.62 -90.69 -90.75 -90.78 -90.81 -90.81 -90.78 -90.72 -90.66 -90.59 -90.53 -90.44 -90.31 -90.16 -90.00 -89.81 -89.62 -89.47 -89.25 -88.94 -88.75 -88.59 -88.47 -88.34 -88.22 -88.25 -88.41 -88.69 -88.88 -88.94 -89.03 -89.28 -89.53 -89.62 -89.59 -89.41
