everonasctiles/Tile14,45.asc
ncols 128
nrows 128
xllcorner 0
yllcorner 0
cellsize 2.0
NODATA_value  -9999
[rows 0 to 31 of 128, columns 0 to 70 of 128]
-33.59 -33.72 -33.81 -33.94 -34.06 -34.19 -34.34 -34.47 -34.62 -34.78 -34.91 -35.03 -35.16 -35.28 -35.41 -35.50 -35.59 -35.69 -35.75 -35.81 -35.88 -35.94 -35.97 -36.00 -36.03 -36.00 -36.00 -35.97 -35.97 -35.97 -36.00 -36.00 -36.00 -36.00 -36.00 -36.00 -36.00 -36.00 -35.97 -35.97 -35.94 -35.91 -35.88 -35.88 -35.84 -35.81 -35.78 -35.78 -35.75 -35.72 -35.69 -35.66 -35.59 -35.56 -35.50 -35.47 -35.41 -35.34 -35.28 -35.22 -35.16 -35.09 -35.06 -35.03 -34.97 -34.94 -34.88 -34.81 -34.75 -34.69 -34.59
-33.66 -33.75 -33.88 -34.00 -34.12 -34.25 -34.41 -34.56 -34.72 -34.88 -35.03 -35.16 -35.28 -35.41 -35.53 -35.66 -35.75 -35.81 -35.91 -35.97 -36.03 -36.06 -36.12 -36.16 -36.16 -36.16 -36.16 -36.12 -36.12 -36.12 -36.12 -36.12 -36.12 -36.09 -36.09 -36.09 -36.09 -36.06 -36.06 -36.03 -36.00 -35.97 -35.94 -35.91 -35.88 -35.84 -35.81 -35.78 -35.72 -35.69 -35.66 -35.59 -35.56 -35.50 -35.44 -35.38 -35.34 -35.28 -35.22 -35.16 -35.06 -35.00 -34.97 -34.91 -34.84 -34.78 -34.72 -34.66 -34.59 -34.53 -34.44
-33.72 -33.81 -33.94 -34.06 -34.19 -34.31 -34.47 -34.62 -34.78 -34.94 -35.12 -35.28 -35.44 -35.56 -35.69 -35.78 -35.88 -35.97 -36.03 -36.09 -36.16 -36.22 -36.25 -36.28 -36.31 -36.31 -36.31 -36.28 -36.28 -36.28 -36.25 -36.25 -36.22 -36.22 -36.19 -36.19 -36.19 -36.16 -36.12 -36.09 -36.03 -36.00 -35.97 -35.94 -35.91 -35.84 -35.81 -35.78 -35.72 -35.69 -35.62 -35.56 -35.50 -35.44 -35.38 -35.31 -35.25 -35.22 -35.16 -35.09 -35.00 -34.94 -34.88 -34.81 -34.75 -34.69 -34.59 -34.53 -34.47 -34.38 -34.31
-33.81 -33.94 -34.06 -34.19 -34.31 -34.44 -34.56 -34.69 -34.84 -35.03 -35.22 -35.38 -35.56 -35.69 -35.81 -35.94 -36.03 -36.12 -36.19 -36.25 -36.31 -36.38 -36.41 -36.44 -36.44 -36.47 -36.47 -36.44 -36.44 -36.41 -36.38 -36.34 -36.34 -36.31 -36.31 -36.28 -36.28 -36.25 -36.19 -36.16 -36.09 -36.06 -36.03 -35.97 -35.94 -35.88 -35.81 -35.78 -35.72 -35.66 -35.59 -35.53 -35.47 -35.41 -35.34 -35.28 -35.22 -35.16 -35.12 -35.06 -35.00 -34.94 -34.88 -34.81 -34.72 -34.62 -34.56 -34.47 -34.38 -34.28 -34.22
-33.91 -34.03 -34.16 -34.31 -34.44 -34.56 -34.69 -34.81 -34.97 -35.12 -35.31 -35.50 -35.69 -35.84 -35.97 -36.09 -36.19 -36.28 -36.34 -36.41 -36.47 -36.50 -36.56 -36.59 -36.59 -36.62 -36.62 -36.59 -36.56 -36.53 -36.50 -36.47 -36.47 -36.44 -36.41 -36.41 -36.38 -36.34 -36.28 -36.25 -36.19 -36.12 -36.06 -36.00 -35.97 -35.91 -35.84 -35.78 -35.72 -35.66 -35.59 -35.53 -35.47 -35.41 -35.34 -35.28 -35.25 -35.19 -35.16 -35.12 -35.06 -35.00 -34.94 -34.88 -34.78 -34.69 -34.59 -34.50 -34.41 -34.34 -34.28
-34.00 -34.16 -34.28 -34.44 -34.56 -34.69 -34.81 -34.94 -35.09 -35.25 -35.44 -35.62 -35.81 -35.97 -36.12 -36.22 -36.34 -36.44 -36.50 -36.56 -36.62 -36.66 -36.72 -36.75 -36.75 -36.78 -36.75 -36.75 -36.69 -36.66 -36.62 -36.59 -36.59 -36.56 -36.53 -36.50 -36.47 -36.44 -36.41 -36.34 -36.28 -36.19 -36.12 -36.06 -36.00 -35.94 -35.88 -35.81 -35.75 -35.69 -35.62 -35.59 -35.53 -35.47 -35.44 -35.38 -35.34 -35.28 -35.25 -35.22 -35.19 -35.12 -35.06 -35.00 -34.91 -34.81 -34.69 -34.59 -34.53 -34.47 -34.47
-34.12 -34.28 -34.41 -34.56 -34.72 -34.84 -34.97 -35.09 -35.25 -35.41 -35.59 -35.78 -35.94 -36.09 -36.25 -36.38 -36.47 -36.56 -36.66 -36.72 -36.78 -36.81 -36.84 -36.88 -36.91 -36.91 -36.91 -36.88 -36.84 -36.81 -36.78 -36.75 -36.72 -36.69 -36.66 -36.62 -36.59 -36.56 -36.50 -36.44 -36.38 -36.28 -36.22 -36.16 -36.06 -36.00 -35.94 -35.88 -35.81 -35.75 -35.72 -35.66 -35.62 -35.59 -35.56 -35.53 -35.47 -35.44 -35.41 -35.38 -35.34 -35.28 -35.22 -35.12 -35.03 -34.94 -34.81 -34.75 -34.69 -34.66 -34.66
-34.25 -34.41 -34.53 -34.69 -34.84 -34.97 -35.12 -35.25 -35.41 -35.56 -35.75 -35.91 -36.09 -36.25 -36.38 -36.50 -36.62 -36.72 -36.78 -36.84 -36.91 -36.97 -37.00 -37.03 -37.03 -37.03 -37.03 -37.00 -36.97 -36.94 -36.91 -36.88 -36.84 -36.81 -36.78 -36.75 -36.72 -36.66 -36.62 -36.53 -36.47 -36.41 -36.31 -36.25 -36.16 -36.09 -36.03 -35.97 -35.91 -35.88 -35.84 -35.78 -35.78 -35.75 -35.72 -35.69 -35.66 -35.62 -35.59 -35.56 -35.53 -35.47 -35.38 -35.28 -35.19 -35.06 -34.97 -34.91 -34.88 -34.88 -34.88
-34.38 -34.53 -34.66 -34.81 -34.97 -35.12 -35.25 -35.41 -35.56 -35.72 -35.91 -36.06 -36.22 -36.38 -36.53 -36.66 -36.75 -36.84 -36.91 -36.97 -37.03 -37.09 -37.12 -37.16 -37.19 -37.19 -37.19 -37.16 -37.12 -37.09 -37.06 -37.03 -37.00 -36.97 -36.91 -36.88 -36.84 -36.81 -36.75 -36.69 -36.59 -36.53 -36.44 -36.38 -36.28 -36.22 -36.16 -36.09 -36.06 -36.03 -36.00 -35.97 -35.97 -35.94 -35.94 -35.91 -35.88 -35.84 -35.81 -35.78 -35.72 -35.66 -35.56 -35.44 -35.34 -35.22 -35.12 -35.09 -35.09 -35.09 -35.12
-34.50 -34.62 -34.78 -34.94 -35.09 -35.25 -35.41 -35.53 -35.69 -35.88 -36.03 -36.19 -36.38 -36.50 -36.66 -36.75 -36.88 -36.94 -37.03 -37.09 -37.16 -37.22 -37.25 -37.28 -37.31 -37.31 -37.31 -37.31 -37.28 -37.25 -37.22 -37.19 -37.16 -37.09 -37.06 -37.03 -36.97 -36.94 -36.88 -36.81 -36.72 -36.66 -36.59 -36.50 -36.44 -36.38 -36.31 -36.25 -36.22 -36.19 -36.19 -36.19 -36.16 -36.16 -36.16 -36.12 -36.09 -36.06 -36.03 -35.97 -35.94 -35.84 -35.75 -35.62 -35.50 -35.41 -35.31 -35.31 -35.34 -35.38 -35.38
-34.59 -34.75 -34.91 -35.06 -35.22 -35.38 -35.50 -35.66 -35.81 -35.97 -36.16 -36.31 -36.47 -36.62 -36.75 -36.88 -36.97 -37.06 -37.12 -37.22 -37.28 -37.31 -37.38 -37.41 -37.44 -37.44 -37.44 -37.44 -37.44 -37.41 -37.38 -37.34 -37.31 -37.25 -37.22 -37.16 -37.12 -37.06 -37.00 -36.94 -36.88 -36.81 -36.72 -36.66 -36.59 -36.53 -36.47 -36.41 -36.38 -36.38 -36.38 -36.38 -36.38 -36.38 -36.38 -36.34 -36.34 -36.31 -36.25 -36.19 -36.12 -36.03 -35.94 -35.81 -35.69 -35.59 -35.53 -35.53 -35.59 -35.62 -35.66
-34.69 -34.84 -35.00 -35.16 -35.31 -35.47 -35.59 -35.75 -35.91 -36.06 -36.22 -36.41 -36.56 -36.69 -36.81 -36.94 -37.06 -37.16 -37.25 -37.31 -37.38 -37.44 -37.47 -37.50 -37.53 -37.56 -37.59 -37.59 -37.56 -37.56 -37.53 -37.50 -37.47 -37.41 -37.38 -37.31 -37.28 -37.22 -37.16 -37.09 -37.00 -36.94 -36.88 -36.78 -36.72 -36.66 -36.62 -36.59 -36.56 -36.56 -36.59 -36.59 -36.59 -36.59 -36.59 -36.59 -36.56 -36.53 -36.47 -36.41 -36.34 -36.22 -36.12 -36.00 -35.88 -35.81 -35.75 -35.78 -35.84 -35.91 -35.94
-34.78 -34.91 -35.06 -35.22 -35.38 -35.53 -35.69 -35.84 -36.00 -36.16 -36.31 -36.47 -36.59 -36.75 -36.88 -37.00 -37.12 -37.25 -37.34 -37.41 -37.50 -37.53 -37.59 -37.62 -37.66 -37.69 -37.72 -37.72 -37.72 -37.72 -37.69 -37.66 -37.62 -37.56 -37.53 -37.47 -37.44 -37.38 -37.31 -37.22 -37.16 -37.06 -37.00 -36.94 -36.88 -36.81 -36.78 -36.75 -36.75 -36.75 -36.78 -36.78 -36.81 -36.81 -36.84 -36.81 -36.81 -36.75 -36.69 -36.62 -36.53 -36.44 -36.31 -36.19 -36.09 -36.00 -36.00 -36.03 -36.09 -36.16 -36.19
-34.84 -35.00 -35.16 -35.28 -35.44 -35.59 -35.75 -35.91 -36.06 -36.19 -36.34 -36.50 -36.66 -36.78 -36.94 -37.06 -37.19 -37.31 -37.41 -37.50 -37.59 -37.66 -37.69 -37.75 -37.78 -37.81 -37.81 -37.84 -37.84 -37.84 -37.84 -37.81 -37.78 -37.72 -37.69 -37.62 -37.56 -37.50 -37.44 -37.34 -37.28 -37.19 -37.12 -37.06 -37.00 -36.94 -36.91 -36.91 -36.91 -36.94 -36.97 -37.00 -37.00 -37.03 -37.06 -37.03 -37.03 -36.97 -36.91 -36.81 -36.72 -36.59 -36.50 -36.38 -36.28 -36.25 -36.25 -36.28 -36.34 -36.41 -36.44
-34.94 -35.06 -35.22 -35.38 -35.50 -35.66 -35.81 -35.94 -36.09 -36.25 -36.41 -36.56 -36.69 -36.84 -37.00 -37.12 -37.25 -37.38 -37.50 -37.59 -37.69 -37.75 -37.81 -37.88 -37.91 -37.94 -37.97 -38.00 -38.00 -38.00 -38.00 -37.97 -37.94 -37.88 -37.81 -37.75 -37.69 -37.62 -37.56 -37.47 -37.41 -37.31 -37.25 -37.16 -37.09 -37.06 -37.06 -37.06 -37.09 -37.12 -37.16 -37.19 -37.22 -37.25 -37.25 -37.25 -37.22 -37.16 -37.09 -37.00 -36.91 -36.78 -36.66 -36.56 -36.50 -36.47 -36.50 -36.53 -36.59 -36.66 -36.69
-35.03 -35.16 -35.28 -35.44 -35.59 -35.72 -35.88 -36.00 -36.16 -36.31 -36.47 -36.62 -36.78 -36.91 -37.06 -37.19 -37.31 -37.44 -37.56 -37.69 -37.78 -37.88 -37.94 -38.00 -38.06 -38.09 -38.12 -38.12 -38.16 -38.16 -38.16 -38.12 -38.06 -38.03 -37.97 -37.91 -37.81 -37.75 -37.66 -37.59 -37.50 -37.44 -37.34 -37.28 -37.22 -37.19 -37.19 -37.22 -37.25 -37.28 -37.31 -37.38 -37.41 -37.44 -37.44 -37.44 -37.41 -37.34 -37.25 -37.19 -37.06 -36.94 -36.84 -36.75 -36.69 -36.69 -36.75 -36.78 -36.84 -36.91 -36.94
-35.12 -35.25 -35.38 -35.53 -35.66 -35.81 -35.94 -36.09 -36.25 -36.38 -36.56 -36.72 -36.88 -37.00 -37.16 -37.28 -37.38 -37.50 -37.62 -37.75 -37.88 -37.97 -38.06 -38.16 -38.19 -38.22 -38.25 -38.28 -38.31 -38.31 -38.28 -38.28 -38.22 -38.16 -38.09 -38.03 -37.94 -37.84 -37.78 -37.69 -37.59 -37.53 -37.44 -37.38 -37.31 -37.31 -37.31 -37.34 -37.41 -37.44 -37.50 -37.53 -37.56 -37.59 -37.59 -37.59 -37.56 -37.50 -37.41 -37.31 -37.22 -37.09 -37.00 -36.91 -36.91 -36.94 -36.97 -37.03 -37.09 -37.16 -37.16
-35.22 -35.34 -35.47 -35.62 -35.75 -35.91 -36.06 -36.22 -36.38 -36.53 -36.69 -36.84 -37.00 -37.12 -37.25 -37.38 -37.47 -37.59 -37.69 -37.81 -37.94 -38.06 -38.19 -38.28 -38.34 -38.38 -38.41 -38.44 -38.44 -38.44 -38.44 -38.41 -38.38 -38.31 -38.22 -38.16 -38.06 -37.97 -37.88 -37.78 -37.69 -37.62 -37.53 -37.47 -37.44 -37.44 -37.44 -37.50 -37.53 -37.59 -37.66 -37.69 -37.72 -37.75 -37.75 -37.72 -37.69 -37.62 -37.56 -37.47 -37.34 -37.25 -37.16 -37.09 -37.12 -37.16 -37.22 -37.28 -37.34 -37.38 -37.38
-35.31 -35.44 -35.56 -35.72 -35.88 -36.03 -36.22 -36.38 -36.56 -36.72 -36.88 -37.03 -37.16 -37.31 -37.44 -37.53 -37.62 -37.72 -37.81 -37.94 -38.03 -38.16 -38.28 -38.38 -38.47 -38.53 -38.56 -38.59 -38.59 -38.59 -38.56 -38.53 -38.50 -38.44 -38.34 -38.28 -38.19 -38.09 -38.00 -37.91 -37.81 -37.72 -37.66 -37.59 -37.56 -37.56 -37.56 -37.62 -37.66 -37.72 -37.78 -37.81 -37.88 -37.88 -37.88 -37.84 -37.81 -37.75 -37.69 -37.59 -37.47 -37.41 -37.34 -37.31 -37.34 -37.41 -37.47 -37.50 -37.56 -37.59 -37.59
-35.44 -35.56 -35.69 -35.81 -35.97 -36.16 -36.34 -36.56 -36.75 -36.91 -37.06 -37.22 -37.38 -37.50 -37.62 -37.72 -37.81 -37.88 -37.97 -38.06 -38.16 -38.28 -38.41 -38.50 -38.59 -38.66 -38.69 -38.72 -38.75 -38.72 -38.72 -38.69 -38.62 -38.56 -38.47 -38.41 -38.31 -38.22 -38.12 -38.00 -37.94 -37.84 -37.75 -37.69 -37.66 -37.66 -37.69 -37.75 -37.78 -37.84 -37.91 -37.94 -37.97 -38.00 -38.00 -37.97 -37.94 -37.88 -37.81 -37.72 -37.62 -37.56 -37.53 -37.53 -37.56 -37.62 -37.69 -37.72 -37.75 -37.78 -37.75
-35.59 -35.72 -35.84 -35.97 -36.12 -36.31 -36.50 -36.72 -36.91 -37.12 -37.28 -37.44 -37.59 -37.72 -37.84 -37.94 -38.00 -38.06 -38.16 -38.22 -38.31 -38.44 -38.53 -38.62 -38.72 -38.78 -38.84 -38.88 -38.88 -38.88 -38.84 -38.81 -38.75 -38.69 -38.62 -38.53 -38.44 -38.34 -38.25 -38.16 -38.06 -37.97 -37.88 -37.81 -37.78 -37.78 -37.81 -37.84 -37.91 -37.97 -38.00 -38.06 -38.06 -38.09 -38.09 -38.06 -38.03 -38.00 -37.94 -37.88 -37.81 -37.75 -37.75 -37.75 -37.78 -37.84 -37.88 -37.91 -37.94 -37.94 -37.94
-35.78 -35.91 -36.03 -36.16 -36.31 -36.50 -36.69 -36.88 -37.09 -37.31 -37.50 -37.66 -37.81 -37.94 -38.06 -38.16 -38.22 -38.28 -38.34 -38.41 -38.50 -38.56 -38.66 -38.75 -38.84 -38.91 -38.97 -39.00 -39.00 -39.00 -38.97 -38.94 -38.88 -38.81 -38.75 -38.66 -38.56 -38.47 -38.38 -38.28 -38.19 -38.09 -38.03 -37.97 -37.94 -37.91 -37.94 -37.97 -38.00 -38.06 -38.09 -38.12 -38.16 -38.19 -38.19 -38.19 -38.16 -38.12 -38.06 -38.03 -37.97 -37.94 -37.94 -37.97 -38.00 -38.03 -38.06 -38.09 -38.09 -38.09 -38.06
-35.94 -36.09 -36.25 -36.41 -36.56 -36.72 -36.91 -37.09 -37.28 -37.50 -37.69 -37.88 -38.03 -38.16 -38.28 -38.38 -38.44 -38.50 -38.56 -38.62 -38.69 -38.75 -38.81 -38.88 -38.97 -39.03 -39.06 -39.12 -39.12 -39.12 -39.12 -39.06 -39.03 -38.97 -38.88 -38.81 -38.72 -38.62 -38.53 -38.44 -38.34 -38.25 -38.19 -38.09 -38.06 -38.06 -38.06 -38.06 -38.09 -38.16 -38.19 -38.22 -38.25 -38.28 -38.28 -38.28 -38.25 -38.25 -38.22 -38.19 -38.16 -38.12 -38.12 -38.16 -38.19 -38.22 -38.25 -38.25 -38.25 -38.22 -38.19
-36.12 -36.28 -36.44 -36.62 -36.78 -36.97 -37.12 -37.31 -37.53 -37.72 -37.91 -38.06 -38.25 -38.38 -38.50 -38.56 -38.66 -38.72 -38.75 -38.81 -38.88 -38.91 -38.97 -39.03 -39.06 -39.12 -39.19 -39.25 -39.25 -39.25 -39.25 -39.22 -39.16 -39.09 -39.03 -38.94 -38.88 -38.78 -38.69 -38.59 -38.50 -38.41 -38.31 -38.25 -38.22 -38.19 -38.19 -38.19 -38.19 -38.22 -38.28 -38.31 -38.34 -38.38 -38.38 -38.38 -38.38 -38.38 -38.34 -38.31 -38.31 -38.31 -38.31 -38.34 -38.38 -38.38 -38.41 -38.41 -38.38 -38.34 -38.28
-36.28 -36.47 -36.66 -36.84 -37.03 -37.22 -37.41 -37.59 -37.75 -37.94 -38.12 -38.28 -38.44 -38.56 -38.69 -38.78 -38.84 -38.91 -38.97 -39.00 -39.03 -39.09 -39.12 -39.16 -39.19 -39.25 -39.31 -39.34 -39.38 -39.38 -39.38 -39.31 -39.28 -39.22 -39.16 -39.09 -39.00 -38.94 -38.84 -38.75 -38.66 -38.56 -38.50 -38.44 -38.38 -38.34 -38.31 -38.28 -38.28 -38.31 -38.38 -38.41 -38.44 -38.44 -38.47 -38.47 -38.47 -38.47 -38.47 -38.47 -38.47 -38.47 -38.47 -38.50 -38.50 -38.53 -38.53 -38.50 -38.47 -38.44 -38.38
-36.44 -36.62 -36.84 -37.06 -37.25 -37.47 -37.66 -37.81 -38.00 -38.19 -38.34 -38.50 -38.62 -38.75 -38.88 -38.94 -39.03 -39.09 -39.12 -39.19 -39.22 -39.25 -39.28 -39.28 -39.34 -39.38 -39.44 -39.47 -39.47 -39.50 -39.47 -39.44 -39.38 -39.31 -39.28 -39.22 -39.16 -39.06 -39.00 -38.91 -38.81 -38.72 -38.66 -38.59 -38.53 -38.47 -38.44 -38.41 -38.41 -38.41 -38.44 -38.50 -38.50 -38.53 -38.56 -38.56 -38.56 -38.59 -38.59 -38.59 -38.59 -38.59 -38.62 -38.62 -38.66 -38.66 -38.62 -38.62 -38.59 -38.53 -38.47
-36.59 -36.81 -37.03 -37.25 -37.47 -37.69 -37.88 -38.06 -38.25 -38.41 -38.56 -38.69 -38.81 -38.94 -39.03 -39.12 -39.19 -39.25 -39.28 -39.34 -39.38 -39.41 -39.41 -39.44 -39.47 -39.50 -39.53 -39.56 -39.59 -39.56 -39.56 -39.53 -39.47 -39.44 -39.38 -39.34 -39.28 -39.22 -39.12 -39.03 -38.97 -38.88 -38.81 -38.75 -38.69 -38.62 -38.59 -38.53 -38.53 -38.53 -38.56 -38.56 -38.59 -38.62 -38.62 -38.62 -38.66 -38.66 -38.69 -38.69 -38.72 -38.75 -38.75 -38.75 -38.75 -38.75 -38.75 -38.72 -38.69 -38.62 -38.56
-36.72 -36.97 -37.19 -37.44 -37.66 -37.88 -38.06 -38.28 -38.44 -38.59 -38.75 -38.88 -39.00 -39.09 -39.19 -39.25 -39.31 -39.38 -39.44 -39.47 -39.53 -39.53 -39.56 -39.56 -39.59 -39.62 -39.62 -39.66 -39.69 -39.66 -39.66 -39.59 -39.56 -39.53 -39.50 -39.44 -39.38 -39.34 -39.25 -39.19 -39.09 -39.03 -38.97 -38.91 -38.84 -38.78 -38.72 -38.69 -38.66 -38.66 -38.66 -38.69 -38.69 -38.72 -38.72 -38.72 -38.72 -38.75 -38.78 -38.78 -38.81 -38.84 -38.88 -38.88 -38.88 -38.84 -38.84 -38.81 -38.78 -38.72 -38.66
-36.88 -37.09 -37.34 -37.59 -37.81 -38.06 -38.25 -38.44 -38.62 -38.78 -38.91 -39.03 -39.16 -39.25 -39.31 -39.38 -39.44 -39.50 -39.53 -39.59 -39.62 -39.66 -39.69 -39.69 -39.72 -39.72 -39.75 -39.75 -39.75 -39.75 -39.72 -39.69 -39.66 -39.62 -39.59 -39.53 -39.50 -39.44 -39.38 -39.31 -39.25 -39.19 -39.12 -39.06 -39.00 -38.94 -38.88 -38.81 -38.78 -38.78 -38.78 -38.78 -38.81 -38.81 -38.81 -38.81 -38.81 -38.81 -38.84 -38.88 -38.91 -38.94 -38.97 -38.97 -38.97 -38.94 -38.94 -38.91 -38.88 -38.81 -38.75
-37.03 -37.25 -37.50 -37.75 -37.97 -38.22 -38.41 -38.62 -38.78 -38.94 -39.06 -39.19 -39.28 -39.38 -39.44 -39.50 -39.53 -39.59 -39.66 -39.72 -39.75 -39.78 -39.81 -39.81 -39.84 -39.84 -39.84 -39.84 -39.84 -39.84 -39.81 -39.78 -39.75 -39.72 -39.69 -39.66 -39.59 -39.56 -39.50 -39.44 -39.38 -39.31 -39.25 -39.19 -39.12 -39.06 -39.03 -38.97 -38.94 -38.91 -38.91 -38.91 -38.91 -38.91 -38.91 -38.91 -38.91 -38.91 -38.94 -38.97 -39.00 -39.03 -39.03 -39.06 -39.06 -39.03 -39.03 -39.00 -38.94 -38.91 -38.81
-37.22 -37.44 -37.66 -37.88 -38.12 -38.34 -38.56 -38.75 -38.91 -39.06 -39.22 -39.31 -39.41 -39.50 -39.56 -39.59 -39.66 -39.69 -39.75 -39.81 -39.88 -39.91 -39.94 -39.94 -39.94 -39.94 -39.94 -39.94 -39.94 -39.94 -39.91 -39.88 -39.84 -39.81 -39.78 -39.75 -39.69 -39.66 -39.62 -39.56 -39.50 -39.44 -39.38 -39.31 -39.25 -39.22 -39.16 -39.12 -39.06 -39.06 -39.03 -39.03 -39.03 -39.03 -39.00 -39.00 -38.97 -39.00 -39.00 -39.03 -39.06 -39.09 -39.12 -39.12 -39.12 -39.12 -39.09 -39.06 -39.03 -38.97 -38.91
-37.38 -37.59 -37.81 -38.03 -38.25 -38.47 -38.66 -38.84 -39.03 -39.19 -39.31 -39.44 -39.53 -39.59 -39.66 -39.72 -39.75 -39.81 -39.88 -39.94 -40.00 -40.03 -40.06 -40.06 -40.06 -40.06 -40.06 -40.03 -40.03 -40.00 -39.97 -39.94 -39.91 -39.88 -39.84 -39.81 -39.78 -39.75 -39.72 -39.66 -39.62 -39.56 -39.50 -39.44 -39.38 -39.34 -39.28 -39.25 -39.22 -39.19 -39.16 -39.16 -39.12 -39.12 -39.09 -39.09 -39.06 -39.06 -39.09 -39.12 -39.16 -39.16 -39.19 -39.19 -39.19 -39.19 -39.16 -39.12 -39.09 -39.03 -38.97
