everonasctiles/Tile[36,7].asc
ncols 128
nrows 128
xllcorner 0
yllcorner 0
cellsize 2.0
NODATA_value  -9999
[rows 34 to 67 of 128, columns 0 to 76 of 128]
62.41 62.00 61.59 61.19 60.78 60.38 59.97 59.56 59.16 58.75 58.38 57.97 57.56 57.16 56.75 56.34 55.97 55.56 55.12 54.69 54.25 53.75 53.31 52.94 52.62 52.59 52.53 52.06 51.44 50.75 49.91 49.62 49.50 49.41 49.34 49.28 49.22 49.16 49.09 49.62 50.06 50.16 50.41 50.62 50.81 50.97 51.09 51.12 51.19 51.09 51.03 50.97 50.91 50.84 50.81 50.75 50.69 50.62 50.56 50.66 51.00 51.16 51.28 51.34 51.41 51.34 51.41 51.47 51.53 51.62 51.72 51.84 51.97 52.12 52.28 52.44 52.59
62.56 62.16 61.75 61.34 60.94 60.53 60.12 59.75 59.34 58.97 58.56 58.19 57.78 57.41 57.00 56.62 56.22 55.84 55.44 55.03 54.62 54.19 53.78 53.44 53.12 52.81 52.44 52.00 51.62 51.59 51.12 50.44 49.66 49.44 49.34 49.25 49.16 49.06 49.00 48.88 49.41 49.66 49.62 50.12 50.38 50.56 50.78 50.88 50.94 51.03 50.94 50.91 50.84 50.78 50.72 50.66 50.59 50.53 50.47 50.44 50.62 50.94 51.12 51.19 51.22 51.22 51.28 51.34 51.41 51.50 51.59 51.72 51.84 52.00 52.12 52.28 52.44
62.69 62.28 61.88 61.47 61.09 60.69 60.28 59.91 59.53 59.12 58.75 58.38 58.00 57.62 57.25 56.88 56.50 56.12 55.72 55.34 54.97 54.56 54.19 53.84 53.47 53.16 52.81 52.44 52.12 52.12 51.91 51.28 50.59 49.97 49.50 49.19 49.09 49.03 48.94 48.84 48.72 49.19 49.66 49.59 50.00 50.22 50.47 50.62 50.75 50.88 50.91 50.81 50.75 50.69 50.62 50.56 50.50 50.47 50.41 50.34 50.34 50.56 50.94 51.06 51.12 51.09 51.16 51.22 51.28 51.38 51.50 51.59 51.72 51.88 52.00 52.16 52.31
62.78 62.38 62.00 61.59 61.19 60.81 60.44 60.06 59.69 59.31 58.94 58.56 58.19 57.84 57.47 57.09 56.72 56.38 56.00 55.62 55.28 54.91 54.56 54.22 53.88 53.53 53.19 52.88 52.59 52.47 52.50 52.16 51.28 50.56 50.16 49.53 49.00 48.94 48.84 48.75 48.66 48.50 49.12 49.50 49.47 49.91 50.16 50.38 50.59 50.78 50.97 50.72 50.66 50.59 50.53 50.50 50.44 50.38 50.34 50.28 50.22 50.25 50.59 51.09 51.03 50.97 51.03 51.09 51.16 51.25 51.34 51.47 51.59 51.72 51.88 52.00 52.16
62.88 62.47 62.06 61.69 61.28 60.94 60.56 60.19 59.81 59.44 59.09 58.72 58.38 58.03 57.66 57.31 56.97 56.59 56.25 55.91 55.56 55.22 54.88 54.53 54.22 53.88 53.56 53.25 53.00 52.78 52.62 52.72 52.41 51.50 50.41 49.72 49.53 48.88 48.72 48.66 48.56 48.47 48.38 48.88 49.16 49.31 49.84 50.06 50.34 50.53 50.78 50.72 50.59 50.53 50.47 50.41 50.38 50.31 50.25 50.22 50.16 50.09 50.12 50.72 50.91 50.84 50.88 50.94 51.00 51.09 51.22 51.31 51.44 51.59 51.72 51.88 52.03
62.97 62.56 62.12 61.75 61.38 61.00 60.66 60.28 59.94 59.56 59.22 58.88 58.53 58.19 57.84 57.50 57.16 56.81 56.47 56.16 55.81 55.50 55.16 54.84 54.53 54.22 53.94 53.62 53.34 53.09 52.84 52.69 52.69 52.38 51.34 50.12 49.50 49.59 48.81 48.53 48.47 48.38 48.28 48.19 48.62 49.00 49.28 49.84 50.19 50.31 50.47 50.50 50.47 50.47 50.41 50.34 50.31 50.25 50.19 50.12 50.09 50.03 50.00 50.12 50.69 50.75 50.72 50.78 50.88 50.97 51.06 51.19 51.31 51.44 51.59 51.72 51.88
63.00 62.62 62.19 61.81 61.41 61.06 60.69 60.38 60.03 59.69 59.34 59.00 58.66 58.34 58.00 57.66 57.34 57.00 56.69 56.38 56.06 55.75 55.44 55.12 54.81 54.53 54.22 53.94 53.66 53.41 53.16 52.78 52.56 52.41 52.12 51.44 50.34 49.75 49.38 48.56 48.34 48.28 48.19 48.09 48.03 48.69 49.16 49.50 50.00 50.16 50.31 50.19 50.22 50.41 50.34 50.28 50.22 50.19 50.12 50.06 50.03 50.00 49.94 49.91 50.12 50.62 50.56 50.62 50.72 50.81 50.91 51.03 51.16 51.28 51.44 51.59 51.72
63.06 62.66 62.25 61.88 61.47 61.12 60.75 60.41 60.06 59.75 59.44 59.12 58.78 58.47 58.12 57.81 57.50 57.19 56.88 56.56 56.25 55.97 55.66 55.38 55.06 54.78 54.50 54.22 53.94 53.66 53.38 53.03 52.56 52.19 52.06 52.09 51.47 50.53 49.50 48.91 48.38 48.19 48.09 48.00 47.94 47.81 48.50 49.25 49.72 50.06 50.41 50.25 50.19 50.34 50.25 50.22 50.16 50.09 50.06 50.00 49.97 49.94 49.91 49.88 49.84 50.12 50.44 50.44 50.53 50.62 50.75 50.84 51.00 51.12 51.25 51.41 51.56
63.09 62.69 62.28 61.91 61.50 61.16 60.78 60.44 60.09 59.81 59.50 59.19 58.88 58.56 58.25 57.94 57.62 57.31 57.03 56.72 56.44 56.16 55.88 55.59 55.28 55.00 54.72 54.44 54.16 53.88 53.56 53.25 52.88 52.47 52.03 51.78 51.72 51.41 50.62 49.75 49.03 48.12 47.97 47.91 47.81 47.69 47.81 48.72 49.41 50.25 50.41 50.53 50.53 50.31 50.22 50.16 50.09 50.03 50.00 49.97 49.94 49.91 49.84 49.81 49.78 49.78 50.03 50.31 50.31 50.41 50.53 50.66 50.81 50.94 51.09 51.25 51.38
63.09 62.72 62.28 61.91 61.50 61.16 60.81 60.47 60.09 59.78 59.50 59.22 58.91 58.62 58.31 58.03 57.72 57.44 57.16 56.88 56.59 56.31 56.03 55.75 55.47 55.19 54.91 54.62 54.34 54.03 53.75 53.44 53.09 52.75 52.34 51.88 51.53 51.44 51.38 50.50 49.62 48.59 47.81 47.81 47.72 47.62 47.50 47.81 48.50 49.00 49.09 50.69 50.56 50.47 50.31 50.09 50.03 50.00 49.97 49.94 49.88 49.84 49.81 49.78 49.75 49.72 49.72 50.00 50.16 50.16 50.28 50.44 50.59 50.75 50.91 51.06 51.22
63.09 62.66 62.28 61.91 61.50 61.12 60.78 60.41 60.09 59.78 59.50 59.19 58.91 58.62 58.34 58.06 57.78 57.50 57.25 56.97 56.72 56.44 56.19 55.91 55.62 55.34 55.06 54.78 54.47 54.19 53.91 53.59 53.28 52.94 52.53 52.03 51.44 51.12 51.12 50.94 49.75 48.78 48.19 47.62 47.59 47.53 47.44 47.31 47.81 48.38 48.88 49.97 50.75 50.59 50.47 50.25 50.00 49.94 49.91 49.88 49.84 49.81 49.78 49.75 49.72 49.72 49.69 49.69 49.88 49.97 50.03 50.22 50.38 50.56 50.72 50.88 51.06
63.06 62.66 62.25 61.84 61.47 61.09 60.75 60.41 60.06 59.75 59.44 59.16 58.88 58.62 58.34 58.09 57.81 57.56 57.31 57.06 56.78 56.53 56.28 56.03 55.75 55.47 55.19 54.88 54.59 54.31 54.03 53.72 53.41 53.06 52.69 52.19 51.53 50.97 50.75 50.75 50.00 48.72 48.38 47.91 47.50 47.41 47.31 47.22 47.12 47.75 48.78 49.62 50.56 50.81 50.62 50.44 50.12 49.91 49.88 49.84 49.78 49.78 49.75 49.72 49.72 49.69 49.66 49.66 49.62 49.69 49.75 49.91 50.16 50.34 50.53 50.72 50.88
63.03 62.62 62.22 61.81 61.41 61.03 60.66 60.31 60.00 59.69 59.41 59.09 58.81 58.56 58.31 58.06 57.81 57.56 57.34 57.09 56.84 56.62 56.38 56.12 55.84 55.56 55.25 54.97 54.69 54.38 54.09 53.81 53.53 53.19 52.81 52.34 51.75 51.28 50.78 50.56 50.25 49.56 49.12 48.66 47.62 47.28 47.22 47.12 47.03 46.97 47.66 48.56 49.50 50.66 50.78 50.56 50.19 49.94 49.81 49.78 49.75 49.75 49.72 49.72 49.69 49.66 49.66 49.62 49.59 49.47 49.53 49.66 49.88 50.12 50.34 50.53 50.72
63.00 62.56 62.12 61.72 61.31 60.97 60.56 60.25 59.91 59.62 59.31 59.03 58.78 58.50 58.25 58.00 57.78 57.56 57.31 57.09 56.88 56.66 56.44 56.19 55.91 55.62 55.31 55.00 54.72 54.44 54.16 53.88 53.59 53.28 52.94 52.53 52.12 51.81 51.19 50.62 50.41 50.56 49.84 49.25 48.66 47.47 47.09 47.03 46.94 46.81 46.91 47.53 49.66 49.69 50.66 50.31 49.97 49.97 49.81 49.75 49.75 49.72 49.69 49.69 49.66 49.66 49.62 49.59 49.59 49.56 49.41 49.34 49.59 49.84 50.09 50.34 50.53
62.91 62.47 62.03 61.62 61.25 60.84 60.50 60.16 59.81 59.53 59.22 58.94 58.66 58.41 58.16 57.94 57.72 57.50 57.28 57.09 56.91 56.69 56.47 56.22 55.94 55.62 55.31 55.00 54.72 54.44 54.16 53.88 53.62 53.34 53.03 52.72 52.38 52.00 51.31 50.53 50.44 49.88 50.38 50.22 49.56 48.84 46.94 46.91 46.81 46.72 46.62 46.78 47.75 48.59 49.25 49.59 49.75 49.97 50.00 49.78 49.72 49.69 49.69 49.66 49.62 49.62 49.59 49.59 49.56 49.53 49.50 49.38 49.41 49.59 49.84 50.09 50.34
62.81 62.38 61.94 61.53 61.12 60.75 60.38 60.06 59.72 59.41 59.09 58.84 58.59 58.34 58.09 57.88 57.66 57.44 57.22 57.03 56.88 56.69 56.47 56.25 55.94 55.62 55.28 54.97 54.66 54.38 54.09 53.84 53.59 53.31 53.06 52.81 52.47 51.94 51.28 50.59 49.97 50.38 50.22 50.12 49.78 48.91 47.44 46.69 46.72 46.62 46.53 46.41 46.72 48.16 48.84 49.34 49.59 49.84 49.84 49.66 49.69 49.69 49.66 49.62 49.62 49.59 49.56 49.56 49.53 49.50 49.44 49.41 49.34 49.41 49.62 49.84 50.09
62.69 62.22 61.78 61.38 60.97 60.62 60.25 59.91 59.62 59.28 59.03 58.72 58.50 58.28 58.03 57.81 57.59 57.41 57.19 57.03 56.84 56.66 56.50 56.22 55.91 55.56 55.22 54.88 54.56 54.28 54.03 53.75 53.50 53.22 52.94 52.69 52.47 52.19 51.81 51.12 50.25 50.31 49.97 49.44 49.06 48.69 48.19 47.38 46.53 46.53 46.44 46.34 46.25 47.19 48.97 49.25 49.25 49.56 49.69 49.56 49.56 49.66 49.62 49.62 49.59 49.56 49.56 49.53 49.50 49.44 49.41 49.38 49.28 49.25 49.38 49.59 49.81
62.53 62.06 61.62 61.19 60.81 60.44 60.09 59.78 59.44 59.16 58.88 58.62 58.41 58.19 57.97 57.78 57.59 57.41 57.19 57.03 56.84 56.66 56.41 56.16 55.81 55.47 55.09 54.75 54.44 54.16 53.91 53.62 53.25 52.88 52.53 52.28 52.09 51.06 50.88 50.59 50.78 50.72 49.94 49.78 49.25 49.25 48.91 48.06 47.06 46.34 46.34 46.25 46.16 46.19 47.69 48.72 48.69 49.06 49.41 49.47 49.50 49.47 49.59 49.59 49.56 49.56 49.53 49.50 49.44 49.41 49.38 49.31 49.22 49.12 49.12 49.19 49.47
62.34 61.88 61.44 61.03 60.59 60.25 59.94 59.59 59.31 59.03 58.78 58.53 58.31 58.12 57.91 57.72 57.53 57.38 57.19 57.03 56.84 56.62 56.34 56.09 55.69 55.28 54.91 54.56 54.28 54.00 53.69 53.28 52.84 52.44 52.09 51.88 51.78 51.22 51.22 51.03 50.88 50.59 50.75 50.06 49.41 49.50 49.44 48.72 47.91 46.72 46.19 46.16 46.06 45.94 46.06 47.22 48.03 48.25 48.62 49.22 49.31 49.22 49.38 49.56 49.56 49.53 49.50 49.44 49.41 49.38 49.31 49.22 49.16 49.06 48.91 48.81 48.88
62.09 61.66 61.19 60.78 60.41 60.06 59.75 59.47 59.19 58.94 58.69 58.47 58.25 58.06 57.88 57.69 57.53 57.34 57.19 56.97 56.75 56.50 56.28 56.00 55.59 55.06 54.62 54.34 54.06 53.75 53.31 52.88 52.47 52.09 51.84 51.66 51.50 51.41 51.28 51.16 50.97 50.78 50.75 50.75 49.41 49.38 49.47 49.28 48.25 47.47 46.47 46.00 45.97 45.84 45.75 45.75 46.47 47.59 48.06 48.34 49.06 49.22 49.03 49.25 49.53 49.50 49.44 49.41 49.38 49.31 49.25 49.16 49.06 48.97 48.81 48.69 48.56
61.84 61.38 60.19 60.19 60.22 59.94 59.66 59.38 59.12 58.88 58.62 58.41 58.22 58.00 57.84 57.66 57.50 57.34 57.19 56.91 56.59 56.34 56.09 55.94 55.53 55.06 54.56 54.22 53.84 53.38 52.94 52.56 52.22 52.03 51.84 51.69 51.56 51.44 51.34 51.22 51.12 50.94 50.81 50.81 50.66 49.38 49.22 49.12 48.94 48.03 47.44 46.41 45.81 45.75 45.66 45.56 45.53 46.09 47.53 48.19 48.59 49.25 49.09 48.78 49.16 49.44 49.41 49.38 49.34 49.25 49.16 49.09 49.00 48.88 48.75 48.62 48.50
61.47 61.12 60.19 60.19 60.12 59.84 59.56 59.31 59.06 58.81 58.59 58.38 58.16 57.97 57.78 57.62 57.47 57.34 57.12 56.75 56.31 55.97 55.84 55.81 55.53 55.09 54.50 53.97 53.47 53.00 52.66 52.41 52.22 52.06 51.94 51.78 51.62 51.50 51.41 51.28 51.16 51.00 51.00 50.59 50.31 49.53 49.25 49.12 48.97 48.84 48.09 47.41 46.03 45.59 45.56 45.47 45.38 45.31 45.72 47.34 48.22 48.53 48.84 48.75 48.66 49.19 49.34 49.34 49.28 49.19 49.09 49.03 48.91 48.78 48.66 48.53 48.41
60.94 60.19 60.19 60.19 60.12 60.06 60.19 59.25 59.03 58.78 58.56 58.34 58.12 57.94 57.75 57.56 57.44 57.28 57.03 56.56 56.03 55.81 55.69 55.62 55.38 54.75 54.12 53.56 53.12 52.78 52.62 52.44 52.31 52.16 52.00 51.88 51.72 51.56 51.47 51.34 51.22 51.09 50.44 50.34 50.12 49.69 49.34 49.19 49.03 48.88 48.72 47.56 47.34 46.41 45.53 45.38 45.28 45.19 45.09 45.31 46.69 47.41 47.75 48.19 48.66 48.94 49.06 49.25 49.19 49.12 49.03 48.97 48.84 48.69 48.56 48.44 48.31
60.88 60.19 60.19 60.19 60.19 60.16 59.97 59.62 59.16 58.75 58.50 58.28 58.06 57.88 57.69 57.50 57.31 57.19 56.88 56.38 55.94 55.69 55.47 55.31 54.81 54.22 53.66 53.25 53.00 52.81 52.66 52.53 52.38 52.25 52.09 51.94 51.81 51.66 51.56 51.41 51.06 50.78 50.50 50.53 50.22 49.78 49.38 49.28 49.12 48.75 48.22 48.09 47.91 47.53 46.78 45.41 45.19 45.09 45.00 44.88 44.91 45.97 46.75 47.28 47.94 48.22 48.28 48.69 49.06 49.03 49.00 48.88 48.75 48.62 48.50 48.38 48.22
60.88 60.19 60.19 60.19 60.19 60.12 60.00 59.59 59.22 58.78 58.44 58.19 57.94 57.75 57.59 57.47 57.25 56.97 56.62 56.19 55.84 55.56 55.25 54.66 54.28 53.78 53.44 53.22 53.06 52.91 52.75 52.62 52.47 52.34 52.19 52.03 51.91 51.78 51.69 51.53 51.16 50.69 50.50 50.47 50.16 49.78 49.41 49.25 49.03 48.78 48.53 48.12 47.81 48.00 47.38 46.31 45.69 45.06 44.91 44.81 44.69 44.66 45.34 46.53 47.16 47.34 47.78 47.78 48.22 48.91 48.91 48.78 48.66 48.53 48.41 48.28 48.16
60.28 60.19 60.19 60.19 60.19 60.16 59.84 59.56 59.16 58.72 58.31 57.97 57.69 57.50 57.44 57.38 57.25 57.06 56.66 56.19 55.72 55.25 54.78 54.31 53.91 53.62 53.44 53.28 53.12 53.00 52.84 52.72 52.56 52.41 52.28 52.16 52.03 51.94 51.75 51.50 51.00 50.56 50.38 50.25 50.00 49.69 49.41 49.25 49.06 48.88 48.62 48.38 47.97 47.78 47.75 47.03 46.38 45.56 44.84 44.72 44.62 44.50 44.47 44.81 45.69 46.03 46.69 47.19 47.41 47.72 48.38 48.66 48.56 48.44 48.31 48.19 48.06
60.19 60.06 60.16 60.16 60.12 59.97 59.84 59.41 59.06 58.62 58.16 57.69 57.44 57.22 57.16 57.19 57.19 57.03 56.56 55.91 55.28 54.81 54.38 54.06 53.84 53.66 53.50 53.38 53.22 53.09 52.94 52.81 52.66 52.53 52.41 52.34 52.25 52.06 51.78 51.38 50.91 50.56 50.38 50.09 49.84 49.66 49.47 49.41 49.25 49.06 48.84 48.56 48.19 47.91 47.69 47.25 47.09 46.38 44.78 44.59 44.53 44.44 44.34 44.25 44.28 44.59 45.00 45.69 46.28 46.94 47.06 47.59 48.19 48.34 48.22 48.12 48.00
60.12 60.03 60.12 60.09 59.91 59.78 59.66 59.16 58.91 58.72 58.06 57.47 57.22 57.00 56.88 56.91 56.88 56.66 56.09 55.41 54.88 54.47 54.25 54.06 53.88 53.75 53.59 53.47 53.31 53.19 53.03 52.91 52.78 52.72 52.66 52.53 52.31 52.00 51.62 51.19 50.78 50.59 50.41 50.22 50.06 49.81 49.66 49.50 49.34 49.19 48.97 48.75 48.41 48.16 47.84 47.41 47.03 46.72 46.06 44.88 44.38 44.38 44.25 44.16 44.06 44.00 44.03 44.38 44.50 45.44 45.78 46.38 47.00 47.44 47.94 48.03 47.91
59.91 60.06 59.97 59.84 59.66 59.53 59.12 58.88 58.66 58.69 57.97 57.53 57.16 56.88 56.72 56.62 56.47 56.06 55.50 54.97 54.66 54.44 54.28 54.12 53.97 53.84 53.69 53.56 53.41 53.28 53.16 53.06 53.00 52.94 52.69 52.44 52.16 51.81 51.44 51.09 50.94 50.72 50.53 50.34 50.12 49.94 49.78 49.62 49.44 49.28 49.12 48.91 48.69 48.41 48.06 47.72 47.38 47.09 46.78 46.09 45.22 44.25 44.19 44.09 44.03 43.94 43.84 43.81 43.84 43.97 44.31 45.19 46.00 45.97 46.56 47.31 47.75
60.12 59.88 59.72 59.59 59.44 59.25 58.81 58.66 58.69 58.66 57.97 57.50 57.16 56.81 56.50 56.28 55.94 55.53 55.12 54.84 54.66 54.50 54.34 54.22 54.06 53.94 53.78 53.66 53.50 53.41 53.34 53.28 53.19 52.94 52.62 52.28 51.97 51.66 51.44 51.25 51.03 50.84 50.59 50.41 50.19 50.09 49.91 49.72 49.56 49.41 49.25 49.09 48.91 48.66 48.34 48.00 47.69 47.31 46.97 46.56 45.91 45.19 44.38 44.03 43.97 43.88 43.78 43.69 43.62 43.62 43.56 43.84 44.47 45.28 45.81 46.19 47.00
59.78 59.56 59.31 59.22 59.25 59.00 58.69 58.56 58.56 58.66 58.12 57.25 57.19 56.75 56.28 55.94 55.56 55.28 55.06 54.88 54.72 54.59 54.44 54.31 54.16 54.03 53.88 53.75 53.69 53.62 53.59 53.44 53.22 52.84 52.47 52.16 51.94 51.75 51.56 51.34 51.12 50.91 50.75 50.50 50.34 50.19 49.97 49.84 49.66 49.50 49.34 49.22 49.03 48.81 48.53 48.19 47.81 47.44 47.06 46.69 46.22 45.75 45.66 45.16 44.28 43.84 43.72 43.62 43.53 43.47 43.41 43.44 43.44 44.34 45.56 46.09 46.53
59.38 59.28 59.28 59.28 59.25 59.12 58.75 58.66 58.66 58.44 58.19 57.53 56.94 56.59 56.03 55.69 55.44 55.28 55.09 54.97 54.81 54.69 54.53 54.41 54.25 54.12 54.03 53.97 53.91 53.88 53.72 53.41 53.06 52.72 52.41 52.22 52.03 51.84 51.62 51.44 51.19 51.03 50.78 50.62 50.44 50.22 50.03 49.88 49.72 49.56 49.44 49.25 49.06 48.84 48.53 48.19 47.84 47.47 47.09 46.69 46.31 45.91 45.53 45.19 44.56 44.50 43.97 43.59 43.50 43.41 43.34 43.25 43.22 43.41 44.50 46.09 46.56
59.28 59.28 59.28 59.28 59.28 59.09 58.88 58.69 58.59 58.38 57.84 57.16 56.56 56.47 55.84 55.62 55.50 55.34 55.19 55.06 54.91 54.78 54.62 54.50 54.38 54.31 54.25 54.19 54.03 53.84 53.53 53.22 52.88 52.59 52.44 52.28 52.06 51.88 51.72 51.47 51.31 51.06 50.91 50.72 50.47 50.28 50.09 49.97 49.78 49.62 49.44 49.25 49.06 48.78 48.50 48.16 47.81 47.47 47.09 46.75 46.38 46.00 45.62 45.25 44.91 44.56 44.12 43.75 43.56 43.38 43.28 43.19 43.12 43.03 43.12 43.81 44.91
59.38 59.38 59.38 59.59 59.28 59.12 59.22 58.75 58.44 57.94 57.38 56.81 56.38 56.06 55.84 55.69 55.56 55.44 55.28 55.16 55.00 54.88 54.72 54.66 54.62 54.56 54.44 54.19 53.88 53.56 53.25 52.97 52.78 52.66 52.47 52.28 52.16 51.97 51.75 51.59 51.38 51.16 50.94 50.75 50.53 50.34 50.19 50.00 49.81 49.62 49.44 49.22 49.00 48.75 48.44 48.12 47.81 47.47 47.16 46.81 46.47 46.12 45.78 45.44 45.06 44.72 44.38 44.03 43.81 43.62 43.34 43.16 43.06 43.00 42.91 42.84 43.09
