everonasctiles/Tile[15,22].asc
ncols 128
nrows 128
xllcorner 0
yllcorner 0
cellsize 2.0
NODATA_value  -9999
[rows 0 to 32 of 128, columns 0 to 72 of 128]
133.44 133.12 132.78 132.38 131.94 131.44 130.94 130.41 129.84 129.28 128.69 128.09 127.50 126.91 126.31 125.75 125.19 124.62 124.06 123.50 122.94 122.41 121.84 121.31 120.78 120.25 119.72 119.19 118.66 118.12 117.59 117.06 116.59 116.38 116.38 116.28 116.16 116.06 115.94 115.81 115.69 115.59 115.50 115.66 115.66 115.88 115.75 115.16 114.44 113.75 113.06 112.53 111.97 111.47 111.00 110.53 110.09 109.66 109.25 108.88 108.50 108.09 107.72 107.38 107.03 106.72 106.41 106.09 105.81 105.56 105.28 105.03 104.75
133.44 133.09 132.72 132.28 131.84 131.34 130.81 130.28 129.75 129.16 128.59 128.00 127.41 126.81 126.22 125.66 125.09 124.53 123.97 123.41 122.88 122.31 121.78 121.25 120.72 120.22 119.69 119.16 118.62 118.09 117.56 117.00 116.59 116.56 116.50 116.41 116.31 116.22 116.09 116.00 115.84 115.72 115.72 115.97 116.28 116.41 115.88 115.19 114.44 113.84 113.16 112.62 112.12 111.59 111.12 110.69 110.25 109.81 109.44 109.06 108.66 108.28 107.94 107.59 107.22 106.91 106.62 106.34 106.00 105.75 105.50 105.22 104.97
133.41 133.03 132.62 132.19 131.72 131.22 130.72 130.19 129.62 129.06 128.47 127.91 127.31 126.72 126.16 125.56 125.00 124.44 123.88 123.34 122.78 122.25 121.75 121.22 120.69 120.16 119.62 119.12 118.62 118.12 117.62 117.03 116.78 116.72 116.66 116.56 116.47 116.38 116.25 116.16 116.03 115.84 116.03 116.28 116.75 116.34 115.84 115.25 114.62 113.84 113.34 112.78 112.25 111.75 111.25 110.78 110.38 109.97 109.59 109.19 108.81 108.53 108.19 107.78 107.47 107.16 106.88 106.59 106.31 106.00 105.72 105.44 105.16
133.31 132.94 132.53 132.06 131.59 131.12 130.59 130.06 129.50 128.94 128.38 127.81 127.22 126.66 126.06 125.50 124.94 124.38 123.81 123.28 122.72 122.22 121.69 121.19 120.66 120.12 119.62 119.12 118.66 118.22 117.75 117.19 116.97 116.88 116.78 116.72 116.62 116.53 116.44 116.31 116.06 116.12 116.28 116.75 116.69 116.28 115.81 115.31 114.75 114.12 113.50 112.94 112.34 111.84 111.38 110.94 110.56 110.19 109.75 109.44 109.06 108.78 108.41 108.06 107.81 107.53 107.22 106.91 106.56 106.25 105.94 105.62 105.31
133.25 132.84 132.44 131.97 131.50 131.00 130.50 129.97 129.41 128.84 128.28 127.72 127.16 126.56 126.00 125.44 124.88 124.31 123.75 123.22 122.66 122.16 121.66 121.12 120.62 120.09 119.59 119.12 118.69 118.25 117.75 117.25 117.12 117.03 116.94 116.84 116.78 116.69 116.59 116.41 116.31 116.50 116.56 116.84 116.56 116.22 115.81 115.34 114.88 114.25 113.62 113.03 112.50 112.00 111.53 111.09 110.72 110.38 110.00 109.69 109.34 108.97 108.69 108.44 108.16 107.84 107.50 107.16 106.81 106.47 106.12 105.81 105.47
133.19 132.78 132.34 131.88 131.41 130.91 130.41 129.88 129.31 128.78 128.22 127.62 127.06 126.50 125.91 125.34 124.78 124.22 123.69 123.16 122.59 122.12 121.59 121.09 120.56 120.03 119.56 119.09 118.66 118.22 117.75 117.34 117.28 117.19 117.09 117.00 116.94 116.84 116.72 116.56 116.62 116.56 116.84 116.75 116.47 116.16 115.78 115.38 114.94 114.34 113.75 113.19 112.62 112.16 111.66 111.28 110.91 110.56 110.22 109.94 109.62 109.22 109.00 108.75 108.47 108.16 107.78 107.41 107.03 106.66 106.31 105.97 105.62
133.12 132.69 132.25 131.78 131.31 130.81 130.31 129.78 129.22 128.69 128.12 127.56 127.00 126.41 125.84 125.28 124.72 124.16 123.62 123.06 122.53 122.03 121.53 121.03 120.50 120.00 119.53 119.06 118.62 118.22 117.81 117.47 117.41 117.34 117.25 117.16 117.06 117.00 116.78 116.66 116.81 116.84 116.91 116.66 116.41 116.09 115.78 115.41 114.97 114.41 113.84 113.31 112.75 112.25 111.81 111.41 111.06 110.75 110.47 110.19 109.84 109.62 109.38 109.09 108.78 108.41 108.03 107.62 107.25 106.84 106.50 106.12 105.78
133.06 132.62 132.19 131.72 131.22 130.75 130.22 129.69 129.16 128.59 128.06 127.47 126.91 126.34 125.78 125.19 124.62 124.06 123.53 122.97 122.44 121.94 121.44 120.94 120.41 119.94 119.47 119.03 118.62 118.25 117.88 117.62 117.56 117.47 117.41 117.31 117.22 117.09 116.81 116.84 116.94 117.00 116.81 116.62 116.38 116.09 115.78 115.44 115.00 114.50 113.97 113.41 112.88 112.38 111.97 111.56 111.22 110.94 110.69 110.41 110.12 109.91 109.66 109.34 109.00 108.62 108.22 107.81 107.44 107.03 106.66 106.25 105.88
133.00 132.56 132.12 131.66 131.16 130.66 130.16 129.62 129.09 128.53 127.97 127.41 126.84 126.25 125.69 125.12 124.56 124.00 123.44 122.88 122.38 121.84 121.34 120.81 120.34 119.88 119.44 119.03 118.62 118.25 117.94 117.78 117.69 117.62 117.56 117.50 117.44 117.09 116.91 117.00 117.09 116.97 116.81 116.59 116.34 116.09 115.78 115.44 115.03 114.56 114.06 113.56 113.06 112.59 112.12 111.75 111.41 111.09 110.84 110.59 110.38 110.12 109.84 109.53 109.19 108.78 108.38 107.97 107.56 107.16 106.78 106.38 106.00
132.97 132.53 132.06 131.59 131.09 130.59 130.09 129.56 129.03 128.47 127.91 127.34 126.78 126.19 125.62 125.06 124.47 123.91 123.38 122.81 122.28 121.75 121.25 120.72 120.28 119.81 119.41 119.00 118.59 118.25 118.00 117.91 117.84 117.78 117.72 117.66 117.50 117.12 117.09 117.25 117.16 117.00 116.81 116.59 116.34 116.06 115.78 115.44 115.03 114.59 114.16 113.69 113.22 112.75 112.31 111.91 111.56 111.25 110.97 110.72 110.47 110.22 109.97 109.66 109.28 108.91 108.50 108.09 107.69 107.28 106.88 106.47 106.09
132.94 132.50 132.03 131.56 131.06 130.56 130.03 129.50 128.97 128.41 127.84 127.28 126.69 126.12 125.53 124.97 124.41 123.84 123.31 122.75 122.22 121.69 121.16 120.69 120.22 119.78 119.38 118.97 118.59 118.25 118.12 118.06 118.00 117.94 117.88 117.78 117.50 117.28 117.44 117.34 117.22 117.06 116.84 116.59 116.34 116.06 115.75 115.44 115.06 114.66 114.22 113.78 113.31 112.88 112.47 112.06 111.72 111.38 111.09 110.81 110.56 110.31 110.03 109.72 109.38 109.00 108.59 108.22 107.78 107.38 106.97 106.56 106.16
132.91 132.47 132.00 131.50 131.00 130.50 130.00 129.44 128.91 128.34 127.78 127.22 126.62 126.06 125.47 124.91 124.31 123.75 123.22 122.69 122.16 121.62 121.12 120.62 120.19 119.75 119.34 118.97 118.59 118.31 118.25 118.22 118.16 118.09 118.00 117.91 117.78 117.78 117.62 117.47 117.28 117.09 116.88 116.62 116.38 116.09 115.78 115.44 115.09 114.69 114.28 113.84 113.44 113.00 112.59 112.22 111.84 111.50 111.19 110.91 110.62 110.38 110.09 109.78 109.44 109.06 108.69 108.28 107.88 107.44 107.03 106.62 106.22
132.88 132.44 131.97 131.47 130.97 130.47 129.94 129.41 128.84 128.31 127.72 127.16 126.56 126.00 125.41 124.81 124.25 123.69 123.16 122.62 122.09 121.59 121.09 120.59 120.16 119.72 119.31 118.94 118.62 118.47 118.41 118.34 118.28 118.25 118.19 118.25 118.25 117.97 117.75 117.56 117.34 117.12 116.91 116.66 116.38 116.09 115.81 115.47 115.12 114.75 114.34 113.94 113.53 113.12 112.72 112.31 111.97 111.59 111.28 111.00 110.69 110.41 110.12 109.81 109.47 109.09 108.72 108.31 107.91 107.50 107.06 106.66 106.25
132.88 132.41 131.94 131.47 130.94 130.44 129.91 129.38 128.81 128.25 127.69 127.09 126.50 125.91 125.34 124.75 124.16 123.62 123.09 122.56 122.06 121.56 121.06 120.59 120.12 119.69 119.28 118.94 118.72 118.62 118.53 118.50 118.44 118.38 118.34 118.53 118.34 118.06 117.84 117.62 117.41 117.19 116.94 116.69 116.44 116.12 115.84 115.50 115.16 114.81 114.41 114.03 113.62 113.22 112.81 112.44 112.06 111.69 111.38 111.06 110.75 110.44 110.16 109.81 109.47 109.12 108.75 108.34 107.94 107.53 107.09 106.69 106.25
132.88 132.41 131.94 131.44 130.94 130.41 129.88 129.34 128.78 128.22 127.62 127.03 126.47 125.84 125.25 124.66 124.09 123.56 123.03 122.53 122.03 121.53 121.06 120.56 120.12 119.69 119.25 118.97 118.84 118.75 118.69 118.62 118.59 118.53 118.53 118.69 118.38 118.12 117.91 117.69 117.47 117.22 117.00 116.75 116.47 116.19 115.88 115.56 115.22 114.88 114.50 114.09 113.69 113.31 112.91 112.50 112.12 111.78 111.44 111.09 110.78 110.47 110.16 109.84 109.50 109.12 108.75 108.34 107.94 107.53 107.09 106.69 106.25
132.88 132.41 131.91 131.44 130.91 130.41 129.88 129.31 128.75 128.19 127.59 127.00 126.41 125.78 125.19 124.59 124.03 123.50 122.97 122.47 122.00 121.50 121.03 120.59 120.12 119.69 119.22 119.03 118.94 118.88 118.81 118.78 118.72 118.66 118.72 118.75 118.41 118.16 117.94 117.72 117.53 117.28 117.06 116.81 116.53 116.25 115.94 115.62 115.31 114.94 114.56 114.19 113.78 113.38 113.00 112.59 112.22 111.84 111.50 111.16 110.81 110.50 110.16 109.84 109.50 109.12 108.75 108.34 107.94 107.53 107.09 106.66 106.22
132.88 132.41 131.91 131.41 130.91 130.38 129.84 129.28 128.72 128.16 127.56 126.97 126.34 125.72 125.12 124.50 123.94 123.44 122.94 122.44 121.97 121.50 121.03 120.59 120.16 119.66 119.19 119.09 119.03 119.00 118.97 118.94 118.88 118.81 118.84 118.78 118.44 118.19 118.00 117.78 117.59 117.38 117.12 116.88 116.59 116.31 116.03 115.72 115.38 115.03 114.66 114.28 113.88 113.47 113.06 112.66 112.28 111.91 111.53 111.19 110.84 110.50 110.16 109.81 109.47 109.12 108.72 108.34 107.91 107.50 107.06 106.62 106.19
132.88 132.41 131.91 131.41 130.91 130.38 129.81 129.28 128.69 128.12 127.53 126.91 126.28 125.66 125.03 124.44 123.88 123.38 122.88 122.41 121.94 121.47 121.03 120.59 120.19 119.62 119.25 119.19 119.16 119.12 119.09 119.06 119.03 118.97 118.94 118.78 118.47 118.25 118.06 117.88 117.66 117.44 117.22 116.97 116.69 116.41 116.12 115.81 115.47 115.12 114.75 114.38 113.97 113.56 113.16 112.75 112.34 111.94 111.56 111.19 110.84 110.50 110.16 109.81 109.47 109.09 108.69 108.31 107.88 107.44 107.00 106.56 106.12
132.88 132.41 131.91 131.41 130.88 130.38 129.81 129.25 128.69 128.09 127.50 126.88 126.25 125.59 125.00 124.41 123.84 123.34 122.84 122.38 121.91 121.47 121.03 120.62 120.22 119.59 119.34 119.31 119.28 119.25 119.22 119.19 119.16 119.06 119.03 118.81 118.53 118.34 118.16 117.94 117.75 117.53 117.31 117.06 116.78 116.53 116.22 115.91 115.59 115.22 114.88 114.47 114.06 113.66 113.22 112.81 112.38 111.97 111.56 111.19 110.81 110.47 110.12 109.78 109.41 109.06 108.66 108.25 107.84 107.38 106.94 106.50 106.03
132.88 132.41 131.91 131.41 130.88 130.34 129.81 129.25 128.66 128.06 127.47 126.84 126.19 125.56 124.94 124.34 123.78 123.28 122.78 122.31 121.88 121.47 121.06 120.66 120.22 119.62 119.47 119.44 119.41 119.38 119.34 119.28 119.25 119.19 119.12 118.91 118.66 118.44 118.25 118.06 117.84 117.62 117.41 117.16 116.91 116.62 116.34 116.03 115.69 115.34 114.97 114.59 114.16 113.75 113.31 112.88 112.41 112.00 111.59 111.19 110.81 110.44 110.09 109.75 109.38 109.00 108.59 108.19 107.75 107.31 106.84 106.41 105.94
132.88 132.41 131.91 131.41 130.88 130.34 129.78 129.22 128.66 128.06 127.44 126.78 126.16 125.53 124.91 124.31 123.75 123.22 122.75 122.28 121.88 121.47 121.09 120.72 120.22 119.69 119.59 119.56 119.53 119.50 119.44 119.41 119.34 119.31 119.22 119.00 118.78 118.56 118.38 118.16 117.97 117.75 117.50 117.28 117.00 116.75 116.47 116.16 115.81 115.47 115.09 114.69 114.28 113.84 113.38 112.91 112.47 112.00 111.56 111.16 110.78 110.41 110.03 109.69 109.31 108.94 108.53 108.12 107.66 107.22 106.75 106.31 105.84
132.88 132.41 131.91 131.41 130.88 130.34 129.78 129.22 128.62 128.03 127.41 126.75 126.12 125.50 124.88 124.28 123.72 123.19 122.69 122.25 121.84 121.47 121.12 120.81 120.22 119.78 119.72 119.69 119.66 119.62 119.56 119.53 119.47 119.41 119.31 119.19 118.91 118.69 118.50 118.28 118.06 117.84 117.62 117.38 117.12 116.88 116.59 116.28 115.97 115.59 115.22 114.81 114.38 113.94 113.44 112.97 112.47 112.00 111.56 111.12 110.72 110.34 109.97 109.62 109.25 108.88 108.47 108.00 107.56 107.09 106.66 106.19 105.72
132.88 132.41 131.91 131.41 130.88 130.34 129.78 129.19 128.62 128.00 127.38 126.72 126.09 125.47 124.88 124.28 123.72 123.19 122.69 122.25 121.84 121.50 121.22 120.94 120.28 119.91 119.84 119.81 119.78 119.75 119.69 119.62 119.56 119.50 119.41 119.38 119.31 119.09 118.84 118.53 118.22 117.94 117.72 117.50 117.25 117.00 116.72 116.44 116.09 115.75 115.34 114.94 114.50 114.03 113.53 113.03 112.50 112.00 111.53 111.09 110.66 110.28 109.91 109.53 109.16 108.78 108.34 107.91 107.44 107.00 106.53 106.06 105.59
132.88 132.41 131.91 131.38 130.84 130.31 129.75 129.19 128.59 128.00 127.34 126.72 126.09 125.47 124.88 124.28 123.72 123.19 122.72 122.28 121.91 121.59 121.34 121.06 120.25 120.03 119.97 119.94 119.91 119.88 119.81 119.78 119.69 119.59 119.50 119.41 119.28 119.09 118.88 118.69 118.47 118.25 118.03 117.75 117.44 117.09 116.75 116.47 116.16 115.81 115.44 115.03 114.59 114.12 113.62 113.06 112.53 112.00 111.50 111.03 110.59 110.19 109.81 109.44 109.03 108.66 108.22 107.75 107.31 106.84 106.38 105.94 105.47
132.88 132.38 131.88 131.38 130.84 130.31 129.75 129.19 128.59 127.97 127.34 126.72 126.09 125.47 124.88 124.31 123.75 123.22 122.75 122.31 121.97 121.69 121.47 121.06 120.28 120.16 120.12 120.06 120.03 120.00 119.97 119.91 119.84 119.72 119.56 119.41 119.25 119.06 118.84 118.62 118.44 118.22 118.00 117.78 117.50 117.19 116.88 116.56 116.12 115.75 115.41 115.06 114.62 114.19 113.69 113.12 112.56 112.00 111.47 110.97 110.53 110.09 109.72 109.31 108.91 108.53 108.06 107.59 107.16 106.72 106.25 105.78 105.34
132.88 132.38 131.88 131.38 130.84 130.28 129.75 129.16 128.56 127.97 127.34 126.72 126.12 125.50 124.91 124.34 123.78 123.28 122.78 122.38 122.03 121.78 121.56 120.97 120.31 120.28 120.25 120.22 120.19 120.16 120.12 120.09 120.03 119.88 119.66 119.41 119.22 119.03 118.81 118.59 118.38 118.16 117.97 117.75 117.44 117.12 116.81 116.47 116.03 115.59 115.16 114.72 114.28 113.91 113.56 113.12 112.62 112.03 111.44 110.91 110.44 110.00 109.59 109.19 108.78 108.38 107.91 107.47 107.00 106.56 106.09 105.66 105.19
132.84 132.34 131.84 131.34 130.81 130.28 129.72 129.16 128.56 127.97 127.34 126.75 126.16 125.53 124.97 124.38 123.84 123.34 122.88 122.47 122.12 121.84 121.62 120.84 120.44 120.41 120.38 120.34 120.31 120.28 120.25 120.28 120.31 120.09 119.88 119.62 119.38 119.12 118.84 118.59 118.34 118.12 117.91 117.69 117.38 117.06 116.75 116.38 115.94 115.50 115.06 114.62 114.19 113.72 113.28 112.84 112.38 111.91 111.41 110.88 110.38 109.88 109.47 109.06 108.62 108.22 107.75 107.31 106.88 106.41 105.97 105.50 105.03
132.81 132.34 131.84 131.34 130.81 130.28 129.72 129.16 128.56 127.97 127.38 126.78 126.19 125.59 125.03 124.47 123.91 123.41 122.97 122.56 122.22 121.97 121.59 120.75 120.56 120.53 120.50 120.47 120.44 120.41 120.38 120.47 120.41 120.16 119.94 119.69 119.44 119.22 118.97 118.72 118.47 118.19 117.94 117.66 117.34 117.00 116.69 116.31 115.84 115.41 114.97 114.53 114.09 113.66 113.19 112.75 112.25 111.75 111.28 110.78 110.31 109.81 109.31 108.94 108.47 108.06 107.59 107.16 106.72 106.25 105.81 105.34 104.91
132.78 132.31 131.81 131.31 130.81 130.25 129.72 129.16 128.59 128.00 127.41 126.84 126.25 125.66 125.09 124.53 124.00 123.53 123.09 122.69 122.38 122.09 121.56 120.78 120.66 120.66 120.62 120.59 120.56 120.53 120.50 120.66 120.47 120.22 120.00 119.75 119.50 119.25 119.00 118.75 118.47 118.22 117.94 117.66 117.38 117.06 116.75 116.41 115.97 115.47 114.94 114.44 114.00 113.56 113.12 112.62 112.12 111.66 111.16 110.69 110.19 109.69 109.22 108.81 108.38 107.91 107.44 107.00 106.53 106.09 105.66 105.19 104.75
132.75 132.28 131.81 131.31 130.78 130.25 129.72 129.19 128.59 128.03 127.47 126.88 126.31 125.75 125.19 124.66 124.12 123.66 123.22 122.84 122.53 122.25 121.50 120.84 120.78 120.75 120.72 120.72 120.69 120.66 120.69 120.75 120.53 120.28 120.03 119.78 119.53 119.28 119.03 118.75 118.50 118.22 117.94 117.66 117.34 117.03 116.72 116.38 116.03 115.69 115.28 114.91 114.41 113.81 113.22 112.56 112.03 111.53 111.06 110.56 110.06 109.59 109.09 108.62 108.19 107.75 107.28 106.84 106.38 105.94 105.47 105.03 104.56
132.75 132.28 131.78 131.28 130.78 130.25 129.72 129.19 128.62 128.06 127.50 126.94 126.38 125.81 125.28 124.75 124.25 123.78 123.34 123.00 122.69 122.38 121.50 120.94 120.91 120.88 120.84 120.81 120.81 120.78 120.84 120.81 120.56 120.31 120.06 119.81 119.56 119.31 119.03 118.78 118.50 118.22 117.94 117.62 117.31 117.00 116.69 116.34 116.00 115.62 115.25 114.84 114.41 113.97 113.50 113.00 112.47 111.84 111.12 110.50 109.97 109.47 108.91 108.47 108.00 107.56 107.12 106.66 106.19 105.72 105.28 104.84 104.41
132.72 132.25 131.78 131.28 130.78 130.28 129.75 129.22 128.66 128.09 127.56 127.00 126.44 125.91 125.38 124.84 124.34 123.88 123.47 123.12 122.81 122.47 121.44 121.06 121.03 121.00 120.97 120.94 120.91 120.91 120.97 120.88 120.59 120.34 120.09 119.84 119.56 119.31 119.03 118.78 118.50 118.19 117.91 117.59 117.31 116.97 116.66 116.31 115.94 115.56 115.19 114.78 114.34 113.91 113.44 112.94 112.41 111.88 111.28 110.72 110.09 109.50 108.81 108.28 107.84 107.38 106.94 106.50 106.03 105.56 105.09 104.62 104.00
132.69 132.22 131.75 131.28 130.78 130.28 129.78 129.22 128.69 128.16 127.59 127.06 126.53 126.00 125.47 124.94 124.47 124.00 123.59 123.25 122.94 122.44 121.38 121.19 121.16 121.12 121.09 121.06 121.03 121.03 121.06 120.88 120.62 120.38 120.09 119.84 119.59 119.31 119.03 118.75 118.47 118.19 117.88 117.59 117.25 116.94 116.59 116.25 115.91 115.50 115.12 114.72 114.28 113.81 113.34 112.84 112.34 111.78 111.22 110.62 110.03 109.44 108.88 108.34 107.75 107.22 106.75 106.31 105.84 105.38 104.94 104.47 103.94
