everonasctiles/Tile[34,1].asc
ncols 128
nrows 128
xllcorner 0
yllcorner 0
cellsize 2.0
NODATA_value  -9999
[rows 0 to 31 of 128, columns 0 to 70 of 128]
-9.56 -9.44 -9.62 -9.62 -9.75 -9.78 -9.78 -9.81 -10.00 -10.12 -10.25 -10.34 -10.38 -10.47 -10.53 -10.75 -10.84 -11.00 -11.19 -11.22 -11.34 -11.38 -11.47 -11.72 -11.75 -11.78 -12.00 -12.19 -12.31 -12.41 -12.56 -12.69 -12.97 -12.84 -12.47 -13.00 -13.06 -13.16 -13.22 -13.28 -13.53 -13.38 -13.41 -13.44 -13.41 -13.28 -13.22 -13.00 -12.91 -12.69 -12.44 -11.91 -11.72 -11.41 -11.00 -10.47 -10.00 -9.38 -9.12 -8.53 -7.91 -7.28 -6.28 -6.09 -6.03 -5.56 -4.81 -4.44 -3.81 -3.47 -3.09
-9.81 -9.91 -9.94 -9.91 -10.06 -10.12 -10.34 -10.44 -10.47 -10.66 -10.69 -10.75 -10.94 -11.00 -11.06 -11.22 -11.41 -11.56 -11.59 -11.72 -11.81 -11.91 -12.03 -12.09 -12.09 -12.19 -12.53 -12.62 -12.84 -13.00 -13.06 -13.06 -13.31 -13.28 -13.16 -13.59 -13.66 -13.72 -13.78 -13.84 -13.84 -13.69 -13.34 -13.75 -13.75 -13.59 -13.44 -13.09 -12.97 -12.78 -11.97 -11.94 -11.38 -11.41 -10.78 -10.47 -9.78 -9.47 -9.31 -8.81 -8.09 -7.84 -7.09 -6.56 -5.59 -5.62 -5.28 -4.66 -4.28 -3.62 -3.28
-10.22 -10.19 -10.22 -10.22 -10.56 -10.62 -10.75 -10.81 -10.88 -11.12 -11.19 -11.31 -11.44 -11.56 -11.75 -11.84 -11.97 -12.09 -12.19 -12.22 -12.38 -12.41 -12.50 -12.69 -12.69 -12.84 -13.03 -13.12 -13.28 -13.34 -13.62 -13.47 -13.84 -13.84 -13.75 -13.91 -14.00 -14.12 -14.19 -14.16 -14.25 -13.84 -14.03 -13.50 -13.97 -13.84 -13.66 -13.19 -12.97 -12.69 -12.47 -12.19 -11.69 -11.19 -10.84 -10.69 -9.31 -8.97 -8.59 -8.16 -7.75 -7.59 -7.16 -6.84 -6.12 -5.84 -5.59 -5.09 -4.28 -3.84 -3.47
-10.41 -10.38 -10.66 -10.88 -10.97 -11.00 -11.22 -11.25 -11.34 -11.53 -11.72 -11.81 -11.94 -12.06 -12.19 -12.38 -12.47 -12.56 -12.66 -12.72 -12.91 -13.00 -13.12 -13.19 -13.28 -13.50 -13.66 -13.75 -13.69 -14.00 -14.06 -14.22 -14.31 -14.16 -14.22 -14.16 -14.47 -14.53 -14.56 -14.66 -14.56 -14.59 -14.53 -13.88 -14.28 -14.06 -13.75 -13.31 -13.22 -12.94 -12.22 -12.12 -11.91 -11.50 -10.34 -10.19 -9.66 -9.31 -9.50 -8.47 -7.00 -6.50 -7.47 -7.06 -6.78 -5.88 -5.81 -5.09 -4.69 -3.97 -3.69
-10.75 -10.88 -11.09 -11.22 -11.41 -11.53 -11.66 -11.81 -11.97 -12.03 -12.22 -12.41 -12.50 -12.66 -12.75 -12.88 -12.97 -13.09 -13.12 -13.12 -13.38 -13.53 -13.66 -13.78 -13.81 -14.00 -13.94 -14.25 -14.12 -14.50 -14.59 -14.62 -14.72 -14.75 -14.81 -14.62 -14.97 -15.00 -15.06 -15.03 -15.06 -14.94 -14.84 -14.62 -14.59 -13.97 -13.91 -13.53 -13.22 -13.00 -12.28 -11.22 -11.81 -11.53 -10.91 -10.81 -9.81 -9.78 -9.38 -8.59 -7.53 -6.91 -7.38 -6.94 -6.81 -5.47 -5.41 -4.66 -4.59 -4.09 -4.00
-11.34 -11.50 -11.44 -11.69 -11.84 -12.00 -12.09 -12.22 -12.41 -12.47 -12.69 -12.84 -13.06 -13.19 -13.31 -13.44 -13.50 -13.62 -13.75 -13.69 -13.91 -14.06 -14.22 -14.28 -14.31 -14.47 -14.62 -14.62 -14.78 -14.97 -15.09 -15.09 -15.16 -15.12 -15.31 -15.44 -15.22 -15.44 -15.38 -15.47 -15.47 -15.31 -15.25 -15.09 -14.66 -14.41 -14.19 -13.94 -13.81 -13.38 -12.69 -12.00 -11.25 -11.44 -11.19 -10.28 -9.94 -9.59 -8.94 -8.03 -7.53 -7.19 -7.12 -7.25 -6.72 -5.91 -5.69 -5.56 -5.38 -4.44 -4.44
-11.84 -11.88 -11.94 -12.09 -12.22 -12.41 -12.47 -12.69 -12.94 -12.97 -13.03 -13.34 -13.53 -13.69 -13.81 -13.94 -14.03 -14.19 -14.31 -14.12 -14.44 -14.53 -14.56 -14.59 -14.84 -15.16 -15.22 -15.06 -15.41 -15.53 -15.66 -15.88 -15.78 -15.88 -15.81 -15.94 -15.59 -16.06 -15.84 -15.59 -15.62 -15.44 -15.31 -15.31 -14.94 -14.81 -14.53 -14.28 -13.97 -13.72 -12.94 -12.34 -11.47 -11.66 -11.25 -10.59 -10.22 -9.81 -8.91 -7.91 -7.34 -6.97 -6.97 -7.12 -6.31 -5.53 -5.47 -5.88 -5.25 -4.56 -5.22
-12.28 -12.28 -12.28 -12.50 -12.66 -12.72 -12.94 -13.09 -13.25 -13.44 -13.38 -13.84 -14.00 -14.19 -14.34 -14.53 -14.56 -14.59 -14.75 -14.78 -14.81 -14.97 -15.16 -15.28 -15.06 -15.62 -15.41 -15.59 -15.53 -15.94 -15.97 -16.19 -16.31 -16.28 -16.34 -16.16 -16.12 -16.47 -16.41 -16.28 -16.19 -15.62 -15.88 -15.38 -15.34 -14.91 -14.84 -14.38 -14.25 -13.66 -13.12 -12.41 -11.81 -11.69 -11.41 -10.84 -10.34 -9.56 -9.28 -8.53 -7.72 -6.84 -6.69 -7.53 -6.69 -5.75 -6.19 -5.75 -5.25 -5.34 -5.22
-12.44 -12.59 -12.66 -12.81 -13.00 -13.16 -13.25 -13.41 -13.66 -13.91 -13.75 -14.16 -14.50 -14.62 -14.56 -14.84 -15.00 -15.12 -15.28 -15.16 -15.53 -15.59 -15.81 -15.69 -15.50 -16.16 -15.88 -16.47 -16.38 -16.12 -16.34 -16.19 -16.16 -16.94 -17.03 -16.72 -16.66 -16.97 -16.84 -16.69 -16.16 -16.03 -16.25 -15.91 -15.66 -15.31 -15.09 -14.62 -14.22 -13.50 -13.44 -12.50 -12.12 -11.12 -11.47 -10.59 -10.31 -9.47 -9.34 -8.97 -7.66 -6.88 -6.88 -7.09 -6.44 -6.81 -6.47 -5.94 -5.16 -6.22 -6.09
-12.59 -13.03 -12.97 -13.12 -13.25 -13.44 -13.66 -13.84 -14.03 -14.28 -14.41 -14.62 -14.81 -14.97 -15.19 -15.22 -15.62 -15.56 -15.88 -15.66 -15.66 -15.75 -15.62 -15.72 -16.34 -16.75 -16.31 -16.91 -17.19 -17.41 -17.44 -17.22 -17.00 -16.81 -17.44 -17.28 -17.03 -17.44 -17.28 -16.84 -16.81 -16.69 -16.31 -16.41 -16.12 -15.81 -15.47 -14.84 -14.09 -14.12 -13.34 -13.00 -12.28 -11.03 -11.47 -11.25 -10.34 -10.25 -9.78 -9.25 -8.06 -7.84 -7.94 -5.97 -6.03 -6.34 -6.75 -6.03 -6.12 -5.47 -6.56
-12.72 -13.34 -13.38 -13.56 -13.69 -13.56 -13.97 -14.31 -14.47 -14.66 -14.78 -15.03 -15.34 -15.59 -15.78 -15.69 -16.22 -16.06 -16.41 -16.44 -16.44 -16.44 -16.62 -16.66 -16.75 -17.06 -17.00 -17.69 -17.81 -17.97 -17.94 -17.88 -17.75 -17.06 -17.84 -17.84 -17.66 -17.84 -17.69 -17.25 -17.53 -17.38 -16.72 -16.78 -16.19 -16.00 -15.44 -14.84 -14.53 -14.16 -13.22 -13.25 -12.69 -11.88 -11.19 -10.94 -10.19 -9.72 -9.88 -9.41 -8.38 -8.12 -7.56 -7.09 -7.12 -7.41 -7.38 -6.12 -7.19 -6.97 -5.78
-13.56 -13.75 -13.72 -13.94 -14.03 -14.16 -14.16 -14.75 -15.03 -15.19 -15.22 -15.31 -15.56 -15.88 -16.06 -16.34 -16.53 -16.62 -16.88 -16.84 -16.78 -17.00 -17.31 -17.19 -17.28 -17.22 -17.59 -18.16 -18.31 -18.44 -18.34 -18.41 -18.28 -18.22 -18.22 -18.50 -18.19 -18.09 -17.88 -18.12 -18.00 -17.56 -17.47 -17.12 -16.69 -16.34 -16.00 -15.84 -15.25 -14.19 -13.69 -13.44 -13.06 -12.72 -11.19 -11.09 -10.22 -10.41 -9.88 -9.66 -8.97 -7.88 -7.78 -7.91 -7.34 -7.56 -7.47 -7.03 -7.78 -7.84 -6.28
-13.81 -13.97 -14.19 -14.31 -14.59 -14.81 -14.78 -15.28 -15.44 -15.69 -15.88 -15.91 -16.19 -16.28 -16.53 -16.75 -16.88 -17.19 -17.56 -17.69 -17.75 -17.72 -17.66 -17.91 -17.97 -17.91 -18.28 -18.28 -18.81 -18.72 -18.81 -19.00 -19.03 -18.84 -18.19 -18.69 -18.41 -18.22 -18.41 -18.53 -18.28 -17.88 -17.50 -16.88 -16.84 -16.59 -16.56 -16.03 -15.41 -14.47 -14.44 -13.72 -12.94 -12.59 -11.28 -11.25 -10.62 -10.31 -9.84 -9.12 -8.53 -8.78 -8.59 -8.12 -8.47 -7.38 -7.19 -8.12 -8.09 -8.00 -6.94
-13.88 -13.97 -14.12 -14.44 -14.91 -15.06 -15.44 -15.75 -16.00 -16.19 -16.41 -16.66 -16.66 -16.78 -16.81 -17.28 -17.44 -17.88 -18.03 -18.00 -18.19 -18.28 -18.28 -18.41 -18.06 -18.59 -18.66 -18.81 -18.75 -18.91 -19.22 -19.66 -19.44 -19.12 -18.38 -19.34 -19.16 -19.31 -18.84 -18.81 -18.56 -18.22 -18.06 -17.78 -17.09 -16.97 -16.75 -16.34 -15.69 -14.56 -14.66 -14.09 -13.00 -11.94 -11.41 -10.56 -10.97 -10.50 -10.31 -9.19 -8.53 -9.12 -8.72 -8.12 -8.75 -7.97 -8.62 -8.81 -8.62 -8.16 -7.56
-14.66 -14.56 -15.06 -14.75 -15.09 -15.53 -15.75 -16.06 -16.25 -16.47 -16.69 -16.91 -17.03 -17.28 -17.41 -17.53 -18.06 -18.28 -18.53 -18.53 -18.88 -18.88 -18.78 -18.28 -18.41 -18.88 -19.41 -19.66 -19.75 -19.81 -19.88 -20.00 -20.00 -19.69 -19.28 -19.41 -19.47 -19.47 -19.19 -19.25 -18.91 -18.62 -18.38 -18.06 -17.50 -17.03 -17.06 -16.62 -15.28 -15.00 -14.56 -13.94 -13.22 -13.03 -12.16 -11.66 -11.56 -11.34 -10.50 -9.00 -9.47 -9.44 -9.44 -8.72 -9.75 -9.50 -9.09 -8.75 -8.75 -8.50 -8.56
-15.16 -15.34 -15.38 -15.44 -15.31 -15.94 -16.12 -16.34 -16.56 -16.88 -17.12 -17.34 -17.62 -17.75 -17.84 -17.78 -18.44 -18.69 -18.94 -18.97 -19.31 -19.50 -19.22 -19.12 -19.47 -19.38 -19.62 -20.19 -20.38 -20.44 -20.38 -20.53 -20.31 -20.12 -20.06 -19.69 -19.97 -19.62 -19.72 -19.34 -19.28 -19.19 -18.91 -17.88 -18.25 -17.00 -16.84 -16.16 -15.12 -15.28 -14.91 -14.19 -14.06 -13.34 -12.44 -12.78 -11.78 -11.69 -10.84 -10.06 -10.53 -9.97 -10.03 -10.22 -9.91 -9.69 -9.50 -9.44 -9.72 -9.62 -9.84
-15.50 -15.66 -15.81 -15.97 -15.97 -15.94 -16.69 -16.94 -17.09 -17.41 -17.59 -17.88 -18.12 -18.16 -18.28 -18.50 -18.78 -19.19 -19.34 -19.47 -19.78 -19.84 -19.59 -20.03 -19.94 -20.06 -20.22 -20.69 -20.84 -20.94 -21.00 -20.91 -20.75 -20.50 -20.91 -20.59 -20.28 -19.94 -19.59 -19.78 -19.88 -19.88 -19.31 -18.59 -18.66 -17.59 -17.06 -16.69 -16.69 -15.50 -15.03 -14.94 -14.06 -13.69 -13.25 -13.19 -12.47 -11.88 -11.38 -11.03 -11.00 -10.47 -10.22 -11.19 -10.84 -10.91 -10.75 -10.41 -10.34 -10.62 -10.66
-15.81 -15.94 -16.16 -16.31 -16.50 -16.19 -16.91 -17.28 -17.62 -17.91 -18.06 -18.31 -18.59 -18.66 -18.84 -19.03 -19.12 -19.56 -19.75 -20.03 -20.19 -20.25 -20.22 -20.50 -20.25 -20.59 -20.81 -21.19 -21.38 -21.41 -21.50 -21.38 -21.38 -21.31 -21.31 -21.28 -20.81 -20.75 -20.47 -20.31 -20.19 -20.28 -19.62 -19.34 -18.44 -17.69 -17.88 -17.75 -17.12 -15.97 -15.25 -15.28 -15.47 -14.50 -14.00 -13.50 -12.69 -12.75 -11.91 -12.25 -11.25 -11.28 -11.44 -11.16 -11.28 -11.28 -11.03 -11.06 -11.28 -10.59 -10.81
-16.16 -16.34 -16.53 -16.66 -16.84 -16.75 -17.25 -17.69 -17.97 -18.25 -18.50 -18.66 -18.81 -19.06 -19.41 -19.59 -19.53 -20.12 -20.09 -20.47 -20.62 -20.78 -20.81 -20.81 -20.94 -21.12 -21.38 -21.22 -21.66 -21.62 -21.78 -22.09 -21.75 -21.81 -21.91 -21.88 -21.34 -21.38 -21.16 -20.72 -20.53 -20.25 -20.00 -19.59 -18.91 -18.59 -18.19 -18.00 -17.44 -16.28 -16.38 -15.56 -14.97 -14.97 -14.16 -14.28 -13.56 -13.28 -12.78 -12.28 -12.41 -11.66 -11.78 -12.25 -12.41 -11.72 -12.00 -11.88 -11.72 -11.88 -11.88
-16.47 -16.81 -17.00 -17.09 -17.31 -17.38 -17.28 -18.12 -18.28 -18.53 -18.66 -19.09 -19.22 -19.47 -19.47 -20.06 -20.12 -20.19 -20.50 -20.94 -21.09 -20.91 -20.97 -21.12 -21.59 -21.75 -21.66 -21.41 -22.03 -22.25 -22.47 -22.50 -22.28 -22.44 -22.50 -22.16 -22.06 -21.50 -21.75 -21.44 -21.00 -20.84 -20.50 -20.06 -19.88 -19.28 -18.78 -18.03 -17.62 -17.28 -16.81 -16.72 -14.94 -14.75 -14.50 -13.91 -14.19 -13.53 -13.47 -12.53 -12.09 -13.12 -13.22 -12.69 -13.12 -12.94 -12.66 -12.72 -12.75 -12.94 -12.78
-17.03 -17.12 -17.28 -17.41 -17.53 -17.69 -17.66 -18.34 -18.59 -18.88 -19.25 -19.38 -19.59 -20.03 -20.06 -20.28 -20.22 -20.25 -20.72 -21.31 -21.47 -21.59 -21.97 -21.91 -22.00 -22.22 -22.28 -21.88 -22.34 -22.66 -22.94 -22.59 -23.03 -22.81 -22.72 -22.66 -22.62 -22.00 -21.66 -21.91 -21.62 -21.28 -21.09 -20.59 -20.19 -19.28 -19.09 -18.84 -18.00 -17.38 -17.62 -17.12 -16.09 -15.59 -15.38 -15.34 -15.12 -14.38 -14.31 -13.66 -13.84 -13.12 -13.50 -13.50 -13.91 -13.88 -13.25 -13.69 -13.34 -12.75 -13.16
-17.41 -17.44 -17.62 -17.75 -17.91 -18.00 -18.31 -18.41 -19.00 -19.19 -19.69 -20.00 -19.78 -20.19 -20.56 -20.72 -20.72 -20.91 -20.62 -21.22 -21.66 -22.19 -22.28 -22.56 -22.41 -22.59 -22.66 -22.75 -22.84 -23.06 -23.06 -23.19 -23.34 -23.34 -23.31 -22.97 -22.94 -22.69 -22.16 -22.22 -21.69 -21.53 -21.47 -21.22 -20.84 -20.50 -19.94 -19.84 -18.62 -17.69 -17.66 -17.47 -16.75 -17.03 -15.81 -14.94 -15.59 -14.84 -15.06 -14.91 -14.62 -14.53 -14.22 -14.19 -14.28 -14.31 -13.47 -14.19 -14.19 -14.41 -14.47
-17.66 -17.88 -18.12 -18.25 -18.31 -18.50 -18.69 -18.59 -19.03 -19.53 -20.03 -20.19 -20.44 -20.88 -21.09 -20.91 -21.28 -21.25 -21.62 -21.78 -22.19 -22.16 -22.56 -22.94 -22.97 -22.75 -22.81 -23.50 -23.34 -23.50 -23.38 -23.59 -23.91 -23.72 -23.78 -23.44 -23.03 -23.03 -22.84 -22.34 -21.91 -22.16 -21.59 -21.88 -21.56 -21.28 -20.78 -20.38 -19.78 -18.97 -18.62 -18.06 -16.91 -17.56 -16.97 -16.31 -16.22 -16.09 -15.25 -15.50 -14.91 -15.50 -15.19 -14.97 -15.03 -14.75 -15.41 -15.34 -15.22 -15.16 -15.41
-18.06 -18.38 -18.50 -18.34 -18.50 -18.84 -19.06 -19.25 -19.41 -19.69 -20.12 -20.16 -20.66 -21.19 -21.34 -21.47 -21.97 -21.88 -22.06 -22.53 -22.62 -22.56 -22.84 -23.16 -23.31 -23.50 -23.38 -23.62 -23.81 -23.91 -24.03 -24.12 -24.22 -24.22 -24.16 -23.62 -23.56 -23.38 -23.12 -22.81 -22.75 -22.34 -22.34 -22.19 -22.19 -21.66 -21.28 -20.56 -20.00 -20.19 -19.25 -18.75 -18.06 -18.31 -17.75 -17.34 -16.91 -16.41 -16.31 -16.22 -15.81 -15.69 -15.81 -15.41 -15.38 -16.28 -16.19 -16.19 -16.38 -16.50 -15.94
-18.47 -18.44 -18.41 -18.88 -19.12 -19.44 -19.00 -19.53 -19.75 -20.06 -20.47 -20.69 -21.16 -21.53 -21.91 -22.09 -22.12 -22.19 -22.56 -22.78 -22.97 -22.94 -23.28 -23.75 -23.91 -23.97 -24.06 -24.28 -24.34 -24.19 -24.34 -24.41 -24.47 -24.31 -24.50 -23.94 -24.19 -23.56 -23.66 -23.69 -23.59 -23.22 -22.75 -22.56 -21.91 -22.03 -21.91 -21.03 -20.88 -20.22 -19.97 -19.19 -19.09 -18.44 -18.50 -17.59 -17.91 -17.28 -17.47 -16.81 -16.78 -16.97 -16.97 -16.94 -16.19 -16.78 -17.00 -17.12 -17.47 -17.12 -17.16
-18.50 -18.56 -18.97 -19.34 -19.72 -19.94 -19.88 -19.84 -20.16 -20.50 -20.75 -21.41 -21.66 -22.03 -22.22 -22.41 -22.66 -22.78 -22.94 -23.09 -23.41 -23.72 -23.84 -24.19 -24.41 -24.56 -24.59 -24.88 -24.94 -24.59 -24.84 -24.78 -24.81 -24.66 -24.81 -24.78 -24.66 -24.44 -24.12 -24.16 -24.06 -23.94 -23.66 -23.62 -22.53 -22.72 -22.53 -21.84 -21.41 -21.12 -20.62 -20.03 -19.59 -18.66 -18.91 -18.16 -18.34 -18.53 -18.19 -17.88 -17.62 -17.75 -17.78 -17.50 -17.84 -16.88 -17.84 -17.84 -18.41 -18.56 -18.28
-19.00 -19.16 -19.53 -19.56 -19.88 -20.12 -20.12 -19.81 -20.53 -21.03 -21.09 -21.59 -21.94 -22.12 -22.50 -22.72 -23.03 -23.16 -23.38 -23.38 -23.56 -23.84 -24.31 -24.38 -24.62 -25.00 -25.00 -25.00 -25.19 -25.25 -25.25 -25.41 -25.16 -25.22 -25.06 -25.06 -25.19 -25.09 -24.66 -24.53 -24.59 -24.44 -24.22 -24.03 -23.59 -23.31 -23.00 -22.53 -22.28 -22.00 -21.56 -20.56 -20.16 -20.41 -19.34 -19.72 -18.78 -19.16 -19.06 -18.53 -18.53 -18.53 -18.31 -18.22 -18.38 -18.19 -18.25 -18.53 -19.16 -19.28 -19.44
-19.16 -19.50 -19.97 -20.06 -20.31 -20.69 -20.88 -20.50 -20.53 -21.22 -21.50 -21.81 -22.28 -22.53 -23.00 -23.31 -23.41 -23.34 -24.03 -24.00 -24.00 -24.19 -24.53 -24.81 -24.97 -25.22 -25.19 -25.47 -25.59 -25.62 -25.72 -25.75 -25.81 -25.62 -25.78 -25.59 -25.75 -25.69 -25.31 -25.28 -25.38 -24.91 -24.66 -24.28 -23.91 -23.88 -23.56 -23.25 -22.84 -22.47 -21.81 -21.41 -20.94 -20.50 -20.31 -19.75 -19.75 -19.97 -19.75 -19.66 -19.62 -19.50 -19.03 -19.41 -18.91 -19.25 -19.03 -19.78 -19.97 -20.16 -20.25
-19.34 -19.84 -20.34 -20.66 -20.84 -21.12 -21.06 -20.81 -21.06 -21.69 -21.88 -22.09 -22.38 -22.50 -22.88 -23.75 -23.81 -23.94 -23.97 -24.34 -24.62 -24.84 -24.81 -24.69 -25.09 -25.25 -25.75 -26.12 -25.84 -25.75 -26.03 -26.09 -26.25 -26.28 -26.34 -26.06 -26.09 -26.16 -26.03 -25.94 -25.69 -25.47 -25.00 -24.97 -24.97 -24.56 -24.31 -23.91 -23.38 -22.91 -22.50 -22.19 -22.25 -21.41 -20.97 -20.34 -20.38 -20.81 -20.69 -20.44 -20.00 -20.06 -19.94 -19.72 -19.88 -19.94 -20.31 -20.97 -20.91 -21.00 -21.03
-19.75 -20.19 -20.62 -20.81 -20.94 -21.25 -21.59 -21.50 -21.75 -22.03 -22.00 -22.31 -22.78 -22.78 -23.19 -23.69 -24.00 -24.31 -24.59 -24.75 -25.00 -25.06 -25.44 -25.41 -25.59 -25.97 -26.12 -26.34 -26.50 -26.50 -26.84 -26.78 -26.47 -26.50 -26.41 -26.44 -26.50 -26.81 -26.66 -26.41 -26.25 -25.72 -25.91 -25.62 -25.47 -25.00 -24.59 -24.34 -23.78 -23.47 -23.16 -23.16 -22.81 -21.81 -22.19 -22.03 -20.88 -21.12 -21.09 -21.03 -21.06 -21.16 -20.53 -20.19 -20.44 -20.38 -21.09 -21.69 -21.75 -21.75 -21.75
-20.16 -20.75 -21.00 -21.25 -21.50 -21.56 -22.12 -22.25 -22.06 -22.22 -22.81 -22.88 -23.22 -23.50 -23.78 -24.19 -24.31 -24.81 -24.97 -25.06 -25.50 -25.66 -25.78 -25.78 -26.06 -26.31 -26.44 -26.44 -26.91 -27.03 -27.12 -27.34 -27.16 -27.06 -27.19 -27.22 -27.25 -27.12 -26.97 -26.94 -26.66 -26.41 -26.38 -26.16 -25.78 -25.59 -25.03 -24.69 -24.62 -24.50 -23.81 -23.66 -23.12 -22.78 -22.56 -22.62 -21.69 -21.31 -21.56 -21.81 -21.91 -21.94 -21.88 -21.41 -21.78 -21.97 -22.19 -22.28 -22.44 -22.34 -22.62
-20.56 -21.09 -21.47 -21.69 -21.69 -21.72 -21.97 -22.38 -22.72 -22.97 -23.56 -23.72 -23.78 -24.03 -24.34 -24.69 -24.78 -25.16 -25.31 -25.50 -26.00 -26.19 -26.19 -26.41 -26.50 -26.78 -26.94 -27.22 -27.41 -27.44 -27.50 -27.56 -27.62 -27.59 -27.72 -27.69 -27.72 -27.59 -27.38 -27.38 -27.25 -27.06 -26.88 -26.50 -26.28 -26.16 -25.66 -25.53 -25.56 -25.03 -24.81 -24.06 -24.03 -23.94 -23.44 -23.25 -22.50 -22.31 -22.03 -22.09 -22.62 -23.09 -22.72 -22.88 -23.12 -23.19 -23.28 -23.31 -23.22 -23.31 -23.41
