everonasctiles/Tile41,46.asc
ncols 128
nrows 128
xllcorner 0
yllcorner 0
cellsize 2.0
NODATA_value  -9999
[rows 36 to 71 of 128, columns 0 to 79 of 128]
13.19 13.47 13.81 14.16 14.50 14.91 15.28 15.69 16.12 16.56 17.00 17.44 17.88 18.28 18.66 19.00 19.31 19.53 19.72 19.81 19.91 19.94 19.91 19.91 19.88 19.84 19.81 19.81 19.78 19.78 19.78 19.81 19.81 19.84 19.88 19.91 19.97 20.00 20.06 20.12 20.16 20.22 20.25 20.25 20.25 20.16 20.09 20.12 20.22 20.25 20.22 20.12 20.00 19.84 19.66 19.47 19.25 19.03 18.78 18.53 18.28 18.03 17.78 17.56 17.38 17.19 17.03 16.88 16.75 16.66 16.59 16.56 16.53 16.53 16.50 16.47 16.44 16.41 16.34 16.31
13.31 13.59 13.94 14.25 14.62 14.97 15.38 15.78 16.19 16.62 17.06 17.50 17.91 18.34 18.72 19.06 19.38 19.59 19.78 19.88 19.94 19.97 19.97 19.94 19.94 19.91 19.88 19.84 19.84 19.84 19.84 19.84 19.84 19.88 19.91 19.97 20.00 20.06 20.09 20.16 20.19 20.25 20.28 20.31 20.28 20.16 19.88 19.97 20.19 20.34 20.31 20.22 20.09 19.94 19.75 19.53 19.31 19.06 18.81 18.56 18.28 18.03 17.78 17.53 17.31 17.09 16.88 16.69 16.53 16.41 16.31 16.22 16.16 16.12 16.09 16.03 16.00 15.97 15.94 15.94
13.41 13.69 14.00 14.34 14.69 15.06 15.44 15.84 16.25 16.69 17.09 17.53 17.97 18.38 18.78 19.12 19.41 19.66 19.81 19.94 20.00 20.03 20.03 20.00 19.97 19.97 19.94 19.91 19.91 19.88 19.88 19.88 19.91 19.94 19.97 20.00 20.03 20.09 20.12 20.19 20.22 20.28 20.31 20.34 20.34 20.19 20.09 20.12 19.91 20.28 20.34 20.28 20.16 20.00 19.81 19.59 19.38 19.12 18.84 18.59 18.31 18.03 17.75 17.50 17.22 16.97 16.72 16.47 16.28 16.09 15.97 15.84 15.78 15.69 15.66 15.62 15.59 15.56 15.56 15.56
13.47 13.75 14.06 14.41 14.75 15.09 15.47 15.88 16.28 16.72 17.16 17.59 18.00 18.41 18.81 19.16 19.44 19.69 19.88 20.00 20.06 20.06 20.06 20.06 20.03 20.03 20.00 20.00 19.97 19.97 19.97 19.94 19.97 19.97 20.00 20.03 20.06 20.12 20.16 20.22 20.25 20.28 20.34 20.38 20.38 20.38 20.25 20.22 20.41 20.28 20.22 20.34 20.25 20.09 19.88 19.66 19.44 19.19 18.91 18.59 18.31 18.00 17.69 17.41 17.12 16.81 16.53 16.22 15.97 15.78 15.59 15.47 15.34 15.28 15.22 15.19 15.16 15.16 15.16 15.19
13.50 13.78 14.09 14.41 14.75 15.12 15.50 15.91 16.31 16.75 17.19 17.59 18.03 18.44 18.81 19.19 19.47 19.72 19.91 20.03 20.09 20.12 20.12 20.12 20.12 20.09 20.09 20.06 20.06 20.03 20.03 20.03 20.03 20.03 20.06 20.09 20.12 20.16 20.19 20.22 20.25 20.28 20.34 20.38 20.41 20.38 20.22 20.22 20.16 20.09 20.06 20.12 20.22 20.12 19.94 19.72 19.50 19.22 18.94 18.62 18.31 17.97 17.62 17.28 16.97 16.62 16.28 15.97 15.66 15.41 15.19 15.06 14.94 14.84 14.78 14.75 14.72 14.72 14.75 14.81
13.47 13.75 14.06 14.38 14.72 15.09 15.50 15.91 16.31 16.75 17.19 17.62 18.03 18.47 18.84 19.19 19.50 19.75 19.97 20.09 20.16 20.19 20.19 20.19 20.19 20.16 20.16 20.16 20.12 20.12 20.12 20.12 20.09 20.09 20.12 20.12 20.16 20.16 20.19 20.22 20.25 20.28 20.31 20.34 20.34 20.31 20.28 20.19 20.06 20.00 20.00 20.03 20.19 20.09 19.94 19.78 19.56 19.28 18.97 18.62 18.28 17.91 17.53 17.16 16.78 16.41 16.03 15.69 15.34 15.06 14.81 14.62 14.50 14.41 14.34 14.31 14.28 14.31 14.34 14.41
13.38 13.66 13.97 14.31 14.69 15.06 15.47 15.88 16.31 16.75 17.19 17.62 18.03 18.44 18.84 19.19 19.50 19.78 20.00 20.12 20.22 20.25 20.25 20.25 20.25 20.22 20.22 20.22 20.22 20.19 20.19 20.19 20.19 20.16 20.16 20.16 20.19 20.19 20.19 20.22 20.22 20.25 20.25 20.25 20.25 20.22 20.16 20.09 19.97 19.91 19.88 20.03 20.12 20.03 19.91 19.75 19.56 19.34 19.03 18.66 18.25 17.84 17.41 17.00 16.59 16.19 15.81 15.41 15.06 14.75 14.47 14.22 14.06 13.97 13.91 13.88 13.88 13.88 13.91 14.00
13.22 13.50 13.84 14.19 14.56 14.97 15.38 15.81 16.25 16.72 17.16 17.59 18.00 18.44 18.81 19.16 19.50 19.75 19.97 20.12 20.22 20.25 20.28 20.28 20.28 20.28 20.28 20.28 20.28 20.25 20.25 20.22 20.22 20.22 20.19 20.19 20.19 20.19 20.19 20.19 20.19 20.19 20.16 20.16 20.12 20.09 20.03 19.94 19.88 19.84 19.91 20.03 20.03 19.91 19.81 19.69 19.50 19.31 19.00 18.62 18.19 17.72 17.28 16.84 16.41 15.97 15.56 15.16 14.78 14.44 14.16 13.91 13.69 13.56 13.47 13.44 13.44 13.44 13.50 13.56
12.97 13.25 13.62 14.03 14.44 14.84 15.28 15.75 16.19 16.66 17.09 17.53 17.97 18.38 18.75 19.12 19.44 19.69 19.91 20.06 20.16 20.22 20.25 20.28 20.28 20.31 20.31 20.31 20.31 20.31 20.28 20.28 20.25 20.22 20.22 20.19 20.19 20.16 20.16 20.16 20.12 20.12 20.09 20.06 20.00 19.97 19.91 19.84 19.78 19.75 19.78 19.84 19.84 19.78 19.66 19.53 19.38 19.16 18.84 18.47 18.06 17.59 17.12 16.66 16.19 15.75 15.31 14.88 14.50 14.16 13.84 13.59 13.38 13.19 13.09 13.00 13.00 13.03 13.06 13.12
12.59 12.88 13.28 13.75 14.22 14.69 15.19 15.81 16.38 16.84 17.00 17.47 17.88 18.28 18.66 19.03 19.34 19.59 19.81 19.97 20.09 20.16 20.19 20.25 20.28 20.28 20.31 20.34 20.34 20.31 20.28 20.28 20.25 20.25 20.22 20.19 20.16 20.12 20.12 20.09 20.06 20.03 20.00 19.94 19.88 19.84 19.78 19.72 19.66 19.62 19.62 19.66 19.62 19.56 19.47 19.34 19.19 18.94 18.66 18.28 17.84 17.41 16.94 16.47 15.97 15.50 15.06 14.62 14.22 13.88 13.56 13.28 13.03 12.84 12.72 12.62 12.59 12.59 12.62 12.69
12.09 12.34 12.81 13.38 13.91 14.44 15.00 15.75 16.44 16.88 17.28 17.53 17.75 18.16 18.53 18.88 19.19 19.47 19.69 19.84 19.97 20.06 20.12 20.16 20.22 20.25 20.28 20.31 20.31 20.31 20.28 20.28 20.25 20.22 20.19 20.16 20.12 20.09 20.06 20.03 19.97 19.94 19.91 19.84 19.78 19.72 19.66 19.56 19.53 19.47 19.44 19.41 19.38 19.28 19.19 19.06 18.91 18.72 18.41 18.03 17.62 17.19 16.75 16.25 15.75 15.25 14.78 14.34 13.94 13.56 13.25 12.97 12.72 12.53 12.38 12.25 12.19 12.19 12.22 12.25
11.47 11.62 12.09 12.81 13.53 14.09 14.81 15.78 16.47 16.94 17.34 17.50 17.59 18.00 18.38 18.72 19.03 19.28 19.50 19.69 19.81 19.94 20.00 20.06 20.12 20.16 20.22 20.25 20.25 20.28 20.25 20.25 20.22 20.19 20.16 20.09 20.06 20.03 19.97 19.94 19.88 19.84 19.78 19.72 19.66 19.59 19.50 19.44 19.38 19.31 19.25 19.16 19.09 19.00 18.88 18.75 18.59 18.38 18.12 17.78 17.41 16.97 16.53 16.06 15.56 15.03 14.53 14.06 13.66 13.28 12.94 12.62 12.38 12.19 12.00 11.88 11.81 11.78 11.78 11.81
10.78 10.62 11.06 12.06 12.97 13.56 14.50 15.69 16.38 16.91 17.28 17.53 17.59 17.81 18.19 18.50 18.81 19.06 19.31 19.50 19.66 19.75 19.84 19.94 20.00 20.06 20.12 20.16 20.19 20.22 20.19 20.19 20.16 20.12 20.06 20.03 19.97 19.94 19.88 19.81 19.78 19.72 19.66 19.59 19.50 19.44 19.34 19.25 19.19 19.09 19.00 18.91 18.81 18.69 18.56 18.41 18.22 18.03 17.75 17.47 17.09 16.69 16.28 15.81 15.34 14.81 14.31 13.81 13.34 12.94 12.59 12.31 12.03 11.81 11.62 11.50 11.41 11.34 11.31 11.31
10.00 9.25 9.50 11.12 12.12 12.81 13.50 15.38 16.28 16.72 17.09 17.28 17.38 17.56 17.94 18.28 18.56 18.84 19.06 19.25 19.44 19.56 19.66 19.75 19.84 19.91 19.97 20.03 20.09 20.12 20.12 20.12 20.09 20.03 20.00 19.94 19.88 19.81 19.75 19.69 19.62 19.56 19.47 19.41 19.34 19.25 19.16 19.06 18.97 18.84 18.75 18.62 18.50 18.38 18.22 18.06 17.88 17.66 17.41 17.09 16.72 16.34 15.91 15.44 15.00 14.53 14.06 13.56 13.06 12.62 12.28 11.97 11.69 11.44 11.22 11.06 10.97 10.88 10.84 10.81
8.81 7.94 7.97 9.53 10.72 11.66 12.56 13.62 16.12 16.72 16.97 17.06 17.19 17.31 17.69 18.00 18.31 18.56 18.78 19.00 19.19 19.31 19.44 19.56 19.62 19.72 19.78 19.88 19.91 19.97 19.97 19.97 19.97 19.94 19.88 19.81 19.75 19.69 19.62 19.53 19.44 19.38 19.28 19.19 19.09 19.00 18.91 18.81 18.69 18.56 18.44 18.31 18.16 18.03 17.88 17.69 17.50 17.28 17.00 16.69 16.34 15.94 15.50 15.03 14.59 14.16 13.69 13.25 12.78 12.34 11.97 11.62 11.31 11.03 10.81 10.62 10.50 10.41 10.34 10.31
7.12 6.81 6.69 7.75 9.03 10.22 11.34 12.62 14.00 16.50 17.00 16.94 16.97 17.12 17.38 17.72 18.00 18.25 18.50 18.72 18.91 19.06 19.22 19.34 19.41 19.50 19.56 19.62 19.69 19.72 19.75 19.75 19.75 19.75 19.72 19.66 19.62 19.53 19.47 19.38 19.28 19.19 19.06 18.97 18.84 18.72 18.59 18.50 18.38 18.22 18.09 17.94 17.81 17.78 17.50 17.53 17.12 16.94 16.81 16.41 15.91 15.50 15.06 14.59 14.16 13.72 13.28 12.84 12.44 12.03 11.66 11.28 10.94 10.62 10.38 10.16 10.03 9.91 9.84 9.78
5.91 5.91 6.06 6.53 7.38 8.53 9.84 11.19 12.47 16.12 16.34 16.44 16.69 16.91 17.12 17.41 17.69 17.94 18.19 18.41 18.59 18.75 18.94 19.06 19.19 19.25 19.31 19.38 19.44 19.47 19.50 19.53 19.53 19.53 19.50 19.47 19.44 19.38 19.28 19.19 19.09 18.97 18.84 18.72 18.59 18.44 18.28 18.12 18.00 17.84 17.69 17.53 17.47 17.62 17.81 17.53 17.47 17.25 16.75 16.44 15.88 15.03 14.72 14.28 13.69 13.25 12.84 12.44 12.03 11.66 11.31 10.94 10.56 10.19 9.91 9.69 9.53 9.41 9.31 9.25
5.09 5.16 5.28 5.59 6.09 6.84 7.97 9.53 11.06 15.34 15.22 15.75 16.38 16.72 16.94 17.19 17.38 17.62 17.84 18.06 18.25 18.44 18.59 18.75 18.88 19.00 19.06 19.12 19.16 19.22 19.25 19.25 19.28 19.28 19.25 19.25 19.22 19.16 19.06 18.97 18.88 18.75 18.62 18.47 18.31 18.12 17.97 17.78 17.59 17.41 17.22 17.12 17.16 17.31 17.44 17.44 17.59 17.41 17.09 16.56 16.22 15.75 14.97 14.25 13.34 12.78 12.38 12.12 11.62 11.25 10.91 10.53 10.16 9.75 9.41 9.16 8.97 8.84 8.78 8.72
4.41 4.47 4.56 4.72 4.94 5.31 5.94 7.31 9.22 11.03 13.62 15.19 16.03 16.62 16.88 17.09 17.19 17.28 17.50 17.69 17.88 18.06 18.22 18.38 18.50 18.62 18.75 18.81 18.88 18.91 18.94 18.97 18.97 18.97 18.97 18.97 18.94 18.88 18.81 18.72 18.62 18.47 18.31 18.16 18.00 17.81 17.59 17.41 17.19 16.97 16.88 16.81 16.84 17.00 17.06 17.16 17.19 17.16 17.12 16.59 16.38 15.75 15.16 14.28 13.59 12.91 12.34 12.00 11.59 11.22 10.88 10.12 9.72 9.28 8.91 8.59 8.41 8.28 8.22 8.16
3.94 3.94 3.94 3.94 3.91 3.94 4.06 4.81 6.94 9.19 11.22 13.75 15.69 16.41 16.72 16.91 17.06 17.19 17.16 17.34 17.50 17.66 17.81 17.94 18.09 18.22 18.31 18.41 18.53 18.59 18.62 18.66 18.66 18.66 18.66 18.66 18.66 18.59 18.53 18.44 18.31 18.16 18.00 17.84 17.62 17.44 17.22 16.97 16.75 16.66 16.59 16.66 16.59 16.69 16.69 16.72 16.75 16.62 16.50 16.31 16.00 15.69 14.91 14.22 13.59 12.88 12.31 11.94 11.69 11.00 10.66 10.22 9.25 8.78 8.34 8.03 7.81 7.69 7.62 7.66
3.56 3.53 3.47 3.34 3.16 2.88 2.69 2.50 4.25 7.00 9.53 11.84 15.50 15.97 16.44 16.41 16.56 16.84 17.06 17.38 17.12 17.25 17.38 17.47 17.56 17.66 17.78 17.88 17.97 18.09 18.19 18.25 18.28 18.28 18.31 18.31 18.31 18.28 18.22 18.12 18.00 17.84 17.66 17.47 17.25 17.03 16.78 16.59 16.47 16.44 16.47 16.53 16.56 16.31 16.25 16.25 16.16 16.03 15.94 15.81 15.62 15.19 14.62 14.06 13.28 12.66 12.09 11.66 11.28 10.78 10.09 9.34 8.72 8.19 7.75 7.41 7.16 7.09 7.12 7.22
3.22 3.16 3.06 2.88 2.62 2.16 1.84 1.56 1.62 4.56 7.66 10.31 12.34 15.44 15.62 15.78 16.06 16.31 16.50 16.66 16.75 16.88 16.94 17.00 17.03 17.06 17.09 17.16 17.25 17.38 17.53 17.72 17.78 17.81 17.84 17.94 17.97 17.94 17.88 17.78 17.66 17.50 17.28 17.06 16.84 16.59 16.34 16.12 16.12 16.19 16.25 16.28 16.03 15.81 15.72 15.62 15.50 15.31 15.28 15.25 15.22 14.78 14.22 13.50 12.50 11.84 11.22 11.06 11.12 8.97 8.69 8.41 8.03 7.59 7.12 6.72 6.50 6.50 6.69 6.97
2.91 2.84 2.72 2.53 2.28 1.81 1.56 1.34 1.19 1.94 5.81 8.94 11.38 14.44 14.81 15.28 15.59 15.88 16.06 16.25 16.38 16.47 16.50 16.50 16.47 16.41 16.34 16.31 16.34 16.41 16.56 16.75 16.94 17.00 17.16 17.47 17.50 17.53 17.53 17.47 17.31 17.16 16.94 16.69 16.41 16.12 15.81 15.62 15.66 15.69 15.75 15.69 15.44 15.09 14.88 14.78 14.75 14.50 14.69 14.84 14.69 14.72 13.44 12.44 12.00 9.78 9.12 8.69 8.34 8.06 7.81 7.56 7.31 6.97 6.59 6.12 5.84 6.00 6.41 6.91
2.66 2.59 2.47 2.31 2.09 1.75 1.59 1.47 1.38 1.34 3.72 7.72 10.44 12.50 13.94 14.81 15.22 15.41 15.62 15.81 15.97 16.06 16.09 16.03 15.91 15.72 15.53 15.38 15.31 15.31 15.41 15.59 15.81 16.00 16.22 16.44 16.75 17.06 17.12 17.12 17.03 16.81 16.56 16.28 15.97 15.66 15.31 14.94 15.00 15.06 15.22 15.25 14.72 14.44 13.59 13.56 13.50 14.06 14.34 14.16 14.09 13.69 11.66 9.91 9.19 8.59 8.06 7.66 7.34 7.09 6.94 6.78 6.62 6.47 6.28 6.09 6.00 6.12 6.53 7.16
2.41 2.34 2.28 2.19 2.06 1.94 1.84 1.78 1.69 1.53 1.97 7.06 9.25 11.34 13.22 14.44 14.88 14.84 14.97 15.19 15.41 15.59 15.69 15.59 15.31 14.97 14.62 14.38 14.19 14.16 14.22 14.34 14.53 14.78 15.03 15.31 15.69 16.34 16.69 16.91 16.72 16.50 16.22 15.91 15.53 15.16 14.75 14.34 13.91 14.22 14.41 14.22 13.88 11.81 10.28 8.62 12.78 13.78 13.53 13.44 13.28 11.84 9.28 8.53 7.91 7.34 6.88 6.50 6.25 6.09 6.03 6.03 6.03 6.06 6.12 6.19 6.38 6.69 7.19 7.81
2.19 2.12 2.12 2.16 2.09 2.16 2.16 2.22 2.16 2.00 1.97 5.56 7.09 9.31 11.81 13.34 13.97 13.94 14.25 14.50 14.72 14.97 15.22 15.19 14.78 14.19 13.62 13.22 12.97 12.91 12.97 13.12 13.34 13.62 14.00 14.47 15.06 16.03 16.47 16.62 16.44 16.19 15.88 15.50 15.09 14.69 14.22 13.69 13.12 13.44 13.56 12.81 8.62 6.88 4.78 4.91 7.50 12.03 11.69 12.31 11.78 9.25 7.22 6.78 6.34 5.94 5.56 5.31 5.19 5.16 5.25 5.38 5.53 5.78 6.06 6.38 6.75 7.25 7.81 8.41
1.88 1.81 1.88 1.94 1.97 2.19 2.38 2.50 2.59 2.56 2.56 4.16 5.03 6.62 9.03 11.62 12.56 12.84 13.06 13.34 13.75 14.16 14.59 14.78 14.19 13.34 12.44 11.84 11.56 11.53 11.66 11.91 12.22 12.66 13.12 13.75 14.50 15.34 16.19 16.34 16.12 15.81 15.50 15.09 14.66 14.19 13.66 13.06 12.34 11.41 10.31 7.19 7.25 5.69 4.50 3.28 2.47 2.25 3.22 9.81 10.34 5.91 5.41 5.62 5.50 4.81 4.22 4.03 4.03 4.19 4.47 4.81 5.25 5.66 6.09 6.62 7.16 7.75 8.41 9.03
1.28 1.22 1.28 1.44 1.69 1.94 2.22 2.56 2.75 2.88 3.22 3.56 3.91 4.69 6.25 8.25 10.41 10.81 11.22 11.81 12.50 13.22 13.84 14.28 13.41 12.50 10.81 10.16 10.00 10.03 10.28 10.62 11.12 11.69 12.34 13.09 13.91 14.75 15.47 15.91 15.78 15.47 15.09 14.66 14.19 13.69 13.12 12.47 11.56 10.44 9.12 7.69 5.94 4.53 2.91 2.12 1.72 1.72 2.09 3.00 3.66 3.84 4.00 4.81 5.00 3.81 3.22 3.25 3.31 3.56 4.06 4.53 5.03 5.53 6.16 6.84 7.56 8.28 9.00 9.69
0.78 0.88 0.97 1.12 1.31 1.56 1.88 2.25 2.72 2.97 3.25 3.56 3.53 3.62 4.28 5.81 7.44 8.28 9.00 9.94 10.97 12.06 13.06 13.66 12.94 10.56 8.53 8.22 8.28 8.44 8.81 9.34 9.97 10.72 11.56 12.66 13.84 14.31 14.88 15.25 15.34 15.16 14.75 14.28 13.78 13.25 12.62 11.97 10.75 9.41 7.88 6.31 4.91 3.09 2.00 1.47 1.31 1.41 1.62 2.09 2.62 2.78 2.78 2.72 2.56 2.41 2.47 2.72 2.97 3.38 3.94 4.50 5.06 5.62 6.34 7.19 8.03 8.88 9.69 10.50
0.53 0.59 0.69 0.78 0.97 1.16 1.38 1.81 2.31 2.72 3.03 3.28 3.38 3.25 3.22 4.09 4.72 5.62 6.59 7.78 9.06 10.50 11.91 12.69 10.41 8.31 7.50 6.75 6.62 6.72 7.28 8.00 8.81 9.72 10.66 12.06 13.19 14.00 14.50 14.75 14.91 14.78 14.69 14.31 13.88 12.84 12.03 10.78 9.31 7.94 6.44 4.78 3.50 2.06 1.50 1.31 1.31 1.31 1.44 1.69 2.06 2.22 2.25 2.19 2.06 1.94 1.88 2.12 2.72 3.38 4.03 4.62 5.22 5.88 6.75 7.69 8.62 9.56 10.50 11.41
0.38 0.44 0.50 0.53 0.66 0.78 0.91 1.25 1.72 2.12 2.44 2.78 2.97 3.16 3.19 3.25 3.22 3.78 4.38 5.50 6.72 7.69 8.56 9.19 8.19 7.12 6.12 5.47 4.94 4.97 5.84 6.69 7.69 8.78 9.84 12.31 13.53 13.84 14.16 14.47 14.66 14.69 14.84 14.34 13.56 12.19 11.06 9.44 7.53 5.94 4.59 3.28 2.03 1.41 1.31 1.31 1.31 1.31 1.34 1.50 1.75 1.84 1.91 1.88 1.81 1.72 1.59 1.88 2.69 3.53 4.38 5.09 5.62 6.56 7.50 8.41 9.38 10.38 11.44 12.41
0.22 0.28 0.34 0.38 0.44 0.53 0.62 0.81 1.12 1.50 1.75 2.06 2.41 2.78 3.12 3.31 3.22 3.03 3.47 3.94 4.59 5.25 5.91 6.19 5.97 5.47 4.91 4.34 3.97 4.50 5.00 5.44 6.62 7.88 9.09 12.41 13.59 13.69 13.88 14.62 14.34 14.44 14.69 14.75 12.91 10.84 9.53 7.59 5.62 4.09 3.00 2.00 1.28 1.19 1.28 1.31 1.31 1.28 1.28 1.34 1.41 1.50 1.56 1.66 1.72 1.72 1.75 2.06 2.84 3.78 4.97 6.22 7.03 7.84 8.69 9.50 10.34 11.34 12.47 13.50
0.03 0.09 0.16 0.22 0.28 0.34 0.41 0.50 0.69 0.91 1.12 1.34 1.78 2.25 2.78 3.16 3.28 3.22 3.12 3.66 3.97 3.91 4.34 4.38 4.41 4.09 3.84 3.53 3.44 3.72 4.22 4.88 5.91 7.09 8.41 9.66 12.97 13.59 13.78 13.75 14.03 12.94 11.97 11.09 10.25 9.19 7.78 5.84 3.81 2.50 1.78 1.28 1.12 1.22 1.31 1.31 1.16 0.91 1.00 1.22 1.28 1.31 1.34 1.44 1.62 1.84 2.03 2.44 3.19 4.12 5.62 7.19 8.16 9.00 9.75 10.53 11.41 12.34 13.53 14.59
-0.16 -0.06 0.00 0.06 0.12 0.19 0.25 0.34 0.47 0.56 0.69 0.88 1.25 1.78 2.34 2.78 3.00 3.16 3.34 3.62 3.94 4.06 4.06 3.88 3.56 3.25 3.09 2.84 2.75 2.91 3.38 4.06 4.94 6.09 7.56 9.12 12.84 13.34 13.84 14.25 11.22 10.78 10.34 9.75 8.94 7.81 6.41 4.72 2.88 1.31 1.09 1.03 1.09 1.19 1.28 1.31 0.78 0.56 0.50 0.28 0.62 0.75 0.84 1.16 1.53 1.97 2.34 2.94 3.41 4.47 6.56 7.75 8.97 9.91 10.66 11.47 12.28 13.16 14.41 15.47
-0.31 -0.25 -0.19 -0.12 -0.03 0.03 0.09 0.19 0.25 0.31 0.41 0.56 0.88 1.31 1.81 2.19 2.41 2.75 3.12 3.72 3.59 3.53 3.44 3.28 3.16 3.03 2.88 2.66 2.38 1.44 2.03 3.19 3.66 4.69 6.09 8.12 12.81 12.41 13.47 13.81 9.84 9.47 9.00 8.38 7.59 6.56 5.34 3.97 2.62 1.56 1.09 1.03 1.06 1.12 1.19 1.22 0.44 0.34 0.22 0.09 0.06 0.09 0.56 1.28 1.50 2.09 2.62 3.25 4.25 5.47 8.03 15.56 17.34 17.34 17.25 17.19 15.88 15.53 15.84 16.25
-0.50 -0.44 -0.38 -0.28 -0.22 -0.16 -0.06 0.00 0.00 0.03 0.06 0.19 0.38 0.75 1.12 1.41 1.59 1.94 2.53 3.62 3.69 3.81 3.75 3.62 3.44 3.25 3.09 2.84 2.59 2.41 2.22 2.28 2.41 2.81 4.00 5.66 8.22 9.28 9.12 8.78 8.47 8.12 7.66 7.06 6.34 5.47 4.50 3.44 2.44 1.69 1.22 1.06 1.03 1.06 1.09 1.12 0.31 0.19 0.16 0.19 0.44 0.56 0.91 1.28 1.50 2.16 2.31 4.12 6.19 7.25 13.72 16.03 17.16 17.44 17.50 17.50 17.25 16.91 16.94 17.09
