everonasctiles/Tile[35,3].asc
ncols 128
nrows 128
xllcorner 0
yllcorner 0
cellsize 2.0
NODATA_value  -9999
[rows 64 to 95 of 128, columns 0 to 70 of 128]
106.66 106.91 107.16 107.41 107.59 107.84 108.16 108.94 109.44 109.88 110.28 110.72 111.00 111.41 111.84 112.28 112.66 113.03 113.34 113.72 114.12 114.50 114.84 115.19 115.50 115.81 116.25 116.72 117.22 117.62 118.03 118.47 118.88 119.25 119.62 120.00 120.44 120.81 121.22 121.62 122.00 122.38 122.81 123.28 123.75 124.19 124.59 125.16 125.75 126.41 127.12 128.09 128.94 129.66 130.22 130.72 131.25 131.81 132.56 134.47 136.19 136.94 137.19 137.84 138.59 139.34 139.97 140.56 141.12 141.69 142.09
106.16 106.41 106.66 106.91 107.19 107.44 107.75 108.31 108.81 109.31 109.72 110.12 110.44 110.81 111.25 111.66 112.12 112.53 112.88 113.31 113.72 114.09 114.44 114.72 115.00 115.41 115.81 116.28 116.81 117.28 117.69 118.09 118.50 118.91 119.28 119.69 120.09 120.44 120.88 121.28 121.66 122.03 122.47 122.94 123.38 123.75 124.06 124.56 125.09 125.56 126.03 126.78 128.00 128.66 129.34 129.84 130.22 130.88 131.78 133.34 134.91 136.09 136.59 137.16 137.81 138.53 139.12 139.69 140.03 140.31 140.69
105.69 105.97 106.22 106.50 106.81 107.09 107.47 107.94 108.41 108.81 109.19 109.53 109.91 110.31 110.72 111.12 111.62 112.06 112.44 112.88 113.25 113.62 114.00 114.22 114.66 115.09 115.47 115.88 116.41 116.94 117.34 117.75 118.16 118.56 118.97 119.34 119.72 120.09 120.47 120.91 121.28 121.62 122.06 122.56 122.97 123.38 123.72 124.06 124.50 124.78 125.09 125.69 126.66 127.38 128.62 128.97 129.47 130.12 131.16 132.16 133.66 134.78 135.78 136.38 137.03 137.62 138.19 138.66 138.84 139.09 139.28
105.22 105.50 105.78 106.09 106.41 106.75 107.16 107.56 107.97 108.38 108.66 109.06 109.47 109.84 110.25 110.66 111.12 111.56 111.97 112.38 112.78 113.16 113.50 113.81 114.25 114.69 115.09 115.53 116.06 116.59 116.97 117.38 117.78 118.25 118.62 119.03 119.34 119.75 120.12 120.53 120.91 121.28 121.69 122.16 122.62 123.03 123.44 123.84 124.16 124.53 124.88 125.28 126.03 126.72 127.47 128.22 128.62 129.41 130.59 131.47 132.47 133.62 134.75 135.47 136.12 136.75 137.31 137.78 138.12 138.34 138.94
104.75 105.00 105.31 105.69 106.00 106.38 106.78 107.19 107.56 107.94 108.22 108.66 109.00 109.38 109.81 110.22 110.66 111.06 111.47 111.88 112.28 112.66 112.94 113.34 113.81 114.25 114.69 115.19 115.69 116.19 116.62 117.06 117.50 117.94 118.31 118.69 119.03 119.41 119.81 120.19 120.56 120.94 121.31 121.81 122.25 122.66 123.06 123.53 123.91 124.31 124.75 125.22 125.72 126.12 126.78 127.28 127.91 128.91 130.00 130.88 131.56 132.56 133.59 134.38 135.16 135.75 136.28 136.59 136.91 137.28 138.50
104.22 104.50 104.88 105.28 105.62 106.00 106.38 106.75 107.12 107.50 107.84 108.19 108.56 109.00 109.38 109.78 110.19 110.56 110.94 111.34 111.72 112.09 112.47 112.94 113.38 113.88 114.31 114.81 115.31 115.84 116.34 116.78 117.22 117.62 118.00 118.34 118.72 119.09 119.47 119.88 120.22 120.62 121.03 121.47 121.91 122.31 122.75 123.22 123.62 124.12 124.66 125.12 125.62 126.03 126.53 126.97 127.69 128.81 129.62 130.25 130.88 131.41 132.16 132.91 133.66 134.50 135.03 135.50 135.94 136.66 137.94
103.69 104.03 104.44 104.84 105.22 105.56 105.94 106.34 106.69 107.06 107.41 107.75 108.16 108.56 108.94 109.31 109.69 110.09 110.47 110.84 111.22 111.62 112.09 112.53 113.03 113.47 113.97 114.47 115.00 115.53 116.03 116.50 116.94 117.31 117.69 118.06 118.41 118.78 119.16 119.53 119.91 120.34 120.75 121.19 121.56 122.00 122.44 122.91 123.38 123.91 124.41 124.94 125.44 125.97 126.47 126.94 127.41 128.03 128.94 129.66 129.91 130.53 131.06 131.62 132.53 133.50 134.22 134.91 135.62 136.47 137.59
103.25 103.62 104.03 104.38 104.75 105.12 105.50 105.88 106.25 106.59 106.97 107.34 107.75 108.12 108.50 108.84 109.25 109.62 110.03 110.44 110.84 111.31 111.72 112.19 112.69 113.12 113.59 114.09 114.66 115.19 115.75 116.25 116.66 117.09 117.44 117.78 118.16 118.53 118.91 119.28 119.66 120.03 120.47 120.91 121.28 121.69 122.16 122.66 123.16 123.69 124.25 124.78 125.31 125.84 126.38 126.91 127.41 127.97 128.47 129.03 129.38 129.91 130.53 131.34 131.91 132.66 133.56 134.12 134.97 136.03 137.03
102.81 103.22 103.56 103.94 104.28 104.66 105.00 105.44 105.81 106.12 106.53 106.91 107.28 107.69 108.03 108.38 108.81 109.22 109.66 110.06 110.50 110.97 111.34 111.81 112.28 112.78 113.25 113.78 114.34 114.88 115.50 116.03 116.44 116.88 117.22 117.59 117.94 118.28 118.62 118.97 119.34 119.75 120.19 120.59 121.00 121.47 121.97 122.44 122.94 123.44 123.97 124.50 125.00 125.56 126.16 126.81 127.47 128.06 128.44 128.81 129.28 129.84 130.41 131.25 131.91 132.50 133.12 133.69 134.47 135.28 136.12
102.31 102.72 103.09 103.44 103.81 104.16 104.53 104.97 105.38 105.62 106.06 106.44 106.81 107.19 107.62 107.94 108.41 108.81 109.25 109.72 110.12 110.56 111.00 111.50 112.00 112.47 113.00 113.50 114.06 114.66 115.28 115.78 116.25 116.69 117.03 117.38 117.69 118.00 118.31 118.66 119.03 119.44 119.84 120.28 120.75 121.19 121.66 122.16 122.66 123.19 123.62 124.12 124.72 125.34 125.97 126.53 127.25 127.81 128.25 128.72 129.22 129.69 130.41 131.12 131.75 132.28 132.91 133.28 133.59 134.41 135.16
101.81 102.25 102.62 103.00 103.34 103.72 104.09 104.50 104.84 105.16 105.59 105.97 106.38 106.75 107.16 107.56 108.00 108.41 108.88 109.28 109.69 110.16 110.69 111.19 111.69 112.22 112.75 113.31 113.88 114.41 114.97 115.56 116.16 116.50 116.84 117.12 117.41 117.66 118.00 118.38 118.72 119.09 119.53 119.97 120.44 120.88 121.31 121.78 122.28 122.72 123.19 123.81 124.44 125.09 125.69 126.28 127.00 127.62 128.06 128.50 128.97 129.56 130.16 130.72 131.25 131.81 132.47 132.59 133.00 133.50 134.38
101.34 101.78 102.19 102.53 102.91 103.28 103.69 104.09 104.31 104.72 105.16 105.56 105.94 106.31 106.75 107.16 107.59 108.00 108.38 108.81 109.28 109.75 110.28 110.81 111.34 111.88 112.44 113.00 113.59 114.25 114.88 115.47 115.97 116.34 116.62 116.88 117.12 117.38 117.72 118.06 118.44 118.81 119.22 119.66 120.09 120.50 120.97 121.44 121.91 122.41 122.97 123.53 124.12 124.72 125.34 125.97 126.72 127.38 127.84 128.34 128.81 129.38 129.94 130.31 130.81 131.50 132.03 132.47 133.12 133.62 134.44
100.88 101.31 101.75 102.09 102.47 102.84 103.16 103.53 103.94 104.34 104.78 105.16 105.56 105.94 106.34 106.75 107.16 107.53 107.97 108.41 108.88 109.34 109.88 110.41 110.94 111.50 112.12 112.72 113.31 114.00 114.69 115.31 115.78 116.12 116.34 116.56 116.81 117.09 117.44 117.78 118.12 118.50 118.91 119.34 119.75 120.22 120.72 121.19 121.69 122.16 122.66 123.19 123.75 124.31 124.91 125.56 126.34 127.03 127.56 128.06 128.53 129.09 129.66 130.22 130.75 131.25 131.69 132.28 132.78 133.28 134.16
100.44 100.91 101.31 101.66 102.00 102.38 102.62 103.06 103.53 103.97 104.34 104.75 105.09 105.53 105.94 106.34 106.72 107.12 107.59 108.00 108.44 108.94 109.44 109.97 110.50 111.12 111.78 112.34 113.00 113.81 114.47 115.06 115.53 115.84 116.06 116.28 116.50 116.78 117.09 117.44 117.78 118.16 118.56 119.00 119.44 119.91 120.38 120.88 121.34 121.81 122.31 122.75 123.25 123.81 124.41 125.03 126.09 126.66 127.16 127.66 128.16 128.69 129.25 129.81 130.34 130.78 131.28 131.69 131.97 132.56 133.62
99.97 100.44 100.84 101.22 101.59 101.91 102.22 102.69 103.12 103.53 103.94 104.31 104.72 105.12 105.50 105.91 106.28 106.69 107.12 107.56 108.00 108.47 108.97 109.50 110.06 110.66 111.31 111.94 112.66 113.41 114.16 114.72 115.19 115.50 115.75 115.97 116.19 116.44 116.72 117.06 117.44 117.81 118.22 118.66 119.09 119.53 120.00 120.47 120.94 121.47 121.88 122.25 122.81 123.34 123.97 124.53 125.38 126.16 126.69 127.16 127.59 128.16 128.72 129.22 129.66 130.22 130.47 130.56 131.09 132.28 133.44
99.53 100.00 100.38 100.78 101.16 101.50 101.81 102.31 102.75 103.16 103.53 103.91 104.31 104.69 105.06 105.47 105.81 106.25 106.69 107.16 107.59 108.06 108.53 109.03 109.62 110.25 110.97 111.66 112.34 113.12 113.78 114.31 114.75 115.06 115.34 115.59 115.78 116.03 116.34 116.69 117.09 117.47 117.88 118.28 118.69 119.12 119.59 120.03 120.50 120.94 121.41 121.94 122.47 123.03 123.56 124.09 124.94 125.62 126.19 126.59 126.97 127.41 127.84 128.44 128.88 129.16 129.06 129.44 130.41 131.81 133.06
99.19 99.56 99.97 100.38 100.75 101.03 101.47 101.91 102.34 102.75 103.12 103.53 103.91 104.28 104.66 105.03 105.41 105.84 106.31 106.75 107.16 107.62 108.09 108.59 109.28 109.94 110.62 111.25 112.00 112.72 113.34 113.88 114.25 114.56 114.84 115.03 115.31 115.53 115.91 116.34 116.69 117.09 117.47 117.88 118.31 118.72 119.12 119.53 120.00 120.47 121.00 121.53 122.09 122.66 123.22 123.81 124.44 125.12 125.72 126.09 126.47 126.81 127.25 127.66 128.00 128.22 128.38 128.84 130.03 131.44 132.44
98.78 99.19 99.56 99.97 100.34 100.62 101.09 101.53 101.94 102.34 102.75 103.12 103.50 103.84 104.25 104.62 105.03 105.44 105.88 106.25 106.69 107.12 107.62 108.19 108.81 109.50 110.09 110.72 111.50 112.22 112.81 113.31 113.69 113.97 114.25 114.47 114.75 115.09 115.50 115.91 116.28 116.66 117.06 117.44 117.81 118.22 118.66 119.12 119.59 120.06 120.59 121.12 121.69 122.25 122.88 123.47 124.03 124.72 125.25 125.75 126.16 126.50 126.94 127.34 127.69 127.97 128.22 128.91 130.06 131.03 132.03
98.41 98.78 99.19 99.56 99.91 100.31 100.72 101.12 101.53 101.91 102.34 102.75 103.09 103.41 103.81 104.22 104.62 105.03 105.44 105.81 106.19 106.56 107.06 107.66 108.31 109.06 109.66 110.22 111.00 111.62 112.22 112.69 113.06 113.38 113.69 113.94 114.25 114.62 115.03 115.44 115.81 116.22 116.59 116.94 117.31 117.72 118.19 118.69 119.19 119.69 120.22 120.75 121.31 121.94 122.56 123.09 123.62 124.25 124.84 125.38 125.78 126.22 126.69 127.09 127.41 127.75 128.09 128.66 129.59 130.72 131.47
97.97 98.38 98.75 99.12 99.47 99.84 100.28 100.69 101.09 101.50 101.94 102.34 102.66 103.03 103.44 103.84 104.22 104.59 104.97 105.31 105.66 106.00 106.53 107.06 107.72 108.56 109.22 109.75 110.38 110.97 111.56 112.00 112.50 112.84 113.12 113.44 113.78 114.16 114.56 114.97 115.34 115.75 116.09 116.47 116.88 117.34 117.81 118.28 118.78 119.31 119.81 120.34 120.97 121.59 122.19 122.78 123.31 123.91 124.47 124.97 125.41 125.91 126.31 126.69 126.97 127.34 127.69 128.19 128.91 130.12 130.88
97.53 97.94 98.34 98.72 99.00 99.41 99.78 100.22 100.66 101.12 101.53 101.91 102.19 102.62 103.06 103.47 103.84 104.22 104.53 104.84 105.12 105.44 105.84 106.44 107.06 108.00 108.69 109.25 109.78 110.31 110.84 111.38 111.81 112.22 112.56 112.91 113.31 113.72 114.06 114.47 114.88 115.28 115.69 116.06 116.50 116.97 117.44 117.88 118.38 118.91 119.44 119.97 120.59 121.22 121.81 122.44 123.00 123.53 124.06 124.56 125.06 125.50 125.91 126.25 126.50 126.66 126.84 127.62 128.16 129.12 130.00
97.12 97.53 97.91 98.25 98.62 99.00 99.34 99.81 100.25 100.72 101.12 101.47 101.81 102.25 102.69 103.09 103.44 103.78 104.09 104.38 104.66 104.88 105.22 105.72 106.53 107.38 108.16 108.72 109.28 109.75 110.25 110.78 111.25 111.66 112.03 112.44 112.84 113.22 113.59 114.00 114.44 114.84 115.25 115.66 116.09 116.59 117.06 117.53 118.03 118.50 119.03 119.53 120.16 120.81 121.44 122.09 122.62 123.19 123.69 124.19 124.66 125.09 125.50 125.84 126.09 126.25 126.47 127.00 127.75 128.56 129.59
96.72 97.12 97.50 97.88 98.22 98.56 98.97 99.41 99.88 100.31 100.72 101.06 101.41 101.91 102.31 102.72 103.06 103.41 103.69 104.00 104.28 104.50 104.78 105.28 105.91 106.94 107.62 108.22 108.75 109.22 109.66 110.09 110.59 111.06 111.50 111.94 112.38 112.75 113.16 113.53 114.00 114.44 114.84 115.25 115.72 116.19 116.66 117.09 117.62 118.12 118.59 119.16 119.81 120.44 121.06 121.72 122.28 122.81 123.31 123.78 124.22 124.66 125.06 125.41 125.66 125.91 126.28 126.81 127.62 128.50 129.50
96.31 96.72 97.06 97.44 97.84 98.22 98.62 99.00 99.47 99.91 100.31 100.69 101.06 101.53 101.97 102.34 102.69 103.03 103.34 103.62 103.88 104.09 104.44 104.91 105.66 106.38 107.09 107.69 108.22 108.62 109.09 109.53 110.00 110.50 111.00 111.47 111.88 112.28 112.66 113.06 113.53 113.97 114.41 114.84 115.28 115.75 116.19 116.66 117.22 117.72 118.25 118.84 119.41 120.00 120.62 121.31 121.91 122.41 122.91 123.34 123.78 124.22 124.62 124.97 125.31 125.69 126.19 126.78 127.56 128.53 129.72
95.88 96.25 96.62 97.03 97.44 97.84 98.25 98.69 99.12 99.56 99.97 100.31 100.75 101.22 101.62 101.97 102.34 102.66 102.97 103.22 103.44 103.69 104.06 104.50 105.06 105.88 106.53 107.12 107.66 108.16 108.56 109.00 109.50 109.97 110.47 110.91 111.38 111.81 112.19 112.62 113.09 113.53 113.97 114.38 114.81 115.25 115.69 116.25 116.81 117.34 117.88 118.44 118.97 119.56 120.12 120.88 121.50 122.03 122.50 122.94 123.38 123.81 124.25 124.62 125.03 125.47 125.97 126.59 127.38 128.28 129.34
95.47 95.81 96.25 96.66 97.06 97.50 97.91 98.34 98.78 99.22 99.62 100.00 100.47 100.84 101.25 101.62 101.97 102.31 102.59 102.84 103.12 103.41 103.81 104.16 104.62 105.31 105.97 106.56 107.12 107.62 108.12 108.56 109.03 109.50 109.97 110.47 110.94 111.34 111.75 112.19 112.66 113.06 113.50 113.91 114.31 114.72 115.22 115.84 116.38 116.94 117.47 118.00 118.56 119.09 119.66 120.31 121.00 121.56 122.06 122.53 122.97 123.44 123.84 124.28 124.69 125.16 125.69 126.31 127.03 127.88 128.81
95.12 95.53 95.94 96.38 96.78 97.25 97.62 98.03 98.47 98.91 99.28 99.72 100.12 100.50 100.91 101.28 101.62 101.94 102.25 102.50 102.81 103.12 103.50 103.91 104.38 104.94 105.53 106.09 106.66 107.16 107.59 108.12 108.59 109.09 109.56 110.03 110.50 110.91 111.31 111.72 112.19 112.62 113.03 113.38 113.81 114.25 114.72 115.31 115.94 116.50 117.03 117.56 118.09 118.66 119.22 119.81 120.47 121.06 121.59 122.09 122.56 123.03 123.47 123.88 124.31 124.78 125.31 125.91 126.56 127.31 128.16
94.84 95.25 95.62 96.09 96.50 96.94 97.31 97.69 98.12 98.59 99.00 99.41 99.84 100.22 100.59 100.97 101.31 101.62 101.91 102.16 102.47 102.84 103.22 103.66 104.12 104.62 105.12 105.66 106.16 106.59 107.12 107.69 108.19 108.69 109.16 109.62 110.03 110.47 110.88 111.31 111.72 112.12 112.56 112.97 113.38 113.81 114.31 114.84 115.50 116.06 116.59 117.09 117.62 118.12 118.72 119.34 119.94 120.53 121.06 121.59 122.09 122.56 123.00 123.44 123.88 124.34 124.84 125.41 126.00 126.69 127.41
94.56 94.97 95.38 95.78 96.22 96.66 97.00 97.41 97.81 98.31 98.72 99.12 99.53 99.94 100.28 100.62 100.97 101.28 101.56 101.84 102.19 102.53 102.94 103.34 103.78 104.25 104.72 105.16 105.66 106.09 106.69 107.28 107.78 108.28 108.75 109.19 109.62 110.03 110.44 110.88 111.28 111.69 112.12 112.53 112.97 113.47 114.00 114.53 115.09 115.62 116.16 116.66 117.16 117.69 118.31 118.91 119.50 120.06 120.59 121.12 121.62 122.09 122.56 123.00 123.44 123.88 124.34 124.84 125.38 125.97 126.56
94.28 94.78 95.19 95.56 95.97 96.34 96.75 97.16 97.59 98.03 98.47 98.84 99.25 99.62 99.97 100.31 100.62 100.94 101.25 101.53 101.91 102.25 102.66 103.03 103.44 103.84 104.22 104.66 105.19 105.72 106.25 106.84 107.38 107.88 108.34 108.78 109.19 109.56 109.97 110.41 110.81 111.25 111.69 112.12 112.59 113.12 113.66 114.19 114.72 115.25 115.75 116.22 116.72 117.31 117.91 118.47 119.06 119.62 120.16 120.69 121.19 121.66 122.09 122.53 122.94 123.34 123.78 124.22 124.69 125.16 125.66
94.19 94.62 95.03 95.41 95.81 96.19 96.56 96.97 97.38 97.81 98.19 98.59 98.97 99.31 99.66 99.97 100.28 100.56 100.88 101.25 101.62 101.97 102.34 102.72 103.06 103.47 103.88 104.31 104.81 105.34 105.91 106.47 106.97 107.47 107.91 108.34 108.75 109.09 109.53 109.97 110.34 110.81 111.25 111.72 112.22 112.75 113.28 113.81 114.34 114.84 115.34 115.78 116.38 116.97 117.53 118.09 118.66 119.19 119.72 120.25 120.72 121.19 121.62 122.06 122.44 122.81 123.19 123.56 123.94 124.28 124.66
94.03 94.47 94.88 95.25 95.62 95.97 96.34 96.75 97.16 97.53 97.94 98.31 98.66 99.00 99.34 99.66 99.91 100.22 100.59 100.94 101.28 101.62 101.97 102.41 102.75 103.12 103.56 104.06 104.56 105.09 105.56 106.06 106.56 107.03 107.47 107.91 108.31 108.66 109.12 109.53 109.91 110.38 110.84 111.31 111.84 112.38 112.91 113.44 113.97 114.44 114.94 115.50 116.06 116.62 117.16 117.69 118.22 118.75 119.31 119.81 120.28 120.75 121.16 121.56 121.91 122.25 122.56 122.88 123.16 123.41 123.69
