everonasctiles/Tile[38,17].asc
ncols 128
nrows 128
xllcorner 0
yllcorner 0
cellsize 2.0
NODATA_value  -9999
[rows 0 to 35 of 128, columns 0 to 80 of 128]
11.62 11.28 10.97 10.50 10.09 9.81 9.97 10.25 10.50 10.62 10.59 10.56 10.47 10.62 10.81 10.78 10.72 10.66 10.44 9.81 9.41 9.03 8.66 8.38 8.34 8.53 9.00 9.03 9.22 9.25 9.00 8.75 8.56 8.34 8.12 7.94 7.72 7.53 7.34 7.19 7.03 6.88 6.72 6.50 5.91 5.31 4.78 4.28 3.94 3.53 3.09 2.66 2.31 2.12 1.97 1.84 1.72 1.59 1.47 1.34 1.25 1.16 1.12 1.09 1.06 1.09 1.12 1.22 1.28 1.38 1.41 1.44 1.41 1.38 1.25 0.94 0.78 0.59 0.38 0.25 0.09
11.56 11.28 10.88 10.34 10.03 9.81 9.94 10.22 10.41 10.53 10.53 10.47 10.41 10.53 10.69 10.81 10.78 10.56 10.38 9.81 9.12 8.59 8.31 7.97 7.97 8.28 8.69 8.75 9.31 9.16 8.84 8.59 8.38 8.19 7.97 7.78 7.56 7.38 7.19 7.00 6.84 6.66 6.50 6.25 5.66 5.09 4.66 4.22 3.84 3.41 3.03 2.59 2.28 2.09 1.94 1.81 1.72 1.56 1.44 1.31 1.22 1.16 1.09 1.06 1.03 1.06 1.09 1.19 1.25 1.34 1.41 1.41 1.38 1.34 1.19 0.91 0.72 0.50 0.34 0.19 0.06
11.56 11.28 10.84 10.38 9.97 9.84 9.97 10.22 10.41 10.53 10.53 10.44 10.44 10.53 10.66 10.66 10.69 10.44 10.25 9.69 8.84 8.31 7.81 7.69 7.66 7.84 8.41 8.56 8.78 8.94 8.62 8.38 8.22 8.03 7.81 7.59 7.41 7.22 7.03 6.84 6.66 6.47 6.28 6.06 5.56 5.00 4.56 4.12 3.72 3.31 2.97 2.59 2.28 2.06 1.91 1.78 1.69 1.53 1.41 1.28 1.22 1.16 1.09 1.06 1.03 1.03 1.06 1.16 1.22 1.28 1.34 1.38 1.34 1.28 1.12 0.91 0.62 0.47 0.34 0.22 0.06
11.62 11.28 10.81 10.38 10.06 9.91 10.03 10.22 10.47 10.56 10.53 10.44 10.44 10.50 10.72 10.75 10.69 10.44 10.03 9.34 8.53 7.78 7.44 7.34 7.50 7.53 8.12 8.22 8.41 8.62 8.44 8.19 8.03 7.84 7.66 7.44 7.22 7.03 6.84 6.66 6.47 6.31 6.12 5.88 5.44 4.94 4.47 4.03 3.62 3.25 2.91 2.56 2.25 2.03 1.88 1.75 1.62 1.50 1.38 1.28 1.19 1.12 1.09 1.03 1.03 1.03 1.06 1.12 1.19 1.25 1.31 1.31 1.28 1.25 1.09 0.84 0.62 0.44 0.31 0.16 0.03
11.75 11.38 10.88 10.47 10.22 10.09 10.22 10.31 10.47 10.62 10.62 10.59 10.53 10.56 10.72 10.88 10.84 10.56 10.22 9.25 8.34 7.62 7.19 7.31 7.34 7.56 7.69 7.88 8.09 8.19 8.19 8.03 7.84 7.69 7.47 7.25 7.03 6.84 6.66 6.47 6.28 6.12 5.94 5.72 5.31 4.81 4.38 3.94 3.53 3.19 2.88 2.53 2.22 1.97 1.84 1.72 1.59 1.50 1.34 1.28 1.19 1.12 1.09 1.03 1.03 1.03 1.03 1.09 1.19 1.25 1.28 1.31 1.28 1.25 1.06 0.84 0.59 0.47 0.28 0.09 -0.03
11.91 11.41 11.00 10.66 10.50 10.34 10.34 10.41 10.50 10.62 10.62 10.66 10.66 10.66 10.81 10.97 10.97 10.81 10.41 9.50 8.16 7.19 7.00 6.81 6.97 7.38 7.38 7.66 7.97 8.06 8.06 7.84 7.69 7.50 7.28 7.09 6.91 6.72 6.53 6.31 6.12 5.94 5.78 5.56 5.16 4.66 4.28 3.88 3.47 3.12 2.81 2.50 2.19 1.97 1.81 1.72 1.59 1.47 1.34 1.25 1.19 1.12 1.09 1.03 1.03 1.00 1.03 1.09 1.16 1.22 1.25 1.28 1.25 1.22 1.00 0.81 0.62 0.41 0.25 0.12 -0.03
11.91 11.62 11.28 10.97 10.75 10.62 10.47 10.44 10.44 10.53 10.56 10.56 10.56 10.66 10.84 10.94 10.94 10.94 10.38 9.31 8.12 7.22 6.75 6.69 6.75 6.81 7.38 7.44 7.69 7.53 7.81 7.66 7.50 7.31 7.12 6.94 6.75 6.53 6.34 6.16 5.97 5.78 5.59 5.41 4.94 4.50 4.16 3.81 3.44 3.06 2.75 2.44 2.16 1.94 1.81 1.69 1.56 1.44 1.34 1.25 1.19 1.12 1.09 1.06 1.03 1.03 1.06 1.09 1.16 1.22 1.25 1.28 1.25 1.19 1.00 0.81 0.62 0.41 0.25 0.12 0.00
11.84 11.66 11.47 11.19 11.00 10.84 10.66 10.47 10.47 10.47 10.47 10.47 10.53 10.75 10.97 10.94 11.06 10.91 10.34 9.34 8.19 7.25 6.91 6.75 6.62 6.69 6.97 7.28 7.38 7.34 7.59 7.47 7.31 7.16 6.94 6.75 6.53 6.34 6.16 5.97 5.78 5.59 5.44 5.25 4.72 4.34 4.06 3.78 3.41 3.03 2.69 2.41 2.12 1.97 1.81 1.69 1.56 1.44 1.34 1.25 1.19 1.12 1.09 1.06 1.03 1.06 1.06 1.12 1.19 1.22 1.25 1.28 1.22 1.16 1.00 0.81 0.62 0.41 0.28 0.12 0.00
11.97 11.81 11.69 11.41 11.25 11.09 10.84 10.72 10.59 10.50 10.38 10.34 10.47 10.66 10.84 11.03 11.09 10.88 10.34 9.38 8.41 7.59 7.09 6.84 6.69 6.56 6.66 6.91 7.19 7.25 7.53 7.31 7.16 6.97 6.78 6.56 6.34 6.16 5.97 5.78 5.59 5.41 5.25 5.06 4.50 4.22 4.00 3.75 3.38 2.97 2.59 2.34 2.12 1.94 1.78 1.66 1.53 1.41 1.31 1.22 1.16 1.09 1.06 1.03 1.03 1.06 1.06 1.12 1.16 1.22 1.25 1.25 1.22 1.16 0.97 0.81 0.59 0.41 0.28 0.12 0.03
12.03 12.03 11.81 11.72 11.53 11.31 11.03 10.84 10.66 10.56 10.28 10.16 10.28 10.53 10.81 10.97 11.06 10.84 10.28 9.44 8.59 7.91 7.31 6.84 6.59 6.50 6.47 6.66 6.94 7.31 7.47 7.12 6.94 6.78 6.59 6.38 6.19 6.00 5.81 5.62 5.44 5.25 5.06 4.91 4.31 4.12 3.97 3.75 3.34 2.91 2.53 2.31 2.12 1.94 1.78 1.62 1.50 1.38 1.28 1.19 1.12 1.09 1.06 1.03 1.03 1.03 1.06 1.09 1.16 1.22 1.25 1.25 1.22 1.12 0.97 0.84 0.62 0.44 0.28 0.16 0.03
12.16 12.06 11.91 11.94 11.72 11.44 11.12 10.88 10.75 10.62 10.31 10.12 10.28 10.56 10.78 10.94 10.97 10.69 10.09 9.41 8.62 7.91 7.28 6.84 6.56 6.38 6.44 6.53 6.66 6.84 7.12 6.91 6.75 6.56 6.41 6.19 6.00 5.81 5.62 5.47 5.28 5.12 4.94 4.75 4.25 4.06 3.94 3.72 3.28 2.81 2.44 2.25 2.09 1.91 1.75 1.59 1.47 1.34 1.25 1.16 1.09 1.06 1.03 1.00 1.03 1.03 1.06 1.09 1.16 1.19 1.25 1.25 1.22 1.12 0.97 0.84 0.59 0.44 0.28 0.12 0.00
12.38 12.25 12.06 11.97 11.66 11.56 11.06 10.97 10.84 10.72 10.34 10.31 10.34 10.59 10.72 10.84 10.88 10.56 10.12 9.47 8.69 7.91 7.25 6.75 6.44 6.28 6.25 6.25 6.38 6.41 6.75 6.69 6.53 6.38 6.19 6.00 5.84 5.66 5.50 5.34 5.16 5.00 4.81 4.66 4.28 4.00 3.91 3.66 3.19 2.72 2.41 2.22 2.03 1.88 1.72 1.56 1.44 1.31 1.22 1.12 1.06 1.03 1.00 1.00 1.00 1.03 1.06 1.09 1.12 1.16 1.22 1.22 1.19 1.09 0.97 0.84 0.56 0.41 0.28 0.16 0.00
12.28 12.12 11.88 11.81 11.56 11.31 11.06 10.88 10.81 10.81 10.56 10.47 10.50 10.47 10.59 10.78 10.78 10.59 10.19 9.53 8.75 7.94 7.22 6.69 6.31 6.12 6.06 6.03 6.09 6.12 6.47 6.50 6.31 6.16 6.00 5.84 5.69 5.50 5.34 5.22 5.06 4.91 4.72 4.56 4.31 3.94 3.81 3.56 3.09 2.66 2.41 2.19 2.00 1.84 1.69 1.53 1.41 1.28 1.19 1.09 1.03 1.00 0.97 0.97 1.00 1.00 1.03 1.09 1.12 1.16 1.19 1.22 1.19 1.09 0.97 0.84 0.56 0.38 0.22 0.06 -0.03
12.16 11.97 11.69 11.50 11.38 11.34 11.00 10.81 10.84 10.78 10.66 10.59 10.50 10.41 10.53 10.69 10.75 10.62 10.28 9.62 8.81 8.00 7.25 6.66 6.25 6.00 5.91 5.84 5.97 5.94 6.19 6.31 6.09 5.97 5.78 5.62 5.47 5.31 5.19 5.06 4.94 4.81 4.66 4.50 4.31 3.88 3.75 3.44 2.97 2.56 2.34 2.16 1.97 1.78 1.62 1.50 1.34 1.25 1.16 1.06 1.00 0.97 0.97 0.97 0.97 1.00 1.03 1.06 1.12 1.16 1.19 1.22 1.19 1.09 0.97 0.81 0.59 0.31 0.16 0.03 -0.06
12.38 12.19 11.72 11.66 11.25 11.09 10.81 10.78 10.66 10.69 10.62 10.53 10.47 10.41 10.47 10.66 10.75 10.66 10.31 9.72 8.94 8.12 7.38 6.69 6.19 5.91 5.75 5.69 5.72 5.78 5.88 6.09 5.88 5.72 5.56 5.44 5.28 5.16 5.03 4.94 4.81 4.69 4.56 4.44 4.28 3.88 3.66 3.31 2.88 2.50 2.31 2.09 1.94 1.75 1.59 1.44 1.31 1.22 1.12 1.03 0.97 0.94 0.94 0.94 0.97 1.00 1.03 1.09 1.12 1.16 1.19 1.19 1.16 1.06 0.94 0.81 0.56 0.34 0.16 0.03 -0.09
12.12 12.00 11.56 11.38 11.16 11.03 10.78 10.56 10.75 10.72 10.56 10.50 10.50 10.41 10.50 10.69 10.72 10.59 10.31 9.75 9.03 8.28 7.50 6.84 6.25 5.84 5.62 5.50 5.53 5.50 5.53 5.88 5.62 5.50 5.38 5.22 5.09 5.00 4.88 4.78 4.69 4.59 4.50 4.38 4.22 3.91 3.59 3.25 2.78 2.44 2.25 2.06 1.88 1.72 1.56 1.41 1.28 1.16 1.09 1.00 0.97 0.94 0.94 0.94 0.97 1.00 1.06 1.09 1.12 1.16 1.19 1.22 1.16 1.06 0.91 0.75 0.56 0.38 0.22 0.06 -0.06
12.25 11.84 11.62 11.50 11.28 10.97 10.81 10.81 10.53 10.66 10.53 10.53 10.47 10.41 10.53 10.66 10.69 10.56 10.31 9.75 9.06 8.34 7.62 6.94 6.34 5.88 5.56 5.31 5.34 5.38 5.34 5.50 5.41 5.28 5.16 5.03 4.94 4.84 4.75 4.66 4.56 4.47 4.41 4.28 4.12 3.84 3.56 3.19 2.69 2.41 2.19 2.00 1.84 1.66 1.50 1.38 1.25 1.16 1.06 1.00 0.97 0.94 0.94 0.97 1.00 1.03 1.09 1.12 1.16 1.19 1.22 1.22 1.16 1.09 0.88 0.78 0.53 0.34 0.25 0.12 0.00
12.34 12.03 11.56 11.50 11.19 11.16 10.84 10.59 10.56 10.47 10.34 10.44 10.41 10.34 10.53 10.66 10.66 10.53 10.25 9.72 9.06 8.38 7.69 7.00 6.41 5.88 5.47 5.22 5.16 5.19 5.06 5.25 5.16 5.06 4.97 4.91 4.81 4.72 4.62 4.53 4.47 4.38 4.28 4.22 4.03 3.75 3.47 3.06 2.62 2.34 2.12 1.97 1.78 1.62 1.47 1.34 1.22 1.12 1.03 1.00 0.97 0.94 0.94 0.97 1.03 1.06 1.12 1.16 1.22 1.25 1.25 1.25 1.19 1.12 0.88 0.75 0.53 0.38 0.22 0.12 -0.03
12.31 11.94 11.56 11.47 11.38 11.22 10.78 10.72 10.66 10.53 10.34 10.34 10.44 10.38 10.50 10.66 10.66 10.47 10.22 9.72 9.06 8.38 7.66 7.00 6.38 5.78 5.34 5.09 5.06 5.06 5.09 5.03 4.97 4.91 4.84 4.75 4.69 4.59 4.50 4.41 4.34 4.25 4.19 4.09 3.91 3.66 3.38 2.91 2.50 2.25 2.06 1.91 1.75 1.59 1.44 1.31 1.22 1.12 1.03 1.00 0.97 0.97 0.97 1.00 1.06 1.12 1.19 1.22 1.28 1.31 1.31 1.31 1.22 1.16 0.91 0.75 0.53 0.38 0.19 0.06 -0.06
12.53 11.84 11.94 11.53 11.19 11.16 10.97 10.62 10.56 10.41 10.41 10.22 10.25 10.28 10.53 10.62 10.59 10.50 10.19 9.66 9.00 8.28 7.56 6.88 6.28 5.69 5.22 4.97 4.88 5.00 4.88 4.88 4.81 4.78 4.69 4.62 4.56 4.47 4.38 4.28 4.22 4.12 4.06 4.00 3.78 3.50 3.22 2.75 2.38 2.16 2.00 1.84 1.69 1.56 1.44 1.31 1.19 1.12 1.06 1.00 1.00 1.00 1.03 1.06 1.12 1.19 1.25 1.31 1.34 1.38 1.41 1.38 1.28 1.19 0.97 0.75 0.53 0.31 0.16 0.03 -0.09
12.59 12.22 11.72 11.66 11.44 11.03 10.62 10.44 10.41 10.50 10.25 10.28 10.22 10.28 10.44 10.56 10.56 10.44 10.12 9.56 8.88 8.16 7.41 6.69 6.09 5.56 5.12 4.81 4.69 4.78 4.75 4.72 4.69 4.62 4.56 4.50 4.41 4.34 4.25 4.16 4.09 4.00 3.94 3.84 3.66 3.38 3.03 2.59 2.25 2.09 1.94 1.78 1.66 1.53 1.41 1.28 1.19 1.12 1.06 1.03 1.03 1.03 1.06 1.12 1.19 1.25 1.31 1.41 1.44 1.47 1.50 1.47 1.38 1.25 1.03 0.81 0.50 0.25 0.12 0.00 -0.12
12.28 12.31 11.97 11.31 11.38 11.06 10.69 10.44 10.41 10.25 10.16 10.28 10.16 10.16 10.31 10.44 10.47 10.31 9.97 9.38 8.69 7.94 7.16 6.47 5.84 5.38 4.94 4.72 4.53 4.47 4.56 4.56 4.53 4.50 4.44 4.38 4.28 4.22 4.12 4.03 3.94 3.88 3.78 3.69 3.50 3.22 2.81 2.44 2.16 2.00 1.88 1.75 1.62 1.50 1.41 1.28 1.22 1.12 1.09 1.06 1.06 1.09 1.12 1.19 1.25 1.34 1.44 1.50 1.56 1.59 1.62 1.59 1.47 1.31 1.12 0.84 0.47 0.22 0.06 -0.06 -0.16
12.62 12.31 11.84 11.47 11.28 10.66 10.59 10.47 10.34 10.34 10.22 10.25 10.16 10.12 10.22 10.31 10.28 10.12 9.72 9.12 8.41 7.62 6.84 6.16 5.59 5.16 4.75 4.59 4.41 4.44 4.44 4.44 4.41 4.38 4.31 4.25 4.16 4.09 4.00 3.91 3.81 3.72 3.62 3.53 3.34 3.00 2.59 2.28 2.09 1.94 1.81 1.72 1.59 1.50 1.38 1.28 1.22 1.16 1.12 1.09 1.09 1.12 1.19 1.28 1.34 1.44 1.53 1.62 1.69 1.75 1.78 1.72 1.56 1.41 1.22 0.91 0.47 0.25 0.03 -0.06 -0.19
12.34 12.53 11.94 11.56 10.97 10.81 10.56 10.47 10.34 10.00 9.97 10.03 10.00 10.09 10.12 10.16 10.06 9.84 9.41 8.78 8.03 7.25 6.47 5.81 5.28 4.88 4.53 4.41 4.34 4.31 4.31 4.31 4.28 4.25 4.19 4.12 4.06 3.97 3.88 3.75 3.66 3.56 3.47 3.38 3.09 2.75 2.44 2.16 2.00 1.84 1.75 1.66 1.59 1.47 1.38 1.31 1.22 1.19 1.16 1.12 1.16 1.19 1.25 1.34 1.44 1.56 1.66 1.75 1.84 1.91 1.94 1.84 1.69 1.50 1.34 0.97 0.50 0.25 0.06 -0.06 -0.16
12.75 12.25 11.97 11.47 11.06 10.28 10.31 10.00 10.12 10.09 9.84 9.81 9.91 9.97 10.00 9.97 9.81 9.53 9.06 8.41 7.62 6.81 6.06 5.44 4.97 4.56 4.34 4.22 4.12 4.16 4.25 4.22 4.19 4.16 4.09 4.03 3.94 3.84 3.75 3.62 3.50 3.41 3.31 3.12 2.81 2.53 2.25 2.06 1.91 1.78 1.72 1.66 1.56 1.47 1.41 1.31 1.25 1.19 1.19 1.19 1.19 1.25 1.34 1.44 1.56 1.66 1.78 1.91 2.00 2.09 2.06 1.97 1.84 1.66 1.47 1.09 0.56 0.25 0.12 0.00 -0.16
12.72 12.12 11.81 11.22 10.81 10.22 10.22 10.19 10.09 9.91 9.97 9.84 9.88 9.66 9.81 9.78 9.56 9.22 8.72 8.00 7.19 6.38 5.66 5.09 4.66 4.28 4.16 4.16 3.97 4.09 4.03 4.12 4.09 4.06 4.00 3.94 3.84 3.75 3.62 3.50 3.38 3.22 3.06 2.81 2.56 2.34 2.12 1.97 1.84 1.78 1.72 1.66 1.56 1.50 1.41 1.31 1.25 1.22 1.19 1.19 1.25 1.31 1.41 1.50 1.66 1.78 1.91 2.06 2.16 2.22 2.19 2.12 2.00 1.81 1.59 1.22 0.75 0.28 0.12 0.00 -0.09
12.47 12.16 11.44 11.16 10.59 10.38 10.22 10.00 9.78 9.94 9.81 9.81 9.72 9.59 9.59 9.59 9.38 8.91 8.34 7.59 6.78 5.97 5.28 4.75 4.28 4.03 3.97 3.97 3.78 3.84 4.03 3.94 4.03 4.00 3.94 3.84 3.75 3.62 3.50 3.38 3.22 3.06 2.84 2.59 2.38 2.16 2.03 1.91 1.81 1.75 1.72 1.69 1.59 1.50 1.41 1.34 1.28 1.22 1.22 1.22 1.25 1.34 1.44 1.59 1.75 1.91 2.06 2.19 2.31 2.34 2.31 2.22 2.09 1.88 1.66 1.31 0.84 0.44 0.19 0.00 -0.12
12.75 11.97 11.72 11.16 10.44 10.41 9.97 9.75 9.91 9.81 9.62 9.59 9.56 9.44 9.38 9.41 9.19 8.75 8.12 7.28 6.41 5.56 4.81 4.22 3.91 3.75 3.69 3.81 3.78 3.72 3.78 3.91 3.91 3.97 3.88 3.78 3.69 3.56 3.41 3.22 3.06 2.88 2.62 2.44 2.25 2.09 1.97 1.88 1.81 1.75 1.72 1.69 1.62 1.53 1.44 1.34 1.28 1.22 1.22 1.22 1.25 1.34 1.47 1.66 1.81 2.00 2.19 2.31 2.41 2.41 2.34 2.28 2.16 1.97 1.75 1.41 0.94 0.50 0.31 0.12 -0.06
12.59 12.03 11.56 11.12 10.38 10.31 9.84 9.72 9.59 9.75 9.50 9.47 9.44 9.38 9.34 9.25 9.09 8.75 8.16 7.25 5.59 4.78 4.25 3.81 3.59 3.53 3.56 3.69 3.66 3.78 3.75 3.84 3.75 3.81 3.84 3.75 3.62 3.50 3.28 3.06 2.88 2.66 2.47 2.28 2.12 2.03 1.94 1.84 1.78 1.75 1.72 1.72 1.62 1.53 1.47 1.38 1.31 1.25 1.22 1.22 1.25 1.34 1.50 1.66 1.88 2.09 2.22 2.38 2.44 2.44 2.41 2.34 2.22 2.03 1.81 1.50 1.00 0.56 0.31 0.19 0.00
12.53 11.97 11.38 10.88 10.56 10.12 9.91 9.91 9.84 9.56 9.44 9.22 9.16 9.19 9.25 9.22 9.09 8.75 8.25 7.12 4.59 4.03 3.72 3.50 3.34 3.41 3.56 3.69 3.69 3.75 3.59 3.66 3.59 3.72 3.91 3.72 3.53 3.28 3.19 2.88 2.69 2.50 2.31 2.16 2.06 2.00 1.91 1.84 1.78 1.75 1.75 1.72 1.66 1.59 1.50 1.41 1.34 1.25 1.22 1.19 1.25 1.31 1.47 1.62 1.84 2.03 2.22 2.41 2.47 2.50 2.44 2.38 2.28 2.09 1.88 1.59 1.09 0.66 0.38 0.22 0.03
12.66 12.38 11.44 11.06 10.53 10.44 10.28 9.75 9.62 9.69 9.53 9.25 9.16 9.16 9.12 9.19 9.16 8.84 8.31 6.53 3.78 3.53 3.28 3.12 3.25 3.34 3.47 3.59 3.44 3.41 3.56 3.56 3.62 3.81 3.88 3.72 3.47 3.31 3.03 2.72 2.50 2.34 2.19 2.09 2.03 1.94 1.88 1.84 1.81 1.78 1.75 1.72 1.69 1.62 1.53 1.44 1.34 1.28 1.22 1.19 1.22 1.31 1.44 1.59 1.78 1.97 2.16 2.34 2.47 2.50 2.47 2.41 2.31 2.16 1.94 1.69 1.22 0.75 0.47 0.28 0.09
12.66 12.38 11.69 11.25 11.03 10.59 10.12 10.00 9.88 9.56 9.56 9.25 9.25 9.19 9.22 9.16 9.00 8.78 8.09 5.38 3.38 3.06 2.84 2.97 3.12 3.41 3.22 3.38 3.31 3.25 3.31 3.44 3.44 3.75 3.78 3.50 3.12 3.03 2.78 2.50 2.34 2.22 2.12 2.06 1.97 1.94 1.91 1.88 1.84 1.81 1.78 1.75 1.72 1.66 1.56 1.47 1.38 1.28 1.22 1.19 1.19 1.28 1.38 1.53 1.72 1.91 2.09 2.28 2.44 2.50 2.53 2.47 2.38 2.19 1.97 1.72 1.31 0.84 0.56 0.41 0.22
12.59 12.19 11.81 11.47 11.06 10.75 10.53 10.25 10.09 9.78 9.59 9.38 9.38 9.19 9.22 9.09 8.94 8.56 7.34 4.59 3.09 2.81 2.97 2.97 3.06 3.22 3.16 3.22 3.19 3.31 3.31 3.34 3.41 3.28 3.41 3.19 3.09 2.84 2.56 2.34 2.25 2.16 2.06 2.00 1.97 1.94 1.91 1.91 1.88 1.84 1.81 1.78 1.75 1.66 1.56 1.47 1.38 1.28 1.22 1.19 1.19 1.25 1.34 1.50 1.66 1.84 2.03 2.19 2.38 2.50 2.59 2.50 2.38 2.22 2.03 1.81 1.44 1.00 0.69 0.47 0.34
12.88 12.44 11.91 11.44 11.00 10.69 10.50 10.22 10.16 9.91 9.62 9.44 9.50 9.38 9.31 9.12 8.88 8.44 6.53 3.78 2.91 2.59 2.66 2.78 2.69 2.91 3.12 3.25 3.19 3.12 3.03 3.19 3.22 3.19 3.06 2.94 3.03 2.59 2.44 2.25 2.16 2.09 2.03 1.97 1.97 1.97 1.94 1.91 1.88 1.88 1.84 1.81 1.75 1.69 1.59 1.47 1.38 1.28 1.22 1.19 1.19 1.22 1.31 1.44 1.59 1.75 1.94 2.12 2.28 2.44 2.53 2.50 2.41 2.28 2.09 1.88 1.53 1.09 0.81 0.62 0.47
12.88 12.44 12.16 11.72 11.41 11.06 10.62 10.53 10.28 10.12 9.78 9.66 9.59 9.50 9.41 9.19 8.81 8.38 5.47 3.12 2.41 2.38 2.44 2.47 2.59 2.66 3.00 3.09 2.94 2.81 2.97 2.88 3.03 3.16 3.03 2.88 2.84 2.66 2.31 2.19 2.09 2.03 2.00 2.00 2.00 2.00 1.97 1.94 1.91 1.88 1.84 1.81 1.75 1.69 1.59 1.47 1.38 1.28 1.19 1.16 1.16 1.19 1.25 1.38 1.53 1.69 1.88 2.06 2.22 2.38 2.50 2.56 2.47 2.34 2.16 1.97 1.62 1.22 0.91 0.75 0.56
13.16 12.66 12.28 11.88 11.44 11.09 10.97 10.59 10.44 10.28 10.03 9.84 9.81 9.59 9.50 9.25 8.88 8.38 4.72 2.34 2.12 2.28 2.31 2.28 2.31 2.62 2.56 2.84 2.69 2.66 2.59 2.59 2.69 2.97 2.75 2.75 2.59 2.44 2.28 2.16 2.09 2.03 2.03 2.00 2.00 2.00 2.00 1.97 1.94 1.91 1.88 1.84 1.78 1.69 1.59 1.47 1.38 1.28 1.19 1.16 1.12 1.16 1.22 1.31 1.47 1.62 1.81 1.97 2.16 2.31 2.44 2.53 2.47 2.38 2.22 2.03 1.72 1.38 1.06 0.81 0.66
