everonasctiles/Tile26,18.asc
ncols 128
nrows 128
xllcorner 0
yllcorner 0
cellsize 2.0
NODATA_value  -9999
[rows 0 to 33 of 128, columns 0 to 76 of 128]
57.59 57.53 57.53 57.59 57.69 57.81 57.94 58.06 58.22 58.38 58.53 58.66 58.81 59.00 59.16 59.31 59.47 59.66 59.81 60.00 60.12 60.28 60.44 60.62 60.78 60.97 61.12 61.31 61.66 62.19 62.53 62.75 62.91 63.09 63.28 63.47 63.66 63.81 64.00 64.19 64.38 64.53 64.72 64.88 65.06 65.22 65.38 65.56 65.75 65.94 66.16 66.38 66.59 66.84 67.12 67.38 67.69 67.97 68.25 68.56 69.06 69.41 69.66 69.81 69.84 69.91 70.00 70.06 70.12 70.19 70.28 70.34 70.41 70.47 70.53 70.59 71.53
57.34 57.41 57.44 57.53 57.66 57.75 57.91 58.03 58.19 58.34 58.50 58.66 58.81 59.00 59.16 59.31 59.50 59.66 59.84 60.00 60.16 60.34 60.50 60.69 60.84 61.00 61.19 61.34 61.53 61.69 61.88 62.16 62.66 62.97 63.16 63.34 63.53 63.72 63.88 64.06 64.25 64.44 64.59 64.75 64.94 65.09 65.28 65.47 65.66 65.84 66.06 66.28 66.50 66.78 67.03 67.31 67.62 67.91 68.22 68.53 68.91 69.31 69.62 69.81 69.94 70.00 70.06 70.12 70.19 70.28 70.34 70.41 70.47 70.53 70.59 70.66 70.75
57.28 57.34 57.41 57.50 57.59 57.72 57.88 58.00 58.16 58.31 58.47 58.66 58.84 59.00 59.16 59.34 59.53 59.69 59.88 60.03 60.22 60.38 60.56 60.72 60.91 61.06 61.25 61.41 61.56 61.75 61.91 62.06 62.25 62.44 62.69 63.12 63.44 63.59 63.78 63.97 64.16 64.31 64.47 64.66 64.84 65.00 65.19 65.34 65.56 65.75 65.94 66.19 66.41 66.69 66.94 67.25 67.56 67.88 68.19 68.59 68.97 69.28 69.56 69.81 70.00 70.09 70.12 70.19 70.25 70.34 70.41 70.47 70.53 70.59 70.69 70.75 70.81
57.25 57.31 57.38 57.44 57.56 57.69 57.81 57.97 58.16 58.31 58.47 58.66 58.84 59.00 59.19 59.38 59.56 59.72 59.91 60.09 60.25 60.44 60.59 60.78 60.94 61.12 61.28 61.47 61.62 61.81 61.97 62.12 62.31 62.47 62.66 62.84 63.00 63.25 63.59 63.81 63.97 64.16 64.34 64.53 64.75 64.91 65.09 65.28 65.44 65.62 65.84 66.06 66.31 66.59 66.91 67.22 67.53 67.91 68.25 68.66 69.03 69.31 69.59 69.81 70.00 70.16 70.25 70.25 70.34 70.41 70.47 70.53 70.62 70.69 70.75 70.81 70.88
57.22 57.28 57.34 57.41 57.53 57.62 57.78 57.91 58.12 58.28 58.44 58.69 58.84 59.00 59.19 59.41 59.59 59.75 59.94 60.16 60.31 60.50 60.66 60.81 61.00 61.16 61.34 61.50 61.69 61.84 62.03 62.19 62.38 62.53 62.72 62.91 63.06 63.25 63.41 63.59 63.81 64.09 64.31 64.44 64.62 64.78 64.97 65.19 65.34 65.53 65.75 65.94 66.19 66.50 66.84 67.16 67.53 67.91 68.31 68.72 69.06 69.38 69.62 69.84 70.06 70.16 70.31 70.38 70.41 70.47 70.56 70.62 70.69 70.75 70.81 70.88 70.94
57.19 57.25 57.31 57.38 57.47 57.59 57.72 57.88 58.09 58.25 58.41 58.69 58.84 59.03 59.19 59.44 59.62 59.78 59.97 60.19 60.38 60.53 60.72 60.88 61.06 61.22 61.38 61.56 61.72 61.91 62.06 62.25 62.44 62.59 62.78 62.94 63.12 63.31 63.47 63.66 63.84 64.03 64.22 64.41 64.56 64.75 64.88 65.06 65.25 65.47 65.62 65.84 66.06 66.41 66.78 67.16 67.53 67.94 68.34 68.75 69.12 69.44 69.66 69.88 70.06 70.19 70.31 70.44 70.50 70.56 70.62 70.69 70.75 70.81 70.88 70.97 71.03
57.12 57.22 57.28 57.34 57.41 57.53 57.66 57.81 58.09 58.28 58.53 58.78 58.97 59.12 59.31 59.53 59.66 59.81 60.06 60.25 60.41 60.59 60.75 60.94 61.09 61.28 61.44 61.62 61.78 61.97 62.12 62.31 62.47 62.66 62.84 63.00 63.19 63.34 63.53 63.72 63.91 64.09 64.28 64.44 64.62 64.81 65.00 65.06 65.19 65.31 65.56 65.75 65.91 66.31 66.78 67.19 67.59 68.03 68.44 68.84 69.19 69.44 69.69 69.88 70.06 70.25 70.34 70.44 70.53 70.62 70.69 70.75 70.81 70.91 70.97 71.03 71.09
57.09 57.19 57.25 57.31 57.38 57.50 57.84 58.06 58.19 58.34 58.50 58.69 58.88 59.09 59.31 59.53 59.75 59.97 60.19 60.34 60.47 60.62 60.81 60.97 61.16 61.31 61.50 61.66 61.84 62.00 62.19 62.38 62.53 62.72 62.88 63.06 63.25 63.41 63.59 63.78 63.97 64.16 64.34 64.50 64.69 64.88 65.06 65.25 65.44 65.56 65.50 65.62 65.81 66.22 66.75 67.28 67.75 68.16 68.59 68.97 69.25 69.50 69.72 69.91 70.06 70.25 70.41 70.44 70.53 70.62 70.75 70.84 70.91 70.97 71.03 71.09 71.16
57.06 57.12 57.22 57.28 57.56 57.72 57.78 57.91 58.00 58.16 58.28 58.44 58.66 58.91 59.16 59.38 59.59 59.88 60.16 60.38 60.50 60.62 60.84 61.00 61.19 61.38 61.53 61.72 61.88 62.06 62.25 62.44 62.59 62.78 62.94 63.12 63.28 63.47 63.66 63.84 64.03 64.19 64.38 64.56 64.75 64.94 65.12 65.31 65.50 65.69 65.91 66.06 65.97 65.91 66.62 67.31 67.91 68.34 68.72 69.03 69.31 69.53 69.72 69.88 70.03 70.19 70.34 70.47 70.53 70.62 70.75 70.88 70.97 71.03 71.09 71.16 71.25
57.06 57.09 57.28 57.41 57.47 57.53 57.62 57.72 57.78 57.91 58.00 58.16 58.34 58.50 58.75 59.06 59.41 59.69 59.94 60.16 60.34 60.56 60.75 60.91 61.12 61.34 61.59 61.78 61.94 62.12 62.31 62.47 62.66 62.84 63.00 63.19 63.34 63.53 63.72 63.88 64.06 64.25 64.44 64.62 64.81 65.00 65.19 65.41 65.59 65.78 65.97 66.16 66.31 66.50 66.53 66.91 67.75 68.41 68.78 69.09 69.31 69.53 69.69 69.81 69.97 70.12 70.28 70.44 70.53 70.62 70.75 70.84 71.00 71.09 71.19 71.25 71.31
56.97 56.75 57.06 57.12 57.22 57.25 57.31 57.44 57.50 57.56 57.69 57.78 57.91 58.09 58.41 58.75 59.06 59.34 59.62 59.88 60.09 60.31 60.56 60.78 61.09 61.34 61.59 61.84 62.00 62.19 62.34 62.53 62.72 62.88 63.06 63.25 63.41 63.59 63.75 63.94 64.12 64.31 64.50 64.69 64.91 65.09 65.28 65.47 65.66 65.84 66.03 66.19 66.38 66.56 66.75 66.94 67.09 67.53 68.44 69.03 69.28 69.44 69.56 69.69 69.84 70.00 70.19 70.38 70.50 70.62 70.75 70.84 70.94 71.16 71.25 71.31 71.38
55.72 55.88 56.12 56.44 56.56 56.72 56.84 57.03 57.12 57.16 57.22 57.31 57.50 57.75 58.06 58.38 58.69 58.97 59.25 59.53 59.78 60.06 60.34 60.66 60.97 61.25 61.56 61.78 62.00 62.19 62.31 62.44 62.62 62.91 63.12 63.28 63.47 63.62 63.81 64.00 64.19 64.38 64.59 64.78 64.97 65.16 65.34 65.53 65.72 65.91 66.09 66.28 66.47 66.66 66.84 67.03 67.22 67.41 67.59 67.94 69.03 69.25 69.38 69.53 69.72 69.88 70.09 70.34 70.44 70.59 70.72 70.81 70.91 71.03 71.31 71.41 71.47
54.62 54.78 55.09 55.41 55.56 55.88 56.25 56.50 56.56 56.62 56.69 56.88 57.12 57.41 57.69 58.00 58.31 58.62 58.91 59.22 59.50 59.81 60.12 60.47 60.81 61.12 61.44 61.75 62.00 62.16 62.28 62.41 62.56 62.72 62.97 63.28 63.53 63.69 63.88 64.06 64.25 64.47 64.66 64.84 65.03 65.22 65.41 65.59 65.78 65.97 66.16 66.34 66.53 66.72 66.91 67.09 67.28 67.47 67.66 67.84 68.00 68.31 69.00 69.38 69.72 69.91 70.09 70.22 70.38 70.53 70.62 70.72 70.84 71.06 71.25 71.47 71.53
53.72 53.94 54.28 54.66 55.00 55.34 55.66 55.81 55.97 56.06 56.25 56.50 56.78 57.06 57.34 57.66 57.97 58.28 58.59 58.91 59.25 59.59 59.94 60.28 60.62 60.97 61.34 61.66 61.91 62.09 62.22 62.34 62.56 62.75 63.00 63.22 63.47 63.72 63.94 64.12 64.31 64.53 64.72 64.91 65.09 65.28 65.47 65.66 65.84 66.06 66.25 66.44 66.62 66.81 67.00 67.19 67.38 67.56 67.75 67.94 68.09 68.25 68.47 68.88 69.50 69.72 69.91 70.09 70.25 70.38 70.50 70.62 70.84 71.09 71.25 71.41 71.59
53.22 53.25 53.56 54.06 54.50 54.88 55.00 55.12 55.41 55.62 55.88 56.16 56.44 56.72 57.03 57.34 57.66 57.97 58.31 58.66 59.00 59.34 59.72 60.09 60.44 60.81 61.19 61.50 61.78 61.97 62.12 62.28 62.50 62.69 62.94 63.22 63.50 63.75 63.97 64.19 64.38 64.59 64.78 64.97 65.16 65.34 65.56 65.75 65.94 66.12 66.31 66.50 66.69 66.88 67.06 67.25 67.44 67.62 67.81 68.00 68.19 68.34 68.59 68.88 69.19 69.47 69.72 69.94 70.09 70.28 70.44 70.56 70.81 71.06 71.22 71.38 71.56
52.81 52.81 53.06 53.53 54.06 54.28 54.34 54.59 54.94 55.22 55.50 55.81 56.09 56.38 56.69 57.00 57.34 57.69 58.03 58.38 58.75 59.12 59.50 59.88 60.25 60.62 61.00 61.34 61.66 61.91 62.06 62.22 62.41 62.62 62.88 63.16 63.44 63.72 63.97 64.16 64.38 64.56 64.75 65.00 65.22 65.44 65.62 65.81 66.00 66.22 66.41 66.59 66.78 66.97 67.16 67.34 67.53 67.72 67.91 68.09 68.25 68.44 68.66 68.91 69.12 69.38 69.62 69.81 70.03 70.19 70.34 70.50 70.75 70.94 71.12 71.28 71.34
52.50 52.50 52.69 53.16 53.62 53.94 54.06 54.25 54.56 54.84 55.16 55.44 55.75 56.06 56.38 56.69 57.03 57.38 57.75 58.09 58.47 58.88 59.25 59.62 60.03 60.41 60.78 61.12 61.44 61.72 61.94 62.12 62.31 62.50 62.78 63.06 63.34 63.66 63.94 64.16 64.34 64.53 64.72 64.94 65.22 65.41 65.59 65.84 66.06 66.28 66.47 66.66 66.84 67.03 67.22 67.41 67.59 67.78 68.00 68.16 68.34 68.53 68.72 68.94 69.16 69.38 69.59 69.78 69.97 70.16 70.28 70.47 70.66 70.81 70.94 71.06 71.12
52.19 52.19 52.44 52.84 53.22 53.56 53.78 53.97 54.22 54.50 54.81 55.09 55.41 55.72 56.06 56.38 56.72 57.09 57.44 57.81 58.22 58.59 58.97 59.38 59.78 60.16 60.53 60.88 61.22 61.50 61.75 62.00 62.19 62.44 62.66 62.91 63.19 63.50 63.81 64.09 64.34 64.56 64.72 64.84 65.09 65.34 65.59 65.78 65.97 66.25 66.56 66.75 66.94 67.12 67.31 67.50 67.69 67.88 68.06 68.25 68.44 68.62 68.78 68.97 69.19 69.41 69.59 69.78 69.97 70.12 70.25 70.41 70.56 70.69 70.78 70.84 70.88
51.91 51.88 52.19 52.53 52.88 53.19 53.44 53.66 53.91 54.19 54.47 54.75 55.06 55.41 55.72 56.06 56.41 56.78 57.16 57.53 57.91 58.31 58.69 59.09 59.50 59.88 60.25 60.59 60.94 61.25 61.56 61.81 62.06 62.31 62.56 62.81 63.12 63.41 63.72 64.03 64.25 64.47 64.66 64.84 65.00 65.19 65.44 65.62 65.91 66.19 66.44 66.66 66.97 67.22 67.41 67.59 67.75 67.97 68.16 68.34 68.50 68.69 68.88 69.06 69.25 69.44 69.62 69.81 69.97 70.12 70.25 70.41 70.53 70.62 70.69 70.72 70.81
51.62 51.56 51.88 52.22 52.56 52.88 53.12 53.38 53.59 53.84 54.12 54.44 54.75 55.06 55.41 55.75 56.09 56.47 56.84 57.22 57.62 58.00 58.41 58.78 59.19 59.56 59.94 60.31 60.66 61.00 61.31 61.59 61.88 62.16 62.44 62.72 63.00 63.31 63.62 63.91 64.19 64.44 64.66 64.84 65.00 65.12 65.28 65.47 65.75 66.03 66.28 66.62 66.91 67.12 67.41 67.66 67.84 68.06 68.22 68.41 68.59 68.75 68.94 69.12 69.31 69.50 69.66 69.84 70.00 70.16 70.28 70.41 70.53 70.66 70.78 70.88 70.84
51.38 51.28 51.59 51.91 52.25 52.56 52.81 53.06 53.28 53.53 53.78 54.09 54.41 54.72 55.06 55.41 55.78 56.16 56.53 56.91 57.28 57.69 58.06 58.47 58.88 59.25 59.62 60.00 60.38 60.72 61.03 61.34 61.66 61.94 62.25 62.56 62.88 63.19 63.50 63.78 64.09 64.34 64.59 64.81 65.03 65.19 65.31 65.47 65.69 65.97 66.25 66.53 66.81 67.09 67.38 67.59 67.81 68.12 68.31 68.47 68.66 68.84 69.00 69.19 69.38 69.56 69.72 69.91 70.06 70.19 70.31 70.47 70.59 70.72 70.88 71.00 71.09
51.12 50.97 51.28 51.62 51.94 52.25 52.53 52.78 52.97 53.19 53.47 53.75 54.06 54.41 54.72 55.09 55.44 55.81 56.19 56.56 56.94 57.34 57.75 58.12 58.53 58.91 59.28 59.66 60.03 60.38 60.72 61.06 61.38 61.72 62.03 62.34 62.69 63.00 63.31 63.62 63.94 64.22 64.50 64.75 65.00 65.22 65.41 65.56 65.75 65.97 66.22 66.47 66.75 67.03 67.31 67.50 67.72 68.03 68.28 68.53 68.75 68.91 69.09 69.25 69.44 69.62 69.78 69.94 70.09 70.25 70.38 70.53 70.66 70.81 70.94 71.06 71.19
50.69 50.66 50.94 51.28 51.62 51.94 52.22 52.47 52.66 52.88 53.16 53.44 53.72 54.06 54.41 54.75 55.09 55.47 55.84 56.22 56.59 57.00 57.38 57.78 58.16 58.56 58.94 59.31 59.69 60.06 60.41 60.75 61.09 61.44 61.78 62.12 62.44 62.78 63.12 63.44 63.75 64.06 64.38 64.66 64.94 65.22 65.47 65.69 65.94 66.19 66.44 66.66 66.91 67.16 67.34 67.50 67.69 67.94 68.22 68.44 68.62 68.97 69.16 69.34 69.53 69.69 69.84 70.00 70.16 70.31 70.47 70.59 70.75 70.88 71.03 71.12 71.25
50.41 50.41 50.62 50.97 51.31 51.62 51.94 52.19 52.34 52.56 52.81 53.09 53.41 53.72 54.06 54.41 54.75 55.12 55.50 55.88 56.25 56.62 57.03 57.41 57.78 58.19 58.56 58.94 59.31 59.69 60.06 60.41 60.78 61.12 61.50 61.84 62.19 62.53 62.88 63.22 63.56 63.88 64.22 64.53 64.84 65.16 65.47 65.75 66.06 66.31 66.59 66.84 67.09 67.31 67.50 67.62 67.78 68.00 68.22 68.38 68.59 68.75 69.00 69.34 69.62 69.78 69.94 70.09 70.25 70.41 70.53 70.69 70.81 70.97 71.09 71.22 71.34
50.06 50.19 50.31 50.66 51.00 51.31 51.59 51.88 52.03 52.25 52.50 52.75 53.06 53.38 53.69 54.03 54.41 54.75 55.12 55.50 55.88 56.25 56.62 57.03 57.41 57.81 58.19 58.56 58.94 59.31 59.69 60.06 60.44 60.81 61.19 61.53 61.91 62.28 62.62 63.00 63.34 63.69 64.03 64.38 64.72 65.06 65.41 65.75 66.09 66.41 66.69 66.94 67.16 67.38 67.56 67.72 67.94 68.09 68.28 68.44 68.62 68.78 68.97 69.12 69.34 69.75 70.00 70.16 70.34 70.47 70.62 70.75 70.91 71.03 71.16 71.28 71.44
49.75 50.00 50.00 50.31 50.66 50.97 51.28 51.56 51.72 51.94 52.16 52.44 52.72 53.03 53.34 53.69 54.03 54.38 54.75 55.12 55.50 55.88 56.25 56.62 57.00 57.41 57.78 58.16 58.56 58.94 59.31 59.69 60.06 60.47 60.84 61.22 61.59 61.97 62.34 62.72 63.09 63.47 63.84 64.19 64.56 64.94 65.31 65.69 66.06 66.41 66.69 66.97 67.19 67.41 67.59 67.78 67.97 68.16 68.34 68.50 68.66 68.84 69.00 69.12 69.28 69.41 69.59 70.09 70.41 70.56 70.69 70.84 70.97 71.12 71.25 71.34 71.50
49.47 49.53 49.66 49.97 50.31 50.62 50.94 51.22 51.41 51.59 51.84 52.09 52.38 52.66 52.97 53.31 53.66 54.00 54.38 54.72 55.09 55.47 55.84 56.22 56.59 57.00 57.38 57.75 58.16 58.53 58.91 59.31 59.69 60.09 60.50 60.88 61.28 61.66 62.06 62.47 62.84 63.22 63.62 64.00 64.38 64.78 65.16 65.56 65.94 66.28 66.59 66.88 67.12 67.34 67.56 67.78 67.94 68.12 68.31 68.50 68.69 68.84 69.00 69.19 69.34 69.50 69.62 69.66 69.78 70.47 70.78 70.91 71.06 71.19 71.31 71.44 71.59
49.16 49.19 49.28 49.62 49.97 50.28 50.59 50.88 51.09 51.28 51.50 51.75 52.00 52.31 52.62 52.94 53.28 53.62 53.97 54.34 54.69 55.06 55.44 55.81 56.19 56.56 56.94 57.34 57.72 58.12 58.50 58.91 59.31 59.72 60.12 60.53 60.94 61.34 61.75 62.16 62.56 62.97 63.38 63.78 64.16 64.56 64.97 65.34 65.72 66.09 66.41 66.72 67.00 67.22 67.44 67.62 67.81 68.00 68.16 68.31 68.50 68.72 68.94 69.12 69.34 69.50 69.62 69.72 69.84 69.91 70.09 70.91 71.16 71.25 71.38 71.50 71.62
48.84 48.94 48.88 49.25 49.62 49.94 50.25 50.53 50.75 50.94 51.16 51.38 51.66 51.94 52.25 52.56 52.88 53.22 53.56 53.94 54.28 54.66 55.00 55.38 55.75 56.12 56.53 56.91 57.31 57.69 58.09 58.50 58.91 59.31 59.75 60.16 60.59 61.00 61.44 61.84 62.25 62.69 63.09 63.50 63.91 64.31 64.72 65.12 65.50 65.84 66.19 66.47 66.75 66.97 67.19 67.38 67.56 67.72 67.91 68.03 68.22 68.44 68.69 68.94 69.16 69.31 69.47 69.66 69.78 69.91 70.00 70.22 70.69 71.34 71.47 71.59 71.69
48.53 48.56 48.50 48.91 49.25 49.59 49.91 50.19 50.41 50.59 50.78 51.03 51.28 51.56 51.84 52.16 52.50 52.81 53.16 53.50 53.88 54.22 54.59 54.97 55.31 55.69 56.09 56.47 56.88 57.25 57.66 58.09 58.50 58.94 59.34 59.78 60.22 60.66 61.06 61.50 61.94 62.38 62.78 63.22 63.62 64.03 64.44 64.84 65.22 65.56 65.88 66.16 66.41 66.62 66.84 67.03 67.22 67.38 67.50 67.66 67.84 68.06 68.31 68.56 68.81 69.03 69.22 69.38 69.56 69.72 69.94 70.19 70.34 70.56 71.34 71.66 71.78
48.22 48.38 48.19 48.56 48.91 49.25 49.56 49.81 50.06 50.25 50.44 50.66 50.91 51.19 51.47 51.78 52.09 52.41 52.75 53.09 53.44 53.78 54.16 54.50 54.88 55.25 55.62 56.03 56.41 56.81 57.25 57.66 58.09 58.50 58.94 59.38 59.84 60.28 60.72 61.16 61.59 62.03 62.47 62.88 63.31 63.72 64.12 64.53 64.91 65.22 65.53 65.81 66.06 66.28 66.47 66.66 66.81 66.94 67.09 67.22 67.41 67.59 67.84 68.12 68.38 68.59 68.81 69.03 69.25 69.47 69.72 69.97 70.19 70.47 70.88 71.28 71.84
47.91 47.97 47.88 48.22 48.53 48.88 49.19 49.44 49.69 49.88 50.06 50.28 50.53 50.78 51.06 51.38 51.69 52.00 52.31 52.66 53.00 53.34 53.69 54.06 54.44 54.78 55.19 55.56 55.97 56.38 56.81 57.22 57.66 58.09 58.53 59.00 59.44 59.88 60.34 60.78 61.22 61.66 62.09 62.53 62.97 63.38 63.78 64.16 64.53 64.88 65.16 65.44 65.66 65.88 66.06 66.22 66.38 66.53 66.66 66.81 66.97 67.16 67.38 67.62 67.91 68.16 68.41 68.62 68.88 69.16 69.44 69.69 70.00 70.38 70.81 71.25 71.62
47.56 47.62 47.59 47.88 48.19 48.50 48.78 49.06 49.34 49.50 49.69 49.88 50.12 50.38 50.66 50.94 51.25 51.56 51.91 52.22 52.56 52.91 53.25 53.59 53.97 54.34 54.72 55.09 55.50 55.94 56.34 56.78 57.22 57.69 58.12 58.59 59.03 59.50 59.94 60.41 60.84 61.28 61.72 62.16 62.59 63.00 63.41 63.78 64.12 64.47 64.75 65.03 65.25 65.47 65.66 65.81 65.97 66.12 66.25 66.41 66.56 66.75 66.97 67.22 67.47 67.72 68.00 68.25 68.50 68.81 69.09 69.41 69.78 70.19 70.62 71.09 71.53
47.19 47.31 47.25 47.50 47.78 48.09 48.41 48.69 48.97 49.12 49.28 49.50 49.72 49.97 50.25 50.53 50.84 51.16 51.47 51.78 52.09 52.44 52.78 53.12 53.50 53.88 54.25 54.66 55.06 55.47 55.91 56.34 56.78 57.25 57.69 58.16 58.62 59.09 59.56 60.00 60.47 60.91 61.34 61.78 62.19 62.59 63.00 63.38 63.72 64.03 64.34 64.59 64.84 65.06 65.25 65.41 65.59 65.72 65.88 66.03 66.22 66.41 66.62 66.84 67.09 67.38 67.62 67.91 68.19 68.47 68.78 69.12 69.53 69.94 70.38 70.88 71.38
