everonasctiles/Tile42,41.asc
ncols 128
nrows 128
xllcorner 0
yllcorner 0
cellsize 2.0
NODATA_value  -9999
[rows 32 to 63 of 128, columns 0 to 70 of 128]
-13.94 -14.00 -14.09 -14.34 -14.47 -14.94 -15.47 -15.59 -15.75 -15.94 -16.00 -16.19 -16.38 -16.41 -16.38 -16.22 -16.19 -16.25 -16.56 -16.94 -17.34 -17.66 -18.12 -18.50 -18.84 -19.00 -19.31 -19.59 -19.72 -19.91 -20.12 -20.38 -20.53 -20.69 -20.88 -21.09 -21.31 -21.47 -21.53 -21.62 -21.97 -22.19 -22.47 -22.84 -23.19 -23.38 -23.47 -23.81 -24.16 -24.31 -24.41 -24.53 -24.72 -24.84 -25.00 -25.16 -25.28 -25.38 -25.56 -25.62 -25.69 -25.72 -25.78 -25.81 -25.84 -25.84 -25.88 -25.88 -25.91 -25.94 -25.97
-14.09 -13.91 -14.22 -14.44 -14.56 -14.97 -15.41 -15.78 -16.06 -16.16 -16.25 -16.41 -16.44 -16.56 -16.50 -16.47 -16.38 -16.28 -16.44 -16.66 -17.31 -17.81 -18.12 -18.62 -18.91 -19.06 -19.25 -19.44 -19.66 -19.94 -20.12 -20.38 -20.62 -20.88 -21.03 -21.22 -21.50 -21.78 -21.84 -22.03 -22.22 -22.47 -22.72 -22.97 -23.22 -23.50 -23.59 -23.88 -24.25 -24.47 -24.47 -24.50 -24.75 -24.88 -25.06 -25.19 -25.31 -25.44 -25.47 -25.53 -25.66 -25.75 -25.78 -25.81 -25.81 -25.84 -25.84 -25.88 -25.91 -25.91 -25.94
-14.12 -13.94 -14.28 -14.47 -14.97 -15.50 -15.94 -16.28 -16.41 -16.19 -16.25 -16.44 -16.62 -16.66 -16.50 -16.41 -16.41 -16.28 -16.44 -16.56 -17.03 -17.50 -18.03 -18.62 -19.00 -19.22 -19.47 -19.66 -19.88 -20.03 -20.09 -20.44 -20.84 -21.00 -21.12 -21.41 -21.72 -21.94 -22.09 -22.31 -22.47 -22.66 -22.91 -23.09 -23.19 -23.34 -23.62 -23.91 -24.25 -24.50 -24.59 -24.66 -24.88 -25.06 -25.16 -25.25 -25.44 -25.50 -25.59 -25.62 -25.72 -25.84 -25.88 -25.91 -25.88 -25.91 -25.88 -25.88 -25.91 -25.91 -25.91
-14.06 -14.31 -14.53 -14.81 -15.47 -15.62 -15.88 -16.03 -16.19 -16.19 -16.06 -16.06 -16.16 -16.28 -16.28 -16.34 -16.16 -16.00 -16.22 -16.47 -17.03 -17.56 -18.00 -18.44 -18.91 -19.28 -19.53 -19.75 -19.97 -20.16 -20.28 -20.47 -20.78 -20.97 -21.22 -21.47 -21.72 -21.97 -22.16 -22.44 -22.62 -22.78 -22.84 -23.00 -23.22 -23.50 -23.81 -24.00 -24.31 -24.59 -24.72 -24.88 -25.06 -25.25 -25.31 -25.41 -25.56 -25.62 -25.66 -25.69 -25.78 -25.88 -25.94 -25.94 -25.94 -25.91 -25.91 -25.94 -25.91 -25.84 -25.81
-14.03 -14.50 -14.78 -15.09 -15.62 -15.91 -15.84 -16.19 -16.34 -16.19 -16.00 -15.94 -16.12 -16.38 -16.25 -16.12 -16.06 -16.19 -16.28 -16.31 -16.84 -17.53 -17.97 -18.38 -18.81 -19.34 -19.66 -19.91 -20.22 -20.47 -20.56 -20.66 -20.81 -21.09 -21.34 -21.59 -21.75 -21.94 -22.19 -22.38 -22.53 -22.62 -22.84 -23.12 -23.34 -23.69 -24.00 -24.28 -24.38 -24.62 -24.84 -25.03 -25.12 -25.25 -25.34 -25.47 -25.62 -25.75 -25.75 -25.75 -25.84 -25.88 -25.91 -25.97 -25.94 -25.94 -25.88 -25.91 -25.91 -25.81 -25.88
-14.72 -15.16 -15.38 -15.44 -15.75 -16.06 -16.06 -16.31 -16.53 -16.34 -16.47 -16.53 -16.66 -16.69 -16.50 -16.41 -16.47 -16.38 -16.38 -16.69 -17.12 -17.69 -18.22 -18.59 -19.00 -19.53 -19.81 -20.03 -20.44 -20.66 -20.81 -20.97 -21.00 -21.16 -21.44 -21.84 -21.97 -22.09 -22.25 -22.47 -22.66 -22.78 -22.91 -23.12 -23.47 -23.81 -24.12 -24.34 -24.50 -24.66 -24.84 -25.06 -25.16 -25.22 -25.25 -25.38 -25.59 -25.81 -25.84 -25.91 -25.97 -25.94 -25.97 -26.03 -26.00 -25.97 -25.94 -25.94 -25.88 -25.84 -25.91
-15.59 -15.81 -16.06 -15.94 -16.09 -16.28 -16.34 -16.44 -16.62 -16.75 -16.91 -17.06 -17.06 -16.84 -16.78 -16.81 -16.72 -16.53 -16.59 -17.12 -17.72 -17.88 -18.22 -18.53 -19.06 -19.59 -19.88 -20.19 -20.50 -20.66 -20.88 -21.16 -21.25 -21.28 -21.53 -21.88 -22.25 -22.38 -22.44 -22.66 -22.75 -22.88 -22.97 -23.16 -23.47 -23.88 -24.12 -24.28 -24.44 -24.72 -24.94 -25.12 -25.22 -25.31 -25.41 -25.44 -25.62 -25.75 -25.84 -25.97 -26.00 -26.00 -26.06 -26.09 -26.06 -26.03 -25.97 -25.91 -25.88 -25.88 -25.91
-16.03 -16.19 -16.41 -16.44 -16.50 -16.66 -16.91 -16.94 -16.81 -16.84 -16.91 -17.12 -17.22 -17.09 -17.06 -17.12 -17.03 -17.00 -17.03 -17.34 -17.84 -17.97 -18.25 -18.50 -19.00 -19.44 -19.66 -19.84 -20.25 -20.56 -20.78 -21.06 -21.25 -21.41 -21.72 -22.00 -22.31 -22.50 -22.44 -22.59 -22.81 -22.97 -23.19 -23.50 -23.78 -23.94 -24.12 -24.38 -24.62 -24.78 -24.91 -25.09 -25.31 -25.38 -25.38 -25.50 -25.69 -25.78 -25.91 -25.94 -26.03 -26.12 -26.19 -26.19 -26.12 -26.03 -26.03 -26.03 -25.97 -25.97 -25.94
-16.03 -16.16 -16.34 -16.84 -17.09 -17.19 -17.34 -17.38 -17.09 -16.97 -17.12 -17.19 -17.41 -17.47 -17.56 -17.66 -17.75 -17.53 -17.53 -17.72 -17.81 -18.00 -18.34 -18.47 -18.84 -19.25 -19.66 -20.00 -20.25 -20.56 -20.78 -21.12 -21.44 -21.53 -21.72 -22.03 -22.28 -22.56 -22.62 -22.75 -23.03 -23.09 -23.38 -23.72 -23.97 -24.16 -24.31 -24.44 -24.72 -24.88 -25.00 -25.19 -25.34 -25.38 -25.47 -25.69 -25.88 -25.97 -26.03 -26.06 -26.16 -26.22 -26.28 -26.28 -26.22 -26.12 -26.12 -26.16 -26.12 -26.09 -26.09
-16.53 -16.72 -16.94 -16.91 -17.22 -17.41 -17.47 -17.41 -17.31 -17.19 -17.12 -17.12 -17.44 -17.75 -18.00 -18.09 -18.12 -17.88 -17.59 -17.91 -18.19 -18.44 -18.62 -18.78 -18.94 -19.31 -19.84 -20.12 -20.34 -20.62 -20.94 -21.22 -21.50 -21.69 -21.81 -22.03 -22.34 -22.62 -22.84 -22.97 -23.16 -23.31 -23.47 -23.81 -24.16 -24.41 -24.56 -24.66 -24.84 -25.06 -25.16 -25.31 -25.50 -25.59 -25.78 -25.94 -26.03 -26.09 -26.16 -26.16 -26.19 -26.22 -26.34 -26.38 -26.34 -26.34 -26.34 -26.34 -26.28 -26.22 -26.19
-17.12 -17.22 -17.19 -17.19 -17.28 -17.62 -17.88 -17.78 -17.72 -17.53 -17.50 -17.44 -17.75 -18.06 -18.12 -18.19 -18.28 -18.22 -17.97 -18.06 -18.19 -18.50 -18.84 -18.84 -18.88 -19.19 -19.78 -20.16 -20.41 -20.72 -21.09 -21.50 -21.78 -22.00 -22.16 -22.31 -22.59 -22.75 -22.97 -23.06 -23.34 -23.72 -24.00 -24.28 -24.56 -24.75 -24.94 -25.00 -25.06 -25.19 -25.38 -25.62 -25.78 -25.81 -25.88 -26.09 -26.19 -26.19 -26.25 -26.28 -26.28 -26.31 -26.41 -26.50 -26.47 -26.50 -26.50 -26.47 -26.41 -26.34 -26.34
-17.34 -17.50 -17.53 -17.53 -17.78 -18.03 -18.25 -18.31 -18.31 -18.12 -17.94 -18.12 -18.25 -18.34 -18.44 -18.41 -18.25 -18.16 -18.06 -18.16 -18.09 -18.16 -18.47 -18.66 -18.81 -19.09 -19.56 -20.09 -20.53 -20.97 -21.25 -21.50 -21.91 -22.25 -22.44 -22.56 -22.81 -23.00 -23.19 -23.34 -23.69 -24.09 -24.44 -24.72 -24.97 -25.06 -25.16 -25.25 -25.41 -25.50 -25.69 -25.84 -25.94 -26.00 -26.09 -26.31 -26.41 -26.41 -26.38 -26.41 -26.41 -26.47 -26.50 -26.56 -26.62 -26.62 -26.62 -26.59 -26.53 -26.50 -26.50
-17.81 -17.94 -17.91 -17.88 -18.06 -18.25 -18.38 -18.50 -18.56 -18.44 -18.28 -18.44 -18.62 -18.75 -18.91 -18.84 -18.47 -18.28 -18.25 -18.38 -18.31 -18.38 -18.62 -18.81 -18.81 -18.88 -19.41 -19.84 -20.44 -20.81 -20.94 -21.28 -21.78 -22.25 -22.66 -22.94 -23.22 -23.31 -23.44 -23.66 -23.97 -24.41 -24.69 -24.88 -25.09 -25.28 -25.44 -25.50 -25.59 -25.69 -25.78 -25.97 -26.16 -26.25 -26.38 -26.53 -26.59 -26.59 -26.56 -26.56 -26.53 -26.59 -26.62 -26.69 -26.75 -26.75 -26.72 -26.69 -26.53 -26.47 -26.53
-18.50 -18.34 -18.25 -18.50 -18.59 -18.59 -18.66 -18.91 -18.84 -18.56 -18.56 -18.59 -18.72 -18.88 -19.06 -19.09 -18.97 -18.81 -18.75 -18.69 -18.62 -18.50 -18.69 -18.75 -18.91 -19.00 -19.41 -19.84 -20.47 -20.94 -21.19 -21.59 -22.06 -22.56 -22.97 -23.22 -23.44 -23.59 -23.75 -24.06 -24.38 -24.62 -24.84 -25.09 -25.25 -25.38 -25.56 -25.72 -25.84 -25.97 -26.03 -26.16 -26.41 -26.50 -26.59 -26.69 -26.72 -26.72 -26.69 -26.69 -26.69 -26.75 -26.75 -26.72 -26.84 -26.88 -26.81 -26.75 -26.62 -26.62 -26.66
-18.59 -18.59 -18.75 -18.84 -18.88 -18.88 -18.88 -19.00 -19.19 -19.09 -18.94 -18.97 -18.88 -19.03 -19.22 -19.31 -19.25 -19.22 -19.09 -19.03 -19.09 -18.97 -18.81 -18.88 -19.09 -19.34 -19.59 -19.66 -20.19 -20.91 -21.38 -21.81 -22.12 -22.44 -22.94 -23.34 -23.62 -23.78 -24.03 -24.41 -24.75 -24.88 -25.06 -25.25 -25.38 -25.47 -25.72 -25.94 -26.03 -26.19 -26.34 -26.44 -26.56 -26.62 -26.69 -26.84 -26.88 -26.84 -26.81 -26.84 -26.78 -26.75 -26.78 -26.72 -26.81 -26.94 -26.94 -26.91 -26.88 -26.84 -26.84
-19.12 -19.09 -19.09 -19.06 -19.12 -19.16 -19.12 -19.12 -19.28 -19.28 -19.25 -19.28 -19.22 -19.28 -19.31 -19.47 -19.53 -19.44 -19.19 -19.03 -19.31 -19.50 -19.41 -19.59 -19.72 -19.97 -19.94 -19.94 -20.16 -20.53 -21.12 -21.78 -22.25 -22.56 -22.94 -23.38 -23.78 -24.06 -24.28 -24.56 -24.88 -25.06 -25.22 -25.28 -25.44 -25.62 -25.88 -26.09 -26.28 -26.41 -26.59 -26.66 -26.78 -26.81 -26.84 -26.97 -27.03 -27.00 -26.97 -27.00 -26.94 -26.88 -26.81 -26.75 -26.88 -26.97 -27.06 -27.03 -27.03 -27.06 -26.97
-19.50 -19.50 -19.47 -19.34 -19.28 -19.25 -19.16 -19.03 -19.22 -19.38 -19.41 -19.50 -19.81 -19.81 -19.84 -19.91 -19.94 -19.84 -19.59 -19.44 -19.47 -19.53 -19.59 -19.81 -20.06 -20.50 -20.56 -20.22 -20.16 -20.66 -21.28 -21.91 -22.28 -22.59 -23.03 -23.53 -23.91 -24.12 -24.34 -24.62 -24.84 -24.97 -25.12 -25.22 -25.44 -25.81 -26.19 -26.38 -26.53 -26.69 -26.84 -26.97 -26.97 -26.94 -26.91 -27.03 -27.16 -27.12 -27.12 -27.16 -27.16 -27.06 -26.97 -26.97 -27.00 -27.03 -27.09 -27.16 -27.19 -27.16 -27.06
-19.84 -19.69 -19.59 -19.56 -19.44 -19.28 -19.31 -19.44 -19.56 -19.59 -19.84 -20.06 -20.19 -20.25 -20.16 -20.09 -20.03 -19.91 -19.59 -19.62 -19.50 -19.66 -19.97 -20.09 -20.56 -20.88 -20.88 -20.44 -20.38 -20.69 -21.41 -21.97 -22.34 -22.78 -23.25 -23.50 -23.75 -24.12 -24.41 -24.59 -24.84 -25.00 -25.19 -25.41 -25.59 -25.97 -26.38 -26.62 -26.84 -27.06 -27.19 -27.25 -27.22 -27.12 -27.12 -27.28 -27.31 -27.25 -27.25 -27.28 -27.31 -27.25 -27.19 -27.19 -27.22 -27.22 -27.19 -27.25 -27.28 -27.28 -27.25
-20.25 -20.31 -20.19 -19.88 -19.59 -19.31 -19.44 -19.75 -19.78 -19.81 -20.03 -20.22 -20.34 -20.41 -20.34 -20.09 -19.94 -19.75 -19.72 -19.78 -19.84 -20.00 -20.31 -20.56 -21.16 -21.47 -21.34 -21.06 -20.75 -20.84 -21.38 -21.88 -22.41 -22.91 -23.28 -23.59 -23.78 -24.12 -24.44 -24.66 -24.84 -25.06 -25.31 -25.50 -25.66 -26.06 -26.56 -26.91 -27.09 -27.28 -27.41 -27.44 -27.44 -27.41 -27.47 -27.59 -27.59 -27.53 -27.47 -27.50 -27.47 -27.41 -27.41 -27.47 -27.44 -27.38 -27.28 -27.38 -27.38 -27.34 -27.41
-20.75 -20.81 -20.59 -20.12 -20.03 -19.84 -19.72 -20.00 -20.09 -20.06 -20.31 -20.44 -20.47 -20.53 -20.50 -20.44 -20.41 -20.31 -20.31 -20.44 -20.38 -20.34 -20.62 -20.94 -21.44 -21.69 -21.75 -21.59 -21.25 -21.38 -21.72 -21.91 -22.25 -22.81 -23.25 -23.56 -23.94 -24.19 -24.53 -24.88 -25.03 -25.34 -25.47 -25.66 -25.97 -26.31 -26.72 -27.03 -27.22 -27.44 -27.66 -27.75 -27.72 -27.72 -27.72 -27.78 -27.78 -27.69 -27.66 -27.62 -27.62 -27.59 -27.59 -27.66 -27.66 -27.53 -27.41 -27.44 -27.47 -27.47 -27.53
-21.06 -20.94 -20.84 -20.47 -20.47 -20.31 -20.22 -20.41 -20.50 -20.44 -20.50 -20.56 -20.56 -20.50 -20.50 -20.66 -20.62 -20.69 -20.78 -20.88 -20.91 -21.12 -21.31 -21.59 -21.94 -22.19 -22.12 -21.91 -21.75 -21.91 -22.06 -22.12 -22.31 -22.72 -23.22 -23.72 -24.06 -24.41 -24.69 -25.12 -25.50 -25.81 -25.91 -26.09 -26.31 -26.66 -26.91 -27.16 -27.44 -27.62 -27.75 -27.88 -27.97 -28.03 -28.00 -27.97 -27.97 -27.97 -27.88 -27.78 -27.84 -27.78 -27.72 -27.72 -27.72 -27.66 -27.56 -27.53 -27.59 -27.66 -27.69
-21.31 -21.25 -21.12 -21.00 -20.72 -20.72 -20.69 -20.75 -20.75 -20.72 -20.72 -20.78 -20.69 -20.59 -20.66 -20.88 -20.94 -21.16 -21.31 -21.19 -21.44 -21.69 -21.84 -22.09 -22.34 -22.44 -22.38 -22.34 -22.28 -22.25 -22.22 -22.47 -22.53 -22.66 -23.03 -23.75 -24.28 -24.59 -25.03 -25.50 -25.91 -26.09 -26.22 -26.38 -26.59 -26.91 -27.12 -27.31 -27.47 -27.72 -27.91 -28.09 -28.22 -28.25 -28.22 -28.19 -28.28 -28.31 -28.25 -28.19 -28.12 -28.03 -27.94 -27.84 -27.81 -27.81 -27.69 -27.62 -27.62 -27.69 -27.81
-21.66 -21.59 -21.53 -21.34 -21.09 -21.00 -21.12 -20.94 -20.88 -20.91 -20.69 -20.69 -20.66 -20.72 -20.84 -21.00 -21.12 -21.41 -21.50 -21.66 -21.78 -21.88 -22.12 -22.34 -22.50 -22.72 -22.72 -22.75 -22.84 -22.78 -22.56 -22.50 -22.69 -23.00 -23.34 -24.00 -24.53 -24.88 -25.28 -25.69 -26.09 -26.25 -26.50 -26.72 -26.88 -27.06 -27.28 -27.41 -27.56 -27.81 -28.03 -28.22 -28.34 -28.38 -28.41 -28.47 -28.50 -28.53 -28.53 -28.53 -28.44 -28.34 -28.19 -28.06 -28.06 -27.94 -27.84 -27.88 -27.88 -27.88 -27.94
-21.88 -21.75 -21.62 -21.47 -21.41 -21.34 -21.25 -21.03 -20.78 -20.62 -20.66 -20.88 -20.94 -21.03 -21.25 -21.34 -21.38 -21.53 -21.75 -22.06 -22.19 -22.19 -22.47 -22.69 -22.88 -23.09 -23.16 -23.19 -23.28 -23.25 -23.16 -23.12 -23.25 -23.47 -23.72 -24.19 -24.69 -25.16 -25.47 -25.84 -26.22 -26.50 -26.78 -26.94 -27.06 -27.22 -27.44 -27.59 -27.69 -27.84 -28.06 -28.22 -28.41 -28.56 -28.66 -28.66 -28.69 -28.75 -28.78 -28.78 -28.69 -28.56 -28.44 -28.28 -28.25 -28.16 -28.16 -28.16 -28.16 -28.09 -28.09
-22.06 -21.94 -21.81 -21.69 -21.66 -21.69 -21.44 -21.28 -21.09 -20.84 -20.94 -21.09 -21.25 -21.47 -21.56 -21.53 -21.56 -21.84 -22.19 -22.50 -22.56 -22.66 -22.88 -23.16 -23.31 -23.47 -23.59 -23.47 -23.50 -23.66 -23.66 -23.72 -23.75 -23.88 -24.00 -24.38 -24.88 -25.41 -25.78 -26.12 -26.41 -26.69 -27.00 -27.19 -27.31 -27.47 -27.72 -27.84 -27.91 -27.97 -28.16 -28.38 -28.62 -28.72 -28.78 -28.88 -29.00 -29.03 -29.06 -29.06 -29.00 -28.88 -28.81 -28.66 -28.53 -28.44 -28.44 -28.44 -28.38 -28.34 -28.31
-22.09 -22.00 -22.00 -21.91 -21.81 -21.81 -21.59 -21.38 -21.41 -21.28 -21.41 -21.62 -21.69 -21.78 -21.81 -21.81 -21.97 -22.38 -22.81 -22.94 -23.03 -23.19 -23.31 -23.47 -23.62 -23.75 -23.84 -23.81 -23.84 -24.00 -24.03 -24.00 -24.00 -24.00 -24.28 -24.50 -24.91 -25.38 -25.91 -26.38 -26.66 -26.88 -27.22 -27.44 -27.56 -27.59 -27.84 -28.03 -28.09 -28.28 -28.44 -28.66 -28.81 -28.91 -28.97 -29.12 -29.25 -29.31 -29.31 -29.31 -29.25 -29.16 -29.06 -28.91 -28.75 -28.75 -28.69 -28.66 -28.62 -28.62 -28.59
-22.19 -22.25 -22.16 -22.16 -22.12 -22.00 -21.72 -21.59 -21.66 -21.69 -21.81 -21.97 -22.03 -22.03 -22.06 -22.16 -22.72 -23.09 -23.38 -23.50 -23.56 -23.66 -23.75 -23.75 -23.81 -24.03 -24.09 -24.06 -24.19 -24.22 -24.19 -24.06 -24.03 -24.19 -24.41 -24.62 -25.00 -25.44 -25.91 -26.53 -26.91 -27.09 -27.28 -27.59 -27.78 -27.88 -28.12 -28.31 -28.44 -28.59 -28.75 -28.91 -29.09 -29.19 -29.19 -29.31 -29.47 -29.53 -29.53 -29.50 -29.47 -29.38 -29.22 -29.09 -29.03 -29.00 -29.00 -29.03 -29.00 -29.00 -29.00
-22.47 -22.47 -22.44 -22.56 -22.56 -22.47 -22.22 -22.22 -22.19 -22.00 -22.00 -22.09 -22.19 -22.34 -22.56 -22.88 -23.28 -23.62 -23.81 -24.03 -24.09 -24.03 -24.00 -24.00 -24.16 -24.22 -24.19 -24.28 -24.47 -24.53 -24.56 -24.50 -24.53 -24.62 -24.88 -25.06 -25.19 -25.53 -25.97 -26.53 -26.94 -27.22 -27.47 -27.75 -27.97 -28.22 -28.41 -28.59 -28.69 -28.78 -28.94 -29.09 -29.25 -29.38 -29.47 -29.53 -29.69 -29.81 -29.81 -29.72 -29.69 -29.59 -29.50 -29.41 -29.41 -29.41 -29.44 -29.41 -29.41 -29.41 -29.34
-22.84 -22.75 -22.75 -22.78 -22.94 -22.97 -22.78 -22.84 -22.84 -22.69 -22.66 -22.72 -22.78 -22.91 -23.22 -23.50 -23.84 -24.09 -24.12 -24.19 -24.38 -24.41 -24.31 -24.28 -24.34 -24.44 -24.50 -24.59 -24.75 -24.81 -24.69 -24.62 -24.72 -24.97 -25.09 -25.25 -25.44 -25.62 -26.03 -26.56 -27.03 -27.47 -27.75 -28.00 -28.31 -28.50 -28.66 -28.75 -28.84 -28.94 -29.09 -29.28 -29.44 -29.59 -29.69 -29.78 -29.91 -30.03 -30.03 -30.03 -29.97 -29.91 -29.78 -29.72 -29.69 -29.72 -29.75 -29.72 -29.72 -29.72 -29.62
-23.09 -23.00 -23.03 -22.94 -23.06 -23.09 -23.00 -23.16 -23.25 -23.19 -23.31 -23.28 -23.38 -23.53 -23.72 -23.94 -24.16 -24.22 -24.22 -24.38 -24.53 -24.56 -24.38 -24.41 -24.62 -24.84 -24.88 -24.78 -24.88 -24.94 -24.97 -24.97 -25.00 -25.09 -25.16 -25.28 -25.44 -25.78 -26.09 -26.50 -27.03 -27.53 -27.88 -28.19 -28.50 -28.75 -28.97 -29.06 -29.16 -29.25 -29.34 -29.47 -29.59 -29.75 -29.88 -30.00 -30.12 -30.22 -30.28 -30.31 -30.28 -30.19 -30.09 -30.03 -30.03 -30.03 -30.06 -30.06 -30.00 -30.00 -29.94
-23.38 -23.28 -23.25 -23.31 -23.50 -23.44 -23.44 -23.53 -23.50 -23.50 -23.53 -23.66 -23.88 -24.03 -24.22 -24.31 -24.38 -24.44 -24.50 -24.56 -24.69 -24.75 -24.81 -24.97 -25.09 -25.22 -25.22 -25.12 -25.16 -25.28 -25.28 -25.34 -25.44 -25.44 -25.47 -25.59 -25.81 -26.06 -26.28 -26.56 -27.03 -27.47 -27.84 -28.19 -28.56 -28.91 -29.19 -29.38 -29.44 -29.47 -29.56 -29.72 -29.81 -29.94 -30.06 -30.12 -30.25 -30.41 -30.50 -30.53 -30.50 -30.44 -30.34 -30.34 -30.34 -30.34 -30.31 -30.31 -30.31 -30.22 -30.22
-23.53 -23.69 -23.72 -23.69 -23.75 -23.78 -23.91 -23.91 -23.72 -23.59 -23.75 -23.94 -24.16 -24.38 -24.59 -24.66 -24.62 -24.56 -24.56 -24.59 -24.84 -25.12 -25.31 -25.41 -25.47 -25.47 -25.44 -25.38 -25.44 -25.53 -25.62 -25.72 -25.75 -25.75 -25.81 -25.91 -26.06 -26.28 -26.50 -26.78 -27.03 -27.28 -27.69 -28.06 -28.50 -28.97 -29.34 -29.59 -29.66 -29.72 -29.84 -29.94 -30.06 -30.16 -30.25 -30.34 -30.44 -30.56 -30.69 -30.72 -30.72 -30.66 -30.66 -30.66 -30.62 -30.59 -30.62 -30.62 -30.62 -30.59 -30.53
