everonasctiles/Tile29,1.asc
ncols 128
nrows 128
xllcorner 0
yllcorner 0
cellsize 2.0
NODATA_value  -9999
[rows 96 to 127 of 128, columns 0 to 70 of 128]
-74.31 -74.41 -74.50 -74.56 -74.66 -74.72 -74.81 -74.88 -74.94 -75.00 -75.03 -75.03 -75.06 -75.09 -75.12 -75.16 -75.19 -75.19 -75.19 -75.19 -75.19 -75.19 -75.16 -75.16 -75.16 -75.16 -75.19 -75.22 -75.22 -75.16 -75.09 -75.03 -74.97 -74.91 -74.88 -74.84 -74.81 -74.81 -74.84 -74.88 -74.88 -74.88 -74.88 -74.84 -74.78 -74.72 -74.66 -74.62 -74.59 -74.56 -74.56 -74.53 -74.53 -74.56 -74.59 -74.66 -74.75 -74.81 -74.84 -74.88 -74.84 -74.81 -74.75 -74.69 -74.59 -74.53 -74.47 -74.44 -74.41 -74.41 -74.44
-74.69 -74.78 -74.84 -74.94 -75.00 -75.09 -75.16 -75.25 -75.31 -75.34 -75.38 -75.41 -75.44 -75.44 -75.50 -75.53 -75.53 -75.56 -75.53 -75.53 -75.56 -75.56 -75.56 -75.56 -75.56 -75.56 -75.59 -75.59 -75.59 -75.56 -75.50 -75.44 -75.38 -75.34 -75.28 -75.25 -75.22 -75.22 -75.22 -75.25 -75.25 -75.25 -75.22 -75.19 -75.12 -75.06 -75.00 -74.94 -74.91 -74.88 -74.84 -74.81 -74.81 -74.81 -74.84 -74.91 -74.97 -75.03 -75.06 -75.09 -75.06 -75.03 -74.97 -74.88 -74.81 -74.75 -74.69 -74.66 -74.62 -74.62 -74.62
-75.06 -75.16 -75.22 -75.28 -75.38 -75.44 -75.53 -75.59 -75.66 -75.72 -75.75 -75.75 -75.78 -75.81 -75.84 -75.88 -75.91 -75.91 -75.91 -75.91 -75.94 -75.94 -75.97 -75.97 -75.97 -75.97 -76.00 -76.00 -76.00 -75.97 -75.91 -75.88 -75.81 -75.75 -75.72 -75.66 -75.59 -75.59 -75.59 -75.62 -75.62 -75.62 -75.59 -75.53 -75.44 -75.38 -75.31 -75.25 -75.19 -75.16 -75.12 -75.09 -75.06 -75.06 -75.09 -75.12 -75.19 -75.25 -75.28 -75.31 -75.28 -75.25 -75.16 -75.09 -75.03 -74.94 -74.88 -74.84 -74.84 -74.84 -74.84
-75.44 -75.50 -75.59 -75.66 -75.72 -75.78 -75.84 -75.94 -76.00 -76.06 -76.09 -76.12 -76.12 -76.16 -76.22 -76.25 -76.28 -76.28 -76.28 -76.31 -76.31 -76.34 -76.34 -76.38 -76.38 -76.38 -76.41 -76.41 -76.41 -76.38 -76.34 -76.31 -76.25 -76.19 -76.12 -76.03 -76.00 -75.97 -75.97 -76.00 -76.00 -75.97 -75.94 -75.88 -75.78 -75.69 -75.62 -75.56 -75.50 -75.44 -75.41 -75.34 -75.34 -75.34 -75.34 -75.38 -75.44 -75.47 -75.53 -75.53 -75.50 -75.47 -75.38 -75.31 -75.25 -75.16 -75.09 -75.06 -75.06 -75.06 -75.06
-75.81 -75.88 -75.94 -76.00 -76.06 -76.12 -76.19 -76.25 -76.34 -76.38 -76.44 -76.47 -76.50 -76.53 -76.56 -76.62 -76.66 -76.69 -76.69 -76.69 -76.72 -76.75 -76.75 -76.75 -76.78 -76.78 -76.81 -76.81 -76.81 -76.81 -76.78 -76.72 -76.69 -76.62 -76.53 -76.44 -76.38 -76.34 -76.34 -76.38 -76.38 -76.34 -76.28 -76.19 -76.09 -76.00 -75.94 -75.84 -75.78 -75.72 -75.69 -75.62 -75.59 -75.59 -75.62 -75.66 -75.69 -75.72 -75.75 -75.75 -75.72 -75.69 -75.62 -75.53 -75.47 -75.38 -75.34 -75.28 -75.25 -75.28 -75.28
-76.19 -76.25 -76.28 -76.34 -76.41 -76.44 -76.53 -76.59 -76.66 -76.72 -76.78 -76.81 -76.84 -76.88 -76.94 -76.97 -77.03 -77.06 -77.09 -77.09 -77.12 -77.16 -77.16 -77.16 -77.16 -77.19 -77.22 -77.25 -77.22 -77.22 -77.19 -77.16 -77.12 -77.03 -76.94 -76.84 -76.78 -76.75 -76.75 -76.72 -76.72 -76.69 -76.62 -76.53 -76.44 -76.34 -76.22 -76.16 -76.09 -76.03 -75.97 -75.94 -75.91 -75.88 -75.91 -75.91 -75.94 -75.97 -76.00 -76.00 -75.97 -75.91 -75.84 -75.78 -75.69 -75.62 -75.56 -75.50 -75.47 -75.47 -75.50
-76.56 -76.59 -76.66 -76.69 -76.72 -76.78 -76.84 -76.91 -77.00 -77.06 -77.12 -77.19 -77.22 -77.25 -77.28 -77.34 -77.41 -77.47 -77.50 -77.53 -77.53 -77.53 -77.56 -77.56 -77.56 -77.59 -77.62 -77.66 -77.66 -77.62 -77.62 -77.59 -77.53 -77.44 -77.34 -77.25 -77.19 -77.16 -77.12 -77.09 -77.09 -77.03 -76.97 -76.84 -76.75 -76.62 -76.53 -76.44 -76.38 -76.31 -76.28 -76.22 -76.19 -76.16 -76.16 -76.19 -76.22 -76.22 -76.25 -76.22 -76.19 -76.16 -76.06 -76.00 -75.91 -75.84 -75.78 -75.72 -75.69 -75.69 -75.72
-76.91 -76.94 -77.00 -77.03 -77.06 -77.12 -77.19 -77.25 -77.31 -77.41 -77.47 -77.53 -77.56 -77.59 -77.66 -77.72 -77.78 -77.84 -77.91 -77.94 -77.94 -77.94 -77.94 -77.97 -77.97 -78.00 -78.03 -78.06 -78.06 -78.06 -78.03 -78.00 -77.94 -77.84 -77.75 -77.66 -77.59 -77.56 -77.50 -77.47 -77.44 -77.38 -77.28 -77.19 -77.06 -76.94 -76.84 -76.75 -76.69 -76.66 -76.59 -76.53 -76.47 -76.44 -76.44 -76.47 -76.47 -76.47 -76.47 -76.47 -76.44 -76.38 -76.31 -76.22 -76.12 -76.06 -76.00 -75.94 -75.91 -75.91 -75.94
-77.25 -77.28 -77.31 -77.34 -77.41 -77.44 -77.50 -77.59 -77.66 -77.75 -77.81 -77.88 -77.91 -77.97 -78.03 -78.09 -78.16 -78.25 -78.28 -78.31 -78.34 -78.34 -78.34 -78.38 -78.38 -78.41 -78.44 -78.47 -78.47 -78.47 -78.44 -78.38 -78.31 -78.22 -78.12 -78.03 -77.97 -77.94 -77.91 -77.84 -77.78 -77.72 -77.62 -77.50 -77.38 -77.25 -77.16 -77.06 -77.03 -76.97 -76.91 -76.84 -76.78 -76.75 -76.72 -76.72 -76.72 -76.72 -76.72 -76.69 -76.66 -76.59 -76.53 -76.44 -76.38 -76.28 -76.22 -76.16 -76.12 -76.12 -76.16
-77.59 -77.62 -77.66 -77.69 -77.72 -77.78 -77.84 -77.91 -78.00 -78.06 -78.16 -78.22 -78.28 -78.31 -78.38 -78.47 -78.53 -78.62 -78.69 -78.72 -78.72 -78.75 -78.75 -78.75 -78.78 -78.81 -78.84 -78.88 -78.88 -78.88 -78.81 -78.78 -78.69 -78.59 -78.50 -78.44 -78.38 -78.31 -78.28 -78.22 -78.12 -78.03 -77.94 -77.81 -77.69 -77.56 -77.47 -77.41 -77.38 -77.34 -77.25 -77.19 -77.09 -77.03 -77.00 -77.00 -77.00 -76.97 -76.94 -76.94 -76.91 -76.84 -76.75 -76.69 -76.59 -76.50 -76.44 -76.38 -76.34 -76.38 -76.38
-77.94 -77.97 -78.00 -78.03 -78.06 -78.12 -78.19 -78.28 -78.34 -78.41 -78.50 -78.56 -78.59 -78.66 -78.75 -78.81 -78.91 -79.00 -79.06 -79.09 -79.12 -79.12 -79.16 -79.16 -79.19 -79.22 -79.25 -79.25 -79.28 -79.25 -79.19 -79.12 -79.06 -78.97 -78.88 -78.78 -78.75 -78.69 -78.66 -78.56 -78.47 -78.38 -78.28 -78.16 -78.03 -77.91 -77.81 -77.75 -77.72 -77.69 -77.62 -77.53 -77.41 -77.34 -77.31 -77.28 -77.25 -77.22 -77.19 -77.16 -77.12 -77.06 -77.00 -76.94 -76.84 -76.75 -76.66 -76.62 -76.59 -76.59 -76.62
-78.25 -78.31 -78.34 -78.38 -78.41 -78.47 -78.53 -78.62 -78.69 -78.78 -78.81 -78.88 -78.94 -79.03 -79.09 -79.19 -79.28 -79.38 -79.44 -79.47 -79.50 -79.50 -79.53 -79.56 -79.56 -79.59 -79.62 -79.62 -79.62 -79.59 -79.56 -79.50 -79.41 -79.34 -79.25 -79.16 -79.09 -79.06 -79.00 -78.91 -78.81 -78.72 -78.59 -78.47 -78.38 -78.25 -78.16 -78.12 -78.09 -78.06 -77.97 -77.88 -77.75 -77.69 -77.62 -77.56 -77.53 -77.47 -77.44 -77.41 -77.38 -77.31 -77.25 -77.19 -77.09 -77.00 -76.91 -76.84 -76.84 -76.84 -76.84
-78.59 -78.66 -78.69 -78.72 -78.78 -78.84 -78.91 -79.00 -79.06 -79.12 -79.19 -79.22 -79.28 -79.38 -79.47 -79.56 -79.66 -79.75 -79.81 -79.84 -79.88 -79.88 -79.91 -79.94 -79.94 -79.97 -79.97 -80.00 -80.00 -79.97 -79.91 -79.84 -79.75 -79.69 -79.59 -79.53 -79.47 -79.41 -79.34 -79.25 -79.16 -79.03 -78.94 -78.81 -78.69 -78.59 -78.53 -78.50 -78.47 -78.44 -78.34 -78.22 -78.09 -78.00 -77.94 -77.88 -77.78 -77.72 -77.69 -77.66 -77.62 -77.56 -77.50 -77.44 -77.34 -77.25 -77.19 -77.12 -77.09 -77.09 -77.09
-78.94 -79.00 -79.06 -79.09 -79.12 -79.19 -79.28 -79.38 -79.44 -79.50 -79.53 -79.56 -79.62 -79.72 -79.81 -79.94 -80.03 -80.09 -80.16 -80.19 -80.22 -80.25 -80.28 -80.31 -80.31 -80.31 -80.34 -80.34 -80.31 -80.28 -80.25 -80.16 -80.09 -80.03 -79.94 -79.88 -79.81 -79.75 -79.69 -79.56 -79.47 -79.34 -79.25 -79.16 -79.06 -78.97 -78.91 -78.88 -78.84 -78.78 -78.69 -78.56 -78.44 -78.31 -78.25 -78.16 -78.06 -78.00 -77.94 -77.91 -77.88 -77.81 -77.75 -77.69 -77.59 -77.53 -77.44 -77.38 -77.34 -77.34 -77.34
-79.25 -79.34 -79.41 -79.47 -79.50 -79.56 -79.66 -79.72 -79.81 -79.88 -79.91 -79.94 -79.97 -80.06 -80.19 -80.28 -80.38 -80.47 -80.53 -80.56 -80.56 -80.59 -80.62 -80.66 -80.69 -80.69 -80.69 -80.66 -80.66 -80.62 -80.56 -80.50 -80.44 -80.34 -80.28 -80.22 -80.16 -80.06 -80.00 -79.88 -79.78 -79.66 -79.56 -79.47 -79.41 -79.31 -79.28 -79.25 -79.22 -79.16 -79.03 -78.91 -78.75 -78.62 -78.53 -78.44 -78.38 -78.28 -78.22 -78.19 -78.12 -78.06 -78.00 -77.94 -77.88 -77.78 -77.69 -77.62 -77.59 -77.59 -77.59
-79.56 -79.69 -79.75 -79.81 -79.88 -79.94 -80.00 -80.09 -80.19 -80.22 -80.25 -80.28 -80.34 -80.44 -80.53 -80.66 -80.75 -80.81 -80.88 -80.91 -80.91 -80.94 -80.97 -81.00 -81.03 -81.03 -81.00 -81.00 -80.97 -80.94 -80.88 -80.81 -80.75 -80.69 -80.59 -80.53 -80.47 -80.41 -80.31 -80.19 -80.09 -79.97 -79.88 -79.81 -79.75 -79.69 -79.66 -79.62 -79.56 -79.47 -79.38 -79.22 -79.06 -78.94 -78.84 -78.75 -78.66 -78.59 -78.53 -78.47 -78.41 -78.34 -78.28 -78.22 -78.12 -78.03 -77.94 -77.88 -77.84 -77.81 -77.84
-79.88 -80.00 -80.09 -80.16 -80.22 -80.28 -80.38 -80.44 -80.53 -80.59 -80.62 -80.66 -80.72 -80.78 -80.91 -81.00 -81.09 -81.16 -81.19 -81.22 -81.25 -81.25 -81.28 -81.34 -81.34 -81.34 -81.34 -81.31 -81.28 -81.22 -81.19 -81.12 -81.06 -81.00 -80.94 -80.84 -80.78 -80.69 -80.59 -80.50 -80.38 -80.28 -80.22 -80.12 -80.06 -80.03 -80.00 -79.97 -79.91 -79.81 -79.69 -79.53 -79.38 -79.25 -79.16 -79.06 -78.97 -78.88 -78.81 -78.75 -78.66 -78.59 -78.53 -78.47 -78.38 -78.28 -78.19 -78.12 -78.09 -78.06 -78.06
-80.19 -80.31 -80.41 -80.50 -80.56 -80.66 -80.72 -80.81 -80.88 -80.94 -80.97 -81.03 -81.06 -81.16 -81.25 -81.34 -81.41 -81.47 -81.53 -81.53 -81.56 -81.59 -81.62 -81.66 -81.69 -81.69 -81.66 -81.62 -81.59 -81.53 -81.50 -81.44 -81.38 -81.31 -81.22 -81.16 -81.09 -81.00 -80.88 -80.78 -80.69 -80.59 -80.53 -80.47 -80.41 -80.38 -80.34 -80.31 -80.25 -80.12 -80.00 -79.84 -79.69 -79.56 -79.47 -79.34 -79.28 -79.19 -79.09 -79.03 -78.94 -78.88 -78.78 -78.72 -78.62 -78.53 -78.44 -78.38 -78.34 -78.31 -78.31
-80.47 -80.59 -80.72 -80.84 -80.91 -81.00 -81.06 -81.16 -81.25 -81.28 -81.34 -81.38 -81.44 -81.50 -81.59 -81.69 -81.75 -81.81 -81.84 -81.88 -81.88 -81.91 -81.94 -81.97 -82.00 -82.00 -81.97 -81.94 -81.88 -81.84 -81.78 -81.75 -81.69 -81.59 -81.53 -81.44 -81.38 -81.28 -81.19 -81.09 -81.00 -80.91 -80.84 -80.78 -80.72 -80.72 -80.69 -80.62 -80.56 -80.44 -80.31 -80.16 -80.00 -79.88 -79.75 -79.66 -79.56 -79.47 -79.41 -79.31 -79.22 -79.12 -79.03 -78.94 -78.84 -78.78 -78.69 -78.62 -78.56 -78.56 -78.53
-80.75 -80.91 -81.03 -81.16 -81.25 -81.34 -81.44 -81.50 -81.59 -81.62 -81.69 -81.72 -81.78 -81.84 -81.94 -82.00 -82.06 -82.12 -82.16 -82.19 -82.19 -82.22 -82.25 -82.28 -82.31 -82.28 -82.25 -82.22 -82.19 -82.16 -82.09 -82.03 -81.97 -81.91 -81.81 -81.72 -81.66 -81.56 -81.47 -81.38 -81.31 -81.22 -81.16 -81.09 -81.03 -81.03 -81.00 -80.94 -80.88 -80.75 -80.59 -80.47 -80.31 -80.19 -80.06 -79.94 -79.84 -79.78 -79.69 -79.56 -79.47 -79.38 -79.28 -79.19 -79.09 -79.03 -78.94 -78.88 -78.81 -78.78 -78.75
-81.03 -81.19 -81.34 -81.47 -81.56 -81.69 -81.75 -81.84 -81.91 -81.97 -82.03 -82.06 -82.12 -82.19 -82.25 -82.31 -82.38 -82.41 -82.47 -82.47 -82.50 -82.50 -82.53 -82.56 -82.59 -82.59 -82.56 -82.53 -82.47 -82.44 -82.41 -82.34 -82.28 -82.19 -82.09 -82.00 -81.91 -81.84 -81.78 -81.69 -81.62 -81.53 -81.47 -81.41 -81.34 -81.31 -81.31 -81.25 -81.16 -81.06 -80.91 -80.78 -80.62 -80.47 -80.34 -80.25 -80.12 -80.03 -79.94 -79.81 -79.72 -79.59 -79.50 -79.44 -79.34 -79.28 -79.22 -79.12 -79.06 -79.03 -78.97
-81.31 -81.44 -81.59 -81.75 -81.88 -81.97 -82.06 -82.16 -82.22 -82.28 -82.34 -82.41 -82.44 -82.50 -82.56 -82.62 -82.69 -82.72 -82.75 -82.78 -82.81 -82.81 -82.84 -82.88 -82.91 -82.88 -82.88 -82.81 -82.78 -82.75 -82.69 -82.62 -82.56 -82.47 -82.38 -82.28 -82.19 -82.12 -82.06 -82.00 -81.94 -81.84 -81.75 -81.69 -81.66 -81.62 -81.59 -81.56 -81.47 -81.34 -81.22 -81.06 -80.91 -80.78 -80.62 -80.50 -80.41 -80.31 -80.19 -80.06 -79.94 -79.84 -79.75 -79.69 -79.59 -79.53 -79.47 -79.38 -79.31 -79.25 -79.22
-81.56 -81.69 -81.84 -82.03 -82.16 -82.28 -82.38 -82.44 -82.53 -82.59 -82.66 -82.72 -82.75 -82.81 -82.84 -82.91 -82.97 -83.03 -83.06 -83.09 -83.09 -83.12 -83.16 -83.19 -83.19 -83.19 -83.16 -83.12 -83.06 -83.03 -82.97 -82.94 -82.84 -82.75 -82.66 -82.56 -82.47 -82.41 -82.34 -82.28 -82.22 -82.16 -82.06 -82.00 -81.94 -81.91 -81.88 -81.84 -81.75 -81.66 -81.50 -81.34 -81.19 -81.06 -80.91 -80.78 -80.66 -80.56 -80.44 -80.31 -80.19 -80.09 -80.00 -79.94 -79.88 -79.78 -79.72 -79.62 -79.56 -79.50 -79.44
-81.81 -81.94 -82.09 -82.25 -82.41 -82.53 -82.62 -82.72 -82.81 -82.88 -82.94 -83.00 -83.06 -83.09 -83.12 -83.19 -83.25 -83.31 -83.34 -83.38 -83.41 -83.44 -83.44 -83.47 -83.47 -83.47 -83.44 -83.41 -83.38 -83.31 -83.25 -83.19 -83.12 -83.03 -82.94 -82.84 -82.78 -82.69 -82.66 -82.59 -82.50 -82.44 -82.34 -82.28 -82.25 -82.19 -82.16 -82.12 -82.03 -81.91 -81.78 -81.62 -81.47 -81.31 -81.16 -81.03 -80.91 -80.81 -80.69 -80.56 -80.44 -80.34 -80.25 -80.19 -80.12 -80.03 -79.97 -79.91 -79.81 -79.75 -79.69
-82.06 -82.19 -82.34 -82.50 -82.66 -82.78 -82.88 -82.97 -83.06 -83.16 -83.22 -83.28 -83.31 -83.38 -83.41 -83.47 -83.53 -83.59 -83.66 -83.69 -83.69 -83.72 -83.75 -83.75 -83.75 -83.75 -83.72 -83.69 -83.62 -83.59 -83.53 -83.47 -83.41 -83.31 -83.22 -83.12 -83.06 -83.00 -82.94 -82.88 -82.78 -82.72 -82.66 -82.56 -82.53 -82.50 -82.44 -82.38 -82.28 -82.19 -82.03 -81.88 -81.72 -81.53 -81.38 -81.25 -81.16 -81.06 -80.94 -80.81 -80.69 -80.59 -80.50 -80.44 -80.38 -80.28 -80.22 -80.16 -80.09 -80.03 -79.94
-82.31 -82.44 -82.56 -82.72 -82.88 -83.00 -83.12 -83.22 -83.31 -83.41 -83.47 -83.53 -83.59 -83.62 -83.69 -83.72 -83.78 -83.84 -83.91 -83.97 -84.00 -84.03 -84.03 -84.03 -84.03 -84.03 -84.00 -83.97 -83.91 -83.84 -83.81 -83.75 -83.66 -83.59 -83.50 -83.41 -83.34 -83.25 -83.19 -83.12 -83.06 -83.00 -82.91 -82.84 -82.81 -82.75 -82.72 -82.66 -82.53 -82.41 -82.28 -82.09 -81.94 -81.78 -81.62 -81.50 -81.41 -81.31 -81.19 -81.06 -80.94 -80.84 -80.75 -80.69 -80.62 -80.56 -80.47 -80.41 -80.34 -80.28 -80.22
-82.53 -82.69 -82.81 -82.94 -83.09 -83.22 -83.34 -83.44 -83.53 -83.62 -83.72 -83.78 -83.84 -83.88 -83.94 -84.00 -84.06 -84.12 -84.16 -84.22 -84.25 -84.28 -84.31 -84.31 -84.31 -84.28 -84.25 -84.22 -84.16 -84.12 -84.06 -84.00 -83.94 -83.88 -83.78 -83.69 -83.62 -83.53 -83.47 -83.41 -83.31 -83.25 -83.19 -83.12 -83.09 -83.03 -82.97 -82.91 -82.78 -82.66 -82.50 -82.31 -82.16 -82.00 -81.88 -81.75 -81.69 -81.56 -81.47 -81.34 -81.19 -81.09 -81.03 -80.97 -80.88 -80.81 -80.75 -80.66 -80.59 -80.53 -80.47
-82.78 -82.91 -83.03 -83.19 -83.31 -83.44 -83.56 -83.66 -83.75 -83.84 -83.91 -84.00 -84.06 -84.12 -84.19 -84.22 -84.28 -84.34 -84.41 -84.47 -84.53 -84.56 -84.59 -84.59 -84.59 -84.56 -84.53 -84.47 -84.44 -84.38 -84.34 -84.28 -84.22 -84.12 -84.06 -83.97 -83.88 -83.81 -83.72 -83.66 -83.59 -83.50 -83.44 -83.41 -83.34 -83.31 -83.25 -83.16 -83.03 -82.88 -82.72 -82.53 -82.38 -82.22 -82.09 -82.03 -81.94 -81.84 -81.72 -81.59 -81.47 -81.38 -81.28 -81.22 -81.16 -81.09 -81.00 -80.94 -80.88 -80.81 -80.72
-83.00 -83.12 -83.28 -83.41 -83.53 -83.66 -83.78 -83.88 -83.94 -84.03 -84.12 -84.22 -84.28 -84.34 -84.41 -84.47 -84.53 -84.59 -84.66 -84.72 -84.78 -84.81 -84.84 -84.84 -84.84 -84.81 -84.78 -84.72 -84.69 -84.66 -84.62 -84.56 -84.50 -84.41 -84.31 -84.22 -84.16 -84.06 -83.97 -83.91 -83.84 -83.75 -83.72 -83.66 -83.62 -83.56 -83.50 -83.41 -83.28 -83.12 -82.94 -82.78 -82.62 -82.47 -82.38 -82.28 -82.19 -82.09 -82.00 -81.84 -81.75 -81.66 -81.56 -81.50 -81.44 -81.34 -81.28 -81.19 -81.12 -81.06 -80.97
-83.22 -83.34 -83.47 -83.62 -83.75 -83.88 -83.97 -84.06 -84.16 -84.22 -84.31 -84.41 -84.47 -84.56 -84.62 -84.69 -84.75 -84.81 -84.88 -84.94 -85.00 -85.03 -85.06 -85.09 -85.09 -85.06 -85.03 -84.97 -84.94 -84.91 -84.88 -84.81 -84.75 -84.69 -84.59 -84.50 -84.41 -84.31 -84.22 -84.16 -84.06 -84.00 -83.97 -83.94 -83.88 -83.84 -83.75 -83.66 -83.50 -83.34 -83.19 -83.03 -82.84 -82.72 -82.62 -82.53 -82.47 -82.38 -82.25 -82.12 -82.03 -81.94 -81.88 -81.81 -81.72 -81.62 -81.56 -81.47 -81.38 -81.28 -81.19
-83.38 -83.53 -83.66 -83.81 -83.94 -84.06 -84.16 -84.25 -84.31 -84.41 -84.50 -84.56 -84.66 -84.75 -84.81 -84.88 -84.94 -85.03 -85.09 -85.16 -85.22 -85.25 -85.31 -85.31 -85.31 -85.31 -85.25 -85.22 -85.19 -85.16 -85.12 -85.09 -85.00 -84.94 -84.84 -84.72 -84.62 -84.56 -84.47 -84.38 -84.31 -84.25 -84.22 -84.19 -84.16 -84.09 -84.00 -83.91 -83.75 -83.59 -83.44 -83.25 -83.09 -82.97 -82.88 -82.81 -82.72 -82.62 -82.53 -82.41 -82.31 -82.22 -82.16 -82.09 -82.00 -81.94 -81.81 -81.72 -81.62 -81.53 -81.44
-83.53 -83.69 -83.81 -83.97 -84.09 -84.22 -84.31 -84.44 -84.50 -84.59 -84.66 -84.75 -84.84 -84.91 -85.00 -85.06 -85.16 -85.22 -85.31 -85.38 -85.44 -85.47 -85.50 -85.53 -85.53 -85.53 -85.47 -85.44 -85.44 -85.41 -85.38 -85.31 -85.25 -85.16 -85.06 -84.97 -84.88 -84.78 -84.69 -84.62 -84.56 -84.53 -84.50 -84.47 -84.41 -84.34 -84.25 -84.16 -84.00 -83.84 -83.66 -83.50 -83.34 -83.22 -83.16 -83.06 -83.00 -82.91 -82.81 -82.69 -82.59 -82.53 -82.44 -82.38 -82.31 -82.22 -82.09 -82.00 -81.91 -81.78 -81.66
