everonasctiles/Tile28,9.asc
ncols 128
nrows 128
xllcorner 0
yllcorner 0
cellsize 2.0
NODATA_value  -9999
[rows 32 to 63 of 128, columns 0 to 70 of 128]
142.09 141.28 141.22 141.19 141.19 141.16 141.16 141.19 141.28 141.22 141.16 141.00 140.84 140.69 140.53 140.38 140.25 140.12 140.00 139.91 139.84 139.69 139.50 139.38 139.31 139.31 139.28 139.22 139.25 139.34 139.44 139.56 139.62 139.72 139.69 139.50 139.25 138.97 138.41 137.53 137.44 137.44 137.44 137.50 138.28 138.62 138.47 138.44 138.41 138.38 138.34 138.44 138.69 138.88 139.00 139.03 139.03 139.03 139.03 139.03 139.03 139.03 139.03 139.03 139.03 139.03 139.03 139.03 139.03 139.03 139.03
142.12 141.28 141.09 141.09 141.09 141.06 141.06 141.09 141.25 141.22 141.22 141.12 141.00 140.84 140.78 140.78 140.94 140.88 140.69 140.50 140.34 139.97 139.62 139.44 139.38 139.34 139.31 139.28 139.28 139.38 139.50 139.53 139.56 139.69 139.75 139.56 139.31 139.06 138.50 137.56 137.38 137.34 137.34 137.38 137.84 138.44 138.47 138.38 138.34 138.31 138.25 138.25 138.44 138.62 138.78 139.00 139.03 139.03 139.03 139.03 139.03 139.03 139.03 139.03 139.03 139.03 139.03 139.03 139.03 139.03 139.03
141.66 141.16 141.00 141.00 141.00 141.00 140.97 140.97 139.81 139.50 140.72 141.38 141.50 141.56 141.47 141.38 141.22 141.03 140.81 140.56 140.31 140.06 139.75 139.56 139.44 139.38 139.34 139.28 139.22 139.12 139.28 139.50 139.66 139.72 139.72 139.56 139.25 139.03 138.62 137.66 137.31 137.28 137.25 137.22 137.47 138.03 138.41 138.34 138.28 138.25 138.22 138.16 138.22 138.44 138.59 138.81 139.00 139.03 139.03 139.03 139.03 139.03 139.03 139.03 139.03 139.03 139.03 139.03 139.03 139.03 139.03
141.25 141.03 140.94 140.94 140.94 140.91 140.91 140.91 139.81 139.44 140.22 141.41 141.75 141.78 141.47 141.28 141.09 140.91 140.69 140.44 140.16 139.91 139.72 139.56 139.44 139.38 139.31 139.22 139.16 139.09 139.28 139.50 139.62 139.69 139.53 139.44 139.34 139.25 139.09 138.03 137.28 137.19 137.16 137.06 137.03 137.28 138.00 138.31 138.22 138.19 138.16 138.12 138.06 138.16 138.41 138.53 138.81 139.03 139.06 139.06 139.03 139.03 139.03 139.03 139.03 139.03 139.03 139.03 139.03 139.03 139.03
141.28 141.03 140.88 140.88 140.88 140.84 140.84 140.84 139.84 139.41 139.94 141.34 141.69 141.62 141.41 141.19 141.00 140.78 140.56 140.34 140.09 139.81 139.59 139.50 139.41 139.28 139.22 139.16 139.12 139.16 139.31 139.44 139.53 139.59 139.56 139.50 139.56 139.50 139.34 138.56 137.44 137.12 137.06 137.00 136.91 136.88 137.12 137.91 138.19 138.12 138.09 138.06 138.00 137.94 138.09 138.34 138.50 138.94 139.12 139.12 139.06 139.03 139.03 139.03 139.03 139.03 139.03 139.03 139.03 139.03 139.03
141.28 141.06 140.81 140.81 140.78 140.78 140.78 140.78 139.97 139.38 139.75 141.34 141.66 141.50 141.28 141.09 140.88 140.69 140.47 140.25 140.03 139.84 139.72 139.66 139.56 139.47 139.38 139.28 139.19 139.22 139.28 139.38 139.47 139.50 139.47 139.50 139.53 139.56 139.47 139.16 137.94 137.22 137.00 136.94 136.84 136.78 136.72 137.00 137.88 138.09 138.03 137.97 137.91 137.81 137.81 138.03 138.25 138.47 138.94 139.12 139.06 139.03 139.03 139.03 139.03 139.03 139.03 139.03 139.03 139.03 139.00
141.31 141.09 140.75 140.72 140.72 140.72 140.72 140.72 140.12 139.34 139.53 141.41 141.62 141.41 141.19 141.00 140.78 140.59 140.41 140.22 140.03 139.91 139.81 139.72 139.66 139.56 139.47 139.34 139.22 139.22 139.28 139.38 139.50 139.44 139.38 139.41 139.47 139.50 139.38 139.19 138.75 137.72 137.03 136.84 136.78 136.72 136.62 136.59 136.91 137.84 137.94 137.88 137.78 137.72 137.66 137.69 137.94 138.12 138.44 138.91 139.03 139.03 139.03 139.03 139.03 139.03 139.03 139.03 139.03 139.00 138.94
141.41 141.28 140.69 140.66 140.66 140.66 140.66 140.62 140.28 139.28 139.41 141.31 141.59 141.34 141.09 140.91 140.72 140.53 140.34 140.19 140.03 139.91 139.88 139.78 139.72 139.62 139.53 139.41 139.28 139.25 139.31 139.34 139.38 139.31 139.25 139.25 139.28 139.34 139.31 139.12 138.88 138.44 137.50 136.91 136.72 136.62 136.56 136.50 136.47 136.88 137.72 137.75 137.69 137.59 137.53 137.44 137.53 137.84 138.00 138.50 138.84 139.00 139.03 139.03 139.03 139.03 139.03 139.03 139.03 138.97 138.88
140.94 140.94 140.62 140.59 140.56 140.56 140.56 140.53 140.41 139.25 139.28 141.12 141.50 141.28 141.06 140.81 140.62 140.44 140.28 140.12 140.00 139.94 139.91 139.84 139.75 139.69 139.59 139.47 139.31 139.25 139.25 139.25 139.22 139.16 139.06 139.06 139.12 139.16 139.12 139.00 138.81 138.53 138.22 137.41 136.75 136.56 136.50 136.44 136.34 136.31 136.91 137.59 137.56 137.47 137.38 137.28 137.22 137.34 137.66 137.97 138.28 138.88 138.94 138.94 139.00 139.03 139.03 139.03 139.00 138.91 138.88
140.94 140.94 140.53 140.50 140.47 140.47 140.47 140.44 140.41 139.22 139.22 140.97 141.31 141.25 141.00 140.75 140.53 140.34 140.22 140.06 140.00 139.94 139.91 139.84 139.78 139.72 139.62 139.50 139.34 139.19 139.19 139.12 139.06 139.00 138.94 138.91 139.00 139.03 139.03 138.97 138.78 138.56 138.34 138.09 137.31 136.62 136.44 136.34 136.28 136.22 136.19 137.03 137.44 137.34 137.25 137.16 137.06 136.91 137.34 137.72 137.94 138.31 138.69 138.78 138.88 138.94 138.97 139.03 139.00 138.91 138.91
140.94 140.94 140.50 140.38 140.38 140.38 140.38 140.34 140.34 139.16 139.16 140.81 141.12 141.22 140.97 140.66 140.44 140.25 140.12 140.03 139.97 139.94 139.88 139.81 139.75 139.69 139.59 139.47 139.34 139.22 139.12 139.03 138.97 138.88 138.84 138.84 138.91 138.94 138.97 138.91 138.78 138.59 138.41 138.19 137.97 137.16 136.47 136.28 136.22 136.16 136.12 136.34 137.19 137.22 137.12 137.03 136.94 136.84 136.94 137.38 137.66 137.91 138.44 138.69 138.78 138.84 138.91 138.97 139.00 138.94 138.94
140.94 140.94 140.53 140.28 140.28 140.28 140.25 140.25 140.25 139.12 139.09 140.56 140.94 141.09 140.91 140.59 140.31 140.16 140.03 139.97 139.94 139.88 139.81 139.75 139.69 139.62 139.53 139.41 139.31 139.19 139.09 139.00 138.91 138.84 138.81 138.84 138.91 138.94 138.94 138.88 138.78 138.59 138.41 138.22 138.03 137.78 136.94 136.31 136.12 136.09 136.06 136.06 136.66 137.12 137.00 136.91 136.84 136.75 136.69 136.88 137.28 137.62 137.91 138.25 138.78 138.78 138.91 139.00 139.00 138.97 139.00
140.94 140.94 140.59 140.19 140.19 140.19 140.16 140.16 140.16 139.06 139.06 140.28 140.78 141.00 140.84 140.50 140.19 140.03 139.97 139.91 139.88 139.81 139.75 139.62 139.59 139.53 139.44 139.34 139.25 139.16 139.09 139.03 138.94 138.88 138.81 138.81 138.88 138.91 138.91 138.88 138.78 138.62 138.44 138.22 138.00 137.75 137.47 136.44 136.06 136.03 135.97 135.94 136.16 136.94 136.94 136.81 136.72 136.66 136.56 136.50 136.72 137.22 137.62 137.91 138.22 138.75 138.81 139.03 139.03 138.97 138.97
140.94 140.94 140.72 140.09 140.09 140.06 140.06 140.06 140.06 139.03 139.00 140.06 140.66 140.91 140.75 140.41 140.06 139.94 139.88 139.81 139.75 139.69 139.62 139.56 139.47 139.41 139.34 139.25 139.22 139.12 139.09 139.00 138.94 138.88 138.84 138.81 138.84 138.88 138.88 138.84 138.75 138.59 138.41 138.22 137.97 137.72 137.41 136.69 136.03 135.94 135.91 135.88 135.91 136.47 136.97 136.75 136.62 136.53 136.47 136.41 136.41 136.59 137.03 137.53 137.88 138.12 138.50 138.94 138.97 138.88 138.88
140.94 140.94 140.84 140.00 140.00 139.97 139.97 139.97 139.94 139.03 138.94 139.81 140.53 140.81 140.62 140.28 139.94 139.84 139.75 139.69 139.62 139.56 139.50 139.44 139.38 139.28 139.22 139.19 139.16 139.06 139.03 138.97 138.91 138.88 138.84 138.81 138.84 138.84 138.81 138.75 138.66 138.53 138.38 138.19 137.94 137.66 137.31 136.94 136.12 135.88 135.84 135.81 135.78 136.06 136.78 136.88 136.56 136.50 136.44 136.41 136.38 136.41 136.47 136.75 137.19 137.62 137.94 138.19 138.50 138.81 138.81
140.94 140.94 140.91 139.91 139.88 139.88 139.88 139.84 139.84 139.03 138.88 139.56 140.34 140.59 140.44 140.16 139.81 139.72 139.66 139.56 139.50 139.44 139.34 139.28 139.25 139.22 139.16 139.12 139.09 139.03 138.97 138.91 138.88 138.84 138.78 138.78 138.78 138.78 138.75 138.69 138.59 138.47 138.31 138.09 137.84 137.56 137.25 136.94 136.28 135.84 135.78 135.75 135.72 135.75 136.28 136.88 136.88 136.47 136.41 136.38 136.38 136.41 136.41 136.47 136.56 136.84 137.19 137.62 138.00 138.22 138.47
140.94 140.94 140.94 139.78 139.78 139.78 139.75 139.75 139.75 139.06 138.84 139.34 140.19 140.38 140.28 140.03 139.75 139.62 139.53 139.47 139.34 139.31 139.22 139.19 139.16 139.12 139.06 139.00 139.03 139.00 138.94 138.88 138.81 138.78 138.72 138.72 138.72 138.69 138.66 138.56 138.47 138.34 138.19 138.00 137.75 137.47 137.19 136.84 136.47 135.88 135.69 135.66 135.62 135.59 135.84 136.50 136.94 136.91 136.47 136.38 136.41 136.41 136.44 136.50 136.56 136.59 136.69 136.84 137.19 137.56 137.97
140.94 140.94 140.94 139.69 139.69 139.66 139.66 139.66 139.66 139.12 138.78 139.12 140.03 140.16 140.12 139.94 139.72 139.53 139.44 139.34 139.28 139.16 139.12 139.09 139.03 139.03 139.00 138.97 138.91 138.91 138.84 138.81 138.75 138.69 138.66 138.62 138.62 138.59 138.53 138.47 138.34 138.22 138.06 137.88 137.62 137.38 137.09 136.78 136.50 135.94 135.62 135.59 135.56 135.50 135.56 136.03 136.50 136.72 136.66 136.66 136.44 136.41 136.47 136.53 136.59 136.62 136.66 136.69 136.72 136.81 137.09
140.94 140.94 140.94 139.59 139.56 139.56 139.56 139.56 139.53 139.22 138.72 138.91 139.94 140.06 140.09 139.88 139.62 139.44 139.34 139.25 139.16 139.09 139.03 139.00 138.97 138.94 138.94 138.91 138.84 138.81 138.78 138.72 138.66 138.62 138.59 138.56 138.53 138.50 138.44 138.34 138.25 138.09 137.94 137.75 137.53 137.28 137.00 136.72 136.44 136.06 135.59 135.50 135.47 135.44 135.41 135.59 136.06 136.12 136.47 136.88 136.72 136.62 136.53 136.56 136.59 136.66 136.69 136.72 136.72 136.69 136.66
140.88 140.94 140.94 139.50 139.47 139.47 139.47 139.44 139.44 139.28 138.66 138.78 139.88 140.03 140.03 139.88 139.59 139.38 139.25 139.16 139.06 139.00 138.94 138.91 138.91 138.88 138.88 138.81 138.78 138.72 138.69 138.62 138.59 138.56 138.53 138.50 138.47 138.41 138.34 138.25 138.16 138.03 137.84 137.66 137.47 137.22 136.97 136.69 136.41 136.16 135.62 135.44 135.41 135.34 135.31 135.38 135.47 135.84 135.88 136.34 136.69 136.97 136.97 136.84 136.69 136.66 136.69 136.72 136.69 136.66 136.62
140.78 140.81 140.81 139.41 139.38 139.34 139.34 139.34 139.34 139.28 138.62 138.66 139.81 140.00 140.03 139.84 139.53 139.28 139.16 139.03 138.97 138.91 138.84 138.84 138.81 138.81 138.78 138.75 138.72 138.66 138.59 138.56 138.53 138.50 138.47 138.44 138.41 138.34 138.28 138.19 138.06 137.94 137.78 137.59 137.41 137.19 136.94 136.69 136.41 136.16 135.78 135.41 135.31 135.28 135.22 135.12 135.03 135.12 135.59 135.94 136.44 136.75 137.03 137.22 137.19 137.00 136.81 136.72 136.69 136.66 136.62
140.62 140.59 140.50 139.38 139.25 139.25 139.25 139.25 139.22 139.22 138.56 138.56 139.69 139.88 139.94 139.75 139.47 139.22 139.03 138.94 138.88 138.81 138.78 138.75 138.75 138.75 138.72 138.69 138.62 138.59 138.56 138.50 138.47 138.47 138.44 138.41 138.34 138.31 138.22 138.12 138.03 137.91 137.75 137.56 137.38 137.16 136.94 136.69 136.44 136.19 135.97 135.41 135.25 135.19 135.12 135.00 134.88 134.69 134.81 135.53 136.16 136.41 136.69 136.88 137.03 137.09 137.06 136.91 136.75 136.62 136.59
140.41 140.31 140.19 139.31 139.16 139.16 139.16 139.12 139.12 139.12 138.47 138.47 139.53 139.69 139.81 139.66 139.41 139.09 138.94 138.81 138.75 138.75 138.69 138.66 138.69 138.69 138.66 138.62 138.59 138.53 138.50 138.47 138.44 138.44 138.41 138.38 138.31 138.25 138.19 138.09 138.00 137.88 137.72 137.56 137.38 137.19 136.97 136.75 136.50 136.28 136.00 135.62 135.22 135.12 135.03 134.91 134.78 134.62 134.47 134.53 135.06 135.88 136.16 136.31 136.50 136.56 136.56 136.62 136.66 136.66 136.56
140.16 140.03 139.72 139.22 139.06 139.03 139.03 139.03 139.03 139.03 138.34 138.34 139.38 139.53 139.66 139.47 139.25 138.97 138.84 138.72 138.66 138.66 138.62 138.62 138.66 138.62 138.62 138.59 138.56 138.50 138.47 138.44 138.44 138.41 138.38 138.34 138.31 138.25 138.16 138.06 137.97 137.84 137.72 137.56 137.38 137.19 137.00 136.81 136.59 136.38 136.16 136.03 135.56 135.12 134.94 134.84 134.69 134.56 134.41 134.28 134.28 134.66 135.34 135.78 135.88 135.94 136.00 136.06 136.00 135.94 136.25
139.78 139.66 139.47 139.09 138.94 138.94 138.94 138.94 138.91 138.91 138.22 138.22 139.22 139.38 139.47 139.28 139.09 138.88 138.75 138.62 138.56 138.56 138.56 138.59 138.62 138.62 138.59 138.56 138.53 138.50 138.47 138.44 138.41 138.41 138.38 138.34 138.28 138.22 138.16 138.06 137.97 137.84 137.72 137.56 137.41 137.25 137.06 136.88 136.69 136.50 136.34 136.22 136.06 135.47 135.03 134.75 134.62 134.47 134.34 134.22 134.12 134.06 134.28 134.88 135.38 135.38 135.38 135.53 135.53 135.47 135.62
139.25 139.09 138.94 138.78 138.84 138.84 138.81 138.81 138.81 138.81 138.12 138.12 139.03 139.22 139.28 139.12 138.94 138.78 138.69 138.53 138.53 138.53 138.53 138.56 138.59 138.59 138.56 138.53 138.50 138.50 138.47 138.44 138.44 138.41 138.38 138.34 138.31 138.25 138.16 138.09 137.97 137.88 137.75 137.59 137.44 137.28 137.12 136.94 136.78 136.59 136.44 136.28 136.03 136.00 135.66 135.00 134.56 134.38 134.25 134.16 134.06 133.97 133.88 133.97 134.44 134.94 134.91 135.00 135.03 135.03 135.22
138.88 138.72 138.72 138.69 138.75 138.72 138.72 138.72 138.72 138.72 138.00 138.00 138.84 139.09 139.16 139.03 138.88 138.72 138.62 138.53 138.53 138.53 138.56 138.53 138.56 138.56 138.56 138.53 138.53 138.50 138.47 138.47 138.44 138.44 138.41 138.38 138.34 138.28 138.22 138.12 138.03 137.91 137.78 137.66 137.50 137.34 137.19 137.03 136.88 136.69 136.53 136.34 136.16 135.94 135.66 135.34 134.91 134.44 134.19 134.09 134.00 133.91 133.81 133.72 133.75 134.09 134.47 134.53 134.53 134.66 134.81
138.78 138.66 138.62 138.59 138.62 138.62 138.62 138.62 138.59 138.59 137.91 137.88 138.62 138.94 139.00 138.97 138.88 138.72 138.62 138.59 138.53 138.53 138.56 138.53 138.56 138.56 138.56 138.56 138.53 138.53 138.50 138.47 138.47 138.47 138.44 138.44 138.41 138.34 138.28 138.22 138.12 138.00 137.88 137.72 137.59 137.47 137.31 137.16 137.00 136.81 136.62 136.44 136.22 136.00 135.72 135.41 135.09 134.81 134.34 134.06 133.91 133.81 133.75 133.66 133.56 133.62 133.84 133.91 133.94 134.25 134.38
138.53 138.53 138.53 138.50 138.53 138.53 138.53 138.50 138.50 138.50 137.78 137.75 138.38 138.78 138.88 138.91 138.81 138.75 138.66 138.59 138.53 138.53 138.53 138.53 138.56 138.56 138.56 138.56 138.56 138.53 138.53 138.53 138.50 138.53 138.53 138.53 138.53 138.50 138.44 138.38 138.25 138.16 138.03 137.88 137.75 137.59 137.44 137.31 137.16 136.97 136.78 136.56 136.34 136.09 135.81 135.53 135.22 134.94 134.72 134.34 133.91 133.75 133.69 133.59 133.53 133.38 133.28 133.38 133.53 133.59 133.81
138.53 138.41 138.44 138.47 138.44 138.41 138.41 138.41 138.41 138.41 137.69 137.66 138.16 138.66 138.75 138.78 138.75 138.72 138.69 138.62 138.56 138.50 138.53 138.53 138.56 138.56 138.56 138.56 138.56 138.56 138.56 138.56 138.59 138.62 138.66 138.66 138.66 138.66 138.59 138.53 138.44 138.28 138.16 138.03 137.88 137.75 137.59 137.44 137.28 137.09 136.91 136.69 136.44 136.19 135.94 135.62 135.34 135.06 134.78 134.56 134.22 133.78 133.59 133.53 133.41 133.12 133.06 133.09 133.16 133.19 133.31
138.41 138.31 138.34 138.34 138.31 138.28 138.28 138.28 138.28 138.25 137.62 137.53 138.00 138.59 138.66 138.69 138.69 138.69 138.66 138.59 138.56 138.50 138.50 138.50 138.56 138.56 138.56 138.59 138.59 138.59 138.59 138.62 138.62 138.69 138.72 138.78 138.81 138.81 138.78 138.69 138.59 138.44 138.31 138.16 138.00 137.84 137.69 137.53 137.38 137.19 137.00 136.78 136.56 136.31 136.03 135.75 135.47 135.16 134.88 134.59 134.34 134.06 133.66 133.41 133.22 133.00 133.03 133.09 133.06 133.00 133.03
138.28 138.25 138.16 138.00 138.16 138.16 138.12 138.12 138.12 138.12 137.59 137.44 137.78 138.50 138.59 138.62 138.62 138.62 138.62 138.59 138.56 138.53 138.50 138.50 138.53 138.53 138.56 138.56 138.59 138.59 138.62 138.62 138.69 138.72 138.81 138.88 138.94 138.97 138.91 138.84 138.72 138.59 138.44 138.28 138.12 137.94 137.78 137.62 137.47 137.28 137.09 136.88 136.66 136.41 136.16 135.88 135.59 135.28 134.97 134.69 134.44 134.16 133.84 133.50 133.19 133.03 133.03 133.06 133.06 133.00 133.00
