everonasctiles/Tile[35,16].asc
ncols 128
nrows 128
xllcorner 0
yllcorner 0
cellsize 2.0
NODATA_value  -9999
[rows 0 to 31 of 128, columns 0 to 70 of 128]
194.53 193.94 193.38 192.84 192.31 191.75 191.16 190.53 189.81 189.06 188.28 187.53 186.84 186.22 185.62 185.09 184.62 184.31 183.88 183.47 183.19 182.84 182.50 182.19 181.91 181.75 181.56 181.38 181.25 181.34 181.28 181.09 180.62 179.84 178.72 177.22 175.00 173.84 173.47 173.03 172.34 171.81 171.38 170.97 170.50 170.00 169.56 169.09 168.59 168.09 167.66 167.25 166.81 166.34 165.94 165.66 165.34 165.06 164.81 164.75 164.50 164.34 164.12 163.94 163.91 163.84 163.66 163.53 163.31 163.09 162.75
194.72 194.16 193.56 193.00 192.44 191.88 191.28 190.66 189.97 189.28 188.53 187.84 187.19 186.53 186.06 185.66 185.09 184.88 184.34 184.03 183.72 183.44 183.06 182.75 182.56 182.41 182.25 182.16 182.06 182.19 182.09 181.91 181.44 180.69 179.53 177.84 175.81 174.59 174.19 173.69 173.16 172.66 172.19 171.81 171.31 170.81 170.31 169.81 169.34 168.78 168.38 167.94 167.56 167.25 166.81 166.34 166.16 165.78 165.59 165.38 165.12 165.03 165.00 164.81 164.78 164.59 164.41 164.28 164.09 163.81 163.53
194.97 194.38 193.78 193.19 192.59 192.00 191.38 190.75 190.09 189.44 188.75 188.00 187.41 186.97 186.47 185.94 185.69 185.19 184.88 184.62 184.28 183.97 183.59 183.34 183.16 183.00 182.91 182.84 182.88 182.88 182.84 182.66 182.19 181.56 180.25 178.47 177.00 175.91 175.03 174.50 174.00 173.50 173.00 172.62 172.16 171.56 171.03 170.62 170.12 169.62 169.28 168.81 168.47 168.00 167.56 167.16 166.91 166.50 166.34 166.03 165.97 165.97 165.84 165.66 165.56 165.38 165.25 165.06 164.88 164.66 164.34
195.22 194.56 193.94 193.28 192.62 192.06 191.47 190.91 190.28 189.56 188.88 188.28 187.84 187.34 186.81 186.50 186.12 185.66 185.44 185.12 184.81 184.50 184.19 183.94 183.72 183.56 183.53 183.50 183.47 183.50 183.50 183.31 182.91 182.22 181.34 180.03 178.56 177.03 175.84 175.41 174.94 174.44 174.06 173.53 172.91 172.28 171.88 171.47 170.94 170.53 170.09 169.69 169.34 168.88 168.41 168.06 167.66 167.34 167.00 166.81 166.69 166.69 166.53 166.44 166.25 166.25 166.09 165.91 165.69 165.41 165.06
195.41 194.75 194.06 193.38 192.72 192.09 191.44 190.81 190.25 189.66 189.09 188.66 188.12 187.72 187.31 186.94 186.56 186.25 185.97 185.66 185.38 185.06 184.75 184.50 184.28 184.12 184.06 184.06 184.03 184.06 184.03 183.84 183.50 182.94 182.31 181.09 179.84 178.28 176.66 176.25 175.81 175.28 174.97 174.34 173.72 173.25 172.62 172.28 172.00 171.44 171.00 170.59 170.16 169.66 169.28 168.72 168.28 167.78 167.56 167.50 167.50 167.34 167.25 167.09 167.06 167.03 166.91 166.72 166.50 166.16 165.84
195.59 194.91 194.22 193.53 192.91 192.28 191.72 191.09 190.47 189.94 189.50 188.94 188.53 188.12 187.75 187.38 187.06 186.75 186.47 186.19 185.88 185.56 185.31 185.06 184.88 184.69 184.53 184.53 184.56 184.53 184.50 184.34 184.00 183.59 182.97 182.16 181.00 179.59 177.75 177.12 176.66 176.28 175.84 175.19 174.78 174.09 173.66 173.25 172.88 172.38 171.84 171.34 170.91 170.53 170.06 169.44 168.78 168.47 168.12 168.03 168.06 167.97 167.94 167.81 167.84 167.81 167.75 167.56 167.31 166.97 166.72
195.75 195.06 194.38 193.69 193.16 192.59 192.00 191.38 190.78 190.25 189.75 189.28 188.91 188.56 188.22 187.84 187.56 187.28 186.97 186.69 186.41 186.09 185.84 185.62 185.41 185.28 185.06 185.03 185.00 184.97 184.94 184.78 184.50 184.09 183.56 182.88 181.91 180.66 179.09 178.38 177.81 177.16 176.81 176.28 175.75 175.22 174.53 174.19 173.72 173.19 172.66 172.22 171.75 171.34 170.88 170.41 170.16 169.69 169.12 168.47 168.47 168.59 168.69 168.62 168.66 168.66 168.59 168.44 168.19 167.88 167.75
195.91 195.25 194.59 194.06 193.38 192.88 192.28 191.75 191.16 190.59 190.06 189.69 189.31 189.00 188.66 188.34 188.06 187.75 187.47 187.19 186.91 186.66 186.38 186.12 185.97 185.75 185.62 185.56 185.50 185.44 185.38 185.22 184.97 184.53 184.06 183.44 182.72 181.69 180.59 179.78 179.28 178.47 177.72 177.12 176.62 175.97 175.44 174.97 174.47 174.09 173.50 173.06 172.62 172.31 171.91 171.69 171.56 171.28 170.91 169.88 169.03 169.09 169.22 169.53 169.69 169.59 169.53 169.34 169.19 168.91 168.66
196.06 195.34 194.78 194.22 193.72 193.16 192.66 192.09 191.53 191.03 190.47 190.09 189.72 189.44 189.09 188.81 188.50 188.22 187.94 187.69 187.44 187.12 186.81 186.62 186.47 186.25 186.19 186.06 186.03 185.94 185.81 185.66 185.38 184.97 184.47 183.94 183.38 182.62 181.66 180.97 180.16 179.56 178.91 178.25 177.56 176.91 176.47 175.84 175.31 174.81 174.34 173.91 173.47 173.22 173.06 173.03 173.06 172.81 172.31 171.44 170.03 169.78 170.12 170.81 170.84 170.69 170.53 170.38 170.09 169.91 169.69
196.16 195.59 195.06 194.53 194.03 193.53 193.00 192.44 191.94 191.31 190.84 190.53 190.19 189.84 189.53 189.22 188.94 188.69 188.44 188.16 187.91 187.62 187.34 187.16 186.97 186.78 186.69 186.62 186.50 186.44 186.31 186.12 185.81 185.38 184.94 184.44 183.84 183.19 182.47 181.78 181.31 180.59 179.94 179.06 178.38 178.12 177.53 176.62 176.12 175.56 175.19 174.72 174.28 174.06 174.12 174.50 174.59 174.31 173.34 172.50 172.09 172.25 172.25 172.31 172.16 171.84 171.59 171.31 171.12 171.09 170.78
196.56 196.03 195.44 194.91 194.38 193.88 193.38 192.84 192.28 191.75 191.28 191.00 190.62 190.31 189.97 189.62 189.38 189.12 188.88 188.66 188.38 188.12 187.84 187.69 187.53 187.34 187.22 187.12 187.00 186.94 186.81 186.62 186.28 185.91 185.44 184.88 184.38 183.91 183.16 182.66 181.94 181.47 181.06 180.22 179.78 179.25 178.31 177.59 176.91 176.41 175.97 175.44 174.97 174.66 175.56 176.12 176.22 175.88 174.94 174.50 174.31 174.62 174.25 173.91 173.53 173.06 172.72 172.41 172.19 172.16 171.88
196.91 196.31 195.81 195.28 194.78 194.25 193.75 193.22 192.72 192.22 191.72 191.44 191.06 190.72 190.41 190.09 189.88 189.59 189.34 189.12 188.84 188.59 188.38 188.28 188.06 187.88 187.78 187.66 187.56 187.47 187.34 187.12 186.81 186.38 185.81 185.44 185.00 184.47 183.94 183.41 182.97 182.41 182.06 181.38 180.78 180.22 179.53 178.84 177.94 177.34 176.66 176.09 176.06 176.19 177.50 177.81 177.84 177.56 177.09 176.50 176.84 176.44 175.88 175.38 174.84 174.34 173.84 173.53 173.34 173.25 173.41
197.28 196.78 196.22 195.69 195.16 194.66 194.12 193.59 193.09 192.62 192.28 191.88 191.50 191.09 190.84 190.62 190.34 190.06 189.81 189.59 189.31 189.09 188.94 188.84 188.69 188.47 188.31 188.22 188.06 188.03 187.91 187.69 187.38 186.97 186.41 186.06 185.69 185.22 184.88 184.41 183.94 183.56 183.06 182.62 182.03 181.59 180.56 179.84 179.06 178.38 177.56 177.22 177.62 178.41 179.19 179.44 179.47 179.41 179.16 178.69 178.53 177.91 177.38 176.72 176.19 175.59 174.97 174.56 174.34 174.22 174.34
197.69 197.16 196.62 196.09 195.56 195.06 194.53 193.97 193.50 193.09 192.75 192.31 191.88 191.59 191.34 191.12 190.84 190.56 190.31 190.06 189.84 189.72 189.56 189.41 189.25 189.03 188.88 188.75 188.66 188.59 188.50 188.28 188.03 187.62 187.16 186.75 186.41 186.06 185.69 185.38 184.88 184.66 184.16 183.69 183.16 183.06 181.97 181.00 180.28 179.69 179.50 179.34 179.41 179.72 180.59 180.91 180.94 180.97 180.59 180.19 179.81 179.34 178.47 178.03 177.59 176.50 175.97 175.56 175.34 175.16 175.12
198.09 197.56 197.03 196.50 195.97 195.47 194.97 194.41 193.94 193.59 193.22 192.75 192.41 192.09 191.84 191.62 191.38 191.12 190.84 190.59 190.44 190.34 190.19 190.03 189.84 189.59 189.41 189.28 189.28 189.22 189.09 188.91 188.69 188.25 187.88 187.50 187.28 186.75 186.59 186.03 185.78 185.38 185.09 184.78 184.41 184.16 183.78 183.06 181.41 180.97 180.84 180.78 180.94 180.97 181.97 182.41 182.25 181.78 181.34 181.34 181.16 180.72 179.69 179.12 178.44 177.75 177.03 176.75 176.75 176.88 177.53
198.50 197.97 197.44 196.91 196.34 195.91 195.38 194.84 194.50 194.09 193.69 193.34 192.91 192.62 192.34 192.12 191.91 191.69 191.41 191.19 191.06 190.94 190.78 190.62 190.44 190.16 189.97 189.88 189.81 189.81 189.75 189.56 189.28 188.91 188.59 188.25 188.03 187.69 187.59 187.25 186.78 186.50 186.16 185.84 185.38 185.28 185.19 185.12 184.84 184.06 182.81 183.44 184.31 184.09 184.22 184.06 183.72 182.84 182.44 182.56 182.44 181.81 180.94 180.38 179.91 179.53 178.94 178.81 179.12 179.03 179.34
198.94 198.38 197.81 197.25 196.84 196.31 195.72 195.41 195.00 194.66 194.28 193.84 193.44 193.16 192.88 192.66 192.50 192.31 192.06 191.81 191.66 191.56 191.41 191.22 191.00 190.78 190.62 190.53 190.44 190.47 190.38 190.22 189.97 189.69 189.44 189.00 188.88 188.66 188.34 188.22 187.97 187.44 187.22 186.88 186.47 186.28 186.22 186.19 186.31 186.00 185.78 185.59 186.16 186.31 186.19 185.81 185.47 184.53 184.44 184.34 183.75 183.16 182.66 182.59 182.56 181.09 180.50 180.38 180.47 180.47 180.94
199.31 198.75 198.28 197.78 197.25 196.72 196.25 195.94 195.56 195.19 194.81 194.41 194.03 193.69 193.47 193.25 193.12 192.94 192.66 192.50 192.31 192.22 192.06 191.84 191.59 191.38 191.28 191.22 191.16 191.09 191.06 190.94 190.75 190.59 190.19 189.84 189.69 189.38 189.19 189.06 188.78 188.41 188.16 187.94 187.50 187.34 187.22 187.19 187.22 187.31 187.12 187.56 188.66 188.66 188.25 187.50 186.78 186.06 185.81 185.84 185.09 184.47 184.47 184.53 184.31 183.38 182.09 181.81 181.53 181.75 183.00
199.69 199.28 198.78 198.22 197.84 197.25 196.91 196.56 196.16 195.72 195.41 195.00 194.62 194.34 194.09 193.88 193.72 193.59 193.34 193.19 193.06 192.91 192.72 192.47 192.16 191.97 191.84 191.84 191.84 191.81 191.75 191.66 191.50 191.28 190.88 190.56 190.44 190.31 190.06 189.88 189.69 189.53 189.19 188.88 188.56 188.28 188.09 188.00 188.25 188.78 189.50 190.31 190.88 190.84 190.19 189.03 187.41 187.00 186.91 186.97 186.50 186.19 186.25 186.25 185.91 185.25 185.34 185.47 184.66 184.47 185.03
200.25 199.78 199.31 198.78 198.34 197.84 197.66 197.16 196.72 196.38 196.09 195.72 195.38 195.06 194.75 194.56 194.34 194.22 194.09 193.94 193.81 193.62 193.38 193.09 192.69 192.56 192.50 192.50 192.56 192.53 192.53 192.47 192.31 192.06 191.66 191.50 191.41 191.34 191.12 190.84 190.69 190.47 190.19 189.88 189.47 189.12 188.84 188.59 188.72 190.28 191.41 192.31 192.88 192.78 191.94 190.53 188.22 187.81 187.69 187.91 187.78 187.56 187.62 187.72 187.47 187.12 187.25 187.34 187.19 187.12 186.53
200.81 200.34 199.88 199.34 198.84 198.53 198.22 197.78 197.34 197.09 196.81 196.44 196.09 195.75 195.44 195.25 195.06 194.91 194.78 194.75 194.62 194.41 194.12 193.69 193.25 193.06 193.09 193.16 193.28 193.34 193.31 193.19 193.00 192.78 192.56 192.50 192.41 192.22 192.06 191.97 191.75 191.41 191.09 190.75 190.31 189.81 189.34 189.03 189.91 191.47 193.25 193.97 194.56 194.44 193.59 192.38 191.25 190.44 189.12 189.03 189.16 188.84 188.72 188.91 189.03 188.81 188.59 188.59 188.38 188.12 187.75
201.41 200.91 200.41 199.91 199.41 199.28 198.84 198.44 198.06 197.78 197.53 197.22 196.81 196.44 196.25 196.06 195.88 195.66 195.59 195.56 195.44 195.28 195.03 194.75 193.75 193.53 194.03 194.16 194.16 194.25 194.12 194.00 193.84 193.75 193.47 193.47 193.53 193.34 193.06 193.06 192.91 192.44 192.06 191.62 191.16 190.78 191.31 191.44 192.41 193.09 193.75 195.50 196.09 195.91 194.81 193.50 193.34 192.75 192.12 190.62 190.41 190.25 189.84 189.72 189.62 189.75 189.81 189.62 189.44 189.06 188.59
202.00 201.44 200.91 200.44 200.09 199.91 199.50 199.09 198.75 198.56 198.25 197.97 197.59 197.25 197.00 196.84 196.66 196.50 196.38 196.38 196.28 196.16 196.06 195.97 195.56 195.19 195.41 195.31 195.19 195.19 195.12 194.97 194.69 194.59 194.56 194.50 194.44 194.50 194.22 194.19 194.03 193.59 193.28 193.09 193.12 193.31 193.50 193.81 194.03 194.50 195.41 197.25 197.53 197.28 196.66 195.75 195.06 194.12 193.47 192.03 191.66 191.56 191.31 190.78 190.53 190.38 190.59 190.47 190.19 189.72 189.38
202.62 202.06 201.44 201.09 200.81 200.56 200.16 199.88 199.59 199.34 199.06 198.78 198.44 198.09 197.84 197.69 197.50 197.31 197.22 197.19 197.16 197.06 197.09 197.09 197.12 197.09 196.78 196.50 196.25 196.06 195.97 195.91 195.59 195.59 195.53 195.69 195.69 195.44 195.31 195.22 195.09 194.91 194.72 194.75 195.19 195.03 195.25 196.41 197.41 198.56 199.31 198.72 198.78 198.44 198.19 197.62 196.88 195.75 194.59 193.62 193.00 192.91 192.28 191.69 191.28 191.28 191.41 191.16 190.88 190.44 189.84
203.31 202.78 202.12 201.69 201.44 201.22 200.94 200.66 200.41 200.12 199.84 199.59 199.22 198.88 198.69 198.53 198.34 198.16 198.09 198.03 198.03 198.00 198.12 198.25 198.31 198.31 198.09 197.59 197.03 197.03 196.94 196.78 196.66 196.84 196.62 196.69 196.41 196.59 196.31 196.25 196.00 195.84 195.88 196.00 196.41 196.78 197.12 198.12 199.12 199.53 199.75 199.91 199.75 199.41 199.03 198.59 197.78 197.00 196.12 195.09 194.19 194.03 193.34 192.56 192.44 192.44 192.22 191.91 191.28 191.00 190.59
204.00 203.53 202.91 202.38 202.00 201.84 201.62 201.41 201.16 200.94 200.66 200.41 200.09 199.72 199.56 199.34 199.16 198.97 198.94 198.84 198.91 199.00 199.12 199.34 199.56 199.62 199.34 198.75 197.88 197.94 197.91 197.66 197.69 197.66 197.72 197.47 197.38 197.34 197.09 197.09 197.03 196.69 196.72 197.03 197.34 197.88 198.62 199.31 199.91 200.44 200.72 200.72 200.50 200.06 199.84 199.31 198.69 197.91 196.94 195.91 195.16 195.00 194.34 193.62 193.69 193.44 193.03 192.56 192.00 191.56 191.50
204.69 204.25 203.69 203.06 202.69 202.50 202.31 202.12 201.94 201.72 201.47 201.25 200.97 200.66 200.41 200.16 199.94 199.84 199.78 199.72 199.78 199.84 199.91 200.31 200.69 200.84 200.59 199.94 198.75 198.78 198.88 198.97 198.88 198.75 198.56 198.44 198.25 198.09 197.81 197.75 197.59 197.53 197.66 198.03 198.25 198.75 199.12 200.19 200.84 201.25 201.47 201.47 201.25 200.97 200.41 200.12 199.69 198.94 198.06 196.84 195.94 195.41 195.19 194.78 194.66 194.28 193.81 193.28 192.69 192.44 192.12
205.34 205.00 204.47 203.91 203.38 203.19 203.06 202.88 202.69 202.50 202.25 202.06 201.88 201.62 201.34 201.03 200.81 200.72 200.59 200.53 200.59 200.66 200.72 201.16 201.69 201.97 201.81 201.38 200.56 200.28 200.16 199.94 199.75 199.75 199.50 199.34 199.31 198.75 198.66 198.44 198.62 198.50 198.91 199.03 199.31 199.78 200.09 200.75 201.66 202.03 202.25 202.28 202.34 201.78 201.16 200.88 200.41 199.62 198.41 196.88 196.03 195.75 195.66 195.75 195.50 195.06 194.62 194.00 193.56 193.12 193.03
206.12 205.81 205.31 204.78 204.28 203.88 203.78 203.66 203.47 203.28 203.06 202.91 202.75 202.53 202.28 201.91 201.66 201.50 201.41 201.31 201.31 201.38 201.38 201.78 202.56 203.00 202.94 202.50 202.19 201.72 201.38 201.06 200.88 200.53 200.53 200.47 200.47 200.06 199.72 199.38 199.53 199.59 199.94 200.03 200.00 200.38 200.75 201.69 202.44 202.94 203.19 203.34 202.69 202.44 202.31 201.88 201.34 200.34 199.72 199.06 197.31 197.81 197.28 196.78 196.25 195.69 195.28 194.62 194.19 194.00 193.75
206.97 206.59 206.06 205.53 205.03 204.69 204.53 204.41 204.25 204.12 203.91 203.81 203.66 203.47 203.25 202.81 202.56 202.31 202.16 202.09 202.00 201.97 201.97 202.31 203.50 204.03 203.97 203.47 202.97 202.56 202.19 202.00 201.88 201.91 201.97 201.84 201.62 201.12 200.66 200.50 200.53 200.59 200.97 200.91 200.78 201.03 201.56 202.12 203.41 204.12 204.22 203.47 204.25 204.84 204.62 204.00 203.00 201.84 201.25 200.50 199.62 199.06 198.47 197.75 196.94 196.34 195.84 195.34 195.06 194.81 194.53
207.84 207.41 206.75 206.25 205.78 205.50 205.31 205.09 205.03 204.94 204.81 204.72 204.59 204.38 204.16 203.78 203.47 203.25 203.00 202.81 202.62 202.50 202.47 202.91 204.56 205.09 204.97 204.31 203.50 203.19 202.97 202.88 203.03 203.22 203.16 202.91 202.75 202.06 201.38 201.19 201.34 201.28 201.56 201.66 201.88 202.97 203.53 203.59 204.09 205.97 205.91 206.09 206.81 206.84 206.62 206.06 205.25 204.28 202.91 201.56 200.81 200.31 199.56 198.59 197.84 196.91 196.38 196.03 195.75 195.50 195.22
208.69 208.12 207.53 207.12 206.69 206.41 206.16 205.84 205.69 205.75 205.69 205.62 205.53 205.31 205.09 204.78 204.47 204.12 203.75 203.47 203.19 203.06 203.47 204.41 205.78 206.25 206.06 204.72 204.44 204.22 203.97 204.03 204.28 204.31 204.22 204.06 203.78 203.38 202.78 202.47 201.88 201.81 201.75 202.72 204.56 205.44 206.31 207.03 206.97 207.62 208.06 208.50 208.88 208.88 208.59 207.94 206.97 205.84 204.59 203.06 202.19 201.25 200.34 199.50 198.47 197.41 196.97 196.62 196.38 196.09 195.78
