everonasctiles/Tile[17,31].asc
ncols 128
nrows 128
xllcorner 0
yllcorner 0
cellsize 2.0
NODATA_value  -9999
[rows 64 to 95 of 128, columns 0 to 72 of 128]
86.31 86.56 86.81 87.06 87.31 87.53 87.75 88.00 88.22 88.47 88.69 88.94 89.22 89.50 89.78 90.06 90.38 90.69 91.00 91.28 91.59 91.91 92.19 92.50 92.78 93.12 93.47 93.81 94.22 94.59 95.00 95.41 95.81 96.19 96.62 96.97 97.38 97.75 98.12 98.50 98.84 99.28 99.66 100.03 100.47 100.91 101.31 101.78 102.19 102.69 103.12 103.59 104.09 104.50 104.91 105.28 105.72 106.03 106.31 106.59 106.81 107.06 107.31 107.59 107.81 108.03 108.25 108.47 108.66 108.88 109.09 109.34 109.56
86.31 86.59 86.84 87.09 87.34 87.56 87.78 88.00 88.22 88.47 88.69 88.94 89.19 89.47 89.75 90.03 90.34 90.62 90.94 91.25 91.53 91.84 92.12 92.44 92.75 93.06 93.41 93.78 94.12 94.56 94.97 95.38 95.78 96.12 96.56 96.97 97.34 97.72 98.06 98.47 98.84 99.22 99.59 100.03 100.44 100.81 101.25 101.66 102.09 102.62 103.09 103.56 104.00 104.47 104.88 105.28 105.66 105.97 106.25 106.50 106.75 107.03 107.28 107.47 107.69 107.94 108.16 108.34 108.56 108.78 109.03 109.25 109.50
86.38 86.62 86.88 87.16 87.38 87.59 87.84 88.03 88.25 88.47 88.69 88.94 89.19 89.44 89.72 90.00 90.28 90.59 90.88 91.19 91.47 91.78 92.06 92.38 92.69 93.00 93.38 93.72 94.12 94.53 94.91 95.34 95.72 96.12 96.53 96.91 97.28 97.69 98.06 98.41 98.81 99.16 99.56 99.97 100.34 100.75 101.19 101.59 102.06 102.50 102.97 103.44 103.94 104.38 104.81 105.19 105.56 105.84 106.16 106.44 106.69 106.97 107.16 107.44 107.66 107.88 108.06 108.28 108.50 108.72 108.94 109.16 109.47
86.41 86.66 86.94 87.22 87.44 87.66 87.88 88.06 88.28 88.50 88.72 88.94 89.19 89.44 89.69 89.97 90.25 90.56 90.84 91.12 91.44 91.72 92.03 92.31 92.66 92.97 93.31 93.69 94.09 94.50 94.91 95.31 95.69 96.12 96.50 96.88 97.25 97.62 98.00 98.34 98.75 99.09 99.53 99.91 100.31 100.72 101.12 101.53 101.94 102.38 102.75 103.22 103.78 104.25 104.69 105.06 105.41 105.69 106.03 106.31 106.59 106.88 107.09 107.34 107.56 107.75 107.97 108.19 108.41 108.62 108.88 109.12 109.41
86.47 86.72 87.00 87.28 87.50 87.72 87.91 88.12 88.31 88.53 88.75 88.97 89.19 89.44 89.69 89.97 90.25 90.53 90.81 91.09 91.38 91.66 91.97 92.28 92.62 92.97 93.34 93.69 94.09 94.47 94.88 95.28 95.69 96.06 96.47 96.81 97.22 97.59 97.97 98.31 98.66 99.06 99.47 99.84 100.19 100.62 101.03 101.41 101.84 102.25 102.66 103.19 103.66 104.06 104.53 104.91 105.19 105.59 105.91 106.19 106.47 106.75 107.00 107.22 107.44 107.66 107.88 108.09 108.34 108.56 108.81 109.06 109.34
86.56 86.84 87.09 87.34 87.56 87.75 87.97 88.16 88.34 88.56 88.75 88.97 89.19 89.44 89.69 89.94 90.22 90.50 90.78 91.06 91.34 91.62 91.94 92.25 92.59 92.97 93.31 93.69 94.09 94.44 94.88 95.25 95.69 96.03 96.44 96.81 97.19 97.53 97.88 98.28 98.62 99.03 99.34 99.78 100.16 100.56 100.94 101.31 101.69 102.12 102.56 103.03 103.47 103.78 104.31 104.72 105.09 105.44 105.75 105.97 106.31 106.56 106.84 107.09 107.31 107.56 107.78 108.03 108.25 108.50 108.78 109.06 109.34
86.69 86.97 87.19 87.41 87.59 87.81 88.03 88.19 88.38 88.56 88.78 89.00 89.22 89.44 89.69 89.97 90.22 90.50 90.78 91.03 91.31 91.62 91.94 92.22 92.59 92.94 93.25 93.62 94.03 94.41 94.84 95.25 95.66 96.03 96.41 96.78 97.12 97.44 97.84 98.19 98.56 98.94 99.31 99.66 100.06 100.47 100.81 101.22 101.62 102.03 102.41 102.84 103.22 103.69 104.09 104.47 104.88 105.19 105.56 105.88 106.12 106.44 106.69 106.94 107.19 107.44 107.69 107.94 108.19 108.47 108.72 108.97 109.31
86.78 87.06 87.28 87.50 87.69 87.88 88.03 88.22 88.41 88.59 88.81 89.00 89.22 89.47 89.72 89.97 90.22 90.50 90.78 91.03 91.31 91.62 91.94 92.22 92.56 92.94 93.28 93.62 94.00 94.41 94.78 95.19 95.59 96.00 96.38 96.72 97.06 97.41 97.78 98.16 98.50 98.88 99.25 99.59 100.00 100.34 100.75 101.16 101.53 101.91 102.31 102.72 103.09 103.53 103.91 104.28 104.69 105.06 105.38 105.69 106.00 106.28 106.50 106.81 107.06 107.31 107.59 107.88 108.12 108.38 108.66 108.94 109.28
86.84 87.16 87.41 87.59 87.78 87.91 88.06 88.25 88.41 88.62 88.81 89.03 89.25 89.47 89.72 90.00 90.25 90.50 90.78 91.06 91.31 91.62 91.94 92.25 92.56 92.91 93.22 93.56 93.97 94.38 94.75 95.16 95.56 95.94 96.31 96.69 97.03 97.38 97.72 98.09 98.41 98.81 99.19 99.56 99.91 100.31 100.69 101.06 101.44 101.81 102.19 102.59 102.97 103.38 103.75 104.16 104.53 104.88 105.22 105.53 105.81 106.12 106.38 106.69 106.97 107.25 107.50 107.78 108.03 108.31 108.59 108.91 109.22
86.94 87.22 87.47 87.69 87.84 87.97 88.09 88.25 88.44 88.62 88.84 89.06 89.28 89.50 89.72 89.97 90.28 90.53 90.78 91.06 91.34 91.66 91.94 92.22 92.56 92.91 93.22 93.56 93.88 94.31 94.69 95.12 95.50 95.88 96.25 96.62 96.97 97.31 97.66 98.00 98.34 98.72 99.12 99.47 99.84 100.19 100.59 100.94 101.38 101.72 102.12 102.50 102.88 103.25 103.62 104.00 104.38 104.75 105.09 105.38 105.72 106.00 106.28 106.56 106.88 107.12 107.38 107.69 107.94 108.25 108.53 108.81 109.19
87.00 87.28 87.53 87.75 87.91 88.03 88.16 88.28 88.47 88.66 88.88 89.06 89.28 89.50 89.75 90.00 90.28 90.50 90.78 91.06 91.34 91.66 91.94 92.28 92.59 92.91 93.22 93.56 93.91 94.25 94.66 95.03 95.44 95.81 96.19 96.56 96.91 97.25 97.59 97.97 98.31 98.69 99.03 99.41 99.78 100.12 100.53 100.91 101.28 101.66 102.03 102.41 102.78 103.12 103.50 103.88 104.25 104.62 104.97 105.25 105.59 105.88 106.19 106.47 106.72 107.03 107.31 107.59 107.84 108.16 108.47 108.78 109.12
87.03 87.34 87.59 87.81 87.97 88.09 88.19 88.34 88.50 88.69 88.91 89.09 89.31 89.53 89.75 90.03 90.28 90.53 90.78 91.09 91.38 91.69 91.97 92.25 92.59 92.91 93.22 93.53 93.88 94.25 94.62 95.00 95.41 95.78 96.16 96.50 96.84 97.19 97.56 97.91 98.25 98.62 99.00 99.38 99.75 100.09 100.47 100.84 101.22 101.59 101.97 102.31 102.69 103.03 103.41 103.78 104.12 104.47 104.84 105.16 105.50 105.81 106.09 106.38 106.66 106.94 107.22 107.47 107.78 108.06 108.38 108.69 109.06
87.06 87.38 87.62 87.81 87.97 88.12 88.25 88.41 88.53 88.72 88.91 89.12 89.34 89.56 89.78 90.03 90.28 90.53 90.81 91.09 91.41 91.69 92.00 92.31 92.62 92.94 93.25 93.56 93.88 94.25 94.59 94.97 95.34 95.72 96.09 96.44 96.75 97.16 97.47 97.88 98.22 98.59 98.97 99.31 99.69 100.06 100.38 100.75 101.16 101.53 101.88 102.25 102.62 102.97 103.31 103.69 104.00 104.41 104.72 105.06 105.41 105.69 106.00 106.31 106.56 106.84 107.12 107.41 107.69 107.94 108.28 108.59 108.94
87.06 87.38 87.59 87.81 88.00 88.16 88.28 88.44 88.59 88.78 88.97 89.16 89.38 89.59 89.81 90.03 90.28 90.56 90.81 91.12 91.41 91.72 92.03 92.34 92.62 92.97 93.28 93.59 93.94 94.28 94.62 94.97 95.34 95.69 96.06 96.41 96.75 97.09 97.47 97.81 98.22 98.56 98.94 99.25 99.62 99.97 100.34 100.72 101.06 101.44 101.81 102.16 102.53 102.88 103.19 103.59 103.94 104.28 104.66 104.97 105.31 105.62 105.91 106.19 106.47 106.75 107.00 107.28 107.56 107.88 108.19 108.53 108.88
87.03 87.34 87.59 87.81 88.00 88.16 88.31 88.47 88.59 88.78 89.03 89.22 89.44 89.62 89.84 90.06 90.31 90.56 90.84 91.12 91.44 91.75 92.06 92.34 92.66 92.97 93.31 93.62 93.94 94.31 94.66 95.00 95.38 95.72 96.06 96.44 96.75 97.12 97.44 97.78 98.19 98.53 98.91 99.25 99.56 99.94 100.28 100.62 100.97 101.34 101.72 102.09 102.44 102.81 103.16 103.53 103.84 104.19 104.56 104.91 105.22 105.53 105.84 106.09 106.38 106.62 106.91 107.19 107.47 107.75 108.06 108.44 108.75
87.03 87.31 87.56 87.78 88.00 88.16 88.31 88.50 88.62 88.88 89.09 89.28 89.47 89.66 89.88 90.09 90.31 90.56 90.88 91.16 91.47 91.75 92.09 92.41 92.69 93.00 93.34 93.66 94.00 94.34 94.69 95.06 95.41 95.75 96.09 96.44 96.75 97.09 97.44 97.78 98.12 98.50 98.84 99.19 99.53 99.84 100.19 100.56 100.91 101.25 101.62 102.00 102.38 102.72 103.06 103.44 103.78 104.12 104.44 104.81 105.12 105.44 105.72 106.00 106.25 106.53 106.78 107.06 107.34 107.66 107.97 108.25 108.62
87.00 87.28 87.53 87.78 87.94 88.12 88.31 88.47 88.69 88.91 89.12 89.31 89.53 89.72 89.91 90.12 90.34 90.59 90.84 91.16 91.47 91.78 92.09 92.41 92.72 93.03 93.34 93.69 94.03 94.38 94.72 95.09 95.44 95.78 96.12 96.50 96.81 97.12 97.47 97.78 98.09 98.44 98.81 99.16 99.44 99.78 100.12 100.47 100.81 101.19 101.53 101.84 102.22 102.62 102.97 103.34 103.69 104.06 104.41 104.72 105.03 105.34 105.62 105.88 106.16 106.44 106.66 106.94 107.25 107.53 107.88 108.19 108.50
87.00 87.28 87.53 87.75 87.94 88.09 88.25 88.47 88.69 88.88 89.09 89.34 89.56 89.75 89.91 90.12 90.38 90.59 90.88 91.16 91.47 91.78 92.09 92.41 92.72 93.06 93.38 93.69 94.03 94.44 94.78 95.19 95.56 95.91 96.25 96.53 96.84 97.16 97.50 97.78 98.09 98.41 98.75 99.09 99.41 99.75 100.06 100.38 100.75 101.09 101.44 101.81 102.16 102.53 102.88 103.25 103.62 103.97 104.31 104.59 104.94 105.22 105.50 105.78 106.03 106.31 106.56 106.88 107.16 107.47 107.75 108.06 108.38
86.97 87.25 87.50 87.69 87.88 88.06 88.25 88.44 88.66 88.88 89.12 89.34 89.59 89.78 89.97 90.16 90.38 90.62 90.88 91.16 91.44 91.78 92.09 92.44 92.75 93.06 93.38 93.72 94.06 94.44 94.88 95.25 95.66 96.00 96.34 96.62 96.91 97.19 97.50 97.81 98.12 98.41 98.72 99.03 99.38 99.69 100.00 100.34 100.66 101.03 101.34 101.72 102.06 102.44 102.81 103.12 103.50 103.91 104.25 104.56 104.84 105.12 105.38 105.66 105.94 106.19 106.47 106.75 107.06 107.31 107.66 107.94 108.22
86.97 87.22 87.47 87.66 87.84 88.03 88.22 88.41 88.59 88.88 89.12 89.34 89.59 89.78 89.97 90.16 90.41 90.62 90.91 91.16 91.44 91.78 92.06 92.41 92.75 93.06 93.41 93.75 94.09 94.47 94.91 95.28 95.72 96.09 96.38 96.69 96.97 97.25 97.53 97.81 98.12 98.44 98.72 99.00 99.31 99.62 99.97 100.28 100.59 100.94 101.28 101.62 102.00 102.31 102.69 103.06 103.44 103.78 104.16 104.47 104.72 105.03 105.28 105.56 105.84 106.12 106.41 106.69 106.94 107.25 107.56 107.84 108.09
86.91 87.19 87.41 87.62 87.81 87.97 88.16 88.34 88.59 88.84 89.09 89.34 89.56 89.75 89.97 90.19 90.38 90.62 90.91 91.19 91.44 91.75 92.09 92.41 92.75 93.09 93.38 93.78 94.12 94.50 94.94 95.34 95.75 96.12 96.44 96.72 97.00 97.25 97.56 97.81 98.12 98.41 98.72 99.00 99.31 99.59 99.91 100.22 100.56 100.84 101.22 101.56 101.91 102.28 102.62 102.97 103.34 103.72 104.06 104.38 104.66 104.94 105.16 105.44 105.75 106.00 106.28 106.59 106.84 107.16 107.44 107.72 108.00
86.88 87.12 87.34 87.56 87.75 87.94 88.12 88.34 88.56 88.84 89.06 89.31 89.53 89.75 89.94 90.16 90.38 90.62 90.91 91.16 91.44 91.75 92.06 92.41 92.75 93.09 93.44 93.81 94.16 94.53 94.97 95.38 95.78 96.12 96.44 96.72 97.00 97.28 97.56 97.84 98.12 98.44 98.69 99.00 99.31 99.56 99.88 100.19 100.50 100.81 101.12 101.50 101.84 102.19 102.56 102.91 103.25 103.62 103.97 104.28 104.56 104.81 105.09 105.38 105.66 105.94 106.19 106.50 106.78 107.06 107.34 107.59 107.88
86.78 87.03 87.28 87.47 87.69 87.88 88.09 88.31 88.53 88.81 89.03 89.25 89.50 89.72 89.94 90.16 90.41 90.62 90.91 91.19 91.47 91.78 92.09 92.41 92.78 93.09 93.47 93.81 94.19 94.56 94.97 95.38 95.72 96.09 96.41 96.69 96.97 97.28 97.53 97.81 98.12 98.44 98.72 99.00 99.28 99.56 99.88 100.16 100.44 100.78 101.09 101.44 101.78 102.09 102.50 102.84 103.22 103.53 103.88 104.16 104.44 104.75 105.03 105.28 105.56 105.88 106.12 106.44 106.72 106.97 107.25 107.50 107.78
86.69 86.97 87.19 87.41 87.59 87.81 88.03 88.28 88.50 88.75 88.97 89.22 89.41 89.69 89.91 90.16 90.41 90.62 90.91 91.19 91.47 91.78 92.09 92.44 92.78 93.12 93.44 93.81 94.19 94.56 95.00 95.34 95.75 96.09 96.41 96.72 96.97 97.25 97.53 97.81 98.09 98.41 98.69 99.00 99.28 99.56 99.84 100.12 100.44 100.75 101.03 101.38 101.69 102.06 102.41 102.78 103.12 103.47 103.78 104.06 104.34 104.66 104.94 105.22 105.50 105.75 106.03 106.31 106.62 106.91 107.16 107.44 107.69
86.59 86.84 87.09 87.31 87.53 87.78 88.00 88.22 88.47 88.69 88.91 89.16 89.38 89.62 89.88 90.16 90.41 90.66 90.91 91.19 91.47 91.81 92.12 92.44 92.81 93.12 93.50 93.88 94.25 94.66 95.03 95.38 95.75 96.09 96.41 96.69 96.97 97.25 97.53 97.81 98.12 98.41 98.69 99.00 99.25 99.56 99.84 100.09 100.41 100.69 101.00 101.34 101.66 102.00 102.38 102.72 103.06 103.38 103.66 104.00 104.28 104.59 104.88 105.16 105.44 105.72 106.00 106.25 106.56 106.81 107.09 107.34 107.62
86.47 86.75 87.00 87.25 87.47 87.72 87.94 88.19 88.41 88.66 88.88 89.09 89.34 89.59 89.88 90.12 90.41 90.66 90.94 91.22 91.50 91.81 92.16 92.50 92.84 93.16 93.53 93.91 94.28 94.66 95.06 95.38 95.75 96.12 96.38 96.69 96.97 97.25 97.56 97.81 98.12 98.41 98.69 98.97 99.25 99.53 99.81 100.09 100.38 100.66 101.00 101.28 101.66 102.00 102.31 102.62 102.97 103.28 103.59 103.91 104.22 104.50 104.81 105.09 105.41 105.66 105.94 106.22 106.47 106.75 107.03 107.31 107.56
86.38 86.66 86.91 87.19 87.44 87.69 87.91 88.16 88.38 88.59 88.81 89.06 89.31 89.59 89.88 90.12 90.41 90.66 90.94 91.22 91.53 91.84 92.19 92.50 92.84 93.22 93.56 93.94 94.31 94.72 95.09 95.50 95.84 96.16 96.41 96.75 97.03 97.28 97.56 97.84 98.12 98.41 98.66 98.97 99.25 99.50 99.81 100.09 100.38 100.66 100.97 101.28 101.59 101.94 102.25 102.59 102.88 103.19 103.53 103.84 104.12 104.44 104.75 105.06 105.34 105.62 105.88 106.16 106.41 106.69 106.97 107.25 107.50
86.28 86.56 86.81 87.09 87.38 87.62 87.88 88.12 88.34 88.59 88.81 89.06 89.34 89.59 89.88 90.12 90.38 90.66 90.94 91.22 91.53 91.84 92.19 92.53 92.88 93.22 93.62 93.97 94.38 94.78 95.16 95.53 95.88 96.19 96.50 96.78 97.09 97.31 97.62 97.91 98.12 98.44 98.69 98.97 99.25 99.53 99.81 100.09 100.38 100.66 100.97 101.28 101.59 101.91 102.22 102.53 102.84 103.16 103.50 103.81 104.09 104.41 104.72 105.00 105.28 105.56 105.84 106.09 106.38 106.66 106.91 107.19 107.47
86.19 86.47 86.75 87.03 87.31 87.59 87.84 88.09 88.34 88.56 88.81 89.06 89.34 89.59 89.84 90.09 90.41 90.62 90.91 91.25 91.56 91.88 92.22 92.53 92.84 93.22 93.59 94.03 94.41 94.81 95.19 95.56 95.91 96.25 96.56 96.84 97.16 97.41 97.69 97.94 98.19 98.47 98.72 98.97 99.28 99.53 99.81 100.06 100.34 100.66 100.94 101.28 101.56 101.91 102.22 102.53 102.84 103.16 103.44 103.72 104.03 104.38 104.66 104.97 105.25 105.50 105.78 106.06 106.31 106.59 106.88 107.12 107.41
86.09 86.38 86.69 86.97 87.25 87.56 87.81 88.09 88.34 88.56 88.81 89.09 89.34 89.59 89.84 90.09 90.38 90.62 90.94 91.25 91.50 91.84 92.19 92.50 92.84 93.22 93.62 94.00 94.44 94.84 95.22 95.62 95.97 96.28 96.62 96.91 97.19 97.47 97.72 97.97 98.19 98.47 98.75 99.00 99.28 99.53 99.78 100.09 100.34 100.62 100.94 101.25 101.59 101.88 102.22 102.53 102.81 103.12 103.41 103.72 104.00 104.31 104.62 104.91 105.19 105.47 105.72 106.00 106.28 106.56 106.81 107.09 107.34
86.03 86.31 86.62 86.91 87.22 87.50 87.81 88.09 88.38 88.62 88.88 89.12 89.38 89.59 89.84 90.06 90.31 90.62 90.88 91.22 91.50 91.81 92.19 92.50 92.84 93.22 93.56 93.97 94.44 94.88 95.28 95.69 96.03 96.31 96.66 96.97 97.22 97.50 97.75 98.00 98.22 98.53 98.78 99.06 99.31 99.56 99.81 100.06 100.34 100.66 100.94 101.25 101.56 101.88 102.22 102.53 102.81 103.09 103.41 103.69 104.00 104.28 104.56 104.84 105.16 105.38 105.69 105.97 106.22 106.50 106.75 107.03 107.28
86.00 86.28 86.56 86.84 87.16 87.47 87.78 88.06 88.38 88.62 88.88 89.09 89.31 89.53 89.78 90.03 90.31 90.56 90.88 91.22 91.53 91.81 92.16 92.44 92.78 93.16 93.53 93.94 94.47 94.91 95.31 95.72 96.03 96.38 96.66 96.97 97.25 97.50 97.72 98.00 98.28 98.53 98.81 99.06 99.31 99.56 99.81 100.06 100.34 100.62 100.91 101.22 101.56 101.91 102.22 102.50 102.78 103.06 103.38 103.69 103.97 104.25 104.50 104.78 105.09 105.38 105.62 105.91 106.19 106.44 106.69 106.97 107.22
