everonasctiles/Tile[38,47].asc
ncols 128
nrows 128
xllcorner 0
yllcorner 0
cellsize 2.0
NODATA_value  -9999
[rows 64 to 95 of 128, columns 0 to 70 of 128]
-36.22 -36.09 -36.09 -36.12 -36.16 -36.19 -36.22 -36.25 -36.31 -36.41 -36.50 -36.59 -36.66 -36.72 -36.78 -36.81 -36.84 -36.81 -36.81 -36.78 -36.78 -36.81 -36.84 -36.88 -36.88 -36.91 -36.94 -37.00 -37.06 -37.16 -37.22 -37.25 -37.25 -37.19 -37.06 -36.88 -36.59 -36.25 -35.84 -35.47 -35.12 -34.72 -34.34 -33.94 -33.47 -33.00 -32.62 -32.19 -31.78 -31.56 -31.50 -31.12 -30.66 -30.94 -31.59 -32.34 -32.88 -33.41 -33.69 -33.69 -33.38 -32.78 -31.88 -31.00 -30.97 -31.31 -31.78 -31.88 -31.69 -31.25 -30.66
-36.25 -36.22 -36.25 -36.25 -36.28 -36.34 -36.34 -36.34 -36.38 -36.41 -36.47 -36.53 -36.59 -36.66 -36.72 -36.75 -36.75 -36.72 -36.69 -36.69 -36.72 -36.75 -36.78 -36.84 -36.88 -36.94 -36.97 -37.03 -37.12 -37.22 -37.34 -37.44 -37.47 -37.44 -37.34 -37.19 -36.94 -36.62 -36.31 -36.03 -35.75 -35.44 -35.00 -34.50 -34.03 -33.59 -33.16 -32.72 -32.47 -32.22 -32.16 -31.81 -31.25 -31.59 -32.44 -32.97 -33.38 -33.91 -34.12 -34.09 -33.69 -32.91 -32.22 -32.03 -32.06 -32.25 -32.34 -32.22 -31.91 -31.56 -30.84
-36.34 -36.38 -36.41 -36.44 -36.47 -36.50 -36.50 -36.47 -36.44 -36.44 -36.47 -36.50 -36.56 -36.59 -36.62 -36.66 -36.66 -36.62 -36.59 -36.59 -36.62 -36.69 -36.75 -36.81 -36.88 -36.94 -37.00 -37.09 -37.19 -37.31 -37.44 -37.56 -37.66 -37.69 -37.62 -37.50 -37.31 -37.06 -36.81 -36.59 -36.31 -36.00 -35.59 -35.09 -34.59 -34.12 -33.72 -33.34 -33.09 -32.94 -32.78 -32.47 -31.72 -31.97 -32.88 -33.44 -33.94 -34.34 -34.53 -34.50 -34.00 -33.59 -33.41 -33.25 -33.09 -32.88 -32.72 -32.47 -32.16 -31.78 -31.00
-36.50 -36.53 -36.56 -36.62 -36.66 -36.69 -36.66 -36.59 -36.56 -36.56 -36.56 -36.56 -36.56 -36.56 -36.56 -36.56 -36.56 -36.53 -36.50 -36.53 -36.56 -36.62 -36.72 -36.81 -36.91 -37.00 -37.06 -37.16 -37.25 -37.38 -37.53 -37.69 -37.81 -37.91 -37.91 -37.81 -37.69 -37.50 -37.31 -37.12 -36.84 -36.53 -36.12 -35.59 -35.16 -34.84 -34.44 -34.19 -33.91 -33.66 -33.44 -33.03 -32.16 -32.22 -33.09 -33.84 -34.41 -34.75 -34.97 -34.91 -34.69 -34.38 -34.19 -34.03 -33.75 -33.50 -33.31 -32.91 -32.34 -31.91 -31.25
-36.62 -36.69 -36.75 -36.81 -36.88 -36.88 -36.81 -36.75 -36.72 -36.72 -36.69 -36.69 -36.66 -36.62 -36.59 -36.56 -36.50 -36.47 -36.44 -36.47 -36.50 -36.59 -36.69 -36.81 -36.91 -37.03 -37.12 -37.22 -37.34 -37.47 -37.59 -37.78 -37.94 -38.09 -38.16 -38.16 -38.06 -37.94 -37.78 -37.59 -37.34 -37.03 -36.66 -36.28 -35.94 -35.62 -35.31 -35.00 -34.59 -34.31 -34.00 -33.47 -32.56 -32.56 -33.38 -34.28 -34.81 -35.16 -35.38 -35.34 -35.16 -34.94 -34.78 -34.59 -34.41 -34.19 -33.91 -33.41 -32.91 -32.31 -31.56
-36.78 -36.88 -36.94 -37.00 -37.03 -37.03 -37.00 -36.94 -36.91 -36.88 -36.88 -36.81 -36.78 -36.72 -36.66 -36.59 -36.53 -36.50 -36.44 -36.44 -36.50 -36.59 -36.69 -36.81 -36.94 -37.06 -37.19 -37.31 -37.44 -37.56 -37.69 -37.88 -38.06 -38.28 -38.41 -38.47 -38.44 -38.34 -38.22 -38.06 -37.81 -37.53 -37.22 -36.91 -36.59 -36.31 -36.00 -35.69 -35.28 -34.88 -34.56 -33.81 -32.97 -32.94 -33.66 -34.66 -35.19 -35.56 -35.75 -35.75 -35.62 -35.41 -35.25 -35.06 -34.84 -34.59 -34.28 -33.88 -33.22 -32.53 -31.75
-36.97 -37.03 -37.09 -37.16 -37.22 -37.19 -37.16 -37.12 -37.09 -37.06 -37.03 -36.97 -36.91 -36.84 -36.75 -36.69 -36.62 -36.56 -36.50 -36.47 -36.50 -36.59 -36.69 -36.84 -36.97 -37.12 -37.25 -37.38 -37.53 -37.66 -37.81 -38.00 -38.19 -38.44 -38.62 -38.75 -38.78 -38.75 -38.66 -38.50 -38.28 -38.03 -37.78 -37.50 -37.22 -36.94 -36.62 -36.31 -35.97 -35.53 -35.12 -34.22 -33.44 -33.41 -33.94 -34.88 -35.59 -35.94 -36.16 -36.16 -36.00 -35.84 -35.66 -35.47 -35.25 -34.97 -34.59 -34.12 -33.41 -32.84 -31.91
-37.12 -37.16 -37.22 -37.31 -37.34 -37.38 -37.34 -37.31 -37.28 -37.25 -37.19 -37.12 -37.03 -36.97 -36.88 -36.81 -36.72 -36.66 -36.56 -36.53 -36.50 -36.59 -36.72 -36.84 -37.00 -37.16 -37.28 -37.44 -37.59 -37.78 -37.94 -38.12 -38.34 -38.56 -38.81 -39.00 -39.09 -39.09 -39.03 -38.91 -38.72 -38.53 -38.28 -38.06 -37.78 -37.50 -37.22 -36.91 -36.56 -36.19 -35.69 -34.69 -33.97 -34.00 -34.56 -35.50 -36.00 -36.34 -36.53 -36.50 -36.38 -36.22 -36.03 -35.81 -35.56 -35.25 -34.84 -34.34 -33.78 -33.16 -32.06
-37.28 -37.31 -37.38 -37.44 -37.50 -37.50 -37.50 -37.47 -37.44 -37.41 -37.34 -37.28 -37.19 -37.09 -37.00 -36.91 -36.81 -36.72 -36.66 -36.59 -36.56 -36.59 -36.72 -36.84 -37.00 -37.16 -37.31 -37.47 -37.69 -37.88 -38.06 -38.28 -38.50 -38.72 -39.00 -39.22 -39.38 -39.44 -39.41 -39.31 -39.16 -38.97 -38.78 -38.56 -38.31 -38.06 -37.78 -37.47 -37.12 -36.75 -36.19 -35.22 -34.59 -34.72 -35.41 -36.09 -36.47 -36.75 -36.88 -36.88 -36.72 -36.56 -36.38 -36.16 -35.84 -35.47 -35.03 -34.56 -34.06 -33.34 -32.19
-37.47 -37.47 -37.50 -37.53 -37.59 -37.62 -37.66 -37.62 -37.59 -37.56 -37.50 -37.41 -37.34 -37.25 -37.12 -37.03 -36.91 -36.81 -36.72 -36.66 -36.62 -36.62 -36.72 -36.84 -37.00 -37.12 -37.31 -37.50 -37.72 -37.94 -38.19 -38.41 -38.66 -38.88 -39.16 -39.41 -39.62 -39.75 -39.75 -39.66 -39.53 -39.41 -39.25 -39.06 -38.81 -38.56 -38.31 -38.00 -37.66 -37.31 -36.72 -35.81 -35.28 -35.41 -36.03 -36.62 -36.94 -37.12 -37.25 -37.22 -37.06 -36.88 -36.69 -36.41 -36.09 -35.69 -35.25 -34.81 -34.34 -33.56 -32.41
-37.66 -37.62 -37.62 -37.66 -37.69 -37.75 -37.75 -37.75 -37.72 -37.69 -37.62 -37.53 -37.44 -37.34 -37.22 -37.09 -36.97 -36.88 -36.78 -36.72 -36.69 -36.69 -36.75 -36.88 -37.00 -37.16 -37.31 -37.53 -37.75 -38.00 -38.28 -38.53 -38.78 -39.03 -39.31 -39.56 -39.81 -40.00 -40.03 -40.00 -39.91 -39.81 -39.66 -39.50 -39.28 -39.06 -38.81 -38.50 -38.19 -37.84 -37.31 -36.53 -36.03 -36.06 -36.59 -37.12 -37.34 -37.53 -37.59 -37.53 -37.38 -37.19 -36.94 -36.66 -36.28 -35.91 -35.47 -35.06 -34.62 -33.94 -32.72
-37.81 -37.75 -37.75 -37.75 -37.78 -37.81 -37.81 -37.84 -37.81 -37.78 -37.72 -37.62 -37.53 -37.41 -37.31 -37.16 -37.03 -36.94 -36.88 -36.81 -36.81 -36.81 -36.84 -36.94 -37.06 -37.19 -37.38 -37.56 -37.81 -38.09 -38.34 -38.62 -38.91 -39.16 -39.44 -39.72 -40.00 -40.22 -40.31 -40.31 -40.25 -40.16 -40.06 -39.91 -39.72 -39.50 -39.25 -38.97 -38.66 -38.34 -37.97 -37.31 -36.84 -36.78 -37.19 -37.56 -37.75 -37.91 -37.94 -37.84 -37.69 -37.44 -37.19 -36.84 -36.50 -36.12 -35.72 -35.38 -34.97 -34.44 -33.69
-37.94 -37.91 -37.84 -37.84 -37.84 -37.84 -37.88 -37.88 -37.88 -37.81 -37.75 -37.69 -37.59 -37.47 -37.34 -37.22 -37.09 -37.03 -36.97 -36.94 -36.94 -36.94 -36.97 -37.06 -37.16 -37.31 -37.47 -37.69 -37.94 -38.19 -38.47 -38.75 -39.03 -39.31 -39.59 -39.91 -40.19 -40.41 -40.56 -40.59 -40.56 -40.50 -40.41 -40.28 -40.12 -39.91 -39.66 -39.38 -39.09 -38.84 -38.53 -38.03 -37.59 -37.50 -37.78 -38.00 -38.16 -38.25 -38.25 -38.12 -37.94 -37.69 -37.38 -37.06 -36.69 -36.34 -36.00 -35.69 -35.41 -35.12 -34.88
-38.06 -38.00 -37.97 -37.91 -37.88 -37.88 -37.88 -37.88 -37.84 -37.81 -37.78 -37.69 -37.62 -37.50 -37.38 -37.25 -37.16 -37.09 -37.06 -37.06 -37.09 -37.09 -37.12 -37.19 -37.31 -37.47 -37.62 -37.84 -38.06 -38.34 -38.59 -38.88 -39.16 -39.47 -39.75 -40.06 -40.34 -40.62 -40.78 -40.84 -40.88 -40.81 -40.75 -40.62 -40.47 -40.28 -40.03 -39.78 -39.50 -39.25 -38.97 -38.66 -38.28 -38.19 -38.28 -38.44 -38.53 -38.59 -38.53 -38.41 -38.16 -37.88 -37.59 -37.25 -36.91 -36.56 -36.28 -36.06 -35.84 -35.62 -35.44
-38.16 -38.09 -38.03 -38.00 -37.94 -37.91 -37.88 -37.84 -37.81 -37.78 -37.75 -37.69 -37.59 -37.50 -37.41 -37.28 -37.22 -37.16 -37.16 -37.22 -37.25 -37.28 -37.31 -37.34 -37.47 -37.62 -37.78 -38.00 -38.22 -38.50 -38.75 -39.03 -39.31 -39.59 -39.91 -40.22 -40.53 -40.81 -41.00 -41.12 -41.16 -41.12 -41.06 -40.94 -40.81 -40.62 -40.41 -40.16 -39.88 -39.59 -39.34 -39.09 -38.84 -38.75 -38.75 -38.81 -38.88 -38.91 -38.81 -38.62 -38.38 -38.09 -37.78 -37.44 -37.09 -36.84 -36.62 -36.44 -36.25 -36.06 -35.88
-38.22 -38.19 -38.12 -38.06 -37.97 -37.91 -37.88 -37.81 -37.78 -37.75 -37.69 -37.66 -37.59 -37.50 -37.41 -37.31 -37.25 -37.22 -37.28 -37.38 -37.44 -37.50 -37.50 -37.53 -37.62 -37.75 -37.94 -38.16 -38.38 -38.66 -38.91 -39.19 -39.47 -39.75 -40.06 -40.38 -40.69 -40.97 -41.22 -41.34 -41.41 -41.41 -41.34 -41.25 -41.12 -40.94 -40.72 -40.50 -40.22 -39.91 -39.66 -39.44 -39.28 -39.19 -39.16 -39.19 -39.22 -39.19 -39.06 -38.88 -38.59 -38.31 -37.97 -37.62 -37.34 -37.16 -37.00 -36.81 -36.66 -36.47 -36.31
-38.25 -38.22 -38.16 -38.09 -38.00 -37.94 -37.84 -37.78 -37.72 -37.69 -37.66 -37.59 -37.56 -37.47 -37.41 -37.34 -37.28 -37.28 -37.41 -37.53 -37.66 -37.72 -37.72 -37.72 -37.78 -37.91 -38.06 -38.28 -38.50 -38.75 -39.03 -39.31 -39.62 -39.91 -40.22 -40.56 -40.88 -41.16 -41.41 -41.59 -41.66 -41.66 -41.59 -41.50 -41.38 -41.22 -41.00 -40.78 -40.50 -40.22 -39.97 -39.75 -39.62 -39.53 -39.50 -39.50 -39.50 -39.44 -39.31 -39.09 -38.81 -38.53 -38.19 -37.88 -37.62 -37.47 -37.34 -37.19 -37.03 -36.88 -36.75
-38.25 -38.22 -38.16 -38.09 -38.00 -37.94 -37.84 -37.75 -37.69 -37.62 -37.59 -37.56 -37.53 -37.50 -37.44 -37.41 -37.34 -37.38 -37.56 -37.78 -37.94 -38.00 -38.03 -38.00 -37.97 -38.09 -38.22 -38.41 -38.59 -38.81 -39.09 -39.38 -39.69 -40.03 -40.38 -40.72 -41.06 -41.38 -41.62 -41.81 -41.91 -41.91 -41.84 -41.75 -41.62 -41.47 -41.25 -41.00 -40.72 -40.47 -40.25 -40.09 -39.97 -39.88 -39.81 -39.81 -39.78 -39.69 -39.53 -39.31 -39.03 -38.75 -38.44 -38.12 -37.94 -37.81 -37.69 -37.56 -37.41 -37.25 -37.12
-38.22 -38.19 -38.16 -38.09 -38.00 -37.91 -37.81 -37.75 -37.66 -37.59 -37.56 -37.56 -37.56 -37.59 -37.56 -37.53 -37.50 -37.53 -37.81 -38.06 -38.25 -38.38 -38.38 -38.34 -38.31 -38.38 -38.47 -38.56 -38.69 -38.91 -39.12 -39.38 -39.72 -40.09 -40.50 -40.88 -41.22 -41.56 -41.84 -42.03 -42.16 -42.16 -42.09 -42.00 -41.88 -41.69 -41.44 -41.19 -40.91 -40.69 -40.53 -40.41 -40.28 -40.19 -40.12 -40.06 -40.03 -39.94 -39.78 -39.53 -39.25 -38.97 -38.66 -38.41 -38.25 -38.12 -38.00 -37.88 -37.75 -37.59 -37.47
-38.16 -38.12 -38.09 -38.06 -38.00 -37.91 -37.81 -37.75 -37.69 -37.62 -37.62 -37.66 -37.72 -37.78 -37.84 -37.91 -37.91 -37.97 -38.19 -38.50 -38.69 -38.81 -38.84 -38.84 -38.81 -38.88 -38.97 -39.00 -39.06 -39.16 -39.28 -39.41 -39.66 -40.09 -40.56 -41.03 -41.44 -41.78 -42.06 -42.28 -42.41 -42.41 -42.34 -42.25 -42.12 -41.91 -41.66 -41.41 -41.16 -40.97 -40.84 -40.72 -40.59 -40.50 -40.41 -40.34 -40.28 -40.16 -39.97 -39.75 -39.47 -39.19 -38.91 -38.66 -38.53 -38.44 -38.34 -38.22 -38.06 -37.94 -37.78
-38.06 -38.06 -38.03 -38.00 -37.94 -37.91 -37.81 -37.78 -37.75 -37.75 -37.81 -37.91 -38.03 -38.19 -38.34 -38.50 -38.59 -38.62 -38.78 -39.03 -39.19 -39.31 -39.38 -39.41 -39.41 -39.47 -39.56 -39.62 -39.69 -39.78 -39.84 -39.88 -39.97 -40.25 -40.69 -41.22 -41.66 -42.00 -42.31 -42.53 -42.66 -42.66 -42.62 -42.53 -42.38 -42.19 -41.94 -41.69 -41.47 -41.31 -41.19 -41.06 -40.91 -40.78 -40.69 -40.59 -40.53 -40.38 -40.19 -39.94 -39.66 -39.41 -39.12 -38.94 -38.84 -38.78 -38.66 -38.53 -38.41 -38.22 -38.06
-37.91 -37.91 -37.91 -37.88 -37.84 -37.84 -37.81 -37.81 -37.88 -37.97 -38.12 -38.31 -38.53 -38.75 -38.94 -39.12 -39.28 -39.34 -39.47 -39.66 -39.78 -39.88 -39.97 -40.00 -40.03 -40.09 -40.19 -40.28 -40.38 -40.50 -40.62 -40.69 -40.72 -40.88 -41.16 -41.50 -41.91 -42.28 -42.59 -42.81 -42.94 -42.97 -42.91 -42.81 -42.69 -42.53 -42.31 -42.06 -41.84 -41.66 -41.50 -41.38 -41.22 -41.09 -40.97 -40.84 -40.75 -40.59 -40.38 -40.12 -39.88 -39.62 -39.38 -39.25 -39.16 -39.09 -39.00 -38.88 -38.69 -38.50 -38.31
-37.75 -37.75 -37.75 -37.72 -37.72 -37.72 -37.72 -37.81 -37.97 -38.16 -38.44 -38.72 -39.03 -39.28 -39.53 -39.75 -39.91 -40.03 -40.12 -40.28 -40.41 -40.50 -40.56 -40.62 -40.66 -40.72 -40.78 -40.88 -41.00 -41.16 -41.34 -41.47 -41.62 -41.72 -41.91 -42.06 -42.31 -42.62 -42.91 -43.12 -43.25 -43.28 -43.22 -43.16 -43.03 -42.88 -42.66 -42.44 -42.22 -42.03 -41.84 -41.69 -41.53 -41.38 -41.22 -41.09 -40.97 -40.78 -40.56 -40.34 -40.09 -39.84 -39.69 -39.59 -39.50 -39.41 -39.31 -39.16 -39.00 -38.78 -38.56
-37.59 -37.59 -37.56 -37.53 -37.53 -37.56 -37.62 -37.78 -38.00 -38.31 -38.69 -39.09 -39.47 -39.78 -40.09 -40.34 -40.53 -40.66 -40.78 -40.91 -41.03 -41.12 -41.19 -41.25 -41.28 -41.31 -41.38 -41.47 -41.62 -41.78 -41.94 -42.12 -42.28 -42.47 -42.59 -42.66 -42.75 -43.00 -43.25 -43.44 -43.56 -43.59 -43.56 -43.50 -43.41 -43.25 -43.03 -42.81 -42.56 -42.34 -42.16 -41.97 -41.78 -41.62 -41.47 -41.31 -41.16 -40.97 -40.78 -40.53 -40.31 -40.12 -40.00 -39.91 -39.81 -39.72 -39.62 -39.44 -39.25 -39.03 -38.78
-37.44 -37.44 -37.38 -37.34 -37.31 -37.34 -37.47 -37.69 -38.00 -38.38 -38.84 -39.31 -39.81 -40.25 -40.62 -40.91 -41.12 -41.28 -41.41 -41.53 -41.62 -41.72 -41.81 -41.84 -41.91 -41.94 -41.97 -42.06 -42.19 -42.38 -42.56 -42.72 -42.88 -43.00 -43.09 -43.12 -43.19 -43.41 -43.62 -43.81 -43.94 -43.97 -43.94 -43.88 -43.75 -43.59 -43.41 -43.16 -42.91 -42.69 -42.44 -42.25 -42.03 -41.88 -41.69 -41.53 -41.38 -41.19 -40.97 -40.78 -40.59 -40.44 -40.31 -40.22 -40.12 -40.03 -39.88 -39.72 -39.50 -39.25 -38.97
-37.34 -37.28 -37.19 -37.12 -37.03 -37.03 -37.16 -37.50 -37.94 -38.38 -38.84 -39.38 -39.94 -40.50 -41.00 -41.44 -41.72 -41.91 -42.03 -42.16 -42.25 -42.34 -42.38 -42.44 -42.50 -42.53 -42.59 -42.66 -42.78 -42.97 -43.16 -43.34 -43.47 -43.56 -43.59 -43.59 -43.59 -43.78 -44.03 -44.19 -44.31 -44.34 -44.31 -44.25 -44.12 -43.97 -43.75 -43.50 -43.22 -42.97 -42.72 -42.47 -42.28 -42.09 -41.94 -41.75 -41.59 -41.38 -41.19 -41.00 -40.84 -40.72 -40.59 -40.53 -40.44 -40.31 -40.12 -39.94 -39.69 -39.44 -39.12
-37.25 -37.16 -37.06 -36.88 -36.62 -36.50 -36.69 -37.12 -37.72 -38.22 -38.69 -39.25 -39.88 -40.53 -41.16 -41.75 -42.19 -42.50 -42.66 -42.75 -42.84 -42.91 -42.97 -43.00 -43.06 -43.12 -43.16 -43.22 -43.31 -43.53 -43.75 -43.94 -44.06 -44.12 -44.12 -44.00 -43.94 -44.19 -44.44 -44.59 -44.69 -44.72 -44.69 -44.59 -44.47 -44.28 -44.06 -43.78 -43.47 -43.19 -42.94 -42.72 -42.50 -42.31 -42.16 -41.97 -41.78 -41.59 -41.41 -41.25 -41.12 -41.00 -40.91 -40.78 -40.69 -40.56 -40.38 -40.16 -39.91 -39.62 -39.31
-37.19 -37.09 -36.97 -36.72 -36.34 -36.16 -36.34 -36.78 -37.28 -37.75 -38.22 -38.81 -39.59 -40.38 -41.16 -41.88 -42.50 -42.97 -43.25 -43.34 -43.44 -43.50 -43.53 -43.56 -43.59 -43.66 -43.72 -43.78 -43.84 -44.03 -44.28 -44.50 -44.66 -44.69 -44.62 -44.41 -44.28 -44.56 -44.84 -45.03 -45.09 -45.12 -45.06 -44.97 -44.81 -44.59 -44.31 -44.00 -43.69 -43.41 -43.16 -42.94 -42.75 -42.53 -42.34 -42.16 -41.97 -41.81 -41.66 -41.53 -41.41 -41.28 -41.16 -41.06 -40.94 -40.78 -40.56 -40.34 -40.06 -39.78 -39.50
-37.16 -37.06 -36.94 -36.69 -36.34 -36.22 -36.47 -36.81 -37.12 -37.34 -37.69 -38.25 -39.06 -40.06 -41.00 -41.84 -42.62 -43.28 -43.75 -43.97 -44.03 -44.06 -44.09 -44.09 -44.12 -44.19 -44.28 -44.34 -44.41 -44.56 -44.81 -45.06 -45.22 -45.25 -45.12 -44.88 -44.66 -44.97 -45.28 -45.44 -45.53 -45.50 -45.44 -45.28 -45.09 -44.81 -44.50 -44.19 -43.88 -43.62 -43.38 -43.16 -42.97 -42.75 -42.53 -42.34 -42.19 -42.03 -41.91 -41.78 -41.69 -41.56 -41.44 -41.31 -41.16 -40.97 -40.75 -40.53 -40.25 -39.97 -39.69
-37.12 -37.06 -36.97 -36.81 -36.62 -36.62 -36.94 -37.34 -37.66 -37.78 -37.78 -38.00 -38.62 -39.47 -40.44 -41.53 -42.50 -43.41 -44.06 -44.50 -44.66 -44.66 -44.66 -44.66 -44.62 -44.69 -44.81 -44.91 -45.00 -45.09 -45.31 -45.56 -45.72 -45.75 -45.62 -45.38 -45.19 -45.44 -45.72 -45.88 -45.94 -45.88 -45.78 -45.59 -45.34 -45.03 -44.72 -44.38 -44.09 -43.84 -43.59 -43.38 -43.16 -42.94 -42.72 -42.53 -42.41 -42.28 -42.19 -42.06 -41.94 -41.81 -41.69 -41.53 -41.38 -41.16 -40.94 -40.69 -40.44 -40.16 -39.88
-37.16 -37.12 -37.09 -37.06 -37.06 -37.16 -37.44 -37.88 -38.19 -38.44 -38.56 -38.38 -38.44 -38.94 -39.72 -40.72 -41.91 -43.25 -44.25 -44.91 -45.19 -45.25 -45.25 -45.22 -45.16 -45.19 -45.31 -45.47 -45.56 -45.66 -45.81 -46.03 -46.19 -46.22 -46.12 -45.94 -45.81 -45.97 -46.19 -46.28 -46.31 -46.25 -46.09 -45.84 -45.56 -45.25 -44.94 -44.62 -44.31 -44.06 -43.81 -43.56 -43.31 -43.06 -42.88 -42.75 -42.62 -42.53 -42.44 -42.34 -42.22 -42.06 -41.94 -41.75 -41.56 -41.34 -41.12 -40.88 -40.62 -40.34 -40.09
-37.25 -37.25 -37.25 -37.28 -37.41 -37.56 -37.81 -38.12 -38.47 -38.81 -39.12 -39.25 -39.03 -39.06 -39.53 -40.38 -41.53 -42.91 -44.28 -45.19 -45.66 -45.81 -45.81 -45.78 -45.69 -45.66 -45.81 -45.97 -46.09 -46.22 -46.34 -46.50 -46.62 -46.66 -46.59 -46.50 -46.41 -46.50 -46.62 -46.69 -46.69 -46.56 -46.38 -46.09 -45.81 -45.50 -45.16 -44.84 -44.53 -44.25 -43.97 -43.69 -43.44 -43.22 -43.06 -42.97 -42.88 -42.78 -42.72 -42.59 -42.47 -42.31 -42.16 -41.97 -41.75 -41.53 -41.31 -41.06 -40.81 -40.56 -40.31
