everonasctiles/Tile[24,35].asc
ncols 128
nrows 128
xllcorner 0
yllcorner 0
cellsize 2.0
NODATA_value  -9999
[rows 64 to 95 of 128, columns 0 to 70 of 128]
-15.94 -15.91 -15.88 -15.94 -15.94 -16.12 -16.38 -16.62 -16.88 -17.09 -17.31 -17.62 -18.00 -18.28 -18.59 -19.00 -19.25 -19.53 -19.84 -20.12 -20.38 -20.56 -20.78 -20.94 -21.03 -21.16 -21.28 -21.38 -21.41 -21.47 -21.56 -21.56 -21.59 -21.62 -21.69 -21.72 -21.81 -21.94 -22.06 -22.12 -22.22 -22.31 -22.44 -22.50 -22.59 -22.69 -22.78 -22.84 -22.94 -23.00 -23.09 -23.16 -23.22 -23.34 -23.41 -23.47 -23.56 -23.56 -23.59 -23.66 -23.69 -23.75 -23.78 -23.78 -23.81 -23.81 -23.78 -23.69 -23.66 -23.62 -23.59
-15.72 -15.75 -15.78 -15.78 -15.91 -16.06 -16.31 -16.53 -16.84 -17.12 -17.44 -17.72 -18.09 -18.34 -18.59 -18.91 -19.22 -19.50 -19.78 -20.06 -20.28 -20.41 -20.59 -20.75 -20.94 -21.09 -21.16 -21.22 -21.31 -21.38 -21.47 -21.53 -21.50 -21.53 -21.59 -21.69 -21.75 -21.88 -22.00 -22.06 -22.12 -22.22 -22.34 -22.47 -22.53 -22.53 -22.62 -22.72 -22.84 -22.94 -23.00 -23.06 -23.12 -23.22 -23.31 -23.38 -23.38 -23.44 -23.50 -23.53 -23.56 -23.56 -23.62 -23.59 -23.62 -23.66 -23.59 -23.56 -23.53 -23.50 -23.47
-15.69 -15.72 -15.78 -15.81 -15.84 -16.03 -16.31 -16.53 -16.75 -17.03 -17.41 -17.69 -18.00 -18.25 -18.44 -18.81 -19.12 -19.34 -19.69 -19.94 -20.12 -20.31 -20.50 -20.69 -20.88 -20.97 -21.00 -21.12 -21.19 -21.25 -21.38 -21.41 -21.41 -21.47 -21.50 -21.56 -21.66 -21.75 -21.88 -21.97 -22.03 -22.06 -22.16 -22.31 -22.38 -22.47 -22.59 -22.66 -22.75 -22.88 -22.91 -22.97 -23.03 -23.12 -23.22 -23.28 -23.22 -23.31 -23.38 -23.41 -23.44 -23.44 -23.44 -23.47 -23.47 -23.50 -23.50 -23.47 -23.44 -23.34 -23.31
-15.69 -15.69 -15.78 -15.84 -15.78 -15.97 -16.31 -16.62 -16.84 -17.00 -17.38 -17.66 -17.91 -18.22 -18.38 -18.62 -19.00 -19.28 -19.56 -19.84 -20.09 -20.28 -20.44 -20.59 -20.78 -20.88 -20.94 -21.00 -21.06 -21.12 -21.28 -21.28 -21.31 -21.34 -21.44 -21.50 -21.56 -21.62 -21.69 -21.75 -21.91 -22.03 -22.16 -22.22 -22.22 -22.31 -22.47 -22.56 -22.69 -22.72 -22.78 -22.84 -22.94 -23.03 -23.06 -23.09 -23.12 -23.19 -23.22 -23.25 -23.28 -23.28 -23.28 -23.31 -23.31 -23.38 -23.41 -23.34 -23.28 -23.12 -23.12
-15.62 -15.75 -15.78 -15.75 -15.84 -16.06 -16.28 -16.59 -16.84 -16.97 -17.34 -17.72 -17.97 -18.19 -18.41 -18.69 -18.75 -19.16 -19.44 -19.75 -20.06 -20.22 -20.38 -20.56 -20.69 -20.78 -20.84 -20.94 -20.97 -21.06 -21.19 -21.22 -21.19 -21.22 -21.31 -21.44 -21.53 -21.62 -21.62 -21.72 -21.88 -21.97 -22.06 -22.16 -22.16 -22.19 -22.31 -22.44 -22.47 -22.56 -22.72 -22.78 -22.81 -22.84 -22.94 -23.00 -23.00 -23.03 -23.09 -23.09 -23.12 -23.12 -23.16 -23.19 -23.19 -23.22 -23.12 -23.19 -23.19 -23.19 -23.09
-15.62 -15.75 -15.75 -15.75 -15.84 -16.09 -16.31 -16.53 -16.81 -17.09 -17.28 -17.56 -17.81 -18.06 -18.31 -18.59 -18.66 -19.00 -19.38 -19.69 -19.94 -20.06 -20.25 -20.47 -20.59 -20.72 -20.78 -20.78 -20.84 -20.94 -21.03 -21.09 -21.12 -21.19 -21.25 -21.34 -21.47 -21.53 -21.56 -21.72 -21.78 -21.84 -21.94 -22.00 -22.06 -22.06 -22.19 -22.31 -22.38 -22.50 -22.59 -22.62 -22.66 -22.69 -22.72 -22.84 -22.88 -22.91 -22.97 -22.97 -22.97 -22.97 -22.97 -22.97 -23.00 -23.06 -23.09 -23.12 -23.09 -23.06 -23.03
-15.62 -15.69 -15.78 -15.81 -15.78 -15.94 -16.34 -16.56 -16.84 -17.06 -17.28 -17.56 -17.84 -18.12 -18.31 -18.50 -18.66 -18.88 -19.25 -19.62 -19.91 -20.16 -20.28 -20.41 -20.53 -20.56 -20.56 -20.62 -20.69 -20.75 -20.81 -20.97 -21.09 -21.19 -21.25 -21.28 -21.38 -21.47 -21.53 -21.62 -21.72 -21.78 -21.84 -21.88 -22.00 -22.06 -22.12 -22.22 -22.31 -22.38 -22.50 -22.50 -22.56 -22.66 -22.66 -22.72 -22.72 -22.78 -22.84 -22.81 -22.78 -22.75 -22.75 -22.75 -22.81 -22.84 -22.97 -22.97 -22.97 -22.94 -22.88
-15.53 -15.66 -15.78 -15.78 -15.88 -16.09 -16.47 -16.69 -16.91 -17.09 -17.31 -17.66 -17.91 -18.16 -18.38 -18.50 -18.66 -18.94 -19.25 -19.62 -19.84 -20.03 -20.19 -20.31 -20.38 -20.34 -20.44 -20.53 -20.62 -20.72 -20.78 -20.91 -21.06 -21.12 -21.22 -21.25 -21.28 -21.38 -21.44 -21.56 -21.59 -21.66 -21.69 -21.75 -21.78 -21.91 -21.97 -22.09 -22.22 -22.28 -22.31 -22.38 -22.44 -22.50 -22.53 -22.59 -22.56 -22.56 -22.59 -22.59 -22.53 -22.59 -22.69 -22.72 -22.75 -22.75 -22.75 -22.78 -22.78 -22.78 -22.72
-15.56 -15.59 -15.91 -15.97 -16.03 -16.22 -16.47 -16.72 -16.88 -17.19 -17.50 -17.66 -17.91 -18.16 -18.31 -18.62 -18.81 -18.94 -19.16 -19.41 -19.69 -19.88 -20.09 -20.22 -20.31 -20.38 -20.47 -20.50 -20.59 -20.72 -20.78 -20.81 -20.97 -21.06 -21.12 -21.22 -21.28 -21.31 -21.34 -21.47 -21.53 -21.59 -21.62 -21.69 -21.75 -21.78 -21.84 -21.94 -22.00 -22.12 -22.19 -22.25 -22.31 -22.34 -22.38 -22.34 -22.38 -22.47 -22.50 -22.50 -22.50 -22.53 -22.56 -22.62 -22.66 -22.66 -22.62 -22.56 -22.62 -22.56 -22.50
-15.66 -15.75 -15.97 -16.06 -16.12 -16.31 -16.50 -16.75 -16.94 -17.22 -17.47 -17.66 -17.88 -18.19 -18.44 -18.69 -18.88 -19.06 -19.16 -19.34 -19.62 -19.78 -19.94 -20.16 -20.28 -20.31 -20.41 -20.50 -20.59 -20.72 -20.75 -20.81 -20.91 -20.94 -21.03 -21.12 -21.19 -21.28 -21.31 -21.31 -21.41 -21.47 -21.50 -21.50 -21.66 -21.72 -21.75 -21.84 -21.88 -21.94 -22.03 -22.09 -22.16 -22.19 -22.19 -22.25 -22.31 -22.34 -22.38 -22.38 -22.38 -22.38 -22.44 -22.47 -22.44 -22.44 -22.47 -22.47 -22.44 -22.38 -22.34
-15.91 -15.97 -16.00 -16.09 -16.19 -16.38 -16.47 -16.59 -16.84 -17.19 -17.47 -17.72 -17.91 -18.19 -18.44 -18.62 -18.84 -19.03 -19.22 -19.38 -19.53 -19.69 -19.91 -20.00 -20.12 -20.19 -20.28 -20.41 -20.53 -20.66 -20.72 -20.75 -20.81 -20.81 -20.91 -21.06 -21.12 -21.16 -21.16 -21.22 -21.25 -21.28 -21.38 -21.41 -21.47 -21.56 -21.62 -21.69 -21.75 -21.72 -21.81 -21.94 -21.97 -22.00 -22.06 -22.16 -22.19 -22.19 -22.22 -22.16 -22.22 -22.28 -22.25 -22.22 -22.19 -22.25 -22.25 -22.28 -22.25 -22.19 -22.19
-16.12 -16.16 -16.25 -16.38 -16.41 -16.47 -16.59 -16.75 -17.00 -17.28 -17.50 -17.66 -17.91 -18.12 -18.38 -18.66 -18.81 -18.94 -19.12 -19.34 -19.56 -19.69 -19.81 -19.84 -20.00 -20.19 -20.28 -20.44 -20.50 -20.56 -20.62 -20.69 -20.69 -20.69 -20.81 -20.88 -20.97 -21.03 -21.09 -21.16 -21.16 -21.19 -21.22 -21.28 -21.31 -21.41 -21.50 -21.56 -21.59 -21.66 -21.72 -21.78 -21.84 -21.88 -21.84 -21.91 -22.00 -22.06 -22.03 -22.00 -22.03 -22.06 -22.09 -22.09 -22.12 -22.03 -22.00 -22.03 -21.97 -21.94 -21.91
-16.34 -16.47 -16.62 -16.56 -16.53 -16.62 -16.75 -16.88 -17.06 -17.28 -17.47 -17.66 -17.84 -18.00 -18.28 -18.56 -18.75 -18.84 -19.09 -19.31 -19.50 -19.66 -19.72 -19.78 -19.88 -20.03 -20.19 -20.31 -20.44 -20.50 -20.56 -20.56 -20.53 -20.59 -20.69 -20.75 -20.81 -20.88 -20.91 -20.97 -20.97 -21.03 -21.09 -21.09 -21.16 -21.22 -21.28 -21.41 -21.50 -21.56 -21.59 -21.59 -21.66 -21.66 -21.66 -21.69 -21.78 -21.84 -21.84 -21.81 -21.84 -21.84 -21.88 -21.88 -21.91 -21.88 -21.84 -21.75 -21.75 -21.72 -21.69
-16.50 -16.53 -16.62 -16.91 -16.88 -16.88 -16.94 -17.16 -17.31 -17.41 -17.59 -17.75 -17.91 -18.12 -18.25 -18.50 -18.62 -18.84 -19.09 -19.28 -19.44 -19.47 -19.59 -19.62 -19.72 -19.88 -20.06 -20.16 -20.28 -20.38 -20.44 -20.47 -20.50 -20.53 -20.53 -20.56 -20.59 -20.69 -20.72 -20.75 -20.78 -20.84 -20.91 -20.91 -21.00 -21.12 -21.22 -21.22 -21.25 -21.31 -21.38 -21.44 -21.47 -21.47 -21.44 -21.50 -21.53 -21.56 -21.62 -21.66 -21.66 -21.62 -21.59 -21.62 -21.66 -21.59 -21.62 -21.56 -21.53 -21.53 -21.47
-16.78 -16.81 -16.84 -16.94 -17.03 -17.09 -17.16 -17.31 -17.41 -17.53 -17.69 -17.81 -17.94 -18.12 -18.28 -18.50 -18.69 -18.81 -18.97 -19.19 -19.34 -19.53 -19.59 -19.66 -19.78 -19.81 -19.91 -20.00 -20.09 -20.16 -20.25 -20.31 -20.41 -20.41 -20.38 -20.34 -20.34 -20.47 -20.50 -20.50 -20.66 -20.75 -20.78 -20.81 -20.88 -20.94 -21.00 -21.09 -21.16 -21.12 -21.09 -21.16 -21.16 -21.22 -21.28 -21.25 -21.28 -21.31 -21.38 -21.41 -21.41 -21.41 -21.34 -21.38 -21.41 -21.41 -21.41 -21.38 -21.34 -21.34 -21.34
-16.97 -16.97 -17.00 -17.12 -17.19 -17.25 -17.28 -17.31 -17.44 -17.56 -17.53 -17.69 -17.91 -18.19 -18.31 -18.53 -18.69 -18.81 -18.97 -19.16 -19.34 -19.47 -19.59 -19.59 -19.66 -19.75 -19.78 -19.88 -20.03 -20.09 -20.12 -20.16 -20.25 -20.28 -20.22 -20.19 -20.12 -20.22 -20.28 -20.38 -20.47 -20.59 -20.66 -20.66 -20.72 -20.72 -20.78 -20.88 -20.94 -21.00 -20.94 -20.91 -20.97 -21.03 -21.03 -21.06 -21.06 -21.09 -21.06 -21.09 -21.12 -21.12 -21.19 -21.19 -21.19 -21.19 -21.19 -21.12 -21.16 -21.19 -21.19
-17.31 -17.25 -17.28 -17.38 -17.38 -17.44 -17.59 -17.69 -17.66 -17.66 -17.69 -17.75 -17.88 -18.06 -18.34 -18.53 -18.69 -18.78 -19.00 -19.16 -19.28 -19.34 -19.41 -19.53 -19.69 -19.75 -19.84 -19.91 -19.97 -20.03 -20.09 -20.16 -20.16 -20.09 -20.03 -19.97 -19.97 -20.06 -20.19 -20.25 -20.31 -20.44 -20.50 -20.56 -20.59 -20.56 -20.59 -20.66 -20.75 -20.81 -20.78 -20.78 -20.75 -20.78 -20.78 -20.75 -20.81 -20.78 -20.81 -20.88 -20.84 -20.84 -20.88 -20.94 -20.94 -20.91 -20.91 -20.91 -20.94 -20.91 -20.88
-17.41 -17.38 -17.53 -17.59 -17.53 -17.59 -17.69 -17.72 -17.84 -17.84 -17.88 -18.03 -18.06 -18.12 -18.31 -18.56 -18.69 -18.84 -18.97 -19.06 -19.12 -19.25 -19.31 -19.53 -19.62 -19.75 -19.75 -19.81 -19.88 -19.91 -20.03 -20.06 -20.09 -20.09 -20.06 -20.03 -20.00 -20.00 -20.00 -20.03 -20.16 -20.25 -20.34 -20.38 -20.38 -20.38 -20.41 -20.50 -20.53 -20.56 -20.56 -20.53 -20.50 -20.50 -20.47 -20.47 -20.50 -20.47 -20.56 -20.59 -20.59 -20.66 -20.72 -20.75 -20.72 -20.66 -20.72 -20.72 -20.66 -20.59 -20.62
-17.56 -17.47 -17.56 -17.59 -17.69 -17.81 -17.91 -17.94 -17.97 -18.06 -18.09 -18.16 -18.25 -18.38 -18.50 -18.53 -18.62 -18.78 -18.88 -18.94 -19.19 -19.28 -19.34 -19.44 -19.56 -19.66 -19.72 -19.75 -19.84 -19.84 -19.84 -19.84 -19.91 -19.91 -19.94 -19.94 -19.94 -19.91 -19.94 -19.91 -19.94 -20.03 -20.09 -20.16 -20.19 -20.22 -20.28 -20.34 -20.34 -20.38 -20.34 -20.25 -20.28 -20.31 -20.28 -20.31 -20.38 -20.28 -20.34 -20.38 -20.38 -20.44 -20.47 -20.47 -20.44 -20.44 -20.38 -20.28 -20.19 -20.31 -20.38
-17.78 -17.72 -17.72 -17.78 -17.72 -17.84 -18.09 -18.12 -18.19 -18.31 -18.22 -18.34 -18.44 -18.47 -18.56 -18.66 -18.75 -18.88 -18.94 -19.03 -19.12 -19.25 -19.38 -19.41 -19.53 -19.59 -19.66 -19.72 -19.75 -19.78 -19.75 -19.75 -19.75 -19.75 -19.72 -19.72 -19.72 -19.84 -19.81 -19.84 -19.81 -19.84 -19.84 -19.88 -20.03 -20.06 -20.09 -20.16 -20.16 -20.19 -20.16 -20.12 -20.09 -20.03 -20.09 -20.06 -20.03 -20.09 -20.16 -20.16 -20.19 -20.19 -20.22 -20.19 -20.25 -20.22 -20.16 -20.03 -20.00 -20.00 -20.09
-17.94 -17.94 -17.91 -17.91 -18.00 -18.00 -18.06 -18.31 -18.38 -18.41 -18.38 -18.44 -18.53 -18.59 -18.66 -18.72 -18.78 -18.88 -19.06 -19.06 -19.22 -19.28 -19.31 -19.41 -19.50 -19.59 -19.66 -19.69 -19.66 -19.69 -19.72 -19.72 -19.72 -19.72 -19.69 -19.69 -19.62 -19.66 -19.66 -19.72 -19.75 -19.78 -19.78 -19.75 -19.78 -19.88 -19.91 -19.84 -19.91 -19.94 -19.91 -19.88 -19.84 -19.88 -19.84 -19.84 -19.78 -19.84 -19.94 -19.97 -19.94 -19.94 -19.94 -19.91 -19.91 -19.91 -19.88 -19.94 -19.94 -19.97 -20.03
-18.06 -18.06 -18.06 -18.12 -18.19 -18.12 -18.22 -18.41 -18.47 -18.50 -18.50 -18.56 -18.59 -18.62 -18.66 -18.75 -18.84 -19.03 -19.09 -19.16 -19.28 -19.31 -19.34 -19.44 -19.47 -19.53 -19.59 -19.66 -19.59 -19.62 -19.66 -19.69 -19.72 -19.69 -19.59 -19.53 -19.59 -19.56 -19.53 -19.50 -19.56 -19.62 -19.69 -19.69 -19.72 -19.75 -19.75 -19.62 -19.69 -19.75 -19.75 -19.72 -19.69 -19.69 -19.62 -19.66 -19.66 -19.69 -19.75 -19.78 -19.75 -19.78 -19.75 -19.72 -19.72 -19.66 -19.75 -19.75 -19.78 -19.84 -19.88
-18.12 -18.12 -18.16 -18.22 -18.25 -18.28 -18.31 -18.41 -18.50 -18.53 -18.62 -18.62 -18.62 -18.66 -18.72 -18.84 -18.97 -19.12 -19.19 -19.19 -19.28 -19.31 -19.44 -19.44 -19.50 -19.56 -19.56 -19.56 -19.56 -19.62 -19.69 -19.66 -19.66 -19.62 -19.56 -19.50 -19.56 -19.62 -19.50 -19.41 -19.41 -19.47 -19.50 -19.53 -19.50 -19.59 -19.59 -19.59 -19.56 -19.53 -19.56 -19.59 -19.59 -19.56 -19.56 -19.50 -19.47 -19.50 -19.53 -19.56 -19.56 -19.56 -19.50 -19.47 -19.47 -19.53 -19.62 -19.59 -19.56 -19.62 -19.66
-18.31 -18.28 -18.25 -18.31 -18.38 -18.44 -18.50 -18.47 -18.50 -18.53 -18.59 -18.72 -18.78 -18.81 -18.88 -18.97 -19.03 -19.09 -19.12 -19.25 -19.31 -19.34 -19.38 -19.41 -19.50 -19.50 -19.53 -19.53 -19.53 -19.56 -19.59 -19.59 -19.62 -19.53 -19.53 -19.50 -19.47 -19.47 -19.47 -19.38 -19.41 -19.44 -19.47 -19.50 -19.44 -19.47 -19.53 -19.56 -19.53 -19.47 -19.44 -19.41 -19.44 -19.44 -19.53 -19.47 -19.41 -19.34 -19.38 -19.44 -19.44 -19.44 -19.38 -19.34 -19.41 -19.44 -19.44 -19.41 -19.34 -19.38 -19.41
-18.50 -18.50 -18.44 -18.47 -18.56 -18.62 -18.59 -18.62 -18.62 -18.66 -18.72 -18.81 -18.88 -18.91 -18.97 -19.06 -19.12 -19.19 -19.19 -19.25 -19.28 -19.31 -19.41 -19.50 -19.47 -19.47 -19.47 -19.47 -19.53 -19.53 -19.50 -19.50 -19.47 -19.44 -19.38 -19.38 -19.41 -19.41 -19.38 -19.38 -19.38 -19.41 -19.38 -19.38 -19.41 -19.44 -19.47 -19.44 -19.47 -19.47 -19.44 -19.38 -19.34 -19.31 -19.31 -19.31 -19.28 -19.25 -19.28 -19.28 -19.31 -19.31 -19.25 -19.19 -19.16 -19.22 -19.25 -19.22 -19.19 -19.16 -19.25
-18.59 -18.62 -18.59 -18.62 -18.62 -18.69 -18.66 -18.69 -18.78 -18.78 -18.78 -18.81 -18.88 -18.94 -19.06 -19.16 -19.19 -19.28 -19.31 -19.28 -19.28 -19.31 -19.47 -19.50 -19.53 -19.53 -19.50 -19.47 -19.47 -19.47 -19.44 -19.44 -19.38 -19.34 -19.31 -19.31 -19.34 -19.31 -19.31 -19.31 -19.31 -19.34 -19.38 -19.38 -19.34 -19.34 -19.38 -19.41 -19.47 -19.44 -19.38 -19.31 -19.28 -19.25 -19.22 -19.16 -19.16 -19.16 -19.22 -19.25 -19.19 -19.16 -19.16 -19.06 -18.97 -19.03 -19.09 -19.03 -18.97 -19.00 -19.06
-18.69 -18.72 -18.69 -18.72 -18.75 -18.66 -18.66 -18.75 -18.91 -18.88 -18.91 -18.88 -18.94 -18.97 -19.09 -19.19 -19.25 -19.28 -19.31 -19.38 -19.34 -19.41 -19.47 -19.53 -19.56 -19.56 -19.53 -19.50 -19.44 -19.44 -19.41 -19.38 -19.38 -19.34 -19.34 -19.31 -19.28 -19.28 -19.25 -19.22 -19.31 -19.34 -19.28 -19.28 -19.34 -19.25 -19.28 -19.38 -19.38 -19.31 -19.25 -19.19 -19.12 -19.12 -19.12 -19.00 -19.00 -19.03 -19.09 -19.06 -19.00 -19.00 -19.00 -18.91 -18.84 -18.84 -18.94 -18.88 -18.81 -18.88 -18.91
-18.78 -18.81 -18.78 -18.75 -18.81 -18.78 -18.81 -18.84 -18.97 -18.94 -18.94 -19.00 -19.00 -19.09 -19.09 -19.19 -19.31 -19.38 -19.38 -19.38 -19.34 -19.41 -19.44 -19.50 -19.53 -19.53 -19.50 -19.50 -19.44 -19.38 -19.38 -19.44 -19.41 -19.38 -19.34 -19.31 -19.22 -19.19 -19.22 -19.22 -19.28 -19.28 -19.25 -19.22 -19.22 -19.25 -19.22 -19.25 -19.28 -19.22 -19.16 -19.09 -19.03 -19.06 -19.06 -19.00 -18.91 -18.88 -18.94 -18.88 -18.88 -18.78 -18.78 -18.69 -18.66 -18.66 -18.69 -18.72 -18.72 -18.75 -18.78
-18.81 -18.88 -18.88 -18.81 -18.81 -18.88 -18.94 -18.97 -19.00 -18.97 -18.97 -19.03 -19.00 -19.06 -19.12 -19.16 -19.25 -19.34 -19.34 -19.34 -19.34 -19.38 -19.41 -19.47 -19.50 -19.47 -19.47 -19.50 -19.44 -19.44 -19.47 -19.44 -19.44 -19.38 -19.34 -19.31 -19.28 -19.19 -19.19 -19.16 -19.16 -19.19 -19.22 -19.16 -19.16 -19.19 -19.22 -19.19 -19.12 -19.12 -19.03 -19.00 -18.97 -18.97 -18.97 -18.94 -18.88 -18.75 -18.78 -18.75 -18.69 -18.66 -18.56 -18.53 -18.44 -18.44 -18.47 -18.53 -18.56 -18.62 -18.66
-18.75 -18.84 -18.88 -18.91 -18.84 -18.88 -18.94 -18.97 -19.03 -19.06 -19.09 -19.12 -19.09 -19.06 -19.22 -19.28 -19.31 -19.34 -19.34 -19.34 -19.38 -19.34 -19.41 -19.44 -19.47 -19.44 -19.44 -19.41 -19.38 -19.47 -19.50 -19.44 -19.44 -19.41 -19.34 -19.31 -19.28 -19.22 -19.12 -19.09 -19.16 -19.16 -19.12 -19.12 -19.16 -19.16 -19.16 -19.12 -19.09 -19.00 -18.94 -18.84 -18.84 -18.84 -18.84 -18.81 -18.78 -18.72 -18.66 -18.53 -18.50 -18.41 -18.44 -18.34 -18.31 -18.34 -18.31 -18.38 -18.44 -18.50 -18.53
-18.75 -18.66 -18.72 -18.91 -18.91 -18.97 -18.97 -19.00 -19.03 -19.09 -19.12 -19.19 -19.16 -19.16 -19.19 -19.28 -19.34 -19.41 -19.44 -19.41 -19.44 -19.44 -19.47 -19.47 -19.47 -19.44 -19.41 -19.41 -19.38 -19.47 -19.47 -19.47 -19.44 -19.44 -19.38 -19.31 -19.28 -19.19 -19.16 -19.09 -19.12 -19.19 -19.12 -19.09 -19.09 -19.06 -19.09 -19.06 -19.00 -18.94 -18.91 -18.84 -18.75 -18.72 -18.69 -18.62 -18.56 -18.50 -18.50 -18.47 -18.38 -18.34 -18.25 -18.19 -18.19 -18.19 -18.16 -18.19 -18.28 -18.38 -18.38
-18.62 -18.69 -18.72 -18.78 -18.84 -18.91 -18.97 -19.00 -19.00 -19.06 -19.06 -19.09 -19.12 -19.19 -19.25 -19.28 -19.34 -19.38 -19.41 -19.47 -19.44 -19.44 -19.44 -19.44 -19.47 -19.47 -19.47 -19.47 -19.41 -19.44 -19.44 -19.44 -19.44 -19.38 -19.31 -19.28 -19.28 -19.19 -19.16 -19.12 -19.09 -19.06 -19.03 -19.06 -19.03 -19.00 -18.97 -18.94 -18.91 -18.88 -18.84 -18.75 -18.66 -18.62 -18.56 -18.50 -18.38 -18.31 -18.31 -18.31 -18.28 -18.25 -18.12 -18.12 -18.16 -18.06 -18.06 -18.00 -18.06 -18.16 -18.22
