everonasctiles/Tile[35,11].asc
ncols 128
nrows 128
xllcorner 0
yllcorner 0
cellsize 2.0
NODATA_value  -9999
[rows 64 to 95 of 128, columns 0 to 70 of 128]
120.72 120.59 120.50 120.44 120.41 120.38 120.38 120.41 120.44 120.47 120.56 120.66 120.78 120.97 121.22 121.59 122.03 122.56 123.28 124.12 125.06 126.06 127.03 127.94 128.69 129.50 130.38 131.09 131.72 132.16 132.78 133.28 133.88 134.31 134.75 135.22 135.94 137.03 138.00 138.38 138.69 138.69 138.62 138.56 138.50 138.50 138.62 138.88 139.03 139.22 139.41 139.56 139.72 139.91 140.06 140.25 140.38 140.56 140.84 141.06 141.22 141.56 141.84 142.19 142.53 142.94 143.41 143.91 144.34 144.78 145.22
120.03 119.94 119.88 119.84 119.81 119.81 119.84 119.88 119.94 120.03 120.12 120.28 120.47 120.72 121.03 121.44 121.94 122.56 123.34 124.16 125.09 126.00 126.91 127.69 128.38 129.06 129.88 130.50 131.03 131.62 132.28 132.84 133.44 133.97 134.44 135.03 136.12 136.97 137.62 138.12 138.28 138.19 138.06 137.97 137.94 137.97 138.09 138.31 138.50 138.72 138.88 139.06 139.22 139.41 139.59 139.69 139.84 140.03 140.31 140.47 140.75 141.06 141.38 141.72 142.06 142.50 142.97 143.47 143.91 144.38 144.78
119.34 119.28 119.25 119.25 119.25 119.25 119.31 119.38 119.44 119.56 119.69 119.88 120.09 120.41 120.78 121.25 121.78 122.47 123.25 124.06 124.94 125.84 126.69 127.38 128.09 128.75 129.34 130.00 130.59 131.22 131.91 132.56 133.12 133.59 134.06 134.88 135.84 136.69 137.34 137.72 137.75 137.59 137.44 137.34 137.34 137.44 137.56 137.75 137.94 138.19 138.38 138.53 138.72 138.88 139.00 139.09 139.28 139.53 139.84 140.00 140.25 140.56 140.91 141.31 141.66 142.09 142.56 143.06 143.53 144.00 144.44
118.66 118.62 118.62 118.62 118.66 118.72 118.78 118.84 118.97 119.09 119.25 119.47 119.72 120.06 120.44 120.94 121.50 122.19 122.97 123.78 124.62 125.47 126.25 126.97 127.66 128.31 128.97 129.56 130.28 130.97 131.69 132.28 132.91 133.34 133.66 134.31 135.53 136.38 136.94 137.16 137.06 136.94 136.72 136.69 136.75 136.88 137.00 137.16 137.41 137.66 137.84 138.03 138.19 138.34 138.47 138.62 138.75 139.00 139.31 139.53 139.81 140.12 140.53 140.91 141.25 141.69 142.16 142.62 143.12 143.62 144.06
117.97 117.97 118.00 118.03 118.09 118.16 118.25 118.34 118.47 118.62 118.78 119.03 119.31 119.66 120.06 120.53 121.09 121.78 122.50 123.28 124.09 124.91 125.69 126.44 127.16 127.84 128.50 129.19 130.03 130.69 131.28 131.84 132.50 132.78 133.25 134.34 135.25 135.94 136.34 136.44 136.31 136.12 136.06 136.06 136.16 136.25 136.41 136.56 136.91 137.09 137.31 137.50 137.66 137.81 137.97 138.12 138.25 138.56 138.81 139.09 139.41 139.75 140.12 140.50 140.91 141.28 141.72 142.22 142.75 143.19 143.69
117.31 117.34 117.38 117.44 117.53 117.59 117.72 117.81 117.97 118.12 118.31 118.56 118.84 119.19 119.59 120.06 120.62 121.25 121.94 122.66 123.41 124.19 124.94 125.72 126.47 127.22 127.97 128.75 129.56 130.31 130.84 131.38 131.97 132.53 133.22 134.06 134.84 135.41 135.62 135.62 135.53 135.41 135.41 135.38 135.50 135.62 135.81 136.06 136.31 136.53 136.75 136.94 137.12 137.31 137.47 137.62 137.81 138.12 138.38 138.69 139.03 139.38 139.75 140.09 140.50 140.94 141.44 141.94 142.41 142.88 143.34
116.66 116.72 116.78 116.88 116.97 117.06 117.19 117.31 117.47 117.62 117.84 118.09 118.38 118.72 119.09 119.56 120.06 120.66 121.28 121.94 122.62 123.34 124.06 124.81 125.59 126.41 127.22 128.03 128.88 129.72 130.41 130.97 131.47 132.03 132.72 133.50 134.25 134.72 134.88 134.78 134.72 134.69 134.72 134.72 134.84 135.00 135.25 135.47 135.72 135.97 136.19 136.41 136.62 136.81 137.00 137.12 137.38 137.66 137.94 138.28 138.66 139.03 139.38 139.78 140.19 140.66 141.12 141.59 142.12 142.66 143.12
116.03 116.12 116.19 116.31 116.41 116.53 116.66 116.78 116.94 117.12 117.34 117.56 117.88 118.19 118.56 118.97 119.47 120.00 120.56 121.16 121.78 122.44 123.09 123.81 124.56 125.41 126.25 127.16 128.03 128.91 129.72 130.41 130.88 131.34 131.50 132.66 133.47 133.94 134.03 134.00 133.97 133.94 134.00 134.06 134.19 134.38 134.62 134.94 135.16 135.41 135.66 135.91 136.12 136.31 136.44 136.66 137.00 137.28 137.56 137.94 138.31 138.66 139.03 139.44 139.84 140.31 140.75 141.28 141.75 142.28 142.81
115.41 115.56 115.66 115.78 115.88 115.97 116.03 116.19 116.41 116.62 116.81 117.06 117.31 117.62 118.00 118.38 118.81 119.31 119.81 120.38 120.94 121.53 122.16 122.81 123.50 124.28 125.16 126.09 127.00 127.91 128.75 129.47 129.81 129.81 130.41 131.75 132.53 133.00 133.12 133.09 133.16 133.19 133.28 133.41 133.56 133.78 134.03 134.31 134.66 134.88 135.16 135.41 135.62 135.81 135.91 136.31 136.66 136.91 137.22 137.56 137.94 138.31 138.69 139.09 139.50 139.97 140.44 140.91 141.41 141.94 142.53
114.62 114.91 115.06 115.16 115.19 115.16 115.12 115.22 115.56 116.03 116.31 116.53 116.78 117.06 117.38 117.75 118.16 118.59 119.06 119.56 120.09 120.66 121.22 121.81 122.47 123.19 124.00 124.94 125.88 126.78 127.62 128.31 128.47 128.94 129.56 130.75 131.47 131.94 132.09 132.12 132.06 132.28 132.56 132.81 132.94 133.19 133.47 133.78 134.09 134.38 134.66 134.91 135.16 135.31 135.62 135.94 136.25 136.50 136.81 137.19 137.59 137.97 138.34 138.75 139.16 139.56 140.06 140.53 141.12 141.72 142.31
113.97 114.12 114.28 114.28 114.19 114.12 114.06 114.19 114.66 115.38 115.78 115.97 116.19 116.47 116.75 117.09 117.47 117.88 118.31 118.78 119.28 119.81 120.31 120.91 121.53 122.19 122.94 123.75 124.66 125.59 126.44 127.12 127.53 128.00 128.81 129.72 130.34 130.75 131.06 131.19 131.28 131.56 131.84 132.09 132.41 132.69 132.97 133.25 133.56 133.84 134.16 134.44 134.69 134.94 135.25 135.50 135.72 136.09 136.50 136.84 137.22 137.62 138.03 138.34 138.72 139.22 139.72 140.25 140.88 141.53 142.16
113.84 113.84 113.84 113.81 113.62 113.38 113.19 113.34 113.72 114.88 115.28 115.44 115.62 115.84 116.12 116.44 116.78 117.16 117.56 118.03 118.47 118.97 119.47 120.03 120.59 121.25 121.94 122.72 123.50 124.38 125.28 126.03 126.59 127.03 127.69 128.53 129.12 129.53 129.94 130.12 130.44 130.56 131.03 131.41 131.78 132.12 132.41 132.72 133.03 133.34 133.66 133.97 134.19 134.50 134.81 135.03 135.31 135.69 136.09 136.47 136.84 137.28 137.56 138.03 138.56 139.03 139.53 140.09 140.69 141.38 142.03
113.84 113.84 113.81 113.66 113.44 113.19 113.00 112.94 112.91 113.91 114.81 114.91 115.06 115.25 115.50 115.78 116.09 116.47 116.84 117.28 117.72 118.19 118.66 119.19 119.75 120.34 121.03 121.75 122.50 123.31 124.12 124.94 125.56 126.03 126.34 127.41 127.94 128.25 128.50 128.84 129.38 129.94 130.44 130.78 131.16 131.50 131.84 132.16 132.47 132.84 133.12 133.41 133.78 134.06 134.38 134.59 134.94 135.25 135.69 136.06 136.47 136.81 137.22 137.75 138.22 138.72 139.25 139.84 140.53 141.25 142.00
113.78 113.81 113.84 113.66 113.41 113.22 113.06 112.94 112.78 112.84 113.19 114.41 114.50 114.66 114.88 115.16 115.47 115.78 116.16 116.56 116.97 117.41 117.88 118.38 118.94 119.50 120.12 120.81 121.53 122.28 123.09 123.88 124.59 125.12 125.69 126.31 126.84 127.09 127.53 128.06 128.62 129.22 129.78 130.22 130.53 130.91 131.25 131.53 131.84 132.22 132.59 132.97 133.28 133.59 133.94 134.19 134.53 134.88 135.25 135.66 136.03 136.38 136.91 137.34 137.81 138.34 138.91 139.53 140.25 141.09 142.00
113.72 113.69 113.69 113.72 113.53 113.34 113.22 113.09 112.75 112.72 112.88 113.41 113.88 114.09 114.31 114.56 114.84 115.16 115.50 115.88 116.28 116.69 117.12 117.62 118.12 118.69 119.28 119.94 120.62 121.34 122.09 122.91 123.62 124.28 124.91 125.50 126.06 126.47 126.94 127.41 127.88 128.44 128.97 129.50 129.94 130.31 130.69 130.91 131.34 131.75 132.16 132.47 132.81 133.16 133.44 133.78 134.09 134.41 134.75 135.12 135.56 136.03 136.47 136.91 137.41 137.94 138.50 139.09 139.91 140.91 141.97
113.69 113.62 113.56 113.53 113.50 113.47 113.44 113.22 112.75 112.72 112.81 112.72 112.88 113.25 113.69 114.03 114.31 114.59 114.91 115.25 115.59 116.00 116.41 116.88 117.34 117.88 118.47 119.06 119.72 120.44 121.16 121.97 122.72 123.44 124.09 124.69 125.34 125.88 126.34 126.78 127.28 127.81 128.31 128.84 129.31 129.69 130.06 130.38 130.81 131.19 131.59 131.97 132.34 132.69 133.00 133.38 133.69 133.94 134.31 134.75 135.19 135.62 136.03 136.41 136.91 137.41 137.88 138.62 139.44 140.56 141.69
113.66 113.59 113.53 113.44 113.38 113.31 113.28 113.06 112.72 112.69 112.66 112.62 112.66 112.81 113.16 113.66 113.84 114.09 114.38 114.66 115.00 115.34 115.72 116.12 116.59 117.09 117.66 118.25 118.88 119.56 120.28 121.06 121.84 122.62 123.34 123.94 124.56 125.19 125.69 126.19 126.69 127.25 127.75 128.22 128.69 129.09 129.44 129.84 130.25 130.69 131.09 131.47 131.84 132.19 132.56 132.91 133.19 133.50 133.94 134.38 134.81 135.22 135.59 135.97 136.44 136.81 137.28 138.00 138.94 140.12 141.22
113.62 113.56 113.50 113.41 113.34 113.25 113.19 113.06 112.81 112.66 112.62 112.62 112.62 112.66 112.81 113.03 113.28 113.62 113.91 114.12 114.41 114.69 115.03 115.44 115.84 116.31 116.84 117.44 118.03 118.72 119.41 120.22 121.00 121.81 122.56 123.22 123.84 124.44 125.00 125.53 126.16 126.66 127.12 127.59 128.06 128.50 128.88 129.31 129.75 130.12 130.53 130.94 131.31 131.69 132.09 132.47 132.69 133.12 133.56 134.00 134.41 134.81 135.19 135.59 136.00 136.41 136.88 137.72 138.72 139.66 140.50
113.50 113.53 113.44 113.38 113.28 113.22 113.12 113.06 112.97 112.84 112.69 112.62 112.62 112.62 112.62 112.66 112.72 113.19 113.47 113.66 113.84 114.09 114.38 114.72 115.12 115.56 116.06 116.59 117.22 117.88 118.56 119.38 120.19 121.03 121.81 122.50 123.12 123.78 124.34 124.94 125.53 126.03 126.53 127.00 127.44 127.91 128.28 128.72 129.16 129.59 130.00 130.38 130.78 131.22 131.62 131.97 132.28 132.72 133.22 133.66 134.06 134.47 134.88 135.31 135.69 136.06 136.50 137.22 138.19 139.19 139.91
113.09 113.19 113.31 113.34 113.25 113.19 113.09 113.03 112.94 112.84 112.72 112.59 112.59 112.62 112.62 112.62 112.62 112.66 113.03 113.19 113.28 113.50 113.75 114.03 114.38 114.78 115.25 115.78 116.38 117.03 117.75 118.53 119.38 120.22 121.03 121.75 122.44 123.12 123.72 124.31 124.91 125.44 125.94 126.44 126.84 127.28 127.69 128.12 128.66 129.06 129.47 129.88 130.28 130.75 131.19 131.53 131.88 132.31 132.81 133.28 133.72 134.16 134.59 135.00 135.41 135.78 136.16 136.97 137.66 138.59 139.41
112.31 112.47 112.75 113.00 113.19 113.12 113.06 112.97 112.88 112.78 112.66 112.56 112.47 112.53 112.59 112.62 112.62 112.62 112.59 112.66 112.75 112.91 113.12 113.38 113.69 114.03 114.47 114.97 115.53 116.19 116.91 117.72 118.56 119.41 120.25 121.03 121.75 122.47 123.12 123.72 124.31 124.84 125.34 125.78 126.19 126.69 127.19 127.72 128.16 128.56 128.94 129.41 129.88 130.31 130.75 131.09 131.47 131.94 132.41 132.88 133.34 133.81 134.28 134.69 135.09 135.47 135.97 136.66 137.47 138.31 138.94
111.53 111.69 111.94 112.22 112.69 112.91 112.97 112.94 112.81 112.72 112.59 112.50 112.38 112.31 112.44 112.59 112.59 112.50 112.25 112.19 112.19 112.34 112.53 112.72 113.00 113.28 113.69 114.16 114.69 115.34 116.06 116.88 117.75 118.59 119.50 120.31 121.09 121.81 122.50 123.12 123.72 124.28 124.69 125.16 125.69 126.22 126.75 127.19 127.66 128.00 128.47 128.97 129.47 129.91 130.31 130.69 131.09 131.53 132.03 132.47 132.97 133.47 133.94 134.38 134.81 135.19 135.69 136.34 137.00 137.66 138.50
110.81 110.97 111.12 111.41 111.78 112.19 112.59 112.75 112.72 112.62 112.53 112.41 112.28 112.16 112.06 112.25 112.31 112.16 111.97 111.84 111.75 111.84 111.94 112.09 112.31 112.56 112.91 113.34 113.84 114.47 115.19 116.03 116.91 117.84 118.72 119.59 120.41 121.19 121.88 122.53 123.12 123.62 124.12 124.69 125.25 125.75 126.22 126.72 127.12 127.53 128.03 128.56 129.03 129.47 129.91 130.31 130.72 131.16 131.59 132.09 132.62 133.12 133.59 134.09 134.53 134.94 135.41 136.06 136.56 137.16 138.00
109.97 110.22 110.41 110.66 110.94 111.34 111.88 112.31 112.41 112.47 112.44 112.28 112.16 112.03 111.91 111.81 111.81 111.81 111.69 111.59 111.47 111.47 111.47 111.53 111.69 111.88 112.16 112.53 113.00 113.59 114.34 115.19 116.12 117.09 118.00 118.91 119.75 120.56 121.28 121.94 122.53 123.09 123.59 124.16 124.72 125.22 125.72 126.22 126.66 127.09 127.66 128.12 128.59 129.06 129.50 129.94 130.38 130.81 131.25 131.75 132.25 132.78 133.25 133.72 134.22 134.69 135.22 135.75 136.31 136.94 137.62
109.16 109.38 109.62 109.88 110.19 110.53 111.00 111.53 111.84 111.97 112.25 112.19 112.06 111.91 111.75 111.62 111.47 111.47 111.47 111.34 111.25 111.16 111.00 111.00 111.09 111.25 111.50 111.81 112.19 112.75 113.53 114.41 115.41 116.38 117.34 118.25 119.12 119.94 120.69 121.34 121.94 122.47 123.03 123.59 124.19 124.75 125.22 125.66 126.16 126.69 127.16 127.66 128.12 128.53 129.06 129.56 130.00 130.47 130.91 131.41 131.88 132.38 132.91 133.38 133.91 134.41 134.94 135.53 136.16 136.88 137.56
108.56 108.69 108.88 109.09 109.41 109.72 110.12 110.59 111.03 111.50 111.81 111.91 111.88 111.75 111.59 111.44 111.28 111.19 111.22 111.19 111.06 110.91 110.62 110.47 110.53 110.66 110.78 110.97 111.38 112.00 112.81 113.75 114.75 115.75 116.69 117.62 118.53 119.34 120.09 120.78 121.38 121.91 122.50 123.12 123.72 124.22 124.59 125.19 125.69 126.19 126.69 127.19 127.66 128.16 128.69 129.16 129.62 130.09 130.53 131.03 131.47 131.97 132.50 133.06 133.59 134.09 134.75 135.34 135.94 136.75 137.50
108.06 108.12 108.25 108.41 108.66 108.91 109.25 109.62 109.97 110.56 111.31 111.59 111.50 111.56 111.41 111.28 111.09 110.94 110.91 111.00 110.91 110.69 110.47 110.34 110.44 110.50 110.53 110.59 110.78 111.41 112.22 113.12 114.12 115.12 116.09 117.03 117.94 118.78 119.53 120.22 120.81 121.38 122.03 122.59 123.12 123.69 124.22 124.75 125.25 125.75 126.25 126.75 127.25 127.72 128.22 128.72 129.22 129.69 130.19 130.62 131.12 131.59 132.16 132.72 133.22 133.84 134.50 135.12 135.81 136.69 137.41
107.62 107.69 107.75 107.84 108.00 108.22 108.56 108.91 109.12 109.53 110.25 111.00 111.22 111.22 111.22 111.06 110.91 110.72 110.56 110.62 110.69 110.47 110.28 110.06 109.97 110.06 110.31 110.59 110.59 110.94 111.69 112.59 113.53 114.53 115.50 116.47 117.38 118.22 118.97 119.66 120.28 120.88 121.47 122.19 122.72 123.31 123.88 124.34 124.84 125.31 125.78 126.31 126.75 127.25 127.78 128.28 128.81 129.31 129.75 130.25 130.75 131.28 131.81 132.34 132.91 133.53 134.22 134.88 135.81 136.62 137.31
107.22 107.25 107.31 107.41 107.47 107.62 107.97 108.22 108.53 108.81 109.28 110.03 110.66 110.84 110.91 110.84 110.69 110.53 110.34 110.22 110.31 110.31 110.09 109.88 109.66 109.53 109.59 109.78 110.19 110.62 111.19 112.06 113.00 113.97 114.94 115.91 116.81 117.66 118.44 119.12 119.84 120.62 121.31 121.94 122.50 123.00 123.50 123.97 124.41 124.88 125.31 125.81 126.25 126.81 127.31 127.84 128.34 128.84 129.31 129.81 130.41 131.00 131.53 132.06 132.62 133.31 134.06 134.88 135.72 136.47 137.19
106.81 106.84 106.91 107.00 107.03 107.16 107.38 107.66 108.00 108.28 108.62 109.09 109.72 110.22 110.41 110.59 110.47 110.31 110.12 109.97 109.97 110.06 109.94 109.75 109.56 109.44 109.44 109.59 109.75 110.09 110.72 111.53 112.44 113.41 114.38 115.31 116.22 117.09 117.88 118.62 119.34 120.16 120.84 121.56 122.16 122.66 123.12 123.53 123.97 124.41 124.88 125.34 125.81 126.31 126.88 127.38 127.91 128.44 128.91 129.44 130.09 130.69 131.16 131.72 132.34 132.97 133.81 134.72 135.59 136.31 137.03
106.41 106.47 106.53 106.59 106.62 106.72 106.94 107.22 107.53 107.81 108.09 108.44 108.88 109.50 110.00 110.09 110.25 110.09 109.91 109.78 109.62 109.72 109.81 109.69 109.53 109.44 109.56 109.75 109.81 109.91 110.34 111.03 111.84 112.78 113.72 114.69 115.62 116.53 117.38 118.12 118.84 119.66 120.41 121.22 121.84 122.31 122.72 123.09 123.50 123.97 124.44 124.91 125.38 125.91 126.41 126.97 127.53 128.06 128.53 129.12 129.69 130.22 130.78 131.38 132.00 132.66 133.62 134.53 135.34 136.06 136.81
106.03 106.09 106.16 106.25 106.25 106.38 106.59 106.81 107.06 107.38 107.69 108.00 108.34 108.91 109.47 109.66 109.81 109.81 109.66 109.50 109.34 109.31 109.12 109.38 109.50 109.44 109.69 109.81 109.84 109.84 110.09 110.66 111.38 112.25 113.19 114.16 115.12 116.03 116.88 117.69 118.34 119.09 119.94 120.78 121.44 121.88 122.28 122.69 123.12 123.53 123.94 124.38 124.88 125.41 125.97 126.53 127.12 127.66 128.19 128.72 129.28 129.84 130.44 131.03 131.69 132.31 133.44 134.25 135.03 135.66 136.50
