everonasctiles/Tile6,47.asc
ncols 128
nrows 128
xllcorner 0
yllcorner 0
cellsize 2.0
NODATA_value  -9999
[rows 32 to 63 of 128, columns 0 to 70 of 128]
-47.38 -47.31 -47.25 -47.19 -47.12 -47.09 -47.03 -47.00 -46.97 -46.91 -46.84 -46.75 -46.66 -46.56 -46.50 -46.44 -46.38 -46.28 -46.19 -46.03 -45.88 -45.69 -45.53 -45.38 -45.22 -45.09 -45.00 -44.91 -44.84 -44.81 -44.78 -44.81 -44.84 -44.91 -44.94 -44.94 -44.97 -45.00 -45.00 -44.97 -44.94 -44.94 -44.94 -44.97 -45.00 -45.03 -45.06 -45.09 -45.09 -45.06 -45.06 -45.06 -45.09 -45.12 -45.19 -45.28 -45.34 -45.44 -45.53 -45.62 -45.69 -45.72 -45.75 -45.75 -45.75 -45.78 -45.84 -45.97 -46.16 -46.47 -46.78
-47.31 -47.25 -47.19 -47.12 -47.06 -47.00 -46.97 -46.91 -46.88 -46.81 -46.75 -46.66 -46.56 -46.47 -46.38 -46.34 -46.28 -46.19 -46.09 -45.97 -45.81 -45.66 -45.47 -45.31 -45.19 -45.06 -44.94 -44.88 -44.81 -44.81 -44.84 -44.88 -44.94 -45.00 -45.06 -45.09 -45.12 -45.12 -45.12 -45.12 -45.09 -45.09 -45.09 -45.12 -45.12 -45.16 -45.19 -45.19 -45.19 -45.19 -45.19 -45.19 -45.22 -45.25 -45.31 -45.38 -45.47 -45.53 -45.62 -45.72 -45.78 -45.81 -45.84 -45.84 -45.84 -45.81 -45.81 -45.88 -46.06 -46.34 -46.62
-47.25 -47.19 -47.12 -47.06 -47.00 -46.94 -46.88 -46.84 -46.78 -46.72 -46.66 -46.56 -46.47 -46.38 -46.28 -46.22 -46.16 -46.09 -46.00 -45.88 -45.75 -45.59 -45.44 -45.28 -45.16 -45.03 -44.94 -44.88 -44.84 -44.84 -44.91 -44.97 -45.03 -45.12 -45.19 -45.22 -45.25 -45.28 -45.28 -45.28 -45.28 -45.28 -45.28 -45.28 -45.28 -45.31 -45.31 -45.31 -45.31 -45.31 -45.31 -45.31 -45.34 -45.41 -45.44 -45.50 -45.59 -45.66 -45.75 -45.81 -45.88 -45.91 -45.94 -45.94 -45.91 -45.91 -45.91 -45.91 -46.03 -46.22 -46.47
-47.22 -47.16 -47.09 -47.00 -46.94 -46.88 -46.81 -46.75 -46.72 -46.66 -46.59 -46.50 -46.41 -46.31 -46.19 -46.12 -46.06 -45.97 -45.91 -45.78 -45.66 -45.53 -45.38 -45.25 -45.16 -45.03 -44.94 -44.91 -44.91 -44.94 -45.00 -45.06 -45.12 -45.22 -45.28 -45.34 -45.38 -45.41 -45.44 -45.44 -45.44 -45.44 -45.44 -45.44 -45.44 -45.47 -45.47 -45.47 -45.47 -45.44 -45.44 -45.47 -45.50 -45.53 -45.59 -45.66 -45.72 -45.81 -45.88 -45.94 -46.00 -46.03 -46.06 -46.03 -46.03 -46.00 -46.00 -45.97 -46.03 -46.16 -46.38
-47.16 -47.09 -47.03 -46.97 -46.91 -46.84 -46.78 -46.72 -46.62 -46.56 -46.50 -46.44 -46.31 -46.22 -46.12 -46.03 -45.94 -45.88 -45.78 -45.69 -45.59 -45.47 -45.34 -45.25 -45.12 -45.03 -44.97 -44.94 -44.97 -45.00 -45.09 -45.16 -45.25 -45.31 -45.41 -45.47 -45.50 -45.56 -45.56 -45.59 -45.59 -45.59 -45.59 -45.62 -45.62 -45.62 -45.62 -45.62 -45.62 -45.59 -45.59 -45.59 -45.62 -45.69 -45.75 -45.81 -45.88 -45.94 -46.03 -46.09 -46.12 -46.16 -46.19 -46.16 -46.16 -46.12 -46.09 -46.06 -46.06 -46.12 -46.28
-47.12 -47.06 -47.00 -46.94 -46.88 -46.81 -46.75 -46.66 -46.59 -46.50 -46.44 -46.34 -46.25 -46.12 -46.03 -45.94 -45.84 -45.78 -45.69 -45.59 -45.50 -45.41 -45.28 -45.19 -45.09 -45.03 -44.97 -45.00 -45.03 -45.09 -45.19 -45.25 -45.34 -45.44 -45.50 -45.59 -45.62 -45.69 -45.72 -45.72 -45.75 -45.75 -45.78 -45.78 -45.78 -45.81 -45.81 -45.81 -45.78 -45.78 -45.78 -45.78 -45.81 -45.88 -45.94 -46.00 -46.03 -46.09 -46.16 -46.22 -46.28 -46.31 -46.31 -46.31 -46.28 -46.25 -46.19 -46.16 -46.12 -46.16 -46.25
-47.09 -47.03 -46.97 -46.91 -46.81 -46.78 -46.72 -46.62 -46.56 -46.47 -46.38 -46.28 -46.19 -46.06 -45.97 -45.84 -45.75 -45.69 -45.59 -45.50 -45.41 -45.31 -45.22 -45.16 -45.06 -45.00 -45.00 -45.06 -45.12 -45.19 -45.28 -45.38 -45.44 -45.53 -45.62 -45.69 -45.75 -45.81 -45.84 -45.88 -45.88 -45.91 -45.94 -45.94 -45.97 -45.97 -46.00 -46.00 -45.97 -45.97 -45.97 -45.97 -45.97 -46.03 -46.09 -46.16 -46.22 -46.25 -46.31 -46.38 -46.41 -46.44 -46.47 -46.44 -46.41 -46.38 -46.31 -46.25 -46.22 -46.22 -46.28
-47.06 -47.00 -46.94 -46.88 -46.78 -46.72 -46.69 -46.59 -46.50 -46.41 -46.31 -46.22 -46.12 -46.00 -45.91 -45.78 -45.69 -45.59 -45.50 -45.41 -45.34 -45.25 -45.16 -45.09 -45.03 -45.00 -45.03 -45.09 -45.19 -45.28 -45.38 -45.47 -45.56 -45.62 -45.72 -45.78 -45.84 -45.91 -45.97 -46.00 -46.03 -46.06 -46.09 -46.12 -46.16 -46.16 -46.19 -46.19 -46.19 -46.16 -46.16 -46.16 -46.16 -46.22 -46.28 -46.34 -46.38 -46.44 -46.47 -46.53 -46.56 -46.59 -46.59 -46.59 -46.53 -46.50 -46.44 -46.38 -46.31 -46.31 -46.34
-47.03 -46.97 -46.91 -46.81 -46.75 -46.69 -46.62 -46.56 -46.47 -46.38 -46.28 -46.16 -46.06 -45.94 -45.81 -45.72 -45.59 -45.50 -45.41 -45.31 -45.22 -45.16 -45.09 -45.03 -44.97 -45.00 -45.06 -45.16 -45.25 -45.34 -45.44 -45.53 -45.62 -45.72 -45.81 -45.88 -45.94 -46.00 -46.06 -46.09 -46.16 -46.19 -46.25 -46.28 -46.31 -46.34 -46.34 -46.34 -46.34 -46.34 -46.34 -46.34 -46.34 -46.41 -46.47 -46.50 -46.53 -46.56 -46.62 -46.66 -46.69 -46.72 -46.72 -46.69 -46.66 -46.59 -46.53 -46.47 -46.44 -46.41 -46.41
-47.00 -46.94 -46.88 -46.78 -46.72 -46.62 -46.56 -46.50 -46.44 -46.34 -46.22 -46.12 -46.00 -45.88 -45.75 -45.62 -45.50 -45.41 -45.31 -45.22 -45.12 -45.06 -45.00 -44.97 -44.97 -45.00 -45.09 -45.19 -45.28 -45.41 -45.50 -45.62 -45.72 -45.81 -45.91 -45.97 -46.03 -46.09 -46.16 -46.22 -46.25 -46.31 -46.38 -46.44 -46.50 -46.50 -46.53 -46.53 -46.53 -46.53 -46.53 -46.53 -46.53 -46.59 -46.62 -46.69 -46.69 -46.72 -46.75 -46.78 -46.81 -46.84 -46.84 -46.81 -46.75 -46.72 -46.66 -46.59 -46.53 -46.50 -46.47
-46.97 -46.91 -46.84 -46.75 -46.66 -46.59 -46.50 -46.44 -46.38 -46.28 -46.19 -46.06 -45.94 -45.81 -45.69 -45.56 -45.44 -45.31 -45.22 -45.12 -45.03 -44.97 -44.91 -44.91 -44.94 -45.03 -45.12 -45.25 -45.34 -45.44 -45.56 -45.66 -45.78 -45.88 -45.97 -46.06 -46.12 -46.19 -46.25 -46.31 -46.38 -46.44 -46.53 -46.59 -46.66 -46.69 -46.69 -46.69 -46.69 -46.69 -46.69 -46.69 -46.72 -46.75 -46.81 -46.84 -46.84 -46.84 -46.88 -46.91 -46.94 -46.94 -46.94 -46.91 -46.88 -46.81 -46.75 -46.69 -46.62 -46.56 -46.53
-46.94 -46.88 -46.81 -46.72 -46.59 -46.53 -46.44 -46.38 -46.31 -46.22 -46.12 -46.00 -45.88 -45.75 -45.62 -45.47 -45.34 -45.25 -45.12 -45.03 -44.94 -44.88 -44.84 -44.84 -44.94 -45.03 -45.16 -45.28 -45.38 -45.47 -45.59 -45.69 -45.81 -45.94 -46.03 -46.12 -46.22 -46.28 -46.34 -46.41 -46.50 -46.56 -46.66 -46.75 -46.78 -46.84 -46.84 -46.84 -46.84 -46.84 -46.84 -46.84 -46.88 -46.91 -46.94 -46.97 -46.97 -46.97 -47.00 -47.00 -47.03 -47.03 -47.03 -47.00 -46.94 -46.91 -46.84 -46.75 -46.69 -46.66 -46.59
-46.91 -46.84 -46.75 -46.66 -46.56 -46.47 -46.38 -46.31 -46.25 -46.16 -46.06 -45.94 -45.81 -45.69 -45.56 -45.44 -45.31 -45.19 -45.06 -44.97 -44.88 -44.81 -44.78 -44.81 -44.94 -45.03 -45.16 -45.28 -45.41 -45.50 -45.62 -45.72 -45.84 -45.97 -46.09 -46.22 -46.31 -46.38 -46.44 -46.53 -46.59 -46.69 -46.78 -46.88 -46.94 -46.97 -47.00 -47.00 -47.00 -47.00 -47.00 -47.00 -47.03 -47.06 -47.09 -47.09 -47.09 -47.09 -47.09 -47.09 -47.12 -47.12 -47.09 -47.06 -47.03 -46.97 -46.91 -46.84 -46.75 -46.69 -46.62
-46.88 -46.81 -46.72 -46.62 -46.50 -46.41 -46.31 -46.22 -46.16 -46.09 -46.00 -45.91 -45.78 -45.66 -45.53 -45.38 -45.25 -45.12 -45.00 -44.88 -44.78 -44.72 -44.72 -44.78 -44.91 -45.03 -45.16 -45.28 -45.41 -45.53 -45.62 -45.75 -45.88 -46.03 -46.16 -46.25 -46.38 -46.47 -46.53 -46.62 -46.69 -46.78 -46.88 -46.97 -47.06 -47.09 -47.12 -47.12 -47.12 -47.12 -47.12 -47.12 -47.16 -47.19 -47.22 -47.22 -47.22 -47.22 -47.22 -47.22 -47.19 -47.19 -47.19 -47.16 -47.09 -47.03 -46.97 -46.91 -46.81 -46.75 -46.66
-46.81 -46.75 -46.69 -46.56 -46.47 -46.34 -46.25 -46.16 -46.09 -46.03 -45.94 -45.84 -45.75 -45.62 -45.47 -45.34 -45.22 -45.09 -44.94 -44.81 -44.72 -44.66 -44.66 -44.75 -44.88 -45.00 -45.16 -45.28 -45.41 -45.53 -45.66 -45.78 -45.94 -46.06 -46.19 -46.31 -46.44 -46.53 -46.62 -46.69 -46.78 -46.88 -46.97 -47.06 -47.16 -47.22 -47.25 -47.25 -47.25 -47.25 -47.25 -47.25 -47.28 -47.31 -47.31 -47.31 -47.31 -47.31 -47.31 -47.28 -47.28 -47.25 -47.22 -47.19 -47.16 -47.09 -47.00 -46.94 -46.84 -46.75 -46.69
-46.78 -46.72 -46.62 -46.53 -46.41 -46.31 -46.19 -46.09 -46.03 -45.97 -45.91 -45.81 -45.69 -45.56 -45.44 -45.31 -45.16 -45.03 -44.88 -44.75 -44.66 -44.56 -44.59 -44.69 -44.81 -44.97 -45.09 -45.25 -45.41 -45.53 -45.69 -45.81 -45.97 -46.12 -46.25 -46.38 -46.47 -46.59 -46.69 -46.78 -46.84 -46.94 -47.06 -47.16 -47.22 -47.28 -47.34 -47.34 -47.34 -47.34 -47.34 -47.38 -47.41 -47.41 -47.44 -47.44 -47.41 -47.41 -47.41 -47.38 -47.34 -47.31 -47.28 -47.22 -47.16 -47.09 -47.03 -46.94 -46.88 -46.78 -46.69
-46.72 -46.66 -46.56 -46.50 -46.38 -46.28 -46.16 -46.06 -45.97 -45.91 -45.84 -45.75 -45.62 -45.50 -45.38 -45.22 -45.09 -44.94 -44.81 -44.69 -44.56 -44.50 -44.53 -44.62 -44.75 -44.91 -45.06 -45.22 -45.38 -45.53 -45.72 -45.88 -46.00 -46.16 -46.28 -46.41 -46.53 -46.62 -46.72 -46.81 -46.91 -47.03 -47.12 -47.22 -47.28 -47.34 -47.41 -47.44 -47.44 -47.44 -47.44 -47.47 -47.50 -47.50 -47.50 -47.50 -47.50 -47.47 -47.47 -47.44 -47.41 -47.34 -47.28 -47.22 -47.16 -47.09 -47.03 -46.97 -46.88 -46.81 -46.72
-46.66 -46.59 -46.53 -46.44 -46.34 -46.25 -46.12 -46.03 -45.94 -45.84 -45.75 -45.66 -45.56 -45.44 -45.28 -45.12 -45.00 -44.84 -44.72 -44.59 -44.50 -44.41 -44.47 -44.56 -44.69 -44.84 -45.00 -45.19 -45.38 -45.53 -45.72 -45.88 -46.03 -46.19 -46.34 -46.47 -46.59 -46.69 -46.78 -46.88 -46.97 -47.06 -47.16 -47.25 -47.34 -47.41 -47.47 -47.50 -47.53 -47.53 -47.53 -47.53 -47.56 -47.56 -47.59 -47.56 -47.56 -47.53 -47.50 -47.47 -47.44 -47.38 -47.28 -47.22 -47.16 -47.09 -47.03 -46.97 -46.91 -46.84 -46.78
-46.62 -46.53 -46.47 -46.38 -46.31 -46.22 -46.09 -46.00 -45.88 -45.78 -45.69 -45.59 -45.47 -45.31 -45.19 -45.03 -44.91 -44.75 -44.62 -44.50 -44.41 -44.34 -44.41 -44.50 -44.66 -44.81 -44.97 -45.16 -45.34 -45.53 -45.72 -45.91 -46.06 -46.22 -46.38 -46.50 -46.62 -46.72 -46.81 -46.91 -47.00 -47.09 -47.19 -47.28 -47.38 -47.44 -47.50 -47.56 -47.59 -47.59 -47.59 -47.59 -47.62 -47.62 -47.62 -47.62 -47.59 -47.59 -47.56 -47.50 -47.44 -47.38 -47.31 -47.22 -47.16 -47.09 -47.03 -46.97 -46.94 -46.88 -46.81
-46.56 -46.50 -46.41 -46.34 -46.25 -46.16 -46.06 -45.97 -45.84 -45.75 -45.62 -45.50 -45.38 -45.22 -45.06 -44.94 -44.78 -44.66 -44.53 -44.41 -44.34 -44.28 -44.38 -44.47 -44.62 -44.78 -44.94 -45.12 -45.31 -45.53 -45.72 -45.91 -46.06 -46.22 -46.38 -46.50 -46.62 -46.75 -46.84 -46.94 -47.03 -47.12 -47.22 -47.31 -47.38 -47.47 -47.53 -47.59 -47.62 -47.62 -47.66 -47.66 -47.66 -47.66 -47.66 -47.66 -47.62 -47.62 -47.59 -47.53 -47.47 -47.41 -47.31 -47.25 -47.16 -47.09 -47.06 -47.03 -47.00 -46.94 -46.91
-46.53 -46.47 -46.38 -46.31 -46.22 -46.12 -46.03 -45.94 -45.81 -45.69 -45.56 -45.41 -45.28 -45.12 -44.97 -44.81 -44.69 -44.56 -44.44 -44.34 -44.28 -44.25 -44.34 -44.47 -44.59 -44.75 -44.94 -45.09 -45.28 -45.50 -45.69 -45.88 -46.06 -46.22 -46.38 -46.50 -46.62 -46.75 -46.84 -46.94 -47.03 -47.12 -47.22 -47.31 -47.41 -47.47 -47.56 -47.59 -47.66 -47.66 -47.66 -47.66 -47.66 -47.69 -47.69 -47.69 -47.66 -47.62 -47.59 -47.56 -47.50 -47.44 -47.38 -47.28 -47.22 -47.16 -47.09 -47.09 -47.06 -47.03 -46.97
-46.50 -46.44 -46.34 -46.28 -46.19 -46.09 -46.00 -45.88 -45.78 -45.62 -45.50 -45.34 -45.19 -45.03 -44.88 -44.72 -44.59 -44.47 -44.34 -44.28 -44.22 -44.22 -44.31 -44.44 -44.59 -44.75 -44.91 -45.06 -45.25 -45.47 -45.66 -45.84 -46.03 -46.19 -46.34 -46.47 -46.59 -46.72 -46.81 -46.91 -47.03 -47.12 -47.22 -47.34 -47.44 -47.50 -47.56 -47.59 -47.66 -47.66 -47.69 -47.69 -47.69 -47.69 -47.69 -47.69 -47.69 -47.66 -47.62 -47.59 -47.53 -47.47 -47.41 -47.31 -47.25 -47.22 -47.19 -47.16 -47.12 -47.09 -47.06
-46.50 -46.41 -46.34 -46.25 -46.16 -46.06 -45.94 -45.81 -45.72 -45.56 -45.44 -45.28 -45.09 -44.94 -44.78 -44.62 -44.50 -44.38 -44.28 -44.22 -44.16 -44.19 -44.31 -44.44 -44.56 -44.72 -44.88 -45.03 -45.22 -45.44 -45.62 -45.81 -46.00 -46.16 -46.31 -46.44 -46.56 -46.69 -46.81 -46.91 -47.03 -47.12 -47.25 -47.34 -47.44 -47.50 -47.56 -47.59 -47.62 -47.66 -47.69 -47.69 -47.72 -47.72 -47.72 -47.72 -47.72 -47.69 -47.66 -47.62 -47.56 -47.50 -47.44 -47.38 -47.31 -47.28 -47.25 -47.22 -47.22 -47.19 -47.16
-46.50 -46.41 -46.31 -46.22 -46.12 -46.00 -45.88 -45.75 -45.62 -45.50 -45.34 -45.19 -45.03 -44.88 -44.72 -44.56 -44.44 -44.31 -44.22 -44.16 -44.12 -44.19 -44.28 -44.41 -44.53 -44.69 -44.84 -45.00 -45.19 -45.38 -45.56 -45.78 -45.94 -46.12 -46.28 -46.44 -46.56 -46.69 -46.81 -46.94 -47.03 -47.16 -47.25 -47.34 -47.44 -47.50 -47.56 -47.59 -47.62 -47.66 -47.69 -47.72 -47.72 -47.72 -47.75 -47.75 -47.72 -47.72 -47.69 -47.66 -47.59 -47.56 -47.50 -47.44 -47.41 -47.34 -47.34 -47.31 -47.28 -47.25 -47.22
-46.47 -46.38 -46.31 -46.19 -46.09 -45.97 -45.81 -45.69 -45.56 -45.41 -45.25 -45.09 -44.94 -44.78 -44.66 -44.50 -44.38 -44.28 -44.19 -44.09 -44.06 -44.12 -44.25 -44.38 -44.50 -44.66 -44.81 -44.97 -45.16 -45.34 -45.53 -45.72 -45.91 -46.06 -46.25 -46.41 -46.53 -46.69 -46.81 -46.94 -47.03 -47.16 -47.25 -47.34 -47.41 -47.47 -47.53 -47.59 -47.62 -47.66 -47.69 -47.72 -47.72 -47.75 -47.75 -47.75 -47.75 -47.72 -47.69 -47.66 -47.62 -47.56 -47.53 -47.50 -47.47 -47.44 -47.41 -47.38 -47.34 -47.31 -47.25
-46.44 -46.34 -46.25 -46.16 -46.03 -45.91 -45.78 -45.62 -45.47 -45.31 -45.19 -45.03 -44.88 -44.72 -44.59 -44.47 -44.34 -44.25 -44.12 -44.06 -44.03 -44.09 -44.22 -44.31 -44.47 -44.59 -44.75 -44.91 -45.09 -45.28 -45.47 -45.66 -45.84 -46.03 -46.19 -46.34 -46.50 -46.66 -46.78 -46.91 -47.03 -47.12 -47.25 -47.34 -47.41 -47.47 -47.53 -47.59 -47.62 -47.66 -47.69 -47.69 -47.72 -47.75 -47.75 -47.75 -47.75 -47.75 -47.72 -47.69 -47.66 -47.59 -47.56 -47.53 -47.50 -47.50 -47.47 -47.44 -47.38 -47.34 -47.28
-46.41 -46.31 -46.22 -46.09 -46.00 -45.84 -45.72 -45.56 -45.41 -45.28 -45.12 -44.97 -44.81 -44.69 -44.53 -44.41 -44.31 -44.19 -44.09 -44.03 -44.00 -44.06 -44.16 -44.28 -44.41 -44.53 -44.69 -44.84 -45.03 -45.22 -45.41 -45.59 -45.78 -45.94 -46.12 -46.28 -46.44 -46.59 -46.75 -46.88 -47.00 -47.12 -47.22 -47.31 -47.41 -47.47 -47.53 -47.59 -47.62 -47.66 -47.66 -47.69 -47.72 -47.72 -47.75 -47.75 -47.75 -47.72 -47.72 -47.69 -47.66 -47.62 -47.56 -47.56 -47.53 -47.53 -47.50 -47.44 -47.41 -47.34 -47.28
-46.34 -46.25 -46.16 -46.06 -45.94 -45.81 -45.69 -45.53 -45.38 -45.25 -45.09 -44.94 -44.81 -44.66 -44.50 -44.38 -44.25 -44.16 -44.06 -43.97 -43.94 -44.00 -44.09 -44.22 -44.34 -44.47 -44.62 -44.78 -44.97 -45.12 -45.31 -45.50 -45.69 -45.84 -46.03 -46.19 -46.38 -46.53 -46.69 -46.84 -46.97 -47.09 -47.19 -47.31 -47.38 -47.47 -47.53 -47.59 -47.62 -47.66 -47.66 -47.69 -47.69 -47.72 -47.72 -47.75 -47.72 -47.72 -47.69 -47.69 -47.66 -47.62 -47.59 -47.56 -47.56 -47.53 -47.50 -47.47 -47.41 -47.34 -47.28
-46.28 -46.19 -46.09 -46.00 -45.88 -45.78 -45.66 -45.50 -45.38 -45.22 -45.09 -44.94 -44.78 -44.62 -44.47 -44.34 -44.22 -44.09 -44.00 -43.91 -43.88 -43.94 -44.03 -44.12 -44.25 -44.38 -44.53 -44.69 -44.88 -45.06 -45.25 -45.41 -45.59 -45.75 -45.94 -46.09 -46.28 -46.47 -46.62 -46.78 -46.94 -47.06 -47.19 -47.28 -47.38 -47.47 -47.53 -47.59 -47.62 -47.66 -47.66 -47.69 -47.72 -47.72 -47.72 -47.72 -47.72 -47.69 -47.69 -47.66 -47.66 -47.62 -47.62 -47.59 -47.59 -47.56 -47.53 -47.47 -47.41 -47.34 -47.28
-46.22 -46.12 -46.03 -45.94 -45.81 -45.72 -45.59 -45.50 -45.38 -45.22 -45.09 -44.94 -44.78 -44.62 -44.44 -44.28 -44.16 -44.03 -43.91 -43.81 -43.78 -43.84 -43.94 -44.03 -44.16 -44.31 -44.44 -44.59 -44.78 -44.97 -45.12 -45.31 -45.47 -45.62 -45.81 -46.03 -46.22 -46.41 -46.59 -46.75 -46.91 -47.03 -47.16 -47.25 -47.34 -47.44 -47.53 -47.56 -47.62 -47.66 -47.69 -47.69 -47.72 -47.72 -47.72 -47.72 -47.69 -47.69 -47.66 -47.66 -47.66 -47.62 -47.62 -47.62 -47.59 -47.56 -47.53 -47.47 -47.41 -47.34 -47.28
-46.12 -46.03 -45.94 -45.84 -45.75 -45.62 -45.53 -45.44 -45.34 -45.22 -45.06 -44.91 -44.75 -44.56 -44.41 -44.25 -44.09 -43.94 -43.81 -43.72 -43.69 -43.72 -43.81 -43.94 -44.06 -44.22 -44.34 -44.50 -44.66 -44.84 -45.00 -45.16 -45.34 -45.53 -45.72 -45.94 -46.16 -46.38 -46.56 -46.72 -46.88 -47.00 -47.12 -47.25 -47.34 -47.44 -47.50 -47.56 -47.62 -47.66 -47.66 -47.69 -47.69 -47.69 -47.69 -47.66 -47.66 -47.66 -47.62 -47.62 -47.66 -47.66 -47.66 -47.62 -47.59 -47.56 -47.53 -47.47 -47.41 -47.34 -47.25
-46.03 -45.94 -45.81 -45.72 -45.62 -45.53 -45.44 -45.34 -45.25 -45.12 -45.00 -44.84 -44.69 -44.53 -44.34 -44.19 -44.00 -43.84 -43.72 -43.62 -43.59 -43.62 -43.72 -43.84 -43.97 -44.09 -44.22 -44.34 -44.50 -44.69 -44.84 -45.03 -45.22 -45.44 -45.66 -45.88 -46.12 -46.31 -46.50 -46.69 -46.84 -46.97 -47.09 -47.22 -47.31 -47.41 -47.50 -47.53 -47.59 -47.62 -47.66 -47.66 -47.66 -47.66 -47.62 -47.62 -47.59 -47.59 -47.59 -47.59 -47.62 -47.66 -47.66 -47.62 -47.59 -47.56 -47.53 -47.47 -47.41 -47.34 -47.25
