everonasctiles/Tile[25,22].asc
ncols 128
nrows 128
xllcorner 0
yllcorner 0
cellsize 2.0
NODATA_value  -9999
[rows 0 to 33 of 128, columns 0 to 76 of 128]
98.03 98.16 98.31 98.44 98.56 98.69 98.84 98.97 99.09 99.25 99.41 99.56 99.72 99.88 100.00 100.16 100.28 100.44 100.59 100.78 101.00 101.19 101.44 101.66 101.88 102.06 102.28 102.47 102.66 102.88 103.06 103.28 103.47 103.69 103.88 104.09 104.28 104.44 104.59 104.75 104.88 105.03 105.19 105.31 105.50 105.69 105.88 106.03 106.19 106.31 106.44 106.62 106.75 106.88 107.03 107.16 107.31 107.41 107.50 107.59 107.62 107.72 107.75 107.75 107.72 107.72 107.75 107.72 107.75 107.75 107.75 107.75 107.75 107.75 107.75 107.75 107.75
97.88 98.00 98.19 98.31 98.44 98.53 98.66 98.78 98.91 99.06 99.22 99.38 99.53 99.66 99.81 99.94 100.06 100.22 100.38 100.53 100.75 100.97 101.19 101.41 101.59 101.81 102.00 102.19 102.38 102.56 102.78 103.00 103.19 103.41 103.59 103.78 103.97 104.12 104.31 104.47 104.59 104.75 104.88 105.00 105.22 105.38 105.56 105.72 105.88 106.03 106.16 106.31 106.44 106.56 106.75 106.88 107.03 107.12 107.22 107.31 107.41 107.41 107.44 107.44 107.44 107.44 107.47 107.47 107.44 107.47 107.50 107.50 107.50 107.53 107.53 107.53 107.53
97.69 97.88 98.03 98.16 98.28 98.38 98.50 98.62 98.75 98.91 99.03 99.19 99.31 99.47 99.59 99.75 99.88 100.00 100.16 100.31 100.50 100.72 100.94 101.12 101.34 101.53 101.75 101.94 102.12 102.31 102.53 102.72 102.91 103.09 103.31 103.50 103.66 103.84 104.03 104.16 104.28 104.44 104.56 104.75 104.91 105.09 105.25 105.41 105.56 105.72 105.88 106.03 106.16 106.31 106.47 106.59 106.75 106.88 106.97 107.03 107.09 107.12 107.09 107.16 107.16 107.12 107.16 107.16 107.19 107.22 107.22 107.25 107.28 107.31 107.31 107.31 107.34
97.53 97.69 97.84 97.97 98.09 98.22 98.31 98.47 98.59 98.72 98.84 98.97 99.12 99.28 99.41 99.53 99.69 99.81 99.94 100.09 100.28 100.44 100.66 100.88 101.09 101.28 101.50 101.69 101.88 102.06 102.25 102.44 102.62 102.81 103.00 103.19 103.38 103.56 103.72 103.88 104.00 104.16 104.31 104.47 104.62 104.78 104.94 105.12 105.28 105.44 105.59 105.75 105.88 106.03 106.19 106.31 106.47 106.59 106.62 106.69 106.75 106.78 106.78 106.84 106.84 106.84 106.88 106.91 106.94 106.97 107.00 107.03 107.03 107.06 107.09 107.12 107.12
97.34 97.47 97.66 97.75 97.88 98.03 98.16 98.31 98.44 98.53 98.69 98.81 98.94 99.09 99.22 99.34 99.47 99.62 99.75 99.91 100.06 100.25 100.44 100.62 100.84 101.03 101.22 101.44 101.62 101.81 102.00 102.19 102.34 102.53 102.72 102.88 103.09 103.25 103.41 103.56 103.72 103.84 104.00 104.16 104.34 104.50 104.66 104.84 105.00 105.16 105.31 105.47 105.62 105.78 105.94 106.06 106.16 106.28 106.34 106.38 106.44 106.47 106.50 106.50 106.56 106.56 106.59 106.62 106.66 106.72 106.72 106.78 106.84 106.88 106.91 106.94 106.94
97.12 97.28 97.41 97.56 97.72 97.84 98.00 98.12 98.25 98.38 98.50 98.62 98.75 98.91 99.03 99.16 99.28 99.41 99.53 99.69 99.84 100.03 100.19 100.38 100.59 100.78 101.00 101.19 101.38 101.56 101.75 101.94 102.09 102.28 102.44 102.62 102.78 102.94 103.09 103.22 103.41 103.53 103.69 103.84 104.03 104.19 104.38 104.56 104.72 104.88 105.06 105.22 105.38 105.53 105.66 105.78 105.88 105.97 106.03 106.06 106.09 106.16 106.16 106.22 106.25 106.31 106.31 106.38 106.41 106.44 106.50 106.53 106.62 106.66 106.72 106.75 106.75
96.94 97.06 97.22 97.38 97.53 97.66 97.81 97.94 98.06 98.19 98.31 98.44 98.56 98.69 98.81 98.94 99.06 99.19 99.31 99.47 99.59 99.78 99.94 100.12 100.34 100.53 100.75 100.94 101.12 101.31 101.50 101.66 101.81 102.00 102.12 102.31 102.47 102.62 102.75 102.91 103.06 103.22 103.38 103.53 103.72 103.91 104.09 104.25 104.44 104.59 104.78 104.94 105.09 105.25 105.38 105.47 105.56 105.59 105.66 105.72 105.75 105.81 105.88 105.91 105.97 106.03 106.09 106.12 106.16 106.22 106.28 106.34 106.41 106.44 106.47 106.53 106.56
96.75 96.84 97.03 97.16 97.31 97.47 97.62 97.75 97.88 98.03 98.12 98.25 98.38 98.50 98.62 98.75 98.88 98.97 99.12 99.25 99.41 99.56 99.75 99.91 100.09 100.31 100.50 100.69 100.91 101.06 101.25 101.41 101.53 101.72 101.88 102.00 102.16 102.28 102.41 102.56 102.72 102.88 103.06 103.22 103.41 103.56 103.75 103.94 104.12 104.31 104.44 104.59 104.78 104.94 105.06 105.16 105.22 105.25 105.31 105.38 105.44 105.53 105.56 105.62 105.72 105.75 105.84 105.88 105.91 106.00 106.06 106.09 106.16 106.22 106.25 106.31 106.31
96.56 96.72 96.84 97.00 97.12 97.31 97.44 97.56 97.69 97.81 97.94 98.06 98.19 98.28 98.41 98.53 98.62 98.78 98.91 99.03 99.19 99.34 99.50 99.69 99.88 100.06 100.25 100.47 100.66 100.81 101.00 101.16 101.28 101.44 101.56 101.69 101.84 101.97 102.09 102.22 102.38 102.56 102.72 102.91 103.06 103.25 103.41 103.59 103.75 103.94 104.12 104.28 104.44 104.59 104.69 104.72 104.84 104.88 104.97 105.03 105.12 105.22 105.28 105.34 105.44 105.50 105.59 105.66 105.72 105.75 105.81 105.88 105.94 105.97 106.03 106.06 106.09
96.41 96.53 96.69 96.81 96.97 97.09 97.25 97.38 97.50 97.59 97.72 97.84 97.97 98.06 98.19 98.31 98.41 98.56 98.69 98.81 98.97 99.12 99.28 99.47 99.62 99.81 100.00 100.22 100.38 100.56 100.72 100.84 101.00 101.12 101.25 101.38 101.50 101.62 101.75 101.91 102.03 102.22 102.41 102.59 102.75 102.94 103.09 103.25 103.41 103.59 103.75 103.91 104.03 104.19 104.28 104.38 104.47 104.53 104.62 104.72 104.78 104.88 104.97 105.06 105.16 105.25 105.34 105.44 105.50 105.56 105.59 105.66 105.69 105.72 105.78 105.81 105.88
96.22 96.34 96.50 96.62 96.78 96.91 97.03 97.16 97.28 97.41 97.53 97.62 97.75 97.88 98.00 98.09 98.22 98.31 98.47 98.59 98.75 98.94 99.09 99.25 99.44 99.62 99.81 99.97 100.12 100.28 100.44 100.56 100.69 100.81 100.94 101.06 101.19 101.31 101.41 101.56 101.72 101.91 102.09 102.28 102.44 102.62 102.78 102.94 103.09 103.25 103.38 103.53 103.66 103.81 103.94 104.00 104.12 104.19 104.28 104.38 104.44 104.56 104.69 104.81 104.91 105.00 105.09 105.19 105.28 105.31 105.38 105.41 105.47 105.50 105.53 105.56 105.62
96.06 96.19 96.31 96.44 96.59 96.72 96.84 96.94 97.09 97.19 97.31 97.44 97.56 97.66 97.78 97.88 98.00 98.12 98.25 98.41 98.56 98.72 98.88 99.06 99.22 99.41 99.56 99.75 99.91 100.03 100.16 100.28 100.41 100.50 100.62 100.72 100.88 100.97 101.12 101.25 101.44 101.59 101.78 101.97 102.16 102.31 102.47 102.62 102.78 102.91 103.06 103.19 103.31 103.44 103.53 103.66 103.75 103.84 103.94 104.00 104.16 104.28 104.41 104.53 104.66 104.75 104.84 104.94 105.03 105.09 105.12 105.19 105.22 105.25 105.28 105.34 105.41
95.88 96.03 96.16 96.28 96.41 96.53 96.66 96.75 96.88 97.00 97.12 97.25 97.34 97.47 97.56 97.69 97.78 97.94 98.06 98.19 98.34 98.50 98.69 98.84 99.03 99.19 99.34 99.50 99.62 99.75 99.88 99.97 100.06 100.19 100.31 100.44 100.53 100.66 100.78 100.94 101.12 101.31 101.50 101.69 101.84 102.03 102.19 102.31 102.47 102.59 102.72 102.84 102.97 103.06 103.19 103.28 103.41 103.50 103.59 103.72 103.81 103.97 104.12 104.25 104.38 104.50 104.62 104.72 104.81 104.84 104.88 104.94 104.97 105.00 105.06 105.12 105.19
95.72 95.84 95.97 96.09 96.22 96.34 96.44 96.56 96.69 96.81 96.94 97.03 97.16 97.28 97.38 97.50 97.59 97.72 97.88 98.00 98.16 98.31 98.47 98.66 98.81 98.97 99.12 99.25 99.38 99.47 99.59 99.69 99.78 99.91 100.00 100.12 100.28 100.41 100.50 100.66 100.84 101.03 101.22 101.41 101.56 101.72 101.88 102.03 102.16 102.28 102.41 102.53 102.66 102.75 102.84 102.97 103.06 103.16 103.25 103.41 103.53 103.69 103.81 103.97 104.12 104.25 104.34 104.44 104.50 104.56 104.62 104.66 104.72 104.78 104.84 104.88 104.97
95.56 95.69 95.81 95.91 96.03 96.12 96.25 96.38 96.50 96.62 96.75 96.84 96.97 97.06 97.19 97.31 97.41 97.53 97.66 97.81 97.94 98.09 98.25 98.41 98.56 98.72 98.84 98.97 99.09 99.19 99.28 99.38 99.50 99.59 99.72 99.84 100.00 100.16 100.28 100.44 100.56 100.78 100.97 101.12 101.31 101.47 101.59 101.75 101.88 102.00 102.09 102.22 102.34 102.44 102.53 102.66 102.75 102.84 102.97 103.09 103.25 103.41 103.53 103.69 103.84 103.97 104.09 104.19 104.22 104.28 104.31 104.41 104.44 104.53 104.59 104.66 104.75
95.41 95.50 95.62 95.72 95.84 95.97 96.09 96.22 96.31 96.44 96.56 96.69 96.78 96.91 97.00 97.12 97.22 97.34 97.47 97.56 97.72 97.84 97.97 98.12 98.28 98.41 98.53 98.62 98.75 98.84 98.94 99.06 99.16 99.28 99.44 99.59 99.75 99.94 100.06 100.22 100.34 100.53 100.69 100.88 101.03 101.19 101.31 101.47 101.59 101.69 101.81 101.91 102.03 102.12 102.25 102.34 102.44 102.56 102.69 102.81 102.97 103.09 103.25 103.41 103.56 103.72 103.81 103.88 103.94 103.97 104.03 104.09 104.16 104.28 104.34 104.44 104.53
95.22 95.34 95.44 95.56 95.69 95.78 95.91 96.03 96.16 96.25 96.38 96.50 96.59 96.72 96.81 96.94 97.03 97.12 97.22 97.34 97.44 97.56 97.69 97.81 97.94 98.03 98.16 98.25 98.34 98.44 98.53 98.62 98.75 98.88 99.03 99.25 99.47 99.66 99.84 100.00 100.16 100.28 100.47 100.62 100.78 100.94 101.06 101.19 101.31 101.41 101.53 101.62 101.72 101.84 101.94 102.06 102.16 102.28 102.41 102.53 102.66 102.81 102.97 103.12 103.28 103.41 103.50 103.59 103.62 103.69 103.75 103.81 103.91 104.00 104.09 104.19 104.31
95.06 95.16 95.28 95.38 95.50 95.62 95.72 95.84 95.97 96.09 96.19 96.31 96.41 96.53 96.62 96.72 96.81 96.91 96.97 97.06 97.16 97.25 97.34 97.44 97.53 97.62 97.69 97.78 97.88 97.94 98.03 98.12 98.25 98.41 98.59 98.81 99.06 99.31 99.50 99.72 99.91 100.06 100.25 100.41 100.56 100.69 100.81 100.94 101.03 101.16 101.25 101.34 101.44 101.56 101.66 101.75 101.88 102.00 102.12 102.25 102.38 102.50 102.66 102.81 102.94 103.06 103.19 103.25 103.34 103.38 103.47 103.53 103.66 103.75 103.84 103.97 104.12
94.88 95.00 95.09 95.22 95.34 95.44 95.56 95.69 95.78 95.91 96.03 96.12 96.22 96.34 96.44 96.50 96.56 96.62 96.69 96.75 96.81 96.88 96.94 97.00 97.06 97.12 97.22 97.28 97.34 97.41 97.50 97.62 97.75 97.91 98.09 98.34 98.59 98.84 99.09 99.31 99.56 99.81 100.03 100.19 100.34 100.47 100.56 100.69 100.78 100.88 100.97 101.06 101.16 101.25 101.38 101.47 101.59 101.72 101.84 101.97 102.09 102.22 102.34 102.47 102.59 102.72 102.84 102.94 103.03 103.09 103.19 103.31 103.41 103.53 103.62 103.75 103.88
94.72 94.81 94.94 95.06 95.16 95.28 95.41 95.50 95.62 95.72 95.84 95.94 96.03 96.12 96.19 96.25 96.31 96.34 96.38 96.41 96.44 96.47 96.50 96.53 96.59 96.62 96.69 96.75 96.81 96.88 96.97 97.09 97.22 97.41 97.62 97.84 98.12 98.38 98.66 98.91 99.16 99.44 99.72 99.97 100.12 100.25 100.34 100.44 100.53 100.62 100.69 100.78 100.88 100.97 101.09 101.19 101.31 101.44 101.56 101.69 101.81 101.94 102.06 102.19 102.31 102.44 102.53 102.62 102.72 102.84 102.94 103.03 103.16 103.28 103.41 103.53 103.69
94.53 94.66 94.75 94.88 95.00 95.09 95.22 95.34 95.44 95.53 95.66 95.75 95.81 95.88 95.94 96.00 96.03 96.03 96.03 96.03 96.03 96.03 96.06 96.06 96.09 96.12 96.16 96.22 96.28 96.34 96.47 96.59 96.75 96.94 97.16 97.41 97.66 97.94 98.22 98.50 98.75 99.03 99.31 99.62 99.88 100.03 100.12 100.22 100.28 100.34 100.44 100.50 100.59 100.72 100.81 100.94 101.03 101.16 101.28 101.41 101.53 101.66 101.78 101.91 102.03 102.12 102.25 102.34 102.47 102.59 102.69 102.81 102.91 103.06 103.16 103.31 103.44
94.34 94.47 94.59 94.72 94.81 94.94 95.06 95.16 95.25 95.34 95.44 95.53 95.59 95.62 95.69 95.69 95.69 95.69 95.69 95.66 95.62 95.62 95.59 95.59 95.59 95.62 95.66 95.72 95.78 95.88 96.00 96.12 96.31 96.50 96.72 96.97 97.25 97.53 97.81 98.09 98.38 98.62 98.88 99.19 99.47 99.75 99.94 100.00 100.06 100.09 100.19 100.25 100.34 100.44 100.53 100.66 100.78 100.91 101.03 101.16 101.28 101.41 101.53 101.66 101.75 101.88 101.97 102.09 102.19 102.31 102.44 102.56 102.69 102.81 102.97 103.09 103.22
94.19 94.28 94.41 94.53 94.66 94.75 94.88 94.97 95.06 95.16 95.22 95.28 95.31 95.38 95.38 95.38 95.34 95.34 95.28 95.25 95.22 95.19 95.16 95.12 95.12 95.16 95.19 95.25 95.31 95.44 95.56 95.72 95.91 96.12 96.34 96.59 96.88 97.16 97.44 97.72 97.97 98.22 98.47 98.72 99.00 99.28 99.59 99.84 99.88 99.88 99.91 100.00 100.06 100.16 100.28 100.41 100.53 100.66 100.78 100.91 101.03 101.16 101.28 101.38 101.50 101.62 101.72 101.81 101.94 102.06 102.16 102.28 102.44 102.53 102.69 102.84 102.97
94.00 94.12 94.22 94.34 94.47 94.56 94.69 94.78 94.84 94.91 94.97 95.03 95.03 95.06 95.06 95.03 95.00 94.97 94.91 94.84 94.81 94.75 94.72 94.72 94.72 94.72 94.78 94.84 94.94 95.06 95.19 95.38 95.56 95.78 96.03 96.28 96.53 96.81 97.09 97.34 97.59 97.84 98.06 98.31 98.56 98.84 99.12 99.44 99.69 99.75 99.72 99.75 99.81 99.91 100.03 100.16 100.28 100.41 100.53 100.66 100.78 100.91 101.03 101.12 101.25 101.38 101.47 101.59 101.69 101.81 101.91 102.03 102.19 102.31 102.44 102.56 102.72
93.81 93.94 94.06 94.16 94.28 94.38 94.47 94.53 94.59 94.66 94.69 94.72 94.75 94.72 94.72 94.69 94.66 94.59 94.53 94.47 94.44 94.38 94.34 94.31 94.34 94.34 94.41 94.50 94.59 94.72 94.88 95.06 95.28 95.50 95.72 95.97 96.22 96.50 96.75 97.00 97.22 97.47 97.69 97.91 98.12 98.38 98.66 98.94 99.25 99.56 99.62 99.59 99.59 99.69 99.78 99.91 100.03 100.16 100.28 100.41 100.53 100.66 100.78 100.91 101.00 101.12 101.25 101.34 101.47 101.56 101.69 101.81 101.94 102.06 102.19 102.31 102.44
93.62 93.75 93.84 93.97 94.06 94.16 94.22 94.28 94.34 94.38 94.41 94.41 94.41 94.41 94.38 94.34 94.28 94.22 94.16 94.12 94.06 94.03 94.00 94.00 94.00 94.03 94.09 94.19 94.31 94.44 94.62 94.81 95.00 95.22 95.47 95.72 95.94 96.19 96.44 96.69 96.91 97.09 97.31 97.50 97.72 97.97 98.19 98.47 98.75 99.06 99.31 99.44 99.47 99.50 99.59 99.69 99.81 99.94 100.06 100.19 100.31 100.44 100.53 100.66 100.78 100.91 101.00 101.12 101.25 101.34 101.47 101.56 101.69 101.81 101.94 102.06 102.19
93.44 93.53 93.62 93.72 93.81 93.91 93.97 94.00 94.03 94.06 94.06 94.06 94.06 94.03 94.03 93.97 93.94 93.88 93.84 93.78 93.75 93.69 93.69 93.69 93.72 93.75 93.84 93.94 94.06 94.22 94.41 94.59 94.78 95.00 95.22 95.47 95.69 95.94 96.16 96.38 96.59 96.78 96.97 97.16 97.38 97.59 97.81 98.03 98.31 98.56 98.84 99.06 99.25 99.41 99.47 99.53 99.62 99.72 99.84 99.97 100.06 100.19 100.31 100.44 100.56 100.69 100.78 100.91 101.00 101.12 101.25 101.34 101.47 101.56 101.69 101.81 101.91
93.19 93.28 93.38 93.47 93.53 93.59 93.66 93.69 93.72 93.72 93.72 93.72 93.72 93.69 93.66 93.62 93.59 93.56 93.50 93.47 93.44 93.41 93.41 93.44 93.47 93.53 93.62 93.72 93.88 94.03 94.19 94.41 94.59 94.81 95.03 95.25 95.47 95.69 95.91 96.09 96.28 96.47 96.66 96.84 97.06 97.25 97.47 97.69 97.91 98.16 98.41 98.66 98.88 99.09 99.31 99.44 99.47 99.53 99.62 99.75 99.88 99.97 100.09 100.22 100.34 100.47 100.56 100.69 100.78 100.91 101.03 101.12 101.22 101.34 101.47 101.56 101.69
92.91 93.00 93.09 93.16 93.22 93.28 93.31 93.34 93.38 93.38 93.38 93.38 93.38 93.34 93.34 93.31 93.28 93.25 93.22 93.19 93.19 93.16 93.19 93.22 93.25 93.34 93.44 93.56 93.69 93.84 94.03 94.22 94.41 94.62 94.84 95.03 95.25 95.44 95.66 95.84 96.03 96.22 96.41 96.56 96.75 96.97 97.16 97.34 97.56 97.78 98.03 98.25 98.47 98.72 98.94 99.16 99.31 99.38 99.44 99.53 99.66 99.78 99.91 100.00 100.12 100.25 100.34 100.47 100.59 100.69 100.81 100.91 101.00 101.12 101.22 101.34 101.44
92.59 92.69 92.78 92.84 92.91 92.94 92.97 93.00 93.00 93.03 93.03 93.03 93.03 93.03 93.00 93.00 93.00 92.97 92.97 92.94 92.94 92.94 92.97 93.03 93.09 93.16 93.28 93.41 93.56 93.72 93.88 94.06 94.25 94.47 94.66 94.84 95.03 95.22 95.41 95.59 95.78 95.97 96.12 96.31 96.50 96.69 96.88 97.06 97.25 97.47 97.66 97.88 98.09 98.34 98.56 98.78 99.03 99.22 99.31 99.38 99.47 99.59 99.69 99.81 99.94 100.03 100.16 100.25 100.38 100.50 100.59 100.69 100.81 100.91 101.00 101.12 101.22
92.28 92.34 92.41 92.47 92.53 92.59 92.62 92.62 92.66 92.69 92.69 92.69 92.72 92.72 92.72 92.72 92.72 92.72 92.72 92.72 92.75 92.75 92.81 92.84 92.94 93.03 93.12 93.28 93.41 93.56 93.75 93.94 94.12 94.28 94.47 94.66 94.84 95.03 95.22 95.38 95.56 95.72 95.91 96.06 96.25 96.41 96.59 96.78 96.97 97.16 97.34 97.56 97.75 97.97 98.19 98.41 98.66 98.91 99.12 99.34 99.41 99.44 99.50 99.62 99.72 99.84 99.97 100.06 100.19 100.28 100.38 100.50 100.59 100.69 100.78 100.91 101.00
91.94 92.00 92.06 92.12 92.19 92.22 92.25 92.28 92.31 92.34 92.38 92.38 92.41 92.44 92.44 92.47 92.47 92.50 92.50 92.53 92.56 92.59 92.66 92.72 92.81 92.91 93.03 93.16 93.31 93.47 93.62 93.78 93.97 94.16 94.31 94.50 94.66 94.84 95.00 95.19 95.34 95.50 95.69 95.84 96.00 96.19 96.34 96.50 96.69 96.88 97.03 97.25 97.44 97.62 97.84 98.06 98.31 98.56 98.84 99.12 99.28 99.38 99.38 99.44 99.53 99.66 99.75 99.88 99.97 100.09 100.19 100.28 100.38 100.50 100.59 100.69 100.78
91.56 91.66 91.72 91.78 91.81 91.88 91.91 91.97 92.00 92.03 92.06 92.09 92.12 92.16 92.22 92.25 92.25 92.28 92.31 92.34 92.41 92.44 92.50 92.59 92.69 92.78 92.91 93.03 93.19 93.34 93.50 93.66 93.84 94.00 94.16 94.34 94.50 94.66 94.81 94.97 95.16 95.31 95.47 95.62 95.78 95.94 96.09 96.25 96.44 96.59 96.78 96.94 97.12 97.31 97.53 97.72 97.94 98.19 98.47 98.75 99.00 99.16 99.31 99.31 99.38 99.47 99.59 99.69 99.81 99.91 100.00 100.09 100.19 100.28 100.38 100.50 100.59
91.25 91.31 91.38 91.44 91.50 91.56 91.59 91.66 91.69 91.75 91.78 91.84 91.91 91.94 92.00 92.03 92.06 92.12 92.16 92.22 92.25 92.31 92.41 92.47 92.56 92.69 92.81 92.94 93.09 93.22 93.38 93.53 93.72 93.88 94.03 94.19 94.34 94.50 94.66 94.81 94.94 95.09 95.25 95.41 95.56 95.72 95.88 96.03 96.19 96.34 96.50 96.69 96.84 97.03 97.22 97.41 97.62 97.84 98.09 98.34 98.56 98.88 99.06 99.22 99.28 99.31 99.41 99.53 99.62 99.72 99.81 99.91 100.00 100.09 100.19 100.28 100.38
