everonasctiles/Tile38,46.asc
ncols 128
nrows 128
xllcorner 0
yllcorner 0
cellsize 2.0
NODATA_value  -9999
[rows 96 to 127 of 128, columns 0 to 70 of 128]
-50.78 -50.62 -50.47 -50.25 -50.00 -49.75 -49.56 -49.44 -49.38 -49.38 -49.47 -49.56 -49.66 -49.75 -49.84 -49.94 -50.03 -50.12 -50.19 -50.22 -50.22 -50.12 -50.00 -49.81 -49.59 -49.34 -49.06 -48.69 -48.16 -47.72 -47.50 -47.44 -47.41 -47.34 -47.44 -47.41 -47.22 -46.94 -47.00 -47.75 -48.44 -49.00 -49.44 -49.41 -48.88 -48.62 -48.97 -49.81 -50.88 -51.41 -51.50 -50.78 -50.44 -50.75 -51.38 -52.31 -52.94 -53.06 -52.88 -52.44 -52.16 -51.97 -51.72 -51.28 -50.66 -49.12 -48.25 -48.66 -49.78 -51.22 -52.78
-51.00 -50.91 -50.72 -50.50 -50.22 -49.91 -49.59 -49.41 -49.31 -49.34 -49.41 -49.53 -49.66 -49.78 -49.94 -50.06 -50.19 -50.31 -50.38 -50.41 -50.41 -50.38 -50.25 -50.09 -49.88 -49.66 -49.41 -49.12 -48.69 -48.41 -48.38 -48.44 -48.47 -48.41 -48.28 -48.06 -47.69 -47.00 -46.66 -47.84 -48.97 -49.75 -50.31 -50.59 -50.41 -50.00 -50.16 -50.81 -51.81 -52.34 -52.62 -52.53 -52.12 -52.34 -52.78 -53.28 -53.59 -53.66 -53.59 -53.31 -53.06 -52.75 -52.38 -51.81 -50.78 -49.34 -49.00 -49.91 -51.25 -52.56 -53.75
-51.25 -51.19 -51.06 -50.81 -50.50 -50.06 -49.56 -49.28 -49.19 -49.22 -49.31 -49.44 -49.59 -49.75 -49.94 -50.12 -50.25 -50.38 -50.47 -50.53 -50.56 -50.56 -50.47 -50.34 -50.19 -49.97 -49.72 -49.50 -49.19 -49.19 -49.38 -49.44 -49.38 -49.22 -49.00 -48.62 -48.09 -46.88 -46.38 -47.31 -49.00 -50.38 -51.19 -51.62 -51.75 -51.56 -51.53 -52.00 -52.78 -53.22 -53.53 -53.69 -53.69 -53.84 -54.03 -54.09 -54.19 -54.22 -54.16 -54.00 -53.72 -53.38 -52.88 -52.19 -50.81 -49.75 -49.97 -51.19 -52.66 -53.81 -54.50
-51.56 -51.53 -51.44 -51.22 -50.88 -50.38 -49.62 -49.06 -48.81 -48.91 -49.09 -49.28 -49.50 -49.72 -49.91 -50.09 -50.25 -50.38 -50.50 -50.62 -50.69 -50.75 -50.72 -50.62 -50.47 -50.28 -50.06 -49.81 -49.69 -50.00 -50.19 -50.19 -50.12 -49.94 -49.66 -49.16 -48.16 -46.78 -46.38 -47.28 -48.84 -50.75 -51.91 -52.56 -52.78 -52.84 -52.81 -53.16 -53.66 -54.03 -54.31 -54.50 -54.62 -54.78 -54.81 -54.75 -54.72 -54.75 -54.72 -54.56 -54.28 -53.81 -53.22 -52.28 -51.00 -50.47 -51.09 -52.34 -53.69 -54.41 -54.78
-51.91 -51.91 -51.84 -51.69 -51.41 -50.94 -50.03 -49.12 -48.53 -48.41 -48.62 -48.97 -49.38 -49.69 -49.91 -50.06 -50.22 -50.38 -50.50 -50.66 -50.78 -50.91 -50.94 -50.88 -50.75 -50.59 -50.38 -50.06 -50.25 -50.66 -50.88 -50.91 -50.84 -50.66 -50.19 -49.50 -48.06 -46.88 -46.88 -47.97 -49.53 -51.28 -52.59 -53.31 -53.62 -53.69 -53.75 -54.00 -54.41 -54.69 -54.97 -55.16 -55.28 -55.34 -55.34 -55.28 -55.28 -55.28 -55.22 -55.03 -54.62 -54.09 -53.41 -52.34 -51.53 -51.50 -52.25 -53.41 -54.31 -54.66 -54.97
-52.28 -52.31 -52.31 -52.19 -51.97 -51.59 -50.72 -49.59 -48.66 -48.22 -48.41 -48.84 -49.31 -49.75 -49.94 -50.06 -50.19 -50.31 -50.50 -50.69 -50.88 -51.06 -51.19 -51.19 -51.09 -50.97 -50.72 -50.44 -50.81 -51.28 -51.56 -51.66 -51.56 -51.22 -50.59 -49.56 -48.06 -47.25 -47.78 -49.19 -50.84 -52.34 -53.47 -54.00 -54.31 -54.34 -54.38 -54.62 -55.00 -55.28 -55.53 -55.72 -55.81 -55.84 -55.81 -55.75 -55.75 -55.72 -55.59 -55.28 -54.78 -54.16 -53.31 -52.62 -52.41 -52.66 -53.34 -54.19 -54.59 -54.88 -55.19
-52.72 -52.78 -52.78 -52.69 -52.47 -52.19 -51.50 -50.28 -49.19 -48.69 -48.91 -49.38 -49.78 -50.09 -50.16 -50.06 -50.09 -50.25 -50.47 -50.72 -50.97 -51.22 -51.44 -51.50 -51.50 -51.41 -51.16 -51.00 -51.44 -51.94 -52.25 -52.34 -52.16 -51.62 -50.88 -49.50 -48.31 -48.06 -49.00 -50.62 -52.34 -53.69 -54.25 -54.62 -54.88 -54.88 -54.84 -55.06 -55.44 -55.75 -56.00 -56.19 -56.28 -56.28 -56.22 -56.19 -56.16 -56.06 -55.81 -55.34 -54.66 -53.84 -53.28 -53.34 -53.50 -53.72 -54.16 -54.56 -54.81 -55.06 -55.31
-53.19 -53.28 -53.28 -53.19 -52.97 -52.62 -52.09 -50.94 -49.88 -49.44 -49.81 -50.47 -50.75 -50.66 -50.41 -50.09 -49.78 -50.00 -50.41 -50.78 -51.12 -51.41 -51.69 -51.84 -51.94 -51.94 -51.81 -51.75 -52.19 -52.62 -52.94 -52.94 -52.56 -51.91 -50.81 -49.62 -49.00 -49.28 -50.38 -52.00 -53.62 -54.56 -54.94 -55.19 -55.38 -55.34 -55.22 -55.38 -55.75 -56.09 -56.38 -56.56 -56.66 -56.66 -56.59 -56.53 -56.44 -56.28 -55.94 -55.31 -54.44 -53.78 -53.78 -54.22 -54.50 -54.53 -54.62 -54.78 -54.94 -55.12 -55.31
-53.69 -53.78 -53.78 -53.66 -53.38 -53.03 -52.50 -51.47 -50.59 -50.31 -50.84 -51.50 -51.47 -51.12 -50.69 -49.84 -49.44 -49.72 -50.25 -50.84 -51.31 -51.69 -51.97 -52.22 -52.38 -52.47 -52.50 -52.59 -52.91 -53.31 -53.53 -53.41 -52.84 -51.94 -50.84 -50.25 -50.19 -50.72 -51.81 -53.25 -54.56 -55.12 -55.41 -55.66 -55.81 -55.78 -55.59 -55.62 -56.00 -56.34 -56.62 -56.84 -56.94 -56.94 -56.88 -56.78 -56.62 -56.44 -56.09 -55.47 -54.72 -54.34 -54.53 -54.91 -55.00 -54.94 -54.94 -54.94 -54.97 -55.06 -55.19
-54.12 -54.25 -54.22 -54.06 -53.78 -53.41 -52.84 -52.03 -51.47 -51.34 -51.91 -52.25 -52.16 -51.69 -50.75 -49.69 -49.31 -49.69 -50.38 -51.09 -51.69 -52.06 -52.34 -52.59 -52.81 -53.00 -53.16 -53.31 -53.59 -53.91 -54.03 -53.84 -53.12 -52.12 -51.50 -51.38 -51.56 -52.19 -53.22 -54.34 -55.12 -55.50 -55.81 -56.06 -56.19 -56.12 -55.94 -55.94 -56.25 -56.56 -56.84 -57.03 -57.12 -57.12 -57.06 -56.94 -56.78 -56.59 -56.34 -55.94 -55.47 -55.22 -55.31 -55.38 -55.34 -55.28 -55.19 -55.12 -55.00 -54.94 -55.00
-54.59 -54.69 -54.66 -54.44 -54.12 -53.72 -53.19 -52.81 -52.56 -52.56 -52.94 -53.06 -52.84 -52.25 -50.94 -49.97 -49.78 -50.22 -50.97 -51.75 -52.44 -52.78 -52.88 -53.03 -53.25 -53.47 -53.66 -53.88 -54.16 -54.41 -54.50 -54.28 -53.66 -52.88 -52.62 -52.66 -52.84 -53.44 -54.38 -55.09 -55.50 -55.81 -56.16 -56.41 -56.50 -56.44 -56.28 -56.34 -56.56 -56.81 -57.03 -57.19 -57.25 -57.25 -57.19 -57.06 -56.94 -56.78 -56.62 -56.41 -56.16 -55.97 -55.84 -55.78 -55.69 -55.59 -55.47 -55.31 -55.09 -54.84 -54.69
-55.00 -55.09 -55.03 -54.81 -54.44 -54.03 -53.69 -53.75 -53.75 -53.75 -53.81 -53.81 -53.50 -52.84 -51.56 -50.88 -50.91 -51.41 -52.09 -52.84 -53.44 -53.59 -53.59 -53.59 -53.72 -53.91 -54.09 -54.31 -54.59 -54.84 -54.94 -54.78 -54.34 -53.88 -53.81 -53.81 -53.78 -54.25 -55.03 -55.44 -55.78 -56.09 -56.44 -56.69 -56.75 -56.69 -56.62 -56.72 -56.88 -57.06 -57.19 -57.31 -57.38 -57.38 -57.31 -57.19 -57.09 -56.97 -56.84 -56.72 -56.53 -56.38 -56.22 -56.09 -56.00 -55.88 -55.69 -55.47 -55.22 -54.91 -54.59
-55.38 -55.47 -55.38 -55.12 -54.75 -54.28 -54.28 -54.53 -54.56 -54.53 -54.53 -54.44 -54.19 -53.56 -52.62 -52.22 -52.41 -52.91 -53.53 -54.06 -54.25 -54.28 -54.28 -54.25 -54.31 -54.41 -54.47 -54.66 -54.97 -55.25 -55.38 -55.25 -55.00 -54.84 -54.84 -54.78 -54.47 -54.69 -55.31 -55.69 -56.03 -56.34 -56.66 -56.88 -56.94 -56.91 -56.91 -57.00 -57.12 -57.25 -57.34 -57.44 -57.47 -57.47 -57.41 -57.34 -57.25 -57.16 -57.06 -56.94 -56.78 -56.62 -56.47 -56.31 -56.16 -56.00 -55.81 -55.56 -55.28 -55.00 -54.66
-55.75 -55.84 -55.72 -55.44 -55.00 -54.59 -54.75 -55.03 -55.12 -55.16 -55.12 -55.03 -54.81 -54.38 -53.78 -53.59 -53.94 -54.41 -54.75 -54.88 -54.91 -54.91 -54.91 -54.91 -54.91 -54.94 -54.94 -54.97 -55.25 -55.56 -55.75 -55.69 -55.56 -55.44 -55.38 -55.28 -55.03 -55.06 -55.56 -55.91 -56.22 -56.53 -56.81 -57.00 -57.09 -57.12 -57.16 -57.22 -57.31 -57.41 -57.50 -57.53 -57.56 -57.56 -57.53 -57.47 -57.38 -57.31 -57.22 -57.09 -56.97 -56.78 -56.56 -56.38 -56.12 -55.94 -55.72 -55.50 -55.25 -54.97 -54.66
-56.06 -56.16 -56.06 -55.78 -55.34 -54.97 -55.19 -55.44 -55.59 -55.69 -55.69 -55.56 -55.41 -55.09 -54.72 -54.72 -55.12 -55.34 -55.41 -55.44 -55.47 -55.50 -55.50 -55.47 -55.47 -55.47 -55.47 -55.44 -55.59 -55.84 -56.03 -56.06 -55.97 -55.88 -55.75 -55.62 -55.47 -55.50 -55.84 -56.12 -56.41 -56.69 -56.94 -57.16 -57.25 -57.31 -57.34 -57.41 -57.47 -57.53 -57.56 -57.62 -57.62 -57.62 -57.59 -57.53 -57.47 -57.41 -57.31 -57.19 -57.00 -56.78 -56.53 -56.28 -55.97 -55.72 -55.50 -55.28 -55.06 -54.78 -54.50
-56.31 -56.47 -56.38 -56.12 -55.75 -55.44 -55.59 -55.84 -56.03 -56.16 -56.16 -56.06 -55.88 -55.66 -55.38 -55.47 -55.69 -55.81 -55.91 -55.97 -56.00 -56.00 -56.00 -56.00 -56.00 -55.97 -55.97 -55.94 -55.97 -56.16 -56.31 -56.41 -56.34 -56.25 -56.12 -55.97 -55.81 -55.84 -56.09 -56.31 -56.56 -56.84 -57.06 -57.25 -57.38 -57.44 -57.47 -57.53 -57.56 -57.59 -57.62 -57.62 -57.66 -57.62 -57.59 -57.53 -57.47 -57.38 -57.28 -57.12 -56.94 -56.72 -56.44 -56.12 -55.78 -55.41 -55.12 -54.91 -54.72 -54.50 -54.22
-56.50 -56.69 -56.66 -56.47 -56.19 -55.97 -56.00 -56.22 -56.41 -56.53 -56.56 -56.47 -56.28 -56.03 -55.81 -55.91 -56.09 -56.22 -56.34 -56.44 -56.47 -56.44 -56.44 -56.44 -56.44 -56.44 -56.41 -56.38 -56.34 -56.47 -56.62 -56.72 -56.69 -56.59 -56.44 -56.28 -56.12 -56.12 -56.28 -56.47 -56.69 -56.94 -57.12 -57.31 -57.44 -57.50 -57.56 -57.56 -57.59 -57.62 -57.62 -57.62 -57.62 -57.59 -57.53 -57.47 -57.41 -57.31 -57.19 -57.03 -56.84 -56.59 -56.28 -55.94 -55.50 -55.00 -54.66 -54.47 -54.28 -54.06 -53.84
-56.69 -56.91 -56.94 -56.81 -56.59 -56.41 -56.34 -56.53 -56.72 -56.88 -56.91 -56.81 -56.66 -56.38 -56.16 -56.25 -56.44 -56.59 -56.72 -56.78 -56.81 -56.81 -56.78 -56.81 -56.81 -56.84 -56.81 -56.75 -56.72 -56.75 -56.88 -56.97 -56.97 -56.84 -56.69 -56.53 -56.34 -56.28 -56.41 -56.56 -56.75 -56.97 -57.16 -57.31 -57.44 -57.50 -57.53 -57.56 -57.56 -57.56 -57.59 -57.56 -57.56 -57.53 -57.47 -57.38 -57.31 -57.19 -57.06 -56.91 -56.69 -56.47 -56.16 -55.78 -55.31 -54.53 -53.97 -53.81 -53.72 -53.56 -53.41
-56.91 -57.12 -57.16 -57.06 -56.94 -56.78 -56.66 -56.78 -57.00 -57.16 -57.22 -57.12 -56.94 -56.69 -56.47 -56.59 -56.78 -56.91 -57.03 -57.09 -57.09 -57.06 -57.06 -57.09 -57.12 -57.16 -57.12 -57.09 -57.03 -57.06 -57.12 -57.19 -57.19 -57.09 -56.91 -56.72 -56.53 -56.41 -56.47 -56.62 -56.78 -56.97 -57.16 -57.31 -57.41 -57.47 -57.47 -57.47 -57.47 -57.47 -57.50 -57.50 -57.47 -57.41 -57.34 -57.25 -57.19 -57.06 -56.94 -56.78 -56.56 -56.31 -55.97 -55.62 -55.22 -54.38 -53.47 -52.97 -52.88 -52.97 -52.91
-57.19 -57.34 -57.41 -57.34 -57.22 -57.03 -56.84 -57.00 -57.22 -57.38 -57.47 -57.41 -57.22 -56.94 -56.75 -56.91 -57.06 -57.19 -57.28 -57.31 -57.28 -57.28 -57.31 -57.34 -57.38 -57.41 -57.41 -57.34 -57.31 -57.34 -57.38 -57.41 -57.38 -57.28 -57.09 -56.91 -56.72 -56.56 -56.53 -56.62 -56.78 -56.94 -57.09 -57.25 -57.31 -57.34 -57.34 -57.34 -57.34 -57.34 -57.34 -57.34 -57.31 -57.28 -57.19 -57.09 -57.03 -56.94 -56.81 -56.62 -56.41 -56.16 -55.81 -55.44 -55.06 -54.31 -53.19 -52.28 -51.94 -52.16 -52.34
-57.44 -57.59 -57.66 -57.59 -57.44 -57.22 -57.00 -57.16 -57.38 -57.56 -57.66 -57.62 -57.44 -57.19 -57.09 -57.22 -57.34 -57.44 -57.50 -57.50 -57.44 -57.44 -57.50 -57.53 -57.59 -57.62 -57.62 -57.59 -57.56 -57.56 -57.59 -57.59 -57.53 -57.44 -57.28 -57.06 -56.88 -56.69 -56.59 -56.62 -56.75 -56.91 -57.03 -57.12 -57.19 -57.22 -57.19 -57.19 -57.19 -57.19 -57.19 -57.19 -57.16 -57.09 -57.00 -56.91 -56.81 -56.75 -56.62 -56.47 -56.28 -56.00 -55.66 -55.25 -54.84 -54.03 -52.88 -51.81 -51.22 -51.34 -51.81
-57.66 -57.81 -57.88 -57.81 -57.66 -57.44 -57.28 -57.38 -57.59 -57.75 -57.84 -57.81 -57.69 -57.53 -57.47 -57.53 -57.62 -57.69 -57.69 -57.62 -57.56 -57.59 -57.66 -57.72 -57.78 -57.81 -57.81 -57.81 -57.78 -57.78 -57.78 -57.75 -57.69 -57.56 -57.41 -57.19 -56.97 -56.78 -56.62 -56.59 -56.69 -56.78 -56.88 -56.94 -57.00 -57.03 -57.00 -57.00 -56.97 -56.97 -56.94 -56.94 -56.94 -56.88 -56.78 -56.66 -56.59 -56.50 -56.41 -56.28 -56.12 -55.88 -55.50 -55.06 -54.53 -53.69 -52.53 -51.47 -50.78 -50.88 -51.41
-57.81 -58.00 -58.09 -58.03 -57.88 -57.75 -57.66 -57.75 -57.84 -57.97 -58.03 -58.00 -57.94 -57.84 -57.81 -57.81 -57.84 -57.88 -57.84 -57.78 -57.72 -57.75 -57.81 -57.88 -57.94 -57.97 -58.00 -58.00 -57.97 -57.97 -57.94 -57.88 -57.78 -57.62 -57.47 -57.25 -57.03 -56.81 -56.62 -56.53 -56.56 -56.62 -56.69 -56.72 -56.78 -56.81 -56.81 -56.78 -56.75 -56.72 -56.69 -56.69 -56.66 -56.59 -56.50 -56.41 -56.31 -56.22 -56.12 -56.00 -55.88 -55.69 -55.34 -54.91 -54.34 -53.56 -52.47 -51.44 -50.78 -50.69 -51.16
-57.94 -58.16 -58.25 -58.22 -58.16 -58.06 -58.03 -58.06 -58.12 -58.19 -58.22 -58.22 -58.16 -58.12 -58.06 -58.06 -58.06 -58.03 -58.00 -57.94 -57.88 -57.91 -57.97 -58.03 -58.06 -58.12 -58.12 -58.12 -58.12 -58.09 -58.03 -57.94 -57.81 -57.66 -57.47 -57.22 -57.00 -56.75 -56.56 -56.44 -56.41 -56.41 -56.44 -56.47 -56.53 -56.56 -56.56 -56.53 -56.50 -56.44 -56.41 -56.38 -56.34 -56.25 -56.19 -56.06 -55.97 -55.88 -55.78 -55.66 -55.56 -55.41 -55.16 -54.72 -54.19 -53.53 -52.75 -51.91 -51.28 -50.97 -50.94
-58.03 -58.25 -58.41 -58.41 -58.38 -58.31 -58.31 -58.31 -58.34 -58.38 -58.41 -58.41 -58.38 -58.34 -58.31 -58.28 -58.25 -58.22 -58.16 -58.09 -58.06 -58.06 -58.09 -58.16 -58.19 -58.22 -58.25 -58.25 -58.22 -58.19 -58.09 -57.97 -57.84 -57.66 -57.44 -57.19 -56.94 -56.69 -56.47 -56.31 -56.22 -56.19 -56.19 -56.22 -56.25 -56.28 -56.31 -56.28 -56.25 -56.19 -56.12 -56.06 -56.00 -55.91 -55.81 -55.69 -55.59 -55.50 -55.38 -55.28 -55.19 -55.09 -54.88 -54.50 -54.00 -53.41 -52.75 -52.09 -51.50 -51.06 -50.84
-58.09 -58.31 -58.50 -58.56 -58.53 -58.50 -58.50 -58.50 -58.53 -58.56 -58.59 -58.59 -58.56 -58.53 -58.50 -58.47 -58.44 -58.38 -58.31 -58.25 -58.22 -58.22 -58.25 -58.28 -58.31 -58.31 -58.34 -58.34 -58.31 -58.25 -58.16 -58.00 -57.84 -57.62 -57.41 -57.12 -56.88 -56.59 -56.38 -56.19 -56.06 -56.00 -55.94 -55.94 -55.97 -56.00 -56.03 -56.03 -56.00 -55.94 -55.88 -55.75 -55.62 -55.50 -55.38 -55.28 -55.19 -55.06 -54.94 -54.84 -54.78 -54.69 -54.50 -54.22 -53.75 -53.19 -52.59 -51.97 -51.38 -50.91 -50.66
-58.09 -58.34 -58.53 -58.66 -58.69 -58.66 -58.66 -58.66 -58.69 -58.72 -58.72 -58.75 -58.72 -58.69 -58.66 -58.62 -58.56 -58.53 -58.47 -58.41 -58.38 -58.38 -58.38 -58.38 -58.41 -58.41 -58.41 -58.38 -58.34 -58.28 -58.19 -58.03 -57.84 -57.62 -57.38 -57.09 -56.81 -56.53 -56.25 -56.03 -55.88 -55.75 -55.66 -55.62 -55.62 -55.72 -55.75 -55.78 -55.75 -55.72 -55.62 -55.47 -55.28 -55.03 -54.88 -54.81 -54.72 -54.62 -54.50 -54.38 -54.31 -54.25 -54.09 -53.84 -53.44 -52.94 -52.38 -51.66 -50.91 -50.53 -50.38
-58.06 -58.34 -58.56 -58.69 -58.75 -58.78 -58.78 -58.78 -58.78 -58.81 -58.81 -58.84 -58.81 -58.81 -58.78 -58.75 -58.72 -58.66 -58.59 -58.53 -58.50 -58.47 -58.47 -58.47 -58.47 -58.44 -58.44 -58.41 -58.38 -58.31 -58.19 -58.06 -57.88 -57.62 -57.34 -57.06 -56.75 -56.41 -56.09 -55.84 -55.69 -55.56 -55.41 -55.31 -55.31 -55.41 -55.50 -55.53 -55.53 -55.50 -55.41 -55.25 -55.00 -54.69 -54.41 -54.22 -54.19 -54.12 -54.00 -53.91 -53.84 -53.75 -53.62 -53.38 -53.06 -52.59 -52.06 -51.34 -50.38 -49.91 -49.94
-58.06 -58.34 -58.56 -58.72 -58.81 -58.84 -58.84 -58.84 -58.84 -58.84 -58.88 -58.88 -58.88 -58.88 -58.84 -58.84 -58.81 -58.75 -58.72 -58.66 -58.62 -58.59 -58.56 -58.53 -58.50 -58.47 -58.44 -58.41 -58.38 -58.31 -58.22 -58.06 -57.84 -57.62 -57.34 -57.03 -56.69 -56.31 -55.94 -55.81 -55.72 -55.59 -55.47 -55.34 -55.22 -55.22 -55.28 -55.34 -55.34 -55.31 -55.22 -55.06 -54.78 -54.47 -54.09 -53.72 -53.56 -53.53 -53.47 -53.41 -53.34 -53.25 -53.09 -52.88 -52.59 -52.19 -51.69 -51.06 -50.00 -49.34 -49.34
-58.09 -58.38 -58.59 -58.75 -58.84 -58.88 -58.91 -58.91 -58.91 -58.91 -58.91 -58.94 -58.94 -58.91 -58.91 -58.91 -58.88 -58.84 -58.78 -58.72 -58.69 -58.66 -58.59 -58.56 -58.53 -58.50 -58.44 -58.41 -58.38 -58.31 -58.19 -58.06 -57.84 -57.59 -57.31 -57.00 -56.66 -56.34 -56.09 -55.97 -55.88 -55.75 -55.62 -55.50 -55.34 -55.22 -55.16 -55.16 -55.16 -55.09 -55.00 -54.84 -54.59 -54.25 -53.88 -53.47 -53.06 -52.91 -52.91 -52.88 -52.84 -52.75 -52.59 -52.34 -52.03 -51.69 -51.25 -50.75 -49.75 -48.91 -48.72
-58.16 -58.41 -58.62 -58.78 -58.88 -58.94 -58.94 -58.94 -58.94 -58.94 -58.94 -58.94 -58.94 -58.94 -58.94 -58.91 -58.88 -58.84 -58.81 -58.78 -58.72 -58.66 -58.62 -58.56 -58.53 -58.47 -58.44 -58.41 -58.34 -58.28 -58.19 -58.03 -57.81 -57.59 -57.31 -57.03 -56.75 -56.50 -56.31 -56.16 -56.00 -55.88 -55.75 -55.59 -55.44 -55.28 -55.12 -55.03 -54.97 -54.88 -54.78 -54.59 -54.34 -54.03 -53.66 -53.25 -52.81 -52.44 -52.38 -52.38 -52.34 -52.25 -52.06 -51.81 -51.50 -51.16 -50.75 -50.28 -49.53 -48.66 -48.22
-58.25 -58.50 -58.69 -58.84 -58.91 -58.97 -58.97 -58.97 -58.97 -58.97 -58.97 -58.97 -58.97 -58.94 -58.94 -58.91 -58.88 -58.84 -58.81 -58.78 -58.72 -58.66 -58.59 -58.56 -58.50 -58.47 -58.41 -58.38 -58.31 -58.25 -58.16 -58.00 -57.81 -57.56 -57.34 -57.09 -56.84 -56.62 -56.44 -56.25 -56.12 -55.97 -55.81 -55.62 -55.44 -55.28 -55.09 -54.94 -54.78 -54.66 -54.53 -54.34 -54.09 -53.78 -53.38 -53.00 -52.56 -52.16 -51.91 -51.91 -51.88 -51.75 -51.53 -51.28 -50.94 -50.53 -50.12 -49.72 -49.22 -48.56 -48.09
