everonasctiles/Tile[6,22].asc
ncols 128
nrows 128
xllcorner 0
yllcorner 0
cellsize 2.0
NODATA_value  -9999
[rows 0 to 33 of 128, columns 0 to 76 of 128]
58.41 58.62 58.69 58.75 58.81 58.88 58.94 59.00 59.09 59.16 59.22 59.28 59.38 59.44 59.53 59.62 59.72 59.81 59.91 60.00 60.09 60.19 60.31 60.41 60.50 60.62 60.72 60.84 60.94 61.06 61.16 61.28 61.38 61.47 61.53 61.62 61.69 61.72 61.69 61.69 61.69 61.69 61.66 61.66 61.66 61.66 61.62 61.53 61.44 61.34 61.25 61.22 61.25 61.34 61.59 61.97 62.34 62.78 63.12 63.19 63.06 62.97 62.88 62.78 62.66 62.53 62.41 62.28 62.16 61.91 61.84 61.81 61.75 61.94 62.19 62.22 62.22
58.59 58.75 58.81 58.88 58.94 59.00 59.06 59.12 59.19 59.28 59.34 59.41 59.50 59.56 59.66 59.75 59.84 59.94 60.03 60.09 60.19 60.31 60.41 60.50 60.62 60.72 60.81 60.94 61.03 61.16 61.25 61.38 61.47 61.56 61.66 61.72 61.78 61.78 61.78 61.78 61.75 61.75 61.75 61.75 61.72 61.72 61.66 61.56 61.47 61.38 61.28 61.31 61.34 61.47 61.78 62.19 62.62 63.06 63.28 63.25 63.12 63.03 62.94 62.81 62.69 62.56 62.44 62.31 62.19 61.97 61.94 61.88 61.81 62.00 62.25 62.28 62.28
58.75 58.84 58.91 58.97 59.03 59.12 59.19 59.25 59.31 59.38 59.44 59.53 59.59 59.69 59.78 59.88 59.94 60.03 60.12 60.22 60.31 60.41 60.50 60.59 60.72 60.81 60.91 61.03 61.12 61.25 61.34 61.47 61.56 61.66 61.75 61.81 61.88 61.88 61.88 61.84 61.84 61.81 61.81 61.81 61.81 61.78 61.72 61.59 61.50 61.44 61.41 61.44 61.50 61.66 62.03 62.44 62.91 63.28 63.41 63.31 63.19 63.09 62.97 62.88 62.75 62.62 62.50 62.38 62.22 62.06 62.03 61.97 61.94 62.06 62.31 62.34 62.34
58.88 58.94 59.00 59.09 59.16 59.22 59.28 59.34 59.41 59.47 59.56 59.62 59.72 59.78 59.88 59.97 60.06 60.12 60.22 60.31 60.41 60.50 60.59 60.69 60.81 60.91 61.03 61.12 61.22 61.34 61.44 61.56 61.66 61.75 61.84 61.91 61.94 61.94 61.94 61.91 61.91 61.88 61.88 61.84 61.84 61.81 61.75 61.69 61.59 61.53 61.53 61.56 61.66 61.91 62.28 62.69 63.16 63.44 63.44 63.34 63.25 63.12 63.03 62.91 62.78 62.66 62.53 62.41 62.25 62.16 62.12 62.06 62.03 62.12 62.38 62.41 62.41
58.97 59.03 59.09 59.16 59.25 59.31 59.38 59.44 59.50 59.59 59.66 59.72 59.81 59.88 60.00 60.06 60.16 60.25 60.31 60.41 60.50 60.59 60.69 60.78 60.91 61.00 61.12 61.22 61.31 61.44 61.53 61.66 61.75 61.84 61.94 62.00 62.00 62.00 61.97 61.97 61.94 61.91 61.91 61.91 61.91 61.88 61.81 61.78 61.69 61.69 61.69 61.75 61.88 62.16 62.53 62.97 63.38 63.56 63.50 63.41 63.31 63.19 63.06 62.94 62.84 62.72 62.59 62.44 62.28 62.25 62.22 62.19 62.16 62.22 62.44 62.47 62.47
59.06 59.12 59.19 59.28 59.34 59.41 59.47 59.53 59.59 59.66 59.75 59.81 59.91 60.00 60.09 60.19 60.25 60.34 60.44 60.50 60.59 60.69 60.78 60.91 61.00 61.09 61.22 61.31 61.41 61.53 61.62 61.75 61.84 61.94 62.00 62.03 62.03 62.03 62.00 62.00 61.97 61.94 61.94 61.94 61.94 61.91 61.91 61.88 61.84 61.84 61.88 61.97 62.16 62.47 62.81 63.22 63.56 63.59 63.53 63.44 63.34 63.25 63.12 63.00 62.91 62.75 62.66 62.47 62.41 62.34 62.31 62.28 62.25 62.31 62.47 62.53 62.53
59.16 59.22 59.28 59.38 59.44 59.50 59.56 59.62 59.69 59.75 59.84 59.91 60.00 60.09 60.19 60.28 60.34 60.44 60.53 60.62 60.69 60.78 60.88 61.00 61.09 61.19 61.31 61.41 61.50 61.62 61.72 61.84 61.94 62.00 62.06 62.06 62.06 62.06 62.03 62.00 62.00 61.97 61.97 61.94 61.97 61.97 61.97 61.97 61.97 62.00 62.09 62.22 62.50 62.78 63.12 63.50 63.66 63.62 63.56 63.50 63.41 63.31 63.19 63.06 62.94 62.81 62.69 62.53 62.50 62.47 62.44 62.38 62.34 62.41 62.50 62.62 62.66
59.25 59.31 59.38 59.44 59.53 59.59 59.66 59.72 59.78 59.84 59.91 60.00 60.06 60.16 60.28 60.34 60.44 60.53 60.62 60.72 60.78 60.88 60.97 61.09 61.19 61.28 61.41 61.50 61.59 61.72 61.81 61.91 62.00 62.06 62.09 62.09 62.09 62.06 62.06 62.03 62.00 62.00 61.97 61.97 61.97 62.00 62.00 62.03 62.09 62.19 62.31 62.53 62.78 63.09 63.44 63.69 63.69 63.66 63.59 63.53 63.44 63.34 63.25 63.12 63.00 62.88 62.72 62.66 62.62 62.56 62.53 62.50 62.47 62.50 62.56 62.75 62.78
59.34 59.41 59.47 59.53 59.59 59.66 59.72 59.78 59.84 59.94 60.00 60.06 60.16 60.25 60.34 60.44 60.53 60.62 60.72 60.78 60.88 60.97 61.06 61.19 61.28 61.38 61.50 61.59 61.69 61.81 61.91 62.00 62.09 62.12 62.12 62.12 62.09 62.09 62.06 62.03 62.03 62.00 62.00 62.00 62.00 62.03 62.06 62.09 62.19 62.31 62.50 62.78 63.06 63.38 63.62 63.72 63.72 63.69 63.66 63.56 63.50 63.41 63.31 63.19 63.09 62.94 62.78 62.75 62.72 62.69 62.66 62.59 62.59 62.59 62.62 62.91 62.94
59.44 59.50 59.56 59.62 59.66 59.72 59.81 59.88 59.94 60.00 60.06 60.16 60.25 60.34 60.44 60.53 60.62 60.69 60.78 60.88 60.97 61.06 61.16 61.28 61.38 61.50 61.59 61.69 61.81 61.91 62.00 62.09 62.12 62.12 62.12 62.12 62.12 62.09 62.06 62.06 62.03 62.00 62.00 62.00 62.00 62.03 62.06 62.12 62.25 62.44 62.66 62.94 63.25 63.56 63.78 63.78 63.75 63.72 63.69 63.62 63.53 63.47 63.38 63.25 63.12 62.97 62.91 62.88 62.84 62.81 62.78 62.72 62.72 62.69 62.69 62.97 63.06
59.53 59.56 59.62 59.69 59.75 59.81 59.88 59.94 60.00 60.06 60.16 60.22 60.31 60.41 60.53 60.59 60.69 60.78 60.88 60.97 61.06 61.16 61.25 61.38 61.47 61.56 61.69 61.78 61.88 61.97 62.06 62.12 62.16 62.16 62.16 62.12 62.12 62.09 62.09 62.06 62.03 62.03 62.00 62.00 62.00 62.03 62.09 62.16 62.28 62.50 62.78 63.09 63.44 63.72 63.84 63.84 63.81 63.78 63.72 63.66 63.59 63.50 63.41 63.31 63.19 63.06 63.03 63.00 63.00 62.97 62.94 62.91 62.88 62.81 62.78 62.97 63.28
59.59 59.66 59.72 59.78 59.81 59.88 59.94 60.00 60.06 60.16 60.22 60.28 60.41 60.50 60.59 60.69 60.78 60.84 60.94 61.03 61.16 61.25 61.34 61.44 61.53 61.66 61.75 61.84 61.94 62.03 62.12 62.16 62.16 62.16 62.16 62.16 62.12 62.09 62.09 62.06 62.03 62.03 62.03 62.00 62.03 62.03 62.09 62.16 62.28 62.56 62.91 63.22 63.56 63.81 63.88 63.88 63.88 63.81 63.78 63.72 63.66 63.59 63.50 63.41 63.28 63.22 63.19 63.19 63.16 63.16 63.12 63.03 62.97 62.91 62.88 62.88 63.47
59.69 59.75 59.81 59.84 59.91 59.97 60.03 60.09 60.16 60.22 60.28 60.34 60.47 60.56 60.66 60.75 60.84 60.94 61.03 61.12 61.22 61.31 61.41 61.50 61.62 61.72 61.81 61.91 62.00 62.12 62.16 62.19 62.19 62.19 62.16 62.16 62.12 62.09 62.09 62.06 62.06 62.03 62.03 62.03 62.03 62.03 62.09 62.19 62.34 62.66 63.00 63.38 63.69 63.91 63.94 63.94 63.91 63.88 63.84 63.78 63.72 63.66 63.59 63.53 63.38 63.38 63.34 63.34 63.34 63.34 63.28 63.16 63.06 63.00 62.94 62.94 63.69
59.81 59.88 59.91 59.94 60.00 60.06 60.09 60.16 60.22 60.28 60.34 60.44 60.53 60.62 60.72 60.81 60.91 61.00 61.09 61.19 61.28 61.38 61.47 61.56 61.69 61.78 61.88 61.97 62.06 62.16 62.19 62.22 62.22 62.19 62.19 62.16 62.12 62.09 62.09 62.06 62.06 62.03 62.03 62.03 62.03 62.06 62.12 62.22 62.44 62.78 63.16 63.53 63.84 63.97 64.00 64.00 63.97 63.94 63.91 63.84 63.81 63.75 63.69 63.62 63.53 63.53 63.53 63.53 63.56 63.56 63.41 63.31 63.25 63.19 63.03 63.16 63.69
59.88 59.94 59.97 60.03 60.06 60.12 60.16 60.22 60.28 60.34 60.41 60.50 60.59 60.69 60.78 60.88 60.97 61.06 61.16 61.25 61.34 61.44 61.53 61.62 61.75 61.84 61.94 62.03 62.12 62.22 62.22 62.22 62.22 62.19 62.16 62.16 62.12 62.09 62.09 62.06 62.06 62.03 62.03 62.03 62.06 62.09 62.16 62.25 62.56 62.94 63.34 63.72 64.00 64.03 64.06 64.06 64.03 64.00 63.97 63.94 63.91 63.84 63.84 63.75 63.69 63.69 63.72 63.75 63.78 63.81 63.62 63.59 63.56 63.44 63.31 63.53 63.72
59.97 60.00 60.03 60.09 60.12 60.19 60.22 60.28 60.31 60.38 60.47 60.56 60.66 60.75 60.84 60.91 61.00 61.09 61.22 61.31 61.41 61.50 61.59 61.69 61.78 61.88 62.00 62.09 62.19 62.19 62.22 62.19 62.19 62.19 62.16 62.12 62.12 62.09 62.09 62.06 62.06 62.06 62.06 62.06 62.09 62.12 62.19 62.38 62.78 63.16 63.56 63.94 64.06 64.09 64.12 64.12 64.09 64.09 64.06 64.03 64.00 63.97 63.94 63.91 63.88 63.88 63.94 63.97 64.06 64.00 63.94 63.94 63.94 63.88 63.91 64.03 64.09
60.03 60.06 60.09 60.16 60.19 60.22 60.28 60.31 60.38 60.44 60.50 60.59 60.72 60.78 60.88 60.97 61.03 61.16 61.25 61.34 61.44 61.53 61.66 61.75 61.84 61.94 62.03 62.12 62.16 62.19 62.19 62.19 62.19 62.16 62.16 62.12 62.12 62.09 62.06 62.06 62.06 62.06 62.06 62.09 62.12 62.19 62.31 62.62 63.00 63.44 63.81 64.09 64.12 64.19 64.19 64.19 64.19 64.16 64.12 64.12 64.09 64.09 64.06 64.03 64.06 64.09 64.16 64.22 64.25 64.19 64.31 64.44 64.47 64.59 64.66 64.59 64.62
60.09 60.12 60.19 60.22 60.25 60.28 60.31 60.38 60.41 60.47 60.53 60.66 60.75 60.81 60.91 60.97 61.06 61.19 61.31 61.38 61.50 61.59 61.69 61.78 61.88 61.97 62.06 62.12 62.16 62.19 62.19 62.19 62.19 62.16 62.16 62.12 62.12 62.09 62.09 62.06 62.06 62.06 62.09 62.12 62.19 62.28 62.53 62.88 63.28 63.72 64.06 64.19 64.22 64.25 64.25 64.25 64.25 64.25 64.22 64.22 64.19 64.19 64.19 64.19 64.25 64.31 64.38 64.47 64.41 64.50 64.66 64.91 65.22 65.38 65.31 65.22 65.19
60.16 60.19 60.25 60.28 60.31 60.34 60.38 60.41 60.47 60.50 60.56 60.69 60.75 60.81 60.91 61.00 61.09 61.19 61.34 61.44 61.53 61.62 61.72 61.81 61.91 62.03 62.09 62.16 62.16 62.19 62.19 62.19 62.19 62.16 62.16 62.12 62.12 62.09 62.09 62.06 62.06 62.09 62.12 62.19 62.28 62.50 62.81 63.19 63.59 64.00 64.25 64.28 64.31 64.34 64.34 64.34 64.34 64.31 64.31 64.31 64.31 64.28 64.28 64.34 64.41 64.50 64.59 64.62 64.62 64.84 65.16 65.47 65.97 66.00 65.91 65.84 65.78
60.25 60.28 60.31 60.34 60.38 60.41 60.44 60.47 60.50 60.53 60.59 60.69 60.75 60.84 60.91 61.00 61.12 61.22 61.34 61.44 61.56 61.66 61.75 61.84 61.94 62.06 62.12 62.12 62.16 62.16 62.19 62.19 62.19 62.19 62.16 62.16 62.12 62.12 62.09 62.09 62.09 62.12 62.19 62.28 62.44 62.75 63.12 63.53 63.94 64.28 64.38 64.41 64.41 64.44 64.44 64.44 64.41 64.41 64.41 64.41 64.41 64.38 64.41 64.50 64.59 64.69 64.84 64.84 65.06 65.34 65.66 66.12 66.56 66.53 66.47 66.41 66.34
60.31 60.34 60.38 60.41 60.44 60.47 60.50 60.53 60.56 60.56 60.59 60.69 60.75 60.84 60.94 61.03 61.12 61.25 61.38 61.47 61.56 61.69 61.78 61.88 61.97 62.06 62.12 62.12 62.16 62.19 62.19 62.19 62.19 62.19 62.19 62.19 62.16 62.16 62.12 62.12 62.12 62.16 62.25 62.41 62.69 63.06 63.47 63.88 64.28 64.50 64.50 64.53 64.53 64.53 64.53 64.50 64.50 64.50 64.50 64.50 64.50 64.50 64.56 64.66 64.75 64.91 65.03 65.22 65.50 65.91 66.31 66.81 67.06 67.06 67.03 66.97 66.91
60.38 60.41 60.44 60.47 60.50 60.53 60.56 60.56 60.59 60.62 60.62 60.69 60.78 60.84 60.94 61.03 61.16 61.25 61.38 61.50 61.59 61.69 61.81 61.91 62.00 62.06 62.09 62.12 62.16 62.19 62.19 62.19 62.22 62.22 62.22 62.19 62.19 62.19 62.16 62.16 62.16 62.19 62.31 62.59 62.97 63.41 63.81 64.22 64.53 64.66 64.62 64.62 64.62 64.62 64.62 64.59 64.59 64.59 64.59 64.59 64.59 64.62 64.72 64.78 64.91 65.06 65.22 65.66 66.09 66.53 67.00 67.41 67.53 67.56 67.53 67.50 67.44
60.44 60.47 60.50 60.53 60.56 60.59 60.62 60.62 60.66 60.69 60.72 60.75 60.81 60.88 60.97 61.06 61.16 61.25 61.38 61.50 61.59 61.72 61.81 61.91 62.03 62.06 62.09 62.16 62.16 62.19 62.22 62.22 62.22 62.25 62.25 62.25 62.22 62.22 62.22 62.19 62.22 62.25 62.47 62.84 63.25 63.69 64.12 64.50 64.78 64.75 64.75 64.75 64.72 64.72 64.69 64.69 64.69 64.69 64.69 64.69 64.69 64.75 64.84 64.94 65.03 65.03 65.47 66.16 66.66 67.19 67.66 67.88 68.00 68.06 68.06 68.03 67.97
60.50 60.53 60.56 60.59 60.62 60.66 60.69 60.69 60.72 60.75 60.78 60.81 60.84 60.91 60.97 61.06 61.16 61.25 61.38 61.50 61.59 61.72 61.81 61.94 62.03 62.06 62.12 62.16 62.19 62.22 62.22 62.25 62.25 62.28 62.28 62.28 62.28 62.28 62.25 62.25 62.28 62.34 62.66 63.06 63.50 63.97 64.41 64.72 64.88 64.84 64.84 64.84 64.81 64.81 64.81 64.78 64.78 64.78 64.78 64.78 64.84 64.91 64.97 65.06 65.09 65.22 65.84 66.66 67.25 67.78 68.12 68.34 68.47 68.53 68.56 68.53 68.47
60.56 60.59 60.66 60.69 60.72 60.72 60.75 60.75 60.78 60.78 60.81 60.84 60.88 60.91 61.00 61.06 61.16 61.25 61.34 61.47 61.59 61.72 61.84 61.94 62.03 62.06 62.12 62.16 62.19 62.22 62.25 62.28 62.28 62.31 62.31 62.34 62.34 62.34 62.34 62.34 62.34 62.47 62.88 63.31 63.78 64.25 64.66 64.91 64.91 64.94 64.94 64.94 64.91 64.91 64.91 64.88 64.88 64.91 64.88 64.91 64.97 65.03 65.12 65.22 65.25 65.59 66.22 67.09 67.78 68.28 68.59 68.81 68.94 69.03 69.06 69.03 68.97
60.66 60.72 60.78 60.78 60.81 60.81 60.84 60.84 60.84 60.84 60.88 60.88 60.91 60.94 61.00 61.06 61.16 61.25 61.34 61.47 61.59 61.72 61.84 61.94 62.03 62.09 62.12 62.16 62.22 62.25 62.28 62.31 62.31 62.34 62.38 62.41 62.41 62.41 62.41 62.41 62.44 62.72 63.12 63.59 64.06 64.50 64.84 64.94 64.97 65.00 65.00 65.00 65.00 64.97 64.97 64.97 65.00 65.00 65.00 65.06 65.12 65.19 65.28 65.38 65.62 66.00 66.66 67.66 68.34 68.75 69.06 69.28 69.41 69.50 69.53 69.53 69.47
60.84 60.88 60.91 60.91 60.91 60.91 60.94 60.94 60.94 60.91 60.91 60.91 60.94 60.94 61.00 61.06 61.16 61.25 61.34 61.47 61.59 61.72 61.84 61.94 62.03 62.09 62.12 62.19 62.22 62.25 62.31 62.34 62.38 62.41 62.44 62.47 62.50 62.50 62.53 62.53 62.62 63.00 63.44 63.88 64.34 64.75 64.94 65.00 65.03 65.03 65.06 65.06 65.06 65.06 65.06 65.09 65.09 65.09 65.16 65.22 65.28 65.38 65.47 65.62 65.94 66.41 67.19 68.22 68.81 69.19 69.50 69.75 69.91 69.97 70.00 70.00 69.94
61.06 61.03 61.03 61.03 61.03 61.03 61.00 61.00 61.00 60.97 60.97 60.97 60.97 61.00 61.03 61.09 61.19 61.25 61.38 61.47 61.59 61.72 61.81 61.94 62.03 62.09 62.16 62.19 62.25 62.28 62.34 62.38 62.41 62.47 62.50 62.53 62.59 62.62 62.66 62.66 62.91 63.31 63.72 64.19 64.62 64.91 65.03 65.03 65.06 65.09 65.12 65.12 65.12 65.16 65.16 65.16 65.19 65.22 65.28 65.34 65.44 65.50 65.56 65.75 66.22 66.88 67.75 68.62 69.22 69.66 69.97 70.19 70.34 70.41 70.44 70.41 70.34
61.34 61.31 61.31 61.31 61.25 61.22 61.19 61.16 61.12 61.09 61.06 61.03 61.03 61.06 61.09 61.16 61.22 61.31 61.41 61.50 61.59 61.72 61.81 61.94 62.03 62.09 62.16 62.22 62.28 62.31 62.38 62.41 62.47 62.53 62.56 62.62 62.69 62.75 62.81 62.91 63.22 63.62 64.06 64.47 64.84 65.06 65.06 65.09 65.12 65.16 65.16 65.19 65.19 65.22 65.22 65.25 65.28 65.34 65.44 65.50 65.59 65.62 65.69 66.06 66.53 67.25 68.12 68.94 69.62 70.06 70.38 70.56 70.66 70.72 70.69 70.66 70.62
61.66 61.66 61.62 61.59 61.53 61.47 61.41 61.31 61.25 61.19 61.12 61.09 61.09 61.09 61.16 61.22 61.28 61.38 61.47 61.56 61.66 61.75 61.84 61.94 62.06 62.12 62.19 62.25 62.31 62.34 62.41 62.47 62.50 62.56 62.66 62.72 62.81 62.91 63.00 63.22 63.53 63.94 64.34 64.72 65.00 65.09 65.12 65.16 65.19 65.19 65.22 65.22 65.25 65.28 65.31 65.34 65.41 65.47 65.56 65.66 65.75 65.78 65.94 66.34 66.88 67.59 68.44 69.22 69.91 70.28 70.56 70.75 70.81 70.88 70.88 70.84 70.81
61.75 61.78 61.81 61.84 61.81 61.75 61.69 61.62 61.56 61.47 61.38 61.28 61.19 61.19 61.22 61.28 61.38 61.44 61.53 61.62 61.72 61.81 61.88 61.97 62.06 62.16 62.22 62.28 62.34 62.41 62.44 62.50 62.56 62.62 62.72 62.81 62.94 63.09 63.28 63.53 63.84 64.22 64.59 64.94 65.09 65.12 65.16 65.19 65.22 65.22 65.25 65.28 65.31 65.34 65.38 65.44 65.53 65.62 65.72 65.84 65.94 66.03 66.16 66.62 67.25 68.00 68.72 69.41 70.00 70.38 70.66 70.81 70.91 70.97 71.00 71.00 71.00
61.84 61.88 61.91 61.94 61.97 61.97 61.97 61.94 61.91 61.84 61.75 61.66 61.56 61.47 61.41 61.44 61.47 61.53 61.59 61.69 61.78 61.84 61.94 62.00 62.09 62.19 62.25 62.31 62.38 62.44 62.50 62.53 62.59 62.69 62.78 62.91 63.09 63.31 63.53 63.81 64.12 64.47 64.84 65.06 65.12 65.16 65.19 65.22 65.25 65.25 65.28 65.31 65.34 65.41 65.47 65.53 65.66 65.75 65.88 66.00 66.12 66.28 66.50 67.03 67.75 68.41 68.97 69.59 70.06 70.41 70.66 70.81 70.94 71.00 71.06 71.09 71.12
61.94 61.97 62.00 62.03 62.06 62.06 62.09 62.12 62.16 62.16 62.12 62.06 61.94 61.84 61.81 61.78 61.75 61.72 61.75 61.78 61.81 61.91 61.97 62.03 62.09 62.22 62.31 62.38 62.44 62.50 62.53 62.59 62.62 62.72 62.84 63.00 63.22 63.50 63.78 64.06 64.38 64.69 64.94 65.09 65.12 65.16 65.22 65.25 65.25 65.28 65.31 65.34 65.41 65.47 65.53 65.66 65.78 65.91 66.03 66.19 66.34 66.53 66.94 67.56 68.16 68.69 69.22 69.69 70.09 70.41 70.66 70.81 70.94 71.03 71.12 71.19 71.22
62.03 62.06 62.09 62.12 62.12 62.16 62.19 62.19 62.22 62.25 62.25 62.28 62.28 62.25 62.19 62.12 62.09 62.06 62.03 62.03 62.03 62.06 62.09 62.12 62.19 62.25 62.38 62.47 62.53 62.56 62.59 62.62 62.69 62.75 62.84 63.03 63.31 63.66 64.00 64.28 64.56 64.78 65.00 65.06 65.12 65.16 65.22 65.25 65.28 65.31 65.34 65.41 65.44 65.53 65.62 65.75 65.88 66.03 66.16 66.34 66.53 66.75 67.25 67.88 68.44 68.94 69.41 69.81 70.16 70.44 70.66 70.81 70.97 71.06 71.16 71.25 71.31
