everonasctiles/Tile25,20.asc
ncols 128
nrows 128
xllcorner 0
yllcorner 0
cellsize 2.0
NODATA_value  -9999
[rows 68 to 101 of 128, columns 0 to 76 of 128]
91.84 91.69 91.53 91.38 91.22 91.03 90.81 90.56 90.28 90.03 89.81 89.56 89.44 89.22 89.03 88.97 88.84 88.81 88.69 88.66 88.53 88.41 88.31 88.19 88.12 88.00 87.88 87.75 87.69 87.62 87.62 87.66 87.66 87.66 87.72 87.69 87.66 87.56 87.50 87.44 87.38 87.31 87.31 87.28 87.31 87.31 87.31 87.34 87.34 87.31 87.25 87.28 87.28 87.31 87.31 87.34 87.34 87.22 87.12 87.06 87.00 86.94 86.88 86.78 86.72 86.66 86.59 86.56 86.53 86.50 86.50 86.50 86.50 86.50 86.50 86.50 86.50
91.75 91.59 91.50 91.41 91.28 91.09 90.88 90.62 90.41 90.12 89.94 89.72 89.50 89.31 89.12 89.00 88.94 88.88 88.84 88.72 88.69 88.53 88.44 88.38 88.22 88.06 87.94 87.78 87.72 87.66 87.66 87.66 87.66 87.72 87.75 87.75 87.72 87.62 87.50 87.41 87.31 87.28 87.25 87.25 87.25 87.25 87.28 87.28 87.28 87.25 87.22 87.25 87.25 87.28 87.28 87.31 87.25 87.16 87.06 87.00 86.97 86.91 86.84 86.78 86.72 86.69 86.62 86.59 86.56 86.53 86.50 86.50 86.50 86.50 86.50 86.50 86.50
91.69 91.47 91.31 91.22 91.16 91.06 90.91 90.69 90.47 90.28 90.00 89.81 89.59 89.38 89.22 89.12 89.00 88.94 88.97 88.91 88.78 88.66 88.62 88.53 88.38 88.19 88.00 87.84 87.75 87.69 87.66 87.66 87.66 87.75 87.84 87.84 87.81 87.69 87.53 87.38 87.28 87.22 87.19 87.16 87.19 87.19 87.22 87.22 87.22 87.19 87.19 87.22 87.22 87.25 87.25 87.25 87.19 87.09 87.03 86.97 86.94 86.88 86.84 86.78 86.75 86.69 86.66 86.62 86.59 86.56 86.53 86.53 86.50 86.50 86.50 86.50 86.50
91.59 91.41 91.25 91.06 90.91 90.81 90.72 90.66 90.53 90.38 90.12 89.91 89.56 89.41 89.31 89.22 89.16 89.19 89.06 89.00 88.97 88.84 88.78 88.69 88.50 88.28 88.03 87.94 87.81 87.69 87.72 87.75 87.75 87.88 87.94 87.94 87.88 87.78 87.56 87.44 87.25 87.19 87.12 87.09 87.12 87.12 87.16 87.16 87.16 87.12 87.16 87.16 87.19 87.19 87.22 87.22 87.12 87.06 86.97 86.94 86.91 86.84 86.81 86.78 86.75 86.72 86.69 86.66 86.62 86.59 86.56 86.56 86.53 86.53 86.50 86.50 86.66
91.53 91.34 91.16 91.00 90.81 90.66 90.47 90.34 90.31 90.25 90.16 89.94 89.69 89.50 89.47 89.44 89.41 89.34 89.28 89.22 89.16 89.06 88.94 88.81 88.53 88.34 88.19 88.03 87.88 87.72 87.78 87.81 87.84 87.97 88.03 88.00 87.94 87.78 87.59 87.41 87.25 87.16 87.06 87.03 87.06 87.06 87.09 87.09 87.09 87.09 87.12 87.12 87.16 87.16 87.19 87.16 87.09 87.00 86.94 86.91 86.88 86.84 86.81 86.78 86.75 86.72 86.69 86.66 86.62 86.62 86.59 86.59 86.59 86.56 86.56 86.66 86.75
91.44 91.25 91.09 90.91 90.75 90.56 90.41 90.22 90.06 89.94 89.91 89.84 89.72 89.59 89.56 89.53 89.50 89.47 89.41 89.31 89.25 89.16 89.03 88.84 88.62 88.47 88.25 88.06 87.91 87.78 87.84 87.91 87.97 88.06 88.09 88.06 87.97 87.81 87.59 87.44 87.25 87.12 87.00 86.97 87.00 87.00 87.00 87.03 87.03 87.06 87.06 87.09 87.09 87.12 87.12 87.09 87.03 86.97 86.94 86.88 86.84 86.81 86.81 86.78 86.75 86.72 86.69 86.69 86.66 86.66 86.62 86.62 86.62 86.62 86.66 86.72 86.75
91.50 91.28 91.03 90.84 90.66 90.50 90.31 90.16 90.00 89.84 89.72 89.59 89.56 89.56 89.56 89.59 89.56 89.50 89.44 89.38 89.28 89.16 89.03 88.88 88.66 88.47 88.22 88.06 87.91 87.84 87.84 87.94 88.03 88.12 88.12 88.09 88.00 87.84 87.66 87.41 87.22 87.09 87.00 86.91 86.94 86.94 86.94 86.97 87.00 87.00 87.03 87.03 87.06 87.09 87.06 87.03 87.00 86.94 86.91 86.88 86.84 86.81 86.78 86.78 86.75 86.72 86.72 86.69 86.69 86.66 86.66 86.66 86.66 86.66 86.69 86.72 86.75
91.59 91.44 91.28 91.00 90.66 90.41 90.25 90.06 89.91 89.78 89.66 89.50 89.38 89.25 89.25 89.34 89.47 89.50 89.41 89.34 89.22 89.12 89.00 88.81 88.62 88.44 88.22 88.03 87.91 87.81 87.88 87.94 88.00 88.12 88.16 88.09 88.00 87.78 87.62 87.38 87.19 87.06 86.97 86.88 86.88 86.88 86.88 86.94 86.94 86.97 86.97 87.00 87.03 87.03 87.03 87.00 86.97 86.91 86.88 86.84 86.81 86.78 86.78 86.75 86.75 86.72 86.72 86.69 86.69 86.69 86.66 86.66 86.69 86.69 86.69 86.72 86.72
91.59 91.53 91.50 91.31 91.12 90.72 90.28 90.00 89.84 89.72 89.56 89.44 89.31 89.16 89.03 88.91 88.97 89.09 89.22 89.25 89.09 89.00 88.88 88.72 88.53 88.31 88.06 87.88 87.81 87.75 87.81 87.91 88.03 88.09 88.12 88.09 87.97 87.78 87.56 87.31 87.12 87.03 86.94 86.84 86.81 86.81 86.84 86.88 86.91 86.91 86.94 86.97 86.97 86.97 86.97 86.94 86.91 86.88 86.84 86.81 86.78 86.78 86.75 86.75 86.75 86.72 86.72 86.69 86.69 86.69 86.69 86.69 86.69 86.69 86.69 86.69 86.69
91.56 91.44 91.38 91.44 91.34 91.25 90.88 90.38 89.94 89.66 89.50 89.38 89.22 89.09 88.97 88.81 88.69 88.56 88.59 88.75 88.81 88.84 88.72 88.53 88.31 88.03 87.81 87.78 87.66 87.62 87.72 87.81 87.94 88.06 88.06 88.03 87.91 87.66 87.41 87.19 87.09 86.97 86.88 86.81 86.78 86.75 86.78 86.84 86.84 86.88 86.88 86.91 86.91 86.91 86.91 86.91 86.88 86.84 86.81 86.78 86.78 86.75 86.75 86.72 86.72 86.72 86.72 86.69 86.69 86.69 86.69 86.66 86.66 86.66 86.66 86.66 86.66
91.50 91.44 91.34 91.38 91.28 91.22 91.09 90.91 90.50 90.03 89.59 89.31 89.16 89.03 88.91 88.75 88.62 88.47 88.34 88.22 88.22 88.28 88.38 88.31 88.09 87.78 87.69 87.59 87.50 87.53 87.62 87.72 87.81 87.94 87.97 87.94 87.84 87.66 87.44 87.19 87.09 87.00 86.88 86.81 86.75 86.72 86.75 86.78 86.78 86.81 86.84 86.84 86.88 86.84 86.84 86.84 86.81 86.81 86.78 86.75 86.75 86.72 86.72 86.72 86.72 86.72 86.69 86.69 86.69 86.69 86.66 86.66 86.66 86.66 86.62 86.62 86.62
91.47 91.38 91.31 91.34 91.25 91.12 91.00 90.81 90.66 90.47 90.12 89.69 89.25 88.97 88.81 88.69 88.56 88.41 88.28 88.12 88.00 87.91 87.84 87.84 87.78 87.62 87.53 87.47 87.44 87.38 87.44 87.59 87.72 87.81 87.84 87.84 87.75 87.53 87.34 87.19 87.09 86.94 86.84 86.78 86.75 86.72 86.72 86.72 86.75 86.75 86.78 86.78 86.78 86.81 86.81 86.78 86.78 86.75 86.75 86.72 86.72 86.69 86.69 86.69 86.69 86.69 86.69 86.69 86.66 86.66 86.66 86.62 86.62 86.59 86.59 86.59 86.56
91.44 91.34 91.22 91.28 91.19 91.03 90.88 90.75 90.59 90.41 90.25 90.09 89.81 89.38 88.94 88.62 88.47 88.34 88.22 88.09 87.97 87.84 87.72 87.59 87.50 87.41 87.34 87.31 87.28 87.31 87.28 87.44 87.56 87.69 87.75 87.72 87.62 87.44 87.28 87.19 87.03 86.88 86.78 86.72 86.75 86.66 86.66 86.66 86.69 86.72 86.72 86.75 86.72 86.75 86.75 86.75 86.72 86.72 86.69 86.69 86.69 86.66 86.66 86.66 86.66 86.66 86.66 86.66 86.66 86.62 86.62 86.59 86.59 86.56 86.56 86.53 86.53
91.38 91.28 91.19 91.19 91.09 90.91 90.75 90.62 90.50 90.38 90.22 90.06 89.91 89.78 89.44 89.00 88.59 88.28 88.16 88.03 87.91 87.78 87.66 87.53 87.41 87.28 87.19 87.09 87.06 87.09 87.19 87.25 87.41 87.50 87.53 87.56 87.53 87.44 87.28 87.16 86.97 86.81 86.72 86.59 86.34 86.56 86.59 86.62 86.62 86.66 86.66 86.66 86.66 86.66 86.69 86.66 86.66 86.66 86.66 86.62 86.62 86.62 86.62 86.62 86.62 86.62 86.62 86.62 86.59 86.59 86.56 86.56 86.53 86.53 86.50 86.47 86.47
91.38 91.28 91.19 91.09 90.94 90.78 90.62 90.53 90.41 90.28 90.16 90.03 89.88 89.69 89.53 89.28 88.97 88.53 88.22 87.97 87.84 87.72 87.59 87.47 87.34 87.25 87.16 87.06 86.97 86.88 86.88 86.91 87.09 87.25 87.41 87.44 87.44 87.41 87.28 87.09 86.91 86.78 86.62 86.28 86.25 86.53 86.53 86.56 86.59 86.59 86.62 86.59 86.59 86.59 86.59 86.59 86.59 86.59 86.59 86.59 86.59 86.59 86.59 86.59 86.56 86.56 86.56 86.56 86.56 86.53 86.53 86.50 86.50 86.47 86.44 86.41 86.41
91.34 91.22 91.09 91.00 90.84 90.69 90.56 90.44 90.34 90.19 90.09 89.97 89.81 89.66 89.44 89.22 88.94 88.75 88.34 88.06 87.84 87.69 87.53 87.41 87.31 87.22 87.12 87.03 86.91 86.81 86.72 86.69 86.69 86.75 86.91 87.00 87.16 87.31 87.22 87.06 86.88 86.72 86.56 86.19 86.38 86.47 86.50 86.50 86.53 86.53 86.50 86.47 86.50 86.50 86.53 86.53 86.53 86.53 86.53 86.53 86.53 86.53 86.53 86.53 86.53 86.53 86.50 86.50 86.50 86.50 86.47 86.44 86.44 86.41 86.38 86.34 86.34
91.34 91.22 91.09 90.94 90.78 90.59 90.44 90.34 90.22 90.19 90.06 89.94 89.78 89.56 89.34 89.12 88.88 88.62 88.34 88.06 87.81 87.66 87.47 87.34 87.28 87.16 87.06 86.97 86.88 86.78 86.72 86.66 86.62 86.56 86.53 86.50 86.47 86.50 86.66 86.78 86.81 86.69 86.47 86.19 86.38 86.41 86.44 86.47 86.50 86.50 86.38 86.38 86.41 86.41 86.44 86.44 86.47 86.47 86.47 86.47 86.47 86.47 86.47 86.47 86.47 86.44 86.44 86.44 86.44 86.41 86.41 86.38 86.38 86.34 86.31 86.28 86.25
91.38 91.22 91.09 90.88 90.72 90.53 90.38 90.25 90.19 90.16 90.12 89.97 89.75 89.50 89.28 89.00 88.72 88.47 88.19 87.88 87.72 87.53 87.31 87.16 87.12 87.06 87.03 86.94 86.84 86.75 86.69 86.66 86.59 86.56 86.53 86.47 86.44 86.38 86.34 86.31 86.31 86.31 86.28 86.22 86.31 86.34 86.38 86.44 86.47 86.44 86.28 86.28 86.31 86.31 86.34 86.38 86.38 86.38 86.38 86.38 86.38 86.38 86.56 86.75 86.66 86.44 86.38 86.38 86.38 86.34 86.34 86.31 86.28 86.28 86.25 86.22 86.19
91.34 91.19 91.06 90.88 90.72 90.53 90.34 90.31 90.28 90.22 90.16 90.00 89.78 89.50 89.22 88.88 88.50 88.28 88.03 87.72 87.56 87.34 87.16 86.97 86.75 86.72 86.72 86.78 86.78 86.72 86.69 86.62 86.59 86.56 86.50 86.47 86.41 86.38 86.34 86.31 86.28 86.28 86.25 86.22 86.28 86.31 86.34 86.38 86.44 86.38 86.19 86.22 86.22 86.25 86.28 86.28 86.31 86.31 86.31 86.31 86.31 86.31 86.69 86.81 86.88 86.62 86.50 86.34 86.28 86.28 86.25 86.25 86.22 86.19 86.19 86.16 86.12
91.31 91.19 91.03 90.84 90.69 90.53 90.41 90.38 90.25 90.22 90.16 90.00 89.78 89.50 89.19 88.84 88.47 88.12 87.91 87.62 87.38 87.19 86.97 86.81 86.62 86.50 86.47 86.50 86.59 86.69 86.72 86.69 86.59 86.53 86.50 86.44 86.41 86.34 86.31 86.31 86.28 86.28 86.25 86.22 86.25 86.28 86.31 86.34 86.38 86.22 86.12 86.16 86.16 86.19 86.19 86.22 86.22 86.25 86.25 86.22 86.22 86.22 86.50 86.75 86.84 86.66 86.62 86.50 86.31 86.19 86.16 86.16 86.12 86.12 86.09 86.06 86.03
91.38 91.19 91.00 90.84 90.66 90.56 90.47 90.34 90.31 90.22 90.12 89.97 89.75 89.47 89.16 88.78 88.47 88.09 87.81 87.53 87.31 87.06 86.84 86.62 86.53 86.44 86.44 86.50 86.56 86.72 86.84 86.94 86.97 86.75 86.50 86.44 86.38 86.34 86.31 86.31 86.28 86.28 86.25 86.22 86.22 86.25 86.28 86.31 86.28 86.06 86.06 86.06 86.09 86.09 86.12 86.12 86.16 86.16 86.16 86.16 86.16 86.12 86.19 86.28 86.41 86.50 86.56 86.44 86.41 86.19 86.09 86.09 86.06 86.03 86.03 86.00 85.97
91.34 91.16 90.97 90.81 90.66 90.56 90.44 90.34 90.28 90.16 90.03 89.84 89.66 89.41 89.12 88.78 88.41 88.00 87.69 87.44 87.12 86.94 86.75 86.53 86.44 86.38 86.44 86.53 86.62 86.69 86.88 87.03 87.31 87.47 87.31 86.94 86.59 86.38 86.31 86.31 86.28 86.28 86.22 86.22 86.22 86.25 86.25 86.22 86.16 86.00 86.00 86.00 86.00 86.03 86.03 86.06 86.06 86.09 86.06 86.06 86.06 86.06 86.03 86.06 86.12 86.12 86.19 86.31 86.31 86.28 86.16 86.03 85.97 85.97 85.94 85.91 85.91
91.31 91.09 90.91 90.75 90.56 90.44 90.28 90.19 90.09 89.97 89.84 89.69 89.50 89.25 88.91 88.66 88.31 87.94 87.59 87.31 87.06 86.84 86.59 86.44 86.38 86.41 86.44 86.47 86.66 86.84 87.00 87.16 87.38 87.53 87.66 87.81 87.88 87.66 87.16 86.59 86.38 86.28 86.22 86.19 86.19 86.16 86.12 86.12 86.03 85.94 85.94 85.94 85.94 85.94 85.97 85.97 85.97 86.00 86.00 85.97 85.97 85.97 85.97 85.94 85.94 85.94 85.94 86.00 86.12 86.19 86.25 86.19 86.06 85.91 85.88 85.84 85.81
91.28 91.03 90.84 90.62 90.41 90.25 90.09 89.97 89.88 89.72 89.56 89.41 89.25 89.03 88.72 88.44 88.12 87.81 87.47 87.22 86.94 86.72 86.56 86.38 86.34 86.34 86.41 86.47 86.59 86.91 87.06 87.25 87.38 87.56 87.69 87.78 87.88 87.94 87.75 87.12 86.78 86.53 86.00 86.03 86.03 86.03 86.06 86.06 85.91 85.88 85.88 85.88 85.88 85.88 85.88 85.88 85.88 85.91 85.88 85.88 85.88 85.88 85.88 85.84 85.84 85.84 85.84 85.84 85.91 86.03 86.19 86.16 86.12 85.97 85.84 85.81 85.75
91.19 90.91 90.69 90.50 90.25 90.03 89.81 89.72 89.47 89.41 89.31 89.16 88.94 88.62 88.44 88.09 87.91 87.62 87.34 87.09 86.84 86.59 86.41 86.31 86.31 86.34 86.38 86.44 86.69 86.88 87.06 87.22 87.34 87.50 87.62 87.72 87.81 87.88 87.66 87.09 86.72 86.34 85.94 85.94 85.97 85.97 86.00 86.00 85.81 85.81 85.81 85.81 85.81 85.81 85.81 85.81 85.81 85.81 85.81 85.81 85.78 85.78 85.78 85.78 85.75 85.75 85.75 85.78 85.78 85.78 85.91 86.03 86.03 85.94 85.94 85.88 85.78
91.12 90.88 90.62 90.34 90.12 89.91 89.59 89.41 89.28 89.09 88.94 88.72 88.62 88.31 88.16 87.84 87.66 87.44 87.19 86.94 86.72 86.50 86.38 86.28 86.31 86.34 86.34 86.47 86.66 86.88 87.00 87.12 87.19 87.31 87.47 87.50 87.69 87.69 87.53 87.00 86.66 86.06 85.88 85.88 85.91 85.94 85.94 85.88 85.75 85.75 85.72 85.72 85.72 85.72 85.72 85.72 85.72 85.72 85.72 85.72 85.69 85.69 85.69 85.69 85.69 85.69 85.69 85.69 85.69 85.69 85.69 85.72 85.78 85.84 85.88 85.84 85.84
91.03 90.81 90.56 90.28 89.97 89.75 89.50 89.25 89.03 88.88 88.66 88.53 88.31 88.12 87.88 87.72 87.47 87.25 87.03 86.81 86.62 86.44 86.31 86.28 86.28 86.31 86.34 86.41 86.53 86.72 86.88 86.94 87.03 87.16 87.28 87.38 87.47 87.50 87.34 86.78 86.56 85.88 85.81 85.84 85.84 85.88 85.88 85.75 85.69 85.69 85.66 85.66 85.66 85.66 85.66 85.66 85.66 85.62 85.62 85.62 85.62 85.59 85.59 85.59 85.59 85.59 85.59 85.59 85.59 85.59 85.59 85.62 85.62 85.66 85.75 85.78 85.78
91.00 90.72 90.47 90.19 89.91 89.59 89.38 89.09 88.94 88.69 88.53 88.31 88.12 87.91 87.69 87.53 87.25 87.12 86.91 86.72 86.50 86.38 86.28 86.22 86.25 86.28 86.31 86.38 86.53 86.56 86.72 86.75 86.78 86.88 87.00 87.12 87.25 87.28 87.16 86.62 86.38 85.75 85.78 85.78 85.78 85.81 85.81 85.62 85.62 85.59 85.59 85.59 85.59 85.59 85.59 85.56 85.56 85.56 85.53 85.53 85.53 85.50 85.50 85.50 85.50 85.50 85.50 85.50 85.50 85.50 85.53 85.53 85.53 85.56 85.56 85.59 85.62
90.91 90.66 90.34 90.03 89.81 89.50 89.28 88.97 88.75 88.59 88.34 88.16 88.00 87.78 87.59 87.41 87.19 87.00 86.81 86.62 86.44 86.34 86.25 86.19 86.22 86.25 86.25 86.34 86.41 86.47 86.47 86.59 86.62 86.62 86.66 86.75 86.97 87.00 86.84 86.44 86.06 85.72 85.72 85.72 85.75 85.75 85.72 85.56 85.56 85.53 85.53 85.53 85.53 85.50 85.50 85.50 85.47 85.47 85.44 85.44 85.44 85.41 85.41 85.41 85.41 85.41 85.41 85.41 85.41 85.41 85.44 85.41 85.47 85.47 85.47 85.47 85.44
90.88 90.56 90.22 90.00 89.72 89.47 89.19 88.94 88.72 88.50 88.28 88.09 87.91 87.72 87.50 87.31 87.09 86.91 86.75 86.56 86.44 86.31 86.25 86.19 86.16 86.16 86.19 86.22 86.25 86.28 86.34 86.28 86.34 86.41 86.50 86.62 86.72 86.72 86.62 86.31 85.81 85.66 85.66 85.69 85.69 85.72 85.59 85.50 85.50 85.47 85.47 85.47 85.47 85.44 85.44 85.41 85.41 85.38 85.38 85.34 85.34 85.31 85.31 85.31 85.31 85.28 85.28 85.28 85.28 85.31 85.31 85.31 85.34 85.38 85.38 85.38 85.34
90.88 90.53 90.25 89.94 89.72 89.44 89.16 88.91 88.69 88.47 88.25 88.09 87.88 87.69 87.50 87.28 87.06 86.88 86.72 86.56 86.41 86.31 86.22 86.16 86.09 86.06 86.06 86.09 86.12 86.09 86.16 86.19 86.19 86.28 86.31 86.41 86.50 86.56 86.34 86.19 85.66 85.59 85.62 85.62 85.66 85.66 85.47 85.44 85.44 85.44 85.41 85.41 85.41 85.38 85.34 85.34 85.31 85.28 85.28 85.25 85.25 85.22 85.22 85.22 85.19 85.19 85.19 85.19 85.19 85.19 85.19 85.22 85.22 85.25 85.25 85.25 85.25
90.97 90.66 90.34 90.00 89.72 89.47 89.19 88.91 88.69 88.47 88.25 88.06 87.91 87.72 87.53 87.31 87.09 86.88 86.72 86.56 86.44 86.31 86.22 86.12 86.06 86.00 85.97 85.97 85.94 86.00 86.00 86.03 86.06 86.12 86.19 86.22 86.25 86.31 86.22 86.00 85.56 85.56 85.56 85.59 85.59 85.59 85.41 85.38 85.38 85.38 85.34 85.34 85.34 85.31 85.28 85.25 85.22 85.22 85.19 85.16 85.16 85.12 85.12 85.12 85.09 85.09 85.09 85.09 85.09 85.09 85.09 85.09 85.09 85.12 85.12 85.16 85.12
91.12 90.75 90.44 90.09 89.78 89.53 89.25 88.94 88.72 88.50 88.25 88.06 87.91 87.72 87.53 87.31 87.09 86.91 86.72 86.59 86.47 86.34 86.25 86.12 86.03 85.94 85.88 85.88 85.84 85.84 85.84 85.91 85.91 85.97 86.03 86.06 86.12 86.19 86.12 85.81 85.50 85.50 85.53 85.53 85.53 85.50 85.38 85.34 85.31 85.31 85.31 85.28 85.28 85.25 85.22 85.19 85.16 85.12 85.09 85.06 85.06 85.03 85.03 85.00 85.00 85.00 85.00 84.97 84.97 84.97 84.97 84.97 85.00 85.00 85.00 85.00 84.97
91.28 90.97 90.50 90.19 89.88 89.62 89.28 88.97 88.72 88.50 88.31 88.12 87.94 87.75 87.56 87.34 87.09 86.91 86.78 86.59 86.53 86.38 86.28 86.16 86.00 85.88 85.81 85.75 85.72 85.75 85.75 85.78 85.78 85.84 85.91 85.91 85.97 86.03 86.03 85.59 85.44 85.44 85.47 85.47 85.50 85.41 85.31 85.28 85.28 85.25 85.25 85.25 85.22 85.19 85.12 85.09 85.06 85.03 85.00 84.97 84.97 84.94 84.94 84.91 84.91 84.91 84.88 84.88 84.88 84.88 84.88 84.88 84.88 84.88 84.88 84.88 84.84
