everonasctiles/Tile[23,15].asc
ncols 128
nrows 128
xllcorner 0
yllcorner 0
cellsize 2.0
NODATA_value  -9999
[rows 66 to 98 of 128, columns 0 to 74 of 128]
0.34 0.31 0.22 0.12 0.00 -0.09 -0.19 -0.31 -0.41 -0.50 -0.59 -0.62 -0.66 -0.69 -0.72 -0.75 -0.78 -0.81 -0.81 -0.84 -0.88 -0.91 -0.94 -1.03 -1.09 -1.22 -1.31 -1.41 -1.53 -1.62 -1.75 -1.84 -1.97 -2.06 -2.19 -2.28 -2.38 -2.50 -2.62 -2.75 -2.88 -3.03 -3.16 -3.31 -3.47 -3.62 -3.78 -3.94 -4.12 -4.31 -4.50 -4.72 -4.97 -5.28 -5.62 -5.88 -6.03 -6.19 -6.38 -6.53 -6.72 -6.88 -7.03 -7.19 -7.38 -7.56 -7.78 -7.94 -8.06 -8.19 -8.31 -8.41 -8.53 -8.62 -8.75
0.31 0.22 0.09 0.03 -0.06 -0.16 -0.28 -0.34 -0.44 -0.53 -0.62 -0.66 -0.69 -0.72 -0.75 -0.78 -0.78 -0.81 -0.84 -0.88 -0.91 -0.94 -0.97 -1.06 -1.16 -1.25 -1.34 -1.47 -1.56 -1.69 -1.78 -1.88 -2.00 -2.09 -2.22 -2.31 -2.41 -2.53 -2.66 -2.78 -2.91 -3.06 -3.19 -3.34 -3.50 -3.66 -3.81 -4.00 -4.19 -4.34 -4.53 -4.75 -5.00 -5.31 -5.66 -5.91 -6.09 -6.25 -6.41 -6.59 -6.75 -6.94 -7.09 -7.25 -7.47 -7.66 -7.88 -8.03 -8.12 -8.25 -8.34 -8.47 -8.56 -8.69 -8.78
0.25 0.16 0.03 -0.06 -0.16 -0.25 -0.31 -0.41 -0.50 -0.59 -0.62 -0.69 -0.72 -0.75 -0.75 -0.78 -0.81 -0.84 -0.88 -0.91 -0.94 -1.00 -1.03 -1.09 -1.19 -1.28 -1.41 -1.50 -1.59 -1.72 -1.81 -1.94 -2.03 -2.16 -2.25 -2.34 -2.47 -2.56 -2.69 -2.84 -2.97 -3.09 -3.25 -3.41 -3.56 -3.72 -3.88 -4.03 -4.22 -4.41 -4.59 -4.78 -5.03 -5.31 -5.66 -5.94 -6.16 -6.31 -6.47 -6.66 -6.81 -6.97 -7.16 -7.31 -7.53 -7.75 -7.94 -8.09 -8.22 -8.31 -8.41 -8.53 -8.62 -8.75 -8.84
0.19 0.09 0.00 -0.09 -0.19 -0.28 -0.38 -0.47 -0.56 -0.62 -0.69 -0.72 -0.75 -0.78 -0.81 -0.84 -0.84 -0.88 -0.91 -0.97 -1.00 -1.03 -1.09 -1.16 -1.25 -1.34 -1.44 -1.53 -1.66 -1.75 -1.84 -1.97 -2.06 -2.19 -2.28 -2.38 -2.50 -2.62 -2.75 -2.88 -3.00 -3.16 -3.28 -3.44 -3.59 -3.75 -3.91 -4.09 -4.28 -4.44 -4.62 -4.84 -5.03 -5.31 -5.66 -5.97 -6.19 -6.38 -6.53 -6.72 -6.88 -7.06 -7.22 -7.41 -7.59 -7.81 -8.00 -8.16 -8.28 -8.38 -8.47 -8.59 -8.69 -8.78 -8.91
0.16 0.06 -0.06 -0.16 -0.25 -0.34 -0.44 -0.50 -0.59 -0.66 -0.69 -0.75 -0.78 -0.81 -0.84 -0.88 -0.91 -0.94 -0.97 -1.00 -1.03 -1.06 -1.12 -1.22 -1.31 -1.41 -1.50 -1.59 -1.69 -1.78 -1.91 -2.00 -2.09 -2.22 -2.31 -2.41 -2.53 -2.66 -2.78 -2.91 -3.03 -3.19 -3.34 -3.47 -3.62 -3.81 -3.97 -4.12 -4.31 -4.50 -4.69 -4.88 -5.09 -5.31 -5.66 -5.97 -6.22 -6.41 -6.59 -6.78 -6.94 -7.12 -7.31 -7.47 -7.69 -7.91 -8.09 -8.22 -8.34 -8.44 -8.53 -8.66 -8.75 -8.84 -8.94
0.12 0.03 -0.09 -0.19 -0.28 -0.38 -0.47 -0.56 -0.62 -0.69 -0.72 -0.78 -0.81 -0.84 -0.88 -0.91 -0.94 -0.97 -1.00 -1.03 -1.06 -1.12 -1.19 -1.28 -1.38 -1.44 -1.53 -1.62 -1.72 -1.84 -1.94 -2.03 -2.12 -2.25 -2.34 -2.44 -2.56 -2.69 -2.81 -2.94 -3.09 -3.22 -3.38 -3.53 -3.69 -3.84 -4.00 -4.19 -4.38 -4.56 -4.75 -4.94 -5.12 -5.34 -5.66 -5.97 -6.25 -6.47 -6.66 -6.84 -7.03 -7.19 -7.38 -7.56 -7.78 -8.00 -8.19 -8.31 -8.41 -8.50 -8.62 -8.72 -8.81 -8.91 -9.00
0.12 0.00 -0.12 -0.22 -0.31 -0.44 -0.50 -0.59 -0.66 -0.72 -0.78 -0.81 -0.84 -0.88 -0.94 -0.97 -0.97 -1.00 -1.03 -1.06 -1.12 -1.16 -1.25 -1.31 -1.41 -1.50 -1.59 -1.69 -1.78 -1.88 -1.97 -2.06 -2.19 -2.28 -2.38 -2.50 -2.59 -2.72 -2.84 -3.00 -3.12 -3.28 -3.41 -3.56 -3.72 -3.91 -4.06 -4.22 -4.41 -4.59 -4.78 -5.00 -5.19 -5.41 -5.62 -5.97 -6.25 -6.50 -6.72 -6.91 -7.09 -7.28 -7.47 -7.66 -7.88 -8.09 -8.25 -8.38 -8.50 -8.59 -8.69 -8.78 -8.88 -8.97 -9.06
0.09 -0.03 -0.12 -0.25 -0.34 -0.44 -0.53 -0.62 -0.69 -0.75 -0.81 -0.84 -0.91 -0.94 -0.97 -1.00 -1.03 -1.06 -1.06 -1.09 -1.16 -1.22 -1.28 -1.38 -1.47 -1.56 -1.66 -1.72 -1.81 -1.91 -2.00 -2.12 -2.22 -2.31 -2.41 -2.53 -2.66 -2.78 -2.91 -3.03 -3.16 -3.31 -3.47 -3.62 -3.78 -3.94 -4.09 -4.28 -4.47 -4.66 -4.84 -5.03 -5.25 -5.44 -5.66 -5.97 -6.25 -6.53 -6.75 -6.97 -7.16 -7.34 -7.56 -7.75 -7.97 -8.19 -8.34 -8.47 -8.56 -8.66 -8.75 -8.84 -8.94 -9.03 -9.12
0.06 -0.06 -0.19 -0.28 -0.38 -0.50 -0.59 -0.66 -0.72 -0.78 -0.84 -0.91 -0.94 -0.97 -1.00 -1.03 -1.06 -1.09 -1.12 -1.16 -1.19 -1.28 -1.34 -1.44 -1.53 -1.62 -1.69 -1.78 -1.88 -1.94 -2.03 -2.16 -2.25 -2.34 -2.44 -2.56 -2.69 -2.81 -2.94 -3.06 -3.22 -3.34 -3.50 -3.66 -3.81 -3.97 -4.16 -4.34 -4.50 -4.69 -4.88 -5.09 -5.28 -5.50 -5.72 -5.97 -6.25 -6.53 -6.78 -7.03 -7.22 -7.44 -7.66 -7.84 -8.09 -8.28 -8.44 -8.56 -8.66 -8.72 -8.81 -8.91 -9.00 -9.09 -9.16
-0.03 -0.19 -0.31 -0.41 -0.47 -0.53 -0.62 -0.69 -0.75 -0.81 -0.88 -0.94 -0.97 -1.00 -1.03 -1.06 -1.09 -1.12 -1.16 -1.19 -1.25 -1.31 -1.41 -1.50 -1.59 -1.66 -1.75 -1.81 -1.91 -2.00 -2.09 -2.19 -2.28 -2.38 -2.47 -2.59 -2.72 -2.84 -2.97 -3.12 -3.25 -3.41 -3.56 -3.72 -3.88 -4.03 -4.19 -4.38 -4.56 -4.75 -4.94 -5.12 -5.34 -5.56 -5.78 -6.00 -6.25 -6.53 -6.81 -7.06 -7.31 -7.53 -7.78 -7.97 -8.19 -8.38 -8.53 -8.62 -8.72 -8.81 -8.91 -8.97 -9.06 -9.16 -9.22
-0.16 -0.34 -0.47 -0.56 -0.59 -0.62 -0.69 -0.72 -0.78 -0.84 -0.91 -0.97 -1.00 -1.03 -1.06 -1.09 -1.12 -1.16 -1.19 -1.25 -1.31 -1.38 -1.47 -1.56 -1.62 -1.72 -1.78 -1.88 -1.94 -2.03 -2.12 -2.22 -2.31 -2.41 -2.53 -2.62 -2.75 -2.88 -3.03 -3.16 -3.28 -3.44 -3.59 -3.75 -3.91 -4.06 -4.25 -4.44 -4.59 -4.78 -5.00 -5.19 -5.41 -5.59 -5.81 -6.03 -6.28 -6.56 -6.84 -7.09 -7.34 -7.62 -7.91 -8.12 -8.31 -8.50 -8.62 -8.72 -8.81 -8.88 -8.97 -9.03 -9.12 -9.19 -9.28
-0.28 -0.47 -0.62 -0.69 -0.72 -0.72 -0.72 -0.78 -0.84 -0.91 -0.97 -1.00 -1.03 -1.06 -1.09 -1.16 -1.19 -1.22 -1.25 -1.28 -1.38 -1.44 -1.50 -1.59 -1.69 -1.75 -1.84 -1.91 -1.97 -2.06 -2.16 -2.25 -2.34 -2.44 -2.56 -2.69 -2.81 -2.94 -3.06 -3.19 -3.34 -3.50 -3.62 -3.78 -3.97 -4.12 -4.28 -4.47 -4.66 -4.84 -5.03 -5.25 -5.44 -5.66 -5.88 -6.09 -6.34 -6.59 -6.84 -7.12 -7.41 -7.72 -8.03 -8.28 -8.47 -8.59 -8.72 -8.81 -8.91 -8.97 -9.03 -9.09 -9.19 -9.25 -9.34
-0.31 -0.53 -0.66 -0.75 -0.78 -0.78 -0.78 -0.81 -0.88 -0.94 -1.00 -1.03 -1.06 -1.09 -1.16 -1.19 -1.22 -1.25 -1.28 -1.34 -1.41 -1.47 -1.56 -1.66 -1.72 -1.81 -1.88 -1.94 -2.03 -2.09 -2.19 -2.28 -2.38 -2.47 -2.59 -2.72 -2.84 -2.97 -3.09 -3.25 -3.38 -3.53 -3.69 -3.84 -4.00 -4.19 -4.34 -4.53 -4.72 -4.91 -5.09 -5.28 -5.50 -5.72 -5.94 -6.16 -6.38 -6.62 -6.88 -7.16 -7.44 -7.81 -8.19 -8.44 -8.62 -8.72 -8.81 -8.91 -8.97 -9.03 -9.09 -9.19 -9.25 -9.31 -9.38
-0.34 -0.56 -0.69 -0.75 -0.78 -0.78 -0.81 -0.84 -0.91 -0.97 -1.03 -1.06 -1.12 -1.16 -1.19 -1.22 -1.25 -1.28 -1.34 -1.41 -1.47 -1.53 -1.59 -1.69 -1.75 -1.84 -1.91 -1.97 -2.06 -2.12 -2.22 -2.31 -2.41 -2.53 -2.62 -2.75 -2.88 -3.00 -3.16 -3.28 -3.44 -3.56 -3.72 -3.88 -4.06 -4.22 -4.41 -4.56 -4.75 -4.94 -5.16 -5.34 -5.56 -5.75 -5.97 -6.22 -6.44 -6.69 -6.94 -7.19 -7.47 -7.91 -8.38 -8.66 -8.81 -8.88 -8.94 -9.00 -9.06 -9.12 -9.19 -9.25 -9.31 -9.38 -9.44
-0.34 -0.50 -0.62 -0.69 -0.75 -0.78 -0.81 -0.88 -0.97 -1.03 -1.06 -1.12 -1.16 -1.19 -1.22 -1.25 -1.31 -1.34 -1.38 -1.44 -1.50 -1.56 -1.66 -1.72 -1.81 -1.88 -1.94 -2.00 -2.06 -2.16 -2.25 -2.34 -2.44 -2.56 -2.66 -2.78 -2.91 -3.06 -3.19 -3.31 -3.47 -3.62 -3.78 -3.94 -4.09 -4.28 -4.44 -4.62 -4.81 -5.00 -5.19 -5.41 -5.59 -5.81 -6.03 -6.25 -6.50 -6.72 -6.97 -7.25 -7.50 -7.97 -8.50 -8.88 -9.00 -9.03 -9.06 -9.09 -9.12 -9.19 -9.25 -9.31 -9.38 -9.44 -9.50
-0.34 -0.47 -0.56 -0.66 -0.72 -0.78 -0.84 -0.91 -1.00 -1.06 -1.12 -1.16 -1.19 -1.22 -1.28 -1.31 -1.34 -1.41 -1.44 -1.47 -1.53 -1.59 -1.69 -1.75 -1.84 -1.91 -1.97 -2.03 -2.09 -2.19 -2.28 -2.38 -2.47 -2.59 -2.72 -2.84 -2.97 -3.09 -3.22 -3.38 -3.50 -3.66 -3.81 -3.97 -4.16 -4.31 -4.50 -4.66 -4.84 -5.06 -5.25 -5.44 -5.66 -5.88 -6.09 -6.31 -6.56 -6.78 -7.03 -7.28 -7.56 -8.06 -8.66 -9.03 -9.16 -9.16 -9.16 -9.19 -9.22 -9.25 -9.31 -9.34 -9.41 -9.47 -9.53
-0.38 -0.47 -0.56 -0.62 -0.72 -0.81 -0.91 -0.97 -1.03 -1.09 -1.16 -1.22 -1.25 -1.28 -1.31 -1.34 -1.41 -1.44 -1.47 -1.53 -1.56 -1.66 -1.72 -1.78 -1.84 -1.91 -2.00 -2.06 -2.12 -2.19 -2.31 -2.41 -2.50 -2.62 -2.75 -2.88 -3.00 -3.12 -3.28 -3.41 -3.56 -3.72 -3.88 -4.03 -4.19 -4.38 -4.53 -4.72 -4.91 -5.09 -5.28 -5.50 -5.72 -5.94 -6.16 -6.38 -6.59 -6.84 -7.09 -7.34 -7.62 -8.19 -8.75 -9.16 -9.28 -9.28 -9.25 -9.28 -9.28 -9.31 -9.38 -9.41 -9.47 -9.53 -9.59
-0.44 -0.53 -0.62 -0.69 -0.78 -0.84 -0.94 -1.03 -1.09 -1.16 -1.19 -1.25 -1.28 -1.31 -1.38 -1.41 -1.44 -1.47 -1.50 -1.56 -1.59 -1.66 -1.75 -1.81 -1.88 -1.94 -2.00 -2.06 -2.16 -2.22 -2.31 -2.44 -2.53 -2.66 -2.78 -2.91 -3.03 -3.16 -3.31 -3.44 -3.59 -3.75 -3.91 -4.06 -4.25 -4.41 -4.59 -4.78 -4.97 -5.16 -5.34 -5.56 -5.75 -5.97 -6.19 -6.44 -6.66 -6.91 -7.16 -7.41 -7.69 -8.28 -8.81 -9.25 -9.38 -9.38 -9.34 -9.34 -9.34 -9.38 -9.41 -9.47 -9.50 -9.56 -9.62
-0.50 -0.59 -0.66 -0.75 -0.84 -0.91 -1.00 -1.06 -1.12 -1.19 -1.25 -1.28 -1.34 -1.38 -1.41 -1.44 -1.47 -1.50 -1.53 -1.56 -1.62 -1.69 -1.75 -1.81 -1.91 -1.97 -2.03 -2.09 -2.16 -2.25 -2.34 -2.47 -2.59 -2.69 -2.81 -2.94 -3.06 -3.22 -3.34 -3.50 -3.66 -3.81 -3.97 -4.12 -4.28 -4.47 -4.62 -4.81 -5.00 -5.19 -5.41 -5.59 -5.81 -6.03 -6.25 -6.47 -6.72 -6.97 -7.22 -7.47 -7.78 -8.38 -8.88 -9.31 -9.44 -9.44 -9.41 -9.41 -9.41 -9.44 -9.47 -9.50 -9.56 -9.59 -9.66
-0.56 -0.66 -0.72 -0.81 -0.88 -0.97 -1.03 -1.12 -1.16 -1.22 -1.28 -1.31 -1.34 -1.41 -1.44 -1.47 -1.50 -1.53 -1.56 -1.59 -1.66 -1.72 -1.78 -1.84 -1.91 -1.97 -2.03 -2.12 -2.19 -2.28 -2.41 -2.50 -2.62 -2.72 -2.84 -2.97 -3.12 -3.25 -3.41 -3.53 -3.69 -3.84 -4.00 -4.16 -4.34 -4.50 -4.69 -4.88 -5.06 -5.25 -5.44 -5.66 -5.88 -6.09 -6.31 -6.53 -6.78 -7.00 -7.25 -7.53 -7.84 -8.47 -8.94 -9.34 -9.47 -9.47 -9.47 -9.44 -9.47 -9.50 -9.50 -9.56 -9.59 -9.66 -9.69
-0.62 -0.69 -0.78 -0.84 -0.94 -1.00 -1.06 -1.12 -1.19 -1.25 -1.28 -1.34 -1.38 -1.44 -1.47 -1.50 -1.53 -1.56 -1.59 -1.62 -1.66 -1.72 -1.78 -1.84 -1.91 -2.00 -2.06 -2.12 -2.22 -2.31 -2.44 -2.53 -2.66 -2.78 -2.91 -3.03 -3.16 -3.28 -3.44 -3.59 -3.72 -3.88 -4.03 -4.22 -4.38 -4.56 -4.72 -4.91 -5.09 -5.31 -5.50 -5.72 -5.91 -6.12 -6.34 -6.59 -6.81 -7.06 -7.31 -7.56 -7.94 -8.53 -9.00 -9.38 -9.50 -9.50 -9.50 -9.50 -9.50 -9.53 -9.56 -9.59 -9.62 -9.69 -9.72
-0.69 -0.75 -0.81 -0.91 -0.97 -1.03 -1.09 -1.16 -1.22 -1.25 -1.31 -1.38 -1.41 -1.47 -1.50 -1.53 -1.56 -1.59 -1.59 -1.62 -1.69 -1.75 -1.81 -1.88 -1.94 -2.00 -2.06 -2.16 -2.25 -2.34 -2.47 -2.56 -2.69 -2.81 -2.94 -3.06 -3.19 -3.34 -3.47 -3.62 -3.78 -3.94 -4.09 -4.25 -4.44 -4.59 -4.78 -4.97 -5.16 -5.34 -5.56 -5.75 -5.97 -6.19 -6.41 -6.66 -6.88 -7.12 -7.38 -7.62 -8.03 -8.59 -9.09 -9.41 -9.53 -9.53 -9.53 -9.53 -9.53 -9.56 -9.59 -9.62 -9.66 -9.69 -9.75
-0.72 -0.78 -0.84 -0.94 -1.00 -1.06 -1.12 -1.19 -1.25 -1.28 -1.34 -1.38 -1.44 -1.47 -1.50 -1.53 -1.56 -1.59 -1.62 -1.62 -1.69 -1.75 -1.81 -1.88 -1.94 -2.03 -2.09 -2.19 -2.28 -2.38 -2.50 -2.59 -2.72 -2.84 -2.97 -3.09 -3.25 -3.38 -3.53 -3.66 -3.81 -3.97 -4.12 -4.31 -4.47 -4.66 -4.84 -5.03 -5.22 -5.41 -5.59 -5.81 -6.03 -6.25 -6.47 -6.69 -6.94 -7.19 -7.44 -7.69 -8.12 -8.66 -9.16 -9.44 -9.56 -9.56 -9.56 -9.56 -9.56 -9.59 -9.62 -9.66 -9.69 -9.72 -9.78
-0.75 -0.84 -0.91 -0.97 -1.03 -1.09 -1.16 -1.19 -1.25 -1.31 -1.38 -1.41 -1.44 -1.50 -1.53 -1.56 -1.59 -1.59 -1.62 -1.66 -1.72 -1.75 -1.81 -1.88 -1.94 -2.03 -2.12 -2.22 -2.31 -2.41 -2.53 -2.62 -2.75 -2.88 -3.00 -3.12 -3.28 -3.41 -3.56 -3.72 -3.88 -4.03 -4.19 -4.34 -4.53 -4.69 -4.88 -5.06 -5.25 -5.47 -5.66 -5.88 -6.09 -6.31 -6.53 -6.75 -7.00 -7.22 -7.50 -7.75 -8.22 -8.75 -9.22 -9.47 -9.56 -9.59 -9.59 -9.59 -9.59 -9.59 -9.62 -9.66 -9.69 -9.75 -9.78
-0.78 -0.88 -0.94 -1.00 -1.03 -1.09 -1.16 -1.22 -1.28 -1.31 -1.38 -1.41 -1.47 -1.50 -1.53 -1.56 -1.59 -1.59 -1.62 -1.66 -1.72 -1.78 -1.81 -1.91 -1.97 -2.06 -2.12 -2.25 -2.34 -2.44 -2.56 -2.69 -2.78 -2.91 -3.03 -3.19 -3.31 -3.47 -3.59 -3.75 -3.91 -4.06 -4.22 -4.41 -4.56 -4.75 -4.94 -5.12 -5.31 -5.50 -5.72 -5.91 -6.12 -6.34 -6.56 -6.81 -7.03 -7.28 -7.53 -7.81 -8.31 -8.88 -9.25 -9.50 -9.59 -9.59 -9.59 -9.59 -9.62 -9.62 -9.66 -9.69 -9.72 -9.75 -9.81
-0.81 -0.88 -0.94 -1.00 -1.06 -1.09 -1.16 -1.22 -1.28 -1.31 -1.38 -1.44 -1.47 -1.50 -1.53 -1.56 -1.59 -1.59 -1.62 -1.69 -1.72 -1.78 -1.84 -1.91 -1.97 -2.06 -2.16 -2.28 -2.38 -2.47 -2.59 -2.72 -2.84 -2.97 -3.09 -3.22 -3.34 -3.50 -3.66 -3.78 -3.94 -4.12 -4.28 -4.44 -4.62 -4.78 -4.97 -5.16 -5.38 -5.56 -5.75 -5.97 -6.19 -6.41 -6.62 -6.88 -7.09 -7.34 -7.59 -7.88 -8.44 -8.97 -9.31 -9.53 -9.59 -9.62 -9.62 -9.62 -9.62 -9.66 -9.66 -9.69 -9.72 -9.78 -9.81
-0.84 -0.91 -0.94 -1.00 -1.03 -1.09 -1.16 -1.22 -1.25 -1.31 -1.38 -1.41 -1.47 -1.50 -1.53 -1.56 -1.56 -1.59 -1.66 -1.69 -1.75 -1.78 -1.84 -1.91 -2.00 -2.09 -2.19 -2.28 -2.41 -2.50 -2.62 -2.75 -2.88 -3.00 -3.12 -3.25 -3.41 -3.53 -3.69 -3.84 -4.00 -4.16 -4.31 -4.50 -4.66 -4.84 -5.03 -5.22 -5.41 -5.62 -5.81 -6.03 -6.25 -6.47 -6.69 -6.91 -7.16 -7.41 -7.66 -7.94 -8.56 -9.06 -9.38 -9.56 -9.62 -9.62 -9.62 -9.62 -9.62 -9.66 -9.69 -9.72 -9.75 -9.78 -9.81
-0.84 -0.91 -0.94 -1.00 -1.03 -1.06 -1.12 -1.19 -1.25 -1.31 -1.38 -1.41 -1.44 -1.47 -1.50 -1.53 -1.56 -1.62 -1.66 -1.69 -1.75 -1.81 -1.88 -1.94 -2.03 -2.12 -2.22 -2.31 -2.44 -2.53 -2.66 -2.78 -2.91 -3.03 -3.16 -3.28 -3.44 -3.59 -3.72 -3.88 -4.03 -4.19 -4.38 -4.53 -4.72 -4.91 -5.06 -5.28 -5.47 -5.66 -5.88 -6.06 -6.28 -6.50 -6.75 -6.97 -7.22 -7.47 -7.72 -8.03 -8.69 -9.16 -9.44 -9.59 -9.62 -9.62 -9.62 -9.62 -9.66 -9.66 -9.69 -9.72 -9.75 -9.78 -9.81
-0.84 -0.88 -0.94 -0.97 -1.03 -1.06 -1.12 -1.19 -1.25 -1.31 -1.38 -1.41 -1.44 -1.47 -1.50 -1.53 -1.56 -1.62 -1.66 -1.72 -1.75 -1.81 -1.88 -1.97 -2.06 -2.16 -2.25 -2.34 -2.47 -2.59 -2.69 -2.81 -2.94 -3.06 -3.19 -3.34 -3.47 -3.62 -3.78 -3.94 -4.09 -4.25 -4.41 -4.59 -4.75 -4.94 -5.12 -5.31 -5.50 -5.72 -5.91 -6.12 -6.34 -6.56 -6.78 -7.03 -7.28 -7.53 -7.78 -8.19 -8.78 -9.22 -9.47 -9.59 -9.66 -9.66 -9.66 -9.66 -9.66 -9.66 -9.69 -9.72 -9.75 -9.78 -9.81
-0.81 -0.88 -0.91 -0.97 -1.00 -1.06 -1.12 -1.19 -1.25 -1.31 -1.34 -1.38 -1.44 -1.47 -1.50 -1.53 -1.59 -1.62 -1.69 -1.72 -1.78 -1.84 -1.91 -1.97 -2.09 -2.19 -2.28 -2.38 -2.50 -2.62 -2.72 -2.84 -2.97 -3.09 -3.25 -3.38 -3.50 -3.66 -3.81 -3.97 -4.12 -4.28 -4.47 -4.62 -4.81 -5.00 -5.19 -5.38 -5.56 -5.75 -5.97 -6.19 -6.41 -6.62 -6.84 -7.09 -7.31 -7.56 -7.84 -8.34 -8.88 -9.28 -9.50 -9.62 -9.66 -9.66 -9.66 -9.66 -9.66 -9.66 -9.69 -9.72 -9.75 -9.78 -9.81
-0.81 -0.84 -0.91 -0.94 -1.00 -1.03 -1.09 -1.16 -1.25 -1.28 -1.34 -1.38 -1.41 -1.47 -1.50 -1.53 -1.59 -1.66 -1.69 -1.75 -1.78 -1.84 -1.94 -2.00 -2.12 -2.22 -2.31 -2.41 -2.53 -2.66 -2.75 -2.88 -3.00 -3.12 -3.28 -3.41 -3.56 -3.69 -3.84 -4.00 -4.16 -4.34 -4.50 -4.69 -4.84 -5.03 -5.22 -5.41 -5.62 -5.81 -6.03 -6.25 -6.47 -6.69 -6.91 -7.16 -7.38 -7.62 -7.97 -8.47 -8.97 -9.34 -9.53 -9.66 -9.66 -9.66 -9.66 -9.66 -9.66 -9.69 -9.69 -9.72 -9.75 -9.78 -9.81
-0.78 -0.81 -0.88 -0.91 -0.97 -1.03 -1.09 -1.16 -1.22 -1.28 -1.34 -1.38 -1.44 -1.47 -1.50 -1.56 -1.59 -1.66 -1.72 -1.75 -1.81 -1.88 -1.94 -2.03 -2.12 -2.25 -2.34 -2.44 -2.56 -2.69 -2.78 -2.91 -3.03 -3.19 -3.31 -3.44 -3.59 -3.75 -3.91 -4.06 -4.22 -4.38 -4.56 -4.72 -4.91 -5.09 -5.28 -5.47 -5.66 -5.88 -6.06 -6.28 -6.50 -6.72 -6.97 -7.19 -7.44 -7.69 -8.09 -8.59 -9.06 -9.38 -9.56 -9.66 -9.66 -9.66 -9.66 -9.66 -9.66 -9.69 -9.69 -9.72 -9.75 -9.78 -9.81
-0.75 -0.81 -0.84 -0.91 -0.97 -1.03 -1.09 -1.16 -1.22 -1.28 -1.34 -1.38 -1.44 -1.47 -1.53 -1.56 -1.62 -1.69 -1.72 -1.78 -1.84 -1.91 -1.97 -2.06 -2.16 -2.25 -2.38 -2.47 -2.59 -2.72 -2.81 -2.94 -3.09 -3.22 -3.34 -3.50 -3.62 -3.78 -3.94 -4.09 -4.25 -4.44 -4.59 -4.78 -4.94 -5.12 -5.31 -5.53 -5.72 -5.91 -6.12 -6.34 -6.56 -6.78 -7.03 -7.25 -7.50 -7.75 -8.19 -8.72 -9.16 -9.44 -9.59 -9.66 -9.66 -9.66 -9.66 -9.66 -9.66 -9.69 -9.69 -9.72 -9.72 -9.78 -9.81
