everonasctiles/Tile43,16.asc
ncols 128
nrows 128
xllcorner 0
yllcorner 0
cellsize 2.0
NODATA_value  -9999
[rows 96 to 127 of 128, columns 0 to 70 of 128]
-59.84 -59.84 -59.84 -59.84 -59.84 -59.81 -59.78 -59.72 -59.66 -59.56 -59.47 -59.41 -59.31 -59.25 -59.22 -59.16 -59.12 -59.12 -59.06 -59.03 -58.97 -58.94 -58.88 -58.88 -58.84 -58.81 -58.72 -58.59 -58.47 -58.31 -58.19 -58.06 -57.97 -58.00 -58.06 -58.16 -58.31 -58.47 -58.66 -58.84 -59.06 -59.28 -59.47 -59.69 -59.88 -60.06 -60.28 -60.50 -60.75 -61.00 -61.25 -61.47 -61.69 -61.88 -62.06 -62.22 -62.34 -62.53 -62.72 -62.94 -63.19 -63.47 -63.75 -64.03 -64.31 -64.59 -64.88 -65.16 -65.47 -65.81 -66.12
-59.72 -59.72 -59.72 -59.72 -59.72 -59.69 -59.66 -59.59 -59.53 -59.44 -59.34 -59.25 -59.19 -59.12 -59.06 -59.00 -58.97 -58.97 -58.94 -58.91 -58.84 -58.78 -58.75 -58.75 -58.72 -58.69 -58.62 -58.50 -58.38 -58.28 -58.16 -58.09 -58.12 -58.16 -58.25 -58.38 -58.50 -58.66 -58.81 -59.03 -59.22 -59.44 -59.66 -59.84 -60.03 -60.22 -60.41 -60.59 -60.84 -61.09 -61.34 -61.59 -61.81 -62.03 -62.22 -62.38 -62.53 -62.69 -62.84 -63.03 -63.25 -63.50 -63.75 -64.03 -64.28 -64.56 -64.81 -65.09 -65.41 -65.72 -66.06
-59.59 -59.59 -59.59 -59.59 -59.59 -59.56 -59.53 -59.47 -59.38 -59.28 -59.19 -59.12 -59.03 -58.97 -58.91 -58.88 -58.84 -58.81 -58.78 -58.75 -58.72 -58.66 -58.62 -58.62 -58.59 -58.56 -58.53 -58.44 -58.34 -58.25 -58.16 -58.19 -58.25 -58.31 -58.44 -58.56 -58.69 -58.84 -59.03 -59.22 -59.44 -59.62 -59.84 -60.03 -60.22 -60.38 -60.56 -60.75 -60.97 -61.19 -61.44 -61.69 -61.94 -62.16 -62.38 -62.56 -62.72 -62.84 -63.00 -63.16 -63.34 -63.56 -63.78 -64.03 -64.25 -64.50 -64.75 -65.00 -65.31 -65.62 -65.97
-59.50 -59.47 -59.47 -59.44 -59.44 -59.41 -59.38 -59.31 -59.22 -59.12 -59.03 -58.94 -58.88 -58.81 -58.78 -58.72 -58.69 -58.69 -58.66 -58.66 -58.59 -58.56 -58.53 -58.50 -58.50 -58.47 -58.44 -58.38 -58.28 -58.22 -58.22 -58.28 -58.38 -58.50 -58.62 -58.75 -58.91 -59.06 -59.25 -59.44 -59.62 -59.81 -60.03 -60.22 -60.41 -60.56 -60.72 -60.91 -61.12 -61.34 -61.56 -61.81 -62.03 -62.28 -62.50 -62.69 -62.84 -63.00 -63.12 -63.28 -63.44 -63.62 -63.81 -64.03 -64.25 -64.47 -64.69 -64.94 -65.22 -65.53 -65.88
-59.34 -59.34 -59.31 -59.28 -59.28 -59.25 -59.22 -59.12 -59.03 -58.94 -58.84 -58.78 -58.72 -58.69 -58.62 -58.59 -58.56 -58.56 -58.56 -58.53 -58.50 -58.47 -58.41 -58.38 -58.38 -58.38 -58.34 -58.28 -58.25 -58.22 -58.28 -58.38 -58.50 -58.66 -58.81 -58.97 -59.12 -59.28 -59.44 -59.62 -59.81 -60.00 -60.19 -60.38 -60.56 -60.72 -60.91 -61.09 -61.28 -61.50 -61.69 -61.94 -62.16 -62.38 -62.59 -62.78 -62.97 -63.12 -63.25 -63.41 -63.53 -63.69 -63.88 -64.06 -64.25 -64.47 -64.69 -64.91 -65.19 -65.50 -65.84
-59.22 -59.19 -59.16 -59.12 -59.09 -59.06 -59.03 -58.97 -58.88 -58.78 -58.69 -58.62 -58.56 -58.53 -58.53 -58.50 -58.47 -58.47 -58.44 -58.44 -58.41 -58.34 -58.31 -58.28 -58.28 -58.25 -58.22 -58.22 -58.19 -58.25 -58.34 -58.47 -58.59 -58.78 -58.94 -59.12 -59.28 -59.47 -59.62 -59.81 -60.00 -60.16 -60.34 -60.53 -60.69 -60.88 -61.03 -61.22 -61.44 -61.62 -61.84 -62.03 -62.25 -62.47 -62.66 -62.84 -63.03 -63.22 -63.34 -63.50 -63.62 -63.75 -63.91 -64.09 -64.28 -64.47 -64.69 -64.94 -65.19 -65.47 -65.81
-59.09 -59.06 -59.00 -58.94 -58.91 -58.88 -58.84 -58.78 -58.69 -58.59 -58.53 -58.47 -58.44 -58.44 -58.41 -58.41 -58.38 -58.34 -58.34 -58.31 -58.28 -58.25 -58.22 -58.19 -58.16 -58.16 -58.12 -58.12 -58.16 -58.25 -58.38 -58.50 -58.69 -58.88 -59.06 -59.25 -59.44 -59.59 -59.78 -59.94 -60.12 -60.28 -60.47 -60.62 -60.78 -60.97 -61.12 -61.31 -61.53 -61.72 -61.94 -62.12 -62.34 -62.53 -62.72 -62.91 -63.09 -63.25 -63.41 -63.56 -63.69 -63.81 -63.97 -64.12 -64.31 -64.50 -64.72 -64.94 -65.19 -65.47 -65.78
-58.94 -58.91 -58.84 -58.78 -58.72 -58.69 -58.62 -58.56 -58.50 -58.44 -58.38 -58.31 -58.31 -58.31 -58.31 -58.31 -58.28 -58.25 -58.25 -58.22 -58.19 -58.16 -58.09 -58.06 -58.03 -58.03 -58.03 -58.06 -58.12 -58.25 -58.38 -58.53 -58.72 -58.91 -59.12 -59.31 -59.50 -59.69 -59.84 -60.00 -60.19 -60.34 -60.50 -60.69 -60.84 -61.00 -61.16 -61.34 -61.56 -61.78 -61.97 -62.19 -62.38 -62.56 -62.75 -62.94 -63.09 -63.25 -63.44 -63.56 -63.69 -63.81 -63.97 -64.12 -64.28 -64.50 -64.69 -64.94 -65.19 -65.44 -65.72
-58.81 -58.78 -58.69 -58.62 -58.53 -58.47 -58.44 -58.38 -58.31 -58.28 -58.22 -58.19 -58.22 -58.22 -58.22 -58.22 -58.19 -58.16 -58.12 -58.12 -58.06 -58.03 -58.00 -57.97 -57.94 -57.94 -57.94 -58.00 -58.09 -58.22 -58.38 -58.56 -58.75 -58.94 -59.12 -59.34 -59.53 -59.72 -59.88 -60.03 -60.22 -60.38 -60.53 -60.69 -60.84 -61.00 -61.16 -61.34 -61.53 -61.75 -61.97 -62.16 -62.38 -62.56 -62.75 -62.91 -63.06 -63.22 -63.38 -63.53 -63.66 -63.78 -63.91 -64.06 -64.25 -64.44 -64.66 -64.88 -65.12 -65.38 -65.62
-58.69 -58.62 -58.56 -58.47 -58.38 -58.28 -58.22 -58.19 -58.16 -58.12 -58.09 -58.09 -58.09 -58.12 -58.12 -58.09 -58.09 -58.06 -58.03 -58.00 -57.97 -57.94 -57.91 -57.88 -57.84 -57.81 -57.84 -57.94 -58.06 -58.22 -58.38 -58.56 -58.72 -58.94 -59.12 -59.31 -59.53 -59.69 -59.88 -60.03 -60.19 -60.34 -60.50 -60.66 -60.81 -60.97 -61.12 -61.28 -61.50 -61.69 -61.91 -62.12 -62.31 -62.53 -62.69 -62.88 -63.00 -63.16 -63.31 -63.44 -63.56 -63.72 -63.84 -64.00 -64.19 -64.38 -64.59 -64.81 -65.06 -65.28 -65.50
-58.53 -58.50 -58.41 -58.31 -58.22 -58.12 -58.06 -58.00 -58.00 -58.00 -58.00 -58.00 -58.00 -58.00 -58.00 -58.00 -57.97 -57.97 -57.94 -57.91 -57.88 -57.84 -57.81 -57.78 -57.75 -57.75 -57.78 -57.88 -58.00 -58.19 -58.34 -58.53 -58.72 -58.91 -59.09 -59.28 -59.47 -59.66 -59.84 -60.00 -60.16 -60.28 -60.44 -60.59 -60.75 -60.91 -61.06 -61.25 -61.44 -61.66 -61.84 -62.06 -62.28 -62.47 -62.62 -62.78 -62.94 -63.06 -63.22 -63.34 -63.47 -63.62 -63.78 -63.94 -64.12 -64.31 -64.53 -64.75 -64.97 -65.16 -65.38
-58.38 -58.34 -58.25 -58.19 -58.06 -57.97 -57.91 -57.88 -57.84 -57.88 -57.88 -57.88 -57.91 -57.91 -57.91 -57.88 -57.88 -57.84 -57.84 -57.81 -57.81 -57.75 -57.72 -57.69 -57.66 -57.66 -57.72 -57.81 -57.97 -58.12 -58.31 -58.50 -58.69 -58.88 -59.06 -59.25 -59.44 -59.59 -59.78 -59.91 -60.06 -60.19 -60.34 -60.50 -60.69 -60.84 -61.03 -61.19 -61.41 -61.59 -61.81 -62.03 -62.22 -62.41 -62.56 -62.72 -62.84 -63.00 -63.12 -63.28 -63.41 -63.56 -63.72 -63.91 -64.09 -64.28 -64.47 -64.66 -64.84 -65.03 -65.25
-58.22 -58.16 -58.09 -58.00 -57.91 -57.81 -57.75 -57.72 -57.72 -57.75 -57.75 -57.78 -57.81 -57.81 -57.81 -57.78 -57.78 -57.75 -57.75 -57.75 -57.72 -57.69 -57.66 -57.62 -57.56 -57.56 -57.62 -57.75 -57.91 -58.09 -58.25 -58.44 -58.62 -58.81 -58.97 -59.16 -59.34 -59.50 -59.66 -59.81 -59.97 -60.09 -60.28 -60.44 -60.62 -60.81 -61.00 -61.19 -61.38 -61.59 -61.78 -62.00 -62.19 -62.38 -62.53 -62.69 -62.81 -62.94 -63.06 -63.22 -63.34 -63.50 -63.69 -63.84 -64.03 -64.22 -64.41 -64.56 -64.75 -64.94 -65.12
-58.06 -58.00 -57.94 -57.84 -57.75 -57.69 -57.62 -57.59 -57.59 -57.62 -57.66 -57.66 -57.69 -57.69 -57.69 -57.69 -57.69 -57.66 -57.66 -57.66 -57.66 -57.62 -57.59 -57.53 -57.50 -57.50 -57.56 -57.69 -57.84 -58.03 -58.22 -58.38 -58.56 -58.72 -58.91 -59.06 -59.25 -59.41 -59.56 -59.69 -59.84 -60.00 -60.19 -60.38 -60.56 -60.78 -60.97 -61.19 -61.38 -61.59 -61.78 -61.97 -62.16 -62.34 -62.50 -62.66 -62.81 -62.94 -63.06 -63.19 -63.31 -63.47 -63.66 -63.81 -64.00 -64.16 -64.31 -64.50 -64.66 -64.81 -64.97
-57.88 -57.81 -57.75 -57.66 -57.59 -57.53 -57.47 -57.44 -57.47 -57.50 -57.53 -57.56 -57.56 -57.59 -57.59 -57.59 -57.59 -57.56 -57.56 -57.56 -57.56 -57.56 -57.50 -57.47 -57.44 -57.44 -57.53 -57.62 -57.81 -57.97 -58.16 -58.31 -58.47 -58.62 -58.78 -58.97 -59.12 -59.28 -59.44 -59.59 -59.75 -59.94 -60.12 -60.31 -60.53 -60.75 -60.97 -61.19 -61.41 -61.59 -61.81 -62.00 -62.16 -62.34 -62.50 -62.66 -62.81 -62.94 -63.03 -63.16 -63.31 -63.44 -63.59 -63.78 -63.94 -64.09 -64.25 -64.38 -64.53 -64.69 -64.84
-57.69 -57.62 -57.56 -57.50 -57.44 -57.38 -57.34 -57.34 -57.34 -57.38 -57.41 -57.44 -57.44 -57.47 -57.50 -57.50 -57.50 -57.50 -57.47 -57.47 -57.47 -57.47 -57.44 -57.41 -57.38 -57.41 -57.47 -57.59 -57.75 -57.91 -58.06 -58.22 -58.38 -58.53 -58.69 -58.84 -59.03 -59.19 -59.34 -59.53 -59.72 -59.91 -60.09 -60.31 -60.53 -60.75 -60.97 -61.19 -61.41 -61.59 -61.78 -61.97 -62.16 -62.31 -62.50 -62.62 -62.75 -62.88 -63.00 -63.12 -63.25 -63.41 -63.53 -63.69 -63.84 -64.00 -64.12 -64.28 -64.41 -64.56 -64.69
-57.53 -57.47 -57.41 -57.34 -57.28 -57.25 -57.25 -57.22 -57.25 -57.25 -57.28 -57.31 -57.31 -57.34 -57.38 -57.38 -57.38 -57.38 -57.38 -57.38 -57.38 -57.38 -57.38 -57.34 -57.31 -57.34 -57.44 -57.56 -57.69 -57.84 -57.97 -58.12 -58.25 -58.41 -58.59 -58.78 -58.94 -59.12 -59.31 -59.50 -59.69 -59.91 -60.09 -60.31 -60.53 -60.75 -60.97 -61.19 -61.38 -61.59 -61.75 -61.94 -62.09 -62.28 -62.44 -62.56 -62.69 -62.81 -62.91 -63.03 -63.19 -63.31 -63.47 -63.59 -63.72 -63.88 -64.00 -64.12 -64.28 -64.41 -64.53
-57.38 -57.31 -57.25 -57.22 -57.19 -57.16 -57.16 -57.16 -57.16 -57.16 -57.19 -57.19 -57.22 -57.22 -57.25 -57.28 -57.28 -57.28 -57.28 -57.31 -57.31 -57.28 -57.28 -57.28 -57.28 -57.31 -57.41 -57.50 -57.62 -57.75 -57.88 -58.00 -58.16 -58.31 -58.50 -58.69 -58.91 -59.09 -59.28 -59.47 -59.69 -59.91 -60.12 -60.31 -60.53 -60.75 -60.97 -61.19 -61.38 -61.56 -61.72 -61.88 -62.03 -62.19 -62.31 -62.44 -62.56 -62.69 -62.81 -62.94 -63.09 -63.22 -63.34 -63.47 -63.59 -63.72 -63.84 -63.97 -64.09 -64.22 -64.34
-57.25 -57.19 -57.12 -57.09 -57.06 -57.06 -57.06 -57.06 -57.09 -57.09 -57.09 -57.09 -57.09 -57.12 -57.16 -57.16 -57.19 -57.19 -57.19 -57.22 -57.22 -57.22 -57.22 -57.22 -57.22 -57.28 -57.34 -57.47 -57.56 -57.69 -57.78 -57.91 -58.06 -58.22 -58.44 -58.62 -58.84 -59.06 -59.25 -59.47 -59.66 -59.88 -60.09 -60.31 -60.53 -60.75 -60.97 -61.16 -61.34 -61.50 -61.62 -61.78 -61.91 -62.06 -62.19 -62.31 -62.44 -62.59 -62.72 -62.84 -62.97 -63.09 -63.22 -63.31 -63.44 -63.56 -63.69 -63.78 -63.91 -64.03 -64.16
-57.12 -57.06 -57.03 -57.00 -57.00 -57.00 -57.00 -57.03 -57.03 -57.03 -57.03 -57.03 -57.00 -57.03 -57.03 -57.06 -57.06 -57.09 -57.09 -57.12 -57.12 -57.12 -57.12 -57.16 -57.16 -57.22 -57.31 -57.41 -57.50 -57.59 -57.69 -57.81 -57.97 -58.12 -58.34 -58.56 -58.78 -59.00 -59.22 -59.44 -59.62 -59.84 -60.06 -60.28 -60.50 -60.72 -60.94 -61.12 -61.28 -61.44 -61.53 -61.66 -61.78 -61.91 -62.03 -62.19 -62.31 -62.47 -62.59 -62.72 -62.84 -62.94 -63.03 -63.16 -63.25 -63.38 -63.47 -63.59 -63.72 -63.84 -63.94
-57.00 -56.97 -56.94 -56.91 -56.91 -56.94 -56.97 -56.97 -56.97 -56.97 -56.97 -56.94 -56.94 -56.94 -56.94 -56.94 -56.97 -57.00 -57.00 -57.03 -57.06 -57.06 -57.06 -57.09 -57.12 -57.19 -57.25 -57.34 -57.44 -57.53 -57.62 -57.72 -57.88 -58.06 -58.25 -58.50 -58.72 -58.94 -59.19 -59.41 -59.59 -59.81 -60.03 -60.25 -60.47 -60.69 -60.88 -61.06 -61.22 -61.31 -61.41 -61.50 -61.62 -61.75 -61.91 -62.03 -62.19 -62.31 -62.47 -62.56 -62.69 -62.78 -62.84 -62.94 -63.06 -63.16 -63.25 -63.38 -63.50 -63.62 -63.72
-56.91 -56.88 -56.84 -56.84 -56.84 -56.88 -56.91 -56.94 -56.94 -56.94 -56.91 -56.88 -56.88 -56.84 -56.84 -56.88 -56.88 -56.91 -56.94 -56.94 -56.97 -57.00 -57.00 -57.03 -57.06 -57.12 -57.22 -57.28 -57.38 -57.47 -57.53 -57.62 -57.78 -57.97 -58.19 -58.41 -58.66 -58.91 -59.12 -59.34 -59.59 -59.81 -60.00 -60.22 -60.44 -60.62 -60.81 -60.97 -61.09 -61.19 -61.28 -61.38 -61.47 -61.59 -61.75 -61.91 -62.03 -62.16 -62.28 -62.41 -62.50 -62.56 -62.66 -62.75 -62.84 -62.94 -63.03 -63.16 -63.25 -63.38 -63.50
-56.81 -56.78 -56.78 -56.78 -56.81 -56.81 -56.84 -56.88 -56.88 -56.88 -56.84 -56.84 -56.81 -56.78 -56.78 -56.78 -56.81 -56.81 -56.84 -56.88 -56.91 -56.94 -56.97 -57.00 -57.03 -57.09 -57.16 -57.25 -57.31 -57.41 -57.47 -57.56 -57.72 -57.91 -58.12 -58.34 -58.59 -58.84 -59.06 -59.28 -59.53 -59.72 -59.94 -60.16 -60.34 -60.53 -60.72 -60.84 -60.97 -61.03 -61.12 -61.22 -61.31 -61.47 -61.59 -61.72 -61.84 -61.97 -62.09 -62.19 -62.28 -62.34 -62.44 -62.50 -62.59 -62.69 -62.78 -62.91 -63.03 -63.16 -63.28
-56.72 -56.72 -56.72 -56.72 -56.75 -56.75 -56.78 -56.81 -56.81 -56.81 -56.78 -56.78 -56.75 -56.75 -56.72 -56.75 -56.75 -56.75 -56.78 -56.81 -56.84 -56.88 -56.91 -56.94 -57.00 -57.06 -57.12 -57.19 -57.28 -57.34 -57.44 -57.53 -57.69 -57.84 -58.06 -58.28 -58.50 -58.75 -58.97 -59.19 -59.41 -59.62 -59.84 -60.03 -60.22 -60.41 -60.56 -60.69 -60.78 -60.84 -60.94 -61.03 -61.16 -61.28 -61.41 -61.53 -61.66 -61.75 -61.88 -61.97 -62.06 -62.12 -62.19 -62.28 -62.38 -62.47 -62.56 -62.66 -62.78 -62.94 -63.06
-56.59 -56.62 -56.62 -56.66 -56.66 -56.69 -56.72 -56.75 -56.75 -56.75 -56.72 -56.72 -56.69 -56.69 -56.69 -56.69 -56.69 -56.72 -56.72 -56.75 -56.78 -56.81 -56.84 -56.91 -56.94 -57.00 -57.06 -57.12 -57.22 -57.31 -57.41 -57.53 -57.66 -57.81 -58.00 -58.22 -58.41 -58.62 -58.84 -59.03 -59.25 -59.47 -59.69 -59.88 -60.06 -60.22 -60.38 -60.47 -60.56 -60.66 -60.75 -60.84 -60.97 -61.09 -61.22 -61.31 -61.44 -61.53 -61.66 -61.75 -61.81 -61.91 -61.97 -62.03 -62.12 -62.22 -62.31 -62.44 -62.56 -62.72 -62.88
-56.50 -56.53 -56.56 -56.56 -56.59 -56.62 -56.62 -56.66 -56.66 -56.69 -56.66 -56.66 -56.66 -56.66 -56.66 -56.66 -56.69 -56.69 -56.69 -56.72 -56.75 -56.78 -56.81 -56.84 -56.91 -56.94 -57.00 -57.09 -57.19 -57.28 -57.41 -57.50 -57.62 -57.78 -57.94 -58.12 -58.31 -58.50 -58.69 -58.88 -59.09 -59.31 -59.53 -59.72 -59.88 -60.00 -60.12 -60.22 -60.31 -60.41 -60.53 -60.66 -60.78 -60.91 -61.00 -61.09 -61.19 -61.31 -61.41 -61.50 -61.59 -61.66 -61.72 -61.78 -61.88 -61.97 -62.09 -62.22 -62.34 -62.50 -62.75
-56.38 -56.44 -56.47 -56.50 -56.50 -56.53 -56.56 -56.56 -56.59 -56.59 -56.59 -56.59 -56.59 -56.59 -56.62 -56.62 -56.66 -56.66 -56.66 -56.69 -56.69 -56.72 -56.75 -56.78 -56.84 -56.88 -56.94 -57.03 -57.12 -57.22 -57.34 -57.47 -57.59 -57.72 -57.88 -58.03 -58.19 -58.34 -58.53 -58.72 -58.94 -59.12 -59.31 -59.50 -59.66 -59.75 -59.88 -59.97 -60.06 -60.16 -60.28 -60.44 -60.56 -60.69 -60.78 -60.84 -60.94 -61.06 -61.16 -61.25 -61.34 -61.41 -61.47 -61.56 -61.66 -61.75 -61.88 -62.00 -62.16 -62.38 -62.69
-56.28 -56.31 -56.38 -56.41 -56.44 -56.44 -56.47 -56.50 -56.53 -56.53 -56.53 -56.53 -56.53 -56.56 -56.56 -56.59 -56.62 -56.62 -56.62 -56.62 -56.66 -56.66 -56.69 -56.72 -56.75 -56.81 -56.88 -56.94 -57.03 -57.16 -57.28 -57.41 -57.53 -57.66 -57.78 -57.91 -58.06 -58.22 -58.41 -58.59 -58.78 -58.94 -59.12 -59.25 -59.38 -59.50 -59.59 -59.69 -59.78 -59.91 -60.06 -60.22 -60.34 -60.47 -60.53 -60.62 -60.69 -60.78 -60.91 -61.00 -61.06 -61.16 -61.22 -61.31 -61.44 -61.56 -61.69 -61.84 -62.09 -62.41 -62.75
-56.16 -56.22 -56.28 -56.31 -56.34 -56.38 -56.41 -56.44 -56.44 -56.47 -56.47 -56.47 -56.47 -56.50 -56.53 -56.56 -56.59 -56.62 -56.62 -56.59 -56.59 -56.62 -56.62 -56.66 -56.69 -56.72 -56.78 -56.84 -56.97 -57.09 -57.22 -57.34 -57.44 -57.56 -57.69 -57.81 -57.97 -58.12 -58.28 -58.44 -58.59 -58.75 -58.88 -59.00 -59.09 -59.19 -59.28 -59.41 -59.50 -59.66 -59.81 -59.97 -60.12 -60.25 -60.31 -60.38 -60.44 -60.53 -60.62 -60.72 -60.81 -60.88 -61.00 -61.09 -61.22 -61.38 -61.59 -61.81 -62.12 -62.44 -62.81
-56.06 -56.12 -56.16 -56.22 -56.28 -56.31 -56.34 -56.34 -56.38 -56.41 -56.41 -56.41 -56.41 -56.44 -56.47 -56.50 -56.56 -56.56 -56.59 -56.56 -56.56 -56.56 -56.56 -56.56 -56.59 -56.62 -56.69 -56.78 -56.88 -57.00 -57.12 -57.25 -57.38 -57.47 -57.59 -57.72 -57.88 -58.00 -58.16 -58.28 -58.41 -58.50 -58.62 -58.72 -58.81 -58.91 -59.00 -59.12 -59.25 -59.41 -59.59 -59.75 -59.91 -60.00 -60.06 -60.12 -60.19 -60.25 -60.34 -60.44 -60.53 -60.62 -60.75 -60.91 -61.06 -61.28 -61.53 -61.81 -62.12 -62.47 -62.84
-55.94 -56.00 -56.06 -56.12 -56.19 -56.22 -56.25 -56.28 -56.31 -56.31 -56.31 -56.34 -56.34 -56.38 -56.41 -56.44 -56.50 -56.53 -56.53 -56.53 -56.53 -56.50 -56.50 -56.50 -56.53 -56.56 -56.62 -56.72 -56.81 -56.94 -57.06 -57.16 -57.28 -57.38 -57.50 -57.62 -57.75 -57.88 -58.00 -58.09 -58.19 -58.28 -58.34 -58.44 -58.56 -58.66 -58.75 -58.88 -59.03 -59.19 -59.38 -59.53 -59.66 -59.78 -59.84 -59.91 -59.94 -60.00 -60.06 -60.19 -60.28 -60.41 -60.56 -60.72 -60.94 -61.19 -61.44 -61.75 -62.06 -62.41 -62.78
-55.84 -55.91 -55.97 -56.03 -56.09 -56.12 -56.16 -56.19 -56.22 -56.22 -56.22 -56.25 -56.25 -56.28 -56.31 -56.38 -56.41 -56.47 -56.50 -56.50 -56.50 -56.47 -56.44 -56.44 -56.44 -56.47 -56.56 -56.62 -56.75 -56.88 -56.97 -57.09 -57.19 -57.28 -57.38 -57.50 -57.62 -57.72 -57.81 -57.91 -57.97 -58.03 -58.12 -58.19 -58.28 -58.41 -58.50 -58.66 -58.84 -59.00 -59.16 -59.31 -59.44 -59.56 -59.66 -59.69 -59.72 -59.78 -59.84 -59.94 -60.06 -60.19 -60.38 -60.56 -60.81 -61.06 -61.34 -61.66 -61.97 -62.31 -62.69
