everonasctiles/Tile11,45.asc
ncols 128
nrows 128
xllcorner 0
yllcorner 0
cellsize 2.0
NODATA_value  -9999
[rows 0 to 31 of 128, columns 0 to 70 of 128]
-24.62 -24.44 -24.22 -23.94 -23.75 -23.56 -23.34 -23.12 -23.00 -22.75 -22.25 -21.75 -21.41 -21.34 -21.28 -21.12 -20.97 -20.81 -20.66 -20.41 -20.44 -20.47 -20.50 -20.50 -20.44 -20.41 -20.34 -20.28 -20.22 -20.12 -19.97 -19.84 -19.81 -19.75 -19.53 -19.53 -19.28 -19.28 -19.44 -19.38 -19.28 -19.06 -18.81 -18.88 -19.00 -19.06 -19.16 -19.38 -19.59 -19.66 -19.78 -19.69 -19.66 -19.62 -19.66 -19.75 -19.81 -19.81 -19.75 -19.78 -19.78 -19.84 -19.88 -19.94 -19.91 -19.88 -19.72 -19.53 -19.50 -19.47 -19.66
-24.91 -24.69 -24.44 -24.19 -23.94 -23.75 -23.44 -23.25 -23.16 -22.84 -22.44 -21.91 -21.78 -21.72 -21.41 -21.16 -21.16 -21.12 -21.00 -20.88 -20.84 -20.81 -20.78 -20.62 -20.56 -20.59 -20.53 -20.41 -20.25 -20.09 -19.94 -19.81 -19.72 -19.59 -19.53 -19.41 -19.22 -19.38 -19.41 -19.28 -19.19 -19.06 -19.03 -19.12 -19.25 -19.22 -19.16 -19.16 -19.31 -19.44 -19.53 -19.59 -19.53 -19.56 -19.59 -19.69 -19.72 -19.66 -19.69 -19.75 -19.75 -19.62 -19.72 -19.88 -19.84 -19.66 -19.50 -19.41 -19.41 -19.53 -19.59
-25.28 -25.00 -24.75 -24.59 -24.28 -24.00 -23.53 -23.22 -23.12 -22.91 -22.53 -22.34 -22.22 -21.97 -21.50 -21.31 -21.34 -21.31 -21.31 -21.25 -21.16 -21.12 -21.00 -20.75 -20.66 -20.66 -20.59 -20.38 -20.25 -20.09 -19.97 -19.88 -19.81 -19.66 -19.47 -19.19 -19.09 -19.22 -19.34 -19.25 -19.16 -19.12 -19.06 -19.09 -19.16 -19.16 -19.16 -19.09 -19.12 -19.22 -19.41 -19.44 -19.50 -19.50 -19.59 -19.59 -19.62 -19.72 -19.78 -19.81 -19.72 -19.66 -19.66 -19.66 -19.66 -19.50 -19.28 -19.28 -19.41 -19.56 -19.56
-25.56 -25.25 -25.09 -24.88 -24.56 -24.22 -23.72 -23.28 -23.09 -22.91 -22.50 -22.44 -22.38 -22.06 -21.69 -21.50 -21.62 -21.62 -21.56 -21.44 -21.31 -21.25 -21.12 -20.97 -20.81 -20.66 -20.56 -20.41 -20.16 -20.09 -20.03 -19.88 -19.69 -19.59 -19.41 -19.12 -18.91 -19.09 -19.28 -19.25 -19.22 -19.12 -18.97 -19.03 -19.09 -19.12 -19.19 -19.22 -19.16 -19.19 -19.25 -19.31 -19.22 -19.31 -19.44 -19.62 -19.66 -19.66 -19.72 -19.78 -19.75 -19.62 -19.59 -19.62 -19.56 -19.38 -19.31 -19.19 -19.38 -19.56 -19.56
-25.78 -25.44 -25.28 -25.12 -24.91 -24.56 -24.19 -23.72 -23.50 -23.00 -22.75 -22.78 -22.62 -22.25 -21.84 -21.88 -22.03 -22.00 -21.81 -21.69 -21.62 -21.53 -21.34 -21.12 -20.91 -20.75 -20.62 -20.47 -20.25 -20.06 -20.03 -19.91 -19.81 -19.62 -19.38 -19.03 -18.78 -18.84 -19.12 -19.22 -19.16 -19.09 -18.94 -19.00 -19.00 -19.12 -19.09 -19.03 -19.03 -19.06 -19.09 -19.25 -19.16 -19.16 -19.28 -19.53 -19.59 -19.59 -19.59 -19.59 -19.59 -19.50 -19.34 -19.31 -19.28 -19.16 -19.06 -19.19 -19.44 -19.56 -19.53
-26.06 -25.72 -25.34 -25.28 -25.12 -24.84 -24.53 -24.06 -23.72 -23.25 -23.19 -23.22 -22.97 -22.53 -22.22 -22.12 -22.12 -22.12 -22.03 -22.03 -21.97 -21.81 -21.56 -21.31 -21.03 -20.88 -20.72 -20.53 -20.34 -20.16 -20.06 -20.00 -19.72 -19.47 -19.16 -18.97 -18.75 -18.69 -18.84 -19.06 -19.00 -18.97 -18.88 -18.94 -19.03 -19.09 -19.16 -19.09 -19.03 -18.94 -18.94 -18.94 -19.00 -19.12 -19.28 -19.38 -19.38 -19.44 -19.41 -19.44 -19.38 -19.22 -19.03 -18.94 -18.91 -18.81 -18.97 -19.25 -19.44 -19.53 -19.31
-26.44 -26.03 -25.59 -25.44 -25.34 -25.06 -24.69 -24.28 -23.88 -23.56 -23.53 -23.59 -23.22 -22.88 -22.59 -22.47 -22.41 -22.41 -22.28 -22.16 -22.19 -21.97 -21.72 -21.50 -21.25 -20.97 -20.75 -20.56 -20.34 -20.28 -20.12 -19.91 -19.69 -19.50 -19.31 -19.06 -18.72 -18.66 -18.75 -18.88 -18.91 -18.84 -18.88 -18.97 -19.00 -18.91 -19.03 -19.06 -19.03 -18.94 -18.88 -18.94 -19.03 -19.16 -19.28 -19.34 -19.34 -19.38 -19.41 -19.25 -19.00 -18.78 -18.69 -18.56 -18.62 -18.72 -18.91 -19.19 -19.28 -19.34 -19.25
-26.78 -26.34 -25.84 -25.69 -25.56 -25.38 -25.03 -24.66 -24.41 -24.09 -24.12 -24.00 -23.72 -23.41 -23.12 -23.00 -22.91 -22.81 -22.66 -22.41 -22.38 -22.22 -21.97 -21.66 -21.38 -21.09 -20.84 -20.69 -20.41 -20.25 -20.16 -19.91 -19.72 -19.59 -19.38 -19.12 -18.84 -18.56 -18.62 -18.84 -18.94 -18.88 -18.81 -18.88 -18.88 -18.88 -18.84 -19.00 -18.97 -18.97 -19.03 -19.06 -19.09 -19.09 -19.16 -19.31 -19.31 -19.28 -19.25 -19.12 -18.69 -18.41 -18.38 -18.50 -18.53 -18.69 -18.88 -19.00 -19.03 -19.12 -19.12
-26.94 -26.59 -26.25 -26.00 -25.88 -25.78 -25.41 -25.00 -24.81 -24.69 -24.69 -24.44 -24.09 -23.72 -23.53 -23.50 -23.34 -23.25 -23.03 -22.84 -22.66 -22.47 -22.16 -21.88 -21.56 -21.22 -20.94 -20.88 -20.56 -20.34 -20.19 -19.97 -19.75 -19.59 -19.38 -19.19 -18.81 -18.56 -18.66 -18.88 -18.97 -18.97 -18.91 -18.91 -18.91 -18.88 -18.91 -18.97 -19.03 -18.91 -18.97 -19.00 -19.00 -19.03 -19.12 -19.22 -19.22 -19.16 -19.12 -18.91 -18.56 -18.31 -18.28 -18.50 -18.59 -18.75 -18.94 -19.00 -19.03 -19.06 -19.09
-27.09 -26.81 -26.47 -26.34 -26.22 -26.03 -25.69 -25.34 -25.28 -25.22 -25.06 -24.84 -24.41 -24.12 -24.00 -23.84 -23.72 -23.59 -23.41 -23.22 -23.00 -22.72 -22.38 -22.03 -21.69 -21.53 -21.28 -21.09 -20.81 -20.62 -20.34 -20.03 -19.72 -19.59 -19.38 -19.25 -19.12 -18.88 -18.75 -18.84 -18.97 -18.91 -18.88 -18.91 -18.88 -18.81 -18.94 -18.88 -18.91 -18.88 -18.91 -18.81 -18.69 -18.81 -18.94 -19.12 -19.19 -19.12 -19.09 -18.84 -18.50 -18.34 -18.38 -18.56 -18.69 -18.66 -18.78 -18.84 -18.97 -18.91 -19.00
-27.19 -26.97 -26.75 -26.62 -26.44 -26.28 -26.03 -25.88 -25.81 -25.78 -25.47 -25.19 -24.69 -24.47 -24.44 -24.34 -24.03 -23.88 -23.72 -23.47 -23.12 -22.91 -22.53 -22.28 -22.03 -21.78 -21.50 -21.09 -20.84 -20.69 -20.38 -19.94 -19.78 -19.56 -19.31 -19.25 -19.16 -19.00 -18.78 -18.78 -18.75 -18.69 -18.66 -18.75 -18.78 -18.66 -18.75 -18.81 -18.75 -18.81 -18.66 -18.44 -18.50 -18.59 -18.69 -18.88 -19.03 -19.03 -18.91 -18.69 -18.41 -18.38 -18.53 -18.59 -18.72 -18.69 -18.69 -18.75 -18.94 -19.00 -19.09
-27.56 -27.25 -26.94 -26.91 -26.75 -26.62 -26.56 -26.41 -26.28 -26.12 -25.84 -25.44 -25.16 -24.97 -24.81 -24.69 -24.50 -24.19 -23.91 -23.66 -23.38 -23.09 -22.78 -22.50 -22.25 -21.97 -21.62 -21.28 -21.06 -20.75 -20.38 -20.03 -19.81 -19.59 -19.44 -19.22 -19.16 -19.09 -18.91 -18.66 -18.53 -18.50 -18.50 -18.44 -18.47 -18.44 -18.56 -18.66 -18.66 -18.56 -18.31 -18.25 -18.44 -18.50 -18.50 -18.62 -18.81 -18.84 -18.69 -18.56 -18.44 -18.44 -18.53 -18.62 -18.81 -18.88 -18.94 -19.00 -19.12 -19.09 -19.19
-27.94 -27.62 -27.34 -27.19 -26.97 -26.91 -26.94 -26.78 -26.53 -26.38 -26.19 -25.88 -25.62 -25.41 -25.31 -25.16 -24.78 -24.38 -24.19 -23.88 -23.69 -23.41 -23.03 -22.66 -22.28 -22.00 -21.69 -21.41 -21.16 -20.88 -20.53 -20.25 -19.94 -19.72 -19.50 -19.31 -19.31 -19.12 -18.81 -18.59 -18.50 -18.44 -18.38 -18.31 -18.28 -18.28 -18.38 -18.31 -18.28 -18.28 -18.28 -18.41 -18.41 -18.41 -18.41 -18.44 -18.56 -18.50 -18.44 -18.41 -18.41 -18.44 -18.47 -18.66 -18.88 -18.97 -19.06 -19.12 -19.12 -19.16 -19.25
-28.31 -28.03 -27.84 -27.72 -27.50 -27.38 -27.38 -27.22 -26.97 -26.69 -26.44 -26.19 -25.97 -25.81 -25.72 -25.47 -25.12 -24.72 -24.47 -24.25 -24.00 -23.62 -23.19 -22.81 -22.53 -22.16 -21.84 -21.56 -21.28 -20.91 -20.56 -20.22 -20.00 -19.75 -19.56 -19.31 -19.22 -19.06 -18.75 -18.59 -18.53 -18.59 -18.53 -18.47 -18.22 -18.06 -18.03 -18.16 -18.19 -18.31 -18.31 -18.31 -18.38 -18.38 -18.50 -18.50 -18.44 -18.53 -18.53 -18.50 -18.44 -18.44 -18.44 -18.69 -18.84 -18.97 -18.94 -19.06 -19.12 -19.16 -19.25
-29.00 -28.72 -28.50 -28.28 -27.91 -27.72 -27.66 -27.56 -27.44 -27.16 -26.81 -26.62 -26.41 -26.19 -25.97 -25.84 -25.41 -24.97 -24.72 -24.53 -24.16 -23.78 -23.34 -22.97 -22.66 -22.28 -21.91 -21.56 -21.19 -20.88 -20.50 -20.19 -20.00 -19.72 -19.53 -19.34 -19.19 -18.91 -18.62 -18.50 -18.56 -18.72 -18.69 -18.53 -18.41 -18.25 -18.03 -18.09 -18.19 -18.16 -18.06 -18.06 -18.25 -18.47 -18.59 -18.59 -18.66 -18.62 -18.66 -18.50 -18.41 -18.34 -18.47 -18.56 -18.72 -18.81 -18.81 -19.00 -19.06 -19.06 -19.12
-29.59 -29.31 -29.09 -28.81 -28.56 -28.34 -28.25 -28.06 -27.91 -27.62 -27.41 -27.16 -26.91 -26.69 -26.41 -26.09 -25.75 -25.28 -24.94 -24.59 -24.28 -23.94 -23.56 -23.19 -22.75 -22.34 -21.91 -21.53 -21.19 -20.88 -20.53 -20.25 -19.94 -19.75 -19.47 -19.22 -18.94 -18.84 -18.56 -18.53 -18.62 -18.66 -18.59 -18.50 -18.44 -18.38 -18.22 -18.22 -18.25 -18.22 -18.03 -18.00 -18.19 -18.53 -18.53 -18.50 -18.56 -18.59 -18.56 -18.50 -18.41 -18.31 -18.31 -18.44 -18.44 -18.62 -18.75 -19.00 -19.03 -19.06 -19.09
-30.12 -29.84 -29.59 -29.44 -29.28 -29.06 -28.91 -28.75 -28.50 -28.25 -27.88 -27.59 -27.19 -26.81 -26.59 -26.22 -25.88 -25.50 -25.16 -24.81 -24.44 -24.09 -23.66 -23.19 -22.81 -22.47 -22.09 -21.62 -21.31 -21.00 -20.66 -20.34 -20.06 -19.78 -19.50 -19.25 -18.88 -18.62 -18.41 -18.50 -18.62 -18.66 -18.59 -18.53 -18.53 -18.53 -18.53 -18.53 -18.38 -18.31 -18.12 -18.06 -18.03 -18.28 -18.50 -18.50 -18.56 -18.53 -18.59 -18.56 -18.50 -18.41 -18.31 -18.22 -18.28 -18.50 -18.69 -18.88 -18.97 -19.03 -19.06
-30.62 -30.41 -30.19 -30.03 -29.91 -29.75 -29.53 -29.25 -29.03 -28.75 -28.53 -28.22 -27.78 -27.31 -26.78 -26.31 -25.94 -25.56 -25.22 -24.88 -24.50 -24.25 -23.91 -23.50 -23.03 -22.66 -22.28 -21.88 -21.47 -21.16 -20.78 -20.56 -20.22 -19.84 -19.50 -19.25 -18.94 -18.50 -18.44 -18.59 -18.72 -18.72 -18.72 -18.62 -18.62 -18.66 -18.62 -18.59 -18.47 -18.44 -18.34 -18.09 -18.00 -18.12 -18.47 -18.50 -18.53 -18.56 -18.62 -18.56 -18.41 -18.31 -18.22 -18.09 -18.16 -18.38 -18.59 -18.78 -18.88 -18.97 -18.97
-31.09 -30.81 -30.69 -30.53 -30.38 -30.22 -30.00 -29.75 -29.53 -29.25 -28.97 -28.62 -28.19 -27.72 -27.12 -26.50 -26.03 -25.69 -25.19 -24.88 -24.50 -24.31 -23.97 -23.53 -23.06 -22.66 -22.34 -22.00 -21.59 -21.09 -20.81 -20.56 -20.19 -19.88 -19.59 -19.31 -18.84 -18.56 -18.53 -18.69 -18.75 -18.72 -18.66 -18.62 -18.59 -18.50 -18.59 -18.59 -18.50 -18.47 -18.44 -18.31 -18.06 -17.97 -18.19 -18.41 -18.34 -18.31 -18.41 -18.47 -18.47 -18.34 -18.25 -18.25 -18.34 -18.41 -18.50 -18.69 -18.81 -18.84 -18.84
-31.50 -31.16 -31.06 -30.94 -30.69 -30.50 -30.28 -30.12 -29.91 -29.62 -29.31 -28.97 -28.53 -28.09 -27.50 -26.84 -26.22 -25.81 -25.28 -25.00 -24.72 -24.38 -24.00 -23.56 -23.16 -22.75 -22.34 -22.09 -21.78 -21.22 -20.84 -20.62 -20.34 -19.97 -19.62 -19.03 -18.62 -18.56 -18.59 -18.69 -18.78 -18.69 -18.66 -18.62 -18.59 -18.53 -18.59 -18.56 -18.59 -18.59 -18.56 -18.44 -18.16 -17.97 -18.03 -18.19 -18.19 -18.22 -18.34 -18.47 -18.47 -18.47 -18.38 -18.25 -18.31 -18.41 -18.53 -18.66 -18.75 -18.81 -18.81
-31.94 -31.66 -31.50 -31.34 -31.12 -30.84 -30.59 -30.34 -30.19 -29.88 -29.59 -29.28 -28.91 -28.38 -27.81 -27.28 -26.69 -26.03 -25.47 -25.12 -24.75 -24.38 -24.00 -23.72 -23.28 -22.81 -22.38 -22.06 -21.75 -21.34 -21.00 -20.62 -20.34 -20.00 -19.72 -19.00 -18.50 -18.50 -18.75 -18.84 -18.81 -18.72 -18.78 -18.72 -18.69 -18.59 -18.62 -18.56 -18.50 -18.50 -18.50 -18.47 -18.28 -18.03 -18.06 -18.12 -18.19 -18.22 -18.25 -18.44 -18.50 -18.41 -18.28 -18.22 -18.22 -18.31 -18.44 -18.53 -18.72 -18.78 -18.78
-32.28 -32.00 -31.88 -31.72 -31.47 -31.19 -30.97 -30.69 -30.44 -30.09 -29.81 -29.47 -29.03 -28.53 -28.06 -27.59 -27.06 -26.34 -25.75 -25.16 -24.84 -24.44 -24.00 -23.66 -23.19 -22.81 -22.34 -21.97 -21.69 -21.25 -20.91 -20.59 -20.31 -20.03 -19.69 -19.00 -18.69 -18.72 -18.94 -18.97 -18.97 -18.81 -18.78 -18.84 -18.81 -18.72 -18.66 -18.59 -18.47 -18.44 -18.50 -18.50 -18.34 -18.06 -17.91 -18.00 -18.09 -18.09 -18.16 -18.31 -18.47 -18.44 -18.31 -18.22 -18.12 -18.16 -18.28 -18.47 -18.66 -18.72 -18.69
-32.56 -32.34 -32.16 -32.00 -31.81 -31.53 -31.25 -31.00 -30.75 -30.44 -30.06 -29.62 -29.16 -28.69 -28.25 -27.75 -27.22 -26.69 -26.06 -25.47 -25.06 -24.56 -24.00 -23.66 -23.25 -22.91 -22.47 -22.09 -21.84 -21.38 -21.00 -20.72 -20.44 -20.19 -19.75 -19.09 -18.84 -19.00 -19.16 -19.00 -19.00 -18.94 -18.91 -18.91 -18.84 -18.75 -18.69 -18.59 -18.47 -18.38 -18.44 -18.44 -18.38 -18.19 -18.03 -18.00 -18.03 -18.00 -18.03 -18.12 -18.34 -18.38 -18.28 -18.19 -18.09 -18.19 -18.22 -18.47 -18.62 -18.72 -18.69
-32.81 -32.66 -32.50 -32.28 -32.03 -31.78 -31.47 -31.19 -30.97 -30.59 -30.16 -29.72 -29.22 -28.72 -28.25 -27.78 -27.31 -26.88 -26.41 -25.78 -25.28 -24.78 -24.19 -23.75 -23.34 -23.00 -22.66 -22.12 -21.78 -21.44 -21.16 -20.81 -20.47 -20.09 -19.66 -19.25 -18.94 -19.16 -19.25 -19.12 -19.03 -19.06 -19.06 -19.03 -18.94 -18.84 -18.75 -18.72 -18.62 -18.47 -18.44 -18.47 -18.41 -18.28 -18.25 -18.09 -18.00 -18.00 -17.97 -18.12 -18.28 -18.41 -18.31 -18.16 -17.97 -18.09 -18.28 -18.53 -18.66 -18.69 -18.66
-33.00 -32.84 -32.69 -32.53 -32.28 -32.03 -31.72 -31.41 -31.12 -30.72 -30.25 -29.78 -29.31 -28.84 -28.38 -28.00 -27.53 -27.22 -26.75 -26.25 -25.66 -24.94 -24.44 -23.97 -23.62 -23.09 -22.78 -22.38 -21.97 -21.59 -21.28 -20.94 -20.47 -20.09 -19.56 -19.34 -19.19 -19.28 -19.31 -19.31 -19.19 -19.25 -19.25 -19.19 -19.03 -18.88 -18.78 -18.72 -18.62 -18.50 -18.47 -18.47 -18.41 -18.38 -18.38 -18.31 -18.19 -18.03 -18.00 -18.12 -18.28 -18.31 -18.16 -18.03 -18.03 -18.19 -18.44 -18.53 -18.56 -18.62 -18.66
-33.19 -33.03 -32.88 -32.69 -32.50 -32.25 -31.94 -31.59 -31.25 -30.88 -30.44 -30.06 -29.62 -29.16 -28.72 -28.31 -27.94 -27.50 -27.00 -26.53 -26.03 -25.31 -24.66 -24.16 -23.75 -23.28 -22.88 -22.59 -22.09 -21.69 -21.41 -20.97 -20.62 -20.09 -19.72 -19.44 -19.41 -19.41 -19.47 -19.41 -19.25 -19.25 -19.25 -19.22 -19.12 -18.97 -18.88 -18.81 -18.72 -18.53 -18.41 -18.41 -18.44 -18.44 -18.41 -18.34 -18.19 -18.06 -18.06 -18.12 -18.25 -18.22 -18.16 -18.03 -18.06 -18.28 -18.44 -18.56 -18.53 -18.56 -18.66
-33.31 -33.19 -33.03 -32.84 -32.66 -32.44 -32.16 -31.78 -31.41 -31.00 -30.50 -30.12 -29.81 -29.47 -29.00 -28.66 -28.28 -27.78 -27.31 -26.78 -26.19 -25.53 -24.97 -24.34 -23.81 -23.38 -22.97 -22.78 -22.28 -21.88 -21.53 -21.09 -20.66 -20.09 -19.78 -19.62 -19.66 -19.66 -19.56 -19.47 -19.31 -19.28 -19.22 -19.19 -19.16 -19.00 -18.84 -18.81 -18.69 -18.56 -18.53 -18.47 -18.44 -18.44 -18.47 -18.31 -18.16 -18.06 -17.97 -17.91 -17.97 -18.00 -18.03 -18.03 -18.16 -18.38 -18.50 -18.56 -18.56 -18.53 -18.62
-33.44 -33.31 -33.16 -32.97 -32.78 -32.56 -32.31 -32.00 -31.59 -31.16 -30.66 -30.28 -30.00 -29.72 -29.25 -28.94 -28.50 -28.03 -27.53 -27.03 -26.53 -26.00 -25.28 -24.56 -23.97 -23.53 -23.12 -22.81 -22.34 -22.03 -21.62 -21.12 -20.56 -20.16 -20.03 -20.00 -20.03 -19.97 -19.91 -19.75 -19.59 -19.34 -19.22 -19.22 -19.09 -18.94 -18.81 -18.72 -18.59 -18.47 -18.34 -18.38 -18.38 -18.34 -18.34 -18.25 -18.09 -17.91 -17.78 -17.69 -17.69 -17.72 -17.94 -18.06 -18.22 -18.41 -18.50 -18.53 -18.56 -18.56 -18.56
-33.56 -33.44 -33.28 -33.09 -32.91 -32.69 -32.44 -32.09 -31.75 -31.34 -30.97 -30.59 -30.25 -29.81 -29.41 -29.03 -28.62 -28.12 -27.69 -27.22 -26.72 -26.09 -25.47 -24.88 -24.19 -23.59 -23.06 -22.72 -22.47 -22.09 -21.53 -21.06 -20.78 -20.25 -20.09 -20.12 -20.28 -20.19 -20.03 -19.88 -19.75 -19.53 -19.44 -19.28 -19.06 -18.84 -18.59 -18.41 -18.31 -18.25 -18.28 -18.25 -18.16 -18.12 -18.06 -18.00 -17.97 -17.81 -17.78 -17.72 -17.59 -17.56 -17.78 -18.00 -18.19 -18.25 -18.38 -18.50 -18.53 -18.56 -18.53
-33.66 -33.53 -33.38 -33.19 -33.00 -32.81 -32.56 -32.28 -31.97 -31.62 -31.25 -30.81 -30.34 -29.94 -29.50 -29.12 -28.75 -28.34 -27.84 -27.41 -26.94 -26.38 -25.72 -25.16 -24.38 -23.72 -23.22 -22.91 -22.56 -22.25 -21.75 -21.31 -21.09 -20.53 -20.31 -20.47 -20.56 -20.44 -20.19 -20.06 -19.91 -19.72 -19.47 -19.12 -18.66 -18.53 -18.44 -18.31 -18.31 -18.25 -18.09 -18.06 -18.03 -17.94 -17.91 -17.94 -17.88 -17.78 -17.69 -17.59 -17.44 -17.38 -17.69 -17.94 -18.06 -18.19 -18.31 -18.41 -18.50 -18.50 -18.44
-33.75 -33.62 -33.47 -33.31 -33.12 -32.94 -32.72 -32.47 -32.16 -31.84 -31.41 -31.03 -30.56 -30.19 -29.81 -29.44 -29.03 -28.50 -28.06 -27.56 -27.09 -26.56 -25.97 -25.28 -24.62 -23.84 -23.38 -23.06 -22.81 -22.25 -21.81 -21.66 -21.47 -21.00 -20.84 -20.81 -20.78 -20.59 -20.34 -20.12 -19.88 -19.66 -19.34 -19.00 -18.75 -18.72 -18.66 -18.53 -18.44 -18.41 -18.25 -18.22 -18.19 -18.09 -18.06 -18.06 -18.00 -17.91 -17.81 -17.75 -17.56 -17.41 -17.59 -17.88 -18.12 -18.22 -18.31 -18.38 -18.44 -18.47 -18.47
-33.88 -33.75 -33.59 -33.44 -33.28 -33.06 -32.88 -32.62 -32.31 -32.00 -31.62 -31.22 -30.78 -30.41 -30.03 -29.59 -29.19 -28.69 -28.25 -27.84 -27.31 -26.78 -26.22 -25.53 -24.88 -24.25 -23.81 -23.41 -22.97 -22.28 -21.97 -21.81 -21.56 -21.38 -21.22 -21.19 -21.06 -20.81 -20.56 -20.28 -19.88 -19.41 -19.19 -19.16 -19.12 -18.94 -18.75 -18.59 -18.66 -18.66 -18.47 -18.41 -18.38 -18.41 -18.38 -18.41 -18.31 -18.22 -18.16 -18.09 -17.91 -17.66 -17.56 -17.84 -18.12 -18.28 -18.34 -18.38 -18.38 -18.41 -18.44
