everonasctiles/Tile[42,9].asc
ncols 128
nrows 128
xllcorner 0
yllcorner 0
cellsize 2.0
NODATA_value  -9999
[rows 32 to 63 of 128, columns 0 to 70 of 128]
233.53 234.28 234.56 234.47 234.19 233.91 232.72 231.09 229.78 228.53 226.97 225.06 223.56 221.44 220.09 216.47 215.00 213.72 212.38 210.34 209.19 208.34 207.28 207.06 206.72 205.75 205.41 201.88 198.50 196.72 194.88 191.50 189.34 188.00 186.81 185.59 184.25 182.88 181.53 180.25 178.84 177.31 175.69 174.22 172.88 171.31 169.72 167.41 165.66 163.41 161.62 160.25 158.47 156.94 155.59 154.25 152.72 151.00 150.38 149.69 148.00 146.16 144.16 142.16 140.84 139.66 138.47 137.47 136.47 135.59 134.75
230.97 233.00 233.31 233.25 233.72 233.44 233.12 231.56 230.22 228.56 226.88 224.88 223.06 221.28 219.44 216.28 215.34 214.75 213.28 209.91 208.94 208.06 207.47 206.72 206.03 205.31 204.88 200.94 197.72 196.09 193.72 191.16 189.38 188.00 186.81 185.62 184.28 182.91 181.59 180.34 179.00 177.53 175.81 174.22 173.00 171.66 169.94 167.59 166.16 164.34 162.34 160.88 159.28 157.59 156.16 154.56 153.06 151.41 150.34 149.44 148.44 146.66 144.75 143.12 141.78 140.28 139.12 138.12 136.94 136.03 135.31
229.75 231.69 231.91 232.19 232.03 232.97 232.66 232.28 230.72 229.25 226.97 226.22 222.31 220.91 219.06 216.91 215.78 215.09 213.47 209.38 208.88 208.25 207.09 205.94 204.53 203.22 201.28 198.78 196.97 195.34 192.78 190.69 189.12 187.75 186.41 185.22 184.03 182.81 181.53 180.31 179.12 177.53 176.03 174.66 173.31 171.94 170.44 168.03 166.44 164.78 163.03 161.47 159.97 158.44 156.66 154.88 153.31 151.66 150.38 149.44 148.31 146.94 145.47 143.72 142.25 140.91 139.69 138.69 137.50 136.47 135.69
229.22 229.47 230.31 231.06 231.41 232.44 232.19 231.91 231.09 229.03 227.66 226.00 222.91 221.78 220.22 218.91 217.22 215.34 213.47 210.81 209.06 208.28 207.09 205.38 204.16 202.06 200.00 197.19 195.94 194.00 191.69 189.84 188.47 187.28 186.38 185.19 183.81 182.62 181.50 180.34 179.09 177.78 176.44 175.06 173.69 172.16 170.31 168.53 166.91 165.22 163.94 162.72 161.09 159.25 157.25 155.19 153.56 151.97 150.59 149.44 148.41 147.41 146.00 144.38 142.62 141.41 140.19 139.09 138.00 137.00 136.06
228.34 228.47 228.81 229.94 230.59 231.19 231.72 231.44 231.12 229.56 227.22 224.84 223.53 222.66 221.59 219.78 217.88 215.91 213.91 211.72 209.38 208.31 206.94 205.78 204.12 201.94 199.75 196.34 194.97 193.06 190.94 189.38 188.38 187.38 186.28 184.69 183.66 182.75 181.75 180.66 179.50 178.25 176.94 175.59 174.16 172.62 170.72 168.97 167.47 165.91 165.12 164.19 163.38 161.34 158.50 156.56 154.59 152.28 151.03 149.84 148.94 147.84 146.44 144.66 142.97 141.75 140.56 139.44 138.38 137.38 136.41
226.69 227.47 227.81 228.56 229.44 230.38 231.03 230.94 230.66 230.25 227.28 225.78 224.06 223.06 221.81 220.31 218.47 216.34 214.06 211.78 209.56 208.16 206.75 205.19 203.50 201.59 199.53 195.78 194.47 192.28 190.81 189.66 188.53 187.47 185.94 184.69 183.97 183.12 182.12 181.09 179.91 178.56 177.25 175.91 174.53 172.97 171.25 169.47 167.97 166.50 165.47 164.97 164.91 163.41 160.91 157.56 155.62 153.75 152.03 150.78 149.72 148.31 146.50 144.66 143.34 142.06 140.88 139.78 138.72 137.72 136.78
224.88 225.91 226.59 227.22 227.72 229.28 230.03 230.47 230.19 229.91 227.84 225.81 224.56 223.47 222.25 220.62 218.59 216.22 213.81 211.53 209.34 208.16 206.62 204.75 202.84 200.34 197.22 194.81 193.81 192.69 191.41 190.06 188.75 187.91 186.22 184.97 184.44 183.50 182.44 181.34 180.16 178.88 177.59 176.31 174.84 173.44 171.91 170.09 168.41 167.03 165.53 164.50 164.84 164.16 161.72 158.47 156.22 154.38 152.75 151.38 150.03 148.38 146.41 144.72 143.41 142.19 141.06 140.09 138.97 138.12 137.09
223.09 224.19 225.12 225.81 225.91 227.12 229.66 229.47 229.72 229.44 229.12 226.09 225.06 223.84 222.38 220.59 218.53 215.41 213.19 210.84 209.06 207.81 205.91 204.19 202.28 199.44 195.44 194.41 193.91 192.94 191.69 190.12 188.62 187.56 186.09 185.34 184.72 183.81 182.75 181.69 180.41 178.94 177.72 176.56 175.19 174.00 172.69 171.19 169.00 167.62 165.94 164.22 163.62 163.88 162.53 159.25 156.50 154.34 152.78 151.34 149.91 148.38 146.81 145.22 143.78 142.69 141.50 140.38 139.28 138.34 137.44
221.66 222.31 223.19 223.28 223.97 223.91 227.06 229.25 229.09 228.97 228.69 228.06 226.03 225.53 222.84 221.38 216.94 213.72 211.75 209.56 208.94 207.59 205.53 203.69 201.34 199.47 195.59 194.59 194.19 193.19 191.97 190.44 188.47 186.94 185.72 185.28 184.81 184.03 183.03 181.97 180.72 179.44 178.06 176.94 175.91 174.91 173.88 173.19 171.03 168.66 166.56 165.59 163.16 163.06 162.44 159.94 156.44 154.22 152.84 151.50 149.78 148.47 147.06 145.53 144.41 143.31 141.97 140.78 139.72 138.78 137.84
220.50 221.25 221.66 222.03 222.31 223.94 226.47 227.72 228.25 228.47 228.19 227.91 227.16 225.12 221.81 219.81 215.09 211.91 209.84 209.56 209.09 207.56 205.56 203.75 201.28 199.22 195.62 194.78 194.34 193.06 191.91 190.50 188.31 185.72 184.97 184.91 184.56 184.12 183.25 182.22 181.03 179.75 178.59 177.47 176.56 175.62 174.62 173.41 172.09 169.84 167.47 165.78 163.47 163.16 163.47 160.97 156.78 154.03 152.69 151.16 149.94 148.62 147.25 146.03 144.97 143.72 142.47 141.38 140.34 139.41 138.47
219.03 220.31 221.00 221.38 221.44 223.25 223.66 226.03 227.28 227.84 227.72 227.53 227.28 224.97 222.22 217.69 214.19 212.38 209.94 209.00 208.34 206.94 205.12 203.31 201.38 199.69 195.94 195.03 194.41 193.31 192.19 190.56 188.38 185.44 184.66 184.41 183.78 183.59 183.41 182.56 181.41 180.28 179.16 178.06 177.06 176.19 175.22 174.09 173.19 170.97 168.12 165.94 163.81 162.59 162.84 161.38 157.16 154.16 152.62 151.31 150.12 148.97 147.78 146.53 145.31 144.12 142.97 141.91 140.91 139.94 139.03
217.88 219.50 220.44 220.66 221.00 222.47 223.06 224.31 226.06 227.03 227.31 227.09 226.88 226.31 222.78 219.16 214.91 213.72 212.56 210.31 207.78 206.78 205.00 202.72 201.44 200.00 197.44 195.31 194.56 193.72 192.56 191.03 188.50 185.31 184.25 184.00 183.31 183.44 183.75 182.91 181.72 180.56 179.47 178.41 177.41 176.47 175.47 174.22 172.91 172.09 169.00 166.81 164.41 161.62 162.28 160.59 157.47 154.41 152.94 151.66 150.59 149.41 148.19 146.91 145.59 144.50 143.38 142.31 141.34 140.47 139.59
217.16 218.62 219.56 219.66 220.44 221.69 222.50 223.12 224.50 225.03 226.16 226.69 226.50 225.59 223.59 220.28 217.72 215.28 213.53 211.47 208.66 207.62 206.09 202.78 201.72 200.78 198.75 195.97 194.66 193.66 192.69 191.03 189.03 185.75 183.41 182.19 182.81 183.75 184.19 183.19 182.03 180.78 179.72 178.62 177.56 176.47 175.47 174.22 173.09 172.69 170.12 168.28 165.03 160.97 160.41 159.16 157.44 155.00 153.41 152.28 151.09 149.94 148.75 147.44 146.09 144.94 143.84 142.81 141.94 141.00 140.12
216.22 217.56 218.56 218.94 219.59 220.75 221.75 222.50 222.59 222.91 223.38 226.22 226.06 225.72 223.53 221.09 218.56 216.16 214.03 212.16 209.53 207.44 205.66 203.38 202.88 200.91 199.03 196.41 194.59 193.62 193.12 191.03 188.62 185.59 183.38 182.19 182.62 184.12 184.69 183.56 182.56 181.06 180.09 178.88 177.56 176.41 175.28 174.12 172.91 172.66 171.81 170.94 166.72 164.00 161.06 159.16 156.97 155.25 153.81 152.69 151.62 150.66 149.38 148.12 146.81 145.56 144.25 143.28 142.34 141.44 140.56
215.50 216.62 217.59 218.41 218.62 219.53 220.62 221.78 222.16 222.53 223.53 225.56 225.44 225.09 223.62 221.88 219.31 216.06 214.41 212.72 210.38 208.19 206.44 205.19 202.44 201.00 199.41 196.03 195.00 194.00 192.97 190.94 188.59 185.28 182.94 182.28 182.53 183.91 184.88 183.53 182.56 181.38 180.28 179.41 178.06 177.00 175.47 174.03 173.12 171.97 171.16 170.56 169.41 166.44 162.78 159.44 157.19 155.41 154.09 153.09 152.19 151.41 150.25 148.75 147.44 146.28 145.12 144.03 142.91 141.84 140.81
214.53 215.38 216.50 217.44 217.84 218.72 219.62 220.50 221.25 222.00 222.72 223.84 224.84 224.44 224.06 221.50 218.72 217.97 216.00 213.38 210.41 208.59 207.28 206.00 202.69 201.28 199.59 197.31 195.06 194.06 192.50 190.50 189.59 186.09 183.19 182.31 182.22 182.59 182.19 183.84 182.53 181.62 180.88 180.50 179.88 178.78 177.28 175.38 173.81 172.72 171.44 170.53 169.81 168.97 165.69 161.25 159.50 157.53 155.53 153.62 152.69 152.12 151.50 150.41 148.44 147.16 145.81 145.16 144.00 142.91 141.59
213.72 214.66 215.62 216.53 217.19 217.88 218.59 219.38 220.09 220.94 222.53 223.50 223.66 223.78 223.41 222.22 220.88 219.75 217.84 215.31 210.97 209.25 208.12 206.91 204.09 201.72 199.94 198.28 195.09 194.25 193.03 191.69 191.00 185.81 183.28 182.34 182.19 182.28 182.38 185.69 184.97 182.78 182.75 182.44 181.34 179.97 178.41 176.75 175.06 173.41 171.84 170.50 170.03 169.59 167.81 164.78 161.28 159.03 157.97 156.38 153.34 152.69 152.50 151.72 150.59 149.44 147.91 146.72 145.62 144.56 143.16
213.09 214.06 214.94 215.69 216.41 217.03 217.66 218.47 218.94 219.81 220.69 222.88 222.62 223.12 222.75 222.34 220.91 220.12 218.69 216.50 214.19 210.34 208.91 207.53 205.91 202.22 200.88 199.03 195.38 194.53 193.84 193.50 193.25 186.47 183.50 182.41 182.19 182.19 182.72 183.47 185.78 185.97 185.69 184.62 183.09 181.34 179.53 177.69 175.78 173.94 172.22 170.69 169.12 169.06 167.84 166.12 162.97 159.88 158.88 157.50 155.25 153.44 153.34 152.75 151.91 150.75 149.66 148.53 147.25 145.72 144.59
212.38 213.25 214.06 214.78 215.41 216.00 216.62 217.16 217.53 219.09 219.91 220.38 220.53 221.31 222.16 221.72 221.28 220.47 219.22 217.38 216.03 212.44 209.97 208.31 206.66 203.84 201.41 199.56 197.12 195.62 195.88 195.97 195.00 186.81 183.69 182.50 182.19 182.19 182.19 183.06 184.38 188.75 188.16 186.69 184.69 182.53 180.41 178.34 176.12 173.84 172.34 170.88 168.75 169.03 169.00 166.88 165.25 163.78 161.44 159.03 158.09 156.69 155.31 153.69 152.75 152.09 151.03 149.88 148.66 147.12 145.88
211.47 212.31 213.12 213.75 214.25 214.78 215.53 215.88 215.66 216.34 216.69 217.72 216.97 218.34 221.00 221.16 220.72 220.28 218.69 218.28 216.59 213.69 211.75 209.56 207.72 205.81 202.88 201.19 199.88 199.09 199.19 198.28 196.56 186.00 183.22 182.41 182.19 182.19 182.19 182.44 182.94 182.19 182.19 188.34 185.94 183.53 181.00 179.16 176.53 173.31 171.72 170.75 169.66 168.44 168.38 167.34 167.59 166.56 163.12 160.91 159.62 158.62 157.31 155.50 153.81 152.94 152.00 150.88 149.66 148.72 146.81
210.28 211.22 212.00 212.53 212.91 213.19 213.47 213.44 213.62 213.38 213.97 214.94 215.62 217.06 219.59 220.66 220.28 219.81 219.38 218.50 215.88 214.50 213.28 213.56 210.69 209.16 205.00 202.75 201.25 200.75 200.72 199.72 199.06 183.62 183.06 182.34 182.19 182.19 182.19 182.31 182.50 184.00 188.78 189.44 186.78 184.47 181.56 179.94 177.59 173.72 171.78 170.09 169.41 168.94 168.38 167.78 166.78 167.00 163.81 162.03 160.69 159.53 158.78 157.56 155.78 153.84 152.78 151.59 150.16 148.75 147.62
209.03 209.97 210.69 211.16 211.50 211.00 210.41 210.56 211.06 212.06 213.19 214.25 215.00 216.84 218.12 219.22 219.84 219.47 219.03 218.59 215.56 214.88 214.34 213.50 213.25 211.69 207.31 205.00 202.81 202.31 202.00 200.84 200.75 201.03 184.56 182.66 182.25 182.25 182.34 182.50 182.84 184.06 185.97 190.34 187.03 184.66 181.44 179.59 177.62 173.84 171.97 171.00 169.50 168.75 168.41 168.41 167.91 167.12 166.62 164.97 163.31 162.09 160.78 159.19 157.41 155.66 153.56 151.84 150.47 149.19 148.28
207.53 208.59 209.31 209.75 210.03 209.91 209.62 210.31 211.09 211.50 212.25 213.59 214.41 215.56 216.62 217.53 218.41 218.97 218.69 218.25 217.81 217.00 214.81 213.94 213.12 212.62 212.38 208.91 207.41 206.16 205.88 203.31 203.69 203.56 186.66 184.06 182.75 182.72 182.88 182.97 183.09 183.56 185.16 191.22 187.06 184.91 182.19 179.47 177.78 174.75 173.16 172.06 171.28 170.88 170.22 168.94 168.25 168.03 167.44 166.72 166.03 164.69 162.72 160.81 158.81 156.88 155.03 153.41 151.47 150.16 149.09
206.03 207.06 207.81 208.28 208.50 208.28 207.94 208.75 209.53 210.03 210.31 210.84 212.97 214.06 215.03 215.38 215.50 217.19 217.75 217.91 217.53 217.16 216.81 216.09 214.59 214.09 213.59 211.28 211.59 210.91 209.22 207.41 206.94 207.12 206.75 185.12 184.72 183.94 183.78 183.66 183.44 183.25 183.56 182.19 187.62 185.56 182.81 179.94 178.59 177.69 175.25 174.25 173.19 173.59 172.72 171.66 170.09 169.72 168.50 168.16 167.53 167.06 164.66 162.28 160.66 158.66 156.19 153.78 151.62 150.53 149.34
203.81 205.38 206.22 206.78 206.97 207.12 207.03 207.09 207.78 208.75 208.69 209.28 211.00 212.78 213.41 213.97 214.34 215.28 215.94 217.41 217.28 216.94 216.66 216.38 216.16 215.84 214.41 213.59 213.34 212.78 211.81 209.25 209.12 208.75 208.56 201.09 188.34 186.09 184.91 184.94 184.34 183.44 182.94 182.19 182.19 186.22 184.03 180.56 179.91 179.19 178.56 178.88 177.94 176.56 175.34 173.56 172.31 171.34 170.12 169.31 168.53 167.34 165.81 163.78 163.06 162.16 158.75 152.91 151.97 151.19 149.66
202.50 203.47 204.56 205.19 205.62 205.84 205.88 205.91 206.50 207.62 207.69 208.22 209.09 210.41 211.94 212.50 212.66 213.91 214.22 215.00 215.91 216.19 216.47 216.25 216.03 215.84 215.59 215.22 214.56 213.16 211.34 211.81 211.12 210.81 210.25 209.38 207.97 186.06 187.19 188.81 186.66 184.09 183.94 185.84 188.53 186.84 185.06 181.66 181.06 180.72 180.88 180.97 180.03 178.91 177.53 175.81 174.19 172.84 171.50 170.09 168.84 167.97 166.41 164.97 164.25 162.44 159.44 153.59 152.41 151.50 150.19
200.84 201.78 202.59 203.00 204.22 205.06 204.59 204.56 205.12 206.50 206.78 207.53 208.56 209.81 210.72 211.22 210.41 210.69 212.44 213.41 214.19 214.66 214.81 215.47 215.94 215.72 215.50 215.19 214.91 214.50 213.94 212.78 211.66 211.91 211.38 210.16 208.47 207.16 206.75 205.06 192.34 184.94 185.47 190.22 190.19 187.53 186.41 185.38 184.62 183.88 184.50 183.41 182.41 181.06 179.47 177.75 175.91 174.12 172.41 170.66 169.03 166.97 166.47 165.34 163.41 162.16 158.84 155.25 154.38 153.88 152.06
198.62 200.12 200.91 201.16 201.94 203.06 203.03 203.53 204.16 205.03 205.62 206.84 208.44 209.09 209.75 210.16 210.56 209.69 210.38 210.47 210.81 211.62 212.91 213.56 214.34 215.28 215.34 215.06 214.75 214.34 213.88 213.19 212.50 212.00 211.25 210.16 208.53 207.41 206.19 205.28 202.50 198.31 195.44 193.44 191.38 188.50 187.75 187.66 187.16 186.94 186.44 185.69 184.47 182.94 181.12 179.31 177.28 175.16 172.75 171.06 168.19 166.94 166.41 165.53 164.22 162.47 160.53 157.50 157.50 157.00 155.09
197.16 198.47 199.16 199.53 200.19 201.00 201.78 202.88 203.19 203.59 204.94 206.25 207.56 208.25 208.88 209.22 209.66 209.22 209.47 210.06 210.62 211.22 211.78 212.97 213.50 213.94 214.25 215.00 214.56 214.12 213.56 212.91 212.25 211.56 210.97 209.50 207.94 207.09 206.78 205.44 202.62 199.84 196.97 194.28 192.84 191.94 190.88 188.44 189.53 189.44 188.62 187.69 186.25 184.50 182.56 180.56 178.47 176.12 172.81 170.81 168.44 167.41 166.94 165.31 164.31 163.44 163.34 160.09 159.44 158.44 157.91
196.03 196.50 196.75 197.88 198.50 199.53 201.03 202.12 202.59 202.81 203.75 205.25 206.62 207.41 208.03 208.34 208.59 208.34 208.56 208.97 209.72 210.75 211.38 212.00 212.44 212.88 213.06 213.62 213.94 214.09 213.28 212.59 211.94 211.28 210.59 209.81 208.75 207.34 207.12 205.12 203.41 201.97 199.34 196.44 194.72 194.44 193.66 192.69 192.06 191.28 190.53 189.38 187.72 185.72 183.66 181.50 179.47 177.47 173.56 171.41 169.06 167.91 167.25 165.69 164.66 164.09 164.12 163.12 162.00 160.22 159.09
195.22 195.97 196.66 197.00 197.06 198.47 200.16 201.12 201.53 202.12 203.06 204.31 205.62 206.53 207.12 207.47 207.34 207.56 207.97 208.25 208.97 209.97 210.53 211.09 211.50 211.84 211.59 211.94 212.72 212.88 212.94 212.72 211.62 210.97 210.25 209.47 208.69 207.94 206.88 205.47 203.69 203.25 201.62 200.34 199.44 197.75 196.00 194.66 193.94 192.91 192.06 190.78 188.94 186.62 184.41 182.34 180.12 178.09 174.12 172.62 171.19 168.41 167.16 166.59 165.94 165.50 164.88 164.41 162.66 162.00 160.81
194.22 195.12 195.62 195.88 196.59 196.59 198.47 198.97 199.97 201.09 201.91 203.34 204.75 205.62 206.25 206.69 206.84 206.91 207.44 207.84 208.38 209.16 209.72 210.19 210.53 210.75 210.91 210.84 210.94 211.66 210.06 210.72 210.19 209.31 209.84 209.12 208.34 207.56 206.81 206.03 203.94 203.72 203.19 202.66 200.34 199.22 197.47 196.00 195.06 194.09 193.19 191.88 190.03 186.97 184.91 182.41 180.44 178.28 174.16 173.75 172.44 170.00 167.28 166.84 166.59 165.97 166.06 165.41 164.00 163.50 162.91
