everonasctiles/Tile[19,29].asc
ncols 128
nrows 128
xllcorner 0
yllcorner 0
cellsize 2.0
NODATA_value  -9999
[rows 64 to 95 of 128, columns 0 to 70 of 128]
145.59 145.88 146.22 146.56 146.88 147.12 147.41 147.72 148.06 148.41 148.78 149.19 149.56 149.94 150.28 150.62 150.91 151.16 151.38 151.53 151.62 151.66 151.66 151.59 151.53 151.41 151.28 151.16 151.00 150.84 150.62 150.44 150.22 149.97 149.75 149.50 149.31 149.12 149.00 148.88 148.75 148.66 148.59 148.53 148.50 148.50 148.50 148.53 148.59 148.66 148.75 148.91 149.03 149.22 149.41 149.59 149.78 149.97 150.12 150.19 150.12 150.03 150.00 149.91 149.84 149.66 149.59 149.19 149.00 148.66 148.34
145.94 146.25 146.56 146.94 147.22 147.53 147.81 148.12 148.47 148.81 149.19 149.56 149.91 150.25 150.59 150.88 151.16 151.38 151.56 151.69 151.75 151.78 151.78 151.72 151.66 151.53 151.44 151.28 151.12 150.97 150.78 150.56 150.34 150.09 149.88 149.66 149.47 149.31 149.19 149.06 148.97 148.88 148.81 148.75 148.72 148.72 148.75 148.78 148.81 148.91 149.00 149.09 149.25 149.41 149.56 149.72 149.91 150.03 150.16 150.19 150.16 150.12 150.03 149.78 149.69 149.56 149.16 149.00 148.66 148.62 148.16
146.25 146.56 146.91 147.28 147.59 147.91 148.22 148.53 148.88 149.22 149.56 149.91 150.25 150.59 150.88 151.16 151.41 151.59 151.75 151.84 151.91 151.94 151.94 151.88 151.78 151.69 151.56 151.44 151.28 151.09 150.91 150.69 150.47 150.25 150.03 149.84 149.66 149.50 149.38 149.25 149.16 149.09 149.03 148.97 148.97 148.94 148.97 149.00 149.03 149.12 149.19 149.31 149.44 149.56 149.72 149.88 150.00 150.12 150.19 150.16 150.12 150.06 150.00 149.88 149.62 149.47 149.38 149.16 148.88 148.38 148.03
146.56 146.91 147.25 147.62 147.97 148.28 148.59 148.94 149.28 149.62 149.97 150.28 150.59 150.91 151.19 151.44 151.62 151.81 151.94 152.03 152.09 152.09 152.06 152.03 151.94 151.84 151.72 151.59 151.41 151.25 151.03 150.84 150.62 150.41 150.19 150.00 149.84 149.69 149.56 149.47 149.38 149.28 149.22 149.19 149.16 149.16 149.19 149.19 149.25 149.31 149.41 149.50 149.62 149.75 149.88 150.00 150.12 150.19 150.19 150.16 150.09 150.00 149.94 149.84 149.69 149.53 149.28 148.91 148.59 148.47 148.12
146.84 147.19 147.56 147.94 148.28 148.62 148.97 149.31 149.66 150.00 150.34 150.66 150.94 151.22 151.47 151.69 151.88 152.03 152.16 152.22 152.28 152.28 152.25 152.19 152.09 152.00 151.88 151.75 151.56 151.38 151.19 150.97 150.75 150.56 150.34 150.16 150.00 149.88 149.75 149.66 149.56 149.47 149.44 149.41 149.38 149.38 149.38 149.41 149.44 149.50 149.59 149.69 149.78 149.91 150.03 150.12 150.22 150.28 150.25 150.16 150.06 149.97 149.88 149.75 149.59 149.44 149.22 148.97 148.69 148.41 148.09
147.16 147.50 147.84 148.22 148.59 148.97 149.31 149.69 150.03 150.38 150.69 151.00 151.28 151.53 151.75 151.97 152.12 152.28 152.38 152.44 152.47 152.47 152.44 152.38 152.28 152.16 152.03 151.91 151.72 151.53 151.34 151.12 150.91 150.72 150.50 150.34 150.19 150.06 149.94 149.84 149.75 149.69 149.62 149.59 149.56 149.56 149.56 149.59 149.62 149.69 149.78 149.84 149.94 150.06 150.16 150.28 150.34 150.38 150.31 150.16 150.06 149.94 149.81 149.69 149.50 149.34 149.12 148.88 148.62 148.31 147.88
147.41 147.75 148.09 148.50 148.88 149.28 149.66 150.03 150.38 150.72 151.03 151.31 151.59 151.81 152.03 152.22 152.38 152.50 152.59 152.66 152.66 152.66 152.62 152.53 152.44 152.34 152.22 152.06 151.88 151.69 151.47 151.28 151.06 150.88 150.66 150.50 150.34 150.22 150.09 150.00 149.94 149.88 149.81 149.78 149.75 149.75 149.75 149.78 149.81 149.88 149.94 150.00 150.09 150.19 150.31 150.41 150.47 150.47 150.38 150.22 150.09 149.94 149.78 149.62 149.44 149.25 149.03 148.59 148.53 148.25 147.81
147.66 148.00 148.34 148.75 149.16 149.56 149.94 150.34 150.69 151.03 151.34 151.62 151.88 152.09 152.31 152.50 152.62 152.75 152.81 152.88 152.88 152.84 152.81 152.72 152.62 152.53 152.38 152.22 152.03 151.84 151.62 151.44 151.22 151.03 150.81 150.66 150.53 150.41 150.28 150.19 150.09 150.03 150.00 149.94 149.94 149.94 149.94 149.94 150.00 150.03 150.09 150.16 150.25 150.34 150.44 150.53 150.59 150.56 150.47 150.31 150.16 149.97 149.78 149.59 149.41 149.19 148.97 148.72 148.47 148.19 147.75
147.91 148.25 148.59 149.00 149.41 149.84 150.22 150.62 150.97 151.31 151.62 151.91 152.16 152.38 152.59 152.75 152.88 153.00 153.06 153.09 153.09 153.06 153.00 152.91 152.81 152.69 152.56 152.41 152.22 152.00 151.78 151.59 151.38 151.19 151.00 150.84 150.69 150.56 150.44 150.34 150.28 150.22 150.16 150.12 150.09 150.09 150.09 150.12 150.16 150.19 150.25 150.31 150.38 150.47 150.56 150.66 150.69 150.66 150.53 150.38 150.19 150.00 149.81 149.59 149.38 149.16 148.94 148.69 148.41 148.16 147.88
148.16 148.50 148.84 149.25 149.66 150.09 150.50 150.88 151.25 151.56 151.88 152.16 152.41 152.62 152.84 153.00 153.12 153.22 153.28 153.31 153.31 153.25 153.19 153.12 153.00 152.88 152.72 152.56 152.38 152.16 151.94 151.72 151.53 151.31 151.16 151.00 150.84 150.72 150.62 150.53 150.44 150.38 150.34 150.28 150.28 150.25 150.28 150.31 150.34 150.38 150.41 150.44 150.53 150.59 150.66 150.75 150.78 150.72 150.59 150.44 150.25 150.06 149.84 149.62 149.38 149.16 148.91 148.62 148.38 148.12 147.84
148.41 148.72 149.09 149.47 149.91 150.31 150.72 151.12 151.47 151.81 152.12 152.41 152.66 152.88 153.06 153.25 153.34 153.44 153.50 153.53 153.50 153.47 153.41 153.28 153.19 153.03 152.88 152.72 152.53 152.31 152.09 151.88 151.69 151.47 151.28 151.16 151.00 150.88 150.78 150.69 150.59 150.53 150.50 150.47 150.44 150.41 150.44 150.50 150.50 150.53 150.56 150.59 150.62 150.69 150.78 150.84 150.84 150.78 150.66 150.50 150.31 150.09 149.88 149.62 149.41 149.12 148.88 148.62 148.34 148.09 147.84
148.62 148.94 149.28 149.69 150.09 150.53 150.94 151.34 151.69 152.03 152.34 152.66 152.91 153.12 153.31 153.47 153.59 153.66 153.72 153.72 153.72 153.66 153.59 153.47 153.34 153.22 153.06 152.88 152.69 152.47 152.25 152.03 151.81 151.62 151.44 151.28 151.16 151.03 150.94 150.84 150.75 150.69 150.66 150.62 150.59 150.56 150.62 150.66 150.69 150.69 150.69 150.72 150.75 150.81 150.88 150.91 150.88 150.81 150.69 150.53 150.34 150.12 149.84 149.66 149.41 149.12 148.88 148.59 148.31 148.06 147.84
148.81 149.12 149.50 149.91 150.31 150.75 151.16 151.53 151.91 152.25 152.59 152.88 153.12 153.34 153.53 153.69 153.81 153.88 153.94 153.94 153.91 153.84 153.75 153.66 153.53 153.38 153.22 153.03 152.84 152.62 152.38 152.16 151.97 151.75 151.59 151.44 151.31 151.19 151.06 151.00 150.91 150.84 150.81 150.78 150.75 150.72 150.84 150.84 150.84 150.84 150.81 150.84 150.84 150.91 150.94 150.94 150.91 150.81 150.72 150.56 150.38 150.16 149.91 149.66 149.41 149.03 148.84 148.56 148.31 148.06 147.81
149.00 149.34 149.69 150.09 150.53 150.94 151.34 151.75 152.12 152.47 152.81 153.09 153.34 153.56 153.75 153.91 154.00 154.09 154.12 154.12 154.09 154.03 153.94 153.81 153.69 153.53 153.38 153.19 152.97 152.75 152.53 152.31 152.09 151.91 151.72 151.56 151.44 151.31 151.22 151.12 151.06 151.00 150.97 150.91 150.91 151.06 151.09 151.03 151.00 150.97 150.94 150.94 150.97 151.00 151.00 151.00 150.94 150.84 150.72 150.56 150.38 150.16 149.91 149.66 149.38 149.09 148.81 148.56 148.28 148.06 147.81
149.22 149.53 149.91 150.31 150.75 151.16 151.56 151.97 152.34 152.69 153.00 153.31 153.56 153.78 153.97 154.09 154.22 154.28 154.31 154.31 154.28 154.19 154.09 154.00 153.84 153.69 153.50 153.31 153.12 152.91 152.69 152.44 152.25 152.03 151.88 151.72 151.59 151.47 151.38 151.28 151.22 151.16 151.09 151.06 151.06 151.09 151.12 151.12 151.09 151.09 151.03 151.03 151.06 151.06 151.06 151.03 150.94 150.84 150.69 150.53 150.34 150.12 149.91 149.66 149.38 149.09 148.81 148.53 148.28 148.03 147.81
149.44 149.78 150.16 150.53 150.94 151.38 151.78 152.16 152.53 152.88 153.22 153.50 153.75 153.97 154.16 154.28 154.41 154.47 154.50 154.47 154.44 154.38 154.25 154.12 154.00 153.84 153.66 153.47 153.25 153.03 152.81 152.59 152.38 152.19 152.00 151.84 151.72 151.59 151.50 151.44 151.34 151.31 151.25 151.22 151.16 151.12 151.12 151.12 151.12 151.12 151.16 151.16 151.16 151.16 151.12 151.06 150.97 150.84 150.69 150.53 150.34 150.12 149.88 149.62 149.34 149.06 148.78 148.53 148.28 148.03 147.81
149.66 150.00 150.38 150.75 151.16 151.56 151.97 152.38 152.72 153.09 153.41 153.69 153.94 154.16 154.34 154.47 154.56 154.62 154.66 154.62 154.59 154.50 154.41 154.28 154.12 153.97 153.78 153.59 153.38 153.19 152.97 152.75 152.53 152.31 152.16 152.00 151.88 151.75 151.66 151.56 151.50 151.47 151.44 151.38 151.31 151.12 151.12 151.16 151.28 151.28 151.28 151.28 151.25 151.22 151.16 151.06 150.97 150.81 150.69 150.50 150.31 150.09 149.84 149.59 149.31 149.03 148.78 148.50 148.25 148.03 147.81
149.88 150.22 150.56 150.97 151.38 151.78 152.16 152.56 152.94 153.28 153.59 153.88 154.12 154.34 154.53 154.66 154.75 154.78 154.81 154.78 154.75 154.66 154.56 154.41 154.25 154.09 153.91 153.72 153.50 153.31 153.09 152.88 152.66 152.47 152.31 152.16 152.00 151.91 151.81 151.72 151.66 151.59 151.56 151.53 151.47 151.47 151.44 151.44 151.44 151.41 151.41 151.38 151.34 151.28 151.22 151.09 150.97 150.81 150.66 150.47 150.28 150.06 149.81 149.56 149.28 149.03 148.75 148.50 148.28 148.06 147.84
150.06 150.41 150.75 151.16 151.56 151.94 152.34 152.75 153.09 153.47 153.78 154.06 154.31 154.50 154.69 154.81 154.91 154.94 154.94 154.94 154.88 154.78 154.66 154.53 154.38 154.22 154.03 153.84 153.62 153.44 153.22 153.00 152.81 152.62 152.44 152.28 152.16 152.03 151.94 151.88 151.81 151.75 151.69 151.66 151.62 151.62 151.59 151.59 151.56 151.53 151.53 151.47 151.44 151.34 151.25 151.12 150.97 150.81 150.66 150.44 150.25 150.03 149.78 149.53 149.28 149.03 148.75 148.53 148.28 148.06 147.84
150.25 150.56 150.94 151.31 151.72 152.12 152.53 152.91 153.28 153.62 153.94 154.22 154.47 154.69 154.84 154.97 155.03 155.09 155.09 155.06 155.00 154.91 154.78 154.66 154.50 154.31 154.12 153.94 153.75 153.56 153.34 153.16 152.97 152.78 152.59 152.44 152.31 152.22 152.12 152.03 151.97 151.91 151.88 151.81 151.81 151.78 151.75 151.72 151.72 151.69 151.62 151.59 151.50 151.41 151.28 151.12 150.97 150.81 150.62 150.44 150.22 150.00 149.78 149.53 149.28 149.03 148.78 148.53 148.31 148.09 147.88
150.38 150.72 151.09 151.50 151.91 152.31 152.72 153.09 153.47 153.81 154.09 154.38 154.62 154.81 154.97 155.09 155.16 155.19 155.19 155.16 155.09 155.00 154.88 154.75 154.59 154.41 154.25 154.06 153.84 153.66 153.47 153.28 153.09 152.91 152.75 152.62 152.47 152.38 152.28 152.19 152.12 152.09 152.03 152.00 151.97 151.94 151.91 151.88 151.84 151.81 151.75 151.66 151.56 151.44 151.31 151.16 150.97 150.81 150.62 150.41 150.22 150.00 149.78 149.53 149.28 149.06 148.81 148.59 148.34 148.12 147.91
150.53 150.88 151.25 151.66 152.06 152.47 152.88 153.25 153.62 153.97 154.25 154.53 154.75 154.97 155.09 155.22 155.28 155.31 155.31 155.25 155.19 155.09 154.97 154.81 154.66 154.50 154.31 154.12 153.94 153.75 153.56 153.41 153.22 153.06 152.91 152.78 152.66 152.53 152.47 152.38 152.31 152.25 152.22 152.19 152.16 152.12 152.06 152.03 151.97 151.91 151.84 151.75 151.62 151.47 151.31 151.16 150.97 150.78 150.59 150.41 150.19 149.97 149.75 149.53 149.31 149.06 148.84 148.62 148.41 148.16 147.94
150.69 151.06 151.44 151.84 152.25 152.66 153.06 153.44 153.78 154.12 154.41 154.69 154.91 155.09 155.22 155.31 155.38 155.41 155.38 155.34 155.28 155.16 155.03 154.91 154.75 154.56 154.41 154.22 154.03 153.84 153.69 153.50 153.34 153.19 153.06 152.94 152.81 152.72 152.62 152.56 152.50 152.47 152.41 152.38 152.31 152.28 152.22 152.19 152.09 152.03 151.91 151.78 151.66 151.50 151.34 151.16 150.97 150.78 150.59 150.38 150.19 149.97 149.75 149.53 149.31 149.09 148.88 148.66 148.44 148.22 147.97
150.91 151.25 151.66 152.06 152.47 152.84 153.25 153.62 153.97 154.28 154.56 154.81 155.03 155.19 155.34 155.41 155.47 155.50 155.47 155.41 155.34 155.22 155.09 154.97 154.81 154.62 154.47 154.28 154.09 153.94 153.78 153.62 153.47 153.31 153.19 153.09 153.00 152.91 152.81 152.75 152.69 152.62 152.59 152.53 152.50 152.44 152.38 152.28 152.19 152.09 151.97 151.84 151.69 151.50 151.31 151.12 150.94 150.75 150.56 150.34 150.16 149.94 149.75 149.53 149.31 149.12 148.91 148.69 148.47 148.25 148.03
151.12 151.50 151.88 152.28 152.69 153.06 153.44 153.81 154.12 154.44 154.72 154.94 155.16 155.31 155.44 155.50 155.56 155.56 155.53 155.47 155.38 155.28 155.16 155.00 154.84 154.69 154.50 154.34 154.16 154.00 153.84 153.69 153.56 153.44 153.34 153.22 153.12 153.06 153.00 152.94 152.88 152.81 152.78 152.72 152.66 152.56 152.50 152.41 152.28 152.16 152.00 151.84 151.69 151.50 151.31 151.12 150.91 150.72 150.53 150.31 150.12 149.94 149.72 149.53 149.31 149.12 148.91 148.72 148.50 148.28 148.03
151.41 151.75 152.12 152.53 152.91 153.28 153.66 154.00 154.31 154.59 154.84 155.09 155.25 155.41 155.53 155.59 155.62 155.62 155.59 155.53 155.44 155.31 155.19 155.03 154.88 154.72 154.56 154.38 154.22 154.06 153.91 153.78 153.66 153.56 153.44 153.34 153.28 153.22 153.16 153.09 153.03 152.97 152.94 152.84 152.78 152.69 152.59 152.47 152.34 152.19 152.03 151.88 151.69 151.50 151.28 151.09 150.88 150.69 150.50 150.28 150.09 149.91 149.72 149.50 149.31 149.12 148.91 148.72 148.50 148.28 148.06
151.66 152.03 152.38 152.78 153.16 153.50 153.84 154.19 154.50 154.75 155.00 155.22 155.38 155.50 155.59 155.66 155.69 155.66 155.62 155.56 155.47 155.34 155.19 155.06 154.91 154.75 154.56 154.41 154.25 154.12 153.97 153.84 153.75 153.62 153.56 153.47 153.41 153.34 153.28 153.22 153.19 153.12 153.06 153.00 152.91 152.81 152.69 152.53 152.41 152.22 152.06 151.88 151.66 151.47 151.28 151.06 150.84 150.66 150.44 150.25 150.06 149.88 149.69 149.47 149.28 149.09 148.91 148.69 148.50 148.28 148.06
151.94 152.28 152.66 153.03 153.38 153.72 154.06 154.38 154.66 154.91 155.12 155.34 155.47 155.59 155.69 155.72 155.75 155.72 155.66 155.59 155.47 155.34 155.22 155.06 154.91 154.75 154.59 154.44 154.28 154.16 154.03 153.91 153.81 153.72 153.66 153.56 153.50 153.47 153.41 153.38 153.31 153.25 153.19 153.09 153.00 152.88 152.75 152.59 152.44 152.25 152.06 151.88 151.66 151.44 151.25 151.03 150.81 150.62 150.41 150.22 150.03 149.81 149.62 149.44 149.25 149.06 148.88 148.66 148.47 148.25 148.03
152.22 152.56 152.91 153.28 153.62 153.97 154.28 154.56 154.84 155.06 155.28 155.44 155.59 155.69 155.75 155.78 155.78 155.75 155.69 155.59 155.50 155.38 155.22 155.06 154.91 154.75 154.59 154.44 154.31 154.19 154.06 153.97 153.88 153.78 153.72 153.66 153.62 153.56 153.53 153.47 153.44 153.38 153.28 153.19 153.09 152.97 152.81 152.66 152.47 152.28 152.06 151.88 151.66 151.44 151.22 151.00 150.81 150.59 150.38 150.19 149.97 149.78 149.59 149.41 149.19 149.00 148.81 148.62 148.41 148.22 148.00
152.47 152.81 153.16 153.50 153.84 154.19 154.47 154.75 155.00 155.22 155.41 155.56 155.69 155.75 155.81 155.84 155.81 155.78 155.72 155.62 155.50 155.38 155.22 155.06 154.91 154.75 154.59 154.47 154.31 154.19 154.09 154.00 153.91 153.84 153.78 153.75 153.69 153.66 153.62 153.56 153.53 153.47 153.38 153.28 153.16 153.03 152.88 152.69 152.50 152.31 152.09 151.88 151.66 151.44 151.22 151.00 150.78 150.56 150.34 150.16 149.94 149.75 149.53 149.34 149.16 148.94 148.75 148.56 148.38 148.16 147.97
152.72 153.06 153.41 153.75 154.06 154.38 154.66 154.94 155.16 155.34 155.53 155.66 155.78 155.84 155.88 155.88 155.84 155.81 155.72 155.62 155.50 155.38 155.22 155.06 154.91 154.75 154.59 154.47 154.31 154.22 154.12 154.03 153.97 153.91 153.84 153.81 153.78 153.75 153.69 153.66 153.59 153.53 153.47 153.38 153.25 153.09 152.94 152.75 152.53 152.31 152.09 151.88 151.66 151.44 151.22 151.00 150.78 150.56 150.34 150.12 149.91 149.72 149.50 149.28 149.09 148.91 148.69 148.50 148.31 148.12 147.94
152.94 153.28 153.62 153.94 154.28 154.56 154.84 155.09 155.31 155.50 155.66 155.75 155.84 155.91 155.94 155.94 155.88 155.81 155.75 155.62 155.50 155.34 155.19 155.03 154.88 154.72 154.59 154.44 154.31 154.22 154.12 154.06 154.00 153.94 153.91 153.88 153.84 153.81 153.78 153.72 153.69 153.62 153.53 153.41 153.28 153.16 152.97 152.78 152.56 152.34 152.12 151.91 151.69 151.44 151.22 151.00 150.78 150.56 150.34 150.12 149.91 149.69 149.47 149.25 149.03 148.84 148.66 148.47 148.28 148.09 147.91
