everonasctiles/Tile[2,1].asc
ncols 128
nrows 128
xllcorner 0
yllcorner 0
cellsize 2.0
NODATA_value  -9999
[rows 29 to 57 of 128, columns 0 to 66 of 128]
-101.88 -101.88 -101.88 -101.88 -101.88 -101.84 -101.78 -101.69 -101.59 -101.50 -101.41 -101.34 -101.31 -101.28 -101.25 -101.22 -101.16 -101.09 -101.00 -100.97 -100.97 -100.97 -101.00 -101.00 -101.00 -100.97 -100.91 -100.88 -100.91 -101.00 -101.09 -101.19 -101.22 -101.22 -101.19 -101.12 -101.06 -100.97 -100.94 -100.97 -101.03 -101.09 -101.19 -101.28 -101.38 -101.47 -101.62 -101.75 -101.91 -102.06 -102.22 -102.34 -102.44 -102.53 -102.62 -102.69 -102.75 -102.84 -102.91 -102.97 -103.00 -103.03 -103.09 -103.19 -103.28 -103.34 -103.41
-102.25 -102.22 -102.22 -102.22 -102.19 -102.19 -102.12 -102.03 -101.94 -101.88 -101.81 -101.75 -101.69 -101.69 -101.66 -101.62 -101.56 -101.47 -101.41 -101.34 -101.34 -101.38 -101.38 -101.41 -101.38 -101.34 -101.28 -101.25 -101.25 -101.34 -101.44 -101.53 -101.56 -101.56 -101.53 -101.47 -101.41 -101.31 -101.25 -101.28 -101.34 -101.41 -101.50 -101.59 -101.69 -101.78 -101.91 -102.06 -102.22 -102.34 -102.50 -102.66 -102.78 -102.88 -102.97 -103.03 -103.09 -103.19 -103.25 -103.31 -103.38 -103.41 -103.47 -103.53 -103.59 -103.66 -103.69
-102.62 -102.59 -102.56 -102.56 -102.53 -102.50 -102.47 -102.38 -102.31 -102.25 -102.19 -102.16 -102.12 -102.09 -102.06 -102.03 -101.94 -101.84 -101.78 -101.75 -101.75 -101.78 -101.78 -101.81 -101.78 -101.75 -101.69 -101.66 -101.62 -101.69 -101.78 -101.88 -101.94 -101.94 -101.91 -101.84 -101.78 -101.69 -101.62 -101.59 -101.66 -101.75 -101.84 -101.94 -102.03 -102.16 -102.25 -102.38 -102.50 -102.66 -102.78 -102.94 -103.09 -103.22 -103.31 -103.41 -103.47 -103.53 -103.62 -103.69 -103.75 -103.78 -103.84 -103.88 -103.94 -103.97 -104.00
-102.97 -102.94 -102.91 -102.91 -102.88 -102.84 -102.78 -102.75 -102.69 -102.66 -102.59 -102.56 -102.53 -102.53 -102.50 -102.44 -102.34 -102.25 -102.19 -102.19 -102.16 -102.19 -102.22 -102.22 -102.22 -102.16 -102.12 -102.09 -102.09 -102.12 -102.19 -102.28 -102.34 -102.34 -102.31 -102.25 -102.19 -102.09 -102.03 -101.97 -102.03 -102.09 -102.19 -102.31 -102.41 -102.50 -102.59 -102.72 -102.81 -102.94 -103.06 -103.22 -103.41 -103.53 -103.66 -103.75 -103.84 -103.91 -104.00 -104.06 -104.12 -104.16 -104.22 -104.25 -104.28 -104.28 -104.31
-103.31 -103.28 -103.25 -103.25 -103.22 -103.16 -103.12 -103.09 -103.06 -103.03 -103.00 -102.97 -102.97 -102.97 -102.94 -102.84 -102.75 -102.69 -102.62 -102.59 -102.59 -102.59 -102.62 -102.66 -102.66 -102.62 -102.59 -102.59 -102.56 -102.56 -102.62 -102.72 -102.78 -102.78 -102.75 -102.69 -102.62 -102.56 -102.47 -102.41 -102.41 -102.47 -102.56 -102.66 -102.78 -102.91 -102.97 -103.06 -103.12 -103.22 -103.34 -103.50 -103.69 -103.84 -104.00 -104.12 -104.22 -104.28 -104.38 -104.44 -104.50 -104.53 -104.59 -104.59 -104.62 -104.62 -104.59
-103.62 -103.62 -103.59 -103.56 -103.53 -103.50 -103.47 -103.47 -103.44 -103.44 -103.41 -103.41 -103.41 -103.41 -103.34 -103.25 -103.16 -103.09 -103.06 -103.03 -103.03 -103.03 -103.06 -103.09 -103.09 -103.09 -103.09 -103.06 -103.06 -103.06 -103.09 -103.16 -103.22 -103.25 -103.22 -103.19 -103.12 -103.03 -102.97 -102.91 -102.88 -102.88 -102.91 -103.03 -103.16 -103.28 -103.38 -103.44 -103.50 -103.56 -103.69 -103.81 -103.97 -104.16 -104.31 -104.47 -104.56 -104.66 -104.75 -104.81 -104.84 -104.91 -104.94 -104.94 -104.94 -104.91 -104.91
-103.97 -103.97 -103.94 -103.91 -103.88 -103.84 -103.81 -103.81 -103.81 -103.81 -103.81 -103.81 -103.81 -103.81 -103.75 -103.66 -103.56 -103.50 -103.47 -103.47 -103.47 -103.47 -103.50 -103.53 -103.56 -103.56 -103.56 -103.56 -103.53 -103.53 -103.56 -103.62 -103.66 -103.69 -103.69 -103.66 -103.62 -103.53 -103.44 -103.38 -103.31 -103.28 -103.31 -103.41 -103.53 -103.66 -103.75 -103.81 -103.88 -103.94 -104.03 -104.16 -104.31 -104.47 -104.62 -104.78 -104.91 -105.03 -105.09 -105.16 -105.22 -105.25 -105.28 -105.28 -105.25 -105.22 -105.19
-104.28 -104.28 -104.28 -104.25 -104.19 -104.16 -104.16 -104.16 -104.19 -104.19 -104.22 -104.22 -104.25 -104.22 -104.16 -104.06 -103.97 -103.94 -103.91 -103.91 -103.91 -103.91 -103.94 -103.97 -104.00 -104.03 -104.03 -104.03 -104.03 -104.03 -104.03 -104.06 -104.12 -104.16 -104.19 -104.16 -104.12 -104.06 -103.97 -103.88 -103.78 -103.75 -103.72 -103.81 -103.94 -104.06 -104.16 -104.22 -104.25 -104.31 -104.38 -104.50 -104.66 -104.81 -104.97 -105.12 -105.25 -105.34 -105.44 -105.50 -105.56 -105.59 -105.62 -105.59 -105.56 -105.53 -105.50
-104.62 -104.62 -104.62 -104.56 -104.53 -104.47 -104.47 -104.50 -104.53 -104.59 -104.62 -104.62 -104.62 -104.62 -104.56 -104.47 -104.41 -104.34 -104.31 -104.31 -104.31 -104.34 -104.38 -104.41 -104.44 -104.47 -104.50 -104.50 -104.50 -104.50 -104.50 -104.53 -104.56 -104.59 -104.62 -104.66 -104.62 -104.56 -104.44 -104.34 -104.25 -104.19 -104.19 -104.25 -104.34 -104.44 -104.53 -104.59 -104.62 -104.69 -104.75 -104.88 -105.03 -105.19 -105.31 -105.47 -105.59 -105.69 -105.75 -105.84 -105.88 -105.94 -105.94 -105.91 -105.88 -105.84 -105.81
-104.97 -104.97 -104.97 -104.91 -104.84 -104.81 -104.81 -104.84 -104.91 -104.97 -105.00 -105.03 -105.03 -105.03 -104.97 -104.91 -104.84 -104.78 -104.75 -104.72 -104.72 -104.75 -104.78 -104.84 -104.88 -104.94 -104.94 -104.97 -104.97 -104.97 -104.97 -104.97 -105.00 -105.03 -105.09 -105.12 -105.12 -105.03 -104.94 -104.81 -104.69 -104.62 -104.66 -104.69 -104.75 -104.84 -104.91 -104.97 -105.00 -105.03 -105.12 -105.25 -105.41 -105.56 -105.69 -105.81 -105.94 -106.00 -106.09 -106.16 -106.22 -106.25 -106.25 -106.25 -106.22 -106.16 -106.12
-105.34 -105.34 -105.31 -105.28 -105.22 -105.16 -105.16 -105.19 -105.28 -105.34 -105.41 -105.44 -105.44 -105.44 -105.41 -105.34 -105.25 -105.19 -105.16 -105.12 -105.16 -105.19 -105.22 -105.25 -105.31 -105.34 -105.38 -105.38 -105.41 -105.41 -105.41 -105.41 -105.41 -105.44 -105.50 -105.56 -105.56 -105.50 -105.38 -105.25 -105.12 -105.09 -105.09 -105.16 -105.19 -105.25 -105.31 -105.34 -105.38 -105.41 -105.50 -105.62 -105.75 -105.91 -106.06 -106.16 -106.25 -106.34 -106.41 -106.47 -106.50 -106.56 -106.56 -106.56 -106.53 -106.50 -106.47
-105.75 -105.75 -105.72 -105.66 -105.59 -105.56 -105.56 -105.59 -105.66 -105.75 -105.81 -105.84 -105.84 -105.84 -105.81 -105.75 -105.69 -105.62 -105.56 -105.53 -105.56 -105.59 -105.62 -105.69 -105.72 -105.75 -105.78 -105.81 -105.81 -105.81 -105.81 -105.81 -105.81 -105.84 -105.94 -106.00 -106.03 -105.94 -105.81 -105.66 -105.56 -105.53 -105.56 -105.59 -105.62 -105.66 -105.69 -105.72 -105.75 -105.78 -105.84 -105.97 -106.09 -106.25 -106.41 -106.53 -106.59 -106.66 -106.72 -106.75 -106.81 -106.84 -106.88 -106.88 -106.84 -106.84 -106.81
-106.22 -106.22 -106.16 -106.09 -106.03 -106.03 -106.03 -106.06 -106.09 -106.19 -106.25 -106.28 -106.28 -106.28 -106.25 -106.19 -106.09 -106.03 -105.94 -105.94 -105.94 -106.00 -106.03 -106.06 -106.09 -106.16 -106.19 -106.19 -106.19 -106.19 -106.19 -106.19 -106.22 -106.25 -106.34 -106.41 -106.44 -106.38 -106.25 -106.09 -106.00 -105.97 -106.00 -106.03 -106.06 -106.06 -106.09 -106.09 -106.09 -106.12 -106.19 -106.31 -106.44 -106.59 -106.75 -106.84 -106.94 -106.97 -107.00 -107.06 -107.09 -107.16 -107.19 -107.19 -107.16 -107.16 -107.16
-106.72 -106.69 -106.62 -106.56 -106.50 -106.50 -106.53 -106.53 -106.59 -106.62 -106.66 -106.69 -106.72 -106.72 -106.66 -106.59 -106.50 -106.41 -106.34 -106.31 -106.34 -106.38 -106.44 -106.47 -106.50 -106.53 -106.56 -106.56 -106.56 -106.56 -106.56 -106.59 -106.59 -106.66 -106.72 -106.81 -106.84 -106.78 -106.66 -106.53 -106.44 -106.41 -106.44 -106.44 -106.44 -106.47 -106.47 -106.47 -106.47 -106.50 -106.56 -106.66 -106.78 -106.91 -107.06 -107.16 -107.25 -107.28 -107.31 -107.34 -107.41 -107.44 -107.47 -107.47 -107.47 -107.47 -107.47
-107.25 -107.22 -107.16 -107.06 -107.00 -107.00 -107.03 -107.06 -107.06 -107.09 -107.12 -107.16 -107.16 -107.12 -107.09 -107.00 -106.91 -106.81 -106.75 -106.72 -106.72 -106.78 -106.81 -106.84 -106.88 -106.94 -106.94 -106.97 -106.94 -106.94 -106.94 -106.97 -107.00 -107.03 -107.12 -107.19 -107.22 -107.16 -107.06 -106.94 -106.88 -106.84 -106.84 -106.84 -106.84 -106.81 -106.81 -106.84 -106.84 -106.88 -106.94 -107.00 -107.09 -107.22 -107.38 -107.47 -107.56 -107.59 -107.62 -107.66 -107.69 -107.72 -107.78 -107.78 -107.78 -107.81 -107.81
-107.81 -107.75 -107.66 -107.59 -107.53 -107.53 -107.56 -107.59 -107.59 -107.59 -107.59 -107.59 -107.59 -107.56 -107.50 -107.41 -107.31 -107.22 -107.16 -107.09 -107.12 -107.16 -107.22 -107.25 -107.28 -107.31 -107.34 -107.34 -107.31 -107.31 -107.31 -107.31 -107.38 -107.41 -107.50 -107.56 -107.59 -107.53 -107.47 -107.38 -107.28 -107.25 -107.25 -107.22 -107.19 -107.19 -107.19 -107.19 -107.19 -107.22 -107.28 -107.34 -107.44 -107.53 -107.66 -107.78 -107.88 -107.91 -107.91 -107.94 -108.00 -108.03 -108.06 -108.09 -108.12 -108.12 -108.12
-108.34 -108.28 -108.22 -108.12 -108.06 -108.06 -108.09 -108.09 -108.09 -108.06 -108.06 -108.06 -108.03 -107.97 -107.91 -107.81 -107.72 -107.62 -107.56 -107.50 -107.50 -107.56 -107.59 -107.66 -107.69 -107.72 -107.75 -107.72 -107.69 -107.66 -107.66 -107.69 -107.72 -107.78 -107.84 -107.91 -107.94 -107.91 -107.84 -107.75 -107.69 -107.66 -107.62 -107.59 -107.56 -107.53 -107.50 -107.53 -107.53 -107.59 -107.62 -107.69 -107.75 -107.84 -107.97 -108.06 -108.16 -108.19 -108.22 -108.25 -108.31 -108.34 -108.38 -108.41 -108.44 -108.47 -108.47
-108.91 -108.81 -108.75 -108.66 -108.62 -108.59 -108.62 -108.62 -108.59 -108.56 -108.56 -108.53 -108.47 -108.41 -108.31 -108.22 -108.12 -108.03 -107.97 -107.91 -107.91 -107.94 -108.00 -108.03 -108.09 -108.12 -108.12 -108.12 -108.06 -108.03 -108.03 -108.03 -108.09 -108.12 -108.19 -108.25 -108.28 -108.28 -108.22 -108.16 -108.09 -108.03 -108.00 -107.97 -107.91 -107.84 -107.84 -107.84 -107.88 -107.91 -107.97 -108.00 -108.06 -108.12 -108.22 -108.34 -108.44 -108.50 -108.53 -108.56 -108.62 -108.66 -108.69 -108.72 -108.75 -108.78 -108.81
-109.44 -109.34 -109.28 -109.19 -109.16 -109.12 -109.12 -109.12 -109.09 -109.06 -109.06 -109.00 -108.94 -108.81 -108.72 -108.62 -108.53 -108.44 -108.38 -108.34 -108.31 -108.31 -108.38 -108.44 -108.50 -108.53 -108.53 -108.50 -108.44 -108.38 -108.38 -108.41 -108.44 -108.50 -108.53 -108.59 -108.62 -108.62 -108.56 -108.50 -108.47 -108.41 -108.38 -108.31 -108.25 -108.19 -108.16 -108.16 -108.19 -108.22 -108.28 -108.31 -108.34 -108.41 -108.50 -108.62 -108.72 -108.81 -108.84 -108.88 -108.94 -108.97 -109.00 -109.03 -109.06 -109.09 -109.16
-110.00 -109.88 -109.81 -109.72 -109.69 -109.66 -109.62 -109.59 -109.59 -109.56 -109.53 -109.47 -109.38 -109.25 -109.12 -109.00 -108.94 -108.84 -108.81 -108.75 -108.72 -108.72 -108.78 -108.84 -108.88 -108.91 -108.91 -108.84 -108.78 -108.75 -108.72 -108.75 -108.78 -108.81 -108.88 -108.91 -108.94 -108.94 -108.91 -108.84 -108.81 -108.78 -108.75 -108.66 -108.59 -108.50 -108.47 -108.47 -108.50 -108.53 -108.59 -108.59 -108.62 -108.66 -108.75 -108.84 -108.97 -109.09 -109.16 -109.19 -109.22 -109.28 -109.31 -109.31 -109.38 -109.41 -109.47
-110.53 -110.41 -110.31 -110.25 -110.19 -110.16 -110.12 -110.09 -110.06 -110.06 -110.03 -109.94 -109.84 -109.69 -109.53 -109.41 -109.34 -109.28 -109.25 -109.19 -109.12 -109.12 -109.16 -109.22 -109.28 -109.28 -109.28 -109.22 -109.16 -109.09 -109.06 -109.09 -109.12 -109.16 -109.19 -109.22 -109.25 -109.28 -109.25 -109.22 -109.16 -109.12 -109.09 -109.00 -108.91 -108.84 -108.81 -108.78 -108.81 -108.84 -108.88 -108.91 -108.91 -108.94 -109.00 -109.09 -109.25 -109.34 -109.44 -109.50 -109.53 -109.56 -109.59 -109.62 -109.66 -109.69 -109.75
-111.09 -110.94 -110.81 -110.72 -110.66 -110.62 -110.59 -110.56 -110.56 -110.53 -110.50 -110.41 -110.28 -110.12 -109.97 -109.84 -109.75 -109.72 -109.69 -109.62 -109.56 -109.53 -109.56 -109.62 -109.66 -109.66 -109.62 -109.56 -109.47 -109.41 -109.41 -109.41 -109.44 -109.47 -109.50 -109.56 -109.59 -109.59 -109.56 -109.56 -109.53 -109.47 -109.44 -109.34 -109.25 -109.19 -109.12 -109.09 -109.12 -109.16 -109.16 -109.19 -109.19 -109.19 -109.25 -109.34 -109.50 -109.62 -109.72 -109.78 -109.84 -109.84 -109.88 -109.88 -109.91 -109.97 -110.03
-111.59 -111.44 -111.28 -111.19 -111.12 -111.06 -111.06 -111.03 -111.03 -111.00 -110.97 -110.88 -110.72 -110.56 -110.38 -110.25 -110.16 -110.16 -110.12 -110.06 -110.00 -109.94 -109.97 -110.00 -110.03 -110.03 -109.97 -109.88 -109.81 -109.75 -109.72 -109.75 -109.78 -109.81 -109.84 -109.88 -109.91 -109.94 -109.91 -109.91 -109.88 -109.81 -109.75 -109.69 -109.59 -109.50 -109.44 -109.44 -109.44 -109.44 -109.44 -109.44 -109.44 -109.44 -109.50 -109.59 -109.72 -109.88 -109.97 -110.06 -110.12 -110.12 -110.12 -110.12 -110.16 -110.22 -110.31
-112.09 -111.91 -111.75 -111.62 -111.53 -111.50 -111.50 -111.50 -111.50 -111.47 -111.41 -111.31 -111.19 -111.00 -110.81 -110.66 -110.59 -110.59 -110.56 -110.50 -110.41 -110.34 -110.34 -110.41 -110.41 -110.38 -110.31 -110.22 -110.12 -110.06 -110.06 -110.06 -110.09 -110.12 -110.19 -110.22 -110.25 -110.25 -110.25 -110.25 -110.19 -110.16 -110.09 -110.00 -109.91 -109.81 -109.75 -109.72 -109.72 -109.72 -109.72 -109.72 -109.69 -109.72 -109.75 -109.84 -109.97 -110.09 -110.22 -110.31 -110.38 -110.41 -110.41 -110.38 -110.41 -110.47 -110.53
-112.56 -112.34 -112.16 -112.03 -111.94 -111.91 -111.94 -111.97 -111.94 -111.91 -111.88 -111.78 -111.62 -111.41 -111.22 -111.09 -111.03 -111.03 -111.00 -110.94 -110.81 -110.75 -110.72 -110.75 -110.78 -110.75 -110.66 -110.53 -110.44 -110.41 -110.38 -110.41 -110.44 -110.47 -110.50 -110.53 -110.59 -110.59 -110.59 -110.56 -110.53 -110.50 -110.41 -110.31 -110.22 -110.12 -110.06 -110.03 -110.03 -110.00 -110.00 -109.97 -109.94 -109.97 -110.00 -110.06 -110.19 -110.31 -110.47 -110.56 -110.62 -110.66 -110.62 -110.62 -110.62 -110.69 -110.75
-113.00 -112.78 -112.56 -112.41 -112.31 -112.31 -112.38 -112.41 -112.41 -112.38 -112.31 -112.22 -112.03 -111.84 -111.66 -111.53 -111.50 -111.47 -111.44 -111.34 -111.22 -111.12 -111.09 -111.12 -111.12 -111.06 -110.97 -110.88 -110.78 -110.72 -110.72 -110.75 -110.78 -110.81 -110.84 -110.88 -110.91 -110.94 -110.94 -110.91 -110.88 -110.81 -110.72 -110.66 -110.53 -110.44 -110.34 -110.31 -110.28 -110.28 -110.25 -110.22 -110.19 -110.22 -110.25 -110.31 -110.41 -110.53 -110.69 -110.78 -110.88 -110.88 -110.88 -110.84 -110.84 -110.91 -110.97
-113.41 -113.19 -112.97 -112.78 -112.66 -112.72 -112.78 -112.84 -112.84 -112.81 -112.75 -112.66 -112.47 -112.28 -112.09 -112.00 -111.94 -111.91 -111.84 -111.72 -111.59 -111.50 -111.47 -111.47 -111.47 -111.41 -111.31 -111.19 -111.09 -111.06 -111.06 -111.06 -111.09 -111.12 -111.16 -111.19 -111.22 -111.22 -111.25 -111.22 -111.19 -111.12 -111.03 -110.94 -110.84 -110.72 -110.66 -110.59 -110.56 -110.53 -110.50 -110.44 -110.44 -110.44 -110.50 -110.56 -110.66 -110.75 -110.88 -111.00 -111.06 -111.09 -111.09 -111.09 -111.09 -111.12 -111.19
-113.81 -113.56 -113.34 -113.12 -113.00 -113.09 -113.19 -113.28 -113.31 -113.28 -113.19 -113.06 -112.88 -112.69 -112.53 -112.47 -112.41 -112.34 -112.25 -112.09 -111.97 -111.88 -111.84 -111.81 -111.78 -111.72 -111.62 -111.50 -111.44 -111.38 -111.38 -111.41 -111.44 -111.47 -111.50 -111.50 -111.50 -111.50 -111.53 -111.53 -111.50 -111.44 -111.34 -111.25 -111.12 -111.00 -110.91 -110.84 -110.81 -110.75 -110.72 -110.69 -110.66 -110.69 -110.75 -110.81 -110.88 -110.97 -111.09 -111.19 -111.28 -111.34 -111.34 -111.34 -111.34 -111.38 -111.41
-114.19 -113.94 -113.69 -113.44 -113.34 -113.47 -113.59 -113.72 -113.75 -113.72 -113.62 -113.47 -113.28 -113.12 -113.00 -112.91 -112.84 -112.75 -112.62 -112.50 -112.34 -112.25 -112.22 -112.19 -112.12 -112.03 -111.94 -111.84 -111.75 -111.72 -111.72 -111.72 -111.75 -111.78 -111.78 -111.78 -111.78 -111.78 -111.78 -111.81 -111.78 -111.72 -111.62 -111.50 -111.38 -111.25 -111.16 -111.09 -111.03 -111.00 -110.97 -110.94 -110.91 -110.94 -110.97 -111.06 -111.12 -111.22 -111.31 -111.41 -111.50 -111.56 -111.59 -111.59 -111.62 -111.66 -111.66
