everonasctiles/Tile[12,3].asc
ncols 128
nrows 128
xllcorner 0
yllcorner 0
cellsize 2.0
NODATA_value  -9999
[rows 96 to 127 of 128, columns 0 to 70 of 128]
-33.19 -33.09 -33.03 -32.94 -32.88 -32.78 -32.66 -32.53 -32.44 -32.31 -32.19 -32.06 -31.97 -31.84 -31.69 -31.53 -31.38 -31.22 -31.06 -30.94 -30.88 -30.78 -30.72 -30.59 -30.44 -30.31 -30.16 -30.03 -29.94 -29.81 -29.69 -29.56 -29.47 -29.38 -29.28 -29.19 -29.09 -29.03 -28.94 -28.88 -28.81 -28.75 -28.69 -28.66 -28.59 -28.53 -28.47 -28.44 -28.38 -28.31 -28.25 -28.22 -28.16 -28.09 -28.03 -27.94 -27.84 -27.75 -27.66 -27.56 -27.47 -27.34 -27.25 -27.12 -27.03 -26.91 -26.78 -26.66 -26.53 -26.38 -26.22
-33.25 -33.19 -33.12 -33.03 -32.94 -32.84 -32.72 -32.59 -32.47 -32.34 -32.25 -32.12 -32.00 -31.88 -31.75 -31.59 -31.47 -31.34 -31.19 -31.09 -31.00 -30.91 -30.81 -30.69 -30.56 -30.41 -30.25 -30.16 -30.03 -29.91 -29.78 -29.69 -29.56 -29.47 -29.38 -29.28 -29.19 -29.12 -29.03 -28.97 -28.91 -28.84 -28.78 -28.72 -28.66 -28.59 -28.56 -28.50 -28.44 -28.41 -28.34 -28.28 -28.22 -28.16 -28.09 -28.00 -27.91 -27.81 -27.72 -27.62 -27.50 -27.41 -27.28 -27.16 -27.06 -26.94 -26.78 -26.66 -26.53 -26.41 -26.25
-33.31 -33.25 -33.19 -33.09 -33.00 -32.91 -32.78 -32.66 -32.53 -32.41 -32.28 -32.16 -32.06 -31.94 -31.81 -31.69 -31.53 -31.41 -31.31 -31.22 -31.12 -31.03 -30.91 -30.78 -30.66 -30.50 -30.38 -30.25 -30.12 -30.00 -29.88 -29.78 -29.66 -29.56 -29.47 -29.38 -29.28 -29.22 -29.12 -29.06 -29.00 -28.94 -28.88 -28.81 -28.75 -28.69 -28.62 -28.56 -28.53 -28.47 -28.41 -28.34 -28.28 -28.22 -28.16 -28.06 -27.97 -27.88 -27.78 -27.66 -27.56 -27.44 -27.31 -27.19 -27.06 -26.94 -26.81 -26.69 -26.56 -26.41 -26.25
-33.38 -33.31 -33.22 -33.12 -33.03 -32.94 -32.81 -32.69 -32.56 -32.44 -32.31 -32.22 -32.09 -31.97 -31.84 -31.72 -31.62 -31.50 -31.38 -31.28 -31.19 -31.09 -31.00 -30.88 -30.72 -30.59 -30.47 -30.34 -30.22 -30.09 -29.97 -29.84 -29.75 -29.66 -29.53 -29.47 -29.38 -29.28 -29.22 -29.16 -29.06 -29.00 -28.94 -28.88 -28.81 -28.78 -28.72 -28.66 -28.59 -28.56 -28.50 -28.44 -28.38 -28.28 -28.22 -28.12 -28.03 -27.94 -27.81 -27.72 -27.59 -27.47 -27.34 -27.22 -27.09 -26.97 -26.84 -26.72 -26.59 -26.44 -26.28
-33.41 -33.34 -33.25 -33.16 -33.06 -32.94 -32.84 -32.72 -32.59 -32.47 -32.34 -32.25 -32.12 -32.03 -31.91 -31.78 -31.66 -31.56 -31.47 -31.38 -31.28 -31.16 -31.06 -30.94 -30.81 -30.66 -30.53 -30.41 -30.28 -30.16 -30.06 -29.94 -29.84 -29.72 -29.62 -29.53 -29.47 -29.38 -29.31 -29.22 -29.16 -29.09 -29.03 -28.97 -28.91 -28.84 -28.78 -28.72 -28.69 -28.62 -28.56 -28.50 -28.44 -28.34 -28.28 -28.19 -28.09 -27.97 -27.88 -27.75 -27.62 -27.50 -27.38 -27.25 -27.12 -27.00 -26.88 -26.72 -26.59 -26.44 -26.28
-33.44 -33.34 -33.28 -33.19 -33.06 -32.97 -32.84 -32.75 -32.62 -32.50 -32.38 -32.28 -32.16 -32.06 -31.94 -31.81 -31.72 -31.62 -31.53 -31.44 -31.31 -31.22 -31.12 -31.00 -30.88 -30.75 -30.62 -30.50 -30.38 -30.25 -30.12 -30.03 -29.91 -29.81 -29.72 -29.62 -29.56 -29.47 -29.38 -29.31 -29.25 -29.19 -29.09 -29.03 -28.97 -28.91 -28.84 -28.81 -28.75 -28.69 -28.62 -28.56 -28.50 -28.41 -28.31 -28.22 -28.12 -28.03 -27.91 -27.78 -27.66 -27.53 -27.41 -27.28 -27.16 -27.03 -26.88 -26.75 -26.59 -26.44 -26.28
-33.44 -33.38 -33.28 -33.19 -33.09 -32.97 -32.88 -32.75 -32.62 -32.50 -32.41 -32.28 -32.19 -32.06 -31.97 -31.88 -31.75 -31.66 -31.56 -31.47 -31.38 -31.28 -31.16 -31.06 -30.94 -30.81 -30.69 -30.56 -30.44 -30.34 -30.22 -30.09 -30.00 -29.91 -29.81 -29.72 -29.62 -29.56 -29.47 -29.41 -29.31 -29.25 -29.19 -29.12 -29.06 -29.00 -28.94 -28.88 -28.81 -28.75 -28.69 -28.62 -28.56 -28.47 -28.41 -28.28 -28.19 -28.06 -27.97 -27.84 -27.69 -27.56 -27.44 -27.31 -27.19 -27.03 -26.91 -26.75 -26.59 -26.44 -26.28
-33.41 -33.34 -33.28 -33.19 -33.09 -33.00 -32.88 -32.75 -32.66 -32.53 -32.41 -32.31 -32.22 -32.09 -32.00 -31.91 -31.81 -31.72 -31.62 -31.53 -31.44 -31.34 -31.22 -31.12 -31.00 -30.88 -30.75 -30.66 -30.53 -30.41 -30.28 -30.19 -30.06 -29.97 -29.91 -29.81 -29.72 -29.62 -29.56 -29.47 -29.41 -29.34 -29.25 -29.19 -29.12 -29.06 -29.00 -28.94 -28.88 -28.84 -28.78 -28.72 -28.62 -28.53 -28.47 -28.34 -28.25 -28.12 -28.00 -27.88 -27.75 -27.59 -27.47 -27.31 -27.19 -27.03 -26.91 -26.75 -26.59 -26.44 -26.25
-33.38 -33.31 -33.28 -33.19 -33.09 -33.00 -32.88 -32.78 -32.66 -32.53 -32.44 -32.34 -32.25 -32.16 -32.06 -31.97 -31.88 -31.78 -31.69 -31.59 -31.50 -31.41 -31.28 -31.19 -31.06 -30.94 -30.84 -30.72 -30.59 -30.47 -30.38 -30.25 -30.16 -30.06 -29.97 -29.88 -29.81 -29.72 -29.62 -29.56 -29.47 -29.41 -29.34 -29.25 -29.19 -29.12 -29.06 -29.00 -28.97 -28.91 -28.84 -28.78 -28.69 -28.59 -28.50 -28.41 -28.31 -28.19 -28.03 -27.91 -27.78 -27.62 -27.50 -27.34 -27.19 -27.06 -26.91 -26.75 -26.59 -26.41 -26.25
-33.31 -33.28 -33.25 -33.16 -33.09 -32.97 -32.88 -32.78 -32.66 -32.56 -32.47 -32.38 -32.28 -32.19 -32.12 -32.03 -31.94 -31.84 -31.75 -31.66 -31.56 -31.47 -31.34 -31.25 -31.12 -31.03 -30.91 -30.78 -30.69 -30.56 -30.44 -30.34 -30.25 -30.16 -30.06 -29.97 -29.88 -29.78 -29.72 -29.62 -29.56 -29.47 -29.41 -29.34 -29.25 -29.19 -29.12 -29.06 -29.03 -28.97 -28.91 -28.84 -28.75 -28.66 -28.56 -28.44 -28.34 -28.22 -28.09 -27.94 -27.78 -27.66 -27.50 -27.34 -27.22 -27.06 -26.91 -26.75 -26.56 -26.41 -26.25
-33.25 -33.22 -33.19 -33.12 -33.06 -32.97 -32.88 -32.78 -32.66 -32.56 -32.50 -32.41 -32.34 -32.25 -32.19 -32.09 -32.00 -31.91 -31.81 -31.72 -31.62 -31.53 -31.41 -31.31 -31.19 -31.09 -30.97 -30.88 -30.75 -30.66 -30.53 -30.44 -30.31 -30.22 -30.12 -30.06 -29.97 -29.88 -29.78 -29.72 -29.62 -29.53 -29.47 -29.41 -29.31 -29.25 -29.19 -29.12 -29.09 -29.03 -28.97 -28.91 -28.81 -28.72 -28.62 -28.50 -28.38 -28.25 -28.09 -27.97 -27.81 -27.66 -27.50 -27.38 -27.22 -27.03 -26.88 -26.72 -26.56 -26.38 -26.22
-33.19 -33.16 -33.12 -33.09 -33.03 -32.94 -32.88 -32.78 -32.69 -32.59 -32.53 -32.47 -32.41 -32.31 -32.25 -32.16 -32.06 -31.97 -31.91 -31.78 -31.69 -31.59 -31.50 -31.38 -31.28 -31.16 -31.03 -30.94 -30.84 -30.72 -30.62 -30.50 -30.41 -30.31 -30.22 -30.12 -30.03 -29.94 -29.84 -29.78 -29.69 -29.59 -29.53 -29.44 -29.38 -29.31 -29.25 -29.19 -29.12 -29.09 -29.03 -28.97 -28.88 -28.78 -28.66 -28.53 -28.41 -28.28 -28.12 -27.97 -27.84 -27.69 -27.53 -27.38 -27.19 -27.03 -26.88 -26.69 -26.53 -26.34 -26.19
-33.12 -33.09 -33.06 -33.03 -33.00 -32.94 -32.84 -32.78 -32.69 -32.62 -32.56 -32.50 -32.44 -32.38 -32.31 -32.22 -32.12 -32.03 -31.97 -31.88 -31.75 -31.66 -31.56 -31.44 -31.34 -31.22 -31.12 -31.00 -30.91 -30.81 -30.69 -30.59 -30.50 -30.41 -30.31 -30.19 -30.09 -30.00 -29.91 -29.84 -29.75 -29.66 -29.59 -29.50 -29.44 -29.38 -29.31 -29.25 -29.19 -29.16 -29.09 -29.00 -28.91 -28.81 -28.69 -28.56 -28.44 -28.28 -28.16 -28.00 -27.84 -27.69 -27.53 -27.34 -27.19 -27.00 -26.84 -26.69 -26.50 -26.34 -26.16
-33.06 -33.03 -33.03 -33.00 -32.97 -32.91 -32.84 -32.78 -32.72 -32.66 -32.59 -32.56 -32.50 -32.44 -32.34 -32.28 -32.19 -32.09 -32.00 -31.91 -31.81 -31.72 -31.62 -31.50 -31.41 -31.28 -31.19 -31.09 -30.97 -30.88 -30.75 -30.66 -30.56 -30.47 -30.38 -30.28 -30.16 -30.06 -29.97 -29.88 -29.81 -29.72 -29.62 -29.56 -29.47 -29.41 -29.34 -29.31 -29.25 -29.19 -29.12 -29.06 -28.94 -28.84 -28.72 -28.56 -28.44 -28.28 -28.16 -28.00 -27.84 -27.69 -27.50 -27.34 -27.19 -27.00 -26.81 -26.66 -26.47 -26.31 -26.12
-33.00 -33.00 -32.97 -32.97 -32.94 -32.91 -32.84 -32.78 -32.72 -32.69 -32.66 -32.59 -32.53 -32.47 -32.41 -32.31 -32.25 -32.16 -32.06 -31.97 -31.88 -31.78 -31.69 -31.56 -31.47 -31.34 -31.25 -31.16 -31.03 -30.94 -30.84 -30.72 -30.62 -30.53 -30.44 -30.31 -30.22 -30.12 -30.03 -29.94 -29.84 -29.75 -29.69 -29.59 -29.50 -29.44 -29.38 -29.34 -29.28 -29.22 -29.16 -29.06 -28.97 -28.84 -28.72 -28.56 -28.44 -28.28 -28.12 -27.97 -27.81 -27.66 -27.50 -27.34 -27.16 -26.97 -26.81 -26.62 -26.44 -26.28 -26.09
-32.97 -32.97 -32.94 -32.94 -32.91 -32.88 -32.84 -32.78 -32.75 -32.72 -32.69 -32.62 -32.56 -32.50 -32.44 -32.38 -32.28 -32.22 -32.12 -32.03 -31.94 -31.84 -31.75 -31.62 -31.53 -31.41 -31.31 -31.22 -31.09 -31.00 -30.91 -30.81 -30.69 -30.59 -30.47 -30.38 -30.28 -30.19 -30.06 -29.97 -29.88 -29.81 -29.72 -29.62 -29.53 -29.47 -29.41 -29.34 -29.31 -29.25 -29.19 -29.09 -28.97 -28.84 -28.72 -28.56 -28.41 -28.28 -28.12 -27.97 -27.78 -27.62 -27.47 -27.31 -27.12 -26.94 -26.78 -26.59 -26.44 -26.25 -26.06
-32.97 -32.94 -32.94 -32.91 -32.91 -32.88 -32.84 -32.81 -32.75 -32.72 -32.69 -32.66 -32.59 -32.53 -32.47 -32.41 -32.34 -32.28 -32.19 -32.09 -32.00 -31.91 -31.81 -31.69 -31.59 -31.47 -31.38 -31.28 -31.19 -31.06 -30.97 -30.88 -30.75 -30.66 -30.53 -30.41 -30.31 -30.22 -30.09 -30.00 -29.91 -29.81 -29.72 -29.66 -29.56 -29.50 -29.44 -29.38 -29.31 -29.25 -29.19 -29.09 -28.97 -28.84 -28.69 -28.56 -28.41 -28.25 -28.09 -27.94 -27.75 -27.59 -27.44 -27.25 -27.09 -26.91 -26.72 -26.56 -26.38 -26.22 -26.03
-32.97 -32.94 -32.94 -32.91 -32.91 -32.88 -32.84 -32.81 -32.78 -32.75 -32.72 -32.69 -32.62 -32.56 -32.50 -32.44 -32.38 -32.31 -32.25 -32.16 -32.06 -31.97 -31.84 -31.75 -31.66 -31.53 -31.44 -31.34 -31.25 -31.12 -31.03 -30.91 -30.81 -30.69 -30.56 -30.47 -30.34 -30.25 -30.12 -30.03 -29.94 -29.84 -29.75 -29.66 -29.59 -29.50 -29.44 -29.38 -29.31 -29.25 -29.19 -29.06 -28.94 -28.81 -28.66 -28.50 -28.34 -28.19 -28.03 -27.88 -27.69 -27.53 -27.38 -27.19 -27.03 -26.84 -26.69 -26.50 -26.34 -26.19 -26.00
-32.97 -32.94 -32.94 -32.91 -32.91 -32.88 -32.84 -32.81 -32.78 -32.75 -32.72 -32.69 -32.66 -32.59 -32.56 -32.50 -32.44 -32.38 -32.28 -32.19 -32.09 -32.00 -31.91 -31.81 -31.72 -31.59 -31.50 -31.41 -31.31 -31.19 -31.09 -30.97 -30.84 -30.72 -30.62 -30.50 -30.38 -30.25 -30.16 -30.06 -29.94 -29.84 -29.75 -29.66 -29.59 -29.53 -29.44 -29.38 -29.31 -29.25 -29.16 -29.03 -28.91 -28.78 -28.62 -28.47 -28.31 -28.12 -27.97 -27.81 -27.62 -27.47 -27.31 -27.12 -26.97 -26.78 -26.62 -26.47 -26.28 -26.12 -25.97
-32.97 -32.94 -32.94 -32.91 -32.91 -32.88 -32.84 -32.81 -32.78 -32.75 -32.72 -32.72 -32.66 -32.62 -32.59 -32.53 -32.47 -32.41 -32.34 -32.25 -32.16 -32.06 -31.97 -31.88 -31.78 -31.66 -31.56 -31.47 -31.34 -31.25 -31.12 -31.00 -30.88 -30.75 -30.62 -30.53 -30.41 -30.28 -30.16 -30.06 -29.97 -29.84 -29.75 -29.66 -29.59 -29.50 -29.44 -29.38 -29.31 -29.22 -29.09 -28.94 -28.81 -28.72 -28.56 -28.38 -28.22 -28.06 -27.91 -27.72 -27.56 -27.38 -27.22 -27.06 -26.91 -26.75 -26.56 -26.41 -26.25 -26.09 -25.91
-32.97 -32.94 -32.94 -32.91 -32.88 -32.88 -32.84 -32.81 -32.78 -32.78 -32.75 -32.72 -32.69 -32.66 -32.62 -32.56 -32.50 -32.44 -32.38 -32.31 -32.22 -32.12 -32.03 -31.94 -31.81 -31.72 -31.62 -31.53 -31.41 -31.28 -31.16 -31.06 -30.91 -30.78 -30.66 -30.53 -30.41 -30.31 -30.19 -30.06 -29.97 -29.84 -29.75 -29.66 -29.59 -29.50 -29.44 -29.34 -29.28 -29.19 -29.03 -28.84 -28.72 -28.62 -28.47 -28.31 -28.12 -27.97 -27.81 -27.62 -27.47 -27.31 -27.12 -26.97 -26.81 -26.66 -26.50 -26.34 -26.19 -26.03 -25.88
-32.94 -32.94 -32.91 -32.91 -32.88 -32.84 -32.84 -32.81 -32.78 -32.78 -32.75 -32.72 -32.72 -32.69 -32.62 -32.59 -32.53 -32.47 -32.41 -32.34 -32.25 -32.16 -32.06 -31.97 -31.88 -31.78 -31.69 -31.56 -31.44 -31.34 -31.22 -31.09 -30.94 -30.81 -30.69 -30.56 -30.44 -30.31 -30.19 -30.06 -29.97 -29.84 -29.75 -29.66 -29.56 -29.47 -29.41 -29.34 -29.25 -29.16 -28.97 -28.81 -28.69 -28.56 -28.41 -28.22 -28.03 -27.84 -27.69 -27.56 -27.38 -27.22 -27.06 -26.91 -26.75 -26.59 -26.44 -26.28 -26.12 -25.97 -25.84
-32.94 -32.91 -32.91 -32.88 -32.84 -32.84 -32.81 -32.81 -32.81 -32.78 -32.75 -32.75 -32.72 -32.69 -32.66 -32.59 -32.56 -32.50 -32.44 -32.34 -32.28 -32.19 -32.12 -32.03 -31.94 -31.84 -31.72 -31.59 -31.47 -31.34 -31.22 -31.09 -30.97 -30.84 -30.69 -30.56 -30.44 -30.31 -30.19 -30.06 -29.94 -29.84 -29.72 -29.62 -29.53 -29.44 -29.38 -29.28 -29.22 -29.09 -28.94 -28.78 -28.59 -28.44 -28.31 -28.12 -27.91 -27.75 -27.62 -27.47 -27.31 -27.16 -26.97 -26.81 -26.66 -26.53 -26.38 -26.22 -26.06 -25.94 -25.78
-32.91 -32.88 -32.88 -32.84 -32.84 -32.81 -32.81 -32.81 -32.81 -32.78 -32.78 -32.75 -32.72 -32.69 -32.66 -32.59 -32.56 -32.50 -32.44 -32.38 -32.31 -32.22 -32.12 -32.06 -31.97 -31.84 -31.75 -31.62 -31.50 -31.38 -31.25 -31.09 -30.97 -30.84 -30.69 -30.56 -30.44 -30.31 -30.19 -30.03 -29.94 -29.81 -29.69 -29.59 -29.50 -29.41 -29.31 -29.25 -29.16 -29.06 -28.91 -28.78 -28.53 -28.38 -28.19 -28.00 -27.81 -27.66 -27.50 -27.38 -27.22 -27.06 -26.91 -26.72 -26.59 -26.44 -26.31 -26.16 -26.00 -25.84 -25.72
-32.84 -32.84 -32.84 -32.81 -32.81 -32.81 -32.81 -32.81 -32.81 -32.81 -32.78 -32.75 -32.72 -32.69 -32.66 -32.62 -32.56 -32.53 -32.44 -32.38 -32.31 -32.22 -32.16 -32.06 -31.97 -31.84 -31.75 -31.62 -31.50 -31.34 -31.22 -31.09 -30.94 -30.81 -30.69 -30.53 -30.41 -30.28 -30.16 -30.03 -29.91 -29.78 -29.66 -29.56 -29.44 -29.34 -29.25 -29.16 -29.06 -28.97 -28.84 -28.69 -28.50 -28.28 -28.06 -27.84 -27.72 -27.53 -27.38 -27.25 -27.09 -26.94 -26.78 -26.62 -26.47 -26.34 -26.22 -26.06 -25.91 -25.78 -25.66
-32.81 -32.81 -32.81 -32.78 -32.81 -32.81 -32.81 -32.84 -32.84 -32.84 -32.81 -32.78 -32.78 -32.75 -32.72 -32.66 -32.62 -32.56 -32.47 -32.41 -32.31 -32.22 -32.12 -32.03 -31.94 -31.81 -31.72 -31.59 -31.47 -31.31 -31.19 -31.06 -30.91 -30.78 -30.66 -30.50 -30.38 -30.25 -30.12 -30.00 -29.88 -29.75 -29.62 -29.50 -29.41 -29.31 -29.22 -29.09 -28.97 -28.88 -28.78 -28.59 -28.41 -28.19 -27.97 -27.75 -27.59 -27.41 -27.25 -27.09 -26.97 -26.81 -26.66 -26.50 -26.38 -26.22 -26.09 -25.97 -25.84 -25.72 -25.59
-32.78 -32.78 -32.78 -32.81 -32.81 -32.84 -32.84 -32.88 -32.88 -32.88 -32.88 -32.84 -32.84 -32.81 -32.78 -32.72 -32.66 -32.59 -32.53 -32.44 -32.34 -32.22 -32.12 -32.03 -31.91 -31.78 -31.66 -31.53 -31.41 -31.28 -31.16 -31.00 -30.88 -30.72 -30.59 -30.47 -30.34 -30.19 -30.06 -29.94 -29.81 -29.69 -29.59 -29.47 -29.34 -29.25 -29.16 -29.03 -28.88 -28.78 -28.66 -28.50 -28.34 -28.16 -27.94 -27.72 -27.44 -27.28 -27.12 -26.97 -26.84 -26.69 -26.53 -26.41 -26.28 -26.12 -26.00 -25.88 -25.75 -25.66 -25.56
-32.75 -32.78 -32.81 -32.81 -32.84 -32.88 -32.91 -32.94 -32.94 -32.94 -32.94 -32.94 -32.91 -32.88 -32.84 -32.78 -32.72 -32.66 -32.56 -32.47 -32.34 -32.25 -32.12 -32.00 -31.88 -31.75 -31.62 -31.50 -31.34 -31.22 -31.09 -30.94 -30.81 -30.69 -30.53 -30.41 -30.28 -30.16 -30.03 -29.91 -29.78 -29.66 -29.53 -29.44 -29.31 -29.19 -29.06 -28.94 -28.78 -28.62 -28.53 -28.41 -28.28 -28.16 -27.91 -27.62 -27.28 -27.12 -26.97 -26.84 -26.72 -26.56 -26.44 -26.31 -26.16 -26.03 -25.91 -25.78 -25.66 -25.56 -25.44
-32.78 -32.81 -32.84 -32.88 -32.91 -32.94 -32.97 -33.00 -33.03 -33.03 -33.03 -33.00 -33.00 -32.97 -32.94 -32.88 -32.81 -32.72 -32.62 -32.50 -32.38 -32.25 -32.12 -32.00 -31.88 -31.75 -31.59 -31.44 -31.28 -31.16 -31.03 -30.91 -30.75 -30.62 -30.50 -30.38 -30.22 -30.09 -29.97 -29.84 -29.72 -29.62 -29.50 -29.38 -29.25 -29.12 -28.97 -28.84 -28.69 -28.50 -28.41 -28.28 -28.16 -28.03 -27.78 -27.44 -27.25 -27.12 -26.84 -26.72 -26.59 -26.47 -26.31 -26.19 -26.03 -25.91 -25.78 -25.66 -25.53 -25.44 -25.34
-32.81 -32.84 -32.91 -32.94 -32.97 -33.00 -33.06 -33.09 -33.09 -33.12 -33.12 -33.09 -33.09 -33.06 -33.00 -32.94 -32.88 -32.75 -32.66 -32.53 -32.41 -32.28 -32.16 -32.03 -31.91 -31.75 -31.59 -31.44 -31.28 -31.16 -31.00 -30.88 -30.72 -30.59 -30.47 -30.31 -30.19 -30.06 -29.94 -29.81 -29.69 -29.56 -29.44 -29.31 -29.19 -29.06 -28.91 -28.75 -28.56 -28.38 -28.19 -28.06 -27.94 -27.81 -27.62 -27.41 -27.19 -27.00 -26.75 -26.56 -26.47 -26.34 -26.19 -26.03 -25.91 -25.75 -25.66 -25.53 -25.44 -25.34 -25.25
-32.88 -32.94 -32.97 -33.00 -33.06 -33.09 -33.12 -33.16 -33.19 -33.22 -33.19 -33.19 -33.16 -33.12 -33.09 -33.00 -32.94 -32.81 -32.72 -32.59 -32.47 -32.34 -32.22 -32.09 -31.94 -31.81 -31.66 -31.50 -31.38 -31.19 -31.03 -30.88 -30.75 -30.59 -30.44 -30.31 -30.16 -30.03 -29.88 -29.75 -29.62 -29.50 -29.38 -29.25 -29.12 -28.97 -28.81 -28.66 -28.47 -28.28 -28.03 -27.94 -27.78 -27.66 -27.50 -27.28 -27.16 -26.91 -26.72 -26.53 -26.34 -26.22 -26.06 -25.88 -25.69 -25.56 -25.44 -25.38 -25.25 -25.16 -25.06
-32.97 -33.03 -33.06 -33.09 -33.16 -33.19 -33.22 -33.25 -33.28 -33.28 -33.28 -33.28 -33.25 -33.22 -33.16 -33.09 -33.00 -32.88 -32.78 -32.66 -32.53 -32.41 -32.28 -32.16 -32.03 -31.88 -31.72 -31.59 -31.44 -31.25 -31.09 -30.94 -30.78 -30.62 -30.44 -30.31 -30.16 -30.00 -29.84 -29.72 -29.56 -29.44 -29.31 -29.19 -29.03 -28.91 -28.75 -28.56 -28.38 -28.16 -27.94 -27.78 -27.66 -27.53 -27.34 -27.16 -26.97 -26.78 -26.53 -26.38 -26.22 -26.00 -25.84 -25.69 -25.50 -25.34 -25.22 -25.16 -25.09 -25.00 -24.94
