everonasctiles/Tile38,41.asc
ncols 128
nrows 128
xllcorner 0
yllcorner 0
cellsize 2.0
NODATA_value  -9999
[rows 64 to 95 of 128, columns 0 to 70 of 128]
-56.88 -56.97 -57.09 -57.22 -57.31 -57.34 -57.38 -57.38 -57.31 -57.28 -57.25 -57.25 -57.22 -57.22 -57.25 -57.28 -57.31 -57.31 -57.28 -57.22 -57.16 -57.03 -56.94 -56.81 -56.69 -56.59 -56.50 -56.41 -56.38 -56.31 -56.22 -56.12 -56.03 -55.94 -55.81 -55.69 -55.56 -55.44 -55.22 -55.00 -54.78 -54.56 -54.34 -54.12 -54.00 -53.94 -53.84 -53.72 -53.59 -53.44 -53.28 -53.09 -52.88 -52.66 -52.41 -52.12 -51.84 -51.56 -51.22 -50.81 -50.56 -50.69 -50.81 -50.91 -50.97 -51.00 -50.97 -50.91 -50.81 -50.75 -50.66
-56.69 -56.84 -56.97 -57.12 -57.22 -57.31 -57.38 -57.41 -57.38 -57.34 -57.31 -57.28 -57.25 -57.22 -57.19 -57.19 -57.19 -57.19 -57.19 -57.12 -57.06 -56.97 -56.88 -56.78 -56.66 -56.53 -56.41 -56.31 -56.22 -56.12 -56.06 -55.94 -55.84 -55.72 -55.62 -55.50 -55.41 -55.28 -55.12 -54.94 -54.75 -54.53 -54.34 -54.19 -54.12 -54.03 -53.97 -53.84 -53.72 -53.53 -53.38 -53.19 -52.97 -52.75 -52.50 -52.22 -51.94 -51.66 -51.31 -50.88 -50.69 -50.88 -50.97 -51.06 -51.09 -51.06 -51.00 -50.88 -50.75 -50.69 -50.59
-56.50 -56.69 -56.84 -57.03 -57.16 -57.25 -57.34 -57.41 -57.41 -57.41 -57.38 -57.31 -57.25 -57.19 -57.16 -57.09 -57.09 -57.06 -57.06 -57.03 -57.00 -56.91 -56.84 -56.75 -56.62 -56.50 -56.38 -56.25 -56.16 -56.03 -55.94 -55.81 -55.69 -55.56 -55.47 -55.38 -55.28 -55.16 -55.03 -54.88 -54.72 -54.56 -54.44 -54.31 -54.25 -54.19 -54.09 -53.97 -53.84 -53.69 -53.50 -53.31 -53.09 -52.88 -52.62 -52.38 -52.09 -51.84 -51.47 -51.03 -50.94 -51.09 -51.16 -51.22 -51.19 -51.12 -50.97 -50.81 -50.66 -50.56 -50.47
-56.31 -56.53 -56.75 -56.91 -57.06 -57.19 -57.28 -57.34 -57.41 -57.44 -57.41 -57.34 -57.28 -57.19 -57.09 -57.03 -57.00 -56.97 -56.94 -56.94 -56.91 -56.88 -56.81 -56.72 -56.62 -56.50 -56.38 -56.25 -56.12 -56.00 -55.88 -55.75 -55.62 -55.50 -55.41 -55.31 -55.22 -55.12 -55.03 -54.91 -54.78 -54.66 -54.53 -54.47 -54.41 -54.34 -54.25 -54.12 -54.00 -53.84 -53.66 -53.47 -53.25 -53.03 -52.81 -52.56 -52.31 -52.03 -51.66 -51.28 -51.28 -51.34 -51.38 -51.38 -51.31 -51.12 -50.94 -50.72 -50.56 -50.44 -50.34
-56.19 -56.41 -56.62 -56.81 -56.97 -57.09 -57.22 -57.28 -57.34 -57.38 -57.41 -57.34 -57.28 -57.19 -57.09 -57.00 -56.91 -56.84 -56.84 -56.84 -56.81 -56.81 -56.78 -56.72 -56.62 -56.53 -56.41 -56.28 -56.12 -56.00 -55.88 -55.75 -55.66 -55.56 -55.44 -55.34 -55.28 -55.19 -55.09 -54.97 -54.88 -54.75 -54.69 -54.59 -54.56 -54.47 -54.41 -54.28 -54.16 -54.00 -53.81 -53.62 -53.44 -53.25 -53.03 -52.78 -52.53 -52.25 -51.88 -51.62 -51.62 -51.66 -51.62 -51.56 -51.41 -51.16 -50.91 -50.62 -50.41 -50.25 -50.16
-56.06 -56.31 -56.50 -56.69 -56.84 -57.00 -57.12 -57.22 -57.28 -57.31 -57.34 -57.34 -57.28 -57.19 -57.06 -56.97 -56.88 -56.78 -56.75 -56.72 -56.75 -56.75 -56.72 -56.69 -56.62 -56.53 -56.41 -56.28 -56.16 -56.03 -55.91 -55.81 -55.69 -55.59 -55.53 -55.44 -55.34 -55.25 -55.16 -55.06 -54.97 -54.88 -54.81 -54.75 -54.69 -54.62 -54.53 -54.44 -54.31 -54.16 -53.97 -53.81 -53.62 -53.44 -53.25 -53.00 -52.72 -52.47 -52.12 -51.97 -51.94 -51.94 -51.88 -51.75 -51.50 -51.22 -50.88 -50.56 -50.25 -50.06 -49.97
-55.91 -56.16 -56.34 -56.56 -56.75 -56.91 -57.03 -57.09 -57.19 -57.25 -57.28 -57.31 -57.28 -57.19 -57.06 -56.94 -56.81 -56.72 -56.66 -56.62 -56.62 -56.66 -56.66 -56.66 -56.62 -56.53 -56.44 -56.31 -56.19 -56.09 -55.97 -55.88 -55.78 -55.69 -55.59 -55.50 -55.44 -55.34 -55.25 -55.16 -55.06 -55.00 -54.94 -54.91 -54.84 -54.78 -54.69 -54.56 -54.44 -54.31 -54.16 -53.97 -53.81 -53.62 -53.44 -53.19 -52.94 -52.69 -52.41 -52.31 -52.28 -52.22 -52.12 -51.91 -51.59 -51.25 -50.88 -50.47 -50.06 -49.88 -49.78
-55.72 -55.94 -56.19 -56.41 -56.59 -56.78 -56.91 -56.97 -57.06 -57.12 -57.22 -57.25 -57.25 -57.16 -57.03 -56.88 -56.75 -56.62 -56.56 -56.53 -56.50 -56.53 -56.56 -56.59 -56.59 -56.53 -56.47 -56.34 -56.25 -56.12 -56.03 -55.91 -55.84 -55.75 -55.66 -55.59 -55.53 -55.44 -55.34 -55.25 -55.19 -55.09 -55.06 -55.00 -54.97 -54.91 -54.81 -54.69 -54.56 -54.44 -54.28 -54.12 -53.97 -53.81 -53.59 -53.38 -53.12 -52.91 -52.72 -52.62 -52.56 -52.47 -52.31 -52.00 -51.66 -51.28 -50.88 -50.41 -49.94 -49.66 -49.56
-55.47 -55.72 -56.00 -56.25 -56.47 -56.62 -56.72 -56.81 -56.91 -57.00 -57.09 -57.19 -57.19 -57.12 -56.97 -56.81 -56.66 -56.53 -56.44 -56.41 -56.41 -56.41 -56.47 -56.50 -56.53 -56.53 -56.47 -56.38 -56.28 -56.19 -56.06 -55.97 -55.88 -55.81 -55.75 -55.66 -55.59 -55.53 -55.44 -55.34 -55.25 -55.19 -55.12 -55.06 -55.00 -54.94 -54.88 -54.78 -54.66 -54.56 -54.41 -54.28 -54.12 -53.94 -53.75 -53.53 -53.34 -53.12 -53.00 -52.91 -52.81 -52.66 -52.38 -52.06 -51.69 -51.28 -50.84 -50.38 -49.91 -49.50 -49.34
-55.22 -55.50 -55.78 -56.06 -56.28 -56.44 -56.53 -56.62 -56.72 -56.84 -56.97 -57.09 -57.12 -57.03 -56.91 -56.72 -56.56 -56.41 -56.31 -56.25 -56.25 -56.31 -56.34 -56.41 -56.44 -56.44 -56.44 -56.38 -56.28 -56.19 -56.09 -56.00 -55.91 -55.84 -55.78 -55.72 -55.66 -55.59 -55.50 -55.41 -55.28 -55.19 -55.12 -55.03 -54.97 -54.91 -54.84 -54.78 -54.69 -54.59 -54.47 -54.34 -54.19 -54.03 -53.84 -53.69 -53.50 -53.34 -53.22 -53.09 -52.94 -52.69 -52.38 -52.03 -51.66 -51.25 -50.81 -50.38 -49.91 -49.47 -49.19
-54.94 -55.25 -55.56 -55.84 -56.06 -56.22 -56.31 -56.41 -56.56 -56.72 -56.88 -57.00 -57.03 -56.97 -56.81 -56.62 -56.47 -56.28 -56.19 -56.12 -56.12 -56.19 -56.22 -56.28 -56.31 -56.34 -56.34 -56.31 -56.25 -56.16 -56.06 -56.00 -55.91 -55.84 -55.78 -55.75 -55.69 -55.62 -55.50 -55.41 -55.28 -55.16 -55.06 -54.94 -54.88 -54.81 -54.75 -54.69 -54.59 -54.53 -54.44 -54.31 -54.19 -54.06 -53.94 -53.78 -53.62 -53.50 -53.34 -53.19 -52.94 -52.66 -52.31 -51.97 -51.59 -51.19 -50.75 -50.31 -49.88 -49.47 -49.09
-54.62 -54.97 -55.28 -55.59 -55.81 -55.94 -56.06 -56.19 -56.38 -56.56 -56.75 -56.88 -56.94 -56.88 -56.72 -56.53 -56.34 -56.16 -56.03 -55.97 -56.00 -56.03 -56.09 -56.16 -56.19 -56.22 -56.22 -56.19 -56.16 -56.09 -56.00 -55.94 -55.84 -55.78 -55.72 -55.69 -55.62 -55.56 -55.47 -55.34 -55.22 -55.09 -54.97 -54.84 -54.75 -54.69 -54.59 -54.53 -54.47 -54.38 -54.28 -54.19 -54.09 -54.00 -53.91 -53.78 -53.69 -53.53 -53.38 -53.12 -52.84 -52.53 -52.22 -51.84 -51.47 -51.06 -50.66 -50.22 -49.78 -49.34 -49.00
-54.31 -54.69 -55.03 -55.31 -55.53 -55.66 -55.81 -56.00 -56.22 -56.44 -56.62 -56.75 -56.81 -56.75 -56.62 -56.44 -56.25 -56.06 -55.88 -55.81 -55.84 -55.88 -55.94 -56.00 -56.03 -56.09 -56.09 -56.06 -56.03 -55.97 -55.91 -55.84 -55.78 -55.69 -55.66 -55.59 -55.53 -55.47 -55.38 -55.25 -55.12 -55.00 -54.88 -54.75 -54.62 -54.53 -54.47 -54.38 -54.31 -54.22 -54.12 -54.03 -53.94 -53.88 -53.81 -53.72 -53.62 -53.50 -53.28 -53.00 -52.72 -52.38 -52.03 -51.69 -51.31 -50.91 -50.47 -50.03 -49.59 -49.19 -48.84
-54.03 -54.38 -54.72 -55.00 -55.22 -55.41 -55.59 -55.81 -56.06 -56.28 -56.47 -56.62 -56.69 -56.62 -56.50 -56.31 -56.12 -55.91 -55.75 -55.66 -55.66 -55.72 -55.78 -55.81 -55.88 -55.94 -55.97 -55.94 -55.91 -55.84 -55.81 -55.75 -55.69 -55.59 -55.53 -55.50 -55.44 -55.34 -55.28 -55.16 -55.03 -54.91 -54.75 -54.62 -54.53 -54.41 -54.31 -54.25 -54.16 -54.06 -53.97 -53.84 -53.78 -53.72 -53.69 -53.62 -53.53 -53.38 -53.12 -52.84 -52.53 -52.19 -51.81 -51.44 -51.06 -50.69 -50.25 -49.81 -49.38 -48.97 -48.62
-53.75 -54.09 -54.41 -54.69 -54.94 -55.16 -55.38 -55.66 -55.91 -56.12 -56.31 -56.47 -56.50 -56.47 -56.34 -56.19 -55.97 -55.78 -55.59 -55.47 -55.47 -55.53 -55.59 -55.66 -55.72 -55.78 -55.81 -55.81 -55.78 -55.75 -55.69 -55.62 -55.56 -55.50 -55.44 -55.38 -55.31 -55.25 -55.16 -55.03 -54.91 -54.78 -54.66 -54.53 -54.41 -54.28 -54.19 -54.09 -54.00 -53.91 -53.81 -53.72 -53.66 -53.62 -53.59 -53.50 -53.38 -53.22 -52.97 -52.66 -52.34 -51.97 -51.56 -51.16 -50.75 -50.38 -49.97 -49.56 -49.16 -48.75 -48.38
-53.44 -53.81 -54.12 -54.41 -54.66 -54.91 -55.19 -55.47 -55.75 -55.97 -56.19 -56.28 -56.34 -56.28 -56.16 -56.00 -55.81 -55.59 -55.41 -55.28 -55.28 -55.34 -55.41 -55.47 -55.56 -55.62 -55.69 -55.69 -55.66 -55.62 -55.59 -55.53 -55.47 -55.41 -55.34 -55.28 -55.22 -55.12 -55.03 -54.91 -54.78 -54.66 -54.53 -54.41 -54.28 -54.19 -54.09 -54.00 -53.91 -53.84 -53.75 -53.69 -53.62 -53.59 -53.53 -53.41 -53.25 -53.06 -52.78 -52.47 -52.12 -51.75 -51.31 -50.84 -50.44 -50.03 -49.66 -49.28 -48.91 -48.47 -48.06
-53.19 -53.53 -53.88 -54.16 -54.44 -54.75 -55.03 -55.34 -55.59 -55.84 -56.03 -56.12 -56.16 -56.09 -55.97 -55.81 -55.62 -55.41 -55.22 -55.09 -55.09 -55.16 -55.22 -55.31 -55.41 -55.47 -55.53 -55.53 -55.53 -55.50 -55.47 -55.41 -55.34 -55.28 -55.22 -55.16 -55.09 -55.00 -54.91 -54.81 -54.69 -54.53 -54.41 -54.31 -54.19 -54.09 -54.00 -53.94 -53.88 -53.81 -53.75 -53.69 -53.66 -53.59 -53.50 -53.34 -53.12 -52.91 -52.62 -52.28 -51.91 -51.50 -51.03 -50.53 -50.00 -49.62 -49.28 -48.94 -48.53 -48.06 -47.62
-52.97 -53.31 -53.66 -53.97 -54.28 -54.59 -54.91 -55.19 -55.47 -55.69 -55.88 -55.94 -55.94 -55.88 -55.78 -55.62 -55.44 -55.25 -55.03 -54.91 -54.91 -54.97 -55.06 -55.12 -55.22 -55.28 -55.34 -55.38 -55.38 -55.38 -55.34 -55.28 -55.22 -55.16 -55.09 -55.03 -54.97 -54.88 -54.78 -54.69 -54.56 -54.44 -54.31 -54.22 -54.12 -54.03 -53.97 -53.91 -53.84 -53.81 -53.78 -53.75 -53.69 -53.59 -53.44 -53.25 -53.00 -52.75 -52.44 -52.09 -51.72 -51.31 -50.78 -50.22 -49.69 -49.25 -48.91 -48.56 -48.19 -47.78 -47.38
-52.88 -53.22 -53.53 -53.88 -54.19 -54.50 -54.81 -55.09 -55.31 -55.53 -55.69 -55.75 -55.75 -55.69 -55.56 -55.44 -55.28 -55.09 -54.91 -54.78 -54.75 -54.81 -54.88 -54.97 -55.03 -55.09 -55.16 -55.19 -55.22 -55.22 -55.19 -55.16 -55.09 -55.03 -55.00 -54.94 -54.84 -54.78 -54.69 -54.56 -54.47 -54.34 -54.25 -54.16 -54.09 -54.00 -53.94 -53.91 -53.88 -53.84 -53.84 -53.78 -53.72 -53.56 -53.41 -53.16 -52.91 -52.62 -52.28 -51.94 -51.56 -51.12 -50.66 -50.19 -49.72 -49.31 -48.94 -48.56 -48.22 -47.84 -47.50
-52.88 -53.19 -53.50 -53.81 -54.12 -54.44 -54.69 -54.94 -55.16 -55.34 -55.47 -55.53 -55.53 -55.47 -55.38 -55.25 -55.12 -54.97 -54.78 -54.66 -54.62 -54.66 -54.72 -54.78 -54.84 -54.91 -54.97 -55.03 -55.06 -55.06 -55.06 -55.03 -54.97 -54.91 -54.84 -54.78 -54.72 -54.66 -54.56 -54.47 -54.38 -54.28 -54.22 -54.12 -54.06 -54.00 -53.97 -53.94 -53.91 -53.91 -53.88 -53.81 -53.69 -53.53 -53.34 -53.09 -52.84 -52.53 -52.19 -51.81 -51.44 -51.03 -50.62 -50.22 -49.81 -49.44 -49.03 -48.69 -48.34 -48.00 -47.69
-52.88 -53.16 -53.47 -53.75 -54.03 -54.31 -54.56 -54.78 -54.97 -55.12 -55.25 -55.31 -55.34 -55.28 -55.19 -55.09 -54.94 -54.81 -54.66 -54.53 -54.50 -54.50 -54.56 -54.59 -54.66 -54.72 -54.78 -54.84 -54.91 -54.91 -54.91 -54.88 -54.84 -54.78 -54.72 -54.66 -54.59 -54.53 -54.44 -54.38 -54.31 -54.22 -54.16 -54.12 -54.06 -54.03 -54.00 -53.97 -53.97 -53.94 -53.88 -53.78 -53.62 -53.47 -53.28 -53.03 -52.78 -52.47 -52.12 -51.78 -51.41 -51.03 -50.66 -50.28 -49.91 -49.50 -49.12 -48.78 -48.44 -48.12 -47.81
-52.81 -53.06 -53.34 -53.62 -53.91 -54.19 -54.41 -54.59 -54.75 -54.88 -55.00 -55.06 -55.12 -55.09 -55.03 -54.94 -54.81 -54.66 -54.53 -54.41 -54.34 -54.34 -54.38 -54.44 -54.47 -54.56 -54.62 -54.69 -54.75 -54.78 -54.78 -54.75 -54.72 -54.66 -54.59 -54.53 -54.44 -54.38 -54.31 -54.28 -54.22 -54.19 -54.12 -54.09 -54.06 -54.06 -54.03 -54.03 -54.00 -53.94 -53.84 -53.72 -53.56 -53.41 -53.19 -52.97 -52.72 -52.44 -52.12 -51.78 -51.44 -51.09 -50.72 -50.34 -49.97 -49.59 -49.25 -48.91 -48.56 -48.25 -47.97
-52.69 -52.94 -53.19 -53.47 -53.75 -54.00 -54.22 -54.38 -54.50 -54.59 -54.72 -54.81 -54.88 -54.91 -54.88 -54.78 -54.66 -54.53 -54.41 -54.28 -54.22 -54.19 -54.22 -54.25 -54.31 -54.38 -54.47 -54.53 -54.59 -54.62 -54.66 -54.62 -54.59 -54.56 -54.47 -54.41 -54.31 -54.25 -54.19 -54.16 -54.12 -54.09 -54.09 -54.06 -54.06 -54.06 -54.06 -54.06 -54.00 -53.91 -53.78 -53.62 -53.47 -53.31 -53.09 -52.88 -52.62 -52.34 -52.06 -51.78 -51.44 -51.12 -50.78 -50.44 -50.06 -49.72 -49.38 -49.03 -48.72 -48.41 -48.12
-52.50 -52.75 -53.00 -53.28 -53.53 -53.78 -53.97 -54.12 -54.22 -54.31 -54.41 -54.50 -54.62 -54.69 -54.69 -54.62 -54.53 -54.41 -54.28 -54.16 -54.06 -54.03 -54.06 -54.09 -54.16 -54.22 -54.31 -54.38 -54.44 -54.50 -54.53 -54.53 -54.50 -54.44 -54.38 -54.28 -54.19 -54.09 -54.06 -54.03 -54.03 -54.00 -54.00 -54.00 -54.00 -54.00 -54.03 -54.03 -53.97 -53.88 -53.72 -53.56 -53.38 -53.19 -52.97 -52.75 -52.47 -52.22 -51.94 -51.66 -51.38 -51.09 -50.78 -50.47 -50.12 -49.81 -49.50 -49.19 -48.88 -48.59 -48.28
-52.31 -52.56 -52.81 -53.06 -53.31 -53.53 -53.69 -53.81 -53.91 -53.97 -54.09 -54.22 -54.34 -54.44 -54.47 -54.44 -54.38 -54.25 -54.12 -54.00 -53.94 -53.88 -53.91 -53.94 -54.00 -54.09 -54.16 -54.25 -54.31 -54.38 -54.41 -54.44 -54.41 -54.34 -54.25 -54.16 -54.03 -53.97 -53.91 -53.91 -53.91 -53.91 -53.88 -53.88 -53.91 -53.94 -53.97 -53.94 -53.91 -53.81 -53.66 -53.50 -53.31 -53.09 -52.88 -52.62 -52.34 -52.06 -51.78 -51.53 -51.25 -51.00 -50.72 -50.47 -50.16 -49.88 -49.59 -49.31 -49.00 -48.72 -48.44
-52.12 -52.38 -52.62 -52.84 -53.06 -53.25 -53.38 -53.50 -53.56 -53.62 -53.75 -53.91 -54.03 -54.16 -54.19 -54.19 -54.16 -54.09 -54.00 -53.88 -53.78 -53.75 -53.78 -53.81 -53.91 -53.97 -54.06 -54.12 -54.19 -54.25 -54.31 -54.31 -54.31 -54.25 -54.16 -54.03 -53.91 -53.84 -53.78 -53.75 -53.75 -53.75 -53.72 -53.72 -53.75 -53.78 -53.84 -53.84 -53.81 -53.72 -53.59 -53.44 -53.25 -53.03 -52.81 -52.56 -52.28 -52.00 -51.69 -51.41 -51.16 -50.91 -50.69 -50.44 -50.19 -49.91 -49.66 -49.38 -49.09 -48.81 -48.53
-51.97 -52.19 -52.41 -52.59 -52.78 -52.94 -53.03 -53.12 -53.16 -53.22 -53.38 -53.56 -53.72 -53.84 -53.91 -53.94 -53.94 -53.88 -53.81 -53.75 -53.69 -53.66 -53.66 -53.72 -53.78 -53.88 -53.94 -54.00 -54.06 -54.12 -54.19 -54.19 -54.19 -54.12 -54.03 -53.91 -53.78 -53.69 -53.62 -53.59 -53.59 -53.56 -53.56 -53.56 -53.59 -53.62 -53.66 -53.69 -53.69 -53.62 -53.53 -53.41 -53.22 -53.03 -52.78 -52.56 -52.28 -52.00 -51.72 -51.44 -51.16 -50.91 -50.66 -50.41 -50.16 -49.91 -49.66 -49.38 -49.12 -48.84 -48.56
-51.81 -52.00 -52.19 -52.34 -52.50 -52.59 -52.69 -52.72 -52.75 -52.81 -53.00 -53.22 -53.41 -53.53 -53.62 -53.66 -53.66 -53.66 -53.66 -53.59 -53.56 -53.56 -53.59 -53.62 -53.72 -53.78 -53.84 -53.91 -53.97 -54.00 -54.03 -54.06 -54.03 -53.97 -53.88 -53.75 -53.66 -53.53 -53.47 -53.44 -53.41 -53.38 -53.38 -53.38 -53.38 -53.44 -53.47 -53.50 -53.50 -53.47 -53.41 -53.31 -53.16 -52.97 -52.75 -52.53 -52.28 -52.03 -51.75 -51.50 -51.22 -50.97 -50.69 -50.44 -50.16 -49.88 -49.62 -49.34 -49.09 -48.81 -48.53
-51.62 -51.81 -51.97 -52.09 -52.19 -52.25 -52.28 -52.31 -52.31 -52.41 -52.62 -52.88 -53.06 -53.22 -53.28 -53.34 -53.41 -53.44 -53.47 -53.47 -53.47 -53.47 -53.50 -53.56 -53.62 -53.69 -53.75 -53.81 -53.84 -53.88 -53.91 -53.91 -53.88 -53.81 -53.72 -53.62 -53.50 -53.41 -53.31 -53.25 -53.22 -53.19 -53.16 -53.16 -53.19 -53.22 -53.22 -53.25 -53.25 -53.25 -53.22 -53.16 -53.03 -52.88 -52.66 -52.47 -52.25 -52.03 -51.78 -51.53 -51.28 -51.00 -50.72 -50.44 -50.16 -49.88 -49.59 -49.31 -49.03 -48.75 -48.47
-51.41 -51.59 -51.72 -51.81 -51.88 -51.91 -51.91 -51.88 -51.88 -52.03 -52.28 -52.53 -52.72 -52.88 -52.97 -53.06 -53.16 -53.22 -53.25 -53.31 -53.34 -53.38 -53.44 -53.50 -53.56 -53.62 -53.69 -53.72 -53.75 -53.75 -53.75 -53.75 -53.72 -53.69 -53.59 -53.47 -53.38 -53.25 -53.12 -53.06 -53.00 -52.97 -52.94 -52.94 -52.97 -52.97 -52.97 -52.97 -52.97 -53.00 -53.00 -52.97 -52.88 -52.72 -52.53 -52.34 -52.16 -51.97 -51.75 -51.53 -51.28 -51.00 -50.69 -50.41 -50.12 -49.84 -49.53 -49.25 -48.97 -48.69 -48.41
-51.19 -51.31 -51.44 -51.50 -51.56 -51.53 -51.53 -51.47 -51.50 -51.72 -51.97 -52.19 -52.38 -52.50 -52.62 -52.78 -52.88 -52.97 -53.06 -53.16 -53.22 -53.28 -53.38 -53.44 -53.50 -53.56 -53.59 -53.62 -53.62 -53.62 -53.62 -53.62 -53.59 -53.53 -53.47 -53.34 -53.22 -53.09 -52.97 -52.91 -52.84 -52.78 -52.75 -52.72 -52.72 -52.69 -52.69 -52.69 -52.69 -52.69 -52.72 -52.72 -52.69 -52.56 -52.41 -52.22 -52.03 -51.84 -51.66 -51.44 -51.19 -50.94 -50.62 -50.34 -50.06 -49.78 -49.50 -49.22 -48.94 -48.66 -48.38
-50.91 -51.03 -51.12 -51.19 -51.22 -51.22 -51.16 -51.12 -51.19 -51.41 -51.62 -51.84 -52.00 -52.16 -52.31 -52.50 -52.62 -52.75 -52.88 -52.97 -53.09 -53.19 -53.28 -53.34 -53.41 -53.47 -53.50 -53.53 -53.53 -53.53 -53.50 -53.50 -53.44 -53.38 -53.31 -53.22 -53.09 -52.97 -52.84 -52.72 -52.66 -52.59 -52.56 -52.53 -52.50 -52.44 -52.41 -52.38 -52.38 -52.41 -52.44 -52.44 -52.44 -52.41 -52.28 -52.09 -51.91 -51.72 -51.50 -51.31 -51.06 -50.81 -50.53 -50.22 -49.94 -49.66 -49.41 -49.12 -48.88 -48.62 -48.34
