everonasctiles/Tile[12,17].asc
ncols 128
nrows 128
xllcorner 0
yllcorner 0
cellsize 2.0
NODATA_value  -9999
[rows 0 to 31 of 128, columns 0 to 71 of 128]
91.28 91.59 92.00 92.19 92.31 92.53 92.91 93.25 93.56 93.88 94.03 94.56 95.53 96.03 96.50 97.06 97.50 97.84 98.12 98.31 98.41 98.47 98.50 98.50 98.47 98.56 98.62 98.69 99.16 100.06 100.56 100.84 101.72 102.25 102.62 102.94 103.25 103.59 103.81 104.00 104.19 104.28 104.31 104.28 104.28 104.28 104.44 104.69 104.88 105.28 105.75 106.12 106.50 107.09 107.69 108.25 108.78 109.09 109.41 109.72 109.91 110.06 110.19 110.28 110.41 110.56 110.69 110.75 110.78 110.78 110.78 110.59
91.16 91.50 91.81 92.22 92.34 92.50 92.78 93.22 93.47 93.81 94.00 94.47 95.31 95.91 96.28 96.88 97.38 97.72 98.12 98.34 98.47 98.53 98.59 98.66 98.69 98.91 98.94 99.22 99.84 100.59 101.19 101.59 102.12 102.59 102.81 103.09 103.38 103.62 103.81 103.97 104.09 104.22 104.25 104.25 104.19 104.22 104.28 104.56 104.75 105.16 105.53 106.12 106.69 107.28 107.84 108.28 108.88 109.22 109.50 109.75 109.94 110.09 110.22 110.31 110.41 110.50 110.59 110.66 110.69 110.69 110.44 110.66
91.91 92.06 92.00 91.97 92.31 92.53 92.81 93.09 93.44 93.62 93.97 94.31 95.06 95.38 96.16 96.66 97.03 97.72 98.03 98.28 98.41 98.50 98.56 98.81 99.00 99.19 99.50 99.78 100.38 100.66 101.50 101.72 102.31 102.72 102.97 103.22 103.44 103.62 103.81 103.94 104.06 104.12 104.16 104.16 104.12 104.12 104.22 104.41 104.72 105.12 105.53 106.06 106.78 107.53 108.09 108.50 108.88 109.09 109.53 109.75 109.94 110.03 110.09 110.16 110.22 110.25 110.25 110.44 110.19 110.34 110.72 110.78
92.16 92.28 92.34 92.19 92.22 92.50 92.72 93.03 93.25 93.41 93.72 94.25 94.53 95.34 95.88 96.12 96.94 97.53 97.81 98.00 98.16 98.31 98.53 98.81 99.12 99.53 100.00 100.28 100.56 101.16 101.62 102.09 102.38 102.72 102.91 103.22 103.44 103.59 103.72 103.84 103.97 104.03 104.03 104.03 104.06 104.09 104.16 104.44 104.75 105.16 105.50 106.19 106.72 107.47 108.12 108.50 108.75 109.06 109.47 109.72 109.84 109.91 109.91 109.84 109.91 109.91 110.03 109.91 110.38 110.50 110.69 110.81
92.34 92.50 92.50 92.38 92.28 92.47 92.66 92.88 93.09 93.28 93.59 93.94 94.53 95.03 95.53 95.94 96.47 97.06 97.31 97.59 97.75 98.03 98.38 98.72 99.12 99.66 100.16 100.62 100.94 101.19 101.62 102.09 102.38 102.59 102.81 103.09 103.34 103.50 103.56 103.75 103.88 103.94 103.94 103.84 103.91 104.06 104.16 104.41 104.72 105.22 105.66 106.06 106.75 107.38 107.94 108.31 108.62 109.00 109.38 109.66 109.78 109.66 109.59 109.56 109.59 109.62 109.84 109.88 110.19 110.50 110.66 110.81
92.53 92.66 92.62 92.59 92.41 92.47 92.66 92.81 92.94 93.22 93.50 93.84 94.34 94.81 95.06 95.62 96.06 96.59 96.88 97.16 97.53 97.84 98.03 98.62 99.12 99.50 100.16 100.56 100.88 101.09 101.47 101.81 102.09 102.34 102.59 102.75 103.19 103.34 103.47 103.56 103.72 103.84 103.81 103.75 103.91 104.00 104.19 104.47 104.75 105.28 105.69 106.09 106.62 107.22 107.53 108.03 108.44 108.88 109.25 109.56 109.62 109.47 109.53 109.53 109.56 109.62 109.72 110.00 110.22 110.47 110.66 110.78
92.69 92.75 92.78 92.66 92.56 92.50 92.62 92.78 92.97 93.22 93.50 93.88 94.28 94.66 94.94 95.38 95.69 96.19 96.66 96.94 97.28 97.53 97.91 98.34 99.00 99.47 99.94 100.31 100.50 100.62 101.03 101.31 101.78 102.12 102.38 102.62 102.94 103.12 103.22 103.38 103.56 103.69 103.69 103.69 103.69 103.97 104.19 104.47 104.94 105.34 105.75 106.19 106.62 106.91 107.19 107.28 107.72 108.03 108.44 108.69 108.97 109.38 109.53 109.53 109.56 109.66 109.81 109.97 110.22 110.38 110.56 110.78
92.81 92.84 92.84 92.69 92.66 92.56 92.62 92.78 93.00 93.28 93.53 93.84 94.22 94.56 94.88 95.25 95.59 96.00 96.44 96.78 97.03 97.34 97.81 98.34 98.84 99.16 99.69 100.03 100.09 100.16 100.50 100.88 101.22 101.81 101.97 102.38 102.59 102.69 102.97 103.25 103.41 103.44 103.47 103.50 103.88 104.00 104.16 104.38 104.75 105.22 105.72 106.06 106.22 106.59 107.03 107.59 108.31 108.69 109.19 109.44 109.62 109.56 109.56 109.56 109.59 109.66 109.84 110.00 110.19 110.38 110.56 110.75
92.81 92.88 92.84 92.75 92.75 92.69 92.66 92.72 92.97 93.31 93.59 93.88 94.19 94.44 94.81 95.12 95.56 95.91 96.28 96.59 96.91 97.31 97.66 98.06 98.75 99.16 99.50 99.56 99.59 99.78 100.22 100.72 101.09 101.25 101.62 102.06 102.12 102.38 102.78 103.06 103.16 103.22 103.25 103.69 103.88 104.12 104.38 104.69 104.97 105.19 105.47 105.78 106.38 106.84 107.28 107.88 108.31 109.03 109.41 109.62 109.75 109.75 109.62 109.59 109.66 109.75 109.91 110.03 110.16 110.38 110.56 110.78
92.84 92.88 92.84 92.81 92.84 92.88 92.81 92.75 92.84 93.16 93.56 93.84 94.06 94.41 94.69 95.12 95.50 95.81 96.12 96.44 96.88 97.22 97.59 98.03 98.56 98.97 99.06 99.25 99.41 99.69 100.16 100.47 100.78 101.22 101.50 101.78 102.03 102.19 102.56 102.81 102.78 102.97 103.31 103.56 103.81 104.09 104.38 104.69 105.06 105.41 105.78 106.09 106.56 107.00 107.28 108.03 108.69 109.22 109.56 109.78 109.84 109.88 109.78 109.75 109.69 109.84 109.94 110.06 110.19 110.34 110.59 110.81
92.88 92.94 92.94 92.88 92.91 92.94 93.06 93.00 92.94 93.03 93.38 93.75 94.09 94.34 94.72 95.03 95.34 95.72 96.06 96.44 96.84 97.25 97.59 97.97 98.31 98.66 98.84 99.12 99.38 99.75 100.09 100.47 100.81 101.12 101.47 101.69 101.88 102.16 102.38 102.47 102.72 102.97 103.16 103.44 103.75 104.06 104.38 104.72 105.06 105.47 105.84 106.16 106.59 107.19 107.62 108.06 108.88 109.25 109.75 109.94 110.00 109.97 109.84 109.81 109.78 109.91 109.97 110.09 110.22 110.34 110.56 110.88
92.94 93.03 93.03 93.06 93.03 93.12 93.12 93.28 93.25 93.25 93.22 93.56 93.97 94.31 94.62 94.97 95.34 95.69 96.06 96.47 96.88 97.22 97.56 97.88 98.09 98.44 98.69 99.00 99.34 99.66 100.06 100.41 100.72 101.00 101.25 101.47 101.84 101.97 102.16 102.38 102.62 102.84 103.12 103.41 103.69 104.00 104.31 104.69 105.06 105.50 105.97 106.34 106.81 107.28 107.81 108.28 108.97 109.44 109.78 110.00 110.06 110.03 109.94 109.81 109.81 109.94 110.00 110.12 110.28 110.44 110.69 110.94
93.03 93.09 93.22 93.19 93.12 93.22 93.19 93.38 93.50 93.50 93.44 93.56 93.72 94.19 94.59 94.94 95.31 95.72 96.03 96.41 96.84 97.12 97.47 97.72 98.00 98.31 98.62 98.97 99.19 99.56 99.88 100.22 100.56 100.81 101.00 101.38 101.66 101.81 102.00 102.16 102.53 102.75 102.97 103.25 103.62 103.97 104.25 104.66 104.97 105.44 105.97 106.44 106.81 107.47 107.81 108.50 108.94 109.38 109.72 110.00 110.09 110.06 109.97 109.91 109.84 109.88 110.03 110.16 110.31 110.53 110.75 111.06
93.25 93.38 93.44 93.41 93.28 93.38 93.38 93.50 93.66 93.75 93.66 93.66 93.78 93.91 94.56 94.91 95.28 95.66 96.03 96.41 96.72 97.06 97.38 97.72 98.03 98.31 98.56 98.88 99.16 99.44 99.72 100.09 100.38 100.62 100.91 100.97 101.03 101.25 101.69 102.25 102.53 102.78 103.03 103.25 103.56 103.94 104.28 104.62 104.91 105.41 106.00 106.50 106.97 107.47 107.94 108.44 108.81 109.09 109.59 109.91 110.03 110.03 109.97 109.94 109.84 109.97 110.09 110.25 110.44 110.62 110.81 111.12
93.47 93.62 93.66 93.62 93.56 93.53 93.59 93.72 93.78 93.88 93.94 93.84 94.00 94.00 94.09 94.72 95.28 95.56 95.94 96.25 96.66 96.94 97.31 97.66 97.94 98.16 98.53 98.78 99.06 99.31 99.59 99.88 100.00 100.47 100.16 100.53 101.12 101.72 102.00 102.25 102.50 102.78 103.03 103.28 103.59 103.94 104.25 104.62 105.03 105.50 105.97 106.44 106.69 107.34 107.62 108.25 108.62 108.94 109.25 109.72 109.91 109.97 109.97 109.94 109.91 110.03 110.16 110.34 110.50 110.66 110.91 111.12
93.66 93.81 93.88 93.88 93.91 93.81 93.88 93.97 94.03 94.03 94.16 94.06 94.25 94.50 94.34 94.41 94.78 95.16 95.84 96.19 96.53 96.88 97.25 97.53 97.84 98.12 98.41 98.72 98.69 99.03 99.12 99.28 99.81 99.81 100.56 101.03 101.59 102.06 102.22 102.47 102.69 102.94 103.12 103.41 103.66 103.91 104.19 104.56 104.97 105.47 105.91 106.31 106.72 107.19 107.59 107.81 108.38 108.75 109.16 109.53 109.72 109.84 109.91 109.97 109.97 110.06 110.25 110.41 110.59 110.78 110.94 111.28
93.78 94.00 94.09 94.09 94.22 94.25 94.25 94.16 94.31 94.31 94.38 94.44 94.31 94.78 94.94 94.94 95.09 95.34 95.41 96.06 96.16 96.44 96.69 97.00 97.34 97.62 97.97 98.16 98.72 98.88 99.22 99.44 99.59 100.25 100.88 101.41 101.78 102.03 102.22 102.44 102.69 102.94 103.19 103.47 103.72 103.94 104.19 104.38 104.69 105.28 105.78 106.16 106.50 106.94 107.41 107.69 108.22 108.66 109.00 109.38 109.53 109.72 109.88 109.94 110.03 110.12 110.25 110.47 110.66 110.84 111.00 111.25
93.91 94.19 94.34 94.44 94.53 94.56 94.53 94.53 94.69 94.69 94.62 94.75 94.75 94.72 95.22 95.25 95.41 95.69 95.94 95.69 96.28 96.75 97.09 97.28 97.62 97.81 98.09 98.47 98.66 99.06 99.34 99.62 100.12 100.72 101.19 101.44 101.66 101.88 102.12 102.38 102.69 102.97 103.25 103.50 103.78 104.03 104.28 104.44 104.62 104.94 105.47 106.00 106.31 106.72 107.16 107.66 108.09 108.59 109.03 109.34 109.50 109.56 109.78 109.94 110.06 110.19 110.41 110.53 110.72 110.97 111.19 111.38
93.97 94.28 94.44 94.66 94.75 94.88 94.97 95.00 95.09 95.06 94.97 95.06 95.22 95.25 95.31 95.53 95.66 95.94 96.19 96.44 96.62 96.81 97.22 97.53 97.69 98.00 98.25 98.56 98.84 99.16 99.56 100.12 100.62 100.91 101.09 101.31 101.53 101.75 102.00 102.34 102.69 102.97 103.28 103.56 103.81 104.09 104.38 104.56 104.75 104.94 105.16 105.69 106.22 106.66 106.97 107.44 108.00 108.53 108.91 109.19 109.38 109.50 109.62 109.81 110.06 110.31 110.56 110.81 111.00 111.06 111.34 111.62
93.75 94.09 94.41 94.62 94.75 94.94 95.12 95.31 95.47 95.47 95.44 95.62 95.69 95.56 95.53 95.72 96.00 96.00 96.28 96.62 96.91 97.22 97.44 97.72 97.97 98.19 98.44 98.78 99.12 99.53 100.03 100.41 100.59 100.78 100.97 101.19 101.41 101.62 101.84 102.19 102.72 103.03 103.34 103.56 103.94 104.19 104.50 104.69 104.88 105.06 105.25 105.44 105.88 106.50 107.00 107.44 107.81 108.41 108.66 108.94 109.19 109.28 109.50 109.78 110.06 110.25 110.66 110.94 111.19 111.38 111.53 111.88
92.81 93.50 93.94 94.28 94.56 94.78 95.16 95.50 95.75 95.78 96.00 96.12 96.16 96.09 95.81 95.84 96.19 96.41 96.50 96.84 97.12 97.41 97.72 97.97 98.31 98.59 98.94 99.25 99.59 99.84 100.09 100.28 100.47 100.69 100.88 101.06 101.28 101.59 102.25 102.88 103.22 103.34 103.59 103.75 103.84 104.28 104.62 104.81 105.00 105.19 105.38 105.56 105.91 106.34 106.75 107.19 107.66 108.06 108.28 108.69 108.88 109.12 109.34 109.62 109.88 110.16 110.44 110.72 111.03 111.34 111.62 111.94
92.56 92.97 93.41 93.91 94.28 94.69 95.12 95.56 95.94 96.25 96.50 96.69 96.78 96.72 96.59 96.53 96.41 96.72 96.84 97.19 97.47 97.84 98.19 98.53 98.81 99.03 99.22 99.41 99.59 99.78 99.97 100.19 100.38 100.56 100.75 100.97 101.62 102.41 102.97 103.34 103.53 103.66 103.62 103.91 104.16 104.38 104.44 104.91 105.16 105.34 105.53 105.75 106.06 106.41 106.75 107.09 107.50 107.91 108.19 108.44 108.72 108.97 109.25 109.53 109.78 110.06 110.31 110.59 110.94 111.25 111.59 111.94
92.62 93.03 93.44 93.91 94.31 94.75 95.16 95.56 95.97 96.31 96.66 96.94 97.16 97.38 97.44 97.47 97.47 97.53 97.69 97.88 98.12 98.31 98.50 98.66 98.84 99.00 99.19 99.34 99.53 99.72 99.91 100.06 100.25 100.44 100.88 101.56 102.38 102.84 103.22 103.47 103.72 103.88 103.94 104.06 104.25 104.47 104.66 104.72 105.22 105.50 105.69 105.88 106.19 106.50 106.84 107.19 107.56 107.91 108.19 108.44 108.72 108.97 109.25 109.50 109.75 110.03 110.28 110.59 110.94 111.25 111.56 111.91
92.72 93.12 93.53 93.94 94.34 94.78 95.19 95.59 96.00 96.34 96.69 96.97 97.19 97.41 97.50 97.56 97.62 97.72 97.81 97.97 98.12 98.28 98.47 98.62 98.78 98.97 99.12 99.31 99.47 99.66 99.84 100.03 100.22 100.78 101.41 102.06 102.50 102.94 103.25 103.62 103.81 104.00 104.12 104.22 104.41 104.59 104.78 105.03 105.31 105.53 105.72 106.00 106.28 106.59 106.94 107.28 107.59 107.91 108.16 108.44 108.69 108.97 109.22 109.47 109.75 110.00 110.28 110.59 110.91 111.25 111.56 111.91
92.78 93.19 93.56 93.97 94.38 94.81 95.22 95.62 96.00 96.38 96.72 97.00 97.22 97.44 97.50 97.56 97.62 97.72 97.81 97.94 98.09 98.25 98.41 98.59 98.75 98.94 99.09 99.28 99.44 99.59 99.84 100.19 100.69 101.31 101.75 102.16 102.53 102.84 103.31 103.66 103.88 104.09 104.28 104.31 104.56 104.72 104.97 105.25 105.50 105.72 105.91 106.16 106.38 106.69 107.03 107.31 107.62 107.91 108.16 108.44 108.69 108.94 109.19 109.47 109.72 110.00 110.25 110.59 110.91 111.25 111.56 111.91
92.81 93.19 93.56 94.00 94.41 94.84 95.25 95.66 96.03 96.38 96.75 97.03 97.25 97.44 97.50 97.56 97.62 97.72 97.81 97.91 98.06 98.22 98.38 98.53 98.72 98.91 99.12 99.41 99.69 99.88 100.28 100.66 100.97 101.44 101.78 102.19 102.50 102.88 103.28 103.69 103.91 104.19 104.41 104.56 104.66 104.91 105.16 105.44 105.69 105.91 106.16 106.41 106.69 106.94 107.19 107.38 107.69 107.81 108.12 108.41 108.66 108.94 109.19 109.44 109.72 109.97 110.22 110.50 110.75 111.03 111.31 111.59
92.44 92.84 93.31 93.69 94.03 94.44 94.84 95.34 95.81 96.25 96.66 97.00 97.25 97.44 97.53 97.59 97.66 97.72 97.81 97.94 98.06 98.28 98.53 98.75 99.09 99.03 99.69 99.94 100.16 100.38 100.56 100.75 101.09 101.56 101.94 102.38 102.72 103.06 103.34 103.62 103.91 104.25 104.47 104.72 104.84 105.00 105.28 105.59 105.81 106.09 106.31 106.59 106.94 107.25 107.59 107.69 107.91 108.03 107.78 108.22 108.44 108.84 109.19 109.47 109.72 109.94 110.12 110.28 110.53 110.72 110.88 111.22
92.41 92.94 93.28 93.56 93.88 94.12 94.44 94.81 95.22 95.84 96.25 96.47 96.84 97.31 97.81 98.19 98.50 98.59 98.81 99.00 99.19 99.50 99.66 99.75 99.69 99.81 99.59 100.25 100.44 100.59 100.84 101.03 101.34 101.56 102.06 102.50 102.84 103.12 103.28 103.66 104.03 104.31 104.59 104.81 105.06 105.22 105.50 105.75 105.97 106.31 106.53 106.72 107.09 107.56 107.75 108.06 108.00 108.22 108.41 108.44 108.81 108.78 108.97 109.41 109.69 109.91 110.09 110.28 110.44 110.66 110.91 111.09
92.56 92.94 93.28 93.59 93.84 94.22 94.56 94.81 95.09 95.47 95.72 96.12 96.53 97.12 97.97 98.66 99.34 99.78 100.06 100.25 100.31 100.34 100.34 100.28 100.28 100.41 100.56 100.28 100.72 100.72 101.03 101.12 101.50 101.81 102.09 102.44 102.75 103.03 103.31 103.66 104.00 104.41 104.78 105.00 105.16 105.47 105.78 105.81 106.25 106.53 106.69 106.97 107.41 107.88 108.16 108.25 108.34 108.31 108.50 108.69 108.72 109.09 109.28 109.25 109.59 109.75 109.97 110.12 110.47 110.69 110.88 111.00
92.59 92.94 93.28 93.59 93.88 94.19 94.50 94.75 94.97 95.25 95.72 96.00 96.47 97.12 97.78 98.47 99.25 99.88 100.22 100.47 100.69 100.75 100.81 100.78 100.75 100.81 100.88 100.88 100.69 101.03 101.19 101.38 101.62 101.91 102.12 102.47 102.69 102.97 103.31 103.69 104.03 104.62 104.88 105.16 105.25 105.53 106.00 106.19 106.41 106.72 106.94 107.31 107.81 108.09 108.28 108.50 108.50 108.44 108.50 108.78 108.88 109.00 109.34 109.50 109.53 109.94 110.09 110.28 110.50 110.72 110.97 111.16
92.53 92.97 93.25 93.59 93.91 94.12 94.41 94.69 94.97 95.28 95.66 96.03 96.41 96.91 97.41 98.34 99.03 99.69 100.19 100.50 100.75 101.00 101.09 101.12 101.12 101.12 101.09 101.12 100.84 101.09 101.28 101.41 101.69 101.94 102.19 102.44 102.75 103.03 103.31 103.69 104.31 104.81 105.06 105.44 105.62 105.69 106.12 106.38 106.47 106.88 107.25 107.50 108.00 108.34 108.66 108.78 108.78 108.69 108.72 108.72 109.03 109.12 109.25 109.53 109.78 109.78 110.09 110.22 110.47 110.78 111.00 111.16
92.62 92.97 93.31 93.62 93.91 94.19 94.44 94.69 94.94 95.25 95.59 96.00 96.34 96.88 97.34 97.91 98.66 99.41 99.91 100.22 100.69 101.03 101.22 101.34 101.38 101.34 101.28 101.22 100.97 101.16 101.28 101.47 101.69 101.91 102.19 102.41 102.75 103.06 103.38 103.84 104.34 104.88 105.28 105.62 105.84 106.12 106.41 106.69 106.84 106.91 107.38 107.91 108.38 108.78 109.00 109.03 109.09 109.09 108.94 109.00 109.19 109.34 109.50 109.66 109.81 109.94 109.97 110.28 110.56 110.66 110.94 111.12
