everonasctiles/Tile[27,34].asc
ncols 128
nrows 128
xllcorner 0
yllcorner 0
cellsize 2.0
NODATA_value  -9999
[rows 0 to 34 of 128, columns 0 to 77 of 128]
27.28 26.78 26.53 26.44 26.25 26.03 25.75 25.69 25.66 25.59 25.44 25.19 24.91 24.53 24.09 23.66 23.16 22.66 22.12 21.59 21.06 20.53 19.97 19.44 18.91 18.34 17.81 17.28 16.75 16.25 15.72 15.22 14.75 14.31 13.91 13.59 13.31 13.09 12.91 12.75 12.56 12.44 12.31 12.19 12.06 11.97 11.88 11.75 11.69 11.59 11.50 11.41 11.34 11.25 11.19 11.09 11.00 10.91 10.78 10.66 10.53 10.38 10.19 10.03 9.84 9.66 9.44 9.25 9.03 8.72 8.22 7.97 7.72 6.62 6.31 5.69 5.09 4.59
27.81 27.81 27.53 27.25 27.00 26.53 26.44 26.34 26.31 26.16 25.97 25.69 25.34 24.97 24.53 24.03 23.53 23.00 22.47 21.94 21.41 20.84 20.28 19.75 19.22 18.66 18.12 17.59 17.06 16.56 16.03 15.56 15.09 14.66 14.25 13.94 13.66 13.44 13.22 13.06 12.88 12.72 12.59 12.44 12.31 12.22 12.09 11.97 11.88 11.78 11.69 11.56 11.47 11.38 11.28 11.16 11.06 10.94 10.78 10.66 10.47 10.28 10.09 9.88 9.69 9.47 9.25 8.91 8.81 8.47 7.84 7.12 7.03 6.44 6.00 5.47 5.06 4.59
28.72 28.62 28.38 27.91 27.38 27.06 26.91 26.94 26.84 26.69 26.47 26.16 25.81 25.38 24.94 24.44 23.91 23.38 22.81 22.28 21.72 21.16 20.62 20.06 19.50 18.97 18.44 17.91 17.38 16.88 16.38 15.91 15.44 15.03 14.66 14.31 14.03 13.81 13.59 13.41 13.22 13.03 12.88 12.75 12.59 12.47 12.34 12.22 12.09 11.97 11.84 11.75 11.62 11.50 11.41 11.25 11.12 10.97 10.81 10.62 10.44 10.22 10.00 9.75 9.53 9.31 9.06 8.75 8.59 8.28 7.66 7.34 6.94 6.47 5.81 5.16 5.06 4.91
29.69 29.41 28.97 28.34 27.81 27.41 27.44 27.38 27.31 27.19 26.97 26.62 26.25 25.81 25.34 24.81 24.28 23.72 23.16 22.59 22.03 21.47 20.94 20.38 19.81 19.28 18.75 18.22 17.72 17.22 16.72 16.25 15.81 15.41 15.06 14.75 14.47 14.22 14.00 13.78 13.56 13.38 13.22 13.03 12.88 12.72 12.59 12.44 12.31 12.19 12.06 11.91 11.78 11.66 11.50 11.38 11.22 11.03 10.84 10.62 10.41 10.16 9.88 9.62 9.38 9.16 8.91 8.59 8.44 8.16 7.72 7.28 6.84 6.41 5.94 5.44 5.31 5.09
30.09 29.75 29.06 28.59 27.88 27.78 27.78 27.75 27.75 27.69 27.44 27.12 26.72 26.22 25.72 25.19 24.62 24.06 23.50 22.94 22.34 21.78 21.25 20.69 20.16 19.59 19.06 18.56 18.06 17.56 17.09 16.66 16.22 15.84 15.50 15.22 14.94 14.69 14.44 14.19 13.97 13.75 13.53 13.38 13.19 13.03 12.84 12.69 12.56 12.41 12.25 12.12 11.97 11.81 11.66 11.47 11.31 11.09 10.88 10.66 10.38 10.09 9.81 9.50 9.19 8.97 8.75 8.44 8.22 8.06 7.66 7.12 6.72 6.41 5.97 5.72 5.50 5.28
30.59 29.97 29.31 28.81 28.25 28.25 28.06 28.31 28.25 28.25 27.97 27.59 27.16 26.66 26.12 25.56 24.97 24.41 23.81 23.25 22.66 22.09 21.56 21.00 20.47 19.94 19.41 18.91 18.41 17.94 17.47 17.06 16.66 16.31 16.00 15.72 15.44 15.16 14.91 14.62 14.38 14.12 13.91 13.69 13.50 13.31 13.16 12.97 12.81 12.66 12.47 12.31 12.16 11.97 11.81 11.59 11.41 11.19 10.94 10.66 10.38 10.06 9.75 9.41 9.12 8.81 8.62 8.41 8.19 7.91 7.56 7.19 6.81 6.47 6.12 5.78 5.56 5.41
30.75 30.16 29.34 29.00 28.81 28.75 28.81 28.84 28.91 28.84 28.53 28.09 27.62 27.06 26.50 25.91 25.31 24.72 24.12 23.56 22.97 22.41 21.84 21.31 20.78 20.25 19.75 19.25 18.78 18.31 17.88 17.47 17.12 16.78 16.50 16.22 15.94 15.69 15.38 15.09 14.81 14.53 14.28 14.06 13.84 13.62 13.44 13.25 13.06 12.91 12.72 12.53 12.34 12.16 11.97 11.75 11.53 11.28 11.00 10.72 10.41 10.06 9.75 9.41 9.12 8.78 8.50 8.25 8.03 7.78 7.47 7.19 6.75 6.44 6.16 5.84 5.62 5.41
30.88 30.34 29.81 29.50 29.31 29.34 29.28 29.38 29.34 29.38 29.09 28.62 28.09 27.50 26.88 26.25 25.66 25.03 24.44 23.84 23.28 22.72 22.16 21.62 21.09 20.59 20.09 19.62 19.16 18.72 18.31 17.94 17.59 17.28 17.00 16.72 16.47 16.19 15.88 15.56 15.25 14.94 14.69 14.44 14.19 13.97 13.75 13.56 13.38 13.16 12.97 12.78 12.56 12.38 12.16 11.91 11.66 11.41 11.09 10.78 10.47 10.09 9.84 9.41 9.16 8.75 8.50 8.19 7.91 7.69 7.44 7.12 6.78 6.44 6.12 5.78 5.59 5.25
31.00 30.44 30.28 30.16 30.03 30.03 29.88 29.88 30.00 29.84 29.56 29.16 28.53 27.88 27.25 26.59 25.94 25.34 24.75 24.16 23.59 23.03 22.47 21.97 21.44 20.94 20.47 20.00 19.56 19.16 18.75 18.41 18.06 17.78 17.50 17.22 16.97 16.66 16.34 16.03 15.69 15.38 15.09 14.81 14.56 14.34 14.09 13.88 13.66 13.44 13.25 13.03 12.81 12.59 12.34 12.09 11.84 11.53 11.22 10.91 10.56 10.19 9.94 9.56 9.22 8.88 8.50 8.19 7.91 7.62 7.38 7.06 6.72 6.34 6.16 5.88 5.59 5.19
31.09 30.97 30.66 30.72 30.75 30.72 30.59 30.56 30.56 30.38 29.88 29.59 28.97 28.25 27.56 26.88 26.25 25.62 25.03 24.44 23.88 23.34 22.81 22.28 21.78 21.28 20.84 20.38 19.97 19.56 19.19 18.84 18.53 18.25 17.97 17.72 17.44 17.16 16.84 16.50 16.16 15.81 15.50 15.22 14.97 14.72 14.47 14.22 14.00 13.75 13.53 13.31 13.06 12.84 12.59 12.31 12.03 11.72 11.38 11.03 10.66 10.31 10.00 9.66 9.28 8.94 8.53 8.22 7.91 7.56 7.31 7.03 6.69 6.47 6.19 5.91 5.66 5.28
31.62 31.38 31.22 31.09 31.34 31.34 31.25 31.19 31.09 30.84 30.38 29.88 29.25 28.53 27.81 27.16 26.50 25.91 25.31 24.72 24.19 23.66 23.12 22.62 22.12 21.66 21.22 20.81 20.41 20.00 19.66 19.34 19.03 18.72 18.47 18.19 17.91 17.62 17.28 16.97 16.62 16.28 15.97 15.66 15.38 15.09 14.84 14.59 14.34 14.09 13.84 13.59 13.38 13.12 12.88 12.59 12.28 11.91 11.53 11.12 10.78 10.34 10.00 9.72 9.38 8.97 8.62 8.31 7.88 7.62 7.25 7.03 6.81 6.56 6.28 6.03 5.75 5.53
32.06 31.91 31.84 31.69 31.78 31.91 31.84 31.75 31.50 31.03 30.69 30.09 29.41 28.72 28.03 27.38 26.75 26.16 25.59 25.03 24.50 23.97 23.47 22.97 22.50 22.06 21.62 21.22 20.81 20.47 20.12 19.78 19.50 19.19 18.91 18.66 18.34 18.06 17.75 17.41 17.09 16.75 16.44 16.12 15.81 15.53 15.25 14.97 14.69 14.44 14.19 13.94 13.69 13.44 13.19 12.94 12.62 12.19 11.69 11.25 10.88 10.44 10.19 9.84 9.47 9.00 8.66 8.41 8.06 7.69 7.31 7.03 6.91 6.72 6.38 6.12 5.91 5.69
32.75 32.53 32.44 32.38 32.41 32.34 32.22 32.00 31.84 31.47 30.94 30.22 29.53 28.88 28.22 27.59 27.00 26.41 25.88 25.31 24.81 24.31 23.81 23.34 22.88 22.47 22.06 21.66 21.28 20.94 20.59 20.25 19.97 19.66 19.38 19.09 18.81 18.50 18.19 17.88 17.56 17.22 16.91 16.59 16.28 15.97 15.66 15.38 15.06 14.81 14.56 14.28 14.06 13.81 13.62 13.38 13.16 12.75 11.94 11.47 11.09 10.62 10.28 9.97 9.56 9.22 8.88 8.53 8.16 7.81 7.47 7.25 6.97 6.84 6.53 6.31 6.06 5.88
33.28 33.28 33.16 33.03 32.84 32.69 32.44 32.22 31.91 31.50 30.97 30.31 29.66 29.03 28.41 27.81 27.25 26.69 26.16 25.66 25.12 24.66 24.19 23.72 23.28 22.88 22.47 22.09 21.75 21.38 21.06 20.72 20.44 20.12 19.84 19.53 19.25 18.94 18.62 18.31 18.00 17.69 17.38 17.06 16.75 16.44 16.09 15.78 15.47 15.19 14.94 14.69 14.44 14.25 14.09 14.16 13.88 13.28 12.56 11.75 11.28 10.88 10.44 10.16 9.84 9.47 9.09 8.69 8.34 8.03 7.62 7.38 7.25 7.03 6.78 6.41 6.28 6.09
34.06 33.97 33.78 33.41 33.06 32.84 32.56 32.31 32.00 31.56 31.00 30.41 29.81 29.22 28.62 28.06 27.53 27.00 26.47 25.97 25.50 25.00 24.56 24.12 23.72 23.31 22.91 22.56 22.19 21.84 21.53 21.19 20.88 20.59 20.28 20.00 19.69 19.38 19.09 18.78 18.47 18.16 17.84 17.50 17.19 16.88 16.53 16.16 15.84 15.56 15.31 15.06 14.94 14.81 14.78 14.84 14.38 13.78 12.94 12.03 11.56 11.09 10.72 10.31 10.09 9.75 9.38 8.94 8.59 8.19 7.84 7.66 7.50 7.25 6.91 6.69 6.47 6.25
34.84 34.56 34.28 33.94 33.53 33.00 32.69 32.38 32.06 31.62 31.09 30.53 29.97 29.44 28.88 28.34 27.81 27.31 26.81 26.31 25.84 25.41 24.97 24.56 24.16 23.75 23.38 23.00 22.66 22.31 22.00 21.69 21.34 21.06 20.75 20.44 20.16 19.84 19.53 19.25 18.94 18.62 18.31 18.00 17.66 17.31 16.94 16.56 16.22 15.91 15.66 15.47 15.44 15.47 15.28 15.38 14.88 14.16 13.25 12.31 11.84 11.44 11.03 10.59 10.50 10.09 9.56 9.25 8.84 8.53 8.16 7.91 7.75 7.53 7.28 7.00 6.75 6.47
35.69 35.28 34.50 34.19 33.72 33.25 32.84 32.53 32.22 31.75 31.25 30.72 30.19 29.66 29.16 28.62 28.12 27.62 27.16 26.69 26.22 25.81 25.38 24.97 24.56 24.19 23.81 23.47 23.12 22.78 22.47 22.16 21.84 21.53 21.22 20.91 20.62 20.31 20.03 19.72 19.44 19.16 18.84 18.50 18.16 17.75 17.38 17.00 16.69 16.34 16.09 15.97 16.03 16.06 15.88 15.28 15.25 14.53 13.50 12.66 12.56 12.25 11.84 11.38 10.88 10.44 10.06 9.62 9.22 8.81 8.47 8.25 7.94 7.78 7.56 7.19 6.94 6.81
36.22 35.47 35.03 34.38 33.91 33.38 33.16 32.81 32.41 31.97 31.47 30.97 30.44 29.94 29.44 28.94 28.47 28.00 27.53 27.06 26.62 26.22 25.81 25.41 25.03 24.66 24.28 23.94 23.59 23.28 22.97 22.62 22.31 22.03 21.72 21.41 21.09 20.81 20.53 20.25 19.97 19.69 19.41 19.06 18.72 18.31 17.91 17.53 17.12 16.78 16.56 16.44 16.53 16.53 16.12 16.12 15.78 14.91 13.94 13.62 13.25 13.16 12.56 11.94 11.38 10.94 10.41 10.06 9.62 9.22 8.84 8.50 8.25 8.03 7.81 7.56 7.31 7.12
36.75 35.88 35.22 34.59 34.09 33.81 33.47 33.06 32.66 32.22 31.72 31.22 30.72 30.25 29.75 29.28 28.81 28.34 27.91 27.47 27.03 26.62 26.22 25.84 25.47 25.12 24.75 24.44 24.09 23.78 23.44 23.12 22.84 22.53 22.22 21.91 21.62 21.34 21.06 20.78 20.53 20.28 20.03 19.72 19.34 18.94 18.50 18.06 17.56 17.28 17.09 17.03 16.97 17.06 16.88 16.78 16.38 15.47 14.91 14.69 14.44 14.16 13.53 12.59 12.22 11.41 10.91 10.38 9.97 9.41 9.03 8.84 8.59 8.31 8.06 7.75 7.66 7.41
37.06 36.12 35.41 34.88 34.50 34.12 33.78 33.38 32.94 32.50 32.03 31.53 31.06 30.56 30.09 29.62 29.16 28.72 28.28 27.84 27.44 27.03 26.66 26.28 25.94 25.56 25.22 24.91 24.59 24.28 23.97 23.66 23.34 23.06 22.75 22.47 22.16 21.88 21.59 21.34 21.12 20.91 20.66 20.38 20.03 19.59 19.12 18.56 18.09 17.81 17.59 17.53 17.56 17.50 17.31 17.44 17.12 16.56 15.84 15.78 15.50 15.00 14.25 13.66 12.84 12.12 11.41 10.84 10.12 9.75 9.53 9.25 8.94 8.62 8.44 8.28 7.97 7.81
37.38 36.34 35.72 35.19 34.88 34.62 34.19 33.72 33.28 32.84 32.38 31.88 31.38 30.91 30.44 30.00 29.53 29.09 28.69 28.25 27.88 27.47 27.09 26.75 26.38 26.03 25.72 25.41 25.09 24.78 24.50 24.19 23.91 23.59 23.31 23.03 22.75 22.47 22.19 21.97 21.75 21.53 21.31 21.06 20.72 20.25 19.59 19.09 18.53 18.22 18.00 18.00 18.12 18.19 17.97 18.00 17.66 17.28 16.88 16.50 16.12 15.59 15.03 14.19 13.75 12.88 11.94 11.31 10.56 10.16 9.97 9.69 9.28 9.03 8.78 8.62 8.38 8.12
37.66 36.84 36.06 35.62 35.38 35.12 34.62 34.09 33.62 33.19 32.72 32.22 31.75 31.28 30.81 30.38 29.91 29.50 29.06 28.69 28.28 27.91 27.53 27.19 26.84 26.53 26.19 25.88 25.59 25.31 25.03 24.75 24.47 24.19 23.91 23.62 23.34 23.09 22.81 22.59 22.38 22.19 21.97 21.69 21.31 20.88 20.31 19.66 18.91 18.66 18.53 18.53 18.66 18.72 18.59 18.25 17.88 17.38 17.03 16.59 16.06 16.06 15.53 15.09 14.38 13.56 12.66 11.84 11.25 10.62 10.25 10.03 9.69 9.41 9.12 8.88 8.66 8.44
37.97 37.28 36.47 36.22 36.00 35.59 35.06 34.53 34.03 33.53 33.06 32.59 32.09 31.66 31.19 30.75 30.31 29.91 29.50 29.09 28.72 28.34 28.00 27.66 27.31 27.00 26.69 26.41 26.12 25.84 25.56 25.31 25.06 24.81 24.53 24.28 24.00 23.75 23.50 23.28 23.06 22.84 22.59 22.28 21.81 21.41 20.84 20.03 19.62 19.19 18.94 18.88 19.09 19.12 18.94 18.56 17.97 17.75 17.31 16.81 16.53 16.06 16.09 15.75 15.00 14.28 13.34 12.31 11.75 11.06 10.62 10.25 9.94 9.72 9.44 9.16 8.91 8.59
38.38 37.75 37.31 36.91 36.59 36.09 35.56 34.94 34.41 33.91 33.41 32.94 32.47 32.00 31.56 31.12 30.72 30.31 29.91 29.53 29.16 28.81 28.44 28.12 27.78 27.47 27.19 26.91 26.66 26.41 26.16 25.94 25.69 25.47 25.22 24.97 24.72 24.47 24.22 24.00 23.78 23.53 23.25 22.75 22.31 21.81 21.09 20.69 20.12 19.69 19.41 19.34 19.44 19.47 19.22 18.81 18.44 18.09 17.72 17.38 16.78 16.56 16.31 16.44 15.78 14.91 13.97 12.88 12.34 11.84 11.09 10.69 10.28 10.06 9.75 9.44 9.12 8.72
38.81 38.31 38.03 37.75 37.25 36.59 35.97 35.31 34.75 34.25 33.75 33.28 32.84 32.38 31.97 31.53 31.12 30.72 30.34 29.97 29.59 29.25 28.91 28.59 28.28 27.97 27.69 27.44 27.19 26.97 26.75 26.53 26.34 26.12 25.94 25.72 25.47 25.25 25.00 24.75 24.50 24.22 23.81 23.28 22.69 22.03 21.56 21.00 20.44 20.22 19.94 19.75 19.72 19.72 19.53 19.19 18.75 18.50 18.16 17.72 17.19 17.00 16.84 16.97 16.19 15.47 14.41 13.62 13.03 12.47 11.84 11.12 10.72 10.31 10.03 9.56 9.25 9.03
39.25 38.81 38.56 38.31 37.69 36.94 36.25 35.62 35.06 34.56 34.09 33.62 33.19 32.78 32.34 31.94 31.56 31.16 30.78 30.44 30.06 29.72 29.38 29.06 28.75 28.47 28.22 27.97 27.75 27.56 27.38 27.19 27.03 26.84 26.66 26.47 26.25 26.03 25.81 25.53 25.25 24.84 24.44 23.59 22.88 22.50 21.81 21.47 21.06 20.72 20.38 20.09 20.03 19.94 19.69 19.34 19.16 18.84 18.47 18.06 17.78 17.66 17.44 17.56 17.09 16.09 15.16 14.12 13.59 13.03 12.41 11.56 11.09 10.66 10.22 9.81 9.69 9.47
39.72 39.34 38.94 38.62 38.00 37.34 36.56 35.91 35.38 34.88 34.41 33.97 33.56 33.16 32.75 32.38 32.00 31.62 31.25 30.88 30.53 30.19 29.84 29.53 29.25 28.97 28.75 28.53 28.34 28.16 28.00 27.84 27.69 27.53 27.38 27.22 27.03 26.81 26.59 26.34 26.00 25.66 25.19 24.47 23.81 22.78 22.31 21.91 21.62 21.16 20.81 20.44 20.28 20.12 19.88 19.62 19.34 19.03 18.59 18.47 18.38 18.28 18.19 18.16 17.78 17.00 16.06 15.09 14.16 13.53 12.56 12.34 11.44 10.94 10.59 10.22 10.03 9.81
40.09 39.78 39.47 39.06 38.50 37.62 36.78 36.16 35.62 35.16 34.75 34.34 33.94 33.56 33.19 32.81 32.47 32.09 31.72 31.34 31.00 30.66 30.31 30.03 29.75 29.50 29.28 29.09 28.94 28.78 28.62 28.50 28.38 28.22 28.09 27.94 27.75 27.56 27.31 27.06 26.75 26.38 25.75 25.22 24.34 23.88 23.00 22.53 22.25 21.84 21.34 20.94 20.56 20.31 20.00 19.69 19.44 19.09 19.12 19.06 18.91 18.78 18.75 18.72 18.31 17.66 16.84 15.84 14.75 13.94 13.50 12.94 12.25 11.47 11.19 10.62 10.28 9.94
40.38 40.06 39.69 39.22 38.78 38.00 36.94 36.38 35.91 35.47 35.06 34.69 34.34 34.00 33.62 33.28 32.94 32.56 32.19 31.81 31.47 31.12 30.81 30.50 30.25 30.03 29.84 29.66 29.53 29.38 29.25 29.12 29.03 28.88 28.75 28.59 28.41 28.22 27.97 27.69 27.38 26.97 26.47 25.91 25.31 24.69 23.97 23.34 22.84 22.31 22.09 21.59 21.00 20.47 20.25 19.91 19.66 19.56 19.59 19.56 19.50 19.41 19.25 19.19 18.66 18.16 17.53 16.53 15.41 14.62 14.00 13.34 12.88 12.28 11.81 11.09 10.66 10.25
40.53 40.19 39.78 39.31 38.88 38.25 37.41 36.66 36.19 35.75 35.41 35.09 34.75 34.44 34.12 33.78 33.44 33.06 32.69 32.31 31.94 31.59 31.28 31.03 30.78 30.59 30.41 30.25 30.12 30.00 29.88 29.75 29.66 29.53 29.38 29.22 29.03 28.81 28.56 28.28 27.91 27.50 27.03 26.50 26.00 25.34 24.47 23.91 23.22 23.03 22.56 22.00 21.44 20.78 20.47 20.22 20.00 20.00 20.03 20.00 19.97 19.81 19.69 19.28 19.12 18.56 18.00 17.12 16.16 15.12 14.44 13.72 13.34 12.47 12.34 11.41 11.00 10.62
40.56 40.16 39.72 39.34 38.91 38.41 37.56 37.09 36.50 36.12 35.78 35.50 35.19 34.91 34.62 34.31 33.97 33.59 33.19 32.81 32.44 32.09 31.81 31.53 31.31 31.12 30.97 30.84 30.72 30.59 30.50 30.38 30.25 30.12 29.97 29.78 29.59 29.34 29.09 28.78 28.41 28.00 27.53 27.00 26.44 25.78 25.03 24.22 23.91 23.47 23.03 22.47 21.91 21.38 20.69 20.50 20.53 20.47 20.41 20.41 20.38 20.28 19.94 19.56 19.12 18.91 18.38 17.59 16.53 15.56 14.81 14.44 14.00 13.53 12.91 11.78 11.31 10.94
40.53 40.09 39.69 39.31 38.91 38.50 38.03 37.44 36.94 36.47 36.19 35.91 35.62 35.38 35.12 34.84 34.50 34.12 33.69 33.31 32.94 32.59 32.31 32.06 31.88 31.72 31.56 31.44 31.31 31.19 31.06 30.97 30.81 30.69 30.50 30.31 30.09 29.84 29.56 29.22 28.84 28.41 27.94 27.41 26.81 26.16 25.50 24.84 24.22 23.88 23.19 22.59 22.19 21.78 21.41 21.16 21.00 21.00 20.94 20.94 20.81 20.59 20.12 19.66 19.28 18.72 18.34 17.59 16.69 15.88 15.47 15.06 14.62 14.09 13.47 12.72 11.75 11.22
40.53 40.12 39.75 39.38 39.00 38.62 38.22 37.78 37.28 36.94 36.62 36.31 36.09 35.91 35.69 35.41 35.06 34.66 34.22 33.81 33.44 33.12 32.84 32.62 32.44 32.28 32.12 32.00 31.88 31.78 31.66 31.53 31.38 31.22 31.03 30.81 30.56 30.28 29.97 29.62 29.22 28.78 28.31 27.75 27.19 26.56 25.91 25.25 24.66 24.06 23.50 22.94 22.56 22.03 21.88 21.56 21.59 21.47 21.44 21.25 21.09 20.78 20.38 19.78 19.28 18.66 17.94 17.41 17.00 16.50 15.34 15.47 15.03 14.50 13.88 13.22 12.59 11.97
40.62 40.25 39.88 39.50 39.16 38.81 38.44 38.03 37.66 37.38 37.06 36.72 36.59 36.38 36.28 35.97 35.69 35.25 34.78 34.34 33.97 33.66 33.41 33.19 33.00 32.84 32.72 32.59 32.47 32.34 32.19 32.06 31.88 31.72 31.50 31.28 31.00 30.72 30.38 30.00 29.59 29.12 28.66 28.09 27.53 26.91 26.28 25.66 25.03 24.44 23.88 23.38 22.97 22.66 22.38 22.12 22.00 21.91 21.78 21.59 21.16 20.78 20.56 20.09 19.44 18.78 18.03 17.38 17.50 17.09 16.53 15.44 14.81 14.78 14.22 13.03 13.06 12.00
40.78 40.44 40.09 39.75 39.41 39.06 38.75 38.41 38.09 37.72 37.38 37.22 37.06 37.03 36.91 36.69 36.28 35.84 35.31 34.88 34.50 34.19 33.97 33.75 33.59 33.44 33.31 33.16 33.03 32.88 32.72 32.56 32.38 32.19 31.94 31.69 31.41 31.09 30.75 30.34 29.94 29.47 28.97 28.41 27.84 27.25 26.62 26.03 25.44 24.84 24.31 23.84 23.47 23.12 22.91 22.72 22.50 22.16 22.00 21.72 21.41 20.97 20.56 20.09 19.56 18.88 18.25 17.97 18.19 17.91 17.06 15.69 15.62 14.69 14.50 13.91 13.34 12.69
