everonasctiles/Tile[18,9].asc
ncols 128
nrows 128
xllcorner 0
yllcorner 0
cellsize 2.0
NODATA_value  -9999
[rows 0 to 33 of 128, columns 0 to 76 of 128]
-8.38 -8.09 -8.03 -7.84 -7.66 -7.62 -7.59 -7.53 -7.44 -7.22 -7.22 -7.25 -7.28 -7.38 -7.50 -7.41 -7.22 -7.06 -7.06 -7.16 -7.12 -7.12 -7.00 -6.72 -6.47 -6.41 -6.38 -6.34 -6.41 -6.47 -6.31 -6.19 -6.09 -6.12 -6.12 -6.16 -6.12 -6.12 -6.09 -6.09 -6.06 -6.03 -6.03 -6.00 -5.97 -5.94 -5.91 -5.88 -5.84 -5.81 -5.78 -5.75 -5.72 -5.66 -5.62 -5.59 -5.53 -5.47 -5.44 -5.34 -5.28 -5.22 -5.16 -5.09 -5.00 -4.88 -4.78 -4.69 -4.56 -4.41 -4.34 -4.28 -4.12 -4.03 -4.06 -4.09 -4.12
-8.19 -8.00 -7.84 -7.66 -7.53 -7.41 -7.31 -7.22 -7.28 -7.31 -7.22 -7.09 -7.16 -7.25 -7.25 -7.28 -7.25 -7.12 -7.06 -7.03 -6.97 -6.91 -7.03 -6.78 -6.53 -6.22 -6.25 -6.22 -6.34 -6.19 -6.06 -6.03 -5.97 -5.91 -5.94 -6.00 -6.00 -6.00 -6.00 -6.00 -5.97 -5.97 -5.94 -5.91 -5.91 -5.88 -5.84 -5.81 -5.78 -5.75 -5.72 -5.69 -5.66 -5.62 -5.59 -5.56 -5.53 -5.47 -5.41 -5.34 -5.28 -5.25 -5.19 -5.09 -5.00 -4.91 -4.84 -4.72 -4.59 -4.53 -4.47 -4.28 -4.09 -3.91 -4.03 -4.06 -4.12
-8.00 -7.84 -7.69 -7.59 -7.56 -7.50 -7.47 -7.38 -7.31 -7.31 -7.25 -7.09 -6.94 -7.12 -7.19 -7.16 -7.16 -7.16 -7.09 -6.91 -6.81 -6.84 -6.84 -6.88 -6.53 -6.62 -6.47 -6.34 -6.25 -6.06 -6.06 -5.91 -5.88 -5.88 -5.81 -5.88 -5.88 -5.91 -5.91 -5.91 -5.88 -5.88 -5.88 -5.84 -5.84 -5.81 -5.78 -5.78 -5.75 -5.72 -5.69 -5.66 -5.62 -5.59 -5.56 -5.53 -5.50 -5.44 -5.41 -5.34 -5.31 -5.25 -5.19 -5.12 -5.03 -4.94 -4.88 -4.78 -4.81 -4.81 -4.62 -4.38 -4.09 -3.94 -3.97 -4.06 -4.09
-7.69 -7.56 -7.56 -7.59 -7.59 -7.59 -7.56 -7.50 -7.28 -7.12 -7.06 -7.03 -6.94 -7.03 -7.12 -7.19 -7.06 -7.03 -7.00 -6.97 -6.88 -6.75 -6.75 -6.78 -6.78 -6.75 -6.72 -6.50 -6.31 -6.16 -6.09 -5.94 -5.81 -5.69 -5.66 -5.72 -5.78 -5.78 -5.78 -5.81 -5.81 -5.78 -5.78 -5.78 -5.75 -5.75 -5.72 -5.72 -5.69 -5.66 -5.66 -5.62 -5.59 -5.56 -5.53 -5.50 -5.47 -5.44 -5.41 -5.34 -5.31 -5.25 -5.22 -5.16 -5.09 -5.03 -4.94 -4.94 -5.00 -4.91 -4.69 -4.53 -4.34 -4.19 -4.00 -4.00 -4.09
-7.50 -7.41 -7.47 -7.47 -7.47 -7.47 -7.44 -7.31 -7.19 -7.03 -6.91 -6.84 -6.81 -6.78 -6.88 -6.94 -6.84 -6.75 -6.78 -6.94 -7.00 -6.75 -6.59 -6.62 -6.72 -6.72 -6.75 -6.59 -6.31 -6.12 -6.00 -5.91 -5.84 -5.62 -5.53 -5.59 -5.66 -5.69 -5.69 -5.72 -5.72 -5.72 -5.72 -5.72 -5.69 -5.69 -5.69 -5.66 -5.66 -5.62 -5.59 -5.59 -5.56 -5.53 -5.50 -5.47 -5.47 -5.44 -5.41 -5.34 -5.31 -5.28 -5.22 -5.19 -5.25 -5.28 -5.16 -5.03 -4.94 -4.72 -4.62 -4.47 -4.34 -4.25 -4.12 -4.03 -4.09
-7.44 -7.34 -7.34 -7.34 -7.31 -7.28 -7.19 -7.09 -7.00 -6.88 -6.78 -6.69 -6.59 -6.47 -6.53 -6.66 -6.62 -6.47 -6.41 -6.50 -6.66 -6.50 -6.38 -6.34 -6.34 -6.31 -6.50 -6.44 -6.31 -6.03 -5.91 -5.69 -5.66 -5.62 -5.53 -5.53 -5.53 -5.56 -5.59 -5.62 -5.62 -5.62 -5.62 -5.62 -5.62 -5.62 -5.62 -5.59 -5.59 -5.56 -5.56 -5.53 -5.53 -5.50 -5.47 -5.47 -5.44 -5.41 -5.38 -5.34 -5.31 -5.28 -5.25 -5.19 -5.09 -5.22 -5.19 -5.12 -5.06 -4.91 -4.59 -4.34 -4.28 -4.16 -4.03 -4.03 -4.12
-7.50 -7.31 -7.25 -7.28 -7.28 -7.22 -7.12 -6.97 -6.81 -6.72 -6.66 -6.62 -6.53 -6.41 -6.38 -6.41 -6.38 -6.22 -6.06 -6.06 -6.19 -6.19 -6.22 -6.16 -6.03 -5.97 -6.12 -6.16 -5.97 -5.94 -5.72 -5.59 -5.47 -5.53 -5.53 -5.47 -5.44 -5.47 -5.50 -5.53 -5.53 -5.56 -5.56 -5.56 -5.59 -5.56 -5.56 -5.56 -5.56 -5.53 -5.53 -5.50 -5.50 -5.47 -5.47 -5.44 -5.41 -5.41 -5.38 -5.34 -5.31 -5.28 -5.25 -5.22 -5.00 -5.00 -5.00 -4.91 -4.91 -4.94 -4.72 -4.47 -4.28 -4.19 -4.03 -4.09 -4.19
-7.34 -7.31 -7.19 -7.25 -7.38 -7.34 -7.22 -7.00 -6.84 -6.75 -6.75 -6.59 -6.47 -6.34 -6.22 -6.09 -6.16 -6.09 -6.00 -5.88 -5.91 -6.00 -6.06 -6.00 -5.97 -5.94 -5.84 -5.59 -5.66 -5.78 -5.72 -5.56 -5.31 -5.31 -5.38 -5.38 -5.38 -5.38 -5.41 -5.41 -5.44 -5.47 -5.50 -5.50 -5.50 -5.50 -5.50 -5.50 -5.50 -5.50 -5.47 -5.47 -5.47 -5.44 -5.44 -5.41 -5.41 -5.38 -5.38 -5.34 -5.31 -5.28 -5.25 -5.22 -5.16 -5.06 -4.94 -4.91 -4.84 -4.81 -4.69 -4.62 -4.50 -4.28 -4.16 -4.19 -4.22
-7.16 -7.00 -7.03 -7.25 -7.38 -7.47 -7.25 -7.03 -6.91 -6.81 -6.72 -6.53 -6.38 -6.31 -6.28 -6.25 -6.22 -6.12 -6.03 -6.00 -6.00 -5.91 -5.88 -5.84 -5.84 -5.72 -5.66 -5.53 -5.50 -5.72 -5.72 -5.59 -5.38 -5.22 -5.22 -5.28 -5.28 -5.28 -5.31 -5.34 -5.34 -5.38 -5.41 -5.41 -5.44 -5.44 -5.44 -5.44 -5.44 -5.44 -5.44 -5.44 -5.44 -5.41 -5.41 -5.41 -5.38 -5.38 -5.34 -5.34 -5.31 -5.31 -5.28 -5.25 -5.22 -5.06 -4.97 -5.03 -5.00 -4.88 -4.72 -4.69 -4.53 -4.41 -4.25 -4.28 -4.28
-7.12 -6.97 -6.97 -7.19 -7.25 -7.28 -7.16 -6.94 -6.88 -6.75 -6.62 -6.47 -6.38 -6.31 -6.34 -6.41 -6.31 -6.09 -5.94 -5.84 -5.81 -5.78 -5.69 -5.56 -5.62 -5.47 -5.56 -5.50 -5.41 -5.50 -5.75 -5.62 -5.44 -5.28 -5.12 -5.12 -5.19 -5.19 -5.22 -5.25 -5.28 -5.31 -5.31 -5.34 -5.38 -5.38 -5.38 -5.41 -5.41 -5.41 -5.41 -5.41 -5.41 -5.38 -5.38 -5.38 -5.38 -5.34 -5.34 -5.34 -5.31 -5.31 -5.28 -5.28 -5.09 -4.81 -4.81 -4.97 -5.09 -5.00 -4.94 -4.81 -4.62 -4.41 -4.34 -4.31 -4.31
-7.19 -7.06 -6.91 -6.91 -6.94 -6.88 -6.72 -6.62 -6.56 -6.56 -6.44 -6.47 -6.31 -6.22 -6.28 -6.19 -6.16 -6.06 -5.94 -5.81 -5.75 -5.62 -5.56 -5.47 -5.41 -5.41 -5.41 -5.34 -5.34 -5.44 -5.41 -5.59 -5.53 -5.28 -5.12 -5.03 -5.03 -5.09 -5.16 -5.19 -5.19 -5.22 -5.25 -5.28 -5.31 -5.31 -5.34 -5.34 -5.34 -5.38 -5.38 -5.38 -5.38 -5.38 -5.38 -5.34 -5.34 -5.34 -5.34 -5.31 -5.31 -5.28 -5.28 -5.38 -5.19 -4.81 -4.69 -4.91 -5.06 -5.06 -4.97 -4.84 -4.62 -4.44 -4.41 -4.38 -4.34
-7.16 -7.12 -6.97 -6.72 -6.69 -6.72 -6.66 -6.50 -6.44 -6.44 -6.28 -6.25 -6.25 -6.00 -6.09 -6.12 -6.16 -6.09 -5.97 -5.88 -5.72 -5.62 -5.47 -5.28 -5.25 -5.31 -5.31 -5.25 -5.28 -5.47 -5.44 -5.34 -5.34 -5.22 -5.22 -5.09 -4.94 -5.00 -5.06 -5.09 -5.12 -5.16 -5.19 -5.22 -5.25 -5.28 -5.28 -5.31 -5.31 -5.31 -5.34 -5.34 -5.34 -5.34 -5.34 -5.34 -5.34 -5.31 -5.31 -5.31 -5.28 -5.28 -5.28 -5.25 -5.28 -5.16 -5.06 -5.19 -5.25 -5.12 -4.88 -4.72 -4.62 -4.47 -4.44 -4.41 -4.38
-7.09 -7.03 -6.94 -6.66 -6.47 -6.44 -6.47 -6.31 -6.25 -6.22 -6.22 -6.06 -6.03 -5.94 -6.00 -6.00 -6.06 -5.88 -5.78 -5.69 -5.50 -5.38 -5.22 -5.09 -5.16 -5.19 -5.22 -5.19 -5.12 -5.19 -5.22 -5.16 -5.06 -5.00 -5.03 -5.09 -5.00 -4.97 -5.00 -5.03 -5.06 -5.09 -5.12 -5.16 -5.19 -5.22 -5.25 -5.28 -5.28 -5.28 -5.31 -5.31 -5.31 -5.31 -5.31 -5.31 -5.31 -5.31 -5.31 -5.28 -5.28 -5.28 -5.22 -5.06 -5.22 -5.28 -5.16 -5.19 -5.06 -4.91 -4.75 -4.69 -4.62 -4.50 -4.44 -4.41 -4.41
-6.81 -6.81 -6.72 -6.53 -6.19 -6.03 -6.09 -6.12 -6.06 -6.03 -6.06 -5.94 -6.00 -6.19 -6.03 -5.97 -5.91 -5.72 -5.62 -5.53 -5.34 -5.19 -4.97 -4.97 -4.97 -5.00 -5.03 -5.03 -4.91 -4.84 -4.91 -4.94 -4.88 -5.00 -5.16 -5.06 -4.94 -4.94 -4.94 -4.97 -5.00 -5.03 -5.06 -5.12 -5.16 -5.19 -5.22 -5.22 -5.25 -5.28 -5.28 -5.28 -5.31 -5.31 -5.31 -5.31 -5.31 -5.28 -5.28 -5.25 -5.28 -5.31 -5.25 -5.06 -5.12 -5.22 -5.03 -5.00 -4.97 -4.94 -4.81 -4.66 -4.56 -4.50 -4.47 -4.44 -4.41
-6.72 -6.59 -6.41 -6.31 -6.12 -5.88 -5.72 -5.81 -5.84 -5.75 -5.62 -5.72 -5.78 -6.03 -6.06 -5.94 -5.75 -5.69 -5.59 -5.47 -5.25 -5.12 -5.06 -4.94 -4.91 -4.94 -4.97 -4.91 -4.84 -4.75 -4.66 -4.78 -5.00 -5.09 -5.19 -5.19 -5.09 -5.00 -4.91 -4.91 -4.94 -4.97 -5.03 -5.06 -5.09 -5.12 -5.16 -5.19 -5.22 -5.25 -5.25 -5.28 -5.28 -5.28 -5.28 -5.28 -5.28 -5.28 -5.25 -5.25 -5.25 -5.28 -5.16 -5.09 -5.06 -5.03 -5.00 -4.97 -5.06 -5.03 -4.78 -4.62 -4.56 -4.50 -4.47 -4.44 -4.41
-6.56 -6.22 -6.12 -6.00 -6.00 -5.75 -5.56 -5.50 -5.56 -5.56 -5.41 -5.47 -5.69 -5.94 -6.06 -5.91 -5.72 -5.53 -5.44 -5.25 -5.12 -5.09 -5.00 -4.88 -4.88 -4.84 -4.75 -4.75 -4.81 -4.72 -4.66 -4.72 -4.78 -4.84 -5.00 -5.09 -5.19 -5.03 -4.94 -4.84 -4.91 -4.94 -4.97 -5.00 -5.06 -5.09 -5.12 -5.16 -5.19 -5.22 -5.25 -5.25 -5.28 -5.28 -5.28 -5.28 -5.28 -5.25 -5.22 -5.19 -5.12 -5.03 -5.00 -5.00 -4.97 -5.09 -5.12 -5.09 -5.09 -5.00 -4.81 -4.69 -4.59 -4.53 -4.47 -4.44 -4.41
-6.38 -6.12 -5.88 -5.72 -5.56 -5.59 -5.50 -5.44 -5.38 -5.31 -5.34 -5.38 -5.47 -5.50 -5.50 -5.47 -5.34 -5.25 -5.12 -5.03 -4.94 -4.88 -4.81 -4.75 -4.75 -4.62 -4.53 -4.44 -4.56 -4.72 -4.72 -4.56 -4.53 -4.66 -4.91 -5.00 -5.09 -5.16 -4.97 -4.88 -4.88 -4.91 -4.94 -4.97 -5.03 -5.06 -5.12 -5.16 -5.19 -5.22 -5.22 -5.25 -5.25 -5.25 -5.28 -5.28 -5.28 -5.22 -5.16 -4.94 -4.88 -4.94 -4.97 -5.06 -5.09 -5.16 -5.12 -5.09 -5.09 -4.91 -4.84 -4.75 -4.59 -4.53 -4.47 -4.44 -4.41
-6.25 -6.16 -5.81 -5.59 -5.59 -5.53 -5.44 -5.34 -5.28 -5.28 -5.28 -5.28 -5.31 -5.31 -5.28 -5.25 -5.16 -5.09 -5.00 -4.94 -4.84 -4.78 -4.72 -4.66 -4.62 -4.53 -4.31 -4.22 -4.25 -4.38 -4.38 -4.38 -4.47 -4.75 -4.91 -5.00 -5.00 -5.16 -5.09 -4.88 -4.88 -4.91 -4.88 -4.94 -5.00 -5.06 -5.09 -5.12 -5.19 -5.19 -5.22 -5.22 -5.25 -5.25 -5.28 -5.28 -5.28 -5.22 -5.12 -5.03 -5.00 -5.03 -5.06 -5.12 -5.03 -5.03 -5.03 -5.00 -4.91 -4.88 -4.88 -4.75 -4.59 -4.50 -4.47 -4.44 -4.41
-6.12 -6.03 -5.81 -5.69 -5.56 -5.44 -5.34 -5.28 -5.22 -5.19 -5.19 -5.19 -5.16 -5.16 -5.12 -5.06 -5.03 -4.97 -4.88 -4.81 -4.75 -4.66 -4.59 -4.53 -4.44 -4.38 -4.22 -4.06 -4.06 -4.16 -4.19 -4.31 -4.41 -4.66 -4.84 -4.97 -4.97 -4.94 -5.00 -4.97 -4.84 -4.88 -4.75 -4.81 -4.94 -5.03 -5.09 -5.16 -5.19 -5.19 -5.19 -5.22 -5.22 -5.22 -5.25 -5.25 -5.22 -5.22 -5.31 -5.34 -5.25 -5.09 -5.03 -4.84 -4.81 -4.88 -4.91 -4.84 -4.78 -4.75 -4.75 -4.66 -4.56 -4.50 -4.47 -4.44 -4.41
-6.06 -5.88 -5.78 -5.62 -5.50 -5.38 -5.28 -5.19 -5.12 -5.09 -5.06 -5.06 -5.03 -5.00 -4.97 -4.91 -4.88 -4.81 -4.75 -4.69 -4.62 -4.56 -4.47 -4.41 -4.31 -4.22 -4.09 -3.97 -3.97 -4.06 -4.16 -4.22 -4.41 -4.66 -4.84 -4.91 -4.84 -4.81 -4.75 -4.91 -4.91 -4.88 -4.84 -4.81 -4.94 -5.09 -5.22 -5.19 -5.16 -5.16 -5.12 -5.16 -5.19 -5.16 -5.16 -5.19 -5.25 -5.34 -5.41 -5.34 -5.16 -4.94 -4.84 -4.81 -4.88 -4.97 -4.97 -4.84 -4.81 -4.69 -4.62 -4.56 -4.53 -4.50 -4.44 -4.41 -4.38
-5.97 -5.81 -5.69 -5.56 -5.41 -5.28 -5.19 -5.12 -5.06 -5.00 -4.97 -4.94 -4.91 -4.88 -4.81 -4.78 -4.72 -4.69 -4.62 -4.56 -4.50 -4.44 -4.38 -4.31 -4.22 -4.09 -3.94 -3.84 -3.81 -3.88 -3.97 -4.03 -4.31 -4.50 -4.69 -4.78 -4.72 -4.69 -4.62 -4.84 -5.00 -5.06 -4.97 -4.78 -4.78 -4.94 -5.12 -5.19 -5.22 -5.12 -5.12 -5.19 -5.16 -5.12 -5.22 -5.38 -5.50 -5.44 -5.47 -5.28 -5.12 -5.06 -5.06 -5.00 -4.91 -4.91 -4.81 -4.84 -4.84 -4.78 -4.62 -4.59 -4.53 -4.47 -4.44 -4.41 -4.38
-6.09 -5.88 -5.62 -5.47 -5.34 -5.22 -5.12 -5.03 -4.97 -4.91 -4.84 -4.81 -4.78 -4.72 -4.69 -4.62 -4.59 -4.56 -4.50 -4.47 -4.41 -4.34 -4.28 -4.22 -4.16 -4.06 -3.94 -3.91 -3.88 -3.84 -3.91 -4.03 -4.22 -4.34 -4.50 -4.59 -4.59 -4.62 -4.66 -4.75 -4.91 -4.91 -4.78 -4.75 -4.75 -4.84 -5.09 -5.22 -5.34 -5.34 -5.19 -5.16 -5.25 -5.38 -5.53 -5.53 -5.59 -5.59 -5.62 -5.62 -5.47 -5.34 -5.16 -4.97 -4.84 -4.81 -4.66 -4.72 -4.88 -4.88 -4.66 -4.56 -4.50 -4.47 -4.41 -4.38 -4.34
-6.12 -5.97 -5.56 -5.41 -5.25 -5.16 -5.03 -4.94 -4.88 -4.81 -4.75 -4.69 -4.66 -4.59 -4.56 -4.50 -4.47 -4.44 -4.41 -4.34 -4.31 -4.25 -4.22 -4.16 -4.09 -4.00 -4.00 -4.00 -4.03 -4.09 -4.06 -4.03 -4.06 -4.19 -4.38 -4.41 -4.44 -4.47 -4.56 -4.59 -4.72 -4.84 -4.81 -4.88 -4.84 -4.94 -5.12 -5.28 -5.41 -5.34 -5.09 -4.94 -5.19 -5.38 -5.50 -5.44 -5.38 -5.53 -5.62 -5.69 -5.69 -5.59 -5.31 -4.94 -4.81 -4.69 -4.50 -4.53 -4.72 -4.81 -4.78 -4.62 -4.47 -4.44 -4.41 -4.34 -4.31
-5.88 -5.78 -5.50 -5.31 -5.19 -5.06 -4.97 -4.88 -4.78 -4.72 -4.66 -4.59 -4.53 -4.50 -4.44 -4.41 -4.38 -4.34 -4.31 -4.25 -4.22 -4.19 -4.16 -4.09 -4.03 -3.97 -3.94 -4.06 -4.19 -4.25 -4.19 -4.09 -4.09 -4.16 -4.25 -4.28 -4.34 -4.41 -4.44 -4.41 -4.50 -4.78 -4.72 -4.84 -4.81 -4.88 -5.12 -5.22 -5.25 -5.09 -5.03 -5.03 -5.22 -5.41 -5.56 -5.44 -5.34 -5.50 -5.62 -5.50 -5.50 -5.44 -5.38 -5.19 -4.97 -4.78 -4.69 -4.56 -4.59 -4.72 -4.75 -4.66 -4.50 -4.47 -4.38 -4.31 -4.28
-5.69 -5.50 -5.38 -5.25 -5.12 -5.00 -4.88 -4.78 -4.72 -4.62 -4.56 -4.50 -4.44 -4.41 -4.34 -4.28 -4.25 -4.22 -4.19 -4.19 -4.16 -4.12 -4.09 -4.06 -4.00 -3.97 -4.00 -4.12 -4.19 -4.22 -4.25 -4.25 -4.22 -4.25 -4.22 -4.22 -4.16 -4.19 -4.22 -4.22 -4.22 -4.34 -4.56 -4.72 -4.84 -4.97 -5.09 -5.19 -5.09 -4.97 -5.06 -5.12 -5.19 -5.56 -5.72 -5.56 -5.41 -5.34 -5.34 -5.28 -5.16 -5.19 -5.41 -5.28 -5.12 -4.97 -4.84 -4.56 -4.34 -4.53 -4.56 -4.47 -4.50 -4.53 -4.41 -4.28 -4.25
-5.50 -5.38 -5.38 -5.19 -5.03 -4.91 -4.81 -4.72 -4.62 -4.56 -4.47 -4.41 -4.34 -4.31 -4.25 -4.19 -4.16 -4.12 -4.12 -4.09 -4.06 -4.06 -4.03 -4.00 -3.91 -4.00 -4.06 -4.12 -4.19 -4.19 -4.16 -4.25 -4.25 -4.28 -4.25 -4.06 -4.00 -4.09 -4.19 -4.19 -4.19 -4.28 -4.50 -4.78 -4.91 -4.91 -4.94 -4.97 -4.88 -4.81 -5.06 -5.28 -5.31 -5.53 -5.59 -5.50 -5.31 -5.28 -5.25 -5.19 -5.06 -5.03 -5.16 -5.28 -5.06 -4.97 -4.66 -4.34 -4.22 -4.31 -4.41 -4.41 -4.53 -4.72 -4.50 -4.28 -4.19
-5.56 -5.34 -5.25 -5.12 -4.94 -4.84 -4.72 -4.62 -4.53 -4.47 -4.41 -4.31 -4.28 -4.22 -4.16 -4.12 -4.06 -4.03 -4.00 -4.00 -4.00 -4.00 -3.97 -3.91 -3.94 -4.06 -4.25 -4.31 -4.25 -4.28 -4.25 -4.16 -4.16 -4.38 -4.34 -4.16 -4.16 -4.25 -4.38 -4.31 -4.31 -4.28 -4.31 -4.53 -4.69 -4.66 -4.69 -4.81 -4.88 -4.94 -5.16 -5.28 -5.34 -5.38 -5.31 -5.34 -5.28 -5.28 -5.25 -5.16 -5.03 -5.00 -5.16 -5.22 -5.06 -4.81 -4.50 -4.25 -4.09 -4.12 -4.31 -4.34 -4.34 -4.31 -4.31 -4.19 -4.12
-5.59 -5.28 -5.03 -4.88 -4.78 -4.72 -4.62 -4.53 -4.44 -4.38 -4.31 -4.22 -4.06 -3.97 -3.97 -3.91 -3.84 -3.88 -3.88 -3.88 -3.91 -4.06 -4.12 -4.16 -4.12 -4.12 -4.28 -4.47 -4.41 -4.44 -4.44 -4.38 -4.38 -4.38 -4.25 -4.12 -4.12 -4.22 -4.38 -4.44 -4.41 -4.31 -4.19 -4.34 -4.53 -4.62 -4.81 -4.97 -5.16 -5.16 -5.16 -5.19 -5.22 -5.22 -5.22 -5.22 -5.22 -5.28 -5.16 -5.09 -4.97 -4.94 -4.94 -4.84 -4.84 -4.69 -4.56 -4.31 -4.22 -4.09 -4.16 -4.19 -4.16 -4.00 -3.88 -4.00 -4.00
-5.56 -5.28 -5.12 -4.94 -4.78 -4.59 -4.53 -4.34 -4.19 -4.03 -4.09 -3.94 -3.81 -3.78 -3.81 -3.69 -3.59 -3.59 -3.66 -3.88 -3.97 -4.03 -4.19 -4.28 -4.22 -4.12 -4.19 -4.34 -4.47 -4.50 -4.50 -4.56 -4.50 -4.31 -4.09 -4.03 -4.16 -4.31 -4.50 -4.53 -4.47 -4.41 -4.41 -4.56 -4.72 -4.69 -4.84 -5.06 -5.28 -5.28 -5.16 -5.06 -5.09 -5.19 -5.19 -5.16 -5.16 -5.16 -5.09 -5.03 -4.97 -4.91 -4.75 -4.59 -4.56 -4.44 -4.31 -4.22 -4.22 -4.09 -3.97 -4.00 -4.06 -4.06 -3.97 -4.00 -4.00
-5.50 -5.31 -5.06 -4.84 -4.78 -4.69 -4.50 -4.34 -4.00 -3.78 -3.72 -3.72 -3.72 -3.69 -3.53 -3.44 -3.50 -3.59 -3.72 -3.84 -3.97 -3.94 -4.03 -4.28 -4.38 -4.34 -4.31 -4.38 -4.38 -4.31 -4.38 -4.41 -4.34 -4.22 -4.09 -4.22 -4.44 -4.44 -4.47 -4.47 -4.50 -4.53 -4.59 -4.75 -4.88 -4.88 -4.97 -5.06 -5.06 -5.09 -5.06 -5.06 -5.06 -5.06 -5.06 -5.06 -5.03 -5.03 -4.97 -4.94 -4.84 -4.78 -4.69 -4.59 -4.47 -4.31 -4.16 -4.06 -4.09 -4.00 -3.84 -3.88 -3.97 -4.03 -4.06 -4.03 -3.97
-5.44 -5.28 -5.00 -4.78 -4.69 -4.50 -4.38 -4.28 -4.16 -4.00 -3.88 -3.81 -3.59 -3.50 -3.31 -3.38 -3.59 -3.72 -3.72 -3.72 -3.81 -4.00 -4.06 -4.31 -4.50 -4.50 -4.44 -4.34 -4.28 -4.28 -4.47 -4.53 -4.50 -4.41 -4.41 -4.53 -4.59 -4.44 -4.44 -4.53 -4.62 -4.75 -4.78 -4.81 -4.81 -4.88 -4.91 -4.94 -4.97 -5.00 -5.03 -5.03 -5.00 -5.00 -5.00 -4.97 -4.97 -4.94 -4.91 -4.84 -4.78 -4.72 -4.62 -4.53 -4.44 -4.31 -4.22 -4.09 -3.97 -3.91 -3.88 -3.84 -3.84 -3.81 -3.84 -3.94 -3.88
-5.72 -5.50 -5.09 -4.81 -4.66 -4.53 -4.44 -4.44 -4.53 -4.53 -4.38 -4.06 -3.88 -3.66 -3.59 -3.69 -3.75 -3.72 -3.69 -3.66 -3.84 -4.09 -4.22 -4.31 -4.47 -4.56 -4.50 -4.44 -4.38 -4.31 -4.44 -4.47 -4.50 -4.53 -4.56 -4.62 -4.66 -4.56 -4.59 -4.72 -4.75 -4.72 -4.72 -4.75 -4.78 -4.84 -4.88 -4.91 -4.94 -4.94 -4.97 -4.97 -4.97 -4.97 -4.94 -4.94 -4.91 -4.88 -4.84 -4.78 -4.72 -4.66 -4.56 -4.47 -4.38 -4.28 -4.19 -4.06 -3.97 -3.88 -3.78 -3.88 -3.91 -3.75 -3.47 -3.56 -3.72
-5.72 -5.41 -5.00 -4.72 -4.41 -4.38 -4.22 -4.34 -4.44 -4.41 -4.34 -4.31 -4.25 -4.03 -4.06 -3.94 -3.81 -3.75 -3.78 -3.72 -3.84 -3.94 -4.09 -4.22 -4.31 -4.50 -4.59 -4.62 -4.56 -4.47 -4.50 -4.47 -4.38 -4.34 -4.41 -4.47 -4.53 -4.56 -4.75 -4.75 -4.69 -4.69 -4.72 -4.75 -4.78 -4.81 -4.84 -4.88 -4.91 -4.91 -4.91 -4.94 -4.91 -4.91 -4.91 -4.88 -4.84 -4.81 -4.78 -4.72 -4.66 -4.59 -4.50 -4.44 -4.34 -4.25 -4.16 -4.03 -3.97 -3.88 -3.81 -3.88 -3.84 -3.59 -3.44 -3.44 -3.56
-5.31 -5.16 -4.81 -4.59 -4.47 -4.22 -4.28 -4.38 -4.25 -4.22 -4.31 -4.31 -4.12 -4.25 -4.19 -4.09 -3.88 -3.84 -3.91 -3.91 -3.91 -4.03 -4.12 -4.31 -4.38 -4.53 -4.62 -4.66 -4.69 -4.66 -4.59 -4.44 -4.31 -4.28 -4.31 -4.34 -4.66 -4.81 -4.88 -4.72 -4.66 -4.69 -4.69 -4.72 -4.72 -4.75 -4.81 -4.84 -4.84 -4.88 -4.88 -4.88 -4.88 -4.88 -4.84 -4.81 -4.78 -4.75 -4.72 -4.66 -4.59 -4.53 -4.44 -4.38 -4.28 -4.19 -4.09 -4.00 -3.91 -3.84 -3.78 -3.75 -3.78 -3.69 -3.72 -3.72 -3.56
