everonasctiles/Tile16,13.asc
ncols 128
nrows 128
xllcorner 0
yllcorner 0
cellsize 2.0
NODATA_value  -9999
[rows 70 to 104 of 128, columns 0 to 79 of 128]
0.97 0.94 0.94 0.94 0.94 4.66 5.16 5.69 6.59 7.25 7.72 8.16 8.53 8.84 9.28 9.66 10.03 10.38 10.66 10.94 11.12 11.28 11.41 11.53 11.59 11.69 11.84 11.94 12.03 12.06 12.06 11.97 11.81 11.66 11.47 11.31 11.12 10.97 10.78 10.62 10.44 10.22 10.03 9.91 9.84 9.78 9.78 9.78 9.81 9.81 9.88 9.91 9.97 10.03 10.09 10.12 10.19 10.22 10.22 10.25 10.25 10.25 10.25 10.25 10.28 10.34 10.41 10.53 10.66 10.88 11.03 11.16 11.31 11.47 11.56 11.69 11.78 11.88 12.00 12.03
0.94 0.94 0.94 0.94 0.94 0.94 4.47 4.94 5.50 6.38 7.16 7.69 8.12 8.53 8.94 9.28 9.62 10.00 10.34 10.62 10.84 11.00 11.12 11.22 11.28 11.34 11.38 11.44 11.53 11.56 11.56 11.50 11.41 11.28 11.09 10.91 10.75 10.69 10.59 10.44 10.28 10.03 9.81 9.69 9.62 9.59 9.62 9.62 9.69 9.72 9.78 9.81 9.91 9.97 10.03 10.09 10.12 10.16 10.19 10.22 10.25 10.25 10.28 10.31 10.34 10.41 10.50 10.62 10.81 11.00 11.12 11.25 11.41 11.56 11.66 11.78 11.91 11.97 12.06 12.12
0.94 0.94 0.94 0.94 0.94 0.94 0.94 4.34 4.78 5.34 6.22 7.16 7.66 8.16 8.53 8.88 9.19 9.56 9.94 10.25 10.47 10.69 10.81 10.91 10.94 10.97 10.97 11.00 11.03 11.09 11.03 11.00 10.94 10.81 10.66 10.50 10.41 10.31 10.22 10.19 10.03 9.72 9.47 9.34 9.34 9.38 9.44 9.50 9.56 9.62 9.69 9.75 9.81 9.88 9.97 10.03 10.06 10.12 10.16 10.22 10.25 10.28 10.34 10.38 10.44 10.47 10.56 10.72 10.91 11.03 11.09 11.22 11.41 11.53 11.69 11.81 11.94 12.06 12.12 12.19
0.94 0.94 0.94 0.94 0.94 0.94 0.94 0.94 0.94 0.94 0.94 6.09 7.16 7.62 8.06 8.41 8.75 9.09 9.50 9.78 10.06 10.28 10.41 10.50 10.53 10.53 10.50 10.50 10.53 10.50 10.47 10.44 10.38 10.25 10.16 10.03 9.94 9.88 9.78 9.69 9.25 8.91 8.94 9.00 9.06 9.16 9.28 9.38 9.47 9.53 9.62 9.69 9.75 9.81 9.88 9.97 10.03 10.09 10.16 10.22 10.28 10.34 10.41 10.41 10.44 10.50 10.56 10.72 10.88 10.94 11.06 11.22 11.38 11.50 11.66 11.78 11.91 12.00 12.09 12.16
0.94 0.94 0.94 0.94 0.94 0.94 0.94 0.94 0.94 0.94 0.94 0.94 5.88 6.94 7.50 7.88 8.25 8.59 8.97 9.34 9.62 9.88 10.06 10.06 10.06 10.06 10.03 10.00 10.03 9.97 9.91 9.88 9.78 9.66 9.62 9.50 9.44 9.38 9.28 9.03 8.50 8.28 8.44 8.53 8.69 9.00 9.16 9.28 9.41 9.50 9.56 9.66 9.72 9.78 9.88 9.94 10.00 10.06 10.16 10.22 10.31 10.44 10.44 10.44 10.44 10.47 10.50 10.66 10.75 10.88 11.00 11.16 11.31 11.41 11.56 11.66 11.78 11.88 11.97 12.06
0.94 0.94 0.94 0.94 0.94 0.94 0.94 0.94 0.94 0.94 0.94 0.94 0.94 5.75 6.59 7.19 7.66 8.09 8.50 8.88 9.19 9.41 9.59 9.66 9.66 9.66 9.62 9.53 9.53 9.47 9.41 9.31 9.22 9.12 9.03 8.94 8.84 8.78 8.72 8.38 8.00 8.00 8.00 8.22 8.75 9.03 9.19 9.31 9.41 9.47 9.56 9.62 9.72 9.78 9.84 9.94 10.00 10.09 10.19 10.28 10.38 10.53 10.47 10.44 10.41 10.41 10.41 10.50 10.59 10.75 10.84 10.94 11.09 11.22 11.31 11.47 11.56 11.69 11.75 11.88
0.94 0.94 0.94 0.94 0.94 0.94 0.94 0.94 0.94 0.94 0.94 0.94 0.94 0.94 0.94 0.94 6.97 7.53 8.00 8.34 8.66 8.88 9.09 9.19 9.25 9.28 9.22 9.16 9.16 9.06 8.94 8.84 8.72 8.66 8.53 8.34 8.25 8.16 8.03 7.72 7.66 7.56 7.81 8.25 8.91 9.19 9.25 9.28 9.38 9.47 9.56 9.62 9.69 9.78 9.84 9.94 10.00 10.09 10.19 10.31 10.44 10.59 10.50 10.44 10.38 10.31 10.28 10.25 10.34 10.44 10.53 10.66 10.81 10.91 11.03 11.16 11.31 11.41 11.50 11.59
0.91 0.94 0.94 0.94 0.94 0.94 0.94 0.94 0.94 0.94 0.94 0.94 0.94 0.94 0.94 0.94 0.94 0.94 7.28 7.69 8.06 8.31 8.56 8.72 8.78 8.84 8.88 8.81 8.78 8.66 8.56 8.47 8.38 8.28 8.09 7.88 7.62 7.38 7.34 7.41 7.12 7.75 8.06 8.53 8.88 8.97 9.06 9.12 9.22 9.34 9.41 9.50 9.59 9.69 9.78 9.94 10.06 10.19 10.28 10.41 10.56 10.69 10.53 10.38 10.25 10.16 10.06 10.03 10.03 10.12 10.22 10.34 10.44 10.56 10.72 10.84 10.97 11.06 11.19 11.25
0.88 0.91 0.94 0.94 0.94 0.94 0.94 0.94 0.94 0.94 0.94 0.94 0.94 0.94 0.94 0.94 0.94 0.94 0.94 6.88 7.25 7.66 7.97 8.22 8.38 8.44 8.47 8.44 8.38 8.34 8.25 8.12 8.06 8.00 7.81 7.31 6.91 6.91 7.06 6.75 7.59 8.09 8.41 8.62 8.69 8.72 8.81 8.91 8.97 9.09 9.22 9.28 9.44 9.62 9.81 10.00 10.19 10.31 10.47 10.59 10.72 10.81 10.53 10.31 10.12 9.97 9.88 9.78 9.72 9.78 9.91 9.97 10.09 10.22 10.34 10.53 10.66 10.78 10.94 11.03
0.81 0.88 0.91 0.94 0.94 0.94 0.94 0.94 0.94 0.94 0.94 0.94 0.94 0.94 0.94 0.94 0.94 0.94 0.94 5.62 6.00 6.66 7.34 7.72 7.97 8.12 8.12 8.03 8.00 7.97 7.88 7.81 7.78 7.62 7.34 6.81 6.56 6.31 6.44 7.22 7.94 8.31 8.47 8.53 8.59 8.69 8.75 8.81 8.88 8.97 9.09 9.25 9.41 9.66 9.88 10.09 10.31 10.47 10.69 10.84 10.91 10.94 10.50 10.22 9.97 9.78 9.62 9.50 9.38 9.44 9.56 9.69 9.81 9.91 10.09 10.25 10.41 10.59 10.72 10.78
0.72 0.81 0.88 0.91 0.94 0.94 0.94 0.94 0.94 0.94 0.94 0.94 0.94 0.94 0.94 0.94 0.94 0.94 0.94 0.94 5.22 5.44 5.88 6.75 7.19 7.66 7.75 7.62 7.56 7.53 7.50 7.53 7.50 7.31 7.00 6.66 6.41 6.38 6.56 7.03 7.59 8.12 8.50 8.59 8.62 8.72 8.75 8.78 8.84 8.97 9.09 9.25 9.50 9.69 9.97 10.22 10.47 10.72 10.97 11.16 11.03 10.97 10.41 10.06 9.75 9.53 9.34 9.19 9.06 9.19 9.28 9.41 9.53 9.69 9.88 10.03 10.22 10.41 10.50 10.62
0.56 0.69 0.81 0.88 0.91 0.94 0.94 0.94 0.94 0.94 0.94 0.94 0.94 0.94 0.94 0.94 0.94 0.94 0.94 0.94 0.94 4.75 4.91 5.12 5.44 6.34 6.69 6.94 7.00 7.00 7.09 7.16 7.19 7.06 6.78 6.53 6.19 6.12 6.28 6.62 7.09 7.62 8.19 8.66 8.72 8.78 8.78 8.81 8.94 9.03 9.16 9.34 9.56 9.81 10.03 10.31 10.59 10.88 11.12 11.31 10.91 10.78 10.25 9.88 9.53 9.25 9.03 8.88 8.81 8.91 9.03 9.22 9.34 9.50 9.66 9.84 10.03 10.19 10.31 10.44
0.44 0.56 0.69 0.78 0.88 0.91 0.94 0.94 0.94 0.94 0.94 0.94 0.94 0.94 0.94 0.94 0.94 0.94 0.94 0.94 0.94 0.94 0.94 0.94 0.94 4.72 5.00 5.34 5.78 6.56 6.62 6.75 6.84 6.88 6.59 6.06 5.75 5.66 5.78 6.03 6.44 6.94 7.56 8.38 8.84 8.84 8.84 8.91 9.00 9.12 9.28 9.44 9.66 9.88 10.16 10.38 10.56 10.75 11.00 10.81 10.75 10.53 10.03 9.59 9.16 8.81 8.59 8.41 8.41 8.59 8.72 8.94 9.09 9.25 9.44 9.62 9.78 9.94 10.12 10.19
0.28 0.44 0.56 0.69 0.78 0.88 0.91 0.94 0.94 0.94 0.94 0.94 0.94 0.94 0.94 0.94 0.94 0.94 0.94 0.94 0.94 0.94 0.94 0.94 0.94 0.94 0.94 4.44 4.66 5.09 5.88 6.31 6.50 6.69 6.06 5.34 5.06 5.00 5.06 5.28 5.59 6.00 6.59 7.56 8.94 8.84 8.91 8.97 9.09 9.22 9.38 9.56 9.75 9.97 10.12 10.22 10.31 10.50 10.56 10.47 10.28 10.25 9.84 9.09 8.50 8.09 7.94 7.97 8.03 8.19 8.38 8.59 8.78 8.97 9.19 9.38 9.56 9.66 9.81 9.84
0.19 0.31 0.44 0.56 0.69 0.78 0.88 0.91 0.94 0.94 0.94 0.94 0.94 0.94 0.94 0.94 0.94 0.94 0.94 0.94 0.94 0.94 0.94 0.94 0.94 0.94 0.94 0.94 4.16 4.38 4.66 5.38 6.12 6.59 4.72 4.28 4.19 4.19 4.28 4.44 4.62 4.88 5.22 5.75 8.22 8.50 8.75 8.84 9.06 9.22 9.41 9.56 9.75 9.88 9.94 9.97 9.88 9.81 9.78 9.53 9.47 9.22 8.78 8.25 7.78 7.47 7.38 7.56 7.66 7.88 8.06 8.28 8.53 8.72 8.97 9.16 9.28 9.41 9.50 9.47
0.06 0.19 0.28 0.44 0.56 0.69 0.78 0.84 0.91 0.91 0.94 0.94 0.94 0.94 0.94 0.94 0.94 0.94 0.94 0.94 0.94 0.94 0.94 0.94 0.94 0.94 0.94 0.94 0.94 0.94 0.94 4.34 4.72 0.94 2.62 3.06 3.22 3.34 3.44 3.53 3.62 3.69 3.66 3.34 0.94 7.81 8.06 8.47 8.75 9.03 9.19 9.38 9.53 9.59 9.59 9.53 9.31 9.16 9.09 8.53 8.59 8.38 7.94 7.28 6.84 6.59 6.59 6.84 7.25 7.53 7.75 8.00 8.25 8.47 8.66 8.84 8.97 9.12 9.16 9.06
-0.03 0.06 0.19 0.28 0.41 0.53 0.66 0.75 0.81 0.88 0.91 0.91 0.94 0.94 0.94 0.94 0.94 0.94 0.94 0.94 0.94 0.94 0.94 0.94 0.94 0.94 0.94 0.94 0.94 0.94 0.94 0.94 0.94 0.94 1.38 2.03 2.34 2.53 2.66 2.72 2.72 2.62 2.34 1.72 0.94 0.94 7.34 7.66 8.06 8.44 8.72 8.88 9.06 9.06 8.97 8.84 8.62 8.50 8.38 7.94 7.66 7.34 6.84 6.50 6.06 5.69 5.59 5.91 6.69 7.12 7.41 7.69 7.94 8.19 8.47 8.50 8.59 8.78 8.78 8.59
-0.09 -0.03 0.06 0.16 0.25 0.38 0.50 0.59 0.69 0.75 0.81 0.84 0.88 0.91 0.94 0.94 0.94 0.94 0.94 0.94 0.94 0.94 0.94 0.94 0.94 0.94 0.94 0.94 0.94 0.94 0.94 0.94 0.94 0.94 1.00 1.34 1.66 1.88 1.97 2.00 1.97 1.81 1.50 1.06 0.94 0.94 0.94 6.78 7.22 7.62 7.97 8.12 8.22 8.28 8.28 7.94 7.75 7.59 7.47 7.12 5.56 5.41 5.41 5.94 5.28 4.88 4.53 4.28 5.38 6.47 7.03 7.31 7.56 7.78 8.03 8.16 8.28 8.41 8.34 8.06
-0.19 -0.12 -0.03 0.03 0.12 0.22 0.34 0.44 0.53 0.62 0.69 0.75 0.81 0.84 0.91 0.91 0.94 0.94 0.94 0.94 0.94 0.94 0.94 0.94 0.94 0.94 0.94 0.94 0.94 0.94 0.94 0.94 0.94 0.94 0.94 1.00 1.19 1.34 1.44 1.47 1.41 1.28 1.03 0.94 0.94 0.94 1.03 1.25 1.34 1.31 1.25 1.09 0.94 0.94 0.94 0.94 0.94 0.94 0.94 0.94 3.28 3.69 3.78 3.84 3.66 3.47 3.44 2.84 2.53 5.03 6.38 6.91 7.16 7.38 7.56 7.75 7.91 8.03 7.91 7.38
-0.31 -0.25 -0.16 -0.06 0.03 0.09 0.19 0.28 0.38 0.47 0.56 0.62 0.72 0.78 0.84 0.88 0.91 0.91 0.94 0.94 0.94 0.94 0.94 0.94 0.94 0.94 0.94 0.94 0.94 0.94 0.94 0.94 0.94 0.94 0.94 0.94 0.94 1.03 1.06 1.06 1.03 0.97 0.59 0.34 0.56 0.88 0.91 0.91 0.94 0.94 0.94 0.94 0.94 0.94 0.94 0.94 0.94 0.94 0.94 0.94 1.75 2.38 2.59 2.53 2.25 1.84 1.44 1.09 1.22 2.59 5.38 6.41 6.69 6.91 7.09 7.25 7.50 7.56 7.34 6.41
-0.50 -0.38 -0.28 -0.19 -0.09 0.00 0.06 0.16 0.22 0.31 0.41 0.50 0.59 0.66 0.75 0.81 0.84 0.91 0.91 0.94 0.94 0.94 0.94 0.94 0.94 0.94 0.94 0.94 0.94 0.94 0.94 0.94 0.94 0.94 0.94 0.94 0.94 0.94 0.94 0.94 0.88 0.72 0.03 -0.03 -0.03 0.56 0.59 0.62 0.62 0.69 0.72 0.75 0.81 0.84 0.88 0.91 0.94 0.94 0.94 0.94 0.94 1.53 1.72 1.69 1.44 0.94 0.94 0.94 0.94 1.84 4.69 5.81 6.25 6.28 6.38 6.56 6.88 6.78 6.53 4.62
-0.72 -0.56 -0.44 -0.31 -0.22 -0.12 -0.03 0.03 0.09 0.19 0.25 0.34 0.44 0.53 0.62 0.69 0.78 0.84 0.88 0.91 0.94 0.94 0.94 0.94 0.94 0.94 0.94 0.94 0.94 0.94 0.94 0.94 0.94 0.94 0.94 0.94 0.88 0.81 0.69 0.53 0.31 0.16 -0.31 -0.59 -0.34 0.03 0.09 0.12 0.16 0.22 0.28 0.34 0.41 0.47 0.50 0.56 0.66 0.72 0.81 0.88 0.94 1.09 1.19 1.16 0.97 0.94 0.94 0.94 0.94 1.12 3.34 4.47 4.75 4.97 5.12 5.25 0.94 0.94 0.94 0.94
-0.97 -0.81 -0.62 -0.50 -0.38 -0.25 -0.16 -0.06 0.00 0.06 0.12 0.22 0.31 0.41 0.50 0.59 0.66 0.75 0.81 0.88 0.91 0.94 0.94 0.94 0.94 0.94 0.94 0.94 0.94 0.94 0.94 0.94 0.94 0.91 0.81 0.69 0.56 0.41 0.25 0.06 -0.12 -0.31 -0.44 -0.53 -0.53 -0.47 -0.44 -0.41 -0.34 -0.31 -0.25 -0.19 -0.12 -0.06 0.00 0.06 0.19 0.28 0.41 0.56 0.69 0.78 0.88 0.88 0.84 0.84 0.84 0.88 0.91 1.12 1.50 1.72 1.72 1.62 1.44 1.12 0.94 0.94 0.94 0.94
-1.28 -1.09 -0.88 -0.72 -0.56 -0.41 -0.28 -0.19 -0.12 -0.03 0.03 0.09 0.16 0.25 0.34 0.44 0.53 0.62 0.72 0.78 0.84 0.91 0.94 0.94 0.94 0.94 0.94 0.94 0.91 0.91 0.88 0.84 0.72 0.59 0.44 0.28 0.12 -0.06 -0.22 -0.41 -0.56 -0.72 -0.81 -0.91 -0.94 -0.94 -0.91 -0.88 -0.84 -0.81 -0.78 -0.75 -0.69 -0.66 -0.59 -0.50 -0.41 -0.28 -0.12 0.00 0.16 0.28 0.38 0.44 0.47 0.50 0.53 0.56 0.66 0.75 0.91 1.03 1.06 1.06 1.00 0.97 0.94 0.94 0.94 0.94
-1.59 -1.44 -1.19 -0.97 -0.78 -0.59 -0.47 -0.34 -0.22 -0.16 -0.06 0.00 0.06 0.12 0.22 0.31 0.41 0.50 0.59 0.69 0.75 0.84 0.91 0.94 0.94 0.94 0.91 0.88 0.81 0.72 0.59 0.47 0.31 0.16 -0.03 -0.19 -0.34 -0.53 -0.69 -0.84 -1.00 -1.12 -1.22 -1.31 -1.34 -1.38 -1.41 -1.41 -1.41 -1.38 -1.34 -1.34 -1.31 -1.28 -1.22 -1.16 -1.03 -0.91 -0.75 -0.59 -0.44 -0.31 -0.22 -0.12 -0.06 0.00 0.03 0.09 0.16 0.22 0.28 0.38 0.44 0.47 0.53 0.59 0.69 0.81 0.88 0.91
-1.97 -1.78 -1.53 -1.31 -1.06 -0.88 -0.69 -0.50 -0.38 -0.25 -0.19 -0.09 -0.06 0.00 0.09 0.16 0.25 0.31 0.41 0.50 0.59 0.69 0.78 0.88 0.91 0.84 0.75 0.62 0.50 0.34 0.16 -0.03 -0.19 -0.38 -0.56 -0.72 -0.91 -1.06 -1.22 -1.38 -1.53 -1.66 -1.75 -1.88 -1.97 -2.09 -2.19 -2.28 -2.34 -2.41 -2.41 -2.44 -2.44 -2.41 -2.38 -2.28 -2.12 -1.94 -1.72 -1.50 -1.28 -1.06 -0.91 -0.78 -0.69 -0.62 -0.56 -0.50 -0.47 -0.44 -0.38 -0.34 -0.28 -0.25 -0.19 -0.12 -0.06 0.06 0.25 0.41
-2.38 -2.19 -1.94 -1.66 -1.41 -1.19 -0.94 -0.75 -0.56 -0.41 -0.28 -0.22 -0.16 -0.09 -0.03 0.00 0.06 0.16 0.22 0.28 0.38 0.47 0.56 0.62 0.66 0.53 0.38 0.19 -0.03 -0.25 -0.47 -0.69 -0.88 -1.09 -1.28 -1.47 -1.62 -1.81 -1.97 -2.16 -2.31 -2.47 -2.62 -2.84 -3.06 -3.34 -3.62 -3.88 -4.09 -4.25 -4.31 -4.38 -4.38 -4.31 -4.22 -4.06 -3.84 -3.56 -3.22 -2.88 -2.56 -2.25 -1.94 -1.69 -1.50 -1.38 -1.25 -1.19 -1.12 -1.09 -1.06 -1.06 -1.03 -1.00 -1.00 -0.94 -0.88 -0.75 -0.59 -0.38
-2.78 -2.62 -2.34 -2.09 -1.81 -1.53 -1.28 -1.03 -0.81 -0.62 -0.47 -0.34 -0.28 -0.22 -0.19 -0.16 -0.12 -0.06 -0.03 0.00 0.06 0.09 0.16 0.19 0.16 0.00 -0.22 -0.47 -0.75 -1.03 -1.31 -1.56 -1.81 -2.03 -2.25 -2.47 -2.66 -2.84 -3.03 -3.19 -3.41 -3.62 -3.88 -4.22 -4.62 -5.06 -5.56 -6.00 -6.34 -6.56 -6.69 -6.75 -6.75 -6.66 -6.53 -6.28 -5.97 -5.56 -5.12 -4.66 -4.22 -3.78 -3.34 -2.97 -2.66 -2.38 -2.19 -2.06 -1.94 -1.88 -1.81 -1.78 -1.75 -1.72 -1.69 -1.66 -1.62 -1.50 -1.34 -1.16
-3.25 -3.09 -2.81 -2.53 -2.25 -1.97 -1.69 -1.41 -1.12 -0.91 -0.72 -0.56 -0.47 -0.41 -0.38 -0.34 -0.34 -0.34 -0.34 -0.34 -0.38 -0.38 -0.41 -0.44 -0.53 -0.75 -1.03 -1.34 -1.66 -2.00 -2.31 -2.59 -2.88 -3.12 -3.38 -3.62 -3.84 -4.06 -4.28 -4.53 -4.78 -5.06 -5.44 -5.88 -6.41 -7.00 -7.59 -8.16 -8.56 -8.88 -9.03 -9.47 -9.47 -9.38 -9.22 -8.97 -8.66 -8.25 -7.19 -6.62 -6.06 -5.53 -5.00 -4.50 -4.03 -3.66 -3.34 -3.12 -2.94 -2.81 -2.72 -2.62 -2.56 -2.50 -2.44 -2.38 -2.28 -2.19 -2.03 -1.88
-3.75 -3.56 -3.31 -3.00 -2.72 -2.44 -2.12 -1.81 -1.53 -1.28 -1.03 -0.84 -0.75 -0.66 -0.62 -0.59 -0.62 -0.66 -0.72 -0.78 -0.84 -0.94 -1.06 -1.19 -1.38 -1.62 -1.97 -2.34 -2.72 -3.06 -3.41 -3.75 -4.03 -4.34 -4.59 -4.88 -5.12 -5.38 -5.66 -5.94 -6.28 -6.62 -7.06 -7.59 -8.22 -8.84 -9.50 -10.06 -10.53 -10.81 -11.00 -11.03 -11.03 -10.97 -10.81 -10.59 -10.31 -9.50 -9.09 -8.56 -7.94 -7.31 -6.69 -6.09 -5.56 -5.09 -4.72 -4.38 -4.12 -3.94 -3.78 -3.66 -3.53 -3.41 -3.31 -3.19 -3.09 -2.94 -2.81 -2.66
-4.31 -4.09 -3.81 -3.53 -3.22 -2.91 -2.59 -2.28 -2.00 -1.69 -1.44 -1.25 -1.09 -1.00 -0.97 -0.94 -0.97 -1.03 -1.12 -1.25 -1.41 -1.59 -1.78 -2.00 -2.28 -2.62 -3.00 -3.44 -3.84 -4.22 -4.59 -4.94 -5.28 -5.56 -5.88 -6.16 -6.44 -6.72 -7.03 -7.34 -7.72 -8.16 -8.62 -9.19 -9.78 -10.44 -11.09 -11.66 -12.09 -11.78 -11.84 -11.88 -11.88 -11.81 -11.66 -11.47 -11.19 -10.91 -10.50 -10.16 -9.66 -8.97 -8.34 -7.69 -7.12 -6.59 -6.12 -5.75 -5.44 -5.19 -4.97 -4.78 -4.62 -4.47 -4.34 -4.19 -4.06 -3.94 -3.81 -3.69
-4.91 -4.66 -4.38 -4.06 -3.75 -3.44 -3.12 -2.78 -2.47 -2.19 -1.91 -1.69 -1.53 -1.44 -1.38 -1.34 -1.38 -1.47 -1.62 -1.81 -2.03 -2.28 -2.56 -2.88 -3.25 -3.66 -4.09 -4.56 -5.00 -5.44 -5.81 -6.19 -6.53 -6.84 -7.16 -7.44 -7.72 -8.03 -8.34 -8.72 -9.09 -9.53 -10.00 -10.53 -11.12 -11.72 -12.31 -12.84 -12.69 -12.75 -12.78 -12.81 -12.81 -12.75 -12.62 -12.44 -12.22 -11.94 -11.72 -11.53 -11.16 -10.50 -9.84 -9.19 -8.59 -8.03 -7.56 -7.16 -6.78 -6.50 -6.25 -6.03 -5.84 -5.66 -5.50 -5.34 -5.22 -5.09 -4.97 -4.91
-5.53 -5.25 -4.97 -4.66 -4.31 -4.00 -3.66 -3.31 -3.00 -2.69 -2.41 -2.19 -2.03 -1.91 -1.81 -1.81 -1.88 -2.00 -2.19 -2.44 -2.72 -3.03 -3.41 -3.81 -4.25 -4.72 -5.22 -5.72 -6.19 -6.62 -7.03 -7.41 -7.75 -8.06 -8.38 -8.69 -9.00 -9.28 -9.62 -9.97 -10.34 -10.75 -11.19 -11.69 -12.22 -12.75 -13.25 -13.72 -13.56 -13.62 -13.66 -13.69 -13.69 -13.62 -13.53 -13.38 -13.16 -12.94 -12.75 -12.66 -12.38 -11.78 -11.16 -10.53 -9.94 -9.41 -8.91 -8.50 -8.12 -7.81 -7.56 -7.31 -7.09 -6.91 -6.72 -6.59 -6.44 -6.34 -6.28 -6.22
-6.16 -5.88 -5.59 -5.25 -4.91 -4.56 -4.22 -3.88 -3.53 -3.22 -2.94 -2.69 -2.50 -2.38 -2.31 -2.31 -2.41 -2.56 -2.78 -3.09 -3.44 -3.84 -4.28 -4.75 -5.25 -5.78 -6.34 -6.84 -7.34 -7.78 -8.22 -8.59 -8.94 -9.25 -9.56 -9.88 -10.16 -10.47 -10.75 -11.09 -11.44 -11.81 -12.22 -12.66 -13.09 -13.53 -13.97 -14.34 -14.25 -14.31 -14.34 -14.38 -14.38 -14.34 -14.25 -14.12 -13.97 -13.78 -13.62 -13.59 -13.38 -12.84 -12.25 -11.69 -11.16 -10.62 -10.16 -9.75 -9.41 -9.09 -8.81 -8.59 -8.38 -8.16 -8.00 -7.84 -7.72 -7.62 -7.59 -7.56
-6.84 -6.53 -6.22 -5.91 -5.53 -5.16 -4.78 -4.41 -4.06 -3.75 -3.44 -3.22 -3.03 -2.91 -2.84 -2.88 -2.97 -3.16 -3.44 -3.81 -4.22 -4.69 -5.19 -5.72 -6.28 -6.84 -7.44 -7.97 -8.47 -8.91 -9.34 -9.72 -10.06 -10.38 -10.69 -10.97 -11.25 -11.50 -11.78 -12.09 -12.41 -12.72 -13.06 -13.44 -13.78 -14.16 -14.50 -14.81 -14.78 -14.84 -14.88 -14.91 -14.91 -14.88 -14.81 -14.72 -14.59 -14.44 -14.28 -14.28 -14.12 -13.66 -13.19 -12.69 -12.19 -11.72 -11.28 -10.91 -10.56 -10.28 -10.00 -9.78 -9.56 -9.38 -9.22 -9.09 -8.97 -8.91 -8.88 -8.97
