everonasctiles/Tile[2,37].asc
ncols 128
nrows 128
xllcorner 0
yllcorner 0
cellsize 2.0
NODATA_value  -9999
[rows 60 to 89 of 128, columns 0 to 67 of 128]
-116.00 -115.88 -115.78 -115.66 -115.53 -115.41 -115.28 -115.16 -115.09 -115.06 -115.06 -115.06 -115.09 -115.06 -115.00 -114.91 -114.81 -114.69 -114.56 -114.44 -114.25 -114.00 -113.72 -113.41 -113.00 -112.84 -113.03 -113.22 -113.38 -113.44 -113.38 -113.25 -113.06 -112.81 -112.53 -112.19 -111.88 -111.53 -111.16 -110.78 -110.41 -110.03 -109.66 -109.34 -109.06 -108.84 -108.62 -108.44 -108.22 -108.00 -107.72 -107.47 -107.16 -106.91 -106.62 -106.41 -106.19 -106.00 -105.84 -105.62 -105.41 -105.16 -104.88 -104.59 -104.28 -104.00 -103.91 -103.91
-115.69 -115.59 -115.50 -115.41 -115.31 -115.22 -115.09 -115.00 -114.94 -114.91 -114.91 -114.91 -114.91 -114.88 -114.81 -114.72 -114.59 -114.44 -114.31 -114.16 -114.00 -113.78 -113.50 -113.16 -112.69 -112.38 -112.56 -112.84 -113.00 -113.06 -113.03 -112.91 -112.75 -112.53 -112.25 -111.97 -111.66 -111.34 -111.03 -110.69 -110.34 -110.03 -109.75 -109.47 -109.22 -109.00 -108.78 -108.56 -108.34 -108.06 -107.78 -107.47 -107.16 -106.84 -106.53 -106.28 -106.03 -105.81 -105.62 -105.41 -105.19 -104.91 -104.66 -104.38 -104.09 -103.81 -103.69 -103.72
-115.38 -115.31 -115.22 -115.16 -115.09 -115.03 -114.94 -114.88 -114.81 -114.78 -114.75 -114.75 -114.72 -114.69 -114.62 -114.53 -114.38 -114.19 -114.03 -113.88 -113.75 -113.56 -113.28 -112.94 -112.56 -112.12 -112.25 -112.50 -112.66 -112.72 -112.66 -112.56 -112.41 -112.22 -111.97 -111.72 -111.47 -111.19 -110.91 -110.59 -110.34 -110.06 -109.81 -109.56 -109.34 -109.12 -108.91 -108.66 -108.41 -108.12 -107.81 -107.47 -107.12 -106.78 -106.47 -106.16 -105.88 -105.66 -105.44 -105.22 -104.97 -104.72 -104.44 -104.19 -103.94 -103.72 -103.59 -103.56
-115.06 -115.00 -114.97 -114.94 -114.88 -114.84 -114.78 -114.72 -114.66 -114.62 -114.59 -114.56 -114.53 -114.50 -114.41 -114.31 -114.16 -113.97 -113.75 -113.59 -113.44 -113.28 -113.06 -112.75 -112.41 -112.06 -111.97 -112.19 -112.28 -112.31 -112.28 -112.19 -112.03 -111.88 -111.69 -111.50 -111.28 -111.03 -110.78 -110.53 -110.28 -110.06 -109.81 -109.62 -109.41 -109.19 -108.97 -108.72 -108.44 -108.16 -107.81 -107.47 -107.12 -106.78 -106.44 -106.09 -105.78 -105.50 -105.25 -105.03 -104.78 -104.53 -104.28 -104.03 -103.81 -103.66 -103.53 -103.50
-114.78 -114.72 -114.69 -114.69 -114.69 -114.66 -114.59 -114.56 -114.50 -114.47 -114.44 -114.41 -114.34 -114.28 -114.19 -114.09 -113.94 -113.75 -113.50 -113.28 -113.12 -112.97 -112.78 -112.53 -112.25 -111.94 -111.78 -111.84 -111.94 -111.94 -111.91 -111.81 -111.66 -111.50 -111.34 -111.22 -111.03 -110.84 -110.62 -110.41 -110.22 -110.00 -109.81 -109.62 -109.44 -109.22 -109.00 -108.75 -108.47 -108.19 -107.84 -107.50 -107.16 -106.81 -106.44 -106.09 -105.75 -105.41 -105.12 -104.88 -104.62 -104.38 -104.12 -103.91 -103.72 -103.59 -103.50 -103.44
-114.47 -114.44 -114.44 -114.47 -114.47 -114.47 -114.44 -114.38 -114.34 -114.28 -114.25 -114.22 -114.16 -114.06 -114.00 -113.88 -113.75 -113.53 -113.28 -113.03 -112.81 -112.66 -112.50 -112.28 -112.03 -111.78 -111.56 -111.53 -111.56 -111.56 -111.50 -111.41 -111.28 -111.16 -111.00 -110.88 -110.78 -110.62 -110.44 -110.25 -110.09 -109.91 -109.75 -109.59 -109.41 -109.22 -109.00 -108.78 -108.50 -108.19 -107.88 -107.53 -107.19 -106.81 -106.44 -106.06 -105.72 -105.38 -105.03 -104.75 -104.47 -104.22 -104.00 -103.78 -103.62 -103.53 -103.44 -103.41
-114.19 -114.19 -114.22 -114.25 -114.28 -114.28 -114.25 -114.22 -114.19 -114.12 -114.09 -114.03 -113.97 -113.88 -113.78 -113.66 -113.53 -113.31 -113.06 -112.81 -112.53 -112.34 -112.19 -112.00 -111.78 -111.56 -111.38 -111.25 -111.22 -111.19 -111.12 -111.06 -110.94 -110.78 -110.66 -110.56 -110.47 -110.38 -110.22 -110.09 -109.94 -109.81 -109.69 -109.53 -109.38 -109.19 -109.00 -108.75 -108.50 -108.22 -107.88 -107.56 -107.19 -106.81 -106.44 -106.06 -105.69 -105.34 -105.00 -104.69 -104.38 -104.12 -103.91 -103.69 -103.56 -103.47 -103.41 -103.38
-113.91 -113.94 -113.97 -114.03 -114.06 -114.09 -114.09 -114.06 -114.03 -113.97 -113.94 -113.88 -113.81 -113.72 -113.59 -113.47 -113.31 -113.12 -112.88 -112.62 -112.34 -112.09 -111.91 -111.72 -111.50 -111.31 -111.12 -110.97 -110.91 -110.84 -110.78 -110.69 -110.56 -110.44 -110.31 -110.22 -110.16 -110.09 -110.00 -109.88 -109.78 -109.66 -109.56 -109.44 -109.28 -109.12 -108.94 -108.72 -108.47 -108.16 -107.88 -107.53 -107.16 -106.81 -106.41 -106.03 -105.66 -105.31 -104.97 -104.62 -104.34 -104.06 -103.84 -103.62 -103.50 -103.41 -103.34 -103.34
-113.62 -113.69 -113.75 -113.84 -113.88 -113.91 -113.91 -113.91 -113.88 -113.81 -113.78 -113.72 -113.66 -113.56 -113.44 -113.28 -113.12 -112.94 -112.69 -112.44 -112.19 -111.91 -111.66 -111.44 -111.25 -111.06 -110.88 -110.72 -110.59 -110.50 -110.44 -110.34 -110.22 -110.09 -109.97 -109.91 -109.84 -109.81 -109.75 -109.69 -109.59 -109.50 -109.41 -109.28 -109.16 -109.00 -108.81 -108.59 -108.34 -108.09 -107.78 -107.47 -107.09 -106.75 -106.38 -106.00 -105.62 -105.28 -104.94 -104.62 -104.34 -104.06 -103.84 -103.62 -103.47 -103.38 -103.31 -103.28
-113.41 -113.47 -113.56 -113.62 -113.69 -113.72 -113.75 -113.75 -113.72 -113.66 -113.62 -113.56 -113.53 -113.44 -113.28 -113.12 -112.97 -112.75 -112.53 -112.31 -112.06 -111.78 -111.53 -111.28 -111.03 -110.84 -110.66 -110.47 -110.31 -110.22 -110.12 -110.00 -109.91 -109.78 -109.66 -109.59 -109.53 -109.53 -109.50 -109.44 -109.38 -109.28 -109.19 -109.09 -108.97 -108.84 -108.66 -108.47 -108.22 -107.94 -107.66 -107.34 -107.00 -106.66 -106.31 -105.94 -105.59 -105.28 -104.94 -104.66 -104.38 -104.12 -103.88 -103.66 -103.47 -103.34 -103.28 -103.25
-113.19 -113.28 -113.38 -113.47 -113.53 -113.56 -113.56 -113.56 -113.53 -113.50 -113.47 -113.41 -113.38 -113.28 -113.16 -113.00 -112.81 -112.62 -112.41 -112.19 -111.94 -111.69 -111.44 -111.16 -110.91 -110.69 -110.44 -110.25 -110.06 -109.94 -109.81 -109.72 -109.59 -109.47 -109.38 -109.28 -109.25 -109.25 -109.25 -109.22 -109.16 -109.06 -108.97 -108.88 -108.75 -108.62 -108.47 -108.25 -108.03 -107.75 -107.47 -107.19 -106.88 -106.56 -106.22 -105.88 -105.56 -105.25 -104.97 -104.69 -104.41 -104.16 -103.91 -103.69 -103.47 -103.34 -103.25 -103.22
-113.00 -113.09 -113.19 -113.28 -113.34 -113.38 -113.38 -113.38 -113.34 -113.31 -113.28 -113.25 -113.19 -113.16 -113.03 -112.91 -112.72 -112.50 -112.31 -112.06 -111.84 -111.59 -111.34 -111.09 -110.84 -110.56 -110.34 -110.09 -109.88 -109.69 -109.56 -109.44 -109.31 -109.19 -109.09 -109.03 -109.00 -109.00 -109.00 -108.97 -108.91 -108.81 -108.72 -108.59 -108.50 -108.34 -108.22 -108.03 -107.81 -107.56 -107.28 -107.00 -106.69 -106.41 -106.09 -105.81 -105.50 -105.25 -104.97 -104.72 -104.47 -104.19 -103.94 -103.69 -103.50 -103.34 -103.25 -103.19
-112.81 -112.91 -113.03 -113.09 -113.16 -113.19 -113.19 -113.16 -113.16 -113.12 -113.09 -113.06 -113.03 -112.97 -112.91 -112.75 -112.59 -112.41 -112.19 -111.97 -111.75 -111.53 -111.28 -111.03 -110.78 -110.50 -110.25 -110.00 -109.78 -109.53 -109.34 -109.19 -109.06 -108.94 -108.84 -108.78 -108.75 -108.75 -108.75 -108.72 -108.66 -108.56 -108.44 -108.31 -108.19 -108.06 -107.94 -107.78 -107.59 -107.34 -107.06 -106.78 -106.50 -106.22 -105.97 -105.69 -105.44 -105.19 -104.94 -104.72 -104.47 -104.22 -103.97 -103.72 -103.50 -103.34 -103.22 -103.16
-112.66 -112.75 -112.81 -112.91 -112.97 -113.00 -113.00 -112.97 -112.94 -112.91 -112.88 -112.84 -112.81 -112.78 -112.72 -112.62 -112.47 -112.28 -112.09 -111.88 -111.66 -111.44 -111.22 -110.97 -110.72 -110.47 -110.19 -109.94 -109.72 -109.47 -109.25 -109.03 -108.84 -108.72 -108.59 -108.53 -108.50 -108.50 -108.50 -108.47 -108.38 -108.28 -108.16 -108.03 -107.91 -107.78 -107.62 -107.50 -107.34 -107.12 -106.88 -106.59 -106.31 -106.03 -105.78 -105.53 -105.31 -105.09 -104.88 -104.66 -104.44 -104.19 -103.97 -103.72 -103.50 -103.34 -103.22 -103.16
-112.47 -112.56 -112.62 -112.69 -112.75 -112.78 -112.81 -112.78 -112.75 -112.72 -112.66 -112.62 -112.59 -112.56 -112.50 -112.44 -112.31 -112.16 -111.97 -111.75 -111.56 -111.34 -111.12 -110.88 -110.66 -110.41 -110.16 -109.91 -109.69 -109.44 -109.22 -108.97 -108.75 -108.56 -108.41 -108.31 -108.28 -108.28 -108.25 -108.22 -108.12 -108.03 -107.91 -107.78 -107.62 -107.47 -107.34 -107.19 -107.06 -106.88 -106.66 -106.38 -106.09 -105.84 -105.59 -105.38 -105.19 -104.97 -104.78 -104.59 -104.41 -104.19 -103.94 -103.72 -103.53 -103.34 -103.22 -103.12
-112.34 -112.41 -112.47 -112.50 -112.56 -112.59 -112.62 -112.59 -112.56 -112.50 -112.47 -112.41 -112.38 -112.34 -112.28 -112.22 -112.09 -111.97 -111.78 -111.59 -111.41 -111.19 -110.97 -110.75 -110.53 -110.31 -110.12 -109.91 -109.66 -109.44 -109.19 -108.97 -108.72 -108.53 -108.31 -108.16 -108.09 -108.06 -108.03 -107.97 -107.88 -107.78 -107.66 -107.50 -107.34 -107.22 -107.06 -106.91 -106.75 -106.59 -106.41 -106.16 -105.91 -105.66 -105.41 -105.22 -105.03 -104.84 -104.69 -104.53 -104.34 -104.16 -103.94 -103.75 -103.56 -103.38 -103.25 -103.16
-112.25 -112.28 -112.31 -112.34 -112.38 -112.44 -112.44 -112.44 -112.38 -112.31 -112.25 -112.22 -112.16 -112.12 -112.06 -112.00 -111.88 -111.75 -111.59 -111.41 -111.22 -111.00 -110.81 -110.59 -110.41 -110.22 -110.03 -109.84 -109.66 -109.44 -109.22 -108.97 -108.72 -108.50 -108.28 -108.06 -107.94 -107.84 -107.81 -107.75 -107.66 -107.56 -107.41 -107.28 -107.12 -106.97 -106.81 -106.66 -106.50 -106.34 -106.16 -105.94 -105.69 -105.44 -105.22 -105.03 -104.88 -104.72 -104.59 -104.44 -104.28 -104.09 -103.94 -103.75 -103.59 -103.41 -103.28 -103.16
-112.25 -112.19 -112.19 -112.19 -112.22 -112.25 -112.28 -112.25 -112.22 -112.12 -112.06 -112.00 -111.94 -111.88 -111.84 -111.75 -111.66 -111.53 -111.38 -111.19 -111.00 -110.81 -110.59 -110.41 -110.22 -110.06 -109.94 -109.78 -109.62 -109.41 -109.19 -108.97 -108.72 -108.47 -108.25 -108.03 -107.84 -107.69 -107.62 -107.53 -107.47 -107.34 -107.22 -107.09 -106.94 -106.78 -106.62 -106.44 -106.28 -106.09 -105.91 -105.72 -105.47 -105.25 -105.06 -104.88 -104.72 -104.59 -104.47 -104.34 -104.19 -104.06 -103.91 -103.75 -103.59 -103.47 -103.31 -103.19
-112.28 -112.19 -112.12 -112.09 -112.09 -112.09 -112.12 -112.09 -112.03 -111.97 -111.91 -111.81 -111.75 -111.69 -111.62 -111.53 -111.44 -111.31 -111.16 -111.00 -110.81 -110.59 -110.41 -110.22 -110.06 -109.91 -109.81 -109.69 -109.56 -109.38 -109.16 -108.94 -108.69 -108.44 -108.22 -108.00 -107.78 -107.62 -107.50 -107.38 -107.28 -107.19 -107.06 -106.94 -106.78 -106.62 -106.47 -106.28 -106.09 -105.91 -105.72 -105.53 -105.31 -105.09 -104.91 -104.72 -104.59 -104.47 -104.34 -104.22 -104.12 -104.00 -103.88 -103.75 -103.62 -103.47 -103.34 -103.22
-112.31 -112.22 -112.12 -112.06 -112.00 -112.00 -111.97 -111.94 -111.88 -111.81 -111.75 -111.66 -111.59 -111.53 -111.44 -111.34 -111.25 -111.12 -110.97 -110.81 -110.62 -110.44 -110.22 -110.06 -109.88 -109.75 -109.66 -109.59 -109.47 -109.31 -109.12 -108.91 -108.66 -108.44 -108.22 -108.00 -107.81 -107.62 -107.47 -107.31 -107.19 -107.06 -106.94 -106.81 -106.66 -106.50 -106.34 -106.19 -106.00 -105.78 -105.59 -105.41 -105.19 -105.00 -104.78 -104.62 -104.47 -104.34 -104.25 -104.12 -104.03 -103.91 -103.81 -103.72 -103.59 -103.47 -103.34 -103.22
-112.34 -112.25 -112.16 -112.06 -112.00 -111.94 -111.88 -111.81 -111.72 -111.66 -111.59 -111.53 -111.47 -111.38 -111.28 -111.19 -111.09 -110.97 -110.81 -110.66 -110.47 -110.28 -110.09 -109.91 -109.75 -109.62 -109.56 -109.47 -109.41 -109.25 -109.09 -108.88 -108.66 -108.44 -108.22 -108.03 -107.84 -107.69 -107.50 -107.34 -107.19 -107.03 -106.91 -106.75 -106.59 -106.44 -106.25 -106.09 -105.91 -105.72 -105.50 -105.31 -105.12 -104.91 -104.72 -104.56 -104.41 -104.28 -104.16 -104.03 -103.94 -103.84 -103.75 -103.66 -103.56 -103.44 -103.34 -103.22
-112.41 -112.31 -112.22 -112.09 -112.03 -111.91 -111.81 -111.72 -111.62 -111.53 -111.47 -111.41 -111.31 -111.25 -111.16 -111.06 -110.97 -110.84 -110.69 -110.53 -110.38 -110.19 -110.00 -109.81 -109.66 -109.53 -109.44 -109.38 -109.31 -109.22 -109.06 -108.88 -108.69 -108.47 -108.28 -108.09 -107.91 -107.75 -107.56 -107.41 -107.22 -107.06 -106.91 -106.75 -106.56 -106.41 -106.22 -106.03 -105.84 -105.66 -105.47 -105.28 -105.06 -104.88 -104.69 -104.50 -104.34 -104.22 -104.09 -103.97 -103.88 -103.75 -103.66 -103.56 -103.47 -103.38 -103.28 -103.19
-112.47 -112.38 -112.25 -112.16 -112.06 -111.94 -111.81 -111.69 -111.53 -111.44 -111.34 -111.28 -111.19 -111.12 -111.03 -110.94 -110.84 -110.72 -110.59 -110.44 -110.28 -110.09 -109.91 -109.72 -109.56 -109.44 -109.38 -109.31 -109.25 -109.16 -109.03 -108.88 -108.69 -108.50 -108.34 -108.16 -107.97 -107.81 -107.62 -107.47 -107.28 -107.12 -106.97 -106.78 -106.59 -106.44 -106.22 -106.03 -105.84 -105.66 -105.44 -105.25 -105.06 -104.84 -104.66 -104.47 -104.31 -104.19 -104.06 -103.94 -103.81 -103.69 -103.56 -103.47 -103.38 -103.28 -103.22 -103.16
-112.53 -112.44 -112.31 -112.22 -112.09 -111.94 -111.81 -111.66 -111.50 -111.38 -111.25 -111.16 -111.09 -111.00 -110.94 -110.84 -110.72 -110.62 -110.50 -110.34 -110.19 -110.00 -109.81 -109.66 -109.50 -109.38 -109.31 -109.25 -109.19 -109.12 -109.00 -108.88 -108.72 -108.56 -108.41 -108.22 -108.06 -107.88 -107.72 -107.56 -107.38 -107.22 -107.03 -106.84 -106.66 -106.47 -106.28 -106.06 -105.88 -105.66 -105.44 -105.25 -105.03 -104.84 -104.62 -104.47 -104.28 -104.16 -104.03 -103.91 -103.75 -103.62 -103.50 -103.38 -103.28 -103.19 -103.12 -103.06
-112.56 -112.47 -112.38 -112.25 -112.09 -111.97 -111.81 -111.62 -111.47 -111.31 -111.19 -111.09 -111.00 -110.91 -110.84 -110.72 -110.62 -110.53 -110.41 -110.25 -110.09 -109.91 -109.75 -109.56 -109.44 -109.31 -109.25 -109.19 -109.16 -109.09 -109.00 -108.88 -108.75 -108.62 -108.47 -108.31 -108.16 -108.00 -107.84 -107.66 -107.50 -107.31 -107.12 -106.94 -106.75 -106.53 -106.34 -106.12 -105.91 -105.69 -105.47 -105.25 -105.03 -104.81 -104.62 -104.44 -104.25 -104.12 -104.00 -103.84 -103.72 -103.56 -103.41 -103.28 -103.16 -103.09 -103.03 -102.97
-112.59 -112.50 -112.41 -112.25 -112.12 -111.94 -111.78 -111.62 -111.44 -111.28 -111.16 -111.03 -110.94 -110.84 -110.75 -110.66 -110.53 -110.44 -110.31 -110.16 -110.00 -109.84 -109.66 -109.50 -109.38 -109.28 -109.19 -109.12 -109.09 -109.06 -108.97 -108.88 -108.78 -108.69 -108.53 -108.41 -108.25 -108.12 -107.97 -107.78 -107.62 -107.44 -107.25 -107.03 -106.84 -106.62 -106.41 -106.19 -105.94 -105.72 -105.47 -105.25 -105.03 -104.81 -104.59 -104.41 -104.22 -104.06 -103.94 -103.81 -103.66 -103.50 -103.34 -103.22 -103.09 -102.97 -102.91 -102.88
-112.62 -112.53 -112.41 -112.25 -112.09 -111.94 -111.78 -111.59 -111.44 -111.28 -111.12 -111.03 -110.91 -110.81 -110.72 -110.59 -110.50 -110.38 -110.25 -110.12 -109.97 -109.81 -109.62 -109.47 -109.31 -109.22 -109.16 -109.09 -109.06 -109.03 -108.97 -108.91 -108.81 -108.72 -108.62 -108.50 -108.38 -108.25 -108.09 -107.91 -107.75 -107.56 -107.34 -107.16 -106.94 -106.72 -106.50 -106.25 -106.00 -105.78 -105.53 -105.28 -105.03 -104.81 -104.59 -104.38 -104.19 -104.00 -103.88 -103.75 -103.59 -103.44 -103.31 -103.16 -103.00 -102.91 -102.81 -102.78
-112.62 -112.50 -112.41 -112.25 -112.09 -111.94 -111.75 -111.59 -111.44 -111.28 -111.19 -111.06 -110.97 -110.84 -110.75 -110.62 -110.50 -110.38 -110.25 -110.12 -110.00 -109.81 -109.66 -109.47 -109.31 -109.19 -109.12 -109.06 -109.03 -109.03 -109.00 -108.94 -108.88 -108.78 -108.69 -108.59 -108.47 -108.34 -108.22 -108.03 -107.88 -107.66 -107.47 -107.25 -107.06 -106.81 -106.59 -106.38 -106.12 -105.88 -105.62 -105.38 -105.12 -104.88 -104.62 -104.38 -104.16 -103.94 -103.78 -103.66 -103.53 -103.38 -103.25 -103.09 -102.94 -102.81 -102.72 -102.66
-112.59 -112.50 -112.41 -112.25 -112.12 -111.97 -111.81 -111.66 -111.53 -111.41 -111.31 -111.19 -111.09 -110.97 -110.84 -110.72 -110.59 -110.50 -110.38 -110.25 -110.09 -109.91 -109.72 -109.56 -109.38 -109.22 -109.12 -109.09 -109.09 -109.06 -109.03 -109.00 -108.91 -108.84 -108.75 -108.66 -108.56 -108.44 -108.31 -108.16 -107.97 -107.78 -107.59 -107.38 -107.19 -106.97 -106.75 -106.53 -106.31 -106.06 -105.81 -105.56 -105.28 -104.97 -104.69 -104.41 -104.12 -103.91 -103.72 -103.59 -103.44 -103.31 -103.19 -103.03 -102.88 -102.75 -102.66 -102.56
-112.59 -112.50 -112.41 -112.31 -112.19 -112.06 -111.94 -111.81 -111.72 -111.59 -111.50 -111.38 -111.25 -111.12 -111.00 -110.88 -110.78 -110.69 -110.56 -110.44 -110.28 -110.09 -109.88 -109.69 -109.50 -109.34 -109.22 -109.19 -109.16 -109.16 -109.12 -109.06 -109.00 -108.91 -108.81 -108.75 -108.66 -108.53 -108.41 -108.25 -108.06 -107.91 -107.72 -107.53 -107.34 -107.16 -106.97 -106.78 -106.56 -106.31 -106.06 -105.78 -105.47 -105.16 -104.81 -104.47 -104.12 -103.84 -103.69 -103.53 -103.41 -103.28 -103.12 -103.00 -102.84 -102.69 -102.56 -102.47
