everonasctiles/Tile39,24.asc
ncols 128
nrows 128
xllcorner 0
yllcorner 0
cellsize 2.0
NODATA_value  -9999
[rows 0 to 30 of 128, columns 0 to 70 of 128]
-96.78 -96.94 -97.09 -97.28 -97.50 -97.69 -97.84 -97.91 -97.97 -98.09 -98.28 -98.53 -98.75 -98.91 -99.00 -98.97 -98.88 -98.75 -98.56 -98.31 -97.97 -97.62 -97.94 -98.59 -99.06 -99.44 -99.75 -100.06 -100.53 -101.09 -101.62 -102.06 -102.44 -102.72 -102.94 -102.69 -102.03 -101.56 -101.50 -101.91 -102.62 -103.62 -105.03 -106.50 -107.41 -107.81 -107.81 -107.69 -107.62 -107.72 -107.84 -107.94 -107.94 -107.75 -107.41 -107.06 -106.78 -106.50 -106.06 -105.88 -105.97 -106.00 -105.97 -105.84 -105.66 -105.38 -104.97 -104.28 -103.72 -103.88 -104.47
-96.44 -96.66 -96.88 -97.09 -97.31 -97.50 -97.59 -97.62 -97.66 -97.72 -97.88 -98.12 -98.34 -98.50 -98.62 -98.62 -98.56 -98.44 -98.28 -98.09 -97.81 -97.50 -97.81 -98.31 -98.72 -99.06 -99.38 -99.69 -100.12 -100.56 -100.97 -101.38 -101.75 -101.97 -102.00 -101.44 -100.66 -100.22 -100.22 -100.72 -101.72 -103.12 -104.84 -106.03 -106.78 -107.03 -106.97 -106.88 -106.78 -106.94 -107.12 -107.25 -107.34 -107.28 -107.00 -106.62 -106.28 -105.94 -105.59 -105.47 -105.50 -105.50 -105.44 -105.34 -105.19 -104.94 -104.59 -104.06 -103.59 -104.00 -104.56
-96.12 -96.38 -96.66 -96.91 -97.12 -97.31 -97.38 -97.38 -97.34 -97.38 -97.50 -97.69 -97.91 -98.09 -98.19 -98.22 -98.19 -98.12 -98.00 -97.84 -97.66 -97.47 -97.72 -98.09 -98.44 -98.75 -99.03 -99.31 -99.66 -100.00 -100.41 -100.81 -101.12 -101.31 -101.22 -100.69 -99.78 -99.28 -99.44 -100.25 -101.66 -103.34 -104.59 -105.47 -106.00 -106.06 -106.03 -105.91 -105.84 -106.06 -106.31 -106.50 -106.62 -106.66 -106.50 -106.22 -105.84 -105.47 -105.19 -105.03 -105.00 -104.97 -104.91 -104.81 -104.69 -104.50 -104.22 -103.81 -103.56 -104.03 -104.44
-95.84 -96.16 -96.47 -96.72 -96.94 -97.09 -97.12 -97.09 -97.03 -97.00 -97.09 -97.31 -97.50 -97.66 -97.75 -97.78 -97.78 -97.75 -97.69 -97.56 -97.44 -97.38 -97.59 -97.88 -98.19 -98.44 -98.66 -98.91 -99.19 -99.50 -99.91 -100.31 -100.62 -100.75 -100.62 -100.28 -99.44 -98.88 -99.25 -100.41 -102.00 -103.16 -104.03 -104.69 -105.00 -105.06 -105.03 -104.84 -104.75 -105.09 -105.44 -105.69 -105.88 -105.94 -105.88 -105.69 -105.38 -105.06 -104.75 -104.56 -104.50 -104.41 -104.34 -104.28 -104.19 -104.03 -103.84 -103.53 -103.56 -103.91 -104.25
-95.62 -95.97 -96.28 -96.53 -96.75 -96.88 -96.88 -96.81 -96.72 -96.66 -96.69 -96.88 -97.06 -97.22 -97.28 -97.31 -97.34 -97.34 -97.31 -97.25 -97.19 -97.19 -97.38 -97.66 -97.91 -98.12 -98.31 -98.53 -98.78 -99.16 -99.53 -99.91 -100.19 -100.31 -100.22 -99.97 -99.47 -98.84 -99.47 -100.69 -101.75 -102.56 -103.25 -103.72 -103.97 -104.06 -103.97 -103.69 -103.62 -104.03 -104.50 -104.84 -105.06 -105.16 -105.16 -105.06 -104.84 -104.56 -104.31 -104.09 -103.97 -103.88 -103.81 -103.78 -103.69 -103.59 -103.44 -103.28 -103.44 -103.72 -104.03
-95.44 -95.78 -96.06 -96.31 -96.53 -96.62 -96.62 -96.53 -96.41 -96.28 -96.28 -96.44 -96.59 -96.72 -96.78 -96.81 -96.88 -96.91 -96.94 -96.91 -96.88 -96.94 -97.12 -97.34 -97.56 -97.78 -97.97 -98.19 -98.50 -98.84 -99.22 -99.53 -99.78 -99.94 -99.88 -99.69 -99.34 -98.97 -99.50 -100.31 -101.09 -101.84 -102.41 -102.78 -102.97 -103.06 -102.94 -102.56 -102.53 -103.00 -103.56 -103.94 -104.19 -104.31 -104.34 -104.34 -104.25 -104.03 -103.78 -103.59 -103.41 -103.31 -103.31 -103.28 -103.22 -103.16 -103.06 -103.06 -103.22 -103.44 -103.72
-95.22 -95.56 -95.84 -96.09 -96.25 -96.34 -96.31 -96.22 -96.06 -95.91 -95.84 -96.00 -96.09 -96.19 -96.25 -96.28 -96.34 -96.44 -96.50 -96.53 -96.53 -96.59 -96.75 -96.97 -97.19 -97.41 -97.62 -97.91 -98.22 -98.56 -98.91 -99.22 -99.44 -99.56 -99.56 -99.41 -99.16 -98.94 -99.12 -99.53 -100.06 -100.78 -101.38 -101.75 -101.97 -102.03 -101.94 -101.53 -101.50 -102.09 -102.69 -103.06 -103.31 -103.47 -103.53 -103.59 -103.56 -103.44 -103.25 -103.06 -102.88 -102.81 -102.81 -102.81 -102.81 -102.78 -102.75 -102.78 -102.94 -103.12 -103.38
-94.97 -95.28 -95.56 -95.78 -95.97 -96.06 -96.00 -95.88 -95.72 -95.50 -95.34 -95.50 -95.62 -95.66 -95.69 -95.75 -95.84 -95.94 -96.06 -96.09 -96.12 -96.22 -96.38 -96.59 -96.81 -97.06 -97.31 -97.62 -97.94 -98.31 -98.62 -98.88 -99.09 -99.22 -99.22 -99.12 -98.94 -98.75 -98.66 -98.72 -98.97 -99.47 -100.09 -100.66 -100.94 -101.06 -100.97 -100.59 -100.62 -101.28 -101.81 -102.19 -102.44 -102.56 -102.72 -102.84 -102.88 -102.78 -102.66 -102.50 -102.34 -102.28 -102.34 -102.38 -102.41 -102.44 -102.47 -102.50 -102.59 -102.75 -102.97
-94.66 -94.97 -95.22 -95.47 -95.66 -95.75 -95.69 -95.53 -95.28 -94.97 -94.72 -94.88 -95.09 -95.16 -95.16 -95.16 -95.28 -95.44 -95.56 -95.62 -95.66 -95.75 -95.91 -96.16 -96.41 -96.66 -96.97 -97.31 -97.66 -98.00 -98.28 -98.53 -98.72 -98.88 -98.91 -98.81 -98.66 -98.47 -98.28 -98.09 -98.09 -98.41 -98.94 -99.62 -99.97 -100.09 -100.03 -99.75 -99.91 -100.50 -100.97 -101.31 -101.53 -101.69 -101.91 -102.09 -102.12 -102.12 -102.03 -101.94 -101.84 -101.84 -101.91 -102.00 -102.09 -102.16 -102.19 -102.19 -102.25 -102.34 -102.50
-94.28 -94.59 -94.88 -95.16 -95.34 -95.44 -95.34 -95.16 -94.84 -94.38 -94.03 -94.09 -94.41 -94.59 -94.59 -94.56 -94.72 -94.88 -95.03 -95.12 -95.16 -95.22 -95.34 -95.62 -95.94 -96.28 -96.62 -97.00 -97.34 -97.62 -97.91 -98.12 -98.34 -98.50 -98.56 -98.53 -98.38 -98.19 -97.97 -97.72 -97.47 -97.56 -98.06 -98.75 -99.06 -99.19 -99.16 -99.03 -99.31 -99.78 -100.19 -100.47 -100.66 -100.81 -101.09 -101.31 -101.44 -101.44 -101.44 -101.41 -101.41 -101.44 -101.56 -101.69 -101.78 -101.88 -101.91 -101.91 -101.91 -101.91 -102.03
-93.84 -94.19 -94.53 -94.81 -95.03 -95.12 -95.03 -94.81 -94.44 -93.91 -93.41 -93.31 -93.56 -93.84 -93.91 -93.97 -94.16 -94.34 -94.50 -94.56 -94.59 -94.56 -94.59 -94.94 -95.44 -95.88 -96.25 -96.62 -96.94 -97.22 -97.47 -97.72 -97.94 -98.12 -98.22 -98.22 -98.09 -97.91 -97.69 -97.44 -97.12 -97.00 -97.41 -97.97 -98.25 -98.38 -98.38 -98.41 -98.72 -99.06 -99.38 -99.62 -99.78 -99.94 -100.28 -100.53 -100.69 -100.78 -100.84 -100.91 -101.00 -101.09 -101.25 -101.38 -101.50 -101.59 -101.66 -101.66 -101.59 -101.56 -101.75
-93.41 -93.81 -94.19 -94.47 -94.69 -94.81 -94.72 -94.50 -94.16 -93.66 -93.06 -92.72 -92.78 -93.00 -93.16 -93.38 -93.59 -93.78 -93.91 -93.97 -93.97 -93.78 -93.84 -94.38 -95.03 -95.47 -95.88 -96.22 -96.50 -96.75 -97.00 -97.25 -97.53 -97.72 -97.88 -97.88 -97.78 -97.62 -97.41 -97.19 -96.91 -96.69 -96.94 -97.28 -97.53 -97.66 -97.69 -97.81 -98.12 -98.38 -98.62 -98.81 -98.88 -99.00 -99.34 -99.72 -99.97 -100.16 -100.34 -100.47 -100.62 -100.78 -100.94 -101.09 -101.22 -101.34 -101.41 -101.41 -101.38 -101.38 -101.56
-93.03 -93.47 -93.84 -94.16 -94.38 -94.50 -94.44 -94.25 -93.94 -93.56 -93.09 -92.53 -92.28 -92.34 -92.53 -92.84 -93.06 -93.22 -93.34 -93.38 -93.31 -93.03 -93.28 -94.03 -94.59 -95.06 -95.44 -95.75 -96.00 -96.25 -96.47 -96.78 -97.09 -97.34 -97.50 -97.53 -97.47 -97.31 -97.12 -96.91 -96.69 -96.50 -96.53 -96.72 -96.88 -96.97 -97.03 -97.22 -97.50 -97.72 -97.91 -98.03 -98.00 -98.12 -98.50 -98.94 -99.31 -99.62 -99.88 -100.09 -100.28 -100.47 -100.66 -100.81 -100.94 -101.06 -101.16 -101.16 -101.16 -101.19 -101.31
-92.72 -93.16 -93.50 -93.81 -94.03 -94.16 -94.19 -94.03 -93.78 -93.44 -93.09 -92.69 -92.22 -92.00 -92.09 -92.41 -92.56 -92.69 -92.75 -92.78 -92.56 -92.41 -92.91 -93.72 -94.19 -94.59 -94.94 -95.19 -95.44 -95.66 -95.94 -96.31 -96.66 -96.94 -97.09 -97.16 -97.09 -97.00 -96.81 -96.62 -96.44 -96.25 -96.16 -96.22 -96.28 -96.34 -96.38 -96.62 -96.91 -97.09 -97.25 -97.31 -97.28 -97.53 -98.00 -98.47 -98.88 -99.22 -99.53 -99.78 -99.97 -100.19 -100.34 -100.53 -100.69 -100.81 -100.91 -100.94 -100.94 -100.94 -101.03
-92.41 -92.78 -93.16 -93.44 -93.69 -93.84 -93.91 -93.78 -93.59 -93.31 -93.00 -92.69 -92.34 -92.03 -91.91 -92.06 -92.16 -92.22 -92.25 -92.16 -91.88 -91.94 -92.66 -93.28 -93.72 -94.09 -94.38 -94.62 -94.84 -95.09 -95.44 -95.88 -96.22 -96.50 -96.66 -96.72 -96.72 -96.62 -96.47 -96.31 -96.12 -95.94 -95.81 -95.75 -95.72 -95.66 -95.72 -96.00 -96.31 -96.53 -96.66 -96.75 -96.91 -97.31 -97.75 -98.16 -98.56 -98.91 -99.22 -99.47 -99.69 -99.88 -100.06 -100.25 -100.41 -100.53 -100.66 -100.72 -100.72 -100.72 -100.75
-91.97 -92.38 -92.75 -93.06 -93.34 -93.53 -93.62 -93.56 -93.38 -93.12 -92.88 -92.59 -92.34 -92.09 -91.88 -91.81 -91.81 -91.81 -91.75 -91.56 -91.31 -91.59 -92.31 -92.84 -93.22 -93.53 -93.81 -94.06 -94.28 -94.59 -95.03 -95.44 -95.78 -96.00 -96.16 -96.28 -96.28 -96.22 -96.06 -95.94 -95.78 -95.59 -95.44 -95.31 -95.19 -95.03 -95.06 -95.38 -95.75 -96.00 -96.19 -96.41 -96.75 -97.12 -97.53 -97.94 -98.31 -98.66 -98.94 -99.19 -99.41 -99.62 -99.81 -100.00 -100.16 -100.31 -100.41 -100.50 -100.53 -100.53 -100.53
-91.50 -91.94 -92.34 -92.69 -93.00 -93.22 -93.31 -93.31 -93.16 -92.94 -92.72 -92.47 -92.25 -92.06 -91.84 -91.69 -91.59 -91.50 -91.38 -91.12 -90.94 -91.25 -91.91 -92.38 -92.69 -93.00 -93.28 -93.50 -93.78 -94.16 -94.59 -94.97 -95.25 -95.47 -95.66 -95.78 -95.84 -95.78 -95.66 -95.50 -95.38 -95.22 -95.06 -94.88 -94.69 -94.47 -94.50 -94.81 -95.25 -95.56 -95.84 -96.16 -96.50 -96.91 -97.28 -97.69 -98.03 -98.38 -98.66 -98.91 -99.16 -99.38 -99.59 -99.78 -99.94 -100.09 -100.22 -100.31 -100.34 -100.31 -100.31
-91.03 -91.50 -91.94 -92.31 -92.62 -92.88 -93.03 -93.03 -92.91 -92.75 -92.53 -92.31 -92.12 -91.94 -91.78 -91.59 -91.41 -91.25 -91.09 -90.88 -90.66 -90.91 -91.44 -91.88 -92.19 -92.50 -92.78 -93.06 -93.38 -93.75 -94.16 -94.47 -94.72 -94.94 -95.12 -95.31 -95.38 -95.28 -95.16 -95.06 -94.94 -94.81 -94.66 -94.47 -94.28 -94.00 -93.97 -94.34 -94.84 -95.19 -95.53 -95.88 -96.25 -96.62 -97.00 -97.41 -97.78 -98.09 -98.41 -98.69 -98.94 -99.19 -99.41 -99.62 -99.78 -99.94 -100.06 -100.12 -100.16 -100.16 -100.16
-90.56 -91.06 -91.47 -91.88 -92.22 -92.50 -92.66 -92.72 -92.66 -92.53 -92.34 -92.12 -91.94 -91.78 -91.62 -91.47 -91.28 -91.06 -90.88 -90.69 -90.47 -90.62 -91.06 -91.44 -91.75 -92.06 -92.34 -92.66 -92.97 -93.31 -93.62 -93.91 -94.12 -94.34 -94.59 -94.81 -94.88 -94.78 -94.66 -94.56 -94.47 -94.38 -94.22 -94.03 -93.84 -93.56 -93.56 -94.06 -94.50 -94.88 -95.22 -95.56 -95.91 -96.31 -96.72 -97.12 -97.50 -97.84 -98.19 -98.50 -98.81 -99.09 -99.31 -99.53 -99.69 -99.81 -99.91 -99.97 -100.00 -100.00 -100.00
-90.09 -90.56 -90.97 -91.41 -91.78 -92.09 -92.28 -92.38 -92.34 -92.28 -92.12 -91.97 -91.78 -91.59 -91.47 -91.31 -91.12 -90.94 -90.72 -90.53 -90.34 -90.41 -90.72 -91.06 -91.38 -91.69 -91.94 -92.22 -92.50 -92.78 -93.06 -93.31 -93.50 -93.78 -94.06 -94.28 -94.34 -94.25 -94.09 -94.03 -93.97 -93.88 -93.75 -93.62 -93.44 -93.19 -93.31 -93.78 -94.19 -94.56 -94.91 -95.22 -95.53 -95.94 -96.38 -96.84 -97.28 -97.69 -98.09 -98.44 -98.75 -99.03 -99.25 -99.47 -99.62 -99.75 -99.81 -99.88 -99.91 -99.88 -99.88
-89.50 -89.97 -90.44 -90.91 -91.31 -91.62 -91.84 -91.97 -92.00 -91.97 -91.91 -91.78 -91.59 -91.44 -91.28 -91.12 -90.97 -90.78 -90.59 -90.41 -90.22 -90.22 -90.44 -90.72 -91.00 -91.25 -91.50 -91.75 -92.00 -92.25 -92.50 -92.69 -92.94 -93.25 -93.53 -93.72 -93.75 -93.66 -93.53 -93.44 -93.44 -93.38 -93.28 -93.19 -93.06 -92.88 -93.16 -93.53 -93.91 -94.25 -94.53 -94.81 -95.12 -95.59 -96.19 -96.72 -97.22 -97.66 -98.06 -98.41 -98.72 -99.00 -99.25 -99.44 -99.56 -99.69 -99.75 -99.81 -99.81 -99.81 -99.78
-88.84 -89.31 -89.84 -90.38 -90.81 -91.16 -91.38 -91.50 -91.59 -91.62 -91.62 -91.56 -91.44 -91.28 -91.12 -90.97 -90.81 -90.62 -90.44 -90.25 -90.09 -90.03 -90.16 -90.38 -90.59 -90.81 -91.03 -91.25 -91.50 -91.72 -91.91 -92.09 -92.41 -92.72 -92.97 -93.16 -93.19 -93.09 -92.91 -92.84 -92.91 -92.88 -92.81 -92.75 -92.62 -92.59 -92.94 -93.28 -93.62 -93.91 -94.19 -94.44 -94.88 -95.53 -96.19 -96.75 -97.25 -97.69 -98.06 -98.41 -98.72 -99.00 -99.22 -99.41 -99.53 -99.62 -99.72 -99.75 -99.75 -99.72 -99.72
-88.16 -88.66 -89.25 -89.81 -90.31 -90.66 -90.88 -91.03 -91.16 -91.28 -91.31 -91.31 -91.25 -91.09 -90.94 -90.81 -90.66 -90.50 -90.28 -90.09 -89.94 -89.81 -89.88 -90.06 -90.22 -90.41 -90.59 -90.78 -90.97 -91.16 -91.34 -91.56 -91.91 -92.19 -92.44 -92.56 -92.59 -92.50 -92.28 -92.09 -92.19 -92.28 -92.25 -92.09 -92.03 -92.25 -92.66 -92.97 -93.31 -93.59 -93.88 -94.28 -94.91 -95.59 -96.22 -96.78 -97.25 -97.69 -98.09 -98.44 -98.75 -99.00 -99.22 -99.38 -99.50 -99.59 -99.66 -99.69 -99.69 -99.66 -99.66
-87.44 -88.06 -88.69 -89.28 -89.78 -90.12 -90.34 -90.56 -90.72 -90.88 -91.00 -91.06 -91.03 -90.94 -90.78 -90.62 -90.50 -90.31 -90.12 -89.91 -89.75 -89.62 -89.59 -89.69 -89.84 -89.97 -90.09 -90.28 -90.47 -90.69 -90.91 -91.19 -91.47 -91.75 -91.94 -92.06 -92.03 -91.91 -91.66 -91.28 -91.22 -91.22 -91.22 -91.25 -91.44 -91.91 -92.34 -92.66 -93.00 -93.31 -93.75 -94.31 -95.00 -95.62 -96.22 -96.78 -97.28 -97.72 -98.12 -98.44 -98.75 -99.00 -99.19 -99.34 -99.47 -99.56 -99.59 -99.62 -99.59 -99.59 -99.56
-86.91 -87.56 -88.19 -88.78 -89.22 -89.56 -89.81 -90.03 -90.28 -90.50 -90.66 -90.75 -90.78 -90.72 -90.59 -90.44 -90.28 -90.12 -89.94 -89.72 -89.53 -89.41 -89.28 -89.28 -89.44 -89.59 -89.72 -89.94 -90.16 -90.41 -90.66 -90.91 -91.16 -91.38 -91.53 -91.59 -91.53 -91.38 -91.06 -90.56 -90.28 -90.19 -90.25 -90.47 -90.91 -91.59 -92.00 -92.38 -92.75 -93.19 -93.75 -94.38 -95.06 -95.69 -96.28 -96.81 -97.31 -97.75 -98.12 -98.44 -98.72 -98.97 -99.16 -99.31 -99.41 -99.50 -99.53 -99.53 -99.53 -99.50 -99.50
-86.44 -87.03 -87.66 -88.22 -88.62 -88.97 -89.22 -89.53 -89.84 -90.09 -90.31 -90.44 -90.50 -90.47 -90.34 -90.22 -90.06 -89.88 -89.69 -89.50 -89.34 -89.16 -88.97 -89.00 -89.22 -89.41 -89.56 -89.78 -90.00 -90.25 -90.47 -90.69 -90.91 -91.06 -91.19 -91.19 -91.09 -90.91 -90.59 -90.00 -89.53 -89.31 -89.44 -89.91 -90.62 -91.31 -91.72 -92.12 -92.59 -93.12 -93.75 -94.41 -95.06 -95.72 -96.31 -96.84 -97.31 -97.72 -98.09 -98.41 -98.69 -98.91 -99.06 -99.22 -99.31 -99.38 -99.41 -99.41 -99.41 -99.38 -99.38
-85.94 -86.53 -87.09 -87.59 -88.00 -88.34 -88.69 -89.06 -89.44 -89.72 -89.94 -90.09 -90.16 -90.16 -90.09 -89.97 -89.81 -89.62 -89.44 -89.25 -89.09 -88.88 -88.72 -88.91 -89.12 -89.31 -89.50 -89.72 -89.91 -90.12 -90.34 -90.53 -90.72 -90.84 -90.91 -90.88 -90.72 -90.53 -90.22 -89.66 -89.06 -88.72 -88.94 -89.66 -90.47 -91.06 -91.44 -91.94 -92.47 -93.06 -93.72 -94.41 -95.06 -95.72 -96.28 -96.78 -97.22 -97.62 -98.00 -98.34 -98.59 -98.81 -98.94 -99.06 -99.19 -99.25 -99.28 -99.28 -99.28 -99.25 -99.22
-85.47 -86.03 -86.53 -86.97 -87.34 -87.72 -88.19 -88.62 -89.00 -89.31 -89.56 -89.75 -89.84 -89.84 -89.81 -89.69 -89.53 -89.34 -89.19 -89.00 -88.78 -88.56 -88.62 -88.88 -89.09 -89.28 -89.47 -89.69 -89.88 -90.06 -90.25 -90.44 -90.56 -90.66 -90.66 -90.59 -90.44 -90.22 -89.91 -89.44 -88.81 -88.38 -88.69 -89.47 -90.28 -90.81 -91.22 -91.75 -92.31 -92.97 -93.66 -94.31 -94.97 -95.53 -96.06 -96.56 -97.03 -97.47 -97.88 -98.22 -98.44 -98.59 -98.75 -98.88 -98.97 -99.06 -99.12 -99.12 -99.09 -99.06 -99.03
-84.91 -85.41 -85.78 -86.16 -86.62 -87.22 -87.75 -88.22 -88.59 -88.94 -89.19 -89.38 -89.50 -89.53 -89.50 -89.38 -89.22 -89.06 -88.91 -88.66 -88.41 -88.41 -88.66 -88.88 -89.06 -89.25 -89.47 -89.66 -89.84 -90.03 -90.19 -90.34 -90.44 -90.50 -90.47 -90.38 -90.22 -89.97 -89.69 -89.31 -88.72 -88.22 -88.44 -89.19 -89.97 -90.53 -90.97 -91.53 -92.16 -92.81 -93.47 -94.09 -94.66 -95.19 -95.72 -96.28 -96.84 -97.31 -97.72 -98.00 -98.19 -98.34 -98.47 -98.62 -98.75 -98.88 -98.94 -98.94 -98.91 -98.88 -98.84
-84.16 -84.56 -85.03 -85.59 -86.28 -86.84 -87.34 -87.81 -88.19 -88.53 -88.81 -89.03 -89.19 -89.22 -89.16 -89.06 -88.94 -88.78 -88.53 -88.25 -88.19 -88.47 -88.69 -88.88 -89.09 -89.28 -89.47 -89.66 -89.81 -89.97 -90.12 -90.25 -90.31 -90.34 -90.31 -90.19 -90.03 -89.78 -89.50 -89.19 -88.75 -88.19 -88.19 -88.84 -89.62 -90.28 -90.75 -91.28 -91.91 -92.53 -93.12 -93.69 -94.19 -94.75 -95.41 -96.09 -96.66 -97.09 -97.44 -97.69 -97.84 -98.00 -98.19 -98.34 -98.53 -98.66 -98.72 -98.72 -98.69 -98.66 -98.59
-83.69 -84.16 -84.75 -85.44 -86.03 -86.53 -87.00 -87.44 -87.84 -88.19 -88.47 -88.72 -88.88 -88.91 -88.84 -88.72 -88.59 -88.38 -88.09 -88.00 -88.25 -88.50 -88.72 -88.94 -89.12 -89.31 -89.47 -89.62 -89.78 -89.94 -90.03 -90.12 -90.19 -90.19 -90.12 -90.03 -89.84 -89.62 -89.34 -89.03 -88.72 -88.22 -87.97 -88.50 -89.25 -89.97 -90.50 -91.03 -91.59 -92.16 -92.66 -93.19 -93.78 -94.53 -95.28 -95.91 -96.41 -96.78 -97.06 -97.28 -97.47 -97.62 -97.84 -98.09 -98.28 -98.44 -98.50 -98.50 -98.44 -98.41 -98.34
