everonasctiles/Tile[46,10].asc
ncols 128
nrows 128
xllcorner 0
yllcorner 0
cellsize 2.0
NODATA_value  -9999
[rows 64 to 95 of 128, columns 0 to 70 of 128]
-33.22 -33.22 -33.22 -33.59 -34.34 -34.97 -35.62 -36.16 -36.59 -36.88 -36.97 -36.81 -36.59 -36.84 -37.50 -38.34 -39.06 -39.72 -40.34 -40.84 -41.25 -41.47 -41.91 -42.84 -43.97 -44.81 -45.44 -45.88 -46.22 -46.41 -46.53 -46.94 -47.59 -48.31 -48.91 -49.34 -49.66 -49.78 -49.81 -49.75 -49.69 -49.88 -50.09 -50.28 -50.44 -50.59 -50.81 -51.06 -51.31 -51.50 -51.59 -51.69 -51.72 -51.75 -51.69 -51.50 -51.19 -50.59 -50.47 -50.97 -51.22 -51.31 -51.19 -50.91 -50.62 -50.44 -50.31 -50.16 -49.97 -49.62 -49.31
-34.03 -34.12 -34.00 -34.00 -34.75 -35.56 -36.19 -36.75 -37.25 -37.59 -37.84 -37.88 -37.72 -37.69 -37.97 -38.50 -39.31 -40.06 -40.81 -41.47 -42.00 -42.41 -42.62 -43.12 -44.09 -45.19 -45.91 -46.44 -46.84 -47.12 -47.22 -47.22 -47.56 -48.28 -48.97 -49.53 -49.94 -50.19 -50.25 -50.22 -50.16 -50.25 -50.47 -50.62 -50.75 -50.88 -51.03 -51.28 -51.59 -51.84 -52.00 -52.09 -52.16 -52.19 -52.16 -51.97 -51.66 -51.09 -51.00 -51.47 -51.75 -51.84 -51.72 -51.44 -51.16 -50.94 -50.84 -50.72 -50.56 -50.28 -50.00
-34.69 -34.84 -34.91 -34.78 -35.28 -36.09 -36.78 -37.34 -37.84 -38.28 -38.59 -38.84 -39.00 -38.94 -39.00 -39.19 -39.53 -40.25 -41.09 -41.88 -42.59 -43.16 -43.59 -43.94 -44.50 -45.53 -46.38 -47.00 -47.47 -47.81 -48.03 -48.09 -48.09 -48.38 -49.03 -49.66 -50.12 -50.47 -50.62 -50.66 -50.62 -50.69 -50.84 -50.97 -51.06 -51.12 -51.19 -51.44 -51.75 -52.06 -52.28 -52.47 -52.56 -52.62 -52.56 -52.44 -52.12 -51.66 -51.56 -51.94 -52.22 -52.34 -52.22 -51.97 -51.66 -51.47 -51.38 -51.25 -51.09 -50.88 -50.69
-35.31 -35.53 -35.75 -35.81 -36.03 -36.59 -37.38 -38.00 -38.47 -38.91 -39.28 -39.66 -40.00 -40.25 -40.34 -40.38 -40.38 -40.50 -41.16 -42.12 -43.00 -43.72 -44.31 -44.81 -45.28 -45.94 -46.81 -47.53 -48.06 -48.47 -48.72 -48.91 -48.94 -48.88 -49.16 -49.75 -50.28 -50.66 -50.94 -51.06 -51.09 -51.12 -51.22 -51.34 -51.41 -51.41 -51.34 -51.50 -51.84 -52.19 -52.50 -52.75 -52.91 -52.97 -52.97 -52.84 -52.62 -52.31 -52.19 -52.44 -52.66 -52.78 -52.69 -52.44 -52.19 -52.00 -51.88 -51.72 -51.56 -51.41 -51.25
-35.88 -36.19 -36.50 -36.75 -37.00 -37.38 -38.03 -38.62 -39.12 -39.56 -39.94 -40.34 -40.75 -41.19 -41.53 -41.69 -41.59 -41.31 -41.34 -42.09 -43.19 -44.09 -44.84 -45.47 -46.00 -46.47 -47.16 -47.97 -48.59 -49.06 -49.38 -49.59 -49.69 -49.59 -49.47 -49.78 -50.34 -50.81 -51.12 -51.34 -51.47 -51.53 -51.59 -51.69 -51.72 -51.72 -51.62 -51.59 -51.91 -52.31 -52.66 -52.94 -53.19 -53.31 -53.31 -53.25 -53.09 -52.94 -52.84 -52.94 -53.06 -53.19 -53.12 -52.91 -52.66 -52.47 -52.31 -52.16 -52.03 -51.88 -51.81
-36.41 -36.78 -37.16 -37.53 -37.94 -38.31 -38.78 -39.28 -39.81 -40.25 -40.62 -41.00 -41.44 -41.91 -42.31 -42.62 -42.78 -42.47 -42.06 -42.25 -43.09 -44.22 -45.19 -45.94 -46.59 -47.16 -47.69 -48.38 -49.06 -49.59 -49.94 -50.16 -50.31 -50.28 -50.03 -49.94 -50.41 -50.91 -51.28 -51.56 -51.75 -51.88 -51.97 -52.03 -52.06 -52.03 -51.94 -51.81 -51.94 -52.38 -52.75 -53.09 -53.38 -53.56 -53.62 -53.59 -53.53 -53.44 -53.41 -53.38 -53.47 -53.53 -53.50 -53.31 -53.12 -52.91 -52.75 -52.56 -52.44 -52.31 -52.25
-36.94 -37.34 -37.75 -38.16 -38.62 -39.09 -39.56 -40.00 -40.47 -40.91 -41.31 -41.69 -42.12 -42.59 -43.03 -43.41 -43.66 -43.62 -43.12 -42.88 -43.25 -44.12 -45.28 -46.25 -47.03 -47.69 -48.28 -48.88 -49.50 -50.06 -50.47 -50.75 -50.88 -50.88 -50.66 -50.38 -50.50 -51.00 -51.41 -51.72 -52.00 -52.19 -52.31 -52.38 -52.41 -52.38 -52.28 -52.16 -52.09 -52.41 -52.81 -53.19 -53.50 -53.75 -53.91 -53.94 -53.91 -53.88 -53.84 -53.78 -53.81 -53.84 -53.84 -53.69 -53.50 -53.31 -53.12 -52.94 -52.81 -52.72 -52.66
-37.41 -37.84 -38.28 -38.75 -39.22 -39.72 -40.22 -40.69 -41.16 -41.59 -42.00 -42.41 -42.78 -43.25 -43.72 -44.16 -44.44 -44.56 -44.28 -43.84 -43.91 -44.44 -45.31 -46.41 -47.31 -48.06 -48.75 -49.34 -49.94 -50.53 -51.00 -51.28 -51.44 -51.44 -51.28 -50.94 -50.78 -51.16 -51.56 -51.88 -52.16 -52.41 -52.59 -52.69 -52.72 -52.69 -52.62 -52.56 -52.44 -52.44 -52.78 -53.19 -53.56 -53.88 -54.12 -54.22 -54.22 -54.22 -54.22 -54.19 -54.16 -54.16 -54.16 -54.03 -53.84 -53.66 -53.47 -53.31 -53.19 -53.09 -53.03
-37.84 -38.34 -38.81 -39.31 -39.78 -40.28 -40.81 -41.31 -41.78 -42.25 -42.69 -43.09 -43.50 -43.94 -44.41 -44.84 -45.19 -45.41 -45.38 -44.97 -44.84 -45.16 -45.78 -46.59 -47.50 -48.38 -49.09 -49.75 -50.38 -50.94 -51.44 -51.81 -51.97 -51.94 -51.78 -51.47 -51.12 -51.25 -51.69 -52.00 -52.28 -52.56 -52.78 -52.94 -53.00 -53.00 -52.97 -52.94 -52.84 -52.75 -52.81 -53.19 -53.59 -53.97 -54.25 -54.44 -54.53 -54.53 -54.53 -54.50 -54.47 -54.47 -54.44 -54.34 -54.16 -53.97 -53.81 -53.66 -53.53 -53.44 -53.38
-38.22 -38.78 -39.31 -39.84 -40.34 -40.81 -41.34 -41.88 -42.44 -42.91 -43.38 -43.78 -44.19 -44.59 -45.06 -45.53 -45.94 -46.19 -46.31 -46.19 -45.88 -46.03 -46.53 -47.19 -47.88 -48.62 -49.41 -50.12 -50.75 -51.34 -51.88 -52.28 -52.47 -52.47 -52.28 -51.94 -51.47 -51.31 -51.72 -52.09 -52.41 -52.69 -52.94 -53.16 -53.28 -53.31 -53.28 -53.25 -53.22 -53.19 -53.16 -53.31 -53.72 -54.09 -54.41 -54.62 -54.75 -54.81 -54.81 -54.78 -54.75 -54.75 -54.72 -54.59 -54.44 -54.28 -54.09 -53.97 -53.84 -53.75 -53.66
-38.59 -39.16 -39.75 -40.34 -40.91 -41.38 -41.84 -42.38 -42.97 -43.53 -44.00 -44.44 -44.84 -45.25 -45.69 -46.16 -46.59 -46.94 -47.12 -47.19 -46.97 -46.94 -47.31 -48.00 -48.62 -49.16 -49.78 -50.47 -51.16 -51.75 -52.28 -52.72 -52.97 -52.94 -52.75 -52.34 -51.81 -51.47 -51.72 -52.19 -52.53 -52.84 -53.12 -53.38 -53.53 -53.62 -53.59 -53.56 -53.50 -53.53 -53.59 -53.69 -53.97 -54.31 -54.59 -54.81 -54.97 -55.06 -55.06 -55.03 -55.03 -55.00 -54.94 -54.84 -54.72 -54.53 -54.38 -54.22 -54.09 -54.00 -53.94
-39.03 -39.59 -40.19 -40.81 -41.41 -41.94 -42.38 -42.84 -43.44 -44.03 -44.59 -45.06 -45.47 -45.88 -46.28 -46.75 -47.22 -47.62 -47.91 -48.03 -48.03 -47.88 -48.09 -48.69 -49.41 -49.97 -50.44 -50.97 -51.59 -52.16 -52.69 -53.12 -53.41 -53.41 -53.19 -52.78 -52.19 -51.78 -51.84 -52.31 -52.75 -53.09 -53.34 -53.59 -53.78 -53.91 -53.91 -53.84 -53.81 -53.84 -53.97 -54.09 -54.28 -54.53 -54.78 -55.00 -55.19 -55.28 -55.28 -55.28 -55.25 -55.22 -55.16 -55.06 -54.94 -54.78 -54.62 -54.47 -54.34 -54.25 -54.19
-39.53 -40.12 -40.69 -41.28 -41.91 -42.47 -42.91 -43.34 -43.84 -44.47 -45.06 -45.59 -46.06 -46.47 -46.88 -47.31 -47.78 -48.25 -48.59 -48.81 -48.91 -48.88 -48.91 -49.28 -49.97 -50.59 -51.03 -51.53 -52.06 -52.59 -53.12 -53.56 -53.84 -53.84 -53.62 -53.22 -52.66 -52.25 -52.19 -52.50 -53.00 -53.34 -53.62 -53.88 -54.06 -54.19 -54.19 -54.12 -54.09 -54.16 -54.25 -54.41 -54.56 -54.78 -55.00 -55.19 -55.38 -55.47 -55.47 -55.47 -55.44 -55.41 -55.34 -55.25 -55.12 -54.97 -54.81 -54.66 -54.56 -54.47 -54.41
-39.97 -40.66 -41.28 -41.81 -42.41 -43.00 -43.47 -43.91 -44.31 -44.84 -45.44 -46.00 -46.53 -47.00 -47.41 -47.84 -48.31 -48.78 -49.22 -49.50 -49.69 -49.78 -49.84 -50.00 -50.44 -51.03 -51.47 -51.97 -52.47 -53.00 -53.50 -53.97 -54.25 -54.28 -54.09 -53.72 -53.19 -52.78 -52.66 -52.88 -53.28 -53.66 -53.94 -54.19 -54.38 -54.47 -54.50 -54.47 -54.41 -54.47 -54.56 -54.69 -54.81 -55.00 -55.19 -55.38 -55.53 -55.62 -55.62 -55.59 -55.56 -55.53 -55.47 -55.41 -55.28 -55.12 -55.00 -54.88 -54.78 -54.69 -54.62
-40.31 -41.12 -41.81 -42.41 -42.97 -43.53 -44.03 -44.47 -44.84 -45.25 -45.78 -46.38 -46.91 -47.41 -47.88 -48.31 -48.78 -49.25 -49.75 -50.09 -50.38 -50.56 -50.72 -50.88 -51.06 -51.44 -51.91 -52.38 -52.88 -53.38 -53.88 -54.34 -54.66 -54.72 -54.59 -54.25 -53.78 -53.41 -53.28 -53.38 -53.62 -53.97 -54.25 -54.50 -54.72 -54.81 -54.84 -54.78 -54.75 -54.78 -54.88 -54.97 -55.09 -55.22 -55.38 -55.53 -55.66 -55.75 -55.75 -55.72 -55.69 -55.66 -55.59 -55.53 -55.44 -55.31 -55.19 -55.06 -54.97 -54.88 -54.81
-40.47 -41.50 -42.28 -42.94 -43.50 -44.06 -44.56 -45.03 -45.41 -45.78 -46.19 -46.69 -47.22 -47.72 -48.22 -48.69 -49.16 -49.66 -50.19 -50.62 -50.97 -51.22 -51.44 -51.62 -51.78 -51.94 -52.25 -52.75 -53.25 -53.75 -54.22 -54.69 -55.03 -55.16 -55.06 -54.81 -54.47 -54.12 -54.00 -54.03 -54.16 -54.34 -54.59 -54.81 -55.03 -55.16 -55.19 -55.16 -55.12 -55.12 -55.16 -55.22 -55.31 -55.44 -55.56 -55.69 -55.78 -55.84 -55.84 -55.81 -55.78 -55.75 -55.72 -55.66 -55.56 -55.47 -55.38 -55.25 -55.16 -55.03 -55.00
-40.66 -41.78 -42.62 -43.34 -43.97 -44.56 -45.09 -45.56 -45.97 -46.34 -46.72 -47.12 -47.56 -48.03 -48.50 -49.00 -49.47 -50.00 -50.53 -51.03 -51.44 -51.78 -52.03 -52.28 -52.44 -52.53 -52.66 -53.03 -53.56 -54.06 -54.53 -55.00 -55.38 -55.56 -55.53 -55.34 -55.12 -54.88 -54.78 -54.78 -54.78 -54.81 -54.97 -55.19 -55.38 -55.50 -55.56 -55.53 -55.50 -55.47 -55.47 -55.50 -55.53 -55.62 -55.69 -55.81 -55.88 -55.94 -55.94 -55.91 -55.88 -55.84 -55.81 -55.78 -55.75 -55.66 -55.56 -55.44 -55.31 -55.19 -55.19
-41.22 -42.09 -42.97 -43.72 -44.38 -44.97 -45.53 -46.06 -46.50 -46.91 -47.28 -47.66 -48.03 -48.41 -48.81 -49.28 -49.75 -50.28 -50.78 -51.31 -51.78 -52.22 -52.56 -52.84 -53.06 -53.19 -53.22 -53.38 -53.78 -54.31 -54.81 -55.28 -55.69 -55.94 -55.97 -55.88 -55.72 -55.56 -55.50 -55.44 -55.34 -55.28 -55.38 -55.53 -55.72 -55.84 -55.91 -55.91 -55.84 -55.81 -55.78 -55.75 -55.75 -55.78 -55.84 -55.91 -56.00 -56.06 -56.06 -56.03 -56.00 -55.97 -55.97 -55.94 -55.91 -55.81 -55.72 -55.59 -55.47 -55.34 -55.34
-42.03 -42.72 -43.44 -44.09 -44.72 -45.34 -45.91 -46.47 -47.00 -47.44 -47.81 -48.19 -48.53 -48.88 -49.22 -49.59 -50.06 -50.56 -51.06 -51.59 -52.09 -52.53 -52.97 -53.31 -53.59 -53.78 -53.88 -53.91 -54.03 -54.47 -55.00 -55.50 -55.94 -56.25 -56.38 -56.34 -56.22 -56.12 -56.03 -55.94 -55.84 -55.78 -55.81 -55.94 -56.06 -56.19 -56.25 -56.25 -56.22 -56.16 -56.06 -55.97 -55.94 -55.94 -55.97 -56.03 -56.12 -56.16 -56.16 -56.16 -56.12 -56.12 -56.12 -56.12 -56.06 -55.97 -55.88 -55.75 -55.62 -55.53 -55.53
-42.66 -43.31 -44.00 -44.59 -45.12 -45.69 -46.25 -46.84 -47.38 -47.88 -48.31 -48.69 -49.03 -49.38 -49.66 -50.03 -50.44 -50.91 -51.41 -51.91 -52.38 -52.81 -53.25 -53.69 -54.06 -54.31 -54.47 -54.53 -54.56 -54.66 -55.12 -55.66 -56.16 -56.53 -56.75 -56.78 -56.72 -56.59 -56.50 -56.41 -56.31 -56.25 -56.25 -56.34 -56.44 -56.56 -56.59 -56.62 -56.56 -56.47 -56.31 -56.19 -56.12 -56.09 -56.12 -56.19 -56.25 -56.28 -56.28 -56.28 -56.28 -56.28 -56.31 -56.28 -56.22 -56.12 -56.03 -55.91 -55.81 -55.75 -55.75
-43.19 -43.84 -44.50 -45.09 -45.66 -46.12 -46.62 -47.16 -47.75 -48.28 -48.75 -49.16 -49.53 -49.84 -50.16 -50.47 -50.84 -51.31 -51.81 -52.31 -52.75 -53.16 -53.53 -53.94 -54.38 -54.75 -55.00 -55.12 -55.22 -55.19 -55.31 -55.78 -56.31 -56.75 -57.03 -57.16 -57.16 -57.06 -56.97 -56.84 -56.78 -56.69 -56.69 -56.75 -56.84 -56.91 -56.94 -56.94 -56.88 -56.72 -56.56 -56.41 -56.28 -56.25 -56.28 -56.34 -56.38 -56.41 -56.41 -56.41 -56.44 -56.47 -56.47 -56.47 -56.41 -56.31 -56.19 -56.09 -56.00 -55.97 -56.00
-43.66 -44.31 -44.97 -45.59 -46.16 -46.62 -47.06 -47.53 -48.06 -48.62 -49.12 -49.59 -50.00 -50.34 -50.62 -50.91 -51.25 -51.72 -52.22 -52.72 -53.19 -53.56 -53.88 -54.19 -54.62 -55.06 -55.41 -55.62 -55.78 -55.84 -55.81 -56.00 -56.47 -56.94 -57.28 -57.47 -57.53 -57.50 -57.41 -57.31 -57.22 -57.16 -57.12 -57.19 -57.25 -57.28 -57.28 -57.25 -57.12 -56.97 -56.75 -56.56 -56.41 -56.38 -56.44 -56.47 -56.53 -56.56 -56.56 -56.56 -56.59 -56.62 -56.66 -56.66 -56.59 -56.50 -56.38 -56.28 -56.22 -56.22 -56.25
-44.19 -44.75 -45.44 -46.06 -46.62 -47.12 -47.56 -47.97 -48.44 -48.97 -49.50 -50.00 -50.44 -50.81 -51.12 -51.41 -51.69 -52.09 -52.59 -53.12 -53.62 -54.03 -54.34 -54.59 -54.88 -55.31 -55.72 -56.03 -56.28 -56.41 -56.47 -56.53 -56.75 -57.12 -57.50 -57.75 -57.88 -57.88 -57.81 -57.72 -57.62 -57.56 -57.53 -57.59 -57.62 -57.66 -57.62 -57.53 -57.41 -57.19 -56.94 -56.69 -56.50 -56.47 -56.53 -56.62 -56.69 -56.72 -56.75 -56.75 -56.78 -56.81 -56.84 -56.84 -56.78 -56.69 -56.59 -56.50 -56.44 -56.44 -56.50
-44.94 -45.22 -45.84 -46.47 -47.09 -47.62 -48.06 -48.47 -48.91 -49.38 -49.91 -50.41 -50.88 -51.28 -51.62 -51.91 -52.19 -52.50 -52.97 -53.50 -54.03 -54.50 -54.84 -55.09 -55.31 -55.59 -56.00 -56.34 -56.66 -56.88 -57.00 -57.09 -57.19 -57.41 -57.75 -58.00 -58.16 -58.22 -58.19 -58.09 -58.03 -57.97 -57.94 -57.97 -58.00 -58.00 -57.97 -57.84 -57.69 -57.44 -57.12 -56.78 -56.53 -56.53 -56.62 -56.75 -56.84 -56.91 -56.94 -56.97 -57.00 -57.03 -57.06 -57.06 -57.00 -56.91 -56.78 -56.69 -56.66 -56.69 -56.75
-45.75 -45.94 -46.28 -46.88 -47.47 -48.03 -48.50 -48.94 -49.34 -49.81 -50.31 -50.78 -51.28 -51.72 -52.09 -52.41 -52.72 -53.03 -53.41 -53.91 -54.41 -54.91 -55.31 -55.59 -55.81 -56.03 -56.31 -56.66 -56.97 -57.25 -57.44 -57.59 -57.72 -57.88 -58.06 -58.28 -58.44 -58.50 -58.53 -58.50 -58.44 -58.38 -58.34 -58.34 -58.38 -58.34 -58.28 -58.16 -57.97 -57.69 -57.34 -56.97 -56.66 -56.59 -56.72 -56.88 -57.00 -57.12 -57.19 -57.22 -57.22 -57.25 -57.28 -57.28 -57.22 -57.09 -56.97 -56.88 -56.88 -56.94 -57.00
-46.56 -46.75 -46.94 -47.28 -47.84 -48.41 -48.91 -49.34 -49.78 -50.22 -50.69 -51.19 -51.69 -52.16 -52.56 -52.91 -53.22 -53.56 -53.94 -54.34 -54.81 -55.31 -55.75 -56.06 -56.31 -56.53 -56.72 -56.94 -57.25 -57.56 -57.81 -58.00 -58.16 -58.28 -58.44 -58.59 -58.72 -58.81 -58.84 -58.84 -58.81 -58.75 -58.72 -58.72 -58.72 -58.69 -58.62 -58.47 -58.25 -57.97 -57.62 -57.28 -57.00 -56.81 -56.84 -56.97 -57.16 -57.31 -57.41 -57.47 -57.47 -57.50 -57.50 -57.50 -57.41 -57.25 -57.12 -57.06 -57.09 -57.19 -57.28
-47.31 -47.53 -47.69 -47.88 -48.25 -48.78 -49.28 -49.72 -50.12 -50.59 -51.06 -51.56 -52.06 -52.56 -53.00 -53.38 -53.72 -54.06 -54.44 -54.84 -55.28 -55.72 -56.12 -56.47 -56.75 -56.97 -57.16 -57.31 -57.53 -57.81 -58.09 -58.34 -58.53 -58.66 -58.78 -58.91 -59.00 -59.09 -59.16 -59.19 -59.16 -59.09 -59.06 -59.06 -59.06 -59.03 -58.94 -58.78 -58.53 -58.25 -57.97 -57.69 -57.44 -57.19 -56.97 -57.09 -57.31 -57.50 -57.66 -57.72 -57.72 -57.75 -57.75 -57.69 -57.56 -57.41 -57.28 -57.25 -57.34 -57.44 -57.53
-48.00 -48.25 -48.41 -48.56 -48.78 -49.22 -49.66 -50.06 -50.47 -50.91 -51.38 -51.88 -52.38 -52.91 -53.38 -53.81 -54.19 -54.53 -54.91 -55.31 -55.72 -56.09 -56.50 -56.84 -57.12 -57.34 -57.53 -57.69 -57.81 -58.03 -58.31 -58.59 -58.81 -59.00 -59.09 -59.22 -59.31 -59.38 -59.44 -59.47 -59.47 -59.44 -59.41 -59.41 -59.41 -59.34 -59.25 -59.06 -58.81 -58.53 -58.28 -58.06 -57.84 -57.59 -57.25 -57.19 -57.44 -57.69 -57.88 -57.97 -58.00 -58.00 -57.97 -57.91 -57.75 -57.59 -57.44 -57.47 -57.56 -57.69 -57.81
-48.66 -48.91 -49.06 -49.19 -49.38 -49.69 -50.06 -50.47 -50.84 -51.25 -51.72 -52.19 -52.69 -53.19 -53.72 -54.19 -54.59 -54.97 -55.34 -55.72 -56.12 -56.50 -56.84 -57.19 -57.47 -57.69 -57.88 -58.03 -58.12 -58.28 -58.50 -58.78 -59.06 -59.25 -59.41 -59.53 -59.59 -59.66 -59.72 -59.75 -59.78 -59.75 -59.75 -59.75 -59.72 -59.66 -59.50 -59.31 -59.06 -58.84 -58.59 -58.38 -58.16 -57.91 -57.56 -57.31 -57.62 -57.91 -58.09 -58.22 -58.28 -58.28 -58.22 -58.09 -57.97 -57.81 -57.69 -57.75 -57.81 -57.94 -58.06
-49.22 -49.50 -49.69 -49.81 -49.94 -50.12 -50.47 -50.84 -51.22 -51.62 -52.03 -52.50 -53.00 -53.50 -54.00 -54.47 -54.94 -55.34 -55.75 -56.12 -56.47 -56.84 -57.19 -57.50 -57.78 -58.03 -58.19 -58.31 -58.44 -58.53 -58.72 -58.97 -59.22 -59.47 -59.66 -59.78 -59.88 -59.94 -59.97 -60.03 -60.03 -60.06 -60.06 -60.03 -60.00 -59.91 -59.75 -59.56 -59.34 -59.12 -58.94 -58.69 -58.44 -58.19 -57.84 -57.56 -57.81 -58.12 -58.34 -58.50 -58.56 -58.53 -58.47 -58.34 -58.19 -58.03 -58.00 -58.03 -58.09 -58.22 -58.31
-49.78 -50.06 -50.25 -50.38 -50.47 -50.56 -50.84 -51.22 -51.59 -51.97 -52.41 -52.84 -53.31 -53.78 -54.25 -54.75 -55.22 -55.66 -56.06 -56.47 -56.81 -57.16 -57.50 -57.81 -58.09 -58.31 -58.47 -58.59 -58.69 -58.81 -58.97 -59.16 -59.41 -59.62 -59.84 -60.03 -60.12 -60.19 -60.22 -60.25 -60.28 -60.31 -60.34 -60.31 -60.25 -60.12 -59.97 -59.78 -59.62 -59.44 -59.25 -59.00 -58.72 -58.47 -58.12 -57.84 -58.09 -58.38 -58.59 -58.75 -58.84 -58.81 -58.72 -58.59 -58.41 -58.31 -58.31 -58.34 -58.41 -58.47 -58.56
-50.38 -50.59 -50.81 -50.94 -51.00 -51.03 -51.16 -51.53 -51.91 -52.31 -52.72 -53.16 -53.62 -54.06 -54.53 -55.00 -55.44 -55.91 -56.34 -56.72 -57.09 -57.44 -57.75 -58.06 -58.34 -58.56 -58.72 -58.84 -58.94 -59.03 -59.16 -59.34 -59.53 -59.75 -59.97 -60.16 -60.31 -60.41 -60.44 -60.47 -60.53 -60.56 -60.59 -60.56 -60.50 -60.38 -60.22 -60.06 -59.91 -59.75 -59.53 -59.25 -59.00 -58.72 -58.41 -58.16 -58.41 -58.66 -58.88 -59.03 -59.12 -59.09 -59.00 -58.84 -58.69 -58.56 -58.59 -58.66 -58.72 -58.78 -58.84
