everonasctiles/Tile[8,35].asc
ncols 128
nrows 128
xllcorner 0
yllcorner 0
cellsize 2.0
NODATA_value  -9999
[rows 32 to 63 of 128, columns 0 to 70 of 128]
-30.28 -30.25 -30.12 -30.03 -29.88 -29.69 -29.53 -29.38 -29.16 -28.94 -28.78 -28.59 -28.38 -28.16 -27.97 -27.75 -27.56 -27.41 -27.31 -27.12 -26.81 -26.62 -26.38 -26.12 -26.00 -25.75 -25.44 -25.19 -24.94 -24.78 -24.56 -24.31 -23.91 -23.75 -23.66 -23.62 -23.47 -23.34 -23.19 -23.19 -23.22 -23.09 -23.09 -22.97 -22.94 -22.91 -22.88 -22.91 -22.88 -22.91 -23.06 -23.34 -23.44 -23.62 -23.75 -23.78 -23.91 -24.00 -23.88 -23.84 -23.97 -24.06 -24.12 -24.28 -24.38 -24.69 -24.72 -24.88 -25.09 -25.22 -25.31
-30.12 -30.06 -29.97 -29.84 -29.69 -29.53 -29.25 -29.16 -28.94 -28.75 -28.56 -28.44 -28.22 -27.97 -27.75 -27.56 -27.38 -27.19 -26.97 -26.94 -26.66 -26.53 -26.31 -26.00 -25.84 -25.62 -25.38 -25.19 -24.84 -24.59 -24.41 -24.16 -23.94 -23.72 -23.59 -23.53 -23.28 -23.22 -23.06 -22.97 -22.84 -22.81 -22.88 -22.81 -22.75 -22.62 -22.62 -22.66 -22.62 -22.72 -23.03 -23.19 -23.12 -23.19 -23.31 -23.62 -23.75 -23.84 -23.75 -23.75 -23.81 -23.78 -23.84 -24.00 -24.25 -24.47 -24.62 -24.69 -24.81 -24.94 -25.03
-29.94 -29.84 -29.75 -29.59 -29.47 -29.31 -29.06 -28.91 -28.72 -28.53 -28.34 -28.16 -28.03 -27.81 -27.59 -27.34 -27.09 -26.91 -26.78 -26.59 -26.53 -26.31 -26.12 -25.81 -25.59 -25.41 -25.19 -25.06 -24.81 -24.38 -24.28 -24.09 -23.94 -23.75 -23.56 -23.50 -23.34 -23.12 -22.94 -22.78 -22.72 -22.59 -22.66 -22.56 -22.56 -22.62 -22.38 -22.44 -22.44 -22.69 -22.81 -22.91 -22.97 -22.88 -23.06 -23.19 -23.31 -23.53 -23.56 -23.53 -23.66 -23.66 -23.78 -23.97 -24.19 -24.28 -24.44 -24.47 -24.56 -24.62 -24.66
-29.81 -29.69 -29.56 -29.41 -29.28 -29.06 -28.91 -28.78 -28.62 -28.44 -28.19 -27.97 -27.81 -27.62 -27.47 -27.22 -26.94 -26.78 -26.56 -26.38 -26.09 -26.00 -25.78 -25.66 -25.44 -25.22 -25.03 -24.81 -24.47 -24.28 -24.16 -23.94 -23.66 -23.53 -23.44 -23.34 -23.16 -22.97 -22.84 -22.72 -22.56 -22.34 -22.41 -22.38 -22.28 -22.31 -22.28 -22.28 -22.47 -22.59 -22.50 -22.47 -22.72 -22.91 -23.03 -23.03 -23.12 -23.31 -23.22 -23.38 -23.38 -23.41 -23.62 -23.84 -24.03 -24.12 -24.12 -24.28 -24.31 -24.41 -24.47
-29.66 -29.53 -29.44 -29.31 -29.16 -28.94 -28.75 -28.66 -28.50 -28.28 -28.00 -27.81 -27.62 -27.38 -27.22 -27.06 -26.81 -26.59 -26.38 -26.19 -26.00 -25.69 -25.34 -25.16 -25.16 -24.94 -24.69 -24.59 -24.41 -24.25 -24.09 -23.88 -23.47 -23.50 -23.44 -23.25 -22.94 -22.75 -22.66 -22.50 -22.34 -22.34 -22.25 -22.22 -22.16 -22.22 -22.19 -22.28 -22.38 -22.38 -22.47 -22.59 -22.56 -22.78 -22.91 -22.97 -23.06 -23.12 -23.22 -23.12 -23.09 -23.25 -23.53 -23.75 -23.84 -24.00 -24.09 -24.06 -24.09 -24.28 -24.31
-29.47 -29.41 -29.28 -29.16 -28.97 -28.75 -28.59 -28.41 -28.25 -28.06 -27.84 -27.69 -27.56 -27.22 -27.03 -26.88 -26.66 -26.47 -26.09 -25.84 -25.78 -25.56 -25.28 -25.03 -24.81 -24.59 -24.28 -24.38 -24.28 -24.16 -23.94 -23.62 -23.59 -23.47 -23.31 -23.09 -22.62 -22.62 -22.47 -22.22 -22.16 -22.19 -22.09 -21.91 -22.03 -22.03 -22.03 -22.06 -22.12 -22.12 -22.44 -22.53 -22.59 -22.69 -22.62 -22.75 -22.91 -22.91 -23.06 -23.03 -23.16 -23.38 -23.56 -23.69 -23.75 -23.88 -24.03 -24.00 -23.97 -24.31 -24.41
-29.25 -29.19 -29.09 -28.94 -28.84 -28.56 -28.41 -28.25 -27.94 -27.78 -27.66 -27.38 -27.19 -27.03 -26.78 -26.59 -26.47 -26.25 -26.03 -25.69 -25.50 -25.28 -25.22 -25.00 -24.75 -24.44 -24.28 -23.88 -23.97 -23.97 -23.84 -23.66 -23.50 -23.41 -23.22 -22.84 -22.47 -22.31 -22.12 -22.09 -22.16 -22.12 -22.06 -22.12 -22.25 -22.25 -22.19 -22.22 -22.06 -22.19 -22.22 -22.31 -22.47 -22.41 -22.47 -22.66 -22.78 -22.97 -23.09 -22.97 -23.00 -23.47 -23.66 -23.69 -23.72 -23.88 -23.84 -23.84 -24.19 -24.28 -24.34
-29.03 -28.97 -28.88 -28.78 -28.69 -28.50 -28.31 -28.03 -27.78 -27.69 -27.53 -27.28 -27.09 -26.78 -26.50 -26.38 -26.22 -26.06 -25.88 -25.62 -25.34 -25.19 -25.16 -25.00 -24.75 -24.59 -24.34 -24.03 -23.91 -23.75 -23.69 -23.59 -23.44 -23.25 -23.03 -22.75 -22.78 -22.50 -22.38 -22.09 -22.19 -22.31 -22.16 -22.03 -22.25 -22.38 -22.34 -22.31 -22.34 -22.28 -22.50 -22.44 -22.31 -22.34 -22.59 -22.78 -22.84 -22.94 -22.91 -22.84 -22.97 -23.22 -23.50 -23.59 -23.59 -23.72 -23.88 -24.06 -24.19 -24.31 -24.31
-28.91 -28.88 -28.75 -28.66 -28.50 -28.38 -28.16 -27.97 -27.72 -27.47 -27.34 -27.09 -26.81 -26.56 -26.28 -26.06 -25.94 -25.78 -25.69 -25.41 -25.28 -25.06 -25.03 -24.88 -24.81 -24.66 -24.34 -24.12 -24.00 -23.78 -23.62 -23.38 -23.41 -23.16 -23.06 -22.84 -22.81 -22.59 -22.56 -22.47 -22.28 -22.25 -22.31 -22.16 -22.31 -22.56 -22.62 -22.47 -22.50 -22.50 -22.44 -22.41 -22.50 -22.59 -22.69 -22.72 -22.91 -22.78 -22.84 -23.03 -23.12 -23.16 -23.28 -23.53 -23.56 -23.91 -24.09 -24.25 -24.53 -24.56 -24.44
-28.78 -28.69 -28.59 -28.47 -28.34 -28.12 -28.00 -27.88 -27.62 -27.41 -27.19 -26.91 -26.62 -26.41 -26.25 -26.09 -25.94 -25.72 -25.69 -25.53 -25.38 -25.25 -25.28 -25.19 -25.03 -24.97 -24.75 -24.47 -24.09 -23.84 -23.72 -23.53 -23.34 -23.25 -22.91 -23.03 -23.03 -22.84 -22.75 -22.66 -22.66 -22.53 -22.44 -22.53 -22.59 -22.66 -22.69 -22.69 -22.66 -22.69 -22.62 -22.62 -22.66 -22.62 -22.72 -22.84 -22.81 -22.75 -23.03 -23.16 -23.38 -23.41 -23.47 -23.56 -23.91 -24.06 -24.25 -24.41 -24.62 -24.75 -24.78
-28.53 -28.44 -28.34 -28.22 -28.03 -27.88 -27.69 -27.66 -27.50 -27.25 -27.00 -26.78 -26.62 -26.41 -26.22 -26.03 -25.91 -25.81 -25.69 -25.59 -25.41 -25.41 -25.47 -25.41 -25.28 -25.09 -24.97 -24.66 -24.34 -24.09 -23.59 -23.38 -23.41 -23.38 -23.22 -23.25 -23.09 -22.91 -22.75 -22.88 -22.72 -22.66 -22.81 -22.84 -22.84 -22.81 -22.75 -22.81 -22.84 -22.84 -22.81 -22.88 -22.84 -22.62 -22.78 -22.97 -22.94 -23.16 -23.34 -23.38 -23.47 -23.78 -24.09 -24.19 -24.06 -24.22 -24.53 -24.59 -24.59 -24.75 -24.91
-28.34 -28.25 -28.16 -28.00 -27.84 -27.69 -27.50 -27.31 -27.25 -27.09 -26.91 -26.69 -26.53 -26.25 -26.06 -25.94 -25.91 -25.94 -25.81 -25.81 -25.69 -25.66 -25.47 -25.59 -25.53 -25.47 -25.38 -25.22 -24.81 -24.28 -24.16 -23.94 -23.81 -24.00 -23.78 -23.44 -23.44 -23.09 -23.06 -23.03 -23.12 -23.12 -23.12 -23.09 -23.00 -23.00 -22.91 -22.97 -22.91 -22.97 -23.00 -22.94 -22.91 -23.03 -22.97 -23.12 -23.19 -23.38 -23.47 -23.81 -24.22 -24.34 -24.31 -24.28 -24.16 -24.34 -24.47 -24.56 -24.50 -24.53 -24.66
-28.19 -28.06 -27.97 -27.81 -27.69 -27.53 -27.38 -27.22 -27.06 -26.91 -26.69 -26.56 -26.34 -26.28 -26.12 -26.03 -26.00 -26.06 -26.16 -26.06 -26.06 -26.03 -25.94 -25.88 -25.88 -25.94 -25.75 -25.66 -25.25 -25.12 -25.12 -25.03 -24.72 -24.47 -24.06 -24.03 -24.09 -23.91 -23.69 -23.56 -23.50 -23.44 -23.34 -23.25 -23.25 -23.19 -23.09 -23.06 -23.09 -23.09 -23.12 -23.06 -23.16 -23.38 -23.47 -23.53 -23.69 -24.06 -24.31 -24.66 -24.75 -24.47 -24.38 -24.41 -24.41 -24.44 -24.47 -24.44 -24.19 -24.44 -24.59
-27.94 -27.84 -27.72 -27.53 -27.47 -27.31 -27.19 -27.00 -26.84 -26.66 -26.47 -26.34 -26.28 -26.19 -26.19 -26.41 -26.59 -26.69 -26.66 -26.53 -26.47 -26.41 -26.38 -26.22 -26.12 -26.06 -26.00 -25.81 -25.78 -25.72 -25.75 -25.56 -25.25 -24.97 -24.50 -24.38 -24.50 -24.47 -24.28 -24.09 -24.00 -23.81 -23.78 -23.66 -23.53 -23.44 -23.31 -23.31 -23.28 -23.28 -23.31 -23.41 -23.59 -23.66 -23.72 -23.91 -24.28 -24.59 -24.75 -24.81 -24.75 -24.44 -24.47 -24.50 -24.53 -24.53 -24.47 -24.34 -24.28 -24.16 -24.47
-27.69 -27.56 -27.47 -27.34 -27.22 -27.06 -27.03 -26.88 -26.59 -26.38 -26.25 -26.06 -26.19 -26.44 -26.75 -26.94 -27.00 -26.97 -26.81 -26.72 -26.59 -26.53 -26.50 -26.22 -26.06 -25.97 -26.00 -25.88 -25.88 -25.81 -25.91 -25.75 -25.59 -25.44 -24.72 -24.41 -24.66 -24.62 -24.47 -24.12 -24.12 -24.22 -24.12 -23.97 -23.78 -23.50 -23.50 -23.53 -23.47 -23.38 -23.38 -23.47 -23.59 -23.72 -23.88 -23.97 -24.31 -24.50 -24.78 -24.84 -24.50 -24.50 -24.56 -24.59 -24.62 -24.66 -24.47 -24.41 -24.25 -24.25 -24.44
-27.38 -27.41 -27.31 -27.12 -26.94 -26.91 -26.78 -26.72 -26.50 -26.34 -26.28 -26.28 -26.31 -26.75 -26.97 -27.03 -27.06 -27.06 -26.94 -26.84 -26.69 -26.59 -26.53 -26.34 -26.25 -26.25 -26.25 -26.25 -26.16 -26.09 -25.94 -25.88 -25.59 -25.28 -24.81 -24.62 -24.50 -24.34 -24.31 -24.19 -24.22 -24.25 -24.19 -24.12 -23.91 -23.66 -23.59 -23.53 -23.38 -23.34 -23.34 -23.44 -23.56 -23.66 -23.88 -24.06 -24.28 -24.56 -24.50 -24.41 -24.50 -24.56 -24.59 -24.66 -24.75 -24.88 -24.75 -24.59 -24.34 -24.41 -24.69
-27.16 -27.19 -27.06 -26.91 -26.91 -26.78 -26.81 -26.66 -26.59 -26.34 -26.44 -26.66 -26.94 -27.09 -27.06 -27.19 -27.22 -27.19 -27.16 -27.03 -26.81 -26.66 -26.69 -26.59 -26.56 -26.50 -26.47 -26.41 -26.22 -26.16 -25.94 -25.75 -25.62 -25.44 -24.94 -24.47 -24.31 -24.19 -24.25 -24.25 -24.28 -24.25 -24.22 -24.19 -23.94 -23.81 -23.75 -23.59 -23.50 -23.44 -23.38 -23.50 -23.56 -23.62 -23.69 -23.94 -24.12 -24.50 -24.56 -24.41 -24.47 -24.59 -24.62 -24.72 -24.88 -25.00 -25.03 -24.88 -24.66 -24.59 -24.78
-26.97 -26.97 -26.84 -26.84 -26.84 -26.84 -26.78 -26.75 -26.69 -26.53 -26.62 -26.91 -27.06 -27.16 -27.19 -27.25 -27.25 -27.25 -27.19 -27.09 -26.88 -26.69 -26.66 -26.72 -26.66 -26.72 -26.66 -26.53 -26.22 -25.91 -25.78 -25.78 -25.72 -25.56 -25.41 -24.81 -24.50 -24.34 -24.25 -24.22 -24.25 -24.25 -24.31 -24.28 -24.06 -24.03 -23.94 -23.91 -23.72 -23.56 -23.53 -23.50 -23.53 -23.31 -23.53 -23.84 -24.06 -24.28 -24.44 -24.41 -24.50 -24.59 -24.66 -24.72 -24.91 -25.03 -25.06 -25.09 -25.09 -25.03 -24.91
-26.84 -26.78 -26.88 -26.88 -26.84 -26.84 -26.84 -26.91 -27.00 -26.88 -26.94 -27.12 -27.16 -27.25 -27.22 -27.22 -27.12 -27.09 -26.94 -26.97 -26.91 -26.75 -26.62 -26.62 -26.75 -26.53 -26.38 -26.16 -26.00 -25.84 -25.69 -25.56 -25.53 -25.41 -25.25 -25.00 -24.53 -24.22 -24.16 -24.25 -24.28 -24.22 -24.25 -24.22 -24.19 -24.12 -24.09 -24.00 -23.88 -23.75 -23.69 -23.72 -23.62 -23.59 -23.78 -23.81 -23.75 -24.19 -24.31 -24.38 -24.50 -24.59 -24.66 -24.75 -24.88 -25.06 -25.19 -25.25 -25.19 -25.00 -25.03
-26.75 -26.78 -26.75 -26.81 -26.81 -26.88 -27.00 -27.12 -27.12 -27.03 -27.22 -27.25 -27.28 -27.25 -27.25 -27.22 -27.16 -27.12 -27.06 -27.12 -27.03 -26.81 -26.53 -26.47 -26.59 -26.41 -26.22 -26.12 -25.94 -25.78 -25.59 -25.47 -25.56 -25.44 -25.22 -25.00 -24.69 -24.47 -24.25 -24.25 -24.19 -24.28 -24.22 -24.16 -24.16 -24.12 -24.09 -24.03 -23.94 -23.84 -23.78 -23.78 -23.75 -23.75 -23.81 -23.72 -23.72 -24.16 -24.28 -24.41 -24.50 -24.59 -24.69 -24.75 -24.88 -25.00 -25.09 -25.09 -25.12 -25.00 -25.03
-26.69 -26.62 -26.75 -26.81 -26.91 -27.09 -27.16 -27.16 -27.06 -27.12 -27.28 -27.31 -27.31 -27.28 -27.31 -27.31 -27.22 -27.19 -27.16 -27.19 -27.12 -26.91 -26.66 -26.56 -26.44 -26.31 -26.22 -26.06 -25.91 -25.75 -25.28 -25.19 -25.34 -25.28 -25.09 -25.00 -24.84 -24.69 -24.34 -24.28 -24.28 -24.28 -24.19 -24.03 -23.97 -23.94 -23.94 -24.03 -24.03 -23.88 -23.78 -23.72 -23.78 -23.78 -23.78 -23.75 -23.94 -24.12 -24.25 -24.34 -24.47 -24.56 -24.66 -24.72 -24.78 -24.91 -25.09 -25.19 -25.22 -25.00 -25.00
-26.72 -26.62 -26.75 -27.00 -27.16 -27.22 -27.22 -27.12 -26.97 -27.22 -27.28 -27.31 -27.28 -27.25 -27.31 -27.28 -27.25 -27.19 -27.16 -27.12 -27.03 -26.91 -26.72 -26.56 -26.41 -26.28 -26.16 -26.00 -25.81 -25.66 -25.25 -25.28 -25.31 -25.22 -25.00 -25.09 -24.97 -24.81 -24.53 -24.34 -24.28 -24.28 -24.19 -24.00 -23.88 -23.81 -23.88 -23.94 -23.94 -23.97 -23.81 -23.75 -23.75 -23.81 -23.75 -23.75 -23.97 -24.12 -24.19 -24.31 -24.47 -24.59 -24.62 -24.69 -24.69 -24.91 -25.12 -25.19 -25.16 -24.94 -24.97
-26.75 -26.84 -27.00 -27.22 -27.22 -27.28 -27.25 -27.16 -27.09 -27.19 -27.28 -27.31 -27.28 -27.31 -27.31 -27.31 -27.28 -27.19 -27.12 -27.06 -26.97 -26.88 -26.66 -26.53 -26.38 -26.25 -26.12 -25.94 -25.78 -25.62 -25.34 -25.22 -25.34 -25.16 -25.03 -24.94 -24.91 -24.75 -24.53 -24.31 -24.28 -24.31 -24.09 -23.91 -23.84 -23.81 -23.81 -23.81 -23.97 -23.97 -23.97 -23.94 -23.66 -23.78 -23.81 -23.75 -23.91 -24.06 -24.19 -24.31 -24.41 -24.53 -24.47 -24.62 -24.72 -24.84 -25.00 -25.06 -24.97 -24.94 -24.88
-26.62 -26.91 -27.22 -27.28 -27.31 -27.28 -27.28 -27.22 -27.09 -26.97 -27.25 -27.28 -27.25 -27.25 -27.19 -27.25 -27.19 -27.12 -27.00 -26.94 -26.84 -26.78 -26.56 -26.44 -26.31 -26.19 -26.03 -25.91 -25.72 -25.56 -25.38 -25.16 -25.19 -25.03 -24.94 -24.88 -24.72 -24.62 -24.44 -24.28 -24.19 -24.12 -23.94 -23.84 -23.75 -23.75 -23.66 -23.66 -23.75 -23.84 -23.84 -23.81 -23.88 -23.84 -23.72 -23.59 -23.84 -24.09 -24.19 -24.31 -24.47 -24.50 -24.50 -24.50 -24.62 -24.75 -24.94 -25.00 -25.03 -24.81 -24.75
-26.84 -27.16 -27.28 -27.31 -27.34 -27.31 -27.28 -27.22 -26.97 -26.84 -27.25 -27.25 -27.22 -27.19 -27.12 -27.16 -27.16 -27.03 -26.88 -26.81 -26.81 -26.72 -26.50 -26.38 -26.22 -26.09 -25.97 -25.81 -25.66 -25.50 -25.28 -25.09 -25.03 -24.97 -25.00 -24.91 -24.62 -24.47 -24.34 -24.06 -24.09 -24.03 -23.91 -23.75 -23.72 -23.59 -23.59 -23.53 -23.66 -23.69 -23.88 -24.00 -23.91 -23.84 -23.69 -23.44 -23.56 -24.09 -24.28 -24.41 -24.44 -24.47 -24.53 -24.62 -24.66 -24.75 -24.75 -24.81 -24.84 -24.81 -24.69
-27.03 -27.25 -27.31 -27.34 -27.31 -27.31 -27.25 -27.16 -26.78 -26.91 -27.19 -27.19 -27.12 -27.09 -27.09 -27.09 -27.03 -26.91 -26.81 -26.69 -26.72 -26.69 -26.47 -26.28 -26.09 -25.97 -25.91 -25.75 -25.56 -25.44 -25.25 -25.09 -24.94 -24.84 -24.81 -24.69 -24.50 -24.31 -24.22 -24.19 -24.09 -24.00 -23.84 -23.75 -23.59 -23.38 -23.44 -23.50 -23.50 -23.72 -24.12 -24.19 -24.03 -23.94 -23.78 -23.59 -23.62 -23.84 -24.19 -24.38 -24.47 -24.56 -24.59 -24.66 -24.69 -24.72 -24.69 -24.66 -24.66 -24.59 -24.72
-27.12 -27.25 -27.28 -27.31 -27.28 -27.28 -27.19 -27.06 -26.88 -26.97 -27.06 -27.09 -27.06 -27.03 -27.06 -27.03 -26.94 -26.88 -26.72 -26.56 -26.56 -26.50 -26.38 -26.19 -26.03 -25.94 -25.81 -25.62 -25.47 -25.34 -25.22 -25.03 -24.88 -24.75 -24.62 -24.50 -24.38 -24.22 -24.12 -24.03 -23.97 -23.84 -23.75 -23.75 -23.59 -23.50 -23.53 -23.50 -23.56 -23.91 -24.28 -24.25 -24.06 -23.97 -23.72 -23.59 -23.66 -23.81 -24.03 -24.53 -24.62 -24.62 -24.66 -24.72 -24.72 -24.78 -24.69 -24.56 -24.53 -24.34 -24.84
-27.16 -27.22 -27.25 -27.31 -27.31 -27.28 -27.19 -27.06 -27.03 -27.00 -27.03 -27.00 -26.97 -26.97 -26.94 -26.88 -26.78 -26.72 -26.62 -26.56 -26.47 -26.38 -26.25 -26.09 -25.97 -25.88 -25.72 -25.53 -25.34 -25.22 -25.09 -24.94 -24.69 -24.56 -24.50 -24.44 -24.31 -24.19 -24.06 -23.78 -23.84 -23.50 -23.69 -23.69 -23.59 -23.53 -23.53 -23.50 -23.62 -23.94 -24.19 -24.19 -24.09 -24.09 -23.91 -23.88 -23.75 -24.00 -24.25 -24.81 -25.00 -24.88 -24.59 -24.84 -24.94 -25.00 -24.94 -24.62 -24.59 -24.47 -24.78
-27.16 -27.22 -27.28 -27.28 -27.28 -27.22 -27.12 -27.06 -27.00 -26.94 -26.94 -26.94 -26.91 -26.94 -26.91 -26.88 -26.81 -26.69 -26.59 -26.53 -26.38 -26.22 -26.09 -25.94 -25.91 -25.75 -25.62 -25.47 -25.22 -25.09 -24.97 -24.81 -24.66 -24.47 -24.41 -24.34 -24.22 -24.09 -23.94 -23.88 -23.78 -23.78 -23.72 -23.75 -23.66 -23.62 -23.59 -23.53 -23.72 -23.94 -24.12 -24.16 -24.19 -24.19 -24.03 -24.12 -23.97 -24.12 -24.31 -24.84 -25.06 -25.00 -24.97 -25.09 -25.16 -25.09 -24.97 -24.81 -24.66 -24.41 -24.56
-27.12 -27.22 -27.22 -27.22 -27.22 -27.16 -27.06 -27.03 -26.97 -26.88 -26.81 -26.88 -26.97 -26.91 -26.88 -26.81 -26.72 -26.66 -26.59 -26.44 -26.28 -26.06 -25.97 -25.88 -25.78 -25.66 -25.53 -25.44 -25.22 -24.97 -24.84 -24.75 -24.66 -24.47 -24.28 -24.06 -24.00 -23.88 -23.75 -23.78 -23.75 -23.78 -23.75 -23.75 -23.78 -23.69 -23.50 -23.75 -23.88 -23.97 -24.09 -24.09 -24.31 -24.25 -24.31 -24.19 -24.12 -23.94 -24.16 -24.34 -24.62 -25.00 -25.09 -25.09 -25.09 -25.00 -24.81 -24.78 -24.56 -24.34 -24.50
-27.12 -27.12 -27.12 -27.09 -27.03 -27.00 -27.00 -26.97 -26.84 -26.69 -26.81 -26.88 -26.94 -26.84 -26.81 -26.75 -26.69 -26.59 -26.50 -26.34 -26.16 -26.00 -25.81 -25.75 -25.59 -25.53 -25.41 -25.31 -25.09 -24.91 -24.75 -24.62 -24.53 -24.34 -24.06 -23.91 -23.94 -23.75 -23.78 -23.78 -23.78 -23.78 -23.75 -23.88 -23.94 -23.81 -23.75 -24.03 -24.19 -24.22 -24.03 -24.31 -24.41 -24.41 -24.41 -24.22 -24.19 -24.22 -24.38 -24.59 -24.78 -25.06 -25.19 -24.94 -24.84 -24.84 -24.88 -24.53 -24.66 -24.41 -24.78
-27.03 -27.03 -27.03 -26.94 -26.94 -26.94 -26.91 -26.84 -26.78 -26.75 -26.88 -26.91 -26.88 -26.78 -26.72 -26.69 -26.56 -26.47 -26.38 -26.28 -26.12 -25.84 -25.62 -25.53 -25.41 -25.31 -25.22 -25.12 -24.97 -24.78 -24.66 -24.53 -24.38 -24.16 -24.06 -23.88 -23.88 -23.81 -23.72 -23.78 -23.75 -23.72 -23.88 -24.00 -24.12 -24.16 -24.25 -24.34 -24.56 -24.47 -24.25 -24.34 -24.44 -24.56 -24.66 -24.78 -24.81 -25.00 -25.19 -25.31 -25.19 -25.25 -25.28 -25.06 -25.06 -25.12 -24.94 -24.66 -24.56 -24.66 -25.03
