everonasctiles/Tile29,49.asc
ncols 128
nrows 128
xllcorner 0
yllcorner 0
cellsize 2.0
NODATA_value  -9999
[rows 87 to 115 of 128, columns 0 to 66 of 128]
-100.81 -100.84 -100.91 -100.94 -101.00 -101.06 -101.12 -101.16 -101.19 -101.22 -101.25 -101.25 -101.28 -101.28 -101.28 -101.31 -101.31 -101.31 -101.31 -101.31 -101.28 -101.25 -101.19 -101.12 -101.03 -100.97 -100.91 -100.88 -100.91 -100.94 -100.97 -101.00 -101.03 -101.03 -101.06 -101.06 -101.09 -101.09 -101.09 -101.09 -101.09 -101.09 -101.09 -101.09 -101.06 -101.03 -101.00 -101.00 -100.97 -100.97 -101.00 -101.03 -101.06 -101.12 -101.16 -101.16 -101.19 -101.19 -101.16 -101.16 -101.19 -101.22 -101.25 -101.28 -101.31 -101.34 -101.38
-100.78 -100.84 -100.88 -100.94 -100.97 -101.03 -101.06 -101.09 -101.12 -101.16 -101.19 -101.19 -101.22 -101.22 -101.22 -101.22 -101.22 -101.25 -101.22 -101.22 -101.19 -101.12 -101.06 -101.00 -100.94 -100.88 -100.84 -100.81 -100.84 -100.88 -100.94 -100.97 -101.00 -101.03 -101.03 -101.06 -101.09 -101.12 -101.12 -101.12 -101.09 -101.09 -101.06 -101.06 -101.03 -101.03 -101.00 -101.00 -101.00 -101.03 -101.06 -101.09 -101.16 -101.22 -101.25 -101.28 -101.28 -101.28 -101.28 -101.28 -101.28 -101.31 -101.34 -101.38 -101.41 -101.44 -101.44
-100.78 -100.81 -100.84 -100.91 -100.94 -101.00 -101.03 -101.06 -101.09 -101.09 -101.12 -101.12 -101.16 -101.16 -101.16 -101.16 -101.16 -101.16 -101.16 -101.12 -101.09 -101.03 -100.97 -100.91 -100.84 -100.81 -100.78 -100.81 -100.84 -100.88 -100.94 -100.97 -101.00 -101.06 -101.09 -101.12 -101.16 -101.19 -101.19 -101.19 -101.16 -101.12 -101.12 -101.09 -101.09 -101.09 -101.06 -101.06 -101.06 -101.09 -101.16 -101.22 -101.28 -101.34 -101.38 -101.41 -101.41 -101.41 -101.41 -101.38 -101.38 -101.41 -101.41 -101.44 -101.47 -101.50 -101.50
-100.72 -100.78 -100.81 -100.84 -100.91 -100.94 -101.00 -101.03 -101.06 -101.06 -101.06 -101.06 -101.09 -101.09 -101.09 -101.09 -101.06 -101.06 -101.06 -101.03 -101.00 -100.94 -100.88 -100.84 -100.81 -100.78 -100.78 -100.81 -100.88 -100.91 -100.97 -101.03 -101.06 -101.09 -101.12 -101.16 -101.19 -101.22 -101.25 -101.25 -101.22 -101.22 -101.19 -101.19 -101.19 -101.19 -101.19 -101.19 -101.19 -101.22 -101.25 -101.31 -101.41 -101.47 -101.50 -101.53 -101.53 -101.53 -101.53 -101.50 -101.50 -101.50 -101.50 -101.53 -101.53 -101.56 -101.53
-100.62 -100.69 -100.75 -100.81 -100.84 -100.91 -100.94 -101.00 -101.00 -101.03 -101.03 -101.03 -101.03 -101.03 -101.00 -101.00 -101.00 -101.00 -100.97 -100.94 -100.91 -100.88 -100.84 -100.81 -100.78 -100.78 -100.81 -100.84 -100.91 -100.97 -101.00 -101.06 -101.09 -101.16 -101.19 -101.22 -101.25 -101.28 -101.31 -101.31 -101.31 -101.31 -101.28 -101.28 -101.28 -101.28 -101.28 -101.28 -101.31 -101.34 -101.38 -101.44 -101.53 -101.59 -101.62 -101.66 -101.66 -101.66 -101.66 -101.62 -101.62 -101.59 -101.59 -101.59 -101.59 -101.59 -101.59
-100.53 -100.59 -100.69 -100.72 -100.78 -100.84 -100.91 -100.94 -100.97 -100.97 -100.97 -100.97 -100.97 -100.94 -100.94 -100.94 -100.91 -100.91 -100.91 -100.88 -100.84 -100.81 -100.81 -100.78 -100.78 -100.78 -100.84 -100.88 -100.94 -101.00 -101.06 -101.09 -101.16 -101.19 -101.22 -101.28 -101.31 -101.34 -101.41 -101.41 -101.41 -101.41 -101.38 -101.38 -101.41 -101.41 -101.41 -101.44 -101.44 -101.47 -101.50 -101.56 -101.66 -101.72 -101.78 -101.81 -101.81 -101.81 -101.78 -101.78 -101.75 -101.72 -101.69 -101.69 -101.66 -101.66 -101.62
-100.38 -100.47 -100.56 -100.62 -100.72 -100.78 -100.81 -100.88 -100.91 -100.91 -100.91 -100.91 -100.88 -100.88 -100.88 -100.84 -100.84 -100.84 -100.81 -100.81 -100.81 -100.81 -100.78 -100.81 -100.81 -100.84 -100.88 -100.91 -100.97 -101.03 -101.06 -101.12 -101.19 -101.22 -101.28 -101.31 -101.38 -101.41 -101.47 -101.50 -101.50 -101.50 -101.50 -101.50 -101.53 -101.53 -101.56 -101.56 -101.56 -101.59 -101.66 -101.72 -101.78 -101.84 -101.91 -101.94 -101.94 -101.94 -101.91 -101.88 -101.84 -101.81 -101.78 -101.75 -101.72 -101.69 -101.66
-100.19 -100.31 -100.41 -100.50 -100.59 -100.66 -100.72 -100.78 -100.81 -100.81 -100.81 -100.81 -100.81 -100.78 -100.78 -100.78 -100.78 -100.75 -100.78 -100.78 -100.78 -100.81 -100.84 -100.84 -100.88 -100.88 -100.88 -100.94 -100.97 -101.03 -101.09 -101.16 -101.22 -101.25 -101.31 -101.34 -101.41 -101.47 -101.53 -101.56 -101.59 -101.59 -101.62 -101.62 -101.66 -101.66 -101.69 -101.69 -101.72 -101.75 -101.78 -101.84 -101.91 -101.97 -102.03 -102.06 -102.06 -102.06 -102.03 -102.00 -101.97 -101.94 -101.88 -101.84 -101.81 -101.75 -101.72
-99.97 -100.09 -100.19 -100.31 -100.41 -100.50 -100.56 -100.62 -100.66 -100.69 -100.69 -100.69 -100.69 -100.69 -100.72 -100.72 -100.72 -100.72 -100.75 -100.78 -100.84 -100.88 -100.91 -100.91 -100.91 -100.91 -100.91 -100.94 -101.00 -101.03 -101.09 -101.16 -101.22 -101.28 -101.31 -101.38 -101.44 -101.50 -101.59 -101.62 -101.69 -101.72 -101.72 -101.75 -101.78 -101.78 -101.81 -101.84 -101.84 -101.91 -101.94 -101.97 -102.03 -102.09 -102.12 -102.16 -102.16 -102.16 -102.16 -102.12 -102.09 -102.03 -102.00 -101.94 -101.88 -101.81 -101.78
-99.69 -99.81 -99.94 -100.06 -100.19 -100.28 -100.38 -100.44 -100.47 -100.50 -100.53 -100.53 -100.56 -100.56 -100.59 -100.62 -100.66 -100.69 -100.75 -100.81 -100.88 -100.94 -100.97 -100.97 -100.97 -100.97 -100.97 -100.97 -101.00 -101.06 -101.12 -101.19 -101.22 -101.28 -101.34 -101.41 -101.47 -101.56 -101.62 -101.69 -101.75 -101.78 -101.84 -101.88 -101.91 -101.91 -101.94 -101.97 -102.00 -102.03 -102.06 -102.12 -102.16 -102.19 -102.25 -102.25 -102.25 -102.25 -102.22 -102.22 -102.19 -102.12 -102.09 -102.03 -101.97 -101.91 -101.84
-99.34 -99.50 -99.62 -99.78 -99.91 -100.03 -100.12 -100.19 -100.25 -100.28 -100.31 -100.34 -100.38 -100.44 -100.50 -100.53 -100.59 -100.66 -100.75 -100.84 -100.91 -100.97 -101.03 -101.03 -101.03 -101.03 -101.00 -101.03 -101.03 -101.09 -101.16 -101.22 -101.28 -101.31 -101.38 -101.44 -101.50 -101.59 -101.66 -101.75 -101.81 -101.88 -101.91 -101.97 -102.00 -102.03 -102.06 -102.09 -102.12 -102.16 -102.22 -102.25 -102.28 -102.31 -102.34 -102.34 -102.34 -102.31 -102.31 -102.28 -102.28 -102.22 -102.16 -102.09 -102.03 -101.97 -101.91
-98.94 -99.09 -99.28 -99.44 -99.59 -99.72 -99.84 -99.91 -100.00 -100.03 -100.06 -100.12 -100.19 -100.28 -100.34 -100.44 -100.53 -100.62 -100.75 -100.84 -100.94 -101.03 -101.06 -101.09 -101.09 -101.09 -101.09 -101.09 -101.12 -101.16 -101.22 -101.28 -101.34 -101.38 -101.41 -101.47 -101.56 -101.66 -101.72 -101.81 -101.88 -101.94 -102.00 -102.06 -102.09 -102.12 -102.16 -102.19 -102.25 -102.28 -102.31 -102.38 -102.41 -102.44 -102.44 -102.44 -102.41 -102.41 -102.38 -102.38 -102.34 -102.28 -102.25 -102.19 -102.12 -102.06 -101.97
-98.50 -98.69 -98.88 -99.03 -99.22 -99.34 -99.47 -99.59 -99.66 -99.75 -99.81 -99.88 -99.97 -100.09 -100.19 -100.31 -100.44 -100.56 -100.72 -100.84 -100.94 -101.03 -101.12 -101.16 -101.19 -101.19 -101.19 -101.19 -101.19 -101.25 -101.31 -101.38 -101.44 -101.47 -101.50 -101.56 -101.62 -101.72 -101.81 -101.91 -101.97 -102.03 -102.09 -102.16 -102.19 -102.25 -102.28 -102.31 -102.34 -102.38 -102.44 -102.47 -102.50 -102.53 -102.53 -102.50 -102.50 -102.47 -102.47 -102.44 -102.41 -102.38 -102.31 -102.25 -102.19 -102.12 -102.03
-98.00 -98.19 -98.41 -98.59 -98.78 -98.94 -99.09 -99.22 -99.31 -99.41 -99.50 -99.59 -99.72 -99.88 -100.03 -100.19 -100.34 -100.50 -100.66 -100.81 -100.94 -101.06 -101.16 -101.22 -101.25 -101.28 -101.28 -101.28 -101.31 -101.34 -101.44 -101.50 -101.56 -101.59 -101.62 -101.66 -101.72 -101.81 -101.91 -102.00 -102.06 -102.16 -102.22 -102.25 -102.31 -102.34 -102.38 -102.41 -102.44 -102.50 -102.53 -102.56 -102.59 -102.59 -102.59 -102.59 -102.56 -102.53 -102.53 -102.50 -102.47 -102.44 -102.38 -102.31 -102.25 -102.16 -102.06
-97.44 -97.69 -97.88 -98.09 -98.28 -98.47 -98.62 -98.78 -98.91 -99.03 -99.16 -99.31 -99.47 -99.66 -99.84 -100.03 -100.22 -100.41 -100.59 -100.78 -100.94 -101.06 -101.19 -101.28 -101.34 -101.38 -101.41 -101.41 -101.44 -101.50 -101.56 -101.62 -101.69 -101.72 -101.75 -101.78 -101.81 -101.91 -102.00 -102.09 -102.19 -102.25 -102.31 -102.38 -102.41 -102.44 -102.47 -102.50 -102.53 -102.59 -102.62 -102.66 -102.66 -102.69 -102.66 -102.66 -102.62 -102.62 -102.59 -102.56 -102.53 -102.50 -102.44 -102.38 -102.31 -102.22 -102.12
-96.88 -97.09 -97.31 -97.53 -97.72 -97.91 -98.09 -98.31 -98.47 -98.62 -98.78 -98.97 -99.19 -99.41 -99.66 -99.88 -100.09 -100.31 -100.53 -100.72 -100.91 -101.06 -101.19 -101.31 -101.41 -101.47 -101.50 -101.53 -101.56 -101.62 -101.69 -101.78 -101.84 -101.88 -101.91 -101.91 -101.94 -102.00 -102.09 -102.19 -102.28 -102.34 -102.41 -102.47 -102.50 -102.53 -102.56 -102.59 -102.62 -102.66 -102.69 -102.72 -102.72 -102.72 -102.72 -102.72 -102.69 -102.69 -102.66 -102.62 -102.59 -102.56 -102.50 -102.44 -102.34 -102.25 -102.16
-96.25 -96.47 -96.69 -96.91 -97.12 -97.34 -97.56 -97.78 -98.00 -98.22 -98.41 -98.62 -98.88 -99.16 -99.44 -99.72 -99.97 -100.25 -100.47 -100.69 -100.88 -101.06 -101.22 -101.34 -101.47 -101.56 -101.62 -101.66 -101.72 -101.78 -101.84 -101.91 -101.97 -102.00 -102.03 -102.06 -102.06 -102.12 -102.19 -102.28 -102.38 -102.44 -102.50 -102.56 -102.56 -102.59 -102.62 -102.66 -102.69 -102.72 -102.75 -102.78 -102.78 -102.78 -102.78 -102.75 -102.75 -102.75 -102.72 -102.69 -102.66 -102.62 -102.56 -102.47 -102.41 -102.31 -102.22
-95.56 -95.78 -95.97 -96.19 -96.44 -96.72 -96.97 -97.25 -97.50 -97.75 -98.00 -98.28 -98.59 -98.91 -99.22 -99.53 -99.84 -100.16 -100.44 -100.66 -100.88 -101.06 -101.25 -101.38 -101.50 -101.62 -101.72 -101.78 -101.84 -101.91 -101.97 -102.03 -102.09 -102.16 -102.19 -102.22 -102.22 -102.25 -102.31 -102.38 -102.44 -102.53 -102.59 -102.62 -102.66 -102.69 -102.69 -102.72 -102.75 -102.78 -102.81 -102.81 -102.84 -102.81 -102.81 -102.81 -102.81 -102.78 -102.78 -102.75 -102.72 -102.66 -102.59 -102.53 -102.44 -102.34 -102.28
-94.81 -94.97 -95.16 -95.41 -95.72 -96.06 -96.41 -96.69 -96.97 -97.28 -97.59 -97.91 -98.28 -98.62 -99.00 -99.38 -99.72 -100.06 -100.38 -100.66 -100.88 -101.09 -101.25 -101.44 -101.56 -101.69 -101.78 -101.88 -101.94 -102.00 -102.09 -102.16 -102.22 -102.28 -102.34 -102.34 -102.38 -102.38 -102.41 -102.47 -102.53 -102.59 -102.66 -102.72 -102.72 -102.75 -102.78 -102.78 -102.81 -102.84 -102.84 -102.88 -102.88 -102.88 -102.88 -102.84 -102.84 -102.84 -102.81 -102.78 -102.75 -102.69 -102.62 -102.56 -102.47 -102.38 -102.34
-93.97 -94.12 -94.25 -94.56 -94.97 -95.41 -95.81 -96.12 -96.44 -96.78 -97.16 -97.53 -97.94 -98.34 -98.78 -99.22 -99.62 -100.00 -100.34 -100.62 -100.88 -101.09 -101.28 -101.44 -101.59 -101.75 -101.84 -101.94 -102.03 -102.09 -102.16 -102.25 -102.34 -102.41 -102.47 -102.50 -102.50 -102.53 -102.53 -102.59 -102.62 -102.69 -102.75 -102.78 -102.81 -102.81 -102.84 -102.88 -102.88 -102.91 -102.91 -102.91 -102.91 -102.91 -102.91 -102.91 -102.91 -102.88 -102.84 -102.81 -102.78 -102.72 -102.66 -102.56 -102.50 -102.44 -102.41
-93.03 -93.19 -93.31 -93.62 -94.06 -94.56 -95.12 -95.53 -95.91 -96.28 -96.72 -97.12 -97.59 -98.09 -98.59 -99.06 -99.53 -99.94 -100.28 -100.56 -100.84 -101.06 -101.25 -101.44 -101.59 -101.75 -101.88 -101.97 -102.06 -102.16 -102.22 -102.31 -102.41 -102.50 -102.59 -102.62 -102.62 -102.62 -102.66 -102.69 -102.72 -102.78 -102.81 -102.88 -102.88 -102.91 -102.91 -102.94 -102.94 -102.94 -102.94 -102.94 -102.94 -102.94 -102.94 -102.94 -102.94 -102.91 -102.88 -102.84 -102.78 -102.72 -102.66 -102.59 -102.53 -102.50 -102.47
-92.09 -92.19 -92.28 -92.59 -93.03 -93.59 -94.31 -94.94 -95.34 -95.78 -96.25 -96.75 -97.28 -97.88 -98.41 -98.94 -99.41 -99.81 -100.19 -100.47 -100.75 -100.97 -101.19 -101.38 -101.53 -101.69 -101.84 -101.97 -102.06 -102.19 -102.28 -102.38 -102.47 -102.59 -102.66 -102.72 -102.75 -102.75 -102.75 -102.78 -102.84 -102.88 -102.91 -102.94 -102.97 -102.97 -103.00 -103.00 -103.00 -103.00 -103.00 -103.00 -103.00 -103.00 -103.00 -102.97 -102.97 -102.94 -102.91 -102.84 -102.81 -102.75 -102.69 -102.62 -102.59 -102.56 -102.53
-91.12 -91.19 -91.22 -91.50 -91.97 -92.66 -93.53 -94.28 -94.75 -95.25 -95.78 -96.38 -97.00 -97.62 -98.22 -98.75 -99.22 -99.66 -100.03 -100.34 -100.59 -100.84 -101.03 -101.25 -101.44 -101.59 -101.78 -101.91 -102.06 -102.19 -102.28 -102.41 -102.53 -102.62 -102.72 -102.81 -102.84 -102.84 -102.84 -102.88 -102.91 -102.97 -103.00 -103.03 -103.03 -103.06 -103.06 -103.06 -103.06 -103.06 -103.06 -103.03 -103.03 -103.03 -103.03 -103.00 -103.00 -102.97 -102.91 -102.88 -102.81 -102.78 -102.72 -102.69 -102.66 -102.62 -102.62
-90.16 -90.09 -90.06 -90.38 -90.94 -91.81 -92.88 -93.59 -94.16 -94.72 -95.31 -96.00 -96.66 -97.31 -97.94 -98.50 -99.00 -99.44 -99.78 -100.12 -100.38 -100.62 -100.84 -101.06 -101.28 -101.47 -101.66 -101.84 -102.00 -102.16 -102.28 -102.41 -102.56 -102.66 -102.78 -102.84 -102.91 -102.94 -102.94 -102.97 -103.00 -103.03 -103.06 -103.09 -103.09 -103.12 -103.12 -103.12 -103.12 -103.12 -103.09 -103.09 -103.09 -103.09 -103.06 -103.06 -103.03 -102.97 -102.94 -102.91 -102.84 -102.81 -102.75 -102.72 -102.69 -102.69 -102.69
-89.16 -88.94 -88.91 -89.28 -90.03 -91.09 -92.25 -92.91 -93.53 -94.16 -94.81 -95.53 -96.28 -96.97 -97.59 -98.19 -98.69 -99.12 -99.50 -99.84 -100.09 -100.34 -100.59 -100.84 -101.09 -101.31 -101.53 -101.72 -101.94 -102.09 -102.28 -102.44 -102.56 -102.69 -102.81 -102.91 -102.97 -103.00 -103.03 -103.03 -103.06 -103.09 -103.12 -103.16 -103.16 -103.16 -103.19 -103.19 -103.16 -103.16 -103.16 -103.16 -103.16 -103.12 -103.12 -103.09 -103.06 -103.03 -102.97 -102.94 -102.88 -102.84 -102.81 -102.78 -102.75 -102.75 -102.75
-88.03 -87.75 -87.81 -88.31 -89.28 -90.53 -91.56 -92.25 -92.88 -93.53 -94.25 -95.06 -95.84 -96.59 -97.25 -97.81 -98.34 -98.78 -99.19 -99.50 -99.78 -100.03 -100.31 -100.59 -100.88 -101.12 -101.38 -101.59 -101.84 -102.06 -102.25 -102.44 -102.59 -102.72 -102.84 -102.94 -103.00 -103.06 -103.09 -103.12 -103.12 -103.16 -103.19 -103.19 -103.22 -103.22 -103.22 -103.22 -103.22 -103.22 -103.22 -103.19 -103.19 -103.19 -103.16 -103.12 -103.09 -103.03 -103.00 -102.97 -102.91 -102.88 -102.84 -102.84 -102.81 -102.81 -102.81
-86.88 -86.66 -86.84 -87.62 -88.78 -90.09 -90.84 -91.56 -92.19 -92.88 -93.62 -94.50 -95.38 -96.19 -96.84 -97.44 -97.94 -98.41 -98.81 -99.12 -99.41 -99.69 -100.00 -100.31 -100.62 -100.94 -101.22 -101.50 -101.75 -102.03 -102.25 -102.44 -102.59 -102.75 -102.88 -102.97 -103.06 -103.12 -103.16 -103.19 -103.19 -103.22 -103.22 -103.25 -103.25 -103.28 -103.28 -103.28 -103.25 -103.25 -103.25 -103.25 -103.25 -103.22 -103.19 -103.16 -103.12 -103.06 -103.03 -102.97 -102.94 -102.91 -102.91 -102.88 -102.88 -102.88 -102.84
-85.78 -85.72 -86.19 -87.19 -88.47 -89.50 -90.19 -90.84 -91.50 -92.09 -92.84 -93.91 -94.88 -95.72 -96.44 -97.00 -97.53 -98.00 -98.41 -98.72 -98.97 -99.28 -99.66 -100.03 -100.38 -100.72 -101.06 -101.41 -101.72 -102.00 -102.25 -102.47 -102.66 -102.78 -102.91 -103.00 -103.09 -103.16 -103.19 -103.22 -103.25 -103.25 -103.28 -103.28 -103.31 -103.31 -103.31 -103.31 -103.31 -103.31 -103.31 -103.31 -103.31 -103.28 -103.25 -103.19 -103.12 -103.09 -103.03 -103.00 -102.97 -102.94 -102.94 -102.94 -102.94 -102.91 -102.88
-84.84 -85.09 -85.88 -87.03 -88.22 -88.88 -89.53 -90.16 -90.66 -91.28 -92.25 -93.47 -94.47 -95.31 -95.97 -96.56 -97.09 -97.56 -97.91 -98.19 -98.47 -98.78 -99.22 -99.66 -100.09 -100.53 -100.94 -101.31 -101.66 -101.97 -102.25 -102.50 -102.66 -102.81 -102.94 -103.06 -103.12 -103.19 -103.25 -103.28 -103.28 -103.31 -103.31 -103.34 -103.34 -103.38 -103.38 -103.38 -103.38 -103.38 -103.38 -103.38 -103.34 -103.31 -103.28 -103.22 -103.16 -103.09 -103.06 -103.00 -103.00 -103.00 -102.97 -102.97 -102.97 -102.94 -102.91
