everonasctiles/Tile8,15.asc
ncols 128
nrows 128
xllcorner 0
yllcorner 0
cellsize 2.0
NODATA_value  -9999
[rows 0 to 31 of 128, columns 0 to 70 of 128]
-62.19 -61.34 -60.50 -59.75 -58.62 -57.56 -56.75 -56.06 -55.22 -54.25 -53.34 -52.75 -52.25 -51.81 -51.50 -51.22 -51.12 -50.97 -50.66 -50.19 -49.59 -48.88 -48.06 -47.28 -46.44 -45.56 -44.75 -44.03 -43.38 -42.69 -42.00 -41.22 -40.41 -39.62 -38.97 -38.41 -37.91 -37.44 -37.00 -36.56 -36.06 -35.53 -34.97 -34.41 -33.88 -33.34 -32.81 -32.25 -31.69 -31.16 -30.62 -30.09 -29.47 -28.78 -28.03 -27.25 -26.47 -25.75 -25.12 -24.69 -24.44 -24.22 -23.91 -23.47 -22.94 -22.34 -21.78 -21.31 -21.00 -20.81 -20.72
-61.94 -60.94 -60.22 -59.47 -58.31 -57.34 -56.50 -55.75 -54.97 -54.06 -53.22 -52.59 -52.12 -51.81 -51.59 -51.47 -51.38 -51.25 -50.94 -50.47 -49.88 -49.19 -48.41 -47.62 -46.78 -45.84 -44.97 -44.22 -43.50 -42.78 -42.06 -41.34 -40.56 -39.88 -39.25 -38.75 -38.25 -37.75 -37.28 -36.88 -36.44 -35.94 -35.41 -34.88 -34.34 -33.84 -33.31 -32.75 -32.22 -31.69 -31.16 -30.59 -30.03 -29.38 -28.69 -27.94 -27.19 -26.41 -25.75 -25.28 -25.00 -24.75 -24.41 -23.94 -23.34 -22.72 -22.16 -21.66 -21.28 -21.16 -21.09
-61.72 -60.88 -59.72 -59.00 -57.94 -57.03 -56.16 -55.34 -54.56 -53.69 -52.88 -52.34 -52.00 -51.81 -51.66 -51.59 -51.56 -51.44 -51.12 -50.69 -50.12 -49.47 -48.72 -47.94 -47.09 -46.12 -45.16 -44.34 -43.59 -42.84 -42.19 -41.50 -40.81 -40.16 -39.59 -39.12 -38.56 -38.09 -37.66 -37.25 -36.81 -36.31 -35.81 -35.34 -34.84 -34.31 -33.78 -33.25 -32.72 -32.16 -31.62 -31.06 -30.53 -29.97 -29.28 -28.59 -27.84 -27.09 -26.38 -25.84 -25.47 -25.19 -24.88 -24.38 -23.75 -23.06 -22.50 -22.03 -21.69 -21.53 -21.47
-60.97 -60.12 -59.16 -58.38 -57.47 -56.62 -55.78 -55.00 -54.25 -53.38 -52.56 -52.06 -51.84 -51.62 -51.44 -51.44 -51.53 -51.50 -51.25 -50.88 -50.34 -49.69 -48.97 -48.19 -47.31 -46.31 -45.34 -44.50 -43.75 -42.97 -42.28 -41.66 -41.06 -40.44 -39.91 -39.38 -38.84 -38.34 -37.94 -37.53 -37.12 -36.72 -36.28 -35.81 -35.34 -34.81 -34.28 -33.72 -33.16 -32.59 -32.06 -31.53 -31.03 -30.47 -29.84 -29.16 -28.44 -27.72 -27.00 -26.38 -25.91 -25.56 -25.25 -24.78 -24.19 -23.50 -22.94 -22.50 -22.25 -22.09 -22.03
-60.62 -59.59 -58.66 -57.91 -57.16 -56.41 -55.56 -54.88 -54.22 -53.31 -52.47 -51.94 -51.66 -51.41 -51.22 -51.19 -51.34 -51.44 -51.28 -50.97 -50.53 -49.91 -49.19 -48.44 -47.53 -46.53 -45.56 -44.72 -43.94 -43.16 -42.47 -41.84 -41.28 -40.69 -40.06 -39.50 -39.00 -38.53 -38.09 -37.75 -37.47 -37.12 -36.72 -36.28 -35.81 -35.28 -34.72 -34.16 -33.56 -33.03 -32.53 -32.03 -31.56 -31.00 -30.38 -29.66 -28.97 -28.31 -27.59 -26.91 -26.38 -25.91 -25.53 -25.16 -24.66 -24.03 -23.47 -23.03 -22.88 -22.81 -22.78
-60.47 -59.41 -58.50 -57.72 -57.06 -56.47 -55.72 -55.12 -54.53 -53.66 -52.69 -52.00 -51.69 -51.41 -51.19 -51.06 -51.16 -51.28 -51.28 -51.09 -50.75 -50.16 -49.50 -48.72 -47.78 -46.81 -45.88 -44.97 -44.16 -43.38 -42.72 -42.12 -41.62 -40.97 -40.25 -39.59 -39.09 -38.72 -38.38 -38.06 -37.78 -37.47 -37.12 -36.72 -36.25 -35.72 -35.16 -34.56 -33.97 -33.44 -32.97 -32.53 -32.03 -31.47 -30.84 -30.16 -29.47 -28.75 -28.03 -27.38 -26.78 -26.28 -25.88 -25.50 -25.06 -24.50 -23.97 -23.66 -23.56 -23.53 -23.47
-60.19 -59.41 -58.59 -57.88 -57.25 -56.72 -56.06 -55.56 -55.12 -54.34 -53.28 -52.38 -51.94 -51.62 -51.47 -51.31 -51.25 -51.28 -51.41 -51.31 -50.97 -50.41 -49.75 -49.00 -48.09 -47.12 -46.16 -45.31 -44.50 -43.69 -43.03 -42.53 -42.00 -41.31 -40.56 -39.84 -39.28 -38.88 -38.53 -38.25 -37.97 -37.75 -37.47 -37.09 -36.69 -36.16 -35.56 -34.97 -34.41 -33.88 -33.41 -32.94 -32.44 -31.91 -31.28 -30.62 -29.91 -29.16 -28.44 -27.81 -27.22 -26.72 -26.25 -25.88 -25.44 -24.94 -24.50 -24.31 -24.22 -24.16 -24.06
-60.09 -59.47 -58.84 -58.25 -57.66 -57.12 -56.53 -56.09 -55.69 -55.03 -54.00 -53.06 -52.47 -52.19 -52.00 -51.78 -51.59 -51.56 -51.66 -51.56 -51.22 -50.69 -50.06 -49.31 -48.47 -47.50 -46.53 -45.75 -45.03 -44.25 -43.56 -43.00 -42.41 -41.72 -41.00 -40.28 -39.62 -39.00 -38.56 -38.25 -37.97 -37.84 -37.69 -37.44 -37.03 -36.53 -36.00 -35.44 -34.88 -34.31 -33.84 -33.38 -32.88 -32.28 -31.66 -31.00 -30.28 -29.56 -28.88 -28.25 -27.66 -27.12 -26.69 -26.34 -25.91 -25.41 -25.16 -25.00 -24.88 -24.72 -24.62
-60.16 -59.69 -59.19 -58.69 -58.12 -57.62 -57.12 -56.69 -56.19 -55.53 -54.62 -53.78 -53.22 -52.81 -52.56 -52.25 -52.03 -51.97 -51.97 -51.81 -51.47 -50.97 -50.38 -49.69 -48.88 -47.97 -47.03 -46.22 -45.50 -44.75 -44.06 -43.41 -42.75 -42.03 -41.31 -40.69 -40.03 -39.34 -38.78 -38.34 -38.03 -37.88 -37.84 -37.72 -37.41 -36.94 -36.41 -35.88 -35.34 -34.78 -34.28 -33.81 -33.25 -32.66 -32.03 -31.41 -30.72 -30.03 -29.38 -28.72 -28.09 -27.56 -27.16 -26.88 -26.53 -26.12 -25.88 -25.72 -25.50 -25.28 -25.12
-60.34 -59.97 -59.56 -59.09 -58.59 -58.09 -57.62 -57.09 -56.59 -56.09 -55.25 -54.38 -53.78 -53.34 -52.94 -52.56 -52.31 -52.28 -52.19 -52.00 -51.72 -51.31 -50.75 -50.06 -49.31 -48.50 -47.59 -46.66 -45.91 -45.16 -44.38 -43.69 -43.03 -42.34 -41.69 -41.12 -40.56 -39.94 -39.25 -38.75 -38.31 -38.09 -38.03 -38.00 -37.75 -37.31 -36.84 -36.34 -35.81 -35.25 -34.75 -34.22 -33.69 -33.06 -32.47 -31.81 -31.16 -30.50 -29.88 -29.22 -28.56 -28.00 -27.62 -27.41 -27.22 -26.97 -26.78 -26.56 -26.22 -25.88 -25.69
-60.53 -60.25 -59.84 -59.38 -58.91 -58.47 -57.91 -57.38 -56.91 -56.50 -55.81 -54.88 -54.12 -53.59 -53.12 -52.78 -52.56 -52.38 -52.22 -52.06 -51.91 -51.56 -51.03 -50.34 -49.66 -48.88 -48.00 -47.09 -46.28 -45.47 -44.62 -43.97 -43.34 -42.69 -42.09 -41.66 -41.22 -40.66 -39.94 -39.28 -38.78 -38.53 -38.47 -38.44 -38.19 -37.78 -37.31 -36.81 -36.28 -35.69 -35.16 -34.66 -34.09 -33.50 -32.91 -32.28 -31.62 -31.00 -30.41 -29.72 -29.00 -28.41 -28.03 -27.81 -27.78 -27.72 -27.62 -27.31 -26.91 -26.53 -26.28
-60.69 -60.56 -60.22 -59.69 -59.16 -58.69 -58.16 -57.66 -57.16 -56.72 -56.19 -55.34 -54.50 -53.81 -53.25 -52.81 -52.50 -52.28 -52.09 -51.94 -51.84 -51.66 -51.25 -50.59 -49.91 -49.19 -48.38 -47.47 -46.56 -45.69 -44.88 -44.22 -43.66 -43.03 -42.44 -42.06 -41.72 -41.22 -40.56 -39.88 -39.28 -39.00 -38.91 -38.84 -38.62 -38.22 -37.78 -37.28 -36.69 -36.09 -35.53 -35.00 -34.44 -33.88 -33.38 -32.81 -32.16 -31.53 -30.91 -30.25 -29.53 -28.81 -28.31 -28.06 -28.06 -28.16 -28.09 -27.88 -27.56 -27.22 -26.88
-60.84 -60.78 -60.53 -60.06 -59.44 -58.88 -58.38 -57.97 -57.50 -57.12 -56.62 -55.84 -54.97 -54.09 -53.44 -52.88 -52.44 -52.12 -51.91 -51.81 -51.75 -51.69 -51.34 -50.78 -50.12 -49.41 -48.62 -47.78 -46.84 -45.97 -45.16 -44.50 -43.97 -43.44 -42.88 -42.41 -42.03 -41.59 -40.94 -40.25 -39.66 -39.16 -38.88 -38.84 -38.81 -38.53 -38.12 -37.62 -37.03 -36.41 -35.81 -35.28 -34.75 -34.25 -33.81 -33.34 -32.75 -32.06 -31.34 -30.69 -29.97 -29.19 -28.59 -28.31 -28.28 -28.41 -28.44 -28.31 -28.06 -27.78 -27.44
-61.06 -60.97 -60.78 -60.38 -59.81 -59.16 -58.66 -58.34 -57.97 -57.59 -57.12 -56.44 -55.53 -54.62 -53.81 -53.16 -52.69 -52.25 -51.94 -51.88 -51.78 -51.69 -51.41 -50.94 -50.31 -49.62 -48.91 -48.09 -47.25 -46.34 -45.47 -44.75 -44.25 -43.81 -43.34 -42.91 -42.44 -41.91 -41.25 -40.53 -39.84 -39.16 -38.69 -38.56 -38.66 -38.62 -38.31 -37.81 -37.22 -36.62 -36.12 -35.66 -35.16 -34.69 -34.28 -33.81 -33.25 -32.59 -31.88 -31.16 -30.41 -29.66 -29.12 -28.81 -28.66 -28.72 -28.78 -28.69 -28.53 -28.31 -27.97
-61.25 -61.19 -61.00 -60.59 -60.03 -59.44 -59.00 -58.72 -58.44 -58.03 -57.59 -57.00 -56.25 -55.31 -54.44 -53.75 -53.28 -52.78 -52.41 -52.19 -52.06 -51.88 -51.62 -51.19 -50.59 -49.91 -49.19 -48.44 -47.66 -46.78 -45.84 -45.16 -44.66 -44.28 -43.88 -43.38 -42.84 -42.25 -41.62 -40.91 -40.06 -39.22 -38.59 -38.31 -38.44 -38.62 -38.44 -37.97 -37.44 -36.94 -36.53 -36.09 -35.62 -35.16 -34.72 -34.25 -33.72 -33.06 -32.38 -31.69 -30.94 -30.28 -29.78 -29.41 -29.16 -29.12 -29.19 -29.19 -29.03 -28.78 -28.50
-61.34 -61.34 -61.12 -60.75 -60.22 -59.69 -59.28 -59.00 -58.78 -58.44 -58.09 -57.59 -56.91 -56.03 -55.16 -54.53 -54.06 -53.59 -53.12 -52.78 -52.56 -52.34 -52.09 -51.62 -50.97 -50.25 -49.50 -48.75 -48.06 -47.25 -46.44 -45.78 -45.25 -44.84 -44.44 -43.91 -43.38 -42.75 -42.12 -41.41 -40.50 -39.56 -38.91 -38.59 -38.66 -38.84 -38.72 -38.38 -37.91 -37.38 -36.94 -36.53 -36.09 -35.62 -35.22 -34.75 -34.16 -33.47 -32.75 -32.09 -31.47 -30.94 -30.47 -29.97 -29.56 -29.56 -29.69 -29.69 -29.50 -29.25 -29.00
-61.50 -61.44 -61.22 -60.88 -60.44 -59.94 -59.47 -59.19 -58.97 -58.75 -58.50 -58.06 -57.38 -56.53 -55.78 -55.22 -54.91 -54.50 -53.97 -53.50 -53.19 -52.94 -52.62 -52.12 -51.41 -50.69 -49.94 -49.19 -48.47 -47.69 -46.91 -46.31 -45.78 -45.25 -44.75 -44.28 -43.81 -43.31 -42.72 -41.97 -41.09 -40.22 -39.66 -39.34 -39.31 -39.34 -39.25 -38.97 -38.53 -37.97 -37.47 -37.00 -36.56 -36.12 -35.69 -35.19 -34.59 -33.84 -33.16 -32.53 -32.00 -31.56 -31.06 -30.41 -29.97 -29.94 -30.09 -30.09 -29.94 -29.69 -29.47
-61.69 -61.56 -61.31 -61.00 -60.62 -60.16 -59.69 -59.34 -59.09 -58.91 -58.69 -58.28 -57.62 -56.91 -56.22 -55.75 -55.47 -55.09 -54.59 -54.09 -53.75 -53.41 -53.03 -52.53 -51.91 -51.19 -50.44 -49.72 -48.94 -48.09 -47.28 -46.66 -46.12 -45.53 -45.03 -44.59 -44.22 -43.84 -43.31 -42.59 -41.78 -41.00 -40.47 -40.19 -40.03 -39.94 -39.81 -39.59 -39.19 -38.62 -38.06 -37.53 -37.03 -36.56 -36.06 -35.53 -34.88 -34.22 -33.56 -33.00 -32.56 -32.16 -31.56 -30.75 -30.22 -30.16 -30.28 -30.41 -30.31 -30.12 -29.94
-61.72 -61.59 -61.38 -61.09 -60.72 -60.34 -59.91 -59.44 -59.16 -58.91 -58.66 -58.28 -57.72 -57.09 -56.50 -56.06 -55.69 -55.28 -54.84 -54.38 -54.00 -53.66 -53.31 -52.91 -52.38 -51.69 -50.91 -50.12 -49.31 -48.44 -47.59 -47.00 -46.47 -45.94 -45.44 -45.00 -44.66 -44.31 -43.88 -43.22 -42.44 -41.72 -41.22 -40.88 -40.62 -40.47 -40.34 -40.19 -39.81 -39.31 -38.69 -38.06 -37.44 -36.84 -36.22 -35.62 -35.00 -34.41 -33.88 -33.47 -33.12 -32.75 -32.12 -31.31 -30.62 -30.41 -30.50 -30.62 -30.59 -30.50 -30.38
-61.62 -61.56 -61.34 -61.06 -60.75 -60.41 -60.00 -59.50 -59.16 -58.88 -58.56 -58.22 -57.72 -57.16 -56.62 -56.12 -55.66 -55.28 -54.84 -54.41 -54.03 -53.75 -53.44 -53.09 -52.66 -52.06 -51.34 -50.53 -49.66 -48.75 -48.00 -47.38 -46.88 -46.38 -45.91 -45.50 -45.12 -44.78 -44.34 -43.72 -42.97 -42.28 -41.75 -41.38 -41.06 -40.91 -40.81 -40.69 -40.41 -39.94 -39.28 -38.56 -37.78 -37.00 -36.25 -35.62 -35.09 -34.66 -34.31 -34.03 -33.72 -33.28 -32.72 -32.03 -31.31 -30.88 -30.81 -30.88 -30.88 -30.78 -30.66
-61.56 -61.47 -61.31 -61.06 -60.78 -60.47 -60.06 -59.59 -59.22 -58.94 -58.59 -58.22 -57.81 -57.28 -56.75 -56.19 -55.69 -55.25 -54.78 -54.34 -54.03 -53.75 -53.50 -53.22 -52.81 -52.28 -51.59 -50.78 -49.94 -49.16 -48.47 -47.84 -47.28 -46.81 -46.34 -45.94 -45.53 -45.12 -44.66 -44.06 -43.38 -42.66 -42.06 -41.66 -41.41 -41.28 -41.25 -41.16 -40.94 -40.50 -39.84 -39.06 -38.16 -37.19 -36.34 -35.72 -35.31 -35.03 -34.81 -34.56 -34.25 -33.84 -33.34 -32.72 -31.97 -31.44 -31.19 -31.19 -31.16 -31.03 -30.91
-61.47 -61.41 -61.25 -61.00 -60.75 -60.44 -60.06 -59.66 -59.31 -59.06 -58.75 -58.41 -58.03 -57.53 -56.97 -56.38 -55.84 -55.31 -54.78 -54.34 -54.06 -53.75 -53.47 -53.25 -52.91 -52.41 -51.72 -50.97 -50.19 -49.50 -48.88 -48.28 -47.69 -47.16 -46.69 -46.25 -45.81 -45.41 -44.91 -44.34 -43.66 -42.94 -42.31 -41.91 -41.72 -41.69 -41.72 -41.66 -41.47 -41.03 -40.41 -39.56 -38.59 -37.59 -36.75 -36.12 -35.72 -35.44 -35.22 -34.97 -34.62 -34.25 -33.78 -33.19 -32.50 -31.94 -31.66 -31.56 -31.47 -31.34 -31.16
-61.38 -61.28 -61.16 -60.94 -60.66 -60.34 -60.03 -59.72 -59.41 -59.19 -58.91 -58.59 -58.25 -57.78 -57.22 -56.62 -56.03 -55.47 -54.91 -54.50 -54.22 -53.84 -53.53 -53.31 -52.94 -52.44 -51.84 -51.16 -50.47 -49.81 -49.22 -48.62 -48.03 -47.47 -46.97 -46.53 -46.09 -45.66 -45.19 -44.62 -43.97 -43.25 -42.66 -42.25 -42.12 -42.16 -42.19 -42.16 -41.97 -41.56 -40.94 -40.12 -39.16 -38.19 -37.34 -36.66 -36.19 -35.81 -35.47 -35.16 -34.84 -34.47 -34.06 -33.53 -32.94 -32.38 -32.06 -31.91 -31.78 -31.66 -31.50
-61.31 -61.22 -61.06 -60.88 -60.59 -60.28 -60.00 -59.75 -59.50 -59.25 -58.94 -58.66 -58.34 -57.97 -57.44 -56.81 -56.22 -55.66 -55.12 -54.72 -54.41 -54.03 -53.66 -53.44 -53.09 -52.62 -52.09 -51.47 -50.78 -50.12 -49.53 -48.94 -48.34 -47.78 -47.28 -46.81 -46.41 -45.97 -45.50 -44.97 -44.34 -43.69 -43.09 -42.69 -42.53 -42.53 -42.56 -42.53 -42.38 -42.03 -41.47 -40.69 -39.78 -38.84 -37.94 -37.19 -36.56 -36.06 -35.59 -35.22 -34.91 -34.62 -34.28 -33.81 -33.28 -32.78 -32.41 -32.25 -32.16 -32.00 -31.81
-61.25 -61.16 -61.03 -60.81 -60.56 -60.28 -60.00 -59.75 -59.50 -59.22 -58.88 -58.59 -58.31 -57.97 -57.44 -56.84 -56.22 -55.69 -55.22 -54.88 -54.56 -54.19 -53.81 -53.62 -53.38 -52.97 -52.44 -51.84 -51.19 -50.53 -49.88 -49.28 -48.69 -48.12 -47.62 -47.19 -46.75 -46.34 -45.91 -45.41 -44.81 -44.16 -43.56 -43.09 -42.88 -42.78 -42.75 -42.72 -42.62 -42.38 -41.94 -41.25 -40.41 -39.47 -38.53 -37.66 -36.91 -36.25 -35.72 -35.28 -34.94 -34.69 -34.41 -34.03 -33.59 -33.12 -32.81 -32.66 -32.53 -32.38 -32.16
-61.19 -61.12 -61.00 -60.78 -60.56 -60.31 -60.06 -59.78 -59.47 -59.12 -58.75 -58.47 -58.19 -57.78 -57.25 -56.66 -56.09 -55.56 -55.19 -54.88 -54.56 -54.25 -54.00 -53.88 -53.66 -53.28 -52.81 -52.25 -51.62 -50.97 -50.31 -49.69 -49.09 -48.56 -48.03 -47.59 -47.19 -46.81 -46.41 -45.91 -45.34 -44.72 -44.06 -43.53 -43.16 -42.94 -42.88 -42.84 -42.81 -42.69 -42.38 -41.81 -41.03 -40.06 -39.06 -38.09 -37.25 -36.53 -35.91 -35.41 -35.03 -34.75 -34.47 -34.16 -33.81 -33.44 -33.19 -33.03 -32.91 -32.72 -32.44
-61.12 -61.06 -60.94 -60.81 -60.62 -60.41 -60.16 -59.88 -59.50 -59.06 -58.66 -58.28 -57.97 -57.56 -57.03 -56.44 -55.91 -55.38 -54.97 -54.66 -54.41 -54.16 -54.03 -53.94 -53.78 -53.47 -53.06 -52.56 -52.00 -51.38 -50.72 -50.12 -49.56 -49.00 -48.53 -48.09 -47.69 -47.34 -46.94 -46.50 -45.97 -45.31 -44.62 -43.97 -43.47 -43.16 -43.00 -43.00 -43.03 -43.03 -42.84 -42.38 -41.62 -40.69 -39.66 -38.66 -37.72 -36.94 -36.22 -35.62 -35.16 -34.78 -34.47 -34.22 -33.94 -33.69 -33.47 -33.28 -33.16 -32.94 -32.66
-61.00 -60.88 -60.84 -60.81 -60.66 -60.47 -60.25 -59.94 -59.56 -59.12 -58.66 -58.25 -57.91 -57.56 -57.00 -56.38 -55.84 -55.31 -54.84 -54.53 -54.25 -54.06 -53.94 -53.88 -53.75 -53.53 -53.19 -52.81 -52.31 -51.72 -51.09 -50.50 -49.97 -49.47 -49.03 -48.62 -48.25 -47.91 -47.53 -47.12 -46.59 -45.97 -45.22 -44.50 -43.88 -43.44 -43.25 -43.22 -43.31 -43.38 -43.28 -42.91 -42.22 -41.34 -40.34 -39.31 -38.38 -37.50 -36.72 -35.97 -35.38 -34.88 -34.50 -34.22 -34.00 -33.78 -33.62 -33.47 -33.34 -33.16 -32.81
-60.84 -60.72 -60.75 -60.78 -60.69 -60.53 -60.31 -60.03 -59.66 -59.19 -58.72 -58.34 -58.06 -57.72 -57.19 -56.56 -56.00 -55.50 -55.00 -54.66 -54.31 -54.03 -53.88 -53.78 -53.69 -53.53 -53.28 -52.94 -52.50 -51.94 -51.34 -50.78 -50.28 -49.88 -49.53 -49.19 -48.84 -48.50 -48.16 -47.75 -47.25 -46.62 -45.84 -45.06 -44.31 -43.81 -43.53 -43.50 -43.62 -43.72 -43.69 -43.38 -42.81 -42.00 -41.06 -40.09 -39.16 -38.22 -37.31 -36.44 -35.69 -35.06 -34.62 -34.28 -34.03 -33.81 -33.69 -33.59 -33.53 -33.34 -32.97
-60.78 -60.72 -60.75 -60.72 -60.66 -60.50 -60.34 -60.09 -59.72 -59.25 -58.81 -58.47 -58.25 -57.94 -57.44 -56.88 -56.34 -55.84 -55.41 -54.94 -54.50 -54.12 -53.91 -53.78 -53.69 -53.56 -53.38 -53.06 -52.62 -52.06 -51.50 -50.97 -50.56 -50.25 -49.97 -49.69 -49.41 -49.06 -48.75 -48.38 -47.91 -47.28 -46.47 -45.59 -44.78 -44.16 -43.81 -43.75 -43.88 -44.00 -43.97 -43.75 -43.31 -42.62 -41.78 -40.88 -39.91 -38.91 -37.94 -36.97 -36.09 -35.38 -34.78 -34.38 -34.06 -33.84 -33.72 -33.69 -33.69 -33.53 -33.19
-60.88 -60.81 -60.75 -60.69 -60.59 -60.47 -60.34 -60.09 -59.75 -59.34 -58.94 -58.59 -58.38 -58.12 -57.72 -57.22 -56.75 -56.28 -55.78 -55.25 -54.72 -54.28 -54.03 -53.88 -53.78 -53.66 -53.47 -53.16 -52.72 -52.19 -51.66 -51.16 -50.78 -50.53 -50.34 -50.12 -49.91 -49.62 -49.34 -49.00 -48.53 -47.91 -47.09 -46.16 -45.25 -44.53 -44.12 -43.97 -44.03 -44.12 -44.16 -44.03 -43.69 -43.12 -42.38 -41.50 -40.56 -39.53 -38.50 -37.50 -36.53 -35.69 -35.00 -34.50 -34.12 -33.88 -33.75 -33.78 -33.81 -33.72 -33.41
-61.03 -60.91 -60.78 -60.69 -60.56 -60.47 -60.34 -60.12 -59.78 -59.44 -59.09 -58.78 -58.50 -58.25 -57.94 -57.50 -57.06 -56.56 -56.00 -55.44 -54.91 -54.50 -54.19 -54.03 -53.91 -53.78 -53.59 -53.28 -52.88 -52.34 -51.84 -51.38 -51.00 -50.78 -50.62 -50.50 -50.34 -50.16 -49.91 -49.59 -49.12 -48.50 -47.66 -46.72 -45.75 -44.97 -44.44 -44.19 -44.12 -44.19 -44.25 -44.19 -43.94 -43.50 -42.84 -42.00 -41.06 -40.06 -39.00 -37.97 -37.00 -36.06 -35.28 -34.69 -34.25 -33.94 -33.81 -33.81 -33.84 -33.78 -33.59
