everonasctiles/Tile13,13.asc
ncols 128
nrows 128
xllcorner 0
yllcorner 0
cellsize 2.0
NODATA_value  -9999
[rows 0 to 35 of 128, columns 0 to 80 of 128]
8.56 8.59 8.59 8.56 8.59 8.59 8.62 8.62 8.59 8.62 8.69 8.72 8.72 8.72 8.84 8.88 8.97 9.03 9.12 9.22 9.31 9.41 9.50 9.59 9.69 9.75 9.84 10.00 10.09 10.16 10.06 10.12 10.16 10.19 10.22 10.25 10.25 10.25 10.41 10.62 11.03 11.56 12.28 13.06 13.88 14.50 15.03 15.44 15.81 16.09 16.38 16.75 17.19 17.38 17.50 17.66 17.84 18.03 18.22 18.41 18.59 18.72 18.94 19.34 20.06 21.34 21.72 22.22 22.66 23.06 23.34 23.56 23.69 23.78 23.81 23.84 23.84 23.84 23.91 23.94 23.91
8.56 8.56 8.56 8.56 8.56 8.59 8.59 8.59 8.62 8.66 8.66 8.69 8.75 8.78 8.84 8.91 8.97 9.03 9.12 9.22 9.31 9.41 9.50 9.62 9.72 9.81 9.91 10.00 10.03 10.03 10.19 10.22 10.25 10.25 10.22 10.22 10.25 10.28 10.38 10.56 11.03 11.50 12.09 12.94 13.84 14.44 14.81 15.19 15.59 15.94 16.28 16.53 16.84 17.28 17.53 17.75 17.94 18.12 18.31 18.47 18.66 18.78 18.91 19.03 19.25 19.97 20.78 21.19 21.94 22.56 22.91 23.12 23.28 23.41 23.47 23.53 23.53 23.62 23.72 23.72 23.47
8.53 8.53 8.56 8.56 8.56 8.56 8.59 8.59 8.62 8.59 8.62 8.66 8.69 8.78 8.81 8.88 8.97 9.03 9.09 9.22 9.28 9.38 9.50 9.62 9.69 9.78 9.88 9.97 10.06 10.12 10.19 10.22 10.25 10.25 10.25 10.25 10.25 10.28 10.34 10.53 10.94 11.47 11.97 12.72 13.75 14.66 15.09 15.28 15.56 15.97 16.25 16.41 16.56 16.78 17.19 17.66 18.00 18.19 18.38 18.56 18.72 18.84 18.97 19.09 19.16 19.25 19.50 20.12 20.97 21.81 22.31 22.69 22.88 23.00 23.12 23.22 23.28 23.44 23.47 23.34 23.25
8.53 8.53 8.56 8.56 8.56 8.56 8.59 8.59 8.59 8.59 8.62 8.66 8.72 8.69 8.78 8.84 8.84 8.91 9.00 9.09 9.22 9.31 9.41 9.53 9.69 9.75 9.88 9.97 10.03 10.09 10.19 10.22 10.25 10.25 10.25 10.25 10.25 10.25 10.38 10.59 10.88 11.41 11.91 12.62 13.47 14.34 15.03 15.41 15.69 15.97 16.41 16.75 17.00 17.09 17.31 17.44 17.72 18.06 18.41 18.62 18.78 18.91 19.03 19.12 19.22 19.31 19.34 19.50 20.19 21.03 21.38 21.75 22.03 22.38 22.56 22.81 22.97 23.12 23.09 23.09 23.16
8.56 8.53 8.53 8.56 8.53 8.56 8.56 8.56 8.56 8.59 8.66 8.66 8.72 8.78 8.84 8.91 8.97 9.00 9.12 9.22 9.31 9.38 9.53 9.59 9.69 9.84 9.91 10.00 10.09 10.16 10.19 10.22 10.25 10.25 10.25 10.25 10.25 10.28 10.41 10.62 10.88 11.19 11.69 12.41 13.12 13.91 14.66 15.16 15.62 15.91 16.28 16.75 17.09 17.22 17.47 17.69 17.75 17.88 18.16 18.50 18.81 18.97 19.09 19.19 19.25 19.34 19.34 19.34 19.56 19.75 20.22 20.75 21.16 21.56 21.88 22.25 22.56 22.72 22.91 23.00 23.09
8.56 8.50 8.50 8.50 8.53 8.56 8.53 8.56 8.56 8.56 8.56 8.69 8.72 8.78 8.78 8.88 8.97 9.06 9.09 9.19 9.28 9.44 9.53 9.59 9.75 9.84 9.94 9.97 10.09 10.16 10.16 10.19 10.22 10.25 10.25 10.25 10.25 10.28 10.44 10.66 10.88 11.12 11.47 12.06 12.78 13.47 14.12 14.66 15.22 15.66 16.00 16.50 16.88 17.12 17.38 17.62 17.72 17.91 17.97 18.22 18.50 18.81 19.09 19.22 19.31 19.34 19.34 19.34 19.34 19.66 20.00 20.50 20.94 21.34 21.75 22.06 22.38 22.62 22.81 22.94 23.03
8.50 8.50 8.50 8.50 8.50 8.50 8.50 8.53 8.53 8.56 8.62 8.66 8.72 8.72 8.81 8.88 8.97 9.06 9.12 9.25 9.34 9.44 9.53 9.66 9.72 9.81 9.91 10.03 10.06 10.12 10.19 10.19 10.25 10.25 10.25 10.25 10.25 10.31 10.47 10.66 10.88 11.09 11.38 11.69 12.25 12.97 13.53 14.00 14.56 15.16 15.53 16.00 16.44 16.84 17.16 17.38 17.53 17.75 17.81 18.03 18.25 18.47 18.69 19.06 19.34 19.34 19.34 19.34 19.41 19.78 20.19 20.56 20.94 21.28 21.69 22.00 22.31 22.56 22.75 22.84 22.94
8.47 8.47 8.53 8.50 8.50 8.53 8.50 8.47 8.53 8.59 8.62 8.66 8.66 8.72 8.78 8.88 8.97 9.06 9.16 9.25 9.31 9.44 9.56 9.66 9.78 9.88 9.97 10.03 10.09 10.16 10.22 10.25 10.25 10.25 10.25 10.25 10.25 10.31 10.47 10.66 10.84 11.06 11.31 11.59 11.88 12.34 12.84 13.38 13.84 14.41 14.91 15.41 15.84 16.34 16.75 16.97 17.19 17.41 17.59 17.81 18.03 18.22 18.38 18.66 19.09 19.34 19.34 19.41 19.50 19.81 20.16 20.53 20.88 21.25 21.59 21.94 22.25 22.50 22.69 22.78 22.78
8.53 8.44 8.47 8.50 8.44 8.44 8.47 8.47 8.53 8.56 8.56 8.59 8.69 8.75 8.81 8.88 8.97 9.06 9.16 9.22 9.34 9.44 9.53 9.69 9.78 9.88 9.97 10.06 10.12 10.19 10.22 10.25 10.25 10.25 10.25 10.25 10.25 10.31 10.47 10.62 10.81 11.03 11.28 11.50 11.78 12.12 12.47 12.91 13.41 13.88 14.31 14.69 15.06 15.50 15.97 16.41 16.72 17.00 17.31 17.56 17.75 17.94 18.16 18.38 18.66 19.09 19.38 19.44 19.59 19.81 20.09 20.47 20.84 21.19 21.56 21.88 22.19 22.47 22.50 22.19 21.53
8.50 8.44 8.44 8.50 8.41 8.53 8.47 8.38 8.50 8.50 8.50 8.62 8.66 8.69 8.75 8.88 8.91 9.00 9.16 9.25 9.34 9.47 9.59 9.69 9.81 9.91 10.00 10.06 10.12 10.19 10.22 10.25 10.25 10.25 10.25 10.25 10.25 10.31 10.44 10.59 10.78 11.00 11.22 11.47 11.72 12.03 12.34 12.72 13.16 13.62 14.06 14.44 14.81 15.19 15.56 15.94 16.28 16.59 16.91 17.19 17.47 17.69 17.94 18.16 18.31 18.59 19.03 19.41 19.59 19.84 20.09 20.41 20.75 21.06 21.28 21.16 20.97 20.91 20.62 20.41 20.34
8.44 8.38 8.44 8.50 8.41 8.41 8.41 8.34 8.47 8.53 8.56 8.59 8.66 8.72 8.78 8.84 8.94 9.03 9.12 9.25 9.38 9.47 9.59 9.72 9.81 9.88 10.00 10.09 10.16 10.19 10.19 10.25 10.25 10.25 10.25 10.25 10.25 10.28 10.41 10.56 10.75 10.94 11.16 11.38 11.62 11.94 12.25 12.62 13.03 13.44 13.84 14.19 14.59 14.94 15.34 15.72 16.09 16.41 16.72 17.00 17.25 17.50 17.72 17.88 18.12 18.25 18.34 18.56 18.81 18.97 19.16 19.16 19.16 19.09 19.06 19.00 19.03 19.19 19.28 19.41 19.44
8.47 8.31 8.41 8.44 8.38 8.41 8.34 8.34 8.44 8.50 8.53 8.56 8.62 8.69 8.75 8.84 8.94 9.03 9.09 9.22 9.38 9.50 9.59 9.72 9.84 9.94 10.03 10.09 10.16 10.22 10.25 10.25 10.25 10.25 10.25 10.25 10.25 10.28 10.38 10.53 10.69 10.88 11.09 11.31 11.56 11.84 12.16 12.47 12.88 13.28 13.66 13.97 14.38 14.72 15.09 15.50 15.88 16.22 16.53 16.81 17.06 17.28 17.50 17.66 17.81 17.94 17.97 17.94 17.91 17.91 17.88 17.88 17.91 17.97 18.00 18.03 18.12 18.25 18.28 18.44 18.44
8.44 8.31 8.41 8.41 8.31 8.38 8.31 8.31 8.44 8.44 8.50 8.53 8.59 8.66 8.72 8.81 8.91 9.00 9.12 9.25 9.38 9.50 9.62 9.75 9.84 9.97 10.06 10.12 10.19 10.22 10.25 10.25 10.25 10.25 10.25 10.25 10.25 10.25 10.34 10.44 10.62 10.81 11.00 11.25 11.47 11.72 12.03 12.41 12.78 13.16 13.50 13.88 14.22 14.56 14.94 15.28 15.69 16.06 16.38 16.66 16.88 17.09 17.28 17.41 17.53 17.59 17.56 17.47 17.38 17.31 17.25 17.22 17.19 17.16 17.19 17.16 17.19 17.25 17.28 17.47 17.38
8.38 8.28 8.34 8.38 8.25 8.34 8.28 8.28 8.41 8.41 8.47 8.50 8.56 8.62 8.69 8.78 8.88 9.00 9.09 9.22 9.31 9.50 9.62 9.75 9.88 9.97 10.06 10.16 10.22 10.25 10.25 10.25 10.25 10.25 10.25 10.25 10.25 10.25 10.31 10.44 10.56 10.75 10.94 11.16 11.38 11.66 11.94 12.31 12.66 13.00 13.34 13.72 14.06 14.41 14.75 15.12 15.53 15.91 16.19 16.47 16.69 16.91 17.03 17.16 17.22 17.19 17.09 16.94 16.81 16.69 16.56 16.47 16.41 16.34 16.31 16.25 16.22 16.22 16.28 16.34 16.12
8.34 8.28 8.28 8.22 8.22 8.38 8.25 8.28 8.31 8.34 8.38 8.47 8.50 8.56 8.66 8.75 8.84 8.97 9.09 9.22 9.34 9.50 9.62 9.75 9.88 10.00 10.09 10.16 10.22 10.25 10.25 10.25 10.25 10.25 10.25 10.25 10.25 10.22 10.28 10.38 10.50 10.66 10.84 11.03 11.25 11.53 11.88 12.19 12.53 12.84 13.22 13.56 13.91 14.25 14.62 14.97 15.31 15.69 16.03 16.28 16.50 16.66 16.75 16.78 16.75 16.69 16.56 16.38 16.16 16.00 15.84 15.69 15.62 15.53 15.41 15.34 15.25 15.19 15.19 15.16 15.16
8.28 8.22 8.25 8.22 8.22 8.25 8.25 8.28 8.28 8.34 8.38 8.38 8.47 8.53 8.59 8.66 8.81 8.94 9.06 9.19 9.34 9.47 9.62 9.75 9.91 10.00 10.12 10.19 10.25 10.25 10.25 10.25 10.25 10.25 10.25 10.25 10.25 10.22 10.22 10.34 10.44 10.59 10.75 10.94 11.16 11.44 11.72 12.06 12.38 12.72 13.06 13.41 13.75 14.09 14.44 14.78 15.06 15.44 15.78 16.06 16.22 16.34 16.41 16.38 16.28 16.12 15.94 15.75 15.47 15.25 15.09 14.91 14.81 14.72 14.56 14.47 14.38 14.22 14.19 14.16 14.25
8.16 8.19 8.19 8.16 8.19 8.19 8.22 8.19 8.22 8.28 8.31 8.34 8.41 8.47 8.53 8.66 8.75 8.88 9.03 9.16 9.31 9.47 9.62 9.75 9.91 10.03 10.12 10.19 10.25 10.25 10.25 10.25 10.25 10.25 10.25 10.25 10.22 10.22 10.19 10.28 10.38 10.50 10.62 10.81 11.03 11.31 11.62 11.94 12.25 12.56 12.91 13.25 13.56 13.91 14.25 14.53 14.84 15.16 15.47 15.81 15.94 15.97 15.97 15.84 15.69 15.44 15.19 14.94 14.69 14.50 14.31 14.19 14.03 13.91 13.81 13.66 13.56 13.50 13.53 13.56 13.66
8.12 8.12 8.12 8.12 8.12 8.16 8.16 8.16 8.19 8.19 8.25 8.28 8.34 8.41 8.47 8.59 8.69 8.84 8.97 9.12 9.28 9.44 9.59 9.75 9.91 10.03 10.12 10.22 10.25 10.25 10.25 10.25 10.25 10.25 10.25 10.25 10.25 10.19 10.19 10.25 10.31 10.41 10.50 10.69 10.94 11.22 11.50 11.78 12.09 12.41 12.75 13.06 13.41 13.78 14.03 14.28 14.53 14.75 15.03 15.34 15.50 15.47 15.34 15.16 14.88 14.66 14.38 14.12 13.88 13.69 13.50 13.34 13.25 13.12 13.06 12.94 12.94 12.97 12.97 13.06 13.12
8.12 8.09 8.09 8.09 8.12 8.12 8.12 8.16 8.12 8.19 8.16 8.22 8.28 8.31 8.41 8.53 8.66 8.81 8.97 9.12 9.28 9.41 9.62 9.75 9.88 10.00 10.12 10.19 10.25 10.25 10.25 10.25 10.25 10.25 10.25 10.25 10.25 10.22 10.19 10.19 10.25 10.34 10.44 10.59 10.81 11.09 11.34 11.62 11.94 12.25 12.56 12.88 13.28 13.56 13.75 13.97 14.19 14.38 14.59 14.81 14.94 14.81 14.66 14.44 14.16 13.88 13.62 13.38 13.16 12.97 12.81 12.69 12.56 12.50 12.44 12.41 12.50 12.50 12.44 12.59 12.69
8.16 8.12 8.09 8.09 8.09 8.09 8.12 8.12 8.12 8.12 8.12 8.16 8.16 8.25 8.34 8.47 8.62 8.75 8.94 9.06 9.25 9.41 9.56 9.75 9.88 10.00 10.06 10.16 10.22 10.25 10.25 10.25 10.25 10.25 10.25 10.25 10.25 10.22 10.16 10.16 10.19 10.28 10.34 10.50 10.72 10.97 11.22 11.47 11.75 12.06 12.34 12.69 13.06 13.28 13.47 13.66 13.84 14.03 14.16 14.28 14.34 14.19 14.00 13.72 13.44 13.12 12.91 12.69 12.50 12.31 12.19 12.09 12.00 11.94 11.91 11.94 11.97 11.97 12.03 12.12 12.28
8.19 8.12 8.09 8.09 8.12 8.12 8.12 8.12 8.12 8.16 8.16 8.16 8.19 8.19 8.22 8.41 8.56 8.72 8.88 9.03 9.22 9.38 9.56 9.72 9.84 9.97 10.06 10.12 10.19 10.19 10.22 10.25 10.25 10.25 10.25 10.25 10.22 10.22 10.16 10.06 10.16 10.22 10.31 10.44 10.62 10.84 11.06 11.31 11.59 11.84 12.12 12.47 12.75 13.00 13.19 13.38 13.53 13.66 13.75 13.78 13.78 13.59 13.31 13.03 12.72 12.47 12.19 12.03 11.84 11.72 11.62 11.53 11.50 11.53 11.41 11.44 11.53 11.56 11.66 11.78 11.94
8.22 8.16 8.12 8.12 8.12 8.12 8.12 8.16 8.16 8.16 8.16 8.19 8.19 8.19 8.19 8.38 8.53 8.72 8.88 9.03 9.19 9.34 9.53 9.69 9.81 9.94 10.03 10.09 10.12 10.16 10.19 10.22 10.25 10.25 10.25 10.25 10.22 10.22 10.19 10.06 10.09 10.19 10.28 10.38 10.53 10.72 10.94 11.16 11.38 11.62 11.91 12.22 12.47 12.72 12.91 13.06 13.19 13.28 13.31 13.31 13.22 12.94 12.66 12.34 12.06 11.78 11.56 11.41 11.28 11.19 11.06 11.03 11.00 11.00 11.00 11.06 11.12 11.22 11.38 11.47 11.66
8.28 8.19 8.12 8.12 8.16 8.16 8.16 8.16 8.16 8.19 8.19 8.19 8.22 8.22 8.25 8.38 8.53 8.69 8.88 9.03 9.16 9.34 9.50 9.66 9.81 9.91 10.00 10.06 10.12 10.16 10.19 10.22 10.19 10.22 10.22 10.22 10.22 10.22 10.16 10.06 10.03 10.16 10.22 10.31 10.44 10.59 10.78 11.00 11.19 11.44 11.69 11.94 12.25 12.47 12.66 12.78 12.88 12.94 12.94 12.84 12.66 12.38 12.00 11.69 11.41 11.16 10.97 10.84 10.69 10.66 10.56 10.56 10.56 10.59 10.66 10.94 10.81 10.97 11.06 11.25 11.41
8.34 8.25 8.16 8.12 8.16 8.16 8.16 8.19 8.19 8.22 8.22 8.25 8.25 8.25 8.28 8.41 8.53 8.72 8.88 9.03 9.19 9.34 9.50 9.66 9.81 9.94 10.00 10.06 10.12 10.19 10.19 10.22 10.19 10.19 10.22 10.22 10.19 10.19 10.09 10.00 9.97 10.09 10.16 10.22 10.34 10.47 10.62 10.81 11.00 11.25 11.50 11.78 12.00 12.22 12.38 12.53 12.59 12.59 12.53 12.41 12.09 11.75 11.41 11.09 10.81 10.56 10.47 10.31 10.25 10.16 10.16 10.16 10.34 10.28 10.34 10.47 10.78 10.69 10.88 11.03 11.22
8.41 8.31 8.22 8.19 8.16 8.19 8.19 8.19 8.22 8.25 8.25 8.28 8.28 8.31 8.34 8.41 8.56 8.69 8.88 9.03 9.19 9.34 9.50 9.66 9.81 9.91 10.00 10.09 10.16 10.19 10.22 10.22 10.22 10.22 10.22 10.19 10.19 10.16 10.03 9.94 9.88 10.03 10.03 10.12 10.22 10.34 10.50 10.66 10.84 11.06 11.31 11.56 11.81 12.00 12.16 12.28 12.31 12.31 12.19 11.91 11.53 11.16 10.81 10.47 10.25 10.06 9.94 9.81 9.78 9.75 9.78 9.84 9.94 10.03 10.09 10.28 10.38 10.50 10.72 10.91 11.06
8.47 8.38 8.28 8.19 8.19 8.19 8.22 8.22 8.25 8.28 8.28 8.34 8.34 8.38 8.41 8.44 8.59 8.75 8.88 9.03 9.22 9.38 9.53 9.69 9.81 9.94 10.03 10.09 10.16 10.19 10.22 10.22 10.22 10.22 10.19 10.16 10.12 10.06 9.97 9.91 9.78 9.88 9.97 10.03 10.09 10.22 10.34 10.50 10.69 10.91 11.12 11.38 11.62 11.81 11.94 12.03 12.06 12.00 11.72 11.31 10.94 10.56 10.19 9.91 9.72 9.62 9.47 9.44 9.41 9.47 9.53 9.59 9.72 9.81 9.94 10.06 10.22 10.41 10.59 10.75 10.94
8.56 8.47 8.38 8.28 8.22 8.25 8.25 8.28 8.31 8.34 8.34 8.41 8.44 8.47 8.50 8.53 8.59 8.75 8.91 9.06 9.22 9.41 9.56 9.69 9.81 9.94 10.03 10.09 10.16 10.22 10.25 10.25 10.22 10.22 10.19 10.16 10.09 10.00 9.88 9.75 9.69 9.78 9.84 9.88 9.97 10.06 10.19 10.34 10.53 10.72 10.97 11.22 11.44 11.62 11.75 11.81 11.78 11.56 11.22 10.78 10.31 9.97 9.66 9.41 9.22 9.16 9.09 9.09 9.16 9.28 9.34 9.44 9.59 9.66 9.88 9.97 10.16 10.34 10.53 10.69 10.88
8.66 8.53 8.44 8.38 8.31 8.31 8.31 8.34 8.38 8.41 8.44 8.53 8.56 8.59 8.62 8.66 8.72 8.81 8.97 9.12 9.28 9.44 9.59 9.72 9.84 9.94 10.03 10.09 10.16 10.22 10.22 10.25 10.25 10.22 10.19 10.12 10.06 9.94 9.81 9.69 9.53 9.66 9.69 9.75 9.81 9.91 10.03 10.16 10.38 10.56 10.81 11.06 11.28 11.47 11.56 11.50 11.34 11.03 10.62 10.19 9.75 9.41 9.12 8.97 8.84 8.84 8.81 8.91 9.00 9.09 9.22 9.34 9.47 9.62 9.75 9.91 10.12 10.28 10.47 10.62 10.84
8.72 8.62 8.56 8.47 8.44 8.41 8.44 8.47 8.50 8.56 8.59 8.66 8.69 8.72 8.75 8.78 8.84 8.94 9.06 9.19 9.34 9.47 9.59 9.72 9.84 9.94 10.00 10.09 10.12 10.19 10.22 10.22 10.22 10.19 10.12 10.06 9.97 9.88 9.72 9.59 9.44 9.50 9.50 9.59 9.66 9.72 9.84 9.97 10.22 10.41 10.69 10.94 11.16 11.22 11.19 11.06 10.81 10.47 10.00 9.50 9.16 8.88 8.75 8.66 8.59 8.62 8.69 8.81 8.91 9.03 9.12 9.31 9.44 9.59 9.69 9.91 10.09 10.25 10.44 10.66 10.88
8.78 8.72 8.66 8.59 8.59 8.56 8.59 8.62 8.66 8.69 8.75 8.78 8.81 8.84 8.88 8.94 9.00 9.06 9.16 9.28 9.41 9.53 9.66 9.75 9.84 9.94 10.00 10.06 10.12 10.16 10.16 10.16 10.16 10.12 10.06 10.00 9.91 9.78 9.62 9.50 9.31 9.34 9.34 9.41 9.44 9.53 9.62 9.81 10.00 10.31 10.56 10.75 10.84 10.84 10.75 10.53 10.22 9.81 9.31 8.88 8.62 8.50 8.50 8.47 8.50 8.56 8.62 8.75 8.84 9.00 9.12 9.28 9.44 9.59 9.75 9.91 10.12 10.28 10.47 10.69 10.88
8.88 8.81 8.78 8.75 8.72 8.72 8.72 8.75 8.78 8.84 8.88 8.91 8.94 8.97 9.03 9.06 9.12 9.19 9.28 9.38 9.50 9.59 9.69 9.78 9.88 9.94 10.00 10.06 10.09 10.12 10.12 10.09 10.09 10.03 9.97 9.88 9.78 9.66 9.53 9.41 9.22 9.19 9.19 9.19 9.22 9.28 9.38 9.56 9.88 10.16 10.34 10.50 10.50 10.44 10.25 9.97 9.56 9.12 8.66 8.34 8.34 8.38 8.38 8.47 8.44 8.53 8.66 8.75 8.88 9.00 9.16 9.31 9.44 9.62 9.75 10.00 10.12 10.34 10.53 10.72 10.94
8.91 8.91 8.88 8.84 8.84 8.84 8.88 8.91 8.94 8.97 9.00 9.03 9.06 9.12 9.16 9.19 9.25 9.31 9.41 9.47 9.56 9.66 9.75 9.81 9.91 9.97 10.00 10.06 10.06 10.09 10.06 10.06 10.03 9.97 9.88 9.78 9.69 9.56 9.44 9.28 9.12 9.06 9.03 9.03 9.03 9.00 9.19 9.44 9.72 9.97 10.12 10.19 10.12 9.97 9.69 9.34 8.91 8.50 8.19 8.25 8.28 8.31 8.38 8.47 8.56 8.66 8.75 8.84 8.94 9.06 9.19 9.38 9.53 9.69 9.88 10.03 10.25 10.44 10.62 10.81 11.00
8.97 8.97 8.94 8.94 8.94 8.97 9.00 9.00 9.06 9.09 9.12 9.16 9.19 9.25 9.28 9.31 9.38 9.44 9.50 9.59 9.66 9.75 9.81 9.88 9.94 10.00 10.03 10.06 10.06 10.06 10.06 10.03 9.97 9.91 9.84 9.72 9.62 9.50 9.38 9.22 9.09 8.94 8.91 8.91 8.88 8.94 9.06 9.38 9.59 9.75 9.84 9.81 9.69 9.44 9.12 8.75 8.38 8.19 8.25 8.28 8.34 8.41 8.47 8.56 8.66 8.75 8.88 8.97 9.06 9.19 9.31 9.44 9.62 9.78 9.94 10.12 10.34 10.50 10.72 10.91 11.09
9.00 9.00 9.03 9.03 9.03 9.06 9.09 9.12 9.16 9.19 9.22 9.28 9.31 9.34 9.41 9.44 9.50 9.56 9.62 9.69 9.75 9.81 9.88 9.94 9.97 10.03 10.06 10.06 10.09 10.06 10.06 10.00 9.97 9.88 9.81 9.69 9.59 9.47 9.31 9.19 9.06 8.88 8.84 8.81 8.81 8.84 9.03 9.25 9.44 9.53 9.53 9.44 9.22 8.94 8.62 8.34 8.19 8.25 8.31 8.34 8.41 8.50 8.56 8.66 8.78 8.88 9.00 9.09 9.19 9.31 9.44 9.56 9.75 9.91 10.09 10.25 10.44 10.62 10.81 11.00 11.19
9.00 9.03 9.06 9.09 9.12 9.16 9.19 9.22 9.25 9.28 9.34 9.38 9.41 9.47 9.50 9.56 9.59 9.66 9.72 9.78 9.84 9.91 9.94 10.00 10.03 10.06 10.09 10.09 10.09 10.09 10.06 10.03 9.97 9.91 9.81 9.72 9.59 9.47 9.34 9.19 9.06 8.94 8.81 8.78 8.75 8.84 8.97 9.19 9.28 9.31 9.19 9.00 8.75 8.50 8.28 8.19 8.25 8.31 8.38 8.44 8.50 8.59 8.69 8.78 8.91 9.03 9.12 9.25 9.34 9.44 9.56 9.66 9.81 10.03 10.22 10.38 10.56 10.78 10.97 11.12 11.31
9.03 9.06 9.09 9.16 9.19 9.22 9.25 9.28 9.34 9.38 9.41 9.47 9.50 9.56 9.59 9.66 9.72 9.75 9.81 9.88 9.94 9.97 10.03 10.06 10.09 10.12 10.16 10.16 10.16 10.12 10.09 10.06 10.00 9.94 9.84 9.75 9.62 9.50 9.38 9.25 9.12 9.00 8.88 8.78 8.75 8.81 9.00 9.12 9.09 9.00 8.81 8.59 8.38 8.25 8.22 8.25 8.31 8.41 8.47 8.53 8.59 8.72 8.81 8.94 9.03 9.16 9.28 9.38 9.50 9.59 9.72 9.84 10.06 10.16 10.38 10.56 10.75 10.91 11.09 11.25 11.44
