everonasctiles/Tile[7,23].asc
ncols 128
nrows 128
xllcorner 0
yllcorner 0
cellsize 2.0
NODATA_value  -9999
[rows 0 to 33 of 128, columns 0 to 76 of 128]
0.78 1.44 2.09 2.75 3.38 3.88 4.28 4.72 5.16 5.56 5.84 6.06 6.22 6.34 6.44 6.59 6.94 7.34 7.78 8.22 8.62 9.00 9.41 9.78 10.16 10.50 10.88 11.22 11.59 11.94 12.28 12.62 13.00 13.34 13.72 14.03 14.34 14.72 15.09 15.50 16.00 16.56 17.19 17.97 18.56 19.19 20.25 20.25 20.69 20.97 21.59 22.25 22.62 22.88 22.91 22.62 22.06 21.88 22.06 22.38 22.62 23.00 23.28 23.53 23.84 24.00 24.09 24.31 24.47 24.78 25.00 25.38 25.84 26.19 26.69 27.19 27.56
1.66 2.25 2.88 3.50 4.03 4.47 4.94 5.34 5.69 5.97 6.22 6.38 6.47 6.56 6.66 6.97 7.34 7.75 8.16 8.56 8.94 9.31 9.69 10.06 10.44 10.81 11.16 11.53 11.88 12.25 12.62 12.97 13.34 13.72 14.12 14.47 14.78 15.16 15.56 15.97 16.50 17.00 17.69 18.47 19.19 19.88 20.59 21.44 21.97 22.53 23.03 23.72 24.12 24.34 24.41 23.81 23.25 22.75 22.69 22.94 23.25 23.47 23.84 24.19 24.41 24.50 24.72 24.91 25.12 25.34 25.62 25.84 26.34 26.78 27.12 27.62 28.09
2.59 3.16 3.69 4.25 4.72 5.09 5.44 5.75 6.03 6.25 6.44 6.56 6.66 6.75 6.97 7.31 7.69 8.06 8.47 8.84 9.22 9.59 9.97 10.34 10.69 11.06 11.44 11.81 12.19 12.56 12.94 13.31 13.69 14.09 14.53 14.91 15.25 15.62 16.00 16.41 16.91 17.50 18.12 18.94 19.91 20.62 21.81 22.78 23.59 24.31 25.06 25.56 25.50 25.47 25.28 24.69 24.00 24.06 23.75 23.75 23.78 24.06 24.34 24.78 25.06 25.16 25.25 25.34 25.66 25.88 26.22 26.53 26.72 27.28 27.72 28.12 28.66
3.62 4.09 4.50 4.84 5.12 5.41 5.69 5.94 6.19 6.41 6.62 6.75 6.88 7.03 7.38 7.75 8.09 8.44 8.78 9.12 9.50 9.84 10.22 10.59 10.94 11.31 11.69 12.09 12.47 12.88 13.28 13.66 14.06 14.50 14.97 15.38 15.69 16.03 16.31 16.72 17.22 17.97 18.72 19.62 21.12 21.66 23.19 24.44 25.53 26.16 26.91 27.44 27.41 26.78 26.22 25.62 25.81 25.38 25.06 24.94 24.66 24.94 25.19 25.25 25.50 25.97 25.91 26.09 26.28 26.47 26.75 27.19 27.50 27.66 28.16 28.69 29.09
4.41 4.69 4.94 5.16 5.38 5.62 5.88 6.09 6.34 6.56 6.78 7.00 7.22 7.47 7.78 8.12 8.44 8.78 9.12 9.44 9.75 10.09 10.47 10.84 11.19 11.56 11.97 12.34 12.75 13.19 13.59 14.03 14.47 14.91 15.41 15.78 16.09 16.38 16.78 17.22 17.72 18.34 19.25 20.34 21.62 23.03 24.22 25.66 27.03 27.62 28.06 28.28 28.31 27.94 27.22 26.94 26.75 26.62 26.47 26.16 25.94 25.69 26.12 26.47 26.22 26.44 26.66 26.75 26.91 27.03 27.47 27.75 28.19 28.41 28.78 29.31 29.84
4.88 5.06 5.25 5.44 5.66 5.88 6.09 6.31 6.53 6.75 6.97 7.22 7.47 7.78 8.09 8.44 8.75 9.06 9.38 9.69 10.03 10.38 10.72 11.06 11.44 11.81 12.19 12.59 13.03 13.47 13.91 14.41 14.88 15.38 15.91 16.28 16.59 16.94 17.34 17.75 18.12 18.81 19.69 20.62 21.69 23.38 24.94 26.16 27.72 28.34 28.66 28.72 28.66 28.44 28.12 27.88 27.72 27.62 27.47 27.31 27.16 27.03 27.12 27.25 27.31 27.25 27.47 27.50 27.53 27.88 28.19 28.53 28.81 29.16 29.50 30.00 30.47
5.19 5.34 5.50 5.69 5.88 6.09 6.28 6.50 6.72 6.94 7.16 7.41 7.66 7.94 8.28 8.62 9.00 9.28 9.59 9.94 10.25 10.59 10.94 11.31 11.69 12.03 12.44 12.84 13.28 13.75 14.25 14.75 15.31 15.91 16.53 16.91 17.03 17.47 17.81 18.31 18.75 19.06 20.00 20.84 21.94 23.38 24.81 26.19 27.91 28.66 28.91 28.97 28.94 28.88 28.78 28.66 28.53 28.41 28.28 28.12 28.00 27.91 27.94 28.00 28.09 28.19 28.28 28.34 28.34 28.66 28.91 29.28 29.56 29.81 30.22 30.66 31.09
5.47 5.59 5.72 5.88 6.06 6.25 6.44 6.66 6.88 7.09 7.31 7.56 7.81 8.09 8.44 8.78 9.19 9.50 9.81 10.12 10.47 10.78 11.12 11.53 11.91 12.28 12.66 13.09 13.56 14.06 14.56 15.16 15.78 16.50 17.31 17.69 17.78 17.84 18.38 18.72 19.31 19.72 20.56 21.28 22.03 23.22 24.50 25.94 27.78 28.78 29.06 29.16 29.22 29.28 29.31 29.28 29.16 29.03 28.91 28.78 28.69 28.66 28.66 28.75 28.84 28.94 29.03 29.16 29.25 29.47 29.78 30.03 30.38 30.59 30.94 31.34 31.75
5.69 5.78 5.91 6.03 6.19 6.38 6.59 6.81 7.03 7.25 7.47 7.72 8.00 8.25 8.56 8.91 9.28 9.69 10.00 10.31 10.62 10.97 11.34 11.72 12.09 12.50 12.91 13.34 13.84 14.38 14.91 15.56 16.34 17.28 17.97 18.38 18.56 18.72 18.88 19.34 19.78 20.34 21.12 21.81 22.78 23.56 24.38 25.69 27.28 28.75 29.16 29.34 29.56 29.72 29.78 29.75 29.66 29.50 29.38 29.31 29.25 29.25 29.31 29.38 29.50 29.66 29.78 29.94 30.12 30.31 30.59 30.88 31.22 31.44 31.72 32.00 32.41
5.81 5.91 6.03 6.19 6.34 6.50 6.72 6.94 7.16 7.38 7.62 7.88 8.12 8.41 8.72 9.06 9.44 9.88 10.19 10.50 10.81 11.16 11.50 11.91 12.31 12.72 13.16 13.59 14.12 14.69 15.25 15.97 16.91 17.94 18.72 18.97 19.25 19.38 19.47 19.94 20.31 20.88 21.69 22.44 23.22 23.91 24.72 25.50 26.69 27.81 28.81 29.44 29.84 30.06 30.12 30.06 29.94 29.84 29.78 29.78 29.78 29.81 29.91 30.00 30.16 30.31 30.50 30.69 30.91 31.16 31.44 31.75 32.03 32.28 32.53 32.78 33.16
5.94 6.03 6.16 6.28 6.47 6.62 6.84 7.06 7.28 7.50 7.75 8.00 8.28 8.56 8.88 9.22 9.59 10.03 10.34 10.69 11.00 11.34 11.69 12.06 12.53 12.94 13.41 13.84 14.44 15.03 15.62 16.44 17.47 18.47 19.12 19.44 19.84 20.06 20.19 20.19 20.97 21.56 21.94 22.75 23.41 24.00 24.81 25.81 26.72 27.66 28.66 29.34 29.91 30.19 30.22 30.19 30.16 30.12 30.12 30.16 30.22 30.31 30.44 30.56 30.75 30.94 31.19 31.41 31.66 31.94 32.22 32.53 32.81 33.06 33.31 33.59 33.91
6.03 6.16 6.28 6.41 6.56 6.75 6.94 7.16 7.41 7.66 7.88 8.12 8.41 8.72 9.03 9.41 9.78 10.25 10.53 10.88 11.22 11.53 11.91 12.25 12.75 13.19 13.69 14.16 14.75 15.38 16.00 16.91 17.94 18.97 19.47 19.88 20.28 20.56 20.78 21.03 21.12 22.00 22.56 22.88 23.50 24.16 24.69 25.97 26.78 27.47 28.47 29.31 29.84 30.12 30.22 30.25 30.28 30.34 30.41 30.50 30.62 30.75 30.91 31.09 31.31 31.56 31.81 32.06 32.38 32.66 32.97 33.28 33.56 33.84 34.09 34.38 34.66
6.16 6.28 6.38 6.50 6.66 6.84 7.03 7.25 7.53 7.78 8.00 8.28 8.56 8.88 9.22 9.62 10.00 10.44 10.75 11.06 11.44 11.75 12.12 12.47 13.00 13.47 13.97 14.47 15.06 15.72 16.38 17.38 18.34 19.12 19.69 20.22 20.69 21.09 21.44 21.69 21.94 22.19 23.16 23.81 23.91 24.31 24.84 25.66 26.72 27.59 28.28 29.09 29.62 29.94 30.09 30.25 30.38 30.53 30.66 30.81 30.97 31.16 31.38 31.59 31.84 32.12 32.41 32.72 33.03 33.34 33.69 34.00 34.31 34.59 34.88 35.16 35.41
6.31 6.41 6.50 6.62 6.75 6.94 7.12 7.34 7.62 7.91 8.16 8.41 8.69 9.03 9.44 9.81 10.22 10.66 10.97 11.28 11.66 12.00 12.34 12.72 13.28 13.75 14.28 14.81 15.44 16.06 16.72 17.66 18.53 19.03 19.81 20.44 21.00 21.53 21.94 22.31 22.62 23.09 23.75 24.28 24.62 24.94 25.19 25.84 26.69 27.50 28.22 28.91 29.41 29.69 30.00 30.25 30.47 30.69 30.88 31.09 31.31 31.53 31.78 32.06 32.34 32.66 32.97 33.31 33.66 34.00 34.34 34.69 35.03 35.34 35.62 35.91 36.16
6.44 6.53 6.62 6.75 6.88 7.06 7.25 7.47 7.72 8.03 8.31 8.56 8.88 9.25 9.66 10.06 10.47 10.91 11.22 11.53 11.91 12.25 12.62 13.00 13.56 14.06 14.59 15.16 15.75 16.34 16.94 17.72 18.47 19.12 19.78 20.41 21.16 21.81 22.31 22.62 23.22 23.50 24.19 24.62 25.09 25.47 25.78 26.00 26.69 27.28 28.09 28.75 29.16 29.56 29.94 30.25 30.53 30.81 31.09 31.34 31.62 31.91 32.19 32.50 32.81 33.16 33.50 33.84 34.22 34.59 35.00 35.34 35.69 36.03 36.31 36.59 36.81
6.59 6.66 6.75 6.88 7.00 7.19 7.34 7.56 7.84 8.16 8.47 8.72 9.06 9.47 9.91 10.31 10.75 11.12 11.47 11.78 12.16 12.53 12.91 13.34 13.91 14.41 14.94 15.50 16.06 16.59 17.25 17.81 18.44 19.19 19.81 20.44 21.16 21.84 22.44 23.06 23.69 24.09 24.50 25.09 25.47 25.94 26.41 26.69 26.81 27.38 27.97 28.50 29.00 29.44 29.88 30.25 30.62 30.97 31.28 31.59 31.94 32.25 32.56 32.91 33.25 33.62 34.00 34.38 34.78 35.16 35.59 35.97 36.34 36.66 36.94 37.19 37.44
6.72 6.81 6.91 7.00 7.12 7.31 7.47 7.69 7.97 8.31 8.62 8.91 9.25 9.69 10.19 10.59 11.03 11.41 11.72 12.09 12.47 12.84 13.25 13.69 14.25 14.78 15.28 15.84 16.31 16.88 17.50 18.06 18.56 19.22 19.84 20.47 21.12 21.62 22.38 23.28 23.59 24.19 24.94 25.34 25.75 26.31 26.66 26.91 27.09 27.41 27.88 28.41 28.84 29.38 29.84 30.31 30.72 31.12 31.50 31.88 32.22 32.56 32.94 33.31 33.69 34.06 34.47 34.88 35.28 35.69 36.12 36.56 36.91 37.25 37.53 37.78 38.00
6.91 6.97 7.03 7.16 7.25 7.44 7.62 7.84 8.12 8.47 8.81 9.09 9.50 9.97 10.44 10.91 11.31 11.66 12.03 12.41 12.78 13.19 13.59 14.06 14.62 15.16 15.75 16.31 16.81 17.28 17.69 18.28 18.81 19.38 19.88 20.50 21.03 21.69 22.38 23.22 23.66 24.06 24.78 25.38 25.66 26.47 27.06 27.31 27.41 27.66 27.94 28.41 28.88 29.41 29.94 30.41 30.88 31.31 31.72 32.12 32.50 32.91 33.28 33.69 34.09 34.50 34.91 35.34 35.78 36.19 36.66 37.06 37.44 37.75 38.03 38.31 38.56
7.06 7.12 7.19 7.31 7.41 7.56 7.75 8.00 8.28 8.62 9.00 9.31 9.75 10.25 10.75 11.19 11.56 11.94 12.31 12.72 13.12 13.56 13.97 14.50 15.00 15.50 16.06 16.69 17.25 17.72 18.22 18.56 19.00 19.53 20.12 20.72 21.28 21.75 22.34 23.00 23.41 24.06 24.53 25.12 25.78 26.59 27.19 27.53 27.69 28.00 28.22 28.62 29.00 29.56 30.09 30.59 31.06 31.53 31.97 32.38 32.81 33.22 33.62 34.06 34.47 34.91 35.34 35.78 36.22 36.66 37.12 37.56 37.94 38.25 38.53 38.81 39.06
7.25 7.28 7.34 7.44 7.56 7.72 7.91 8.16 8.44 8.81 9.19 9.53 10.03 10.56 11.00 11.44 11.84 12.25 12.66 13.06 13.50 13.94 14.38 14.91 15.41 16.00 16.53 17.06 17.66 18.16 18.69 19.09 19.41 19.84 20.38 20.94 21.53 22.06 22.50 23.03 23.66 24.16 24.62 25.19 25.94 26.66 27.22 27.66 28.00 28.28 28.59 28.97 29.34 29.81 30.31 30.81 31.31 31.78 32.22 32.69 33.12 33.53 33.97 34.41 34.84 35.28 35.72 36.19 36.66 37.09 37.56 38.00 38.38 38.72 39.00 39.28 39.53
7.41 7.44 7.50 7.59 7.72 7.88 8.06 8.31 8.62 9.00 9.38 9.81 10.34 10.81 11.25 11.69 12.09 12.53 12.97 13.41 13.84 14.28 14.81 15.31 15.84 16.25 16.88 17.47 17.94 18.59 19.09 19.59 19.97 20.38 20.84 21.34 21.88 22.34 22.81 23.41 23.91 24.38 24.94 25.44 26.12 26.78 27.28 27.75 28.19 28.56 28.94 29.31 29.72 30.16 30.62 31.09 31.56 32.06 32.50 32.97 33.41 33.88 34.31 34.75 35.19 35.66 36.12 36.56 37.03 37.50 37.97 38.41 38.78 39.12 39.44 39.72 39.97
7.56 7.59 7.66 7.75 7.88 8.03 8.22 8.50 8.81 9.19 9.59 10.12 10.56 11.03 11.47 11.91 12.38 12.81 13.28 13.75 14.22 14.75 15.28 15.75 16.25 16.78 17.19 17.88 18.53 18.81 19.53 20.03 20.44 20.78 21.25 21.78 22.12 22.75 23.16 23.72 24.44 24.97 25.47 25.94 26.47 26.94 27.41 27.88 28.31 28.84 29.25 29.66 30.09 30.50 30.94 31.41 31.88 32.34 32.81 33.28 33.75 34.19 34.66 35.09 35.56 36.00 36.47 36.94 37.41 37.88 38.34 38.78 39.19 39.53 39.81 40.12 40.38
7.75 7.75 7.78 7.88 8.00 8.16 8.38 8.66 9.00 9.41 9.84 10.31 10.75 11.22 11.69 12.12 12.62 13.09 13.59 14.12 14.75 15.25 15.69 16.09 16.62 17.25 17.78 18.25 18.88 19.25 20.00 20.50 20.84 21.12 21.69 22.22 22.75 23.28 23.84 24.38 25.03 25.59 26.00 26.41 26.84 27.25 27.66 28.19 28.72 29.19 29.59 30.03 30.44 30.88 31.31 31.75 32.22 32.69 33.16 33.59 34.06 34.53 34.97 35.44 35.91 36.34 36.81 37.28 37.78 38.25 38.72 39.16 39.53 39.88 40.19 40.50 40.78
7.88 7.88 7.91 7.97 8.09 8.25 8.47 8.78 9.22 9.66 10.09 10.53 10.97 11.44 11.91 12.41 12.91 13.50 14.12 14.75 15.22 15.66 16.06 16.50 17.16 17.66 18.25 18.84 19.38 19.97 20.44 21.03 21.34 21.75 22.03 22.66 23.22 23.81 24.44 25.00 25.56 26.28 26.78 27.06 27.31 27.75 28.09 28.53 29.12 29.56 30.00 30.41 30.84 31.25 31.69 32.12 32.59 33.03 33.50 33.94 34.41 34.84 35.31 35.75 36.22 36.69 37.16 37.62 38.09 38.56 39.03 39.47 39.88 40.22 40.56 40.88 41.16
7.97 7.91 7.94 7.97 8.16 8.41 8.72 9.09 9.53 9.97 10.44 10.91 11.38 11.84 12.34 12.88 13.44 14.06 14.62 15.16 15.62 16.03 16.47 16.91 17.56 18.06 18.72 19.31 19.91 20.50 21.09 21.56 22.06 22.34 22.62 23.22 23.66 24.28 25.06 25.72 26.38 27.00 27.53 27.62 27.94 28.31 28.62 29.00 29.41 29.97 30.41 30.81 31.25 31.69 32.09 32.53 32.97 33.41 33.84 34.28 34.75 35.19 35.66 36.09 36.56 37.03 37.47 37.94 38.41 38.88 39.34 39.78 40.19 40.56 40.88 41.22 41.50
8.03 7.94 7.81 7.94 8.47 8.81 9.06 9.34 9.75 10.22 10.72 11.28 11.78 12.25 12.75 13.28 13.84 14.44 15.00 15.53 16.00 16.41 16.88 17.41 18.00 18.66 19.19 19.75 20.34 21.03 21.47 22.12 22.59 23.00 23.38 23.69 24.34 24.91 25.72 26.50 27.25 27.62 28.00 28.31 28.66 28.91 29.31 29.62 30.00 30.44 30.88 31.28 31.72 32.12 32.53 32.94 33.38 33.78 34.22 34.66 35.09 35.53 35.97 36.41 36.88 37.34 37.78 38.25 38.72 39.19 39.66 40.06 40.47 40.84 41.19 41.53 41.84
8.22 7.97 8.28 8.28 8.72 9.16 9.31 9.56 9.91 10.41 10.94 11.50 12.03 12.56 13.09 13.62 14.19 14.81 15.38 15.91 16.38 16.75 17.28 17.81 18.53 19.03 19.75 20.34 20.88 21.53 22.16 22.59 23.16 23.59 24.00 24.41 24.78 25.59 26.28 27.22 28.69 28.84 28.91 29.22 29.53 29.84 30.09 30.38 30.69 31.06 31.44 31.81 32.22 32.59 32.97 33.38 33.78 34.19 34.59 35.03 35.44 35.88 36.31 36.75 37.19 37.66 38.09 38.56 39.03 39.47 39.94 40.38 40.78 41.16 41.50 41.84 42.16
8.62 8.53 8.25 8.47 8.84 9.22 9.47 9.72 10.09 10.56 11.16 11.75 12.31 12.88 13.38 13.97 14.56 15.19 15.75 16.25 16.66 17.19 17.78 18.28 19.03 19.69 20.19 20.94 21.53 22.00 22.66 23.19 23.59 24.16 24.59 24.97 25.34 26.09 27.00 28.09 29.03 29.56 29.88 30.16 30.44 30.72 30.97 31.22 31.47 31.75 32.06 32.38 32.75 33.09 33.47 33.84 34.22 34.62 35.00 35.41 35.81 36.22 36.66 37.09 37.53 37.97 38.41 38.84 39.31 39.75 40.22 40.62 41.03 41.44 41.78 42.12 42.47
9.16 8.50 8.44 8.66 8.97 9.28 9.59 9.91 10.28 10.78 11.38 11.94 12.53 13.09 13.66 14.22 14.84 15.50 16.06 16.50 17.03 17.66 18.28 18.97 19.59 20.25 20.94 21.56 22.12 22.56 23.09 23.72 24.28 24.50 25.19 25.62 26.06 26.75 27.66 28.69 29.50 30.09 30.53 30.88 31.19 31.44 31.72 31.94 32.19 32.44 32.72 33.00 33.31 33.62 33.97 34.31 34.69 35.03 35.41 35.81 36.19 36.59 37.00 37.44 37.84 38.28 38.72 39.16 39.59 40.06 40.50 40.91 41.31 41.69 42.06 42.41 42.75
9.97 9.12 8.88 8.97 9.12 9.38 9.78 10.12 10.53 11.03 11.59 12.16 12.69 13.28 13.81 14.41 15.06 15.69 16.22 16.81 17.47 18.16 18.88 19.53 20.19 20.94 21.56 22.28 22.84 23.31 23.69 24.34 24.88 25.44 25.56 26.25 26.69 27.47 28.34 29.22 29.97 30.59 31.06 31.47 31.81 32.12 32.41 32.66 32.88 33.12 33.34 33.62 33.88 34.19 34.47 34.81 35.12 35.47 35.84 36.19 36.56 36.97 37.34 37.75 38.19 38.59 39.03 39.47 39.91 40.31 40.75 41.16 41.56 41.97 42.31 42.69 43.03
10.91 10.34 9.66 9.41 9.38 9.53 9.91 10.38 10.75 11.25 11.78 12.28 12.81 13.38 13.91 14.50 15.12 15.78 16.41 17.22 18.19 18.88 19.53 20.22 20.88 21.56 22.25 23.06 23.62 23.97 24.59 24.91 25.69 26.09 26.41 26.84 27.44 28.19 29.00 29.78 30.50 31.09 31.62 32.03 32.41 32.75 33.03 33.28 33.53 33.78 34.00 34.22 34.47 34.75 35.03 35.31 35.62 35.94 36.28 36.62 36.97 37.34 37.72 38.12 38.50 38.91 39.34 39.75 40.19 40.59 41.03 41.44 41.84 42.22 42.59 42.94 43.28
11.38 11.03 10.31 9.81 9.66 9.72 10.06 10.59 11.03 11.50 11.94 12.41 12.94 13.44 13.97 14.53 15.12 15.91 16.81 17.72 18.78 19.44 20.34 20.72 21.78 22.53 23.12 23.88 24.88 25.56 25.78 25.91 26.25 27.06 27.09 27.62 28.25 28.97 29.69 30.41 31.03 31.62 32.12 32.59 32.97 33.31 33.62 33.91 34.16 34.38 34.62 34.84 35.06 35.31 35.56 35.81 36.09 36.41 36.69 37.03 37.38 37.72 38.06 38.47 38.84 39.25 39.66 40.06 40.47 40.88 41.28 41.69 42.09 42.47 42.81 43.19 43.53
11.88 11.53 10.94 10.28 9.97 9.94 10.19 10.69 11.25 11.66 12.06 12.53 13.03 13.50 14.03 14.56 15.22 16.12 17.12 18.16 19.38 20.41 21.31 21.97 22.66 23.47 24.38 25.19 25.81 27.00 27.69 27.41 27.25 27.69 28.06 28.56 29.12 29.75 30.38 31.00 31.62 32.16 32.66 33.12 33.50 33.88 34.19 34.47 34.75 34.97 35.22 35.44 35.66 35.88 36.09 36.34 36.59 36.84 37.12 37.44 37.75 38.09 38.44 38.81 39.19 39.56 39.97 40.34 40.75 41.16 41.56 41.94 42.31 42.69 43.06 43.41 43.78
12.16 12.06 11.59 10.94 10.47 10.22 10.28 10.78 11.44 11.84 12.25 12.66 13.12 13.59 14.12 14.69 15.50 16.38 17.38 18.47 19.75 21.03 22.06 22.62 23.25 24.34 25.34 26.22 27.09 27.81 28.78 28.72 28.56 28.78 29.06 29.47 29.94 30.47 31.06 31.62 32.19 32.72 33.19 33.62 34.03 34.41 34.72 35.03 35.31 35.56 35.78 36.00 36.22 36.44 36.66 36.88 37.09 37.34 37.59 37.88 38.19 38.50 38.81 39.16 39.53 39.91 40.28 40.66 41.06 41.44 41.81 42.19 42.56 42.94 43.31 43.66 44.00
