everonasctiles/Tile[5,42].asc
ncols 128
nrows 128
xllcorner 0
yllcorner 0
cellsize 2.0
NODATA_value  -9999
[rows 96 to 127 of 128, columns 0 to 70 of 128]
-58.94 -59.16 -59.91 -60.91 -61.69 -62.12 -62.50 -62.88 -63.19 -63.50 -63.84 -64.22 -64.62 -65.00 -65.34 -65.69 -65.94 -66.12 -66.28 -66.38 -66.41 -66.44 -66.50 -66.56 -66.56 -66.47 -66.34 -66.19 -65.91 -65.44 -64.56 -63.53 -62.91 -62.75 -62.97 -63.47 -63.97 -64.28 -64.50 -64.66 -64.72 -64.69 -64.53 -64.31 -64.06 -63.81 -63.53 -63.28 -63.00 -62.75 -62.50 -62.31 -62.16 -62.03 -61.91 -61.84 -61.78 -61.72 -61.66 -61.62 -61.53 -61.47 -61.38 -61.25 -61.12 -60.94 -60.75 -60.53 -60.28 -60.03 -59.75
-59.44 -59.41 -59.84 -60.66 -61.47 -61.94 -62.31 -62.62 -62.91 -63.25 -63.66 -64.19 -64.72 -65.16 -65.56 -65.91 -66.22 -66.50 -66.72 -66.88 -66.97 -67.03 -67.12 -67.22 -67.25 -67.19 -67.06 -66.91 -66.53 -66.03 -65.00 -64.12 -63.69 -63.56 -63.66 -63.94 -64.38 -64.66 -64.88 -65.00 -65.03 -64.97 -64.78 -64.53 -64.28 -64.00 -63.72 -63.41 -63.12 -62.88 -62.62 -62.44 -62.25 -62.12 -62.03 -61.94 -61.88 -61.81 -61.75 -61.69 -61.62 -61.53 -61.41 -61.28 -61.16 -60.97 -60.78 -60.56 -60.34 -60.09 -59.81
-59.78 -59.94 -60.03 -60.47 -61.09 -61.66 -62.00 -62.25 -62.50 -62.91 -63.53 -64.25 -64.88 -65.34 -65.75 -66.12 -66.50 -66.84 -67.16 -67.41 -67.56 -67.69 -67.81 -67.91 -67.94 -67.88 -67.78 -67.56 -67.16 -66.56 -65.62 -65.03 -64.72 -64.59 -64.56 -64.66 -64.91 -65.12 -65.25 -65.34 -65.34 -65.22 -65.00 -64.72 -64.44 -64.16 -63.84 -63.53 -63.25 -62.97 -62.75 -62.56 -62.38 -62.22 -62.12 -62.03 -61.97 -61.91 -61.84 -61.78 -61.69 -61.59 -61.47 -61.34 -61.19 -61.00 -60.81 -60.59 -60.38 -60.12 -59.88
-60.12 -60.34 -60.56 -60.78 -61.09 -61.44 -61.72 -61.97 -62.38 -62.97 -63.69 -64.44 -65.12 -65.59 -65.97 -66.34 -66.75 -67.19 -67.59 -67.94 -68.19 -68.31 -68.44 -68.53 -68.59 -68.56 -68.44 -68.16 -67.75 -67.16 -66.44 -66.06 -65.88 -65.66 -65.47 -65.44 -65.53 -65.62 -65.69 -65.72 -65.66 -65.47 -65.22 -64.94 -64.62 -64.28 -63.97 -63.66 -63.38 -63.09 -62.88 -62.66 -62.47 -62.34 -62.22 -62.16 -62.06 -62.00 -61.94 -61.84 -61.75 -61.62 -61.50 -61.38 -61.22 -61.03 -60.84 -60.66 -60.41 -60.19 -59.94
-60.41 -60.69 -61.00 -61.31 -61.66 -61.97 -62.22 -62.41 -62.78 -63.41 -64.12 -64.84 -65.44 -65.88 -66.28 -66.62 -67.00 -67.47 -67.94 -68.41 -68.72 -68.94 -69.06 -69.16 -69.22 -69.19 -69.00 -68.69 -68.28 -67.81 -67.41 -67.22 -67.00 -66.62 -66.31 -66.19 -66.16 -66.12 -66.12 -66.09 -65.97 -65.75 -65.47 -65.12 -64.78 -64.44 -64.09 -63.78 -63.50 -63.22 -63.00 -62.78 -62.56 -62.44 -62.31 -62.25 -62.19 -62.09 -62.00 -61.91 -61.81 -61.69 -61.53 -61.41 -61.25 -61.06 -60.88 -60.69 -60.47 -60.22 -59.97
-60.69 -60.97 -61.34 -61.69 -62.09 -62.47 -62.78 -63.09 -63.38 -63.91 -64.62 -65.28 -65.78 -66.22 -66.66 -67.06 -67.41 -67.78 -68.28 -68.78 -69.22 -69.50 -69.66 -69.75 -69.81 -69.72 -69.50 -69.19 -68.81 -68.50 -68.31 -68.00 -67.69 -67.31 -66.94 -66.78 -66.72 -66.62 -66.56 -66.47 -66.28 -66.03 -65.72 -65.34 -64.97 -64.59 -64.25 -63.94 -63.62 -63.34 -63.09 -62.84 -62.66 -62.50 -62.41 -62.31 -62.25 -62.19 -62.09 -61.97 -61.84 -61.72 -61.59 -61.44 -61.28 -61.09 -60.91 -60.72 -60.50 -60.25 -60.00
-61.00 -61.25 -61.62 -62.03 -62.44 -62.84 -63.19 -63.53 -63.84 -64.22 -64.91 -65.59 -66.16 -66.62 -67.09 -67.53 -67.94 -68.31 -68.72 -69.19 -69.62 -69.97 -70.19 -70.28 -70.28 -70.16 -69.94 -69.66 -69.38 -69.12 -68.84 -68.53 -68.16 -67.78 -67.47 -67.34 -67.25 -67.12 -67.00 -66.84 -66.62 -66.31 -65.94 -65.56 -65.16 -64.78 -64.44 -64.09 -63.75 -63.44 -63.12 -62.91 -62.72 -62.56 -62.50 -62.41 -62.34 -62.25 -62.16 -62.03 -61.91 -61.75 -61.62 -61.47 -61.31 -61.12 -60.94 -60.75 -60.53 -60.28 -60.03
-61.41 -61.59 -61.94 -62.34 -62.75 -63.19 -63.62 -63.97 -64.31 -64.59 -65.16 -65.91 -66.56 -67.09 -67.56 -68.03 -68.47 -68.88 -69.28 -69.66 -70.09 -70.44 -70.66 -70.75 -70.69 -70.56 -70.38 -70.19 -69.97 -69.69 -69.41 -69.03 -68.62 -68.25 -68.00 -67.88 -67.75 -67.59 -67.44 -67.22 -66.91 -66.53 -66.16 -65.75 -65.34 -64.97 -64.59 -64.22 -63.81 -63.47 -63.19 -62.94 -62.78 -62.66 -62.59 -62.50 -62.44 -62.31 -62.22 -62.09 -61.97 -61.81 -61.66 -61.50 -61.34 -61.16 -60.97 -60.78 -60.56 -60.31 -60.06
-61.81 -62.00 -62.28 -62.66 -63.09 -63.53 -64.00 -64.44 -64.78 -65.16 -65.62 -66.31 -67.00 -67.56 -68.09 -68.56 -69.00 -69.41 -69.81 -70.19 -70.56 -70.88 -71.09 -71.16 -71.09 -70.94 -70.81 -70.69 -70.47 -70.22 -69.88 -69.47 -69.03 -68.72 -68.53 -68.41 -68.22 -68.03 -67.81 -67.53 -67.19 -66.78 -66.34 -65.94 -65.50 -65.09 -64.69 -64.28 -63.88 -63.50 -63.19 -62.97 -62.84 -62.75 -62.69 -62.62 -62.53 -62.44 -62.31 -62.16 -62.03 -61.88 -61.72 -61.56 -61.38 -61.19 -61.00 -60.81 -60.59 -60.38 -60.12
-62.19 -62.41 -62.69 -63.00 -63.41 -63.84 -64.31 -64.81 -65.28 -65.69 -66.16 -66.75 -67.44 -68.03 -68.59 -69.09 -69.50 -69.91 -70.28 -70.66 -71.00 -71.28 -71.50 -71.53 -71.47 -71.34 -71.28 -71.16 -70.94 -70.66 -70.28 -69.84 -69.47 -69.22 -69.06 -68.88 -68.69 -68.44 -68.16 -67.81 -67.41 -67.00 -66.56 -66.09 -65.62 -65.16 -64.72 -64.28 -63.91 -63.50 -63.19 -63.03 -62.94 -62.91 -62.81 -62.75 -62.66 -62.53 -62.41 -62.25 -62.09 -61.94 -61.78 -61.62 -61.44 -61.25 -61.06 -60.88 -60.66 -60.44 -60.19
-62.53 -62.75 -63.06 -63.38 -63.75 -64.16 -64.62 -65.16 -65.69 -66.16 -66.62 -67.12 -67.78 -68.44 -69.03 -69.56 -70.00 -70.38 -70.75 -71.09 -71.41 -71.66 -71.84 -71.88 -71.84 -71.75 -71.69 -71.56 -71.34 -71.00 -70.62 -70.22 -69.94 -69.75 -69.56 -69.34 -69.09 -68.78 -68.44 -68.03 -67.59 -67.12 -66.66 -66.16 -65.66 -65.19 -64.72 -64.28 -63.88 -63.47 -63.25 -63.16 -63.12 -63.06 -62.97 -62.91 -62.78 -62.66 -62.50 -62.34 -62.19 -62.03 -61.84 -61.69 -61.50 -61.31 -61.12 -60.91 -60.72 -60.50 -60.28
-62.88 -63.09 -63.41 -63.75 -64.16 -64.53 -64.97 -65.50 -66.06 -66.59 -67.03 -67.53 -68.09 -68.78 -69.41 -69.97 -70.44 -70.81 -71.16 -71.47 -71.75 -72.00 -72.19 -72.22 -72.22 -72.16 -72.09 -71.94 -71.69 -71.34 -70.97 -70.62 -70.41 -70.22 -70.00 -69.75 -69.44 -69.06 -68.62 -68.12 -67.66 -67.16 -66.66 -66.16 -65.66 -65.16 -64.66 -64.19 -63.78 -63.50 -63.41 -63.38 -63.31 -63.25 -63.16 -63.03 -62.91 -62.75 -62.59 -62.44 -62.25 -62.09 -61.91 -61.72 -61.56 -61.38 -61.19 -61.00 -60.78 -60.59 -60.38
-63.19 -63.41 -63.72 -64.12 -64.56 -65.00 -65.44 -65.94 -66.50 -67.03 -67.50 -67.94 -68.50 -69.12 -69.75 -70.34 -70.81 -71.22 -71.53 -71.81 -72.09 -72.31 -72.50 -72.56 -72.56 -72.53 -72.47 -72.28 -72.00 -71.69 -71.31 -71.06 -70.84 -70.66 -70.41 -70.06 -69.66 -69.19 -68.69 -68.16 -67.62 -67.12 -66.62 -66.09 -65.59 -65.06 -64.53 -64.06 -63.75 -63.69 -63.66 -63.59 -63.53 -63.44 -63.31 -63.19 -63.03 -62.88 -62.69 -62.50 -62.31 -62.16 -61.97 -61.78 -61.62 -61.44 -61.25 -61.06 -60.88 -60.69 -60.50
-63.50 -63.69 -64.00 -64.41 -64.91 -65.41 -65.91 -66.44 -66.97 -67.47 -67.94 -68.38 -68.91 -69.53 -70.16 -70.69 -71.19 -71.59 -71.88 -72.12 -72.38 -72.59 -72.78 -72.88 -72.91 -72.88 -72.78 -72.59 -72.31 -71.97 -71.69 -71.44 -71.25 -71.00 -70.69 -70.28 -69.81 -69.28 -68.72 -68.16 -67.59 -67.06 -66.56 -66.06 -65.56 -65.00 -64.47 -64.06 -63.94 -63.97 -63.94 -63.84 -63.75 -63.62 -63.47 -63.31 -63.12 -62.94 -62.75 -62.56 -62.38 -62.19 -62.03 -61.84 -61.69 -61.50 -61.34 -61.16 -61.00 -60.81 -60.59
-63.78 -63.94 -64.22 -64.66 -65.16 -65.75 -66.31 -66.88 -67.41 -67.97 -68.44 -68.88 -69.31 -69.91 -70.53 -71.06 -71.56 -71.94 -72.22 -72.44 -72.66 -72.88 -73.03 -73.16 -73.22 -73.19 -73.06 -72.84 -72.56 -72.25 -72.00 -71.81 -71.59 -71.31 -70.91 -70.44 -69.91 -69.34 -68.75 -68.19 -67.66 -67.12 -66.62 -66.12 -65.59 -65.03 -64.56 -64.28 -64.28 -64.28 -64.19 -64.09 -63.97 -63.78 -63.59 -63.41 -63.19 -63.00 -62.81 -62.62 -62.44 -62.25 -62.09 -61.91 -61.75 -61.59 -61.44 -61.25 -61.09 -60.91 -60.72
-64.09 -64.19 -64.41 -64.81 -65.34 -65.94 -66.59 -67.22 -67.81 -68.41 -68.94 -69.38 -69.78 -70.28 -70.84 -71.41 -71.88 -72.28 -72.56 -72.75 -72.94 -73.12 -73.28 -73.44 -73.50 -73.47 -73.31 -73.06 -72.75 -72.47 -72.28 -72.12 -71.88 -71.53 -71.06 -70.53 -69.97 -69.41 -68.81 -68.25 -67.69 -67.19 -66.66 -66.19 -65.69 -65.22 -64.84 -64.72 -64.66 -64.59 -64.47 -64.31 -64.12 -63.91 -63.69 -63.47 -63.28 -63.06 -62.88 -62.69 -62.50 -62.31 -62.16 -62.00 -61.81 -61.66 -61.50 -61.34 -61.19 -61.00 -60.81
-64.38 -64.44 -64.56 -64.88 -65.38 -66.00 -66.69 -67.41 -68.09 -68.75 -69.34 -69.88 -70.31 -70.72 -71.19 -71.72 -72.19 -72.59 -72.88 -73.09 -73.25 -73.41 -73.56 -73.69 -73.75 -73.69 -73.50 -73.25 -72.94 -72.72 -72.59 -72.41 -72.09 -71.69 -71.19 -70.62 -70.03 -69.44 -68.84 -68.25 -67.66 -67.06 -66.62 -66.31 -65.97 -65.59 -65.34 -65.19 -65.06 -64.91 -64.72 -64.50 -64.28 -64.03 -63.78 -63.56 -63.34 -63.12 -62.94 -62.72 -62.56 -62.38 -62.22 -62.06 -61.91 -61.75 -61.59 -61.44 -61.28 -61.09 -60.94
-64.66 -64.72 -64.78 -64.88 -65.22 -65.84 -66.56 -67.38 -68.19 -68.91 -69.59 -70.22 -70.72 -71.19 -71.62 -72.06 -72.47 -72.88 -73.19 -73.41 -73.53 -73.69 -73.81 -73.94 -73.97 -73.88 -73.69 -73.41 -73.19 -73.06 -72.91 -72.66 -72.31 -71.84 -71.28 -70.69 -70.06 -69.41 -68.69 -68.00 -67.38 -67.00 -66.94 -66.84 -66.50 -66.12 -65.88 -65.66 -65.44 -65.22 -64.97 -64.69 -64.41 -64.16 -63.88 -63.62 -63.41 -63.19 -62.97 -62.78 -62.62 -62.44 -62.28 -62.12 -61.97 -61.81 -61.69 -61.53 -61.38 -61.22 -61.06
-64.94 -65.03 -65.09 -65.09 -65.19 -65.56 -66.22 -67.09 -68.03 -68.91 -69.69 -70.38 -71.00 -71.53 -71.97 -72.41 -72.78 -73.16 -73.47 -73.69 -73.84 -73.97 -74.06 -74.16 -74.19 -74.09 -73.88 -73.66 -73.53 -73.41 -73.22 -72.91 -72.50 -72.00 -71.41 -70.81 -70.12 -69.41 -68.66 -68.00 -67.56 -67.53 -67.62 -67.38 -67.00 -66.66 -66.38 -66.06 -65.78 -65.47 -65.16 -64.84 -64.53 -64.25 -63.97 -63.72 -63.47 -63.25 -63.06 -62.84 -62.69 -62.50 -62.34 -62.22 -62.06 -61.91 -61.78 -61.62 -61.47 -61.34 -61.19
-65.25 -65.31 -65.41 -65.50 -65.59 -65.84 -66.31 -66.97 -67.78 -68.69 -69.62 -70.44 -71.16 -71.72 -72.25 -72.72 -73.09 -73.47 -73.78 -74.00 -74.12 -74.25 -74.31 -74.38 -74.38 -74.31 -74.16 -74.00 -73.88 -73.75 -73.50 -73.16 -72.72 -72.22 -71.72 -71.16 -70.53 -69.81 -69.09 -68.53 -68.31 -68.44 -68.25 -67.91 -67.50 -67.12 -66.78 -66.44 -66.06 -65.69 -65.31 -64.97 -64.66 -64.34 -64.06 -63.78 -63.56 -63.34 -63.12 -62.94 -62.75 -62.59 -62.44 -62.31 -62.16 -62.00 -61.88 -61.72 -61.59 -61.47 -61.31
-65.53 -65.62 -65.72 -65.91 -66.16 -66.53 -67.00 -67.53 -68.12 -68.81 -69.56 -70.41 -71.16 -71.84 -72.44 -72.94 -73.38 -73.75 -74.06 -74.28 -74.44 -74.50 -74.56 -74.59 -74.59 -74.53 -74.44 -74.31 -74.19 -74.03 -73.75 -73.41 -73.00 -72.56 -72.22 -71.84 -71.22 -70.53 -69.91 -69.50 -69.34 -69.19 -68.84 -68.41 -67.97 -67.56 -67.12 -66.66 -66.22 -65.81 -65.44 -65.06 -64.72 -64.44 -64.12 -63.88 -63.62 -63.41 -63.22 -63.03 -62.84 -62.69 -62.53 -62.38 -62.25 -62.09 -61.97 -61.84 -61.72 -61.59 -61.47
-65.81 -65.91 -66.06 -66.25 -66.53 -67.00 -67.62 -68.31 -68.97 -69.56 -70.06 -70.59 -71.22 -71.91 -72.56 -73.12 -73.59 -73.97 -74.31 -74.53 -74.69 -74.78 -74.81 -74.81 -74.81 -74.75 -74.69 -74.59 -74.44 -74.25 -73.97 -73.66 -73.34 -73.06 -72.75 -72.41 -71.91 -71.38 -70.91 -70.53 -70.19 -69.81 -69.34 -68.88 -68.34 -67.81 -67.31 -66.81 -66.34 -65.91 -65.50 -65.16 -64.81 -64.50 -64.22 -63.97 -63.72 -63.50 -63.28 -63.09 -62.94 -62.78 -62.62 -62.50 -62.34 -62.22 -62.09 -61.97 -61.84 -61.72 -61.59
-66.09 -66.22 -66.41 -66.59 -66.84 -67.25 -67.91 -68.62 -69.34 -70.06 -70.69 -71.25 -71.69 -72.19 -72.75 -73.34 -73.81 -74.22 -74.53 -74.78 -74.94 -75.03 -75.03 -75.03 -75.03 -75.00 -74.94 -74.81 -74.66 -74.47 -74.25 -74.00 -73.75 -73.47 -73.19 -72.84 -72.44 -72.00 -71.59 -71.19 -70.75 -70.25 -69.69 -69.09 -68.50 -67.91 -67.38 -66.84 -66.38 -65.94 -65.56 -65.19 -64.84 -64.56 -64.28 -64.03 -63.78 -63.56 -63.38 -63.19 -63.03 -62.88 -62.72 -62.59 -62.44 -62.31 -62.19 -62.06 -61.94 -61.81 -61.69
-66.34 -66.53 -66.75 -66.97 -67.22 -67.47 -67.97 -68.78 -69.66 -70.47 -71.19 -71.78 -72.28 -72.72 -73.16 -73.62 -74.06 -74.44 -74.75 -75.00 -75.16 -75.25 -75.28 -75.25 -75.22 -75.19 -75.16 -75.06 -74.91 -74.72 -74.53 -74.31 -74.09 -73.84 -73.56 -73.22 -72.88 -72.50 -72.09 -71.62 -71.03 -70.38 -69.66 -68.97 -68.34 -67.81 -67.28 -66.81 -66.34 -65.94 -65.56 -65.19 -64.88 -64.59 -64.31 -64.06 -63.84 -63.66 -63.47 -63.28 -63.12 -62.97 -62.84 -62.69 -62.56 -62.44 -62.31 -62.19 -62.06 -61.94 -61.81
-66.59 -66.81 -67.06 -67.31 -67.59 -67.91 -68.16 -68.78 -69.78 -70.72 -71.53 -72.25 -72.78 -73.22 -73.62 -74.00 -74.38 -74.72 -74.97 -75.22 -75.38 -75.47 -75.50 -75.47 -75.44 -75.38 -75.34 -75.28 -75.16 -75.00 -74.81 -74.62 -74.41 -74.16 -73.88 -73.56 -73.19 -72.78 -72.31 -71.69 -70.97 -70.22 -69.44 -68.66 -68.00 -67.50 -67.06 -66.66 -66.25 -65.84 -65.50 -65.19 -64.88 -64.59 -64.34 -64.12 -63.91 -63.72 -63.53 -63.38 -63.22 -63.06 -62.94 -62.78 -62.66 -62.53 -62.41 -62.28 -62.16 -62.03 -61.91
-66.81 -67.06 -67.34 -67.66 -68.00 -68.38 -68.81 -69.31 -70.03 -70.94 -71.81 -72.53 -73.16 -73.66 -74.03 -74.34 -74.69 -74.97 -75.22 -75.41 -75.56 -75.66 -75.69 -75.66 -75.62 -75.59 -75.56 -75.50 -75.41 -75.25 -75.06 -74.88 -74.66 -74.41 -74.09 -73.72 -73.31 -72.81 -72.22 -71.53 -70.81 -70.00 -69.16 -68.25 -67.53 -67.06 -66.69 -66.34 -66.03 -65.72 -65.41 -65.09 -64.84 -64.59 -64.38 -64.16 -63.97 -63.78 -63.62 -63.47 -63.31 -63.16 -63.03 -62.88 -62.75 -62.62 -62.50 -62.38 -62.25 -62.12 -62.03
-67.00 -67.25 -67.56 -67.91 -68.31 -68.78 -69.31 -69.97 -70.66 -71.38 -72.09 -72.78 -73.41 -73.94 -74.34 -74.66 -74.94 -75.19 -75.44 -75.62 -75.75 -75.81 -75.84 -75.81 -75.81 -75.78 -75.75 -75.72 -75.59 -75.47 -75.28 -75.06 -74.81 -74.53 -74.16 -73.72 -73.22 -72.62 -72.00 -71.28 -70.47 -69.56 -68.69 -67.72 -66.94 -66.53 -66.28 -66.00 -65.75 -65.50 -65.25 -65.00 -64.78 -64.56 -64.38 -64.19 -64.03 -63.84 -63.69 -63.53 -63.38 -63.22 -63.09 -62.97 -62.84 -62.69 -62.59 -62.47 -62.34 -62.22 -62.12
-67.16 -67.44 -67.75 -68.06 -68.47 -69.00 -69.62 -70.31 -71.03 -71.75 -72.44 -73.06 -73.62 -74.16 -74.59 -74.91 -75.16 -75.41 -75.59 -75.78 -75.91 -75.97 -75.97 -75.97 -75.97 -75.94 -75.91 -75.84 -75.72 -75.56 -75.38 -75.16 -74.88 -74.50 -74.06 -73.56 -72.97 -72.41 -71.75 -70.91 -69.72 -68.59 -67.62 -66.84 -66.22 -65.91 -65.78 -65.62 -65.47 -65.28 -65.09 -64.91 -64.72 -64.56 -64.41 -64.22 -64.06 -63.91 -63.75 -63.59 -63.44 -63.31 -63.16 -63.03 -62.91 -62.78 -62.66 -62.53 -62.44 -62.31 -62.22
-67.38 -67.66 -67.94 -68.22 -68.53 -69.06 -69.75 -70.50 -71.25 -72.00 -72.69 -73.28 -73.84 -74.31 -74.75 -75.09 -75.34 -75.56 -75.75 -75.91 -76.00 -76.06 -76.09 -76.09 -76.09 -76.06 -76.00 -75.91 -75.75 -75.59 -75.38 -75.09 -74.78 -74.34 -73.88 -73.31 -72.72 -72.12 -71.41 -70.28 -68.94 -67.66 -66.62 -65.91 -65.50 -65.31 -65.28 -65.25 -65.16 -65.06 -64.94 -64.81 -64.69 -64.56 -64.44 -64.28 -64.12 -63.97 -63.78 -63.62 -63.50 -63.34 -63.22 -63.09 -62.97 -62.81 -62.72 -62.59 -62.50 -62.38 -62.28
-67.59 -67.94 -68.22 -68.50 -68.69 -69.00 -69.62 -70.44 -71.31 -72.09 -72.81 -73.44 -73.97 -74.47 -74.88 -75.22 -75.47 -75.69 -75.84 -76.00 -76.09 -76.12 -76.16 -76.19 -76.16 -76.12 -76.03 -75.91 -75.72 -75.50 -75.22 -74.91 -74.56 -74.12 -73.59 -73.03 -72.44 -71.81 -70.81 -69.56 -68.19 -66.91 -65.81 -65.12 -64.84 -64.84 -64.94 -64.97 -64.94 -64.91 -64.88 -64.81 -64.72 -64.62 -64.47 -64.34 -64.16 -64.00 -63.84 -63.69 -63.56 -63.44 -63.28 -63.16 -63.00 -62.88 -62.75 -62.62 -62.53 -62.44 -62.34
-67.88 -68.22 -68.53 -68.84 -69.12 -69.38 -69.75 -70.38 -71.22 -72.09 -72.88 -73.53 -74.06 -74.56 -74.97 -75.31 -75.56 -75.78 -75.94 -76.06 -76.12 -76.19 -76.19 -76.22 -76.19 -76.12 -76.00 -75.84 -75.62 -75.34 -75.06 -74.69 -74.28 -73.81 -73.28 -72.72 -72.12 -71.28 -70.03 -68.75 -67.44 -66.22 -65.22 -64.59 -64.47 -64.66 -64.94 -65.00 -65.00 -65.00 -64.94 -64.88 -64.81 -64.69 -64.56 -64.38 -64.22 -64.06 -63.91 -63.75 -63.62 -63.50 -63.34 -63.19 -63.03 -62.91 -62.78 -62.66 -62.53 -62.47 -62.41
-68.06 -68.47 -68.88 -69.22 -69.59 -69.94 -70.34 -70.88 -71.53 -72.31 -73.00 -73.62 -74.16 -74.62 -75.03 -75.38 -75.62 -75.84 -76.00 -76.09 -76.16 -76.19 -76.22 -76.22 -76.19 -76.09 -75.94 -75.75 -75.50 -75.19 -74.88 -74.47 -74.00 -73.44 -72.88 -72.28 -71.53 -70.41 -69.19 -67.94 -66.75 -65.69 -64.84 -64.41 -64.53 -64.94 -65.12 -65.16 -65.12 -65.09 -65.06 -65.00 -64.91 -64.78 -64.62 -64.47 -64.28 -64.12 -63.97 -63.84 -63.72 -63.56 -63.38 -63.22 -63.06 -62.91 -62.78 -62.66 -62.53 -62.47 -62.47
