everonasctiles/Tile[28,43].asc
ncols 128
nrows 128
xllcorner 0
yllcorner 0
cellsize 2.0
NODATA_value  -9999
[rows 64 to 95 of 128, columns 0 to 70 of 128]
-35.00 -34.91 -34.81 -34.69 -34.56 -34.47 -34.34 -34.19 -34.06 -33.91 -33.78 -33.69 -33.62 -33.56 -33.53 -33.53 -33.53 -33.50 -33.50 -33.50 -33.50 -33.50 -33.47 -33.44 -33.38 -33.28 -33.19 -33.06 -32.94 -32.78 -32.59 -32.41 -32.16 -31.88 -31.72 -31.62 -31.41 -31.19 -30.97 -30.75 -30.66 -30.56 -30.44 -30.34 -30.19 -30.09 -30.00 -29.88 -29.66 -29.66 -29.53 -29.34 -29.38 -29.34 -29.19 -28.91 -29.16 -29.22 -29.19 -29.00 -29.16 -29.28 -29.31 -29.34 -29.31 -29.09 -29.12 -29.12 -28.91 -28.69 -28.44
-34.97 -34.88 -34.78 -34.69 -34.56 -34.47 -34.31 -34.19 -34.03 -33.91 -33.78 -33.69 -33.62 -33.59 -33.59 -33.56 -33.56 -33.56 -33.56 -33.56 -33.56 -33.56 -33.53 -33.50 -33.44 -33.34 -33.22 -33.09 -32.97 -32.81 -32.62 -32.44 -32.25 -32.06 -31.91 -31.72 -31.50 -31.28 -31.03 -30.88 -30.72 -30.66 -30.53 -30.34 -30.25 -30.19 -30.09 -29.97 -29.81 -29.75 -29.66 -29.56 -29.56 -29.47 -29.28 -29.06 -29.12 -29.22 -29.16 -29.31 -29.41 -29.44 -29.34 -29.47 -29.44 -29.31 -29.31 -29.22 -29.06 -28.94 -28.72
-34.94 -34.84 -34.75 -34.66 -34.53 -34.44 -34.31 -34.16 -34.03 -33.91 -33.78 -33.72 -33.66 -33.62 -33.62 -33.59 -33.59 -33.59 -33.59 -33.59 -33.59 -33.59 -33.59 -33.53 -33.47 -33.38 -33.28 -33.16 -33.00 -32.84 -32.69 -32.53 -32.34 -32.19 -31.97 -31.78 -31.59 -31.38 -31.12 -30.91 -30.81 -30.69 -30.59 -30.47 -30.41 -30.34 -30.25 -30.16 -30.03 -29.94 -29.81 -29.69 -29.69 -29.50 -29.28 -29.22 -29.25 -29.31 -29.34 -29.47 -29.53 -29.53 -29.56 -29.56 -29.50 -29.44 -29.44 -29.31 -29.19 -28.94 -28.84
-34.91 -34.78 -34.69 -34.59 -34.47 -34.38 -34.25 -34.12 -34.00 -33.88 -33.78 -33.72 -33.66 -33.62 -33.62 -33.62 -33.62 -33.62 -33.62 -33.62 -33.62 -33.59 -33.59 -33.56 -33.50 -33.41 -33.31 -33.19 -33.06 -32.91 -32.78 -32.62 -32.44 -32.28 -32.09 -31.91 -31.69 -31.41 -31.22 -31.06 -30.94 -30.75 -30.59 -30.59 -30.56 -30.47 -30.38 -30.31 -30.25 -30.12 -29.97 -29.84 -29.59 -29.50 -29.62 -29.47 -29.41 -29.50 -29.56 -29.66 -29.69 -29.69 -29.69 -29.62 -29.56 -29.53 -29.47 -29.41 -29.28 -29.03 -28.88
-34.84 -34.75 -34.62 -34.53 -34.44 -34.31 -34.22 -34.12 -34.00 -33.91 -33.81 -33.72 -33.69 -33.66 -33.62 -33.62 -33.62 -33.62 -33.62 -33.59 -33.59 -33.59 -33.59 -33.56 -33.50 -33.41 -33.31 -33.22 -33.09 -32.97 -32.84 -32.69 -32.53 -32.38 -32.16 -31.97 -31.75 -31.41 -31.28 -31.16 -31.06 -30.91 -30.78 -30.72 -30.66 -30.59 -30.50 -30.44 -30.34 -30.25 -30.16 -29.94 -29.78 -29.78 -29.75 -29.75 -29.72 -29.69 -29.66 -29.66 -29.78 -29.81 -29.81 -29.78 -29.72 -29.62 -29.50 -29.44 -29.22 -28.97 -28.88
-34.78 -34.69 -34.56 -34.47 -34.38 -34.28 -34.19 -34.09 -34.00 -33.91 -33.81 -33.72 -33.69 -33.66 -33.62 -33.62 -33.62 -33.62 -33.59 -33.59 -33.59 -33.56 -33.56 -33.53 -33.50 -33.41 -33.34 -33.25 -33.12 -33.03 -32.91 -32.75 -32.59 -32.44 -32.22 -32.00 -31.81 -31.50 -31.41 -31.31 -31.19 -31.06 -30.94 -30.84 -30.72 -30.66 -30.62 -30.56 -30.50 -30.41 -30.34 -30.22 -30.12 -30.03 -29.91 -29.94 -29.91 -29.94 -29.91 -29.91 -29.88 -29.91 -29.88 -29.84 -29.78 -29.69 -29.50 -29.25 -29.16 -29.00 -28.94
-34.69 -34.59 -34.47 -34.38 -34.28 -34.22 -34.12 -34.03 -33.97 -33.88 -33.81 -33.72 -33.66 -33.62 -33.59 -33.59 -33.59 -33.59 -33.59 -33.56 -33.56 -33.56 -33.53 -33.53 -33.50 -33.44 -33.34 -33.25 -33.16 -33.06 -32.94 -32.81 -32.66 -32.47 -32.28 -32.09 -31.91 -31.69 -31.56 -31.44 -31.31 -31.16 -31.06 -30.94 -30.81 -30.81 -30.75 -30.69 -30.62 -30.56 -30.47 -30.38 -30.25 -30.16 -30.06 -30.06 -30.06 -30.06 -30.03 -30.00 -29.97 -29.97 -29.94 -29.91 -29.81 -29.72 -29.53 -29.34 -29.34 -29.16 -29.00
-34.59 -34.50 -34.38 -34.31 -34.22 -34.12 -34.06 -34.00 -33.91 -33.84 -33.78 -33.72 -33.66 -33.59 -33.56 -33.56 -33.56 -33.56 -33.56 -33.56 -33.53 -33.53 -33.53 -33.53 -33.47 -33.44 -33.34 -33.28 -33.19 -33.09 -32.97 -32.84 -32.69 -32.53 -32.34 -32.16 -31.97 -31.78 -31.69 -31.53 -31.41 -31.28 -31.16 -31.06 -30.97 -30.94 -30.88 -30.81 -30.75 -30.66 -30.56 -30.47 -30.34 -30.22 -30.19 -30.16 -30.16 -30.12 -30.12 -30.09 -30.03 -29.97 -29.97 -29.91 -29.84 -29.72 -29.62 -29.53 -29.41 -29.22 -29.09
-34.47 -34.38 -34.28 -34.19 -34.12 -34.06 -34.00 -33.91 -33.84 -33.78 -33.72 -33.66 -33.62 -33.56 -33.53 -33.53 -33.53 -33.53 -33.53 -33.53 -33.53 -33.53 -33.53 -33.50 -33.47 -33.44 -33.38 -33.28 -33.19 -33.09 -33.00 -32.88 -32.72 -32.56 -32.38 -32.22 -32.03 -31.88 -31.75 -31.62 -31.47 -31.31 -31.25 -31.19 -31.09 -31.03 -30.97 -30.91 -30.81 -30.72 -30.62 -30.53 -30.41 -30.31 -30.22 -30.22 -30.22 -30.19 -30.19 -30.12 -30.09 -30.03 -30.00 -29.94 -29.84 -29.75 -29.59 -29.53 -29.41 -29.31 -29.22
-34.34 -34.22 -34.16 -34.09 -34.03 -33.97 -33.91 -33.84 -33.78 -33.72 -33.69 -33.62 -33.59 -33.53 -33.50 -33.50 -33.47 -33.47 -33.47 -33.47 -33.50 -33.50 -33.50 -33.50 -33.47 -33.44 -33.38 -33.28 -33.19 -33.09 -32.97 -32.84 -32.72 -32.56 -32.41 -32.25 -32.09 -31.97 -31.84 -31.72 -31.56 -31.38 -31.34 -31.28 -31.19 -31.12 -31.06 -30.97 -30.88 -30.78 -30.69 -30.56 -30.47 -30.38 -30.28 -30.28 -30.22 -30.22 -30.19 -30.16 -30.12 -30.06 -30.00 -29.94 -29.84 -29.75 -29.59 -29.50 -29.41 -29.38 -29.22
-34.19 -34.09 -34.03 -33.97 -33.94 -33.91 -33.84 -33.78 -33.75 -33.69 -33.62 -33.59 -33.56 -33.50 -33.47 -33.44 -33.44 -33.44 -33.44 -33.44 -33.44 -33.47 -33.47 -33.47 -33.44 -33.41 -33.34 -33.28 -33.19 -33.09 -32.97 -32.84 -32.69 -32.56 -32.41 -32.28 -32.16 -32.03 -31.91 -31.78 -31.47 -31.47 -31.44 -31.34 -31.28 -31.19 -31.12 -31.03 -30.91 -30.81 -30.69 -30.59 -30.50 -30.44 -30.34 -30.31 -30.25 -30.25 -30.22 -30.19 -30.16 -30.09 -30.03 -29.97 -29.84 -29.69 -29.66 -29.59 -29.47 -29.34 -29.22
-34.06 -33.97 -33.91 -33.88 -33.84 -33.84 -33.78 -33.75 -33.69 -33.66 -33.59 -33.56 -33.53 -33.50 -33.44 -33.41 -33.41 -33.38 -33.38 -33.38 -33.41 -33.44 -33.44 -33.44 -33.41 -33.38 -33.31 -33.25 -33.16 -33.06 -32.94 -32.81 -32.69 -32.56 -32.44 -32.31 -32.22 -32.12 -32.00 -31.91 -31.66 -31.59 -31.50 -31.47 -31.38 -31.28 -31.19 -31.06 -30.94 -30.78 -30.72 -30.62 -30.50 -30.44 -30.38 -30.31 -30.28 -30.25 -30.22 -30.19 -30.16 -30.09 -30.03 -29.97 -29.88 -29.75 -29.69 -29.56 -29.38 -29.25 -29.19
-33.97 -33.88 -33.81 -33.78 -33.78 -33.75 -33.75 -33.69 -33.66 -33.62 -33.56 -33.53 -33.50 -33.47 -33.41 -33.38 -33.34 -33.34 -33.34 -33.34 -33.34 -33.38 -33.38 -33.38 -33.38 -33.34 -33.28 -33.22 -33.12 -33.03 -32.94 -32.84 -32.72 -32.59 -32.50 -32.41 -32.31 -32.22 -32.12 -32.00 -31.88 -31.75 -31.66 -31.56 -31.44 -31.34 -31.22 -31.12 -30.97 -30.81 -30.72 -30.62 -30.53 -30.47 -30.41 -30.34 -30.31 -30.25 -30.22 -30.19 -30.16 -30.09 -30.00 -29.94 -29.84 -29.78 -29.66 -29.50 -29.25 -29.12 -29.19
-33.88 -33.78 -33.72 -33.69 -33.69 -33.69 -33.69 -33.66 -33.62 -33.59 -33.53 -33.50 -33.47 -33.44 -33.41 -33.34 -33.31 -33.31 -33.28 -33.28 -33.31 -33.31 -33.34 -33.34 -33.31 -33.28 -33.22 -33.16 -33.09 -33.03 -32.94 -32.84 -32.75 -32.66 -32.56 -32.47 -32.41 -32.31 -32.22 -32.09 -31.97 -31.88 -31.75 -31.62 -31.53 -31.41 -31.28 -31.16 -31.00 -30.88 -30.78 -30.62 -30.56 -30.47 -30.41 -30.34 -30.31 -30.25 -30.22 -30.19 -30.12 -30.06 -30.00 -29.94 -29.88 -29.78 -29.53 -29.41 -29.28 -29.28 -29.25
-33.78 -33.69 -33.62 -33.59 -33.59 -33.59 -33.59 -33.59 -33.56 -33.53 -33.50 -33.47 -33.44 -33.41 -33.38 -33.31 -33.28 -33.28 -33.25 -33.25 -33.25 -33.28 -33.28 -33.28 -33.25 -33.22 -33.16 -33.12 -33.06 -33.00 -32.94 -32.84 -32.78 -32.69 -32.59 -32.53 -32.47 -32.41 -32.28 -32.19 -32.06 -31.94 -31.81 -31.69 -31.56 -31.44 -31.31 -31.19 -31.06 -30.94 -30.78 -30.66 -30.56 -30.47 -30.41 -30.34 -30.31 -30.25 -30.22 -30.16 -30.12 -30.06 -30.00 -29.94 -29.84 -29.78 -29.66 -29.44 -29.38 -29.31 -29.25
-33.75 -33.66 -33.56 -33.53 -33.53 -33.53 -33.53 -33.50 -33.50 -33.47 -33.44 -33.41 -33.41 -33.38 -33.34 -33.31 -33.28 -33.25 -33.22 -33.22 -33.22 -33.22 -33.22 -33.22 -33.19 -33.16 -33.09 -33.06 -33.03 -32.97 -32.91 -32.84 -32.78 -32.69 -32.62 -32.56 -32.50 -32.44 -32.34 -32.22 -32.12 -32.00 -31.88 -31.72 -31.59 -31.47 -31.31 -31.16 -31.06 -30.94 -30.81 -30.66 -30.53 -30.47 -30.41 -30.34 -30.28 -30.25 -30.19 -30.16 -30.09 -30.03 -29.97 -29.91 -29.81 -29.75 -29.66 -29.53 -29.31 -29.25 -29.19
-33.72 -33.62 -33.53 -33.47 -33.44 -33.44 -33.44 -33.44 -33.44 -33.41 -33.38 -33.34 -33.34 -33.31 -33.28 -33.28 -33.25 -33.22 -33.22 -33.19 -33.19 -33.19 -33.16 -33.16 -33.12 -33.09 -33.03 -33.00 -32.97 -32.91 -32.88 -32.81 -32.78 -32.69 -32.62 -32.56 -32.50 -32.44 -32.34 -32.25 -32.12 -32.03 -31.88 -31.75 -31.62 -31.47 -31.31 -31.19 -31.06 -30.94 -30.78 -30.62 -30.53 -30.47 -30.34 -30.31 -30.25 -30.22 -30.19 -30.12 -30.09 -30.03 -29.97 -29.91 -29.78 -29.75 -29.59 -29.41 -29.28 -29.22 -29.09
-33.72 -33.59 -33.50 -33.44 -33.38 -33.38 -33.38 -33.38 -33.34 -33.31 -33.28 -33.28 -33.25 -33.25 -33.25 -33.22 -33.22 -33.19 -33.19 -33.19 -33.16 -33.12 -33.12 -33.09 -33.06 -33.00 -32.97 -32.94 -32.88 -32.84 -32.81 -32.78 -32.72 -32.66 -32.59 -32.53 -32.47 -32.41 -32.34 -32.25 -32.16 -32.03 -31.88 -31.75 -31.59 -31.44 -31.28 -31.16 -31.03 -30.91 -30.81 -30.69 -30.56 -30.44 -30.31 -30.28 -30.22 -30.19 -30.16 -30.09 -30.06 -30.00 -29.97 -29.88 -29.78 -29.69 -29.56 -29.41 -29.19 -29.09 -29.03
-33.72 -33.56 -33.47 -33.38 -33.31 -33.28 -33.28 -33.28 -33.25 -33.22 -33.19 -33.19 -33.16 -33.16 -33.16 -33.19 -33.19 -33.19 -33.16 -33.16 -33.12 -33.09 -33.06 -33.03 -33.00 -32.94 -32.91 -32.84 -32.81 -32.75 -32.72 -32.69 -32.66 -32.59 -32.53 -32.47 -32.44 -32.38 -32.31 -32.22 -32.12 -32.00 -31.88 -31.72 -31.53 -31.41 -31.25 -31.12 -31.03 -30.91 -30.78 -30.69 -30.56 -30.41 -30.38 -30.28 -30.22 -30.19 -30.12 -30.06 -30.03 -29.97 -29.91 -29.84 -29.72 -29.66 -29.50 -29.34 -29.25 -29.09 -28.91
-33.69 -33.53 -33.41 -33.31 -33.25 -33.22 -33.19 -33.19 -33.16 -33.12 -33.09 -33.09 -33.06 -33.09 -33.09 -33.12 -33.12 -33.16 -33.16 -33.12 -33.09 -33.06 -33.00 -32.97 -32.91 -32.88 -32.84 -32.78 -32.72 -32.69 -32.62 -32.59 -32.53 -32.50 -32.44 -32.41 -32.34 -32.31 -32.25 -32.19 -32.09 -31.97 -31.84 -31.69 -31.50 -31.31 -31.22 -31.09 -30.97 -30.88 -30.75 -30.66 -30.56 -30.44 -30.34 -30.28 -30.22 -30.12 -30.09 -30.03 -29.97 -29.91 -29.88 -29.81 -29.72 -29.59 -29.47 -29.28 -29.16 -28.97 -28.88
-33.66 -33.50 -33.38 -33.25 -33.16 -33.12 -33.09 -33.06 -33.06 -33.03 -33.00 -33.00 -33.00 -33.00 -33.03 -33.06 -33.09 -33.09 -33.09 -33.09 -33.06 -33.00 -32.97 -32.91 -32.84 -32.81 -32.75 -32.72 -32.66 -32.59 -32.53 -32.47 -32.41 -32.38 -32.31 -32.28 -32.25 -32.22 -32.19 -32.12 -32.03 -31.94 -31.81 -31.66 -31.47 -31.31 -31.12 -31.00 -30.91 -30.81 -30.69 -30.59 -30.50 -30.41 -30.31 -30.22 -30.16 -30.09 -30.00 -29.97 -29.94 -29.91 -29.84 -29.75 -29.59 -29.50 -29.38 -29.16 -29.03 -28.91 -28.66
-33.62 -33.47 -33.34 -33.19 -33.09 -33.03 -32.97 -32.97 -32.94 -32.94 -32.91 -32.91 -32.91 -32.94 -32.97 -33.00 -33.03 -33.06 -33.06 -33.03 -33.00 -32.97 -32.91 -32.84 -32.78 -32.72 -32.69 -32.62 -32.56 -32.50 -32.44 -32.38 -32.31 -32.25 -32.19 -32.19 -32.16 -32.16 -32.12 -32.06 -32.00 -31.91 -31.78 -31.62 -31.50 -31.31 -31.16 -30.97 -30.84 -30.75 -30.62 -30.50 -30.44 -30.34 -30.28 -30.22 -30.12 -30.06 -29.94 -29.84 -29.88 -29.84 -29.78 -29.72 -29.59 -29.34 -29.22 -29.12 -28.97 -28.84 -28.56
-33.59 -33.44 -33.28 -33.16 -33.03 -32.94 -32.88 -32.84 -32.81 -32.81 -32.81 -32.81 -32.84 -32.88 -32.91 -32.97 -33.00 -33.00 -33.00 -33.00 -32.97 -32.94 -32.88 -32.81 -32.72 -32.66 -32.59 -32.56 -32.50 -32.41 -32.34 -32.25 -32.19 -32.09 -32.03 -32.06 -32.06 -32.06 -32.03 -32.00 -31.94 -31.84 -31.75 -31.62 -31.47 -31.31 -31.12 -30.94 -30.75 -30.59 -30.53 -30.44 -30.38 -30.31 -30.22 -30.16 -30.09 -30.00 -29.91 -29.84 -29.81 -29.78 -29.75 -29.66 -29.56 -29.41 -29.09 -29.06 -29.03 -28.81 -28.50
-33.53 -33.41 -33.25 -33.09 -32.97 -32.84 -32.78 -32.75 -32.72 -32.69 -32.69 -32.72 -32.78 -32.81 -32.88 -32.91 -32.94 -32.94 -32.94 -32.94 -32.91 -32.88 -32.81 -32.75 -32.69 -32.62 -32.56 -32.50 -32.41 -32.34 -32.25 -32.19 -32.09 -32.03 -32.00 -31.97 -31.97 -31.97 -31.94 -31.94 -31.88 -31.81 -31.69 -31.56 -31.44 -31.28 -31.03 -30.81 -30.56 -30.50 -30.38 -30.31 -30.28 -30.22 -30.12 -30.06 -30.00 -29.91 -29.84 -29.78 -29.69 -29.69 -29.66 -29.59 -29.47 -29.44 -29.28 -29.06 -29.00 -28.81 -28.69
-33.47 -33.31 -33.16 -33.03 -32.88 -32.78 -32.69 -32.66 -32.59 -32.59 -32.59 -32.66 -32.69 -32.75 -32.81 -32.84 -32.88 -32.88 -32.88 -32.84 -32.81 -32.78 -32.75 -32.69 -32.62 -32.56 -32.50 -32.44 -32.38 -32.28 -32.19 -32.12 -32.03 -31.94 -31.91 -31.88 -31.84 -31.84 -31.84 -31.84 -31.78 -31.72 -31.62 -31.50 -31.38 -31.22 -31.00 -30.75 -30.53 -30.38 -30.28 -30.16 -30.12 -30.16 -30.09 -30.03 -29.94 -29.84 -29.81 -29.72 -29.66 -29.56 -29.50 -29.50 -29.44 -29.31 -29.22 -29.06 -29.00 -28.81 -28.75
-33.41 -33.25 -33.09 -32.94 -32.81 -32.72 -32.62 -32.56 -32.53 -32.50 -32.53 -32.56 -32.62 -32.69 -32.75 -32.78 -32.81 -32.81 -32.78 -32.75 -32.72 -32.69 -32.66 -32.59 -32.56 -32.50 -32.47 -32.41 -32.31 -32.25 -32.16 -32.06 -31.97 -31.88 -31.81 -31.78 -31.75 -31.75 -31.75 -31.72 -31.69 -31.62 -31.53 -31.44 -31.31 -31.16 -30.97 -30.81 -30.62 -30.34 -30.19 -30.09 -30.09 -30.06 -30.00 -29.94 -29.91 -29.81 -29.72 -29.69 -29.62 -29.50 -29.47 -29.44 -29.38 -29.25 -29.19 -29.16 -29.03 -28.94 -28.81
-33.31 -33.19 -33.03 -32.88 -32.75 -32.66 -32.56 -32.50 -32.47 -32.44 -32.47 -32.50 -32.56 -32.62 -32.69 -32.72 -32.72 -32.72 -32.69 -32.66 -32.62 -32.59 -32.53 -32.50 -32.47 -32.44 -32.41 -32.34 -32.28 -32.19 -32.09 -32.00 -31.91 -31.81 -31.72 -31.69 -31.66 -31.62 -31.62 -31.62 -31.56 -31.50 -31.44 -31.31 -31.19 -31.06 -30.88 -30.75 -30.56 -30.31 -30.06 -30.06 -30.00 -29.94 -29.91 -29.84 -29.81 -29.75 -29.62 -29.56 -29.53 -29.47 -29.44 -29.41 -29.34 -29.28 -29.25 -29.12 -29.00 -28.94 -28.81
-33.25 -33.09 -32.97 -32.81 -32.69 -32.59 -32.50 -32.44 -32.41 -32.38 -32.41 -32.44 -32.50 -32.53 -32.59 -32.62 -32.62 -32.62 -32.59 -32.56 -32.53 -32.47 -32.44 -32.41 -32.38 -32.34 -32.31 -32.25 -32.19 -32.12 -32.03 -31.94 -31.84 -31.75 -31.66 -31.59 -31.53 -31.53 -31.50 -31.50 -31.44 -31.38 -31.28 -31.06 -31.06 -30.94 -30.81 -30.69 -30.53 -30.31 -30.06 -29.78 -29.75 -29.78 -29.78 -29.75 -29.75 -29.66 -29.59 -29.53 -29.44 -29.38 -29.38 -29.38 -29.31 -29.25 -29.16 -29.09 -29.03 -28.94 -28.88
-33.16 -33.03 -32.91 -32.75 -32.62 -32.53 -32.44 -32.41 -32.34 -32.34 -32.34 -32.38 -32.41 -32.47 -32.50 -32.53 -32.53 -32.53 -32.53 -32.50 -32.44 -32.38 -32.34 -32.28 -32.28 -32.25 -32.22 -32.19 -32.12 -32.06 -31.97 -31.88 -31.78 -31.69 -31.56 -31.47 -31.44 -31.41 -31.41 -31.38 -31.31 -31.25 -31.12 -31.03 -30.91 -30.81 -30.69 -30.59 -30.44 -30.22 -30.06 -29.88 -29.69 -29.72 -29.69 -29.66 -29.59 -29.56 -29.53 -29.44 -29.31 -29.28 -29.28 -29.28 -29.25 -29.19 -29.12 -29.03 -28.97 -28.91 -28.81
-33.09 -32.97 -32.84 -32.72 -32.59 -32.50 -32.41 -32.34 -32.31 -32.28 -32.28 -32.31 -32.34 -32.38 -32.41 -32.44 -32.47 -32.44 -32.44 -32.41 -32.38 -32.31 -32.25 -32.22 -32.19 -32.16 -32.12 -32.09 -32.06 -31.97 -31.91 -31.81 -31.72 -31.62 -31.53 -31.44 -31.38 -31.31 -31.28 -31.25 -31.22 -31.12 -31.06 -30.94 -30.78 -30.69 -30.59 -30.50 -30.34 -30.19 -30.06 -29.94 -29.81 -29.72 -29.69 -29.59 -29.53 -29.44 -29.38 -29.31 -29.25 -29.25 -29.22 -29.19 -29.19 -29.09 -29.03 -28.94 -28.94 -28.88 -28.84
-33.03 -32.91 -32.81 -32.69 -32.56 -32.47 -32.38 -32.31 -32.28 -32.25 -32.25 -32.25 -32.25 -32.28 -32.31 -32.34 -32.38 -32.38 -32.34 -32.34 -32.28 -32.25 -32.19 -32.16 -32.12 -32.09 -32.06 -32.03 -31.97 -31.91 -31.84 -31.78 -31.69 -31.59 -31.47 -31.38 -31.28 -31.25 -31.19 -31.16 -31.09 -31.03 -30.94 -30.78 -30.66 -30.53 -30.44 -30.38 -30.28 -30.16 -30.03 -29.91 -29.84 -29.78 -29.69 -29.59 -29.50 -29.38 -29.28 -29.22 -29.09 -29.12 -29.12 -29.12 -29.09 -29.03 -29.00 -28.88 -28.91 -28.84 -28.78
-32.94 -32.84 -32.75 -32.66 -32.56 -32.47 -32.38 -32.28 -32.25 -32.19 -32.19 -32.19 -32.19 -32.22 -32.22 -32.25 -32.28 -32.28 -32.28 -32.25 -32.22 -32.19 -32.16 -32.12 -32.06 -32.06 -32.03 -31.97 -31.94 -31.88 -31.81 -31.72 -31.62 -31.53 -31.44 -31.34 -31.25 -31.19 -31.12 -31.06 -31.00 -30.91 -30.81 -30.62 -30.56 -30.50 -30.38 -30.25 -30.19 -30.06 -30.00 -29.94 -29.88 -29.78 -29.69 -29.56 -29.47 -29.38 -29.31 -29.22 -29.06 -29.06 -29.06 -29.06 -28.97 -28.91 -28.88 -28.78 -28.72 -28.72 -28.69
