everonasctiles/Tile[24,19].asc
ncols 128
nrows 128
xllcorner 0
yllcorner 0
cellsize 2.0
NODATA_value  -9999
[rows 33 to 65 of 128, columns 0 to 73 of 128]
115.66 115.41 115.09 114.75 114.38 113.97 113.41 112.25 112.16 112.06 111.97 111.91 111.81 111.66 111.47 111.25 111.06 110.84 110.62 110.41 110.19 109.97 109.78 109.56 109.34 109.19 108.97 108.78 108.59 108.38 108.22 108.06 107.91 107.75 107.59 107.44 107.28 107.16 107.00 106.88 106.75 106.62 106.62 106.62 106.59 106.56 106.50 106.41 106.25 106.00 105.72 105.47 105.19 104.84 104.53 104.19 103.97 103.84 103.78 103.69 103.62 103.56 103.53 103.47 103.41 103.34 103.34 103.34 103.31 103.22 103.06 102.88 102.62 102.41
115.84 115.59 115.25 114.91 114.50 114.06 113.62 112.88 112.03 111.94 111.84 111.78 111.72 111.62 111.44 111.25 110.97 110.75 110.53 110.31 110.12 109.94 109.75 109.53 109.34 109.16 108.97 108.78 108.59 108.38 108.22 108.03 107.88 107.72 107.56 107.41 107.25 107.12 106.97 106.84 106.69 106.66 106.59 106.59 106.59 106.56 106.50 106.41 106.19 105.91 105.59 105.22 104.94 104.66 104.31 104.03 103.84 103.75 103.66 103.56 103.50 103.44 103.38 103.31 103.25 103.19 103.12 103.09 103.06 102.97 102.81 102.59 102.38 102.19
115.97 115.69 115.34 115.00 114.59 114.19 113.72 113.22 112.25 111.81 111.72 111.66 111.56 111.56 111.44 111.19 110.97 110.75 110.50 110.28 110.06 109.88 109.69 109.47 109.31 109.12 108.94 108.75 108.56 108.34 108.19 108.00 107.84 107.69 107.53 107.38 107.22 107.09 106.91 106.78 106.69 106.62 106.53 106.53 106.53 106.53 106.44 106.31 106.06 105.78 105.44 104.97 104.66 104.41 104.09 103.84 103.72 103.62 103.53 103.44 103.38 103.28 103.22 103.16 103.09 103.03 102.97 102.88 102.81 102.69 102.56 102.38 102.19 102.03
115.94 115.72 115.41 115.00 114.59 114.19 113.75 113.28 112.78 111.75 111.59 111.53 111.44 111.34 111.38 111.19 110.97 110.69 110.47 110.25 110.03 109.81 109.62 109.44 109.25 109.03 108.88 108.69 108.50 108.31 108.16 107.97 107.81 107.62 107.50 107.31 107.19 107.03 106.88 106.78 106.69 106.59 106.50 106.44 106.47 106.44 106.34 106.16 105.91 105.62 105.19 104.84 104.50 104.16 103.94 103.69 103.59 103.50 103.41 103.31 103.25 103.16 103.06 103.00 102.97 102.88 102.78 102.69 102.59 102.47 102.34 102.19 102.03 101.88
115.72 115.62 115.31 114.94 114.53 114.12 113.72 113.25 112.78 112.28 111.47 111.41 111.31 111.22 111.16 111.06 110.88 110.62 110.41 110.19 109.97 109.75 109.53 109.38 109.16 109.00 108.81 108.59 108.44 108.25 108.09 107.94 107.72 107.59 107.47 107.31 107.16 107.00 106.84 106.72 106.62 106.50 106.41 106.34 106.38 106.31 106.19 105.97 105.72 105.44 105.06 104.69 104.31 104.00 103.69 103.56 103.47 103.38 103.28 103.19 103.09 103.00 102.94 102.84 102.78 102.69 102.59 102.50 102.41 102.31 102.16 102.03 101.88 101.69
115.38 115.34 115.16 114.81 114.41 114.00 113.59 113.19 112.75 112.38 111.75 111.28 111.19 111.09 111.00 110.94 110.78 110.53 110.31 110.09 109.91 109.72 109.50 109.28 109.12 108.94 108.75 108.56 108.38 108.19 108.03 107.84 107.72 107.56 107.41 107.25 107.09 106.94 106.78 106.66 106.53 106.44 106.31 106.19 106.19 106.16 106.03 105.78 105.47 105.19 104.88 104.50 104.16 103.84 103.56 103.44 103.34 103.25 103.16 103.06 102.97 102.88 102.78 102.69 102.59 102.50 102.44 102.34 102.22 102.12 102.00 101.84 101.69 101.53
115.06 115.00 114.88 114.62 114.28 113.88 113.50 113.06 112.62 112.31 112.00 111.28 111.06 110.97 110.88 110.78 110.66 110.44 110.25 110.06 109.84 109.66 109.44 109.25 109.03 108.84 108.66 108.50 108.31 108.16 107.97 107.81 107.66 107.50 107.38 107.19 107.00 106.84 106.69 106.53 106.38 106.25 106.16 106.00 106.00 105.91 105.78 105.56 105.19 104.94 104.69 104.34 104.00 103.69 103.44 103.31 103.19 103.09 103.03 102.94 102.84 102.75 102.66 102.56 102.47 102.34 102.25 102.16 102.03 101.94 101.78 101.66 101.53 101.38
114.78 114.72 114.59 114.41 114.09 113.75 113.38 112.94 112.53 112.16 111.94 111.69 110.94 110.84 110.75 110.66 110.56 110.38 110.19 110.00 109.81 109.59 109.38 109.19 108.97 108.78 108.59 108.44 108.28 108.09 107.94 107.78 107.59 107.38 107.22 107.06 106.94 106.75 106.62 106.47 106.31 106.12 105.97 105.81 105.75 105.62 105.53 105.31 104.97 104.81 104.56 104.19 103.81 103.53 103.28 103.19 103.06 102.97 102.88 102.81 102.72 102.62 102.50 102.41 102.28 102.19 102.06 101.97 101.84 101.75 101.62 101.47 101.34 101.19
114.59 114.47 114.34 114.16 113.91 113.59 113.25 112.84 112.44 112.06 111.75 111.59 111.16 110.72 110.62 110.53 110.44 110.31 110.09 109.91 109.72 109.53 109.31 109.09 108.91 108.69 108.50 108.34 108.12 107.97 107.81 107.62 107.47 107.31 107.16 107.00 106.88 106.69 106.53 106.41 106.19 106.00 105.84 105.69 105.50 105.34 105.28 105.09 104.81 104.66 104.31 103.97 103.62 103.34 103.16 103.03 102.94 102.84 102.75 102.66 102.56 102.47 102.38 102.31 102.19 102.06 101.91 101.78 101.69 101.56 101.44 101.31 101.16 101.03
114.53 114.34 114.16 113.97 113.72 113.41 113.09 112.72 112.34 111.97 111.66 111.38 111.25 110.69 110.50 110.41 110.31 110.22 110.00 109.84 109.66 109.44 109.25 109.00 108.81 108.62 108.44 108.25 108.06 107.91 107.72 107.56 107.41 107.25 107.09 106.97 106.78 106.69 106.50 106.38 106.19 105.94 105.69 105.53 105.34 105.19 105.00 104.84 104.72 104.41 104.09 103.78 103.50 103.22 103.06 102.94 102.81 102.72 102.62 102.56 102.50 102.44 102.38 102.28 102.12 101.97 101.81 101.66 101.50 101.41 101.28 101.12 101.00 100.84
114.59 114.38 114.12 113.88 113.59 113.28 112.94 112.59 112.22 111.91 111.59 111.25 111.00 110.88 110.38 110.28 110.19 110.12 110.03 109.72 109.53 109.34 109.12 108.97 108.75 108.59 108.38 108.19 108.00 107.88 107.69 107.56 107.34 107.22 107.06 106.94 106.78 106.62 106.44 106.28 106.09 105.88 105.69 105.38 105.19 105.00 104.81 104.59 104.38 104.19 103.97 103.69 103.41 103.16 103.00 102.84 102.72 102.66 102.59 102.59 102.50 102.44 102.41 102.28 102.12 101.91 101.72 101.53 101.34 101.22 101.09 100.97 100.84 100.69
114.81 114.56 114.25 113.91 113.59 113.19 112.81 112.47 112.12 111.81 111.50 111.19 110.88 110.66 110.41 110.16 110.09 110.00 109.94 109.81 109.50 109.34 109.09 108.91 108.75 108.56 108.38 108.22 108.03 107.84 107.72 107.50 107.38 107.19 107.03 106.88 106.69 106.50 106.34 106.19 106.03 105.81 105.59 105.38 105.12 104.88 104.66 104.44 104.22 104.06 103.81 103.56 103.28 103.12 103.00 102.81 102.78 102.72 102.69 102.69 102.66 102.59 102.50 102.38 102.12 101.91 101.62 101.41 101.25 101.06 100.94 100.81 100.69 100.53
115.06 114.75 114.38 114.03 113.59 113.19 112.75 112.34 111.97 111.66 111.34 111.09 110.84 110.59 110.38 110.12 110.00 109.91 109.84 109.78 109.53 109.28 109.12 108.91 108.78 108.56 108.41 108.16 108.00 107.84 107.66 107.47 107.28 107.09 106.94 106.75 106.59 106.44 106.28 106.09 105.91 105.72 105.50 105.25 105.00 104.81 104.56 104.34 104.09 103.91 103.66 103.44 103.25 103.12 103.00 102.91 102.84 102.84 102.84 102.88 102.84 102.78 102.66 102.44 102.19 101.91 101.62 101.38 101.19 100.97 100.81 100.66 100.53 100.38
115.16 114.84 114.47 114.06 113.62 113.12 112.62 112.19 111.81 111.50 111.22 110.94 110.75 110.53 110.34 110.19 109.91 109.81 109.75 109.66 109.59 109.31 109.12 108.97 108.75 108.53 108.34 108.16 107.97 107.78 107.59 107.41 107.22 107.06 106.91 106.72 106.53 106.34 106.22 106.03 105.84 105.62 105.38 105.22 104.97 104.72 104.50 104.31 104.06 103.81 103.56 103.38 103.22 103.12 103.06 102.97 102.91 102.97 103.06 103.12 103.09 102.97 102.78 102.53 102.25 101.88 101.59 101.38 101.09 100.91 100.69 100.50 100.38 100.22
115.09 114.78 114.44 114.00 113.53 113.00 112.50 112.00 111.62 111.31 111.06 110.84 110.62 110.44 110.28 110.12 109.97 109.72 109.62 109.56 109.50 109.38 109.09 108.91 108.72 108.53 108.31 108.12 107.91 107.72 107.53 107.34 107.16 107.00 106.81 106.62 106.44 106.28 106.12 105.94 105.72 105.53 105.31 105.09 104.88 104.62 104.41 104.12 103.91 103.66 103.47 103.31 103.16 103.16 103.03 102.97 103.03 103.09 103.19 103.28 103.28 103.16 102.94 102.59 102.25 101.88 101.62 101.34 101.06 100.81 100.56 100.34 100.19 100.06
114.84 114.56 114.19 113.78 113.28 112.78 112.31 111.81 111.44 111.16 110.91 110.69 110.50 110.34 110.19 110.06 109.94 109.72 109.53 109.47 109.41 109.31 109.16 108.91 108.69 108.47 108.25 108.06 107.81 107.62 107.44 107.25 107.09 106.94 106.75 106.59 106.38 106.19 106.00 105.81 105.62 105.44 105.25 105.03 104.75 104.53 104.25 104.09 103.81 103.56 103.41 103.28 103.16 103.12 103.03 103.09 103.12 103.22 103.25 103.38 103.38 103.28 103.03 102.69 102.31 101.94 101.59 101.31 101.03 100.75 100.47 100.22 100.03 99.88
114.50 114.19 113.84 113.41 112.97 112.50 112.06 111.69 111.28 111.00 110.75 110.56 110.38 110.22 110.09 110.00 109.91 109.78 109.50 109.38 109.28 109.22 109.12 108.91 108.66 108.44 108.19 107.97 107.75 107.56 107.38 107.19 107.03 106.88 106.69 106.53 106.31 106.09 105.88 105.72 105.56 105.38 105.19 104.97 104.72 104.41 104.25 104.03 103.69 103.47 103.28 103.19 103.12 103.09 103.06 103.12 103.22 103.31 103.41 103.47 103.50 103.38 103.12 102.75 102.34 101.91 101.56 101.25 100.94 100.66 100.41 100.12 99.91 99.72
114.09 113.78 113.44 113.09 112.62 112.22 111.84 111.50 111.12 110.84 110.59 110.38 110.22 110.12 110.06 109.97 109.84 109.78 109.66 109.28 109.19 109.09 109.03 108.94 108.62 108.34 108.12 107.91 107.69 107.50 107.31 107.12 106.94 106.81 106.62 106.41 106.22 106.00 105.81 105.66 105.47 105.28 105.06 104.91 104.59 104.47 104.19 103.91 103.56 103.38 103.19 103.12 103.06 103.06 103.09 103.12 103.25 103.38 103.50 103.59 103.56 103.44 103.16 102.78 102.31 101.88 101.50 101.16 100.88 100.62 100.34 100.06 99.84 99.66
113.69 113.38 113.03 112.62 112.28 111.94 111.59 111.25 110.97 110.72 110.47 110.25 110.16 110.06 110.00 109.91 109.81 109.75 109.62 109.44 109.09 109.00 108.91 108.84 108.72 108.31 108.06 107.88 107.69 107.47 107.28 107.09 106.94 106.72 106.50 106.31 106.12 105.94 105.72 105.53 105.34 105.16 104.97 104.75 104.59 104.38 104.16 103.81 103.50 103.31 103.12 103.00 102.94 103.00 103.06 103.12 103.19 103.41 103.56 103.66 103.59 103.47 103.16 102.72 102.28 101.88 101.44 101.09 100.81 100.53 100.31 100.03 99.81 99.62
113.34 113.03 112.66 112.25 111.91 111.59 111.31 111.03 110.75 110.50 110.34 110.19 110.09 110.03 109.94 109.88 109.78 109.69 109.59 109.47 109.16 108.91 108.81 108.72 108.66 108.44 108.06 107.84 107.66 107.44 107.25 107.03 106.81 106.62 106.44 106.25 106.03 105.84 105.59 105.41 105.25 105.06 104.88 104.69 104.50 104.25 104.03 103.78 103.50 103.25 103.06 102.88 102.81 102.91 102.97 103.06 103.19 103.31 103.53 103.66 103.62 103.44 103.09 102.69 102.19 101.75 101.38 101.06 100.78 100.53 100.25 100.03 99.78 99.59
113.06 112.69 112.31 111.97 111.62 111.38 111.12 110.84 110.59 110.38 110.22 110.12 110.03 109.97 109.91 109.81 109.75 109.66 109.53 109.44 109.28 108.88 108.72 108.62 108.53 108.47 108.09 107.81 107.59 107.41 107.19 106.97 106.75 106.50 106.31 106.12 105.94 105.72 105.50 105.34 105.16 104.97 104.81 104.62 104.44 104.22 104.00 103.75 103.47 103.28 102.97 102.78 102.75 102.81 102.88 102.97 103.12 103.34 103.50 103.62 103.59 103.38 103.03 102.66 102.16 101.72 101.34 101.03 100.78 100.53 100.25 100.00 99.78 99.59
112.75 112.44 112.09 111.78 111.47 111.19 110.91 110.69 110.44 110.25 110.12 110.06 109.97 109.91 109.84 109.75 109.69 109.56 109.47 109.34 109.19 109.03 108.59 108.50 108.44 108.34 108.22 107.78 107.50 107.31 107.09 106.88 106.62 106.41 106.19 106.00 105.78 105.59 105.44 105.25 105.06 104.91 104.72 104.56 104.34 104.12 103.94 103.66 103.47 103.19 102.88 102.75 102.69 102.72 102.75 102.81 103.06 103.28 103.44 103.53 103.50 103.25 102.94 102.53 102.03 101.66 101.28 101.03 100.78 100.53 100.28 100.00 99.78 99.62
112.50 112.22 111.94 111.66 111.31 111.03 110.78 110.56 110.31 110.16 110.06 110.00 109.91 109.84 109.78 109.69 109.59 109.50 109.38 109.25 109.09 108.94 108.72 108.41 108.31 108.22 108.06 107.94 107.50 107.25 107.00 106.75 106.50 106.28 106.12 105.91 105.75 105.56 105.38 105.19 105.00 104.81 104.62 104.44 104.25 104.06 103.84 103.62 103.44 103.09 102.88 102.69 102.59 102.66 102.66 102.75 102.94 103.19 103.34 103.41 103.34 103.12 102.78 102.44 102.00 101.69 101.31 101.03 100.81 100.56 100.28 100.06 99.84 99.72
112.28 112.00 111.72 111.44 111.12 110.84 110.62 110.41 110.25 110.09 110.00 109.91 109.84 109.78 109.69 109.62 109.53 109.44 109.28 109.16 109.00 108.84 108.66 108.41 108.19 108.06 107.94 107.75 107.56 107.19 106.91 106.66 106.41 106.25 106.03 105.88 105.69 105.50 105.31 105.12 104.94 104.72 104.53 104.34 104.16 103.97 103.75 103.53 103.28 103.03 102.84 102.72 102.50 102.47 102.56 102.62 102.81 103.03 103.19 103.25 103.16 102.94 102.69 102.38 102.03 101.72 101.41 101.16 100.88 100.59 100.31 100.09 99.94 99.81
112.03 111.81 111.56 111.28 111.00 110.75 110.53 110.34 110.12 110.03 109.94 109.84 109.78 109.69 109.62 109.53 109.44 109.34 109.22 109.06 108.88 108.72 108.53 108.38 108.09 107.91 107.78 107.59 107.41 107.19 106.91 106.56 106.38 106.16 106.00 105.81 105.62 105.44 105.25 105.03 104.84 104.66 104.47 104.28 104.06 103.88 103.66 103.44 103.22 103.00 102.78 102.66 102.44 102.38 102.44 102.50 102.66 102.84 103.03 103.06 102.94 102.75 102.53 102.28 101.97 101.72 101.44 101.19 100.94 100.69 100.41 100.25 100.16 100.12
111.88 111.66 111.41 111.16 110.94 110.72 110.50 110.28 110.09 109.97 109.91 109.78 109.69 109.62 109.53 109.44 109.34 109.25 109.12 108.97 108.84 108.66 108.47 108.28 108.09 107.84 107.62 107.44 107.22 107.03 106.84 106.59 106.28 106.09 105.94 105.72 105.56 105.38 105.19 105.00 104.81 104.62 104.41 104.19 103.97 103.78 103.59 103.34 103.19 102.94 102.69 102.56 102.38 102.28 102.34 102.38 102.56 102.72 102.81 102.78 102.69 102.53 102.34 102.16 101.94 101.72 101.44 101.22 101.00 100.75 100.56 100.44 100.38 100.44
111.72 111.47 111.25 111.06 110.84 110.62 110.44 110.22 110.09 110.00 109.84 109.72 109.62 109.53 109.44 109.34 109.25 109.16 109.03 108.91 108.75 108.56 108.41 108.22 108.03 107.78 107.53 107.25 107.06 106.88 106.66 106.47 106.28 106.06 105.84 105.66 105.50 105.31 105.12 104.94 104.75 104.56 104.34 104.12 103.91 103.69 103.47 103.25 103.06 102.84 102.66 102.47 102.31 102.19 102.25 102.28 102.44 102.56 102.56 102.53 102.44 102.31 102.16 102.03 101.88 101.66 101.44 101.22 101.00 100.78 100.66 100.56 100.53 100.56
111.56 111.31 111.12 110.94 110.75 110.59 110.41 110.25 110.06 109.94 109.78 109.66 109.53 109.44 109.34 109.25 109.16 109.03 108.94 108.81 108.66 108.50 108.31 108.16 108.00 107.78 107.50 107.19 106.91 106.72 106.53 106.34 106.16 105.97 105.81 105.59 105.44 105.25 105.06 104.91 104.69 104.50 104.28 104.06 103.84 103.59 103.38 103.19 103.00 102.78 102.56 102.38 102.22 102.12 102.06 102.16 102.25 102.34 102.34 102.28 102.19 102.06 101.94 101.84 101.75 101.56 101.34 101.16 100.97 100.81 100.72 100.62 100.62 100.59
111.44 111.25 111.06 110.88 110.78 110.59 110.41 110.22 110.06 109.88 109.72 109.56 109.44 109.34 109.25 109.16 109.06 108.94 108.84 108.72 108.56 108.41 108.28 108.16 107.97 107.78 107.56 107.34 107.00 106.59 106.41 106.22 106.03 105.88 105.69 105.53 105.38 105.19 105.03 104.84 104.62 104.41 104.22 103.97 103.75 103.50 103.31 103.12 102.91 102.72 102.47 102.31 102.16 102.06 101.97 101.94 102.09 102.12 102.12 102.03 101.94 101.84 101.75 101.66 101.53 101.41 101.25 101.06 100.94 100.78 100.69 100.62 100.59 100.56
111.41 111.22 111.12 110.94 110.75 110.59 110.38 110.19 110.00 109.84 109.66 109.50 109.38 109.28 109.16 109.06 108.97 108.88 108.75 108.62 108.50 108.34 108.22 108.06 107.91 107.72 107.53 107.31 107.09 106.91 106.38 106.09 105.94 105.75 105.59 105.44 105.25 105.09 104.97 104.78 104.56 104.34 104.12 103.91 103.69 103.44 103.25 103.06 102.84 102.66 102.41 102.25 102.09 102.00 101.94 101.81 101.91 101.91 101.91 101.84 101.75 101.62 101.53 101.47 101.38 101.22 101.06 100.91 100.78 100.66 100.53 100.50 100.47 100.47
111.41 111.25 111.06 110.91 110.75 110.53 110.34 110.12 109.94 109.75 109.62 109.47 109.31 109.22 109.09 109.00 108.88 108.78 108.66 108.53 108.38 108.25 108.12 107.97 107.81 107.66 107.47 107.28 107.06 106.88 106.72 106.31 105.84 105.66 105.50 105.34 105.16 105.00 104.84 104.69 104.50 104.31 104.06 103.88 103.62 103.41 103.22 103.00 102.81 102.59 102.34 102.12 102.06 101.94 101.81 101.72 101.66 101.69 101.66 101.62 101.53 101.47 101.34 101.25 101.16 101.03 100.88 100.72 100.56 100.44 100.31 100.25 100.19 100.19
111.44 111.25 111.09 110.91 110.69 110.47 110.22 110.03 109.88 109.75 109.56 109.41 109.28 109.16 109.03 108.94 108.81 108.69 108.56 108.41 108.28 108.16 108.00 107.88 107.72 107.56 107.41 107.22 107.03 106.88 106.72 106.56 106.28 105.75 105.41 105.25 105.06 104.91 104.75 104.56 104.38 104.22 104.03 103.81 103.62 103.44 103.19 102.97 102.75 102.53 102.25 102.06 101.97 101.84 101.75 101.66 101.62 101.53 101.47 101.34 101.31 101.25 101.12 101.06 100.94 100.81 100.66 100.50 100.34 100.19 100.06 99.91 99.84 99.88
111.44 111.25 111.09 110.84 110.59 110.41 110.16 110.00 109.88 109.72 109.56 109.41 109.25 109.09 108.97 108.84 108.72 108.59 108.47 108.31 108.16 108.03 107.91 107.75 107.62 107.47 107.31 107.16 107.00 106.84 106.69 106.53 106.31 106.09 105.75 105.28 104.97 104.81 104.66 104.47 104.31 104.12 103.97 103.75 103.50 103.31 103.12 102.94 102.72 102.44 102.19 102.00 101.91 101.78 101.66 101.56 101.50 101.41 101.34 101.22 101.09 101.03 100.94 100.84 100.72 100.59 100.47 100.28 100.16 100.00 99.84 99.69 99.53 99.53
