everonasctiles/Tile10,21.asc
ncols 128
nrows 128
xllcorner 0
yllcorner 0
cellsize 2.0
NODATA_value  -9999
[rows 32 to 63 of 128, columns 0 to 70 of 128]
106.34 106.41 106.66 106.31 106.31 106.31 106.31 106.28 106.22 106.16 106.12 106.06 106.06 106.03 106.00 105.97 105.94 105.88 105.81 105.81 105.78 105.75 105.75 105.75 105.78 105.81 105.88 105.94 106.00 106.09 106.19 106.28 106.41 106.53 106.72 106.88 107.06 107.22 107.41 107.56 107.72 107.91 108.06 108.28 108.50 108.72 108.94 109.16 109.34 109.50 109.66 109.78 109.88 109.94 110.06 110.12 110.22 110.34 110.47 110.62 110.78 110.88 111.00 111.12 111.22 111.31 111.41 111.53 111.62 111.75 111.84
106.56 106.56 106.62 106.31 106.31 106.31 106.19 106.19 106.19 106.12 106.06 106.03 106.00 105.97 105.94 105.91 105.88 105.84 105.78 105.75 105.72 105.69 105.69 105.72 105.72 105.75 105.81 105.88 105.94 106.00 106.09 106.19 106.31 106.47 106.62 106.78 106.97 107.12 107.28 107.44 107.59 107.75 107.94 108.12 108.31 108.56 108.78 109.00 109.22 109.41 109.53 109.66 109.75 109.81 109.91 110.00 110.09 110.22 110.34 110.47 110.62 110.72 110.88 111.00 111.09 111.22 111.31 111.41 111.53 111.66 111.75
106.62 106.56 106.50 106.31 106.31 106.28 106.19 106.19 106.19 106.12 106.03 106.00 105.94 105.91 105.88 105.88 105.81 105.78 105.72 105.69 105.66 105.62 105.62 105.62 105.62 105.69 105.72 105.78 105.84 105.91 106.00 106.09 106.22 106.38 106.50 106.66 106.84 107.00 107.16 107.31 107.47 107.62 107.78 107.97 108.16 108.41 108.62 108.84 109.06 109.25 109.41 109.53 109.62 109.69 109.78 109.88 109.94 110.06 110.19 110.31 110.44 110.59 110.72 110.88 111.00 111.09 111.22 111.34 111.44 111.53 111.66
106.59 106.50 106.47 106.31 106.31 106.25 106.19 106.19 106.19 106.19 106.03 105.94 105.91 105.88 105.81 105.78 105.75 105.69 105.69 105.62 105.59 105.56 105.56 105.56 105.56 105.59 105.66 105.69 105.75 105.84 105.91 106.00 106.12 106.25 106.38 106.53 106.69 106.84 107.03 107.19 107.34 107.50 107.66 107.81 108.00 108.19 108.41 108.66 108.91 109.09 109.25 109.38 109.47 109.53 109.62 109.69 109.81 109.91 110.03 110.16 110.28 110.44 110.59 110.72 110.88 111.00 111.12 111.25 111.34 111.44 111.53
106.50 106.47 106.47 106.34 106.31 106.25 106.19 106.19 106.19 106.12 106.03 105.91 105.84 105.81 105.75 105.72 105.69 105.66 105.59 105.56 105.53 105.50 105.50 105.47 105.47 105.53 105.56 105.59 105.69 105.75 105.81 105.91 106.00 106.12 106.22 106.41 106.56 106.69 106.88 107.03 107.16 107.31 107.50 107.62 107.81 108.03 108.28 108.50 108.72 108.91 109.03 109.19 109.28 109.34 109.47 109.53 109.66 109.75 109.88 110.00 110.12 110.25 110.41 110.59 110.75 110.91 111.03 111.12 111.22 111.31 111.41
106.47 106.47 106.47 106.47 106.28 106.22 106.19 106.19 106.19 106.12 105.97 105.88 105.78 105.72 105.69 105.66 105.62 105.56 105.53 105.50 105.47 105.44 105.41 105.41 105.41 105.44 105.47 105.50 105.56 105.62 105.72 105.78 105.88 106.00 106.12 106.25 106.41 106.56 106.72 106.88 107.03 107.19 107.31 107.50 107.69 107.88 108.09 108.31 108.53 108.69 108.84 108.97 109.06 109.16 109.25 109.34 109.47 109.56 109.69 109.81 109.94 110.12 110.28 110.44 110.62 110.78 110.91 111.00 111.09 111.16 111.25
106.47 106.47 106.47 106.47 106.25 106.19 106.19 106.19 106.19 106.00 105.91 105.81 105.72 105.66 105.62 105.59 105.56 105.50 105.47 105.44 105.41 105.38 105.34 105.34 105.34 105.34 105.41 105.44 105.50 105.56 105.62 105.69 105.78 105.88 105.97 106.09 106.22 106.41 106.56 106.72 106.88 107.00 107.16 107.31 107.50 107.72 107.91 108.12 108.31 108.44 108.59 108.72 108.81 108.91 109.06 109.16 109.28 109.41 109.50 109.66 109.81 109.94 110.12 110.28 110.47 110.62 110.75 110.84 110.94 111.00 111.09
106.47 106.47 106.47 106.47 106.22 106.19 106.19 106.12 106.09 106.00 105.78 105.75 105.66 105.62 105.56 105.53 105.47 105.44 105.41 105.38 105.31 105.28 105.28 105.28 105.25 105.28 105.31 105.34 105.38 105.44 105.50 105.59 105.66 105.72 105.84 105.97 106.09 106.25 106.41 106.56 106.69 106.81 106.97 107.16 107.34 107.53 107.72 107.94 108.09 108.25 108.38 108.47 108.56 108.72 108.84 108.97 109.09 109.22 109.34 109.47 109.62 109.81 109.94 110.12 110.31 110.44 110.53 110.66 110.72 110.81 110.91
106.47 106.47 106.47 106.47 106.16 106.09 106.00 106.19 106.00 105.88 105.75 105.69 105.59 105.56 105.50 105.47 105.41 105.38 105.31 105.28 105.25 105.22 105.22 105.19 105.19 105.19 105.22 105.25 105.28 105.34 105.41 105.47 105.56 105.62 105.72 105.84 105.94 106.09 106.25 106.41 106.53 106.69 106.81 107.00 107.16 107.34 107.53 107.72 107.88 108.00 108.12 108.25 108.34 108.50 108.62 108.75 108.91 109.03 109.16 109.31 109.47 109.62 109.78 109.97 110.12 110.25 110.31 110.44 110.53 110.62 110.72
106.53 106.44 106.41 106.22 106.12 106.06 105.97 105.88 105.88 105.78 105.72 105.62 105.53 105.47 105.44 105.41 105.34 105.28 105.25 105.22 105.19 105.16 105.16 105.12 105.12 105.12 105.12 105.16 105.19 105.25 105.31 105.34 105.44 105.50 105.59 105.69 105.81 105.94 106.09 106.22 106.38 106.50 106.66 106.81 106.97 107.19 107.34 107.50 107.66 107.78 107.91 108.03 108.12 108.31 108.41 108.59 108.72 108.84 109.00 109.16 109.28 109.47 109.62 109.78 109.94 110.03 110.12 110.22 110.31 110.41 110.53
106.50 106.41 106.31 106.19 106.09 106.00 105.91 105.84 105.75 105.66 105.59 105.53 105.47 105.41 105.38 105.31 105.28 105.22 105.19 105.16 105.12 105.09 105.09 105.06 105.06 105.03 105.03 105.06 105.09 105.16 105.19 105.25 105.31 105.38 105.47 105.56 105.66 105.81 105.91 106.06 106.19 106.31 106.47 106.62 106.81 106.97 107.16 107.31 107.47 107.59 107.69 107.81 107.94 108.06 108.25 108.41 108.53 108.66 108.81 108.97 109.09 109.28 109.41 109.56 109.72 109.81 109.94 110.03 110.09 110.22 110.34
106.47 106.38 106.25 106.16 106.03 105.97 105.88 105.78 105.69 105.62 105.53 105.47 105.41 105.34 105.28 105.25 105.19 105.16 105.09 105.06 105.03 105.03 105.00 105.00 104.97 104.97 104.97 104.97 105.00 105.03 105.06 105.12 105.19 105.25 105.34 105.44 105.53 105.66 105.78 105.91 106.03 106.16 106.31 106.44 106.62 106.78 106.97 107.12 107.25 107.38 107.50 107.62 107.75 107.91 108.06 108.19 108.34 108.50 108.62 108.78 108.94 109.06 109.22 109.34 109.50 109.59 109.72 109.81 109.94 110.03 110.16
106.44 106.31 106.22 106.12 106.03 105.94 105.84 105.72 105.66 105.56 105.47 105.41 105.34 105.28 105.25 105.19 105.09 105.06 105.00 105.00 104.97 104.94 104.91 104.91 104.91 104.88 104.88 104.88 104.91 104.94 104.97 105.00 105.06 105.12 105.22 105.28 105.41 105.50 105.62 105.72 105.88 106.00 106.12 106.28 106.44 106.59 106.75 106.91 107.03 107.19 107.28 107.44 107.56 107.72 107.88 108.03 108.19 108.31 108.47 108.59 108.75 108.88 109.00 109.16 109.28 109.38 109.50 109.62 109.72 109.84 109.97
106.44 106.31 106.19 106.09 106.00 105.88 105.78 105.69 105.59 105.50 105.44 105.34 105.28 105.22 105.16 105.09 105.03 105.00 104.94 104.91 104.88 104.84 104.84 104.81 104.81 104.78 104.78 104.78 104.78 104.81 104.84 104.88 104.94 105.00 105.06 105.16 105.25 105.38 105.47 105.56 105.69 105.81 105.97 106.09 106.25 106.41 106.56 106.72 106.81 106.97 107.09 107.25 107.41 107.56 107.69 107.84 108.00 108.12 108.25 108.41 108.53 108.69 108.81 108.94 109.06 109.19 109.31 109.41 109.53 109.66 109.78
106.44 106.31 106.19 106.06 105.94 105.84 105.75 105.62 105.53 105.44 105.38 105.28 105.22 105.16 105.09 105.03 104.97 104.91 104.88 104.81 104.78 104.78 104.75 104.72 104.72 104.69 104.69 104.69 104.69 104.69 104.72 104.75 104.81 104.88 104.94 105.03 105.09 105.22 105.31 105.44 105.53 105.66 105.78 105.94 106.06 106.22 106.38 106.47 106.66 106.78 106.91 107.06 107.22 107.38 107.53 107.66 107.81 107.97 108.09 108.22 108.34 108.50 108.59 108.75 108.88 108.97 109.09 109.22 109.34 109.47 109.59
106.38 106.25 106.12 106.00 105.91 105.78 105.69 105.59 105.47 105.38 105.28 105.22 105.16 105.09 105.00 104.94 104.88 104.84 104.78 104.75 104.72 104.66 104.66 104.62 104.62 104.59 104.59 104.56 104.59 104.59 104.62 104.66 104.69 104.72 104.81 104.88 104.97 105.06 105.16 105.25 105.38 105.50 105.62 105.75 105.91 106.03 106.16 106.31 106.44 106.59 106.75 106.88 107.03 107.19 107.34 107.50 107.62 107.78 107.91 108.03 108.19 108.31 108.44 108.56 108.69 108.81 108.91 109.03 109.16 109.31 109.47
106.34 106.19 106.03 105.97 105.84 105.72 105.62 105.53 105.41 105.31 105.25 105.16 105.09 105.00 104.94 104.88 104.81 104.75 104.72 104.66 104.62 104.59 104.56 104.53 104.53 104.50 104.47 104.47 104.47 104.50 104.50 104.53 104.56 104.59 104.69 104.75 104.81 104.91 105.00 105.09 105.22 105.34 105.47 105.59 105.72 105.88 106.00 106.12 106.28 106.41 106.56 106.69 106.88 107.03 107.19 107.34 107.50 107.66 107.81 107.97 108.12 108.25 108.38 108.47 108.56 108.66 108.75 108.91 109.03 109.19 109.31
106.25 106.06 105.94 105.88 105.78 105.66 105.56 105.44 105.34 105.25 105.16 105.09 105.00 104.94 104.84 104.81 104.72 104.69 104.62 104.59 104.56 104.50 104.47 104.44 104.41 104.41 104.38 104.38 104.38 104.38 104.38 104.41 104.44 104.47 104.53 104.59 104.66 104.75 104.84 104.94 105.06 105.16 105.28 105.44 105.56 105.69 105.84 105.97 106.09 106.25 106.38 106.53 106.69 106.84 107.03 107.22 107.41 107.62 107.81 108.00 108.19 108.31 108.41 108.50 108.53 108.59 108.69 108.78 108.94 109.06 109.19
106.16 105.94 105.81 105.75 105.72 105.59 105.47 105.38 105.28 105.19 105.09 105.00 104.94 104.84 104.78 104.72 104.66 104.59 104.56 104.50 104.47 104.44 104.41 104.34 104.31 104.31 104.28 104.28 104.28 104.28 104.28 104.28 104.31 104.34 104.41 104.44 104.50 104.59 104.69 104.78 104.91 105.00 105.12 105.28 105.41 105.53 105.66 105.81 105.94 106.06 106.19 106.38 106.53 106.72 106.91 107.16 107.34 107.59 107.84 108.06 108.28 108.44 108.53 108.62 108.66 108.69 108.78 108.88 108.97 109.09 109.19
106.09 105.88 105.69 105.62 105.59 105.50 105.38 105.28 105.19 105.09 105.00 104.94 104.84 104.78 104.72 104.66 104.59 104.53 104.47 104.44 104.38 104.34 104.31 104.28 104.22 104.22 104.19 104.16 104.16 104.16 104.16 104.16 104.19 104.22 104.25 104.31 104.38 104.44 104.53 104.62 104.72 104.84 104.97 105.09 105.22 105.38 105.50 105.62 105.75 105.91 106.03 106.19 106.38 106.59 106.81 107.06 107.31 107.62 107.91 108.16 108.38 108.56 108.69 108.81 108.91 109.00 109.12 109.16 109.19 109.25 109.28
106.00 105.81 105.66 105.53 105.47 105.41 105.28 105.19 105.09 105.00 104.91 104.84 104.78 104.69 104.62 104.56 104.50 104.44 104.41 104.34 104.28 104.25 104.22 104.16 104.16 104.12 104.09 104.06 104.06 104.03 104.03 104.03 104.06 104.06 104.09 104.16 104.22 104.31 104.38 104.47 104.56 104.66 104.72 104.84 104.97 105.12 105.31 105.47 105.59 105.72 105.88 106.03 106.25 106.47 106.69 106.97 107.28 107.62 107.97 108.25 108.50 108.72 108.91 109.06 109.22 109.38 109.44 109.47 109.50 109.47 109.47
105.91 105.75 105.56 105.44 105.34 105.28 105.19 105.09 105.00 104.88 104.81 104.75 104.69 104.62 104.56 104.47 104.44 104.38 104.28 104.25 104.22 104.16 104.12 104.09 104.06 104.03 104.00 103.97 103.94 103.94 103.91 103.91 103.91 103.94 103.97 104.00 104.06 104.12 104.22 104.28 104.38 104.44 104.47 104.56 104.69 104.88 105.09 105.34 105.47 105.56 105.69 105.88 106.09 106.31 106.59 106.88 107.25 107.62 107.97 108.31 108.62 108.91 109.12 109.41 109.59 109.72 109.78 109.78 109.78 109.72 109.62
105.84 105.66 105.50 105.34 105.22 105.16 105.09 104.97 104.88 104.78 104.72 104.66 104.59 104.53 104.44 104.41 104.34 104.28 104.22 104.16 104.12 104.06 104.03 104.00 103.97 103.94 103.88 103.84 103.84 103.81 103.78 103.78 103.78 103.78 103.81 103.84 103.88 103.91 104.00 104.06 104.12 104.12 104.16 104.25 104.47 104.75 105.06 105.28 105.44 105.53 105.56 105.72 105.91 106.16 106.44 106.75 107.16 107.56 107.97 108.34 108.72 109.06 109.38 109.69 109.88 110.00 110.03 110.09 110.03 109.94 109.81
105.78 105.59 105.38 105.22 105.09 105.00 105.00 104.88 104.75 104.69 104.59 104.53 104.50 104.44 104.38 104.28 104.25 104.19 104.12 104.06 104.00 103.97 103.94 103.91 103.84 103.81 103.78 103.75 103.72 103.69 103.66 103.66 103.66 103.66 103.66 103.69 103.72 103.78 103.81 103.84 103.78 103.72 103.75 103.88 104.12 104.44 104.84 105.25 105.41 105.38 105.62 105.62 105.75 105.97 106.25 106.59 107.00 107.44 107.84 108.31 108.72 109.09 109.53 109.84 110.09 110.22 110.28 110.31 110.25 110.09 109.94
105.75 105.50 105.25 105.06 104.91 104.88 104.84 104.72 104.66 104.56 104.47 104.41 104.38 104.31 104.25 104.19 104.12 104.06 104.03 103.97 103.91 103.88 103.84 103.81 103.75 103.72 103.69 103.66 103.59 103.56 103.53 103.50 103.50 103.50 103.56 103.62 103.62 103.62 103.56 103.41 103.28 103.28 103.34 103.50 103.72 104.00 104.34 104.72 105.03 105.06 104.97 104.94 105.00 105.16 105.44 106.22 106.78 107.22 107.66 108.12 108.56 109.06 109.50 109.88 110.12 110.31 110.41 110.44 110.38 110.22 109.97
105.88 105.41 105.09 104.88 104.72 104.72 104.69 104.62 104.50 104.41 104.34 104.31 104.25 104.19 104.12 104.09 104.00 103.97 103.91 103.88 103.81 103.75 103.72 103.69 103.66 103.62 103.56 103.53 103.50 103.44 103.41 103.38 103.41 103.44 103.50 103.50 103.34 103.16 103.00 102.88 102.78 102.84 102.94 103.09 103.31 103.53 103.84 104.16 104.41 104.50 104.44 104.44 104.50 104.69 104.97 105.44 106.12 106.84 107.38 107.84 108.31 108.84 109.34 109.75 110.06 110.28 110.41 110.47 110.34 110.16 109.91
105.88 105.34 104.81 104.62 104.56 104.53 104.53 104.47 104.34 104.28 104.22 104.16 104.12 104.09 104.03 103.94 103.91 103.84 103.78 103.75 103.69 103.66 103.59 103.56 103.56 103.53 103.47 103.44 103.38 103.34 103.31 103.31 103.31 103.28 103.19 103.03 102.84 102.62 102.47 102.38 102.38 102.44 102.56 102.72 102.91 103.12 103.34 103.59 103.81 103.88 103.84 103.78 104.19 104.38 104.66 105.12 105.72 106.34 106.91 107.47 107.97 108.53 109.09 109.56 109.88 110.12 110.25 110.28 110.22 110.03 109.75
105.81 105.34 104.66 104.47 104.38 104.31 104.31 104.31 104.25 104.16 104.09 104.03 104.00 103.97 103.91 103.84 103.78 103.72 103.69 103.62 103.59 103.53 103.50 103.47 103.44 103.41 103.41 103.38 103.31 103.28 103.22 103.16 103.03 102.88 102.72 102.53 102.38 102.25 102.12 102.06 102.06 102.09 102.22 102.38 102.53 102.72 102.91 103.09 103.28 103.41 103.53 103.62 103.78 104.00 104.28 104.75 105.34 106.00 106.56 107.09 107.62 108.19 108.69 109.09 109.41 109.62 109.75 109.84 109.88 109.75 109.56
105.72 105.34 104.50 104.25 104.12 104.09 104.09 104.12 104.09 104.03 103.97 103.91 103.88 103.84 103.81 103.72 103.66 103.59 103.56 103.50 103.47 103.41 103.38 103.34 103.34 103.34 103.34 103.28 103.16 103.06 102.91 102.75 102.59 102.47 102.34 102.22 102.09 102.00 101.91 101.84 101.84 101.84 101.94 102.06 102.19 102.38 102.56 102.72 102.91 103.06 103.25 103.53 103.78 103.88 104.06 104.47 105.09 105.72 106.28 106.78 107.31 107.81 108.28 108.69 108.97 109.19 109.31 109.44 109.50 109.53 109.53
105.59 105.38 104.41 104.00 103.88 103.88 103.88 103.91 103.94 103.91 103.84 103.81 103.75 103.72 103.69 103.62 103.56 103.47 103.41 103.38 103.34 103.31 103.31 103.28 103.28 103.25 103.16 103.00 102.81 102.66 102.50 102.38 102.28 102.19 102.09 102.00 101.91 101.81 101.75 101.72 101.72 101.72 101.75 101.78 101.91 102.06 102.25 102.44 102.62 102.81 103.06 103.38 103.75 104.00 104.22 104.62 105.06 105.75 106.03 106.41 106.94 107.44 107.91 108.28 108.56 108.78 108.94 109.06 109.16 109.31 109.50
105.47 105.38 104.38 103.75 103.66 103.62 103.69 103.75 103.75 103.75 103.72 103.69 103.66 103.62 103.56 103.50 103.41 103.34 103.34 103.34 103.34 103.31 103.25 103.12 103.03 102.94 102.75 102.56 102.44 102.31 102.19 102.12 102.06 101.97 101.91 101.84 101.78 101.72 101.69 101.66 101.66 101.66 101.66 101.66 101.69 101.81 101.97 102.16 102.38 102.62 102.91 103.22 103.62 104.19 104.59 105.00 105.50 105.72 105.81 106.09 106.56 107.09 107.56 107.97 108.25 108.47 108.62 108.75 108.84 109.06 109.31
105.34 105.31 104.47 103.53 103.44 103.44 103.50 103.56 103.59 103.59 103.56 103.53 103.53 103.50 103.44 103.41 103.38 103.34 103.34 103.34 103.28 103.06 102.91 102.75 102.59 102.47 102.34 102.22 102.12 102.03 101.97 101.91 101.88 101.81 101.78 101.72 101.69 101.66 101.66 101.66 101.66 101.66 101.66 101.66 101.66 101.66 101.75 101.94 102.16 102.41 102.69 103.06 103.47 104.00 104.84 105.44 105.97 105.81 105.72 105.88 106.25 106.78 107.34 107.75 108.00 108.19 108.34 108.44 108.50 108.81 109.03
