everonasctiles/Tile[9,16].asc
ncols 128
nrows 128
xllcorner 0
yllcorner 0
cellsize 2.0
NODATA_value  -9999
[rows 0 to 34 of 128, columns 0 to 78 of 128]
-1.44 -1.41 -1.38 -1.38 -1.38 -1.38 -1.38 -1.28 -1.06 -0.72 -0.38 -0.06 0.25 0.53 0.97 0.97 1.00 1.09 1.31 1.59 1.94 2.16 2.62 3.44 4.31 5.00 5.62 6.12 6.56 6.91 7.19 7.41 7.62 7.78 7.91 8.06 8.22 8.44 8.66 8.88 9.09 9.28 9.50 9.69 9.88 10.06 10.25 10.44 10.66 10.81 11.00 11.06 10.91 10.91 10.91 10.91 10.91 11.25 11.56 11.81 12.00 12.12 12.25 12.34 12.41 12.44 12.47 12.50 12.50 12.50 12.50 12.47 12.47 12.44 12.41 12.38 12.34 12.31 12.31
-1.41 -1.41 -1.38 -1.38 -1.38 -1.38 -1.34 -1.19 -0.91 -0.56 -0.25 0.06 0.38 0.62 0.97 0.97 1.00 1.09 1.31 1.66 1.97 2.19 2.59 3.28 4.12 4.88 5.47 6.00 6.44 6.81 7.09 7.34 7.56 7.72 7.88 8.00 8.16 8.38 8.59 8.81 9.03 9.25 9.44 9.66 9.88 10.06 10.28 10.50 10.72 10.94 11.09 11.06 10.94 10.94 10.94 10.94 10.97 11.38 11.69 11.94 12.16 12.31 12.41 12.50 12.56 12.59 12.62 12.62 12.62 12.62 12.62 12.59 12.59 12.56 12.53 12.50 12.47 12.44 12.41
-1.41 -1.38 -1.41 -1.41 -1.41 -1.38 -1.28 -1.06 -0.75 -0.44 -0.09 0.19 0.47 0.72 0.97 0.97 0.97 1.06 1.31 1.69 2.06 2.28 2.59 3.19 4.03 4.81 5.44 5.91 6.38 6.75 7.06 7.31 7.53 7.69 7.81 7.94 8.09 8.31 8.53 8.75 8.97 9.19 9.41 9.62 9.84 10.09 10.31 10.56 10.81 11.03 11.22 11.12 10.97 10.97 10.97 10.97 11.03 11.47 11.81 12.09 12.28 12.44 12.56 12.62 12.69 12.72 12.75 12.75 12.75 12.75 12.75 12.72 12.72 12.69 12.66 12.62 12.59 12.56 12.53
-1.38 -1.38 -1.41 -1.41 -1.44 -1.38 -1.19 -0.91 -0.59 -0.28 0.00 0.28 0.56 0.97 0.97 0.97 0.97 1.00 1.25 1.75 2.16 2.34 2.66 3.19 4.00 4.81 5.47 5.91 6.34 6.72 7.06 7.31 7.50 7.66 7.78 7.91 8.03 8.25 8.47 8.69 8.91 9.12 9.34 9.59 9.84 10.09 10.38 10.66 10.91 11.12 11.31 11.12 11.00 11.00 11.00 11.00 11.06 11.56 11.91 12.22 12.41 12.56 12.66 12.72 12.78 12.81 12.84 12.88 12.88 12.88 12.84 12.84 12.81 12.78 12.78 12.75 12.72 12.69 12.62
-1.38 -1.38 -1.41 -1.44 -1.50 -1.38 -1.09 -0.78 -0.47 -0.16 0.12 0.38 0.62 0.97 0.97 0.97 0.97 0.97 1.25 1.81 2.22 2.41 2.69 3.22 4.00 4.88 5.50 5.94 6.34 6.75 7.06 7.31 7.50 7.66 7.75 7.84 7.97 8.19 8.41 8.62 8.84 9.06 9.31 9.56 9.81 10.09 10.41 10.72 11.03 11.25 11.38 11.16 11.03 11.03 11.03 11.03 11.12 11.62 12.00 12.31 12.50 12.62 12.75 12.81 12.88 12.94 12.94 12.97 12.97 12.97 12.97 12.94 12.91 12.91 12.88 12.84 12.81 12.78 12.75
-1.38 -1.38 -1.41 -1.44 -1.47 -1.25 -0.94 -0.62 -0.31 -0.03 0.22 0.47 0.72 0.97 0.97 0.97 0.97 1.00 1.31 1.84 2.28 2.50 2.72 3.16 3.94 4.84 5.50 5.97 6.34 6.75 7.09 7.31 7.50 7.62 7.69 7.78 7.94 8.12 8.34 8.56 8.78 9.00 9.25 9.50 9.78 10.09 10.47 10.81 11.16 11.34 11.47 11.16 11.06 11.06 11.06 11.06 11.19 11.69 12.06 12.38 12.56 12.72 12.84 12.91 12.97 13.00 13.03 13.06 13.06 13.06 13.06 13.03 13.00 13.00 12.97 12.94 12.91 12.88 12.84
-1.38 -1.38 -1.41 -1.41 -1.34 -1.12 -0.81 -0.50 -0.22 0.06 0.31 0.56 0.78 0.97 0.97 0.97 0.97 1.03 1.38 1.91 2.34 2.56 2.81 3.34 4.00 4.72 5.44 5.94 6.31 6.75 7.06 7.31 7.47 7.56 7.66 7.75 7.88 8.06 8.25 8.47 8.72 8.94 9.19 9.47 9.75 10.09 10.56 11.00 11.28 11.44 11.47 11.16 11.09 11.09 11.09 11.09 11.28 11.78 12.16 12.44 12.62 12.78 12.91 13.00 13.03 13.09 13.12 13.12 13.12 13.12 13.12 13.12 13.09 13.06 13.06 13.03 13.00 12.97 12.94
-1.38 -1.41 -1.41 -1.38 -1.25 -0.97 -0.66 -0.38 -0.09 0.16 0.41 0.62 0.84 0.97 0.97 0.97 0.97 0.97 1.28 2.06 2.41 2.62 2.97 3.47 4.06 4.69 5.31 5.84 6.25 6.69 7.00 7.25 7.41 7.53 7.62 7.69 7.81 8.00 8.19 8.41 8.62 8.88 9.12 9.41 9.72 10.09 10.66 11.12 11.38 11.50 11.47 11.19 11.12 11.12 11.12 11.12 11.38 11.88 12.25 12.50 12.69 12.84 12.97 13.06 13.12 13.16 13.19 13.19 13.22 13.22 13.19 13.19 13.19 13.16 13.12 13.09 13.06 13.03 13.00
-1.38 -1.41 -1.41 -1.34 -1.16 -0.84 -0.56 -0.28 0.00 0.25 0.47 0.69 0.91 0.97 0.97 0.97 0.97 0.97 1.16 2.00 2.47 2.69 3.06 3.53 4.09 4.69 5.28 5.81 6.16 6.59 6.94 7.19 7.38 7.47 7.56 7.66 7.75 7.91 8.12 8.34 8.56 8.81 9.06 9.34 9.69 10.06 10.78 11.22 11.44 11.53 11.50 11.22 11.16 11.16 11.16 11.16 11.47 11.97 12.31 12.56 12.75 12.91 13.03 13.09 13.16 13.22 13.25 13.25 13.25 13.28 13.25 13.25 13.25 13.22 13.19 13.16 13.16 13.09 13.06
-1.38 -1.38 -1.38 -1.34 -1.03 -0.72 -0.44 -0.16 0.09 0.31 0.56 0.78 0.97 0.97 0.97 0.97 0.97 0.97 1.22 1.84 2.44 2.72 3.16 3.62 4.16 4.72 5.28 5.78 6.09 6.53 6.88 7.12 7.31 7.44 7.53 7.59 7.69 7.84 8.03 8.25 8.50 8.75 9.00 9.28 9.66 10.00 10.91 11.31 11.47 11.56 11.50 11.22 11.19 11.19 11.19 11.19 11.62 12.09 12.41 12.66 12.81 12.97 13.06 13.16 13.22 13.25 13.28 13.31 13.31 13.31 13.31 13.31 13.28 13.28 13.25 13.22 13.22 13.19 13.12
-1.38 -1.38 -1.53 -1.22 -0.91 -0.62 -0.34 -0.09 0.16 0.41 0.62 0.97 0.97 0.97 0.97 0.97 0.97 0.97 1.09 1.62 2.34 2.78 3.19 3.69 4.22 4.78 5.31 5.78 6.03 6.47 6.81 7.06 7.25 7.38 7.47 7.56 7.62 7.75 7.94 8.16 8.41 8.66 8.94 9.25 9.62 10.03 11.00 11.41 11.56 11.59 11.53 11.25 11.22 11.22 11.22 11.22 11.75 12.22 12.50 12.72 12.88 13.00 13.09 13.19 13.25 13.28 13.31 13.34 13.34 13.34 13.38 13.34 13.34 13.34 13.31 13.28 13.25 13.22 13.19
-1.41 -1.38 -1.41 -1.09 -0.78 -0.50 -0.25 0.00 0.25 0.47 0.69 0.97 0.97 0.97 0.97 0.97 0.97 0.97 1.06 1.56 2.25 2.81 3.25 3.75 4.28 4.81 5.34 5.78 6.03 6.44 6.75 7.03 7.22 7.34 7.44 7.50 7.56 7.66 7.84 8.06 8.31 8.59 8.84 9.19 9.56 9.88 10.97 11.50 11.59 11.62 11.56 11.28 11.25 11.22 11.22 11.25 11.84 12.31 12.56 12.75 12.91 13.03 13.12 13.22 13.25 13.31 13.34 13.38 13.38 13.41 13.41 13.41 13.38 13.38 13.34 13.34 13.31 13.28 13.25
-1.44 -1.50 -1.28 -0.97 -0.69 -0.41 -0.16 0.09 0.31 0.53 0.72 0.97 0.97 0.97 0.97 0.97 0.97 0.97 1.03 1.50 2.25 2.84 3.28 3.78 4.31 4.88 5.38 5.78 6.03 6.44 6.75 7.00 7.16 7.31 7.41 7.47 7.47 7.56 7.75 7.97 8.22 8.50 8.75 9.09 9.50 9.91 11.19 11.56 11.62 11.66 11.59 11.31 11.28 11.25 11.25 11.28 11.91 12.38 12.62 12.81 12.94 13.06 13.16 13.22 13.28 13.31 13.34 13.38 13.41 13.41 13.44 13.44 13.44 13.41 13.41 13.38 13.34 13.31 13.28
-1.59 -1.47 -1.19 -0.88 -0.59 -0.31 -0.06 0.16 0.38 0.59 0.78 0.97 0.97 0.97 0.97 0.97 0.97 0.97 0.97 1.41 2.44 2.88 3.28 3.81 4.38 4.91 5.41 5.84 6.06 6.44 6.75 6.97 7.16 7.28 7.38 7.41 7.41 7.44 7.62 7.88 8.12 8.41 8.66 9.00 9.34 9.75 11.06 11.59 11.62 11.62 11.59 11.31 11.28 11.28 11.28 11.28 11.91 12.41 12.66 12.81 12.94 13.06 13.16 13.22 13.28 13.31 13.38 13.41 13.41 13.44 13.44 13.44 13.44 13.44 13.44 13.41 13.38 13.34 13.31
-1.62 -1.38 -1.06 -0.78 -0.50 -0.25 0.00 0.22 0.44 0.62 0.84 0.97 0.97 0.97 0.97 0.97 0.97 0.97 0.97 1.44 2.44 2.84 3.34 3.88 4.41 4.97 5.44 5.88 6.12 6.47 6.75 6.97 7.16 7.28 7.34 7.38 7.34 7.31 7.53 7.78 8.03 8.28 8.56 8.91 9.31 9.81 11.12 11.56 11.53 11.56 11.56 11.34 11.31 11.31 11.31 11.31 11.94 12.44 12.66 12.81 12.94 13.03 13.12 13.22 13.28 13.31 13.38 13.41 13.44 13.44 13.47 13.47 13.47 13.47 13.47 13.44 13.41 13.38 13.34
-1.56 -1.28 -0.97 -0.69 -0.41 -0.16 0.06 0.28 0.50 0.69 0.97 0.97 0.97 0.97 0.97 0.97 0.97 0.97 1.03 1.53 2.28 2.81 3.38 3.91 4.47 5.00 5.50 5.97 6.19 6.53 6.78 7.00 7.16 7.25 7.31 7.34 7.31 7.22 7.44 7.69 7.94 8.19 8.50 8.84 9.31 9.94 10.81 11.38 11.44 11.50 11.50 11.38 11.34 11.34 11.31 11.34 11.94 12.41 12.62 12.78 12.91 13.00 13.09 13.19 13.25 13.31 13.34 13.38 13.44 13.44 13.47 13.47 13.50 13.50 13.47 13.47 13.44 13.41 13.38
-1.47 -1.19 -0.88 -0.59 -0.34 -0.09 0.12 0.34 0.53 0.75 0.97 0.97 0.97 0.97 0.97 0.97 0.97 0.97 1.03 1.50 2.28 2.84 3.41 3.97 4.53 5.06 5.59 6.03 6.25 6.56 6.81 7.00 7.16 7.25 7.31 7.31 7.28 7.16 7.34 7.59 7.88 8.16 8.44 8.84 9.34 9.91 10.53 11.09 11.28 11.38 11.44 11.38 11.38 11.34 11.34 11.38 11.91 12.34 12.56 12.72 12.84 12.97 13.06 13.12 13.22 13.28 13.34 13.38 13.41 13.44 13.47 13.50 13.50 13.50 13.50 13.47 13.47 13.44 13.41
-1.38 -1.09 -0.81 -0.53 -0.28 -0.03 0.19 0.41 0.59 0.97 0.97 0.97 0.97 0.97 0.97 0.97 0.97 0.97 1.03 1.53 2.38 2.88 3.44 4.03 4.59 5.16 5.69 6.12 6.31 6.59 6.84 7.03 7.16 7.25 7.28 7.25 7.22 7.12 7.25 7.53 7.78 8.09 8.44 8.88 9.34 9.84 10.38 10.81 11.12 11.22 11.34 11.41 11.38 11.38 11.38 11.38 11.88 12.28 12.50 12.66 12.78 12.91 13.00 13.09 13.16 13.25 13.31 13.34 13.41 13.44 13.47 13.50 13.50 13.50 13.50 13.50 13.47 13.44 13.41
-1.28 -1.00 -0.72 -0.44 -0.19 0.03 0.25 0.44 0.66 0.97 0.97 0.97 0.97 0.97 0.97 0.97 0.97 0.97 1.00 1.44 2.25 2.91 3.50 4.09 4.66 5.22 5.72 6.16 6.34 6.59 6.81 7.00 7.12 7.22 7.22 7.22 7.16 7.06 7.16 7.47 7.75 8.06 8.44 8.88 9.28 9.75 10.25 10.66 10.97 11.09 11.28 11.41 11.41 11.41 11.41 11.41 11.78 12.19 12.38 12.56 12.69 12.81 12.94 13.03 13.12 13.19 13.28 13.31 13.38 13.44 13.47 13.50 13.50 13.50 13.53 13.50 13.50 13.47 13.44
-1.19 -0.91 -0.62 -0.38 -0.12 0.09 0.31 0.50 0.69 0.97 0.97 0.97 0.97 0.97 0.97 0.97 0.97 0.97 1.12 1.56 2.28 2.97 3.59 4.19 4.72 5.25 5.72 6.19 6.34 6.59 6.78 6.94 7.06 7.16 7.19 7.16 7.09 7.00 7.09 7.41 7.72 8.03 8.44 8.81 9.25 9.69 10.09 10.50 10.84 11.00 11.16 11.41 11.41 11.41 11.41 11.41 11.66 12.06 12.28 12.44 12.59 12.72 12.84 12.97 13.06 13.16 13.22 13.28 13.34 13.41 13.44 13.47 13.50 13.53 13.53 13.50 13.50 13.47 13.44
-1.12 -0.84 -0.56 -0.31 -0.06 0.16 0.34 0.56 0.72 0.97 0.97 0.97 0.97 0.97 0.97 0.97 0.97 1.03 1.31 1.81 2.47 3.16 3.78 4.31 4.81 5.28 5.69 6.06 6.28 6.53 6.75 6.91 7.00 7.09 7.12 7.09 7.00 6.91 7.03 7.34 7.69 8.00 8.38 8.78 9.16 9.59 10.00 10.34 10.69 10.88 11.06 11.41 11.44 11.44 11.44 11.44 11.59 11.97 12.16 12.31 12.50 12.62 12.78 12.88 13.00 13.09 13.19 13.25 13.31 13.38 13.44 13.47 13.50 13.50 13.53 13.53 13.50 13.47 13.44
-1.03 -0.75 -0.50 -0.25 0.00 0.22 0.41 0.59 0.78 0.97 0.97 0.97 0.97 0.97 0.97 0.97 0.97 1.09 1.47 2.06 2.75 3.44 4.03 4.50 4.91 5.28 5.66 5.97 6.22 6.47 6.69 6.84 6.94 7.00 7.03 7.00 6.94 6.84 7.00 7.34 7.66 8.00 8.34 8.72 9.09 9.50 9.91 10.28 10.62 10.81 11.00 11.41 11.44 11.44 11.44 11.44 11.56 11.88 12.03 12.22 12.38 12.53 12.69 12.81 12.94 13.03 13.12 13.22 13.28 13.34 13.41 13.44 13.47 13.50 13.53 13.53 13.50 13.47 13.44
-0.97 -0.69 -0.44 -0.19 0.06 0.25 0.47 0.66 0.81 0.97 0.97 0.97 0.97 0.97 0.97 0.97 0.97 1.06 1.62 2.34 3.09 3.75 4.34 4.88 4.88 5.25 5.59 5.88 6.16 6.41 6.62 6.78 6.88 6.94 6.97 6.94 6.84 6.81 7.00 7.31 7.62 7.97 8.34 8.69 9.03 9.41 9.81 10.22 10.53 10.78 10.97 11.38 11.47 11.47 11.47 11.47 11.50 11.78 11.94 12.12 12.28 12.44 12.59 12.75 12.88 12.97 13.09 13.19 13.25 13.31 13.38 13.44 13.47 13.50 13.50 13.50 13.50 13.47 13.44
-0.88 -0.62 -0.34 -0.12 0.09 0.31 0.50 0.69 0.88 0.97 0.97 0.97 0.97 0.97 0.97 0.97 0.97 0.97 1.75 2.59 3.22 3.84 4.38 4.88 4.88 5.22 5.53 5.81 6.09 6.34 6.59 6.75 6.84 6.91 6.91 6.91 6.81 6.81 7.03 7.34 7.69 8.00 8.34 8.66 9.03 9.38 9.75 10.16 10.50 10.78 10.97 11.31 11.47 11.47 11.47 11.47 11.50 11.69 11.84 12.00 12.19 12.34 12.50 12.66 12.78 12.91 13.03 13.12 13.22 13.28 13.38 13.41 13.47 13.47 13.50 13.50 13.50 13.47 13.44
-0.81 -0.53 -0.28 -0.06 0.16 0.38 0.56 0.72 0.97 0.97 0.97 0.97 0.97 0.97 0.97 0.97 0.97 1.06 1.88 2.75 3.38 3.97 4.44 4.88 4.88 5.19 5.50 5.81 6.09 6.34 6.56 6.72 6.81 6.88 6.91 6.91 6.84 6.88 7.09 7.41 7.72 8.03 8.31 8.59 8.91 9.31 9.72 10.12 10.50 10.75 10.97 11.25 11.47 11.47 11.47 11.47 11.47 11.59 11.75 11.94 12.09 12.28 12.44 12.59 12.72 12.88 12.97 13.09 13.19 13.25 13.34 13.41 13.44 13.47 13.50 13.50 13.47 13.47 13.41
-0.75 -0.47 -0.22 0.00 0.22 0.41 0.59 0.78 0.97 0.97 0.97 0.97 0.97 0.97 0.97 0.97 0.97 1.34 2.03 2.91 3.56 4.12 4.56 4.88 4.88 5.19 5.50 5.81 6.09 6.34 6.59 6.72 6.81 6.91 6.94 6.94 6.94 7.03 7.22 7.50 7.78 8.06 8.34 8.62 8.94 9.28 9.69 10.12 10.53 10.78 10.97 11.16 11.44 11.47 11.47 11.47 11.47 11.53 11.69 11.84 12.03 12.19 12.34 12.50 12.66 12.81 12.94 13.03 13.16 13.22 13.31 13.38 13.41 13.44 13.47 13.47 13.47 13.44 13.38
-0.69 -0.41 -0.19 0.06 0.28 0.47 0.66 0.81 0.97 0.97 0.97 0.97 0.97 0.97 0.97 0.97 0.97 1.56 2.31 3.12 3.84 4.41 4.78 4.88 4.94 5.25 5.56 5.84 6.16 6.41 6.62 6.75 6.88 6.94 7.00 7.03 7.09 7.22 7.41 7.66 7.91 8.12 8.41 8.66 8.91 9.25 9.69 10.09 10.50 10.78 11.00 11.16 11.44 11.47 11.50 11.50 11.50 11.50 11.62 11.78 11.94 12.12 12.28 12.44 12.59 12.75 12.88 13.00 13.09 13.19 13.28 13.34 13.38 13.41 13.44 13.44 13.44 13.41 13.38
-0.62 -0.34 -0.12 0.12 0.31 0.50 0.69 0.88 0.97 0.97 0.97 0.97 0.97 0.97 0.97 0.97 0.97 1.66 2.50 3.34 4.09 4.59 4.88 4.88 5.03 5.31 5.62 5.94 6.22 6.47 6.69 6.81 6.94 7.03 7.12 7.22 7.31 7.44 7.66 7.88 8.12 8.31 8.50 8.69 9.00 9.31 9.69 10.09 10.50 10.84 11.03 11.16 11.41 11.50 11.50 11.50 11.50 11.50 11.56 11.72 11.88 12.03 12.22 12.38 12.53 12.69 12.81 12.94 13.06 13.16 13.22 13.31 13.34 13.38 13.41 13.41 13.41 13.38 13.34
-0.56 -0.31 -0.06 0.16 0.38 0.56 0.72 0.91 0.97 0.97 0.97 0.97 0.97 0.97 0.97 0.97 0.97 1.72 2.62 3.56 4.28 4.72 4.88 4.94 5.16 5.41 5.72 6.03 6.31 6.56 6.78 6.94 7.06 7.19 7.28 7.41 7.56 7.72 7.94 8.19 8.38 8.53 8.72 8.88 9.09 9.41 9.78 10.19 10.56 10.81 11.03 11.19 11.34 11.50 11.50 11.50 11.50 11.50 11.53 11.66 11.81 11.97 12.12 12.31 12.47 12.62 12.75 12.88 13.00 13.09 13.19 13.25 13.31 13.34 13.38 13.38 13.38 13.34 13.31
-0.50 -0.25 0.00 0.22 0.41 0.59 0.78 0.94 0.97 0.97 0.97 0.97 0.97 0.97 0.97 0.97 0.97 1.81 2.75 3.78 4.59 4.81 4.91 5.00 5.25 5.53 5.84 6.16 6.47 6.72 6.91 7.06 7.22 7.34 7.50 7.66 7.81 8.03 8.28 8.50 8.69 8.81 8.97 9.12 9.31 9.56 9.94 10.28 10.59 10.84 11.06 11.19 11.28 11.47 11.50 11.50 11.50 11.50 11.50 11.62 11.75 11.91 12.06 12.22 12.41 12.56 12.69 12.81 12.94 13.06 13.16 13.22 13.28 13.31 13.34 13.34 13.34 13.31 13.28
-0.44 -0.19 0.03 0.25 0.44 0.62 0.81 0.97 0.97 0.97 0.97 0.97 0.97 0.97 0.97 0.97 0.97 1.91 2.91 3.94 4.66 4.88 4.94 5.06 5.31 5.62 5.97 6.31 6.66 6.91 7.09 7.25 7.41 7.56 7.72 7.91 8.12 8.34 8.59 8.81 9.00 9.12 9.25 9.38 9.59 9.78 10.06 10.38 10.69 10.91 11.06 11.19 11.28 11.44 11.50 11.50 11.50 11.50 11.50 11.56 11.69 11.84 12.00 12.16 12.31 12.47 12.62 12.75 12.88 13.00 13.09 13.16 13.22 13.28 13.31 13.31 13.31 13.28 13.22
-0.41 -0.16 0.09 0.28 0.50 0.69 0.84 0.97 0.97 0.97 0.97 0.97 0.97 0.97 0.97 0.97 1.16 1.97 3.03 4.00 4.69 4.88 4.94 5.12 5.41 5.75 6.12 6.53 6.91 7.16 7.31 7.47 7.62 7.78 8.00 8.22 8.44 8.69 8.91 9.12 9.31 9.44 9.56 9.66 9.78 10.03 10.22 10.44 10.66 10.94 11.09 11.22 11.28 11.41 11.50 11.50 11.50 11.50 11.50 11.50 11.62 11.78 11.94 12.09 12.25 12.41 12.56 12.69 12.81 12.94 13.03 13.12 13.19 13.22 13.25 13.25 13.25 13.22 13.16
-0.34 -0.09 0.12 0.34 0.53 0.72 0.88 0.97 0.97 0.97 0.97 0.97 0.97 0.97 0.97 0.97 1.41 2.25 3.16 4.06 4.69 4.88 4.97 5.16 5.47 5.88 6.28 6.75 7.16 7.38 7.56 7.75 7.88 8.03 8.22 8.44 8.66 8.91 9.16 9.38 9.59 9.75 9.84 9.94 10.06 10.22 10.44 10.66 10.81 10.91 11.06 11.19 11.28 11.34 11.47 11.50 11.50 11.50 11.47 11.47 11.56 11.72 11.84 12.00 12.16 12.31 12.47 12.62 12.75 12.84 12.97 13.03 13.09 13.16 13.19 13.19 13.19 13.16 13.09
-0.31 -0.06 0.16 0.38 0.56 0.75 0.94 0.97 0.97 0.97 0.97 0.97 0.97 0.97 0.97 0.97 1.53 2.41 3.28 4.09 4.75 4.88 4.97 5.19 5.56 6.00 6.47 6.94 7.28 7.50 7.69 7.88 8.03 8.19 8.38 8.62 8.84 9.09 9.34 9.56 9.78 9.94 10.06 10.22 10.31 10.47 10.62 10.78 10.94 11.09 11.19 11.22 11.28 11.31 11.44 11.47 11.47 11.47 11.47 11.47 11.50 11.62 11.78 11.91 12.06 12.22 12.38 12.53 12.66 12.78 12.88 12.97 13.03 13.06 13.09 13.09 13.09 13.06 13.00
-0.28 -0.03 0.19 0.41 0.59 0.78 0.97 0.97 0.97 0.97 0.97 0.97 0.97 0.97 0.97 0.97 1.69 2.56 3.47 4.25 4.88 4.88 4.91 5.22 5.62 6.09 6.56 6.97 7.34 7.56 7.75 7.94 8.09 8.31 8.53 8.78 9.03 9.28 9.53 9.75 9.94 10.09 10.25 10.38 10.50 10.69 10.81 10.97 11.06 11.19 11.28 11.31 11.31 11.34 11.41 11.47 11.47 11.47 11.47 11.47 11.47 11.56 11.69 11.81 11.97 12.12 12.28 12.41 12.56 12.66 12.78 12.84 12.94 12.97 13.00 13.00 12.97 12.94 12.88
