everonasctiles/Tile[5,23].asc
ncols 128
nrows 128
xllcorner 0
yllcorner 0
cellsize 2.0
NODATA_value  -9999
[rows 68 to 101 of 128, columns 0 to 76 of 128]
36.94 37.00 37.09 37.16 37.22 37.28 37.34 37.41 37.47 37.59 37.88 38.00 38.16 38.34 38.50 38.66 38.81 38.94 38.97 38.81 38.78 38.97 39.19 39.31 39.75 40.00 40.03 40.03 40.31 40.34 40.81 41.06 41.19 41.31 41.44 41.62 42.41 42.69 42.94 43.19 43.38 43.53 43.69 43.81 43.97 44.28 44.75 45.09 45.34 45.62 45.88 46.16 46.38 46.62 46.84 47.06 47.28 47.50 47.62 47.78 47.88 47.91 48.00 48.06 48.16 48.22 48.31 48.38 48.44 48.19 48.22 48.81 49.38 49.84 50.28 50.69 51.03
36.91 37.00 37.06 37.12 37.19 37.25 37.28 37.31 37.31 37.22 37.62 37.88 38.06 38.28 38.47 38.66 38.84 38.88 38.75 38.66 38.88 39.25 39.31 39.62 39.84 40.03 39.94 40.38 40.25 40.38 40.84 41.12 41.34 41.47 41.59 41.75 42.03 42.66 42.91 43.16 43.38 43.56 43.75 43.94 44.16 44.62 44.88 45.16 45.41 45.69 45.94 46.19 46.44 46.66 46.88 47.09 47.28 47.50 47.62 47.72 47.78 48.00 48.09 48.16 48.22 48.31 48.38 48.44 48.50 48.56 48.28 48.31 48.84 49.28 49.69 50.06 50.38
36.91 36.97 37.03 37.12 37.16 37.22 37.22 37.25 37.22 37.19 37.50 37.78 38.00 38.22 38.44 38.62 38.81 38.72 38.56 38.75 38.94 39.53 39.62 39.84 39.88 40.03 40.34 40.53 40.69 40.81 40.97 41.12 41.44 41.62 41.75 41.97 42.19 42.44 42.88 43.12 43.38 43.59 43.81 44.03 44.41 44.66 44.94 45.22 45.50 45.84 46.12 46.34 46.56 46.72 46.88 47.03 47.19 47.34 47.44 47.59 47.72 47.88 48.03 48.12 48.25 48.38 48.44 48.53 48.59 48.66 48.72 48.47 48.34 48.78 49.12 49.44 49.69
36.94 37.00 37.06 37.12 37.16 37.19 37.19 37.19 37.16 37.16 37.41 37.69 37.91 38.16 38.41 38.62 38.81 38.75 38.75 38.84 39.06 39.78 39.94 40.09 40.25 40.38 40.50 40.62 40.75 40.91 41.06 41.22 41.41 41.75 42.00 42.19 42.41 42.59 42.88 43.16 43.41 43.66 43.91 44.19 44.50 44.94 45.38 45.72 45.88 46.06 46.25 46.41 46.56 46.72 46.88 47.03 47.19 47.34 47.44 47.59 47.72 47.84 48.00 48.09 48.22 48.31 48.44 48.56 48.66 48.75 48.78 48.84 48.84 48.44 48.62 48.84 49.03
36.97 37.03 37.06 37.12 37.16 37.16 37.16 37.16 37.16 37.16 37.31 37.56 37.81 38.09 38.38 38.62 38.84 38.78 38.84 39.28 39.62 39.81 40.00 40.16 40.28 40.41 40.53 40.66 40.81 40.97 41.12 41.31 41.50 41.72 42.19 42.44 42.62 42.84 43.06 43.22 43.47 43.72 44.25 44.81 45.03 45.25 45.44 45.66 45.88 46.03 46.22 46.38 46.56 46.72 46.88 47.00 47.16 47.31 47.47 47.59 47.72 47.88 48.00 48.09 48.22 48.34 48.47 48.56 48.66 48.78 48.81 48.88 48.94 49.00 48.84 48.34 48.25
37.00 37.03 37.09 37.12 37.16 37.16 37.16 37.16 37.16 37.16 37.19 37.44 37.72 38.00 38.31 38.62 38.91 38.91 39.09 39.47 39.66 39.88 40.03 40.19 40.31 40.44 40.56 40.69 40.84 41.00 41.19 41.38 41.59 41.81 42.03 42.66 42.88 43.09 43.28 43.50 43.97 44.38 44.59 44.81 45.03 45.19 45.41 45.59 45.81 46.00 46.19 46.38 46.53 46.69 46.84 47.00 47.16 47.31 47.47 47.59 47.72 47.88 48.00 48.12 48.25 48.34 48.47 48.59 48.69 48.78 48.84 48.91 48.97 49.03 49.09 49.16 48.22
37.03 37.06 37.12 37.16 37.16 37.16 37.16 37.16 37.16 37.16 37.16 37.25 37.59 37.91 38.25 38.69 38.91 39.09 39.28 39.50 39.69 39.88 40.06 40.19 40.31 40.41 40.56 40.72 40.88 41.06 41.25 41.44 41.62 41.84 42.06 42.41 43.12 43.38 43.66 43.88 44.09 44.28 44.50 44.72 44.94 45.12 45.34 45.56 45.75 45.97 46.16 46.34 46.53 46.69 46.84 47.00 47.16 47.31 47.47 47.59 47.75 47.88 48.03 48.12 48.25 48.38 48.50 48.59 48.72 48.81 48.88 48.94 49.00 49.06 49.12 49.19 49.25
37.09 37.12 37.16 37.16 37.16 37.16 37.16 37.16 37.16 37.16 37.16 37.19 37.47 37.75 38.06 38.66 38.91 39.09 39.28 39.50 39.69 39.88 40.03 40.16 40.28 40.41 40.53 40.69 40.88 41.06 41.25 41.44 41.66 41.88 42.12 42.53 43.19 43.44 43.62 43.78 44.00 44.22 44.44 44.62 44.84 45.09 45.28 45.50 45.72 45.94 46.12 46.31 46.50 46.69 46.84 47.00 47.16 47.31 47.47 47.59 47.75 47.88 48.03 48.16 48.28 48.38 48.50 48.62 48.72 48.84 48.91 48.97 49.03 49.09 49.16 49.22 49.25
37.12 37.16 37.16 37.16 37.16 37.16 37.16 37.16 37.16 37.16 37.16 37.16 37.34 37.56 37.84 38.25 38.69 39.09 39.28 39.47 39.66 39.81 39.94 40.09 40.22 40.38 40.53 40.69 40.88 41.06 41.25 41.47 41.69 42.03 42.69 42.97 43.16 43.34 43.53 43.69 43.91 44.12 44.34 44.56 44.75 44.97 45.25 45.44 45.66 45.84 45.88 45.88 45.91 46.00 46.50 46.78 46.81 46.88 47.00 47.12 47.31 47.50 47.69 47.88 48.09 48.31 48.50 48.66 48.75 48.88 48.94 49.00 49.03 49.09 49.16 49.22 49.28
37.16 37.16 37.16 37.16 37.16 37.16 37.16 37.16 37.16 37.16 37.16 37.16 37.16 37.25 37.59 37.94 38.38 38.78 39.22 39.41 39.56 39.72 39.88 40.03 40.19 40.34 40.50 40.66 40.84 41.03 41.25 41.50 42.19 42.53 42.72 42.88 43.06 43.25 43.44 43.62 43.81 44.03 44.25 44.47 44.69 44.84 44.88 44.84 44.94 45.06 44.97 45.19 45.41 45.59 45.84 46.06 46.25 46.50 46.69 46.81 47.00 47.09 47.22 47.34 47.44 47.59 47.78 47.94 48.22 48.78 48.94 49.00 49.06 49.12 49.19 49.25 49.31
37.16 37.16 37.16 37.16 37.16 37.16 37.16 37.16 37.16 37.16 37.16 37.16 37.16 37.19 37.41 37.72 38.06 38.44 38.78 39.31 39.47 39.62 39.81 39.97 40.12 40.31 40.47 40.62 40.84 41.06 41.66 42.12 42.28 42.44 42.62 42.78 42.97 43.16 43.34 43.53 43.75 43.94 44.16 44.22 44.00 44.00 44.16 44.38 44.53 43.97 44.44 44.84 45.12 45.34 45.56 45.78 45.97 46.12 46.41 46.53 46.66 46.75 46.84 47.00 47.09 47.25 47.44 47.62 47.75 47.91 48.12 48.91 49.09 49.16 49.22 49.28 49.34
37.16 37.16 37.16 37.16 37.16 37.16 37.16 37.16 37.16 37.16 37.19 37.16 37.16 37.16 37.19 37.47 37.78 38.12 38.50 39.19 39.31 39.56 39.75 39.94 40.12 40.28 40.47 40.66 41.06 41.72 41.88 42.03 42.19 42.34 42.53 42.69 42.88 43.06 43.25 43.44 43.59 43.47 43.25 43.38 43.75 43.78 43.78 43.78 43.81 43.88 44.00 44.53 44.81 45.06 45.28 45.47 45.66 45.81 46.06 46.22 46.28 46.34 46.44 46.62 46.75 46.91 47.09 47.28 47.44 47.59 47.75 47.91 48.09 48.50 49.00 49.31 49.38
37.16 37.16 37.16 37.16 37.16 37.16 37.16 37.16 37.16 37.16 37.16 37.34 37.16 37.16 37.16 37.28 37.53 37.84 38.16 38.78 39.22 39.50 39.72 39.91 40.09 40.28 40.50 41.16 41.50 41.62 41.78 41.94 42.09 42.25 42.44 42.59 42.75 42.97 43.12 42.84 42.69 42.84 43.03 43.22 43.44 43.66 43.69 43.69 43.72 43.78 43.84 44.19 44.56 44.78 45.00 45.19 45.38 45.53 45.69 45.81 45.91 45.97 46.06 46.31 46.44 46.56 46.72 46.91 47.09 47.28 47.47 47.66 47.78 47.94 48.09 48.31 48.88
37.16 37.16 37.16 37.16 37.16 37.16 37.16 37.16 37.16 37.16 37.16 37.28 37.25 37.16 37.16 37.16 37.16 37.16 37.81 38.34 38.94 39.53 39.69 39.91 40.12 40.53 41.09 41.25 41.41 41.53 41.69 41.84 42.00 42.16 42.34 42.50 42.66 42.41 42.19 42.28 42.47 42.62 42.84 43.06 43.25 43.47 43.56 43.59 43.62 43.69 43.75 43.88 44.28 44.56 44.78 44.97 45.16 45.28 45.38 45.50 45.59 45.62 45.78 46.06 46.25 46.44 46.56 46.72 46.81 47.00 47.19 47.38 47.56 47.75 47.91 48.09 48.31
37.16 37.16 37.16 37.16 37.16 37.16 37.16 37.16 37.16 37.16 37.16 37.16 37.31 37.16 37.16 37.16 37.16 37.16 37.16 38.16 38.84 39.31 39.72 39.97 40.59 40.84 41.00 41.16 41.28 41.44 41.59 41.75 41.91 42.06 42.25 42.06 41.81 41.88 41.97 42.09 42.25 42.44 42.69 42.91 43.12 43.31 43.47 43.50 43.56 43.62 43.69 43.72 43.88 44.16 44.41 44.62 44.81 44.94 45.12 45.25 45.38 45.47 45.69 45.94 46.12 46.31 46.47 46.62 46.75 46.88 47.00 47.16 47.38 47.56 47.78 47.97 48.19
37.16 37.16 37.16 37.16 37.16 37.16 37.16 37.16 37.16 37.16 37.16 37.16 37.19 37.16 37.16 37.16 37.16 37.16 37.16 38.22 38.91 39.34 40.00 40.47 40.59 40.75 40.91 41.06 41.19 41.34 41.50 41.66 41.81 41.81 41.47 41.50 41.59 41.66 41.78 41.94 42.06 42.28 42.53 42.81 43.03 43.28 43.41 43.44 43.44 43.53 43.59 43.62 43.69 43.94 44.19 44.44 44.66 44.84 45.00 45.16 45.25 45.44 45.66 45.84 46.03 46.22 46.38 46.50 46.66 46.78 46.91 47.06 47.22 47.44 47.66 47.88 48.09
37.16 37.16 37.16 37.16 37.16 37.16 37.16 37.16 37.16 37.16 37.16 37.16 37.16 37.16 37.16 37.16 37.19 37.16 37.91 38.62 39.12 39.97 40.22 40.38 40.50 40.66 40.81 40.97 41.09 41.25 41.41 41.53 41.34 41.25 41.25 41.34 41.47 41.56 41.66 41.78 41.91 42.12 42.38 42.69 43.00 43.34 43.38 43.38 43.34 43.44 43.53 43.59 43.69 43.78 44.12 44.44 44.66 44.84 44.97 45.09 45.25 45.41 45.59 45.78 45.97 46.12 46.28 46.44 46.56 46.72 46.84 47.00 47.16 47.34 47.56 47.81 48.03
37.16 37.16 37.16 37.16 37.16 37.16 37.16 37.16 37.16 37.16 37.16 37.22 37.19 37.28 37.25 37.28 37.38 37.81 38.25 39.22 39.81 39.97 40.12 40.28 40.41 40.56 40.72 40.88 41.00 41.16 41.16 41.06 41.06 41.09 41.12 41.22 41.38 41.44 41.53 41.66 41.81 42.00 42.25 42.56 42.91 43.31 43.38 43.31 43.28 43.38 43.50 43.59 43.72 43.88 44.16 44.44 44.69 44.81 44.94 45.09 45.25 45.41 45.56 45.75 45.91 46.06 46.22 46.38 46.53 46.66 46.81 46.97 47.12 47.31 47.53 47.72 47.91
37.16 37.16 37.16 37.16 37.16 37.16 37.16 37.16 37.16 37.16 37.22 37.31 37.44 37.44 37.53 37.66 37.88 38.34 39.34 39.59 39.72 39.88 40.03 40.19 40.31 40.47 40.62 40.75 40.91 40.88 40.88 40.91 40.94 40.97 41.00 41.09 41.28 41.38 41.47 41.56 41.72 41.88 42.12 42.41 42.75 43.22 43.41 43.38 43.31 43.38 43.47 43.56 43.72 43.88 44.12 44.41 44.66 44.78 44.94 45.06 45.22 45.38 45.53 45.69 45.84 46.00 46.16 46.31 46.47 46.62 46.78 46.94 47.09 47.28 47.47 47.66 47.81
37.16 37.16 37.16 37.16 37.16 37.16 37.16 37.16 37.19 37.22 37.31 37.44 37.50 37.62 37.75 38.00 38.72 39.25 39.38 39.50 39.62 39.78 39.94 40.06 40.22 40.38 40.53 40.62 40.72 40.78 40.78 40.81 40.84 40.88 40.94 41.03 41.19 41.31 41.41 41.53 41.66 41.81 42.00 42.28 42.59 42.97 43.44 43.47 43.41 43.38 43.44 43.56 43.75 43.91 44.16 44.41 44.62 44.78 44.91 45.06 45.19 45.34 45.50 45.66 45.81 45.97 46.12 46.28 46.41 46.56 46.75 46.91 47.06 47.25 47.41 47.59 47.72
37.16 37.16 37.16 37.16 37.16 37.16 37.16 37.22 37.28 37.34 37.44 37.53 37.44 37.84 38.19 38.84 39.03 39.16 39.28 39.41 39.56 39.69 39.84 39.97 40.12 40.25 40.38 40.53 40.62 40.72 40.72 40.72 40.75 40.84 40.91 41.00 41.16 41.28 41.38 41.50 41.62 41.78 41.94 42.16 42.44 42.72 43.25 43.50 43.38 43.34 43.50 43.62 43.81 44.00 44.22 44.47 44.62 44.78 44.91 45.03 45.16 45.31 45.47 45.59 45.75 45.91 46.06 46.22 46.38 46.53 46.72 46.88 47.03 47.19 47.38 47.53 47.69
37.16 37.16 37.16 37.16 37.16 37.19 37.22 37.28 37.34 37.44 37.53 37.56 37.56 38.12 38.75 38.84 38.94 39.06 39.19 39.34 39.47 39.59 39.75 39.88 39.97 40.12 40.28 40.12 40.56 40.66 40.69 40.69 40.72 40.78 40.88 41.00 41.12 41.28 41.41 41.50 41.62 41.78 41.94 42.12 42.31 42.56 42.78 43.16 43.25 43.34 43.50 43.66 43.84 44.06 44.28 44.47 44.62 44.75 44.88 45.00 45.12 45.28 45.41 45.56 45.72 45.84 46.00 46.19 46.34 46.50 46.69 46.84 47.00 47.16 47.31 47.47 47.62
37.16 37.16 37.16 37.19 37.19 37.22 37.28 37.34 37.44 37.56 37.66 38.38 38.47 38.59 38.69 38.78 38.88 39.00 39.12 39.25 39.38 39.50 39.62 39.72 39.88 40.03 39.88 39.78 40.19 40.41 40.62 40.66 40.69 40.78 40.88 41.00 41.12 41.28 41.44 41.53 41.66 41.81 41.97 42.12 42.28 42.50 42.75 42.97 43.12 43.31 43.50 43.69 43.88 44.09 44.31 44.47 44.59 44.72 44.84 44.97 45.09 45.22 45.38 45.50 45.66 45.81 45.97 46.12 46.28 46.47 46.62 46.81 46.97 47.12 47.28 47.44 47.59
37.09 37.16 37.16 37.19 37.25 37.28 37.34 37.44 37.56 37.69 38.12 38.34 38.44 38.53 38.62 38.72 38.81 38.91 39.03 39.16 39.28 39.38 39.47 39.66 39.81 39.91 40.00 40.03 39.88 40.25 40.41 40.56 40.69 40.78 40.88 41.00 41.12 41.28 41.44 41.59 41.72 41.88 42.00 42.16 42.31 42.47 42.69 42.91 43.09 43.31 43.50 43.69 43.91 44.12 44.31 44.44 44.59 44.72 44.81 44.94 45.06 45.19 45.31 45.47 45.59 45.75 45.91 46.09 46.25 46.44 46.59 46.78 46.94 47.09 47.25 47.38 47.53
37.03 37.09 37.16 37.22 37.28 37.34 37.44 37.53 37.81 38.16 38.22 38.31 38.38 38.47 38.56 38.66 38.75 38.84 38.94 39.06 39.16 39.28 39.44 39.59 39.72 39.78 39.84 39.97 40.03 40.00 40.25 40.47 40.69 40.78 40.88 41.00 41.12 41.28 41.44 41.62 41.78 41.94 42.09 42.25 42.38 42.56 42.72 42.91 43.12 43.31 43.50 43.69 43.91 44.12 44.28 44.44 44.56 44.69 44.78 44.91 45.03 45.16 45.28 45.41 45.56 45.69 45.88 46.03 46.22 46.41 46.56 46.75 46.91 47.06 47.19 47.34 47.50
37.06 37.09 37.16 37.22 37.31 37.41 37.53 37.97 38.09 38.12 38.19 38.25 38.34 38.44 38.50 38.59 38.69 38.78 38.94 39.06 39.16 39.28 39.41 39.56 39.66 39.69 39.75 39.84 39.97 39.84 40.00 40.41 40.69 40.78 40.88 41.00 41.12 41.28 41.47 41.62 41.81 42.00 42.16 42.28 42.44 42.59 42.75 42.94 43.12 43.31 43.50 43.72 43.94 44.09 44.25 44.41 44.53 44.66 44.75 44.88 44.97 45.09 45.22 45.34 45.50 45.66 45.81 46.00 46.19 46.38 46.56 46.72 46.88 47.03 47.16 47.28 47.44
37.16 37.09 37.16 37.22 37.31 37.66 37.97 38.00 38.06 38.09 38.16 38.19 38.28 38.38 38.47 38.53 38.69 38.88 38.97 39.09 39.19 39.31 39.44 39.56 39.66 39.66 39.66 39.84 39.84 39.91 40.16 40.44 40.62 40.78 40.91 41.03 41.16 41.31 41.47 41.62 41.81 42.00 42.09 42.09 42.44 42.59 42.75 42.94 43.12 43.31 43.50 43.72 43.94 44.09 44.25 44.38 44.50 44.62 44.72 44.84 44.94 45.06 45.19 45.31 45.44 45.62 45.78 45.97 46.16 46.34 46.56 46.72 46.84 46.97 47.09 47.22 47.38
37.25 37.19 37.16 37.34 37.78 37.88 37.94 37.97 38.03 38.06 38.12 38.16 38.22 38.31 38.41 38.62 38.78 38.88 39.00 39.12 39.25 39.38 39.50 39.62 39.66 39.69 39.75 39.88 39.97 39.97 40.22 40.44 40.62 40.81 40.91 41.03 41.16 41.31 41.47 41.62 41.78 41.94 41.78 42.06 42.44 42.59 42.75 42.94 43.12 43.31 43.50 43.72 43.91 44.06 44.22 44.34 44.47 44.59 44.69 44.81 44.91 45.03 45.12 45.25 45.41 45.59 45.78 45.97 46.16 46.34 46.56 46.69 46.81 46.91 47.03 47.16 47.31
37.34 37.28 37.56 37.75 37.81 37.84 37.91 37.94 38.00 38.03 38.09 38.12 38.19 38.31 38.50 38.66 38.78 38.88 39.00 39.12 39.25 39.41 39.59 39.72 39.66 39.69 39.78 39.91 39.78 39.84 40.22 40.53 40.66 40.75 40.88 41.00 41.16 41.28 41.44 41.59 41.75 41.94 41.97 41.50 42.19 42.53 42.75 42.91 43.12 43.31 43.50 43.72 43.91 44.03 44.19 44.31 44.44 44.56 44.69 44.78 44.88 45.00 45.09 45.22 45.38 45.56 45.75 45.94 46.12 46.34 46.50 46.62 46.75 46.88 47.00 47.12 47.25
37.47 37.62 37.69 37.72 37.78 37.81 37.88 37.91 37.97 38.00 38.06 38.09 38.25 38.38 38.50 38.62 38.78 38.88 39.00 39.12 39.25 39.34 39.44 39.38 39.56 39.66 39.78 39.91 39.91 39.94 40.34 40.47 40.59 40.72 40.84 40.97 41.12 41.25 41.41 41.56 41.72 41.91 41.94 41.97 41.97 42.25 42.66 42.91 43.09 43.31 43.50 43.66 43.84 44.00 44.16 44.28 44.41 44.53 44.66 44.75 44.88 44.97 45.06 45.22 45.38 45.56 45.72 45.91 46.09 46.31 46.47 46.56 46.69 46.81 46.94 47.06 47.19
37.56 37.59 37.66 37.69 37.75 37.78 37.84 37.88 37.94 37.97 38.06 38.19 38.31 38.44 38.53 38.66 38.78 38.91 39.00 39.12 39.22 39.28 39.34 39.34 39.44 39.62 39.78 39.91 39.91 40.00 40.22 40.41 40.50 40.66 40.78 40.94 41.09 41.25 41.38 41.53 41.69 41.91 41.97 41.97 41.97 41.97 42.31 42.88 43.06 43.22 43.44 43.59 43.78 43.94 44.09 44.25 44.41 44.53 44.62 44.75 44.84 44.97 45.09 45.22 45.38 45.56 45.72 45.91 46.09 46.28 46.41 46.53 46.66 46.78 46.88 47.00 47.16
37.56 37.59 37.62 37.66 37.72 37.75 37.81 37.84 37.91 38.00 38.12 38.25 38.34 38.47 38.56 38.69 38.78 38.91 39.00 39.09 39.19 39.25 39.31 39.34 39.38 39.53 39.69 39.84 39.97 39.94 40.16 40.31 40.41 40.56 40.75 40.91 41.09 41.22 41.38 41.53 41.66 41.81 41.97 41.97 41.97 41.97 42.12 42.47 42.88 43.16 43.38 43.56 43.72 43.91 44.06 44.22 44.38 44.50 44.62 44.75 44.84 44.97 45.09 45.25 45.41 45.56 45.75 45.94 46.09 46.25 46.38 46.50 46.62 46.75 46.84 47.00 47.12
37.53 37.56 37.59 37.62 37.69 37.72 37.78 37.81 37.94 38.03 38.16 38.28 38.38 38.50 38.59 38.69 38.81 38.94 39.03 39.12 39.19 39.25 39.31 39.34 39.34 39.47 39.59 39.72 39.84 39.91 40.09 40.22 40.34 40.50 40.69 40.88 41.06 41.22 41.34 41.50 41.66 41.84 41.97 41.97 41.97 42.00 41.84 42.34 42.72 43.16 43.34 43.50 43.69 43.84 44.00 44.19 44.34 44.50 44.62 44.75 44.88 45.00 45.12 45.28 45.44 45.59 45.78 45.94 46.09 46.22 46.34 46.47 46.59 46.72 46.84 46.97 47.12
37.50 37.53 37.56 37.62 37.66 37.66 37.72 37.84 37.94 38.06 38.19 38.31 38.44 38.53 38.62 38.72 38.84 38.94 39.03 39.12 39.19 39.25 39.31 39.34 39.38 39.41 39.62 39.69 39.69 39.81 39.97 40.16 40.34 40.50 40.69 40.91 41.06 41.19 41.31 41.47 41.62 41.78 41.84 42.00 42.00 42.00 42.00 42.03 42.69 43.03 43.28 43.47 43.62 43.78 43.97 44.12 44.28 44.44 44.59 44.75 44.88 45.03 45.19 45.31 45.47 45.62 45.78 45.94 46.06 46.19 46.31 46.47 46.59 46.72 46.84 46.97 47.12
