everonasctiles/Tile36,4.asc
ncols 128
nrows 128
xllcorner 0
yllcorner 0
cellsize 2.0
NODATA_value  -9999
[rows 0 to 31 of 128, columns 0 to 70 of 128]
215.00 214.22 213.50 212.84 212.28 211.72 211.34 211.06 210.75 210.53 210.12 209.62 209.22 208.47 207.94 207.38 206.88 206.53 205.91 205.06 204.12 203.06 201.91 200.66 199.44 198.38 197.44 196.50 195.62 194.84 194.25 193.72 192.56 192.34 191.59 188.81 183.56 181.19 180.31 179.78 179.47 179.06 178.09 176.28 174.06 172.03 170.00 168.09 166.84 165.84 164.72 164.50 163.84 162.88 161.47 159.66 158.66 158.09 158.47 158.38 158.44 158.41 157.88 155.44 153.78 153.25 150.66 148.47 148.94 149.38 149.97
214.97 214.25 213.59 212.94 212.34 211.88 211.53 211.25 211.00 210.81 210.41 209.97 209.38 208.81 208.31 207.94 207.59 207.12 206.41 205.44 204.44 203.34 202.22 201.06 199.91 198.78 197.69 196.69 195.72 194.88 194.22 193.59 192.59 192.41 191.59 188.47 183.91 182.16 181.41 180.88 180.50 180.03 179.28 178.19 177.06 175.94 174.22 170.97 169.44 167.50 166.50 166.06 165.31 164.44 163.41 161.78 159.44 159.06 159.03 159.38 159.12 158.75 158.59 158.25 157.81 156.19 155.78 153.44 149.94 149.62 150.16
215.06 214.44 213.81 213.25 212.72 212.25 211.91 211.66 211.47 211.22 210.97 210.59 210.00 209.50 209.16 208.88 208.47 207.91 207.00 205.78 204.31 203.12 202.06 201.09 199.97 198.91 197.84 196.75 195.62 194.59 193.88 193.34 192.94 192.53 191.38 188.09 184.47 182.84 182.16 181.59 181.12 180.62 180.06 179.34 178.72 178.16 177.75 175.03 171.59 169.47 167.97 167.03 166.31 165.69 164.81 163.69 160.84 160.09 159.81 160.06 160.03 160.12 160.28 160.00 159.69 159.09 158.38 158.00 156.06 153.62 152.06
215.28 214.72 214.19 213.69 213.22 212.84 212.50 212.28 212.09 211.88 211.62 211.34 210.94 210.53 210.22 209.88 209.41 208.72 207.75 206.50 205.06 203.56 201.97 201.00 200.12 199.19 198.16 196.88 195.41 193.94 193.31 193.03 192.72 192.28 191.25 187.66 184.81 183.44 182.69 182.09 181.59 181.12 180.66 180.12 179.66 179.19 178.41 176.12 173.06 171.00 169.34 168.25 167.38 166.72 166.06 165.03 163.09 161.25 160.78 160.69 160.72 161.69 161.56 161.47 161.09 160.44 159.47 159.22 158.31 157.62 156.81
215.56 215.09 214.66 214.22 213.84 213.50 213.22 212.97 212.75 212.56 212.34 212.06 211.78 211.44 211.06 210.66 210.16 209.41 208.66 208.19 207.12 204.75 202.56 201.19 200.47 199.59 198.53 197.78 194.62 193.19 192.78 192.59 192.31 191.75 190.41 186.91 185.00 184.00 183.22 182.56 182.03 181.56 181.12 180.72 180.28 179.72 178.72 176.53 173.88 172.12 170.75 169.53 168.53 167.81 166.97 165.81 165.06 163.34 162.53 162.16 162.84 163.00 162.84 162.66 162.22 161.66 160.81 160.28 159.59 158.94 158.25
215.91 215.50 215.12 214.75 214.41 214.09 213.78 213.53 213.28 213.06 212.88 212.62 212.31 211.97 211.53 211.06 210.53 209.84 209.28 208.97 208.94 207.25 204.16 201.94 201.12 199.94 198.75 195.50 193.44 192.62 192.25 192.09 191.84 191.19 188.75 186.47 185.47 184.69 183.91 183.19 182.53 182.03 181.62 181.25 180.84 180.28 179.31 177.34 174.69 172.97 171.81 170.62 169.47 168.59 167.62 166.91 166.06 165.25 164.75 164.47 164.25 164.19 163.91 163.59 163.09 162.56 161.91 161.19 160.59 159.97 159.34
216.25 215.91 215.56 215.22 214.88 214.50 214.16 213.84 213.56 213.34 213.12 212.88 212.56 212.19 211.72 211.22 210.66 210.03 209.50 209.12 208.81 208.44 207.50 205.00 201.28 200.84 197.75 194.50 192.91 192.19 191.91 191.66 191.16 190.19 188.44 187.28 186.38 185.62 184.84 184.09 183.28 182.62 182.16 181.78 181.41 180.97 180.19 178.41 175.72 173.91 172.84 171.47 170.28 169.38 168.62 167.81 167.22 166.62 166.34 165.94 165.53 165.09 164.75 164.38 163.88 163.28 162.62 162.00 161.47 160.84 160.25
216.62 216.31 215.97 215.62 215.19 214.75 214.31 213.94 213.59 213.31 213.09 212.84 212.53 212.16 211.69 211.19 210.62 210.03 209.50 209.12 208.78 208.41 207.84 207.56 204.94 202.00 196.44 193.69 192.84 192.12 191.88 191.53 190.94 190.06 189.00 188.00 187.16 186.47 185.62 184.78 184.09 183.38 182.81 182.34 181.97 181.53 180.72 178.78 176.72 174.78 173.75 172.22 171.06 170.22 169.59 169.03 168.50 167.75 167.06 166.56 166.06 165.72 165.44 165.03 164.53 163.97 163.28 162.72 162.19 161.69 161.12
216.94 216.69 216.31 215.88 215.34 214.81 214.28 213.81 213.44 213.09 212.81 212.56 212.28 211.91 211.47 210.97 210.44 209.88 209.38 208.97 208.59 208.19 207.72 207.34 205.72 203.81 197.97 194.09 193.12 192.56 192.12 191.69 191.09 190.31 189.47 188.62 187.88 187.09 186.38 185.69 185.19 184.50 183.62 182.91 182.41 181.81 180.66 178.75 177.06 175.59 174.44 172.88 172.16 171.09 170.50 169.84 169.19 168.41 167.75 167.03 166.59 166.44 166.06 165.62 165.12 164.56 164.03 163.47 162.94 162.41 161.97
217.22 216.97 216.56 216.00 215.38 214.75 214.16 213.62 213.16 212.78 212.47 212.16 211.88 211.53 211.12 210.69 210.16 209.62 209.12 208.69 208.31 207.88 207.31 206.53 205.66 204.19 202.28 195.03 194.00 193.34 192.75 192.16 191.44 190.72 189.97 189.19 188.44 187.78 187.12 186.56 186.06 185.38 184.53 183.50 182.66 181.91 180.62 178.78 177.44 176.22 175.03 173.94 172.75 172.03 171.50 170.78 170.00 169.09 168.16 167.88 167.44 167.19 166.66 166.19 165.59 165.06 164.59 164.09 163.59 163.06 162.69
217.38 217.09 216.62 216.00 215.28 214.59 213.94 213.34 212.84 212.44 212.06 211.75 211.44 211.12 210.75 210.31 209.84 209.31 208.81 208.38 207.97 207.50 206.91 206.09 205.31 204.94 203.97 195.38 194.56 194.12 193.44 192.78 192.03 191.25 190.53 189.81 189.06 188.50 187.94 187.41 186.91 186.22 185.25 184.09 183.03 181.72 180.44 179.22 178.06 176.78 175.59 174.53 173.53 173.00 172.59 171.72 170.84 169.88 168.50 168.31 167.91 167.59 167.25 166.72 166.03 165.59 165.19 164.69 164.16 163.75 163.41
217.38 217.06 216.56 215.91 215.12 214.34 213.66 213.06 212.53 212.09 211.72 211.38 211.06 210.72 210.38 209.97 209.50 209.00 208.47 207.97 207.59 207.09 206.47 205.72 204.91 204.38 203.91 195.28 194.66 194.38 193.91 193.31 192.66 191.94 191.19 190.59 189.91 189.28 188.75 188.31 187.78 186.97 185.91 184.16 183.16 182.09 181.25 179.94 178.66 177.31 175.81 174.78 174.06 173.66 173.25 172.56 171.62 170.44 168.84 168.72 168.47 168.38 167.78 167.16 166.75 166.34 165.84 165.34 164.81 164.44 164.12
217.25 216.91 216.41 215.69 214.88 214.09 213.38 212.75 212.22 211.78 211.41 211.06 210.72 210.41 210.06 209.66 209.19 208.69 208.12 207.56 207.16 206.66 206.06 205.38 204.53 203.47 202.12 196.31 195.44 194.81 194.31 193.81 193.19 192.53 191.88 191.25 190.75 190.19 189.69 189.19 188.59 187.69 186.34 184.28 183.31 182.72 181.72 180.47 178.94 177.06 175.91 175.16 174.62 174.22 173.97 173.31 172.31 170.84 169.22 169.12 169.16 168.88 168.50 168.03 167.47 167.00 166.53 166.00 165.50 165.09 164.72
217.06 216.72 216.16 215.41 214.59 213.78 213.06 212.47 211.94 211.50 211.09 210.78 210.47 210.12 209.78 209.41 208.94 208.41 207.78 207.12 206.75 206.22 205.66 205.00 204.25 203.31 201.84 197.34 196.09 195.25 194.75 194.22 193.69 193.03 192.38 191.78 191.31 190.84 190.34 189.88 189.22 188.28 186.91 185.03 183.91 183.09 182.09 180.94 179.59 177.75 176.66 175.81 175.22 175.19 174.78 174.00 172.88 171.47 170.31 169.62 169.81 169.47 169.16 168.69 168.16 167.66 167.16 166.72 166.12 165.66 165.22
216.84 216.47 215.84 215.06 214.22 213.44 212.75 212.16 211.66 211.25 210.88 210.53 210.25 209.94 209.59 209.22 208.78 208.22 207.56 206.91 206.25 205.75 205.19 204.62 204.00 203.19 200.69 197.66 196.47 195.72 195.22 194.59 194.03 193.44 192.81 192.25 191.81 191.28 190.78 190.28 189.62 188.84 187.50 186.03 184.47 183.34 182.44 181.09 180.03 178.91 177.84 176.91 177.03 176.28 175.66 174.62 173.41 172.16 170.94 170.34 170.53 170.09 169.75 169.28 168.75 168.25 167.81 167.34 166.75 166.25 165.88
216.53 216.12 215.38 214.47 213.78 213.06 212.44 211.91 211.44 211.03 210.69 210.38 210.06 209.78 209.47 209.12 208.72 208.19 207.53 206.81 205.94 205.34 204.78 204.25 203.69 202.88 200.28 197.50 196.66 196.22 195.56 194.97 194.41 193.88 193.22 192.72 192.22 191.66 191.12 190.56 189.91 189.09 188.03 186.72 184.28 183.22 182.41 181.38 180.44 179.66 178.78 178.25 177.84 177.25 176.34 175.09 173.53 172.44 171.25 171.19 170.94 170.66 170.25 169.81 169.31 168.84 168.31 167.84 167.28 166.84 166.47
216.12 215.59 214.78 214.03 213.34 212.69 212.12 211.66 211.22 210.84 210.53 210.25 209.97 209.72 209.44 209.09 208.72 208.22 207.62 206.78 205.84 205.16 204.50 203.84 203.31 202.81 199.47 197.44 197.03 196.47 195.91 195.44 194.91 194.34 193.69 193.19 192.66 192.09 191.53 190.72 189.84 189.16 188.19 186.97 184.22 182.81 182.31 181.81 181.19 180.59 179.62 179.47 178.78 178.03 176.88 175.22 173.31 172.47 172.03 171.81 171.47 171.12 170.75 170.28 169.84 169.41 168.88 168.34 167.84 167.44 167.06
215.62 215.00 214.31 213.56 212.91 212.38 211.84 211.38 211.00 210.69 210.44 210.19 209.94 209.69 209.41 209.09 208.75 208.31 207.78 207.06 206.38 205.50 204.62 203.56 202.59 201.69 199.22 197.62 197.22 196.78 196.31 195.84 195.31 194.78 194.25 193.66 193.16 192.59 192.06 191.41 190.56 189.84 188.91 187.66 185.47 183.12 182.47 182.31 181.75 181.47 180.75 180.16 179.56 178.62 177.56 175.00 174.03 173.25 172.72 172.31 172.00 171.62 171.22 170.78 170.38 169.88 169.34 168.81 168.38 168.00 167.62
215.12 214.56 214.03 213.28 212.66 212.06 211.41 211.09 210.78 210.50 210.31 210.12 209.91 209.69 209.41 209.06 208.72 208.28 207.72 207.09 206.38 205.59 204.78 203.69 202.56 201.59 199.25 197.88 197.47 197.06 196.66 196.22 195.75 195.25 194.69 194.12 193.59 193.25 192.69 192.00 191.25 190.41 189.53 188.28 186.66 183.97 182.97 182.91 182.81 182.19 181.38 180.88 180.16 179.19 177.66 175.59 174.78 173.94 173.25 172.88 172.47 172.09 171.69 171.28 170.84 170.34 169.81 169.34 168.91 168.53 168.19
214.59 214.09 213.53 212.94 212.12 211.50 210.91 210.59 210.47 210.28 210.12 210.00 209.84 209.62 209.38 209.06 208.69 208.22 207.69 207.06 206.38 205.62 204.84 204.09 203.19 201.62 200.25 198.03 197.69 197.34 197.00 196.66 196.22 195.72 195.22 194.84 194.41 193.94 193.38 192.66 191.84 190.91 189.84 188.81 186.97 185.16 183.91 183.81 183.47 182.81 181.91 181.50 180.69 179.69 177.69 175.78 175.12 174.25 173.78 173.38 172.97 172.59 172.12 171.69 171.25 170.78 170.31 169.84 169.44 169.09 168.75
213.97 213.59 213.06 212.50 211.84 211.22 210.62 210.12 209.97 209.91 209.91 209.81 209.72 209.53 209.31 209.00 208.59 208.12 207.53 206.94 206.28 205.59 204.88 204.09 203.25 202.19 201.00 198.50 198.03 197.69 197.34 197.06 196.72 196.31 196.03 195.69 195.19 194.69 194.06 193.16 192.09 191.34 190.41 188.66 187.31 186.12 185.22 184.97 184.09 183.03 182.69 182.09 181.16 180.12 178.12 176.16 175.41 174.66 174.25 173.84 173.41 173.00 172.56 172.16 171.72 171.28 170.84 170.41 170.00 169.62 169.19
213.38 213.06 212.56 212.00 211.47 211.00 210.41 209.97 209.84 209.75 209.69 209.62 209.53 209.38 209.19 208.88 208.53 208.03 207.06 206.59 206.03 205.47 204.84 204.16 203.34 202.53 201.28 199.81 198.66 198.09 197.78 197.53 197.38 197.03 196.72 196.38 195.94 195.38 194.72 193.81 193.03 191.88 190.69 189.19 187.78 187.41 186.47 185.75 184.62 183.75 183.44 182.66 181.53 180.06 178.34 176.03 175.59 175.16 174.72 174.28 173.88 173.50 173.03 172.62 172.22 171.78 171.38 170.97 170.56 170.16 169.62
212.88 212.38 211.88 211.50 211.06 210.69 210.25 209.88 209.78 209.66 209.53 209.44 209.31 209.19 208.97 208.66 208.31 207.59 206.72 205.97 205.53 205.22 204.81 204.25 203.44 202.50 201.66 200.62 199.69 199.03 198.50 198.28 197.97 197.62 197.31 196.97 196.53 195.97 195.34 194.62 193.84 192.91 191.50 190.38 189.06 187.97 187.06 186.12 185.00 184.75 184.03 183.03 181.78 180.06 178.00 176.53 176.06 175.69 175.22 174.78 174.38 173.97 173.53 173.12 172.72 172.31 171.91 171.53 171.16 170.69 170.12
212.06 211.84 211.38 211.00 210.72 210.41 210.09 209.78 209.66 209.53 209.38 209.25 209.09 208.94 208.69 208.38 208.00 207.28 206.38 205.88 205.34 204.97 204.66 204.25 203.44 202.59 201.78 201.00 200.31 199.72 199.19 198.78 198.44 198.09 197.75 197.38 196.94 196.41 195.78 195.09 194.34 193.44 192.31 191.12 189.69 188.31 187.31 186.59 186.06 185.34 184.47 183.34 181.81 180.44 179.00 177.69 176.72 176.22 175.78 175.31 174.88 174.50 174.06 173.66 173.28 172.88 172.53 172.16 171.72 171.06 170.72
211.25 211.03 210.84 210.59 210.41 210.16 209.91 209.66 209.53 209.38 209.22 209.03 208.84 208.62 208.41 208.06 207.69 206.91 206.34 205.88 205.44 205.00 204.56 204.19 203.56 202.72 201.94 201.22 200.59 200.06 199.59 199.16 198.75 198.38 197.97 197.53 197.09 196.62 196.16 195.59 194.84 193.94 192.78 191.38 188.94 187.62 187.16 186.66 186.41 185.81 184.88 183.22 181.00 179.97 179.34 178.50 177.53 176.94 176.31 175.88 175.41 175.06 174.62 174.25 173.94 173.59 173.25 172.84 172.25 171.72 171.34
210.97 210.53 210.38 210.28 210.12 209.94 209.72 209.53 209.38 209.22 209.03 208.81 208.59 208.38 208.12 207.81 207.41 206.78 206.25 205.84 205.41 204.94 204.50 204.12 203.62 202.97 202.19 201.47 200.84 200.31 199.81 199.38 198.94 198.50 198.03 197.53 197.06 196.69 196.28 195.69 194.97 193.84 192.69 191.41 189.78 188.06 186.56 186.25 186.34 185.91 185.16 183.44 180.88 180.06 179.50 178.72 178.19 177.47 176.84 176.38 175.97 175.66 175.31 174.97 174.69 174.34 174.00 173.41 172.81 172.41 172.03
210.66 210.31 210.19 210.09 209.94 209.75 209.59 209.44 209.25 209.06 208.84 208.59 208.38 208.16 207.91 207.59 207.25 206.81 206.28 205.84 205.38 204.91 204.47 204.09 203.69 203.12 202.41 201.69 201.06 200.53 200.03 199.59 199.12 198.62 198.06 197.44 196.94 196.56 196.06 195.44 194.69 193.62 192.50 191.31 190.00 188.16 186.91 186.06 185.69 185.50 185.06 183.56 180.94 180.81 179.91 179.22 178.66 177.97 177.47 177.09 176.75 176.38 176.00 175.69 175.34 175.03 174.66 173.94 173.41 173.09 172.72
210.38 210.19 210.06 209.97 209.81 209.62 209.44 209.28 209.09 208.88 208.66 208.41 208.16 207.91 207.72 207.44 207.09 206.75 206.28 205.84 205.38 204.94 204.50 204.12 203.72 203.19 202.56 201.91 201.31 200.78 200.31 199.88 199.44 198.88 198.16 197.44 196.88 196.50 196.12 195.38 194.44 193.44 192.28 191.00 189.62 187.66 186.41 185.50 185.00 184.94 184.59 182.84 181.84 181.59 180.69 179.88 179.28 178.69 178.19 177.75 177.38 177.00 176.66 176.31 176.00 175.62 175.12 174.34 174.06 173.81 173.50
210.16 210.03 209.88 209.75 209.59 209.41 209.25 209.06 208.88 208.69 208.47 208.22 207.97 207.72 207.50 207.25 207.00 206.69 206.28 205.88 205.44 205.00 204.59 204.19 203.78 203.28 202.72 202.12 201.56 201.03 200.59 200.22 199.81 199.19 198.34 197.41 196.72 196.41 196.28 195.69 194.62 193.38 191.94 190.53 188.47 186.78 185.84 185.16 184.62 184.53 184.06 182.88 182.62 181.84 181.16 180.47 179.88 179.28 178.78 178.38 177.97 177.59 177.22 176.91 176.62 176.41 176.00 175.31 174.78 174.53 174.41
209.97 209.81 209.66 209.50 209.31 209.16 208.97 208.81 208.66 208.47 208.28 208.06 207.81 207.59 207.34 207.09 206.88 206.59 206.25 205.84 205.47 205.09 204.72 204.34 203.94 203.44 202.91 202.34 201.81 201.31 200.88 200.50 200.12 199.47 198.50 197.56 196.91 196.56 196.41 196.00 194.50 193.00 191.44 189.47 187.44 186.12 185.66 185.28 184.84 184.41 183.94 183.22 182.66 182.12 181.56 180.94 180.34 179.78 179.34 178.91 178.53 178.22 177.97 177.75 177.50 177.09 176.59 175.97 175.41 175.09 175.56
209.78 209.59 209.38 209.19 209.03 208.88 208.72 208.53 208.38 208.19 208.03 207.84 207.62 207.41 207.19 207.00 206.75 206.47 206.16 205.81 205.50 205.19 204.91 204.53 204.12 203.62 203.09 202.53 202.00 201.47 201.03 200.62 200.19 199.59 198.69 197.81 197.22 196.56 196.38 195.59 193.75 192.03 190.22 188.56 186.94 186.41 185.91 185.47 185.03 184.56 184.06 183.34 182.78 182.28 181.81 181.25 180.69 180.22 179.91 179.62 179.41 179.16 178.81 178.28 177.78 177.28 176.78 176.31 175.88 175.88 177.06
209.59 209.38 209.12 208.91 208.72 208.59 208.44 208.25 208.06 207.91 207.72 207.56 207.38 207.22 207.03 206.81 206.59 206.34 206.03 205.72 205.47 205.25 205.00 204.72 204.34 203.84 203.28 202.69 202.12 201.56 201.06 200.56 200.09 199.53 198.81 198.12 197.47 196.91 193.25 191.84 191.47 190.47 189.12 188.00 187.09 186.59 186.12 185.69 185.25 184.81 184.31 183.69 182.97 182.47 182.09 181.66 181.25 180.97 180.75 180.38 179.91 179.44 178.97 178.47 177.97 177.47 176.97 176.47 176.56 177.81 178.81
