everonasctiles/Tile[46,1].asc
ncols 128
nrows 128
xllcorner 0
yllcorner 0
cellsize 2.0
NODATA_value  -9999
[rows 29 to 57 of 128, columns 0 to 66 of 128]
-131.78 -131.75 -131.66 -131.59 -131.50 -131.41 -131.31 -131.25 -131.16 -131.06 -130.94 -130.81 -130.69 -130.53 -130.38 -130.22 -130.06 -129.91 -129.75 -129.59 -129.44 -129.28 -129.09 -128.91 -128.72 -128.50 -128.25 -128.03 -127.81 -127.59 -127.41 -127.25 -127.09 -127.00 -126.91 -126.88 -126.94 -127.00 -127.06 -127.16 -127.28 -127.41 -127.56 -127.72 -127.88 -128.06 -128.25 -128.44 -128.62 -128.81 -129.00 -129.19 -129.38 -129.56 -129.75 -129.94 -130.09 -130.22 -130.34 -130.50 -130.66 -130.81 -130.97 -131.16 -131.38 -131.62 -131.88
-131.72 -131.69 -131.62 -131.53 -131.47 -131.38 -131.31 -131.22 -131.16 -131.03 -130.94 -130.81 -130.66 -130.50 -130.34 -130.19 -130.03 -129.88 -129.72 -129.56 -129.41 -129.25 -129.09 -128.91 -128.69 -128.50 -128.25 -128.03 -127.81 -127.62 -127.44 -127.25 -127.12 -127.00 -126.91 -126.88 -126.91 -126.94 -127.00 -127.09 -127.22 -127.34 -127.53 -127.69 -127.88 -128.06 -128.28 -128.50 -128.69 -128.91 -129.09 -129.28 -129.50 -129.69 -129.88 -130.06 -130.25 -130.38 -130.53 -130.69 -130.84 -131.00 -131.19 -131.38 -131.56 -131.78 -132.00
-131.69 -131.62 -131.56 -131.50 -131.44 -131.34 -131.28 -131.22 -131.12 -131.00 -130.91 -130.78 -130.62 -130.47 -130.31 -130.16 -130.00 -129.84 -129.69 -129.53 -129.38 -129.22 -129.06 -128.88 -128.69 -128.47 -128.25 -128.03 -127.81 -127.59 -127.44 -127.25 -127.12 -127.00 -126.91 -126.84 -126.84 -126.88 -126.94 -127.03 -127.16 -127.28 -127.47 -127.66 -127.84 -128.06 -128.28 -128.50 -128.75 -128.97 -129.19 -129.38 -129.59 -129.78 -130.00 -130.19 -130.38 -130.56 -130.72 -130.88 -131.03 -131.22 -131.41 -131.59 -131.78 -132.00 -132.19
-131.62 -131.56 -131.53 -131.47 -131.38 -131.31 -131.25 -131.16 -131.06 -130.97 -130.88 -130.75 -130.59 -130.47 -130.31 -130.16 -129.97 -129.81 -129.66 -129.50 -129.34 -129.19 -129.00 -128.84 -128.62 -128.44 -128.22 -128.00 -127.78 -127.59 -127.41 -127.25 -127.12 -127.00 -126.88 -126.81 -126.78 -126.81 -126.88 -126.94 -127.06 -127.22 -127.38 -127.56 -127.78 -128.00 -128.25 -128.50 -128.75 -129.00 -129.22 -129.44 -129.66 -129.88 -130.09 -130.31 -130.53 -130.72 -130.88 -131.06 -131.22 -131.41 -131.59 -131.81 -132.00 -132.22 -132.38
-131.56 -131.53 -131.47 -131.41 -131.34 -131.25 -131.19 -131.12 -131.03 -130.94 -130.81 -130.72 -130.59 -130.44 -130.31 -130.16 -130.00 -129.84 -129.66 -129.47 -129.31 -129.16 -128.97 -128.81 -128.62 -128.41 -128.22 -128.00 -127.78 -127.59 -127.41 -127.25 -127.12 -127.00 -126.88 -126.78 -126.72 -126.75 -126.78 -126.88 -127.00 -127.16 -127.31 -127.50 -127.72 -127.94 -128.19 -128.47 -128.72 -128.97 -129.22 -129.44 -129.69 -129.91 -130.16 -130.41 -130.62 -130.84 -131.03 -131.22 -131.41 -131.56 -131.78 -132.00 -132.22 -132.44 -132.62
-131.50 -131.47 -131.41 -131.34 -131.28 -131.19 -131.12 -131.03 -130.97 -130.88 -130.78 -130.69 -130.59 -130.47 -130.34 -130.19 -130.03 -129.84 -129.69 -129.50 -129.31 -129.16 -128.97 -128.81 -128.62 -128.41 -128.22 -128.00 -127.81 -127.59 -127.44 -127.28 -127.12 -126.97 -126.84 -126.75 -126.66 -126.69 -126.75 -126.84 -126.97 -127.12 -127.25 -127.44 -127.66 -127.88 -128.16 -128.41 -128.69 -128.94 -129.19 -129.44 -129.69 -129.94 -130.22 -130.47 -130.72 -130.94 -131.16 -131.38 -131.56 -131.75 -131.94 -132.16 -132.41 -132.62 -132.84
-131.41 -131.41 -131.38 -131.31 -131.22 -131.16 -131.06 -130.97 -130.91 -130.84 -130.75 -130.69 -130.56 -130.47 -130.34 -130.22 -130.06 -129.88 -129.72 -129.53 -129.34 -129.19 -129.03 -128.84 -128.66 -128.47 -128.25 -128.06 -127.84 -127.66 -127.47 -127.28 -127.12 -126.97 -126.84 -126.72 -126.62 -126.66 -126.75 -126.84 -126.97 -127.09 -127.25 -127.41 -127.62 -127.84 -128.06 -128.31 -128.59 -128.88 -129.16 -129.44 -129.69 -129.97 -130.25 -130.50 -130.78 -131.03 -131.28 -131.50 -131.72 -131.94 -132.12 -132.34 -132.59 -132.84 -133.06
-131.34 -131.34 -131.31 -131.25 -131.19 -131.09 -131.00 -130.94 -130.84 -130.78 -130.72 -130.66 -130.56 -130.47 -130.38 -130.25 -130.09 -129.94 -129.75 -129.59 -129.41 -129.25 -129.09 -128.91 -128.72 -128.53 -128.31 -128.12 -127.91 -127.69 -127.50 -127.31 -127.16 -127.00 -126.88 -126.75 -126.69 -126.69 -126.78 -126.91 -127.00 -127.16 -127.28 -127.41 -127.59 -127.78 -128.00 -128.25 -128.53 -128.81 -129.12 -129.41 -129.72 -130.03 -130.31 -130.59 -130.84 -131.09 -131.34 -131.59 -131.84 -132.09 -132.31 -132.53 -132.75 -133.03 -133.28
-131.28 -131.28 -131.28 -131.22 -131.16 -131.06 -131.00 -130.91 -130.81 -130.75 -130.69 -130.62 -130.56 -130.47 -130.38 -130.25 -130.09 -129.97 -129.81 -129.62 -129.47 -129.31 -129.12 -128.97 -128.78 -128.59 -128.41 -128.19 -127.97 -127.75 -127.53 -127.34 -127.19 -127.03 -126.91 -126.81 -126.75 -126.81 -126.88 -126.97 -127.09 -127.22 -127.34 -127.47 -127.59 -127.75 -127.91 -128.16 -128.44 -128.78 -129.12 -129.47 -129.78 -130.12 -130.41 -130.69 -130.94 -131.16 -131.41 -131.66 -131.91 -132.19 -132.44 -132.69 -132.94 -133.19 -133.47
-131.22 -131.25 -131.25 -131.19 -131.16 -131.06 -131.00 -130.91 -130.84 -130.75 -130.69 -130.62 -130.56 -130.47 -130.38 -130.25 -130.12 -130.00 -129.84 -129.69 -129.50 -129.34 -129.16 -129.00 -128.81 -128.62 -128.44 -128.25 -128.03 -127.81 -127.59 -127.41 -127.25 -127.09 -126.97 -126.88 -126.84 -126.91 -126.97 -127.09 -127.22 -127.34 -127.47 -127.59 -127.69 -127.81 -127.94 -128.09 -128.38 -128.75 -129.16 -129.53 -129.91 -130.25 -130.59 -130.84 -131.09 -131.28 -131.47 -131.69 -131.94 -132.22 -132.50 -132.78 -133.06 -133.38 -133.66
-131.19 -131.22 -131.22 -131.22 -131.16 -131.09 -131.03 -130.97 -130.91 -130.84 -130.75 -130.69 -130.59 -130.50 -130.41 -130.28 -130.16 -130.03 -129.88 -129.72 -129.53 -129.34 -129.19 -129.00 -128.84 -128.66 -128.47 -128.28 -128.06 -127.84 -127.62 -127.44 -127.28 -127.16 -127.03 -126.94 -126.94 -127.00 -127.09 -127.22 -127.38 -127.50 -127.62 -127.75 -127.88 -128.00 -128.12 -128.31 -128.56 -128.88 -129.25 -129.69 -130.06 -130.44 -130.78 -131.09 -131.31 -131.50 -131.62 -131.75 -131.94 -132.19 -132.53 -132.88 -133.19 -133.53 -133.84
-131.25 -131.25 -131.25 -131.25 -131.22 -131.19 -131.12 -131.06 -131.00 -130.94 -130.88 -130.78 -130.69 -130.59 -130.47 -130.34 -130.22 -130.06 -129.91 -129.75 -129.56 -129.38 -129.19 -129.03 -128.84 -128.66 -128.47 -128.28 -128.06 -127.88 -127.66 -127.47 -127.31 -127.19 -127.06 -127.00 -127.03 -127.12 -127.22 -127.38 -127.50 -127.66 -127.81 -127.94 -128.06 -128.22 -128.38 -128.59 -128.84 -129.16 -129.47 -129.84 -130.25 -130.62 -131.00 -131.31 -131.59 -131.78 -131.94 -132.00 -132.09 -132.22 -132.56 -132.94 -133.31 -133.69 -134.03
-131.31 -131.31 -131.34 -131.34 -131.31 -131.28 -131.22 -131.19 -131.12 -131.06 -131.00 -130.91 -130.81 -130.69 -130.56 -130.41 -130.28 -130.12 -129.94 -129.78 -129.59 -129.41 -129.22 -129.03 -128.81 -128.62 -128.44 -128.25 -128.06 -127.84 -127.66 -127.47 -127.31 -127.19 -127.09 -127.03 -127.09 -127.22 -127.34 -127.50 -127.66 -127.81 -127.97 -128.12 -128.28 -128.41 -128.59 -128.81 -129.09 -129.41 -129.72 -130.06 -130.44 -130.81 -131.19 -131.56 -131.88 -132.09 -132.25 -132.38 -132.44 -132.56 -132.78 -133.12 -133.47 -133.84 -134.19
-131.44 -131.44 -131.44 -131.44 -131.41 -131.41 -131.38 -131.34 -131.28 -131.22 -131.16 -131.03 -130.91 -130.78 -130.62 -130.47 -130.31 -130.16 -129.97 -129.78 -129.59 -129.41 -129.19 -129.00 -128.78 -128.59 -128.38 -128.19 -128.00 -127.81 -127.62 -127.44 -127.28 -127.16 -127.06 -127.06 -127.19 -127.31 -127.44 -127.59 -127.78 -127.94 -128.12 -128.28 -128.47 -128.62 -128.81 -129.06 -129.34 -129.66 -129.97 -130.31 -130.66 -131.03 -131.41 -131.78 -132.12 -132.41 -132.59 -132.75 -132.88 -133.00 -133.19 -133.44 -133.69 -134.03 -134.38
-131.56 -131.56 -131.56 -131.56 -131.56 -131.53 -131.53 -131.50 -131.44 -131.38 -131.28 -131.19 -131.03 -130.88 -130.69 -130.53 -130.34 -130.19 -130.00 -129.81 -129.59 -129.38 -129.16 -128.94 -128.75 -128.53 -128.31 -128.12 -127.94 -127.75 -127.56 -127.41 -127.25 -127.12 -127.03 -127.12 -127.28 -127.44 -127.59 -127.75 -127.91 -128.06 -128.25 -128.44 -128.66 -128.84 -129.06 -129.31 -129.59 -129.91 -130.22 -130.53 -130.88 -131.25 -131.62 -132.00 -132.38 -132.69 -132.94 -133.09 -133.25 -133.41 -133.59 -133.81 -134.06 -134.28 -134.59
-131.72 -131.72 -131.72 -131.72 -131.72 -131.69 -131.69 -131.66 -131.59 -131.53 -131.44 -131.31 -131.16 -130.97 -130.78 -130.59 -130.41 -130.22 -130.00 -129.81 -129.59 -129.34 -129.12 -128.91 -128.69 -128.47 -128.25 -128.03 -127.84 -127.69 -127.50 -127.34 -127.22 -127.06 -127.03 -127.22 -127.38 -127.56 -127.75 -127.91 -128.06 -128.22 -128.38 -128.59 -128.81 -129.06 -129.31 -129.56 -129.84 -130.12 -130.44 -130.75 -131.09 -131.44 -131.81 -132.19 -132.56 -132.91 -133.22 -133.44 -133.62 -133.75 -133.94 -134.16 -134.41 -134.62 -134.88
-131.88 -131.88 -131.88 -131.88 -131.88 -131.88 -131.84 -131.81 -131.75 -131.66 -131.56 -131.41 -131.25 -131.06 -130.88 -130.66 -130.47 -130.28 -130.06 -129.84 -129.59 -129.38 -129.12 -128.88 -128.66 -128.41 -128.19 -127.97 -127.78 -127.62 -127.47 -127.31 -127.19 -127.03 -127.12 -127.31 -127.53 -127.72 -127.91 -128.09 -128.25 -128.41 -128.53 -128.72 -128.97 -129.25 -129.53 -129.81 -130.09 -130.38 -130.69 -130.97 -131.28 -131.59 -131.94 -132.31 -132.69 -133.09 -133.44 -133.75 -133.94 -134.09 -134.28 -134.47 -134.72 -134.94 -135.19
-132.00 -132.03 -132.03 -132.03 -132.06 -132.03 -132.00 -131.97 -131.91 -131.81 -131.69 -131.53 -131.34 -131.16 -130.97 -130.78 -130.56 -130.38 -130.16 -129.91 -129.66 -129.41 -129.16 -128.91 -128.66 -128.41 -128.19 -127.97 -127.78 -127.59 -127.44 -127.31 -127.19 -127.19 -127.31 -127.47 -127.66 -127.88 -128.09 -128.31 -128.50 -128.66 -128.75 -128.88 -129.09 -129.41 -129.72 -130.03 -130.34 -130.66 -130.94 -131.22 -131.50 -131.78 -132.06 -132.41 -132.81 -133.22 -133.59 -133.97 -134.25 -134.44 -134.62 -134.81 -135.03 -135.25 -135.50
-132.16 -132.19 -132.19 -132.22 -132.22 -132.22 -132.19 -132.12 -132.06 -131.94 -131.81 -131.66 -131.47 -131.28 -131.06 -130.88 -130.69 -130.47 -130.25 -130.00 -129.75 -129.47 -129.22 -128.97 -128.72 -128.47 -128.22 -128.00 -127.81 -127.62 -127.50 -127.38 -127.34 -127.44 -127.53 -127.66 -127.81 -128.06 -128.28 -128.53 -128.78 -128.94 -129.03 -129.09 -129.25 -129.56 -129.91 -130.25 -130.56 -130.91 -131.22 -131.50 -131.78 -132.03 -132.28 -132.56 -132.94 -133.34 -133.78 -134.16 -134.50 -134.78 -134.97 -135.16 -135.34 -135.56 -135.81
-132.31 -132.34 -132.34 -132.38 -132.38 -132.38 -132.34 -132.28 -132.19 -132.06 -131.94 -131.75 -131.56 -131.41 -131.19 -131.00 -130.81 -130.59 -130.38 -130.12 -129.84 -129.59 -129.31 -129.06 -128.81 -128.56 -128.31 -128.09 -127.91 -127.75 -127.59 -127.50 -127.53 -127.62 -127.75 -127.88 -128.06 -128.25 -128.53 -128.78 -129.06 -129.25 -129.38 -129.41 -129.50 -129.75 -130.12 -130.47 -130.78 -131.12 -131.47 -131.78 -132.06 -132.34 -132.59 -132.84 -133.12 -133.53 -133.94 -134.38 -134.75 -135.09 -135.34 -135.53 -135.72 -135.91 -136.09
-132.50 -132.50 -132.53 -132.53 -132.53 -132.53 -132.50 -132.44 -132.34 -132.19 -132.03 -131.88 -131.69 -131.50 -131.31 -131.12 -130.91 -130.72 -130.47 -130.25 -129.97 -129.72 -129.44 -129.19 -128.91 -128.69 -128.44 -128.25 -128.06 -127.91 -127.78 -127.69 -127.72 -127.81 -127.97 -128.12 -128.31 -128.50 -128.78 -129.06 -129.34 -129.56 -129.72 -129.81 -129.88 -130.09 -130.41 -130.75 -131.06 -131.41 -131.72 -132.03 -132.34 -132.66 -132.91 -133.19 -133.44 -133.75 -134.16 -134.59 -134.97 -135.34 -135.66 -135.91 -136.09 -136.25 -136.44
-132.69 -132.69 -132.69 -132.66 -132.66 -132.66 -132.62 -132.56 -132.47 -132.31 -132.16 -132.00 -131.81 -131.62 -131.44 -131.25 -131.03 -130.81 -130.59 -130.34 -130.09 -129.81 -129.56 -129.31 -129.06 -128.81 -128.62 -128.44 -128.28 -128.09 -127.97 -127.84 -127.91 -128.03 -128.19 -128.38 -128.56 -128.78 -129.03 -129.31 -129.62 -129.88 -130.09 -130.22 -130.34 -130.53 -130.81 -131.12 -131.41 -131.72 -132.03 -132.31 -132.62 -132.94 -133.22 -133.50 -133.75 -134.03 -134.38 -134.78 -135.19 -135.59 -135.97 -136.25 -136.47 -136.62 -136.78
-132.88 -132.84 -132.84 -132.81 -132.81 -132.81 -132.78 -132.72 -132.59 -132.47 -132.28 -132.09 -131.94 -131.75 -131.53 -131.34 -131.12 -130.91 -130.69 -130.44 -130.19 -129.94 -129.69 -129.44 -129.22 -129.03 -128.84 -128.66 -128.47 -128.31 -128.16 -128.06 -128.06 -128.22 -128.41 -128.62 -128.81 -129.03 -129.28 -129.56 -129.88 -130.19 -130.44 -130.62 -130.78 -130.97 -131.22 -131.50 -131.81 -132.09 -132.38 -132.66 -132.94 -133.22 -133.53 -133.81 -134.09 -134.34 -134.62 -135.00 -135.41 -135.84 -136.22 -136.56 -136.84 -137.03 -137.19
-133.06 -133.03 -133.00 -132.97 -132.97 -132.97 -132.94 -132.84 -132.75 -132.59 -132.41 -132.22 -132.03 -131.84 -131.66 -131.44 -131.25 -131.03 -130.78 -130.56 -130.31 -130.06 -129.81 -129.59 -129.41 -129.25 -129.06 -128.91 -128.72 -128.53 -128.38 -128.25 -128.25 -128.41 -128.62 -128.84 -129.06 -129.28 -129.53 -129.81 -130.12 -130.44 -130.75 -131.00 -131.19 -131.41 -131.62 -131.91 -132.19 -132.47 -132.75 -133.03 -133.28 -133.53 -133.81 -134.12 -134.44 -134.69 -134.94 -135.25 -135.62 -136.06 -136.47 -136.84 -137.19 -137.41 -137.56
-133.22 -133.19 -133.16 -133.16 -133.16 -133.12 -133.09 -133.00 -132.88 -132.72 -132.56 -132.38 -132.16 -131.97 -131.75 -131.56 -131.34 -131.12 -130.91 -130.69 -130.44 -130.19 -129.97 -129.78 -129.62 -129.47 -129.31 -129.12 -128.94 -128.78 -128.62 -128.50 -128.44 -128.62 -128.84 -129.06 -129.31 -129.50 -129.75 -130.03 -130.34 -130.69 -131.00 -131.31 -131.56 -131.78 -132.03 -132.25 -132.53 -132.81 -133.12 -133.41 -133.66 -133.88 -134.12 -134.41 -134.75 -135.06 -135.31 -135.56 -135.84 -136.28 -136.72 -137.12 -137.50 -137.78 -137.97
-133.38 -133.38 -133.34 -133.31 -133.31 -133.28 -133.25 -133.16 -133.03 -132.88 -132.69 -132.50 -132.31 -132.12 -131.91 -131.69 -131.47 -131.28 -131.06 -130.81 -130.59 -130.38 -130.16 -130.00 -129.84 -129.69 -129.53 -129.34 -129.19 -129.00 -128.88 -128.75 -128.66 -128.81 -129.06 -129.31 -129.53 -129.75 -129.97 -130.25 -130.56 -130.91 -131.25 -131.56 -131.88 -132.16 -132.38 -132.62 -132.88 -133.16 -133.47 -133.75 -134.03 -134.25 -134.47 -134.72 -135.06 -135.41 -135.69 -135.94 -136.16 -136.50 -136.94 -137.38 -137.75 -138.09 -138.31
-133.53 -133.53 -133.53 -133.50 -133.50 -133.47 -133.41 -133.31 -133.19 -133.03 -132.84 -132.69 -132.50 -132.28 -132.09 -131.88 -131.66 -131.44 -131.19 -130.97 -130.75 -130.53 -130.38 -130.22 -130.06 -129.91 -129.75 -129.56 -129.41 -129.25 -129.12 -129.00 -128.94 -129.06 -129.31 -129.56 -129.81 -130.00 -130.22 -130.47 -130.81 -131.12 -131.47 -131.81 -132.16 -132.44 -132.72 -132.97 -133.22 -133.50 -133.78 -134.09 -134.38 -134.62 -134.84 -135.06 -135.34 -135.72 -136.06 -136.34 -136.56 -136.78 -137.16 -137.59 -138.00 -138.34 -138.62
-133.69 -133.72 -133.72 -133.69 -133.69 -133.62 -133.56 -133.47 -133.34 -133.19 -133.03 -132.88 -132.69 -132.50 -132.28 -132.06 -131.84 -131.59 -131.34 -131.09 -130.88 -130.69 -130.56 -130.41 -130.28 -130.12 -129.97 -129.81 -129.66 -129.50 -129.38 -129.28 -129.25 -129.38 -129.62 -129.88 -130.12 -130.34 -130.53 -130.75 -131.06 -131.38 -131.72 -132.03 -132.38 -132.72 -133.00 -133.28 -133.53 -133.81 -134.12 -134.44 -134.72 -135.00 -135.19 -135.41 -135.66 -136.00 -136.38 -136.72 -136.97 -137.19 -137.44 -137.81 -138.22 -138.59 -138.91
-133.84 -133.88 -133.91 -133.88 -133.88 -133.81 -133.75 -133.66 -133.53 -133.41 -133.25 -133.09 -132.94 -132.75 -132.53 -132.28 -132.03 -131.75 -131.47 -131.25 -131.03 -130.88 -130.75 -130.62 -130.50 -130.34 -130.22 -130.06 -129.94 -129.78 -129.66 -129.56 -129.59 -129.75 -129.97 -130.22 -130.47 -130.72 -130.91 -131.12 -131.38 -131.66 -131.97 -132.25 -132.59 -132.91 -133.25 -133.56 -133.81 -134.09 -134.41 -134.75 -135.06 -135.31 -135.53 -135.75 -136.00 -136.31 -136.69 -137.06 -137.34 -137.59 -137.81 -138.12 -138.47 -138.84 -139.16
