everonasctiles/Tile[47,17].asc
ncols 128
nrows 128
xllcorner 0
yllcorner 0
cellsize 2.0
NODATA_value  -9999
[rows 29 to 57 of 128, columns 0 to 66 of 128]
-115.84 -115.97 -116.09 -116.22 -116.28 -116.34 -116.34 -116.34 -116.34 -116.38 -116.34 -116.34 -116.28 -116.25 -116.16 -116.09 -115.97 -115.88 -115.72 -115.56 -115.38 -115.19 -114.97 -114.75 -114.50 -114.28 -114.00 -113.75 -113.44 -113.16 -112.88 -112.56 -112.25 -111.91 -111.56 -111.22 -110.88 -110.56 -110.28 -110.03 -109.81 -109.62 -109.47 -109.28 -109.12 -108.94 -108.78 -108.59 -108.44 -108.25 -108.03 -107.75 -107.47 -107.12 -106.75 -106.38 -106.00 -105.56 -105.09 -104.62 -104.19 -103.81 -103.44 -103.03 -102.62 -102.25 -102.00
-115.88 -116.00 -116.12 -116.22 -116.31 -116.34 -116.34 -116.34 -116.34 -116.34 -116.34 -116.31 -116.28 -116.22 -116.16 -116.06 -115.94 -115.81 -115.66 -115.50 -115.31 -115.12 -114.91 -114.69 -114.47 -114.25 -114.00 -113.72 -113.47 -113.19 -112.88 -112.59 -112.25 -111.91 -111.53 -111.19 -110.81 -110.47 -110.19 -109.91 -109.72 -109.53 -109.38 -109.22 -109.03 -108.88 -108.69 -108.53 -108.38 -108.16 -107.94 -107.66 -107.34 -107.00 -106.62 -106.25 -105.88 -105.38 -104.75 -104.09 -103.56 -103.19 -102.84 -102.50 -102.16 -101.91 -101.75
-115.94 -116.03 -116.16 -116.25 -116.31 -116.34 -116.34 -116.34 -116.34 -116.38 -116.38 -116.34 -116.28 -116.22 -116.12 -116.03 -115.91 -115.75 -115.59 -115.44 -115.25 -115.06 -114.88 -114.66 -114.44 -114.22 -113.97 -113.72 -113.44 -113.16 -112.88 -112.53 -112.22 -111.84 -111.47 -111.09 -110.72 -110.38 -110.06 -109.78 -109.56 -109.41 -109.25 -109.09 -108.94 -108.78 -108.62 -108.44 -108.28 -108.06 -107.84 -107.56 -107.25 -106.88 -106.53 -106.16 -105.72 -105.06 -104.31 -103.66 -103.09 -102.72 -102.50 -102.38 -102.25 -102.16 -102.09
-116.03 -116.12 -116.19 -116.28 -116.34 -116.38 -116.38 -116.38 -116.38 -116.41 -116.41 -116.38 -116.31 -116.25 -116.12 -116.00 -115.84 -115.69 -115.53 -115.38 -115.19 -115.00 -114.81 -114.59 -114.41 -114.19 -113.94 -113.72 -113.44 -113.16 -112.81 -112.50 -112.12 -111.75 -111.38 -111.00 -110.62 -110.25 -109.88 -109.62 -109.41 -109.25 -109.12 -109.00 -108.88 -108.72 -108.56 -108.38 -108.19 -107.97 -107.75 -107.47 -107.16 -106.78 -106.44 -106.06 -105.47 -104.72 -104.03 -103.47 -103.12 -102.97 -102.94 -102.91 -102.81 -102.62 -102.47
-116.19 -116.22 -116.28 -116.34 -116.41 -116.44 -116.44 -116.44 -116.44 -116.44 -116.47 -116.44 -116.38 -116.28 -116.16 -116.00 -115.84 -115.69 -115.50 -115.31 -115.16 -114.97 -114.75 -114.56 -114.34 -114.16 -113.94 -113.72 -113.44 -113.12 -112.81 -112.44 -112.06 -111.66 -111.25 -110.81 -110.34 -109.91 -109.56 -109.34 -109.19 -109.16 -109.06 -109.00 -108.88 -108.72 -108.56 -108.38 -108.16 -107.94 -107.69 -107.41 -107.06 -106.72 -106.34 -105.94 -105.28 -104.56 -104.03 -103.75 -103.66 -103.59 -103.50 -103.34 -103.19 -103.00 -102.81
-116.34 -116.34 -116.41 -116.47 -116.50 -116.53 -116.56 -116.53 -116.53 -116.56 -116.53 -116.50 -116.44 -116.31 -116.19 -116.03 -115.84 -115.69 -115.50 -115.31 -115.12 -114.94 -114.72 -114.53 -114.34 -114.16 -113.97 -113.72 -113.47 -113.19 -112.84 -112.47 -112.09 -111.66 -111.12 -110.62 -110.12 -109.72 -109.50 -109.47 -109.41 -109.34 -109.25 -109.12 -109.00 -108.81 -108.66 -108.44 -108.22 -107.97 -107.66 -107.34 -107.03 -106.66 -106.28 -105.84 -105.25 -104.69 -104.41 -104.31 -104.19 -104.00 -103.84 -103.69 -103.50 -103.31 -103.09
-116.53 -116.53 -116.53 -116.59 -116.62 -116.66 -116.69 -116.69 -116.69 -116.66 -116.66 -116.59 -116.47 -116.38 -116.22 -116.06 -115.88 -115.69 -115.50 -115.28 -115.09 -114.91 -114.72 -114.53 -114.38 -114.19 -114.03 -113.81 -113.53 -113.25 -112.94 -112.62 -112.25 -111.84 -111.38 -110.84 -110.38 -110.06 -109.97 -109.88 -109.75 -109.59 -109.44 -109.31 -109.12 -108.97 -108.75 -108.53 -108.28 -108.00 -107.69 -107.34 -107.00 -106.62 -106.28 -105.84 -105.38 -105.00 -104.81 -104.66 -104.50 -104.31 -104.16 -104.00 -103.81 -103.62 -103.38
-116.72 -116.69 -116.72 -116.72 -116.75 -116.78 -116.81 -116.81 -116.81 -116.78 -116.72 -116.62 -116.53 -116.38 -116.22 -116.06 -115.88 -115.69 -115.47 -115.28 -115.06 -114.91 -114.75 -114.59 -114.44 -114.28 -114.09 -113.91 -113.66 -113.38 -113.06 -112.75 -112.44 -112.09 -111.72 -111.28 -110.88 -110.56 -110.38 -110.22 -110.03 -109.84 -109.66 -109.47 -109.25 -109.06 -108.81 -108.56 -108.31 -108.00 -107.69 -107.34 -107.00 -106.66 -106.28 -105.94 -105.56 -105.31 -105.12 -104.97 -104.81 -104.62 -104.47 -104.31 -104.12 -103.88 -103.56
-116.88 -116.88 -116.88 -116.88 -116.91 -116.94 -116.94 -116.94 -116.94 -116.88 -116.78 -116.66 -116.53 -116.38 -116.22 -116.06 -115.84 -115.66 -115.44 -115.25 -115.09 -114.91 -114.78 -114.62 -114.50 -114.34 -114.19 -113.97 -113.75 -113.50 -113.22 -112.91 -112.59 -112.28 -111.94 -111.59 -111.22 -110.94 -110.69 -110.50 -110.28 -110.06 -109.81 -109.56 -109.31 -109.06 -108.81 -108.56 -108.28 -108.00 -107.69 -107.34 -107.00 -106.69 -106.34 -106.03 -105.75 -105.53 -105.38 -105.25 -105.09 -104.94 -104.78 -104.56 -104.31 -104.03 -103.72
-117.03 -117.03 -117.03 -117.03 -117.03 -117.03 -117.06 -117.03 -117.00 -116.91 -116.81 -116.66 -116.50 -116.34 -116.19 -116.00 -115.81 -115.62 -115.44 -115.25 -115.09 -114.94 -114.81 -114.69 -114.56 -114.44 -114.25 -114.06 -113.81 -113.56 -113.31 -113.03 -112.72 -112.41 -112.09 -111.78 -111.47 -111.19 -110.94 -110.72 -110.44 -110.19 -109.88 -109.59 -109.28 -109.00 -108.72 -108.47 -108.22 -107.94 -107.66 -107.34 -107.03 -106.72 -106.44 -106.16 -105.94 -105.75 -105.62 -105.50 -105.34 -105.19 -104.97 -104.72 -104.44 -104.09 -103.78
-117.16 -117.16 -117.16 -117.16 -117.16 -117.16 -117.16 -117.09 -117.03 -116.94 -116.81 -116.66 -116.50 -116.31 -116.12 -115.94 -115.75 -115.56 -115.38 -115.22 -115.06 -114.94 -114.81 -114.69 -114.59 -114.47 -114.28 -114.09 -113.88 -113.62 -113.38 -113.09 -112.81 -112.50 -112.19 -111.91 -111.62 -111.34 -111.06 -110.78 -110.50 -110.19 -109.84 -109.50 -109.19 -108.88 -108.59 -108.34 -108.12 -107.88 -107.59 -107.31 -107.03 -106.75 -106.50 -106.28 -106.09 -105.97 -105.84 -105.72 -105.56 -105.38 -105.12 -104.84 -104.50 -104.12 -103.78
-117.25 -117.25 -117.25 -117.25 -117.25 -117.22 -117.22 -117.16 -117.06 -116.94 -116.78 -116.62 -116.47 -116.25 -116.06 -115.88 -115.69 -115.50 -115.31 -115.16 -115.00 -114.88 -114.75 -114.66 -114.53 -114.44 -114.28 -114.09 -113.88 -113.62 -113.38 -113.09 -112.81 -112.50 -112.22 -111.94 -111.66 -111.34 -111.03 -110.72 -110.38 -110.06 -109.72 -109.41 -109.06 -108.72 -108.44 -108.19 -107.97 -107.75 -107.53 -107.28 -107.03 -106.78 -106.56 -106.41 -106.25 -106.16 -106.03 -105.91 -105.75 -105.53 -105.28 -104.97 -104.59 -104.16 -103.72
-117.31 -117.31 -117.31 -117.31 -117.31 -117.28 -117.25 -117.16 -117.06 -116.94 -116.78 -116.59 -116.41 -116.22 -116.00 -115.78 -115.59 -115.41 -115.25 -115.09 -114.94 -114.81 -114.69 -114.56 -114.47 -114.34 -114.22 -114.03 -113.81 -113.59 -113.34 -113.03 -112.75 -112.44 -112.12 -111.84 -111.56 -111.25 -110.91 -110.56 -110.22 -109.88 -109.56 -109.22 -108.88 -108.56 -108.22 -108.00 -107.78 -107.59 -107.41 -107.19 -107.00 -106.81 -106.66 -106.50 -106.41 -106.31 -106.22 -106.09 -105.94 -105.72 -105.47 -105.16 -104.81 -104.34 -103.81
-117.31 -117.34 -117.34 -117.34 -117.34 -117.31 -117.25 -117.19 -117.06 -116.91 -116.75 -116.56 -116.38 -116.16 -115.94 -115.72 -115.50 -115.31 -115.16 -115.00 -114.84 -114.72 -114.59 -114.47 -114.34 -114.25 -114.09 -113.94 -113.72 -113.50 -113.25 -112.94 -112.66 -112.31 -112.03 -111.72 -111.44 -111.12 -110.78 -110.41 -110.03 -109.69 -109.34 -109.03 -108.72 -108.38 -108.06 -107.81 -107.62 -107.44 -107.28 -107.12 -106.97 -106.84 -106.72 -106.66 -106.59 -106.50 -106.41 -106.31 -106.12 -105.94 -105.69 -105.44 -105.09 -104.69 -104.16
-117.28 -117.31 -117.34 -117.34 -117.34 -117.31 -117.25 -117.16 -117.03 -116.88 -116.72 -116.53 -116.31 -116.09 -115.88 -115.62 -115.41 -115.22 -115.06 -114.91 -114.78 -114.62 -114.47 -114.34 -114.22 -114.09 -113.97 -113.78 -113.59 -113.41 -113.12 -112.84 -112.53 -112.22 -111.91 -111.59 -111.28 -110.97 -110.66 -110.25 -109.88 -109.47 -109.16 -108.84 -108.53 -108.25 -107.94 -107.66 -107.44 -107.28 -107.16 -107.03 -106.94 -106.88 -106.84 -106.81 -106.75 -106.69 -106.59 -106.50 -106.34 -106.19 -105.97 -105.72 -105.44 -105.06 -104.69
-117.25 -117.28 -117.31 -117.31 -117.31 -117.28 -117.22 -117.12 -117.00 -116.84 -116.66 -116.44 -116.22 -116.00 -115.78 -115.56 -115.34 -115.16 -114.97 -114.84 -114.69 -114.53 -114.38 -114.25 -114.09 -113.97 -113.81 -113.62 -113.44 -113.25 -113.03 -112.75 -112.44 -112.12 -111.81 -111.50 -111.19 -110.88 -110.56 -110.19 -109.81 -109.44 -109.09 -108.78 -108.47 -108.19 -107.91 -107.62 -107.34 -107.16 -107.03 -106.97 -106.97 -106.97 -107.00 -106.97 -106.94 -106.88 -106.78 -106.69 -106.56 -106.41 -106.22 -106.00 -105.75 -105.47 -105.22
-117.19 -117.22 -117.25 -117.28 -117.28 -117.25 -117.19 -117.09 -116.97 -116.81 -116.59 -116.38 -116.12 -115.91 -115.69 -115.47 -115.25 -115.06 -114.91 -114.75 -114.59 -114.44 -114.28 -114.12 -113.97 -113.81 -113.62 -113.47 -113.28 -113.09 -112.91 -112.66 -112.38 -112.06 -111.75 -111.44 -111.12 -110.81 -110.50 -110.16 -109.81 -109.44 -109.12 -108.78 -108.47 -108.19 -107.88 -107.62 -107.34 -107.09 -106.97 -107.03 -107.06 -107.09 -107.12 -107.12 -107.09 -107.03 -106.97 -106.91 -106.78 -106.66 -106.50 -106.31 -106.09 -105.88 -105.66
-117.12 -117.16 -117.19 -117.22 -117.22 -117.19 -117.16 -117.06 -116.94 -116.75 -116.53 -116.28 -116.03 -115.78 -115.56 -115.34 -115.16 -114.97 -114.78 -114.66 -114.50 -114.34 -114.19 -114.03 -113.84 -113.66 -113.47 -113.28 -113.09 -112.94 -112.75 -112.53 -112.28 -111.97 -111.69 -111.38 -111.06 -110.75 -110.44 -110.12 -109.78 -109.44 -109.12 -108.78 -108.47 -108.16 -107.88 -107.59 -107.34 -107.12 -107.09 -107.12 -107.19 -107.22 -107.25 -107.25 -107.25 -107.22 -107.19 -107.09 -107.00 -106.91 -106.78 -106.62 -106.47 -106.28 -106.09
-117.00 -117.06 -117.09 -117.12 -117.16 -117.12 -117.09 -117.00 -116.88 -116.69 -116.47 -116.22 -115.97 -115.69 -115.44 -115.22 -115.03 -114.84 -114.69 -114.53 -114.38 -114.22 -114.06 -113.88 -113.72 -113.50 -113.31 -113.09 -112.91 -112.75 -112.59 -112.38 -112.16 -111.84 -111.56 -111.25 -110.94 -110.62 -110.34 -110.03 -109.72 -109.38 -109.06 -108.75 -108.44 -108.12 -107.84 -107.59 -107.38 -107.22 -107.22 -107.28 -107.31 -107.38 -107.41 -107.41 -107.41 -107.41 -107.38 -107.34 -107.25 -107.19 -107.09 -107.00 -106.88 -106.72 -106.53
-116.88 -116.94 -117.00 -117.03 -117.06 -117.06 -117.00 -116.91 -116.78 -116.59 -116.38 -116.12 -115.84 -115.56 -115.31 -115.06 -114.88 -114.69 -114.53 -114.38 -114.22 -114.06 -113.91 -113.75 -113.56 -113.38 -113.16 -112.94 -112.72 -112.53 -112.34 -112.19 -111.97 -111.72 -111.41 -111.09 -110.78 -110.47 -110.16 -109.84 -109.56 -109.25 -108.94 -108.62 -108.34 -108.06 -107.81 -107.59 -107.41 -107.34 -107.38 -107.41 -107.47 -107.53 -107.56 -107.59 -107.59 -107.62 -107.62 -107.56 -107.53 -107.47 -107.44 -107.34 -107.25 -107.12 -106.94
-116.72 -116.78 -116.88 -116.94 -116.97 -116.97 -116.91 -116.78 -116.66 -116.47 -116.25 -116.00 -115.72 -115.44 -115.16 -114.91 -114.69 -114.50 -114.34 -114.22 -114.06 -113.91 -113.75 -113.59 -113.41 -113.19 -112.97 -112.75 -112.50 -112.28 -112.09 -111.94 -111.78 -111.56 -111.28 -110.97 -110.62 -110.31 -109.97 -109.66 -109.38 -109.06 -108.78 -108.47 -108.22 -107.97 -107.75 -107.56 -107.47 -107.50 -107.53 -107.59 -107.66 -107.69 -107.75 -107.78 -107.81 -107.84 -107.84 -107.81 -107.78 -107.75 -107.75 -107.69 -107.62 -107.50 -107.34
-116.53 -116.62 -116.72 -116.81 -116.88 -116.84 -116.75 -116.62 -116.47 -116.28 -116.06 -115.84 -115.56 -115.28 -114.97 -114.69 -114.47 -114.28 -114.16 -114.00 -113.84 -113.69 -113.53 -113.38 -113.22 -113.03 -112.81 -112.56 -112.31 -112.06 -111.84 -111.69 -111.53 -111.34 -111.09 -110.81 -110.47 -110.12 -109.81 -109.47 -109.19 -108.88 -108.59 -108.34 -108.09 -107.88 -107.72 -107.59 -107.59 -107.62 -107.69 -107.75 -107.84 -107.91 -107.94 -108.00 -108.03 -108.06 -108.09 -108.06 -108.03 -108.03 -108.03 -108.03 -107.97 -107.84 -107.69
-116.34 -116.47 -116.59 -116.69 -116.72 -116.69 -116.59 -116.47 -116.28 -116.06 -115.84 -115.59 -115.34 -115.09 -114.78 -114.50 -114.25 -114.06 -113.91 -113.78 -113.62 -113.47 -113.28 -113.16 -113.00 -112.81 -112.62 -112.38 -112.12 -111.84 -111.59 -111.44 -111.28 -111.12 -110.91 -110.62 -110.31 -109.97 -109.66 -109.31 -109.00 -108.72 -108.44 -108.22 -108.00 -107.81 -107.72 -107.69 -107.72 -107.78 -107.84 -107.94 -108.03 -108.09 -108.16 -108.22 -108.28 -108.31 -108.31 -108.31 -108.28 -108.31 -108.31 -108.31 -108.25 -108.16 -108.00
-116.16 -116.28 -116.41 -116.50 -116.50 -116.47 -116.38 -116.22 -116.06 -115.81 -115.56 -115.31 -115.09 -114.81 -114.56 -114.25 -114.00 -113.81 -113.66 -113.53 -113.38 -113.19 -113.03 -112.88 -112.72 -112.56 -112.41 -112.19 -111.94 -111.69 -111.44 -111.22 -111.06 -110.88 -110.69 -110.44 -110.16 -109.81 -109.50 -109.19 -108.91 -108.62 -108.41 -108.19 -108.00 -107.84 -107.78 -107.81 -107.84 -107.91 -108.00 -108.09 -108.19 -108.28 -108.38 -108.44 -108.50 -108.53 -108.53 -108.53 -108.53 -108.56 -108.59 -108.56 -108.53 -108.44 -108.28
-115.94 -116.12 -116.22 -116.28 -116.25 -116.19 -116.09 -115.94 -115.75 -115.53 -115.28 -115.00 -114.75 -114.50 -114.25 -113.97 -113.72 -113.53 -113.38 -113.25 -113.12 -112.94 -112.75 -112.59 -112.44 -112.31 -112.12 -111.97 -111.75 -111.53 -111.28 -111.06 -110.84 -110.66 -110.47 -110.22 -109.97 -109.66 -109.34 -109.06 -108.81 -108.59 -108.41 -108.22 -108.06 -107.94 -107.88 -107.91 -107.97 -108.03 -108.12 -108.25 -108.34 -108.47 -108.56 -108.66 -108.72 -108.75 -108.75 -108.75 -108.75 -108.78 -108.81 -108.81 -108.75 -108.66 -108.50
-115.75 -115.91 -116.00 -116.00 -115.97 -115.88 -115.75 -115.62 -115.44 -115.19 -114.94 -114.66 -114.38 -114.12 -113.88 -113.62 -113.41 -113.22 -113.09 -113.00 -112.84 -112.69 -112.50 -112.31 -112.16 -112.00 -111.84 -111.69 -111.50 -111.28 -111.09 -110.88 -110.66 -110.47 -110.25 -110.03 -109.78 -109.50 -109.22 -109.00 -108.78 -108.59 -108.44 -108.28 -108.12 -108.00 -107.97 -108.00 -108.06 -108.16 -108.25 -108.38 -108.47 -108.59 -108.72 -108.84 -108.91 -108.94 -108.94 -108.97 -108.97 -109.00 -109.03 -109.00 -108.94 -108.84 -108.69
-115.53 -115.66 -115.69 -115.69 -115.62 -115.53 -115.41 -115.25 -115.06 -114.81 -114.53 -114.25 -113.97 -113.69 -113.44 -113.25 -113.03 -112.91 -112.81 -112.72 -112.59 -112.41 -112.22 -112.03 -111.88 -111.72 -111.53 -111.38 -111.19 -111.00 -110.81 -110.62 -110.44 -110.25 -110.06 -109.84 -109.62 -109.38 -109.16 -108.94 -108.78 -108.62 -108.47 -108.31 -108.19 -108.06 -108.03 -108.06 -108.16 -108.28 -108.38 -108.50 -108.59 -108.72 -108.84 -108.97 -109.06 -109.12 -109.12 -109.16 -109.16 -109.19 -109.22 -109.19 -109.12 -109.00 -108.88
-115.25 -115.34 -115.34 -115.31 -115.25 -115.16 -115.03 -114.88 -114.66 -114.38 -114.12 -113.84 -113.50 -113.22 -112.97 -112.78 -112.66 -112.56 -112.50 -112.44 -112.34 -112.19 -112.00 -111.78 -111.59 -111.44 -111.25 -111.06 -110.88 -110.69 -110.50 -110.34 -110.19 -110.03 -109.84 -109.69 -109.47 -109.28 -109.09 -108.91 -108.78 -108.66 -108.50 -108.38 -108.22 -108.12 -108.06 -108.09 -108.22 -108.34 -108.47 -108.56 -108.69 -108.81 -108.94 -109.06 -109.19 -109.25 -109.31 -109.34 -109.34 -109.38 -109.38 -109.38 -109.31 -109.19 -109.03
-114.94 -114.97 -114.97 -114.91 -114.84 -114.75 -114.62 -114.47 -114.22 -113.94 -113.66 -113.31 -112.88 -112.53 -112.38 -112.28 -112.22 -112.19 -112.19 -112.16 -112.06 -111.94 -111.75 -111.56 -111.34 -111.16 -110.97 -110.75 -110.56 -110.38 -110.22 -110.06 -109.94 -109.78 -109.66 -109.50 -109.34 -109.19 -109.03 -108.88 -108.78 -108.66 -108.53 -108.41 -108.25 -108.16 -108.09 -108.12 -108.22 -108.31 -108.47 -108.59 -108.72 -108.84 -108.97 -109.12 -109.25 -109.38 -109.44 -109.50 -109.53 -109.56 -109.56 -109.56 -109.50 -109.38 -109.22
