everonasctiles/Tile[10,31].asc
ncols 128
nrows 128
xllcorner 0
yllcorner 0
cellsize 2.0
NODATA_value  -9999
[rows 64 to 95 of 128, columns 0 to 70 of 128]
-37.75 -37.91 -38.03 -38.12 -38.22 -38.31 -38.41 -38.50 -38.62 -38.78 -38.97 -39.16 -39.31 -39.50 -39.66 -39.78 -39.91 -39.97 -40.03 -40.06 -40.09 -40.09 -40.09 -40.06 -40.00 -39.94 -39.88 -39.81 -39.72 -39.62 -39.50 -39.41 -39.28 -39.19 -39.09 -39.00 -38.94 -38.88 -38.88 -38.91 -38.94 -38.97 -39.00 -39.00 -39.03 -39.03 -39.03 -39.06 -39.03 -38.97 -38.88 -38.78 -38.66 -38.50 -38.34 -38.19 -38.03 -37.88 -37.72 -37.59 -37.50 -37.41 -37.34 -37.28 -37.22 -37.19 -37.16 -37.16 -37.22 -37.28 -37.34
-38.03 -38.19 -38.31 -38.44 -38.53 -38.59 -38.66 -38.75 -38.84 -38.97 -39.12 -39.31 -39.47 -39.62 -39.75 -39.88 -39.97 -40.06 -40.09 -40.12 -40.16 -40.16 -40.12 -40.09 -40.06 -39.97 -39.91 -39.81 -39.72 -39.59 -39.50 -39.34 -39.25 -39.12 -39.03 -38.94 -38.84 -38.81 -38.81 -38.81 -38.84 -38.88 -38.91 -38.94 -38.94 -38.97 -38.97 -39.00 -39.00 -38.97 -38.91 -38.81 -38.69 -38.56 -38.44 -38.28 -38.12 -37.97 -37.84 -37.72 -37.62 -37.53 -37.47 -37.41 -37.34 -37.28 -37.22 -37.19 -37.25 -37.31 -37.38
-38.28 -38.47 -38.59 -38.72 -38.78 -38.88 -38.91 -38.97 -39.06 -39.16 -39.28 -39.44 -39.59 -39.72 -39.84 -39.94 -40.03 -40.09 -40.16 -40.19 -40.19 -40.19 -40.16 -40.12 -40.09 -40.03 -39.94 -39.84 -39.72 -39.59 -39.47 -39.31 -39.16 -39.03 -38.91 -38.81 -38.75 -38.72 -38.69 -38.72 -38.75 -38.78 -38.81 -38.84 -38.84 -38.88 -38.91 -38.94 -38.94 -38.94 -38.88 -38.81 -38.72 -38.59 -38.47 -38.34 -38.19 -38.06 -37.94 -37.81 -37.72 -37.66 -37.59 -37.53 -37.44 -37.34 -37.25 -37.22 -37.25 -37.31 -37.41
-38.53 -38.69 -38.84 -38.97 -39.06 -39.12 -39.19 -39.22 -39.28 -39.34 -39.47 -39.59 -39.72 -39.81 -39.94 -40.03 -40.09 -40.16 -40.19 -40.22 -40.22 -40.22 -40.19 -40.16 -40.09 -40.03 -39.97 -39.88 -39.75 -39.59 -39.44 -39.25 -39.09 -38.94 -38.81 -38.69 -38.62 -38.56 -38.56 -38.59 -38.62 -38.66 -38.69 -38.75 -38.78 -38.81 -38.84 -38.88 -38.88 -38.88 -38.84 -38.78 -38.72 -38.62 -38.50 -38.38 -38.25 -38.12 -38.00 -37.91 -37.81 -37.75 -37.66 -37.59 -37.50 -37.38 -37.31 -37.25 -37.28 -37.34 -37.44
-38.75 -38.91 -39.06 -39.19 -39.28 -39.34 -39.41 -39.44 -39.50 -39.56 -39.62 -39.72 -39.81 -39.91 -40.00 -40.09 -40.16 -40.19 -40.22 -40.25 -40.25 -40.22 -40.22 -40.19 -40.12 -40.06 -40.00 -39.88 -39.75 -39.59 -39.41 -39.19 -39.00 -38.81 -38.66 -38.53 -38.47 -38.41 -38.41 -38.44 -38.50 -38.53 -38.59 -38.62 -38.69 -38.72 -38.75 -38.78 -38.81 -38.81 -38.78 -38.75 -38.69 -38.62 -38.50 -38.41 -38.28 -38.19 -38.06 -37.97 -37.88 -37.78 -37.69 -37.59 -37.50 -37.41 -37.34 -37.28 -37.31 -37.38 -37.47
-38.94 -39.09 -39.25 -39.38 -39.47 -39.56 -39.62 -39.66 -39.69 -39.75 -39.78 -39.84 -39.94 -40.00 -40.09 -40.16 -40.19 -40.25 -40.25 -40.28 -40.28 -40.25 -40.22 -40.19 -40.16 -40.09 -40.00 -39.88 -39.75 -39.56 -39.38 -39.16 -38.91 -38.72 -38.53 -38.38 -38.28 -38.25 -38.25 -38.28 -38.34 -38.41 -38.47 -38.53 -38.59 -38.66 -38.69 -38.69 -38.72 -38.72 -38.72 -38.69 -38.66 -38.59 -38.50 -38.44 -38.31 -38.22 -38.12 -38.03 -37.91 -37.81 -37.69 -37.59 -37.50 -37.44 -37.38 -37.34 -37.34 -37.41 -37.47
-39.12 -39.28 -39.44 -39.56 -39.66 -39.75 -39.81 -39.84 -39.88 -39.91 -39.94 -39.97 -40.03 -40.09 -40.16 -40.22 -40.25 -40.28 -40.28 -40.28 -40.28 -40.28 -40.25 -40.22 -40.16 -40.09 -40.00 -39.88 -39.72 -39.53 -39.31 -39.09 -38.84 -38.59 -38.38 -38.22 -38.12 -38.06 -38.06 -38.12 -38.19 -38.28 -38.38 -38.44 -38.50 -38.56 -38.59 -38.62 -38.62 -38.62 -38.62 -38.62 -38.59 -38.56 -38.50 -38.41 -38.34 -38.25 -38.16 -38.03 -37.94 -37.81 -37.69 -37.59 -37.50 -37.44 -37.41 -37.38 -37.41 -37.44 -37.50
-39.28 -39.44 -39.56 -39.69 -39.81 -39.91 -39.97 -40.00 -40.03 -40.06 -40.06 -40.09 -40.16 -40.19 -40.22 -40.25 -40.28 -40.31 -40.31 -40.31 -40.31 -40.28 -40.25 -40.22 -40.16 -40.06 -39.97 -39.84 -39.69 -39.50 -39.28 -39.03 -38.75 -38.50 -38.25 -38.03 -37.94 -37.91 -37.91 -37.97 -38.06 -38.16 -38.25 -38.31 -38.38 -38.44 -38.50 -38.53 -38.56 -38.56 -38.56 -38.56 -38.53 -38.50 -38.47 -38.38 -38.31 -38.22 -38.12 -38.03 -37.91 -37.78 -37.69 -37.59 -37.50 -37.44 -37.44 -37.47 -37.47 -37.53 -37.56
-39.44 -39.56 -39.69 -39.81 -39.94 -40.03 -40.09 -40.16 -40.16 -40.19 -40.19 -40.22 -40.22 -40.25 -40.28 -40.31 -40.34 -40.34 -40.34 -40.34 -40.31 -40.28 -40.25 -40.19 -40.12 -40.06 -39.94 -39.81 -39.66 -39.44 -39.22 -38.97 -38.69 -38.44 -38.16 -37.88 -37.72 -37.72 -37.78 -37.84 -37.94 -38.03 -38.09 -38.19 -38.28 -38.34 -38.41 -38.44 -38.47 -38.50 -38.50 -38.50 -38.50 -38.47 -38.41 -38.31 -38.25 -38.16 -38.09 -38.00 -37.88 -37.78 -37.69 -37.56 -37.50 -37.47 -37.50 -37.56 -37.59 -37.62 -37.66
-39.56 -39.69 -39.81 -39.94 -40.03 -40.12 -40.19 -40.25 -40.28 -40.28 -40.31 -40.31 -40.31 -40.31 -40.34 -40.34 -40.38 -40.38 -40.34 -40.34 -40.31 -40.28 -40.25 -40.19 -40.09 -40.00 -39.91 -39.75 -39.59 -39.41 -39.16 -38.91 -38.62 -38.34 -38.06 -37.75 -37.50 -37.56 -37.62 -37.72 -37.81 -37.91 -37.97 -38.06 -38.16 -38.25 -38.31 -38.38 -38.41 -38.44 -38.44 -38.44 -38.44 -38.41 -38.34 -38.25 -38.19 -38.09 -38.03 -37.94 -37.84 -37.75 -37.66 -37.56 -37.50 -37.53 -37.59 -37.66 -37.69 -37.75 -37.78
-39.69 -39.78 -39.91 -40.00 -40.12 -40.22 -40.28 -40.34 -40.38 -40.38 -40.38 -40.38 -40.38 -40.38 -40.38 -40.41 -40.41 -40.38 -40.38 -40.34 -40.31 -40.28 -40.22 -40.16 -40.06 -39.97 -39.84 -39.72 -39.53 -39.34 -39.09 -38.84 -38.56 -38.28 -38.00 -37.69 -37.41 -37.41 -37.53 -37.59 -37.69 -37.78 -37.88 -37.97 -38.06 -38.16 -38.25 -38.31 -38.34 -38.38 -38.38 -38.38 -38.38 -38.34 -38.28 -38.22 -38.12 -38.03 -37.97 -37.91 -37.81 -37.72 -37.62 -37.56 -37.50 -37.56 -37.66 -37.75 -37.81 -37.88 -37.91
-39.75 -39.88 -40.00 -40.09 -40.19 -40.28 -40.34 -40.41 -40.44 -40.44 -40.44 -40.44 -40.44 -40.44 -40.44 -40.44 -40.41 -40.41 -40.38 -40.34 -40.31 -40.25 -40.19 -40.12 -40.03 -39.94 -39.81 -39.66 -39.50 -39.28 -39.06 -38.81 -38.53 -38.25 -38.00 -37.72 -37.44 -37.34 -37.44 -37.53 -37.62 -37.72 -37.81 -37.91 -38.00 -38.09 -38.19 -38.25 -38.31 -38.34 -38.34 -38.34 -38.34 -38.28 -38.22 -38.16 -38.06 -37.97 -37.91 -37.84 -37.75 -37.69 -37.59 -37.53 -37.53 -37.62 -37.72 -37.81 -37.91 -37.97 -38.03
-39.84 -39.97 -40.06 -40.16 -40.25 -40.34 -40.41 -40.44 -40.47 -40.47 -40.47 -40.47 -40.47 -40.44 -40.44 -40.44 -40.44 -40.41 -40.38 -40.34 -40.31 -40.25 -40.19 -40.09 -40.00 -39.88 -39.75 -39.59 -39.44 -39.25 -39.03 -38.78 -38.50 -38.25 -37.97 -37.75 -37.50 -37.38 -37.41 -37.50 -37.56 -37.66 -37.75 -37.84 -37.94 -38.03 -38.12 -38.19 -38.25 -38.28 -38.28 -38.28 -38.28 -38.25 -38.19 -38.09 -38.03 -37.94 -37.84 -37.78 -37.69 -37.62 -37.56 -37.50 -37.56 -37.66 -37.78 -37.91 -38.00 -38.09 -38.16
-39.97 -40.06 -40.16 -40.25 -40.31 -40.38 -40.44 -40.47 -40.50 -40.50 -40.50 -40.47 -40.47 -40.47 -40.47 -40.47 -40.44 -40.41 -40.38 -40.34 -40.31 -40.25 -40.16 -40.06 -39.97 -39.84 -39.72 -39.56 -39.38 -39.19 -38.97 -38.75 -38.47 -38.22 -37.97 -37.75 -37.59 -37.47 -37.41 -37.47 -37.53 -37.62 -37.72 -37.81 -37.88 -37.97 -38.06 -38.12 -38.19 -38.22 -38.22 -38.22 -38.22 -38.19 -38.12 -38.06 -37.97 -37.88 -37.78 -37.72 -37.66 -37.59 -37.53 -37.53 -37.59 -37.72 -37.84 -37.97 -38.09 -38.19 -38.25
-40.06 -40.16 -40.25 -40.31 -40.38 -40.44 -40.47 -40.50 -40.50 -40.53 -40.50 -40.50 -40.47 -40.47 -40.47 -40.44 -40.44 -40.41 -40.38 -40.34 -40.31 -40.25 -40.16 -40.06 -39.94 -39.81 -39.66 -39.50 -39.31 -39.12 -38.91 -38.69 -38.47 -38.22 -38.00 -37.78 -37.62 -37.50 -37.44 -37.47 -37.53 -37.59 -37.69 -37.75 -37.81 -37.91 -37.97 -38.03 -38.09 -38.12 -38.12 -38.16 -38.16 -38.12 -38.09 -38.03 -37.94 -37.84 -37.78 -37.72 -37.66 -37.62 -37.59 -37.59 -37.66 -37.78 -37.91 -38.03 -38.16 -38.28 -38.34
-40.19 -40.25 -40.31 -40.38 -40.44 -40.47 -40.50 -40.53 -40.53 -40.53 -40.50 -40.50 -40.47 -40.47 -40.44 -40.44 -40.41 -40.41 -40.38 -40.34 -40.31 -40.25 -40.16 -40.06 -39.94 -39.81 -39.66 -39.47 -39.28 -39.09 -38.91 -38.69 -38.47 -38.25 -38.03 -37.84 -37.69 -37.56 -37.47 -37.44 -37.50 -37.56 -37.62 -37.69 -37.75 -37.81 -37.88 -37.94 -37.97 -38.00 -38.03 -38.06 -38.06 -38.06 -38.03 -37.97 -37.91 -37.84 -37.78 -37.78 -37.75 -37.75 -37.75 -37.72 -37.75 -37.84 -37.97 -38.12 -38.25 -38.34 -38.44
-40.28 -40.34 -40.41 -40.44 -40.50 -40.53 -40.53 -40.53 -40.53 -40.53 -40.50 -40.47 -40.47 -40.44 -40.41 -40.41 -40.38 -40.38 -40.34 -40.34 -40.28 -40.25 -40.16 -40.06 -39.94 -39.81 -39.66 -39.47 -39.31 -39.12 -38.94 -38.72 -38.50 -38.31 -38.09 -37.91 -37.72 -37.56 -37.44 -37.41 -37.44 -37.50 -37.56 -37.62 -37.69 -37.72 -37.78 -37.81 -37.84 -37.88 -37.91 -37.97 -38.00 -38.00 -37.97 -37.94 -37.88 -37.84 -37.88 -37.88 -37.91 -37.91 -37.91 -37.91 -37.91 -37.97 -38.06 -38.19 -38.31 -38.44 -38.50
-40.41 -40.44 -40.47 -40.50 -40.53 -40.56 -40.56 -40.56 -40.56 -40.53 -40.50 -40.47 -40.44 -40.41 -40.38 -40.34 -40.34 -40.31 -40.31 -40.28 -40.25 -40.22 -40.16 -40.06 -39.94 -39.81 -39.66 -39.50 -39.34 -39.19 -39.00 -38.78 -38.59 -38.38 -38.16 -37.94 -37.72 -37.53 -37.41 -37.34 -37.38 -37.44 -37.50 -37.56 -37.59 -37.62 -37.66 -37.69 -37.72 -37.75 -37.81 -37.88 -37.91 -37.94 -37.91 -37.88 -37.84 -37.88 -37.94 -38.00 -38.06 -38.09 -38.09 -38.09 -38.09 -38.12 -38.19 -38.31 -38.41 -38.53 -38.59
-40.50 -40.53 -40.56 -40.56 -40.59 -40.59 -40.59 -40.59 -40.56 -40.53 -40.50 -40.47 -40.41 -40.38 -40.34 -40.31 -40.28 -40.28 -40.25 -40.22 -40.22 -40.19 -40.12 -40.03 -39.94 -39.84 -39.72 -39.56 -39.41 -39.25 -39.06 -38.84 -38.62 -38.41 -38.16 -37.91 -37.69 -37.50 -37.34 -37.28 -37.28 -37.34 -37.41 -37.47 -37.50 -37.53 -37.53 -37.56 -37.56 -37.62 -37.69 -37.78 -37.84 -37.88 -37.88 -37.88 -37.88 -37.94 -38.03 -38.12 -38.22 -38.28 -38.28 -38.28 -38.28 -38.28 -38.34 -38.44 -38.53 -38.62 -38.72
-40.59 -40.62 -40.62 -40.62 -40.66 -40.66 -40.66 -40.62 -40.59 -40.56 -40.50 -40.47 -40.41 -40.34 -40.31 -40.25 -40.22 -40.22 -40.19 -40.16 -40.16 -40.12 -40.09 -40.03 -39.94 -39.84 -39.75 -39.59 -39.47 -39.28 -39.09 -38.88 -38.66 -38.41 -38.12 -37.88 -37.66 -37.47 -37.31 -37.22 -37.22 -37.25 -37.28 -37.34 -37.38 -37.41 -37.44 -37.44 -37.47 -37.53 -37.59 -37.69 -37.75 -37.81 -37.88 -37.91 -37.94 -38.03 -38.12 -38.25 -38.34 -38.44 -38.47 -38.47 -38.47 -38.47 -38.50 -38.56 -38.66 -38.75 -38.84
-40.69 -40.69 -40.69 -40.69 -40.69 -40.69 -40.69 -40.66 -40.62 -40.56 -40.53 -40.47 -40.41 -40.34 -40.28 -40.22 -40.19 -40.12 -40.12 -40.09 -40.06 -40.06 -40.03 -40.00 -39.94 -39.84 -39.75 -39.62 -39.47 -39.31 -39.09 -38.88 -38.62 -38.38 -38.12 -37.88 -37.62 -37.41 -37.25 -37.16 -37.12 -37.16 -37.19 -37.22 -37.25 -37.28 -37.31 -37.31 -37.34 -37.44 -37.50 -37.59 -37.69 -37.78 -37.88 -37.97 -38.03 -38.12 -38.22 -38.34 -38.47 -38.59 -38.66 -38.66 -38.66 -38.66 -38.66 -38.72 -38.78 -38.88 -38.97
-40.75 -40.75 -40.75 -40.75 -40.72 -40.72 -40.69 -40.66 -40.62 -40.56 -40.53 -40.47 -40.38 -40.31 -40.25 -40.19 -40.12 -40.09 -40.03 -40.03 -40.00 -40.00 -39.97 -39.91 -39.84 -39.78 -39.69 -39.59 -39.47 -39.28 -39.09 -38.88 -38.62 -38.38 -38.09 -37.84 -37.59 -37.38 -37.19 -37.09 -37.03 -37.03 -37.06 -37.09 -37.12 -37.16 -37.19 -37.22 -37.28 -37.34 -37.44 -37.53 -37.66 -37.75 -37.88 -38.00 -38.12 -38.25 -38.34 -38.47 -38.59 -38.69 -38.78 -38.84 -38.84 -38.81 -38.81 -38.84 -38.94 -39.00 -39.09
-40.78 -40.81 -40.78 -40.78 -40.75 -40.72 -40.69 -40.62 -40.59 -40.53 -40.47 -40.44 -40.38 -40.31 -40.22 -40.16 -40.09 -40.03 -40.00 -39.97 -39.94 -39.91 -39.84 -39.81 -39.75 -39.69 -39.59 -39.53 -39.41 -39.25 -39.09 -38.88 -38.62 -38.38 -38.09 -37.81 -37.56 -37.34 -37.16 -37.00 -36.94 -36.94 -36.97 -37.00 -37.03 -37.06 -37.09 -37.12 -37.19 -37.25 -37.34 -37.47 -37.59 -37.72 -37.88 -38.03 -38.19 -38.34 -38.47 -38.59 -38.72 -38.81 -38.91 -38.97 -38.97 -38.97 -38.97 -39.00 -39.06 -39.12 -39.19
-40.81 -40.81 -40.81 -40.81 -40.78 -40.72 -40.66 -40.59 -40.53 -40.47 -40.41 -40.38 -40.31 -40.25 -40.19 -40.12 -40.06 -40.00 -39.94 -39.91 -39.84 -39.78 -39.72 -39.69 -39.62 -39.53 -39.47 -39.41 -39.34 -39.22 -39.06 -38.84 -38.62 -38.38 -38.09 -37.81 -37.53 -37.31 -37.09 -36.94 -36.88 -36.84 -36.84 -36.88 -36.91 -36.97 -37.00 -37.03 -37.09 -37.16 -37.25 -37.38 -37.53 -37.69 -37.88 -38.03 -38.22 -38.41 -38.56 -38.72 -38.81 -38.94 -39.03 -39.09 -39.12 -39.12 -39.12 -39.12 -39.19 -39.25 -39.31
-40.84 -40.84 -40.84 -40.81 -40.78 -40.72 -40.66 -40.56 -40.50 -40.41 -40.34 -40.28 -40.25 -40.19 -40.16 -40.09 -40.03 -39.97 -39.91 -39.81 -39.75 -39.69 -39.62 -39.53 -39.47 -39.41 -39.34 -39.28 -39.22 -39.12 -38.97 -38.81 -38.56 -38.34 -38.06 -37.78 -37.53 -37.28 -37.06 -36.88 -36.78 -36.75 -36.75 -36.78 -36.81 -36.84 -36.88 -36.94 -36.97 -37.03 -37.16 -37.28 -37.47 -37.66 -37.84 -38.03 -38.25 -38.44 -38.62 -38.78 -38.91 -39.03 -39.12 -39.19 -39.22 -39.25 -39.25 -39.25 -39.28 -39.34 -39.41
-40.84 -40.84 -40.81 -40.81 -40.75 -40.72 -40.62 -40.53 -40.44 -40.34 -40.25 -40.19 -40.16 -40.09 -40.06 -40.00 -39.97 -39.91 -39.84 -39.75 -39.66 -39.59 -39.50 -39.41 -39.34 -39.25 -39.19 -39.12 -39.09 -39.00 -38.88 -38.72 -38.50 -38.25 -38.00 -37.75 -37.50 -37.22 -37.00 -36.81 -36.69 -36.62 -36.62 -36.66 -36.69 -36.72 -36.75 -36.81 -36.84 -36.94 -37.03 -37.19 -37.38 -37.59 -37.81 -38.03 -38.25 -38.47 -38.66 -38.84 -38.97 -39.09 -39.22 -39.28 -39.34 -39.34 -39.34 -39.38 -39.38 -39.44 -39.47
-40.81 -40.81 -40.81 -40.78 -40.75 -40.72 -40.62 -40.53 -40.44 -40.31 -40.22 -40.12 -40.06 -40.00 -39.97 -39.94 -39.88 -39.81 -39.75 -39.69 -39.59 -39.50 -39.38 -39.28 -39.19 -39.12 -39.03 -38.97 -38.94 -38.84 -38.75 -38.59 -38.41 -38.16 -37.94 -37.66 -37.41 -37.16 -36.94 -36.75 -36.59 -36.53 -36.50 -36.50 -36.53 -36.56 -36.62 -36.66 -36.72 -36.78 -36.91 -37.09 -37.31 -37.53 -37.78 -38.03 -38.25 -38.47 -38.69 -38.88 -39.03 -39.16 -39.28 -39.38 -39.44 -39.44 -39.44 -39.44 -39.47 -39.50 -39.53
-40.81 -40.81 -40.78 -40.78 -40.75 -40.69 -40.62 -40.53 -40.41 -40.28 -40.16 -40.03 -39.97 -39.91 -39.88 -39.84 -39.81 -39.75 -39.69 -39.62 -39.53 -39.41 -39.31 -39.19 -39.09 -38.97 -38.91 -38.81 -38.78 -38.69 -38.59 -38.47 -38.28 -38.06 -37.81 -37.56 -37.31 -37.06 -36.84 -36.62 -36.47 -36.38 -36.34 -36.34 -36.38 -36.41 -36.47 -36.50 -36.56 -36.66 -36.78 -37.00 -37.22 -37.47 -37.75 -38.00 -38.25 -38.50 -38.69 -38.91 -39.06 -39.22 -39.34 -39.44 -39.50 -39.53 -39.53 -39.50 -39.50 -39.53 -39.56
-40.78 -40.78 -40.75 -40.75 -40.72 -40.66 -40.59 -40.50 -40.41 -40.28 -40.12 -40.00 -39.88 -39.81 -39.75 -39.75 -39.72 -39.69 -39.62 -39.56 -39.44 -39.34 -39.22 -39.09 -38.97 -38.88 -38.75 -38.69 -38.59 -38.53 -38.44 -38.34 -38.16 -37.94 -37.72 -37.44 -37.19 -36.94 -36.72 -36.50 -36.34 -36.22 -36.16 -36.16 -36.19 -36.25 -36.31 -36.34 -36.41 -36.50 -36.66 -36.88 -37.16 -37.41 -37.69 -37.97 -38.22 -38.47 -38.69 -38.91 -39.09 -39.25 -39.38 -39.47 -39.53 -39.56 -39.56 -39.53 -39.53 -39.53 -39.56
-40.75 -40.75 -40.72 -40.69 -40.66 -40.62 -40.56 -40.47 -40.38 -40.25 -40.09 -39.94 -39.81 -39.72 -39.66 -39.66 -39.66 -39.62 -39.56 -39.47 -39.38 -39.28 -39.16 -39.03 -38.91 -38.75 -38.66 -38.53 -38.44 -38.38 -38.28 -38.16 -38.03 -37.81 -37.59 -37.34 -37.06 -36.81 -36.59 -36.38 -36.22 -36.09 -36.00 -36.00 -36.03 -36.06 -36.12 -36.19 -36.25 -36.34 -36.56 -36.78 -37.06 -37.34 -37.62 -37.91 -38.19 -38.44 -38.69 -38.91 -39.09 -39.25 -39.41 -39.50 -39.56 -39.59 -39.56 -39.56 -39.53 -39.53 -39.53
-40.72 -40.69 -40.66 -40.62 -40.59 -40.56 -40.50 -40.41 -40.31 -40.19 -40.06 -39.91 -39.75 -39.66 -39.56 -39.56 -39.56 -39.56 -39.50 -39.41 -39.31 -39.19 -39.06 -38.94 -38.81 -38.69 -38.53 -38.41 -38.28 -38.19 -38.09 -38.00 -37.84 -37.66 -37.44 -37.19 -36.94 -36.69 -36.44 -36.25 -36.09 -35.94 -35.84 -35.84 -35.88 -35.91 -35.97 -36.00 -36.06 -36.22 -36.44 -36.72 -37.00 -37.31 -37.59 -37.91 -38.19 -38.44 -38.69 -38.91 -39.09 -39.25 -39.41 -39.50 -39.56 -39.59 -39.56 -39.53 -39.50 -39.50 -39.50
-40.69 -40.62 -40.59 -40.56 -40.50 -40.47 -40.41 -40.34 -40.25 -40.12 -39.97 -39.84 -39.69 -39.56 -39.50 -39.47 -39.47 -39.47 -39.41 -39.34 -39.25 -39.12 -39.03 -38.88 -38.75 -38.59 -38.47 -38.31 -38.16 -38.03 -37.94 -37.81 -37.66 -37.50 -37.28 -37.06 -36.81 -36.56 -36.34 -36.12 -35.94 -35.78 -35.69 -35.69 -35.72 -35.75 -35.81 -35.84 -35.91 -36.03 -36.31 -36.62 -36.97 -37.28 -37.59 -37.91 -38.19 -38.47 -38.69 -38.91 -39.09 -39.25 -39.41 -39.50 -39.56 -39.56 -39.53 -39.50 -39.47 -39.44 -39.44
