everonasctiles/Tile44,3.asc
ncols 128
nrows 128
xllcorner 0
yllcorner 0
cellsize 2.0
NODATA_value  -9999
[rows 96 to 127 of 128, columns 0 to 70 of 128]
-72.50 -72.38 -72.25 -72.12 -72.00 -71.88 -71.75 -71.59 -71.47 -71.34 -71.19 -71.06 -70.91 -70.78 -70.62 -70.50 -70.38 -70.31 -70.31 -70.31 -70.28 -70.25 -70.19 -70.12 -70.06 -70.12 -70.25 -70.41 -70.56 -70.72 -70.88 -71.00 -71.12 -71.25 -71.38 -71.47 -71.56 -71.69 -71.81 -71.97 -72.09 -72.25 -72.38 -72.47 -72.53 -72.56 -72.59 -72.66 -72.75 -72.88 -73.00 -73.16 -73.28 -73.34 -73.41 -73.47 -73.47 -73.47 -73.44 -73.38 -73.28 -73.16 -73.00 -72.84 -72.69 -72.59 -72.47 -72.38 -72.25 -72.09 -71.97
-72.62 -72.47 -72.34 -72.19 -72.06 -71.94 -71.81 -71.69 -71.56 -71.44 -71.31 -71.16 -71.03 -70.88 -70.75 -70.62 -70.56 -70.53 -70.50 -70.50 -70.50 -70.47 -70.41 -70.34 -70.31 -70.34 -70.47 -70.59 -70.75 -70.91 -71.06 -71.19 -71.31 -71.44 -71.56 -71.66 -71.75 -71.84 -71.97 -72.12 -72.25 -72.41 -72.53 -72.62 -72.69 -72.72 -72.75 -72.78 -72.88 -73.03 -73.16 -73.28 -73.41 -73.50 -73.59 -73.62 -73.66 -73.66 -73.62 -73.56 -73.47 -73.34 -73.22 -73.06 -72.97 -72.84 -72.75 -72.62 -72.50 -72.38 -72.25
-72.72 -72.56 -72.44 -72.28 -72.16 -72.03 -71.91 -71.78 -71.66 -71.56 -71.44 -71.28 -71.16 -71.03 -70.91 -70.81 -70.75 -70.75 -70.75 -70.75 -70.75 -70.69 -70.66 -70.59 -70.56 -70.59 -70.66 -70.78 -70.94 -71.09 -71.22 -71.38 -71.50 -71.62 -71.75 -71.84 -71.94 -72.06 -72.16 -72.28 -72.44 -72.56 -72.69 -72.78 -72.84 -72.88 -72.91 -72.94 -73.03 -73.16 -73.28 -73.41 -73.53 -73.66 -73.72 -73.78 -73.81 -73.81 -73.81 -73.75 -73.69 -73.56 -73.44 -73.31 -73.22 -73.12 -73.00 -72.88 -72.75 -72.62 -72.53
-72.78 -72.66 -72.50 -72.38 -72.25 -72.12 -72.00 -71.88 -71.78 -71.69 -71.56 -71.44 -71.28 -71.16 -71.06 -71.00 -70.97 -70.97 -71.00 -71.00 -71.00 -70.97 -70.91 -70.84 -70.81 -70.81 -70.91 -71.00 -71.12 -71.28 -71.41 -71.56 -71.69 -71.84 -71.97 -72.06 -72.16 -72.25 -72.38 -72.50 -72.62 -72.75 -72.84 -72.97 -73.03 -73.06 -73.06 -73.09 -73.16 -73.28 -73.41 -73.53 -73.69 -73.78 -73.88 -73.94 -73.97 -74.00 -73.97 -73.94 -73.88 -73.78 -73.69 -73.56 -73.47 -73.34 -73.25 -73.12 -72.97 -72.88 -72.78
-72.88 -72.72 -72.59 -72.47 -72.34 -72.22 -72.12 -72.00 -71.91 -71.81 -71.69 -71.56 -71.44 -71.31 -71.22 -71.16 -71.19 -71.22 -71.22 -71.25 -71.25 -71.22 -71.16 -71.09 -71.06 -71.06 -71.12 -71.22 -71.34 -71.47 -71.59 -71.75 -71.88 -72.03 -72.16 -72.28 -72.38 -72.47 -72.59 -72.69 -72.81 -72.94 -73.03 -73.12 -73.19 -73.22 -73.25 -73.25 -73.31 -73.41 -73.53 -73.66 -73.81 -73.91 -74.00 -74.09 -74.12 -74.16 -74.16 -74.16 -74.09 -74.00 -73.91 -73.81 -73.69 -73.56 -73.44 -73.31 -73.19 -73.09 -73.06
-72.97 -72.81 -72.69 -72.56 -72.44 -72.34 -72.22 -72.12 -72.03 -71.94 -71.81 -71.69 -71.56 -71.44 -71.38 -71.34 -71.38 -71.44 -71.47 -71.50 -71.47 -71.44 -71.41 -71.34 -71.28 -71.28 -71.34 -71.44 -71.56 -71.66 -71.78 -71.94 -72.06 -72.22 -72.34 -72.47 -72.59 -72.69 -72.81 -72.91 -73.00 -73.12 -73.22 -73.31 -73.38 -73.41 -73.44 -73.44 -73.50 -73.56 -73.69 -73.81 -73.94 -74.06 -74.16 -74.22 -74.28 -74.31 -74.34 -74.34 -74.28 -74.22 -74.12 -74.03 -73.91 -73.78 -73.66 -73.53 -73.41 -73.34 -73.28
-73.06 -72.94 -72.78 -72.66 -72.53 -72.44 -72.34 -72.25 -72.16 -72.06 -71.94 -71.81 -71.69 -71.59 -71.53 -71.53 -71.59 -71.66 -71.72 -71.72 -71.72 -71.69 -71.62 -71.56 -71.53 -71.53 -71.56 -71.66 -71.78 -71.88 -72.00 -72.12 -72.25 -72.41 -72.56 -72.69 -72.81 -72.91 -73.03 -73.12 -73.22 -73.31 -73.41 -73.50 -73.56 -73.59 -73.62 -73.62 -73.69 -73.72 -73.81 -73.94 -74.06 -74.19 -74.28 -74.38 -74.44 -74.47 -74.50 -74.53 -74.50 -74.41 -74.34 -74.22 -74.09 -73.97 -73.84 -73.72 -73.62 -73.56 -73.53
-73.19 -73.03 -72.91 -72.78 -72.66 -72.56 -72.47 -72.38 -72.28 -72.16 -72.03 -71.94 -71.84 -71.75 -71.72 -71.72 -71.78 -71.88 -71.94 -71.97 -71.97 -71.91 -71.88 -71.81 -71.78 -71.78 -71.81 -71.88 -72.00 -72.09 -72.22 -72.34 -72.47 -72.62 -72.75 -72.91 -73.00 -73.12 -73.22 -73.34 -73.44 -73.53 -73.62 -73.69 -73.75 -73.81 -73.81 -73.84 -73.88 -73.91 -73.97 -74.06 -74.19 -74.31 -74.41 -74.50 -74.59 -74.66 -74.69 -74.69 -74.66 -74.59 -74.53 -74.41 -74.28 -74.16 -74.03 -73.94 -73.84 -73.81 -73.75
-73.31 -73.16 -73.00 -72.88 -72.75 -72.66 -72.56 -72.47 -72.38 -72.25 -72.16 -72.06 -71.97 -71.91 -71.88 -71.91 -72.00 -72.09 -72.16 -72.19 -72.19 -72.16 -72.12 -72.06 -72.03 -72.00 -72.03 -72.09 -72.19 -72.31 -72.44 -72.56 -72.69 -72.81 -72.97 -73.09 -73.22 -73.34 -73.44 -73.56 -73.66 -73.75 -73.84 -73.91 -73.97 -74.00 -74.03 -74.03 -74.06 -74.06 -74.12 -74.19 -74.31 -74.44 -74.53 -74.66 -74.72 -74.78 -74.84 -74.84 -74.84 -74.78 -74.72 -74.59 -74.47 -74.34 -74.22 -74.12 -74.06 -74.03 -73.97
-73.44 -73.25 -73.09 -72.97 -72.84 -72.75 -72.66 -72.56 -72.47 -72.38 -72.28 -72.19 -72.12 -72.09 -72.06 -72.09 -72.19 -72.31 -72.38 -72.44 -72.44 -72.41 -72.38 -72.34 -72.28 -72.25 -72.28 -72.31 -72.41 -72.53 -72.69 -72.78 -72.91 -73.03 -73.19 -73.31 -73.44 -73.56 -73.66 -73.75 -73.88 -73.97 -74.06 -74.16 -74.19 -74.22 -74.25 -74.25 -74.25 -74.25 -74.28 -74.34 -74.44 -74.53 -74.66 -74.75 -74.84 -74.94 -74.97 -75.00 -75.00 -74.97 -74.88 -74.78 -74.66 -74.53 -74.41 -74.31 -74.28 -74.22 -74.19
-73.50 -73.34 -73.19 -73.06 -72.94 -72.81 -72.72 -72.62 -72.56 -72.47 -72.41 -72.34 -72.28 -72.25 -72.25 -72.31 -72.41 -72.50 -72.59 -72.66 -72.69 -72.69 -72.66 -72.62 -72.56 -72.53 -72.50 -72.53 -72.62 -72.75 -72.88 -73.03 -73.12 -73.25 -73.41 -73.53 -73.66 -73.78 -73.88 -73.97 -74.06 -74.19 -74.28 -74.38 -74.44 -74.47 -74.47 -74.47 -74.44 -74.44 -74.44 -74.47 -74.53 -74.66 -74.75 -74.88 -74.97 -75.06 -75.12 -75.16 -75.16 -75.12 -75.06 -74.94 -74.84 -74.72 -74.59 -74.53 -74.47 -74.41 -74.38
-73.56 -73.41 -73.25 -73.12 -73.00 -72.91 -72.81 -72.72 -72.66 -72.59 -72.56 -72.50 -72.47 -72.44 -72.47 -72.53 -72.62 -72.75 -72.84 -72.91 -72.94 -72.94 -72.94 -72.88 -72.81 -72.78 -72.75 -72.78 -72.84 -72.94 -73.09 -73.25 -73.38 -73.50 -73.62 -73.75 -73.88 -74.00 -74.09 -74.19 -74.28 -74.38 -74.50 -74.59 -74.66 -74.69 -74.69 -74.69 -74.66 -74.62 -74.59 -74.59 -74.66 -74.75 -74.88 -74.97 -75.09 -75.19 -75.25 -75.28 -75.31 -75.28 -75.22 -75.12 -75.00 -74.88 -74.78 -74.69 -74.66 -74.59 -74.56
-73.62 -73.47 -73.34 -73.22 -73.09 -72.97 -72.88 -72.81 -72.75 -72.72 -72.69 -72.69 -72.66 -72.66 -72.69 -72.75 -72.88 -72.97 -73.09 -73.16 -73.19 -73.22 -73.19 -73.12 -73.06 -73.03 -73.03 -73.03 -73.09 -73.19 -73.31 -73.47 -73.62 -73.75 -73.88 -73.97 -74.09 -74.22 -74.31 -74.41 -74.50 -74.59 -74.69 -74.78 -74.88 -74.91 -74.94 -74.91 -74.88 -74.81 -74.78 -74.75 -74.78 -74.88 -75.00 -75.09 -75.22 -75.31 -75.38 -75.44 -75.44 -75.41 -75.34 -75.25 -75.16 -75.03 -74.94 -74.88 -74.81 -74.78 -74.75
-73.69 -73.56 -73.41 -73.28 -73.16 -73.06 -72.97 -72.94 -72.91 -72.88 -72.88 -72.88 -72.88 -72.91 -72.94 -73.03 -73.12 -73.25 -73.34 -73.41 -73.47 -73.47 -73.44 -73.41 -73.34 -73.28 -73.28 -73.31 -73.38 -73.47 -73.56 -73.72 -73.88 -74.00 -74.12 -74.22 -74.34 -74.44 -74.56 -74.66 -74.75 -74.81 -74.91 -75.00 -75.06 -75.12 -75.16 -75.12 -75.09 -75.03 -74.94 -74.91 -74.94 -75.03 -75.12 -75.25 -75.34 -75.44 -75.50 -75.56 -75.56 -75.53 -75.50 -75.41 -75.28 -75.19 -75.09 -75.03 -75.00 -74.97 -74.91
-73.78 -73.62 -73.50 -73.38 -73.25 -73.16 -73.09 -73.06 -73.06 -73.06 -73.06 -73.09 -73.12 -73.16 -73.22 -73.28 -73.38 -73.50 -73.59 -73.69 -73.72 -73.75 -73.72 -73.66 -73.59 -73.56 -73.56 -73.62 -73.69 -73.75 -73.84 -74.00 -74.16 -74.28 -74.38 -74.50 -74.59 -74.69 -74.78 -74.88 -74.97 -75.06 -75.12 -75.22 -75.28 -75.34 -75.34 -75.34 -75.28 -75.22 -75.12 -75.09 -75.12 -75.19 -75.28 -75.41 -75.50 -75.59 -75.66 -75.69 -75.72 -75.69 -75.62 -75.53 -75.44 -75.34 -75.25 -75.19 -75.16 -75.12 -75.09
-73.88 -73.75 -73.59 -73.47 -73.34 -73.25 -73.19 -73.22 -73.22 -73.25 -73.28 -73.31 -73.38 -73.44 -73.50 -73.56 -73.66 -73.75 -73.84 -73.94 -74.00 -74.00 -73.97 -73.91 -73.84 -73.81 -73.84 -73.91 -73.97 -74.03 -74.12 -74.25 -74.41 -74.56 -74.66 -74.75 -74.84 -74.94 -75.00 -75.09 -75.19 -75.28 -75.34 -75.44 -75.50 -75.53 -75.56 -75.56 -75.50 -75.41 -75.34 -75.28 -75.31 -75.38 -75.47 -75.56 -75.66 -75.75 -75.81 -75.84 -75.84 -75.81 -75.75 -75.66 -75.56 -75.47 -75.41 -75.38 -75.34 -75.31 -75.25
-73.97 -73.84 -73.72 -73.56 -73.44 -73.34 -73.34 -73.38 -73.41 -73.44 -73.50 -73.56 -73.62 -73.69 -73.78 -73.84 -73.94 -74.03 -74.12 -74.19 -74.25 -74.25 -74.22 -74.16 -74.09 -74.06 -74.09 -74.19 -74.25 -74.34 -74.44 -74.53 -74.69 -74.81 -74.94 -75.03 -75.12 -75.19 -75.25 -75.31 -75.41 -75.50 -75.56 -75.66 -75.69 -75.75 -75.75 -75.75 -75.69 -75.59 -75.53 -75.50 -75.53 -75.59 -75.66 -75.75 -75.84 -75.91 -75.97 -76.03 -76.00 -75.97 -75.91 -75.81 -75.72 -75.62 -75.56 -75.53 -75.50 -75.47 -75.41
-74.09 -73.97 -73.81 -73.69 -73.56 -73.47 -73.47 -73.53 -73.59 -73.66 -73.72 -73.78 -73.88 -73.94 -74.03 -74.12 -74.19 -74.28 -74.38 -74.47 -74.50 -74.50 -74.47 -74.41 -74.34 -74.31 -74.34 -74.44 -74.53 -74.62 -74.72 -74.81 -74.94 -75.09 -75.22 -75.31 -75.38 -75.44 -75.50 -75.56 -75.62 -75.72 -75.78 -75.84 -75.91 -75.94 -75.97 -75.94 -75.88 -75.78 -75.72 -75.72 -75.75 -75.81 -75.88 -75.97 -76.03 -76.09 -76.16 -76.19 -76.19 -76.12 -76.06 -75.97 -75.88 -75.78 -75.72 -75.69 -75.66 -75.62 -75.56
-74.25 -74.09 -73.94 -73.78 -73.66 -73.56 -73.59 -73.69 -73.78 -73.88 -73.94 -74.03 -74.09 -74.19 -74.28 -74.38 -74.47 -74.56 -74.66 -74.72 -74.75 -74.75 -74.72 -74.66 -74.59 -74.56 -74.59 -74.69 -74.78 -74.91 -75.00 -75.09 -75.22 -75.34 -75.47 -75.56 -75.66 -75.69 -75.75 -75.78 -75.84 -75.94 -76.00 -76.06 -76.12 -76.16 -76.16 -76.12 -76.06 -75.97 -75.94 -75.91 -75.94 -76.03 -76.09 -76.16 -76.22 -76.28 -76.34 -76.34 -76.34 -76.28 -76.22 -76.12 -76.03 -75.97 -75.91 -75.84 -75.81 -75.78 -75.72
-74.34 -74.19 -74.03 -73.91 -73.75 -73.69 -73.75 -73.84 -73.97 -74.06 -74.16 -74.25 -74.34 -74.44 -74.50 -74.59 -74.69 -74.81 -74.91 -74.97 -75.03 -75.03 -74.97 -74.91 -74.84 -74.81 -74.84 -74.91 -75.03 -75.16 -75.28 -75.38 -75.50 -75.59 -75.72 -75.81 -75.91 -75.94 -75.97 -76.00 -76.06 -76.12 -76.22 -76.28 -76.31 -76.34 -76.34 -76.31 -76.25 -76.19 -76.12 -76.12 -76.16 -76.22 -76.28 -76.38 -76.44 -76.47 -76.50 -76.53 -76.50 -76.44 -76.38 -76.28 -76.22 -76.12 -76.06 -76.00 -75.97 -75.91 -75.84
-74.47 -74.31 -74.16 -74.00 -73.88 -73.81 -73.91 -74.03 -74.16 -74.28 -74.38 -74.47 -74.56 -74.66 -74.72 -74.81 -74.94 -75.03 -75.12 -75.22 -75.28 -75.28 -75.22 -75.16 -75.09 -75.06 -75.06 -75.12 -75.25 -75.38 -75.50 -75.62 -75.75 -75.88 -75.97 -76.06 -76.16 -76.19 -76.22 -76.22 -76.25 -76.34 -76.41 -76.47 -76.53 -76.56 -76.56 -76.53 -76.47 -76.38 -76.31 -76.31 -76.34 -76.41 -76.50 -76.56 -76.62 -76.66 -76.69 -76.69 -76.66 -76.62 -76.56 -76.47 -76.38 -76.31 -76.22 -76.16 -76.09 -76.06 -75.97
-74.56 -74.44 -74.28 -74.12 -74.00 -73.97 -74.06 -74.22 -74.34 -74.47 -74.59 -74.69 -74.78 -74.88 -74.97 -75.03 -75.12 -75.25 -75.34 -75.44 -75.50 -75.50 -75.47 -75.44 -75.38 -75.34 -75.31 -75.34 -75.44 -75.59 -75.72 -75.88 -76.00 -76.12 -76.22 -76.31 -76.38 -76.41 -76.44 -76.44 -76.47 -76.53 -76.59 -76.69 -76.75 -76.75 -76.75 -76.72 -76.66 -76.59 -76.53 -76.50 -76.53 -76.59 -76.69 -76.75 -76.81 -76.84 -76.88 -76.88 -76.84 -76.78 -76.72 -76.62 -76.56 -76.47 -76.38 -76.31 -76.25 -76.22 -76.12
-74.69 -74.56 -74.41 -74.28 -74.19 -74.16 -74.25 -74.38 -74.53 -74.69 -74.81 -74.91 -75.00 -75.09 -75.19 -75.28 -75.34 -75.44 -75.56 -75.66 -75.72 -75.75 -75.75 -75.69 -75.66 -75.62 -75.59 -75.59 -75.69 -75.81 -75.97 -76.09 -76.25 -76.38 -76.47 -76.56 -76.62 -76.66 -76.66 -76.66 -76.66 -76.72 -76.81 -76.88 -76.94 -76.97 -76.97 -76.94 -76.88 -76.78 -76.72 -76.69 -76.72 -76.78 -76.88 -76.94 -77.00 -77.03 -77.03 -77.03 -77.00 -76.97 -76.88 -76.81 -76.72 -76.62 -76.53 -76.47 -76.44 -76.38 -76.31
-74.84 -74.72 -74.59 -74.47 -74.38 -74.38 -74.47 -74.59 -74.72 -74.88 -75.03 -75.16 -75.25 -75.34 -75.44 -75.50 -75.59 -75.66 -75.78 -75.88 -75.97 -76.00 -76.00 -75.97 -75.94 -75.91 -75.88 -75.84 -75.94 -76.06 -76.19 -76.34 -76.47 -76.62 -76.75 -76.81 -76.88 -76.88 -76.88 -76.84 -76.88 -76.91 -77.00 -77.09 -77.16 -77.19 -77.22 -77.16 -77.09 -77.00 -76.91 -76.84 -76.91 -76.97 -77.06 -77.12 -77.19 -77.22 -77.22 -77.22 -77.19 -77.12 -77.03 -76.94 -76.84 -76.78 -76.69 -76.66 -76.62 -76.56 -76.50
-75.03 -74.91 -74.78 -74.69 -74.62 -74.59 -74.69 -74.78 -74.94 -75.09 -75.25 -75.38 -75.50 -75.59 -75.69 -75.75 -75.81 -75.91 -76.00 -76.09 -76.19 -76.25 -76.25 -76.25 -76.22 -76.19 -76.16 -76.12 -76.19 -76.31 -76.44 -76.59 -76.72 -76.88 -77.00 -77.06 -77.12 -77.12 -77.09 -77.06 -77.06 -77.12 -77.22 -77.31 -77.38 -77.44 -77.44 -77.41 -77.31 -77.22 -77.12 -77.06 -77.09 -77.19 -77.25 -77.34 -77.41 -77.44 -77.44 -77.41 -77.34 -77.28 -77.19 -77.09 -77.00 -76.94 -76.88 -76.84 -76.81 -76.78 -76.72
-75.25 -75.12 -75.00 -74.91 -74.84 -74.84 -74.91 -75.00 -75.16 -75.31 -75.47 -75.59 -75.75 -75.84 -75.94 -76.03 -76.09 -76.16 -76.22 -76.34 -76.44 -76.50 -76.53 -76.53 -76.50 -76.47 -76.44 -76.44 -76.50 -76.59 -76.72 -76.84 -76.97 -77.12 -77.25 -77.34 -77.38 -77.38 -77.34 -77.31 -77.28 -77.34 -77.44 -77.53 -77.62 -77.66 -77.66 -77.62 -77.53 -77.44 -77.34 -77.28 -77.31 -77.41 -77.47 -77.56 -77.59 -77.62 -77.62 -77.59 -77.53 -77.44 -77.34 -77.25 -77.16 -77.09 -77.06 -77.03 -77.00 -76.97 -76.91
-75.47 -75.34 -75.22 -75.16 -75.09 -75.09 -75.16 -75.22 -75.38 -75.53 -75.69 -75.84 -75.97 -76.09 -76.19 -76.28 -76.34 -76.41 -76.50 -76.59 -76.72 -76.78 -76.81 -76.81 -76.81 -76.78 -76.75 -76.75 -76.81 -76.88 -77.00 -77.12 -77.25 -77.38 -77.50 -77.59 -77.62 -77.62 -77.59 -77.53 -77.53 -77.59 -77.69 -77.78 -77.84 -77.88 -77.88 -77.84 -77.78 -77.69 -77.62 -77.56 -77.56 -77.62 -77.72 -77.78 -77.81 -77.84 -77.81 -77.75 -77.69 -77.59 -77.50 -77.41 -77.34 -77.31 -77.25 -77.22 -77.22 -77.16 -77.09
-75.72 -75.56 -75.47 -75.38 -75.34 -75.34 -75.41 -75.47 -75.59 -75.75 -75.91 -76.06 -76.22 -76.34 -76.47 -76.56 -76.62 -76.69 -76.78 -76.91 -77.00 -77.06 -77.09 -77.09 -77.09 -77.09 -77.09 -77.09 -77.12 -77.19 -77.28 -77.41 -77.53 -77.66 -77.75 -77.84 -77.88 -77.88 -77.81 -77.78 -77.78 -77.81 -77.91 -78.00 -78.09 -78.12 -78.12 -78.09 -78.03 -77.97 -77.91 -77.84 -77.81 -77.88 -77.97 -78.03 -78.06 -78.06 -78.00 -77.94 -77.88 -77.78 -77.69 -77.62 -77.56 -77.50 -77.47 -77.44 -77.41 -77.38 -77.31
-75.94 -75.81 -75.69 -75.62 -75.59 -75.62 -75.66 -75.72 -75.84 -75.97 -76.12 -76.31 -76.44 -76.59 -76.72 -76.81 -76.91 -77.00 -77.09 -77.19 -77.28 -77.34 -77.38 -77.38 -77.38 -77.41 -77.41 -77.44 -77.44 -77.50 -77.56 -77.66 -77.78 -77.91 -78.00 -78.09 -78.12 -78.12 -78.06 -78.03 -78.03 -78.09 -78.16 -78.25 -78.31 -78.34 -78.34 -78.34 -78.28 -78.25 -78.19 -78.12 -78.09 -78.12 -78.19 -78.25 -78.28 -78.25 -78.22 -78.12 -78.03 -77.97 -77.88 -77.81 -77.78 -77.75 -77.72 -77.69 -77.62 -77.59 -77.50
-76.16 -76.03 -75.91 -75.84 -75.84 -75.88 -75.94 -76.00 -76.09 -76.22 -76.38 -76.53 -76.69 -76.84 -76.97 -77.09 -77.19 -77.28 -77.41 -77.50 -77.59 -77.62 -77.66 -77.66 -77.66 -77.69 -77.72 -77.75 -77.78 -77.78 -77.84 -77.94 -78.06 -78.16 -78.25 -78.31 -78.34 -78.34 -78.34 -78.31 -78.31 -78.34 -78.41 -78.47 -78.53 -78.59 -78.59 -78.59 -78.56 -78.50 -78.44 -78.41 -78.38 -78.41 -78.44 -78.50 -78.50 -78.47 -78.41 -78.31 -78.25 -78.16 -78.12 -78.06 -78.03 -78.00 -77.94 -77.91 -77.88 -77.78 -77.69
-76.41 -76.25 -76.16 -76.09 -76.09 -76.16 -76.19 -76.28 -76.34 -76.47 -76.62 -76.81 -76.97 -77.09 -77.25 -77.34 -77.47 -77.59 -77.69 -77.81 -77.88 -77.94 -77.94 -77.94 -77.94 -77.97 -78.00 -78.06 -78.09 -78.09 -78.16 -78.22 -78.31 -78.41 -78.50 -78.56 -78.59 -78.59 -78.59 -78.56 -78.59 -78.62 -78.66 -78.72 -78.78 -78.81 -78.81 -78.81 -78.81 -78.75 -78.72 -78.66 -78.66 -78.66 -78.69 -78.72 -78.72 -78.66 -78.59 -78.50 -78.44 -78.41 -78.34 -78.31 -78.28 -78.25 -78.19 -78.16 -78.09 -78.00 -77.88
-76.66 -76.53 -76.41 -76.34 -76.38 -76.44 -76.50 -76.56 -76.62 -76.75 -76.91 -77.06 -77.22 -77.38 -77.50 -77.62 -77.75 -77.88 -78.00 -78.09 -78.16 -78.19 -78.22 -78.19 -78.19 -78.22 -78.28 -78.34 -78.38 -78.44 -78.47 -78.50 -78.56 -78.66 -78.75 -78.81 -78.84 -78.84 -78.84 -78.84 -78.84 -78.88 -78.91 -78.94 -79.00 -79.03 -79.03 -79.03 -79.03 -79.00 -78.97 -78.94 -78.91 -78.91 -78.94 -78.94 -78.91 -78.84 -78.78 -78.72 -78.66 -78.62 -78.59 -78.56 -78.53 -78.50 -78.44 -78.38 -78.31 -78.19 -78.06
