everonasctiles/Tile4,38.asc
ncols 128
nrows 128
xllcorner 0
yllcorner 0
cellsize 2.0
NODATA_value  -9999
[rows 29 to 57 of 128, columns 0 to 66 of 128]
-129.28 -129.19 -129.06 -128.91 -128.78 -128.66 -128.53 -128.47 -128.41 -128.34 -128.31 -128.28 -128.25 -128.28 -128.25 -128.22 -128.16 -128.06 -127.94 -127.84 -127.78 -127.75 -127.75 -127.75 -127.75 -127.72 -127.69 -127.66 -127.62 -127.53 -127.44 -127.28 -127.12 -126.94 -126.78 -126.56 -126.38 -126.22 -126.06 -125.94 -125.88 -125.81 -125.75 -125.72 -125.69 -125.66 -125.59 -125.56 -125.56 -125.56 -125.59 -125.56 -125.53 -125.47 -125.38 -125.31 -125.25 -125.22 -125.16 -125.12 -125.09 -125.03 -125.00 -124.94 -124.88 -124.84 -124.88
-129.12 -129.03 -128.91 -128.72 -128.56 -128.41 -128.28 -128.19 -128.12 -128.06 -128.00 -128.00 -128.00 -128.03 -128.03 -128.03 -127.97 -127.91 -127.81 -127.72 -127.66 -127.62 -127.62 -127.62 -127.59 -127.59 -127.56 -127.56 -127.53 -127.47 -127.34 -127.22 -127.03 -126.84 -126.66 -126.44 -126.22 -126.03 -125.88 -125.75 -125.69 -125.62 -125.59 -125.56 -125.53 -125.50 -125.47 -125.44 -125.44 -125.47 -125.47 -125.47 -125.44 -125.34 -125.28 -125.22 -125.16 -125.09 -125.06 -125.03 -125.00 -124.94 -124.91 -124.84 -124.81 -124.81 -124.88
-128.94 -128.84 -128.69 -128.53 -128.34 -128.16 -128.03 -127.91 -127.84 -127.78 -127.75 -127.75 -127.78 -127.81 -127.84 -127.81 -127.78 -127.72 -127.66 -127.59 -127.53 -127.50 -127.47 -127.47 -127.44 -127.44 -127.44 -127.44 -127.44 -127.38 -127.28 -127.16 -127.00 -126.78 -126.56 -126.34 -126.12 -125.91 -125.72 -125.59 -125.53 -125.47 -125.44 -125.41 -125.38 -125.34 -125.31 -125.31 -125.31 -125.34 -125.38 -125.34 -125.31 -125.25 -125.16 -125.09 -125.03 -125.00 -124.97 -124.94 -124.88 -124.84 -124.81 -124.78 -124.75 -124.78 -124.88
-128.75 -128.62 -128.50 -128.31 -128.12 -127.94 -127.78 -127.66 -127.56 -127.53 -127.50 -127.53 -127.56 -127.59 -127.62 -127.62 -127.59 -127.56 -127.50 -127.44 -127.41 -127.38 -127.34 -127.31 -127.28 -127.28 -127.28 -127.31 -127.31 -127.31 -127.22 -127.09 -126.94 -126.75 -126.53 -126.28 -126.06 -125.84 -125.62 -125.47 -125.34 -125.28 -125.25 -125.22 -125.22 -125.19 -125.16 -125.19 -125.19 -125.22 -125.25 -125.22 -125.19 -125.12 -125.03 -124.97 -124.91 -124.88 -124.84 -124.81 -124.75 -124.72 -124.69 -124.69 -124.69 -124.75 -124.88
-128.53 -128.44 -128.28 -128.09 -127.91 -127.69 -127.53 -127.38 -127.31 -127.28 -127.25 -127.28 -127.34 -127.38 -127.41 -127.44 -127.44 -127.41 -127.38 -127.31 -127.28 -127.25 -127.19 -127.16 -127.16 -127.12 -127.16 -127.19 -127.19 -127.19 -127.12 -127.03 -126.88 -126.69 -126.47 -126.22 -126.00 -125.75 -125.53 -125.31 -125.19 -125.09 -125.06 -125.03 -125.03 -125.00 -125.03 -125.03 -125.06 -125.12 -125.12 -125.09 -125.03 -124.97 -124.91 -124.84 -124.78 -124.75 -124.72 -124.66 -124.62 -124.59 -124.56 -124.56 -124.62 -124.72 -124.84
-128.34 -128.22 -128.09 -127.91 -127.69 -127.50 -127.28 -127.16 -127.06 -127.03 -127.03 -127.06 -127.12 -127.16 -127.22 -127.25 -127.25 -127.25 -127.22 -127.19 -127.16 -127.12 -127.06 -127.03 -127.00 -127.00 -127.00 -127.03 -127.06 -127.06 -127.00 -126.91 -126.75 -126.56 -126.34 -126.09 -125.84 -125.59 -125.38 -125.16 -125.00 -124.91 -124.84 -124.81 -124.81 -124.84 -124.88 -124.91 -124.97 -125.00 -125.00 -124.97 -124.91 -124.81 -124.75 -124.69 -124.62 -124.59 -124.56 -124.50 -124.47 -124.44 -124.44 -124.47 -124.56 -124.66 -124.78
-128.16 -128.03 -127.88 -127.72 -127.50 -127.28 -127.09 -126.91 -126.81 -126.81 -126.81 -126.84 -126.91 -126.97 -127.03 -127.06 -127.06 -127.09 -127.09 -127.06 -127.03 -127.00 -126.94 -126.91 -126.88 -126.84 -126.88 -126.91 -126.91 -126.91 -126.84 -126.75 -126.59 -126.41 -126.19 -125.91 -125.66 -125.41 -125.19 -124.97 -124.81 -124.69 -124.62 -124.62 -124.62 -124.66 -124.72 -124.78 -124.81 -124.84 -124.84 -124.81 -124.75 -124.66 -124.59 -124.50 -124.47 -124.44 -124.38 -124.34 -124.31 -124.31 -124.31 -124.38 -124.47 -124.59 -124.72
-127.97 -127.84 -127.69 -127.53 -127.34 -127.12 -126.91 -126.72 -126.62 -126.59 -126.59 -126.66 -126.69 -126.78 -126.81 -126.88 -126.91 -126.94 -126.94 -126.94 -126.91 -126.88 -126.84 -126.78 -126.75 -126.72 -126.72 -126.75 -126.75 -126.72 -126.66 -126.56 -126.41 -126.25 -126.00 -125.75 -125.47 -125.19 -124.97 -124.75 -124.59 -124.47 -124.41 -124.38 -124.41 -124.47 -124.53 -124.62 -124.69 -124.72 -124.72 -124.69 -124.62 -124.53 -124.41 -124.34 -124.28 -124.25 -124.19 -124.16 -124.16 -124.16 -124.22 -124.28 -124.41 -124.50 -124.59
-127.78 -127.66 -127.53 -127.34 -127.19 -127.00 -126.78 -126.62 -126.47 -126.41 -126.44 -126.47 -126.53 -126.59 -126.66 -126.69 -126.72 -126.78 -126.78 -126.78 -126.75 -126.75 -126.72 -126.69 -126.62 -126.59 -126.56 -126.56 -126.53 -126.50 -126.41 -126.31 -126.19 -126.03 -125.84 -125.56 -125.28 -125.00 -124.75 -124.53 -124.38 -124.25 -124.19 -124.16 -124.19 -124.28 -124.38 -124.44 -124.50 -124.56 -124.56 -124.56 -124.47 -124.38 -124.25 -124.19 -124.12 -124.06 -124.03 -123.97 -123.97 -124.00 -124.09 -124.19 -124.28 -124.38 -124.44
-127.56 -127.47 -127.34 -127.19 -127.03 -126.84 -126.69 -126.53 -126.38 -126.28 -126.28 -126.31 -126.38 -126.41 -126.47 -126.53 -126.56 -126.59 -126.62 -126.59 -126.59 -126.59 -126.59 -126.59 -126.53 -126.47 -126.41 -126.38 -126.31 -126.25 -126.12 -126.03 -125.91 -125.78 -125.62 -125.41 -125.12 -124.81 -124.56 -124.31 -124.16 -124.03 -123.97 -123.97 -124.00 -124.09 -124.19 -124.28 -124.34 -124.41 -124.44 -124.41 -124.34 -124.25 -124.12 -124.03 -123.94 -123.88 -123.84 -123.81 -123.81 -123.88 -123.97 -124.06 -124.16 -124.22 -124.28
-127.38 -127.28 -127.16 -127.00 -126.84 -126.72 -126.56 -126.44 -126.28 -126.19 -126.16 -126.19 -126.22 -126.25 -126.31 -126.34 -126.41 -126.44 -126.44 -126.44 -126.44 -126.44 -126.47 -126.47 -126.44 -126.38 -126.28 -126.19 -126.09 -125.97 -125.84 -125.72 -125.59 -125.50 -125.38 -125.19 -124.94 -124.66 -124.38 -124.12 -123.94 -123.81 -123.75 -123.75 -123.81 -123.91 -124.00 -124.09 -124.16 -124.22 -124.28 -124.28 -124.22 -124.12 -124.00 -123.91 -123.81 -123.72 -123.69 -123.66 -123.69 -123.75 -123.84 -123.91 -123.97 -124.03 -124.06
-127.19 -127.09 -126.97 -126.81 -126.69 -126.56 -126.44 -126.31 -126.19 -126.09 -126.03 -126.03 -126.06 -126.09 -126.12 -126.19 -126.22 -126.25 -126.22 -126.22 -126.25 -126.28 -126.34 -126.38 -126.34 -126.25 -126.16 -126.00 -125.88 -125.72 -125.56 -125.38 -125.25 -125.16 -125.06 -124.91 -124.72 -124.44 -124.19 -123.94 -123.72 -123.59 -123.53 -123.53 -123.59 -123.69 -123.81 -123.91 -124.00 -124.06 -124.12 -124.12 -124.09 -124.00 -123.91 -123.81 -123.69 -123.59 -123.53 -123.50 -123.53 -123.59 -123.69 -123.75 -123.78 -123.81 -123.84
-127.03 -126.91 -126.78 -126.66 -126.53 -126.41 -126.28 -126.16 -126.06 -125.97 -125.91 -125.91 -125.91 -125.91 -125.94 -126.00 -126.00 -126.03 -126.00 -126.00 -126.03 -126.09 -126.19 -126.22 -126.22 -126.12 -126.00 -125.84 -125.66 -125.47 -125.25 -125.06 -124.91 -124.81 -124.72 -124.62 -124.44 -124.22 -123.97 -123.72 -123.53 -123.38 -123.31 -123.31 -123.41 -123.50 -123.59 -123.72 -123.81 -123.91 -123.97 -124.00 -123.97 -123.91 -123.81 -123.72 -123.59 -123.47 -123.41 -123.34 -123.38 -123.44 -123.50 -123.53 -123.59 -123.62 -123.62
-126.84 -126.72 -126.62 -126.50 -126.38 -126.22 -126.12 -126.00 -125.91 -125.84 -125.78 -125.75 -125.72 -125.72 -125.75 -125.78 -125.78 -125.78 -125.78 -125.78 -125.84 -125.94 -126.00 -126.06 -126.06 -126.00 -125.88 -125.69 -125.50 -125.25 -125.00 -124.75 -124.53 -124.44 -124.38 -124.28 -124.16 -123.97 -123.75 -123.53 -123.31 -123.12 -123.06 -123.09 -123.16 -123.28 -123.41 -123.53 -123.62 -123.75 -123.81 -123.88 -123.88 -123.81 -123.72 -123.59 -123.47 -123.34 -123.25 -123.22 -123.22 -123.25 -123.28 -123.34 -123.38 -123.41 -123.41
-126.66 -126.56 -126.44 -126.31 -126.19 -126.06 -125.94 -125.81 -125.75 -125.66 -125.62 -125.56 -125.56 -125.53 -125.53 -125.53 -125.53 -125.53 -125.53 -125.56 -125.62 -125.75 -125.81 -125.88 -125.88 -125.81 -125.69 -125.53 -125.31 -125.06 -124.81 -124.53 -124.22 -124.09 -124.03 -123.94 -123.84 -123.69 -123.53 -123.31 -123.12 -122.94 -122.81 -122.88 -122.97 -123.06 -123.22 -123.34 -123.47 -123.59 -123.69 -123.75 -123.75 -123.69 -123.59 -123.50 -123.38 -123.25 -123.12 -123.06 -123.03 -123.06 -123.09 -123.12 -123.12 -123.16 -123.16
-126.47 -126.38 -126.25 -126.12 -126.00 -125.88 -125.75 -125.66 -125.56 -125.50 -125.44 -125.41 -125.38 -125.34 -125.34 -125.31 -125.28 -125.28 -125.28 -125.34 -125.44 -125.53 -125.62 -125.69 -125.69 -125.62 -125.50 -125.34 -125.12 -124.88 -124.62 -124.31 -124.03 -123.81 -123.69 -123.59 -123.53 -123.41 -123.25 -123.09 -122.91 -122.72 -122.59 -122.66 -122.75 -122.88 -123.03 -123.19 -123.31 -123.47 -123.56 -123.62 -123.62 -123.56 -123.47 -123.38 -123.25 -123.12 -123.00 -122.91 -122.88 -122.88 -122.88 -122.88 -122.88 -122.91 -122.91
-126.28 -126.19 -126.06 -125.94 -125.81 -125.69 -125.56 -125.44 -125.38 -125.31 -125.28 -125.22 -125.19 -125.16 -125.12 -125.09 -125.06 -125.03 -125.03 -125.12 -125.22 -125.34 -125.41 -125.47 -125.47 -125.41 -125.31 -125.16 -124.94 -124.69 -124.44 -124.12 -123.84 -123.56 -123.38 -123.28 -123.19 -123.09 -123.00 -122.88 -122.72 -122.53 -122.41 -122.44 -122.59 -122.72 -122.88 -123.03 -123.19 -123.31 -123.44 -123.50 -123.50 -123.44 -123.38 -123.25 -123.12 -123.00 -122.88 -122.78 -122.69 -122.66 -122.62 -122.62 -122.62 -122.66 -122.66
-126.06 -125.97 -125.88 -125.75 -125.59 -125.47 -125.34 -125.25 -125.16 -125.12 -125.09 -125.06 -125.00 -124.97 -124.91 -124.84 -124.81 -124.78 -124.81 -124.91 -125.03 -125.12 -125.19 -125.22 -125.22 -125.16 -125.06 -124.94 -124.72 -124.50 -124.22 -123.94 -123.66 -123.38 -123.12 -122.97 -122.88 -122.81 -122.75 -122.62 -122.50 -122.38 -122.25 -122.28 -122.44 -122.56 -122.72 -122.91 -123.06 -123.19 -123.31 -123.38 -123.38 -123.34 -123.25 -123.16 -123.03 -122.88 -122.75 -122.62 -122.50 -122.44 -122.41 -122.38 -122.38 -122.38 -122.41
-125.81 -125.75 -125.66 -125.53 -125.38 -125.22 -125.12 -125.00 -124.94 -124.91 -124.91 -124.88 -124.84 -124.78 -124.72 -124.66 -124.59 -124.56 -124.59 -124.72 -124.84 -124.91 -124.94 -124.97 -124.97 -124.91 -124.81 -124.69 -124.50 -124.28 -124.00 -123.72 -123.44 -123.16 -122.88 -122.69 -122.59 -122.53 -122.47 -122.41 -122.31 -122.22 -122.12 -122.16 -122.31 -122.47 -122.62 -122.78 -122.97 -123.09 -123.19 -123.25 -123.25 -123.22 -123.16 -123.06 -122.94 -122.78 -122.62 -122.47 -122.34 -122.25 -122.19 -122.16 -122.12 -122.16 -122.16
-125.56 -125.53 -125.44 -125.28 -125.12 -124.97 -124.84 -124.78 -124.72 -124.69 -124.69 -124.66 -124.62 -124.59 -124.53 -124.44 -124.38 -124.38 -124.44 -124.53 -124.62 -124.69 -124.72 -124.69 -124.69 -124.66 -124.56 -124.47 -124.28 -124.06 -123.78 -123.50 -123.22 -122.91 -122.66 -122.44 -122.31 -122.25 -122.22 -122.19 -122.12 -122.06 -122.03 -122.09 -122.22 -122.38 -122.56 -122.72 -122.88 -123.00 -123.09 -123.12 -123.16 -123.12 -123.06 -122.97 -122.84 -122.69 -122.53 -122.38 -122.22 -122.06 -121.97 -121.94 -121.91 -121.91 -121.97
-125.31 -125.25 -125.19 -125.03 -124.88 -124.72 -124.59 -124.50 -124.47 -124.44 -124.44 -124.44 -124.44 -124.41 -124.34 -124.28 -124.22 -124.19 -124.25 -124.34 -124.44 -124.47 -124.44 -124.41 -124.41 -124.34 -124.31 -124.22 -124.06 -123.84 -123.59 -123.28 -123.00 -122.69 -122.38 -122.16 -122.03 -122.00 -121.97 -121.97 -121.94 -121.91 -121.94 -122.06 -122.19 -122.34 -122.53 -122.69 -122.81 -122.94 -123.00 -123.03 -123.06 -123.03 -122.97 -122.88 -122.75 -122.62 -122.44 -122.28 -122.09 -121.94 -121.81 -121.72 -121.69 -121.72 -121.78
-125.03 -124.97 -124.91 -124.78 -124.62 -124.47 -124.31 -124.22 -124.19 -124.19 -124.19 -124.19 -124.19 -124.19 -124.16 -124.09 -124.03 -124.03 -124.06 -124.16 -124.22 -124.22 -124.19 -124.12 -124.09 -124.06 -124.03 -123.97 -123.84 -123.66 -123.41 -123.12 -122.81 -122.50 -122.16 -121.88 -121.78 -121.75 -121.75 -121.75 -121.75 -121.78 -121.88 -122.00 -122.16 -122.31 -122.50 -122.66 -122.78 -122.88 -122.91 -122.94 -122.94 -122.94 -122.88 -122.78 -122.66 -122.53 -122.34 -122.16 -122.00 -121.81 -121.69 -121.56 -121.53 -121.56 -121.66
-124.72 -124.69 -124.62 -124.50 -124.38 -124.22 -124.06 -123.97 -123.91 -123.91 -123.94 -123.94 -123.94 -123.94 -123.91 -123.88 -123.84 -123.81 -123.88 -123.94 -124.00 -124.00 -123.94 -123.88 -123.81 -123.75 -123.72 -123.69 -123.62 -123.47 -123.22 -122.94 -122.66 -122.34 -122.00 -121.69 -121.56 -121.56 -121.56 -121.59 -121.62 -121.69 -121.81 -121.97 -122.12 -122.28 -122.47 -122.59 -122.72 -122.78 -122.81 -122.84 -122.81 -122.78 -122.72 -122.66 -122.53 -122.41 -122.22 -122.03 -121.88 -121.69 -121.56 -121.44 -121.41 -121.47 -121.59
-124.41 -124.38 -124.31 -124.19 -124.06 -123.94 -123.78 -123.69 -123.62 -123.62 -123.66 -123.66 -123.69 -123.69 -123.69 -123.66 -123.62 -123.62 -123.66 -123.72 -123.75 -123.75 -123.69 -123.62 -123.53 -123.47 -123.44 -123.44 -123.38 -123.25 -123.03 -122.78 -122.50 -122.22 -121.91 -121.62 -121.41 -121.38 -121.41 -121.44 -121.47 -121.59 -121.72 -121.91 -122.09 -122.25 -122.44 -122.56 -122.66 -122.72 -122.72 -122.72 -122.69 -122.66 -122.59 -122.50 -122.41 -122.25 -122.09 -121.91 -121.72 -121.56 -121.44 -121.34 -121.31 -121.38 -121.53
-124.06 -124.03 -123.97 -123.88 -123.75 -123.59 -123.47 -123.38 -123.31 -123.31 -123.34 -123.38 -123.41 -123.44 -123.44 -123.41 -123.38 -123.38 -123.44 -123.47 -123.50 -123.50 -123.47 -123.38 -123.28 -123.22 -123.19 -123.16 -123.09 -123.00 -122.84 -122.62 -122.38 -122.09 -121.81 -121.56 -121.38 -121.25 -121.25 -121.31 -121.38 -121.50 -121.66 -121.84 -122.03 -122.22 -122.38 -122.50 -122.59 -122.62 -122.59 -122.59 -122.56 -122.50 -122.44 -122.38 -122.25 -122.12 -121.94 -121.78 -121.59 -121.44 -121.31 -121.22 -121.22 -121.31 -121.44
-123.69 -123.69 -123.59 -123.50 -123.38 -123.25 -123.16 -123.06 -123.03 -123.00 -123.03 -123.06 -123.09 -123.16 -123.16 -123.16 -123.12 -123.12 -123.16 -123.22 -123.25 -123.25 -123.19 -123.12 -123.03 -122.94 -122.91 -122.84 -122.78 -122.72 -122.59 -122.44 -122.22 -121.97 -121.72 -121.50 -121.31 -121.19 -121.16 -121.19 -121.28 -121.41 -121.59 -121.78 -121.97 -122.16 -122.31 -122.44 -122.50 -122.50 -122.47 -122.44 -122.41 -122.38 -122.31 -122.22 -122.12 -121.97 -121.81 -121.62 -121.47 -121.31 -121.19 -121.09 -121.16 -121.25 -121.38
-123.34 -123.31 -123.22 -123.09 -122.97 -122.88 -122.78 -122.75 -122.72 -122.69 -122.72 -122.75 -122.81 -122.84 -122.88 -122.84 -122.81 -122.84 -122.88 -122.91 -122.94 -122.94 -122.91 -122.84 -122.75 -122.69 -122.62 -122.56 -122.50 -122.41 -122.34 -122.22 -122.06 -121.84 -121.62 -121.41 -121.22 -121.09 -121.06 -121.09 -121.22 -121.38 -121.53 -121.72 -121.91 -122.09 -122.22 -122.31 -122.34 -122.34 -122.31 -122.28 -122.25 -122.22 -122.16 -122.09 -122.00 -121.84 -121.69 -121.53 -121.34 -121.19 -121.06 -121.00 -121.06 -121.16 -121.28
-122.94 -122.91 -122.81 -122.69 -122.56 -122.47 -122.41 -122.41 -122.38 -122.38 -122.38 -122.44 -122.47 -122.53 -122.56 -122.53 -122.50 -122.50 -122.56 -122.59 -122.62 -122.62 -122.59 -122.53 -122.47 -122.41 -122.34 -122.25 -122.19 -122.09 -122.03 -121.97 -121.84 -121.66 -121.47 -121.28 -121.09 -120.97 -120.94 -121.03 -121.16 -121.31 -121.47 -121.66 -121.81 -121.97 -122.09 -122.16 -122.19 -122.19 -122.16 -122.12 -122.09 -122.03 -122.00 -121.94 -121.84 -121.72 -121.56 -121.41 -121.25 -121.09 -120.97 -120.94 -121.00 -121.09 -121.19
-122.56 -122.50 -122.41 -122.28 -122.16 -122.03 -122.03 -122.03 -122.03 -122.03 -122.06 -122.09 -122.16 -122.19 -122.22 -122.19 -122.16 -122.16 -122.22 -122.25 -122.31 -122.31 -122.28 -122.22 -122.16 -122.09 -122.03 -121.97 -121.88 -121.78 -121.72 -121.66 -121.59 -121.47 -121.28 -121.09 -120.94 -120.84 -120.81 -120.91 -121.03 -121.22 -121.38 -121.53 -121.69 -121.81 -121.91 -121.97 -122.00 -122.00 -121.97 -121.94 -121.91 -121.84 -121.81 -121.75 -121.66 -121.56 -121.44 -121.31 -121.16 -121.00 -120.91 -120.88 -120.94 -121.00 -121.09
