everonasctiles/Tile[6,29].asc
ncols 128
nrows 128
xllcorner 0
yllcorner 0
cellsize 2.0
NODATA_value  -9999
[rows 32 to 63 of 128, columns 0 to 70 of 128]
-62.72 -62.28 -61.78 -61.19 -60.50 -59.72 -58.91 -58.12 -57.31 -56.22 -54.94 -53.88 -53.06 -52.44 -51.75 -51.06 -50.53 -50.06 -49.66 -49.19 -48.78 -48.50 -48.53 -48.78 -49.09 -49.25 -49.25 -49.28 -49.31 -49.34 -49.41 -49.47 -49.50 -49.53 -49.53 -49.53 -49.47 -49.41 -49.31 -49.22 -49.09 -48.97 -48.78 -48.62 -48.41 -48.19 -47.91 -47.59 -47.22 -46.81 -46.38 -45.94 -45.47 -45.00 -44.53 -44.09 -43.75 -43.44 -43.06 -42.69 -42.34 -42.00 -41.66 -41.31 -41.03 -40.66 -40.25 -39.81 -39.38 -38.97 -38.59
-62.72 -62.22 -61.62 -60.97 -60.22 -59.44 -58.59 -57.72 -56.84 -55.59 -54.31 -53.22 -52.34 -51.66 -51.06 -50.50 -50.03 -49.69 -49.44 -49.16 -48.91 -48.62 -48.38 -48.34 -48.50 -48.72 -48.88 -48.97 -49.03 -49.09 -49.16 -49.25 -49.34 -49.41 -49.47 -49.47 -49.44 -49.41 -49.31 -49.22 -49.12 -49.00 -48.84 -48.69 -48.50 -48.28 -48.03 -47.72 -47.38 -47.03 -46.62 -46.22 -45.81 -45.34 -44.91 -44.56 -44.25 -43.94 -43.62 -43.28 -42.97 -42.66 -42.34 -42.03 -41.75 -41.41 -40.97 -40.50 -40.03 -39.62 -39.25
-62.69 -62.12 -61.47 -60.72 -59.91 -59.06 -58.19 -57.28 -56.34 -55.06 -53.81 -52.72 -51.84 -51.19 -50.69 -50.28 -50.06 -49.94 -49.81 -49.62 -49.44 -49.19 -48.81 -48.41 -48.16 -48.19 -48.31 -48.50 -48.69 -48.81 -48.91 -49.03 -49.12 -49.25 -49.31 -49.38 -49.38 -49.34 -49.28 -49.19 -49.09 -49.00 -48.84 -48.72 -48.53 -48.34 -48.09 -47.81 -47.53 -47.19 -46.84 -46.47 -46.09 -45.69 -45.31 -44.97 -44.69 -44.41 -44.12 -43.84 -43.56 -43.28 -42.97 -42.72 -42.44 -42.06 -41.59 -41.09 -40.66 -40.25 -39.88
-62.59 -62.03 -61.31 -60.41 -59.47 -58.56 -57.66 -56.75 -55.84 -54.78 -53.53 -52.47 -51.66 -51.09 -50.72 -50.56 -50.41 -50.28 -50.09 -49.91 -49.69 -49.47 -49.22 -48.78 -48.38 -48.06 -47.94 -48.00 -48.25 -48.50 -48.66 -48.78 -48.91 -49.03 -49.16 -49.22 -49.28 -49.28 -49.22 -49.16 -49.06 -48.94 -48.81 -48.69 -48.53 -48.34 -48.12 -47.91 -47.62 -47.34 -47.03 -46.69 -46.34 -45.97 -45.66 -45.38 -45.12 -44.84 -44.59 -44.34 -44.09 -43.84 -43.59 -43.34 -43.03 -42.59 -42.09 -41.62 -41.25 -40.88 -40.50
-62.50 -61.91 -61.00 -59.75 -58.53 -57.59 -56.97 -56.22 -55.31 -54.44 -53.44 -52.44 -51.72 -51.25 -51.00 -50.84 -50.69 -50.53 -50.34 -50.16 -49.91 -49.66 -49.41 -49.09 -48.78 -48.50 -48.16 -47.84 -47.84 -48.12 -48.38 -48.53 -48.69 -48.81 -48.94 -49.03 -49.12 -49.12 -49.12 -49.06 -49.00 -48.88 -48.78 -48.62 -48.50 -48.34 -48.16 -47.94 -47.72 -47.44 -47.19 -46.88 -46.56 -46.25 -45.97 -45.72 -45.47 -45.22 -45.00 -44.81 -44.59 -44.34 -44.12 -43.84 -43.47 -43.00 -42.53 -42.16 -41.84 -41.50 -41.12
-62.38 -61.69 -60.56 -59.12 -57.72 -56.47 -55.56 -55.00 -54.56 -53.94 -53.12 -52.34 -51.75 -51.41 -51.22 -51.06 -50.94 -50.78 -50.62 -50.41 -50.16 -49.88 -49.59 -49.34 -49.16 -48.91 -48.62 -48.16 -47.75 -47.75 -48.09 -48.31 -48.44 -48.56 -48.69 -48.81 -48.91 -48.94 -48.97 -48.94 -48.88 -48.78 -48.69 -48.56 -48.44 -48.28 -48.12 -47.94 -47.75 -47.53 -47.28 -47.03 -46.75 -46.47 -46.22 -46.00 -45.78 -45.56 -45.38 -45.19 -45.00 -44.78 -44.53 -44.22 -43.84 -43.41 -43.03 -42.78 -42.50 -42.16 -41.81
-62.22 -61.53 -60.44 -58.94 -57.44 -56.03 -54.91 -54.03 -53.41 -52.94 -52.44 -51.94 -51.59 -51.47 -51.41 -51.31 -51.22 -51.06 -50.88 -50.66 -50.41 -50.12 -49.84 -49.62 -49.38 -49.12 -48.88 -48.56 -48.06 -47.66 -47.75 -48.03 -48.19 -48.31 -48.41 -48.53 -48.62 -48.72 -48.75 -48.75 -48.72 -48.66 -48.56 -48.47 -48.34 -48.22 -48.06 -47.94 -47.75 -47.56 -47.38 -47.12 -46.91 -46.66 -46.44 -46.22 -46.03 -45.84 -45.69 -45.50 -45.31 -45.09 -44.88 -44.59 -44.22 -43.88 -43.66 -43.41 -43.12 -42.78 -42.44
-62.09 -61.44 -60.56 -59.41 -57.94 -56.53 -55.25 -54.12 -53.16 -52.44 -51.94 -51.62 -51.59 -51.66 -51.62 -51.56 -51.47 -51.31 -51.16 -50.94 -50.66 -50.41 -50.16 -49.91 -49.62 -49.34 -49.06 -48.78 -48.41 -47.91 -47.53 -47.72 -47.91 -48.03 -48.12 -48.22 -48.34 -48.44 -48.50 -48.53 -48.53 -48.50 -48.44 -48.34 -48.22 -48.09 -47.97 -47.84 -47.69 -47.53 -47.38 -47.19 -47.00 -46.78 -46.59 -46.41 -46.25 -46.06 -45.94 -45.75 -45.59 -45.41 -45.19 -44.97 -44.69 -44.44 -44.22 -44.00 -43.69 -43.34 -43.06
-62.00 -61.31 -60.53 -59.62 -58.69 -57.47 -56.03 -54.66 -53.47 -52.59 -52.06 -51.84 -51.94 -51.94 -51.88 -51.81 -51.72 -51.59 -51.41 -51.19 -50.94 -50.69 -50.44 -50.19 -49.88 -49.56 -49.25 -48.94 -48.59 -48.19 -47.62 -47.28 -47.44 -47.62 -47.78 -47.91 -48.03 -48.12 -48.22 -48.28 -48.31 -48.31 -48.25 -48.19 -48.09 -48.00 -47.88 -47.75 -47.62 -47.47 -47.34 -47.19 -47.03 -46.88 -46.69 -46.53 -46.38 -46.25 -46.09 -45.97 -45.84 -45.69 -45.53 -45.34 -45.16 -44.94 -44.75 -44.53 -44.22 -43.88 -43.66
-61.88 -61.19 -60.41 -59.56 -58.72 -57.69 -56.19 -54.81 -53.69 -52.94 -52.50 -52.34 -52.31 -52.22 -52.16 -52.06 -51.97 -51.84 -51.66 -51.47 -51.22 -50.97 -50.72 -50.41 -50.12 -49.78 -49.47 -49.09 -48.72 -48.34 -47.81 -47.06 -46.75 -46.88 -47.22 -47.56 -47.72 -47.81 -47.94 -48.00 -48.06 -48.06 -48.06 -48.03 -47.97 -47.88 -47.78 -47.66 -47.53 -47.41 -47.28 -47.16 -47.03 -46.91 -46.75 -46.62 -46.47 -46.38 -46.25 -46.19 -46.09 -45.97 -45.88 -45.72 -45.56 -45.41 -45.25 -45.00 -44.69 -44.41 -44.19
-61.69 -61.00 -60.22 -59.41 -58.44 -57.12 -55.81 -54.72 -53.94 -53.44 -53.09 -52.88 -52.69 -52.56 -52.44 -52.31 -52.19 -52.06 -51.91 -51.72 -51.47 -51.22 -50.94 -50.66 -50.34 -50.00 -49.66 -49.25 -48.81 -48.38 -47.88 -46.97 -46.25 -46.09 -46.41 -46.97 -47.38 -47.53 -47.62 -47.72 -47.78 -47.84 -47.88 -47.88 -47.84 -47.75 -47.66 -47.56 -47.44 -47.34 -47.25 -47.12 -47.03 -46.91 -46.78 -46.66 -46.53 -46.47 -46.41 -46.38 -46.31 -46.28 -46.19 -46.09 -45.97 -45.84 -45.66 -45.41 -45.12 -44.91 -44.72
-61.44 -60.75 -59.94 -59.00 -57.81 -56.66 -55.66 -54.94 -54.47 -54.09 -53.66 -53.31 -53.06 -52.88 -52.72 -52.56 -52.44 -52.28 -52.12 -51.94 -51.69 -51.44 -51.16 -50.84 -50.53 -50.16 -49.78 -49.31 -48.84 -48.38 -47.91 -46.91 -45.94 -45.44 -45.66 -46.25 -46.81 -47.19 -47.34 -47.47 -47.56 -47.62 -47.69 -47.69 -47.69 -47.66 -47.59 -47.50 -47.41 -47.31 -47.19 -47.09 -47.00 -46.88 -46.78 -46.66 -46.59 -46.56 -46.56 -46.56 -46.56 -46.53 -46.50 -46.44 -46.31 -46.19 -46.00 -45.78 -45.56 -45.38 -45.19
-61.06 -60.22 -59.31 -58.34 -57.41 -56.62 -56.03 -55.56 -55.03 -54.56 -54.09 -53.69 -53.41 -53.16 -52.97 -52.81 -52.66 -52.50 -52.31 -52.12 -51.88 -51.62 -51.31 -51.00 -50.62 -50.22 -49.78 -49.31 -48.81 -48.31 -47.75 -46.72 -45.69 -45.00 -45.09 -45.62 -46.19 -46.62 -46.94 -47.19 -47.31 -47.44 -47.50 -47.56 -47.56 -47.56 -47.53 -47.44 -47.38 -47.28 -47.22 -47.12 -47.00 -46.91 -46.78 -46.69 -46.62 -46.66 -46.69 -46.75 -46.78 -46.81 -46.78 -46.75 -46.66 -46.53 -46.34 -46.16 -46.00 -45.81 -45.62
-60.91 -60.03 -59.19 -58.44 -57.81 -57.22 -56.59 -56.00 -55.44 -54.91 -54.44 -54.03 -53.69 -53.44 -53.22 -53.03 -52.84 -52.69 -52.50 -52.28 -52.03 -51.75 -51.44 -51.09 -50.69 -50.22 -49.75 -49.25 -48.72 -48.12 -47.28 -46.31 -45.41 -44.81 -44.94 -45.47 -46.00 -46.50 -46.84 -47.06 -47.19 -47.25 -47.34 -47.41 -47.47 -47.50 -47.50 -47.50 -47.44 -47.38 -47.25 -47.16 -47.03 -46.91 -46.81 -46.69 -46.69 -46.75 -46.84 -46.94 -47.00 -47.06 -47.06 -47.03 -46.94 -46.84 -46.69 -46.53 -46.38 -46.19 -46.00
-61.09 -60.38 -59.66 -58.97 -58.28 -57.62 -56.97 -56.34 -55.78 -55.22 -54.69 -54.25 -53.91 -53.62 -53.41 -53.19 -53.03 -52.84 -52.66 -52.44 -52.16 -51.88 -51.53 -51.12 -50.69 -50.22 -49.72 -49.19 -48.47 -47.56 -46.69 -45.88 -45.22 -45.03 -45.34 -45.88 -46.41 -46.94 -47.28 -47.44 -47.50 -47.50 -47.47 -47.47 -47.56 -47.62 -47.62 -47.62 -47.56 -47.47 -47.34 -47.22 -47.09 -46.94 -46.81 -46.72 -46.78 -46.84 -46.97 -47.09 -47.19 -47.28 -47.31 -47.28 -47.22 -47.12 -47.00 -46.88 -46.72 -46.56 -46.34
-61.19 -60.56 -59.91 -59.22 -58.53 -57.88 -57.19 -56.56 -55.97 -55.41 -54.88 -54.44 -54.06 -53.75 -53.53 -53.31 -53.16 -53.00 -52.78 -52.53 -52.25 -51.94 -51.56 -51.16 -50.69 -50.19 -49.69 -49.12 -48.22 -47.22 -46.38 -45.75 -45.53 -45.69 -46.06 -46.53 -47.03 -47.38 -47.59 -47.72 -47.78 -47.78 -47.75 -47.72 -47.75 -47.78 -47.78 -47.78 -47.69 -47.59 -47.44 -47.28 -47.12 -46.97 -46.84 -46.75 -46.81 -46.94 -47.09 -47.22 -47.34 -47.47 -47.50 -47.53 -47.47 -47.41 -47.31 -47.19 -47.03 -46.88 -46.69
-61.09 -60.50 -59.91 -59.25 -58.59 -57.91 -57.28 -56.62 -56.03 -55.50 -55.00 -54.56 -54.16 -53.84 -53.59 -53.41 -53.22 -53.06 -52.88 -52.59 -52.28 -51.94 -51.53 -51.09 -50.62 -50.12 -49.66 -49.09 -48.12 -47.16 -46.38 -46.09 -46.19 -46.44 -46.81 -47.22 -47.50 -47.72 -47.88 -48.03 -48.09 -48.06 -48.03 -48.00 -48.00 -48.00 -47.97 -47.94 -47.84 -47.72 -47.53 -47.38 -47.19 -47.00 -46.84 -46.75 -46.88 -47.03 -47.19 -47.34 -47.50 -47.62 -47.69 -47.72 -47.72 -47.66 -47.56 -47.47 -47.31 -47.16 -47.00
-60.88 -60.31 -59.72 -59.12 -58.50 -57.88 -57.25 -56.66 -56.12 -55.59 -55.16 -54.69 -54.28 -53.91 -53.62 -53.41 -53.25 -53.09 -52.88 -52.59 -52.28 -51.91 -51.47 -51.00 -50.53 -50.06 -49.56 -48.84 -47.97 -47.12 -46.62 -46.69 -46.94 -47.19 -47.44 -47.66 -47.84 -48.03 -48.22 -48.34 -48.41 -48.38 -48.31 -48.28 -48.25 -48.22 -48.19 -48.09 -48.00 -47.84 -47.66 -47.44 -47.25 -47.06 -46.88 -46.78 -46.94 -47.09 -47.28 -47.44 -47.62 -47.75 -47.88 -47.91 -47.91 -47.88 -47.81 -47.72 -47.59 -47.44 -47.28
-60.69 -60.12 -59.56 -58.97 -58.41 -57.84 -57.28 -56.75 -56.28 -55.81 -55.34 -54.91 -54.44 -54.03 -53.69 -53.47 -53.25 -53.06 -52.84 -52.56 -52.25 -51.84 -51.44 -50.97 -50.47 -49.97 -49.34 -48.53 -47.72 -47.12 -47.03 -47.31 -47.53 -47.62 -47.81 -47.97 -48.19 -48.38 -48.56 -48.69 -48.72 -48.69 -48.62 -48.59 -48.53 -48.47 -48.38 -48.28 -48.12 -47.97 -47.75 -47.53 -47.31 -47.12 -46.91 -46.81 -47.00 -47.19 -47.34 -47.53 -47.72 -47.88 -48.00 -48.06 -48.09 -48.06 -48.00 -47.94 -47.81 -47.69 -47.53
-60.50 -60.00 -59.47 -58.94 -58.41 -57.91 -57.41 -56.94 -56.47 -56.00 -55.53 -55.09 -54.62 -54.22 -53.84 -53.56 -53.31 -53.06 -52.81 -52.53 -52.22 -51.84 -51.41 -50.97 -50.50 -49.94 -49.16 -48.31 -47.59 -47.25 -47.53 -47.78 -47.84 -47.94 -48.12 -48.31 -48.53 -48.72 -48.91 -49.00 -49.03 -49.00 -48.94 -48.88 -48.81 -48.72 -48.62 -48.47 -48.28 -48.06 -47.84 -47.62 -47.38 -47.19 -46.94 -46.88 -47.09 -47.28 -47.47 -47.66 -47.84 -48.00 -48.12 -48.22 -48.25 -48.25 -48.19 -48.12 -48.03 -47.91 -47.78
-60.28 -59.81 -59.34 -58.88 -58.41 -57.97 -57.50 -57.06 -56.62 -56.19 -55.72 -55.28 -54.84 -54.44 -54.06 -53.72 -53.38 -53.09 -52.81 -52.56 -52.25 -51.88 -51.47 -51.03 -50.56 -49.84 -49.00 -48.19 -47.66 -47.69 -48.03 -48.16 -48.19 -48.28 -48.44 -48.66 -48.84 -49.06 -49.22 -49.34 -49.34 -49.31 -49.25 -49.16 -49.09 -48.97 -48.81 -48.62 -48.41 -48.19 -47.91 -47.66 -47.41 -47.19 -46.94 -47.00 -47.19 -47.38 -47.56 -47.75 -47.94 -48.09 -48.22 -48.34 -48.38 -48.38 -48.34 -48.28 -48.22 -48.12 -48.00
-59.94 -59.53 -59.09 -58.72 -58.31 -57.94 -57.56 -57.16 -56.75 -56.31 -55.88 -55.44 -55.03 -54.62 -54.28 -53.91 -53.53 -53.19 -52.94 -52.69 -52.38 -52.03 -51.62 -51.19 -50.53 -49.69 -48.84 -48.25 -48.09 -48.31 -48.53 -48.53 -48.53 -48.62 -48.78 -48.97 -49.19 -49.34 -49.53 -49.62 -49.66 -49.59 -49.53 -49.44 -49.31 -49.19 -49.00 -48.78 -48.53 -48.25 -47.94 -47.66 -47.41 -47.12 -46.94 -47.16 -47.34 -47.53 -47.69 -47.88 -48.06 -48.22 -48.34 -48.44 -48.50 -48.50 -48.47 -48.44 -48.38 -48.28 -48.19
-59.62 -59.16 -58.84 -58.53 -58.25 -57.91 -57.56 -57.19 -56.81 -56.41 -56.00 -55.62 -55.22 -54.88 -54.50 -54.12 -53.78 -53.53 -53.28 -53.03 -52.72 -52.34 -51.94 -51.28 -50.41 -49.56 -48.91 -48.72 -48.91 -49.12 -49.06 -48.94 -48.94 -49.00 -49.16 -49.31 -49.50 -49.66 -49.81 -49.91 -49.94 -49.88 -49.78 -49.66 -49.53 -49.38 -49.16 -48.88 -48.59 -48.31 -47.97 -47.62 -47.25 -46.91 -47.00 -47.34 -47.53 -47.69 -47.88 -48.03 -48.19 -48.31 -48.44 -48.50 -48.56 -48.59 -48.56 -48.53 -48.47 -48.41 -48.31
-59.75 -59.28 -58.91 -58.56 -58.25 -57.94 -57.59 -57.25 -56.88 -56.50 -56.12 -55.78 -55.41 -55.06 -54.75 -54.41 -54.22 -54.03 -53.78 -53.50 -53.19 -52.81 -52.34 -51.41 -50.47 -49.72 -49.41 -49.56 -49.88 -49.75 -49.53 -49.41 -49.34 -49.38 -49.50 -49.66 -49.84 -49.97 -50.09 -50.19 -50.22 -50.12 -50.03 -49.88 -49.72 -49.50 -49.25 -49.00 -48.69 -48.38 -48.03 -47.59 -47.19 -46.94 -47.12 -47.53 -47.72 -47.91 -48.06 -48.19 -48.31 -48.44 -48.53 -48.59 -48.62 -48.62 -48.62 -48.59 -48.53 -48.47 -48.41
-59.88 -59.47 -59.06 -58.69 -58.31 -57.97 -57.62 -57.28 -56.94 -56.59 -56.25 -55.91 -55.59 -55.28 -55.00 -54.84 -54.72 -54.56 -54.31 -54.06 -53.78 -53.38 -52.84 -51.75 -50.84 -50.34 -50.31 -50.62 -50.56 -50.31 -50.06 -49.88 -49.78 -49.81 -49.91 -50.03 -50.16 -50.28 -50.41 -50.47 -50.47 -50.38 -50.22 -50.06 -49.88 -49.62 -49.38 -49.09 -48.81 -48.53 -48.28 -47.91 -47.53 -47.28 -47.41 -47.75 -47.97 -48.12 -48.25 -48.38 -48.47 -48.53 -48.59 -48.66 -48.66 -48.66 -48.66 -48.62 -48.56 -48.53 -48.47
-59.91 -59.50 -59.12 -58.72 -58.34 -58.00 -57.62 -57.31 -56.97 -56.66 -56.34 -56.06 -55.78 -55.56 -55.41 -55.34 -55.25 -55.09 -54.91 -54.69 -54.38 -53.97 -53.31 -52.31 -51.59 -51.25 -51.38 -51.41 -51.19 -50.91 -50.62 -50.41 -50.31 -50.31 -50.34 -50.41 -50.50 -50.59 -50.66 -50.72 -50.69 -50.59 -50.44 -50.25 -50.00 -49.78 -49.50 -49.25 -49.00 -48.78 -48.62 -48.41 -48.12 -47.88 -47.88 -48.06 -48.19 -48.31 -48.44 -48.53 -48.59 -48.66 -48.69 -48.72 -48.69 -48.69 -48.66 -48.62 -48.56 -48.53 -48.50
-59.72 -59.38 -59.03 -58.66 -58.31 -57.94 -57.59 -57.28 -56.97 -56.69 -56.41 -56.22 -56.06 -55.97 -55.88 -55.81 -55.75 -55.62 -55.47 -55.28 -54.94 -54.53 -53.91 -53.06 -52.50 -52.28 -52.28 -52.09 -51.81 -51.50 -51.19 -51.00 -50.88 -50.81 -50.78 -50.81 -50.84 -50.91 -50.94 -50.94 -50.91 -50.78 -50.59 -50.41 -50.16 -49.91 -49.66 -49.44 -49.22 -49.03 -48.88 -48.75 -48.59 -48.44 -48.34 -48.38 -48.44 -48.53 -48.62 -48.69 -48.72 -48.75 -48.75 -48.75 -48.72 -48.69 -48.62 -48.59 -48.56 -48.53 -48.47
-59.41 -59.09 -58.78 -58.47 -58.16 -57.84 -57.53 -57.22 -56.94 -56.69 -56.56 -56.50 -56.44 -56.38 -56.34 -56.31 -56.22 -56.16 -56.03 -55.81 -55.47 -55.06 -54.56 -53.94 -53.50 -53.22 -52.97 -52.72 -52.41 -52.09 -51.78 -51.59 -51.47 -51.34 -51.28 -51.22 -51.22 -51.22 -51.22 -51.19 -51.09 -50.97 -50.78 -50.53 -50.31 -50.06 -49.84 -49.62 -49.44 -49.25 -49.12 -48.97 -48.88 -48.78 -48.69 -48.69 -48.69 -48.75 -48.78 -48.81 -48.84 -48.84 -48.81 -48.78 -48.72 -48.66 -48.62 -48.56 -48.53 -48.50 -48.47
-59.09 -58.75 -58.47 -58.22 -57.94 -57.66 -57.41 -57.16 -57.00 -56.91 -56.84 -56.84 -56.84 -56.81 -56.78 -56.75 -56.69 -56.62 -56.53 -56.28 -55.94 -55.56 -55.16 -54.72 -54.25 -53.91 -53.59 -53.31 -52.97 -52.66 -52.38 -52.19 -52.00 -51.84 -51.75 -51.66 -51.59 -51.56 -51.50 -51.44 -51.31 -51.16 -50.94 -50.69 -50.44 -50.22 -50.00 -49.81 -49.62 -49.47 -49.34 -49.22 -49.12 -49.03 -48.97 -48.94 -48.94 -48.94 -48.94 -48.94 -48.91 -48.88 -48.81 -48.75 -48.69 -48.62 -48.59 -48.53 -48.50 -48.47 -48.44
-58.97 -58.38 -57.97 -57.75 -57.56 -57.41 -57.34 -57.34 -57.31 -57.22 -57.22 -57.22 -57.22 -57.25 -57.22 -57.19 -57.16 -57.09 -56.97 -56.72 -56.38 -56.03 -55.66 -55.22 -54.81 -54.44 -54.12 -53.84 -53.53 -53.22 -52.94 -52.72 -52.53 -52.34 -52.19 -52.06 -51.97 -51.88 -51.78 -51.69 -51.50 -51.31 -51.06 -50.84 -50.59 -50.34 -50.12 -49.94 -49.78 -49.66 -49.56 -49.44 -49.38 -49.28 -49.22 -49.16 -49.12 -49.09 -49.06 -49.03 -48.97 -48.88 -48.81 -48.72 -48.66 -48.59 -48.53 -48.50 -48.47 -48.41 -48.38
-58.84 -58.12 -57.53 -57.19 -57.16 -57.44 -57.59 -57.66 -57.62 -57.59 -57.56 -57.59 -57.62 -57.62 -57.62 -57.59 -57.56 -57.50 -57.34 -57.09 -56.78 -56.44 -56.06 -55.66 -55.25 -54.91 -54.62 -54.31 -54.00 -53.72 -53.47 -53.22 -53.00 -52.81 -52.62 -52.44 -52.31 -52.19 -52.03 -51.88 -51.66 -51.44 -51.19 -50.94 -50.69 -50.47 -50.22 -50.03 -49.91 -49.78 -49.72 -49.62 -49.56 -49.50 -49.44 -49.38 -49.31 -49.25 -49.19 -49.12 -49.00 -48.91 -48.78 -48.69 -48.59 -48.53 -48.47 -48.41 -48.38 -48.34 -48.31
-58.66 -57.84 -57.19 -56.91 -57.22 -57.69 -57.84 -57.91 -57.94 -57.94 -57.94 -57.97 -58.00 -58.00 -58.00 -57.97 -57.94 -57.84 -57.69 -57.44 -57.12 -56.78 -56.41 -56.03 -55.69 -55.34 -55.03 -54.75 -54.47 -54.19 -53.94 -53.69 -53.44 -53.22 -52.97 -52.78 -52.59 -52.41 -52.22 -52.00 -51.75 -51.50 -51.25 -51.03 -50.78 -50.53 -50.31 -50.12 -50.00 -49.91 -49.81 -49.75 -49.69 -49.62 -49.56 -49.50 -49.44 -49.38 -49.28 -49.19 -49.06 -48.94 -48.78 -48.62 -48.50 -48.41 -48.34 -48.28 -48.25 -48.22 -48.19
