everonasctiles/Tile29,35.asc
ncols 128
nrows 128
xllcorner 0
yllcorner 0
cellsize 2.0
NODATA_value  -9999
[rows 0 to 35 of 128, columns 0 to 79 of 128]
-1.28 -1.44 -1.59 -1.75 -1.91 -2.06 -2.22 -2.34 -2.47 -2.59 -2.69 -2.78 -2.88 -2.94 -3.00 -3.03 -3.06 -3.06 -3.06 -3.03 -3.00 -2.94 -2.88 -2.78 -2.66 -2.50 -2.38 -2.22 -2.09 -2.00 -1.91 -1.84 -1.78 -1.78 -1.75 -1.78 -1.81 -1.84 -1.88 -1.91 -1.97 -2.00 -2.06 -2.16 -2.25 -2.38 -2.56 -2.75 -2.94 -3.12 -3.28 -3.41 -3.47 -3.53 -3.56 -3.56 -3.56 -3.56 -3.53 -3.53 -3.47 -3.31 -3.16 -3.00 -2.81 -2.66 -2.50 -2.38 -2.28 -2.12 -2.03 -1.91 -1.78 -1.69 -1.59 -1.50 -1.41 -1.31 -1.22 -1.09
-1.28 -1.44 -1.59 -1.75 -1.91 -2.06 -2.22 -2.38 -2.50 -2.62 -2.75 -2.84 -2.91 -3.00 -3.06 -3.09 -3.12 -3.16 -3.12 -3.12 -3.09 -3.03 -3.00 -2.91 -2.81 -2.66 -2.53 -2.38 -2.25 -2.16 -2.03 -1.94 -1.88 -1.84 -1.78 -1.78 -1.78 -1.78 -1.78 -1.78 -1.81 -1.81 -1.88 -1.91 -2.00 -2.09 -2.22 -2.41 -2.56 -2.72 -2.88 -3.00 -3.09 -3.19 -3.22 -3.25 -3.28 -3.31 -3.31 -3.31 -3.31 -3.25 -3.09 -2.94 -2.78 -2.62 -2.50 -2.38 -2.28 -2.16 -2.06 -1.94 -1.84 -1.72 -1.62 -1.50 -1.41 -1.31 -1.22 -1.09
-1.28 -1.41 -1.56 -1.72 -1.88 -2.03 -2.22 -2.34 -2.50 -2.62 -2.75 -2.84 -2.94 -3.00 -3.06 -3.12 -3.16 -3.19 -3.19 -3.19 -3.16 -3.12 -3.09 -3.03 -2.94 -2.81 -2.69 -2.56 -2.41 -2.31 -2.19 -2.09 -2.00 -1.91 -1.88 -1.81 -1.78 -1.75 -1.72 -1.69 -1.69 -1.69 -1.69 -1.72 -1.78 -1.88 -2.00 -2.16 -2.28 -2.44 -2.56 -2.66 -2.75 -2.84 -2.88 -2.94 -2.97 -3.03 -3.06 -3.09 -3.09 -3.06 -2.97 -2.84 -2.72 -2.56 -2.44 -2.34 -2.25 -2.16 -2.06 -1.94 -1.84 -1.75 -1.66 -1.53 -1.44 -1.31 -1.22 -1.09
-1.25 -1.38 -1.53 -1.69 -1.84 -2.00 -2.16 -2.31 -2.47 -2.59 -2.72 -2.81 -2.91 -3.00 -3.06 -3.12 -3.16 -3.19 -3.22 -3.22 -3.22 -3.19 -3.16 -3.12 -3.06 -2.94 -2.84 -2.72 -2.59 -2.47 -2.34 -2.22 -2.12 -2.03 -1.94 -1.88 -1.81 -1.75 -1.69 -1.66 -1.62 -1.59 -1.59 -1.59 -1.62 -1.72 -1.81 -1.91 -2.03 -2.16 -2.25 -2.38 -2.44 -2.53 -2.59 -2.62 -2.69 -2.75 -2.78 -2.84 -2.84 -2.84 -2.81 -2.72 -2.59 -2.47 -2.34 -2.25 -2.16 -2.09 -2.00 -1.91 -1.84 -1.75 -1.66 -1.56 -1.44 -1.34 -1.25 -1.12
-1.22 -1.34 -1.47 -1.62 -1.78 -1.94 -2.09 -2.28 -2.41 -2.56 -2.69 -2.78 -2.88 -2.97 -3.03 -3.09 -3.16 -3.19 -3.22 -3.25 -3.25 -3.25 -3.22 -3.19 -3.16 -3.06 -2.97 -2.88 -2.75 -2.62 -2.50 -2.38 -2.28 -2.16 -2.06 -1.97 -1.88 -1.78 -1.72 -1.62 -1.56 -1.53 -1.50 -1.50 -1.53 -1.56 -1.66 -1.72 -1.81 -1.91 -2.00 -2.09 -2.16 -2.25 -2.31 -2.38 -2.44 -2.47 -2.53 -2.59 -2.62 -2.59 -2.59 -2.53 -2.44 -2.31 -2.22 -2.12 -2.06 -1.97 -1.91 -1.84 -1.78 -1.72 -1.66 -1.56 -1.47 -1.34 -1.25 -1.12
-1.19 -1.31 -1.44 -1.56 -1.72 -1.88 -2.03 -2.19 -2.34 -2.50 -2.62 -2.72 -2.81 -2.91 -3.00 -3.06 -3.12 -3.19 -3.22 -3.25 -3.25 -3.28 -3.28 -3.25 -3.25 -3.19 -3.12 -3.00 -2.91 -2.78 -2.66 -2.56 -2.44 -2.31 -2.19 -2.09 -1.97 -1.88 -1.75 -1.66 -1.59 -1.53 -1.47 -1.44 -1.44 -1.47 -1.53 -1.56 -1.66 -1.72 -1.78 -1.88 -1.94 -2.00 -2.06 -2.12 -2.19 -2.22 -2.28 -2.34 -2.38 -2.38 -2.38 -2.34 -2.25 -2.16 -2.06 -2.00 -1.97 -1.91 -1.84 -1.81 -1.75 -1.69 -1.66 -1.56 -1.47 -1.38 -1.28 -1.16
-1.16 -1.25 -1.38 -1.50 -1.62 -1.78 -1.94 -2.09 -2.25 -2.41 -2.53 -2.66 -2.75 -2.84 -2.94 -3.03 -3.09 -3.16 -3.19 -3.22 -3.25 -3.28 -3.31 -3.31 -3.31 -3.28 -3.22 -3.16 -3.06 -2.94 -2.84 -2.72 -2.59 -2.47 -2.38 -2.25 -2.09 -1.97 -1.84 -1.75 -1.62 -1.53 -1.47 -1.44 -1.41 -1.41 -1.44 -1.44 -1.50 -1.53 -1.59 -1.66 -1.72 -1.78 -1.84 -1.91 -1.94 -2.00 -2.06 -2.12 -2.16 -2.16 -2.19 -2.16 -2.09 -2.00 -1.94 -1.91 -1.84 -1.81 -1.78 -1.75 -1.75 -1.69 -1.66 -1.56 -1.47 -1.38 -1.28 -1.19
-1.09 -1.19 -1.31 -1.41 -1.56 -1.69 -1.84 -1.97 -2.12 -2.28 -2.44 -2.56 -2.69 -2.78 -2.88 -2.97 -3.03 -3.09 -3.16 -3.22 -3.25 -3.28 -3.31 -3.34 -3.34 -3.34 -3.34 -3.28 -3.22 -3.12 -3.03 -2.91 -2.81 -2.69 -2.56 -2.41 -2.28 -2.12 -1.97 -1.84 -1.72 -1.59 -1.53 -1.44 -1.41 -1.38 -1.34 -1.34 -1.38 -1.41 -1.44 -1.50 -1.53 -1.59 -1.66 -1.72 -1.75 -1.81 -1.88 -1.91 -1.94 -1.97 -2.00 -1.97 -1.94 -1.88 -1.81 -1.75 -1.75 -1.75 -1.72 -1.72 -1.69 -1.69 -1.66 -1.56 -1.44 -1.34 -1.28 -1.19
-1.06 -1.16 -1.25 -1.34 -1.47 -1.59 -1.72 -1.88 -2.03 -2.16 -2.31 -2.44 -2.56 -2.69 -2.78 -2.88 -2.97 -3.03 -3.12 -3.19 -3.22 -3.28 -3.31 -3.34 -3.38 -3.41 -3.41 -3.38 -3.34 -3.28 -3.19 -3.09 -3.00 -2.88 -2.75 -2.59 -2.47 -2.31 -2.12 -1.97 -1.81 -1.69 -1.59 -1.50 -1.41 -1.34 -1.31 -1.28 -1.28 -1.28 -1.31 -1.34 -1.38 -1.44 -1.50 -1.53 -1.59 -1.66 -1.69 -1.75 -1.78 -1.81 -1.81 -1.81 -1.75 -1.69 -1.66 -1.62 -1.62 -1.66 -1.66 -1.66 -1.66 -1.62 -1.59 -1.53 -1.44 -1.34 -1.28 -1.22
-1.03 -1.09 -1.19 -1.28 -1.38 -1.50 -1.62 -1.75 -1.91 -2.03 -2.19 -2.31 -2.44 -2.56 -2.69 -2.78 -2.88 -2.97 -3.06 -3.12 -3.19 -3.25 -3.31 -3.34 -3.41 -3.44 -3.44 -3.47 -3.44 -3.41 -3.34 -3.28 -3.19 -3.09 -2.97 -2.84 -2.69 -2.50 -2.31 -2.16 -1.97 -1.81 -1.69 -1.56 -1.47 -1.38 -1.31 -1.25 -1.22 -1.22 -1.22 -1.22 -1.25 -1.31 -1.34 -1.41 -1.44 -1.50 -1.56 -1.59 -1.62 -1.62 -1.66 -1.62 -1.59 -1.53 -1.50 -1.50 -1.53 -1.53 -1.56 -1.56 -1.56 -1.53 -1.50 -1.47 -1.41 -1.31 -1.28 -1.22
-1.00 -1.06 -1.12 -1.22 -1.31 -1.41 -1.53 -1.66 -1.78 -1.91 -2.03 -2.19 -2.31 -2.44 -2.56 -2.69 -2.78 -2.88 -2.97 -3.06 -3.12 -3.22 -3.28 -3.34 -3.41 -3.44 -3.47 -3.50 -3.53 -3.50 -3.47 -3.44 -3.38 -3.31 -3.19 -3.06 -2.91 -2.75 -2.53 -2.34 -2.16 -1.97 -1.81 -1.66 -1.53 -1.41 -1.31 -1.25 -1.19 -1.16 -1.12 -1.16 -1.16 -1.19 -1.22 -1.28 -1.31 -1.38 -1.44 -1.47 -1.47 -1.50 -1.47 -1.44 -1.38 -1.34 -1.34 -1.34 -1.38 -1.44 -1.44 -1.44 -1.44 -1.44 -1.41 -1.38 -1.34 -1.28 -1.25 -1.22
-0.97 -1.03 -1.06 -1.16 -1.22 -1.31 -1.44 -1.53 -1.66 -1.78 -1.91 -2.03 -2.19 -2.31 -2.44 -2.56 -2.69 -2.78 -2.91 -3.00 -3.06 -3.16 -3.25 -3.31 -3.38 -3.44 -3.50 -3.53 -3.56 -3.59 -3.56 -3.53 -3.50 -3.44 -3.34 -3.25 -3.12 -2.97 -2.75 -2.53 -2.34 -2.12 -1.94 -1.78 -1.62 -1.47 -1.34 -1.25 -1.16 -1.09 -1.09 -1.06 -1.06 -1.09 -1.12 -1.19 -1.22 -1.28 -1.31 -1.34 -1.34 -1.34 -1.31 -1.25 -1.19 -1.19 -1.16 -1.19 -1.22 -1.25 -1.31 -1.31 -1.31 -1.31 -1.28 -1.25 -1.25 -1.22 -1.19 -1.16
-0.97 -1.00 -1.03 -1.09 -1.16 -1.25 -1.34 -1.44 -1.53 -1.66 -1.78 -1.91 -2.03 -2.16 -2.31 -2.44 -2.56 -2.69 -2.78 -2.91 -3.00 -3.09 -3.19 -3.28 -3.34 -3.44 -3.50 -3.56 -3.59 -3.62 -3.66 -3.62 -3.59 -3.53 -3.47 -3.38 -3.25 -3.12 -2.97 -2.75 -2.53 -2.31 -2.09 -1.91 -1.72 -1.53 -1.38 -1.25 -1.16 -1.09 -1.03 -1.00 -1.00 -1.03 -1.06 -1.09 -1.12 -1.19 -1.22 -1.22 -1.22 -1.16 -1.12 -1.06 -1.03 -1.00 -1.00 -1.03 -1.06 -1.09 -1.12 -1.16 -1.19 -1.19 -1.16 -1.16 -1.12 -1.12 -1.12 -1.12
-0.97 -0.97 -1.00 -1.03 -1.09 -1.16 -1.25 -1.34 -1.44 -1.56 -1.66 -1.78 -1.91 -2.03 -2.16 -2.28 -2.44 -2.56 -2.69 -2.81 -2.91 -3.03 -3.12 -3.22 -3.31 -3.41 -3.50 -3.56 -3.62 -3.69 -3.72 -3.69 -3.69 -3.62 -3.56 -3.50 -3.41 -3.28 -3.12 -2.94 -2.72 -2.50 -2.28 -2.06 -1.84 -1.62 -1.44 -1.28 -1.16 -1.06 -1.00 -0.97 -0.97 -0.97 -0.97 -1.00 -1.03 -1.09 -1.09 -1.09 -1.03 -0.97 -0.91 -0.84 -0.81 -0.81 -0.81 -0.81 -0.88 -0.91 -0.91 -0.91 -0.91 -0.94 -0.97 -0.97 -1.00 -1.00 -1.03 -1.06
-0.94 -0.97 -0.97 -1.00 -1.06 -1.09 -1.19 -1.25 -1.34 -1.44 -1.56 -1.66 -1.78 -1.91 -2.03 -2.16 -2.28 -2.44 -2.56 -2.69 -2.81 -2.94 -3.06 -3.16 -3.28 -3.38 -3.47 -3.56 -3.62 -3.69 -3.72 -3.75 -3.72 -3.69 -3.66 -3.59 -3.50 -3.41 -3.28 -3.12 -2.91 -2.69 -2.44 -2.22 -1.97 -1.72 -1.53 -1.34 -1.19 -1.06 -0.97 -0.94 -0.91 -0.91 -0.91 -0.91 -0.94 -0.97 -0.97 -0.94 -0.88 -0.75 -0.69 -0.62 -0.59 -0.59 -0.59 -0.59 -0.62 -0.62 -0.56 -0.56 -0.56 -0.62 -0.69 -0.75 -0.81 -0.84 -0.91 -0.94
-0.91 -0.94 -0.97 -1.00 -1.03 -1.06 -1.12 -1.19 -1.25 -1.34 -1.44 -1.53 -1.66 -1.78 -1.91 -2.03 -2.16 -2.31 -2.44 -2.56 -2.72 -2.84 -2.97 -3.09 -3.22 -3.34 -3.44 -3.53 -3.62 -3.69 -3.75 -3.78 -3.78 -3.75 -3.72 -3.69 -3.59 -3.53 -3.41 -3.25 -3.09 -2.88 -2.62 -2.38 -2.09 -1.84 -1.59 -1.38 -1.19 -1.06 -0.97 -0.91 -0.88 -0.84 -0.84 -0.84 -0.84 -0.84 -0.81 -0.75 -0.66 -0.56 -0.47 -0.41 -0.38 -0.34 -0.31 -0.34 -0.34 -0.31 -0.25 -0.22 -0.25 -0.31 -0.41 -0.50 -0.59 -0.66 -0.72 -0.78
-0.88 -0.91 -0.94 -0.97 -1.00 -1.03 -1.06 -1.12 -1.19 -1.25 -1.34 -1.44 -1.53 -1.66 -1.78 -1.91 -2.03 -2.16 -2.31 -2.47 -2.59 -2.75 -2.91 -3.03 -3.16 -3.28 -3.41 -3.53 -3.62 -3.69 -3.75 -3.81 -3.81 -3.81 -3.81 -3.75 -3.72 -3.62 -3.53 -3.41 -3.25 -3.06 -2.84 -2.56 -2.28 -1.97 -1.69 -1.44 -1.22 -1.06 -0.94 -0.88 -0.81 -0.78 -0.78 -0.75 -0.75 -0.69 -0.62 -0.53 -0.44 -0.34 -0.25 -0.19 -0.12 -0.09 -0.06 -0.09 -0.09 -0.09 -0.06 -0.06 -0.09 -0.16 -0.22 -0.31 -0.41 -0.47 -0.53 -0.59
-0.84 -0.88 -0.91 -0.97 -1.00 -1.03 -1.06 -1.09 -1.12 -1.19 -1.28 -1.34 -1.44 -1.56 -1.66 -1.78 -1.91 -2.03 -2.19 -2.34 -2.50 -2.66 -2.81 -2.97 -3.09 -3.25 -3.38 -3.50 -3.59 -3.69 -3.78 -3.84 -3.88 -3.88 -3.88 -3.84 -3.81 -3.72 -3.66 -3.53 -3.41 -3.25 -3.03 -2.78 -2.47 -2.12 -1.78 -1.50 -1.25 -1.06 -0.94 -0.84 -0.78 -0.75 -0.72 -0.69 -0.59 -0.50 -0.41 -0.31 -0.22 -0.12 0.00 0.06 0.12 0.16 0.12 0.12 0.09 0.06 0.03 0.03 0.00 -0.03 -0.09 -0.19 -0.25 -0.34 -0.38 -0.44
-0.84 -0.88 -0.91 -0.94 -0.97 -1.03 -1.03 -1.06 -1.09 -1.16 -1.22 -1.28 -1.38 -1.47 -1.56 -1.66 -1.78 -1.94 -2.06 -2.22 -2.38 -2.53 -2.72 -2.88 -3.03 -3.19 -3.34 -3.47 -3.59 -3.69 -3.78 -3.84 -3.91 -3.94 -3.94 -3.94 -3.91 -3.84 -3.75 -3.66 -3.53 -3.38 -3.22 -3.00 -2.72 -2.38 -1.97 -1.59 -1.28 -1.09 -0.94 -0.81 -0.75 -0.72 -0.69 -0.53 -0.44 -0.31 -0.19 -0.09 0.03 0.12 0.22 0.31 0.38 0.38 0.34 0.31 0.25 0.19 0.16 0.12 0.12 0.09 0.03 -0.03 -0.09 -0.16 -0.25 -0.31
-0.81 -0.88 -0.91 -0.91 -0.97 -1.00 -1.06 -1.06 -1.09 -1.12 -1.19 -1.22 -1.31 -1.38 -1.47 -1.56 -1.69 -1.81 -1.94 -2.09 -2.25 -2.44 -2.59 -2.78 -2.97 -3.12 -3.28 -3.44 -3.56 -3.69 -3.78 -3.88 -3.94 -4.00 -4.00 -4.00 -3.97 -3.94 -3.84 -3.75 -3.62 -3.50 -3.31 -3.12 -2.88 -2.59 -2.25 -1.75 -1.38 -1.09 -0.94 -0.81 -0.75 -0.72 -0.53 -0.34 -0.25 -0.12 0.00 0.12 0.22 0.34 0.44 0.56 0.59 0.59 0.56 0.50 0.44 0.41 0.38 0.34 0.31 0.28 0.25 0.19 0.09 0.00 -0.09 -0.22
-0.81 -0.88 -0.94 -0.94 -0.97 -1.00 -1.06 -1.09 -1.09 -1.12 -1.16 -1.19 -1.25 -1.31 -1.41 -1.50 -1.59 -1.72 -1.84 -2.00 -2.16 -2.31 -2.50 -2.69 -2.88 -3.06 -3.25 -3.41 -3.53 -3.69 -3.78 -3.91 -3.97 -4.03 -4.06 -4.09 -4.06 -4.03 -3.94 -3.84 -3.72 -3.59 -3.41 -3.22 -2.97 -2.69 -2.41 -2.12 -1.81 -1.47 -1.09 -0.75 -0.53 -0.38 -0.31 -0.25 -0.12 0.03 0.16 0.28 0.41 0.53 0.66 0.78 0.81 0.78 0.72 0.66 0.62 0.59 0.56 0.56 0.53 0.47 0.38 0.28 0.19 0.12 0.06 -0.06
-0.81 -0.88 -0.94 -0.97 -1.00 -1.00 -1.06 -1.12 -1.12 -1.12 -1.16 -1.19 -1.22 -1.25 -1.34 -1.41 -1.50 -1.62 -1.75 -1.88 -2.03 -2.22 -2.41 -2.59 -2.81 -3.00 -3.19 -3.38 -3.53 -3.66 -3.78 -3.91 -4.00 -4.06 -4.12 -4.16 -4.16 -4.09 -4.03 -3.91 -3.78 -3.62 -3.47 -3.25 -3.00 -2.72 -2.41 -2.06 -1.69 -1.28 -0.84 -0.41 -0.34 -0.31 -0.28 -0.19 -0.03 0.12 0.28 0.44 0.56 0.72 0.81 0.88 0.81 0.75 0.72 0.75 0.75 0.75 0.75 0.75 0.72 0.62 0.44 0.22 0.12 0.12 0.16 0.09
-0.84 -0.91 -0.97 -1.03 -1.03 -1.06 -1.09 -1.12 -1.16 -1.16 -1.16 -1.16 -1.19 -1.22 -1.28 -1.34 -1.44 -1.53 -1.66 -1.78 -1.94 -2.12 -2.31 -2.53 -2.75 -2.94 -3.16 -3.34 -3.50 -3.66 -3.81 -3.94 -4.03 -4.09 -4.16 -4.19 -4.19 -4.19 -4.09 -3.97 -3.84 -3.66 -3.47 -3.25 -2.97 -2.66 -2.28 -1.91 -1.50 -1.06 -0.59 -0.28 -0.25 -0.28 -0.22 -0.06 0.12 0.28 0.41 0.56 0.69 0.81 0.84 0.81 0.75 0.72 0.75 0.84 0.94 1.03 1.03 1.03 0.97 0.81 0.53 0.22 0.06 0.12 0.22 0.22
-0.91 -0.97 -1.00 -1.06 -1.09 -1.12 -1.12 -1.16 -1.19 -1.22 -1.19 -1.19 -1.19 -1.22 -1.25 -1.31 -1.38 -1.47 -1.59 -1.72 -1.88 -2.03 -2.22 -2.44 -2.66 -2.88 -3.09 -3.31 -3.50 -3.66 -3.81 -3.94 -4.06 -4.12 -4.19 -4.22 -4.25 -4.22 -4.16 -4.00 -3.84 -3.66 -3.44 -3.19 -2.88 -2.53 -2.12 -1.72 -1.28 -0.84 -0.41 -0.19 -0.22 -0.22 -0.09 0.12 0.28 0.41 0.53 0.66 0.75 0.75 0.75 0.75 0.72 0.78 0.94 1.22 1.41 1.50 1.50 1.44 1.31 1.09 0.75 0.41 0.16 0.16 0.25 0.28
-1.00 -1.06 -1.09 -1.12 -1.19 -1.19 -1.22 -1.22 -1.25 -1.25 -1.25 -1.22 -1.22 -1.22 -1.25 -1.28 -1.34 -1.41 -1.53 -1.66 -1.78 -1.94 -2.12 -2.34 -2.59 -2.84 -3.06 -3.28 -3.47 -3.66 -3.81 -3.97 -4.06 -4.16 -4.22 -4.28 -4.28 -4.25 -4.19 -4.03 -3.88 -3.66 -3.41 -3.09 -2.75 -2.34 -1.91 -1.47 -1.03 -0.62 -0.28 -0.16 -0.22 -0.12 0.06 0.28 0.47 0.59 0.66 0.69 0.69 0.69 0.72 0.84 0.97 1.22 1.47 1.72 1.94 2.03 2.00 1.88 1.72 1.47 1.12 0.72 0.41 0.25 0.28 0.31
-1.09 -1.16 -1.19 -1.25 -1.28 -1.31 -1.31 -1.31 -1.31 -1.34 -1.31 -1.28 -1.25 -1.22 -1.25 -1.28 -1.31 -1.38 -1.47 -1.59 -1.72 -1.88 -2.06 -2.28 -2.53 -2.78 -3.03 -3.25 -3.47 -3.66 -3.84 -4.00 -4.09 -4.19 -4.28 -4.31 -4.31 -4.28 -4.22 -4.06 -3.88 -3.62 -3.31 -2.97 -2.56 -2.12 -1.66 -1.22 -0.81 -0.44 -0.19 -0.16 -0.16 -0.03 0.22 0.44 0.62 0.69 0.69 0.66 0.62 0.69 0.88 1.19 1.47 1.75 2.03 2.28 2.44 2.50 2.41 2.25 2.03 1.81 1.50 1.09 0.72 0.41 0.34 0.34
-1.19 -1.28 -1.31 -1.34 -1.41 -1.44 -1.44 -1.41 -1.41 -1.41 -1.41 -1.34 -1.31 -1.28 -1.25 -1.28 -1.31 -1.34 -1.44 -1.53 -1.66 -1.81 -2.00 -2.22 -2.47 -2.75 -3.00 -3.22 -3.47 -3.66 -3.84 -4.03 -4.16 -4.25 -4.31 -4.34 -4.34 -4.28 -4.19 -4.03 -3.81 -3.56 -3.22 -2.81 -2.34 -1.88 -1.41 -0.97 -0.59 -0.31 -0.16 -0.19 -0.12 0.12 0.38 0.59 0.72 0.72 0.66 0.62 0.66 0.84 1.22 1.62 1.97 2.25 2.47 2.66 2.78 2.81 2.69 2.50 2.25 1.97 1.72 1.34 0.94 0.53 0.38 0.38
-1.31 -1.38 -1.44 -1.50 -1.53 -1.56 -1.56 -1.53 -1.53 -1.50 -1.50 -1.44 -1.38 -1.34 -1.31 -1.31 -1.31 -1.34 -1.41 -1.50 -1.62 -1.78 -1.97 -2.16 -2.41 -2.69 -2.97 -3.22 -3.47 -3.69 -3.88 -4.03 -4.19 -4.28 -4.34 -4.34 -4.34 -4.25 -4.16 -3.97 -3.72 -3.44 -3.06 -2.62 -2.12 -1.62 -1.16 -0.75 -0.41 -0.22 -0.19 -0.16 0.03 0.28 0.50 0.66 0.72 0.69 0.62 0.66 0.81 1.16 1.59 2.03 2.31 2.53 2.75 2.97 3.06 3.06 2.94 2.72 2.47 2.16 1.84 1.50 1.06 0.69 0.47 0.44
-1.47 -1.50 -1.59 -1.62 -1.69 -1.72 -1.72 -1.69 -1.66 -1.62 -1.59 -1.56 -1.47 -1.41 -1.38 -1.34 -1.34 -1.34 -1.41 -1.47 -1.59 -1.75 -1.91 -2.12 -2.38 -2.62 -2.94 -3.19 -3.44 -3.69 -3.91 -4.06 -4.22 -4.31 -4.34 -4.34 -4.31 -4.22 -4.06 -3.84 -3.59 -3.28 -2.88 -2.44 -1.88 -1.34 -0.88 -0.50 -0.28 -0.19 -0.16 -0.03 0.22 0.41 0.56 0.66 0.69 0.62 0.66 0.81 1.09 1.53 1.97 2.31 2.59 2.88 3.06 3.22 3.28 3.22 3.09 2.94 2.62 2.31 2.00 1.66 1.19 0.81 0.56 0.50
-1.59 -1.66 -1.72 -1.78 -1.84 -1.88 -1.91 -1.84 -1.81 -1.75 -1.72 -1.69 -1.59 -1.50 -1.44 -1.41 -1.38 -1.38 -1.41 -1.47 -1.56 -1.69 -1.88 -2.06 -2.31 -2.59 -2.88 -3.16 -3.44 -3.69 -3.91 -4.09 -4.25 -4.31 -4.34 -4.31 -4.25 -4.12 -3.94 -3.72 -3.41 -3.06 -2.66 -2.19 -1.62 -1.03 -0.56 -0.31 -0.22 -0.19 -0.03 0.19 0.38 0.47 0.56 0.59 0.62 0.62 0.75 1.03 1.44 1.88 2.25 2.62 2.94 3.22 3.38 3.47 3.47 3.41 3.28 3.09 2.81 2.50 2.16 1.78 1.31 0.94 0.66 0.59
-1.75 -1.81 -1.84 -1.94 -2.00 -2.06 -2.09 -2.03 -1.97 -1.94 -1.88 -1.81 -1.72 -1.62 -1.53 -1.47 -1.41 -1.41 -1.41 -1.47 -1.56 -1.69 -1.84 -2.03 -2.25 -2.53 -2.84 -3.12 -3.44 -3.69 -3.94 -4.12 -4.28 -4.34 -4.34 -4.28 -4.16 -4.00 -3.75 -3.50 -3.16 -2.78 -2.38 -1.88 -1.34 -0.69 -0.31 -0.19 -0.19 -0.06 0.16 0.34 0.47 0.53 0.56 0.59 0.56 0.66 0.94 1.34 1.75 2.19 2.56 2.94 3.31 3.59 3.69 3.72 3.66 3.53 3.41 3.22 2.97 2.66 2.28 1.91 1.44 1.03 0.72 0.66
-1.88 -1.94 -2.00 -2.09 -2.19 -2.25 -2.28 -2.25 -2.16 -2.09 -2.03 -1.97 -1.88 -1.75 -1.62 -1.56 -1.50 -1.47 -1.44 -1.50 -1.56 -1.66 -1.81 -2.00 -2.22 -2.50 -2.78 -3.09 -3.41 -3.69 -3.94 -4.16 -4.28 -4.34 -4.31 -4.22 -4.03 -3.84 -3.56 -3.25 -2.88 -2.47 -2.03 -1.56 -1.03 -0.44 -0.19 -0.12 -0.09 0.19 0.34 0.47 0.53 0.59 0.59 0.59 0.62 0.84 1.19 1.62 2.03 2.47 2.88 3.31 3.69 3.91 3.97 3.91 3.78 3.69 3.56 3.41 3.16 2.84 2.44 2.03 1.53 1.09 0.78 0.72
-2.00 -2.09 -2.16 -2.25 -2.34 -2.44 -2.47 -2.47 -2.38 -2.28 -2.22 -2.12 -2.03 -1.88 -1.75 -1.66 -1.56 -1.53 -1.50 -1.53 -1.56 -1.66 -1.81 -1.97 -2.19 -2.44 -2.72 -3.03 -3.38 -3.69 -3.94 -4.16 -4.31 -4.31 -4.25 -4.12 -3.91 -3.66 -3.34 -3.00 -2.59 -2.16 -1.69 -1.22 -0.72 -0.28 -0.12 -0.06 0.16 0.38 0.50 0.56 0.66 0.66 0.62 0.59 0.75 1.09 1.50 1.91 2.38 2.81 3.25 3.69 4.03 4.16 4.16 4.06 3.97 3.84 3.75 3.59 3.34 3.00 2.56 2.12 1.59 1.12 0.84 0.78
-2.06 -2.19 -2.31 -2.41 -2.53 -2.62 -2.66 -2.69 -2.56 -2.50 -2.41 -2.31 -2.22 -2.06 -1.91 -1.78 -1.69 -1.59 -1.56 -1.56 -1.59 -1.69 -1.81 -1.97 -2.19 -2.44 -2.69 -3.00 -3.31 -3.62 -3.94 -4.19 -4.31 -4.28 -4.19 -4.00 -3.75 -3.44 -3.09 -2.72 -2.31 -1.88 -1.41 -0.91 -0.44 -0.09 0.00 0.12 0.34 0.50 0.66 0.75 0.78 0.69 0.59 0.66 1.00 1.44 1.88 2.31 2.78 3.25 3.66 4.00 4.22 4.31 4.28 4.22 4.12 4.03 3.91 3.75 3.50 3.12 2.69 2.16 1.59 1.16 0.91 0.84
-2.06 -2.25 -2.38 -2.50 -2.66 -2.78 -2.88 -2.91 -2.78 -2.69 -2.59 -2.50 -2.38 -2.22 -2.06 -1.91 -1.78 -1.69 -1.66 -1.62 -1.66 -1.72 -1.84 -2.00 -2.19 -2.41 -2.66 -2.94 -3.25 -3.56 -3.91 -4.19 -4.31 -4.25 -4.09 -3.84 -3.56 -3.25 -2.88 -2.47 -2.06 -1.59 -1.12 -0.62 -0.16 0.19 0.28 0.34 0.47 0.66 0.81 0.94 0.84 0.66 0.59 0.84 1.34 1.88 2.34 2.78 3.25 3.69 4.00 4.22 4.34 4.34 4.31 4.28 4.25 4.19 4.09 3.91 3.59 3.22 2.75 2.16 1.59 1.12 0.97 0.88
-2.03 -2.25 -2.44 -2.56 -2.75 -2.91 -3.03 -3.09 -3.00 -2.91 -2.81 -2.69 -2.59 -2.41 -2.22 -2.06 -1.91 -1.81 -1.75 -1.72 -1.72 -1.78 -1.88 -2.00 -2.19 -2.38 -2.62 -2.91 -3.19 -3.50 -3.81 -4.12 -4.28 -4.16 -3.94 -3.69 -3.38 -3.03 -2.66 -2.25 -1.81 -1.34 -0.88 -0.38 0.06 0.44 0.56 0.62 0.66 0.81 0.97 1.06 0.88 0.69 0.72 1.22 1.81 2.38 2.81 3.28 3.69 4.06 4.25 4.28 4.25 4.28 4.28 4.31 4.34 4.34 4.25 4.03 3.69 3.28 2.78 2.09 1.50 1.09 1.00 0.94
