everonasctiles/Tile45,16.asc
ncols 128
nrows 128
xllcorner 0
yllcorner 0
cellsize 2.0
NODATA_value  -9999
[rows 87 to 115 of 128, columns 0 to 66 of 128]
-126.03 -126.50 -126.97 -127.28 -127.47 -127.50 -127.34 -127.00 -127.00 -127.31 -127.75 -128.31 -128.84 -129.38 -129.88 -130.28 -130.62 -130.88 -131.03 -131.12 -131.12 -131.09 -131.03 -131.09 -131.44 -131.72 -131.91 -131.81 -131.84 -132.47 -133.56 -134.81 -136.00 -136.75 -137.31 -137.69 -137.94 -138.16 -138.22 -138.09 -137.84 -137.75 -137.91 -138.00 -137.94 -137.75 -137.53 -137.41 -137.53 -137.75 -137.97 -138.16 -138.34 -138.56 -138.78 -139.12 -139.50 -139.88 -140.16 -140.34 -140.41 -140.44 -140.38 -140.09 -139.81 -140.06 -140.81
-126.41 -126.88 -127.38 -127.81 -128.09 -128.22 -128.16 -127.91 -127.75 -127.88 -128.31 -128.88 -129.41 -129.81 -130.22 -130.56 -130.91 -131.16 -131.34 -131.47 -131.53 -131.59 -131.66 -131.75 -132.03 -132.28 -132.50 -132.62 -132.53 -132.94 -133.94 -135.19 -136.41 -137.19 -137.75 -138.22 -138.53 -138.78 -138.88 -138.81 -138.56 -138.47 -138.62 -138.66 -138.53 -138.34 -138.09 -137.94 -138.06 -138.25 -138.47 -138.66 -138.81 -139.00 -139.19 -139.47 -139.81 -140.16 -140.47 -140.69 -140.81 -140.88 -140.88 -140.75 -140.44 -140.47 -141.00
-126.72 -127.19 -127.72 -128.25 -128.66 -128.84 -128.91 -128.81 -128.56 -128.53 -128.78 -129.34 -129.91 -130.28 -130.62 -130.97 -131.25 -131.47 -131.62 -131.78 -131.91 -132.06 -132.22 -132.38 -132.62 -132.88 -133.12 -133.31 -133.31 -133.38 -134.16 -135.34 -136.66 -137.53 -138.16 -138.72 -139.09 -139.38 -139.53 -139.47 -139.25 -139.19 -139.28 -139.28 -139.12 -138.91 -138.62 -138.47 -138.59 -138.78 -138.94 -139.12 -139.28 -139.41 -139.59 -139.81 -140.12 -140.44 -140.75 -141.00 -141.19 -141.25 -141.31 -141.31 -141.22 -141.12 -141.44
-127.09 -127.41 -127.97 -128.59 -129.12 -129.47 -129.62 -129.59 -129.47 -129.25 -129.25 -129.66 -130.28 -130.69 -131.09 -131.41 -131.69 -131.84 -131.91 -132.03 -132.25 -132.47 -132.72 -132.97 -133.22 -133.47 -133.75 -133.97 -134.09 -134.00 -134.41 -135.44 -136.69 -137.78 -138.50 -139.12 -139.62 -139.94 -140.12 -140.09 -139.88 -139.84 -139.91 -139.91 -139.72 -139.44 -139.16 -138.97 -139.09 -139.25 -139.44 -139.59 -139.72 -139.81 -139.97 -140.16 -140.44 -140.72 -141.03 -141.28 -141.50 -141.62 -141.72 -141.81 -141.84 -141.88 -142.06
-127.62 -127.69 -128.16 -128.88 -129.56 -130.03 -130.28 -130.34 -130.25 -130.12 -129.88 -129.94 -130.59 -131.09 -131.56 -131.94 -132.19 -132.31 -132.31 -132.31 -132.50 -132.81 -133.12 -133.47 -133.78 -134.06 -134.38 -134.62 -134.81 -134.81 -134.84 -135.56 -136.69 -137.94 -138.78 -139.47 -140.06 -140.47 -140.69 -140.69 -140.50 -140.47 -140.53 -140.47 -140.22 -139.94 -139.59 -139.47 -139.59 -139.75 -139.91 -140.03 -140.16 -140.22 -140.28 -140.47 -140.69 -140.97 -141.25 -141.53 -141.78 -141.97 -142.12 -142.22 -142.34 -142.47 -142.69
-128.25 -128.31 -128.31 -129.09 -129.91 -130.53 -130.91 -131.00 -130.97 -130.88 -130.66 -130.31 -130.69 -131.44 -132.00 -132.47 -132.75 -132.91 -132.91 -132.84 -132.84 -133.12 -133.47 -133.88 -134.28 -134.66 -135.00 -135.28 -135.50 -135.59 -135.47 -135.81 -136.78 -137.97 -139.03 -139.78 -140.41 -140.91 -141.19 -141.25 -141.09 -141.06 -141.12 -141.00 -140.72 -140.38 -140.06 -140.00 -140.12 -140.25 -140.38 -140.47 -140.56 -140.56 -140.59 -140.69 -140.91 -141.19 -141.47 -141.75 -142.03 -142.25 -142.44 -142.59 -142.75 -142.91 -143.09
-128.94 -129.06 -128.84 -129.22 -130.22 -131.00 -131.50 -131.66 -131.66 -131.59 -131.38 -130.88 -130.88 -131.66 -132.38 -132.94 -133.34 -133.56 -133.62 -133.59 -133.53 -133.53 -133.78 -134.19 -134.66 -135.09 -135.53 -135.91 -136.16 -136.31 -136.28 -136.25 -136.88 -137.97 -139.16 -140.00 -140.69 -141.25 -141.66 -141.75 -141.69 -141.66 -141.66 -141.50 -141.19 -140.78 -140.50 -140.53 -140.62 -140.72 -140.81 -140.91 -140.94 -140.94 -140.88 -140.88 -141.03 -141.31 -141.59 -141.91 -142.19 -142.47 -142.72 -142.91 -143.09 -143.25 -143.44
-129.66 -129.88 -129.78 -129.66 -130.41 -131.44 -132.06 -132.31 -132.34 -132.28 -132.06 -131.53 -131.28 -131.81 -132.72 -133.38 -133.91 -134.25 -134.41 -134.44 -134.44 -134.31 -134.25 -134.50 -134.94 -135.44 -135.94 -136.41 -136.78 -137.03 -137.09 -136.97 -137.16 -137.97 -139.06 -140.12 -140.91 -141.50 -142.00 -142.19 -142.19 -142.19 -142.12 -141.94 -141.59 -141.22 -141.03 -141.12 -141.16 -141.22 -141.25 -141.31 -141.31 -141.25 -141.16 -141.03 -141.06 -141.34 -141.66 -141.97 -142.28 -142.59 -142.91 -143.16 -143.38 -143.56 -143.72
-130.34 -130.69 -130.75 -130.44 -130.78 -131.84 -132.62 -132.97 -133.03 -132.94 -132.69 -132.16 -131.88 -132.22 -132.97 -133.78 -134.38 -134.84 -135.12 -135.31 -135.34 -135.28 -135.12 -135.12 -135.28 -135.62 -136.19 -136.75 -137.28 -137.66 -137.88 -137.88 -137.84 -138.25 -139.09 -140.12 -141.06 -141.75 -142.25 -142.56 -142.66 -142.66 -142.56 -142.34 -142.03 -141.69 -141.56 -141.66 -141.69 -141.69 -141.72 -141.72 -141.66 -141.56 -141.41 -141.19 -141.03 -141.31 -141.66 -142.00 -142.34 -142.69 -143.00 -143.28 -143.56 -143.78 -143.97
-131.00 -131.44 -131.69 -131.56 -131.56 -132.28 -133.25 -133.62 -133.72 -133.59 -133.31 -132.78 -132.56 -132.81 -133.38 -134.16 -134.81 -135.34 -135.78 -136.03 -136.22 -136.25 -136.16 -136.12 -136.03 -135.84 -136.19 -136.91 -137.59 -138.16 -138.50 -138.72 -138.81 -138.97 -139.53 -140.41 -141.34 -142.00 -142.50 -142.84 -143.03 -143.06 -142.97 -142.75 -142.47 -142.16 -142.09 -142.16 -142.16 -142.16 -142.12 -142.09 -142.00 -141.81 -141.62 -141.38 -141.16 -141.38 -141.72 -142.06 -142.41 -142.72 -143.09 -143.41 -143.69 -143.97 -144.19
-131.62 -132.12 -132.50 -132.69 -132.62 -133.06 -133.94 -134.31 -134.41 -134.25 -133.97 -133.44 -133.31 -133.56 -133.94 -134.47 -135.16 -135.75 -136.28 -136.72 -136.97 -137.09 -137.12 -137.09 -137.00 -136.56 -136.19 -136.75 -137.72 -138.47 -139.00 -139.34 -139.62 -139.91 -140.34 -141.00 -141.72 -142.28 -142.75 -143.12 -143.34 -143.41 -143.34 -143.16 -142.88 -142.62 -142.59 -142.62 -142.62 -142.59 -142.53 -142.44 -142.28 -142.09 -141.84 -141.59 -141.38 -141.62 -142.00 -142.28 -142.56 -142.88 -143.19 -143.53 -143.84 -144.12 -144.38
-132.25 -132.78 -133.25 -133.59 -133.78 -134.06 -134.66 -135.00 -135.09 -134.94 -134.59 -134.09 -134.03 -134.34 -134.66 -134.94 -135.47 -136.06 -136.69 -137.25 -137.66 -137.88 -137.97 -138.00 -137.91 -137.44 -136.69 -136.69 -137.56 -138.66 -139.38 -139.84 -140.19 -140.59 -141.09 -141.62 -142.16 -142.59 -143.03 -143.38 -143.62 -143.72 -143.66 -143.50 -143.25 -143.06 -143.00 -143.03 -143.03 -143.00 -142.88 -142.75 -142.53 -142.31 -142.09 -141.81 -141.69 -141.97 -142.31 -142.56 -142.81 -143.09 -143.38 -143.69 -144.00 -144.28 -144.53
-132.78 -133.34 -133.91 -134.34 -134.72 -135.00 -135.41 -135.72 -135.78 -135.66 -135.28 -134.75 -134.69 -135.06 -135.41 -135.59 -135.81 -136.31 -137.00 -137.66 -138.19 -138.56 -138.72 -138.78 -138.72 -138.28 -137.38 -137.06 -137.66 -138.75 -139.72 -140.25 -140.62 -141.00 -141.47 -141.97 -142.44 -142.88 -143.25 -143.59 -143.84 -143.97 -143.94 -143.81 -143.59 -143.44 -143.41 -143.41 -143.41 -143.31 -143.19 -142.97 -142.75 -142.53 -142.34 -142.12 -141.97 -142.22 -142.56 -142.78 -143.03 -143.31 -143.59 -143.88 -144.16 -144.44 -144.72
-133.22 -133.84 -134.47 -135.00 -135.44 -135.81 -136.12 -136.41 -136.50 -136.38 -136.00 -135.47 -135.31 -135.69 -136.09 -136.28 -136.38 -136.59 -137.25 -138.00 -138.66 -139.12 -139.41 -139.53 -139.47 -139.09 -138.19 -137.69 -138.06 -139.03 -140.12 -140.72 -141.03 -141.31 -141.75 -142.22 -142.69 -143.09 -143.47 -143.81 -144.06 -144.22 -144.19 -144.09 -143.94 -143.81 -143.75 -143.75 -143.69 -143.59 -143.41 -143.19 -142.97 -142.78 -142.62 -142.47 -142.31 -142.47 -142.78 -143.00 -143.28 -143.53 -143.81 -144.06 -144.34 -144.62 -144.88
-133.53 -134.22 -134.91 -135.53 -136.09 -136.50 -136.84 -137.09 -137.19 -137.09 -136.78 -136.22 -135.97 -136.25 -136.56 -136.75 -136.94 -137.03 -137.50 -138.28 -139.03 -139.62 -140.03 -140.22 -140.22 -139.94 -139.12 -138.56 -138.75 -139.53 -140.59 -141.25 -141.53 -141.72 -141.97 -142.44 -142.88 -143.31 -143.69 -144.00 -144.25 -144.41 -144.41 -144.34 -144.22 -144.12 -144.06 -144.03 -143.94 -143.78 -143.59 -143.38 -143.19 -143.03 -142.91 -142.81 -142.72 -142.78 -142.97 -143.22 -143.47 -143.75 -144.00 -144.28 -144.53 -144.78 -145.03
-133.69 -134.47 -135.19 -135.91 -136.56 -137.09 -137.50 -137.78 -137.88 -137.81 -137.56 -137.03 -136.69 -136.81 -137.09 -137.25 -137.47 -137.62 -137.84 -138.56 -139.34 -140.03 -140.53 -140.84 -140.94 -140.78 -140.16 -139.59 -139.66 -140.25 -141.19 -141.81 -142.03 -142.19 -142.31 -142.66 -143.09 -143.50 -143.84 -144.16 -144.41 -144.56 -144.62 -144.56 -144.47 -144.41 -144.31 -144.25 -144.12 -143.97 -143.75 -143.59 -143.44 -143.28 -143.19 -143.09 -143.03 -143.06 -143.22 -143.41 -143.66 -143.94 -144.19 -144.44 -144.69 -144.94 -145.19
-133.72 -134.59 -135.41 -136.12 -136.88 -137.53 -138.09 -138.44 -138.56 -138.50 -138.28 -137.91 -137.53 -137.44 -137.62 -137.78 -138.00 -138.19 -138.31 -138.81 -139.62 -140.34 -140.97 -141.41 -141.59 -141.56 -141.25 -140.72 -140.72 -141.19 -141.94 -142.38 -142.56 -142.69 -142.78 -143.00 -143.38 -143.72 -144.03 -144.31 -144.53 -144.69 -144.78 -144.75 -144.69 -144.62 -144.53 -144.44 -144.28 -144.12 -143.94 -143.78 -143.66 -143.53 -143.44 -143.34 -143.31 -143.34 -143.44 -143.62 -143.84 -144.06 -144.34 -144.59 -144.84 -145.09 -145.31
-133.94 -134.84 -135.75 -136.47 -137.12 -137.88 -138.56 -139.06 -139.25 -139.22 -139.00 -138.72 -138.47 -138.22 -138.06 -138.25 -138.53 -138.75 -138.91 -139.09 -139.81 -140.59 -141.28 -141.81 -142.16 -142.28 -142.16 -141.88 -141.81 -142.19 -142.69 -142.94 -143.06 -143.16 -143.22 -143.38 -143.66 -143.94 -144.19 -144.44 -144.66 -144.81 -144.91 -144.91 -144.88 -144.81 -144.72 -144.59 -144.44 -144.28 -144.12 -144.00 -143.88 -143.75 -143.66 -143.59 -143.56 -143.59 -143.66 -143.81 -144.00 -144.22 -144.44 -144.69 -144.94 -145.19 -145.44
-134.53 -135.38 -136.50 -137.28 -137.78 -138.31 -139.06 -139.62 -139.88 -139.88 -139.69 -139.47 -139.28 -138.94 -138.50 -138.69 -139.03 -139.34 -139.50 -139.56 -139.91 -140.72 -141.47 -142.12 -142.59 -142.84 -142.91 -142.84 -142.88 -143.09 -143.31 -143.44 -143.56 -143.59 -143.66 -143.75 -143.94 -144.19 -144.41 -144.59 -144.78 -144.91 -145.00 -145.03 -145.00 -144.97 -144.88 -144.75 -144.59 -144.44 -144.31 -144.16 -144.03 -143.94 -143.84 -143.78 -143.78 -143.78 -143.88 -143.97 -144.12 -144.31 -144.53 -144.75 -145.00 -145.25 -145.47
-135.31 -135.91 -137.16 -138.16 -138.72 -139.19 -139.66 -140.19 -140.47 -140.50 -140.34 -140.19 -139.97 -139.62 -139.00 -138.97 -139.53 -139.94 -140.16 -140.25 -140.22 -140.69 -141.50 -142.28 -142.88 -143.28 -143.44 -143.53 -143.59 -143.69 -143.84 -143.94 -144.00 -144.03 -144.03 -144.09 -144.25 -144.41 -144.59 -144.75 -144.88 -144.97 -145.06 -145.09 -145.09 -145.06 -144.97 -144.84 -144.72 -144.56 -144.44 -144.31 -144.19 -144.09 -144.00 -143.97 -143.94 -143.97 -144.03 -144.12 -144.25 -144.41 -144.59 -144.78 -145.00 -145.22 -145.47
-136.28 -136.38 -137.44 -138.75 -139.44 -139.97 -140.41 -140.78 -141.03 -141.06 -140.97 -140.84 -140.66 -140.31 -139.56 -139.38 -140.06 -140.50 -140.81 -141.00 -140.97 -141.00 -141.50 -142.31 -143.03 -143.56 -143.88 -144.00 -144.09 -144.19 -144.28 -144.38 -144.41 -144.41 -144.41 -144.44 -144.53 -144.66 -144.78 -144.91 -145.00 -145.06 -145.09 -145.12 -145.12 -145.12 -145.03 -144.94 -144.81 -144.66 -144.53 -144.41 -144.31 -144.19 -144.12 -144.09 -144.09 -144.12 -144.16 -144.22 -144.31 -144.44 -144.59 -144.78 -144.97 -145.19 -145.44
-137.28 -137.12 -137.56 -138.97 -139.97 -140.62 -141.09 -141.41 -141.59 -141.66 -141.59 -141.50 -141.31 -140.97 -140.22 -140.00 -140.59 -141.12 -141.47 -141.69 -141.81 -141.78 -141.94 -142.44 -143.12 -143.75 -144.16 -144.41 -144.53 -144.62 -144.72 -144.78 -144.78 -144.75 -144.75 -144.75 -144.81 -144.91 -145.00 -145.06 -145.12 -145.16 -145.16 -145.16 -145.16 -145.12 -145.06 -144.97 -144.84 -144.75 -144.62 -144.50 -144.41 -144.28 -144.22 -144.19 -144.19 -144.22 -144.25 -144.31 -144.38 -144.47 -144.59 -144.78 -144.97 -145.19 -145.44
-138.22 -138.19 -138.06 -138.97 -140.28 -141.12 -141.72 -142.03 -142.19 -142.22 -142.19 -142.12 -141.94 -141.59 -140.94 -140.72 -141.22 -141.75 -142.06 -142.31 -142.53 -142.69 -142.81 -142.94 -143.31 -143.88 -144.34 -144.66 -144.88 -144.97 -145.06 -145.12 -145.12 -145.06 -145.06 -145.06 -145.09 -145.12 -145.19 -145.22 -145.25 -145.25 -145.22 -145.16 -145.12 -145.09 -145.03 -144.97 -144.88 -144.78 -144.69 -144.56 -144.47 -144.38 -144.28 -144.25 -144.25 -144.28 -144.28 -144.31 -144.38 -144.47 -144.62 -144.81 -145.03 -145.25 -145.50
-139.09 -139.22 -139.00 -139.34 -140.47 -141.53 -142.19 -142.59 -142.75 -142.78 -142.75 -142.69 -142.53 -142.22 -141.66 -141.50 -141.88 -142.34 -142.62 -142.91 -143.12 -143.31 -143.53 -143.69 -143.81 -144.09 -144.53 -144.88 -145.12 -145.28 -145.38 -145.41 -145.41 -145.34 -145.31 -145.31 -145.34 -145.34 -145.38 -145.38 -145.38 -145.31 -145.25 -145.19 -145.12 -145.06 -145.00 -144.97 -144.91 -144.81 -144.72 -144.62 -144.53 -144.44 -144.38 -144.31 -144.31 -144.31 -144.31 -144.31 -144.38 -144.50 -144.66 -144.88 -145.12 -145.38 -145.62
-139.84 -140.16 -140.16 -140.19 -140.88 -141.91 -142.59 -143.03 -143.25 -143.31 -143.28 -143.22 -143.06 -142.78 -142.41 -142.31 -142.59 -142.91 -143.16 -143.41 -143.66 -143.84 -144.06 -144.25 -144.34 -144.47 -144.75 -145.06 -145.31 -145.50 -145.62 -145.66 -145.62 -145.59 -145.56 -145.56 -145.56 -145.53 -145.53 -145.50 -145.44 -145.38 -145.28 -145.19 -145.09 -145.00 -144.97 -144.91 -144.88 -144.81 -144.75 -144.69 -144.59 -144.50 -144.44 -144.38 -144.34 -144.31 -144.31 -144.31 -144.38 -144.53 -144.72 -144.97 -145.25 -145.50 -145.78
-140.50 -140.91 -141.09 -141.22 -141.56 -142.34 -142.97 -143.41 -143.69 -143.78 -143.78 -143.69 -143.53 -143.34 -143.12 -143.09 -143.22 -143.41 -143.62 -143.88 -144.12 -144.31 -144.50 -144.66 -144.78 -144.88 -145.03 -145.28 -145.50 -145.69 -145.81 -145.84 -145.84 -145.81 -145.78 -145.75 -145.72 -145.72 -145.66 -145.59 -145.47 -145.38 -145.25 -145.12 -145.03 -144.94 -144.91 -144.84 -144.81 -144.78 -144.75 -144.69 -144.62 -144.56 -144.47 -144.44 -144.38 -144.34 -144.31 -144.31 -144.41 -144.56 -144.78 -145.06 -145.34 -145.66 -145.94
-141.06 -141.53 -141.84 -142.03 -142.31 -142.78 -143.34 -143.75 -144.00 -144.16 -144.19 -144.09 -143.97 -143.81 -143.69 -143.69 -143.78 -143.88 -144.06 -144.25 -144.50 -144.72 -144.91 -145.03 -145.12 -145.22 -145.34 -145.50 -145.69 -145.81 -145.94 -146.00 -146.00 -145.97 -145.94 -145.91 -145.88 -145.81 -145.72 -145.59 -145.47 -145.31 -145.19 -145.06 -144.97 -144.88 -144.81 -144.78 -144.75 -144.75 -144.72 -144.69 -144.66 -144.59 -144.53 -144.47 -144.41 -144.38 -144.31 -144.34 -144.41 -144.59 -144.84 -145.16 -145.47 -145.75 -146.06
-141.59 -142.06 -142.41 -142.69 -142.94 -143.25 -143.69 -144.03 -144.31 -144.47 -144.50 -144.44 -144.34 -144.22 -144.16 -144.16 -144.22 -144.31 -144.44 -144.59 -144.81 -145.03 -145.22 -145.38 -145.44 -145.50 -145.59 -145.72 -145.84 -145.94 -146.03 -146.09 -146.12 -146.12 -146.09 -146.03 -145.97 -145.84 -145.72 -145.56 -145.41 -145.25 -145.09 -144.97 -144.88 -144.78 -144.72 -144.69 -144.69 -144.69 -144.69 -144.66 -144.66 -144.59 -144.56 -144.50 -144.44 -144.38 -144.34 -144.34 -144.44 -144.62 -144.91 -145.19 -145.53 -145.84 -146.16
-141.97 -142.47 -142.88 -143.16 -143.44 -143.69 -144.00 -144.31 -144.53 -144.72 -144.78 -144.75 -144.66 -144.59 -144.53 -144.53 -144.59 -144.66 -144.78 -144.94 -145.12 -145.31 -145.50 -145.62 -145.72 -145.75 -145.81 -145.91 -145.97 -146.06 -146.12 -146.19 -146.22 -146.19 -146.16 -146.09 -145.97 -145.84 -145.69 -145.50 -145.31 -145.16 -145.00 -144.88 -144.75 -144.69 -144.62 -144.59 -144.59 -144.59 -144.59 -144.59 -144.59 -144.56 -144.56 -144.50 -144.47 -144.41 -144.38 -144.38 -144.47 -144.69 -144.94 -145.25 -145.56 -145.91 -146.22
