everonasctiles/Tile21,31.asc
ncols 128
nrows 128
xllcorner 0
yllcorner 0
cellsize 2.0
NODATA_value  -9999
[rows 68 to 101 of 128, columns 0 to 76 of 128]
62.38 62.06 61.78 61.50 61.22 60.94 60.69 60.41 60.09 59.81 59.47 59.16 58.75 58.31 57.78 57.22 56.50 55.69 54.81 54.12 53.62 53.25 52.84 52.56 52.75 53.28 53.81 54.41 54.97 55.53 56.00 56.38 56.66 56.94 57.22 57.50 57.75 58.00 58.25 58.47 58.69 58.94 59.12 59.34 59.47 59.59 59.75 59.97 59.72 59.78 60.03 60.34 60.53 60.72 60.69 61.19 61.81 62.16 62.53 62.94 63.34 63.91 64.22 64.41 64.62 64.94 65.31 65.66 65.94 66.22 66.50 66.81 67.09 67.44 67.78 68.09 68.41
62.66 62.38 62.06 61.81 61.53 61.28 61.00 60.75 60.44 60.16 59.81 59.47 59.03 58.59 58.06 57.50 56.78 55.94 55.09 54.38 53.88 53.66 53.28 52.88 53.00 53.53 54.03 54.59 55.16 55.72 56.22 56.69 57.00 57.31 57.62 57.91 58.16 58.41 58.62 58.84 59.06 59.28 59.50 59.69 59.84 60.03 60.22 60.38 60.53 60.69 60.50 60.50 60.47 60.91 61.16 61.66 62.06 62.50 62.88 63.28 63.56 63.84 64.38 64.78 65.03 65.22 65.53 65.94 66.28 66.56 66.84 67.16 67.41 67.69 67.97 68.28 68.56
62.97 62.69 62.41 62.12 61.88 61.59 61.34 61.06 60.78 60.47 60.16 59.81 59.38 58.91 58.38 57.81 57.16 56.31 55.44 54.75 54.25 54.06 53.81 53.34 53.28 53.78 54.28 54.84 55.38 55.94 56.47 56.94 57.31 57.66 58.00 58.31 58.56 58.81 59.00 59.22 59.44 59.62 59.81 60.03 60.22 60.41 60.59 60.78 60.94 61.03 61.09 61.06 61.06 61.47 61.78 62.09 62.47 62.81 63.19 63.53 63.72 64.06 64.38 64.91 65.38 65.56 65.78 66.16 66.53 66.84 67.12 67.44 67.72 67.97 68.19 68.47 68.75
63.31 63.03 62.75 62.47 62.22 61.94 61.69 61.41 61.12 60.81 60.50 60.12 59.72 59.25 58.75 58.19 57.59 56.78 56.03 55.41 54.88 54.56 54.34 53.81 53.53 54.06 54.56 55.09 55.62 56.19 56.69 57.12 57.56 57.94 58.31 58.62 58.91 59.09 59.31 59.53 59.75 59.94 60.12 60.34 60.53 60.72 60.91 61.09 61.28 61.44 61.56 61.69 61.81 62.03 62.28 62.56 62.91 63.19 63.44 63.66 63.94 64.31 64.59 64.78 65.56 66.03 66.25 66.47 66.75 67.06 67.38 67.69 68.00 68.25 68.47 68.69 68.94
63.69 63.38 63.09 62.84 62.56 62.28 62.03 61.75 61.44 61.16 60.81 60.44 60.06 59.62 59.12 58.59 57.97 57.19 56.53 55.97 55.50 55.12 54.84 54.28 53.78 54.34 54.81 55.34 55.88 56.41 56.88 57.34 57.78 58.16 58.53 58.84 59.12 59.38 59.59 59.81 60.03 60.22 60.41 60.62 60.81 61.03 61.22 61.41 61.59 61.78 61.97 62.12 62.31 62.50 62.78 63.06 63.38 63.56 63.81 64.03 64.22 64.59 64.81 65.00 65.28 66.19 66.66 66.88 67.12 67.47 67.78 68.09 68.34 68.59 68.78 69.00 69.22
64.06 63.78 63.47 63.19 62.94 62.66 62.38 62.09 61.78 61.47 61.16 60.78 60.41 59.97 59.50 58.97 58.34 57.56 57.00 56.47 56.03 55.66 55.41 54.81 54.19 54.56 55.06 55.56 56.09 56.59 57.09 57.56 58.00 58.38 58.75 59.03 59.31 59.59 59.84 60.06 60.28 60.50 60.69 60.91 61.12 61.31 61.53 61.75 61.97 62.16 62.34 62.53 62.75 62.97 63.22 63.53 63.78 64.00 64.16 64.38 64.56 64.78 65.06 65.25 65.47 65.94 66.59 66.84 67.19 67.47 67.94 68.47 68.81 69.06 69.22 69.41 69.59
64.47 64.16 63.88 63.59 63.31 63.03 62.75 62.44 62.16 61.81 61.50 61.12 60.75 60.31 59.84 59.31 58.69 58.03 57.44 56.91 56.47 56.16 55.94 55.25 54.53 54.72 55.22 55.75 56.28 56.81 57.34 57.81 58.25 58.59 58.94 59.25 59.53 59.81 60.06 60.28 60.53 60.75 60.97 61.19 61.41 61.62 61.81 62.03 62.25 62.47 62.72 62.94 63.16 63.38 63.62 63.84 64.09 64.34 64.56 64.75 64.94 65.16 65.38 65.53 65.81 66.25 66.59 66.88 67.31 67.62 68.00 68.62 69.28 69.44 69.59 69.78 69.97
64.88 64.56 64.28 63.97 63.69 63.41 63.09 62.81 62.50 62.19 61.84 61.47 61.09 60.66 60.19 59.66 59.09 58.47 57.88 57.34 56.88 56.59 56.38 55.66 54.88 54.75 55.34 55.94 56.53 57.09 57.59 58.06 58.50 58.84 59.19 59.47 59.75 60.03 60.28 60.53 60.78 61.00 61.22 61.44 61.69 61.91 62.12 62.34 62.56 62.78 63.03 63.25 63.47 63.72 63.94 64.19 64.44 64.66 64.91 65.16 65.41 65.66 65.91 65.81 66.03 66.31 66.59 67.00 67.44 67.91 68.28 68.59 69.34 69.78 69.91 70.06 70.31
65.28 64.97 64.69 64.38 64.09 63.78 63.47 63.16 62.84 62.53 62.19 61.81 61.44 61.00 60.53 60.03 59.50 58.91 58.38 57.88 57.44 57.03 56.75 56.06 55.25 54.97 55.38 56.12 56.78 57.38 57.88 58.34 58.75 59.09 59.41 59.69 60.00 60.25 60.53 60.78 61.03 61.25 61.50 61.72 61.97 62.19 62.41 62.66 62.88 63.09 63.34 63.56 63.81 64.03 64.28 64.53 64.75 65.00 65.25 65.50 65.75 66.00 66.28 66.44 66.34 66.47 66.75 67.16 67.59 68.03 68.44 68.66 68.88 70.03 70.25 70.38 70.62
65.69 65.38 65.06 64.78 64.47 64.16 63.84 63.53 63.22 62.88 62.53 62.16 61.78 61.34 60.91 60.41 59.88 59.31 58.81 58.34 57.91 57.50 57.16 56.53 55.75 55.38 55.56 56.28 57.06 57.69 58.19 58.59 58.97 59.31 59.62 59.94 60.22 60.50 60.78 61.03 61.28 61.53 61.78 62.00 62.25 62.47 62.72 62.94 63.19 63.41 63.66 63.91 64.12 64.38 64.62 64.84 65.09 65.34 65.59 65.84 66.09 66.38 66.62 66.88 67.06 67.28 67.50 67.78 68.00 68.22 68.69 68.81 68.91 70.00 70.62 70.72 70.91
66.12 65.81 65.47 65.19 64.84 64.53 64.22 63.91 63.56 63.22 62.88 62.50 62.09 61.69 61.25 60.75 60.22 59.69 59.16 58.69 58.28 57.91 57.59 57.06 56.22 55.78 55.88 56.44 57.25 57.97 58.44 58.84 59.19 59.53 59.84 60.16 60.47 60.75 61.00 61.28 61.53 61.78 62.03 62.28 62.53 62.78 63.03 63.25 63.50 63.75 63.97 64.22 64.47 64.72 64.97 65.22 65.44 65.69 65.94 66.19 66.47 66.72 66.97 67.25 67.53 67.78 68.06 68.28 68.50 68.72 68.88 69.06 69.16 69.69 70.81 71.00 71.12
66.53 66.22 65.88 65.56 65.25 64.94 64.59 64.28 63.94 63.59 63.22 62.84 62.44 62.03 61.56 61.09 60.59 60.06 59.53 59.03 58.62 58.25 57.94 57.44 56.56 56.16 56.19 56.69 57.41 58.12 58.62 59.00 59.34 59.69 60.03 60.38 60.69 61.00 61.28 61.53 61.81 62.06 62.31 62.56 62.81 63.06 63.31 63.56 63.81 64.06 64.31 64.56 64.81 65.06 65.31 65.56 65.81 66.06 66.31 66.56 66.81 67.06 67.34 67.59 67.88 68.16 68.44 68.69 68.97 69.19 69.25 69.34 69.41 69.59 71.00 71.25 71.31
66.94 66.62 66.28 65.97 65.62 65.31 64.97 64.62 64.28 63.94 63.56 63.19 62.78 62.34 61.91 61.44 60.91 60.38 59.84 59.34 58.91 58.53 58.25 57.62 56.78 56.50 56.56 56.97 57.66 58.31 58.75 59.12 59.50 59.84 60.19 60.53 60.94 61.25 61.53 61.81 62.06 62.34 62.59 62.88 63.12 63.38 63.62 63.88 64.16 64.41 64.66 64.91 65.16 65.41 65.66 65.91 66.16 66.41 66.66 66.91 67.19 67.44 67.72 67.97 68.25 68.50 68.78 69.06 69.31 69.56 69.75 69.66 69.72 69.81 71.16 71.47 71.53
67.34 67.00 66.69 66.34 66.00 65.69 65.34 65.00 64.66 64.28 63.91 63.53 63.12 62.69 62.22 61.75 61.25 60.69 60.12 59.62 59.16 58.75 58.34 57.91 57.19 56.91 56.94 57.34 58.03 58.50 58.94 59.31 59.66 60.00 60.34 60.69 61.09 61.50 61.78 62.06 62.34 62.62 62.88 63.16 63.44 63.69 63.94 64.22 64.47 64.72 65.00 65.25 65.50 65.75 66.00 66.28 66.53 66.78 67.03 67.28 67.53 67.81 68.06 68.34 68.59 68.88 69.16 69.41 69.62 69.88 70.09 69.94 70.03 70.12 71.00 71.72 71.78
67.75 67.41 67.06 66.72 66.41 66.06 65.72 65.34 65.00 64.62 64.25 63.84 63.44 63.00 62.56 62.06 61.56 61.00 60.44 59.88 59.38 58.91 58.66 58.25 57.72 57.22 57.19 57.66 58.38 58.81 59.16 59.50 59.84 60.19 60.50 60.88 61.25 61.72 62.06 62.34 62.62 62.91 63.19 63.44 63.72 64.00 64.28 64.53 64.81 65.06 65.34 65.59 65.84 66.12 66.38 66.62 66.88 67.16 67.41 67.66 67.91 68.19 68.44 68.69 68.97 69.25 69.50 69.72 69.94 70.19 70.41 70.28 70.41 70.59 70.94 71.84 72.16
68.16 67.78 67.44 67.09 66.75 66.41 66.06 65.69 65.34 64.97 64.59 64.19 63.78 63.34 62.88 62.38 61.84 61.31 60.72 60.12 59.59 59.12 59.00 58.59 57.84 57.62 57.72 58.12 58.56 59.12 59.44 59.72 60.03 60.34 60.69 61.03 61.41 61.91 62.31 62.59 62.91 63.19 63.47 63.75 64.03 64.31 64.59 64.88 65.12 65.41 65.69 65.94 66.22 66.47 66.75 67.00 67.25 67.53 67.78 68.03 68.28 68.56 68.81 69.06 69.34 69.59 69.81 70.03 70.25 70.47 70.72 70.75 70.81 71.06 71.38 71.84 72.50
68.53 68.19 67.84 67.47 67.12 66.78 66.41 66.06 65.69 65.31 64.91 64.50 64.09 63.66 63.19 62.69 62.16 61.59 61.00 60.38 59.84 59.38 59.25 58.75 57.88 57.78 57.94 58.41 58.81 59.44 59.69 59.97 60.25 60.53 60.84 61.19 61.59 62.12 62.59 62.88 63.19 63.47 63.78 64.06 64.34 64.62 64.91 65.19 65.47 65.75 66.03 66.31 66.56 66.84 67.09 67.38 67.62 67.88 68.16 68.41 68.66 68.94 69.19 69.44 69.72 69.94 70.12 70.34 70.56 70.78 71.03 71.16 71.19 71.50 71.91 72.41 72.81
68.91 68.56 68.19 67.84 67.50 67.12 66.75 66.41 66.03 65.62 65.25 64.84 64.41 63.97 63.50 63.00 62.47 61.88 61.25 60.62 60.03 59.66 59.50 58.81 58.09 57.97 58.16 58.59 59.19 59.72 59.94 60.19 60.47 60.72 61.00 61.34 61.75 62.34 62.84 63.16 63.47 63.75 64.06 64.34 64.66 64.94 65.25 65.53 65.81 66.09 66.38 66.66 66.94 67.22 67.47 67.75 68.00 68.28 68.53 68.78 69.03 69.31 69.56 69.81 70.06 70.25 70.44 70.66 70.88 71.09 71.34 71.56 71.66 71.88 72.38 72.84 73.28
69.28 68.91 68.56 68.19 67.84 67.47 67.09 66.72 66.34 65.97 65.56 65.16 64.72 64.28 63.81 63.31 62.75 62.19 61.53 60.88 60.19 59.91 59.69 58.97 58.62 58.38 58.47 58.88 59.66 59.97 60.19 60.44 60.69 60.94 61.19 61.50 61.91 62.53 63.12 63.44 63.75 64.06 64.34 64.66 64.97 65.25 65.56 65.84 66.16 66.44 66.72 67.03 67.31 67.56 67.84 68.12 68.38 68.66 68.91 69.19 69.44 69.69 69.94 70.16 70.38 70.56 70.75 70.94 71.16 71.41 71.66 71.94 72.16 72.22 72.56 73.16 73.50
69.62 69.28 68.91 68.53 68.19 67.81 67.44 67.06 66.69 66.28 65.88 65.47 65.03 64.59 64.12 63.59 63.06 62.47 61.84 61.19 60.47 60.16 59.91 59.25 59.00 58.91 59.12 59.50 59.97 60.19 60.41 60.62 60.88 61.12 61.38 61.66 62.06 62.78 63.38 63.72 64.03 64.34 64.66 64.97 65.28 65.59 65.88 66.19 66.50 66.78 67.09 67.38 67.66 67.94 68.22 68.50 68.78 69.03 69.28 69.56 69.81 70.06 70.31 70.50 70.69 70.88 71.06 71.25 71.47 71.72 72.00 72.25 72.53 72.72 72.84 73.22 73.62
69.97 69.62 69.25 68.88 68.53 68.16 67.78 67.38 67.00 66.62 66.22 65.78 65.34 64.91 64.44 63.91 63.34 62.78 62.16 61.53 60.91 60.50 60.06 59.59 59.22 59.16 59.47 59.88 60.19 60.41 60.62 60.84 61.09 61.31 61.56 61.84 62.19 63.00 63.66 63.97 64.31 64.62 64.94 65.28 65.59 65.91 66.22 66.53 66.84 67.16 67.44 67.75 68.03 68.31 68.59 68.88 69.16 69.41 69.69 69.94 70.19 70.44 70.66 70.84 71.03 71.19 71.38 71.59 71.81 72.06 72.31 72.59 72.88 73.16 73.38 73.62 74.03
70.31 69.94 69.59 69.22 68.84 68.47 68.09 67.72 67.31 66.94 66.53 66.09 65.66 65.19 64.72 64.22 63.66 63.06 62.44 61.84 61.34 60.84 60.31 59.91 59.56 59.50 59.88 60.19 60.44 60.66 60.88 61.06 61.28 61.53 61.78 62.06 62.41 63.31 63.94 64.25 64.59 64.94 65.25 65.56 65.91 66.22 66.53 66.88 67.19 67.50 67.81 68.12 68.41 68.69 69.00 69.28 69.53 69.81 70.06 70.31 70.56 70.78 71.00 71.19 71.34 71.53 71.72 71.94 72.16 72.41 72.66 72.91 73.19 73.47 73.78 74.16 74.31
70.66 70.28 69.91 69.53 69.16 68.78 68.41 68.03 67.62 67.22 66.81 66.41 65.97 65.50 65.03 64.50 63.94 63.34 62.72 62.09 61.72 61.19 60.66 60.22 59.94 59.91 60.22 60.50 60.72 60.91 61.09 61.28 61.50 61.75 62.00 62.31 62.72 63.69 64.22 64.53 64.88 65.22 65.53 65.88 66.22 66.53 66.88 67.19 67.53 67.84 68.16 68.50 68.78 69.09 69.38 69.66 69.94 70.19 70.47 70.72 70.94 71.16 71.34 71.53 71.69 71.88 72.09 72.31 72.53 72.75 73.00 73.25 73.53 73.81 74.16 74.34 74.41
70.94 70.56 70.22 69.84 69.47 69.09 68.69 68.31 67.94 67.53 67.12 66.69 66.25 65.81 65.34 64.78 64.22 63.62 63.00 62.28 62.03 61.59 61.12 60.53 60.28 60.25 60.56 60.84 61.03 61.16 61.31 61.50 61.72 61.97 62.25 62.59 63.16 64.03 64.50 64.81 65.16 65.50 65.84 66.19 66.53 66.88 67.19 67.53 67.88 68.22 68.53 68.84 69.16 69.47 69.78 70.06 70.31 70.59 70.84 71.09 71.31 71.53 71.69 71.88 72.06 72.28 72.47 72.69 72.91 73.12 73.34 73.59 73.84 74.12 74.38 74.44 74.53
71.25 70.88 70.50 70.12 69.75 69.38 69.00 68.62 68.22 67.81 67.41 67.00 66.56 66.09 65.62 65.09 64.50 63.88 63.22 62.56 62.34 62.03 61.53 60.91 60.59 60.59 60.94 61.22 61.34 61.47 61.56 61.69 61.91 62.19 62.53 62.91 63.66 64.41 64.78 65.09 65.44 65.81 66.12 66.50 66.84 67.19 67.53 67.88 68.22 68.56 68.91 69.22 69.56 69.88 70.16 70.44 70.72 71.00 71.25 71.47 71.69 71.88 72.06 72.25 72.47 72.66 72.84 73.03 73.25 73.44 73.66 73.88 74.12 74.34 74.44 74.50 74.72
71.50 71.16 70.78 70.41 70.03 69.66 69.28 68.91 68.50 68.09 67.69 67.28 66.84 66.41 65.91 65.38 64.81 64.16 63.44 62.94 62.69 62.44 61.94 61.31 61.06 61.06 61.41 61.59 61.69 61.75 61.84 61.94 62.19 62.53 62.91 63.44 64.19 64.75 65.06 65.41 65.72 66.09 66.44 66.78 67.16 67.50 67.88 68.22 68.59 68.94 69.28 69.62 69.94 70.25 70.56 70.84 71.12 71.38 71.62 71.88 72.06 72.28 72.47 72.66 72.84 73.03 73.22 73.41 73.59 73.78 73.97 74.16 74.34 74.44 74.50 74.78 74.78
71.78 71.41 71.06 70.69 70.31 69.94 69.53 69.16 68.78 68.38 67.97 67.56 67.12 66.69 66.19 65.66 65.09 64.47 63.84 63.34 63.03 62.75 62.25 61.69 61.44 61.50 61.84 61.91 62.00 62.03 62.12 62.34 62.66 63.03 63.47 64.00 64.69 65.03 65.38 65.69 66.03 66.38 66.72 67.09 67.47 67.81 68.19 68.56 68.94 69.28 69.66 70.00 70.31 70.66 70.94 71.22 71.50 71.78 72.03 72.25 72.47 72.66 72.84 73.03 73.22 73.41 73.56 73.72 73.91 74.06 74.22 74.38 74.47 74.53 74.81 74.84 74.81
72.03 71.66 71.31 70.94 70.56 70.19 69.81 69.41 69.03 68.62 68.25 67.81 67.41 66.94 66.47 65.94 65.41 64.78 64.16 63.62 63.31 63.03 62.50 61.94 61.75 61.84 62.12 62.22 62.28 62.34 62.47 62.78 63.12 63.50 63.91 64.41 65.06 65.34 65.69 66.00 66.31 66.69 67.03 67.41 67.78 68.16 68.53 68.91 69.28 69.66 70.03 70.38 70.72 71.03 71.34 71.62 71.91 72.16 72.41 72.62 72.84 73.03 73.22 73.41 73.56 73.72 73.91 74.03 74.19 74.31 74.44 74.53 74.59 74.84 74.91 74.88 74.84
72.28 71.91 71.53 71.16 70.81 70.44 70.03 69.66 69.28 68.88 68.50 68.06 67.66 67.22 66.72 66.22 65.66 65.06 64.47 63.97 63.59 63.31 62.72 62.22 62.06 62.16 62.41 62.50 62.59 62.62 62.84 63.19 63.53 63.91 64.31 64.81 65.41 65.69 66.00 66.31 66.62 66.97 67.34 67.72 68.09 68.47 68.88 69.25 69.66 70.03 70.38 70.75 71.09 71.41 71.72 72.00 72.28 72.56 72.81 73.03 73.25 73.41 73.59 73.75 73.91 74.06 74.19 74.31 74.44 74.53 74.62 74.66 74.91 74.94 74.94 74.91 74.88
72.50 72.12 71.78 71.41 71.03 70.66 70.28 69.91 69.50 69.12 68.72 68.31 67.91 67.47 66.97 66.44 65.88 65.31 64.69 64.19 63.81 63.53 62.94 62.41 62.31 62.47 62.69 62.81 62.91 62.97 63.22 63.59 63.94 64.34 64.72 65.19 65.72 66.03 66.34 66.62 66.97 67.28 67.66 68.03 68.44 68.81 69.22 69.59 70.00 70.38 70.75 71.09 71.44 71.78 72.09 72.38 72.66 72.94 73.19 73.41 73.59 73.75 73.91 74.06 74.19 74.34 74.47 74.56 74.66 74.72 74.75 74.94 74.97 74.97 74.94 74.94 74.91
72.72 72.34 71.97 71.62 71.25 70.88 70.50 70.12 69.72 69.34 68.94 68.53 68.12 67.69 67.19 66.66 66.09 65.47 64.88 64.41 64.03 63.75 63.16 62.66 62.59 62.81 63.00 63.12 63.25 63.34 63.62 64.00 64.38 64.75 65.12 65.59 66.06 66.41 66.69 66.97 67.28 67.62 68.00 68.38 68.75 69.16 69.56 69.94 70.34 70.72 71.09 71.47 71.81 72.12 72.44 72.75 73.03 73.28 73.53 73.75 73.91 74.06 74.19 74.31 74.44 74.59 74.69 74.78 74.84 74.84 75.00 75.00 75.00 74.97 74.97 74.97 75.09
72.91 72.56 72.19 71.81 71.44 71.09 70.69 70.31 69.94 69.56 69.16 68.75 68.34 67.91 67.41 66.88 66.25 65.59 65.00 64.56 64.19 63.91 63.44 62.88 62.81 63.12 63.34 63.47 63.62 63.75 64.06 64.44 64.81 65.19 65.59 66.03 66.44 66.78 67.06 67.34 67.66 68.00 68.34 68.72 69.12 69.50 69.91 70.28 70.69 71.06 71.44 71.78 72.12 72.47 72.78 73.09 73.38 73.66 73.88 74.03 74.19 74.31 74.44 74.56 74.69 74.78 74.88 74.94 74.94 75.06 75.03 75.03 75.00 75.00 75.00 75.16 75.22
73.12 72.75 72.38 72.03 71.66 71.28 70.91 70.53 70.12 69.75 69.34 68.97 68.53 68.09 67.62 67.06 66.41 65.72 65.16 64.72 64.38 64.09 63.69 63.22 63.19 63.53 63.69 63.84 64.00 64.16 64.53 64.88 65.25 65.66 66.03 66.41 66.81 67.16 67.44 67.72 68.03 68.34 68.72 69.09 69.47 69.84 70.25 70.62 71.00 71.38 71.75 72.12 72.47 72.78 73.09 73.41 73.69 73.97 74.16 74.31 74.44 74.56 74.66 74.75 74.84 74.94 75.00 75.03 75.09 75.06 75.06 75.03 75.03 75.03 75.16 75.19 75.25
73.31 72.94 72.56 72.22 71.84 71.47 71.09 70.72 70.31 69.94 69.53 69.16 68.72 68.31 67.81 67.25 66.59 65.81 65.25 64.84 64.53 64.31 63.94 63.62 63.66 64.03 64.09 64.22 64.41 64.59 64.97 65.34 65.69 66.06 66.44 66.78 67.19 67.53 67.81 68.09 68.41 68.72 69.06 69.44 69.81 70.19 70.56 70.94 71.34 71.72 72.06 72.44 72.75 73.09 73.41 73.72 74.00 74.22 74.41 74.56 74.66 74.75 74.84 74.94 75.00 75.06 75.09 75.12 75.09 75.09 75.06 75.06 75.06 75.16 75.16 75.19 75.25
