everonasctiles/Tile23,34.asc
ncols 128
nrows 128
xllcorner 0
yllcorner 0
cellsize 2.0
NODATA_value  -9999
[rows 0 to 31 of 128, columns 0 to 72 of 128]
-5.81 -6.12 -6.25 -6.44 -6.47 -6.53 -6.69 -6.78 -6.59 -6.44 -6.69 -6.91 -7.00 -7.12 -7.19 -7.25 -7.31 -7.59 -7.69 -7.59 -7.53 -7.62 -7.41 -7.34 -7.41 -7.34 -7.12 -7.06 -7.06 -6.97 -6.66 -6.62 -6.69 -6.94 -7.03 -7.53 -7.66 -7.97 -7.94 -8.03 -8.31 -8.66 -8.94 -9.41 -9.69 -10.00 -10.25 -10.12 -10.06 -10.19 -10.19 -10.03 -9.84 -9.81 -9.62 -9.41 -9.22 -9.19 -9.28 -9.41 -9.50 -9.41 -9.50 -9.72 -9.75 -9.75 -9.88 -9.91 -10.03 -10.06 -10.19 -10.25 -10.38
-5.72 -5.72 -5.91 -6.38 -6.47 -6.56 -6.66 -6.75 -6.62 -6.66 -6.66 -6.72 -6.97 -7.16 -7.03 -7.03 -7.06 -7.38 -7.69 -7.44 -7.34 -7.47 -7.44 -7.50 -7.38 -7.19 -6.94 -6.88 -6.91 -7.03 -6.84 -6.88 -7.09 -7.34 -7.44 -7.50 -7.47 -7.50 -7.75 -7.94 -8.25 -8.81 -9.16 -9.50 -9.84 -10.22 -10.31 -10.09 -10.00 -9.97 -9.94 -10.03 -9.91 -9.62 -9.47 -9.41 -9.28 -9.16 -8.94 -8.97 -9.22 -9.25 -9.38 -9.50 -9.66 -9.69 -9.75 -9.88 -9.91 -10.03 -10.12 -10.00 -10.12
-5.72 -5.53 -5.59 -5.97 -6.25 -6.41 -6.66 -6.66 -6.59 -6.69 -6.59 -6.53 -6.69 -6.75 -6.94 -6.91 -7.06 -7.06 -7.19 -7.06 -7.28 -7.47 -7.59 -7.66 -7.38 -7.12 -7.12 -7.16 -7.19 -7.19 -7.00 -7.06 -7.38 -7.47 -7.38 -7.16 -7.22 -7.56 -7.88 -8.19 -8.62 -8.97 -9.22 -9.50 -9.88 -10.25 -10.31 -10.25 -9.97 -9.78 -9.78 -9.75 -9.81 -9.69 -9.59 -9.56 -9.38 -9.06 -9.06 -8.84 -9.12 -9.19 -9.22 -9.31 -9.34 -9.59 -9.72 -9.88 -9.94 -9.91 -9.88 -9.81 -10.09
-5.25 -5.41 -5.44 -5.56 -5.84 -5.94 -6.19 -6.44 -6.47 -6.47 -6.69 -6.66 -6.69 -6.78 -6.88 -6.97 -7.12 -7.16 -7.06 -7.28 -7.62 -7.62 -7.66 -7.59 -7.47 -7.38 -7.31 -7.44 -7.38 -7.22 -7.22 -7.22 -7.53 -7.66 -7.53 -7.44 -7.47 -7.75 -8.19 -8.38 -8.84 -9.19 -9.41 -9.66 -9.69 -9.91 -10.06 -10.03 -9.91 -9.88 -9.91 -9.78 -9.69 -9.47 -9.44 -9.38 -9.31 -9.28 -9.00 -8.88 -9.03 -9.06 -9.06 -9.28 -9.38 -9.38 -9.41 -9.53 -9.72 -9.72 -9.66 -9.91 -10.12
-5.09 -4.97 -5.19 -5.41 -5.53 -5.59 -5.91 -6.16 -6.44 -6.34 -6.66 -6.94 -6.97 -6.94 -7.19 -7.38 -7.47 -7.44 -7.28 -7.47 -7.84 -7.88 -7.69 -7.38 -7.47 -7.56 -7.59 -7.59 -7.62 -7.62 -7.41 -7.31 -7.34 -7.66 -7.84 -7.84 -7.97 -8.03 -8.62 -8.91 -9.09 -9.34 -9.62 -9.88 -9.94 -9.88 -10.03 -9.94 -9.81 -9.81 -9.78 -9.59 -9.47 -9.34 -9.25 -9.09 -9.00 -9.09 -8.97 -8.97 -8.91 -8.84 -9.03 -9.16 -9.19 -9.47 -9.59 -9.62 -9.66 -9.72 -9.81 -9.91 -10.06
-4.84 -4.78 -4.84 -5.12 -5.41 -5.56 -6.00 -6.06 -6.09 -6.12 -6.38 -6.88 -7.12 -7.22 -7.25 -7.50 -7.44 -7.47 -7.34 -7.50 -7.75 -8.06 -7.81 -7.59 -7.81 -7.66 -7.69 -7.75 -7.72 -7.81 -7.44 -7.41 -7.56 -7.97 -8.28 -8.41 -8.50 -8.69 -9.06 -9.28 -9.53 -9.78 -9.88 -10.06 -10.00 -9.94 -9.97 -9.94 -9.84 -9.66 -9.53 -9.50 -9.38 -9.16 -9.03 -9.00 -8.88 -8.69 -8.75 -8.59 -8.50 -8.44 -8.50 -8.62 -8.88 -9.16 -9.19 -9.19 -9.56 -9.62 -9.78 -9.84 -9.91
-4.88 -4.81 -4.69 -4.81 -5.22 -5.69 -5.97 -5.88 -5.97 -6.12 -6.31 -6.59 -6.97 -7.12 -7.03 -7.16 -7.44 -7.47 -7.50 -7.41 -7.44 -7.84 -8.03 -7.94 -7.88 -7.66 -7.69 -7.81 -8.03 -7.69 -7.75 -7.88 -8.00 -8.38 -8.75 -9.00 -9.03 -9.25 -9.34 -9.53 -9.78 -9.88 -9.88 -9.84 -9.94 -10.09 -9.91 -9.81 -9.75 -9.62 -9.41 -9.34 -9.41 -9.22 -9.19 -9.09 -8.94 -8.81 -8.81 -8.53 -8.38 -8.38 -8.34 -8.34 -8.41 -8.66 -8.72 -8.94 -9.19 -9.59 -9.78 -9.81 -9.88
-4.72 -4.72 -4.84 -5.00 -5.25 -5.31 -5.44 -5.72 -5.84 -6.22 -6.53 -6.62 -6.75 -7.00 -7.03 -6.97 -7.16 -7.25 -7.16 -7.09 -7.31 -7.44 -7.81 -7.94 -7.78 -7.75 -7.84 -8.03 -8.00 -7.78 -7.88 -8.25 -8.56 -8.78 -9.06 -9.34 -9.34 -9.25 -9.47 -9.47 -9.59 -9.66 -9.66 -9.69 -9.69 -9.69 -9.75 -9.81 -9.75 -9.66 -9.47 -9.38 -9.22 -9.12 -9.06 -9.00 -8.69 -8.69 -8.78 -8.72 -8.75 -8.44 -8.22 -8.25 -8.53 -8.91 -8.81 -8.94 -9.22 -9.16 -9.41 -9.72 -9.94
-4.59 -4.72 -4.94 -5.06 -4.91 -4.94 -5.31 -5.59 -5.91 -5.97 -5.97 -6.41 -6.53 -6.84 -6.88 -6.78 -6.78 -6.91 -6.75 -7.00 -7.34 -7.72 -7.72 -7.91 -7.88 -8.12 -8.12 -8.09 -8.03 -7.84 -8.00 -8.59 -8.94 -9.03 -9.25 -9.31 -9.47 -9.53 -9.66 -9.69 -9.75 -9.69 -9.56 -9.56 -9.75 -9.66 -9.62 -9.72 -9.66 -9.53 -9.59 -9.44 -9.16 -9.00 -8.97 -8.81 -8.66 -8.59 -8.78 -8.78 -8.88 -8.75 -8.47 -8.50 -8.56 -8.84 -8.81 -8.84 -9.00 -9.34 -9.34 -9.31 -9.34
-4.41 -4.66 -4.84 -5.09 -5.12 -5.12 -5.31 -5.62 -6.06 -5.97 -5.88 -6.03 -6.28 -6.53 -6.56 -6.56 -6.69 -6.44 -6.56 -6.94 -7.31 -7.53 -7.59 -7.78 -8.03 -7.91 -8.03 -8.16 -7.91 -8.00 -8.44 -8.94 -8.91 -9.09 -9.25 -9.28 -9.41 -9.50 -9.53 -9.56 -9.72 -9.81 -9.69 -9.53 -9.59 -9.62 -9.53 -9.50 -9.50 -9.28 -9.44 -9.47 -9.25 -8.94 -8.91 -8.91 -8.78 -8.41 -8.41 -8.59 -8.75 -8.84 -8.66 -8.72 -8.72 -8.78 -8.69 -8.78 -9.00 -9.00 -9.06 -9.28 -9.56
-4.25 -4.44 -4.66 -5.12 -5.03 -4.97 -5.09 -5.53 -5.69 -5.84 -5.94 -6.00 -6.09 -6.22 -6.44 -6.66 -6.62 -6.69 -6.69 -6.81 -7.12 -7.38 -7.72 -7.91 -7.91 -7.75 -7.97 -8.19 -8.16 -8.50 -8.81 -8.88 -9.09 -9.34 -9.34 -9.41 -9.47 -9.50 -9.47 -9.59 -9.69 -9.66 -9.56 -9.53 -9.50 -9.38 -9.38 -9.50 -9.38 -9.12 -9.12 -9.16 -9.06 -9.09 -9.00 -8.91 -8.72 -8.50 -8.47 -8.56 -8.69 -8.84 -8.66 -8.75 -8.91 -8.78 -8.56 -8.59 -8.66 -8.78 -9.19 -9.38 -9.53
-4.12 -4.16 -4.31 -4.47 -4.69 -4.66 -5.00 -5.28 -5.44 -5.69 -6.00 -6.25 -6.16 -6.28 -6.41 -6.56 -6.62 -6.78 -6.69 -6.66 -6.97 -7.41 -7.75 -7.88 -7.75 -7.75 -7.97 -8.12 -8.47 -8.78 -8.97 -9.19 -9.41 -9.47 -9.47 -9.28 -9.53 -9.62 -9.47 -9.38 -9.50 -9.53 -9.56 -9.56 -9.44 -9.38 -9.38 -9.41 -9.34 -9.22 -8.97 -8.88 -8.84 -8.84 -8.97 -8.94 -8.75 -8.66 -8.56 -8.56 -8.84 -8.81 -8.78 -8.78 -8.94 -8.91 -8.75 -8.59 -8.69 -8.94 -9.06 -9.31 -9.50
-4.12 -3.88 -3.88 -4.28 -4.56 -4.50 -4.91 -5.09 -5.31 -5.56 -5.72 -5.88 -6.03 -6.22 -6.38 -6.47 -6.50 -6.50 -6.62 -6.56 -6.69 -7.12 -7.41 -7.62 -7.47 -7.69 -7.91 -8.12 -8.59 -8.94 -9.25 -9.38 -9.47 -9.41 -9.38 -9.28 -9.31 -9.56 -9.62 -9.50 -9.50 -9.34 -9.31 -9.31 -9.34 -9.31 -9.28 -9.19 -9.03 -8.97 -8.81 -8.84 -8.81 -8.84 -8.91 -8.91 -8.84 -8.62 -8.75 -8.66 -8.84 -8.75 -8.78 -8.84 -8.91 -8.91 -8.88 -9.00 -9.03 -9.06 -9.12 -9.22 -9.34
-3.72 -3.91 -4.22 -4.22 -4.44 -4.44 -4.75 -5.03 -5.00 -5.19 -5.44 -5.72 -5.84 -6.06 -6.22 -6.44 -6.34 -6.47 -6.62 -6.75 -6.84 -6.81 -6.94 -7.28 -7.53 -7.88 -7.81 -8.19 -8.66 -9.00 -9.41 -9.44 -9.44 -9.41 -9.25 -9.12 -9.25 -9.28 -9.47 -9.44 -9.44 -9.53 -9.38 -9.41 -9.41 -9.34 -9.22 -9.19 -8.91 -9.00 -8.97 -8.62 -8.62 -8.84 -8.88 -8.97 -9.03 -8.78 -9.00 -8.81 -8.78 -8.91 -8.78 -8.81 -9.03 -8.97 -8.84 -9.00 -9.12 -9.03 -8.88 -8.81 -8.94
-3.75 -4.19 -4.31 -4.34 -4.41 -4.44 -4.59 -4.84 -4.88 -5.06 -5.38 -5.53 -5.78 -6.06 -6.16 -6.28 -6.50 -6.47 -6.56 -6.72 -6.81 -7.31 -7.25 -7.28 -7.47 -7.53 -7.78 -8.31 -8.72 -8.88 -9.00 -9.16 -9.16 -9.09 -9.09 -9.06 -9.00 -9.06 -9.06 -9.41 -9.53 -9.44 -9.53 -9.53 -9.31 -9.22 -9.19 -9.25 -9.09 -9.16 -8.97 -8.94 -8.78 -9.03 -9.09 -9.00 -8.97 -8.94 -9.06 -9.06 -9.00 -9.12 -8.81 -8.75 -8.91 -8.94 -9.06 -8.94 -8.97 -9.03 -8.97 -9.06 -9.09
-3.66 -4.06 -4.16 -4.31 -4.16 -4.22 -4.53 -4.56 -4.75 -4.94 -5.12 -5.34 -5.59 -5.94 -6.09 -6.19 -6.34 -6.53 -6.81 -6.78 -6.97 -7.47 -7.47 -7.41 -7.41 -7.31 -7.84 -8.44 -8.50 -8.78 -8.97 -9.03 -9.03 -9.00 -9.12 -9.12 -9.16 -9.03 -9.03 -9.09 -9.25 -9.50 -9.38 -9.34 -9.28 -9.34 -9.34 -9.28 -8.97 -9.06 -9.09 -9.03 -8.97 -8.94 -8.91 -9.00 -8.91 -8.97 -9.00 -8.94 -8.97 -9.03 -8.81 -8.81 -9.09 -9.03 -8.91 -8.88 -8.91 -9.00 -9.16 -9.31 -9.09
-3.38 -3.81 -4.12 -4.28 -4.34 -4.12 -4.56 -4.69 -4.41 -4.81 -5.03 -5.41 -5.59 -5.78 -5.84 -5.84 -6.22 -6.75 -6.91 -7.19 -7.28 -7.41 -7.56 -7.69 -7.31 -7.34 -7.81 -8.38 -8.47 -8.62 -8.84 -8.88 -9.12 -9.16 -9.19 -9.19 -9.22 -9.06 -9.03 -9.12 -9.09 -9.19 -9.34 -9.34 -9.25 -9.16 -9.28 -9.31 -9.34 -9.34 -9.25 -9.28 -9.00 -8.75 -8.66 -8.84 -9.03 -9.06 -8.94 -8.97 -8.91 -9.03 -8.88 -8.81 -8.84 -8.91 -8.56 -8.59 -8.72 -8.88 -8.91 -8.78 -8.69
-3.44 -3.62 -4.00 -4.16 -4.28 -4.31 -4.38 -4.69 -4.75 -4.66 -4.91 -5.41 -5.81 -6.03 -6.06 -6.09 -6.19 -6.75 -7.06 -7.22 -7.31 -7.53 -7.53 -7.47 -7.41 -7.59 -8.16 -8.34 -8.34 -8.53 -8.75 -9.06 -9.25 -9.28 -9.19 -9.06 -9.16 -9.19 -9.12 -9.06 -9.19 -9.09 -8.88 -9.22 -9.31 -9.38 -9.50 -9.38 -9.03 -9.09 -9.22 -9.22 -8.97 -8.91 -9.00 -9.12 -9.03 -9.06 -9.00 -9.09 -9.19 -9.12 -9.06 -8.78 -8.78 -8.81 -8.72 -8.69 -8.66 -8.59 -8.69 -8.66 -8.84
-3.53 -3.56 -3.75 -3.91 -4.16 -4.53 -4.38 -4.75 -4.94 -5.09 -5.25 -5.22 -5.69 -5.94 -6.06 -6.22 -6.47 -6.88 -7.00 -7.25 -7.31 -7.28 -7.44 -7.59 -7.84 -7.94 -8.06 -8.16 -8.19 -8.66 -8.66 -8.62 -9.03 -9.22 -9.00 -9.16 -9.25 -9.19 -9.28 -9.38 -9.25 -9.34 -9.12 -9.09 -9.09 -9.28 -9.62 -9.56 -9.22 -9.16 -8.88 -9.03 -9.25 -9.09 -9.12 -9.06 -9.09 -9.19 -9.25 -9.38 -9.34 -9.06 -8.91 -8.78 -8.91 -8.69 -8.91 -9.00 -8.69 -8.66 -8.62 -8.91 -9.28
-3.34 -3.56 -3.78 -3.94 -4.12 -4.34 -4.75 -4.84 -5.00 -5.31 -5.38 -5.50 -5.56 -5.75 -6.22 -6.59 -6.66 -6.56 -6.97 -7.28 -7.28 -7.56 -7.81 -7.91 -7.84 -7.97 -8.16 -8.28 -8.53 -8.78 -8.94 -8.94 -8.91 -8.75 -8.88 -9.06 -9.25 -9.34 -9.28 -9.28 -9.25 -9.25 -9.31 -9.12 -9.06 -9.00 -9.25 -9.41 -9.28 -9.31 -9.25 -9.16 -9.16 -9.16 -9.38 -9.44 -9.25 -9.28 -9.41 -9.50 -9.44 -9.19 -8.97 -9.03 -9.06 -8.84 -8.88 -8.94 -8.75 -9.00 -8.97 -9.28 -9.44
-3.56 -3.88 -3.91 -4.03 -4.06 -4.28 -4.59 -4.72 -5.12 -5.22 -5.41 -5.78 -5.62 -5.97 -6.41 -6.69 -6.81 -6.88 -6.88 -7.25 -7.59 -7.75 -7.81 -8.00 -8.06 -8.25 -8.41 -8.56 -8.69 -8.84 -9.00 -8.97 -8.69 -8.94 -8.97 -9.03 -9.00 -9.19 -9.38 -9.53 -9.34 -9.31 -9.31 -9.34 -9.19 -9.16 -9.03 -9.06 -9.12 -9.34 -9.56 -9.53 -9.50 -9.47 -9.47 -9.41 -9.19 -9.25 -9.44 -9.50 -9.34 -9.19 -9.22 -9.31 -9.09 -9.03 -8.81 -8.78 -9.12 -9.16 -9.12 -9.09 -9.38
-3.69 -3.78 -3.78 -3.94 -4.25 -4.34 -4.34 -4.62 -4.97 -5.16 -5.62 -5.88 -6.00 -6.25 -6.59 -6.69 -6.94 -7.00 -7.06 -7.38 -7.72 -7.81 -8.03 -8.09 -8.09 -8.22 -8.34 -8.44 -8.53 -8.69 -8.94 -8.75 -8.84 -9.00 -9.09 -9.12 -9.03 -9.00 -9.12 -9.56 -9.53 -9.50 -9.38 -9.41 -9.16 -9.03 -9.03 -9.31 -9.44 -9.66 -9.59 -9.66 -9.78 -9.72 -9.50 -9.41 -9.59 -9.44 -9.28 -9.16 -9.25 -9.34 -9.44 -9.19 -8.81 -8.59 -8.62 -8.84 -9.00 -9.16 -9.22 -9.19 -9.31
-3.59 -3.69 -3.78 -4.06 -4.38 -4.53 -4.56 -4.56 -4.75 -5.09 -5.44 -5.94 -6.22 -6.41 -6.59 -6.88 -7.22 -7.53 -7.56 -7.69 -7.81 -8.16 -8.28 -8.22 -8.09 -8.00 -8.31 -8.53 -8.44 -8.59 -8.56 -9.06 -9.19 -9.25 -9.09 -9.06 -9.12 -8.88 -9.00 -9.38 -9.56 -9.56 -9.31 -9.38 -9.31 -9.19 -9.31 -9.34 -9.56 -9.81 -9.78 -9.62 -9.59 -9.84 -9.78 -9.62 -9.69 -9.53 -9.31 -9.22 -9.03 -8.75 -8.81 -8.75 -8.88 -9.19 -9.16 -9.28 -9.25 -9.22 -9.22 -9.09 -9.22
-3.56 -3.56 -3.72 -4.16 -4.34 -4.56 -4.41 -4.59 -5.09 -5.41 -5.88 -6.16 -6.41 -6.53 -6.81 -7.25 -7.47 -7.91 -7.72 -7.84 -7.91 -8.12 -8.22 -8.16 -8.28 -8.38 -8.59 -8.56 -8.34 -8.41 -8.62 -9.06 -9.09 -9.12 -9.12 -9.09 -9.00 -8.94 -9.00 -9.19 -9.44 -9.53 -9.41 -9.53 -9.53 -9.66 -9.56 -9.59 -9.53 -9.78 -9.69 -9.69 -9.78 -9.81 -9.78 -9.50 -9.41 -9.41 -9.03 -9.00 -9.06 -8.94 -9.12 -9.28 -9.44 -9.50 -9.16 -9.03 -9.16 -9.16 -9.12 -9.00 -9.00
-3.41 -3.56 -3.81 -4.31 -4.38 -4.50 -4.84 -5.34 -5.53 -5.94 -6.06 -6.12 -6.50 -6.91 -7.06 -7.38 -7.78 -7.88 -7.84 -7.81 -7.84 -8.22 -8.31 -8.31 -8.38 -8.44 -8.50 -8.44 -8.50 -8.47 -8.59 -8.94 -9.09 -9.28 -9.31 -9.19 -9.03 -9.03 -9.12 -9.22 -9.41 -9.38 -9.62 -9.69 -9.72 -9.78 -9.66 -9.78 -9.81 -10.00 -10.06 -10.12 -10.22 -10.25 -10.12 -9.91 -9.50 -9.47 -9.41 -9.50 -9.56 -9.56 -9.31 -9.34 -9.53 -9.56 -9.41 -9.38 -9.19 -9.06 -9.06 -9.12 -9.34
-3.78 -4.03 -4.03 -4.16 -4.53 -4.94 -5.16 -5.44 -5.78 -5.97 -6.16 -6.66 -7.03 -7.25 -7.47 -7.47 -7.59 -7.62 -7.81 -7.91 -7.94 -8.16 -8.09 -8.22 -8.28 -8.12 -8.12 -8.28 -8.25 -8.50 -8.75 -8.88 -8.88 -9.25 -9.28 -9.16 -9.16 -9.06 -9.22 -9.19 -9.50 -9.41 -9.66 -9.75 -10.09 -10.09 -9.91 -9.97 -10.00 -10.12 -10.38 -10.34 -10.31 -10.38 -10.16 -9.94 -9.81 -9.75 -9.78 -9.84 -9.88 -9.75 -9.44 -9.66 -9.66 -9.62 -9.59 -9.44 -9.31 -9.19 -9.09 -9.28 -9.38
-4.03 -4.00 -4.12 -4.12 -4.66 -5.28 -5.69 -5.75 -5.56 -5.78 -6.38 -6.88 -7.19 -7.44 -7.44 -7.53 -7.66 -7.75 -7.84 -7.84 -7.84 -7.94 -8.00 -8.09 -8.00 -8.22 -8.34 -8.34 -8.19 -8.38 -8.53 -8.53 -8.66 -8.94 -9.12 -9.25 -9.16 -9.16 -9.22 -9.31 -9.53 -9.69 -9.84 -10.00 -10.12 -10.22 -10.34 -10.25 -10.25 -10.22 -10.19 -10.16 -10.00 -10.03 -10.31 -10.31 -10.38 -10.19 -10.00 -9.88 -9.88 -9.84 -9.69 -9.53 -9.62 -9.59 -9.59 -9.53 -9.69 -9.47 -9.34 -9.28 -9.41
-3.97 -3.97 -4.09 -4.62 -5.00 -5.31 -5.72 -5.72 -5.97 -6.31 -6.53 -6.72 -7.16 -7.28 -7.38 -7.62 -7.81 -7.88 -7.94 -7.97 -8.12 -8.06 -7.84 -7.94 -8.25 -8.38 -8.38 -8.31 -8.25 -8.41 -8.41 -8.69 -8.84 -9.09 -9.25 -9.31 -9.31 -9.34 -9.28 -9.31 -9.69 -10.03 -9.88 -10.12 -10.25 -10.22 -10.31 -10.44 -10.41 -10.31 -10.34 -10.34 -10.28 -10.31 -10.50 -10.62 -10.56 -10.50 -10.34 -10.00 -9.75 -9.78 -10.00 -9.91 -9.91 -9.84 -9.56 -9.78 -9.91 -9.91 -9.66 -9.34 -9.25
-3.78 -3.94 -4.34 -4.62 -5.09 -5.44 -5.62 -5.81 -6.44 -6.59 -6.53 -6.72 -7.06 -7.28 -7.41 -7.62 -7.84 -7.78 -7.81 -8.00 -8.16 -8.22 -8.12 -8.12 -8.22 -8.34 -8.34 -8.31 -8.31 -8.28 -8.41 -8.59 -8.88 -9.06 -9.12 -9.22 -9.38 -9.66 -9.84 -9.53 -9.34 -9.50 -9.78 -10.22 -10.31 -10.50 -10.41 -10.50 -10.44 -10.56 -10.53 -10.50 -10.56 -10.59 -10.59 -10.69 -10.66 -10.50 -10.53 -10.28 -9.84 -9.94 -10.09 -10.12 -10.19 -10.12 -9.97 -10.12 -10.00 -9.78 -9.72 -9.62 -9.50
-4.19 -4.50 -4.66 -4.97 -5.19 -5.47 -5.88 -6.44 -6.50 -6.53 -6.66 -6.97 -7.09 -7.09 -7.19 -7.47 -7.72 -7.84 -8.00 -8.16 -8.22 -8.19 -8.25 -8.00 -8.16 -8.28 -8.41 -8.38 -8.12 -8.16 -8.28 -8.50 -8.81 -9.09 -9.22 -9.25 -9.31 -9.38 -9.56 -9.69 -9.59 -9.56 -9.50 -9.91 -10.16 -10.41 -10.47 -10.44 -10.59 -10.53 -10.53 -10.69 -10.75 -10.75 -10.78 -10.84 -10.75 -10.59 -10.59 -10.44 -10.31 -10.34 -10.12 -10.22 -10.25 -10.28 -10.22 -10.25 -10.16 -9.94 -9.84 -9.88 -9.66
-4.25 -4.56 -4.88 -4.97 -5.25 -5.81 -6.19 -6.47 -6.59 -6.50 -6.81 -7.22 -7.41 -7.34 -7.50 -7.75 -7.84 -7.97 -8.00 -7.91 -7.88 -8.09 -8.16 -8.12 -8.25 -8.06 -8.06 -8.25 -8.28 -8.16 -8.19 -8.44 -8.62 -8.94 -9.16 -9.47 -9.38 -9.34 -9.31 -9.50 -9.66 -9.75 -9.91 -10.09 -9.97 -10.12 -10.25 -10.19 -10.38 -10.66 -10.75 -10.84 -10.97 -10.97 -10.94 -10.81 -10.69 -10.47 -10.56 -10.59 -10.59 -10.59 -10.59 -10.56 -10.41 -10.25 -10.34 -10.34 -10.25 -9.94 -9.84 -9.84 -9.66
-4.84 -4.97 -5.06 -5.28 -5.62 -5.81 -6.06 -6.25 -6.38 -6.59 -6.91 -7.31 -7.50 -7.53 -7.69 -7.88 -7.97 -8.09 -8.12 -7.78 -7.75 -7.88 -7.91 -7.94 -8.00 -7.97 -8.06 -8.22 -8.03 -8.03 -8.00 -7.97 -8.53 -8.81 -9.00 -9.22 -9.31 -9.47 -9.62 -9.69 -9.78 -9.78 -9.69 -9.81 -9.81 -9.94 -10.03 -10.28 -10.50 -10.72 -10.72 -10.62 -10.72 -10.91 -10.94 -10.91 -10.78 -10.84 -10.97 -10.88 -11.00 -11.06 -10.97 -10.97 -10.72 -10.66 -10.56 -10.47 -10.44 -10.09 -9.91 -9.81 -9.56
