everonasctiles/Tile37,45.asc
ncols 128
nrows 128
xllcorner 0
yllcorner 0
cellsize 2.0
NODATA_value  -9999
[rows 96 to 127 of 128, columns 0 to 70 of 128]
-78.81 -80.06 -80.72 -81.22 -81.53 -81.66 -81.84 -82.16 -82.22 -81.94 -81.22 -80.16 -79.78 -80.34 -80.69 -80.81 -80.88 -80.75 -80.25 -80.41 -81.09 -81.75 -82.03 -82.00 -81.66 -81.09 -80.47 -79.62 -78.41 -77.03 -75.91 -74.97 -74.38 -74.16 -74.25 -74.44 -74.59 -74.53 -74.34 -74.12 -74.09 -74.19 -74.25 -74.22 -74.12 -74.03 -74.00 -74.03 -73.97 -73.81 -73.56 -73.16 -72.72 -72.19 -71.56 -70.81 -69.97 -68.94 -67.34 -65.47 -63.66 -62.03 -60.75 -59.81 -59.47 -59.72 -60.28 -60.78 -61.12 -61.44 -61.72
-78.56 -79.44 -80.03 -80.44 -80.53 -80.38 -80.72 -81.50 -81.84 -81.69 -81.12 -80.16 -79.41 -79.47 -79.97 -80.22 -80.16 -79.62 -79.12 -79.34 -80.22 -81.19 -81.59 -81.66 -81.34 -80.81 -80.19 -79.50 -78.66 -77.44 -75.91 -74.62 -73.72 -73.25 -73.19 -73.31 -73.50 -73.69 -73.66 -73.56 -73.69 -73.84 -73.94 -73.88 -73.72 -73.53 -73.50 -73.59 -73.66 -73.59 -73.41 -73.06 -72.59 -72.03 -71.38 -70.62 -69.75 -68.66 -67.09 -65.38 -63.69 -62.12 -60.69 -59.50 -58.84 -59.00 -59.62 -60.31 -60.75 -61.03 -61.28
-78.22 -78.78 -79.22 -79.16 -78.97 -79.12 -79.78 -80.91 -81.41 -81.41 -81.00 -80.28 -79.34 -78.84 -78.88 -79.00 -78.88 -78.38 -77.94 -78.34 -79.44 -80.56 -81.16 -81.28 -81.03 -80.41 -79.72 -79.06 -78.38 -77.59 -76.47 -75.00 -73.81 -72.94 -72.47 -72.38 -72.47 -72.66 -72.84 -73.06 -73.28 -73.47 -73.53 -73.44 -73.25 -72.97 -72.91 -73.09 -73.25 -73.25 -73.12 -72.84 -72.44 -71.94 -71.31 -70.59 -69.81 -68.88 -67.72 -66.44 -65.12 -63.47 -61.56 -59.75 -58.44 -58.19 -58.81 -59.72 -60.25 -60.53 -60.75
-77.69 -78.03 -77.84 -77.62 -77.78 -78.38 -79.47 -80.53 -81.00 -81.06 -80.78 -80.28 -79.59 -78.72 -78.09 -77.78 -77.53 -77.06 -76.81 -77.38 -78.62 -79.97 -80.69 -80.94 -80.75 -79.94 -78.91 -78.19 -77.75 -77.22 -76.56 -75.62 -74.59 -73.56 -72.75 -72.16 -71.81 -71.91 -72.28 -72.69 -72.94 -73.06 -73.09 -72.97 -72.72 -72.34 -72.16 -72.47 -72.75 -72.84 -72.78 -72.59 -72.25 -71.75 -71.19 -70.56 -69.78 -68.91 -67.88 -66.72 -65.50 -64.34 -62.59 -60.12 -58.19 -57.41 -57.88 -58.91 -59.69 -59.97 -60.16
-77.12 -76.91 -76.56 -76.69 -77.38 -78.44 -79.59 -80.25 -80.56 -80.62 -80.44 -80.06 -79.53 -78.88 -77.97 -77.06 -76.38 -75.84 -75.72 -76.41 -77.72 -79.06 -80.12 -80.56 -80.47 -79.69 -78.31 -77.16 -76.69 -76.59 -76.19 -75.59 -74.88 -74.12 -73.44 -72.72 -71.94 -71.59 -72.03 -72.38 -72.59 -72.66 -72.59 -72.44 -72.19 -71.72 -71.47 -71.91 -72.25 -72.38 -72.38 -72.25 -71.97 -71.50 -70.97 -70.31 -69.59 -68.69 -67.62 -66.41 -65.12 -63.97 -62.22 -59.84 -57.75 -56.59 -56.81 -57.84 -58.88 -59.28 -59.47
-76.50 -76.03 -75.94 -76.56 -77.66 -78.75 -79.47 -79.91 -80.09 -80.12 -80.00 -79.75 -79.28 -78.75 -78.00 -76.78 -75.66 -74.81 -74.66 -75.38 -76.66 -78.03 -79.34 -80.12 -80.19 -79.62 -78.41 -77.12 -76.19 -75.84 -75.62 -75.22 -74.69 -74.12 -73.50 -72.91 -72.25 -71.62 -71.84 -72.09 -72.19 -72.19 -72.09 -71.91 -71.62 -71.16 -70.91 -71.44 -71.72 -71.88 -71.94 -71.88 -71.62 -71.19 -70.66 -69.94 -69.09 -67.94 -66.41 -64.88 -63.41 -61.97 -60.44 -58.66 -56.84 -55.66 -55.62 -56.50 -57.59 -58.44 -58.72
-75.94 -75.53 -75.88 -76.81 -77.91 -78.66 -79.16 -79.47 -79.56 -79.53 -79.47 -79.28 -78.94 -78.44 -77.72 -76.44 -75.06 -73.94 -73.66 -74.38 -75.66 -77.12 -78.66 -79.62 -79.84 -79.44 -78.59 -77.56 -76.62 -75.69 -75.06 -74.66 -74.22 -73.75 -73.28 -72.75 -72.22 -71.69 -71.62 -71.78 -71.78 -71.69 -71.56 -71.38 -71.12 -70.69 -70.53 -70.94 -71.16 -71.31 -71.44 -71.44 -71.25 -70.84 -70.31 -69.56 -68.59 -67.12 -65.34 -63.47 -61.72 -60.12 -58.62 -57.16 -55.72 -54.62 -54.41 -55.09 -56.19 -57.44 -57.91
-75.56 -75.34 -75.94 -77.00 -77.78 -78.34 -78.75 -78.94 -78.97 -78.91 -78.88 -78.75 -78.47 -78.03 -77.22 -75.75 -74.25 -73.06 -72.75 -73.53 -74.94 -76.56 -78.16 -79.09 -79.34 -79.12 -78.47 -77.62 -76.72 -75.62 -74.47 -73.78 -73.47 -73.12 -72.78 -72.41 -71.97 -71.59 -71.41 -71.44 -71.38 -71.22 -71.06 -70.88 -70.62 -70.28 -70.16 -70.44 -70.62 -70.78 -70.94 -70.94 -70.78 -70.47 -69.94 -69.25 -68.34 -67.16 -65.38 -63.38 -61.41 -59.50 -57.78 -56.22 -54.78 -53.69 -53.34 -53.94 -55.09 -56.47 -57.09
-75.34 -75.25 -75.94 -76.84 -77.47 -77.91 -78.19 -78.28 -78.25 -78.19 -78.19 -78.16 -77.94 -77.53 -76.50 -74.84 -73.28 -72.12 -71.94 -72.94 -74.50 -76.25 -77.78 -78.53 -78.75 -78.56 -78.09 -77.38 -76.50 -75.41 -74.00 -72.88 -72.22 -71.97 -72.00 -71.84 -71.59 -71.34 -71.16 -71.06 -70.94 -70.72 -70.53 -70.34 -70.12 -69.91 -69.78 -69.94 -70.09 -70.25 -70.41 -70.41 -70.25 -69.97 -69.53 -68.88 -68.03 -67.03 -65.97 -64.22 -62.12 -60.00 -57.91 -55.97 -54.31 -53.12 -52.66 -53.28 -54.47 -55.78 -56.41
-75.31 -75.28 -75.91 -76.56 -77.06 -77.41 -77.56 -77.59 -77.53 -77.41 -77.44 -77.50 -77.34 -76.94 -75.81 -74.03 -72.41 -71.31 -71.34 -72.53 -74.22 -76.09 -77.41 -77.97 -78.06 -77.88 -77.53 -76.97 -76.16 -75.12 -73.62 -72.16 -71.06 -70.59 -70.69 -71.06 -71.09 -70.97 -70.81 -70.66 -70.44 -70.16 -69.94 -69.78 -69.66 -69.47 -69.41 -69.47 -69.59 -69.72 -69.84 -69.84 -69.66 -69.38 -68.94 -68.41 -67.66 -66.75 -65.84 -64.44 -62.22 -59.91 -57.69 -55.69 -54.00 -52.81 -52.34 -52.97 -54.09 -55.03 -55.47
-75.41 -75.41 -75.78 -76.22 -76.59 -76.81 -76.88 -76.81 -76.66 -76.47 -76.53 -76.72 -76.69 -76.31 -75.34 -73.50 -71.88 -70.84 -71.12 -72.44 -74.22 -75.97 -76.94 -77.31 -77.25 -76.94 -76.69 -76.31 -75.66 -74.72 -73.44 -71.59 -70.12 -69.41 -69.50 -70.19 -70.50 -70.53 -70.41 -70.22 -69.94 -69.59 -69.25 -69.12 -69.16 -69.09 -69.06 -69.06 -69.09 -69.19 -69.28 -69.28 -69.06 -68.72 -68.31 -67.78 -67.16 -66.41 -65.41 -63.50 -61.34 -59.16 -57.06 -55.22 -53.75 -52.78 -52.34 -52.69 -53.44 -54.06 -54.50
-75.44 -75.44 -75.59 -75.84 -76.06 -76.22 -76.19 -76.03 -75.69 -75.28 -75.34 -75.72 -75.88 -75.66 -74.91 -73.44 -71.81 -70.91 -71.44 -72.84 -74.56 -75.78 -76.41 -76.50 -76.19 -75.69 -75.44 -75.28 -74.84 -74.12 -73.06 -71.31 -69.50 -68.50 -68.62 -69.50 -69.91 -70.00 -69.94 -69.78 -69.50 -69.12 -68.72 -68.62 -68.75 -68.75 -68.72 -68.69 -68.62 -68.66 -68.75 -68.69 -68.47 -68.06 -67.59 -67.09 -66.53 -65.81 -64.50 -62.69 -60.69 -58.66 -56.78 -55.19 -54.03 -53.38 -52.94 -52.59 -52.72 -53.22 -53.84
-75.41 -75.31 -75.34 -75.44 -75.56 -75.59 -75.53 -75.28 -74.78 -74.12 -74.00 -74.53 -74.94 -74.94 -74.44 -73.59 -72.12 -71.31 -72.03 -73.50 -74.69 -75.34 -75.62 -75.50 -74.94 -73.84 -73.34 -73.47 -73.59 -73.25 -72.44 -71.31 -69.28 -68.00 -68.09 -69.03 -69.34 -69.47 -69.50 -69.41 -69.19 -68.88 -68.53 -68.38 -68.44 -68.47 -68.44 -68.34 -68.25 -68.19 -68.22 -68.12 -67.91 -67.47 -66.84 -66.28 -65.66 -64.84 -63.69 -62.22 -60.56 -58.78 -57.12 -55.84 -55.06 -54.62 -54.06 -53.16 -52.50 -52.75 -53.50
-75.31 -75.16 -75.06 -75.00 -75.00 -75.00 -74.88 -74.56 -74.12 -73.12 -72.72 -73.09 -73.81 -74.00 -73.81 -73.28 -72.41 -71.69 -72.66 -73.69 -74.34 -74.69 -74.62 -74.44 -73.56 -72.06 -71.19 -71.06 -71.50 -71.94 -71.59 -70.88 -69.28 -67.75 -67.75 -68.59 -68.88 -68.97 -69.03 -69.03 -68.91 -68.72 -68.47 -68.28 -68.25 -68.25 -68.19 -68.06 -67.91 -67.78 -67.72 -67.62 -67.41 -67.03 -66.47 -65.81 -65.09 -64.34 -63.38 -62.19 -60.81 -59.38 -58.06 -57.16 -56.69 -56.28 -55.19 -53.75 -52.66 -52.56 -53.34
-75.19 -75.00 -74.81 -74.59 -74.44 -74.38 -74.22 -73.94 -73.56 -72.47 -71.66 -71.78 -72.66 -73.03 -73.00 -72.69 -72.19 -71.88 -72.66 -73.31 -73.72 -73.78 -73.66 -73.44 -72.47 -70.59 -69.25 -68.72 -68.91 -69.50 -70.12 -70.00 -68.75 -67.34 -67.22 -67.91 -68.28 -68.47 -68.59 -68.69 -68.66 -68.56 -68.41 -68.25 -68.16 -68.09 -67.97 -67.81 -67.62 -67.44 -67.25 -67.16 -66.97 -66.69 -66.28 -65.78 -65.16 -64.44 -63.59 -62.59 -61.53 -60.41 -59.44 -58.56 -57.66 -56.94 -55.88 -54.16 -52.84 -52.50 -53.22
-75.03 -74.81 -74.56 -74.22 -73.69 -73.41 -73.28 -73.19 -72.88 -71.91 -70.81 -70.62 -71.38 -72.06 -72.16 -72.00 -71.69 -71.66 -72.28 -72.69 -72.91 -72.81 -72.59 -72.34 -71.41 -69.50 -67.75 -66.75 -66.53 -66.91 -67.47 -67.78 -67.25 -66.47 -66.41 -66.91 -67.47 -67.94 -68.19 -68.34 -68.41 -68.38 -68.28 -68.19 -68.06 -67.97 -67.81 -67.62 -67.41 -67.12 -66.84 -66.69 -66.56 -66.41 -66.12 -65.72 -65.19 -64.53 -63.78 -62.91 -62.03 -61.06 -60.06 -59.09 -58.09 -57.22 -55.97 -54.22 -52.88 -52.44 -53.09
-74.91 -74.62 -74.34 -73.91 -73.19 -72.50 -72.00 -71.69 -71.44 -70.91 -70.00 -69.59 -70.19 -71.06 -71.38 -71.31 -71.00 -71.19 -71.66 -71.94 -72.00 -71.75 -71.16 -70.66 -70.00 -68.47 -66.69 -65.28 -64.66 -64.75 -65.22 -65.59 -65.53 -65.28 -65.41 -66.00 -66.72 -67.44 -67.78 -68.00 -68.12 -68.16 -68.12 -68.03 -67.94 -67.81 -67.66 -67.44 -67.19 -66.91 -66.56 -66.28 -66.16 -66.06 -65.91 -65.62 -65.19 -64.56 -63.84 -63.06 -62.22 -61.34 -60.34 -59.22 -58.09 -56.97 -55.38 -53.88 -52.72 -52.34 -52.94
-74.78 -74.47 -74.12 -73.66 -72.88 -71.97 -71.12 -70.50 -70.03 -69.62 -69.03 -68.62 -68.97 -69.69 -70.16 -70.12 -70.03 -70.50 -70.91 -71.09 -71.00 -70.56 -69.66 -69.00 -68.38 -67.31 -65.81 -64.41 -63.47 -63.31 -63.66 -64.00 -64.12 -64.16 -64.53 -65.31 -66.22 -67.03 -67.44 -67.66 -67.84 -67.91 -67.91 -67.84 -67.75 -67.62 -67.47 -67.28 -67.03 -66.78 -66.47 -66.16 -65.88 -65.72 -65.56 -65.38 -65.00 -64.50 -63.84 -63.06 -62.25 -61.34 -60.16 -58.56 -57.03 -55.72 -54.50 -53.41 -52.66 -52.53 -53.03
-74.66 -74.34 -73.94 -73.47 -72.81 -71.94 -71.00 -70.12 -69.34 -68.66 -68.03 -67.62 -67.75 -68.25 -68.59 -68.69 -68.91 -69.62 -70.16 -70.25 -70.03 -69.50 -68.53 -67.81 -67.19 -66.34 -65.25 -64.09 -63.22 -63.00 -63.22 -63.44 -63.50 -63.66 -64.19 -65.03 -65.97 -66.72 -67.12 -67.38 -67.56 -67.66 -67.66 -67.59 -67.50 -67.41 -67.28 -67.09 -66.91 -66.66 -66.38 -66.09 -65.75 -65.44 -65.19 -65.00 -64.72 -64.28 -63.69 -62.97 -62.19 -61.25 -59.75 -57.97 -56.38 -55.09 -54.12 -53.47 -53.19 -53.25 -53.59
-74.56 -74.25 -73.84 -73.38 -72.81 -72.19 -71.50 -70.69 -69.69 -68.56 -67.50 -66.75 -66.56 -66.78 -67.03 -67.25 -67.72 -68.56 -69.41 -69.47 -69.22 -68.69 -67.88 -67.31 -66.81 -66.22 -65.41 -64.50 -63.84 -63.72 -63.97 -64.12 -64.06 -64.06 -64.44 -65.19 -66.00 -66.53 -66.88 -67.16 -67.31 -67.41 -67.38 -67.31 -67.22 -67.16 -67.06 -66.94 -66.78 -66.53 -66.28 -65.97 -65.62 -65.16 -64.78 -64.53 -64.28 -63.91 -63.41 -62.78 -62.03 -61.22 -60.12 -58.28 -56.66 -55.41 -54.62 -54.28 -54.25 -54.34 -54.56
-74.50 -74.19 -73.81 -73.38 -72.84 -72.25 -71.62 -70.97 -70.28 -68.94 -67.47 -66.25 -65.56 -65.44 -65.56 -65.88 -66.47 -67.31 -68.12 -68.59 -68.50 -68.12 -67.72 -67.38 -67.06 -66.69 -66.06 -65.38 -64.88 -64.72 -64.88 -64.94 -64.81 -64.72 -64.97 -65.53 -66.03 -66.38 -66.69 -66.94 -67.06 -67.09 -67.06 -67.00 -66.94 -66.88 -66.84 -66.78 -66.62 -66.41 -66.16 -65.84 -65.47 -64.94 -64.41 -64.03 -63.75 -63.44 -63.00 -62.41 -61.69 -60.94 -60.12 -58.81 -57.22 -56.06 -55.47 -55.31 -55.38 -55.47 -55.59
-74.47 -74.19 -73.84 -73.41 -72.88 -72.28 -71.62 -71.00 -70.31 -68.94 -67.38 -65.97 -64.91 -64.41 -64.31 -64.59 -65.22 -66.03 -66.81 -67.34 -67.66 -67.75 -67.62 -67.44 -67.25 -67.00 -66.62 -66.22 -65.84 -65.59 -65.41 -65.31 -65.22 -65.19 -65.34 -65.66 -65.97 -66.25 -66.53 -66.72 -66.81 -66.81 -66.75 -66.66 -66.59 -66.62 -66.62 -66.59 -66.50 -66.31 -66.03 -65.75 -65.38 -64.88 -64.28 -63.62 -63.16 -62.88 -62.47 -61.94 -61.22 -60.47 -59.69 -58.81 -57.59 -56.66 -56.25 -56.19 -56.22 -56.22 -56.22
-74.34 -74.12 -73.78 -73.38 -72.84 -72.25 -71.59 -70.94 -69.91 -68.47 -67.03 -65.69 -64.69 -63.97 -63.59 -63.69 -64.28 -65.16 -66.03 -66.72 -67.22 -67.50 -67.59 -67.53 -67.41 -67.19 -66.88 -66.56 -66.22 -65.94 -65.69 -65.56 -65.47 -65.41 -65.44 -65.66 -65.91 -66.12 -66.34 -66.50 -66.53 -66.50 -66.41 -66.31 -66.28 -66.34 -66.38 -66.41 -66.34 -66.19 -65.94 -65.66 -65.34 -64.91 -64.41 -63.72 -62.94 -62.22 -61.62 -60.97 -60.19 -59.34 -58.66 -58.09 -57.53 -57.06 -56.84 -56.69 -56.56 -56.53 -56.53
-74.16 -73.91 -73.59 -73.22 -72.72 -72.16 -71.56 -70.72 -69.31 -67.91 -66.62 -65.66 -65.06 -64.47 -63.84 -63.62 -64.12 -65.06 -66.06 -66.88 -67.41 -67.62 -67.72 -67.69 -67.59 -67.38 -67.09 -66.78 -66.44 -66.16 -65.94 -65.81 -65.69 -65.56 -65.53 -65.66 -65.81 -66.00 -66.16 -66.25 -66.25 -66.22 -66.12 -66.03 -66.03 -66.09 -66.12 -66.16 -66.12 -65.97 -65.75 -65.53 -65.25 -64.91 -64.50 -63.91 -63.19 -62.25 -61.25 -60.31 -59.41 -58.59 -57.97 -57.62 -57.53 -57.38 -57.19 -57.00 -56.88 -56.84 -56.84
-73.91 -73.66 -73.38 -73.00 -72.53 -71.97 -71.25 -70.03 -68.72 -67.47 -66.56 -66.22 -66.16 -65.59 -64.75 -64.41 -64.81 -65.72 -66.66 -67.38 -67.69 -67.81 -67.88 -67.84 -67.75 -67.53 -67.25 -66.94 -66.62 -66.38 -66.19 -66.03 -65.88 -65.72 -65.59 -65.59 -65.75 -65.88 -65.97 -66.03 -66.03 -66.00 -65.91 -65.84 -65.81 -65.84 -65.88 -65.84 -65.81 -65.69 -65.47 -65.25 -65.00 -64.75 -64.44 -63.97 -63.34 -62.53 -61.56 -60.44 -59.44 -58.69 -58.22 -58.06 -57.88 -57.66 -57.44 -57.28 -57.16 -57.09 -57.09
-73.69 -73.41 -73.09 -72.66 -72.12 -71.41 -70.50 -69.44 -68.44 -67.59 -67.22 -67.38 -67.56 -66.88 -65.94 -65.53 -65.94 -66.69 -67.44 -67.84 -67.97 -68.03 -68.03 -67.97 -67.84 -67.59 -67.34 -67.06 -66.81 -66.56 -66.38 -66.19 -66.00 -65.81 -65.62 -65.53 -65.62 -65.75 -65.81 -65.88 -65.88 -65.84 -65.78 -65.72 -65.66 -65.62 -65.56 -65.53 -65.44 -65.31 -65.09 -64.81 -64.50 -64.25 -64.09 -63.81 -63.31 -62.66 -61.88 -60.97 -60.12 -59.44 -58.94 -58.53 -58.22 -57.94 -57.69 -57.50 -57.38 -57.31 -57.28
-73.53 -73.25 -72.88 -72.41 -71.75 -71.09 -70.34 -69.59 -68.94 -68.47 -68.31 -68.66 -68.78 -68.12 -67.19 -66.78 -67.09 -67.69 -68.09 -68.19 -68.22 -68.22 -68.19 -68.06 -67.88 -67.66 -67.41 -67.16 -66.94 -66.72 -66.53 -66.28 -66.06 -65.84 -65.62 -65.47 -65.56 -65.66 -65.69 -65.75 -65.75 -65.75 -65.69 -65.62 -65.53 -65.41 -65.28 -65.19 -65.06 -64.94 -64.69 -64.25 -63.69 -63.44 -63.44 -63.38 -63.09 -62.56 -61.91 -61.22 -60.53 -59.88 -59.31 -58.84 -58.44 -58.12 -57.88 -57.66 -57.50 -57.44 -57.38
-73.44 -73.19 -72.91 -72.53 -72.06 -71.53 -71.00 -70.50 -70.03 -69.62 -69.50 -69.53 -69.41 -69.12 -68.38 -67.94 -68.12 -68.44 -68.50 -68.50 -68.50 -68.44 -68.28 -68.09 -67.88 -67.66 -67.41 -67.19 -67.00 -66.81 -66.56 -66.31 -66.06 -65.81 -65.62 -65.50 -65.50 -65.59 -65.62 -65.69 -65.69 -65.69 -65.62 -65.53 -65.38 -65.19 -65.00 -64.81 -64.69 -64.56 -64.28 -63.72 -62.84 -62.34 -62.53 -62.72 -62.62 -62.28 -61.75 -61.19 -60.59 -60.00 -59.47 -59.00 -58.56 -58.22 -57.91 -57.69 -57.53 -57.47 -57.44
-73.38 -73.19 -72.97 -72.69 -72.41 -72.09 -71.72 -71.38 -71.03 -70.62 -70.31 -70.09 -69.94 -69.72 -69.34 -69.00 -68.91 -68.91 -68.84 -68.78 -68.69 -68.53 -68.31 -68.09 -67.84 -67.59 -67.34 -67.16 -66.94 -66.75 -66.53 -66.28 -66.03 -65.78 -65.62 -65.53 -65.50 -65.56 -65.59 -65.66 -65.66 -65.62 -65.56 -65.41 -65.22 -65.00 -64.75 -64.50 -64.34 -64.19 -63.91 -63.38 -62.56 -61.62 -61.38 -61.78 -61.91 -61.72 -61.38 -60.94 -60.44 -59.97 -59.47 -59.00 -58.56 -58.16 -57.81 -57.56 -57.47 -57.44 -57.47
-73.34 -73.19 -73.00 -72.78 -72.56 -72.31 -72.06 -71.78 -71.47 -71.16 -70.84 -70.62 -70.44 -70.16 -69.84 -69.53 -69.34 -69.22 -69.09 -68.97 -68.75 -68.53 -68.28 -68.03 -67.75 -67.47 -67.22 -67.00 -66.78 -66.62 -66.44 -66.22 -66.00 -65.81 -65.66 -65.56 -65.53 -65.53 -65.59 -65.62 -65.62 -65.56 -65.44 -65.28 -65.06 -64.81 -64.56 -64.28 -64.03 -63.81 -63.56 -63.09 -62.47 -61.53 -60.66 -60.59 -60.94 -61.00 -60.78 -60.47 -60.09 -59.69 -59.28 -58.84 -58.41 -57.97 -57.59 -57.41 -57.38 -57.41 -57.47
-73.34 -73.22 -73.06 -72.91 -72.72 -72.53 -72.31 -72.09 -71.81 -71.56 -71.31 -71.09 -70.84 -70.53 -70.19 -69.88 -69.66 -69.44 -69.22 -68.97 -68.69 -68.44 -68.16 -67.88 -67.56 -67.28 -67.03 -66.78 -66.59 -66.44 -66.28 -66.12 -65.97 -65.78 -65.66 -65.59 -65.53 -65.53 -65.53 -65.56 -65.53 -65.44 -65.31 -65.12 -64.91 -64.62 -64.34 -64.03 -63.72 -63.44 -63.16 -62.75 -62.16 -61.50 -60.34 -59.59 -59.62 -60.00 -60.06 -59.88 -59.59 -59.28 -58.94 -58.59 -58.16 -57.69 -57.31 -57.22 -57.28 -57.38 -57.47
-73.31 -73.22 -73.12 -73.00 -72.88 -72.75 -72.56 -72.38 -72.16 -71.91 -71.69 -71.47 -71.16 -70.81 -70.44 -70.09 -69.78 -69.50 -69.19 -68.88 -68.56 -68.25 -67.94 -67.66 -67.38 -67.06 -66.78 -66.53 -66.34 -66.22 -66.09 -66.00 -65.88 -65.75 -65.62 -65.53 -65.47 -65.44 -65.44 -65.41 -65.34 -65.25 -65.09 -64.91 -64.66 -64.38 -64.06 -63.75 -63.38 -63.03 -62.69 -62.28 -61.78 -61.16 -60.25 -59.00 -58.44 -58.75 -59.19 -59.19 -59.00 -58.78 -58.53 -58.22 -57.81 -57.34 -57.03 -57.09 -57.22 -57.34 -57.47
