everonasctiles/Tile45,32.asc
ncols 128
nrows 128
xllcorner 0
yllcorner 0
cellsize 2.0
NODATA_value  -9999
[rows 96 to 127 of 128, columns 0 to 70 of 128]
-73.72 -74.06 -74.41 -74.75 -75.12 -75.47 -75.81 -76.12 -76.44 -76.75 -77.00 -77.25 -77.44 -77.56 -77.62 -77.66 -77.69 -77.69 -77.62 -77.56 -77.44 -77.34 -77.28 -77.25 -77.22 -77.19 -77.16 -77.12 -77.06 -76.97 -76.88 -76.78 -76.69 -76.56 -76.47 -76.34 -76.28 -76.19 -76.16 -76.16 -76.19 -76.22 -76.28 -76.34 -76.41 -76.50 -76.56 -76.66 -76.72 -76.78 -76.84 -76.84 -76.81 -76.72 -76.66 -76.56 -76.50 -76.47 -76.44 -76.47 -76.50 -76.56 -76.62 -76.69 -76.75 -76.84 -76.94 -77.03 -77.16 -77.28 -77.44
-73.75 -74.12 -74.50 -74.88 -75.25 -75.66 -76.03 -76.38 -76.69 -76.97 -77.25 -77.47 -77.66 -77.75 -77.81 -77.88 -77.88 -77.88 -77.81 -77.72 -77.59 -77.50 -77.44 -77.38 -77.34 -77.31 -77.25 -77.19 -77.09 -77.00 -76.91 -76.81 -76.72 -76.59 -76.50 -76.41 -76.34 -76.28 -76.28 -76.28 -76.31 -76.34 -76.41 -76.47 -76.56 -76.62 -76.72 -76.78 -76.88 -76.94 -77.00 -77.00 -76.97 -76.88 -76.81 -76.75 -76.69 -76.66 -76.66 -76.66 -76.69 -76.75 -76.81 -76.88 -76.94 -77.00 -77.09 -77.19 -77.31 -77.41 -77.53
-73.78 -74.16 -74.56 -74.97 -75.38 -75.78 -76.19 -76.53 -76.88 -77.19 -77.44 -77.69 -77.84 -77.97 -78.03 -78.06 -78.09 -78.06 -78.00 -77.88 -77.75 -77.66 -77.56 -77.50 -77.44 -77.41 -77.34 -77.25 -77.16 -77.03 -76.94 -76.81 -76.72 -76.62 -76.56 -76.47 -76.44 -76.41 -76.38 -76.41 -76.44 -76.50 -76.53 -76.59 -76.69 -76.75 -76.84 -76.94 -77.00 -77.09 -77.12 -77.16 -77.12 -77.03 -76.97 -76.91 -76.88 -76.84 -76.84 -76.84 -76.88 -76.91 -76.97 -77.03 -77.12 -77.19 -77.25 -77.34 -77.44 -77.53 -77.62
-73.81 -74.19 -74.59 -75.00 -75.44 -75.88 -76.28 -76.69 -77.03 -77.34 -77.62 -77.84 -78.03 -78.12 -78.19 -78.25 -78.25 -78.25 -78.16 -78.03 -77.91 -77.78 -77.69 -77.62 -77.56 -77.50 -77.41 -77.31 -77.19 -77.06 -76.97 -76.84 -76.75 -76.66 -76.59 -76.53 -76.50 -76.50 -76.50 -76.53 -76.56 -76.62 -76.69 -76.75 -76.81 -76.88 -76.97 -77.06 -77.16 -77.22 -77.28 -77.28 -77.25 -77.19 -77.12 -77.09 -77.06 -77.03 -77.00 -77.00 -77.03 -77.09 -77.16 -77.22 -77.28 -77.34 -77.41 -77.50 -77.56 -77.66 -77.75
-73.97 -74.31 -74.69 -75.06 -75.47 -75.91 -76.38 -76.78 -77.12 -77.47 -77.75 -77.97 -78.16 -78.28 -78.38 -78.41 -78.41 -78.38 -78.31 -78.19 -78.06 -77.94 -77.81 -77.72 -77.66 -77.56 -77.47 -77.34 -77.25 -77.12 -77.00 -76.91 -76.81 -76.72 -76.66 -76.62 -76.59 -76.59 -76.62 -76.66 -76.69 -76.75 -76.81 -76.88 -76.94 -77.00 -77.09 -77.19 -77.28 -77.34 -77.41 -77.44 -77.41 -77.34 -77.28 -77.25 -77.22 -77.19 -77.19 -77.19 -77.22 -77.28 -77.34 -77.41 -77.47 -77.53 -77.59 -77.62 -77.69 -77.78 -77.88
-74.12 -74.50 -74.91 -75.28 -75.66 -76.03 -76.47 -76.88 -77.25 -77.59 -77.88 -78.09 -78.28 -78.41 -78.50 -78.56 -78.56 -78.53 -78.44 -78.31 -78.19 -78.06 -77.94 -77.84 -77.75 -77.66 -77.53 -77.41 -77.31 -77.19 -77.06 -76.97 -76.88 -76.78 -76.72 -76.69 -76.66 -76.69 -76.75 -76.78 -76.81 -76.88 -76.94 -77.00 -77.06 -77.12 -77.22 -77.31 -77.41 -77.50 -77.53 -77.56 -77.53 -77.50 -77.44 -77.41 -77.41 -77.38 -77.38 -77.38 -77.41 -77.47 -77.53 -77.62 -77.66 -77.72 -77.75 -77.78 -77.84 -77.88 -77.97
-74.28 -74.69 -75.09 -75.50 -75.91 -76.28 -76.66 -77.03 -77.44 -77.75 -78.03 -78.25 -78.44 -78.56 -78.66 -78.69 -78.69 -78.66 -78.56 -78.44 -78.31 -78.19 -78.06 -77.94 -77.84 -77.72 -77.59 -77.50 -77.38 -77.28 -77.16 -77.06 -76.94 -76.84 -76.78 -76.72 -76.72 -76.75 -76.81 -76.88 -76.94 -77.00 -77.06 -77.12 -77.19 -77.25 -77.34 -77.44 -77.53 -77.62 -77.69 -77.69 -77.69 -77.62 -77.59 -77.56 -77.56 -77.56 -77.56 -77.59 -77.62 -77.69 -77.75 -77.81 -77.88 -77.91 -77.94 -77.94 -77.97 -78.00 -78.06
-74.38 -74.81 -75.25 -75.69 -76.12 -76.53 -76.91 -77.28 -77.59 -77.91 -78.19 -78.41 -78.56 -78.69 -78.78 -78.84 -78.84 -78.78 -78.72 -78.59 -78.47 -78.34 -78.19 -78.03 -77.91 -77.81 -77.69 -77.59 -77.47 -77.38 -77.28 -77.16 -77.03 -76.94 -76.84 -76.78 -76.75 -76.81 -76.88 -76.97 -77.03 -77.12 -77.19 -77.25 -77.31 -77.38 -77.47 -77.56 -77.66 -77.75 -77.81 -77.81 -77.81 -77.78 -77.75 -77.72 -77.75 -77.75 -77.78 -77.81 -77.84 -77.91 -77.97 -78.03 -78.09 -78.09 -78.12 -78.12 -78.12 -78.12 -78.16
-74.34 -74.81 -75.31 -75.78 -76.28 -76.72 -77.12 -77.47 -77.78 -78.09 -78.38 -78.56 -78.72 -78.84 -78.94 -79.00 -79.00 -78.94 -78.84 -78.75 -78.62 -78.47 -78.31 -78.16 -78.00 -77.88 -77.78 -77.69 -77.59 -77.50 -77.38 -77.25 -77.12 -77.00 -76.91 -76.81 -76.78 -76.81 -76.91 -77.00 -77.09 -77.19 -77.28 -77.38 -77.44 -77.50 -77.59 -77.69 -77.81 -77.88 -77.94 -77.97 -77.94 -77.91 -77.91 -77.91 -77.91 -77.94 -78.00 -78.03 -78.06 -78.12 -78.19 -78.25 -78.28 -78.31 -78.31 -78.28 -78.28 -78.28 -78.31
-74.25 -74.72 -75.22 -75.75 -76.28 -76.78 -77.22 -77.59 -77.97 -78.25 -78.53 -78.72 -78.91 -79.00 -79.09 -79.12 -79.12 -79.09 -79.00 -78.88 -78.75 -78.59 -78.41 -78.25 -78.12 -78.00 -77.91 -77.81 -77.72 -77.59 -77.50 -77.34 -77.22 -77.06 -76.94 -76.84 -76.81 -76.84 -76.94 -77.03 -77.16 -77.25 -77.38 -77.47 -77.56 -77.62 -77.72 -77.81 -77.94 -78.00 -78.06 -78.09 -78.06 -78.06 -78.06 -78.06 -78.09 -78.16 -78.19 -78.25 -78.31 -78.38 -78.41 -78.47 -78.50 -78.50 -78.50 -78.47 -78.47 -78.44 -78.44
-74.03 -74.50 -75.06 -75.66 -76.22 -76.72 -77.22 -77.66 -78.03 -78.38 -78.66 -78.88 -79.03 -79.16 -79.25 -79.28 -79.28 -79.22 -79.12 -79.03 -78.88 -78.72 -78.53 -78.38 -78.22 -78.12 -78.03 -77.94 -77.84 -77.72 -77.59 -77.44 -77.31 -77.16 -77.00 -76.91 -76.84 -76.88 -76.94 -77.06 -77.19 -77.31 -77.44 -77.53 -77.66 -77.75 -77.84 -77.94 -78.03 -78.12 -78.19 -78.19 -78.19 -78.22 -78.22 -78.25 -78.31 -78.38 -78.41 -78.47 -78.53 -78.59 -78.62 -78.69 -78.72 -78.72 -78.69 -78.66 -78.62 -78.62 -78.59
-73.75 -74.25 -74.84 -75.50 -76.09 -76.66 -77.19 -77.66 -78.06 -78.44 -78.72 -78.97 -79.16 -79.28 -79.38 -79.41 -79.41 -79.34 -79.28 -79.16 -79.00 -78.81 -78.66 -78.47 -78.34 -78.25 -78.16 -78.09 -77.97 -77.88 -77.72 -77.56 -77.38 -77.22 -77.06 -76.94 -76.88 -76.88 -76.97 -77.06 -77.19 -77.31 -77.47 -77.59 -77.72 -77.84 -77.94 -78.06 -78.16 -78.25 -78.31 -78.31 -78.34 -78.34 -78.41 -78.44 -78.50 -78.56 -78.62 -78.69 -78.75 -78.81 -78.84 -78.91 -78.91 -78.91 -78.88 -78.84 -78.81 -78.78 -78.75
-73.56 -74.12 -74.81 -75.47 -76.09 -76.66 -77.19 -77.66 -78.06 -78.44 -78.78 -79.03 -79.22 -79.38 -79.47 -79.50 -79.50 -79.47 -79.38 -79.25 -79.09 -78.94 -78.75 -78.59 -78.47 -78.38 -78.31 -78.22 -78.12 -78.00 -77.84 -77.69 -77.50 -77.31 -77.16 -77.00 -76.91 -76.88 -76.97 -77.06 -77.19 -77.31 -77.47 -77.59 -77.75 -77.88 -78.00 -78.12 -78.25 -78.38 -78.44 -78.47 -78.50 -78.53 -78.56 -78.62 -78.69 -78.75 -78.81 -78.91 -78.97 -79.03 -79.06 -79.09 -79.12 -79.09 -79.06 -79.03 -78.97 -78.94 -78.91
-73.62 -74.22 -74.88 -75.53 -76.12 -76.69 -77.19 -77.66 -78.09 -78.47 -78.78 -79.06 -79.25 -79.41 -79.53 -79.56 -79.59 -79.56 -79.47 -79.34 -79.19 -79.03 -78.84 -78.72 -78.62 -78.53 -78.47 -78.38 -78.25 -78.12 -77.97 -77.81 -77.59 -77.41 -77.22 -77.06 -76.94 -76.88 -76.97 -77.06 -77.19 -77.31 -77.44 -77.59 -77.75 -77.88 -78.03 -78.19 -78.34 -78.47 -78.56 -78.59 -78.66 -78.69 -78.75 -78.81 -78.88 -78.94 -79.00 -79.09 -79.16 -79.22 -79.25 -79.28 -79.28 -79.28 -79.22 -79.19 -79.12 -79.09 -79.03
-73.72 -74.31 -74.94 -75.53 -76.16 -76.72 -77.25 -77.72 -78.12 -78.50 -78.81 -79.06 -79.28 -79.44 -79.56 -79.62 -79.66 -79.62 -79.53 -79.41 -79.25 -79.09 -78.94 -78.84 -78.75 -78.69 -78.59 -78.50 -78.41 -78.25 -78.09 -77.91 -77.72 -77.50 -77.31 -77.12 -76.97 -76.88 -76.97 -77.06 -77.19 -77.31 -77.44 -77.59 -77.72 -77.91 -78.06 -78.25 -78.41 -78.56 -78.69 -78.75 -78.81 -78.84 -78.91 -78.97 -79.06 -79.12 -79.19 -79.25 -79.31 -79.38 -79.44 -79.44 -79.44 -79.44 -79.38 -79.31 -79.28 -79.22 -79.19
-73.78 -74.38 -74.97 -75.59 -76.19 -76.75 -77.28 -77.75 -78.19 -78.53 -78.84 -79.09 -79.31 -79.47 -79.59 -79.69 -79.72 -79.69 -79.59 -79.47 -79.31 -79.19 -79.06 -78.97 -78.91 -78.84 -78.75 -78.62 -78.50 -78.34 -78.19 -78.00 -77.78 -77.59 -77.38 -77.19 -77.03 -76.94 -77.03 -77.12 -77.22 -77.34 -77.47 -77.59 -77.75 -77.91 -78.09 -78.28 -78.47 -78.66 -78.81 -78.91 -78.97 -79.03 -79.09 -79.16 -79.22 -79.28 -79.34 -79.41 -79.47 -79.53 -79.56 -79.59 -79.59 -79.56 -79.50 -79.44 -79.41 -79.34 -79.28
-73.84 -74.44 -75.06 -75.66 -76.25 -76.78 -77.31 -77.78 -78.22 -78.59 -78.91 -79.16 -79.38 -79.53 -79.66 -79.75 -79.78 -79.75 -79.69 -79.56 -79.41 -79.28 -79.19 -79.09 -79.06 -78.97 -78.88 -78.75 -78.59 -78.44 -78.28 -78.06 -77.84 -77.62 -77.44 -77.25 -77.06 -77.00 -77.12 -77.22 -77.31 -77.44 -77.53 -77.66 -77.81 -77.97 -78.16 -78.34 -78.53 -78.75 -78.91 -79.03 -79.12 -79.19 -79.25 -79.31 -79.38 -79.44 -79.47 -79.53 -79.59 -79.66 -79.69 -79.72 -79.72 -79.69 -79.62 -79.56 -79.50 -79.44 -79.41
-73.94 -74.53 -75.12 -75.72 -76.28 -76.81 -77.31 -77.78 -78.22 -78.62 -78.97 -79.25 -79.47 -79.62 -79.75 -79.81 -79.88 -79.84 -79.75 -79.62 -79.50 -79.41 -79.31 -79.25 -79.19 -79.09 -78.97 -78.84 -78.69 -78.53 -78.34 -78.12 -77.91 -77.69 -77.50 -77.31 -77.12 -77.12 -77.22 -77.34 -77.47 -77.56 -77.66 -77.78 -77.91 -78.06 -78.22 -78.41 -78.59 -78.81 -79.00 -79.16 -79.25 -79.34 -79.41 -79.47 -79.53 -79.56 -79.62 -79.66 -79.72 -79.78 -79.81 -79.81 -79.81 -79.75 -79.72 -79.66 -79.59 -79.53 -79.47
-73.97 -74.59 -75.22 -75.84 -76.41 -76.91 -77.38 -77.84 -78.28 -78.69 -79.03 -79.34 -79.56 -79.72 -79.84 -79.94 -79.94 -79.91 -79.84 -79.72 -79.62 -79.53 -79.47 -79.41 -79.31 -79.19 -79.06 -78.91 -78.78 -78.59 -78.41 -78.19 -77.97 -77.78 -77.56 -77.38 -77.22 -77.25 -77.34 -77.47 -77.59 -77.72 -77.81 -77.91 -78.00 -78.12 -78.31 -78.47 -78.69 -78.88 -79.06 -79.22 -79.34 -79.47 -79.56 -79.62 -79.66 -79.72 -79.75 -79.78 -79.84 -79.88 -79.91 -79.91 -79.88 -79.84 -79.78 -79.72 -79.66 -79.59 -79.50
-73.84 -74.72 -75.38 -76.03 -76.62 -77.12 -77.59 -78.00 -78.44 -78.81 -79.16 -79.44 -79.66 -79.84 -79.94 -80.03 -80.03 -80.00 -79.94 -79.84 -79.72 -79.66 -79.59 -79.53 -79.41 -79.28 -79.12 -79.00 -78.84 -78.66 -78.47 -78.28 -78.06 -77.84 -77.66 -77.50 -77.38 -77.41 -77.50 -77.62 -77.75 -77.88 -77.97 -78.03 -78.12 -78.22 -78.38 -78.56 -78.75 -78.94 -79.12 -79.28 -79.44 -79.56 -79.66 -79.75 -79.81 -79.84 -79.88 -79.91 -79.94 -79.97 -79.97 -79.97 -79.94 -79.91 -79.84 -79.78 -79.69 -79.62 -79.53
-73.50 -74.69 -75.59 -76.22 -76.84 -77.41 -77.88 -78.28 -78.62 -78.97 -79.28 -79.56 -79.78 -79.94 -80.06 -80.12 -80.16 -80.09 -80.03 -79.94 -79.84 -79.78 -79.72 -79.62 -79.50 -79.34 -79.19 -79.06 -78.91 -78.72 -78.53 -78.34 -78.12 -77.94 -77.75 -77.59 -77.50 -77.56 -77.66 -77.78 -77.91 -78.03 -78.12 -78.19 -78.25 -78.31 -78.47 -78.62 -78.81 -79.00 -79.19 -79.34 -79.47 -79.59 -79.72 -79.84 -79.91 -79.97 -80.00 -80.03 -80.03 -80.06 -80.06 -80.03 -80.00 -79.97 -79.88 -79.81 -79.72 -79.66 -79.53
-73.22 -74.56 -75.75 -76.44 -77.06 -77.62 -78.12 -78.53 -78.88 -79.16 -79.44 -79.69 -79.91 -80.06 -80.16 -80.22 -80.25 -80.19 -80.12 -80.06 -80.00 -79.91 -79.84 -79.72 -79.56 -79.41 -79.25 -79.09 -78.94 -78.78 -78.59 -78.41 -78.22 -78.00 -77.84 -77.69 -77.66 -77.72 -77.81 -77.94 -78.09 -78.19 -78.28 -78.34 -78.38 -78.44 -78.53 -78.69 -78.88 -79.06 -79.25 -79.41 -79.53 -79.66 -79.78 -79.91 -80.00 -80.06 -80.09 -80.09 -80.12 -80.12 -80.12 -80.09 -80.06 -80.00 -79.94 -79.84 -79.75 -79.66 -79.56
-73.16 -74.47 -75.81 -76.59 -77.19 -77.78 -78.31 -78.75 -79.06 -79.34 -79.59 -79.81 -80.00 -80.16 -80.25 -80.31 -80.31 -80.28 -80.25 -80.19 -80.09 -80.03 -79.94 -79.78 -79.62 -79.47 -79.28 -79.12 -78.94 -78.78 -78.62 -78.44 -78.25 -78.06 -77.91 -77.78 -77.78 -77.88 -78.00 -78.12 -78.25 -78.34 -78.44 -78.50 -78.53 -78.56 -78.66 -78.81 -78.97 -79.16 -79.31 -79.47 -79.59 -79.72 -79.84 -79.97 -80.06 -80.12 -80.19 -80.19 -80.19 -80.16 -80.16 -80.12 -80.09 -80.03 -79.94 -79.88 -79.78 -79.69 -79.56
-73.22 -74.47 -75.78 -76.72 -77.31 -77.88 -78.44 -78.88 -79.22 -79.53 -79.75 -79.94 -80.12 -80.25 -80.34 -80.41 -80.41 -80.38 -80.34 -80.28 -80.22 -80.12 -80.00 -79.88 -79.69 -79.50 -79.31 -79.12 -78.97 -78.78 -78.62 -78.44 -78.28 -78.12 -77.97 -77.88 -77.94 -78.03 -78.16 -78.28 -78.41 -78.50 -78.59 -78.66 -78.69 -78.72 -78.81 -78.94 -79.09 -79.25 -79.44 -79.56 -79.69 -79.81 -79.91 -80.03 -80.12 -80.19 -80.25 -80.25 -80.25 -80.22 -80.19 -80.16 -80.12 -80.06 -79.97 -79.88 -79.78 -79.69 -79.59
-73.50 -74.50 -75.66 -76.75 -77.41 -77.97 -78.50 -78.97 -79.34 -79.62 -79.88 -80.06 -80.22 -80.34 -80.41 -80.47 -80.47 -80.44 -80.41 -80.38 -80.31 -80.22 -80.09 -79.94 -79.75 -79.56 -79.38 -79.19 -79.00 -78.81 -78.66 -78.47 -78.31 -78.16 -78.03 -78.00 -78.06 -78.16 -78.28 -78.44 -78.56 -78.66 -78.75 -78.81 -78.84 -78.91 -78.97 -79.09 -79.22 -79.41 -79.56 -79.69 -79.81 -79.91 -80.00 -80.09 -80.16 -80.25 -80.28 -80.31 -80.31 -80.28 -80.25 -80.22 -80.16 -80.09 -80.00 -79.91 -79.81 -79.72 -79.59
-74.06 -74.75 -75.69 -76.69 -77.44 -78.03 -78.53 -79.00 -79.38 -79.69 -79.94 -80.12 -80.28 -80.41 -80.47 -80.53 -80.53 -80.53 -80.50 -80.47 -80.41 -80.31 -80.19 -80.03 -79.88 -79.69 -79.50 -79.31 -79.09 -78.91 -78.75 -78.56 -78.41 -78.25 -78.16 -78.16 -78.22 -78.31 -78.44 -78.56 -78.69 -78.81 -78.91 -78.97 -79.03 -79.09 -79.16 -79.28 -79.41 -79.53 -79.69 -79.81 -79.91 -80.00 -80.09 -80.16 -80.22 -80.28 -80.34 -80.38 -80.34 -80.34 -80.28 -80.25 -80.19 -80.12 -80.03 -79.94 -79.84 -79.72 -79.62
-74.75 -75.34 -76.00 -76.75 -77.44 -78.06 -78.56 -79.00 -79.38 -79.69 -79.94 -80.12 -80.28 -80.41 -80.53 -80.59 -80.62 -80.62 -80.59 -80.56 -80.50 -80.41 -80.28 -80.16 -80.00 -79.84 -79.66 -79.50 -79.31 -79.16 -78.97 -78.78 -78.56 -78.47 -78.41 -78.41 -78.44 -78.50 -78.59 -78.72 -78.84 -78.97 -79.06 -79.12 -79.19 -79.28 -79.34 -79.44 -79.56 -79.69 -79.81 -79.94 -80.03 -80.12 -80.19 -80.25 -80.31 -80.34 -80.41 -80.41 -80.41 -80.38 -80.31 -80.25 -80.19 -80.12 -80.03 -79.94 -79.84 -79.75 -79.62
-75.03 -75.66 -76.31 -76.91 -77.50 -78.06 -78.56 -78.97 -79.31 -79.62 -79.91 -80.09 -80.28 -80.44 -80.56 -80.66 -80.72 -80.72 -80.72 -80.69 -80.62 -80.53 -80.41 -80.28 -80.16 -80.03 -79.91 -79.78 -79.62 -79.44 -79.25 -79.06 -78.88 -78.78 -78.75 -78.72 -78.69 -78.72 -78.78 -78.88 -79.00 -79.09 -79.19 -79.28 -79.38 -79.44 -79.53 -79.62 -79.72 -79.84 -79.94 -80.06 -80.16 -80.22 -80.28 -80.34 -80.38 -80.41 -80.44 -80.44 -80.44 -80.38 -80.31 -80.25 -80.19 -80.09 -80.03 -79.94 -79.84 -79.72 -79.59
-75.25 -75.94 -76.56 -77.12 -77.66 -78.16 -78.56 -78.94 -79.28 -79.56 -79.81 -80.03 -80.22 -80.41 -80.56 -80.69 -80.81 -80.84 -80.84 -80.81 -80.78 -80.69 -80.59 -80.50 -80.38 -80.31 -80.22 -80.09 -79.97 -79.78 -79.59 -79.38 -79.22 -79.19 -79.12 -79.06 -79.00 -78.97 -78.97 -79.03 -79.12 -79.22 -79.34 -79.44 -79.53 -79.62 -79.72 -79.78 -79.88 -80.00 -80.09 -80.19 -80.25 -80.31 -80.38 -80.41 -80.47 -80.47 -80.50 -80.50 -80.47 -80.41 -80.34 -80.25 -80.16 -80.06 -79.97 -79.88 -79.78 -79.66 -79.56
-75.47 -76.16 -76.78 -77.34 -77.84 -78.25 -78.62 -78.97 -79.25 -79.50 -79.75 -79.97 -80.19 -80.38 -80.56 -80.75 -80.88 -80.97 -81.00 -81.00 -80.97 -80.91 -80.81 -80.75 -80.66 -80.62 -80.56 -80.50 -80.34 -80.19 -80.00 -79.78 -79.66 -79.59 -79.53 -79.44 -79.34 -79.25 -79.19 -79.19 -79.28 -79.38 -79.47 -79.56 -79.66 -79.78 -79.84 -79.94 -80.03 -80.12 -80.19 -80.28 -80.34 -80.41 -80.47 -80.50 -80.53 -80.53 -80.53 -80.53 -80.47 -80.41 -80.34 -80.25 -80.12 -80.03 -79.91 -79.81 -79.72 -79.59 -79.47
-75.62 -76.28 -76.88 -77.44 -77.91 -78.31 -78.66 -78.97 -79.22 -79.47 -79.69 -79.94 -80.16 -80.38 -80.59 -80.78 -80.97 -81.12 -81.19 -81.22 -81.22 -81.16 -81.09 -81.03 -81.00 -80.97 -80.97 -80.91 -80.78 -80.59 -80.41 -80.22 -80.09 -80.03 -79.97 -79.84 -79.69 -79.56 -79.44 -79.38 -79.44 -79.53 -79.62 -79.72 -79.81 -79.91 -80.00 -80.09 -80.16 -80.25 -80.31 -80.38 -80.44 -80.50 -80.53 -80.56 -80.56 -80.59 -80.59 -80.56 -80.50 -80.44 -80.34 -80.25 -80.12 -80.03 -79.91 -79.78 -79.66 -79.53 -79.44
-75.69 -76.31 -76.88 -77.41 -77.88 -78.28 -78.62 -78.91 -79.19 -79.44 -79.69 -79.91 -80.16 -80.41 -80.62 -80.88 -81.09 -81.28 -81.41 -81.50 -81.50 -81.47 -81.44 -81.38 -81.34 -81.38 -81.38 -81.34 -81.22 -81.03 -80.84 -80.69 -80.56 -80.50 -80.41 -80.25 -80.06 -79.88 -79.72 -79.59 -79.62 -79.69 -79.78 -79.88 -79.94 -80.03 -80.12 -80.22 -80.28 -80.34 -80.41 -80.47 -80.50 -80.56 -80.59 -80.59 -80.62 -80.62 -80.62 -80.59 -80.53 -80.47 -80.38 -80.28 -80.16 -80.03 -79.91 -79.78 -79.66 -79.53 -79.41
