everonasctiles/Tile[2,9].asc
ncols 128
nrows 128
xllcorner 0
yllcorner 0
cellsize 2.0
NODATA_value  -9999
[rows 96 to 127 of 128, columns 0 to 70 of 128]
-50.25 -50.22 -50.22 -50.19 -50.16 -50.16 -50.16 -50.12 -50.12 -50.12 -50.09 -50.09 -50.06 -50.06 -50.03 -50.00 -49.97 -49.97 -49.94 -49.91 -49.88 -49.81 -49.78 -49.75 -49.69 -49.66 -49.62 -49.56 -49.53 -49.47 -49.41 -49.31 -49.22 -49.12 -49.03 -48.97 -48.88 -48.81 -48.78 -48.75 -48.72 -48.72 -48.72 -48.69 -48.69 -48.69 -48.66 -48.62 -48.59 -48.56 -48.50 -48.44 -48.34 -48.28 -48.22 -48.16 -48.16 -48.19 -48.22 -48.28 -48.31 -48.34 -48.38 -48.41 -48.41 -48.41 -48.38 -48.38 -48.34 -48.31 -48.31
-50.22 -50.22 -50.22 -50.19 -50.19 -50.16 -50.16 -50.16 -50.12 -50.12 -50.09 -50.09 -50.06 -50.06 -50.03 -50.00 -50.00 -49.97 -49.94 -49.91 -49.84 -49.81 -49.78 -49.72 -49.69 -49.62 -49.59 -49.53 -49.50 -49.44 -49.34 -49.28 -49.19 -49.09 -49.00 -48.91 -48.81 -48.75 -48.69 -48.66 -48.66 -48.66 -48.66 -48.66 -48.62 -48.62 -48.62 -48.59 -48.56 -48.53 -48.47 -48.41 -48.31 -48.25 -48.19 -48.12 -48.12 -48.16 -48.19 -48.22 -48.28 -48.28 -48.31 -48.31 -48.34 -48.34 -48.31 -48.31 -48.28 -48.28 -48.28
-50.22 -50.22 -50.22 -50.19 -50.19 -50.16 -50.16 -50.16 -50.12 -50.12 -50.09 -50.09 -50.06 -50.06 -50.03 -50.00 -49.97 -49.94 -49.91 -49.88 -49.84 -49.81 -49.75 -49.72 -49.66 -49.62 -49.56 -49.50 -49.44 -49.38 -49.31 -49.22 -49.12 -49.03 -48.94 -48.84 -48.75 -48.69 -48.62 -48.59 -48.59 -48.59 -48.59 -48.59 -48.59 -48.59 -48.59 -48.56 -48.53 -48.50 -48.44 -48.38 -48.28 -48.22 -48.16 -48.12 -48.09 -48.12 -48.16 -48.19 -48.22 -48.22 -48.25 -48.25 -48.28 -48.28 -48.25 -48.25 -48.25 -48.25 -48.22
-50.19 -50.19 -50.19 -50.19 -50.19 -50.16 -50.16 -50.12 -50.12 -50.09 -50.09 -50.06 -50.06 -50.03 -50.03 -50.00 -49.97 -49.94 -49.91 -49.84 -49.81 -49.78 -49.75 -49.69 -49.66 -49.59 -49.53 -49.47 -49.41 -49.34 -49.25 -49.19 -49.09 -49.00 -48.91 -48.81 -48.72 -48.62 -48.56 -48.53 -48.53 -48.53 -48.53 -48.53 -48.56 -48.53 -48.53 -48.50 -48.47 -48.44 -48.41 -48.34 -48.28 -48.22 -48.16 -48.09 -48.09 -48.09 -48.12 -48.16 -48.16 -48.19 -48.19 -48.19 -48.19 -48.19 -48.19 -48.19 -48.19 -48.19 -48.19
-50.19 -50.19 -50.19 -50.19 -50.19 -50.16 -50.16 -50.12 -50.09 -50.09 -50.06 -50.06 -50.03 -50.03 -50.00 -49.97 -49.94 -49.91 -49.88 -49.84 -49.78 -49.75 -49.72 -49.66 -49.62 -49.56 -49.50 -49.44 -49.38 -49.31 -49.22 -49.16 -49.06 -48.97 -48.88 -48.78 -48.69 -48.59 -48.53 -48.47 -48.47 -48.47 -48.50 -48.50 -48.50 -48.50 -48.47 -48.44 -48.44 -48.41 -48.34 -48.31 -48.25 -48.19 -48.16 -48.09 -48.06 -48.06 -48.09 -48.12 -48.12 -48.12 -48.12 -48.12 -48.12 -48.12 -48.16 -48.16 -48.16 -48.16 -48.16
-50.16 -50.16 -50.16 -50.16 -50.16 -50.16 -50.12 -50.12 -50.09 -50.06 -50.06 -50.03 -50.00 -50.00 -49.97 -49.94 -49.94 -49.88 -49.84 -49.81 -49.75 -49.72 -49.69 -49.62 -49.56 -49.50 -49.44 -49.38 -49.31 -49.25 -49.19 -49.12 -49.03 -48.94 -48.84 -48.75 -48.66 -48.56 -48.47 -48.44 -48.41 -48.41 -48.44 -48.44 -48.44 -48.44 -48.41 -48.38 -48.38 -48.34 -48.31 -48.28 -48.22 -48.19 -48.12 -48.09 -48.06 -48.03 -48.06 -48.06 -48.06 -48.06 -48.06 -48.06 -48.06 -48.06 -48.09 -48.09 -48.09 -48.12 -48.12
-50.12 -50.12 -50.12 -50.16 -50.12 -50.12 -50.09 -50.09 -50.06 -50.06 -50.03 -50.00 -49.97 -49.97 -49.94 -49.91 -49.91 -49.88 -49.81 -49.78 -49.72 -49.69 -49.62 -49.59 -49.53 -49.47 -49.41 -49.34 -49.28 -49.22 -49.16 -49.09 -49.03 -48.94 -48.84 -48.75 -48.62 -48.53 -48.47 -48.41 -48.38 -48.38 -48.38 -48.38 -48.38 -48.34 -48.34 -48.31 -48.28 -48.28 -48.25 -48.22 -48.19 -48.12 -48.09 -48.06 -48.03 -48.00 -48.00 -48.00 -48.00 -48.03 -48.03 -48.03 -48.00 -48.00 -48.03 -48.03 -48.03 -48.03 -48.03
-50.06 -50.09 -50.09 -50.09 -50.09 -50.09 -50.09 -50.06 -50.06 -50.03 -50.00 -49.97 -49.94 -49.91 -49.91 -49.88 -49.84 -49.84 -49.78 -49.75 -49.72 -49.66 -49.59 -49.56 -49.50 -49.44 -49.41 -49.34 -49.28 -49.22 -49.16 -49.06 -49.00 -48.91 -48.81 -48.72 -48.62 -48.50 -48.44 -48.38 -48.31 -48.31 -48.31 -48.31 -48.31 -48.28 -48.28 -48.25 -48.22 -48.22 -48.19 -48.16 -48.12 -48.09 -48.06 -48.03 -48.00 -47.97 -47.97 -47.94 -47.94 -47.97 -47.97 -47.97 -47.94 -47.94 -47.94 -47.94 -47.94 -47.97 -47.97
-50.00 -50.03 -50.06 -50.06 -50.06 -50.06 -50.03 -50.03 -50.03 -50.00 -49.97 -49.94 -49.91 -49.88 -49.84 -49.84 -49.81 -49.78 -49.75 -49.72 -49.69 -49.66 -49.59 -49.53 -49.50 -49.44 -49.38 -49.31 -49.25 -49.19 -49.12 -49.06 -48.97 -48.88 -48.81 -48.69 -48.59 -48.50 -48.41 -48.31 -48.28 -48.25 -48.25 -48.25 -48.25 -48.22 -48.22 -48.19 -48.16 -48.16 -48.12 -48.09 -48.09 -48.06 -48.03 -47.97 -47.94 -47.91 -47.91 -47.88 -47.88 -47.88 -47.88 -47.88 -47.88 -47.88 -47.84 -47.84 -47.88 -47.88 -47.88
-49.94 -49.97 -50.00 -50.00 -50.00 -50.00 -50.00 -50.00 -49.97 -49.97 -49.94 -49.88 -49.84 -49.81 -49.78 -49.78 -49.75 -49.75 -49.72 -49.69 -49.66 -49.62 -49.59 -49.53 -49.47 -49.44 -49.38 -49.31 -49.25 -49.19 -49.09 -49.03 -48.94 -48.88 -48.78 -48.69 -48.56 -48.47 -48.38 -48.28 -48.25 -48.22 -48.19 -48.19 -48.19 -48.16 -48.16 -48.12 -48.12 -48.09 -48.09 -48.06 -48.03 -48.03 -47.97 -47.94 -47.91 -47.88 -47.84 -47.81 -47.81 -47.81 -47.81 -47.81 -47.78 -47.78 -47.78 -47.78 -47.75 -47.78 -47.75
-49.88 -49.91 -49.94 -49.94 -49.94 -49.94 -49.94 -49.94 -49.94 -49.91 -49.88 -49.81 -49.78 -49.75 -49.72 -49.69 -49.69 -49.69 -49.66 -49.66 -49.62 -49.59 -49.53 -49.50 -49.47 -49.41 -49.34 -49.31 -49.22 -49.16 -49.06 -49.00 -48.91 -48.84 -48.75 -48.66 -48.56 -48.44 -48.34 -48.25 -48.19 -48.16 -48.16 -48.12 -48.12 -48.12 -48.09 -48.09 -48.09 -48.06 -48.06 -48.03 -48.03 -48.00 -47.94 -47.91 -47.88 -47.81 -47.78 -47.75 -47.75 -47.72 -47.72 -47.72 -47.72 -47.69 -47.69 -47.69 -47.66 -47.66 -47.66
-49.81 -49.84 -49.88 -49.88 -49.88 -49.88 -49.88 -49.88 -49.88 -49.84 -49.81 -49.75 -49.72 -49.66 -49.62 -49.62 -49.59 -49.59 -49.59 -49.56 -49.56 -49.53 -49.50 -49.44 -49.41 -49.38 -49.31 -49.25 -49.19 -49.12 -49.03 -48.94 -48.88 -48.78 -48.69 -48.62 -48.50 -48.41 -48.31 -48.22 -48.16 -48.12 -48.09 -48.06 -48.06 -48.06 -48.03 -48.03 -48.03 -48.03 -48.03 -48.00 -48.00 -47.97 -47.94 -47.88 -47.84 -47.78 -47.75 -47.69 -47.69 -47.66 -47.66 -47.62 -47.62 -47.62 -47.59 -47.59 -47.56 -47.56 -47.56
-49.72 -49.75 -49.78 -49.81 -49.81 -49.81 -49.81 -49.81 -49.78 -49.78 -49.72 -49.69 -49.62 -49.59 -49.53 -49.53 -49.50 -49.50 -49.50 -49.50 -49.47 -49.44 -49.41 -49.38 -49.34 -49.31 -49.28 -49.22 -49.16 -49.06 -49.00 -48.91 -48.81 -48.72 -48.66 -48.56 -48.47 -48.38 -48.28 -48.19 -48.12 -48.06 -48.03 -48.00 -48.00 -47.97 -47.97 -47.97 -48.00 -48.00 -47.97 -47.97 -47.94 -47.94 -47.88 -47.84 -47.78 -47.75 -47.69 -47.66 -47.62 -47.59 -47.56 -47.56 -47.53 -47.53 -47.50 -47.50 -47.47 -47.47 -47.47
-49.62 -49.66 -49.69 -49.72 -49.72 -49.72 -49.72 -49.72 -49.72 -49.69 -49.66 -49.59 -49.53 -49.50 -49.44 -49.44 -49.41 -49.41 -49.41 -49.41 -49.38 -49.38 -49.34 -49.31 -49.28 -49.25 -49.22 -49.16 -49.09 -49.03 -48.94 -48.84 -48.75 -48.66 -48.56 -48.50 -48.41 -48.31 -48.25 -48.16 -48.09 -48.03 -47.97 -47.94 -47.91 -47.91 -47.91 -47.91 -47.94 -47.94 -47.94 -47.94 -47.91 -47.88 -47.84 -47.78 -47.75 -47.69 -47.62 -47.59 -47.56 -47.53 -47.50 -47.47 -47.47 -47.44 -47.44 -47.41 -47.38 -47.38 -47.38
-49.53 -49.59 -49.59 -49.62 -49.62 -49.62 -49.62 -49.62 -49.59 -49.56 -49.53 -49.50 -49.44 -49.38 -49.34 -49.31 -49.31 -49.31 -49.31 -49.31 -49.31 -49.28 -49.28 -49.25 -49.25 -49.22 -49.16 -49.12 -49.06 -48.97 -48.88 -48.78 -48.69 -48.59 -48.50 -48.41 -48.34 -48.25 -48.19 -48.09 -48.03 -47.97 -47.91 -47.84 -47.84 -47.81 -47.81 -47.84 -47.84 -47.88 -47.88 -47.88 -47.84 -47.84 -47.78 -47.75 -47.69 -47.62 -47.59 -47.53 -47.50 -47.47 -47.44 -47.41 -47.41 -47.38 -47.34 -47.31 -47.31 -47.28 -47.28
-49.47 -49.50 -49.50 -49.53 -49.53 -49.53 -49.53 -49.50 -49.50 -49.47 -49.44 -49.38 -49.34 -49.28 -49.25 -49.22 -49.19 -49.19 -49.19 -49.19 -49.19 -49.19 -49.19 -49.19 -49.16 -49.16 -49.09 -49.06 -49.00 -48.91 -48.84 -48.72 -48.62 -48.50 -48.41 -48.31 -48.25 -48.19 -48.12 -48.03 -47.97 -47.91 -47.84 -47.78 -47.75 -47.75 -47.75 -47.75 -47.78 -47.81 -47.81 -47.81 -47.81 -47.78 -47.75 -47.69 -47.66 -47.59 -47.56 -47.50 -47.44 -47.41 -47.38 -47.34 -47.34 -47.31 -47.28 -47.25 -47.22 -47.22 -47.19
-49.38 -49.41 -49.41 -49.41 -49.41 -49.41 -49.41 -49.38 -49.38 -49.34 -49.31 -49.28 -49.22 -49.16 -49.12 -49.09 -49.09 -49.09 -49.09 -49.09 -49.09 -49.09 -49.12 -49.09 -49.09 -49.06 -49.03 -48.97 -48.94 -48.84 -48.75 -48.66 -48.53 -48.44 -48.31 -48.22 -48.16 -48.09 -48.03 -47.97 -47.91 -47.84 -47.78 -47.72 -47.69 -47.66 -47.66 -47.69 -47.72 -47.75 -47.75 -47.75 -47.75 -47.72 -47.69 -47.66 -47.62 -47.56 -47.53 -47.47 -47.44 -47.38 -47.34 -47.31 -47.28 -47.25 -47.22 -47.19 -47.16 -47.16 -47.12
-49.28 -49.31 -49.31 -49.31 -49.31 -49.28 -49.28 -49.25 -49.25 -49.22 -49.19 -49.12 -49.09 -49.03 -49.00 -48.97 -48.97 -48.97 -48.97 -49.00 -49.00 -49.00 -49.03 -49.00 -49.00 -48.97 -48.94 -48.88 -48.84 -48.78 -48.69 -48.56 -48.47 -48.34 -48.22 -48.12 -48.06 -48.00 -47.94 -47.88 -47.81 -47.75 -47.69 -47.66 -47.62 -47.59 -47.59 -47.62 -47.62 -47.66 -47.69 -47.69 -47.66 -47.66 -47.66 -47.62 -47.59 -47.56 -47.53 -47.47 -47.44 -47.38 -47.34 -47.28 -47.25 -47.22 -47.16 -47.12 -47.09 -47.06 -47.06
-49.19 -49.22 -49.22 -49.22 -49.19 -49.16 -49.16 -49.12 -49.09 -49.09 -49.06 -49.00 -48.97 -48.91 -48.88 -48.84 -48.84 -48.84 -48.88 -48.88 -48.91 -48.91 -48.91 -48.91 -48.88 -48.84 -48.81 -48.78 -48.75 -48.69 -48.59 -48.50 -48.38 -48.25 -48.12 -48.03 -47.94 -47.88 -47.81 -47.78 -47.72 -47.69 -47.62 -47.59 -47.56 -47.53 -47.53 -47.53 -47.56 -47.56 -47.59 -47.59 -47.59 -47.59 -47.59 -47.59 -47.56 -47.56 -47.53 -47.47 -47.44 -47.38 -47.34 -47.28 -47.22 -47.19 -47.12 -47.06 -47.03 -47.00 -47.00
-49.09 -49.12 -49.12 -49.09 -49.06 -49.03 -49.00 -49.00 -48.97 -48.94 -48.91 -48.88 -48.81 -48.78 -48.75 -48.72 -48.72 -48.75 -48.75 -48.78 -48.81 -48.81 -48.81 -48.78 -48.78 -48.75 -48.72 -48.69 -48.62 -48.56 -48.50 -48.41 -48.28 -48.19 -48.06 -47.94 -47.84 -47.78 -47.72 -47.69 -47.62 -47.59 -47.56 -47.53 -47.50 -47.47 -47.44 -47.44 -47.47 -47.47 -47.50 -47.50 -47.50 -47.53 -47.53 -47.56 -47.56 -47.53 -47.50 -47.47 -47.44 -47.38 -47.34 -47.28 -47.22 -47.16 -47.06 -47.00 -46.97 -46.94 -46.91
-49.00 -49.00 -49.00 -49.00 -48.97 -48.91 -48.88 -48.84 -48.84 -48.81 -48.78 -48.75 -48.69 -48.66 -48.62 -48.59 -48.59 -48.62 -48.66 -48.66 -48.69 -48.69 -48.69 -48.69 -48.66 -48.62 -48.59 -48.56 -48.53 -48.47 -48.38 -48.28 -48.19 -48.09 -47.97 -47.88 -47.78 -47.69 -47.62 -47.59 -47.56 -47.53 -47.50 -47.47 -47.44 -47.38 -47.38 -47.38 -47.38 -47.38 -47.41 -47.41 -47.44 -47.44 -47.47 -47.50 -47.50 -47.50 -47.47 -47.47 -47.41 -47.38 -47.31 -47.25 -47.19 -47.12 -47.03 -46.97 -46.88 -46.84 -46.84
-48.88 -48.91 -48.91 -48.88 -48.84 -48.78 -48.75 -48.72 -48.69 -48.69 -48.66 -48.59 -48.56 -48.53 -48.50 -48.50 -48.50 -48.50 -48.53 -48.56 -48.56 -48.56 -48.56 -48.53 -48.53 -48.50 -48.47 -48.44 -48.41 -48.34 -48.25 -48.19 -48.09 -48.00 -47.88 -47.78 -47.69 -47.62 -47.56 -47.53 -47.50 -47.47 -47.44 -47.41 -47.38 -47.31 -47.31 -47.28 -47.28 -47.28 -47.31 -47.31 -47.34 -47.38 -47.41 -47.44 -47.44 -47.44 -47.44 -47.41 -47.38 -47.34 -47.28 -47.22 -47.16 -47.06 -46.97 -46.88 -46.81 -46.78 -46.75
-48.75 -48.78 -48.78 -48.75 -48.72 -48.66 -48.62 -48.59 -48.56 -48.53 -48.50 -48.47 -48.44 -48.41 -48.38 -48.38 -48.41 -48.41 -48.44 -48.44 -48.44 -48.44 -48.44 -48.41 -48.38 -48.38 -48.34 -48.31 -48.28 -48.22 -48.12 -48.06 -47.97 -47.88 -47.78 -47.69 -47.62 -47.56 -47.50 -47.44 -47.41 -47.41 -47.38 -47.34 -47.31 -47.25 -47.22 -47.22 -47.19 -47.19 -47.19 -47.22 -47.25 -47.28 -47.31 -47.34 -47.38 -47.38 -47.38 -47.34 -47.31 -47.28 -47.22 -47.16 -47.06 -46.97 -46.88 -46.78 -46.72 -46.69 -46.69
-48.62 -48.66 -48.66 -48.62 -48.59 -48.53 -48.50 -48.47 -48.44 -48.41 -48.38 -48.34 -48.31 -48.28 -48.28 -48.28 -48.31 -48.31 -48.31 -48.34 -48.31 -48.31 -48.28 -48.28 -48.25 -48.22 -48.22 -48.19 -48.12 -48.06 -48.00 -47.91 -47.81 -47.72 -47.66 -47.56 -47.50 -47.47 -47.41 -47.38 -47.34 -47.31 -47.28 -47.25 -47.22 -47.19 -47.16 -47.12 -47.09 -47.09 -47.09 -47.12 -47.16 -47.19 -47.22 -47.25 -47.28 -47.28 -47.28 -47.25 -47.22 -47.19 -47.12 -47.06 -46.97 -46.84 -46.75 -46.66 -46.59 -46.56 -46.56
-48.50 -48.50 -48.50 -48.47 -48.44 -48.41 -48.38 -48.34 -48.31 -48.28 -48.25 -48.22 -48.19 -48.16 -48.19 -48.19 -48.22 -48.22 -48.22 -48.22 -48.22 -48.19 -48.16 -48.16 -48.12 -48.09 -48.09 -48.06 -48.00 -47.94 -47.88 -47.78 -47.69 -47.59 -47.53 -47.44 -47.38 -47.34 -47.31 -47.28 -47.25 -47.22 -47.22 -47.19 -47.16 -47.09 -47.06 -47.03 -47.00 -46.97 -46.97 -47.00 -47.03 -47.06 -47.12 -47.16 -47.16 -47.16 -47.16 -47.16 -47.12 -47.09 -47.03 -46.94 -46.84 -46.72 -46.62 -46.53 -46.47 -46.44 -46.47
-48.34 -48.34 -48.34 -48.31 -48.31 -48.28 -48.25 -48.22 -48.19 -48.16 -48.12 -48.09 -48.06 -48.06 -48.06 -48.09 -48.12 -48.12 -48.16 -48.12 -48.12 -48.09 -48.06 -48.03 -48.00 -48.00 -47.97 -47.94 -47.88 -47.81 -47.75 -47.66 -47.56 -47.47 -47.38 -47.31 -47.25 -47.22 -47.19 -47.16 -47.16 -47.16 -47.12 -47.09 -47.06 -47.03 -46.97 -46.91 -46.88 -46.84 -46.84 -46.88 -46.91 -46.94 -47.00 -47.03 -47.03 -47.03 -47.03 -47.03 -47.00 -46.94 -46.88 -46.81 -46.69 -46.56 -46.47 -46.38 -46.31 -46.31 -46.34
-48.19 -48.19 -48.19 -48.16 -48.16 -48.12 -48.12 -48.09 -48.06 -48.03 -48.00 -47.97 -47.97 -47.97 -48.00 -48.00 -48.03 -48.06 -48.06 -48.06 -48.03 -48.00 -47.97 -47.94 -47.91 -47.88 -47.84 -47.81 -47.75 -47.69 -47.62 -47.53 -47.44 -47.34 -47.25 -47.19 -47.12 -47.09 -47.09 -47.06 -47.06 -47.06 -47.03 -47.00 -46.97 -46.94 -46.88 -46.81 -46.78 -46.75 -46.72 -46.75 -46.78 -46.81 -46.84 -46.88 -46.91 -46.91 -46.91 -46.88 -46.84 -46.81 -46.75 -46.66 -46.53 -46.41 -46.31 -46.22 -46.16 -46.16 -46.22
-48.03 -48.03 -48.03 -48.03 -48.00 -48.00 -47.97 -47.97 -47.94 -47.94 -47.91 -47.88 -47.88 -47.88 -47.91 -47.94 -47.97 -47.97 -47.97 -47.97 -47.94 -47.94 -47.88 -47.84 -47.81 -47.78 -47.72 -47.69 -47.62 -47.56 -47.50 -47.44 -47.34 -47.25 -47.16 -47.09 -47.03 -47.00 -46.97 -46.97 -46.97 -46.97 -46.94 -46.91 -46.88 -46.81 -46.78 -46.72 -46.66 -46.62 -46.59 -46.59 -46.62 -46.66 -46.72 -46.75 -46.78 -46.78 -46.75 -46.72 -46.69 -46.66 -46.59 -46.50 -46.38 -46.25 -46.16 -46.06 -46.00 -46.03 -46.12
-47.91 -47.91 -47.91 -47.88 -47.88 -47.88 -47.88 -47.84 -47.84 -47.84 -47.81 -47.78 -47.78 -47.81 -47.84 -47.88 -47.91 -47.91 -47.91 -47.91 -47.88 -47.84 -47.81 -47.78 -47.72 -47.69 -47.62 -47.59 -47.53 -47.47 -47.41 -47.31 -47.25 -47.16 -47.06 -47.00 -46.94 -46.91 -46.91 -46.88 -46.88 -46.84 -46.84 -46.81 -46.75 -46.72 -46.66 -46.62 -46.56 -46.50 -46.47 -46.47 -46.50 -46.53 -46.56 -46.59 -46.62 -46.62 -46.62 -46.56 -46.53 -46.47 -46.44 -46.34 -46.22 -46.12 -46.00 -45.91 -45.91 -45.94 -46.03
-47.78 -47.78 -47.78 -47.75 -47.75 -47.75 -47.75 -47.75 -47.75 -47.75 -47.75 -47.75 -47.75 -47.75 -47.78 -47.81 -47.84 -47.84 -47.84 -47.81 -47.81 -47.78 -47.72 -47.69 -47.62 -47.59 -47.53 -47.47 -47.44 -47.38 -47.28 -47.22 -47.16 -47.06 -46.97 -46.91 -46.84 -46.81 -46.81 -46.78 -46.78 -46.75 -46.72 -46.69 -46.62 -46.59 -46.56 -46.50 -46.47 -46.41 -46.38 -46.34 -46.38 -46.41 -46.44 -46.47 -46.47 -46.47 -46.47 -46.41 -46.38 -46.31 -46.25 -46.19 -46.09 -46.00 -45.91 -45.81 -45.81 -45.91 -46.00
-47.66 -47.66 -47.66 -47.66 -47.66 -47.66 -47.69 -47.69 -47.69 -47.69 -47.69 -47.69 -47.69 -47.72 -47.75 -47.75 -47.78 -47.78 -47.78 -47.75 -47.72 -47.69 -47.66 -47.59 -47.53 -47.50 -47.44 -47.38 -47.34 -47.28 -47.22 -47.12 -47.06 -46.97 -46.91 -46.84 -46.78 -46.75 -46.72 -46.72 -46.69 -46.66 -46.59 -46.56 -46.53 -46.47 -46.44 -46.41 -46.38 -46.31 -46.28 -46.25 -46.25 -46.28 -46.31 -46.31 -46.31 -46.31 -46.28 -46.25 -46.19 -46.16 -46.09 -46.03 -45.97 -45.88 -45.81 -45.75 -45.78 -45.88 -45.97
-47.53 -47.53 -47.56 -47.56 -47.56 -47.59 -47.59 -47.62 -47.62 -47.62 -47.66 -47.66 -47.66 -47.69 -47.69 -47.72 -47.72 -47.72 -47.69 -47.69 -47.66 -47.62 -47.56 -47.50 -47.47 -47.41 -47.34 -47.28 -47.25 -47.19 -47.12 -47.03 -46.97 -46.91 -46.81 -46.75 -46.72 -46.69 -46.66 -46.62 -46.59 -46.53 -46.50 -46.44 -46.41 -46.34 -46.31 -46.28 -46.25 -46.22 -46.19 -46.16 -46.16 -46.16 -46.16 -46.19 -46.16 -46.16 -46.12 -46.09 -46.03 -46.00 -45.94 -45.91 -45.84 -45.78 -45.75 -45.72 -45.75 -45.84 -45.94
