everonasctiles/Tile[21,13].asc
ncols 128
nrows 128
xllcorner 0
yllcorner 0
cellsize 2.0
NODATA_value  -9999
[rows 68 to 101 of 128, columns 0 to 76 of 128]
-6.19 -6.00 -5.78 -5.53 -5.28 -5.03 -4.78 -4.47 -4.19 -3.94 -3.72 -3.53 -3.34 -3.19 -3.06 -2.94 -2.81 -2.75 -2.69 -2.66 -2.62 -2.66 -2.69 -2.72 -2.81 -2.88 -2.97 -3.09 -3.19 -3.31 -3.44 -3.56 -3.72 -3.84 -3.97 -4.09 -4.22 -4.34 -4.44 -4.50 -4.56 -4.59 -4.56 -4.53 -4.50 -4.41 -4.28 -4.16 -3.91 -3.75 -3.56 -3.38 -3.19 -2.97 -2.69 -2.50 -2.25 -2.06 -1.91 -1.78 -1.62 -1.47 -1.34 -1.25 -1.12 -1.03 -0.97 -0.97 -0.97 -0.94 -0.91 -0.88 -0.84 -0.84 -0.81 -0.81 -0.81
-6.38 -6.22 -6.00 -5.78 -5.53 -5.31 -5.06 -4.78 -4.50 -4.25 -4.00 -3.81 -3.62 -3.44 -3.31 -3.16 -3.06 -2.97 -2.88 -2.84 -2.81 -2.81 -2.81 -2.84 -2.91 -3.00 -3.06 -3.16 -3.28 -3.38 -3.50 -3.62 -3.75 -3.88 -4.00 -4.12 -4.25 -4.38 -4.47 -4.56 -4.62 -4.66 -4.69 -4.66 -4.62 -4.56 -4.47 -4.38 -4.16 -3.97 -3.81 -3.56 -3.41 -3.16 -2.88 -2.66 -2.41 -2.22 -2.03 -1.88 -1.75 -1.56 -1.44 -1.34 -1.22 -1.09 -1.00 -0.97 -0.91 -0.91 -0.91 -0.91 -0.91 -0.88 -0.88 -0.88 -0.88
-6.56 -6.41 -6.22 -6.00 -5.78 -5.56 -5.34 -5.09 -4.81 -4.53 -4.31 -4.09 -3.91 -3.72 -3.56 -3.41 -3.28 -3.19 -3.09 -3.03 -2.97 -2.97 -2.97 -3.00 -3.03 -3.09 -3.16 -3.25 -3.34 -3.44 -3.56 -3.66 -3.78 -3.91 -4.03 -4.16 -4.28 -4.41 -4.50 -4.59 -4.69 -4.72 -4.78 -4.75 -4.72 -4.69 -4.62 -4.53 -4.44 -4.19 -4.00 -3.81 -3.59 -3.41 -3.12 -2.88 -2.59 -2.41 -2.22 -2.03 -1.88 -1.69 -1.53 -1.44 -1.28 -1.16 -1.06 -1.00 -0.97 -0.94 -0.91 -0.88 -0.88 -0.91 -0.91 -0.91 -0.91
-6.69 -6.56 -6.44 -6.22 -6.00 -5.78 -5.56 -5.38 -5.12 -4.84 -4.59 -4.38 -4.19 -4.00 -3.81 -3.69 -3.53 -3.41 -3.31 -3.22 -3.16 -3.12 -3.12 -3.12 -3.16 -3.22 -3.28 -3.34 -3.44 -3.50 -3.59 -3.72 -3.81 -3.94 -4.03 -4.16 -4.28 -4.41 -4.53 -4.62 -4.72 -4.78 -4.81 -4.84 -4.81 -4.78 -4.75 -4.69 -4.59 -4.47 -4.25 -4.06 -3.81 -3.62 -3.38 -3.09 -2.81 -2.56 -2.38 -2.19 -2.03 -1.81 -1.66 -1.50 -1.34 -1.22 -1.12 -1.06 -1.03 -0.97 -0.94 -0.97 -0.97 -0.97 -0.97 -0.97 -0.97
-6.81 -6.72 -6.59 -6.44 -6.25 -6.03 -5.81 -5.62 -5.41 -5.16 -4.94 -4.69 -4.47 -4.28 -4.09 -3.94 -3.78 -3.66 -3.53 -3.41 -3.34 -3.28 -3.28 -3.28 -3.28 -3.34 -3.38 -3.44 -3.50 -3.56 -3.66 -3.75 -3.84 -3.97 -4.06 -4.19 -4.31 -4.41 -4.53 -4.62 -4.72 -4.81 -4.88 -4.91 -4.91 -4.88 -4.84 -4.78 -4.72 -4.62 -4.47 -4.31 -4.06 -3.88 -3.66 -3.38 -3.06 -2.81 -2.59 -2.38 -2.19 -1.97 -1.81 -1.62 -1.47 -1.31 -1.25 -1.16 -1.12 -1.09 -1.06 -1.03 -1.03 -1.03 -1.03 -1.03 -1.06
-6.94 -6.84 -6.72 -6.59 -6.47 -6.28 -6.06 -5.88 -5.66 -5.47 -5.25 -5.00 -4.78 -4.56 -4.38 -4.19 -4.03 -3.88 -3.75 -3.66 -3.56 -3.50 -3.44 -3.44 -3.44 -3.44 -3.47 -3.53 -3.56 -3.66 -3.72 -3.81 -3.88 -3.97 -4.09 -4.19 -4.31 -4.41 -4.53 -4.62 -4.72 -4.81 -4.88 -4.94 -4.97 -4.97 -4.94 -4.91 -4.84 -4.78 -4.66 -4.53 -4.34 -4.12 -3.91 -3.69 -3.34 -3.06 -2.81 -2.62 -2.41 -2.19 -2.00 -1.81 -1.62 -1.50 -1.41 -1.31 -1.25 -1.19 -1.16 -1.16 -1.12 -1.16 -1.16 -1.16 -1.19
-7.06 -6.97 -6.88 -6.75 -6.62 -6.47 -6.28 -6.12 -5.94 -5.75 -5.53 -5.31 -5.09 -4.88 -4.66 -4.47 -4.28 -4.12 -4.00 -3.88 -3.78 -3.69 -3.62 -3.59 -3.56 -3.56 -3.59 -3.59 -3.66 -3.72 -3.78 -3.84 -3.94 -4.03 -4.12 -4.22 -4.31 -4.41 -4.53 -4.62 -4.72 -4.78 -4.88 -4.94 -4.97 -5.03 -5.03 -5.00 -4.97 -4.91 -4.84 -4.69 -4.56 -4.38 -4.19 -3.94 -3.62 -3.31 -3.06 -2.84 -2.62 -2.34 -2.16 -1.97 -1.78 -1.62 -1.53 -1.44 -1.34 -1.31 -1.28 -1.28 -1.28 -1.28 -1.28 -1.28 -1.28
-7.16 -7.09 -7.03 -6.91 -6.78 -6.66 -6.50 -6.34 -6.19 -6.00 -5.81 -5.59 -5.38 -5.19 -4.97 -4.75 -4.56 -4.41 -4.25 -4.12 -4.00 -3.91 -3.81 -3.75 -3.72 -3.69 -3.69 -3.72 -3.75 -3.78 -3.84 -3.91 -3.97 -4.06 -4.12 -4.22 -4.31 -4.41 -4.50 -4.59 -4.69 -4.78 -4.84 -4.91 -4.97 -5.03 -5.06 -5.09 -5.06 -5.03 -4.97 -4.88 -4.75 -4.62 -4.41 -4.22 -3.94 -3.62 -3.34 -3.09 -2.84 -2.59 -2.38 -2.16 -1.97 -1.81 -1.69 -1.59 -1.50 -1.44 -1.41 -1.41 -1.41 -1.41 -1.41 -1.41 -1.41
-7.25 -7.19 -7.16 -7.06 -6.94 -6.81 -6.69 -6.56 -6.44 -6.28 -6.09 -5.88 -5.69 -5.47 -5.25 -5.03 -4.84 -4.66 -4.50 -4.34 -4.22 -4.09 -4.00 -3.94 -3.88 -3.81 -3.81 -3.81 -3.81 -3.84 -3.91 -3.94 -4.00 -4.09 -4.16 -4.25 -4.31 -4.41 -4.50 -4.59 -4.66 -4.75 -4.81 -4.91 -4.97 -5.03 -5.09 -5.12 -5.16 -5.12 -5.09 -5.03 -4.94 -4.78 -4.66 -4.44 -4.19 -3.97 -3.69 -3.41 -3.12 -2.84 -2.59 -2.38 -2.19 -2.03 -1.91 -1.78 -1.69 -1.62 -1.56 -1.56 -1.53 -1.53 -1.53 -1.53 -1.56
-7.38 -7.31 -7.28 -7.19 -7.09 -7.00 -6.88 -6.78 -6.66 -6.53 -6.34 -6.16 -5.94 -5.75 -5.53 -5.31 -5.12 -4.94 -4.75 -4.59 -4.44 -4.31 -4.22 -4.09 -4.03 -3.97 -3.94 -3.91 -3.91 -3.94 -3.97 -4.00 -4.06 -4.12 -4.19 -4.25 -4.31 -4.41 -4.47 -4.56 -4.62 -4.72 -4.78 -4.88 -4.94 -5.03 -5.09 -5.12 -5.19 -5.22 -5.19 -5.12 -5.09 -4.97 -4.84 -4.69 -4.44 -4.19 -3.97 -3.75 -3.47 -3.16 -2.88 -2.62 -2.41 -2.25 -2.12 -1.97 -1.88 -1.81 -1.75 -1.72 -1.72 -1.72 -1.72 -1.72 -1.75
-7.47 -7.44 -7.41 -7.34 -7.28 -7.16 -7.06 -6.97 -6.84 -6.72 -6.59 -6.44 -6.22 -6.03 -5.81 -5.59 -5.41 -5.22 -5.03 -4.84 -4.69 -4.53 -4.41 -4.28 -4.19 -4.12 -4.06 -4.03 -4.03 -4.03 -4.03 -4.06 -4.09 -4.12 -4.19 -4.25 -4.31 -4.41 -4.47 -4.53 -4.59 -4.66 -4.75 -4.81 -4.91 -4.97 -5.06 -5.12 -5.19 -5.22 -5.25 -5.25 -5.19 -5.16 -5.03 -4.91 -4.69 -4.47 -4.22 -4.00 -3.78 -3.50 -3.19 -2.94 -2.72 -2.53 -2.41 -2.25 -2.16 -2.06 -2.00 -1.97 -1.94 -1.91 -1.91 -1.91 -1.91
-7.91 -7.62 -7.53 -7.50 -7.44 -7.34 -7.25 -7.16 -7.03 -6.94 -6.81 -6.66 -6.50 -6.31 -6.09 -5.88 -5.69 -5.50 -5.28 -5.09 -4.91 -4.75 -4.59 -4.47 -4.38 -4.28 -4.22 -4.16 -4.12 -4.09 -4.09 -4.12 -4.12 -4.19 -4.22 -4.28 -4.31 -4.38 -4.44 -4.50 -4.56 -4.62 -4.72 -4.78 -4.88 -4.94 -5.03 -5.09 -5.16 -5.22 -5.28 -5.31 -5.31 -5.25 -5.19 -5.09 -4.91 -4.69 -4.47 -4.28 -4.06 -3.81 -3.53 -3.25 -3.00 -2.81 -2.66 -2.50 -2.38 -2.28 -2.22 -2.19 -2.12 -2.12 -2.09 -2.09 -2.09
-8.53 -8.19 -7.81 -7.62 -7.59 -7.53 -7.44 -7.34 -7.25 -7.16 -7.03 -6.91 -6.75 -6.56 -6.38 -6.16 -5.97 -5.78 -5.56 -5.34 -5.16 -4.97 -4.81 -4.69 -4.56 -4.44 -4.34 -4.28 -4.22 -4.19 -4.19 -4.19 -4.19 -4.22 -4.25 -4.28 -4.31 -4.34 -4.41 -4.47 -4.53 -4.59 -4.69 -4.75 -4.84 -4.91 -5.00 -5.06 -5.12 -5.22 -5.28 -5.31 -5.34 -5.34 -5.31 -5.25 -5.16 -4.94 -4.72 -4.50 -4.31 -4.12 -3.84 -3.62 -3.38 -3.12 -2.94 -2.78 -2.66 -2.56 -2.47 -2.41 -2.38 -2.34 -2.31 -2.31 -2.34
-9.12 -8.78 -8.44 -8.03 -7.75 -7.69 -7.62 -7.53 -7.44 -7.34 -7.22 -7.12 -6.97 -6.81 -6.62 -6.44 -6.25 -6.03 -5.81 -5.62 -5.41 -5.22 -5.03 -4.88 -4.75 -4.62 -4.50 -4.44 -4.34 -4.31 -4.28 -4.25 -4.22 -4.25 -4.25 -4.28 -4.31 -4.34 -4.41 -4.44 -4.50 -4.56 -4.66 -4.72 -4.78 -4.88 -4.94 -5.03 -5.09 -5.19 -5.25 -5.31 -5.38 -5.41 -5.38 -5.38 -5.31 -5.19 -5.03 -4.81 -4.59 -4.41 -4.19 -3.91 -3.69 -3.50 -3.31 -3.12 -3.00 -2.88 -2.81 -2.72 -2.69 -2.66 -2.62 -2.59 -2.56
-9.62 -9.34 -9.00 -8.66 -8.25 -7.88 -7.81 -7.72 -7.62 -7.53 -7.44 -7.31 -7.19 -7.06 -6.91 -6.72 -6.50 -6.31 -6.09 -5.88 -5.66 -5.44 -5.28 -5.09 -4.94 -4.78 -4.66 -4.56 -4.47 -4.41 -4.34 -4.31 -4.28 -4.25 -4.28 -4.28 -4.31 -4.34 -4.38 -4.44 -4.47 -4.53 -4.62 -4.69 -4.75 -4.84 -4.91 -5.00 -5.06 -5.16 -5.22 -5.28 -5.38 -5.44 -5.47 -5.44 -5.44 -5.34 -5.25 -5.12 -4.88 -4.69 -4.50 -4.25 -4.03 -3.84 -3.66 -3.47 -3.34 -3.22 -3.12 -3.03 -2.94 -2.91 -2.84 -2.81 -2.78
-10.03 -9.81 -9.53 -9.19 -8.81 -8.41 -8.00 -7.91 -7.81 -7.75 -7.62 -7.53 -7.44 -7.28 -7.16 -7.00 -6.81 -6.59 -6.38 -6.16 -5.91 -5.69 -5.50 -5.31 -5.12 -4.97 -4.84 -4.72 -4.62 -4.50 -4.44 -4.38 -4.34 -4.31 -4.28 -4.31 -4.31 -4.34 -4.38 -4.41 -4.47 -4.50 -4.56 -4.66 -4.72 -4.78 -4.88 -4.94 -5.03 -5.09 -5.19 -5.28 -5.34 -5.41 -5.47 -5.50 -5.50 -5.47 -5.38 -5.28 -5.16 -4.97 -4.78 -4.56 -4.34 -4.16 -3.94 -3.75 -3.62 -3.50 -3.41 -3.31 -3.25 -3.22 -3.16 -3.12 -3.06
-10.38 -10.16 -9.94 -9.66 -9.34 -8.97 -8.56 -8.12 -8.03 -7.94 -7.81 -7.72 -7.62 -7.50 -7.38 -7.22 -7.06 -6.84 -6.62 -6.44 -6.19 -5.97 -5.75 -5.53 -5.34 -5.19 -5.03 -4.88 -4.75 -4.62 -4.53 -4.47 -4.41 -4.34 -4.34 -4.31 -4.31 -4.34 -4.34 -4.41 -4.44 -4.50 -4.53 -4.62 -4.69 -4.75 -4.84 -4.91 -5.00 -5.06 -5.16 -5.22 -5.31 -5.38 -5.44 -5.50 -5.53 -5.53 -5.50 -5.44 -5.34 -5.22 -5.03 -4.88 -4.66 -4.47 -4.28 -4.09 -3.91 -3.78 -3.66 -3.59 -3.50 -3.44 -3.38 -3.31 -3.28
-10.66 -10.44 -10.25 -10.03 -9.78 -9.47 -9.09 -8.66 -8.22 -8.12 -8.03 -7.94 -7.84 -7.72 -7.59 -7.47 -7.31 -7.12 -6.94 -6.72 -6.47 -6.22 -6.00 -5.78 -5.56 -5.38 -5.22 -5.03 -4.91 -4.75 -4.66 -4.56 -4.47 -4.44 -4.38 -4.34 -4.34 -4.34 -4.34 -4.38 -4.44 -4.47 -4.53 -4.59 -4.66 -4.72 -4.78 -4.88 -4.94 -5.03 -5.09 -5.19 -5.28 -5.34 -5.44 -5.50 -5.56 -5.59 -5.59 -5.53 -5.47 -5.41 -5.28 -5.12 -4.97 -4.75 -4.59 -4.41 -4.28 -4.12 -4.00 -3.91 -3.81 -3.72 -3.66 -3.59 -3.53
-10.88 -10.69 -10.53 -10.34 -10.12 -9.88 -9.56 -9.16 -8.72 -8.34 -8.25 -8.16 -8.03 -7.94 -7.81 -7.69 -7.56 -7.41 -7.22 -7.00 -6.75 -6.50 -6.25 -6.03 -5.78 -5.59 -5.41 -5.22 -5.06 -4.91 -4.78 -4.69 -4.59 -4.50 -4.44 -4.41 -4.38 -4.38 -4.38 -4.38 -4.41 -4.44 -4.50 -4.56 -4.62 -4.69 -4.75 -4.81 -4.91 -5.00 -5.06 -5.16 -5.25 -5.31 -5.41 -5.47 -5.53 -5.59 -5.62 -5.62 -5.59 -5.56 -5.47 -5.38 -5.22 -5.06 -4.91 -4.72 -4.56 -4.44 -4.31 -4.22 -4.09 -4.00 -3.91 -3.81 -3.75
-11.09 -10.94 -10.75 -10.59 -10.41 -10.22 -9.97 -9.66 -9.22 -8.78 -8.44 -8.34 -8.25 -8.12 -8.03 -7.94 -7.78 -7.62 -7.47 -7.28 -7.06 -6.81 -6.53 -6.28 -6.03 -5.81 -5.59 -5.41 -5.22 -5.09 -4.94 -4.81 -4.69 -4.59 -4.53 -4.47 -4.41 -4.38 -4.38 -4.41 -4.41 -4.44 -4.47 -4.53 -4.59 -4.66 -4.72 -4.78 -4.88 -4.94 -5.03 -5.12 -5.22 -5.28 -5.38 -5.47 -5.53 -5.59 -5.66 -5.69 -5.66 -5.66 -5.62 -5.56 -5.47 -5.31 -5.16 -5.00 -4.84 -4.72 -4.62 -4.50 -4.41 -4.31 -4.22 -4.12 -4.06
-11.25 -11.12 -10.97 -10.81 -10.62 -10.47 -10.28 -10.03 -9.69 -9.25 -8.78 -8.56 -8.47 -8.34 -8.25 -8.12 -8.00 -7.88 -7.75 -7.56 -7.34 -7.09 -6.84 -6.56 -6.31 -6.06 -5.81 -5.62 -5.44 -5.25 -5.09 -4.94 -4.81 -4.72 -4.62 -4.53 -4.47 -4.44 -4.41 -4.41 -4.41 -4.44 -4.47 -4.50 -4.56 -4.62 -4.69 -4.75 -4.81 -4.91 -5.00 -5.06 -5.16 -5.25 -5.34 -5.41 -5.50 -5.56 -5.66 -5.69 -5.75 -5.72 -5.72 -5.69 -5.62 -5.56 -5.44 -5.25 -5.12 -4.97 -4.84 -4.75 -4.66 -4.56 -4.47 -4.38 -4.31
-11.34 -11.25 -11.16 -11.03 -10.84 -10.69 -10.53 -10.31 -10.06 -9.72 -9.25 -8.81 -8.66 -8.56 -8.47 -8.34 -8.25 -8.09 -7.97 -7.84 -7.62 -7.41 -7.12 -6.84 -6.56 -6.31 -6.06 -5.84 -5.62 -5.44 -5.28 -5.09 -4.97 -4.84 -4.75 -4.62 -4.56 -4.50 -4.44 -4.44 -4.41 -4.44 -4.47 -4.50 -4.53 -4.59 -4.66 -4.72 -4.78 -4.84 -4.94 -5.03 -5.12 -5.19 -5.28 -5.38 -5.47 -5.53 -5.62 -5.69 -5.75 -5.78 -5.78 -5.78 -5.75 -5.69 -5.62 -5.53 -5.34 -5.22 -5.06 -4.94 -4.84 -4.75 -4.66 -4.56 -4.47
-11.41 -11.34 -11.28 -11.19 -11.06 -10.91 -10.72 -10.56 -10.38 -10.09 -9.69 -9.22 -8.91 -8.81 -8.69 -8.56 -8.47 -8.34 -8.22 -8.09 -7.91 -7.69 -7.44 -7.16 -6.88 -6.59 -6.31 -6.06 -5.84 -5.66 -5.44 -5.28 -5.12 -5.00 -4.88 -4.75 -4.66 -4.56 -4.50 -4.47 -4.44 -4.47 -4.47 -4.50 -4.50 -4.56 -4.59 -4.66 -4.75 -4.81 -4.91 -4.97 -5.06 -5.16 -5.25 -5.34 -5.44 -5.50 -5.59 -5.66 -5.72 -5.78 -5.81 -5.84 -5.84 -5.81 -5.78 -5.72 -5.59 -5.47 -5.31 -5.16 -5.03 -4.91 -4.81 -4.72 -4.62
-11.47 -11.41 -11.38 -11.28 -11.19 -11.06 -10.94 -10.78 -10.59 -10.38 -10.06 -9.62 -9.19 -9.03 -8.91 -8.81 -8.72 -8.59 -8.47 -8.34 -8.16 -7.97 -7.75 -7.47 -7.16 -6.88 -6.56 -6.31 -6.09 -5.88 -5.66 -5.47 -5.31 -5.16 -5.00 -4.88 -4.75 -4.66 -4.59 -4.53 -4.50 -4.50 -4.47 -4.47 -4.50 -4.53 -4.56 -4.62 -4.69 -4.78 -4.84 -4.94 -5.03 -5.12 -5.22 -5.31 -5.38 -5.47 -5.56 -5.66 -5.72 -5.78 -5.84 -5.88 -5.88 -5.88 -5.88 -5.84 -5.75 -5.66 -5.53 -5.41 -5.25 -5.12 -5.00 -4.91 -4.78
-11.50 -11.47 -11.44 -11.38 -11.31 -11.22 -11.09 -10.97 -10.81 -10.62 -10.38 -10.03 -9.59 -9.28 -9.16 -9.06 -8.97 -8.84 -8.72 -8.56 -8.44 -8.25 -8.03 -7.78 -7.47 -7.16 -6.88 -6.59 -6.34 -6.09 -5.88 -5.69 -5.50 -5.31 -5.16 -5.00 -4.88 -4.78 -4.69 -4.59 -4.56 -4.53 -4.50 -4.50 -4.50 -4.53 -4.56 -4.59 -4.66 -4.75 -4.81 -4.91 -5.00 -5.06 -5.16 -5.25 -5.34 -5.44 -5.53 -5.62 -5.69 -5.75 -5.84 -5.91 -5.91 -5.94 -5.91 -5.91 -5.88 -5.78 -5.72 -5.59 -5.47 -5.34 -5.22 -5.12 -5.03
-11.53 -11.50 -11.47 -11.44 -11.38 -11.31 -11.22 -11.12 -10.97 -10.81 -10.62 -10.34 -9.97 -9.56 -9.38 -9.28 -9.19 -9.06 -8.94 -8.81 -8.66 -8.50 -8.31 -8.09 -7.81 -7.50 -7.19 -6.88 -6.59 -6.34 -6.09 -5.91 -5.69 -5.50 -5.31 -5.16 -5.03 -4.91 -4.78 -4.69 -4.62 -4.59 -4.53 -4.53 -4.50 -4.53 -4.56 -4.59 -4.66 -4.72 -4.78 -4.88 -4.94 -5.03 -5.12 -5.22 -5.31 -5.41 -5.50 -5.59 -5.69 -5.75 -5.81 -5.88 -5.94 -5.97 -5.97 -5.97 -5.94 -5.88 -5.81 -5.75 -5.62 -5.53 -5.41 -5.28 -5.16
-11.56 -11.53 -11.53 -11.50 -11.44 -11.38 -11.31 -11.22 -11.12 -11.00 -10.81 -10.59 -10.31 -9.91 -9.62 -9.50 -9.41 -9.28 -9.16 -9.03 -8.91 -8.75 -8.56 -8.38 -8.12 -7.81 -7.50 -7.19 -6.88 -6.59 -6.34 -6.12 -5.91 -5.69 -5.50 -5.31 -5.16 -5.03 -4.91 -4.81 -4.72 -4.66 -4.59 -4.56 -4.53 -4.53 -4.56 -4.59 -4.62 -4.69 -4.75 -4.84 -4.91 -5.00 -5.09 -5.19 -5.31 -5.41 -5.50 -5.56 -5.66 -5.72 -5.81 -5.88 -5.94 -6.00 -6.03 -6.03 -6.03 -6.00 -5.91 -5.84 -5.75 -5.66 -5.53 -5.44 -5.31
-11.56 -11.56 -11.53 -11.53 -11.50 -11.44 -11.38 -11.31 -11.25 -11.12 -11.00 -10.81 -10.56 -10.25 -9.91 -9.75 -9.66 -9.53 -9.41 -9.25 -9.12 -8.97 -8.81 -8.62 -8.44 -8.16 -7.84 -7.50 -7.19 -6.88 -6.62 -6.38 -6.12 -5.91 -5.69 -5.50 -5.34 -5.19 -5.03 -4.91 -4.81 -4.72 -4.66 -4.62 -4.59 -4.56 -4.59 -4.59 -4.62 -4.69 -4.75 -4.81 -4.91 -5.00 -5.06 -5.19 -5.28 -5.38 -5.47 -5.56 -5.62 -5.72 -5.78 -5.88 -5.94 -6.00 -6.03 -6.06 -6.09 -6.06 -6.03 -5.94 -5.88 -5.78 -5.69 -5.59 -5.47
-11.56 -11.56 -11.56 -11.53 -11.53 -11.50 -11.44 -11.41 -11.34 -11.25 -11.12 -10.97 -10.78 -10.53 -10.19 -9.97 -9.88 -9.75 -9.62 -9.50 -9.38 -9.22 -9.06 -8.88 -8.69 -8.47 -8.16 -7.81 -7.50 -7.19 -6.91 -6.62 -6.38 -6.12 -5.91 -5.72 -5.53 -5.34 -5.19 -5.06 -4.94 -4.84 -4.75 -4.69 -4.66 -4.62 -4.62 -4.62 -4.66 -4.69 -4.75 -4.81 -4.88 -4.97 -5.06 -5.16 -5.25 -5.34 -5.44 -5.53 -5.62 -5.69 -5.78 -5.88 -5.94 -6.00 -6.06 -6.09 -6.12 -6.16 -6.12 -6.06 -5.97 -5.91 -5.81 -5.72 -5.62
-11.56 -11.56 -11.56 -11.56 -11.53 -11.53 -11.50 -11.44 -11.41 -11.34 -11.22 -11.12 -10.97 -10.75 -10.47 -10.22 -10.09 -9.97 -9.84 -9.72 -9.56 -9.44 -9.28 -9.12 -8.94 -8.75 -8.50 -8.16 -7.84 -7.50 -7.19 -6.91 -6.62 -6.38 -6.16 -5.94 -5.72 -5.53 -5.34 -5.19 -5.06 -4.94 -4.84 -4.78 -4.75 -4.69 -4.69 -4.66 -4.69 -4.69 -4.75 -4.81 -4.88 -4.94 -5.03 -5.12 -5.22 -5.31 -5.41 -5.50 -5.59 -5.66 -5.75 -5.84 -5.91 -6.00 -6.06 -6.09 -6.16 -6.19 -6.22 -6.19 -6.12 -6.03 -5.94 -5.84 -5.72
-11.56 -11.56 -11.56 -11.56 -11.56 -11.53 -11.53 -11.50 -11.44 -11.41 -11.31 -11.22 -11.12 -10.94 -10.75 -10.50 -10.31 -10.19 -10.03 -9.94 -9.78 -9.66 -9.50 -9.34 -9.16 -9.00 -8.78 -8.50 -8.19 -7.84 -7.53 -7.22 -6.94 -6.66 -6.41 -6.16 -5.94 -5.72 -5.53 -5.34 -5.22 -5.09 -4.97 -4.91 -4.84 -4.78 -4.75 -4.72 -4.72 -4.72 -4.75 -4.81 -4.88 -4.94 -5.00 -5.09 -5.19 -5.28 -5.38 -5.47 -5.56 -5.62 -5.72 -5.81 -5.91 -5.97 -6.06 -6.12 -6.16 -6.19 -6.22 -6.25 -6.22 -6.16 -6.06 -5.97 -5.88
-11.59 -11.56 -11.56 -11.56 -11.56 -11.56 -11.53 -11.53 -11.50 -11.47 -11.41 -11.34 -11.25 -11.12 -10.94 -10.75 -10.53 -10.38 -10.25 -10.12 -10.00 -9.88 -9.72 -9.56 -9.41 -9.22 -9.03 -8.81 -8.50 -8.19 -7.84 -7.53 -7.25 -6.94 -6.69 -6.41 -6.16 -5.94 -5.72 -5.53 -5.38 -5.25 -5.12 -5.03 -4.94 -4.88 -4.84 -4.78 -4.78 -4.78 -4.78 -4.81 -4.88 -4.91 -5.00 -5.06 -5.16 -5.25 -5.34 -5.44 -5.53 -5.59 -5.69 -5.78 -5.88 -5.97 -6.03 -6.09 -6.16 -6.19 -6.25 -6.28 -6.28 -6.25 -6.19 -6.09 -6.00
-11.59 -11.59 -11.56 -11.56 -11.56 -11.56 -11.56 -11.53 -11.53 -11.50 -11.44 -11.41 -11.34 -11.25 -11.12 -10.97 -10.75 -10.62 -10.50 -10.38 -10.22 -10.09 -9.94 -9.78 -9.62 -9.44 -9.28 -9.06 -8.81 -8.50 -8.19 -7.88 -7.56 -7.25 -6.97 -6.69 -6.41 -6.19 -5.94 -5.75 -5.56 -5.41 -5.28 -5.16 -5.06 -5.00 -4.94 -4.88 -4.84 -4.81 -4.81 -4.84 -4.88 -4.94 -5.00 -5.06 -5.12 -5.22 -5.31 -5.41 -5.50 -5.56 -5.66 -5.75 -5.84 -5.94 -6.00 -6.09 -6.16 -6.22 -6.25 -6.28 -6.31 -6.31 -6.28 -6.22 -6.12
-11.59 -11.59 -11.59 -11.56 -11.56 -11.56 -11.56 -11.56 -11.53 -11.53 -11.50 -11.47 -11.41 -11.38 -11.28 -11.16 -11.00 -10.84 -10.72 -10.56 -10.41 -10.28 -10.12 -9.97 -9.81 -9.66 -9.50 -9.34 -9.09 -8.84 -8.50 -8.19 -7.88 -7.56 -7.25 -6.97 -6.69 -6.44 -6.19 -5.97 -5.78 -5.62 -5.47 -5.31 -5.22 -5.12 -5.03 -4.97 -4.91 -4.88 -4.88 -4.88 -4.91 -4.94 -5.00 -5.03 -5.12 -5.19 -5.28 -5.38 -5.47 -5.56 -5.66 -5.72 -5.81 -5.91 -6.00 -6.06 -6.16 -6.22 -6.25 -6.28 -6.31 -6.34 -6.31 -6.28 -6.22
