everonasctiles/Tile43,29.asc
ncols 128
nrows 128
xllcorner 0
yllcorner 0
cellsize 2.0
NODATA_value  -9999
[rows 87 to 115 of 128, columns 0 to 66 of 128]
-115.12 -115.28 -115.41 -115.50 -115.59 -115.66 -115.66 -115.62 -115.53 -115.38 -115.19 -114.94 -114.66 -114.31 -113.81 -113.38 -113.16 -113.09 -113.12 -113.12 -113.06 -112.91 -112.72 -112.53 -112.31 -112.09 -112.00 -112.00 -112.09 -112.19 -112.31 -112.41 -112.50 -112.56 -112.62 -112.66 -112.69 -112.72 -112.75 -112.75 -112.72 -112.72 -112.72 -112.72 -112.75 -112.78 -112.81 -112.84 -112.88 -112.91 -112.88 -112.81 -112.75 -112.66 -112.59 -112.50 -112.44 -112.38 -112.31 -112.28 -112.22 -112.22 -112.19 -112.22 -112.22 -112.25 -112.28
-115.25 -115.41 -115.53 -115.62 -115.69 -115.72 -115.75 -115.69 -115.59 -115.44 -115.25 -115.00 -114.75 -114.44 -113.94 -113.50 -113.28 -113.31 -113.31 -113.28 -113.19 -113.00 -112.81 -112.56 -112.31 -112.03 -111.88 -111.84 -112.00 -112.16 -112.28 -112.38 -112.47 -112.56 -112.62 -112.69 -112.69 -112.72 -112.69 -112.69 -112.66 -112.66 -112.62 -112.66 -112.66 -112.69 -112.75 -112.78 -112.81 -112.84 -112.81 -112.78 -112.72 -112.62 -112.53 -112.47 -112.38 -112.28 -112.22 -112.19 -112.12 -112.12 -112.12 -112.12 -112.16 -112.19 -112.22
-115.34 -115.50 -115.62 -115.72 -115.75 -115.78 -115.81 -115.75 -115.66 -115.50 -115.31 -115.09 -114.88 -114.59 -114.28 -113.94 -113.69 -113.62 -113.56 -113.50 -113.34 -113.16 -112.94 -112.69 -112.47 -112.28 -112.16 -112.06 -112.06 -112.16 -112.28 -112.38 -112.47 -112.56 -112.66 -112.69 -112.72 -112.69 -112.69 -112.66 -112.62 -112.59 -112.56 -112.56 -112.59 -112.62 -112.66 -112.72 -112.75 -112.78 -112.78 -112.72 -112.66 -112.59 -112.53 -112.44 -112.34 -112.25 -112.19 -112.09 -112.06 -112.06 -112.06 -112.06 -112.12 -112.16 -112.19
-115.44 -115.59 -115.69 -115.78 -115.81 -115.84 -115.84 -115.81 -115.72 -115.59 -115.41 -115.22 -114.97 -114.75 -114.47 -114.22 -114.00 -113.91 -113.81 -113.69 -113.53 -113.31 -113.06 -112.84 -112.66 -112.50 -112.38 -112.28 -112.25 -112.25 -112.31 -112.41 -112.50 -112.59 -112.66 -112.72 -112.72 -112.72 -112.72 -112.69 -112.66 -112.59 -112.53 -112.50 -112.50 -112.56 -112.59 -112.66 -112.69 -112.72 -112.72 -112.69 -112.66 -112.59 -112.50 -112.44 -112.34 -112.28 -112.19 -112.12 -112.06 -112.03 -112.03 -112.06 -112.09 -112.12 -112.19
-115.56 -115.69 -115.78 -115.84 -115.88 -115.88 -115.88 -115.84 -115.78 -115.66 -115.50 -115.28 -115.06 -114.84 -114.62 -114.44 -114.25 -114.12 -114.03 -113.91 -113.72 -113.47 -113.22 -113.03 -112.84 -112.69 -112.56 -112.47 -112.38 -112.34 -112.38 -112.44 -112.50 -112.59 -112.66 -112.72 -112.75 -112.78 -112.78 -112.75 -112.72 -112.66 -112.62 -112.56 -112.53 -112.53 -112.56 -112.62 -112.66 -112.69 -112.69 -112.69 -112.66 -112.59 -112.56 -112.50 -112.41 -112.34 -112.25 -112.19 -112.12 -112.06 -112.06 -112.09 -112.12 -112.16 -112.19
-115.66 -115.75 -115.84 -115.91 -115.94 -115.91 -115.91 -115.84 -115.78 -115.69 -115.53 -115.34 -115.16 -114.97 -114.78 -114.59 -114.44 -114.34 -114.25 -114.09 -113.88 -113.62 -113.38 -113.19 -113.00 -112.84 -112.75 -112.62 -112.53 -112.47 -112.44 -112.44 -112.50 -112.56 -112.66 -112.72 -112.78 -112.81 -112.84 -112.84 -112.81 -112.78 -112.72 -112.66 -112.62 -112.59 -112.59 -112.62 -112.66 -112.69 -112.69 -112.69 -112.69 -112.66 -112.62 -112.56 -112.50 -112.41 -112.34 -112.25 -112.19 -112.12 -112.09 -112.12 -112.16 -112.19 -112.25
-115.72 -115.84 -115.94 -116.00 -116.00 -115.97 -115.94 -115.84 -115.78 -115.66 -115.53 -115.38 -115.22 -115.06 -114.88 -114.75 -114.62 -114.53 -114.41 -114.22 -114.00 -113.75 -113.53 -113.31 -113.16 -113.00 -112.91 -112.78 -112.66 -112.56 -112.50 -112.47 -112.50 -112.56 -112.62 -112.72 -112.78 -112.88 -112.91 -112.94 -112.91 -112.88 -112.84 -112.78 -112.72 -112.69 -112.66 -112.66 -112.69 -112.72 -112.75 -112.75 -112.75 -112.75 -112.72 -112.66 -112.59 -112.50 -112.41 -112.31 -112.25 -112.19 -112.16 -112.16 -112.19 -112.25 -112.28
-115.78 -115.91 -116.03 -116.09 -116.12 -116.09 -116.00 -115.88 -115.75 -115.62 -115.50 -115.34 -115.22 -115.12 -115.00 -114.88 -114.78 -114.66 -114.53 -114.34 -114.09 -113.88 -113.62 -113.44 -113.28 -113.16 -113.03 -112.88 -112.75 -112.62 -112.53 -112.47 -112.50 -112.56 -112.62 -112.72 -112.81 -112.91 -112.97 -113.00 -113.03 -113.00 -112.97 -112.91 -112.84 -112.78 -112.75 -112.75 -112.75 -112.78 -112.81 -112.81 -112.84 -112.84 -112.81 -112.75 -112.69 -112.59 -112.50 -112.38 -112.28 -112.22 -112.19 -112.22 -112.25 -112.28 -112.34
-115.84 -116.00 -116.12 -116.22 -116.25 -116.22 -116.12 -115.97 -115.78 -115.59 -115.41 -115.28 -115.19 -115.16 -115.09 -115.03 -114.91 -114.78 -114.62 -114.44 -114.22 -114.00 -113.78 -113.56 -113.41 -113.25 -113.12 -112.97 -112.81 -112.69 -112.56 -112.50 -112.47 -112.53 -112.62 -112.75 -112.84 -112.94 -113.03 -113.09 -113.12 -113.09 -113.06 -113.03 -112.97 -112.91 -112.84 -112.81 -112.81 -112.84 -112.84 -112.88 -112.91 -112.91 -112.88 -112.81 -112.75 -112.66 -112.56 -112.44 -112.34 -112.25 -112.22 -112.25 -112.31 -112.34 -112.38
-115.97 -116.12 -116.28 -116.38 -116.44 -116.41 -116.28 -116.12 -115.91 -115.62 -115.34 -115.16 -115.19 -115.22 -115.22 -115.16 -115.06 -114.91 -114.75 -114.56 -114.34 -114.12 -113.94 -113.72 -113.53 -113.38 -113.19 -113.03 -112.91 -112.75 -112.62 -112.53 -112.50 -112.56 -112.66 -112.78 -112.88 -113.00 -113.09 -113.16 -113.19 -113.19 -113.16 -113.12 -113.06 -113.00 -112.94 -112.88 -112.88 -112.88 -112.91 -112.94 -112.97 -112.97 -112.94 -112.84 -112.78 -112.69 -112.59 -112.47 -112.38 -112.28 -112.28 -112.31 -112.34 -112.41 -112.44
-116.22 -116.34 -116.44 -116.56 -116.62 -116.59 -116.50 -116.34 -116.12 -115.84 -115.44 -115.22 -115.28 -115.38 -115.38 -115.31 -115.22 -115.06 -114.88 -114.72 -114.50 -114.31 -114.09 -113.88 -113.66 -113.44 -113.25 -113.09 -112.94 -112.81 -112.69 -112.59 -112.56 -112.59 -112.69 -112.81 -112.91 -113.03 -113.12 -113.19 -113.25 -113.25 -113.25 -113.22 -113.16 -113.06 -113.00 -112.97 -112.94 -112.97 -113.00 -113.00 -113.03 -113.00 -112.94 -112.88 -112.78 -112.69 -112.59 -112.47 -112.38 -112.31 -112.28 -112.34 -112.41 -112.44 -112.50
-116.44 -116.53 -116.66 -116.75 -116.81 -116.81 -116.69 -116.53 -116.38 -116.12 -115.81 -115.59 -115.53 -115.56 -115.53 -115.50 -115.38 -115.22 -115.03 -114.88 -114.69 -114.47 -114.25 -113.97 -113.72 -113.50 -113.31 -113.12 -113.00 -112.88 -112.78 -112.69 -112.69 -112.72 -112.78 -112.88 -112.97 -113.06 -113.16 -113.22 -113.28 -113.31 -113.31 -113.28 -113.22 -113.16 -113.09 -113.06 -113.06 -113.06 -113.06 -113.09 -113.06 -113.03 -112.97 -112.88 -112.78 -112.69 -112.59 -112.47 -112.38 -112.31 -112.31 -112.38 -112.44 -112.47 -112.50
-116.62 -116.72 -116.84 -116.94 -117.00 -117.00 -116.91 -116.75 -116.56 -116.38 -116.16 -115.94 -115.84 -115.78 -115.72 -115.66 -115.53 -115.38 -115.22 -115.03 -114.84 -114.59 -114.34 -114.06 -113.78 -113.53 -113.31 -113.16 -113.03 -112.94 -112.88 -112.81 -112.81 -112.84 -112.88 -112.94 -113.03 -113.12 -113.19 -113.25 -113.31 -113.34 -113.38 -113.34 -113.31 -113.25 -113.19 -113.16 -113.16 -113.16 -113.16 -113.16 -113.12 -113.06 -112.97 -112.88 -112.75 -112.66 -112.56 -112.44 -112.38 -112.31 -112.34 -112.38 -112.44 -112.50 -112.53
-116.84 -116.91 -117.00 -117.09 -117.16 -117.16 -117.06 -116.94 -116.75 -116.56 -116.38 -116.22 -116.06 -115.97 -115.88 -115.78 -115.69 -115.53 -115.38 -115.19 -114.97 -114.69 -114.41 -114.09 -113.81 -113.53 -113.31 -113.16 -113.06 -113.00 -113.00 -112.97 -112.97 -113.00 -113.03 -113.06 -113.12 -113.19 -113.25 -113.28 -113.34 -113.38 -113.41 -113.41 -113.38 -113.34 -113.31 -113.28 -113.28 -113.28 -113.28 -113.25 -113.19 -113.09 -112.97 -112.88 -112.75 -112.62 -112.53 -112.44 -112.38 -112.34 -112.38 -112.41 -112.44 -112.50 -112.53
-117.00 -117.06 -117.16 -117.25 -117.31 -117.31 -117.22 -117.09 -116.94 -116.75 -116.59 -116.44 -116.28 -116.16 -116.03 -115.94 -115.81 -115.69 -115.53 -115.31 -115.06 -114.78 -114.47 -114.12 -113.81 -113.53 -113.31 -113.16 -113.12 -113.12 -113.12 -113.12 -113.12 -113.16 -113.16 -113.19 -113.22 -113.25 -113.31 -113.34 -113.38 -113.44 -113.44 -113.44 -113.44 -113.44 -113.41 -113.41 -113.41 -113.38 -113.34 -113.31 -113.22 -113.12 -113.00 -112.88 -112.75 -112.62 -112.53 -112.47 -112.41 -112.38 -112.41 -112.44 -112.47 -112.50 -112.56
-117.16 -117.22 -117.28 -117.34 -117.41 -117.41 -117.34 -117.22 -117.09 -116.94 -116.75 -116.59 -116.44 -116.31 -116.16 -116.06 -115.94 -115.84 -115.69 -115.47 -115.19 -114.88 -114.56 -114.25 -113.88 -113.53 -113.25 -113.19 -113.22 -113.25 -113.25 -113.25 -113.28 -113.28 -113.31 -113.34 -113.34 -113.38 -113.38 -113.41 -113.44 -113.47 -113.50 -113.50 -113.50 -113.50 -113.50 -113.50 -113.50 -113.47 -113.41 -113.34 -113.25 -113.12 -113.00 -112.88 -112.75 -112.66 -112.56 -112.50 -112.47 -112.44 -112.44 -112.47 -112.50 -112.53 -112.56
-117.25 -117.34 -117.41 -117.44 -117.47 -117.47 -117.44 -117.31 -117.22 -117.06 -116.91 -116.75 -116.59 -116.47 -116.31 -116.19 -116.09 -115.97 -115.81 -115.59 -115.34 -115.03 -114.72 -114.41 -114.03 -113.59 -113.28 -113.28 -113.34 -113.38 -113.41 -113.41 -113.41 -113.44 -113.44 -113.47 -113.47 -113.47 -113.50 -113.50 -113.53 -113.56 -113.56 -113.56 -113.56 -113.56 -113.59 -113.59 -113.56 -113.50 -113.44 -113.34 -113.25 -113.12 -113.00 -112.88 -112.75 -112.66 -112.59 -112.53 -112.50 -112.50 -112.50 -112.50 -112.53 -112.56 -112.56
-117.34 -117.41 -117.47 -117.50 -117.50 -117.50 -117.47 -117.38 -117.28 -117.16 -117.03 -116.91 -116.75 -116.59 -116.44 -116.31 -116.22 -116.12 -115.97 -115.75 -115.50 -115.22 -114.91 -114.59 -114.25 -113.81 -113.53 -113.50 -113.53 -113.56 -113.56 -113.56 -113.56 -113.56 -113.56 -113.59 -113.59 -113.59 -113.59 -113.62 -113.62 -113.62 -113.62 -113.62 -113.62 -113.62 -113.66 -113.62 -113.59 -113.53 -113.44 -113.34 -113.22 -113.09 -112.97 -112.84 -112.75 -112.66 -112.62 -112.56 -112.53 -112.53 -112.53 -112.53 -112.56 -112.56 -112.59
-117.38 -117.44 -117.50 -117.50 -117.50 -117.47 -117.44 -117.38 -117.31 -117.25 -117.12 -117.00 -116.84 -116.69 -116.56 -116.44 -116.34 -116.25 -116.09 -115.88 -115.62 -115.38 -115.09 -114.81 -114.50 -114.19 -113.91 -113.78 -113.78 -113.78 -113.75 -113.72 -113.72 -113.69 -113.69 -113.69 -113.69 -113.69 -113.69 -113.72 -113.72 -113.72 -113.72 -113.69 -113.69 -113.69 -113.69 -113.66 -113.59 -113.53 -113.41 -113.31 -113.19 -113.06 -112.94 -112.84 -112.75 -112.66 -112.62 -112.59 -112.56 -112.53 -112.53 -112.53 -112.56 -112.56 -112.59
-117.38 -117.44 -117.47 -117.47 -117.44 -117.44 -117.41 -117.38 -117.31 -117.25 -117.16 -117.03 -116.91 -116.78 -116.66 -116.56 -116.47 -116.38 -116.22 -116.03 -115.78 -115.56 -115.31 -115.06 -114.78 -114.53 -114.28 -114.12 -114.03 -114.00 -113.97 -113.94 -113.88 -113.84 -113.81 -113.81 -113.78 -113.78 -113.78 -113.78 -113.81 -113.78 -113.78 -113.78 -113.75 -113.75 -113.75 -113.69 -113.59 -113.50 -113.41 -113.28 -113.19 -113.06 -112.94 -112.81 -112.75 -112.66 -112.62 -112.56 -112.53 -112.50 -112.50 -112.53 -112.53 -112.56 -112.56
-117.34 -117.38 -117.41 -117.41 -117.41 -117.38 -117.34 -117.31 -117.25 -117.22 -117.12 -117.03 -116.94 -116.81 -116.72 -116.66 -116.56 -116.47 -116.34 -116.16 -115.97 -115.75 -115.53 -115.28 -115.06 -114.81 -114.59 -114.41 -114.28 -114.22 -114.19 -114.12 -114.06 -114.00 -113.94 -113.91 -113.88 -113.84 -113.84 -113.84 -113.84 -113.84 -113.84 -113.81 -113.81 -113.78 -113.75 -113.69 -113.59 -113.50 -113.38 -113.25 -113.16 -113.03 -112.91 -112.81 -112.72 -112.62 -112.56 -112.53 -112.50 -112.47 -112.47 -112.50 -112.53 -112.53 -112.56
-117.28 -117.34 -117.34 -117.34 -117.34 -117.31 -117.25 -117.22 -117.19 -117.12 -117.06 -117.00 -116.94 -116.88 -116.81 -116.75 -116.69 -116.59 -116.47 -116.31 -116.12 -115.94 -115.72 -115.50 -115.28 -115.06 -114.84 -114.69 -114.53 -114.44 -114.38 -114.28 -114.22 -114.12 -114.06 -113.97 -113.94 -113.91 -113.88 -113.88 -113.88 -113.88 -113.88 -113.88 -113.84 -113.81 -113.75 -113.69 -113.56 -113.47 -113.34 -113.22 -113.09 -112.97 -112.84 -112.75 -112.66 -112.59 -112.53 -112.47 -112.44 -112.41 -112.44 -112.44 -112.47 -112.50 -112.53
-117.25 -117.28 -117.28 -117.28 -117.25 -117.22 -117.19 -117.12 -117.09 -117.06 -117.00 -116.97 -116.94 -116.91 -116.88 -116.81 -116.78 -116.69 -116.56 -116.44 -116.25 -116.06 -115.91 -115.69 -115.50 -115.28 -115.09 -114.91 -114.78 -114.62 -114.53 -114.41 -114.31 -114.22 -114.12 -114.03 -113.97 -113.94 -113.91 -113.88 -113.88 -113.88 -113.88 -113.88 -113.84 -113.81 -113.75 -113.66 -113.53 -113.41 -113.28 -113.16 -113.00 -112.88 -112.75 -112.66 -112.56 -112.50 -112.44 -112.41 -112.38 -112.38 -112.38 -112.41 -112.44 -112.47 -112.47
-117.22 -117.25 -117.25 -117.22 -117.19 -117.16 -117.09 -117.06 -117.03 -117.00 -116.97 -116.97 -116.97 -116.94 -116.94 -116.91 -116.84 -116.75 -116.66 -116.50 -116.34 -116.19 -116.03 -115.84 -115.69 -115.50 -115.28 -115.09 -114.94 -114.75 -114.59 -114.47 -114.31 -114.22 -114.09 -114.03 -113.97 -113.94 -113.91 -113.88 -113.84 -113.84 -113.88 -113.88 -113.84 -113.78 -113.69 -113.59 -113.47 -113.34 -113.22 -113.06 -112.91 -112.78 -112.66 -112.56 -112.47 -112.41 -112.38 -112.34 -112.31 -112.31 -112.31 -112.34 -112.38 -112.41 -112.44
-117.22 -117.25 -117.22 -117.19 -117.12 -117.09 -117.06 -117.03 -117.00 -116.97 -116.97 -116.97 -116.97 -116.97 -116.97 -116.94 -116.88 -116.81 -116.69 -116.56 -116.41 -116.25 -116.09 -115.94 -115.78 -115.59 -115.41 -115.19 -114.97 -114.78 -114.59 -114.41 -114.25 -114.12 -114.03 -114.00 -113.97 -113.94 -113.91 -113.88 -113.84 -113.84 -113.84 -113.84 -113.81 -113.75 -113.66 -113.56 -113.44 -113.28 -113.16 -113.00 -112.84 -112.69 -112.56 -112.44 -112.34 -112.31 -112.25 -112.25 -112.22 -112.22 -112.25 -112.28 -112.31 -112.34 -112.38
-117.25 -117.25 -117.22 -117.16 -117.12 -117.06 -117.03 -117.00 -116.97 -116.97 -116.97 -116.97 -116.97 -117.00 -117.00 -117.00 -116.94 -116.81 -116.72 -116.59 -116.44 -116.31 -116.16 -116.00 -115.81 -115.62 -115.41 -115.19 -114.94 -114.72 -114.50 -114.31 -114.16 -114.03 -113.94 -113.91 -113.91 -113.91 -113.91 -113.88 -113.88 -113.84 -113.84 -113.81 -113.78 -113.72 -113.62 -113.53 -113.38 -113.25 -113.09 -112.94 -112.75 -112.59 -112.47 -112.34 -112.25 -112.19 -112.16 -112.16 -112.16 -112.16 -112.16 -112.19 -112.25 -112.28 -112.31
-117.22 -117.22 -117.19 -117.16 -117.09 -117.06 -117.00 -116.97 -116.94 -116.94 -116.94 -116.94 -116.97 -117.00 -117.03 -117.00 -116.94 -116.84 -116.75 -116.62 -116.50 -116.34 -116.19 -116.00 -115.81 -115.59 -115.38 -115.12 -114.88 -114.62 -114.38 -114.16 -114.00 -113.91 -113.84 -113.84 -113.88 -113.88 -113.91 -113.88 -113.88 -113.84 -113.81 -113.78 -113.75 -113.69 -113.59 -113.47 -113.34 -113.22 -113.06 -112.91 -112.72 -112.56 -112.41 -112.25 -112.12 -112.06 -112.03 -112.03 -112.03 -112.06 -112.09 -112.12 -112.19 -112.22 -112.28
-117.19 -117.16 -117.16 -117.12 -117.09 -117.03 -117.00 -116.94 -116.91 -116.88 -116.88 -116.91 -116.94 -116.97 -117.00 -116.97 -116.91 -116.81 -116.72 -116.62 -116.50 -116.34 -116.16 -115.97 -115.78 -115.56 -115.31 -115.03 -114.78 -114.50 -114.22 -113.97 -113.81 -113.75 -113.75 -113.75 -113.81 -113.84 -113.88 -113.88 -113.88 -113.84 -113.81 -113.75 -113.69 -113.62 -113.53 -113.44 -113.31 -113.19 -113.03 -112.88 -112.72 -112.56 -112.38 -112.22 -112.06 -111.94 -111.91 -111.91 -111.94 -111.97 -112.00 -112.06 -112.12 -112.19 -112.25
-117.12 -117.09 -117.06 -117.06 -117.03 -116.97 -116.94 -116.88 -116.81 -116.78 -116.81 -116.84 -116.88 -116.94 -116.94 -116.91 -116.84 -116.75 -116.69 -116.59 -116.47 -116.31 -116.12 -115.94 -115.72 -115.50 -115.25 -114.97 -114.69 -114.41 -114.09 -113.75 -113.62 -113.62 -113.66 -113.69 -113.75 -113.78 -113.81 -113.84 -113.84 -113.81 -113.78 -113.72 -113.66 -113.56 -113.47 -113.38 -113.28 -113.16 -113.00 -112.88 -112.72 -112.53 -112.38 -112.19 -112.03 -111.88 -111.81 -111.81 -111.84 -111.88 -111.97 -112.03 -112.12 -112.19 -112.25
