everonasctiles/Tile39,0.asc
ncols 128
nrows 128
xllcorner 0
yllcorner 0
cellsize 2.0
NODATA_value  -9999
[rows 0 to 31 of 128, columns 0 to 70 of 128]
11.38 11.81 12.16 12.47 12.47 12.66 12.66 12.62 12.72 12.66 12.69 12.69 12.69 12.69 12.72 12.75 12.78 12.81 12.84 12.84 12.91 12.88 12.97 13.09 13.41 13.34 13.34 13.31 13.16 13.28 13.28 13.25 12.81 12.88 13.12 13.16 13.19 13.22 13.25 13.31 13.41 13.50 13.59 13.72 13.88 14.03 14.19 14.34 14.53 14.75 15.00 15.31 15.69 16.09 16.25 16.03 15.94 15.91 15.91 16.06 16.25 16.38 16.56 16.75 16.94 17.12 17.25 17.44 17.69 17.94 18.09
11.00 11.38 11.69 11.91 12.00 12.16 12.16 12.09 12.16 12.00 12.03 12.06 12.12 12.22 12.28 12.31 12.34 12.41 12.41 12.47 12.50 12.47 12.47 12.53 12.62 12.72 12.72 12.56 12.47 12.56 12.44 12.34 12.19 12.47 12.66 12.75 12.88 12.84 12.84 13.00 13.09 13.19 13.31 13.44 13.59 13.78 13.94 14.12 14.31 14.53 14.81 15.12 15.53 15.81 16.06 16.41 16.44 16.78 16.62 16.50 16.53 16.66 16.72 16.81 16.97 17.12 17.25 17.41 17.62 17.88 18.00
10.56 10.94 11.19 11.56 11.41 11.50 11.50 11.47 11.44 11.50 11.38 11.44 11.56 11.72 11.75 11.66 11.88 11.94 11.91 12.00 12.00 12.09 11.97 12.00 12.12 11.97 11.91 11.84 11.78 11.91 11.69 11.69 11.56 11.78 12.16 12.34 12.47 12.28 12.34 12.38 12.59 12.84 12.97 13.12 13.31 13.53 13.72 13.88 14.06 14.28 14.53 14.88 15.22 15.56 15.78 16.09 16.12 16.38 16.56 16.72 16.72 16.69 17.25 17.06 17.06 17.03 17.03 17.09 17.28 17.50 17.69
10.00 10.25 10.69 10.78 10.84 10.78 10.69 10.72 10.62 10.75 10.72 10.88 11.00 11.09 11.22 11.28 11.34 11.34 11.59 11.56 11.53 11.62 11.50 11.41 11.56 11.22 11.12 11.12 11.06 11.25 11.19 11.09 11.06 11.19 11.34 11.84 11.88 11.84 12.16 11.81 12.00 12.16 12.31 12.53 12.91 13.28 13.50 13.47 13.69 14.00 14.22 14.62 15.03 15.22 15.59 15.81 16.00 16.19 16.53 16.59 16.41 16.38 16.50 17.25 17.16 17.09 17.00 17.00 17.12 17.28 17.41
9.47 9.69 9.91 10.03 9.97 10.00 10.06 10.16 10.00 10.03 10.22 10.31 10.44 10.44 10.69 10.59 10.88 11.00 10.94 11.06 11.00 11.12 10.91 10.75 10.91 10.56 10.38 10.38 10.31 10.56 10.59 10.75 10.69 10.81 10.81 11.03 11.34 11.34 11.62 11.69 11.69 11.72 11.81 12.09 12.41 12.59 13.12 13.16 13.38 13.50 13.97 14.19 14.62 15.00 15.38 15.50 15.94 16.09 16.25 16.44 16.19 16.25 16.38 16.75 17.09 17.16 17.09 17.00 17.00 17.09 17.19
8.84 9.16 9.03 9.19 9.22 9.31 9.56 9.53 9.50 9.69 9.81 9.91 9.97 10.00 10.06 10.12 10.34 10.41 10.50 10.62 10.47 10.53 10.28 10.22 10.22 9.88 9.88 9.56 9.62 9.72 10.00 10.28 10.41 10.41 10.41 10.47 10.81 11.09 11.09 11.16 11.25 11.28 11.38 11.72 11.91 12.28 12.47 12.88 13.12 13.44 13.75 13.91 14.31 14.66 15.03 15.34 15.75 15.91 15.97 16.09 16.22 16.31 16.34 16.53 16.84 17.06 17.09 17.00 16.97 17.00 17.03
8.31 8.25 8.38 8.38 8.69 8.94 8.97 9.06 9.16 9.25 9.47 9.59 9.59 9.62 9.72 9.78 9.91 9.97 9.97 9.97 10.00 9.88 9.88 9.72 9.62 9.31 9.31 9.09 9.12 9.28 9.34 9.66 9.78 10.06 10.00 10.09 10.28 10.50 10.59 10.69 10.78 10.72 10.91 11.19 11.66 11.91 12.19 12.53 12.66 13.06 13.72 13.75 14.12 14.41 14.75 15.09 15.41 15.50 15.88 16.00 16.16 16.12 16.19 16.41 16.66 16.91 17.00 16.94 16.91 16.88 16.84
7.88 7.81 7.91 7.81 8.22 8.38 8.59 8.62 8.75 9.06 9.09 9.12 9.16 9.28 9.25 9.41 9.47 9.53 9.56 9.44 9.66 9.53 9.44 9.22 9.22 9.19 8.94 8.84 9.00 9.12 9.12 9.28 9.28 9.56 9.91 9.78 9.97 10.16 10.31 10.19 10.19 10.34 10.66 10.84 11.59 11.69 11.75 11.84 12.44 12.97 13.25 13.66 13.88 14.09 14.69 14.94 15.03 15.44 15.75 15.88 16.09 16.06 16.09 16.25 16.50 16.72 16.81 16.81 16.75 16.72 16.66
7.50 7.38 7.53 7.59 7.78 8.03 8.19 8.25 8.34 8.62 8.81 8.75 8.88 8.94 9.03 9.06 9.22 9.09 9.12 8.97 9.19 9.25 9.25 9.00 8.94 8.69 8.59 8.53 8.81 8.72 8.91 8.88 8.94 9.34 9.47 9.50 9.72 9.88 10.03 10.09 9.88 10.03 10.22 10.44 11.19 11.47 11.25 11.31 12.12 12.72 13.38 13.66 13.66 13.94 14.44 14.41 14.91 15.12 15.50 15.62 15.72 15.84 16.06 16.16 16.38 16.53 16.62 16.62 16.56 16.50 16.44
7.09 7.25 7.19 7.31 7.50 7.62 7.78 7.94 8.22 8.41 8.44 8.53 8.59 8.62 8.72 8.69 8.75 8.78 8.62 8.56 8.66 8.66 8.62 8.41 8.44 8.38 8.09 8.19 8.62 8.59 8.66 8.31 8.69 8.88 9.09 9.00 9.19 9.72 9.88 9.81 9.84 9.81 9.84 10.16 10.41 10.72 10.75 11.03 11.72 12.19 12.59 13.09 13.59 13.59 13.81 14.06 14.53 14.91 14.97 15.19 15.56 15.62 15.94 16.03 16.16 16.31 16.50 16.44 16.34 16.28 16.19
6.84 7.06 7.25 7.19 7.38 7.44 7.56 7.69 7.94 8.09 8.19 8.16 8.16 8.44 8.31 8.34 8.56 8.31 8.22 8.25 8.19 8.22 8.16 8.03 8.03 8.09 7.97 7.78 8.00 7.94 8.12 8.00 8.09 8.19 8.47 8.44 8.81 9.12 9.38 9.38 9.56 9.56 9.38 9.69 10.16 10.38 10.47 10.84 11.12 11.88 12.25 12.53 12.66 13.09 13.31 13.75 14.28 14.47 14.66 15.06 15.34 15.50 15.78 15.88 15.94 16.12 16.28 16.16 16.09 16.03 15.91
6.53 6.81 7.06 7.12 7.25 7.34 7.41 7.50 7.75 7.78 7.94 7.88 8.06 8.09 8.12 8.16 8.09 7.94 8.00 7.94 7.84 7.88 7.78 7.66 7.62 7.53 7.53 7.69 7.47 7.56 7.59 7.66 7.69 7.62 7.81 8.00 8.38 8.94 8.94 9.03 9.12 9.22 9.06 9.12 9.62 9.84 10.00 10.44 10.78 11.28 11.91 12.19 12.59 12.78 12.94 13.34 13.62 14.09 14.47 14.72 14.97 15.25 15.31 15.59 15.72 15.84 15.91 15.88 15.84 15.75 15.62
6.06 6.41 6.75 7.09 7.16 7.25 7.31 7.31 7.53 7.56 7.44 7.53 7.66 7.81 7.97 7.88 7.81 7.75 7.72 7.50 7.41 7.50 7.25 7.09 7.12 6.94 6.94 7.09 7.09 7.09 7.41 7.25 7.16 7.31 7.59 7.78 8.16 8.41 8.41 8.47 8.31 8.50 8.66 8.75 9.34 9.59 9.62 10.03 10.38 10.84 11.19 11.62 11.97 12.53 12.75 12.94 13.34 13.81 14.22 14.50 14.53 14.91 14.97 15.25 15.47 15.53 15.53 15.62 15.66 15.47 15.28
5.31 5.78 6.25 6.78 7.12 7.25 7.19 7.22 7.12 7.12 7.19 7.31 7.56 7.56 7.59 7.62 7.62 7.56 7.38 7.28 7.28 7.03 6.94 6.88 6.94 6.78 6.75 6.66 6.69 6.56 6.78 6.75 6.75 6.84 7.06 7.31 7.75 7.75 7.66 7.69 7.50 7.59 8.31 8.50 8.66 9.00 9.38 9.72 9.91 10.38 10.81 11.25 11.94 12.12 12.38 12.53 12.94 13.44 13.84 14.03 14.25 14.53 14.78 14.91 15.25 15.25 15.25 15.34 15.22 15.03 14.88
4.59 4.94 5.50 6.19 6.81 7.06 7.00 6.97 7.03 7.03 7.03 7.25 7.31 7.41 7.34 7.31 7.31 7.22 7.12 7.16 7.03 6.75 6.75 6.78 6.62 6.69 6.50 6.41 6.34 6.34 6.53 6.41 6.38 6.31 6.41 6.62 6.88 7.09 7.06 7.19 7.16 7.22 7.81 8.06 8.03 8.34 8.84 9.09 9.41 9.75 10.22 10.97 11.34 11.78 12.03 12.16 12.56 12.97 13.16 13.62 13.81 14.12 14.38 14.53 14.72 14.94 14.88 14.78 14.62 14.56 14.38
3.94 4.19 4.81 5.50 6.09 6.62 6.72 6.66 6.81 6.88 6.94 7.12 7.16 7.09 7.03 6.94 7.03 7.06 6.97 6.91 6.81 6.59 6.47 6.09 5.97 5.97 5.91 5.75 5.72 6.00 6.06 6.06 6.53 6.19 6.03 6.22 6.25 6.44 6.66 6.75 7.00 6.94 7.12 7.28 7.50 7.91 8.06 8.50 8.91 9.31 9.88 10.44 10.97 11.22 11.62 11.88 12.09 12.56 12.91 13.28 13.59 13.78 13.94 14.16 14.28 14.41 14.44 14.25 14.19 14.16 13.91
3.09 3.38 3.62 4.31 5.03 5.59 5.91 6.16 6.50 6.75 6.75 6.88 6.91 6.84 6.72 6.47 6.47 6.50 6.31 6.06 6.03 5.53 5.19 5.06 4.84 4.94 4.84 4.88 5.00 5.28 5.25 5.56 6.03 6.12 5.94 6.06 5.97 6.00 6.00 6.16 6.53 6.94 6.84 6.94 7.16 7.72 8.00 8.12 8.56 9.06 9.47 10.09 10.66 10.91 11.28 11.44 11.62 12.06 12.53 12.91 13.22 13.38 13.56 13.88 13.84 13.97 14.03 13.91 13.88 13.75 13.41
2.75 2.69 2.84 3.25 3.78 4.34 4.75 5.28 5.53 5.81 5.75 5.75 5.84 5.66 5.56 5.38 5.25 5.00 4.94 4.69 4.44 4.34 4.09 3.97 3.75 3.59 3.53 3.69 3.88 4.22 4.44 4.84 5.19 5.66 5.81 5.66 5.38 5.50 5.56 5.81 6.41 6.78 6.66 6.88 7.31 7.50 7.38 7.62 8.28 8.62 9.03 9.50 10.03 10.22 10.66 11.00 11.31 11.72 12.22 12.56 12.66 12.91 13.19 13.44 13.56 13.50 13.62 13.66 13.50 13.22 13.00
2.59 2.47 2.47 2.53 2.72 3.06 3.47 3.88 4.09 4.31 4.38 4.41 4.38 4.12 4.00 3.94 3.78 3.34 3.19 3.00 2.94 3.03 3.09 2.84 2.69 2.50 2.41 2.53 2.66 3.00 3.12 3.59 4.19 4.69 4.97 5.06 5.31 5.69 5.84 5.75 6.00 6.53 6.56 6.69 7.12 7.28 7.25 7.28 7.69 8.19 8.53 9.09 9.50 9.88 10.31 10.69 11.09 11.38 11.75 12.03 12.34 12.56 12.84 12.97 13.16 13.22 13.25 13.19 13.06 12.81 12.59
2.41 2.34 2.38 2.22 2.25 2.34 2.47 2.59 2.72 2.84 2.81 2.94 2.84 2.72 2.56 2.44 2.38 2.00 1.81 1.75 1.78 1.75 2.12 2.06 2.03 2.09 1.88 2.06 2.16 2.16 2.22 2.44 2.84 3.41 3.94 4.53 5.28 5.84 5.91 6.16 5.78 5.91 6.53 6.84 6.97 7.12 7.28 7.31 7.69 7.84 8.12 8.62 9.09 9.59 9.94 10.31 10.75 11.03 11.25 11.69 12.06 12.19 12.47 12.69 12.81 12.78 12.66 12.66 12.53 12.38 12.09
2.06 2.09 2.06 1.97 1.88 2.00 1.91 1.78 1.72 1.81 1.81 1.59 1.66 1.50 1.41 1.44 1.41 1.34 1.28 1.31 1.38 1.25 1.44 1.34 1.69 1.59 1.50 1.62 1.62 1.75 1.94 1.72 1.88 2.19 2.69 3.53 4.53 5.09 5.53 5.97 5.78 6.00 6.41 6.62 6.28 6.81 6.91 7.03 7.41 7.50 8.12 8.41 8.88 9.19 9.66 9.94 10.34 10.59 10.97 11.44 11.84 11.97 12.03 12.22 12.34 12.28 12.16 12.09 12.03 11.81 11.41
1.81 1.75 1.69 1.66 1.66 1.69 1.53 1.44 1.38 1.34 1.22 1.19 1.16 1.16 1.12 1.06 1.00 0.97 1.00 0.97 0.97 1.06 0.84 0.78 1.06 1.06 1.12 1.28 1.31 1.28 1.44 1.34 1.53 1.47 1.81 2.38 3.06 4.19 4.84 5.56 5.69 5.88 6.06 6.19 5.88 6.25 6.47 6.56 6.62 6.69 7.56 8.56 8.59 8.97 9.44 9.94 10.09 10.44 10.81 11.16 11.44 11.44 11.56 11.62 11.59 11.47 11.28 11.41 11.22 11.00 10.53
1.72 1.62 1.50 1.41 1.34 1.28 1.25 1.16 1.19 1.12 1.12 1.03 1.16 1.06 0.97 1.00 0.94 0.97 0.97 0.94 0.88 1.25 0.78 0.72 0.72 0.78 0.81 1.09 1.16 1.16 1.00 1.06 1.03 0.91 1.09 1.59 2.00 2.88 3.78 4.25 4.78 5.03 5.22 5.44 5.34 5.47 5.72 6.06 6.25 6.47 7.06 7.56 7.91 8.38 9.06 9.56 9.69 10.19 10.44 10.72 10.78 10.78 10.81 10.88 10.88 10.78 10.66 10.38 10.19 9.88 9.50
1.56 1.50 1.41 1.28 1.00 0.91 0.97 1.12 0.97 1.00 1.03 1.03 1.16 1.22 1.06 1.06 0.97 0.97 0.91 0.88 0.91 0.97 0.81 0.66 0.81 0.78 0.69 0.91 0.72 0.78 0.91 0.72 0.75 0.72 0.69 0.91 1.09 1.69 2.03 2.59 3.38 3.72 4.19 4.66 4.41 4.34 4.75 5.91 6.03 6.53 6.81 7.12 7.34 7.81 7.94 8.62 8.91 9.38 9.62 9.69 9.84 9.88 9.91 9.84 9.53 9.12 9.03 8.69 8.84 8.62 8.19
1.62 1.41 1.28 1.16 0.97 0.81 0.88 0.91 0.84 0.94 0.94 1.00 1.12 1.03 1.00 0.91 0.97 0.88 0.78 0.78 0.88 0.88 0.62 0.66 0.81 0.69 0.59 0.56 0.50 0.50 0.72 0.59 0.62 0.66 0.56 0.69 0.81 0.81 1.09 1.75 2.19 2.66 2.75 2.97 2.91 3.38 4.09 5.22 6.03 6.66 6.81 6.75 6.81 6.72 6.84 7.34 7.84 8.09 8.16 8.12 8.34 8.75 8.62 8.44 7.66 7.09 7.16 7.12 7.12 6.97 6.66
1.50 1.41 1.31 1.22 1.06 0.84 0.75 0.81 0.81 0.97 0.97 0.81 0.84 0.81 0.88 0.84 0.84 0.78 0.69 0.75 0.78 0.69 0.62 0.59 0.56 0.66 0.56 0.53 0.50 0.50 0.44 0.59 0.50 0.53 0.69 0.69 0.91 1.00 1.25 1.38 1.62 1.50 1.44 1.50 1.94 2.53 3.31 4.44 5.50 6.31 6.53 6.34 5.97 5.72 5.81 6.22 6.59 6.47 6.19 6.75 7.03 7.22 6.97 6.75 6.09 5.62 5.47 5.62 5.59 5.09 4.88
1.34 1.25 1.22 1.19 1.00 0.81 0.75 0.75 0.72 0.72 0.69 0.72 0.59 0.69 0.62 0.59 0.66 0.62 0.53 0.59 0.53 0.47 0.56 0.38 0.41 0.41 0.41 0.38 0.34 0.41 0.38 0.44 0.72 0.88 1.06 1.09 1.06 1.16 1.34 1.47 1.41 1.09 0.50 0.28 0.53 1.34 2.25 3.38 4.56 5.41 5.56 5.78 5.38 4.97 4.66 4.75 5.00 5.16 5.03 5.41 5.38 5.25 5.41 5.28 5.03 4.31 4.06 3.97 3.91 3.19 3.22
1.19 1.19 1.12 1.06 1.00 0.81 0.69 0.72 0.62 0.62 0.50 0.66 0.47 0.47 0.50 0.31 0.28 0.47 0.47 0.38 0.38 0.25 0.25 0.34 0.31 0.16 0.16 0.22 0.16 0.22 0.34 0.53 0.66 1.03 1.22 1.19 1.03 1.62 1.31 1.09 1.12 0.94 0.44 0.09 -0.09 0.19 0.81 1.78 3.09 4.03 4.41 4.62 4.53 3.88 3.50 3.44 3.75 4.09 3.91 3.69 3.72 3.78 3.88 4.00 3.72 3.28 2.69 2.44 2.09 1.56 1.56
0.88 0.84 0.88 0.91 0.81 0.78 0.53 0.47 0.38 0.31 0.28 0.28 0.31 0.28 0.12 0.09 0.06 0.09 0.09 0.12 0.22 0.16 0.09 0.12 -0.03 -0.12 -0.09 0.06 0.03 0.09 0.19 0.38 0.56 0.81 0.88 1.00 1.00 1.28 1.12 0.97 0.44 0.16 -0.25 -0.50 -0.56 -0.50 -0.19 0.47 1.22 2.12 2.88 3.00 3.00 2.72 2.38 2.31 2.78 3.16 3.00 2.44 2.53 2.59 2.53 2.62 2.38 2.00 1.03 0.94 0.75 0.12 0.09
0.72 0.66 0.72 0.75 0.59 0.50 0.38 0.34 0.19 0.12 0.16 0.00 -0.06 -0.03 -0.03 -0.12 -0.16 -0.19 -0.19 -0.25 -0.19 -0.22 -0.25 -0.34 -0.38 -0.38 -0.34 -0.28 -0.22 -0.06 0.00 0.09 0.28 0.34 0.56 0.94 1.06 1.03 0.81 0.53 0.03 -0.34 -0.66 -0.91 -1.19 -1.12 -1.00 -0.59 -0.31 0.34 0.88 1.25 1.38 1.59 1.44 1.50 1.62 1.78 1.84 1.41 1.62 1.56 1.28 1.34 1.09 0.25 -0.03 -0.53 -0.66 -1.22 -1.31
0.34 0.34 0.56 0.53 0.47 0.31 0.12 0.06 -0.09 -0.12 -0.12 -0.25 -0.31 -0.34 -0.34 -0.44 -0.47 -0.53 -0.53 -0.59 -0.59 -0.66 -0.62 -0.72 -0.72 -0.69 -0.66 -0.59 -0.53 -0.44 -0.31 -0.12 -0.03 0.03 0.12 0.31 0.50 0.41 0.34 0.03 -0.47 -0.91 -1.06 -1.34 -1.47 -1.66 -1.72 -1.59 -1.53 -1.28 -0.59 -0.22 0.16 0.41 0.53 0.72 0.75 0.88 0.84 0.62 0.75 0.62 0.44 0.22 -0.22 -1.03 -1.38 -1.59 -2.00 -2.44 -2.44
0.25 0.28 0.12 0.06 0.00 -0.03 -0.31 -0.31 -0.41 -0.47 -0.53 -0.59 -0.56 -0.66 -0.72 -0.75 -0.88 -0.88 -0.81 -0.91 -0.94 -1.03 -0.97 -1.09 -1.06 -1.03 -1.00 -0.94 -0.81 -0.78 -0.59 -0.44 -0.34 -0.31 -0.28 -0.19 -0.12 -0.16 -0.25 -0.53 -1.00 -1.44 -1.72 -1.94 -2.09 -2.06 -2.03 -2.00 -2.06 -2.22 -1.94 -1.38 -0.91 -0.66 -0.44 -0.16 -0.06 0.00 0.09 0.03 0.00 -0.25 -0.53 -1.19 -1.66 -2.28 -2.69 -2.81 -2.88 -3.19 -3.12
