everonasctiles/Tile12,27.asc
ncols 128
nrows 128
xllcorner 0
yllcorner 0
cellsize 2.0
NODATA_value  -9999
[rows 0 to 33 of 128, columns 0 to 76 of 128]
4.34 4.56 4.78 5.03 5.34 5.62 5.84 6.12 6.34 6.53 6.69 6.78 6.88 6.88 6.88 6.84 6.81 6.75 6.69 6.59 6.44 6.41 6.44 6.44 6.38 6.38 6.31 6.31 6.22 6.12 6.09 6.06 6.06 6.06 6.00 5.94 5.91 5.84 5.84 5.78 5.72 5.62 5.56 5.50 5.41 5.31 5.25 5.12 5.03 4.97 4.88 4.81 4.72 4.66 4.62 4.59 4.56 4.56 4.59 4.62 4.69 4.78 4.88 4.97 5.06 5.16 5.41 5.41 5.47 5.50 5.56 5.62 5.75 6.28 6.59 6.78 7.00
4.38 4.59 4.84 5.09 5.34 5.59 5.88 6.12 6.34 6.56 6.72 6.84 6.94 6.97 6.97 6.97 6.91 6.81 6.78 6.75 6.62 6.59 6.59 6.59 6.56 6.53 6.53 6.41 6.31 6.28 6.25 6.22 6.22 6.19 6.06 6.03 6.03 6.00 5.97 5.94 5.84 5.78 5.72 5.62 5.56 5.50 5.38 5.25 5.22 5.12 5.03 4.97 4.88 4.81 4.75 4.72 4.69 4.69 4.72 4.78 4.84 4.94 5.06 5.16 5.31 5.53 5.50 5.44 5.44 5.47 5.53 5.75 6.28 6.53 6.78 7.00 7.25
4.38 4.62 4.88 5.16 5.41 5.66 5.94 6.16 6.38 6.56 6.72 6.88 6.97 7.03 7.06 7.03 7.00 6.94 6.88 6.81 6.78 6.75 6.75 6.75 6.75 6.75 6.69 6.62 6.50 6.44 6.38 6.34 6.31 6.28 6.25 6.19 6.09 6.12 6.09 6.06 6.00 5.91 5.78 5.75 5.69 5.59 5.44 5.44 5.34 5.28 5.19 5.09 5.03 4.97 4.91 4.84 4.84 4.81 4.84 4.91 5.00 5.12 5.22 5.50 5.62 5.56 5.53 5.47 5.44 5.44 5.84 6.22 6.44 6.59 6.91 7.16 7.38
4.38 4.62 4.91 5.22 5.50 5.75 6.03 6.25 6.41 6.56 6.72 6.88 6.97 7.06 7.09 7.09 7.09 7.06 6.94 6.97 6.94 6.94 6.94 6.94 6.88 6.91 6.81 6.75 6.66 6.53 6.53 6.47 6.44 6.41 6.34 6.31 6.28 6.22 6.22 6.12 6.09 6.03 5.94 5.88 5.81 5.72 5.62 5.56 5.50 5.41 5.31 5.25 5.16 5.09 5.03 4.97 4.94 4.94 4.97 5.03 5.16 5.28 5.69 5.72 5.66 5.59 5.56 5.50 5.53 5.97 6.12 6.34 6.59 6.81 7.00 7.25 7.50
4.41 4.66 4.97 5.25 5.53 5.78 6.09 6.31 6.34 6.53 6.72 6.84 6.97 7.06 7.16 7.19 7.19 7.12 7.12 7.09 7.09 7.12 7.09 7.09 7.06 7.00 6.91 6.84 6.75 6.69 6.66 6.59 6.53 6.53 6.50 6.47 6.44 6.38 6.31 6.25 6.19 6.09 6.03 5.97 5.88 5.84 5.78 5.72 5.62 5.53 5.44 5.34 5.28 5.19 5.12 5.09 5.06 5.06 5.06 5.12 5.31 5.75 5.78 5.75 5.69 5.66 5.59 5.75 6.06 6.19 6.34 6.53 6.75 6.94 7.16 7.34 7.56
4.53 4.75 5.06 5.34 5.59 5.91 6.16 6.34 6.44 6.59 6.69 6.84 6.97 7.16 7.25 7.25 7.25 7.25 7.22 7.19 7.22 7.25 7.25 7.22 7.16 7.09 7.00 6.94 6.91 6.84 6.78 6.75 6.69 6.62 6.62 6.59 6.56 6.50 6.41 6.34 6.25 6.19 6.12 6.03 6.00 5.97 5.94 5.88 5.78 5.66 5.56 5.47 5.38 5.28 5.22 5.19 5.19 5.22 5.22 5.41 5.78 5.78 5.78 5.78 5.75 5.69 6.03 6.22 6.25 6.38 6.53 6.69 6.88 7.09 7.28 7.50 7.62
4.62 4.81 5.12 5.41 5.66 5.91 6.16 6.47 6.62 6.66 6.78 6.88 7.06 7.25 7.28 7.34 7.34 7.34 7.31 7.31 7.34 7.34 7.34 7.31 7.19 7.19 7.12 7.06 7.00 6.94 6.91 6.84 6.78 6.75 6.75 6.69 6.69 6.62 6.53 6.47 6.31 6.25 6.16 6.12 6.12 6.12 6.06 6.00 5.91 5.78 5.66 5.56 5.47 5.38 5.31 5.28 5.34 5.38 5.56 5.75 5.75 5.78 5.78 5.78 5.84 6.25 6.38 6.44 6.47 6.59 6.75 6.88 7.06 7.25 7.47 7.66 7.84
4.72 4.97 5.19 5.47 5.75 6.06 6.28 6.56 6.75 6.81 6.91 7.00 7.22 7.34 7.41 7.41 7.41 7.41 7.41 7.41 7.44 7.44 7.44 7.38 7.34 7.22 7.19 7.16 7.06 7.03 6.97 6.91 6.88 6.84 6.81 6.81 6.78 6.72 6.62 6.50 6.44 6.38 6.28 6.22 6.22 6.22 6.19 6.12 6.00 5.88 5.75 5.62 5.53 5.47 5.41 5.41 5.53 5.69 5.72 5.72 5.75 5.78 5.78 5.88 6.19 6.38 6.50 6.59 6.59 6.75 6.97 7.12 7.19 7.41 7.56 7.81 8.03
4.91 5.12 5.34 5.59 5.84 6.25 6.50 6.72 6.88 7.00 7.09 7.22 7.34 7.44 7.47 7.50 7.50 7.50 7.47 7.50 7.50 7.50 7.50 7.47 7.41 7.34 7.28 7.22 7.12 7.09 7.03 6.97 6.91 6.91 6.91 6.91 6.84 6.81 6.72 6.66 6.59 6.47 6.31 6.31 6.34 6.31 6.31 6.22 6.09 5.94 5.81 5.69 5.62 5.56 5.56 5.69 5.72 5.72 5.69 5.72 5.75 5.75 5.88 6.03 6.22 6.44 6.59 6.72 6.84 6.94 7.19 7.34 7.41 7.56 7.72 7.94 8.19
5.06 5.28 5.53 5.75 5.97 6.38 6.66 6.84 7.06 7.16 7.25 7.38 7.44 7.53 7.53 7.59 7.56 7.56 7.56 7.59 7.59 7.56 7.56 7.53 7.50 7.44 7.34 7.31 7.22 7.16 7.09 7.00 7.00 7.00 7.00 6.97 6.94 6.88 6.78 6.75 6.66 6.59 6.47 6.44 6.47 6.44 6.41 6.31 6.16 5.94 5.81 5.72 5.72 5.72 5.88 5.84 5.75 5.72 5.72 5.72 5.72 5.97 6.12 6.22 6.31 6.50 6.62 6.81 7.00 7.19 7.38 7.53 7.66 7.75 7.91 8.06 8.31
5.22 5.56 5.78 5.94 6.25 6.41 6.78 6.94 7.19 7.31 7.44 7.53 7.59 7.62 7.66 7.66 7.62 7.62 7.62 7.62 7.66 7.66 7.62 7.59 7.56 7.47 7.41 7.34 7.28 7.22 7.12 7.12 7.09 7.06 7.06 7.03 7.00 6.94 6.88 6.81 6.72 6.69 6.62 6.59 6.53 6.53 6.47 6.34 6.22 5.97 5.81 5.81 5.91 6.06 6.00 5.91 5.81 5.72 5.72 5.78 6.00 6.12 6.25 6.34 6.47 6.56 6.72 6.94 7.12 7.19 7.47 7.66 7.84 8.00 8.12 8.22 8.44
5.41 5.72 6.06 6.31 6.34 6.72 6.97 7.16 7.28 7.50 7.59 7.69 7.72 7.72 7.72 7.72 7.69 7.72 7.72 7.72 7.72 7.72 7.69 7.62 7.59 7.53 7.44 7.41 7.34 7.25 7.22 7.19 7.19 7.12 7.09 7.06 7.03 7.00 6.94 6.88 6.81 6.75 6.72 6.69 6.66 6.59 6.50 6.41 6.16 6.00 5.97 6.19 6.22 6.16 6.06 5.97 5.88 5.78 5.94 6.06 6.12 6.22 6.38 6.50 6.62 6.75 6.88 7.00 7.22 7.41 7.62 7.81 7.94 8.12 8.31 8.47 8.62
5.44 5.81 6.19 6.53 6.75 6.97 7.22 7.41 7.50 7.62 7.72 7.78 7.81 7.81 7.75 7.75 7.78 7.81 7.81 7.81 7.78 7.75 7.72 7.69 7.66 7.59 7.53 7.47 7.38 7.34 7.31 7.28 7.22 7.16 7.16 7.12 7.06 7.00 7.00 6.94 6.88 6.81 6.78 6.75 6.69 6.62 6.53 6.41 6.19 6.25 6.34 6.31 6.25 6.22 6.12 6.06 5.97 6.06 6.09 6.16 6.25 6.34 6.44 6.66 6.78 6.94 7.00 7.16 7.31 7.47 7.69 7.91 8.12 8.31 8.50 8.66 8.84
5.66 5.94 6.28 6.66 6.94 7.16 7.38 7.53 7.66 7.75 7.81 7.88 7.91 7.91 7.84 7.84 7.84 7.91 7.91 7.88 7.88 7.81 7.78 7.72 7.69 7.62 7.59 7.53 7.47 7.41 7.38 7.31 7.31 7.22 7.22 7.16 7.12 7.06 7.06 7.00 6.94 6.91 6.88 6.81 6.75 6.66 6.50 6.41 6.31 6.41 6.41 6.38 6.34 6.28 6.19 6.19 6.22 6.19 6.19 6.25 6.34 6.50 6.62 6.75 6.94 7.09 7.22 7.31 7.44 7.59 7.75 7.97 8.19 8.47 8.62 8.84 9.03
5.84 6.06 6.44 6.75 7.06 7.31 7.50 7.66 7.75 7.88 7.94 7.97 8.00 8.00 8.00 7.97 7.97 7.97 7.97 7.94 7.94 7.91 7.84 7.78 7.75 7.72 7.62 7.59 7.50 7.50 7.44 7.44 7.38 7.31 7.28 7.22 7.19 7.19 7.12 7.06 7.03 7.00 6.94 6.88 6.78 6.66 6.53 6.44 6.53 6.53 6.56 6.50 6.44 6.38 6.34 6.41 6.34 6.31 6.31 6.41 6.53 6.62 6.81 6.97 7.09 7.25 7.41 7.47 7.59 7.69 7.91 8.06 8.34 8.53 8.75 8.94 9.22
6.00 6.25 6.50 6.81 7.12 7.44 7.59 7.75 7.88 7.97 8.03 8.09 8.09 8.09 8.09 8.06 8.03 8.06 8.03 8.03 8.00 7.94 7.91 7.88 7.81 7.78 7.72 7.66 7.62 7.59 7.53 7.50 7.44 7.41 7.34 7.31 7.31 7.28 7.22 7.16 7.16 7.09 7.03 6.88 6.84 6.69 6.56 6.59 6.69 6.66 6.66 6.59 6.53 6.47 6.59 6.56 6.47 6.44 6.47 6.50 6.62 6.81 7.00 7.16 7.31 7.41 7.53 7.66 7.78 7.88 7.97 8.19 8.41 8.59 8.78 9.03 9.28
6.06 6.38 6.62 6.78 7.19 7.47 7.69 7.84 7.94 8.06 8.16 8.19 8.22 8.19 8.22 8.19 8.16 8.12 8.12 8.09 8.06 8.03 7.97 7.94 7.84 7.81 7.75 7.72 7.69 7.66 7.62 7.56 7.50 7.47 7.44 7.44 7.38 7.34 7.31 7.31 7.28 7.19 7.09 7.06 6.94 6.75 6.66 6.81 6.78 6.81 6.78 6.72 6.69 6.69 6.72 6.69 6.59 6.59 6.59 6.69 6.81 7.00 7.19 7.31 7.47 7.59 7.69 7.84 7.97 8.06 8.16 8.25 8.50 8.69 8.91 9.06 9.31
6.16 6.47 6.75 6.97 7.22 7.56 7.75 7.94 8.03 8.12 8.25 8.31 8.31 8.31 8.28 8.25 8.22 8.22 8.19 8.16 8.09 8.06 8.03 7.97 7.94 7.88 7.81 7.78 7.78 7.75 7.69 7.62 7.59 7.56 7.53 7.50 7.50 7.47 7.44 7.41 7.34 7.28 7.19 7.12 6.97 6.84 6.88 6.94 6.91 6.94 6.91 6.84 6.81 6.88 6.88 6.84 6.78 6.75 6.75 6.88 7.03 7.16 7.38 7.53 7.66 7.78 7.88 7.97 8.12 8.25 8.28 8.47 8.56 8.78 9.03 9.22 9.34
6.28 6.59 6.88 7.12 7.38 7.62 7.84 8.00 8.06 8.19 8.31 8.38 8.44 8.41 8.41 8.34 8.31 8.28 8.28 8.22 8.19 8.12 8.06 8.03 8.00 7.97 7.91 7.88 7.84 7.81 7.75 7.69 7.66 7.66 7.62 7.62 7.59 7.56 7.53 7.47 7.44 7.34 7.28 7.19 7.03 6.97 7.03 7.00 7.06 7.12 7.06 7.00 7.00 7.03 7.03 6.97 6.97 6.97 6.97 7.06 7.25 7.34 7.59 7.69 7.81 7.94 8.06 8.19 8.31 8.44 8.53 8.66 8.75 8.91 9.09 9.31 9.59
6.41 6.62 6.91 7.19 7.47 7.72 7.97 8.16 8.22 8.22 8.41 8.47 8.50 8.50 8.47 8.44 8.41 8.41 8.34 8.34 8.25 8.19 8.16 8.09 8.09 8.06 8.00 7.94 7.94 7.91 7.81 7.78 7.75 7.75 7.75 7.72 7.69 7.62 7.62 7.56 7.50 7.44 7.34 7.25 7.06 7.09 7.06 7.03 7.28 7.28 7.22 7.19 7.19 7.22 7.16 7.16 7.16 7.19 7.19 7.34 7.44 7.62 7.78 7.97 8.09 8.19 8.22 8.41 8.50 8.62 8.75 8.84 8.97 9.06 9.22 9.47 9.69
6.56 6.75 6.97 7.22 7.44 7.78 8.09 8.28 8.38 8.47 8.53 8.56 8.59 8.59 8.53 8.53 8.50 8.50 8.47 8.41 8.31 8.28 8.22 8.19 8.19 8.12 8.06 8.03 8.00 8.00 7.97 7.94 7.91 7.84 7.81 7.81 7.75 7.75 7.69 7.62 7.56 7.47 7.34 7.25 7.22 7.19 7.12 7.12 7.47 7.44 7.41 7.34 7.34 7.38 7.34 7.34 7.34 7.38 7.41 7.56 7.62 7.78 8.03 8.25 8.41 8.50 8.50 8.59 8.72 8.81 8.91 9.06 9.16 9.25 9.41 9.56 9.78
6.72 6.94 7.19 7.41 7.72 7.94 8.12 8.41 8.59 8.62 8.66 8.66 8.69 8.69 8.62 8.62 8.62 8.59 8.56 8.50 8.41 8.38 8.34 8.31 8.28 8.22 8.16 8.12 8.09 8.09 8.06 8.03 8.00 7.97 7.94 7.91 7.84 7.81 7.72 7.69 7.62 7.50 7.38 7.31 7.31 7.28 7.22 7.50 7.62 7.59 7.56 7.53 7.56 7.56 7.56 7.50 7.56 7.59 7.69 7.78 7.91 8.03 8.28 8.44 8.69 8.78 8.78 8.94 8.94 9.03 9.16 9.22 9.38 9.53 9.66 9.78 9.94
6.91 7.16 7.41 7.66 7.91 8.16 8.38 8.62 8.75 8.78 8.81 8.81 8.81 8.75 8.75 8.72 8.72 8.69 8.66 8.59 8.53 8.47 8.44 8.38 8.34 8.31 8.28 8.22 8.19 8.16 8.16 8.12 8.09 8.06 8.03 7.97 7.91 7.84 7.81 7.72 7.59 7.47 7.38 7.47 7.41 7.38 7.47 7.75 7.78 7.75 7.72 7.72 7.78 7.78 7.75 7.72 7.78 7.78 7.97 8.12 8.25 8.41 8.53 8.69 8.91 9.06 9.06 9.25 9.34 9.31 9.41 9.44 9.53 9.72 9.88 10.00 10.12
7.16 7.31 7.53 7.81 8.03 8.34 8.53 8.78 8.84 8.94 8.97 8.94 8.91 8.91 8.84 8.81 8.81 8.78 8.72 8.66 8.62 8.59 8.53 8.50 8.47 8.38 8.38 8.34 8.28 8.22 8.25 8.22 8.19 8.16 8.09 8.03 8.00 7.91 7.84 7.72 7.53 7.41 7.53 7.56 7.50 7.50 7.66 7.94 7.94 7.91 7.88 7.94 7.97 8.00 7.94 7.94 8.00 8.09 8.22 8.38 8.50 8.72 8.88 9.00 9.06 9.31 9.44 9.53 9.66 9.69 9.66 9.69 9.75 9.88 10.03 10.19 10.28
7.38 7.56 7.78 7.97 8.31 8.59 8.81 8.94 9.03 9.06 9.09 9.09 9.03 9.00 8.94 8.94 8.94 8.91 8.81 8.78 8.72 8.69 8.66 8.62 8.59 8.50 8.47 8.44 8.34 8.38 8.34 8.31 8.28 8.22 8.16 8.09 8.03 7.97 7.84 7.75 7.50 7.47 7.59 7.59 7.56 7.72 7.84 8.09 8.09 8.06 8.03 8.19 8.22 8.19 8.19 8.16 8.25 8.34 8.47 8.62 8.84 9.00 9.28 9.34 9.41 9.50 9.69 9.81 9.94 10.00 10.00 10.00 10.03 10.09 10.19 10.34 10.47
7.62 7.81 8.06 8.28 8.50 8.78 9.00 9.09 9.19 9.22 9.22 9.22 9.19 9.12 9.09 9.03 9.03 9.00 8.94 8.88 8.84 8.81 8.78 8.72 8.69 8.66 8.59 8.53 8.50 8.50 8.44 8.41 8.34 8.28 8.22 8.19 8.09 7.97 7.88 7.72 7.53 7.56 7.59 7.59 7.66 7.84 7.94 8.25 8.22 8.19 8.16 8.47 8.44 8.44 8.53 8.47 8.53 8.56 8.78 8.94 9.25 9.53 9.75 9.88 9.84 9.88 9.84 10.03 10.16 10.28 10.28 10.25 10.34 10.34 10.38 10.50 10.62
7.97 8.00 8.25 8.53 8.75 8.97 9.12 9.25 9.31 9.31 9.31 9.34 9.31 9.25 9.25 9.22 9.16 9.06 9.03 9.03 8.97 8.94 8.91 8.84 8.78 8.75 8.69 8.62 8.62 8.59 8.50 8.50 8.41 8.34 8.34 8.22 8.12 8.00 7.88 7.72 7.53 7.56 7.59 7.59 7.81 7.97 8.12 8.38 8.34 8.34 8.34 8.75 8.78 8.91 8.91 8.91 8.84 8.97 9.06 9.34 9.66 9.94 10.22 10.31 10.28 10.28 10.19 10.12 10.34 10.53 10.53 10.66 10.62 10.59 10.66 10.66 10.72
8.16 8.44 8.66 8.84 8.97 9.06 9.25 9.38 9.41 9.44 9.44 9.44 9.44 9.41 9.38 9.31 9.25 9.22 9.16 9.12 9.09 9.06 9.03 8.94 8.91 8.81 8.78 8.75 8.75 8.69 8.66 8.56 8.50 8.47 8.38 8.28 8.12 8.00 7.91 7.75 7.59 7.59 7.56 7.66 7.91 8.06 8.31 8.53 8.50 8.47 8.59 9.12 9.25 9.34 9.34 9.25 9.22 9.31 9.34 9.59 9.94 10.25 10.53 10.69 10.75 10.75 10.53 10.53 10.72 10.88 10.97 11.00 10.88 10.88 10.94 10.91 10.97
8.28 8.50 8.72 8.91 9.09 9.31 9.47 9.50 9.53 9.53 9.56 9.59 9.53 9.56 9.50 9.50 9.47 9.34 9.31 9.25 9.22 9.19 9.12 9.06 8.97 8.94 8.91 8.88 8.84 8.81 8.75 8.66 8.56 8.53 8.47 8.31 8.19 8.06 7.97 7.75 7.62 7.59 7.59 7.84 8.00 8.16 8.53 8.66 8.66 8.62 8.88 9.41 9.62 9.72 9.78 9.66 9.62 9.62 9.84 9.94 10.12 10.41 10.72 10.97 11.12 11.16 11.16 11.03 11.12 11.31 11.34 11.22 11.25 11.16 11.16 11.19 11.09
8.41 8.56 8.75 8.97 9.22 9.44 9.62 9.78 9.72 9.69 9.72 9.75 9.72 9.66 9.66 9.66 9.62 9.56 9.41 9.38 9.31 9.31 9.25 9.16 9.09 9.06 9.00 9.00 8.97 8.91 8.84 8.75 8.69 8.59 8.53 8.41 8.25 8.12 7.97 7.78 7.72 7.66 7.69 8.00 8.12 8.25 8.75 8.81 8.78 8.75 9.12 9.62 9.97 10.09 10.19 10.12 10.09 10.12 10.25 10.31 10.28 10.53 10.81 11.12 11.22 11.50 11.59 11.62 11.59 11.66 11.66 11.59 11.38 11.34 11.50 11.41 11.31
8.81 8.78 9.00 9.03 9.34 9.56 9.72 9.88 9.97 9.97 9.94 9.94 9.91 9.88 9.84 9.78 9.75 9.69 9.69 9.62 9.56 9.47 9.34 9.25 9.22 9.19 9.16 9.09 9.06 9.00 8.91 8.88 8.84 8.75 8.62 8.44 8.31 8.16 7.97 7.88 7.81 7.75 7.91 8.09 8.25 8.38 8.94 8.94 8.94 8.91 9.28 9.66 10.22 10.47 10.56 10.50 10.44 10.47 10.59 10.56 10.72 10.66 11.03 11.06 11.50 11.78 11.94 11.97 11.88 11.94 11.97 11.84 11.94 11.91 11.78 11.81 11.56
8.97 9.16 9.28 9.38 9.56 9.72 9.84 9.97 10.06 10.16 10.16 10.09 10.03 10.00 10.00 9.97 9.94 9.91 9.81 9.81 9.69 9.56 9.47 9.38 9.38 9.34 9.28 9.22 9.16 9.06 9.06 9.03 8.97 8.88 8.72 8.56 8.34 8.16 8.06 7.97 7.91 7.94 7.97 8.22 8.41 8.56 9.16 9.12 9.09 9.06 9.53 9.78 10.31 10.69 10.94 10.84 10.78 10.94 11.00 10.94 11.03 11.09 11.28 11.50 11.72 11.97 12.16 12.22 12.22 12.25 12.28 12.31 12.31 12.31 12.19 12.12 11.91
9.28 9.47 9.56 9.75 9.84 9.97 10.09 10.06 10.12 10.22 10.28 10.31 10.19 10.16 10.12 10.09 10.09 10.09 10.03 9.94 9.78 9.69 9.59 9.53 9.50 9.47 9.41 9.34 9.28 9.22 9.19 9.16 9.06 8.97 8.81 8.62 8.34 8.25 8.16 8.06 8.00 8.03 8.06 8.34 8.56 8.81 9.34 9.31 9.31 9.28 9.88 10.38 10.78 11.09 11.31 11.28 11.19 11.22 11.38 11.38 11.41 11.44 11.62 11.75 11.91 12.09 12.31 12.44 12.47 12.50 12.56 12.59 12.53 12.56 12.47 12.38 12.25
9.66 9.72 9.91 9.97 10.06 10.19 10.28 10.34 10.25 10.28 10.38 10.41 10.38 10.34 10.28 10.28 10.28 10.22 10.16 10.09 9.94 9.84 9.72 9.72 9.66 9.59 9.53 9.47 9.41 9.34 9.31 9.25 9.16 9.03 8.91 8.59 8.47 8.34 8.25 8.22 8.12 8.12 8.22 8.50 8.72 9.09 9.56 9.53 9.50 9.53 10.41 10.78 11.16 11.47 11.66 11.62 11.66 11.66 11.62 11.69 11.69 11.72 11.94 12.06 12.16 12.19 12.41 12.56 12.66 12.69 12.72 12.72 12.75 12.69 12.66 12.56 12.44
