everonasctiles/Tile[43,0].asc
ncols 128
nrows 128
xllcorner 0
yllcorner 0
cellsize 2.0
NODATA_value  -9999
[rows 58 to 86 of 128, columns 0 to 66 of 128]
-116.75 -117.22 -117.69 -118.09 -118.47 -118.78 -119.06 -119.31 -119.50 -119.69 -119.84 -120.03 -120.22 -120.47 -120.72 -121.00 -121.25 -121.50 -121.69 -121.84 -121.91 -121.97 -122.00 -122.03 -122.12 -122.22 -122.31 -122.38 -122.47 -122.53 -122.59 -122.62 -122.69 -122.72 -122.78 -122.84 -122.91 -122.91 -122.91 -122.91 -122.91 -122.91 -122.94 -123.00 -123.03 -123.09 -123.16 -123.28 -123.38 -123.50 -123.62 -123.75 -123.84 -123.97 -124.09 -124.19 -124.28 -124.34 -124.41 -124.47 -124.53 -124.59 -124.66 -124.72 -124.75 -124.81 -124.88
-116.88 -117.34 -117.78 -118.19 -118.56 -118.91 -119.22 -119.50 -119.72 -119.91 -120.09 -120.25 -120.44 -120.66 -120.88 -121.12 -121.38 -121.62 -121.81 -121.97 -122.06 -122.09 -122.12 -122.19 -122.25 -122.31 -122.41 -122.50 -122.59 -122.69 -122.75 -122.81 -122.88 -122.94 -123.00 -123.03 -123.06 -123.09 -123.06 -123.06 -123.06 -123.09 -123.12 -123.19 -123.25 -123.28 -123.34 -123.44 -123.53 -123.69 -123.81 -123.94 -124.03 -124.16 -124.28 -124.38 -124.47 -124.53 -124.59 -124.66 -124.72 -124.78 -124.84 -124.91 -124.97 -125.03 -125.09
-117.09 -117.53 -117.97 -118.34 -118.72 -119.06 -119.38 -119.69 -119.91 -120.12 -120.28 -120.47 -120.62 -120.81 -121.03 -121.25 -121.50 -121.72 -121.91 -122.06 -122.16 -122.22 -122.28 -122.31 -122.38 -122.47 -122.53 -122.62 -122.75 -122.84 -122.91 -123.00 -123.06 -123.09 -123.16 -123.22 -123.25 -123.25 -123.22 -123.19 -123.22 -123.25 -123.28 -123.34 -123.44 -123.47 -123.53 -123.59 -123.69 -123.81 -123.97 -124.09 -124.22 -124.31 -124.44 -124.53 -124.59 -124.69 -124.75 -124.81 -124.88 -124.94 -125.00 -125.06 -125.12 -125.22 -125.28
-117.28 -117.72 -118.12 -118.50 -118.88 -119.22 -119.53 -119.84 -120.09 -120.31 -120.50 -120.66 -120.81 -121.00 -121.19 -121.38 -121.59 -121.81 -122.00 -122.16 -122.28 -122.34 -122.41 -122.47 -122.53 -122.62 -122.69 -122.78 -122.88 -122.97 -123.06 -123.16 -123.22 -123.28 -123.31 -123.38 -123.38 -123.38 -123.34 -123.34 -123.34 -123.38 -123.47 -123.53 -123.59 -123.66 -123.72 -123.78 -123.84 -123.97 -124.09 -124.22 -124.34 -124.47 -124.56 -124.66 -124.75 -124.81 -124.88 -124.94 -125.00 -125.06 -125.16 -125.22 -125.31 -125.38 -125.47
-117.41 -117.84 -118.25 -118.66 -119.00 -119.34 -119.66 -119.97 -120.22 -120.47 -120.66 -120.84 -121.00 -121.16 -121.31 -121.53 -121.72 -121.91 -122.09 -122.25 -122.38 -122.47 -122.56 -122.62 -122.72 -122.78 -122.84 -122.94 -123.03 -123.12 -123.22 -123.31 -123.38 -123.44 -123.47 -123.50 -123.50 -123.50 -123.47 -123.47 -123.47 -123.53 -123.59 -123.69 -123.75 -123.84 -123.88 -123.94 -124.00 -124.09 -124.22 -124.34 -124.47 -124.59 -124.72 -124.78 -124.84 -124.91 -124.97 -125.03 -125.12 -125.19 -125.28 -125.41 -125.50 -125.56 -125.66
-117.50 -117.91 -118.31 -118.72 -119.06 -119.41 -119.75 -120.06 -120.34 -120.59 -120.81 -121.00 -121.19 -121.31 -121.50 -121.66 -121.84 -122.03 -122.19 -122.34 -122.47 -122.59 -122.69 -122.78 -122.88 -122.94 -123.00 -123.09 -123.16 -123.25 -123.34 -123.44 -123.53 -123.59 -123.62 -123.62 -123.66 -123.62 -123.62 -123.59 -123.62 -123.69 -123.75 -123.84 -123.94 -124.00 -124.06 -124.09 -124.16 -124.25 -124.34 -124.47 -124.59 -124.72 -124.81 -124.91 -124.97 -125.03 -125.06 -125.16 -125.22 -125.31 -125.44 -125.53 -125.66 -125.75 -125.81
-117.50 -117.91 -118.31 -118.72 -119.09 -119.47 -119.81 -120.12 -120.41 -120.69 -120.94 -121.16 -121.34 -121.50 -121.66 -121.81 -122.00 -122.16 -122.31 -122.44 -122.59 -122.69 -122.81 -122.91 -123.03 -123.12 -123.19 -123.25 -123.34 -123.41 -123.50 -123.59 -123.66 -123.72 -123.75 -123.78 -123.78 -123.75 -123.75 -123.75 -123.78 -123.81 -123.91 -124.00 -124.06 -124.16 -124.22 -124.28 -124.34 -124.41 -124.50 -124.59 -124.69 -124.81 -124.91 -125.00 -125.06 -125.12 -125.19 -125.25 -125.34 -125.47 -125.56 -125.69 -125.78 -125.88 -125.97
-117.56 -117.94 -118.34 -118.72 -119.12 -119.50 -119.84 -120.19 -120.50 -120.78 -121.06 -121.31 -121.50 -121.69 -121.84 -122.00 -122.16 -122.31 -122.44 -122.56 -122.69 -122.81 -122.91 -123.03 -123.16 -123.25 -123.34 -123.44 -123.50 -123.56 -123.66 -123.75 -123.81 -123.88 -123.91 -123.91 -123.91 -123.91 -123.91 -123.91 -123.91 -123.97 -124.03 -124.12 -124.22 -124.31 -124.38 -124.44 -124.50 -124.56 -124.66 -124.72 -124.81 -124.91 -125.00 -125.09 -125.19 -125.25 -125.31 -125.41 -125.50 -125.59 -125.69 -125.81 -125.94 -126.03 -126.12
-117.72 -118.09 -118.47 -118.81 -119.22 -119.59 -119.94 -120.28 -120.59 -120.91 -121.19 -121.44 -121.66 -121.84 -122.00 -122.16 -122.31 -122.47 -122.59 -122.72 -122.81 -122.91 -123.03 -123.16 -123.28 -123.41 -123.50 -123.59 -123.66 -123.72 -123.81 -123.88 -123.94 -124.00 -124.03 -124.03 -124.03 -124.03 -124.06 -124.06 -124.06 -124.09 -124.16 -124.25 -124.34 -124.44 -124.53 -124.59 -124.69 -124.75 -124.81 -124.88 -124.94 -125.00 -125.09 -125.16 -125.28 -125.38 -125.44 -125.53 -125.62 -125.72 -125.84 -125.94 -126.06 -126.16 -126.25
-117.91 -118.31 -118.69 -119.03 -119.41 -119.75 -120.09 -120.41 -120.72 -121.00 -121.28 -121.53 -121.78 -122.00 -122.16 -122.34 -122.50 -122.62 -122.75 -122.88 -122.97 -123.06 -123.16 -123.28 -123.41 -123.53 -123.66 -123.72 -123.78 -123.84 -123.94 -124.00 -124.06 -124.12 -124.16 -124.16 -124.19 -124.19 -124.19 -124.22 -124.22 -124.25 -124.28 -124.34 -124.47 -124.56 -124.66 -124.75 -124.84 -124.91 -124.97 -125.03 -125.09 -125.12 -125.19 -125.25 -125.34 -125.47 -125.56 -125.69 -125.78 -125.88 -126.00 -126.09 -126.19 -126.31 -126.41
-118.16 -118.56 -118.94 -119.28 -119.59 -119.94 -120.25 -120.56 -120.84 -121.12 -121.38 -121.66 -121.91 -122.12 -122.31 -122.50 -122.66 -122.78 -122.94 -123.03 -123.16 -123.22 -123.31 -123.44 -123.53 -123.66 -123.75 -123.84 -123.91 -123.97 -124.06 -124.12 -124.19 -124.25 -124.28 -124.31 -124.31 -124.31 -124.34 -124.38 -124.38 -124.41 -124.44 -124.50 -124.56 -124.69 -124.78 -124.91 -125.00 -125.06 -125.12 -125.19 -125.22 -125.25 -125.31 -125.38 -125.44 -125.56 -125.69 -125.81 -125.94 -126.03 -126.12 -126.25 -126.34 -126.44 -126.56
-118.34 -118.75 -119.12 -119.47 -119.81 -120.09 -120.41 -120.69 -120.97 -121.22 -121.47 -121.75 -122.00 -122.22 -122.44 -122.62 -122.78 -122.94 -123.09 -123.22 -123.31 -123.41 -123.50 -123.56 -123.69 -123.78 -123.88 -123.97 -124.03 -124.09 -124.16 -124.22 -124.28 -124.34 -124.38 -124.41 -124.44 -124.47 -124.47 -124.50 -124.53 -124.53 -124.56 -124.62 -124.69 -124.78 -124.91 -125.00 -125.12 -125.19 -125.28 -125.31 -125.38 -125.41 -125.44 -125.47 -125.53 -125.66 -125.78 -125.94 -126.06 -126.16 -126.28 -126.38 -126.47 -126.59 -126.72
-118.50 -118.91 -119.31 -119.66 -119.97 -120.25 -120.53 -120.81 -121.09 -121.34 -121.59 -121.84 -122.09 -122.31 -122.53 -122.75 -122.91 -123.09 -123.22 -123.34 -123.47 -123.56 -123.62 -123.72 -123.81 -123.91 -124.00 -124.06 -124.12 -124.19 -124.25 -124.31 -124.38 -124.41 -124.47 -124.50 -124.53 -124.56 -124.59 -124.62 -124.66 -124.69 -124.72 -124.78 -124.84 -124.91 -125.00 -125.09 -125.22 -125.31 -125.38 -125.44 -125.50 -125.53 -125.56 -125.59 -125.66 -125.75 -125.88 -126.00 -126.12 -126.25 -126.38 -126.50 -126.59 -126.72 -126.84
-118.62 -119.03 -119.44 -119.78 -120.09 -120.41 -120.69 -120.97 -121.22 -121.50 -121.75 -121.97 -122.22 -122.44 -122.66 -122.84 -123.03 -123.22 -123.38 -123.50 -123.59 -123.69 -123.78 -123.88 -123.94 -124.03 -124.12 -124.19 -124.25 -124.31 -124.34 -124.41 -124.47 -124.50 -124.53 -124.59 -124.62 -124.66 -124.72 -124.75 -124.78 -124.84 -124.88 -124.94 -124.97 -125.03 -125.09 -125.19 -125.31 -125.41 -125.47 -125.53 -125.59 -125.66 -125.69 -125.69 -125.75 -125.81 -125.94 -126.06 -126.19 -126.34 -126.47 -126.59 -126.72 -126.84 -126.97
-118.72 -119.12 -119.53 -119.88 -120.22 -120.53 -120.81 -121.09 -121.38 -121.66 -121.91 -122.16 -122.38 -122.56 -122.78 -122.97 -123.19 -123.34 -123.53 -123.66 -123.75 -123.84 -123.94 -124.00 -124.09 -124.16 -124.25 -124.31 -124.38 -124.41 -124.47 -124.50 -124.53 -124.59 -124.62 -124.66 -124.69 -124.75 -124.81 -124.88 -124.94 -125.00 -125.03 -125.09 -125.12 -125.16 -125.22 -125.31 -125.38 -125.47 -125.56 -125.62 -125.69 -125.75 -125.78 -125.81 -125.84 -125.91 -126.00 -126.09 -126.25 -126.38 -126.53 -126.66 -126.81 -126.94 -127.09
-118.81 -119.19 -119.59 -119.97 -120.31 -120.62 -120.94 -121.25 -121.53 -121.81 -122.09 -122.31 -122.53 -122.72 -122.94 -123.12 -123.31 -123.50 -123.69 -123.81 -123.91 -124.00 -124.06 -124.16 -124.22 -124.28 -124.38 -124.44 -124.47 -124.50 -124.56 -124.59 -124.62 -124.66 -124.69 -124.72 -124.78 -124.84 -124.91 -124.97 -125.03 -125.12 -125.19 -125.22 -125.28 -125.31 -125.34 -125.41 -125.50 -125.56 -125.66 -125.72 -125.78 -125.84 -125.88 -125.94 -125.97 -126.00 -126.09 -126.19 -126.31 -126.44 -126.56 -126.72 -126.88 -127.03 -127.19
-118.84 -119.25 -119.62 -120.00 -120.34 -120.69 -121.03 -121.34 -121.66 -121.94 -122.22 -122.47 -122.69 -122.91 -123.09 -123.28 -123.47 -123.66 -123.81 -123.97 -124.06 -124.16 -124.22 -124.28 -124.34 -124.41 -124.47 -124.53 -124.56 -124.59 -124.62 -124.69 -124.72 -124.75 -124.78 -124.81 -124.88 -124.94 -125.00 -125.06 -125.16 -125.22 -125.31 -125.34 -125.41 -125.44 -125.47 -125.53 -125.59 -125.69 -125.75 -125.81 -125.88 -125.94 -126.00 -126.03 -126.09 -126.12 -126.19 -126.28 -126.38 -126.50 -126.62 -126.78 -126.91 -127.06 -127.22
-118.91 -119.28 -119.66 -120.03 -120.38 -120.75 -121.06 -121.41 -121.72 -122.03 -122.34 -122.62 -122.84 -123.06 -123.25 -123.44 -123.62 -123.81 -123.97 -124.09 -124.22 -124.31 -124.38 -124.41 -124.47 -124.53 -124.59 -124.66 -124.69 -124.69 -124.72 -124.75 -124.81 -124.84 -124.88 -124.91 -124.97 -125.03 -125.09 -125.19 -125.25 -125.31 -125.41 -125.47 -125.50 -125.56 -125.59 -125.66 -125.72 -125.78 -125.84 -125.94 -125.97 -126.03 -126.09 -126.16 -126.22 -126.28 -126.34 -126.41 -126.50 -126.62 -126.72 -126.84 -126.97 -127.12 -127.28
-118.94 -119.31 -119.69 -120.06 -120.41 -120.78 -121.12 -121.47 -121.78 -122.09 -122.41 -122.72 -122.97 -123.19 -123.41 -123.59 -123.78 -123.94 -124.09 -124.25 -124.34 -124.44 -124.50 -124.53 -124.59 -124.66 -124.69 -124.75 -124.78 -124.78 -124.81 -124.84 -124.88 -124.94 -124.97 -125.03 -125.06 -125.12 -125.19 -125.25 -125.34 -125.41 -125.47 -125.53 -125.59 -125.66 -125.72 -125.78 -125.81 -125.88 -125.97 -126.03 -126.09 -126.16 -126.22 -126.28 -126.34 -126.41 -126.47 -126.56 -126.66 -126.75 -126.84 -126.94 -127.03 -127.16 -127.31
-118.97 -119.34 -119.72 -120.06 -120.44 -120.78 -121.12 -121.47 -121.81 -122.16 -122.47 -122.78 -123.06 -123.31 -123.53 -123.75 -123.91 -124.09 -124.22 -124.34 -124.44 -124.53 -124.59 -124.66 -124.69 -124.75 -124.78 -124.81 -124.84 -124.88 -124.91 -124.94 -124.97 -125.00 -125.06 -125.12 -125.16 -125.22 -125.28 -125.34 -125.41 -125.47 -125.56 -125.62 -125.69 -125.78 -125.84 -125.88 -125.94 -126.00 -126.06 -126.12 -126.19 -126.25 -126.34 -126.41 -126.50 -126.56 -126.62 -126.72 -126.81 -126.88 -126.97 -127.06 -127.12 -127.25 -127.34
-118.94 -119.34 -119.69 -120.06 -120.41 -120.78 -121.12 -121.47 -121.81 -122.16 -122.47 -122.81 -123.09 -123.38 -123.62 -123.84 -124.03 -124.19 -124.31 -124.44 -124.53 -124.62 -124.69 -124.72 -124.78 -124.81 -124.84 -124.88 -124.91 -124.94 -124.97 -125.00 -125.06 -125.09 -125.16 -125.19 -125.25 -125.31 -125.34 -125.41 -125.50 -125.56 -125.62 -125.69 -125.78 -125.84 -125.94 -126.00 -126.06 -126.09 -126.16 -126.22 -126.31 -126.38 -126.47 -126.53 -126.62 -126.69 -126.78 -126.88 -126.94 -127.03 -127.12 -127.19 -127.25 -127.34 -127.44
-118.94 -119.31 -119.69 -120.03 -120.38 -120.72 -121.06 -121.41 -121.75 -122.09 -122.44 -122.78 -123.09 -123.41 -123.66 -123.88 -124.09 -124.25 -124.38 -124.50 -124.59 -124.69 -124.75 -124.81 -124.84 -124.88 -124.91 -124.94 -124.97 -125.00 -125.03 -125.09 -125.12 -125.16 -125.22 -125.28 -125.31 -125.38 -125.44 -125.50 -125.56 -125.62 -125.69 -125.78 -125.84 -125.94 -126.00 -126.06 -126.16 -126.22 -126.28 -126.34 -126.41 -126.50 -126.56 -126.66 -126.75 -126.84 -126.91 -127.00 -127.09 -127.19 -127.25 -127.34 -127.41 -127.47 -127.53
-118.97 -119.31 -119.66 -120.00 -120.31 -120.62 -120.97 -121.28 -121.62 -122.00 -122.38 -122.72 -123.06 -123.38 -123.66 -123.91 -124.09 -124.25 -124.41 -124.53 -124.62 -124.72 -124.81 -124.88 -124.91 -124.94 -124.97 -125.00 -125.00 -125.06 -125.09 -125.16 -125.19 -125.25 -125.28 -125.34 -125.41 -125.47 -125.53 -125.56 -125.62 -125.69 -125.78 -125.84 -125.91 -126.00 -126.06 -126.12 -126.22 -126.28 -126.38 -126.44 -126.53 -126.62 -126.69 -126.78 -126.88 -126.97 -127.06 -127.16 -127.25 -127.34 -127.41 -127.47 -127.53 -127.59 -127.66
-119.00 -119.31 -119.62 -119.94 -120.25 -120.56 -120.84 -121.16 -121.50 -121.91 -122.31 -122.69 -123.03 -123.34 -123.62 -123.88 -124.09 -124.25 -124.41 -124.53 -124.66 -124.75 -124.84 -124.91 -124.94 -124.97 -125.00 -125.03 -125.06 -125.09 -125.16 -125.19 -125.25 -125.28 -125.34 -125.41 -125.47 -125.53 -125.59 -125.66 -125.69 -125.75 -125.84 -125.91 -125.97 -126.03 -126.09 -126.19 -126.28 -126.38 -126.47 -126.53 -126.62 -126.72 -126.81 -126.88 -126.97 -127.06 -127.16 -127.28 -127.38 -127.47 -127.53 -127.59 -127.66 -127.69 -127.75
-119.03 -119.34 -119.62 -119.94 -120.22 -120.50 -120.78 -121.09 -121.44 -121.88 -122.28 -122.66 -123.00 -123.31 -123.59 -123.84 -124.06 -124.25 -124.41 -124.53 -124.66 -124.78 -124.84 -124.91 -124.97 -125.00 -125.03 -125.06 -125.09 -125.12 -125.16 -125.22 -125.28 -125.31 -125.38 -125.44 -125.50 -125.56 -125.62 -125.69 -125.75 -125.81 -125.88 -125.94 -126.00 -126.06 -126.16 -126.22 -126.31 -126.41 -126.50 -126.62 -126.72 -126.81 -126.91 -126.97 -127.06 -127.16 -127.28 -127.38 -127.47 -127.56 -127.66 -127.72 -127.75 -127.81 -127.88
-119.03 -119.34 -119.66 -119.97 -120.28 -120.56 -120.88 -121.19 -121.50 -121.88 -122.28 -122.66 -123.00 -123.31 -123.59 -123.81 -124.03 -124.22 -124.41 -124.53 -124.66 -124.78 -124.84 -124.91 -124.97 -125.00 -125.06 -125.09 -125.12 -125.16 -125.19 -125.22 -125.28 -125.34 -125.41 -125.47 -125.53 -125.59 -125.66 -125.72 -125.78 -125.81 -125.91 -125.97 -126.03 -126.09 -126.19 -126.25 -126.34 -126.44 -126.56 -126.66 -126.78 -126.88 -126.97 -127.06 -127.16 -127.25 -127.34 -127.44 -127.56 -127.62 -127.72 -127.78 -127.84 -127.91 -127.97
-119.06 -119.38 -119.69 -120.00 -120.34 -120.66 -120.97 -121.28 -121.59 -121.94 -122.31 -122.66 -123.00 -123.31 -123.59 -123.84 -124.03 -124.22 -124.41 -124.53 -124.66 -124.78 -124.84 -124.91 -124.97 -125.00 -125.06 -125.09 -125.12 -125.16 -125.19 -125.22 -125.28 -125.34 -125.41 -125.47 -125.56 -125.62 -125.66 -125.72 -125.78 -125.84 -125.91 -126.00 -126.06 -126.16 -126.22 -126.28 -126.38 -126.47 -126.59 -126.69 -126.81 -126.94 -127.03 -127.12 -127.22 -127.31 -127.41 -127.50 -127.59 -127.69 -127.78 -127.84 -127.91 -128.00 -128.06
-119.09 -119.41 -119.72 -120.03 -120.38 -120.72 -121.06 -121.38 -121.72 -122.03 -122.38 -122.72 -123.03 -123.34 -123.62 -123.84 -124.06 -124.25 -124.41 -124.56 -124.66 -124.75 -124.84 -124.88 -124.94 -125.00 -125.06 -125.09 -125.09 -125.12 -125.16 -125.22 -125.25 -125.31 -125.41 -125.47 -125.53 -125.59 -125.66 -125.72 -125.78 -125.88 -125.94 -126.00 -126.09 -126.19 -126.25 -126.34 -126.41 -126.50 -126.59 -126.72 -126.84 -126.94 -127.06 -127.16 -127.25 -127.34 -127.44 -127.53 -127.62 -127.72 -127.81 -127.91 -127.97 -128.06 -128.16
-119.12 -119.41 -119.75 -120.06 -120.41 -120.75 -121.12 -121.44 -121.78 -122.12 -122.44 -122.78 -123.09 -123.38 -123.66 -123.88 -124.09 -124.28 -124.44 -124.56 -124.66 -124.75 -124.81 -124.88 -124.94 -125.00 -125.03 -125.06 -125.09 -125.09 -125.12 -125.19 -125.25 -125.31 -125.38 -125.44 -125.53 -125.59 -125.66 -125.72 -125.81 -125.88 -125.94 -126.03 -126.12 -126.19 -126.28 -126.34 -126.44 -126.53 -126.62 -126.75 -126.84 -126.97 -127.06 -127.16 -127.28 -127.38 -127.47 -127.56 -127.66 -127.75 -127.84 -127.94 -128.03 -128.12 -128.22
