everonasctiles/Tile[7,1].asc
ncols 128
nrows 128
xllcorner 0
yllcorner 0
cellsize 2.0
NODATA_value  -9999
[rows 0 to 28 of 128, columns 0 to 66 of 128]
-95.38 -95.44 -95.50 -95.53 -95.53 -95.53 -95.53 -95.53 -95.56 -95.53 -95.47 -95.28 -95.06 -94.78 -94.66 -94.72 -94.75 -94.81 -94.81 -94.78 -94.72 -94.69 -94.62 -94.66 -94.88 -95.06 -95.22 -95.31 -95.34 -95.38 -95.47 -95.53 -95.62 -95.72 -95.81 -95.94 -96.06 -96.16 -96.19 -96.16 -96.16 -96.16 -96.19 -96.31 -96.44 -96.59 -96.72 -96.84 -97.00 -97.12 -97.22 -97.31 -97.47 -97.62 -97.81 -98.03 -98.25 -98.44 -98.59 -98.69 -98.72 -98.69 -98.62 -98.53 -98.47 -98.41 -98.38
-95.84 -95.91 -95.97 -96.00 -96.00 -95.97 -95.97 -95.97 -96.00 -95.97 -95.88 -95.69 -95.47 -95.25 -95.16 -95.19 -95.22 -95.22 -95.22 -95.19 -95.12 -95.09 -95.06 -95.09 -95.28 -95.50 -95.66 -95.75 -95.81 -95.84 -95.91 -95.97 -96.06 -96.16 -96.25 -96.38 -96.47 -96.56 -96.59 -96.59 -96.56 -96.56 -96.59 -96.69 -96.81 -97.00 -97.16 -97.28 -97.44 -97.56 -97.69 -97.78 -97.94 -98.06 -98.25 -98.44 -98.62 -98.81 -98.97 -99.06 -99.12 -99.12 -99.06 -99.00 -98.94 -98.91 -98.91
-96.31 -96.38 -96.41 -96.44 -96.44 -96.41 -96.38 -96.41 -96.44 -96.41 -96.28 -96.12 -95.91 -95.72 -95.69 -95.69 -95.66 -95.62 -95.59 -95.56 -95.53 -95.50 -95.50 -95.56 -95.75 -95.94 -96.09 -96.22 -96.25 -96.31 -96.34 -96.44 -96.50 -96.59 -96.69 -96.78 -96.91 -96.97 -97.00 -97.00 -96.97 -96.97 -97.00 -97.06 -97.19 -97.38 -97.56 -97.72 -97.88 -98.00 -98.12 -98.25 -98.38 -98.50 -98.66 -98.84 -99.03 -99.19 -99.34 -99.47 -99.53 -99.53 -99.50 -99.44 -99.41 -99.41 -99.41
-96.78 -96.81 -96.88 -96.88 -96.84 -96.81 -96.81 -96.81 -96.84 -96.81 -96.69 -96.53 -96.34 -96.22 -96.19 -96.12 -96.09 -96.03 -95.97 -95.91 -95.91 -95.91 -95.97 -96.06 -96.22 -96.38 -96.53 -96.66 -96.72 -96.75 -96.81 -96.88 -96.94 -97.03 -97.09 -97.19 -97.28 -97.34 -97.38 -97.41 -97.38 -97.38 -97.38 -97.44 -97.53 -97.75 -97.94 -98.12 -98.28 -98.44 -98.56 -98.69 -98.81 -98.94 -99.06 -99.22 -99.41 -99.56 -99.72 -99.84 -99.91 -99.94 -99.91 -99.88 -99.88 -99.88 -99.91
-97.25 -97.28 -97.31 -97.31 -97.28 -97.22 -97.22 -97.22 -97.22 -97.19 -97.09 -96.97 -96.81 -96.72 -96.66 -96.59 -96.50 -96.41 -96.31 -96.28 -96.28 -96.31 -96.41 -96.53 -96.69 -96.84 -96.97 -97.09 -97.16 -97.22 -97.25 -97.31 -97.38 -97.44 -97.53 -97.59 -97.69 -97.75 -97.78 -97.78 -97.81 -97.81 -97.78 -97.78 -97.88 -98.06 -98.31 -98.53 -98.69 -98.84 -98.97 -99.09 -99.22 -99.34 -99.47 -99.62 -99.78 -99.94 -100.09 -100.22 -100.31 -100.34 -100.31 -100.31 -100.31 -100.31 -100.38
-97.69 -97.72 -97.75 -97.75 -97.69 -97.66 -97.59 -97.59 -97.59 -97.56 -97.50 -97.38 -97.28 -97.16 -97.09 -97.00 -96.88 -96.75 -96.66 -96.62 -96.66 -96.72 -96.84 -96.97 -97.12 -97.28 -97.41 -97.53 -97.59 -97.62 -97.69 -97.72 -97.78 -97.84 -97.91 -98.00 -98.06 -98.09 -98.16 -98.19 -98.22 -98.22 -98.19 -98.16 -98.19 -98.38 -98.62 -98.88 -99.09 -99.25 -99.38 -99.50 -99.62 -99.75 -99.88 -100.00 -100.16 -100.31 -100.47 -100.59 -100.69 -100.72 -100.72 -100.72 -100.75 -100.78 -100.81
-98.12 -98.16 -98.19 -98.16 -98.12 -98.03 -98.00 -97.97 -97.97 -97.97 -97.91 -97.81 -97.69 -97.59 -97.50 -97.38 -97.22 -97.09 -96.97 -96.97 -97.00 -97.09 -97.25 -97.41 -97.56 -97.69 -97.81 -97.94 -98.00 -98.03 -98.09 -98.12 -98.19 -98.25 -98.31 -98.38 -98.41 -98.47 -98.53 -98.56 -98.62 -98.62 -98.59 -98.56 -98.50 -98.66 -98.97 -99.22 -99.44 -99.62 -99.75 -99.88 -100.00 -100.12 -100.25 -100.38 -100.50 -100.69 -100.84 -100.97 -101.06 -101.09 -101.12 -101.16 -101.19 -101.22 -101.28
-98.56 -98.59 -98.62 -98.56 -98.50 -98.44 -98.41 -98.38 -98.34 -98.34 -98.28 -98.22 -98.12 -98.00 -97.88 -97.72 -97.56 -97.41 -97.31 -97.28 -97.34 -97.47 -97.62 -97.78 -97.97 -98.09 -98.22 -98.31 -98.38 -98.44 -98.47 -98.53 -98.56 -98.62 -98.66 -98.72 -98.78 -98.81 -98.88 -98.94 -99.00 -99.03 -99.03 -99.00 -98.94 -99.00 -99.28 -99.56 -99.81 -100.00 -100.12 -100.25 -100.38 -100.50 -100.62 -100.75 -100.88 -101.03 -101.22 -101.34 -101.44 -101.50 -101.53 -101.56 -101.59 -101.66 -101.72
-99.00 -99.03 -99.03 -98.97 -98.91 -98.84 -98.78 -98.75 -98.72 -98.72 -98.69 -98.59 -98.50 -98.38 -98.22 -98.06 -97.91 -97.75 -97.62 -97.59 -97.69 -97.81 -97.97 -98.16 -98.31 -98.47 -98.59 -98.69 -98.75 -98.81 -98.84 -98.91 -98.94 -98.97 -99.03 -99.06 -99.12 -99.19 -99.25 -99.31 -99.41 -99.44 -99.44 -99.44 -99.41 -99.44 -99.62 -99.91 -100.16 -100.34 -100.50 -100.62 -100.75 -100.88 -101.00 -101.12 -101.25 -101.41 -101.56 -101.72 -101.81 -101.88 -101.91 -101.97 -102.03 -102.09 -102.12
-99.44 -99.44 -99.44 -99.38 -99.28 -99.22 -99.16 -99.12 -99.12 -99.09 -99.06 -98.97 -98.88 -98.75 -98.59 -98.44 -98.25 -98.06 -97.94 -97.88 -97.97 -98.12 -98.31 -98.50 -98.66 -98.81 -98.94 -99.03 -99.09 -99.16 -99.22 -99.25 -99.28 -99.31 -99.38 -99.41 -99.47 -99.53 -99.62 -99.69 -99.78 -99.84 -99.84 -99.84 -99.84 -99.88 -100.03 -100.25 -100.50 -100.69 -100.88 -101.00 -101.12 -101.28 -101.38 -101.50 -101.62 -101.78 -101.94 -102.09 -102.19 -102.25 -102.31 -102.38 -102.44 -102.50 -102.56
-99.88 -99.88 -99.81 -99.75 -99.66 -99.59 -99.56 -99.53 -99.50 -99.47 -99.44 -99.34 -99.22 -99.09 -98.97 -98.78 -98.59 -98.41 -98.25 -98.16 -98.25 -98.44 -98.62 -98.81 -98.97 -99.12 -99.25 -99.34 -99.44 -99.50 -99.56 -99.59 -99.66 -99.69 -99.72 -99.75 -99.81 -99.88 -99.97 -100.06 -100.16 -100.22 -100.25 -100.28 -100.28 -100.31 -100.44 -100.62 -100.84 -101.03 -101.22 -101.38 -101.50 -101.66 -101.78 -101.91 -102.00 -102.16 -102.31 -102.47 -102.56 -102.62 -102.69 -102.75 -102.84 -102.91 -102.97
-100.31 -100.28 -100.22 -100.12 -100.03 -99.97 -99.94 -99.91 -99.91 -99.84 -99.78 -99.69 -99.59 -99.47 -99.34 -99.19 -98.97 -98.75 -98.56 -98.41 -98.53 -98.72 -98.91 -99.09 -99.28 -99.44 -99.56 -99.66 -99.75 -99.81 -99.91 -99.94 -100.00 -100.03 -100.06 -100.09 -100.12 -100.22 -100.31 -100.41 -100.53 -100.59 -100.66 -100.66 -100.69 -100.72 -100.81 -100.97 -101.16 -101.38 -101.56 -101.72 -101.88 -102.03 -102.19 -102.31 -102.41 -102.53 -102.69 -102.81 -102.94 -103.00 -103.06 -103.16 -103.25 -103.31 -103.34
-100.75 -100.69 -100.59 -100.50 -100.41 -100.38 -100.34 -100.31 -100.28 -100.25 -100.16 -100.06 -99.97 -99.88 -99.72 -99.56 -99.34 -99.12 -98.88 -98.69 -98.81 -99.00 -99.19 -99.41 -99.56 -99.72 -99.88 -99.97 -100.06 -100.16 -100.22 -100.28 -100.34 -100.38 -100.41 -100.41 -100.47 -100.53 -100.62 -100.75 -100.88 -100.97 -101.00 -101.03 -101.03 -101.09 -101.19 -101.31 -101.47 -101.69 -101.88 -102.06 -102.25 -102.41 -102.56 -102.69 -102.84 -102.94 -103.06 -103.19 -103.28 -103.38 -103.44 -103.53 -103.62 -103.69 -103.75
-101.19 -101.09 -100.97 -100.88 -100.81 -100.75 -100.72 -100.72 -100.69 -100.62 -100.53 -100.44 -100.34 -100.25 -100.12 -99.94 -99.72 -99.50 -99.25 -99.06 -99.16 -99.31 -99.50 -99.66 -99.84 -100.00 -100.16 -100.28 -100.38 -100.47 -100.56 -100.62 -100.69 -100.72 -100.75 -100.75 -100.81 -100.88 -100.97 -101.06 -101.19 -101.28 -101.34 -101.38 -101.38 -101.44 -101.50 -101.62 -101.78 -101.97 -102.16 -102.38 -102.59 -102.78 -102.94 -103.09 -103.22 -103.34 -103.47 -103.56 -103.66 -103.72 -103.81 -103.91 -104.00 -104.06 -104.12
-101.59 -101.50 -101.38 -101.25 -101.19 -101.16 -101.12 -101.12 -101.09 -101.00 -100.91 -100.81 -100.72 -100.62 -100.50 -100.31 -100.09 -99.91 -99.66 -99.50 -99.53 -99.66 -99.78 -99.94 -100.09 -100.28 -100.41 -100.56 -100.69 -100.78 -100.88 -100.94 -101.00 -101.06 -101.06 -101.09 -101.12 -101.19 -101.28 -101.38 -101.50 -101.59 -101.66 -101.69 -101.72 -101.75 -101.81 -101.91 -102.06 -102.22 -102.44 -102.66 -102.91 -103.09 -103.28 -103.47 -103.59 -103.72 -103.84 -103.94 -104.00 -104.09 -104.19 -104.28 -104.38 -104.44 -104.47
-102.03 -101.88 -101.75 -101.66 -101.56 -101.53 -101.53 -101.53 -101.47 -101.38 -101.28 -101.19 -101.12 -101.03 -100.91 -100.72 -100.50 -100.28 -100.09 -99.94 -99.94 -100.00 -100.09 -100.22 -100.34 -100.50 -100.66 -100.81 -100.94 -101.06 -101.16 -101.25 -101.34 -101.38 -101.41 -101.44 -101.47 -101.53 -101.59 -101.69 -101.78 -101.88 -101.94 -101.97 -102.00 -102.03 -102.09 -102.19 -102.31 -102.47 -102.69 -102.91 -103.16 -103.41 -103.59 -103.78 -103.94 -104.09 -104.19 -104.28 -104.34 -104.44 -104.53 -104.62 -104.72 -104.78 -104.81
-102.41 -102.28 -102.16 -102.03 -101.97 -101.94 -101.94 -101.94 -101.88 -101.78 -101.66 -101.56 -101.50 -101.41 -101.28 -101.09 -100.88 -100.69 -100.50 -100.38 -100.34 -100.34 -100.41 -100.50 -100.62 -100.75 -100.91 -101.06 -101.22 -101.34 -101.47 -101.56 -101.62 -101.69 -101.72 -101.75 -101.78 -101.84 -101.91 -102.00 -102.09 -102.16 -102.22 -102.25 -102.28 -102.31 -102.38 -102.47 -102.56 -102.72 -102.91 -103.12 -103.38 -103.62 -103.88 -104.09 -104.25 -104.41 -104.53 -104.62 -104.69 -104.78 -104.88 -104.97 -105.06 -105.12 -105.16
-102.81 -102.66 -102.53 -102.44 -102.38 -102.34 -102.34 -102.34 -102.28 -102.16 -102.06 -101.97 -101.91 -101.78 -101.62 -101.44 -101.25 -101.03 -100.88 -100.75 -100.69 -100.69 -100.72 -100.81 -100.88 -101.00 -101.16 -101.31 -101.47 -101.59 -101.72 -101.84 -101.91 -102.00 -102.03 -102.06 -102.09 -102.16 -102.22 -102.28 -102.38 -102.44 -102.47 -102.53 -102.56 -102.59 -102.62 -102.72 -102.81 -102.94 -103.12 -103.34 -103.59 -103.84 -104.09 -104.31 -104.53 -104.69 -104.81 -104.94 -105.00 -105.09 -105.19 -105.28 -105.38 -105.44 -105.47
-103.19 -103.06 -102.94 -102.88 -102.81 -102.78 -102.75 -102.75 -102.69 -102.59 -102.47 -102.38 -102.28 -102.16 -102.00 -101.81 -101.59 -101.41 -101.22 -101.12 -101.06 -101.03 -101.06 -101.09 -101.16 -101.25 -101.38 -101.53 -101.69 -101.84 -101.97 -102.09 -102.19 -102.25 -102.31 -102.34 -102.41 -102.44 -102.53 -102.59 -102.66 -102.69 -102.75 -102.78 -102.81 -102.84 -102.88 -102.97 -103.06 -103.19 -103.38 -103.59 -103.81 -104.06 -104.31 -104.53 -104.75 -104.94 -105.06 -105.19 -105.31 -105.41 -105.50 -105.59 -105.69 -105.75 -105.78
-103.56 -103.47 -103.38 -103.31 -103.25 -103.22 -103.19 -103.16 -103.09 -103.00 -102.91 -102.78 -102.66 -102.50 -102.34 -102.12 -101.91 -101.72 -101.56 -101.47 -101.41 -101.38 -101.38 -101.41 -101.44 -101.50 -101.59 -101.72 -101.88 -102.06 -102.19 -102.34 -102.44 -102.53 -102.59 -102.62 -102.69 -102.75 -102.81 -102.88 -102.91 -102.97 -103.00 -103.03 -103.06 -103.09 -103.12 -103.19 -103.28 -103.41 -103.59 -103.78 -104.03 -104.25 -104.50 -104.75 -104.97 -105.16 -105.31 -105.44 -105.56 -105.69 -105.78 -105.91 -105.97 -106.03 -106.06
-103.97 -103.88 -103.81 -103.75 -103.72 -103.69 -103.62 -103.59 -103.53 -103.44 -103.31 -103.19 -103.03 -102.88 -102.66 -102.44 -102.19 -102.00 -101.88 -101.78 -101.72 -101.69 -101.69 -101.72 -101.72 -101.75 -101.78 -101.88 -102.03 -102.22 -102.41 -102.56 -102.69 -102.78 -102.84 -102.91 -102.97 -103.00 -103.06 -103.12 -103.19 -103.22 -103.25 -103.28 -103.31 -103.31 -103.38 -103.44 -103.53 -103.66 -103.81 -104.00 -104.22 -104.47 -104.69 -104.94 -105.16 -105.34 -105.50 -105.66 -105.78 -105.91 -106.03 -106.16 -106.25 -106.31 -106.34
-104.41 -104.31 -104.25 -104.22 -104.19 -104.16 -104.09 -104.03 -103.97 -103.88 -103.75 -103.59 -103.41 -103.19 -102.94 -102.69 -102.47 -102.31 -102.19 -102.12 -102.06 -102.00 -102.00 -102.03 -102.03 -102.03 -102.03 -102.06 -102.19 -102.34 -102.53 -102.72 -102.88 -103.00 -103.09 -103.16 -103.22 -103.28 -103.34 -103.41 -103.44 -103.47 -103.50 -103.53 -103.56 -103.56 -103.59 -103.69 -103.78 -103.88 -104.03 -104.19 -104.41 -104.66 -104.91 -105.12 -105.38 -105.56 -105.72 -105.84 -106.00 -106.12 -106.28 -106.41 -106.50 -106.56 -106.59
-104.84 -104.75 -104.72 -104.72 -104.69 -104.62 -104.56 -104.50 -104.41 -104.28 -104.16 -104.00 -103.78 -103.50 -103.22 -102.94 -102.72 -102.59 -102.53 -102.44 -102.38 -102.34 -102.34 -102.38 -102.38 -102.34 -102.34 -102.31 -102.38 -102.50 -102.69 -102.88 -103.06 -103.22 -103.31 -103.41 -103.47 -103.53 -103.59 -103.66 -103.69 -103.72 -103.75 -103.78 -103.81 -103.81 -103.84 -103.94 -104.03 -104.12 -104.25 -104.41 -104.62 -104.84 -105.09 -105.34 -105.56 -105.75 -105.91 -106.06 -106.19 -106.34 -106.47 -106.62 -106.72 -106.78 -106.81
-105.31 -105.22 -105.19 -105.19 -105.19 -105.12 -105.03 -104.94 -104.81 -104.72 -104.56 -104.38 -104.12 -103.81 -103.47 -103.19 -103.00 -102.94 -102.88 -102.81 -102.75 -102.72 -102.72 -102.72 -102.72 -102.72 -102.69 -102.69 -102.66 -102.72 -102.88 -103.06 -103.25 -103.41 -103.53 -103.66 -103.72 -103.81 -103.84 -103.91 -103.94 -103.97 -104.03 -104.06 -104.06 -104.06 -104.12 -104.19 -104.28 -104.38 -104.50 -104.66 -104.84 -105.06 -105.28 -105.53 -105.75 -105.97 -106.16 -106.28 -106.41 -106.56 -106.69 -106.81 -106.94 -107.00 -107.03
-105.78 -105.72 -105.66 -105.66 -105.66 -105.59 -105.50 -105.38 -105.25 -105.12 -104.94 -104.72 -104.44 -104.12 -103.78 -103.50 -103.38 -103.31 -103.22 -103.16 -103.09 -103.09 -103.09 -103.09 -103.12 -103.09 -103.09 -103.06 -103.06 -103.06 -103.12 -103.28 -103.47 -103.62 -103.78 -103.88 -103.97 -104.06 -104.12 -104.16 -104.22 -104.25 -104.28 -104.31 -104.31 -104.34 -104.38 -104.47 -104.56 -104.66 -104.78 -104.91 -105.06 -105.28 -105.50 -105.72 -105.97 -106.19 -106.38 -106.53 -106.66 -106.78 -106.91 -107.03 -107.16 -107.22 -107.28
-106.28 -106.19 -106.16 -106.12 -106.09 -106.06 -105.94 -105.78 -105.66 -105.50 -105.31 -105.09 -104.78 -104.47 -104.16 -103.94 -103.78 -103.69 -103.59 -103.53 -103.50 -103.47 -103.50 -103.50 -103.53 -103.53 -103.50 -103.47 -103.47 -103.44 -103.47 -103.56 -103.69 -103.84 -104.00 -104.12 -104.25 -104.31 -104.38 -104.44 -104.50 -104.53 -104.56 -104.59 -104.59 -104.59 -104.66 -104.72 -104.84 -104.94 -105.06 -105.19 -105.31 -105.50 -105.69 -105.91 -106.16 -106.38 -106.59 -106.75 -106.91 -107.03 -107.16 -107.25 -107.38 -107.44 -107.50
-106.75 -106.66 -106.59 -106.56 -106.56 -106.47 -106.34 -106.22 -106.06 -105.91 -105.69 -105.44 -105.16 -104.84 -104.56 -104.34 -104.19 -104.06 -104.00 -103.91 -103.88 -103.88 -103.91 -103.91 -103.94 -103.94 -103.94 -103.91 -103.88 -103.84 -103.84 -103.91 -104.00 -104.12 -104.25 -104.38 -104.50 -104.59 -104.66 -104.72 -104.75 -104.81 -104.84 -104.84 -104.84 -104.88 -104.94 -105.03 -105.12 -105.22 -105.34 -105.47 -105.59 -105.75 -105.94 -106.12 -106.34 -106.56 -106.78 -106.97 -107.12 -107.25 -107.38 -107.47 -107.56 -107.66 -107.72
-107.19 -107.12 -107.06 -107.00 -106.97 -106.88 -106.75 -106.62 -106.44 -106.28 -106.09 -105.81 -105.53 -105.22 -104.97 -104.75 -104.56 -104.47 -104.38 -104.31 -104.28 -104.31 -104.31 -104.34 -104.38 -104.38 -104.34 -104.31 -104.28 -104.25 -104.25 -104.28 -104.31 -104.41 -104.53 -104.66 -104.78 -104.88 -104.94 -105.00 -105.06 -105.09 -105.12 -105.12 -105.12 -105.16 -105.22 -105.31 -105.44 -105.53 -105.62 -105.75 -105.88 -106.06 -106.22 -106.38 -106.56 -106.78 -107.00 -107.19 -107.38 -107.50 -107.59 -107.69 -107.78 -107.88 -107.94
-107.62 -107.56 -107.47 -107.44 -107.38 -107.28 -107.16 -107.00 -106.84 -106.69 -106.47 -106.19 -105.88 -105.59 -105.31 -105.12 -104.97 -104.84 -104.75 -104.72 -104.69 -104.72 -104.75 -104.78 -104.81 -104.81 -104.78 -104.72 -104.69 -104.66 -104.66 -104.66 -104.69 -104.75 -104.81 -104.91 -105.03 -105.12 -105.22 -105.28 -105.34 -105.38 -105.41 -105.41 -105.41 -105.44 -105.50 -105.59 -105.72 -105.84 -105.97 -106.06 -106.19 -106.34 -106.50 -106.69 -106.84 -107.03 -107.22 -107.44 -107.59 -107.75 -107.84 -107.94 -108.00 -108.06 -108.16
