everonasctiles/Tile[40,10].asc
ncols 128
nrows 128
xllcorner 0
yllcorner 0
cellsize 2.0
NODATA_value  -9999
[rows 64 to 95 of 128, columns 0 to 70 of 128]
276.19 276.34 276.69 277.09 277.50 277.69 277.62 277.31 277.19 277.62 278.16 278.75 279.50 280.16 280.75 281.31 281.91 282.47 282.97 283.56 284.19 284.97 285.91 287.25 288.91 289.28 289.38 289.47 290.38 291.28 291.41 292.16 291.03 290.84 291.22 291.66 292.22 292.56 292.47 292.72 293.12 293.72 294.44 295.12 295.78 296.59 296.75 296.72 296.84 296.97 296.34 295.78 295.34 295.03 294.69 294.16 293.34 291.94 290.38 289.50 288.56 285.75 282.31 279.38 276.88 274.38 270.50 269.06 267.72 265.94 265.84
275.47 275.56 275.78 276.00 276.31 276.47 276.41 276.22 276.19 276.75 277.44 278.12 278.84 279.41 279.97 280.53 281.06 281.62 282.19 282.72 283.44 284.09 285.06 286.31 287.62 289.34 289.47 289.38 289.19 290.16 291.25 290.34 289.78 289.22 289.75 290.41 290.91 291.78 292.38 292.59 293.25 294.00 294.78 295.50 296.19 296.28 296.41 296.34 296.00 295.59 295.22 295.25 295.09 294.91 294.69 294.34 293.75 292.34 291.19 291.22 290.59 288.97 285.03 280.88 277.47 274.78 271.16 269.84 269.78 268.91 267.50
274.72 274.91 275.06 275.06 275.28 275.34 275.34 275.31 275.66 276.34 277.06 277.66 278.25 278.75 279.22 279.69 280.34 280.56 281.19 281.88 282.66 283.44 284.53 285.53 286.72 287.84 289.41 289.22 289.03 288.72 289.12 288.91 288.00 288.03 288.44 288.97 290.28 290.34 290.66 291.94 292.72 293.41 294.09 294.75 295.41 295.94 296.22 296.34 295.94 295.53 295.03 294.53 294.00 293.53 294.19 294.09 293.75 292.56 291.91 291.78 291.78 290.53 287.25 282.19 277.69 275.59 272.41 271.59 271.41 270.47 269.56
274.06 274.28 274.28 274.19 274.34 274.41 274.47 274.75 275.31 276.03 276.66 277.19 277.59 278.12 278.50 278.84 279.56 279.81 280.44 281.22 281.81 282.38 283.56 284.56 285.47 286.75 287.84 288.91 288.81 288.47 288.12 287.75 287.25 287.28 287.97 288.66 289.03 289.19 290.22 291.31 291.88 292.38 292.44 292.88 294.44 295.12 295.38 295.41 295.16 295.25 294.88 294.34 293.84 293.34 292.91 292.47 293.16 292.47 292.19 292.00 291.75 290.91 288.53 283.75 278.56 276.84 275.28 274.16 272.47 271.56 270.94
273.44 273.59 273.66 273.53 273.72 273.81 274.09 274.53 275.12 275.72 276.28 276.69 277.00 277.44 277.62 278.16 278.88 279.16 279.62 280.19 280.66 280.56 281.62 283.16 283.97 285.31 286.50 287.31 287.50 288.22 287.88 287.53 287.25 286.75 287.19 287.81 288.38 289.28 289.62 290.56 291.06 291.25 291.34 292.19 293.97 294.19 294.31 294.28 293.97 293.75 293.47 293.91 293.53 293.16 292.72 292.31 292.06 292.12 292.09 291.94 291.69 291.03 289.53 286.19 281.06 278.31 277.66 276.81 274.50 272.44 272.16
272.56 272.75 272.81 272.78 273.00 273.34 273.78 274.38 275.03 275.59 276.00 276.25 276.50 276.72 276.97 277.25 277.88 278.41 278.78 278.97 279.25 279.28 280.03 281.31 282.38 283.41 284.81 285.66 286.16 287.28 287.53 287.34 287.09 286.84 286.72 286.81 287.38 288.16 288.81 289.59 290.47 290.53 291.12 291.81 292.81 293.16 293.50 293.22 292.94 292.47 292.28 292.19 292.25 292.72 292.31 292.06 291.88 291.72 291.84 291.69 291.50 291.06 290.22 288.41 284.91 281.12 279.38 277.72 276.41 274.88 274.31
271.59 271.75 271.75 271.94 272.28 272.72 273.31 273.94 274.66 275.25 275.72 275.97 276.16 276.09 276.12 276.31 277.00 277.50 277.53 277.88 278.06 278.19 278.56 279.62 280.94 281.62 282.56 283.78 284.69 284.94 285.09 285.28 286.97 286.72 286.72 286.81 287.09 287.44 287.78 288.31 288.81 289.41 290.03 290.75 291.62 292.31 292.34 292.25 291.84 291.50 291.09 290.88 291.09 291.22 291.66 291.81 291.66 291.56 291.44 291.31 291.19 290.91 290.56 290.25 288.47 283.97 280.78 279.00 277.72 276.88 275.78
270.44 270.66 270.69 270.91 271.22 271.75 272.38 273.12 274.00 274.75 275.25 275.72 275.81 275.72 275.69 275.81 276.28 276.69 276.72 277.03 276.91 277.16 277.44 278.06 279.28 280.19 281.19 281.91 282.72 283.53 283.97 284.09 284.31 285.22 286.66 286.88 287.16 287.50 287.84 288.34 288.84 289.38 290.00 290.59 291.25 291.53 291.34 291.22 290.75 290.22 290.03 290.00 290.00 290.31 290.34 290.72 291.38 291.38 291.25 291.06 290.72 290.69 290.44 290.06 289.25 285.88 282.97 280.84 279.41 277.91 276.81
269.53 269.66 269.72 269.88 270.19 270.75 271.56 272.28 273.06 273.84 274.53 275.22 275.66 275.69 275.62 275.75 276.09 276.19 276.53 276.38 276.28 276.44 276.88 277.50 278.12 278.88 279.78 280.66 281.31 281.75 282.31 283.06 283.84 284.94 285.44 286.16 286.78 287.28 287.78 288.28 288.78 289.03 289.41 289.78 290.22 290.34 290.53 289.44 289.16 289.03 289.22 289.09 289.12 289.19 289.53 289.66 290.66 291.19 291.06 290.88 290.56 290.28 289.84 289.47 288.34 286.22 283.84 282.44 280.38 278.31 277.44
269.03 269.12 269.22 269.44 269.69 270.19 270.75 271.41 272.12 272.88 273.62 274.38 275.03 275.22 275.50 275.75 276.06 275.97 276.12 276.00 275.94 276.12 276.44 277.03 277.59 278.16 278.91 279.62 280.28 280.84 281.41 282.31 283.31 284.09 284.78 285.41 285.97 286.50 286.72 287.28 287.38 287.62 288.38 288.91 289.19 289.09 288.97 287.47 287.50 288.06 288.75 288.34 288.22 288.00 288.16 288.62 289.09 289.56 290.88 290.59 290.31 289.97 289.62 288.38 287.59 286.16 284.81 283.59 282.56 279.50 279.09
268.78 268.88 269.00 269.19 269.41 269.72 270.12 270.69 271.34 272.16 272.78 273.50 274.19 274.50 274.72 275.28 275.72 275.81 275.72 275.75 275.72 275.69 275.97 276.44 277.19 277.81 278.44 279.03 279.66 280.34 280.91 282.09 282.81 283.50 284.06 284.47 284.75 285.22 285.78 285.97 286.34 286.97 287.59 287.94 287.88 287.00 285.66 285.47 286.03 286.59 287.59 287.22 286.97 286.62 286.53 286.88 287.19 287.88 289.44 290.28 290.03 289.69 289.38 289.00 287.94 286.56 285.47 284.38 283.44 281.88 282.66
268.84 268.91 269.00 269.12 269.25 269.50 269.81 270.19 270.62 271.31 271.88 272.59 273.25 273.62 273.88 274.50 275.16 275.16 275.38 275.34 275.34 275.16 275.41 276.03 276.75 277.25 278.09 278.38 279.28 279.94 280.91 281.66 282.31 282.84 283.28 283.53 283.81 284.47 284.94 285.34 285.84 286.31 286.72 286.84 286.56 285.91 284.03 283.69 284.12 284.84 285.53 285.62 285.50 285.06 284.88 285.41 285.50 286.28 287.72 288.94 289.62 289.44 289.09 288.78 288.53 287.75 286.72 285.09 284.53 284.38 285.09
268.91 268.97 269.09 269.25 269.34 269.38 269.62 269.75 270.06 270.41 270.59 271.38 272.16 272.62 272.88 273.47 274.38 274.59 274.81 274.88 274.94 274.81 274.97 275.75 276.34 276.91 277.53 278.06 278.88 279.56 280.41 281.12 281.66 282.09 282.53 282.97 283.19 283.75 284.09 284.25 285.12 285.53 285.75 285.59 285.19 284.28 282.34 281.72 282.00 282.75 283.31 283.66 284.03 283.66 283.59 284.00 284.69 284.94 286.22 287.72 288.31 288.66 288.81 288.56 288.38 288.31 288.06 287.09 286.28 286.41 286.44
268.84 268.97 269.00 269.22 269.25 269.09 269.16 269.31 269.47 269.69 269.66 270.38 271.09 271.59 271.97 272.47 273.44 273.88 274.19 274.53 274.53 274.53 274.62 275.31 275.91 276.41 277.03 277.72 278.44 279.16 279.84 280.44 280.91 281.25 281.62 281.94 282.03 282.66 283.09 283.81 284.31 284.56 284.53 284.16 283.59 282.31 280.31 280.25 280.34 280.81 281.78 282.03 282.38 282.22 282.59 282.94 283.91 284.47 285.53 286.78 287.19 287.41 287.44 288.44 288.25 288.38 288.59 288.78 288.06 288.09 288.25
268.59 268.66 268.75 268.69 268.62 268.75 268.72 268.50 268.44 268.34 268.78 269.62 270.22 270.81 271.38 271.94 272.72 273.22 273.56 273.88 274.16 274.09 274.25 274.84 275.47 275.97 276.66 277.28 277.94 278.59 279.16 279.69 280.12 280.44 280.69 280.81 281.12 281.62 282.31 282.97 283.28 283.28 283.31 282.84 281.25 279.53 279.69 279.66 279.59 279.91 280.38 280.09 280.50 280.97 281.62 282.50 283.38 283.59 284.94 285.66 286.34 286.62 286.69 286.47 288.06 288.47 288.69 288.88 289.06 289.19 289.09
268.19 268.28 268.31 268.25 268.22 268.25 268.09 267.75 267.56 267.59 267.97 268.75 269.53 270.25 271.00 271.53 272.22 272.69 273.00 273.22 273.50 273.62 273.81 274.19 274.91 275.50 276.09 276.69 277.31 277.91 278.44 278.88 279.12 279.28 279.53 279.88 280.28 280.78 281.62 281.97 282.00 282.06 280.78 279.16 278.88 279.06 279.03 278.56 278.41 278.25 278.62 278.72 279.22 280.09 280.84 281.78 282.22 282.97 284.09 285.12 285.69 285.91 285.91 285.59 285.84 287.22 288.44 288.97 289.09 289.22 289.34
267.78 267.84 267.88 267.91 267.91 267.88 267.75 267.50 267.31 267.28 267.66 268.34 268.97 269.84 270.69 271.34 271.81 272.22 272.38 272.50 272.72 272.94 273.12 273.66 274.19 274.84 275.50 276.03 276.56 277.06 277.53 277.94 277.97 278.31 278.69 279.06 279.44 280.38 280.84 280.91 280.19 279.53 278.28 278.22 278.31 277.97 277.75 277.19 276.81 276.84 277.28 277.69 278.38 279.28 279.94 280.88 281.62 282.62 283.59 284.41 284.94 285.06 284.88 284.34 285.00 285.44 286.19 287.81 288.78 289.28 289.41
267.44 267.44 267.47 267.50 267.53 267.47 267.41 267.28 267.19 267.16 267.53 268.16 268.59 269.56 270.44 271.03 271.56 271.81 271.75 271.81 272.00 272.25 272.44 273.00 273.47 274.06 274.81 275.28 275.78 276.12 276.66 277.19 277.44 277.69 278.03 278.31 279.06 279.72 280.00 279.84 279.03 278.03 277.81 277.69 277.72 276.72 276.22 275.94 275.69 276.16 276.44 276.81 277.53 278.62 279.28 280.19 280.97 282.06 282.94 283.97 284.50 284.41 283.88 283.59 283.94 284.31 284.88 286.69 287.88 288.78 289.28
266.97 267.00 267.03 267.09 267.12 267.12 267.09 267.06 267.03 267.12 267.50 268.16 268.56 269.50 270.16 270.69 270.97 271.16 271.19 271.25 271.38 271.56 271.84 272.28 272.91 273.47 274.09 274.56 275.06 275.44 275.97 276.50 276.81 277.06 277.44 278.00 278.56 278.97 279.06 278.78 277.88 277.44 277.25 276.88 276.38 275.72 275.09 274.81 275.00 275.75 275.97 276.12 276.91 277.72 278.28 278.94 280.00 281.31 282.75 283.81 284.16 284.12 283.66 283.53 283.41 283.62 284.38 285.62 286.56 287.44 288.00
266.44 266.47 266.53 266.56 266.62 266.66 266.69 266.75 266.84 267.09 267.50 268.06 268.56 269.31 269.72 270.03 270.19 270.44 270.56 270.72 270.81 270.81 271.25 271.81 272.41 272.94 273.41 273.84 274.34 274.81 275.28 275.88 276.19 276.41 276.88 277.50 277.88 278.03 277.88 277.59 276.66 276.28 276.19 275.75 275.19 274.62 274.28 273.88 274.72 275.25 275.53 275.78 276.25 276.69 277.00 277.97 278.78 280.31 281.69 283.06 283.31 283.22 283.09 283.00 282.69 282.56 283.38 284.31 285.25 285.94 286.34
265.75 265.81 265.84 265.94 266.00 266.09 266.25 266.41 266.62 267.06 267.56 268.03 268.56 269.12 269.34 269.53 269.66 269.84 269.91 270.09 270.22 270.25 270.75 271.34 271.81 272.34 272.75 273.19 273.59 274.00 274.47 275.09 275.19 275.69 276.44 276.84 276.97 277.09 276.78 275.72 275.38 274.88 275.03 274.69 274.22 273.75 273.47 273.31 274.28 274.72 275.00 275.22 275.59 275.59 275.59 276.72 277.75 278.84 280.03 280.97 281.25 281.31 281.38 281.38 281.19 281.50 282.16 283.22 284.09 284.59 284.72
264.97 265.06 265.12 265.19 265.31 265.44 265.66 265.91 266.31 266.88 267.41 267.94 268.50 268.88 269.12 269.19 269.12 269.16 269.25 269.41 269.47 269.75 270.22 270.88 271.22 271.66 272.06 272.44 272.66 273.09 273.59 274.03 274.31 275.16 275.75 276.03 276.38 275.59 274.31 273.19 273.25 274.12 274.00 273.75 273.47 273.09 272.41 273.38 273.94 274.12 274.38 274.56 274.94 274.56 274.41 275.78 276.53 277.22 277.78 278.31 278.59 278.78 278.53 278.47 279.34 280.59 281.50 282.28 282.97 283.38 283.53
264.12 264.22 264.31 264.41 264.59 264.81 265.09 265.50 266.06 266.66 267.19 267.78 268.22 268.59 268.78 268.81 268.53 268.53 268.75 268.97 269.03 269.16 269.75 270.12 270.56 270.94 271.25 271.47 271.72 272.12 272.50 273.16 273.53 274.50 274.91 275.16 274.97 272.84 272.25 272.31 272.72 273.16 273.00 272.81 272.84 272.38 271.72 272.78 273.12 273.38 273.62 273.81 274.12 274.00 273.59 274.72 275.38 275.75 275.91 276.56 276.84 276.69 276.59 276.84 277.97 279.50 280.19 281.00 281.66 282.03 282.19
263.34 263.41 263.53 263.69 263.91 264.22 264.66 265.16 265.75 266.38 267.00 267.53 267.94 268.28 268.41 268.44 268.09 267.97 268.34 268.41 268.38 268.41 268.84 269.22 269.78 270.03 270.31 270.44 270.72 271.12 271.78 272.12 273.12 273.69 273.91 273.94 273.12 271.94 271.78 271.72 271.75 272.12 272.06 271.97 271.94 271.28 271.47 271.81 272.25 272.38 272.88 273.03 273.16 273.19 273.09 273.28 273.78 273.97 274.31 274.81 274.97 274.69 275.25 274.72 276.38 277.69 278.59 279.44 280.06 280.34 280.66
262.66 262.75 262.91 263.12 263.41 263.81 264.31 264.88 265.53 266.12 266.75 267.38 267.84 268.03 268.16 268.16 267.75 267.56 267.78 267.72 267.78 267.66 267.81 268.09 268.56 269.12 269.34 269.50 269.84 270.31 270.84 271.62 272.38 272.72 272.84 271.91 271.28 271.41 271.25 270.78 270.53 270.75 270.97 271.03 270.56 270.62 270.59 270.78 271.06 271.16 271.78 272.09 272.16 272.31 272.38 271.97 271.94 272.03 272.75 273.22 273.50 273.31 274.00 273.91 274.06 275.22 276.56 277.38 278.06 278.31 278.59
262.25 262.34 262.53 262.75 263.09 263.50 264.03 264.66 265.34 266.00 266.62 267.25 267.56 267.75 267.91 267.88 267.72 267.25 267.22 267.06 267.03 266.97 267.03 267.25 267.81 268.28 268.56 268.84 269.34 269.66 270.22 270.88 271.47 271.62 270.38 269.97 270.62 270.78 270.41 269.97 269.62 269.47 269.84 270.03 268.94 269.84 270.00 269.91 270.00 270.03 270.56 270.97 271.22 271.28 271.28 270.91 270.31 270.66 271.41 271.88 271.94 271.97 272.44 272.38 272.72 273.25 274.12 274.66 276.12 276.66 277.22
262.03 262.12 262.28 262.50 262.84 263.31 263.88 264.53 265.25 265.97 266.62 267.03 267.38 267.56 267.59 267.59 267.47 267.06 266.75 266.34 266.09 266.12 266.34 266.56 267.09 267.66 267.97 268.31 268.56 268.97 269.50 270.06 270.50 270.47 269.47 269.25 270.03 269.78 269.25 269.03 268.94 268.72 268.75 269.03 267.84 268.97 269.00 269.09 268.88 269.03 269.28 269.59 270.16 270.22 270.25 270.06 269.41 269.44 269.81 270.50 270.75 270.78 271.16 270.88 271.38 272.16 273.19 273.66 274.62 275.59 276.22
261.91 262.00 262.12 262.38 262.75 263.19 263.72 264.41 265.16 265.84 266.41 266.88 267.16 267.31 267.38 267.31 267.09 266.72 266.31 265.69 265.31 265.53 265.72 266.19 266.72 267.12 267.47 267.78 268.06 268.28 268.72 269.19 269.44 269.41 268.47 268.62 268.81 268.91 268.25 267.75 267.81 268.00 267.69 267.69 266.97 267.59 267.69 267.97 268.41 268.25 268.06 268.59 269.03 269.16 269.16 269.03 268.69 268.25 268.56 269.31 269.66 269.72 269.59 269.41 270.38 271.22 271.94 273.19 273.72 274.31 274.78
261.72 261.84 262.03 262.28 262.62 263.06 263.59 264.19 264.84 265.53 266.12 266.53 266.81 267.00 267.00 266.84 266.66 266.31 265.78 265.22 264.84 265.16 265.59 265.97 266.31 266.69 267.03 267.31 267.53 267.75 268.06 268.34 268.47 268.03 267.72 267.75 267.66 267.59 267.19 266.69 266.62 266.97 266.81 266.59 265.91 266.56 266.72 267.28 267.34 267.19 267.06 267.44 267.94 268.06 268.03 267.88 267.75 267.47 267.75 268.38 268.62 268.56 268.53 268.38 269.66 270.38 271.19 271.94 272.53 272.97 273.31
261.47 261.62 261.84 262.12 262.44 262.84 263.31 263.88 264.50 265.16 265.69 266.09 266.38 266.50 266.47 266.34 266.12 265.75 265.28 264.81 264.50 264.88 265.31 265.59 265.97 266.34 266.66 266.91 267.16 267.34 267.38 267.56 267.53 267.25 267.12 267.00 266.81 266.38 266.06 265.81 265.69 266.03 265.94 265.62 264.81 265.78 265.69 266.06 266.09 266.00 266.03 266.25 266.81 266.94 267.00 266.72 266.47 266.69 267.09 267.47 267.50 267.44 267.41 267.56 268.72 269.41 270.09 270.75 271.16 271.34 271.25
261.03 261.25 261.47 261.75 262.06 262.47 262.91 263.44 264.06 264.69 265.19 265.56 265.78 265.91 265.88 265.75 265.53 265.22 264.84 264.47 264.31 264.66 264.97 265.28 265.62 265.97 266.25 266.44 266.72 266.69 266.69 266.72 266.66 266.34 266.16 266.22 266.12 265.72 265.31 264.97 264.72 265.06 264.97 264.81 264.31 264.91 264.88 265.06 264.91 264.97 265.19 265.16 265.69 265.88 265.91 265.66 265.34 265.72 266.19 266.34 266.44 266.56 266.59 266.84 267.16 268.16 268.88 269.41 269.75 269.72 269.47
260.41 260.69 260.97 261.25 261.56 261.94 262.38 262.88 263.44 264.06 264.56 264.91 265.12 265.22 265.22 265.06 264.91 264.69 264.41 264.19 264.09 264.25 264.59 264.91 265.19 265.47 265.75 265.91 266.12 266.09 265.91 265.91 265.78 265.19 265.22 265.31 265.22 265.12 264.88 264.28 264.00 264.00 264.06 263.97 263.44 263.84 263.72 263.84 264.12 264.19 264.44 264.50 264.69 264.75 264.81 264.59 264.66 264.94 265.12 265.31 265.50 265.75 265.88 265.91 266.12 266.84 267.53 267.94 268.16 268.16 268.28
