everonasctiles/Tile[10,32].asc
ncols 128
nrows 128
xllcorner 0
yllcorner 0
cellsize 2.0
NODATA_value  -9999
[rows 64 to 95 of 128, columns 0 to 70 of 128]
-22.50 -22.81 -23.06 -23.19 -23.44 -23.78 -23.94 -24.06 -24.28 -24.53 -24.69 -25.06 -25.44 -25.66 -25.78 -26.03 -26.22 -26.47 -26.66 -26.75 -26.97 -27.12 -27.31 -27.50 -27.62 -27.72 -27.78 -27.75 -27.75 -27.78 -27.78 -27.81 -27.81 -27.81 -27.88 -27.97 -28.12 -28.28 -28.47 -28.62 -28.72 -28.78 -28.81 -28.97 -29.22 -29.47 -29.69 -29.91 -30.09 -30.31 -30.53 -30.75 -30.91 -31.09 -31.22 -31.34 -31.47 -31.59 -31.69 -31.78 -31.88 -31.97 -32.09 -32.28 -32.47 -32.66 -32.97 -33.28 -33.62 -34.00 -34.38
-22.34 -22.69 -22.97 -23.19 -23.50 -23.81 -24.16 -24.44 -24.62 -24.72 -24.88 -24.97 -25.47 -25.72 -25.88 -26.09 -26.31 -26.59 -26.78 -26.91 -27.06 -27.22 -27.31 -27.44 -27.59 -27.75 -27.81 -27.81 -27.81 -27.88 -27.97 -28.03 -28.03 -28.06 -28.09 -28.16 -28.25 -28.38 -28.56 -28.75 -28.84 -28.94 -29.00 -29.06 -29.28 -29.59 -29.81 -30.00 -30.19 -30.38 -30.56 -30.75 -30.91 -31.06 -31.19 -31.28 -31.38 -31.50 -31.59 -31.72 -31.81 -31.97 -32.12 -32.31 -32.50 -32.75 -33.03 -33.31 -33.66 -34.00 -34.38
-22.22 -22.59 -22.91 -23.38 -23.69 -23.97 -24.22 -24.47 -24.75 -24.78 -24.78 -25.03 -25.41 -25.84 -26.19 -26.44 -26.53 -26.69 -26.81 -26.97 -27.09 -27.25 -27.38 -27.53 -27.69 -27.78 -27.88 -27.94 -27.94 -28.00 -28.12 -28.19 -28.19 -28.19 -28.19 -28.28 -28.38 -28.50 -28.69 -28.84 -28.97 -29.12 -29.25 -29.34 -29.50 -29.69 -29.88 -30.03 -30.19 -30.38 -30.56 -30.72 -30.84 -30.97 -31.09 -31.16 -31.28 -31.41 -31.53 -31.66 -31.81 -31.97 -32.16 -32.38 -32.62 -32.91 -33.19 -33.47 -33.78 -34.09 -34.44
-22.31 -22.44 -22.53 -23.06 -23.72 -23.94 -24.25 -24.50 -24.75 -24.78 -24.97 -25.28 -25.62 -25.97 -26.25 -26.53 -26.69 -26.78 -26.91 -26.97 -27.12 -27.31 -27.47 -27.56 -27.69 -27.78 -27.88 -27.97 -28.06 -28.12 -28.19 -28.25 -28.28 -28.34 -28.38 -28.44 -28.50 -28.69 -28.81 -28.91 -29.00 -29.19 -29.34 -29.50 -29.59 -29.72 -29.88 -30.03 -30.16 -30.28 -30.47 -30.62 -30.75 -30.88 -30.97 -31.06 -31.19 -31.31 -31.47 -31.62 -31.81 -32.00 -32.19 -32.47 -32.75 -33.03 -33.34 -33.66 -33.94 -34.25 -34.56
-21.88 -22.22 -22.66 -23.16 -23.59 -24.06 -24.38 -24.62 -24.78 -24.84 -25.12 -25.50 -25.75 -26.12 -26.38 -26.59 -26.72 -26.81 -26.88 -27.03 -27.16 -27.31 -27.47 -27.56 -27.69 -27.81 -27.88 -28.00 -28.06 -28.12 -28.19 -28.25 -28.28 -28.41 -28.53 -28.66 -28.72 -28.84 -28.94 -29.03 -29.12 -29.25 -29.41 -29.53 -29.66 -29.78 -29.88 -30.00 -30.16 -30.28 -30.38 -30.47 -30.56 -30.69 -30.78 -30.88 -31.03 -31.22 -31.41 -31.56 -31.75 -32.00 -32.25 -32.53 -32.84 -33.16 -33.47 -33.78 -34.09 -34.41 -34.72
-22.22 -22.69 -23.03 -23.38 -23.81 -24.09 -24.44 -24.69 -24.94 -25.12 -25.41 -25.53 -25.88 -26.22 -26.44 -26.59 -26.69 -26.78 -26.88 -26.97 -27.12 -27.31 -27.44 -27.50 -27.62 -27.81 -27.94 -28.03 -28.12 -28.19 -28.25 -28.28 -28.34 -28.53 -28.69 -28.78 -28.84 -28.91 -29.00 -29.09 -29.19 -29.31 -29.41 -29.53 -29.66 -29.78 -29.91 -30.00 -30.12 -30.22 -30.28 -30.34 -30.44 -30.56 -30.62 -30.72 -30.91 -31.09 -31.28 -31.50 -31.69 -31.94 -32.28 -32.59 -32.94 -33.25 -33.59 -33.91 -34.22 -34.53 -34.84
-22.50 -22.78 -23.16 -23.59 -23.81 -24.09 -24.41 -24.81 -25.09 -25.34 -25.59 -25.78 -26.00 -26.28 -26.50 -26.59 -26.69 -26.81 -26.97 -26.97 -27.09 -27.31 -27.41 -27.56 -27.66 -27.75 -27.88 -28.03 -28.12 -28.22 -28.28 -28.34 -28.47 -28.62 -28.72 -28.81 -28.91 -28.97 -29.06 -29.12 -29.19 -29.28 -29.38 -29.47 -29.59 -29.75 -29.84 -29.97 -30.03 -30.12 -30.19 -30.25 -30.31 -30.41 -30.50 -30.62 -30.75 -30.94 -31.16 -31.34 -31.56 -31.94 -32.31 -32.62 -32.97 -33.31 -33.62 -33.97 -34.28 -34.62 -34.94
-22.72 -22.84 -22.97 -23.28 -23.62 -23.91 -24.31 -24.84 -25.22 -25.56 -25.84 -25.97 -26.22 -26.38 -26.56 -26.69 -26.78 -26.91 -27.00 -27.12 -27.19 -27.38 -27.47 -27.56 -27.69 -27.81 -27.91 -28.06 -28.16 -28.25 -28.34 -28.41 -28.53 -28.66 -28.75 -28.81 -28.91 -29.00 -29.06 -29.12 -29.19 -29.28 -29.31 -29.38 -29.50 -29.62 -29.75 -29.81 -29.91 -30.00 -30.06 -30.09 -30.09 -30.19 -30.31 -30.44 -30.59 -30.78 -31.00 -31.22 -31.50 -31.84 -32.28 -32.62 -32.97 -33.28 -33.59 -33.94 -34.28 -34.62 -35.00
-22.84 -22.84 -22.94 -23.41 -23.88 -24.25 -24.56 -24.94 -25.34 -25.56 -25.91 -26.12 -26.25 -26.50 -26.66 -26.72 -26.78 -26.88 -27.00 -27.12 -27.28 -27.44 -27.56 -27.69 -27.78 -27.91 -28.00 -28.09 -28.22 -28.31 -28.38 -28.44 -28.56 -28.69 -28.78 -28.84 -28.94 -29.00 -29.06 -29.12 -29.22 -29.28 -29.34 -29.44 -29.47 -29.56 -29.62 -29.66 -29.72 -29.81 -29.91 -29.91 -29.88 -29.88 -30.03 -30.22 -30.44 -30.59 -30.78 -31.03 -31.38 -31.78 -32.19 -32.50 -32.84 -33.16 -33.50 -33.88 -34.22 -34.56 -34.94
-23.06 -23.16 -23.62 -23.97 -24.31 -24.66 -24.94 -25.19 -25.50 -25.69 -25.94 -26.09 -26.31 -26.47 -26.59 -26.69 -26.81 -26.94 -27.03 -27.12 -27.16 -27.31 -27.53 -27.75 -27.88 -27.97 -28.06 -28.12 -28.19 -28.28 -28.41 -28.50 -28.62 -28.72 -28.81 -28.91 -28.97 -29.00 -29.06 -29.12 -29.19 -29.25 -29.28 -29.34 -29.41 -29.47 -29.50 -29.53 -29.56 -29.62 -29.72 -29.75 -29.75 -29.78 -29.81 -29.91 -30.09 -30.25 -30.56 -30.84 -31.25 -31.62 -31.97 -32.25 -32.62 -33.00 -33.34 -33.72 -34.09 -34.44 -34.78
-23.00 -23.41 -23.81 -24.22 -24.66 -24.94 -25.22 -25.53 -25.72 -25.75 -25.91 -26.06 -26.28 -26.47 -26.59 -26.72 -26.81 -26.97 -27.06 -27.16 -27.31 -27.38 -27.53 -27.69 -27.84 -27.97 -28.03 -28.12 -28.12 -28.22 -28.34 -28.50 -28.62 -28.75 -28.88 -28.97 -29.03 -29.09 -29.09 -29.16 -29.19 -29.22 -29.25 -29.28 -29.31 -29.28 -29.31 -29.41 -29.47 -29.50 -29.56 -29.62 -29.66 -29.69 -29.72 -29.72 -29.81 -30.16 -30.53 -30.84 -31.16 -31.44 -31.62 -31.91 -32.22 -32.53 -32.97 -33.47 -33.91 -34.25 -34.59
-23.34 -23.72 -24.00 -24.41 -24.78 -24.94 -25.25 -25.53 -25.69 -25.84 -25.97 -26.09 -26.25 -26.38 -26.53 -26.66 -26.78 -26.91 -27.00 -27.22 -27.38 -27.50 -27.62 -27.75 -27.84 -27.94 -28.00 -28.06 -28.16 -28.25 -28.31 -28.44 -28.56 -28.75 -28.91 -29.00 -29.09 -29.12 -29.12 -29.16 -29.16 -29.19 -29.22 -29.25 -29.28 -29.25 -29.31 -29.34 -29.34 -29.34 -29.38 -29.44 -29.50 -29.62 -29.75 -29.84 -30.00 -30.25 -30.59 -30.97 -31.28 -31.50 -31.78 -32.03 -32.25 -32.47 -32.88 -33.31 -33.72 -34.06 -34.41
-23.59 -24.00 -24.34 -24.62 -24.91 -25.12 -25.31 -25.50 -25.66 -25.75 -25.81 -26.03 -26.22 -26.38 -26.41 -26.50 -26.66 -26.88 -27.00 -27.16 -27.31 -27.47 -27.62 -27.72 -27.81 -27.91 -27.94 -28.09 -28.19 -28.25 -28.31 -28.41 -28.56 -28.75 -28.91 -29.03 -29.09 -29.16 -29.19 -29.19 -29.19 -29.19 -29.22 -29.28 -29.31 -29.28 -29.25 -29.22 -29.25 -29.25 -29.25 -29.31 -29.44 -29.66 -29.78 -29.94 -30.12 -30.34 -30.72 -31.09 -31.41 -31.69 -31.94 -32.19 -32.44 -32.69 -33.00 -33.34 -33.72 -34.03 -34.38
-23.91 -24.25 -24.62 -24.91 -25.03 -25.12 -25.31 -25.44 -25.59 -25.81 -25.97 -26.06 -26.12 -26.22 -26.31 -26.44 -26.69 -26.84 -26.97 -27.16 -27.28 -27.41 -27.47 -27.56 -27.69 -27.84 -28.00 -28.09 -28.12 -28.12 -28.22 -28.38 -28.53 -28.69 -28.84 -29.00 -29.09 -29.19 -29.22 -29.25 -29.28 -29.31 -29.31 -29.31 -29.34 -29.31 -29.31 -29.28 -29.28 -29.28 -29.34 -29.41 -29.56 -29.81 -30.00 -30.19 -30.41 -30.66 -30.94 -31.25 -31.53 -31.78 -32.06 -32.31 -32.56 -32.84 -33.16 -33.47 -33.78 -34.12 -34.44
-23.91 -24.31 -24.69 -24.94 -25.12 -25.19 -25.28 -25.44 -25.53 -25.72 -25.91 -26.06 -26.06 -26.16 -26.31 -26.34 -26.50 -26.66 -26.75 -26.97 -27.16 -27.28 -27.34 -27.41 -27.53 -27.72 -27.91 -28.03 -28.06 -28.09 -28.12 -28.25 -28.47 -28.62 -28.78 -28.94 -29.06 -29.16 -29.25 -29.31 -29.38 -29.41 -29.44 -29.44 -29.41 -29.38 -29.41 -29.41 -29.38 -29.41 -29.53 -29.56 -29.69 -29.91 -30.16 -30.38 -30.56 -30.78 -31.00 -31.28 -31.59 -31.84 -32.12 -32.41 -32.69 -32.97 -33.25 -33.53 -33.88 -34.19 -34.50
-23.88 -24.22 -24.41 -24.72 -24.94 -25.12 -25.28 -25.38 -25.50 -25.69 -25.81 -25.94 -25.88 -26.03 -26.19 -26.25 -26.31 -26.47 -26.59 -26.78 -26.94 -27.06 -27.19 -27.31 -27.50 -27.66 -27.81 -27.84 -27.84 -27.97 -27.97 -28.03 -28.34 -28.53 -28.66 -28.84 -29.00 -29.16 -29.28 -29.34 -29.41 -29.47 -29.50 -29.53 -29.56 -29.53 -29.53 -29.53 -29.53 -29.53 -29.56 -29.69 -29.84 -30.06 -30.28 -30.50 -30.69 -30.91 -31.12 -31.34 -31.59 -31.84 -32.12 -32.41 -32.69 -33.00 -33.28 -33.59 -33.91 -34.22 -34.53
-23.88 -24.09 -24.19 -24.41 -24.59 -24.84 -25.06 -25.22 -25.44 -25.56 -25.75 -25.91 -26.00 -26.06 -26.12 -26.12 -26.16 -26.41 -26.50 -26.56 -26.62 -26.81 -27.00 -27.19 -27.38 -27.59 -27.72 -27.78 -27.78 -27.84 -27.94 -28.06 -28.19 -28.41 -28.47 -28.69 -28.91 -29.09 -29.25 -29.38 -29.47 -29.53 -29.59 -29.69 -29.72 -29.69 -29.62 -29.66 -29.66 -29.62 -29.62 -29.75 -29.94 -30.16 -30.38 -30.59 -30.78 -30.97 -31.16 -31.34 -31.53 -31.75 -32.06 -32.34 -32.62 -32.94 -33.25 -33.56 -33.88 -34.22 -34.53
-23.91 -24.16 -24.25 -24.38 -24.53 -24.72 -24.88 -25.16 -25.47 -25.62 -25.78 -25.94 -26.09 -26.16 -26.12 -26.00 -26.03 -26.16 -26.31 -26.31 -26.50 -26.69 -26.91 -27.12 -27.38 -27.53 -27.66 -27.75 -27.84 -27.88 -28.00 -28.09 -28.16 -28.28 -28.34 -28.53 -28.81 -29.06 -29.28 -29.41 -29.50 -29.62 -29.75 -29.81 -29.84 -29.84 -29.81 -29.78 -29.75 -29.72 -29.72 -29.81 -29.97 -30.19 -30.44 -30.62 -30.81 -30.97 -31.16 -31.28 -31.41 -31.62 -31.97 -32.25 -32.53 -32.84 -33.16 -33.47 -33.81 -34.16 -34.50
-23.94 -24.16 -24.31 -24.31 -24.44 -24.72 -24.94 -25.19 -25.44 -25.66 -25.78 -25.94 -26.09 -26.19 -26.22 -26.16 -26.06 -25.97 -25.97 -26.19 -26.47 -26.66 -26.88 -27.22 -27.44 -27.50 -27.59 -27.75 -27.84 -27.94 -28.06 -28.16 -28.38 -28.47 -28.47 -28.62 -28.88 -29.09 -29.34 -29.50 -29.62 -29.72 -29.81 -29.91 -29.94 -29.94 -29.94 -29.91 -29.84 -29.78 -29.75 -29.81 -30.00 -30.25 -30.47 -30.69 -30.84 -30.97 -31.12 -31.25 -31.38 -31.56 -31.88 -32.12 -32.38 -32.66 -33.00 -33.38 -33.72 -34.09 -34.41
-23.97 -24.12 -24.28 -24.44 -24.53 -24.81 -25.03 -25.16 -25.34 -25.53 -25.84 -26.03 -26.16 -26.25 -26.25 -26.22 -26.22 -26.00 -25.97 -26.25 -26.47 -26.72 -27.03 -27.25 -27.41 -27.53 -27.69 -27.84 -27.94 -28.00 -28.12 -28.22 -28.41 -28.56 -28.66 -28.78 -28.97 -29.19 -29.44 -29.62 -29.75 -29.84 -29.91 -30.00 -30.03 -30.03 -30.03 -30.00 -29.94 -29.84 -29.75 -29.78 -30.03 -30.31 -30.53 -30.72 -30.88 -31.00 -31.12 -31.22 -31.34 -31.56 -31.84 -32.16 -32.47 -32.72 -33.00 -33.28 -33.62 -34.00 -34.31
-23.94 -24.19 -24.31 -24.44 -24.56 -24.88 -25.16 -25.25 -25.34 -25.59 -25.78 -25.81 -26.03 -26.25 -26.34 -26.34 -26.44 -26.47 -26.28 -26.31 -26.56 -26.78 -27.03 -27.16 -27.31 -27.53 -27.69 -27.91 -28.06 -28.12 -28.19 -28.31 -28.47 -28.56 -28.69 -28.78 -29.03 -29.25 -29.53 -29.69 -29.81 -29.91 -29.97 -30.06 -30.12 -30.16 -30.12 -30.06 -29.97 -29.91 -29.81 -29.78 -30.03 -30.38 -30.59 -30.78 -30.94 -31.03 -31.12 -31.28 -31.44 -31.72 -32.03 -32.28 -32.53 -32.81 -33.09 -33.38 -33.66 -33.97 -34.25
-23.84 -24.16 -24.44 -24.59 -24.66 -24.78 -24.94 -25.19 -25.31 -25.59 -25.81 -25.84 -26.16 -26.44 -26.59 -26.62 -26.69 -26.66 -26.50 -26.41 -26.59 -26.81 -27.00 -27.16 -27.38 -27.62 -27.84 -28.03 -28.19 -28.25 -28.38 -28.44 -28.50 -28.59 -28.72 -28.91 -29.09 -29.31 -29.56 -29.78 -29.88 -29.97 -30.03 -30.09 -30.19 -30.22 -30.22 -30.19 -30.09 -29.97 -29.88 -29.91 -30.12 -30.41 -30.66 -30.84 -31.00 -31.09 -31.22 -31.38 -31.53 -31.84 -32.12 -32.38 -32.62 -32.91 -33.16 -33.41 -33.69 -33.94 -34.19
-24.00 -24.16 -24.38 -24.69 -24.91 -24.97 -25.06 -25.34 -25.56 -25.78 -26.00 -26.09 -26.19 -26.41 -26.62 -26.78 -26.91 -26.88 -26.69 -26.59 -26.81 -27.03 -27.19 -27.28 -27.47 -27.69 -27.94 -28.19 -28.31 -28.44 -28.53 -28.66 -28.62 -28.72 -28.78 -28.94 -29.25 -29.44 -29.66 -29.81 -29.91 -29.97 -30.00 -30.12 -30.25 -30.31 -30.31 -30.31 -30.28 -30.19 -30.09 -30.06 -30.22 -30.44 -30.72 -30.94 -31.09 -31.22 -31.38 -31.50 -31.66 -31.94 -32.19 -32.47 -32.72 -32.97 -33.22 -33.47 -33.72 -33.94 -34.16
-24.09 -24.38 -24.69 -24.88 -25.06 -25.19 -25.25 -25.47 -25.72 -25.94 -26.03 -26.19 -26.34 -26.53 -26.69 -26.88 -27.03 -27.06 -27.03 -26.94 -27.03 -27.28 -27.44 -27.50 -27.59 -27.72 -27.91 -28.16 -28.47 -28.62 -28.72 -28.78 -28.91 -29.03 -29.12 -29.25 -29.38 -29.56 -29.78 -29.88 -29.97 -30.00 -30.06 -30.19 -30.31 -30.38 -30.44 -30.44 -30.47 -30.47 -30.47 -30.44 -30.53 -30.69 -30.91 -31.06 -31.19 -31.28 -31.44 -31.62 -31.84 -32.06 -32.31 -32.53 -32.78 -33.03 -33.28 -33.50 -33.72 -33.94 -34.12
-24.28 -24.53 -24.91 -25.03 -25.12 -25.19 -25.41 -25.56 -25.66 -25.84 -25.97 -26.12 -26.31 -26.56 -26.75 -27.00 -27.22 -27.31 -27.28 -27.31 -27.34 -27.50 -27.72 -27.81 -27.97 -28.12 -28.19 -28.31 -28.56 -28.72 -28.81 -29.00 -29.19 -29.28 -29.31 -29.44 -29.59 -29.78 -29.91 -30.00 -30.06 -30.12 -30.19 -30.28 -30.41 -30.47 -30.53 -30.56 -30.59 -30.62 -30.66 -30.69 -30.78 -30.88 -31.03 -31.16 -31.25 -31.34 -31.50 -31.72 -31.97 -32.16 -32.38 -32.59 -32.84 -33.06 -33.28 -33.50 -33.69 -33.88 -34.06
-24.47 -24.62 -24.97 -25.16 -25.19 -25.22 -25.47 -25.53 -25.62 -25.84 -26.03 -26.28 -26.41 -26.69 -26.84 -27.06 -27.38 -27.50 -27.59 -27.66 -27.69 -27.81 -27.94 -28.09 -28.22 -28.28 -28.31 -28.41 -28.59 -28.84 -29.00 -29.16 -29.25 -29.41 -29.53 -29.66 -29.78 -29.91 -30.00 -30.06 -30.12 -30.19 -30.28 -30.38 -30.50 -30.59 -30.66 -30.72 -30.75 -30.78 -30.84 -30.88 -31.00 -31.09 -31.22 -31.28 -31.41 -31.53 -31.62 -31.78 -32.03 -32.25 -32.47 -32.66 -32.88 -33.06 -33.28 -33.47 -33.69 -33.88 -34.03
-24.56 -24.78 -25.00 -25.19 -25.31 -25.47 -25.66 -25.69 -25.78 -25.94 -26.22 -26.41 -26.62 -27.00 -27.12 -27.38 -27.53 -27.66 -27.78 -27.91 -28.00 -28.12 -28.25 -28.34 -28.41 -28.47 -28.53 -28.56 -28.72 -28.94 -29.12 -29.25 -29.38 -29.53 -29.66 -29.78 -29.88 -29.97 -30.06 -30.12 -30.19 -30.25 -30.38 -30.47 -30.59 -30.69 -30.78 -30.81 -30.88 -30.94 -31.00 -31.09 -31.19 -31.31 -31.41 -31.53 -31.62 -31.75 -31.84 -31.97 -32.19 -32.38 -32.53 -32.72 -32.91 -33.06 -33.28 -33.47 -33.69 -33.88 -34.06
-24.69 -25.03 -25.25 -25.34 -25.53 -25.66 -25.84 -25.97 -26.03 -26.22 -26.41 -26.66 -26.91 -27.22 -27.53 -27.66 -27.81 -27.91 -28.00 -28.00 -28.12 -28.28 -28.41 -28.53 -28.62 -28.66 -28.69 -28.78 -28.94 -29.09 -29.25 -29.41 -29.53 -29.66 -29.78 -29.88 -29.97 -30.00 -30.06 -30.16 -30.28 -30.34 -30.47 -30.56 -30.69 -30.78 -30.84 -30.91 -30.97 -31.03 -31.12 -31.22 -31.31 -31.44 -31.56 -31.69 -31.81 -31.94 -32.03 -32.16 -32.31 -32.47 -32.62 -32.78 -32.94 -33.12 -33.31 -33.53 -33.72 -33.94 -34.12
-25.09 -25.22 -25.41 -25.53 -25.59 -25.81 -26.06 -26.22 -26.38 -26.53 -26.69 -26.94 -27.22 -27.38 -27.56 -27.69 -27.91 -28.03 -28.16 -28.19 -28.22 -28.31 -28.47 -28.59 -28.72 -28.78 -28.88 -28.97 -29.06 -29.16 -29.25 -29.41 -29.56 -29.72 -29.84 -29.94 -30.03 -30.09 -30.16 -30.25 -30.38 -30.44 -30.53 -30.66 -30.78 -30.88 -30.94 -31.00 -31.06 -31.12 -31.22 -31.31 -31.41 -31.56 -31.69 -31.81 -31.97 -32.06 -32.19 -32.31 -32.44 -32.59 -32.75 -32.91 -33.06 -33.22 -33.41 -33.59 -33.81 -34.03 -34.22
-25.38 -25.44 -25.53 -25.75 -25.88 -26.03 -26.09 -26.31 -26.47 -26.56 -26.78 -27.00 -27.19 -27.34 -27.44 -27.59 -27.78 -28.00 -28.12 -28.19 -28.31 -28.44 -28.50 -28.59 -28.72 -28.84 -28.97 -29.09 -29.19 -29.25 -29.31 -29.47 -29.62 -29.75 -29.91 -30.00 -30.09 -30.19 -30.28 -30.38 -30.44 -30.53 -30.62 -30.75 -30.84 -30.94 -31.00 -31.09 -31.16 -31.22 -31.28 -31.38 -31.47 -31.62 -31.78 -31.94 -32.06 -32.22 -32.31 -32.44 -32.56 -32.72 -32.88 -33.03 -33.19 -33.34 -33.53 -33.72 -33.94 -34.12 -34.34
-25.28 -25.38 -25.59 -25.84 -25.97 -26.06 -26.12 -26.28 -26.41 -26.59 -26.78 -26.94 -27.09 -27.28 -27.44 -27.59 -27.75 -27.94 -28.03 -28.12 -28.22 -28.38 -28.53 -28.69 -28.81 -28.91 -29.00 -29.09 -29.25 -29.38 -29.47 -29.59 -29.69 -29.81 -29.94 -30.03 -30.12 -30.25 -30.34 -30.44 -30.53 -30.59 -30.69 -30.78 -30.88 -30.97 -31.06 -31.16 -31.22 -31.28 -31.34 -31.44 -31.53 -31.69 -31.84 -32.00 -32.16 -32.28 -32.44 -32.56 -32.69 -32.81 -32.97 -33.16 -33.31 -33.47 -33.66 -33.84 -34.06 -34.25 -34.44
-25.03 -25.34 -25.62 -25.75 -25.88 -25.97 -26.19 -26.38 -26.53 -26.75 -26.88 -27.00 -27.09 -27.22 -27.31 -27.53 -27.72 -27.88 -28.00 -28.09 -28.16 -28.34 -28.50 -28.66 -28.84 -28.94 -29.00 -29.09 -29.25 -29.41 -29.53 -29.66 -29.78 -29.91 -30.00 -30.06 -30.16 -30.25 -30.38 -30.47 -30.56 -30.66 -30.72 -30.81 -30.91 -31.00 -31.09 -31.19 -31.25 -31.31 -31.41 -31.50 -31.59 -31.72 -31.88 -32.03 -32.19 -32.34 -32.50 -32.62 -32.78 -32.94 -33.09 -33.25 -33.44 -33.59 -33.78 -33.97 -34.19 -34.38 -34.56
