everonasctiles/Tile43,24.asc
ncols 128
nrows 128
xllcorner 0
yllcorner 0
cellsize 2.0
NODATA_value  -9999
[rows 93 to 123 of 128, columns 0 to 70 of 128]
-81.00 -81.50 -82.50 -83.66 -84.78 -85.75 -86.44 -87.06 -87.59 -88.00 -88.31 -88.66 -88.97 -89.22 -89.38 -89.50 -89.62 -89.78 -89.91 -89.97 -90.09 -90.50 -91.06 -91.69 -92.41 -93.31 -94.41 -95.41 -96.19 -96.72 -96.97 -96.94 -96.62 -96.94 -97.91 -99.16 -100.38 -101.16 -101.78 -102.38 -102.94 -103.44 -103.81 -104.09 -104.34 -104.56 -104.81 -105.00 -105.16 -105.28 -105.34 -105.34 -105.34 -105.38 -105.34 -105.25 -105.12 -104.94 -104.72 -104.41 -104.09 -103.72 -103.31 -102.94 -102.53 -102.06 -101.53 -101.00 -100.50 -100.00 -99.53
-81.84 -81.88 -82.78 -84.06 -85.34 -86.28 -86.88 -87.44 -88.00 -88.47 -88.84 -89.22 -89.53 -89.81 -90.00 -90.09 -90.19 -90.28 -90.34 -90.41 -90.56 -91.06 -91.72 -92.31 -92.91 -93.69 -94.69 -95.75 -96.56 -97.19 -97.56 -97.72 -97.56 -97.53 -98.09 -99.03 -100.16 -101.16 -101.84 -102.44 -102.94 -103.41 -103.81 -104.12 -104.38 -104.59 -104.81 -105.00 -105.16 -105.28 -105.31 -105.34 -105.34 -105.34 -105.31 -105.22 -105.06 -104.84 -104.59 -104.25 -103.88 -103.44 -102.97 -102.50 -102.06 -101.62 -101.12 -100.53 -99.97 -99.44 -98.97
-82.69 -82.50 -82.94 -84.12 -85.56 -86.59 -87.19 -87.81 -88.38 -88.91 -89.34 -89.72 -90.06 -90.38 -90.56 -90.69 -90.75 -90.81 -90.78 -90.81 -91.09 -91.69 -92.47 -93.19 -93.72 -94.25 -95.12 -96.22 -97.03 -97.66 -98.09 -98.38 -98.50 -98.44 -98.66 -99.22 -100.06 -100.97 -101.81 -102.41 -102.88 -103.31 -103.69 -104.00 -104.31 -104.53 -104.78 -104.97 -105.12 -105.22 -105.28 -105.31 -105.31 -105.31 -105.25 -105.12 -104.94 -104.72 -104.44 -104.06 -103.66 -103.19 -102.66 -102.00 -101.44 -100.94 -100.44 -99.84 -99.31 -98.81 -98.38
-83.47 -83.34 -83.22 -83.97 -85.28 -86.62 -87.41 -88.06 -88.69 -89.28 -89.78 -90.22 -90.56 -90.88 -91.09 -91.25 -91.31 -91.31 -91.19 -91.19 -91.66 -92.34 -93.19 -93.97 -94.59 -95.03 -95.59 -96.56 -97.47 -98.12 -98.59 -98.94 -99.22 -99.44 -99.59 -99.91 -100.44 -101.12 -101.81 -102.38 -102.84 -103.22 -103.56 -103.91 -104.22 -104.47 -104.69 -104.88 -105.03 -105.12 -105.19 -105.25 -105.28 -105.25 -105.16 -105.03 -104.81 -104.56 -104.25 -103.88 -103.44 -102.94 -102.38 -101.72 -101.03 -100.09 -99.28 -98.56 -98.00 -97.69 -97.53
-84.09 -84.22 -83.94 -84.03 -84.97 -86.25 -87.44 -88.22 -88.88 -89.50 -90.09 -90.59 -91.03 -91.34 -91.59 -91.75 -91.84 -91.81 -91.62 -91.50 -92.19 -93.06 -93.81 -94.53 -95.19 -95.81 -96.31 -96.91 -97.81 -98.59 -99.09 -99.47 -99.78 -100.12 -100.47 -100.81 -101.19 -101.66 -102.16 -102.59 -102.97 -103.28 -103.59 -103.88 -104.16 -104.38 -104.59 -104.75 -104.91 -105.00 -105.09 -105.16 -105.19 -105.16 -105.03 -104.88 -104.66 -104.41 -104.06 -103.66 -103.19 -102.69 -102.09 -101.41 -100.72 -99.78 -98.53 -97.44 -96.59 -96.12 -95.94
-84.66 -84.97 -84.88 -84.50 -84.88 -85.91 -87.12 -88.19 -88.91 -89.56 -90.22 -90.81 -91.34 -91.78 -92.06 -92.28 -92.38 -92.31 -92.03 -91.78 -92.50 -93.62 -94.41 -95.09 -95.81 -96.47 -97.06 -97.53 -98.19 -99.00 -99.56 -99.94 -100.25 -100.59 -100.97 -101.34 -101.72 -102.09 -102.44 -102.78 -103.09 -103.38 -103.66 -103.91 -104.12 -104.34 -104.50 -104.66 -104.75 -104.88 -104.97 -105.03 -105.06 -105.03 -104.91 -104.72 -104.47 -104.19 -103.81 -103.41 -102.94 -102.38 -101.75 -101.06 -100.31 -99.59 -98.19 -96.69 -95.44 -94.66 -94.28
-85.16 -85.62 -85.75 -85.41 -85.06 -85.66 -86.72 -87.91 -88.78 -89.44 -90.16 -90.84 -91.50 -92.06 -92.47 -92.75 -92.91 -92.88 -92.56 -92.12 -92.66 -93.88 -94.94 -95.66 -96.41 -97.12 -97.75 -98.28 -98.78 -99.44 -100.06 -100.44 -100.66 -100.97 -101.38 -101.75 -102.09 -102.41 -102.69 -102.97 -103.25 -103.50 -103.72 -103.94 -104.12 -104.31 -104.44 -104.53 -104.62 -104.72 -104.81 -104.91 -104.91 -104.84 -104.72 -104.50 -104.22 -103.91 -103.53 -103.09 -102.59 -102.00 -101.34 -100.62 -99.91 -99.22 -97.84 -96.16 -94.62 -93.47 -92.81
-85.62 -86.19 -86.47 -86.31 -85.69 -85.59 -86.28 -87.25 -88.12 -88.94 -89.81 -90.66 -91.53 -92.22 -92.78 -93.19 -93.41 -93.44 -93.19 -92.62 -92.81 -93.84 -95.16 -96.09 -96.88 -97.69 -98.41 -98.97 -99.47 -99.97 -100.53 -100.94 -101.16 -101.34 -101.69 -102.06 -102.41 -102.69 -102.94 -103.19 -103.41 -103.62 -103.81 -104.00 -104.16 -104.28 -104.38 -104.44 -104.50 -104.56 -104.66 -104.69 -104.69 -104.62 -104.47 -104.22 -103.94 -103.56 -103.19 -102.72 -102.22 -101.62 -100.94 -100.16 -99.38 -98.53 -97.16 -95.53 -93.94 -92.62 -91.69
-86.12 -86.75 -87.12 -87.16 -86.66 -86.06 -86.06 -86.59 -87.31 -88.09 -89.06 -90.19 -91.41 -92.31 -93.00 -93.53 -93.88 -94.00 -93.84 -93.38 -93.19 -93.84 -95.00 -96.25 -97.22 -98.06 -98.84 -99.50 -100.06 -100.53 -101.00 -101.41 -101.69 -101.84 -102.09 -102.41 -102.69 -102.97 -103.19 -103.41 -103.56 -103.75 -103.91 -104.06 -104.19 -104.28 -104.31 -104.34 -104.38 -104.41 -104.44 -104.47 -104.41 -104.31 -104.16 -103.88 -103.59 -103.25 -102.81 -102.22 -101.56 -100.75 -99.84 -98.91 -97.94 -96.94 -95.84 -94.53 -93.16 -91.94 -91.00
-86.62 -87.28 -87.75 -87.94 -87.66 -86.97 -86.50 -86.44 -86.97 -87.75 -88.72 -89.88 -91.12 -92.31 -93.16 -93.78 -94.25 -94.50 -94.50 -94.22 -93.81 -94.16 -95.06 -96.19 -97.41 -98.34 -99.12 -99.84 -100.47 -100.97 -101.44 -101.84 -102.16 -102.38 -102.56 -102.78 -103.00 -103.22 -103.44 -103.59 -103.75 -103.88 -104.00 -104.12 -104.22 -104.28 -104.31 -104.28 -104.28 -104.25 -104.22 -104.19 -104.09 -103.97 -103.78 -103.53 -103.25 -102.84 -102.09 -101.09 -100.12 -99.16 -98.25 -97.31 -96.34 -95.38 -94.38 -93.34 -92.34 -91.50 -90.97
-87.03 -87.78 -88.34 -88.62 -88.59 -88.09 -87.38 -86.94 -87.19 -87.94 -88.84 -89.84 -91.00 -92.22 -93.28 -94.03 -94.56 -94.94 -95.06 -94.94 -94.56 -94.69 -95.44 -96.44 -97.53 -98.59 -99.41 -100.09 -100.75 -101.28 -101.78 -102.19 -102.56 -102.81 -103.00 -103.16 -103.34 -103.50 -103.66 -103.78 -103.91 -104.00 -104.12 -104.19 -104.28 -104.31 -104.28 -104.25 -104.19 -104.09 -104.03 -103.91 -103.78 -103.62 -103.41 -103.16 -102.78 -102.00 -100.91 -99.78 -98.72 -97.72 -96.84 -95.97 -95.12 -94.31 -93.50 -92.75 -92.12 -91.81 -91.84
-87.41 -88.19 -88.88 -89.28 -89.44 -89.16 -88.38 -87.66 -87.66 -88.38 -89.28 -90.16 -91.09 -92.16 -93.31 -94.19 -94.84 -95.31 -95.56 -95.62 -95.41 -95.34 -95.94 -96.81 -97.78 -98.81 -99.59 -100.28 -100.91 -101.50 -102.00 -102.44 -102.81 -103.12 -103.34 -103.50 -103.62 -103.75 -103.84 -103.97 -104.06 -104.16 -104.22 -104.28 -104.31 -104.31 -104.28 -104.19 -104.09 -103.97 -103.81 -103.66 -103.47 -103.25 -103.03 -102.66 -101.91 -100.91 -99.78 -98.69 -97.69 -96.81 -96.09 -95.47 -94.91 -94.38 -93.84 -93.34 -92.97 -92.84 -93.09
-87.72 -88.53 -89.31 -89.91 -90.16 -90.06 -89.47 -88.50 -88.19 -88.81 -89.84 -90.72 -91.47 -92.31 -93.31 -94.38 -95.09 -95.66 -96.00 -96.19 -96.16 -96.06 -96.47 -97.28 -98.06 -98.88 -99.69 -100.34 -100.97 -101.56 -102.09 -102.56 -102.94 -103.28 -103.53 -103.72 -103.84 -103.94 -104.03 -104.12 -104.19 -104.25 -104.31 -104.34 -104.38 -104.34 -104.25 -104.16 -104.03 -103.88 -103.69 -103.44 -103.16 -102.84 -102.44 -101.75 -100.91 -99.94 -98.94 -98.03 -97.31 -96.81 -96.44 -96.12 -95.81 -95.47 -95.06 -94.59 -94.19 -94.09 -94.06
-87.75 -88.69 -89.62 -90.41 -90.88 -90.94 -90.47 -89.41 -88.81 -89.31 -90.38 -91.47 -92.19 -92.81 -93.62 -94.62 -95.34 -95.94 -96.41 -96.66 -96.81 -96.84 -97.06 -97.78 -98.50 -99.06 -99.66 -100.28 -100.94 -101.50 -102.06 -102.53 -102.94 -103.28 -103.59 -103.81 -103.97 -104.09 -104.19 -104.25 -104.31 -104.34 -104.38 -104.41 -104.38 -104.31 -104.25 -104.12 -103.97 -103.78 -103.56 -103.28 -102.94 -102.56 -102.03 -101.22 -100.34 -99.44 -98.66 -98.06 -97.72 -97.56 -97.38 -97.19 -96.97 -96.72 -96.34 -95.88 -95.41 -95.06 -94.81
-87.16 -88.25 -89.50 -90.69 -91.41 -91.72 -91.47 -90.44 -89.62 -89.88 -90.94 -92.19 -93.12 -93.66 -94.25 -94.97 -95.66 -96.25 -96.72 -97.09 -97.34 -97.50 -97.75 -98.34 -99.06 -99.56 -99.94 -100.31 -100.81 -101.38 -101.91 -102.41 -102.88 -103.28 -103.59 -103.84 -104.06 -104.19 -104.28 -104.34 -104.41 -104.44 -104.44 -104.44 -104.41 -104.31 -104.22 -104.09 -103.91 -103.72 -103.47 -103.16 -102.81 -102.41 -101.94 -101.22 -100.31 -99.53 -98.94 -98.62 -98.53 -98.41 -98.25 -98.03 -97.75 -97.47 -97.09 -96.62 -96.12 -95.78 -95.41
-87.19 -87.84 -88.97 -90.53 -91.78 -92.38 -92.38 -91.59 -90.56 -90.56 -91.47 -92.69 -93.69 -94.16 -94.75 -95.34 -95.94 -96.53 -97.03 -97.47 -97.81 -98.06 -98.34 -98.84 -99.50 -100.00 -100.41 -100.78 -101.16 -101.56 -102.00 -102.47 -102.94 -103.31 -103.66 -103.91 -104.09 -104.25 -104.38 -104.44 -104.47 -104.50 -104.50 -104.47 -104.41 -104.28 -104.16 -104.03 -103.84 -103.62 -103.34 -103.03 -102.69 -102.25 -101.84 -101.31 -100.59 -99.91 -99.50 -99.28 -99.09 -98.91 -98.69 -98.47 -98.19 -97.91 -97.53 -97.12 -96.72 -96.31 -95.81
-88.47 -88.75 -89.50 -90.69 -92.06 -92.84 -93.09 -92.66 -91.66 -91.38 -91.97 -93.06 -94.09 -94.59 -95.12 -95.69 -96.25 -96.78 -97.31 -97.78 -98.19 -98.53 -98.88 -99.28 -99.81 -100.34 -100.78 -101.19 -101.59 -102.00 -102.38 -102.78 -103.12 -103.47 -103.75 -103.97 -104.16 -104.31 -104.41 -104.50 -104.53 -104.56 -104.53 -104.47 -104.38 -104.25 -104.12 -103.94 -103.75 -103.50 -103.22 -102.91 -102.53 -102.12 -101.72 -101.25 -100.72 -100.25 -99.94 -99.69 -99.47 -99.28 -99.06 -98.84 -98.56 -98.28 -97.91 -97.53 -97.12 -96.62 -96.00
-89.41 -90.16 -90.94 -91.72 -92.53 -93.28 -93.72 -93.62 -92.91 -92.38 -92.66 -93.44 -94.44 -95.00 -95.53 -96.03 -96.53 -97.03 -97.53 -98.03 -98.47 -98.88 -99.25 -99.69 -100.12 -100.62 -101.09 -101.53 -101.94 -102.31 -102.66 -103.00 -103.31 -103.59 -103.84 -104.06 -104.22 -104.38 -104.47 -104.53 -104.56 -104.56 -104.53 -104.47 -104.34 -104.19 -104.03 -103.84 -103.62 -103.38 -103.09 -102.75 -102.41 -102.00 -101.62 -101.19 -100.81 -100.47 -100.22 -99.97 -99.78 -99.62 -99.41 -99.19 -98.91 -98.56 -98.22 -97.81 -97.34 -96.78 -96.09
-89.69 -90.53 -91.38 -92.19 -92.94 -93.66 -94.22 -94.44 -94.16 -93.62 -93.56 -93.97 -94.72 -95.44 -95.91 -96.38 -96.81 -97.28 -97.72 -98.19 -98.66 -99.12 -99.56 -99.97 -100.41 -100.88 -101.34 -101.78 -102.19 -102.56 -102.88 -103.19 -103.50 -103.75 -103.97 -104.16 -104.28 -104.41 -104.50 -104.56 -104.56 -104.56 -104.50 -104.41 -104.28 -104.12 -103.94 -103.72 -103.50 -103.22 -102.94 -102.62 -102.28 -101.91 -101.56 -101.22 -100.91 -100.66 -100.44 -100.22 -100.06 -99.84 -99.62 -99.38 -99.09 -98.75 -98.38 -97.94 -97.41 -96.81 -96.16
-89.44 -90.31 -91.22 -92.12 -93.00 -93.84 -94.56 -95.03 -95.16 -94.91 -94.66 -94.75 -95.19 -95.84 -96.31 -96.69 -97.09 -97.50 -97.91 -98.34 -98.78 -99.28 -99.75 -100.19 -100.66 -101.09 -101.53 -101.97 -102.38 -102.75 -103.06 -103.34 -103.62 -103.84 -104.06 -104.22 -104.34 -104.44 -104.50 -104.53 -104.53 -104.50 -104.44 -104.34 -104.22 -104.03 -103.81 -103.59 -103.34 -103.09 -102.78 -102.47 -102.16 -101.84 -101.53 -101.28 -101.06 -100.84 -100.59 -100.38 -100.19 -99.97 -99.72 -99.44 -99.09 -98.75 -98.34 -97.88 -97.34 -96.78 -96.16
-88.47 -89.22 -90.09 -91.09 -92.34 -93.59 -94.66 -95.34 -95.72 -95.81 -95.75 -95.66 -95.81 -96.28 -96.72 -97.06 -97.41 -97.72 -98.06 -98.44 -98.88 -99.34 -99.84 -100.34 -100.78 -101.22 -101.66 -102.09 -102.50 -102.84 -103.19 -103.47 -103.72 -103.94 -104.09 -104.25 -104.38 -104.44 -104.50 -104.50 -104.47 -104.44 -104.38 -104.25 -104.12 -103.94 -103.72 -103.47 -103.22 -102.94 -102.66 -102.38 -102.06 -101.81 -101.59 -101.41 -101.19 -100.97 -100.72 -100.47 -100.22 -99.94 -99.66 -99.34 -99.00 -98.59 -98.19 -97.69 -97.16 -96.59 -96.00
-88.00 -88.59 -89.31 -90.28 -91.50 -92.94 -94.38 -95.44 -96.03 -96.34 -96.47 -96.47 -96.53 -96.75 -97.09 -97.41 -97.72 -97.97 -98.22 -98.53 -98.91 -99.38 -99.88 -100.38 -100.84 -101.31 -101.75 -102.19 -102.56 -102.94 -103.25 -103.53 -103.75 -103.97 -104.12 -104.25 -104.34 -104.41 -104.44 -104.41 -104.38 -104.34 -104.25 -104.16 -104.00 -103.81 -103.59 -103.34 -103.06 -102.81 -102.53 -102.25 -102.03 -101.84 -101.69 -101.53 -101.31 -101.06 -100.81 -100.53 -100.22 -99.91 -99.56 -99.19 -98.78 -98.38 -97.94 -97.44 -96.91 -96.31 -95.72
-88.78 -89.22 -89.66 -90.38 -91.47 -92.75 -94.12 -95.38 -96.19 -96.69 -96.94 -97.03 -97.09 -97.22 -97.47 -97.72 -98.00 -98.22 -98.41 -98.59 -98.84 -99.28 -99.78 -100.34 -100.84 -101.34 -101.81 -102.25 -102.62 -102.97 -103.28 -103.53 -103.78 -103.97 -104.12 -104.22 -104.28 -104.34 -104.34 -104.31 -104.28 -104.22 -104.12 -104.03 -103.88 -103.69 -103.47 -103.22 -102.97 -102.69 -102.44 -102.22 -102.06 -101.94 -101.81 -101.66 -101.44 -101.19 -100.91 -100.59 -100.25 -99.91 -99.47 -99.03 -98.56 -98.06 -97.59 -97.06 -96.47 -95.81 -95.12
-90.00 -90.50 -90.75 -91.09 -91.91 -93.06 -94.31 -95.50 -96.31 -96.88 -97.25 -97.47 -97.56 -97.66 -97.81 -98.03 -98.25 -98.47 -98.62 -98.75 -98.88 -99.12 -99.66 -100.25 -100.81 -101.31 -101.78 -102.22 -102.59 -102.94 -103.22 -103.47 -103.69 -103.91 -104.03 -104.12 -104.19 -104.22 -104.19 -104.19 -104.12 -104.06 -103.97 -103.88 -103.75 -103.56 -103.38 -103.12 -102.88 -102.62 -102.41 -102.25 -102.16 -102.03 -101.94 -101.75 -101.53 -101.28 -100.97 -100.66 -100.28 -99.88 -99.44 -98.94 -98.41 -97.81 -97.16 -96.50 -95.81 -95.03 -94.19
-90.81 -91.47 -91.97 -92.22 -92.56 -93.44 -94.59 -95.72 -96.53 -97.06 -97.50 -97.78 -97.94 -98.06 -98.19 -98.34 -98.53 -98.72 -98.84 -98.94 -99.00 -99.16 -99.66 -100.22 -100.72 -101.19 -101.66 -102.06 -102.44 -102.78 -103.06 -103.34 -103.59 -103.78 -103.94 -104.00 -104.03 -104.06 -104.03 -104.03 -103.97 -103.91 -103.84 -103.72 -103.59 -103.44 -103.25 -103.06 -102.84 -102.62 -102.47 -102.34 -102.25 -102.16 -102.03 -101.88 -101.62 -101.34 -101.03 -100.69 -100.31 -99.88 -99.41 -98.91 -98.38 -97.81 -97.06 -96.25 -95.41 -94.50 -93.59
-91.28 -92.06 -92.72 -93.22 -93.56 -93.94 -94.81 -95.91 -96.75 -97.28 -97.72 -98.03 -98.25 -98.41 -98.50 -98.62 -98.78 -98.94 -99.06 -99.12 -99.16 -99.28 -99.66 -100.12 -100.56 -101.00 -101.41 -101.84 -102.22 -102.56 -102.88 -103.16 -103.41 -103.62 -103.75 -103.81 -103.84 -103.84 -103.84 -103.84 -103.81 -103.75 -103.69 -103.56 -103.44 -103.31 -103.16 -102.97 -102.81 -102.66 -102.53 -102.44 -102.34 -102.25 -102.12 -101.94 -101.69 -101.41 -101.06 -100.69 -100.28 -99.84 -99.38 -98.84 -98.34 -97.81 -97.22 -96.38 -95.44 -94.50 -93.62
-91.66 -92.53 -93.34 -94.00 -94.47 -94.81 -95.25 -96.06 -96.91 -97.50 -97.94 -98.28 -98.53 -98.69 -98.78 -98.91 -99.03 -99.16 -99.25 -99.31 -99.34 -99.38 -99.56 -99.91 -100.28 -100.66 -101.09 -101.59 -102.00 -102.34 -102.66 -102.97 -103.22 -103.44 -103.56 -103.59 -103.62 -103.66 -103.66 -103.66 -103.66 -103.59 -103.53 -103.44 -103.31 -103.19 -103.06 -102.94 -102.78 -102.69 -102.59 -102.50 -102.44 -102.34 -102.19 -102.00 -101.75 -101.44 -101.09 -100.69 -100.25 -99.78 -99.28 -98.78 -98.25 -97.72 -97.22 -96.56 -95.78 -94.94 -94.16
-91.69 -92.72 -93.72 -94.56 -95.22 -95.69 -96.06 -96.53 -97.12 -97.75 -98.16 -98.50 -98.75 -98.94 -99.06 -99.16 -99.25 -99.38 -99.44 -99.50 -99.53 -99.53 -99.50 -99.56 -99.72 -100.06 -100.62 -101.31 -101.78 -102.12 -102.44 -102.75 -103.00 -103.19 -103.31 -103.34 -103.41 -103.44 -103.47 -103.50 -103.47 -103.44 -103.38 -103.28 -103.19 -103.09 -103.00 -102.88 -102.78 -102.72 -102.62 -102.56 -102.50 -102.41 -102.25 -102.03 -101.78 -101.47 -101.09 -100.69 -100.25 -99.72 -99.19 -98.69 -98.16 -97.62 -97.12 -96.59 -96.00 -95.41 -94.78
-91.12 -92.38 -93.66 -94.81 -95.66 -96.31 -96.75 -97.12 -97.53 -98.03 -98.41 -98.72 -98.94 -99.12 -99.25 -99.38 -99.47 -99.56 -99.62 -99.69 -99.69 -99.69 -99.69 -99.59 -99.56 -99.78 -100.28 -100.97 -101.53 -101.88 -102.19 -102.50 -102.75 -102.91 -103.00 -103.09 -103.16 -103.22 -103.28 -103.31 -103.31 -103.31 -103.25 -103.19 -103.09 -103.03 -102.94 -102.88 -102.78 -102.72 -102.69 -102.62 -102.56 -102.47 -102.28 -102.09 -101.81 -101.50 -101.12 -100.72 -100.22 -99.66 -99.06 -98.50 -98.00 -97.53 -97.09 -96.62 -96.16 -95.62 -95.09
-90.12 -91.38 -92.88 -94.53 -95.81 -96.66 -97.25 -97.66 -98.00 -98.34 -98.69 -98.94 -99.16 -99.31 -99.47 -99.56 -99.66 -99.75 -99.81 -99.84 -99.88 -99.88 -99.88 -99.88 -99.88 -99.91 -100.16 -100.69 -101.22 -101.62 -101.94 -102.22 -102.47 -102.62 -102.72 -102.81 -102.91 -103.03 -103.09 -103.16 -103.19 -103.19 -103.12 -103.06 -103.03 -102.97 -102.91 -102.84 -102.78 -102.75 -102.72 -102.66 -102.59 -102.47 -102.31 -102.09 -101.84 -101.53 -101.19 -100.78 -100.28 -99.75 -99.12 -98.56 -98.09 -97.66 -97.22 -96.78 -96.31 -95.81 -95.28
-90.22 -91.19 -92.47 -94.00 -95.62 -96.88 -97.59 -98.06 -98.38 -98.69 -98.97 -99.19 -99.38 -99.53 -99.62 -99.75 -99.84 -99.94 -100.00 -100.03 -100.03 -100.03 -100.06 -100.09 -100.16 -100.22 -100.28 -100.53 -100.97 -101.38 -101.69 -101.94 -102.16 -102.31 -102.44 -102.56 -102.72 -102.84 -102.97 -103.03 -103.09 -103.06 -103.03 -103.00 -102.94 -102.91 -102.88 -102.81 -102.78 -102.75 -102.72 -102.66 -102.59 -102.47 -102.28 -102.09 -101.81 -101.53 -101.19 -100.81 -100.38 -99.91 -99.41 -98.88 -98.38 -97.88 -97.41 -96.91 -96.41 -95.88 -95.34
