everonasctiles/Tile15,20.asc
ncols 128
nrows 128
xllcorner 0
yllcorner 0
cellsize 2.0
NODATA_value  -9999
[rows 64 to 95 of 128, columns 0 to 70 of 128]
127.31 127.28 127.22 127.19 127.12 127.09 127.06 127.03 127.03 127.06 127.09 127.16 127.19 127.25 127.28 127.31 127.28 127.28 127.25 127.22 127.19 127.16 127.09 127.06 127.00 126.94 126.88 126.78 126.69 126.59 126.50 126.41 126.31 126.22 126.12 126.06 125.97 125.88 125.78 125.69 125.56 125.47 125.34 125.22 125.09 124.97 124.81 124.69 124.56 124.44 124.31 124.19 124.06 123.97 123.84 123.72 123.62 123.50 123.41 123.31 123.22 123.12 123.03 122.97 122.84 122.72 122.53 122.31 122.06 121.72 121.41
127.25 127.22 127.19 127.16 127.09 127.06 127.06 127.03 127.03 127.06 127.12 127.19 127.25 127.31 127.38 127.41 127.41 127.44 127.41 127.41 127.38 127.34 127.31 127.25 127.22 127.16 127.09 127.00 126.94 126.84 126.72 126.62 126.50 126.41 126.31 126.22 126.12 126.03 125.94 125.84 125.75 125.62 125.53 125.41 125.28 125.12 125.00 124.84 124.69 124.56 124.41 124.28 124.16 124.03 123.94 123.81 123.69 123.59 123.50 123.38 123.28 123.19 123.09 123.00 122.91 122.78 122.59 122.34 122.03 121.69 121.41
127.19 127.16 127.12 127.09 127.06 127.03 127.03 127.00 127.00 127.06 127.12 127.19 127.28 127.38 127.44 127.50 127.53 127.56 127.56 127.56 127.53 127.50 127.47 127.44 127.41 127.34 127.28 127.22 127.12 127.03 126.94 126.84 126.72 126.62 126.50 126.41 126.31 126.22 126.12 126.03 125.94 125.84 125.72 125.62 125.50 125.34 125.19 125.03 124.88 124.69 124.53 124.38 124.25 124.12 124.00 123.88 123.78 123.66 123.56 123.44 123.34 123.25 123.16 123.06 122.94 122.81 122.59 122.34 122.03 121.69 121.41
127.12 127.09 127.06 127.06 127.03 127.00 127.00 126.97 127.00 127.03 127.12 127.22 127.34 127.44 127.50 127.59 127.62 127.66 127.69 127.69 127.69 127.69 127.66 127.62 127.59 127.53 127.50 127.44 127.34 127.25 127.16 127.06 126.94 126.84 126.72 126.62 126.53 126.44 126.38 126.28 126.19 126.09 125.97 125.84 125.72 125.56 125.41 125.25 125.06 124.88 124.69 124.50 124.34 124.19 124.06 123.97 123.84 123.72 123.62 123.50 123.41 123.31 123.22 123.09 122.97 122.84 122.62 122.34 122.03 121.69 121.38
127.06 127.03 127.00 127.00 126.97 126.97 126.97 126.94 126.97 127.03 127.12 127.25 127.38 127.47 127.59 127.66 127.72 127.78 127.81 127.84 127.84 127.84 127.84 127.81 127.78 127.75 127.69 127.66 127.56 127.50 127.41 127.31 127.19 127.09 127.00 126.88 126.81 126.72 126.66 126.56 126.47 126.34 126.25 126.09 125.97 125.81 125.66 125.47 125.28 125.09 124.88 124.66 124.47 124.31 124.16 124.00 123.91 123.78 123.66 123.56 123.44 123.34 123.25 123.12 123.00 122.81 122.59 122.31 122.00 121.69 121.38
126.97 126.97 126.94 126.94 126.94 126.91 126.91 126.91 126.97 127.03 127.16 127.28 127.41 127.53 127.66 127.75 127.81 127.88 127.94 127.97 128.00 128.00 128.00 128.00 127.97 127.97 127.91 127.88 127.81 127.75 127.66 127.56 127.47 127.38 127.25 127.19 127.09 127.03 126.94 126.84 126.72 126.62 126.50 126.34 126.22 126.03 125.88 125.69 125.47 125.28 125.06 124.84 124.62 124.41 124.25 124.09 123.94 123.81 123.72 123.59 123.47 123.38 123.25 123.12 122.97 122.78 122.56 122.28 121.97 121.66 121.38
126.91 126.91 126.91 126.88 126.88 126.88 126.88 126.88 126.94 127.03 127.16 127.31 127.44 127.59 127.72 127.81 127.91 128.00 128.06 128.12 128.16 128.19 128.19 128.19 128.19 128.19 128.16 128.09 128.06 128.00 127.91 127.81 127.72 127.62 127.53 127.47 127.41 127.31 127.22 127.12 127.00 126.88 126.75 126.59 126.44 126.28 126.09 125.88 125.69 125.47 125.25 125.00 124.75 124.53 124.31 124.16 124.00 123.88 123.75 123.62 123.50 123.38 123.25 123.12 122.94 122.75 122.50 122.22 121.91 121.62 121.38
126.84 126.84 126.84 126.84 126.81 126.84 126.84 126.88 126.94 127.06 127.19 127.34 127.50 127.62 127.78 127.91 128.00 128.12 128.19 128.25 128.31 128.34 128.38 128.41 128.41 128.41 128.38 128.34 128.31 128.25 128.16 128.09 128.00 127.91 127.84 127.75 127.69 127.59 127.50 127.38 127.25 127.12 126.97 126.81 126.66 126.50 126.28 126.09 125.88 125.62 125.41 125.16 124.91 124.66 124.44 124.22 124.06 123.91 123.78 123.66 123.53 123.38 123.25 123.09 122.91 122.66 122.41 122.16 121.88 121.62 121.38
126.78 126.78 126.78 126.78 126.78 126.78 126.81 126.84 126.94 127.06 127.22 127.38 127.53 127.69 127.84 128.00 128.12 128.22 128.31 128.41 128.47 128.53 128.56 128.59 128.62 128.62 128.59 128.59 128.53 128.50 128.44 128.34 128.28 128.19 128.12 128.03 127.97 127.88 127.75 127.62 127.50 127.34 127.19 127.03 126.84 126.66 126.47 126.25 126.03 125.78 125.56 125.28 125.03 124.78 124.53 124.28 124.09 123.94 123.78 123.66 123.53 123.38 123.22 123.06 122.84 122.59 122.34 122.09 121.81 121.56 121.38
126.72 126.72 126.72 126.75 126.75 126.75 126.78 126.84 126.94 127.09 127.25 127.41 127.59 127.75 127.91 128.06 128.22 128.34 128.47 128.56 128.66 128.72 128.75 128.81 128.81 128.84 128.81 128.81 128.78 128.72 128.66 128.59 128.53 128.44 128.38 128.31 128.22 128.12 128.00 127.88 127.72 127.56 127.38 127.19 127.00 126.78 126.59 126.41 126.16 125.94 125.69 125.41 125.16 124.88 124.62 124.38 124.16 123.97 123.78 123.66 123.50 123.38 123.19 123.00 122.78 122.50 122.22 121.97 121.72 121.50 121.34
126.69 126.69 126.69 126.69 126.72 126.72 126.78 126.84 126.97 127.12 127.28 127.47 127.66 127.81 128.00 128.19 128.34 128.47 128.59 128.72 128.81 128.88 128.97 129.00 129.03 129.03 129.03 129.03 129.00 128.94 128.91 128.84 128.75 128.69 128.62 128.53 128.44 128.34 128.22 128.06 127.91 127.72 127.50 127.31 127.09 126.88 126.69 126.50 126.28 126.03 125.78 125.53 125.25 124.97 124.69 124.41 124.19 123.97 123.78 123.62 123.50 123.34 123.16 122.94 122.69 122.38 122.12 121.88 121.62 121.44 121.28
126.66 126.66 126.66 126.69 126.69 126.72 126.78 126.88 127.00 127.16 127.31 127.50 127.72 127.91 128.09 128.28 128.44 128.59 128.75 128.88 128.97 129.06 129.12 129.19 129.22 129.25 129.25 129.22 129.19 129.16 129.09 129.03 128.97 128.91 128.84 128.75 128.66 128.53 128.41 128.25 128.06 127.84 127.62 127.41 127.19 126.97 126.75 126.56 126.34 126.09 125.84 125.59 125.31 125.03 124.75 124.47 124.22 124.00 123.78 123.62 123.47 123.28 123.09 122.84 122.56 122.25 122.00 121.75 121.53 121.34 121.22
126.62 126.62 126.66 126.66 126.69 126.72 126.78 126.91 127.03 127.19 127.38 127.56 127.78 127.97 128.19 128.38 128.56 128.72 128.88 129.03 129.12 129.22 129.31 129.38 129.41 129.44 129.44 129.44 129.41 129.34 129.31 129.25 129.19 129.09 129.03 128.94 128.84 128.72 128.56 128.38 128.16 127.94 127.72 127.50 127.25 127.03 126.81 126.59 126.38 126.16 125.91 125.62 125.34 125.06 124.78 124.50 124.22 124.00 123.78 123.59 123.41 123.22 123.00 122.75 122.44 122.16 121.88 121.62 121.47 121.34 121.19
126.62 126.62 126.62 126.66 126.69 126.72 126.81 126.94 127.09 127.25 127.44 127.66 127.84 128.06 128.28 128.47 128.66 128.84 129.00 129.16 129.28 129.38 129.47 129.53 129.56 129.59 129.59 129.59 129.56 129.53 129.47 129.41 129.34 129.28 129.22 129.12 129.00 128.88 128.72 128.50 128.28 128.03 127.81 127.56 127.34 127.09 126.88 126.62 126.41 126.16 125.94 125.66 125.38 125.06 124.78 124.50 124.22 123.97 123.75 123.53 123.34 123.16 122.94 122.62 122.34 122.06 121.78 121.56 121.44 121.28 121.16
126.62 126.62 126.62 126.66 126.69 126.75 126.88 127.00 127.16 127.31 127.50 127.72 127.94 128.16 128.38 128.59 128.78 128.97 129.12 129.28 129.41 129.53 129.62 129.69 129.72 129.75 129.75 129.75 129.72 129.69 129.66 129.59 129.53 129.47 129.38 129.28 129.16 129.03 128.84 128.62 128.38 128.12 127.91 127.66 127.41 127.16 126.91 126.66 126.41 126.16 125.91 125.66 125.38 125.06 124.75 124.47 124.19 123.94 123.69 123.50 123.28 123.06 122.84 122.53 122.22 121.97 121.72 121.53 121.41 121.28 121.12
126.62 126.62 126.66 126.69 126.72 126.81 126.91 127.06 127.22 127.41 127.59 127.81 128.03 128.25 128.47 128.69 128.88 129.06 129.25 129.41 129.53 129.66 129.75 129.81 129.84 129.88 129.91 129.91 129.88 129.84 129.81 129.75 129.69 129.62 129.53 129.47 129.34 129.19 129.00 128.78 128.53 128.25 128.00 127.72 127.44 127.19 126.91 126.66 126.41 126.16 125.91 125.62 125.34 125.03 124.72 124.44 124.16 123.88 123.62 123.44 123.22 123.00 122.72 122.41 122.12 121.88 121.66 121.50 121.41 121.28 121.12
126.66 126.66 126.69 126.72 126.78 126.88 127.00 127.12 127.28 127.47 127.69 127.91 128.12 128.34 128.56 128.78 128.97 129.16 129.34 129.50 129.62 129.75 129.84 129.91 129.97 130.00 130.03 130.03 130.00 130.00 129.94 129.91 129.84 129.78 129.69 129.62 129.50 129.34 129.16 128.91 128.66 128.38 128.09 127.81 127.53 127.22 126.94 126.66 126.38 126.12 125.88 125.59 125.28 124.97 124.66 124.38 124.09 123.81 123.56 123.34 123.12 122.88 122.59 122.31 122.03 121.78 121.62 121.47 121.38 121.28 121.16
126.69 126.69 126.72 126.75 126.84 126.94 127.06 127.22 127.38 127.56 127.78 128.00 128.22 128.44 128.66 128.88 129.06 129.25 129.44 129.59 129.72 129.84 129.94 130.00 130.06 130.12 130.16 130.16 130.16 130.12 130.09 130.03 129.97 129.91 129.84 129.75 129.66 129.50 129.31 129.06 128.78 128.50 128.19 127.91 127.56 127.25 126.94 126.62 126.34 126.09 125.81 125.53 125.22 124.91 124.59 124.28 124.00 123.72 123.47 123.25 123.00 122.78 122.47 122.19 121.94 121.72 121.56 121.47 121.41 121.31 121.22
126.72 126.72 126.78 126.81 126.91 127.03 127.16 127.31 127.50 127.69 127.88 128.09 128.31 128.53 128.75 128.94 129.16 129.34 129.50 129.66 129.78 129.91 130.00 130.09 130.16 130.22 130.25 130.25 130.28 130.25 130.22 130.19 130.12 130.03 129.97 129.88 129.75 129.59 129.41 129.19 128.91 128.59 128.28 127.97 127.62 127.25 126.94 126.59 126.31 126.03 125.75 125.44 125.12 124.81 124.47 124.19 123.88 123.59 123.34 123.09 122.88 122.62 122.34 122.09 121.88 121.69 121.53 121.44 121.41 121.34 121.25
126.75 126.78 126.81 126.91 127.00 127.12 127.28 127.44 127.59 127.78 128.00 128.19 128.41 128.62 128.81 129.03 129.22 129.41 129.56 129.72 129.84 129.97 130.06 130.16 130.25 130.31 130.34 130.38 130.38 130.38 130.34 130.31 130.25 130.16 130.06 129.97 129.81 129.66 129.47 129.25 128.97 128.66 128.34 128.00 127.62 127.28 126.91 126.56 126.25 125.94 125.66 125.31 125.00 124.69 124.38 124.06 123.75 123.47 123.19 122.97 122.75 122.50 122.25 122.03 121.81 121.66 121.53 121.44 121.41 121.34 121.28
126.78 126.81 126.88 127.00 127.12 127.25 127.41 127.56 127.72 127.91 128.09 128.28 128.50 128.69 128.91 129.09 129.28 129.44 129.62 129.75 129.91 130.03 130.12 130.22 130.31 130.38 130.44 130.47 130.50 130.50 130.47 130.44 130.34 130.28 130.16 130.03 129.88 129.72 129.50 129.28 129.00 128.69 128.38 128.00 127.62 127.25 126.88 126.53 126.19 125.84 125.53 125.19 124.88 124.53 124.22 123.91 123.59 123.31 123.03 122.81 122.62 122.38 122.16 121.97 121.75 121.62 121.50 121.47 121.41 121.34 121.28
126.81 126.88 126.97 127.09 127.22 127.38 127.50 127.66 127.84 128.00 128.19 128.38 128.59 128.78 128.97 129.16 129.31 129.50 129.66 129.81 129.94 130.06 130.19 130.28 130.38 130.47 130.53 130.56 130.59 130.62 130.59 130.53 130.47 130.34 130.22 130.06 129.91 129.69 129.47 129.25 128.97 128.69 128.34 127.97 127.59 127.22 126.84 126.44 126.09 125.72 125.38 125.03 124.72 124.38 124.06 123.75 123.47 123.16 122.94 122.72 122.50 122.28 122.09 121.88 121.72 121.59 121.50 121.44 121.41 121.31 121.25
126.84 126.94 127.06 127.19 127.34 127.47 127.62 127.78 127.94 128.12 128.31 128.47 128.66 128.84 129.03 129.19 129.38 129.53 129.69 129.81 129.97 130.09 130.22 130.31 130.44 130.53 130.59 130.66 130.69 130.72 130.69 130.62 130.53 130.41 130.28 130.09 129.88 129.66 129.41 129.16 128.88 128.59 128.25 127.91 127.53 127.12 126.75 126.34 125.94 125.56 125.19 124.88 124.53 124.22 123.91 123.59 123.31 123.03 122.81 122.59 122.38 122.19 122.00 121.84 121.69 121.56 121.50 121.44 121.38 121.28 121.22
126.88 127.00 127.12 127.28 127.44 127.59 127.72 127.88 128.06 128.22 128.38 128.56 128.72 128.91 129.06 129.22 129.38 129.53 129.69 129.84 129.97 130.09 130.22 130.34 130.47 130.56 130.66 130.72 130.78 130.78 130.78 130.72 130.59 130.44 130.25 130.06 129.81 129.56 129.31 129.03 128.75 128.44 128.09 127.75 127.38 126.97 126.59 126.19 125.78 125.38 125.03 124.69 124.38 124.03 123.72 123.44 123.16 122.91 122.72 122.50 122.28 122.12 121.94 121.78 121.66 121.56 121.47 121.41 121.31 121.25 121.12
126.91 127.06 127.22 127.38 127.53 127.69 127.81 127.97 128.12 128.31 128.47 128.62 128.78 128.94 129.09 129.25 129.41 129.56 129.69 129.84 129.97 130.12 130.25 130.38 130.50 130.59 130.69 130.78 130.84 130.84 130.81 130.75 130.62 130.44 130.19 129.94 129.69 129.41 129.12 128.84 128.56 128.25 127.91 127.56 127.19 126.78 126.41 126.00 125.59 125.22 124.88 124.50 124.19 123.84 123.56 123.28 123.03 122.81 122.59 122.41 122.22 122.03 121.88 121.72 121.59 121.50 121.41 121.34 121.25 121.16 121.03
126.94 127.09 127.28 127.47 127.62 127.75 127.91 128.06 128.22 128.38 128.53 128.66 128.81 128.97 129.09 129.25 129.41 129.53 129.69 129.81 129.97 130.09 130.25 130.38 130.50 130.59 130.72 130.78 130.84 130.88 130.84 130.75 130.59 130.38 130.09 129.81 129.50 129.22 128.94 128.66 128.34 128.03 127.69 127.34 127.00 126.59 126.22 125.81 125.44 125.03 124.69 124.31 124.00 123.69 123.41 123.16 122.91 122.69 122.50 122.31 122.16 121.97 121.81 121.66 121.53 121.44 121.34 121.28 121.16 121.06 120.94
126.97 127.16 127.34 127.53 127.69 127.81 127.97 128.12 128.25 128.41 128.56 128.69 128.84 128.97 129.09 129.25 129.38 129.50 129.66 129.78 129.94 130.06 130.22 130.34 130.47 130.59 130.69 130.78 130.81 130.81 130.78 130.69 130.50 130.22 129.94 129.66 129.34 129.06 128.75 128.47 128.16 127.84 127.50 127.12 126.78 126.41 126.03 125.62 125.25 124.84 124.50 124.16 123.81 123.53 123.28 123.03 122.84 122.62 122.44 122.25 122.06 121.91 121.75 121.62 121.50 121.34 121.28 121.16 121.06 120.94 120.81
127.00 127.19 127.41 127.59 127.72 127.88 128.00 128.16 128.28 128.44 128.56 128.69 128.81 128.94 129.06 129.22 129.34 129.47 129.59 129.75 129.88 130.03 130.16 130.28 130.41 130.53 130.62 130.69 130.72 130.72 130.66 130.50 130.28 130.03 129.78 129.47 129.19 128.88 128.56 128.28 127.97 127.62 127.28 126.94 126.56 126.19 125.81 125.44 125.06 124.69 124.31 123.97 123.69 123.41 123.19 122.97 122.78 122.56 122.41 122.19 122.00 121.84 121.69 121.56 121.44 121.28 121.16 121.06 120.94 120.81 120.66
127.03 127.25 127.44 127.59 127.75 127.88 128.00 128.12 128.28 128.41 128.53 128.66 128.78 128.91 129.03 129.16 129.28 129.41 129.53 129.69 129.81 129.94 130.09 130.22 130.34 130.44 130.53 130.56 130.59 130.53 130.44 130.28 130.06 129.81 129.56 129.28 129.00 128.69 128.41 128.09 127.75 127.44 127.09 126.72 126.34 126.00 125.62 125.22 124.88 124.50 124.16 123.84 123.56 123.34 123.12 122.91 122.75 122.56 122.38 122.16 122.00 121.81 121.66 121.50 121.34 121.19 121.06 120.94 120.78 120.66 120.50
127.03 127.25 127.44 127.59 127.72 127.84 127.97 128.09 128.22 128.38 128.50 128.62 128.75 128.84 128.97 129.06 129.19 129.31 129.44 129.59 129.72 129.84 129.97 130.09 130.22 130.31 130.38 130.41 130.38 130.31 130.19 130.03 129.81 129.59 129.34 129.09 128.84 128.56 128.22 127.91 127.59 127.25 126.91 126.56 126.16 125.81 125.41 125.06 124.69 124.34 124.03 123.72 123.47 123.25 123.06 122.88 122.72 122.56 122.38 122.16 121.97 121.78 121.59 121.44 121.28 121.12 121.00 120.84 120.69 120.53 120.38
127.03 127.22 127.41 127.56 127.69 127.78 127.91 128.03 128.16 128.31 128.44 128.56 128.69 128.78 128.88 129.00 129.09 129.22 129.34 129.47 129.59 129.72 129.84 129.97 130.06 130.12 130.16 130.16 130.12 130.03 129.94 129.78 129.56 129.34 129.12 128.88 128.62 128.38 128.09 127.78 127.47 127.12 126.78 126.41 126.03 125.66 125.25 124.91 124.56 124.22 123.91 123.62 123.38 123.19 123.00 122.84 122.69 122.56 122.38 122.19 121.97 121.75 121.56 121.38 121.19 121.03 120.88 120.75 120.59 120.41 120.25
127.00 127.19 127.34 127.47 127.59 127.69 127.81 127.97 128.09 128.22 128.34 128.47 128.59 128.69 128.78 128.88 128.97 129.09 129.22 129.34 129.47 129.56 129.66 129.78 129.84 129.91 129.91 129.91 129.84 129.78 129.66 129.53 129.34 129.12 128.94 128.72 128.50 128.25 128.00 127.69 127.38 127.00 126.66 126.28 125.88 125.47 125.12 124.75 124.41 124.09 123.78 123.53 123.28 123.09 122.94 122.81 122.69 122.56 122.41 122.22 122.00 121.72 121.53 121.31 121.12 120.94 120.78 120.62 120.47 120.31 120.12
