everonasctiles/Tile36,25.asc
ncols 128
nrows 128
xllcorner 0
yllcorner 0
cellsize 2.0
NODATA_value  -9999
[rows 32 to 63 of 128, columns 0 to 70 of 128]
-87.38 -87.41 -87.41 -87.41 -87.44 -87.56 -87.78 -88.03 -88.22 -88.31 -88.38 -88.41 -88.38 -88.16 -88.06 -88.31 -88.94 -90.00 -90.91 -91.53 -91.72 -91.56 -91.50 -91.69 -91.72 -91.44 -91.03 -90.56 -90.31 -90.12 -89.88 -89.53 -89.09 -88.53 -87.88 -87.03 -85.84 -84.62 -83.50 -82.72 -82.47 -82.19 -81.78 -81.25 -80.69 -80.06 -79.84 -80.09 -80.38 -80.66 -80.91 -81.12 -81.25 -81.28 -81.19 -81.09 -81.16 -81.16 -81.00 -80.69 -80.19 -79.53 -79.03 -78.72 -78.41 -78.06 -77.44 -77.09 -77.31 -77.69 -77.62
-86.88 -86.94 -86.97 -87.00 -87.09 -87.28 -87.50 -87.72 -87.88 -87.97 -88.00 -88.00 -87.88 -87.59 -87.56 -88.00 -88.84 -89.75 -90.44 -90.91 -91.00 -90.81 -90.78 -90.97 -91.03 -90.78 -90.41 -89.94 -89.59 -89.44 -89.31 -89.09 -88.78 -88.31 -87.66 -86.81 -85.59 -84.25 -82.97 -81.94 -81.41 -81.41 -81.16 -80.78 -80.25 -79.75 -79.41 -79.66 -79.91 -80.09 -80.28 -80.44 -80.50 -80.44 -80.16 -79.94 -80.06 -80.28 -80.41 -80.25 -79.84 -79.22 -78.56 -78.16 -77.81 -77.41 -76.88 -76.19 -76.09 -76.62 -76.72
-86.31 -86.44 -86.50 -86.59 -86.75 -86.97 -87.19 -87.41 -87.56 -87.66 -87.66 -87.66 -87.53 -87.31 -87.56 -88.19 -88.84 -89.44 -89.97 -90.25 -90.25 -90.09 -90.09 -90.25 -90.28 -90.09 -89.72 -89.31 -88.88 -88.69 -88.62 -88.50 -88.34 -88.00 -87.47 -86.69 -85.56 -84.16 -82.78 -81.53 -80.66 -80.41 -80.50 -80.22 -79.81 -79.38 -79.06 -79.16 -79.34 -79.47 -79.59 -79.72 -79.72 -79.53 -79.06 -78.59 -78.66 -79.12 -79.53 -79.62 -79.44 -78.91 -78.22 -77.62 -77.22 -76.84 -76.38 -75.62 -75.12 -75.38 -75.84
-85.44 -85.72 -85.97 -86.19 -86.41 -86.66 -86.88 -87.09 -87.22 -87.31 -87.38 -87.34 -87.31 -87.38 -87.72 -88.16 -88.62 -89.06 -89.41 -89.59 -89.53 -89.38 -89.38 -89.50 -89.53 -89.34 -89.03 -88.69 -88.25 -87.94 -87.88 -87.84 -87.75 -87.56 -87.19 -86.59 -85.72 -84.53 -83.06 -81.69 -80.50 -79.69 -79.62 -79.59 -79.28 -78.91 -78.66 -78.62 -78.69 -78.75 -78.81 -78.91 -78.91 -78.66 -78.09 -77.34 -77.28 -77.78 -78.50 -78.84 -78.84 -78.50 -77.88 -77.22 -76.69 -76.28 -75.84 -75.34 -74.50 -74.31 -74.69
-84.41 -84.88 -85.41 -85.75 -86.03 -86.34 -86.59 -86.78 -86.94 -87.03 -87.09 -87.12 -87.19 -87.38 -87.66 -87.97 -88.31 -88.62 -88.84 -88.91 -88.84 -88.66 -88.66 -88.78 -88.75 -88.59 -88.38 -88.03 -87.50 -87.09 -87.03 -87.03 -87.03 -86.97 -86.78 -86.34 -85.69 -84.84 -83.72 -82.25 -80.81 -79.56 -78.81 -78.75 -78.66 -78.34 -78.09 -78.00 -78.00 -78.00 -78.00 -78.03 -78.06 -77.88 -77.34 -76.47 -76.06 -76.56 -77.44 -77.94 -78.16 -78.00 -77.50 -76.84 -76.22 -75.75 -75.31 -74.91 -74.09 -73.53 -73.59
-83.53 -84.25 -84.97 -85.38 -85.72 -86.03 -86.28 -86.50 -86.66 -86.78 -86.88 -86.94 -87.06 -87.25 -87.47 -87.72 -87.97 -88.19 -88.28 -88.28 -88.16 -87.94 -87.91 -88.06 -88.06 -87.91 -87.66 -87.19 -86.56 -86.16 -86.06 -86.19 -86.22 -86.19 -86.12 -85.91 -85.41 -84.72 -83.91 -82.81 -81.31 -79.75 -78.53 -77.84 -77.72 -77.66 -77.47 -77.31 -77.25 -77.19 -77.16 -77.16 -77.16 -77.03 -76.66 -76.06 -75.28 -75.59 -76.50 -77.06 -77.34 -77.38 -77.00 -76.44 -75.75 -75.12 -74.84 -74.47 -73.72 -72.94 -72.69
-82.91 -83.84 -84.62 -85.03 -85.41 -85.75 -86.03 -86.25 -86.41 -86.56 -86.69 -86.78 -86.94 -87.09 -87.28 -87.44 -87.59 -87.72 -87.75 -87.69 -87.53 -87.28 -87.16 -87.25 -87.22 -86.97 -86.47 -85.94 -85.44 -85.06 -84.97 -85.25 -85.34 -85.38 -85.34 -85.22 -84.91 -84.38 -83.69 -82.88 -81.75 -80.19 -78.59 -77.38 -76.75 -76.62 -76.72 -76.56 -76.44 -76.34 -76.28 -76.22 -76.22 -76.16 -75.94 -75.50 -74.88 -74.88 -75.72 -76.22 -76.50 -76.66 -76.41 -75.97 -75.19 -74.28 -73.91 -73.62 -73.09 -72.38 -72.00
-82.41 -83.41 -84.25 -84.72 -85.12 -85.47 -85.78 -86.00 -86.22 -86.38 -86.53 -86.66 -86.81 -86.94 -87.06 -87.19 -87.28 -87.31 -87.28 -87.16 -86.97 -86.66 -86.41 -86.28 -86.00 -85.53 -85.00 -84.50 -84.09 -83.78 -83.72 -84.06 -84.47 -84.50 -84.47 -84.41 -84.19 -83.78 -83.25 -82.56 -81.72 -80.56 -78.94 -77.31 -76.12 -75.59 -75.69 -75.75 -75.56 -75.44 -75.31 -75.03 -75.00 -75.22 -75.12 -74.88 -74.53 -74.38 -75.03 -75.44 -75.69 -75.88 -75.78 -75.41 -74.50 -73.41 -72.84 -72.56 -72.19 -71.72 -71.50
-81.84 -82.88 -83.81 -84.41 -84.88 -85.25 -85.56 -85.81 -86.03 -86.22 -86.41 -86.56 -86.69 -86.81 -86.88 -86.94 -86.97 -86.94 -86.88 -86.72 -86.47 -86.16 -85.78 -85.34 -84.78 -84.16 -83.50 -82.97 -82.59 -82.34 -82.38 -82.81 -83.47 -83.62 -83.59 -83.56 -83.41 -83.06 -82.53 -82.00 -81.31 -80.44 -79.22 -77.50 -75.88 -74.81 -74.53 -74.84 -74.72 -74.53 -74.12 -73.72 -73.59 -73.81 -74.16 -74.22 -74.00 -73.91 -74.34 -74.69 -74.94 -75.12 -75.09 -74.81 -73.84 -72.56 -71.84 -71.50 -71.28 -71.12 -71.34
-81.38 -82.47 -83.44 -84.16 -84.66 -85.06 -85.38 -85.66 -85.88 -86.09 -86.28 -86.47 -86.59 -86.66 -86.72 -86.72 -86.72 -86.62 -86.50 -86.34 -86.06 -85.75 -85.31 -84.78 -84.03 -83.19 -82.31 -81.62 -81.12 -80.88 -80.94 -81.50 -82.44 -82.75 -82.62 -82.59 -82.56 -82.25 -81.69 -81.12 -80.62 -79.94 -78.97 -77.66 -75.88 -74.38 -73.53 -73.56 -73.72 -73.47 -72.94 -72.44 -72.22 -72.31 -72.59 -72.88 -73.03 -73.22 -73.50 -73.69 -74.03 -74.38 -74.47 -74.19 -73.06 -71.81 -71.00 -70.72 -70.78 -71.12 -71.59
-81.44 -82.50 -83.34 -84.00 -84.50 -84.88 -85.16 -85.44 -85.72 -85.97 -86.16 -86.34 -86.47 -86.53 -86.56 -86.56 -86.50 -86.38 -86.22 -86.00 -85.75 -85.41 -84.97 -84.47 -83.81 -82.94 -81.88 -80.91 -80.06 -79.59 -79.59 -80.16 -81.16 -81.72 -81.53 -81.53 -81.59 -81.38 -80.78 -80.06 -79.62 -79.16 -78.41 -77.41 -76.03 -74.22 -72.88 -72.41 -72.50 -72.38 -71.84 -71.28 -70.94 -70.88 -71.06 -71.41 -71.81 -72.22 -72.44 -72.41 -72.59 -73.00 -73.38 -73.09 -72.12 -71.09 -70.53 -70.66 -71.19 -71.75 -72.22
-81.78 -82.62 -83.28 -83.84 -84.25 -84.56 -84.88 -85.19 -85.50 -85.75 -86.00 -86.19 -86.34 -86.44 -86.47 -86.41 -86.34 -86.19 -86.00 -85.75 -85.44 -85.09 -84.69 -84.22 -83.66 -82.97 -82.09 -81.12 -79.84 -78.84 -78.41 -78.81 -79.69 -80.28 -80.12 -80.28 -80.53 -80.44 -79.91 -79.06 -78.47 -78.09 -77.59 -76.78 -75.75 -74.16 -72.53 -71.53 -71.31 -71.31 -70.91 -70.25 -69.75 -69.50 -69.59 -69.94 -70.47 -70.97 -71.19 -71.12 -71.19 -71.50 -71.75 -71.66 -71.19 -70.72 -70.78 -71.34 -72.06 -72.69 -73.16
-81.81 -82.50 -83.06 -83.50 -83.78 -84.09 -84.47 -84.88 -85.22 -85.53 -85.81 -86.03 -86.22 -86.31 -86.38 -86.31 -86.22 -86.03 -85.81 -85.53 -85.19 -84.81 -84.41 -83.97 -83.44 -82.81 -82.06 -81.22 -80.22 -78.78 -77.66 -77.53 -78.16 -78.62 -78.53 -78.94 -79.38 -79.38 -78.94 -78.19 -77.38 -77.00 -76.56 -75.97 -75.09 -74.03 -72.28 -70.94 -70.34 -70.31 -70.09 -69.41 -68.72 -68.31 -68.28 -68.56 -69.09 -69.59 -69.88 -69.91 -70.03 -70.31 -70.62 -70.84 -70.97 -71.16 -71.56 -72.28 -73.06 -73.69 -74.03
-81.59 -82.16 -82.59 -82.88 -83.09 -83.38 -83.91 -84.50 -84.94 -85.28 -85.59 -85.84 -86.06 -86.19 -86.28 -86.25 -86.12 -85.94 -85.69 -85.38 -85.00 -84.59 -84.12 -83.62 -83.06 -82.47 -81.78 -81.00 -80.12 -79.09 -77.47 -76.53 -76.66 -76.94 -77.00 -77.53 -78.19 -78.25 -77.94 -77.31 -76.59 -75.97 -75.56 -75.00 -74.31 -73.47 -72.12 -70.59 -69.66 -69.41 -69.25 -68.69 -67.94 -67.41 -67.25 -67.47 -67.94 -68.44 -68.84 -69.22 -69.69 -70.22 -70.84 -71.47 -71.88 -72.12 -72.50 -73.22 -74.00 -74.31 -74.50
-81.12 -81.59 -81.94 -82.03 -82.00 -82.41 -83.28 -84.12 -84.59 -85.00 -85.34 -85.62 -85.88 -86.06 -86.19 -86.19 -86.06 -85.84 -85.59 -85.25 -84.84 -84.41 -83.91 -83.31 -82.66 -81.94 -81.22 -80.50 -79.72 -78.91 -77.53 -76.00 -75.38 -75.38 -75.53 -76.22 -77.00 -77.09 -76.84 -76.41 -75.84 -75.19 -74.62 -74.09 -73.47 -72.72 -71.91 -70.38 -69.22 -68.66 -68.44 -68.00 -67.44 -67.06 -66.91 -67.03 -67.44 -68.09 -68.91 -69.75 -70.53 -71.19 -71.91 -72.66 -73.12 -73.25 -73.44 -74.03 -74.56 -74.78 -74.97
-80.53 -80.91 -81.12 -80.94 -80.97 -81.72 -82.91 -83.75 -84.25 -84.69 -85.06 -85.41 -85.72 -85.94 -86.09 -86.12 -86.00 -85.81 -85.50 -85.16 -84.72 -84.28 -83.72 -83.09 -82.22 -81.28 -80.53 -79.84 -79.16 -78.44 -77.38 -75.62 -74.44 -74.03 -74.19 -74.97 -75.84 -75.97 -75.78 -75.47 -75.03 -74.50 -73.84 -73.19 -72.69 -72.06 -71.41 -70.12 -68.88 -68.06 -67.69 -67.47 -67.59 -67.69 -67.66 -67.69 -68.00 -68.75 -69.78 -70.91 -71.84 -72.50 -73.16 -73.84 -74.22 -74.28 -74.31 -74.72 -75.06 -75.25 -75.47
-79.88 -80.19 -80.19 -79.84 -80.25 -81.38 -82.69 -83.38 -83.91 -84.38 -84.78 -85.16 -85.50 -85.78 -85.97 -86.03 -85.94 -85.72 -85.44 -85.06 -84.62 -84.12 -83.62 -82.97 -81.94 -80.69 -79.47 -78.53 -77.91 -77.31 -76.34 -74.94 -73.62 -72.91 -72.97 -73.75 -74.78 -74.94 -74.81 -74.53 -74.12 -73.59 -72.91 -72.09 -71.44 -70.97 -70.47 -69.56 -68.44 -67.59 -67.22 -67.66 -68.47 -68.94 -68.97 -68.88 -69.09 -69.75 -70.84 -72.12 -73.19 -73.69 -74.09 -74.47 -74.72 -74.91 -75.00 -75.22 -75.50 -75.72 -75.94
-79.22 -79.38 -79.03 -79.06 -79.91 -81.22 -82.31 -82.94 -83.50 -83.97 -84.44 -84.84 -85.25 -85.56 -85.75 -85.84 -85.78 -85.62 -85.34 -84.97 -84.50 -84.00 -83.47 -82.78 -81.62 -80.25 -78.75 -77.41 -76.34 -75.59 -74.81 -73.78 -72.62 -71.88 -71.81 -72.50 -73.53 -74.00 -73.84 -73.22 -72.62 -72.19 -71.69 -71.00 -70.25 -69.66 -69.19 -68.59 -67.78 -67.09 -67.06 -67.91 -69.09 -69.75 -70.12 -70.28 -70.31 -70.81 -71.81 -73.06 -73.81 -74.22 -74.59 -74.91 -75.19 -75.41 -75.53 -75.72 -75.94 -76.16 -76.38
-78.47 -78.31 -78.16 -78.66 -79.78 -81.12 -81.88 -82.50 -83.06 -83.56 -84.06 -84.53 -84.97 -85.28 -85.50 -85.59 -85.56 -85.44 -85.19 -84.84 -84.41 -83.88 -83.31 -82.56 -81.28 -79.81 -78.22 -76.62 -75.25 -74.19 -73.31 -72.44 -71.53 -70.84 -70.72 -71.19 -71.97 -72.56 -72.38 -71.72 -71.09 -70.66 -70.28 -69.75 -69.09 -68.47 -67.97 -67.50 -67.00 -66.62 -67.00 -67.97 -69.25 -70.16 -70.66 -71.12 -71.50 -71.78 -72.53 -73.56 -74.19 -74.66 -75.06 -75.41 -75.69 -75.91 -76.03 -76.19 -76.38 -76.56 -76.78
-77.38 -77.31 -77.66 -78.59 -79.84 -80.78 -81.41 -82.03 -82.59 -83.16 -83.72 -84.22 -84.62 -84.94 -85.16 -85.28 -85.25 -85.16 -84.94 -84.66 -84.25 -83.75 -83.19 -82.44 -81.22 -79.62 -77.91 -76.22 -74.69 -73.41 -72.34 -71.47 -70.66 -70.03 -69.78 -70.00 -70.47 -70.88 -70.75 -70.22 -69.62 -69.19 -68.81 -68.44 -67.97 -67.44 -67.03 -66.69 -66.47 -66.59 -67.16 -68.12 -69.34 -70.59 -71.19 -71.72 -72.16 -72.62 -73.19 -73.91 -74.53 -75.03 -75.50 -75.88 -76.16 -76.38 -76.50 -76.62 -76.78 -76.94 -77.12
-76.41 -76.69 -77.44 -78.53 -79.72 -80.41 -81.03 -81.59 -82.19 -82.81 -83.38 -83.88 -84.28 -84.53 -84.75 -84.88 -84.88 -84.78 -84.59 -84.38 -84.03 -83.59 -83.06 -82.44 -81.50 -80.03 -78.22 -76.44 -74.81 -73.44 -72.25 -71.31 -70.56 -69.97 -69.50 -69.19 -69.22 -69.34 -69.22 -68.78 -68.25 -67.84 -67.62 -67.44 -67.22 -67.00 -66.81 -66.81 -66.94 -67.19 -67.72 -68.56 -69.66 -70.91 -71.66 -72.25 -72.75 -73.19 -73.66 -74.25 -74.84 -75.34 -75.84 -76.25 -76.56 -76.78 -76.94 -77.03 -77.16 -77.28 -77.44
-75.84 -76.31 -77.16 -78.16 -79.12 -79.84 -80.44 -81.19 -81.91 -82.50 -83.03 -83.47 -83.81 -84.06 -84.25 -84.41 -84.41 -84.34 -84.16 -83.97 -83.69 -83.31 -82.84 -82.28 -81.59 -80.59 -79.22 -77.41 -75.72 -74.25 -73.06 -72.19 -71.53 -70.94 -70.25 -69.38 -68.62 -68.22 -67.91 -67.50 -67.12 -67.00 -67.22 -67.59 -67.81 -67.75 -67.69 -67.75 -67.94 -68.19 -68.62 -69.31 -70.25 -71.34 -72.16 -72.69 -73.22 -73.69 -74.12 -74.62 -75.16 -75.66 -76.12 -76.56 -76.91 -77.12 -77.28 -77.41 -77.50 -77.62 -77.75
-76.00 -76.25 -76.75 -77.47 -78.19 -78.84 -79.69 -80.78 -81.59 -82.09 -82.56 -82.97 -83.28 -83.53 -83.72 -83.84 -83.91 -83.81 -83.66 -83.44 -83.19 -82.88 -82.44 -81.94 -81.34 -80.62 -79.66 -78.41 -77.06 -75.66 -74.50 -73.62 -72.91 -72.22 -71.28 -70.03 -68.84 -67.84 -67.16 -66.69 -66.62 -67.16 -67.97 -68.72 -69.12 -69.03 -68.94 -69.03 -69.16 -69.38 -69.75 -70.28 -70.97 -71.84 -72.59 -73.09 -73.59 -74.06 -74.50 -74.97 -75.47 -75.94 -76.38 -76.81 -77.16 -77.41 -77.59 -77.72 -77.81 -77.91 -78.03
-76.53 -76.62 -76.66 -76.94 -77.44 -78.16 -79.09 -80.25 -81.16 -81.59 -82.00 -82.34 -82.66 -82.91 -83.09 -83.25 -83.28 -83.22 -83.06 -82.88 -82.62 -82.34 -81.94 -81.38 -80.72 -80.09 -79.34 -78.53 -77.47 -76.31 -75.22 -74.25 -73.34 -72.56 -71.75 -70.44 -69.09 -67.91 -66.97 -66.53 -66.97 -67.94 -69.06 -70.06 -70.41 -70.44 -70.34 -70.34 -70.38 -70.50 -70.81 -71.22 -71.78 -72.44 -73.00 -73.44 -73.91 -74.38 -74.81 -75.25 -75.69 -76.16 -76.59 -77.00 -77.34 -77.62 -77.81 -77.97 -78.06 -78.19 -78.28
-76.84 -77.03 -77.09 -77.09 -77.28 -77.78 -78.59 -79.56 -80.47 -81.00 -81.41 -81.72 -82.03 -82.25 -82.47 -82.59 -82.62 -82.59 -82.44 -82.25 -82.06 -81.81 -81.31 -80.31 -79.31 -78.62 -78.28 -77.84 -77.09 -76.28 -75.34 -74.38 -73.47 -72.69 -71.81 -70.44 -69.16 -68.00 -67.12 -66.91 -67.62 -68.81 -70.09 -70.72 -71.00 -71.22 -71.38 -71.50 -71.50 -71.56 -71.75 -72.03 -72.47 -72.94 -73.34 -73.75 -74.19 -74.62 -75.03 -75.44 -75.88 -76.31 -76.72 -77.12 -77.47 -77.75 -77.97 -78.16 -78.28 -78.41 -78.53
-77.16 -77.34 -77.47 -77.56 -77.62 -77.84 -78.31 -78.97 -79.69 -80.28 -80.72 -81.06 -81.34 -81.56 -81.78 -81.94 -81.97 -81.94 -81.81 -81.62 -81.41 -81.06 -80.31 -79.09 -77.84 -76.84 -76.28 -76.09 -76.00 -75.62 -74.94 -74.19 -73.41 -72.62 -71.53 -70.34 -69.25 -68.28 -67.53 -67.38 -68.16 -69.44 -70.69 -71.19 -71.56 -71.81 -72.00 -72.12 -72.22 -72.34 -72.47 -72.66 -72.91 -73.25 -73.62 -74.03 -74.44 -74.84 -75.22 -75.62 -76.00 -76.41 -76.81 -77.19 -77.50 -77.78 -78.03 -78.22 -78.41 -78.56 -78.72
-77.41 -77.62 -77.75 -77.88 -78.00 -78.19 -78.41 -78.75 -79.12 -79.59 -80.03 -80.38 -80.62 -80.84 -80.97 -81.12 -81.19 -81.16 -81.06 -80.81 -80.50 -79.94 -79.09 -78.00 -76.78 -75.69 -74.88 -74.41 -74.22 -74.25 -74.16 -73.72 -73.06 -72.19 -71.25 -70.38 -69.56 -68.84 -68.25 -68.00 -68.53 -69.72 -71.03 -71.62 -72.09 -72.41 -72.56 -72.69 -72.75 -72.84 -72.94 -73.06 -73.22 -73.53 -73.88 -74.28 -74.69 -75.06 -75.41 -75.75 -76.12 -76.50 -76.84 -77.19 -77.50 -77.78 -78.03 -78.25 -78.47 -78.66 -78.88
-77.66 -77.88 -78.03 -78.12 -78.25 -78.38 -78.56 -78.75 -78.97 -79.22 -79.53 -79.81 -79.97 -80.06 -80.06 -80.12 -80.16 -80.16 -80.06 -79.78 -79.34 -78.78 -78.03 -77.16 -76.16 -75.22 -74.44 -73.78 -73.34 -73.12 -73.03 -72.88 -72.50 -71.97 -71.41 -70.84 -70.28 -69.72 -69.22 -68.91 -69.06 -69.91 -71.16 -72.03 -72.53 -72.91 -73.12 -73.22 -73.28 -73.31 -73.38 -73.47 -73.56 -73.75 -74.09 -74.47 -74.84 -75.22 -75.56 -75.88 -76.22 -76.56 -76.88 -77.19 -77.50 -77.78 -78.03 -78.28 -78.50 -78.72 -78.94
-77.91 -78.09 -78.25 -78.38 -78.47 -78.56 -78.66 -78.78 -78.91 -79.09 -79.25 -79.41 -79.50 -79.50 -79.41 -79.38 -79.31 -79.25 -79.16 -78.91 -78.56 -78.09 -77.53 -76.91 -76.28 -75.62 -75.00 -74.38 -73.88 -73.50 -73.25 -73.03 -72.75 -72.41 -72.00 -71.62 -71.22 -70.78 -70.38 -70.03 -70.00 -70.50 -71.47 -72.44 -72.97 -73.34 -73.59 -73.69 -73.75 -73.78 -73.81 -73.84 -73.88 -73.97 -74.25 -74.59 -74.97 -75.34 -75.69 -75.97 -76.28 -76.59 -76.91 -77.19 -77.47 -77.75 -78.00 -78.25 -78.50 -78.72 -78.94
-78.12 -78.28 -78.44 -78.53 -78.62 -78.69 -78.75 -78.81 -78.91 -79.00 -79.09 -79.19 -79.25 -79.22 -79.19 -79.09 -79.00 -78.91 -78.78 -78.62 -78.38 -78.06 -77.72 -77.31 -76.91 -76.47 -75.97 -75.44 -74.94 -74.50 -74.09 -73.72 -73.38 -73.03 -72.72 -72.44 -72.12 -71.84 -71.56 -71.28 -71.22 -71.50 -72.16 -72.94 -73.38 -73.72 -73.94 -74.09 -74.16 -74.19 -74.19 -74.19 -74.19 -74.22 -74.38 -74.69 -75.03 -75.38 -75.72 -76.03 -76.31 -76.59 -76.88 -77.16 -77.44 -77.72 -77.97 -78.22 -78.44 -78.69 -78.91
-78.34 -78.47 -78.59 -78.69 -78.75 -78.81 -78.84 -78.84 -78.91 -78.97 -79.03 -79.06 -79.09 -79.09 -79.06 -79.00 -78.94 -78.84 -78.75 -78.62 -78.44 -78.22 -77.94 -77.62 -77.28 -76.88 -76.44 -75.97 -75.47 -74.97 -74.50 -74.06 -73.72 -73.41 -73.16 -72.94 -72.81 -72.72 -72.62 -72.50 -72.47 -72.69 -73.09 -73.50 -73.81 -74.06 -74.28 -74.41 -74.50 -74.53 -74.53 -74.47 -74.44 -74.44 -74.50 -74.75 -75.09 -75.41 -75.75 -76.06 -76.34 -76.62 -76.88 -77.12 -77.41 -77.66 -77.91 -78.16 -78.41 -78.59 -78.81
-78.50 -78.62 -78.69 -78.78 -78.81 -78.88 -78.88 -78.91 -78.91 -78.94 -79.00 -79.03 -79.03 -79.03 -79.03 -78.97 -78.94 -78.88 -78.78 -78.69 -78.53 -78.34 -78.09 -77.81 -77.50 -77.12 -76.69 -76.22 -75.72 -75.22 -74.75 -74.34 -74.03 -73.72 -73.47 -73.31 -73.19 -73.19 -73.25 -73.34 -73.47 -73.62 -73.81 -74.00 -74.22 -74.38 -74.56 -74.69 -74.78 -74.81 -74.78 -74.75 -74.69 -74.66 -74.62 -74.78 -75.09 -75.44 -75.78 -76.09 -76.38 -76.66 -76.91 -77.16 -77.38 -77.62 -77.88 -78.09 -78.31 -78.53 -78.75
