everonasctiles/Tile45,44.asc
ncols 128
nrows 128
xllcorner 0
yllcorner 0
cellsize 2.0
NODATA_value  -9999
[rows 66 to 98 of 128, columns 0 to 74 of 128]
41.09 40.53 39.97 39.41 38.84 38.22 37.69 37.06 36.50 35.91 35.28 34.69 34.09 33.47 32.88 32.25 31.62 30.97 30.41 29.78 29.16 28.50 27.91 27.25 26.56 25.94 25.31 24.66 24.03 23.41 22.75 22.12 21.50 20.91 20.28 19.69 19.09 18.50 17.91 17.34 16.78 16.25 15.72 15.19 14.69 14.19 13.72 13.28 12.84 12.44 12.03 11.59 11.06 10.19 8.19 3.72 -1.28 -4.78 -6.75 -7.41 -8.28 -10.22 -11.59 -12.88 -13.97 -14.62 -14.81 -14.75 -14.41 -14.06 -13.62 -13.06 -12.44 -11.78 -10.91
41.31 40.75 40.16 39.59 39.00 38.50 37.91 37.31 36.72 36.09 35.47 34.88 34.28 33.66 33.03 32.41 31.78 31.19 30.53 29.88 29.28 28.66 27.94 27.34 26.66 26.03 25.38 24.72 24.09 23.44 22.81 22.16 21.53 20.91 20.31 19.69 19.09 18.50 17.91 17.34 16.78 16.22 15.69 15.19 14.66 14.19 13.72 13.28 12.88 12.47 12.06 11.66 11.16 10.28 7.94 3.06 -1.97 -5.34 -7.06 -7.44 -8.16 -10.00 -11.25 -12.41 -13.47 -14.03 -14.12 -13.97 -13.56 -13.22 -12.81 -12.22 -11.66 -11.12 -10.38
41.50 40.94 40.41 39.84 39.28 38.66 38.06 37.47 36.84 36.28 35.69 35.03 34.41 33.78 33.16 32.53 31.91 31.25 30.62 30.00 29.34 28.69 28.06 27.38 26.72 26.09 25.44 24.78 24.12 23.50 22.84 22.22 21.56 20.94 20.31 19.69 19.09 18.50 17.91 17.31 16.75 16.22 15.66 15.16 14.66 14.16 13.72 13.28 12.88 12.47 12.09 11.69 11.19 10.22 7.31 2.16 -2.84 -5.94 -7.06 -7.34 -8.19 -9.75 -10.91 -12.06 -13.00 -13.38 -13.41 -13.16 -12.75 -12.34 -11.91 -11.38 -10.91 -10.44 -9.78
41.72 41.22 40.66 40.03 39.47 38.88 38.28 37.66 37.09 36.47 35.81 35.19 34.59 33.97 33.34 32.69 32.03 31.44 30.75 30.06 29.41 28.75 28.06 27.44 26.78 26.16 25.50 24.84 24.19 23.53 22.88 22.25 21.59 20.97 20.31 19.72 19.09 18.50 17.91 17.31 16.75 16.19 15.66 15.12 14.62 14.16 13.69 13.25 12.84 12.47 12.12 11.69 11.16 9.88 6.44 1.22 -3.47 -6.16 -6.94 -7.19 -8.22 -9.59 -10.59 -11.69 -12.56 -12.88 -12.72 -12.31 -11.84 -11.44 -11.00 -10.53 -10.12 -9.72 -9.19
42.00 41.41 40.84 40.25 39.66 39.06 38.50 37.91 37.25 36.59 36.00 35.41 34.75 34.09 33.44 32.78 32.19 31.50 30.84 30.22 29.56 28.91 28.25 27.62 26.91 26.25 25.56 24.91 24.25 23.59 22.94 22.28 21.62 20.97 20.34 19.72 19.09 18.47 17.88 17.28 16.72 16.16 15.62 15.09 14.59 14.09 13.66 13.22 12.81 12.44 12.09 11.66 11.06 9.56 5.50 0.31 -3.72 -6.22 -6.84 -7.09 -8.34 -9.38 -10.38 -11.47 -12.22 -12.41 -12.12 -11.53 -10.88 -10.47 -10.12 -9.69 -9.38 -9.06 -8.59
42.19 41.62 41.03 40.47 39.88 39.31 38.66 38.06 37.44 36.84 36.19 35.53 34.88 34.22 33.59 32.97 32.28 31.62 30.97 30.34 29.66 29.00 28.34 27.66 26.97 26.31 25.66 24.97 24.31 23.62 22.97 22.31 21.66 21.00 20.34 19.72 19.09 18.47 17.88 17.28 16.69 16.12 15.59 15.06 14.53 14.06 13.59 13.19 12.78 12.41 12.03 11.59 10.97 9.19 4.94 -0.19 -3.88 -6.06 -6.59 -7.00 -8.31 -9.22 -10.03 -11.16 -11.81 -11.94 -11.56 -10.88 -10.06 -9.62 -9.28 -8.94 -8.66 -8.38 -8.03
42.44 41.88 41.22 40.66 40.06 39.47 38.84 38.25 37.66 37.00 36.34 35.69 35.03 34.41 33.75 33.09 32.44 31.81 31.16 30.47 29.78 29.12 28.41 27.78 27.09 26.44 25.72 25.03 24.34 23.69 23.00 22.34 21.66 21.00 20.38 19.72 19.09 18.47 17.84 17.25 16.66 16.09 15.53 15.00 14.50 14.00 13.56 13.12 12.72 12.34 12.03 11.72 11.09 9.06 4.97 0.19 -3.22 -5.25 -6.06 -6.75 -8.03 -8.88 -9.62 -10.78 -11.31 -11.31 -10.91 -10.25 -9.44 -8.88 -8.50 -8.19 -7.94 -7.72 -7.47
42.75 42.16 41.53 40.88 40.28 39.66 39.09 38.44 37.78 37.12 36.53 35.91 35.22 34.56 33.91 33.25 32.59 31.91 31.22 30.59 29.88 29.19 28.53 27.88 27.19 26.50 25.78 25.09 24.41 23.72 23.03 22.38 21.69 21.03 20.38 19.72 19.09 18.47 17.84 17.25 16.66 16.06 15.50 14.97 14.44 13.97 13.50 13.06 12.66 12.25 12.00 11.88 11.53 9.59 5.69 1.31 -1.66 -3.84 -5.06 -6.16 -7.34 -8.16 -9.03 -10.16 -10.59 -10.56 -10.09 -9.44 -8.69 -8.12 -7.72 -7.50 -7.28 -7.09 -6.97
43.19 42.53 41.84 41.12 40.47 39.84 39.22 38.56 37.97 37.38 36.72 36.06 35.38 34.72 34.06 33.41 32.72 32.06 31.41 30.66 29.94 29.28 28.59 27.84 27.09 26.44 25.75 25.12 24.44 23.75 23.09 22.41 21.72 21.06 20.41 19.75 19.09 18.47 17.84 17.22 16.62 16.03 15.47 14.91 14.41 13.91 13.44 12.97 12.56 12.19 11.84 11.62 11.66 10.34 6.88 2.78 -0.03 -2.09 -3.69 -5.12 -6.28 -7.19 -8.16 -9.22 -9.72 -9.69 -9.22 -8.62 -7.97 -7.38 -7.00 -6.84 -6.69 -6.53 -6.53
43.78 43.00 42.22 41.47 40.72 40.00 39.41 38.81 38.19 37.53 36.84 36.19 35.56 34.88 34.25 33.50 32.78 32.16 31.41 30.72 30.00 29.38 28.62 27.97 27.31 26.59 25.88 25.22 24.53 23.81 23.12 22.44 21.75 21.09 20.44 19.75 19.09 18.47 17.84 17.22 16.59 16.00 15.44 14.88 14.34 13.84 13.34 12.91 12.47 12.09 11.69 11.31 11.53 11.00 8.28 4.53 1.72 -0.34 -2.22 -3.91 -5.12 -6.16 -7.06 -7.97 -8.53 -8.59 -8.25 -7.75 -7.19 -6.72 -6.41 -6.25 -6.16 -6.06 -6.16
44.44 43.53 42.62 41.75 41.00 40.25 39.62 38.97 38.31 37.69 37.00 36.38 35.72 34.91 34.09 33.41 32.78 32.12 31.41 30.75 30.09 29.41 28.69 28.06 27.31 26.66 25.94 25.28 24.59 23.88 23.19 22.50 21.81 21.12 20.44 19.78 19.12 18.47 17.81 17.19 16.56 15.97 15.38 14.81 14.28 13.75 13.28 12.81 12.38 11.97 11.59 11.16 11.25 11.56 9.81 6.25 3.12 1.03 -0.94 -2.75 -4.03 -4.97 -5.84 -6.66 -7.25 -7.44 -7.22 -6.84 -6.50 -6.12 -5.84 -5.75 -5.69 -5.69 -5.84
45.12 44.12 43.03 42.06 41.22 40.47 39.81 39.12 38.44 37.78 37.12 36.47 35.62 34.97 34.34 33.72 33.00 32.34 31.69 30.97 30.25 29.59 28.88 28.12 27.47 26.75 26.06 25.34 24.62 23.91 23.22 22.56 21.84 21.16 20.47 19.81 19.12 18.47 17.81 17.19 16.56 15.94 15.34 14.78 14.22 13.69 13.19 12.72 12.28 11.88 11.47 11.03 10.81 11.22 10.44 7.12 3.97 1.97 0.03 -1.78 -3.06 -3.94 -4.69 -5.41 -5.97 -6.25 -6.16 -6.00 -5.75 -5.50 -5.31 -5.28 -5.28 -5.34 -5.56
45.59 44.81 43.62 42.38 41.44 40.59 39.88 39.19 38.50 37.78 37.03 36.34 35.84 35.25 34.59 33.91 33.19 32.50 31.78 31.09 30.38 29.66 28.97 28.25 27.53 26.88 26.16 25.41 24.72 24.00 23.31 22.59 21.91 21.22 20.53 19.84 19.16 18.50 17.84 17.19 16.53 15.91 15.31 14.72 14.16 13.62 13.09 12.62 12.19 11.75 11.34 10.91 10.44 10.44 9.81 7.31 4.50 2.53 0.72 -1.00 -2.28 -3.12 -3.69 -4.28 -4.91 -5.22 -5.25 -5.16 -5.00 -4.88 -4.78 -4.81 -4.88 -5.06 -5.34
46.22 45.75 44.38 42.81 41.66 40.69 40.00 39.12 38.47 37.94 37.41 36.84 36.12 35.44 34.75 34.00 33.34 32.62 31.94 31.22 30.50 29.78 29.09 28.38 27.62 26.91 26.12 25.50 24.78 24.06 23.38 22.66 21.94 21.25 20.56 19.88 19.19 18.50 17.84 17.19 16.53 15.91 15.28 14.69 14.09 13.53 13.03 12.53 12.06 11.66 11.22 10.78 10.25 9.88 9.31 7.81 5.31 3.06 1.22 -0.44 -1.72 -2.44 -2.84 -3.22 -3.78 -4.16 -4.31 -4.28 -4.25 -4.25 -4.28 -4.41 -4.56 -4.84 -5.16
47.34 47.41 45.28 43.03 41.78 41.00 40.16 39.75 39.03 38.38 37.69 37.00 36.28 35.56 34.88 34.16 33.47 32.72 32.00 31.28 30.56 29.84 29.16 28.44 27.72 27.00 26.31 25.56 24.84 24.12 23.41 22.75 21.97 21.28 20.59 19.91 19.22 18.53 17.88 17.19 16.53 15.88 15.25 14.62 14.03 13.47 12.94 12.44 11.97 11.53 11.12 10.66 10.12 9.59 9.25 9.00 6.88 3.84 1.59 0.12 -1.09 -1.72 -2.06 -2.25 -2.78 -3.19 -3.38 -3.47 -3.53 -3.62 -3.81 -4.03 -4.31 -4.66 -5.00
47.97 47.38 45.53 41.94 41.81 41.22 40.62 39.97 39.19 38.47 37.78 37.09 36.38 35.66 34.94 34.25 33.53 32.84 32.12 31.41 30.69 29.97 29.19 28.47 27.75 27.06 26.31 25.59 24.88 24.16 23.47 22.75 22.00 21.34 20.66 19.97 19.28 18.56 17.91 17.22 16.56 15.91 15.25 14.62 14.00 13.41 12.88 12.34 11.88 11.44 11.03 10.53 10.00 9.38 9.03 9.16 7.62 4.38 2.03 0.69 -0.41 -1.00 -1.28 -1.34 -1.72 -2.22 -2.47 -2.69 -2.84 -3.09 -3.38 -3.69 -4.06 -4.47 -4.88
48.03 47.56 45.00 45.28 42.34 41.28 40.72 40.06 39.31 38.62 37.91 37.19 36.53 35.81 35.09 34.34 33.66 32.91 32.19 31.47 30.75 30.03 29.28 28.59 27.88 27.12 26.44 25.69 25.00 24.28 23.53 22.81 22.12 21.44 20.72 20.00 19.31 18.62 17.94 17.25 16.56 15.91 15.25 14.59 13.97 13.34 12.78 12.25 11.78 11.38 10.97 10.50 9.94 9.34 8.72 7.94 6.41 4.25 2.53 1.31 0.31 -0.34 -0.53 -0.62 -0.88 -1.31 -1.69 -2.00 -2.28 -2.62 -3.03 -3.47 -3.91 -4.34 -4.75
48.50 47.75 45.78 45.94 45.00 41.44 40.78 40.12 39.44 38.72 38.06 37.34 36.62 35.91 35.19 34.50 33.75 33.03 32.28 31.56 30.88 30.12 29.38 28.69 27.97 27.25 26.53 25.78 25.03 24.34 23.62 22.91 22.19 21.50 20.78 20.09 19.38 18.66 17.97 17.28 16.59 15.94 15.25 14.59 13.94 13.31 12.72 12.19 11.75 11.31 10.91 10.41 9.88 9.28 8.50 7.22 5.72 4.25 3.00 1.94 1.00 0.34 0.09 -0.09 -0.25 -0.59 -1.03 -1.44 -1.84 -2.31 -2.81 -3.31 -3.78 -4.25 -4.69
48.19 47.84 46.47 46.31 46.00 41.59 40.94 40.25 39.56 38.88 38.16 37.44 36.72 36.00 35.28 34.56 33.84 33.12 32.44 31.72 30.94 30.25 29.53 28.78 28.06 27.31 26.59 25.88 25.16 24.44 23.72 23.00 22.28 21.56 20.84 20.12 19.41 18.72 18.03 17.34 16.66 15.97 15.28 14.62 13.94 13.28 12.69 12.16 11.72 11.31 10.88 10.41 9.88 9.28 8.62 7.56 6.19 4.75 3.50 2.47 1.62 1.03 0.62 0.38 0.19 -0.12 -0.56 -1.03 -1.56 -2.09 -2.66 -3.19 -3.69 -4.19 -4.66
48.25 47.72 47.19 47.03 46.09 42.09 41.06 40.41 39.72 38.94 38.25 37.59 36.91 36.19 35.47 34.75 34.03 33.28 32.53 31.81 31.09 30.31 29.59 28.88 28.16 27.44 26.72 25.97 25.25 24.53 23.81 23.09 22.38 21.66 20.94 20.19 19.47 18.75 18.09 17.44 16.69 16.03 15.34 14.72 13.94 13.25 12.66 12.12 11.69 11.31 10.88 10.41 9.88 9.31 8.69 7.84 6.66 5.31 4.03 2.94 2.09 1.50 1.03 0.75 0.50 0.19 -0.25 -0.81 -1.41 -2.00 -2.56 -3.12 -3.62 -4.12 -4.59
48.25 48.03 47.97 48.25 48.16 46.00 41.22 40.50 39.75 40.28 39.19 37.75 37.03 36.31 35.59 34.88 34.09 33.38 32.69 31.91 31.19 30.47 29.72 29.00 28.25 27.53 26.81 26.06 25.34 24.66 23.94 23.22 22.50 21.75 21.03 20.28 19.59 19.12 18.19 17.44 16.75 16.09 15.41 14.66 13.97 13.28 12.66 12.12 11.69 11.28 10.84 10.41 9.88 9.31 8.69 7.97 7.00 5.78 4.50 3.38 2.50 1.84 1.34 0.91 0.59 0.28 -0.12 -0.72 -1.31 -1.88 -2.47 -3.03 -3.56 -4.06 -4.53
48.25 48.25 48.25 48.25 48.25 47.97 41.28 40.62 40.19 39.91 39.72 38.50 37.12 36.38 35.66 34.94 34.25 33.50 32.78 32.06 31.31 30.59 29.88 29.16 28.41 27.69 26.97 26.22 25.47 24.78 24.06 23.34 22.59 21.88 21.16 20.41 19.66 18.94 18.25 17.66 16.88 16.16 15.44 14.72 14.03 13.38 12.84 12.16 11.62 11.22 10.78 10.34 9.84 9.31 8.69 8.03 7.22 6.09 4.91 3.78 2.88 2.12 1.53 1.06 0.72 0.38 -0.03 -0.59 -1.16 -1.75 -2.34 -2.94 -3.47 -4.00 -4.47
48.25 48.22 48.25 48.25 47.66 46.25 43.81 42.06 41.31 41.12 40.06 38.66 37.25 36.53 35.81 35.09 34.38 33.66 32.91 32.19 31.47 30.75 30.00 29.28 28.53 27.81 27.06 26.31 25.62 24.91 24.22 23.47 22.75 22.00 21.28 20.50 19.78 19.12 18.38 17.66 16.88 16.12 15.47 14.72 14.12 13.44 12.69 12.09 11.56 11.09 10.66 10.25 9.78 9.25 8.66 8.00 7.28 6.31 5.22 4.12 3.16 2.38 1.72 1.22 0.81 0.50 0.09 -0.44 -1.03 -1.62 -2.22 -2.81 -3.38 -3.91 -4.41
48.25 47.97 48.06 48.03 47.62 47.06 44.50 43.22 42.25 41.31 40.12 38.78 37.34 36.66 35.94 35.22 34.50 33.78 33.03 32.31 31.59 30.88 30.19 29.44 28.72 27.97 27.25 26.53 25.78 25.09 24.38 23.66 22.91 22.16 21.44 20.69 19.94 19.19 18.47 17.75 17.06 16.72 15.62 14.97 14.19 13.44 12.78 12.16 11.47 10.97 10.56 10.12 9.69 9.19 8.62 8.00 7.31 6.44 5.44 4.41 3.47 2.62 1.94 1.38 1.00 0.62 0.25 -0.28 -0.84 -1.44 -2.06 -2.69 -3.28 -3.84 -4.34
48.25 48.03 47.66 47.69 46.91 46.88 44.59 43.62 42.66 41.59 40.22 38.91 37.50 36.78 36.06 35.34 34.62 33.94 33.22 32.50 31.78 31.09 30.38 29.66 28.91 28.19 27.47 26.69 25.97 25.28 24.56 23.84 23.09 22.34 21.59 20.81 20.09 19.34 18.56 17.69 17.41 16.34 15.66 14.88 14.06 13.53 12.75 12.16 11.47 10.91 10.38 10.03 9.59 9.16 8.59 8.00 7.31 6.53 5.59 4.62 3.72 2.91 2.19 1.62 1.19 0.78 0.38 -0.09 -0.62 -1.22 -1.88 -2.53 -3.16 -3.72 -4.25
48.19 48.09 48.03 47.75 47.72 47.34 44.31 43.94 42.91 41.59 40.09 39.09 38.16 36.91 36.19 35.47 34.78 34.09 33.38 32.69 31.97 31.25 30.53 29.84 29.09 28.38 27.62 26.97 26.22 25.50 24.78 24.06 23.31 22.56 21.81 21.06 20.25 19.62 18.59 18.03 17.16 16.44 15.66 14.97 14.47 13.78 13.00 12.31 11.66 11.12 10.66 10.16 9.66 9.16 8.62 8.00 7.31 6.56 5.72 4.81 3.94 3.12 2.44 1.84 1.38 0.94 0.50 0.06 -0.44 -1.00 -1.66 -2.31 -2.97 -3.59 -4.16
48.22 48.19 47.97 47.94 47.78 47.47 47.28 44.09 43.25 41.78 40.06 39.31 38.50 37.81 36.41 35.66 34.97 34.28 33.56 32.88 32.16 31.47 30.78 30.03 29.34 28.66 27.97 27.22 26.47 25.75 25.06 24.31 23.56 22.81 22.03 21.25 20.47 19.69 19.19 18.44 17.50 16.72 16.03 15.47 14.75 14.06 13.38 12.72 12.00 11.41 10.69 10.16 9.62 9.12 8.56 7.97 7.28 6.56 5.75 4.91 4.09 3.31 2.59 2.00 1.50 1.06 0.62 0.22 -0.22 -0.75 -1.38 -2.09 -2.78 -3.44 -4.03
48.22 48.22 48.19 48.03 47.91 47.91 48.91 44.72 44.16 41.91 40.25 39.41 38.94 37.88 36.50 35.84 35.16 34.47 33.78 33.06 32.41 31.72 31.00 30.31 29.66 28.94 28.19 27.47 26.75 26.03 25.34 24.59 23.88 23.12 22.31 21.28 20.72 20.34 19.75 19.09 17.81 17.47 16.59 15.75 15.25 14.28 13.56 12.81 12.09 11.38 10.78 10.19 9.66 9.09 8.50 7.91 7.28 6.59 5.81 5.03 4.25 3.47 2.72 2.06 1.62 1.19 0.75 0.38 -0.03 -0.50 -1.09 -1.81 -2.53 -3.25 -3.91
48.22 48.22 48.22 48.19 48.00 47.84 47.28 45.00 43.34 41.78 40.44 39.38 38.88 38.03 36.94 36.03 35.31 34.66 33.97 33.31 32.62 31.97 31.28 30.59 29.88 29.19 28.41 27.72 27.06 26.34 25.66 24.94 24.19 23.47 22.50 21.84 21.19 20.91 20.69 19.69 19.19 18.16 16.97 16.12 15.25 14.44 13.72 13.00 12.28 11.56 10.91 10.28 9.72 9.12 8.53 7.94 7.28 6.53 5.84 5.06 4.31 3.66 2.88 2.16 1.59 1.16 0.81 0.50 0.16 -0.25 -0.81 -1.50 -2.31 -3.06 -3.78
48.25 48.22 48.22 48.22 48.06 47.69 46.47 44.97 42.84 41.47 40.34 39.50 38.94 37.53 36.84 36.22 35.56 34.88 34.22 33.53 32.91 32.28 31.56 30.84 30.19 29.44 28.72 28.06 27.38 26.69 25.97 25.28 24.56 23.84 23.12 22.44 21.91 21.66 21.38 20.91 20.12 18.97 17.81 17.09 15.75 14.72 13.97 13.22 12.50 11.78 11.09 10.41 9.75 9.19 8.56 7.94 7.28 6.56 5.78 4.91 4.31 3.69 3.00 2.31 1.75 1.31 0.94 0.62 0.34 -0.06 -0.59 -1.25 -2.09 -2.88 -3.62
48.19 48.16 48.09 48.12 48.19 47.75 44.56 43.66 42.44 41.16 40.22 38.88 38.75 37.72 37.09 36.41 35.75 35.12 34.47 33.84 33.19 32.50 31.84 31.06 30.38 29.78 29.16 28.41 27.72 27.03 26.34 25.62 24.94 24.25 23.59 23.06 22.72 22.38 22.12 21.78 20.94 19.91 19.16 17.97 16.72 15.44 14.19 13.47 12.69 11.94 11.22 10.53 9.94 9.28 8.69 8.03 7.50 6.75 5.72 4.81 4.38 3.97 3.28 2.56 1.94 1.47 1.06 0.75 0.44 0.06 -0.47 -1.09 -1.94 -2.72 -3.44
48.16 48.12 47.78 47.06 46.03 44.72 43.28 42.84 41.88 40.97 40.16 39.50 38.56 37.91 37.22 36.59 36.00 35.38 34.75 34.09 33.44 32.78 32.03 31.44 30.84 30.19 29.47 28.75 28.06 27.38 26.69 26.03 25.34 24.69 24.03 23.53 23.19 22.97 22.62 22.47 21.75 21.31 20.19 19.22 17.91 15.84 14.47 13.69 12.94 12.22 11.50 10.78 10.09 9.44 8.72 8.03 7.53 6.78 5.72 4.84 4.41 4.12 3.38 2.69 2.09 1.59 1.19 0.88 0.53 0.12 -0.38 -1.03 -1.84 -2.59 -3.25
48.06 47.84 47.50 46.62 45.53 44.31 43.31 42.44 41.62 40.88 40.16 39.31 38.72 38.09 37.47 36.88 36.22 35.59 34.94 34.31 33.66 33.03 32.47 31.84 31.16 30.47 29.78 29.12 28.44 27.75 27.09 26.41 25.75 25.09 24.44 23.94 23.59 23.25 23.03 22.62 22.22 21.72 21.34 19.84 17.75 16.06 14.75 13.97 13.25 12.47 11.75 11.00 10.28 9.53 8.78 8.03 7.28 6.47 5.41 4.66 4.25 3.84 3.56 2.91 2.22 1.72 1.31 0.94 0.56 0.16 -0.31 -0.97 -1.75 -2.44 -3.09
