everonasctiles/Tile12,43.asc
ncols 128
nrows 128
xllcorner 0
yllcorner 0
cellsize 2.0
NODATA_value  -9999
[rows 0 to 31 of 128, columns 0 to 70 of 128]
-19.88 -19.47 -18.97 -18.53 -18.06 -17.72 -17.62 -17.56 -17.44 -17.09 -16.84 -16.72 -16.44 -15.97 -15.56 -15.34 -15.59 -15.75 -15.84 -15.94 -15.97 -15.84 -15.72 -15.78 -15.78 -15.62 -15.50 -15.41 -15.31 -15.25 -15.38 -15.38 -15.50 -15.31 -15.25 -15.12 -15.34 -15.53 -15.38 -15.28 -15.28 -15.25 -15.31 -15.47 -15.59 -15.59 -15.66 -15.47 -15.38 -15.34 -15.34 -15.31 -15.19 -15.03 -15.00 -14.97 -14.94 -15.06 -15.25 -15.22 -15.06 -15.00 -15.16 -15.12 -15.00 -15.44 -15.50 -15.66 -15.69 -15.75 -15.81
-19.84 -19.41 -18.81 -18.19 -17.56 -17.53 -17.34 -17.25 -17.22 -17.09 -16.81 -16.56 -16.31 -16.00 -15.78 -15.59 -15.59 -15.69 -15.84 -15.91 -16.00 -15.84 -15.91 -15.88 -15.78 -15.69 -15.66 -15.47 -15.44 -15.47 -15.50 -15.44 -15.41 -15.31 -15.25 -15.28 -15.19 -15.34 -15.41 -15.31 -15.28 -15.38 -15.44 -15.41 -15.47 -15.53 -15.47 -15.34 -15.25 -15.28 -15.06 -14.97 -14.88 -14.84 -15.00 -15.12 -15.19 -15.16 -15.31 -15.28 -15.03 -15.00 -15.09 -15.19 -15.00 -15.31 -15.41 -15.47 -15.78 -15.88 -15.78
-19.72 -19.22 -18.69 -17.94 -17.66 -17.59 -17.59 -17.38 -17.03 -17.00 -16.88 -16.69 -16.38 -16.16 -15.91 -15.84 -15.72 -15.66 -15.72 -15.91 -16.03 -15.84 -15.84 -15.81 -15.75 -15.69 -15.59 -15.47 -15.41 -15.53 -15.56 -15.44 -15.41 -15.44 -15.53 -15.44 -15.44 -15.41 -15.22 -15.19 -15.19 -15.34 -15.34 -15.31 -15.38 -15.31 -15.28 -15.31 -15.28 -15.12 -15.06 -14.94 -14.94 -15.00 -15.16 -15.12 -15.12 -15.16 -15.22 -15.28 -15.22 -15.00 -15.06 -15.16 -15.12 -15.16 -15.38 -15.31 -15.31 -15.44 -15.56
-19.62 -18.97 -18.25 -18.00 -17.75 -17.50 -17.56 -17.44 -17.16 -17.00 -16.97 -16.75 -16.41 -16.09 -15.84 -15.75 -15.72 -15.94 -15.88 -15.59 -15.69 -15.72 -15.72 -15.66 -15.62 -15.62 -15.59 -15.59 -15.59 -15.50 -15.41 -15.38 -15.50 -15.41 -15.44 -15.38 -15.41 -15.31 -15.16 -15.09 -15.00 -15.06 -15.12 -14.97 -15.06 -15.25 -15.25 -15.12 -15.03 -14.88 -14.94 -15.03 -15.06 -15.16 -15.03 -14.97 -14.91 -15.06 -15.16 -15.22 -15.12 -15.22 -15.09 -15.25 -15.38 -15.25 -15.31 -15.41 -15.19 -15.16 -15.28
-19.38 -18.84 -18.28 -17.72 -17.56 -17.41 -17.41 -17.50 -17.34 -17.12 -16.97 -16.75 -16.56 -16.22 -15.75 -15.56 -15.62 -15.94 -15.94 -15.75 -15.59 -15.50 -15.50 -15.72 -15.59 -15.47 -15.47 -15.56 -15.56 -15.53 -15.41 -15.47 -15.47 -15.44 -15.31 -15.22 -15.22 -15.16 -15.03 -15.12 -15.09 -14.84 -14.84 -14.97 -15.06 -15.22 -15.16 -15.06 -15.06 -15.00 -14.97 -15.06 -15.19 -15.25 -15.00 -14.81 -15.00 -15.03 -15.16 -15.19 -15.12 -15.19 -15.22 -15.19 -15.19 -15.16 -15.06 -15.16 -14.91 -15.03 -15.06
-19.16 -18.75 -18.41 -17.91 -17.41 -17.28 -17.50 -17.41 -17.12 -16.94 -16.91 -16.78 -16.66 -16.31 -15.72 -15.50 -15.47 -15.72 -15.94 -15.91 -15.72 -15.47 -15.34 -15.31 -15.44 -15.47 -15.44 -15.47 -15.38 -15.38 -15.34 -15.44 -15.44 -15.38 -15.28 -15.34 -15.47 -15.34 -15.16 -15.03 -15.09 -15.16 -15.09 -15.03 -15.12 -15.19 -15.09 -14.88 -15.03 -15.00 -14.84 -14.88 -14.97 -14.94 -15.00 -14.91 -14.75 -14.88 -15.06 -15.09 -15.12 -15.03 -15.06 -15.06 -14.84 -15.00 -14.91 -14.84 -14.88 -14.75 -14.94
-19.00 -18.66 -18.38 -17.94 -17.69 -17.28 -17.28 -17.44 -17.19 -16.97 -16.81 -16.72 -16.59 -16.38 -16.03 -15.84 -15.66 -15.53 -15.59 -15.72 -15.78 -15.66 -15.22 -15.12 -15.41 -15.50 -15.47 -15.41 -15.50 -15.53 -15.53 -15.56 -15.47 -15.47 -15.53 -15.50 -15.53 -15.41 -15.19 -15.12 -15.06 -15.12 -15.12 -15.09 -15.09 -15.19 -14.97 -14.91 -14.88 -14.91 -14.84 -14.91 -14.88 -14.81 -14.97 -14.94 -14.84 -14.88 -14.91 -14.91 -14.97 -15.00 -15.12 -15.03 -14.97 -14.97 -14.94 -14.78 -14.84 -14.88 -15.09
-18.84 -18.41 -18.06 -18.03 -17.62 -17.31 -17.31 -17.34 -17.12 -16.72 -16.75 -16.62 -16.59 -16.47 -16.38 -16.28 -16.03 -15.72 -15.44 -15.41 -15.56 -15.62 -15.31 -15.12 -15.41 -15.62 -15.50 -15.44 -15.34 -15.38 -15.53 -15.59 -15.59 -15.53 -15.47 -15.50 -15.53 -15.47 -15.03 -14.91 -15.22 -15.25 -15.12 -15.03 -14.94 -14.81 -14.88 -14.84 -14.84 -14.88 -15.00 -14.84 -14.84 -14.88 -14.84 -15.00 -14.84 -14.72 -15.00 -15.19 -15.22 -15.22 -15.16 -14.94 -14.94 -15.16 -15.00 -14.88 -14.88 -15.12 -15.22
-18.72 -18.22 -18.03 -17.75 -17.53 -17.34 -17.22 -16.97 -16.88 -16.78 -16.72 -16.50 -16.41 -16.34 -16.34 -16.28 -15.72 -15.47 -15.44 -15.41 -15.34 -15.44 -15.31 -15.28 -15.31 -15.53 -15.69 -15.56 -15.44 -15.31 -15.41 -15.50 -15.53 -15.56 -15.53 -15.59 -15.44 -15.25 -15.19 -14.97 -14.78 -14.81 -14.88 -14.81 -14.91 -14.88 -15.06 -15.03 -14.84 -14.78 -14.78 -14.72 -14.88 -15.12 -15.16 -14.97 -14.84 -14.88 -14.94 -15.25 -15.38 -15.31 -15.25 -15.22 -15.19 -15.09 -15.06 -15.00 -14.91 -15.00 -15.12
-18.38 -18.06 -17.69 -17.41 -17.31 -17.28 -17.03 -16.81 -16.66 -16.81 -16.69 -16.28 -16.19 -16.12 -15.94 -15.75 -15.50 -15.19 -15.28 -15.53 -15.56 -15.62 -15.53 -15.41 -15.47 -15.56 -15.62 -15.66 -15.72 -15.44 -15.38 -15.44 -15.31 -15.34 -15.41 -15.47 -15.34 -15.25 -15.19 -15.12 -14.81 -14.88 -15.00 -15.00 -15.16 -15.22 -15.19 -15.19 -14.97 -14.81 -14.91 -14.97 -15.12 -15.22 -15.16 -15.09 -14.94 -15.06 -15.16 -15.19 -15.16 -15.41 -15.38 -15.22 -15.19 -15.00 -15.06 -14.91 -14.91 -15.12 -15.06
-18.28 -17.88 -17.53 -17.41 -17.19 -17.16 -17.16 -17.09 -16.84 -16.62 -16.72 -16.47 -16.28 -16.03 -15.62 -15.41 -15.34 -14.88 -14.88 -15.03 -15.44 -15.66 -15.59 -15.62 -15.75 -15.69 -15.62 -15.59 -15.41 -15.22 -15.16 -15.12 -15.09 -15.19 -15.25 -15.41 -15.28 -15.19 -15.00 -14.78 -14.84 -15.03 -15.25 -15.16 -15.22 -15.38 -15.25 -15.22 -15.22 -15.16 -15.19 -15.03 -15.22 -15.41 -15.31 -15.25 -15.09 -15.12 -15.09 -15.12 -15.16 -15.25 -15.34 -15.25 -15.12 -15.12 -15.00 -14.84 -14.84 -15.12 -15.19
-18.12 -18.03 -17.91 -17.44 -17.12 -17.16 -17.16 -17.19 -17.00 -16.81 -16.78 -16.72 -16.47 -16.31 -15.84 -15.44 -15.38 -15.25 -14.91 -15.44 -15.62 -15.72 -15.88 -15.72 -15.66 -15.78 -15.72 -15.59 -15.53 -15.41 -15.66 -15.53 -15.34 -15.41 -15.38 -15.31 -15.00 -15.03 -15.25 -15.31 -15.09 -15.09 -15.16 -15.22 -15.16 -15.25 -15.34 -15.31 -15.34 -15.28 -15.25 -15.22 -15.31 -15.28 -15.34 -15.47 -15.41 -15.34 -15.12 -15.19 -15.31 -15.41 -15.25 -15.25 -15.34 -15.12 -15.19 -14.97 -15.12 -15.31 -15.38
-18.12 -17.94 -17.81 -17.47 -17.22 -17.09 -17.16 -17.16 -16.94 -16.91 -16.69 -16.56 -16.59 -16.31 -16.00 -15.50 -15.28 -15.50 -15.66 -15.66 -15.69 -15.78 -15.84 -15.69 -15.62 -15.75 -15.75 -15.59 -15.62 -15.69 -15.59 -15.56 -15.56 -15.41 -15.28 -15.22 -15.28 -15.19 -15.28 -15.47 -15.31 -15.25 -15.41 -15.44 -15.38 -15.25 -15.09 -15.34 -15.38 -15.31 -15.34 -15.28 -15.31 -15.41 -15.53 -15.59 -15.62 -15.47 -15.44 -15.53 -15.44 -15.53 -15.44 -15.25 -15.38 -15.25 -15.09 -15.22 -15.19 -15.31 -15.19
-17.78 -17.53 -17.22 -17.06 -17.00 -16.88 -16.88 -17.06 -16.97 -16.84 -16.84 -16.78 -16.78 -16.50 -16.22 -15.81 -15.38 -15.75 -15.56 -15.62 -15.72 -15.75 -15.66 -15.53 -15.56 -15.72 -15.75 -15.75 -15.62 -15.53 -15.56 -15.75 -15.66 -15.44 -15.38 -15.25 -15.19 -15.06 -15.16 -15.25 -15.06 -15.09 -15.31 -15.34 -15.41 -15.34 -15.31 -15.41 -15.31 -15.44 -15.44 -15.25 -15.22 -15.25 -15.38 -15.41 -15.66 -15.44 -15.47 -15.50 -15.50 -15.44 -15.38 -15.41 -15.38 -15.31 -15.31 -15.31 -15.25 -15.25 -15.22
-17.62 -17.31 -17.06 -17.00 -16.94 -16.91 -16.91 -16.75 -16.91 -16.94 -17.03 -17.00 -16.75 -16.53 -16.31 -16.06 -15.94 -15.84 -15.78 -15.69 -15.78 -15.84 -15.59 -15.38 -15.50 -15.84 -15.91 -15.81 -15.78 -15.69 -15.59 -15.78 -15.72 -15.47 -15.44 -15.44 -15.22 -15.00 -15.09 -15.12 -14.94 -14.84 -15.09 -15.25 -15.31 -15.22 -15.25 -15.38 -15.44 -15.34 -15.38 -15.25 -15.19 -15.12 -15.19 -15.28 -15.44 -15.34 -15.31 -15.38 -15.41 -15.28 -15.34 -15.38 -15.50 -15.56 -15.34 -15.25 -15.19 -15.28 -15.47
-17.66 -17.22 -16.94 -16.81 -17.00 -17.09 -17.06 -17.06 -17.06 -16.97 -17.09 -17.03 -16.81 -16.66 -16.47 -16.16 -16.00 -15.97 -15.66 -15.72 -15.91 -15.88 -15.69 -15.44 -15.66 -15.84 -15.81 -15.78 -15.81 -15.75 -15.69 -15.69 -15.50 -15.44 -15.34 -15.38 -15.38 -15.16 -15.00 -15.06 -15.16 -15.12 -15.16 -15.22 -15.25 -15.00 -15.16 -15.31 -15.47 -15.41 -15.44 -15.34 -15.06 -15.00 -15.00 -15.12 -15.28 -15.50 -15.50 -15.62 -15.66 -15.53 -15.56 -15.69 -15.78 -15.75 -15.59 -15.19 -15.06 -15.31 -15.56
-17.62 -17.22 -17.16 -16.81 -16.94 -16.97 -17.00 -16.94 -17.06 -17.12 -17.09 -17.06 -16.94 -16.72 -16.47 -16.25 -16.19 -15.97 -15.88 -15.91 -15.97 -15.72 -15.59 -15.56 -15.66 -15.84 -15.78 -15.78 -15.81 -15.84 -15.62 -15.56 -15.59 -15.44 -15.41 -15.34 -15.44 -15.38 -15.09 -15.16 -15.28 -15.22 -15.28 -15.25 -15.28 -15.06 -15.19 -15.28 -15.47 -15.53 -15.53 -15.41 -15.12 -14.97 -15.03 -15.00 -15.50 -15.62 -15.59 -15.75 -15.72 -15.78 -15.84 -15.72 -15.81 -15.69 -15.59 -15.59 -15.72 -15.69 -15.94
-17.56 -17.38 -17.06 -17.00 -17.06 -17.09 -17.00 -16.97 -16.91 -16.88 -16.94 -16.88 -16.84 -16.66 -16.44 -16.50 -16.41 -16.12 -16.06 -16.16 -16.12 -15.97 -15.69 -15.47 -15.47 -15.44 -15.56 -15.62 -15.62 -15.72 -15.59 -15.59 -15.41 -15.31 -15.47 -15.56 -15.53 -15.47 -15.34 -15.41 -15.47 -15.47 -15.47 -15.31 -15.22 -15.22 -15.41 -15.38 -15.47 -15.31 -15.38 -15.44 -15.28 -15.12 -15.19 -15.16 -15.22 -15.47 -15.47 -15.56 -15.84 -15.81 -15.75 -15.56 -15.56 -15.62 -15.50 -15.62 -15.75 -15.59 -15.88
-17.69 -17.31 -17.16 -17.06 -17.03 -17.16 -17.00 -16.94 -17.00 -16.91 -16.84 -16.94 -16.75 -16.56 -16.44 -16.28 -16.16 -16.09 -16.16 -16.06 -16.03 -15.91 -15.62 -15.53 -15.53 -15.47 -15.62 -15.56 -15.56 -15.56 -15.66 -15.75 -15.44 -15.31 -15.28 -15.34 -15.44 -15.47 -15.34 -15.44 -15.34 -15.38 -15.41 -15.31 -15.25 -15.38 -15.38 -15.34 -15.34 -15.22 -15.31 -15.22 -15.25 -15.31 -15.31 -15.16 -15.28 -15.31 -15.38 -15.38 -15.53 -15.72 -15.81 -15.78 -15.88 -15.94 -15.81 -16.03 -16.09 -16.06 -16.06
-17.66 -17.44 -17.38 -17.25 -17.12 -17.28 -17.19 -17.06 -17.06 -17.06 -16.97 -16.94 -16.78 -16.72 -16.47 -16.28 -16.09 -16.03 -16.00 -16.00 -16.00 -15.97 -15.81 -15.72 -15.78 -15.69 -15.62 -15.62 -15.66 -15.69 -15.59 -15.72 -15.50 -15.44 -15.22 -15.06 -15.19 -15.28 -15.28 -15.38 -15.31 -15.31 -15.44 -15.34 -15.34 -15.38 -15.38 -15.31 -15.38 -15.28 -15.03 -15.12 -15.31 -15.19 -15.06 -15.00 -15.28 -15.28 -15.28 -15.59 -15.50 -15.62 -16.16 -16.09 -16.03 -16.12 -16.16 -16.41 -16.38 -16.28 -16.28
-17.50 -17.41 -17.34 -17.16 -17.16 -17.25 -17.22 -17.09 -17.12 -17.16 -16.94 -16.78 -16.78 -16.62 -16.44 -16.31 -16.12 -16.03 -16.00 -15.97 -15.91 -15.81 -15.88 -16.00 -15.88 -15.88 -15.88 -15.84 -15.78 -15.75 -15.62 -15.59 -15.59 -15.34 -15.16 -14.97 -15.03 -15.25 -15.34 -15.12 -15.28 -15.56 -15.50 -15.50 -15.69 -15.62 -15.62 -15.66 -15.59 -15.47 -15.31 -15.31 -15.25 -15.12 -15.16 -15.31 -15.34 -15.34 -15.62 -15.78 -15.97 -16.06 -16.12 -16.09 -16.12 -16.41 -16.44 -16.47 -16.44 -16.25 -16.19
-17.59 -17.47 -17.28 -17.31 -17.38 -17.38 -17.25 -17.03 -16.97 -17.06 -17.00 -16.72 -16.50 -16.28 -16.34 -16.28 -16.25 -16.12 -15.75 -15.53 -15.72 -15.78 -15.78 -16.00 -15.88 -15.72 -15.69 -15.78 -15.78 -15.69 -15.62 -15.38 -15.12 -15.06 -14.97 -14.91 -14.97 -15.09 -15.19 -15.28 -15.62 -15.72 -15.66 -15.84 -15.94 -15.81 -15.78 -15.84 -15.81 -15.50 -15.38 -15.50 -15.62 -15.53 -15.41 -15.50 -15.50 -15.59 -15.81 -15.94 -16.06 -16.06 -16.25 -16.03 -16.03 -16.09 -16.25 -16.53 -16.56 -16.34 -16.41
-17.78 -17.69 -17.62 -17.47 -17.66 -17.44 -17.25 -17.12 -16.97 -16.94 -17.00 -16.81 -16.53 -16.41 -16.41 -16.19 -16.09 -16.16 -15.78 -15.62 -15.72 -15.75 -15.62 -15.75 -15.75 -15.72 -15.69 -15.78 -15.81 -15.84 -15.78 -15.56 -15.53 -15.31 -14.94 -14.94 -15.03 -15.16 -15.31 -15.44 -15.53 -15.75 -15.97 -15.94 -15.88 -15.81 -15.84 -15.78 -15.84 -15.78 -15.66 -15.50 -15.72 -15.66 -15.56 -15.69 -15.75 -15.75 -15.97 -16.06 -16.16 -16.12 -16.16 -16.22 -16.44 -16.44 -16.44 -16.53 -16.44 -16.56 -16.66
-18.00 -17.91 -17.75 -17.62 -17.69 -17.56 -17.44 -17.22 -17.00 -17.06 -16.91 -16.78 -16.59 -16.38 -16.31 -16.06 -16.03 -16.06 -15.97 -15.84 -15.81 -16.12 -16.00 -15.78 -15.84 -15.66 -15.66 -15.81 -15.88 -15.84 -15.75 -15.72 -15.72 -15.75 -15.50 -15.19 -15.16 -15.28 -15.25 -15.47 -15.59 -15.91 -16.06 -16.09 -16.06 -15.94 -15.94 -15.97 -16.00 -15.91 -15.88 -15.72 -15.72 -15.78 -15.94 -16.03 -16.06 -16.06 -16.12 -16.47 -16.38 -16.22 -16.53 -16.59 -16.53 -16.62 -16.84 -16.81 -16.78 -16.59 -16.56
-18.06 -17.94 -17.84 -17.69 -17.66 -17.47 -17.22 -17.12 -17.09 -17.06 -17.00 -16.94 -16.69 -16.56 -16.38 -16.19 -15.97 -15.94 -15.97 -16.09 -16.03 -16.16 -16.09 -16.00 -16.03 -16.00 -15.97 -15.91 -15.97 -15.94 -15.88 -15.94 -15.88 -15.84 -15.91 -15.84 -15.72 -15.62 -15.75 -15.78 -15.81 -16.00 -16.19 -16.06 -16.06 -16.00 -16.19 -16.28 -16.31 -16.19 -16.12 -16.16 -16.06 -16.16 -16.22 -16.31 -16.41 -16.47 -16.53 -16.69 -16.75 -16.62 -16.78 -16.91 -16.81 -16.59 -16.81 -16.94 -17.12 -17.06 -16.97
-18.06 -18.00 -17.84 -17.81 -17.78 -17.59 -17.25 -17.19 -16.88 -16.91 -16.91 -16.78 -16.72 -16.59 -16.38 -16.22 -16.03 -16.00 -16.25 -16.22 -16.22 -16.41 -16.50 -16.56 -16.44 -15.97 -16.00 -16.03 -15.91 -16.16 -16.28 -16.19 -16.34 -16.16 -16.16 -16.16 -16.09 -15.94 -15.94 -16.00 -16.16 -16.06 -16.22 -16.31 -16.44 -16.44 -16.38 -16.41 -16.44 -16.34 -16.34 -16.25 -16.31 -16.50 -16.53 -16.72 -16.66 -16.81 -16.88 -16.91 -17.12 -17.16 -17.00 -17.03 -17.16 -17.00 -16.94 -17.03 -17.22 -17.31 -17.25
-18.22 -18.12 -17.97 -17.91 -17.75 -17.56 -17.34 -17.31 -17.09 -16.81 -16.88 -16.91 -16.62 -16.44 -16.38 -16.16 -15.88 -15.91 -16.03 -16.12 -16.38 -16.62 -16.69 -16.62 -16.59 -16.41 -16.28 -16.28 -16.28 -16.31 -16.38 -16.50 -16.69 -16.53 -16.44 -16.47 -16.25 -16.19 -16.34 -16.34 -16.38 -16.41 -16.47 -16.41 -16.53 -16.66 -16.62 -16.56 -16.50 -16.59 -16.50 -16.47 -16.59 -16.66 -16.69 -16.78 -16.91 -17.12 -17.28 -17.22 -17.25 -17.31 -17.38 -17.03 -17.19 -17.19 -17.09 -17.03 -17.41 -17.53 -17.50
-18.28 -18.12 -18.09 -17.97 -17.78 -17.44 -17.47 -17.28 -17.12 -16.84 -16.88 -16.97 -16.78 -16.53 -16.59 -16.41 -16.25 -16.28 -16.41 -16.38 -16.38 -16.53 -16.75 -16.62 -16.78 -16.84 -16.84 -16.72 -16.69 -16.62 -16.59 -16.69 -16.94 -16.81 -16.78 -16.72 -16.50 -16.38 -16.22 -16.03 -16.19 -16.44 -16.34 -16.34 -16.50 -16.47 -16.41 -16.50 -16.53 -16.75 -16.94 -16.91 -16.88 -16.84 -16.88 -16.97 -17.25 -17.22 -17.31 -17.47 -17.47 -17.56 -17.44 -17.44 -17.28 -17.16 -17.28 -17.44 -17.47 -17.56 -17.47
-18.03 -18.03 -17.88 -17.84 -17.69 -17.69 -17.38 -17.25 -17.19 -16.91 -16.75 -16.84 -16.88 -16.69 -16.59 -16.69 -16.66 -16.59 -16.44 -16.44 -16.34 -16.31 -16.59 -16.56 -16.56 -16.78 -16.97 -16.97 -16.88 -16.91 -16.91 -17.00 -17.06 -17.09 -17.06 -16.97 -16.94 -16.78 -16.66 -16.62 -16.47 -16.50 -16.56 -16.69 -16.69 -16.66 -16.59 -16.69 -16.78 -16.91 -17.19 -17.16 -17.28 -17.28 -17.34 -17.25 -17.41 -17.44 -17.50 -17.66 -17.75 -17.75 -17.69 -17.56 -17.50 -17.47 -17.44 -17.50 -17.72 -17.84 -17.75
-18.09 -18.09 -17.81 -17.66 -17.66 -17.66 -17.56 -17.53 -17.28 -17.03 -16.81 -16.88 -17.00 -16.88 -16.78 -16.88 -16.91 -16.88 -16.50 -16.41 -16.50 -16.59 -16.78 -16.81 -16.81 -17.03 -17.03 -17.12 -17.25 -17.06 -17.00 -17.19 -17.16 -17.38 -17.38 -17.28 -17.12 -17.09 -17.06 -17.09 -17.00 -16.88 -17.03 -17.12 -17.06 -16.91 -16.94 -17.00 -17.09 -17.19 -17.25 -17.44 -17.50 -17.41 -17.62 -17.53 -17.59 -17.62 -17.72 -17.72 -18.00 -18.06 -17.88 -17.88 -17.78 -17.84 -17.72 -17.81 -18.03 -18.03 -18.09
-17.81 -17.56 -17.62 -17.59 -17.62 -17.72 -17.56 -17.56 -17.47 -17.31 -17.22 -17.06 -17.12 -17.09 -17.16 -17.16 -17.12 -16.97 -16.59 -16.41 -16.56 -16.72 -16.84 -17.19 -17.22 -17.09 -17.38 -17.47 -17.41 -17.44 -17.44 -17.41 -17.34 -17.50 -17.47 -17.44 -17.31 -17.22 -17.12 -17.00 -17.06 -17.03 -17.00 -17.16 -17.31 -17.31 -17.47 -17.50 -17.53 -17.53 -17.53 -17.69 -17.66 -17.50 -17.56 -17.62 -17.78 -17.66 -17.66 -17.78 -17.97 -18.19 -18.16 -18.16 -18.16 -18.12 -18.09 -18.12 -18.34 -18.31 -18.16
-17.78 -17.72 -17.66 -17.59 -17.53 -17.88 -17.84 -17.62 -17.59 -17.53 -17.34 -17.16 -17.28 -17.41 -17.56 -17.50 -17.34 -17.31 -17.00 -16.69 -16.84 -16.97 -17.25 -17.38 -17.44 -17.53 -17.69 -17.59 -17.53 -17.66 -17.69 -17.94 -17.88 -17.78 -17.69 -17.75 -17.50 -17.44 -17.41 -17.47 -17.41 -17.41 -17.44 -17.47 -17.53 -17.66 -17.84 -17.84 -17.75 -17.81 -17.81 -17.94 -18.00 -17.97 -17.97 -17.97 -18.09 -17.88 -18.00 -18.00 -18.03 -18.34 -18.44 -18.38 -18.31 -18.41 -18.41 -18.31 -18.44 -18.50 -18.59
