everonasctiles/Tile12,12.asc
ncols 128
nrows 128
xllcorner 0
yllcorner 0
cellsize 2.0
NODATA_value  -9999
[rows 32 to 63 of 128, columns 0 to 70 of 128]
-65.25 -65.25 -65.16 -65.12 -64.81 -64.69 -64.59 -64.47 -64.34 -64.22 -64.06 -63.91 -63.72 -63.53 -63.31 -63.09 -62.81 -62.53 -62.22 -61.94 -61.62 -61.22 -60.81 -60.41 -60.00 -59.56 -59.09 -58.62 -58.12 -57.66 -57.19 -56.69 -56.19 -55.66 -55.09 -54.41 -53.88 -53.00 -52.31 -51.81 -51.75 -50.94 -50.91 -50.88 -49.81 -48.47 -47.50 -47.72 -47.53 -47.97 -47.50 -46.59 -45.88 -45.22 -45.12 -45.41 -45.75 -45.09 -43.62 -42.16 -41.94 -41.66 -42.03 -41.44 -40.69 -40.44 -39.12 -39.28 -39.06 -38.97 -38.22
-65.56 -65.56 -65.53 -65.50 -65.19 -65.12 -65.00 -64.88 -64.78 -64.56 -64.41 -64.25 -64.06 -63.88 -63.66 -63.44 -63.19 -62.88 -62.59 -62.31 -62.03 -61.66 -61.25 -60.81 -60.41 -60.00 -59.62 -59.12 -58.66 -58.16 -57.69 -57.19 -56.69 -56.22 -55.69 -55.00 -54.47 -54.03 -53.12 -52.25 -51.69 -51.88 -51.38 -51.22 -51.16 -50.12 -48.31 -48.06 -48.41 -48.69 -48.22 -47.31 -46.06 -45.22 -45.31 -45.69 -45.97 -45.66 -44.44 -42.56 -41.81 -41.50 -41.31 -40.94 -41.41 -40.03 -39.34 -39.56 -39.25 -39.19 -39.22
-65.78 -65.81 -65.81 -65.78 -65.50 -65.41 -65.28 -65.19 -65.06 -64.81 -64.66 -64.47 -64.31 -64.19 -63.97 -63.69 -63.41 -63.19 -63.03 -62.69 -62.38 -62.03 -61.62 -61.25 -60.88 -60.50 -60.03 -59.53 -59.03 -58.62 -58.16 -57.66 -57.19 -56.72 -56.19 -55.72 -55.09 -54.31 -53.72 -52.84 -52.09 -52.19 -52.03 -51.81 -50.91 -50.78 -49.47 -48.31 -49.12 -48.72 -49.12 -47.94 -46.50 -44.88 -44.66 -45.50 -45.94 -45.50 -45.00 -43.09 -41.41 -41.94 -41.91 -41.06 -40.94 -41.78 -39.25 -38.41 -39.16 -39.28 -39.06
-65.94 -66.06 -66.06 -66.03 -65.69 -65.59 -65.44 -65.31 -65.12 -64.78 -64.84 -64.62 -64.56 -64.38 -64.09 -63.81 -63.62 -63.50 -63.31 -63.06 -62.72 -62.34 -61.94 -61.66 -61.31 -60.94 -60.50 -60.00 -59.56 -58.88 -58.44 -57.91 -57.66 -57.25 -56.78 -56.31 -55.69 -55.25 -54.19 -53.50 -52.50 -52.44 -52.66 -52.66 -52.50 -50.75 -50.38 -49.00 -48.88 -49.47 -49.75 -49.03 -46.94 -45.47 -44.91 -45.09 -44.91 -45.38 -45.28 -44.12 -42.47 -42.16 -42.25 -41.84 -41.62 -41.31 -40.94 -39.53 -39.69 -39.31 -39.75
-65.94 -66.19 -66.22 -66.22 -65.84 -65.69 -65.53 -65.22 -65.00 -64.81 -64.81 -64.62 -64.56 -64.59 -64.28 -64.03 -63.91 -63.69 -63.50 -63.25 -62.84 -62.62 -62.34 -62.06 -61.75 -61.34 -61.00 -60.50 -59.97 -59.53 -59.09 -58.72 -58.09 -57.59 -57.22 -56.75 -56.31 -55.78 -55.31 -54.22 -53.38 -52.97 -53.09 -52.94 -52.88 -52.41 -50.47 -50.44 -50.19 -50.34 -49.69 -49.31 -49.06 -46.25 -45.47 -45.50 -45.31 -45.41 -46.09 -44.66 -43.22 -42.81 -42.44 -42.56 -42.25 -42.25 -41.16 -41.03 -40.56 -40.34 -40.22
-65.91 -66.06 -66.16 -66.12 -65.88 -65.66 -65.38 -65.00 -64.69 -64.56 -64.56 -64.28 -64.38 -64.34 -63.97 -63.81 -63.91 -64.06 -64.09 -63.66 -63.28 -62.88 -62.53 -62.38 -62.16 -61.84 -61.41 -61.03 -60.56 -60.03 -59.59 -59.22 -58.78 -58.28 -57.72 -57.28 -56.94 -56.22 -55.47 -54.97 -54.00 -53.81 -53.53 -53.31 -53.03 -52.69 -52.28 -50.97 -51.47 -50.97 -50.28 -49.72 -49.34 -48.38 -46.94 -46.41 -46.06 -46.00 -45.72 -45.19 -43.53 -42.78 -42.56 -42.31 -42.59 -42.84 -42.88 -42.44 -41.94 -41.12 -40.59
-65.56 -65.88 -66.16 -66.06 -65.72 -65.50 -65.38 -65.12 -64.56 -64.16 -64.12 -64.03 -64.03 -64.09 -63.88 -63.72 -63.75 -64.19 -64.16 -63.88 -63.50 -63.22 -63.00 -62.66 -62.59 -62.28 -61.94 -61.50 -61.12 -60.66 -60.19 -59.72 -59.31 -58.72 -58.00 -57.53 -57.28 -56.88 -56.38 -55.75 -55.22 -54.44 -53.88 -53.91 -53.97 -53.47 -52.97 -52.56 -52.25 -51.47 -50.66 -50.69 -49.78 -49.28 -48.91 -47.59 -47.03 -46.75 -46.00 -45.12 -45.62 -43.97 -42.75 -42.03 -42.69 -43.34 -43.12 -43.41 -42.53 -42.06 -41.97
-65.16 -65.66 -65.81 -66.06 -65.56 -65.34 -65.19 -65.06 -64.62 -64.06 -63.88 -63.62 -63.75 -63.75 -63.72 -63.78 -63.97 -64.00 -64.06 -63.72 -63.53 -63.31 -63.22 -63.19 -63.12 -62.84 -62.59 -62.25 -61.56 -61.22 -60.81 -60.31 -59.72 -59.16 -58.44 -57.94 -57.62 -57.28 -56.88 -56.47 -55.75 -55.59 -55.09 -54.84 -54.84 -54.38 -53.97 -53.44 -53.09 -51.84 -51.22 -50.62 -50.12 -49.66 -49.84 -49.34 -47.44 -47.78 -46.81 -45.91 -44.84 -45.12 -43.44 -43.16 -43.50 -43.88 -43.75 -44.00 -43.78 -42.62 -42.47
-64.81 -65.28 -65.69 -65.84 -65.69 -65.41 -65.44 -65.12 -64.72 -63.97 -63.91 -63.62 -63.53 -63.62 -63.62 -63.72 -63.84 -63.97 -63.75 -63.59 -63.44 -63.34 -63.38 -63.38 -63.31 -63.06 -62.88 -62.56 -62.28 -61.97 -61.59 -60.69 -60.16 -59.47 -58.88 -58.38 -57.94 -57.59 -57.28 -57.00 -56.53 -55.78 -55.75 -55.09 -55.06 -55.19 -54.81 -54.50 -54.16 -53.03 -51.84 -51.22 -50.66 -50.50 -49.59 -50.31 -49.62 -48.50 -47.84 -47.03 -46.84 -46.03 -45.22 -44.12 -43.31 -43.34 -44.25 -44.69 -44.31 -43.72 -43.22
-64.44 -65.12 -65.53 -65.88 -65.78 -65.69 -65.59 -65.28 -64.75 -64.31 -64.12 -63.75 -63.66 -63.78 -63.69 -63.78 -63.97 -63.97 -63.78 -63.53 -63.53 -63.41 -63.50 -63.69 -63.59 -63.28 -63.16 -62.91 -62.53 -62.25 -61.91 -61.50 -60.94 -60.31 -59.81 -59.38 -58.97 -58.44 -58.22 -57.88 -57.44 -57.00 -56.56 -56.34 -56.19 -56.25 -55.88 -55.44 -54.50 -53.78 -52.59 -51.84 -51.00 -50.50 -50.81 -50.16 -50.47 -49.62 -49.12 -47.88 -47.97 -47.41 -46.50 -45.22 -45.25 -44.94 -45.03 -45.62 -45.66 -45.16 -43.78
-64.28 -64.94 -65.53 -65.81 -65.97 -66.00 -65.75 -65.44 -65.00 -64.69 -64.47 -63.97 -64.09 -64.00 -64.00 -64.00 -63.94 -63.84 -63.69 -63.59 -63.56 -63.53 -63.72 -63.81 -63.72 -63.53 -63.44 -63.16 -62.88 -62.59 -62.19 -61.72 -61.22 -60.69 -60.25 -59.88 -59.47 -59.25 -58.97 -58.59 -57.91 -57.66 -57.28 -56.94 -57.12 -56.81 -56.34 -55.94 -55.50 -54.81 -53.56 -52.78 -52.03 -51.16 -51.50 -51.62 -51.44 -51.34 -50.81 -49.41 -48.84 -48.94 -48.59 -47.72 -46.69 -46.31 -45.81 -45.66 -45.66 -45.62 -44.78
-64.44 -64.97 -65.47 -65.97 -66.09 -66.12 -66.03 -65.75 -65.41 -65.06 -65.06 -64.66 -64.47 -64.22 -64.28 -64.25 -63.91 -63.88 -63.88 -63.69 -63.78 -64.00 -63.88 -63.81 -63.94 -63.91 -63.62 -63.34 -63.16 -62.81 -62.50 -62.00 -61.56 -61.00 -60.59 -60.25 -60.03 -59.62 -59.38 -59.19 -59.03 -58.53 -58.12 -58.00 -57.91 -57.62 -57.19 -56.88 -56.41 -55.97 -55.31 -54.31 -53.34 -52.22 -52.12 -52.09 -52.44 -52.00 -51.56 -51.06 -49.91 -50.03 -49.69 -49.41 -48.28 -47.56 -46.62 -46.38 -46.28 -45.53 -45.81
-64.53 -64.91 -65.41 -65.94 -66.19 -66.06 -66.03 -65.97 -65.78 -65.62 -65.50 -65.12 -64.62 -64.31 -64.38 -64.31 -64.06 -64.03 -64.09 -64.09 -64.12 -64.06 -64.16 -64.00 -64.16 -64.09 -63.75 -63.50 -63.28 -63.00 -62.62 -62.19 -61.78 -61.38 -61.00 -60.75 -60.22 -60.00 -59.78 -59.75 -59.47 -59.19 -58.78 -58.62 -58.50 -58.09 -57.69 -57.31 -56.91 -56.31 -56.00 -55.03 -54.00 -53.53 -52.81 -52.56 -52.53 -52.75 -52.31 -51.78 -51.81 -51.44 -51.16 -50.72 -50.19 -49.34 -47.97 -47.47 -47.41 -46.66 -46.31
-64.62 -64.88 -65.22 -65.66 -66.06 -66.00 -66.00 -66.06 -65.97 -65.88 -65.44 -65.09 -64.72 -64.59 -64.28 -64.12 -64.19 -64.19 -64.22 -64.25 -64.16 -64.19 -64.38 -64.44 -64.25 -64.22 -63.91 -63.59 -63.34 -63.16 -62.81 -62.41 -62.03 -61.59 -61.31 -61.06 -60.78 -60.66 -60.56 -60.44 -60.22 -60.09 -59.84 -59.66 -59.38 -59.06 -58.69 -58.38 -58.00 -57.62 -57.19 -56.69 -55.78 -55.03 -54.44 -53.97 -53.69 -53.56 -53.44 -52.94 -52.91 -52.94 -52.50 -52.19 -51.75 -51.12 -49.91 -49.00 -48.44 -47.66 -47.28
-64.66 -64.66 -65.09 -65.47 -65.78 -65.81 -65.84 -65.88 -65.84 -65.75 -65.41 -64.94 -64.66 -64.44 -64.22 -64.19 -64.12 -64.22 -64.31 -64.28 -64.25 -64.25 -64.53 -64.69 -64.47 -64.31 -64.06 -63.81 -63.62 -63.31 -63.03 -62.66 -62.28 -61.97 -61.69 -61.44 -61.22 -61.12 -61.03 -60.78 -60.59 -60.44 -60.28 -60.06 -59.78 -59.56 -59.28 -58.69 -58.34 -57.97 -57.41 -56.84 -56.50 -55.69 -54.97 -54.56 -54.28 -54.06 -53.75 -53.69 -53.66 -53.47 -53.22 -52.78 -52.41 -51.97 -51.38 -50.34 -49.12 -48.50 -47.81
-64.81 -64.91 -65.12 -65.31 -65.38 -65.47 -65.50 -65.59 -65.72 -65.69 -65.31 -64.84 -64.59 -64.47 -64.28 -64.31 -64.34 -64.22 -64.28 -64.56 -64.50 -64.62 -64.94 -64.75 -64.78 -64.44 -64.34 -64.09 -63.94 -63.66 -63.19 -63.00 -62.66 -62.38 -62.09 -61.88 -61.78 -61.69 -61.38 -61.12 -60.97 -60.88 -60.62 -60.47 -60.16 -59.91 -59.66 -59.34 -59.03 -58.75 -58.41 -57.84 -57.59 -57.16 -56.56 -55.69 -55.25 -54.94 -54.72 -54.66 -54.38 -54.06 -53.56 -53.34 -52.88 -52.50 -52.06 -51.47 -50.22 -49.16 -48.56
-65.19 -65.03 -65.16 -65.28 -65.38 -65.12 -65.28 -65.38 -65.47 -65.41 -65.38 -65.03 -64.69 -64.69 -64.59 -64.56 -64.28 -64.53 -64.50 -64.75 -65.06 -65.19 -65.25 -65.09 -64.88 -64.81 -64.66 -64.41 -64.25 -64.03 -63.50 -63.25 -63.09 -62.84 -62.62 -62.47 -62.38 -62.12 -61.81 -61.59 -61.41 -61.28 -61.09 -60.78 -60.56 -60.28 -59.97 -59.69 -59.41 -59.12 -58.81 -58.50 -58.06 -57.75 -57.38 -56.69 -55.84 -55.91 -55.75 -55.72 -55.06 -54.66 -53.75 -53.31 -53.12 -52.81 -52.22 -51.34 -50.66 -49.50 -48.69
-65.28 -65.25 -65.00 -65.19 -65.28 -65.12 -65.22 -65.31 -65.25 -65.25 -65.28 -65.09 -64.91 -64.88 -64.69 -64.41 -64.22 -64.56 -64.84 -65.09 -65.44 -65.47 -65.47 -65.28 -65.12 -65.06 -64.97 -64.81 -64.50 -64.22 -64.00 -63.66 -63.47 -63.22 -63.09 -62.88 -62.69 -62.47 -62.25 -62.00 -61.84 -61.66 -61.44 -61.12 -60.88 -60.59 -60.34 -60.03 -59.75 -59.47 -59.22 -58.91 -58.50 -58.19 -57.84 -57.50 -56.72 -56.47 -56.41 -56.28 -55.97 -55.12 -54.75 -53.88 -53.50 -53.00 -52.03 -51.34 -50.28 -49.66 -49.69
-65.03 -65.16 -65.03 -64.91 -65.00 -64.91 -64.94 -65.09 -65.31 -65.25 -65.22 -65.00 -64.88 -64.72 -64.59 -64.53 -64.53 -64.59 -64.75 -65.28 -65.66 -65.66 -65.56 -65.47 -65.34 -65.25 -65.16 -65.06 -64.72 -64.50 -64.34 -64.09 -63.84 -63.66 -63.41 -63.25 -62.94 -62.75 -62.56 -62.44 -62.22 -61.97 -61.69 -61.44 -61.19 -60.94 -60.62 -60.34 -60.09 -59.81 -59.56 -59.28 -58.88 -58.59 -58.28 -57.62 -57.41 -57.12 -56.62 -56.19 -55.34 -54.81 -53.34 -53.53 -53.19 -52.12 -51.41 -50.16 -49.94 -49.06 -49.22
-64.59 -64.62 -64.41 -64.50 -64.78 -64.81 -64.78 -65.03 -65.25 -65.25 -65.16 -65.09 -64.94 -64.69 -64.47 -64.34 -64.81 -64.91 -64.88 -65.31 -65.62 -65.62 -65.53 -65.50 -65.47 -65.41 -65.31 -65.19 -65.03 -64.78 -64.56 -64.34 -64.19 -64.00 -63.75 -63.53 -63.28 -63.03 -62.84 -62.69 -62.47 -62.22 -61.97 -61.72 -61.50 -61.25 -60.94 -60.66 -60.41 -60.12 -59.91 -59.62 -59.31 -58.78 -58.34 -57.84 -57.31 -56.94 -56.66 -55.53 -54.66 -54.00 -53.81 -53.00 -52.75 -52.00 -50.94 -50.53 -50.09 -50.22 -49.94
-63.88 -63.84 -64.03 -64.12 -64.31 -64.66 -64.75 -64.91 -65.06 -65.19 -65.06 -65.12 -65.00 -64.72 -64.41 -64.53 -64.72 -64.94 -65.06 -65.25 -65.44 -65.62 -65.56 -65.50 -65.53 -65.50 -65.44 -65.31 -65.16 -64.91 -64.75 -64.56 -64.38 -64.22 -64.03 -63.72 -63.50 -63.31 -63.09 -62.91 -62.69 -62.44 -62.22 -61.97 -61.75 -61.47 -61.22 -60.94 -60.69 -60.44 -60.19 -59.91 -59.66 -58.81 -58.28 -57.94 -57.75 -56.94 -56.34 -55.91 -54.41 -53.84 -53.69 -53.84 -53.16 -52.44 -51.75 -51.66 -51.16 -51.00 -50.38
-63.19 -63.06 -63.25 -63.62 -64.03 -64.50 -64.78 -64.84 -64.88 -64.97 -65.00 -64.78 -64.75 -64.38 -64.50 -64.53 -64.50 -64.62 -64.84 -65.00 -65.12 -65.31 -65.50 -65.53 -65.56 -65.53 -65.44 -65.34 -65.22 -65.06 -64.84 -64.69 -64.47 -64.25 -64.06 -63.88 -63.56 -63.34 -63.22 -63.06 -62.88 -62.66 -62.44 -62.22 -62.00 -61.75 -61.47 -61.19 -60.94 -60.69 -60.34 -59.97 -59.59 -59.12 -58.56 -58.19 -57.72 -57.41 -56.72 -55.81 -55.16 -54.34 -54.09 -54.47 -54.12 -53.78 -52.94 -52.28 -52.38 -51.75 -51.00
-62.56 -62.44 -62.34 -62.91 -63.50 -64.25 -64.59 -64.72 -64.69 -64.75 -64.69 -64.66 -64.31 -64.25 -64.19 -64.34 -64.22 -64.31 -64.62 -64.91 -65.00 -65.03 -65.16 -65.38 -65.47 -65.47 -65.44 -65.34 -65.22 -65.09 -64.94 -64.72 -64.53 -64.25 -64.03 -63.78 -63.62 -63.38 -63.25 -63.06 -62.94 -62.75 -62.59 -62.34 -62.09 -61.88 -61.56 -61.28 -61.00 -60.62 -60.41 -60.03 -59.88 -59.50 -58.94 -58.41 -57.78 -57.84 -57.41 -56.62 -56.16 -55.47 -55.06 -54.75 -55.22 -54.75 -54.22 -53.41 -52.75 -52.19 -51.56
-61.03 -61.19 -61.69 -62.09 -63.03 -63.75 -64.28 -64.44 -64.47 -64.50 -64.31 -64.31 -64.09 -63.78 -63.88 -64.09 -64.19 -64.09 -64.47 -64.59 -64.72 -64.78 -64.88 -65.06 -65.28 -65.34 -65.38 -65.25 -65.16 -65.06 -64.94 -64.72 -64.44 -64.31 -64.03 -63.72 -63.44 -63.38 -63.09 -62.97 -62.84 -62.78 -62.62 -62.34 -62.19 -61.88 -61.81 -61.38 -61.00 -60.44 -60.00 -60.19 -59.94 -59.72 -59.28 -58.62 -58.19 -57.91 -57.47 -57.22 -56.62 -56.31 -55.25 -55.00 -54.94 -54.66 -54.47 -53.78 -52.94 -52.25 -52.41
-59.84 -60.34 -60.81 -61.53 -62.59 -63.34 -63.88 -64.31 -64.44 -64.34 -64.09 -64.12 -63.88 -63.69 -63.81 -63.84 -63.91 -64.03 -64.47 -64.62 -64.53 -64.53 -64.44 -64.75 -65.00 -65.31 -65.28 -65.22 -65.09 -64.94 -64.81 -64.66 -64.50 -64.28 -64.03 -63.66 -63.44 -63.22 -63.12 -62.88 -62.84 -62.72 -62.66 -62.31 -62.12 -62.22 -62.06 -61.78 -61.41 -60.56 -59.62 -59.50 -59.97 -59.75 -59.22 -58.97 -58.28 -57.62 -57.09 -56.62 -56.34 -56.38 -55.91 -55.09 -54.84 -54.97 -54.59 -54.16 -53.50 -53.22 -53.03
-58.91 -59.28 -60.47 -61.31 -62.00 -62.84 -63.56 -63.97 -64.12 -64.25 -64.12 -63.94 -63.72 -63.66 -63.78 -63.62 -63.59 -64.03 -64.38 -64.34 -64.47 -64.53 -64.50 -64.47 -64.88 -65.09 -65.16 -65.12 -65.00 -64.81 -64.66 -64.56 -64.44 -64.12 -63.91 -63.62 -63.28 -62.88 -62.91 -62.88 -62.81 -62.59 -62.59 -62.28 -62.03 -62.00 -62.00 -61.84 -61.31 -60.91 -60.03 -59.31 -59.31 -59.38 -59.06 -58.69 -57.81 -57.34 -57.34 -57.06 -56.75 -56.59 -56.06 -55.59 -55.41 -55.47 -55.34 -55.16 -54.81 -54.56 -54.06
-58.84 -59.84 -60.53 -61.25 -61.91 -62.59 -63.00 -63.38 -63.88 -64.12 -64.19 -63.88 -63.91 -63.97 -63.84 -63.59 -63.66 -63.91 -64.12 -64.22 -64.28 -64.31 -64.31 -64.25 -64.47 -64.78 -65.03 -64.97 -64.84 -64.69 -64.44 -64.22 -64.09 -63.88 -63.59 -63.28 -63.00 -62.78 -62.50 -62.66 -62.56 -62.62 -62.38 -62.19 -62.19 -62.12 -61.94 -61.84 -61.62 -61.06 -60.12 -59.97 -59.53 -59.47 -59.31 -58.91 -58.09 -57.47 -57.47 -57.44 -57.34 -57.00 -56.78 -56.38 -56.38 -56.16 -55.84 -55.88 -55.66 -55.44 -55.00
-59.84 -60.66 -61.19 -61.59 -61.97 -62.38 -62.72 -63.12 -63.56 -63.88 -63.91 -63.88 -63.72 -63.88 -63.62 -63.41 -63.31 -63.22 -63.47 -63.56 -63.88 -64.12 -63.97 -63.91 -63.62 -64.31 -64.59 -64.78 -64.69 -64.41 -64.12 -63.78 -63.75 -63.44 -63.12 -62.88 -62.72 -62.44 -62.44 -62.41 -62.59 -62.59 -62.50 -62.09 -62.06 -62.09 -62.06 -62.00 -62.09 -61.59 -60.75 -60.41 -59.97 -59.69 -60.16 -60.22 -59.28 -58.03 -57.59 -57.59 -57.91 -58.06 -58.03 -57.72 -57.31 -56.69 -56.25 -56.25 -56.09 -55.84 -55.59
-60.84 -61.34 -61.72 -61.81 -62.09 -62.41 -62.66 -62.88 -63.16 -63.44 -63.56 -63.38 -63.38 -63.22 -63.06 -62.84 -63.03 -62.75 -62.75 -63.03 -63.28 -63.41 -63.59 -63.59 -63.62 -63.75 -64.25 -64.41 -64.44 -64.19 -63.94 -63.75 -63.56 -63.16 -62.81 -62.78 -62.47 -62.16 -62.25 -62.31 -62.38 -62.56 -62.56 -62.38 -61.97 -61.91 -61.66 -61.75 -61.94 -61.88 -61.72 -61.25 -60.94 -60.25 -59.97 -60.59 -59.84 -59.25 -58.53 -58.38 -58.34 -58.38 -58.38 -58.22 -57.91 -57.34 -56.81 -56.25 -56.12 -55.81 -55.66
-61.16 -61.56 -61.84 -61.91 -62.12 -62.25 -62.47 -62.56 -62.69 -62.78 -62.94 -62.94 -62.94 -62.78 -62.56 -62.56 -62.44 -62.31 -62.38 -62.84 -62.91 -63.03 -63.31 -63.31 -63.41 -63.75 -64.16 -64.19 -64.19 -64.16 -63.88 -63.66 -63.50 -63.16 -62.94 -62.78 -62.50 -62.19 -62.09 -62.19 -62.28 -62.47 -62.59 -62.59 -62.34 -62.09 -61.91 -61.84 -61.91 -62.12 -62.06 -61.94 -61.50 -61.41 -61.06 -60.56 -60.41 -59.88 -59.38 -58.81 -58.62 -58.81 -58.84 -58.53 -58.22 -57.81 -57.06 -56.38 -55.88 -55.56 -55.59
-61.09 -61.34 -61.56 -61.72 -61.91 -62.03 -62.03 -62.16 -62.22 -62.12 -62.31 -62.47 -62.44 -62.34 -62.25 -62.25 -62.00 -61.78 -62.06 -62.44 -62.69 -62.78 -63.16 -63.12 -63.16 -63.62 -64.00 -64.06 -64.12 -64.09 -63.81 -63.69 -63.59 -63.34 -63.12 -63.00 -62.75 -62.47 -62.34 -62.22 -62.38 -62.41 -62.56 -62.56 -62.56 -62.38 -61.91 -61.66 -61.78 -62.00 -61.91 -61.81 -61.91 -61.69 -61.44 -61.22 -60.91 -60.44 -59.97 -59.28 -58.75 -58.69 -58.81 -58.84 -58.69 -58.19 -57.69 -56.44 -55.34 -55.28 -55.25
-60.72 -61.00 -61.19 -61.31 -61.41 -61.53 -61.56 -61.56 -61.50 -61.25 -61.50 -61.84 -61.91 -61.72 -61.53 -61.59 -61.53 -61.47 -61.72 -62.06 -62.44 -62.66 -63.12 -63.25 -63.16 -63.34 -63.84 -63.94 -64.09 -64.09 -64.00 -63.81 -63.75 -63.56 -63.44 -63.31 -63.06 -62.94 -62.72 -62.62 -62.44 -62.47 -62.59 -62.81 -62.66 -62.41 -62.00 -61.81 -61.62 -61.69 -61.78 -61.97 -62.03 -61.72 -61.53 -61.25 -60.91 -60.97 -60.72 -60.22 -59.31 -58.62 -58.56 -58.81 -59.00 -58.62 -57.91 -56.47 -55.88 -55.28 -55.25
