everonasctiles/Tile26,37.asc
ncols 128
nrows 128
xllcorner 0
yllcorner 0
cellsize 2.0
NODATA_value  -9999
[rows 33 to 65 of 128, columns 0 to 73 of 128]
3.16 3.09 3.00 2.78 2.59 2.47 2.31 2.19 2.09 2.06 2.06 2.12 2.31 2.62 3.00 3.41 3.78 4.12 4.25 4.25 4.19 3.97 3.78 3.59 3.62 3.50 3.28 3.06 3.03 2.91 2.53 2.47 3.12 3.09 3.53 3.62 3.12 2.09 2.22 1.66 1.91 0.44 0.66 -0.34 -0.44 -0.44 -0.53 -0.62 -0.75 -0.88 -1.00 -1.16 -1.31 -1.47 -1.72 -1.97 -2.25 -2.56 -2.84 -3.09 -3.38 -3.69 -4.00 -4.38 -4.88 -5.12 -5.50 -5.94 -6.34 -6.69 -7.09 -7.50 -7.91 -8.28
3.34 3.34 3.34 3.31 3.19 3.00 2.84 2.72 2.59 2.50 2.53 2.62 2.94 3.28 3.66 4.00 4.25 4.44 4.50 4.53 4.50 4.41 4.28 4.16 4.12 3.94 3.75 3.72 3.72 3.59 3.22 3.19 3.81 3.88 4.12 4.28 3.69 2.19 2.34 2.31 2.12 2.19 0.94 0.00 -0.31 -0.28 -0.38 -0.50 -0.66 -0.81 -0.91 -1.03 -1.22 -1.44 -1.66 -1.88 -2.12 -2.44 -2.69 -3.03 -3.34 -3.66 -4.00 -4.34 -4.75 -5.16 -5.56 -5.97 -6.34 -6.66 -7.09 -7.53 -7.88 -8.22
3.50 3.53 3.53 3.56 3.62 3.69 3.62 3.47 3.31 3.22 3.19 3.28 3.62 3.94 4.12 4.22 4.38 4.50 4.56 4.56 4.50 4.47 4.41 4.28 4.16 4.06 4.06 4.19 4.38 4.34 4.00 3.72 4.03 4.72 4.75 4.56 3.75 2.66 2.12 2.34 2.34 1.50 0.53 -0.38 -0.25 -0.25 -0.31 -0.44 -0.53 -0.66 -0.81 -0.91 -1.09 -1.31 -1.53 -1.75 -2.06 -2.34 -2.56 -2.94 -3.31 -3.59 -3.91 -4.25 -4.66 -5.12 -5.53 -5.97 -6.31 -6.72 -7.16 -7.56 -7.94 -8.31
3.69 3.72 3.75 3.75 3.84 3.97 4.06 4.03 4.03 4.09 4.16 4.19 4.31 4.38 4.34 4.31 4.34 4.47 4.56 4.53 4.44 4.34 4.28 4.22 4.16 4.16 4.25 4.44 4.59 4.56 4.31 3.88 3.84 5.09 5.00 4.53 3.78 3.03 2.16 2.62 2.22 1.03 1.00 -0.16 -0.03 -0.09 -0.19 -0.34 -0.47 -0.59 -0.72 -0.84 -1.00 -1.19 -1.38 -1.69 -1.97 -2.25 -2.53 -2.88 -3.25 -3.53 -3.94 -4.25 -4.66 -5.06 -5.50 -5.91 -6.28 -6.72 -7.09 -7.62 -8.06 -8.44
3.88 3.88 3.91 3.91 3.94 3.97 4.00 4.03 4.06 4.12 4.25 4.38 4.41 4.34 4.28 4.28 4.34 4.41 4.50 4.44 4.34 4.25 4.19 4.19 4.16 4.12 4.25 4.47 4.66 4.84 4.72 4.25 3.59 4.53 4.81 4.38 3.88 3.00 2.19 2.34 2.12 1.53 1.41 0.22 0.06 0.00 -0.09 -0.22 -0.38 -0.50 -0.62 -0.78 -0.94 -1.09 -1.31 -1.56 -1.88 -2.22 -2.53 -2.81 -3.09 -3.44 -3.84 -4.25 -4.66 -5.06 -5.38 -5.81 -6.31 -6.78 -7.16 -7.66 -8.09 -8.53
4.00 4.00 4.00 4.06 4.06 4.09 4.12 4.16 4.19 4.25 4.31 4.38 4.34 4.28 4.25 4.28 4.31 4.41 4.44 4.44 4.34 4.22 4.16 4.09 4.09 4.09 4.22 4.44 4.69 4.94 4.88 4.47 3.97 4.47 4.81 4.41 3.81 2.94 2.28 2.59 2.62 2.34 1.50 1.12 0.66 0.31 0.06 -0.12 -0.28 -0.47 -0.56 -0.72 -0.88 -1.09 -1.31 -1.56 -1.88 -2.19 -2.47 -2.78 -3.09 -3.41 -3.75 -4.22 -4.69 -5.00 -5.41 -5.81 -6.25 -6.56 -7.03 -7.59 -8.12 -8.59
4.06 4.03 4.06 4.12 4.16 4.19 4.22 4.25 4.31 4.41 4.47 4.47 4.41 4.31 4.25 4.28 4.31 4.38 4.41 4.38 4.28 4.22 4.16 4.12 4.12 4.22 4.34 4.56 4.78 4.94 4.91 4.53 4.19 4.44 4.81 4.66 3.97 3.41 2.81 2.97 3.03 2.56 2.34 1.69 1.38 0.69 0.25 -0.06 -0.25 -0.41 -0.53 -0.72 -0.88 -1.09 -1.31 -1.66 -1.94 -2.22 -2.47 -2.75 -3.06 -3.38 -3.69 -4.06 -4.50 -4.97 -5.38 -5.78 -6.25 -6.62 -7.09 -7.56 -8.12 -8.59
4.03 4.03 4.06 4.16 4.16 4.22 4.25 4.31 4.38 4.44 4.50 4.50 4.44 4.28 4.22 4.25 4.31 4.34 4.34 4.31 4.25 4.22 4.19 4.19 4.22 4.34 4.50 4.69 4.84 5.00 5.00 4.88 4.41 4.25 4.84 4.94 4.12 3.75 3.22 3.03 2.88 2.41 2.25 1.97 1.44 0.84 0.41 0.03 -0.19 -0.34 -0.50 -0.69 -0.81 -1.06 -1.31 -1.62 -1.97 -2.25 -2.50 -2.75 -3.06 -3.41 -3.75 -4.06 -4.50 -4.88 -5.34 -5.81 -6.31 -6.75 -7.12 -7.59 -8.03 -8.44
3.94 3.94 4.03 4.09 4.12 4.16 4.22 4.28 4.34 4.38 4.44 4.44 4.41 4.28 4.25 4.22 4.28 4.31 4.31 4.28 4.22 4.19 4.19 4.22 4.31 4.44 4.59 4.75 4.94 5.06 5.09 4.97 4.66 4.22 4.75 5.06 4.34 4.00 3.50 3.06 2.81 2.53 2.19 1.97 1.50 0.84 0.41 0.06 -0.12 -0.28 -0.47 -0.62 -0.78 -1.00 -1.28 -1.59 -1.94 -2.25 -2.56 -2.88 -3.22 -3.59 -3.88 -4.09 -4.47 -4.91 -5.41 -5.91 -6.38 -6.88 -7.25 -7.56 -8.00 -8.47
3.78 3.78 3.88 3.97 4.00 4.03 4.09 4.16 4.25 4.28 4.31 4.31 4.28 4.22 4.22 4.22 4.25 4.25 4.25 4.22 4.19 4.19 4.22 4.25 4.38 4.50 4.66 4.81 4.97 5.12 5.16 5.09 4.81 4.38 4.62 5.06 4.69 4.03 3.66 3.12 2.97 2.59 2.38 2.03 1.56 0.72 0.25 0.06 -0.03 -0.22 -0.41 -0.59 -0.72 -0.97 -1.22 -1.56 -1.94 -2.28 -2.56 -2.91 -3.25 -3.62 -3.94 -4.19 -4.50 -4.97 -5.50 -5.91 -6.44 -6.81 -7.28 -7.72 -8.19 -8.66
3.53 3.53 3.66 3.72 3.78 3.81 3.88 3.97 4.03 4.12 4.16 4.16 4.09 4.09 4.12 4.16 4.19 4.19 4.19 4.16 4.16 4.16 4.19 4.28 4.38 4.53 4.69 4.84 5.03 5.16 5.25 5.22 5.00 4.59 4.59 5.12 4.84 3.75 3.47 3.12 2.97 2.75 2.44 2.03 1.16 0.44 0.03 0.06 0.00 -0.16 -0.34 -0.53 -0.69 -0.91 -1.16 -1.47 -1.91 -2.25 -2.59 -2.94 -3.25 -3.66 -3.97 -4.31 -4.62 -5.03 -5.50 -5.97 -6.44 -6.91 -7.44 -7.84 -8.28 -8.72
3.25 3.28 3.34 3.44 3.50 3.56 3.62 3.69 3.78 3.84 3.91 3.91 3.88 3.88 3.94 4.00 4.06 4.09 4.09 4.09 4.09 4.12 4.16 4.25 4.38 4.50 4.66 4.84 5.03 5.19 5.34 5.38 5.25 4.88 4.56 5.06 4.88 3.69 3.03 2.91 2.72 2.53 2.25 1.94 0.94 0.19 0.00 0.09 0.06 -0.09 -0.25 -0.47 -0.69 -0.91 -1.12 -1.44 -1.81 -2.16 -2.50 -2.91 -3.28 -3.66 -4.03 -4.41 -4.81 -5.25 -5.56 -6.00 -6.56 -7.03 -7.44 -7.88 -8.31 -8.75
2.94 2.97 3.00 3.12 3.22 3.25 3.31 3.41 3.50 3.59 3.66 3.69 3.66 3.66 3.72 3.81 3.88 3.94 3.97 4.00 4.00 4.03 4.09 4.19 4.31 4.44 4.62 4.81 5.00 5.19 5.38 5.50 5.53 5.28 4.75 4.91 4.78 3.91 3.06 3.06 2.78 2.59 2.28 2.00 1.09 0.16 0.16 0.16 0.09 0.00 -0.16 -0.41 -0.69 -0.91 -1.16 -1.47 -1.88 -2.19 -2.47 -2.84 -3.25 -3.62 -4.00 -4.41 -4.84 -5.28 -5.69 -6.12 -6.59 -7.12 -7.56 -8.03 -8.44 -8.91
2.50 2.56 2.59 2.69 2.84 2.94 3.03 3.12 3.22 3.31 3.41 3.50 3.50 3.47 3.53 3.62 3.69 3.78 3.84 3.88 3.91 3.94 4.03 4.09 4.22 4.34 4.50 4.69 4.88 5.09 5.34 5.59 5.78 5.72 5.31 4.84 4.62 4.09 3.56 3.44 3.22 2.81 2.41 1.78 1.09 0.56 0.28 0.25 0.16 0.06 -0.16 -0.38 -0.62 -0.84 -1.12 -1.41 -1.81 -2.09 -2.44 -2.84 -3.22 -3.59 -4.03 -4.44 -4.88 -5.31 -5.72 -6.22 -6.66 -7.09 -7.56 -7.97 -8.44 -8.94
1.84 1.81 1.88 2.00 2.16 2.38 2.50 2.62 2.78 2.94 3.09 3.19 3.22 3.25 3.31 3.41 3.50 3.59 3.66 3.69 3.75 3.84 3.94 4.00 4.06 4.19 4.31 4.47 4.62 4.84 5.16 5.50 5.81 5.97 5.59 5.03 4.75 4.59 4.12 3.84 3.78 3.34 2.53 1.62 1.25 0.69 0.47 0.12 0.19 0.09 -0.09 -0.31 -0.56 -0.81 -1.09 -1.38 -1.72 -2.06 -2.44 -2.84 -3.22 -3.53 -3.97 -4.47 -4.81 -5.31 -5.75 -6.25 -6.75 -7.09 -7.59 -8.03 -8.59 -9.16
1.22 1.06 0.91 0.97 1.12 1.28 1.41 1.62 1.78 1.97 2.12 2.25 2.31 2.38 2.50 2.72 2.88 3.00 3.09 3.25 3.47 3.72 3.91 3.94 3.84 3.94 4.06 4.12 4.22 4.38 4.62 5.06 5.53 5.72 5.41 5.19 5.16 5.06 4.53 4.16 4.12 3.75 2.91 1.84 1.41 0.84 0.59 0.31 0.38 0.09 -0.06 -0.25 -0.50 -0.78 -1.09 -1.38 -1.75 -2.19 -2.59 -2.97 -3.31 -3.69 -4.06 -4.53 -4.94 -5.28 -5.81 -6.34 -6.78 -7.25 -7.69 -8.16 -8.69 -9.16
1.12 0.88 0.69 0.75 0.88 1.00 1.16 1.31 1.47 1.59 1.72 1.81 1.91 1.97 2.03 2.09 2.16 2.19 2.22 2.28 2.44 2.69 3.00 3.34 3.72 3.66 3.56 3.53 3.50 3.50 3.69 4.12 4.69 5.03 5.12 5.31 5.31 5.12 4.59 4.28 4.22 4.00 3.38 2.75 2.06 1.38 0.47 0.31 0.16 0.06 -0.09 -0.25 -0.50 -0.75 -1.03 -1.34 -1.78 -2.19 -2.62 -3.00 -3.41 -3.81 -4.19 -4.66 -5.06 -5.50 -5.94 -6.44 -6.88 -7.28 -7.81 -8.31 -8.78 -9.16
1.12 0.81 0.53 0.53 0.66 0.78 0.91 1.06 1.19 1.31 1.41 1.53 1.59 1.66 1.69 1.72 1.75 1.78 1.81 1.84 1.94 2.22 2.56 2.94 3.38 3.62 3.44 3.09 2.78 2.66 2.75 3.19 3.81 4.59 5.28 5.59 5.41 4.84 4.38 4.12 4.34 4.12 3.25 3.12 3.09 2.06 0.81 0.38 0.16 -0.09 -0.12 -0.25 -0.47 -0.75 -1.06 -1.41 -1.84 -2.25 -2.62 -3.03 -3.41 -3.81 -4.28 -4.75 -5.22 -5.66 -6.03 -6.47 -6.84 -7.28 -7.88 -8.34 -8.69 -9.22
0.91 0.81 0.72 0.69 0.69 0.66 0.69 0.81 0.91 1.06 1.16 1.25 1.31 1.34 1.38 1.38 1.41 1.47 1.50 1.53 1.59 1.91 2.28 2.69 3.09 3.34 3.44 3.19 2.84 2.62 2.62 3.06 3.81 4.69 5.44 5.69 5.41 4.72 4.03 3.50 4.03 3.94 3.19 3.12 3.09 2.25 1.88 0.94 0.25 -0.16 -0.16 -0.22 -0.44 -0.72 -1.06 -1.44 -1.81 -2.25 -2.66 -3.09 -3.53 -3.94 -4.44 -4.88 -5.28 -5.78 -6.19 -6.56 -7.03 -7.53 -8.03 -8.53 -8.94 -9.34
0.84 0.75 0.72 0.69 0.72 0.75 0.75 0.81 0.88 0.91 0.94 1.03 1.09 1.12 1.16 1.19 1.19 1.25 1.31 1.34 1.41 1.66 2.00 2.47 2.88 3.16 3.25 3.12 2.88 2.69 2.59 2.97 3.75 4.56 5.22 5.53 5.28 4.69 4.03 3.41 3.78 3.81 3.28 3.19 3.19 3.03 1.47 0.28 -0.19 -0.31 -0.12 -0.22 -0.50 -0.72 -1.09 -1.47 -1.88 -2.31 -2.69 -3.06 -3.56 -4.00 -4.50 -4.91 -5.47 -5.97 -6.34 -6.81 -7.25 -7.66 -8.09 -8.53 -8.97 -9.47
0.72 0.69 0.69 0.69 0.72 0.75 0.84 0.94 0.91 0.84 0.81 0.84 0.91 1.00 1.06 1.09 1.16 1.19 1.19 1.22 1.25 1.41 1.78 2.22 2.62 2.91 3.03 2.94 2.94 2.69 2.31 2.56 3.34 4.31 5.06 5.38 5.19 4.69 4.12 3.56 3.69 3.81 3.72 3.62 3.47 2.25 1.34 0.50 0.12 -0.12 -0.12 -0.25 -0.50 -0.78 -1.12 -1.56 -1.94 -2.44 -2.78 -3.12 -3.56 -3.97 -4.47 -5.06 -5.66 -6.00 -6.44 -6.97 -7.44 -7.84 -8.28 -8.75 -9.12 -9.62
0.59 0.59 0.59 0.62 0.66 0.75 0.94 1.03 0.97 0.84 0.75 0.75 0.84 0.94 1.00 1.06 1.09 1.12 1.12 1.16 1.16 1.22 1.56 1.97 2.34 2.66 2.75 2.69 2.81 2.62 2.41 2.62 3.31 4.16 4.88 5.31 5.25 4.94 4.44 3.81 3.59 3.50 3.62 3.59 3.53 2.19 1.72 0.53 -0.50 -0.09 -0.22 -0.31 -0.56 -0.88 -1.16 -1.50 -1.97 -2.47 -2.91 -3.31 -3.72 -4.12 -4.66 -5.28 -5.75 -6.12 -6.59 -7.19 -7.66 -8.06 -8.47 -8.91 -9.38 -9.78
0.47 0.50 0.53 0.56 0.62 0.69 0.75 0.78 0.75 0.69 0.66 0.69 0.78 0.84 0.91 0.97 1.03 1.06 1.09 1.09 1.09 1.09 1.34 1.69 2.03 2.31 2.38 2.47 2.44 2.53 2.69 2.84 3.47 4.12 4.75 5.03 5.12 5.03 4.59 3.91 3.75 3.78 3.91 3.84 3.50 2.41 1.41 0.50 -0.38 -0.06 -0.25 -0.41 -0.59 -0.91 -1.25 -1.66 -2.09 -2.50 -2.94 -3.44 -3.84 -4.28 -4.78 -5.25 -5.84 -6.28 -6.88 -7.38 -7.75 -8.22 -8.66 -9.09 -9.50 -9.94
0.12 0.25 0.34 0.38 0.34 0.31 0.34 0.44 0.47 0.47 0.50 0.59 0.66 0.72 0.78 0.88 0.91 0.97 1.00 1.03 1.03 1.00 1.19 1.44 1.69 1.91 2.00 2.09 2.16 2.59 2.78 2.94 3.62 4.31 4.78 4.91 5.00 5.03 4.78 4.41 4.25 3.97 3.97 3.97 3.72 3.53 2.78 1.47 0.16 0.09 -0.28 -0.50 -0.72 -1.06 -1.38 -1.75 -2.19 -2.59 -3.03 -3.47 -3.97 -4.50 -5.06 -5.50 -5.94 -6.34 -6.91 -7.44 -7.88 -8.38 -8.84 -9.31 -9.75 -10.19
-0.38 -0.25 -0.16 -0.09 -0.09 -0.06 0.00 0.12 0.19 0.28 0.38 0.47 0.53 0.59 0.69 0.75 0.81 0.84 0.91 0.94 0.97 0.94 1.03 1.22 1.41 1.53 1.56 1.72 1.81 2.16 2.47 2.97 3.59 4.41 4.88 4.84 4.78 4.94 4.88 4.56 4.47 4.03 4.03 4.03 4.38 4.38 3.53 0.97 -0.31 -0.12 -0.34 -0.59 -0.88 -1.22 -1.53 -1.91 -2.34 -2.72 -3.12 -3.59 -4.03 -4.66 -5.19 -5.69 -6.09 -6.69 -7.22 -7.62 -8.00 -8.50 -9.06 -9.50 -10.00 -10.44
-0.56 -0.53 -0.47 -0.38 -0.28 -0.19 -0.09 0.00 0.09 0.16 0.25 0.31 0.41 0.47 0.53 0.59 0.66 0.72 0.78 0.84 0.88 0.88 0.91 1.00 1.16 1.22 1.25 1.38 1.56 1.84 2.22 2.81 3.34 4.22 4.88 4.91 4.84 4.69 4.88 4.84 4.81 4.25 4.19 4.25 4.34 4.09 3.59 0.22 -0.25 -0.06 -0.38 -0.62 -0.94 -1.34 -1.72 -2.12 -2.50 -2.91 -3.22 -3.59 -4.12 -4.78 -5.34 -5.78 -6.25 -6.81 -7.25 -7.78 -8.16 -8.66 -9.12 -9.69 -10.16 -10.56
-0.72 -0.66 -0.59 -0.50 -0.41 -0.31 -0.22 -0.12 -0.03 0.06 0.12 0.19 0.25 0.31 0.38 0.44 0.50 0.59 0.66 0.72 0.75 0.78 0.78 0.84 0.91 0.94 0.94 1.00 1.19 1.53 2.00 2.38 2.91 3.69 4.56 5.00 4.91 4.75 4.88 5.12 4.53 4.38 4.41 4.41 4.41 4.06 3.06 0.31 0.00 -0.16 -0.41 -0.69 -1.03 -1.41 -1.88 -2.31 -2.75 -3.09 -3.47 -3.84 -4.25 -4.78 -5.47 -6.06 -6.53 -6.94 -7.41 -7.94 -8.31 -8.75 -9.19 -9.69 -10.12 -10.56
-0.88 -0.81 -0.72 -0.66 -0.56 -0.47 -0.34 -0.25 -0.16 -0.06 -0.03 0.03 0.09 0.16 0.22 0.28 0.34 0.44 0.50 0.56 0.59 0.62 0.66 0.66 0.69 0.69 0.66 0.72 0.84 1.16 1.66 2.00 2.47 3.16 4.00 4.88 5.16 4.91 4.66 5.16 4.41 4.44 4.44 4.44 4.38 4.19 2.44 0.50 0.12 -0.12 -0.44 -0.75 -1.06 -1.47 -2.00 -2.41 -2.84 -3.28 -3.69 -4.06 -4.50 -5.03 -5.56 -6.09 -6.72 -7.25 -7.62 -8.12 -8.47 -8.97 -9.59 -10.00 -10.28 -10.72
-1.03 -0.97 -0.88 -0.81 -0.72 -0.62 -0.53 -0.41 -0.31 -0.22 -0.16 -0.09 -0.06 0.00 0.06 0.12 0.19 0.25 0.31 0.38 0.41 0.47 0.50 0.50 0.50 0.50 0.47 0.50 0.62 0.97 1.25 1.66 2.06 2.66 3.44 4.41 5.22 4.97 4.78 4.97 4.44 4.34 4.31 4.28 4.66 3.69 2.44 1.47 0.69 -0.06 -0.41 -0.75 -1.09 -1.50 -2.03 -2.56 -3.03 -3.41 -3.81 -4.25 -4.72 -5.22 -5.78 -6.31 -6.84 -7.44 -7.75 -8.22 -8.59 -9.12 -9.75 -10.19 -10.59 -11.12
-1.19 -1.12 -1.03 -0.94 -0.88 -0.78 -0.69 -0.56 -0.47 -0.38 -0.28 -0.22 -0.19 -0.16 -0.09 -0.03 0.03 0.09 0.16 0.19 0.25 0.31 0.34 0.34 0.34 0.31 0.28 0.31 0.41 0.62 0.97 1.41 1.75 2.38 3.06 4.00 4.97 5.28 5.09 4.47 3.81 3.25 3.00 3.31 3.53 3.09 2.97 2.28 1.12 0.06 -0.41 -0.91 -1.19 -1.59 -2.09 -2.69 -3.12 -3.56 -4.06 -4.53 -4.94 -5.47 -6.00 -6.56 -7.09 -7.56 -8.06 -8.56 -8.91 -9.44 -9.94 -10.41 -10.88 -11.41
-1.34 -1.28 -1.19 -1.12 -1.03 -0.94 -0.84 -0.75 -0.66 -0.53 -0.44 -0.38 -0.34 -0.28 -0.25 -0.19 -0.12 -0.09 -0.03 0.03 0.06 0.12 0.16 0.19 0.19 0.16 0.12 0.12 0.22 0.44 0.81 1.38 1.72 2.03 2.78 3.44 4.16 4.38 4.12 3.47 2.81 2.41 2.06 2.28 2.50 2.66 2.59 2.19 0.94 0.09 -0.50 -0.97 -1.31 -1.78 -2.28 -2.78 -3.31 -3.75 -4.25 -4.72 -5.25 -5.72 -6.22 -6.81 -7.31 -7.81 -8.34 -8.75 -9.22 -9.72 -10.16 -10.62 -11.19 -11.69
-1.53 -1.44 -1.34 -1.28 -1.19 -1.09 -1.03 -0.94 -0.84 -0.75 -0.62 -0.56 -0.50 -0.44 -0.38 -0.34 -0.31 -0.25 -0.19 -0.16 -0.09 -0.03 -0.03 0.03 0.00 0.00 -0.03 -0.03 0.06 0.28 0.69 1.31 1.66 2.12 2.62 2.97 3.12 3.06 2.78 2.41 2.03 1.78 1.50 1.56 1.75 2.06 2.00 1.62 0.62 -0.12 -0.62 -1.03 -1.44 -1.94 -2.44 -2.97 -3.44 -3.94 -4.41 -4.91 -5.44 -5.97 -6.50 -7.03 -7.50 -8.00 -8.53 -9.03 -9.44 -9.88 -10.38 -10.88 -11.41 -11.94
-1.69 -1.59 -1.53 -1.44 -1.34 -1.25 -1.19 -1.09 -1.00 -0.94 -0.84 -0.75 -0.69 -0.62 -0.56 -0.53 -0.47 -0.41 -0.34 -0.31 -0.25 -0.22 -0.19 -0.16 -0.16 -0.16 -0.19 -0.22 -0.12 0.16 0.56 1.16 1.72 2.44 2.31 2.25 2.16 2.06 1.91 1.75 1.56 1.31 1.09 1.00 0.94 1.06 1.09 0.72 0.16 -0.38 -0.78 -1.12 -1.66 -2.12 -2.66 -3.19 -3.66 -4.16 -4.75 -5.25 -5.69 -6.16 -6.72 -7.25 -7.78 -8.16 -8.66 -9.25 -9.72 -9.97 -10.56 -11.12 -11.59 -12.19
