everonasctiles/Tile[33,0].asc
ncols 128
nrows 128
xllcorner 0
yllcorner 0
cellsize 2.0
NODATA_value  -9999
[rows 64 to 95 of 128, columns 0 to 70 of 128]
-50.25 -50.31 -50.41 -50.53 -50.62 -50.72 -50.84 -50.94 -51.06 -51.16 -51.28 -51.38 -51.47 -51.56 -51.66 -51.78 -51.91 -52.06 -52.22 -52.34 -52.50 -52.69 -52.84 -53.00 -53.19 -53.38 -53.56 -53.75 -53.94 -54.12 -54.31 -54.50 -54.69 -54.84 -55.03 -55.22 -55.41 -55.59 -55.78 -55.94 -56.12 -56.31 -56.50 -56.69 -56.88 -57.09 -57.28 -57.50 -57.75 -57.97 -58.19 -58.41 -58.62 -58.84 -59.09 -59.34 -59.59 -59.88 -60.16 -60.41 -60.69 -61.00 -61.28 -61.59 -61.88 -62.16 -62.44 -62.72 -62.97 -63.25 -63.50
-50.31 -50.38 -50.47 -50.56 -50.66 -50.78 -50.88 -50.97 -51.09 -51.19 -51.31 -51.41 -51.50 -51.59 -51.72 -51.81 -51.97 -52.09 -52.25 -52.38 -52.53 -52.69 -52.88 -53.03 -53.22 -53.41 -53.59 -53.78 -53.97 -54.16 -54.34 -54.53 -54.72 -54.91 -55.09 -55.25 -55.44 -55.62 -55.78 -55.97 -56.16 -56.34 -56.50 -56.69 -56.91 -57.09 -57.31 -57.53 -57.78 -58.00 -58.22 -58.44 -58.66 -58.91 -59.12 -59.38 -59.62 -59.91 -60.16 -60.44 -60.72 -60.97 -61.25 -61.56 -61.84 -62.12 -62.41 -62.69 -62.94 -63.22 -63.47
-50.34 -50.44 -50.53 -50.59 -50.69 -50.81 -50.91 -51.00 -51.12 -51.22 -51.31 -51.44 -51.53 -51.62 -51.75 -51.88 -52.00 -52.12 -52.28 -52.41 -52.56 -52.72 -52.88 -53.06 -53.22 -53.41 -53.62 -53.81 -54.00 -54.19 -54.38 -54.56 -54.75 -54.94 -55.12 -55.28 -55.47 -55.62 -55.81 -55.97 -56.16 -56.31 -56.50 -56.72 -56.91 -57.12 -57.34 -57.56 -57.78 -58.00 -58.25 -58.47 -58.69 -58.94 -59.16 -59.41 -59.66 -59.91 -60.19 -60.44 -60.72 -60.97 -61.25 -61.56 -61.84 -62.12 -62.41 -62.69 -62.94 -63.22 -63.47
-50.41 -50.50 -50.56 -50.66 -50.72 -50.81 -50.94 -51.03 -51.12 -51.25 -51.34 -51.47 -51.56 -51.66 -51.78 -51.91 -52.03 -52.16 -52.31 -52.44 -52.59 -52.75 -52.91 -53.06 -53.25 -53.44 -53.62 -53.81 -54.00 -54.19 -54.41 -54.59 -54.78 -54.94 -55.12 -55.28 -55.47 -55.62 -55.81 -55.97 -56.12 -56.31 -56.50 -56.69 -56.91 -57.12 -57.34 -57.56 -57.78 -58.00 -58.25 -58.47 -58.72 -58.94 -59.19 -59.41 -59.66 -59.91 -60.16 -60.44 -60.72 -61.00 -61.28 -61.56 -61.84 -62.16 -62.44 -62.72 -62.97 -63.25 -63.50
-50.44 -50.53 -50.59 -50.69 -50.75 -50.84 -50.94 -51.06 -51.16 -51.28 -51.38 -51.47 -51.59 -51.69 -51.81 -51.94 -52.06 -52.19 -52.34 -52.47 -52.62 -52.78 -52.91 -53.09 -53.25 -53.44 -53.62 -53.81 -54.03 -54.22 -54.41 -54.59 -54.75 -54.94 -55.12 -55.28 -55.44 -55.62 -55.78 -55.94 -56.12 -56.28 -56.47 -56.69 -56.88 -57.09 -57.31 -57.53 -57.75 -58.00 -58.22 -58.47 -58.69 -58.94 -59.16 -59.38 -59.62 -59.88 -60.12 -60.41 -60.69 -60.97 -61.25 -61.56 -61.88 -62.16 -62.47 -62.75 -63.03 -63.28 -63.53
-50.47 -50.56 -50.62 -50.72 -50.78 -50.88 -50.97 -51.09 -51.19 -51.28 -51.41 -51.50 -51.62 -51.72 -51.84 -51.94 -52.09 -52.22 -52.34 -52.50 -52.66 -52.78 -52.94 -53.09 -53.28 -53.44 -53.62 -53.81 -54.03 -54.22 -54.41 -54.56 -54.75 -54.94 -55.09 -55.25 -55.44 -55.59 -55.78 -55.94 -56.12 -56.31 -56.50 -56.69 -56.88 -57.09 -57.31 -57.53 -57.75 -57.97 -58.19 -58.44 -58.66 -58.88 -59.12 -59.34 -59.59 -59.84 -60.09 -60.38 -60.66 -60.94 -61.25 -61.53 -61.84 -62.16 -62.47 -62.75 -63.03 -63.31 -63.56
-50.50 -50.59 -50.66 -50.75 -50.81 -50.91 -51.00 -51.09 -51.22 -51.31 -51.44 -51.53 -51.62 -51.75 -51.88 -51.97 -52.12 -52.25 -52.38 -52.53 -52.69 -52.81 -52.97 -53.12 -53.31 -53.47 -53.66 -53.84 -54.00 -54.19 -54.38 -54.56 -54.72 -54.91 -55.06 -55.25 -55.41 -55.59 -55.78 -55.94 -56.12 -56.31 -56.50 -56.69 -56.91 -57.09 -57.28 -57.50 -57.72 -57.94 -58.16 -58.38 -58.62 -58.84 -59.06 -59.31 -59.56 -59.81 -60.06 -60.34 -60.62 -60.91 -61.19 -61.50 -61.81 -62.12 -62.44 -62.75 -63.03 -63.31 -63.59
-50.50 -50.59 -50.69 -50.78 -50.84 -50.94 -51.03 -51.16 -51.25 -51.34 -51.44 -51.56 -51.66 -51.78 -51.91 -52.00 -52.12 -52.28 -52.41 -52.56 -52.69 -52.84 -53.00 -53.16 -53.34 -53.50 -53.66 -53.84 -54.03 -54.19 -54.38 -54.53 -54.72 -54.88 -55.06 -55.22 -55.41 -55.59 -55.78 -55.97 -56.16 -56.34 -56.53 -56.72 -56.91 -57.09 -57.31 -57.50 -57.69 -57.91 -58.12 -58.34 -58.59 -58.81 -59.03 -59.28 -59.53 -59.78 -60.03 -60.31 -60.59 -60.88 -61.19 -61.47 -61.78 -62.09 -62.41 -62.72 -63.00 -63.28 -63.56
-50.53 -50.62 -50.72 -50.81 -50.88 -50.97 -51.06 -51.19 -51.28 -51.38 -51.50 -51.59 -51.69 -51.81 -51.91 -52.03 -52.16 -52.31 -52.44 -52.56 -52.72 -52.88 -53.03 -53.22 -53.38 -53.53 -53.69 -53.88 -54.03 -54.19 -54.38 -54.53 -54.72 -54.88 -55.06 -55.25 -55.41 -55.59 -55.78 -55.97 -56.16 -56.38 -56.56 -56.75 -56.94 -57.12 -57.31 -57.50 -57.72 -57.91 -58.12 -58.34 -58.56 -58.78 -59.03 -59.28 -59.50 -59.75 -60.00 -60.28 -60.56 -60.88 -61.16 -61.47 -61.75 -62.06 -62.38 -62.69 -62.97 -63.28 -63.56
-50.53 -50.62 -50.72 -50.81 -50.91 -51.00 -51.12 -51.22 -51.31 -51.41 -51.53 -51.62 -51.72 -51.84 -51.94 -52.06 -52.19 -52.31 -52.47 -52.59 -52.75 -52.91 -53.06 -53.25 -53.41 -53.56 -53.75 -53.91 -54.06 -54.22 -54.41 -54.56 -54.75 -54.91 -55.09 -55.25 -55.44 -55.62 -55.81 -56.00 -56.19 -56.38 -56.59 -56.78 -56.97 -57.12 -57.31 -57.53 -57.72 -57.94 -58.12 -58.34 -58.56 -58.81 -59.03 -59.28 -59.50 -59.75 -60.00 -60.28 -60.56 -60.84 -61.16 -61.44 -61.75 -62.03 -62.34 -62.62 -62.94 -63.25 -63.53
-50.56 -50.66 -50.75 -50.84 -50.94 -51.03 -51.16 -51.25 -51.34 -51.44 -51.53 -51.66 -51.75 -51.88 -51.97 -52.09 -52.22 -52.34 -52.47 -52.62 -52.78 -52.94 -53.09 -53.25 -53.44 -53.59 -53.78 -53.94 -54.09 -54.25 -54.44 -54.59 -54.78 -54.94 -55.12 -55.31 -55.47 -55.66 -55.84 -56.03 -56.22 -56.44 -56.62 -56.78 -56.97 -57.16 -57.34 -57.53 -57.72 -57.94 -58.16 -58.38 -58.59 -58.81 -59.06 -59.28 -59.53 -59.78 -60.03 -60.28 -60.56 -60.84 -61.12 -61.41 -61.72 -62.00 -62.28 -62.59 -62.91 -63.19 -63.50
-50.59 -50.69 -50.78 -50.88 -50.97 -51.06 -51.16 -51.25 -51.38 -51.47 -51.56 -51.66 -51.78 -51.88 -52.00 -52.12 -52.25 -52.38 -52.50 -52.66 -52.81 -52.97 -53.12 -53.28 -53.44 -53.62 -53.78 -53.97 -54.12 -54.28 -54.47 -54.62 -54.81 -55.00 -55.16 -55.34 -55.53 -55.69 -55.88 -56.06 -56.25 -56.44 -56.62 -56.81 -57.00 -57.16 -57.34 -57.53 -57.75 -57.94 -58.16 -58.41 -58.62 -58.84 -59.09 -59.31 -59.56 -59.78 -60.03 -60.31 -60.56 -60.84 -61.12 -61.41 -61.69 -61.97 -62.25 -62.56 -62.84 -63.16 -63.47
-50.59 -50.69 -50.81 -50.91 -51.00 -51.09 -51.19 -51.28 -51.38 -51.47 -51.59 -51.69 -51.78 -51.91 -52.03 -52.12 -52.25 -52.38 -52.53 -52.66 -52.81 -52.97 -53.12 -53.28 -53.47 -53.62 -53.81 -53.97 -54.16 -54.31 -54.50 -54.66 -54.84 -55.00 -55.19 -55.38 -55.53 -55.72 -55.91 -56.06 -56.25 -56.44 -56.62 -56.81 -56.97 -57.16 -57.34 -57.53 -57.75 -57.97 -58.19 -58.41 -58.62 -58.88 -59.09 -59.34 -59.59 -59.84 -60.06 -60.34 -60.59 -60.84 -61.12 -61.38 -61.66 -61.94 -62.22 -62.53 -62.81 -63.12 -63.44
-50.62 -50.72 -50.81 -50.91 -51.00 -51.09 -51.19 -51.28 -51.41 -51.50 -51.59 -51.72 -51.81 -51.91 -52.03 -52.16 -52.28 -52.41 -52.53 -52.66 -52.81 -52.97 -53.12 -53.31 -53.47 -53.62 -53.81 -53.97 -54.16 -54.31 -54.50 -54.66 -54.84 -55.03 -55.19 -55.38 -55.56 -55.72 -55.91 -56.06 -56.25 -56.41 -56.59 -56.78 -56.97 -57.12 -57.31 -57.53 -57.75 -57.97 -58.19 -58.41 -58.66 -58.88 -59.12 -59.38 -59.62 -59.84 -60.09 -60.34 -60.62 -60.88 -61.12 -61.41 -61.66 -61.94 -62.22 -62.50 -62.81 -63.09 -63.41
-50.66 -50.72 -50.81 -50.91 -51.00 -51.09 -51.19 -51.31 -51.41 -51.50 -51.62 -51.72 -51.81 -51.94 -52.06 -52.16 -52.28 -52.41 -52.53 -52.69 -52.84 -53.00 -53.16 -53.31 -53.47 -53.62 -53.81 -53.97 -54.12 -54.31 -54.47 -54.66 -54.84 -55.00 -55.19 -55.38 -55.56 -55.72 -55.88 -56.06 -56.22 -56.41 -56.56 -56.75 -56.94 -57.12 -57.31 -57.53 -57.75 -57.97 -58.19 -58.41 -58.66 -58.88 -59.12 -59.38 -59.62 -59.88 -60.12 -60.38 -60.62 -60.88 -61.12 -61.38 -61.66 -61.94 -62.22 -62.50 -62.81 -63.09 -63.41
-50.69 -50.75 -50.84 -50.94 -51.00 -51.12 -51.22 -51.31 -51.44 -51.53 -51.62 -51.75 -51.84 -51.97 -52.06 -52.19 -52.31 -52.44 -52.56 -52.72 -52.88 -53.00 -53.16 -53.31 -53.47 -53.62 -53.81 -53.97 -54.12 -54.31 -54.47 -54.66 -54.81 -55.00 -55.19 -55.38 -55.53 -55.72 -55.88 -56.03 -56.22 -56.38 -56.56 -56.75 -56.94 -57.12 -57.34 -57.53 -57.75 -57.97 -58.19 -58.41 -58.62 -58.88 -59.12 -59.38 -59.62 -59.88 -60.12 -60.38 -60.62 -60.88 -61.12 -61.38 -61.62 -61.91 -62.22 -62.50 -62.81 -63.12 -63.44
-50.72 -50.78 -50.88 -50.94 -51.03 -51.12 -51.25 -51.34 -51.44 -51.56 -51.66 -51.75 -51.88 -51.97 -52.09 -52.22 -52.34 -52.47 -52.59 -52.75 -52.88 -53.03 -53.19 -53.31 -53.47 -53.62 -53.81 -53.97 -54.12 -54.28 -54.47 -54.62 -54.81 -55.00 -55.19 -55.34 -55.53 -55.69 -55.88 -56.03 -56.22 -56.38 -56.56 -56.75 -56.97 -57.16 -57.34 -57.56 -57.78 -57.97 -58.19 -58.41 -58.62 -58.88 -59.09 -59.34 -59.59 -59.84 -60.09 -60.34 -60.59 -60.84 -61.09 -61.38 -61.62 -61.91 -62.22 -62.53 -62.84 -63.16 -63.44
-50.75 -50.81 -50.88 -50.97 -51.06 -51.16 -51.28 -51.38 -51.47 -51.56 -51.69 -51.78 -51.91 -52.00 -52.12 -52.25 -52.38 -52.50 -52.62 -52.78 -52.91 -53.06 -53.19 -53.34 -53.47 -53.62 -53.78 -53.94 -54.12 -54.28 -54.47 -54.62 -54.81 -54.97 -55.16 -55.34 -55.53 -55.69 -55.88 -56.06 -56.22 -56.41 -56.59 -56.78 -57.00 -57.19 -57.38 -57.59 -57.78 -58.00 -58.22 -58.41 -58.66 -58.88 -59.09 -59.34 -59.59 -59.81 -60.06 -60.31 -60.56 -60.81 -61.06 -61.34 -61.62 -61.94 -62.25 -62.56 -62.84 -63.16 -63.47
-50.78 -50.84 -50.91 -51.00 -51.09 -51.19 -51.31 -51.41 -51.50 -51.59 -51.72 -51.81 -51.94 -52.03 -52.16 -52.28 -52.41 -52.53 -52.66 -52.78 -52.94 -53.06 -53.19 -53.34 -53.47 -53.62 -53.78 -53.94 -54.09 -54.28 -54.44 -54.62 -54.81 -54.97 -55.16 -55.34 -55.53 -55.69 -55.88 -56.06 -56.25 -56.44 -56.62 -56.81 -57.03 -57.22 -57.41 -57.62 -57.81 -58.03 -58.22 -58.44 -58.66 -58.88 -59.09 -59.34 -59.56 -59.81 -60.03 -60.28 -60.53 -60.78 -61.06 -61.34 -61.66 -61.94 -62.25 -62.56 -62.88 -63.16 -63.47
-50.78 -50.88 -50.94 -51.03 -51.12 -51.22 -51.34 -51.44 -51.53 -51.66 -51.75 -51.84 -51.97 -52.06 -52.19 -52.31 -52.44 -52.56 -52.69 -52.81 -52.94 -53.06 -53.19 -53.34 -53.47 -53.62 -53.78 -53.94 -54.09 -54.28 -54.44 -54.62 -54.81 -54.97 -55.16 -55.34 -55.53 -55.72 -55.91 -56.09 -56.28 -56.47 -56.66 -56.88 -57.06 -57.25 -57.44 -57.62 -57.84 -58.03 -58.25 -58.47 -58.66 -58.88 -59.12 -59.34 -59.56 -59.78 -60.03 -60.25 -60.53 -60.78 -61.06 -61.34 -61.66 -61.97 -62.25 -62.56 -62.88 -63.16 -63.44
-50.81 -50.91 -50.97 -51.06 -51.16 -51.25 -51.34 -51.47 -51.56 -51.66 -51.78 -51.88 -52.00 -52.09 -52.22 -52.34 -52.47 -52.59 -52.72 -52.84 -52.97 -53.09 -53.22 -53.34 -53.47 -53.62 -53.78 -53.94 -54.09 -54.28 -54.44 -54.62 -54.81 -55.00 -55.19 -55.38 -55.56 -55.75 -55.94 -56.12 -56.31 -56.53 -56.72 -56.91 -57.09 -57.28 -57.47 -57.66 -57.84 -58.06 -58.25 -58.47 -58.69 -58.91 -59.12 -59.34 -59.56 -59.81 -60.03 -60.28 -60.53 -60.81 -61.06 -61.34 -61.66 -61.94 -62.25 -62.56 -62.84 -63.16 -63.44
-50.84 -50.91 -51.00 -51.09 -51.16 -51.25 -51.38 -51.47 -51.59 -51.69 -51.78 -51.91 -52.00 -52.12 -52.22 -52.34 -52.50 -52.62 -52.75 -52.88 -53.00 -53.12 -53.25 -53.38 -53.50 -53.62 -53.78 -53.94 -54.09 -54.28 -54.47 -54.66 -54.84 -55.03 -55.22 -55.41 -55.59 -55.78 -55.97 -56.16 -56.34 -56.53 -56.72 -56.91 -57.09 -57.28 -57.47 -57.66 -57.88 -58.06 -58.25 -58.47 -58.69 -58.91 -59.16 -59.38 -59.59 -59.84 -60.09 -60.31 -60.56 -60.81 -61.09 -61.38 -61.66 -61.94 -62.22 -62.53 -62.81 -63.12 -63.41
-50.84 -50.91 -51.00 -51.09 -51.19 -51.28 -51.38 -51.47 -51.59 -51.69 -51.81 -51.91 -52.00 -52.12 -52.25 -52.38 -52.50 -52.62 -52.75 -52.88 -53.00 -53.12 -53.28 -53.41 -53.53 -53.66 -53.81 -53.97 -54.12 -54.28 -54.47 -54.66 -54.84 -55.03 -55.22 -55.41 -55.59 -55.78 -55.97 -56.19 -56.38 -56.56 -56.72 -56.91 -57.09 -57.28 -57.47 -57.66 -57.88 -58.06 -58.28 -58.47 -58.72 -58.94 -59.16 -59.41 -59.62 -59.88 -60.12 -60.38 -60.62 -60.88 -61.12 -61.38 -61.66 -61.94 -62.22 -62.50 -62.78 -63.09 -63.38
-50.84 -50.94 -51.00 -51.09 -51.19 -51.28 -51.38 -51.50 -51.59 -51.69 -51.81 -51.91 -52.00 -52.12 -52.25 -52.38 -52.50 -52.62 -52.75 -52.88 -53.03 -53.16 -53.28 -53.44 -53.56 -53.69 -53.84 -54.00 -54.16 -54.31 -54.50 -54.66 -54.84 -55.03 -55.22 -55.41 -55.59 -55.78 -55.97 -56.16 -56.34 -56.53 -56.72 -56.91 -57.09 -57.28 -57.47 -57.69 -57.88 -58.09 -58.28 -58.50 -58.72 -58.97 -59.19 -59.44 -59.69 -59.91 -60.16 -60.41 -60.66 -60.91 -61.12 -61.38 -61.66 -61.91 -62.19 -62.47 -62.75 -63.03 -63.34
-50.88 -50.94 -51.00 -51.09 -51.19 -51.28 -51.38 -51.50 -51.59 -51.72 -51.81 -51.91 -52.03 -52.16 -52.25 -52.38 -52.50 -52.62 -52.75 -52.91 -53.03 -53.16 -53.31 -53.44 -53.59 -53.72 -53.88 -54.03 -54.19 -54.34 -54.50 -54.69 -54.84 -55.03 -55.19 -55.38 -55.56 -55.75 -55.97 -56.16 -56.34 -56.53 -56.72 -56.91 -57.09 -57.28 -57.47 -57.69 -57.91 -58.09 -58.31 -58.53 -58.75 -59.00 -59.22 -59.47 -59.69 -59.94 -60.19 -60.41 -60.66 -60.91 -61.12 -61.38 -61.62 -61.91 -62.16 -62.44 -62.72 -63.00 -63.31
-50.88 -50.94 -51.03 -51.09 -51.19 -51.28 -51.38 -51.50 -51.59 -51.72 -51.81 -51.94 -52.03 -52.16 -52.28 -52.41 -52.53 -52.66 -52.78 -52.91 -53.03 -53.16 -53.31 -53.44 -53.59 -53.75 -53.88 -54.03 -54.19 -54.34 -54.50 -54.69 -54.84 -55.00 -55.19 -55.38 -55.56 -55.75 -55.94 -56.12 -56.31 -56.50 -56.69 -56.88 -57.09 -57.28 -57.50 -57.69 -57.91 -58.12 -58.34 -58.56 -58.78 -59.00 -59.25 -59.47 -59.69 -59.94 -60.16 -60.41 -60.66 -60.88 -61.12 -61.38 -61.62 -61.88 -62.16 -62.44 -62.72 -63.00 -63.28
-50.91 -50.97 -51.06 -51.12 -51.22 -51.31 -51.41 -51.50 -51.62 -51.72 -51.84 -51.94 -52.06 -52.19 -52.28 -52.41 -52.53 -52.66 -52.78 -52.91 -53.03 -53.16 -53.31 -53.44 -53.59 -53.75 -53.91 -54.03 -54.19 -54.34 -54.50 -54.69 -54.84 -55.00 -55.19 -55.38 -55.56 -55.75 -55.94 -56.12 -56.31 -56.50 -56.72 -56.91 -57.09 -57.31 -57.50 -57.72 -57.94 -58.16 -58.34 -58.56 -58.81 -59.03 -59.25 -59.47 -59.69 -59.94 -60.16 -60.38 -60.62 -60.84 -61.09 -61.34 -61.59 -61.88 -62.16 -62.44 -62.72 -63.00 -63.28
-50.94 -51.00 -51.06 -51.16 -51.25 -51.34 -51.44 -51.53 -51.62 -51.75 -51.84 -51.97 -52.09 -52.19 -52.31 -52.41 -52.53 -52.66 -52.78 -52.91 -53.03 -53.16 -53.31 -53.44 -53.59 -53.72 -53.88 -54.03 -54.19 -54.34 -54.50 -54.66 -54.84 -55.03 -55.19 -55.38 -55.56 -55.75 -55.94 -56.16 -56.34 -56.53 -56.72 -56.94 -57.12 -57.34 -57.53 -57.75 -57.94 -58.16 -58.38 -58.59 -58.81 -59.03 -59.25 -59.47 -59.69 -59.91 -60.12 -60.38 -60.59 -60.84 -61.09 -61.34 -61.59 -61.88 -62.16 -62.44 -62.72 -63.00 -63.28
-50.94 -51.03 -51.09 -51.19 -51.28 -51.38 -51.47 -51.56 -51.66 -51.78 -51.88 -52.00 -52.09 -52.22 -52.31 -52.44 -52.53 -52.66 -52.78 -52.91 -53.03 -53.16 -53.28 -53.44 -53.56 -53.72 -53.84 -54.00 -54.16 -54.31 -54.50 -54.66 -54.84 -55.03 -55.22 -55.41 -55.59 -55.78 -55.97 -56.16 -56.38 -56.56 -56.75 -56.97 -57.16 -57.38 -57.56 -57.78 -57.97 -58.19 -58.41 -58.62 -58.84 -59.06 -59.25 -59.47 -59.69 -59.91 -60.12 -60.38 -60.59 -60.84 -61.09 -61.34 -61.62 -61.88 -62.16 -62.44 -62.72 -63.00 -63.28
-50.97 -51.03 -51.12 -51.22 -51.31 -51.41 -51.50 -51.59 -51.69 -51.78 -51.91 -52.00 -52.12 -52.22 -52.34 -52.47 -52.56 -52.69 -52.78 -52.91 -53.03 -53.16 -53.28 -53.41 -53.56 -53.69 -53.84 -54.00 -54.16 -54.31 -54.47 -54.66 -54.84 -55.03 -55.22 -55.41 -55.62 -55.81 -56.00 -56.19 -56.41 -56.59 -56.81 -57.00 -57.19 -57.41 -57.59 -57.81 -58.00 -58.22 -58.44 -58.62 -58.84 -59.06 -59.25 -59.47 -59.69 -59.91 -60.16 -60.38 -60.62 -60.88 -61.12 -61.38 -61.66 -61.91 -62.19 -62.47 -62.72 -63.00 -63.28
-50.97 -51.03 -51.12 -51.22 -51.31 -51.41 -51.50 -51.59 -51.69 -51.81 -51.91 -52.03 -52.12 -52.25 -52.38 -52.47 -52.59 -52.69 -52.81 -52.91 -53.03 -53.16 -53.28 -53.41 -53.53 -53.69 -53.81 -53.97 -54.12 -54.31 -54.47 -54.66 -54.84 -55.03 -55.25 -55.44 -55.62 -55.84 -56.03 -56.22 -56.44 -56.62 -56.84 -57.03 -57.22 -57.44 -57.62 -57.84 -58.03 -58.25 -58.44 -58.66 -58.88 -59.06 -59.28 -59.50 -59.72 -59.94 -60.16 -60.41 -60.66 -60.88 -61.16 -61.41 -61.66 -61.94 -62.19 -62.47 -62.75 -63.03 -63.28
-50.97 -51.03 -51.12 -51.22 -51.31 -51.41 -51.50 -51.59 -51.69 -51.81 -51.91 -52.03 -52.16 -52.25 -52.38 -52.50 -52.59 -52.72 -52.81 -52.94 -53.03 -53.16 -53.28 -53.41 -53.53 -53.69 -53.81 -53.97 -54.12 -54.31 -54.50 -54.69 -54.88 -55.06 -55.25 -55.44 -55.66 -55.84 -56.06 -56.25 -56.47 -56.66 -56.84 -57.06 -57.25 -57.44 -57.66 -57.84 -58.06 -58.25 -58.47 -58.66 -58.88 -59.09 -59.28 -59.50 -59.72 -59.94 -60.19 -60.41 -60.66 -60.91 -61.16 -61.44 -61.69 -61.94 -62.22 -62.47 -62.75 -63.03 -63.28
