everonasctiles/Tile[22,33].asc
ncols 128
nrows 128
xllcorner 0
yllcorner 0
cellsize 2.0
NODATA_value  -9999
[rows 76 to 113 of 128, columns 0 to 83 of 128]
0.84 0.94 0.97 1.03 1.09 1.12 1.16 1.19 1.25 1.28 1.31 1.31 1.31 1.28 1.28 1.28 1.25 1.22 1.19 1.19 1.16 1.16 1.16 1.16 1.16 1.16 1.19 1.19 1.25 1.28 1.34 1.41 1.50 1.62 1.69 1.69 1.69 1.72 1.72 1.72 1.72 1.75 1.75 1.75 1.75 1.78 1.81 1.91 2.03 2.19 2.41 2.56 2.62 2.66 2.66 2.62 2.66 2.59 2.62 2.53 2.59 2.53 2.62 2.66 2.62 2.59 2.50 2.31 2.19 2.09 2.03 2.00 1.97 1.94 1.91 1.91 1.84 1.81 1.81 1.78 1.75 1.75 1.72 1.69
0.91 0.94 1.03 1.06 1.12 1.16 1.19 1.22 1.28 1.31 1.38 1.38 1.34 1.34 1.31 1.31 1.28 1.25 1.25 1.22 1.22 1.22 1.22 1.25 1.25 1.28 1.28 1.34 1.44 1.53 1.62 1.66 1.66 1.69 1.69 1.69 1.69 1.72 1.72 1.72 1.75 1.78 1.84 1.91 1.97 2.00 2.09 2.25 2.47 2.75 3.06 3.28 3.47 3.66 3.78 3.84 3.88 3.88 3.81 3.78 3.69 3.78 3.81 3.88 3.88 3.72 3.50 3.25 2.97 2.72 2.56 2.44 2.31 2.28 2.25 2.22 2.16 2.09 2.00 1.94 1.88 1.84 1.84 1.81
0.97 1.00 1.06 1.09 1.19 1.22 1.25 1.28 1.31 1.38 1.41 1.44 1.44 1.44 1.38 1.38 1.38 1.34 1.31 1.28 1.28 1.28 1.28 1.38 1.47 1.56 1.62 1.62 1.62 1.62 1.66 1.66 1.66 1.69 1.69 1.69 1.72 1.75 1.78 1.84 1.84 1.94 1.97 2.00 2.09 2.19 2.38 2.62 2.97 3.38 3.69 3.97 4.25 4.59 4.78 4.84 4.88 4.84 4.75 4.69 4.72 4.84 4.84 4.88 4.81 4.66 4.53 4.38 4.12 3.81 3.53 3.31 3.12 2.97 2.84 2.72 2.62 2.56 2.47 2.34 2.22 2.12 2.03 1.97
1.03 1.06 1.09 1.16 1.22 1.25 1.28 1.34 1.38 1.41 1.47 1.47 1.50 1.50 1.50 1.50 1.47 1.44 1.41 1.44 1.50 1.56 1.56 1.59 1.59 1.59 1.62 1.62 1.62 1.62 1.62 1.62 1.62 1.66 1.66 1.69 1.75 1.75 1.78 1.94 2.06 2.19 2.34 2.50 2.66 2.78 2.97 3.22 3.56 3.91 4.19 4.50 4.84 5.16 5.38 5.53 5.56 5.59 5.41 5.31 5.47 5.66 5.72 5.59 5.44 5.41 5.31 5.19 5.03 4.72 4.38 4.19 4.03 3.81 3.59 3.47 3.41 3.38 3.31 3.22 3.03 2.84 2.62 2.41
1.09 1.12 1.19 1.22 1.25 1.31 1.34 1.38 1.44 1.47 1.50 1.53 1.59 1.59 1.56 1.56 1.53 1.53 1.53 1.53 1.56 1.56 1.56 1.59 1.59 1.56 1.53 1.50 1.53 1.56 1.59 1.62 1.62 1.66 1.69 1.72 1.81 1.91 2.09 2.31 2.50 2.66 2.91 3.16 3.31 3.47 3.62 3.84 4.16 4.41 4.62 4.94 5.25 5.59 5.81 6.06 6.16 6.09 5.97 5.97 6.16 6.34 6.38 6.19 6.09 6.06 5.91 5.78 5.69 5.41 5.03 4.78 4.69 4.59 4.41 4.28 4.31 4.31 4.28 4.16 4.00 3.84 3.66 3.41
1.16 1.19 1.25 1.28 1.28 1.34 1.38 1.41 1.50 1.53 1.59 1.62 1.56 1.53 1.50 1.53 1.53 1.53 1.53 1.53 1.56 1.56 1.56 1.53 1.50 1.53 1.53 1.56 1.59 1.66 1.72 1.78 1.84 1.91 2.00 2.16 2.31 2.53 2.75 2.91 3.06 3.25 3.41 3.56 3.72 3.88 4.06 4.34 4.69 4.94 5.09 5.34 5.66 6.00 6.31 6.53 6.69 6.69 6.59 6.66 6.84 7.00 6.97 6.81 6.75 6.69 6.50 6.34 6.22 5.97 5.66 5.50 5.44 5.41 5.22 5.09 5.09 5.06 4.97 4.88 4.78 4.72 4.62 4.44
1.25 1.28 1.31 1.38 1.41 1.41 1.44 1.50 1.50 1.50 1.50 1.50 1.50 1.50 1.50 1.50 1.53 1.59 1.66 1.66 1.62 1.59 1.62 1.69 1.75 1.78 1.81 1.84 1.88 1.94 2.03 2.12 2.22 2.38 2.56 2.78 2.97 3.12 3.28 3.41 3.56 3.69 3.81 3.94 4.06 4.25 4.53 4.81 5.16 5.47 5.69 5.94 6.22 6.50 6.75 6.91 7.06 7.09 7.12 7.16 7.22 7.25 7.25 7.12 7.09 7.00 6.88 6.75 6.62 6.44 6.19 6.03 5.97 5.91 5.78 5.72 5.69 5.62 5.56 5.56 5.53 5.44 5.31 5.16
1.44 1.47 1.47 1.47 1.47 1.47 1.47 1.47 1.47 1.47 1.50 1.50 1.50 1.59 1.69 1.78 1.78 1.75 1.72 1.69 1.66 1.72 1.81 1.94 2.03 2.12 2.19 2.25 2.31 2.34 2.41 2.47 2.56 2.78 3.00 3.19 3.38 3.56 3.72 3.91 4.06 4.25 4.41 4.50 4.56 4.72 4.94 5.22 5.56 5.88 6.12 6.34 6.56 6.75 6.94 7.06 7.16 7.25 7.28 7.34 7.38 7.38 7.38 7.31 7.28 7.22 7.12 7.00 6.88 6.72 6.56 6.44 6.34 6.31 6.22 6.19 6.16 6.12 6.09 6.09 6.12 6.06 5.94 5.75
1.50 1.50 1.50 1.50 1.50 1.47 1.47 1.47 1.50 1.53 1.62 1.75 1.81 1.81 1.78 1.78 1.75 1.72 1.66 1.66 1.69 1.81 1.94 2.06 2.16 2.28 2.44 2.56 2.66 2.69 2.69 2.75 2.91 3.16 3.41 3.66 3.84 4.06 4.25 4.41 4.66 4.81 4.94 5.06 5.19 5.34 5.56 5.75 5.97 6.19 6.41 6.59 6.75 6.94 7.06 7.19 7.31 7.38 7.44 7.50 7.53 7.53 7.53 7.50 7.44 7.38 7.31 7.22 7.12 7.00 6.88 6.75 6.66 6.59 6.53 6.50 6.47 6.44 6.41 6.41 6.38 6.31 6.25 6.19
1.50 1.50 1.50 1.53 1.53 1.56 1.62 1.72 1.75 1.78 1.78 1.81 1.81 1.78 1.75 1.75 1.72 1.72 1.69 1.72 1.84 1.97 2.06 2.16 2.28 2.41 2.53 2.72 2.88 2.97 3.00 3.16 3.44 3.72 3.94 4.16 4.38 4.56 4.72 4.91 5.06 5.22 5.38 5.50 5.62 5.78 5.97 6.12 6.31 6.50 6.66 6.81 7.00 7.12 7.25 7.38 7.50 7.56 7.62 7.69 7.72 7.72 7.72 7.69 7.62 7.59 7.50 7.44 7.34 7.25 7.16 7.06 6.97 6.91 6.81 6.78 6.75 6.72 6.69 6.66 6.62 6.56 6.53 6.47
1.59 1.62 1.66 1.69 1.72 1.72 1.75 1.78 1.78 1.78 1.78 1.78 1.81 1.91 2.00 2.09 2.19 2.28 2.31 2.41 2.47 2.53 2.53 2.56 2.62 2.72 2.88 3.06 3.31 3.50 3.62 3.88 4.09 4.28 4.47 4.66 4.84 5.03 5.19 5.31 5.47 5.59 5.75 5.88 6.03 6.16 6.31 6.47 6.62 6.78 6.94 7.09 7.22 7.38 7.50 7.59 7.69 7.78 7.84 7.88 7.91 7.91 7.94 7.91 7.88 7.81 7.75 7.69 7.62 7.53 7.44 7.38 7.28 7.22 7.16 7.09 7.06 7.00 6.97 6.94 6.88 6.84 6.78 6.72
1.69 1.75 1.81 1.84 1.91 1.94 1.97 2.00 2.06 2.16 2.19 2.31 2.44 2.56 2.72 2.84 2.97 3.06 3.12 3.22 3.28 3.34 3.38 3.38 3.41 3.41 3.47 3.56 3.81 4.03 4.22 4.41 4.56 4.75 4.94 5.12 5.28 5.44 5.56 5.72 5.84 5.97 6.09 6.22 6.34 6.50 6.66 6.78 6.94 7.09 7.22 7.34 7.50 7.62 7.72 7.84 7.94 8.00 8.06 8.12 8.12 8.16 8.16 8.16 8.12 8.09 8.03 7.97 7.91 7.84 7.75 7.69 7.59 7.53 7.47 7.41 7.34 7.31 7.28 7.25 7.19 7.16 7.09 7.03
2.12 2.25 2.31 2.38 2.44 2.50 2.62 2.75 2.84 2.91 3.00 3.06 3.12 3.22 3.34 3.41 3.50 3.56 3.62 3.69 3.75 3.84 3.91 3.97 4.03 4.09 4.16 4.28 4.41 4.56 4.75 4.91 5.06 5.22 5.38 5.53 5.66 5.81 5.94 6.06 6.19 6.31 6.44 6.56 6.69 6.81 6.97 7.09 7.25 7.38 7.53 7.66 7.75 7.88 8.00 8.09 8.16 8.25 8.31 8.34 8.38 8.41 8.41 8.41 8.38 8.34 8.31 8.25 8.19 8.12 8.06 8.00 7.94 7.88 7.81 7.75 7.69 7.66 7.59 7.56 7.53 7.47 7.41 7.34
2.91 2.97 3.00 3.03 3.09 3.19 3.31 3.38 3.34 3.34 3.38 3.41 3.47 3.56 3.66 3.78 3.94 4.06 4.19 4.28 4.34 4.44 4.53 4.56 4.62 4.69 4.75 4.84 4.97 5.09 5.19 5.34 5.47 5.59 5.75 5.91 6.03 6.16 6.31 6.41 6.56 6.69 6.81 6.94 7.03 7.16 7.28 7.41 7.53 7.69 7.81 7.94 8.03 8.16 8.25 8.34 8.44 8.50 8.56 8.59 8.62 8.66 8.69 8.69 8.66 8.62 8.59 8.56 8.50 8.44 8.38 8.31 8.25 8.19 8.16 8.09 8.03 7.97 7.94 7.88 7.84 7.78 7.75 7.69
3.47 3.47 3.44 3.47 3.56 3.62 3.62 3.56 3.53 3.56 3.59 3.66 3.78 3.94 4.09 4.25 4.38 4.50 4.59 4.69 4.78 4.88 4.97 5.03 5.09 5.16 5.22 5.28 5.41 5.50 5.59 5.75 5.88 6.00 6.12 6.25 6.38 6.53 6.66 6.78 6.91 7.03 7.16 7.28 7.38 7.50 7.62 7.72 7.84 7.97 8.09 8.22 8.34 8.44 8.53 8.62 8.69 8.78 8.81 8.88 8.91 8.94 8.94 8.94 8.94 8.94 8.91 8.88 8.81 8.75 8.72 8.66 8.59 8.53 8.47 8.44 8.38 8.31 8.25 8.22 8.19 8.12 8.06 8.00
3.66 3.72 3.75 3.78 3.78 3.78 3.75 3.72 3.72 3.78 3.84 4.00 4.19 4.34 4.50 4.62 4.75 4.88 5.00 5.09 5.19 5.28 5.34 5.44 5.53 5.59 5.69 5.75 5.84 5.94 6.03 6.16 6.28 6.41 6.53 6.66 6.78 6.91 7.03 7.16 7.28 7.41 7.50 7.62 7.75 7.84 7.97 8.06 8.19 8.28 8.41 8.53 8.62 8.72 8.81 8.91 8.97 9.06 9.09 9.16 9.19 9.22 9.25 9.25 9.25 9.22 9.22 9.19 9.12 9.09 9.03 9.00 8.94 8.88 8.81 8.78 8.72 8.66 8.59 8.56 8.50 8.47 8.41 8.34
3.75 3.81 3.94 3.94 3.91 3.91 3.88 3.88 3.94 4.03 4.22 4.44 4.59 4.75 4.88 5.00 5.09 5.22 5.31 5.41 5.53 5.62 5.72 5.81 5.91 6.00 6.09 6.16 6.25 6.34 6.47 6.56 6.69 6.81 6.94 7.03 7.16 7.28 7.41 7.53 7.66 7.75 7.88 7.97 8.09 8.19 8.28 8.41 8.50 8.59 8.72 8.81 8.94 9.03 9.12 9.19 9.28 9.34 9.41 9.44 9.47 9.50 9.53 9.56 9.56 9.53 9.53 9.50 9.47 9.44 9.38 9.34 9.28 9.22 9.16 9.12 9.06 9.00 8.94 8.91 8.84 8.81 8.75 8.69
3.78 3.88 4.00 4.00 3.97 4.00 4.03 4.12 4.28 4.50 4.72 4.88 5.00 5.12 5.22 5.34 5.44 5.56 5.66 5.78 5.88 5.97 6.09 6.19 6.28 6.38 6.47 6.56 6.66 6.78 6.88 6.97 7.09 7.22 7.34 7.44 7.56 7.69 7.78 7.91 8.03 8.12 8.25 8.34 8.44 8.53 8.62 8.72 8.81 8.91 9.03 9.12 9.22 9.31 9.41 9.50 9.56 9.66 9.69 9.75 9.78 9.81 9.84 9.84 9.88 9.88 9.84 9.84 9.81 9.78 9.72 9.69 9.62 9.56 9.53 9.47 9.44 9.38 9.31 9.25 9.19 9.16 9.09 9.03
3.81 3.91 4.00 4.03 4.09 4.22 4.41 4.59 4.84 5.03 5.12 5.25 5.34 5.47 5.56 5.69 5.81 5.91 6.03 6.12 6.25 6.34 6.47 6.56 6.66 6.78 6.88 6.97 7.06 7.19 7.28 7.38 7.50 7.62 7.72 7.84 7.97 8.06 8.19 8.28 8.41 8.50 8.59 8.72 8.81 8.91 9.00 9.06 9.16 9.25 9.34 9.47 9.56 9.66 9.72 9.81 9.88 9.94 10.00 10.06 10.09 10.12 10.16 10.19 10.19 10.19 10.19 10.19 10.16 10.12 10.06 10.03 9.97 9.94 9.88 9.84 9.78 9.72 9.66 9.59 9.56 9.50 9.44 9.41
3.81 3.91 4.03 4.19 4.38 4.56 4.81 5.03 5.22 5.34 5.47 5.56 5.69 5.81 5.94 6.03 6.16 6.28 6.41 6.50 6.62 6.72 6.84 6.94 7.03 7.16 7.25 7.38 7.47 7.56 7.69 7.78 7.91 8.03 8.12 8.25 8.34 8.47 8.56 8.69 8.78 8.88 8.97 9.06 9.16 9.25 9.34 9.44 9.50 9.59 9.69 9.81 9.88 9.97 10.06 10.12 10.19 10.28 10.34 10.38 10.41 10.47 10.50 10.50 10.53 10.53 10.53 10.53 10.50 10.47 10.41 10.38 10.34 10.28 10.22 10.19 10.16 10.09 10.03 9.94 9.91 9.84 9.81 9.75
3.84 4.03 4.28 4.50 4.75 5.00 5.19 5.38 5.56 5.69 5.81 5.91 6.03 6.16 6.28 6.41 6.53 6.62 6.75 6.88 7.00 7.09 7.22 7.31 7.44 7.53 7.66 7.75 7.84 7.97 8.06 8.19 8.31 8.44 8.53 8.66 8.75 8.84 8.97 9.06 9.16 9.25 9.34 9.44 9.53 9.62 9.72 9.78 9.88 9.94 10.03 10.12 10.22 10.31 10.38 10.47 10.53 10.59 10.66 10.72 10.75 10.78 10.81 10.84 10.88 10.88 10.88 10.88 10.84 10.81 10.78 10.75 10.69 10.66 10.59 10.56 10.50 10.44 10.38 10.31 10.25 10.22 10.16 10.09
4.16 4.44 4.69 4.94 5.16 5.34 5.53 5.75 5.91 6.03 6.16 6.28 6.44 6.59 6.72 6.88 7.00 7.12 7.25 7.34 7.44 7.53 7.62 7.72 7.84 7.94 8.03 8.16 8.25 8.34 8.47 8.56 8.69 8.81 8.94 9.03 9.16 9.25 9.34 9.44 9.56 9.66 9.75 9.81 9.91 10.00 10.06 10.16 10.22 10.31 10.38 10.50 10.56 10.62 10.72 10.78 10.84 10.94 11.00 11.03 11.09 11.12 11.19 11.19 11.22 11.22 11.22 11.22 11.22 11.19 11.16 11.12 11.06 11.03 10.97 10.94 10.88 10.81 10.75 10.69 10.62 10.56 10.53 10.47
4.62 4.88 5.09 5.31 5.50 5.69 5.91 6.09 6.25 6.41 6.53 6.69 6.84 6.97 7.16 7.28 7.44 7.59 7.72 7.84 7.94 8.03 8.12 8.19 8.25 8.34 8.44 8.53 8.66 8.75 8.84 8.97 9.06 9.22 9.34 9.44 9.53 9.66 9.75 9.84 9.94 10.03 10.12 10.22 10.28 10.38 10.44 10.50 10.59 10.66 10.75 10.84 10.91 11.00 11.06 11.12 11.19 11.28 11.34 11.38 11.44 11.47 11.53 11.56 11.56 11.59 11.59 11.59 11.56 11.56 11.53 11.47 11.44 11.41 11.34 11.31 11.25 11.19 11.12 11.06 11.00 10.94 10.88 10.81
5.09 5.28 5.50 5.69 5.88 6.06 6.28 6.47 6.62 6.75 6.91 7.09 7.25 7.44 7.59 7.75 7.91 8.03 8.16 8.28 8.38 8.47 8.56 8.66 8.75 8.81 8.88 8.94 9.03 9.12 9.25 9.34 9.47 9.59 9.75 9.84 9.94 10.03 10.12 10.22 10.31 10.41 10.50 10.59 10.69 10.75 10.81 10.88 10.97 11.03 11.09 11.19 11.28 11.34 11.41 11.47 11.53 11.62 11.69 11.75 11.78 11.84 11.88 11.91 11.94 11.97 11.97 11.97 11.97 11.94 11.91 11.88 11.81 11.78 11.72 11.69 11.62 11.56 11.50 11.44 11.38 11.31 11.25 11.19
5.50 5.69 5.88 6.06 6.25 6.44 6.66 6.84 7.00 7.16 7.31 7.47 7.66 7.81 7.97 8.12 8.28 8.41 8.56 8.66 8.78 8.88 8.97 9.06 9.12 9.22 9.31 9.38 9.44 9.53 9.62 9.75 9.84 10.00 10.12 10.25 10.34 10.44 10.53 10.62 10.72 10.81 10.91 10.97 11.06 11.12 11.19 11.28 11.34 11.41 11.47 11.56 11.62 11.69 11.78 11.84 11.91 11.97 12.03 12.09 12.16 12.22 12.25 12.28 12.31 12.34 12.34 12.34 12.34 12.31 12.28 12.25 12.22 12.16 12.09 12.06 12.00 11.94 11.88 11.81 11.75 11.69 11.62 11.56
5.94 6.09 6.28 6.47 6.62 6.81 7.03 7.22 7.38 7.53 7.69 7.84 8.00 8.16 8.31 8.47 8.62 8.75 8.88 9.00 9.12 9.22 9.31 9.41 9.50 9.59 9.69 9.78 9.88 9.94 10.03 10.12 10.25 10.41 10.53 10.62 10.72 10.84 10.94 11.03 11.12 11.19 11.28 11.38 11.44 11.53 11.59 11.66 11.72 11.78 11.88 11.94 12.00 12.06 12.12 12.19 12.25 12.34 12.41 12.47 12.53 12.59 12.62 12.66 12.69 12.72 12.75 12.75 12.72 12.72 12.69 12.62 12.59 12.53 12.50 12.44 12.38 12.31 12.22 12.19 12.12 12.06 12.00 11.94
6.34 6.53 6.69 6.88 7.00 7.19 7.41 7.56 7.72 7.88 8.03 8.19 8.34 8.50 8.66 8.81 8.94 9.06 9.19 9.31 9.44 9.56 9.66 9.75 9.88 9.97 10.06 10.16 10.25 10.34 10.44 10.53 10.66 10.78 10.94 11.03 11.12 11.22 11.31 11.41 11.50 11.59 11.69 11.75 11.84 11.91 11.97 12.03 12.12 12.19 12.25 12.31 12.38 12.44 12.50 12.56 12.62 12.69 12.78 12.84 12.91 12.97 13.00 13.06 13.09 13.12 13.12 13.16 13.12 13.12 13.06 13.03 12.97 12.94 12.88 12.81 12.75 12.69 12.59 12.56 12.50 12.44 12.38 12.31
6.75 6.94 7.09 7.25 7.38 7.59 7.75 7.94 8.09 8.25 8.41 8.56 8.72 8.88 9.00 9.16 9.28 9.41 9.56 9.69 9.78 9.91 10.00 10.12 10.22 10.31 10.41 10.53 10.62 10.72 10.84 10.94 11.06 11.19 11.34 11.44 11.53 11.62 11.72 11.81 11.91 12.00 12.06 12.16 12.25 12.31 12.38 12.44 12.50 12.56 12.62 12.69 12.75 12.81 12.88 12.94 13.00 13.06 13.12 13.22 13.28 13.34 13.41 13.44 13.50 13.53 13.53 13.56 13.53 13.53 13.47 13.44 13.38 13.31 13.25 13.19 13.12 13.06 12.97 12.91 12.84 12.78 12.72 12.66
7.16 7.34 7.50 7.62 7.78 7.97 8.12 8.28 8.44 8.62 8.78 8.91 9.06 9.22 9.38 9.50 9.62 9.78 9.91 10.03 10.16 10.25 10.38 10.47 10.59 10.69 10.78 10.91 11.00 11.12 11.22 11.31 11.44 11.59 11.72 11.84 11.94 12.03 12.12 12.22 12.31 12.38 12.47 12.56 12.62 12.72 12.78 12.84 12.91 12.97 13.03 13.09 13.12 13.19 13.25 13.28 13.34 13.44 13.50 13.59 13.66 13.72 13.78 13.84 13.88 13.94 13.94 13.97 13.97 13.94 13.91 13.84 13.78 13.72 13.66 13.56 13.50 13.41 13.34 13.28 13.22 13.16 13.09 13.06
7.56 7.72 7.88 8.03 8.19 8.34 8.53 8.69 8.84 9.00 9.12 9.28 9.44 9.59 9.72 9.88 10.00 10.12 10.25 10.38 10.50 10.62 10.75 10.84 10.97 11.06 11.16 11.28 11.41 11.50 11.62 11.72 11.84 12.00 12.12 12.22 12.31 12.41 12.50 12.59 12.69 12.78 12.88 12.97 13.03 13.12 13.19 13.25 13.31 13.38 13.44 13.47 13.53 13.56 13.59 13.66 13.72 13.78 13.88 13.94 14.03 14.09 14.16 14.22 14.28 14.34 14.38 14.41 14.38 14.34 14.31 14.25 14.19 14.12 14.03 13.94 13.84 13.78 13.72 13.66 13.59 13.53 13.50 13.44
7.97 8.12 8.25 8.41 8.56 8.75 8.91 9.06 9.22 9.38 9.53 9.66 9.81 9.97 10.09 10.22 10.38 10.50 10.62 10.75 10.88 11.00 11.12 11.22 11.34 11.44 11.53 11.66 11.78 11.91 12.00 12.12 12.25 12.41 12.53 12.62 12.72 12.81 12.91 13.00 13.09 13.19 13.28 13.34 13.44 13.53 13.59 13.66 13.72 13.78 13.81 13.88 13.91 13.94 13.94 14.00 14.06 14.12 14.19 14.28 14.38 14.44 14.53 14.62 14.72 14.78 14.81 14.84 14.81 14.81 14.75 14.69 14.59 14.50 14.41 14.31 14.22 14.16 14.06 14.03 13.97 13.94 13.84 13.81
8.34 8.50 8.66 8.81 8.97 9.16 9.31 9.47 9.62 9.75 9.91 10.06 10.19 10.34 10.47 10.59 10.75 10.88 11.00 11.12 11.25 11.38 11.50 11.59 11.72 11.81 11.91 12.03 12.16 12.28 12.41 12.53 12.66 12.78 12.91 13.00 13.09 13.19 13.28 13.38 13.47 13.56 13.66 13.75 13.84 13.94 14.00 14.06 14.12 14.19 14.22 14.22 14.25 14.25 14.28 14.31 14.38 14.44 14.53 14.62 14.75 14.88 15.03 15.16 15.22 15.31 15.34 15.41 15.41 15.31 15.22 15.12 15.00 14.91 14.78 14.69 14.59 14.53 14.50 14.41 14.34 14.28 14.25 14.19
8.88 9.00 9.16 9.31 9.44 9.59 9.72 9.88 10.00 10.16 10.28 10.44 10.56 10.72 10.84 10.97 11.12 11.25 11.38 11.50 11.62 11.75 11.88 11.97 12.09 12.19 12.31 12.41 12.53 12.69 12.81 12.94 13.03 13.16 13.28 13.38 13.47 13.56 13.66 13.75 13.88 13.97 14.06 14.16 14.25 14.34 14.41 14.50 14.53 14.56 14.59 14.62 14.62 14.66 14.66 14.72 14.75 14.91 15.06 15.25 15.38 15.44 15.72 15.88 16.00 16.12 16.09 16.06 15.97 15.88 15.81 15.72 15.59 15.44 15.28 15.16 15.06 14.97 14.88 14.81 14.75 14.69 14.62 14.56
9.41 9.47 9.62 9.75 9.88 10.00 10.16 10.28 10.41 10.56 10.69 10.81 10.97 11.09 11.22 11.34 11.50 11.62 11.75 11.88 12.00 12.12 12.25 12.38 12.47 12.59 12.69 12.81 12.94 13.09 13.22 13.34 13.44 13.53 13.66 13.75 13.84 13.94 14.03 14.16 14.25 14.38 14.50 14.59 14.72 14.78 14.84 14.91 14.94 15.00 15.03 15.09 15.16 15.25 15.31 15.38 15.44 15.44 15.72 15.94 16.12 16.25 16.41 16.50 16.78 16.81 16.78 16.72 16.66 16.59 16.50 16.34 16.16 16.00 15.81 15.66 15.53 15.41 15.31 15.25 15.16 15.09 15.03 14.97
9.91 9.94 10.03 10.16 10.31 10.44 10.56 10.69 10.81 10.94 11.06 11.22 11.34 11.47 11.59 11.75 11.88 12.00 12.12 12.25 12.38 12.50 12.62 12.75 12.88 12.97 13.09 13.19 13.34 13.50 13.62 13.75 13.88 13.97 14.03 14.12 14.22 14.34 14.44 14.56 14.69 14.81 14.97 15.06 15.12 15.19 15.28 15.34 15.38 15.47 15.56 15.62 15.72 15.84 15.88 15.84 15.88 15.88 15.94 16.22 16.56 16.78 17.06 17.44 17.59 17.75 17.72 17.56 17.41 17.25 17.09 16.94 16.78 16.56 16.41 16.25 16.09 15.97 15.84 15.75 15.66 15.56 15.50 15.44
10.34 10.38 10.47 10.59 10.72 10.84 10.97 11.09 11.22 11.34 11.47 11.59 11.72 11.84 12.00 12.12 12.25 12.38 12.50 12.62 12.75 12.88 13.00 13.12 13.25 13.38 13.50 13.59 13.75 13.94 14.06 14.19 14.28 14.38 14.47 14.59 14.69 14.81 14.91 15.03 15.16 15.28 15.38 15.47 15.59 15.72 15.84 15.94 15.94 16.12 16.25 16.34 16.31 16.25 16.25 16.22 16.34 16.38 16.44 16.47 16.78 17.28 17.56 17.81 17.94 18.19 18.25 18.09 17.91 17.75 17.59 17.44 17.28 17.12 16.94 16.72 16.56 16.41 16.28 16.16 16.06 16.00 15.97 15.94
10.72 10.78 10.91 11.03 11.16 11.28 11.38 11.50 11.62 11.75 11.88 12.00 12.12 12.25 12.38 12.50 12.62 12.75 12.88 13.00 13.16 13.28 13.41 13.53 13.66 13.78 13.88 14.00 14.16 14.34 14.50 14.62 14.75 14.84 14.94 15.03 15.12 15.25 15.34 15.47 15.59 15.72 15.81 15.94 16.19 16.34 16.53 16.66 16.78 16.88 16.91 16.94 16.84 16.88 16.97 16.84 16.75 16.88 16.91 17.03 17.16 17.53 17.91 18.12 18.44 18.59 18.62 18.53 18.41 18.25 18.09 17.94 17.78 17.62 17.47 17.28 17.16 17.03 16.91 16.81 16.72 16.62 16.56 16.47
11.09 11.16 11.31 11.50 11.62 11.72 11.81 11.91 12.03 12.16 12.25 12.38 12.50 12.62 12.75 12.88 13.00 13.12 13.25 13.41 13.53 13.66 13.78 13.91 14.06 14.16 14.28 14.41 14.56 14.78 14.94 15.09 15.22 15.34 15.44 15.53 15.62 15.75 15.88 15.97 16.09 16.25 16.47 16.78 17.00 17.09 17.31 17.44 17.47 17.47 17.38 17.50 17.50 17.56 17.66 17.62 17.44 17.31 17.31 17.47 17.56 17.88 18.16 18.50 18.75 18.91 19.03 18.91 18.84 18.75 18.59 18.44 18.28 18.12 17.97 17.84 17.72 17.56 17.44 17.34 17.22 17.12 17.00 16.91
