everonasctiles/Tile41,2.asc
ncols 128
nrows 128
xllcorner 0
yllcorner 0
cellsize 2.0
NODATA_value  -9999
[rows 32 to 63 of 128, columns 0 to 70 of 128]
-22.88 -23.03 -23.19 -23.28 -23.34 -23.44 -23.41 -23.47 -23.41 -23.28 -23.19 -23.19 -22.97 -23.03 -23.00 -23.00 -23.12 -23.09 -22.88 -22.78 -23.34 -23.78 -23.97 -24.16 -24.34 -24.47 -24.50 -24.56 -24.59 -24.62 -25.12 -25.47 -26.00 -26.38 -26.56 -26.81 -27.06 -27.53 -27.75 -28.09 -28.47 -28.78 -29.28 -29.62 -30.03 -30.16 -30.25 -30.22 -30.81 -31.62 -32.41 -33.03 -33.72 -34.53 -35.28 -35.81 -36.34 -36.75 -37.03 -37.38 -37.88 -38.47 -39.28 -40.25 -41.09 -41.78 -42.34 -42.88 -43.34 -43.78 -44.31
-22.62 -22.75 -22.88 -23.00 -23.06 -23.16 -23.19 -23.16 -23.03 -22.94 -22.84 -22.81 -22.81 -22.81 -22.69 -22.69 -22.88 -22.91 -22.81 -22.75 -23.16 -23.66 -23.91 -24.09 -24.25 -24.34 -24.44 -24.53 -24.59 -24.62 -24.88 -25.22 -25.75 -26.06 -26.41 -26.59 -26.75 -26.97 -27.50 -27.84 -28.19 -28.53 -28.94 -29.19 -29.44 -29.62 -29.62 -29.72 -30.28 -31.06 -32.06 -32.72 -33.41 -34.12 -34.69 -35.22 -35.59 -35.88 -36.22 -36.78 -37.47 -38.25 -39.12 -39.94 -40.62 -41.25 -41.78 -42.31 -42.78 -43.31 -43.88
-22.28 -22.47 -22.69 -22.78 -22.88 -22.81 -22.88 -22.88 -22.72 -22.62 -22.62 -22.56 -22.38 -22.53 -22.59 -22.78 -23.03 -23.19 -23.31 -23.22 -23.34 -23.56 -23.81 -24.00 -24.09 -24.25 -24.41 -24.41 -24.59 -24.62 -24.78 -25.06 -25.41 -25.78 -25.97 -26.28 -26.28 -26.69 -26.91 -27.47 -27.84 -28.22 -28.50 -28.88 -28.91 -29.09 -29.19 -29.62 -30.22 -30.78 -31.69 -32.41 -33.00 -33.56 -34.16 -34.56 -34.91 -35.41 -36.03 -36.78 -37.53 -38.25 -38.97 -39.62 -40.22 -40.78 -41.34 -41.84 -42.38 -42.91 -43.47
-22.00 -22.25 -22.22 -22.38 -22.56 -22.69 -22.69 -22.50 -22.56 -22.34 -22.41 -22.28 -22.12 -22.22 -22.75 -23.00 -23.19 -23.31 -23.41 -23.41 -23.44 -23.56 -23.72 -23.94 -24.03 -24.22 -24.25 -24.41 -24.50 -24.53 -24.69 -25.03 -25.03 -25.34 -25.69 -25.88 -26.00 -26.31 -26.78 -26.97 -27.44 -27.69 -28.03 -28.12 -28.28 -28.56 -29.09 -29.69 -30.09 -30.78 -31.34 -31.91 -32.38 -32.94 -33.59 -34.19 -34.81 -35.50 -36.19 -36.84 -37.50 -38.12 -38.75 -39.31 -39.88 -40.41 -40.97 -41.50 -42.00 -42.53 -43.06
-21.88 -21.91 -22.03 -22.16 -22.44 -22.34 -22.38 -22.34 -22.38 -22.25 -22.28 -22.09 -22.25 -22.44 -22.88 -23.09 -23.19 -23.25 -23.41 -23.34 -23.28 -23.50 -23.53 -23.75 -23.88 -24.09 -24.28 -24.41 -24.47 -24.38 -24.62 -24.81 -24.91 -25.09 -25.41 -25.72 -25.88 -26.06 -26.44 -26.59 -26.84 -27.22 -27.31 -27.50 -27.69 -28.22 -28.97 -29.56 -30.06 -30.50 -31.00 -31.44 -31.81 -32.44 -33.34 -34.19 -34.88 -35.50 -36.16 -36.75 -37.34 -37.94 -38.47 -39.00 -39.56 -40.09 -40.62 -41.16 -41.66 -42.16 -42.69
-21.59 -21.78 -21.97 -21.97 -21.88 -22.09 -22.06 -22.09 -22.00 -22.16 -22.25 -22.25 -22.41 -22.66 -22.88 -23.03 -23.16 -23.22 -23.28 -23.38 -23.19 -23.31 -23.41 -23.50 -23.91 -24.12 -24.31 -24.44 -24.59 -24.56 -24.78 -24.94 -25.00 -24.91 -24.91 -25.19 -25.47 -25.56 -25.94 -26.22 -26.56 -26.88 -27.06 -27.16 -27.50 -28.06 -28.72 -29.31 -29.81 -30.31 -30.62 -31.00 -31.47 -32.28 -33.22 -34.06 -34.75 -35.38 -35.97 -36.56 -37.09 -37.62 -38.16 -38.69 -39.25 -39.78 -40.31 -40.81 -41.28 -41.81 -42.34
-21.22 -21.22 -21.53 -21.66 -21.72 -21.78 -21.94 -21.91 -21.81 -22.06 -22.16 -22.34 -22.47 -22.81 -22.84 -23.00 -22.97 -23.06 -23.19 -23.28 -23.34 -23.28 -23.31 -23.62 -23.84 -24.09 -24.19 -24.34 -24.50 -24.56 -24.78 -24.91 -25.00 -24.91 -24.91 -25.19 -25.16 -25.34 -25.66 -26.09 -26.53 -26.81 -27.06 -27.22 -27.50 -28.16 -28.56 -29.12 -29.56 -30.06 -30.41 -30.91 -31.66 -32.47 -33.12 -33.88 -34.50 -35.19 -35.72 -36.25 -36.78 -37.28 -37.84 -38.38 -38.94 -39.47 -39.94 -40.44 -40.94 -41.44 -42.00
-20.88 -20.94 -21.19 -21.41 -21.50 -21.66 -21.72 -21.81 -21.78 -21.97 -22.09 -22.25 -22.59 -22.78 -22.88 -22.91 -22.88 -23.00 -23.16 -23.19 -23.38 -23.31 -23.19 -23.50 -23.69 -23.84 -24.09 -24.22 -24.34 -24.38 -24.69 -24.84 -24.94 -24.97 -24.81 -24.66 -25.06 -25.38 -25.78 -26.19 -26.47 -26.75 -27.03 -27.19 -27.53 -27.78 -28.38 -28.81 -29.34 -29.81 -30.34 -30.94 -31.81 -32.47 -33.09 -33.66 -34.25 -34.88 -35.41 -35.94 -36.44 -37.00 -37.53 -38.09 -38.59 -39.09 -39.56 -40.03 -40.53 -41.06 -41.62
-20.56 -20.75 -20.97 -21.19 -21.31 -21.50 -21.62 -21.72 -21.69 -21.91 -22.06 -22.22 -22.59 -22.72 -22.78 -22.69 -22.84 -22.97 -22.91 -22.88 -23.19 -23.12 -23.19 -23.34 -23.62 -23.72 -24.00 -24.16 -24.22 -24.22 -24.56 -24.72 -24.69 -24.69 -24.69 -24.78 -25.06 -25.50 -25.94 -26.19 -26.44 -26.72 -26.94 -27.22 -27.50 -27.94 -28.22 -28.75 -29.31 -29.91 -30.50 -31.06 -31.66 -32.38 -32.94 -33.44 -34.00 -34.50 -35.12 -35.66 -36.16 -36.69 -37.22 -37.72 -38.19 -38.66 -39.12 -39.59 -40.16 -40.72 -41.25
-20.28 -20.56 -20.78 -20.97 -21.19 -21.34 -21.53 -21.72 -21.75 -21.78 -21.97 -22.09 -22.50 -22.56 -22.38 -22.38 -22.34 -22.56 -22.62 -22.75 -22.69 -22.94 -23.16 -23.16 -23.47 -23.66 -23.81 -24.00 -24.06 -24.09 -24.41 -24.53 -24.56 -24.44 -24.72 -24.97 -25.31 -25.53 -25.81 -26.19 -26.47 -26.56 -26.78 -27.25 -27.72 -27.97 -28.34 -28.69 -29.12 -29.84 -30.22 -30.84 -31.44 -32.19 -32.72 -33.28 -33.78 -34.34 -34.84 -35.34 -35.84 -36.34 -36.84 -37.31 -37.75 -38.19 -38.69 -39.22 -39.78 -40.34 -40.84
-20.03 -20.38 -20.59 -20.81 -21.03 -21.25 -21.53 -21.66 -21.66 -21.69 -21.59 -21.84 -22.06 -22.09 -22.00 -22.16 -22.38 -22.47 -22.50 -22.53 -22.84 -22.53 -22.75 -23.03 -23.12 -23.53 -23.59 -23.75 -23.81 -23.94 -24.25 -24.22 -24.34 -24.62 -24.94 -24.97 -25.34 -25.53 -25.66 -26.03 -26.28 -26.47 -26.53 -27.19 -27.62 -27.84 -28.22 -28.47 -28.75 -29.50 -29.78 -30.47 -31.16 -31.81 -32.47 -32.91 -33.47 -34.03 -34.53 -35.00 -35.47 -35.94 -36.41 -36.84 -37.28 -37.75 -38.31 -38.88 -39.44 -39.97 -40.44
-19.78 -20.00 -20.34 -20.53 -20.88 -21.12 -21.41 -21.50 -21.31 -21.53 -20.94 -21.47 -21.59 -21.81 -22.03 -21.97 -22.25 -22.22 -22.38 -22.31 -22.19 -22.44 -22.56 -22.88 -22.97 -23.25 -23.25 -23.34 -23.41 -23.78 -23.84 -23.94 -24.25 -24.62 -24.88 -24.72 -25.06 -25.41 -25.50 -25.59 -25.75 -25.91 -26.25 -27.00 -27.16 -27.72 -27.91 -27.69 -28.50 -29.09 -29.72 -29.97 -30.72 -31.38 -31.75 -32.53 -33.09 -33.56 -34.12 -34.59 -35.03 -35.50 -35.94 -36.41 -36.88 -37.38 -37.94 -38.50 -39.06 -39.56 -40.00
-19.34 -19.91 -20.16 -20.56 -20.81 -21.06 -21.16 -21.25 -21.06 -20.78 -21.09 -21.62 -21.56 -21.72 -21.84 -21.91 -22.03 -22.19 -22.12 -22.03 -22.12 -22.28 -22.41 -22.59 -22.72 -22.59 -23.03 -22.91 -23.09 -23.47 -23.62 -23.78 -24.06 -24.47 -24.47 -24.72 -24.69 -25.03 -25.16 -25.56 -25.53 -26.25 -26.38 -26.47 -26.72 -27.34 -27.75 -27.81 -28.03 -28.59 -29.09 -29.69 -30.16 -30.62 -30.97 -31.88 -32.62 -33.12 -33.59 -34.12 -34.59 -35.06 -35.53 -36.00 -36.47 -37.00 -37.56 -38.12 -38.66 -39.12 -39.53
-19.31 -19.69 -20.16 -20.50 -20.69 -20.78 -21.06 -20.31 -20.56 -20.66 -21.31 -21.22 -21.47 -21.69 -21.72 -21.72 -21.97 -21.88 -22.00 -21.75 -22.03 -22.31 -22.22 -21.97 -22.22 -22.25 -22.50 -22.47 -22.69 -22.94 -23.31 -23.81 -23.66 -23.94 -24.31 -24.47 -24.66 -24.97 -25.25 -25.53 -25.56 -25.62 -25.97 -26.59 -26.56 -26.94 -27.44 -27.75 -28.00 -28.34 -28.88 -29.25 -29.69 -29.78 -29.94 -31.16 -32.12 -32.62 -33.09 -33.62 -34.19 -34.66 -35.12 -35.56 -36.06 -36.59 -37.12 -37.69 -38.19 -38.66 -39.06
-19.28 -19.69 -20.06 -20.47 -20.62 -20.59 -20.34 -20.19 -20.31 -20.72 -20.44 -20.81 -21.44 -21.53 -21.56 -21.44 -21.56 -21.47 -21.78 -21.59 -21.81 -21.88 -22.06 -22.22 -22.19 -22.19 -22.31 -22.47 -22.81 -23.22 -23.34 -23.03 -23.56 -24.19 -24.03 -24.12 -24.59 -24.88 -25.06 -25.22 -25.41 -25.66 -25.81 -26.41 -26.56 -26.34 -26.97 -27.16 -27.56 -27.97 -28.38 -28.81 -29.31 -29.38 -29.69 -30.59 -31.59 -31.88 -32.47 -32.91 -33.62 -34.22 -34.69 -35.12 -35.59 -36.12 -36.69 -37.22 -37.72 -38.16 -38.53
-19.44 -19.75 -19.97 -20.25 -19.78 -20.19 -20.09 -20.25 -20.84 -20.62 -20.31 -20.56 -21.03 -21.22 -21.22 -21.34 -21.25 -21.06 -21.56 -21.47 -21.88 -21.81 -22.09 -21.94 -21.91 -22.28 -22.62 -22.69 -22.62 -22.97 -22.91 -23.00 -23.41 -23.69 -23.81 -24.19 -24.50 -24.84 -24.88 -25.22 -25.38 -25.44 -25.53 -26.00 -26.25 -26.34 -26.56 -26.97 -27.28 -27.59 -27.94 -28.25 -28.59 -28.75 -29.16 -30.19 -31.06 -31.59 -32.03 -32.62 -33.19 -33.62 -34.12 -34.38 -35.00 -35.66 -36.22 -36.75 -37.19 -37.59 -37.97
-19.59 -19.59 -19.88 -19.78 -19.72 -19.94 -19.97 -20.03 -20.59 -20.72 -20.19 -20.25 -20.50 -20.75 -20.84 -20.91 -21.06 -21.16 -21.22 -21.66 -21.72 -21.97 -21.81 -21.94 -22.12 -22.28 -22.50 -22.69 -22.75 -22.94 -22.91 -23.28 -23.62 -23.75 -23.62 -24.19 -24.34 -24.75 -24.84 -24.97 -25.22 -25.06 -25.41 -25.72 -25.62 -26.03 -25.94 -26.41 -27.09 -27.34 -27.56 -27.38 -27.25 -27.94 -29.19 -29.56 -30.47 -31.12 -31.72 -32.19 -32.69 -32.97 -33.25 -33.78 -34.38 -35.09 -35.75 -36.22 -36.66 -37.06 -37.44
-18.91 -19.59 -19.72 -19.59 -19.50 -19.66 -19.84 -20.00 -20.47 -20.44 -20.28 -20.38 -20.31 -20.75 -20.25 -20.50 -20.47 -20.81 -21.31 -21.31 -21.16 -21.38 -21.69 -21.91 -22.09 -22.19 -22.31 -22.47 -22.88 -23.00 -22.91 -23.09 -23.50 -23.59 -23.56 -23.91 -24.28 -24.81 -24.97 -24.84 -24.94 -24.91 -25.22 -25.47 -25.62 -25.75 -25.84 -26.16 -26.69 -26.91 -27.22 -27.06 -27.47 -27.91 -28.59 -29.44 -29.97 -30.84 -31.31 -31.78 -32.25 -32.50 -32.69 -33.09 -33.88 -34.59 -35.22 -35.69 -36.12 -36.53 -36.94
-18.97 -19.44 -19.69 -19.50 -19.25 -19.72 -19.66 -19.94 -19.91 -20.22 -20.34 -20.19 -20.22 -20.22 -19.97 -19.97 -20.38 -20.69 -20.91 -21.16 -21.00 -21.12 -21.41 -21.72 -22.03 -22.25 -22.44 -22.53 -22.78 -22.94 -23.06 -23.19 -23.44 -23.47 -23.81 -24.22 -24.12 -24.47 -24.88 -24.78 -24.69 -24.88 -25.34 -25.34 -25.41 -25.50 -25.59 -25.81 -26.12 -26.28 -26.84 -27.12 -27.56 -28.34 -28.19 -28.94 -29.59 -30.22 -30.84 -31.25 -31.53 -31.88 -32.12 -32.81 -33.38 -34.00 -34.72 -35.19 -35.62 -36.06 -36.50
-18.53 -18.88 -18.94 -19.59 -19.16 -19.34 -19.66 -19.78 -19.91 -20.31 -20.00 -20.31 -20.28 -19.69 -20.12 -19.88 -20.03 -20.78 -20.78 -20.69 -21.06 -21.50 -21.41 -21.69 -22.22 -22.41 -22.50 -22.34 -22.56 -23.00 -22.91 -23.28 -23.19 -23.53 -23.72 -23.81 -24.06 -24.31 -24.59 -24.38 -24.12 -24.50 -24.94 -25.16 -25.09 -25.19 -25.34 -25.53 -26.06 -26.22 -26.59 -27.09 -27.66 -28.19 -28.72 -28.41 -29.12 -29.34 -30.25 -30.59 -31.00 -31.44 -31.88 -32.28 -32.84 -33.41 -34.06 -34.62 -35.12 -35.62 -36.12
-18.12 -18.66 -18.66 -19.62 -19.06 -19.06 -19.38 -19.62 -19.62 -19.81 -20.19 -20.31 -20.03 -19.94 -20.09 -20.03 -19.66 -20.84 -20.75 -21.16 -21.34 -21.75 -21.88 -21.84 -22.22 -22.38 -22.47 -22.47 -22.69 -22.75 -23.12 -23.38 -23.56 -23.28 -23.38 -23.91 -23.88 -24.28 -24.19 -24.19 -24.16 -24.41 -24.69 -24.31 -24.94 -25.31 -25.34 -25.41 -25.44 -25.91 -26.44 -26.78 -27.25 -27.56 -27.97 -28.25 -28.31 -28.59 -29.59 -30.06 -30.38 -30.75 -31.25 -31.81 -32.19 -32.75 -33.28 -33.78 -34.69 -35.28 -35.84
-18.12 -18.56 -18.78 -19.50 -18.84 -18.91 -19.16 -19.38 -19.50 -19.78 -19.78 -20.38 -19.75 -20.16 -20.22 -19.66 -20.19 -20.53 -21.00 -21.16 -21.69 -21.91 -22.16 -22.16 -22.28 -22.22 -22.59 -22.56 -22.31 -22.69 -23.19 -23.31 -23.59 -23.72 -23.59 -23.62 -23.41 -24.03 -24.19 -24.09 -23.94 -24.25 -24.50 -24.53 -24.84 -24.88 -25.03 -25.00 -25.41 -25.62 -26.16 -26.56 -26.69 -27.44 -27.53 -27.50 -28.16 -28.22 -29.09 -29.47 -29.88 -30.38 -30.88 -31.41 -31.97 -32.19 -32.97 -33.59 -34.47 -35.12 -35.69
-18.25 -18.41 -18.62 -19.00 -18.88 -18.84 -19.19 -19.03 -19.25 -19.53 -19.56 -19.69 -19.69 -20.00 -19.91 -19.94 -20.22 -20.22 -20.91 -21.41 -21.59 -21.69 -22.03 -22.19 -22.31 -22.22 -22.31 -22.53 -22.47 -23.09 -23.19 -23.28 -23.53 -23.28 -23.62 -23.75 -23.62 -23.81 -23.97 -23.75 -23.91 -24.12 -24.38 -24.28 -24.47 -24.94 -24.69 -25.06 -25.16 -25.41 -25.88 -26.19 -26.69 -26.53 -26.97 -27.34 -27.22 -27.91 -28.34 -28.88 -29.38 -29.97 -30.66 -31.06 -31.62 -32.34 -33.16 -33.84 -34.59 -35.19 -35.78
-17.97 -18.38 -19.03 -18.41 -19.28 -18.97 -19.06 -18.84 -18.78 -19.34 -19.34 -19.31 -19.84 -19.88 -19.84 -20.16 -20.09 -20.25 -21.41 -21.28 -21.50 -21.94 -22.06 -22.31 -22.41 -22.38 -22.50 -22.41 -22.84 -22.62 -23.12 -23.38 -23.28 -23.44 -23.75 -23.81 -23.84 -23.81 -23.94 -23.22 -23.69 -23.50 -23.94 -23.75 -24.28 -24.56 -24.50 -24.78 -25.06 -25.00 -25.50 -25.91 -26.12 -26.47 -26.31 -26.78 -26.91 -27.50 -27.84 -28.56 -29.12 -29.69 -30.31 -31.03 -31.56 -32.50 -33.12 -33.91 -34.66 -35.28 -35.88
-17.97 -18.38 -18.72 -18.91 -19.50 -19.38 -19.16 -19.09 -18.88 -19.22 -19.34 -19.22 -19.81 -19.75 -19.91 -20.34 -20.38 -20.38 -21.28 -21.41 -21.66 -21.84 -22.12 -22.34 -22.41 -22.56 -22.28 -22.25 -22.78 -22.78 -22.78 -23.31 -23.31 -23.53 -23.56 -23.66 -23.66 -23.75 -23.69 -23.59 -23.16 -23.38 -23.53 -23.78 -24.12 -24.25 -24.34 -24.72 -24.97 -24.94 -25.16 -25.66 -25.78 -25.94 -26.16 -26.47 -26.38 -26.97 -27.03 -28.28 -28.81 -29.31 -29.91 -30.50 -31.31 -32.25 -32.84 -33.84 -34.66 -35.34 -36.00
-17.81 -18.22 -18.78 -18.75 -19.03 -19.69 -19.44 -19.34 -18.97 -19.41 -19.59 -19.66 -20.22 -20.09 -20.84 -20.44 -20.81 -21.12 -21.03 -21.31 -21.75 -22.00 -22.19 -22.44 -22.44 -22.59 -22.44 -21.94 -22.47 -22.84 -23.03 -22.94 -23.28 -23.19 -23.25 -23.09 -23.44 -23.28 -23.22 -22.91 -22.75 -23.44 -23.47 -23.62 -23.66 -23.75 -24.00 -24.25 -24.56 -24.28 -24.62 -25.12 -25.38 -25.50 -25.59 -26.06 -26.12 -26.81 -26.97 -27.78 -28.41 -29.22 -29.62 -30.25 -30.94 -32.06 -32.69 -33.66 -34.53 -35.34 -36.00
-17.97 -18.59 -18.94 -19.50 -18.91 -19.41 -20.00 -19.50 -19.88 -19.62 -19.59 -19.66 -20.06 -20.47 -20.66 -20.56 -20.62 -21.03 -21.25 -21.69 -21.56 -22.16 -22.31 -22.31 -22.44 -22.31 -22.44 -22.25 -22.59 -23.03 -22.72 -22.81 -23.09 -23.25 -23.12 -23.19 -23.19 -23.09 -23.28 -23.06 -22.47 -23.09 -23.03 -23.34 -23.25 -23.34 -23.44 -24.00 -24.16 -24.22 -24.28 -24.84 -25.09 -25.50 -25.59 -25.41 -25.88 -25.97 -26.78 -27.56 -28.09 -28.94 -29.44 -30.00 -30.91 -31.72 -32.62 -33.41 -34.25 -35.28 -35.97
-18.09 -18.91 -19.03 -19.28 -19.78 -19.03 -19.81 -19.91 -20.09 -19.97 -19.97 -19.97 -20.22 -20.56 -20.41 -20.72 -20.81 -20.78 -21.28 -21.66 -22.00 -22.03 -22.34 -22.28 -22.59 -22.47 -22.62 -22.66 -22.81 -22.69 -23.09 -22.94 -22.84 -23.06 -23.28 -23.31 -23.09 -23.09 -22.69 -22.59 -23.00 -22.44 -22.72 -22.84 -22.88 -22.78 -23.06 -23.81 -23.94 -23.91 -24.09 -24.94 -24.84 -25.22 -25.22 -25.44 -25.50 -25.91 -26.34 -27.44 -28.09 -28.72 -29.34 -29.78 -30.78 -31.66 -32.47 -33.12 -34.22 -35.22 -35.94
-18.53 -18.94 -19.25 -19.09 -18.97 -19.41 -18.88 -20.16 -19.91 -19.91 -20.22 -20.25 -20.69 -20.84 -20.25 -20.44 -20.94 -20.97 -21.50 -22.06 -22.25 -22.25 -22.25 -22.34 -22.34 -22.03 -22.06 -22.31 -22.88 -23.22 -22.97 -22.84 -23.00 -23.12 -23.22 -23.19 -23.06 -22.84 -22.72 -22.59 -22.66 -22.56 -22.47 -22.53 -22.56 -23.03 -23.03 -23.66 -23.81 -23.88 -24.19 -24.47 -24.47 -24.81 -24.94 -25.34 -25.72 -25.88 -26.44 -27.28 -27.88 -28.53 -29.03 -29.81 -30.62 -31.34 -32.38 -32.97 -34.22 -35.22 -35.94
-18.66 -19.06 -19.12 -19.53 -19.41 -19.47 -19.97 -20.31 -20.31 -20.38 -20.69 -20.72 -20.75 -20.88 -20.41 -20.44 -20.88 -21.41 -21.81 -22.22 -22.28 -22.38 -22.41 -22.41 -21.69 -22.03 -22.12 -22.47 -23.09 -23.31 -23.16 -23.19 -23.09 -23.06 -23.19 -22.88 -22.78 -22.44 -22.75 -22.91 -22.59 -23.03 -22.78 -22.69 -22.88 -23.19 -23.19 -23.31 -23.19 -23.75 -24.06 -24.12 -24.22 -24.50 -24.56 -25.44 -25.78 -26.31 -26.31 -27.12 -27.66 -28.19 -28.81 -29.38 -30.34 -31.25 -32.28 -33.19 -34.28 -35.25 -35.94
-18.62 -19.06 -19.34 -19.50 -19.38 -19.34 -20.25 -20.44 -20.75 -20.78 -21.03 -21.09 -20.84 -20.75 -20.56 -21.47 -21.22 -21.62 -22.03 -22.62 -22.62 -22.50 -22.56 -21.84 -21.44 -21.97 -22.22 -22.53 -22.91 -23.16 -23.38 -23.31 -23.28 -23.25 -22.75 -22.66 -22.56 -22.69 -22.75 -23.00 -23.00 -23.19 -23.06 -23.28 -23.50 -23.88 -23.66 -23.28 -23.00 -23.22 -24.00 -24.03 -23.94 -24.09 -24.81 -25.53 -25.81 -25.91 -26.41 -26.41 -27.34 -27.66 -28.41 -28.97 -29.94 -31.09 -32.12 -33.28 -34.53 -35.31 -36.00
-18.81 -19.12 -19.69 -19.38 -19.44 -19.88 -20.38 -20.81 -20.59 -21.00 -20.94 -21.06 -21.56 -21.44 -21.16 -21.19 -21.84 -22.19 -22.44 -22.94 -22.94 -23.00 -22.81 -21.59 -21.38 -21.78 -22.34 -22.66 -23.03 -23.38 -23.47 -23.38 -23.53 -23.28 -23.06 -22.59 -22.50 -22.75 -22.72 -22.72 -22.47 -23.19 -23.28 -23.59 -23.88 -24.09 -23.66 -23.66 -23.25 -23.38 -23.50 -23.84 -23.81 -24.75 -25.09 -25.41 -25.69 -25.91 -26.03 -25.81 -26.56 -27.31 -28.50 -29.44 -30.25 -31.47 -32.41 -33.31 -34.66 -35.38 -36.03
