everonasctiles/Tile[6,18].asc
ncols 128
nrows 128
xllcorner 0
yllcorner 0
cellsize 2.0
NODATA_value  -9999
[rows 72 to 107 of 128, columns 0 to 80 of 128]
-8.28 -7.78 -7.28 -6.94 -6.81 -6.72 -6.38 -6.03 -5.62 -5.22 -4.88 -4.50 -4.16 -3.88 -3.41 -2.94 -2.72 -2.62 -2.41 -2.19 -1.97 -1.81 -1.81 -1.69 -1.50 -1.41 -1.41 -1.41 -1.41 -1.31 -1.19 -1.06 -0.94 -0.84 -0.78 -0.72 -0.69 -0.62 -0.56 -0.50 -0.44 -0.38 -0.31 -0.25 -0.19 -0.16 -0.09 -0.03 0.03 0.09 0.16 0.19 0.25 0.31 0.38 0.44 0.53 0.59 0.66 0.72 0.78 0.84 0.88 0.91 0.94 0.97 0.97 0.97 0.97 0.97 0.97 0.97 0.97 0.97 0.97 0.97 1.06 1.19 1.69 2.22 2.88
-8.69 -7.94 -7.44 -7.19 -7.06 -6.97 -6.72 -6.34 -5.94 -5.53 -5.16 -4.78 -4.44 -4.19 -3.84 -3.47 -3.16 -2.88 -2.44 -2.31 -2.22 -2.25 -2.06 -1.78 -1.62 -1.53 -1.41 -1.50 -1.50 -1.38 -1.28 -1.19 -1.09 -1.00 -0.94 -0.88 -0.81 -0.75 -0.69 -0.62 -0.56 -0.50 -0.44 -0.38 -0.31 -0.25 -0.19 -0.12 -0.09 -0.03 0.03 0.09 0.12 0.19 0.25 0.31 0.38 0.44 0.50 0.56 0.66 0.69 0.75 0.81 0.84 0.91 0.94 0.97 0.97 0.97 0.97 1.00 1.03 1.00 0.97 0.97 0.97 0.97 1.19 1.44 1.88
-8.91 -8.00 -7.59 -7.44 -7.34 -7.22 -7.00 -6.62 -6.22 -5.66 -5.28 -5.00 -4.69 -4.50 -4.19 -3.84 -3.53 -3.22 -2.84 -2.56 -2.47 -2.47 -2.31 -2.09 -1.88 -1.81 -1.72 -1.72 -1.59 -1.50 -1.38 -1.31 -1.22 -1.12 -1.06 -1.00 -0.94 -0.88 -0.81 -0.75 -0.69 -0.62 -0.56 -0.50 -0.44 -0.38 -0.31 -0.25 -0.19 -0.16 -0.09 -0.03 0.03 0.06 0.12 0.19 0.25 0.31 0.38 0.44 0.50 0.56 0.62 0.69 0.75 0.81 0.88 0.91 0.94 0.97 0.97 0.97 0.97 0.97 0.97 0.97 0.97 0.97 1.00 1.06 1.19
-9.09 -8.25 -7.72 -7.69 -7.81 -7.56 -7.09 -6.56 -6.03 -5.47 -5.03 -4.88 -4.72 -4.66 -4.53 -4.22 -3.91 -3.53 -3.12 -2.78 -2.66 -2.66 -2.50 -2.34 -2.12 -1.94 -1.81 -1.78 -1.66 -1.50 -1.34 -1.34 -1.34 -1.28 -1.19 -1.12 -1.06 -1.00 -0.94 -0.88 -0.81 -0.75 -0.69 -0.62 -0.56 -0.50 -0.44 -0.38 -0.31 -0.25 -0.22 -0.12 -0.09 -0.03 0.03 0.06 0.12 0.19 0.25 0.31 0.38 0.44 0.50 0.56 0.66 0.72 0.78 0.84 0.91 0.97 0.97 0.97 0.97 0.97 0.97 0.97 0.97 0.97 0.97 0.97 0.97
-9.19 -8.41 -8.12 -8.03 -7.94 -7.56 -6.94 -6.44 -5.88 -5.50 -5.03 -4.84 -4.78 -4.97 -4.78 -4.47 -4.12 -3.88 -3.50 -3.03 -2.94 -2.84 -2.69 -2.50 -2.31 -2.16 -2.00 -1.91 -1.72 -1.47 -1.31 -1.38 -1.41 -1.38 -1.31 -1.25 -1.19 -1.12 -1.06 -1.00 -0.94 -0.88 -0.84 -0.78 -0.72 -0.66 -0.56 -0.50 -0.44 -0.38 -0.34 -0.25 -0.22 -0.12 -0.09 -0.03 0.03 0.06 0.12 0.19 0.25 0.31 0.38 0.47 0.53 0.59 0.66 0.75 0.84 0.91 0.97 0.97 0.97 0.97 0.97 0.97 0.97 0.97 0.97 0.97 0.97
-9.22 -8.50 -8.31 -8.19 -8.00 -7.81 -7.16 -6.88 -6.38 -5.97 -5.59 -5.34 -5.25 -5.31 -5.03 -4.75 -4.44 -4.12 -3.81 -3.50 -3.19 -3.00 -2.81 -2.66 -2.47 -2.28 -2.12 -1.97 -1.81 -1.53 -1.47 -1.53 -1.47 -1.44 -1.44 -1.38 -1.31 -1.25 -1.19 -1.12 -1.06 -1.03 -0.97 -0.91 -0.84 -0.78 -0.72 -0.66 -0.59 -0.53 -0.47 -0.38 -0.31 -0.22 -0.16 -0.12 -0.09 -0.03 0.03 0.09 0.12 0.19 0.28 0.34 0.41 0.47 0.56 0.62 0.72 0.84 0.97 0.97 0.97 0.97 0.97 0.97 0.97 0.97 0.97 0.97 0.97
-9.53 -8.88 -8.62 -8.53 -8.16 -8.00 -7.59 -7.38 -7.19 -6.81 -6.38 -6.03 -5.81 -5.69 -5.34 -5.00 -4.66 -4.31 -3.97 -3.69 -3.44 -3.22 -2.94 -2.75 -2.59 -2.38 -2.19 -1.97 -1.81 -1.53 -1.62 -1.66 -1.62 -1.56 -1.53 -1.50 -1.44 -1.38 -1.31 -1.25 -1.19 -1.12 -1.09 -1.00 -0.94 -0.88 -0.84 -0.78 -0.72 -0.66 -0.59 -0.53 -0.47 -0.38 -0.34 -0.28 -0.25 -0.19 -0.12 -0.06 0.03 0.09 0.16 0.22 0.28 0.34 0.44 0.53 0.62 0.72 0.97 0.97 0.97 0.97 0.97 0.97 0.97 0.97 0.97 0.97 0.97
-10.09 -9.41 -9.16 -9.12 -8.50 -8.31 -8.28 -8.00 -7.91 -7.53 -7.16 -6.75 -6.38 -5.88 -5.53 -5.22 -4.78 -4.22 -3.72 -3.53 -3.50 -3.28 -3.12 -2.91 -2.72 -2.50 -2.28 -2.09 -1.81 -1.59 -1.75 -1.78 -1.72 -1.69 -1.66 -1.59 -1.56 -1.50 -1.44 -1.38 -1.31 -1.25 -1.19 -1.09 -0.97 -0.97 -0.91 -0.91 -0.88 -0.81 -0.75 -0.69 -0.62 -0.56 -0.50 -0.47 -0.41 -0.34 -0.28 -0.22 -0.16 -0.06 0.00 0.09 0.16 0.22 0.31 0.41 0.50 0.59 0.69 0.97 0.97 0.97 0.97 0.97 0.97 0.97 0.97 0.97 0.97
-10.75 -10.22 -9.94 -9.84 -9.56 -9.31 -9.03 -8.72 -8.44 -8.06 -7.56 -7.03 -6.50 -5.97 -5.50 -5.25 -4.94 -4.19 -3.66 -3.28 -3.16 -3.12 -3.19 -3.06 -2.81 -2.62 -2.38 -2.00 -1.66 -1.47 -1.53 -1.75 -1.81 -1.81 -1.78 -1.72 -1.66 -1.59 -1.53 -1.50 -1.44 -1.38 -1.25 -1.12 -1.03 -0.94 -1.06 -1.03 -1.00 -0.94 -0.88 -0.81 -0.78 -0.69 -0.66 -0.59 -0.53 -0.47 -0.41 -0.34 -0.25 -0.19 -0.12 -0.03 0.06 0.12 0.19 0.28 0.34 0.44 0.56 0.66 0.97 0.97 0.97 0.97 0.97 0.97 0.97 0.97 0.97
-11.41 -10.84 -10.47 -10.34 -10.19 -9.88 -9.62 -9.19 -8.81 -8.38 -7.81 -7.25 -6.69 -6.19 -5.78 -5.53 -5.16 -4.72 -3.94 -3.28 -3.00 -2.94 -2.97 -2.97 -2.75 -2.62 -2.38 -1.97 -1.56 -1.19 -1.19 -1.62 -1.84 -1.88 -1.88 -1.84 -1.78 -1.72 -1.66 -1.59 -1.53 -1.44 -1.25 -1.12 -1.09 -1.06 -1.12 -1.19 -1.12 -1.09 -1.03 -0.97 -0.94 -0.84 -0.78 -0.72 -0.66 -0.59 -0.53 -0.47 -0.38 -0.31 -0.22 -0.16 -0.06 0.00 0.06 0.16 0.22 0.31 0.41 0.50 0.59 0.69 0.97 0.97 0.97 0.97 0.97 0.97 0.97
-11.94 -11.34 -10.88 -10.84 -10.62 -10.28 -10.06 -9.62 -9.19 -8.88 -8.22 -7.72 -7.03 -6.50 -6.19 -5.84 -5.56 -5.22 -4.47 -3.81 -3.22 -2.94 -2.81 -2.78 -2.75 -2.66 -2.34 -1.97 -1.66 -1.28 -1.44 -1.78 -1.78 -1.91 -1.97 -1.97 -1.91 -1.84 -1.75 -1.69 -1.66 -1.56 -1.34 -1.19 -1.12 -1.09 -1.19 -1.28 -1.25 -1.22 -1.16 -1.12 -1.06 -1.00 -0.94 -0.88 -0.81 -0.75 -0.66 -0.59 -0.50 -0.47 -0.38 -0.31 -0.22 -0.16 -0.06 0.00 0.09 0.16 0.25 0.34 0.44 0.53 0.66 0.75 0.97 0.97 0.97 0.97 0.97
-12.22 -11.78 -11.22 -11.28 -11.12 -10.75 -10.50 -10.09 -9.62 -9.25 -8.66 -8.03 -7.56 -7.03 -6.59 -6.16 -5.84 -5.59 -4.91 -4.47 -3.78 -3.19 -2.84 -2.84 -2.97 -2.69 -2.22 -1.78 -1.62 -1.31 -1.62 -1.84 -1.88 -1.94 -2.09 -2.06 -2.00 -1.94 -1.88 -1.81 -1.75 -1.66 -1.50 -1.25 -1.09 -1.19 -1.44 -1.41 -1.38 -1.31 -1.28 -1.25 -1.22 -1.16 -1.09 -1.03 -0.94 -0.88 -0.81 -0.72 -0.66 -0.56 -0.50 -0.44 -0.38 -0.31 -0.22 -0.16 -0.06 0.00 0.09 0.19 0.31 0.41 0.50 0.59 0.72 0.97 0.97 0.97 0.97
-12.50 -11.97 -11.47 -11.81 -11.72 -11.31 -11.09 -10.62 -10.06 -9.72 -9.34 -8.66 -7.97 -7.34 -6.97 -6.50 -6.16 -5.88 -5.25 -5.00 -4.31 -3.66 -3.12 -3.12 -3.12 -2.88 -2.53 -2.28 -1.81 -1.56 -1.75 -1.69 -1.97 -2.06 -2.22 -2.12 -2.06 -2.00 -1.94 -1.88 -1.81 -1.75 -1.59 -1.28 -1.03 -1.19 -1.34 -1.44 -1.47 -1.44 -1.41 -1.34 -1.31 -1.28 -1.22 -1.16 -1.09 -1.00 -0.94 -0.84 -0.78 -0.69 -0.62 -0.56 -0.47 -0.44 -0.34 -0.28 -0.19 -0.12 -0.03 0.06 0.16 0.25 0.38 0.47 0.56 0.69 0.81 0.97 0.97
-12.97 -12.69 -12.41 -12.44 -12.12 -11.94 -11.66 -11.28 -10.88 -10.41 -9.94 -9.19 -8.34 -7.53 -6.97 -6.75 -6.53 -6.16 -5.75 -5.38 -4.91 -4.31 -3.84 -3.47 -3.19 -3.03 -2.66 -2.22 -1.75 -1.56 -1.72 -1.66 -1.94 -2.28 -2.34 -2.12 -2.06 -1.94 -1.91 -1.88 -1.81 -1.75 -1.50 -1.22 -1.00 -0.97 -1.44 -1.53 -1.56 -1.53 -1.50 -1.47 -1.44 -1.41 -1.34 -1.28 -1.22 -1.12 -1.03 -0.97 -0.88 -0.81 -0.72 -0.66 -0.59 -0.53 -0.47 -0.38 -0.31 -0.22 -0.16 -0.06 0.03 0.12 0.22 0.34 0.44 0.56 0.69 0.78 0.88
-13.81 -13.38 -13.12 -12.62 -12.31 -12.12 -12.03 -11.75 -11.47 -10.97 -10.38 -9.59 -8.66 -7.84 -7.28 -7.09 -6.84 -6.53 -6.12 -5.72 -5.31 -5.03 -4.50 -4.22 -3.75 -3.53 -2.97 -2.62 -2.41 -2.19 -2.12 -2.19 -2.28 -2.38 -2.28 -2.12 -2.03 -2.00 -1.91 -1.91 -1.88 -1.69 -1.28 -1.06 -1.03 -1.12 -1.47 -1.66 -1.62 -1.59 -1.56 -1.56 -1.53 -1.50 -1.44 -1.38 -1.28 -1.22 -1.16 -1.06 -1.00 -0.91 -0.84 -0.78 -0.69 -0.62 -0.56 -0.47 -0.41 -0.31 -0.25 -0.16 -0.06 0.03 0.12 0.22 0.31 0.44 0.53 0.66 0.75
-14.69 -14.25 -13.72 -13.19 -12.78 -12.41 -12.34 -12.09 -11.81 -11.34 -10.78 -9.91 -9.06 -8.25 -7.72 -7.31 -6.94 -6.69 -6.53 -6.12 -5.81 -5.78 -5.41 -4.88 -4.44 -4.03 -3.38 -3.09 -3.16 -2.88 -2.59 -2.69 -2.66 -2.72 -2.56 -2.41 -2.38 -2.16 -1.94 -1.88 -1.88 -1.72 -1.25 -0.94 -0.88 -1.03 -1.41 -1.69 -1.69 -1.66 -1.66 -1.62 -1.59 -1.56 -1.50 -1.47 -1.38 -1.31 -1.22 -1.16 -1.09 -1.00 -0.94 -0.88 -0.81 -0.72 -0.66 -0.59 -0.50 -0.44 -0.34 -0.25 -0.19 -0.09 0.00 0.09 0.19 0.28 0.41 0.50 0.62
-15.03 -14.81 -14.28 -13.62 -13.22 -12.78 -12.69 -12.53 -12.03 -11.66 -11.19 -10.41 -9.50 -8.53 -7.66 -7.19 -6.88 -7.06 -6.81 -6.78 -6.69 -6.59 -6.22 -5.81 -5.19 -4.47 -3.78 -3.72 -4.06 -3.69 -3.41 -3.31 -3.22 -3.16 -2.88 -2.84 -2.72 -2.41 -2.25 -2.09 -1.88 -1.88 -1.56 -1.09 -0.97 -1.31 -1.78 -1.78 -1.75 -1.72 -1.72 -1.69 -1.66 -1.62 -1.59 -1.50 -1.47 -1.41 -1.31 -1.25 -1.16 -1.09 -1.03 -0.97 -0.91 -0.84 -0.75 -0.69 -0.62 -0.53 -0.47 -0.38 -0.28 -0.22 -0.12 -0.03 0.06 0.16 0.25 0.38 0.47
-15.12 -15.06 -14.66 -14.12 -13.69 -13.19 -13.00 -12.91 -12.44 -12.19 -11.91 -11.12 -10.09 -8.97 -8.03 -7.38 -7.03 -7.06 -7.41 -7.47 -7.44 -7.19 -6.75 -6.34 -5.84 -5.22 -4.81 -4.84 -4.78 -4.50 -4.16 -4.03 -3.81 -3.47 -3.25 -3.03 -3.00 -2.72 -2.56 -2.47 -2.31 -2.25 -1.97 -1.50 -1.31 -1.56 -1.81 -1.81 -1.81 -1.78 -1.75 -1.75 -1.72 -1.69 -1.62 -1.59 -1.53 -1.44 -1.38 -1.31 -1.25 -1.19 -1.12 -1.06 -1.00 -0.94 -0.88 -0.78 -0.72 -0.66 -0.56 -0.50 -0.41 -0.34 -0.25 -0.16 -0.06 0.03 0.12 0.22 0.34
-15.00 -15.25 -15.12 -14.91 -14.41 -13.84 -13.44 -13.25 -12.91 -12.81 -12.47 -11.78 -10.72 -9.66 -8.81 -7.94 -7.25 -7.47 -7.78 -7.91 -7.94 -7.94 -7.62 -7.19 -6.72 -6.16 -5.84 -5.72 -5.41 -5.28 -4.91 -4.69 -4.19 -3.69 -3.28 -3.00 -2.91 -2.84 -2.69 -2.53 -2.50 -2.56 -2.31 -2.00 -1.72 -1.62 -1.91 -1.88 -1.84 -1.81 -1.81 -1.78 -1.75 -1.72 -1.69 -1.62 -1.59 -1.50 -1.47 -1.38 -1.34 -1.28 -1.22 -1.16 -1.09 -1.03 -0.97 -0.91 -0.84 -0.75 -0.69 -0.59 -0.53 -0.44 -0.38 -0.28 -0.19 -0.12 0.00 0.09 0.19
-15.28 -15.59 -15.94 -15.66 -15.12 -14.62 -14.09 -13.75 -13.53 -13.31 -12.84 -12.44 -11.53 -10.69 -9.75 -8.84 -8.41 -8.16 -8.34 -8.56 -8.41 -8.50 -8.22 -7.84 -7.38 -7.16 -6.88 -6.72 -6.47 -6.12 -5.66 -5.22 -4.62 -3.81 -3.31 -3.09 -3.12 -3.12 -2.84 -2.91 -2.91 -2.91 -2.69 -2.41 -2.16 -2.03 -2.00 -1.97 -1.91 -1.88 -1.84 -1.81 -1.78 -1.75 -1.72 -1.69 -1.66 -1.56 -1.53 -1.44 -1.38 -1.34 -1.28 -1.22 -1.19 -1.12 -1.06 -1.00 -0.94 -0.88 -0.78 -0.72 -0.66 -0.56 -0.50 -0.41 -0.34 -0.25 -0.16 -0.06 0.03
-16.00 -16.47 -16.75 -16.47 -16.22 -15.78 -15.06 -14.72 -14.28 -13.69 -13.12 -12.88 -12.34 -11.81 -10.91 -10.16 -9.72 -9.25 -9.12 -9.12 -9.12 -9.12 -9.06 -8.62 -8.25 -7.91 -7.59 -7.31 -6.97 -6.59 -6.16 -5.56 -4.88 -4.19 -3.69 -3.66 -3.72 -3.41 -3.06 -2.97 -2.97 -3.06 -3.00 -2.78 -2.50 -2.28 -2.16 -2.06 -2.03 -1.94 -1.91 -1.88 -1.84 -1.81 -1.78 -1.72 -1.69 -1.62 -1.56 -1.50 -1.44 -1.41 -1.38 -1.31 -1.25 -1.22 -1.16 -1.09 -1.03 -0.97 -0.91 -0.84 -0.75 -0.69 -0.62 -0.53 -0.47 -0.38 -0.28 -0.19 -0.12
-16.81 -17.16 -17.47 -17.47 -17.25 -16.84 -16.28 -15.81 -15.28 -14.34 -14.19 -13.81 -12.94 -12.47 -11.81 -11.03 -10.53 -10.34 -9.84 -9.62 -9.91 -9.91 -9.78 -9.44 -9.03 -8.69 -8.31 -7.97 -7.62 -7.28 -6.81 -6.06 -5.31 -4.94 -4.81 -4.84 -4.44 -3.84 -3.56 -3.34 -3.25 -3.47 -3.38 -3.09 -2.88 -2.59 -2.38 -2.22 -2.12 -2.06 -1.97 -1.94 -1.88 -1.84 -1.81 -1.75 -1.72 -1.66 -1.62 -1.56 -1.50 -1.47 -1.44 -1.38 -1.34 -1.28 -1.22 -1.19 -1.12 -1.06 -1.00 -0.94 -0.88 -0.81 -0.75 -0.66 -0.59 -0.53 -0.44 -0.34 -0.25
-17.47 -17.69 -17.94 -18.16 -18.03 -17.69 -17.25 -16.84 -16.19 -15.47 -14.91 -14.47 -13.78 -13.19 -12.38 -11.72 -11.31 -11.19 -10.75 -10.47 -10.53 -10.50 -10.34 -9.97 -9.56 -9.19 -8.81 -8.38 -8.03 -7.66 -7.12 -6.47 -5.81 -5.34 -5.31 -5.44 -5.12 -4.66 -4.31 -4.19 -4.06 -4.00 -3.75 -3.47 -3.19 -2.94 -2.69 -2.44 -2.28 -2.19 -2.09 -2.00 -1.94 -1.88 -1.84 -1.78 -1.75 -1.69 -1.66 -1.59 -1.56 -1.53 -1.50 -1.44 -1.41 -1.34 -1.31 -1.25 -1.22 -1.16 -1.09 -1.03 -0.97 -0.91 -0.84 -0.78 -0.72 -0.66 -0.56 -0.50 -0.41
-18.12 -18.38 -18.53 -18.69 -18.41 -18.03 -17.62 -17.25 -16.69 -16.12 -15.50 -15.16 -14.62 -14.06 -13.12 -12.53 -12.06 -11.94 -11.59 -11.16 -11.09 -11.09 -10.84 -10.56 -10.06 -9.62 -9.16 -8.75 -8.34 -8.00 -7.56 -7.03 -6.34 -5.88 -5.84 -6.00 -5.78 -5.47 -5.00 -4.59 -4.41 -4.41 -4.16 -3.84 -3.56 -3.28 -3.00 -2.72 -2.50 -2.31 -2.22 -2.12 -2.00 -1.94 -1.88 -1.81 -1.78 -1.72 -1.69 -1.66 -1.59 -1.56 -1.53 -1.50 -1.47 -1.44 -1.38 -1.34 -1.28 -1.25 -1.19 -1.12 -1.09 -1.03 -0.97 -0.91 -0.84 -0.78 -0.72 -0.62 -0.56
-18.84 -19.22 -19.28 -19.06 -18.59 -18.09 -17.69 -17.34 -16.91 -16.41 -16.12 -15.91 -15.62 -15.03 -14.16 -13.47 -12.75 -12.62 -12.12 -11.84 -11.66 -11.66 -11.53 -11.12 -10.56 -10.09 -9.69 -9.28 -8.88 -8.50 -8.12 -7.88 -7.19 -6.50 -6.56 -6.56 -6.38 -6.06 -5.72 -5.41 -5.09 -4.84 -4.56 -4.25 -3.94 -3.62 -3.31 -3.00 -2.72 -2.50 -2.34 -2.22 -2.06 -2.00 -1.91 -1.84 -1.81 -1.75 -1.72 -1.69 -1.66 -1.62 -1.59 -1.56 -1.53 -1.50 -1.44 -1.41 -1.38 -1.31 -1.28 -1.22 -1.19 -1.12 -1.06 -1.03 -0.97 -0.91 -0.84 -0.78 -0.69
-19.31 -19.91 -20.03 -19.69 -19.28 -18.78 -18.22 -17.75 -17.41 -17.06 -17.06 -16.75 -16.44 -15.75 -15.25 -14.50 -13.88 -13.59 -13.00 -12.44 -12.31 -12.44 -12.22 -11.72 -11.19 -10.84 -10.41 -10.00 -9.59 -9.22 -8.94 -8.53 -8.06 -7.59 -7.28 -7.09 -6.84 -6.56 -6.25 -5.94 -5.62 -5.28 -4.97 -4.66 -4.34 -4.03 -3.69 -3.38 -3.03 -2.72 -2.53 -2.31 -2.19 -2.03 -1.97 -1.88 -1.84 -1.78 -1.75 -1.72 -1.69 -1.66 -1.62 -1.59 -1.56 -1.53 -1.50 -1.47 -1.44 -1.41 -1.34 -1.31 -1.28 -1.22 -1.19 -1.12 -1.06 -1.03 -0.97 -0.91 -0.84
-19.75 -20.44 -20.66 -20.69 -20.50 -19.91 -19.22 -18.78 -18.38 -17.94 -17.78 -17.47 -17.28 -16.84 -16.44 -15.84 -15.31 -14.78 -13.91 -13.22 -13.12 -13.16 -12.78 -12.31 -11.88 -11.53 -11.25 -10.81 -10.38 -9.94 -9.50 -9.09 -8.66 -8.28 -7.94 -7.66 -7.25 -7.00 -6.75 -6.41 -6.06 -5.75 -5.41 -5.06 -4.75 -4.41 -4.06 -3.72 -3.31 -2.97 -2.72 -2.50 -2.28 -2.09 -2.00 -1.91 -1.84 -1.81 -1.78 -1.72 -1.72 -1.69 -1.66 -1.66 -1.62 -1.59 -1.56 -1.53 -1.50 -1.47 -1.44 -1.41 -1.34 -1.31 -1.28 -1.22 -1.19 -1.16 -1.09 -1.03 -1.00
-20.38 -21.00 -21.38 -21.44 -21.34 -20.91 -20.19 -19.66 -19.22 -18.81 -18.41 -18.38 -18.12 -17.72 -17.34 -16.78 -16.31 -15.53 -14.50 -13.84 -13.31 -13.59 -13.31 -13.06 -12.69 -12.28 -11.84 -11.28 -10.88 -10.44 -10.00 -9.53 -9.22 -8.84 -8.47 -8.06 -7.66 -7.38 -7.16 -6.84 -6.53 -6.19 -5.84 -5.50 -5.16 -4.81 -4.47 -4.09 -3.78 -3.34 -2.94 -2.66 -2.41 -2.22 -2.00 -1.91 -1.84 -1.81 -1.78 -1.75 -1.72 -1.72 -1.69 -1.69 -1.66 -1.62 -1.62 -1.59 -1.56 -1.53 -1.50 -1.47 -1.44 -1.41 -1.38 -1.31 -1.28 -1.25 -1.22 -1.16 -1.12
-21.03 -21.56 -22.00 -22.06 -21.91 -21.50 -20.84 -20.25 -19.75 -19.31 -19.16 -19.03 -18.72 -18.38 -18.00 -17.59 -17.06 -16.00 -15.09 -14.38 -13.91 -14.19 -14.03 -13.56 -13.00 -12.44 -11.84 -11.31 -10.81 -10.50 -10.28 -9.97 -9.59 -9.31 -9.00 -8.66 -8.19 -7.78 -7.44 -7.19 -6.97 -6.66 -6.31 -5.97 -5.59 -5.25 -4.88 -4.50 -4.16 -3.66 -3.19 -2.91 -2.59 -2.34 -2.00 -1.88 -1.81 -1.81 -1.78 -1.78 -1.75 -1.75 -1.72 -1.72 -1.69 -1.66 -1.66 -1.62 -1.59 -1.59 -1.56 -1.53 -1.50 -1.47 -1.44 -1.41 -1.38 -1.34 -1.31 -1.28 -1.25
-21.72 -22.28 -22.78 -22.75 -22.47 -21.97 -21.44 -20.81 -20.34 -19.72 -19.59 -19.53 -19.31 -18.94 -18.53 -18.16 -17.34 -16.22 -15.19 -14.97 -14.53 -14.66 -14.47 -13.78 -13.12 -12.69 -12.22 -11.75 -11.25 -10.91 -10.62 -10.47 -10.06 -9.91 -9.53 -9.28 -8.81 -8.28 -7.91 -7.59 -7.31 -7.03 -6.72 -6.38 -6.06 -5.69 -5.28 -4.91 -4.47 -3.97 -3.47 -3.12 -2.78 -2.47 -1.81 -1.78 -1.78 -1.78 -1.78 -1.78 -1.78 -1.75 -1.75 -1.72 -1.72 -1.72 -1.69 -1.66 -1.66 -1.62 -1.59 -1.59 -1.56 -1.53 -1.53 -1.50 -1.47 -1.44 -1.44 -1.41 -1.38
-22.56 -22.94 -23.50 -23.53 -23.16 -22.78 -22.22 -21.38 -21.09 -20.53 -20.44 -20.12 -20.06 -19.62 -19.16 -18.62 -17.59 -16.44 -15.94 -15.94 -15.59 -15.53 -15.09 -14.25 -13.78 -13.62 -13.12 -12.69 -12.22 -11.81 -11.59 -11.19 -10.78 -10.44 -10.03 -9.78 -9.44 -8.97 -8.47 -8.06 -7.72 -7.41 -7.16 -6.88 -6.50 -6.12 -5.72 -5.31 -4.91 -4.41 -3.91 -3.50 -3.12 -2.72 -2.12 -1.81 -1.78 -1.78 -1.81 -1.78 -1.78 -1.78 -1.78 -1.75 -1.75 -1.72 -1.72 -1.72 -1.69 -1.69 -1.66 -1.62 -1.62 -1.59 -1.59 -1.56 -1.56 -1.53 -1.53 -1.53 -1.47
-23.22 -23.62 -24.00 -24.22 -23.84 -23.62 -23.00 -22.53 -22.28 -21.66 -21.62 -21.38 -21.03 -20.44 -19.84 -19.19 -18.19 -17.31 -16.81 -16.84 -16.66 -16.41 -15.66 -14.97 -14.53 -14.41 -14.28 -13.84 -13.38 -12.88 -12.56 -12.03 -11.38 -10.84 -10.59 -10.28 -9.91 -9.56 -9.12 -8.62 -8.19 -7.91 -7.69 -7.34 -7.00 -6.59 -6.19 -5.75 -5.28 -4.84 -4.22 -3.78 -3.41 -3.00 -2.47 -2.09 -1.84 -1.78 -1.78 -1.81 -1.81 -1.78 -1.78 -1.78 -1.78 -1.75 -1.75 -1.75 -1.72 -1.72 -1.69 -1.69 -1.69 -1.66 -1.66 -1.66 -1.62 -1.62 -1.62 -1.59 -1.56
-23.97 -24.31 -24.62 -24.88 -24.62 -24.22 -23.69 -23.28 -23.31 -22.88 -22.66 -22.50 -21.97 -21.44 -20.69 -19.72 -19.09 -18.34 -17.78 -17.66 -17.22 -16.91 -16.31 -15.84 -15.44 -15.28 -15.06 -14.75 -14.31 -13.81 -13.28 -12.72 -12.12 -11.50 -10.84 -10.16 -9.84 -9.78 -9.53 -9.19 -8.88 -8.53 -8.19 -7.84 -7.47 -7.09 -6.59 -6.12 -5.62 -5.16 -4.59 -4.12 -3.75 -3.31 -2.78 -2.44 -2.09 -1.81 -1.81 -1.78 -1.81 -1.81 -1.81 -1.81 -1.78 -1.78 -1.78 -1.78 -1.75 -1.75 -1.75 -1.72 -1.72 -1.72 -1.72 -1.69 -1.69 -1.69 -1.69 -1.66 -1.62
-24.66 -25.00 -25.34 -25.53 -25.59 -25.03 -24.59 -24.09 -23.94 -23.75 -23.44 -23.34 -22.88 -22.28 -21.66 -20.59 -19.69 -19.12 -18.56 -18.25 -17.94 -17.62 -16.91 -16.53 -16.34 -16.12 -15.78 -15.41 -14.88 -14.31 -13.78 -13.22 -12.62 -12.00 -11.25 -10.47 -10.34 -9.84 -9.62 -9.53 -9.44 -9.12 -8.72 -8.38 -7.97 -7.56 -7.12 -6.47 -6.00 -5.56 -4.97 -4.56 -4.09 -3.66 -3.09 -2.72 -2.25 -1.94 -1.84 -1.81 -1.81 -1.81 -1.81 -1.81 -1.81 -1.81 -1.81 -1.78 -1.78 -1.78 -1.78 -1.75 -1.75 -1.75 -1.75 -1.75 -1.75 -1.75 -1.75 -1.72 -1.69
-25.22 -25.50 -25.91 -26.09 -26.19 -26.19 -25.53 -24.94 -24.53 -23.94 -23.75 -23.84 -23.47 -22.91 -22.22 -21.44 -20.28 -19.56 -18.97 -18.69 -18.31 -17.88 -17.41 -17.19 -16.91 -16.59 -16.31 -15.84 -15.22 -14.72 -14.28 -13.75 -13.03 -12.53 -12.03 -11.50 -10.91 -10.31 -9.94 -9.72 -9.59 -9.41 -9.12 -8.81 -8.47 -8.03 -7.62 -6.94 -6.38 -6.00 -5.38 -4.94 -4.47 -4.00 -3.41 -3.00 -2.62 -2.22 -1.91 -1.88 -1.88 -1.84 -1.81 -1.84 -1.84 -1.84 -1.81 -1.81 -1.81 -1.81 -1.81 -1.81 -1.81 -1.81 -1.81 -1.78 -1.81 -1.78 -1.78 -1.78 -1.75
-25.47 -25.62 -26.22 -26.72 -27.09 -27.12 -26.84 -25.66 -24.97 -24.25 -24.34 -24.47 -24.12 -23.59 -22.91 -21.97 -20.69 -19.94 -19.41 -19.19 -18.81 -18.16 -17.84 -17.66 -17.41 -17.19 -16.69 -16.16 -15.62 -15.16 -14.62 -14.12 -13.47 -13.41 -12.75 -12.16 -11.72 -11.19 -10.53 -10.12 -9.84 -9.69 -9.62 -9.34 -9.00 -8.56 -8.16 -7.47 -6.84 -6.41 -5.75 -5.38 -4.84 -4.38 -3.75 -3.44 -2.94 -2.41 -2.00 -1.97 -1.94 -1.91 -1.88 -1.88 -1.81 -1.84 -1.84 -1.84 -1.84 -1.84 -1.84 -1.84 -1.81 -1.81 -1.84 -1.84 -1.84 -1.81 -1.81 -1.81 -1.81
