everonasctiles/Tile[46,35].asc
ncols 128
nrows 128
xllcorner 0
yllcorner 0
cellsize 2.0
NODATA_value  -9999
[rows 0 to 31 of 128, columns 0 to 70 of 128]
-58.38 -58.47 -58.56 -58.66 -58.75 -58.81 -58.84 -58.88 -58.91 -58.94 -58.97 -59.00 -59.06 -59.12 -59.19 -59.28 -59.38 -59.47 -59.53 -59.62 -59.72 -59.78 -59.88 -59.97 -60.09 -60.28 -60.50 -60.72 -60.97 -61.19 -61.41 -61.59 -61.75 -61.88 -61.97 -62.03 -62.09 -62.16 -62.22 -62.28 -62.38 -62.47 -62.53 -62.62 -62.72 -62.81 -62.91 -63.00 -63.09 -63.19 -63.28 -63.41 -63.47 -63.53 -63.62 -63.69 -63.78 -63.88 -63.97 -64.06 -64.19 -64.28 -64.38 -64.47 -64.56 -64.69 -64.78 -64.91 -65.00 -65.12 -65.25
-58.41 -58.50 -58.59 -58.69 -58.78 -58.84 -58.88 -58.91 -58.94 -58.97 -59.00 -59.03 -59.06 -59.12 -59.19 -59.25 -59.34 -59.44 -59.50 -59.56 -59.62 -59.72 -59.78 -59.91 -60.06 -60.25 -60.50 -60.72 -60.97 -61.19 -61.41 -61.56 -61.72 -61.81 -61.91 -61.97 -62.03 -62.09 -62.16 -62.25 -62.31 -62.41 -62.50 -62.62 -62.72 -62.81 -62.94 -63.03 -63.16 -63.25 -63.38 -63.47 -63.56 -63.66 -63.72 -63.81 -63.91 -64.00 -64.12 -64.25 -64.34 -64.47 -64.56 -64.66 -64.78 -64.88 -64.97 -65.06 -65.16 -65.28 -65.38
-58.44 -58.53 -58.62 -58.72 -58.78 -58.84 -58.91 -58.94 -58.97 -59.00 -59.03 -59.06 -59.09 -59.16 -59.19 -59.25 -59.34 -59.41 -59.47 -59.53 -59.59 -59.66 -59.75 -59.88 -60.06 -60.28 -60.50 -60.72 -60.97 -61.19 -61.38 -61.53 -61.66 -61.75 -61.84 -61.91 -61.97 -62.03 -62.09 -62.19 -62.28 -62.38 -62.50 -62.59 -62.72 -62.84 -62.97 -63.09 -63.22 -63.34 -63.47 -63.56 -63.66 -63.75 -63.84 -63.94 -64.03 -64.12 -64.25 -64.38 -64.50 -64.62 -64.75 -64.84 -64.94 -65.03 -65.12 -65.22 -65.31 -65.41 -65.50
-58.47 -58.56 -58.62 -58.72 -58.78 -58.84 -58.91 -58.94 -58.97 -59.00 -59.03 -59.06 -59.12 -59.16 -59.22 -59.28 -59.34 -59.41 -59.47 -59.53 -59.59 -59.66 -59.78 -59.91 -60.09 -60.28 -60.50 -60.75 -60.94 -61.16 -61.31 -61.44 -61.56 -61.66 -61.75 -61.84 -61.91 -61.97 -62.06 -62.16 -62.25 -62.38 -62.50 -62.62 -62.75 -62.91 -63.06 -63.19 -63.31 -63.44 -63.56 -63.66 -63.75 -63.84 -63.94 -64.03 -64.12 -64.25 -64.38 -64.50 -64.62 -64.75 -64.88 -65.00 -65.09 -65.19 -65.28 -65.34 -65.44 -65.50 -65.59
-58.44 -58.53 -58.62 -58.72 -58.78 -58.84 -58.88 -58.94 -58.97 -59.00 -59.06 -59.09 -59.16 -59.19 -59.25 -59.31 -59.38 -59.44 -59.47 -59.53 -59.62 -59.72 -59.84 -59.97 -60.16 -60.34 -60.53 -60.75 -60.94 -61.09 -61.22 -61.34 -61.44 -61.53 -61.66 -61.75 -61.81 -61.91 -62.00 -62.12 -62.25 -62.38 -62.53 -62.66 -62.81 -62.97 -63.12 -63.28 -63.41 -63.53 -63.66 -63.75 -63.84 -63.94 -64.00 -64.12 -64.22 -64.34 -64.47 -64.59 -64.72 -64.88 -64.97 -65.09 -65.19 -65.28 -65.38 -65.44 -65.50 -65.59 -65.66
-58.41 -58.50 -58.59 -58.66 -58.75 -58.81 -58.88 -58.91 -58.97 -59.03 -59.06 -59.09 -59.16 -59.22 -59.28 -59.34 -59.41 -59.47 -59.53 -59.59 -59.66 -59.78 -59.91 -60.06 -60.22 -60.38 -60.56 -60.75 -60.91 -61.03 -61.12 -61.22 -61.31 -61.41 -61.53 -61.62 -61.72 -61.84 -61.97 -62.12 -62.25 -62.41 -62.56 -62.72 -62.88 -63.03 -63.19 -63.34 -63.50 -63.62 -63.75 -63.84 -63.94 -64.00 -64.06 -64.19 -64.28 -64.41 -64.53 -64.66 -64.78 -64.91 -65.03 -65.16 -65.25 -65.34 -65.44 -65.50 -65.56 -65.62 -65.69
-58.38 -58.47 -58.53 -58.62 -58.69 -58.75 -58.81 -58.91 -58.94 -59.00 -59.06 -59.12 -59.19 -59.22 -59.28 -59.38 -59.44 -59.50 -59.56 -59.66 -59.72 -59.84 -59.97 -60.12 -60.25 -60.41 -60.56 -60.72 -60.84 -60.94 -61.00 -61.06 -61.16 -61.28 -61.38 -61.50 -61.62 -61.78 -61.94 -62.09 -62.25 -62.44 -62.59 -62.75 -62.91 -63.06 -63.22 -63.38 -63.53 -63.69 -63.81 -63.91 -63.97 -64.03 -64.12 -64.22 -64.31 -64.44 -64.56 -64.69 -64.81 -64.94 -65.06 -65.19 -65.28 -65.38 -65.44 -65.53 -65.56 -65.62 -65.69
-58.34 -58.41 -58.50 -58.56 -58.66 -58.72 -58.78 -58.88 -58.94 -59.00 -59.06 -59.09 -59.16 -59.22 -59.28 -59.38 -59.44 -59.53 -59.62 -59.72 -59.81 -59.91 -60.03 -60.16 -60.31 -60.44 -60.56 -60.69 -60.78 -60.84 -60.88 -60.94 -61.00 -61.12 -61.25 -61.38 -61.53 -61.69 -61.88 -62.06 -62.25 -62.44 -62.62 -62.75 -62.91 -63.03 -63.19 -63.34 -63.50 -63.66 -63.78 -63.91 -64.00 -64.06 -64.12 -64.22 -64.31 -64.44 -64.56 -64.69 -64.81 -64.94 -65.06 -65.19 -65.31 -65.38 -65.47 -65.53 -65.56 -65.62 -65.69
-58.34 -58.41 -58.47 -58.56 -58.62 -58.69 -58.75 -58.81 -58.91 -58.97 -59.00 -59.06 -59.12 -59.19 -59.25 -59.34 -59.44 -59.56 -59.66 -59.75 -59.88 -59.97 -60.09 -60.22 -60.31 -60.44 -60.53 -60.62 -60.69 -60.72 -60.75 -60.81 -60.88 -60.97 -61.09 -61.22 -61.41 -61.59 -61.78 -62.00 -62.22 -62.41 -62.59 -62.72 -62.84 -62.97 -63.12 -63.28 -63.44 -63.59 -63.72 -63.81 -63.94 -64.03 -64.12 -64.19 -64.31 -64.44 -64.56 -64.69 -64.81 -64.94 -65.06 -65.19 -65.31 -65.38 -65.47 -65.50 -65.56 -65.59 -65.62
-58.34 -58.41 -58.47 -58.53 -58.59 -58.69 -58.75 -58.81 -58.84 -58.91 -58.97 -59.03 -59.09 -59.16 -59.22 -59.34 -59.44 -59.56 -59.69 -59.81 -59.91 -60.03 -60.12 -60.22 -60.31 -60.41 -60.50 -60.56 -60.59 -60.62 -60.62 -60.66 -60.72 -60.81 -60.94 -61.09 -61.28 -61.50 -61.72 -61.94 -62.16 -62.34 -62.50 -62.62 -62.75 -62.88 -63.00 -63.16 -63.31 -63.47 -63.59 -63.72 -63.84 -63.97 -64.06 -64.19 -64.28 -64.41 -64.56 -64.69 -64.84 -64.97 -65.09 -65.19 -65.28 -65.38 -65.44 -65.47 -65.50 -65.53 -65.56
-58.38 -58.44 -58.47 -58.53 -58.62 -58.66 -58.72 -58.78 -58.81 -58.88 -58.91 -58.97 -59.03 -59.09 -59.19 -59.31 -59.44 -59.56 -59.72 -59.81 -59.94 -60.03 -60.12 -60.22 -60.31 -60.38 -60.44 -60.50 -60.53 -60.53 -60.53 -60.53 -60.56 -60.66 -60.78 -60.94 -61.16 -61.41 -61.62 -61.88 -62.06 -62.22 -62.38 -62.50 -62.62 -62.72 -62.88 -63.00 -63.16 -63.28 -63.44 -63.56 -63.72 -63.88 -64.00 -64.16 -64.28 -64.41 -64.56 -64.69 -64.84 -64.97 -65.06 -65.19 -65.25 -65.31 -65.38 -65.41 -65.41 -65.44 -65.47
-58.38 -58.44 -58.50 -58.56 -58.62 -58.66 -58.72 -58.75 -58.78 -58.81 -58.88 -58.91 -59.00 -59.06 -59.19 -59.31 -59.44 -59.59 -59.72 -59.81 -59.94 -60.03 -60.12 -60.19 -60.28 -60.34 -60.38 -60.44 -60.44 -60.44 -60.44 -60.44 -60.44 -60.50 -60.62 -60.81 -61.06 -61.31 -61.53 -61.75 -61.94 -62.09 -62.22 -62.34 -62.47 -62.59 -62.72 -62.84 -62.97 -63.09 -63.25 -63.41 -63.56 -63.75 -63.94 -64.09 -64.25 -64.41 -64.56 -64.69 -64.84 -64.94 -65.06 -65.16 -65.22 -65.25 -65.28 -65.31 -65.31 -65.34 -65.34
-58.41 -58.47 -58.50 -58.56 -58.62 -58.66 -58.69 -58.72 -58.75 -58.78 -58.81 -58.88 -58.97 -59.06 -59.19 -59.31 -59.44 -59.59 -59.72 -59.81 -59.94 -60.03 -60.09 -60.19 -60.22 -60.28 -60.31 -60.34 -60.38 -60.34 -60.34 -60.31 -60.31 -60.34 -60.50 -60.72 -60.97 -61.19 -61.41 -61.62 -61.81 -61.94 -62.09 -62.19 -62.31 -62.44 -62.56 -62.69 -62.78 -62.91 -63.06 -63.22 -63.44 -63.62 -63.84 -64.03 -64.22 -64.41 -64.53 -64.69 -64.81 -64.94 -65.03 -65.09 -65.12 -65.16 -65.19 -65.19 -65.22 -65.22 -65.22
-58.41 -58.44 -58.50 -58.56 -58.62 -58.66 -58.69 -58.72 -58.72 -58.75 -58.81 -58.88 -58.97 -59.06 -59.19 -59.31 -59.47 -59.59 -59.72 -59.81 -59.94 -60.00 -60.09 -60.12 -60.19 -60.22 -60.25 -60.28 -60.28 -60.25 -60.22 -60.22 -60.22 -60.28 -60.44 -60.66 -60.88 -61.12 -61.31 -61.53 -61.69 -61.84 -61.97 -62.09 -62.22 -62.34 -62.44 -62.53 -62.62 -62.72 -62.84 -63.06 -63.28 -63.50 -63.75 -63.97 -64.19 -64.34 -64.50 -64.66 -64.78 -64.88 -64.94 -65.00 -65.03 -65.06 -65.06 -65.09 -65.06 -65.06 -65.06
-58.38 -58.44 -58.50 -58.56 -58.59 -58.66 -58.69 -58.69 -58.72 -58.75 -58.81 -58.88 -58.97 -59.09 -59.22 -59.34 -59.47 -59.59 -59.72 -59.81 -59.91 -60.00 -60.06 -60.09 -60.12 -60.16 -60.16 -60.19 -60.16 -60.16 -60.12 -60.12 -60.16 -60.28 -60.44 -60.66 -60.88 -61.06 -61.28 -61.47 -61.62 -61.78 -61.91 -62.03 -62.16 -62.25 -62.34 -62.44 -62.50 -62.56 -62.72 -62.91 -63.16 -63.38 -63.62 -63.88 -64.09 -64.28 -64.44 -64.59 -64.69 -64.78 -64.84 -64.88 -64.91 -64.94 -64.94 -64.94 -64.94 -64.91 -64.91
-58.38 -58.44 -58.47 -58.53 -58.59 -58.62 -58.66 -58.69 -58.72 -58.75 -58.81 -58.91 -59.00 -59.12 -59.25 -59.34 -59.47 -59.59 -59.72 -59.81 -59.91 -59.97 -60.00 -60.03 -60.06 -60.06 -60.06 -60.06 -60.06 -60.03 -60.03 -60.06 -60.16 -60.31 -60.47 -60.69 -60.88 -61.09 -61.28 -61.47 -61.62 -61.75 -61.88 -62.00 -62.09 -62.22 -62.28 -62.34 -62.41 -62.50 -62.62 -62.81 -63.03 -63.25 -63.50 -63.75 -63.97 -64.19 -64.34 -64.47 -64.56 -64.62 -64.69 -64.75 -64.78 -64.81 -64.81 -64.81 -64.78 -64.75 -64.75
-58.38 -58.41 -58.47 -58.53 -58.59 -58.62 -58.66 -58.69 -58.72 -58.78 -58.84 -58.91 -59.03 -59.12 -59.25 -59.38 -59.50 -59.59 -59.69 -59.78 -59.88 -59.91 -59.94 -59.97 -60.00 -60.00 -60.00 -59.97 -59.94 -59.94 -59.94 -60.00 -60.12 -60.31 -60.53 -60.75 -60.94 -61.12 -61.31 -61.50 -61.62 -61.75 -61.88 -61.97 -62.06 -62.16 -62.25 -62.31 -62.38 -62.47 -62.56 -62.72 -62.88 -63.09 -63.34 -63.59 -63.81 -64.03 -64.19 -64.28 -64.38 -64.44 -64.50 -64.56 -64.62 -64.66 -64.66 -64.66 -64.62 -64.59 -64.56
-58.34 -58.41 -58.47 -58.50 -58.56 -58.62 -58.66 -58.69 -58.72 -58.78 -58.84 -58.94 -59.03 -59.16 -59.28 -59.38 -59.47 -59.56 -59.66 -59.75 -59.81 -59.84 -59.88 -59.91 -59.91 -59.94 -59.91 -59.91 -59.88 -59.84 -59.84 -59.97 -60.12 -60.34 -60.56 -60.78 -61.00 -61.19 -61.34 -61.50 -61.66 -61.78 -61.88 -61.97 -62.06 -62.12 -62.22 -62.28 -62.38 -62.44 -62.53 -62.62 -62.75 -62.91 -63.16 -63.38 -63.62 -63.81 -63.94 -64.06 -64.12 -64.19 -64.28 -64.34 -64.44 -64.47 -64.50 -64.50 -64.47 -64.44 -64.41
-58.34 -58.41 -58.44 -58.50 -58.56 -58.59 -58.66 -58.69 -58.72 -58.78 -58.84 -58.94 -59.06 -59.16 -59.28 -59.38 -59.47 -59.53 -59.62 -59.69 -59.75 -59.78 -59.81 -59.84 -59.84 -59.84 -59.84 -59.81 -59.78 -59.75 -59.81 -59.94 -60.16 -60.34 -60.59 -60.81 -61.00 -61.19 -61.38 -61.50 -61.66 -61.75 -61.84 -61.94 -62.03 -62.09 -62.19 -62.28 -62.31 -62.38 -62.44 -62.50 -62.56 -62.72 -62.94 -63.19 -63.41 -63.56 -63.69 -63.75 -63.84 -63.91 -64.00 -64.09 -64.19 -64.28 -64.31 -64.34 -64.34 -64.28 -64.25
-58.34 -58.38 -58.44 -58.47 -58.53 -58.56 -58.62 -58.66 -58.69 -58.78 -58.84 -58.97 -59.06 -59.19 -59.28 -59.34 -59.44 -59.50 -59.56 -59.62 -59.69 -59.72 -59.75 -59.78 -59.78 -59.78 -59.78 -59.75 -59.72 -59.72 -59.81 -59.97 -60.19 -60.38 -60.59 -60.81 -61.03 -61.19 -61.34 -61.47 -61.59 -61.72 -61.81 -61.91 -62.00 -62.06 -62.16 -62.22 -62.25 -62.28 -62.31 -62.34 -62.41 -62.50 -62.72 -62.97 -63.19 -63.31 -63.41 -63.44 -63.50 -63.59 -63.69 -63.81 -63.91 -64.03 -64.09 -64.16 -64.16 -64.12 -64.09
-58.31 -58.38 -58.41 -58.44 -58.50 -58.53 -58.56 -58.62 -58.69 -58.75 -58.84 -58.97 -59.06 -59.16 -59.25 -59.31 -59.38 -59.44 -59.50 -59.56 -59.62 -59.66 -59.69 -59.72 -59.72 -59.72 -59.72 -59.69 -59.69 -59.75 -59.84 -60.03 -60.22 -60.41 -60.62 -60.81 -61.00 -61.16 -61.31 -61.44 -61.56 -61.66 -61.78 -61.88 -61.94 -62.00 -62.06 -62.09 -62.12 -62.12 -62.16 -62.22 -62.28 -62.41 -62.62 -62.81 -63.00 -63.09 -63.12 -63.09 -63.09 -63.19 -63.34 -63.50 -63.62 -63.75 -63.88 -63.94 -63.97 -63.97 -63.91
-58.28 -58.34 -58.38 -58.41 -58.44 -58.47 -58.53 -58.59 -58.66 -58.75 -58.84 -58.97 -59.06 -59.16 -59.22 -59.28 -59.34 -59.38 -59.44 -59.50 -59.53 -59.59 -59.62 -59.66 -59.66 -59.66 -59.62 -59.62 -59.69 -59.78 -59.91 -60.06 -60.28 -60.47 -60.66 -60.84 -61.00 -61.16 -61.28 -61.41 -61.50 -61.62 -61.72 -61.78 -61.84 -61.91 -61.94 -61.94 -61.97 -62.00 -62.03 -62.12 -62.25 -62.38 -62.56 -62.72 -62.84 -62.88 -62.84 -62.75 -62.59 -62.62 -62.94 -63.19 -63.31 -63.47 -63.59 -63.69 -63.75 -63.75 -63.72
-58.25 -58.28 -58.31 -58.34 -58.38 -58.41 -58.47 -58.53 -58.62 -58.72 -58.81 -58.94 -59.03 -59.09 -59.19 -59.22 -59.28 -59.31 -59.38 -59.41 -59.47 -59.50 -59.56 -59.59 -59.59 -59.56 -59.56 -59.59 -59.69 -59.81 -59.97 -60.16 -60.34 -60.53 -60.69 -60.84 -61.00 -61.12 -61.25 -61.38 -61.47 -61.56 -61.62 -61.69 -61.72 -61.75 -61.75 -61.78 -61.81 -61.84 -61.94 -62.06 -62.22 -62.38 -62.53 -62.66 -62.72 -62.72 -62.62 -62.50 -62.22 -62.09 -62.41 -62.81 -63.00 -63.16 -63.31 -63.44 -63.50 -63.53 -63.47
-58.22 -58.25 -58.25 -58.28 -58.31 -58.34 -58.41 -58.50 -58.59 -58.69 -58.78 -58.88 -58.97 -59.03 -59.12 -59.19 -59.22 -59.25 -59.28 -59.31 -59.38 -59.44 -59.47 -59.50 -59.50 -59.50 -59.50 -59.56 -59.69 -59.84 -60.03 -60.22 -60.41 -60.59 -60.75 -60.88 -61.03 -61.12 -61.25 -61.34 -61.41 -61.50 -61.53 -61.56 -61.56 -61.56 -61.56 -61.59 -61.62 -61.72 -61.88 -62.03 -62.22 -62.38 -62.50 -62.62 -62.66 -62.59 -62.50 -62.31 -62.06 -61.78 -61.97 -62.41 -62.69 -62.84 -63.00 -63.12 -63.22 -63.22 -63.19
-58.19 -58.19 -58.19 -58.22 -58.22 -58.28 -58.34 -58.44 -58.53 -58.59 -58.69 -58.78 -58.88 -58.97 -59.03 -59.09 -59.16 -59.16 -59.19 -59.22 -59.28 -59.34 -59.38 -59.41 -59.41 -59.41 -59.44 -59.56 -59.72 -59.88 -60.09 -60.28 -60.47 -60.62 -60.78 -60.91 -61.03 -61.12 -61.22 -61.28 -61.34 -61.38 -61.38 -61.38 -61.34 -61.34 -61.34 -61.34 -61.41 -61.62 -61.81 -62.00 -62.19 -62.38 -62.50 -62.56 -62.56 -62.50 -62.38 -62.22 -62.00 -61.69 -61.59 -61.94 -62.31 -62.53 -62.69 -62.81 -62.88 -62.91 -62.84
-58.12 -58.16 -58.12 -58.12 -58.16 -58.19 -58.25 -58.31 -58.41 -58.50 -58.59 -58.66 -58.75 -58.84 -58.94 -59.00 -59.06 -59.09 -59.09 -59.12 -59.19 -59.25 -59.28 -59.28 -59.31 -59.34 -59.44 -59.56 -59.75 -59.94 -60.16 -60.34 -60.53 -60.69 -60.81 -60.91 -61.00 -61.09 -61.16 -61.19 -61.22 -61.22 -61.19 -61.16 -61.12 -61.09 -61.06 -61.00 -61.22 -61.56 -61.81 -62.00 -62.19 -62.34 -62.47 -62.50 -62.50 -62.44 -62.31 -62.16 -61.94 -61.72 -61.47 -61.53 -61.91 -62.19 -62.34 -62.47 -62.53 -62.53 -62.50
-58.09 -58.09 -58.06 -58.03 -58.03 -58.06 -58.12 -58.19 -58.25 -58.34 -58.44 -58.53 -58.62 -58.72 -58.81 -58.91 -58.97 -59.00 -59.00 -59.03 -59.09 -59.12 -59.16 -59.19 -59.22 -59.31 -59.44 -59.59 -59.81 -60.00 -60.19 -60.38 -60.53 -60.69 -60.81 -60.91 -60.97 -61.03 -61.06 -61.06 -61.06 -61.03 -61.00 -60.94 -60.91 -60.78 -60.62 -60.72 -61.19 -61.56 -61.81 -62.00 -62.19 -62.31 -62.41 -62.47 -62.44 -62.38 -62.25 -62.09 -61.91 -61.72 -61.50 -61.31 -61.53 -61.84 -62.03 -62.12 -62.19 -62.19 -62.16
-58.03 -58.00 -57.97 -57.94 -57.91 -57.91 -57.94 -58.00 -58.09 -58.16 -58.25 -58.38 -58.47 -58.59 -58.69 -58.78 -58.84 -58.88 -58.91 -58.94 -58.97 -59.00 -59.03 -59.06 -59.16 -59.28 -59.44 -59.66 -59.84 -60.06 -60.25 -60.41 -60.53 -60.66 -60.75 -60.84 -60.91 -60.94 -60.91 -60.91 -60.84 -60.81 -60.78 -60.72 -60.56 -60.38 -60.44 -60.81 -61.31 -61.62 -61.84 -62.03 -62.19 -62.31 -62.38 -62.41 -62.41 -62.34 -62.22 -62.06 -61.88 -61.69 -61.50 -61.31 -61.28 -61.53 -61.72 -61.81 -61.88 -61.88 -61.81
-57.91 -57.91 -57.84 -57.81 -57.78 -57.75 -57.78 -57.84 -57.91 -58.00 -58.09 -58.19 -58.31 -58.44 -58.56 -58.66 -58.72 -58.78 -58.81 -58.84 -58.84 -58.88 -58.91 -58.97 -59.09 -59.25 -59.47 -59.69 -59.88 -60.09 -60.25 -60.38 -60.50 -60.59 -60.69 -60.75 -60.78 -60.78 -60.75 -60.69 -60.66 -60.59 -60.50 -60.38 -60.25 -60.41 -60.72 -61.12 -61.44 -61.66 -61.88 -62.06 -62.19 -62.31 -62.34 -62.38 -62.34 -62.25 -62.16 -62.00 -61.84 -61.66 -61.50 -61.34 -61.25 -61.34 -61.47 -61.56 -61.59 -61.59 -61.56
-57.78 -57.75 -57.72 -57.69 -57.62 -57.59 -57.59 -57.62 -57.72 -57.81 -57.91 -58.03 -58.16 -58.28 -58.41 -58.53 -58.59 -58.66 -58.69 -58.72 -58.75 -58.75 -58.81 -58.91 -59.06 -59.25 -59.47 -59.69 -59.91 -60.09 -60.22 -60.34 -60.44 -60.50 -60.56 -60.59 -60.62 -60.59 -60.56 -60.50 -60.44 -60.31 -60.22 -60.28 -60.53 -60.81 -61.06 -61.31 -61.53 -61.75 -61.94 -62.09 -62.22 -62.28 -62.31 -62.28 -62.25 -62.16 -62.03 -61.91 -61.75 -61.59 -61.47 -61.34 -61.28 -61.25 -61.31 -61.38 -61.41 -61.41 -61.34
-57.66 -57.62 -57.59 -57.53 -57.47 -57.41 -57.38 -57.38 -57.47 -57.59 -57.72 -57.88 -58.00 -58.16 -58.28 -58.38 -58.47 -58.53 -58.59 -58.59 -58.62 -58.62 -58.69 -58.84 -59.03 -59.25 -59.47 -59.69 -59.88 -60.06 -60.19 -60.28 -60.34 -60.38 -60.41 -60.44 -60.41 -60.38 -60.34 -60.28 -60.16 -60.06 -60.25 -60.53 -60.78 -61.03 -61.22 -61.44 -61.62 -61.81 -61.97 -62.09 -62.19 -62.25 -62.22 -62.19 -62.09 -62.00 -61.88 -61.75 -61.62 -61.50 -61.41 -61.31 -61.25 -61.22 -61.22 -61.25 -61.25 -61.25 -61.19
-57.53 -57.50 -57.47 -57.47 -57.47 -57.47 -57.47 -57.47 -57.47 -57.50 -57.56 -57.72 -57.88 -58.00 -58.12 -58.22 -58.31 -58.41 -58.44 -58.47 -58.50 -58.53 -58.62 -58.81 -59.00 -59.22 -59.44 -59.66 -59.84 -60.00 -60.09 -60.19 -60.22 -60.22 -60.22 -60.19 -60.19 -60.16 -60.09 -60.00 -59.91 -60.16 -60.44 -60.72 -60.94 -61.16 -61.38 -61.56 -61.72 -61.88 -62.00 -62.09 -62.16 -62.19 -62.12 -62.03 -61.94 -61.81 -61.72 -61.59 -61.47 -61.38 -61.31 -61.28 -61.25 -61.22 -61.19 -61.19 -61.16 -61.09 -61.03
