everonasctiles/Tile[23,36].asc
ncols 128
nrows 128
xllcorner 0
yllcorner 0
cellsize 2.0
NODATA_value  -9999
[rows 0 to 31 of 128, columns 0 to 72 of 128]
-2.50 -2.62 -2.72 -2.81 -2.94 -3.09 -3.31 -3.59 -3.97 -4.44 -5.00 -5.59 -6.22 -6.78 -7.34 -7.81 -8.22 -8.56 -8.88 -9.16 -9.44 -9.78 -10.16 -10.53 -10.94 -11.31 -11.62 -11.91 -12.12 -12.28 -12.41 -12.50 -12.56 -12.59 -12.62 -12.78 -12.88 -13.00 -13.06 -13.09 -13.16 -13.34 -13.66 -13.94 -14.31 -14.44 -14.53 -14.62 -14.72 -14.81 -14.91 -15.03 -15.12 -15.19 -15.31 -15.41 -15.53 -15.72 -15.91 -16.12 -16.34 -16.53 -16.75 -16.94 -17.12 -17.28 -17.41 -17.53 -17.62 -17.72 -17.75 -17.81 -17.81
-2.50 -2.66 -2.78 -2.94 -3.12 -3.31 -3.56 -3.84 -4.25 -4.75 -5.31 -5.91 -6.53 -7.12 -7.72 -8.25 -8.72 -9.12 -9.50 -9.88 -10.22 -10.59 -10.97 -11.38 -11.81 -12.19 -12.53 -12.81 -13.03 -13.19 -13.31 -13.34 -13.38 -13.38 -13.47 -13.66 -13.84 -13.88 -13.84 -13.84 -13.88 -14.06 -14.28 -14.50 -14.78 -14.97 -15.09 -15.19 -15.28 -15.38 -15.47 -15.56 -15.62 -15.66 -15.75 -15.84 -15.94 -16.09 -16.25 -16.44 -16.59 -16.78 -16.97 -17.16 -17.31 -17.47 -17.56 -17.69 -17.75 -17.81 -17.84 -17.84 -17.88
-2.53 -2.72 -2.91 -3.09 -3.31 -3.53 -3.81 -4.16 -4.59 -5.09 -5.66 -6.25 -6.88 -7.53 -8.12 -8.72 -9.22 -9.72 -10.16 -10.56 -10.97 -11.38 -11.81 -12.22 -12.66 -13.06 -13.41 -13.72 -13.94 -14.06 -14.16 -14.19 -14.19 -14.19 -14.31 -14.53 -14.62 -14.53 -14.44 -14.41 -14.44 -14.66 -14.88 -15.06 -15.22 -15.47 -15.62 -15.72 -15.81 -15.91 -15.97 -16.03 -16.06 -16.09 -16.16 -16.22 -16.28 -16.41 -16.53 -16.66 -16.81 -17.00 -17.16 -17.31 -17.47 -17.59 -17.69 -17.78 -17.81 -17.88 -17.91 -17.91 -17.91
-2.62 -2.81 -3.03 -3.25 -3.50 -3.78 -4.09 -4.47 -4.94 -5.47 -6.03 -6.66 -7.28 -7.94 -8.56 -9.16 -9.75 -10.25 -10.75 -11.22 -11.69 -12.16 -12.59 -13.03 -13.47 -13.91 -14.25 -14.56 -14.78 -14.91 -14.97 -15.00 -14.97 -14.91 -15.03 -15.28 -15.25 -15.12 -14.97 -14.91 -14.94 -15.16 -15.41 -15.56 -15.72 -15.94 -16.09 -16.22 -16.31 -16.38 -16.41 -16.44 -16.47 -16.47 -16.50 -16.53 -16.59 -16.66 -16.75 -16.84 -17.00 -17.16 -17.28 -17.44 -17.56 -17.69 -17.78 -17.84 -17.88 -17.88 -17.91 -17.91 -17.91
-2.75 -2.94 -3.19 -3.44 -3.72 -4.03 -4.41 -4.84 -5.31 -5.84 -6.44 -7.06 -7.72 -8.34 -9.00 -9.62 -10.22 -10.81 -11.34 -11.88 -12.38 -12.84 -13.34 -13.81 -14.25 -14.66 -15.03 -15.34 -15.56 -15.72 -15.75 -15.75 -15.72 -15.62 -15.69 -15.84 -15.78 -15.62 -15.47 -15.38 -15.34 -15.62 -15.88 -16.06 -16.22 -16.38 -16.53 -16.66 -16.75 -16.78 -16.81 -16.81 -16.81 -16.81 -16.81 -16.81 -16.84 -16.88 -16.94 -17.00 -17.12 -17.28 -17.41 -17.50 -17.62 -17.72 -17.78 -17.84 -17.88 -17.91 -17.91 -17.91 -17.88
-2.94 -3.12 -3.38 -3.66 -3.97 -4.34 -4.75 -5.19 -5.69 -6.25 -6.84 -7.47 -8.12 -8.78 -9.44 -10.09 -10.72 -11.31 -11.91 -12.47 -13.00 -13.50 -14.00 -14.50 -14.94 -15.38 -15.75 -16.06 -16.28 -16.44 -16.50 -16.47 -16.41 -16.31 -16.25 -16.31 -16.22 -16.06 -15.91 -15.78 -15.75 -16.03 -16.31 -16.47 -16.66 -16.81 -16.94 -17.06 -17.12 -17.16 -17.19 -17.16 -17.16 -17.12 -17.09 -17.06 -17.03 -17.06 -17.06 -17.12 -17.22 -17.31 -17.44 -17.56 -17.69 -17.75 -17.81 -17.84 -17.88 -17.88 -17.91 -17.88 -17.84
-3.16 -3.38 -3.62 -3.91 -4.25 -4.66 -5.09 -5.56 -6.09 -6.66 -7.25 -7.91 -8.56 -9.22 -9.88 -10.53 -11.19 -11.81 -12.44 -13.00 -13.56 -14.09 -14.62 -15.12 -15.56 -16.00 -16.38 -16.69 -16.94 -17.06 -17.16 -17.12 -17.03 -16.94 -16.81 -16.72 -16.62 -16.47 -16.31 -16.16 -16.12 -16.41 -16.72 -16.88 -17.03 -17.19 -17.34 -17.41 -17.47 -17.50 -17.50 -17.47 -17.41 -17.38 -17.31 -17.25 -17.22 -17.19 -17.16 -17.19 -17.28 -17.38 -17.47 -17.56 -17.69 -17.75 -17.81 -17.84 -17.88 -17.88 -17.88 -17.84 -17.78
-3.44 -3.62 -3.91 -4.22 -4.59 -5.00 -5.47 -5.94 -6.50 -7.06 -7.66 -8.31 -8.97 -9.62 -10.28 -10.97 -11.62 -12.28 -12.91 -13.50 -14.06 -14.62 -15.16 -15.66 -16.12 -16.53 -16.91 -17.22 -17.47 -17.59 -17.59 -17.56 -17.50 -17.41 -17.31 -17.19 -16.97 -16.81 -16.66 -16.53 -16.44 -16.72 -17.06 -17.22 -17.38 -17.50 -17.62 -17.72 -17.72 -17.75 -17.72 -17.69 -17.62 -17.53 -17.47 -17.38 -17.31 -17.25 -17.22 -17.25 -17.28 -17.38 -17.47 -17.56 -17.66 -17.72 -17.78 -17.81 -17.84 -17.84 -17.84 -17.78 -17.72
-3.75 -3.94 -4.22 -4.56 -4.94 -5.34 -5.81 -6.31 -6.88 -7.44 -8.06 -8.69 -9.34 -10.00 -10.69 -11.38 -12.06 -12.69 -13.34 -13.94 -14.53 -15.09 -15.59 -16.09 -16.56 -17.00 -17.38 -17.66 -17.75 -17.75 -17.72 -17.69 -17.62 -17.56 -17.50 -17.41 -17.31 -17.16 -16.97 -16.84 -16.78 -17.06 -17.38 -17.50 -17.62 -17.75 -17.84 -17.94 -17.94 -17.94 -17.91 -17.84 -17.75 -17.66 -17.56 -17.47 -17.34 -17.28 -17.22 -17.22 -17.28 -17.34 -17.44 -17.53 -17.62 -17.69 -17.75 -17.78 -17.81 -17.81 -17.78 -17.72 -17.62
-4.09 -4.28 -4.56 -4.91 -5.28 -5.72 -6.19 -6.69 -7.25 -7.81 -8.44 -9.06 -9.72 -10.38 -11.06 -11.75 -12.44 -13.09 -13.72 -14.31 -14.91 -15.47 -16.00 -16.50 -16.97 -17.38 -17.72 -17.81 -17.81 -17.81 -17.78 -17.75 -17.72 -17.66 -17.59 -17.56 -17.50 -17.44 -17.44 -17.34 -17.25 -17.44 -17.66 -17.75 -17.84 -17.97 -18.06 -18.09 -18.12 -18.09 -18.03 -17.97 -17.84 -17.72 -17.59 -17.47 -17.34 -17.25 -17.19 -17.16 -17.19 -17.25 -17.34 -17.44 -17.53 -17.62 -17.72 -17.75 -17.75 -17.75 -17.72 -17.62 -17.53
-4.44 -4.66 -4.94 -5.25 -5.62 -6.06 -6.53 -7.06 -7.59 -8.16 -8.78 -9.41 -10.06 -10.72 -11.41 -12.09 -12.75 -13.41 -14.03 -14.66 -15.22 -15.78 -16.31 -16.81 -17.28 -17.69 -17.84 -17.84 -17.84 -17.84 -17.78 -17.75 -17.72 -17.69 -17.62 -17.59 -17.56 -17.56 -17.53 -17.53 -17.38 -17.62 -17.84 -17.94 -18.00 -18.12 -18.19 -18.25 -18.25 -18.22 -18.12 -18.00 -17.91 -17.78 -17.62 -17.47 -17.31 -17.19 -17.09 -17.06 -17.09 -17.16 -17.22 -17.31 -17.44 -17.53 -17.59 -17.66 -17.69 -17.66 -17.62 -17.53 -17.41
-4.78 -5.00 -5.25 -5.59 -5.97 -6.41 -6.88 -7.38 -7.91 -8.47 -9.09 -9.72 -10.38 -11.03 -11.72 -12.38 -13.03 -13.69 -14.31 -14.91 -15.50 -16.06 -16.56 -17.06 -17.50 -17.84 -17.88 -17.84 -17.84 -17.81 -17.78 -17.72 -17.69 -17.66 -17.66 -17.62 -17.62 -17.62 -17.62 -17.62 -17.31 -17.66 -18.03 -18.06 -18.12 -18.22 -18.28 -18.34 -18.31 -18.28 -18.19 -18.06 -17.94 -17.78 -17.59 -17.44 -17.28 -17.12 -17.00 -16.97 -16.97 -17.00 -17.09 -17.22 -17.31 -17.44 -17.50 -17.53 -17.53 -17.53 -17.47 -17.38 -17.28
-5.06 -5.28 -5.56 -5.91 -6.28 -6.72 -7.19 -7.69 -8.22 -8.78 -9.38 -10.00 -10.66 -11.31 -11.97 -12.62 -13.28 -13.91 -14.53 -15.12 -15.69 -16.25 -16.78 -17.25 -17.69 -17.88 -17.84 -17.84 -17.81 -17.75 -17.72 -17.69 -17.66 -17.62 -17.62 -17.62 -17.62 -17.62 -17.66 -17.69 -17.69 -17.78 -18.12 -18.16 -18.19 -18.28 -18.34 -18.38 -18.38 -18.31 -18.22 -18.09 -17.94 -17.78 -17.56 -17.38 -17.22 -17.03 -16.91 -16.84 -16.81 -16.88 -16.97 -17.06 -17.19 -17.31 -17.34 -17.38 -17.38 -17.38 -17.31 -17.22 -17.09
-5.31 -5.56 -5.84 -6.16 -6.56 -6.97 -7.44 -7.94 -8.47 -9.03 -9.62 -10.25 -10.91 -11.53 -12.19 -12.84 -13.47 -14.09 -14.69 -15.28 -15.88 -16.41 -16.91 -17.38 -17.78 -17.84 -17.81 -17.78 -17.75 -17.72 -17.69 -17.62 -17.62 -17.59 -17.59 -17.59 -17.59 -17.62 -17.69 -17.75 -17.88 -18.06 -18.19 -18.19 -18.22 -18.28 -18.34 -18.38 -18.38 -18.31 -18.22 -18.06 -17.91 -17.72 -17.50 -17.28 -17.09 -16.94 -16.81 -16.75 -16.72 -16.75 -16.84 -16.94 -17.06 -17.16 -17.22 -17.22 -17.22 -17.16 -17.09 -17.00 -16.88
-5.53 -5.78 -6.06 -6.41 -6.78 -7.22 -7.66 -8.16 -8.69 -9.25 -9.84 -10.47 -11.09 -11.72 -12.34 -13.00 -13.62 -14.22 -14.81 -15.41 -15.97 -16.50 -16.97 -17.44 -17.78 -17.78 -17.75 -17.72 -17.69 -17.62 -17.59 -17.56 -17.56 -17.53 -17.53 -17.53 -17.56 -17.59 -17.66 -17.75 -17.88 -18.06 -18.25 -18.22 -18.22 -18.25 -18.31 -18.34 -18.31 -18.25 -18.12 -18.00 -17.81 -17.62 -17.41 -17.19 -16.97 -16.81 -16.66 -16.59 -16.59 -16.62 -16.72 -16.81 -16.91 -16.97 -17.03 -17.06 -17.03 -16.97 -16.88 -16.75 -16.62
-5.69 -5.94 -6.25 -6.59 -6.97 -7.41 -7.84 -8.34 -8.88 -9.44 -10.03 -10.62 -11.25 -11.88 -12.47 -13.09 -13.72 -14.31 -14.91 -15.47 -16.00 -16.53 -17.00 -17.44 -17.72 -17.72 -17.69 -17.62 -17.59 -17.56 -17.53 -17.50 -17.47 -17.47 -17.44 -17.44 -17.47 -17.50 -17.56 -17.66 -17.81 -17.97 -18.19 -18.16 -18.12 -18.16 -18.19 -18.22 -18.19 -18.12 -18.03 -17.88 -17.69 -17.50 -17.31 -17.06 -16.81 -16.66 -16.53 -16.47 -16.44 -16.50 -16.56 -16.66 -16.75 -16.81 -16.84 -16.84 -16.81 -16.75 -16.62 -16.50 -16.38
-5.78 -6.06 -6.38 -6.75 -7.12 -7.53 -8.00 -8.50 -9.03 -9.56 -10.16 -10.75 -11.34 -11.97 -12.56 -13.16 -13.78 -14.38 -14.94 -15.50 -16.00 -16.50 -16.94 -17.38 -17.62 -17.62 -17.59 -17.53 -17.50 -17.47 -17.44 -17.41 -17.38 -17.34 -17.34 -17.34 -17.34 -17.38 -17.44 -17.50 -17.62 -17.78 -17.97 -18.00 -17.97 -18.00 -18.03 -18.06 -18.03 -17.97 -17.88 -17.75 -17.53 -17.34 -17.12 -16.88 -16.66 -16.50 -16.38 -16.31 -16.31 -16.34 -16.41 -16.47 -16.56 -16.62 -16.66 -16.62 -16.56 -16.50 -16.38 -16.25 -16.09
-5.84 -6.16 -6.47 -6.84 -7.22 -7.66 -8.12 -8.59 -9.12 -9.69 -10.25 -10.84 -11.44 -12.00 -12.59 -13.19 -13.78 -14.38 -14.94 -15.47 -15.97 -16.44 -16.88 -17.28 -17.50 -17.50 -17.47 -17.44 -17.41 -17.38 -17.34 -17.31 -17.28 -17.25 -17.22 -17.19 -17.19 -17.22 -17.25 -17.31 -17.38 -17.50 -17.62 -17.72 -17.75 -17.78 -17.84 -17.88 -17.84 -17.78 -17.66 -17.50 -17.31 -17.12 -16.91 -16.69 -16.47 -16.31 -16.22 -16.16 -16.16 -16.19 -16.22 -16.28 -16.38 -16.41 -16.41 -16.38 -16.31 -16.22 -16.09 -15.97 -15.78
-5.88 -6.19 -6.53 -6.91 -7.28 -7.72 -8.19 -8.69 -9.22 -9.75 -10.31 -10.88 -11.47 -12.03 -12.62 -13.22 -13.78 -14.34 -14.88 -15.38 -15.84 -16.31 -16.75 -17.16 -17.34 -17.38 -17.34 -17.31 -17.28 -17.25 -17.22 -17.19 -17.16 -17.09 -17.06 -17.06 -17.03 -17.03 -17.03 -17.06 -17.09 -17.16 -17.25 -17.31 -17.38 -17.50 -17.56 -17.59 -17.59 -17.53 -17.44 -17.28 -17.09 -16.88 -16.66 -16.44 -16.25 -16.12 -16.06 -16.00 -15.97 -15.97 -16.03 -16.09 -16.16 -16.19 -16.19 -16.12 -16.03 -15.94 -15.81 -15.62 -15.44
-5.84 -6.19 -6.56 -6.91 -7.31 -7.78 -8.25 -8.72 -9.25 -9.81 -10.34 -10.91 -11.47 -12.03 -12.59 -13.19 -13.72 -14.25 -14.78 -15.25 -15.72 -16.19 -16.59 -17.00 -17.19 -17.22 -17.22 -17.19 -17.16 -17.12 -17.09 -17.06 -17.00 -16.97 -16.91 -16.88 -16.84 -16.81 -16.81 -16.78 -16.78 -16.81 -16.81 -16.84 -16.91 -17.06 -17.12 -17.16 -17.16 -17.12 -17.06 -16.94 -16.81 -16.59 -16.38 -16.19 -16.03 -15.94 -15.88 -15.84 -15.81 -15.81 -15.81 -15.88 -15.91 -15.97 -15.94 -15.88 -15.78 -15.69 -15.53 -15.34 -15.12
-5.81 -6.16 -6.53 -6.91 -7.34 -7.78 -8.25 -8.75 -9.28 -9.81 -10.34 -10.88 -11.44 -12.00 -12.56 -13.12 -13.62 -14.16 -14.66 -15.12 -15.59 -16.03 -16.44 -16.81 -17.03 -17.09 -17.09 -17.06 -17.03 -17.00 -16.97 -16.94 -16.88 -16.81 -16.75 -16.72 -16.66 -16.59 -16.56 -16.53 -16.47 -16.44 -16.41 -16.41 -16.41 -16.53 -16.62 -16.66 -16.66 -16.62 -16.59 -16.50 -16.41 -16.25 -16.06 -15.91 -15.78 -15.69 -15.66 -15.62 -15.66 -15.66 -15.69 -15.72 -15.72 -15.75 -15.72 -15.62 -15.53 -15.38 -15.22 -15.00 -14.81
-5.75 -6.12 -6.50 -6.91 -7.31 -7.78 -8.25 -8.75 -9.28 -9.78 -10.31 -10.84 -11.38 -11.94 -12.50 -13.00 -13.50 -14.00 -14.50 -14.97 -15.41 -15.84 -16.25 -16.62 -16.88 -16.91 -16.94 -16.94 -16.91 -16.88 -16.84 -16.78 -16.72 -16.66 -16.59 -16.53 -16.44 -16.38 -16.31 -16.25 -16.16 -16.09 -16.03 -16.00 -16.00 -16.09 -16.19 -16.22 -16.22 -16.19 -16.16 -16.09 -16.00 -15.91 -15.75 -15.62 -15.50 -15.47 -15.44 -15.44 -15.44 -15.50 -15.56 -15.62 -15.66 -15.69 -15.56 -15.44 -15.25 -15.06 -14.91 -14.69 -14.47
-5.69 -6.06 -6.44 -6.84 -7.28 -7.75 -8.22 -8.72 -9.25 -9.75 -10.25 -10.78 -11.31 -11.88 -12.38 -12.88 -13.38 -13.84 -14.31 -14.78 -15.22 -15.62 -16.03 -16.38 -16.66 -16.75 -16.78 -16.78 -16.78 -16.75 -16.72 -16.66 -16.59 -16.50 -16.44 -16.34 -16.25 -16.16 -16.06 -15.97 -15.88 -15.78 -15.69 -15.66 -15.66 -15.75 -15.81 -15.81 -15.81 -15.81 -15.78 -15.75 -15.66 -15.59 -15.50 -15.38 -15.25 -15.22 -15.22 -15.25 -15.28 -15.34 -15.44 -15.50 -15.59 -15.62 -15.56 -15.41 -15.19 -14.91 -14.66 -14.44 -14.19
-5.62 -6.00 -6.38 -6.81 -7.25 -7.72 -8.19 -8.69 -9.19 -9.69 -10.19 -10.72 -11.25 -11.75 -12.25 -12.72 -13.22 -13.69 -14.12 -14.59 -15.00 -15.44 -15.78 -16.12 -16.44 -16.53 -16.59 -16.62 -16.66 -16.62 -16.56 -16.50 -16.44 -16.34 -16.25 -16.16 -16.06 -15.97 -15.84 -15.75 -15.62 -15.50 -15.41 -15.38 -15.41 -15.47 -15.53 -15.59 -15.62 -15.62 -15.59 -15.56 -15.50 -15.44 -15.34 -15.22 -15.06 -15.03 -15.03 -15.09 -15.12 -15.19 -15.28 -15.38 -15.47 -15.47 -15.47 -15.38 -15.22 -15.00 -14.72 -14.44 -14.06
-5.53 -5.94 -6.34 -6.75 -7.19 -7.66 -8.16 -8.62 -9.12 -9.59 -10.12 -10.62 -11.12 -11.62 -12.09 -12.56 -13.03 -13.50 -13.94 -14.38 -14.81 -15.19 -15.56 -15.88 -16.19 -16.31 -16.41 -16.47 -16.50 -16.50 -16.44 -16.38 -16.28 -16.19 -16.09 -15.97 -15.88 -15.75 -15.66 -15.53 -15.38 -15.25 -15.16 -15.12 -15.19 -15.28 -15.34 -15.41 -15.44 -15.44 -15.44 -15.41 -15.38 -15.31 -15.25 -15.16 -15.03 -14.91 -14.91 -14.97 -15.00 -15.06 -15.19 -15.28 -15.34 -15.38 -15.34 -15.28 -15.19 -15.06 -14.84 -14.59 -14.25
-5.47 -5.88 -6.28 -6.69 -7.12 -7.59 -8.09 -8.56 -9.03 -9.53 -10.03 -10.53 -11.00 -11.47 -11.94 -12.41 -12.84 -13.31 -13.75 -14.19 -14.59 -14.97 -15.31 -15.62 -15.91 -16.09 -16.19 -16.28 -16.34 -16.38 -16.31 -16.22 -16.12 -16.03 -15.91 -15.81 -15.69 -15.56 -15.44 -15.31 -15.19 -15.06 -14.97 -14.97 -15.06 -15.12 -15.19 -15.25 -15.28 -15.31 -15.31 -15.31 -15.28 -15.25 -15.19 -15.09 -15.03 -14.88 -14.81 -14.94 -15.03 -15.09 -15.19 -15.25 -15.34 -15.38 -15.34 -15.28 -15.19 -15.06 -14.88 -14.66 -14.44
-5.41 -5.81 -6.22 -6.62 -7.09 -7.56 -8.03 -8.50 -8.97 -9.44 -9.94 -10.41 -10.88 -11.31 -11.78 -12.25 -12.69 -13.12 -13.56 -14.00 -14.38 -14.75 -15.06 -15.34 -15.62 -15.81 -15.97 -16.06 -16.12 -16.19 -16.16 -16.06 -15.97 -15.84 -15.75 -15.62 -15.53 -15.41 -15.28 -15.16 -15.00 -14.88 -14.81 -14.84 -14.91 -15.00 -15.06 -15.12 -15.16 -15.19 -15.22 -15.22 -15.22 -15.19 -15.16 -15.09 -15.03 -14.97 -14.91 -15.03 -15.12 -15.22 -15.31 -15.38 -15.44 -15.44 -15.41 -15.38 -15.25 -15.12 -14.97 -14.78 -14.62
-5.34 -5.75 -6.16 -6.56 -7.03 -7.50 -7.97 -8.41 -8.88 -9.38 -9.84 -10.28 -10.72 -11.19 -11.62 -12.06 -12.50 -12.97 -13.38 -13.78 -14.16 -14.50 -14.81 -15.09 -15.38 -15.59 -15.72 -15.84 -15.91 -15.97 -15.94 -15.88 -15.78 -15.69 -15.59 -15.47 -15.34 -15.25 -15.12 -15.00 -14.88 -14.75 -14.69 -14.75 -14.81 -14.88 -14.97 -15.03 -15.09 -15.12 -15.16 -15.19 -15.19 -15.19 -15.16 -15.16 -15.09 -15.06 -15.06 -15.16 -15.28 -15.38 -15.47 -15.56 -15.59 -15.59 -15.56 -15.53 -15.41 -15.28 -15.12 -14.94 -14.78
-5.31 -5.69 -6.09 -6.53 -6.97 -7.44 -7.88 -8.34 -8.81 -9.28 -9.72 -10.16 -10.59 -11.03 -11.47 -11.91 -12.34 -12.78 -13.19 -13.59 -13.94 -14.25 -14.56 -14.84 -15.12 -15.34 -15.47 -15.59 -15.69 -15.72 -15.75 -15.69 -15.62 -15.53 -15.41 -15.31 -15.19 -15.09 -14.97 -14.88 -14.75 -14.66 -14.59 -14.66 -14.72 -14.81 -14.88 -14.97 -15.03 -15.09 -15.12 -15.16 -15.19 -15.22 -15.22 -15.22 -15.19 -15.22 -15.25 -15.34 -15.47 -15.59 -15.69 -15.78 -15.84 -15.84 -15.84 -15.78 -15.69 -15.56 -15.38 -15.19 -15.03
-5.25 -5.66 -6.03 -6.47 -6.91 -7.38 -7.81 -8.25 -8.72 -9.16 -9.59 -10.03 -10.47 -10.88 -11.31 -11.75 -12.19 -12.62 -13.03 -13.38 -13.72 -14.03 -14.31 -14.62 -14.88 -15.09 -15.22 -15.34 -15.44 -15.50 -15.53 -15.50 -15.44 -15.34 -15.25 -15.16 -15.06 -14.94 -14.84 -14.75 -14.66 -14.56 -14.53 -14.59 -14.66 -14.75 -14.81 -14.91 -14.97 -15.06 -15.12 -15.16 -15.22 -15.25 -15.28 -15.31 -15.31 -15.38 -15.44 -15.56 -15.72 -15.84 -15.97 -16.06 -16.12 -16.16 -16.12 -16.09 -16.00 -15.91 -15.75 -15.56 -15.41
-5.22 -5.59 -6.00 -6.41 -6.84 -7.31 -7.75 -8.19 -8.62 -9.06 -9.47 -9.91 -10.31 -10.75 -11.16 -11.62 -12.06 -12.44 -12.81 -13.19 -13.50 -13.81 -14.09 -14.38 -14.62 -14.81 -14.97 -15.12 -15.22 -15.31 -15.34 -15.31 -15.25 -15.16 -15.06 -14.97 -14.88 -14.81 -14.72 -14.62 -14.56 -14.50 -14.47 -14.53 -14.62 -14.69 -14.78 -14.88 -14.97 -15.03 -15.12 -15.19 -15.25 -15.31 -15.38 -15.41 -15.47 -15.56 -15.69 -15.84 -16.00 -16.16 -16.25 -16.34 -16.41 -16.47 -16.47 -16.44 -16.38 -16.28 -16.16 -16.03 -15.88
-5.19 -5.56 -5.94 -6.38 -6.81 -7.25 -7.69 -8.12 -8.53 -8.94 -9.38 -9.78 -10.19 -10.62 -11.03 -11.47 -11.91 -12.28 -12.62 -12.97 -13.31 -13.59 -13.88 -14.16 -14.38 -14.56 -14.72 -14.88 -15.00 -15.09 -15.16 -15.12 -15.06 -14.97 -14.88 -14.81 -14.72 -14.66 -14.59 -14.53 -14.50 -14.47 -14.44 -14.47 -14.59 -14.66 -14.75 -14.88 -14.97 -15.06 -15.16 -15.25 -15.34 -15.41 -15.50 -15.56 -15.69 -15.81 -15.97 -16.16 -16.31 -16.47 -16.56 -16.66 -16.75 -16.78 -16.78 -16.75 -16.72 -16.66 -16.56 -16.47 -16.38
