everonasctiles/Tile12,9.asc
ncols 128
nrows 128
xllcorner 0
yllcorner 0
cellsize 2.0
NODATA_value  -9999
[rows 0 to 32 of 128, columns 0 to 74 of 128]
-3.91 -4.06 -4.28 -4.38 -4.47 -4.56 -4.66 -4.84 -4.97 -5.03 -5.16 -5.22 -5.25 -5.41 -5.50 -5.59 -5.69 -5.72 -5.72 -5.78 -5.81 -5.84 -5.88 -5.91 -5.97 -5.97 -5.97 -5.94 -5.91 -5.81 -5.75 -5.75 -5.75 -5.78 -5.84 -5.91 -6.00 -6.09 -6.06 -6.12 -6.22 -6.34 -6.53 -6.78 -6.97 -7.22 -7.34 -7.41 -7.59 -7.78 -7.91 -8.00 -8.09 -8.19 -8.31 -8.41 -8.50 -8.59 -8.75 -8.84 -8.91 -9.00 -9.09 -9.19 -9.31 -9.47 -9.56 -9.72 -9.91 -10.06 -10.31 -10.50 -10.62 -10.75 -10.88
-4.09 -4.25 -4.34 -4.44 -4.59 -4.62 -4.56 -4.75 -4.88 -4.91 -5.03 -5.16 -5.22 -5.34 -5.44 -5.50 -5.53 -5.59 -5.72 -5.78 -5.78 -5.75 -5.75 -5.75 -5.75 -5.72 -5.66 -5.56 -5.50 -5.44 -5.44 -5.50 -5.53 -5.59 -5.69 -5.72 -5.75 -5.69 -5.75 -5.91 -5.97 -6.19 -6.50 -6.69 -6.91 -7.09 -7.34 -7.47 -7.62 -7.81 -7.91 -8.00 -8.09 -8.19 -8.31 -8.41 -8.50 -8.62 -8.78 -8.91 -9.00 -9.12 -9.22 -9.28 -9.41 -9.50 -9.62 -9.81 -9.97 -10.19 -10.38 -10.50 -10.62 -10.75 -10.84
-4.16 -4.28 -4.41 -4.47 -4.50 -4.50 -4.62 -4.75 -4.84 -4.97 -5.06 -5.12 -5.19 -5.31 -5.38 -5.44 -5.50 -5.56 -5.56 -5.56 -5.56 -5.56 -5.59 -5.53 -5.50 -5.50 -5.44 -5.31 -5.22 -5.22 -5.25 -5.28 -5.31 -5.44 -5.50 -5.50 -5.44 -5.41 -5.56 -5.69 -5.81 -6.00 -6.25 -6.56 -6.78 -7.03 -7.25 -7.38 -7.53 -7.72 -7.88 -7.97 -8.06 -8.16 -8.25 -8.38 -8.50 -8.59 -8.75 -8.84 -8.97 -9.09 -9.22 -9.38 -9.50 -9.62 -9.75 -9.88 -10.06 -10.19 -10.31 -10.47 -10.59 -10.69 -10.78
-4.09 -4.09 -4.22 -4.28 -4.25 -4.34 -4.44 -4.59 -4.78 -4.81 -4.94 -5.00 -5.06 -5.16 -5.28 -5.28 -5.31 -5.38 -5.34 -5.41 -5.31 -5.38 -5.34 -5.25 -5.16 -5.22 -5.25 -5.16 -5.12 -5.00 -4.91 -4.94 -5.00 -5.16 -5.25 -5.22 -5.12 -5.22 -5.38 -5.53 -5.66 -5.81 -6.09 -6.34 -6.62 -6.91 -7.12 -7.31 -7.50 -7.72 -7.84 -7.94 -8.06 -8.16 -8.22 -8.34 -8.41 -8.56 -8.66 -8.72 -8.84 -9.00 -9.09 -9.28 -9.41 -9.56 -9.69 -9.88 -10.00 -10.12 -10.25 -10.41 -10.50 -10.62 -10.78
-3.94 -4.03 -4.12 -4.09 -4.12 -4.25 -4.41 -4.56 -4.56 -4.75 -4.78 -4.84 -4.88 -4.91 -4.97 -4.97 -5.06 -5.09 -5.19 -5.16 -5.16 -5.12 -5.06 -5.06 -4.97 -4.97 -5.00 -4.94 -4.84 -4.75 -4.69 -4.75 -4.81 -4.78 -4.84 -4.91 -4.94 -5.06 -5.25 -5.44 -5.59 -5.78 -5.94 -6.19 -6.50 -6.81 -7.09 -7.25 -7.53 -7.75 -7.88 -7.91 -7.97 -8.06 -8.12 -8.25 -8.31 -8.44 -8.56 -8.72 -8.78 -8.91 -9.09 -9.22 -9.41 -9.53 -9.69 -9.81 -9.94 -10.09 -10.22 -10.31 -10.44 -10.56 -10.69
-3.75 -3.81 -3.91 -3.94 -4.06 -4.12 -4.31 -4.41 -4.38 -4.44 -4.47 -4.56 -4.59 -4.62 -4.59 -4.69 -4.78 -4.78 -4.75 -4.75 -4.81 -4.84 -4.88 -4.88 -4.75 -4.69 -4.59 -4.47 -4.41 -4.38 -4.25 -4.25 -4.34 -4.44 -4.66 -4.72 -4.84 -4.97 -5.19 -5.41 -5.53 -5.72 -5.91 -6.09 -6.47 -6.81 -7.12 -7.41 -7.62 -7.75 -7.84 -7.88 -7.94 -8.03 -8.12 -8.22 -8.34 -8.44 -8.56 -8.69 -8.81 -8.94 -9.06 -9.19 -9.31 -9.44 -9.59 -9.72 -9.84 -9.97 -10.09 -10.22 -10.34 -10.47 -10.59
-3.59 -3.72 -3.84 -3.91 -4.00 -4.09 -4.12 -4.09 -4.16 -4.16 -4.19 -4.22 -4.28 -4.25 -4.22 -4.31 -4.47 -4.41 -4.34 -4.34 -4.38 -4.44 -4.34 -4.34 -4.28 -4.25 -4.22 -4.12 -4.09 -4.03 -3.97 -4.00 -4.22 -4.41 -4.59 -4.78 -4.94 -5.03 -5.12 -5.34 -5.50 -5.72 -5.91 -6.25 -6.62 -7.00 -7.19 -7.44 -7.59 -7.72 -7.78 -7.84 -7.91 -8.03 -8.12 -8.22 -8.34 -8.47 -8.56 -8.69 -8.78 -8.91 -9.03 -9.12 -9.28 -9.38 -9.50 -9.62 -9.75 -9.88 -9.97 -10.12 -10.28 -10.41 -10.50
-3.41 -3.56 -3.72 -3.81 -3.88 -3.97 -4.03 -3.91 -3.94 -3.88 -3.97 -3.91 -3.91 -3.91 -3.84 -3.84 -4.19 -4.06 -4.06 -4.09 -4.16 -4.06 -3.88 -3.81 -3.81 -3.78 -3.72 -3.69 -3.72 -3.91 -4.00 -4.09 -4.38 -4.50 -4.69 -4.69 -4.84 -4.97 -5.12 -5.34 -5.53 -5.84 -6.12 -6.47 -6.84 -7.06 -7.25 -7.41 -7.56 -7.62 -7.72 -7.78 -7.88 -7.97 -8.09 -8.19 -8.31 -8.41 -8.50 -8.62 -8.75 -8.84 -8.97 -9.06 -9.19 -9.28 -9.41 -9.53 -9.66 -9.78 -9.88 -10.03 -10.16 -10.31 -10.38
-3.41 -3.56 -3.62 -3.75 -3.91 -4.03 -4.22 -3.97 -3.84 -3.84 -3.72 -3.66 -3.66 -3.72 -3.75 -3.72 -3.91 -4.00 -4.06 -4.00 -3.84 -3.69 -3.50 -3.31 -3.22 -3.50 -3.53 -3.56 -3.62 -3.84 -3.97 -4.16 -4.31 -4.50 -4.62 -4.81 -4.84 -5.00 -5.16 -5.50 -5.78 -6.09 -6.31 -6.69 -6.84 -7.00 -7.19 -7.28 -7.44 -7.53 -7.66 -7.75 -7.81 -7.94 -8.03 -8.12 -8.19 -8.31 -8.41 -8.50 -8.62 -8.72 -8.81 -8.94 -9.06 -9.19 -9.34 -9.44 -9.53 -9.66 -9.78 -9.91 -10.06 -10.16 -10.19
-3.41 -3.62 -3.69 -3.84 -3.94 -4.09 -4.19 -3.94 -3.78 -3.50 -3.50 -3.50 -3.56 -3.53 -3.56 -3.59 -3.81 -3.91 -3.88 -3.78 -3.62 -3.38 -3.19 -3.06 -3.12 -3.34 -3.62 -3.62 -3.75 -3.88 -4.09 -4.19 -4.44 -4.59 -4.66 -4.81 -5.09 -5.19 -5.47 -5.69 -5.91 -6.19 -6.53 -6.69 -6.88 -7.06 -7.19 -7.28 -7.41 -7.53 -7.66 -7.75 -7.81 -7.88 -7.94 -8.00 -8.09 -8.22 -8.31 -8.38 -8.47 -8.59 -8.69 -8.81 -8.94 -9.09 -9.25 -9.34 -9.44 -9.53 -9.66 -9.78 -9.91 -9.97 -9.97
-3.38 -3.56 -3.72 -3.69 -3.78 -3.88 -4.03 -3.84 -3.62 -3.28 -3.25 -3.22 -3.31 -3.38 -3.47 -3.62 -3.72 -3.75 -3.78 -3.62 -3.47 -3.25 -3.09 -2.94 -2.97 -3.16 -3.50 -3.72 -3.88 -3.97 -4.12 -4.31 -4.47 -4.59 -4.72 -4.97 -5.16 -5.31 -5.47 -5.69 -5.94 -6.25 -6.44 -6.69 -6.84 -7.00 -7.16 -7.31 -7.44 -7.56 -7.62 -7.72 -7.72 -7.81 -7.91 -7.97 -8.06 -8.19 -8.28 -8.31 -8.38 -8.47 -8.62 -8.72 -8.84 -8.94 -9.09 -9.22 -9.28 -9.38 -9.50 -9.59 -9.66 -9.69 -9.66
-3.38 -3.47 -3.59 -3.66 -3.81 -3.91 -3.88 -3.72 -3.44 -3.12 -2.97 -3.06 -3.16 -3.19 -3.41 -3.62 -3.56 -3.69 -3.56 -3.56 -3.34 -3.16 -3.00 -2.88 -3.00 -3.22 -3.31 -3.78 -3.81 -3.94 -4.19 -4.38 -4.44 -4.66 -4.88 -5.03 -5.22 -5.38 -5.69 -5.91 -6.16 -6.38 -6.62 -6.81 -6.97 -7.09 -7.19 -7.31 -7.38 -7.47 -7.47 -7.53 -7.59 -7.72 -7.81 -7.91 -8.00 -8.09 -8.22 -8.25 -8.34 -8.44 -8.53 -8.66 -8.78 -8.88 -8.97 -9.09 -9.22 -9.31 -9.38 -9.44 -9.44 -9.41 -9.31
-3.28 -3.31 -3.44 -3.44 -3.44 -3.41 -3.41 -3.34 -3.22 -3.00 -3.00 -2.94 -3.03 -3.16 -3.41 -3.59 -3.66 -3.66 -3.53 -3.34 -3.12 -3.00 -2.97 -2.97 -3.06 -3.22 -3.50 -3.97 -4.09 -4.28 -4.44 -4.59 -4.72 -4.78 -4.94 -5.12 -5.31 -5.56 -5.78 -5.94 -6.12 -6.38 -6.62 -6.81 -6.97 -7.06 -7.19 -7.22 -7.31 -7.34 -7.38 -7.38 -7.50 -7.59 -7.72 -7.84 -7.91 -8.00 -8.12 -8.19 -8.25 -8.34 -8.47 -8.56 -8.66 -8.78 -8.88 -9.00 -9.09 -9.16 -9.22 -9.22 -9.22 -9.09 -8.97
-3.09 -3.09 -3.25 -3.22 -3.16 -3.06 -3.06 -3.06 -3.06 -2.94 -3.03 -3.00 -3.03 -3.16 -3.44 -3.66 -3.78 -3.75 -3.56 -3.34 -3.16 -2.97 -2.91 -2.88 -2.97 -3.25 -3.38 -3.91 -4.38 -4.66 -4.78 -4.78 -4.94 -5.06 -5.28 -5.41 -5.56 -5.75 -5.91 -6.06 -6.25 -6.41 -6.50 -6.69 -6.84 -6.97 -7.06 -7.12 -7.16 -7.25 -7.31 -7.34 -7.41 -7.53 -7.62 -7.75 -7.84 -7.94 -8.00 -8.12 -8.22 -8.28 -8.38 -8.47 -8.56 -8.69 -8.78 -8.84 -8.94 -8.97 -8.97 -8.97 -8.84 -8.72 -8.62
-3.09 -3.09 -3.19 -3.12 -2.91 -2.75 -2.78 -2.78 -2.81 -3.06 -3.00 -3.06 -3.12 -3.31 -3.59 -3.81 -3.94 -4.12 -3.81 -3.47 -3.31 -3.22 -3.16 -3.06 -3.09 -3.34 -3.62 -4.16 -4.59 -5.03 -5.09 -5.19 -5.28 -5.38 -5.47 -5.59 -5.72 -5.91 -6.06 -6.19 -6.34 -6.44 -6.53 -6.62 -6.75 -6.84 -6.91 -6.97 -7.03 -7.19 -7.28 -7.34 -7.41 -7.50 -7.56 -7.62 -7.72 -7.88 -7.97 -8.00 -8.09 -8.19 -8.28 -8.38 -8.44 -8.53 -8.62 -8.69 -8.72 -8.72 -8.66 -8.59 -8.44 -8.34 -8.28
-2.94 -2.91 -2.94 -2.78 -2.66 -2.66 -2.69 -2.66 -2.75 -2.94 -3.25 -3.22 -3.34 -3.47 -3.66 -3.88 -4.03 -4.03 -4.03 -3.81 -3.62 -3.50 -3.34 -3.41 -3.53 -3.66 -4.00 -4.34 -4.75 -5.22 -5.41 -5.38 -5.41 -5.50 -5.56 -5.78 -5.84 -5.91 -6.00 -6.09 -6.22 -6.28 -6.41 -6.59 -6.72 -6.78 -6.78 -6.88 -6.94 -7.03 -7.12 -7.19 -7.31 -7.41 -7.44 -7.50 -7.59 -7.69 -7.78 -7.84 -7.97 -8.06 -8.16 -8.25 -8.34 -8.41 -8.47 -8.50 -8.53 -8.50 -8.38 -8.22 -8.06 -7.97 -7.91
-2.97 -2.94 -2.72 -2.44 -2.44 -2.53 -2.59 -2.66 -2.78 -2.84 -3.16 -3.59 -3.72 -3.78 -3.91 -4.00 -4.03 -4.06 -4.16 -4.03 -3.94 -3.75 -3.66 -3.78 -4.03 -4.31 -4.56 -4.84 -5.09 -5.34 -5.62 -5.62 -5.66 -5.69 -5.69 -5.75 -5.91 -5.91 -5.97 -6.06 -6.16 -6.28 -6.38 -6.47 -6.50 -6.53 -6.56 -6.66 -6.75 -6.81 -6.91 -6.97 -7.06 -7.22 -7.31 -7.44 -7.50 -7.59 -7.69 -7.78 -7.81 -7.91 -8.00 -8.09 -8.19 -8.25 -8.28 -8.28 -8.22 -8.12 -7.97 -7.84 -7.69 -7.59 -7.50
-2.84 -2.78 -2.50 -2.41 -2.31 -2.22 -2.28 -2.44 -2.75 -2.94 -3.19 -3.62 -3.72 -3.81 -3.91 -3.94 -4.12 -4.16 -4.25 -4.34 -4.19 -4.06 -4.19 -4.41 -4.56 -4.78 -4.84 -5.16 -5.28 -5.56 -5.75 -5.84 -5.81 -5.88 -5.81 -5.84 -5.91 -5.91 -5.91 -6.00 -6.00 -6.09 -6.16 -6.16 -6.16 -6.22 -6.31 -6.41 -6.44 -6.53 -6.59 -6.69 -6.84 -6.94 -7.16 -7.25 -7.38 -7.56 -7.62 -7.69 -7.75 -7.78 -7.84 -7.94 -7.97 -8.00 -7.97 -7.94 -7.81 -7.62 -7.50 -7.41 -7.28 -7.25 -7.22
-2.72 -2.81 -2.41 -2.19 -2.09 -2.00 -2.03 -2.12 -2.47 -2.75 -3.09 -3.47 -3.50 -3.47 -3.69 -3.81 -3.91 -4.16 -4.44 -4.59 -4.66 -4.56 -4.69 -4.72 -4.97 -5.09 -5.22 -5.38 -5.56 -5.69 -5.81 -5.78 -5.88 -5.88 -5.91 -5.91 -5.94 -5.88 -5.88 -5.81 -5.84 -5.91 -5.94 -5.94 -5.97 -6.03 -6.06 -6.25 -6.31 -6.38 -6.44 -6.50 -6.59 -6.69 -6.84 -7.06 -7.28 -7.44 -7.53 -7.59 -7.59 -7.66 -7.72 -7.81 -7.78 -7.66 -7.56 -7.47 -7.31 -7.19 -7.06 -6.97 -6.94 -6.94 -6.97
-2.78 -2.75 -2.34 -2.12 -1.88 -1.84 -1.91 -1.97 -2.44 -2.69 -3.03 -3.38 -3.38 -3.34 -3.50 -3.62 -3.81 -3.97 -4.31 -4.66 -4.84 -4.91 -5.03 -5.19 -5.38 -5.50 -5.56 -5.59 -5.72 -5.75 -5.88 -5.94 -5.88 -5.91 -5.88 -5.84 -5.84 -5.75 -5.69 -5.72 -5.69 -5.72 -5.78 -5.81 -5.81 -5.88 -5.97 -6.03 -6.03 -6.03 -6.09 -6.19 -6.28 -6.50 -6.66 -6.84 -7.06 -7.25 -7.41 -7.50 -7.59 -7.66 -7.59 -7.56 -7.44 -7.22 -7.06 -6.94 -6.81 -6.69 -6.56 -6.50 -6.53 -6.62 -6.78
-2.81 -2.66 -2.19 -1.91 -1.69 -1.72 -1.84 -2.03 -2.38 -2.81 -3.06 -3.16 -3.19 -3.34 -3.44 -3.53 -3.72 -3.91 -4.25 -4.66 -5.00 -5.16 -5.34 -5.47 -5.56 -5.59 -5.69 -5.75 -5.91 -5.94 -6.03 -5.94 -5.94 -5.91 -5.94 -5.75 -5.75 -5.66 -5.56 -5.59 -5.56 -5.59 -5.62 -5.66 -5.62 -5.66 -5.66 -5.69 -5.78 -5.88 -5.91 -6.00 -6.16 -6.28 -6.47 -6.66 -6.81 -7.00 -7.19 -7.34 -7.41 -7.41 -7.31 -7.12 -6.97 -6.81 -6.69 -6.53 -6.41 -6.28 -6.19 -6.16 -6.22 -6.38 -6.56
-2.69 -2.38 -2.06 -1.72 -1.62 -1.69 -1.75 -1.94 -2.38 -2.69 -3.00 -3.09 -3.19 -3.38 -3.44 -3.47 -3.62 -3.97 -4.31 -4.75 -5.16 -5.44 -5.50 -5.62 -5.62 -5.59 -5.69 -5.78 -5.91 -6.03 -6.00 -5.97 -5.81 -5.72 -5.66 -5.59 -5.50 -5.56 -5.50 -5.50 -5.50 -5.47 -5.50 -5.47 -5.44 -5.44 -5.50 -5.56 -5.62 -5.66 -5.75 -5.88 -6.06 -6.19 -6.31 -6.47 -6.66 -6.78 -6.94 -7.06 -7.09 -7.06 -6.91 -6.72 -6.56 -6.38 -6.25 -6.25 -6.12 -6.03 -5.94 -5.91 -6.03 -6.12 -6.38
-2.81 -2.44 -2.19 -1.97 -1.88 -1.81 -1.91 -2.03 -2.41 -2.84 -3.03 -3.00 -3.06 -3.28 -3.38 -3.47 -3.53 -3.75 -4.16 -4.69 -5.19 -5.50 -5.59 -5.62 -5.66 -5.75 -5.75 -5.81 -5.97 -5.97 -5.84 -5.78 -5.69 -5.50 -5.47 -5.41 -5.31 -5.34 -5.31 -5.41 -5.44 -5.47 -5.41 -5.44 -5.38 -5.38 -5.38 -5.34 -5.38 -5.50 -5.66 -5.72 -5.88 -6.00 -6.09 -6.22 -6.28 -6.47 -6.66 -6.81 -6.84 -6.75 -6.59 -6.38 -6.16 -5.94 -5.91 -5.88 -5.72 -5.62 -5.56 -5.56 -5.69 -5.91 -6.12
-2.78 -2.34 -2.12 -1.88 -1.78 -1.78 -1.91 -2.22 -2.50 -2.81 -3.03 -3.03 -3.09 -3.12 -3.22 -3.44 -3.53 -3.81 -4.12 -4.59 -5.09 -5.47 -5.66 -5.72 -5.75 -5.81 -5.78 -5.72 -5.78 -5.72 -5.66 -5.56 -5.56 -5.41 -5.31 -5.28 -5.28 -5.34 -5.34 -5.44 -5.50 -5.44 -5.38 -5.25 -5.16 -5.12 -5.12 -5.06 -5.09 -5.22 -5.38 -5.53 -5.72 -5.78 -5.78 -5.91 -6.06 -6.25 -6.38 -6.53 -6.59 -6.47 -6.31 -6.09 -5.84 -5.66 -5.59 -5.53 -5.47 -5.34 -5.31 -5.31 -5.44 -5.69 -5.91
-2.75 -2.47 -2.12 -2.00 -1.91 -2.00 -2.16 -2.25 -2.44 -2.84 -3.03 -3.00 -3.09 -3.19 -3.34 -3.50 -3.66 -3.97 -4.38 -4.78 -5.16 -5.38 -5.66 -5.75 -5.78 -5.88 -5.84 -5.78 -5.75 -5.72 -5.66 -5.59 -5.47 -5.41 -5.19 -5.19 -5.25 -5.28 -5.31 -5.31 -5.28 -5.22 -5.19 -5.03 -4.97 -4.91 -4.97 -4.97 -5.03 -5.06 -5.19 -5.34 -5.47 -5.50 -5.56 -5.62 -5.81 -6.03 -6.25 -6.38 -6.41 -6.28 -6.06 -5.81 -5.59 -5.44 -5.34 -5.31 -5.31 -5.28 -5.22 -5.25 -5.34 -5.50 -5.81
-2.66 -2.53 -2.38 -2.19 -2.09 -2.16 -2.31 -2.34 -2.53 -2.91 -3.00 -2.94 -2.94 -3.06 -3.19 -3.38 -3.62 -3.97 -4.38 -4.91 -5.19 -5.38 -5.47 -5.66 -5.66 -5.72 -5.69 -5.62 -5.59 -5.62 -5.59 -5.47 -5.31 -5.12 -4.91 -4.84 -4.88 -5.00 -5.09 -5.16 -5.00 -5.00 -4.94 -4.78 -4.72 -4.75 -4.69 -4.75 -4.78 -4.88 -4.94 -5.00 -5.09 -5.12 -5.25 -5.31 -5.50 -5.78 -6.00 -6.16 -6.22 -6.09 -5.88 -5.66 -5.44 -5.31 -5.28 -5.25 -5.19 -5.19 -5.19 -5.19 -5.31 -5.47 -5.78
-2.56 -2.47 -2.34 -2.22 -2.19 -2.12 -2.25 -2.38 -2.66 -2.91 -2.78 -2.78 -2.84 -2.91 -3.06 -3.25 -3.50 -4.09 -4.62 -5.03 -5.19 -5.25 -5.38 -5.44 -5.62 -5.56 -5.53 -5.53 -5.50 -5.59 -5.53 -5.28 -5.19 -4.91 -4.75 -4.62 -4.84 -4.88 -4.94 -4.94 -5.00 -4.84 -4.66 -4.41 -4.28 -4.25 -4.28 -4.41 -4.47 -4.62 -4.72 -4.78 -4.91 -5.09 -5.12 -5.19 -5.28 -5.56 -5.72 -5.88 -6.00 -5.94 -5.81 -5.56 -5.34 -5.22 -5.19 -5.12 -5.09 -5.16 -5.22 -5.25 -5.41 -5.56 -5.84
-2.47 -2.38 -2.19 -2.09 -2.03 -2.06 -2.16 -2.41 -2.78 -2.91 -2.78 -2.91 -3.00 -3.09 -3.22 -3.56 -3.91 -4.25 -4.66 -5.00 -5.22 -5.28 -5.34 -5.31 -5.41 -5.41 -5.38 -5.38 -5.41 -5.38 -5.31 -5.12 -4.91 -4.75 -4.56 -4.62 -4.75 -4.81 -4.88 -4.91 -4.78 -4.66 -4.50 -4.31 -4.06 -4.03 -4.09 -4.22 -4.34 -4.50 -4.56 -4.66 -4.81 -4.97 -5.06 -5.06 -5.09 -5.25 -5.50 -5.69 -5.81 -5.84 -5.75 -5.50 -5.31 -5.16 -5.06 -5.06 -5.06 -5.16 -5.25 -5.34 -5.41 -5.62 -5.97
-2.25 -2.12 -2.19 -2.12 -2.06 -2.03 -2.12 -2.41 -2.66 -2.78 -2.69 -2.88 -3.00 -3.28 -3.41 -3.69 -3.91 -4.28 -4.69 -5.06 -5.19 -5.25 -5.31 -5.38 -5.44 -5.41 -5.38 -5.41 -5.34 -5.22 -5.06 -4.94 -4.78 -4.69 -4.59 -4.50 -4.50 -4.53 -4.59 -4.69 -4.69 -4.59 -4.38 -4.06 -3.91 -3.84 -3.88 -3.94 -4.12 -4.25 -4.41 -4.56 -4.62 -4.72 -4.88 -4.94 -4.91 -5.09 -5.31 -5.56 -5.69 -5.75 -5.72 -5.50 -5.28 -5.16 -5.06 -5.06 -5.12 -5.19 -5.34 -5.44 -5.56 -5.78 -6.16
-2.34 -2.31 -2.25 -2.22 -2.22 -2.25 -2.38 -2.62 -2.84 -2.75 -2.75 -2.88 -3.09 -3.28 -3.53 -3.81 -4.09 -4.44 -4.88 -5.19 -5.31 -5.41 -5.44 -5.50 -5.53 -5.50 -5.41 -5.25 -5.09 -5.06 -4.91 -4.84 -4.72 -4.69 -4.53 -4.38 -4.38 -4.44 -4.53 -4.66 -4.66 -4.50 -4.28 -4.06 -3.91 -3.81 -3.75 -3.72 -3.78 -4.03 -4.25 -4.31 -4.50 -4.53 -4.66 -4.72 -4.91 -5.03 -5.25 -5.47 -5.62 -5.69 -5.62 -5.53 -5.34 -5.28 -5.22 -5.22 -5.25 -5.28 -5.38 -5.53 -5.72 -6.03 -6.38
-2.38 -2.41 -2.41 -2.34 -2.34 -2.44 -2.59 -2.69 -2.81 -2.69 -2.75 -2.84 -3.06 -3.31 -3.66 -3.94 -4.19 -4.59 -4.97 -5.19 -5.19 -5.34 -5.34 -5.28 -5.38 -5.38 -5.28 -5.06 -4.91 -4.88 -4.75 -4.72 -4.75 -4.66 -4.62 -4.59 -4.53 -4.53 -4.44 -4.38 -4.41 -4.38 -4.19 -4.06 -3.94 -3.75 -3.66 -3.66 -3.75 -3.97 -4.06 -4.25 -4.22 -4.38 -4.47 -4.66 -4.81 -5.00 -5.09 -5.34 -5.47 -5.53 -5.56 -5.53 -5.50 -5.41 -5.28 -5.28 -5.28 -5.38 -5.53 -5.62 -5.88 -6.19 -6.44
-2.28 -2.34 -2.38 -2.34 -2.38 -2.50 -2.59 -2.69 -2.62 -2.59 -2.59 -2.72 -2.78 -3.16 -3.56 -3.97 -4.28 -4.66 -4.97 -4.97 -5.09 -5.16 -5.25 -5.22 -5.31 -5.34 -5.25 -5.19 -5.03 -5.00 -4.94 -4.84 -4.75 -4.72 -4.66 -4.59 -4.47 -4.44 -4.38 -4.34 -4.38 -4.28 -4.09 -3.97 -3.91 -3.59 -3.50 -3.47 -3.56 -3.69 -3.81 -3.94 -4.19 -4.38 -4.50 -4.66 -4.88 -4.94 -5.09 -5.31 -5.50 -5.56 -5.62 -5.59 -5.56 -5.44 -5.34 -5.38 -5.41 -5.53 -5.66 -5.81 -6.06 -6.34 -6.62
-2.25 -2.34 -2.41 -2.44 -2.47 -2.62 -2.62 -2.72 -2.72 -2.75 -2.75 -2.88 -2.97 -3.25 -3.53 -3.88 -4.41 -4.88 -4.97 -5.06 -5.16 -5.12 -5.19 -5.25 -5.22 -5.19 -5.16 -5.16 -5.03 -4.97 -4.81 -4.72 -4.72 -4.56 -4.59 -4.47 -4.50 -4.38 -4.34 -4.34 -4.34 -4.31 -4.19 -4.06 -3.91 -3.75 -3.62 -3.59 -3.66 -3.69 -3.81 -3.94 -4.12 -4.28 -4.44 -4.66 -4.84 -5.00 -5.19 -5.38 -5.47 -5.66 -5.78 -5.81 -5.78 -5.69 -5.62 -5.59 -5.66 -5.69 -5.84 -6.00 -6.28 -6.53 -6.81
