everonasctiles/Tile[13,35].asc
ncols 128
nrows 128
xllcorner 0
yllcorner 0
cellsize 2.0
NODATA_value  -9999
[rows 96 to 127 of 128, columns 0 to 70 of 128]
-28.69 -28.31 -28.31 -28.09 -27.81 -27.25 -26.72 -26.09 -26.09 -26.22 -26.34 -26.38 -26.28 -25.97 -25.59 -25.44 -25.16 -24.78 -24.44 -24.22 -24.09 -23.72 -23.41 -23.22 -23.09 -22.81 -22.56 -22.06 -21.56 -21.38 -21.12 -20.78 -20.59 -20.66 -20.31 -19.66 -19.38 -19.44 -19.31 -19.28 -19.59 -19.56 -19.44 -19.16 -19.12 -19.16 -19.16 -19.38 -19.69 -19.72 -20.12 -20.22 -20.28 -20.09 -19.72 -19.44 -19.31 -19.28 -19.09 -18.81 -18.78 -18.91 -18.94 -18.91 -18.97 -19.00 -18.75 -18.81 -18.75 -18.59 -18.22
-29.06 -28.72 -28.69 -28.47 -28.22 -27.75 -27.34 -26.75 -26.53 -26.56 -26.62 -26.47 -26.31 -26.00 -25.62 -25.44 -25.06 -24.69 -24.59 -24.38 -24.12 -23.75 -23.53 -23.28 -23.12 -22.81 -22.62 -22.34 -21.97 -21.72 -21.56 -21.16 -20.84 -20.62 -20.38 -20.22 -19.81 -19.38 -19.22 -19.28 -19.50 -19.41 -19.41 -19.06 -18.69 -18.91 -19.09 -19.34 -19.56 -19.62 -20.09 -20.47 -20.56 -20.28 -20.09 -19.94 -19.75 -19.44 -19.34 -19.28 -19.31 -19.16 -19.03 -18.97 -18.91 -18.84 -18.66 -18.56 -18.44 -18.34 -18.22
-29.22 -29.03 -28.88 -28.66 -28.47 -28.16 -27.69 -27.19 -26.75 -26.66 -26.53 -26.31 -26.19 -25.94 -25.41 -25.09 -24.91 -24.72 -24.50 -24.31 -24.12 -23.88 -23.53 -23.25 -23.12 -22.84 -22.75 -22.50 -22.38 -22.12 -21.94 -21.59 -21.16 -20.84 -20.91 -20.91 -20.28 -19.81 -19.69 -19.50 -19.47 -19.41 -19.41 -18.88 -18.66 -18.94 -18.94 -19.25 -19.56 -19.75 -20.09 -20.72 -20.75 -20.53 -20.50 -20.31 -19.97 -19.72 -19.59 -19.47 -19.34 -19.25 -19.16 -19.09 -18.88 -18.75 -18.53 -18.38 -18.44 -18.34 -18.19
-29.31 -29.19 -29.00 -28.72 -28.53 -28.28 -27.88 -27.44 -26.94 -26.66 -26.34 -26.16 -26.00 -25.84 -25.50 -25.31 -25.00 -24.78 -24.56 -24.34 -24.22 -23.81 -23.62 -23.41 -23.25 -23.00 -22.81 -22.59 -22.53 -22.31 -21.97 -21.34 -21.06 -21.03 -21.28 -20.84 -20.22 -20.16 -20.12 -19.84 -19.66 -19.69 -19.34 -18.97 -19.31 -19.34 -19.56 -19.88 -19.69 -20.03 -20.59 -21.19 -21.16 -20.97 -20.81 -20.47 -20.19 -20.09 -19.88 -19.56 -19.34 -19.19 -19.03 -18.84 -18.72 -18.69 -18.53 -18.44 -18.47 -18.47 -18.53
-29.31 -29.16 -28.91 -28.66 -28.41 -28.12 -27.75 -27.28 -26.78 -26.31 -26.00 -25.84 -25.78 -25.69 -25.44 -25.31 -25.09 -24.78 -24.66 -24.50 -24.31 -24.06 -23.75 -23.47 -23.22 -23.00 -22.75 -22.62 -22.47 -22.03 -21.44 -20.75 -20.66 -20.84 -20.97 -20.41 -20.16 -20.06 -19.94 -19.78 -19.84 -20.12 -19.91 -19.59 -19.72 -19.69 -19.72 -20.00 -20.25 -20.69 -21.25 -21.47 -21.38 -21.00 -20.81 -20.69 -20.50 -20.38 -20.03 -19.66 -19.25 -19.09 -19.06 -19.12 -19.19 -19.19 -19.00 -18.81 -18.62 -18.72 -18.59
-29.12 -28.84 -28.66 -28.41 -28.06 -27.62 -27.19 -26.78 -26.22 -25.75 -25.44 -25.31 -25.28 -25.28 -25.16 -25.03 -24.66 -24.34 -24.47 -24.34 -24.19 -24.03 -23.78 -23.50 -23.31 -23.06 -22.94 -22.78 -22.28 -21.53 -20.88 -20.44 -20.25 -20.12 -20.38 -20.06 -20.06 -20.22 -19.97 -19.66 -19.81 -20.00 -19.91 -20.12 -20.19 -20.06 -20.09 -20.50 -20.97 -21.38 -21.53 -21.38 -21.28 -21.12 -20.94 -20.78 -20.53 -20.25 -19.84 -19.41 -19.34 -19.44 -19.44 -19.31 -19.31 -19.19 -18.94 -18.81 -18.88 -18.91 -18.72
-28.91 -28.66 -28.38 -28.03 -27.66 -27.00 -26.44 -26.12 -25.56 -24.91 -24.25 -24.12 -24.44 -24.66 -24.66 -24.53 -24.25 -24.22 -24.38 -24.19 -24.19 -24.06 -23.75 -23.56 -23.28 -22.81 -22.69 -22.56 -21.97 -21.28 -20.72 -20.56 -20.19 -20.06 -20.25 -20.22 -20.03 -20.25 -20.44 -20.47 -20.62 -20.28 -20.34 -20.44 -20.59 -20.66 -20.94 -21.31 -21.59 -21.91 -21.97 -21.69 -21.50 -21.28 -20.91 -20.62 -20.31 -20.22 -20.06 -19.81 -19.53 -19.47 -19.34 -19.19 -19.22 -19.12 -18.97 -18.91 -18.94 -18.84 -18.56
-28.81 -28.59 -28.25 -27.81 -27.47 -27.00 -26.41 -25.62 -24.81 -24.31 -23.66 -23.56 -23.75 -23.72 -23.94 -24.16 -24.19 -24.28 -24.53 -24.38 -24.41 -24.12 -23.81 -23.69 -23.28 -22.62 -22.44 -22.47 -21.75 -20.94 -20.53 -20.38 -20.03 -19.97 -20.31 -20.75 -20.56 -20.56 -21.19 -21.47 -21.34 -20.88 -20.84 -21.00 -21.06 -21.03 -21.47 -22.03 -22.19 -22.16 -21.97 -21.62 -21.41 -21.06 -20.81 -20.53 -20.38 -20.25 -20.19 -19.84 -19.59 -19.44 -19.28 -19.19 -19.06 -18.88 -18.66 -18.56 -18.41 -18.09 -17.72
-28.78 -28.47 -28.03 -27.75 -27.44 -27.03 -26.19 -25.31 -24.69 -24.09 -23.69 -23.50 -23.41 -23.56 -23.84 -24.28 -24.56 -24.78 -24.94 -24.81 -24.56 -24.16 -23.88 -23.62 -23.19 -22.84 -22.53 -22.28 -21.62 -20.97 -20.53 -20.09 -19.84 -19.91 -20.50 -21.09 -21.38 -21.34 -21.75 -21.91 -21.53 -21.31 -21.22 -21.44 -21.59 -21.66 -22.06 -22.38 -22.31 -22.09 -21.72 -21.53 -21.47 -21.19 -21.03 -20.78 -20.66 -20.41 -20.12 -19.84 -19.53 -19.41 -19.31 -18.91 -18.50 -18.53 -18.44 -18.38 -18.34 -18.16 -18.44
-28.81 -28.50 -28.06 -27.72 -27.34 -26.94 -26.31 -25.62 -25.19 -24.47 -24.09 -23.81 -23.53 -23.78 -24.22 -24.69 -25.03 -25.16 -25.16 -25.09 -24.75 -24.31 -24.00 -23.59 -23.59 -23.53 -23.03 -22.47 -21.59 -21.19 -21.06 -20.75 -20.53 -20.41 -20.97 -21.84 -22.06 -22.25 -22.50 -22.31 -21.91 -22.06 -22.22 -22.25 -22.34 -22.50 -22.47 -22.41 -22.28 -22.09 -21.56 -21.31 -21.44 -21.38 -21.19 -20.91 -20.72 -20.34 -20.09 -19.97 -19.59 -19.31 -18.94 -18.72 -18.62 -18.69 -18.44 -18.38 -18.41 -18.41 -18.50
-28.59 -28.31 -27.91 -27.66 -27.47 -27.22 -26.84 -26.34 -25.72 -24.97 -24.72 -24.72 -24.41 -24.81 -25.03 -25.19 -25.34 -25.38 -25.31 -25.16 -24.78 -24.47 -24.06 -24.03 -24.22 -23.94 -23.16 -22.62 -22.09 -21.84 -22.03 -21.94 -21.50 -21.09 -21.72 -22.16 -22.34 -22.66 -22.62 -22.81 -23.06 -23.19 -23.16 -23.19 -23.22 -23.16 -22.84 -22.59 -22.25 -22.00 -21.69 -21.53 -21.38 -21.09 -21.00 -20.75 -20.50 -20.22 -19.97 -19.75 -19.44 -19.28 -19.31 -19.25 -18.97 -18.78 -18.66 -18.56 -18.53 -18.75 -18.94
-28.59 -28.28 -28.03 -27.81 -27.66 -27.44 -27.16 -26.84 -26.34 -25.72 -25.44 -25.47 -25.62 -25.88 -25.75 -25.72 -25.81 -25.56 -25.31 -25.25 -24.88 -24.44 -23.97 -24.09 -24.25 -23.91 -23.28 -22.91 -22.84 -22.69 -22.47 -22.47 -22.25 -22.00 -22.41 -22.62 -22.78 -23.00 -23.22 -23.62 -23.94 -23.94 -23.91 -23.75 -23.62 -23.47 -23.34 -22.91 -22.50 -22.12 -21.78 -21.81 -21.47 -21.09 -20.88 -20.75 -20.47 -20.25 -19.97 -19.78 -19.78 -19.56 -19.34 -18.97 -19.12 -19.16 -18.88 -18.94 -19.12 -19.34 -19.53
-28.62 -28.31 -28.09 -27.91 -27.78 -27.50 -27.38 -27.22 -26.78 -26.22 -26.06 -26.16 -26.38 -26.41 -26.41 -26.38 -26.12 -25.66 -25.34 -25.53 -25.22 -24.56 -24.16 -24.12 -24.00 -23.66 -23.22 -22.94 -22.88 -22.88 -22.84 -23.16 -22.84 -22.88 -23.09 -23.19 -23.50 -23.78 -24.16 -24.41 -24.50 -24.44 -24.31 -24.22 -23.91 -23.66 -23.50 -23.25 -22.91 -22.59 -22.19 -21.91 -21.44 -20.84 -20.62 -20.75 -20.62 -20.53 -20.50 -20.50 -20.38 -20.06 -19.59 -19.22 -19.16 -19.03 -19.00 -19.00 -19.38 -19.75 -20.00
-28.94 -28.50 -28.22 -28.00 -27.78 -27.59 -27.50 -27.38 -27.25 -26.91 -26.84 -26.81 -26.84 -26.84 -26.91 -26.75 -26.34 -25.81 -25.69 -25.75 -25.41 -24.94 -24.69 -24.47 -24.12 -23.88 -23.53 -23.22 -23.09 -23.12 -23.19 -23.44 -23.50 -23.88 -24.22 -24.50 -24.62 -24.72 -24.78 -24.72 -24.69 -24.69 -24.59 -24.34 -24.12 -23.78 -23.53 -23.38 -23.09 -22.75 -22.28 -21.91 -21.59 -21.25 -20.97 -20.78 -21.00 -21.06 -20.91 -20.56 -20.41 -20.06 -19.91 -19.75 -19.56 -19.38 -19.25 -19.16 -19.53 -19.91 -20.03
-29.03 -28.62 -28.38 -28.22 -28.06 -27.91 -27.75 -27.69 -27.62 -27.56 -27.56 -27.50 -27.44 -27.50 -27.44 -27.03 -26.62 -26.16 -25.75 -25.72 -25.56 -25.59 -25.56 -25.28 -24.84 -24.62 -24.38 -24.06 -23.84 -23.94 -24.16 -24.34 -24.47 -24.62 -24.97 -25.09 -25.16 -25.12 -25.06 -24.97 -24.91 -24.84 -24.69 -24.50 -24.31 -24.00 -23.59 -23.34 -23.00 -22.72 -22.25 -21.94 -21.94 -21.78 -21.44 -21.19 -21.25 -21.16 -20.75 -20.66 -20.34 -20.12 -20.03 -19.88 -20.03 -19.97 -19.88 -19.81 -19.81 -20.03 -20.22
-29.19 -28.91 -28.66 -28.50 -28.41 -28.28 -28.25 -28.03 -28.03 -28.16 -28.12 -28.00 -27.94 -27.88 -27.69 -27.31 -26.94 -26.56 -26.09 -25.97 -25.91 -25.88 -25.91 -25.62 -25.41 -25.22 -25.00 -24.78 -24.41 -24.47 -24.69 -24.84 -25.09 -25.28 -25.47 -25.50 -25.53 -25.41 -25.25 -25.16 -25.12 -25.03 -24.78 -24.50 -24.41 -24.09 -23.78 -23.44 -23.03 -22.53 -22.22 -22.22 -22.34 -22.25 -22.09 -21.78 -21.22 -20.53 -20.53 -20.50 -20.47 -20.41 -20.47 -20.38 -20.19 -20.06 -20.19 -20.19 -20.25 -20.38 -20.41
-29.50 -29.12 -28.84 -28.75 -28.56 -28.53 -28.59 -28.44 -28.38 -28.47 -28.41 -28.34 -28.22 -28.06 -27.78 -27.44 -27.19 -26.94 -26.59 -26.41 -26.19 -26.12 -26.03 -25.84 -25.84 -25.62 -25.47 -25.31 -25.09 -24.97 -25.19 -25.34 -25.47 -25.47 -25.50 -25.59 -25.66 -25.59 -25.50 -25.44 -25.34 -25.16 -24.84 -24.66 -24.56 -24.25 -24.00 -23.66 -23.44 -23.03 -22.81 -22.81 -22.69 -22.38 -22.22 -22.00 -21.34 -21.00 -20.91 -20.94 -21.03 -20.81 -20.66 -20.28 -20.16 -20.19 -20.41 -20.50 -20.50 -20.69 -20.81
-29.78 -29.44 -29.50 -29.25 -28.84 -28.88 -28.72 -28.56 -28.66 -28.62 -28.56 -28.50 -28.38 -28.19 -27.88 -27.59 -27.44 -27.19 -26.97 -26.91 -26.69 -26.59 -26.38 -26.25 -26.19 -25.97 -25.75 -25.59 -25.53 -25.44 -25.56 -25.56 -25.47 -25.38 -25.31 -25.41 -25.50 -25.47 -25.47 -25.47 -25.38 -25.22 -24.97 -24.81 -24.59 -24.34 -24.12 -23.84 -23.62 -23.41 -23.28 -23.25 -23.19 -23.03 -22.66 -22.06 -21.72 -21.72 -21.34 -21.25 -21.22 -20.94 -20.81 -20.62 -20.53 -20.69 -20.78 -20.72 -20.97 -21.12 -21.12
-30.16 -29.78 -29.94 -29.53 -29.09 -29.12 -28.91 -28.91 -28.97 -28.84 -28.66 -28.56 -28.41 -28.19 -28.00 -27.88 -27.66 -27.50 -27.34 -27.22 -27.06 -26.91 -26.66 -26.50 -26.41 -26.22 -25.94 -25.75 -25.75 -25.78 -25.72 -25.56 -25.38 -25.41 -25.44 -25.50 -25.47 -25.44 -25.44 -25.44 -25.28 -25.25 -25.09 -24.88 -24.75 -24.62 -24.47 -24.19 -24.16 -24.06 -23.84 -23.69 -23.41 -23.06 -22.75 -22.47 -22.22 -22.22 -22.09 -21.94 -21.66 -21.19 -21.09 -21.19 -21.28 -21.25 -21.22 -21.06 -21.12 -21.09 -20.94
-30.78 -30.31 -30.31 -30.00 -29.44 -29.44 -29.34 -29.31 -29.16 -28.94 -28.72 -28.50 -28.25 -28.06 -27.94 -27.91 -27.78 -27.66 -27.50 -27.34 -27.12 -26.97 -26.81 -26.69 -26.50 -26.38 -26.19 -26.12 -26.12 -26.03 -25.81 -25.59 -25.66 -25.59 -25.56 -25.56 -25.44 -25.38 -25.41 -25.41 -25.22 -25.12 -25.09 -24.94 -24.88 -24.78 -24.62 -24.53 -24.44 -24.25 -24.00 -23.81 -23.62 -23.31 -23.12 -22.88 -22.66 -22.47 -22.06 -21.94 -21.84 -21.69 -21.78 -21.94 -21.91 -21.66 -21.59 -21.56 -21.41 -21.25 -21.09
-31.25 -30.88 -30.66 -30.38 -29.75 -29.56 -29.47 -29.38 -29.09 -28.81 -28.59 -28.31 -28.06 -27.88 -27.59 -27.62 -27.69 -27.59 -27.47 -27.34 -27.19 -27.03 -26.94 -26.78 -26.59 -26.47 -26.41 -26.38 -26.28 -26.12 -25.94 -25.81 -25.78 -25.66 -25.56 -25.53 -25.53 -25.41 -25.47 -25.50 -25.28 -25.19 -25.22 -24.97 -24.94 -24.81 -24.66 -24.50 -24.34 -24.28 -24.16 -24.00 -23.91 -23.75 -23.41 -23.09 -22.94 -22.59 -22.25 -22.22 -22.06 -22.00 -21.88 -21.84 -21.81 -21.75 -21.72 -21.81 -21.75 -21.44 -21.31
-31.59 -31.28 -30.88 -30.53 -30.06 -29.47 -29.25 -29.22 -28.91 -28.53 -28.41 -28.19 -27.81 -27.41 -26.81 -26.91 -27.41 -27.44 -27.38 -27.31 -27.19 -27.06 -26.91 -26.84 -26.62 -26.47 -26.44 -26.38 -26.25 -26.12 -26.03 -25.97 -25.88 -25.72 -25.62 -25.56 -25.53 -25.50 -25.53 -25.47 -25.34 -25.41 -25.38 -25.12 -24.97 -24.88 -24.72 -24.62 -24.53 -24.50 -24.53 -24.34 -24.12 -23.81 -23.53 -23.28 -23.12 -22.81 -22.59 -22.34 -22.16 -22.03 -21.81 -21.94 -21.94 -21.78 -21.84 -21.97 -21.84 -21.59 -21.38
-31.81 -31.41 -30.84 -30.41 -29.94 -29.19 -28.47 -28.62 -28.41 -28.03 -27.84 -27.75 -27.47 -27.16 -26.62 -26.84 -27.22 -27.19 -27.16 -27.12 -27.06 -26.91 -26.75 -26.75 -26.62 -26.50 -26.47 -26.34 -26.22 -26.16 -26.03 -25.97 -25.84 -25.78 -25.72 -25.59 -25.56 -25.47 -25.47 -25.53 -25.50 -25.56 -25.53 -25.38 -25.16 -25.03 -24.84 -24.72 -24.75 -24.78 -24.88 -24.53 -24.12 -23.94 -23.62 -23.34 -23.06 -22.84 -22.66 -22.38 -22.16 -22.19 -22.06 -22.34 -22.31 -22.16 -22.22 -22.47 -22.53 -22.41 -22.41
-31.94 -31.53 -31.00 -30.28 -29.62 -29.00 -27.91 -27.53 -27.19 -26.91 -26.84 -27.12 -27.16 -27.00 -26.62 -26.88 -27.19 -26.97 -26.94 -27.03 -27.00 -26.84 -26.69 -26.62 -26.62 -26.56 -26.47 -26.31 -26.16 -26.09 -26.06 -25.97 -25.91 -25.78 -25.69 -25.56 -25.47 -25.50 -25.59 -25.59 -25.56 -25.53 -25.50 -25.41 -25.28 -25.22 -25.16 -25.06 -25.12 -25.16 -25.06 -24.81 -24.44 -24.22 -23.91 -23.56 -23.19 -22.88 -22.59 -22.44 -22.50 -22.47 -22.41 -22.56 -22.72 -22.94 -23.06 -23.03 -22.78 -22.72 -22.84
-32.00 -31.62 -31.06 -30.50 -29.66 -28.59 -27.12 -26.50 -25.88 -25.75 -26.06 -26.31 -26.72 -26.91 -26.75 -27.03 -27.16 -26.94 -26.56 -26.75 -26.91 -26.84 -26.78 -26.69 -26.56 -26.50 -26.31 -26.16 -25.97 -25.88 -25.94 -25.94 -25.88 -25.75 -25.66 -25.50 -25.50 -25.59 -25.66 -25.62 -25.47 -25.41 -25.38 -25.25 -25.25 -25.28 -25.31 -25.28 -25.25 -25.12 -25.00 -24.91 -24.66 -24.44 -24.12 -23.69 -23.28 -23.00 -22.94 -22.91 -22.97 -22.81 -22.78 -23.09 -23.31 -23.19 -23.06 -23.00 -22.88 -22.81 -22.62
-32.03 -31.69 -31.06 -30.53 -29.81 -28.25 -26.59 -26.16 -25.72 -25.56 -25.38 -25.72 -26.00 -26.34 -26.66 -26.94 -26.91 -26.78 -26.25 -26.50 -26.84 -26.78 -26.75 -26.72 -26.53 -26.41 -26.25 -26.16 -25.94 -25.78 -25.78 -25.84 -25.84 -25.75 -25.72 -25.62 -25.50 -25.47 -25.56 -25.50 -25.34 -25.38 -25.31 -25.25 -25.34 -25.28 -25.19 -25.16 -25.06 -24.88 -24.69 -24.56 -24.59 -24.47 -24.28 -24.03 -23.75 -23.38 -23.34 -23.31 -23.22 -23.25 -23.53 -23.59 -23.44 -23.25 -23.19 -23.06 -22.62 -22.38 -22.31
-32.09 -31.72 -31.09 -30.34 -29.59 -28.09 -26.81 -26.75 -26.78 -26.44 -25.81 -25.47 -25.34 -25.75 -26.47 -26.66 -26.44 -26.28 -25.53 -26.19 -26.78 -26.75 -26.75 -26.62 -26.41 -26.31 -26.28 -26.09 -25.91 -25.81 -25.78 -25.75 -25.78 -25.75 -25.72 -25.59 -25.50 -25.50 -25.50 -25.31 -25.25 -25.28 -25.19 -25.22 -25.16 -25.09 -25.03 -25.00 -24.84 -24.62 -24.44 -24.31 -24.31 -24.31 -24.22 -24.19 -24.12 -23.97 -23.81 -23.59 -23.75 -23.88 -23.69 -23.53 -23.47 -23.22 -23.03 -22.88 -22.62 -22.53 -22.66
-32.12 -31.72 -31.25 -30.44 -29.78 -28.88 -28.22 -27.94 -27.69 -27.00 -26.41 -25.88 -25.56 -25.62 -26.09 -26.19 -26.03 -25.97 -25.47 -26.16 -26.72 -26.75 -26.69 -26.56 -26.41 -26.28 -26.22 -26.03 -25.81 -25.62 -25.50 -25.56 -25.69 -25.75 -25.69 -25.47 -25.34 -25.41 -25.38 -25.28 -25.12 -25.09 -25.06 -24.97 -24.75 -24.84 -24.81 -24.75 -24.62 -24.44 -24.19 -23.91 -23.88 -23.91 -24.03 -24.22 -24.12 -24.06 -24.00 -24.06 -24.09 -23.94 -23.72 -23.75 -23.50 -23.16 -22.84 -22.88 -22.84 -22.78 -22.84
-32.06 -31.69 -31.31 -30.75 -30.28 -29.72 -29.25 -28.62 -27.78 -27.06 -26.34 -26.12 -26.22 -26.41 -26.31 -26.06 -26.16 -26.09 -25.88 -26.38 -26.59 -26.59 -26.59 -26.53 -26.34 -26.22 -26.19 -26.12 -26.00 -25.84 -25.62 -25.53 -25.50 -25.50 -25.53 -25.44 -25.25 -25.28 -25.25 -25.06 -24.91 -24.84 -24.84 -24.72 -24.62 -24.66 -24.59 -24.44 -24.31 -24.16 -23.75 -23.53 -23.69 -23.84 -24.03 -24.03 -23.94 -23.94 -23.97 -23.88 -23.78 -23.97 -23.94 -23.84 -23.72 -23.44 -23.22 -23.19 -23.16 -23.09 -23.03
-31.94 -31.50 -31.19 -30.88 -30.50 -30.00 -29.50 -28.84 -27.97 -27.25 -26.44 -26.16 -26.69 -27.03 -26.88 -26.47 -26.38 -26.34 -26.19 -26.44 -26.50 -26.53 -26.34 -26.34 -26.28 -26.19 -26.16 -26.03 -25.91 -25.84 -25.66 -25.56 -25.41 -25.25 -25.31 -25.22 -25.16 -25.06 -24.91 -24.78 -24.66 -24.56 -24.47 -24.38 -24.34 -24.41 -24.34 -24.25 -24.16 -24.09 -23.81 -23.66 -23.72 -23.78 -23.81 -23.84 -24.00 -23.88 -23.81 -23.81 -24.03 -24.16 -24.06 -23.97 -24.00 -23.75 -23.47 -23.47 -23.38 -23.31 -23.22
-31.59 -31.25 -30.97 -30.75 -30.44 -30.03 -29.34 -28.62 -28.06 -27.72 -27.12 -26.75 -27.22 -27.25 -27.16 -26.88 -26.94 -26.97 -26.53 -26.41 -26.44 -26.47 -26.19 -26.16 -26.31 -26.25 -26.16 -26.06 -25.94 -25.81 -25.56 -25.41 -25.25 -24.97 -24.97 -25.03 -25.19 -24.97 -24.59 -24.62 -24.38 -24.22 -24.12 -24.06 -24.06 -23.94 -23.81 -23.94 -24.06 -24.09 -24.03 -24.00 -23.88 -23.81 -23.91 -23.97 -24.00 -23.88 -23.88 -24.12 -24.12 -24.03 -23.88 -23.97 -23.97 -23.81 -23.59 -23.56 -23.53 -23.50 -23.44
-31.22 -31.00 -30.69 -30.31 -30.12 -29.91 -29.12 -28.59 -28.28 -28.25 -27.75 -27.25 -27.47 -27.22 -27.31 -27.22 -27.31 -27.22 -26.94 -26.84 -26.62 -26.38 -26.09 -26.03 -26.25 -26.28 -26.16 -26.00 -25.81 -25.62 -25.44 -25.38 -25.19 -24.78 -24.69 -24.91 -25.12 -25.09 -24.91 -24.75 -24.38 -24.22 -24.06 -23.84 -23.62 -23.41 -23.44 -23.81 -24.19 -24.16 -24.12 -23.91 -23.72 -23.66 -23.69 -23.81 -23.84 -23.81 -23.84 -24.03 -23.88 -23.78 -23.78 -23.84 -23.94 -23.88 -23.72 -23.66 -23.69 -23.56 -23.53
