everonasctiles/Tile42,10.asc
ncols 128
nrows 128
xllcorner 0
yllcorner 0
cellsize 2.0
NODATA_value  -9999
[rows 32 to 63 of 128, columns 0 to 71 of 128]
80.97 80.69 80.59 79.94 79.41 78.78 78.25 77.91 77.81 77.81 77.84 77.59 77.19 76.91 76.72 76.81 76.66 76.62 76.62 76.62 76.72 77.31 78.41 79.47 79.88 79.97 80.59 81.19 81.19 81.47 81.50 81.69 81.78 81.38 81.69 82.06 82.03 82.12 82.47 82.94 83.31 83.34 83.69 83.84 83.66 82.88 82.09 81.16 80.28 79.09 79.16 77.88 77.72 76.94 76.12 75.16 74.06 73.00 71.97 71.44 71.06 70.78 70.66 70.38 70.16 70.16 70.22 70.19 70.16 70.03 69.81 69.62
82.56 81.81 81.00 80.22 79.53 78.91 78.28 77.91 77.78 77.84 77.97 78.06 78.31 78.34 77.88 78.00 78.06 77.97 78.34 78.31 78.16 78.38 79.00 79.69 80.12 80.50 81.34 81.88 81.91 82.06 82.22 82.56 82.84 83.06 83.06 83.25 83.31 83.44 83.84 84.41 84.72 84.69 84.56 85.25 85.41 85.03 84.09 82.75 81.34 80.38 80.16 79.31 78.56 78.09 77.12 75.75 75.53 74.28 73.53 72.75 72.12 71.97 71.91 71.75 71.59 71.56 71.59 71.47 71.34 71.12 70.91 70.69
82.88 82.09 81.28 80.50 79.84 79.75 79.72 79.38 78.56 77.97 78.00 78.16 78.44 78.72 78.97 79.22 79.06 78.84 79.16 79.53 79.81 79.91 80.22 80.91 81.50 82.19 82.41 82.84 83.22 83.56 83.88 83.91 84.03 84.25 84.22 84.28 84.44 84.62 84.88 85.19 85.47 85.44 85.94 86.47 86.94 86.78 85.78 84.16 82.16 81.41 80.62 80.25 79.81 79.16 78.25 76.19 75.25 74.81 74.38 73.69 73.50 73.28 73.19 73.12 73.00 72.88 72.78 72.62 72.47 72.16 71.97 71.75
83.12 82.47 82.09 81.97 81.72 81.28 80.72 80.47 80.41 79.81 79.09 78.56 78.56 78.81 79.09 79.38 79.72 80.06 80.31 80.50 80.94 81.22 81.47 82.19 82.69 83.16 83.62 83.97 84.53 84.97 85.31 85.91 86.47 87.00 87.50 87.81 88.06 87.44 86.28 86.12 86.19 86.38 86.53 87.62 88.34 88.25 87.31 85.94 83.25 82.09 81.78 81.56 80.91 80.59 79.91 79.03 75.91 75.66 75.38 75.25 74.94 74.66 74.44 74.34 74.25 74.09 73.94 73.75 73.53 73.28 73.06 72.81
84.59 84.09 83.16 82.41 82.41 82.50 82.22 81.94 81.38 80.50 79.84 79.62 80.22 79.88 79.31 79.50 79.84 80.22 80.59 81.06 81.56 82.19 82.69 83.09 83.56 83.94 84.47 85.16 85.72 86.06 86.31 86.56 86.81 87.16 87.50 87.91 88.41 88.97 89.50 89.53 88.06 87.56 87.91 89.25 89.94 89.81 88.75 87.53 84.84 83.00 82.44 82.25 82.03 81.91 81.28 80.31 78.41 77.66 76.62 76.44 76.06 75.88 75.69 75.50 75.41 75.22 75.06 74.84 74.62 74.41 74.16 73.81
86.12 85.25 84.62 84.41 84.28 84.25 84.59 84.31 83.44 82.47 81.97 82.03 82.28 82.25 81.78 81.19 80.53 80.34 80.72 81.16 81.69 82.31 82.94 83.56 84.16 84.66 85.12 85.47 85.72 86.00 86.25 86.50 86.75 87.12 87.47 87.97 88.59 89.19 89.78 90.34 90.94 90.84 89.91 91.22 91.81 91.50 90.19 88.31 86.34 84.34 84.06 83.06 83.09 83.38 82.72 81.56 80.25 78.72 77.94 77.56 77.25 77.03 76.81 76.66 76.47 76.38 76.16 75.88 75.66 75.44 75.16 75.06
88.06 87.03 86.91 86.69 86.66 86.22 85.88 85.59 85.38 84.62 84.81 85.28 85.94 85.38 84.72 84.50 84.50 83.94 82.47 81.97 82.00 82.44 83.06 83.69 84.19 84.69 85.09 85.41 85.69 85.97 86.50 87.16 87.81 88.19 88.50 88.72 88.94 89.34 90.03 90.59 91.22 91.81 92.41 92.94 93.59 93.09 91.78 88.94 87.91 86.94 86.66 86.59 85.78 85.16 84.25 82.97 81.44 79.97 79.09 78.69 78.47 78.16 77.97 77.72 77.59 77.50 77.22 76.97 76.69 76.41 76.12 76.31
88.81 88.03 87.84 88.16 88.12 87.94 87.81 87.38 86.66 86.38 87.47 88.66 89.16 88.19 87.72 87.66 87.53 86.41 84.72 84.25 84.59 84.78 84.84 84.97 85.31 85.62 86.16 86.78 87.62 88.12 88.47 88.81 88.84 89.28 89.59 89.84 90.03 90.31 90.66 90.97 91.59 92.19 92.78 93.28 94.38 94.50 92.91 89.56 88.81 88.38 88.31 88.31 87.47 87.16 85.91 84.25 82.59 81.41 80.69 79.91 79.66 79.25 79.12 78.84 78.78 78.69 78.28 78.09 77.72 77.19 77.28 78.22
89.25 88.94 88.91 89.06 89.69 90.09 89.97 89.28 88.19 87.91 88.69 89.22 89.44 88.94 88.53 88.34 88.25 87.22 86.09 85.72 85.91 86.09 86.25 86.78 87.31 87.66 88.12 88.34 88.75 89.09 89.44 89.75 90.00 90.31 90.62 90.88 91.12 91.31 91.59 91.91 92.34 92.66 93.31 93.88 94.44 95.41 94.84 92.41 90.12 89.38 89.28 89.53 88.91 88.22 88.06 85.19 83.47 82.47 81.78 81.06 80.62 80.47 80.22 80.16 80.19 80.00 79.50 79.47 79.22 78.81 80.19 80.78
89.91 90.41 91.34 92.47 92.47 92.31 92.06 91.47 89.44 89.19 89.34 89.34 89.47 89.50 89.12 88.53 88.06 87.75 87.25 87.22 87.28 87.56 87.69 88.16 88.50 88.84 89.12 89.41 89.69 90.00 90.41 90.72 91.06 91.38 91.66 91.94 92.09 92.31 92.69 93.09 93.84 94.56 94.47 94.47 95.06 95.38 96.69 95.06 93.53 91.44 90.09 90.44 90.06 89.12 88.50 85.84 83.75 83.34 82.75 82.22 81.69 81.84 81.56 81.41 81.25 81.12 80.88 80.66 80.88 81.06 81.72 82.34
92.75 94.16 94.34 94.62 95.25 95.44 95.41 94.84 92.69 91.53 90.75 90.44 90.44 91.28 90.97 90.12 89.38 89.03 88.81 88.41 88.75 89.00 89.25 89.44 89.69 89.94 90.19 90.44 90.62 90.94 91.28 91.69 92.03 92.38 92.66 92.97 93.03 93.44 93.69 94.69 95.91 96.22 96.31 95.78 96.06 96.03 97.34 96.84 95.66 94.66 93.41 92.16 91.19 89.94 88.84 86.56 84.50 84.06 83.59 83.12 83.00 82.81 82.50 82.28 82.22 82.03 81.94 81.78 81.97 82.56 83.16 82.78
94.53 95.44 96.38 97.66 98.47 99.38 99.12 98.84 97.03 95.16 92.59 91.81 92.97 93.31 92.84 91.75 90.81 90.47 90.25 89.66 90.06 90.22 90.41 90.59 90.81 91.00 91.22 91.41 91.59 91.88 92.22 92.59 93.00 93.34 93.62 93.94 94.06 94.38 95.09 96.56 97.59 97.88 97.34 97.38 96.94 96.62 98.25 98.53 98.16 96.88 95.31 93.84 92.41 90.94 89.12 86.44 85.25 84.75 84.38 84.03 83.94 83.81 83.78 83.66 83.19 82.88 82.72 82.88 83.06 83.31 83.00 84.47
95.91 97.59 99.41 100.47 101.03 101.31 101.28 100.81 99.38 96.97 94.84 94.19 95.03 97.19 96.44 93.53 92.25 91.84 91.59 91.16 91.31 91.44 91.59 91.75 91.94 92.09 92.19 92.34 92.53 92.84 93.16 93.41 94.00 94.31 94.62 94.88 95.16 95.72 96.81 98.31 98.59 98.44 98.22 97.78 97.41 97.53 98.47 99.47 99.81 98.84 97.06 95.50 93.97 91.81 89.44 87.78 86.16 85.59 85.12 84.91 84.78 85.38 85.53 85.28 84.03 83.69 83.41 83.34 84.12 85.28 86.25 87.31
97.69 100.12 101.78 102.38 102.38 102.47 102.38 102.19 100.25 98.34 97.16 96.69 97.41 97.78 96.94 97.00 94.09 93.38 93.00 92.66 92.53 92.62 92.69 92.88 93.06 93.16 93.12 93.22 93.50 93.78 94.16 94.44 94.91 95.28 95.62 95.97 96.41 97.19 98.16 98.94 99.06 98.78 98.44 98.12 98.09 98.38 98.62 100.41 101.12 100.50 99.16 96.97 95.25 92.97 90.22 89.00 88.12 86.81 86.31 85.97 86.41 87.06 87.19 86.81 86.00 84.50 84.84 85.62 86.84 87.56 88.22 89.03
101.56 102.56 103.34 103.47 103.41 103.31 103.03 102.84 101.03 99.97 100.81 100.94 100.50 99.94 98.31 97.16 95.75 95.16 94.62 94.03 93.81 93.78 93.81 94.16 94.22 94.22 94.28 94.44 94.59 94.78 95.19 95.56 96.00 96.34 96.84 97.44 97.88 98.34 99.22 99.66 99.34 99.03 98.69 98.91 98.97 98.69 99.53 101.16 102.03 101.91 101.03 98.78 96.28 94.53 92.94 91.53 89.94 88.59 88.44 88.09 88.44 88.69 88.69 88.38 87.22 86.91 87.56 87.62 89.09 90.78 91.09 91.50
102.97 104.25 104.53 104.44 104.06 103.78 103.34 102.91 101.66 102.16 102.62 103.50 104.03 103.16 99.50 98.22 97.31 96.69 96.19 95.38 95.19 95.31 95.34 95.53 95.44 95.41 95.38 95.47 95.56 95.88 96.34 96.59 97.12 97.66 98.47 98.88 99.12 100.03 100.22 99.91 99.59 99.28 99.94 99.84 99.84 100.41 100.81 101.69 102.78 103.03 102.44 101.03 97.22 95.97 95.00 94.53 93.72 91.22 89.78 89.94 89.78 90.22 90.06 89.44 88.59 88.59 88.97 91.75 92.47 93.25 94.06 94.28
104.38 105.03 105.69 105.16 104.69 104.09 103.47 102.97 103.47 104.12 104.28 104.62 104.34 103.69 102.72 100.72 99.03 98.16 97.72 97.06 96.91 96.91 96.94 96.94 96.84 96.84 96.56 96.47 96.56 96.88 97.53 98.00 98.59 99.28 99.94 100.59 101.00 100.75 100.44 100.12 100.00 101.00 100.84 101.00 101.44 102.12 102.31 102.91 103.75 104.00 103.50 102.50 100.97 97.84 96.91 96.34 95.66 94.78 93.88 91.88 91.41 91.91 91.69 90.75 89.91 89.97 90.50 93.84 94.53 95.28 95.97 96.22
105.47 105.94 106.19 105.94 105.28 104.84 104.59 104.38 104.34 104.91 104.94 105.19 105.28 104.97 103.31 101.59 101.38 100.12 99.38 98.62 98.53 98.41 98.22 98.22 98.41 98.41 97.72 97.53 97.62 97.84 98.53 99.03 100.19 101.09 101.56 101.38 101.12 100.88 100.62 100.81 101.03 101.41 101.81 102.47 103.12 103.59 103.84 104.22 104.69 105.00 104.84 103.59 102.38 101.31 101.00 99.94 98.84 96.69 95.03 94.47 94.12 94.25 93.19 92.31 92.31 92.62 93.12 95.44 96.47 97.03 97.56 98.44
106.75 107.06 107.19 106.91 106.44 106.06 105.88 105.72 105.53 105.69 106.53 106.53 106.22 105.34 104.91 103.88 102.59 101.12 100.56 100.12 100.03 99.88 99.69 99.66 99.97 100.00 99.66 98.72 99.88 98.84 99.31 100.12 101.84 101.84 101.69 101.53 101.28 101.22 102.03 101.94 101.62 102.34 103.38 104.12 104.59 105.06 105.19 105.28 105.44 106.19 106.22 105.25 103.91 103.28 102.34 101.97 101.16 99.16 96.69 95.66 95.12 94.97 94.91 95.03 94.88 95.25 95.59 97.31 98.16 98.66 100.03 100.50
108.19 108.34 108.38 108.16 107.72 107.28 107.12 106.94 106.72 106.56 106.88 107.28 107.00 106.22 105.62 105.19 104.09 102.41 102.06 101.62 101.31 101.22 101.28 101.38 101.41 101.50 101.34 101.06 101.53 101.28 100.78 101.75 102.12 101.94 101.78 102.16 102.28 102.94 103.41 103.56 103.53 104.12 105.00 105.59 106.06 106.44 106.31 106.44 106.88 107.53 107.69 107.38 106.59 104.91 103.78 103.75 103.16 102.47 100.78 98.41 96.44 96.16 96.19 96.34 96.25 96.62 98.28 100.34 100.75 101.38 102.16 102.38
109.72 109.69 109.75 109.38 108.91 108.50 108.28 108.09 107.78 107.59 107.59 108.22 107.94 107.06 105.66 105.56 105.19 103.72 103.44 102.91 102.59 102.62 102.59 102.59 102.69 102.75 102.66 102.47 102.69 102.56 102.25 102.44 102.47 102.44 103.44 104.28 104.16 104.12 104.47 104.97 105.31 105.94 106.47 107.09 107.50 107.81 107.66 107.88 108.47 108.94 109.19 109.06 108.91 108.12 105.91 104.88 104.66 103.78 102.75 102.41 98.84 98.56 97.47 97.41 98.00 98.66 101.03 102.12 102.91 103.47 103.69 103.97
112.47 111.19 110.81 110.41 110.00 109.66 109.41 109.19 108.94 108.81 108.84 109.09 108.78 107.78 106.72 106.09 105.53 104.88 104.62 104.34 103.94 103.84 103.84 103.81 103.91 103.97 103.91 103.62 103.41 103.41 103.31 102.88 102.91 103.47 104.09 104.84 105.34 105.84 106.31 106.34 106.41 107.00 107.84 108.47 108.84 108.91 109.22 109.47 109.88 110.28 110.69 110.75 110.44 109.62 108.81 108.12 106.72 105.72 105.09 103.81 102.75 101.75 100.47 100.56 100.50 101.44 102.62 104.03 105.12 105.59 104.78 105.53
115.00 113.25 111.69 111.44 111.12 110.78 110.47 110.31 110.12 110.12 110.09 110.06 109.62 108.88 107.69 107.19 106.72 106.09 105.88 105.62 105.31 105.12 105.03 105.06 105.09 105.31 105.34 105.12 104.47 104.12 104.09 104.00 103.47 103.62 104.12 104.78 105.47 105.97 106.66 107.47 108.25 108.31 109.16 109.69 110.03 110.19 110.53 110.72 111.06 111.50 112.16 112.53 112.44 111.62 110.78 109.88 109.00 108.47 108.22 107.28 105.50 104.59 104.06 102.56 102.59 103.00 103.78 106.81 107.53 107.97 108.22 107.84
114.25 114.38 112.69 112.50 112.19 111.84 111.59 111.47 111.34 111.28 111.19 110.94 110.44 109.72 108.69 108.31 107.84 107.25 107.09 106.91 106.66 106.44 106.22 106.34 106.53 106.81 106.94 106.81 106.62 104.69 105.31 104.50 104.50 104.72 104.91 105.34 105.81 106.31 107.19 108.16 109.12 110.09 110.34 110.69 111.06 111.41 111.66 111.88 112.22 112.69 113.62 114.34 114.47 114.12 113.84 111.91 110.28 109.97 110.09 109.91 109.12 108.66 108.31 107.09 107.34 106.22 108.09 109.22 110.03 110.28 110.03 109.59
116.47 115.69 113.78 113.53 113.25 112.91 112.72 112.69 112.62 112.50 112.28 111.88 111.25 110.59 109.94 109.31 109.06 108.38 108.28 108.19 107.97 107.69 107.62 107.81 107.97 108.28 108.56 108.47 108.03 107.50 107.78 106.94 106.34 105.94 107.44 107.19 107.12 107.75 108.34 108.84 109.78 110.72 111.66 112.56 112.69 112.59 112.75 113.06 113.44 114.12 114.97 115.84 116.25 116.09 115.66 114.78 113.38 111.03 110.69 110.91 110.69 110.34 110.06 109.66 109.56 109.59 110.06 112.00 112.41 112.41 111.81 110.59
117.25 116.56 115.22 114.56 114.25 114.03 113.91 113.84 113.94 113.84 113.47 112.91 112.28 111.84 111.12 110.47 110.00 109.59 109.41 109.28 109.22 108.94 108.94 109.00 109.19 109.50 109.94 110.00 109.69 109.16 108.97 108.62 108.59 108.56 108.88 109.00 109.03 109.31 109.69 110.41 110.56 111.31 112.25 112.91 113.56 114.22 114.75 114.75 114.78 115.34 116.12 117.00 117.62 117.72 117.28 116.66 115.59 113.59 112.41 111.75 111.44 111.44 111.59 111.69 111.50 113.22 113.62 114.53 114.50 114.12 113.25 111.06
117.47 116.97 116.50 115.72 115.34 115.22 115.19 115.22 115.28 115.16 114.72 113.94 113.47 112.94 112.19 111.62 111.34 111.00 110.94 110.62 110.28 110.25 110.03 110.12 110.16 110.50 111.06 111.38 111.09 110.56 109.84 109.34 109.56 110.34 110.28 110.50 110.62 111.16 111.44 112.06 112.38 112.59 112.50 113.09 113.78 114.44 115.09 115.75 116.38 116.88 117.09 117.81 118.56 118.94 118.84 118.09 117.22 116.66 115.91 115.53 115.41 114.84 115.50 115.44 115.66 116.19 116.19 116.31 116.16 115.41 114.25 111.78
118.25 117.91 117.69 117.25 116.84 116.81 116.72 116.75 116.59 116.44 115.94 115.38 114.72 113.91 113.31 112.94 112.69 112.44 112.25 111.97 111.62 111.44 111.09 111.12 111.06 111.19 112.19 112.72 112.53 111.12 110.75 110.38 110.50 112.34 112.59 112.41 111.84 112.00 114.34 114.44 114.31 114.53 114.69 114.72 114.62 114.72 115.34 116.00 116.62 117.28 117.84 118.56 119.22 119.84 120.09 120.50 118.44 118.28 118.09 117.41 117.31 117.12 117.19 117.12 117.91 118.38 118.25 118.09 117.47 116.44 114.84 113.91
120.00 119.03 118.69 118.53 118.34 118.22 118.06 118.06 117.91 117.66 117.25 116.56 115.94 115.09 114.56 114.25 114.09 113.78 113.56 113.31 113.12 112.53 112.19 111.91 111.88 112.00 113.44 113.91 113.88 113.03 112.16 111.66 112.31 113.72 114.66 115.09 115.59 116.16 116.41 116.31 116.28 116.59 116.50 116.09 116.41 116.78 116.88 116.56 116.91 117.84 118.53 119.19 119.88 120.47 120.94 121.09 121.00 121.50 121.47 120.38 120.00 118.78 118.47 118.94 120.03 120.00 120.00 119.50 118.62 117.31 116.06 115.53
121.09 120.75 120.47 119.94 119.72 119.56 119.44 119.38 119.12 118.84 118.38 117.91 117.38 116.75 116.31 116.06 115.72 115.28 115.00 114.91 114.59 113.88 113.34 112.97 112.69 114.28 114.62 115.19 115.03 114.34 114.44 114.59 115.69 116.25 116.56 116.81 116.94 118.00 118.28 118.59 118.38 118.47 118.22 117.50 117.44 117.72 118.22 118.44 118.59 118.56 119.22 119.91 120.56 121.16 121.62 122.03 122.25 122.50 122.53 122.44 122.59 121.19 120.41 121.03 121.78 121.62 121.38 120.69 119.84 117.81 117.16 117.09
122.69 122.59 122.06 121.34 121.06 120.81 120.75 120.66 120.44 120.09 119.56 119.16 118.62 118.78 119.06 118.72 117.66 117.16 116.81 116.44 115.94 115.75 115.25 114.62 114.25 115.31 115.12 115.38 115.72 116.00 115.91 116.84 117.53 118.09 119.03 119.72 119.59 120.19 120.34 120.44 120.12 119.81 119.44 118.81 118.69 118.72 119.06 119.47 119.75 119.94 119.94 120.59 121.25 121.91 122.38 122.75 123.09 123.41 123.62 123.66 123.78 123.19 122.47 122.47 122.94 122.88 122.50 121.69 120.50 118.81 118.56 118.62
123.91 123.75 123.38 123.22 122.84 122.34 122.06 122.03 121.81 121.41 121.00 120.72 120.97 121.34 121.44 120.94 119.53 118.81 118.50 118.09 117.38 117.19 116.72 116.25 115.81 115.66 115.75 116.41 117.12 118.78 119.50 120.84 121.25 121.09 121.69 122.12 121.88 121.41 121.09 120.75 120.50 120.38 120.12 119.88 119.84 119.88 120.00 120.41 120.75 121.00 121.31 121.28 121.94 122.56 123.22 123.69 123.88 124.19 124.44 124.56 124.53 124.72 123.78 123.84 124.03 123.94 123.56 122.34 121.97 122.00 121.56 122.12
