everonasctiles/Tile27,30.asc
ncols 128
nrows 128
xllcorner 0
yllcorner 0
cellsize 2.0
NODATA_value  -9999
[rows 68 to 101 of 128, columns 0 to 75 of 128]
110.94 110.44 109.94 109.47 108.97 108.47 107.97 107.50 107.00 106.53 106.03 105.53 105.03 104.53 104.06 103.59 103.12 102.69 102.25 101.84 101.47 101.09 100.81 100.53 100.25 100.00 99.78 99.53 99.31 99.06 98.84 98.62 98.41 98.19 97.97 97.75 97.53 97.28 97.06 96.84 96.59 96.38 96.12 95.91 95.69 95.44 95.22 95.00 94.75 94.50 94.25 93.97 93.69 93.38 93.09 92.78 92.62 92.47 92.06 91.69 91.31 90.94 90.59 90.22 90.06 90.00 89.91 89.75 89.62 89.47 89.34 89.25 89.16 89.06 88.94 88.81
110.56 110.06 109.56 109.06 108.59 108.09 107.59 107.12 106.62 106.12 105.62 105.12 104.62 104.16 103.66 103.19 102.69 102.25 101.81 101.38 101.00 100.59 100.28 100.00 99.75 99.50 99.25 99.00 98.78 98.53 98.31 98.06 97.84 97.62 97.41 97.16 96.94 96.72 96.50 96.28 96.06 95.84 95.59 95.38 95.16 94.94 94.72 94.50 94.28 94.03 93.78 93.50 93.25 92.97 92.66 92.38 92.06 91.75 91.66 91.44 91.06 90.69 90.34 90.00 89.66 89.53 89.44 89.31 89.16 89.03 88.91 88.81 88.72 88.59 88.50 88.34
110.16 109.66 109.19 108.69 108.22 107.75 107.22 106.75 106.25 105.75 105.25 104.75 104.25 103.75 103.25 102.75 102.28 101.81 101.34 100.91 100.53 100.12 99.81 99.50 99.25 99.00 98.72 98.50 98.25 98.00 97.78 97.53 97.28 97.06 96.84 96.62 96.38 96.16 95.94 95.72 95.50 95.31 95.09 94.88 94.66 94.44 94.22 94.00 93.78 93.56 93.31 93.06 92.78 92.53 92.25 91.97 91.66 91.31 90.97 90.81 90.78 90.44 90.06 89.72 89.38 89.00 88.81 88.91 88.78 88.66 88.50 88.41 88.31 88.19 88.06 87.91
109.75 109.28 108.78 108.31 107.81 107.34 106.84 106.34 105.88 105.38 104.84 104.34 103.84 103.34 102.84 102.34 101.84 101.38 100.91 100.47 100.06 99.62 99.31 99.03 98.75 98.50 98.22 97.97 97.72 97.47 97.25 97.00 96.75 96.53 96.28 96.06 95.84 95.62 95.41 95.19 95.00 94.78 94.56 94.34 94.16 93.94 93.75 93.53 93.31 93.09 92.84 92.59 92.34 92.09 91.81 91.53 91.25 90.94 90.59 90.31 90.06 90.12 89.81 89.47 89.16 88.81 88.47 88.09 87.94 88.09 88.19 88.06 87.94 87.81 87.66 87.50
109.38 108.88 108.41 107.91 107.44 106.94 106.44 105.97 105.47 104.97 104.47 103.97 103.44 102.94 102.44 101.94 101.44 100.94 100.47 100.03 99.59 99.19 98.84 98.53 98.25 98.00 97.75 97.47 97.22 96.97 96.72 96.47 96.25 96.00 95.78 95.53 95.31 95.09 94.91 94.69 94.47 94.28 94.06 93.88 93.66 93.47 93.25 93.06 92.84 92.62 92.38 92.16 91.91 91.66 91.41 91.12 90.84 90.53 90.25 89.97 89.72 89.47 89.44 89.28 88.94 88.62 88.28 87.97 87.66 87.38 87.16 87.00 87.00 86.97 87.00 86.97
108.94 108.47 108.00 107.50 107.03 106.56 106.06 105.56 105.06 104.56 104.06 103.56 103.06 102.53 102.03 101.53 101.03 100.53 100.06 99.59 99.16 98.75 98.38 98.06 97.78 97.53 97.25 97.00 96.75 96.50 96.25 95.97 95.75 95.50 95.25 95.03 94.81 94.59 94.38 94.19 93.97 93.78 93.56 93.38 93.19 92.97 92.78 92.56 92.38 92.16 91.94 91.72 91.47 91.22 90.97 90.72 90.47 90.19 89.91 89.66 89.41 89.19 88.97 88.84 88.75 88.44 88.16 87.84 87.56 87.31 87.09 86.91 86.69 86.47 86.28 86.09
108.53 108.06 107.56 107.09 106.62 106.16 105.66 105.16 104.69 104.19 103.69 103.16 102.66 102.16 101.62 101.12 100.62 100.12 99.62 99.16 98.72 98.31 97.94 97.62 97.34 97.06 96.78 96.53 96.28 96.00 95.75 95.50 95.25 95.00 94.78 94.53 94.31 94.09 93.91 93.69 93.50 93.28 93.09 92.91 92.69 92.50 92.31 92.12 91.91 91.72 91.50 91.28 91.06 90.81 90.56 90.34 90.06 89.81 89.56 89.31 89.09 88.88 88.69 88.47 88.31 88.22 88.03 87.75 87.47 87.25 87.06 86.84 86.66 86.44 86.25 86.06
108.12 107.62 107.16 106.69 106.22 105.75 105.25 104.75 104.28 103.78 103.28 102.78 102.28 101.75 101.25 100.75 100.22 99.72 99.22 98.75 98.31 97.91 97.50 97.19 96.91 96.62 96.34 96.06 95.81 95.53 95.28 95.03 94.78 94.53 94.31 94.06 93.84 93.62 93.44 93.22 93.00 92.81 92.62 92.44 92.25 92.03 91.84 91.66 91.47 91.28 91.06 90.84 90.62 90.41 90.19 89.94 89.72 89.47 89.22 88.97 88.75 88.53 88.34 88.16 87.97 87.81 87.69 87.56 87.41 87.22 87.00 86.78 86.62 86.44 86.22 86.03
107.69 107.22 106.75 106.28 105.78 105.31 104.84 104.34 103.88 103.38 102.88 102.38 101.88 101.38 100.84 100.34 99.84 99.34 98.84 98.38 97.94 97.53 97.12 96.78 96.47 96.19 95.91 95.62 95.38 95.09 94.84 94.56 94.31 94.06 93.84 93.62 93.38 93.19 92.97 92.75 92.56 92.34 92.16 91.97 91.78 91.59 91.41 91.22 91.03 90.84 90.62 90.44 90.22 90.00 89.78 89.56 89.34 89.09 88.84 88.59 88.38 88.16 87.97 87.78 87.59 87.44 87.28 87.12 86.97 86.81 86.69 86.56 86.44 86.28 86.16 86.00
107.25 106.78 106.31 105.84 105.38 104.91 104.44 103.94 103.47 102.97 102.47 101.97 101.47 100.97 100.47 99.97 99.47 98.97 98.50 98.03 97.56 97.16 96.75 96.41 96.09 95.78 95.50 95.22 94.94 94.66 94.41 94.12 93.88 93.62 93.41 93.16 92.94 92.72 92.53 92.31 92.09 91.91 91.72 91.53 91.34 91.16 90.97 90.78 90.59 90.41 90.22 90.00 89.81 89.62 89.41 89.19 88.97 88.75 88.53 88.28 88.03 87.81 87.59 87.41 87.19 87.00 86.84 86.69 86.53 86.38 86.19 86.03 85.84 85.66 85.50 85.31
106.81 106.34 105.88 105.41 104.94 104.47 104.00 103.53 103.03 102.56 102.06 101.59 101.09 100.59 100.09 99.59 99.09 98.62 98.16 97.69 97.22 96.81 96.41 96.03 95.72 95.41 95.12 94.81 94.53 94.25 93.97 93.72 93.47 93.22 92.97 92.75 92.53 92.31 92.09 91.88 91.69 91.47 91.28 91.09 90.91 90.72 90.53 90.34 90.16 89.97 89.78 89.59 89.41 89.22 89.03 88.81 88.62 88.41 88.19 87.94 87.69 87.47 87.22 87.00 86.81 86.59 86.41 86.22 86.06 85.88 85.72 85.53 85.34 85.16 84.97 84.81
106.34 105.91 105.44 104.97 104.53 104.06 103.59 103.09 102.62 102.16 101.69 101.19 100.72 100.22 99.72 99.25 98.75 98.28 97.81 97.34 96.91 96.50 96.09 95.72 95.38 95.06 94.75 94.44 94.16 93.84 93.59 93.31 93.06 92.81 92.56 92.34 92.12 91.88 91.66 91.47 91.25 91.03 90.84 90.66 90.47 90.28 90.09 89.91 89.72 89.53 89.38 89.19 89.00 88.81 88.62 88.44 88.25 88.06 87.84 87.62 87.38 87.12 86.88 86.62 86.41 86.19 85.97 85.78 85.56 85.38 85.19 85.00 84.81 84.62 84.44 84.25
105.91 105.44 105.00 104.53 104.09 103.62 103.16 102.69 102.22 101.75 101.28 100.81 100.31 99.84 99.38 98.91 98.44 97.97 97.50 97.06 96.62 96.22 95.81 95.44 95.09 94.75 94.41 94.09 93.78 93.47 93.22 92.94 92.69 92.44 92.19 91.94 91.72 91.50 91.28 91.06 90.84 90.62 90.44 90.22 90.03 89.84 89.66 89.47 89.31 89.12 88.94 88.75 88.59 88.41 88.25 88.06 87.88 87.69 87.50 87.28 87.03 86.78 86.50 86.25 86.00 85.75 85.53 85.31 85.09 84.88 84.66 84.47 84.25 84.06 83.88 83.72
105.41 104.97 104.53 104.09 103.62 103.19 102.72 102.25 101.78 101.34 100.88 100.44 99.97 99.50 99.03 98.56 98.12 97.66 97.22 96.78 96.34 95.94 95.56 95.16 94.81 94.47 94.12 93.78 93.44 93.16 92.84 92.56 92.31 92.06 91.81 91.56 91.34 91.09 90.88 90.66 90.44 90.22 90.00 89.81 89.62 89.44 89.25 89.06 88.88 88.69 88.53 88.34 88.19 88.00 87.84 87.66 87.50 87.31 87.12 86.91 86.69 86.41 86.16 85.88 85.59 85.34 85.09 84.84 84.59 84.34 84.12 83.91 83.69 83.50 83.31 83.12
104.94 104.50 104.06 103.62 103.19 102.75 102.28 101.84 101.38 100.94 100.50 100.06 99.59 99.16 98.69 98.25 97.81 97.38 96.94 96.50 96.09 95.69 95.31 94.94 94.56 94.22 93.88 93.50 93.16 92.84 92.53 92.25 91.97 91.72 91.44 91.22 90.97 90.72 90.50 90.25 90.03 89.81 89.59 89.41 89.19 89.00 88.81 88.62 88.44 88.28 88.09 87.91 87.75 87.59 87.44 87.25 87.09 86.91 86.72 86.53 86.28 86.03 85.78 85.50 85.22 84.94 84.66 84.38 84.09 83.81 83.56 83.31 83.09 82.91 82.72 82.56
104.44 104.00 103.59 103.16 102.72 102.31 101.88 101.44 100.97 100.56 100.12 99.69 99.25 98.81 98.38 97.94 97.50 97.06 96.66 96.25 95.84 95.47 95.09 94.72 94.34 93.97 93.62 93.25 92.91 92.56 92.25 91.94 91.66 91.38 91.12 90.84 90.59 90.38 90.12 89.88 89.66 89.44 89.22 89.00 88.78 88.59 88.38 88.19 88.03 87.84 87.66 87.50 87.34 87.16 87.00 86.84 86.69 86.50 86.31 86.12 85.91 85.66 85.38 85.12 84.84 84.53 84.25 83.94 83.62 83.28 82.97 82.69 82.41 82.16 82.00 81.88
103.91 103.50 103.09 102.69 102.28 101.88 101.44 101.03 100.59 100.16 99.75 99.31 98.91 98.47 98.06 97.62 97.22 96.81 96.41 96.00 95.59 95.22 94.88 94.50 94.12 93.75 93.41 93.03 92.69 92.31 92.00 91.66 91.34 91.06 90.78 90.50 90.25 90.00 89.75 89.50 89.28 89.03 88.81 88.59 88.38 88.16 87.97 87.78 87.59 87.41 87.22 87.06 86.91 86.75 86.56 86.41 86.25 86.06 85.91 85.69 85.47 85.25 85.00 84.72 84.44 84.16 83.84 83.53 83.22 82.88 82.59 82.28 82.00 81.75 81.53 81.31
103.38 103.00 102.62 102.22 101.84 101.44 101.03 100.62 100.19 99.78 99.38 98.97 98.56 98.16 97.75 97.34 96.94 96.53 96.12 95.75 95.38 95.00 94.66 94.28 93.91 93.56 93.19 92.81 92.44 92.09 91.75 91.41 91.06 90.75 90.47 90.19 89.91 89.66 89.41 89.16 88.91 88.66 88.44 88.19 87.97 87.75 87.56 87.38 87.16 87.00 86.81 86.62 86.47 86.31 86.16 85.97 85.81 85.62 85.44 85.25 85.03 84.81 84.56 84.28 84.00 83.72 83.41 83.09 82.78 82.47 82.19 81.88 81.59 81.31 81.09 80.88
102.88 102.50 102.16 101.78 101.38 101.00 100.62 100.22 99.81 99.41 99.03 98.62 98.22 97.84 97.44 97.06 96.66 96.28 95.91 95.50 95.16 94.78 94.44 94.09 93.72 93.34 92.97 92.62 92.25 91.88 91.50 91.16 90.81 90.47 90.16 89.88 89.59 89.31 89.03 88.78 88.53 88.28 88.03 87.81 87.56 87.34 87.16 86.94 86.75 86.56 86.38 86.22 86.03 85.88 85.72 85.53 85.38 85.19 85.00 84.78 84.56 84.34 84.09 83.84 83.56 83.28 82.97 82.66 82.38 82.06 81.75 81.47 81.16 80.91 80.66 80.44
102.41 102.03 101.69 101.31 100.97 100.59 100.22 99.84 99.44 99.06 98.69 98.28 97.91 97.53 97.16 96.75 96.38 96.00 95.62 95.28 94.94 94.56 94.22 93.91 93.53 93.16 92.78 92.41 92.03 91.66 91.28 90.91 90.56 90.22 89.88 89.56 89.25 88.97 88.69 88.41 88.16 87.91 87.66 87.41 87.19 86.97 86.75 86.53 86.34 86.16 85.97 85.78 85.62 85.44 85.28 85.09 84.94 84.75 84.53 84.34 84.12 83.88 83.62 83.38 83.09 82.81 82.53 82.22 81.94 81.62 81.31 81.03 80.75 80.47 80.22 79.97
101.91 101.56 101.22 100.88 100.53 100.19 99.81 99.44 99.09 98.69 98.34 97.97 97.59 97.22 96.84 96.50 96.12 95.75 95.41 95.03 94.69 94.34 94.00 93.69 93.31 92.97 92.59 92.22 91.84 91.47 91.06 90.69 90.31 89.97 89.59 89.28 88.94 88.66 88.34 88.06 87.78 87.53 87.28 87.03 86.78 86.56 86.34 86.12 85.91 85.72 85.53 85.38 85.19 85.00 84.84 84.66 84.47 84.28 84.09 83.88 83.66 83.41 83.16 82.91 82.62 82.34 82.06 81.78 81.47 81.19 80.88 80.59 80.31 80.03 79.75 79.53
101.47 101.12 100.78 100.44 100.09 99.78 99.44 99.06 98.72 98.34 98.00 97.66 97.28 96.94 96.56 96.22 95.84 95.50 95.16 94.78 94.47 94.12 93.78 93.47 93.12 92.75 92.41 92.03 91.62 91.25 90.84 90.47 90.09 89.69 89.34 89.00 88.66 88.31 88.03 87.72 87.44 87.16 86.91 86.62 86.41 86.16 85.94 85.72 85.50 85.31 85.12 84.94 84.75 84.59 84.41 84.22 84.03 83.84 83.62 83.41 83.19 82.94 82.69 82.44 82.19 81.91 81.59 81.31 81.03 80.72 80.44 80.12 79.84 79.56 79.31 79.06
101.03 100.69 100.34 100.03 99.72 99.38 99.03 98.72 98.38 98.00 97.66 97.31 96.97 96.62 96.28 95.94 95.56 95.22 94.88 94.56 94.22 93.88 93.56 93.25 92.91 92.56 92.19 91.81 91.44 91.03 90.66 90.25 89.84 89.47 89.06 88.72 88.34 88.00 87.69 87.38 87.09 86.81 86.53 86.25 86.00 85.78 85.53 85.31 85.12 84.91 84.72 84.53 84.34 84.16 83.97 83.78 83.59 83.38 83.19 82.97 82.72 82.50 82.25 81.97 81.72 81.44 81.16 80.84 80.56 80.28 79.97 79.69 79.41 79.12 78.84 78.59
100.59 100.25 99.94 99.62 99.31 99.00 98.69 98.34 98.03 97.66 97.34 97.00 96.66 96.31 95.97 95.62 95.31 94.97 94.62 94.28 93.97 93.66 93.31 93.03 92.69 92.31 91.97 91.59 91.22 90.81 90.44 90.03 89.62 89.22 88.81 88.44 88.06 87.72 87.38 87.06 86.75 86.44 86.16 85.91 85.62 85.38 85.16 84.94 84.72 84.50 84.31 84.12 83.94 83.75 83.53 83.34 83.16 82.94 82.72 82.50 82.28 82.03 81.78 81.50 81.25 80.97 80.69 80.41 80.09 79.81 79.50 79.22 78.94 78.66 78.41 78.12
100.19 99.88 99.56 99.25 98.94 98.62 98.31 98.00 97.69 97.34 97.03 96.69 96.38 96.03 95.69 95.38 95.03 94.69 94.38 94.03 93.72 93.38 93.06 92.78 92.44 92.09 91.72 91.34 90.97 90.59 90.19 89.78 89.38 88.97 88.56 88.16 87.78 87.41 87.06 86.72 86.41 86.09 85.81 85.53 85.28 85.03 84.78 84.56 84.31 84.12 83.91 83.72 83.50 83.31 83.12 82.91 82.72 82.50 82.28 82.06 81.81 81.56 81.31 81.06 80.78 80.50 80.22 79.94 79.62 79.34 79.06 78.75 78.47 78.19 77.94 77.66
99.78 99.47 99.19 98.88 98.56 98.28 97.97 97.66 97.34 97.00 96.72 96.38 96.06 95.75 95.41 95.06 94.75 94.41 94.09 93.75 93.44 93.12 92.81 92.50 92.16 91.81 91.47 91.09 90.72 90.34 89.94 89.53 89.12 88.69 88.28 87.88 87.47 87.09 86.75 86.41 86.06 85.75 85.47 85.19 84.91 84.66 84.41 84.16 83.94 83.72 83.53 83.31 83.09 82.91 82.69 82.50 82.28 82.06 81.84 81.59 81.38 81.12 80.84 80.59 80.31 80.03 79.75 79.47 79.19 78.88 78.59 78.31 78.03 77.75 77.47 77.22
99.41 99.12 98.81 98.53 98.25 97.94 97.62 97.34 97.03 96.69 96.41 96.09 95.75 95.44 95.12 94.78 94.47 94.12 93.81 93.50 93.16 92.84 92.53 92.22 91.88 91.53 91.19 90.81 90.44 90.06 89.66 89.28 88.84 88.44 88.00 87.59 87.19 86.81 86.44 86.09 85.75 85.44 85.12 84.81 84.56 84.28 84.03 83.78 83.56 83.34 83.12 82.91 82.72 82.50 82.28 82.06 81.84 81.62 81.41 81.16 80.91 80.66 80.41 80.12 79.88 79.59 79.31 79.00 78.72 78.44 78.12 77.84 77.56 77.28 77.00 76.75
99.09 98.81 98.50 98.22 97.91 97.62 97.31 97.03 96.72 96.41 96.09 95.78 95.47 95.16 94.84 94.50 94.19 93.84 93.53 93.22 92.88 92.56 92.25 91.94 91.59 91.25 90.91 90.53 90.16 89.78 89.38 89.00 88.56 88.16 87.72 87.31 86.91 86.50 86.12 85.78 85.41 85.09 84.78 84.47 84.19 83.94 83.66 83.44 83.19 82.97 82.75 82.53 82.31 82.09 81.88 81.66 81.44 81.22 80.97 80.72 80.47 80.22 79.97 79.69 79.41 79.12 78.84 78.56 78.25 77.97 77.69 77.38 77.09 76.81 76.53 76.28
98.78 98.50 98.22 97.91 97.59 97.31 97.00 96.72 96.41 96.09 95.81 95.50 95.19 94.88 94.53 94.22 93.91 93.56 93.25 92.91 92.59 92.28 91.94 91.62 91.28 90.94 90.59 90.22 89.84 89.47 89.09 88.69 88.28 87.88 87.44 87.03 86.59 86.22 85.81 85.44 85.09 84.75 84.44 84.12 83.84 83.56 83.31 83.06 82.81 82.59 82.34 82.12 81.91 81.69 81.47 81.25 81.03 80.78 80.56 80.31 80.06 79.78 79.53 79.25 78.97 78.69 78.41 78.09 77.81 77.53 77.22 76.94 76.66 76.38 76.09 75.81
98.53 98.22 97.94 97.62 97.34 97.03 96.72 96.44 96.12 95.81 95.53 95.22 94.91 94.59 94.25 93.94 93.62 93.28 92.97 92.62 92.28 91.97 91.66 91.31 90.97 90.62 90.28 89.91 89.53 89.16 88.78 88.38 87.97 87.56 87.16 86.72 86.31 85.91 85.53 85.16 84.78 84.44 84.12 83.81 83.50 83.22 82.97 82.69 82.44 82.22 81.97 81.75 81.53 81.31 81.06 80.84 80.62 80.38 80.12 79.88 79.62 79.38 79.09 78.81 78.53 78.25 77.97 77.66 77.38 77.06 76.78 76.47 76.19 75.91 75.62 75.38
98.28 98.00 97.69 97.38 97.06 96.78 96.47 96.16 95.84 95.56 95.25 94.94 94.62 94.31 93.97 93.66 93.31 93.00 92.66 92.34 92.00 91.66 91.34 91.00 90.66 90.28 89.94 89.59 89.22 88.84 88.47 88.06 87.66 87.25 86.84 86.41 86.00 85.59 85.22 84.84 84.47 84.12 83.78 83.47 83.16 82.88 82.59 82.34 82.09 81.84 81.59 81.38 81.12 80.91 80.69 80.44 80.22 79.97 79.72 79.47 79.22 78.94 78.66 78.41 78.09 77.81 77.53 77.22 76.94 76.62 76.34 76.03 75.75 75.47 75.19 74.91
98.06 97.75 97.44 97.16 96.84 96.53 96.22 95.91 95.59 95.28 94.97 94.66 94.34 94.03 93.72 93.38 93.06 92.72 92.38 92.03 91.69 91.34 91.00 90.66 90.31 89.97 89.59 89.25 88.88 88.50 88.12 87.72 87.34 86.94 86.53 86.12 85.69 85.31 84.91 84.53 84.16 83.81 83.47 83.12 82.81 82.53 82.25 81.97 81.72 81.47 81.22 81.00 80.75 80.53 80.28 80.03 79.81 79.56 79.31 79.06 78.81 78.53 78.25 77.97 77.69 77.41 77.09 76.81 76.50 76.19 75.91 75.59 75.31 75.03 74.75 74.47
97.88 97.56 97.25 96.94 96.62 96.31 95.97 95.69 95.34 95.03 94.72 94.41 94.09 93.75 93.44 93.09 92.78 92.44 92.09 91.75 91.38 91.03 90.69 90.34 89.97 89.62 89.25 88.91 88.53 88.16 87.78 87.41 87.00 86.59 86.19 85.78 85.38 85.00 84.59 84.22 83.84 83.47 83.12 82.81 82.50 82.19 81.91 81.62 81.34 81.09 80.84 80.59 80.38 80.12 79.91 79.66 79.41 79.16 78.91 78.66 78.41 78.12 77.84 77.56 77.28 77.00 76.69 76.38 76.09 75.78 75.47 75.19 74.88 74.59 74.31 74.03
97.69 97.38 97.03 96.72 96.41 96.09 95.78 95.47 95.12 94.81 94.50 94.16 93.84 93.50 93.19 92.84 92.50 92.16 91.81 91.44 91.09 90.72 90.38 90.00 89.66 89.28 88.91 88.56 88.19 87.81 87.44 87.06 86.66 86.28 85.88 85.47 85.06 84.69 84.28 83.91 83.53 83.16 82.81 82.47 82.16 81.84 81.56 81.28 81.00 80.72 80.47 80.22 80.00 79.75 79.50 79.25 79.03 78.78 78.53 78.25 78.00 77.72 77.47 77.19 76.88 76.59 76.28 76.00 75.69 75.38 75.06 74.75 74.47 74.16 73.88 73.59
