everonasctiles/Tile27,44.asc
ncols 128
nrows 128
xllcorner 0
yllcorner 0
cellsize 2.0
NODATA_value  -9999
[rows 96 to 127 of 128, columns 0 to 70 of 128]
-38.97 -39.00 -39.06 -39.16 -39.28 -39.34 -39.41 -39.47 -39.47 -39.41 -39.34 -39.22 -39.09 -38.94 -38.78 -38.62 -38.50 -38.41 -38.34 -38.31 -38.31 -38.31 -38.34 -38.31 -38.31 -38.25 -38.22 -38.16 -38.06 -37.97 -37.81 -37.59 -37.34 -37.09 -36.81 -36.50 -36.12 -35.69 -35.09 -34.62 -34.09 -33.62 -33.31 -33.19 -33.09 -33.00 -32.91 -32.81 -32.75 -32.69 -32.66 -32.59 -32.56 -32.50 -32.47 -32.41 -32.38 -32.38 -32.41 -32.44 -32.47 -32.50 -32.53 -32.53 -32.50 -32.47 -32.44 -32.44 -32.41 -32.38 -32.34
-38.81 -38.88 -39.00 -39.09 -39.16 -39.22 -39.25 -39.28 -39.28 -39.25 -39.16 -39.09 -39.00 -38.88 -38.75 -38.66 -38.56 -38.53 -38.50 -38.47 -38.47 -38.50 -38.50 -38.50 -38.47 -38.44 -38.41 -38.34 -38.28 -38.16 -38.03 -37.84 -37.62 -37.38 -37.12 -36.81 -36.44 -36.03 -35.59 -35.12 -34.62 -34.06 -33.66 -33.47 -33.31 -33.12 -33.00 -32.88 -32.78 -32.69 -32.62 -32.56 -32.50 -32.47 -32.44 -32.41 -32.41 -32.41 -32.47 -32.50 -32.53 -32.56 -32.59 -32.59 -32.59 -32.59 -32.59 -32.59 -32.59 -32.56 -32.53
-39.12 -39.22 -39.25 -39.25 -39.28 -39.25 -39.25 -39.22 -39.19 -39.12 -39.06 -38.97 -38.91 -38.84 -38.78 -38.72 -38.69 -38.66 -38.62 -38.62 -38.62 -38.62 -38.62 -38.62 -38.62 -38.59 -38.56 -38.50 -38.44 -38.34 -38.19 -38.03 -37.84 -37.62 -37.38 -37.06 -36.72 -36.34 -35.97 -35.53 -35.06 -34.62 -34.19 -33.84 -33.56 -33.31 -33.12 -32.94 -32.81 -32.69 -32.59 -32.53 -32.47 -32.44 -32.41 -32.41 -32.44 -32.47 -32.50 -32.56 -32.62 -32.66 -32.69 -32.69 -32.72 -32.72 -32.75 -32.75 -32.78 -32.75 -32.75
-39.44 -39.41 -39.41 -39.41 -39.38 -39.38 -39.31 -39.25 -39.16 -39.06 -38.97 -38.91 -38.88 -38.84 -38.81 -38.78 -38.78 -38.75 -38.75 -38.75 -38.75 -38.75 -38.75 -38.72 -38.72 -38.69 -38.66 -38.62 -38.56 -38.47 -38.34 -38.22 -38.06 -37.84 -37.59 -37.31 -37.00 -36.66 -36.28 -35.84 -35.44 -34.97 -34.56 -34.16 -33.81 -33.50 -33.25 -33.03 -32.84 -32.72 -32.59 -32.50 -32.44 -32.41 -32.41 -32.41 -32.47 -32.50 -32.56 -32.62 -32.69 -32.72 -32.75 -32.81 -32.84 -32.84 -32.88 -32.94 -32.97 -32.97 -32.97
-39.66 -39.59 -39.59 -39.56 -39.53 -39.50 -39.41 -39.31 -39.19 -39.06 -38.97 -38.91 -38.88 -38.88 -38.88 -38.88 -38.88 -38.88 -38.84 -38.84 -38.84 -38.84 -38.81 -38.81 -38.78 -38.75 -38.72 -38.69 -38.62 -38.56 -38.47 -38.34 -38.19 -38.00 -37.78 -37.50 -37.22 -36.91 -36.53 -36.12 -35.72 -35.28 -34.84 -34.41 -34.00 -33.66 -33.34 -33.09 -32.91 -32.75 -32.59 -32.50 -32.44 -32.41 -32.41 -32.44 -32.47 -32.53 -32.62 -32.69 -32.75 -32.81 -32.84 -32.91 -32.97 -33.00 -33.06 -33.12 -33.16 -33.19 -33.19
-39.84 -39.81 -39.78 -39.75 -39.69 -39.59 -39.50 -39.38 -39.22 -39.09 -39.00 -38.94 -38.91 -38.91 -38.91 -38.94 -38.94 -38.94 -38.94 -38.91 -38.91 -38.88 -38.88 -38.84 -38.81 -38.78 -38.75 -38.72 -38.66 -38.59 -38.53 -38.41 -38.28 -38.09 -37.88 -37.66 -37.38 -37.06 -36.75 -36.34 -35.94 -35.50 -35.03 -34.56 -34.16 -33.75 -33.44 -33.16 -32.94 -32.78 -32.62 -32.53 -32.44 -32.41 -32.41 -32.44 -32.47 -32.56 -32.62 -32.72 -32.81 -32.88 -32.94 -33.00 -33.06 -33.16 -33.22 -33.28 -33.34 -33.38 -33.38
-40.09 -40.03 -39.97 -39.91 -39.81 -39.72 -39.56 -39.41 -39.28 -39.16 -39.06 -39.00 -38.97 -38.97 -38.97 -38.97 -38.97 -38.97 -38.97 -38.97 -38.94 -38.91 -38.88 -38.84 -38.81 -38.78 -38.75 -38.69 -38.66 -38.59 -38.53 -38.44 -38.28 -38.12 -37.91 -37.69 -37.44 -37.16 -36.84 -36.50 -36.09 -35.62 -35.16 -34.69 -34.25 -33.81 -33.50 -33.22 -33.00 -32.81 -32.69 -32.56 -32.47 -32.41 -32.41 -32.44 -32.47 -32.56 -32.66 -32.75 -32.84 -32.94 -33.03 -33.09 -33.19 -33.28 -33.34 -33.44 -33.50 -33.56 -33.59
-40.34 -40.25 -40.16 -40.06 -39.94 -39.81 -39.62 -39.47 -39.34 -39.22 -39.12 -39.06 -39.03 -39.00 -39.00 -39.00 -39.00 -39.00 -38.97 -38.94 -38.94 -38.91 -38.88 -38.84 -38.81 -38.75 -38.72 -38.66 -38.59 -38.56 -38.47 -38.41 -38.28 -38.09 -37.91 -37.69 -37.44 -37.19 -36.88 -36.53 -36.16 -35.72 -35.25 -34.78 -34.31 -33.91 -33.56 -33.28 -33.06 -32.88 -32.72 -32.59 -32.50 -32.44 -32.41 -32.44 -32.47 -32.56 -32.66 -32.75 -32.88 -32.97 -33.09 -33.19 -33.28 -33.38 -33.50 -33.56 -33.66 -33.72 -33.75
-40.59 -40.44 -40.34 -40.22 -40.06 -39.91 -39.72 -39.56 -39.41 -39.28 -39.19 -39.12 -39.09 -39.06 -39.03 -39.00 -39.00 -38.97 -38.94 -38.91 -38.88 -38.88 -38.84 -38.81 -38.78 -38.72 -38.69 -38.62 -38.56 -38.50 -38.41 -38.31 -38.22 -38.06 -37.88 -37.66 -37.41 -37.16 -36.88 -36.53 -36.16 -35.75 -35.31 -34.88 -34.41 -34.00 -33.66 -33.34 -33.12 -32.91 -32.75 -32.62 -32.53 -32.44 -32.41 -32.44 -32.47 -32.56 -32.66 -32.78 -32.91 -33.03 -33.16 -33.25 -33.38 -33.50 -33.59 -33.69 -33.78 -33.84 -33.91
-40.78 -40.62 -40.50 -40.34 -40.19 -40.00 -39.81 -39.62 -39.47 -39.34 -39.25 -39.19 -39.12 -39.09 -39.03 -39.00 -38.94 -38.91 -38.88 -38.84 -38.84 -38.81 -38.78 -38.75 -38.72 -38.66 -38.62 -38.56 -38.50 -38.44 -38.34 -38.25 -38.12 -38.00 -37.81 -37.62 -37.38 -37.12 -36.84 -36.53 -36.19 -35.81 -35.38 -34.94 -34.50 -34.09 -33.75 -33.44 -33.19 -32.94 -32.78 -32.62 -32.50 -32.44 -32.44 -32.47 -32.50 -32.59 -32.69 -32.81 -32.94 -33.06 -33.22 -33.34 -33.47 -33.59 -33.72 -33.81 -33.91 -33.97 -34.03
-40.97 -40.78 -40.62 -40.47 -40.28 -40.06 -39.88 -39.69 -39.53 -39.38 -39.28 -39.22 -39.16 -39.09 -39.03 -38.97 -38.91 -38.84 -38.81 -38.78 -38.75 -38.72 -38.69 -38.69 -38.62 -38.59 -38.53 -38.50 -38.44 -38.34 -38.25 -38.16 -38.06 -37.94 -37.78 -37.59 -37.38 -37.16 -36.88 -36.59 -36.25 -35.88 -35.47 -35.03 -34.62 -34.22 -33.84 -33.50 -33.22 -32.97 -32.75 -32.59 -32.50 -32.44 -32.44 -32.50 -32.56 -32.66 -32.78 -32.88 -33.03 -33.16 -33.28 -33.44 -33.56 -33.69 -33.81 -33.94 -34.00 -34.06 -34.12
-41.09 -40.91 -40.72 -40.53 -40.31 -40.12 -39.91 -39.72 -39.53 -39.38 -39.28 -39.19 -39.12 -39.03 -38.97 -38.91 -38.84 -38.78 -38.72 -38.69 -38.66 -38.62 -38.59 -38.59 -38.56 -38.50 -38.47 -38.41 -38.34 -38.25 -38.19 -38.06 -37.97 -37.84 -37.72 -37.56 -37.38 -37.16 -36.91 -36.62 -36.28 -35.94 -35.53 -35.12 -34.72 -34.31 -33.91 -33.56 -33.25 -32.97 -32.75 -32.56 -32.47 -32.44 -32.50 -32.56 -32.66 -32.75 -32.88 -33.00 -33.12 -33.25 -33.41 -33.53 -33.69 -33.81 -33.94 -34.03 -34.09 -34.16 -34.22
-41.19 -41.00 -40.78 -40.56 -40.34 -40.12 -39.91 -39.69 -39.53 -39.38 -39.25 -39.12 -39.06 -38.97 -38.91 -38.84 -38.78 -38.69 -38.62 -38.59 -38.56 -38.53 -38.50 -38.50 -38.47 -38.41 -38.38 -38.31 -38.25 -38.16 -38.09 -38.00 -37.88 -37.78 -37.66 -37.53 -37.38 -37.19 -36.94 -36.66 -36.34 -36.00 -35.62 -35.22 -34.81 -34.38 -33.97 -33.59 -33.25 -32.97 -32.72 -32.53 -32.44 -32.47 -32.53 -32.62 -32.75 -32.88 -33.00 -33.16 -33.28 -33.41 -33.53 -33.66 -33.78 -33.91 -34.03 -34.12 -34.22 -34.25 -34.31
-41.22 -41.03 -40.81 -40.56 -40.34 -40.09 -39.88 -39.69 -39.50 -39.31 -39.19 -39.06 -38.97 -38.91 -38.84 -38.75 -38.69 -38.62 -38.56 -38.50 -38.44 -38.41 -38.41 -38.38 -38.34 -38.31 -38.25 -38.19 -38.16 -38.06 -38.00 -37.91 -37.81 -37.72 -37.62 -37.50 -37.38 -37.19 -36.97 -36.69 -36.38 -36.03 -35.66 -35.28 -34.84 -34.44 -34.03 -33.62 -33.28 -32.97 -32.72 -32.50 -32.44 -32.50 -32.59 -32.72 -32.84 -32.97 -33.16 -33.31 -33.44 -33.59 -33.72 -33.84 -33.94 -34.06 -34.16 -34.25 -34.31 -34.38 -34.41
-41.22 -41.00 -40.78 -40.56 -40.31 -40.09 -39.88 -39.66 -39.44 -39.25 -39.09 -38.97 -38.88 -38.81 -38.75 -38.69 -38.62 -38.53 -38.47 -38.38 -38.34 -38.31 -38.31 -38.28 -38.25 -38.19 -38.16 -38.09 -38.03 -37.97 -37.91 -37.84 -37.78 -37.69 -37.62 -37.53 -37.38 -37.22 -37.00 -36.72 -36.41 -36.06 -35.69 -35.28 -34.88 -34.44 -34.03 -33.62 -33.28 -32.94 -32.66 -32.44 -32.53 -32.62 -32.69 -32.81 -32.94 -33.09 -33.28 -33.47 -33.66 -33.81 -33.94 -34.03 -34.12 -34.22 -34.28 -34.38 -34.44 -34.47 -34.50
-41.19 -40.97 -40.75 -40.53 -40.31 -40.06 -39.84 -39.62 -39.38 -39.19 -39.00 -38.88 -38.78 -38.72 -38.66 -38.59 -38.53 -38.44 -38.38 -38.28 -38.22 -38.22 -38.19 -38.19 -38.12 -38.09 -38.03 -37.97 -37.94 -37.91 -37.84 -37.81 -37.75 -37.69 -37.62 -37.53 -37.41 -37.22 -37.00 -36.72 -36.41 -36.03 -35.66 -35.25 -34.81 -34.41 -34.00 -33.59 -33.25 -32.91 -32.53 -32.53 -32.66 -32.75 -32.84 -32.94 -33.09 -33.28 -33.47 -33.66 -33.84 -34.00 -34.16 -34.25 -34.31 -34.38 -34.47 -34.53 -34.56 -34.59 -34.62
-41.16 -40.94 -40.72 -40.50 -40.28 -40.03 -39.81 -39.56 -39.31 -39.09 -38.91 -38.78 -38.69 -38.62 -38.56 -38.50 -38.44 -38.34 -38.25 -38.19 -38.12 -38.09 -38.09 -38.06 -38.03 -37.97 -37.91 -37.88 -37.84 -37.84 -37.81 -37.78 -37.75 -37.72 -37.66 -37.56 -37.41 -37.22 -36.97 -36.69 -36.38 -36.00 -35.62 -35.19 -34.75 -34.34 -33.91 -33.53 -33.16 -32.75 -32.47 -32.66 -32.81 -32.91 -33.03 -33.16 -33.28 -33.47 -33.66 -33.88 -34.06 -34.22 -34.38 -34.47 -34.53 -34.59 -34.62 -34.69 -34.69 -34.72 -34.72
-41.12 -40.91 -40.72 -40.47 -40.25 -40.00 -39.72 -39.47 -39.22 -39.00 -38.81 -38.69 -38.59 -38.53 -38.47 -38.41 -38.31 -38.22 -38.16 -38.06 -38.00 -37.97 -37.97 -37.97 -37.91 -37.88 -37.81 -37.81 -37.78 -37.78 -37.78 -37.78 -37.75 -37.72 -37.66 -37.56 -37.38 -37.16 -36.91 -36.59 -36.28 -35.94 -35.53 -35.12 -34.69 -34.28 -33.81 -33.38 -32.91 -32.53 -32.53 -32.81 -32.97 -33.12 -33.25 -33.38 -33.53 -33.72 -33.91 -34.12 -34.28 -34.47 -34.59 -34.69 -34.75 -34.78 -34.81 -34.81 -34.84 -34.81 -34.81
-41.16 -40.94 -40.72 -40.47 -40.19 -39.94 -39.66 -39.38 -39.12 -38.91 -38.72 -38.59 -38.50 -38.44 -38.38 -38.28 -38.19 -38.12 -38.03 -37.97 -37.91 -37.88 -37.84 -37.84 -37.81 -37.78 -37.75 -37.75 -37.75 -37.75 -37.75 -37.75 -37.75 -37.72 -37.66 -37.53 -37.34 -37.09 -36.81 -36.50 -36.16 -35.78 -35.41 -35.00 -34.62 -34.16 -33.56 -33.09 -32.72 -32.53 -32.66 -32.97 -33.16 -33.34 -33.50 -33.66 -33.81 -33.97 -34.19 -34.38 -34.53 -34.69 -34.81 -34.91 -34.94 -34.97 -34.97 -34.97 -34.97 -34.94 -34.88
-41.28 -41.03 -40.78 -40.47 -40.19 -39.88 -39.59 -39.31 -39.03 -38.78 -38.59 -38.47 -38.38 -38.31 -38.25 -38.16 -38.09 -38.00 -37.91 -37.84 -37.78 -37.75 -37.75 -37.75 -37.72 -37.69 -37.69 -37.69 -37.69 -37.72 -37.75 -37.75 -37.75 -37.69 -37.59 -37.47 -37.28 -37.03 -36.75 -36.44 -36.03 -35.62 -35.19 -34.78 -34.38 -33.84 -33.38 -33.16 -33.03 -32.88 -32.84 -33.12 -33.31 -33.53 -33.75 -33.91 -34.06 -34.25 -34.44 -34.62 -34.78 -34.94 -35.03 -35.09 -35.12 -35.16 -35.12 -35.12 -35.09 -35.03 -34.97
-41.47 -41.19 -40.88 -40.53 -40.19 -39.84 -39.53 -39.22 -38.97 -38.72 -38.50 -38.38 -38.25 -38.19 -38.09 -38.03 -37.97 -37.88 -37.81 -37.72 -37.69 -37.66 -37.66 -37.66 -37.66 -37.62 -37.62 -37.66 -37.66 -37.69 -37.72 -37.72 -37.72 -37.66 -37.56 -37.41 -37.19 -36.94 -36.66 -36.31 -35.84 -35.19 -34.62 -34.28 -33.91 -33.69 -33.69 -33.78 -33.66 -33.34 -33.09 -33.25 -33.50 -33.72 -33.97 -34.16 -34.34 -34.53 -34.69 -34.88 -35.03 -35.16 -35.25 -35.31 -35.31 -35.31 -35.31 -35.25 -35.19 -35.12 -35.06
-41.69 -41.34 -41.00 -40.62 -40.25 -39.88 -39.50 -39.19 -38.91 -38.62 -38.44 -38.28 -38.16 -38.06 -37.97 -37.91 -37.84 -37.78 -37.72 -37.62 -37.59 -37.56 -37.56 -37.59 -37.59 -37.59 -37.59 -37.62 -37.62 -37.66 -37.69 -37.69 -37.69 -37.62 -37.50 -37.34 -37.16 -36.91 -36.59 -36.12 -35.50 -34.94 -34.59 -34.38 -34.28 -34.28 -34.44 -34.41 -34.19 -33.84 -33.41 -33.41 -33.69 -33.94 -34.19 -34.41 -34.62 -34.78 -34.97 -35.12 -35.25 -35.38 -35.44 -35.50 -35.50 -35.47 -35.44 -35.38 -35.31 -35.22 -35.12
-41.91 -41.53 -41.16 -40.75 -40.34 -39.94 -39.53 -39.12 -38.84 -38.59 -38.44 -38.25 -38.12 -37.97 -37.88 -37.78 -37.72 -37.69 -37.62 -37.56 -37.53 -37.53 -37.53 -37.53 -37.56 -37.56 -37.59 -37.59 -37.62 -37.66 -37.69 -37.69 -37.66 -37.59 -37.50 -37.34 -37.16 -36.88 -36.44 -35.94 -35.50 -35.34 -35.31 -35.25 -35.12 -35.09 -35.00 -34.81 -34.59 -34.28 -33.81 -33.62 -33.84 -34.12 -34.38 -34.66 -34.88 -35.06 -35.22 -35.34 -35.47 -35.56 -35.62 -35.66 -35.66 -35.62 -35.56 -35.50 -35.41 -35.28 -35.19
-42.12 -41.72 -41.31 -40.88 -40.44 -40.03 -39.59 -39.19 -38.91 -38.69 -38.53 -38.38 -38.19 -38.03 -37.88 -37.75 -37.66 -37.59 -37.56 -37.53 -37.53 -37.53 -37.56 -37.56 -37.59 -37.62 -37.62 -37.62 -37.66 -37.69 -37.72 -37.72 -37.72 -37.66 -37.53 -37.41 -37.19 -36.88 -36.50 -36.25 -36.16 -36.25 -36.31 -36.19 -35.94 -35.69 -35.50 -35.28 -35.03 -34.75 -34.38 -34.06 -34.03 -34.31 -34.59 -34.84 -35.09 -35.31 -35.47 -35.59 -35.69 -35.78 -35.81 -35.84 -35.81 -35.75 -35.69 -35.59 -35.47 -35.34 -35.22
-42.31 -41.88 -41.44 -41.00 -40.56 -40.12 -39.72 -39.34 -39.06 -38.84 -38.69 -38.50 -38.31 -38.16 -38.00 -37.84 -37.72 -37.66 -37.62 -37.59 -37.59 -37.62 -37.62 -37.66 -37.69 -37.69 -37.72 -37.72 -37.72 -37.75 -37.78 -37.78 -37.78 -37.75 -37.66 -37.53 -37.38 -37.16 -37.03 -37.00 -37.03 -37.00 -36.88 -36.69 -36.44 -36.22 -36.00 -35.75 -35.50 -35.28 -35.03 -34.69 -34.44 -34.50 -34.78 -35.06 -35.28 -35.50 -35.66 -35.81 -35.91 -35.97 -36.00 -35.97 -35.94 -35.84 -35.75 -35.66 -35.53 -35.38 -35.25
-42.41 -41.97 -41.53 -41.09 -40.66 -40.22 -39.84 -39.50 -39.25 -39.03 -38.84 -38.66 -38.47 -38.28 -38.12 -37.97 -37.84 -37.78 -37.72 -37.72 -37.69 -37.72 -37.75 -37.78 -37.81 -37.81 -37.81 -37.81 -37.81 -37.81 -37.84 -37.88 -37.91 -37.88 -37.84 -37.78 -37.72 -37.69 -37.69 -37.62 -37.53 -37.44 -37.28 -37.12 -36.91 -36.69 -36.47 -36.22 -35.97 -35.78 -35.56 -35.31 -35.00 -34.88 -35.03 -35.25 -35.47 -35.69 -35.84 -36.00 -36.09 -36.12 -36.16 -36.12 -36.03 -35.94 -35.81 -35.69 -35.56 -35.41 -35.25
-42.44 -42.00 -41.56 -41.12 -40.72 -40.31 -39.97 -39.66 -39.41 -39.19 -39.00 -38.81 -38.62 -38.44 -38.25 -38.09 -38.00 -37.91 -37.88 -37.84 -37.84 -37.84 -37.88 -37.91 -37.97 -37.97 -37.97 -37.94 -37.91 -37.88 -37.94 -38.00 -38.03 -38.06 -38.09 -38.09 -38.09 -38.09 -38.09 -38.03 -37.94 -37.84 -37.72 -37.56 -37.34 -37.12 -36.91 -36.66 -36.44 -36.22 -36.03 -35.81 -35.59 -35.41 -35.41 -35.50 -35.69 -35.88 -36.03 -36.16 -36.25 -36.28 -36.28 -36.25 -36.16 -36.03 -35.88 -35.75 -35.59 -35.44 -35.28
-42.38 -41.97 -41.56 -41.16 -40.75 -40.41 -40.06 -39.78 -39.56 -39.34 -39.12 -38.94 -38.75 -38.56 -38.41 -38.25 -38.16 -38.06 -38.00 -37.97 -37.97 -38.00 -38.03 -38.06 -38.12 -38.12 -38.09 -38.06 -38.00 -38.00 -38.03 -38.12 -38.22 -38.31 -38.38 -38.41 -38.44 -38.44 -38.44 -38.41 -38.31 -38.22 -38.09 -37.94 -37.75 -37.53 -37.31 -37.06 -36.84 -36.59 -36.41 -36.22 -36.06 -35.94 -35.88 -35.88 -35.94 -36.09 -36.22 -36.34 -36.41 -36.44 -36.44 -36.34 -36.25 -36.09 -35.94 -35.78 -35.62 -35.47 -35.28
-42.19 -41.84 -41.50 -41.16 -40.78 -40.47 -40.16 -39.91 -39.66 -39.44 -39.25 -39.06 -38.88 -38.69 -38.53 -38.38 -38.28 -38.19 -38.12 -38.09 -38.09 -38.12 -38.19 -38.22 -38.28 -38.28 -38.25 -38.19 -38.16 -38.12 -38.16 -38.31 -38.44 -38.56 -38.66 -38.72 -38.78 -38.78 -38.78 -38.72 -38.66 -38.56 -38.41 -38.25 -38.06 -37.88 -37.66 -37.44 -37.19 -36.97 -36.75 -36.56 -36.44 -36.34 -36.28 -36.25 -36.25 -36.31 -36.44 -36.53 -36.59 -36.59 -36.56 -36.44 -36.31 -36.16 -36.00 -35.84 -35.66 -35.50 -35.34
-41.88 -41.62 -41.34 -41.06 -40.78 -40.50 -40.22 -39.97 -39.75 -39.53 -39.34 -39.16 -38.97 -38.78 -38.62 -38.50 -38.38 -38.31 -38.22 -38.22 -38.22 -38.28 -38.31 -38.38 -38.44 -38.44 -38.41 -38.34 -38.31 -38.31 -38.41 -38.53 -38.69 -38.81 -38.94 -39.03 -39.09 -39.09 -39.06 -39.00 -38.94 -38.81 -38.66 -38.50 -38.31 -38.12 -37.94 -37.72 -37.50 -37.28 -37.06 -36.91 -36.75 -36.66 -36.59 -36.56 -36.56 -36.59 -36.66 -36.72 -36.75 -36.72 -36.66 -36.53 -36.41 -36.25 -36.06 -35.91 -35.75 -35.59 -35.41
-41.50 -41.31 -41.09 -40.88 -40.66 -40.44 -40.19 -39.97 -39.75 -39.56 -39.38 -39.22 -39.03 -38.88 -38.72 -38.56 -38.47 -38.38 -38.31 -38.31 -38.34 -38.41 -38.47 -38.53 -38.59 -38.56 -38.56 -38.53 -38.53 -38.59 -38.69 -38.81 -38.94 -39.09 -39.22 -39.31 -39.34 -39.34 -39.28 -39.22 -39.12 -39.00 -38.84 -38.69 -38.50 -38.31 -38.12 -37.91 -37.72 -37.53 -37.34 -37.19 -37.06 -36.97 -36.91 -36.84 -36.84 -36.84 -36.88 -36.91 -36.91 -36.84 -36.75 -36.59 -36.44 -36.31 -36.16 -36.00 -35.81 -35.66 -35.50
-41.06 -40.94 -40.78 -40.59 -40.41 -40.25 -40.09 -39.91 -39.75 -39.56 -39.41 -39.22 -39.06 -38.91 -38.75 -38.59 -38.50 -38.41 -38.34 -38.38 -38.44 -38.53 -38.62 -38.69 -38.72 -38.72 -38.69 -38.72 -38.78 -38.88 -38.97 -39.09 -39.22 -39.34 -39.44 -39.53 -39.53 -39.50 -39.44 -39.34 -39.22 -39.09 -38.94 -38.78 -38.62 -38.44 -38.25 -38.06 -37.88 -37.72 -37.56 -37.44 -37.31 -37.25 -37.19 -37.12 -37.09 -37.06 -37.06 -37.06 -37.03 -36.94 -36.81 -36.66 -36.50 -36.34 -36.19 -36.06 -35.91 -35.75 -35.59
