everonasctiles/Tile31,23.asc
ncols 128
nrows 128
xllcorner 0
yllcorner 0
cellsize 2.0
NODATA_value  -9999
[rows 64 to 95 of 128, columns 0 to 72 of 128]
-10.66 -10.62 -10.59 -10.56 -10.56 -10.56 -10.56 -10.53 -10.53 -10.53 -10.50 -10.50 -10.50 -10.50 -10.50 -10.47 -10.47 -10.47 -10.50 -10.53 -10.56 -10.59 -10.62 -10.66 -10.69 -10.72 -10.72 -10.78 -10.81 -10.88 -10.91 -10.97 -11.00 -11.06 -11.12 -11.16 -11.19 -11.22 -11.25 -11.34 -11.41 -11.44 -11.47 -11.50 -11.53 -11.56 -11.59 -11.66 -11.72 -11.75 -11.78 -11.78 -11.81 -11.81 -11.81 -11.88 -11.84 -11.88 -12.00 -12.00 -11.97 -12.00 -12.00 -12.06 -12.06 -12.06 -12.06 -12.06 -12.03 -12.03 -12.03 -12.06 -12.03
-10.59 -10.53 -10.50 -10.50 -10.47 -10.47 -10.47 -10.44 -10.44 -10.44 -10.44 -10.41 -10.41 -10.41 -10.41 -10.41 -10.38 -10.38 -10.41 -10.44 -10.47 -10.50 -10.50 -10.53 -10.56 -10.59 -10.59 -10.66 -10.72 -10.75 -10.78 -10.84 -10.88 -10.91 -10.97 -11.00 -11.03 -11.09 -11.12 -11.16 -11.19 -11.25 -11.28 -11.31 -11.31 -11.38 -11.41 -11.44 -11.47 -11.53 -11.53 -11.56 -11.56 -11.59 -11.62 -11.62 -11.62 -11.66 -11.75 -11.78 -11.75 -11.75 -11.75 -11.78 -11.78 -11.78 -11.78 -11.78 -11.78 -11.78 -11.84 -11.88 -11.81
-10.53 -10.47 -10.44 -10.41 -10.41 -10.38 -10.34 -10.34 -10.34 -10.34 -10.34 -10.31 -10.31 -10.31 -10.31 -10.31 -10.31 -10.31 -10.31 -10.34 -10.38 -10.38 -10.41 -10.44 -10.47 -10.50 -10.50 -10.53 -10.59 -10.62 -10.66 -10.69 -10.72 -10.78 -10.84 -10.88 -10.91 -10.94 -10.97 -11.00 -11.00 -11.06 -11.12 -11.12 -11.16 -11.19 -11.19 -11.22 -11.22 -11.28 -11.31 -11.31 -11.28 -11.34 -11.41 -11.38 -11.41 -11.44 -11.50 -11.53 -11.56 -11.56 -11.50 -11.50 -11.50 -11.53 -11.50 -11.53 -11.53 -11.56 -11.62 -11.62 -11.66
-10.47 -10.41 -10.38 -10.34 -10.31 -10.31 -10.28 -10.28 -10.25 -10.25 -10.25 -10.22 -10.25 -10.25 -10.25 -10.25 -10.22 -10.22 -10.22 -10.25 -10.28 -10.31 -10.31 -10.34 -10.38 -10.41 -10.44 -10.44 -10.47 -10.53 -10.53 -10.56 -10.59 -10.62 -10.69 -10.72 -10.75 -10.81 -10.81 -10.84 -10.91 -10.91 -10.94 -10.97 -10.97 -11.00 -11.00 -11.03 -11.06 -11.09 -11.12 -11.12 -11.12 -11.16 -11.19 -11.16 -11.22 -11.28 -11.25 -11.28 -11.28 -11.31 -11.31 -11.31 -11.28 -11.25 -11.25 -11.25 -11.28 -11.31 -11.34 -11.38 -11.41
-10.41 -10.34 -10.31 -10.28 -10.25 -10.22 -10.22 -10.19 -10.19 -10.19 -10.19 -10.16 -10.16 -10.16 -10.16 -10.16 -10.16 -10.12 -10.12 -10.19 -10.22 -10.22 -10.25 -10.25 -10.25 -10.28 -10.31 -10.34 -10.34 -10.38 -10.44 -10.47 -10.50 -10.53 -10.56 -10.59 -10.62 -10.66 -10.69 -10.72 -10.75 -10.75 -10.78 -10.78 -10.78 -10.78 -10.84 -10.88 -10.91 -10.94 -10.94 -10.97 -10.97 -10.97 -10.94 -10.94 -10.94 -11.00 -11.03 -11.03 -11.03 -11.09 -11.06 -11.03 -11.03 -11.00 -11.00 -11.03 -11.06 -11.06 -11.09 -11.12 -11.12
-10.34 -10.28 -10.25 -10.22 -10.19 -10.16 -10.16 -10.12 -10.12 -10.12 -10.12 -10.09 -10.09 -10.09 -10.09 -10.09 -10.09 -10.06 -10.09 -10.09 -10.12 -10.12 -10.12 -10.16 -10.16 -10.19 -10.22 -10.22 -10.25 -10.28 -10.28 -10.31 -10.38 -10.41 -10.41 -10.44 -10.47 -10.50 -10.53 -10.56 -10.56 -10.59 -10.59 -10.59 -10.59 -10.62 -10.69 -10.72 -10.75 -10.78 -10.78 -10.81 -10.81 -10.75 -10.69 -10.69 -10.69 -10.72 -10.78 -10.84 -10.84 -10.84 -10.81 -10.78 -10.78 -10.75 -10.78 -10.81 -10.78 -10.81 -10.81 -10.84 -10.88
-10.28 -10.25 -10.19 -10.16 -10.16 -10.12 -10.09 -10.09 -10.06 -10.06 -10.06 -10.06 -10.06 -10.03 -10.03 -10.03 -10.00 -10.00 -10.03 -10.03 -10.03 -10.06 -10.06 -10.06 -10.09 -10.09 -10.09 -10.16 -10.19 -10.19 -10.19 -10.19 -10.22 -10.25 -10.28 -10.28 -10.31 -10.38 -10.38 -10.41 -10.41 -10.44 -10.47 -10.47 -10.47 -10.47 -10.50 -10.53 -10.56 -10.56 -10.56 -10.56 -10.59 -10.56 -10.53 -10.53 -10.56 -10.56 -10.56 -10.62 -10.59 -10.59 -10.56 -10.56 -10.56 -10.56 -10.56 -10.56 -10.53 -10.53 -10.53 -10.59 -10.59
-10.22 -10.19 -10.16 -10.12 -10.09 -10.06 -10.06 -10.03 -10.03 -10.00 -10.00 -10.00 -10.00 -9.97 -9.97 -9.97 -9.94 -9.94 -9.94 -9.97 -9.97 -9.97 -10.00 -10.00 -10.00 -10.03 -10.03 -10.06 -10.06 -10.06 -10.09 -10.09 -10.09 -10.12 -10.12 -10.12 -10.16 -10.22 -10.22 -10.25 -10.25 -10.28 -10.28 -10.31 -10.31 -10.34 -10.38 -10.38 -10.38 -10.38 -10.38 -10.38 -10.38 -10.38 -10.38 -10.38 -10.38 -10.38 -10.41 -10.44 -10.44 -10.44 -10.41 -10.38 -10.38 -10.38 -10.34 -10.34 -10.31 -10.31 -10.31 -10.28 -10.25
-10.19 -10.16 -10.12 -10.09 -10.06 -10.03 -10.00 -10.00 -9.97 -9.97 -9.94 -9.94 -9.94 -9.91 -9.91 -9.91 -9.88 -9.88 -9.88 -9.88 -9.91 -9.91 -9.91 -9.91 -9.91 -9.94 -9.94 -9.94 -9.97 -9.97 -10.00 -10.00 -10.00 -10.00 -10.00 -10.00 -10.03 -10.06 -10.06 -10.09 -10.12 -10.12 -10.12 -10.12 -10.16 -10.19 -10.22 -10.22 -10.22 -10.22 -10.22 -10.25 -10.22 -10.22 -10.19 -10.19 -10.19 -10.16 -10.22 -10.25 -10.22 -10.25 -10.19 -10.19 -10.16 -10.12 -10.12 -10.12 -10.09 -10.06 -10.03 -10.03 -10.03
-10.16 -10.12 -10.09 -10.06 -10.03 -10.00 -9.97 -9.94 -9.94 -9.91 -9.91 -9.88 -9.88 -9.84 -9.84 -9.81 -9.81 -9.81 -9.81 -9.81 -9.81 -9.81 -9.81 -9.81 -9.81 -9.81 -9.84 -9.84 -9.84 -9.88 -9.88 -9.88 -9.91 -9.91 -9.91 -9.91 -9.91 -9.94 -9.94 -9.97 -9.97 -9.97 -10.00 -10.03 -10.03 -10.06 -10.06 -10.06 -10.09 -10.09 -10.09 -10.06 -10.03 -10.03 -10.06 -10.03 -10.00 -9.97 -10.00 -10.03 -10.03 -10.03 -9.97 -9.97 -9.94 -9.94 -9.91 -9.88 -9.84 -9.84 -9.81 -9.81 -9.81
-10.12 -10.09 -10.06 -10.03 -10.00 -9.97 -9.94 -9.91 -9.88 -9.88 -9.84 -9.84 -9.81 -9.81 -9.78 -9.78 -9.75 -9.75 -9.75 -9.72 -9.72 -9.72 -9.72 -9.72 -9.72 -9.72 -9.75 -9.75 -9.75 -9.75 -9.75 -9.78 -9.78 -9.78 -9.78 -9.78 -9.81 -9.84 -9.84 -9.84 -9.84 -9.84 -9.88 -9.88 -9.88 -9.88 -9.91 -9.91 -9.94 -9.94 -9.94 -9.91 -9.91 -9.88 -9.88 -9.84 -9.78 -9.81 -9.78 -9.84 -9.84 -9.81 -9.75 -9.75 -9.75 -9.72 -9.69 -9.66 -9.66 -9.62 -9.62 -9.59 -9.56
-10.09 -10.06 -10.03 -10.00 -9.97 -9.94 -9.91 -9.88 -9.84 -9.84 -9.81 -9.78 -9.78 -9.75 -9.72 -9.72 -9.69 -9.69 -9.66 -9.66 -9.66 -9.66 -9.66 -9.62 -9.62 -9.66 -9.66 -9.66 -9.66 -9.66 -9.66 -9.66 -9.66 -9.66 -9.66 -9.66 -9.69 -9.72 -9.72 -9.72 -9.72 -9.72 -9.72 -9.72 -9.75 -9.75 -9.75 -9.75 -9.75 -9.78 -9.78 -9.78 -9.75 -9.72 -9.72 -9.69 -9.62 -9.62 -9.62 -9.66 -9.66 -9.62 -9.59 -9.59 -9.56 -9.53 -9.50 -9.47 -9.44 -9.41 -9.41 -9.41 -9.31
-10.09 -10.06 -10.03 -10.00 -9.97 -9.94 -9.91 -9.88 -9.81 -9.81 -9.78 -9.75 -9.72 -9.69 -9.66 -9.66 -9.62 -9.62 -9.59 -9.59 -9.59 -9.59 -9.56 -9.56 -9.53 -9.53 -9.53 -9.53 -9.56 -9.56 -9.56 -9.53 -9.53 -9.53 -9.53 -9.56 -9.56 -9.56 -9.56 -9.59 -9.59 -9.59 -9.59 -9.59 -9.62 -9.62 -9.62 -9.59 -9.59 -9.62 -9.62 -9.62 -9.59 -9.56 -9.53 -9.53 -9.47 -9.44 -9.47 -9.50 -9.50 -9.47 -9.41 -9.38 -9.38 -9.34 -9.28 -9.25 -9.22 -9.19 -9.16 -9.16 -9.09
-10.12 -10.09 -10.03 -10.00 -9.97 -9.94 -9.88 -9.84 -9.81 -9.75 -9.72 -9.69 -9.66 -9.66 -9.62 -9.59 -9.56 -9.56 -9.53 -9.53 -9.50 -9.50 -9.47 -9.47 -9.47 -9.44 -9.44 -9.44 -9.44 -9.44 -9.44 -9.44 -9.44 -9.44 -9.44 -9.44 -9.44 -9.44 -9.47 -9.47 -9.47 -9.47 -9.47 -9.50 -9.50 -9.47 -9.50 -9.50 -9.47 -9.47 -9.47 -9.44 -9.41 -9.38 -9.38 -9.34 -9.34 -9.31 -9.31 -9.34 -9.31 -9.31 -9.25 -9.19 -9.16 -9.16 -9.12 -9.06 -9.03 -9.00 -8.97 -8.94 -8.91
-10.16 -10.09 -10.06 -10.03 -9.97 -9.91 -9.88 -9.81 -9.78 -9.72 -9.69 -9.66 -9.62 -9.59 -9.56 -9.53 -9.50 -9.47 -9.47 -9.44 -9.44 -9.41 -9.41 -9.38 -9.38 -9.34 -9.34 -9.34 -9.34 -9.34 -9.31 -9.31 -9.31 -9.31 -9.31 -9.31 -9.31 -9.31 -9.34 -9.34 -9.34 -9.34 -9.34 -9.34 -9.34 -9.34 -9.34 -9.34 -9.34 -9.34 -9.31 -9.28 -9.25 -9.22 -9.22 -9.19 -9.19 -9.19 -9.19 -9.19 -9.16 -9.12 -9.09 -9.06 -9.03 -8.97 -8.94 -8.91 -8.88 -8.84 -8.81 -8.75 -8.69
-10.19 -10.12 -10.09 -10.03 -9.97 -9.91 -9.88 -9.81 -9.75 -9.72 -9.66 -9.62 -9.56 -9.53 -9.50 -9.47 -9.44 -9.41 -9.38 -9.38 -9.34 -9.34 -9.31 -9.28 -9.28 -9.25 -9.25 -9.25 -9.22 -9.22 -9.22 -9.22 -9.19 -9.19 -9.19 -9.19 -9.19 -9.19 -9.22 -9.22 -9.22 -9.22 -9.22 -9.22 -9.22 -9.22 -9.22 -9.22 -9.22 -9.22 -9.19 -9.16 -9.16 -9.09 -9.06 -9.03 -9.03 -9.03 -9.03 -9.03 -9.00 -9.00 -8.94 -8.91 -8.88 -8.84 -8.78 -8.75 -8.72 -8.66 -8.59 -8.53 -8.47
-10.25 -10.19 -10.12 -10.06 -10.00 -9.91 -9.84 -9.78 -9.72 -9.69 -9.62 -9.56 -9.53 -9.47 -9.44 -9.41 -9.38 -9.34 -9.31 -9.28 -9.28 -9.25 -9.22 -9.19 -9.19 -9.16 -9.16 -9.12 -9.12 -9.09 -9.09 -9.09 -9.06 -9.06 -9.06 -9.06 -9.06 -9.06 -9.09 -9.09 -9.09 -9.09 -9.09 -9.09 -9.09 -9.09 -9.09 -9.09 -9.09 -9.06 -9.06 -9.03 -9.03 -9.00 -8.97 -8.94 -8.91 -8.91 -8.88 -8.88 -8.88 -8.84 -8.78 -8.75 -8.72 -8.66 -8.62 -8.56 -8.50 -8.44 -8.41 -8.38 -8.38
-10.28 -10.22 -10.16 -10.06 -10.00 -9.91 -9.84 -9.78 -9.69 -9.62 -9.56 -9.53 -9.47 -9.41 -9.38 -9.34 -9.28 -9.25 -9.25 -9.22 -9.19 -9.16 -9.12 -9.09 -9.09 -9.06 -9.03 -9.03 -9.00 -9.00 -9.00 -8.97 -8.97 -8.94 -8.94 -8.94 -8.94 -8.94 -8.94 -8.97 -8.97 -8.97 -8.97 -8.97 -8.97 -8.97 -8.97 -8.97 -8.97 -8.94 -8.94 -8.91 -8.88 -8.88 -8.88 -8.81 -8.78 -8.78 -8.72 -8.72 -8.69 -8.69 -8.62 -8.59 -8.56 -8.50 -8.47 -8.41 -8.34 -8.28 -8.25 -8.25 -8.22
-10.34 -10.25 -10.19 -10.09 -10.00 -9.91 -9.81 -9.75 -9.66 -9.59 -9.53 -9.47 -9.41 -9.34 -9.31 -9.25 -9.22 -9.19 -9.16 -9.12 -9.09 -9.06 -9.03 -9.00 -8.97 -8.97 -8.94 -8.91 -8.91 -8.88 -8.88 -8.84 -8.84 -8.84 -8.81 -8.81 -8.81 -8.81 -8.81 -8.81 -8.84 -8.84 -8.84 -8.84 -8.84 -8.84 -8.84 -8.84 -8.84 -8.81 -8.81 -8.78 -8.78 -8.75 -8.75 -8.69 -8.66 -8.62 -8.59 -8.56 -8.53 -8.50 -8.44 -8.44 -8.41 -8.38 -8.31 -8.25 -8.19 -8.16 -8.09 -8.09 -8.06
-10.41 -10.31 -10.19 -10.09 -10.00 -9.91 -9.81 -9.72 -9.62 -9.56 -9.47 -9.41 -9.34 -9.28 -9.25 -9.19 -9.16 -9.09 -9.06 -9.03 -9.00 -8.97 -8.94 -8.91 -8.88 -8.84 -8.81 -8.81 -8.78 -8.75 -8.75 -8.72 -8.72 -8.72 -8.69 -8.69 -8.69 -8.69 -8.69 -8.69 -8.72 -8.72 -8.72 -8.72 -8.72 -8.72 -8.72 -8.72 -8.72 -8.69 -8.69 -8.69 -8.66 -8.62 -8.59 -8.59 -8.53 -8.50 -8.47 -8.44 -8.44 -8.41 -8.31 -8.31 -8.28 -8.22 -8.16 -8.09 -8.03 -8.00 -7.97 -7.97 -7.91
-10.47 -10.34 -10.22 -10.09 -9.97 -9.88 -9.78 -9.66 -9.59 -9.50 -9.41 -9.34 -9.28 -9.22 -9.16 -9.12 -9.06 -9.03 -8.97 -8.94 -8.91 -8.88 -8.84 -8.81 -8.78 -8.75 -8.72 -8.69 -8.66 -8.66 -8.62 -8.59 -8.59 -8.59 -8.56 -8.56 -8.56 -8.56 -8.56 -8.56 -8.56 -8.59 -8.59 -8.59 -8.59 -8.59 -8.59 -8.59 -8.59 -8.59 -8.56 -8.56 -8.53 -8.50 -8.47 -8.47 -8.41 -8.41 -8.38 -8.31 -8.28 -8.25 -8.22 -8.19 -8.12 -8.09 -8.03 -7.94 -7.91 -7.84 -7.84 -7.84 -7.78
-10.50 -10.38 -10.22 -10.09 -9.97 -9.84 -9.72 -9.62 -9.53 -9.44 -9.34 -9.28 -9.22 -9.16 -9.09 -9.03 -8.97 -8.94 -8.88 -8.84 -8.81 -8.75 -8.72 -8.69 -8.66 -8.62 -8.59 -8.56 -8.53 -8.53 -8.50 -8.47 -8.47 -8.44 -8.44 -8.44 -8.44 -8.44 -8.44 -8.44 -8.44 -8.44 -8.44 -8.47 -8.47 -8.47 -8.47 -8.47 -8.47 -8.47 -8.47 -8.44 -8.44 -8.41 -8.38 -8.34 -8.31 -8.28 -8.28 -8.22 -8.16 -8.12 -8.06 -8.03 -8.00 -7.97 -7.91 -7.81 -7.78 -7.72 -7.69 -7.69 -7.66
-10.53 -10.38 -10.22 -10.06 -9.94 -9.78 -9.69 -9.56 -9.47 -9.38 -9.28 -9.22 -9.12 -9.06 -9.00 -8.94 -8.88 -8.84 -8.78 -8.75 -8.69 -8.66 -8.62 -8.56 -8.53 -8.50 -8.47 -8.44 -8.41 -8.38 -8.38 -8.34 -8.34 -8.31 -8.31 -8.31 -8.31 -8.31 -8.31 -8.31 -8.31 -8.31 -8.34 -8.34 -8.34 -8.34 -8.34 -8.34 -8.34 -8.34 -8.34 -8.34 -8.31 -8.28 -8.25 -8.22 -8.19 -8.16 -8.16 -8.09 -8.06 -8.03 -7.97 -7.91 -7.84 -7.81 -7.78 -7.72 -7.66 -7.59 -7.56 -7.53 -7.50
-10.56 -10.38 -10.22 -10.03 -9.88 -9.75 -9.59 -9.50 -9.38 -9.28 -9.19 -9.12 -9.03 -8.97 -8.91 -8.84 -8.78 -8.75 -8.69 -8.62 -8.59 -8.53 -8.50 -8.47 -8.41 -8.38 -8.34 -8.31 -8.28 -8.25 -8.22 -8.22 -8.19 -8.19 -8.19 -8.16 -8.16 -8.16 -8.16 -8.19 -8.19 -8.19 -8.19 -8.22 -8.22 -8.22 -8.22 -8.22 -8.25 -8.25 -8.22 -8.22 -8.22 -8.19 -8.16 -8.12 -8.09 -8.06 -8.03 -8.00 -7.97 -7.94 -7.84 -7.81 -7.75 -7.69 -7.66 -7.59 -7.53 -7.47 -7.41 -7.38 -7.34
-10.59 -10.38 -10.19 -10.00 -9.81 -9.66 -9.53 -9.41 -9.28 -9.19 -9.09 -9.03 -8.94 -8.88 -8.81 -8.75 -8.69 -8.62 -8.59 -8.53 -8.47 -8.44 -8.38 -8.34 -8.28 -8.25 -8.22 -8.19 -8.16 -8.12 -8.09 -8.06 -8.06 -8.03 -8.03 -8.03 -8.03 -8.03 -8.03 -8.03 -8.06 -8.06 -8.06 -8.09 -8.09 -8.09 -8.12 -8.12 -8.12 -8.12 -8.12 -8.12 -8.09 -8.09 -8.06 -8.03 -8.00 -7.97 -7.94 -7.91 -7.88 -7.81 -7.75 -7.69 -7.66 -7.59 -7.53 -7.47 -7.41 -7.34 -7.28 -7.25 -7.22
-10.59 -10.34 -10.12 -9.91 -9.75 -9.56 -9.44 -9.31 -9.19 -9.09 -9.00 -8.91 -8.84 -8.78 -8.72 -8.66 -8.59 -8.53 -8.47 -8.41 -8.38 -8.31 -8.25 -8.22 -8.16 -8.12 -8.06 -8.03 -8.00 -7.97 -7.94 -7.94 -7.91 -7.91 -7.88 -7.88 -7.88 -7.88 -7.91 -7.91 -7.91 -7.94 -7.94 -7.97 -7.97 -8.00 -8.00 -8.00 -8.03 -8.03 -8.03 -8.00 -8.00 -7.97 -7.97 -7.94 -7.91 -7.91 -7.84 -7.81 -7.78 -7.72 -7.62 -7.59 -7.53 -7.50 -7.44 -7.38 -7.28 -7.22 -7.19 -7.16 -7.09
-10.56 -10.31 -10.06 -9.81 -9.62 -9.47 -9.31 -9.19 -9.06 -8.97 -8.88 -8.81 -8.72 -8.66 -8.59 -8.53 -8.47 -8.41 -8.34 -8.28 -8.25 -8.19 -8.12 -8.06 -8.03 -7.97 -7.94 -7.91 -7.84 -7.81 -7.78 -7.78 -7.75 -7.75 -7.72 -7.72 -7.75 -7.75 -7.75 -7.78 -7.78 -7.81 -7.81 -7.84 -7.84 -7.88 -7.88 -7.91 -7.91 -7.91 -7.91 -7.91 -7.91 -7.88 -7.88 -7.84 -7.84 -7.78 -7.75 -7.72 -7.66 -7.62 -7.56 -7.50 -7.44 -7.38 -7.31 -7.25 -7.19 -7.12 -7.09 -7.06 -7.03
-10.53 -10.22 -9.94 -9.69 -9.50 -9.31 -9.19 -9.06 -8.94 -8.84 -8.75 -8.69 -8.59 -8.53 -8.47 -8.41 -8.34 -8.28 -8.22 -8.16 -8.09 -8.06 -8.00 -7.94 -7.88 -7.84 -7.78 -7.75 -7.69 -7.66 -7.62 -7.62 -7.59 -7.59 -7.56 -7.56 -7.59 -7.59 -7.59 -7.62 -7.66 -7.66 -7.69 -7.72 -7.75 -7.75 -7.78 -7.78 -7.81 -7.81 -7.81 -7.81 -7.81 -7.78 -7.78 -7.75 -7.72 -7.69 -7.66 -7.59 -7.56 -7.53 -7.44 -7.38 -7.31 -7.25 -7.22 -7.12 -7.06 -7.03 -6.97 -6.94 -6.91
-10.41 -10.06 -9.78 -9.53 -9.31 -9.16 -9.00 -8.91 -8.78 -8.69 -8.59 -8.53 -8.47 -8.38 -8.31 -8.25 -8.19 -8.16 -8.09 -8.03 -7.97 -7.91 -7.84 -7.78 -7.75 -7.69 -7.62 -7.59 -7.53 -7.50 -7.47 -7.44 -7.44 -7.41 -7.41 -7.41 -7.44 -7.44 -7.47 -7.47 -7.50 -7.53 -7.56 -7.59 -7.62 -7.62 -7.66 -7.69 -7.69 -7.72 -7.72 -7.72 -7.72 -7.69 -7.69 -7.66 -7.62 -7.59 -7.53 -7.50 -7.47 -7.41 -7.31 -7.25 -7.19 -7.12 -7.06 -7.00 -6.94 -6.91 -6.88 -6.81 -6.75
-10.31 -9.91 -9.59 -9.34 -9.12 -8.97 -8.81 -8.72 -8.62 -8.53 -8.44 -8.38 -8.28 -8.22 -8.16 -8.12 -8.06 -8.00 -7.94 -7.88 -7.81 -7.78 -7.72 -7.66 -7.59 -7.53 -7.47 -7.41 -7.38 -7.34 -7.31 -7.28 -7.25 -7.25 -7.25 -7.25 -7.28 -7.28 -7.31 -7.34 -7.38 -7.41 -7.44 -7.47 -7.50 -7.53 -7.56 -7.56 -7.59 -7.59 -7.59 -7.62 -7.62 -7.59 -7.59 -7.59 -7.56 -7.53 -7.47 -7.41 -7.38 -7.31 -7.22 -7.16 -7.09 -7.03 -6.97 -6.91 -6.84 -6.81 -6.78 -6.69 -6.62
-10.12 -9.72 -9.41 -9.09 -8.88 -8.72 -8.59 -8.50 -8.41 -8.34 -8.25 -8.19 -8.12 -8.06 -8.00 -7.94 -7.91 -7.84 -7.78 -7.75 -7.69 -7.62 -7.56 -7.50 -7.44 -7.38 -7.31 -7.25 -7.19 -7.16 -7.12 -7.09 -7.09 -7.06 -7.06 -7.09 -7.09 -7.12 -7.16 -7.19 -7.22 -7.25 -7.28 -7.34 -7.38 -7.41 -7.44 -7.47 -7.50 -7.50 -7.50 -7.50 -7.50 -7.53 -7.50 -7.50 -7.47 -7.44 -7.38 -7.31 -7.28 -7.25 -7.16 -7.09 -7.03 -6.94 -6.88 -6.81 -6.75 -6.69 -6.66 -6.59 -6.53
-9.94 -9.53 -9.16 -8.88 -8.66 -8.47 -8.34 -8.28 -8.19 -8.12 -8.06 -7.97 -7.91 -7.88 -7.81 -7.78 -7.72 -7.69 -7.62 -7.59 -7.53 -7.47 -7.41 -7.34 -7.25 -7.19 -7.12 -7.06 -7.03 -6.97 -6.94 -6.91 -6.91 -6.88 -6.91 -6.91 -6.94 -6.97 -7.00 -7.03 -7.06 -7.12 -7.16 -7.19 -7.22 -7.28 -7.31 -7.34 -7.38 -7.41 -7.41 -7.44 -7.41 -7.44 -7.41 -7.41 -7.38 -7.34 -7.28 -7.25 -7.22 -7.19 -7.06 -7.00 -6.94 -6.88 -6.78 -6.72 -6.62 -6.56 -6.50 -6.47 -6.41
