everonasctiles/Tile14,20.asc
ncols 128
nrows 128
xllcorner 0
yllcorner 0
cellsize 2.0
NODATA_value  -9999
[rows 64 to 95 of 128, columns 0 to 70 of 128]
107.41 107.38 107.34 107.34 107.31 107.31 107.34 107.41 107.50 107.56 107.66 107.75 107.81 107.84 107.81 107.88 107.91 107.94 108.06 108.16 108.31 108.53 108.75 109.06 109.31 109.59 109.91 110.19 110.47 110.72 110.97 111.19 111.41 111.62 111.84 112.09 112.34 112.59 112.88 113.16 113.44 113.72 114.00 114.28 114.56 114.84 115.09 115.34 115.56 115.78 116.00 116.19 116.34 116.50 116.66 116.78 116.91 117.03 117.16 117.25 117.38 117.50 117.62 117.75 117.88 118.03 118.19 118.31 118.50 118.66 118.81
107.47 107.44 107.41 107.41 107.38 107.38 107.44 107.50 107.56 107.66 107.81 107.91 107.94 107.97 107.94 107.94 108.00 108.06 108.16 108.28 108.47 108.66 108.88 109.12 109.41 109.69 110.00 110.28 110.56 110.81 111.03 111.28 111.50 111.72 111.94 112.19 112.41 112.69 112.94 113.22 113.47 113.75 114.03 114.31 114.56 114.84 115.09 115.34 115.56 115.78 116.00 116.19 116.34 116.53 116.66 116.81 116.94 117.06 117.19 117.31 117.44 117.56 117.69 117.84 117.97 118.12 118.28 118.44 118.59 118.75 118.94
107.53 107.47 107.47 107.47 107.44 107.47 107.50 107.59 107.69 107.78 107.91 108.03 108.06 108.06 108.03 108.06 108.09 108.16 108.25 108.41 108.56 108.78 108.97 109.25 109.53 109.81 110.09 110.38 110.66 110.91 111.12 111.38 111.59 111.81 112.03 112.25 112.50 112.75 113.00 113.28 113.53 113.81 114.06 114.34 114.59 114.84 115.09 115.34 115.56 115.78 115.97 116.19 116.34 116.53 116.69 116.84 116.97 117.09 117.25 117.38 117.50 117.66 117.78 117.91 118.06 118.22 118.38 118.53 118.69 118.88 119.03
107.59 107.56 107.53 107.50 107.50 107.56 107.59 107.69 107.81 107.94 108.06 108.12 108.16 108.19 108.19 108.16 108.22 108.28 108.41 108.53 108.69 108.88 109.12 109.38 109.66 109.94 110.25 110.50 110.75 111.00 111.22 111.47 111.66 111.91 112.09 112.34 112.56 112.81 113.06 113.31 113.59 113.84 114.09 114.34 114.59 114.84 115.09 115.34 115.56 115.78 115.97 116.19 116.34 116.53 116.69 116.84 117.00 117.16 117.28 117.44 117.56 117.72 117.84 118.00 118.16 118.31 118.47 118.62 118.81 119.00 119.16
107.66 107.62 107.59 107.59 107.59 107.62 107.69 107.75 107.91 108.06 108.16 108.25 108.28 108.31 108.31 108.34 108.38 108.47 108.56 108.69 108.84 109.03 109.25 109.53 109.81 110.09 110.38 110.62 110.88 111.09 111.31 111.53 111.75 111.97 112.19 112.41 112.66 112.88 113.12 113.38 113.62 113.88 114.12 114.38 114.62 114.88 115.09 115.34 115.56 115.78 115.97 116.19 116.34 116.53 116.72 116.88 117.03 117.19 117.34 117.47 117.62 117.78 117.94 118.09 118.25 118.41 118.56 118.75 118.94 119.12 119.31
107.78 107.72 107.69 107.62 107.62 107.69 107.72 107.81 107.97 108.12 108.22 108.34 108.38 108.41 108.44 108.50 108.53 108.62 108.69 108.84 108.97 109.19 109.41 109.69 109.97 110.25 110.53 110.75 111.00 111.22 111.44 111.62 111.84 112.06 112.25 112.47 112.72 112.94 113.19 113.41 113.66 113.91 114.16 114.41 114.62 114.88 115.12 115.34 115.56 115.78 115.97 116.19 116.38 116.56 116.72 116.91 117.06 117.22 117.38 117.53 117.69 117.84 118.00 118.16 118.34 118.50 118.69 118.84 119.03 119.22 119.44
107.91 107.81 107.75 107.72 107.69 107.75 107.78 107.88 108.00 108.16 108.28 108.38 108.47 108.53 108.59 108.66 108.72 108.78 108.88 109.00 109.12 109.34 109.56 109.84 110.16 110.41 110.66 110.88 111.09 111.31 111.50 111.72 111.91 112.12 112.31 112.53 112.75 113.00 113.22 113.47 113.69 113.94 114.19 114.41 114.66 114.88 115.12 115.34 115.56 115.78 115.97 116.19 116.38 116.56 116.75 116.91 117.09 117.25 117.41 117.59 117.75 117.91 118.06 118.25 118.41 118.59 118.78 118.97 119.16 119.34 119.56
108.06 107.94 107.84 107.75 107.75 107.78 107.81 107.91 108.00 108.16 108.28 108.41 108.53 108.66 108.75 108.81 108.91 108.94 109.03 109.12 109.28 109.47 109.72 110.00 110.28 110.53 110.78 111.00 111.19 111.41 111.59 111.78 111.97 112.19 112.38 112.59 112.81 113.03 113.25 113.50 113.72 113.97 114.19 114.44 114.66 114.91 115.12 115.34 115.56 115.78 116.00 116.19 116.38 116.56 116.75 116.94 117.12 117.28 117.47 117.62 117.81 117.97 118.16 118.31 118.50 118.69 118.88 119.06 119.28 119.47 119.69
108.19 108.06 107.91 107.84 107.81 107.81 107.84 107.91 108.03 108.16 108.28 108.44 108.59 108.72 108.84 108.94 109.03 109.09 109.12 109.25 109.41 109.59 109.88 110.12 110.41 110.66 110.88 111.09 111.28 111.47 111.66 111.84 112.03 112.25 112.44 112.66 112.84 113.06 113.28 113.53 113.75 113.97 114.22 114.44 114.69 114.91 115.12 115.34 115.56 115.78 116.00 116.19 116.41 116.59 116.78 116.97 117.12 117.31 117.50 117.69 117.84 118.03 118.22 118.41 118.59 118.78 118.97 119.16 119.38 119.59 119.81
108.28 108.12 107.97 107.91 107.88 107.88 107.91 107.97 108.06 108.19 108.31 108.47 108.62 108.78 108.94 109.03 109.12 109.19 109.25 109.38 109.53 109.72 109.97 110.25 110.50 110.72 110.94 111.16 111.34 111.53 111.72 111.91 112.09 112.28 112.47 112.69 112.91 113.09 113.31 113.56 113.78 114.00 114.22 114.47 114.69 114.91 115.12 115.34 115.56 115.78 116.00 116.19 116.41 116.59 116.78 116.97 117.16 117.34 117.53 117.72 117.91 118.09 118.28 118.47 118.66 118.84 119.06 119.25 119.47 119.69 119.91
108.31 108.19 108.03 107.94 107.91 107.91 107.94 108.00 108.09 108.19 108.34 108.50 108.69 108.84 108.97 109.09 109.19 109.25 109.31 109.44 109.59 109.81 110.06 110.31 110.56 110.78 111.00 111.22 111.41 111.59 111.78 111.97 112.16 112.34 112.53 112.72 112.94 113.12 113.34 113.56 113.81 114.03 114.25 114.47 114.69 114.94 115.16 115.38 115.59 115.78 116.00 116.22 116.41 116.62 116.81 117.00 117.19 117.38 117.56 117.75 117.94 118.12 118.34 118.53 118.72 118.94 119.12 119.34 119.56 119.78 120.00
108.31 108.16 108.06 108.00 107.97 107.97 108.03 108.06 108.16 108.28 108.38 108.53 108.72 108.88 109.03 109.12 109.22 109.25 109.34 109.47 109.66 109.88 110.12 110.38 110.59 110.84 111.06 111.25 111.44 111.62 111.81 112.00 112.19 112.38 112.56 112.75 112.97 113.16 113.38 113.59 113.81 114.03 114.25 114.50 114.72 114.94 115.16 115.38 115.59 115.81 116.00 116.22 116.44 116.62 116.81 117.03 117.22 117.41 117.59 117.81 118.00 118.19 118.38 118.59 118.78 119.00 119.22 119.44 119.66 119.88 120.09
108.28 108.16 108.06 108.03 108.03 108.03 108.06 108.16 108.25 108.34 108.47 108.59 108.75 108.94 109.03 109.12 109.22 109.25 109.34 109.50 109.69 109.91 110.16 110.41 110.62 110.84 111.06 111.28 111.47 111.66 111.84 112.03 112.22 112.41 112.59 112.78 113.00 113.19 113.41 113.62 113.84 114.06 114.28 114.50 114.72 114.94 115.16 115.38 115.59 115.81 116.03 116.22 116.44 116.66 116.84 117.03 117.25 117.44 117.62 117.84 118.03 118.25 118.44 118.66 118.84 119.06 119.28 119.50 119.72 119.97 120.19
108.19 108.16 108.09 108.06 108.06 108.09 108.16 108.22 108.34 108.44 108.53 108.69 108.81 108.94 109.06 109.12 109.19 109.25 109.38 109.50 109.72 109.94 110.19 110.41 110.66 110.88 111.09 111.28 111.47 111.69 111.84 112.03 112.22 112.44 112.62 112.81 113.00 113.22 113.44 113.62 113.84 114.06 114.28 114.50 114.72 114.94 115.16 115.38 115.59 115.81 116.03 116.25 116.44 116.66 116.88 117.06 117.28 117.47 117.69 117.88 118.06 118.28 118.50 118.69 118.91 119.12 119.34 119.56 119.81 120.03 120.25
108.22 108.16 108.12 108.12 108.12 108.19 108.25 108.31 108.41 108.50 108.62 108.75 108.88 108.97 109.06 109.12 109.22 109.28 109.38 109.53 109.72 109.97 110.19 110.44 110.66 110.88 111.09 111.28 111.50 111.69 111.88 112.06 112.25 112.44 112.62 112.84 113.03 113.25 113.44 113.66 113.88 114.09 114.31 114.53 114.75 114.97 115.19 115.41 115.62 115.81 116.03 116.25 116.47 116.69 116.88 117.09 117.28 117.50 117.69 117.91 118.12 118.31 118.53 118.75 118.97 119.19 119.41 119.62 119.84 120.09 120.31
108.22 108.19 108.16 108.16 108.19 108.25 108.34 108.41 108.50 108.59 108.69 108.81 108.91 109.00 109.09 109.16 109.25 109.31 109.41 109.56 109.75 109.97 110.19 110.44 110.66 110.88 111.09 111.28 111.50 111.69 111.88 112.06 112.28 112.47 112.66 112.84 113.06 113.25 113.47 113.69 113.88 114.09 114.31 114.53 114.75 114.97 115.19 115.41 115.62 115.84 116.06 116.25 116.47 116.69 116.91 117.09 117.31 117.53 117.72 117.94 118.16 118.38 118.56 118.78 119.00 119.22 119.47 119.69 119.91 120.16 120.38
108.22 108.19 108.19 108.22 108.25 108.34 108.41 108.50 108.56 108.66 108.75 108.84 108.94 109.03 109.12 109.22 109.28 109.34 109.44 109.59 109.78 110.00 110.22 110.44 110.66 110.88 111.09 111.31 111.50 111.69 111.91 112.09 112.28 112.47 112.69 112.88 113.06 113.28 113.47 113.69 113.91 114.12 114.34 114.53 114.75 114.97 115.19 115.41 115.62 115.84 116.06 116.28 116.50 116.69 116.91 117.12 117.34 117.56 117.75 117.97 118.19 118.41 118.62 118.84 119.06 119.28 119.50 119.72 119.97 120.19 120.41
108.28 108.25 108.25 108.28 108.31 108.41 108.47 108.56 108.62 108.69 108.78 108.88 109.00 109.06 109.16 109.25 109.31 109.41 109.50 109.62 109.81 110.03 110.25 110.47 110.69 110.91 111.09 111.31 111.50 111.72 111.91 112.09 112.31 112.50 112.69 112.91 113.09 113.28 113.50 113.72 113.91 114.12 114.34 114.56 114.78 115.00 115.22 115.44 115.66 115.84 116.06 116.28 116.50 116.72 116.94 117.16 117.34 117.56 117.78 118.00 118.22 118.44 118.66 118.88 119.09 119.31 119.53 119.78 120.00 120.22 120.47
108.34 108.31 108.34 108.34 108.41 108.47 108.53 108.62 108.69 108.78 108.84 108.94 109.03 109.12 109.22 109.28 109.38 109.44 109.56 109.69 109.88 110.06 110.28 110.50 110.69 110.91 111.12 111.31 111.53 111.72 111.94 112.12 112.31 112.50 112.72 112.91 113.12 113.31 113.53 113.72 113.94 114.16 114.38 114.56 114.78 115.00 115.22 115.44 115.66 115.88 116.09 116.31 116.53 116.75 116.94 117.16 117.38 117.59 117.81 118.03 118.25 118.47 118.69 118.91 119.12 119.34 119.59 119.81 120.03 120.25 120.47
108.44 108.41 108.44 108.44 108.50 108.53 108.62 108.69 108.75 108.81 108.91 109.00 109.06 109.19 109.25 109.34 109.44 109.53 109.62 109.75 109.94 110.12 110.31 110.53 110.72 110.94 111.12 111.34 111.53 111.75 111.94 112.12 112.34 112.53 112.72 112.94 113.12 113.34 113.53 113.75 113.97 114.16 114.38 114.59 114.81 115.03 115.25 115.47 115.69 115.88 116.09 116.31 116.53 116.75 116.97 117.19 117.41 117.62 117.84 118.06 118.28 118.50 118.72 118.94 119.16 119.38 119.62 119.84 120.06 120.28 120.50
108.53 108.50 108.50 108.53 108.56 108.62 108.69 108.75 108.81 108.91 108.97 109.06 109.12 109.22 109.31 109.41 109.50 109.59 109.72 109.84 110.00 110.16 110.34 110.56 110.75 110.97 111.16 111.38 111.56 111.78 111.97 112.16 112.38 112.56 112.75 112.97 113.16 113.38 113.56 113.78 113.97 114.19 114.41 114.62 114.81 115.03 115.25 115.47 115.69 115.91 116.12 116.34 116.56 116.78 117.00 117.22 117.44 117.66 117.84 118.06 118.31 118.53 118.75 118.97 119.19 119.41 119.62 119.84 120.09 120.31 120.53
108.66 108.62 108.62 108.62 108.66 108.72 108.78 108.84 108.91 108.97 109.06 109.12 109.22 109.31 109.41 109.50 109.59 109.69 109.78 109.91 110.06 110.22 110.41 110.59 110.78 111.00 111.19 111.41 111.59 111.78 112.00 112.19 112.38 112.59 112.78 113.00 113.19 113.38 113.59 113.81 114.00 114.22 114.44 114.62 114.84 115.06 115.28 115.50 115.72 115.94 116.16 116.38 116.56 116.78 117.00 117.22 117.44 117.66 117.88 118.09 118.31 118.53 118.75 119.00 119.22 119.44 119.66 119.88 120.09 120.31 120.53
108.78 108.75 108.72 108.75 108.75 108.81 108.88 108.94 109.00 109.06 109.16 109.22 109.31 109.38 109.47 109.56 109.66 109.75 109.88 110.00 110.12 110.28 110.47 110.66 110.84 111.03 111.22 111.44 111.62 111.81 112.03 112.22 112.44 112.62 112.81 113.03 113.22 113.41 113.62 113.81 114.03 114.25 114.44 114.66 114.88 115.09 115.31 115.53 115.72 115.94 116.16 116.38 116.59 116.81 117.03 117.25 117.47 117.69 117.91 118.12 118.34 118.56 118.78 119.00 119.22 119.44 119.69 119.91 120.12 120.34 120.56
108.88 108.88 108.81 108.84 108.88 108.91 108.97 109.03 109.09 109.16 109.22 109.31 109.38 109.47 109.56 109.62 109.72 109.81 109.94 110.06 110.19 110.34 110.53 110.72 110.91 111.09 111.28 111.47 111.66 111.88 112.06 112.25 112.47 112.66 112.84 113.06 113.25 113.44 113.66 113.84 114.06 114.28 114.47 114.69 114.91 115.12 115.34 115.53 115.75 115.97 116.19 116.41 116.62 116.84 117.06 117.28 117.50 117.72 117.94 118.16 118.38 118.59 118.81 119.03 119.25 119.47 119.69 119.91 120.12 120.34 120.56
109.00 108.97 108.97 108.97 108.97 109.03 109.06 109.12 109.19 109.25 109.31 109.41 109.47 109.56 109.62 109.72 109.81 109.91 110.03 110.12 110.28 110.44 110.59 110.78 110.94 111.12 111.31 111.53 111.72 111.91 112.09 112.31 112.50 112.69 112.91 113.09 113.28 113.50 113.69 113.91 114.09 114.31 114.50 114.72 114.94 115.16 115.34 115.56 115.78 116.00 116.22 116.44 116.66 116.88 117.09 117.31 117.53 117.72 117.94 118.16 118.38 118.59 118.81 119.06 119.28 119.50 119.72 119.94 120.12 120.34 120.56
109.12 109.09 109.06 109.06 109.09 109.12 109.16 109.22 109.28 109.34 109.41 109.47 109.56 109.62 109.72 109.81 109.88 110.00 110.09 110.22 110.34 110.50 110.66 110.84 111.00 111.19 111.38 111.56 111.75 111.97 112.16 112.34 112.53 112.75 112.94 113.12 113.34 113.53 113.72 113.94 114.12 114.34 114.56 114.75 114.97 115.19 115.38 115.59 115.81 116.03 116.25 116.47 116.69 116.88 117.09 117.31 117.53 117.75 117.97 118.19 118.41 118.62 118.84 119.06 119.28 119.50 119.72 119.94 120.16 120.38 120.56
109.22 109.19 109.19 109.19 109.19 109.22 109.28 109.31 109.38 109.44 109.50 109.56 109.62 109.72 109.78 109.88 109.97 110.06 110.19 110.31 110.44 110.59 110.75 110.91 111.09 111.25 111.44 111.62 111.81 112.00 112.19 112.41 112.59 112.78 112.97 113.19 113.38 113.56 113.78 113.97 114.19 114.38 114.59 114.78 115.00 115.22 115.41 115.62 115.84 116.06 116.28 116.47 116.69 116.91 117.12 117.34 117.56 117.78 118.00 118.22 118.44 118.66 118.88 119.09 119.31 119.50 119.72 119.94 120.16 120.38 120.56
109.31 109.31 109.28 109.28 109.31 109.34 109.38 109.41 109.47 109.53 109.59 109.66 109.72 109.81 109.88 109.97 110.06 110.16 110.25 110.38 110.53 110.66 110.81 110.97 111.16 111.31 111.50 111.69 111.88 112.06 112.25 112.44 112.62 112.84 113.03 113.22 113.41 113.62 113.81 114.00 114.22 114.41 114.62 114.81 115.03 115.25 115.44 115.66 115.88 116.09 116.31 116.50 116.72 116.94 117.16 117.38 117.59 117.81 118.03 118.22 118.44 118.66 118.88 119.09 119.31 119.53 119.75 119.94 120.16 120.38 120.56
109.41 109.41 109.38 109.38 109.41 109.44 109.47 109.50 109.56 109.62 109.69 109.75 109.81 109.88 109.97 110.06 110.16 110.25 110.34 110.47 110.59 110.75 110.91 111.06 111.22 111.41 111.56 111.75 111.94 112.12 112.31 112.50 112.69 112.88 113.09 113.28 113.47 113.66 113.84 114.06 114.25 114.47 114.66 114.88 115.06 115.28 115.50 115.69 115.91 116.12 116.31 116.53 116.75 116.97 117.19 117.41 117.59 117.81 118.03 118.25 118.47 118.69 118.91 119.09 119.31 119.53 119.75 119.97 120.16 120.38 120.56
109.50 109.47 109.47 109.47 109.50 109.53 109.56 109.59 109.66 109.72 109.75 109.81 109.91 109.97 110.06 110.12 110.22 110.34 110.44 110.56 110.69 110.81 110.97 111.12 111.31 111.47 111.66 111.81 112.00 112.19 112.38 112.56 112.75 112.94 113.12 113.31 113.53 113.72 113.91 114.09 114.31 114.50 114.69 114.91 115.09 115.31 115.53 115.72 115.94 116.16 116.34 116.56 116.78 117.00 117.22 117.41 117.62 117.84 118.06 118.28 118.47 118.69 118.91 119.12 119.34 119.53 119.75 119.97 120.16 120.38 120.56
109.56 109.56 109.56 109.56 109.59 109.62 109.66 109.69 109.75 109.78 109.84 109.91 109.97 110.06 110.12 110.22 110.31 110.41 110.53 110.66 110.78 110.91 111.06 111.22 111.38 111.53 111.72 111.91 112.06 112.25 112.44 112.62 112.81 113.00 113.19 113.38 113.56 113.75 113.97 114.16 114.34 114.56 114.75 114.94 115.16 115.34 115.56 115.78 115.97 116.19 116.41 116.59 116.81 117.03 117.22 117.44 117.66 117.88 118.06 118.28 118.50 118.72 118.94 119.12 119.34 119.56 119.75 119.97 120.19 120.38 120.56
109.62 109.62 109.62 109.66 109.66 109.69 109.75 109.78 109.84 109.88 109.94 110.00 110.06 110.16 110.22 110.31 110.41 110.50 110.62 110.72 110.84 111.00 111.12 111.28 111.47 111.62 111.78 111.97 112.16 112.31 112.50 112.69 112.88 113.06 113.25 113.44 113.62 113.81 114.00 114.19 114.41 114.59 114.78 115.00 115.19 115.41 115.59 115.81 116.00 116.22 116.44 116.62 116.84 117.06 117.25 117.47 117.69 117.88 118.09 118.31 118.53 118.72 118.94 119.16 119.34 119.56 119.78 119.97 120.19 120.38 120.56
