everonasctiles/Tile18,29.asc
ncols 128
nrows 128
xllcorner 0
yllcorner 0
cellsize 2.0
NODATA_value  -9999
[rows 96 to 127 of 128, columns 0 to 70 of 128]
144.34 144.59 144.84 145.09 145.31 145.53 145.75 145.94 146.12 146.31 146.50 146.66 146.81 146.97 147.12 147.28 147.44 147.59 147.75 147.88 148.03 148.16 148.25 148.38 148.47 148.56 148.66 148.75 148.81 148.84 148.91 148.94 148.94 148.97 148.97 149.00 149.03 149.09 149.16 149.25 149.31 149.41 149.47 149.53 149.59 149.69 149.75 149.81 149.88 149.91 149.97 150.00 150.03 150.06 150.06 150.06 150.06 150.00 149.94 149.84 149.72 149.59 149.53 149.50 149.53 149.53 149.59 149.66 149.72 149.78 149.84
144.66 144.91 145.16 145.38 145.62 145.84 146.06 146.25 146.44 146.62 146.81 146.97 147.12 147.28 147.44 147.59 147.75 147.88 148.03 148.19 148.31 148.44 148.56 148.69 148.81 148.91 149.00 149.06 149.12 149.19 149.22 149.28 149.28 149.31 149.34 149.38 149.41 149.47 149.53 149.59 149.66 149.72 149.78 149.81 149.88 149.94 150.03 150.06 150.12 150.19 150.25 150.25 150.28 150.31 150.31 150.31 150.31 150.25 150.19 150.06 149.94 149.81 149.75 149.75 149.72 149.75 149.78 149.84 149.91 150.00 150.06
144.91 145.16 145.41 145.66 145.88 146.12 146.34 146.56 146.75 146.94 147.12 147.28 147.47 147.62 147.78 147.94 148.06 148.22 148.38 148.50 148.66 148.78 148.91 149.03 149.16 149.25 149.34 149.41 149.47 149.53 149.59 149.62 149.66 149.69 149.72 149.75 149.78 149.84 149.88 149.91 149.97 150.00 150.06 150.09 150.16 150.22 150.28 150.34 150.41 150.47 150.47 150.50 150.53 150.53 150.56 150.56 150.53 150.50 150.41 150.31 150.19 150.03 149.97 149.94 149.91 149.97 150.00 150.06 150.12 150.19 150.28
145.12 145.41 145.66 145.91 146.16 146.38 146.62 146.84 147.06 147.25 147.47 147.66 147.84 148.03 148.19 148.31 148.47 148.59 148.75 148.88 149.03 149.16 149.28 149.38 149.50 149.59 149.69 149.75 149.84 149.91 149.97 150.00 150.03 150.06 150.09 150.12 150.16 150.19 150.19 150.22 150.22 150.25 150.31 150.34 150.41 150.50 150.56 150.62 150.69 150.69 150.72 150.72 150.72 150.75 150.75 150.78 150.75 150.69 150.62 150.53 150.41 150.28 150.19 150.16 150.12 150.16 150.22 150.25 150.31 150.41 150.50
145.38 145.62 145.91 146.16 146.41 146.66 146.88 147.12 147.34 147.56 147.75 147.97 148.16 148.34 148.50 148.66 148.81 148.97 149.09 149.25 149.38 149.50 149.62 149.75 149.84 149.94 150.03 150.12 150.22 150.28 150.34 150.38 150.41 150.47 150.47 150.50 150.50 150.50 150.50 150.47 150.50 150.50 150.56 150.62 150.69 150.75 150.81 150.88 150.94 150.94 150.94 150.94 150.94 150.91 150.94 150.94 150.91 150.91 150.81 150.72 150.66 150.56 150.47 150.41 150.38 150.38 150.41 150.47 150.53 150.62 150.72
145.59 145.88 146.12 146.41 146.66 146.91 147.16 147.38 147.62 147.84 148.03 148.25 148.44 148.62 148.81 148.97 149.12 149.28 149.44 149.56 149.69 149.84 149.97 150.06 150.19 150.28 150.41 150.50 150.56 150.66 150.72 150.78 150.81 150.84 150.84 150.84 150.81 150.81 150.75 150.72 150.72 150.75 150.78 150.84 150.91 151.00 151.06 151.12 151.16 151.16 151.12 151.12 151.09 151.12 151.06 151.09 151.09 151.06 151.03 150.94 150.88 150.78 150.66 150.62 150.59 150.59 150.59 150.66 150.75 150.84 150.94
145.81 146.09 146.38 146.66 146.91 147.16 147.41 147.66 147.88 148.09 148.31 148.53 148.72 148.91 149.09 149.25 149.44 149.59 149.72 149.88 150.00 150.12 150.28 150.41 150.53 150.66 150.75 150.84 150.94 151.00 151.06 151.09 151.12 151.16 151.16 151.16 151.12 151.09 151.03 151.00 150.94 150.94 151.00 151.03 151.12 151.22 151.25 151.31 151.38 151.34 151.34 151.34 151.31 151.31 151.31 151.28 151.28 151.25 151.22 151.16 151.09 151.00 150.94 150.84 150.81 150.81 150.81 150.88 150.94 151.06 151.16
146.03 146.31 146.59 146.88 147.16 147.41 147.66 147.91 148.16 148.38 148.59 148.78 149.00 149.19 149.38 149.53 149.69 149.88 150.00 150.16 150.31 150.44 150.59 150.72 150.84 150.94 151.06 151.16 151.22 151.28 151.34 151.38 151.41 151.44 151.44 151.44 151.41 151.38 151.31 151.25 151.19 151.19 151.22 151.25 151.31 151.41 151.47 151.50 151.56 151.56 151.53 151.50 151.50 151.50 151.47 151.47 151.44 151.41 151.38 151.34 151.28 151.22 151.12 151.06 151.03 151.03 151.06 151.09 151.16 151.25 151.34
146.25 146.56 146.84 147.12 147.38 147.66 147.91 148.16 148.41 148.62 148.84 149.06 149.25 149.44 149.62 149.81 149.97 150.12 150.28 150.44 150.56 150.72 150.84 150.97 151.09 151.22 151.31 151.41 151.50 151.56 151.62 151.66 151.69 151.72 151.72 151.69 151.66 151.62 151.56 151.50 151.41 151.41 151.41 151.47 151.50 151.59 151.66 151.69 151.72 151.75 151.75 151.72 151.69 151.66 151.66 151.62 151.59 151.59 151.53 151.50 151.44 151.38 151.31 151.28 151.25 151.25 151.28 151.31 151.38 151.44 151.50
146.47 146.78 147.06 147.34 147.62 147.88 148.16 148.41 148.66 148.88 149.09 149.31 149.50 149.69 149.88 150.06 150.22 150.38 150.53 150.69 150.81 150.97 151.09 151.22 151.34 151.47 151.56 151.66 151.75 151.81 151.88 151.91 151.94 151.97 151.97 151.97 151.94 151.91 151.84 151.78 151.69 151.69 151.66 151.69 151.72 151.81 151.88 151.91 151.94 151.94 151.94 151.94 151.91 151.84 151.84 151.81 151.78 151.75 151.69 151.66 151.59 151.56 151.50 151.50 151.47 151.50 151.50 151.53 151.59 151.62 151.69
146.69 146.97 147.28 147.56 147.84 148.12 148.38 148.62 148.88 149.12 149.34 149.56 149.75 149.94 150.12 150.31 150.47 150.62 150.78 150.94 151.06 151.22 151.34 151.47 151.59 151.69 151.81 151.91 152.00 152.06 152.12 152.16 152.19 152.19 152.22 152.22 152.19 152.16 152.12 152.06 151.97 151.94 151.94 151.94 151.97 152.03 152.09 152.12 152.12 152.12 152.12 152.09 152.09 152.03 152.00 151.97 151.94 151.91 151.88 151.84 151.81 151.75 151.72 151.69 151.69 151.72 151.72 151.75 151.81 151.84 151.88
146.88 147.19 147.50 147.78 148.06 148.34 148.59 148.88 149.09 149.34 149.56 149.78 150.00 150.19 150.38 150.53 150.72 150.88 151.00 151.16 151.31 151.44 151.56 151.69 151.81 151.94 152.03 152.12 152.22 152.28 152.34 152.38 152.41 152.44 152.44 152.47 152.44 152.44 152.41 152.38 152.34 152.22 152.22 152.22 152.22 152.22 152.31 152.34 152.34 152.34 152.34 152.28 152.25 152.25 152.22 152.19 152.16 152.12 152.09 152.06 152.00 151.97 151.94 151.94 151.94 151.94 151.97 151.97 152.03 152.06 152.09
147.09 147.41 147.69 148.00 148.28 148.56 148.81 149.09 149.34 149.56 149.81 150.00 150.22 150.41 150.59 150.78 150.94 151.09 151.25 151.38 151.53 151.66 151.78 151.91 152.03 152.16 152.25 152.34 152.44 152.50 152.56 152.62 152.66 152.69 152.69 152.72 152.72 152.72 152.69 152.69 152.66 152.59 152.53 152.53 152.50 152.50 152.53 152.53 152.53 152.56 152.53 152.53 152.47 152.47 152.44 152.41 152.38 152.34 152.31 152.28 152.25 152.19 152.19 152.19 152.16 152.19 152.19 152.22 152.22 152.28 152.31
147.28 147.59 147.91 148.19 148.50 148.78 149.03 149.31 149.56 149.78 150.03 150.25 150.44 150.62 150.81 151.00 151.16 151.31 151.47 151.59 151.75 151.88 152.00 152.12 152.25 152.34 152.47 152.56 152.66 152.72 152.78 152.84 152.88 152.91 152.94 152.97 153.00 153.00 153.00 153.00 152.97 152.94 152.88 152.81 152.81 152.75 152.75 152.75 152.78 152.78 152.75 152.72 152.72 152.72 152.69 152.66 152.62 152.59 152.56 152.53 152.47 152.44 152.44 152.41 152.41 152.44 152.44 152.47 152.50 152.50 152.53
147.47 147.78 148.09 148.41 148.69 148.97 149.25 149.50 149.75 150.00 150.25 150.47 150.66 150.84 151.03 151.22 151.38 151.53 151.69 151.81 151.94 152.09 152.22 152.31 152.44 152.56 152.66 152.78 152.88 152.94 153.00 153.06 153.12 153.16 153.22 153.25 153.28 153.31 153.31 153.31 153.28 153.25 153.22 153.19 153.12 153.06 153.03 153.03 153.00 153.00 153.00 152.97 152.97 152.97 152.94 152.91 152.91 152.88 152.88 152.81 152.78 152.72 152.69 152.69 152.69 152.69 152.69 152.72 152.72 152.72 152.75
147.66 147.97 148.28 148.59 148.91 149.19 149.44 149.72 149.97 150.22 150.44 150.66 150.88 151.06 151.25 151.44 151.59 151.75 151.88 152.03 152.16 152.28 152.41 152.53 152.66 152.75 152.88 152.97 153.06 153.16 153.25 153.31 153.38 153.41 153.47 153.53 153.56 153.59 153.62 153.59 153.62 153.59 153.56 153.53 153.44 153.38 153.34 153.28 153.25 153.28 153.25 153.25 153.25 153.25 153.22 153.22 153.22 153.19 153.16 153.12 153.09 153.06 153.03 152.97 152.97 152.97 152.97 152.97 153.00 153.00 153.00
147.84 148.16 148.47 148.78 149.09 149.38 149.66 149.91 150.19 150.44 150.66 150.88 151.09 151.28 151.47 151.62 151.81 151.97 152.09 152.25 152.38 152.50 152.62 152.72 152.84 152.97 153.06 153.19 153.28 153.38 153.47 153.53 153.62 153.69 153.75 153.78 153.84 153.88 153.91 153.91 153.94 153.91 153.84 153.81 153.75 153.69 153.66 153.56 153.53 153.56 153.56 153.53 153.56 153.53 153.53 153.56 153.56 153.53 153.50 153.47 153.41 153.38 153.34 153.31 153.28 153.28 153.28 153.28 153.28 153.28 153.28
148.03 148.34 148.66 148.97 149.28 149.56 149.84 150.12 150.38 150.62 150.88 151.09 151.28 151.50 151.69 151.84 152.00 152.16 152.31 152.44 152.56 152.69 152.81 152.94 153.03 153.16 153.28 153.38 153.50 153.59 153.69 153.78 153.84 153.94 154.00 154.06 154.12 154.16 154.19 154.22 154.25 154.22 154.19 154.12 154.03 154.00 153.97 153.94 153.88 153.88 153.91 153.84 153.88 153.91 153.91 153.91 153.94 153.91 153.94 153.84 153.88 153.81 153.75 153.69 153.59 153.59 153.56 153.56 153.62 153.62 153.59
148.19 148.53 148.84 149.16 149.44 149.75 150.03 150.31 150.56 150.81 151.06 151.28 151.50 151.69 151.88 152.06 152.22 152.38 152.53 152.66 152.78 152.91 153.03 153.12 153.25 153.38 153.47 153.59 153.69 153.81 153.91 154.00 154.09 154.19 154.28 154.34 154.41 154.44 154.47 154.50 154.50 154.50 154.44 154.41 154.38 154.31 154.25 154.28 154.28 154.28 154.28 154.25 154.28 154.28 154.28 154.34 154.34 154.31 154.28 154.31 154.28 154.19 154.12 154.09 154.00 154.00 153.97 153.97 153.97 153.94 153.91
148.38 148.69 149.00 149.31 149.62 149.94 150.22 150.50 150.75 151.00 151.25 151.47 151.69 151.91 152.09 152.28 152.44 152.59 152.72 152.88 153.00 153.12 153.22 153.34 153.44 153.56 153.69 153.78 153.91 154.00 154.12 154.22 154.34 154.44 154.53 154.59 154.66 154.72 154.75 154.78 154.78 154.75 154.72 154.66 154.62 154.62 154.56 154.59 154.62 154.62 154.66 154.66 154.62 154.69 154.69 154.72 154.72 154.72 154.72 154.72 154.69 154.62 154.53 154.50 154.44 154.34 154.34 154.31 154.25 154.25 154.25
148.53 148.84 149.19 149.50 149.81 150.09 150.38 150.66 150.94 151.19 151.44 151.69 151.91 152.09 152.28 152.47 152.66 152.81 152.94 153.09 153.22 153.34 153.44 153.56 153.66 153.78 153.88 154.00 154.09 154.22 154.34 154.44 154.56 154.66 154.75 154.84 154.91 154.94 154.97 155.00 155.00 155.00 154.97 154.94 154.91 154.88 154.91 154.94 155.00 155.03 155.03 155.03 155.06 155.06 155.06 155.06 155.06 155.09 155.09 155.06 155.06 155.00 154.97 154.91 154.81 154.69 154.69 154.62 154.59 154.56 154.56
148.69 149.00 149.34 149.66 149.97 150.25 150.56 150.84 151.09 151.38 151.62 151.88 152.09 152.31 152.50 152.69 152.84 153.03 153.16 153.31 153.44 153.56 153.66 153.78 153.88 153.97 154.09 154.19 154.31 154.41 154.53 154.66 154.78 154.88 154.97 155.06 155.12 155.19 155.22 155.25 155.22 155.22 155.19 155.16 155.16 155.19 155.22 155.25 155.31 155.38 155.38 155.41 155.41 155.41 155.44 155.44 155.44 155.44 155.44 155.44 155.44 155.38 155.31 155.25 155.16 155.00 155.00 154.97 154.91 154.88 154.84
148.81 149.16 149.47 149.81 150.12 150.41 150.72 151.00 151.28 151.56 151.81 152.03 152.28 152.50 152.69 152.88 153.06 153.22 153.38 153.53 153.66 153.78 153.88 154.00 154.09 154.19 154.28 154.41 154.50 154.59 154.72 154.84 154.97 155.09 155.19 155.28 155.34 155.41 155.44 155.44 155.44 155.44 155.44 155.38 155.41 155.47 155.53 155.53 155.59 155.66 155.72 155.72 155.75 155.75 155.75 155.75 155.72 155.72 155.72 155.75 155.75 155.72 155.62 155.53 155.47 155.31 155.28 155.22 155.19 155.12 155.09
148.97 149.31 149.62 149.94 150.25 150.56 150.88 151.16 151.44 151.72 151.97 152.22 152.47 152.69 152.91 153.09 153.28 153.44 153.59 153.75 153.88 154.00 154.12 154.22 154.31 154.41 154.50 154.59 154.69 154.78 154.91 155.03 155.16 155.28 155.41 155.50 155.56 155.62 155.62 155.66 155.66 155.66 155.62 155.66 155.66 155.75 155.84 155.88 155.94 155.97 156.00 156.00 156.00 156.03 156.00 156.00 156.00 156.00 156.00 156.00 156.00 156.00 155.91 155.84 155.72 155.62 155.53 155.47 155.41 155.38 155.34
149.09 149.44 149.75 150.09 150.41 150.72 151.00 151.31 151.59 151.88 152.12 152.41 152.62 152.88 153.09 153.28 153.50 153.66 153.84 154.00 154.12 154.25 154.38 154.47 154.56 154.66 154.72 154.81 154.91 155.00 155.09 155.19 155.31 155.47 155.59 155.69 155.78 155.84 155.88 155.88 155.88 155.84 155.88 155.88 155.97 156.00 156.09 156.16 156.22 156.25 156.25 156.25 156.25 156.25 156.28 156.28 156.25 156.25 156.28 156.25 156.25 156.22 156.16 156.06 156.00 155.88 155.75 155.72 155.62 155.59 155.59
149.22 149.56 149.88 150.22 150.53 150.84 151.16 151.47 151.75 152.03 152.28 152.56 152.81 153.03 153.28 153.50 153.69 153.88 154.06 154.22 154.38 154.50 154.59 154.72 154.81 154.88 154.97 155.03 155.09 155.19 155.28 155.38 155.50 155.62 155.75 155.88 155.97 156.03 156.03 156.06 156.06 156.06 156.09 156.12 156.22 156.31 156.31 156.44 156.47 156.47 156.47 156.47 156.47 156.47 156.47 156.50 156.47 156.50 156.50 156.47 156.47 156.44 156.38 156.28 156.22 156.12 156.00 155.94 155.88 155.81 155.81
149.34 149.66 150.00 150.34 150.66 150.97 151.28 151.59 151.88 152.16 152.44 152.72 152.97 153.22 153.47 153.69 153.91 154.09 154.28 154.44 154.59 154.75 154.84 154.97 155.06 155.12 155.22 155.28 155.34 155.38 155.47 155.56 155.66 155.81 155.94 156.03 156.12 156.19 156.25 156.25 156.28 156.31 156.34 156.41 156.47 156.56 156.62 156.69 156.72 156.72 156.72 156.69 156.69 156.66 156.69 156.69 156.69 156.69 156.69 156.69 156.66 156.59 156.56 156.47 156.41 156.34 156.25 156.19 156.12 156.09 156.09
149.44 149.78 150.09 150.44 150.75 151.09 151.41 151.69 152.00 152.28 152.59 152.84 153.12 153.38 153.62 153.88 154.09 154.31 154.50 154.69 154.84 154.97 155.09 155.22 155.31 155.38 155.44 155.50 155.56 155.62 155.69 155.78 155.88 156.00 156.09 156.19 156.28 156.34 156.38 156.44 156.47 156.50 156.56 156.62 156.69 156.75 156.81 156.88 156.91 156.91 156.91 156.91 156.88 156.88 156.88 156.88 156.91 156.88 156.88 156.84 156.81 156.78 156.75 156.69 156.62 156.56 156.50 156.47 156.41 156.38 156.38
149.53 149.88 150.19 150.53 150.88 151.19 151.50 151.81 152.12 152.41 152.72 153.00 153.28 153.53 153.81 154.03 154.28 154.50 154.69 154.88 155.06 155.22 155.34 155.44 155.53 155.62 155.69 155.75 155.78 155.84 155.91 155.97 156.06 156.16 156.25 156.34 156.41 156.47 156.53 156.59 156.62 156.69 156.75 156.81 156.88 156.94 157.00 157.03 157.06 157.06 157.09 157.06 157.06 157.06 157.06 157.06 157.09 157.09 157.06 157.03 157.00 156.97 156.94 156.88 156.81 156.78 156.75 156.69 156.66 156.62 156.59
149.62 149.97 150.28 150.62 150.94 151.28 151.59 151.91 152.22 152.53 152.81 153.12 153.41 153.69 153.94 154.22 154.44 154.69 154.91 155.09 155.28 155.44 155.56 155.66 155.75 155.84 155.91 155.97 156.00 156.06 156.12 156.19 156.25 156.34 156.41 156.50 156.56 156.62 156.69 156.75 156.81 156.84 156.94 157.00 157.06 157.09 157.16 157.19 157.22 157.22 157.25 157.25 157.25 157.25 157.25 157.25 157.25 157.25 157.22 157.22 157.19 157.16 157.09 157.06 157.03 156.97 156.94 156.91 156.84 156.81 156.78
149.69 150.03 150.34 150.69 151.03 151.34 151.66 152.00 152.31 152.62 152.94 153.25 153.53 153.81 154.09 154.34 154.62 154.84 155.06 155.28 155.47 155.62 155.75 155.88 155.97 156.03 156.09 156.16 156.19 156.25 156.31 156.38 156.44 156.50 156.56 156.62 156.72 156.78 156.84 156.91 156.97 157.03 157.09 157.16 157.22 157.25 157.31 157.34 157.34 157.38 157.41 157.41 157.41 157.44 157.44 157.44 157.44 157.41 157.41 157.38 157.34 157.31 157.28 157.25 157.22 157.16 157.12 157.09 157.03 157.00 156.97
149.75 150.09 150.41 150.75 151.06 151.41 151.72 152.06 152.38 152.72 153.03 153.34 153.66 153.94 154.22 154.50 154.75 155.00 155.25 155.44 155.62 155.81 155.94 156.03 156.12 156.22 156.28 156.34 156.38 156.44 156.50 156.53 156.59 156.66 156.72 156.78 156.84 156.91 156.97 157.03 157.09 157.16 157.25 157.31 157.34 157.41 157.44 157.47 157.50 157.53 157.56 157.56 157.59 157.59 157.59 157.59 157.59 157.59 157.56 157.53 157.53 157.50 157.44 157.41 157.38 157.34 157.28 157.25 157.22 157.16 157.12
