everonasctiles/Tile[31,3].asc
ncols 128
nrows 128
xllcorner 0
yllcorner 0
cellsize 2.0
NODATA_value  -9999
[rows 96 to 127 of 128, columns 0 to 70 of 128]
-40.62 -40.69 -40.84 -41.06 -41.34 -41.66 -42.00 -42.34 -42.69 -43.03 -43.38 -43.72 -44.09 -44.47 -44.84 -45.19 -45.53 -45.88 -46.22 -46.53 -46.84 -47.16 -47.44 -47.72 -48.00 -48.25 -48.50 -48.75 -48.97 -49.16 -49.34 -49.47 -49.59 -49.72 -49.81 -49.91 -49.97 -50.00 -50.03 -50.03 -49.97 -49.91 -49.78 -49.66 -49.50 -49.28 -49.06 -48.78 -48.47 -48.09 -47.72 -47.31 -46.88 -46.44 -45.94 -45.47 -44.94 -44.41 -43.88 -43.31 -42.75 -42.19 -41.62 -41.09 -40.59 -40.12 -39.69 -39.25 -38.84 -38.44 -38.06
-40.66 -40.72 -40.91 -41.12 -41.41 -41.75 -42.06 -42.41 -42.75 -43.09 -43.47 -43.81 -44.19 -44.56 -44.94 -45.31 -45.69 -46.03 -46.38 -46.72 -47.00 -47.31 -47.59 -47.88 -48.12 -48.41 -48.66 -48.91 -49.12 -49.34 -49.50 -49.66 -49.81 -49.91 -50.03 -50.09 -50.16 -50.22 -50.22 -50.22 -50.19 -50.09 -50.00 -49.88 -49.69 -49.50 -49.25 -48.97 -48.66 -48.28 -47.91 -47.50 -47.09 -46.62 -46.16 -45.66 -45.12 -44.59 -44.03 -43.47 -42.88 -42.31 -41.75 -41.22 -40.69 -40.19 -39.69 -39.22 -38.78 -38.41 -38.06
-40.69 -40.75 -40.94 -41.16 -41.47 -41.78 -42.12 -42.47 -42.81 -43.19 -43.53 -43.91 -44.28 -44.66 -45.06 -45.44 -45.81 -46.19 -46.53 -46.88 -47.19 -47.47 -47.75 -48.03 -48.28 -48.56 -48.81 -49.06 -49.28 -49.50 -49.69 -49.84 -49.97 -50.09 -50.19 -50.28 -50.34 -50.38 -50.41 -50.41 -50.34 -50.28 -50.19 -50.06 -49.91 -49.69 -49.44 -49.16 -48.81 -48.47 -48.12 -47.72 -47.31 -46.88 -46.38 -45.88 -45.34 -44.78 -44.22 -43.62 -43.06 -42.50 -41.97 -41.44 -40.94 -40.38 -39.81 -39.31 -38.88 -38.56 -38.25
-40.69 -40.75 -40.94 -41.19 -41.47 -41.81 -42.16 -42.50 -42.88 -43.25 -43.62 -44.00 -44.38 -44.78 -45.16 -45.56 -45.94 -46.31 -46.69 -47.03 -47.34 -47.66 -47.94 -48.19 -48.47 -48.72 -48.97 -49.22 -49.44 -49.66 -49.84 -50.00 -50.12 -50.25 -50.34 -50.44 -50.50 -50.53 -50.56 -50.56 -50.53 -50.44 -50.34 -50.22 -50.06 -49.84 -49.59 -49.31 -49.03 -48.69 -48.38 -48.00 -47.56 -47.12 -46.62 -46.09 -45.56 -45.03 -44.44 -43.88 -43.31 -42.75 -42.22 -41.69 -41.16 -40.59 -40.06 -39.62 -39.22 -38.88 -38.56
-40.69 -40.75 -40.97 -41.19 -41.50 -41.81 -42.16 -42.53 -42.91 -43.31 -43.72 -44.09 -44.50 -44.88 -45.28 -45.66 -46.06 -46.44 -46.81 -47.16 -47.50 -47.81 -48.09 -48.38 -48.62 -48.88 -49.12 -49.34 -49.59 -49.78 -49.97 -50.12 -50.28 -50.41 -50.50 -50.56 -50.62 -50.69 -50.72 -50.72 -50.66 -50.59 -50.50 -50.38 -50.22 -50.00 -49.78 -49.53 -49.25 -48.97 -48.62 -48.25 -47.84 -47.38 -46.91 -46.41 -45.84 -45.28 -44.72 -44.12 -43.56 -43.03 -42.47 -41.94 -41.41 -40.88 -40.41 -39.97 -39.59 -39.25 -38.88
-40.66 -40.75 -40.97 -41.22 -41.50 -41.84 -42.22 -42.59 -42.97 -43.38 -43.78 -44.19 -44.59 -45.00 -45.38 -45.75 -46.16 -46.53 -46.91 -47.28 -47.62 -47.94 -48.25 -48.53 -48.78 -49.03 -49.28 -49.50 -49.72 -49.94 -50.09 -50.28 -50.41 -50.50 -50.62 -50.69 -50.75 -50.81 -50.84 -50.84 -50.81 -50.75 -50.66 -50.53 -50.34 -50.16 -49.97 -49.72 -49.47 -49.22 -48.91 -48.53 -48.12 -47.66 -47.19 -46.69 -46.16 -45.56 -45.00 -44.44 -43.88 -43.31 -42.78 -42.22 -41.72 -41.22 -40.78 -40.34 -39.97 -39.56 -39.19
-40.66 -40.72 -40.97 -41.22 -41.53 -41.88 -42.25 -42.62 -43.03 -43.44 -43.84 -44.25 -44.66 -45.06 -45.47 -45.84 -46.22 -46.59 -47.00 -47.34 -47.72 -48.06 -48.38 -48.66 -48.94 -49.19 -49.44 -49.66 -49.88 -50.06 -50.22 -50.38 -50.53 -50.62 -50.72 -50.81 -50.88 -50.91 -50.94 -50.94 -50.91 -50.84 -50.78 -50.66 -50.50 -50.31 -50.12 -49.94 -49.69 -49.44 -49.12 -48.75 -48.38 -47.94 -47.47 -46.97 -46.44 -45.84 -45.28 -44.72 -44.19 -43.62 -43.09 -42.56 -42.06 -41.59 -41.16 -40.72 -40.31 -39.88 -39.47
-40.62 -40.72 -40.97 -41.25 -41.56 -41.91 -42.28 -42.69 -43.09 -43.50 -43.91 -44.31 -44.72 -45.12 -45.53 -45.91 -46.31 -46.69 -47.06 -47.44 -47.78 -48.12 -48.47 -48.78 -49.06 -49.34 -49.56 -49.78 -50.00 -50.19 -50.34 -50.50 -50.62 -50.72 -50.81 -50.91 -50.97 -51.00 -51.03 -51.03 -51.03 -50.97 -50.88 -50.78 -50.62 -50.47 -50.31 -50.12 -49.88 -49.62 -49.31 -48.97 -48.59 -48.19 -47.72 -47.22 -46.69 -46.12 -45.59 -45.03 -44.50 -43.94 -43.44 -42.91 -42.44 -41.97 -41.50 -41.03 -40.59 -40.16 -39.72
-40.59 -40.72 -41.00 -41.28 -41.56 -41.94 -42.31 -42.69 -43.09 -43.50 -43.91 -44.34 -44.75 -45.16 -45.56 -45.97 -46.38 -46.75 -47.16 -47.50 -47.88 -48.22 -48.56 -48.88 -49.16 -49.44 -49.69 -49.91 -50.09 -50.28 -50.44 -50.59 -50.72 -50.81 -50.91 -50.97 -51.03 -51.06 -51.09 -51.12 -51.09 -51.06 -50.97 -50.88 -50.75 -50.59 -50.44 -50.25 -50.03 -49.78 -49.50 -49.19 -48.81 -48.41 -47.97 -47.47 -46.94 -46.41 -45.88 -45.34 -44.81 -44.28 -43.78 -43.28 -42.78 -42.28 -41.78 -41.31 -40.84 -40.41 -39.94
-40.56 -40.72 -41.00 -41.28 -41.59 -41.94 -42.31 -42.69 -43.09 -43.50 -43.91 -44.34 -44.75 -45.19 -45.59 -46.00 -46.41 -46.81 -47.22 -47.59 -47.97 -48.31 -48.62 -48.97 -49.25 -49.53 -49.78 -50.00 -50.19 -50.38 -50.53 -50.66 -50.78 -50.88 -50.97 -51.03 -51.09 -51.12 -51.16 -51.19 -51.16 -51.12 -51.06 -50.97 -50.84 -50.72 -50.56 -50.38 -50.16 -49.94 -49.66 -49.38 -49.00 -48.59 -48.16 -47.69 -47.19 -46.69 -46.16 -45.66 -45.12 -44.59 -44.09 -43.56 -43.03 -42.53 -42.03 -41.56 -41.09 -40.62 -40.16
-40.56 -40.72 -41.00 -41.28 -41.59 -41.94 -42.31 -42.69 -43.09 -43.50 -43.91 -44.31 -44.75 -45.19 -45.59 -46.03 -46.44 -46.88 -47.28 -47.66 -48.03 -48.38 -48.72 -49.03 -49.34 -49.59 -49.84 -50.06 -50.28 -50.44 -50.59 -50.72 -50.84 -50.94 -51.03 -51.09 -51.16 -51.19 -51.22 -51.22 -51.22 -51.19 -51.12 -51.03 -50.94 -50.81 -50.66 -50.47 -50.28 -50.06 -49.81 -49.53 -49.19 -48.78 -48.38 -47.91 -47.44 -46.94 -46.44 -45.94 -45.41 -44.88 -44.34 -43.81 -43.28 -42.78 -42.28 -41.81 -41.31 -40.84 -40.38
-40.59 -40.66 -41.00 -41.28 -41.56 -41.91 -42.28 -42.66 -43.06 -43.47 -43.88 -44.31 -44.72 -45.16 -45.59 -46.03 -46.47 -46.88 -47.31 -47.72 -48.09 -48.47 -48.81 -49.12 -49.41 -49.66 -49.91 -50.12 -50.34 -50.50 -50.66 -50.78 -50.91 -51.00 -51.06 -51.12 -51.19 -51.22 -51.25 -51.25 -51.25 -51.22 -51.16 -51.09 -51.00 -50.88 -50.75 -50.59 -50.41 -50.19 -49.94 -49.66 -49.31 -48.94 -48.56 -48.12 -47.66 -47.19 -46.69 -46.19 -45.69 -45.12 -44.59 -44.06 -43.56 -43.06 -42.56 -42.06 -41.56 -41.03 -40.53
-40.66 -40.62 -40.97 -41.25 -41.56 -41.88 -42.25 -42.62 -43.03 -43.44 -43.84 -44.28 -44.69 -45.12 -45.56 -46.00 -46.44 -46.88 -47.31 -47.72 -48.12 -48.50 -48.84 -49.16 -49.47 -49.72 -49.97 -50.19 -50.38 -50.56 -50.72 -50.84 -50.94 -51.03 -51.12 -51.19 -51.22 -51.25 -51.28 -51.28 -51.28 -51.25 -51.19 -51.12 -51.03 -50.94 -50.81 -50.66 -50.50 -50.31 -50.06 -49.78 -49.47 -49.12 -48.75 -48.34 -47.91 -47.47 -46.97 -46.47 -45.97 -45.44 -44.91 -44.38 -43.88 -43.34 -42.81 -42.28 -41.72 -41.19 -40.66
-40.84 -40.69 -40.94 -41.25 -41.56 -41.88 -42.22 -42.59 -43.00 -43.41 -43.81 -44.22 -44.66 -45.09 -45.53 -45.97 -46.41 -46.84 -47.28 -47.72 -48.12 -48.50 -48.84 -49.19 -49.50 -49.75 -50.00 -50.22 -50.44 -50.59 -50.75 -50.88 -51.00 -51.09 -51.16 -51.22 -51.25 -51.28 -51.28 -51.31 -51.28 -51.25 -51.22 -51.16 -51.09 -51.00 -50.88 -50.75 -50.59 -50.41 -50.16 -49.91 -49.62 -49.31 -48.94 -48.56 -48.16 -47.72 -47.25 -46.75 -46.25 -45.72 -45.22 -44.69 -44.16 -43.59 -43.03 -42.44 -41.88 -41.31 -40.78
-41.00 -40.81 -40.97 -41.28 -41.56 -41.88 -42.22 -42.56 -42.97 -43.34 -43.78 -44.19 -44.62 -45.06 -45.50 -45.97 -46.41 -46.84 -47.28 -47.69 -48.09 -48.50 -48.84 -49.19 -49.50 -49.78 -50.03 -50.25 -50.47 -50.62 -50.78 -50.94 -51.03 -51.12 -51.19 -51.25 -51.28 -51.31 -51.31 -51.31 -51.31 -51.28 -51.25 -51.19 -51.12 -51.06 -50.94 -50.81 -50.69 -50.50 -50.28 -50.03 -49.78 -49.50 -49.16 -48.81 -48.41 -47.97 -47.53 -47.03 -46.53 -46.03 -45.50 -44.94 -44.34 -43.78 -43.19 -42.59 -42.00 -41.44 -40.88
-41.12 -41.00 -41.06 -41.34 -41.59 -41.88 -42.22 -42.56 -42.94 -43.31 -43.72 -44.16 -44.59 -45.03 -45.47 -45.94 -46.38 -46.84 -47.25 -47.69 -48.09 -48.47 -48.81 -49.16 -49.47 -49.78 -50.03 -50.28 -50.47 -50.66 -50.81 -50.97 -51.06 -51.16 -51.22 -51.28 -51.31 -51.31 -51.34 -51.34 -51.34 -51.31 -51.28 -51.25 -51.19 -51.12 -51.03 -50.91 -50.78 -50.59 -50.41 -50.19 -49.94 -49.66 -49.34 -49.00 -48.62 -48.19 -47.75 -47.28 -46.75 -46.22 -45.66 -45.06 -44.47 -43.88 -43.28 -42.69 -42.12 -41.56 -41.00
-41.25 -41.16 -41.16 -41.41 -41.62 -41.91 -42.22 -42.56 -42.94 -43.31 -43.72 -44.12 -44.56 -45.00 -45.44 -45.91 -46.34 -46.78 -47.22 -47.66 -48.03 -48.41 -48.78 -49.12 -49.44 -49.72 -50.00 -50.25 -50.47 -50.69 -50.84 -50.97 -51.09 -51.19 -51.25 -51.31 -51.34 -51.34 -51.38 -51.38 -51.38 -51.34 -51.31 -51.28 -51.25 -51.19 -51.09 -51.00 -50.88 -50.72 -50.53 -50.34 -50.09 -49.81 -49.50 -49.16 -48.78 -48.38 -47.94 -47.44 -46.91 -46.34 -45.78 -45.16 -44.56 -43.97 -43.38 -42.81 -42.22 -41.66 -41.12
-41.41 -41.31 -41.31 -41.47 -41.69 -41.94 -42.25 -42.56 -42.94 -43.31 -43.72 -44.12 -44.53 -44.97 -45.44 -45.88 -46.31 -46.75 -47.19 -47.59 -47.97 -48.34 -48.72 -49.06 -49.38 -49.69 -49.97 -50.22 -50.44 -50.66 -50.84 -51.00 -51.12 -51.22 -51.28 -51.31 -51.34 -51.38 -51.38 -51.41 -51.41 -51.38 -51.38 -51.34 -51.31 -51.25 -51.19 -51.09 -50.97 -50.84 -50.66 -50.44 -50.22 -49.94 -49.62 -49.28 -48.94 -48.50 -48.06 -47.56 -47.03 -46.47 -45.88 -45.28 -44.69 -44.09 -43.50 -42.94 -42.34 -41.78 -41.28
-41.56 -41.47 -41.50 -41.59 -41.78 -42.00 -42.28 -42.59 -42.97 -43.34 -43.72 -44.12 -44.56 -45.00 -45.44 -45.88 -46.31 -46.72 -47.12 -47.53 -47.94 -48.31 -48.66 -49.00 -49.31 -49.62 -49.91 -50.19 -50.44 -50.62 -50.81 -50.97 -51.12 -51.22 -51.28 -51.34 -51.38 -51.41 -51.41 -51.44 -51.44 -51.44 -51.44 -51.41 -51.38 -51.31 -51.25 -51.19 -51.06 -50.94 -50.75 -50.53 -50.31 -50.03 -49.72 -49.41 -49.03 -48.62 -48.19 -47.69 -47.16 -46.59 -46.03 -45.44 -44.84 -44.25 -43.66 -43.06 -42.47 -41.94 -41.47
-41.69 -41.62 -41.66 -41.75 -41.91 -42.12 -42.38 -42.66 -43.00 -43.38 -43.75 -44.16 -44.56 -45.00 -45.44 -45.88 -46.28 -46.72 -47.12 -47.50 -47.91 -48.25 -48.62 -48.97 -49.28 -49.59 -49.88 -50.16 -50.41 -50.62 -50.81 -50.97 -51.09 -51.19 -51.28 -51.34 -51.38 -51.41 -51.44 -51.47 -51.50 -51.50 -51.50 -51.47 -51.44 -51.41 -51.34 -51.25 -51.16 -51.00 -50.84 -50.62 -50.38 -50.12 -49.81 -49.50 -49.12 -48.72 -48.28 -47.78 -47.28 -46.72 -46.16 -45.56 -44.97 -44.38 -43.78 -43.22 -42.66 -42.19 -41.75
-41.84 -41.81 -41.84 -41.94 -42.06 -42.25 -42.47 -42.75 -43.06 -43.41 -43.78 -44.19 -44.59 -45.00 -45.41 -45.84 -46.25 -46.69 -47.09 -47.47 -47.84 -48.22 -48.56 -48.91 -49.25 -49.56 -49.84 -50.12 -50.38 -50.59 -50.78 -50.94 -51.06 -51.19 -51.28 -51.34 -51.41 -51.44 -51.50 -51.50 -51.53 -51.56 -51.56 -51.53 -51.53 -51.47 -51.44 -51.34 -51.22 -51.09 -50.91 -50.69 -50.47 -50.22 -49.91 -49.59 -49.22 -48.81 -48.38 -47.88 -47.38 -46.81 -46.25 -45.69 -45.09 -44.53 -43.97 -43.41 -42.91 -42.47 -42.06
-42.00 -41.97 -42.00 -42.09 -42.25 -42.44 -42.62 -42.91 -43.19 -43.50 -43.84 -44.22 -44.59 -45.00 -45.41 -45.81 -46.22 -46.62 -47.03 -47.41 -47.81 -48.16 -48.53 -48.88 -49.22 -49.53 -49.81 -50.09 -50.34 -50.56 -50.75 -50.91 -51.06 -51.19 -51.28 -51.38 -51.44 -51.47 -51.53 -51.56 -51.59 -51.59 -51.62 -51.59 -51.59 -51.56 -51.50 -51.41 -51.28 -51.16 -51.00 -50.78 -50.56 -50.28 -50.00 -49.66 -49.28 -48.88 -48.41 -47.94 -47.41 -46.88 -46.31 -45.75 -45.19 -44.66 -44.12 -43.66 -43.19 -42.78 -42.38
-42.16 -42.09 -42.16 -42.28 -42.44 -42.59 -42.81 -43.06 -43.31 -43.62 -43.94 -44.28 -44.62 -45.00 -45.38 -45.78 -46.19 -46.56 -46.97 -47.34 -47.75 -48.12 -48.47 -48.84 -49.19 -49.50 -49.78 -50.06 -50.31 -50.53 -50.72 -50.91 -51.03 -51.19 -51.28 -51.38 -51.47 -51.53 -51.56 -51.62 -51.66 -51.66 -51.66 -51.66 -51.66 -51.62 -51.56 -51.47 -51.38 -51.25 -51.06 -50.88 -50.62 -50.34 -50.03 -49.69 -49.28 -48.88 -48.44 -47.94 -47.44 -46.91 -46.34 -45.81 -45.31 -44.81 -44.34 -43.91 -43.47 -43.06 -42.66
-42.28 -42.22 -42.31 -42.44 -42.59 -42.78 -43.00 -43.22 -43.47 -43.75 -44.06 -44.38 -44.72 -45.06 -45.41 -45.78 -46.16 -46.53 -46.94 -47.31 -47.69 -48.06 -48.44 -48.78 -49.12 -49.44 -49.75 -50.00 -50.25 -50.50 -50.69 -50.88 -51.03 -51.16 -51.28 -51.41 -51.50 -51.56 -51.62 -51.66 -51.69 -51.72 -51.72 -51.72 -51.72 -51.69 -51.62 -51.56 -51.44 -51.31 -51.16 -50.94 -50.69 -50.41 -50.06 -49.72 -49.31 -48.88 -48.44 -47.94 -47.44 -46.91 -46.38 -45.88 -45.41 -45.00 -44.56 -44.16 -43.75 -43.31 -42.88
-42.38 -42.34 -42.44 -42.56 -42.75 -42.94 -43.16 -43.38 -43.62 -43.91 -44.19 -44.50 -44.81 -45.12 -45.47 -45.81 -46.19 -46.56 -46.94 -47.31 -47.69 -48.03 -48.41 -48.75 -49.06 -49.41 -49.69 -49.97 -50.22 -50.44 -50.66 -50.84 -51.00 -51.16 -51.28 -51.41 -51.50 -51.59 -51.69 -51.72 -51.78 -51.78 -51.81 -51.81 -51.78 -51.75 -51.72 -51.62 -51.53 -51.38 -51.22 -51.00 -50.75 -50.47 -50.12 -49.75 -49.34 -48.91 -48.44 -47.94 -47.44 -46.91 -46.41 -46.00 -45.62 -45.22 -44.81 -44.41 -43.97 -43.50 -43.03
-42.47 -42.44 -42.56 -42.72 -42.91 -43.09 -43.31 -43.56 -43.78 -44.06 -44.31 -44.59 -44.91 -45.22 -45.53 -45.88 -46.22 -46.56 -46.94 -47.28 -47.66 -48.00 -48.34 -48.69 -49.03 -49.34 -49.62 -49.91 -50.19 -50.41 -50.62 -50.81 -51.00 -51.16 -51.28 -51.44 -51.53 -51.62 -51.72 -51.78 -51.84 -51.84 -51.88 -51.88 -51.88 -51.84 -51.78 -51.69 -51.59 -51.44 -51.28 -51.06 -50.78 -50.50 -50.19 -49.81 -49.41 -49.00 -48.50 -47.97 -47.47 -47.03 -46.66 -46.28 -45.91 -45.50 -45.06 -44.59 -44.12 -43.66 -43.16
-42.53 -42.53 -42.69 -42.84 -43.03 -43.25 -43.47 -43.72 -43.97 -44.22 -44.47 -44.75 -45.03 -45.31 -45.62 -45.94 -46.25 -46.59 -46.94 -47.28 -47.62 -47.97 -48.31 -48.66 -49.00 -49.31 -49.59 -49.88 -50.12 -50.38 -50.59 -50.78 -50.97 -51.16 -51.31 -51.44 -51.56 -51.69 -51.75 -51.84 -51.88 -51.91 -51.94 -51.94 -51.94 -51.91 -51.84 -51.75 -51.66 -51.50 -51.31 -51.09 -50.84 -50.56 -50.25 -49.88 -49.50 -49.09 -48.59 -48.12 -47.72 -47.34 -47.00 -46.59 -46.19 -45.75 -45.25 -44.78 -44.28 -43.75 -43.25
-42.59 -42.62 -42.78 -42.97 -43.16 -43.38 -43.62 -43.88 -44.12 -44.38 -44.62 -44.91 -45.16 -45.44 -45.72 -46.00 -46.31 -46.62 -46.97 -47.31 -47.62 -47.97 -48.31 -48.62 -48.97 -49.28 -49.56 -49.84 -50.09 -50.34 -50.56 -50.78 -50.97 -51.16 -51.31 -51.47 -51.59 -51.72 -51.81 -51.88 -51.94 -51.97 -52.00 -52.00 -52.00 -51.97 -51.91 -51.81 -51.69 -51.53 -51.34 -51.16 -50.91 -50.62 -50.31 -50.00 -49.62 -49.22 -48.84 -48.44 -48.09 -47.72 -47.34 -46.91 -46.44 -45.94 -45.44 -44.94 -44.41 -43.88 -43.38
-42.62 -42.72 -42.88 -43.06 -43.28 -43.53 -43.78 -44.03 -44.31 -44.56 -44.81 -45.06 -45.34 -45.59 -45.88 -46.16 -46.44 -46.72 -47.03 -47.34 -47.69 -48.00 -48.31 -48.62 -48.94 -49.25 -49.53 -49.81 -50.09 -50.34 -50.56 -50.78 -51.00 -51.19 -51.34 -51.50 -51.62 -51.75 -51.84 -51.94 -52.00 -52.03 -52.06 -52.06 -52.06 -52.03 -51.97 -51.88 -51.75 -51.59 -51.41 -51.22 -50.97 -50.72 -50.44 -50.12 -49.81 -49.47 -49.12 -48.78 -48.44 -48.03 -47.59 -47.12 -46.62 -46.12 -45.59 -45.06 -44.53 -44.00 -43.47
-42.69 -42.78 -42.97 -43.19 -43.41 -43.66 -43.94 -44.19 -44.47 -44.75 -45.00 -45.28 -45.56 -45.81 -46.09 -46.34 -46.62 -46.91 -47.19 -47.47 -47.78 -48.09 -48.41 -48.69 -49.00 -49.28 -49.56 -49.84 -50.09 -50.34 -50.59 -50.81 -51.03 -51.22 -51.38 -51.53 -51.69 -51.78 -51.91 -51.97 -52.06 -52.09 -52.12 -52.12 -52.12 -52.09 -52.03 -51.94 -51.81 -51.69 -51.50 -51.31 -51.09 -50.84 -50.59 -50.31 -50.03 -49.72 -49.41 -49.06 -48.69 -48.25 -47.78 -47.25 -46.75 -46.22 -45.69 -45.16 -44.62 -44.09 -43.56
-42.75 -42.88 -43.06 -43.25 -43.50 -43.78 -44.06 -44.34 -44.66 -44.94 -45.22 -45.50 -45.78 -46.06 -46.34 -46.59 -46.88 -47.12 -47.41 -47.69 -47.97 -48.25 -48.56 -48.81 -49.09 -49.38 -49.66 -49.91 -50.16 -50.41 -50.66 -50.88 -51.09 -51.28 -51.44 -51.59 -51.72 -51.84 -51.97 -52.03 -52.12 -52.16 -52.19 -52.22 -52.19 -52.16 -52.12 -52.03 -51.91 -51.78 -51.62 -51.44 -51.22 -51.00 -50.78 -50.53 -50.25 -49.97 -49.62 -49.25 -48.81 -48.34 -47.84 -47.31 -46.78 -46.22 -45.69 -45.16 -44.62 -44.12 -43.62
-42.84 -42.94 -43.12 -43.34 -43.59 -43.88 -44.19 -44.50 -44.81 -45.09 -45.41 -45.72 -46.00 -46.31 -46.59 -46.88 -47.16 -47.44 -47.69 -47.97 -48.25 -48.50 -48.78 -49.06 -49.31 -49.56 -49.81 -50.06 -50.28 -50.53 -50.75 -50.97 -51.19 -51.34 -51.53 -51.66 -51.81 -51.94 -52.03 -52.12 -52.19 -52.25 -52.28 -52.28 -52.28 -52.25 -52.22 -52.12 -52.03 -51.91 -51.75 -51.56 -51.41 -51.19 -50.97 -50.72 -50.44 -50.12 -49.75 -49.34 -48.88 -48.38 -47.84 -47.31 -46.75 -46.22 -45.66 -45.12 -44.62 -44.12 -43.66
