everonasctiles/Tile[47,15].asc
ncols 128
nrows 128
xllcorner 0
yllcorner 0
cellsize 2.0
NODATA_value  -9999
[rows 87 to 115 of 128, columns 0 to 66 of 128]
-124.84 -124.94 -125.06 -125.19 -125.31 -125.44 -125.53 -125.56 -125.62 -125.66 -125.66 -125.66 -125.69 -125.72 -125.69 -125.59 -125.44 -125.25 -125.06 -124.91 -124.88 -124.94 -124.97 -124.94 -124.84 -124.72 -124.56 -124.44 -124.28 -124.09 -123.88 -123.62 -123.28 -122.94 -122.59 -122.28 -122.00 -121.84 -121.72 -121.56 -121.41 -121.22 -121.06 -120.94 -120.81 -120.69 -120.50 -120.22 -119.84 -119.47 -119.06 -118.66 -118.22 -117.81 -117.41 -117.03 -116.69 -116.47 -116.31 -116.16 -116.03 -115.81 -115.59 -115.34 -115.06 -114.75 -114.44
-124.62 -124.72 -124.81 -124.97 -125.06 -125.16 -125.22 -125.28 -125.28 -125.31 -125.31 -125.31 -125.34 -125.38 -125.34 -125.28 -125.19 -125.06 -124.91 -124.75 -124.69 -124.72 -124.72 -124.62 -124.50 -124.34 -124.19 -124.03 -123.88 -123.72 -123.56 -123.31 -123.03 -122.72 -122.41 -122.09 -121.81 -121.59 -121.41 -121.25 -121.09 -120.91 -120.75 -120.59 -120.50 -120.41 -120.25 -120.03 -119.72 -119.34 -118.97 -118.56 -118.16 -117.75 -117.34 -117.00 -116.69 -116.41 -116.22 -116.03 -115.88 -115.69 -115.44 -115.22 -114.94 -114.66 -114.38
-124.44 -124.50 -124.62 -124.72 -124.84 -124.91 -124.94 -124.97 -124.97 -124.97 -124.97 -124.97 -125.00 -125.03 -125.00 -125.00 -124.94 -124.84 -124.72 -124.59 -124.53 -124.50 -124.47 -124.38 -124.22 -124.03 -123.84 -123.66 -123.50 -123.34 -123.19 -123.00 -122.75 -122.47 -122.19 -121.91 -121.62 -121.38 -121.16 -120.97 -120.78 -120.59 -120.44 -120.28 -120.19 -120.09 -119.97 -119.81 -119.56 -119.22 -118.88 -118.47 -118.09 -117.69 -117.31 -116.97 -116.66 -116.38 -116.12 -115.91 -115.69 -115.50 -115.28 -115.03 -114.78 -114.53 -114.28
-124.25 -124.31 -124.41 -124.50 -124.59 -124.66 -124.66 -124.66 -124.66 -124.66 -124.62 -124.66 -124.66 -124.69 -124.69 -124.69 -124.69 -124.66 -124.59 -124.47 -124.38 -124.31 -124.22 -124.09 -123.94 -123.72 -123.53 -123.31 -123.12 -122.97 -122.81 -122.66 -122.44 -122.22 -121.94 -121.69 -121.41 -121.12 -120.91 -120.69 -120.47 -120.28 -120.12 -119.97 -119.84 -119.78 -119.69 -119.56 -119.34 -119.09 -118.78 -118.41 -118.03 -117.66 -117.31 -116.94 -116.59 -116.28 -116.00 -115.75 -115.50 -115.31 -115.06 -114.84 -114.62 -114.41 -114.16
-124.06 -124.12 -124.19 -124.28 -124.34 -124.41 -124.41 -124.38 -124.34 -124.34 -124.31 -124.31 -124.34 -124.38 -124.41 -124.44 -124.47 -124.47 -124.44 -124.34 -124.25 -124.12 -124.03 -123.88 -123.69 -123.47 -123.22 -123.00 -122.78 -122.62 -122.47 -122.31 -122.12 -121.91 -121.69 -121.44 -121.16 -120.91 -120.62 -120.41 -120.19 -120.00 -119.81 -119.66 -119.53 -119.44 -119.38 -119.25 -119.12 -118.94 -118.66 -118.31 -117.97 -117.62 -117.25 -116.88 -116.53 -116.19 -115.84 -115.56 -115.31 -115.06 -114.84 -114.62 -114.41 -114.19 -114.00
-123.91 -123.97 -124.00 -124.06 -124.12 -124.16 -124.12 -124.09 -124.06 -124.03 -124.00 -124.03 -124.06 -124.09 -124.16 -124.19 -124.25 -124.28 -124.28 -124.22 -124.12 -124.00 -123.84 -123.66 -123.47 -123.22 -123.00 -122.72 -122.47 -122.28 -122.16 -122.00 -121.81 -121.62 -121.41 -121.16 -120.91 -120.62 -120.38 -120.12 -119.91 -119.69 -119.53 -119.38 -119.25 -119.16 -119.06 -118.94 -118.84 -118.69 -118.47 -118.19 -117.88 -117.53 -117.16 -116.78 -116.41 -116.03 -115.69 -115.38 -115.09 -114.84 -114.62 -114.41 -114.19 -113.97 -113.78
-123.78 -123.81 -123.81 -123.88 -123.91 -123.91 -123.91 -123.84 -123.81 -123.78 -123.75 -123.75 -123.81 -123.88 -123.94 -124.00 -124.06 -124.09 -124.09 -124.06 -123.97 -123.84 -123.69 -123.50 -123.28 -123.03 -122.78 -122.50 -122.22 -122.00 -121.84 -121.72 -121.53 -121.34 -121.12 -120.88 -120.62 -120.38 -120.12 -119.84 -119.62 -119.41 -119.22 -119.09 -118.94 -118.84 -118.75 -118.66 -118.53 -118.41 -118.25 -118.03 -117.75 -117.41 -117.06 -116.69 -116.31 -115.91 -115.53 -115.16 -114.84 -114.56 -114.34 -114.12 -113.94 -113.72 -113.56
-123.66 -123.66 -123.66 -123.66 -123.69 -123.69 -123.66 -123.62 -123.56 -123.53 -123.53 -123.56 -123.59 -123.69 -123.75 -123.84 -123.91 -123.94 -123.94 -123.91 -123.84 -123.72 -123.56 -123.38 -123.12 -122.91 -122.62 -122.38 -122.09 -121.84 -121.66 -121.50 -121.31 -121.12 -120.91 -120.66 -120.38 -120.12 -119.88 -119.62 -119.38 -119.16 -118.94 -118.78 -118.66 -118.56 -118.44 -118.34 -118.22 -118.12 -118.00 -117.81 -117.59 -117.31 -116.97 -116.59 -116.19 -115.78 -115.34 -114.94 -114.59 -114.31 -114.06 -113.88 -113.66 -113.47 -113.28
-123.53 -123.50 -123.50 -123.50 -123.47 -123.47 -123.44 -123.41 -123.38 -123.34 -123.34 -123.41 -123.47 -123.53 -123.62 -123.69 -123.75 -123.75 -123.72 -123.72 -123.66 -123.56 -123.44 -123.25 -123.03 -122.78 -122.53 -122.28 -122.03 -121.81 -121.59 -121.38 -121.19 -120.97 -120.72 -120.44 -120.19 -119.91 -119.62 -119.38 -119.16 -118.91 -118.69 -118.53 -118.38 -118.28 -118.16 -118.06 -117.94 -117.81 -117.69 -117.56 -117.38 -117.12 -116.81 -116.44 -116.06 -115.62 -115.22 -114.78 -114.38 -114.03 -113.78 -113.59 -113.41 -113.22 -113.03
-123.41 -123.41 -123.38 -123.34 -123.31 -123.28 -123.25 -123.22 -123.19 -123.19 -123.22 -123.28 -123.34 -123.41 -123.50 -123.56 -123.56 -123.56 -123.53 -123.53 -123.47 -123.41 -123.28 -123.12 -122.94 -122.72 -122.47 -122.22 -122.00 -121.75 -121.53 -121.31 -121.09 -120.84 -120.59 -120.31 -120.00 -119.72 -119.44 -119.19 -118.94 -118.69 -118.47 -118.28 -118.12 -118.00 -117.88 -117.78 -117.66 -117.56 -117.44 -117.31 -117.16 -116.94 -116.62 -116.28 -115.88 -115.47 -115.06 -114.62 -114.22 -113.81 -113.53 -113.34 -113.16 -112.97 -112.78
-123.34 -123.31 -123.25 -123.22 -123.19 -123.12 -123.09 -123.06 -123.06 -123.06 -123.12 -123.19 -123.25 -123.31 -123.38 -123.44 -123.44 -123.41 -123.38 -123.31 -123.28 -123.22 -123.12 -123.00 -122.81 -122.62 -122.41 -122.19 -121.94 -121.72 -121.50 -121.28 -121.03 -120.78 -120.50 -120.22 -119.91 -119.59 -119.28 -119.00 -118.75 -118.50 -118.28 -118.06 -117.88 -117.75 -117.62 -117.50 -117.41 -117.28 -117.19 -117.03 -116.88 -116.69 -116.41 -116.06 -115.69 -115.28 -114.88 -114.47 -114.06 -113.69 -113.34 -113.12 -112.94 -112.75 -112.56
-123.28 -123.22 -123.19 -123.12 -123.06 -123.03 -123.00 -122.97 -122.97 -123.00 -123.03 -123.09 -123.19 -123.25 -123.28 -123.31 -123.28 -123.25 -123.19 -123.12 -123.09 -123.03 -122.94 -122.81 -122.69 -122.53 -122.31 -122.09 -121.88 -121.66 -121.44 -121.22 -120.97 -120.72 -120.44 -120.12 -119.81 -119.47 -119.16 -118.84 -118.59 -118.31 -118.09 -117.84 -117.66 -117.50 -117.34 -117.25 -117.16 -117.06 -116.94 -116.81 -116.62 -116.44 -116.16 -115.81 -115.44 -115.06 -114.69 -114.31 -113.94 -113.59 -113.25 -112.97 -112.75 -112.56 -112.34
-123.22 -123.19 -123.12 -123.06 -123.03 -122.97 -122.94 -122.91 -122.94 -122.94 -123.00 -123.06 -123.12 -123.16 -123.19 -123.19 -123.16 -123.09 -123.03 -122.97 -122.88 -122.81 -122.72 -122.62 -122.50 -122.38 -122.19 -122.00 -121.81 -121.59 -121.38 -121.16 -120.91 -120.66 -120.38 -120.06 -119.72 -119.38 -119.03 -118.72 -118.44 -118.16 -117.91 -117.66 -117.44 -117.25 -117.12 -117.00 -116.94 -116.84 -116.72 -116.56 -116.41 -116.19 -115.91 -115.59 -115.25 -114.88 -114.50 -114.12 -113.78 -113.47 -113.19 -112.91 -112.66 -112.44 -112.19
-123.19 -123.12 -123.09 -123.03 -123.00 -122.94 -122.94 -122.91 -122.91 -122.94 -122.97 -123.03 -123.06 -123.09 -123.09 -123.09 -123.03 -122.97 -122.88 -122.78 -122.69 -122.59 -122.50 -122.41 -122.28 -122.16 -122.03 -121.88 -121.72 -121.53 -121.31 -121.09 -120.84 -120.56 -120.28 -119.97 -119.66 -119.28 -118.94 -118.59 -118.28 -118.00 -117.75 -117.50 -117.25 -117.06 -116.91 -116.78 -116.72 -116.62 -116.50 -116.34 -116.19 -115.97 -115.72 -115.41 -115.06 -114.72 -114.34 -114.00 -113.69 -113.38 -113.12 -112.88 -112.59 -112.34 -112.09
-123.09 -123.09 -123.06 -123.03 -122.97 -122.94 -122.94 -122.94 -122.94 -122.97 -123.00 -123.03 -123.06 -123.06 -123.03 -123.00 -122.94 -122.88 -122.75 -122.66 -122.53 -122.41 -122.28 -122.16 -122.06 -121.94 -121.81 -121.69 -121.56 -121.44 -121.25 -121.03 -120.78 -120.50 -120.19 -119.88 -119.53 -119.19 -118.84 -118.47 -118.16 -117.84 -117.56 -117.31 -117.06 -116.88 -116.72 -116.59 -116.50 -116.41 -116.28 -116.12 -115.97 -115.75 -115.50 -115.22 -114.91 -114.56 -114.25 -113.91 -113.59 -113.31 -113.06 -112.81 -112.56 -112.28 -112.00
-123.03 -123.03 -123.03 -123.00 -122.97 -122.97 -122.94 -122.97 -122.97 -123.00 -123.03 -123.03 -123.03 -123.03 -123.00 -122.94 -122.88 -122.78 -122.66 -122.53 -122.38 -122.22 -122.06 -121.94 -121.84 -121.72 -121.59 -121.47 -121.38 -121.25 -121.12 -120.94 -120.69 -120.41 -120.09 -119.78 -119.44 -119.06 -118.72 -118.34 -118.00 -117.66 -117.38 -117.12 -116.88 -116.69 -116.53 -116.41 -116.31 -116.22 -116.06 -115.94 -115.75 -115.56 -115.34 -115.06 -114.78 -114.47 -114.16 -113.81 -113.53 -113.25 -113.03 -112.78 -112.50 -112.22 -111.94
-122.91 -122.94 -122.97 -122.97 -122.97 -122.97 -122.97 -123.00 -123.00 -123.03 -123.03 -123.06 -123.06 -123.03 -122.97 -122.91 -122.84 -122.72 -122.59 -122.44 -122.25 -122.09 -121.91 -121.75 -121.62 -121.50 -121.38 -121.25 -121.16 -121.06 -120.97 -120.81 -120.59 -120.34 -120.03 -119.69 -119.34 -118.97 -118.59 -118.19 -117.81 -117.47 -117.16 -116.91 -116.69 -116.50 -116.34 -116.22 -116.12 -116.03 -115.88 -115.75 -115.56 -115.38 -115.16 -114.91 -114.62 -114.34 -114.03 -113.75 -113.47 -113.19 -112.97 -112.72 -112.47 -112.19 -111.88
-122.81 -122.84 -122.91 -122.91 -122.94 -122.97 -122.97 -123.00 -123.03 -123.06 -123.06 -123.09 -123.06 -123.03 -122.97 -122.91 -122.81 -122.69 -122.56 -122.38 -122.19 -121.97 -121.78 -121.56 -121.41 -121.28 -121.12 -121.00 -120.91 -120.81 -120.75 -120.66 -120.50 -120.25 -119.97 -119.62 -119.25 -118.88 -118.50 -118.09 -117.66 -117.25 -116.94 -116.69 -116.47 -116.28 -116.16 -116.03 -115.94 -115.84 -115.72 -115.56 -115.41 -115.22 -114.97 -114.75 -114.50 -114.22 -113.94 -113.66 -113.38 -113.12 -112.91 -112.69 -112.44 -112.16 -111.84
-122.69 -122.75 -122.81 -122.84 -122.91 -122.94 -122.97 -123.03 -123.06 -123.09 -123.09 -123.09 -123.06 -123.03 -122.97 -122.91 -122.81 -122.69 -122.53 -122.38 -122.16 -121.94 -121.69 -121.47 -121.22 -121.03 -120.88 -120.75 -120.66 -120.59 -120.53 -120.47 -120.34 -120.16 -119.88 -119.56 -119.22 -118.84 -118.44 -118.03 -117.56 -117.06 -116.62 -116.38 -116.22 -116.06 -115.97 -115.88 -115.78 -115.69 -115.56 -115.41 -115.25 -115.03 -114.81 -114.59 -114.34 -114.09 -113.84 -113.56 -113.31 -113.09 -112.84 -112.66 -112.41 -112.16 -111.88
-122.56 -122.66 -122.72 -122.78 -122.84 -122.91 -122.97 -123.00 -123.06 -123.09 -123.09 -123.06 -123.03 -123.00 -122.94 -122.88 -122.81 -122.69 -122.53 -122.38 -122.16 -121.94 -121.69 -121.41 -121.12 -120.84 -120.62 -120.47 -120.38 -120.34 -120.28 -120.22 -120.16 -120.00 -119.78 -119.50 -119.16 -118.81 -118.41 -118.03 -117.59 -117.12 -116.56 -116.16 -115.94 -115.84 -115.78 -115.72 -115.62 -115.53 -115.41 -115.28 -115.12 -114.91 -114.69 -114.47 -114.25 -114.00 -113.78 -113.53 -113.28 -113.06 -112.84 -112.62 -112.41 -112.16 -111.88
-122.44 -122.56 -122.66 -122.72 -122.81 -122.88 -122.94 -123.00 -123.03 -123.06 -123.03 -123.00 -122.97 -122.94 -122.91 -122.84 -122.78 -122.69 -122.53 -122.38 -122.19 -121.94 -121.69 -121.44 -121.16 -120.84 -120.53 -120.22 -120.09 -120.06 -120.03 -120.00 -119.94 -119.84 -119.66 -119.41 -119.09 -118.75 -118.38 -118.00 -117.59 -117.19 -116.72 -116.25 -115.97 -115.84 -115.75 -115.66 -115.56 -115.47 -115.34 -115.19 -115.03 -114.84 -114.62 -114.41 -114.19 -113.97 -113.75 -113.53 -113.28 -113.06 -112.81 -112.59 -112.38 -112.16 -111.91
-122.34 -122.47 -122.56 -122.66 -122.75 -122.81 -122.91 -122.94 -122.97 -122.97 -122.97 -122.94 -122.88 -122.84 -122.81 -122.75 -122.72 -122.62 -122.53 -122.38 -122.19 -121.97 -121.72 -121.47 -121.19 -120.91 -120.59 -120.25 -119.91 -119.75 -119.75 -119.75 -119.72 -119.62 -119.50 -119.28 -119.00 -118.69 -118.34 -118.00 -117.62 -117.22 -116.84 -116.47 -116.19 -116.03 -115.88 -115.75 -115.62 -115.50 -115.34 -115.19 -115.03 -114.84 -114.62 -114.44 -114.22 -114.00 -113.78 -113.56 -113.31 -113.06 -112.81 -112.59 -112.38 -112.16 -111.94
-122.25 -122.38 -122.50 -122.59 -122.69 -122.78 -122.84 -122.88 -122.91 -122.91 -122.88 -122.81 -122.78 -122.72 -122.69 -122.66 -122.59 -122.56 -122.47 -122.34 -122.19 -122.00 -121.78 -121.53 -121.25 -120.94 -120.66 -120.34 -119.97 -119.66 -119.50 -119.50 -119.47 -119.41 -119.31 -119.12 -118.88 -118.59 -118.28 -117.97 -117.59 -117.25 -116.91 -116.59 -116.38 -116.16 -116.00 -115.88 -115.72 -115.59 -115.44 -115.25 -115.09 -114.88 -114.69 -114.50 -114.28 -114.06 -113.81 -113.59 -113.34 -113.09 -112.84 -112.59 -112.38 -112.16 -111.94
-122.19 -122.31 -122.44 -122.53 -122.62 -122.69 -122.75 -122.78 -122.81 -122.78 -122.75 -122.69 -122.62 -122.59 -122.56 -122.50 -122.47 -122.44 -122.38 -122.31 -122.19 -122.00 -121.81 -121.56 -121.31 -121.00 -120.72 -120.41 -120.06 -119.72 -119.44 -119.28 -119.25 -119.19 -119.09 -118.91 -118.69 -118.44 -118.19 -117.88 -117.56 -117.28 -116.97 -116.72 -116.47 -116.28 -116.12 -115.97 -115.84 -115.69 -115.50 -115.34 -115.16 -114.97 -114.78 -114.56 -114.34 -114.09 -113.88 -113.62 -113.38 -113.09 -112.84 -112.59 -112.38 -112.16 -111.97
-122.12 -122.25 -122.38 -122.47 -122.56 -122.62 -122.66 -122.69 -122.69 -122.66 -122.62 -122.56 -122.50 -122.44 -122.41 -122.38 -122.34 -122.28 -122.25 -122.22 -122.12 -122.00 -121.81 -121.59 -121.34 -121.06 -120.75 -120.44 -120.12 -119.81 -119.50 -119.25 -119.09 -119.00 -118.88 -118.69 -118.50 -118.25 -118.00 -117.75 -117.50 -117.25 -117.00 -116.78 -116.56 -116.41 -116.25 -116.09 -115.94 -115.78 -115.59 -115.44 -115.25 -115.06 -114.88 -114.66 -114.41 -114.16 -113.91 -113.62 -113.38 -113.09 -112.84 -112.59 -112.34 -112.16 -111.97
-122.06 -122.19 -122.31 -122.41 -122.47 -122.53 -122.56 -122.56 -122.56 -122.56 -122.50 -122.41 -122.34 -122.28 -122.22 -122.19 -122.16 -122.12 -122.09 -122.09 -122.03 -121.94 -121.81 -121.59 -121.38 -121.09 -120.81 -120.50 -120.19 -119.88 -119.56 -119.28 -119.03 -118.84 -118.66 -118.47 -118.28 -118.06 -117.81 -117.59 -117.38 -117.16 -116.97 -116.78 -116.62 -116.47 -116.31 -116.19 -116.03 -115.84 -115.69 -115.50 -115.34 -115.16 -114.94 -114.72 -114.47 -114.19 -113.91 -113.62 -113.34 -113.09 -112.81 -112.56 -112.34 -112.12 -111.97
-122.03 -122.16 -122.25 -122.31 -122.38 -122.41 -122.44 -122.44 -122.47 -122.44 -122.38 -122.28 -122.19 -122.09 -122.03 -122.00 -121.97 -121.97 -121.94 -121.94 -121.91 -121.84 -121.75 -121.56 -121.34 -121.09 -120.81 -120.53 -120.22 -119.91 -119.59 -119.28 -119.00 -118.72 -118.50 -118.25 -118.03 -117.81 -117.59 -117.38 -117.19 -117.03 -116.88 -116.75 -116.62 -116.50 -116.34 -116.22 -116.06 -115.91 -115.75 -115.59 -115.41 -115.22 -115.00 -114.78 -114.50 -114.22 -113.94 -113.66 -113.34 -113.06 -112.81 -112.56 -112.34 -112.16 -111.97
-121.97 -122.09 -122.16 -122.22 -122.28 -122.28 -122.31 -122.34 -122.34 -122.31 -122.25 -122.12 -122.03 -121.91 -121.84 -121.81 -121.78 -121.78 -121.78 -121.78 -121.75 -121.72 -121.62 -121.50 -121.31 -121.09 -120.81 -120.53 -120.25 -119.94 -119.62 -119.28 -118.97 -118.66 -118.34 -118.06 -117.81 -117.59 -117.38 -117.16 -117.00 -116.84 -116.75 -116.66 -116.53 -116.44 -116.31 -116.19 -116.06 -115.94 -115.78 -115.62 -115.44 -115.25 -115.03 -114.78 -114.53 -114.25 -113.97 -113.66 -113.38 -113.09 -112.81 -112.56 -112.38 -112.19 -112.00
-121.88 -122.00 -122.06 -122.12 -122.16 -122.16 -122.19 -122.19 -122.22 -122.19 -122.09 -122.00 -121.88 -121.75 -121.66 -121.59 -121.56 -121.56 -121.59 -121.59 -121.59 -121.56 -121.47 -121.38 -121.22 -121.03 -120.81 -120.53 -120.25 -119.94 -119.62 -119.31 -118.97 -118.62 -118.25 -117.91 -117.59 -117.34 -117.16 -116.97 -116.81 -116.69 -116.59 -116.50 -116.41 -116.34 -116.25 -116.16 -116.03 -115.91 -115.78 -115.62 -115.44 -115.25 -115.00 -114.78 -114.50 -114.25 -113.97 -113.69 -113.41 -113.12 -112.88 -112.66 -112.44 -112.25 -112.06
