everonasctiles/Tile11,24.asc
ncols 128
nrows 128
xllcorner 0
yllcorner 0
cellsize 2.0
NODATA_value  -9999
[rows 34 to 67 of 128, columns 0 to 74 of 128]
85.91 85.91 86.09 86.16 86.22 86.28 86.34 86.41 86.47 86.50 86.56 86.59 86.62 86.62 86.62 86.59 86.62 86.69 86.78 86.88 86.94 87.00 87.03 87.06 87.06 87.09 87.09 87.12 87.16 87.16 87.19 87.19 87.22 87.22 87.25 87.25 87.25 87.28 87.31 87.34 87.41 87.50 87.56 87.62 87.72 87.94 88.16 88.31 88.47 88.66 88.81 88.97 89.12 89.28 89.44 89.59 89.75 89.91 89.91 89.69 89.47 89.50 89.59 89.72 89.78 89.84 89.88 89.94 90.03 90.16 90.28 90.41 90.56 90.69 90.81
86.06 86.16 86.22 86.28 86.34 86.38 86.44 86.50 86.59 86.62 86.69 86.69 86.72 86.75 86.78 86.78 86.84 86.91 86.97 87.03 87.09 87.12 87.12 87.16 87.16 87.16 87.19 87.19 87.22 87.25 87.25 87.28 87.31 87.31 87.34 87.34 87.38 87.38 87.41 87.47 87.53 87.59 87.69 87.78 87.94 88.09 88.22 88.34 88.53 88.75 88.91 89.06 89.22 89.38 89.53 89.69 89.84 90.00 90.16 90.28 90.19 90.00 89.91 89.97 90.03 90.09 90.16 90.22 90.31 90.44 90.59 90.75 90.91 91.03 91.16
86.25 86.31 86.38 86.41 86.44 86.50 86.56 86.66 86.72 86.75 86.78 86.81 86.81 86.88 86.91 86.94 86.97 87.03 87.09 87.12 87.16 87.19 87.19 87.22 87.22 87.25 87.25 87.28 87.28 87.31 87.34 87.38 87.41 87.44 87.44 87.47 87.50 87.50 87.53 87.59 87.66 87.75 87.84 88.00 88.16 88.31 88.44 88.53 88.62 88.78 88.97 89.16 89.31 89.47 89.62 89.78 89.94 90.09 90.25 90.41 90.59 90.62 90.50 90.28 90.28 90.34 90.44 90.50 90.59 90.72 90.91 91.06 91.22 91.38 91.50
86.44 86.47 86.50 86.53 86.56 86.59 86.66 86.78 86.88 86.91 86.97 86.97 86.97 86.97 87.00 87.03 87.09 87.16 87.19 87.19 87.22 87.22 87.25 87.25 87.25 87.28 87.28 87.06 87.34 87.41 87.34 87.34 87.34 87.34 87.34 87.34 87.34 87.66 87.69 87.75 87.81 87.91 88.03 88.22 88.41 88.56 88.72 88.88 89.00 89.09 89.09 89.22 89.41 89.56 89.72 89.88 90.03 90.19 90.38 90.53 90.69 90.84 90.97 90.91 90.72 90.62 90.69 90.75 90.84 91.03 91.25 91.41 91.56 91.72 91.81
86.62 86.66 86.69 86.69 86.69 86.66 86.81 87.00 87.09 87.06 87.06 87.06 87.12 87.16 87.12 87.16 87.22 87.22 87.22 87.25 87.25 87.28 87.28 87.28 87.28 87.06 87.06 87.06 87.06 87.47 87.34 87.34 87.34 87.34 87.34 87.34 87.34 87.81 87.88 87.94 88.00 88.12 88.28 88.47 88.66 88.84 89.03 89.22 89.53 89.66 89.56 89.59 89.62 89.69 89.81 89.97 90.16 90.31 90.47 90.62 90.78 90.94 91.12 91.28 91.31 91.16 91.00 91.03 91.09 91.31 91.56 91.72 91.84 92.00 92.06
86.81 86.84 86.88 86.94 86.94 87.00 87.09 87.16 87.16 87.19 87.19 87.19 87.22 87.25 87.28 87.28 87.28 87.28 87.28 87.28 87.31 87.31 87.31 87.31 87.31 87.06 87.06 87.06 87.06 87.56 87.47 87.47 87.47 87.34 87.34 87.34 87.34 88.00 88.06 88.12 88.22 88.34 88.56 88.75 88.94 89.12 89.28 89.50 89.88 90.09 90.28 90.53 90.53 90.22 90.06 90.09 90.25 90.41 90.56 90.75 90.91 91.06 91.22 91.41 91.59 91.72 91.62 91.41 91.34 91.59 91.84 92.03 92.16 92.25 92.34
87.00 87.06 87.09 87.22 87.22 87.19 87.19 87.22 87.22 87.28 87.28 87.28 87.28 87.31 87.31 87.34 87.28 87.28 87.31 87.31 87.34 87.34 87.34 87.34 87.31 87.34 87.31 87.38 87.59 87.47 87.47 87.47 87.47 87.41 87.38 87.62 87.69 88.19 88.28 88.34 88.44 88.59 88.78 89.00 89.22 89.41 89.56 89.75 90.06 90.38 90.91 91.19 91.16 91.03 90.75 90.50 90.47 90.53 90.69 90.84 91.00 91.19 91.34 91.53 91.69 91.88 92.03 92.06 91.91 91.88 92.12 92.31 92.44 92.53 92.59
87.25 87.28 87.28 87.28 87.25 87.25 87.25 87.25 87.28 87.28 87.28 87.28 87.28 87.34 87.34 87.38 87.31 87.28 87.31 87.34 87.38 87.41 87.44 87.44 87.31 87.38 87.56 87.66 87.78 87.84 87.47 87.47 87.47 87.75 87.88 88.03 88.16 88.34 88.50 88.59 88.72 88.88 89.06 89.28 89.50 89.72 89.88 90.06 90.34 90.78 91.34 91.47 91.44 91.38 91.28 91.12 91.03 90.88 90.81 90.94 91.12 91.31 91.47 91.66 91.81 92.00 92.19 92.34 92.47 92.44 92.44 92.56 92.75 92.88 92.91
87.28 87.28 87.28 87.28 87.28 87.28 87.28 87.28 87.28 87.28 87.28 87.28 87.28 87.31 87.41 87.41 87.41 87.31 87.31 87.41 87.50 87.56 87.59 87.62 87.62 87.78 87.81 87.88 87.94 88.00 88.03 88.06 88.09 88.19 88.28 88.38 88.50 88.62 88.78 88.88 89.00 89.19 89.38 89.59 89.84 90.03 90.19 90.56 90.78 91.25 91.50 91.53 91.53 91.53 91.50 91.47 91.47 91.38 91.22 91.16 91.25 91.44 91.59 91.78 91.94 92.12 92.31 92.47 92.62 92.78 92.84 92.91 93.03 93.16 93.22
87.28 87.28 87.28 87.28 87.28 87.28 87.28 87.28 87.28 87.28 87.28 87.28 87.28 87.28 87.44 87.47 87.47 87.53 87.53 87.56 87.66 87.72 87.78 87.81 87.88 87.94 88.00 88.06 88.12 88.19 88.25 88.31 88.41 88.50 88.59 88.69 88.88 88.97 89.03 89.19 89.34 89.53 89.72 89.97 90.22 90.38 90.62 90.75 91.12 91.44 91.56 91.62 91.66 91.69 91.72 91.69 91.72 91.62 91.50 91.41 91.41 91.56 91.72 91.91 92.06 92.25 92.41 92.56 92.75 92.91 93.06 93.22 93.34 93.41 93.44
87.28 87.28 87.28 87.28 87.28 87.28 87.28 87.28 87.28 87.28 87.28 87.28 87.28 87.28 87.53 87.56 87.56 87.66 87.72 87.75 87.81 87.88 87.97 88.03 88.09 88.16 88.19 88.25 88.31 88.41 88.59 88.72 88.72 88.84 88.94 89.06 89.22 89.31 89.34 89.50 89.66 89.84 90.06 90.31 90.53 90.72 90.72 90.94 91.44 91.59 91.69 91.75 91.78 91.84 91.88 91.88 92.00 91.78 91.56 91.53 91.66 91.72 91.94 92.03 92.19 92.34 92.53 92.69 92.84 93.03 93.19 93.38 93.53 93.72 93.75
87.28 87.28 87.28 87.28 87.28 87.28 87.28 87.28 87.28 87.28 87.28 87.28 87.28 87.28 87.59 87.66 87.66 87.78 87.88 87.91 87.97 88.06 88.12 88.25 88.31 88.41 88.47 88.44 88.47 88.66 88.78 88.88 88.97 89.09 89.22 89.34 89.53 89.66 89.72 89.88 90.03 90.22 90.41 90.66 90.84 91.00 91.19 91.44 91.66 91.81 91.88 91.91 91.94 91.97 92.00 92.06 92.16 91.97 91.81 91.94 92.09 92.44 92.69 92.44 92.31 92.47 92.62 92.81 92.97 93.12 93.31 93.47 93.66 93.84 94.00
87.31 87.31 87.31 87.31 87.31 87.31 87.38 87.41 87.41 87.41 87.41 87.31 87.31 87.31 87.62 87.78 87.81 87.91 88.00 88.06 88.12 88.25 88.31 88.38 88.44 88.44 88.41 88.47 88.59 89.03 89.12 89.12 89.34 89.47 89.59 89.69 89.88 90.00 90.12 90.25 90.41 90.56 90.78 91.00 91.16 91.31 91.50 91.69 91.88 92.03 92.09 92.09 92.06 92.19 92.25 92.25 92.19 92.19 92.25 92.47 92.91 93.19 93.34 93.28 92.94 92.69 92.75 92.91 93.09 93.25 93.41 93.59 93.78 93.94 94.06
87.31 87.31 87.31 87.31 87.31 87.31 87.31 87.41 87.47 87.34 87.31 87.34 87.38 87.47 87.66 87.91 87.97 88.00 88.12 88.22 88.28 88.38 88.38 88.41 88.44 88.44 88.41 88.47 88.47 89.16 89.12 89.19 89.25 89.66 89.84 89.97 90.22 90.34 90.50 90.62 90.78 90.94 91.12 91.31 91.47 91.62 91.78 91.94 92.09 92.19 92.22 92.22 92.31 92.31 92.38 92.53 92.31 92.34 92.56 92.84 93.16 93.38 93.59 93.78 93.78 93.53 93.16 93.03 93.19 93.34 93.53 93.72 93.84 94.00 94.16
87.31 87.31 87.31 87.31 87.31 87.31 87.31 87.31 87.31 87.31 87.31 87.38 87.47 87.59 87.75 88.06 88.09 88.12 88.25 88.28 88.28 88.44 88.31 88.31 88.41 88.44 88.41 88.41 88.47 89.19 89.62 89.78 89.69 89.72 90.06 90.09 90.56 90.72 90.88 91.00 91.12 91.31 91.47 91.66 91.78 91.91 92.03 92.16 92.22 92.22 92.22 92.38 92.47 92.41 92.50 92.66 92.53 92.62 92.88 93.12 93.38 93.53 93.78 94.03 94.12 94.16 93.97 93.62 93.41 93.47 93.62 93.78 93.94 94.06 94.22
87.31 87.31 87.31 87.31 87.31 87.31 87.31 87.31 87.31 87.31 87.34 87.44 87.53 87.69 87.84 88.16 88.25 88.28 88.31 88.28 88.34 88.50 88.44 88.34 88.41 88.41 88.41 88.41 88.41 89.28 89.91 89.91 89.94 90.06 90.28 90.50 90.88 91.09 91.25 91.34 91.50 91.66 91.81 92.00 92.12 92.22 92.31 92.34 92.31 92.28 92.41 92.59 92.78 92.88 92.84 92.78 92.78 92.94 93.09 93.38 93.66 93.88 94.06 94.22 94.34 94.41 94.44 94.41 94.12 93.81 93.75 93.84 94.00 94.16 94.25
87.31 87.31 87.31 87.31 87.31 87.31 87.31 87.31 87.31 87.34 87.38 87.47 87.56 87.72 87.91 88.25 88.38 88.44 88.41 88.47 88.47 88.62 88.50 88.31 88.25 88.38 88.66 88.25 88.41 89.62 90.22 90.34 90.22 90.19 90.53 90.53 91.28 91.44 91.59 91.72 91.88 91.97 92.09 92.31 92.47 92.53 92.56 92.56 92.53 92.56 92.66 92.81 93.12 93.19 93.06 92.97 93.06 93.19 93.38 93.59 93.88 94.09 94.31 94.50 94.62 94.69 94.75 94.75 94.75 94.62 94.38 94.19 94.09 94.22 94.28
87.41 87.34 87.34 87.31 87.31 87.31 87.31 87.31 87.34 87.34 87.41 87.47 87.59 87.72 87.91 88.28 88.56 88.62 88.59 88.81 88.91 88.91 88.66 88.84 88.50 88.50 89.12 89.41 89.72 90.25 90.31 90.34 90.41 90.50 90.78 91.00 91.66 91.84 92.00 92.09 92.22 92.38 92.53 92.66 92.75 92.84 92.88 92.88 92.84 92.81 92.72 93.00 93.31 93.22 93.16 93.19 93.28 93.38 93.53 93.75 94.03 94.31 94.56 94.78 94.91 95.00 95.06 95.12 95.16 95.19 95.22 95.09 94.78 94.50 94.34
87.44 87.31 87.31 87.31 87.31 87.31 87.28 87.31 87.34 87.34 87.41 87.50 87.59 87.75 87.91 88.09 88.88 88.91 88.94 89.19 89.34 89.44 89.31 89.38 89.00 88.88 90.03 90.22 90.50 90.69 91.00 90.88 90.69 90.94 91.22 91.44 92.00 92.19 92.34 92.47 92.59 92.72 92.84 93.00 93.09 93.16 93.19 93.19 93.19 93.16 93.25 93.44 93.41 93.25 93.34 93.44 93.47 93.56 93.66 93.91 94.19 94.56 94.88 95.12 95.22 95.31 95.38 95.44 95.50 95.56 95.59 95.62 95.56 95.38 95.19
87.50 87.34 87.31 87.31 87.31 87.31 87.31 87.22 87.34 87.34 87.41 87.47 87.62 87.91 88.19 88.47 89.22 89.25 89.31 89.56 89.78 89.97 90.09 90.19 89.62 89.81 90.69 90.91 91.16 91.25 91.19 90.97 91.12 91.47 91.66 91.94 92.38 92.53 92.69 92.81 92.94 93.03 93.19 93.31 93.41 93.47 93.50 93.53 93.50 93.50 93.50 93.69 93.47 93.41 93.56 93.66 93.66 93.72 93.81 94.16 94.44 94.84 95.19 95.44 95.56 95.62 95.72 95.78 95.81 95.88 95.97 96.00 96.00 96.03 96.03
87.38 87.34 87.34 87.31 87.31 87.31 87.31 87.31 87.31 87.34 87.38 87.50 87.88 88.19 88.53 88.84 89.56 89.66 89.72 89.94 90.12 90.34 90.56 90.62 90.38 90.44 91.19 91.34 91.47 91.62 91.78 91.69 91.88 92.19 92.31 92.47 92.72 92.88 93.03 93.16 93.25 93.38 93.50 93.62 93.75 93.78 93.81 93.81 93.81 93.75 93.72 93.62 93.50 93.62 93.81 93.88 93.88 93.75 94.16 94.44 94.78 95.16 95.50 95.75 95.88 95.97 96.03 96.09 96.16 96.22 96.28 96.38 96.44 96.47 96.50
87.34 87.34 87.34 87.31 87.31 87.31 87.31 87.31 87.31 87.31 87.34 87.72 88.12 88.50 88.84 89.19 89.81 90.00 90.09 90.31 90.50 90.69 90.91 91.09 91.25 91.06 91.38 91.66 91.78 91.94 92.09 91.97 92.31 92.59 92.75 92.94 93.09 93.22 93.34 93.50 93.59 93.69 93.81 93.91 94.03 94.06 94.06 94.03 93.97 93.91 93.81 93.59 93.69 93.88 94.09 94.16 94.19 94.06 94.44 94.81 95.16 95.50 95.84 96.06 96.22 96.31 96.41 96.47 96.50 96.56 96.62 96.72 96.81 96.84 96.84
87.34 87.34 87.34 87.34 87.31 87.31 87.31 87.31 87.31 87.38 87.66 88.06 88.44 88.81 89.16 89.50 90.03 90.38 90.50 90.66 90.94 91.12 91.31 91.47 91.59 91.72 91.50 91.94 92.09 92.22 92.38 92.53 92.72 92.94 93.12 93.28 93.44 93.59 93.72 93.84 93.94 94.03 94.12 94.22 94.28 94.25 94.16 94.06 94.00 93.88 93.75 93.81 94.06 94.28 94.47 94.56 94.56 94.66 94.94 95.25 95.56 95.88 96.16 96.41 96.56 96.69 96.75 96.81 96.84 96.91 97.00 97.09 97.16 97.19 97.09
87.34 87.31 87.31 87.31 87.31 87.31 87.34 87.44 87.56 87.78 88.09 88.44 88.84 89.19 89.56 89.91 90.28 90.75 90.91 91.03 91.31 91.53 91.72 91.84 91.94 92.03 92.12 92.25 92.38 92.53 92.69 92.88 93.09 93.31 93.53 93.72 93.88 93.97 94.09 94.19 94.28 94.34 94.34 94.34 94.28 94.22 94.19 94.09 94.03 94.00 94.00 94.16 94.53 94.75 94.94 95.03 95.12 95.22 95.44 95.69 95.97 96.25 96.50 96.72 96.91 97.03 97.12 97.19 97.22 97.28 97.34 97.47 97.53 97.50 97.38
87.31 87.31 87.31 87.31 87.31 87.41 87.72 87.91 88.09 88.31 88.59 88.94 89.25 89.59 89.94 90.25 90.62 91.16 91.28 91.38 91.66 91.94 92.12 92.22 92.28 92.34 92.41 92.53 92.66 92.81 92.97 93.16 93.38 93.56 93.69 93.75 93.84 93.94 94.06 94.19 94.28 94.25 94.22 94.19 94.16 94.19 94.19 94.16 94.25 94.44 94.50 94.78 95.03 95.25 95.41 95.53 95.62 95.75 95.94 96.16 96.38 96.62 96.88 97.06 97.25 97.41 97.50 97.56 97.59 97.66 97.72 97.84 97.91 97.81 97.69
87.44 87.59 87.72 87.81 87.91 88.03 88.19 88.41 88.59 88.81 89.06 89.34 89.66 89.97 90.28 90.62 90.94 91.44 91.69 91.72 91.94 92.28 92.41 92.44 92.47 92.53 92.62 92.72 92.88 93.03 93.19 93.31 93.47 93.59 93.69 93.75 93.84 93.91 94.03 94.12 94.19 94.16 94.12 94.09 94.06 94.12 94.25 94.41 94.56 94.81 95.09 95.38 95.56 95.72 95.88 96.00 96.09 96.25 96.41 96.59 96.78 97.00 97.22 97.41 97.59 97.75 97.84 97.94 98.03 98.09 98.16 98.25 98.28 98.16 98.00
87.97 88.09 88.19 88.28 88.38 88.53 88.66 88.84 89.03 89.25 89.50 89.78 90.06 90.38 90.69 90.97 91.25 91.62 91.94 92.00 92.09 92.38 92.47 92.50 92.56 92.66 92.72 92.84 92.97 93.09 93.25 93.38 93.50 93.62 93.72 93.78 93.84 93.91 94.00 94.12 94.19 94.16 94.16 94.16 94.19 94.31 94.50 94.81 95.06 95.38 95.75 95.97 96.12 96.22 96.34 96.44 96.56 96.69 96.84 97.00 97.19 97.38 97.59 97.78 97.94 98.09 98.22 98.31 98.41 98.53 98.59 98.66 98.69 98.50 98.31
88.38 88.47 88.56 88.69 88.78 88.94 89.09 89.25 89.47 89.69 89.94 90.22 90.50 90.78 91.06 91.31 91.53 91.81 92.12 92.16 92.25 92.41 92.50 92.59 92.66 92.72 92.84 92.94 93.06 93.19 93.34 93.50 93.69 93.84 94.00 94.09 94.16 94.16 94.22 94.34 94.47 94.50 94.56 94.62 94.66 94.78 95.00 95.34 95.72 96.12 96.44 96.53 96.62 96.72 96.81 96.91 97.00 97.12 97.25 97.41 97.56 97.75 97.94 98.12 98.28 98.44 98.56 98.66 98.75 98.84 98.91 98.97 98.97 98.84 98.66
88.78 88.88 88.97 89.06 89.19 89.34 89.50 89.69 89.88 90.09 90.34 90.62 90.91 91.22 91.53 91.59 91.69 91.81 92.06 92.22 92.28 92.41 92.50 92.62 92.72 92.81 92.91 93.06 93.25 93.44 93.62 93.88 94.12 94.34 94.56 94.72 94.81 94.81 94.91 95.06 95.25 95.38 95.50 95.59 95.62 95.66 95.75 96.00 96.34 96.75 97.03 97.09 97.12 97.19 97.25 97.31 97.41 97.53 97.66 97.78 97.94 98.09 98.28 98.44 98.62 98.75 98.84 98.94 99.03 99.12 99.19 99.22 99.22 99.12 98.94
89.19 89.25 89.34 89.44 89.56 89.69 89.88 90.06 90.25 90.47 90.75 91.16 91.34 91.44 91.53 91.62 91.75 91.88 92.00 92.19 92.28 92.41 92.53 92.69 92.78 92.91 93.09 93.34 93.62 93.94 94.28 94.62 94.94 95.22 95.47 95.62 95.69 95.75 95.84 96.00 96.28 96.50 96.66 96.78 96.84 96.84 96.81 96.81 96.94 97.25 97.50 97.56 97.56 97.59 97.66 97.72 97.81 97.91 98.00 98.16 98.31 98.44 98.59 98.78 98.94 99.03 99.12 99.22 99.31 99.38 99.41 99.44 99.47 99.34 99.19
89.53 89.59 89.69 89.78 89.88 90.03 90.25 90.50 90.66 90.78 91.00 91.16 91.28 91.44 91.56 91.69 91.78 91.91 92.06 92.22 92.34 92.50 92.62 92.75 92.88 93.09 93.38 93.78 94.25 94.69 95.16 95.56 95.94 96.22 96.44 96.59 96.66 96.69 96.75 96.88 97.09 97.34 97.59 97.81 97.97 97.97 97.81 97.56 97.50 97.69 97.91 98.00 97.91 97.94 98.00 98.09 98.19 98.28 98.41 98.50 98.62 98.78 98.91 99.06 99.19 99.28 99.38 99.47 99.53 99.59 99.62 99.66 99.69 99.56 99.41
89.91 89.97 90.00 90.12 90.22 90.28 90.41 90.53 90.66 90.84 91.00 91.16 91.28 91.44 91.56 91.69 91.84 91.97 92.09 92.25 92.41 92.53 92.69 92.84 93.06 93.38 93.78 94.34 94.88 95.44 95.97 96.38 96.66 96.88 96.97 97.03 97.06 97.06 97.09 97.25 97.41 97.62 97.88 98.12 98.41 98.53 98.53 98.28 98.09 98.16 98.28 98.38 98.25 98.25 98.31 98.44 98.53 98.62 98.72 98.81 98.94 99.06 99.19 99.31 99.41 99.50 99.59 99.66 99.72 99.78 99.84 99.88 99.88 99.78 99.62
90.00 90.00 90.03 90.16 90.22 90.28 90.41 90.56 90.72 90.88 91.03 91.16 91.28 91.44 91.56 91.72 91.84 92.00 92.16 92.31 92.44 92.62 92.78 93.03 93.38 93.81 94.34 94.94 95.50 95.97 96.34 96.59 96.81 96.94 97.03 97.09 97.12 97.19 97.28 97.44 97.59 97.81 98.03 98.25 98.47 98.69 98.81 98.78 98.59 98.59 98.62 98.69 98.56 98.53 98.62 98.72 98.81 98.94 99.03 99.16 99.25 99.34 99.44 99.53 99.59 99.69 99.78 99.84 99.91 99.97 100.03 100.06 100.09 99.97 99.84
90.06 90.06 90.06 90.16 90.22 90.28 90.44 90.62 90.81 90.94 91.06 91.16 91.28 91.41 91.56 91.72 91.88 92.03 92.19 92.34 92.53 92.72 93.00 93.34 93.78 94.31 94.88 95.44 96.03 96.41 96.69 96.88 97.00 97.06 97.09 97.16 97.22 97.31 97.44 97.56 97.72 97.91 98.12 98.31 98.53 98.72 98.88 98.97 98.97 98.97 98.94 98.97 98.84 98.81 98.91 99.00 99.09 99.19 99.28 99.38 99.47 99.56 99.62 99.72 99.81 99.88 99.97 100.03 100.09 100.16 100.22 100.25 100.28 100.19 100.06
