everonasctiles/Tile[11,28].asc
ncols 128
nrows 128
xllcorner 0
yllcorner 0
cellsize 2.0
NODATA_value  -9999
[rows 34 to 67 of 128, columns 0 to 75 of 128]
11.47 11.53 11.53 11.59 11.59 11.59 11.50 11.38 11.16 11.00 10.84 10.72 10.56 10.34 10.16 9.97 9.78 9.56 9.28 9.00 8.72 8.44 8.19 7.91 7.56 7.19 6.84 6.47 5.84 4.91 3.66 2.94 2.88 2.75 2.38 1.44 1.09 1.00 0.97 0.97 0.97 0.97 0.91 0.72 0.41 0.12 -0.09 -0.28 -0.50 -0.72 -0.97 -1.22 -1.53 -1.84 -2.19 -2.56 -2.97 -3.38 -3.84 -4.38 -4.97 -5.62 -6.28 -6.97 -7.66 -8.38 -9.09 -9.75 -10.47 -11.19 -11.81 -12.41 -13.03 -13.66 -14.28 -14.91
11.72 11.72 11.72 11.75 11.75 11.72 11.62 11.47 11.28 11.09 10.97 10.81 10.66 10.50 10.31 10.12 9.91 9.66 9.34 9.03 8.72 8.44 8.16 7.84 7.50 7.16 6.81 6.38 5.69 4.81 3.84 3.06 2.88 2.78 2.41 1.47 1.12 1.00 0.97 0.97 0.97 0.97 0.91 0.72 0.44 0.16 -0.03 -0.22 -0.41 -0.62 -0.88 -1.12 -1.41 -1.75 -2.06 -2.44 -2.84 -3.25 -3.69 -4.22 -4.81 -5.44 -6.09 -6.75 -7.44 -8.16 -8.84 -9.50 -10.16 -10.84 -11.50 -12.22 -12.81 -13.47 -14.09 -14.69
11.91 11.88 11.91 11.88 11.94 11.91 11.78 11.66 11.47 11.25 11.06 10.91 10.78 10.62 10.47 10.31 10.09 9.78 9.47 9.16 8.81 8.50 8.19 7.88 7.53 7.16 6.84 6.34 5.62 4.84 4.00 3.25 2.84 2.78 2.41 1.72 1.16 1.00 0.97 0.97 0.97 0.97 0.91 0.75 0.47 0.22 0.00 -0.16 -0.34 -0.56 -0.78 -1.06 -1.34 -1.66 -1.97 -2.34 -2.72 -3.12 -3.56 -4.03 -4.62 -5.22 -5.88 -6.53 -7.22 -7.91 -8.56 -9.25 -9.94 -10.62 -11.22 -11.88 -12.56 -13.12 -13.78 -14.41
12.09 12.09 12.12 12.12 12.12 12.06 12.00 11.84 11.56 11.38 11.19 11.03 10.91 10.78 10.62 10.47 10.25 9.91 9.69 9.28 8.94 8.69 8.31 8.00 7.62 7.25 6.91 6.34 5.66 4.91 4.16 3.44 2.88 2.81 2.56 2.09 1.25 1.03 0.97 0.97 0.97 0.97 0.94 0.75 0.47 0.25 0.06 -0.09 -0.28 -0.50 -0.72 -0.97 -1.25 -1.56 -1.91 -2.25 -2.62 -3.03 -3.44 -3.91 -4.44 -5.03 -5.66 -6.31 -6.97 -7.62 -8.31 -8.97 -9.62 -10.38 -11.00 -11.66 -12.19 -12.78 -13.44 -14.12
12.41 12.31 12.28 12.31 12.34 12.25 12.12 11.91 11.69 11.50 11.31 11.19 11.06 10.94 10.81 10.59 10.47 10.25 9.94 9.50 9.16 8.91 8.59 8.16 7.81 7.44 7.06 6.47 5.78 5.03 4.28 3.56 2.94 2.84 2.69 2.28 1.31 1.03 0.97 0.97 0.97 0.97 0.94 0.78 0.50 0.28 0.09 -0.06 -0.22 -0.44 -0.66 -0.91 -1.19 -1.50 -1.81 -2.16 -2.53 -2.94 -3.34 -3.78 -4.28 -4.84 -5.44 -6.06 -6.72 -7.38 -8.03 -8.72 -9.38 -10.06 -10.69 -11.19 -11.75 -12.41 -13.09 -13.91
12.75 12.69 12.62 12.59 12.50 12.34 12.28 12.03 11.84 11.59 11.50 11.34 11.19 11.06 10.94 10.88 10.69 10.47 10.16 9.91 9.62 9.19 8.91 8.50 8.00 7.59 7.25 6.62 5.91 5.16 4.38 3.66 3.03 2.88 2.75 2.38 1.28 1.03 0.97 0.97 0.97 0.97 0.94 0.81 0.53 0.31 0.16 0.00 -0.19 -0.41 -0.62 -0.88 -1.16 -1.44 -1.75 -2.09 -2.44 -2.84 -3.22 -3.66 -4.12 -4.66 -5.25 -5.84 -6.47 -7.12 -7.78 -8.41 -9.00 -9.59 -10.09 -10.69 -11.34 -12.12 -12.78 -13.44
13.06 13.00 12.81 12.81 12.69 12.59 12.41 12.16 12.00 11.81 11.66 11.47 11.34 11.22 11.12 11.03 10.88 10.59 10.41 10.25 10.03 9.66 9.16 8.78 8.38 7.91 7.47 6.84 6.09 5.31 4.50 3.72 3.09 2.88 2.78 2.41 1.44 1.06 0.97 0.97 0.97 0.97 0.97 0.81 0.59 0.38 0.19 0.00 -0.16 -0.38 -0.59 -0.84 -1.09 -1.38 -1.69 -2.03 -2.38 -2.75 -3.12 -3.56 -3.97 -4.50 -5.06 -5.66 -6.25 -6.88 -7.50 -8.09 -8.69 -9.19 -9.72 -10.31 -10.88 -11.62 -12.25 -13.16
13.41 13.22 13.19 13.06 12.97 12.75 12.59 12.38 12.19 12.00 11.81 11.62 11.47 11.31 11.25 11.19 11.00 10.81 10.69 10.50 10.25 9.94 9.47 9.00 8.59 8.12 7.59 7.00 6.28 5.50 4.62 3.75 3.09 2.88 2.78 2.50 1.53 1.16 1.00 0.97 0.97 0.97 0.97 0.88 0.62 0.41 0.22 0.03 -0.12 -0.34 -0.56 -0.81 -1.06 -1.34 -1.62 -1.97 -2.31 -2.66 -3.06 -3.47 -3.88 -4.38 -4.91 -5.47 -6.03 -6.62 -7.22 -7.81 -8.38 -8.94 -9.56 -10.03 -10.59 -11.19 -11.97 -12.69
13.69 13.53 13.47 13.34 13.19 12.97 12.84 12.59 12.38 12.19 11.97 11.81 11.59 11.47 11.41 11.28 11.22 11.06 10.88 10.62 10.34 10.06 9.75 9.25 8.72 8.22 7.66 7.09 6.47 5.69 4.75 3.75 3.00 2.88 2.81 2.50 1.75 1.22 1.00 0.97 0.97 0.97 0.97 0.91 0.72 0.47 0.25 0.06 -0.12 -0.31 -0.53 -0.75 -1.03 -1.28 -1.59 -1.91 -2.25 -2.59 -2.97 -3.38 -3.78 -4.25 -4.75 -5.28 -5.84 -6.41 -7.00 -7.59 -8.16 -8.72 -9.31 -9.88 -10.41 -11.03 -11.72 -12.44
13.97 13.81 13.69 13.56 13.31 13.25 13.06 12.84 12.53 12.38 12.22 11.97 11.75 11.62 11.50 11.50 11.38 11.25 11.03 10.69 10.38 10.06 9.69 9.28 8.75 8.22 7.69 7.09 6.59 5.91 4.94 3.84 3.09 2.84 2.81 2.59 2.06 1.19 0.97 0.97 0.97 0.97 0.97 0.94 0.78 0.53 0.31 0.09 -0.09 -0.28 -0.50 -0.72 -0.97 -1.25 -1.53 -1.84 -2.19 -2.53 -2.91 -3.28 -3.69 -4.12 -4.62 -5.16 -5.69 -6.22 -6.81 -7.38 -7.97 -8.53 -9.09 -9.69 -10.41 -11.00 -11.59 -12.34
14.22 14.03 13.88 13.62 13.62 13.44 13.28 12.94 12.72 12.53 12.38 12.16 12.00 11.81 11.75 11.69 11.59 11.34 11.12 10.88 10.53 10.00 9.59 9.31 8.78 8.31 7.78 7.19 6.69 6.06 5.16 4.19 3.38 2.94 2.84 2.69 2.28 1.12 1.00 0.97 0.97 0.97 0.97 0.97 0.84 0.59 0.34 0.16 -0.03 -0.25 -0.44 -0.69 -0.94 -1.22 -1.50 -1.81 -2.12 -2.47 -2.84 -3.22 -3.59 -4.00 -4.50 -5.00 -5.53 -6.06 -6.62 -7.22 -7.81 -8.44 -9.09 -9.72 -10.28 -10.84 -11.53 -12.16
14.47 14.25 14.03 13.88 13.84 13.69 13.47 13.22 12.84 12.72 12.59 12.38 12.19 12.03 12.00 11.97 11.81 11.47 11.38 11.16 10.75 10.12 9.75 9.38 9.03 8.66 8.06 7.47 6.91 6.25 5.44 4.56 3.75 3.09 2.91 2.75 2.41 1.41 1.06 1.00 0.97 0.97 0.97 0.97 0.91 0.66 0.44 0.19 0.00 -0.19 -0.41 -0.66 -0.91 -1.16 -1.47 -1.75 -2.09 -2.44 -2.78 -3.16 -3.53 -3.91 -4.38 -4.88 -5.38 -5.91 -6.44 -7.03 -7.62 -8.25 -8.84 -9.41 -10.00 -10.56 -11.19 -11.81
14.62 14.41 14.12 14.06 14.00 13.84 13.53 13.41 13.19 12.94 12.78 12.62 12.41 12.28 12.25 12.25 12.06 12.03 11.84 11.44 11.06 10.53 9.84 9.72 9.31 9.03 8.31 7.72 7.22 6.53 5.78 4.94 4.12 3.34 2.94 2.81 2.53 2.06 1.16 1.00 0.97 0.97 0.97 0.97 0.94 0.78 0.50 0.28 0.06 -0.16 -0.38 -0.59 -0.84 -1.12 -1.41 -1.72 -2.03 -2.38 -2.72 -3.06 -3.44 -3.84 -4.28 -4.75 -5.22 -5.75 -6.28 -6.84 -7.44 -8.00 -8.56 -9.09 -9.66 -10.25 -10.84 -11.41
14.69 14.50 14.34 14.25 14.16 13.94 13.78 13.59 13.34 13.12 12.97 12.84 12.66 12.59 12.56 12.56 12.47 12.34 12.12 11.78 11.38 10.66 10.59 10.22 9.75 9.47 8.88 8.25 7.56 6.88 6.12 5.31 4.47 3.66 3.03 2.88 2.69 2.31 1.38 1.09 0.97 0.97 0.97 0.97 0.97 0.81 0.59 0.34 0.12 -0.09 -0.31 -0.56 -0.81 -1.06 -1.34 -1.66 -1.97 -2.31 -2.66 -3.00 -3.38 -3.75 -4.16 -4.62 -5.09 -5.59 -6.09 -6.62 -7.19 -7.72 -8.22 -8.72 -9.22 -9.78 -10.34 -10.88
14.78 14.56 14.50 14.41 14.34 14.22 14.00 13.72 13.44 13.34 13.12 12.97 13.00 12.97 12.94 12.84 12.78 12.59 12.28 11.97 11.72 11.47 11.06 10.66 10.38 9.75 9.22 8.59 7.97 7.25 6.50 5.69 4.84 4.00 3.22 2.91 2.78 2.53 2.12 1.19 1.00 0.97 0.97 0.97 0.97 0.88 0.66 0.44 0.22 -0.03 -0.25 -0.50 -0.75 -1.03 -1.31 -1.59 -1.91 -2.25 -2.59 -2.94 -3.28 -3.66 -4.03 -4.50 -4.94 -5.44 -5.91 -6.44 -6.94 -7.44 -7.91 -8.34 -8.84 -9.38 -9.91 -10.44
14.94 14.81 14.69 14.69 14.59 14.44 14.09 13.88 13.72 13.53 13.28 13.19 13.28 13.25 13.22 13.12 13.03 12.84 12.59 12.34 12.19 12.03 11.69 11.25 10.72 10.19 9.72 9.12 8.41 7.69 6.91 6.09 5.22 4.34 3.50 2.84 2.84 2.69 2.31 1.31 1.09 1.00 0.97 0.97 0.97 0.94 0.78 0.56 0.31 0.03 -0.19 -0.44 -0.69 -0.97 -1.25 -1.56 -1.88 -2.19 -2.50 -2.84 -3.19 -3.56 -3.94 -4.34 -4.81 -5.28 -5.75 -6.25 -6.72 -7.19 -7.62 -8.06 -8.62 -9.06 -9.56 -10.09
15.19 15.03 14.97 14.94 14.81 14.50 14.31 14.09 13.94 13.72 13.62 13.50 13.53 13.50 13.41 13.34 13.19 13.03 12.91 12.75 12.50 12.34 12.09 11.59 10.97 10.56 10.16 9.59 8.88 8.12 7.31 6.47 5.59 4.69 3.75 2.91 2.84 2.78 2.47 1.88 1.22 1.06 0.97 0.97 0.97 0.97 0.88 0.69 0.38 0.12 -0.12 -0.38 -0.62 -0.91 -1.19 -1.50 -1.81 -2.12 -2.44 -2.78 -3.12 -3.47 -3.81 -4.22 -4.66 -5.09 -5.56 -6.06 -6.50 -6.97 -7.41 -7.84 -8.31 -8.84 -9.28 -9.78
15.44 15.34 15.28 15.22 15.09 14.91 14.59 14.41 14.16 13.97 13.88 13.81 13.75 13.66 13.59 13.50 13.38 13.22 13.12 12.97 12.81 12.56 12.22 11.81 11.22 10.84 10.38 9.88 9.28 8.53 7.72 6.88 5.97 5.03 4.06 3.09 2.84 2.81 2.69 2.50 1.88 1.12 0.97 0.97 0.97 0.97 0.97 0.84 0.44 0.19 -0.06 -0.31 -0.56 -0.84 -1.12 -1.44 -1.72 -2.06 -2.38 -2.69 -3.03 -3.38 -3.72 -4.09 -4.50 -4.94 -5.41 -5.88 -6.31 -6.78 -7.22 -7.66 -8.16 -8.50 -8.94 -9.41
15.72 15.62 15.56 15.44 15.34 15.16 14.84 14.69 14.44 14.19 14.09 14.03 13.84 13.78 13.72 13.59 13.53 13.41 13.28 13.16 12.97 12.66 12.34 11.91 11.53 10.88 10.53 10.00 9.38 8.84 8.06 7.22 6.31 5.38 4.44 3.53 2.91 2.84 2.84 2.75 2.41 1.22 0.97 0.97 0.97 0.97 0.97 0.97 0.44 0.25 0.03 -0.22 -0.50 -0.78 -1.06 -1.38 -1.69 -2.00 -2.31 -2.62 -2.94 -3.28 -3.62 -3.97 -4.38 -4.78 -5.22 -5.69 -6.12 -6.59 -7.06 -7.47 -7.81 -8.22 -8.59 -9.09
16.12 16.00 15.88 15.75 15.56 15.38 15.19 14.94 14.62 14.50 14.34 14.12 14.06 13.91 13.81 13.72 13.59 13.50 13.34 13.22 13.03 12.72 12.44 12.06 11.62 11.09 10.56 10.00 9.44 8.91 8.28 7.47 6.56 5.66 4.75 3.88 3.12 2.84 2.84 2.81 2.53 1.84 1.03 0.97 0.97 0.97 0.97 0.97 1.16 1.50 1.09 0.22 -0.38 -0.72 -1.00 -1.31 -1.62 -1.94 -2.25 -2.56 -2.88 -3.22 -3.53 -3.88 -4.25 -4.66 -5.06 -5.53 -5.97 -6.41 -6.84 -7.22 -7.56 -7.94 -8.31 -8.69
16.50 16.25 16.22 15.97 15.75 15.62 15.44 15.19 14.97 14.75 14.56 14.41 14.22 14.00 13.88 13.72 13.59 13.50 13.38 13.22 13.06 12.81 12.50 12.16 11.59 11.16 10.56 10.00 9.38 8.72 8.22 7.53 6.69 5.81 4.94 4.12 3.38 2.88 2.84 2.84 2.75 2.41 1.72 1.16 1.00 0.97 0.97 1.19 1.59 1.69 1.44 0.94 -0.16 -0.66 -0.94 -1.25 -1.56 -1.88 -2.19 -2.50 -2.81 -3.12 -3.47 -3.78 -4.16 -4.53 -4.94 -5.38 -5.81 -6.25 -6.66 -7.03 -7.38 -7.69 -8.00 -8.34
17.06 16.88 16.50 16.19 16.12 15.91 15.75 15.50 15.25 15.03 14.78 14.59 14.34 14.12 13.94 13.72 13.59 13.44 13.31 13.16 13.00 12.78 12.47 12.09 11.69 11.22 10.69 10.00 9.41 8.78 8.16 7.47 6.69 5.84 5.06 4.28 3.59 2.97 2.84 2.84 2.84 2.75 2.47 2.00 1.69 1.66 1.69 1.72 1.84 2.03 1.62 1.22 -0.03 -0.59 -0.91 -1.19 -1.50 -1.81 -2.12 -2.44 -2.75 -3.06 -3.41 -3.72 -4.06 -4.44 -4.84 -5.25 -5.66 -6.09 -6.50 -6.84 -7.19 -7.53 -7.88 -8.28
17.38 17.25 16.84 16.78 16.44 16.31 16.03 15.81 15.53 15.28 15.03 14.75 14.50 14.25 14.06 13.78 13.59 13.44 13.19 13.03 12.88 12.66 12.41 12.03 11.69 11.16 10.66 9.94 9.38 8.69 8.16 7.38 6.59 5.81 5.09 4.41 3.72 3.09 2.84 2.84 2.84 2.84 2.81 2.56 1.88 1.81 1.84 1.88 1.97 2.16 1.94 1.09 -0.03 -0.53 -0.84 -1.16 -1.47 -1.78 -2.09 -2.41 -2.72 -3.03 -3.34 -3.66 -3.97 -4.34 -4.72 -5.12 -5.53 -5.94 -6.34 -6.69 -7.06 -7.41 -7.81 -8.25
17.94 17.62 17.47 17.28 16.81 16.69 16.41 16.06 15.81 15.53 15.22 15.00 14.69 14.47 14.22 13.94 13.66 13.38 13.16 12.84 12.69 12.44 12.19 11.88 11.56 11.00 10.56 10.06 9.47 8.72 8.16 7.31 6.47 5.78 5.12 4.50 3.88 3.28 2.84 2.84 2.84 2.84 2.84 2.75 1.97 1.94 1.94 1.97 1.97 1.94 1.72 0.66 -0.12 -0.47 -0.78 -1.09 -1.41 -1.72 -2.03 -2.34 -2.66 -2.97 -3.28 -3.59 -3.91 -4.28 -4.66 -5.03 -5.44 -5.84 -6.22 -6.56 -6.94 -7.34 -7.75 -8.25
18.31 18.22 18.00 17.72 17.41 16.97 16.69 16.38 16.06 15.75 15.50 15.31 15.00 14.66 14.31 14.03 13.81 13.53 13.19 12.84 12.47 12.06 11.94 11.69 11.41 10.97 10.53 10.06 9.44 8.75 7.97 7.06 6.44 5.75 5.16 4.56 4.00 3.47 2.97 2.84 2.84 2.84 2.84 2.69 2.06 2.03 2.03 2.00 1.97 1.75 1.34 0.56 -0.03 -0.41 -0.72 -1.03 -1.34 -1.66 -1.97 -2.28 -2.59 -2.91 -3.22 -3.53 -3.84 -4.19 -4.56 -4.94 -5.34 -5.72 -6.09 -6.47 -6.84 -7.28 -7.72 -8.19
18.78 18.62 18.47 18.12 17.84 17.44 17.03 16.69 16.34 16.09 15.94 15.62 15.25 14.91 14.56 14.25 14.00 13.69 13.28 12.84 12.44 11.97 11.69 11.44 11.12 10.91 10.41 9.94 9.25 8.59 7.84 7.00 6.41 5.78 5.22 4.66 4.12 3.62 3.22 2.91 2.84 2.81 2.72 2.34 2.16 2.12 2.09 2.03 1.91 1.66 1.25 0.72 0.06 -0.34 -0.66 -1.00 -1.31 -1.62 -1.94 -2.25 -2.56 -2.84 -3.16 -3.47 -3.78 -4.12 -4.50 -4.88 -5.25 -5.62 -6.00 -6.38 -6.75 -7.16 -7.62 -8.12
19.19 19.12 18.94 18.56 18.25 17.66 17.22 16.91 16.75 16.53 16.38 16.06 15.56 15.19 14.84 14.50 14.19 13.84 13.41 12.94 12.53 12.09 11.69 11.25 10.94 10.75 10.38 9.81 9.16 8.47 7.72 6.97 6.44 5.84 5.28 4.75 4.22 3.75 3.38 3.06 2.78 2.56 2.34 2.28 2.22 2.16 2.09 2.03 1.88 1.59 1.28 0.78 0.16 -0.28 -0.59 -0.94 -1.25 -1.56 -1.88 -2.19 -2.50 -2.81 -3.12 -3.44 -3.75 -4.06 -4.41 -4.78 -5.16 -5.53 -5.91 -6.28 -6.62 -7.06 -7.50 -7.97
19.78 19.78 19.28 19.16 18.69 18.28 17.69 17.28 17.12 16.91 16.78 16.38 16.00 15.50 15.19 14.84 14.44 13.97 13.50 13.09 12.69 12.25 11.75 11.28 10.81 10.50 10.22 9.62 9.06 8.44 7.69 7.03 6.47 5.91 5.34 4.81 4.31 3.88 3.50 3.19 2.94 2.69 2.47 2.34 2.25 2.19 2.09 2.00 1.81 1.59 1.28 0.84 0.25 -0.22 -0.53 -0.84 -1.19 -1.50 -1.81 -2.12 -2.44 -2.75 -3.06 -3.38 -3.69 -4.00 -4.34 -4.69 -5.06 -5.44 -5.78 -6.16 -6.53 -6.91 -7.31 -7.78
20.41 20.31 20.31 19.91 19.25 18.69 18.12 17.78 17.53 17.38 17.09 16.72 16.19 15.88 15.50 15.06 14.56 14.12 13.69 13.22 12.84 12.38 11.88 11.34 10.88 10.38 10.00 9.50 9.03 8.47 7.78 7.16 6.53 5.94 5.41 4.91 4.44 4.03 3.66 3.34 3.09 2.84 2.62 2.41 2.28 2.19 2.06 1.94 1.78 1.56 1.22 0.84 0.38 -0.09 -0.47 -0.78 -1.12 -1.44 -1.75 -2.06 -2.38 -2.69 -3.00 -3.31 -3.62 -3.94 -4.25 -4.62 -4.97 -5.31 -5.69 -6.03 -6.38 -6.75 -7.12 -7.53
20.84 21.12 20.91 20.34 19.81 19.25 18.69 18.12 18.00 17.72 17.34 16.94 16.44 16.09 15.78 15.31 14.78 14.44 13.84 13.50 13.03 12.41 11.94 11.41 10.88 10.34 9.88 9.41 8.97 8.38 7.78 7.12 6.59 6.06 5.53 5.09 4.69 4.22 3.84 3.53 3.25 3.00 2.78 2.56 2.38 2.19 2.03 1.88 1.69 1.50 1.25 0.94 0.56 0.00 -0.38 -0.72 -1.06 -1.38 -1.69 -2.00 -2.31 -2.62 -2.94 -3.25 -3.56 -3.88 -4.19 -4.53 -4.88 -5.22 -5.56 -5.88 -6.22 -6.53 -6.91 -7.28
21.72 21.66 21.34 20.91 20.50 19.62 18.78 18.81 18.53 18.00 17.66 17.06 16.78 16.41 15.97 15.50 15.16 14.56 14.19 13.72 13.12 12.53 11.97 11.50 10.91 10.34 9.91 9.44 8.88 8.38 7.78 7.25 6.75 6.25 5.84 5.38 4.88 4.44 4.06 3.72 3.47 3.19 2.94 2.72 2.50 2.28 2.12 1.94 1.75 1.53 1.28 1.03 0.66 0.16 -0.31 -0.66 -0.97 -1.31 -1.62 -1.94 -2.25 -2.56 -2.88 -3.19 -3.50 -3.78 -4.09 -4.44 -4.78 -5.12 -5.44 -5.75 -6.03 -6.34 -6.66 -7.03
22.25 22.06 21.66 21.38 21.00 20.38 19.66 19.47 19.06 18.62 18.12 17.78 17.28 16.53 16.22 15.91 15.41 14.97 14.44 13.81 13.28 12.59 12.19 11.59 11.03 10.44 9.97 9.44 8.94 8.41 7.88 7.50 7.06 6.53 6.06 5.47 5.16 4.66 4.25 3.94 3.66 3.38 3.12 2.84 2.62 2.41 2.22 2.00 1.81 1.59 1.38 1.12 0.75 0.31 -0.22 -0.59 -0.91 -1.25 -1.56 -1.91 -2.22 -2.53 -2.81 -3.12 -3.44 -3.72 -4.03 -4.34 -4.69 -5.00 -5.31 -5.59 -5.84 -6.12 -6.44 -6.75
22.72 22.47 22.09 21.78 21.44 20.78 20.41 20.00 19.41 19.16 18.72 18.16 17.81 17.28 16.78 16.38 15.88 15.25 14.47 13.91 13.41 12.91 12.41 11.84 11.16 10.69 10.09 9.62 9.06 8.59 8.12 7.72 7.28 6.78 6.28 5.84 5.44 4.91 4.44 4.19 3.84 3.56 3.28 3.00 2.75 2.50 2.31 2.09 1.91 1.69 1.44 1.22 0.91 0.44 -0.12 -0.50 -0.84 -1.19 -1.53 -1.84 -2.16 -2.47 -2.78 -3.06 -3.38 -3.66 -3.97 -4.28 -4.59 -4.91 -5.19 -5.44 -5.66 -5.91 -6.19 -6.50
23.06 22.75 22.41 22.00 21.56 21.00 20.72 20.38 19.97 19.66 19.09 18.78 18.06 17.81 17.31 16.72 16.25 15.44 14.75 14.09 13.69 13.12 12.59 12.00 11.53 10.94 10.47 9.97 9.47 9.00 8.50 7.97 7.47 7.03 6.53 6.06 5.69 5.09 4.81 4.41 4.06 3.72 3.47 3.16 2.84 2.59 2.41 2.19 2.00 1.78 1.56 1.31 1.00 0.56 0.03 -0.44 -0.78 -1.12 -1.47 -1.78 -2.09 -2.41 -2.72 -3.03 -3.31 -3.59 -3.88 -4.19 -4.50 -4.78 -5.06 -5.28 -5.50 -5.72 -5.97 -6.25
