everonasctiles/Tile1,49.asc
ncols 128
nrows 128
xllcorner 0
yllcorner 0
cellsize 2.0
NODATA_value  -9999
[rows 96 to 127 of 128, columns 0 to 70 of 128]
-76.97 -76.81 -76.66 -76.53 -76.38 -76.25 -76.16 -76.09 -76.06 -76.03 -76.00 -75.94 -75.84 -75.78 -75.66 -75.50 -75.34 -75.19 -75.09 -75.06 -75.09 -75.12 -75.12 -75.09 -75.09 -75.09 -75.16 -75.16 -75.16 -75.16 -75.16 -75.16 -75.12 -75.06 -74.97 -74.88 -74.78 -74.72 -74.69 -74.62 -74.56 -74.50 -74.47 -74.41 -74.31 -74.19 -74.09 -73.97 -73.88 -73.75 -73.59 -73.47 -73.34 -73.25 -73.25 -73.25 -73.31 -73.34 -73.38 -73.34 -73.28 -73.19 -73.12 -73.06 -73.03 -73.00 -73.00 -73.00 -73.00 -72.97 -72.91
-76.75 -76.56 -76.41 -76.25 -76.09 -75.94 -75.84 -75.75 -75.72 -75.69 -75.66 -75.62 -75.56 -75.47 -75.34 -75.22 -75.03 -74.88 -74.75 -74.72 -74.72 -74.75 -74.75 -74.72 -74.72 -74.75 -74.78 -74.81 -74.81 -74.81 -74.84 -74.84 -74.81 -74.72 -74.62 -74.53 -74.47 -74.41 -74.34 -74.28 -74.22 -74.16 -74.09 -74.03 -73.94 -73.81 -73.69 -73.59 -73.53 -73.44 -73.31 -73.19 -73.09 -73.00 -72.97 -72.97 -73.00 -73.06 -73.06 -73.06 -73.00 -72.94 -72.84 -72.78 -72.75 -72.75 -72.75 -72.78 -72.78 -72.75 -72.69
-76.56 -76.38 -76.19 -76.00 -75.81 -75.66 -75.50 -75.44 -75.38 -75.38 -75.34 -75.31 -75.25 -75.16 -75.06 -74.94 -74.78 -74.59 -74.47 -74.41 -74.38 -74.38 -74.38 -74.38 -74.38 -74.41 -74.44 -74.44 -74.47 -74.47 -74.50 -74.50 -74.47 -74.41 -74.31 -74.22 -74.12 -74.09 -74.03 -73.94 -73.88 -73.81 -73.78 -73.69 -73.59 -73.47 -73.34 -73.25 -73.19 -73.12 -73.03 -72.94 -72.84 -72.75 -72.72 -72.72 -72.72 -72.75 -72.78 -72.78 -72.75 -72.66 -72.59 -72.53 -72.50 -72.50 -72.53 -72.53 -72.56 -72.53 -72.50
-76.41 -76.22 -76.00 -75.81 -75.59 -75.41 -75.22 -75.09 -75.06 -75.03 -75.03 -74.97 -74.94 -74.88 -74.78 -74.66 -74.50 -74.34 -74.19 -74.09 -74.06 -74.03 -74.03 -74.00 -74.03 -74.06 -74.09 -74.12 -74.12 -74.16 -74.16 -74.19 -74.16 -74.09 -74.00 -73.91 -73.81 -73.75 -73.69 -73.62 -73.56 -73.50 -73.47 -73.38 -73.28 -73.12 -73.00 -72.91 -72.84 -72.81 -72.75 -72.69 -72.59 -72.53 -72.47 -72.44 -72.47 -72.47 -72.50 -72.50 -72.47 -72.41 -72.34 -72.31 -72.28 -72.28 -72.31 -72.31 -72.34 -72.31 -72.28
-76.25 -76.03 -75.84 -75.62 -75.41 -75.19 -74.97 -74.81 -74.75 -74.72 -74.69 -74.66 -74.59 -74.56 -74.47 -74.38 -74.22 -74.09 -73.94 -73.81 -73.75 -73.72 -73.66 -73.66 -73.69 -73.72 -73.75 -73.78 -73.81 -73.81 -73.84 -73.84 -73.84 -73.78 -73.69 -73.59 -73.50 -73.44 -73.38 -73.31 -73.28 -73.22 -73.16 -73.09 -72.97 -72.84 -72.72 -72.59 -72.56 -72.53 -72.50 -72.44 -72.38 -72.31 -72.25 -72.22 -72.22 -72.22 -72.25 -72.25 -72.22 -72.19 -72.12 -72.09 -72.06 -72.06 -72.09 -72.12 -72.12 -72.12 -72.09
-76.06 -75.88 -75.66 -75.44 -75.22 -74.97 -74.75 -74.56 -74.44 -74.41 -74.38 -74.34 -74.28 -74.22 -74.16 -74.06 -73.94 -73.81 -73.69 -73.56 -73.47 -73.38 -73.34 -73.31 -73.34 -73.38 -73.44 -73.47 -73.50 -73.50 -73.50 -73.53 -73.53 -73.47 -73.38 -73.28 -73.19 -73.12 -73.06 -73.03 -72.97 -72.94 -72.88 -72.81 -72.69 -72.56 -72.44 -72.31 -72.28 -72.25 -72.22 -72.19 -72.16 -72.09 -72.03 -72.00 -71.97 -71.97 -72.00 -72.00 -71.97 -71.94 -71.94 -71.91 -71.88 -71.88 -71.91 -71.94 -71.94 -71.94 -71.91
-75.88 -75.69 -75.47 -75.25 -75.03 -74.81 -74.56 -74.34 -74.19 -74.12 -74.06 -74.00 -73.94 -73.88 -73.81 -73.75 -73.62 -73.53 -73.41 -73.28 -73.19 -73.09 -73.00 -72.97 -73.00 -73.06 -73.09 -73.16 -73.16 -73.19 -73.19 -73.19 -73.19 -73.16 -73.06 -72.97 -72.88 -72.81 -72.75 -72.72 -72.69 -72.66 -72.62 -72.53 -72.44 -72.31 -72.19 -72.06 -72.00 -71.97 -71.97 -71.97 -71.94 -71.88 -71.84 -71.78 -71.78 -71.75 -71.75 -71.75 -71.75 -71.72 -71.72 -71.72 -71.72 -71.72 -71.75 -71.75 -71.75 -71.75 -71.75
-75.66 -75.47 -75.28 -75.06 -74.84 -74.62 -74.38 -74.16 -73.97 -73.84 -73.75 -73.69 -73.62 -73.53 -73.47 -73.41 -73.31 -73.22 -73.12 -73.00 -72.88 -72.78 -72.69 -72.66 -72.66 -72.72 -72.78 -72.84 -72.84 -72.88 -72.88 -72.88 -72.88 -72.84 -72.75 -72.66 -72.56 -72.50 -72.47 -72.44 -72.41 -72.41 -72.38 -72.28 -72.19 -72.06 -71.94 -71.81 -71.75 -71.72 -71.72 -71.72 -71.72 -71.69 -71.62 -71.59 -71.56 -71.56 -71.53 -71.53 -71.53 -71.53 -71.53 -71.56 -71.56 -71.59 -71.59 -71.62 -71.62 -71.62 -71.62
-75.44 -75.25 -75.06 -74.88 -74.66 -74.41 -74.19 -73.94 -73.72 -73.56 -73.47 -73.38 -73.28 -73.19 -73.09 -73.03 -72.97 -72.88 -72.81 -72.72 -72.59 -72.47 -72.38 -72.34 -72.34 -72.41 -72.47 -72.50 -72.53 -72.56 -72.56 -72.56 -72.56 -72.53 -72.47 -72.38 -72.28 -72.22 -72.19 -72.16 -72.16 -72.16 -72.12 -72.06 -71.94 -71.84 -71.72 -71.59 -71.53 -71.50 -71.50 -71.50 -71.50 -71.47 -71.44 -71.41 -71.38 -71.38 -71.34 -71.34 -71.34 -71.34 -71.38 -71.41 -71.44 -71.47 -71.47 -71.50 -71.50 -71.50 -71.50
-75.16 -75.00 -74.84 -74.66 -74.44 -74.19 -73.97 -73.72 -73.50 -73.31 -73.16 -73.06 -72.94 -72.84 -72.72 -72.66 -72.59 -72.53 -72.47 -72.41 -72.31 -72.19 -72.09 -72.03 -72.06 -72.09 -72.16 -72.22 -72.25 -72.25 -72.25 -72.25 -72.25 -72.22 -72.16 -72.06 -72.00 -71.94 -71.91 -71.91 -71.91 -71.91 -71.88 -71.81 -71.72 -71.62 -71.50 -71.41 -71.31 -71.28 -71.28 -71.28 -71.28 -71.28 -71.25 -71.22 -71.22 -71.19 -71.19 -71.16 -71.16 -71.19 -71.22 -71.28 -71.31 -71.34 -71.38 -71.41 -71.41 -71.41 -71.44
-74.88 -74.72 -74.56 -74.38 -74.19 -73.94 -73.72 -73.47 -73.25 -73.03 -72.88 -72.72 -72.59 -72.47 -72.34 -72.25 -72.22 -72.16 -72.12 -72.06 -72.00 -71.88 -71.81 -71.75 -71.78 -71.81 -71.88 -71.91 -71.94 -71.97 -71.97 -71.97 -71.94 -71.91 -71.84 -71.78 -71.72 -71.69 -71.66 -71.69 -71.69 -71.69 -71.66 -71.62 -71.53 -71.44 -71.31 -71.22 -71.12 -71.09 -71.06 -71.09 -71.09 -71.06 -71.06 -71.06 -71.03 -71.03 -71.00 -71.00 -71.00 -71.03 -71.09 -71.16 -71.19 -71.25 -71.28 -71.31 -71.31 -71.34 -71.34
-74.56 -74.41 -74.25 -74.09 -73.88 -73.69 -73.44 -73.19 -72.97 -72.75 -72.56 -72.41 -72.25 -72.09 -71.97 -71.88 -71.81 -71.78 -71.78 -71.75 -71.69 -71.59 -71.53 -71.50 -71.50 -71.53 -71.59 -71.62 -71.66 -71.69 -71.69 -71.66 -71.62 -71.59 -71.53 -71.47 -71.44 -71.44 -71.44 -71.44 -71.47 -71.47 -71.44 -71.41 -71.34 -71.25 -71.16 -71.03 -70.94 -70.91 -70.88 -70.88 -70.88 -70.88 -70.88 -70.88 -70.88 -70.84 -70.84 -70.84 -70.88 -70.91 -70.97 -71.03 -71.09 -71.12 -71.19 -71.22 -71.25 -71.28 -71.28
-74.22 -74.06 -73.91 -73.75 -73.56 -73.38 -73.16 -72.91 -72.66 -72.41 -72.22 -72.03 -71.88 -71.72 -71.59 -71.47 -71.44 -71.41 -71.41 -71.41 -71.34 -71.31 -71.25 -71.25 -71.25 -71.28 -71.34 -71.38 -71.41 -71.44 -71.41 -71.38 -71.34 -71.28 -71.25 -71.22 -71.19 -71.19 -71.22 -71.25 -71.25 -71.25 -71.25 -71.22 -71.16 -71.09 -71.00 -70.88 -70.78 -70.72 -70.69 -70.69 -70.69 -70.69 -70.69 -70.72 -70.69 -70.69 -70.69 -70.69 -70.72 -70.78 -70.84 -70.91 -70.97 -71.03 -71.09 -71.16 -71.16 -71.19 -71.22
-73.91 -73.72 -73.56 -73.38 -73.22 -73.03 -72.81 -72.59 -72.34 -72.09 -71.88 -71.69 -71.50 -71.34 -71.22 -71.06 -71.03 -71.03 -71.06 -71.06 -71.03 -71.03 -71.00 -71.00 -71.03 -71.06 -71.09 -71.12 -71.16 -71.19 -71.16 -71.12 -71.09 -71.03 -70.97 -70.97 -70.97 -70.97 -71.00 -71.03 -71.06 -71.06 -71.06 -71.03 -70.97 -70.91 -70.84 -70.75 -70.66 -70.56 -70.53 -70.53 -70.53 -70.53 -70.53 -70.53 -70.53 -70.53 -70.53 -70.56 -70.59 -70.66 -70.72 -70.81 -70.88 -70.94 -71.00 -71.06 -71.09 -71.09 -71.12
-73.56 -73.38 -73.19 -73.03 -72.84 -72.69 -72.47 -72.25 -72.00 -71.75 -71.53 -71.34 -71.16 -70.97 -70.81 -70.69 -70.62 -70.66 -70.69 -70.72 -70.75 -70.75 -70.75 -70.75 -70.78 -70.81 -70.84 -70.91 -70.94 -70.94 -70.94 -70.91 -70.84 -70.78 -70.72 -70.72 -70.75 -70.78 -70.81 -70.84 -70.88 -70.88 -70.88 -70.84 -70.81 -70.75 -70.69 -70.59 -70.50 -70.44 -70.38 -70.38 -70.38 -70.38 -70.41 -70.41 -70.41 -70.41 -70.41 -70.44 -70.50 -70.56 -70.66 -70.72 -70.81 -70.88 -70.94 -70.97 -71.03 -71.03 -71.06
-73.25 -73.03 -72.84 -72.66 -72.47 -72.31 -72.12 -71.91 -71.66 -71.44 -71.19 -71.00 -70.81 -70.62 -70.47 -70.28 -70.22 -70.28 -70.34 -70.41 -70.47 -70.47 -70.50 -70.53 -70.56 -70.59 -70.62 -70.69 -70.72 -70.72 -70.72 -70.69 -70.62 -70.56 -70.50 -70.50 -70.53 -70.56 -70.62 -70.66 -70.69 -70.69 -70.69 -70.66 -70.62 -70.59 -70.53 -70.44 -70.38 -70.31 -70.25 -70.25 -70.25 -70.25 -70.25 -70.28 -70.28 -70.28 -70.31 -70.38 -70.44 -70.50 -70.59 -70.69 -70.75 -70.81 -70.88 -70.94 -70.97 -71.00 -71.03
-72.97 -72.75 -72.53 -72.34 -72.12 -71.94 -71.75 -71.56 -71.34 -71.09 -70.88 -70.66 -70.47 -70.31 -70.12 -69.94 -69.84 -69.94 -70.03 -70.09 -70.19 -70.22 -70.25 -70.28 -70.31 -70.38 -70.44 -70.47 -70.50 -70.50 -70.50 -70.47 -70.41 -70.34 -70.31 -70.28 -70.31 -70.38 -70.41 -70.47 -70.50 -70.50 -70.50 -70.50 -70.47 -70.44 -70.38 -70.31 -70.25 -70.19 -70.12 -70.12 -70.12 -70.12 -70.16 -70.16 -70.19 -70.22 -70.25 -70.31 -70.41 -70.50 -70.59 -70.66 -70.75 -70.81 -70.88 -70.91 -70.94 -71.00 -71.03
-72.72 -72.50 -72.28 -72.03 -71.84 -71.62 -71.44 -71.22 -71.00 -70.78 -70.56 -70.38 -70.19 -70.03 -69.84 -69.66 -69.53 -69.62 -69.72 -69.81 -69.91 -69.97 -70.03 -70.06 -70.12 -70.16 -70.22 -70.28 -70.31 -70.31 -70.31 -70.28 -70.22 -70.16 -70.12 -70.09 -70.12 -70.19 -70.22 -70.28 -70.31 -70.31 -70.31 -70.31 -70.31 -70.28 -70.25 -70.19 -70.12 -70.06 -70.03 -70.00 -70.00 -70.03 -70.03 -70.06 -70.09 -70.16 -70.22 -70.31 -70.38 -70.47 -70.56 -70.66 -70.75 -70.81 -70.88 -70.91 -70.97 -71.00 -71.03
-72.44 -72.25 -72.03 -71.78 -71.56 -71.38 -71.16 -70.94 -70.75 -70.53 -70.31 -70.12 -69.94 -69.78 -69.59 -69.44 -69.31 -69.38 -69.47 -69.56 -69.66 -69.72 -69.78 -69.84 -69.91 -69.97 -70.03 -70.09 -70.12 -70.12 -70.12 -70.09 -70.06 -70.00 -69.94 -69.94 -69.94 -70.00 -70.06 -70.09 -70.12 -70.12 -70.16 -70.16 -70.16 -70.12 -70.09 -70.06 -70.00 -69.94 -69.91 -69.88 -69.91 -69.91 -69.94 -70.00 -70.06 -70.12 -70.19 -70.28 -70.38 -70.47 -70.56 -70.66 -70.75 -70.81 -70.88 -70.94 -70.97 -71.03 -71.06
-72.19 -72.00 -71.78 -71.56 -71.34 -71.12 -70.94 -70.72 -70.53 -70.31 -70.12 -69.91 -69.75 -69.56 -69.41 -69.25 -69.12 -69.16 -69.25 -69.34 -69.44 -69.50 -69.56 -69.66 -69.72 -69.78 -69.84 -69.91 -69.94 -69.94 -69.94 -69.94 -69.91 -69.84 -69.78 -69.78 -69.78 -69.84 -69.88 -69.91 -69.94 -69.94 -69.97 -69.97 -69.97 -69.97 -69.94 -69.91 -69.88 -69.81 -69.78 -69.78 -69.78 -69.81 -69.88 -69.94 -70.00 -70.09 -70.16 -70.25 -70.34 -70.44 -70.53 -70.62 -70.72 -70.78 -70.84 -70.94 -70.97 -71.03 -71.06
-72.00 -71.78 -71.56 -71.38 -71.16 -70.97 -70.75 -70.56 -70.34 -70.16 -69.97 -69.78 -69.59 -69.44 -69.25 -69.09 -68.97 -68.97 -69.03 -69.12 -69.22 -69.31 -69.38 -69.47 -69.53 -69.62 -69.69 -69.72 -69.75 -69.78 -69.78 -69.75 -69.75 -69.72 -69.66 -69.62 -69.66 -69.69 -69.72 -69.75 -69.75 -69.78 -69.78 -69.81 -69.81 -69.81 -69.78 -69.75 -69.72 -69.69 -69.66 -69.66 -69.69 -69.75 -69.81 -69.88 -69.97 -70.06 -70.12 -70.22 -70.28 -70.38 -70.50 -70.59 -70.66 -70.75 -70.84 -70.91 -70.97 -71.03 -71.06
-71.81 -71.62 -71.41 -71.19 -71.00 -70.78 -70.59 -70.41 -70.22 -70.03 -69.81 -69.66 -69.47 -69.31 -69.16 -69.00 -68.88 -68.81 -68.84 -68.94 -69.03 -69.09 -69.19 -69.28 -69.38 -69.44 -69.50 -69.56 -69.59 -69.59 -69.59 -69.59 -69.59 -69.56 -69.53 -69.50 -69.50 -69.53 -69.56 -69.56 -69.56 -69.59 -69.59 -69.62 -69.62 -69.62 -69.62 -69.59 -69.56 -69.53 -69.53 -69.56 -69.59 -69.66 -69.75 -69.84 -69.94 -70.00 -70.09 -70.16 -70.25 -70.34 -70.44 -70.53 -70.62 -70.72 -70.81 -70.88 -70.97 -71.00 -71.06
-71.72 -71.50 -71.28 -71.06 -70.88 -70.66 -70.47 -70.25 -70.06 -69.88 -69.69 -69.53 -69.34 -69.19 -69.03 -68.88 -68.75 -68.69 -68.69 -68.75 -68.84 -68.94 -69.00 -69.09 -69.19 -69.28 -69.34 -69.41 -69.44 -69.44 -69.44 -69.47 -69.47 -69.44 -69.41 -69.38 -69.38 -69.38 -69.38 -69.38 -69.41 -69.41 -69.41 -69.44 -69.44 -69.44 -69.44 -69.44 -69.41 -69.41 -69.41 -69.44 -69.50 -69.59 -69.69 -69.78 -69.88 -69.94 -70.03 -70.12 -70.22 -70.31 -70.41 -70.50 -70.59 -70.69 -70.78 -70.88 -70.94 -71.00 -71.03
-71.69 -71.44 -71.22 -70.97 -70.75 -70.53 -70.34 -70.12 -69.94 -69.75 -69.56 -69.38 -69.22 -69.06 -68.91 -68.75 -68.62 -68.53 -68.53 -68.59 -68.66 -68.75 -68.84 -68.94 -69.03 -69.12 -69.19 -69.22 -69.25 -69.28 -69.31 -69.31 -69.31 -69.28 -69.25 -69.22 -69.22 -69.22 -69.22 -69.19 -69.19 -69.22 -69.22 -69.25 -69.25 -69.25 -69.25 -69.25 -69.25 -69.25 -69.28 -69.34 -69.44 -69.53 -69.62 -69.72 -69.81 -69.91 -69.97 -70.06 -70.19 -70.28 -70.38 -70.47 -70.56 -70.66 -70.75 -70.84 -70.94 -70.97 -71.03
-71.66 -71.41 -71.16 -70.94 -70.69 -70.47 -70.25 -70.03 -69.81 -69.62 -69.44 -69.25 -69.06 -68.91 -68.75 -68.62 -68.50 -68.41 -68.41 -68.44 -68.50 -68.59 -68.69 -68.78 -68.88 -68.97 -69.03 -69.06 -69.09 -69.12 -69.16 -69.16 -69.16 -69.12 -69.09 -69.06 -69.03 -69.03 -69.03 -69.00 -69.00 -69.00 -69.00 -69.03 -69.03 -69.03 -69.06 -69.06 -69.06 -69.09 -69.16 -69.25 -69.34 -69.44 -69.56 -69.66 -69.75 -69.84 -69.94 -70.06 -70.16 -70.28 -70.38 -70.47 -70.56 -70.66 -70.75 -70.84 -70.91 -70.97 -71.00
-71.66 -71.41 -71.12 -70.88 -70.62 -70.41 -70.16 -69.94 -69.72 -69.50 -69.31 -69.12 -68.94 -68.78 -68.62 -68.50 -68.38 -68.28 -68.28 -68.31 -68.38 -68.44 -68.53 -68.62 -68.72 -68.78 -68.84 -68.91 -68.94 -68.97 -69.00 -69.00 -69.00 -68.97 -68.94 -68.91 -68.88 -68.84 -68.81 -68.81 -68.78 -68.78 -68.78 -68.81 -68.81 -68.81 -68.84 -68.88 -68.91 -68.97 -69.03 -69.12 -69.25 -69.34 -69.47 -69.56 -69.66 -69.78 -69.91 -70.03 -70.16 -70.28 -70.38 -70.47 -70.56 -70.66 -70.75 -70.84 -70.91 -70.97 -71.00
-71.62 -71.34 -71.09 -70.84 -70.59 -70.34 -70.09 -69.88 -69.62 -69.41 -69.19 -69.00 -68.81 -68.66 -68.50 -68.38 -68.25 -68.16 -68.16 -68.19 -68.25 -68.31 -68.38 -68.47 -68.53 -68.62 -68.69 -68.75 -68.78 -68.81 -68.81 -68.81 -68.81 -68.78 -68.75 -68.72 -68.69 -68.66 -68.62 -68.59 -68.59 -68.56 -68.56 -68.56 -68.59 -68.62 -68.62 -68.69 -68.75 -68.81 -68.91 -69.03 -69.12 -69.25 -69.34 -69.47 -69.59 -69.72 -69.88 -70.00 -70.12 -70.28 -70.38 -70.50 -70.59 -70.69 -70.75 -70.84 -70.91 -70.97 -71.00
-71.56 -71.28 -71.03 -70.75 -70.50 -70.28 -70.03 -69.78 -69.56 -69.34 -69.12 -68.91 -68.72 -68.56 -68.38 -68.25 -68.12 -68.06 -68.03 -68.06 -68.12 -68.19 -68.25 -68.31 -68.38 -68.44 -68.50 -68.56 -68.59 -68.62 -68.62 -68.62 -68.62 -68.59 -68.56 -68.50 -68.50 -68.47 -68.44 -68.41 -68.38 -68.34 -68.34 -68.34 -68.38 -68.41 -68.44 -68.50 -68.59 -68.69 -68.78 -68.88 -69.00 -69.12 -69.25 -69.41 -69.53 -69.69 -69.84 -70.00 -70.12 -70.25 -70.38 -70.50 -70.59 -70.69 -70.78 -70.84 -70.91 -70.97 -71.00
-71.47 -71.19 -70.94 -70.66 -70.41 -70.19 -69.94 -69.72 -69.50 -69.25 -69.06 -68.84 -68.66 -68.47 -68.31 -68.16 -68.03 -67.97 -67.94 -67.97 -68.00 -68.06 -68.09 -68.12 -68.19 -68.25 -68.31 -68.38 -68.41 -68.44 -68.44 -68.44 -68.44 -68.41 -68.34 -68.31 -68.28 -68.28 -68.25 -68.22 -68.19 -68.16 -68.12 -68.12 -68.16 -68.19 -68.25 -68.31 -68.41 -68.53 -68.62 -68.75 -68.88 -69.00 -69.16 -69.34 -69.50 -69.66 -69.81 -69.97 -70.09 -70.22 -70.34 -70.47 -70.56 -70.69 -70.75 -70.84 -70.88 -70.94 -70.97
-71.31 -71.06 -70.78 -70.53 -70.31 -70.06 -69.84 -69.62 -69.41 -69.19 -68.97 -68.78 -68.56 -68.38 -68.22 -68.06 -67.94 -67.88 -67.84 -67.84 -67.88 -67.94 -67.97 -68.00 -68.03 -68.06 -68.12 -68.16 -68.22 -68.22 -68.25 -68.25 -68.22 -68.19 -68.16 -68.12 -68.09 -68.09 -68.06 -68.03 -68.00 -67.94 -67.94 -67.94 -67.94 -67.97 -68.06 -68.12 -68.25 -68.34 -68.44 -68.56 -68.72 -68.88 -69.06 -69.25 -69.44 -69.59 -69.75 -69.91 -70.06 -70.19 -70.31 -70.44 -70.53 -70.62 -70.72 -70.81 -70.84 -70.91 -70.94
-71.16 -70.88 -70.62 -70.38 -70.16 -69.94 -69.72 -69.50 -69.31 -69.09 -68.91 -68.69 -68.50 -68.31 -68.16 -68.00 -67.88 -67.78 -67.75 -67.75 -67.78 -67.81 -67.81 -67.84 -67.88 -67.91 -67.94 -67.97 -68.00 -68.03 -68.03 -68.03 -68.03 -68.00 -67.97 -67.94 -67.91 -67.91 -67.88 -67.84 -67.81 -67.75 -67.72 -67.72 -67.75 -67.78 -67.84 -67.94 -68.03 -68.16 -68.25 -68.41 -68.56 -68.75 -68.97 -69.16 -69.34 -69.53 -69.69 -69.81 -69.97 -70.12 -70.25 -70.38 -70.47 -70.56 -70.66 -70.75 -70.81 -70.84 -70.88
-70.94 -70.69 -70.44 -70.19 -69.97 -69.78 -69.56 -69.38 -69.19 -69.00 -68.81 -68.62 -68.44 -68.25 -68.06 -67.91 -67.78 -67.69 -67.66 -67.62 -67.66 -67.69 -67.69 -67.69 -67.72 -67.75 -67.75 -67.78 -67.81 -67.81 -67.81 -67.81 -67.81 -67.78 -67.75 -67.75 -67.72 -67.72 -67.69 -67.66 -67.62 -67.56 -67.53 -67.53 -67.53 -67.59 -67.66 -67.72 -67.84 -67.94 -68.06 -68.22 -68.41 -68.62 -68.81 -69.03 -69.22 -69.38 -69.56 -69.72 -69.88 -70.03 -70.16 -70.28 -70.41 -70.50 -70.59 -70.66 -70.72 -70.78 -70.81
