everonasctiles/Tile20,27.asc
ncols 128
nrows 128
xllcorner 0
yllcorner 0
cellsize 2.0
NODATA_value  -9999
[rows 96 to 127 of 128, columns 0 to 70 of 128]
175.50 175.50 175.50 175.50 175.50 175.50 175.50 175.50 175.50 175.50 175.50 175.50 175.50 175.22 174.78 174.34 173.81 173.19 172.53 172.41 172.28 172.16 172.03 171.94 171.84 171.72 171.66 171.66 171.62 171.62 171.59 171.56 171.53 171.50 171.47 171.47 171.44 171.44 171.41 171.34 171.28 171.16 171.03 170.84 170.56 170.22 169.91 169.62 169.38 169.38 169.53 169.53 169.47 169.44 169.38 169.34 169.31 169.31 169.28 169.28 169.28 169.28 169.31 169.34 169.41 169.47 169.56 169.69 169.84 170.09 170.28
175.50 175.50 175.50 175.50 175.50 175.50 175.47 175.41 175.50 175.50 175.50 175.50 175.50 175.50 174.94 174.31 173.69 172.97 171.91 172.22 172.16 172.06 171.97 171.91 171.84 171.78 171.72 171.66 171.62 171.62 171.59 171.53 171.50 171.47 171.41 171.38 171.34 171.31 171.25 171.19 171.09 170.97 170.84 170.56 170.22 169.91 169.59 169.34 169.19 169.34 169.53 169.50 169.44 169.34 169.28 169.22 169.19 169.16 169.12 169.12 169.12 169.12 169.12 169.16 169.22 169.28 169.38 169.53 169.72 169.94 170.12
175.50 175.50 175.50 175.50 175.50 175.50 175.47 175.50 175.50 175.50 175.50 175.50 175.50 175.50 174.91 174.16 173.44 172.69 171.59 171.69 171.94 171.91 171.88 171.84 171.81 171.78 171.78 171.75 171.69 171.59 171.56 171.50 171.47 171.41 171.31 171.25 171.19 171.16 171.09 171.00 170.88 170.75 170.56 170.19 169.84 169.53 169.25 169.03 168.94 169.22 169.47 169.44 169.34 169.25 169.16 169.09 169.03 169.00 168.97 168.94 168.94 168.94 168.97 169.00 169.03 169.09 169.19 169.34 169.53 169.75 169.97
175.50 175.50 175.50 175.50 175.50 175.50 175.50 175.50 175.50 175.50 175.50 175.50 175.50 175.31 174.50 173.81 173.16 172.44 171.59 171.59 171.62 171.69 171.75 171.78 171.75 171.78 171.78 171.78 171.75 171.66 171.56 171.47 171.44 171.34 171.22 171.12 171.03 170.94 170.88 170.81 170.66 170.47 170.19 169.78 169.47 169.16 168.88 168.66 168.62 168.94 169.31 169.31 169.22 169.09 169.00 168.94 168.88 168.84 168.78 168.78 168.75 168.75 168.78 168.78 168.84 168.91 169.00 169.12 169.31 169.53 169.75
175.50 175.50 175.50 175.50 175.50 175.50 175.50 175.50 175.50 175.50 175.50 175.50 175.50 174.75 174.09 173.47 172.84 172.00 171.59 171.59 171.59 171.66 171.69 171.72 171.72 171.72 171.78 171.88 171.75 171.69 171.59 171.47 171.34 171.25 171.12 171.00 170.91 170.78 170.66 170.56 170.44 170.22 169.84 169.41 169.12 168.81 168.50 168.25 168.31 168.56 169.00 169.12 169.03 168.94 168.84 168.78 168.72 168.66 168.62 168.59 168.56 168.56 168.56 168.59 168.62 168.69 168.78 168.88 169.03 169.22 169.44
175.50 175.50 175.50 175.50 175.50 175.50 175.50 175.50 175.50 175.50 175.50 175.50 175.00 174.31 173.66 173.03 172.38 171.59 171.59 171.59 171.59 171.62 171.66 171.66 171.66 171.66 171.69 171.72 171.72 171.62 171.53 171.47 171.31 171.16 171.00 170.91 170.78 170.62 170.50 170.38 170.19 169.94 169.62 169.25 168.91 168.66 168.16 167.97 168.03 168.22 168.62 168.91 168.84 168.75 168.66 168.59 168.53 168.47 168.44 168.41 168.38 168.38 168.38 168.38 168.41 168.47 168.53 168.66 168.78 168.94 169.12
175.44 175.50 175.50 175.50 175.50 175.50 175.50 175.50 175.50 175.50 175.50 175.50 174.53 173.84 173.25 172.62 171.59 171.59 171.59 171.59 171.59 171.59 171.62 171.62 171.59 171.56 171.53 171.53 171.53 171.50 171.47 171.38 171.28 171.12 170.91 170.75 170.62 170.50 170.34 170.22 170.03 169.72 169.44 169.16 168.91 168.84 168.38 167.84 167.81 167.97 168.25 168.59 168.62 168.56 168.47 168.41 168.34 168.28 168.22 168.19 168.16 168.16 168.16 168.16 168.19 168.25 168.31 168.41 168.50 168.66 168.81
175.09 175.41 175.50 175.50 175.50 175.50 175.50 175.50 175.50 175.50 175.50 174.78 174.03 173.44 172.88 172.28 171.59 171.59 171.59 171.59 171.56 171.59 171.59 171.59 171.56 171.53 171.50 171.47 171.44 171.41 171.34 171.28 171.19 171.06 170.84 170.62 170.47 170.34 170.22 170.06 169.88 169.53 169.31 169.09 168.91 168.88 168.59 167.88 167.62 167.72 167.91 168.28 168.41 168.34 168.28 168.22 168.12 168.09 168.03 167.97 167.97 167.94 167.94 167.94 167.97 168.00 168.06 168.12 168.22 168.34 168.50
174.91 174.91 175.28 175.50 175.50 175.50 175.50 175.50 175.50 175.50 174.94 174.28 173.62 173.03 172.50 171.94 171.59 171.59 171.59 171.56 171.56 171.56 171.56 171.59 171.53 171.50 171.47 171.44 171.38 171.31 171.25 171.19 171.09 170.94 170.75 170.53 170.34 170.19 170.06 169.91 169.66 169.38 169.19 169.00 168.84 168.81 168.72 167.94 167.50 167.53 167.62 167.97 168.22 168.16 168.09 168.00 167.94 167.88 167.81 167.78 167.75 167.72 167.72 167.72 167.72 167.75 167.81 167.88 167.97 168.06 168.19
174.72 174.66 174.53 175.03 175.50 175.03 174.97 174.94 174.91 174.78 174.41 173.88 173.25 172.72 172.22 171.66 171.59 171.59 171.56 171.53 171.50 171.50 171.56 171.50 171.47 171.44 171.41 171.38 171.31 171.25 171.16 171.06 170.97 170.78 170.56 170.38 170.19 170.03 169.88 169.66 169.41 169.22 169.03 168.88 168.75 168.69 168.66 168.03 167.41 167.34 167.44 167.69 167.97 167.97 167.88 167.81 167.75 167.66 167.59 167.56 167.53 167.50 167.47 167.47 167.50 167.50 167.56 167.62 167.69 167.78 167.91
174.50 174.44 174.38 174.34 174.22 174.53 174.53 174.41 174.28 174.12 173.88 173.34 172.88 172.47 172.03 171.59 171.56 171.56 171.56 171.50 171.44 171.34 171.31 171.38 171.38 171.38 171.34 171.28 171.22 171.16 171.06 170.97 170.81 170.62 170.38 170.16 170.00 169.81 169.59 169.41 169.22 169.03 168.88 168.75 168.62 168.56 168.50 168.09 167.41 167.19 167.25 167.41 167.72 167.75 167.69 167.62 167.53 167.47 167.41 167.34 167.28 167.25 167.25 167.25 167.25 167.28 167.31 167.34 167.44 167.50 167.62
174.31 174.22 174.16 174.09 174.03 174.09 174.06 173.97 173.81 173.56 173.28 172.97 172.62 172.28 171.97 171.59 171.59 171.59 171.59 171.50 171.38 171.28 171.25 171.28 171.31 171.28 171.25 171.22 171.16 171.06 171.00 170.84 170.62 170.41 170.19 169.97 169.78 169.59 169.38 169.19 169.00 168.84 168.72 168.59 168.47 168.41 168.34 168.12 167.47 167.06 167.03 167.12 167.41 167.59 167.53 167.44 167.34 167.25 167.19 167.12 167.06 167.03 167.00 167.00 167.00 167.03 167.06 167.09 167.16 167.25 167.34
174.09 174.03 173.94 173.88 173.78 173.72 173.59 173.56 173.41 173.19 172.94 172.69 172.41 172.16 171.97 171.78 171.69 171.66 171.56 171.44 171.31 171.19 171.19 171.19 171.19 171.19 171.16 171.12 171.06 171.00 170.84 170.66 170.41 170.19 169.97 169.78 169.56 169.34 169.16 168.97 168.81 168.66 168.53 168.41 168.31 168.25 168.22 168.09 167.56 167.03 166.81 166.88 167.16 167.44 167.41 167.28 167.19 167.06 166.97 166.91 166.84 166.81 166.78 166.78 166.78 166.78 166.81 166.84 166.91 167.00 167.09
173.78 173.81 173.72 173.62 173.53 173.41 173.28 173.12 172.97 172.84 172.62 172.44 172.25 172.09 171.97 171.84 171.75 171.62 171.50 171.34 171.19 171.12 171.12 171.09 171.09 171.09 171.06 171.03 171.00 170.88 170.66 170.44 170.19 169.97 169.75 169.53 169.31 169.09 168.91 168.75 168.59 168.44 168.34 168.25 168.16 168.12 168.06 168.00 167.62 167.00 166.62 166.59 166.88 167.22 167.31 167.19 167.03 166.91 166.78 166.69 166.62 166.59 166.56 166.53 166.53 166.53 166.56 166.59 166.66 166.75 166.84
173.34 173.50 173.50 173.41 173.28 173.16 173.03 172.88 172.69 172.53 172.34 172.19 172.03 171.94 171.91 171.81 171.66 171.47 171.34 171.22 171.09 171.03 171.03 171.03 171.03 171.00 171.00 170.94 170.88 170.66 170.41 170.16 169.94 169.75 169.53 169.25 169.03 168.84 168.66 168.50 168.38 168.25 168.12 168.06 168.00 167.94 167.91 167.84 167.66 167.00 166.50 166.38 166.59 167.00 167.25 167.09 166.91 166.72 166.59 166.50 166.41 166.34 166.31 166.28 166.28 166.31 166.31 166.38 166.41 166.50 166.59
173.03 173.19 173.22 173.16 173.03 172.94 172.81 172.69 172.53 172.34 172.16 172.00 171.88 171.84 171.78 171.62 171.47 171.31 171.22 171.09 171.00 170.97 170.97 170.97 170.94 170.94 170.91 170.84 170.62 170.38 170.12 169.91 169.69 169.47 169.22 168.97 168.75 168.56 168.41 168.25 168.12 168.03 167.94 167.88 167.81 167.78 167.75 167.69 167.59 167.03 166.47 166.22 166.31 166.75 167.09 167.00 166.75 166.56 166.41 166.28 166.19 166.12 166.09 166.06 166.06 166.06 166.09 166.12 166.16 166.25 166.34
172.75 172.91 172.94 172.91 172.84 172.75 172.66 172.53 172.41 172.25 172.09 171.91 171.78 171.69 171.56 171.44 171.31 171.19 171.09 171.00 170.94 170.91 170.91 170.88 170.88 170.84 170.81 170.62 170.34 170.09 169.84 169.62 169.41 169.16 168.88 168.62 168.44 168.25 168.12 168.00 167.88 167.78 167.72 167.69 167.66 167.59 167.56 167.50 167.41 167.12 166.47 166.06 166.03 166.38 166.81 166.88 166.62 166.38 166.19 166.06 165.97 165.91 165.84 165.84 165.81 165.81 165.84 165.88 165.94 166.00 166.09
172.62 172.69 172.75 172.72 172.69 172.62 172.56 172.47 172.34 172.19 172.03 171.88 171.72 171.56 171.41 171.28 171.19 171.09 171.00 170.94 170.91 170.84 170.84 170.81 170.78 170.78 170.66 170.31 170.03 169.78 169.56 169.31 169.06 168.78 168.50 168.28 168.09 167.97 167.84 167.75 167.66 167.56 167.53 167.50 167.47 167.44 167.38 167.34 167.25 167.06 166.44 165.94 165.78 166.00 166.41 166.66 166.41 166.19 166.00 165.84 165.75 165.69 165.62 165.59 165.59 165.59 165.62 165.66 165.69 165.75 165.84
172.59 172.62 172.62 172.62 172.59 172.56 172.50 172.41 172.31 172.19 172.06 171.91 171.72 171.53 171.34 171.19 171.09 171.00 170.94 170.91 170.84 170.81 170.78 170.75 170.75 170.69 170.38 170.00 169.72 169.47 169.22 168.94 168.62 168.34 168.09 167.88 167.72 167.62 167.56 167.47 167.44 167.38 167.34 167.31 167.28 167.25 167.22 167.16 167.12 166.97 166.41 165.84 165.56 165.66 166.00 166.25 166.16 165.97 165.78 165.66 165.53 165.47 165.41 165.38 165.38 165.38 165.38 165.41 165.44 165.50 165.59
172.59 172.59 172.59 172.59 172.56 172.53 172.50 172.41 172.31 172.22 172.09 171.94 171.75 171.56 171.34 171.19 171.06 170.97 170.91 170.84 170.81 170.78 170.75 170.75 170.75 170.50 170.03 169.69 169.41 169.09 168.81 168.47 168.19 167.94 167.72 167.59 167.50 167.41 167.34 167.28 167.22 167.19 167.12 167.09 167.06 167.06 167.03 167.00 166.97 166.88 166.47 165.78 165.41 165.41 165.66 165.88 165.88 165.72 165.56 165.44 165.31 165.25 165.19 165.16 165.12 165.12 165.16 165.19 165.22 165.28 165.34
172.59 172.59 172.59 172.59 172.56 172.53 172.50 172.44 172.38 172.25 172.12 171.97 171.78 171.59 171.38 171.19 171.03 170.94 170.88 170.81 170.78 170.75 170.75 170.75 170.56 170.09 169.72 169.38 169.03 168.69 168.31 168.03 167.81 167.62 167.50 167.41 167.31 167.22 167.16 167.09 167.03 166.97 166.94 166.91 166.88 166.84 166.84 166.81 166.78 166.75 166.47 165.75 165.34 165.22 165.34 165.56 165.62 165.50 165.38 165.25 165.12 165.03 164.97 164.94 164.91 164.91 164.91 164.94 164.97 165.03 165.12
172.59 172.59 172.59 172.59 172.59 172.56 172.53 172.47 172.41 172.28 172.16 171.97 171.78 171.59 171.41 171.19 171.00 170.91 170.84 170.78 170.75 170.75 170.75 170.56 170.16 169.78 169.41 169.03 168.66 168.22 167.91 167.69 167.53 167.41 167.31 167.19 167.09 167.03 166.94 166.88 166.81 166.78 166.72 166.69 166.66 166.66 166.62 166.62 166.59 166.56 166.38 165.75 165.28 165.06 165.09 165.31 165.44 165.31 165.19 165.06 164.94 164.84 164.78 164.72 164.69 164.69 164.69 164.72 164.75 164.81 164.88
172.59 172.59 172.59 172.59 172.59 172.56 172.53 172.50 172.41 172.25 172.09 171.91 171.75 171.56 171.38 171.19 171.00 170.88 170.81 170.75 170.75 170.75 170.69 170.25 169.84 169.44 169.06 168.69 168.19 167.91 167.66 167.47 167.31 167.22 167.09 167.00 166.91 166.81 166.75 166.69 166.62 166.56 166.53 166.47 166.44 166.44 166.41 166.41 166.41 166.38 166.28 165.78 165.22 164.88 164.84 165.09 165.25 165.19 165.00 164.88 164.75 164.62 164.56 164.50 164.47 164.47 164.47 164.50 164.53 164.56 164.66
172.59 172.59 172.59 172.59 172.53 172.50 172.44 172.38 172.28 172.12 171.97 171.81 171.66 171.47 171.31 171.12 170.94 170.81 170.75 170.75 170.75 170.72 170.38 169.94 169.53 169.12 168.72 168.25 167.88 167.62 167.44 167.25 167.12 167.00 166.91 166.78 166.69 166.62 166.53 166.47 166.41 166.34 166.31 166.25 166.22 166.22 166.22 166.19 166.19 166.19 166.16 165.78 165.09 164.72 164.62 164.88 165.12 165.03 164.84 164.69 164.56 164.44 164.34 164.31 164.25 164.25 164.25 164.25 164.28 164.34 164.41
172.59 172.59 172.59 172.59 172.47 172.38 172.31 172.22 172.12 171.97 171.81 171.69 171.53 171.38 171.22 171.06 170.88 170.78 170.75 170.75 170.72 170.44 170.06 169.69 169.28 168.81 168.28 167.91 167.62 167.41 167.22 167.06 166.94 166.81 166.69 166.59 166.50 166.41 166.34 166.25 166.19 166.16 166.09 166.06 166.00 166.00 166.00 165.97 165.97 166.00 166.00 165.72 164.97 164.47 164.31 164.59 164.94 164.84 164.69 164.50 164.38 164.25 164.16 164.06 164.03 164.00 164.00 164.03 164.06 164.12 164.19
172.59 172.59 172.59 172.56 172.41 172.25 172.16 172.06 171.94 171.81 171.66 171.53 171.38 171.25 171.09 170.97 170.81 170.75 170.75 170.69 170.41 170.09 169.78 169.44 169.00 168.50 167.97 167.66 167.41 167.19 167.00 166.84 166.72 166.59 166.47 166.38 166.28 166.19 166.12 166.06 166.00 165.94 165.88 165.84 165.81 165.78 165.78 165.75 165.75 165.75 165.75 165.59 164.81 164.22 164.03 164.31 164.66 164.69 164.50 164.31 164.16 164.03 163.94 163.84 163.81 163.78 163.78 163.78 163.81 163.88 163.94
172.59 172.59 172.59 172.50 172.28 172.12 172.00 171.88 171.78 171.66 171.50 171.38 171.25 171.12 171.00 170.88 170.75 170.75 170.72 170.41 170.09 169.78 169.50 169.16 168.72 168.22 167.78 167.47 167.22 167.00 166.81 166.66 166.50 166.38 166.25 166.16 166.06 165.97 165.91 165.81 165.78 165.72 165.66 165.62 165.59 165.56 165.53 165.53 165.50 165.50 165.47 165.34 164.66 163.97 163.78 163.97 164.31 164.47 164.31 164.12 163.94 163.81 163.69 163.62 163.56 163.53 163.53 163.56 163.59 163.66 163.72
172.56 172.56 172.53 172.34 172.12 171.97 171.84 171.72 171.59 171.47 171.34 171.22 171.12 171.00 170.91 170.81 170.75 170.72 170.56 170.12 169.81 169.50 169.19 168.88 168.44 168.00 167.59 167.28 167.00 166.78 166.59 166.44 166.28 166.16 166.03 165.94 165.84 165.75 165.66 165.59 165.53 165.47 165.44 165.38 165.34 165.34 165.31 165.28 165.25 165.22 165.16 165.00 164.53 163.78 163.53 163.66 164.00 164.22 164.09 163.91 163.72 163.56 163.47 163.38 163.31 163.28 163.28 163.31 163.34 163.41 163.47
172.50 172.47 172.34 172.12 171.94 171.78 171.66 171.53 171.44 171.31 171.22 171.09 170.97 170.91 170.81 170.75 170.72 170.59 170.25 169.84 169.50 169.22 168.88 168.53 168.16 167.75 167.38 167.06 166.81 166.59 166.38 166.22 166.06 165.94 165.81 165.69 165.59 165.53 165.44 165.38 165.31 165.25 165.19 165.16 165.12 165.09 165.06 165.03 165.00 164.94 164.88 164.69 164.38 163.66 163.28 163.28 163.62 163.94 163.91 163.69 163.50 163.31 163.19 163.09 163.06 163.03 163.03 163.06 163.09 163.16 163.22
172.41 172.28 172.06 171.88 171.72 171.59 171.47 171.38 171.28 171.16 171.06 170.94 170.84 170.78 170.72 170.72 170.56 170.19 169.78 169.44 169.12 168.81 168.50 168.19 167.84 167.50 167.16 166.84 166.59 166.34 166.16 166.00 165.84 165.69 165.56 165.47 165.38 165.28 165.22 165.12 165.06 165.03 164.97 164.94 164.88 164.84 164.81 164.78 164.72 164.66 164.59 164.44 164.19 163.53 163.00 162.88 163.19 163.59 163.66 163.47 163.25 163.06 162.94 162.84 162.78 162.75 162.78 162.78 162.84 162.91 163.00
172.22 172.06 171.75 171.59 171.47 171.38 171.28 171.19 171.09 171.03 170.91 170.81 170.72 170.69 170.69 170.44 170.06 169.66 169.31 169.00 168.69 168.41 168.12 167.84 167.53 167.19 166.88 166.59 166.34 166.12 165.91 165.75 165.59 165.47 165.34 165.22 165.12 165.03 164.97 164.91 164.84 164.78 164.72 164.69 164.62 164.59 164.56 164.53 164.47 164.41 164.31 164.16 163.91 163.41 162.69 162.53 162.81 163.25 163.41 163.22 162.97 162.78 162.62 162.53 162.50 162.47 162.50 162.53 162.59 162.66 162.75
171.97 171.69 171.47 171.34 171.25 171.16 171.09 171.03 170.97 170.88 170.81 170.69 170.59 170.56 170.34 169.91 169.53 169.19 168.84 168.53 168.28 168.00 167.75 167.47 167.19 166.88 166.59 166.31 166.06 165.88 165.66 165.50 165.34 165.22 165.09 164.97 164.88 164.78 164.72 164.66 164.59 164.53 164.47 164.44 164.38 164.34 164.28 164.25 164.19 164.12 164.03 163.88 163.66 163.22 162.34 162.12 162.41 162.91 163.16 162.97 162.69 162.47 162.31 162.22 162.19 162.19 162.22 162.28 162.34 162.41 162.50
