everonasctiles/Tile[25,7].asc
ncols 128
nrows 128
xllcorner 0
yllcorner 0
cellsize 2.0
NODATA_value  -9999
[rows 35 to 69 of 128, columns 0 to 76 of 128]
12.59 13.06 13.50 14.00 14.47 14.91 15.34 15.78 16.19 16.56 16.94 17.34 17.72 18.12 18.56 19.00 19.47 19.94 20.38 20.84 21.31 21.75 22.19 22.59 22.97 23.31 23.62 23.88 24.09 24.28 24.41 24.59 24.84 25.12 25.38 25.66 25.94 26.19 26.44 26.62 26.78 26.91 27.00 27.16 27.31 27.47 27.66 27.84 28.00 28.16 28.31 28.44 28.56 28.72 28.97 29.28 29.66 30.09 30.62 31.22 31.97 32.81 33.84 35.16 35.84 36.25 36.50 36.84 37.06 37.22 37.34 37.47 37.66 37.84 38.06 38.25 38.47
12.62 13.03 13.47 13.91 14.41 14.84 15.28 15.72 16.09 16.47 16.84 17.22 17.59 18.00 18.41 18.88 19.31 19.78 20.28 20.75 21.25 21.72 22.19 22.66 23.06 23.47 23.78 24.03 24.22 24.34 24.44 24.59 24.78 25.06 25.22 25.56 25.88 26.12 26.34 26.50 26.62 26.75 26.88 27.03 27.16 27.31 27.50 27.69 27.84 28.00 28.16 28.28 28.38 28.53 28.75 29.06 29.41 29.84 30.34 30.91 31.56 32.31 33.25 34.41 35.47 35.88 36.28 36.59 36.81 36.94 37.16 37.34 37.56 37.78 38.00 38.22 38.41
12.62 13.06 13.47 13.91 14.38 14.81 15.25 15.69 16.06 16.44 16.78 17.16 17.53 17.91 18.31 18.75 19.22 19.69 20.19 20.69 21.19 21.69 22.16 22.66 23.12 23.53 23.91 24.12 24.28 24.34 24.44 24.56 24.75 24.91 25.19 25.50 25.78 26.03 26.19 26.31 26.44 26.53 26.66 26.81 27.00 27.16 27.31 27.50 27.69 27.84 27.97 28.09 28.22 28.34 28.56 28.84 29.16 29.56 30.00 30.50 31.09 31.75 32.53 33.69 34.94 35.53 36.00 36.41 36.50 36.72 36.97 37.22 37.47 37.72 37.94 38.16 38.34
12.75 13.16 13.59 14.00 14.44 14.84 15.25 15.66 16.03 16.41 16.75 17.09 17.47 17.84 18.25 18.69 19.12 19.62 20.09 20.59 21.12 21.62 22.12 22.62 23.12 23.56 23.91 24.19 24.31 24.34 24.44 24.50 24.69 24.88 25.19 25.44 25.62 25.81 25.97 26.09 26.16 26.28 26.44 26.59 26.75 26.97 27.16 27.34 27.50 27.66 27.78 27.91 28.03 28.19 28.38 28.62 28.91 29.28 29.66 30.12 30.62 31.25 31.97 32.94 34.28 35.16 35.69 36.06 36.31 36.56 36.81 37.09 37.41 37.62 37.84 38.06 38.28
12.94 13.34 13.72 14.16 14.56 14.94 15.31 15.69 16.06 16.41 16.75 17.06 17.44 17.84 18.22 18.62 19.06 19.53 19.97 20.50 21.00 21.50 22.03 22.50 23.00 23.47 23.91 24.19 24.31 24.38 24.44 24.53 24.69 24.88 25.16 25.31 25.47 25.62 25.69 25.78 25.88 26.00 26.12 26.31 26.56 26.75 26.94 27.12 27.31 27.47 27.59 27.72 27.84 28.00 28.16 28.38 28.66 29.00 29.38 29.81 30.31 30.88 31.56 32.38 33.50 34.81 35.38 35.84 36.12 36.47 36.78 37.03 37.31 37.53 37.78 38.00 38.19
13.16 13.56 13.94 14.28 14.66 15.03 15.41 15.78 16.12 16.44 16.75 17.12 17.50 17.84 18.22 18.59 19.03 19.47 19.94 20.41 20.91 21.38 21.84 22.34 22.84 23.34 23.81 24.12 24.28 24.38 24.50 24.66 24.78 24.97 25.12 25.19 25.22 25.34 25.34 25.44 25.53 25.66 25.84 26.03 26.28 26.53 26.72 26.91 27.09 27.22 27.38 27.53 27.66 27.81 27.97 28.16 28.41 28.75 29.12 29.53 30.00 30.53 31.16 31.84 32.75 34.12 35.12 35.62 36.06 36.44 36.75 36.94 37.19 37.44 37.66 37.88 38.09
13.41 13.75 14.09 14.47 14.78 15.16 15.53 15.88 16.19 16.50 16.84 17.16 17.50 17.88 18.25 18.62 19.00 19.44 19.84 20.31 20.72 21.19 21.66 22.12 22.62 23.19 23.69 24.03 24.22 24.34 24.50 24.69 24.84 24.97 25.09 25.09 25.06 25.00 25.03 25.09 25.22 25.34 25.50 25.72 25.97 26.25 26.47 26.66 26.81 27.00 27.16 27.31 27.47 27.62 27.78 27.94 28.19 28.53 28.88 29.28 29.69 30.19 30.75 31.38 32.06 33.09 34.88 35.47 35.91 36.31 36.56 36.75 37.03 37.28 37.53 37.78 38.00
13.62 13.94 14.28 14.62 14.97 15.28 15.62 15.94 16.22 16.53 16.88 17.22 17.56 17.91 18.28 18.59 19.00 19.38 19.78 20.16 20.56 20.97 21.41 21.88 22.38 22.91 23.44 23.81 24.03 24.22 24.44 24.66 24.81 24.94 25.00 25.00 24.94 24.91 24.81 24.84 24.91 25.03 25.16 25.38 25.62 25.91 26.16 26.38 26.56 26.75 26.94 27.09 27.25 27.41 27.56 27.75 27.94 28.31 28.66 29.00 29.38 29.81 30.28 30.81 31.44 32.12 33.59 34.50 35.06 35.66 36.25 36.50 36.81 37.09 37.34 37.62 37.88
13.81 14.09 14.38 14.75 15.06 15.34 15.66 15.94 16.28 16.56 16.91 17.25 17.59 17.91 18.25 18.59 18.94 19.28 19.66 20.03 20.41 20.75 21.16 21.59 22.06 22.59 23.12 23.53 23.81 24.00 24.25 24.47 24.72 24.84 24.91 24.88 24.84 24.75 24.59 24.62 24.66 24.75 24.84 25.03 25.28 25.56 25.81 26.06 26.28 26.47 26.66 26.84 27.03 27.22 27.41 27.56 27.75 28.09 28.41 28.72 29.03 29.44 29.84 30.31 30.97 31.69 32.50 33.31 34.03 34.75 35.75 36.16 36.50 36.81 37.12 37.44 37.69
13.84 14.16 14.47 14.78 15.09 15.34 15.66 15.97 16.28 16.62 16.94 17.28 17.59 17.91 18.25 18.56 18.91 19.19 19.50 19.88 20.19 20.53 20.91 21.31 21.75 22.16 22.69 23.12 23.41 23.72 23.97 24.25 24.47 24.66 24.72 24.69 24.62 24.53 24.41 24.38 24.38 24.44 24.56 24.69 24.91 25.22 25.47 25.75 25.97 26.22 26.44 26.62 26.81 27.03 27.19 27.38 27.56 27.84 28.16 28.44 28.72 29.06 29.44 29.91 30.62 31.31 32.03 32.72 33.41 34.03 34.72 35.66 36.12 36.50 36.84 37.16 37.44
13.84 14.12 14.44 14.75 15.00 15.34 15.62 15.97 16.28 16.59 16.91 17.22 17.53 17.84 18.16 18.47 18.78 19.09 19.41 19.69 20.00 20.31 20.66 21.00 21.38 21.78 22.19 22.56 23.03 23.38 23.62 23.91 24.16 24.38 24.47 24.44 24.38 24.09 23.97 24.06 24.09 24.16 24.25 24.38 24.56 24.84 25.12 25.41 25.69 25.94 26.16 26.38 26.59 26.81 27.03 27.22 27.41 27.59 27.91 28.12 28.44 28.69 29.03 29.69 30.25 30.88 31.50 32.16 32.75 33.34 33.91 34.59 35.62 36.16 36.53 36.84 37.16
13.78 14.06 14.38 14.66 14.94 15.25 15.56 15.88 16.22 16.53 16.81 17.12 17.44 17.75 18.03 18.31 18.62 18.91 19.19 19.47 19.75 20.06 20.34 20.69 21.03 21.38 21.69 22.03 22.56 22.97 23.19 23.38 23.75 24.00 24.12 24.12 24.00 23.81 23.66 23.69 23.81 23.88 23.97 24.12 24.28 24.53 24.78 25.09 25.38 25.66 25.91 26.16 26.38 26.62 26.84 27.03 27.25 27.44 27.66 27.88 28.12 28.34 28.66 29.34 29.88 30.41 30.97 31.53 32.03 32.56 33.12 33.75 34.66 35.69 36.16 36.47 36.84
13.69 13.97 14.28 14.56 14.88 15.19 15.50 15.81 16.12 16.44 16.75 17.03 17.34 17.62 17.91 18.19 18.47 18.72 19.00 19.25 19.53 19.81 20.09 20.38 20.72 21.00 21.28 21.59 22.09 22.53 22.78 23.12 23.34 23.66 23.66 23.62 23.47 23.41 23.38 23.38 23.50 23.56 23.69 23.84 24.03 24.25 24.53 24.81 25.09 25.38 25.66 25.94 26.19 26.44 26.66 26.88 27.09 27.28 27.47 27.66 27.88 28.06 28.31 29.00 29.47 29.97 30.50 31.03 31.53 31.94 32.41 32.97 33.56 34.25 35.22 35.84 36.38
13.66 13.94 14.22 14.53 14.84 15.12 15.44 15.75 16.06 16.38 16.66 16.97 17.25 17.53 17.78 18.06 18.31 18.56 18.81 19.06 19.31 19.56 19.84 20.09 20.38 20.66 20.91 21.22 21.69 22.12 22.50 22.84 23.16 23.31 23.31 23.09 22.94 22.88 22.97 23.03 23.12 23.25 23.41 23.56 23.75 24.00 24.25 24.53 24.84 25.12 25.44 25.72 26.00 26.25 26.47 26.72 26.94 27.12 27.31 27.47 27.66 27.81 28.03 28.62 29.06 29.56 30.12 30.59 31.06 31.50 31.94 32.38 32.84 33.34 33.88 34.44 35.25
13.59 13.88 14.16 14.47 14.78 15.06 15.38 15.69 16.00 16.28 16.59 16.88 17.16 17.44 17.69 17.94 18.19 18.44 18.66 18.91 19.12 19.38 19.59 19.81 20.06 20.31 20.56 20.84 21.25 21.69 22.12 22.34 22.75 22.88 22.88 22.59 22.41 22.38 22.50 22.66 22.78 22.94 23.09 23.28 23.47 23.72 24.00 24.28 24.56 24.88 25.16 25.47 25.78 26.06 26.31 26.56 26.78 27.00 27.16 27.31 27.47 27.62 27.75 28.19 28.66 29.16 29.72 30.25 30.66 31.09 31.56 32.00 32.47 32.94 33.41 33.88 34.28
13.53 13.81 14.09 14.41 14.72 15.00 15.28 15.59 15.91 16.22 16.50 16.81 17.06 17.34 17.59 17.84 18.06 18.31 18.53 18.75 18.97 19.19 19.38 19.56 19.75 19.97 20.19 20.47 20.78 21.06 21.62 21.84 22.06 22.34 22.28 22.00 21.88 21.91 22.06 22.25 22.44 22.59 22.78 22.97 23.19 23.47 23.72 24.00 24.31 24.62 24.94 25.28 25.59 25.91 26.16 26.44 26.66 26.81 27.00 27.16 27.31 27.44 27.59 27.75 28.22 28.69 29.25 29.84 30.28 30.75 31.22 31.62 32.03 32.41 32.75 33.09 33.44
13.47 13.72 14.03 14.34 14.62 14.94 15.22 15.53 15.84 16.12 16.44 16.72 17.00 17.25 17.50 17.75 17.97 18.19 18.38 18.62 18.84 19.03 19.19 19.34 19.50 19.66 19.81 20.06 20.34 20.53 20.91 21.31 21.50 21.62 21.59 21.47 21.44 21.53 21.72 21.88 22.06 22.25 22.47 22.66 22.91 23.16 23.44 23.75 24.06 24.38 24.72 25.06 25.41 25.72 26.00 26.28 26.47 26.69 26.81 26.97 27.12 27.25 27.38 27.53 27.69 28.19 28.72 29.34 29.84 30.34 30.81 31.19 31.59 31.97 32.31 32.69 33.00
13.38 13.66 13.94 14.25 14.56 14.84 15.16 15.44 15.75 16.06 16.38 16.66 16.94 17.16 17.44 17.62 17.88 18.09 18.31 18.53 18.72 18.91 19.06 19.16 19.25 19.34 19.47 19.66 19.88 20.12 20.38 20.69 20.81 20.88 20.91 20.94 21.03 21.19 21.34 21.53 21.72 21.91 22.12 22.38 22.62 22.88 23.19 23.47 23.81 24.16 24.47 24.84 25.19 25.50 25.84 26.09 26.31 26.50 26.62 26.75 26.88 27.00 27.16 27.28 27.47 27.69 28.16 28.81 29.34 29.88 30.31 30.75 31.19 31.56 31.91 32.25 32.59
13.28 13.56 13.84 14.16 14.47 14.75 15.06 15.34 15.66 15.97 16.28 16.56 16.84 17.09 17.31 17.56 17.78 18.00 18.19 18.38 18.59 18.75 18.91 19.00 19.03 19.06 19.16 19.25 19.47 19.69 19.91 20.06 20.16 20.28 20.34 20.47 20.59 20.81 20.97 21.16 21.38 21.59 21.81 22.03 22.31 22.59 22.91 23.22 23.53 23.91 24.25 24.62 25.00 25.31 25.62 25.91 26.12 26.28 26.41 26.53 26.62 26.75 26.88 27.06 27.22 27.44 27.66 28.25 28.81 29.34 29.78 30.25 30.72 31.12 31.47 31.84 32.16
13.16 13.44 13.72 14.06 14.34 14.66 14.97 15.25 15.56 15.88 16.19 16.47 16.75 17.00 17.25 17.47 17.69 17.88 18.06 18.25 18.44 18.62 18.75 18.81 18.78 18.78 18.81 18.88 19.00 19.22 19.41 19.50 19.62 19.72 19.84 20.00 20.19 20.41 20.59 20.78 21.00 21.25 21.47 21.75 22.03 22.31 22.62 22.94 23.31 23.66 24.03 24.41 24.75 25.09 25.41 25.66 25.88 26.06 26.19 26.25 26.34 26.47 26.59 26.75 26.94 27.16 27.38 27.62 28.25 28.75 29.22 29.72 30.22 30.59 31.00 31.38 31.75
12.97 13.28 13.59 13.91 14.22 14.53 14.84 15.12 15.44 15.78 16.09 16.38 16.66 16.91 17.12 17.38 17.56 17.72 17.91 18.09 18.25 18.41 18.53 18.56 18.50 18.44 18.44 18.50 18.62 18.75 18.91 19.03 19.12 19.25 19.41 19.59 19.78 20.00 20.22 20.44 20.66 20.88 21.16 21.44 21.72 22.03 22.38 22.69 23.06 23.44 23.78 24.16 24.53 24.84 25.16 25.38 25.59 25.75 25.88 25.94 26.06 26.16 26.28 26.44 26.62 26.84 27.09 27.34 27.59 28.12 28.66 29.19 29.69 30.09 30.53 30.94 31.31
12.78 13.09 13.41 13.75 14.06 14.38 14.69 15.00 15.31 15.62 15.94 16.25 16.53 16.78 17.03 17.22 17.41 17.56 17.72 17.81 18.00 18.12 18.22 18.25 18.16 18.06 18.09 18.12 18.25 18.38 18.47 18.53 18.66 18.78 18.97 19.19 19.41 19.62 19.84 20.06 20.31 20.56 20.81 21.09 21.44 21.75 22.06 22.44 22.81 23.16 23.50 23.88 24.19 24.53 24.81 25.06 25.25 25.44 25.53 25.62 25.69 25.78 25.94 26.09 26.28 26.50 26.75 27.03 27.31 27.59 28.00 28.59 29.16 29.59 30.03 30.47 30.88
12.50 12.84 13.19 13.53 13.84 14.19 14.47 14.81 15.12 15.44 15.75 16.06 16.38 16.62 16.88 17.06 17.19 17.34 17.47 17.56 17.69 17.78 17.81 17.84 17.72 17.69 17.72 17.78 17.88 17.97 18.03 18.16 18.25 18.41 18.59 18.81 19.03 19.25 19.50 19.72 19.97 20.19 20.50 20.81 21.12 21.44 21.78 22.12 22.50 22.88 23.22 23.53 23.88 24.19 24.44 24.66 24.88 25.03 25.12 25.22 25.31 25.41 25.56 25.72 25.91 26.12 26.38 26.69 26.97 27.28 27.62 28.00 28.53 29.09 29.59 30.03 30.47
12.16 12.53 12.88 13.19 13.50 13.81 14.12 14.47 14.81 15.16 15.50 15.84 16.16 16.41 16.66 16.84 16.97 17.06 17.16 17.25 17.31 17.34 17.38 17.34 17.34 17.28 17.34 17.41 17.53 17.59 17.69 17.75 17.88 18.03 18.22 18.44 18.69 18.91 19.16 19.38 19.62 19.91 20.22 20.50 20.81 21.16 21.47 21.84 22.16 22.50 22.84 23.19 23.50 23.78 24.03 24.22 24.44 24.56 24.72 24.81 24.91 25.00 25.16 25.31 25.50 25.75 26.00 26.31 26.62 26.97 27.34 27.72 28.16 28.62 29.16 29.66 30.09
11.78 12.16 12.50 12.84 13.16 13.50 13.81 14.12 14.47 14.81 15.16 15.50 15.84 16.16 16.38 16.59 16.72 16.78 16.81 16.88 16.88 16.91 16.88 16.94 16.94 16.91 16.91 17.03 17.16 17.22 17.31 17.38 17.50 17.69 17.91 18.12 18.34 18.56 18.81 19.03 19.31 19.62 19.91 20.19 20.50 20.81 21.16 21.47 21.81 22.12 22.44 22.75 23.03 23.31 23.53 23.75 23.91 24.06 24.22 24.34 24.44 24.59 24.72 24.91 25.09 25.34 25.59 25.91 26.28 26.62 27.03 27.44 27.88 28.31 28.78 29.19 29.66
11.41 11.78 12.12 12.44 12.75 13.09 13.41 13.75 14.09 14.44 14.78 15.12 15.47 15.78 16.06 16.25 16.38 16.44 16.47 16.47 16.44 16.44 16.44 16.44 16.50 16.56 16.59 16.66 16.75 16.84 16.94 17.06 17.16 17.38 17.59 17.78 18.03 18.25 18.47 18.75 19.03 19.31 19.59 19.88 20.19 20.50 20.81 21.09 21.41 21.72 22.00 22.28 22.56 22.78 23.00 23.19 23.34 23.53 23.69 23.84 24.00 24.12 24.28 24.47 24.69 24.94 25.22 25.53 25.88 26.28 26.72 27.12 27.59 28.03 28.47 28.91 29.31
11.09 11.47 11.81 12.12 12.44 12.75 13.06 13.38 13.72 14.06 14.38 14.72 15.03 15.38 15.66 15.88 16.00 16.06 16.09 16.06 16.00 15.97 15.97 16.00 16.06 16.19 16.19 16.25 16.38 16.47 16.56 16.72 16.88 17.06 17.28 17.50 17.69 17.94 18.19 18.47 18.72 19.00 19.28 19.56 19.88 20.16 20.44 20.75 21.03 21.28 21.56 21.81 22.06 22.25 22.44 22.62 22.78 22.97 23.16 23.34 23.50 23.66 23.84 24.03 24.25 24.53 24.81 25.12 25.50 25.91 26.34 26.81 27.25 27.69 28.16 28.59 28.94
10.91 11.25 11.56 11.84 12.16 12.44 12.75 13.03 13.34 13.66 13.97 14.28 14.59 14.91 15.19 15.44 15.59 15.66 15.69 15.66 15.59 15.56 15.56 15.62 15.69 15.75 15.84 15.88 16.03 16.09 16.28 16.41 16.56 16.78 16.97 17.19 17.41 17.69 17.94 18.19 18.44 18.72 18.97 19.25 19.53 19.78 20.06 20.31 20.56 20.81 21.06 21.31 21.50 21.72 21.91 22.06 22.25 22.44 22.62 22.84 23.03 23.19 23.38 23.59 23.84 24.09 24.41 24.72 25.09 25.53 25.94 26.41 26.88 27.34 27.78 28.22 28.62
10.75 11.03 11.31 11.59 11.88 12.12 12.41 12.69 12.97 13.28 13.56 13.84 14.12 14.44 14.72 14.94 15.12 15.22 15.25 15.25 15.22 15.19 15.19 15.22 15.31 15.34 15.41 15.56 15.59 15.81 15.97 16.12 16.28 16.47 16.69 16.91 17.16 17.41 17.66 17.91 18.16 18.41 18.66 18.91 19.16 19.41 19.62 19.88 20.09 20.34 20.56 20.78 20.97 21.19 21.34 21.53 21.72 21.91 22.12 22.34 22.53 22.72 22.94 23.16 23.41 23.66 23.97 24.31 24.69 25.12 25.56 26.00 26.47 26.91 27.34 27.78 28.22
10.62 10.84 11.09 11.34 11.59 11.84 12.09 12.34 12.62 12.88 13.16 13.41 13.66 13.97 14.22 14.44 14.62 14.75 14.81 14.84 14.84 14.81 14.81 14.88 14.91 15.00 15.12 15.25 15.31 15.47 15.66 15.81 16.00 16.22 16.44 16.69 16.94 17.16 17.38 17.62 17.88 18.09 18.34 18.56 18.78 19.00 19.19 19.41 19.62 19.84 20.03 20.22 20.44 20.62 20.81 21.00 21.19 21.41 21.62 21.84 22.06 22.28 22.47 22.69 22.94 23.22 23.53 23.91 24.28 24.69 25.12 25.56 26.00 26.44 26.88 27.34 27.81
10.50 10.69 10.88 11.09 11.31 11.53 11.75 12.00 12.25 12.50 12.75 12.97 13.22 13.50 13.75 13.97 14.16 14.28 14.38 14.41 14.44 14.44 14.47 14.50 14.56 14.69 14.78 14.91 15.03 15.22 15.34 15.56 15.75 16.00 16.22 16.44 16.66 16.88 17.09 17.34 17.56 17.78 18.00 18.19 18.38 18.56 18.75 18.94 19.12 19.31 19.50 19.69 19.91 20.09 20.28 20.50 20.69 20.91 21.12 21.34 21.56 21.81 22.03 22.25 22.50 22.78 23.12 23.47 23.84 24.25 24.69 25.12 25.56 25.97 26.44 26.91 27.34
10.34 10.50 10.66 10.84 11.03 11.22 11.44 11.66 11.88 12.12 12.34 12.56 12.78 13.06 13.31 13.53 13.69 13.84 13.94 14.03 14.06 14.09 14.09 14.16 14.25 14.34 14.44 14.56 14.72 14.88 15.09 15.28 15.56 15.78 16.00 16.19 16.41 16.59 16.81 17.03 17.25 17.47 17.66 17.81 17.97 18.12 18.31 18.47 18.62 18.81 19.00 19.19 19.38 19.56 19.78 19.97 20.19 20.41 20.66 20.88 21.09 21.34 21.56 21.81 22.09 22.38 22.69 23.03 23.44 23.81 24.25 24.66 25.09 25.56 26.00 26.50 26.94
10.22 10.31 10.44 10.59 10.75 10.94 11.12 11.31 11.53 11.75 11.97 12.16 12.38 12.66 12.88 13.09 13.31 13.44 13.56 13.62 13.72 13.75 13.78 13.84 13.91 14.03 14.16 14.28 14.44 14.62 14.84 15.09 15.31 15.53 15.72 15.91 16.12 16.34 16.53 16.75 16.97 17.12 17.28 17.44 17.56 17.72 17.84 18.00 18.16 18.31 18.47 18.66 18.84 19.06 19.28 19.47 19.69 19.94 20.16 20.41 20.66 20.88 21.12 21.38 21.66 21.97 22.28 22.62 23.00 23.41 23.81 24.25 24.69 25.16 25.62 26.06 26.53
10.06 10.12 10.22 10.34 10.47 10.62 10.81 11.00 11.19 11.38 11.59 11.78 12.00 12.25 12.47 12.72 12.91 13.09 13.19 13.28 13.38 13.47 13.50 13.56 13.62 13.72 13.88 14.03 14.19 14.38 14.59 14.81 15.06 15.25 15.47 15.66 15.84 16.06 16.28 16.47 16.66 16.81 16.94 17.06 17.19 17.28 17.41 17.53 17.66 17.81 17.97 18.12 18.31 18.53 18.75 19.00 19.22 19.47 19.69 19.94 20.19 20.44 20.69 20.97 21.25 21.53 21.88 22.22 22.59 23.00 23.41 23.84 24.28 24.75 25.22 25.69 26.12
9.88 9.91 9.97 10.06 10.19 10.34 10.50 10.69 10.84 11.03 11.22 11.41 11.62 11.88 12.09 12.34 12.53 12.72 12.84 12.97 13.09 13.19 13.25 13.31 13.38 13.47 13.59 13.78 13.97 14.16 14.38 14.56 14.78 14.97 15.16 15.38 15.59 15.81 16.00 16.19 16.34 16.47 16.59 16.69 16.78 16.84 16.94 17.06 17.19 17.31 17.47 17.62 17.81 18.03 18.25 18.50 18.72 18.97 19.25 19.50 19.75 20.00 20.28 20.53 20.81 21.12 21.47 21.84 22.22 22.59 23.00 23.44 23.91 24.38 24.84 25.31 25.75
