everonasctiles/Tile[1,13].asc
ncols 128
nrows 128
xllcorner 0
yllcorner 0
cellsize 2.0
NODATA_value  -9999
[rows 96 to 127 of 128, columns 0 to 70 of 128]
-56.88 -56.84 -56.84 -56.81 -56.75 -56.72 -56.66 -56.59 -56.53 -56.47 -56.41 -56.34 -56.28 -56.25 -56.19 -56.16 -56.12 -56.06 -56.03 -56.00 -55.94 -55.88 -55.81 -55.75 -55.69 -55.62 -55.56 -55.53 -55.47 -55.44 -55.41 -55.41 -55.38 -55.34 -55.34 -55.31 -55.31 -55.28 -55.28 -55.28 -55.25 -55.25 -55.22 -55.22 -55.22 -55.22 -55.19 -55.19 -55.19 -55.16 -55.16 -55.16 -55.12 -55.12 -55.12 -55.12 -55.16 -55.19 -55.19 -55.22 -55.25 -55.25 -55.28 -55.28 -55.31 -55.34 -55.34 -55.38 -55.38 -55.41 -55.41
-56.84 -56.84 -56.81 -56.78 -56.75 -56.72 -56.66 -56.59 -56.53 -56.47 -56.41 -56.34 -56.28 -56.25 -56.19 -56.16 -56.09 -56.06 -56.03 -56.00 -55.94 -55.88 -55.81 -55.75 -55.69 -55.62 -55.56 -55.53 -55.47 -55.44 -55.41 -55.38 -55.38 -55.34 -55.31 -55.31 -55.28 -55.28 -55.28 -55.25 -55.25 -55.22 -55.22 -55.22 -55.19 -55.19 -55.19 -55.19 -55.19 -55.16 -55.16 -55.12 -55.12 -55.09 -55.09 -55.09 -55.12 -55.12 -55.16 -55.16 -55.19 -55.19 -55.22 -55.25 -55.25 -55.28 -55.31 -55.31 -55.34 -55.34 -55.38
-56.84 -56.81 -56.81 -56.78 -56.75 -56.69 -56.66 -56.59 -56.53 -56.47 -56.41 -56.34 -56.28 -56.22 -56.19 -56.16 -56.09 -56.06 -56.03 -55.97 -55.94 -55.88 -55.81 -55.75 -55.69 -55.62 -55.56 -55.50 -55.47 -55.44 -55.41 -55.38 -55.34 -55.34 -55.31 -55.28 -55.28 -55.28 -55.25 -55.25 -55.25 -55.22 -55.22 -55.19 -55.19 -55.19 -55.19 -55.19 -55.19 -55.16 -55.16 -55.16 -55.12 -55.09 -55.09 -55.09 -55.09 -55.09 -55.09 -55.12 -55.12 -55.16 -55.16 -55.19 -55.22 -55.22 -55.25 -55.28 -55.28 -55.31 -55.31
-56.81 -56.78 -56.78 -56.75 -56.72 -56.69 -56.62 -56.56 -56.53 -56.47 -56.41 -56.34 -56.28 -56.22 -56.19 -56.12 -56.09 -56.06 -56.00 -55.97 -55.91 -55.88 -55.81 -55.75 -55.69 -55.62 -55.56 -55.50 -55.47 -55.44 -55.41 -55.38 -55.34 -55.31 -55.31 -55.28 -55.28 -55.25 -55.25 -55.25 -55.22 -55.22 -55.19 -55.19 -55.19 -55.19 -55.19 -55.19 -55.16 -55.16 -55.16 -55.16 -55.12 -55.09 -55.09 -55.06 -55.06 -55.06 -55.06 -55.06 -55.09 -55.09 -55.12 -55.12 -55.16 -55.19 -55.19 -55.22 -55.25 -55.25 -55.28
-56.78 -56.78 -56.75 -56.72 -56.69 -56.66 -56.59 -56.56 -56.50 -56.44 -56.38 -56.31 -56.25 -56.19 -56.16 -56.12 -56.09 -56.03 -56.00 -55.94 -55.91 -55.84 -55.78 -55.72 -55.66 -55.59 -55.56 -55.50 -55.47 -55.44 -55.41 -55.38 -55.34 -55.31 -55.28 -55.28 -55.25 -55.25 -55.25 -55.22 -55.22 -55.22 -55.19 -55.19 -55.19 -55.19 -55.16 -55.16 -55.16 -55.16 -55.16 -55.12 -55.12 -55.09 -55.06 -55.06 -55.03 -55.03 -55.03 -55.03 -55.03 -55.06 -55.06 -55.09 -55.09 -55.12 -55.16 -55.16 -55.19 -55.22 -55.25
-56.75 -56.72 -56.72 -56.69 -56.66 -56.62 -56.59 -56.53 -56.47 -56.41 -56.34 -56.28 -56.22 -56.19 -56.12 -56.09 -56.06 -56.03 -55.97 -55.94 -55.88 -55.81 -55.78 -55.72 -55.66 -55.59 -55.53 -55.50 -55.44 -55.41 -55.38 -55.34 -55.31 -55.28 -55.28 -55.25 -55.25 -55.25 -55.22 -55.22 -55.22 -55.19 -55.19 -55.19 -55.19 -55.16 -55.16 -55.16 -55.12 -55.12 -55.12 -55.12 -55.09 -55.09 -55.06 -55.03 -55.00 -55.00 -55.00 -55.00 -55.00 -55.00 -55.00 -55.03 -55.06 -55.06 -55.09 -55.12 -55.16 -55.19 -55.19
-56.69 -56.69 -56.66 -56.66 -56.62 -56.59 -56.56 -56.50 -56.44 -56.41 -56.31 -56.25 -56.22 -56.16 -56.09 -56.06 -56.03 -56.00 -55.94 -55.91 -55.84 -55.81 -55.75 -55.69 -55.62 -55.59 -55.53 -55.47 -55.44 -55.41 -55.38 -55.34 -55.31 -55.28 -55.25 -55.25 -55.22 -55.22 -55.22 -55.22 -55.19 -55.19 -55.19 -55.19 -55.16 -55.16 -55.12 -55.12 -55.12 -55.09 -55.09 -55.09 -55.06 -55.06 -55.03 -55.00 -54.97 -54.97 -54.94 -54.94 -54.94 -54.94 -54.97 -54.97 -55.00 -55.03 -55.06 -55.09 -55.09 -55.12 -55.16
-56.62 -56.62 -56.62 -56.59 -56.59 -56.56 -56.53 -56.47 -56.44 -56.38 -56.31 -56.25 -56.19 -56.12 -56.09 -56.03 -56.00 -55.97 -55.91 -55.88 -55.81 -55.78 -55.72 -55.69 -55.62 -55.56 -55.50 -55.47 -55.44 -55.38 -55.38 -55.34 -55.31 -55.28 -55.25 -55.22 -55.22 -55.22 -55.22 -55.19 -55.19 -55.19 -55.19 -55.16 -55.16 -55.16 -55.12 -55.09 -55.09 -55.06 -55.06 -55.06 -55.03 -55.03 -55.00 -54.97 -54.94 -54.91 -54.91 -54.91 -54.91 -54.91 -54.91 -54.94 -54.94 -54.97 -55.00 -55.03 -55.06 -55.09 -55.12
-56.56 -56.56 -56.56 -56.56 -56.53 -56.53 -56.50 -56.44 -56.41 -56.34 -56.28 -56.22 -56.19 -56.12 -56.06 -56.03 -55.97 -55.94 -55.88 -55.84 -55.81 -55.75 -55.72 -55.66 -55.59 -55.56 -55.50 -55.44 -55.41 -55.38 -55.34 -55.31 -55.28 -55.25 -55.22 -55.22 -55.19 -55.19 -55.19 -55.19 -55.19 -55.19 -55.16 -55.16 -55.16 -55.12 -55.09 -55.09 -55.06 -55.03 -55.03 -55.03 -55.00 -54.97 -54.97 -54.94 -54.91 -54.88 -54.84 -54.84 -54.84 -54.84 -54.84 -54.88 -54.91 -54.94 -54.97 -54.97 -55.00 -55.03 -55.06
-56.53 -56.50 -56.50 -56.50 -56.50 -56.47 -56.44 -56.41 -56.38 -56.31 -56.28 -56.22 -56.16 -56.09 -56.06 -56.00 -55.94 -55.91 -55.88 -55.81 -55.78 -55.72 -55.69 -55.62 -55.59 -55.53 -55.47 -55.44 -55.38 -55.34 -55.31 -55.28 -55.25 -55.22 -55.22 -55.19 -55.19 -55.16 -55.16 -55.16 -55.16 -55.16 -55.16 -55.12 -55.12 -55.12 -55.09 -55.06 -55.03 -55.03 -55.00 -55.00 -54.97 -54.94 -54.91 -54.88 -54.84 -54.81 -54.78 -54.78 -54.78 -54.78 -54.81 -54.81 -54.84 -54.88 -54.91 -54.94 -54.97 -54.97 -55.00
-56.47 -56.47 -56.44 -56.44 -56.44 -56.44 -56.41 -56.38 -56.34 -56.31 -56.25 -56.19 -56.16 -56.09 -56.03 -55.97 -55.94 -55.88 -55.84 -55.78 -55.75 -55.72 -55.66 -55.62 -55.56 -55.50 -55.47 -55.41 -55.38 -55.34 -55.28 -55.25 -55.25 -55.22 -55.19 -55.16 -55.16 -55.16 -55.16 -55.16 -55.16 -55.12 -55.12 -55.12 -55.09 -55.09 -55.06 -55.06 -55.03 -55.00 -54.97 -54.94 -54.94 -54.91 -54.88 -54.81 -54.78 -54.75 -54.72 -54.72 -54.72 -54.72 -54.72 -54.75 -54.78 -54.81 -54.84 -54.88 -54.91 -54.94 -54.94
-56.41 -56.41 -56.41 -56.41 -56.38 -56.38 -56.34 -56.34 -56.31 -56.25 -56.22 -56.19 -56.12 -56.06 -56.00 -55.97 -55.91 -55.84 -55.81 -55.75 -55.72 -55.69 -55.62 -55.59 -55.53 -55.47 -55.44 -55.38 -55.34 -55.31 -55.28 -55.25 -55.22 -55.19 -55.16 -55.16 -55.12 -55.12 -55.12 -55.12 -55.12 -55.12 -55.09 -55.09 -55.09 -55.06 -55.06 -55.03 -55.00 -54.97 -54.94 -54.94 -54.88 -54.84 -54.81 -54.78 -54.75 -54.69 -54.69 -54.66 -54.66 -54.66 -54.66 -54.69 -54.72 -54.75 -54.78 -54.81 -54.84 -54.88 -54.91
-56.38 -56.34 -56.34 -56.34 -56.34 -56.31 -56.31 -56.28 -56.25 -56.22 -56.19 -56.16 -56.09 -56.06 -56.00 -55.94 -55.88 -55.81 -55.78 -55.72 -55.69 -55.66 -55.59 -55.56 -55.50 -55.44 -55.41 -55.38 -55.31 -55.28 -55.25 -55.22 -55.19 -55.16 -55.16 -55.12 -55.09 -55.09 -55.09 -55.09 -55.09 -55.09 -55.06 -55.06 -55.06 -55.03 -55.03 -55.00 -55.00 -54.97 -54.94 -54.88 -54.84 -54.81 -54.78 -54.72 -54.69 -54.66 -54.62 -54.59 -54.56 -54.56 -54.59 -54.59 -54.62 -54.69 -54.72 -54.75 -54.78 -54.81 -54.84
-56.31 -56.31 -56.28 -56.28 -56.28 -56.28 -56.25 -56.25 -56.22 -56.19 -56.16 -56.12 -56.06 -56.03 -55.97 -55.91 -55.84 -55.81 -55.75 -55.69 -55.66 -55.62 -55.56 -55.50 -55.47 -55.41 -55.38 -55.31 -55.28 -55.25 -55.22 -55.19 -55.16 -55.12 -55.12 -55.09 -55.09 -55.06 -55.06 -55.06 -55.06 -55.06 -55.03 -55.03 -55.03 -55.00 -55.00 -54.97 -54.97 -54.94 -54.91 -54.84 -54.81 -54.78 -54.72 -54.69 -54.62 -54.59 -54.56 -54.53 -54.50 -54.50 -54.50 -54.53 -54.56 -54.62 -54.66 -54.72 -54.75 -54.78 -54.81
-56.28 -56.25 -56.25 -56.22 -56.22 -56.19 -56.19 -56.19 -56.16 -56.16 -56.12 -56.09 -56.03 -56.00 -55.94 -55.88 -55.81 -55.78 -55.72 -55.69 -55.62 -55.59 -55.53 -55.47 -55.41 -55.38 -55.31 -55.28 -55.25 -55.22 -55.19 -55.16 -55.12 -55.09 -55.09 -55.06 -55.06 -55.03 -55.03 -55.03 -55.03 -55.00 -55.00 -55.00 -54.97 -54.97 -54.97 -54.94 -54.94 -54.91 -54.88 -54.81 -54.78 -54.72 -54.69 -54.66 -54.59 -54.56 -54.53 -54.50 -54.47 -54.44 -54.47 -54.50 -54.53 -54.59 -54.62 -54.69 -54.72 -54.75 -54.78
-56.22 -56.19 -56.19 -56.16 -56.16 -56.12 -56.12 -56.12 -56.09 -56.09 -56.06 -56.03 -56.00 -55.94 -55.91 -55.84 -55.78 -55.75 -55.69 -55.62 -55.59 -55.53 -55.50 -55.44 -55.38 -55.31 -55.28 -55.22 -55.19 -55.16 -55.12 -55.09 -55.09 -55.06 -55.03 -55.03 -55.03 -55.00 -55.00 -55.00 -54.97 -54.97 -54.97 -54.94 -54.94 -54.94 -54.91 -54.91 -54.88 -54.84 -54.81 -54.78 -54.75 -54.69 -54.66 -54.62 -54.56 -54.53 -54.50 -54.44 -54.41 -54.41 -54.44 -54.47 -54.50 -54.56 -54.59 -54.66 -54.69 -54.72 -54.75
-56.16 -56.16 -56.12 -56.09 -56.06 -56.06 -56.06 -56.03 -56.03 -56.03 -56.00 -55.97 -55.94 -55.91 -55.84 -55.81 -55.75 -55.69 -55.66 -55.59 -55.56 -55.50 -55.44 -55.38 -55.31 -55.28 -55.22 -55.19 -55.16 -55.09 -55.09 -55.06 -55.03 -55.03 -55.00 -55.00 -54.97 -54.97 -54.97 -54.97 -54.94 -54.94 -54.94 -54.91 -54.91 -54.88 -54.88 -54.84 -54.84 -54.81 -54.78 -54.75 -54.69 -54.66 -54.62 -54.59 -54.56 -54.50 -54.47 -54.41 -54.38 -54.38 -54.41 -54.44 -54.50 -54.53 -54.59 -54.62 -54.66 -54.69 -54.72
-56.12 -56.09 -56.06 -56.03 -56.00 -56.00 -55.97 -55.97 -55.94 -55.94 -55.94 -55.91 -55.88 -55.84 -55.78 -55.75 -55.72 -55.66 -55.62 -55.56 -55.50 -55.44 -55.41 -55.34 -55.28 -55.22 -55.16 -55.12 -55.09 -55.06 -55.03 -55.00 -54.97 -54.97 -54.97 -54.94 -54.94 -54.94 -54.94 -54.91 -54.91 -54.91 -54.88 -54.88 -54.88 -54.84 -54.84 -54.81 -54.81 -54.78 -54.75 -54.72 -54.66 -54.62 -54.59 -54.56 -54.53 -54.50 -54.44 -54.41 -54.38 -54.34 -54.38 -54.44 -54.50 -54.53 -54.56 -54.62 -54.66 -54.69 -54.69
-56.06 -56.03 -56.00 -55.97 -55.94 -55.91 -55.91 -55.88 -55.88 -55.88 -55.84 -55.84 -55.81 -55.78 -55.75 -55.69 -55.66 -55.62 -55.56 -55.53 -55.47 -55.41 -55.34 -55.28 -55.22 -55.16 -55.12 -55.06 -55.03 -55.00 -54.97 -54.94 -54.94 -54.94 -54.91 -54.91 -54.91 -54.91 -54.91 -54.88 -54.88 -54.88 -54.84 -54.84 -54.84 -54.81 -54.81 -54.81 -54.78 -54.75 -54.72 -54.69 -54.62 -54.59 -54.56 -54.53 -54.50 -54.47 -54.44 -54.38 -54.34 -54.34 -54.38 -54.44 -54.47 -54.53 -54.56 -54.59 -54.62 -54.66 -54.66
-56.03 -56.00 -55.94 -55.91 -55.88 -55.84 -55.81 -55.81 -55.78 -55.78 -55.78 -55.75 -55.72 -55.72 -55.69 -55.66 -55.59 -55.56 -55.53 -55.47 -55.41 -55.38 -55.31 -55.25 -55.19 -55.12 -55.06 -55.03 -54.97 -54.94 -54.91 -54.91 -54.88 -54.88 -54.88 -54.88 -54.88 -54.88 -54.88 -54.88 -54.84 -54.84 -54.84 -54.84 -54.81 -54.81 -54.78 -54.78 -54.75 -54.72 -54.69 -54.66 -54.62 -54.59 -54.56 -54.53 -54.50 -54.47 -54.44 -54.38 -54.34 -54.34 -54.38 -54.41 -54.47 -54.50 -54.53 -54.56 -54.59 -54.62 -54.62
-55.97 -55.94 -55.91 -55.88 -55.81 -55.78 -55.75 -55.72 -55.72 -55.72 -55.69 -55.69 -55.66 -55.62 -55.62 -55.59 -55.56 -55.53 -55.47 -55.44 -55.38 -55.31 -55.28 -55.22 -55.12 -55.06 -55.03 -54.97 -54.91 -54.88 -54.84 -54.84 -54.84 -54.84 -54.84 -54.84 -54.84 -54.84 -54.84 -54.84 -54.84 -54.84 -54.81 -54.81 -54.81 -54.81 -54.78 -54.75 -54.75 -54.72 -54.69 -54.66 -54.59 -54.59 -54.56 -54.53 -54.50 -54.47 -54.44 -54.41 -54.38 -54.34 -54.38 -54.41 -54.44 -54.47 -54.50 -54.53 -54.56 -54.59 -54.59
-55.94 -55.91 -55.88 -55.84 -55.78 -55.75 -55.69 -55.66 -55.66 -55.62 -55.62 -55.59 -55.59 -55.56 -55.53 -55.53 -55.50 -55.47 -55.44 -55.38 -55.34 -55.28 -55.22 -55.16 -55.09 -55.03 -54.97 -54.91 -54.88 -54.81 -54.78 -54.78 -54.78 -54.78 -54.81 -54.81 -54.81 -54.81 -54.81 -54.81 -54.81 -54.81 -54.81 -54.81 -54.81 -54.78 -54.78 -54.75 -54.72 -54.69 -54.66 -54.62 -54.62 -54.59 -54.56 -54.53 -54.53 -54.50 -54.44 -54.41 -54.38 -54.34 -54.34 -54.38 -54.44 -54.47 -54.47 -54.50 -54.53 -54.53 -54.56
-55.91 -55.88 -55.84 -55.81 -55.75 -55.69 -55.66 -55.62 -55.59 -55.56 -55.53 -55.53 -55.50 -55.50 -55.47 -55.47 -55.44 -55.41 -55.38 -55.34 -55.31 -55.25 -55.19 -55.12 -55.06 -55.00 -54.94 -54.88 -54.81 -54.78 -54.75 -54.75 -54.75 -54.75 -54.78 -54.78 -54.81 -54.81 -54.81 -54.81 -54.81 -54.81 -54.81 -54.78 -54.78 -54.78 -54.75 -54.75 -54.72 -54.69 -54.66 -54.66 -54.62 -54.59 -54.59 -54.56 -54.53 -54.50 -54.47 -54.44 -54.38 -54.38 -54.34 -54.38 -54.41 -54.44 -54.44 -54.47 -54.50 -54.50 -54.53
-55.88 -55.84 -55.81 -55.75 -55.72 -55.66 -55.59 -55.56 -55.53 -55.50 -55.47 -55.44 -55.44 -55.44 -55.41 -55.41 -55.38 -55.38 -55.34 -55.31 -55.25 -55.22 -55.16 -55.09 -55.03 -54.97 -54.88 -54.81 -54.75 -54.72 -54.69 -54.69 -54.72 -54.72 -54.75 -54.78 -54.78 -54.78 -54.78 -54.78 -54.78 -54.78 -54.78 -54.78 -54.78 -54.75 -54.75 -54.72 -54.72 -54.69 -54.69 -54.66 -54.62 -54.62 -54.59 -54.56 -54.56 -54.53 -54.47 -54.44 -54.41 -54.38 -54.34 -54.34 -54.38 -54.41 -54.44 -54.44 -54.47 -54.47 -54.50
-55.81 -55.78 -55.75 -55.72 -55.66 -55.62 -55.56 -55.53 -55.47 -55.44 -55.41 -55.38 -55.38 -55.38 -55.34 -55.34 -55.34 -55.31 -55.28 -55.25 -55.22 -55.16 -55.12 -55.06 -55.00 -54.94 -54.84 -54.78 -54.72 -54.69 -54.66 -54.66 -54.69 -54.72 -54.72 -54.75 -54.75 -54.78 -54.78 -54.78 -54.78 -54.78 -54.78 -54.78 -54.75 -54.75 -54.75 -54.72 -54.72 -54.69 -54.69 -54.66 -54.66 -54.62 -54.62 -54.59 -54.56 -54.53 -54.50 -54.44 -54.41 -54.38 -54.38 -54.34 -54.38 -54.38 -54.41 -54.41 -54.44 -54.44 -54.47
-55.78 -55.75 -55.72 -55.66 -55.62 -55.56 -55.53 -55.47 -55.44 -55.41 -55.34 -55.34 -55.31 -55.31 -55.31 -55.28 -55.28 -55.25 -55.25 -55.19 -55.16 -55.12 -55.06 -55.03 -54.97 -54.88 -54.81 -54.75 -54.69 -54.66 -54.66 -54.66 -54.69 -54.69 -54.72 -54.75 -54.75 -54.75 -54.75 -54.78 -54.78 -54.78 -54.78 -54.75 -54.75 -54.75 -54.72 -54.72 -54.69 -54.69 -54.69 -54.69 -54.66 -54.66 -54.62 -54.59 -54.59 -54.53 -54.50 -54.47 -54.44 -54.41 -54.38 -54.34 -54.34 -54.38 -54.38 -54.41 -54.41 -54.41 -54.44
-55.72 -55.69 -55.66 -55.62 -55.56 -55.53 -55.47 -55.44 -55.41 -55.34 -55.31 -55.28 -55.28 -55.25 -55.25 -55.25 -55.22 -55.22 -55.19 -55.16 -55.12 -55.09 -55.03 -55.00 -54.94 -54.84 -54.78 -54.72 -54.66 -54.62 -54.62 -54.66 -54.66 -54.69 -54.72 -54.72 -54.75 -54.75 -54.75 -54.75 -54.75 -54.75 -54.75 -54.75 -54.75 -54.75 -54.72 -54.72 -54.69 -54.69 -54.69 -54.69 -54.69 -54.66 -54.62 -54.62 -54.59 -54.56 -54.50 -54.47 -54.44 -54.41 -54.38 -54.34 -54.34 -54.34 -54.34 -54.38 -54.38 -54.41 -54.41
-55.69 -55.66 -55.62 -55.56 -55.53 -55.50 -55.44 -55.41 -55.38 -55.31 -55.28 -55.25 -55.22 -55.22 -55.19 -55.19 -55.19 -55.16 -55.16 -55.12 -55.09 -55.03 -55.00 -54.94 -54.91 -54.84 -54.75 -54.69 -54.66 -54.62 -54.62 -54.66 -54.66 -54.69 -54.72 -54.72 -54.72 -54.72 -54.72 -54.75 -54.75 -54.75 -54.75 -54.75 -54.75 -54.72 -54.72 -54.72 -54.69 -54.69 -54.69 -54.69 -54.69 -54.66 -54.66 -54.62 -54.59 -54.56 -54.53 -54.50 -54.47 -54.41 -54.38 -54.34 -54.34 -54.31 -54.31 -54.34 -54.34 -54.38 -54.38
-55.62 -55.59 -55.56 -55.53 -55.50 -55.44 -55.41 -55.38 -55.34 -55.28 -55.25 -55.22 -55.19 -55.16 -55.16 -55.16 -55.12 -55.12 -55.09 -55.06 -55.03 -55.00 -54.97 -54.94 -54.88 -54.81 -54.75 -54.69 -54.62 -54.62 -54.62 -54.66 -54.66 -54.69 -54.69 -54.72 -54.72 -54.72 -54.72 -54.72 -54.75 -54.75 -54.75 -54.75 -54.72 -54.72 -54.72 -54.72 -54.69 -54.69 -54.69 -54.69 -54.69 -54.66 -54.66 -54.62 -54.59 -54.56 -54.53 -54.50 -54.47 -54.44 -54.41 -54.34 -54.34 -54.31 -54.31 -54.31 -54.31 -54.34 -54.34
-55.56 -55.56 -55.53 -55.50 -55.47 -55.41 -55.38 -55.34 -55.31 -55.28 -55.22 -55.19 -55.16 -55.12 -55.12 -55.09 -55.09 -55.09 -55.06 -55.03 -55.00 -54.97 -54.94 -54.91 -54.84 -54.78 -54.72 -54.66 -54.62 -54.62 -54.62 -54.66 -54.66 -54.69 -54.69 -54.69 -54.72 -54.72 -54.72 -54.72 -54.72 -54.72 -54.72 -54.72 -54.72 -54.72 -54.72 -54.72 -54.69 -54.69 -54.69 -54.69 -54.66 -54.66 -54.66 -54.62 -54.59 -54.56 -54.53 -54.50 -54.47 -54.44 -54.41 -54.38 -54.34 -54.31 -54.31 -54.28 -54.31 -54.31 -54.31
-55.53 -55.50 -55.47 -55.47 -55.44 -55.38 -55.34 -55.31 -55.28 -55.25 -55.19 -55.16 -55.12 -55.09 -55.06 -55.06 -55.06 -55.03 -55.03 -55.00 -55.00 -54.97 -54.91 -54.88 -54.81 -54.75 -54.72 -54.66 -54.62 -54.59 -54.62 -54.66 -54.66 -54.69 -54.69 -54.69 -54.69 -54.69 -54.72 -54.72 -54.72 -54.72 -54.72 -54.72 -54.72 -54.72 -54.72 -54.69 -54.69 -54.69 -54.69 -54.66 -54.66 -54.66 -54.62 -54.62 -54.59 -54.56 -54.53 -54.50 -54.47 -54.44 -54.41 -54.38 -54.34 -54.31 -54.28 -54.28 -54.28 -54.28 -54.28
-55.50 -55.47 -55.44 -55.44 -55.41 -55.38 -55.31 -55.28 -55.25 -55.22 -55.19 -55.12 -55.09 -55.06 -55.06 -55.03 -55.03 -55.00 -55.00 -55.00 -54.97 -54.94 -54.91 -54.84 -54.81 -54.75 -54.69 -54.66 -54.62 -54.59 -54.62 -54.62 -54.66 -54.66 -54.69 -54.69 -54.69 -54.69 -54.69 -54.69 -54.72 -54.72 -54.72 -54.72 -54.72 -54.72 -54.69 -54.69 -54.69 -54.69 -54.66 -54.66 -54.66 -54.66 -54.62 -54.62 -54.59 -54.56 -54.53 -54.50 -54.47 -54.44 -54.41 -54.38 -54.34 -54.31 -54.28 -54.28 -54.25 -54.25 -54.25
