everonasctiles/Tile36,9.asc
ncols 128
nrows 128
xllcorner 0
yllcorner 0
cellsize 2.0
NODATA_value  -9999
[rows 96 to 127 of 128, columns 0 to 70 of 128]
99.22 100.19 101.66 102.97 103.94 104.66 105.22 105.91 106.53 107.44 108.06 108.78 109.47 110.25 111.28 112.06 112.66 113.59 114.72 115.38 116.00 116.62 117.16 117.66 118.06 118.41 118.62 118.59 118.22 117.72 117.31 116.94 116.66 116.50 116.34 116.34 116.38 116.38 116.50 116.59 116.66 116.81 117.03 117.22 117.44 117.59 117.78 118.09 118.47 118.88 119.31 119.88 120.53 121.09 121.59 122.12 122.59 123.06 123.62 124.00 124.38 124.72 124.97 125.09 125.16 125.19 125.12 125.00 124.97 124.97 124.97
99.03 100.22 101.50 102.66 103.53 104.19 104.72 105.41 106.00 106.62 107.47 108.19 108.88 109.97 110.91 111.47 112.25 113.28 114.19 115.06 115.88 116.41 116.91 117.28 117.62 117.94 118.12 118.09 117.72 117.19 116.69 116.31 116.00 115.78 115.66 115.62 115.62 115.72 115.81 115.91 116.00 116.16 116.34 116.56 116.78 116.94 117.16 117.44 117.78 118.19 118.69 119.22 119.78 120.47 121.06 121.59 122.09 122.53 123.09 123.56 123.94 124.22 124.38 124.41 124.22 124.12 124.09 124.09 124.22 124.25 124.28
98.84 99.94 101.12 102.19 103.00 103.72 104.22 105.00 105.50 106.06 106.72 107.47 108.25 109.34 110.53 111.16 111.84 112.72 113.78 114.75 115.53 116.09 116.50 116.81 117.09 117.31 117.47 117.38 117.03 116.47 115.91 115.53 115.28 115.06 114.97 114.91 114.91 115.03 115.16 115.28 115.34 115.56 115.69 115.91 116.09 116.34 116.53 116.81 117.16 117.59 118.12 118.59 119.09 119.75 120.38 120.94 121.41 121.91 122.53 123.12 123.44 123.72 123.84 123.78 123.56 123.28 123.28 123.38 123.47 123.53 123.59
98.44 99.41 100.47 101.59 102.47 103.19 103.72 104.47 105.00 105.53 106.12 106.88 107.75 109.06 109.88 110.56 111.38 112.28 113.47 114.53 115.22 115.75 116.06 116.28 116.47 116.59 116.62 116.44 116.06 115.53 115.03 114.62 114.41 114.31 114.22 114.19 114.19 114.34 114.53 114.62 114.75 114.91 115.06 115.25 115.44 115.69 115.94 116.22 116.56 116.97 117.41 117.84 118.34 119.00 119.62 120.19 120.72 120.97 121.59 122.53 122.94 123.19 123.31 123.25 122.97 122.72 122.72 122.72 122.78 122.84 122.91
98.06 98.97 99.88 100.97 101.78 102.53 103.19 103.84 104.44 105.06 105.53 106.12 107.12 108.41 109.50 110.34 111.25 112.16 113.22 114.16 114.84 115.31 115.56 115.72 115.78 115.88 115.56 115.31 114.97 114.38 113.66 113.38 113.44 113.50 113.50 113.50 113.50 113.66 113.88 113.97 114.12 114.31 114.44 114.59 114.81 115.06 115.34 115.66 115.97 116.38 116.72 117.06 117.44 118.16 118.81 119.44 119.91 120.09 120.78 121.53 122.28 122.59 122.78 122.69 122.41 122.16 122.09 122.09 122.12 122.19 122.25
97.53 98.59 99.50 100.41 101.25 101.84 102.62 103.25 103.88 104.50 105.03 105.62 106.56 107.75 108.75 109.81 110.78 111.78 112.78 113.69 114.38 114.78 115.00 115.09 115.06 115.03 114.03 113.34 113.34 112.94 112.53 112.41 112.59 112.69 112.75 112.75 112.72 112.97 113.16 113.31 113.47 113.66 113.78 113.97 114.22 114.47 114.78 115.09 115.41 115.75 116.06 116.34 116.62 117.22 117.94 118.53 118.94 119.31 119.97 120.69 121.66 122.00 122.22 122.12 121.88 121.47 121.41 121.44 121.44 121.53 121.59
96.91 97.91 98.88 99.75 100.75 101.28 101.94 102.47 103.19 103.91 104.50 105.06 105.91 106.97 108.09 109.19 110.22 111.22 112.22 113.09 113.88 114.22 114.44 114.47 114.38 114.00 113.09 112.28 112.03 111.47 111.47 111.66 111.81 111.91 112.00 111.97 111.97 112.28 112.50 112.66 112.81 113.00 113.12 113.38 113.62 113.94 114.19 114.50 114.81 115.12 115.41 115.72 115.94 116.25 116.91 117.59 117.97 118.47 119.19 120.06 120.88 121.38 121.62 121.50 121.22 120.84 120.72 120.72 120.78 120.88 120.94
96.25 97.19 98.22 99.25 100.00 100.59 101.34 102.06 102.75 103.25 103.78 104.50 105.41 106.44 107.38 108.34 109.09 110.34 111.16 112.62 113.28 113.69 113.91 113.84 113.81 112.78 111.72 111.22 110.69 110.53 110.62 110.81 111.00 111.12 111.22 111.22 111.22 111.47 111.75 112.00 112.16 112.31 112.56 112.78 113.03 113.34 113.62 113.94 114.22 114.53 114.81 115.12 115.41 115.59 115.94 116.66 117.06 117.56 118.22 119.16 120.28 120.72 121.00 120.88 120.62 120.12 120.03 120.09 120.12 120.19 120.22
95.94 96.75 97.69 98.56 99.31 100.03 100.78 101.47 102.25 102.81 103.44 104.19 105.03 105.75 106.47 107.44 108.28 109.12 110.28 111.81 113.06 113.19 113.38 113.22 113.03 111.72 110.47 109.91 109.62 109.59 109.84 110.03 110.19 110.31 110.44 110.38 110.41 110.62 110.94 111.28 111.50 111.69 111.94 112.16 112.41 112.72 113.00 113.31 113.66 113.97 114.31 114.66 115.00 115.22 115.47 115.84 116.28 116.84 117.47 118.59 119.53 120.06 120.34 120.25 119.91 119.41 119.38 119.44 119.47 119.47 119.56
95.56 96.31 97.16 98.00 98.78 99.53 100.25 100.97 101.69 102.50 103.28 104.12 104.69 105.31 105.94 106.84 107.38 108.09 109.53 111.38 112.19 112.69 112.78 112.56 112.16 110.62 109.53 108.97 108.88 109.00 109.19 109.31 109.44 109.56 109.66 109.59 109.75 109.88 110.25 110.56 110.78 111.03 111.28 111.50 111.72 112.03 112.34 112.69 113.06 113.41 113.88 114.28 114.62 114.94 115.22 115.59 116.06 116.53 117.28 118.16 118.88 119.47 119.75 119.62 119.22 118.78 118.72 118.75 118.75 118.78 118.88
95.19 95.94 96.69 97.53 98.31 99.06 99.72 100.47 101.38 102.38 103.19 103.75 104.34 104.94 105.62 106.31 106.56 107.81 109.41 111.25 111.75 112.12 112.16 111.88 111.34 110.19 108.94 108.50 108.38 108.44 108.50 108.59 108.72 108.78 108.84 108.88 109.03 109.16 109.50 109.81 110.06 110.31 110.59 110.75 111.03 111.34 111.69 112.06 112.41 112.84 113.34 113.88 114.25 114.59 115.00 115.44 115.94 116.50 117.12 117.78 118.38 118.91 119.16 119.06 118.59 118.19 118.06 118.00 118.06 118.12 118.19
94.72 95.56 96.38 97.19 98.03 98.69 99.25 100.00 100.88 101.97 102.78 103.44 103.97 104.47 105.09 105.47 105.78 107.47 109.25 110.44 111.22 111.53 111.50 111.25 110.66 109.75 108.72 108.09 107.88 107.78 107.81 107.88 107.94 108.00 108.09 108.16 108.19 108.41 108.72 109.03 109.28 109.56 109.88 109.97 110.25 110.59 110.97 111.41 111.88 112.38 112.88 113.41 113.88 114.25 114.59 115.00 115.47 116.00 116.62 117.22 117.81 118.28 118.56 118.44 117.97 117.62 117.38 117.31 117.38 117.47 117.56
94.38 95.12 96.00 96.88 97.66 98.31 99.03 100.03 100.94 101.75 102.47 103.03 103.50 103.94 104.38 104.75 105.53 106.66 108.47 109.88 110.62 110.88 110.84 110.59 110.00 109.16 108.31 107.81 107.38 107.19 107.12 107.12 107.12 107.16 107.28 107.38 107.44 107.69 107.97 108.22 108.44 108.69 109.00 109.16 109.44 109.69 110.19 110.69 111.31 111.94 112.47 112.97 113.44 113.84 114.16 114.47 114.84 115.28 115.88 116.59 117.19 117.50 117.75 117.72 117.28 116.81 116.66 116.66 116.69 116.78 116.91
93.97 94.69 95.50 96.31 97.16 97.94 98.84 99.78 100.66 101.41 102.03 102.59 102.97 103.22 103.56 104.41 105.19 106.09 108.22 109.34 109.94 110.16 110.16 109.88 109.31 108.47 107.75 107.12 106.81 106.56 106.44 106.41 106.41 106.41 106.47 106.53 106.81 106.91 107.19 107.41 107.62 107.84 108.12 108.34 108.56 108.78 109.16 109.72 110.19 111.19 111.88 112.44 112.97 113.38 113.66 113.78 113.94 114.41 114.41 115.12 115.94 116.41 116.72 116.72 116.41 116.03 115.94 115.94 115.97 116.06 116.19
93.47 94.25 95.06 95.91 96.75 97.56 98.47 99.38 100.19 100.88 101.53 101.97 102.31 102.91 103.66 104.56 104.94 106.81 107.91 108.75 109.22 109.38 109.34 109.06 108.50 107.62 106.97 106.50 106.09 105.94 105.75 105.69 105.66 105.66 105.66 105.81 105.97 106.22 106.34 106.59 106.81 107.03 107.19 107.50 107.69 107.84 108.12 108.44 109.06 110.03 111.03 111.75 112.34 112.78 113.03 113.16 113.12 113.12 113.22 113.41 114.38 115.12 115.47 115.53 115.38 115.16 115.12 115.19 115.25 115.38 115.44
93.00 93.75 94.56 95.41 96.16 96.97 97.81 98.69 99.56 100.38 100.91 101.44 101.88 102.59 103.56 104.50 105.50 106.53 107.47 108.09 108.41 108.50 108.41 108.09 107.56 106.72 105.94 105.59 105.41 105.19 105.06 104.94 104.91 104.84 104.84 105.00 105.28 105.44 105.59 105.75 106.03 106.19 106.38 106.59 106.81 106.94 107.00 107.34 107.78 109.12 110.09 110.88 111.44 112.06 112.38 112.38 112.50 112.31 111.91 112.09 112.72 113.66 114.09 114.25 114.25 114.16 114.25 114.38 114.50 114.56 114.75
92.44 93.09 93.88 94.62 95.41 96.09 97.00 97.94 98.69 99.44 100.28 101.00 101.62 102.31 103.12 104.16 105.19 106.12 106.84 107.28 107.50 107.53 107.38 107.03 106.50 105.69 104.94 104.66 104.66 104.41 104.22 104.16 104.12 104.06 104.12 104.28 104.50 104.62 104.81 104.94 105.16 105.34 105.50 105.75 105.94 105.97 106.06 106.41 106.88 108.25 109.03 109.81 110.25 110.62 111.12 111.34 111.41 111.28 111.00 111.12 111.59 112.38 112.81 113.03 113.12 113.22 113.41 113.59 113.66 113.78 114.09
91.78 92.31 93.09 93.81 94.19 94.84 95.50 96.56 97.59 98.50 99.28 100.31 101.44 102.00 102.75 103.69 104.59 105.41 106.00 106.41 106.53 106.50 106.31 105.91 105.38 104.53 103.94 103.41 103.12 103.41 103.31 103.28 103.31 103.31 103.41 103.59 103.72 103.88 104.03 104.12 104.22 104.44 104.62 104.84 105.06 105.16 105.22 105.41 105.88 107.03 108.00 108.62 108.66 108.78 109.62 110.22 110.34 110.12 109.78 110.22 110.66 111.25 111.62 111.88 112.06 112.28 112.56 112.78 112.84 113.06 113.53
91.19 91.84 92.50 93.16 93.78 94.25 95.16 95.97 96.78 97.59 98.50 99.66 100.75 101.66 102.34 103.06 103.81 104.56 105.12 105.47 105.59 105.47 105.19 104.84 104.34 103.47 102.88 102.19 101.72 101.88 102.06 102.31 102.50 102.56 102.69 102.81 102.97 103.09 103.28 103.38 103.44 103.62 103.81 104.00 104.19 104.31 104.41 104.62 104.88 106.03 107.00 107.50 107.69 107.62 108.22 109.25 109.22 109.16 108.69 109.12 109.72 110.16 110.53 110.84 111.12 111.47 111.72 112.00 112.12 112.41 112.88
90.56 91.22 92.00 92.75 93.38 94.06 95.00 95.69 96.34 97.00 97.91 98.72 100.06 101.06 101.75 102.41 103.12 103.78 104.28 104.59 104.66 104.50 104.22 103.47 103.03 102.31 101.75 100.81 100.69 100.88 101.00 101.38 101.62 101.81 101.94 102.06 102.22 102.34 102.41 102.56 102.72 102.84 103.00 103.16 103.25 103.38 103.59 103.91 104.25 105.19 106.00 106.31 106.25 105.91 105.94 108.16 108.06 108.25 107.84 108.09 108.56 108.81 109.38 109.84 110.25 110.62 110.97 111.22 111.44 111.75 112.16
89.72 90.41 91.22 92.12 92.88 93.75 94.41 94.88 95.59 96.38 97.19 98.16 99.50 100.34 101.09 101.75 102.38 102.94 103.41 103.66 103.72 103.47 103.12 102.12 101.41 101.12 100.56 100.09 100.09 100.16 100.25 100.50 100.75 100.97 101.16 101.31 101.44 101.59 101.59 101.69 102.00 102.09 102.19 102.31 102.41 102.62 102.91 103.22 103.62 104.38 104.97 105.12 104.50 104.16 104.44 105.53 107.12 107.28 107.28 107.22 107.38 107.84 108.25 108.91 109.44 109.88 110.19 110.41 110.75 111.09 111.47
88.97 89.69 90.53 91.50 92.28 93.12 93.81 94.41 95.25 96.09 96.88 97.88 98.84 99.66 100.34 100.94 101.53 102.03 102.41 102.66 102.66 102.34 101.78 100.84 100.25 99.84 99.44 99.19 99.25 99.34 99.44 99.66 99.91 100.19 100.38 100.53 100.66 100.81 100.88 100.88 101.12 101.31 101.41 101.50 101.66 101.91 102.12 102.38 102.78 103.47 103.94 103.94 103.72 103.81 104.03 104.62 105.91 106.34 106.59 106.62 106.72 107.16 107.69 108.25 108.72 109.16 109.50 109.78 110.16 110.50 110.84
88.12 88.97 89.91 90.75 91.62 92.53 93.31 94.03 94.75 95.47 96.28 97.16 98.03 98.75 99.38 100.00 100.56 100.97 101.25 101.41 101.34 101.03 100.44 100.00 99.00 98.50 98.31 98.38 98.44 98.53 98.69 98.88 99.06 99.31 99.59 99.78 99.91 100.00 100.06 100.12 100.31 100.56 100.66 100.75 100.88 101.03 101.16 101.28 102.06 102.50 102.97 103.06 103.34 103.31 103.88 104.28 104.78 105.44 105.91 106.16 106.34 106.66 107.16 107.62 108.09 108.47 108.81 109.19 109.59 109.97 110.28
87.56 88.34 89.12 89.97 90.78 91.56 92.31 93.12 93.91 94.59 95.41 96.19 96.94 97.56 98.19 98.78 99.22 99.56 99.84 99.94 99.88 99.50 99.06 98.81 98.16 97.53 97.44 97.66 97.69 97.75 97.94 98.09 98.31 98.59 98.84 99.00 99.16 99.25 99.31 99.34 99.56 99.78 99.88 100.00 100.06 100.09 100.12 100.25 100.69 101.59 102.03 102.34 102.78 102.69 103.03 103.41 103.75 104.31 105.22 105.56 105.81 106.16 106.62 107.06 107.50 107.88 108.22 108.66 109.06 109.41 109.78
86.84 87.53 88.22 88.94 89.72 90.53 91.34 92.12 92.78 93.59 94.41 95.00 95.69 96.22 96.62 96.81 97.38 97.72 97.97 98.25 98.31 97.81 97.88 97.69 97.31 96.88 96.78 96.88 96.97 97.06 97.19 97.31 97.59 97.84 98.09 98.28 98.41 98.53 98.56 98.66 98.78 99.00 99.12 99.25 99.31 99.34 99.38 99.53 99.75 100.53 101.09 101.53 101.91 102.03 102.25 102.34 102.50 103.03 104.22 104.94 105.25 105.62 106.06 106.50 106.94 107.31 107.62 108.16 108.53 108.91 109.25
86.12 86.72 87.34 88.06 88.88 89.62 90.22 91.12 91.66 92.31 93.19 93.91 94.38 94.84 95.12 95.25 95.88 96.12 96.31 96.50 96.69 96.78 96.88 96.69 96.34 96.00 96.06 96.16 96.25 96.34 96.50 96.66 96.91 97.16 97.38 97.56 97.69 97.78 97.88 97.91 98.06 98.25 98.38 98.50 98.53 98.62 98.78 99.03 99.28 99.62 100.19 100.66 101.03 101.28 101.47 101.59 101.91 102.41 103.16 104.06 104.62 105.06 105.50 105.94 106.38 106.69 107.19 107.62 108.00 108.34 108.72
85.47 86.09 86.56 87.28 88.00 88.72 89.41 90.22 90.78 91.22 92.16 92.72 93.09 93.31 93.47 93.84 94.22 94.69 95.00 95.25 95.69 95.84 95.78 95.66 95.38 95.22 95.34 95.44 95.56 95.66 95.84 96.06 96.28 96.50 96.69 96.84 97.00 97.09 97.19 97.16 97.28 97.56 97.69 97.75 97.81 98.00 98.25 98.53 98.66 98.88 99.31 99.72 99.94 100.38 100.72 101.12 101.47 101.91 102.50 103.12 103.94 104.44 104.94 105.38 105.78 106.12 106.62 107.12 107.47 107.84 108.28
84.84 85.38 85.81 86.41 87.16 87.81 88.62 89.34 89.91 90.25 91.00 91.44 91.75 91.91 91.84 92.25 92.72 93.19 93.59 94.25 94.34 94.62 94.69 94.62 94.53 94.50 94.62 94.78 94.88 95.00 95.22 95.44 95.62 95.81 96.00 96.16 96.28 96.41 96.53 96.47 96.47 96.81 96.97 97.00 97.22 97.41 97.69 97.94 98.16 98.34 98.62 98.91 99.31 99.75 100.22 100.62 101.03 101.41 101.94 102.59 103.34 103.84 104.34 104.75 105.12 105.62 106.16 106.53 107.00 107.47 107.94
84.22 84.72 85.19 85.75 86.41 87.16 87.88 88.41 88.91 89.28 89.81 90.28 90.53 90.72 90.84 91.06 91.56 91.88 92.59 92.94 93.16 93.34 93.59 93.66 93.69 93.78 93.97 94.09 94.22 94.41 94.59 94.78 94.97 95.16 95.31 95.47 95.59 95.69 95.81 95.84 95.72 96.09 96.28 96.34 96.53 96.78 97.09 97.38 97.66 97.94 98.25 98.56 98.94 99.34 99.72 100.12 100.53 100.94 101.41 102.03 102.72 103.25 103.75 104.16 104.66 105.19 105.66 106.09 106.62 107.12 107.66
83.66 84.12 84.69 85.09 85.75 86.38 86.88 87.47 87.81 88.28 88.88 89.31 89.62 89.78 89.91 90.19 90.66 91.03 91.53 91.84 92.16 92.25 92.66 92.78 92.94 93.09 93.31 93.44 93.59 93.81 93.97 94.12 94.31 94.47 94.62 94.75 94.88 94.97 95.09 94.97 95.12 95.44 95.62 95.69 95.88 96.12 96.50 96.81 97.16 97.47 97.78 98.12 98.50 98.88 99.25 99.66 100.06 100.47 100.91 101.47 102.16 102.69 103.19 103.62 104.00 104.66 105.12 105.66 106.19 106.72 107.31
82.94 83.50 83.97 84.47 85.03 85.47 86.00 86.34 86.56 87.12 87.78 88.25 88.66 88.94 89.19 89.44 89.84 90.31 90.69 90.91 91.09 91.47 91.72 91.94 92.19 92.38 92.62 92.78 92.97 93.22 93.38 93.50 93.66 93.81 93.94 94.06 94.19 94.28 94.31 94.28 94.41 94.84 94.94 95.09 95.28 95.59 95.97 96.31 96.62 96.94 97.25 97.59 97.97 98.34 98.66 99.06 99.50 99.97 100.44 101.00 101.59 102.12 102.62 103.06 103.56 104.12 104.62 105.19 105.72 106.34 106.97
82.28 82.72 83.16 83.69 84.06 84.53 84.88 85.12 85.44 86.03 86.66 87.31 87.72 88.16 88.50 88.53 88.91 89.47 89.84 90.09 90.31 90.53 90.81 91.12 91.44 91.69 91.91 92.09 92.38 92.59 92.78 92.88 93.06 93.19 93.31 93.41 93.53 93.62 93.62 93.56 93.88 94.12 94.31 94.50 94.78 95.09 95.44 95.78 96.09 96.41 96.72 97.09 97.41 97.75 98.09 98.44 98.84 99.44 100.03 100.56 101.06 101.56 102.03 102.53 103.06 103.59 104.12 104.72 105.34 105.97 106.56
