everonasctiles/Tile[32,30].asc
ncols 128
nrows 128
xllcorner 0
yllcorner 0
cellsize 2.0
NODATA_value  -9999
[rows 0 to 31 of 128, columns 0 to 70 of 128]
-21.75 -21.94 -22.06 -22.25 -22.47 -22.62 -22.75 -22.84 -22.97 -23.12 -23.28 -23.34 -23.41 -23.47 -23.56 -23.59 -23.59 -23.59 -23.56 -23.56 -23.56 -23.47 -23.31 -23.34 -23.25 -23.06 -22.94 -22.84 -22.84 -22.75 -22.72 -22.75 -22.69 -22.75 -22.62 -22.72 -22.72 -22.81 -22.97 -22.88 -22.91 -22.91 -22.78 -22.59 -22.47 -22.41 -22.00 -21.94 -22.00 -21.97 -21.97 -21.62 -21.38 -21.47 -21.53 -21.66 -21.59 -21.62 -21.41 -21.34 -21.19 -21.06 -20.72 -20.78 -20.69 -20.78 -20.78 -20.88 -20.62 -20.66 -20.78
-21.62 -21.78 -22.00 -22.22 -22.44 -22.59 -22.69 -22.81 -22.97 -23.09 -23.22 -23.31 -23.44 -23.53 -23.59 -23.69 -23.72 -23.69 -23.72 -23.69 -23.69 -23.62 -23.50 -23.34 -23.38 -23.28 -23.19 -23.16 -23.00 -23.00 -23.00 -22.97 -22.88 -22.81 -22.75 -22.78 -22.91 -23.00 -23.06 -23.06 -23.00 -22.88 -22.75 -22.75 -22.66 -22.62 -22.22 -21.91 -22.12 -22.16 -22.09 -21.78 -21.69 -21.81 -21.72 -21.66 -21.69 -21.62 -21.66 -21.56 -21.12 -21.12 -20.97 -20.97 -20.88 -20.62 -20.75 -20.84 -20.75 -20.94 -20.75
-21.47 -21.56 -21.91 -22.12 -22.31 -22.50 -22.66 -22.84 -22.94 -23.06 -23.16 -23.28 -23.41 -23.56 -23.62 -23.72 -23.78 -23.78 -23.88 -23.75 -23.88 -23.69 -23.62 -23.44 -23.56 -23.47 -23.31 -23.28 -23.25 -23.16 -23.16 -23.09 -22.94 -22.84 -22.91 -22.94 -23.09 -23.12 -23.31 -23.31 -23.12 -22.94 -23.03 -22.94 -22.72 -22.78 -22.44 -22.16 -22.09 -22.19 -22.25 -21.97 -22.06 -22.00 -21.88 -21.59 -21.66 -21.69 -21.69 -21.44 -21.41 -21.38 -21.06 -20.91 -20.75 -20.81 -20.72 -20.75 -21.09 -21.12 -21.28
-21.03 -21.28 -21.78 -22.16 -22.34 -22.53 -22.62 -22.81 -22.88 -23.03 -23.16 -23.28 -23.38 -23.50 -23.66 -23.78 -23.88 -23.91 -23.91 -23.88 -23.88 -23.84 -23.62 -23.47 -23.53 -23.62 -23.56 -23.44 -23.47 -23.38 -23.31 -23.28 -23.22 -23.19 -23.22 -23.25 -23.34 -23.25 -23.28 -23.28 -23.28 -23.22 -23.00 -22.81 -22.78 -22.75 -22.66 -22.38 -22.25 -22.19 -22.12 -22.09 -22.06 -22.16 -22.03 -22.22 -22.03 -21.88 -21.91 -21.66 -21.59 -21.62 -21.69 -21.47 -21.03 -21.16 -20.81 -21.00 -21.12 -21.25 -21.16
-20.81 -21.12 -21.69 -22.03 -22.16 -22.38 -22.56 -22.75 -22.81 -22.97 -23.09 -23.22 -23.34 -23.47 -23.59 -23.75 -23.91 -23.97 -23.91 -23.97 -23.91 -23.88 -23.72 -23.78 -23.66 -23.81 -23.78 -23.81 -23.62 -23.47 -23.44 -23.38 -23.34 -23.38 -23.19 -23.25 -23.28 -23.25 -23.41 -23.47 -23.34 -23.25 -23.09 -22.94 -22.66 -22.59 -22.66 -22.66 -22.47 -22.41 -22.31 -22.41 -22.38 -22.12 -22.19 -22.12 -22.19 -22.28 -22.19 -22.16 -21.88 -21.66 -21.53 -21.56 -21.47 -20.88 -20.97 -20.97 -21.22 -21.19 -21.06
-20.69 -20.91 -21.50 -21.91 -22.09 -22.25 -22.44 -22.62 -22.84 -22.91 -22.97 -23.19 -23.22 -23.44 -23.62 -23.75 -23.91 -24.00 -24.03 -24.09 -24.03 -24.09 -23.94 -23.91 -23.81 -23.97 -23.91 -23.88 -23.75 -23.69 -23.66 -23.59 -23.56 -23.59 -23.59 -23.44 -23.41 -23.53 -23.59 -23.66 -23.50 -23.38 -23.25 -23.03 -22.62 -22.75 -22.78 -22.78 -22.50 -22.41 -22.50 -22.44 -22.41 -22.25 -22.22 -22.25 -22.44 -22.56 -22.28 -22.22 -21.97 -21.97 -21.84 -21.78 -21.81 -21.44 -21.25 -21.44 -21.34 -21.28 -21.16
-20.47 -20.78 -21.16 -21.50 -21.88 -22.12 -22.38 -22.59 -22.78 -22.91 -22.97 -23.12 -23.28 -23.41 -23.62 -23.78 -23.91 -24.03 -24.12 -24.16 -24.16 -24.19 -24.22 -24.09 -24.09 -24.06 -24.12 -24.12 -23.91 -23.81 -23.81 -23.75 -23.72 -23.59 -23.62 -23.50 -23.53 -23.56 -23.62 -23.69 -23.69 -23.69 -23.41 -23.22 -23.06 -23.00 -23.00 -22.78 -22.66 -22.53 -22.66 -22.56 -22.72 -22.44 -22.34 -22.28 -22.59 -22.62 -22.50 -22.47 -22.25 -22.19 -22.19 -22.09 -22.06 -21.72 -21.91 -21.62 -21.50 -21.66 -21.16
-20.19 -20.53 -20.94 -21.31 -21.72 -22.03 -22.31 -22.50 -22.75 -22.78 -22.97 -23.12 -23.25 -23.47 -23.62 -23.78 -23.88 -24.03 -24.16 -24.19 -24.25 -24.34 -24.38 -24.34 -24.34 -24.31 -24.22 -24.25 -24.03 -23.94 -23.94 -23.91 -23.94 -23.84 -23.75 -23.75 -23.75 -23.78 -23.84 -23.91 -23.94 -23.78 -23.66 -23.50 -23.28 -23.25 -23.12 -22.88 -22.78 -22.88 -22.66 -22.88 -22.75 -22.53 -22.44 -22.47 -22.59 -22.62 -22.75 -22.62 -22.41 -22.34 -22.31 -22.22 -22.03 -21.94 -21.91 -21.75 -21.50 -21.41 -21.25
-20.03 -20.34 -20.75 -21.19 -21.66 -21.97 -22.22 -22.47 -22.59 -22.78 -22.97 -23.12 -23.28 -23.41 -23.56 -23.72 -23.78 -23.94 -24.09 -24.12 -24.28 -24.34 -24.41 -24.50 -24.47 -24.41 -24.47 -24.44 -24.25 -24.19 -24.12 -24.06 -24.00 -23.97 -24.00 -23.97 -24.06 -24.06 -24.03 -23.97 -23.94 -23.91 -23.81 -23.69 -23.44 -23.38 -23.31 -23.09 -22.97 -23.03 -22.84 -22.97 -22.91 -22.78 -22.78 -22.84 -23.06 -22.97 -22.81 -22.78 -22.84 -22.59 -22.62 -22.44 -22.34 -22.34 -22.19 -22.06 -22.03 -21.75 -21.53
-19.91 -20.31 -20.72 -21.06 -21.56 -21.91 -22.22 -22.44 -22.62 -22.75 -23.03 -23.09 -23.19 -23.28 -23.41 -23.56 -23.69 -23.84 -24.06 -24.09 -24.25 -24.44 -24.44 -24.53 -24.56 -24.62 -24.56 -24.50 -24.44 -24.28 -24.22 -24.22 -24.16 -24.19 -24.09 -24.06 -24.12 -24.06 -24.19 -24.12 -24.12 -24.09 -23.91 -23.91 -23.59 -23.53 -23.41 -23.16 -23.41 -23.16 -23.09 -23.03 -22.97 -23.06 -23.00 -22.97 -23.12 -23.06 -23.03 -22.81 -22.72 -22.88 -22.88 -22.72 -22.72 -22.47 -22.31 -22.34 -22.22 -22.25 -21.75
-19.88 -20.22 -20.66 -21.12 -21.59 -21.97 -22.19 -22.38 -22.66 -22.75 -22.91 -22.94 -23.00 -23.06 -23.25 -23.47 -23.69 -23.78 -24.03 -24.19 -24.31 -24.44 -24.47 -24.56 -24.62 -24.62 -24.62 -24.62 -24.53 -24.50 -24.44 -24.41 -24.34 -24.38 -24.34 -24.25 -24.25 -24.38 -24.28 -24.34 -24.31 -24.25 -24.12 -24.06 -23.84 -23.75 -23.59 -23.53 -23.59 -23.31 -23.22 -23.16 -23.16 -23.28 -22.91 -23.09 -23.19 -23.06 -23.03 -23.03 -22.91 -22.81 -23.09 -22.91 -22.84 -22.66 -22.50 -22.34 -22.41 -22.34 -22.09
-19.94 -20.28 -20.69 -21.06 -21.59 -21.81 -22.19 -22.38 -22.59 -22.62 -22.75 -22.81 -22.84 -22.97 -23.16 -23.34 -23.59 -23.78 -23.94 -24.12 -24.38 -24.41 -24.59 -24.59 -24.66 -24.69 -24.72 -24.72 -24.62 -24.59 -24.56 -24.56 -24.47 -24.50 -24.41 -24.44 -24.38 -24.41 -24.41 -24.53 -24.44 -24.50 -24.31 -24.25 -24.00 -23.91 -23.75 -23.69 -23.62 -23.59 -23.56 -23.47 -23.41 -23.34 -23.06 -23.28 -23.25 -23.19 -23.12 -23.06 -22.94 -22.97 -22.97 -22.97 -22.94 -22.72 -22.66 -22.53 -22.56 -22.44 -22.19
-20.06 -20.25 -20.56 -21.09 -21.53 -21.78 -22.09 -22.28 -22.47 -22.50 -22.62 -22.66 -22.78 -22.84 -23.00 -23.22 -23.59 -23.69 -23.91 -24.03 -24.31 -24.38 -24.53 -24.59 -24.72 -24.66 -24.75 -24.81 -24.78 -24.75 -24.72 -24.72 -24.66 -24.62 -24.62 -24.50 -24.62 -24.59 -24.56 -24.62 -24.66 -24.56 -24.53 -24.41 -24.16 -24.09 -24.00 -23.94 -23.88 -23.72 -23.62 -23.50 -23.56 -23.59 -23.41 -23.53 -23.47 -23.31 -23.28 -23.28 -23.09 -23.00 -23.09 -23.16 -22.94 -22.78 -22.72 -22.69 -22.62 -22.47 -22.16
-20.06 -20.25 -20.62 -21.22 -21.50 -21.75 -21.94 -22.12 -22.16 -22.31 -22.50 -22.66 -22.72 -22.91 -22.88 -23.19 -23.47 -23.62 -23.94 -24.12 -24.16 -24.31 -24.41 -24.56 -24.66 -24.72 -24.84 -24.88 -24.88 -24.84 -24.91 -24.81 -24.78 -24.78 -24.72 -24.69 -24.78 -24.75 -24.75 -24.72 -24.72 -24.66 -24.66 -24.56 -24.38 -24.28 -24.28 -24.06 -24.03 -24.06 -23.84 -23.81 -23.94 -23.81 -23.72 -23.53 -23.56 -23.47 -23.53 -23.41 -23.31 -23.16 -22.97 -23.12 -22.88 -22.88 -22.91 -22.84 -22.81 -22.84 -22.50
-20.06 -20.31 -20.66 -21.22 -21.41 -21.72 -21.94 -21.84 -22.03 -22.25 -22.34 -22.53 -22.75 -22.94 -22.97 -23.16 -23.47 -23.62 -23.78 -23.94 -24.06 -24.16 -24.34 -24.59 -24.69 -24.72 -24.78 -24.94 -24.88 -24.88 -24.91 -24.91 -24.88 -24.84 -24.78 -24.81 -24.94 -24.94 -24.88 -24.88 -24.88 -24.75 -24.66 -24.56 -24.56 -24.41 -24.47 -24.28 -24.25 -24.16 -24.00 -24.12 -24.22 -24.00 -23.94 -23.91 -23.81 -23.56 -23.66 -23.66 -23.56 -23.34 -23.25 -23.31 -23.03 -22.81 -22.84 -22.91 -22.75 -22.62 -22.53
-20.03 -20.25 -20.59 -21.00 -21.31 -21.59 -21.56 -21.88 -21.91 -21.97 -22.28 -22.44 -22.56 -22.81 -23.00 -23.19 -23.41 -23.53 -23.72 -23.81 -23.97 -24.09 -24.41 -24.59 -24.59 -24.69 -24.81 -24.91 -25.00 -24.94 -24.94 -24.94 -24.97 -24.97 -24.97 -24.97 -25.00 -24.97 -24.97 -24.94 -24.97 -24.91 -24.84 -24.75 -24.81 -24.66 -24.50 -24.47 -24.22 -24.28 -24.19 -24.31 -24.31 -24.28 -24.19 -24.22 -24.03 -23.84 -23.72 -23.62 -23.56 -23.41 -23.34 -23.34 -23.19 -22.97 -22.97 -22.91 -22.75 -22.62 -22.25
-20.00 -20.22 -20.47 -20.81 -21.19 -21.38 -21.50 -21.62 -21.84 -22.12 -22.25 -22.34 -22.47 -22.69 -22.97 -23.09 -23.34 -23.47 -23.62 -23.75 -23.94 -24.09 -24.31 -24.50 -24.56 -24.69 -24.78 -24.94 -25.00 -25.06 -25.00 -25.03 -25.00 -25.09 -25.03 -25.06 -25.06 -25.00 -25.06 -25.09 -25.06 -25.00 -25.00 -24.88 -24.84 -24.72 -24.75 -24.38 -24.16 -24.16 -24.44 -24.53 -24.50 -24.31 -24.28 -24.25 -24.09 -23.88 -23.53 -23.41 -23.44 -23.41 -23.44 -23.53 -23.25 -23.22 -23.16 -23.00 -22.72 -22.62 -22.38
-20.19 -20.34 -20.47 -20.75 -21.00 -21.16 -21.31 -21.56 -21.75 -22.03 -22.19 -22.31 -22.56 -22.66 -22.81 -23.06 -23.31 -23.47 -23.53 -23.81 -23.94 -24.06 -24.31 -24.44 -24.59 -24.66 -24.69 -24.78 -24.97 -25.06 -25.03 -25.03 -25.12 -25.19 -25.12 -25.12 -25.12 -25.12 -25.16 -25.19 -25.16 -25.09 -25.06 -25.00 -24.91 -24.91 -24.84 -24.59 -24.44 -24.50 -24.56 -24.62 -24.56 -24.62 -24.44 -24.28 -24.09 -23.81 -23.69 -23.56 -23.44 -23.44 -23.41 -23.41 -23.25 -23.25 -22.97 -22.88 -22.69 -22.59 -22.59
-20.31 -20.31 -20.47 -20.72 -20.94 -21.00 -21.31 -21.50 -21.66 -21.88 -22.19 -22.25 -22.53 -22.59 -22.84 -23.06 -23.28 -23.41 -23.59 -23.78 -24.00 -24.12 -24.38 -24.53 -24.62 -24.69 -24.78 -24.81 -24.97 -25.00 -25.06 -25.06 -25.09 -25.16 -25.16 -25.16 -25.16 -25.22 -25.25 -25.25 -25.19 -25.16 -25.19 -25.12 -25.09 -24.97 -24.81 -24.69 -24.66 -24.66 -24.62 -24.59 -24.66 -24.62 -24.59 -24.47 -24.25 -23.97 -23.84 -23.62 -23.47 -23.53 -23.50 -23.19 -23.12 -23.12 -22.81 -23.00 -22.81 -22.62 -22.56
-20.47 -20.47 -20.53 -20.72 -21.16 -21.22 -21.31 -21.62 -21.72 -21.97 -22.09 -22.25 -22.38 -22.62 -22.78 -23.03 -23.25 -23.38 -23.56 -23.81 -23.97 -24.22 -24.44 -24.53 -24.56 -24.69 -24.81 -24.84 -24.94 -25.03 -25.03 -25.06 -25.03 -25.16 -25.16 -25.19 -25.19 -25.22 -25.31 -25.31 -25.25 -25.25 -25.19 -25.09 -25.06 -25.03 -24.88 -24.78 -24.88 -24.91 -24.78 -24.69 -24.66 -24.72 -24.72 -24.56 -24.44 -24.22 -23.97 -23.84 -23.75 -23.53 -23.47 -23.22 -23.22 -23.03 -22.97 -23.03 -23.00 -22.81 -22.59
-20.31 -20.47 -20.62 -20.91 -21.38 -21.50 -21.53 -21.72 -21.84 -22.03 -22.09 -22.31 -22.34 -22.56 -22.75 -22.97 -23.28 -23.56 -23.69 -23.84 -24.03 -24.22 -24.41 -24.53 -24.59 -24.69 -24.81 -24.91 -24.88 -25.00 -25.03 -25.00 -24.97 -25.09 -25.16 -25.19 -25.25 -25.25 -25.28 -25.28 -25.28 -25.28 -25.19 -25.19 -25.09 -25.03 -25.00 -24.88 -24.94 -24.97 -24.94 -24.91 -24.72 -24.72 -24.81 -24.81 -24.50 -24.25 -24.28 -23.88 -23.94 -23.59 -23.44 -23.22 -23.38 -23.28 -23.16 -23.09 -23.03 -22.97 -22.94
-20.22 -20.34 -20.66 -20.91 -21.34 -21.44 -21.66 -21.81 -21.97 -22.06 -22.31 -22.38 -22.53 -22.69 -22.88 -23.12 -23.34 -23.53 -23.75 -23.97 -24.16 -24.22 -24.34 -24.47 -24.59 -24.69 -24.78 -24.84 -24.78 -25.00 -25.03 -24.97 -25.00 -25.06 -25.12 -25.19 -25.19 -25.22 -25.22 -25.25 -25.25 -25.19 -25.28 -25.16 -25.12 -25.12 -25.03 -25.09 -25.06 -25.00 -25.06 -25.12 -24.94 -24.88 -24.91 -24.78 -24.59 -24.34 -24.25 -24.03 -23.91 -23.75 -23.66 -23.44 -23.31 -23.41 -23.44 -23.50 -23.41 -23.12 -23.16
-20.09 -20.28 -20.59 -20.81 -21.19 -21.19 -21.59 -21.81 -21.94 -22.09 -22.25 -22.44 -22.59 -22.69 -22.94 -23.22 -23.41 -23.53 -23.69 -23.97 -24.03 -24.16 -24.28 -24.38 -24.47 -24.66 -24.72 -24.72 -24.81 -24.91 -24.94 -24.94 -24.94 -25.06 -25.06 -25.12 -25.12 -25.16 -25.25 -25.25 -25.28 -25.19 -25.22 -25.19 -25.22 -25.16 -25.16 -25.19 -25.16 -25.16 -25.06 -25.00 -24.94 -24.81 -24.94 -24.72 -24.50 -24.44 -24.38 -24.12 -24.06 -23.88 -23.69 -23.66 -23.47 -23.53 -23.31 -23.59 -23.44 -23.12 -22.97
-19.88 -20.25 -20.59 -20.78 -21.00 -21.19 -21.50 -21.78 -21.94 -22.09 -22.28 -22.44 -22.59 -22.72 -22.91 -23.12 -23.38 -23.62 -23.72 -23.91 -24.03 -24.12 -24.25 -24.38 -24.50 -24.56 -24.69 -24.69 -24.72 -24.84 -24.91 -24.91 -24.94 -25.09 -25.16 -25.09 -25.12 -25.16 -25.19 -25.19 -25.19 -25.16 -25.25 -25.22 -25.25 -25.22 -25.25 -25.31 -25.25 -25.25 -25.22 -25.06 -25.03 -24.88 -24.97 -24.97 -24.66 -24.59 -24.47 -24.38 -24.03 -24.00 -23.91 -23.78 -23.94 -23.88 -23.62 -23.62 -23.62 -23.19 -23.09
-19.88 -20.06 -20.44 -20.72 -20.81 -21.12 -21.47 -21.69 -21.97 -22.12 -22.22 -22.56 -22.56 -22.78 -22.91 -23.12 -23.38 -23.44 -23.62 -23.78 -23.88 -23.97 -24.16 -24.16 -24.34 -24.41 -24.47 -24.56 -24.66 -24.78 -24.88 -24.94 -24.97 -24.97 -25.00 -25.03 -25.03 -25.09 -25.09 -25.16 -25.19 -25.22 -25.28 -25.25 -25.25 -25.25 -25.28 -25.22 -25.28 -25.28 -25.28 -25.19 -25.19 -24.97 -25.12 -25.03 -24.81 -24.69 -24.66 -24.50 -24.09 -24.03 -23.91 -23.88 -23.97 -23.84 -23.91 -23.72 -23.25 -23.28 -23.25
-19.81 -20.00 -20.22 -20.53 -20.69 -21.16 -21.41 -21.75 -21.97 -22.16 -22.31 -22.53 -22.69 -22.78 -22.94 -23.00 -23.25 -23.44 -23.50 -23.62 -23.66 -23.75 -23.88 -24.06 -24.19 -24.38 -24.41 -24.47 -24.62 -24.75 -24.84 -24.97 -25.00 -25.00 -25.03 -25.03 -25.03 -25.12 -25.12 -25.12 -25.22 -25.22 -25.28 -25.28 -25.28 -25.25 -25.28 -25.28 -25.34 -25.28 -25.31 -25.22 -25.22 -25.12 -25.12 -25.06 -25.09 -24.84 -24.69 -24.44 -24.16 -24.12 -24.06 -24.03 -24.16 -24.09 -24.03 -23.69 -23.31 -23.22 -23.12
-19.88 -19.91 -20.16 -20.44 -20.72 -21.12 -21.44 -21.78 -21.81 -21.97 -22.34 -22.53 -22.66 -22.78 -22.97 -23.06 -23.16 -23.34 -23.44 -23.41 -23.44 -23.56 -23.78 -23.94 -24.06 -24.28 -24.41 -24.50 -24.62 -24.66 -24.75 -24.88 -24.97 -25.00 -25.03 -25.06 -25.03 -25.09 -25.09 -25.06 -25.16 -25.22 -25.22 -25.19 -25.22 -25.22 -25.28 -25.16 -25.25 -25.31 -25.31 -25.28 -25.31 -25.28 -25.28 -25.12 -25.06 -24.94 -24.88 -24.59 -24.47 -24.44 -24.22 -24.41 -24.47 -24.31 -24.19 -23.66 -23.53 -23.50 -23.31
-19.94 -19.91 -20.09 -20.38 -20.62 -21.06 -21.47 -21.69 -21.94 -22.09 -22.31 -22.47 -22.69 -22.72 -22.97 -23.03 -23.22 -23.25 -23.25 -23.28 -23.38 -23.56 -23.75 -23.88 -24.09 -24.16 -24.31 -24.53 -24.62 -24.69 -24.75 -24.81 -24.88 -24.97 -25.03 -25.06 -25.06 -25.12 -25.06 -25.09 -25.12 -25.22 -25.16 -25.16 -25.19 -25.22 -25.19 -25.25 -25.34 -25.34 -25.38 -25.31 -25.28 -25.31 -25.28 -25.03 -25.16 -25.00 -25.03 -24.84 -24.84 -24.62 -24.50 -24.50 -24.31 -24.47 -24.31 -24.03 -23.84 -23.66 -23.59
-19.88 -19.94 -20.06 -20.41 -20.72 -20.97 -21.47 -21.53 -22.00 -21.97 -22.22 -22.34 -22.56 -22.62 -22.81 -22.84 -22.97 -23.00 -23.06 -23.16 -23.38 -23.53 -23.62 -23.78 -24.03 -24.12 -24.34 -24.53 -24.62 -24.66 -24.69 -24.78 -24.88 -24.94 -25.00 -25.06 -25.12 -25.06 -25.19 -25.12 -25.16 -25.22 -25.19 -25.22 -25.31 -25.25 -25.25 -25.28 -25.41 -25.34 -25.31 -25.28 -25.34 -25.38 -25.22 -25.09 -25.19 -25.22 -25.16 -24.97 -24.97 -24.75 -24.66 -24.66 -24.53 -24.38 -24.47 -24.12 -24.00 -23.97 -23.62
-19.94 -19.97 -20.34 -20.56 -21.00 -21.25 -21.62 -21.72 -21.91 -21.97 -22.03 -22.34 -22.47 -22.56 -22.72 -22.78 -22.75 -22.84 -23.00 -23.12 -23.31 -23.47 -23.59 -23.78 -23.97 -24.06 -24.25 -24.38 -24.50 -24.59 -24.69 -24.75 -24.78 -24.91 -25.00 -25.09 -25.16 -25.12 -25.12 -25.16 -25.09 -25.16 -25.16 -25.16 -25.28 -25.31 -25.25 -25.34 -25.38 -25.41 -25.41 -25.22 -25.31 -25.38 -25.25 -25.28 -25.28 -25.25 -25.09 -25.00 -24.97 -24.94 -24.81 -24.69 -24.44 -24.34 -24.31 -24.44 -24.12 -24.03 -23.66
-20.09 -20.19 -20.53 -20.81 -21.00 -21.16 -21.59 -21.75 -21.84 -21.91 -22.09 -22.38 -22.44 -22.44 -22.41 -22.62 -22.69 -22.72 -22.97 -23.09 -23.28 -23.38 -23.50 -23.66 -23.91 -24.03 -24.22 -24.28 -24.44 -24.59 -24.72 -24.72 -24.78 -24.81 -24.97 -25.06 -25.12 -25.16 -25.16 -25.09 -25.12 -25.12 -25.12 -25.19 -25.22 -25.28 -25.34 -25.31 -25.28 -25.41 -25.34 -25.34 -25.31 -25.28 -25.31 -25.31 -25.28 -25.38 -25.34 -25.34 -25.12 -25.16 -25.19 -25.09 -24.69 -24.78 -24.72 -24.34 -24.25 -24.16 -24.09
-20.06 -20.41 -20.66 -20.97 -21.09 -21.12 -21.38 -21.53 -21.66 -21.88 -21.94 -22.09 -22.25 -22.28 -22.38 -22.56 -22.72 -22.81 -22.91 -23.16 -23.22 -23.38 -23.53 -23.50 -23.72 -23.97 -24.12 -24.28 -24.31 -24.44 -24.66 -24.69 -24.78 -24.84 -24.88 -25.00 -25.06 -25.06 -25.09 -25.06 -25.06 -25.16 -25.09 -25.16 -25.22 -25.28 -25.28 -25.34 -25.34 -25.38 -25.38 -25.28 -25.41 -25.34 -25.25 -25.38 -25.38 -25.44 -25.38 -25.44 -25.31 -25.19 -25.28 -25.19 -25.00 -24.84 -24.84 -24.69 -24.44 -24.25 -24.22
