everonasctiles/Tile[28,24].asc
ncols 128
nrows 128
xllcorner 0
yllcorner 0
cellsize 2.0
NODATA_value  -9999
[rows 34 to 67 of 128, columns 0 to 76 of 128]
82.22 81.81 81.44 81.03 80.66 80.31 79.97 79.66 79.34 79.00 78.69 78.38 78.16 77.84 77.53 77.16 76.78 76.44 76.00 75.53 75.09 74.75 74.28 73.88 73.53 73.19 72.72 72.50 72.22 71.84 71.16 70.72 70.03 69.56 69.09 68.66 68.25 67.94 67.69 67.72 67.62 67.59 67.47 67.22 66.88 66.44 65.84 65.47 65.25 64.88 64.69 64.22 63.78 63.31 62.84 62.47 62.12 61.81 61.59 61.41 61.16 60.78 60.31 60.09 60.19 60.09 59.75 59.31 59.12 58.50 57.72 56.94 56.12 55.31 54.47 53.56 52.66
82.62 82.25 81.84 81.44 81.03 80.66 80.31 79.97 79.66 79.38 79.09 78.78 78.47 78.16 77.84 77.47 77.09 76.75 76.31 75.88 75.59 75.25 75.09 74.88 74.59 74.22 73.78 73.28 72.69 72.19 71.41 70.91 70.25 69.72 69.25 68.81 68.53 68.22 68.09 68.03 67.94 67.88 67.69 67.34 66.91 66.59 66.19 65.88 65.72 65.56 65.19 64.66 64.19 63.59 63.16 62.75 62.38 62.22 62.06 61.94 61.69 61.47 61.25 61.25 61.19 60.88 60.34 59.97 59.78 59.09 58.31 57.50 56.69 55.84 55.00 54.09 53.16
83.06 82.66 82.25 81.84 81.44 81.03 80.66 80.31 79.97 79.69 79.38 79.09 78.84 78.56 78.28 77.97 77.62 77.25 76.88 76.50 76.19 75.91 75.66 75.38 75.00 74.62 74.19 73.62 72.91 72.44 71.62 70.97 70.38 69.84 69.44 69.09 68.72 68.53 68.31 68.28 68.22 68.09 67.88 67.50 67.09 66.75 66.62 66.34 66.25 66.06 65.62 65.09 64.25 63.91 63.38 62.94 62.69 62.53 62.44 62.34 62.09 62.03 61.97 62.06 61.88 61.53 61.09 60.78 60.31 59.56 58.78 57.97 57.19 56.34 55.50 54.62 53.69
83.53 83.09 82.69 82.25 81.84 81.44 81.06 80.69 80.34 80.00 79.72 79.41 79.12 78.84 78.56 78.25 77.91 77.56 77.19 76.81 76.41 76.22 75.91 75.62 75.25 74.81 74.28 73.78 73.22 72.69 71.84 71.12 70.75 70.25 69.78 69.38 68.97 68.78 68.59 68.47 68.41 68.28 68.09 67.81 67.28 67.28 66.91 66.81 66.81 66.50 65.84 65.38 64.66 64.00 63.41 63.16 63.00 62.84 62.81 62.72 62.69 62.69 62.69 62.59 62.41 62.03 61.44 61.16 60.56 59.88 59.12 58.38 57.62 56.81 56.00 55.12 54.22
84.00 83.56 83.12 82.69 82.25 81.84 81.44 81.06 80.69 80.34 80.03 79.72 79.44 79.12 78.84 78.53 78.19 77.84 77.47 77.09 76.69 76.41 76.09 75.78 75.34 74.88 74.50 73.91 73.38 72.91 72.28 71.66 71.06 70.53 69.97 69.62 69.25 69.00 68.81 68.66 68.56 68.44 68.22 68.09 67.91 67.69 67.62 67.41 67.31 66.97 66.44 65.47 64.78 64.12 63.88 63.41 63.19 63.19 63.19 63.12 63.19 63.19 63.12 63.00 62.56 62.31 61.84 61.16 60.66 59.97 59.38 58.69 58.00 57.25 56.44 55.59 54.72
84.47 84.03 83.56 83.12 82.69 82.25 81.81 81.41 81.03 80.69 80.34 80.03 79.72 79.41 79.12 78.81 78.47 78.12 77.75 77.31 76.88 76.53 76.19 75.88 75.47 75.06 74.59 73.97 73.62 73.12 72.56 71.94 71.34 70.75 70.19 69.91 69.56 69.31 69.06 68.88 68.72 68.53 68.50 68.31 68.22 68.12 68.09 67.97 67.78 67.44 66.88 66.19 65.41 64.78 64.19 63.78 63.47 63.53 63.53 63.47 63.53 63.53 63.44 63.19 62.78 62.38 61.84 61.31 60.53 60.09 59.53 58.97 58.31 57.62 56.88 56.06 55.19
85.00 84.50 84.03 83.56 83.09 82.62 82.19 81.78 81.38 81.00 80.66 80.34 80.03 79.72 79.41 79.09 78.75 78.38 78.00 77.59 77.19 76.66 76.28 75.97 75.56 75.03 74.56 74.22 73.78 73.28 72.59 72.12 71.56 70.88 70.56 70.19 69.81 69.56 69.34 69.12 68.91 68.84 68.75 68.66 68.56 68.53 68.47 68.38 68.16 67.81 67.22 66.59 65.84 64.81 64.53 64.00 63.84 63.81 63.81 63.84 63.84 63.78 63.62 63.28 62.81 62.44 61.94 61.19 60.75 60.12 59.66 59.16 58.59 57.97 57.28 56.50 55.69
85.47 85.03 84.53 84.03 83.53 83.03 82.56 82.12 81.72 81.31 80.97 80.62 80.31 80.00 79.69 79.38 79.03 78.62 78.19 77.75 77.44 77.00 76.44 76.12 75.53 75.12 74.75 74.38 73.88 73.31 72.75 72.28 71.66 71.28 70.84 70.47 70.12 69.84 69.59 69.34 69.19 69.09 68.91 68.91 68.84 68.84 68.75 68.62 68.38 68.03 67.50 66.66 66.03 65.31 64.75 64.34 64.12 64.09 64.00 64.06 64.06 63.97 63.69 63.28 62.75 62.38 61.88 61.25 60.69 60.22 59.72 59.31 58.84 58.28 57.66 56.94 56.16
85.94 85.50 84.97 84.47 83.94 83.41 82.91 82.44 82.03 81.62 81.25 80.94 80.62 80.31 80.00 79.66 79.25 78.91 78.41 78.06 77.69 77.19 76.81 76.38 75.88 75.41 75.03 74.59 74.09 73.50 73.03 72.44 72.00 71.56 71.12 70.66 70.41 70.16 69.91 69.62 69.50 69.28 69.19 69.19 69.16 69.03 68.97 68.81 68.47 68.12 67.56 66.84 65.94 65.34 64.88 64.72 64.38 64.31 64.25 64.19 64.19 64.03 63.75 63.16 62.66 62.31 61.69 61.09 60.72 60.31 59.84 59.47 59.06 58.56 58.00 57.34 56.59
86.41 85.97 85.44 84.91 84.31 83.78 83.28 82.78 82.31 81.91 81.53 81.22 80.91 80.62 80.28 79.97 79.53 79.16 78.75 78.34 77.97 77.56 77.12 76.72 76.16 75.75 75.22 74.78 74.31 73.75 73.28 72.75 72.28 71.72 71.34 71.06 70.72 70.47 70.22 69.94 69.81 69.69 69.50 69.50 69.38 69.28 69.12 68.91 68.53 68.06 67.56 66.88 66.22 65.81 65.41 65.03 64.66 64.44 64.38 64.34 64.25 64.09 63.66 63.38 62.91 62.25 61.81 61.28 60.81 60.31 60.06 59.69 59.28 58.81 58.28 57.69 56.97
86.81 86.38 85.88 85.28 84.69 84.12 83.59 83.09 82.66 82.22 81.88 81.56 81.28 81.00 80.69 80.28 79.84 79.47 79.03 78.66 78.28 77.84 77.50 77.03 76.56 76.00 75.53 75.00 74.56 74.09 73.47 73.03 72.59 72.12 71.69 71.38 71.06 70.78 70.56 70.31 70.03 70.00 69.84 69.69 69.66 69.53 69.28 68.94 68.50 67.91 67.47 66.97 66.59 66.12 65.69 65.25 64.84 64.56 64.47 64.44 64.31 64.09 63.84 63.34 63.00 62.44 61.84 61.22 60.94 60.56 60.25 59.91 59.50 59.03 58.53 57.94 57.31
87.16 86.59 86.09 85.62 85.03 84.44 83.91 83.41 82.94 82.53 82.19 81.91 81.62 81.34 81.03 80.66 80.19 79.78 79.38 79.00 78.62 78.25 77.88 77.44 76.72 76.34 75.84 75.38 74.84 74.41 73.91 73.38 72.84 72.34 72.03 71.72 71.38 71.09 70.84 70.66 70.44 70.25 70.12 69.94 69.84 69.69 69.44 69.00 68.50 68.09 67.50 67.22 66.78 66.19 65.81 65.28 64.94 64.69 64.59 64.50 64.38 64.16 63.78 63.47 62.84 62.28 61.78 61.47 61.12 60.75 60.47 60.09 59.66 59.19 58.72 58.19 57.56
87.34 86.81 86.31 85.84 85.31 84.78 84.22 83.72 83.25 82.84 82.50 82.19 81.94 81.69 81.38 81.03 80.59 80.16 79.75 79.41 79.06 78.69 78.16 77.81 77.31 76.78 76.28 75.72 75.22 74.72 74.22 73.69 73.22 72.75 72.38 71.97 71.69 71.41 71.16 70.97 70.75 70.56 70.34 70.19 70.00 69.81 69.53 69.19 68.78 68.22 67.69 67.31 66.84 66.28 65.88 65.41 65.16 64.84 64.66 64.53 64.38 64.16 63.88 63.44 62.78 62.31 61.94 61.66 61.28 60.94 60.59 60.16 59.75 59.31 58.84 58.34 57.75
87.56 87.00 86.53 86.06 85.56 85.03 84.53 84.00 83.53 83.09 82.75 82.44 82.19 81.97 81.72 81.41 81.00 80.59 80.22 79.84 79.50 79.12 78.69 78.22 77.75 77.22 76.69 76.12 75.53 75.06 74.53 74.03 73.56 73.12 72.69 72.31 72.00 71.69 71.47 71.25 71.00 70.78 70.56 70.34 70.09 69.88 69.56 69.19 68.75 68.38 67.84 67.28 66.81 66.38 65.91 65.62 65.31 65.03 64.78 64.56 64.38 64.12 63.84 63.44 63.00 62.56 62.19 61.84 61.47 61.00 60.59 60.25 59.75 59.34 58.91 58.44 57.91
87.81 87.22 86.75 86.31 85.81 85.31 84.81 84.28 83.84 83.38 82.97 82.69 82.44 82.25 82.03 81.75 81.44 81.09 80.72 80.31 79.97 79.53 79.09 78.69 78.22 77.69 77.16 76.53 75.81 75.41 74.72 74.38 73.88 73.47 73.03 72.59 72.25 72.00 71.72 71.53 71.25 71.03 70.69 70.50 70.19 69.91 69.62 69.22 68.78 68.31 67.84 67.28 66.88 66.44 66.06 65.78 65.47 65.16 64.94 64.72 64.44 64.12 63.75 63.44 63.16 62.66 62.38 62.03 61.62 61.12 60.72 60.16 59.78 59.34 58.94 58.50 57.97
88.06 87.41 86.94 86.53 86.06 85.59 85.09 84.59 84.16 83.69 83.25 83.00 82.78 82.59 82.38 82.16 81.84 81.53 81.19 80.81 80.44 80.03 79.62 79.22 78.72 78.19 77.56 76.69 76.22 75.75 75.25 74.69 74.22 73.75 73.28 72.88 72.56 72.25 72.03 71.75 71.56 71.28 70.97 70.66 70.31 69.97 69.62 69.22 68.62 68.22 67.81 67.47 67.03 66.56 66.28 65.94 65.62 65.28 65.09 64.81 64.50 64.22 63.88 63.56 63.22 62.88 62.59 62.25 61.69 61.41 60.88 60.28 59.72 59.34 58.91 58.47 58.00
88.34 87.66 87.16 86.72 86.28 85.84 85.38 84.94 84.50 84.09 83.69 83.38 83.19 82.97 82.78 82.53 82.25 81.94 81.62 81.25 80.88 80.47 80.09 79.66 79.16 78.56 77.94 77.19 76.69 76.19 75.59 75.03 74.53 74.06 73.56 73.22 72.88 72.56 72.31 72.09 71.84 71.53 71.16 70.78 70.44 70.03 69.62 69.19 68.84 68.34 68.00 67.56 67.09 66.81 66.44 66.09 65.78 65.50 65.22 64.94 64.59 64.34 64.00 63.66 63.34 63.16 62.84 62.53 62.16 61.69 61.00 60.44 59.75 59.25 58.88 58.44 57.97
88.66 87.91 87.34 86.94 86.53 86.09 85.69 85.28 84.88 84.53 84.16 83.81 83.59 83.38 83.19 82.94 82.66 82.34 82.03 81.66 81.25 80.88 80.47 80.03 79.34 78.94 78.31 77.50 77.06 76.50 75.88 75.31 74.84 74.34 73.94 73.56 73.19 72.78 72.66 72.41 72.09 71.72 71.38 71.00 70.59 70.25 69.78 69.38 69.00 68.59 68.09 67.69 67.38 67.00 66.62 66.19 65.94 65.66 65.34 65.06 64.78 64.53 64.25 63.94 63.69 63.41 63.16 62.88 62.53 62.03 61.25 60.47 59.84 59.28 58.81 58.38 57.94
88.97 88.22 87.56 87.16 86.78 86.38 86.00 85.62 85.25 84.94 84.62 84.31 84.03 83.81 83.62 83.34 83.06 82.75 82.41 82.03 81.62 81.19 80.72 80.38 79.88 79.12 78.69 78.03 77.41 76.81 76.22 75.66 75.16 74.72 74.31 73.91 73.47 73.25 72.91 72.69 72.31 71.97 71.56 71.16 70.69 70.41 70.06 69.66 69.22 68.81 68.38 67.97 67.50 67.16 66.75 66.44 66.09 65.78 65.44 65.22 64.94 64.72 64.44 64.19 63.97 63.72 63.50 63.25 62.88 62.34 61.66 60.59 59.91 59.28 58.75 58.28 57.84
89.34 88.53 87.84 87.31 87.03 86.69 86.31 85.97 85.62 85.34 85.06 84.78 84.53 84.28 84.09 83.78 83.47 83.12 82.78 82.41 82.00 81.50 81.09 80.72 80.25 79.69 79.09 78.38 77.75 77.09 76.44 75.88 75.50 75.00 74.72 74.31 73.84 73.62 73.34 72.97 72.56 72.03 71.75 71.38 71.00 70.62 70.31 69.94 69.50 69.06 68.59 68.06 67.69 67.34 67.00 66.62 66.22 65.91 65.62 65.38 65.12 64.88 64.66 64.41 64.09 64.03 63.84 63.56 63.19 62.62 61.94 61.22 60.28 59.47 58.75 58.22 57.78
89.75 88.91 88.16 87.59 87.28 86.97 86.62 86.31 86.00 85.72 85.47 85.22 84.97 84.75 84.53 84.25 83.88 83.53 83.16 82.78 82.38 81.84 81.41 81.00 80.56 80.06 79.44 78.78 77.84 77.25 76.75 76.31 75.78 75.50 75.12 74.53 74.38 73.94 73.66 73.09 72.78 72.38 71.97 71.56 71.19 70.88 70.56 70.22 69.81 69.41 68.97 68.56 68.09 67.66 67.22 66.84 66.47 66.12 65.81 65.53 65.25 65.06 64.81 64.50 64.44 64.31 64.12 63.84 63.44 62.88 62.25 61.41 60.53 59.72 59.00 58.34 57.75
90.22 89.38 88.59 87.97 87.56 87.28 86.94 86.66 86.38 86.09 85.84 85.62 85.38 85.16 84.94 84.69 84.31 83.94 83.56 83.16 82.75 82.25 81.84 81.44 81.00 80.44 79.81 79.12 78.38 77.56 77.12 76.69 76.16 75.84 75.31 75.16 74.81 74.41 74.00 73.56 73.06 72.62 72.16 71.78 71.44 71.09 70.81 70.47 70.12 69.69 69.31 68.84 68.47 68.00 67.50 67.12 66.72 66.25 66.03 65.66 65.44 65.19 64.88 64.75 64.66 64.53 64.34 64.03 63.62 63.06 62.25 61.28 60.38 59.69 59.03 58.41 57.72
90.72 89.94 89.09 88.38 87.91 87.53 87.22 86.94 86.69 86.44 86.22 85.97 85.75 85.53 85.31 85.06 84.75 84.34 83.97 83.56 83.16 82.66 82.34 81.91 81.34 80.75 80.03 79.44 78.44 78.03 77.53 77.06 76.59 76.19 75.78 75.41 75.16 74.78 74.34 73.91 73.41 72.91 72.44 72.00 71.62 71.34 71.00 70.75 70.38 70.03 69.56 69.22 68.78 68.31 67.81 67.41 66.81 66.56 66.19 65.84 65.56 65.31 65.03 64.94 64.81 64.66 64.47 64.16 63.69 63.03 62.31 61.50 60.50 59.69 59.06 58.56 57.88
91.12 90.44 89.66 88.91 88.28 87.78 87.47 87.22 87.00 86.78 86.53 86.31 86.09 85.88 85.66 85.38 85.09 84.75 84.38 83.97 83.56 83.22 82.81 82.34 81.56 80.91 80.44 79.75 79.09 78.50 77.94 77.38 76.81 76.44 76.16 75.81 75.47 75.06 74.69 74.25 73.75 73.25 72.75 72.25 71.91 71.59 71.31 71.00 70.72 70.31 69.94 69.47 69.03 68.62 68.19 67.66 67.06 66.75 66.34 65.88 65.62 65.38 65.19 65.03 64.88 64.69 64.47 64.16 63.72 63.09 62.56 61.81 61.00 60.09 59.44 58.75 58.00
91.53 90.94 90.22 89.44 88.72 88.12 87.69 87.50 87.28 87.09 86.88 86.66 86.41 86.19 85.97 85.69 85.38 85.03 84.69 84.31 83.94 83.59 83.19 82.62 82.03 81.44 80.75 79.97 79.47 78.88 78.12 77.62 77.25 76.84 76.47 76.09 75.75 75.38 75.00 74.56 74.06 73.59 73.06 72.53 72.12 71.91 71.59 71.34 70.88 70.59 70.12 69.66 69.28 68.88 68.38 67.88 67.34 66.81 66.44 66.06 65.72 65.50 65.28 65.06 64.88 64.69 64.50 64.19 63.72 63.31 62.66 61.88 60.88 60.44 59.34 58.94 58.22
91.91 91.44 90.78 90.00 89.25 88.62 88.06 87.81 87.56 87.38 87.16 86.94 86.72 86.50 86.25 85.97 85.66 85.31 84.94 84.56 84.19 83.84 83.41 82.88 82.25 81.56 80.94 80.34 79.69 79.25 78.62 78.03 77.59 77.16 76.75 76.38 76.00 75.66 75.25 74.84 74.34 73.88 73.34 72.75 72.53 72.22 71.81 71.59 71.25 70.72 70.16 69.91 69.50 69.00 68.44 67.84 67.38 66.91 66.53 66.12 65.88 65.53 65.31 65.06 64.81 64.69 64.47 64.16 63.81 63.41 62.88 62.19 61.31 60.72 59.94 59.19 58.41
92.19 91.75 91.22 90.56 89.81 89.16 88.59 88.16 87.88 87.66 87.44 87.25 87.03 86.78 86.50 86.22 85.91 85.56 85.19 84.81 84.41 83.97 83.53 82.94 82.38 81.78 81.22 80.66 80.16 79.62 79.03 78.41 77.94 77.41 76.97 76.59 76.22 75.84 75.47 75.03 74.56 74.00 73.59 73.06 72.84 72.56 72.28 71.84 71.34 70.94 70.62 70.19 69.53 69.00 68.53 68.06 67.44 67.03 66.62 66.31 65.97 65.66 65.31 65.06 64.78 64.56 64.38 64.12 63.78 63.38 62.88 62.12 61.56 60.62 60.09 59.25 58.28
92.41 91.94 91.50 90.97 90.34 89.62 89.03 88.56 88.19 87.94 87.72 87.50 87.28 87.03 86.75 86.47 86.16 85.81 85.44 85.03 84.59 84.09 83.59 83.00 82.50 82.09 81.62 81.12 80.59 80.03 79.38 78.81 78.25 77.69 77.25 76.81 76.44 76.03 75.66 75.12 74.66 74.22 73.75 73.44 73.16 72.88 72.59 72.22 71.78 71.31 70.88 70.38 69.69 69.09 68.62 68.16 67.69 67.25 66.84 66.44 66.03 65.69 65.38 65.06 64.69 64.44 64.25 64.03 63.69 63.28 62.69 62.09 61.47 60.88 60.09 59.09 58.44
92.66 92.19 91.72 91.28 90.75 90.09 89.41 88.97 88.50 88.19 87.97 87.78 87.56 87.31 87.03 86.75 86.41 86.06 85.69 85.25 84.78 84.28 83.72 83.12 82.72 82.38 82.00 81.56 81.06 80.44 79.81 79.19 78.56 78.00 77.50 77.06 76.66 76.25 75.84 75.41 74.94 74.50 74.09 73.75 73.47 73.19 72.84 72.50 72.06 71.59 71.03 70.34 69.75 69.25 68.75 68.31 67.81 67.47 67.03 66.59 66.16 65.78 65.38 65.03 64.72 64.38 64.03 63.78 63.47 63.06 62.59 62.06 61.47 60.62 60.03 59.25 58.38
92.97 92.50 92.06 91.56 91.06 90.47 89.81 89.25 88.78 88.47 88.22 88.03 87.81 87.56 87.28 86.97 86.62 86.25 85.88 85.47 85.00 84.47 83.91 83.38 82.97 82.69 82.38 81.94 81.41 80.81 80.16 79.50 78.91 78.31 77.81 77.34 76.88 76.44 76.06 75.56 75.19 74.69 74.38 74.06 73.75 73.44 73.09 72.72 72.25 71.72 71.12 70.56 70.09 69.56 68.94 68.47 68.12 67.69 67.22 66.69 66.34 65.88 65.47 65.06 64.69 64.28 63.81 63.56 63.16 62.78 62.28 61.78 61.22 60.56 59.84 59.09 58.31
93.34 92.94 92.44 91.94 91.38 90.78 90.16 89.62 89.09 88.72 88.47 88.25 88.06 87.78 87.50 87.19 86.84 86.50 86.09 85.69 85.25 84.72 84.19 83.69 83.31 83.03 82.69 82.25 81.72 81.12 80.28 79.84 79.28 78.69 78.12 77.69 77.16 76.69 76.31 75.88 75.44 75.06 74.69 74.34 74.00 73.72 73.38 72.78 72.28 71.81 71.25 70.78 70.28 69.81 69.31 68.84 68.41 67.94 67.47 66.97 66.47 66.00 65.56 65.12 64.72 64.28 63.78 63.31 62.84 62.25 61.88 61.41 60.78 60.22 59.56 58.84 58.09
93.69 93.38 92.91 92.38 91.78 91.19 90.62 90.06 89.41 88.97 88.69 88.50 88.28 88.03 87.75 87.44 87.09 86.72 86.34 85.91 85.47 85.00 84.44 84.00 83.62 83.34 82.91 82.44 81.91 81.44 80.81 80.19 79.62 79.03 78.56 78.03 77.56 77.09 76.66 76.22 75.81 75.41 75.03 74.66 74.31 74.00 73.59 73.12 72.41 72.03 71.50 70.97 70.50 70.00 69.59 69.12 68.66 68.19 67.69 67.22 66.78 66.28 65.72 65.19 64.75 64.28 63.84 63.28 62.81 62.25 61.62 61.00 60.53 59.81 59.19 58.62 57.91
93.91 93.66 93.25 92.72 92.19 91.62 91.09 90.50 89.78 89.22 88.91 88.72 88.53 88.28 88.00 87.69 87.34 86.97 86.56 86.16 85.72 85.25 84.72 84.25 83.88 83.50 83.12 82.69 82.25 81.72 81.12 80.50 79.88 79.50 79.00 78.53 77.94 77.50 77.06 76.62 76.22 75.78 75.38 75.00 74.62 74.19 73.84 73.22 72.81 72.19 71.72 71.25 70.84 70.38 69.88 69.41 68.94 68.44 67.97 67.53 67.06 66.53 66.00 65.38 64.84 64.38 63.84 63.31 62.81 62.31 61.75 61.12 60.38 59.81 59.09 58.38 57.69
94.12 93.88 93.56 93.09 92.56 92.03 91.50 90.94 90.16 89.50 89.16 88.97 88.75 88.53 88.25 87.94 87.56 87.19 86.81 86.38 85.94 85.47 84.94 84.47 84.09 83.72 83.31 82.94 82.47 81.94 81.41 80.78 80.38 79.91 79.47 78.97 78.53 78.03 77.59 77.09 76.66 76.22 75.81 75.41 74.97 74.50 73.91 73.56 72.97 72.59 72.12 71.66 71.19 70.69 70.19 69.72 69.25 68.81 68.38 67.91 67.38 66.78 66.25 65.69 64.97 64.53 63.94 63.41 62.94 62.38 61.81 61.19 60.44 59.78 59.06 58.31 57.53
