everonasctiles/Tile[44,13].asc
ncols 128
nrows 128
xllcorner 0
yllcorner 0
cellsize 2.0
NODATA_value  -9999
[rows 30 to 59 of 128, columns 0 to 67 of 128]
-77.00 -77.53 -78.38 -79.12 -79.88 -80.66 -81.34 -81.94 -82.47 -82.91 -83.16 -83.19 -83.03 -82.81 -82.91 -83.38 -84.38 -85.44 -86.34 -87.19 -88.03 -88.91 -89.78 -90.69 -91.53 -92.38 -93.09 -93.62 -93.91 -93.97 -93.97 -94.19 -94.53 -95.16 -96.19 -97.22 -98.06 -98.75 -99.34 -99.81 -100.19 -100.75 -101.56 -102.44 -103.25 -103.94 -104.56 -105.12 -105.59 -106.06 -106.50 -106.97 -107.41 -107.88 -108.31 -108.78 -109.19 -109.62 -110.03 -110.47 -110.88 -111.25 -111.66 -112.03 -112.41 -112.75 -113.09 -113.41
-76.59 -77.41 -78.12 -78.75 -79.41 -80.06 -80.72 -81.28 -81.81 -82.19 -82.34 -82.31 -82.00 -81.94 -82.41 -83.34 -84.28 -85.12 -85.94 -86.78 -87.59 -88.47 -89.34 -90.19 -91.00 -91.72 -92.28 -92.62 -92.56 -92.34 -92.59 -93.12 -94.03 -95.16 -96.09 -96.91 -97.66 -98.28 -98.81 -99.31 -99.91 -100.75 -101.59 -102.41 -103.12 -103.75 -104.28 -104.75 -105.22 -105.66 -106.12 -106.59 -107.12 -107.62 -108.09 -108.59 -109.06 -109.53 -110.00 -110.44 -110.84 -111.25 -111.66 -112.03 -112.41 -112.72 -113.06 -113.34
-76.34 -77.12 -77.72 -78.25 -78.81 -79.31 -79.78 -80.50 -81.16 -81.44 -81.56 -81.47 -81.16 -81.41 -82.31 -83.19 -83.91 -84.69 -85.41 -86.22 -87.09 -87.97 -88.84 -89.62 -90.31 -90.91 -91.34 -91.31 -90.88 -91.00 -91.62 -92.72 -94.00 -94.94 -95.75 -96.47 -97.09 -97.69 -98.25 -98.91 -99.75 -100.66 -101.47 -102.22 -102.81 -103.28 -103.75 -104.22 -104.69 -105.19 -105.72 -106.31 -106.84 -107.41 -107.91 -108.44 -108.94 -109.44 -109.94 -110.41 -110.84 -111.25 -111.62 -112.00 -112.34 -112.66 -112.97 -113.25
-76.19 -76.75 -77.25 -77.66 -77.94 -78.12 -78.66 -79.59 -80.44 -80.69 -80.81 -80.75 -80.59 -81.22 -82.16 -82.75 -83.41 -84.06 -84.72 -85.50 -86.34 -87.19 -88.00 -88.78 -89.56 -90.09 -90.19 -89.66 -89.56 -90.16 -91.34 -92.72 -93.69 -94.53 -95.19 -95.81 -96.44 -97.06 -97.78 -98.72 -99.66 -100.47 -101.19 -101.75 -102.22 -102.56 -103.00 -103.56 -104.16 -104.81 -105.44 -106.03 -106.62 -107.19 -107.75 -108.31 -108.88 -109.38 -109.88 -110.34 -110.78 -111.19 -111.56 -111.94 -112.25 -112.56 -112.84 -113.12
-76.16 -76.47 -76.78 -76.94 -76.97 -77.22 -77.91 -78.91 -79.75 -80.00 -80.12 -80.06 -80.22 -81.00 -81.75 -82.25 -82.78 -83.28 -83.69 -84.22 -84.94 -85.69 -86.47 -87.38 -88.28 -88.72 -88.50 -88.38 -88.91 -90.06 -91.44 -92.41 -93.22 -93.88 -94.47 -95.00 -95.72 -96.69 -97.69 -98.62 -99.44 -100.12 -100.69 -101.06 -101.31 -101.59 -102.25 -103.09 -103.81 -104.47 -105.12 -105.78 -106.41 -107.03 -107.62 -108.22 -108.81 -109.34 -109.84 -110.28 -110.72 -111.12 -111.47 -111.81 -112.12 -112.44 -112.72 -113.00
-76.19 -76.34 -76.44 -76.41 -76.44 -76.75 -77.44 -78.31 -79.09 -79.41 -79.50 -79.41 -79.72 -80.50 -81.28 -81.72 -82.09 -82.09 -82.25 -82.75 -83.44 -84.12 -84.97 -85.91 -86.72 -87.09 -87.25 -87.84 -89.06 -90.22 -91.12 -91.94 -92.59 -93.12 -93.62 -94.47 -95.56 -96.62 -97.56 -98.34 -99.00 -99.53 -99.91 -100.09 -100.28 -100.97 -101.97 -102.69 -103.41 -104.12 -104.81 -105.50 -106.19 -106.84 -107.50 -108.12 -108.72 -109.25 -109.75 -110.22 -110.62 -111.03 -111.38 -111.69 -112.00 -112.28 -112.59 -112.88
-76.31 -76.44 -76.50 -76.50 -76.47 -76.66 -77.12 -77.78 -78.31 -78.56 -78.62 -78.72 -79.12 -79.81 -80.56 -81.03 -81.00 -80.81 -80.97 -81.44 -82.03 -82.78 -83.66 -84.59 -85.38 -85.97 -86.81 -88.09 -89.03 -89.84 -90.66 -91.34 -91.94 -92.47 -93.44 -94.50 -95.56 -96.44 -97.22 -97.84 -98.31 -98.72 -98.91 -99.06 -99.72 -100.81 -101.53 -102.28 -103.00 -103.75 -104.50 -105.28 -106.00 -106.69 -107.34 -108.00 -108.56 -109.12 -109.62 -110.09 -110.50 -110.91 -111.25 -111.56 -111.88 -112.16 -112.47 -112.78
-76.47 -76.59 -76.69 -76.78 -76.84 -76.88 -77.03 -77.31 -77.59 -77.75 -77.88 -78.09 -78.50 -79.06 -79.59 -79.88 -79.88 -79.84 -80.00 -80.44 -81.00 -81.78 -82.69 -83.62 -84.53 -85.53 -86.75 -87.94 -88.66 -89.38 -90.09 -90.69 -91.41 -92.47 -93.53 -94.47 -95.31 -96.03 -96.59 -97.06 -97.41 -97.59 -97.81 -98.47 -99.62 -100.41 -101.06 -101.75 -102.53 -103.28 -104.22 -105.09 -105.88 -106.53 -107.19 -107.81 -108.41 -108.94 -109.47 -109.94 -110.38 -110.78 -111.12 -111.44 -111.75 -112.06 -112.41 -112.72
-76.59 -76.75 -76.88 -76.97 -77.09 -77.19 -77.28 -77.31 -77.38 -77.50 -77.62 -77.84 -78.12 -78.50 -78.88 -79.12 -79.31 -79.53 -79.78 -80.06 -80.56 -81.28 -82.16 -83.09 -84.09 -85.19 -86.31 -87.31 -88.03 -88.56 -89.22 -90.09 -91.31 -92.44 -93.34 -94.12 -94.84 -95.38 -95.78 -96.03 -96.16 -96.47 -97.12 -98.19 -99.31 -99.94 -100.50 -100.94 -101.62 -102.62 -103.75 -104.88 -105.75 -106.41 -107.03 -107.66 -108.25 -108.81 -109.31 -109.81 -110.25 -110.62 -111.00 -111.34 -111.69 -112.03 -112.34 -112.69
-76.75 -76.91 -77.06 -77.19 -77.31 -77.44 -77.56 -77.69 -77.84 -77.97 -78.12 -78.28 -78.44 -78.62 -78.94 -79.31 -79.75 -80.12 -80.41 -80.56 -80.78 -81.28 -82.03 -82.91 -83.81 -84.72 -85.56 -86.28 -86.94 -87.69 -88.62 -89.81 -91.16 -92.16 -92.94 -93.62 -94.16 -94.56 -94.72 -94.72 -95.03 -95.69 -96.62 -97.59 -98.34 -98.81 -99.28 -99.94 -100.84 -101.97 -103.22 -104.41 -105.47 -106.25 -106.94 -107.53 -108.12 -108.66 -109.19 -109.66 -110.12 -110.50 -110.91 -111.25 -111.62 -111.97 -112.34 -112.69
-76.84 -77.03 -77.19 -77.38 -77.53 -77.66 -77.81 -77.97 -78.16 -78.38 -78.59 -78.84 -79.06 -79.25 -79.50 -79.91 -80.41 -80.81 -81.16 -81.38 -81.44 -81.69 -82.31 -83.12 -83.94 -84.66 -85.31 -85.91 -86.59 -87.47 -88.56 -89.81 -90.91 -91.75 -92.44 -93.03 -93.44 -93.59 -93.47 -93.62 -94.19 -95.06 -95.97 -96.75 -97.38 -97.97 -98.59 -99.38 -100.34 -101.47 -102.72 -103.91 -105.00 -106.00 -106.78 -107.44 -108.00 -108.56 -109.06 -109.53 -109.97 -110.41 -110.81 -111.19 -111.56 -111.94 -112.31 -112.66
-76.94 -77.12 -77.34 -77.53 -77.72 -77.91 -78.03 -78.22 -78.41 -78.62 -78.88 -79.12 -79.41 -79.72 -80.03 -80.38 -80.78 -81.16 -81.50 -81.81 -82.12 -82.41 -82.84 -83.59 -84.44 -85.16 -85.81 -86.44 -87.16 -87.94 -88.88 -89.78 -90.59 -91.31 -91.94 -92.38 -92.62 -92.56 -92.47 -92.88 -93.62 -94.53 -95.47 -96.41 -97.34 -98.25 -99.00 -99.72 -100.50 -101.47 -102.53 -103.66 -104.75 -105.78 -106.62 -107.31 -107.91 -108.44 -108.94 -109.41 -109.84 -110.28 -110.72 -111.12 -111.53 -111.91 -112.28 -112.62
-77.03 -77.22 -77.44 -77.66 -77.88 -78.09 -78.28 -78.44 -78.66 -78.88 -79.12 -79.41 -79.72 -80.03 -80.34 -80.69 -81.06 -81.44 -81.81 -82.19 -82.53 -82.94 -83.44 -84.06 -84.72 -85.38 -86.03 -86.69 -87.41 -88.12 -88.88 -89.62 -90.31 -90.94 -91.41 -91.75 -91.84 -91.75 -92.03 -92.62 -93.38 -94.31 -95.44 -96.69 -98.00 -99.16 -100.06 -100.81 -101.50 -102.25 -103.09 -104.06 -105.00 -105.84 -106.59 -107.25 -107.81 -108.34 -108.81 -109.28 -109.75 -110.22 -110.66 -111.06 -111.47 -111.88 -112.25 -112.59
-77.09 -77.28 -77.50 -77.75 -78.00 -78.25 -78.47 -78.69 -78.91 -79.16 -79.41 -79.69 -80.00 -80.34 -80.69 -81.03 -81.38 -81.75 -82.12 -82.53 -82.91 -83.28 -83.75 -84.28 -84.88 -85.47 -86.12 -86.78 -87.44 -88.09 -88.75 -89.41 -90.00 -90.50 -90.88 -91.12 -91.25 -91.69 -92.41 -93.12 -93.81 -94.69 -95.81 -97.19 -98.47 -99.53 -100.44 -101.31 -102.16 -102.97 -103.75 -104.56 -105.31 -106.03 -106.69 -107.28 -107.81 -108.31 -108.81 -109.28 -109.75 -110.19 -110.62 -111.03 -111.44 -111.84 -112.22 -112.56
-77.22 -77.31 -77.50 -77.75 -78.03 -78.34 -78.62 -78.91 -79.16 -79.41 -79.69 -79.97 -80.31 -80.66 -81.00 -81.34 -81.72 -82.06 -82.44 -82.81 -83.19 -83.56 -83.97 -84.41 -84.91 -85.47 -86.03 -86.66 -87.31 -87.94 -88.53 -89.12 -89.62 -90.03 -90.31 -90.53 -91.03 -91.88 -92.88 -93.84 -94.62 -95.44 -96.41 -97.50 -98.56 -99.59 -100.56 -101.47 -102.38 -103.19 -103.97 -104.72 -105.44 -106.09 -106.72 -107.28 -107.81 -108.34 -108.84 -109.31 -109.78 -110.22 -110.66 -111.06 -111.44 -111.84 -112.19 -112.53
-77.50 -77.53 -77.53 -77.69 -78.00 -78.38 -78.72 -79.06 -79.38 -79.66 -79.94 -80.25 -80.59 -80.94 -81.28 -81.66 -82.00 -82.38 -82.72 -83.06 -83.41 -83.72 -84.03 -84.41 -84.81 -85.31 -85.88 -86.50 -87.12 -87.75 -88.28 -88.78 -89.19 -89.47 -89.66 -90.12 -90.88 -91.84 -92.97 -94.06 -94.88 -95.69 -96.59 -97.59 -98.56 -99.53 -100.44 -101.28 -102.16 -103.00 -103.81 -104.56 -105.25 -105.91 -106.56 -107.19 -107.75 -108.31 -108.84 -109.34 -109.81 -110.28 -110.69 -111.09 -111.47 -111.84 -112.19 -112.50
-77.81 -77.88 -77.88 -77.78 -77.88 -78.31 -78.75 -79.12 -79.50 -79.84 -80.19 -80.50 -80.84 -81.22 -81.56 -81.91 -82.28 -82.62 -82.97 -83.28 -83.59 -83.84 -84.09 -84.28 -84.56 -84.94 -85.50 -86.19 -86.84 -87.44 -87.97 -88.38 -88.69 -89.00 -89.47 -90.12 -90.94 -91.88 -92.97 -94.06 -94.91 -95.69 -96.59 -97.50 -98.38 -99.19 -100.00 -100.75 -101.59 -102.44 -103.25 -104.00 -104.72 -105.44 -106.19 -106.91 -107.53 -108.12 -108.69 -109.22 -109.75 -110.22 -110.66 -111.06 -111.47 -111.81 -112.12 -112.41
-78.19 -78.31 -78.34 -78.25 -78.06 -78.16 -78.62 -79.12 -79.56 -79.94 -80.34 -80.69 -81.06 -81.44 -81.78 -82.16 -82.50 -82.88 -83.19 -83.53 -83.81 -84.06 -84.28 -84.41 -84.50 -84.69 -85.12 -85.75 -86.41 -87.03 -87.62 -88.25 -88.88 -89.44 -89.97 -90.56 -91.31 -92.16 -93.09 -94.03 -94.78 -95.53 -96.34 -97.12 -97.84 -98.47 -99.06 -99.62 -100.38 -101.19 -102.00 -102.78 -103.56 -104.47 -105.47 -106.47 -107.22 -107.88 -108.47 -109.03 -109.56 -110.06 -110.50 -110.94 -111.34 -111.69 -111.97 -112.22
-78.56 -78.75 -78.81 -78.78 -78.59 -78.31 -78.47 -78.94 -79.47 -79.94 -80.38 -80.81 -81.19 -81.56 -81.94 -82.31 -82.69 -83.03 -83.38 -83.72 -84.03 -84.31 -84.59 -84.84 -85.06 -85.19 -85.34 -85.66 -86.16 -86.81 -87.66 -88.56 -89.38 -89.97 -90.53 -91.16 -91.84 -92.53 -93.25 -93.97 -94.62 -95.28 -95.91 -96.50 -96.94 -97.22 -97.72 -98.44 -99.31 -100.22 -101.09 -102.00 -102.91 -103.94 -105.03 -106.12 -106.94 -107.62 -108.22 -108.78 -109.31 -109.81 -110.28 -110.72 -111.12 -111.44 -111.69 -111.94
-78.91 -79.19 -79.31 -79.31 -79.16 -78.81 -78.75 -79.00 -79.41 -79.84 -80.34 -80.78 -81.22 -81.66 -82.03 -82.41 -82.78 -83.12 -83.50 -83.84 -84.19 -84.53 -84.91 -85.25 -85.59 -85.94 -86.16 -86.25 -86.44 -86.91 -87.72 -88.72 -89.69 -90.22 -90.81 -91.41 -92.06 -92.72 -93.34 -93.94 -94.47 -94.97 -95.34 -95.59 -95.91 -96.38 -97.12 -98.03 -99.06 -100.09 -101.09 -102.06 -103.06 -104.09 -105.09 -105.94 -106.69 -107.34 -107.94 -108.47 -109.00 -109.53 -110.00 -110.44 -110.81 -111.09 -111.34 -111.62
-79.31 -79.66 -79.81 -79.81 -79.69 -79.44 -79.38 -79.62 -79.97 -80.22 -80.44 -80.69 -81.16 -81.62 -82.03 -82.41 -82.78 -83.12 -83.47 -83.84 -84.25 -84.66 -85.09 -85.56 -86.03 -86.47 -86.84 -87.16 -87.28 -87.38 -87.84 -88.72 -89.78 -90.44 -91.03 -91.66 -92.28 -92.88 -93.47 -94.03 -94.53 -94.94 -95.25 -95.56 -95.94 -96.47 -97.28 -98.34 -99.47 -100.59 -101.66 -102.59 -103.44 -104.25 -105.03 -105.78 -106.44 -107.03 -107.56 -108.09 -108.66 -109.22 -109.69 -110.09 -110.44 -110.72 -111.00 -111.28
-79.78 -80.16 -80.31 -80.31 -80.22 -80.03 -80.09 -80.50 -80.94 -81.19 -81.22 -81.12 -81.16 -81.44 -81.91 -82.31 -82.69 -83.06 -83.44 -83.81 -84.22 -84.69 -85.16 -85.72 -86.31 -86.88 -87.38 -87.84 -88.19 -88.31 -88.31 -88.75 -89.56 -90.50 -91.22 -91.84 -92.47 -93.03 -93.62 -94.16 -94.69 -95.19 -95.69 -96.22 -96.72 -97.19 -97.84 -98.81 -99.97 -101.06 -101.94 -102.72 -103.44 -104.19 -104.88 -105.53 -106.09 -106.62 -107.12 -107.66 -108.31 -108.91 -109.38 -109.72 -110.06 -110.38 -110.69 -110.97
-80.38 -80.72 -80.84 -80.84 -80.75 -80.59 -80.75 -81.38 -81.88 -82.12 -82.25 -82.12 -81.78 -81.53 -81.56 -81.97 -82.44 -82.88 -83.31 -83.78 -84.19 -84.59 -85.06 -85.69 -86.41 -87.12 -87.81 -88.38 -88.84 -89.19 -89.31 -89.28 -89.62 -90.28 -91.12 -91.97 -92.66 -93.25 -93.78 -94.31 -94.84 -95.41 -96.00 -96.59 -97.19 -97.84 -98.50 -99.31 -100.22 -101.16 -101.97 -102.69 -103.41 -104.06 -104.66 -105.19 -105.66 -106.12 -106.62 -107.31 -108.00 -108.59 -109.03 -109.38 -109.72 -110.03 -110.38 -110.69
-81.12 -81.31 -81.38 -81.31 -81.25 -81.16 -81.31 -81.91 -82.38 -82.72 -82.94 -83.03 -82.78 -82.16 -81.69 -81.62 -82.00 -82.53 -83.16 -83.81 -84.38 -84.75 -85.03 -85.47 -86.25 -87.16 -88.06 -88.78 -89.44 -89.91 -90.22 -90.34 -90.34 -90.66 -91.22 -92.00 -92.84 -93.56 -94.06 -94.50 -94.97 -95.56 -96.19 -96.84 -97.53 -98.19 -98.88 -99.62 -100.41 -101.22 -101.97 -102.69 -103.34 -103.94 -104.44 -104.91 -105.28 -105.78 -106.47 -107.19 -107.81 -108.34 -108.75 -109.12 -109.44 -109.81 -110.12 -110.44
-81.97 -81.97 -81.88 -81.75 -81.75 -81.75 -81.81 -82.31 -82.84 -83.28 -83.59 -83.78 -83.69 -83.06 -82.34 -81.97 -82.09 -82.53 -83.22 -84.00 -84.78 -85.25 -85.56 -85.75 -86.12 -86.97 -88.09 -89.06 -89.84 -90.50 -90.97 -91.31 -91.50 -91.62 -91.97 -92.56 -93.28 -94.06 -94.56 -94.91 -95.12 -95.53 -96.25 -97.00 -97.72 -98.44 -99.16 -99.88 -100.59 -101.31 -102.03 -102.69 -103.31 -103.91 -104.44 -104.94 -105.44 -106.00 -106.59 -107.19 -107.72 -108.19 -108.59 -108.94 -109.28 -109.59 -109.91 -110.19
-82.72 -82.56 -82.31 -82.16 -82.19 -82.31 -82.41 -82.69 -83.25 -83.78 -84.22 -84.50 -84.53 -84.22 -83.41 -82.94 -82.84 -83.09 -83.59 -84.28 -85.12 -85.75 -86.16 -86.50 -86.66 -87.06 -88.00 -89.19 -90.19 -90.94 -91.56 -92.03 -92.44 -92.75 -93.09 -93.50 -94.09 -94.72 -95.16 -95.50 -95.69 -95.69 -96.09 -96.97 -97.81 -98.56 -99.28 -100.00 -100.69 -101.38 -102.06 -102.72 -103.34 -103.97 -104.56 -105.09 -105.62 -106.16 -106.69 -107.22 -107.69 -108.12 -108.50 -108.81 -109.12 -109.41 -109.69 -109.97
-83.38 -83.09 -82.72 -82.44 -82.56 -82.78 -83.00 -83.16 -83.59 -84.19 -84.75 -85.16 -85.31 -85.22 -84.72 -84.19 -84.00 -84.09 -84.38 -84.81 -85.47 -86.22 -86.69 -87.09 -87.44 -87.59 -88.12 -89.16 -90.34 -91.28 -92.00 -92.59 -93.09 -93.56 -94.00 -94.44 -94.91 -95.38 -95.75 -96.06 -96.31 -96.38 -96.34 -96.78 -97.62 -98.53 -99.31 -100.03 -100.72 -101.38 -102.03 -102.72 -103.41 -104.06 -104.66 -105.25 -105.78 -106.31 -106.78 -107.25 -107.69 -108.09 -108.44 -108.72 -108.97 -109.22 -109.47 -109.75
-84.00 -83.56 -83.03 -82.53 -82.88 -83.19 -83.47 -83.75 -84.03 -84.56 -85.16 -85.66 -86.00 -86.09 -85.97 -85.59 -85.31 -85.28 -85.38 -85.53 -85.91 -86.66 -87.16 -87.66 -88.09 -88.44 -88.69 -89.31 -90.31 -91.38 -92.25 -92.94 -93.56 -94.09 -94.56 -95.03 -95.47 -95.91 -96.28 -96.62 -96.94 -97.12 -97.12 -97.12 -97.53 -98.28 -99.12 -99.94 -100.69 -101.34 -102.03 -102.78 -103.50 -104.16 -104.78 -105.34 -105.91 -106.41 -106.88 -107.31 -107.69 -108.03 -108.34 -108.59 -108.81 -109.03 -109.28 -109.53
-84.50 -83.94 -83.09 -82.53 -83.09 -83.53 -83.91 -84.22 -84.53 -84.94 -85.47 -86.06 -86.53 -86.78 -86.88 -86.78 -86.59 -86.47 -86.47 -86.41 -86.41 -87.00 -87.62 -88.16 -88.66 -89.09 -89.53 -89.97 -90.59 -91.47 -92.34 -93.16 -93.81 -94.41 -94.94 -95.41 -95.88 -96.31 -96.75 -97.16 -97.50 -97.78 -97.97 -97.97 -98.00 -98.41 -99.12 -100.03 -100.91 -101.66 -102.31 -102.97 -103.66 -104.31 -104.88 -105.44 -105.97 -106.47 -106.91 -107.31 -107.66 -107.97 -108.25 -108.47 -108.66 -108.84 -109.09 -109.34
-84.94 -84.09 -83.09 -82.59 -83.12 -83.81 -84.25 -84.66 -85.00 -85.31 -85.75 -86.31 -86.88 -87.31 -87.53 -87.59 -87.56 -87.47 -87.47 -87.28 -86.94 -87.25 -87.97 -88.53 -89.12 -89.66 -90.16 -90.69 -91.25 -91.88 -92.59 -93.31 -94.00 -94.59 -95.16 -95.69 -96.16 -96.62 -97.09 -97.56 -98.00 -98.34 -98.62 -98.84 -98.91 -98.97 -99.44 -100.28 -101.25 -102.09 -102.72 -103.28 -103.88 -104.47 -105.00 -105.56 -106.03 -106.50 -106.91 -107.28 -107.59 -107.88 -108.12 -108.31 -108.50 -108.72 -108.94 -109.19
