everonasctiles/Tile[21,17].asc
ncols 128
nrows 128
xllcorner 0
yllcorner 0
cellsize 2.0
NODATA_value  -9999
[rows 32 to 63 of 128, columns 0 to 72 of 128]
131.66 131.53 131.44 131.41 131.44 131.47 131.47 131.41 131.38 131.28 131.19 131.09 130.97 130.72 130.34 130.28 130.22 130.12 129.94 129.81 129.69 129.56 129.44 129.28 129.12 128.91 128.66 128.28 127.84 127.41 127.00 126.59 126.12 125.72 125.19 124.56 123.91 123.34 122.72 122.19 121.78 121.41 120.91 120.03 119.94 119.94 119.31 118.88 118.47 118.09 117.88 117.66 117.38 117.09 116.72 116.38 115.97 115.62 115.25 114.84 114.50 114.03 113.44 112.88 112.25 111.53 110.84 110.09 109.22 108.34 107.44 106.75 105.91
131.62 131.50 131.41 131.38 131.38 131.38 131.34 131.31 131.22 131.16 131.09 131.00 130.84 130.69 130.44 130.22 130.12 130.06 129.94 129.78 129.62 129.50 129.38 129.19 129.00 128.75 128.50 128.16 127.81 127.34 126.84 126.47 126.12 125.59 125.00 124.34 123.66 123.12 122.75 122.41 121.94 121.44 120.88 120.22 120.12 120.06 119.38 119.00 118.56 118.22 117.97 117.72 117.44 117.09 116.75 116.38 115.97 115.56 115.19 114.78 114.38 113.94 113.38 112.84 112.28 111.56 110.78 110.06 109.31 108.59 107.78 106.81 106.12
131.66 131.53 131.41 131.31 131.31 131.28 131.25 131.16 131.09 131.00 130.94 130.84 130.72 130.59 130.41 130.22 130.06 130.00 129.91 129.78 129.66 129.53 129.38 129.22 128.94 128.69 128.34 127.97 127.62 127.25 126.81 126.38 125.97 125.50 124.88 124.28 123.78 123.44 122.97 122.41 121.97 121.44 120.88 120.50 120.38 120.12 119.53 119.16 118.81 118.47 118.09 117.78 117.44 117.09 116.72 116.34 115.94 115.53 115.09 114.69 114.25 113.81 113.34 112.81 112.28 111.66 110.84 110.16 109.44 108.72 107.84 106.97 106.09
131.72 131.59 131.47 131.34 131.31 131.25 131.19 131.16 131.06 130.97 130.84 130.72 130.56 130.41 130.28 130.16 130.03 129.94 129.88 129.75 129.66 129.53 129.38 129.16 128.91 128.59 128.25 127.88 127.47 127.09 126.69 126.28 125.84 125.34 124.88 124.53 124.06 123.50 122.97 122.41 121.84 121.41 121.09 120.81 120.62 120.12 119.72 119.38 119.06 118.69 118.31 117.91 117.56 117.16 116.75 116.31 115.91 115.47 115.03 114.59 114.16 113.72 113.22 112.69 112.12 111.56 110.84 110.22 109.44 108.66 107.72 106.88 106.09
131.75 131.62 131.53 131.44 131.34 131.25 131.19 131.16 131.03 130.94 130.81 130.66 130.47 130.25 130.12 130.03 129.91 129.81 129.75 129.66 129.56 129.41 129.16 128.97 128.69 128.41 128.09 127.72 127.31 126.94 126.50 126.09 125.69 125.22 124.91 124.50 123.88 123.31 122.78 122.22 121.91 121.59 121.28 121.00 120.59 120.19 119.91 119.59 119.28 118.97 118.53 118.19 117.75 117.31 116.84 116.38 115.91 115.44 114.97 114.56 114.12 113.66 113.19 112.66 112.03 111.41 110.78 110.19 109.38 108.56 107.81 107.03 106.22
131.84 131.75 131.62 131.53 131.47 131.34 131.22 131.16 131.06 130.94 130.81 130.62 130.41 130.19 130.06 129.94 129.84 129.72 129.62 129.56 129.47 129.31 128.94 128.66 128.44 128.16 127.84 127.50 127.16 126.75 126.34 125.91 125.50 125.09 124.62 124.12 123.62 123.16 122.75 122.38 122.06 121.75 121.47 121.03 120.66 120.41 120.12 119.81 119.50 119.16 118.81 118.41 117.97 117.50 117.00 116.44 115.94 115.47 114.97 114.53 114.06 113.62 113.19 112.66 112.09 111.50 110.84 110.22 109.44 108.50 107.78 106.91 106.16
131.91 131.84 131.75 131.62 131.56 131.50 131.41 131.25 131.12 130.97 130.81 130.62 130.38 130.22 130.06 129.91 129.78 129.62 129.50 129.44 129.31 129.12 128.75 128.34 128.03 127.81 127.53 127.22 126.91 126.47 126.09 125.72 125.34 124.94 124.50 124.09 123.66 123.25 122.88 122.53 122.22 121.84 121.41 121.09 120.78 120.53 120.28 120.00 119.72 119.41 119.03 118.66 118.22 117.72 117.22 116.56 116.00 115.53 114.97 114.53 114.06 113.53 113.09 112.56 112.06 111.44 110.75 110.06 109.16 108.34 107.66 106.88 106.16
132.03 132.00 131.91 131.78 131.72 131.62 131.53 131.41 131.22 131.03 130.81 130.59 130.41 130.19 130.00 129.81 129.62 129.50 129.38 129.28 129.16 128.88 128.53 128.09 127.75 127.53 127.22 126.88 126.59 126.19 125.81 125.41 125.00 124.62 124.28 123.97 123.62 123.28 122.97 122.59 122.19 121.84 121.50 121.16 120.88 120.69 120.41 120.19 119.91 119.59 119.25 118.88 118.44 117.94 117.41 116.81 116.16 115.69 115.06 114.59 114.09 113.59 113.12 112.59 112.06 111.44 110.72 109.97 109.19 108.44 107.62 106.84 106.12
132.19 132.19 132.09 132.03 131.91 131.81 131.66 131.47 131.28 131.03 130.75 130.47 130.28 130.09 129.84 129.66 129.50 129.31 129.16 129.06 128.88 128.59 128.19 127.78 127.41 127.16 126.88 126.62 126.34 125.94 125.53 125.19 124.81 124.44 124.06 123.66 123.28 122.91 122.72 122.66 122.31 121.94 121.62 121.38 121.12 120.84 120.62 120.38 120.00 119.78 119.44 119.03 118.59 118.09 117.53 117.06 116.50 115.94 115.38 114.69 114.16 113.62 113.12 112.59 112.00 111.34 110.62 109.91 109.16 108.31 107.56 106.81 106.12
132.38 132.34 132.31 132.22 132.12 131.97 131.75 131.53 131.31 131.09 130.81 130.47 130.16 129.88 129.69 129.53 129.38 129.22 129.03 128.81 128.66 128.31 127.91 127.44 127.09 126.78 126.56 126.31 126.09 125.78 125.38 125.03 124.62 124.34 123.97 123.62 123.31 123.00 122.66 122.41 122.38 122.09 121.81 121.53 121.28 121.03 120.78 120.53 120.28 119.94 119.56 119.12 118.66 118.25 117.75 117.28 116.72 116.16 115.59 115.00 114.38 113.72 113.16 112.56 111.94 111.22 110.50 109.75 108.94 108.25 107.47 106.78 106.09
132.53 132.50 132.47 132.44 132.31 132.12 131.91 131.66 131.38 131.06 130.78 130.50 130.22 129.81 129.53 129.34 129.22 129.03 128.81 128.56 128.38 127.97 127.53 127.12 126.75 126.50 126.28 126.09 125.84 125.56 125.25 124.91 124.56 124.22 123.94 123.62 123.31 123.06 122.75 122.50 122.28 122.19 121.97 121.72 121.50 121.22 121.00 120.72 120.44 120.03 119.69 119.25 118.75 118.38 117.91 117.38 116.94 116.38 115.88 115.28 114.53 113.91 113.16 112.59 111.91 111.22 110.47 109.75 109.00 108.22 107.44 106.75 106.12
132.66 132.66 132.62 132.56 132.44 132.25 132.00 131.72 131.41 131.03 130.69 130.41 130.12 129.81 129.50 129.12 129.00 128.78 128.59 128.28 128.00 127.69 127.34 126.94 126.53 126.28 126.06 125.88 125.69 125.41 125.12 124.81 124.44 124.19 123.94 123.66 123.38 123.16 122.97 122.75 122.47 122.22 122.12 121.91 121.72 121.47 121.16 120.88 120.53 120.19 119.75 119.31 118.91 118.47 117.97 117.56 117.09 116.59 116.09 115.47 114.78 114.12 113.28 112.56 111.84 111.16 110.31 109.56 108.81 108.16 107.41 106.75 106.12
132.72 132.75 132.75 132.66 132.50 132.34 132.06 131.75 131.41 131.00 130.66 130.34 130.03 129.69 129.38 129.03 128.72 128.56 128.31 128.06 127.72 127.34 127.03 126.69 126.28 126.03 125.88 125.69 125.50 125.25 125.03 124.75 124.44 124.16 123.91 123.66 123.47 123.28 123.09 122.91 122.62 122.34 122.16 122.06 121.94 121.66 121.31 121.06 120.69 120.25 119.84 119.41 118.97 118.53 118.09 117.69 117.22 116.75 116.25 115.62 115.06 114.31 113.53 112.62 111.81 111.06 110.28 109.50 108.81 108.09 107.38 106.75 106.16
132.81 132.81 132.81 132.72 132.56 132.34 132.06 131.75 131.38 131.00 130.62 130.28 129.94 129.62 129.28 128.94 128.59 128.38 128.12 127.88 127.53 127.19 126.78 126.44 126.12 125.84 125.66 125.50 125.31 125.12 124.94 124.72 124.44 124.16 123.91 123.69 123.50 123.34 123.19 123.00 122.81 122.59 122.31 122.09 121.97 121.81 121.53 121.19 120.78 120.34 119.91 119.47 119.00 118.56 118.16 117.72 117.28 116.78 116.31 115.78 115.12 114.44 113.66 112.66 111.81 111.00 110.19 109.44 108.78 108.09 107.41 106.78 106.12
132.84 132.88 132.84 132.72 132.56 132.31 132.00 131.69 131.31 130.94 130.53 130.19 129.81 129.50 129.12 128.78 128.44 128.12 127.88 127.62 127.38 127.03 126.66 126.28 126.00 125.72 125.56 125.38 125.16 124.97 124.81 124.62 124.41 124.16 123.94 123.72 123.53 123.41 123.25 123.09 122.91 122.69 122.50 122.19 121.97 121.78 121.62 121.28 120.84 120.38 119.91 119.47 119.00 118.56 118.16 117.75 117.28 116.78 116.34 115.84 115.22 114.53 113.72 112.81 111.75 110.81 110.12 109.41 108.75 108.06 107.41 106.78 106.12
132.88 132.88 132.81 132.69 132.50 132.19 131.91 131.56 131.22 130.84 130.44 130.06 129.62 129.25 128.94 128.59 128.25 127.97 127.69 127.41 127.12 126.84 126.47 126.16 125.88 125.66 125.47 125.25 125.03 124.88 124.72 124.53 124.34 124.12 123.94 123.75 123.59 123.44 123.28 123.12 122.97 122.78 122.59 122.38 122.12 121.88 121.59 121.28 120.84 120.41 119.94 119.47 118.94 118.47 118.09 117.66 117.22 116.78 116.34 115.88 115.28 114.59 113.75 112.78 111.84 110.84 110.03 109.38 108.72 108.06 107.47 106.81 106.12
132.88 132.84 132.75 132.59 132.38 132.06 131.75 131.38 131.03 130.66 130.28 129.91 129.50 129.12 128.69 128.31 128.00 127.75 127.44 127.12 126.88 126.59 126.31 126.06 125.78 125.50 125.34 125.19 125.03 124.84 124.69 124.50 124.31 124.12 123.97 123.78 123.62 123.47 123.31 123.16 123.00 122.84 122.66 122.47 122.25 121.97 121.66 121.19 120.75 120.31 119.94 119.41 118.91 118.44 117.94 117.47 117.06 116.66 116.28 115.81 115.22 114.47 113.72 112.75 111.81 110.91 110.00 109.38 108.72 108.06 107.47 106.78 106.12
132.84 132.78 132.66 132.41 132.16 131.88 131.47 131.09 130.75 130.44 130.06 129.78 129.31 128.91 128.47 128.03 127.69 127.44 127.19 126.88 126.62 126.38 126.09 125.91 125.72 125.50 125.31 125.16 125.00 124.84 124.69 124.50 124.31 124.12 123.97 123.78 123.62 123.47 123.31 123.16 123.03 122.88 122.72 122.53 122.31 122.03 121.62 121.19 120.66 120.16 119.59 119.25 118.72 118.25 117.69 117.25 116.78 116.47 116.09 115.69 115.09 114.44 113.62 112.66 111.81 110.88 110.03 109.28 108.69 108.09 107.47 106.75 106.19
132.78 132.66 132.44 132.19 131.84 131.53 131.16 130.75 130.44 130.12 129.84 129.50 129.09 128.62 128.19 127.75 127.44 127.19 126.91 126.66 126.44 126.22 126.00 125.84 125.66 125.50 125.34 125.16 124.97 124.78 124.62 124.47 124.28 124.12 123.94 123.78 123.62 123.47 123.31 123.19 123.03 122.88 122.72 122.56 122.34 122.06 121.66 121.28 120.59 119.84 119.47 118.94 118.50 117.94 117.44 116.88 116.50 116.19 115.78 115.38 114.84 114.25 113.41 112.47 111.69 110.81 109.94 109.38 108.72 108.06 107.47 106.88 106.22
132.62 132.41 132.19 131.88 131.53 131.16 130.69 130.44 130.06 129.81 129.56 129.28 128.84 128.34 127.91 127.53 127.22 127.00 126.72 126.50 126.31 126.12 125.97 125.84 125.69 125.53 125.38 125.16 124.97 124.78 124.59 124.41 124.22 124.06 123.91 123.75 123.59 123.47 123.31 123.19 123.03 122.91 122.75 122.56 122.34 122.03 121.62 121.12 120.41 119.53 118.72 118.44 117.94 117.47 117.06 116.56 116.19 115.75 115.47 115.03 114.53 113.88 113.16 112.34 111.50 110.66 109.94 109.31 108.62 108.06 107.44 106.78 106.22
132.41 132.19 131.88 131.53 131.19 130.88 130.41 130.12 129.78 129.47 129.25 128.91 128.47 128.00 127.69 127.31 127.09 126.84 126.59 126.41 126.22 126.09 126.00 125.88 125.72 125.56 125.38 125.16 124.94 124.75 124.56 124.38 124.19 124.03 123.88 123.75 123.59 123.44 123.31 123.22 123.09 123.00 122.88 122.69 122.47 122.09 121.66 121.06 120.34 119.53 118.66 117.97 117.69 117.38 116.66 116.25 115.72 115.44 115.03 114.59 114.12 113.53 112.84 112.12 111.41 110.66 109.81 109.22 108.53 107.97 107.41 106.72 106.16
132.19 131.91 131.62 131.28 130.88 130.50 130.19 129.88 129.56 129.22 128.91 128.56 128.19 127.81 127.44 127.12 126.94 126.72 126.53 126.34 126.19 126.09 126.03 125.91 125.78 125.62 125.41 125.12 124.88 124.69 124.50 124.31 124.12 124.00 123.84 123.72 123.56 123.47 123.34 123.25 123.19 123.06 122.94 122.75 122.47 122.09 121.59 120.94 120.28 119.59 118.81 117.97 117.41 116.97 116.66 115.97 115.47 114.94 114.50 114.19 113.69 113.16 112.41 111.72 111.12 110.50 109.81 109.22 108.56 107.97 107.34 106.75 106.16
132.00 131.69 131.34 131.06 130.66 130.31 130.00 129.72 129.44 129.06 128.69 128.34 128.00 127.62 127.31 127.03 126.84 126.66 126.47 126.31 126.22 126.16 126.06 125.94 125.81 125.62 125.41 125.12 124.81 124.59 124.41 124.25 124.06 123.94 123.81 123.69 123.56 123.47 123.38 123.31 123.25 123.12 123.00 122.81 122.50 122.09 121.56 120.94 120.31 119.66 119.00 118.38 117.72 116.88 116.25 115.97 115.38 114.75 114.19 113.66 113.22 112.75 112.16 111.59 110.91 110.38 109.75 109.12 108.47 107.94 107.34 106.62 106.06
131.81 131.47 131.12 130.84 130.53 130.28 130.00 129.66 129.31 128.94 128.56 128.19 127.84 127.53 127.19 126.97 126.78 126.59 126.41 126.31 126.25 126.16 126.06 125.97 125.81 125.62 125.38 125.06 124.66 124.47 124.31 124.16 124.00 123.88 123.75 123.66 123.53 123.47 123.41 123.34 123.31 123.19 123.06 122.81 122.53 122.12 121.56 120.97 120.31 119.69 119.00 118.34 117.72 117.06 116.25 115.53 115.19 114.56 114.03 113.47 112.84 112.41 111.91 111.31 110.78 110.09 109.56 109.06 108.44 107.84 107.22 106.56 106.03
131.53 131.25 130.94 130.62 130.41 130.16 129.84 129.53 129.19 128.81 128.44 128.12 127.75 127.44 127.16 126.91 126.69 126.53 126.41 126.31 126.25 126.19 126.09 125.97 125.81 125.59 125.28 124.91 124.53 124.34 124.19 124.06 123.91 123.81 123.69 123.59 123.53 123.47 123.44 123.41 123.34 123.25 123.06 122.81 122.50 122.09 121.59 121.00 120.25 119.47 118.84 118.19 117.59 116.97 116.38 115.69 114.91 114.38 113.78 113.25 112.75 112.12 111.59 111.06 110.47 110.00 109.44 108.94 108.38 107.84 107.22 106.53 105.97
131.25 130.94 130.62 130.41 130.19 129.97 129.72 129.38 129.03 128.69 128.34 127.97 127.62 127.31 127.03 126.81 126.62 126.50 126.38 126.34 126.25 126.19 126.09 125.97 125.75 125.47 125.09 124.78 124.44 124.25 124.09 123.97 123.84 123.75 123.62 123.56 123.53 123.50 123.47 123.44 123.38 123.25 123.03 122.75 122.44 122.00 121.50 120.84 120.12 119.41 118.62 117.97 117.34 116.72 116.16 115.59 114.97 114.25 113.72 113.03 112.59 112.06 111.47 110.88 110.31 109.69 109.25 108.81 108.19 107.59 107.00 106.50 105.75
130.97 130.62 130.41 130.19 130.00 129.75 129.50 129.19 128.81 128.50 128.16 127.81 127.47 127.16 126.94 126.72 126.59 126.53 126.44 126.34 126.28 126.19 126.06 125.91 125.66 125.34 125.03 124.66 124.31 124.12 124.00 123.88 123.78 123.69 123.62 123.56 123.53 123.50 123.47 123.41 123.31 123.16 122.94 122.62 122.28 121.88 121.38 120.81 120.16 119.34 118.50 117.75 117.19 116.50 115.84 115.22 114.62 113.97 113.41 112.97 112.38 111.81 111.31 110.81 110.28 109.72 109.06 108.59 108.06 107.56 107.00 106.41 105.81
130.62 130.38 130.19 129.97 129.75 129.47 129.19 128.91 128.56 128.28 127.94 127.59 127.31 127.03 126.84 126.69 126.59 126.50 126.44 126.34 126.28 126.16 125.97 125.75 125.50 125.22 124.84 124.44 124.12 124.00 123.91 123.78 123.69 123.62 123.56 123.53 123.47 123.47 123.44 123.34 123.22 123.03 122.78 122.47 122.12 121.75 121.22 120.62 120.03 119.34 118.66 117.75 117.03 116.34 115.69 115.00 114.41 113.78 113.19 112.62 112.19 111.62 111.06 110.47 110.03 109.53 109.00 108.50 108.00 107.44 106.81 106.31 105.75
130.34 130.12 129.94 129.78 129.53 129.19 128.94 128.66 128.34 128.00 127.75 127.44 127.12 126.91 126.75 126.66 126.56 126.47 126.38 126.31 126.22 126.06 125.88 125.66 125.34 125.03 124.69 124.31 124.00 123.91 123.81 123.72 123.62 123.56 123.50 123.47 123.44 123.41 123.34 123.22 123.06 122.88 122.62 122.25 121.88 121.53 121.06 120.47 119.97 119.38 118.56 117.72 116.84 116.06 115.41 114.81 114.28 113.69 113.06 112.31 111.84 111.34 110.88 110.34 109.75 109.28 108.78 108.25 107.78 107.25 106.72 106.12 105.53
130.00 129.84 129.62 129.47 129.28 129.00 128.69 128.41 128.12 127.81 127.53 127.25 127.00 126.81 126.69 126.59 126.50 126.41 126.31 126.19 126.06 125.88 125.66 125.44 125.19 124.88 124.50 124.16 123.91 123.81 123.69 123.62 123.53 123.47 123.41 123.38 123.34 123.28 123.22 123.09 122.94 122.72 122.41 122.00 121.62 121.22 120.72 120.16 119.53 118.97 118.31 117.50 116.72 116.00 115.31 114.59 113.97 113.44 112.78 112.19 111.56 111.12 110.72 110.19 109.59 109.06 108.56 108.09 107.56 107.09 106.56 106.03 105.50
129.59 129.47 129.28 129.12 128.97 128.72 128.47 128.19 127.88 127.62 127.38 127.09 126.88 126.69 126.59 126.47 126.38 126.31 126.22 126.06 125.81 125.62 125.44 125.25 125.00 124.69 124.31 124.00 123.78 123.69 123.59 123.50 123.44 123.34 123.31 123.25 123.22 123.16 123.06 122.94 122.75 122.56 122.25 121.81 121.38 120.91 120.41 119.97 119.47 118.94 118.22 117.53 116.72 116.03 115.31 114.62 113.94 113.25 112.62 112.00 111.47 110.91 110.47 110.06 109.53 108.94 108.44 107.94 107.41 106.81 106.38 105.91 105.44
129.12 129.03 128.88 128.72 128.59 128.41 128.19 127.97 127.69 127.41 127.19 126.97 126.75 126.59 126.44 126.31 126.22 126.12 126.00 125.88 125.66 125.38 125.19 125.00 124.78 124.50 124.16 123.84 123.62 123.56 123.47 123.38 123.31 123.22 123.16 123.12 123.06 122.97 122.88 122.75 122.59 122.41 122.19 121.88 121.44 121.00 120.62 120.19 119.62 119.06 118.44 117.62 116.91 116.09 115.31 114.59 113.88 113.09 112.44 111.88 111.34 110.72 110.16 109.75 109.31 108.84 108.34 107.78 107.28 106.78 106.25 105.75 105.41
