everonasctiles/Tile20,1.asc
ncols 128
nrows 128
xllcorner 0
yllcorner 0
cellsize 2.0
NODATA_value  -9999
[rows 87 to 115 of 128, columns 0 to 66 of 128]
-98.03 -98.66 -99.28 -99.91 -100.56 -101.28 -102.12 -103.03 -103.97 -104.94 -105.91 -106.78 -107.66 -108.50 -109.28 -110.03 -110.75 -111.44 -112.06 -112.66 -113.34 -114.16 -115.06 -116.09 -117.22 -118.41 -119.53 -120.47 -121.31 -122.12 -122.94 -123.72 -124.50 -125.25 -126.00 -126.75 -127.50 -128.25 -129.00 -129.72 -130.44 -131.09 -131.75 -132.38 -133.00 -133.62 -134.19 -134.72 -135.22 -135.78 -136.41 -137.06 -137.72 -138.38 -139.03 -139.66 -140.25 -140.88 -141.53 -142.22 -142.88 -143.56 -144.22 -144.88 -145.56 -146.22 -146.88
-98.16 -98.84 -99.53 -100.22 -100.94 -101.66 -102.44 -103.25 -104.09 -105.00 -105.91 -106.84 -107.72 -108.56 -109.38 -110.16 -110.88 -111.56 -112.22 -112.81 -113.47 -114.22 -115.12 -116.12 -117.22 -118.41 -119.47 -120.41 -121.25 -122.06 -122.88 -123.69 -124.50 -125.28 -126.06 -126.81 -127.59 -128.38 -129.16 -129.94 -130.69 -131.44 -132.16 -132.81 -133.47 -134.12 -134.75 -135.34 -135.84 -136.34 -136.88 -137.44 -138.06 -138.69 -139.34 -139.97 -140.59 -141.22 -141.84 -142.47 -143.12 -143.78 -144.44 -145.09 -145.75 -146.41 -147.06
-98.22 -98.94 -99.69 -100.41 -101.16 -101.94 -102.72 -103.53 -104.38 -105.22 -106.09 -106.97 -107.81 -108.66 -109.47 -110.28 -111.06 -111.84 -112.59 -113.34 -114.12 -114.91 -115.78 -116.66 -117.56 -118.50 -119.41 -120.28 -121.09 -121.91 -122.72 -123.53 -124.31 -125.09 -125.88 -126.69 -127.47 -128.28 -129.09 -129.91 -130.75 -131.56 -132.38 -133.12 -133.84 -134.53 -135.22 -135.84 -136.41 -136.94 -137.44 -137.97 -138.50 -139.06 -139.69 -140.28 -140.88 -141.50 -142.12 -142.72 -143.38 -144.03 -144.66 -145.31 -145.97 -146.59 -147.25
-98.19 -98.97 -99.75 -100.53 -101.31 -102.12 -102.94 -103.75 -104.56 -105.41 -106.25 -107.06 -107.88 -108.66 -109.47 -110.28 -111.09 -111.94 -112.81 -113.66 -114.47 -115.28 -116.12 -116.94 -117.78 -118.59 -119.41 -120.19 -121.00 -121.78 -122.59 -123.38 -124.12 -124.88 -125.62 -126.41 -127.19 -128.00 -128.84 -129.72 -130.59 -131.50 -132.41 -133.25 -134.03 -134.81 -135.53 -136.25 -136.88 -137.47 -137.97 -138.50 -139.00 -139.53 -140.06 -140.62 -141.19 -141.75 -142.38 -142.97 -143.62 -144.25 -144.91 -145.56 -146.19 -146.84 -147.47
-98.12 -98.94 -99.75 -100.53 -101.34 -102.19 -103.00 -103.81 -104.62 -105.44 -106.22 -107.00 -107.75 -108.50 -109.25 -110.06 -110.91 -111.81 -112.72 -113.62 -114.53 -115.41 -116.25 -117.06 -117.88 -118.66 -119.44 -120.22 -121.00 -121.78 -122.56 -123.31 -124.03 -124.72 -125.41 -126.09 -126.81 -127.59 -128.47 -129.38 -130.34 -131.28 -132.25 -133.16 -134.03 -134.88 -135.69 -136.44 -137.16 -137.81 -138.41 -138.94 -139.47 -139.97 -140.47 -141.00 -141.50 -142.03 -142.59 -143.19 -143.81 -144.47 -145.09 -145.75 -146.41 -147.03 -147.66
-98.12 -98.94 -99.72 -100.50 -101.31 -102.09 -102.91 -103.69 -104.47 -105.25 -106.00 -106.75 -107.47 -108.16 -108.84 -109.53 -110.34 -111.25 -112.28 -113.28 -114.31 -115.25 -116.16 -117.03 -117.88 -118.69 -119.47 -120.25 -121.03 -121.81 -122.56 -123.34 -124.09 -124.81 -125.53 -126.22 -126.91 -127.62 -128.44 -129.28 -130.16 -131.06 -131.97 -132.91 -133.81 -134.72 -135.62 -136.47 -137.28 -138.00 -138.69 -139.28 -139.84 -140.34 -140.84 -141.34 -141.84 -142.34 -142.84 -143.41 -144.00 -144.62 -145.25 -145.88 -146.50 -147.12 -147.75
-98.31 -99.09 -99.84 -100.59 -101.31 -102.06 -102.81 -103.53 -104.25 -104.97 -105.69 -106.47 -107.25 -108.03 -108.75 -109.41 -110.06 -110.81 -111.72 -112.69 -113.69 -114.72 -115.72 -116.72 -117.66 -118.56 -119.44 -120.25 -121.03 -121.81 -122.59 -123.41 -124.19 -124.97 -125.72 -126.50 -127.28 -128.06 -128.88 -129.72 -130.53 -131.34 -132.16 -132.94 -133.75 -134.62 -135.53 -136.41 -137.28 -138.09 -138.84 -139.50 -140.09 -140.66 -141.19 -141.69 -142.19 -142.69 -143.16 -143.66 -144.19 -144.78 -145.38 -146.00 -146.59 -147.19 -147.78
-98.53 -99.34 -100.16 -100.91 -101.69 -102.44 -103.19 -103.94 -104.69 -105.47 -106.22 -107.00 -107.81 -108.69 -109.50 -110.19 -110.75 -111.28 -111.91 -112.66 -113.44 -114.28 -115.16 -116.06 -117.06 -118.06 -119.09 -120.06 -120.94 -121.78 -122.59 -123.47 -124.31 -125.16 -125.97 -126.78 -127.59 -128.44 -129.25 -130.09 -130.97 -131.81 -132.62 -133.47 -134.28 -135.09 -135.91 -136.69 -137.47 -138.25 -138.97 -139.66 -140.28 -140.91 -141.47 -142.00 -142.53 -143.03 -143.50 -144.00 -144.53 -145.06 -145.62 -146.22 -146.81 -147.38 -147.94
-98.75 -99.59 -100.41 -101.25 -102.06 -102.88 -103.69 -104.50 -105.31 -106.12 -106.94 -107.75 -108.56 -109.41 -110.19 -110.97 -111.66 -112.28 -112.81 -113.38 -114.00 -114.69 -115.38 -116.03 -116.78 -117.69 -118.69 -119.72 -120.75 -121.78 -122.75 -123.66 -124.56 -125.44 -126.28 -127.12 -127.97 -128.78 -129.59 -130.41 -131.25 -132.12 -132.97 -133.81 -134.66 -135.50 -136.31 -137.06 -137.81 -138.50 -139.16 -139.81 -140.47 -141.09 -141.69 -142.25 -142.78 -143.31 -143.84 -144.34 -144.88 -145.41 -146.00 -146.59 -147.22 -147.81 -148.38
-98.94 -99.78 -100.62 -101.47 -102.31 -103.16 -104.00 -104.81 -105.66 -106.50 -107.34 -108.19 -109.03 -109.84 -110.66 -111.44 -112.22 -112.97 -113.69 -114.38 -115.06 -115.72 -116.31 -116.78 -117.25 -117.88 -118.72 -119.75 -120.88 -122.00 -123.09 -124.09 -124.94 -125.78 -126.62 -127.50 -128.34 -129.16 -129.94 -130.69 -131.50 -132.34 -133.22 -134.09 -134.97 -135.78 -136.59 -137.34 -138.06 -138.75 -139.41 -140.03 -140.66 -141.28 -141.88 -142.47 -143.03 -143.56 -144.09 -144.62 -145.16 -145.72 -146.31 -146.94 -147.56 -148.19 -148.84
-98.97 -99.81 -100.69 -101.53 -102.41 -103.25 -104.09 -104.94 -105.78 -106.66 -107.53 -108.41 -109.25 -110.12 -110.94 -111.78 -112.59 -113.41 -114.22 -115.00 -115.78 -116.56 -117.31 -117.94 -118.38 -118.66 -119.19 -120.06 -121.12 -122.25 -123.38 -124.44 -125.31 -126.12 -127.00 -127.88 -128.75 -129.59 -130.38 -131.06 -131.69 -132.44 -133.31 -134.28 -135.19 -136.06 -136.84 -137.59 -138.31 -139.03 -139.69 -140.31 -140.91 -141.50 -142.09 -142.69 -143.25 -143.78 -144.31 -144.81 -145.34 -145.91 -146.50 -147.12 -147.78 -148.50 -149.19
-98.94 -99.78 -100.59 -101.47 -102.31 -103.16 -104.00 -104.84 -105.69 -106.56 -107.47 -108.38 -109.28 -110.19 -111.09 -112.00 -112.88 -113.75 -114.59 -115.44 -116.28 -117.09 -117.88 -118.62 -119.28 -119.75 -120.06 -120.59 -121.47 -122.53 -123.62 -124.69 -125.62 -126.47 -127.34 -128.25 -129.16 -130.06 -130.91 -131.62 -132.22 -132.66 -133.28 -134.25 -135.38 -136.34 -137.19 -137.94 -138.66 -139.34 -140.00 -140.62 -141.25 -141.81 -142.41 -143.00 -143.56 -144.09 -144.59 -145.03 -145.50 -145.97 -146.50 -147.12 -147.81 -148.56 -149.34
-98.97 -99.72 -100.53 -101.34 -102.19 -103.03 -103.88 -104.72 -105.53 -106.38 -107.25 -108.16 -109.09 -110.06 -111.03 -111.97 -112.91 -113.84 -114.78 -115.69 -116.59 -117.47 -118.34 -119.16 -119.94 -120.56 -121.09 -121.44 -122.00 -122.88 -123.91 -124.94 -125.91 -126.81 -127.69 -128.62 -129.53 -130.50 -131.41 -132.25 -132.97 -133.53 -133.97 -134.59 -135.62 -136.72 -137.62 -138.34 -139.06 -139.72 -140.38 -141.03 -141.66 -142.25 -142.84 -143.44 -144.00 -144.56 -145.09 -145.53 -145.91 -146.25 -146.56 -146.97 -147.50 -148.31 -149.22
-99.25 -99.97 -100.69 -101.50 -102.28 -103.09 -103.91 -104.69 -105.44 -106.19 -106.97 -107.78 -108.72 -109.69 -110.69 -111.69 -112.69 -113.69 -114.66 -115.69 -116.72 -117.72 -118.66 -119.59 -120.47 -121.25 -121.88 -122.41 -122.78 -123.38 -124.28 -125.31 -126.28 -127.22 -128.09 -129.00 -129.94 -130.91 -131.88 -132.81 -133.69 -134.38 -134.97 -135.53 -136.25 -137.25 -138.12 -138.88 -139.50 -140.16 -140.78 -141.44 -142.06 -142.72 -143.34 -143.94 -144.56 -145.16 -145.72 -146.22 -146.72 -147.16 -147.47 -147.62 -147.78 -148.16 -148.88
-99.56 -100.25 -100.94 -101.69 -102.44 -103.22 -104.00 -104.78 -105.50 -106.19 -106.84 -107.56 -108.34 -109.22 -110.16 -111.16 -112.12 -113.16 -114.22 -115.34 -116.56 -117.72 -118.84 -119.94 -120.91 -121.81 -122.62 -123.25 -123.75 -124.12 -124.78 -125.72 -126.72 -127.66 -128.56 -129.44 -130.38 -131.34 -132.31 -133.31 -134.28 -135.12 -135.84 -136.44 -137.06 -137.81 -138.66 -139.38 -140.00 -140.59 -141.22 -141.84 -142.50 -143.16 -143.81 -144.47 -145.12 -145.75 -146.38 -146.97 -147.53 -148.06 -148.56 -148.88 -148.88 -148.94 -149.25
-99.84 -100.50 -101.16 -101.81 -102.50 -103.25 -104.06 -104.91 -105.75 -106.56 -107.38 -108.09 -108.81 -109.59 -110.47 -111.41 -112.34 -113.28 -114.22 -115.22 -116.31 -117.53 -118.81 -120.09 -121.25 -122.28 -123.22 -124.00 -124.62 -125.16 -125.59 -126.25 -127.16 -128.09 -128.97 -129.81 -130.75 -131.72 -132.72 -133.75 -134.75 -135.72 -136.56 -137.22 -137.78 -138.34 -139.06 -139.81 -140.44 -141.06 -141.66 -142.25 -142.88 -143.53 -144.22 -144.91 -145.62 -146.34 -147.00 -147.66 -148.28 -148.91 -149.47 -149.97 -150.22 -150.16 -150.19
-100.16 -100.84 -101.50 -102.12 -102.75 -103.47 -104.28 -105.16 -106.09 -107.03 -107.91 -108.75 -109.66 -110.50 -111.41 -112.31 -113.25 -114.16 -115.00 -115.81 -116.72 -117.72 -118.88 -120.16 -121.50 -122.69 -123.72 -124.66 -125.44 -126.09 -126.69 -127.22 -127.84 -128.66 -129.47 -130.16 -130.94 -131.94 -133.00 -134.09 -135.16 -136.19 -137.16 -137.94 -138.56 -139.06 -139.56 -140.22 -140.91 -141.50 -142.06 -142.62 -143.22 -143.81 -144.50 -145.25 -146.00 -146.81 -147.56 -148.28 -148.97 -149.62 -150.28 -150.84 -151.31 -151.56 -151.44
-100.53 -101.25 -101.94 -102.62 -103.31 -104.06 -104.88 -105.72 -106.62 -107.53 -108.41 -109.28 -110.19 -111.12 -112.09 -113.06 -114.06 -115.06 -116.00 -116.88 -117.69 -118.47 -119.44 -120.53 -121.78 -123.00 -124.12 -125.12 -126.06 -126.91 -127.62 -128.25 -128.91 -129.62 -130.34 -130.94 -131.44 -132.09 -133.03 -134.25 -135.47 -136.62 -137.66 -138.59 -139.31 -139.91 -140.34 -140.81 -141.41 -142.00 -142.53 -143.03 -143.56 -144.12 -144.72 -145.44 -146.28 -147.12 -147.97 -148.78 -149.56 -150.28 -151.00 -151.62 -152.19 -152.62 -152.81
-100.91 -101.66 -102.41 -103.16 -103.88 -104.66 -105.44 -106.28 -107.16 -108.00 -108.84 -109.72 -110.66 -111.59 -112.56 -113.53 -114.53 -115.53 -116.53 -117.50 -118.47 -119.38 -120.28 -121.16 -122.19 -123.34 -124.47 -125.53 -126.53 -127.50 -128.38 -129.16 -129.91 -130.59 -131.28 -131.94 -132.50 -132.91 -133.44 -134.34 -135.53 -136.91 -138.09 -139.12 -140.03 -140.72 -141.25 -141.69 -142.19 -142.75 -143.22 -143.62 -144.06 -144.56 -145.03 -145.59 -146.38 -147.34 -148.31 -149.22 -150.06 -150.84 -151.59 -152.34 -153.00 -153.53 -153.91
-101.25 -102.06 -102.84 -103.62 -104.38 -105.16 -105.94 -106.75 -107.56 -108.41 -109.25 -110.12 -111.00 -111.94 -112.91 -113.88 -114.88 -115.91 -116.91 -117.94 -118.94 -119.94 -120.88 -121.78 -122.66 -123.59 -124.59 -125.72 -126.81 -127.84 -128.84 -129.78 -130.59 -131.38 -132.09 -132.81 -133.47 -134.03 -134.50 -134.97 -135.78 -136.97 -138.38 -139.59 -140.62 -141.47 -142.12 -142.66 -143.16 -143.69 -144.12 -144.47 -144.81 -145.28 -145.81 -146.22 -146.69 -147.47 -148.50 -149.56 -150.53 -151.38 -152.16 -152.94 -153.69 -154.31 -154.81
-101.53 -102.34 -103.16 -103.97 -104.78 -105.56 -106.34 -107.16 -107.94 -108.78 -109.59 -110.44 -111.31 -112.22 -113.16 -114.12 -115.16 -116.19 -117.22 -118.28 -119.34 -120.41 -121.41 -122.34 -123.22 -124.00 -124.75 -125.72 -126.81 -127.97 -129.09 -130.12 -131.09 -131.97 -132.75 -133.50 -134.22 -134.91 -135.56 -136.09 -136.53 -137.34 -138.50 -139.91 -141.12 -142.09 -142.91 -143.53 -144.06 -144.59 -145.06 -145.41 -145.72 -146.12 -146.72 -147.22 -147.56 -147.97 -148.75 -149.84 -151.00 -151.97 -152.75 -153.50 -154.28 -155.00 -155.62
-101.69 -102.47 -103.28 -104.12 -105.00 -105.84 -106.69 -107.50 -108.31 -109.16 -109.97 -110.81 -111.62 -112.47 -113.34 -114.28 -115.31 -116.38 -117.47 -118.59 -119.72 -120.81 -121.91 -122.94 -123.88 -124.75 -125.47 -126.12 -126.91 -127.91 -129.06 -130.25 -131.38 -132.41 -133.31 -134.12 -134.91 -135.62 -136.34 -137.03 -137.62 -138.16 -139.00 -140.19 -141.53 -142.66 -143.56 -144.28 -144.88 -145.44 -145.94 -146.38 -146.69 -147.00 -147.53 -148.12 -148.66 -149.00 -149.41 -150.25 -151.47 -152.66 -153.53 -154.22 -154.88 -155.66 -156.34
-101.72 -102.38 -103.16 -104.03 -104.97 -105.97 -106.91 -107.81 -108.69 -109.53 -110.41 -111.25 -112.09 -112.94 -113.69 -114.44 -115.31 -116.38 -117.56 -118.78 -120.03 -121.22 -122.38 -123.50 -124.56 -125.53 -126.41 -127.16 -127.81 -128.50 -129.34 -130.34 -131.50 -132.69 -133.75 -134.66 -135.50 -136.28 -137.03 -137.78 -138.47 -139.12 -139.78 -140.75 -142.00 -143.22 -144.22 -144.97 -145.62 -146.25 -146.81 -147.25 -147.59 -147.91 -148.31 -148.91 -149.47 -150.03 -150.50 -150.94 -151.91 -153.28 -154.31 -155.06 -155.72 -156.38 -157.06
-102.12 -102.59 -103.06 -103.69 -104.56 -105.66 -106.81 -107.94 -108.94 -109.88 -110.81 -111.72 -112.62 -113.50 -114.34 -115.06 -115.69 -116.34 -117.31 -118.62 -120.06 -121.47 -122.78 -124.00 -125.16 -126.22 -127.19 -128.06 -128.88 -129.66 -130.38 -131.06 -131.91 -132.97 -134.16 -135.19 -136.09 -136.94 -137.72 -138.50 -139.22 -139.94 -140.59 -141.41 -142.53 -143.81 -144.84 -145.69 -146.38 -147.00 -147.59 -148.12 -148.50 -148.78 -149.09 -149.59 -150.19 -150.81 -151.41 -152.00 -152.53 -153.72 -154.94 -155.81 -156.56 -157.22 -157.84
-102.88 -103.53 -104.00 -104.28 -104.72 -105.41 -106.34 -107.53 -108.84 -110.06 -111.09 -112.09 -113.06 -114.06 -115.00 -115.84 -116.62 -117.25 -117.75 -118.53 -119.72 -121.16 -122.81 -124.34 -125.62 -126.81 -127.88 -128.81 -129.72 -130.59 -131.41 -132.19 -132.88 -133.62 -134.59 -135.69 -136.69 -137.56 -138.44 -139.25 -140.03 -140.78 -141.44 -142.12 -143.09 -144.31 -145.50 -146.44 -147.16 -147.81 -148.41 -148.94 -149.38 -149.66 -149.88 -150.19 -150.81 -151.47 -152.16 -152.78 -153.44 -154.22 -155.38 -156.38 -157.25 -158.03 -158.69
-103.50 -104.31 -105.06 -105.62 -105.88 -106.12 -106.62 -107.44 -108.44 -109.69 -111.06 -112.31 -113.44 -114.47 -115.53 -116.56 -117.50 -118.38 -119.06 -119.56 -120.19 -121.28 -122.69 -124.28 -125.94 -127.31 -128.44 -129.41 -130.38 -131.25 -132.12 -133.00 -133.81 -134.53 -135.25 -136.16 -137.16 -138.12 -139.06 -139.97 -140.84 -141.66 -142.44 -143.16 -143.88 -144.91 -146.12 -147.16 -147.94 -148.62 -149.22 -149.81 -150.25 -150.56 -150.75 -150.81 -151.25 -152.00 -152.78 -153.50 -154.16 -154.84 -155.75 -156.75 -157.72 -158.62 -159.44
-104.03 -104.97 -105.84 -106.66 -107.31 -107.62 -107.81 -108.22 -108.84 -109.69 -110.75 -112.03 -113.47 -114.72 -115.91 -117.03 -118.16 -119.22 -120.12 -120.97 -121.69 -122.31 -123.41 -124.81 -126.38 -127.84 -129.00 -130.00 -130.91 -131.81 -132.72 -133.66 -134.50 -135.31 -135.97 -136.59 -137.44 -138.47 -139.50 -140.53 -141.53 -142.50 -143.38 -144.19 -145.00 -145.84 -146.84 -147.84 -148.72 -149.41 -150.06 -150.66 -151.16 -151.53 -151.72 -151.72 -151.69 -152.38 -153.31 -154.09 -154.78 -155.41 -156.09 -157.00 -158.00 -159.00 -159.94
-104.47 -105.47 -106.47 -107.41 -108.25 -108.97 -109.47 -109.72 -110.03 -110.47 -111.06 -111.94 -113.06 -114.44 -115.91 -117.22 -118.50 -119.69 -120.84 -121.88 -122.84 -123.84 -124.88 -126.03 -127.41 -128.62 -129.72 -130.66 -131.53 -132.38 -133.25 -134.22 -135.16 -136.03 -136.75 -137.28 -137.69 -138.44 -139.56 -140.75 -141.94 -143.09 -144.16 -145.12 -146.00 -146.84 -147.72 -148.69 -149.53 -150.22 -150.88 -151.50 -152.06 -152.47 -152.75 -152.81 -152.56 -152.78 -153.69 -154.69 -155.41 -155.94 -156.41 -157.12 -158.09 -159.16 -160.19
-104.84 -105.88 -106.94 -107.97 -108.94 -109.84 -110.62 -111.31 -111.75 -111.97 -112.22 -112.62 -113.25 -114.22 -115.44 -116.84 -118.41 -119.81 -121.12 -122.34 -123.47 -124.53 -125.62 -126.81 -128.03 -129.19 -130.31 -131.34 -132.28 -133.09 -133.84 -134.75 -135.78 -136.75 -137.59 -138.28 -138.66 -138.78 -139.25 -140.34 -141.84 -143.31 -144.66 -145.81 -146.81 -147.72 -148.59 -149.53 -150.38 -151.09 -151.72 -152.31 -152.91 -153.41 -153.75 -153.94 -153.81 -153.69 -154.25 -155.28 -156.12 -156.66 -156.97 -157.28 -158.06 -159.16 -160.25
