everonasctiles/Tile[23,7].asc
ncols 128
nrows 128
xllcorner 0
yllcorner 0
cellsize 2.0
NODATA_value  -9999
[rows 96 to 127 of 128, columns 0 to 70 of 128]
-25.59 -25.69 -25.81 -25.91 -26.00 -26.06 -26.16 -26.25 -26.34 -26.44 -26.53 -26.66 -26.75 -26.84 -26.94 -27.06 -27.16 -27.25 -27.34 -27.47 -27.56 -27.66 -27.78 -27.88 -27.97 -28.09 -28.19 -28.28 -28.38 -28.47 -28.56 -28.66 -28.75 -28.84 -28.94 -29.03 -29.12 -29.19 -29.28 -29.34 -29.44 -29.50 -29.56 -29.62 -29.69 -29.75 -29.81 -29.88 -29.94 -29.97 -30.03 -30.06 -30.09 -30.12 -30.16 -30.19 -30.19 -30.22 -30.22 -30.25 -30.25 -30.25 -30.22 -30.22 -30.22 -30.19 -30.16 -30.16 -30.12 -30.06 -30.03
-25.31 -25.50 -25.59 -25.69 -25.78 -25.88 -25.97 -26.06 -26.12 -26.22 -26.34 -26.44 -26.53 -26.62 -26.72 -26.84 -26.94 -27.03 -27.16 -27.25 -27.34 -27.47 -27.56 -27.66 -27.75 -27.88 -27.97 -28.06 -28.16 -28.25 -28.38 -28.47 -28.56 -28.66 -28.72 -28.81 -28.91 -29.00 -29.06 -29.16 -29.22 -29.31 -29.38 -29.44 -29.50 -29.56 -29.62 -29.69 -29.72 -29.78 -29.81 -29.88 -29.91 -29.94 -29.97 -30.00 -30.03 -30.03 -30.06 -30.06 -30.06 -30.06 -30.06 -30.06 -30.03 -30.03 -30.00 -29.97 -29.94 -29.91 -29.88
-25.06 -25.25 -25.38 -25.47 -25.56 -25.66 -25.75 -25.84 -25.94 -26.03 -26.12 -26.22 -26.31 -26.41 -26.50 -26.62 -26.72 -26.81 -26.94 -27.03 -27.12 -27.25 -27.34 -27.44 -27.56 -27.66 -27.75 -27.84 -27.94 -28.06 -28.16 -28.25 -28.34 -28.44 -28.53 -28.59 -28.69 -28.78 -28.88 -28.94 -29.03 -29.09 -29.16 -29.25 -29.31 -29.38 -29.44 -29.47 -29.53 -29.59 -29.62 -29.69 -29.72 -29.75 -29.78 -29.81 -29.84 -29.84 -29.88 -29.88 -29.88 -29.91 -29.88 -29.88 -29.88 -29.84 -29.84 -29.81 -29.78 -29.75 -29.72
-24.91 -24.97 -25.19 -25.28 -25.34 -25.44 -25.53 -25.62 -25.72 -25.81 -25.91 -26.00 -26.09 -26.19 -26.31 -26.41 -26.50 -26.59 -26.72 -26.81 -26.91 -27.03 -27.12 -27.22 -27.34 -27.44 -27.53 -27.62 -27.75 -27.84 -27.94 -28.03 -28.12 -28.22 -28.31 -28.41 -28.50 -28.56 -28.66 -28.75 -28.81 -28.88 -28.97 -29.03 -29.09 -29.16 -29.22 -29.28 -29.34 -29.41 -29.44 -29.47 -29.53 -29.56 -29.59 -29.62 -29.66 -29.69 -29.69 -29.69 -29.72 -29.72 -29.72 -29.72 -29.69 -29.69 -29.66 -29.66 -29.62 -29.59 -29.56
-24.72 -24.84 -24.97 -25.06 -25.16 -25.25 -25.34 -25.41 -25.50 -25.59 -25.69 -25.78 -25.88 -26.00 -26.09 -26.19 -26.28 -26.41 -26.50 -26.59 -26.69 -26.81 -26.91 -27.00 -27.12 -27.22 -27.31 -27.41 -27.53 -27.62 -27.72 -27.81 -27.91 -28.00 -28.09 -28.19 -28.28 -28.38 -28.44 -28.53 -28.59 -28.69 -28.75 -28.81 -28.91 -28.97 -29.03 -29.09 -29.12 -29.19 -29.25 -29.28 -29.34 -29.38 -29.41 -29.44 -29.47 -29.50 -29.50 -29.53 -29.53 -29.53 -29.53 -29.53 -29.53 -29.50 -29.50 -29.47 -29.44 -29.41 -29.38
-24.56 -24.62 -24.69 -24.81 -24.94 -25.03 -25.12 -25.22 -25.31 -25.41 -25.50 -25.59 -25.69 -25.78 -25.88 -25.97 -26.06 -26.19 -26.28 -26.38 -26.50 -26.59 -26.69 -26.78 -26.91 -27.00 -27.09 -27.22 -27.31 -27.41 -27.50 -27.59 -27.69 -27.78 -27.88 -27.97 -28.06 -28.16 -28.22 -28.31 -28.41 -28.47 -28.56 -28.62 -28.69 -28.75 -28.81 -28.88 -28.94 -29.00 -29.03 -29.09 -29.12 -29.19 -29.22 -29.25 -29.28 -29.28 -29.31 -29.34 -29.34 -29.34 -29.34 -29.34 -29.34 -29.34 -29.31 -29.31 -29.28 -29.25 -29.22
-24.19 -24.25 -24.47 -24.47 -24.62 -24.81 -24.91 -25.00 -25.09 -25.19 -25.28 -25.38 -25.47 -25.56 -25.66 -25.75 -25.88 -25.97 -26.06 -26.16 -26.28 -26.38 -26.47 -26.59 -26.69 -26.78 -26.88 -27.00 -27.09 -27.19 -27.28 -27.38 -27.47 -27.56 -27.66 -27.75 -27.84 -27.94 -28.03 -28.09 -28.19 -28.25 -28.34 -28.41 -28.47 -28.56 -28.62 -28.69 -28.75 -28.78 -28.84 -28.88 -28.94 -28.97 -29.00 -29.06 -29.06 -29.09 -29.12 -29.16 -29.16 -29.16 -29.16 -29.16 -29.16 -29.16 -29.16 -29.12 -29.09 -29.06 -29.03
-24.12 -24.09 -24.38 -24.44 -24.53 -24.62 -24.69 -24.78 -24.91 -24.97 -25.06 -25.16 -25.25 -25.34 -25.44 -25.56 -25.66 -25.75 -25.84 -25.97 -26.06 -26.16 -26.25 -26.38 -26.47 -26.56 -26.69 -26.78 -26.88 -26.97 -27.06 -27.16 -27.25 -27.34 -27.44 -27.53 -27.62 -27.72 -27.81 -27.91 -27.97 -28.06 -28.12 -28.19 -28.28 -28.34 -28.41 -28.47 -28.53 -28.59 -28.62 -28.69 -28.75 -28.78 -28.81 -28.84 -28.88 -28.91 -28.94 -28.94 -28.97 -28.97 -28.97 -29.00 -28.97 -28.97 -28.97 -28.94 -28.94 -28.91 -28.88
-23.97 -24.03 -24.16 -24.22 -24.34 -24.44 -24.53 -24.59 -24.69 -24.78 -24.88 -24.97 -25.06 -25.16 -25.25 -25.34 -25.44 -25.53 -25.66 -25.75 -25.84 -25.94 -26.06 -26.16 -26.25 -26.34 -26.47 -26.56 -26.66 -26.75 -26.84 -26.94 -27.06 -27.16 -27.25 -27.34 -27.41 -27.50 -27.59 -27.69 -27.75 -27.84 -27.91 -28.00 -28.06 -28.12 -28.19 -28.25 -28.31 -28.38 -28.44 -28.50 -28.53 -28.56 -28.62 -28.66 -28.69 -28.72 -28.75 -28.75 -28.78 -28.78 -28.78 -28.81 -28.78 -28.78 -28.78 -28.75 -28.75 -28.72 -28.69
-23.75 -23.88 -23.94 -24.00 -24.16 -24.22 -24.31 -24.41 -24.50 -24.56 -24.66 -24.75 -24.84 -24.94 -25.03 -25.12 -25.22 -25.34 -25.44 -25.53 -25.62 -25.72 -25.84 -25.94 -26.03 -26.12 -26.25 -26.34 -26.44 -26.53 -26.62 -26.75 -26.84 -26.94 -27.03 -27.12 -27.22 -27.28 -27.38 -27.47 -27.56 -27.62 -27.72 -27.78 -27.84 -27.94 -28.00 -28.06 -28.12 -28.19 -28.22 -28.28 -28.34 -28.38 -28.41 -28.44 -28.50 -28.53 -28.53 -28.56 -28.59 -28.59 -28.59 -28.59 -28.59 -28.59 -28.59 -28.59 -28.56 -28.53 -28.50
-23.47 -23.69 -23.66 -23.81 -23.94 -24.03 -24.12 -24.22 -24.28 -24.38 -24.47 -24.56 -24.66 -24.75 -24.84 -24.94 -25.03 -25.12 -25.22 -25.31 -25.41 -25.53 -25.62 -25.72 -25.81 -25.94 -26.03 -26.12 -26.22 -26.31 -26.44 -26.53 -26.62 -26.72 -26.81 -26.91 -27.00 -27.06 -27.16 -27.25 -27.34 -27.41 -27.50 -27.56 -27.66 -27.72 -27.78 -27.84 -27.91 -27.97 -28.03 -28.06 -28.12 -28.16 -28.22 -28.25 -28.28 -28.31 -28.34 -28.38 -28.38 -28.41 -28.41 -28.41 -28.41 -28.41 -28.41 -28.41 -28.38 -28.34 -28.31
-23.22 -23.41 -23.44 -23.56 -23.75 -23.84 -23.94 -24.00 -24.09 -24.19 -24.25 -24.34 -24.44 -24.53 -24.62 -24.72 -24.81 -24.91 -25.00 -25.12 -25.22 -25.31 -25.41 -25.50 -25.62 -25.72 -25.81 -25.91 -26.00 -26.12 -26.22 -26.31 -26.41 -26.50 -26.59 -26.69 -26.78 -26.88 -26.94 -27.03 -27.12 -27.19 -27.28 -27.34 -27.44 -27.50 -27.56 -27.62 -27.69 -27.75 -27.81 -27.88 -27.91 -27.97 -28.00 -28.06 -28.09 -28.12 -28.16 -28.16 -28.19 -28.19 -28.22 -28.22 -28.22 -28.22 -28.22 -28.22 -28.19 -28.16 -28.16
-23.09 -23.19 -23.38 -23.22 -23.56 -23.62 -23.72 -23.81 -23.91 -23.97 -24.06 -24.16 -24.25 -24.31 -24.41 -24.50 -24.62 -24.72 -24.81 -24.91 -25.00 -25.09 -25.19 -25.31 -25.41 -25.50 -25.59 -25.69 -25.81 -25.91 -26.00 -26.09 -26.19 -26.28 -26.38 -26.47 -26.56 -26.66 -26.75 -26.81 -26.91 -27.00 -27.06 -27.16 -27.22 -27.28 -27.34 -27.44 -27.50 -27.56 -27.59 -27.66 -27.72 -27.75 -27.81 -27.84 -27.88 -27.91 -27.94 -27.97 -28.00 -28.00 -28.03 -28.03 -28.03 -28.03 -28.03 -28.00 -28.00 -27.97 -27.97
-22.91 -22.97 -23.09 -23.16 -23.31 -23.44 -23.53 -23.62 -23.69 -23.78 -23.88 -23.94 -24.03 -24.12 -24.22 -24.31 -24.41 -24.50 -24.59 -24.69 -24.78 -24.91 -25.00 -25.09 -25.19 -25.28 -25.38 -25.50 -25.59 -25.69 -25.78 -25.88 -25.97 -26.06 -26.16 -26.25 -26.34 -26.44 -26.53 -26.59 -26.69 -26.78 -26.84 -26.94 -27.00 -27.06 -27.16 -27.22 -27.28 -27.34 -27.41 -27.44 -27.50 -27.56 -27.59 -27.62 -27.69 -27.72 -27.75 -27.75 -27.78 -27.81 -27.81 -27.84 -27.84 -27.84 -27.84 -27.81 -27.81 -27.78 -27.78
-22.75 -22.72 -22.84 -23.03 -23.00 -23.22 -23.34 -23.41 -23.50 -23.59 -23.66 -23.75 -23.84 -23.94 -24.03 -24.12 -24.19 -24.31 -24.41 -24.50 -24.59 -24.69 -24.78 -24.88 -24.97 -25.09 -25.19 -25.28 -25.38 -25.47 -25.56 -25.66 -25.75 -25.84 -25.94 -26.03 -26.12 -26.22 -26.31 -26.41 -26.47 -26.56 -26.62 -26.72 -26.78 -26.88 -26.94 -27.00 -27.06 -27.12 -27.19 -27.25 -27.28 -27.34 -27.38 -27.44 -27.47 -27.50 -27.53 -27.56 -27.59 -27.59 -27.62 -27.62 -27.62 -27.62 -27.62 -27.62 -27.62 -27.59 -27.59
-22.59 -22.59 -22.78 -22.72 -22.69 -22.94 -23.00 -23.22 -23.28 -23.38 -23.47 -23.56 -23.66 -23.72 -23.81 -23.91 -24.00 -24.09 -24.19 -24.28 -24.38 -24.47 -24.56 -24.69 -24.78 -24.88 -24.97 -25.06 -25.16 -25.25 -25.38 -25.47 -25.56 -25.66 -25.75 -25.84 -25.91 -26.00 -26.09 -26.19 -26.28 -26.34 -26.44 -26.50 -26.59 -26.66 -26.72 -26.78 -26.84 -26.91 -26.97 -27.03 -27.09 -27.12 -27.19 -27.22 -27.25 -27.31 -27.34 -27.34 -27.38 -27.41 -27.41 -27.44 -27.44 -27.44 -27.44 -27.44 -27.44 -27.41 -27.38
-22.34 -22.34 -22.62 -22.62 -22.78 -22.72 -22.94 -23.00 -23.09 -23.16 -23.28 -23.38 -23.44 -23.53 -23.62 -23.72 -23.81 -23.91 -24.00 -24.09 -24.19 -24.28 -24.38 -24.47 -24.56 -24.66 -24.75 -24.88 -24.97 -25.06 -25.16 -25.25 -25.34 -25.44 -25.53 -25.62 -25.72 -25.81 -25.88 -25.97 -26.06 -26.12 -26.22 -26.28 -26.38 -26.44 -26.50 -26.59 -26.66 -26.72 -26.78 -26.81 -26.88 -26.94 -26.97 -27.03 -27.06 -27.09 -27.12 -27.16 -27.19 -27.19 -27.22 -27.22 -27.25 -27.25 -27.25 -27.25 -27.22 -27.22 -27.19
-22.31 -22.25 -22.47 -22.50 -22.62 -22.56 -22.75 -22.84 -22.94 -23.00 -23.09 -23.19 -23.25 -23.34 -23.44 -23.53 -23.59 -23.69 -23.78 -23.88 -23.97 -24.06 -24.16 -24.25 -24.38 -24.47 -24.56 -24.66 -24.75 -24.84 -24.94 -25.03 -25.12 -25.22 -25.31 -25.41 -25.50 -25.59 -25.69 -25.75 -25.84 -25.94 -26.00 -26.09 -26.16 -26.22 -26.31 -26.38 -26.44 -26.50 -26.56 -26.62 -26.66 -26.72 -26.78 -26.81 -26.84 -26.88 -26.91 -26.94 -26.97 -27.00 -27.03 -27.03 -27.03 -27.03 -27.03 -27.03 -27.03 -27.03 -27.00
-22.09 -22.19 -22.25 -22.34 -22.44 -22.47 -22.47 -22.53 -22.62 -22.81 -22.91 -23.00 -23.06 -23.16 -23.25 -23.31 -23.41 -23.50 -23.59 -23.69 -23.78 -23.88 -23.97 -24.06 -24.16 -24.25 -24.34 -24.44 -24.53 -24.62 -24.72 -24.81 -24.94 -25.00 -25.09 -25.19 -25.28 -25.38 -25.47 -25.56 -25.62 -25.72 -25.78 -25.88 -25.94 -26.03 -26.09 -26.16 -26.22 -26.28 -26.34 -26.41 -26.47 -26.50 -26.56 -26.59 -26.66 -26.69 -26.72 -26.75 -26.78 -26.78 -26.81 -26.81 -26.84 -26.84 -26.84 -26.84 -26.84 -26.81 -26.81
-21.88 -22.03 -22.03 -22.16 -22.25 -22.25 -22.28 -22.47 -22.56 -22.62 -22.72 -22.81 -22.88 -22.97 -23.03 -23.12 -23.22 -23.31 -23.41 -23.50 -23.59 -23.69 -23.78 -23.88 -23.97 -24.06 -24.16 -24.25 -24.34 -24.44 -24.53 -24.62 -24.72 -24.81 -24.91 -25.00 -25.09 -25.16 -25.25 -25.34 -25.44 -25.50 -25.59 -25.66 -25.75 -25.81 -25.88 -25.94 -26.00 -26.06 -26.12 -26.19 -26.25 -26.31 -26.34 -26.41 -26.44 -26.47 -26.50 -26.53 -26.56 -26.59 -26.62 -26.62 -26.62 -26.66 -26.66 -26.66 -26.62 -26.62 -26.62
-21.34 -21.84 -21.69 -22.00 -22.06 -22.03 -22.12 -22.28 -22.38 -22.47 -22.53 -22.62 -22.69 -22.78 -22.84 -22.94 -23.03 -23.12 -23.19 -23.28 -23.38 -23.47 -23.56 -23.66 -23.75 -23.84 -23.94 -24.03 -24.12 -24.22 -24.31 -24.41 -24.50 -24.59 -24.69 -24.78 -24.88 -24.97 -25.03 -25.12 -25.22 -25.28 -25.38 -25.44 -25.53 -25.59 -25.69 -25.75 -25.81 -25.88 -25.94 -26.00 -26.03 -26.09 -26.16 -26.19 -26.22 -26.28 -26.31 -26.34 -26.38 -26.38 -26.41 -26.44 -26.44 -26.44 -26.44 -26.44 -26.44 -26.44 -26.41
-21.25 -21.28 -21.53 -21.72 -21.84 -21.78 -22.03 -22.12 -22.19 -22.28 -22.34 -22.44 -22.50 -22.59 -22.66 -22.75 -22.84 -22.94 -23.00 -23.09 -23.19 -23.28 -23.38 -23.47 -23.56 -23.66 -23.75 -23.84 -23.94 -24.03 -24.12 -24.22 -24.31 -24.41 -24.50 -24.56 -24.66 -24.75 -24.84 -24.94 -25.00 -25.09 -25.16 -25.25 -25.31 -25.41 -25.47 -25.53 -25.59 -25.66 -25.72 -25.78 -25.84 -25.88 -25.94 -25.97 -26.03 -26.06 -26.09 -26.12 -26.16 -26.19 -26.22 -26.22 -26.22 -26.25 -26.25 -26.25 -26.25 -26.22 -26.22
-21.03 -21.28 -21.50 -21.47 -21.56 -21.62 -21.84 -21.94 -22.03 -22.09 -22.19 -22.25 -22.31 -22.41 -22.47 -22.56 -22.66 -22.72 -22.81 -22.91 -23.00 -23.09 -23.19 -23.28 -23.38 -23.47 -23.56 -23.66 -23.75 -23.81 -23.91 -24.00 -24.09 -24.19 -24.28 -24.38 -24.47 -24.56 -24.62 -24.72 -24.81 -24.88 -24.97 -25.03 -25.12 -25.19 -25.25 -25.31 -25.41 -25.47 -25.53 -25.56 -25.62 -25.69 -25.72 -25.78 -25.81 -25.84 -25.91 -25.94 -25.97 -25.97 -26.00 -26.03 -26.03 -26.03 -26.06 -26.06 -26.03 -26.03 -26.03
-21.12 -21.06 -21.06 -21.06 -21.09 -21.44 -21.62 -21.78 -21.84 -21.94 -22.00 -22.06 -22.16 -22.22 -22.31 -22.38 -22.47 -22.56 -22.62 -22.72 -22.81 -22.91 -23.00 -23.06 -23.16 -23.25 -23.34 -23.44 -23.53 -23.62 -23.72 -23.81 -23.91 -24.00 -24.09 -24.19 -24.25 -24.34 -24.44 -24.50 -24.59 -24.69 -24.75 -24.84 -24.91 -24.97 -25.06 -25.12 -25.19 -25.25 -25.31 -25.38 -25.44 -25.47 -25.53 -25.56 -25.62 -25.66 -25.69 -25.72 -25.75 -25.78 -25.81 -25.81 -25.84 -25.84 -25.84 -25.84 -25.84 -25.84 -25.81
-20.81 -20.72 -20.97 -20.97 -21.00 -21.31 -21.38 -21.59 -21.69 -21.75 -21.81 -21.91 -21.97 -22.03 -22.12 -22.19 -22.28 -22.38 -22.44 -22.53 -22.62 -22.72 -22.81 -22.88 -22.97 -23.06 -23.16 -23.25 -23.34 -23.44 -23.53 -23.62 -23.72 -23.78 -23.88 -23.97 -24.06 -24.16 -24.22 -24.31 -24.41 -24.47 -24.56 -24.62 -24.72 -24.78 -24.84 -24.91 -24.97 -25.03 -25.09 -25.16 -25.22 -25.28 -25.31 -25.38 -25.41 -25.44 -25.50 -25.53 -25.56 -25.56 -25.59 -25.62 -25.62 -25.66 -25.66 -25.66 -25.66 -25.66 -25.62
-20.75 -20.69 -20.88 -20.75 -20.94 -21.06 -21.03 -21.41 -21.47 -21.56 -21.66 -21.72 -21.78 -21.88 -21.94 -22.03 -22.09 -22.19 -22.25 -22.34 -22.44 -22.53 -22.62 -22.69 -22.78 -22.88 -22.97 -23.06 -23.16 -23.25 -23.34 -23.41 -23.50 -23.59 -23.69 -23.78 -23.88 -23.94 -24.03 -24.12 -24.19 -24.28 -24.34 -24.44 -24.50 -24.56 -24.66 -24.72 -24.78 -24.84 -24.91 -24.97 -25.03 -25.06 -25.12 -25.16 -25.22 -25.25 -25.28 -25.31 -25.34 -25.38 -25.41 -25.41 -25.44 -25.44 -25.44 -25.47 -25.44 -25.44 -25.44
-20.47 -20.44 -20.88 -20.75 -21.00 -20.97 -21.16 -21.06 -21.31 -21.38 -21.47 -21.53 -21.62 -21.69 -21.78 -21.84 -21.91 -22.00 -22.09 -22.16 -22.25 -22.34 -22.44 -22.50 -22.59 -22.69 -22.78 -22.88 -22.97 -23.06 -23.12 -23.22 -23.31 -23.41 -23.50 -23.59 -23.66 -23.75 -23.84 -23.91 -24.00 -24.06 -24.16 -24.22 -24.31 -24.38 -24.44 -24.50 -24.59 -24.66 -24.72 -24.75 -24.81 -24.88 -24.91 -24.97 -25.00 -25.06 -25.09 -25.12 -25.16 -25.19 -25.19 -25.22 -25.25 -25.25 -25.25 -25.25 -25.25 -25.25 -25.25
-20.41 -20.53 -20.72 -20.72 -20.78 -20.91 -21.03 -20.91 -21.09 -21.22 -21.31 -21.34 -21.44 -21.53 -21.59 -21.66 -21.75 -21.81 -21.91 -22.00 -22.06 -22.16 -22.25 -22.34 -22.41 -22.50 -22.59 -22.69 -22.78 -22.84 -22.94 -23.03 -23.12 -23.22 -23.31 -23.38 -23.47 -23.56 -23.62 -23.72 -23.81 -23.88 -23.97 -24.03 -24.09 -24.19 -24.25 -24.31 -24.38 -24.44 -24.50 -24.56 -24.62 -24.66 -24.72 -24.78 -24.81 -24.84 -24.88 -24.94 -24.97 -24.97 -25.00 -25.03 -25.03 -25.06 -25.06 -25.06 -25.06 -25.06 -25.06
-20.19 -20.28 -20.41 -20.47 -20.59 -20.72 -20.84 -20.84 -20.78 -20.91 -21.00 -21.22 -21.28 -21.34 -21.44 -21.50 -21.56 -21.66 -21.72 -21.81 -21.91 -21.97 -22.06 -22.16 -22.22 -22.31 -22.41 -22.50 -22.59 -22.69 -22.75 -22.84 -22.94 -23.03 -23.09 -23.19 -23.28 -23.38 -23.44 -23.53 -23.59 -23.69 -23.75 -23.84 -23.91 -23.97 -24.06 -24.12 -24.19 -24.25 -24.31 -24.38 -24.44 -24.47 -24.53 -24.56 -24.62 -24.66 -24.69 -24.72 -24.75 -24.78 -24.81 -24.84 -24.84 -24.84 -24.88 -24.88 -24.88 -24.88 -24.84
-20.09 -20.12 -20.19 -20.47 -20.25 -20.62 -20.69 -20.69 -20.66 -20.91 -20.97 -21.03 -21.12 -21.19 -21.25 -21.31 -21.41 -21.47 -21.56 -21.62 -21.72 -21.81 -21.88 -21.97 -22.06 -22.16 -22.22 -22.31 -22.41 -22.50 -22.56 -22.66 -22.75 -22.84 -22.91 -23.00 -23.09 -23.19 -23.25 -23.34 -23.41 -23.50 -23.56 -23.66 -23.72 -23.78 -23.84 -23.94 -24.00 -24.06 -24.12 -24.16 -24.22 -24.28 -24.34 -24.38 -24.41 -24.47 -24.50 -24.53 -24.56 -24.59 -24.62 -24.62 -24.66 -24.66 -24.69 -24.69 -24.69 -24.69 -24.66
-20.03 -20.22 -19.84 -20.28 -20.09 -20.38 -20.50 -20.47 -20.50 -20.72 -20.81 -20.88 -20.94 -21.03 -21.09 -21.16 -21.22 -21.31 -21.38 -21.47 -21.53 -21.62 -21.72 -21.78 -21.88 -21.97 -22.06 -22.12 -22.22 -22.31 -22.41 -22.47 -22.56 -22.66 -22.75 -22.81 -22.91 -23.00 -23.06 -23.16 -23.22 -23.31 -23.38 -23.47 -23.53 -23.59 -23.66 -23.72 -23.81 -23.88 -23.91 -23.97 -24.03 -24.09 -24.12 -24.19 -24.22 -24.28 -24.31 -24.34 -24.38 -24.41 -24.44 -24.44 -24.47 -24.47 -24.47 -24.50 -24.50 -24.50 -24.47
-19.84 -19.78 -19.62 -19.88 -20.06 -20.00 -20.28 -20.12 -20.34 -20.56 -20.66 -20.72 -20.78 -20.84 -20.94 -21.00 -21.06 -21.16 -21.22 -21.28 -21.38 -21.47 -21.53 -21.62 -21.69 -21.78 -21.88 -21.97 -22.03 -22.12 -22.22 -22.31 -22.38 -22.47 -22.56 -22.62 -22.72 -22.81 -22.88 -22.97 -23.03 -23.12 -23.19 -23.28 -23.34 -23.41 -23.47 -23.53 -23.59 -23.66 -23.72 -23.78 -23.84 -23.91 -23.94 -24.00 -24.03 -24.06 -24.12 -24.16 -24.19 -24.22 -24.22 -24.25 -24.28 -24.28 -24.28 -24.31 -24.31 -24.31 -24.28
