everonasctiles/Tile45,39.asc
ncols 128
nrows 128
xllcorner 0
yllcorner 0
cellsize 2.0
NODATA_value  -9999
[rows 96 to 127 of 128, columns 0 to 70 of 128]
-59.94 -60.03 -60.09 -60.16 -60.19 -60.22 -60.25 -60.25 -60.22 -60.16 -60.09 -60.06 -60.22 -60.44 -60.66 -60.84 -61.03 -61.22 -61.38 -61.53 -61.66 -61.81 -61.97 -62.12 -62.31 -62.53 -62.75 -62.97 -63.22 -63.44 -63.62 -63.81 -64.00 -64.16 -64.31 -64.47 -64.62 -64.75 -64.88 -65.03 -65.16 -65.28 -65.41 -65.53 -65.62 -65.72 -65.78 -65.88 -65.94 -66.03 -66.12 -66.22 -66.31 -66.44 -66.56 -66.69 -66.81 -66.94 -67.03 -67.12 -67.22 -67.28 -67.34 -67.41 -67.47 -67.50 -67.53 -67.56 -67.56 -67.56 -67.56
-59.81 -59.88 -59.94 -60.00 -60.06 -60.06 -60.09 -60.09 -60.06 -60.03 -60.00 -60.06 -60.25 -60.47 -60.66 -60.88 -61.09 -61.25 -61.44 -61.59 -61.75 -61.91 -62.06 -62.25 -62.41 -62.62 -62.84 -63.06 -63.31 -63.53 -63.72 -63.94 -64.12 -64.28 -64.44 -64.56 -64.72 -64.84 -64.97 -65.09 -65.22 -65.34 -65.44 -65.56 -65.66 -65.75 -65.81 -65.91 -65.97 -66.03 -66.12 -66.22 -66.34 -66.44 -66.56 -66.69 -66.81 -66.94 -67.06 -67.16 -67.25 -67.31 -67.38 -67.44 -67.47 -67.50 -67.53 -67.56 -67.56 -67.56 -67.56
-59.69 -59.75 -59.81 -59.88 -59.91 -59.94 -59.94 -59.94 -59.91 -59.91 -59.94 -60.09 -60.28 -60.50 -60.72 -60.94 -61.16 -61.34 -61.50 -61.69 -61.84 -62.00 -62.19 -62.34 -62.50 -62.72 -62.91 -63.16 -63.38 -63.62 -63.81 -64.03 -64.22 -64.38 -64.53 -64.66 -64.78 -64.91 -65.03 -65.16 -65.28 -65.38 -65.47 -65.56 -65.66 -65.75 -65.81 -65.91 -65.97 -66.06 -66.16 -66.25 -66.34 -66.47 -66.56 -66.69 -66.81 -66.94 -67.06 -67.16 -67.25 -67.34 -67.41 -67.47 -67.50 -67.50 -67.53 -67.53 -67.56 -67.56 -67.56
-59.56 -59.62 -59.69 -59.75 -59.78 -59.81 -59.81 -59.81 -59.78 -59.84 -59.97 -60.12 -60.31 -60.53 -60.78 -61.00 -61.22 -61.41 -61.59 -61.75 -61.94 -62.09 -62.28 -62.44 -62.59 -62.78 -63.00 -63.22 -63.44 -63.69 -63.91 -64.09 -64.28 -64.44 -64.59 -64.72 -64.84 -64.97 -65.06 -65.19 -65.31 -65.41 -65.50 -65.59 -65.66 -65.72 -65.81 -65.91 -66.00 -66.06 -66.16 -66.25 -66.34 -66.47 -66.56 -66.69 -66.81 -66.94 -67.06 -67.16 -67.25 -67.34 -67.41 -67.47 -67.50 -67.50 -67.53 -67.53 -67.53 -67.53 -67.56
-59.44 -59.53 -59.59 -59.62 -59.66 -59.69 -59.69 -59.69 -59.72 -59.84 -60.00 -60.19 -60.41 -60.62 -60.84 -61.06 -61.28 -61.47 -61.66 -61.84 -62.00 -62.19 -62.34 -62.53 -62.69 -62.84 -63.03 -63.25 -63.47 -63.72 -63.94 -64.12 -64.31 -64.47 -64.62 -64.75 -64.88 -65.00 -65.12 -65.22 -65.34 -65.44 -65.53 -65.59 -65.66 -65.72 -65.81 -65.88 -65.97 -66.06 -66.16 -66.25 -66.38 -66.47 -66.56 -66.66 -66.78 -66.88 -67.00 -67.12 -67.22 -67.31 -67.38 -67.44 -67.47 -67.50 -67.50 -67.53 -67.53 -67.53 -67.53
-59.34 -59.41 -59.50 -59.53 -59.56 -59.59 -59.59 -59.59 -59.72 -59.88 -60.06 -60.25 -60.47 -60.69 -60.91 -61.12 -61.34 -61.53 -61.72 -61.91 -62.09 -62.25 -62.41 -62.56 -62.72 -62.91 -63.06 -63.28 -63.50 -63.72 -63.94 -64.12 -64.31 -64.50 -64.62 -64.78 -64.91 -65.00 -65.12 -65.25 -65.34 -65.44 -65.53 -65.59 -65.66 -65.72 -65.78 -65.88 -65.97 -66.06 -66.16 -66.25 -66.34 -66.47 -66.53 -66.62 -66.72 -66.81 -66.94 -67.03 -67.16 -67.25 -67.34 -67.41 -67.44 -67.47 -67.50 -67.50 -67.53 -67.50 -67.50
-59.25 -59.31 -59.41 -59.44 -59.47 -59.50 -59.53 -59.59 -59.72 -59.91 -60.09 -60.31 -60.53 -60.75 -60.97 -61.19 -61.41 -61.59 -61.78 -61.97 -62.12 -62.31 -62.47 -62.62 -62.78 -62.94 -63.09 -63.28 -63.50 -63.72 -63.94 -64.12 -64.31 -64.50 -64.62 -64.78 -64.91 -65.03 -65.12 -65.25 -65.34 -65.44 -65.50 -65.56 -65.62 -65.69 -65.78 -65.84 -65.94 -66.03 -66.12 -66.25 -66.34 -66.44 -66.50 -66.59 -66.66 -66.75 -66.88 -66.97 -67.09 -67.19 -67.28 -67.38 -67.41 -67.47 -67.47 -67.50 -67.50 -67.50 -67.50
-59.12 -59.22 -59.31 -59.38 -59.41 -59.44 -59.50 -59.62 -59.78 -59.94 -60.16 -60.38 -60.59 -60.81 -61.03 -61.25 -61.44 -61.62 -61.81 -62.00 -62.16 -62.31 -62.47 -62.62 -62.78 -62.94 -63.12 -63.31 -63.50 -63.69 -63.91 -64.09 -64.28 -64.47 -64.62 -64.78 -64.91 -65.03 -65.16 -65.25 -65.34 -65.44 -65.50 -65.56 -65.62 -65.69 -65.75 -65.84 -65.94 -66.03 -66.12 -66.22 -66.31 -66.38 -66.47 -66.53 -66.62 -66.72 -66.81 -66.91 -67.03 -67.16 -67.25 -67.31 -67.38 -67.44 -67.47 -67.47 -67.47 -67.47 -67.47
-59.03 -59.12 -59.22 -59.28 -59.38 -59.44 -59.53 -59.66 -59.81 -60.00 -60.22 -60.44 -60.66 -60.88 -61.09 -61.28 -61.47 -61.66 -61.84 -62.00 -62.16 -62.34 -62.50 -62.66 -62.81 -62.97 -63.12 -63.31 -63.47 -63.69 -63.88 -64.06 -64.28 -64.47 -64.62 -64.78 -64.91 -65.03 -65.16 -65.28 -65.38 -65.44 -65.53 -65.56 -65.62 -65.69 -65.78 -65.84 -65.94 -66.03 -66.09 -66.19 -66.25 -66.34 -66.44 -66.53 -66.62 -66.69 -66.78 -66.88 -67.00 -67.09 -67.22 -67.28 -67.34 -67.41 -67.44 -67.47 -67.47 -67.47 -67.44
-58.91 -59.03 -59.12 -59.25 -59.34 -59.47 -59.56 -59.72 -59.88 -60.06 -60.25 -60.47 -60.69 -60.91 -61.12 -61.31 -61.50 -61.66 -61.84 -62.00 -62.16 -62.31 -62.47 -62.62 -62.78 -62.97 -63.12 -63.28 -63.44 -63.62 -63.84 -64.03 -64.25 -64.44 -64.62 -64.78 -64.91 -65.06 -65.19 -65.28 -65.38 -65.47 -65.53 -65.59 -65.66 -65.72 -65.78 -65.88 -65.94 -66.03 -66.09 -66.16 -66.25 -66.31 -66.41 -66.53 -66.62 -66.69 -66.78 -66.88 -66.97 -67.09 -67.19 -67.25 -67.34 -67.38 -67.41 -67.44 -67.44 -67.44 -67.44
-58.81 -58.94 -59.06 -59.19 -59.34 -59.47 -59.59 -59.75 -59.91 -60.09 -60.31 -60.53 -60.72 -60.94 -61.16 -61.34 -61.50 -61.66 -61.81 -61.97 -62.12 -62.28 -62.44 -62.59 -62.75 -62.91 -63.06 -63.22 -63.38 -63.56 -63.78 -64.00 -64.22 -64.41 -64.59 -64.75 -64.91 -65.06 -65.19 -65.28 -65.41 -65.47 -65.56 -65.62 -65.69 -65.75 -65.81 -65.88 -65.97 -66.03 -66.09 -66.16 -66.22 -66.31 -66.41 -66.53 -66.62 -66.72 -66.81 -66.88 -66.97 -67.06 -67.16 -67.25 -67.31 -67.34 -67.38 -67.41 -67.44 -67.44 -67.41
-58.72 -58.84 -59.00 -59.16 -59.31 -59.47 -59.62 -59.78 -59.94 -60.16 -60.34 -60.56 -60.78 -60.97 -61.19 -61.34 -61.53 -61.69 -61.81 -61.97 -62.12 -62.28 -62.41 -62.56 -62.72 -62.88 -63.03 -63.16 -63.31 -63.50 -63.72 -63.97 -64.19 -64.38 -64.56 -64.75 -64.91 -65.03 -65.19 -65.28 -65.38 -65.47 -65.56 -65.62 -65.72 -65.78 -65.84 -65.91 -65.97 -66.03 -66.09 -66.16 -66.25 -66.31 -66.44 -66.53 -66.62 -66.72 -66.81 -66.88 -66.97 -67.06 -67.12 -67.22 -67.25 -67.31 -67.34 -67.38 -67.38 -67.38 -67.38
-58.62 -58.78 -58.94 -59.09 -59.28 -59.47 -59.62 -59.81 -60.00 -60.19 -60.38 -60.59 -60.81 -61.00 -61.19 -61.38 -61.53 -61.66 -61.81 -61.94 -62.09 -62.25 -62.41 -62.53 -62.69 -62.81 -62.97 -63.09 -63.28 -63.47 -63.69 -63.91 -64.16 -64.34 -64.53 -64.72 -64.88 -65.03 -65.16 -65.25 -65.38 -65.47 -65.56 -65.66 -65.72 -65.81 -65.88 -65.94 -65.97 -66.03 -66.09 -66.19 -66.25 -66.34 -66.44 -66.53 -66.62 -66.72 -66.78 -66.84 -66.94 -67.00 -67.09 -67.16 -67.19 -67.25 -67.28 -67.31 -67.31 -67.31 -67.31
-58.53 -58.69 -58.88 -59.06 -59.25 -59.44 -59.66 -59.81 -60.00 -60.22 -60.41 -60.59 -60.81 -61.00 -61.19 -61.38 -61.53 -61.66 -61.78 -61.91 -62.06 -62.22 -62.38 -62.50 -62.62 -62.78 -62.91 -63.06 -63.22 -63.44 -63.66 -63.88 -64.09 -64.31 -64.50 -64.69 -64.84 -65.00 -65.12 -65.25 -65.34 -65.44 -65.56 -65.66 -65.72 -65.81 -65.88 -65.94 -65.97 -66.03 -66.09 -66.19 -66.28 -66.34 -66.44 -66.53 -66.62 -66.69 -66.75 -66.81 -66.88 -66.97 -67.03 -67.06 -67.12 -67.16 -67.19 -67.22 -67.25 -67.25 -67.25
-58.47 -58.62 -58.81 -59.00 -59.22 -59.44 -59.62 -59.84 -60.03 -60.22 -60.41 -60.59 -60.81 -61.00 -61.19 -61.34 -61.50 -61.62 -61.75 -61.91 -62.03 -62.19 -62.31 -62.47 -62.59 -62.72 -62.84 -63.00 -63.19 -63.41 -63.59 -63.84 -64.06 -64.28 -64.47 -64.66 -64.81 -64.97 -65.09 -65.22 -65.34 -65.44 -65.53 -65.62 -65.72 -65.81 -65.88 -65.91 -65.97 -66.03 -66.12 -66.19 -66.28 -66.38 -66.44 -66.53 -66.59 -66.66 -66.72 -66.78 -66.84 -66.91 -66.94 -67.00 -67.03 -67.09 -67.12 -67.12 -67.16 -67.19 -67.19
-58.41 -58.56 -58.75 -58.97 -59.19 -59.41 -59.62 -59.81 -60.00 -60.22 -60.41 -60.59 -60.78 -60.97 -61.16 -61.31 -61.47 -61.59 -61.72 -61.88 -62.00 -62.12 -62.28 -62.41 -62.56 -62.69 -62.81 -62.97 -63.16 -63.38 -63.56 -63.81 -64.03 -64.22 -64.44 -64.62 -64.78 -64.94 -65.09 -65.22 -65.34 -65.44 -65.53 -65.62 -65.72 -65.78 -65.84 -65.91 -65.97 -66.03 -66.12 -66.22 -66.31 -66.38 -66.44 -66.50 -66.56 -66.62 -66.69 -66.75 -66.81 -66.84 -66.91 -66.94 -66.97 -67.00 -67.03 -67.06 -67.09 -67.09 -67.12
-58.38 -58.53 -58.75 -58.94 -59.16 -59.38 -59.59 -59.78 -60.00 -60.19 -60.41 -60.59 -60.78 -60.94 -61.12 -61.28 -61.41 -61.56 -61.69 -61.81 -61.94 -62.09 -62.22 -62.34 -62.50 -62.62 -62.78 -62.97 -63.16 -63.34 -63.56 -63.78 -64.00 -64.22 -64.41 -64.59 -64.78 -64.94 -65.06 -65.19 -65.31 -65.44 -65.53 -65.59 -65.69 -65.75 -65.81 -65.88 -65.97 -66.03 -66.12 -66.22 -66.31 -66.38 -66.44 -66.50 -66.56 -66.62 -66.69 -66.75 -66.78 -66.81 -66.84 -66.88 -66.91 -66.94 -66.94 -66.97 -67.00 -67.03 -67.06
-58.41 -58.56 -58.75 -58.94 -59.16 -59.38 -59.59 -59.78 -60.00 -60.19 -60.41 -60.59 -60.78 -60.94 -61.09 -61.22 -61.38 -61.50 -61.62 -61.75 -61.88 -62.00 -62.12 -62.28 -62.44 -62.59 -62.75 -62.94 -63.12 -63.31 -63.53 -63.75 -63.97 -64.19 -64.41 -64.59 -64.75 -64.91 -65.03 -65.19 -65.28 -65.41 -65.50 -65.56 -65.66 -65.72 -65.81 -65.91 -65.97 -66.06 -66.16 -66.25 -66.34 -66.41 -66.47 -66.50 -66.56 -66.62 -66.66 -66.72 -66.75 -66.78 -66.81 -66.81 -66.84 -66.88 -66.88 -66.91 -66.94 -67.00 -67.03
-58.47 -58.59 -58.78 -58.97 -59.19 -59.41 -59.62 -59.81 -60.03 -60.22 -60.44 -60.62 -60.78 -60.94 -61.06 -61.19 -61.31 -61.44 -61.56 -61.69 -61.81 -61.94 -62.06 -62.19 -62.38 -62.53 -62.72 -62.91 -63.09 -63.31 -63.53 -63.75 -63.97 -64.19 -64.38 -64.56 -64.72 -64.88 -65.00 -65.12 -65.25 -65.34 -65.44 -65.53 -65.62 -65.72 -65.81 -65.91 -66.00 -66.12 -66.22 -66.31 -66.38 -66.44 -66.47 -66.50 -66.56 -66.59 -66.66 -66.72 -66.75 -66.75 -66.78 -66.78 -66.78 -66.81 -66.84 -66.88 -66.91 -66.94 -67.00
-58.53 -58.66 -58.81 -59.03 -59.22 -59.44 -59.66 -59.88 -60.09 -60.28 -60.47 -60.66 -60.81 -60.94 -61.06 -61.19 -61.31 -61.41 -61.53 -61.66 -61.75 -61.88 -62.00 -62.16 -62.31 -62.50 -62.69 -62.91 -63.09 -63.28 -63.50 -63.72 -63.94 -64.12 -64.31 -64.50 -64.66 -64.81 -64.94 -65.06 -65.19 -65.28 -65.41 -65.50 -65.59 -65.72 -65.84 -65.94 -66.06 -66.16 -66.25 -66.34 -66.41 -66.44 -66.50 -66.53 -66.56 -66.59 -66.66 -66.69 -66.72 -66.75 -66.75 -66.75 -66.75 -66.78 -66.78 -66.84 -66.88 -66.91 -66.97
-58.59 -58.72 -58.88 -59.06 -59.28 -59.50 -59.72 -59.94 -60.16 -60.34 -60.53 -60.69 -60.84 -61.00 -61.09 -61.22 -61.31 -61.44 -61.53 -61.62 -61.75 -61.84 -61.97 -62.12 -62.31 -62.50 -62.69 -62.88 -63.09 -63.28 -63.50 -63.69 -63.91 -64.09 -64.25 -64.44 -64.59 -64.75 -64.88 -65.00 -65.12 -65.22 -65.34 -65.44 -65.59 -65.72 -65.84 -65.97 -66.09 -66.19 -66.28 -66.38 -66.44 -66.47 -66.50 -66.53 -66.56 -66.59 -66.62 -66.66 -66.69 -66.72 -66.72 -66.72 -66.72 -66.75 -66.78 -66.81 -66.84 -66.91 -66.94
-58.69 -58.81 -58.94 -59.12 -59.31 -59.53 -59.78 -60.00 -60.22 -60.41 -60.56 -60.75 -60.91 -61.03 -61.16 -61.25 -61.34 -61.47 -61.56 -61.66 -61.75 -61.88 -62.00 -62.16 -62.31 -62.50 -62.69 -62.88 -63.06 -63.28 -63.47 -63.66 -63.84 -64.03 -64.19 -64.34 -64.50 -64.66 -64.78 -64.91 -65.03 -65.12 -65.25 -65.41 -65.53 -65.69 -65.84 -66.00 -66.12 -66.22 -66.31 -66.41 -66.44 -66.50 -66.53 -66.53 -66.56 -66.59 -66.62 -66.66 -66.69 -66.69 -66.69 -66.69 -66.72 -66.75 -66.78 -66.81 -66.84 -66.91 -66.94
-58.81 -58.91 -59.00 -59.19 -59.38 -59.59 -59.81 -60.03 -60.25 -60.44 -60.62 -60.78 -60.94 -61.06 -61.19 -61.31 -61.41 -61.50 -61.59 -61.69 -61.78 -61.91 -62.03 -62.19 -62.34 -62.53 -62.69 -62.88 -63.06 -63.22 -63.41 -63.59 -63.75 -63.94 -64.09 -64.25 -64.41 -64.56 -64.69 -64.81 -64.94 -65.03 -65.19 -65.34 -65.50 -65.69 -65.84 -66.00 -66.16 -66.25 -66.34 -66.41 -66.47 -66.50 -66.53 -66.56 -66.59 -66.59 -66.62 -66.66 -66.69 -66.69 -66.72 -66.72 -66.72 -66.75 -66.78 -66.81 -66.88 -66.91 -66.97
-58.91 -59.00 -59.12 -59.25 -59.44 -59.62 -59.84 -60.06 -60.28 -60.47 -60.66 -60.81 -60.97 -61.09 -61.22 -61.34 -61.44 -61.53 -61.62 -61.72 -61.81 -61.94 -62.06 -62.22 -62.38 -62.53 -62.69 -62.84 -63.00 -63.16 -63.34 -63.50 -63.66 -63.84 -64.00 -64.16 -64.31 -64.47 -64.59 -64.72 -64.81 -64.97 -65.12 -65.28 -65.47 -65.69 -65.84 -66.03 -66.16 -66.25 -66.34 -66.41 -66.47 -66.50 -66.53 -66.56 -66.59 -66.62 -66.66 -66.69 -66.72 -66.72 -66.75 -66.75 -66.75 -66.78 -66.81 -66.84 -66.88 -66.94 -66.97
-59.00 -59.12 -59.22 -59.34 -59.50 -59.69 -59.91 -60.09 -60.28 -60.47 -60.66 -60.81 -60.97 -61.09 -61.22 -61.34 -61.44 -61.53 -61.62 -61.72 -61.84 -61.97 -62.09 -62.22 -62.34 -62.50 -62.66 -62.78 -62.94 -63.09 -63.25 -63.41 -63.56 -63.72 -63.91 -64.06 -64.22 -64.38 -64.50 -64.62 -64.75 -64.91 -65.09 -65.28 -65.47 -65.69 -65.84 -66.00 -66.16 -66.25 -66.34 -66.41 -66.44 -66.50 -66.53 -66.59 -66.62 -66.66 -66.66 -66.69 -66.72 -66.75 -66.78 -66.78 -66.78 -66.81 -66.84 -66.88 -66.91 -66.97 -67.00
-59.12 -59.22 -59.34 -59.47 -59.59 -59.78 -59.94 -60.12 -60.31 -60.50 -60.66 -60.81 -60.97 -61.09 -61.22 -61.31 -61.44 -61.53 -61.62 -61.72 -61.84 -61.94 -62.06 -62.19 -62.31 -62.44 -62.59 -62.72 -62.88 -63.00 -63.16 -63.31 -63.50 -63.66 -63.81 -63.97 -64.12 -64.28 -64.44 -64.56 -64.72 -64.91 -65.09 -65.28 -65.47 -65.69 -65.84 -66.00 -66.12 -66.22 -66.31 -66.38 -66.44 -66.50 -66.53 -66.59 -66.62 -66.66 -66.69 -66.72 -66.75 -66.78 -66.78 -66.81 -66.81 -66.84 -66.91 -66.94 -66.97 -67.00 -67.03
-59.22 -59.34 -59.47 -59.56 -59.69 -59.84 -60.00 -60.16 -60.31 -60.50 -60.66 -60.81 -60.94 -61.06 -61.19 -61.31 -61.41 -61.53 -61.62 -61.72 -61.81 -61.94 -62.03 -62.16 -62.25 -62.41 -62.53 -62.69 -62.81 -62.97 -63.12 -63.28 -63.44 -63.59 -63.78 -63.94 -64.09 -64.25 -64.41 -64.56 -64.72 -64.91 -65.09 -65.28 -65.50 -65.66 -65.84 -65.97 -66.09 -66.19 -66.28 -66.34 -66.41 -66.47 -66.53 -66.56 -66.62 -66.66 -66.69 -66.75 -66.78 -66.78 -66.81 -66.84 -66.88 -66.91 -66.94 -66.97 -67.00 -67.03 -67.06
-59.31 -59.44 -59.56 -59.69 -59.78 -59.91 -60.06 -60.19 -60.34 -60.50 -60.62 -60.78 -60.91 -61.03 -61.16 -61.28 -61.41 -61.50 -61.59 -61.69 -61.81 -61.91 -62.00 -62.12 -62.25 -62.38 -62.50 -62.66 -62.81 -62.97 -63.12 -63.28 -63.44 -63.59 -63.78 -63.94 -64.09 -64.22 -64.38 -64.56 -64.75 -64.94 -65.12 -65.31 -65.47 -65.66 -65.81 -65.94 -66.06 -66.16 -66.22 -66.31 -66.38 -66.44 -66.50 -66.56 -66.59 -66.66 -66.69 -66.72 -66.75 -66.78 -66.81 -66.88 -66.91 -66.94 -67.00 -67.03 -67.06 -67.09 -67.12
-59.41 -59.53 -59.66 -59.78 -59.88 -60.00 -60.09 -60.22 -60.34 -60.50 -60.62 -60.75 -60.88 -61.00 -61.12 -61.25 -61.38 -61.47 -61.59 -61.69 -61.78 -61.91 -62.00 -62.12 -62.25 -62.38 -62.53 -62.69 -62.84 -63.00 -63.16 -63.31 -63.47 -63.62 -63.81 -63.97 -64.09 -64.25 -64.41 -64.59 -64.75 -64.94 -65.12 -65.31 -65.47 -65.62 -65.78 -65.91 -66.00 -66.09 -66.16 -66.25 -66.34 -66.41 -66.47 -66.53 -66.56 -66.62 -66.69 -66.72 -66.75 -66.78 -66.84 -66.88 -66.94 -67.00 -67.03 -67.06 -67.09 -67.12 -67.16
-59.47 -59.62 -59.72 -59.84 -59.94 -60.06 -60.16 -60.25 -60.38 -60.47 -60.59 -60.72 -60.81 -60.94 -61.06 -61.19 -61.31 -61.44 -61.59 -61.69 -61.81 -61.94 -62.03 -62.16 -62.28 -62.41 -62.56 -62.69 -62.88 -63.03 -63.19 -63.34 -63.53 -63.69 -63.84 -64.00 -64.16 -64.31 -64.47 -64.62 -64.78 -64.97 -65.16 -65.31 -65.47 -65.59 -65.72 -65.81 -65.91 -66.00 -66.09 -66.19 -66.25 -66.34 -66.41 -66.47 -66.53 -66.59 -66.66 -66.69 -66.75 -66.78 -66.84 -66.91 -66.97 -67.03 -67.06 -67.09 -67.12 -67.16 -67.22
-59.53 -59.66 -59.78 -59.88 -59.97 -60.09 -60.19 -60.28 -60.38 -60.47 -60.56 -60.66 -60.75 -60.88 -61.00 -61.12 -61.28 -61.44 -61.56 -61.72 -61.84 -61.97 -62.09 -62.22 -62.34 -62.47 -62.59 -62.72 -62.88 -63.03 -63.22 -63.38 -63.56 -63.75 -63.91 -64.06 -64.22 -64.38 -64.50 -64.66 -64.81 -65.00 -65.16 -65.28 -65.41 -65.53 -65.62 -65.72 -65.81 -65.91 -66.00 -66.09 -66.19 -66.28 -66.34 -66.44 -66.50 -66.56 -66.62 -66.69 -66.75 -66.81 -66.88 -66.94 -67.00 -67.06 -67.09 -67.12 -67.16 -67.22 -67.25
-59.53 -59.69 -59.78 -59.88 -59.97 -60.09 -60.19 -60.25 -60.34 -60.41 -60.50 -60.59 -60.69 -60.81 -60.94 -61.06 -61.22 -61.41 -61.56 -61.72 -61.91 -62.03 -62.19 -62.31 -62.44 -62.53 -62.62 -62.75 -62.91 -63.06 -63.22 -63.41 -63.59 -63.78 -63.94 -64.12 -64.28 -64.44 -64.56 -64.72 -64.84 -65.00 -65.16 -65.28 -65.34 -65.44 -65.53 -65.62 -65.72 -65.81 -65.91 -66.00 -66.09 -66.19 -66.28 -66.38 -66.47 -66.53 -66.59 -66.69 -66.75 -66.81 -66.88 -66.97 -67.03 -67.06 -67.12 -67.16 -67.19 -67.25 -67.28
