everonasctiles/Tile22,4.asc
ncols 128
nrows 128
xllcorner 0
yllcorner 0
cellsize 2.0
NODATA_value  -9999
[rows 90 to 119 of 128, columns 0 to 67 of 128]
-127.47 -127.50 -127.50 -127.53 -127.53 -127.56 -127.59 -127.62 -127.66 -127.69 -127.69 -127.72 -127.72 -127.75 -127.75 -127.75 -127.75 -127.75 -127.72 -127.72 -127.69 -127.69 -127.66 -127.59 -127.56 -127.50 -127.41 -127.34 -127.25 -127.16 -127.03 -126.91 -126.78 -126.66 -126.50 -126.34 -126.19 -126.03 -125.84 -125.66 -125.44 -125.25 -125.00 -124.72 -124.41 -124.06 -123.66 -123.19 -122.69 -122.09 -121.47 -120.78 -120.03 -119.22 -118.34 -117.38 -116.41 -115.34 -114.28 -113.16 -112.03 -110.97 -109.91 -108.91 -107.94 -106.97 -106.03 -105.06
-127.44 -127.47 -127.50 -127.50 -127.53 -127.56 -127.59 -127.62 -127.66 -127.69 -127.69 -127.72 -127.72 -127.75 -127.75 -127.75 -127.75 -127.75 -127.75 -127.75 -127.75 -127.72 -127.69 -127.66 -127.62 -127.56 -127.50 -127.41 -127.34 -127.25 -127.16 -127.03 -126.91 -126.78 -126.66 -126.50 -126.34 -126.19 -126.00 -125.81 -125.62 -125.38 -125.12 -124.81 -124.50 -124.09 -123.66 -123.16 -122.59 -122.00 -121.38 -120.66 -119.88 -119.06 -118.12 -117.12 -116.12 -115.09 -114.03 -112.97 -111.91 -110.81 -109.78 -108.72 -107.72 -106.75 -105.78 -104.84
-127.41 -127.44 -127.47 -127.50 -127.53 -127.56 -127.59 -127.62 -127.66 -127.69 -127.69 -127.72 -127.75 -127.75 -127.75 -127.75 -127.78 -127.78 -127.78 -127.78 -127.78 -127.75 -127.72 -127.69 -127.66 -127.59 -127.56 -127.47 -127.41 -127.34 -127.25 -127.12 -127.03 -126.91 -126.78 -126.62 -126.47 -126.31 -126.16 -125.97 -125.75 -125.50 -125.22 -124.88 -124.50 -124.09 -123.59 -123.06 -122.50 -121.88 -121.22 -120.50 -119.72 -118.88 -117.94 -116.88 -115.75 -114.69 -113.69 -112.69 -111.62 -110.56 -109.50 -108.47 -107.47 -106.50 -105.53 -104.59
-127.38 -127.41 -127.44 -127.47 -127.50 -127.53 -127.56 -127.62 -127.66 -127.66 -127.69 -127.72 -127.72 -127.75 -127.75 -127.75 -127.78 -127.78 -127.78 -127.78 -127.78 -127.78 -127.75 -127.72 -127.69 -127.66 -127.59 -127.53 -127.47 -127.41 -127.31 -127.22 -127.09 -127.00 -126.88 -126.75 -126.59 -126.44 -126.25 -126.06 -125.81 -125.56 -125.25 -124.91 -124.50 -124.03 -123.53 -122.97 -122.38 -121.72 -121.00 -120.28 -119.50 -118.69 -117.81 -116.78 -115.62 -114.44 -113.28 -112.25 -111.22 -110.19 -109.16 -108.16 -107.16 -106.22 -105.28 -104.38
-127.31 -127.34 -127.41 -127.44 -127.47 -127.53 -127.56 -127.59 -127.62 -127.66 -127.69 -127.72 -127.72 -127.72 -127.75 -127.75 -127.75 -127.78 -127.78 -127.78 -127.78 -127.78 -127.75 -127.72 -127.69 -127.66 -127.62 -127.56 -127.53 -127.44 -127.38 -127.28 -127.19 -127.06 -126.97 -126.84 -126.69 -126.53 -126.34 -126.12 -125.88 -125.59 -125.25 -124.88 -124.44 -123.97 -123.44 -122.84 -122.22 -121.53 -120.78 -120.03 -119.22 -118.44 -117.56 -116.66 -115.66 -114.53 -113.34 -112.09 -110.81 -109.62 -108.56 -107.62 -106.75 -105.91 -105.03 -104.16
-127.28 -127.31 -127.38 -127.41 -127.47 -127.50 -127.56 -127.59 -127.62 -127.66 -127.69 -127.69 -127.69 -127.72 -127.72 -127.72 -127.75 -127.75 -127.75 -127.75 -127.75 -127.75 -127.72 -127.72 -127.69 -127.66 -127.62 -127.59 -127.53 -127.47 -127.41 -127.31 -127.22 -127.12 -127.03 -126.88 -126.75 -126.56 -126.34 -126.12 -125.84 -125.53 -125.19 -124.78 -124.34 -123.84 -123.28 -122.69 -122.03 -121.31 -120.56 -119.78 -118.97 -118.12 -117.28 -116.41 -115.47 -114.44 -113.38 -112.19 -110.94 -109.62 -108.44 -107.41 -106.56 -105.78 -105.00 -104.19
-127.25 -127.31 -127.34 -127.41 -127.47 -127.50 -127.53 -127.59 -127.59 -127.62 -127.66 -127.66 -127.66 -127.69 -127.69 -127.69 -127.69 -127.69 -127.72 -127.72 -127.69 -127.69 -127.69 -127.66 -127.62 -127.62 -127.59 -127.56 -127.50 -127.47 -127.38 -127.31 -127.22 -127.12 -127.03 -126.88 -126.72 -126.53 -126.31 -126.06 -125.75 -125.44 -125.06 -124.66 -124.19 -123.66 -123.06 -122.44 -121.75 -121.03 -120.28 -119.50 -118.66 -117.81 -116.94 -116.06 -115.16 -114.22 -113.22 -112.16 -111.06 -109.94 -108.84 -107.81 -106.84 -105.97 -105.09 -104.25
-127.28 -127.34 -127.38 -127.44 -127.47 -127.50 -127.53 -127.56 -127.59 -127.59 -127.62 -127.62 -127.62 -127.62 -127.62 -127.62 -127.62 -127.66 -127.62 -127.62 -127.62 -127.62 -127.59 -127.56 -127.56 -127.53 -127.50 -127.47 -127.44 -127.38 -127.31 -127.25 -127.16 -127.06 -126.94 -126.81 -126.66 -126.44 -126.22 -125.94 -125.59 -125.25 -124.84 -124.44 -123.94 -123.41 -122.78 -122.12 -121.41 -120.66 -119.88 -119.09 -118.28 -117.44 -116.56 -115.72 -114.81 -113.91 -112.97 -112.00 -111.00 -110.00 -109.00 -108.00 -107.06 -106.12 -105.19 -104.31
-127.34 -127.41 -127.44 -127.47 -127.50 -127.53 -127.56 -127.56 -127.56 -127.56 -127.56 -127.56 -127.56 -127.56 -127.56 -127.56 -127.56 -127.56 -127.56 -127.56 -127.53 -127.50 -127.50 -127.47 -127.44 -127.41 -127.38 -127.34 -127.31 -127.25 -127.19 -127.12 -127.03 -126.94 -126.81 -126.69 -126.50 -126.28 -126.03 -125.75 -125.41 -125.00 -124.59 -124.12 -123.62 -123.09 -122.47 -121.78 -121.03 -120.25 -119.44 -118.59 -117.75 -116.91 -116.06 -115.25 -114.41 -113.56 -112.66 -111.75 -110.81 -109.84 -108.91 -107.97 -107.03 -106.09 -105.19 -104.28
-127.47 -127.50 -127.53 -127.56 -127.56 -127.59 -127.56 -127.56 -127.56 -127.56 -127.53 -127.53 -127.50 -127.50 -127.50 -127.47 -127.47 -127.47 -127.47 -127.44 -127.41 -127.38 -127.34 -127.31 -127.28 -127.25 -127.22 -127.19 -127.12 -127.06 -127.03 -126.94 -126.88 -126.75 -126.62 -126.47 -126.31 -126.06 -125.81 -125.50 -125.16 -124.75 -124.28 -123.78 -123.25 -122.66 -122.03 -121.34 -120.59 -119.78 -118.94 -118.03 -117.12 -116.25 -115.41 -114.62 -113.84 -113.06 -112.25 -111.38 -110.47 -109.53 -108.59 -107.66 -106.75 -105.88 -105.00 -104.19
-127.62 -127.66 -127.66 -127.66 -127.66 -127.66 -127.62 -127.62 -127.59 -127.56 -127.50 -127.47 -127.47 -127.44 -127.41 -127.41 -127.38 -127.38 -127.34 -127.34 -127.28 -127.25 -127.19 -127.16 -127.09 -127.06 -127.00 -126.97 -126.91 -126.84 -126.81 -126.72 -126.66 -126.53 -126.41 -126.25 -126.06 -125.81 -125.56 -125.25 -124.88 -124.44 -123.94 -123.34 -122.75 -122.12 -121.50 -120.81 -120.09 -119.28 -118.44 -117.53 -116.53 -115.56 -114.69 -113.91 -113.19 -112.47 -111.72 -110.94 -110.06 -109.12 -108.16 -107.22 -106.31 -105.50 -104.75 -103.97
-127.78 -127.81 -127.81 -127.81 -127.78 -127.75 -127.72 -127.69 -127.62 -127.56 -127.53 -127.47 -127.41 -127.38 -127.34 -127.31 -127.28 -127.28 -127.25 -127.22 -127.16 -127.09 -127.03 -126.97 -126.91 -126.84 -126.78 -126.72 -126.66 -126.59 -126.53 -126.47 -126.38 -126.28 -126.16 -125.97 -125.78 -125.53 -125.25 -124.94 -124.59 -124.16 -123.62 -123.00 -122.31 -121.59 -120.88 -120.19 -119.47 -118.72 -117.91 -117.03 -116.03 -115.03 -114.09 -113.25 -112.53 -111.84 -111.16 -110.41 -109.62 -108.78 -107.88 -106.94 -106.06 -105.25 -104.47 -103.75
-127.97 -127.97 -127.97 -127.94 -127.91 -127.88 -127.81 -127.78 -127.72 -127.62 -127.56 -127.47 -127.41 -127.34 -127.28 -127.22 -127.19 -127.16 -127.12 -127.09 -127.03 -126.94 -126.88 -126.78 -126.69 -126.62 -126.53 -126.44 -126.38 -126.28 -126.22 -126.12 -126.06 -125.94 -125.81 -125.66 -125.47 -125.22 -124.91 -124.56 -124.22 -123.81 -123.31 -122.72 -122.00 -121.22 -120.38 -119.56 -118.84 -118.12 -117.38 -116.53 -115.59 -114.66 -113.69 -112.84 -112.06 -111.34 -110.66 -109.94 -109.19 -108.41 -107.59 -106.75 -105.91 -105.09 -104.34 -103.59
-128.16 -128.16 -128.16 -128.12 -128.06 -128.03 -127.97 -127.91 -127.81 -127.72 -127.62 -127.53 -127.44 -127.34 -127.25 -127.19 -127.12 -127.06 -127.00 -126.97 -126.88 -126.81 -126.69 -126.59 -126.50 -126.38 -126.28 -126.16 -126.06 -125.97 -125.88 -125.78 -125.69 -125.59 -125.47 -125.31 -125.12 -124.88 -124.59 -124.22 -123.81 -123.41 -122.97 -122.41 -121.72 -120.97 -120.12 -119.25 -118.38 -117.62 -116.88 -116.06 -115.22 -114.31 -113.41 -112.56 -111.75 -111.00 -110.25 -109.53 -108.78 -108.03 -107.28 -106.50 -105.69 -104.91 -104.12 -103.41
-128.38 -128.38 -128.34 -128.31 -128.25 -128.19 -128.12 -128.03 -127.94 -127.84 -127.72 -127.62 -127.50 -127.38 -127.25 -127.16 -127.06 -126.97 -126.91 -126.84 -126.75 -126.66 -126.53 -126.41 -126.28 -126.16 -126.03 -125.88 -125.75 -125.62 -125.53 -125.41 -125.28 -125.19 -125.06 -124.91 -124.72 -124.50 -124.22 -123.84 -123.41 -122.97 -122.53 -122.00 -121.41 -120.69 -119.91 -119.06 -118.19 -117.34 -116.50 -115.69 -114.88 -114.00 -113.12 -112.28 -111.44 -110.66 -109.88 -109.16 -108.41 -107.66 -106.91 -106.16 -105.38 -104.59 -103.84 -103.12
-128.59 -128.59 -128.56 -128.50 -128.44 -128.38 -128.28 -128.19 -128.09 -127.97 -127.84 -127.72 -127.56 -127.44 -127.28 -127.16 -127.03 -126.91 -126.81 -126.72 -126.62 -126.50 -126.38 -126.25 -126.09 -125.94 -125.78 -125.62 -125.47 -125.31 -125.16 -125.03 -124.88 -124.75 -124.62 -124.47 -124.28 -124.06 -123.81 -123.47 -123.03 -122.53 -122.06 -121.56 -120.97 -120.31 -119.59 -118.78 -117.97 -117.09 -116.22 -115.38 -114.53 -113.66 -112.81 -111.97 -111.16 -110.31 -109.47 -108.72 -107.97 -107.25 -106.50 -105.78 -105.03 -104.28 -103.53 -102.81
-128.81 -128.81 -128.75 -128.72 -128.66 -128.56 -128.47 -128.34 -128.22 -128.09 -127.97 -127.81 -127.66 -127.50 -127.34 -127.19 -127.03 -126.88 -126.75 -126.62 -126.47 -126.34 -126.22 -126.06 -125.94 -125.75 -125.56 -125.38 -125.19 -125.00 -124.81 -124.66 -124.47 -124.31 -124.16 -124.00 -123.81 -123.59 -123.34 -123.03 -122.62 -122.12 -121.59 -121.06 -120.50 -119.88 -119.19 -118.44 -117.62 -116.78 -115.91 -115.03 -114.16 -113.31 -112.47 -111.66 -110.78 -109.75 -108.91 -108.22 -107.50 -106.81 -106.12 -105.41 -104.69 -103.97 -103.22 -102.50
-129.03 -129.03 -128.97 -128.91 -128.84 -128.75 -128.62 -128.50 -128.38 -128.22 -128.06 -127.91 -127.72 -127.56 -127.38 -127.19 -127.03 -126.84 -126.69 -126.53 -126.38 -126.22 -126.06 -125.91 -125.75 -125.56 -125.38 -125.19 -124.97 -124.75 -124.53 -124.31 -124.09 -123.91 -123.72 -123.53 -123.34 -123.12 -122.84 -122.56 -122.22 -121.75 -121.22 -120.62 -120.03 -119.44 -118.75 -118.03 -117.25 -116.41 -115.56 -114.72 -113.81 -112.94 -112.12 -111.31 -110.38 -109.28 -108.28 -107.47 -106.81 -106.25 -105.59 -104.84 -104.09 -103.31 -102.56 -101.81
-129.28 -129.25 -129.19 -129.12 -129.03 -128.94 -128.81 -128.66 -128.50 -128.34 -128.16 -128.00 -127.78 -127.59 -127.41 -127.19 -127.00 -126.81 -126.62 -126.44 -126.25 -126.09 -125.91 -125.75 -125.56 -125.38 -125.19 -124.97 -124.75 -124.50 -124.25 -124.03 -123.78 -123.53 -123.31 -123.09 -122.88 -122.62 -122.34 -122.06 -121.72 -121.34 -120.84 -120.25 -119.66 -119.00 -118.31 -117.56 -116.78 -115.97 -115.16 -114.28 -113.41 -112.53 -111.72 -110.91 -110.00 -109.00 -107.97 -107.00 -106.16 -105.44 -104.75 -104.03 -103.28 -102.53 -101.78 -101.06
-129.50 -129.44 -129.41 -129.31 -129.22 -129.09 -128.94 -128.78 -128.62 -128.44 -128.25 -128.06 -127.84 -127.62 -127.41 -127.19 -126.97 -126.75 -126.56 -126.34 -126.16 -125.97 -125.78 -125.59 -125.38 -125.19 -125.00 -124.78 -124.53 -124.28 -124.03 -123.78 -123.50 -123.25 -122.97 -122.69 -122.44 -122.16 -121.84 -121.53 -121.22 -120.84 -120.41 -119.88 -119.31 -118.66 -117.97 -117.25 -116.44 -115.62 -114.75 -113.91 -113.03 -112.16 -111.31 -110.47 -109.62 -108.72 -107.75 -106.75 -105.78 -104.94 -104.19 -103.44 -102.69 -101.97 -101.25 -100.59
-129.72 -129.66 -129.56 -129.47 -129.38 -129.22 -129.06 -128.91 -128.72 -128.53 -128.31 -128.09 -127.88 -127.62 -127.38 -127.16 -126.94 -126.69 -126.47 -126.25 -126.06 -125.84 -125.62 -125.44 -125.22 -125.00 -124.81 -124.56 -124.34 -124.09 -123.81 -123.56 -123.28 -123.00 -122.69 -122.38 -122.06 -121.75 -121.34 -120.97 -120.62 -120.28 -119.91 -119.44 -118.91 -118.34 -117.69 -117.00 -116.25 -115.47 -114.66 -113.81 -112.97 -112.09 -111.25 -110.38 -109.44 -108.53 -107.59 -106.66 -105.69 -104.78 -103.94 -103.19 -102.47 -101.81 -101.22 -100.66
-129.91 -129.84 -129.75 -129.62 -129.50 -129.34 -129.19 -129.00 -128.78 -128.59 -128.34 -128.12 -127.88 -127.62 -127.38 -127.12 -126.88 -126.62 -126.41 -126.19 -125.97 -125.75 -125.53 -125.31 -125.09 -124.84 -124.62 -124.38 -124.16 -123.88 -123.62 -123.34 -123.06 -122.78 -122.47 -122.16 -121.81 -121.44 -121.03 -120.56 -120.09 -119.69 -119.34 -118.94 -118.44 -117.94 -117.34 -116.72 -116.03 -115.31 -114.56 -113.75 -112.94 -112.09 -111.22 -110.38 -109.53 -108.69 -107.72 -106.75 -105.78 -104.84 -104.00 -103.28 -102.69 -102.16 -101.66 -101.19
-130.06 -130.00 -129.88 -129.78 -129.62 -129.47 -129.28 -129.06 -128.84 -128.62 -128.38 -128.12 -127.88 -127.62 -127.34 -127.09 -126.84 -126.59 -126.34 -126.09 -125.88 -125.66 -125.41 -125.19 -124.97 -124.72 -124.47 -124.22 -123.97 -123.72 -123.44 -123.16 -122.88 -122.59 -122.28 -121.94 -121.59 -121.22 -120.78 -120.34 -119.78 -119.25 -118.78 -118.34 -117.94 -117.47 -116.94 -116.38 -115.75 -115.09 -114.38 -113.62 -112.84 -112.03 -111.19 -110.34 -109.50 -108.78 -107.88 -106.84 -105.84 -104.91 -104.16 -103.62 -103.25 -102.81 -102.34 -101.94
-130.22 -130.12 -130.00 -129.88 -129.72 -129.53 -129.34 -129.12 -128.91 -128.66 -128.41 -128.12 -127.88 -127.59 -127.31 -127.06 -126.78 -126.53 -126.28 -126.03 -125.78 -125.56 -125.31 -125.06 -124.84 -124.59 -124.31 -124.06 -123.81 -123.53 -123.25 -122.97 -122.69 -122.41 -122.09 -121.75 -121.41 -121.03 -120.62 -120.19 -119.66 -119.12 -118.53 -117.97 -117.47 -117.00 -116.53 -116.00 -115.41 -114.78 -114.12 -113.41 -112.69 -111.91 -111.09 -110.31 -109.53 -108.78 -107.78 -106.72 -105.78 -105.00 -104.53 -104.28 -104.00 -103.53 -103.06 -102.69
-130.34 -130.25 -130.12 -129.97 -129.78 -129.59 -129.41 -129.19 -128.94 -128.69 -128.41 -128.12 -127.84 -127.56 -127.28 -127.00 -126.75 -126.47 -126.19 -125.94 -125.69 -125.44 -125.19 -124.94 -124.72 -124.44 -124.19 -123.94 -123.66 -123.38 -123.09 -122.81 -122.53 -122.22 -121.91 -121.59 -121.25 -120.88 -120.47 -120.06 -119.59 -119.06 -118.50 -117.94 -117.34 -116.81 -116.28 -115.72 -115.16 -114.53 -113.88 -113.19 -112.47 -111.75 -111.00 -110.25 -109.50 -108.56 -107.53 -106.56 -105.81 -105.34 -105.19 -104.94 -104.56 -104.09 -103.66 -103.25
-130.47 -130.34 -130.22 -130.03 -129.88 -129.66 -129.44 -129.22 -128.97 -128.69 -128.44 -128.12 -127.84 -127.56 -127.25 -126.97 -126.69 -126.41 -126.12 -125.84 -125.56 -125.31 -125.06 -124.81 -124.56 -124.31 -124.06 -123.78 -123.50 -123.22 -122.94 -122.66 -122.34 -122.06 -121.72 -121.41 -121.06 -120.72 -120.34 -119.91 -119.47 -119.00 -118.47 -117.94 -117.34 -116.78 -116.19 -115.62 -115.00 -114.38 -113.72 -113.06 -112.34 -111.66 -110.94 -110.16 -109.25 -108.28 -107.34 -106.62 -106.19 -106.03 -105.78 -105.44 -105.06 -104.62 -104.19 -103.75
-130.59 -130.47 -130.31 -130.12 -129.94 -129.72 -129.47 -129.25 -128.97 -128.72 -128.44 -128.12 -127.84 -127.53 -127.22 -126.91 -126.62 -126.31 -126.03 -125.75 -125.47 -125.19 -124.91 -124.66 -124.41 -124.16 -123.88 -123.62 -123.34 -123.06 -122.78 -122.50 -122.19 -121.88 -121.56 -121.22 -120.88 -120.50 -120.12 -119.75 -119.31 -118.88 -118.38 -117.84 -117.31 -116.75 -116.16 -115.53 -114.94 -114.28 -113.66 -113.00 -112.34 -111.62 -110.88 -109.94 -109.00 -108.12 -107.44 -107.06 -106.91 -106.69 -106.34 -105.97 -105.56 -105.16 -104.69 -104.19
-130.72 -130.56 -130.38 -130.19 -130.00 -129.78 -129.53 -129.28 -129.00 -128.72 -128.44 -128.12 -127.81 -127.50 -127.19 -126.88 -126.56 -126.25 -125.94 -125.62 -125.31 -125.03 -124.75 -124.50 -124.22 -123.97 -123.69 -123.44 -123.16 -122.91 -122.62 -122.34 -122.03 -121.72 -121.38 -121.00 -120.66 -120.28 -119.91 -119.50 -119.09 -118.66 -118.19 -117.69 -117.16 -116.62 -116.03 -115.44 -114.84 -114.22 -113.59 -112.97 -112.28 -111.50 -110.62 -109.75 -108.91 -108.25 -107.91 -107.78 -107.56 -107.25 -106.91 -106.53 -106.09 -105.62 -105.09 -104.53
-130.84 -130.66 -130.47 -130.28 -130.06 -129.84 -129.59 -129.34 -129.06 -128.78 -128.47 -128.16 -127.84 -127.53 -127.19 -126.88 -126.53 -126.19 -125.84 -125.53 -125.19 -124.88 -124.59 -124.31 -124.03 -123.75 -123.50 -123.22 -122.97 -122.69 -122.44 -122.12 -121.84 -121.53 -121.19 -120.81 -120.44 -120.06 -119.66 -119.28 -118.84 -118.44 -117.97 -117.50 -117.00 -116.47 -115.91 -115.34 -114.75 -114.16 -113.56 -112.84 -112.06 -111.28 -110.47 -109.75 -109.12 -108.78 -108.66 -108.44 -108.16 -107.81 -107.47 -107.03 -106.53 -106.00 -105.41 -104.81
-130.91 -130.72 -130.53 -130.34 -130.12 -129.91 -129.66 -129.41 -129.12 -128.84 -128.56 -128.25 -127.94 -127.59 -127.25 -126.88 -126.50 -126.16 -125.78 -125.44 -125.06 -124.75 -124.41 -124.12 -123.84 -123.56 -123.31 -123.06 -122.78 -122.50 -122.25 -121.94 -121.66 -121.34 -121.00 -120.66 -120.25 -119.84 -119.44 -119.03 -118.62 -118.22 -117.78 -117.31 -116.84 -116.34 -115.81 -115.28 -114.72 -114.12 -113.47 -112.78 -112.06 -111.34 -110.69 -110.12 -109.75 -109.53 -109.28 -109.00 -108.69 -108.34 -107.91 -107.41 -106.88 -106.28 -105.69 -105.09
