everonasctiles/Tile28,37.asc
ncols 128
nrows 128
xllcorner 0
yllcorner 0
cellsize 2.0
NODATA_value  -9999
[rows 66 to 98 of 128, columns 0 to 73 of 128]
-12.16 -12.25 -12.31 -12.38 -12.41 -12.47 -12.53 -12.59 -12.62 -12.66 -12.66 -12.62 -12.69 -12.72 -12.78 -12.81 -12.88 -12.91 -12.97 -13.09 -13.16 -13.25 -13.41 -13.47 -13.56 -13.62 -13.78 -13.97 -14.12 -14.31 -14.50 -14.69 -14.84 -14.94 -15.09 -15.22 -15.38 -15.56 -15.69 -15.81 -15.94 -16.09 -16.22 -16.34 -16.38 -16.28 -16.06 -15.84 -15.69 -15.62 -15.53 -15.44 -15.25 -15.00 -14.84 -14.62 -14.50 -14.44 -14.34 -14.25 -14.22 -14.09 -14.03 -14.00 -13.97 -13.88 -13.78 -13.62 -13.44 -13.25 -13.09 -12.91 -12.78 -12.59
-11.97 -12.06 -12.09 -12.16 -12.22 -12.25 -12.31 -12.38 -12.41 -12.41 -12.47 -12.47 -12.47 -12.50 -12.53 -12.56 -12.59 -12.72 -12.81 -12.88 -12.97 -13.09 -13.19 -13.28 -13.38 -13.47 -13.59 -13.72 -13.94 -14.12 -14.31 -14.50 -14.62 -14.75 -14.88 -15.03 -15.16 -15.28 -15.47 -15.56 -15.69 -15.84 -15.97 -16.06 -16.09 -15.97 -15.75 -15.53 -15.34 -15.22 -15.16 -15.06 -14.91 -14.66 -14.44 -14.28 -14.09 -14.03 -13.97 -13.91 -13.84 -13.78 -13.72 -13.69 -13.66 -13.59 -13.50 -13.41 -13.22 -13.03 -12.84 -12.69 -12.50 -12.31
-11.84 -11.88 -11.88 -11.91 -11.97 -12.06 -12.09 -12.19 -12.25 -12.25 -12.25 -12.22 -12.22 -12.25 -12.28 -12.31 -12.44 -12.47 -12.56 -12.69 -12.75 -12.88 -12.97 -13.09 -13.16 -13.34 -13.44 -13.56 -13.75 -13.91 -14.09 -14.25 -14.38 -14.47 -14.62 -14.78 -14.94 -15.06 -15.16 -15.28 -15.41 -15.53 -15.69 -15.78 -15.75 -15.62 -15.41 -15.19 -15.00 -14.88 -14.78 -14.69 -14.53 -14.31 -14.09 -13.97 -13.78 -13.69 -13.62 -13.53 -13.47 -13.47 -13.38 -13.34 -13.31 -13.28 -13.19 -13.12 -13.00 -12.81 -12.62 -12.44 -12.25 -12.03
-11.59 -11.69 -11.75 -11.78 -11.81 -11.91 -11.97 -11.97 -12.00 -12.00 -12.03 -12.09 -12.16 -12.16 -12.12 -12.16 -12.16 -12.25 -12.38 -12.50 -12.56 -12.66 -12.75 -12.88 -13.00 -13.16 -13.28 -13.41 -13.53 -13.66 -13.84 -14.00 -14.09 -14.25 -14.41 -14.53 -14.66 -14.78 -14.88 -14.97 -15.06 -15.19 -15.34 -15.44 -15.41 -15.28 -15.09 -14.88 -14.66 -14.50 -14.41 -14.31 -14.19 -13.97 -13.78 -13.66 -13.50 -13.34 -13.28 -13.19 -13.12 -13.09 -13.03 -13.00 -12.97 -12.94 -12.88 -12.78 -12.69 -12.59 -12.41 -12.22 -12.00 -11.78
-11.44 -11.59 -11.66 -11.69 -11.75 -11.75 -11.78 -11.81 -11.81 -11.78 -11.84 -11.91 -11.88 -11.94 -12.00 -12.00 -12.03 -12.12 -12.19 -12.28 -12.34 -12.47 -12.56 -12.66 -12.84 -12.97 -13.12 -13.25 -13.34 -13.47 -13.62 -13.75 -13.84 -14.00 -14.12 -14.25 -14.38 -14.47 -14.56 -14.66 -14.72 -14.84 -14.94 -15.06 -15.06 -14.97 -14.75 -14.50 -14.31 -14.16 -14.00 -13.91 -13.81 -13.66 -13.47 -13.31 -13.22 -13.03 -12.91 -12.88 -12.81 -12.75 -12.72 -12.66 -12.62 -12.59 -12.56 -12.47 -12.38 -12.25 -12.12 -11.97 -11.78 -11.53
-11.41 -11.47 -11.53 -11.56 -11.53 -11.59 -11.66 -11.62 -11.59 -11.56 -11.62 -11.59 -11.69 -11.75 -11.78 -11.91 -11.91 -11.97 -12.03 -12.09 -12.19 -12.25 -12.34 -12.53 -12.72 -12.84 -12.94 -13.03 -13.12 -13.25 -13.38 -13.50 -13.59 -13.72 -13.78 -13.91 -14.03 -14.12 -14.22 -14.31 -14.41 -14.50 -14.59 -14.72 -14.72 -14.62 -14.44 -14.16 -13.97 -13.84 -13.66 -13.56 -13.47 -13.38 -13.16 -13.00 -12.91 -12.72 -12.59 -12.53 -12.50 -12.44 -12.38 -12.34 -12.28 -12.25 -12.19 -12.12 -12.03 -11.91 -11.81 -11.66 -11.50 -11.28
-11.31 -11.41 -11.47 -11.47 -11.50 -11.53 -11.56 -11.56 -11.50 -11.53 -11.53 -11.56 -11.59 -11.66 -11.62 -11.62 -11.66 -11.66 -11.75 -11.84 -11.97 -12.09 -12.28 -12.44 -12.56 -12.69 -12.72 -12.81 -12.91 -13.00 -13.12 -13.25 -13.34 -13.44 -13.53 -13.59 -13.69 -13.75 -13.84 -13.91 -14.03 -14.16 -14.25 -14.34 -14.34 -14.25 -14.09 -13.81 -13.59 -13.44 -13.34 -13.25 -13.12 -13.03 -12.88 -12.69 -12.56 -12.47 -12.34 -12.25 -12.19 -12.12 -12.06 -12.03 -11.97 -11.91 -11.84 -11.78 -11.69 -11.59 -11.47 -11.31 -11.16 -11.00
-11.19 -11.28 -11.41 -11.41 -11.44 -11.44 -11.41 -11.38 -11.38 -11.44 -11.44 -11.44 -11.44 -11.41 -11.41 -11.44 -11.50 -11.59 -11.69 -11.78 -11.88 -11.94 -12.09 -12.25 -12.38 -12.44 -12.47 -12.56 -12.66 -12.75 -12.84 -12.94 -13.06 -13.12 -13.19 -13.25 -13.31 -13.41 -13.44 -13.53 -13.66 -13.78 -13.91 -14.00 -14.03 -13.91 -13.69 -13.44 -13.25 -13.12 -13.00 -12.91 -12.78 -12.69 -12.56 -12.41 -12.28 -12.16 -12.06 -11.94 -11.88 -11.81 -11.75 -11.72 -11.66 -11.59 -11.53 -11.44 -11.38 -11.25 -11.12 -10.97 -10.81 -10.62
-11.12 -11.22 -11.31 -11.38 -11.38 -11.28 -11.28 -11.34 -11.34 -11.34 -11.34 -11.34 -11.28 -11.25 -11.31 -11.34 -11.38 -11.41 -11.53 -11.62 -11.72 -11.81 -11.94 -12.06 -12.12 -12.22 -12.31 -12.38 -12.38 -12.47 -12.53 -12.62 -12.69 -12.78 -12.84 -12.91 -12.94 -13.00 -13.03 -13.19 -13.28 -13.38 -13.50 -13.66 -13.69 -13.59 -13.41 -13.19 -12.97 -12.84 -12.72 -12.59 -12.47 -12.38 -12.25 -12.16 -11.97 -11.84 -11.75 -11.69 -11.59 -11.53 -11.47 -11.41 -11.34 -11.28 -11.19 -11.12 -11.03 -10.94 -10.81 -10.62 -10.47 -10.25
-11.12 -11.16 -11.22 -11.28 -11.25 -11.19 -11.22 -11.19 -11.25 -11.28 -11.28 -11.28 -11.22 -11.22 -11.16 -11.19 -11.25 -11.28 -11.38 -11.47 -11.53 -11.66 -11.78 -11.84 -11.91 -11.97 -12.06 -12.16 -12.16 -12.25 -12.22 -12.22 -12.28 -12.38 -12.41 -12.50 -12.56 -12.69 -12.75 -12.84 -12.94 -13.06 -13.19 -13.31 -13.41 -13.38 -13.19 -12.91 -12.72 -12.56 -12.44 -12.31 -12.22 -12.09 -11.97 -11.88 -11.75 -11.59 -11.47 -11.38 -11.31 -11.22 -11.19 -11.09 -11.03 -10.97 -10.88 -10.81 -10.69 -10.59 -10.47 -10.31 -10.09 -9.88
-11.06 -11.09 -11.16 -11.19 -11.16 -11.16 -11.12 -11.12 -11.19 -11.19 -11.22 -11.16 -11.16 -11.16 -11.06 -11.12 -11.19 -11.22 -11.25 -11.34 -11.41 -11.47 -11.56 -11.66 -11.69 -11.75 -11.81 -11.88 -11.91 -11.97 -12.00 -11.97 -11.97 -12.00 -12.03 -12.12 -12.25 -12.31 -12.38 -12.53 -12.62 -12.78 -12.91 -13.03 -13.12 -13.12 -13.00 -12.69 -12.47 -12.31 -12.16 -12.06 -11.94 -11.81 -11.69 -11.59 -11.47 -11.34 -11.22 -11.12 -11.00 -10.94 -10.88 -10.81 -10.75 -10.66 -10.59 -10.50 -10.38 -10.25 -10.09 -9.94 -9.75 -9.50
-10.94 -10.94 -11.03 -11.03 -11.03 -11.03 -11.03 -11.06 -11.09 -11.09 -11.06 -11.03 -11.06 -11.03 -11.03 -11.09 -11.12 -11.16 -11.22 -11.25 -11.31 -11.38 -11.44 -11.47 -11.50 -11.56 -11.59 -11.62 -11.62 -11.62 -11.62 -11.62 -11.66 -11.69 -11.75 -11.81 -11.91 -12.00 -12.09 -12.19 -12.31 -12.47 -12.59 -12.72 -12.81 -12.88 -12.84 -12.56 -12.31 -12.09 -11.94 -11.81 -11.69 -11.59 -11.47 -11.34 -11.22 -11.12 -11.00 -10.88 -10.78 -10.69 -10.56 -10.50 -10.44 -10.38 -10.28 -10.19 -10.06 -9.94 -9.78 -9.59 -9.38 -9.12
-10.97 -10.97 -11.00 -11.00 -11.00 -11.03 -11.00 -11.00 -11.03 -11.00 -10.94 -10.91 -10.94 -10.97 -11.00 -11.00 -11.03 -11.06 -11.09 -11.16 -11.22 -11.22 -11.25 -11.28 -11.34 -11.34 -11.38 -11.41 -11.38 -11.34 -11.31 -11.28 -11.34 -11.41 -11.44 -11.50 -11.59 -11.72 -11.81 -11.91 -12.03 -12.16 -12.28 -12.41 -12.56 -12.69 -12.66 -12.47 -12.12 -11.88 -11.72 -11.59 -11.47 -11.38 -11.25 -11.12 -11.00 -10.91 -10.78 -10.69 -10.56 -10.44 -10.31 -10.22 -10.12 -10.06 -9.97 -9.88 -9.75 -9.62 -9.47 -9.28 -9.03 -8.75
-10.88 -10.94 -10.97 -10.91 -10.88 -10.91 -10.94 -10.88 -10.94 -10.91 -10.84 -10.81 -10.88 -10.91 -10.94 -10.97 -11.00 -11.03 -11.03 -11.06 -11.06 -11.03 -11.06 -11.09 -11.16 -11.16 -11.16 -11.09 -11.06 -11.03 -11.06 -11.06 -11.06 -11.06 -11.16 -11.22 -11.31 -11.44 -11.53 -11.62 -11.72 -11.84 -11.97 -12.12 -12.31 -12.47 -12.50 -12.31 -12.00 -11.66 -11.50 -11.38 -11.25 -11.12 -11.03 -10.91 -10.81 -10.69 -10.56 -10.44 -10.31 -10.19 -10.06 -9.94 -9.81 -9.72 -9.62 -9.53 -9.41 -9.25 -9.09 -8.91 -8.66 -8.38
-10.94 -10.91 -10.88 -10.81 -10.84 -10.91 -10.97 -10.97 -10.94 -10.91 -10.81 -10.81 -10.81 -10.84 -10.88 -10.88 -10.91 -10.94 -10.97 -10.94 -10.88 -10.88 -10.91 -10.91 -10.94 -10.94 -10.88 -10.81 -10.78 -10.81 -10.78 -10.78 -10.81 -10.84 -10.91 -11.00 -11.09 -11.16 -11.25 -11.34 -11.44 -11.53 -11.69 -11.91 -12.09 -12.22 -12.31 -12.22 -11.81 -11.47 -11.31 -11.19 -11.06 -10.91 -10.78 -10.66 -10.56 -10.44 -10.34 -10.22 -10.09 -9.97 -9.81 -9.69 -9.53 -9.38 -9.25 -9.16 -9.06 -8.94 -8.78 -8.62 -8.41 -8.16
-10.88 -10.91 -10.84 -10.88 -10.91 -10.88 -10.88 -10.91 -10.88 -10.84 -10.81 -10.84 -10.78 -10.75 -10.72 -10.75 -10.75 -10.78 -10.81 -10.81 -10.78 -10.78 -10.78 -10.78 -10.78 -10.72 -10.59 -10.53 -10.50 -10.56 -10.53 -10.56 -10.56 -10.62 -10.69 -10.75 -10.81 -10.91 -10.97 -11.06 -11.19 -11.31 -11.50 -11.69 -11.84 -12.00 -12.12 -12.09 -11.66 -11.28 -11.09 -10.97 -10.81 -10.69 -10.56 -10.44 -10.31 -10.22 -10.09 -9.97 -9.84 -9.72 -9.59 -9.44 -9.31 -9.12 -8.97 -8.81 -8.72 -8.59 -8.47 -8.34 -8.16 -7.94
-10.97 -11.00 -10.91 -10.84 -10.88 -10.91 -10.88 -10.88 -10.88 -10.84 -10.78 -10.84 -10.84 -10.78 -10.72 -10.66 -10.66 -10.69 -10.72 -10.66 -10.62 -10.62 -10.59 -10.59 -10.56 -10.47 -10.38 -10.31 -10.28 -10.28 -10.28 -10.28 -10.34 -10.41 -10.47 -10.50 -10.56 -10.62 -10.75 -10.88 -10.97 -11.09 -11.28 -11.44 -11.59 -11.78 -11.91 -11.97 -11.50 -11.09 -10.88 -10.72 -10.59 -10.47 -10.34 -10.22 -10.12 -10.00 -9.88 -9.75 -9.62 -9.50 -9.38 -9.25 -9.09 -8.94 -8.75 -8.59 -8.44 -8.34 -8.22 -8.09 -7.94 -7.72
-11.00 -11.03 -10.97 -10.97 -10.94 -10.91 -10.91 -10.88 -10.84 -10.81 -10.81 -10.78 -10.78 -10.75 -10.72 -10.62 -10.62 -10.59 -10.56 -10.47 -10.41 -10.41 -10.38 -10.38 -10.28 -10.19 -10.09 -10.09 -10.06 -10.03 -10.00 -10.06 -10.09 -10.16 -10.19 -10.25 -10.34 -10.41 -10.47 -10.62 -10.78 -10.91 -11.06 -11.25 -11.41 -11.56 -11.72 -11.81 -11.34 -10.91 -10.66 -10.50 -10.34 -10.22 -10.12 -10.03 -9.91 -9.78 -9.69 -9.53 -9.41 -9.28 -9.19 -9.03 -8.91 -8.75 -8.59 -8.41 -8.22 -8.09 -7.97 -7.84 -7.72 -7.53
-10.94 -10.94 -10.94 -10.94 -10.94 -10.97 -10.94 -10.84 -10.84 -10.81 -10.78 -10.75 -10.72 -10.69 -10.66 -10.59 -10.53 -10.50 -10.41 -10.31 -10.25 -10.22 -10.16 -10.09 -10.03 -9.94 -9.88 -9.84 -9.81 -9.75 -9.78 -9.81 -9.84 -9.88 -9.94 -10.03 -10.09 -10.19 -10.34 -10.47 -10.59 -10.69 -10.84 -11.03 -11.19 -11.31 -11.47 -11.59 -11.16 -10.72 -10.47 -10.25 -10.09 -9.97 -9.88 -9.78 -9.69 -9.59 -9.50 -9.38 -9.25 -9.12 -9.00 -8.88 -8.72 -8.56 -8.44 -8.25 -8.09 -7.91 -7.78 -7.66 -7.53 -7.38
-10.91 -10.97 -10.97 -10.94 -10.88 -10.91 -10.94 -10.88 -10.81 -10.78 -10.72 -10.66 -10.62 -10.62 -10.56 -10.50 -10.44 -10.38 -10.25 -10.19 -10.09 -10.03 -9.94 -9.88 -9.81 -9.69 -9.66 -9.62 -9.53 -9.44 -9.47 -9.50 -9.56 -9.59 -9.66 -9.75 -9.91 -10.06 -10.16 -10.28 -10.38 -10.47 -10.62 -10.81 -10.97 -11.09 -11.25 -11.41 -11.00 -10.59 -10.28 -10.03 -9.81 -9.72 -9.62 -9.56 -9.47 -9.38 -9.28 -9.19 -9.06 -8.97 -8.84 -8.69 -8.56 -8.44 -8.28 -8.09 -7.94 -7.75 -7.62 -7.50 -7.38 -7.22
-10.97 -10.97 -11.00 -10.97 -10.94 -10.91 -10.91 -10.88 -10.78 -10.75 -10.69 -10.66 -10.56 -10.50 -10.44 -10.38 -10.31 -10.25 -10.12 -10.03 -9.94 -9.84 -9.78 -9.62 -9.53 -9.47 -9.41 -9.31 -9.19 -9.22 -9.28 -9.31 -9.38 -9.41 -9.47 -9.59 -9.72 -9.81 -9.94 -10.06 -10.16 -10.25 -10.38 -10.53 -10.72 -10.88 -11.03 -11.19 -10.81 -10.50 -10.12 -9.81 -9.56 -9.47 -9.41 -9.31 -9.25 -9.16 -9.09 -9.00 -8.91 -8.81 -8.69 -8.56 -8.41 -8.28 -8.12 -7.97 -7.81 -7.62 -7.47 -7.34 -7.22 -7.09
-10.97 -11.00 -11.03 -11.00 -10.97 -10.91 -10.91 -10.88 -10.75 -10.69 -10.62 -10.59 -10.50 -10.44 -10.38 -10.28 -10.19 -10.09 -10.00 -9.88 -9.75 -9.66 -9.53 -9.38 -9.28 -9.19 -9.09 -8.97 -8.91 -9.00 -9.03 -9.06 -9.12 -9.16 -9.25 -9.34 -9.47 -9.59 -9.72 -9.84 -9.94 -10.06 -10.19 -10.31 -10.47 -10.66 -10.81 -10.94 -10.66 -10.31 -9.97 -9.59 -9.34 -9.25 -9.16 -9.09 -9.03 -8.97 -8.91 -8.81 -8.75 -8.66 -8.53 -8.41 -8.28 -8.12 -7.97 -7.81 -7.69 -7.53 -7.34 -7.25 -7.12 -6.97
-11.00 -11.00 -11.03 -11.00 -11.00 -10.94 -10.88 -10.78 -10.75 -10.66 -10.56 -10.50 -10.41 -10.34 -10.28 -10.19 -10.09 -9.97 -9.88 -9.72 -9.56 -9.47 -9.31 -9.16 -9.03 -8.91 -8.78 -8.66 -8.72 -8.75 -8.78 -8.81 -8.88 -8.94 -9.03 -9.12 -9.25 -9.38 -9.50 -9.59 -9.72 -9.84 -10.00 -10.09 -10.25 -10.44 -10.59 -10.72 -10.50 -10.16 -9.84 -9.44 -9.16 -9.03 -8.97 -8.91 -8.84 -8.78 -8.72 -8.66 -8.56 -8.47 -8.38 -8.25 -8.12 -7.97 -7.81 -7.69 -7.56 -7.44 -7.28 -7.12 -7.00 -6.84
-11.09 -11.06 -11.06 -11.00 -10.97 -10.94 -10.81 -10.75 -10.66 -10.56 -10.47 -10.38 -10.28 -10.19 -10.12 -10.06 -10.00 -9.81 -9.66 -9.53 -9.41 -9.28 -9.12 -8.94 -8.81 -8.72 -8.53 -8.44 -8.50 -8.53 -8.56 -8.59 -8.62 -8.72 -8.81 -8.94 -9.06 -9.19 -9.28 -9.38 -9.50 -9.62 -9.78 -9.91 -10.06 -10.22 -10.34 -10.50 -10.38 -10.00 -9.66 -9.28 -9.03 -8.88 -8.78 -8.72 -8.69 -8.62 -8.56 -8.50 -8.41 -8.31 -8.22 -8.09 -7.97 -7.81 -7.69 -7.59 -7.47 -7.34 -7.19 -7.03 -6.91 -6.75
-11.06 -11.06 -11.06 -10.97 -10.91 -10.81 -10.78 -10.72 -10.62 -10.56 -10.41 -10.25 -10.16 -10.06 -9.97 -9.91 -9.84 -9.69 -9.50 -9.38 -9.28 -9.12 -8.94 -8.72 -8.59 -8.44 -8.31 -8.28 -8.28 -8.31 -8.34 -8.38 -8.41 -8.53 -8.66 -8.75 -8.84 -8.97 -9.09 -9.19 -9.31 -9.44 -9.59 -9.69 -9.84 -10.00 -10.16 -10.31 -10.25 -9.88 -9.53 -9.19 -8.94 -8.75 -8.66 -8.59 -8.53 -8.50 -8.44 -8.38 -8.31 -8.22 -8.09 -7.97 -7.78 -7.66 -7.59 -7.50 -7.41 -7.28 -7.16 -6.97 -6.81 -6.66
-11.06 -11.06 -11.03 -10.94 -10.88 -10.84 -10.75 -10.66 -10.59 -10.50 -10.38 -10.16 -10.03 -9.94 -9.81 -9.75 -9.66 -9.50 -9.38 -9.28 -9.16 -8.91 -8.72 -8.53 -8.34 -8.22 -8.16 -8.09 -8.09 -8.09 -8.12 -8.12 -8.22 -8.34 -8.44 -8.53 -8.66 -8.78 -8.88 -8.97 -9.12 -9.25 -9.38 -9.53 -9.69 -9.81 -9.94 -10.12 -10.16 -9.81 -9.41 -9.09 -8.88 -8.66 -8.56 -8.47 -8.44 -8.41 -8.34 -8.28 -8.19 -8.06 -7.94 -7.78 -7.62 -7.53 -7.47 -7.41 -7.34 -7.22 -7.09 -6.91 -6.72 -6.56
-10.97 -11.00 -11.00 -10.97 -10.91 -10.84 -10.75 -10.59 -10.50 -10.38 -10.22 -10.12 -10.00 -9.88 -9.75 -9.66 -9.47 -9.34 -9.22 -9.06 -8.88 -8.66 -8.47 -8.28 -8.09 -8.00 -7.91 -7.88 -7.88 -7.88 -7.91 -7.97 -8.06 -8.19 -8.25 -8.38 -8.47 -8.59 -8.72 -8.81 -8.94 -9.06 -9.16 -9.34 -9.50 -9.66 -9.78 -9.91 -9.97 -9.75 -9.34 -9.03 -8.81 -8.62 -8.50 -8.41 -8.34 -8.31 -8.25 -8.19 -8.09 -7.97 -7.81 -7.62 -7.50 -7.44 -7.38 -7.34 -7.28 -7.19 -7.03 -6.84 -6.66 -6.47
-11.00 -11.00 -11.00 -10.94 -10.88 -10.81 -10.69 -10.56 -10.38 -10.25 -10.09 -10.03 -9.91 -9.78 -9.66 -9.53 -9.34 -9.16 -9.00 -8.84 -8.69 -8.53 -8.38 -8.19 -8.00 -7.81 -7.72 -7.72 -7.69 -7.69 -7.72 -7.78 -7.91 -8.00 -8.09 -8.19 -8.31 -8.41 -8.50 -8.62 -8.75 -8.84 -9.00 -9.16 -9.31 -9.44 -9.59 -9.72 -9.81 -9.66 -9.28 -8.97 -8.78 -8.62 -8.47 -8.38 -8.28 -8.25 -8.19 -8.12 -7.97 -7.81 -7.69 -7.47 -7.38 -7.34 -7.31 -7.25 -7.19 -7.09 -6.97 -6.75 -6.56 -6.38
-11.06 -11.03 -10.97 -10.91 -10.81 -10.72 -10.62 -10.50 -10.31 -10.09 -10.00 -9.91 -9.81 -9.69 -9.59 -9.44 -9.25 -9.06 -8.91 -8.75 -8.56 -8.34 -8.19 -8.00 -7.84 -7.66 -7.53 -7.50 -7.47 -7.47 -7.50 -7.59 -7.72 -7.84 -7.91 -8.00 -8.12 -8.25 -8.38 -8.47 -8.59 -8.69 -8.84 -9.00 -9.12 -9.25 -9.41 -9.53 -9.66 -9.56 -9.28 -8.94 -8.75 -8.62 -8.50 -8.38 -8.28 -8.19 -8.12 -8.03 -7.88 -7.72 -7.56 -7.38 -7.28 -7.25 -7.22 -7.19 -7.12 -7.00 -6.88 -6.69 -6.47 -6.28
-11.09 -11.00 -10.94 -10.88 -10.75 -10.66 -10.50 -10.38 -10.19 -10.03 -9.91 -9.78 -9.69 -9.56 -9.47 -9.34 -9.16 -8.94 -8.78 -8.66 -8.44 -8.22 -8.03 -7.84 -7.69 -7.47 -7.38 -7.31 -7.28 -7.28 -7.31 -7.41 -7.56 -7.69 -7.75 -7.84 -7.97 -8.06 -8.19 -8.31 -8.41 -8.53 -8.66 -8.78 -8.91 -9.06 -9.22 -9.34 -9.50 -9.47 -9.28 -8.97 -8.72 -8.59 -8.50 -8.38 -8.28 -8.19 -8.09 -7.97 -7.78 -7.62 -7.44 -7.28 -7.22 -7.19 -7.16 -7.09 -7.03 -6.94 -6.78 -6.59 -6.38 -6.19
-11.09 -11.03 -10.97 -10.81 -10.69 -10.56 -10.41 -10.22 -10.06 -9.97 -9.84 -9.72 -9.59 -9.47 -9.34 -9.25 -9.06 -8.81 -8.72 -8.56 -8.34 -8.12 -7.91 -7.72 -7.53 -7.34 -7.16 -7.09 -7.06 -7.09 -7.12 -7.25 -7.38 -7.53 -7.62 -7.72 -7.84 -7.94 -8.06 -8.16 -8.25 -8.38 -8.50 -8.66 -8.75 -8.91 -9.03 -9.16 -9.31 -9.38 -9.28 -9.03 -8.75 -8.59 -8.50 -8.41 -8.31 -8.19 -8.12 -7.94 -7.75 -7.59 -7.38 -7.22 -7.16 -7.12 -7.09 -7.03 -6.94 -6.81 -6.66 -6.47 -6.25 -6.09
-11.03 -10.97 -10.88 -10.75 -10.62 -10.50 -10.31 -10.09 -10.00 -9.88 -9.75 -9.59 -9.47 -9.31 -9.19 -9.06 -8.84 -8.66 -8.56 -8.44 -8.25 -8.00 -7.81 -7.59 -7.41 -7.22 -7.06 -7.00 -6.97 -6.97 -7.00 -7.12 -7.28 -7.41 -7.50 -7.62 -7.72 -7.84 -7.94 -8.03 -8.12 -8.25 -8.38 -8.50 -8.59 -8.75 -8.88 -9.00 -9.16 -9.25 -9.25 -9.09 -8.84 -8.66 -8.53 -8.41 -8.34 -8.25 -8.16 -7.91 -7.75 -7.56 -7.34 -7.19 -7.12 -7.09 -7.03 -6.97 -6.88 -6.72 -6.53 -6.34 -6.12 -5.97
-10.91 -10.84 -10.69 -10.59 -10.47 -10.31 -10.12 -10.06 -9.91 -9.75 -9.62 -9.47 -9.31 -9.19 -8.97 -8.84 -8.69 -8.56 -8.47 -8.34 -8.12 -7.88 -7.69 -7.47 -7.25 -7.12 -6.97 -6.94 -6.88 -6.84 -6.88 -7.03 -7.19 -7.31 -7.44 -7.53 -7.62 -7.72 -7.78 -7.88 -7.97 -8.06 -8.19 -8.31 -8.47 -8.59 -8.72 -8.84 -9.00 -9.16 -9.19 -9.12 -8.91 -8.69 -8.56 -8.47 -8.34 -8.25 -8.19 -7.94 -7.75 -7.53 -7.31 -7.19 -7.09 -7.06 -7.00 -6.94 -6.78 -6.62 -6.44 -6.22 -6.00 -5.84
