everonasctiles/Tile13,7.asc
ncols 128
nrows 128
xllcorner 0
yllcorner 0
cellsize 2.0
NODATA_value  -9999
[rows 68 to 101 of 128, columns 0 to 75 of 128]
-2.16 -2.25 -2.31 -2.62 -2.75 -2.81 -3.06 -3.16 -3.22 -3.28 -3.31 -3.47 -3.69 -3.81 -3.84 -3.94 -4.09 -4.06 -4.16 -4.25 -4.38 -4.50 -4.59 -4.69 -4.59 -4.72 -4.69 -4.59 -4.56 -4.62 -4.47 -4.16 -4.16 -4.28 -4.28 -4.53 -4.66 -4.62 -4.62 -4.56 -4.47 -4.44 -4.34 -4.25 -4.25 -4.31 -4.34 -4.22 -4.25 -4.31 -4.34 -4.41 -4.44 -4.44 -4.47 -4.56 -4.50 -4.47 -4.41 -4.38 -4.38 -4.25 -4.19 -4.12 -4.16 -4.16 -4.25 -4.41 -4.34 -4.47 -4.62 -4.88 -5.06 -5.12 -5.09 -5.19
-2.22 -2.25 -2.47 -2.66 -2.88 -3.09 -3.09 -3.00 -3.06 -3.25 -3.50 -3.62 -3.66 -3.72 -3.81 -4.12 -4.31 -4.25 -4.41 -4.31 -4.47 -4.56 -4.75 -4.81 -4.75 -4.88 -4.91 -5.03 -4.94 -4.78 -4.62 -4.53 -4.44 -4.50 -4.53 -4.62 -4.75 -4.69 -4.66 -4.53 -4.47 -4.41 -4.41 -4.28 -4.31 -4.38 -4.44 -4.41 -4.41 -4.38 -4.44 -4.38 -4.38 -4.38 -4.34 -4.34 -4.25 -4.34 -4.31 -4.31 -4.31 -4.25 -4.12 -4.16 -4.09 -4.12 -4.09 -4.19 -4.22 -4.38 -4.50 -4.59 -4.78 -4.97 -4.97 -5.09
-1.81 -2.31 -2.41 -2.53 -2.94 -3.19 -3.34 -3.44 -3.59 -3.59 -3.69 -3.81 -3.78 -3.97 -4.06 -4.19 -4.31 -4.34 -4.25 -4.25 -4.41 -4.50 -4.75 -4.91 -4.91 -4.97 -5.03 -5.00 -5.06 -5.03 -4.81 -4.75 -4.59 -4.62 -4.66 -4.62 -4.72 -4.72 -4.78 -4.72 -4.62 -4.59 -4.41 -4.50 -4.50 -4.41 -4.56 -4.53 -4.53 -4.53 -4.53 -4.47 -4.44 -4.38 -4.31 -4.22 -4.22 -4.25 -4.22 -4.19 -4.22 -4.19 -4.09 -4.06 -4.03 -3.97 -4.00 -3.97 -4.09 -4.28 -4.38 -4.56 -4.81 -5.00 -5.09 -5.12
-1.72 -2.12 -2.31 -2.44 -2.75 -3.03 -3.34 -3.47 -3.69 -3.78 -3.84 -3.75 -3.84 -3.94 -4.06 -4.25 -4.34 -4.34 -4.31 -4.41 -4.62 -4.72 -4.94 -5.00 -5.09 -5.06 -4.94 -4.97 -5.19 -5.09 -4.94 -4.84 -4.81 -4.66 -4.62 -4.72 -4.75 -4.84 -4.88 -5.00 -4.81 -4.81 -4.75 -4.78 -4.75 -4.75 -4.72 -4.59 -4.59 -4.62 -4.66 -4.56 -4.50 -4.44 -4.38 -4.16 -4.06 -4.03 -4.09 -4.16 -4.06 -4.00 -3.91 -3.84 -3.88 -3.84 -3.91 -4.06 -4.22 -4.34 -4.41 -4.56 -4.75 -4.88 -5.00 -5.09
-1.75 -1.94 -2.09 -2.44 -2.62 -3.00 -3.34 -3.72 -3.94 -3.94 -4.00 -4.00 -3.91 -4.00 -4.16 -4.25 -4.28 -4.41 -4.53 -4.78 -4.88 -5.00 -5.03 -5.09 -5.09 -5.03 -5.03 -5.19 -5.12 -5.00 -4.97 -4.94 -5.00 -4.94 -4.84 -4.91 -4.97 -4.91 -4.97 -5.12 -5.03 -4.94 -4.94 -5.00 -4.97 -4.97 -4.78 -4.78 -4.66 -4.66 -4.56 -4.50 -4.56 -4.53 -4.47 -4.34 -4.31 -4.12 -4.03 -3.97 -3.91 -3.75 -3.78 -3.81 -3.75 -3.78 -3.84 -3.97 -4.09 -4.22 -4.34 -4.41 -4.50 -4.69 -4.78 -4.88
-1.72 -1.78 -2.12 -2.25 -2.41 -2.66 -2.97 -3.50 -3.75 -3.97 -4.03 -4.09 -4.00 -4.16 -4.31 -4.47 -4.59 -4.53 -4.50 -4.69 -4.84 -4.75 -4.78 -4.94 -5.00 -4.97 -5.00 -5.09 -5.09 -5.09 -4.97 -5.00 -4.91 -5.06 -4.97 -4.88 -4.91 -5.00 -5.06 -5.09 -5.03 -4.88 -4.97 -5.03 -4.97 -5.12 -5.06 -4.94 -4.91 -4.91 -4.81 -4.75 -4.75 -4.72 -4.56 -4.47 -4.22 -4.03 -3.88 -3.81 -3.72 -3.59 -3.47 -3.41 -3.50 -3.62 -3.84 -3.81 -4.03 -4.12 -4.09 -4.22 -4.38 -4.56 -4.59 -4.66
-1.66 -1.78 -1.84 -2.16 -2.44 -2.44 -2.81 -3.09 -3.31 -3.56 -3.84 -4.00 -3.88 -4.03 -4.16 -4.25 -4.41 -4.59 -4.62 -4.53 -4.53 -4.62 -4.72 -4.75 -4.84 -4.91 -4.94 -4.81 -4.84 -4.91 -4.81 -4.97 -4.91 -4.88 -5.00 -4.94 -4.94 -4.94 -4.94 -5.03 -5.00 -4.94 -4.94 -4.97 -5.09 -5.09 -5.09 -5.06 -4.94 -4.91 -4.78 -4.69 -4.62 -4.59 -4.44 -4.31 -4.16 -4.03 -3.94 -3.81 -3.72 -3.62 -3.56 -3.47 -3.56 -3.66 -3.75 -3.88 -3.94 -4.09 -4.22 -4.25 -4.28 -4.41 -4.47 -4.75
-1.41 -1.44 -1.81 -1.94 -2.25 -2.47 -2.62 -2.88 -3.12 -3.44 -3.62 -3.81 -3.94 -4.06 -4.25 -4.22 -4.34 -4.44 -4.53 -4.62 -4.66 -4.75 -4.94 -4.84 -4.94 -5.00 -5.00 -5.00 -5.06 -5.06 -4.91 -4.81 -4.81 -4.88 -4.81 -4.91 -4.94 -4.88 -4.81 -4.91 -4.88 -4.91 -4.97 -4.97 -5.03 -5.03 -5.09 -5.06 -5.00 -4.84 -4.72 -4.62 -4.50 -4.47 -4.25 -4.09 -4.03 -4.00 -3.78 -3.66 -3.62 -3.62 -3.59 -3.47 -3.50 -3.56 -3.69 -3.78 -3.88 -4.03 -4.16 -4.22 -4.22 -4.31 -4.53 -4.66
-1.38 -1.34 -1.69 -1.97 -2.19 -2.50 -2.62 -2.69 -3.03 -3.41 -3.59 -3.81 -3.94 -4.03 -4.16 -4.31 -4.47 -4.59 -4.59 -4.72 -4.78 -4.84 -4.97 -5.03 -5.03 -5.12 -5.19 -5.16 -5.09 -5.12 -5.09 -4.91 -4.81 -4.72 -4.78 -4.88 -4.91 -4.78 -4.78 -4.78 -4.78 -4.84 -4.84 -4.84 -4.78 -4.91 -4.88 -4.84 -4.78 -4.75 -4.72 -4.56 -4.44 -4.41 -4.22 -4.09 -3.91 -3.88 -3.69 -3.53 -3.53 -3.59 -3.62 -3.53 -3.47 -3.53 -3.62 -3.62 -3.81 -3.84 -4.00 -4.09 -4.31 -4.44 -4.62 -4.62
-1.62 -1.75 -1.84 -2.03 -2.31 -2.59 -2.84 -2.91 -3.16 -3.50 -3.69 -3.81 -3.91 -4.16 -4.22 -4.28 -4.50 -4.56 -4.69 -4.81 -4.88 -4.78 -4.81 -4.94 -4.94 -4.84 -4.97 -5.00 -5.06 -5.03 -5.03 -4.94 -4.91 -4.72 -4.81 -4.91 -4.88 -4.84 -4.81 -4.72 -4.75 -4.75 -4.75 -4.72 -4.53 -4.66 -4.62 -4.72 -4.72 -4.72 -4.75 -4.62 -4.47 -4.34 -4.31 -4.12 -4.00 -3.88 -3.75 -3.56 -3.41 -3.41 -3.47 -3.56 -3.53 -3.47 -3.53 -3.50 -3.59 -3.72 -3.84 -4.03 -4.22 -4.38 -4.53 -4.72
-1.66 -1.75 -1.81 -2.12 -2.28 -2.69 -2.81 -2.97 -3.12 -3.25 -3.47 -3.66 -3.78 -4.09 -4.22 -4.31 -4.34 -4.44 -4.53 -4.59 -4.59 -4.81 -4.88 -4.88 -4.94 -4.78 -4.94 -4.97 -5.06 -5.16 -5.09 -5.03 -4.88 -4.81 -4.72 -4.66 -4.72 -4.69 -4.75 -4.78 -4.69 -4.62 -4.66 -4.62 -4.56 -4.53 -4.53 -4.62 -4.66 -4.72 -4.75 -4.72 -4.50 -4.41 -4.25 -4.06 -3.91 -3.69 -3.59 -3.56 -3.44 -3.38 -3.44 -3.53 -3.53 -3.47 -3.41 -3.56 -3.62 -3.72 -3.84 -3.97 -4.16 -4.34 -4.56 -4.75
-1.72 -1.78 -2.00 -2.22 -2.47 -2.62 -2.78 -2.88 -3.12 -3.34 -3.56 -3.72 -3.88 -4.03 -4.12 -4.22 -4.31 -4.31 -4.44 -4.47 -4.50 -4.66 -4.84 -4.78 -4.62 -4.66 -4.75 -4.97 -5.03 -5.09 -5.16 -5.09 -5.03 -4.88 -4.72 -4.69 -4.59 -4.69 -4.69 -4.72 -4.56 -4.50 -4.50 -4.41 -4.34 -4.31 -4.34 -4.38 -4.47 -4.56 -4.56 -4.50 -4.34 -4.19 -4.06 -3.94 -3.75 -3.75 -3.59 -3.47 -3.41 -3.31 -3.50 -3.44 -3.50 -3.38 -3.31 -3.44 -3.53 -3.59 -3.69 -3.84 -4.00 -4.09 -4.28 -4.56
-2.09 -2.12 -2.28 -2.22 -2.56 -2.62 -2.72 -2.88 -3.19 -3.34 -3.56 -3.69 -3.91 -4.09 -4.09 -4.16 -4.19 -4.34 -4.47 -4.50 -4.53 -4.53 -4.62 -4.66 -4.56 -4.59 -4.72 -4.78 -4.97 -5.03 -4.91 -4.91 -4.94 -4.88 -4.84 -4.75 -4.66 -4.66 -4.66 -4.69 -4.75 -4.59 -4.50 -4.41 -4.47 -4.28 -4.22 -4.22 -4.31 -4.38 -4.38 -4.28 -4.22 -4.16 -4.03 -3.81 -3.75 -3.62 -3.53 -3.41 -3.22 -3.12 -3.16 -3.22 -3.22 -3.19 -3.16 -3.16 -3.28 -3.41 -3.56 -3.72 -3.88 -4.09 -4.25 -4.41
-2.00 -2.12 -2.25 -2.50 -2.44 -2.69 -2.84 -3.12 -3.25 -3.50 -3.66 -3.66 -3.78 -3.84 -3.97 -4.09 -4.19 -4.25 -4.47 -4.47 -4.53 -4.50 -4.59 -4.50 -4.50 -4.53 -4.59 -4.72 -4.91 -4.75 -4.69 -4.81 -4.66 -4.81 -4.78 -4.84 -4.84 -4.78 -4.66 -4.59 -4.56 -4.50 -4.50 -4.41 -4.25 -4.22 -4.16 -4.19 -4.19 -4.22 -4.16 -4.16 -4.09 -4.00 -3.97 -3.88 -3.78 -3.59 -3.47 -3.38 -3.16 -3.03 -2.88 -3.00 -3.00 -3.09 -3.03 -3.09 -3.16 -3.28 -3.50 -3.59 -3.88 -4.09 -4.22 -4.31
-2.03 -2.16 -2.31 -2.53 -2.72 -2.84 -3.00 -3.16 -3.41 -3.47 -3.56 -3.69 -3.69 -3.66 -3.78 -3.84 -3.97 -3.97 -4.16 -4.25 -4.50 -4.53 -4.56 -4.56 -4.66 -4.53 -4.56 -4.59 -4.59 -4.62 -4.78 -4.81 -4.81 -4.69 -4.72 -4.72 -4.72 -4.66 -4.53 -4.53 -4.38 -4.31 -4.22 -4.16 -4.09 -4.16 -4.16 -4.12 -4.12 -4.06 -4.09 -4.09 -3.97 -3.81 -3.75 -3.72 -3.59 -3.50 -3.34 -3.25 -3.19 -3.03 -2.84 -2.84 -2.94 -3.09 -3.03 -3.00 -3.09 -3.22 -3.31 -3.59 -3.78 -4.03 -4.19 -4.25
-2.00 -2.22 -2.41 -2.50 -2.53 -2.69 -2.97 -3.16 -3.25 -3.41 -3.28 -3.38 -3.62 -3.56 -3.72 -3.91 -4.00 -4.19 -4.25 -4.38 -4.47 -4.50 -4.38 -4.53 -4.50 -4.47 -4.53 -4.62 -4.59 -4.66 -4.62 -4.56 -4.56 -4.50 -4.56 -4.62 -4.66 -4.59 -4.50 -4.44 -4.28 -4.22 -4.03 -4.03 -3.91 -3.81 -3.94 -4.00 -3.91 -3.91 -3.94 -4.00 -4.00 -3.88 -3.72 -3.69 -3.56 -3.38 -3.31 -3.16 -3.09 -2.94 -2.81 -2.75 -2.88 -2.81 -2.81 -2.81 -2.94 -2.97 -3.09 -3.34 -3.53 -3.69 -3.91 -4.00
-1.91 -2.09 -2.28 -2.50 -2.47 -2.62 -2.94 -3.19 -3.22 -3.38 -3.47 -3.50 -3.53 -3.69 -3.72 -3.81 -4.03 -4.16 -4.22 -4.25 -4.31 -4.22 -4.34 -4.28 -4.34 -4.44 -4.56 -4.56 -4.56 -4.50 -4.50 -4.47 -4.41 -4.28 -4.31 -4.34 -4.38 -4.34 -4.41 -4.34 -4.31 -4.19 -4.06 -4.00 -3.88 -3.81 -3.69 -3.75 -3.75 -3.78 -3.81 -3.84 -3.84 -3.81 -3.66 -3.50 -3.41 -3.28 -3.19 -3.06 -2.84 -2.75 -2.69 -2.66 -2.62 -2.59 -2.66 -2.72 -2.84 -2.94 -3.09 -3.25 -3.44 -3.56 -3.75 -3.88
-2.00 -2.16 -2.41 -2.59 -2.66 -2.62 -2.88 -3.00 -3.09 -3.28 -3.47 -3.53 -3.59 -3.69 -3.66 -3.78 -3.97 -4.09 -4.19 -4.31 -4.34 -4.31 -4.25 -4.25 -4.41 -4.34 -4.44 -4.56 -4.62 -4.56 -4.47 -4.38 -4.41 -4.28 -4.09 -4.12 -4.12 -4.16 -4.16 -4.03 -4.12 -4.09 -3.88 -3.78 -3.75 -3.66 -3.72 -3.69 -3.69 -3.66 -3.66 -3.72 -3.72 -3.78 -3.62 -3.47 -3.38 -3.22 -3.06 -2.97 -2.75 -2.69 -2.62 -2.50 -2.44 -2.53 -2.50 -2.47 -2.56 -2.78 -3.00 -3.16 -3.34 -3.44 -3.75 -3.88
-2.06 -2.12 -2.22 -2.44 -2.53 -2.53 -2.72 -2.88 -3.09 -3.22 -3.28 -3.38 -3.56 -3.75 -3.84 -3.88 -3.97 -4.19 -4.31 -4.41 -4.38 -4.44 -4.47 -4.41 -4.38 -4.25 -4.38 -4.41 -4.41 -4.50 -4.50 -4.44 -4.34 -4.28 -4.09 -4.03 -4.03 -4.00 -4.09 -4.06 -4.06 -3.91 -3.78 -3.69 -3.72 -3.62 -3.62 -3.59 -3.66 -3.69 -3.66 -3.66 -3.62 -3.66 -3.66 -3.41 -3.19 -3.22 -3.12 -2.94 -2.69 -2.50 -2.41 -2.28 -2.25 -2.28 -2.41 -2.56 -2.56 -2.69 -2.81 -2.97 -3.09 -3.25 -3.47 -3.75
-1.81 -2.00 -2.16 -2.25 -2.34 -2.50 -2.66 -2.91 -3.00 -3.09 -3.19 -3.34 -3.72 -3.66 -3.62 -3.69 -3.81 -3.97 -4.12 -4.28 -4.31 -4.53 -4.53 -4.53 -4.53 -4.50 -4.34 -4.34 -4.47 -4.47 -4.41 -4.31 -4.22 -4.12 -4.00 -3.88 -3.91 -3.84 -3.91 -3.88 -3.84 -3.72 -3.62 -3.44 -3.47 -3.50 -3.41 -3.53 -3.44 -3.47 -3.50 -3.47 -3.53 -3.50 -3.47 -3.34 -3.12 -3.06 -3.03 -2.84 -2.66 -2.44 -2.28 -2.16 -2.16 -2.28 -2.41 -2.53 -2.62 -2.84 -2.91 -3.00 -3.06 -3.28 -3.50 -3.78
-1.91 -2.06 -2.09 -2.28 -2.53 -2.62 -2.69 -2.78 -2.94 -3.06 -3.22 -3.34 -3.44 -3.44 -3.50 -3.62 -3.81 -3.94 -4.16 -4.25 -4.22 -4.34 -4.38 -4.50 -4.47 -4.53 -4.50 -4.56 -4.53 -4.56 -4.47 -4.34 -4.31 -4.19 -4.06 -3.94 -3.88 -3.72 -3.69 -3.72 -3.62 -3.56 -3.41 -3.34 -3.38 -3.44 -3.44 -3.38 -3.34 -3.38 -3.25 -3.22 -3.28 -3.19 -3.22 -3.00 -2.88 -2.81 -2.84 -2.66 -2.53 -2.38 -2.25 -2.16 -2.19 -2.22 -2.34 -2.50 -2.62 -2.75 -2.94 -3.16 -3.16 -3.31 -3.59 -3.84
-1.81 -2.03 -2.00 -2.12 -2.38 -2.59 -2.69 -2.78 -2.97 -3.25 -3.31 -3.41 -3.41 -3.50 -3.56 -3.66 -3.78 -3.91 -3.94 -4.03 -4.03 -4.09 -4.22 -4.41 -4.41 -4.50 -4.56 -4.53 -4.50 -4.56 -4.44 -4.28 -4.19 -4.09 -4.03 -3.94 -3.81 -3.72 -3.59 -3.56 -3.56 -3.41 -3.31 -3.28 -3.44 -3.47 -3.44 -3.44 -3.44 -3.41 -3.25 -3.19 -3.09 -3.03 -3.03 -3.00 -2.91 -2.91 -2.72 -2.59 -2.38 -2.31 -2.31 -2.31 -2.31 -2.25 -2.38 -2.44 -2.53 -2.69 -2.81 -3.03 -3.19 -3.31 -3.59 -3.84
-1.72 -1.81 -1.91 -2.00 -2.28 -2.62 -2.72 -2.75 -3.03 -3.19 -3.34 -3.50 -3.56 -3.62 -3.78 -3.84 -3.84 -3.94 -4.00 -4.09 -4.31 -4.38 -4.44 -4.53 -4.56 -4.62 -4.72 -4.69 -4.62 -4.53 -4.44 -4.38 -4.31 -4.19 -4.03 -3.91 -3.84 -3.75 -3.66 -3.56 -3.59 -3.47 -3.41 -3.28 -3.31 -3.28 -3.25 -3.25 -3.12 -3.12 -3.09 -3.03 -2.97 -3.03 -3.09 -3.03 -2.91 -2.91 -2.78 -2.62 -2.41 -2.38 -2.31 -2.34 -2.34 -2.34 -2.41 -2.44 -2.53 -2.62 -2.75 -2.88 -3.16 -3.34 -3.50 -3.81
-1.75 -1.91 -2.09 -2.31 -2.28 -2.59 -2.78 -2.97 -3.03 -3.22 -3.31 -3.47 -3.56 -3.62 -3.72 -3.78 -3.88 -3.97 -4.03 -4.09 -4.16 -4.44 -4.41 -4.41 -4.47 -4.62 -4.56 -4.56 -4.53 -4.44 -4.41 -4.19 -4.12 -4.00 -3.88 -3.75 -3.78 -3.75 -3.59 -3.53 -3.47 -3.44 -3.44 -3.31 -3.16 -3.25 -3.19 -3.16 -3.22 -3.12 -3.16 -3.09 -3.00 -2.94 -2.97 -2.88 -2.81 -2.72 -2.62 -2.47 -2.41 -2.38 -2.34 -2.38 -2.38 -2.47 -2.56 -2.66 -2.69 -2.75 -2.88 -2.91 -3.00 -3.09 -3.28 -3.56
-2.00 -2.00 -2.09 -2.44 -2.50 -2.59 -2.97 -3.06 -3.25 -3.31 -3.34 -3.31 -3.50 -3.66 -3.72 -3.81 -3.78 -3.91 -3.97 -4.06 -4.16 -4.31 -4.38 -4.34 -4.47 -4.50 -4.47 -4.47 -4.56 -4.56 -4.53 -4.34 -4.22 -4.09 -3.97 -3.88 -3.69 -3.59 -3.53 -3.44 -3.41 -3.34 -3.34 -3.34 -3.22 -3.12 -3.19 -3.09 -3.12 -3.09 -3.03 -2.97 -2.91 -2.84 -2.75 -2.75 -2.72 -2.69 -2.66 -2.50 -2.41 -2.41 -2.41 -2.47 -2.47 -2.44 -2.44 -2.50 -2.59 -2.69 -2.75 -2.91 -2.97 -3.06 -3.25 -3.47
-2.22 -2.38 -2.38 -2.34 -2.41 -2.53 -2.81 -3.03 -3.12 -3.19 -3.31 -3.38 -3.38 -3.59 -3.66 -3.75 -3.97 -4.12 -4.16 -4.19 -4.34 -4.44 -4.41 -4.41 -4.38 -4.38 -4.44 -4.44 -4.44 -4.47 -4.44 -4.50 -4.28 -4.09 -3.94 -3.78 -3.59 -3.50 -3.44 -3.41 -3.31 -3.31 -3.38 -3.38 -3.28 -3.12 -3.06 -3.03 -3.00 -3.06 -2.94 -2.94 -2.84 -2.75 -2.62 -2.59 -2.62 -2.59 -2.59 -2.44 -2.47 -2.41 -2.44 -2.34 -2.41 -2.44 -2.53 -2.41 -2.44 -2.44 -2.72 -2.94 -3.03 -3.12 -3.34 -3.56
-2.00 -2.16 -2.31 -2.25 -2.41 -2.66 -2.72 -2.81 -3.09 -3.25 -3.31 -3.47 -3.56 -3.69 -3.78 -3.91 -4.00 -4.19 -4.25 -4.41 -4.38 -4.41 -4.41 -4.53 -4.47 -4.31 -4.28 -4.41 -4.44 -4.47 -4.50 -4.34 -4.25 -4.06 -3.97 -3.72 -3.56 -3.44 -3.41 -3.38 -3.28 -3.28 -3.38 -3.34 -3.38 -3.16 -3.03 -3.03 -3.00 -2.94 -2.88 -2.78 -2.69 -2.50 -2.44 -2.44 -2.56 -2.69 -2.50 -2.38 -2.34 -2.25 -2.25 -2.28 -2.25 -2.38 -2.44 -2.50 -2.50 -2.56 -2.62 -2.75 -2.94 -3.06 -3.22 -3.44
-1.94 -2.00 -2.28 -2.34 -2.38 -2.50 -2.66 -2.81 -3.00 -3.06 -3.31 -3.56 -3.81 -3.75 -3.88 -3.94 -3.97 -3.97 -4.06 -4.31 -4.34 -4.50 -4.56 -4.53 -4.44 -4.41 -4.41 -4.34 -4.38 -4.34 -4.38 -4.31 -4.22 -4.06 -3.94 -3.88 -3.66 -3.53 -3.25 -3.28 -3.28 -3.16 -3.12 -3.19 -3.16 -3.06 -3.00 -2.97 -3.00 -2.94 -2.91 -2.84 -2.75 -2.62 -2.47 -2.41 -2.50 -2.62 -2.56 -2.44 -2.25 -2.25 -2.19 -2.25 -2.22 -2.28 -2.38 -2.50 -2.50 -2.59 -2.66 -2.75 -2.91 -3.00 -3.19 -3.41
-1.88 -2.03 -2.19 -2.34 -2.31 -2.47 -2.53 -2.75 -3.00 -3.16 -3.34 -3.50 -3.62 -3.84 -3.94 -4.06 -4.12 -4.19 -4.38 -4.47 -4.53 -4.47 -4.50 -4.50 -4.50 -4.38 -4.31 -4.25 -4.22 -4.22 -4.22 -4.12 -3.88 -3.81 -3.72 -3.66 -3.53 -3.25 -3.25 -3.12 -3.09 -3.00 -3.03 -3.06 -3.03 -2.94 -2.88 -2.78 -2.88 -2.84 -2.78 -2.69 -2.66 -2.62 -2.53 -2.41 -2.41 -2.41 -2.47 -2.38 -2.41 -2.34 -2.22 -2.22 -2.31 -2.38 -2.44 -2.50 -2.53 -2.62 -2.62 -2.69 -2.88 -3.03 -3.16 -3.41
-1.97 -2.03 -2.22 -2.19 -2.38 -2.38 -2.56 -2.72 -3.00 -3.19 -3.41 -3.53 -3.72 -3.84 -4.00 -4.16 -4.28 -4.38 -4.34 -4.44 -4.41 -4.38 -4.44 -4.38 -4.38 -4.44 -4.41 -4.34 -4.25 -4.19 -4.12 -4.06 -3.81 -3.81 -3.84 -3.75 -3.59 -3.59 -3.34 -3.28 -3.09 -3.03 -2.91 -2.88 -2.94 -2.91 -2.81 -2.78 -2.66 -2.66 -2.56 -2.53 -2.53 -2.47 -2.44 -2.34 -2.38 -2.34 -2.41 -2.41 -2.38 -2.34 -2.31 -2.31 -2.31 -2.38 -2.41 -2.50 -2.53 -2.56 -2.59 -2.72 -2.91 -3.09 -3.22 -3.44
-2.19 -2.28 -2.34 -2.38 -2.50 -2.56 -2.56 -2.75 -2.84 -3.03 -3.22 -3.50 -3.78 -3.84 -4.06 -4.12 -4.19 -4.41 -4.41 -4.47 -4.38 -4.50 -4.44 -4.44 -4.38 -4.31 -4.38 -4.38 -4.38 -4.25 -4.16 -4.06 -3.94 -3.78 -3.72 -3.66 -3.59 -3.47 -3.34 -3.28 -3.31 -3.12 -3.00 -3.03 -3.06 -2.97 -2.84 -2.78 -2.75 -2.66 -2.56 -2.53 -2.53 -2.50 -2.47 -2.34 -2.25 -2.31 -2.22 -2.25 -2.25 -2.16 -2.25 -2.22 -2.19 -2.41 -2.47 -2.44 -2.50 -2.59 -2.66 -2.72 -2.97 -3.16 -3.38 -3.59
-2.31 -2.34 -2.41 -2.53 -2.75 -2.81 -2.84 -3.06 -3.12 -3.31 -3.44 -3.66 -3.75 -3.81 -3.94 -4.06 -4.19 -4.34 -4.44 -4.47 -4.66 -4.66 -4.62 -4.53 -4.44 -4.31 -4.34 -4.34 -4.19 -4.12 -3.97 -3.97 -3.97 -3.81 -3.62 -3.53 -3.47 -3.38 -3.41 -3.25 -3.22 -3.16 -3.12 -3.06 -3.00 -2.97 -2.84 -2.75 -2.69 -2.56 -2.59 -2.53 -2.50 -2.44 -2.38 -2.34 -2.28 -2.22 -2.25 -2.25 -2.25 -2.09 -2.12 -2.16 -2.19 -2.28 -2.44 -2.56 -2.59 -2.62 -2.72 -2.88 -2.97 -3.12 -3.28 -3.50
-2.41 -2.59 -2.66 -2.69 -2.84 -2.91 -3.03 -3.12 -3.28 -3.41 -3.44 -3.62 -3.75 -3.88 -3.97 -4.03 -4.16 -4.28 -4.41 -4.56 -4.75 -4.62 -4.62 -4.62 -4.50 -4.34 -4.25 -4.12 -4.09 -4.06 -3.97 -3.91 -3.84 -3.81 -3.56 -3.34 -3.38 -3.28 -3.31 -3.28 -3.22 -3.22 -3.09 -3.00 -2.91 -2.94 -2.88 -2.69 -2.56 -2.62 -2.59 -2.53 -2.59 -2.44 -2.34 -2.31 -2.25 -2.22 -2.28 -2.25 -2.22 -2.22 -2.16 -2.12 -2.09 -2.09 -2.25 -2.44 -2.53 -2.72 -2.84 -2.91 -3.03 -3.22 -3.34 -3.50
-2.66 -2.78 -2.88 -3.06 -3.06 -3.06 -3.25 -3.38 -3.47 -3.66 -3.81 -3.81 -3.94 -4.03 -4.06 -4.16 -4.28 -4.41 -4.53 -4.69 -4.78 -4.81 -4.66 -4.59 -4.41 -4.22 -4.12 -4.06 -4.03 -4.06 -4.00 -3.84 -3.84 -3.84 -3.66 -3.50 -3.41 -3.44 -3.38 -3.34 -3.28 -3.19 -3.00 -2.78 -2.75 -2.75 -2.78 -2.66 -2.62 -2.56 -2.53 -2.53 -2.47 -2.38 -2.44 -2.41 -2.34 -2.25 -2.12 -2.12 -2.19 -2.22 -2.19 -2.25 -2.19 -2.22 -2.31 -2.41 -2.44 -2.62 -2.69 -2.84 -3.03 -3.22 -3.41 -3.59
