everonasctiles/Tile30,43.asc
ncols 128
nrows 128
xllcorner 0
yllcorner 0
cellsize 2.0
NODATA_value  -9999
[rows 96 to 127 of 128, columns 0 to 70 of 128]
-19.19 -18.97 -19.31 -19.16 -19.38 -19.47 -19.94 -20.00 -19.44 -19.72 -19.75 -19.59 -20.00 -20.00 -20.34 -20.28 -19.97 -20.06 -20.06 -20.28 -20.19 -20.47 -20.50 -19.94 -19.66 -20.16 -20.16 -20.44 -20.62 -20.75 -20.75 -21.09 -21.25 -21.19 -21.19 -21.16 -21.38 -21.16 -21.16 -20.94 -20.88 -21.16 -21.19 -21.41 -21.72 -21.62 -21.97 -22.25 -22.16 -22.34 -22.25 -22.44 -22.47 -22.56 -22.72 -22.88 -22.94 -23.03 -23.09 -23.12 -23.34 -23.25 -23.31 -23.53 -23.25 -23.19 -23.41 -23.56 -23.69 -23.91 -23.78
-19.41 -19.44 -18.94 -18.94 -19.41 -19.31 -19.66 -19.84 -19.66 -20.00 -19.72 -19.53 -20.22 -20.41 -20.28 -20.12 -20.16 -20.19 -20.50 -20.78 -20.59 -20.50 -20.34 -20.09 -20.22 -20.19 -20.41 -20.62 -20.62 -20.78 -21.03 -20.97 -21.00 -21.31 -21.22 -21.34 -21.66 -21.34 -21.41 -21.28 -21.28 -21.09 -21.41 -21.44 -21.38 -21.53 -22.03 -22.12 -22.38 -22.44 -22.50 -22.50 -22.62 -22.84 -22.72 -22.84 -22.94 -23.00 -23.12 -23.38 -23.28 -23.12 -23.31 -23.44 -23.31 -23.41 -23.56 -23.75 -24.00 -24.03 -23.88
-19.28 -19.41 -19.09 -19.41 -19.75 -19.53 -19.38 -19.94 -19.88 -20.12 -20.09 -20.00 -20.38 -20.31 -20.31 -19.91 -19.88 -19.91 -20.25 -20.69 -20.78 -20.69 -20.59 -20.47 -20.31 -20.25 -20.38 -20.41 -20.56 -20.72 -21.09 -21.09 -21.22 -21.25 -21.25 -21.44 -21.56 -21.44 -21.44 -21.19 -20.97 -21.19 -21.50 -21.50 -21.59 -21.84 -21.88 -22.03 -22.38 -22.34 -22.44 -22.41 -22.56 -22.84 -22.94 -22.78 -22.72 -22.66 -22.88 -23.22 -23.19 -23.28 -23.44 -23.59 -23.66 -23.75 -23.78 -23.84 -23.91 -23.97 -23.84
-19.41 -19.22 -19.28 -19.59 -19.75 -19.50 -18.84 -19.38 -19.81 -20.19 -20.06 -20.03 -20.22 -20.22 -20.34 -20.44 -20.00 -20.19 -20.44 -20.75 -20.81 -21.09 -21.00 -20.66 -20.38 -20.09 -20.09 -20.03 -20.50 -20.66 -20.97 -21.19 -21.09 -21.03 -21.38 -21.53 -21.62 -21.59 -21.41 -21.16 -21.03 -21.16 -21.31 -21.69 -21.84 -21.91 -21.94 -22.16 -22.38 -22.31 -22.34 -22.50 -22.62 -22.75 -22.84 -22.75 -22.44 -22.41 -22.97 -23.25 -23.22 -23.62 -23.66 -23.88 -23.84 -23.84 -23.94 -23.88 -23.84 -23.81 -23.84
-19.09 -19.22 -19.09 -19.50 -19.81 -19.66 -19.25 -18.97 -19.38 -19.75 -20.03 -20.19 -20.16 -20.28 -20.50 -20.53 -20.62 -20.47 -20.66 -20.72 -20.62 -21.06 -20.94 -20.59 -20.53 -20.59 -20.53 -20.47 -20.59 -20.28 -20.53 -21.06 -21.31 -21.25 -21.41 -21.47 -21.44 -21.53 -21.56 -21.56 -21.19 -20.94 -21.03 -21.59 -21.72 -21.91 -22.00 -22.16 -22.31 -22.19 -22.19 -22.66 -22.66 -22.53 -22.56 -22.75 -22.78 -22.91 -23.22 -23.31 -23.38 -23.59 -23.88 -24.03 -24.00 -23.94 -23.88 -23.84 -23.69 -23.75 -23.97
-18.56 -18.97 -18.88 -19.28 -19.44 -19.41 -19.62 -20.00 -20.06 -20.03 -20.25 -20.22 -19.94 -20.31 -20.72 -20.91 -20.84 -20.78 -20.75 -20.84 -20.75 -20.88 -20.88 -20.59 -20.81 -20.84 -20.69 -20.69 -20.66 -20.25 -20.44 -20.84 -21.34 -21.22 -21.34 -21.47 -21.25 -21.34 -21.34 -21.44 -21.31 -21.16 -21.12 -21.41 -21.56 -21.91 -21.94 -21.84 -22.31 -22.19 -22.31 -22.56 -22.72 -22.69 -22.72 -22.69 -22.88 -23.00 -23.12 -23.41 -23.34 -23.50 -23.88 -24.06 -24.09 -23.88 -23.78 -23.72 -23.69 -23.69 -23.75
-18.88 -19.06 -18.81 -19.34 -19.34 -19.62 -19.91 -20.44 -20.38 -20.41 -20.38 -20.09 -20.12 -20.44 -20.78 -21.03 -21.09 -20.88 -20.78 -20.81 -20.69 -20.75 -20.62 -20.81 -21.25 -21.16 -20.91 -20.97 -20.75 -20.22 -20.47 -20.66 -21.28 -21.19 -21.25 -21.22 -21.09 -21.25 -21.16 -21.28 -21.31 -21.16 -21.38 -21.47 -21.47 -22.09 -22.19 -22.03 -22.16 -22.28 -22.56 -22.38 -22.34 -22.59 -22.62 -22.78 -22.81 -23.00 -23.12 -23.00 -22.78 -23.16 -23.72 -23.97 -23.97 -23.91 -23.84 -23.44 -23.41 -23.62 -23.56
-19.03 -18.91 -18.59 -18.62 -19.53 -19.66 -20.03 -20.28 -20.34 -20.62 -20.44 -20.47 -20.47 -20.56 -20.66 -21.00 -21.19 -21.00 -20.62 -20.72 -20.59 -20.66 -20.59 -20.88 -21.28 -21.06 -20.81 -20.88 -20.56 -19.97 -20.19 -20.81 -21.25 -21.34 -21.22 -21.25 -21.16 -21.22 -21.25 -21.22 -21.19 -21.34 -21.41 -21.78 -21.75 -22.06 -22.09 -21.97 -22.16 -22.22 -22.50 -22.53 -22.41 -22.47 -22.66 -22.88 -22.97 -23.06 -23.03 -22.75 -22.84 -23.31 -23.62 -23.94 -23.81 -23.81 -23.69 -23.38 -23.22 -23.62 -23.88
-19.34 -19.34 -19.28 -18.97 -19.56 -19.59 -19.53 -20.16 -20.12 -20.25 -20.50 -20.59 -20.38 -20.56 -20.50 -20.78 -21.03 -21.00 -20.75 -20.78 -20.41 -20.31 -20.69 -20.78 -20.88 -20.84 -20.91 -20.69 -20.44 -20.34 -20.41 -20.97 -21.06 -21.06 -21.16 -21.38 -21.25 -21.38 -21.44 -21.41 -21.44 -21.62 -21.84 -21.88 -21.69 -21.97 -22.22 -22.16 -21.97 -22.09 -22.47 -22.47 -22.53 -22.56 -22.50 -22.72 -22.66 -23.00 -22.75 -22.75 -23.06 -23.00 -23.41 -23.66 -23.69 -23.72 -23.47 -23.44 -23.28 -23.66 -23.84
-19.59 -19.44 -19.41 -19.38 -19.69 -20.06 -19.81 -19.97 -20.06 -19.69 -20.19 -20.56 -19.97 -20.22 -20.56 -20.31 -20.50 -20.81 -20.62 -20.69 -21.03 -20.66 -20.84 -20.88 -21.09 -20.97 -20.75 -20.81 -20.62 -20.41 -20.53 -20.69 -21.06 -21.03 -21.00 -21.16 -21.31 -21.56 -21.16 -21.44 -21.62 -21.53 -21.72 -21.72 -21.50 -21.91 -22.09 -22.19 -21.88 -21.75 -22.03 -22.34 -22.75 -22.75 -22.81 -22.94 -22.97 -22.91 -22.94 -22.69 -23.12 -23.00 -23.53 -23.78 -23.88 -23.88 -23.81 -23.84 -23.62 -23.44 -23.78
-20.00 -19.78 -19.69 -19.56 -20.31 -19.94 -20.00 -20.25 -19.94 -19.84 -20.22 -20.75 -20.19 -20.25 -20.72 -20.59 -20.62 -20.56 -20.75 -21.03 -21.34 -21.41 -21.38 -21.38 -21.25 -21.19 -20.88 -20.66 -20.59 -20.78 -20.88 -21.22 -21.09 -21.16 -20.75 -20.88 -21.09 -21.56 -21.62 -21.41 -21.66 -21.81 -22.00 -21.84 -21.78 -22.12 -22.47 -22.22 -21.84 -22.00 -22.28 -22.22 -22.53 -22.81 -22.84 -22.62 -22.78 -22.53 -22.94 -22.84 -23.06 -23.41 -23.75 -23.69 -23.81 -23.97 -23.94 -23.81 -23.84 -23.34 -23.75
-19.91 -19.81 -19.91 -20.06 -20.38 -20.50 -20.50 -20.66 -20.41 -20.47 -20.31 -20.31 -20.56 -20.91 -20.88 -20.69 -20.53 -20.75 -21.12 -21.09 -21.44 -21.50 -21.47 -21.34 -21.31 -21.19 -20.72 -20.44 -20.59 -20.97 -21.16 -21.16 -21.19 -21.03 -21.09 -20.97 -20.97 -21.50 -21.78 -21.78 -21.66 -21.69 -22.03 -21.88 -22.16 -22.12 -22.50 -22.38 -22.25 -22.19 -22.28 -22.22 -22.47 -22.53 -22.81 -22.75 -22.66 -22.59 -22.88 -23.03 -23.38 -23.62 -23.75 -23.69 -23.81 -23.91 -23.91 -23.88 -23.88 -23.78 -23.97
-20.31 -20.06 -20.22 -20.16 -20.06 -20.50 -20.44 -20.47 -20.22 -20.53 -20.47 -20.41 -20.50 -20.81 -20.75 -20.81 -20.69 -20.91 -21.34 -21.44 -21.56 -21.56 -21.47 -21.44 -21.41 -21.25 -20.94 -20.75 -20.66 -21.16 -21.31 -21.19 -21.59 -21.34 -21.19 -21.19 -21.56 -21.78 -21.88 -21.69 -21.50 -21.50 -21.56 -21.88 -22.12 -22.22 -22.38 -22.34 -22.22 -22.66 -22.59 -22.44 -22.44 -22.72 -22.84 -22.84 -22.78 -22.78 -23.16 -23.41 -23.62 -23.62 -23.53 -23.66 -23.81 -23.59 -23.91 -24.28 -23.97 -23.97 -24.22
-20.53 -20.06 -20.50 -20.72 -20.12 -20.41 -20.50 -20.56 -20.62 -20.81 -20.91 -20.75 -20.75 -20.75 -20.69 -20.91 -21.06 -20.97 -21.28 -21.62 -21.66 -21.56 -21.44 -21.28 -21.47 -20.91 -20.81 -20.84 -20.81 -21.12 -21.47 -21.47 -21.69 -21.62 -21.28 -21.22 -21.59 -22.00 -22.00 -21.97 -21.88 -21.50 -21.31 -21.75 -21.97 -22.25 -22.12 -22.12 -22.22 -22.66 -22.66 -22.75 -22.75 -22.84 -22.97 -23.00 -22.94 -22.78 -23.31 -23.47 -23.78 -23.69 -23.41 -23.47 -23.41 -23.47 -23.69 -24.22 -24.22 -24.31 -24.56
-20.62 -20.22 -20.38 -21.09 -20.97 -20.22 -20.31 -20.62 -20.59 -20.53 -21.03 -20.84 -20.84 -20.56 -20.59 -21.09 -21.09 -21.19 -21.41 -21.69 -21.69 -21.66 -21.59 -21.44 -21.41 -20.69 -20.78 -21.47 -21.50 -21.41 -21.75 -21.50 -21.78 -21.75 -21.31 -21.34 -22.00 -22.25 -22.34 -22.19 -21.84 -21.59 -21.44 -21.59 -22.16 -22.47 -22.38 -22.34 -22.31 -22.50 -22.62 -22.72 -22.78 -22.88 -22.94 -23.03 -23.00 -23.38 -23.25 -23.44 -23.84 -23.78 -23.47 -23.44 -23.53 -23.66 -23.78 -24.28 -24.53 -24.34 -24.66
-21.09 -21.09 -20.66 -21.22 -21.06 -20.97 -20.69 -20.59 -20.41 -20.34 -20.62 -20.78 -21.00 -21.00 -20.62 -20.81 -21.00 -21.34 -21.53 -21.75 -21.75 -21.72 -21.62 -21.72 -21.38 -21.19 -21.62 -21.66 -21.81 -22.03 -21.75 -21.88 -21.94 -21.84 -21.91 -21.66 -22.22 -22.38 -22.25 -21.97 -21.53 -21.34 -21.56 -21.62 -22.00 -22.47 -22.62 -22.53 -22.25 -22.56 -22.62 -22.81 -23.09 -23.03 -22.91 -23.22 -23.38 -23.53 -23.59 -23.81 -24.03 -23.97 -23.56 -23.59 -23.59 -23.47 -23.72 -24.28 -24.66 -24.81 -24.97
-21.12 -21.31 -21.09 -21.31 -21.31 -21.34 -21.06 -21.03 -21.00 -20.75 -20.66 -20.62 -20.81 -21.06 -21.00 -20.91 -21.12 -21.31 -21.44 -21.69 -21.75 -21.59 -21.47 -21.47 -21.31 -21.59 -21.91 -22.09 -22.12 -22.09 -21.97 -22.00 -22.16 -22.22 -22.09 -21.94 -22.41 -22.44 -22.31 -22.19 -21.72 -21.31 -21.59 -21.91 -22.00 -22.56 -22.81 -22.56 -22.56 -22.88 -22.69 -22.88 -23.19 -23.31 -23.38 -23.44 -23.72 -23.78 -23.81 -23.94 -24.03 -23.94 -23.84 -23.84 -23.56 -23.62 -24.00 -24.34 -24.69 -24.91 -25.16
-20.91 -21.34 -21.41 -21.50 -21.59 -21.56 -21.03 -21.06 -21.03 -20.62 -20.91 -20.81 -21.06 -21.09 -21.12 -21.16 -21.12 -21.28 -21.44 -21.44 -21.69 -21.38 -21.62 -21.25 -21.38 -21.84 -22.00 -22.25 -22.28 -22.16 -22.22 -22.00 -22.00 -22.22 -22.31 -22.28 -22.53 -22.44 -22.09 -21.91 -21.59 -21.28 -21.22 -21.81 -22.00 -22.53 -22.75 -22.72 -22.62 -22.69 -22.91 -23.00 -23.34 -23.47 -23.75 -23.78 -24.00 -24.00 -23.88 -23.84 -23.88 -23.84 -23.81 -24.22 -23.97 -23.97 -24.16 -24.56 -24.81 -25.09 -25.25
-20.81 -21.50 -21.69 -21.59 -21.53 -21.66 -21.16 -20.69 -20.59 -20.72 -21.06 -20.94 -20.94 -21.03 -21.25 -21.12 -21.22 -21.34 -21.44 -21.31 -21.22 -21.22 -21.38 -21.22 -21.47 -21.94 -22.22 -22.41 -22.25 -22.34 -22.44 -22.31 -22.22 -22.41 -22.47 -22.50 -22.59 -22.22 -22.06 -21.69 -21.69 -21.53 -21.53 -21.88 -22.19 -22.28 -22.91 -22.81 -22.56 -22.69 -22.97 -23.31 -23.50 -23.53 -23.78 -23.81 -23.78 -23.84 -23.62 -23.59 -23.75 -23.97 -24.06 -24.31 -24.34 -24.22 -24.34 -24.59 -24.97 -25.28 -25.31
-21.09 -21.44 -21.75 -21.88 -21.59 -21.22 -20.94 -20.88 -20.75 -20.59 -20.59 -20.78 -21.09 -21.09 -21.06 -21.16 -21.28 -21.50 -21.34 -21.31 -21.44 -21.25 -21.22 -21.28 -21.88 -22.31 -22.62 -22.59 -22.47 -22.31 -22.22 -22.22 -22.59 -22.81 -22.62 -22.44 -22.66 -22.59 -22.38 -21.75 -21.84 -21.75 -21.81 -21.91 -22.06 -22.38 -22.97 -23.06 -22.97 -22.75 -22.94 -23.31 -23.41 -23.38 -23.66 -23.72 -23.59 -23.62 -23.81 -23.81 -24.06 -24.22 -24.34 -24.53 -24.44 -24.53 -24.75 -24.84 -25.19 -25.34 -25.34
-21.50 -21.75 -22.03 -22.16 -21.84 -21.31 -20.84 -20.81 -20.97 -20.78 -20.84 -20.88 -21.12 -21.38 -21.12 -21.41 -21.34 -21.12 -21.25 -21.19 -21.31 -21.41 -21.41 -21.62 -21.94 -22.41 -22.59 -22.59 -22.44 -22.34 -22.28 -22.50 -22.78 -22.91 -23.06 -23.00 -22.75 -22.69 -22.53 -22.25 -21.88 -21.69 -21.97 -21.75 -21.72 -22.31 -22.91 -23.09 -22.94 -22.94 -23.06 -22.97 -23.22 -23.28 -23.50 -23.41 -23.34 -23.62 -23.75 -23.88 -24.38 -24.31 -24.50 -24.69 -24.62 -24.81 -25.19 -25.25 -25.38 -25.41 -25.31
-21.53 -21.78 -21.91 -22.06 -21.81 -21.62 -21.03 -21.00 -21.06 -20.97 -20.84 -21.06 -21.09 -21.25 -20.97 -21.19 -21.31 -21.25 -21.19 -20.91 -21.16 -21.38 -21.72 -21.91 -22.22 -22.41 -22.41 -22.44 -22.50 -22.41 -22.34 -22.78 -22.78 -22.97 -23.09 -23.06 -22.91 -22.78 -22.78 -22.69 -22.28 -21.88 -21.69 -21.84 -22.16 -22.50 -22.78 -23.00 -23.06 -23.16 -23.03 -23.16 -23.31 -23.12 -23.62 -23.62 -23.69 -23.91 -23.94 -24.00 -24.34 -24.53 -24.69 -24.94 -25.28 -25.09 -25.25 -25.44 -25.47 -25.34 -25.06
-21.44 -21.72 -21.91 -21.97 -21.81 -21.59 -21.38 -21.12 -21.25 -21.00 -20.91 -21.03 -21.28 -21.19 -20.94 -21.03 -21.19 -20.97 -20.84 -20.66 -21.06 -21.44 -21.97 -22.38 -22.59 -22.62 -22.59 -22.62 -22.44 -22.38 -22.53 -22.81 -22.59 -22.97 -22.97 -23.03 -22.94 -22.91 -22.75 -22.59 -22.28 -21.75 -21.88 -22.22 -22.44 -22.56 -22.72 -22.88 -23.19 -23.22 -22.97 -23.09 -22.97 -22.97 -23.31 -23.66 -23.94 -24.00 -23.97 -24.03 -24.38 -24.78 -24.97 -25.16 -25.03 -25.19 -25.47 -25.56 -25.56 -25.28 -24.91
-21.84 -21.44 -21.44 -21.66 -21.72 -21.50 -21.59 -20.94 -21.16 -21.06 -20.66 -20.88 -21.16 -20.72 -20.66 -20.91 -20.97 -21.06 -21.25 -21.00 -21.16 -21.34 -21.97 -22.41 -22.59 -22.69 -22.66 -22.69 -22.66 -22.59 -22.62 -22.97 -23.03 -23.22 -23.16 -23.12 -23.09 -23.16 -22.91 -22.78 -22.34 -21.88 -22.41 -22.50 -22.56 -22.59 -22.62 -22.69 -23.12 -23.28 -22.97 -23.00 -23.09 -23.19 -23.47 -23.62 -23.72 -23.91 -23.81 -24.09 -24.62 -25.16 -25.25 -25.16 -25.03 -25.22 -25.38 -25.41 -25.50 -25.47 -25.28
-22.00 -21.62 -21.56 -21.28 -21.47 -21.47 -21.38 -20.91 -20.88 -21.12 -20.78 -20.81 -21.16 -20.78 -20.53 -20.84 -21.16 -20.84 -21.00 -20.94 -21.41 -21.44 -21.91 -22.38 -22.62 -22.66 -22.66 -22.62 -22.44 -22.72 -22.81 -23.06 -23.22 -23.19 -23.22 -23.16 -23.06 -23.12 -22.91 -22.78 -22.62 -22.41 -22.62 -22.53 -22.56 -22.88 -22.78 -22.81 -23.19 -23.38 -23.25 -22.72 -23.00 -23.22 -23.44 -23.31 -23.62 -24.06 -24.16 -24.16 -24.78 -25.19 -25.34 -25.38 -25.41 -25.62 -25.59 -25.53 -25.56 -25.53 -25.53
-22.00 -21.97 -21.88 -21.66 -21.84 -21.66 -21.59 -21.28 -20.81 -21.03 -21.34 -21.19 -20.97 -20.78 -20.81 -20.66 -21.22 -20.75 -20.81 -21.22 -21.59 -21.81 -21.97 -22.28 -22.59 -22.75 -22.62 -22.78 -22.81 -22.84 -22.88 -23.03 -23.22 -23.19 -23.38 -23.34 -23.16 -23.00 -23.00 -23.00 -22.97 -22.62 -23.00 -22.94 -22.97 -22.94 -23.06 -23.25 -23.31 -23.31 -23.16 -22.84 -23.00 -23.06 -23.69 -23.81 -23.72 -24.03 -24.41 -24.50 -24.97 -25.53 -25.75 -25.69 -25.50 -25.56 -25.75 -25.66 -25.66 -25.66 -25.62
-22.09 -21.91 -22.03 -21.94 -22.03 -21.91 -21.94 -21.66 -21.22 -21.31 -21.28 -21.34 -21.09 -21.06 -21.09 -20.69 -20.72 -20.72 -20.97 -21.47 -21.72 -22.12 -22.22 -22.25 -22.22 -22.34 -22.50 -22.78 -22.91 -23.03 -22.97 -22.94 -22.94 -23.06 -23.34 -23.47 -23.47 -23.53 -23.34 -23.22 -23.31 -22.91 -22.91 -22.97 -23.12 -23.16 -23.22 -23.47 -23.56 -23.28 -23.19 -23.12 -23.22 -23.34 -23.69 -23.81 -23.84 -24.41 -24.84 -25.00 -25.31 -25.66 -25.94 -26.00 -25.72 -25.53 -25.75 -25.88 -25.91 -25.75 -25.53
-22.16 -22.12 -21.97 -21.91 -22.03 -21.97 -22.03 -21.66 -21.44 -21.22 -21.09 -21.16 -21.19 -20.94 -21.38 -21.44 -20.91 -20.94 -21.38 -21.84 -21.97 -22.28 -22.34 -22.50 -22.38 -22.31 -22.53 -22.78 -22.91 -22.94 -22.81 -22.78 -22.97 -23.28 -23.38 -23.56 -23.47 -23.66 -23.62 -23.47 -23.50 -23.41 -23.22 -23.16 -23.12 -23.25 -23.44 -23.56 -23.66 -23.72 -23.28 -23.31 -23.47 -23.59 -24.16 -24.31 -24.25 -24.62 -25.03 -25.41 -25.69 -25.81 -25.88 -26.06 -26.03 -25.84 -25.78 -25.91 -26.06 -25.88 -25.78
-22.59 -22.47 -22.19 -22.06 -21.97 -21.94 -21.81 -21.69 -21.69 -21.00 -20.78 -21.06 -21.12 -21.19 -21.28 -21.41 -21.16 -21.34 -21.69 -22.03 -22.09 -21.97 -22.38 -22.53 -22.69 -22.38 -22.25 -22.50 -22.66 -22.75 -22.84 -22.91 -23.09 -23.19 -23.25 -23.50 -23.56 -23.84 -23.75 -23.81 -23.78 -23.81 -23.84 -23.81 -23.56 -23.44 -23.66 -23.88 -23.97 -23.91 -23.38 -23.44 -23.97 -24.12 -24.34 -24.28 -24.28 -25.03 -25.72 -25.75 -25.78 -25.66 -25.94 -26.09 -26.19 -26.06 -26.00 -25.94 -26.16 -26.00 -25.97
-22.62 -22.53 -22.22 -22.28 -22.19 -22.19 -21.94 -21.47 -21.59 -21.44 -20.94 -21.03 -21.25 -21.50 -21.59 -21.59 -21.62 -21.44 -22.03 -22.28 -22.28 -22.38 -22.44 -22.44 -22.50 -22.47 -22.00 -22.03 -22.25 -22.50 -22.75 -23.22 -23.16 -23.41 -23.59 -23.59 -23.72 -23.84 -24.09 -24.03 -24.16 -24.16 -24.22 -24.25 -23.97 -23.81 -23.72 -23.97 -24.31 -24.22 -23.94 -23.81 -24.31 -24.34 -24.31 -24.34 -24.69 -25.28 -25.84 -25.81 -25.91 -25.94 -26.09 -26.22 -26.22 -26.22 -26.16 -26.25 -26.34 -26.19 -26.34
-22.53 -22.44 -22.44 -22.53 -22.41 -22.19 -22.09 -21.38 -21.34 -21.81 -21.56 -21.44 -21.28 -21.50 -21.88 -21.91 -21.94 -21.91 -22.34 -22.47 -22.34 -22.38 -22.47 -22.47 -22.25 -22.06 -21.97 -21.94 -22.25 -22.38 -22.62 -22.91 -23.22 -23.62 -23.81 -23.81 -23.91 -23.97 -24.16 -24.22 -24.41 -24.47 -24.50 -24.38 -24.28 -24.22 -24.12 -24.19 -24.53 -24.56 -24.31 -24.12 -24.59 -24.53 -24.66 -24.81 -25.06 -25.78 -26.06 -26.16 -26.28 -26.41 -26.41 -26.50 -26.47 -26.22 -26.25 -26.47 -26.41 -26.41 -26.41
-22.78 -22.66 -22.44 -22.31 -22.22 -22.12 -22.00 -21.62 -21.56 -21.84 -21.78 -21.78 -21.78 -21.84 -21.78 -22.00 -22.16 -22.34 -22.44 -22.47 -22.81 -22.75 -22.53 -22.53 -22.41 -22.09 -21.78 -21.78 -21.97 -22.12 -22.34 -22.78 -23.19 -23.31 -23.75 -23.88 -24.03 -24.12 -24.22 -24.44 -24.59 -24.47 -24.69 -24.66 -24.62 -24.69 -24.69 -24.75 -24.88 -24.91 -24.81 -24.62 -24.72 -24.75 -24.88 -25.12 -25.25 -25.75 -26.25 -26.44 -26.56 -26.72 -26.81 -27.00 -26.81 -26.62 -26.62 -26.75 -26.72 -26.59 -26.47
