everonasctiles/Tile7,11.asc
ncols 128
nrows 128
xllcorner 0
yllcorner 0
cellsize 2.0
NODATA_value  -9999
[rows 96 to 127 of 128, columns 0 to 70 of 128]
-17.78 -17.59 -17.53 -17.59 -17.59 -17.62 -17.72 -17.84 -18.00 -18.19 -18.34 -18.47 -18.56 -18.53 -18.62 -18.91 -19.06 -19.16 -19.31 -19.47 -19.56 -19.66 -19.81 -19.94 -20.06 -20.09 -20.09 -20.16 -20.28 -20.41 -20.53 -20.62 -20.75 -20.88 -20.97 -21.06 -21.16 -21.22 -21.22 -21.28 -21.34 -21.41 -21.44 -21.44 -21.44 -21.50 -21.56 -21.62 -21.62 -21.59 -21.56 -21.59 -21.62 -21.47 -21.28 -21.25 -21.25 -21.31 -21.38 -21.38 -21.34 -21.38 -21.34 -21.34 -21.25 -21.22 -21.22 -21.22 -21.16 -21.06 -20.97
-17.88 -17.69 -17.50 -17.41 -17.41 -17.44 -17.56 -17.75 -18.00 -18.25 -18.41 -18.47 -18.47 -18.50 -18.69 -18.97 -19.09 -19.22 -19.31 -19.47 -19.62 -19.81 -20.03 -20.19 -20.25 -20.22 -20.22 -20.22 -20.31 -20.47 -20.56 -20.69 -20.81 -20.88 -20.94 -21.06 -21.12 -21.19 -21.22 -21.25 -21.28 -21.34 -21.38 -21.38 -21.41 -21.50 -21.53 -21.56 -21.59 -21.59 -21.59 -21.59 -21.53 -21.38 -21.28 -21.31 -21.25 -21.12 -21.06 -21.03 -21.00 -20.94 -20.91 -20.91 -20.81 -20.75 -20.78 -20.75 -20.75 -20.88 -21.00
-17.88 -17.75 -17.62 -17.53 -17.59 -17.78 -18.00 -18.12 -18.25 -18.47 -18.62 -18.59 -18.62 -18.72 -18.88 -19.06 -19.22 -19.34 -19.50 -19.69 -19.91 -20.09 -20.22 -20.25 -20.28 -20.34 -20.44 -20.56 -20.62 -20.69 -20.84 -20.97 -21.03 -21.00 -21.00 -21.09 -21.19 -21.28 -21.25 -21.25 -21.25 -21.31 -21.31 -21.34 -21.41 -21.44 -21.47 -21.53 -21.56 -21.59 -21.59 -21.56 -21.44 -21.25 -21.31 -21.38 -21.28 -21.16 -21.00 -20.91 -20.81 -20.78 -20.69 -20.72 -20.66 -20.66 -20.75 -20.75 -20.66 -20.69 -20.84
-17.75 -17.69 -17.69 -17.72 -17.84 -18.16 -18.38 -18.47 -18.50 -18.56 -18.56 -18.53 -18.69 -18.94 -19.16 -19.31 -19.44 -19.56 -19.75 -19.94 -20.06 -20.19 -20.28 -20.34 -20.34 -20.47 -20.62 -20.75 -20.81 -20.88 -20.94 -21.00 -21.06 -21.12 -21.16 -21.25 -21.28 -21.31 -21.25 -21.22 -21.22 -21.25 -21.28 -21.38 -21.38 -21.41 -21.44 -21.50 -21.53 -21.53 -21.50 -21.41 -21.25 -21.09 -21.19 -21.31 -21.28 -21.22 -21.12 -21.00 -20.88 -20.81 -20.81 -20.91 -20.94 -20.84 -20.75 -20.66 -20.59 -20.47 -20.41
-17.78 -17.78 -17.84 -17.94 -17.97 -18.06 -18.19 -18.38 -18.53 -18.62 -18.66 -18.75 -18.84 -18.97 -19.12 -19.34 -19.53 -19.75 -19.91 -20.03 -20.16 -20.28 -20.38 -20.44 -20.50 -20.56 -20.69 -20.81 -20.91 -20.94 -20.94 -20.94 -20.97 -21.09 -21.22 -21.28 -21.31 -21.31 -21.25 -21.28 -21.34 -21.38 -21.41 -21.38 -21.31 -21.38 -21.47 -21.50 -21.47 -21.41 -21.28 -21.16 -21.03 -20.97 -21.16 -21.25 -21.22 -21.16 -21.09 -21.09 -21.12 -21.09 -20.97 -20.97 -20.97 -20.91 -20.81 -20.72 -20.56 -20.44 -20.31
-17.91 -18.06 -18.25 -18.38 -18.34 -18.25 -18.25 -18.34 -18.47 -18.59 -18.72 -18.88 -19.09 -19.22 -19.31 -19.47 -19.66 -19.84 -20.00 -20.09 -20.19 -20.31 -20.38 -20.47 -20.56 -20.66 -20.75 -20.84 -20.91 -20.94 -20.97 -21.03 -21.12 -21.19 -21.28 -21.31 -21.34 -21.34 -21.38 -21.38 -21.34 -21.34 -21.38 -21.41 -21.44 -21.47 -21.47 -21.47 -21.34 -21.19 -21.06 -20.97 -21.00 -21.09 -21.19 -21.09 -21.03 -21.09 -21.22 -21.25 -21.19 -21.12 -21.03 -20.97 -20.84 -20.84 -20.88 -20.88 -20.78 -20.56 -20.34
-18.16 -18.34 -18.47 -18.50 -18.50 -18.47 -18.50 -18.59 -18.69 -18.78 -18.81 -18.88 -19.19 -19.44 -19.50 -19.56 -19.75 -19.94 -20.06 -20.16 -20.19 -20.22 -20.34 -20.41 -20.53 -20.62 -20.72 -20.81 -20.88 -20.94 -21.00 -21.09 -21.16 -21.22 -21.25 -21.31 -21.34 -21.34 -21.28 -21.28 -21.38 -21.41 -21.41 -21.41 -21.41 -21.41 -21.38 -21.22 -21.06 -21.00 -21.00 -21.00 -21.09 -21.12 -21.06 -20.97 -20.97 -21.12 -21.22 -21.19 -21.12 -21.09 -21.00 -20.81 -20.69 -20.78 -20.84 -20.81 -20.75 -20.62 -20.38
-18.25 -18.41 -18.50 -18.50 -18.50 -18.56 -18.66 -18.78 -18.91 -19.03 -19.09 -19.16 -19.31 -19.47 -19.56 -19.59 -19.75 -19.91 -20.00 -20.09 -20.19 -20.28 -20.38 -20.47 -20.53 -20.56 -20.66 -20.75 -20.84 -20.91 -20.97 -21.06 -21.12 -21.19 -21.22 -21.25 -21.25 -21.25 -21.19 -21.25 -21.38 -21.44 -21.41 -21.38 -21.41 -21.41 -21.31 -21.16 -21.19 -21.25 -21.22 -21.19 -21.19 -21.09 -21.16 -21.19 -21.19 -21.19 -21.12 -21.09 -21.06 -21.00 -20.75 -20.62 -20.72 -20.78 -20.78 -20.75 -20.69 -20.59 -20.41
-18.25 -18.44 -18.56 -18.59 -18.56 -18.62 -18.81 -18.94 -19.03 -19.12 -19.19 -19.28 -19.41 -19.50 -19.50 -19.53 -19.62 -19.75 -19.91 -20.03 -20.16 -20.31 -20.41 -20.44 -20.50 -20.53 -20.62 -20.72 -20.81 -20.84 -20.88 -20.88 -20.97 -21.06 -21.12 -21.16 -21.19 -21.22 -21.25 -21.34 -21.44 -21.47 -21.47 -21.44 -21.34 -21.22 -21.12 -21.19 -21.28 -21.28 -21.19 -21.19 -21.19 -21.25 -21.31 -21.28 -21.22 -21.16 -21.09 -21.06 -20.97 -20.78 -20.62 -20.66 -20.81 -20.81 -20.75 -20.66 -20.56 -20.50 -20.44
-18.38 -18.59 -18.62 -18.53 -18.62 -18.84 -19.00 -19.09 -19.19 -19.25 -19.25 -19.25 -19.31 -19.38 -19.38 -19.38 -19.47 -19.66 -19.84 -20.03 -20.16 -20.28 -20.34 -20.41 -20.47 -20.53 -20.62 -20.78 -20.88 -20.94 -20.94 -20.94 -21.00 -21.09 -21.16 -21.19 -21.16 -21.09 -21.16 -21.31 -21.41 -21.44 -21.41 -21.25 -21.09 -21.12 -21.25 -21.34 -21.34 -21.28 -21.22 -21.25 -21.28 -21.31 -21.31 -21.28 -21.19 -21.16 -21.09 -21.00 -20.81 -20.75 -20.84 -20.81 -20.84 -20.81 -20.69 -20.59 -20.50 -20.44 -20.38
-18.53 -18.69 -18.66 -18.69 -18.84 -18.94 -19.03 -19.09 -19.19 -19.31 -19.31 -19.28 -19.25 -19.25 -19.25 -19.28 -19.41 -19.59 -19.72 -19.88 -19.97 -20.09 -20.22 -20.34 -20.44 -20.53 -20.62 -20.75 -20.84 -20.91 -20.94 -21.00 -21.09 -21.16 -21.19 -21.19 -21.12 -21.09 -21.16 -21.28 -21.34 -21.31 -21.19 -21.12 -21.19 -21.31 -21.34 -21.34 -21.28 -21.19 -21.19 -21.22 -21.28 -21.31 -21.31 -21.28 -21.22 -21.19 -21.03 -20.84 -20.84 -20.97 -20.94 -20.88 -20.84 -20.75 -20.62 -20.53 -20.41 -20.31 -20.25
-18.72 -18.78 -18.81 -18.88 -18.97 -19.06 -19.12 -19.16 -19.22 -19.31 -19.34 -19.34 -19.34 -19.34 -19.38 -19.38 -19.41 -19.56 -19.66 -19.75 -19.78 -19.84 -20.03 -20.25 -20.34 -20.44 -20.56 -20.66 -20.75 -20.84 -20.91 -20.94 -20.97 -21.09 -21.19 -21.19 -21.09 -21.09 -21.19 -21.19 -21.09 -21.03 -21.09 -21.16 -21.19 -21.25 -21.28 -21.25 -21.22 -21.19 -21.22 -21.22 -21.25 -21.28 -21.28 -21.25 -21.19 -21.06 -20.88 -20.94 -21.00 -20.97 -20.88 -20.81 -20.75 -20.69 -20.56 -20.44 -20.31 -20.19 -20.09
-18.78 -18.81 -18.88 -18.94 -19.03 -19.12 -19.12 -19.16 -19.31 -19.38 -19.41 -19.47 -19.56 -19.62 -19.62 -19.56 -19.50 -19.53 -19.66 -19.75 -19.81 -19.91 -20.12 -20.28 -20.38 -20.47 -20.59 -20.69 -20.78 -20.81 -20.84 -20.94 -21.03 -21.06 -21.12 -21.12 -21.12 -21.16 -21.16 -21.16 -21.06 -21.00 -21.09 -21.16 -21.16 -21.22 -21.22 -21.22 -21.16 -21.19 -21.22 -21.25 -21.25 -21.25 -21.19 -21.09 -21.03 -20.94 -20.94 -20.94 -20.91 -20.84 -20.78 -20.78 -20.69 -20.59 -20.47 -20.34 -20.19 -20.06 -19.94
-18.78 -18.84 -18.88 -18.94 -19.03 -19.12 -19.16 -19.16 -19.31 -19.44 -19.50 -19.59 -19.62 -19.66 -19.66 -19.62 -19.69 -19.78 -19.84 -19.88 -19.88 -19.84 -19.97 -20.09 -20.28 -20.50 -20.66 -20.69 -20.81 -20.84 -20.88 -20.97 -21.00 -21.03 -20.97 -20.94 -21.03 -21.12 -21.16 -21.06 -21.00 -21.03 -21.06 -21.09 -21.12 -21.19 -21.19 -21.16 -21.12 -21.16 -21.25 -21.28 -21.28 -21.28 -21.22 -21.06 -21.03 -21.03 -20.97 -20.94 -20.88 -20.78 -20.72 -20.69 -20.59 -20.50 -20.38 -20.25 -20.12 -20.00 -19.88
-18.84 -18.88 -18.91 -19.00 -19.09 -19.19 -19.19 -19.22 -19.28 -19.47 -19.56 -19.66 -19.69 -19.75 -19.75 -19.81 -19.88 -19.88 -19.91 -19.91 -19.94 -19.97 -20.03 -20.09 -20.25 -20.44 -20.56 -20.66 -20.72 -20.78 -20.81 -20.84 -20.88 -20.84 -20.88 -21.03 -21.16 -21.19 -21.16 -21.12 -21.22 -21.25 -21.19 -21.19 -21.22 -21.22 -21.22 -21.16 -21.12 -21.22 -21.31 -21.28 -21.28 -21.25 -21.25 -21.19 -21.12 -21.09 -21.06 -21.00 -20.91 -20.84 -20.75 -20.62 -20.53 -20.44 -20.28 -20.16 -20.06 -19.94 -19.69
-18.88 -18.94 -19.03 -19.12 -19.19 -19.22 -19.28 -19.28 -19.31 -19.47 -19.59 -19.66 -19.69 -19.75 -19.78 -19.81 -19.88 -19.88 -19.91 -19.97 -20.06 -20.16 -20.22 -20.25 -20.28 -20.31 -20.44 -20.56 -20.66 -20.69 -20.75 -20.84 -20.84 -20.81 -20.91 -21.06 -21.16 -21.22 -21.28 -21.28 -21.25 -21.19 -21.16 -21.25 -21.31 -21.31 -21.31 -21.25 -21.22 -21.25 -21.31 -21.28 -21.28 -21.22 -21.19 -21.12 -21.12 -21.09 -21.09 -21.03 -20.97 -20.88 -20.75 -20.66 -20.56 -20.44 -20.34 -20.22 -20.03 -19.84 -19.66
-18.91 -18.97 -19.09 -19.12 -19.19 -19.22 -19.31 -19.38 -19.38 -19.44 -19.53 -19.62 -19.69 -19.75 -19.78 -19.81 -19.91 -19.91 -19.94 -20.03 -20.12 -20.22 -20.28 -20.34 -20.34 -20.38 -20.44 -20.50 -20.62 -20.78 -20.84 -20.81 -20.81 -20.88 -21.03 -21.12 -21.16 -21.19 -21.19 -21.19 -21.16 -21.16 -21.19 -21.31 -21.31 -21.31 -21.31 -21.25 -21.22 -21.22 -21.28 -21.28 -21.25 -21.22 -21.16 -21.12 -21.09 -21.06 -21.03 -20.97 -20.91 -20.81 -20.75 -20.62 -20.53 -20.47 -20.34 -20.25 -20.03 -19.84 -19.66
-18.88 -18.94 -19.03 -19.16 -19.25 -19.31 -19.34 -19.41 -19.41 -19.41 -19.50 -19.59 -19.66 -19.69 -19.75 -19.81 -19.84 -19.88 -19.97 -20.06 -20.16 -20.25 -20.31 -20.31 -20.31 -20.38 -20.50 -20.53 -20.59 -20.78 -20.88 -20.84 -20.91 -21.00 -21.06 -21.09 -21.12 -21.16 -21.16 -21.16 -21.16 -21.19 -21.25 -21.31 -21.31 -21.28 -21.22 -21.19 -21.12 -21.09 -21.19 -21.22 -21.19 -21.19 -21.16 -21.09 -21.06 -21.03 -20.97 -20.94 -20.84 -20.72 -20.59 -20.53 -20.47 -20.44 -20.31 -20.12 -19.94 -19.72 -19.59
-18.81 -18.97 -19.03 -19.12 -19.22 -19.31 -19.31 -19.34 -19.38 -19.38 -19.41 -19.50 -19.56 -19.62 -19.69 -19.78 -19.84 -19.94 -19.97 -20.03 -20.12 -20.22 -20.28 -20.28 -20.31 -20.34 -20.47 -20.62 -20.66 -20.62 -20.69 -20.81 -20.97 -21.00 -21.00 -21.06 -21.06 -21.06 -21.09 -21.09 -21.06 -21.12 -21.19 -21.22 -21.22 -21.19 -21.16 -21.12 -21.06 -21.06 -21.12 -21.16 -21.16 -21.09 -21.06 -21.03 -21.00 -20.94 -20.91 -20.81 -20.75 -20.66 -20.56 -20.53 -20.44 -20.31 -20.22 -20.09 -19.84 -19.59 -19.31
-18.72 -18.84 -19.00 -19.03 -19.09 -19.19 -19.25 -19.28 -19.31 -19.38 -19.44 -19.53 -19.66 -19.78 -19.81 -19.84 -19.91 -20.00 -20.06 -20.09 -20.12 -20.22 -20.31 -20.38 -20.41 -20.41 -20.41 -20.47 -20.56 -20.66 -20.78 -20.91 -20.94 -20.97 -21.03 -21.06 -21.03 -21.03 -21.06 -21.03 -21.03 -21.09 -21.12 -21.09 -21.12 -21.12 -21.06 -21.00 -20.97 -21.00 -21.09 -21.12 -21.09 -21.03 -20.97 -20.94 -20.91 -20.84 -20.75 -20.69 -20.62 -20.53 -20.44 -20.34 -20.31 -20.19 -20.06 -19.91 -19.75 -19.56 -19.31
-18.72 -18.78 -18.88 -18.94 -18.97 -19.00 -19.06 -19.16 -19.28 -19.44 -19.53 -19.59 -19.72 -19.81 -19.88 -19.91 -19.97 -20.03 -20.06 -20.06 -20.09 -20.16 -20.31 -20.41 -20.44 -20.47 -20.44 -20.41 -20.53 -20.75 -20.88 -20.94 -20.94 -21.00 -21.03 -21.03 -21.03 -21.06 -21.06 -21.03 -21.03 -21.03 -21.06 -21.09 -21.12 -21.12 -21.06 -21.03 -20.94 -20.91 -20.94 -20.97 -20.94 -20.91 -20.88 -20.88 -20.78 -20.72 -20.62 -20.62 -20.53 -20.41 -20.28 -20.19 -20.12 -20.03 -19.91 -19.72 -19.56 -19.41 -19.25
-18.69 -18.75 -18.75 -18.75 -18.72 -18.72 -18.75 -18.88 -19.12 -19.44 -19.59 -19.62 -19.69 -19.81 -19.94 -20.00 -20.03 -20.06 -20.09 -20.09 -20.12 -20.19 -20.31 -20.47 -20.53 -20.53 -20.50 -20.41 -20.38 -20.56 -20.78 -20.84 -20.91 -20.94 -20.97 -21.03 -21.06 -21.03 -21.06 -21.09 -21.09 -21.06 -21.06 -21.06 -21.09 -21.09 -21.03 -20.94 -20.88 -20.88 -20.91 -20.91 -20.88 -20.84 -20.78 -20.75 -20.72 -20.66 -20.59 -20.50 -20.38 -20.22 -20.19 -20.09 -20.06 -19.91 -19.78 -19.66 -19.53 -19.28 -18.97
-18.56 -18.56 -18.59 -18.56 -18.59 -18.62 -18.72 -18.97 -19.25 -19.53 -19.62 -19.62 -19.62 -19.81 -19.97 -20.09 -20.12 -20.16 -20.16 -20.16 -20.19 -20.25 -20.31 -20.44 -20.53 -20.56 -20.56 -20.50 -20.41 -20.47 -20.66 -20.69 -20.78 -20.91 -20.94 -20.97 -21.00 -21.03 -21.03 -21.03 -21.06 -21.03 -21.06 -21.06 -21.06 -21.03 -20.94 -20.88 -20.91 -20.94 -20.94 -20.91 -20.88 -20.81 -20.75 -20.69 -20.59 -20.47 -20.47 -20.38 -20.28 -20.19 -20.09 -19.97 -19.88 -19.75 -19.62 -19.50 -19.38 -19.19 -18.97
-18.81 -18.81 -18.75 -18.72 -18.81 -19.03 -19.19 -19.28 -19.38 -19.50 -19.69 -19.75 -19.75 -19.81 -19.94 -20.06 -20.16 -20.22 -20.25 -20.28 -20.34 -20.34 -20.38 -20.38 -20.47 -20.53 -20.56 -20.56 -20.50 -20.53 -20.66 -20.72 -20.81 -20.88 -20.94 -20.94 -20.97 -21.03 -21.03 -21.03 -21.03 -21.00 -21.00 -21.03 -21.03 -20.97 -20.91 -20.88 -20.91 -20.94 -20.91 -20.88 -20.84 -20.75 -20.66 -20.56 -20.47 -20.38 -20.41 -20.31 -20.22 -20.16 -20.09 -19.94 -19.84 -19.69 -19.53 -19.38 -19.25 -19.06 -18.88
-18.97 -18.97 -18.91 -18.91 -19.03 -19.19 -19.28 -19.34 -19.41 -19.50 -19.56 -19.62 -19.72 -19.84 -19.97 -20.06 -20.19 -20.28 -20.34 -20.41 -20.44 -20.41 -20.41 -20.41 -20.44 -20.47 -20.50 -20.53 -20.50 -20.53 -20.66 -20.75 -20.81 -20.88 -20.91 -20.94 -20.97 -21.00 -20.94 -20.97 -20.97 -20.97 -20.97 -20.97 -20.97 -20.94 -20.88 -20.81 -20.84 -20.91 -20.84 -20.75 -20.72 -20.62 -20.56 -20.44 -20.34 -20.25 -20.19 -20.16 -20.06 -19.97 -19.94 -19.84 -19.75 -19.59 -19.50 -19.41 -19.25 -19.06 -18.88
-19.09 -19.09 -19.06 -19.03 -19.06 -19.12 -19.19 -19.25 -19.31 -19.38 -19.47 -19.62 -19.75 -19.84 -20.00 -20.12 -20.22 -20.28 -20.34 -20.44 -20.44 -20.47 -20.44 -20.44 -20.50 -20.53 -20.56 -20.56 -20.50 -20.44 -20.56 -20.72 -20.78 -20.88 -20.91 -20.91 -20.91 -20.94 -20.94 -21.00 -20.97 -20.94 -20.94 -20.97 -20.94 -20.88 -20.81 -20.75 -20.78 -20.84 -20.75 -20.66 -20.59 -20.50 -20.41 -20.34 -20.28 -20.19 -20.12 -20.06 -19.97 -19.91 -19.81 -19.72 -19.69 -19.59 -19.50 -19.38 -19.19 -19.03 -18.88
-19.16 -19.16 -19.19 -19.19 -19.12 -19.03 -19.06 -19.19 -19.34 -19.41 -19.53 -19.69 -19.88 -19.94 -20.03 -20.09 -20.16 -20.22 -20.25 -20.31 -20.38 -20.44 -20.44 -20.44 -20.47 -20.47 -20.41 -20.44 -20.38 -20.34 -20.41 -20.53 -20.66 -20.75 -20.81 -20.88 -20.91 -20.94 -20.88 -20.91 -20.91 -20.91 -20.88 -20.88 -20.84 -20.78 -20.72 -20.69 -20.78 -20.78 -20.69 -20.59 -20.41 -20.22 -20.19 -20.28 -20.25 -20.16 -20.09 -20.00 -19.91 -19.81 -19.75 -19.69 -19.59 -19.47 -19.31 -19.22 -19.12 -19.00 -18.78
-19.09 -19.16 -19.19 -19.19 -19.19 -19.09 -19.00 -19.12 -19.31 -19.44 -19.53 -19.66 -19.78 -19.84 -19.88 -19.94 -20.00 -20.00 -20.03 -20.09 -20.19 -20.28 -20.28 -20.25 -20.28 -20.28 -20.25 -20.31 -20.28 -20.25 -20.28 -20.31 -20.41 -20.50 -20.59 -20.66 -20.72 -20.78 -20.75 -20.78 -20.78 -20.75 -20.75 -20.75 -20.72 -20.59 -20.53 -20.56 -20.62 -20.66 -20.59 -20.44 -20.25 -20.09 -19.94 -20.03 -20.06 -20.00 -19.97 -19.88 -19.84 -19.72 -19.69 -19.62 -19.47 -19.31 -19.19 -19.09 -19.03 -18.88 -18.62
-19.09 -19.16 -19.22 -19.25 -19.31 -19.31 -19.22 -19.16 -19.28 -19.44 -19.50 -19.59 -19.66 -19.72 -19.78 -19.84 -19.91 -19.94 -20.00 -20.03 -20.09 -20.19 -20.19 -20.12 -20.16 -20.22 -20.28 -20.31 -20.34 -20.34 -20.28 -20.25 -20.31 -20.41 -20.47 -20.53 -20.62 -20.62 -20.62 -20.66 -20.66 -20.62 -20.66 -20.62 -20.56 -20.47 -20.44 -20.41 -20.50 -20.50 -20.44 -20.34 -20.25 -20.03 -19.91 -19.97 -20.03 -19.97 -19.88 -19.72 -19.66 -19.56 -19.53 -19.50 -19.38 -19.16 -18.97 -18.81 -18.66 -18.44 -18.22
-19.19 -19.25 -19.28 -19.31 -19.34 -19.38 -19.28 -19.22 -19.22 -19.34 -19.38 -19.44 -19.56 -19.66 -19.72 -19.75 -19.78 -19.84 -19.88 -19.94 -20.00 -20.06 -20.09 -20.09 -20.12 -20.19 -20.34 -20.38 -20.38 -20.34 -20.28 -20.28 -20.34 -20.47 -20.53 -20.56 -20.53 -20.56 -20.53 -20.53 -20.53 -20.56 -20.53 -20.53 -20.53 -20.44 -20.31 -20.28 -20.38 -20.41 -20.28 -20.06 -19.91 -19.84 -19.91 -19.91 -19.91 -19.88 -19.81 -19.75 -19.72 -19.56 -19.41 -19.38 -19.25 -19.06 -18.78 -18.53 -18.38 -18.41 -18.34
-19.22 -19.25 -19.28 -19.34 -19.38 -19.41 -19.34 -19.25 -19.25 -19.31 -19.34 -19.44 -19.50 -19.59 -19.62 -19.69 -19.78 -19.88 -19.94 -19.97 -20.00 -20.03 -20.03 -20.06 -20.12 -20.19 -20.28 -20.34 -20.38 -20.38 -20.34 -20.38 -20.47 -20.41 -20.44 -20.53 -20.53 -20.53 -20.56 -20.53 -20.53 -20.53 -20.50 -20.47 -20.44 -20.31 -20.22 -20.25 -20.31 -20.34 -20.16 -19.94 -19.84 -19.88 -19.91 -19.91 -19.84 -19.72 -19.69 -19.66 -19.56 -19.47 -19.28 -19.22 -19.12 -18.81 -18.50 -18.34 -18.22 -18.19 -18.12
-19.22 -19.25 -19.31 -19.34 -19.38 -19.34 -19.25 -19.12 -19.09 -19.25 -19.34 -19.41 -19.50 -19.59 -19.72 -19.91 -20.00 -20.09 -20.16 -20.22 -20.25 -20.25 -20.22 -20.25 -20.31 -20.34 -20.31 -20.31 -20.41 -20.47 -20.50 -20.47 -20.44 -20.41 -20.34 -20.41 -20.50 -20.59 -20.56 -20.59 -20.59 -20.59 -20.56 -20.50 -20.38 -20.28 -20.25 -20.22 -20.25 -20.12 -19.97 -19.91 -19.91 -19.84 -19.84 -19.88 -19.75 -19.66 -19.62 -19.59 -19.47 -19.44 -19.28 -19.06 -18.94 -18.72 -18.50 -18.34 -18.19 -18.06 -17.88
