everonasctiles/Tile43,2.asc
ncols 128
nrows 128
xllcorner 0
yllcorner 0
cellsize 2.0
NODATA_value  -9999
[rows 31 to 61 of 128, columns 0 to 69 of 128]
-90.97 -91.00 -91.06 -91.06 -91.06 -91.03 -90.97 -90.88 -90.81 -90.75 -90.78 -90.84 -90.94 -91.03 -91.09 -91.16 -91.22 -91.28 -91.28 -91.31 -91.28 -91.25 -91.16 -91.06 -90.94 -90.81 -90.69 -90.59 -90.47 -90.38 -90.28 -90.16 -90.06 -89.94 -89.81 -89.72 -89.59 -89.47 -89.34 -89.22 -89.09 -88.97 -88.88 -88.75 -88.66 -88.53 -88.44 -88.34 -88.22 -88.12 -88.00 -87.91 -87.78 -87.69 -87.59 -87.53 -87.47 -87.47 -87.50 -87.53 -87.59 -87.66 -87.69 -87.75 -87.81 -87.94 -88.06 -88.19 -88.31 -88.47
-90.84 -90.88 -90.94 -90.97 -90.97 -90.91 -90.84 -90.75 -90.66 -90.62 -90.66 -90.72 -90.81 -90.91 -90.97 -91.06 -91.12 -91.16 -91.19 -91.22 -91.22 -91.16 -91.09 -91.03 -90.91 -90.78 -90.66 -90.53 -90.41 -90.31 -90.19 -90.09 -90.00 -89.88 -89.78 -89.66 -89.56 -89.44 -89.31 -89.22 -89.09 -89.00 -88.88 -88.78 -88.69 -88.59 -88.47 -88.38 -88.28 -88.19 -88.09 -87.97 -87.88 -87.81 -87.72 -87.66 -87.62 -87.62 -87.66 -87.69 -87.75 -87.81 -87.84 -87.88 -87.94 -88.03 -88.12 -88.22 -88.34 -88.50
-90.69 -90.75 -90.81 -90.84 -90.84 -90.81 -90.72 -90.62 -90.53 -90.50 -90.50 -90.59 -90.69 -90.78 -90.84 -90.94 -91.00 -91.06 -91.09 -91.12 -91.12 -91.09 -91.03 -90.97 -90.88 -90.75 -90.62 -90.50 -90.38 -90.25 -90.12 -90.03 -89.91 -89.81 -89.72 -89.59 -89.50 -89.41 -89.31 -89.19 -89.09 -89.00 -88.91 -88.81 -88.72 -88.62 -88.53 -88.44 -88.34 -88.28 -88.19 -88.09 -88.00 -87.94 -87.88 -87.81 -87.78 -87.78 -87.81 -87.88 -87.91 -87.97 -88.00 -88.03 -88.06 -88.16 -88.22 -88.31 -88.41 -88.53
-90.56 -90.62 -90.69 -90.69 -90.69 -90.66 -90.59 -90.50 -90.44 -90.38 -90.41 -90.47 -90.56 -90.62 -90.72 -90.81 -90.88 -90.97 -91.00 -91.03 -91.03 -91.00 -90.97 -90.91 -90.81 -90.72 -90.59 -90.47 -90.34 -90.22 -90.09 -89.97 -89.84 -89.75 -89.66 -89.56 -89.47 -89.38 -89.28 -89.19 -89.09 -89.00 -88.91 -88.81 -88.72 -88.66 -88.56 -88.50 -88.44 -88.38 -88.28 -88.22 -88.16 -88.09 -88.00 -87.94 -87.94 -87.94 -87.97 -88.03 -88.09 -88.12 -88.16 -88.19 -88.22 -88.28 -88.38 -88.44 -88.53 -88.62
-90.44 -90.50 -90.53 -90.56 -90.56 -90.53 -90.47 -90.41 -90.31 -90.28 -90.28 -90.34 -90.44 -90.53 -90.59 -90.69 -90.78 -90.84 -90.91 -90.94 -90.94 -90.94 -90.88 -90.84 -90.75 -90.66 -90.56 -90.44 -90.31 -90.19 -90.06 -89.94 -89.81 -89.69 -89.59 -89.50 -89.41 -89.31 -89.22 -89.16 -89.06 -88.97 -88.91 -88.81 -88.75 -88.69 -88.66 -88.59 -88.53 -88.50 -88.44 -88.38 -88.31 -88.25 -88.16 -88.09 -88.09 -88.09 -88.16 -88.22 -88.25 -88.31 -88.34 -88.38 -88.41 -88.47 -88.53 -88.59 -88.69 -88.75
-90.28 -90.34 -90.41 -90.41 -90.41 -90.38 -90.34 -90.28 -90.22 -90.16 -90.19 -90.25 -90.31 -90.41 -90.50 -90.56 -90.66 -90.72 -90.78 -90.81 -90.84 -90.84 -90.81 -90.75 -90.69 -90.62 -90.53 -90.41 -90.28 -90.16 -90.03 -89.88 -89.75 -89.62 -89.53 -89.44 -89.34 -89.28 -89.19 -89.12 -89.03 -88.97 -88.91 -88.84 -88.78 -88.75 -88.72 -88.69 -88.66 -88.62 -88.59 -88.53 -88.47 -88.41 -88.34 -88.28 -88.25 -88.28 -88.34 -88.38 -88.44 -88.47 -88.50 -88.53 -88.56 -88.62 -88.69 -88.75 -88.84 -88.91
-90.12 -90.19 -90.25 -90.28 -90.25 -90.22 -90.19 -90.12 -90.09 -90.06 -90.09 -90.16 -90.22 -90.31 -90.41 -90.47 -90.56 -90.62 -90.69 -90.72 -90.75 -90.75 -90.72 -90.69 -90.62 -90.56 -90.47 -90.38 -90.25 -90.12 -89.97 -89.84 -89.69 -89.56 -89.47 -89.38 -89.31 -89.22 -89.16 -89.09 -89.03 -88.97 -88.91 -88.88 -88.84 -88.84 -88.81 -88.81 -88.78 -88.75 -88.72 -88.69 -88.62 -88.56 -88.50 -88.44 -88.44 -88.47 -88.50 -88.56 -88.59 -88.66 -88.69 -88.72 -88.75 -88.81 -88.88 -88.94 -89.00 -89.09
-89.97 -90.03 -90.09 -90.09 -90.09 -90.06 -90.03 -90.00 -89.97 -89.94 -90.00 -90.06 -90.16 -90.22 -90.31 -90.38 -90.44 -90.50 -90.56 -90.62 -90.66 -90.66 -90.62 -90.62 -90.56 -90.50 -90.44 -90.31 -90.22 -90.09 -89.94 -89.81 -89.66 -89.53 -89.41 -89.31 -89.25 -89.19 -89.12 -89.06 -89.00 -88.97 -88.94 -88.94 -88.94 -88.94 -88.94 -88.94 -88.91 -88.91 -88.88 -88.84 -88.81 -88.75 -88.69 -88.62 -88.62 -88.66 -88.69 -88.75 -88.78 -88.81 -88.84 -88.88 -88.94 -88.97 -89.03 -89.09 -89.19 -89.25
-89.81 -89.88 -89.91 -89.94 -89.94 -89.91 -89.88 -89.84 -89.84 -89.84 -89.91 -89.97 -90.06 -90.16 -90.22 -90.31 -90.38 -90.41 -90.47 -90.50 -90.53 -90.53 -90.53 -90.53 -90.50 -90.44 -90.38 -90.25 -90.16 -90.03 -89.91 -89.75 -89.62 -89.47 -89.38 -89.28 -89.19 -89.12 -89.06 -89.03 -89.00 -89.00 -89.00 -89.00 -89.03 -89.03 -89.03 -89.03 -89.03 -89.03 -89.03 -89.00 -88.97 -88.91 -88.88 -88.84 -88.81 -88.84 -88.88 -88.91 -88.94 -89.00 -89.03 -89.06 -89.09 -89.16 -89.22 -89.28 -89.34 -89.44
-89.66 -89.72 -89.75 -89.78 -89.75 -89.75 -89.72 -89.72 -89.72 -89.75 -89.81 -89.91 -90.00 -90.09 -90.16 -90.22 -90.28 -90.31 -90.38 -90.41 -90.44 -90.44 -90.44 -90.44 -90.41 -90.38 -90.28 -90.19 -90.09 -89.97 -89.81 -89.69 -89.56 -89.44 -89.31 -89.22 -89.16 -89.09 -89.03 -89.03 -89.03 -89.06 -89.06 -89.09 -89.09 -89.12 -89.16 -89.16 -89.19 -89.19 -89.19 -89.16 -89.12 -89.09 -89.06 -89.03 -89.03 -89.06 -89.06 -89.09 -89.12 -89.16 -89.19 -89.25 -89.28 -89.34 -89.41 -89.47 -89.53 -89.62
-89.50 -89.56 -89.59 -89.59 -89.59 -89.59 -89.56 -89.59 -89.59 -89.66 -89.75 -89.81 -89.91 -90.00 -90.09 -90.16 -90.19 -90.22 -90.25 -90.28 -90.31 -90.34 -90.34 -90.34 -90.31 -90.28 -90.22 -90.12 -90.00 -89.88 -89.75 -89.62 -89.50 -89.38 -89.28 -89.19 -89.09 -89.06 -89.03 -89.06 -89.09 -89.12 -89.16 -89.16 -89.19 -89.22 -89.25 -89.28 -89.31 -89.31 -89.31 -89.31 -89.31 -89.28 -89.28 -89.25 -89.25 -89.25 -89.25 -89.28 -89.28 -89.31 -89.38 -89.41 -89.47 -89.53 -89.59 -89.66 -89.72 -89.81
-89.34 -89.41 -89.44 -89.44 -89.44 -89.44 -89.44 -89.47 -89.50 -89.59 -89.66 -89.75 -89.84 -89.94 -90.00 -90.06 -90.09 -90.12 -90.16 -90.19 -90.19 -90.22 -90.25 -90.25 -90.22 -90.19 -90.12 -90.03 -89.94 -89.81 -89.69 -89.56 -89.44 -89.31 -89.22 -89.16 -89.09 -89.06 -89.09 -89.12 -89.19 -89.22 -89.25 -89.25 -89.28 -89.31 -89.34 -89.38 -89.44 -89.47 -89.50 -89.50 -89.50 -89.50 -89.47 -89.47 -89.47 -89.47 -89.44 -89.44 -89.47 -89.50 -89.56 -89.59 -89.66 -89.72 -89.78 -89.84 -89.91 -90.00
-89.19 -89.22 -89.25 -89.25 -89.28 -89.28 -89.28 -89.34 -89.41 -89.50 -89.59 -89.69 -89.78 -89.84 -89.91 -89.94 -89.97 -90.00 -90.03 -90.06 -90.09 -90.12 -90.12 -90.12 -90.12 -90.09 -90.03 -89.94 -89.84 -89.72 -89.59 -89.50 -89.38 -89.28 -89.19 -89.12 -89.09 -89.09 -89.16 -89.22 -89.25 -89.31 -89.34 -89.38 -89.38 -89.41 -89.44 -89.50 -89.56 -89.62 -89.66 -89.69 -89.69 -89.69 -89.69 -89.66 -89.66 -89.66 -89.66 -89.66 -89.66 -89.69 -89.75 -89.78 -89.84 -89.91 -89.97 -90.06 -90.12 -90.19
-89.00 -89.03 -89.06 -89.09 -89.12 -89.12 -89.16 -89.22 -89.31 -89.41 -89.53 -89.59 -89.69 -89.75 -89.78 -89.81 -89.84 -89.88 -89.91 -89.94 -89.97 -90.00 -90.03 -90.03 -90.00 -89.97 -89.94 -89.84 -89.78 -89.66 -89.56 -89.44 -89.34 -89.25 -89.19 -89.12 -89.12 -89.16 -89.22 -89.28 -89.34 -89.41 -89.44 -89.47 -89.50 -89.53 -89.56 -89.62 -89.69 -89.78 -89.81 -89.88 -89.91 -89.91 -89.88 -89.88 -89.84 -89.84 -89.84 -89.84 -89.88 -89.91 -89.94 -90.00 -90.06 -90.12 -90.19 -90.25 -90.31 -90.38
-88.84 -88.88 -88.91 -88.94 -88.97 -89.00 -89.06 -89.12 -89.22 -89.31 -89.44 -89.50 -89.56 -89.62 -89.66 -89.69 -89.72 -89.75 -89.78 -89.84 -89.88 -89.91 -89.91 -89.91 -89.91 -89.88 -89.81 -89.75 -89.69 -89.59 -89.50 -89.41 -89.31 -89.25 -89.19 -89.12 -89.16 -89.22 -89.28 -89.38 -89.44 -89.50 -89.56 -89.59 -89.62 -89.69 -89.72 -89.78 -89.84 -89.94 -90.00 -90.06 -90.09 -90.09 -90.09 -90.06 -90.03 -90.03 -90.03 -90.03 -90.06 -90.09 -90.16 -90.19 -90.25 -90.34 -90.41 -90.47 -90.53 -90.59
-88.66 -88.69 -88.72 -88.78 -88.81 -88.88 -88.94 -89.03 -89.12 -89.22 -89.31 -89.38 -89.44 -89.50 -89.53 -89.56 -89.59 -89.62 -89.69 -89.72 -89.75 -89.78 -89.81 -89.81 -89.78 -89.75 -89.72 -89.66 -89.59 -89.53 -89.47 -89.38 -89.31 -89.25 -89.19 -89.16 -89.22 -89.28 -89.38 -89.44 -89.53 -89.59 -89.66 -89.72 -89.78 -89.81 -89.88 -89.94 -90.03 -90.09 -90.19 -90.25 -90.28 -90.31 -90.28 -90.25 -90.25 -90.22 -90.22 -90.25 -90.28 -90.31 -90.38 -90.44 -90.50 -90.56 -90.62 -90.69 -90.75 -90.84
-88.47 -88.50 -88.56 -88.62 -88.69 -88.75 -88.81 -88.91 -89.00 -89.09 -89.19 -89.25 -89.31 -89.34 -89.41 -89.44 -89.47 -89.50 -89.56 -89.59 -89.62 -89.66 -89.69 -89.66 -89.66 -89.62 -89.59 -89.56 -89.50 -89.47 -89.41 -89.34 -89.28 -89.22 -89.19 -89.22 -89.28 -89.34 -89.44 -89.53 -89.62 -89.72 -89.78 -89.84 -89.91 -89.97 -90.06 -90.12 -90.22 -90.28 -90.38 -90.44 -90.50 -90.50 -90.50 -90.47 -90.44 -90.41 -90.41 -90.44 -90.47 -90.53 -90.59 -90.66 -90.72 -90.81 -90.88 -90.94 -91.00 -91.06
-88.28 -88.31 -88.38 -88.44 -88.53 -88.62 -88.72 -88.78 -88.88 -88.97 -89.06 -89.12 -89.19 -89.22 -89.25 -89.28 -89.31 -89.38 -89.44 -89.47 -89.50 -89.53 -89.53 -89.53 -89.50 -89.50 -89.47 -89.44 -89.41 -89.38 -89.34 -89.28 -89.25 -89.19 -89.19 -89.25 -89.31 -89.41 -89.50 -89.59 -89.69 -89.78 -89.88 -89.97 -90.06 -90.12 -90.22 -90.31 -90.41 -90.50 -90.56 -90.66 -90.69 -90.72 -90.69 -90.69 -90.66 -90.62 -90.62 -90.62 -90.66 -90.72 -90.78 -90.88 -90.94 -91.03 -91.09 -91.19 -91.25 -91.31
-88.09 -88.12 -88.22 -88.31 -88.41 -88.50 -88.59 -88.66 -88.75 -88.84 -88.91 -89.00 -89.03 -89.06 -89.09 -89.12 -89.16 -89.22 -89.28 -89.34 -89.38 -89.38 -89.38 -89.38 -89.34 -89.34 -89.34 -89.34 -89.34 -89.31 -89.28 -89.25 -89.19 -89.16 -89.19 -89.25 -89.34 -89.44 -89.56 -89.66 -89.78 -89.88 -89.97 -90.09 -90.19 -90.28 -90.41 -90.50 -90.59 -90.69 -90.75 -90.84 -90.88 -90.91 -90.91 -90.88 -90.88 -90.84 -90.81 -90.84 -90.88 -90.94 -91.00 -91.09 -91.19 -91.25 -91.34 -91.41 -91.50 -91.56
-87.91 -87.97 -88.06 -88.16 -88.28 -88.38 -88.47 -88.56 -88.62 -88.72 -88.78 -88.84 -88.91 -88.91 -88.94 -88.97 -89.03 -89.06 -89.12 -89.19 -89.19 -89.22 -89.19 -89.19 -89.19 -89.22 -89.22 -89.25 -89.25 -89.25 -89.22 -89.19 -89.16 -89.16 -89.19 -89.28 -89.38 -89.50 -89.62 -89.72 -89.84 -89.97 -90.09 -90.19 -90.31 -90.44 -90.56 -90.69 -90.78 -90.88 -90.97 -91.03 -91.06 -91.09 -91.09 -91.09 -91.06 -91.03 -91.03 -91.06 -91.09 -91.16 -91.22 -91.31 -91.41 -91.50 -91.59 -91.66 -91.75 -91.81
-87.75 -87.84 -87.94 -88.03 -88.16 -88.25 -88.34 -88.44 -88.53 -88.59 -88.66 -88.72 -88.75 -88.78 -88.78 -88.81 -88.84 -88.91 -88.97 -89.00 -89.03 -89.03 -89.03 -89.03 -89.06 -89.09 -89.12 -89.12 -89.16 -89.19 -89.16 -89.16 -89.12 -89.12 -89.19 -89.28 -89.41 -89.53 -89.66 -89.78 -89.94 -90.06 -90.19 -90.31 -90.44 -90.56 -90.72 -90.84 -90.97 -91.06 -91.16 -91.22 -91.25 -91.28 -91.28 -91.28 -91.28 -91.25 -91.25 -91.28 -91.31 -91.38 -91.44 -91.53 -91.62 -91.72 -91.81 -91.91 -91.97 -92.06
-87.62 -87.72 -87.84 -87.94 -88.06 -88.16 -88.25 -88.34 -88.41 -88.50 -88.56 -88.59 -88.62 -88.62 -88.66 -88.66 -88.72 -88.75 -88.78 -88.84 -88.84 -88.88 -88.88 -88.88 -88.91 -88.94 -89.00 -89.03 -89.06 -89.09 -89.12 -89.09 -89.09 -89.12 -89.19 -89.31 -89.44 -89.56 -89.72 -89.88 -90.03 -90.16 -90.28 -90.41 -90.56 -90.69 -90.84 -91.00 -91.12 -91.25 -91.34 -91.41 -91.44 -91.47 -91.50 -91.50 -91.47 -91.47 -91.50 -91.50 -91.56 -91.59 -91.69 -91.78 -91.88 -91.97 -92.06 -92.16 -92.22 -92.31
-87.56 -87.66 -87.75 -87.84 -87.97 -88.06 -88.16 -88.22 -88.31 -88.38 -88.44 -88.47 -88.50 -88.50 -88.50 -88.53 -88.56 -88.59 -88.62 -88.66 -88.69 -88.69 -88.72 -88.75 -88.78 -88.84 -88.91 -88.94 -89.00 -89.03 -89.03 -89.06 -89.09 -89.16 -89.22 -89.34 -89.47 -89.62 -89.78 -89.94 -90.09 -90.25 -90.41 -90.56 -90.69 -90.84 -90.97 -91.12 -91.28 -91.41 -91.53 -91.59 -91.62 -91.66 -91.69 -91.69 -91.69 -91.72 -91.72 -91.75 -91.81 -91.84 -91.94 -92.00 -92.09 -92.22 -92.31 -92.41 -92.47 -92.53
-87.50 -87.59 -87.69 -87.78 -87.88 -87.97 -88.06 -88.12 -88.22 -88.28 -88.31 -88.34 -88.38 -88.38 -88.41 -88.41 -88.44 -88.47 -88.50 -88.53 -88.53 -88.56 -88.59 -88.62 -88.69 -88.72 -88.78 -88.84 -88.91 -88.94 -88.97 -89.03 -89.09 -89.16 -89.28 -89.38 -89.53 -89.69 -89.88 -90.03 -90.22 -90.38 -90.53 -90.69 -90.81 -90.97 -91.12 -91.28 -91.44 -91.56 -91.69 -91.78 -91.81 -91.84 -91.88 -91.91 -91.91 -91.94 -91.97 -92.00 -92.06 -92.09 -92.16 -92.25 -92.34 -92.44 -92.53 -92.62 -92.72 -92.78
-87.44 -87.53 -87.59 -87.69 -87.78 -87.88 -87.97 -88.03 -88.12 -88.19 -88.22 -88.25 -88.28 -88.28 -88.31 -88.31 -88.34 -88.34 -88.38 -88.41 -88.41 -88.44 -88.47 -88.53 -88.59 -88.66 -88.72 -88.78 -88.81 -88.88 -88.94 -89.03 -89.12 -89.22 -89.34 -89.47 -89.62 -89.78 -89.97 -90.16 -90.31 -90.50 -90.66 -90.81 -90.97 -91.09 -91.25 -91.41 -91.56 -91.72 -91.84 -91.94 -92.00 -92.06 -92.09 -92.12 -92.16 -92.19 -92.22 -92.25 -92.28 -92.34 -92.41 -92.50 -92.59 -92.69 -92.78 -92.88 -92.97 -93.03
-87.41 -87.47 -87.56 -87.62 -87.72 -87.81 -87.88 -87.97 -88.06 -88.12 -88.19 -88.22 -88.22 -88.25 -88.25 -88.25 -88.25 -88.28 -88.28 -88.31 -88.31 -88.34 -88.38 -88.44 -88.50 -88.56 -88.62 -88.69 -88.78 -88.88 -88.97 -89.06 -89.19 -89.31 -89.44 -89.59 -89.75 -89.91 -90.09 -90.28 -90.44 -90.62 -90.78 -90.94 -91.09 -91.25 -91.41 -91.56 -91.69 -91.84 -92.00 -92.12 -92.19 -92.25 -92.31 -92.34 -92.38 -92.41 -92.44 -92.50 -92.53 -92.59 -92.66 -92.72 -92.81 -92.91 -93.03 -93.12 -93.22 -93.31
-87.41 -87.47 -87.53 -87.59 -87.69 -87.78 -87.88 -87.97 -88.06 -88.16 -88.22 -88.28 -88.31 -88.31 -88.34 -88.34 -88.34 -88.34 -88.31 -88.31 -88.28 -88.28 -88.31 -88.38 -88.44 -88.50 -88.59 -88.69 -88.78 -88.88 -89.00 -89.12 -89.25 -89.41 -89.56 -89.72 -89.88 -90.06 -90.22 -90.41 -90.59 -90.75 -90.91 -91.09 -91.25 -91.41 -91.56 -91.69 -91.84 -92.00 -92.16 -92.28 -92.38 -92.47 -92.50 -92.56 -92.59 -92.66 -92.69 -92.72 -92.78 -92.81 -92.88 -92.94 -93.03 -93.12 -93.25 -93.38 -93.47 -93.56
-87.44 -87.47 -87.53 -87.62 -87.72 -87.81 -87.94 -88.06 -88.16 -88.25 -88.34 -88.41 -88.44 -88.47 -88.47 -88.47 -88.47 -88.47 -88.47 -88.44 -88.41 -88.41 -88.38 -88.38 -88.44 -88.50 -88.59 -88.69 -88.81 -88.94 -89.09 -89.22 -89.38 -89.56 -89.72 -89.88 -90.03 -90.22 -90.38 -90.56 -90.72 -90.88 -91.06 -91.22 -91.38 -91.56 -91.72 -91.84 -92.00 -92.12 -92.28 -92.44 -92.56 -92.66 -92.72 -92.78 -92.84 -92.88 -92.94 -92.97 -93.00 -93.06 -93.09 -93.16 -93.25 -93.38 -93.50 -93.62 -93.75 -93.84
-87.47 -87.53 -87.59 -87.69 -87.78 -87.91 -88.03 -88.16 -88.28 -88.38 -88.47 -88.53 -88.59 -88.62 -88.66 -88.66 -88.66 -88.66 -88.66 -88.62 -88.59 -88.56 -88.53 -88.50 -88.50 -88.56 -88.69 -88.78 -88.91 -89.06 -89.22 -89.38 -89.53 -89.72 -89.88 -90.06 -90.22 -90.41 -90.56 -90.72 -90.88 -91.03 -91.19 -91.38 -91.53 -91.72 -91.88 -92.03 -92.16 -92.28 -92.44 -92.56 -92.72 -92.84 -92.94 -93.00 -93.06 -93.12 -93.16 -93.22 -93.25 -93.28 -93.31 -93.41 -93.50 -93.59 -93.72 -93.88 -94.00 -94.09
-87.56 -87.62 -87.69 -87.75 -87.88 -87.97 -88.12 -88.28 -88.41 -88.53 -88.62 -88.72 -88.78 -88.81 -88.84 -88.88 -88.88 -88.88 -88.88 -88.84 -88.84 -88.81 -88.75 -88.72 -88.69 -88.75 -88.84 -88.94 -89.06 -89.22 -89.38 -89.56 -89.72 -89.91 -90.06 -90.25 -90.44 -90.59 -90.75 -90.91 -91.06 -91.22 -91.38 -91.53 -91.69 -91.88 -92.03 -92.19 -92.34 -92.47 -92.59 -92.72 -92.88 -93.00 -93.12 -93.22 -93.28 -93.34 -93.41 -93.44 -93.50 -93.53 -93.56 -93.62 -93.75 -93.84 -93.97 -94.09 -94.25 -94.34
-87.66 -87.72 -87.78 -87.88 -87.97 -88.09 -88.22 -88.38 -88.53 -88.69 -88.78 -88.88 -88.97 -89.03 -89.06 -89.09 -89.09 -89.12 -89.12 -89.12 -89.09 -89.06 -89.00 -88.97 -88.94 -88.97 -89.06 -89.16 -89.28 -89.44 -89.59 -89.75 -89.91 -90.09 -90.28 -90.47 -90.66 -90.84 -91.00 -91.16 -91.31 -91.44 -91.59 -91.72 -91.88 -92.06 -92.22 -92.41 -92.53 -92.66 -92.78 -92.91 -93.03 -93.16 -93.28 -93.41 -93.47 -93.56 -93.62 -93.69 -93.72 -93.75 -93.81 -93.88 -94.00 -94.09 -94.22 -94.34 -94.50 -94.59
