everonasctiles/Tile[25,39].asc
ncols 128
nrows 128
xllcorner 0
yllcorner 0
cellsize 2.0
NODATA_value  -9999
[rows 0 to 31 of 128, columns 0 to 71 of 128]
-28.47 -28.81 -29.09 -29.31 -29.62 -30.12 -30.59 -31.00 -31.34 -31.66 -31.97 -32.22 -32.47 -32.69 -32.81 -32.91 -32.94 -33.03 -33.00 -32.97 -32.81 -32.69 -32.59 -32.53 -32.44 -32.31 -32.16 -32.00 -31.78 -31.59 -31.41 -31.22 -31.06 -30.88 -30.62 -30.38 -30.12 -29.88 -29.59 -29.34 -29.19 -29.00 -28.72 -28.50 -28.28 -28.06 -27.78 -27.56 -27.44 -27.28 -27.06 -26.88 -26.66 -26.41 -26.25 -26.06 -25.94 -25.75 -25.53 -25.41 -25.34 -25.25 -25.22 -25.25 -25.16 -25.09 -25.12 -25.06 -25.00 -24.94 -25.06 -25.12
-29.09 -29.50 -29.75 -30.00 -30.28 -30.66 -31.03 -31.44 -31.78 -32.06 -32.38 -32.69 -32.94 -33.12 -33.28 -33.34 -33.44 -33.47 -33.44 -33.38 -33.28 -33.12 -33.00 -32.84 -32.72 -32.56 -32.41 -32.22 -31.97 -31.78 -31.59 -31.44 -31.22 -31.03 -30.81 -30.59 -30.31 -30.03 -29.78 -29.47 -29.16 -29.00 -28.78 -28.53 -28.31 -28.06 -27.81 -27.56 -27.41 -27.19 -27.00 -26.81 -26.62 -26.38 -26.22 -26.03 -25.88 -25.72 -25.53 -25.38 -25.25 -25.00 -24.97 -25.06 -25.03 -24.97 -24.94 -24.91 -24.84 -24.78 -24.88 -24.81
-29.62 -30.09 -30.47 -30.69 -30.94 -31.28 -31.62 -31.97 -32.25 -32.59 -32.91 -33.19 -33.41 -33.56 -33.72 -33.78 -33.84 -33.84 -33.84 -33.75 -33.66 -33.56 -33.41 -33.28 -33.03 -32.84 -32.66 -32.44 -32.22 -32.03 -31.81 -31.56 -31.34 -31.19 -31.00 -30.75 -30.50 -30.22 -29.91 -29.62 -29.34 -29.09 -28.88 -28.66 -28.38 -28.09 -27.81 -27.56 -27.31 -27.12 -26.94 -26.75 -26.62 -26.44 -26.22 -26.03 -25.88 -25.72 -25.56 -25.31 -25.09 -24.91 -24.81 -24.88 -24.91 -24.91 -24.88 -24.81 -24.75 -24.62 -24.66 -24.59
-30.25 -30.78 -31.12 -31.38 -31.62 -31.94 -32.25 -32.59 -32.91 -33.19 -33.47 -33.69 -33.88 -34.00 -34.12 -34.19 -34.25 -34.25 -34.22 -34.12 -34.03 -33.91 -33.78 -33.59 -33.41 -33.19 -32.97 -32.72 -32.50 -32.28 -32.03 -31.81 -31.59 -31.34 -31.16 -30.91 -30.66 -30.38 -30.06 -29.75 -29.50 -29.25 -29.03 -28.72 -28.44 -28.09 -27.78 -27.56 -27.31 -27.09 -26.91 -26.72 -26.59 -26.38 -26.19 -26.03 -25.88 -25.69 -25.53 -25.31 -25.06 -24.81 -24.72 -24.66 -24.72 -24.78 -24.81 -24.75 -24.66 -24.47 -24.44 -24.50
-30.88 -31.38 -31.78 -31.97 -32.28 -32.59 -32.91 -33.19 -33.47 -33.78 -33.97 -34.16 -34.31 -34.44 -34.53 -34.59 -34.62 -34.62 -34.56 -34.50 -34.38 -34.25 -34.09 -33.94 -33.72 -33.50 -33.25 -33.03 -32.78 -32.56 -32.34 -32.09 -31.81 -31.56 -31.31 -31.06 -30.78 -30.50 -30.19 -29.91 -29.62 -29.41 -29.16 -28.88 -28.53 -28.16 -27.84 -27.59 -27.34 -27.12 -26.91 -26.72 -26.56 -26.38 -26.16 -26.00 -25.81 -25.69 -25.50 -25.25 -25.03 -24.81 -24.69 -24.56 -24.53 -24.59 -24.62 -24.53 -24.44 -24.31 -24.22 -24.38
-31.53 -31.97 -32.38 -32.75 -32.94 -33.22 -33.50 -33.78 -34.06 -34.25 -34.44 -34.59 -34.72 -34.81 -34.91 -34.97 -35.00 -34.97 -34.91 -34.84 -34.72 -34.59 -34.41 -34.22 -34.00 -33.78 -33.53 -33.28 -33.06 -32.81 -32.56 -32.31 -32.03 -31.75 -31.47 -31.19 -30.88 -30.59 -30.34 -30.06 -29.78 -29.50 -29.19 -28.91 -28.59 -28.22 -28.00 -27.69 -27.38 -27.16 -26.91 -26.75 -26.53 -26.34 -26.16 -25.94 -25.75 -25.62 -25.50 -25.28 -25.03 -24.81 -24.69 -24.53 -24.47 -24.44 -24.38 -24.31 -24.25 -24.22 -24.16 -24.12
-32.28 -32.66 -33.03 -33.34 -33.62 -33.81 -34.06 -34.34 -34.53 -34.72 -34.88 -35.00 -35.12 -35.22 -35.28 -35.34 -35.34 -35.31 -35.25 -35.16 -35.03 -34.88 -34.72 -34.53 -34.28 -34.03 -33.78 -33.53 -33.28 -33.03 -32.78 -32.50 -32.22 -31.91 -31.59 -31.31 -31.00 -30.69 -30.38 -30.09 -29.84 -29.56 -29.22 -28.88 -28.56 -28.22 -28.00 -27.78 -27.47 -27.16 -26.94 -26.75 -26.53 -26.34 -26.12 -25.88 -25.72 -25.56 -25.44 -25.25 -25.00 -24.84 -24.66 -24.53 -24.41 -24.31 -24.25 -24.16 -24.16 -24.09 -24.06 -24.00
-32.97 -33.31 -33.62 -33.97 -34.19 -34.47 -34.66 -34.81 -35.00 -35.16 -35.31 -35.41 -35.53 -35.59 -35.66 -35.69 -35.69 -35.62 -35.56 -35.44 -35.31 -35.19 -35.00 -34.78 -34.53 -34.28 -34.00 -33.75 -33.50 -33.25 -32.97 -32.69 -32.38 -32.03 -31.72 -31.41 -31.09 -30.75 -30.41 -30.09 -29.81 -29.50 -29.22 -28.88 -28.50 -28.25 -28.06 -27.81 -27.53 -27.22 -26.94 -26.72 -26.53 -26.31 -26.12 -25.84 -25.66 -25.50 -25.34 -25.19 -25.03 -24.81 -24.66 -24.53 -24.41 -24.22 -24.19 -24.12 -24.06 -24.00 -23.97 -23.97
-33.66 -33.94 -34.28 -34.56 -34.78 -34.97 -35.12 -35.28 -35.44 -35.56 -35.69 -35.81 -35.88 -35.94 -36.00 -36.00 -36.00 -35.94 -35.84 -35.75 -35.59 -35.44 -35.25 -35.00 -34.75 -34.50 -34.25 -33.97 -33.72 -33.44 -33.16 -32.84 -32.53 -32.16 -31.88 -31.53 -31.19 -30.81 -30.44 -30.06 -29.75 -29.44 -29.16 -28.88 -28.56 -28.28 -28.06 -27.81 -27.53 -27.22 -26.97 -26.75 -26.50 -26.31 -26.09 -25.84 -25.62 -25.47 -25.31 -25.09 -24.94 -24.78 -24.62 -24.47 -24.34 -24.16 -24.06 -24.03 -23.97 -23.91 -23.88 -23.81
-34.34 -34.66 -34.88 -35.06 -35.25 -35.41 -35.56 -35.72 -35.84 -35.97 -36.09 -36.19 -36.25 -36.28 -36.31 -36.31 -36.28 -36.22 -36.12 -36.00 -35.88 -35.69 -35.47 -35.22 -34.97 -34.72 -34.47 -34.19 -33.94 -33.62 -33.31 -33.00 -32.69 -32.28 -31.94 -31.62 -31.25 -30.91 -30.50 -30.09 -29.78 -29.41 -29.09 -28.81 -28.53 -28.19 -27.97 -27.75 -27.47 -27.16 -26.94 -26.72 -26.50 -26.31 -26.03 -25.78 -25.59 -25.41 -25.25 -25.03 -24.78 -24.59 -24.47 -24.34 -24.22 -24.09 -23.97 -23.94 -23.91 -23.88 -23.84 -23.78
-34.94 -35.16 -35.38 -35.56 -35.72 -35.84 -36.00 -36.12 -36.25 -36.34 -36.44 -36.50 -36.56 -36.59 -36.59 -36.59 -36.56 -36.47 -36.38 -36.25 -36.09 -35.91 -35.69 -35.44 -35.19 -34.94 -34.69 -34.41 -34.12 -33.81 -33.47 -33.12 -32.81 -32.44 -32.06 -31.72 -31.38 -31.00 -30.62 -30.22 -29.84 -29.47 -29.16 -28.81 -28.53 -28.19 -27.91 -27.69 -27.50 -27.19 -26.94 -26.69 -26.44 -26.22 -26.00 -25.75 -25.53 -25.34 -25.12 -24.88 -24.69 -24.50 -24.38 -24.25 -24.06 -23.94 -23.84 -23.84 -23.81 -23.75 -23.72 -23.75
-35.41 -35.62 -35.84 -36.00 -36.16 -36.28 -36.38 -36.50 -36.59 -36.69 -36.75 -36.81 -36.88 -36.88 -36.88 -36.84 -36.81 -36.72 -36.62 -36.47 -36.31 -36.12 -35.91 -35.66 -35.41 -35.16 -34.88 -34.59 -34.28 -33.94 -33.59 -33.25 -32.91 -32.53 -32.19 -31.84 -31.50 -31.09 -30.75 -30.38 -30.00 -29.62 -29.22 -28.84 -28.56 -28.25 -27.94 -27.66 -27.44 -27.19 -26.91 -26.69 -26.44 -26.22 -25.97 -25.72 -25.50 -25.28 -25.09 -24.88 -24.66 -24.47 -24.25 -24.09 -23.97 -23.81 -23.75 -23.72 -23.69 -23.59 -23.62 -23.66
-35.84 -36.06 -36.25 -36.41 -36.56 -36.66 -36.75 -36.84 -36.91 -37.00 -37.06 -37.09 -37.12 -37.12 -37.12 -37.09 -37.03 -36.94 -36.81 -36.69 -36.50 -36.31 -36.09 -35.88 -35.62 -35.38 -35.06 -34.75 -34.41 -34.06 -33.72 -33.38 -33.03 -32.66 -32.31 -31.94 -31.59 -31.22 -30.81 -30.44 -30.09 -29.72 -29.34 -28.94 -28.62 -28.28 -28.00 -27.66 -27.38 -27.09 -26.88 -26.69 -26.44 -26.16 -25.94 -25.69 -25.47 -25.25 -25.12 -24.91 -24.62 -24.38 -24.25 -24.06 -23.88 -23.75 -23.66 -23.59 -23.53 -23.47 -23.53 -23.53
-36.22 -36.44 -36.62 -36.78 -36.91 -37.00 -37.09 -37.16 -37.22 -37.28 -37.31 -37.34 -37.38 -37.34 -37.34 -37.28 -37.22 -37.12 -37.00 -36.88 -36.69 -36.50 -36.28 -36.06 -35.81 -35.53 -35.22 -34.91 -34.56 -34.19 -33.84 -33.50 -33.16 -32.81 -32.44 -32.03 -31.66 -31.28 -30.91 -30.50 -30.12 -29.78 -29.41 -28.97 -28.59 -28.31 -28.00 -27.69 -27.38 -27.00 -26.75 -26.59 -26.34 -26.09 -25.84 -25.62 -25.38 -25.16 -25.03 -24.88 -24.62 -24.47 -24.28 -24.09 -23.88 -23.75 -23.69 -23.62 -23.53 -23.44 -23.38 -23.41
-36.59 -36.81 -36.97 -37.12 -37.22 -37.31 -37.38 -37.44 -37.47 -37.53 -37.56 -37.56 -37.56 -37.56 -37.53 -37.47 -37.41 -37.31 -37.19 -37.03 -36.88 -36.69 -36.47 -36.22 -35.97 -35.66 -35.34 -35.03 -34.69 -34.31 -33.97 -33.59 -33.25 -32.91 -32.53 -32.12 -31.72 -31.31 -30.94 -30.53 -30.16 -29.81 -29.44 -29.00 -28.59 -28.28 -28.03 -27.69 -27.31 -26.97 -26.62 -26.50 -26.28 -26.06 -25.78 -25.53 -25.31 -25.09 -24.88 -24.75 -24.62 -24.47 -24.31 -24.09 -23.91 -23.72 -23.62 -23.59 -23.47 -23.41 -23.34 -23.25
-36.91 -37.12 -37.28 -37.41 -37.50 -37.56 -37.62 -37.69 -37.72 -37.75 -37.75 -37.78 -37.75 -37.72 -37.69 -37.66 -37.56 -37.47 -37.34 -37.19 -37.00 -36.81 -36.59 -36.34 -36.09 -35.78 -35.47 -35.12 -34.78 -34.44 -34.06 -33.72 -33.34 -32.97 -32.56 -32.16 -31.72 -31.31 -30.94 -30.53 -30.16 -29.75 -29.38 -28.97 -28.56 -28.22 -27.94 -27.59 -27.22 -26.91 -26.62 -26.38 -26.22 -26.00 -25.72 -25.47 -25.22 -25.03 -24.84 -24.75 -24.59 -24.38 -24.25 -24.03 -23.84 -23.69 -23.56 -23.47 -23.41 -23.28 -23.16 -23.16
-37.22 -37.38 -37.53 -37.66 -37.75 -37.81 -37.84 -37.88 -37.91 -37.94 -37.94 -37.94 -37.91 -37.88 -37.84 -37.78 -37.72 -37.59 -37.47 -37.31 -37.12 -36.94 -36.72 -36.47 -36.19 -35.88 -35.56 -35.25 -34.88 -34.53 -34.16 -33.78 -33.41 -33.00 -32.59 -32.16 -31.69 -31.28 -30.88 -30.47 -30.09 -29.69 -29.34 -28.94 -28.53 -28.16 -27.84 -27.50 -27.19 -26.84 -26.59 -26.34 -26.12 -25.94 -25.69 -25.41 -25.19 -25.03 -24.84 -24.62 -24.53 -24.38 -24.12 -23.94 -23.75 -23.56 -23.47 -23.38 -23.25 -23.16 -23.03 -23.03
-37.47 -37.62 -37.75 -37.88 -37.94 -38.00 -38.03 -38.06 -38.09 -38.09 -38.09 -38.09 -38.06 -38.03 -37.97 -37.91 -37.81 -37.72 -37.56 -37.41 -37.22 -37.03 -36.78 -36.53 -36.25 -35.97 -35.66 -35.31 -34.97 -34.59 -34.22 -33.84 -33.44 -33.00 -32.56 -32.12 -31.66 -31.19 -30.78 -30.38 -29.97 -29.59 -29.22 -28.84 -28.47 -28.09 -27.81 -27.44 -27.06 -26.78 -26.56 -26.28 -26.03 -25.84 -25.62 -25.34 -25.09 -24.91 -24.75 -24.50 -24.31 -24.22 -24.06 -23.88 -23.69 -23.50 -23.34 -23.25 -23.16 -23.06 -23.00 -23.00
-37.69 -37.84 -37.97 -38.06 -38.12 -38.16 -38.19 -38.22 -38.22 -38.22 -38.22 -38.19 -38.16 -38.12 -38.06 -38.00 -37.91 -37.81 -37.66 -37.50 -37.31 -37.09 -36.88 -36.59 -36.31 -36.03 -35.72 -35.38 -35.03 -34.66 -34.25 -33.88 -33.47 -33.00 -32.56 -32.09 -31.62 -31.19 -30.75 -30.31 -29.91 -29.50 -29.12 -28.75 -28.38 -28.03 -27.72 -27.38 -27.03 -26.69 -26.44 -26.16 -25.94 -25.72 -25.50 -25.22 -24.94 -24.72 -24.56 -24.34 -24.19 -24.06 -23.91 -23.84 -23.69 -23.50 -23.31 -23.16 -23.12 -23.00 -22.94 -22.94
-37.88 -38.00 -38.12 -38.19 -38.25 -38.31 -38.31 -38.34 -38.34 -38.34 -38.31 -38.28 -38.25 -38.22 -38.16 -38.09 -38.00 -37.88 -37.72 -37.56 -37.38 -37.16 -36.91 -36.66 -36.38 -36.06 -35.75 -35.41 -35.03 -34.66 -34.28 -33.88 -33.47 -33.00 -32.53 -32.06 -31.59 -31.16 -30.72 -30.25 -29.84 -29.41 -29.00 -28.66 -28.28 -27.94 -27.59 -27.28 -26.97 -26.66 -26.34 -26.06 -25.81 -25.53 -25.28 -25.09 -24.88 -24.66 -24.47 -24.22 -24.09 -24.00 -23.88 -23.75 -23.69 -23.56 -23.38 -23.19 -23.06 -22.94 -22.88 -22.91
-38.03 -38.16 -38.25 -38.31 -38.38 -38.41 -38.44 -38.44 -38.44 -38.41 -38.41 -38.38 -38.34 -38.28 -38.22 -38.16 -38.06 -37.94 -37.78 -37.62 -37.41 -37.19 -36.97 -36.69 -36.41 -36.09 -35.75 -35.41 -35.03 -34.66 -34.25 -33.88 -33.47 -33.00 -32.53 -32.03 -31.59 -31.16 -30.69 -30.25 -29.81 -29.38 -28.97 -28.56 -28.22 -27.88 -27.53 -27.19 -26.84 -26.53 -26.31 -26.00 -25.75 -25.47 -25.19 -25.00 -24.81 -24.53 -24.31 -24.16 -24.03 -23.94 -23.84 -23.69 -23.59 -23.50 -23.34 -23.19 -22.97 -22.88 -22.84 -22.81
-38.19 -38.28 -38.38 -38.41 -38.47 -38.47 -38.50 -38.50 -38.50 -38.47 -38.47 -38.44 -38.38 -38.34 -38.28 -38.19 -38.09 -37.97 -37.81 -37.66 -37.47 -37.22 -36.97 -36.72 -36.41 -36.09 -35.75 -35.41 -35.00 -34.62 -34.22 -33.81 -33.41 -32.94 -32.47 -31.97 -31.53 -31.06 -30.62 -30.22 -29.78 -29.34 -28.94 -28.56 -28.16 -27.81 -27.50 -27.09 -26.78 -26.53 -26.28 -26.00 -25.72 -25.44 -25.22 -25.00 -24.78 -24.50 -24.22 -24.06 -24.00 -23.88 -23.75 -23.62 -23.53 -23.47 -23.31 -23.16 -23.00 -22.91 -22.94 -22.91
-38.28 -38.38 -38.44 -38.50 -38.53 -38.53 -38.56 -38.56 -38.53 -38.53 -38.50 -38.47 -38.44 -38.38 -38.31 -38.22 -38.12 -38.00 -37.84 -37.66 -37.47 -37.25 -36.97 -36.72 -36.41 -36.09 -35.75 -35.38 -34.97 -34.59 -34.16 -33.75 -33.31 -32.84 -32.38 -31.88 -31.44 -31.00 -30.56 -30.12 -29.72 -29.31 -28.91 -28.53 -28.16 -27.81 -27.44 -27.09 -26.75 -26.50 -26.25 -25.97 -25.69 -25.44 -25.19 -24.94 -24.72 -24.47 -24.25 -24.09 -23.97 -23.84 -23.72 -23.62 -23.59 -23.50 -23.38 -23.19 -23.03 -22.94 -23.00 -22.94
-38.38 -38.47 -38.53 -38.56 -38.56 -38.56 -38.59 -38.56 -38.56 -38.56 -38.53 -38.50 -38.44 -38.38 -38.31 -38.22 -38.12 -37.97 -37.84 -37.66 -37.44 -37.22 -36.97 -36.69 -36.38 -36.03 -35.69 -35.31 -34.94 -34.53 -34.09 -33.66 -33.19 -32.72 -32.19 -31.72 -31.28 -30.88 -30.47 -30.03 -29.62 -29.22 -28.84 -28.47 -28.09 -27.72 -27.38 -27.03 -26.72 -26.41 -26.19 -25.94 -25.69 -25.41 -25.12 -24.88 -24.62 -24.44 -24.31 -24.16 -24.00 -23.88 -23.72 -23.69 -23.62 -23.53 -23.41 -23.25 -23.09 -23.00 -23.00 -22.91
-38.44 -38.53 -38.56 -38.59 -38.59 -38.59 -38.59 -38.59 -38.59 -38.56 -38.53 -38.50 -38.44 -38.38 -38.31 -38.22 -38.09 -37.94 -37.78 -37.62 -37.41 -37.19 -36.91 -36.62 -36.31 -35.97 -35.62 -35.25 -34.84 -34.44 -34.00 -33.56 -33.06 -32.56 -32.06 -31.56 -31.09 -30.69 -30.28 -29.88 -29.47 -29.06 -28.69 -28.34 -28.00 -27.62 -27.28 -26.97 -26.66 -26.34 -26.09 -25.84 -25.59 -25.31 -25.03 -24.78 -24.62 -24.47 -24.31 -24.16 -24.00 -23.88 -23.75 -23.69 -23.59 -23.50 -23.38 -23.25 -23.12 -23.06 -22.97 -22.88
-38.50 -38.56 -38.59 -38.59 -38.62 -38.59 -38.59 -38.59 -38.59 -38.56 -38.53 -38.50 -38.44 -38.38 -38.28 -38.19 -38.06 -37.91 -37.75 -37.56 -37.34 -37.09 -36.84 -36.53 -36.22 -35.88 -35.50 -35.12 -34.75 -34.31 -33.91 -33.41 -32.91 -32.41 -31.91 -31.44 -30.94 -30.47 -30.06 -29.69 -29.28 -28.91 -28.56 -28.19 -27.84 -27.50 -27.16 -26.84 -26.56 -26.25 -25.97 -25.69 -25.44 -25.16 -24.91 -24.75 -24.62 -24.47 -24.31 -24.12 -24.00 -23.88 -23.75 -23.66 -23.53 -23.44 -23.34 -23.22 -23.09 -23.03 -22.97 -22.84
-38.50 -38.56 -38.59 -38.62 -38.62 -38.62 -38.59 -38.59 -38.56 -38.56 -38.53 -38.47 -38.41 -38.34 -38.25 -38.12 -38.00 -37.84 -37.66 -37.47 -37.22 -37.00 -36.72 -36.44 -36.09 -35.75 -35.38 -34.97 -34.59 -34.16 -33.72 -33.25 -32.72 -32.22 -31.75 -31.25 -30.75 -30.25 -29.84 -29.47 -29.06 -28.72 -28.34 -28.03 -27.66 -27.28 -26.97 -26.69 -26.41 -26.09 -25.78 -25.50 -25.25 -25.03 -24.81 -24.66 -24.56 -24.44 -24.25 -24.09 -23.94 -23.84 -23.72 -23.59 -23.47 -23.38 -23.31 -23.22 -23.06 -23.03 -22.94 -22.81
-38.50 -38.56 -38.59 -38.62 -38.62 -38.59 -38.59 -38.59 -38.56 -38.53 -38.50 -38.44 -38.38 -38.28 -38.19 -38.06 -37.94 -37.75 -37.56 -37.34 -37.09 -36.84 -36.56 -36.28 -35.94 -35.56 -35.19 -34.78 -34.38 -33.97 -33.50 -33.03 -32.50 -32.00 -31.50 -31.00 -30.53 -30.03 -29.59 -29.19 -28.78 -28.47 -28.12 -27.78 -27.41 -27.06 -26.72 -26.41 -26.16 -25.91 -25.66 -25.38 -25.12 -24.91 -24.69 -24.53 -24.47 -24.31 -24.16 -24.03 -23.91 -23.78 -23.66 -23.53 -23.44 -23.34 -23.28 -23.19 -23.06 -23.00 -22.88 -22.78
-38.47 -38.53 -38.56 -38.59 -38.59 -38.59 -38.59 -38.56 -38.53 -38.50 -38.47 -38.41 -38.31 -38.22 -38.12 -38.00 -37.84 -37.66 -37.44 -37.22 -36.97 -36.69 -36.41 -36.09 -35.75 -35.38 -35.00 -34.56 -34.16 -33.69 -33.22 -32.72 -32.22 -31.72 -31.22 -30.75 -30.25 -29.78 -29.34 -28.91 -28.53 -28.16 -27.84 -27.53 -27.22 -26.88 -26.56 -26.25 -25.97 -25.72 -25.47 -25.22 -25.00 -24.75 -24.59 -24.47 -24.34 -24.22 -24.03 -23.94 -23.81 -23.72 -23.59 -23.50 -23.38 -23.31 -23.25 -23.16 -23.06 -22.94 -22.81 -22.72
-38.41 -38.47 -38.53 -38.53 -38.56 -38.56 -38.53 -38.53 -38.50 -38.44 -38.41 -38.34 -38.25 -38.16 -38.03 -37.88 -37.72 -37.53 -37.31 -37.06 -36.81 -36.53 -36.22 -35.91 -35.56 -35.16 -34.78 -34.34 -33.88 -33.34 -32.84 -32.34 -31.91 -31.41 -30.91 -30.44 -29.97 -29.50 -29.06 -28.66 -28.25 -27.97 -27.62 -27.28 -27.00 -26.69 -26.41 -26.12 -25.81 -25.53 -25.28 -25.09 -24.91 -24.62 -24.44 -24.34 -24.22 -24.09 -23.94 -23.81 -23.72 -23.62 -23.53 -23.44 -23.34 -23.25 -23.19 -23.12 -23.03 -22.88 -22.75 -22.62
-38.31 -38.38 -38.44 -38.47 -38.47 -38.47 -38.47 -38.47 -38.44 -38.38 -38.31 -38.25 -38.16 -38.03 -37.91 -37.75 -37.59 -37.38 -37.16 -36.91 -36.62 -36.31 -36.00 -35.69 -35.31 -34.94 -34.53 -34.09 -33.56 -33.03 -32.53 -32.03 -31.53 -31.06 -30.59 -30.12 -29.66 -29.22 -28.81 -28.38 -27.97 -27.66 -27.38 -27.06 -26.78 -26.50 -26.22 -25.91 -25.62 -25.34 -25.12 -24.94 -24.75 -24.50 -24.31 -24.22 -24.12 -23.97 -23.84 -23.75 -23.62 -23.53 -23.44 -23.38 -23.28 -23.19 -23.12 -23.06 -22.97 -22.78 -22.72 -22.62
-38.19 -38.25 -38.31 -38.34 -38.38 -38.38 -38.38 -38.38 -38.34 -38.28 -38.22 -38.16 -38.03 -37.91 -37.78 -37.62 -37.44 -37.22 -36.97 -36.72 -36.41 -36.09 -35.78 -35.44 -35.09 -34.69 -34.31 -33.81 -33.25 -32.72 -32.19 -31.72 -31.19 -30.72 -30.25 -29.81 -29.38 -28.94 -28.50 -28.09 -27.72 -27.38 -27.06 -26.78 -26.53 -26.25 -26.00 -25.72 -25.44 -25.19 -25.00 -24.81 -24.56 -24.41 -24.19 -24.12 -24.00 -23.88 -23.78 -23.69 -23.56 -23.47 -23.34 -23.25 -23.19 -23.09 -23.00 -22.94 -22.84 -22.75 -22.69 -22.62
