everonasctiles/Tile[7,33].asc
ncols 128
nrows 128
xllcorner 0
yllcorner 0
cellsize 2.0
NODATA_value  -9999
[rows 32 to 63 of 128, columns 0 to 71 of 128]
-25.97 -25.97 -25.72 -25.75 -25.81 -25.72 -25.62 -25.59 -25.50 -25.22 -25.25 -25.59 -26.00 -25.94 -25.94 -25.97 -25.81 -25.66 -25.41 -25.03 -24.81 -24.44 -24.06 -23.75 -23.41 -23.25 -22.91 -22.66 -22.50 -21.84 -20.97 -20.03 -19.81 -20.62 -20.22 -19.00 -18.25 -17.66 -18.31 -18.47 -17.69 -17.66 -17.53 -17.41 -17.69 -16.81 -16.47 -16.69 -15.94 -15.03 -14.78 -13.75 -12.31 -12.19 -11.47 -11.81 -11.84 -11.31 -10.31 -9.97 -9.84 -9.53 -9.53 -9.50 -9.38 -8.88 -8.66 -8.84 -8.94 -9.22 -9.09 -8.78
-26.56 -26.44 -26.19 -26.03 -26.16 -26.09 -25.97 -25.91 -25.84 -25.78 -26.03 -26.25 -26.19 -25.97 -25.84 -25.81 -25.66 -25.62 -25.12 -24.88 -24.78 -24.47 -23.94 -23.41 -23.12 -22.91 -22.62 -22.81 -22.62 -21.75 -20.66 -20.25 -20.34 -20.44 -19.56 -18.72 -18.16 -18.06 -18.38 -18.19 -17.97 -17.62 -17.44 -17.50 -17.41 -16.97 -17.28 -16.38 -15.50 -15.00 -14.59 -13.66 -13.44 -11.69 -11.72 -12.03 -11.62 -11.31 -10.56 -9.44 -9.62 -8.84 -8.69 -8.19 -8.69 -8.88 -8.69 -8.91 -9.62 -9.06 -8.53 -8.19
-27.06 -26.94 -26.69 -26.59 -26.53 -26.38 -26.34 -26.31 -26.22 -26.38 -26.34 -26.41 -26.25 -26.19 -26.09 -26.06 -25.81 -25.66 -25.09 -24.81 -24.72 -23.94 -23.19 -22.69 -22.44 -22.50 -22.38 -22.41 -21.69 -20.81 -19.97 -19.59 -19.75 -18.91 -18.75 -18.66 -18.28 -18.03 -18.38 -18.16 -18.12 -17.75 -17.28 -17.06 -17.44 -17.78 -16.75 -15.75 -15.16 -14.66 -14.28 -14.38 -13.69 -12.06 -11.78 -12.06 -11.31 -10.84 -10.19 -9.34 -8.56 -8.50 -7.72 -7.44 -7.62 -7.62 -8.72 -9.59 -9.59 -8.94 -8.16 -8.31
-27.44 -27.22 -27.12 -26.94 -26.84 -26.78 -26.62 -26.59 -26.47 -26.50 -26.41 -26.38 -26.44 -26.38 -26.19 -25.97 -25.53 -25.38 -25.25 -25.00 -24.53 -23.69 -22.81 -21.78 -22.00 -22.12 -21.38 -21.56 -21.25 -20.38 -19.81 -19.62 -18.97 -18.62 -18.16 -18.00 -17.47 -17.25 -18.06 -18.31 -17.50 -17.22 -17.31 -17.50 -17.69 -17.62 -17.03 -15.88 -14.91 -14.28 -14.69 -14.41 -13.09 -12.19 -12.94 -11.88 -10.28 -10.50 -9.44 -8.81 -9.44 -8.91 -7.78 -6.62 -6.44 -6.62 -8.78 -10.00 -9.31 -8.66 -8.50 -8.19
-27.81 -27.59 -27.53 -27.34 -27.22 -27.16 -26.91 -26.72 -26.66 -26.56 -26.34 -26.34 -26.25 -26.19 -26.09 -25.88 -25.56 -25.31 -25.22 -24.84 -24.34 -23.88 -23.28 -22.50 -21.62 -21.09 -21.00 -21.38 -21.09 -20.75 -20.56 -20.00 -19.44 -19.00 -18.69 -17.72 -16.97 -16.69 -17.59 -17.44 -17.00 -17.38 -17.62 -17.25 -17.06 -16.59 -16.50 -15.28 -14.31 -14.62 -14.59 -14.06 -12.44 -13.25 -13.31 -11.38 -10.31 -10.59 -10.09 -10.31 -9.31 -8.50 -8.34 -7.19 -5.59 -7.16 -8.75 -9.69 -9.06 -7.91 -8.22 -8.34
-28.25 -27.91 -27.78 -27.62 -27.47 -27.31 -27.06 -26.94 -26.91 -26.88 -26.78 -26.75 -26.50 -26.25 -26.06 -26.03 -25.75 -25.41 -25.12 -24.75 -24.25 -23.91 -23.34 -22.41 -21.19 -20.81 -20.47 -20.56 -20.88 -21.12 -20.75 -20.25 -19.94 -19.62 -19.03 -18.47 -17.81 -17.66 -17.62 -17.94 -18.09 -17.47 -17.12 -16.88 -16.44 -15.84 -15.28 -15.22 -14.91 -14.50 -14.25 -13.94 -13.25 -14.16 -13.44 -11.66 -11.31 -10.69 -10.28 -10.41 -9.69 -7.84 -7.59 -6.28 -6.72 -7.56 -9.00 -9.59 -8.78 -8.19 -8.25 -8.59
-28.72 -28.38 -28.09 -27.81 -27.69 -27.44 -27.22 -27.16 -27.19 -27.19 -27.09 -27.16 -26.81 -26.53 -26.25 -26.06 -25.94 -25.62 -25.25 -24.72 -24.22 -23.88 -23.47 -22.84 -21.97 -21.22 -20.91 -20.41 -21.34 -21.34 -20.69 -20.34 -20.16 -19.75 -19.56 -19.16 -18.25 -18.12 -18.19 -18.91 -19.03 -17.94 -17.22 -16.91 -16.72 -15.62 -15.09 -15.50 -15.28 -14.22 -13.59 -13.34 -13.53 -13.84 -13.09 -12.28 -11.38 -10.59 -9.91 -10.25 -9.84 -8.53 -7.84 -7.97 -8.00 -8.12 -8.94 -8.75 -8.34 -8.47 -8.56 -8.56
-28.97 -28.56 -28.22 -27.91 -27.69 -27.56 -27.44 -27.41 -27.44 -27.41 -27.34 -27.19 -27.03 -26.72 -26.44 -26.19 -26.06 -25.75 -25.25 -24.75 -24.16 -23.81 -23.28 -22.84 -22.41 -21.81 -21.62 -21.66 -21.75 -21.38 -20.88 -20.66 -20.38 -19.97 -19.72 -19.38 -19.12 -18.69 -18.88 -19.06 -19.00 -18.44 -17.44 -16.44 -15.94 -15.41 -15.72 -15.44 -14.44 -13.91 -13.59 -14.03 -14.16 -14.09 -13.34 -12.56 -11.97 -11.25 -10.34 -10.25 -10.28 -9.50 -9.78 -9.06 -8.66 -8.78 -9.03 -8.81 -8.66 -8.78 -8.62 -8.53
-29.06 -28.72 -28.41 -28.12 -27.97 -27.88 -27.81 -27.78 -27.75 -27.69 -27.66 -27.50 -27.31 -27.03 -26.72 -26.34 -26.00 -25.56 -25.16 -24.75 -24.28 -23.66 -23.22 -22.91 -22.75 -22.62 -22.72 -22.28 -22.00 -21.59 -21.25 -20.81 -20.53 -20.28 -19.91 -19.53 -19.22 -19.09 -18.84 -18.69 -18.84 -18.28 -17.47 -16.56 -16.03 -16.31 -15.78 -15.12 -13.72 -13.75 -13.84 -14.22 -14.78 -14.69 -14.00 -12.81 -12.16 -11.75 -10.91 -10.56 -9.56 -9.44 -9.19 -8.78 -8.66 -9.25 -9.38 -8.91 -8.69 -8.78 -8.59 -8.47
-29.22 -28.84 -28.56 -28.28 -28.12 -28.09 -28.06 -28.06 -28.03 -28.00 -27.94 -27.72 -27.44 -27.19 -26.94 -26.44 -26.06 -25.62 -25.09 -24.72 -24.16 -23.75 -23.28 -22.94 -22.97 -23.19 -22.94 -22.41 -22.34 -21.94 -21.53 -21.09 -21.00 -20.50 -20.12 -19.88 -19.59 -19.38 -18.94 -18.72 -18.47 -17.97 -17.50 -16.91 -16.75 -16.53 -15.72 -14.91 -14.47 -14.31 -14.47 -14.69 -15.22 -14.94 -14.25 -13.09 -12.19 -11.97 -11.59 -10.91 -10.09 -9.28 -9.78 -9.81 -9.69 -9.72 -9.41 -9.09 -9.06 -9.00 -8.84 -8.72
-29.38 -29.00 -28.78 -28.56 -28.34 -28.47 -28.47 -28.31 -28.34 -28.47 -28.34 -28.03 -27.69 -27.41 -27.06 -26.59 -26.22 -25.78 -25.28 -24.88 -24.59 -24.25 -23.78 -23.56 -23.03 -23.09 -22.81 -22.62 -22.47 -22.16 -22.09 -21.78 -21.28 -20.72 -20.44 -20.09 -19.88 -19.56 -19.09 -18.91 -18.62 -18.12 -17.62 -17.38 -17.31 -16.59 -15.91 -15.66 -15.09 -14.78 -15.09 -15.09 -14.78 -14.50 -14.31 -13.44 -12.47 -12.16 -11.47 -10.91 -9.84 -10.53 -11.00 -10.41 -9.97 -9.75 -9.22 -9.19 -9.28 -9.31 -9.03 -8.94
-29.62 -29.31 -29.03 -28.78 -28.69 -28.72 -28.69 -28.62 -28.66 -28.66 -28.53 -28.19 -27.94 -27.66 -27.34 -26.84 -26.50 -26.16 -25.62 -25.31 -25.03 -24.75 -24.53 -24.12 -23.69 -23.66 -23.44 -23.16 -22.94 -22.78 -22.78 -22.25 -21.62 -21.34 -20.94 -20.56 -20.16 -19.72 -19.44 -19.12 -18.81 -18.22 -17.94 -17.66 -17.47 -16.66 -15.97 -15.88 -16.28 -16.47 -16.03 -15.47 -15.38 -14.84 -14.03 -13.31 -12.78 -11.94 -11.31 -10.88 -10.88 -10.69 -10.47 -10.12 -9.75 -9.78 -9.47 -9.53 -9.59 -9.41 -9.22 -9.41
-29.91 -29.53 -29.25 -29.09 -29.00 -28.94 -28.97 -29.03 -28.97 -28.88 -28.69 -28.34 -28.09 -27.84 -27.75 -27.38 -26.91 -26.56 -26.12 -25.91 -25.72 -25.34 -24.97 -24.56 -24.03 -24.00 -23.84 -23.53 -23.41 -23.38 -23.53 -23.28 -22.84 -22.12 -21.59 -20.94 -20.38 -20.00 -19.72 -19.38 -19.00 -18.56 -18.31 -18.00 -17.47 -17.19 -16.59 -16.28 -16.75 -16.56 -16.22 -16.38 -16.16 -15.34 -14.41 -13.16 -12.62 -12.34 -12.22 -11.28 -10.28 -10.22 -10.22 -10.22 -10.06 -9.91 -9.69 -9.59 -9.72 -9.69 -9.44 -9.62
-30.19 -29.81 -29.56 -29.41 -29.22 -29.25 -29.28 -29.31 -29.34 -29.19 -28.94 -28.50 -28.34 -28.16 -28.06 -27.69 -27.62 -27.25 -26.78 -26.56 -26.34 -25.94 -25.44 -24.91 -24.41 -24.19 -24.19 -23.97 -23.81 -23.88 -23.91 -23.91 -23.47 -22.91 -22.34 -21.72 -20.78 -20.22 -19.88 -19.50 -19.19 -19.06 -18.62 -18.12 -17.81 -17.56 -16.75 -16.81 -16.91 -16.53 -16.50 -16.44 -16.62 -15.88 -15.06 -14.12 -13.47 -13.00 -12.47 -11.47 -10.22 -9.81 -10.16 -10.50 -10.25 -10.00 -9.62 -9.72 -9.97 -9.75 -9.59 -9.81
-30.41 -30.16 -29.91 -29.75 -29.59 -29.59 -29.62 -29.59 -29.59 -29.50 -29.19 -28.91 -28.75 -28.66 -28.50 -28.22 -28.12 -27.81 -27.44 -26.97 -26.62 -26.25 -25.75 -25.03 -24.97 -24.50 -24.50 -24.34 -24.12 -23.97 -23.84 -23.97 -23.78 -23.44 -23.00 -22.50 -21.56 -20.66 -20.06 -19.72 -19.41 -19.34 -19.00 -18.31 -18.19 -17.50 -16.75 -16.88 -17.03 -16.84 -16.59 -16.88 -16.94 -16.44 -15.66 -14.75 -14.09 -13.44 -12.97 -12.50 -11.72 -10.62 -10.41 -10.69 -10.66 -10.34 -9.66 -9.91 -10.06 -9.84 -9.78 -9.84
-30.72 -30.50 -30.25 -30.06 -29.94 -29.91 -29.94 -29.94 -29.88 -29.69 -29.50 -29.31 -29.12 -29.06 -29.00 -28.84 -28.56 -28.06 -27.66 -27.09 -26.72 -26.41 -25.97 -25.53 -25.00 -24.78 -24.75 -24.62 -24.34 -24.16 -24.03 -23.94 -23.72 -23.47 -23.19 -22.72 -22.25 -21.25 -20.38 -19.94 -19.62 -19.44 -19.31 -19.09 -18.31 -17.94 -17.25 -16.78 -17.31 -17.84 -17.47 -17.16 -17.56 -16.41 -15.69 -15.00 -14.41 -13.47 -13.34 -13.06 -12.16 -11.50 -10.91 -10.69 -10.72 -10.16 -9.34 -10.06 -10.16 -10.09 -10.09 -10.09
-31.06 -30.81 -30.62 -30.41 -30.28 -30.25 -30.28 -30.19 -30.09 -29.91 -29.75 -29.62 -29.50 -29.41 -29.31 -29.06 -28.69 -28.12 -27.72 -27.03 -26.72 -26.44 -26.00 -25.47 -25.12 -24.91 -24.81 -24.69 -24.56 -24.34 -24.06 -23.91 -23.72 -23.22 -23.12 -22.53 -22.34 -21.91 -20.81 -20.09 -19.81 -19.47 -19.66 -19.56 -19.09 -18.72 -18.06 -17.09 -17.88 -18.38 -17.94 -17.75 -17.59 -16.44 -15.91 -15.50 -14.81 -14.12 -13.88 -13.38 -12.97 -11.66 -10.62 -10.66 -10.66 -10.25 -10.06 -10.00 -10.41 -10.41 -10.31 -10.31
-31.41 -31.19 -30.94 -30.72 -30.62 -30.56 -30.62 -30.50 -30.47 -30.34 -30.12 -29.91 -29.72 -29.50 -29.28 -29.06 -28.34 -28.03 -27.69 -27.12 -26.66 -26.19 -25.69 -25.34 -25.09 -24.88 -24.47 -24.56 -24.62 -24.41 -23.97 -23.72 -23.81 -23.47 -22.97 -22.28 -22.16 -22.25 -21.38 -20.34 -19.31 -19.69 -19.94 -19.81 -19.31 -19.22 -18.47 -18.12 -18.56 -18.81 -18.44 -17.91 -17.44 -16.91 -16.38 -15.91 -15.28 -14.69 -14.38 -14.03 -13.28 -11.22 -10.66 -10.69 -11.22 -10.44 -10.75 -10.56 -10.56 -10.53 -10.56 -10.59
-31.72 -31.44 -31.19 -30.97 -30.88 -30.72 -30.91 -31.03 -31.00 -30.94 -30.81 -30.59 -30.12 -29.84 -29.56 -29.03 -28.34 -27.84 -27.59 -27.34 -26.84 -26.47 -26.06 -25.62 -25.19 -24.66 -24.59 -24.41 -24.47 -24.41 -24.06 -23.81 -23.72 -23.69 -23.28 -22.97 -22.66 -22.47 -21.94 -20.94 -20.19 -19.94 -20.16 -20.34 -20.25 -19.62 -19.25 -19.38 -19.47 -19.38 -18.78 -18.19 -17.81 -17.47 -17.03 -16.53 -15.91 -15.38 -15.12 -14.50 -13.53 -12.25 -11.53 -11.66 -11.81 -11.34 -11.25 -10.66 -10.94 -10.94 -10.84 -10.84
-31.88 -31.62 -31.44 -31.34 -31.22 -31.25 -31.38 -31.44 -31.38 -31.31 -31.22 -31.06 -30.72 -30.41 -29.97 -29.44 -28.59 -28.16 -27.75 -27.59 -27.44 -26.97 -26.69 -26.09 -25.59 -24.94 -24.72 -24.56 -24.31 -24.41 -24.31 -24.03 -23.91 -23.72 -23.38 -23.38 -23.19 -22.72 -22.50 -22.00 -20.94 -20.44 -20.53 -21.31 -20.91 -20.22 -20.19 -20.22 -19.91 -19.41 -19.03 -18.72 -18.31 -17.88 -17.56 -17.06 -16.59 -16.22 -15.59 -14.91 -14.09 -12.91 -12.44 -12.53 -12.66 -12.28 -11.66 -11.31 -11.38 -11.19 -11.09 -11.09
-31.97 -31.75 -31.66 -31.56 -31.62 -31.66 -31.72 -31.69 -31.56 -31.47 -31.47 -31.31 -31.12 -30.75 -30.12 -29.69 -29.25 -28.88 -28.34 -28.28 -28.06 -27.56 -27.00 -26.28 -25.66 -25.19 -24.84 -24.59 -24.25 -24.34 -24.44 -24.16 -23.94 -23.81 -23.53 -23.59 -23.34 -23.06 -23.00 -22.84 -21.91 -21.25 -22.16 -22.34 -21.91 -21.22 -20.69 -20.31 -19.97 -19.62 -19.41 -19.06 -18.84 -18.41 -18.09 -17.66 -17.22 -16.88 -16.06 -15.38 -14.62 -13.78 -13.00 -12.81 -13.25 -13.53 -12.12 -11.19 -11.56 -11.00 -11.62 -11.66
-32.03 -31.91 -31.81 -31.84 -31.91 -31.94 -31.97 -31.88 -31.69 -31.66 -31.66 -31.59 -31.41 -30.94 -30.38 -29.84 -29.69 -29.41 -28.97 -28.81 -28.47 -27.84 -27.12 -26.38 -26.00 -25.41 -25.00 -24.62 -24.31 -24.34 -24.50 -24.47 -24.38 -24.03 -23.75 -23.78 -23.56 -23.28 -23.44 -23.31 -22.69 -22.53 -22.78 -22.28 -22.12 -21.28 -20.75 -20.38 -20.16 -19.88 -19.72 -19.53 -19.59 -18.72 -18.22 -17.91 -17.47 -17.03 -16.59 -15.69 -15.12 -13.94 -13.38 -13.06 -12.78 -12.94 -11.78 -11.62 -11.66 -11.91 -12.81 -12.22
-32.06 -32.00 -32.00 -32.06 -32.09 -32.16 -32.16 -32.12 -32.00 -31.97 -31.94 -31.84 -31.62 -31.31 -30.78 -30.31 -29.94 -29.84 -29.47 -29.12 -28.94 -28.31 -27.41 -26.78 -26.59 -25.91 -25.28 -24.69 -24.34 -24.53 -24.56 -24.59 -24.53 -24.44 -24.28 -24.09 -24.03 -23.66 -23.81 -23.53 -22.84 -22.34 -22.34 -22.12 -21.75 -21.50 -21.03 -20.81 -20.47 -20.16 -20.06 -20.44 -19.66 -19.12 -18.62 -18.22 -18.06 -17.56 -17.03 -16.16 -15.31 -14.34 -14.03 -13.25 -12.75 -12.62 -12.16 -11.81 -12.12 -12.47 -12.16 -11.78
-32.09 -32.06 -32.12 -32.19 -32.25 -32.28 -32.31 -32.28 -32.25 -32.19 -32.12 -32.03 -31.78 -31.56 -31.25 -30.88 -30.41 -30.12 -29.88 -29.66 -29.47 -28.59 -27.94 -27.50 -27.00 -25.72 -24.69 -23.59 -23.78 -24.16 -24.62 -24.69 -24.69 -24.78 -24.75 -24.72 -24.59 -24.00 -23.72 -23.53 -23.00 -22.66 -22.94 -22.50 -22.09 -21.62 -21.44 -21.25 -20.97 -20.50 -20.66 -20.59 -20.00 -19.69 -19.22 -18.84 -18.16 -17.41 -17.25 -16.50 -15.91 -15.12 -14.66 -13.78 -13.16 -12.81 -12.47 -11.94 -12.56 -12.31 -12.12 -11.97
-32.09 -32.12 -32.19 -32.28 -32.34 -32.41 -32.41 -32.41 -32.38 -32.34 -32.28 -32.19 -32.00 -31.81 -31.59 -31.34 -30.91 -30.50 -30.09 -30.00 -29.62 -29.00 -28.56 -28.16 -27.59 -26.41 -25.41 -25.22 -24.97 -24.75 -25.31 -25.12 -25.03 -25.31 -25.53 -25.25 -24.94 -24.47 -24.19 -23.59 -23.53 -23.72 -23.34 -22.47 -22.28 -21.81 -21.62 -21.38 -21.53 -21.12 -21.47 -21.50 -20.78 -20.16 -19.31 -18.56 -18.09 -17.94 -17.69 -16.91 -16.25 -15.88 -15.25 -14.22 -12.97 -13.19 -12.56 -12.38 -12.25 -12.09 -12.91 -12.78
-32.06 -32.19 -32.25 -32.34 -32.41 -32.47 -32.50 -32.50 -32.50 -32.47 -32.41 -32.31 -32.16 -32.00 -31.81 -31.59 -31.12 -30.84 -30.56 -30.47 -30.12 -29.66 -28.84 -28.16 -27.91 -27.41 -26.69 -26.19 -25.56 -25.59 -25.75 -25.69 -25.84 -25.88 -25.78 -25.56 -25.28 -24.94 -24.53 -24.03 -23.88 -24.09 -23.62 -22.69 -22.22 -21.75 -21.69 -21.78 -21.59 -21.56 -22.12 -21.94 -21.44 -20.53 -19.34 -18.41 -18.34 -18.22 -17.94 -17.19 -16.94 -16.38 -15.72 -15.25 -14.34 -14.03 -13.66 -13.09 -13.19 -13.25 -12.97 -12.81
-32.16 -32.25 -32.31 -32.38 -32.44 -32.50 -32.56 -32.56 -32.56 -32.53 -32.50 -32.41 -32.25 -32.12 -31.94 -31.72 -31.38 -31.19 -31.00 -30.72 -30.47 -30.03 -29.12 -28.69 -28.00 -27.44 -26.94 -26.47 -26.03 -26.06 -26.03 -26.03 -25.94 -25.94 -25.81 -25.69 -25.53 -25.28 -25.22 -24.69 -24.16 -23.50 -23.84 -22.78 -22.16 -21.78 -21.66 -21.44 -21.22 -21.47 -22.00 -21.69 -21.56 -20.69 -19.91 -19.12 -18.88 -18.53 -18.03 -17.50 -17.03 -16.47 -16.09 -15.56 -15.03 -14.69 -14.34 -14.03 -14.12 -14.00 -13.44 -13.50
-32.22 -32.28 -32.38 -32.41 -32.47 -32.53 -32.59 -32.62 -32.62 -32.59 -32.53 -32.44 -32.31 -32.16 -31.97 -31.62 -31.50 -31.41 -31.09 -30.84 -30.53 -30.00 -29.22 -28.66 -28.16 -27.56 -27.03 -27.00 -26.62 -26.22 -26.25 -26.19 -26.12 -26.03 -25.97 -26.00 -26.12 -25.69 -25.41 -25.19 -24.69 -24.50 -24.38 -23.41 -22.41 -21.88 -21.19 -20.97 -20.91 -20.62 -21.25 -21.66 -21.53 -20.81 -19.97 -19.44 -19.09 -18.91 -18.34 -17.59 -17.31 -16.84 -16.34 -15.62 -14.88 -14.75 -14.81 -15.06 -15.12 -14.81 -14.75 -14.66
-32.28 -32.34 -32.41 -32.47 -32.50 -32.56 -32.59 -32.62 -32.62 -32.59 -32.50 -32.41 -32.28 -32.16 -31.97 -31.41 -31.34 -31.38 -31.16 -30.78 -30.28 -29.78 -29.28 -28.75 -28.28 -27.50 -27.03 -26.84 -26.56 -26.12 -26.25 -26.38 -26.50 -26.34 -26.28 -26.47 -26.38 -25.94 -25.59 -25.31 -24.91 -24.62 -24.44 -24.06 -23.44 -22.62 -21.62 -20.31 -20.47 -20.34 -20.84 -20.97 -21.12 -20.88 -20.12 -19.50 -19.34 -19.06 -18.38 -17.88 -17.66 -16.94 -16.41 -15.66 -15.09 -15.09 -15.41 -15.59 -15.41 -15.00 -14.75 -14.84
-32.31 -32.41 -32.44 -32.50 -32.53 -32.56 -32.59 -32.62 -32.59 -32.56 -32.47 -32.38 -32.25 -32.09 -31.94 -31.56 -31.25 -31.22 -31.06 -30.75 -30.34 -29.88 -29.38 -28.81 -28.09 -27.59 -26.78 -26.53 -25.84 -25.38 -26.09 -26.44 -26.41 -26.34 -26.31 -26.50 -26.28 -25.62 -25.44 -25.53 -24.97 -24.62 -24.41 -23.88 -22.97 -22.16 -21.44 -20.53 -19.94 -20.12 -20.94 -20.91 -20.69 -20.62 -19.94 -19.62 -19.31 -19.03 -18.53 -18.09 -17.66 -17.06 -16.44 -16.12 -15.53 -15.31 -15.41 -15.06 -15.16 -14.75 -14.72 -15.28
-32.38 -32.44 -32.50 -32.53 -32.53 -32.56 -32.59 -32.59 -32.56 -32.50 -32.41 -32.31 -32.19 -32.03 -31.84 -31.59 -31.25 -31.09 -30.84 -30.50 -30.19 -29.78 -29.22 -28.69 -28.09 -27.09 -27.03 -26.66 -26.06 -26.22 -26.84 -26.91 -26.56 -26.56 -26.56 -26.47 -26.00 -25.84 -25.78 -25.56 -25.16 -24.97 -24.66 -23.75 -22.75 -22.06 -21.66 -20.78 -19.69 -20.03 -20.56 -20.66 -20.81 -20.78 -20.31 -19.91 -19.59 -19.12 -18.50 -18.03 -17.72 -17.16 -16.66 -16.38 -16.16 -15.59 -15.09 -15.22 -15.03 -14.88 -14.84 -14.97
-32.41 -32.47 -32.53 -32.56 -32.56 -32.56 -32.56 -32.56 -32.50 -32.44 -32.34 -32.22 -32.12 -31.97 -31.78 -31.56 -31.16 -30.84 -30.59 -30.22 -30.00 -29.72 -29.25 -28.56 -28.22 -27.84 -27.25 -26.84 -26.69 -27.00 -27.31 -27.16 -27.03 -27.06 -27.12 -26.97 -26.34 -26.16 -25.81 -25.47 -25.31 -25.09 -24.44 -23.44 -22.41 -22.41 -22.00 -20.94 -20.47 -20.78 -20.84 -21.44 -21.28 -21.00 -20.22 -19.81 -19.56 -19.22 -18.69 -18.22 -17.78 -17.38 -17.00 -16.59 -15.91 -15.88 -15.28 -15.25 -15.47 -15.56 -15.03 -14.91
