everonasctiles/Tile[20,12].asc
ncols 128
nrows 128
xllcorner 0
yllcorner 0
cellsize 2.0
NODATA_value  -9999
[rows 0 to 31 of 128, columns 0 to 70 of 128]
-11.59 -11.59 -11.59 -11.59 -11.59 -11.59 -11.59 -11.59 -11.59 -11.59 -11.59 -11.59 -11.59 -11.59 -11.59 -11.62 -11.66 -11.69 -11.75 -11.81 -11.88 -11.97 -12.06 -12.19 -12.31 -12.44 -12.56 -12.69 -12.78 -12.91 -13.00 -13.09 -13.19 -13.28 -13.34 -13.41 -13.47 -13.53 -13.59 -13.62 -13.66 -13.72 -13.75 -13.78 -13.81 -13.88 -13.91 -13.94 -13.97 -14.03 -14.06 -14.12 -14.16 -14.22 -14.25 -14.31 -14.38 -14.41 -14.47 -14.53 -14.59 -14.66 -14.72 -14.75 -14.81 -14.88 -14.91 -14.94 -14.97 -15.00 -15.00
-11.59 -11.59 -11.59 -11.59 -11.59 -11.59 -11.59 -11.59 -11.59 -11.59 -11.59 -11.59 -11.59 -11.59 -11.59 -11.62 -11.66 -11.69 -11.75 -11.84 -11.91 -12.03 -12.12 -12.25 -12.38 -12.53 -12.66 -12.78 -12.91 -13.03 -13.16 -13.25 -13.38 -13.44 -13.53 -13.59 -13.66 -13.72 -13.78 -13.84 -13.88 -13.91 -13.97 -14.00 -14.03 -14.09 -14.12 -14.16 -14.22 -14.25 -14.28 -14.34 -14.41 -14.44 -14.50 -14.56 -14.59 -14.66 -14.72 -14.78 -14.84 -14.91 -14.97 -15.00 -15.06 -15.12 -15.16 -15.22 -15.25 -15.25 -15.25
-11.59 -11.59 -11.59 -11.59 -11.59 -11.59 -11.59 -11.59 -11.59 -11.59 -11.59 -11.59 -11.59 -11.59 -11.62 -11.62 -11.66 -11.72 -11.78 -11.88 -11.97 -12.06 -12.19 -12.34 -12.47 -12.62 -12.75 -12.91 -13.03 -13.19 -13.31 -13.41 -13.53 -13.62 -13.72 -13.78 -13.88 -13.94 -13.97 -14.03 -14.09 -14.12 -14.19 -14.22 -14.25 -14.31 -14.34 -14.41 -14.44 -14.47 -14.53 -14.56 -14.62 -14.69 -14.72 -14.78 -14.84 -14.91 -14.97 -15.03 -15.09 -15.16 -15.22 -15.25 -15.31 -15.38 -15.41 -15.47 -15.50 -15.50 -15.50
-11.59 -11.59 -11.59 -11.59 -11.59 -11.59 -11.59 -11.59 -11.59 -11.59 -11.59 -11.59 -11.59 -11.59 -11.62 -11.66 -11.69 -11.75 -11.81 -11.91 -12.00 -12.12 -12.25 -12.41 -12.56 -12.72 -12.88 -13.03 -13.16 -13.31 -13.44 -13.56 -13.69 -13.78 -13.88 -13.97 -14.06 -14.12 -14.19 -14.25 -14.28 -14.34 -14.41 -14.44 -14.47 -14.53 -14.56 -14.62 -14.66 -14.72 -14.75 -14.81 -14.84 -14.91 -14.97 -15.03 -15.09 -15.12 -15.19 -15.25 -15.31 -15.38 -15.44 -15.50 -15.56 -15.62 -15.66 -15.69 -15.72 -15.75 -15.75
-11.59 -11.59 -11.59 -11.59 -11.59 -11.59 -11.59 -11.59 -11.59 -11.59 -11.59 -11.59 -11.59 -11.59 -11.62 -11.66 -11.69 -11.75 -11.84 -11.94 -12.03 -12.19 -12.31 -12.47 -12.62 -12.81 -12.97 -13.12 -13.28 -13.44 -13.59 -13.72 -13.84 -13.97 -14.06 -14.16 -14.25 -14.31 -14.38 -14.44 -14.50 -14.56 -14.59 -14.66 -14.72 -14.75 -14.78 -14.84 -14.88 -14.94 -15.00 -15.03 -15.09 -15.16 -15.19 -15.25 -15.31 -15.38 -15.44 -15.50 -15.56 -15.62 -15.69 -15.75 -15.78 -15.84 -15.88 -15.94 -15.97 -15.97 -15.97
-11.59 -11.59 -11.59 -11.59 -11.59 -11.59 -11.59 -11.59 -11.59 -11.59 -11.59 -11.59 -11.59 -11.59 -11.62 -11.66 -11.72 -11.78 -11.88 -11.97 -12.09 -12.22 -12.38 -12.53 -12.72 -12.91 -13.06 -13.25 -13.41 -13.59 -13.72 -13.88 -14.00 -14.12 -14.25 -14.34 -14.44 -14.50 -14.59 -14.66 -14.72 -14.78 -14.81 -14.88 -14.91 -14.97 -15.03 -15.06 -15.12 -15.16 -15.22 -15.25 -15.31 -15.38 -15.44 -15.47 -15.53 -15.59 -15.66 -15.72 -15.78 -15.84 -15.91 -15.97 -16.00 -16.06 -16.09 -16.16 -16.16 -16.19 -16.19
-11.59 -11.59 -11.59 -11.59 -11.59 -11.59 -11.59 -11.59 -11.59 -11.59 -11.59 -11.59 -11.59 -11.62 -11.62 -11.69 -11.72 -11.78 -11.88 -12.00 -12.12 -12.28 -12.44 -12.62 -12.78 -12.97 -13.16 -13.34 -13.53 -13.72 -13.88 -14.03 -14.16 -14.28 -14.41 -14.53 -14.62 -14.69 -14.78 -14.84 -14.91 -14.97 -15.03 -15.09 -15.12 -15.19 -15.22 -15.28 -15.34 -15.38 -15.44 -15.47 -15.53 -15.59 -15.66 -15.69 -15.75 -15.81 -15.88 -15.94 -16.00 -16.06 -16.12 -16.16 -16.22 -16.28 -16.31 -16.34 -16.38 -16.38 -16.38
-11.59 -11.59 -11.59 -11.59 -11.59 -11.59 -11.59 -11.59 -11.59 -11.59 -11.59 -11.59 -11.59 -11.62 -11.66 -11.69 -11.75 -11.81 -11.91 -12.03 -12.16 -12.31 -12.50 -12.69 -12.88 -13.06 -13.28 -13.47 -13.66 -13.84 -14.00 -14.16 -14.31 -14.44 -14.56 -14.69 -14.78 -14.88 -14.97 -15.03 -15.12 -15.19 -15.25 -15.28 -15.34 -15.41 -15.44 -15.50 -15.53 -15.59 -15.66 -15.69 -15.75 -15.81 -15.84 -15.91 -15.97 -16.03 -16.09 -16.16 -16.19 -16.25 -16.31 -16.38 -16.44 -16.47 -16.50 -16.53 -16.56 -16.56 -16.56
-11.59 -11.59 -11.59 -11.59 -11.59 -11.59 -11.59 -11.59 -11.59 -11.59 -11.59 -11.59 -11.59 -11.62 -11.66 -11.69 -11.75 -11.84 -11.94 -12.06 -12.22 -12.38 -12.56 -12.75 -12.94 -13.16 -13.38 -13.56 -13.75 -13.97 -14.12 -14.31 -14.47 -14.62 -14.75 -14.88 -14.97 -15.06 -15.16 -15.25 -15.31 -15.38 -15.44 -15.50 -15.53 -15.59 -15.66 -15.69 -15.75 -15.81 -15.84 -15.91 -15.94 -16.00 -16.06 -16.12 -16.16 -16.22 -16.28 -16.34 -16.41 -16.47 -16.50 -16.56 -16.59 -16.66 -16.69 -16.72 -16.72 -16.75 -16.72
-11.59 -11.59 -11.59 -11.59 -11.59 -11.59 -11.59 -11.59 -11.59 -11.59 -11.59 -11.59 -11.59 -11.62 -11.66 -11.72 -11.78 -11.84 -11.97 -12.09 -12.25 -12.41 -12.62 -12.81 -13.03 -13.25 -13.47 -13.66 -13.88 -14.06 -14.28 -14.44 -14.62 -14.75 -14.91 -15.03 -15.16 -15.25 -15.34 -15.41 -15.50 -15.56 -15.62 -15.69 -15.75 -15.78 -15.84 -15.91 -15.94 -16.00 -16.03 -16.09 -16.16 -16.19 -16.25 -16.31 -16.38 -16.41 -16.47 -16.53 -16.59 -16.62 -16.69 -16.72 -16.78 -16.81 -16.84 -16.88 -16.88 -16.88 -16.88
-11.59 -11.59 -11.59 -11.59 -11.59 -11.59 -11.59 -11.59 -11.59 -11.59 -11.59 -11.59 -11.59 -11.62 -11.66 -11.72 -11.78 -11.88 -12.00 -12.12 -12.28 -12.47 -12.66 -12.88 -13.09 -13.31 -13.53 -13.78 -14.00 -14.19 -14.41 -14.59 -14.75 -14.91 -15.06 -15.19 -15.31 -15.41 -15.50 -15.59 -15.69 -15.75 -15.81 -15.88 -15.94 -16.00 -16.03 -16.09 -16.12 -16.19 -16.25 -16.28 -16.34 -16.38 -16.44 -16.50 -16.53 -16.59 -16.66 -16.69 -16.75 -16.81 -16.84 -16.91 -16.94 -16.97 -17.00 -17.00 -17.03 -17.00 -17.00
-11.59 -11.59 -11.59 -11.59 -11.59 -11.59 -11.59 -11.59 -11.59 -11.59 -11.59 -11.59 -11.62 -11.62 -11.69 -11.72 -11.81 -11.91 -12.03 -12.16 -12.31 -12.50 -12.72 -12.94 -13.16 -13.41 -13.62 -13.88 -14.09 -14.31 -14.50 -14.72 -14.88 -15.06 -15.22 -15.34 -15.47 -15.59 -15.69 -15.78 -15.84 -15.94 -16.00 -16.06 -16.12 -16.16 -16.22 -16.28 -16.31 -16.38 -16.41 -16.47 -16.50 -16.56 -16.62 -16.66 -16.72 -16.75 -16.81 -16.84 -16.91 -16.94 -17.00 -17.03 -17.06 -17.09 -17.12 -17.12 -17.12 -17.12 -17.09
-11.59 -11.59 -11.59 -11.59 -11.59 -11.59 -11.59 -11.59 -11.59 -11.59 -11.59 -11.59 -11.62 -11.62 -11.69 -11.75 -11.81 -11.91 -12.03 -12.19 -12.38 -12.56 -12.78 -13.00 -13.25 -13.47 -13.72 -13.97 -14.19 -14.41 -14.62 -14.84 -15.03 -15.19 -15.34 -15.50 -15.62 -15.75 -15.84 -15.94 -16.03 -16.09 -16.16 -16.22 -16.28 -16.34 -16.41 -16.44 -16.50 -16.53 -16.59 -16.62 -16.69 -16.72 -16.78 -16.81 -16.88 -16.91 -16.97 -17.00 -17.06 -17.09 -17.12 -17.16 -17.19 -17.22 -17.22 -17.25 -17.22 -17.22 -17.19
-11.59 -11.59 -11.59 -11.59 -11.59 -11.59 -11.59 -11.59 -11.59 -11.59 -11.59 -11.59 -11.62 -11.66 -11.69 -11.75 -11.81 -11.94 -12.06 -12.22 -12.41 -12.59 -12.81 -13.06 -13.31 -13.56 -13.81 -14.06 -14.31 -14.53 -14.75 -14.97 -15.16 -15.34 -15.50 -15.66 -15.78 -15.91 -16.00 -16.09 -16.19 -16.25 -16.34 -16.41 -16.47 -16.50 -16.56 -16.62 -16.66 -16.72 -16.75 -16.78 -16.84 -16.88 -16.94 -16.97 -17.00 -17.06 -17.09 -17.12 -17.19 -17.22 -17.25 -17.28 -17.31 -17.31 -17.31 -17.31 -17.31 -17.28 -17.25
-11.59 -11.59 -11.59 -11.59 -11.59 -11.59 -11.59 -11.59 -11.59 -11.59 -11.59 -11.59 -11.62 -11.66 -11.69 -11.75 -11.84 -11.94 -12.09 -12.25 -12.44 -12.66 -12.88 -13.12 -13.38 -13.62 -13.91 -14.16 -14.41 -14.62 -14.88 -15.09 -15.28 -15.47 -15.62 -15.78 -15.94 -16.03 -16.16 -16.25 -16.34 -16.44 -16.50 -16.56 -16.62 -16.66 -16.72 -16.78 -16.81 -16.84 -16.91 -16.94 -16.97 -17.03 -17.06 -17.09 -17.16 -17.19 -17.22 -17.25 -17.28 -17.31 -17.34 -17.38 -17.38 -17.41 -17.41 -17.38 -17.38 -17.34 -17.28
-11.59 -11.59 -11.59 -11.59 -11.59 -11.59 -11.59 -11.59 -11.59 -11.59 -11.59 -11.59 -11.62 -11.66 -11.69 -11.78 -11.84 -11.97 -12.12 -12.28 -12.47 -12.69 -12.94 -13.19 -13.44 -13.72 -13.97 -14.25 -14.50 -14.75 -14.97 -15.19 -15.41 -15.59 -15.78 -15.94 -16.06 -16.19 -16.31 -16.41 -16.50 -16.56 -16.66 -16.72 -16.78 -16.81 -16.88 -16.91 -16.97 -17.00 -17.03 -17.06 -17.12 -17.16 -17.19 -17.22 -17.25 -17.28 -17.31 -17.34 -17.38 -17.41 -17.44 -17.44 -17.47 -17.47 -17.44 -17.44 -17.41 -17.38 -17.31
-11.59 -11.59 -11.59 -11.59 -11.59 -11.59 -11.59 -11.59 -11.59 -11.59 -11.59 -11.59 -11.62 -11.66 -11.72 -11.78 -11.88 -12.00 -12.12 -12.31 -12.50 -12.72 -12.97 -13.25 -13.50 -13.78 -14.06 -14.31 -14.59 -14.84 -15.09 -15.31 -15.53 -15.72 -15.91 -16.06 -16.19 -16.34 -16.44 -16.53 -16.62 -16.72 -16.78 -16.84 -16.91 -16.97 -17.00 -17.06 -17.09 -17.12 -17.16 -17.19 -17.25 -17.28 -17.31 -17.34 -17.38 -17.41 -17.41 -17.44 -17.47 -17.47 -17.50 -17.50 -17.50 -17.50 -17.47 -17.47 -17.41 -17.38 -17.31
-11.59 -11.59 -11.59 -11.59 -11.59 -11.59 -11.59 -11.59 -11.59 -11.59 -11.59 -11.59 -11.62 -11.66 -11.72 -11.78 -11.88 -12.00 -12.16 -12.34 -12.53 -12.78 -13.03 -13.28 -13.56 -13.84 -14.12 -14.41 -14.69 -14.94 -15.19 -15.44 -15.62 -15.84 -16.03 -16.19 -16.34 -16.47 -16.59 -16.69 -16.78 -16.84 -16.94 -17.00 -17.03 -17.09 -17.12 -17.19 -17.22 -17.25 -17.28 -17.31 -17.34 -17.38 -17.41 -17.44 -17.44 -17.47 -17.50 -17.50 -17.53 -17.53 -17.53 -17.53 -17.53 -17.53 -17.50 -17.47 -17.41 -17.34 -17.28
-11.59 -11.59 -11.59 -11.59 -11.59 -11.59 -11.59 -11.59 -11.59 -11.59 -11.59 -11.59 -11.62 -11.66 -11.72 -11.78 -11.88 -12.03 -12.19 -12.34 -12.56 -12.81 -13.06 -13.34 -13.62 -13.91 -14.22 -14.50 -14.78 -15.03 -15.28 -15.53 -15.75 -15.97 -16.12 -16.31 -16.47 -16.59 -16.72 -16.81 -16.91 -16.97 -17.06 -17.12 -17.16 -17.22 -17.25 -17.28 -17.31 -17.34 -17.38 -17.41 -17.44 -17.47 -17.50 -17.50 -17.53 -17.53 -17.56 -17.56 -17.56 -17.56 -17.56 -17.56 -17.56 -17.53 -17.50 -17.44 -17.38 -17.31 -17.22
-11.59 -11.59 -11.59 -11.59 -11.59 -11.59 -11.59 -11.59 -11.59 -11.59 -11.59 -11.59 -11.62 -11.66 -11.72 -11.81 -11.91 -12.03 -12.19 -12.38 -12.59 -12.84 -13.12 -13.41 -13.69 -13.97 -14.28 -14.56 -14.84 -15.12 -15.41 -15.62 -15.88 -16.06 -16.25 -16.44 -16.56 -16.72 -16.81 -16.94 -17.03 -17.09 -17.16 -17.22 -17.28 -17.31 -17.38 -17.41 -17.44 -17.47 -17.47 -17.50 -17.53 -17.53 -17.56 -17.56 -17.59 -17.59 -17.59 -17.59 -17.59 -17.59 -17.59 -17.56 -17.53 -17.50 -17.47 -17.41 -17.34 -17.25 -17.16
-11.59 -11.59 -11.59 -11.59 -11.59 -11.59 -11.59 -11.59 -11.59 -11.59 -11.59 -11.59 -11.62 -11.66 -11.72 -11.81 -11.91 -12.03 -12.22 -12.41 -12.62 -12.88 -13.16 -13.44 -13.75 -14.03 -14.34 -14.66 -14.94 -15.22 -15.50 -15.75 -15.97 -16.19 -16.38 -16.53 -16.69 -16.81 -16.94 -17.03 -17.12 -17.22 -17.28 -17.34 -17.38 -17.44 -17.47 -17.50 -17.53 -17.53 -17.56 -17.56 -17.59 -17.59 -17.62 -17.62 -17.62 -17.62 -17.62 -17.62 -17.62 -17.59 -17.56 -17.56 -17.50 -17.47 -17.41 -17.34 -17.25 -17.16 -17.06
-11.59 -11.59 -11.59 -11.59 -11.59 -11.59 -11.59 -11.59 -11.59 -11.59 -11.59 -11.59 -11.62 -11.66 -11.72 -11.81 -11.91 -12.06 -12.22 -12.44 -12.66 -12.91 -13.19 -13.50 -13.78 -14.09 -14.41 -14.72 -15.03 -15.31 -15.59 -15.84 -16.06 -16.28 -16.47 -16.66 -16.78 -16.94 -17.06 -17.16 -17.25 -17.31 -17.38 -17.44 -17.47 -17.50 -17.53 -17.56 -17.59 -17.62 -17.62 -17.62 -17.66 -17.66 -17.66 -17.66 -17.66 -17.66 -17.62 -17.62 -17.59 -17.59 -17.56 -17.50 -17.47 -17.41 -17.34 -17.25 -17.16 -17.06 -16.94
-11.59 -11.59 -11.59 -11.59 -11.59 -11.59 -11.59 -11.59 -11.59 -11.59 -11.59 -11.59 -11.62 -11.66 -11.72 -11.81 -11.94 -12.06 -12.25 -12.44 -12.69 -12.94 -13.22 -13.53 -13.84 -14.16 -14.47 -14.78 -15.09 -15.41 -15.66 -15.94 -16.16 -16.38 -16.56 -16.75 -16.91 -17.03 -17.16 -17.25 -17.34 -17.41 -17.47 -17.53 -17.56 -17.59 -17.62 -17.66 -17.66 -17.66 -17.69 -17.69 -17.69 -17.69 -17.69 -17.69 -17.66 -17.66 -17.62 -17.62 -17.59 -17.53 -17.50 -17.44 -17.41 -17.31 -17.25 -17.16 -17.03 -16.91 -16.78
-11.59 -11.59 -11.59 -11.59 -11.59 -11.59 -11.59 -11.59 -11.59 -11.59 -11.59 -11.62 -11.62 -11.66 -11.72 -11.81 -11.94 -12.06 -12.25 -12.47 -12.72 -12.97 -13.25 -13.56 -13.91 -14.22 -14.53 -14.88 -15.19 -15.47 -15.75 -16.00 -16.25 -16.47 -16.66 -16.84 -17.00 -17.12 -17.25 -17.34 -17.44 -17.50 -17.56 -17.59 -17.62 -17.66 -17.69 -17.69 -17.72 -17.72 -17.72 -17.72 -17.72 -17.72 -17.69 -17.69 -17.66 -17.62 -17.59 -17.56 -17.53 -17.50 -17.44 -17.38 -17.31 -17.22 -17.12 -17.03 -16.91 -16.78 -16.62
-11.59 -11.59 -11.59 -11.59 -11.59 -11.59 -11.59 -11.59 -11.59 -11.59 -11.59 -11.62 -11.62 -11.69 -11.72 -11.81 -11.94 -12.09 -12.25 -12.47 -12.72 -13.00 -13.31 -13.62 -13.94 -14.28 -14.59 -14.94 -15.25 -15.53 -15.84 -16.09 -16.34 -16.56 -16.75 -16.94 -17.09 -17.22 -17.31 -17.44 -17.50 -17.56 -17.62 -17.66 -17.69 -17.72 -17.75 -17.75 -17.75 -17.75 -17.75 -17.75 -17.72 -17.72 -17.69 -17.66 -17.62 -17.59 -17.56 -17.53 -17.47 -17.41 -17.34 -17.28 -17.19 -17.09 -17.00 -16.88 -16.75 -16.59 -16.44
-11.59 -11.59 -11.59 -11.59 -11.59 -11.59 -11.59 -11.59 -11.59 -11.59 -11.59 -11.62 -11.62 -11.69 -11.75 -11.81 -11.94 -12.09 -12.28 -12.50 -12.75 -13.03 -13.31 -13.66 -13.97 -14.31 -14.66 -15.00 -15.31 -15.62 -15.91 -16.16 -16.41 -16.62 -16.84 -17.00 -17.16 -17.28 -17.41 -17.50 -17.56 -17.62 -17.69 -17.72 -17.75 -17.78 -17.78 -17.78 -17.78 -17.78 -17.75 -17.75 -17.72 -17.69 -17.66 -17.62 -17.59 -17.56 -17.50 -17.47 -17.41 -17.31 -17.25 -17.16 -17.06 -16.97 -16.84 -16.72 -16.56 -16.41 -16.25
-11.59 -11.59 -11.59 -11.59 -11.59 -11.59 -11.59 -11.59 -11.59 -11.59 -11.59 -11.62 -11.62 -11.69 -11.75 -11.81 -11.94 -12.09 -12.28 -12.50 -12.75 -13.06 -13.34 -13.69 -14.03 -14.38 -14.72 -15.06 -15.38 -15.69 -15.97 -16.25 -16.50 -16.72 -16.91 -17.09 -17.22 -17.38 -17.47 -17.56 -17.62 -17.69 -17.75 -17.78 -17.78 -17.81 -17.81 -17.81 -17.78 -17.78 -17.75 -17.72 -17.69 -17.66 -17.62 -17.59 -17.53 -17.50 -17.44 -17.38 -17.28 -17.22 -17.12 -17.03 -16.91 -16.81 -16.66 -16.53 -16.38 -16.19 -16.03
-11.59 -11.59 -11.59 -11.59 -11.59 -11.59 -11.59 -11.59 -11.59 -11.59 -11.59 -11.62 -11.62 -11.69 -11.75 -11.81 -11.94 -12.09 -12.28 -12.53 -12.78 -13.06 -13.38 -13.72 -14.06 -14.41 -14.75 -15.09 -15.44 -15.75 -16.03 -16.31 -16.56 -16.78 -16.97 -17.16 -17.31 -17.44 -17.53 -17.62 -17.69 -17.75 -17.78 -17.81 -17.81 -17.81 -17.81 -17.81 -17.78 -17.78 -17.75 -17.72 -17.66 -17.62 -17.59 -17.53 -17.47 -17.41 -17.34 -17.25 -17.19 -17.09 -17.00 -16.88 -16.75 -16.62 -16.47 -16.31 -16.16 -15.97 -15.78
-11.59 -11.59 -11.59 -11.59 -11.59 -11.59 -11.59 -11.59 -11.59 -11.59 -11.59 -11.62 -11.62 -11.69 -11.75 -11.81 -11.94 -12.09 -12.31 -12.53 -12.78 -13.09 -13.41 -13.75 -14.09 -14.47 -14.81 -15.16 -15.50 -15.81 -16.09 -16.38 -16.62 -16.84 -17.03 -17.22 -17.34 -17.47 -17.59 -17.66 -17.72 -17.78 -17.81 -17.81 -17.84 -17.84 -17.81 -17.81 -17.78 -17.75 -17.72 -17.66 -17.62 -17.56 -17.50 -17.44 -17.38 -17.31 -17.22 -17.12 -17.03 -16.94 -16.81 -16.72 -16.56 -16.44 -16.28 -16.12 -15.94 -15.75 -15.53
-11.59 -11.59 -11.59 -11.59 -11.59 -11.59 -11.59 -11.59 -11.59 -11.59 -11.59 -11.62 -11.62 -11.69 -11.75 -11.84 -11.94 -12.09 -12.31 -12.53 -12.81 -13.09 -13.44 -13.78 -14.12 -14.50 -14.84 -15.19 -15.53 -15.84 -16.16 -16.44 -16.69 -16.91 -17.09 -17.25 -17.41 -17.53 -17.62 -17.69 -17.75 -17.81 -17.81 -17.84 -17.84 -17.84 -17.81 -17.78 -17.75 -17.72 -17.66 -17.62 -17.56 -17.50 -17.44 -17.34 -17.28 -17.19 -17.09 -17.00 -16.91 -16.78 -16.66 -16.53 -16.38 -16.22 -16.06 -15.88 -15.69 -15.50 -15.28
-11.59 -11.59 -11.59 -11.59 -11.59 -11.59 -11.59 -11.59 -11.59 -11.59 -11.59 -11.62 -11.62 -11.69 -11.75 -11.84 -11.94 -12.12 -12.31 -12.56 -12.81 -13.12 -13.44 -13.81 -14.16 -14.53 -14.91 -15.25 -15.59 -15.91 -16.22 -16.47 -16.72 -16.94 -17.16 -17.31 -17.44 -17.56 -17.66 -17.72 -17.78 -17.81 -17.84 -17.84 -17.84 -17.81 -17.78 -17.75 -17.72 -17.66 -17.59 -17.53 -17.47 -17.41 -17.31 -17.25 -17.16 -17.06 -16.97 -16.84 -16.72 -16.59 -16.47 -16.31 -16.16 -16.00 -15.84 -15.66 -15.44 -15.25 -15.03
-11.59 -11.59 -11.59 -11.59 -11.59 -11.59 -11.59 -11.59 -11.59 -11.59 -11.59 -11.62 -11.66 -11.69 -11.75 -11.84 -11.97 -12.12 -12.31 -12.56 -12.84 -13.12 -13.47 -13.81 -14.19 -14.56 -14.94 -15.28 -15.62 -15.97 -16.25 -16.53 -16.78 -17.00 -17.19 -17.34 -17.47 -17.59 -17.69 -17.75 -17.78 -17.81 -17.84 -17.84 -17.81 -17.78 -17.75 -17.72 -17.66 -17.59 -17.53 -17.47 -17.38 -17.31 -17.22 -17.12 -17.03 -16.91 -16.78 -16.69 -16.53 -16.41 -16.25 -16.09 -15.94 -15.78 -15.59 -15.41 -15.19 -15.00 -14.78
