everonasctiles/Tile23,10.asc
ncols 128
nrows 128
xllcorner 0
yllcorner 0
cellsize 2.0
NODATA_value  -9999
[rows 32 to 63 of 128, columns 0 to 70 of 128]
-22.91 -23.09 -23.31 -23.47 -23.66 -23.84 -24.03 -24.19 -24.34 -24.47 -24.59 -24.72 -24.81 -24.91 -25.00 -25.09 -25.16 -25.25 -25.31 -25.38 -25.44 -25.50 -25.56 -25.62 -25.69 -25.75 -25.81 -25.84 -25.91 -25.97 -26.00 -26.06 -26.12 -26.16 -26.22 -26.25 -26.31 -26.34 -26.41 -26.44 -26.47 -26.53 -26.56 -26.59 -26.66 -26.69 -26.72 -26.78 -26.81 -26.84 -26.88 -26.91 -26.97 -27.00 -27.03 -27.06 -27.09 -27.12 -27.16 -27.19 -27.22 -27.25 -27.28 -27.34 -27.38 -27.41 -27.44 -27.47 -27.47 -27.50 -27.53
-22.97 -23.16 -23.34 -23.53 -23.72 -23.91 -24.06 -24.25 -24.38 -24.53 -24.62 -24.75 -24.84 -24.94 -25.03 -25.12 -25.19 -25.28 -25.34 -25.41 -25.47 -25.53 -25.59 -25.66 -25.72 -25.78 -25.84 -25.91 -25.94 -26.00 -26.06 -26.09 -26.16 -26.19 -26.25 -26.28 -26.34 -26.38 -26.44 -26.47 -26.50 -26.56 -26.59 -26.62 -26.69 -26.72 -26.75 -26.78 -26.84 -26.88 -26.91 -26.94 -26.97 -27.00 -27.03 -27.06 -27.12 -27.16 -27.19 -27.22 -27.25 -27.28 -27.31 -27.34 -27.38 -27.41 -27.44 -27.47 -27.47 -27.50 -27.53
-23.03 -23.22 -23.41 -23.59 -23.75 -23.94 -24.12 -24.28 -24.44 -24.56 -24.69 -24.78 -24.91 -25.00 -25.06 -25.16 -25.25 -25.31 -25.38 -25.47 -25.53 -25.59 -25.66 -25.72 -25.75 -25.81 -25.88 -25.94 -25.97 -26.03 -26.09 -26.12 -26.19 -26.22 -26.28 -26.31 -26.38 -26.41 -26.47 -26.50 -26.53 -26.59 -26.62 -26.66 -26.69 -26.75 -26.78 -26.81 -26.84 -26.88 -26.91 -26.97 -27.00 -27.03 -27.06 -27.09 -27.12 -27.16 -27.19 -27.22 -27.25 -27.28 -27.31 -27.34 -27.38 -27.41 -27.44 -27.47 -27.47 -27.50 -27.53
-23.06 -23.25 -23.44 -23.62 -23.81 -24.00 -24.16 -24.31 -24.47 -24.59 -24.72 -24.81 -24.94 -25.03 -25.12 -25.19 -25.28 -25.34 -25.41 -25.50 -25.56 -25.62 -25.69 -25.75 -25.78 -25.84 -25.91 -25.97 -26.00 -26.06 -26.12 -26.16 -26.22 -26.25 -26.31 -26.34 -26.41 -26.44 -26.47 -26.53 -26.56 -26.59 -26.66 -26.69 -26.72 -26.75 -26.78 -26.84 -26.88 -26.91 -26.94 -26.97 -27.00 -27.03 -27.06 -27.09 -27.12 -27.16 -27.19 -27.22 -27.25 -27.28 -27.31 -27.34 -27.38 -27.41 -27.44 -27.44 -27.47 -27.50 -27.53
-23.09 -23.28 -23.47 -23.66 -23.84 -24.03 -24.19 -24.34 -24.50 -24.62 -24.75 -24.84 -24.97 -25.06 -25.16 -25.22 -25.31 -25.38 -25.44 -25.53 -25.59 -25.66 -25.72 -25.78 -25.81 -25.88 -25.94 -26.00 -26.03 -26.09 -26.16 -26.19 -26.25 -26.28 -26.34 -26.38 -26.41 -26.47 -26.50 -26.53 -26.59 -26.62 -26.66 -26.69 -26.75 -26.78 -26.81 -26.84 -26.88 -26.91 -26.94 -27.00 -27.03 -27.06 -27.09 -27.12 -27.16 -27.16 -27.19 -27.22 -27.25 -27.28 -27.31 -27.34 -27.38 -27.41 -27.44 -27.44 -27.47 -27.50 -27.53
-23.16 -23.34 -23.53 -23.72 -23.88 -24.06 -24.22 -24.38 -24.53 -24.66 -24.78 -24.88 -25.00 -25.09 -25.16 -25.25 -25.34 -25.41 -25.47 -25.56 -25.62 -25.69 -25.75 -25.78 -25.84 -25.91 -25.97 -26.03 -26.06 -26.12 -26.16 -26.22 -26.25 -26.31 -26.34 -26.41 -26.44 -26.50 -26.53 -26.56 -26.59 -26.66 -26.69 -26.72 -26.75 -26.78 -26.84 -26.88 -26.91 -26.94 -26.97 -27.00 -27.03 -27.06 -27.09 -27.12 -27.16 -27.19 -27.22 -27.22 -27.25 -27.28 -27.31 -27.34 -27.38 -27.41 -27.41 -27.44 -27.47 -27.50 -27.50
-23.19 -23.38 -23.56 -23.75 -23.91 -24.09 -24.25 -24.41 -24.56 -24.69 -24.81 -24.91 -25.00 -25.09 -25.19 -25.28 -25.34 -25.44 -25.50 -25.56 -25.62 -25.69 -25.75 -25.81 -25.88 -25.94 -26.00 -26.03 -26.09 -26.16 -26.19 -26.25 -26.28 -26.34 -26.38 -26.41 -26.47 -26.50 -26.53 -26.59 -26.62 -26.66 -26.69 -26.75 -26.78 -26.81 -26.84 -26.88 -26.91 -26.94 -26.97 -27.00 -27.03 -27.06 -27.09 -27.12 -27.16 -27.19 -27.22 -27.22 -27.25 -27.28 -27.31 -27.34 -27.38 -27.38 -27.41 -27.44 -27.47 -27.47 -27.50
-23.22 -23.41 -23.59 -23.78 -23.94 -24.12 -24.28 -24.44 -24.59 -24.72 -24.81 -24.94 -25.03 -25.12 -25.22 -25.31 -25.38 -25.47 -25.53 -25.59 -25.66 -25.72 -25.78 -25.84 -25.91 -25.97 -26.00 -26.06 -26.12 -26.16 -26.22 -26.25 -26.31 -26.34 -26.41 -26.44 -26.47 -26.53 -26.56 -26.59 -26.62 -26.69 -26.72 -26.75 -26.78 -26.81 -26.84 -26.88 -26.91 -26.94 -26.97 -27.00 -27.03 -27.06 -27.09 -27.12 -27.16 -27.19 -27.22 -27.22 -27.25 -27.28 -27.31 -27.34 -27.34 -27.38 -27.41 -27.44 -27.44 -27.47 -27.50
-23.25 -23.44 -23.62 -23.81 -23.97 -24.16 -24.31 -24.47 -24.59 -24.72 -24.84 -24.94 -25.06 -25.16 -25.25 -25.31 -25.41 -25.47 -25.56 -25.62 -25.69 -25.75 -25.81 -25.88 -25.91 -25.97 -26.03 -26.09 -26.12 -26.19 -26.22 -26.28 -26.31 -26.38 -26.41 -26.47 -26.50 -26.53 -26.56 -26.62 -26.66 -26.69 -26.72 -26.75 -26.78 -26.81 -26.88 -26.91 -26.94 -26.97 -26.97 -27.00 -27.03 -27.06 -27.09 -27.12 -27.16 -27.19 -27.22 -27.22 -27.25 -27.28 -27.31 -27.31 -27.34 -27.38 -27.38 -27.41 -27.44 -27.44 -27.47
-23.28 -23.47 -23.62 -23.81 -24.00 -24.16 -24.31 -24.47 -24.62 -24.75 -24.84 -24.97 -25.06 -25.16 -25.25 -25.34 -25.41 -25.50 -25.56 -25.62 -25.69 -25.75 -25.81 -25.88 -25.94 -26.00 -26.03 -26.09 -26.16 -26.19 -26.25 -26.28 -26.34 -26.38 -26.44 -26.47 -26.50 -26.56 -26.59 -26.62 -26.66 -26.69 -26.72 -26.78 -26.81 -26.84 -26.88 -26.91 -26.94 -26.97 -27.00 -27.00 -27.03 -27.06 -27.09 -27.12 -27.16 -27.19 -27.19 -27.22 -27.25 -27.28 -27.28 -27.31 -27.34 -27.34 -27.38 -27.41 -27.41 -27.44 -27.47
-23.31 -23.50 -23.66 -23.84 -24.00 -24.19 -24.34 -24.50 -24.62 -24.75 -24.88 -24.97 -25.09 -25.19 -25.25 -25.34 -25.44 -25.50 -25.56 -25.66 -25.72 -25.78 -25.84 -25.91 -25.94 -26.00 -26.06 -26.12 -26.16 -26.22 -26.25 -26.31 -26.34 -26.41 -26.44 -26.47 -26.53 -26.56 -26.59 -26.62 -26.66 -26.72 -26.75 -26.78 -26.81 -26.84 -26.88 -26.91 -26.94 -26.97 -27.00 -27.00 -27.03 -27.06 -27.09 -27.12 -27.16 -27.16 -27.19 -27.22 -27.25 -27.25 -27.28 -27.31 -27.31 -27.34 -27.38 -27.38 -27.41 -27.41 -27.44
-23.31 -23.50 -23.69 -23.84 -24.03 -24.19 -24.34 -24.50 -24.62 -24.75 -24.88 -25.00 -25.09 -25.19 -25.28 -25.38 -25.44 -25.53 -25.59 -25.66 -25.72 -25.78 -25.84 -25.91 -25.97 -26.03 -26.06 -26.12 -26.16 -26.22 -26.28 -26.31 -26.34 -26.41 -26.44 -26.50 -26.53 -26.56 -26.59 -26.62 -26.69 -26.72 -26.75 -26.78 -26.81 -26.84 -26.88 -26.91 -26.94 -26.97 -27.00 -27.00 -27.03 -27.06 -27.09 -27.12 -27.12 -27.16 -27.19 -27.22 -27.22 -27.25 -27.28 -27.28 -27.31 -27.31 -27.34 -27.38 -27.38 -27.41 -27.41
-23.34 -23.53 -23.69 -23.88 -24.03 -24.22 -24.38 -24.50 -24.62 -24.78 -24.88 -25.00 -25.09 -25.19 -25.28 -25.38 -25.44 -25.53 -25.59 -25.66 -25.72 -25.78 -25.84 -25.91 -25.97 -26.03 -26.09 -26.12 -26.19 -26.22 -26.28 -26.31 -26.38 -26.41 -26.44 -26.50 -26.53 -26.56 -26.59 -26.66 -26.69 -26.72 -26.75 -26.78 -26.81 -26.84 -26.88 -26.91 -26.94 -26.97 -26.97 -27.00 -27.03 -27.06 -27.09 -27.09 -27.12 -27.16 -27.19 -27.19 -27.22 -27.25 -27.25 -27.28 -27.28 -27.31 -27.31 -27.34 -27.38 -27.38 -27.41
-23.34 -23.53 -23.69 -23.88 -24.03 -24.22 -24.38 -24.50 -24.66 -24.78 -24.88 -25.00 -25.09 -25.19 -25.28 -25.38 -25.47 -25.53 -25.59 -25.69 -25.75 -25.81 -25.88 -25.91 -25.97 -26.03 -26.09 -26.12 -26.19 -26.22 -26.28 -26.31 -26.38 -26.41 -26.44 -26.50 -26.53 -26.56 -26.59 -26.66 -26.69 -26.72 -26.75 -26.78 -26.81 -26.84 -26.88 -26.91 -26.94 -26.94 -26.97 -27.00 -27.03 -27.06 -27.06 -27.09 -27.12 -27.12 -27.16 -27.19 -27.19 -27.22 -27.25 -27.25 -27.28 -27.28 -27.31 -27.31 -27.34 -27.34 -27.38
-23.38 -23.53 -23.72 -23.88 -24.06 -24.22 -24.38 -24.50 -24.66 -24.78 -24.88 -25.00 -25.09 -25.19 -25.28 -25.38 -25.47 -25.53 -25.59 -25.69 -25.75 -25.81 -25.88 -25.94 -25.97 -26.03 -26.09 -26.12 -26.19 -26.25 -26.28 -26.31 -26.38 -26.41 -26.47 -26.50 -26.53 -26.56 -26.59 -26.66 -26.69 -26.72 -26.75 -26.78 -26.81 -26.84 -26.88 -26.88 -26.91 -26.94 -26.97 -27.00 -27.03 -27.03 -27.06 -27.09 -27.09 -27.12 -27.16 -27.16 -27.19 -27.19 -27.22 -27.25 -27.25 -27.28 -27.28 -27.31 -27.31 -27.34 -27.34
-23.38 -23.53 -23.72 -23.88 -24.06 -24.22 -24.38 -24.50 -24.62 -24.78 -24.88 -25.00 -25.09 -25.19 -25.28 -25.38 -25.47 -25.53 -25.59 -25.69 -25.75 -25.81 -25.88 -25.94 -25.97 -26.03 -26.09 -26.12 -26.19 -26.25 -26.28 -26.31 -26.38 -26.41 -26.44 -26.50 -26.53 -26.56 -26.59 -26.62 -26.66 -26.72 -26.75 -26.78 -26.78 -26.81 -26.84 -26.88 -26.91 -26.94 -26.97 -26.97 -27.00 -27.03 -27.06 -27.06 -27.09 -27.12 -27.12 -27.16 -27.16 -27.19 -27.19 -27.22 -27.22 -27.25 -27.25 -27.28 -27.28 -27.31 -27.31
-23.38 -23.53 -23.72 -23.88 -24.06 -24.22 -24.38 -24.50 -24.62 -24.75 -24.88 -25.00 -25.09 -25.19 -25.28 -25.38 -25.44 -25.53 -25.59 -25.69 -25.75 -25.81 -25.88 -25.94 -25.97 -26.03 -26.09 -26.12 -26.19 -26.22 -26.28 -26.31 -26.38 -26.41 -26.44 -26.50 -26.53 -26.56 -26.59 -26.62 -26.66 -26.69 -26.72 -26.75 -26.78 -26.81 -26.84 -26.88 -26.91 -26.91 -26.94 -26.97 -27.00 -27.00 -27.03 -27.06 -27.06 -27.09 -27.12 -27.12 -27.16 -27.16 -27.19 -27.19 -27.22 -27.22 -27.25 -27.25 -27.25 -27.28 -27.28
-23.38 -23.53 -23.72 -23.88 -24.03 -24.19 -24.34 -24.50 -24.62 -24.75 -24.88 -24.97 -25.09 -25.19 -25.28 -25.38 -25.44 -25.53 -25.59 -25.66 -25.75 -25.81 -25.88 -25.91 -25.97 -26.03 -26.09 -26.12 -26.19 -26.22 -26.28 -26.31 -26.38 -26.41 -26.44 -26.47 -26.53 -26.56 -26.59 -26.62 -26.66 -26.69 -26.72 -26.75 -26.78 -26.81 -26.84 -26.84 -26.88 -26.91 -26.94 -26.94 -26.97 -27.00 -27.03 -27.03 -27.06 -27.06 -27.09 -27.09 -27.12 -27.12 -27.16 -27.16 -27.19 -27.19 -27.22 -27.22 -27.22 -27.25 -27.25
-23.38 -23.53 -23.69 -23.88 -24.03 -24.19 -24.34 -24.47 -24.62 -24.75 -24.84 -24.97 -25.06 -25.19 -25.25 -25.34 -25.44 -25.53 -25.59 -25.66 -25.72 -25.78 -25.84 -25.91 -25.97 -26.03 -26.06 -26.12 -26.19 -26.22 -26.28 -26.31 -26.34 -26.41 -26.44 -26.47 -26.50 -26.53 -26.59 -26.62 -26.66 -26.69 -26.72 -26.75 -26.75 -26.78 -26.81 -26.84 -26.88 -26.91 -26.91 -26.94 -26.97 -26.97 -27.00 -27.00 -27.03 -27.06 -27.06 -27.09 -27.09 -27.12 -27.12 -27.16 -27.16 -27.16 -27.19 -27.19 -27.19 -27.22 -27.22
-23.38 -23.53 -23.69 -23.84 -24.03 -24.19 -24.31 -24.47 -24.59 -24.72 -24.84 -24.97 -25.06 -25.16 -25.25 -25.34 -25.44 -25.50 -25.59 -25.66 -25.72 -25.78 -25.84 -25.91 -25.97 -26.00 -26.06 -26.12 -26.16 -26.22 -26.25 -26.31 -26.34 -26.38 -26.44 -26.47 -26.50 -26.53 -26.56 -26.59 -26.62 -26.66 -26.69 -26.72 -26.75 -26.78 -26.81 -26.81 -26.84 -26.88 -26.91 -26.91 -26.94 -26.97 -26.97 -27.00 -27.00 -27.03 -27.03 -27.06 -27.06 -27.09 -27.09 -27.12 -27.12 -27.12 -27.16 -27.16 -27.16 -27.19 -27.19
-23.34 -23.50 -23.69 -23.84 -24.00 -24.16 -24.31 -24.44 -24.56 -24.69 -24.81 -24.94 -25.03 -25.16 -25.25 -25.31 -25.41 -25.50 -25.56 -25.62 -25.72 -25.78 -25.84 -25.91 -25.94 -26.00 -26.06 -26.09 -26.16 -26.19 -26.25 -26.28 -26.34 -26.38 -26.41 -26.44 -26.50 -26.53 -26.56 -26.59 -26.62 -26.66 -26.69 -26.72 -26.72 -26.75 -26.78 -26.81 -26.84 -26.84 -26.88 -26.91 -26.91 -26.94 -26.94 -26.97 -27.00 -27.00 -27.03 -27.03 -27.03 -27.06 -27.06 -27.09 -27.09 -27.09 -27.12 -27.12 -27.12 -27.12 -27.16
-23.34 -23.50 -23.66 -23.81 -23.97 -24.12 -24.28 -24.41 -24.56 -24.69 -24.81 -24.91 -25.03 -25.12 -25.22 -25.31 -25.41 -25.47 -25.56 -25.62 -25.69 -25.75 -25.81 -25.88 -25.94 -26.00 -26.03 -26.09 -26.16 -26.19 -26.22 -26.28 -26.31 -26.34 -26.41 -26.44 -26.47 -26.50 -26.53 -26.56 -26.59 -26.62 -26.66 -26.69 -26.72 -26.75 -26.75 -26.78 -26.81 -26.84 -26.84 -26.88 -26.88 -26.91 -26.94 -26.94 -26.97 -26.97 -27.00 -27.00 -27.00 -27.03 -27.03 -27.06 -27.06 -27.06 -27.06 -27.09 -27.09 -27.09 -27.09
-23.31 -23.47 -23.62 -23.78 -23.94 -24.09 -24.25 -24.41 -24.53 -24.66 -24.78 -24.88 -25.00 -25.09 -25.19 -25.28 -25.38 -25.47 -25.53 -25.59 -25.69 -25.75 -25.81 -25.88 -25.91 -25.97 -26.03 -26.06 -26.12 -26.16 -26.22 -26.25 -26.31 -26.34 -26.38 -26.41 -26.44 -26.50 -26.53 -26.56 -26.59 -26.62 -26.62 -26.66 -26.69 -26.72 -26.75 -26.75 -26.78 -26.81 -26.81 -26.84 -26.88 -26.88 -26.91 -26.91 -26.94 -26.94 -26.97 -26.97 -26.97 -27.00 -27.00 -27.00 -27.03 -27.03 -27.03 -27.06 -27.06 -27.06 -27.06
-23.28 -23.44 -23.59 -23.75 -23.94 -24.09 -24.22 -24.38 -24.50 -24.62 -24.75 -24.88 -24.97 -25.06 -25.16 -25.25 -25.34 -25.44 -25.50 -25.59 -25.66 -25.72 -25.78 -25.84 -25.91 -25.97 -26.00 -26.06 -26.09 -26.16 -26.19 -26.25 -26.28 -26.31 -26.38 -26.41 -26.44 -26.47 -26.50 -26.53 -26.56 -26.59 -26.62 -26.66 -26.66 -26.69 -26.72 -26.75 -26.75 -26.78 -26.81 -26.81 -26.84 -26.84 -26.88 -26.88 -26.91 -26.91 -26.94 -26.94 -26.94 -26.97 -26.97 -26.97 -27.00 -27.00 -27.00 -27.00 -27.00 -27.03 -27.03
-23.25 -23.44 -23.59 -23.75 -23.91 -24.03 -24.19 -24.34 -24.47 -24.59 -24.72 -24.84 -24.94 -25.03 -25.16 -25.25 -25.31 -25.41 -25.50 -25.56 -25.62 -25.69 -25.75 -25.81 -25.88 -25.94 -26.00 -26.03 -26.09 -26.12 -26.19 -26.22 -26.25 -26.31 -26.34 -26.38 -26.41 -26.44 -26.47 -26.50 -26.53 -26.56 -26.59 -26.62 -26.66 -26.66 -26.69 -26.72 -26.72 -26.75 -26.78 -26.78 -26.81 -26.81 -26.84 -26.84 -26.88 -26.88 -26.91 -26.91 -26.91 -26.94 -26.94 -26.94 -26.94 -26.97 -26.97 -26.97 -26.97 -26.97 -26.97
-23.22 -23.38 -23.53 -23.69 -23.84 -24.00 -24.16 -24.31 -24.44 -24.56 -24.69 -24.81 -24.91 -25.00 -25.12 -25.22 -25.28 -25.38 -25.47 -25.53 -25.59 -25.69 -25.75 -25.81 -25.84 -25.91 -25.97 -26.00 -26.06 -26.09 -26.16 -26.19 -26.25 -26.28 -26.31 -26.34 -26.38 -26.41 -26.44 -26.47 -26.50 -26.53 -26.56 -26.59 -26.62 -26.62 -26.66 -26.69 -26.69 -26.72 -26.75 -26.75 -26.78 -26.78 -26.81 -26.81 -26.84 -26.84 -26.84 -26.88 -26.88 -26.88 -26.91 -26.91 -26.91 -26.91 -26.91 -26.94 -26.94 -26.94 -26.94
-23.19 -23.34 -23.50 -23.66 -23.81 -23.97 -24.12 -24.25 -24.41 -24.53 -24.66 -24.75 -24.88 -24.97 -25.09 -25.19 -25.25 -25.34 -25.44 -25.50 -25.56 -25.66 -25.72 -25.78 -25.84 -25.88 -25.94 -26.00 -26.03 -26.09 -26.12 -26.16 -26.22 -26.25 -26.28 -26.31 -26.34 -26.41 -26.44 -26.47 -26.47 -26.50 -26.53 -26.56 -26.59 -26.59 -26.62 -26.66 -26.66 -26.69 -26.72 -26.72 -26.75 -26.75 -26.78 -26.78 -26.78 -26.81 -26.81 -26.81 -26.84 -26.84 -26.84 -26.84 -26.88 -26.88 -26.88 -26.88 -26.88 -26.88 -26.88
-23.16 -23.31 -23.47 -23.62 -23.78 -23.94 -24.09 -24.22 -24.34 -24.47 -24.59 -24.72 -24.84 -24.94 -25.03 -25.12 -25.22 -25.31 -25.41 -25.47 -25.53 -25.62 -25.69 -25.75 -25.81 -25.84 -25.91 -25.97 -26.00 -26.06 -26.09 -26.16 -26.19 -26.22 -26.25 -26.28 -26.34 -26.38 -26.41 -26.44 -26.44 -26.47 -26.50 -26.53 -26.56 -26.56 -26.59 -26.62 -26.62 -26.66 -26.69 -26.69 -26.72 -26.72 -26.72 -26.75 -26.75 -26.78 -26.78 -26.78 -26.78 -26.81 -26.81 -26.81 -26.81 -26.81 -26.84 -26.84 -26.84 -26.84 -26.84
-23.12 -23.28 -23.44 -23.59 -23.75 -23.88 -24.03 -24.19 -24.31 -24.44 -24.56 -24.69 -24.78 -24.91 -25.00 -25.09 -25.19 -25.28 -25.38 -25.44 -25.50 -25.59 -25.66 -25.72 -25.78 -25.81 -25.88 -25.94 -25.97 -26.03 -26.06 -26.12 -26.16 -26.19 -26.22 -26.25 -26.31 -26.34 -26.38 -26.41 -26.41 -26.44 -26.47 -26.50 -26.53 -26.53 -26.56 -26.59 -26.59 -26.62 -26.62 -26.66 -26.66 -26.69 -26.69 -26.72 -26.72 -26.72 -26.75 -26.75 -26.75 -26.75 -26.75 -26.78 -26.78 -26.78 -26.78 -26.78 -26.78 -26.78 -26.78
-23.06 -23.22 -23.38 -23.53 -23.69 -23.84 -24.00 -24.12 -24.25 -24.41 -24.50 -24.62 -24.75 -24.84 -24.97 -25.06 -25.16 -25.25 -25.31 -25.41 -25.47 -25.53 -25.62 -25.69 -25.75 -25.78 -25.84 -25.91 -25.94 -26.00 -26.03 -26.09 -26.12 -26.16 -26.19 -26.22 -26.25 -26.31 -26.34 -26.34 -26.38 -26.41 -26.44 -26.47 -26.47 -26.50 -26.53 -26.53 -26.56 -26.59 -26.59 -26.62 -26.62 -26.62 -26.66 -26.66 -26.69 -26.69 -26.69 -26.69 -26.72 -26.72 -26.72 -26.72 -26.72 -26.72 -26.72 -26.72 -26.72 -26.72 -26.72
-23.03 -23.19 -23.34 -23.50 -23.62 -23.78 -23.94 -24.09 -24.22 -24.34 -24.47 -24.59 -24.69 -24.81 -24.91 -25.03 -25.12 -25.19 -25.28 -25.38 -25.44 -25.50 -25.56 -25.62 -25.69 -25.75 -25.81 -25.88 -25.91 -25.97 -26.00 -26.03 -26.09 -26.12 -26.16 -26.19 -26.22 -26.25 -26.28 -26.31 -26.34 -26.38 -26.41 -26.44 -26.44 -26.47 -26.50 -26.50 -26.53 -26.53 -26.56 -26.56 -26.59 -26.59 -26.59 -26.62 -26.62 -26.62 -26.66 -26.66 -26.66 -26.66 -26.66 -26.69 -26.69 -26.69 -26.69 -26.69 -26.69 -26.69 -26.69
-22.97 -23.12 -23.28 -23.44 -23.59 -23.75 -23.88 -24.03 -24.16 -24.28 -24.41 -24.53 -24.66 -24.75 -24.88 -24.97 -25.06 -25.16 -25.25 -25.31 -25.41 -25.47 -25.53 -25.59 -25.66 -25.72 -25.78 -25.81 -25.88 -25.91 -25.97 -26.00 -26.06 -26.09 -26.12 -26.16 -26.19 -26.22 -26.25 -26.28 -26.31 -26.34 -26.38 -26.38 -26.41 -26.44 -26.44 -26.47 -26.47 -26.50 -26.50 -26.53 -26.53 -26.56 -26.56 -26.56 -26.59 -26.59 -26.59 -26.59 -26.62 -26.62 -26.62 -26.62 -26.62 -26.62 -26.62 -26.62 -26.62 -26.62 -26.62
