everonasctiles/Tile48,1.asc
ncols 128
nrows 128
xllcorner 0
yllcorner 0
cellsize 2.0
NODATA_value  -9999
[rows 58 to 86 of 128, columns 0 to 66 of 128]
-159.31 -159.47 -159.62 -159.78 -159.91 -160.00 -160.03 -160.06 -160.06 -160.12 -160.19 -160.31 -160.41 -160.44 -160.47 -160.47 -160.47 -160.47 -160.44 -160.44 -160.47 -160.53 -160.56 -160.62 -160.72 -160.81 -160.91 -160.97 -161.06 -161.16 -161.22 -161.28 -161.28 -161.28 -161.25 -161.19 -161.12 -161.06 -161.06 -161.09 -161.22 -161.38 -161.53 -161.66 -161.75 -161.81 -161.88 -162.00 -162.16 -162.28 -162.41 -162.50 -162.62 -162.75 -162.91 -163.09 -163.31 -163.53 -163.75 -163.97 -164.19 -164.41 -164.59 -164.81 -165.03 -165.28 -165.53
-159.75 -159.91 -160.09 -160.25 -160.41 -160.53 -160.59 -160.62 -160.66 -160.72 -160.78 -160.91 -161.00 -161.06 -161.09 -161.09 -161.12 -161.09 -161.09 -161.09 -161.12 -161.16 -161.22 -161.28 -161.34 -161.47 -161.56 -161.66 -161.75 -161.81 -161.91 -161.97 -161.97 -161.97 -161.94 -161.84 -161.78 -161.72 -161.69 -161.72 -161.81 -161.97 -162.16 -162.28 -162.34 -162.41 -162.50 -162.59 -162.75 -162.84 -162.97 -163.06 -163.16 -163.25 -163.41 -163.59 -163.81 -164.03 -164.25 -164.47 -164.66 -164.88 -165.09 -165.28 -165.50 -165.72 -165.97
-160.22 -160.38 -160.56 -160.75 -160.91 -161.06 -161.16 -161.22 -161.25 -161.31 -161.38 -161.50 -161.59 -161.69 -161.72 -161.75 -161.75 -161.75 -161.72 -161.72 -161.75 -161.81 -161.88 -161.94 -162.00 -162.09 -162.22 -162.31 -162.41 -162.50 -162.56 -162.62 -162.66 -162.62 -162.59 -162.53 -162.44 -162.34 -162.31 -162.34 -162.44 -162.56 -162.72 -162.88 -162.94 -163.00 -163.09 -163.19 -163.31 -163.44 -163.53 -163.59 -163.69 -163.78 -163.91 -164.06 -164.28 -164.50 -164.72 -164.94 -165.16 -165.34 -165.53 -165.72 -165.94 -166.16 -166.38
-160.69 -160.84 -161.03 -161.22 -161.41 -161.56 -161.69 -161.78 -161.84 -161.91 -161.97 -162.06 -162.19 -162.28 -162.34 -162.38 -162.38 -162.38 -162.38 -162.34 -162.38 -162.44 -162.50 -162.56 -162.62 -162.75 -162.84 -162.97 -163.06 -163.16 -163.22 -163.28 -163.28 -163.28 -163.25 -163.19 -163.09 -163.00 -162.94 -162.94 -163.03 -163.16 -163.31 -163.44 -163.53 -163.59 -163.69 -163.78 -163.91 -164.00 -164.06 -164.12 -164.19 -164.28 -164.41 -164.53 -164.72 -164.94 -165.16 -165.41 -165.62 -165.81 -166.00 -166.16 -166.34 -166.56 -166.78
-161.19 -161.34 -161.50 -161.69 -161.88 -162.03 -162.19 -162.31 -162.41 -162.47 -162.56 -162.66 -162.78 -162.88 -162.97 -162.97 -163.00 -163.00 -162.97 -162.97 -163.00 -163.06 -163.12 -163.19 -163.28 -163.38 -163.47 -163.56 -163.69 -163.78 -163.84 -163.88 -163.91 -163.91 -163.88 -163.81 -163.72 -163.62 -163.56 -163.53 -163.62 -163.72 -163.88 -164.00 -164.09 -164.19 -164.28 -164.38 -164.47 -164.53 -164.59 -164.66 -164.72 -164.78 -164.88 -165.00 -165.16 -165.38 -165.59 -165.81 -166.03 -166.25 -166.44 -166.59 -166.75 -166.94 -167.16
-161.66 -161.81 -162.00 -162.16 -162.34 -162.53 -162.69 -162.84 -162.97 -163.06 -163.12 -163.22 -163.34 -163.47 -163.56 -163.59 -163.59 -163.59 -163.56 -163.56 -163.59 -163.69 -163.75 -163.81 -163.88 -163.97 -164.09 -164.19 -164.28 -164.38 -164.44 -164.47 -164.53 -164.53 -164.50 -164.44 -164.34 -164.22 -164.16 -164.12 -164.19 -164.31 -164.41 -164.53 -164.66 -164.75 -164.84 -164.91 -165.00 -165.06 -165.12 -165.19 -165.22 -165.28 -165.38 -165.47 -165.59 -165.78 -166.00 -166.22 -166.44 -166.66 -166.84 -167.00 -167.16 -167.34 -167.53
-162.09 -162.28 -162.47 -162.62 -162.81 -163.00 -163.19 -163.34 -163.50 -163.59 -163.69 -163.78 -163.91 -164.03 -164.12 -164.19 -164.19 -164.16 -164.16 -164.12 -164.19 -164.25 -164.34 -164.41 -164.50 -164.56 -164.66 -164.75 -164.84 -164.94 -165.00 -165.06 -165.09 -165.12 -165.09 -165.03 -164.94 -164.81 -164.75 -164.72 -164.75 -164.84 -164.97 -165.06 -165.19 -165.28 -165.38 -165.47 -165.53 -165.59 -165.62 -165.69 -165.72 -165.75 -165.84 -165.94 -166.06 -166.22 -166.41 -166.62 -166.84 -167.03 -167.22 -167.38 -167.53 -167.72 -167.88
-162.53 -162.72 -162.91 -163.09 -163.28 -163.47 -163.66 -163.84 -164.00 -164.12 -164.22 -164.34 -164.47 -164.59 -164.69 -164.75 -164.75 -164.72 -164.69 -164.69 -164.72 -164.81 -164.91 -164.97 -165.06 -165.16 -165.22 -165.31 -165.41 -165.47 -165.53 -165.59 -165.66 -165.69 -165.66 -165.59 -165.50 -165.41 -165.31 -165.28 -165.31 -165.41 -165.50 -165.59 -165.69 -165.81 -165.91 -165.97 -166.03 -166.09 -166.12 -166.16 -166.19 -166.22 -166.28 -166.38 -166.50 -166.62 -166.81 -167.00 -167.19 -167.38 -167.56 -167.72 -167.91 -168.06 -168.22
-162.91 -163.16 -163.34 -163.56 -163.75 -163.94 -164.12 -164.28 -164.47 -164.62 -164.75 -164.88 -165.00 -165.12 -165.22 -165.28 -165.28 -165.25 -165.22 -165.22 -165.25 -165.34 -165.44 -165.53 -165.62 -165.69 -165.75 -165.84 -165.91 -166.00 -166.06 -166.12 -166.19 -166.22 -166.19 -166.12 -166.03 -165.94 -165.88 -165.81 -165.84 -165.94 -166.03 -166.12 -166.22 -166.28 -166.38 -166.47 -166.50 -166.56 -166.59 -166.62 -166.66 -166.66 -166.72 -166.81 -166.91 -167.03 -167.19 -167.38 -167.56 -167.72 -167.91 -168.06 -168.22 -168.38 -168.53
-163.31 -163.53 -163.75 -163.97 -164.19 -164.38 -164.56 -164.75 -164.94 -165.09 -165.25 -165.38 -165.50 -165.62 -165.72 -165.78 -165.78 -165.75 -165.72 -165.72 -165.75 -165.84 -165.94 -166.03 -166.12 -166.19 -166.25 -166.34 -166.41 -166.47 -166.53 -166.62 -166.69 -166.72 -166.69 -166.62 -166.56 -166.47 -166.38 -166.34 -166.38 -166.44 -166.53 -166.62 -166.69 -166.78 -166.84 -166.91 -166.97 -167.00 -167.03 -167.06 -167.06 -167.09 -167.12 -167.22 -167.31 -167.44 -167.56 -167.72 -167.91 -168.06 -168.22 -168.38 -168.53 -168.69 -168.84
-163.69 -163.94 -164.16 -164.38 -164.59 -164.81 -165.00 -165.19 -165.38 -165.53 -165.72 -165.84 -165.97 -166.09 -166.19 -166.25 -166.25 -166.25 -166.22 -166.22 -166.25 -166.31 -166.41 -166.50 -166.59 -166.66 -166.75 -166.81 -166.88 -166.94 -167.00 -167.09 -167.12 -167.16 -167.16 -167.12 -167.06 -166.97 -166.91 -166.84 -166.84 -166.94 -167.03 -167.09 -167.16 -167.22 -167.31 -167.34 -167.41 -167.44 -167.47 -167.47 -167.47 -167.50 -167.53 -167.59 -167.69 -167.81 -167.94 -168.06 -168.22 -168.38 -168.53 -168.66 -168.81 -168.94 -169.09
-164.06 -164.31 -164.53 -164.78 -165.00 -165.19 -165.41 -165.59 -165.78 -165.97 -166.12 -166.28 -166.44 -166.56 -166.62 -166.69 -166.72 -166.69 -166.69 -166.69 -166.72 -166.75 -166.84 -166.94 -167.03 -167.09 -167.19 -167.25 -167.31 -167.41 -167.44 -167.50 -167.56 -167.59 -167.59 -167.56 -167.50 -167.44 -167.38 -167.31 -167.31 -167.38 -167.47 -167.56 -167.59 -167.66 -167.72 -167.78 -167.81 -167.84 -167.84 -167.84 -167.88 -167.88 -167.91 -167.97 -168.03 -168.16 -168.28 -168.41 -168.53 -168.66 -168.81 -168.94 -169.06 -169.19 -169.34
-164.44 -164.69 -164.91 -165.12 -165.38 -165.59 -165.78 -166.00 -166.19 -166.34 -166.53 -166.69 -166.84 -166.97 -167.06 -167.12 -167.12 -167.12 -167.12 -167.12 -167.16 -167.19 -167.28 -167.34 -167.44 -167.53 -167.59 -167.66 -167.75 -167.81 -167.88 -167.94 -167.97 -168.00 -168.00 -167.97 -167.94 -167.88 -167.81 -167.75 -167.75 -167.81 -167.91 -167.97 -168.03 -168.06 -168.12 -168.16 -168.19 -168.22 -168.22 -168.22 -168.22 -168.22 -168.25 -168.28 -168.38 -168.47 -168.59 -168.72 -168.84 -168.97 -169.06 -169.19 -169.31 -169.44 -169.56
-164.78 -165.03 -165.28 -165.50 -165.72 -165.94 -166.16 -166.38 -166.56 -166.72 -166.91 -167.06 -167.22 -167.34 -167.44 -167.50 -167.53 -167.53 -167.53 -167.53 -167.56 -167.59 -167.69 -167.75 -167.81 -167.91 -167.97 -168.03 -168.12 -168.19 -168.25 -168.31 -168.34 -168.38 -168.38 -168.38 -168.34 -168.28 -168.22 -168.19 -168.19 -168.25 -168.31 -168.38 -168.44 -168.47 -168.50 -168.53 -168.53 -168.56 -168.56 -168.56 -168.53 -168.56 -168.56 -168.62 -168.69 -168.78 -168.88 -169.00 -169.09 -169.22 -169.34 -169.44 -169.53 -169.66 -169.75
-165.16 -165.38 -165.62 -165.84 -166.06 -166.28 -166.50 -166.72 -166.91 -167.09 -167.25 -167.41 -167.56 -167.69 -167.78 -167.88 -167.91 -167.91 -167.91 -167.91 -167.94 -168.00 -168.06 -168.12 -168.19 -168.25 -168.34 -168.41 -168.47 -168.53 -168.59 -168.66 -168.69 -168.72 -168.72 -168.72 -168.69 -168.66 -168.62 -168.59 -168.59 -168.66 -168.69 -168.75 -168.78 -168.81 -168.84 -168.88 -168.88 -168.88 -168.88 -168.84 -168.84 -168.84 -168.88 -168.91 -168.97 -169.06 -169.16 -169.25 -169.34 -169.47 -169.56 -169.66 -169.75 -169.84 -169.94
-165.50 -165.72 -165.94 -166.16 -166.38 -166.59 -166.81 -167.03 -167.22 -167.41 -167.59 -167.75 -167.88 -168.00 -168.12 -168.19 -168.25 -168.25 -168.25 -168.28 -168.31 -168.34 -168.41 -168.47 -168.53 -168.59 -168.66 -168.72 -168.81 -168.88 -168.94 -168.97 -169.00 -169.03 -169.06 -169.06 -169.03 -169.00 -168.97 -168.94 -168.97 -169.00 -169.06 -169.09 -169.12 -169.16 -169.19 -169.19 -169.19 -169.16 -169.16 -169.12 -169.12 -169.16 -169.16 -169.19 -169.22 -169.31 -169.38 -169.47 -169.59 -169.69 -169.78 -169.88 -169.94 -170.03 -170.12
-165.84 -166.06 -166.25 -166.47 -166.69 -166.91 -167.12 -167.34 -167.53 -167.72 -167.88 -168.03 -168.19 -168.31 -168.41 -168.50 -168.56 -168.56 -168.59 -168.59 -168.62 -168.69 -168.75 -168.81 -168.88 -168.94 -168.97 -169.03 -169.09 -169.16 -169.22 -169.25 -169.31 -169.34 -169.34 -169.34 -169.34 -169.31 -169.28 -169.28 -169.31 -169.34 -169.38 -169.41 -169.44 -169.47 -169.47 -169.47 -169.44 -169.44 -169.41 -169.41 -169.41 -169.41 -169.44 -169.44 -169.47 -169.53 -169.59 -169.69 -169.78 -169.88 -169.97 -170.06 -170.12 -170.22 -170.31
-166.19 -166.38 -166.56 -166.78 -167.00 -167.19 -167.41 -167.62 -167.81 -168.00 -168.16 -168.31 -168.44 -168.56 -168.69 -168.78 -168.84 -168.88 -168.88 -168.91 -168.94 -169.00 -169.06 -169.12 -169.16 -169.22 -169.28 -169.31 -169.38 -169.44 -169.47 -169.53 -169.56 -169.59 -169.62 -169.62 -169.62 -169.59 -169.59 -169.59 -169.62 -169.66 -169.69 -169.72 -169.72 -169.75 -169.75 -169.72 -169.72 -169.69 -169.66 -169.62 -169.62 -169.66 -169.66 -169.69 -169.72 -169.75 -169.81 -169.91 -169.97 -170.06 -170.16 -170.22 -170.31 -170.41 -170.47
-166.50 -166.69 -166.88 -167.06 -167.28 -167.47 -167.69 -167.88 -168.09 -168.25 -168.41 -168.56 -168.69 -168.81 -168.94 -169.00 -169.09 -169.12 -169.16 -169.19 -169.22 -169.28 -169.34 -169.41 -169.44 -169.50 -169.53 -169.59 -169.62 -169.69 -169.72 -169.78 -169.81 -169.84 -169.84 -169.88 -169.88 -169.84 -169.84 -169.88 -169.88 -169.91 -169.94 -169.97 -170.00 -170.00 -170.00 -169.97 -169.94 -169.91 -169.88 -169.84 -169.88 -169.88 -169.91 -169.91 -169.94 -169.97 -170.00 -170.06 -170.16 -170.25 -170.31 -170.41 -170.47 -170.56 -170.62
-166.81 -166.97 -167.16 -167.34 -167.53 -167.72 -167.91 -168.12 -168.31 -168.50 -168.66 -168.78 -168.91 -169.03 -169.16 -169.25 -169.31 -169.38 -169.41 -169.44 -169.47 -169.53 -169.59 -169.66 -169.69 -169.75 -169.78 -169.84 -169.88 -169.91 -169.97 -170.00 -170.03 -170.06 -170.06 -170.06 -170.09 -170.09 -170.09 -170.09 -170.12 -170.16 -170.19 -170.22 -170.22 -170.22 -170.22 -170.19 -170.16 -170.12 -170.09 -170.06 -170.06 -170.09 -170.09 -170.12 -170.12 -170.16 -170.19 -170.25 -170.31 -170.41 -170.47 -170.56 -170.62 -170.72 -170.78
-167.09 -167.25 -167.41 -167.59 -167.78 -167.94 -168.12 -168.34 -168.53 -168.72 -168.88 -169.00 -169.12 -169.25 -169.34 -169.44 -169.53 -169.56 -169.62 -169.66 -169.72 -169.78 -169.81 -169.88 -169.94 -169.97 -170.00 -170.03 -170.09 -170.12 -170.16 -170.19 -170.22 -170.25 -170.25 -170.28 -170.28 -170.28 -170.28 -170.31 -170.34 -170.38 -170.41 -170.41 -170.41 -170.41 -170.41 -170.38 -170.34 -170.31 -170.28 -170.25 -170.25 -170.28 -170.28 -170.28 -170.31 -170.31 -170.34 -170.41 -170.47 -170.53 -170.62 -170.69 -170.78 -170.84 -170.94
-167.34 -167.50 -167.66 -167.81 -168.00 -168.16 -168.34 -168.53 -168.72 -168.88 -169.06 -169.19 -169.31 -169.44 -169.53 -169.62 -169.69 -169.75 -169.81 -169.84 -169.91 -169.97 -170.03 -170.06 -170.12 -170.16 -170.19 -170.25 -170.28 -170.31 -170.34 -170.38 -170.38 -170.41 -170.44 -170.44 -170.47 -170.47 -170.47 -170.50 -170.53 -170.56 -170.56 -170.59 -170.59 -170.59 -170.56 -170.56 -170.53 -170.47 -170.44 -170.44 -170.44 -170.44 -170.44 -170.44 -170.47 -170.47 -170.50 -170.53 -170.59 -170.66 -170.75 -170.81 -170.91 -170.97 -171.03
-167.59 -167.72 -167.88 -168.03 -168.19 -168.34 -168.53 -168.69 -168.88 -169.03 -169.22 -169.34 -169.47 -169.59 -169.69 -169.78 -169.88 -169.94 -170.00 -170.03 -170.09 -170.16 -170.19 -170.25 -170.28 -170.31 -170.38 -170.41 -170.44 -170.47 -170.50 -170.53 -170.53 -170.56 -170.56 -170.59 -170.59 -170.62 -170.62 -170.66 -170.69 -170.72 -170.72 -170.75 -170.75 -170.75 -170.72 -170.69 -170.66 -170.62 -170.59 -170.59 -170.59 -170.59 -170.59 -170.59 -170.59 -170.62 -170.66 -170.69 -170.72 -170.78 -170.84 -170.91 -171.00 -171.06 -171.16
-167.81 -167.94 -168.06 -168.22 -168.38 -168.53 -168.69 -168.88 -169.03 -169.19 -169.34 -169.50 -169.62 -169.75 -169.84 -169.94 -170.03 -170.09 -170.16 -170.19 -170.25 -170.28 -170.34 -170.41 -170.44 -170.47 -170.50 -170.53 -170.59 -170.59 -170.62 -170.66 -170.66 -170.69 -170.72 -170.72 -170.75 -170.75 -170.78 -170.81 -170.81 -170.84 -170.88 -170.88 -170.88 -170.88 -170.84 -170.81 -170.78 -170.75 -170.75 -170.72 -170.72 -170.72 -170.72 -170.72 -170.72 -170.75 -170.78 -170.81 -170.84 -170.88 -170.94 -171.00 -171.09 -171.16 -171.25
-168.00 -168.12 -168.28 -168.41 -168.56 -168.69 -168.84 -169.00 -169.16 -169.31 -169.47 -169.62 -169.75 -169.84 -169.97 -170.06 -170.16 -170.22 -170.28 -170.34 -170.38 -170.44 -170.47 -170.53 -170.56 -170.59 -170.62 -170.66 -170.69 -170.72 -170.75 -170.75 -170.78 -170.78 -170.81 -170.84 -170.84 -170.88 -170.91 -170.91 -170.94 -170.97 -170.97 -170.97 -170.97 -170.97 -170.94 -170.94 -170.91 -170.88 -170.84 -170.84 -170.84 -170.84 -170.84 -170.84 -170.84 -170.88 -170.88 -170.91 -170.94 -170.97 -171.03 -171.09 -171.16 -171.25 -171.31
-168.19 -168.31 -168.44 -168.59 -168.72 -168.84 -169.00 -169.12 -169.28 -169.44 -169.59 -169.72 -169.84 -169.97 -170.06 -170.19 -170.28 -170.34 -170.41 -170.44 -170.50 -170.53 -170.59 -170.62 -170.66 -170.69 -170.72 -170.75 -170.78 -170.81 -170.84 -170.84 -170.88 -170.88 -170.91 -170.94 -170.97 -170.97 -171.00 -171.00 -171.03 -171.06 -171.06 -171.06 -171.06 -171.06 -171.03 -171.00 -171.00 -170.97 -170.97 -170.94 -170.94 -170.94 -170.94 -170.94 -170.97 -170.97 -171.00 -171.00 -171.03 -171.06 -171.12 -171.16 -171.25 -171.31 -171.41
-168.34 -168.47 -168.59 -168.75 -168.88 -169.00 -169.12 -169.25 -169.41 -169.56 -169.69 -169.81 -169.94 -170.06 -170.16 -170.28 -170.38 -170.44 -170.50 -170.56 -170.59 -170.62 -170.69 -170.72 -170.75 -170.75 -170.78 -170.81 -170.84 -170.88 -170.91 -170.94 -170.94 -170.97 -171.00 -171.03 -171.06 -171.06 -171.09 -171.09 -171.09 -171.12 -171.12 -171.12 -171.12 -171.12 -171.09 -171.09 -171.06 -171.06 -171.03 -171.03 -171.03 -171.03 -171.03 -171.03 -171.06 -171.06 -171.06 -171.09 -171.12 -171.16 -171.19 -171.25 -171.31 -171.38 -171.47
-168.50 -168.62 -168.75 -168.88 -169.00 -169.12 -169.25 -169.38 -169.50 -169.66 -169.78 -169.91 -170.03 -170.16 -170.25 -170.34 -170.44 -170.53 -170.59 -170.62 -170.69 -170.72 -170.75 -170.78 -170.81 -170.81 -170.84 -170.88 -170.91 -170.94 -170.97 -170.97 -171.00 -171.03 -171.06 -171.09 -171.12 -171.12 -171.16 -171.16 -171.16 -171.19 -171.19 -171.19 -171.19 -171.19 -171.16 -171.16 -171.12 -171.12 -171.09 -171.09 -171.09 -171.09 -171.12 -171.12 -171.12 -171.12 -171.16 -171.19 -171.22 -171.25 -171.28 -171.31 -171.38 -171.47 -171.53
-168.66 -168.78 -168.88 -169.00 -169.12 -169.22 -169.34 -169.47 -169.59 -169.72 -169.88 -170.00 -170.09 -170.22 -170.31 -170.41 -170.50 -170.59 -170.66 -170.69 -170.72 -170.75 -170.78 -170.81 -170.84 -170.88 -170.91 -170.94 -170.94 -170.97 -171.00 -171.03 -171.06 -171.06 -171.09 -171.16 -171.16 -171.19 -171.19 -171.22 -171.22 -171.22 -171.22 -171.22 -171.22 -171.22 -171.19 -171.19 -171.19 -171.16 -171.16 -171.16 -171.16 -171.16 -171.16 -171.19 -171.19 -171.19 -171.22 -171.25 -171.28 -171.31 -171.38 -171.41 -171.47 -171.53 -171.59
