everonasctiles/Tile[49,27].asc
ncols 128
nrows 128
xllcorner 0
yllcorner 0
cellsize 2.0
NODATA_value  -9999
[rows 58 to 86 of 128, columns 0 to 66 of 128]
-104.25 -104.53 -104.78 -105.06 -105.38 -105.69 -106.00 -106.31 -106.62 -106.94 -107.22 -107.53 -107.81 -108.12 -108.41 -108.69 -108.97 -109.22 -109.47 -109.69 -109.91 -110.09 -110.25 -110.34 -110.44 -110.50 -110.62 -110.75 -110.94 -111.12 -111.34 -111.59 -111.81 -112.06 -112.25 -112.44 -112.59 -112.75 -112.91 -113.09 -113.22 -113.38 -113.47 -113.53 -113.56 -113.59 -113.56 -113.56 -113.56 -113.56 -113.56 -113.56 -113.56 -113.53 -113.53 -113.53 -113.56 -113.59 -113.62 -113.66 -113.72 -113.75 -113.78 -113.81 -113.81 -113.78 -113.72
-104.03 -104.28 -104.56 -104.84 -105.16 -105.47 -105.81 -106.12 -106.47 -106.78 -107.06 -107.34 -107.66 -107.94 -108.22 -108.50 -108.75 -109.00 -109.25 -109.47 -109.66 -109.84 -110.03 -110.16 -110.22 -110.28 -110.38 -110.53 -110.72 -110.94 -111.19 -111.44 -111.66 -111.91 -112.09 -112.31 -112.47 -112.62 -112.81 -112.97 -113.12 -113.25 -113.34 -113.41 -113.44 -113.47 -113.47 -113.47 -113.47 -113.47 -113.50 -113.50 -113.50 -113.50 -113.50 -113.50 -113.50 -113.53 -113.53 -113.56 -113.56 -113.59 -113.62 -113.66 -113.66 -113.66 -113.62
-103.81 -104.06 -104.34 -104.66 -104.97 -105.31 -105.62 -105.97 -106.28 -106.59 -106.91 -107.19 -107.47 -107.75 -108.03 -108.28 -108.53 -108.78 -109.00 -109.25 -109.44 -109.62 -109.81 -109.94 -110.00 -110.06 -110.16 -110.31 -110.50 -110.75 -111.00 -111.25 -111.50 -111.72 -111.94 -112.12 -112.31 -112.50 -112.69 -112.84 -113.00 -113.12 -113.22 -113.28 -113.31 -113.34 -113.38 -113.38 -113.38 -113.41 -113.41 -113.41 -113.44 -113.44 -113.44 -113.44 -113.47 -113.47 -113.44 -113.44 -113.44 -113.44 -113.47 -113.50 -113.50 -113.50 -113.50
-103.59 -103.88 -104.19 -104.47 -104.81 -105.16 -105.50 -105.81 -106.12 -106.44 -106.72 -107.00 -107.28 -107.56 -107.81 -108.06 -108.31 -108.56 -108.78 -109.00 -109.22 -109.41 -109.59 -109.69 -109.78 -109.84 -109.94 -110.12 -110.31 -110.56 -110.81 -111.06 -111.31 -111.53 -111.75 -111.97 -112.16 -112.34 -112.53 -112.72 -112.88 -113.00 -113.09 -113.16 -113.22 -113.25 -113.28 -113.28 -113.28 -113.31 -113.31 -113.31 -113.34 -113.38 -113.38 -113.38 -113.41 -113.38 -113.38 -113.34 -113.31 -113.28 -113.28 -113.31 -113.34 -113.34 -113.34
-103.44 -103.75 -104.03 -104.38 -104.69 -105.03 -105.38 -105.69 -105.97 -106.28 -106.56 -106.81 -107.09 -107.34 -107.59 -107.84 -108.09 -108.34 -108.56 -108.78 -109.00 -109.19 -109.34 -109.47 -109.53 -109.62 -109.75 -109.94 -110.16 -110.41 -110.62 -110.88 -111.12 -111.34 -111.56 -111.78 -112.00 -112.19 -112.38 -112.56 -112.72 -112.84 -112.97 -113.06 -113.12 -113.19 -113.19 -113.19 -113.19 -113.19 -113.19 -113.22 -113.25 -113.25 -113.28 -113.31 -113.31 -113.31 -113.28 -113.25 -113.19 -113.16 -113.12 -113.12 -113.16 -113.19 -113.19
-103.34 -103.66 -103.97 -104.28 -104.62 -104.94 -105.25 -105.56 -105.84 -106.12 -106.38 -106.66 -106.91 -107.16 -107.41 -107.66 -107.88 -108.12 -108.38 -108.59 -108.81 -109.00 -109.12 -109.22 -109.31 -109.41 -109.56 -109.75 -109.97 -110.22 -110.44 -110.66 -110.91 -111.12 -111.38 -111.59 -111.81 -112.03 -112.22 -112.41 -112.59 -112.75 -112.88 -112.97 -113.03 -113.09 -113.09 -113.09 -113.06 -113.06 -113.06 -113.09 -113.12 -113.16 -113.19 -113.22 -113.22 -113.22 -113.19 -113.12 -113.06 -113.00 -112.97 -112.94 -112.97 -113.00 -113.03
-103.28 -103.59 -103.91 -104.22 -104.53 -104.84 -105.16 -105.44 -105.72 -106.00 -106.25 -106.50 -106.75 -106.97 -107.22 -107.47 -107.72 -107.94 -108.19 -108.41 -108.59 -108.75 -108.84 -108.94 -109.06 -109.19 -109.38 -109.56 -109.78 -110.00 -110.22 -110.47 -110.69 -110.94 -111.16 -111.41 -111.62 -111.84 -112.06 -112.28 -112.47 -112.62 -112.75 -112.88 -112.94 -113.00 -113.00 -112.97 -112.94 -112.94 -112.94 -112.97 -113.00 -113.03 -113.06 -113.09 -113.12 -113.12 -113.09 -113.03 -112.97 -112.88 -112.81 -112.78 -112.78 -112.81 -112.84
-103.25 -103.56 -103.88 -104.16 -104.47 -104.78 -105.06 -105.34 -105.62 -105.88 -106.12 -106.34 -106.59 -106.81 -107.06 -107.31 -107.53 -107.75 -107.97 -108.19 -108.38 -108.50 -108.59 -108.69 -108.81 -108.97 -109.16 -109.38 -109.56 -109.78 -110.00 -110.25 -110.50 -110.72 -110.97 -111.19 -111.41 -111.66 -111.91 -112.12 -112.34 -112.50 -112.66 -112.78 -112.84 -112.88 -112.88 -112.88 -112.84 -112.81 -112.81 -112.81 -112.84 -112.91 -112.94 -112.97 -113.00 -113.00 -112.97 -112.94 -112.84 -112.75 -112.69 -112.62 -112.59 -112.62 -112.66
-103.16 -103.47 -103.78 -104.09 -104.38 -104.69 -104.97 -105.22 -105.50 -105.75 -106.00 -106.22 -106.47 -106.69 -106.91 -107.12 -107.34 -107.56 -107.75 -107.94 -108.09 -108.22 -108.31 -108.41 -108.53 -108.72 -108.94 -109.12 -109.34 -109.56 -109.78 -110.03 -110.28 -110.50 -110.72 -110.97 -111.22 -111.47 -111.75 -112.00 -112.22 -112.41 -112.56 -112.66 -112.72 -112.78 -112.78 -112.75 -112.72 -112.69 -112.69 -112.69 -112.72 -112.75 -112.81 -112.84 -112.88 -112.88 -112.84 -112.81 -112.75 -112.66 -112.53 -112.47 -112.44 -112.44 -112.47
-103.09 -103.41 -103.69 -104.00 -104.28 -104.53 -104.81 -105.09 -105.34 -105.59 -105.84 -106.09 -106.31 -106.53 -106.75 -106.97 -107.16 -107.34 -107.53 -107.69 -107.81 -107.94 -108.00 -108.12 -108.28 -108.47 -108.66 -108.88 -109.09 -109.31 -109.56 -109.81 -110.06 -110.25 -110.47 -110.72 -111.00 -111.28 -111.56 -111.84 -112.06 -112.28 -112.44 -112.53 -112.59 -112.66 -112.66 -112.66 -112.62 -112.59 -112.56 -112.56 -112.56 -112.62 -112.66 -112.69 -112.72 -112.72 -112.72 -112.69 -112.59 -112.53 -112.41 -112.31 -112.25 -112.25 -112.28
-103.03 -103.31 -103.59 -103.88 -104.16 -104.41 -104.69 -104.94 -105.19 -105.47 -105.72 -105.97 -106.19 -106.41 -106.59 -106.78 -106.94 -107.09 -107.28 -107.41 -107.53 -107.62 -107.72 -107.84 -108.00 -108.22 -108.41 -108.62 -108.84 -109.09 -109.34 -109.59 -109.81 -110.00 -110.22 -110.47 -110.75 -111.06 -111.38 -111.66 -111.91 -112.12 -112.28 -112.41 -112.47 -112.53 -112.56 -112.56 -112.53 -112.50 -112.47 -112.44 -112.44 -112.47 -112.50 -112.53 -112.56 -112.59 -112.56 -112.53 -112.47 -112.41 -112.28 -112.19 -112.09 -112.06 -112.09
-103.09 -103.34 -103.59 -103.81 -104.03 -104.28 -104.53 -104.81 -105.06 -105.34 -105.59 -105.84 -106.06 -106.25 -106.44 -106.59 -106.72 -106.88 -107.00 -107.16 -107.25 -107.34 -107.47 -107.59 -107.75 -107.94 -108.16 -108.38 -108.59 -108.84 -109.09 -109.31 -109.53 -109.72 -109.91 -110.19 -110.53 -110.88 -111.19 -111.50 -111.75 -111.97 -112.16 -112.28 -112.34 -112.41 -112.47 -112.47 -112.47 -112.41 -112.38 -112.34 -112.31 -112.34 -112.34 -112.38 -112.41 -112.44 -112.44 -112.41 -112.34 -112.28 -112.16 -112.06 -111.97 -111.91 -111.91
-103.31 -103.53 -103.75 -103.94 -104.06 -104.22 -104.44 -104.72 -104.97 -105.25 -105.50 -105.72 -105.94 -106.12 -106.25 -106.38 -106.50 -106.66 -106.78 -106.91 -107.00 -107.09 -107.19 -107.31 -107.50 -107.69 -107.88 -108.12 -108.34 -108.59 -108.81 -109.03 -109.22 -109.41 -109.62 -109.94 -110.28 -110.66 -111.00 -111.31 -111.59 -111.81 -112.00 -112.12 -112.22 -112.31 -112.38 -112.38 -112.38 -112.34 -112.31 -112.25 -112.22 -112.22 -112.22 -112.22 -112.25 -112.28 -112.28 -112.28 -112.22 -112.16 -112.06 -111.94 -111.84 -111.75 -111.75
-103.53 -103.75 -103.94 -104.12 -104.25 -104.34 -104.47 -104.66 -104.94 -105.19 -105.41 -105.62 -105.81 -105.97 -106.09 -106.22 -106.34 -106.44 -106.56 -106.69 -106.75 -106.84 -106.97 -107.09 -107.25 -107.44 -107.66 -107.88 -108.09 -108.31 -108.53 -108.75 -108.94 -109.12 -109.34 -109.72 -110.12 -110.50 -110.84 -111.16 -111.44 -111.66 -111.84 -112.00 -112.12 -112.22 -112.28 -112.31 -112.31 -112.28 -112.25 -112.19 -112.16 -112.12 -112.09 -112.09 -112.09 -112.12 -112.16 -112.16 -112.12 -112.06 -111.97 -111.88 -111.78 -111.66 -111.59
-103.78 -104.00 -104.19 -104.34 -104.47 -104.53 -104.62 -104.72 -104.94 -105.12 -105.34 -105.53 -105.72 -105.88 -105.97 -106.06 -106.19 -106.28 -106.38 -106.47 -106.56 -106.66 -106.75 -106.88 -107.03 -107.19 -107.41 -107.59 -107.81 -108.03 -108.25 -108.47 -108.66 -108.88 -109.19 -109.56 -109.97 -110.34 -110.69 -111.00 -111.28 -111.50 -111.72 -111.88 -112.00 -112.09 -112.19 -112.22 -112.25 -112.22 -112.19 -112.16 -112.09 -112.03 -112.00 -111.97 -111.97 -112.00 -112.00 -112.03 -112.00 -111.97 -111.91 -111.81 -111.75 -111.66 -111.59
-104.06 -104.25 -104.44 -104.56 -104.69 -104.75 -104.81 -104.84 -104.97 -105.12 -105.31 -105.47 -105.62 -105.75 -105.88 -105.97 -106.06 -106.16 -106.25 -106.31 -106.38 -106.47 -106.56 -106.69 -106.81 -106.97 -107.16 -107.34 -107.56 -107.78 -107.97 -108.19 -108.44 -108.72 -109.09 -109.47 -109.84 -110.19 -110.53 -110.84 -111.12 -111.38 -111.56 -111.75 -111.91 -112.03 -112.09 -112.16 -112.19 -112.19 -112.16 -112.09 -112.03 -111.97 -111.91 -111.88 -111.88 -111.88 -111.91 -111.91 -111.94 -111.91 -111.88 -111.84 -111.81 -111.78 -111.75
-104.31 -104.50 -104.66 -104.81 -104.91 -104.97 -105.00 -105.03 -105.06 -105.16 -105.28 -105.41 -105.56 -105.69 -105.78 -105.88 -105.94 -106.03 -106.09 -106.19 -106.25 -106.31 -106.41 -106.53 -106.66 -106.78 -106.94 -107.12 -107.31 -107.53 -107.75 -108.00 -108.31 -108.66 -109.03 -109.38 -109.75 -110.09 -110.41 -110.72 -111.00 -111.25 -111.47 -111.66 -111.81 -111.94 -112.03 -112.09 -112.12 -112.12 -112.09 -112.06 -112.00 -111.94 -111.88 -111.81 -111.78 -111.78 -111.81 -111.84 -111.84 -111.88 -111.88 -111.91 -111.94 -111.94 -111.91
-104.59 -104.75 -104.91 -105.03 -105.12 -105.19 -105.22 -105.22 -105.22 -105.25 -105.31 -105.41 -105.50 -105.59 -105.72 -105.78 -105.88 -105.94 -106.00 -106.06 -106.12 -106.19 -106.28 -106.41 -106.50 -106.62 -106.78 -106.94 -107.12 -107.38 -107.62 -107.94 -108.28 -108.59 -108.97 -109.31 -109.66 -110.00 -110.31 -110.59 -110.88 -111.12 -111.34 -111.56 -111.72 -111.84 -111.94 -112.00 -112.06 -112.06 -112.06 -112.03 -112.00 -111.94 -111.84 -111.78 -111.75 -111.72 -111.75 -111.78 -111.81 -111.91 -111.97 -112.03 -112.06 -112.09 -112.09
-104.84 -105.00 -105.12 -105.25 -105.34 -105.41 -105.41 -105.41 -105.38 -105.38 -105.38 -105.44 -105.50 -105.56 -105.66 -105.72 -105.78 -105.84 -105.91 -105.97 -106.03 -106.09 -106.19 -106.31 -106.41 -106.53 -106.69 -106.84 -107.06 -107.31 -107.59 -107.91 -108.22 -108.56 -108.91 -109.25 -109.59 -109.94 -110.22 -110.53 -110.78 -111.03 -111.25 -111.47 -111.62 -111.75 -111.88 -111.94 -112.00 -112.03 -112.03 -112.00 -111.97 -111.94 -111.84 -111.78 -111.72 -111.69 -111.69 -111.75 -111.84 -111.94 -112.06 -112.16 -112.22 -112.28 -112.31
-105.09 -105.25 -105.38 -105.47 -105.56 -105.59 -105.62 -105.59 -105.56 -105.53 -105.50 -105.53 -105.56 -105.59 -105.62 -105.69 -105.72 -105.78 -105.81 -105.88 -105.94 -106.03 -106.12 -106.25 -106.38 -106.50 -106.66 -106.84 -107.03 -107.28 -107.56 -107.88 -108.19 -108.53 -108.88 -109.22 -109.53 -109.88 -110.16 -110.44 -110.69 -110.94 -111.16 -111.38 -111.53 -111.69 -111.78 -111.88 -111.94 -111.97 -111.97 -111.97 -111.97 -111.94 -111.88 -111.81 -111.75 -111.72 -111.69 -111.75 -111.84 -111.97 -112.12 -112.25 -112.38 -112.44 -112.50
-105.31 -105.44 -105.56 -105.66 -105.75 -105.78 -105.81 -105.81 -105.75 -105.69 -105.66 -105.62 -105.66 -105.66 -105.69 -105.69 -105.69 -105.72 -105.78 -105.81 -105.88 -105.97 -106.09 -106.22 -106.34 -106.50 -106.66 -106.84 -107.03 -107.28 -107.53 -107.84 -108.16 -108.47 -108.81 -109.16 -109.47 -109.78 -110.09 -110.34 -110.62 -110.84 -111.06 -111.28 -111.44 -111.59 -111.72 -111.81 -111.88 -111.91 -111.94 -111.97 -111.97 -111.97 -111.94 -111.88 -111.81 -111.78 -111.75 -111.78 -111.91 -112.03 -112.16 -112.31 -112.47 -112.59 -112.69
-105.50 -105.62 -105.72 -105.81 -105.91 -105.97 -106.00 -105.97 -105.94 -105.84 -105.81 -105.78 -105.75 -105.75 -105.75 -105.72 -105.72 -105.72 -105.75 -105.78 -105.84 -105.94 -106.06 -106.19 -106.34 -106.50 -106.66 -106.84 -107.03 -107.25 -107.50 -107.78 -108.09 -108.41 -108.72 -109.06 -109.38 -109.69 -109.97 -110.25 -110.50 -110.75 -110.97 -111.16 -111.34 -111.50 -111.62 -111.72 -111.81 -111.88 -111.94 -111.97 -112.00 -112.03 -112.00 -111.97 -111.94 -111.88 -111.88 -111.88 -111.94 -112.06 -112.22 -112.38 -112.53 -112.72 -112.84
-105.69 -105.81 -105.88 -105.97 -106.03 -106.09 -106.16 -106.12 -106.09 -106.03 -105.97 -105.94 -105.91 -105.88 -105.81 -105.81 -105.78 -105.78 -105.78 -105.78 -105.84 -105.94 -106.03 -106.16 -106.31 -106.50 -106.66 -106.84 -107.03 -107.22 -107.47 -107.72 -108.00 -108.31 -108.62 -108.94 -109.25 -109.56 -109.84 -110.12 -110.38 -110.59 -110.84 -111.06 -111.25 -111.41 -111.56 -111.69 -111.78 -111.88 -111.94 -112.00 -112.06 -112.09 -112.09 -112.09 -112.06 -112.03 -112.00 -112.00 -112.03 -112.09 -112.25 -112.41 -112.59 -112.81 -112.97
-105.88 -105.97 -106.03 -106.09 -106.16 -106.22 -106.28 -106.28 -106.25 -106.19 -106.16 -106.09 -106.03 -105.97 -105.94 -105.88 -105.84 -105.84 -105.84 -105.81 -105.84 -105.91 -106.00 -106.16 -106.28 -106.47 -106.66 -106.81 -107.00 -107.22 -107.41 -107.66 -107.91 -108.19 -108.47 -108.78 -109.09 -109.41 -109.69 -109.97 -110.22 -110.47 -110.72 -110.94 -111.12 -111.34 -111.50 -111.66 -111.78 -111.88 -111.97 -112.06 -112.12 -112.19 -112.22 -112.25 -112.22 -112.22 -112.19 -112.19 -112.16 -112.19 -112.25 -112.44 -112.66 -112.88 -113.09
-106.06 -106.12 -106.19 -106.22 -106.28 -106.34 -106.38 -106.41 -106.41 -106.38 -106.31 -106.25 -106.19 -106.09 -106.03 -105.97 -105.94 -105.91 -105.91 -105.88 -105.88 -105.91 -106.00 -106.12 -106.28 -106.44 -106.62 -106.81 -107.00 -107.19 -107.38 -107.56 -107.81 -108.06 -108.34 -108.62 -108.94 -109.22 -109.50 -109.78 -110.06 -110.31 -110.56 -110.81 -111.03 -111.25 -111.44 -111.62 -111.78 -111.91 -112.03 -112.16 -112.25 -112.31 -112.38 -112.41 -112.44 -112.41 -112.41 -112.38 -112.34 -112.31 -112.31 -112.47 -112.69 -112.94 -113.19
-106.25 -106.28 -106.31 -106.34 -106.41 -106.44 -106.50 -106.53 -106.56 -106.53 -106.47 -106.41 -106.31 -106.22 -106.16 -106.06 -106.03 -106.00 -105.97 -105.94 -105.91 -105.94 -106.03 -106.12 -106.25 -106.41 -106.59 -106.75 -106.94 -107.12 -107.31 -107.53 -107.72 -107.97 -108.22 -108.47 -108.75 -109.03 -109.31 -109.59 -109.88 -110.16 -110.44 -110.72 -110.97 -111.19 -111.41 -111.62 -111.81 -111.97 -112.12 -112.25 -112.38 -112.47 -112.56 -112.62 -112.66 -112.66 -112.66 -112.62 -112.59 -112.53 -112.44 -112.41 -112.69 -113.00 -113.28
-106.41 -106.44 -106.47 -106.50 -106.53 -106.56 -106.62 -106.66 -106.69 -106.69 -106.62 -106.56 -106.47 -106.34 -106.25 -106.19 -106.12 -106.06 -106.03 -106.00 -105.97 -106.00 -106.06 -106.12 -106.25 -106.38 -106.56 -106.72 -106.94 -107.12 -107.28 -107.47 -107.66 -107.84 -108.06 -108.31 -108.59 -108.84 -109.12 -109.44 -109.72 -110.03 -110.31 -110.62 -110.88 -111.16 -111.38 -111.62 -111.81 -112.03 -112.22 -112.38 -112.50 -112.62 -112.72 -112.81 -112.88 -112.91 -112.91 -112.88 -112.84 -112.78 -112.69 -112.47 -112.59 -113.00 -113.38
-106.59 -106.59 -106.59 -106.62 -106.66 -106.69 -106.75 -106.78 -106.81 -106.81 -106.78 -106.69 -106.59 -106.47 -106.38 -106.28 -106.22 -106.16 -106.09 -106.03 -106.03 -106.06 -106.12 -106.19 -106.28 -106.41 -106.56 -106.72 -106.94 -107.12 -107.28 -107.44 -107.59 -107.75 -107.94 -108.19 -108.44 -108.69 -108.97 -109.28 -109.59 -109.91 -110.22 -110.53 -110.81 -111.09 -111.34 -111.59 -111.84 -112.06 -112.28 -112.50 -112.66 -112.81 -112.94 -113.03 -113.09 -113.12 -113.16 -113.16 -113.12 -113.06 -112.97 -112.75 -112.59 -112.94 -113.44
-106.75 -106.72 -106.72 -106.75 -106.78 -106.81 -106.88 -106.91 -106.94 -106.97 -106.91 -106.81 -106.72 -106.59 -106.50 -106.38 -106.28 -106.22 -106.12 -106.06 -106.09 -106.16 -106.22 -106.31 -106.41 -106.50 -106.62 -106.78 -107.00 -107.19 -107.34 -107.50 -107.59 -107.69 -107.81 -108.00 -108.28 -108.56 -108.84 -109.16 -109.47 -109.78 -110.12 -110.44 -110.75 -111.03 -111.31 -111.59 -111.84 -112.12 -112.38 -112.59 -112.78 -112.97 -113.09 -113.22 -113.31 -113.38 -113.44 -113.44 -113.44 -113.38 -113.31 -113.16 -112.91 -113.00 -113.47
