everonasctiles/Tile[40,46].asc
ncols 128
nrows 128
xllcorner 0
yllcorner 0
cellsize 2.0
NODATA_value  -9999
[rows 34 to 67 of 128, columns 0 to 76 of 128]
-5.69 -5.66 -5.62 -5.62 -5.59 -5.59 -5.56 -5.56 -5.56 -5.53 -5.53 -5.50 -5.47 -5.41 -5.38 -5.31 -5.28 -5.22 -5.16 -5.09 -5.03 -4.97 -4.88 -4.81 -4.72 -4.66 -4.56 -4.47 -4.38 -4.28 -4.19 -4.09 -4.00 -3.91 -3.81 -3.72 -3.62 -3.53 -3.47 -3.41 -3.31 -3.25 -3.19 -3.16 -3.09 -3.06 -3.03 -2.97 -2.91 -2.84 -2.78 -2.72 -2.66 -2.56 -2.47 -2.38 -2.28 -2.19 -2.06 -1.94 -1.84 -1.72 -1.59 -1.44 -1.25 -1.03 -0.78 -0.50 -0.19 0.09 0.34 0.56 0.81 1.03 1.22 1.28 1.25
-5.75 -5.72 -5.66 -5.66 -5.62 -5.59 -5.59 -5.56 -5.56 -5.56 -5.53 -5.53 -5.50 -5.47 -5.41 -5.38 -5.31 -5.28 -5.22 -5.16 -5.09 -5.03 -4.97 -4.88 -4.81 -4.75 -4.66 -4.56 -4.50 -4.41 -4.31 -4.22 -4.12 -4.03 -3.94 -3.84 -3.75 -3.69 -3.59 -3.53 -3.44 -3.38 -3.31 -3.25 -3.22 -3.16 -3.12 -3.06 -3.00 -2.97 -2.91 -2.84 -2.78 -2.72 -2.62 -2.56 -2.47 -2.38 -2.28 -2.16 -2.06 -1.94 -1.81 -1.66 -1.44 -1.19 -0.91 -0.59 -0.28 0.00 0.22 0.44 0.66 0.88 1.06 1.22 1.31
-5.81 -5.78 -5.72 -5.69 -5.66 -5.62 -5.62 -5.59 -5.59 -5.59 -5.56 -5.56 -5.53 -5.50 -5.47 -5.44 -5.38 -5.31 -5.28 -5.22 -5.16 -5.09 -5.03 -4.97 -4.91 -4.81 -4.75 -4.66 -4.59 -4.50 -4.41 -4.34 -4.25 -4.16 -4.06 -3.97 -3.91 -3.81 -3.72 -3.66 -3.56 -3.50 -3.44 -3.38 -3.31 -3.25 -3.22 -3.16 -3.09 -3.06 -3.00 -2.94 -2.91 -2.84 -2.78 -2.72 -2.62 -2.56 -2.47 -2.38 -2.28 -2.16 -2.03 -1.84 -1.62 -1.34 -1.06 -0.72 -0.41 -0.12 0.06 0.25 0.47 0.66 0.88 1.06 1.25
-5.91 -5.84 -5.78 -5.75 -5.72 -5.69 -5.66 -5.62 -5.62 -5.59 -5.59 -5.56 -5.56 -5.53 -5.50 -5.47 -5.44 -5.38 -5.31 -5.28 -5.22 -5.16 -5.09 -5.03 -4.97 -4.91 -4.84 -4.75 -4.69 -4.59 -4.53 -4.44 -4.34 -4.28 -4.19 -4.09 -4.00 -3.94 -3.84 -3.78 -3.69 -3.62 -3.56 -3.50 -3.44 -3.38 -3.31 -3.25 -3.22 -3.16 -3.09 -3.06 -3.00 -2.94 -2.91 -2.84 -2.78 -2.72 -2.62 -2.56 -2.47 -2.38 -2.25 -2.06 -1.84 -1.53 -1.25 -0.94 -0.59 -0.34 -0.16 0.03 0.22 0.44 0.62 0.81 1.00
-6.03 -5.94 -5.84 -5.81 -5.75 -5.72 -5.69 -5.69 -5.66 -5.62 -5.62 -5.62 -5.59 -5.56 -5.56 -5.53 -5.47 -5.44 -5.38 -5.34 -5.28 -5.22 -5.16 -5.09 -5.03 -4.97 -4.91 -4.84 -4.78 -4.69 -4.62 -4.53 -4.47 -4.38 -4.31 -4.22 -4.12 -4.06 -3.97 -3.91 -3.81 -3.75 -3.69 -3.59 -3.53 -3.47 -3.41 -3.38 -3.31 -3.25 -3.22 -3.16 -3.09 -3.06 -3.00 -2.94 -2.91 -2.84 -2.78 -2.72 -2.66 -2.56 -2.44 -2.28 -2.03 -1.75 -1.47 -1.16 -0.88 -0.59 -0.38 -0.19 -0.03 0.16 0.34 0.53 0.72
-6.19 -6.09 -5.97 -5.91 -5.84 -5.78 -5.75 -5.72 -5.69 -5.69 -5.66 -5.66 -5.62 -5.62 -5.59 -5.56 -5.53 -5.50 -5.44 -5.41 -5.34 -5.28 -5.22 -5.19 -5.12 -5.06 -5.00 -4.94 -4.84 -4.78 -4.72 -4.66 -4.56 -4.50 -4.41 -4.34 -4.25 -4.19 -4.09 -4.03 -3.94 -3.88 -3.81 -3.72 -3.66 -3.59 -3.53 -3.47 -3.41 -3.38 -3.31 -3.25 -3.22 -3.16 -3.09 -3.06 -3.00 -2.97 -2.91 -2.88 -2.81 -2.75 -2.62 -2.47 -2.25 -2.00 -1.72 -1.44 -1.19 -0.88 -0.66 -0.47 -0.28 -0.09 0.09 0.28 0.47
-6.38 -6.28 -6.16 -6.06 -5.97 -5.88 -5.84 -5.78 -5.75 -5.72 -5.72 -5.69 -5.69 -5.66 -5.62 -5.62 -5.59 -5.56 -5.50 -5.47 -5.41 -5.34 -5.31 -5.25 -5.19 -5.12 -5.06 -5.00 -4.94 -4.88 -4.81 -4.72 -4.66 -4.59 -4.53 -4.44 -4.38 -4.28 -4.22 -4.12 -4.06 -4.00 -3.91 -3.84 -3.78 -3.72 -3.66 -3.59 -3.53 -3.47 -3.44 -3.38 -3.31 -3.25 -3.22 -3.16 -3.09 -3.06 -3.03 -2.97 -2.94 -2.88 -2.81 -2.69 -2.47 -2.25 -2.00 -1.75 -1.50 -1.22 -0.97 -0.78 -0.59 -0.41 -0.22 -0.03 0.16
-6.56 -6.47 -6.38 -6.25 -6.16 -6.03 -5.97 -5.88 -5.81 -5.78 -5.75 -5.75 -5.72 -5.72 -5.69 -5.66 -5.66 -5.62 -5.56 -5.53 -5.47 -5.44 -5.38 -5.31 -5.25 -5.19 -5.16 -5.09 -5.03 -4.97 -4.88 -4.81 -4.75 -4.69 -4.62 -4.53 -4.47 -4.41 -4.31 -4.25 -4.19 -4.12 -4.03 -3.97 -3.91 -3.84 -3.78 -3.72 -3.66 -3.59 -3.53 -3.47 -3.44 -3.38 -3.31 -3.28 -3.22 -3.16 -3.12 -3.09 -3.06 -3.00 -2.94 -2.84 -2.69 -2.50 -2.31 -2.06 -1.84 -1.62 -1.34 -1.12 -0.94 -0.72 -0.53 -0.31 -0.12
-6.75 -6.69 -6.56 -6.47 -6.34 -6.25 -6.12 -6.03 -5.97 -5.88 -5.84 -5.81 -5.78 -5.75 -5.75 -5.72 -5.69 -5.69 -5.66 -5.59 -5.56 -5.50 -5.44 -5.38 -5.34 -5.28 -5.22 -5.16 -5.09 -5.03 -4.97 -4.91 -4.84 -4.78 -4.72 -4.66 -4.56 -4.50 -4.44 -4.38 -4.31 -4.22 -4.16 -4.09 -4.03 -3.97 -3.91 -3.84 -3.78 -3.72 -3.66 -3.59 -3.56 -3.50 -3.44 -3.38 -3.34 -3.28 -3.22 -3.19 -3.16 -3.12 -3.06 -3.00 -2.91 -2.75 -2.56 -2.38 -2.19 -2.00 -1.78 -1.53 -1.31 -1.09 -0.88 -0.66 -0.44
-6.94 -6.84 -6.78 -6.69 -6.56 -6.44 -6.34 -6.22 -6.12 -6.03 -5.97 -5.91 -5.84 -5.81 -5.81 -5.78 -5.75 -5.72 -5.72 -5.69 -5.62 -5.56 -5.53 -5.47 -5.41 -5.34 -5.28 -5.25 -5.19 -5.12 -5.06 -5.00 -4.94 -4.88 -4.81 -4.75 -4.69 -4.59 -4.53 -4.47 -4.41 -4.34 -4.28 -4.22 -4.16 -4.09 -4.03 -3.97 -3.91 -3.84 -3.78 -3.75 -3.69 -3.62 -3.56 -3.50 -3.44 -3.41 -3.34 -3.31 -3.25 -3.22 -3.19 -3.12 -3.06 -2.94 -2.81 -2.69 -2.53 -2.34 -2.22 -2.00 -1.75 -1.50 -1.25 -1.00 -0.78
-7.06 -7.00 -6.97 -6.88 -6.78 -6.66 -6.53 -6.44 -6.31 -6.22 -6.12 -6.03 -5.97 -5.91 -5.88 -5.84 -5.81 -5.78 -5.78 -5.75 -5.72 -5.66 -5.59 -5.53 -5.50 -5.44 -5.38 -5.31 -5.25 -5.19 -5.12 -5.06 -5.03 -4.97 -4.91 -4.84 -4.78 -4.72 -4.66 -4.59 -4.53 -4.47 -4.41 -4.34 -4.28 -4.22 -4.16 -4.09 -4.03 -3.97 -3.94 -3.88 -3.81 -3.75 -3.69 -3.62 -3.56 -3.53 -3.47 -3.41 -3.38 -3.34 -3.28 -3.25 -3.19 -3.12 -3.03 -2.94 -2.81 -2.69 -2.56 -2.44 -2.25 -2.00 -1.69 -1.41 -1.12
-7.19 -7.16 -7.12 -7.06 -6.97 -6.88 -6.75 -6.66 -6.53 -6.44 -6.31 -6.22 -6.12 -6.06 -6.00 -5.97 -5.91 -5.88 -5.84 -5.81 -5.78 -5.75 -5.69 -5.62 -5.56 -5.50 -5.44 -5.41 -5.34 -5.28 -5.22 -5.16 -5.09 -5.03 -4.97 -4.94 -4.88 -4.81 -4.75 -4.69 -4.62 -4.56 -4.50 -4.44 -4.41 -4.34 -4.28 -4.22 -4.16 -4.12 -4.06 -4.00 -3.94 -3.88 -3.84 -3.78 -3.72 -3.66 -3.59 -3.53 -3.50 -3.44 -3.41 -3.34 -3.31 -3.25 -3.19 -3.12 -3.03 -2.94 -2.84 -2.72 -2.59 -2.44 -2.19 -1.84 -1.53
-7.28 -7.25 -7.25 -7.19 -7.16 -7.06 -6.97 -6.88 -6.75 -6.66 -6.53 -6.44 -6.34 -6.25 -6.16 -6.09 -6.03 -5.97 -5.94 -5.91 -5.84 -5.81 -5.78 -5.72 -5.66 -5.59 -5.53 -5.47 -5.41 -5.34 -5.31 -5.25 -5.19 -5.12 -5.06 -5.00 -4.97 -4.91 -4.84 -4.78 -4.72 -4.69 -4.62 -4.56 -4.50 -4.47 -4.41 -4.34 -4.31 -4.25 -4.19 -4.12 -4.09 -4.03 -3.97 -3.91 -3.84 -3.78 -3.72 -3.66 -3.59 -3.56 -3.50 -3.44 -3.41 -3.34 -3.31 -3.25 -3.19 -3.12 -3.06 -2.97 -2.84 -2.72 -2.53 -2.28 -1.97
-7.38 -7.38 -7.34 -7.31 -7.28 -7.22 -7.16 -7.06 -6.97 -6.88 -6.75 -6.66 -6.53 -6.44 -6.34 -6.25 -6.19 -6.12 -6.06 -6.00 -5.94 -5.91 -5.88 -5.81 -5.75 -5.69 -5.62 -5.56 -5.50 -5.44 -5.38 -5.31 -5.28 -5.22 -5.16 -5.09 -5.03 -5.00 -4.94 -4.88 -4.81 -4.78 -4.72 -4.69 -4.62 -4.56 -4.53 -4.47 -4.44 -4.38 -4.31 -4.28 -4.22 -4.16 -4.12 -4.06 -4.00 -3.94 -3.84 -3.78 -3.72 -3.69 -3.62 -3.56 -3.50 -3.47 -3.41 -3.34 -3.31 -3.25 -3.19 -3.12 -3.06 -2.94 -2.78 -2.59 -2.34
-7.44 -7.44 -7.44 -7.44 -7.41 -7.38 -7.31 -7.25 -7.16 -7.06 -6.97 -6.88 -6.75 -6.66 -6.56 -6.44 -6.34 -6.28 -6.19 -6.12 -6.06 -6.00 -5.97 -5.91 -5.84 -5.78 -5.72 -5.66 -5.59 -5.53 -5.47 -5.41 -5.34 -5.28 -5.25 -5.19 -5.12 -5.06 -5.03 -4.97 -4.91 -4.88 -4.81 -4.78 -4.72 -4.69 -4.62 -4.59 -4.53 -4.50 -4.47 -4.41 -4.34 -4.31 -4.25 -4.19 -4.12 -4.06 -4.00 -3.94 -3.88 -3.81 -3.72 -3.66 -3.62 -3.56 -3.50 -3.44 -3.38 -3.34 -3.28 -3.22 -3.16 -3.09 -2.97 -2.84 -2.66
-7.53 -7.53 -7.53 -7.53 -7.50 -7.50 -7.44 -7.41 -7.31 -7.25 -7.16 -7.06 -6.97 -6.88 -6.75 -6.66 -6.56 -6.47 -6.38 -6.28 -6.22 -6.16 -6.06 -6.00 -5.94 -5.88 -5.81 -5.75 -5.69 -5.62 -5.56 -5.50 -5.44 -5.38 -5.31 -5.25 -5.22 -5.16 -5.09 -5.06 -5.00 -4.97 -4.91 -4.88 -4.84 -4.78 -4.75 -4.69 -4.66 -4.62 -4.56 -4.53 -4.50 -4.44 -4.38 -4.34 -4.28 -4.22 -4.16 -4.06 -4.00 -3.94 -3.84 -3.78 -3.72 -3.66 -3.59 -3.53 -3.47 -3.41 -3.34 -3.31 -3.25 -3.19 -3.12 -3.03 -2.88
-7.59 -7.59 -7.62 -7.62 -7.62 -7.59 -7.56 -7.53 -7.47 -7.41 -7.34 -7.25 -7.19 -7.06 -6.97 -6.88 -6.78 -6.66 -6.56 -6.47 -6.38 -6.28 -6.22 -6.12 -6.06 -6.00 -5.91 -5.84 -5.78 -5.72 -5.66 -5.56 -5.53 -5.47 -5.41 -5.34 -5.28 -5.25 -5.19 -5.16 -5.09 -5.06 -5.00 -4.97 -4.94 -4.88 -4.84 -4.81 -4.78 -4.72 -4.69 -4.66 -4.59 -4.56 -4.50 -4.47 -4.41 -4.34 -4.28 -4.22 -4.12 -4.06 -3.97 -3.91 -3.84 -3.75 -3.69 -3.62 -3.56 -3.50 -3.44 -3.38 -3.31 -3.25 -3.19 -3.12 -3.06
-7.62 -7.66 -7.69 -7.69 -7.72 -7.69 -7.69 -7.66 -7.62 -7.56 -7.50 -7.44 -7.38 -7.28 -7.19 -7.09 -6.97 -6.88 -6.78 -6.66 -6.56 -6.47 -6.38 -6.28 -6.19 -6.12 -6.03 -5.97 -5.88 -5.81 -5.75 -5.66 -5.59 -5.53 -5.50 -5.44 -5.38 -5.31 -5.28 -5.22 -5.19 -5.12 -5.09 -5.06 -5.03 -4.97 -4.94 -4.91 -4.88 -4.84 -4.78 -4.75 -4.72 -4.69 -4.62 -4.59 -4.53 -4.47 -4.41 -4.34 -4.28 -4.19 -4.09 -4.03 -3.94 -3.88 -3.78 -3.72 -3.66 -3.59 -3.50 -3.44 -3.38 -3.31 -3.25 -3.22 -3.16
-7.69 -7.72 -7.75 -7.78 -7.78 -7.78 -7.78 -7.78 -7.75 -7.72 -7.66 -7.59 -7.53 -7.47 -7.38 -7.28 -7.19 -7.09 -6.97 -6.88 -6.75 -6.66 -6.56 -6.44 -6.34 -6.25 -6.16 -6.09 -6.00 -5.91 -5.84 -5.75 -5.69 -5.62 -5.56 -5.50 -5.47 -5.41 -5.34 -5.31 -5.25 -5.22 -5.19 -5.16 -5.09 -5.06 -5.03 -5.00 -4.97 -4.94 -4.91 -4.84 -4.81 -4.78 -4.75 -4.69 -4.66 -4.59 -4.53 -4.47 -4.41 -4.31 -4.25 -4.16 -4.06 -3.97 -3.91 -3.81 -3.75 -3.66 -3.59 -3.53 -3.44 -3.38 -3.31 -3.25 -3.22
-7.72 -7.78 -7.81 -7.84 -7.88 -7.88 -7.88 -7.88 -7.88 -7.84 -7.81 -7.75 -7.72 -7.66 -7.56 -7.47 -7.41 -7.28 -7.19 -7.09 -6.97 -6.84 -6.75 -6.62 -6.53 -6.41 -6.31 -6.22 -6.12 -6.03 -5.94 -5.88 -5.78 -5.72 -5.66 -5.59 -5.53 -5.50 -5.44 -5.38 -5.34 -5.31 -5.25 -5.22 -5.19 -5.16 -5.12 -5.09 -5.06 -5.03 -5.00 -4.94 -4.91 -4.88 -4.84 -4.81 -4.75 -4.72 -4.66 -4.59 -4.53 -4.44 -4.38 -4.28 -4.19 -4.09 -4.00 -3.94 -3.84 -3.75 -3.69 -3.59 -3.53 -3.44 -3.38 -3.31 -3.25
-7.75 -7.81 -7.88 -7.91 -7.94 -7.97 -7.97 -7.97 -7.97 -7.97 -7.94 -7.91 -7.88 -7.81 -7.75 -7.66 -7.59 -7.50 -7.41 -7.28 -7.19 -7.06 -6.94 -6.81 -6.72 -6.59 -6.47 -6.38 -6.25 -6.16 -6.06 -5.97 -5.91 -5.81 -5.75 -5.69 -5.62 -5.56 -5.53 -5.47 -5.41 -5.38 -5.34 -5.31 -5.25 -5.22 -5.19 -5.16 -5.12 -5.09 -5.06 -5.03 -5.00 -4.97 -4.94 -4.91 -4.88 -4.81 -4.78 -4.72 -4.66 -4.59 -4.50 -4.41 -4.31 -4.22 -4.12 -4.03 -3.94 -3.88 -3.78 -3.69 -3.59 -3.53 -3.44 -3.38 -3.31
-7.78 -7.84 -7.91 -7.97 -8.00 -8.03 -8.06 -8.06 -8.06 -8.06 -8.06 -8.03 -8.00 -7.97 -7.91 -7.84 -7.78 -7.69 -7.59 -7.50 -7.38 -7.28 -7.16 -7.03 -6.91 -6.78 -6.66 -6.53 -6.41 -6.31 -6.19 -6.09 -6.00 -5.91 -5.84 -5.78 -5.72 -5.66 -5.59 -5.53 -5.50 -5.44 -5.41 -5.38 -5.34 -5.31 -5.28 -5.25 -5.22 -5.19 -5.16 -5.12 -5.09 -5.06 -5.03 -5.00 -4.97 -4.91 -4.88 -4.81 -4.75 -4.69 -4.62 -4.53 -4.44 -4.34 -4.25 -4.16 -4.06 -3.97 -3.88 -3.78 -3.69 -3.59 -3.53 -3.44 -3.38
-7.81 -7.88 -7.94 -8.00 -8.06 -8.09 -8.12 -8.16 -8.16 -8.19 -8.16 -8.16 -8.12 -8.09 -8.06 -8.00 -7.94 -7.88 -7.78 -7.69 -7.59 -7.47 -7.38 -7.25 -7.12 -6.97 -6.84 -6.72 -6.59 -6.47 -6.34 -6.22 -6.12 -6.03 -5.94 -5.88 -5.81 -5.72 -5.69 -5.62 -5.56 -5.53 -5.47 -5.44 -5.41 -5.38 -5.34 -5.31 -5.28 -5.25 -5.22 -5.19 -5.16 -5.12 -5.09 -5.06 -5.03 -5.00 -4.97 -4.91 -4.84 -4.81 -4.72 -4.66 -4.56 -4.50 -4.41 -4.31 -4.19 -4.09 -4.00 -3.91 -3.81 -3.72 -3.59 -3.50 -3.44
-7.81 -7.91 -7.97 -8.06 -8.09 -8.16 -8.19 -8.22 -8.25 -8.25 -8.28 -8.28 -8.25 -8.22 -8.19 -8.16 -8.09 -8.03 -7.97 -7.88 -7.78 -7.69 -7.56 -7.44 -7.31 -7.19 -7.06 -6.91 -6.78 -6.62 -6.50 -6.38 -6.25 -6.16 -6.06 -5.97 -5.88 -5.81 -5.75 -5.69 -5.66 -5.59 -5.56 -5.50 -5.47 -5.44 -5.41 -5.38 -5.34 -5.31 -5.28 -5.25 -5.25 -5.22 -5.19 -5.16 -5.12 -5.09 -5.03 -5.00 -4.94 -4.91 -4.84 -4.75 -4.69 -4.59 -4.50 -4.41 -4.31 -4.22 -4.12 -4.03 -3.91 -3.81 -3.72 -3.62 -3.53
-7.84 -7.94 -8.00 -8.09 -8.16 -8.22 -8.25 -8.28 -8.31 -8.34 -8.38 -8.38 -8.38 -8.34 -8.34 -8.31 -8.25 -8.22 -8.16 -8.06 -7.97 -7.88 -7.78 -7.66 -7.53 -7.41 -7.25 -7.12 -6.97 -6.81 -6.69 -6.53 -6.41 -6.28 -6.19 -6.06 -6.00 -5.91 -5.84 -5.78 -5.72 -5.66 -5.62 -5.59 -5.53 -5.50 -5.47 -5.44 -5.41 -5.38 -5.34 -5.31 -5.31 -5.28 -5.25 -5.22 -5.19 -5.16 -5.12 -5.06 -5.03 -4.97 -4.94 -4.84 -4.78 -4.72 -4.62 -4.53 -4.44 -4.34 -4.25 -4.16 -4.03 -3.94 -3.84 -3.75 -3.66
-7.84 -7.94 -8.03 -8.12 -8.19 -8.25 -8.31 -8.34 -8.41 -8.44 -8.44 -8.47 -8.47 -8.47 -8.47 -8.44 -8.41 -8.38 -8.31 -8.25 -8.16 -8.06 -7.97 -7.84 -7.72 -7.59 -7.47 -7.31 -7.16 -7.03 -6.88 -6.72 -6.56 -6.44 -6.31 -6.19 -6.09 -6.00 -5.94 -5.84 -5.81 -5.75 -5.69 -5.66 -5.59 -5.56 -5.53 -5.50 -5.47 -5.44 -5.41 -5.38 -5.34 -5.34 -5.31 -5.28 -5.25 -5.22 -5.19 -5.16 -5.09 -5.06 -5.00 -4.94 -4.88 -4.81 -4.72 -4.66 -4.56 -4.47 -4.38 -4.28 -4.16 -4.06 -3.97 -3.88 -3.78
-7.84 -7.94 -8.06 -8.16 -8.22 -8.28 -8.34 -8.41 -8.47 -8.50 -8.53 -8.56 -8.56 -8.56 -8.56 -8.56 -8.53 -8.50 -8.47 -8.41 -8.34 -8.25 -8.16 -8.06 -7.94 -7.81 -7.66 -7.53 -7.38 -7.22 -7.06 -6.91 -6.75 -6.59 -6.47 -6.31 -6.22 -6.09 -6.03 -5.94 -5.88 -5.81 -5.75 -5.72 -5.66 -5.62 -5.59 -5.56 -5.53 -5.50 -5.47 -5.44 -5.41 -5.38 -5.38 -5.34 -5.31 -5.28 -5.25 -5.22 -5.16 -5.12 -5.09 -5.03 -4.97 -4.91 -4.81 -4.75 -4.66 -4.59 -4.50 -4.41 -4.28 -4.19 -4.09 -4.00 -3.91
-7.84 -7.97 -8.06 -8.16 -8.25 -8.34 -8.41 -8.47 -8.53 -8.56 -8.59 -8.62 -8.66 -8.69 -8.69 -8.69 -8.66 -8.62 -8.59 -8.56 -8.50 -8.41 -8.34 -8.25 -8.12 -8.00 -7.88 -7.72 -7.59 -7.44 -7.25 -7.09 -6.94 -6.78 -6.62 -6.47 -6.34 -6.22 -6.12 -6.03 -5.94 -5.88 -5.81 -5.78 -5.72 -5.69 -5.66 -5.59 -5.56 -5.53 -5.50 -5.50 -5.47 -5.44 -5.41 -5.38 -5.34 -5.34 -5.31 -5.28 -5.22 -5.19 -5.16 -5.09 -5.03 -4.97 -4.91 -4.84 -4.78 -4.69 -4.59 -4.50 -4.41 -4.31 -4.22 -4.12 -4.03
-7.84 -7.97 -8.06 -8.19 -8.28 -8.38 -8.44 -8.50 -8.56 -8.62 -8.69 -8.72 -8.75 -8.78 -8.78 -8.78 -8.78 -8.75 -8.75 -8.69 -8.66 -8.59 -8.50 -8.41 -8.31 -8.19 -8.06 -7.94 -7.78 -7.62 -7.47 -7.31 -7.12 -6.97 -6.81 -6.62 -6.50 -6.34 -6.22 -6.12 -6.03 -5.97 -5.91 -5.84 -5.78 -5.75 -5.69 -5.66 -5.62 -5.59 -5.56 -5.53 -5.50 -5.47 -5.47 -5.44 -5.41 -5.38 -5.34 -5.31 -5.28 -5.25 -5.22 -5.16 -5.12 -5.06 -5.00 -4.94 -4.84 -4.78 -4.69 -4.62 -4.53 -4.44 -4.34 -4.25 -4.16
-7.84 -7.97 -8.09 -8.19 -8.31 -8.41 -8.47 -8.56 -8.62 -8.69 -8.75 -8.78 -8.81 -8.84 -8.88 -8.88 -8.88 -8.88 -8.88 -8.84 -8.78 -8.72 -8.66 -8.59 -8.50 -8.38 -8.25 -8.12 -7.97 -7.81 -7.66 -7.50 -7.31 -7.16 -6.97 -6.81 -6.66 -6.50 -6.34 -6.22 -6.12 -6.03 -5.97 -5.91 -5.84 -5.78 -5.75 -5.72 -5.66 -5.62 -5.59 -5.56 -5.56 -5.53 -5.50 -5.47 -5.44 -5.44 -5.41 -5.38 -5.34 -5.31 -5.25 -5.22 -5.19 -5.12 -5.06 -5.00 -4.94 -4.88 -4.81 -4.72 -4.62 -4.56 -4.47 -4.38 -4.28
-7.81 -7.97 -8.09 -8.22 -8.31 -8.41 -8.50 -8.59 -8.66 -8.75 -8.81 -8.84 -8.91 -8.94 -8.97 -8.97 -9.00 -9.00 -8.97 -8.97 -8.91 -8.88 -8.81 -8.75 -8.66 -8.56 -8.44 -8.31 -8.19 -8.03 -7.88 -7.69 -7.53 -7.34 -7.16 -7.00 -6.81 -6.66 -6.50 -6.34 -6.22 -6.12 -6.03 -5.97 -5.91 -5.84 -5.81 -5.75 -5.72 -5.69 -5.66 -5.62 -5.59 -5.56 -5.53 -5.50 -5.50 -5.47 -5.44 -5.41 -5.38 -5.34 -5.31 -5.28 -5.22 -5.19 -5.12 -5.09 -5.03 -4.97 -4.88 -4.81 -4.75 -4.66 -4.59 -4.50 -4.41
-7.81 -7.97 -8.09 -8.22 -8.34 -8.44 -8.53 -8.62 -8.72 -8.78 -8.84 -8.91 -8.97 -9.00 -9.03 -9.06 -9.09 -9.09 -9.09 -9.06 -9.03 -9.00 -8.97 -8.88 -8.81 -8.72 -8.62 -8.50 -8.34 -8.22 -8.06 -7.91 -7.72 -7.53 -7.38 -7.19 -7.00 -6.81 -6.66 -6.47 -6.34 -6.22 -6.12 -6.03 -5.97 -5.91 -5.84 -5.81 -5.75 -5.72 -5.69 -5.66 -5.62 -5.59 -5.56 -5.56 -5.53 -5.50 -5.47 -5.44 -5.41 -5.38 -5.34 -5.31 -5.28 -5.25 -5.19 -5.16 -5.09 -5.03 -4.97 -4.91 -4.84 -4.75 -4.69 -4.62 -4.53
-7.81 -7.97 -8.09 -8.22 -8.34 -8.47 -8.56 -8.66 -8.75 -8.81 -8.91 -8.97 -9.03 -9.06 -9.09 -9.12 -9.16 -9.19 -9.19 -9.19 -9.16 -9.12 -9.09 -9.03 -8.97 -8.88 -8.78 -8.66 -8.53 -8.41 -8.25 -8.09 -7.91 -7.75 -7.56 -7.38 -7.19 -7.00 -6.81 -6.62 -6.47 -6.34 -6.22 -6.12 -6.03 -5.97 -5.91 -5.84 -5.81 -5.78 -5.72 -5.69 -5.66 -5.62 -5.59 -5.59 -5.56 -5.53 -5.50 -5.47 -5.47 -5.44 -5.41 -5.38 -5.34 -5.28 -5.25 -5.22 -5.16 -5.09 -5.06 -5.00 -4.94 -4.88 -4.78 -4.72 -4.66
-7.78 -7.94 -8.09 -8.22 -8.34 -8.47 -8.59 -8.69 -8.78 -8.84 -8.94 -9.00 -9.06 -9.12 -9.16 -9.22 -9.25 -9.25 -9.28 -9.28 -9.25 -9.25 -9.22 -9.16 -9.09 -9.03 -8.94 -8.81 -8.72 -8.56 -8.44 -8.28 -8.09 -7.94 -7.75 -7.56 -7.38 -7.16 -6.97 -6.78 -6.62 -6.47 -6.31 -6.19 -6.09 -6.03 -5.97 -5.91 -5.84 -5.81 -5.78 -5.72 -5.69 -5.66 -5.62 -5.62 -5.59 -5.56 -5.53 -5.50 -5.50 -5.47 -5.44 -5.41 -5.38 -5.34 -5.31 -5.25 -5.22 -5.16 -5.12 -5.06 -5.00 -4.94 -4.88 -4.81 -4.75
