everonasctiles/Tile40,28.asc
ncols 128
nrows 128
xllcorner 0
yllcorner 0
cellsize 2.0
NODATA_value  -9999
[rows 58 to 86 of 128, columns 0 to 66 of 128]
-116.47 -116.47 -116.50 -116.56 -116.59 -116.66 -116.69 -116.72 -116.75 -116.78 -116.81 -116.88 -116.94 -117.06 -117.22 -117.41 -117.66 -117.91 -118.16 -118.41 -118.66 -118.94 -119.19 -119.41 -119.59 -119.78 -119.91 -120.00 -120.06 -120.12 -120.16 -120.19 -120.22 -120.22 -120.22 -120.22 -120.19 -120.09 -119.91 -119.62 -119.22 -118.75 -118.22 -117.56 -116.88 -116.09 -115.34 -114.59 -113.91 -113.28 -112.72 -112.25 -111.88 -111.41 -110.94 -110.94 -110.97 -110.91 -111.00 -111.47 -112.41 -113.62 -114.97 -116.06 -116.62 -117.16 -117.66
-116.56 -116.59 -116.62 -116.66 -116.72 -116.78 -116.81 -116.88 -116.91 -116.94 -116.97 -117.03 -117.09 -117.22 -117.38 -117.56 -117.78 -118.03 -118.28 -118.53 -118.78 -119.06 -119.31 -119.53 -119.75 -119.94 -120.06 -120.19 -120.25 -120.31 -120.34 -120.38 -120.38 -120.41 -120.41 -120.38 -120.34 -120.22 -120.00 -119.69 -119.31 -118.84 -118.28 -117.69 -117.00 -116.25 -115.47 -114.72 -113.97 -113.34 -112.78 -112.28 -111.88 -111.34 -111.19 -111.56 -111.81 -112.00 -112.00 -112.25 -112.94 -113.97 -115.19 -116.38 -117.00 -117.53 -118.06
-116.66 -116.69 -116.72 -116.78 -116.84 -116.88 -116.94 -117.00 -117.06 -117.09 -117.16 -117.22 -117.28 -117.41 -117.53 -117.72 -117.94 -118.19 -118.44 -118.66 -118.91 -119.16 -119.41 -119.66 -119.88 -120.06 -120.22 -120.34 -120.44 -120.50 -120.53 -120.53 -120.56 -120.56 -120.56 -120.53 -120.47 -120.31 -120.09 -119.78 -119.38 -118.91 -118.34 -117.72 -117.03 -116.25 -115.50 -114.75 -114.06 -113.41 -112.81 -112.16 -111.56 -111.06 -111.38 -111.81 -112.16 -112.56 -113.03 -113.50 -113.97 -114.72 -115.72 -116.66 -117.31 -117.88 -118.38
-116.72 -116.78 -116.81 -116.88 -116.91 -116.97 -117.06 -117.12 -117.19 -117.25 -117.34 -117.41 -117.50 -117.59 -117.75 -117.91 -118.09 -118.31 -118.56 -118.81 -119.03 -119.28 -119.53 -119.75 -120.00 -120.19 -120.34 -120.50 -120.59 -120.66 -120.69 -120.72 -120.72 -120.72 -120.72 -120.69 -120.56 -120.41 -120.19 -119.88 -119.47 -118.97 -118.41 -117.72 -116.94 -116.09 -115.38 -114.75 -114.12 -113.44 -112.59 -111.81 -111.19 -110.81 -111.22 -111.88 -112.38 -112.91 -113.53 -114.16 -114.88 -115.62 -116.38 -117.03 -117.62 -118.16 -118.66
-116.78 -116.84 -116.88 -116.94 -117.00 -117.06 -117.12 -117.22 -117.31 -117.41 -117.50 -117.59 -117.72 -117.84 -117.97 -118.09 -118.28 -118.47 -118.69 -118.94 -119.19 -119.41 -119.66 -119.88 -120.09 -120.31 -120.50 -120.66 -120.75 -120.81 -120.88 -120.88 -120.91 -120.91 -120.88 -120.81 -120.69 -120.50 -120.28 -119.97 -119.56 -119.09 -118.50 -117.78 -116.91 -116.00 -115.41 -114.94 -114.19 -113.25 -112.28 -111.50 -111.06 -111.00 -111.09 -111.59 -112.25 -112.88 -113.62 -114.44 -115.28 -116.03 -116.75 -117.41 -117.94 -118.44 -118.91
-116.84 -116.91 -116.94 -117.00 -117.06 -117.12 -117.22 -117.31 -117.44 -117.53 -117.66 -117.78 -117.94 -118.06 -118.19 -118.31 -118.47 -118.62 -118.84 -119.09 -119.34 -119.56 -119.78 -120.00 -120.22 -120.44 -120.62 -120.78 -120.91 -121.00 -121.03 -121.06 -121.06 -121.06 -121.00 -120.94 -120.78 -120.59 -120.38 -120.06 -119.69 -119.22 -118.66 -117.97 -117.28 -116.59 -116.00 -115.31 -114.12 -112.97 -112.06 -111.62 -111.66 -111.78 -111.62 -111.31 -111.56 -112.16 -113.06 -114.22 -115.28 -116.25 -117.03 -117.72 -118.28 -118.75 -119.19
-116.88 -116.94 -116.97 -117.03 -117.09 -117.19 -117.28 -117.41 -117.53 -117.69 -117.81 -117.97 -118.12 -118.28 -118.41 -118.56 -118.69 -118.84 -119.06 -119.28 -119.53 -119.75 -119.97 -120.19 -120.41 -120.59 -120.78 -120.94 -121.06 -121.16 -121.22 -121.22 -121.22 -121.19 -121.12 -121.03 -120.88 -120.69 -120.44 -120.12 -119.75 -119.31 -118.81 -118.22 -117.59 -117.00 -116.41 -115.34 -113.97 -112.94 -112.41 -112.47 -112.81 -112.97 -112.53 -111.88 -111.59 -111.84 -112.53 -113.56 -114.78 -116.12 -117.19 -117.97 -118.56 -119.06 -119.47
-116.91 -116.97 -117.03 -117.06 -117.16 -117.25 -117.34 -117.47 -117.62 -117.78 -117.94 -118.12 -118.28 -118.47 -118.66 -118.78 -118.94 -119.09 -119.28 -119.53 -119.78 -120.00 -120.22 -120.41 -120.62 -120.78 -120.94 -121.09 -121.22 -121.31 -121.38 -121.41 -121.38 -121.31 -121.22 -121.06 -120.91 -120.69 -120.44 -120.16 -119.81 -119.38 -118.91 -118.41 -117.84 -117.28 -116.62 -115.31 -114.19 -113.50 -113.41 -113.75 -114.25 -114.31 -113.62 -112.88 -112.50 -112.56 -113.06 -113.88 -114.94 -116.06 -117.19 -118.16 -118.81 -119.28 -119.69
-116.91 -116.97 -117.03 -117.09 -117.16 -117.28 -117.38 -117.53 -117.66 -117.84 -118.00 -118.22 -118.41 -118.62 -118.84 -119.03 -119.19 -119.38 -119.56 -119.78 -120.03 -120.25 -120.47 -120.69 -120.84 -121.03 -121.16 -121.28 -121.41 -121.47 -121.53 -121.56 -121.50 -121.41 -121.28 -121.09 -120.91 -120.66 -120.41 -120.09 -119.78 -119.38 -118.94 -118.47 -117.97 -117.44 -116.66 -115.56 -114.84 -114.59 -114.75 -115.22 -115.75 -115.59 -114.88 -114.22 -113.88 -113.88 -114.22 -114.94 -115.81 -116.72 -117.62 -118.50 -119.06 -119.53 -119.94
-116.91 -116.97 -117.03 -117.09 -117.16 -117.25 -117.34 -117.50 -117.62 -117.81 -118.00 -118.25 -118.50 -118.75 -119.03 -119.25 -119.47 -119.66 -119.84 -120.06 -120.31 -120.53 -120.75 -120.94 -121.12 -121.28 -121.41 -121.50 -121.59 -121.66 -121.69 -121.69 -121.62 -121.50 -121.31 -121.12 -120.88 -120.62 -120.34 -120.03 -119.69 -119.28 -118.88 -118.44 -117.97 -117.50 -116.69 -116.06 -115.84 -115.84 -116.12 -116.50 -116.59 -116.53 -116.22 -115.72 -115.44 -115.41 -115.69 -116.25 -117.00 -117.75 -118.44 -119.03 -119.44 -119.81 -120.16
-116.88 -116.94 -117.00 -117.06 -117.09 -117.19 -117.28 -117.41 -117.53 -117.72 -117.94 -118.22 -118.50 -118.81 -119.12 -119.44 -119.72 -119.94 -120.16 -120.38 -120.59 -120.81 -121.03 -121.22 -121.38 -121.53 -121.62 -121.72 -121.78 -121.84 -121.84 -121.81 -121.72 -121.56 -121.38 -121.12 -120.88 -120.56 -120.25 -119.94 -119.56 -119.19 -118.78 -118.34 -117.91 -117.34 -116.88 -116.78 -116.84 -117.00 -117.19 -117.25 -117.25 -117.28 -117.34 -117.19 -117.00 -116.97 -117.16 -117.56 -118.12 -118.72 -119.25 -119.56 -119.81 -120.09 -120.38
-116.81 -116.88 -116.94 -116.97 -117.00 -117.06 -117.16 -117.25 -117.38 -117.59 -117.81 -118.12 -118.44 -118.81 -119.19 -119.56 -119.91 -120.19 -120.44 -120.66 -120.88 -121.06 -121.28 -121.47 -121.62 -121.75 -121.88 -121.94 -121.97 -122.00 -122.00 -121.94 -121.81 -121.66 -121.41 -121.16 -120.88 -120.53 -120.19 -119.84 -119.44 -119.03 -118.59 -118.12 -117.62 -117.28 -117.34 -117.50 -117.62 -117.69 -117.78 -117.84 -117.94 -118.00 -118.09 -118.22 -118.31 -118.31 -118.44 -118.72 -119.09 -119.44 -119.69 -119.94 -120.16 -120.41 -120.62
-116.72 -116.78 -116.84 -116.88 -116.88 -116.91 -116.97 -117.06 -117.19 -117.38 -117.62 -117.97 -118.34 -118.78 -119.22 -119.62 -120.03 -120.38 -120.66 -120.91 -121.12 -121.34 -121.53 -121.69 -121.84 -121.97 -122.06 -122.12 -122.16 -122.19 -122.16 -122.06 -121.91 -121.72 -121.47 -121.19 -120.88 -120.53 -120.16 -119.78 -119.38 -118.88 -118.28 -117.75 -117.41 -117.53 -117.78 -117.91 -118.00 -118.12 -118.25 -118.41 -118.56 -118.66 -118.78 -118.91 -119.03 -119.19 -119.34 -119.53 -119.69 -119.88 -120.06 -120.28 -120.50 -120.72 -120.91
-116.62 -116.66 -116.69 -116.72 -116.72 -116.75 -116.78 -116.84 -116.94 -117.12 -117.41 -117.75 -118.19 -118.69 -119.16 -119.62 -120.09 -120.47 -120.84 -121.12 -121.34 -121.56 -121.75 -121.91 -122.06 -122.19 -122.28 -122.31 -122.34 -122.31 -122.25 -122.16 -121.97 -121.78 -121.53 -121.22 -120.91 -120.53 -120.16 -119.75 -119.31 -118.69 -118.06 -117.59 -117.53 -117.88 -118.06 -118.19 -118.34 -118.50 -118.69 -118.91 -119.09 -119.25 -119.38 -119.47 -119.59 -119.72 -119.84 -119.97 -120.12 -120.28 -120.47 -120.66 -120.84 -121.03 -121.19
-116.47 -116.53 -116.53 -116.56 -116.56 -116.56 -116.56 -116.59 -116.69 -116.84 -117.09 -117.47 -117.94 -118.53 -119.09 -119.59 -120.06 -120.50 -120.91 -121.25 -121.53 -121.75 -121.94 -122.12 -122.28 -122.38 -122.47 -122.50 -122.50 -122.47 -122.38 -122.25 -122.06 -121.81 -121.56 -121.25 -120.88 -120.50 -120.12 -119.72 -119.31 -118.66 -118.06 -117.69 -117.81 -118.09 -118.28 -118.47 -118.66 -118.88 -119.06 -119.31 -119.53 -119.72 -119.88 -120.00 -120.12 -120.22 -120.31 -120.44 -120.56 -120.72 -120.88 -121.03 -121.19 -121.34 -121.47
-116.31 -116.34 -116.38 -116.38 -116.38 -116.34 -116.31 -116.34 -116.38 -116.50 -116.66 -117.00 -117.56 -118.28 -118.94 -119.50 -120.03 -120.47 -120.91 -121.28 -121.59 -121.88 -122.09 -122.28 -122.44 -122.56 -122.62 -122.66 -122.66 -122.59 -122.47 -122.31 -122.12 -121.84 -121.56 -121.22 -120.88 -120.47 -120.06 -119.69 -119.28 -118.75 -118.25 -117.94 -118.03 -118.25 -118.44 -118.69 -118.91 -119.16 -119.38 -119.62 -119.84 -120.09 -120.28 -120.44 -120.56 -120.66 -120.75 -120.88 -121.00 -121.12 -121.25 -121.38 -121.53 -121.66 -121.75
-116.16 -116.19 -116.19 -116.16 -116.16 -116.12 -116.09 -116.06 -116.09 -116.09 -116.28 -116.75 -117.41 -118.16 -118.84 -119.44 -119.97 -120.44 -120.88 -121.28 -121.62 -121.94 -122.19 -122.38 -122.56 -122.69 -122.78 -122.81 -122.78 -122.72 -122.59 -122.41 -122.19 -121.91 -121.59 -121.22 -120.84 -120.47 -120.06 -119.66 -119.25 -118.88 -118.50 -118.19 -118.16 -118.38 -118.56 -118.81 -119.06 -119.34 -119.59 -119.84 -120.12 -120.38 -120.59 -120.78 -120.94 -121.06 -121.16 -121.25 -121.38 -121.47 -121.59 -121.72 -121.84 -121.94 -122.03
-116.00 -116.00 -115.97 -115.94 -115.91 -115.88 -115.84 -115.81 -115.78 -115.78 -116.19 -116.88 -117.62 -118.25 -118.84 -119.41 -119.94 -120.41 -120.84 -121.25 -121.59 -121.91 -122.19 -122.41 -122.62 -122.78 -122.88 -122.94 -122.91 -122.84 -122.69 -122.50 -122.25 -121.97 -121.62 -121.28 -120.88 -120.47 -120.06 -119.69 -119.38 -119.09 -118.78 -118.44 -118.19 -118.41 -118.62 -118.88 -119.12 -119.44 -119.72 -120.00 -120.28 -120.56 -120.81 -121.06 -121.25 -121.38 -121.47 -121.59 -121.69 -121.81 -121.94 -122.03 -122.12 -122.22 -122.28
-115.84 -115.84 -115.78 -115.75 -115.69 -115.66 -115.59 -115.56 -115.47 -115.66 -116.28 -117.06 -117.69 -118.22 -118.81 -119.38 -119.88 -120.34 -120.78 -121.16 -121.53 -121.84 -122.12 -122.38 -122.59 -122.81 -122.97 -123.06 -123.06 -122.97 -122.81 -122.62 -122.38 -122.09 -121.75 -121.41 -121.00 -120.62 -120.25 -119.91 -119.59 -119.28 -118.97 -118.59 -118.19 -118.34 -118.59 -118.84 -119.12 -119.41 -119.72 -120.03 -120.34 -120.66 -120.94 -121.19 -121.44 -121.62 -121.75 -121.88 -122.00 -122.09 -122.22 -122.31 -122.41 -122.50 -122.56
-115.69 -115.69 -115.62 -115.56 -115.47 -115.41 -115.38 -115.28 -115.19 -115.59 -116.34 -117.06 -117.59 -118.16 -118.72 -119.25 -119.75 -120.22 -120.62 -121.03 -121.41 -121.72 -122.03 -122.31 -122.56 -122.81 -123.00 -123.12 -123.19 -123.09 -122.97 -122.78 -122.53 -122.25 -121.97 -121.62 -121.28 -120.91 -120.56 -120.22 -119.88 -119.50 -119.16 -118.75 -118.22 -118.25 -118.53 -118.75 -119.03 -119.34 -119.66 -119.97 -120.31 -120.62 -120.94 -121.25 -121.53 -121.78 -121.97 -122.12 -122.25 -122.38 -122.47 -122.59 -122.69 -122.75 -122.81
-115.59 -115.56 -115.50 -115.41 -115.31 -115.22 -115.12 -114.97 -115.00 -115.53 -116.31 -116.94 -117.44 -117.97 -118.53 -119.06 -119.56 -120.00 -120.44 -120.84 -121.22 -121.53 -121.88 -122.19 -122.50 -122.78 -123.00 -123.19 -123.28 -123.25 -123.12 -122.94 -122.72 -122.47 -122.19 -121.91 -121.59 -121.25 -120.91 -120.53 -120.16 -119.72 -119.31 -118.84 -118.19 -118.06 -118.41 -118.66 -118.91 -119.19 -119.50 -119.84 -120.16 -120.50 -120.88 -121.22 -121.56 -121.88 -122.12 -122.34 -122.50 -122.62 -122.72 -122.84 -122.94 -123.00 -123.03
-115.47 -115.44 -115.38 -115.28 -115.19 -115.06 -114.97 -114.75 -114.88 -115.41 -116.16 -116.75 -117.25 -117.78 -118.31 -118.81 -119.31 -119.75 -120.19 -120.59 -120.97 -121.34 -121.72 -122.09 -122.44 -122.75 -123.03 -123.22 -123.38 -123.38 -123.28 -123.12 -122.94 -122.69 -122.44 -122.19 -121.88 -121.56 -121.25 -120.88 -120.44 -119.94 -119.47 -118.78 -118.09 -117.88 -118.22 -118.50 -118.72 -119.00 -119.31 -119.66 -120.00 -120.38 -120.75 -121.16 -121.53 -121.91 -122.22 -122.50 -122.69 -122.84 -122.97 -123.09 -123.19 -123.25 -123.31
-115.41 -115.38 -115.31 -115.22 -115.09 -114.97 -114.84 -114.66 -114.81 -115.31 -116.00 -116.56 -117.06 -117.56 -118.06 -118.56 -119.03 -119.47 -119.88 -120.28 -120.66 -121.09 -121.53 -122.00 -122.41 -122.75 -123.03 -123.28 -123.47 -123.50 -123.44 -123.31 -123.12 -122.94 -122.72 -122.47 -122.19 -121.91 -121.59 -121.19 -120.69 -120.16 -119.44 -118.53 -117.88 -117.59 -117.88 -118.22 -118.50 -118.78 -119.12 -119.50 -119.88 -120.28 -120.69 -121.12 -121.53 -121.91 -122.28 -122.59 -122.84 -123.06 -123.22 -123.31 -123.44 -123.50 -123.56
-115.34 -115.31 -115.25 -115.16 -115.03 -114.91 -114.81 -114.69 -114.84 -115.28 -115.84 -116.38 -116.84 -117.34 -117.84 -118.31 -118.75 -119.16 -119.53 -119.91 -120.34 -120.88 -121.41 -121.97 -122.41 -122.78 -123.09 -123.34 -123.56 -123.62 -123.59 -123.47 -123.34 -123.16 -122.97 -122.75 -122.53 -122.25 -121.91 -121.47 -120.94 -120.25 -119.22 -118.31 -117.69 -117.38 -117.44 -117.69 -118.00 -118.38 -118.81 -119.34 -119.84 -120.28 -120.69 -121.12 -121.53 -121.94 -122.31 -122.69 -123.00 -123.22 -123.41 -123.56 -123.66 -123.75 -123.81
-115.28 -115.25 -115.19 -115.09 -115.00 -114.88 -114.81 -114.72 -114.88 -115.28 -115.75 -116.19 -116.66 -117.12 -117.59 -118.06 -118.47 -118.84 -119.25 -119.69 -120.25 -120.84 -121.44 -122.00 -122.44 -122.84 -123.16 -123.44 -123.66 -123.75 -123.75 -123.66 -123.53 -123.41 -123.22 -123.06 -122.84 -122.59 -122.22 -121.78 -121.19 -120.25 -119.22 -118.44 -117.97 -117.69 -117.53 -117.41 -117.59 -118.00 -118.56 -119.22 -119.84 -120.31 -120.69 -121.12 -121.56 -121.97 -122.38 -122.75 -123.09 -123.38 -123.59 -123.78 -123.91 -124.00 -124.06
-115.25 -115.22 -115.16 -115.06 -114.97 -114.88 -114.78 -114.75 -114.91 -115.22 -115.66 -116.06 -116.50 -116.97 -117.44 -117.88 -118.34 -118.81 -119.34 -119.91 -120.47 -121.03 -121.59 -122.09 -122.53 -122.91 -123.25 -123.53 -123.75 -123.88 -123.88 -123.84 -123.75 -123.62 -123.50 -123.34 -123.19 -122.91 -122.53 -122.09 -121.47 -120.47 -119.62 -119.06 -118.78 -118.56 -118.22 -117.81 -117.62 -117.91 -118.44 -119.09 -119.72 -120.28 -120.72 -121.12 -121.53 -121.97 -122.41 -122.81 -123.16 -123.50 -123.78 -123.97 -124.12 -124.22 -124.31
-115.22 -115.16 -115.12 -115.03 -114.94 -114.84 -114.78 -114.78 -114.91 -115.19 -115.56 -115.94 -116.38 -116.84 -117.31 -117.81 -118.31 -118.88 -119.47 -120.06 -120.62 -121.19 -121.72 -122.19 -122.62 -123.03 -123.34 -123.62 -123.84 -123.97 -124.03 -124.00 -123.94 -123.88 -123.78 -123.66 -123.47 -123.22 -122.88 -122.47 -121.81 -120.97 -120.38 -120.06 -119.88 -119.62 -119.12 -118.53 -118.12 -118.16 -118.59 -119.16 -119.75 -120.25 -120.69 -121.06 -121.50 -121.97 -122.41 -122.84 -123.25 -123.62 -123.91 -124.16 -124.34 -124.47 -124.53
-115.19 -115.12 -115.06 -115.00 -114.91 -114.84 -114.78 -114.78 -114.91 -115.12 -115.47 -115.84 -116.28 -116.72 -117.22 -117.72 -118.28 -118.88 -119.47 -120.12 -120.72 -121.31 -121.84 -122.31 -122.75 -123.12 -123.44 -123.72 -123.94 -124.06 -124.16 -124.16 -124.12 -124.09 -124.03 -123.94 -123.75 -123.50 -123.19 -122.81 -122.28 -121.69 -121.34 -121.16 -120.91 -120.56 -119.97 -119.22 -118.75 -118.75 -119.06 -119.56 -120.09 -120.62 -121.00 -121.22 -121.47 -121.88 -122.41 -122.91 -123.34 -123.72 -124.06 -124.31 -124.53 -124.69 -124.78
-115.16 -115.09 -115.03 -114.97 -114.88 -114.81 -114.75 -114.75 -114.88 -115.09 -115.41 -115.78 -116.19 -116.62 -117.12 -117.62 -118.19 -118.78 -119.44 -120.09 -120.72 -121.34 -121.91 -122.41 -122.84 -123.22 -123.53 -123.81 -124.00 -124.16 -124.25 -124.31 -124.31 -124.31 -124.25 -124.19 -124.03 -123.78 -123.50 -123.16 -122.72 -122.38 -122.06 -121.75 -121.38 -121.06 -120.62 -119.84 -119.41 -119.47 -119.78 -120.19 -120.69 -121.22 -121.53 -121.75 -121.91 -122.03 -122.41 -122.97 -123.47 -123.88 -124.22 -124.50 -124.72 -124.88 -125.00
