everonasctiles/Tile[45,10].asc
ncols 128
nrows 128
xllcorner 0
yllcorner 0
cellsize 2.0
NODATA_value  -9999
[rows 32 to 63 of 128, columns 0 to 71 of 128]
-6.47 -7.72 -8.00 -8.06 -8.16 -8.53 -9.03 -9.41 -9.81 -10.19 -10.44 -10.62 -10.81 -10.91 -10.94 -10.94 -11.03 -11.34 -11.72 -12.00 -12.22 -12.56 -13.00 -13.38 -13.72 -14.00 -14.22 -14.44 -14.62 -14.69 -14.56 -14.47 -14.59 -14.91 -15.22 -15.50 -15.81 -16.12 -16.31 -16.38 -16.41 -16.50 -16.62 -16.84 -17.03 -17.12 -17.25 -17.38 -17.44 -17.41 -17.38 -17.22 -17.12 -16.94 -16.75 -16.88 -17.03 -17.06 -17.16 -17.22 -17.19 -17.06 -16.97 -16.62 -16.34 -16.34 -16.91 -17.19 -17.41 -17.53 -17.53 -17.41
-7.38 -7.59 -7.75 -7.84 -8.25 -8.66 -9.16 -9.56 -9.97 -10.34 -10.72 -10.94 -11.03 -11.16 -11.25 -11.34 -11.47 -11.66 -11.94 -12.16 -12.44 -12.78 -13.19 -13.53 -13.84 -14.12 -14.44 -14.69 -14.91 -14.97 -14.84 -14.66 -14.66 -14.88 -15.16 -15.50 -15.91 -16.22 -16.38 -16.41 -16.38 -16.53 -16.69 -16.91 -17.09 -17.25 -17.28 -17.22 -17.25 -17.25 -17.16 -17.06 -17.06 -17.03 -16.88 -16.88 -17.00 -17.12 -17.09 -17.09 -17.16 -17.22 -17.16 -16.69 -16.38 -16.75 -17.25 -17.31 -17.38 -17.72 -17.84 -17.66
-7.75 -7.78 -7.88 -8.06 -8.38 -8.91 -9.41 -9.88 -10.31 -10.75 -11.03 -11.16 -11.28 -11.38 -11.50 -11.62 -11.75 -11.91 -12.12 -12.38 -12.69 -13.03 -13.38 -13.66 -13.97 -14.31 -14.66 -14.94 -15.19 -15.31 -15.19 -14.94 -14.81 -14.94 -15.25 -15.59 -16.03 -16.31 -16.44 -16.50 -16.50 -16.59 -16.78 -16.97 -17.06 -17.19 -17.25 -17.28 -17.28 -17.19 -17.03 -17.06 -17.03 -17.06 -17.09 -17.09 -17.12 -17.16 -17.16 -17.03 -17.09 -17.25 -17.28 -16.81 -16.47 -16.91 -17.44 -17.34 -17.44 -17.69 -17.84 -17.84
-8.28 -8.38 -8.41 -8.59 -8.94 -9.34 -9.81 -10.28 -10.72 -11.09 -11.38 -11.50 -11.56 -11.62 -11.69 -11.75 -11.84 -12.03 -12.31 -12.62 -12.91 -13.22 -13.53 -13.84 -14.16 -14.53 -14.94 -15.25 -15.50 -15.62 -15.56 -15.31 -15.09 -15.16 -15.41 -15.69 -16.06 -16.38 -16.59 -16.66 -16.69 -16.78 -16.84 -17.00 -17.09 -17.12 -17.25 -17.28 -17.09 -17.03 -17.06 -17.12 -17.16 -17.16 -17.19 -17.28 -17.28 -17.25 -17.12 -17.16 -17.25 -17.28 -17.19 -16.53 -16.28 -17.00 -17.59 -17.50 -17.50 -17.56 -17.78 -17.88
-8.62 -8.72 -8.75 -8.97 -9.31 -9.72 -10.16 -10.62 -11.09 -11.50 -11.75 -11.91 -11.91 -11.91 -11.84 -11.81 -11.91 -12.19 -12.53 -12.84 -13.19 -13.50 -13.75 -14.03 -14.38 -14.78 -15.22 -15.53 -15.78 -15.97 -16.03 -15.91 -15.72 -15.66 -15.72 -15.91 -16.22 -16.50 -16.78 -16.88 -16.91 -16.94 -16.94 -17.00 -17.16 -17.38 -17.34 -17.19 -17.09 -17.09 -17.16 -17.22 -17.31 -17.34 -17.25 -17.22 -17.28 -17.44 -17.38 -17.22 -17.22 -17.25 -17.25 -16.91 -16.62 -16.88 -17.56 -17.72 -17.53 -17.66 -17.97 -17.97
-8.91 -9.03 -9.06 -9.25 -9.62 -10.06 -10.50 -11.00 -11.47 -11.84 -12.06 -12.16 -12.12 -12.06 -11.94 -11.88 -12.00 -12.28 -12.66 -13.03 -13.41 -13.72 -13.97 -14.22 -14.56 -15.00 -15.41 -15.78 -16.12 -16.38 -16.53 -16.53 -16.41 -16.28 -16.28 -16.38 -16.53 -16.72 -16.88 -17.00 -17.06 -17.09 -17.09 -17.06 -17.06 -17.31 -17.38 -17.31 -17.25 -17.22 -17.28 -17.38 -17.41 -17.41 -17.41 -17.47 -17.44 -17.41 -17.41 -17.31 -17.25 -17.31 -17.12 -16.59 -16.16 -16.75 -17.47 -17.75 -17.75 -17.94 -18.03 -18.09
-8.88 -9.12 -9.28 -9.53 -9.94 -10.34 -10.84 -11.38 -11.78 -12.03 -12.19 -12.25 -12.19 -12.06 -12.00 -11.97 -12.09 -12.38 -12.75 -13.19 -13.53 -13.81 -14.09 -14.41 -14.75 -15.19 -15.62 -16.03 -16.41 -16.69 -16.88 -16.94 -16.88 -16.81 -16.81 -16.81 -16.91 -17.00 -17.12 -17.16 -17.16 -17.22 -17.28 -17.22 -17.16 -17.25 -17.38 -17.50 -17.50 -17.38 -17.41 -17.44 -17.47 -17.50 -17.47 -17.50 -17.50 -17.56 -17.56 -17.47 -17.38 -17.34 -17.22 -16.81 -16.56 -17.06 -17.75 -17.81 -17.84 -17.72 -17.81 -18.00
-8.72 -9.06 -9.38 -9.75 -10.12 -10.62 -11.19 -11.69 -12.03 -12.25 -12.31 -12.25 -12.19 -12.06 -12.00 -12.03 -12.19 -12.53 -12.97 -13.34 -13.62 -13.91 -14.22 -14.53 -14.91 -15.31 -15.78 -16.25 -16.62 -16.94 -17.12 -17.16 -17.16 -17.12 -17.16 -17.19 -17.19 -17.25 -17.34 -17.34 -17.34 -17.31 -17.41 -17.34 -17.41 -17.47 -17.53 -17.50 -17.47 -17.50 -17.47 -17.41 -17.50 -17.59 -17.62 -17.59 -17.66 -17.78 -17.78 -17.72 -17.69 -17.53 -17.44 -17.12 -16.91 -17.25 -17.59 -17.66 -17.66 -17.72 -17.88 -18.03
-8.53 -8.75 -9.16 -9.72 -10.22 -10.78 -11.38 -11.84 -12.19 -12.41 -12.44 -12.38 -12.22 -12.06 -11.94 -12.00 -12.31 -12.81 -13.28 -13.62 -13.88 -14.12 -14.41 -14.66 -14.97 -15.38 -15.88 -16.38 -16.78 -17.06 -17.25 -17.31 -17.31 -17.31 -17.41 -17.50 -17.44 -17.41 -17.41 -17.38 -17.34 -17.38 -17.50 -17.44 -17.53 -17.59 -17.66 -17.62 -17.53 -17.47 -17.47 -17.41 -17.44 -17.56 -17.62 -17.66 -17.66 -17.78 -17.88 -17.88 -17.94 -17.91 -17.84 -17.53 -17.31 -17.50 -17.66 -17.69 -17.75 -17.81 -18.03 -18.44
-8.50 -8.50 -8.78 -9.38 -10.22 -10.84 -11.44 -11.91 -12.25 -12.47 -12.56 -12.50 -12.34 -12.09 -11.88 -12.00 -12.53 -13.16 -13.69 -14.00 -14.25 -14.44 -14.59 -14.75 -14.97 -15.38 -15.88 -16.38 -16.78 -17.09 -17.31 -17.41 -17.44 -17.50 -17.50 -17.56 -17.56 -17.53 -17.47 -17.41 -17.34 -17.34 -17.44 -17.44 -17.41 -17.53 -17.59 -17.62 -17.59 -17.50 -17.47 -17.56 -17.66 -17.62 -17.72 -17.81 -17.84 -17.88 -17.81 -17.88 -18.06 -18.12 -17.94 -17.69 -17.69 -17.84 -17.78 -17.78 -17.97 -18.06 -18.34 -18.62
-8.69 -8.56 -8.75 -9.31 -10.09 -10.91 -11.53 -12.00 -12.31 -12.53 -12.62 -12.62 -12.47 -12.16 -11.97 -12.22 -12.91 -13.62 -14.16 -14.47 -14.66 -14.81 -14.81 -14.78 -14.91 -15.31 -15.78 -16.25 -16.69 -17.03 -17.28 -17.44 -17.53 -17.56 -17.53 -17.53 -17.53 -17.56 -17.50 -17.38 -17.22 -17.19 -17.31 -17.41 -17.34 -17.38 -17.53 -17.53 -17.53 -17.44 -17.44 -17.50 -17.53 -17.66 -17.75 -17.81 -17.81 -17.81 -17.88 -18.03 -18.12 -18.09 -17.97 -17.88 -18.06 -18.28 -18.19 -18.34 -18.28 -18.25 -18.47 -18.56
-9.00 -9.09 -9.22 -9.56 -10.16 -10.91 -11.59 -12.03 -12.31 -12.53 -12.66 -12.66 -12.53 -12.28 -12.19 -12.59 -13.41 -14.12 -14.56 -14.88 -15.06 -15.19 -15.09 -14.84 -14.81 -15.19 -15.72 -16.25 -16.69 -17.03 -17.28 -17.44 -17.56 -17.53 -17.53 -17.53 -17.53 -17.56 -17.50 -17.25 -17.19 -17.28 -17.41 -17.38 -17.34 -17.41 -17.41 -17.41 -17.28 -17.28 -17.41 -17.41 -17.50 -17.66 -17.66 -17.75 -17.84 -17.75 -17.84 -17.97 -18.09 -18.00 -18.09 -18.22 -18.41 -18.44 -18.47 -18.44 -18.53 -18.53 -18.53 -18.62
-9.22 -9.59 -9.72 -9.91 -10.38 -10.97 -11.59 -12.00 -12.28 -12.50 -12.62 -12.66 -12.59 -12.41 -12.44 -13.00 -13.81 -14.47 -14.88 -15.12 -15.31 -15.44 -15.31 -14.94 -14.78 -15.19 -15.78 -16.31 -16.75 -17.06 -17.28 -17.44 -17.59 -17.62 -17.56 -17.56 -17.56 -17.53 -17.47 -17.31 -17.28 -17.34 -17.41 -17.44 -17.44 -17.47 -17.38 -17.31 -17.25 -17.22 -17.22 -17.38 -17.53 -17.66 -17.62 -17.72 -17.75 -17.78 -17.91 -18.06 -18.06 -18.09 -18.31 -18.38 -18.50 -18.56 -18.50 -18.50 -18.41 -18.59 -18.69 -18.81
-9.53 -9.97 -10.12 -10.31 -10.66 -11.06 -11.53 -11.91 -12.19 -12.41 -12.56 -12.66 -12.62 -12.53 -12.66 -13.22 -14.03 -14.66 -15.00 -15.22 -15.44 -15.59 -15.44 -15.00 -14.81 -15.22 -15.84 -16.41 -16.81 -17.09 -17.28 -17.44 -17.53 -17.53 -17.47 -17.44 -17.47 -17.47 -17.34 -17.41 -17.44 -17.47 -17.47 -17.50 -17.50 -17.53 -17.44 -17.38 -17.41 -17.38 -17.41 -17.47 -17.66 -17.75 -17.81 -17.84 -17.94 -17.94 -18.00 -18.16 -18.16 -18.25 -18.38 -18.38 -18.38 -18.47 -18.59 -18.47 -18.41 -18.53 -18.75 -19.06
-9.84 -10.22 -10.41 -10.59 -10.84 -11.19 -11.53 -11.81 -12.06 -12.31 -12.47 -12.62 -12.69 -12.69 -12.84 -13.34 -14.06 -14.66 -15.03 -15.28 -15.50 -15.59 -15.41 -15.00 -14.88 -15.28 -15.91 -16.47 -16.84 -17.09 -17.28 -17.38 -17.41 -17.34 -17.25 -17.25 -17.28 -17.31 -17.28 -17.34 -17.47 -17.53 -17.59 -17.62 -17.56 -17.56 -17.50 -17.50 -17.53 -17.62 -17.66 -17.72 -17.75 -17.88 -17.94 -18.03 -18.09 -18.12 -18.19 -18.22 -18.25 -18.25 -18.44 -18.47 -18.41 -18.50 -18.53 -18.56 -18.59 -18.66 -18.94 -19.22
-10.09 -10.34 -10.59 -10.78 -11.03 -11.31 -11.56 -11.78 -12.00 -12.19 -12.38 -12.53 -12.66 -12.75 -12.91 -13.34 -13.94 -14.50 -14.91 -15.22 -15.41 -15.44 -15.28 -15.00 -14.91 -15.31 -15.97 -16.47 -16.81 -17.03 -17.19 -17.28 -17.28 -17.22 -17.12 -17.09 -17.12 -17.19 -17.22 -17.25 -17.38 -17.44 -17.47 -17.47 -17.41 -17.47 -17.47 -17.47 -17.53 -17.62 -17.75 -17.84 -17.91 -17.91 -17.91 -18.00 -18.12 -18.28 -18.34 -18.34 -18.34 -18.28 -18.56 -18.66 -18.56 -18.56 -18.62 -18.56 -18.59 -18.75 -19.16 -19.38
-10.19 -10.41 -10.66 -10.88 -11.12 -11.41 -11.62 -11.81 -12.00 -12.16 -12.28 -12.41 -12.56 -12.62 -12.75 -13.09 -13.66 -14.22 -14.66 -14.94 -15.12 -15.22 -15.12 -14.88 -14.84 -15.28 -15.91 -16.38 -16.72 -16.91 -17.06 -17.16 -17.25 -17.19 -17.09 -17.06 -17.03 -17.06 -17.12 -17.22 -17.31 -17.28 -17.22 -17.22 -17.16 -17.25 -17.31 -17.38 -17.44 -17.59 -17.72 -17.78 -17.84 -17.91 -17.97 -17.97 -18.06 -18.22 -18.31 -18.31 -18.34 -18.44 -18.78 -18.78 -18.72 -18.69 -18.75 -18.69 -18.59 -18.81 -19.25 -19.38
-10.25 -10.50 -10.75 -10.97 -11.22 -11.50 -11.72 -11.91 -12.09 -12.25 -12.38 -12.44 -12.47 -12.47 -12.53 -12.81 -13.31 -13.81 -14.22 -14.56 -14.78 -14.94 -14.88 -14.66 -14.62 -15.06 -15.72 -16.19 -16.53 -16.75 -16.88 -17.00 -17.12 -17.16 -17.16 -17.12 -17.09 -17.09 -17.12 -17.12 -17.25 -17.22 -17.12 -17.03 -16.97 -17.09 -17.22 -17.38 -17.47 -17.56 -17.62 -17.69 -17.78 -17.84 -17.84 -17.81 -17.94 -18.16 -18.34 -18.34 -18.38 -18.41 -18.78 -18.84 -18.84 -18.84 -18.81 -18.84 -18.91 -18.97 -19.34 -19.56
-10.34 -10.59 -10.84 -11.12 -11.34 -11.56 -11.78 -12.03 -12.25 -12.44 -12.56 -12.59 -12.62 -12.56 -12.59 -12.78 -13.06 -13.38 -13.72 -14.12 -14.47 -14.66 -14.62 -14.38 -14.34 -14.81 -15.44 -15.94 -16.31 -16.53 -16.69 -16.81 -16.94 -17.06 -17.19 -17.19 -17.16 -17.06 -17.00 -17.03 -17.03 -17.06 -17.09 -17.03 -17.00 -17.06 -17.28 -17.44 -17.50 -17.50 -17.53 -17.59 -17.66 -17.69 -17.78 -17.84 -17.91 -18.12 -18.25 -18.19 -18.44 -18.47 -18.69 -18.88 -18.97 -18.97 -19.03 -19.09 -19.16 -19.22 -19.56 -19.81
-10.44 -10.69 -10.97 -11.25 -11.50 -11.69 -11.84 -12.06 -12.31 -12.53 -12.72 -12.84 -12.91 -12.91 -12.94 -12.97 -12.94 -12.97 -13.22 -13.69 -14.16 -14.47 -14.53 -14.31 -14.28 -14.69 -15.28 -15.72 -16.06 -16.34 -16.56 -16.72 -16.91 -17.06 -17.16 -17.16 -17.12 -17.03 -16.97 -16.91 -16.84 -16.91 -16.91 -16.91 -17.00 -17.12 -17.22 -17.31 -17.44 -17.47 -17.53 -17.56 -17.59 -17.59 -17.59 -17.50 -17.62 -17.94 -18.00 -18.00 -18.28 -18.47 -18.72 -18.81 -18.91 -19.09 -19.12 -19.19 -19.31 -19.31 -19.59 -19.84
-10.47 -10.81 -11.12 -11.38 -11.62 -11.81 -11.97 -12.16 -12.41 -12.66 -12.88 -13.03 -13.12 -13.22 -13.28 -13.25 -13.03 -12.84 -12.94 -13.41 -14.00 -14.41 -14.50 -14.34 -14.28 -14.62 -15.19 -15.62 -15.94 -16.22 -16.47 -16.69 -16.88 -17.00 -17.06 -17.06 -17.00 -16.94 -16.88 -16.72 -16.69 -16.78 -16.84 -16.97 -17.00 -17.09 -17.19 -17.19 -17.28 -17.41 -17.38 -17.44 -17.44 -17.41 -17.22 -17.22 -17.31 -17.56 -17.69 -17.69 -18.03 -18.28 -18.69 -18.84 -18.84 -19.06 -19.09 -19.19 -19.28 -19.41 -19.62 -19.78
-10.53 -10.84 -11.16 -11.41 -11.69 -11.94 -12.16 -12.38 -12.59 -12.81 -13.00 -13.16 -13.25 -13.34 -13.44 -13.47 -13.31 -13.06 -13.03 -13.41 -13.97 -14.38 -14.47 -14.28 -14.16 -14.53 -15.12 -15.59 -15.88 -16.16 -16.41 -16.59 -16.75 -16.94 -17.00 -16.94 -16.84 -16.75 -16.72 -16.66 -16.69 -16.78 -16.88 -16.94 -16.97 -16.97 -16.97 -17.06 -17.19 -17.22 -17.25 -17.28 -17.22 -17.09 -17.19 -17.12 -17.25 -17.34 -17.28 -17.19 -17.56 -18.03 -18.56 -18.69 -18.75 -18.91 -19.06 -19.12 -19.28 -19.44 -19.69 -19.78
-10.53 -10.81 -11.09 -11.41 -11.72 -12.03 -12.34 -12.62 -12.81 -12.97 -13.12 -13.28 -13.38 -13.44 -13.50 -13.56 -13.50 -13.28 -13.22 -13.53 -14.00 -14.34 -14.41 -14.22 -14.09 -14.44 -15.03 -15.53 -15.88 -16.12 -16.31 -16.44 -16.62 -16.81 -16.91 -16.81 -16.69 -16.53 -16.62 -16.69 -16.66 -16.69 -16.75 -16.78 -16.78 -16.81 -16.84 -16.97 -17.09 -17.09 -17.09 -17.09 -17.09 -17.22 -17.25 -17.41 -17.44 -17.41 -17.31 -16.91 -17.25 -17.62 -18.22 -18.44 -18.66 -18.81 -18.97 -19.06 -19.31 -19.47 -19.69 -19.81
-10.44 -10.78 -11.06 -11.38 -11.75 -12.12 -12.47 -12.75 -12.94 -13.09 -13.25 -13.38 -13.47 -13.50 -13.47 -13.50 -13.47 -13.31 -13.28 -13.59 -14.00 -14.28 -14.34 -14.16 -14.00 -14.25 -14.88 -15.44 -15.78 -16.00 -16.12 -16.34 -16.53 -16.66 -16.69 -16.66 -16.53 -16.47 -16.50 -16.53 -16.44 -16.53 -16.69 -16.72 -16.72 -16.69 -16.81 -16.81 -16.88 -16.94 -16.91 -16.91 -17.00 -17.16 -17.38 -17.50 -17.50 -17.53 -17.56 -17.16 -17.19 -17.44 -17.88 -18.22 -18.34 -18.47 -18.84 -19.16 -19.28 -19.47 -19.75 -19.81
-10.34 -10.69 -11.03 -11.34 -11.72 -12.12 -12.47 -12.75 -12.97 -13.16 -13.34 -13.50 -13.56 -13.56 -13.50 -13.47 -13.34 -13.16 -13.16 -13.50 -13.94 -14.25 -14.34 -14.16 -13.94 -14.12 -14.72 -15.28 -15.59 -15.81 -16.00 -16.22 -16.38 -16.44 -16.44 -16.38 -16.31 -16.31 -16.41 -16.34 -16.25 -16.41 -16.50 -16.44 -16.56 -16.69 -16.72 -16.69 -16.78 -16.84 -16.84 -16.91 -16.94 -17.06 -17.16 -17.25 -17.34 -17.41 -17.38 -17.06 -17.06 -17.44 -17.91 -18.31 -18.31 -18.34 -18.78 -19.22 -19.31 -19.41 -19.66 -19.84
-10.31 -10.62 -10.97 -11.31 -11.62 -12.03 -12.34 -12.69 -12.97 -13.19 -13.41 -13.56 -13.62 -13.62 -13.59 -13.47 -13.28 -13.06 -13.03 -13.41 -13.94 -14.34 -14.50 -14.34 -14.12 -14.19 -14.66 -15.16 -15.41 -15.62 -15.81 -16.00 -16.16 -16.28 -16.19 -16.16 -16.16 -16.25 -16.28 -16.19 -16.00 -16.03 -16.00 -16.19 -16.38 -16.44 -16.53 -16.59 -16.66 -16.72 -16.78 -16.78 -16.94 -17.00 -16.97 -17.00 -17.25 -17.41 -17.28 -16.88 -17.00 -17.34 -17.91 -18.25 -18.47 -18.41 -18.66 -18.97 -19.31 -19.50 -19.66 -19.91
-10.22 -10.53 -10.84 -11.19 -11.47 -11.81 -12.16 -12.50 -12.88 -13.16 -13.34 -13.50 -13.59 -13.66 -13.66 -13.53 -13.31 -13.06 -13.00 -13.38 -13.97 -14.41 -14.62 -14.59 -14.41 -14.34 -14.59 -15.00 -15.28 -15.44 -15.62 -15.81 -15.97 -16.03 -16.03 -16.03 -16.09 -16.12 -16.12 -15.91 -15.50 -15.25 -15.34 -15.56 -15.78 -15.97 -16.06 -16.25 -16.41 -16.66 -16.78 -16.84 -16.75 -16.88 -16.84 -16.91 -17.12 -17.28 -17.03 -16.75 -16.81 -17.38 -17.84 -18.19 -18.34 -18.44 -18.59 -19.00 -19.25 -19.44 -19.69 -19.94
-10.09 -10.44 -10.75 -11.06 -11.38 -11.69 -12.00 -12.31 -12.66 -12.97 -13.16 -13.34 -13.50 -13.59 -13.59 -13.53 -13.34 -13.06 -13.00 -13.38 -13.94 -14.34 -14.56 -14.66 -14.62 -14.50 -14.56 -14.78 -15.06 -15.25 -15.47 -15.69 -15.88 -15.88 -15.97 -16.00 -16.00 -15.97 -15.81 -15.22 -15.00 -14.94 -14.88 -15.06 -15.34 -15.53 -15.62 -16.03 -16.25 -16.38 -16.50 -16.59 -16.69 -16.75 -16.78 -16.88 -17.00 -17.22 -17.16 -16.94 -17.22 -17.47 -17.78 -17.94 -17.91 -18.06 -18.44 -18.84 -19.22 -19.62 -19.72 -19.88
-10.03 -10.28 -10.62 -10.97 -11.31 -11.56 -11.84 -12.09 -12.38 -12.62 -12.88 -13.09 -13.25 -13.38 -13.41 -13.41 -13.25 -13.00 -12.97 -13.38 -13.91 -14.25 -14.44 -14.56 -14.62 -14.59 -14.56 -14.69 -14.88 -15.09 -15.31 -15.53 -15.69 -15.69 -15.78 -15.81 -15.84 -15.75 -15.41 -15.12 -14.91 -14.97 -15.06 -15.31 -15.44 -15.34 -15.44 -15.84 -16.19 -16.16 -16.28 -16.38 -16.50 -16.56 -16.66 -16.78 -16.94 -17.25 -17.41 -17.34 -17.59 -17.62 -17.69 -17.56 -17.69 -17.78 -18.06 -18.72 -19.19 -19.59 -19.78 -19.88
-9.91 -10.19 -10.56 -11.00 -11.25 -11.47 -11.72 -11.91 -12.09 -12.28 -12.56 -12.81 -12.97 -13.06 -13.12 -13.16 -13.09 -12.84 -12.81 -13.25 -13.88 -14.19 -14.28 -14.38 -14.50 -14.50 -14.47 -14.62 -14.81 -15.00 -15.16 -15.41 -15.47 -15.50 -15.59 -15.66 -15.66 -15.56 -15.19 -14.97 -15.06 -15.25 -15.41 -15.47 -15.53 -15.47 -15.53 -15.81 -16.12 -16.28 -16.31 -16.41 -16.47 -16.50 -16.59 -16.62 -16.91 -17.16 -17.41 -17.34 -17.53 -17.81 -17.88 -17.78 -17.81 -18.00 -18.44 -18.53 -18.97 -19.38 -19.66 -19.81
-9.72 -10.09 -10.50 -10.97 -11.28 -11.56 -11.72 -11.81 -11.88 -12.00 -12.19 -12.50 -12.69 -12.75 -12.81 -12.94 -12.94 -12.66 -12.56 -13.06 -13.75 -14.03 -14.06 -14.12 -14.25 -14.25 -14.31 -14.53 -14.75 -14.94 -15.06 -15.19 -15.22 -15.19 -15.31 -15.44 -15.34 -15.19 -15.00 -14.84 -14.84 -14.97 -15.16 -15.19 -15.22 -15.16 -15.47 -15.84 -16.06 -16.16 -16.28 -16.38 -16.47 -16.53 -16.59 -16.59 -16.84 -17.12 -17.38 -17.38 -17.38 -17.66 -17.84 -17.88 -18.19 -18.28 -18.41 -18.44 -18.66 -19.03 -19.50 -19.69
-9.56 -9.97 -10.31 -10.81 -11.31 -11.62 -11.75 -11.81 -11.88 -11.84 -11.91 -12.09 -12.31 -12.47 -12.59 -12.78 -12.72 -12.41 -12.31 -12.72 -13.34 -13.62 -13.66 -13.69 -13.84 -14.00 -14.19 -14.44 -14.59 -14.72 -14.84 -14.97 -15.09 -15.06 -15.06 -15.12 -14.97 -14.78 -14.69 -14.69 -14.56 -14.66 -14.72 -14.84 -14.78 -15.00 -15.31 -15.75 -15.97 -16.03 -16.19 -16.25 -16.34 -16.44 -16.56 -16.62 -16.75 -17.09 -17.38 -17.47 -17.44 -17.50 -17.66 -17.91 -18.25 -18.31 -18.47 -18.47 -18.62 -19.00 -19.31 -19.59
