everonasctiles/Tile[15,15].asc
ncols 128
nrows 128
xllcorner 0
yllcorner 0
cellsize 2.0
NODATA_value  -9999
[rows 34 to 67 of 128, columns 0 to 76 of 128]
109.41 110.09 110.88 111.78 112.78 113.62 114.19 114.53 115.28 115.50 115.44 115.19 114.59 113.31 111.97 111.25 110.31 109.47 109.19 108.94 108.31 108.00 107.53 107.00 106.62 106.25 105.84 105.59 105.41 105.25 105.03 104.72 104.16 103.50 103.28 103.16 102.75 102.47 102.41 101.97 101.91 101.75 101.22 101.25 101.44 101.59 101.47 101.66 101.81 102.16 102.19 102.50 102.50 102.81 102.94 102.91 103.09 103.28 103.53 103.69 103.81 103.72 103.44 103.09 102.69 102.09 101.81 101.47 101.41 101.31 101.09 101.06 100.88 100.81 100.78 100.66 100.59
109.16 109.97 110.81 111.72 112.66 113.47 113.97 114.59 115.22 115.44 115.44 114.94 114.22 112.97 111.47 110.38 109.31 108.66 108.34 107.84 107.25 106.97 106.62 106.16 105.75 105.38 105.19 104.72 104.50 104.41 104.06 103.88 103.38 102.94 102.50 102.34 102.16 101.88 101.81 101.44 101.56 101.09 100.81 100.59 101.09 101.12 101.06 101.38 101.47 101.66 101.81 101.97 102.06 102.25 102.12 102.16 102.41 102.50 102.72 102.97 103.12 103.06 102.81 102.59 102.16 101.78 101.31 101.03 100.88 100.75 100.59 100.41 100.25 100.16 99.94 99.94 99.81
108.94 109.78 110.66 111.53 112.34 113.03 113.72 114.59 114.97 115.06 115.00 114.38 113.44 112.25 111.19 110.03 109.03 108.25 107.41 107.00 106.53 106.16 105.62 105.38 104.97 104.72 104.31 104.16 103.78 103.47 103.28 103.00 102.69 102.34 101.97 101.59 101.44 101.38 101.22 101.03 100.81 100.56 100.03 100.19 100.72 100.59 100.69 100.88 100.97 101.16 101.19 101.38 101.50 101.50 101.59 101.62 101.66 101.72 101.88 102.19 102.47 102.19 102.16 101.97 101.75 101.41 100.66 100.66 100.28 100.16 100.09 99.75 99.72 99.38 99.25 99.12 98.97
108.66 109.53 110.38 111.16 111.84 112.53 113.41 114.16 114.38 114.72 114.56 113.75 112.78 111.31 110.03 109.25 108.41 107.59 106.69 106.22 105.81 105.38 104.78 104.53 104.09 103.97 103.50 103.31 103.06 102.66 102.47 102.22 101.94 101.66 101.41 101.03 100.91 100.69 100.62 100.56 100.38 100.12 99.50 99.84 100.09 100.19 100.28 100.47 100.53 100.62 100.62 100.78 100.81 100.81 101.03 101.09 101.03 101.09 101.25 101.53 101.66 101.66 101.47 101.31 100.97 100.94 100.62 99.94 100.00 99.50 99.38 99.31 99.06 98.88 98.62 98.47 98.31
108.28 109.19 109.94 110.62 111.28 111.94 112.62 113.50 113.88 114.16 114.03 113.44 112.12 110.59 109.22 107.97 107.59 106.75 106.06 105.38 105.03 104.56 104.25 103.81 103.38 103.19 102.91 102.62 102.31 101.94 101.56 101.34 101.12 100.88 100.72 100.41 100.22 100.12 100.00 100.00 99.88 99.84 99.16 99.31 99.62 99.75 99.91 99.97 100.03 100.09 100.03 100.12 100.19 100.31 100.44 100.50 100.50 100.62 100.69 100.72 100.78 100.94 100.84 100.59 100.56 100.38 100.06 99.69 99.25 99.25 98.47 98.69 98.47 98.16 98.00 97.84 97.75
107.84 108.72 109.44 110.06 110.69 111.38 112.09 112.78 113.03 113.53 113.38 112.69 111.56 110.03 108.41 107.59 106.75 106.16 105.47 105.00 104.44 103.88 103.50 103.03 102.56 102.41 102.06 101.84 101.56 101.22 100.56 100.50 100.34 100.00 99.94 99.75 99.50 99.47 99.41 99.44 99.44 99.22 99.03 98.69 99.34 99.34 99.44 99.44 99.56 99.47 99.41 99.50 99.59 99.78 99.78 99.88 99.91 100.00 100.00 100.03 100.06 100.03 100.22 100.00 100.06 99.81 99.47 99.16 98.81 98.41 98.25 97.75 97.84 97.66 97.28 97.25 97.16
107.28 108.12 108.84 109.44 110.03 110.69 111.41 111.94 112.34 112.59 112.53 111.78 110.44 109.44 108.03 107.22 106.38 105.53 104.84 104.41 103.88 103.19 102.72 102.28 101.94 101.53 101.38 101.25 100.91 100.38 100.06 99.44 99.47 99.34 99.06 99.00 98.97 98.88 98.78 98.81 99.00 98.88 98.53 98.41 99.00 98.91 98.91 99.06 99.03 98.94 98.88 98.88 99.00 99.16 99.12 99.28 99.25 99.38 99.41 99.44 99.44 99.56 99.47 99.56 99.38 99.16 98.75 98.56 98.28 97.88 97.41 96.88 97.03 97.03 96.81 96.69 96.59
106.62 107.47 108.19 108.78 109.38 110.00 110.62 111.16 111.69 111.91 111.56 110.72 109.53 108.44 107.66 106.75 105.66 105.06 104.12 103.72 103.22 102.69 102.03 101.66 101.28 100.88 100.72 100.50 100.16 99.84 99.12 98.97 98.81 98.62 98.50 98.44 98.44 98.38 98.28 98.47 98.56 98.41 98.09 98.41 98.69 98.66 98.59 98.53 98.50 98.41 98.22 98.56 98.38 98.50 98.56 98.53 98.59 98.66 98.81 98.84 98.88 98.97 99.22 99.16 98.75 98.50 98.22 97.91 97.59 97.28 97.00 97.00 96.31 96.41 96.16 96.09 96.03
105.88 106.69 107.44 108.09 108.69 109.28 109.91 110.50 110.94 111.12 110.81 110.06 109.00 107.69 106.97 106.19 105.16 104.59 103.69 102.88 102.53 102.09 101.53 101.06 100.62 100.25 100.00 99.75 99.50 99.25 98.88 98.50 98.28 98.16 98.03 97.91 97.94 97.88 97.84 97.94 98.06 97.75 97.75 98.28 98.41 98.47 98.31 98.31 98.12 97.88 97.69 97.69 97.81 97.78 97.94 97.97 97.94 98.12 98.19 98.31 98.41 98.69 98.84 98.72 98.31 97.91 97.69 97.31 97.12 96.78 96.19 96.00 96.16 95.66 95.59 95.50 95.41
105.09 105.84 106.59 107.28 107.94 108.56 109.16 109.72 110.09 110.25 109.97 109.34 108.34 107.28 106.25 105.22 104.69 104.00 103.00 102.56 101.84 101.41 101.00 100.50 100.06 99.66 99.41 99.12 98.84 98.53 98.31 98.00 97.78 97.66 97.53 97.47 97.44 97.44 97.41 97.47 97.53 97.22 97.91 98.12 98.44 98.47 98.34 97.97 97.72 97.53 97.19 97.44 97.25 97.28 97.28 97.28 97.41 97.44 97.59 97.69 98.03 98.38 98.47 98.31 97.91 97.38 96.84 96.66 96.44 96.19 95.72 95.78 95.03 95.41 94.91 94.88 94.88
104.28 104.94 105.66 106.34 107.00 107.66 108.25 108.75 109.12 109.25 109.06 108.44 107.72 106.47 105.72 104.78 103.97 103.38 102.66 101.97 101.38 100.84 100.38 99.94 99.56 99.22 98.78 98.66 98.31 98.03 97.75 97.50 97.41 97.16 97.09 97.00 96.97 96.94 96.88 96.91 96.84 97.38 97.81 98.16 98.41 98.41 98.25 97.88 97.09 97.09 96.81 96.56 96.69 96.62 96.66 96.75 96.75 96.78 97.00 97.09 97.59 97.91 97.97 97.88 97.31 96.56 96.38 96.06 95.84 95.47 95.31 95.12 94.53 94.62 94.78 94.19 94.41
103.47 104.06 104.69 105.34 105.97 106.59 107.19 107.69 108.03 108.19 108.03 107.66 106.97 106.09 104.91 104.19 103.31 102.66 101.91 101.31 100.84 100.28 99.88 99.50 99.16 98.66 98.41 97.97 97.72 97.50 97.28 97.00 96.88 96.69 96.59 96.53 96.47 96.41 96.38 96.34 96.72 97.12 97.56 97.91 98.09 98.12 97.94 97.62 97.19 96.44 96.47 96.06 96.09 96.25 96.06 96.09 96.06 96.16 96.16 96.38 96.94 97.28 97.34 97.19 96.88 96.28 95.78 95.41 95.06 94.94 94.84 94.69 94.34 93.66 93.88 93.75 93.88
102.75 103.22 103.78 104.38 105.00 105.59 106.12 106.56 106.91 107.03 106.97 106.69 106.16 105.34 104.41 103.41 102.72 102.00 101.34 100.72 100.19 99.81 99.25 99.03 98.56 98.34 97.94 97.75 97.38 97.06 96.88 96.59 96.34 96.22 96.09 96.00 95.94 95.88 95.88 95.94 96.31 96.75 97.16 97.41 97.50 97.53 97.47 97.28 96.97 96.53 95.72 95.53 95.47 95.38 95.28 95.28 95.34 95.41 95.41 95.78 96.00 96.44 96.53 96.44 95.91 95.38 95.00 94.72 94.56 94.41 94.31 94.16 93.91 93.44 93.00 93.34 93.31
102.16 102.53 103.00 103.53 104.06 104.62 105.12 105.56 105.88 106.00 105.97 105.72 105.25 104.50 103.69 102.81 102.03 101.38 100.69 100.19 99.69 99.25 98.84 98.50 98.28 97.88 97.59 97.34 97.06 96.62 96.41 96.16 95.91 95.72 95.59 95.50 95.38 95.31 95.31 95.50 95.88 96.28 96.59 96.78 96.78 96.88 96.94 96.88 96.69 96.25 95.38 94.91 94.81 94.75 94.72 94.69 94.69 94.62 94.72 94.75 95.22 95.38 95.59 95.50 94.97 94.88 94.59 94.19 94.06 93.91 93.69 93.59 93.44 93.16 92.28 92.75 92.75
101.62 101.97 102.34 102.81 103.28 103.78 104.28 104.69 104.97 105.09 105.03 104.78 104.31 103.69 102.91 102.16 101.44 100.75 100.12 99.59 99.16 98.78 98.41 98.00 97.88 97.66 97.19 96.94 96.69 96.34 96.00 95.72 95.47 95.25 95.06 94.94 94.81 94.75 94.78 95.03 95.38 95.72 96.00 96.09 96.09 96.12 96.25 96.31 96.00 95.81 95.22 94.75 93.97 94.12 94.12 94.03 94.00 93.97 93.94 94.09 94.19 94.41 94.34 94.34 94.34 94.25 94.06 93.84 93.50 93.38 93.19 93.00 92.94 92.69 91.94 91.97 92.34
101.06 101.41 101.75 102.16 102.62 103.09 103.53 103.88 104.12 104.25 104.12 103.84 103.41 102.84 102.19 101.50 100.84 100.19 99.59 99.06 98.69 98.31 97.91 97.62 97.34 97.16 96.91 96.66 96.16 96.00 95.59 95.31 95.00 94.75 94.53 94.38 94.25 94.19 94.25 94.47 94.78 95.09 95.34 95.44 95.44 95.38 95.50 95.56 95.47 94.84 94.38 94.31 93.94 93.28 93.47 93.41 93.28 93.25 93.25 93.25 93.38 93.47 93.38 93.34 93.47 93.38 93.12 93.09 93.16 92.69 92.50 92.41 92.16 92.09 91.78 91.16 91.72
100.53 100.81 101.12 101.47 101.91 102.31 102.72 103.06 103.25 103.31 103.22 102.94 102.50 101.97 101.41 100.81 100.22 99.62 99.06 98.59 98.22 97.88 97.53 97.09 96.84 96.66 96.47 96.25 95.88 95.47 95.22 94.84 94.50 94.22 93.97 93.78 93.66 93.59 93.66 93.84 94.09 94.38 94.59 94.72 94.72 94.72 94.81 94.81 94.66 94.25 93.91 93.53 93.47 92.94 92.81 92.72 92.69 92.50 92.56 92.56 92.62 92.62 92.69 92.56 92.44 92.38 92.50 92.66 92.56 92.28 91.91 91.66 91.56 91.44 91.16 90.66 91.12
99.94 100.19 100.44 100.75 101.09 101.50 101.84 102.16 102.34 102.38 102.28 102.03 101.62 101.16 100.69 100.16 99.66 99.12 98.66 98.22 97.84 97.50 97.12 96.69 96.25 95.97 95.72 95.56 95.28 94.91 94.59 94.25 93.88 93.59 93.38 93.19 93.03 92.97 93.00 93.19 93.41 93.62 93.81 93.91 93.94 93.97 94.03 94.00 93.72 93.53 93.00 92.94 92.75 92.28 92.44 92.25 92.06 91.88 91.91 91.88 91.88 91.88 91.81 91.78 91.62 91.50 91.62 91.66 91.81 91.66 91.12 90.91 90.91 90.75 90.69 90.12 90.34
99.38 99.56 99.75 100.00 100.28 100.62 100.94 101.22 101.41 101.44 101.31 101.09 100.78 100.41 100.00 99.62 99.22 98.78 98.34 97.97 97.59 97.19 96.72 96.25 95.72 95.28 94.97 94.78 94.56 94.12 93.88 93.53 93.25 92.97 92.75 92.56 92.41 92.31 92.34 92.47 92.66 92.84 93.00 93.09 93.16 93.19 93.22 93.16 92.97 92.81 92.50 92.19 92.09 91.84 91.56 91.69 91.53 91.22 91.16 91.09 91.00 90.94 91.00 90.94 90.84 90.78 90.75 90.81 90.75 90.84 90.62 90.19 90.19 90.03 90.00 89.53 89.69
98.78 98.94 99.06 99.25 99.50 99.75 100.00 100.25 100.41 100.44 100.34 100.16 99.91 99.66 99.44 99.16 98.88 98.56 98.22 97.88 97.47 97.00 96.44 95.81 95.19 94.66 94.28 94.00 93.72 93.44 93.16 92.84 92.59 92.34 92.09 91.91 91.75 91.66 91.66 91.75 91.91 92.03 92.16 92.25 92.34 92.41 92.41 92.34 92.19 92.03 91.84 91.66 91.47 91.19 91.47 90.78 90.84 90.75 90.41 90.41 90.41 90.31 90.25 90.22 90.12 89.97 90.00 90.03 90.00 89.94 89.94 89.72 89.47 89.41 89.34 89.00 88.88
98.22 98.34 98.44 98.53 98.69 98.91 99.09 99.28 99.41 99.44 99.38 99.25 99.09 99.00 98.91 98.81 98.62 98.38 98.09 97.75 97.34 96.84 96.22 95.50 94.72 94.06 93.59 93.25 92.97 92.69 92.44 92.16 91.91 91.69 91.47 91.28 91.09 91.00 90.97 91.03 91.12 91.25 91.34 91.44 91.53 91.59 91.59 91.53 91.41 91.25 91.16 91.03 90.81 90.66 90.69 90.53 90.03 90.12 89.88 89.78 89.75 89.53 89.41 89.38 89.31 89.22 89.16 89.25 89.31 89.31 89.25 89.09 88.97 88.69 88.69 88.41 88.31
97.62 97.75 97.81 97.88 97.97 98.09 98.22 98.34 98.44 98.47 98.41 98.31 98.31 98.38 98.47 98.47 98.38 98.16 97.88 97.56 97.12 96.59 95.94 95.19 94.34 93.56 92.97 92.56 92.25 92.00 91.75 91.53 91.31 91.09 90.88 90.66 90.47 90.31 90.28 90.31 90.38 90.47 90.56 90.66 90.72 90.78 90.78 90.75 90.62 90.56 90.47 90.38 90.25 90.06 90.03 90.00 89.72 89.38 89.31 89.06 89.06 88.88 88.69 88.59 88.53 88.34 88.38 88.31 88.59 88.56 88.59 88.72 88.34 88.25 88.12 87.81 87.81
97.06 97.16 97.22 97.25 97.28 97.31 97.41 97.47 97.50 97.50 97.47 97.47 97.59 97.81 98.00 98.09 98.03 97.81 97.53 97.19 96.78 96.28 95.66 94.84 94.00 93.12 92.41 91.94 91.62 91.34 91.12 90.91 90.69 90.50 90.28 90.06 89.88 89.69 89.59 89.59 89.62 89.69 89.78 89.88 89.94 90.00 90.03 90.00 89.94 89.88 89.81 89.75 89.66 89.53 89.47 89.34 89.22 88.94 88.44 88.44 88.38 88.12 88.06 87.94 87.69 87.69 87.69 87.75 87.88 87.94 87.84 87.88 87.69 87.66 87.56 87.22 87.22
96.50 96.56 96.62 96.66 96.66 96.66 96.66 96.66 96.66 96.66 96.62 96.69 96.94 97.25 97.53 97.69 97.59 97.38 97.06 96.72 96.31 95.88 95.28 94.50 93.62 92.72 91.94 91.38 91.03 90.75 90.53 90.31 90.12 89.94 89.75 89.53 89.28 89.09 88.94 88.91 88.91 88.97 89.03 89.12 89.19 89.25 89.28 89.28 89.25 89.19 89.16 89.09 89.03 88.94 88.81 88.75 88.69 88.44 88.09 87.56 87.50 87.44 87.34 87.28 87.12 86.97 87.00 87.06 87.19 87.19 87.06 87.06 86.94 87.03 86.94 86.84 86.66
95.94 96.00 96.03 96.03 96.00 96.00 95.97 95.94 95.91 95.88 95.84 95.97 96.31 96.72 97.06 97.19 97.09 96.88 96.56 96.19 95.81 95.38 94.84 94.12 93.22 92.31 91.47 90.84 90.50 90.22 89.97 89.78 89.59 89.41 89.19 88.97 88.72 88.50 88.31 88.22 88.22 88.25 88.31 88.41 88.50 88.53 88.56 88.59 88.56 88.53 88.50 88.47 88.41 88.31 88.19 88.12 88.03 87.78 87.56 87.22 86.62 86.75 86.69 86.62 86.50 86.41 86.38 86.38 86.47 86.47 86.38 86.34 86.34 86.38 86.38 86.28 86.00
95.41 95.44 95.44 95.44 95.41 95.38 95.31 95.28 95.25 95.22 95.19 95.34 95.72 96.12 96.50 96.69 96.59 96.38 96.06 95.72 95.31 94.91 94.41 93.69 92.78 91.88 91.00 90.38 90.00 89.72 89.47 89.25 89.03 88.84 88.62 88.41 88.16 87.91 87.72 87.59 87.56 87.59 87.66 87.72 87.81 87.88 87.91 87.91 87.91 87.88 87.88 87.84 87.78 87.72 87.56 87.47 87.28 87.22 86.94 86.66 86.19 86.03 86.00 85.97 85.88 85.78 85.75 85.69 85.78 85.69 85.69 85.62 85.72 85.81 85.81 85.78 85.50
94.88 94.91 94.88 94.88 94.81 94.78 94.72 94.69 94.66 94.59 94.59 94.75 95.09 95.53 95.91 96.12 96.06 95.88 95.59 95.28 94.91 94.47 93.94 93.22 92.31 91.41 90.56 89.94 89.56 89.25 89.00 88.75 88.53 88.28 88.06 87.81 87.59 87.34 87.12 87.00 86.94 86.97 87.03 87.09 87.16 87.19 87.22 87.25 87.25 87.25 87.25 87.22 87.19 87.09 87.00 86.78 86.66 86.53 86.28 86.06 85.72 85.41 85.50 85.38 85.25 85.19 85.00 84.97 85.09 85.06 85.06 85.03 85.16 85.22 85.31 85.16 85.06
94.41 94.41 94.38 94.34 94.28 94.22 94.19 94.12 94.09 94.06 94.03 94.16 94.44 94.84 95.25 95.50 95.53 95.41 95.19 94.88 94.50 94.03 93.44 92.69 91.81 90.91 90.09 89.53 89.16 88.81 88.53 88.25 88.00 87.75 87.50 87.28 87.03 86.78 86.56 86.44 86.38 86.38 86.41 86.47 86.53 86.56 86.59 86.59 86.62 86.62 86.62 86.59 86.59 86.53 86.44 86.28 86.06 85.88 85.75 85.53 85.31 84.78 84.91 84.72 84.53 84.50 84.34 84.41 84.41 84.31 84.34 84.44 84.53 84.69 84.75 84.56 84.62
93.94 93.94 93.91 93.84 93.78 93.75 93.69 93.62 93.59 93.53 93.50 93.56 93.78 94.16 94.50 94.81 94.94 94.88 94.69 94.41 94.03 93.53 92.91 92.12 91.25 90.41 89.66 89.16 88.75 88.41 88.09 87.78 87.50 87.22 86.97 86.72 86.47 86.22 86.03 85.88 85.78 85.78 85.81 85.84 85.91 85.94 85.97 85.97 86.00 86.00 86.00 86.00 86.00 85.97 85.91 85.78 85.56 85.34 85.22 85.03 84.88 84.62 83.97 84.06 83.78 83.75 83.78 83.72 83.81 83.75 83.75 83.72 83.97 84.16 84.12 84.00 84.00
93.47 93.47 93.44 93.38 93.31 93.25 93.19 93.12 93.09 93.03 92.97 92.97 93.09 93.38 93.72 94.00 94.22 94.25 94.12 93.88 93.47 92.97 92.31 91.53 90.69 89.91 89.28 88.78 88.41 88.03 87.69 87.34 87.03 86.72 86.44 86.16 85.91 85.69 85.47 85.31 85.22 85.19 85.22 85.25 85.28 85.31 85.34 85.34 85.38 85.38 85.41 85.44 85.44 85.44 85.41 85.31 85.19 84.94 84.69 84.62 84.41 84.09 83.78 83.09 83.09 83.09 83.09 83.19 83.19 83.09 83.09 83.22 83.38 83.56 83.62 83.28 83.53
92.97 92.94 92.91 92.88 92.81 92.75 92.69 92.62 92.56 92.50 92.44 92.41 92.44 92.62 92.88 93.12 93.31 93.44 93.38 93.16 92.78 92.25 91.62 90.91 90.16 89.50 88.94 88.50 88.09 87.72 87.31 86.94 86.56 86.22 85.91 85.62 85.38 85.16 84.94 84.78 84.69 84.62 84.62 84.66 84.66 84.69 84.72 84.75 84.75 84.78 84.81 84.84 84.91 84.91 84.91 84.88 84.75 84.59 84.09 84.19 83.84 83.44 83.25 82.88 82.34 82.34 82.47 82.53 82.44 82.53 82.47 82.66 82.84 82.97 82.97 82.62 82.75
92.41 92.41 92.38 92.34 92.28 92.22 92.16 92.09 92.03 91.97 91.91 91.84 91.81 91.84 92.03 92.22 92.38 92.47 92.44 92.25 91.94 91.50 90.94 90.31 89.72 89.16 88.69 88.25 87.84 87.41 87.00 86.56 86.16 85.78 85.44 85.12 84.88 84.62 84.41 84.25 84.12 84.06 84.03 84.03 84.06 84.09 84.09 84.12 84.16 84.19 84.22 84.28 84.34 84.38 84.41 84.38 84.25 84.09 83.91 83.28 82.88 82.84 82.59 82.22 81.66 81.72 81.75 81.91 81.78 81.84 81.88 81.97 82.25 82.28 82.19 81.72 82.28
91.81 91.81 91.81 91.75 91.72 91.66 91.59 91.53 91.47 91.38 91.28 91.22 91.16 91.12 91.19 91.31 91.44 91.50 91.47 91.34 91.09 90.72 90.28 89.81 89.34 88.91 88.50 88.06 87.62 87.19 86.72 86.25 85.78 85.38 85.00 84.66 84.38 84.12 83.91 83.72 83.59 83.50 83.47 83.44 83.47 83.47 83.50 83.50 83.53 83.56 83.62 83.69 83.75 83.81 83.84 83.81 83.62 83.47 83.25 82.97 82.12 81.91 81.62 81.44 80.81 81.06 81.09 81.28 81.06 81.12 81.12 81.38 81.56 81.62 81.56 80.97 82.06
91.16 91.19 91.16 91.12 91.09 91.03 90.97 90.91 90.81 90.75 90.66 90.56 90.50 90.44 90.44 90.44 90.53 90.56 90.56 90.47 90.28 90.03 89.72 89.38 89.03 88.69 88.31 87.91 87.44 86.97 86.44 85.94 85.44 84.97 84.56 84.22 83.91 83.62 83.41 83.19 83.06 82.94 82.91 82.88 82.88 82.88 82.88 82.91 82.94 82.97 83.00 83.06 83.12 83.16 83.19 83.16 83.00 82.72 82.41 82.28 81.59 81.12 80.81 80.78 80.31 80.34 80.44 80.56 80.53 80.41 80.53 80.75 80.88 80.84 80.53 80.94 81.41
