everonasctiles/Tile[12,25].asc
ncols 128
nrows 128
xllcorner 0
yllcorner 0
cellsize 2.0
NODATA_value  -9999
[rows 68 to 101 of 128, columns 0 to 76 of 128]
76.28 76.22 76.16 76.12 76.06 76.03 75.97 75.91 75.88 75.81 75.75 75.69 75.62 75.56 75.47 75.41 75.31 75.25 75.19 75.16 75.09 75.06 75.00 74.97 74.94 74.88 74.84 74.81 74.81 74.81 74.84 74.94 75.00 75.03 75.03 75.06 75.06 75.09 75.12 75.16 75.16 75.19 75.19 75.25 75.28 75.34 75.41 75.47 75.56 75.66 75.75 75.88 76.00 76.12 76.31 76.47 76.62 76.81 76.97 77.12 77.31 77.47 77.66 77.84 78.03 78.22 78.41 78.59 78.81 79.00 79.22 79.44 79.66 79.88 80.09 80.34 80.59
76.44 76.38 76.34 76.28 76.25 76.19 76.16 76.09 76.03 75.97 75.94 75.88 75.78 75.72 75.62 75.56 75.47 75.38 75.31 75.25 75.19 75.16 75.09 75.03 75.00 74.94 74.91 74.88 74.84 74.84 74.91 74.97 75.09 75.12 75.12 75.12 75.16 75.16 75.16 75.19 75.19 75.19 75.22 75.25 75.28 75.34 75.41 75.50 75.59 75.66 75.78 75.88 76.03 76.19 76.34 76.50 76.69 76.84 77.00 77.16 77.34 77.50 77.69 77.88 78.06 78.25 78.44 78.62 78.81 79.03 79.22 79.44 79.66 79.84 80.06 80.31 80.56
76.59 76.56 76.50 76.47 76.41 76.38 76.31 76.28 76.22 76.16 76.12 76.03 75.97 75.91 75.81 75.72 75.62 75.53 75.44 75.38 75.31 75.25 75.19 75.12 75.09 75.03 74.97 74.94 74.91 74.91 74.97 75.09 75.19 75.25 75.22 75.22 75.22 75.22 75.22 75.25 75.25 75.25 75.25 75.28 75.31 75.38 75.47 75.53 75.62 75.69 75.81 75.94 76.06 76.22 76.38 76.56 76.72 76.88 77.06 77.22 77.38 77.53 77.72 77.91 78.09 78.28 78.47 78.66 78.84 79.03 79.22 79.44 79.66 79.84 80.06 80.31 80.56
76.78 76.75 76.69 76.66 76.59 76.56 76.53 76.47 76.41 76.38 76.31 76.25 76.16 76.09 76.00 75.91 75.81 75.69 75.59 75.50 75.44 75.38 75.31 75.25 75.19 75.12 75.06 75.00 74.91 74.94 75.09 75.19 75.28 75.31 75.31 75.28 75.28 75.28 75.31 75.31 75.31 75.31 75.34 75.34 75.38 75.44 75.50 75.56 75.66 75.75 75.84 75.97 76.09 76.28 76.41 76.59 76.78 76.94 77.09 77.25 77.41 77.59 77.75 77.94 78.12 78.28 78.47 78.66 78.84 79.06 79.25 79.44 79.66 79.88 80.06 80.31 80.53
77.00 76.94 76.91 76.84 76.81 76.78 76.72 76.69 76.62 76.59 76.53 76.47 76.38 76.31 76.19 76.09 76.00 75.88 75.78 75.66 75.56 75.47 75.41 75.38 75.31 75.28 75.19 75.12 75.12 75.22 75.31 75.44 75.50 75.50 75.47 75.44 75.38 75.38 75.38 75.38 75.38 75.41 75.41 75.41 75.47 75.50 75.56 75.66 75.72 75.81 75.91 76.03 76.19 76.34 76.50 76.66 76.81 76.97 77.12 77.28 77.44 77.62 77.78 77.97 78.16 78.31 78.50 78.69 78.88 79.06 79.28 79.47 79.66 79.88 80.09 80.31 80.53
77.22 77.16 77.12 77.09 77.03 77.00 76.97 76.91 76.88 76.81 76.75 76.69 76.62 76.53 76.44 76.31 76.22 76.12 76.00 75.91 75.78 75.66 75.59 75.56 75.56 75.56 75.59 75.62 75.66 75.66 75.72 75.75 75.75 75.72 75.66 75.59 75.50 75.47 75.47 75.44 75.47 75.47 75.50 75.50 75.56 75.59 75.66 75.72 75.81 75.91 76.00 76.12 76.28 76.41 76.56 76.72 76.84 77.00 77.16 77.31 77.50 77.66 77.81 78.00 78.19 78.34 78.53 78.72 78.91 79.09 79.28 79.50 79.69 79.91 80.09 80.31 80.56
77.53 77.47 77.41 77.34 77.31 77.28 77.25 77.22 77.16 77.09 77.03 76.97 76.88 76.78 76.69 76.56 76.47 76.38 76.31 76.25 76.22 76.19 76.19 76.19 76.19 76.19 76.19 76.19 76.19 76.19 76.16 76.09 76.03 75.94 75.84 75.75 75.66 75.59 75.53 75.53 75.50 75.53 75.56 75.59 75.66 75.69 75.75 75.81 75.91 75.97 76.09 76.22 76.34 76.50 76.62 76.75 76.91 77.06 77.22 77.38 77.53 77.69 77.88 78.03 78.22 78.38 78.56 78.75 78.94 79.12 79.31 79.53 79.72 79.94 80.12 80.34 80.56
78.00 77.94 77.84 77.78 77.72 77.69 77.66 77.66 77.62 77.56 77.50 77.41 77.34 77.22 77.09 76.97 76.88 76.81 76.78 76.78 76.75 76.72 76.69 76.72 76.66 76.59 76.56 76.53 76.50 76.50 76.44 76.38 76.28 76.16 76.03 75.88 75.78 75.66 75.62 75.56 75.59 75.59 75.62 75.66 75.72 75.78 75.84 75.91 75.97 76.06 76.19 76.31 76.41 76.56 76.69 76.81 76.97 77.09 77.25 77.41 77.56 77.75 77.91 78.06 78.25 78.44 78.59 78.78 78.97 79.16 79.34 79.56 79.75 79.97 80.16 80.38 80.59
78.38 78.31 78.19 78.09 78.03 77.97 77.94 77.94 77.94 77.97 77.97 77.91 77.84 77.72 77.59 77.41 77.28 77.16 77.12 77.06 77.03 77.00 76.94 76.94 76.94 76.88 76.81 76.75 76.72 76.66 76.59 76.53 76.44 76.28 76.12 76.00 75.88 75.75 75.66 75.62 75.66 75.66 75.69 75.75 75.78 75.88 75.94 76.00 76.09 76.19 76.28 76.38 76.50 76.62 76.78 76.91 77.03 77.19 77.31 77.47 77.62 77.78 77.94 78.12 78.28 78.47 78.66 78.81 79.00 79.19 79.41 79.59 79.78 80.00 80.22 80.41 80.62
78.50 78.41 78.31 78.22 78.16 78.09 78.06 78.06 78.09 78.16 78.22 78.16 77.97 77.81 77.69 77.56 77.47 77.38 77.28 77.25 77.22 77.16 77.12 77.12 77.09 77.06 77.00 76.97 76.88 76.81 76.72 76.62 76.50 76.38 76.22 76.06 75.94 75.81 75.75 75.69 75.72 75.75 75.78 75.81 75.88 75.94 76.03 76.12 76.19 76.28 76.38 76.47 76.59 76.72 76.84 76.97 77.12 77.25 77.41 77.53 77.69 77.84 78.00 78.16 78.34 78.50 78.69 78.88 79.06 79.25 79.44 79.62 79.84 80.03 80.25 80.47 80.69
78.53 78.44 78.34 78.28 78.22 78.19 78.16 78.19 78.22 78.28 78.34 78.19 78.00 77.88 77.72 77.62 77.53 77.47 77.44 77.41 77.38 77.31 77.28 77.25 77.22 77.19 77.19 77.09 77.00 76.91 76.78 76.66 76.56 76.41 76.25 76.09 75.97 75.88 75.78 75.75 75.78 75.81 75.84 75.91 75.97 76.03 76.12 76.22 76.31 76.38 76.47 76.56 76.66 76.81 76.94 77.06 77.22 77.34 77.47 77.62 77.75 77.91 78.06 78.22 78.38 78.56 78.75 78.91 79.09 79.28 79.47 79.69 79.88 80.09 80.31 80.50 80.72
78.47 78.41 78.31 78.25 78.22 78.22 78.22 78.22 78.28 78.34 78.38 78.19 78.00 77.88 77.75 77.66 77.59 77.56 77.53 77.50 77.47 77.44 77.38 77.34 77.34 77.31 77.31 77.22 77.09 76.97 76.81 76.66 76.53 76.41 76.22 76.09 75.97 75.88 75.84 75.81 75.88 75.91 75.94 76.03 76.09 76.19 76.28 76.38 76.44 76.53 76.59 76.72 76.81 76.94 77.03 77.19 77.31 77.44 77.56 77.72 77.84 77.97 78.12 78.28 78.44 78.62 78.78 78.97 79.16 79.34 79.53 79.75 79.94 80.16 80.34 80.56 80.78
78.34 78.28 78.22 78.19 78.19 78.19 78.19 78.22 78.28 78.34 78.34 78.12 77.97 77.81 77.72 77.66 77.62 77.59 77.56 77.56 77.53 77.50 77.47 77.44 77.41 77.41 77.38 77.28 77.12 76.94 76.78 76.59 76.44 76.28 76.16 76.03 75.94 75.91 75.88 75.91 75.94 76.03 76.06 76.16 76.25 76.34 76.47 76.53 76.62 76.66 76.72 76.84 76.94 77.03 77.16 77.28 77.38 77.53 77.66 77.78 77.94 78.06 78.22 78.34 78.53 78.69 78.84 79.03 79.22 79.41 79.59 79.81 80.00 80.22 80.41 80.62 80.84
78.19 78.12 78.09 78.06 78.06 78.09 78.09 78.12 78.09 78.06 78.00 77.94 77.84 77.75 77.69 77.62 77.59 77.59 77.59 77.56 77.53 77.50 77.47 77.44 77.38 77.28 77.16 77.03 76.84 76.72 76.56 76.44 76.31 76.19 76.09 76.00 75.91 75.91 75.91 75.97 76.03 76.12 76.22 76.38 76.50 76.56 76.66 76.75 76.84 76.88 76.97 77.00 77.06 77.19 77.28 77.38 77.53 77.66 77.78 77.91 78.03 78.16 78.28 78.44 78.59 78.75 78.94 79.09 79.28 79.47 79.69 79.88 80.06 80.28 80.47 80.69 80.91
77.97 77.88 77.81 77.75 77.78 77.75 77.75 77.81 77.84 77.81 77.78 77.75 77.69 77.62 77.56 77.50 77.50 77.50 77.47 77.44 77.41 77.38 77.31 77.25 77.16 77.06 76.91 76.75 76.56 76.44 76.44 76.34 76.25 76.16 76.09 76.00 75.94 75.91 75.97 76.03 76.12 76.28 76.44 76.59 76.75 76.84 76.94 77.03 77.06 77.16 77.22 77.22 77.31 77.31 77.44 77.50 77.62 77.75 77.88 78.00 78.12 78.25 78.38 78.53 78.69 78.84 79.00 79.19 79.38 79.56 79.75 79.94 80.12 80.34 80.53 80.75 80.97
77.94 77.88 77.84 77.81 77.78 77.78 77.78 77.78 77.78 77.75 77.72 77.69 77.62 77.56 77.53 77.50 77.47 77.44 77.44 77.41 77.34 77.31 77.25 77.16 77.06 76.94 76.78 76.62 76.50 76.44 76.38 76.31 76.25 76.19 76.09 76.03 76.00 75.97 76.00 76.09 76.22 76.38 76.56 76.78 76.94 77.09 77.19 77.28 77.31 77.38 77.38 77.47 77.47 77.53 77.59 77.66 77.75 77.88 77.97 78.09 78.22 78.34 78.47 78.62 78.75 78.91 79.09 79.25 79.44 79.62 79.81 80.03 80.22 80.41 80.62 80.81 81.03
77.94 77.88 77.84 77.81 77.81 77.78 77.78 77.78 77.75 77.75 77.72 77.66 77.62 77.56 77.53 77.50 77.47 77.44 77.41 77.38 77.31 77.28 77.19 77.09 77.00 76.88 76.75 76.59 76.50 76.44 76.38 76.31 76.25 76.19 76.12 76.09 76.06 76.03 76.06 76.16 76.28 76.41 76.69 76.91 77.09 77.28 77.41 77.50 77.56 77.56 77.62 77.66 77.69 77.69 77.75 77.84 77.91 78.00 78.09 78.22 78.34 78.44 78.56 78.72 78.84 79.00 79.19 79.34 79.53 79.72 79.91 80.09 80.31 80.50 80.69 80.91 81.09
77.94 77.91 77.88 77.84 77.81 77.81 77.81 77.78 77.75 77.75 77.69 77.66 77.62 77.56 77.53 77.50 77.47 77.44 77.41 77.38 77.31 77.25 77.19 77.09 76.97 76.84 76.72 76.59 76.50 76.44 76.38 76.31 76.28 76.22 76.16 76.12 76.09 76.09 76.12 76.19 76.34 76.53 76.75 76.97 77.22 77.41 77.56 77.66 77.72 77.75 77.78 77.81 77.84 77.88 77.97 77.97 78.03 78.12 78.22 78.31 78.44 78.53 78.69 78.81 78.94 79.09 79.28 79.44 79.62 79.81 80.00 80.19 80.38 80.59 80.78 80.97 81.19
77.94 77.91 77.91 77.88 77.84 77.84 77.81 77.81 77.78 77.75 77.72 77.69 77.66 77.59 77.56 77.53 77.50 77.47 77.44 77.41 77.34 77.28 77.19 77.09 76.97 76.88 76.72 76.62 76.53 76.47 76.41 76.34 76.28 76.25 76.19 76.19 76.16 76.16 76.19 76.25 76.38 76.50 76.78 77.00 77.25 77.47 77.62 77.72 77.81 77.84 77.88 77.91 77.97 78.03 78.09 78.12 78.19 78.28 78.34 78.41 78.53 78.66 78.78 78.91 79.06 79.22 79.38 79.53 79.72 79.91 80.09 80.28 80.50 80.69 80.88 81.09 81.28
77.97 77.94 77.91 77.91 77.88 77.84 77.84 77.81 77.81 77.78 77.75 77.72 77.69 77.66 77.62 77.59 77.56 77.53 77.47 77.44 77.38 77.28 77.22 77.12 77.00 76.88 76.75 76.66 76.56 76.50 76.44 76.38 76.31 76.28 76.25 76.22 76.22 76.22 76.22 76.28 76.38 76.53 76.78 77.03 77.25 77.47 77.62 77.75 77.81 77.88 77.91 77.97 78.06 78.12 78.22 78.25 78.31 78.41 78.47 78.50 78.66 78.75 78.88 79.00 79.16 79.31 79.47 79.66 79.84 80.00 80.22 80.41 80.59 80.78 81.00 81.19 81.41
78.03 78.00 77.97 77.94 77.91 77.91 77.88 77.84 77.84 77.81 77.78 77.78 77.72 77.69 77.66 77.62 77.59 77.56 77.53 77.47 77.41 77.34 77.25 77.16 77.03 76.94 76.81 76.69 76.62 76.53 76.47 76.41 76.34 76.31 76.28 76.25 76.25 76.28 76.28 76.34 76.44 76.56 76.72 76.97 77.22 77.41 77.56 77.69 77.78 77.84 77.91 78.00 78.09 78.19 78.25 78.34 78.41 78.47 78.53 78.62 78.75 78.84 78.97 79.09 79.25 79.41 79.59 79.75 79.94 80.12 80.31 80.50 80.72 80.91 81.09 81.31 81.50
78.09 78.06 78.00 78.00 77.97 77.94 77.94 77.91 77.91 77.88 77.84 77.81 77.78 77.75 77.72 77.69 77.66 77.62 77.56 77.53 77.47 77.38 77.31 77.22 77.09 77.00 76.88 76.75 76.69 76.59 76.53 76.47 76.41 76.34 76.31 76.28 76.28 76.34 76.38 76.41 76.50 76.59 76.75 76.94 77.16 77.31 77.47 77.59 77.69 77.75 77.84 77.97 78.06 78.19 78.28 78.38 78.47 78.53 78.59 78.72 78.81 78.94 79.06 79.22 79.38 79.53 79.69 79.88 80.06 80.25 80.44 80.62 80.84 81.03 81.22 81.44 81.62
78.19 78.12 78.09 78.06 78.06 78.03 78.03 78.00 77.97 77.97 77.94 77.91 77.88 77.84 77.81 77.78 77.75 77.69 77.66 77.59 77.53 77.44 77.34 77.28 77.16 77.06 76.94 76.84 76.75 76.69 76.59 76.53 76.47 76.44 76.38 76.34 76.34 76.44 76.44 76.47 76.56 76.66 76.78 76.94 77.09 77.25 77.38 77.50 77.59 77.69 77.78 77.91 78.00 78.16 78.28 78.41 78.50 78.59 78.69 78.78 78.88 79.00 79.16 79.31 79.47 79.62 79.81 80.00 80.19 80.38 80.56 80.75 80.97 81.16 81.38 81.56 81.78
78.34 78.28 78.25 78.22 78.19 78.16 78.12 78.12 78.09 78.06 78.03 78.00 77.97 77.94 77.91 77.84 77.81 77.78 77.72 77.66 77.59 77.50 77.44 77.34 77.25 77.12 77.03 76.94 76.84 76.78 76.69 76.62 76.56 76.50 76.47 76.44 76.44 76.53 76.53 76.56 76.59 76.69 76.81 76.94 77.03 77.19 77.31 77.41 77.53 77.62 77.75 77.88 78.00 78.16 78.28 78.41 78.53 78.62 78.72 78.84 78.97 79.09 79.25 79.41 79.56 79.75 79.94 80.09 80.31 80.50 80.69 80.88 81.09 81.28 81.50 81.69 81.91
78.50 78.44 78.41 78.38 78.31 78.28 78.25 78.22 78.19 78.16 78.12 78.09 78.06 78.03 78.00 77.94 77.91 77.84 77.81 77.75 77.66 77.59 77.50 77.44 77.34 77.22 77.12 77.03 76.97 76.88 76.81 76.75 76.69 76.62 76.56 76.53 76.56 76.59 76.59 76.62 76.69 76.75 76.84 76.94 77.06 77.19 77.31 77.41 77.53 77.62 77.78 77.88 78.03 78.19 78.31 78.44 78.56 78.69 78.81 78.94 79.06 79.19 79.34 79.50 79.69 79.88 80.03 80.22 80.44 80.62 80.81 81.03 81.22 81.44 81.66 81.84 82.06
78.69 78.62 78.56 78.53 78.47 78.44 78.41 78.38 78.31 78.28 78.25 78.22 78.19 78.16 78.09 78.06 78.00 77.94 77.91 77.81 77.75 77.69 77.59 77.53 77.44 77.34 77.25 77.16 77.09 77.03 76.94 76.88 76.81 76.75 76.72 76.69 76.69 76.69 76.72 76.72 76.78 76.84 76.91 77.00 77.09 77.19 77.31 77.44 77.56 77.69 77.81 77.94 78.06 78.22 78.38 78.50 78.66 78.78 78.91 79.03 79.16 79.31 79.44 79.62 79.81 80.00 80.19 80.38 80.56 80.75 80.97 81.16 81.38 81.59 81.78 82.00 82.22
78.84 78.78 78.72 78.69 78.62 78.59 78.53 78.50 78.47 78.41 78.38 78.34 78.31 78.28 78.22 78.19 78.12 78.06 78.00 77.94 77.88 77.78 77.72 77.62 77.53 77.47 77.38 77.31 77.22 77.16 77.09 77.03 76.97 76.91 76.84 76.81 76.81 76.84 76.81 76.84 76.88 76.91 76.97 77.06 77.12 77.25 77.34 77.47 77.59 77.72 77.84 77.97 78.12 78.28 78.44 78.59 78.75 78.88 79.03 79.12 79.28 79.44 79.56 79.75 79.94 80.12 80.31 80.50 80.69 80.91 81.12 81.31 81.53 81.75 81.94 82.16 82.38
79.03 78.97 78.91 78.84 78.78 78.75 78.69 78.66 78.59 78.56 78.53 78.47 78.44 78.41 78.34 78.31 78.25 78.19 78.12 78.06 78.00 77.91 77.84 77.75 77.69 77.59 77.50 77.44 77.38 77.31 77.22 77.16 77.09 77.06 77.00 76.97 76.97 76.94 76.97 76.97 76.97 77.00 77.06 77.12 77.22 77.31 77.41 77.53 77.69 77.78 77.94 78.06 78.22 78.38 78.53 78.69 78.84 79.00 79.12 79.28 79.41 79.56 79.69 79.88 80.06 80.25 80.44 80.66 80.84 81.06 81.28 81.47 81.69 81.91 82.12 82.34 82.53
79.22 79.16 79.06 79.00 78.97 78.91 78.84 78.81 78.75 78.72 78.69 78.62 78.59 78.53 78.50 78.44 78.38 78.31 78.25 78.19 78.12 78.06 77.97 77.91 77.81 77.72 77.66 77.59 77.53 77.44 77.38 77.31 77.25 77.22 77.16 77.12 77.12 77.09 77.09 77.09 77.12 77.16 77.19 77.25 77.31 77.41 77.53 77.66 77.78 77.88 78.00 78.16 78.31 78.47 78.62 78.78 78.97 79.12 79.25 79.41 79.53 79.69 79.84 80.00 80.19 80.38 80.59 80.78 81.00 81.22 81.44 81.66 81.88 82.09 82.28 82.50 82.72
79.38 79.31 79.25 79.19 79.12 79.06 79.03 78.97 78.94 78.88 78.84 78.78 78.75 78.69 78.66 78.59 78.53 78.47 78.41 78.34 78.28 78.19 78.12 78.03 77.97 77.88 77.81 77.75 77.66 77.59 77.53 77.47 77.41 77.38 77.31 77.28 77.25 77.25 77.25 77.25 77.25 77.28 77.34 77.38 77.44 77.56 77.66 77.75 77.88 78.00 78.16 78.28 78.44 78.59 78.72 78.91 79.06 79.22 79.38 79.53 79.69 79.84 80.00 80.16 80.34 80.53 80.75 80.94 81.16 81.38 81.59 81.81 82.03 82.28 82.47 82.69 82.91
79.56 79.47 79.41 79.34 79.31 79.25 79.19 79.16 79.09 79.06 79.00 78.97 78.91 78.84 78.81 78.75 78.69 78.62 78.56 78.50 78.44 78.34 78.28 78.19 78.12 78.03 77.97 77.91 77.81 77.75 77.69 77.62 77.56 77.50 77.47 77.44 77.41 77.41 77.41 77.41 77.41 77.44 77.47 77.53 77.59 77.72 77.81 77.91 78.03 78.16 78.28 78.41 78.56 78.69 78.84 79.00 79.16 79.34 79.50 79.69 79.84 80.00 80.16 80.31 80.50 80.69 80.91 81.12 81.34 81.56 81.78 82.03 82.25 82.47 82.69 82.91 83.12
79.72 79.66 79.59 79.53 79.47 79.41 79.38 79.31 79.28 79.22 79.19 79.12 79.06 79.03 78.97 78.91 78.84 78.78 78.72 78.66 78.59 78.50 78.44 78.34 78.28 78.19 78.12 78.06 77.97 77.91 77.84 77.78 77.72 77.66 77.62 77.59 77.56 77.56 77.56 77.56 77.56 77.59 77.66 77.69 77.81 77.91 78.00 78.09 78.19 78.28 78.44 78.53 78.69 78.84 78.97 79.16 79.31 79.50 79.66 79.81 80.00 80.16 80.31 80.50 80.69 80.88 81.09 81.31 81.53 81.78 82.00 82.22 82.44 82.69 82.91 83.12 83.31
79.88 79.81 79.75 79.69 79.66 79.59 79.53 79.50 79.44 79.41 79.34 79.31 79.25 79.19 79.12 79.09 79.03 78.94 78.88 78.81 78.75 78.66 78.59 78.50 78.44 78.34 78.28 78.22 78.12 78.06 78.00 77.94 77.88 77.81 77.78 77.75 77.72 77.72 77.72 77.75 77.75 77.78 77.81 77.88 77.97 78.06 78.16 78.28 78.41 78.50 78.59 78.72 78.84 78.97 79.12 79.31 79.50 79.66 79.84 80.00 80.16 80.31 80.50 80.69 80.88 81.06 81.31 81.53 81.78 82.00 82.22 82.47 82.69 82.91 83.12 83.34 83.56
80.03 79.97 79.91 79.88 79.81 79.75 79.72 79.66 79.62 79.56 79.53 79.47 79.41 79.38 79.31 79.25 79.19 79.12 79.06 78.97 78.91 78.84 78.75 78.69 78.59 78.53 78.44 78.34 78.28 78.22 78.12 78.06 78.03 77.97 77.94 77.91 77.88 77.91 77.91 77.91 77.94 77.94 77.97 78.06 78.12 78.25 78.34 78.47 78.56 78.69 78.78 78.91 79.03 79.16 79.31 79.50 79.69 79.88 80.03 80.19 80.38 80.53 80.72 80.91 81.09 81.34 81.53 81.81 82.03 82.25 82.47 82.72 82.94 83.16 83.38 83.59 83.81
