everonasctiles/Tile7,15.asc
ncols 128
nrows 128
xllcorner 0
yllcorner 0
cellsize 2.0
NODATA_value  -9999
[rows 0 to 31 of 128, columns 0 to 70 of 128]
-66.50 -67.38 -68.00 -68.50 -68.88 -69.00 -69.22 -69.47 -69.69 -69.88 -70.03 -70.28 -70.12 -70.31 -70.53 -70.69 -70.84 -71.03 -71.38 -71.72 -72.03 -72.28 -72.47 -72.62 -72.81 -73.00 -73.22 -73.41 -73.56 -73.69 -73.78 -73.88 -74.00 -74.06 -74.12 -74.19 -74.19 -74.12 -74.00 -73.88 -73.78 -73.78 -73.88 -74.00 -74.09 -74.12 -74.09 -73.97 -73.81 -73.62 -73.50 -73.44 -73.50 -73.59 -73.75 -73.91 -74.06 -74.22 -74.38 -74.53 -74.62 -74.62 -74.50 -74.31 -74.00 -73.69 -73.31 -73.00 -72.72 -72.59 -72.59
-66.12 -67.03 -67.66 -68.06 -68.34 -68.62 -68.84 -69.06 -69.28 -69.47 -69.62 -69.66 -69.81 -70.03 -69.97 -70.19 -70.47 -70.75 -71.06 -71.44 -71.75 -71.94 -72.12 -72.28 -72.44 -72.66 -72.88 -73.06 -73.25 -73.38 -73.50 -73.62 -73.72 -73.81 -73.91 -73.94 -73.94 -73.88 -73.75 -73.62 -73.50 -73.50 -73.59 -73.69 -73.78 -73.84 -73.84 -73.75 -73.62 -73.47 -73.34 -73.31 -73.31 -73.41 -73.53 -73.66 -73.81 -73.94 -74.12 -74.28 -74.38 -74.38 -74.25 -74.03 -73.75 -73.38 -72.97 -72.62 -72.34 -72.19 -72.19
-66.19 -66.88 -67.28 -67.56 -67.91 -68.25 -68.38 -68.47 -68.88 -68.97 -69.09 -69.41 -69.41 -69.47 -69.53 -69.75 -70.09 -70.47 -70.81 -71.06 -71.47 -71.56 -71.72 -71.91 -72.09 -72.28 -72.47 -72.69 -72.91 -73.06 -73.19 -73.34 -73.44 -73.56 -73.62 -73.69 -73.69 -73.62 -73.50 -73.38 -73.28 -73.25 -73.28 -73.38 -73.47 -73.53 -73.53 -73.50 -73.41 -73.28 -73.19 -73.12 -73.12 -73.19 -73.28 -73.38 -73.50 -73.66 -73.84 -74.00 -74.09 -74.06 -73.97 -73.75 -73.41 -73.03 -72.66 -72.28 -72.00 -71.84 -71.84
-65.75 -66.56 -67.03 -67.28 -67.41 -67.72 -68.03 -68.25 -68.47 -68.59 -68.75 -68.94 -68.88 -68.94 -69.09 -69.34 -69.91 -70.22 -70.44 -70.72 -71.12 -71.25 -71.44 -71.59 -71.75 -71.91 -72.09 -72.31 -72.53 -72.72 -72.88 -73.03 -73.16 -73.28 -73.38 -73.41 -73.41 -73.34 -73.25 -73.12 -73.03 -73.00 -73.00 -73.03 -73.12 -73.19 -73.22 -73.22 -73.16 -73.09 -73.00 -72.94 -72.91 -72.94 -73.00 -73.09 -73.22 -73.41 -73.56 -73.72 -73.78 -73.75 -73.62 -73.38 -73.09 -72.72 -72.34 -72.03 -71.75 -71.62 -71.62
-65.22 -65.84 -66.34 -66.84 -67.03 -67.34 -67.66 -67.88 -68.00 -68.12 -68.25 -68.34 -68.44 -68.53 -68.75 -69.09 -69.75 -69.88 -70.16 -70.38 -70.78 -71.00 -71.16 -71.28 -71.44 -71.56 -71.75 -71.94 -72.16 -72.38 -72.56 -72.72 -72.88 -73.00 -73.09 -73.16 -73.16 -73.09 -73.00 -72.88 -72.78 -72.72 -72.69 -72.69 -72.75 -72.78 -72.84 -72.88 -72.88 -72.84 -72.78 -72.72 -72.69 -72.69 -72.72 -72.78 -72.94 -73.12 -73.31 -73.44 -73.47 -73.41 -73.25 -73.03 -72.75 -72.44 -72.12 -71.84 -71.62 -71.50 -71.50
-64.81 -65.28 -65.75 -66.16 -66.50 -66.91 -67.16 -67.31 -67.56 -67.66 -67.66 -67.75 -67.91 -68.12 -68.41 -68.72 -69.12 -69.50 -69.88 -70.12 -70.38 -70.66 -70.88 -71.00 -71.16 -71.28 -71.44 -71.59 -71.81 -72.03 -72.22 -72.44 -72.59 -72.75 -72.84 -72.88 -72.88 -72.81 -72.72 -72.62 -72.53 -72.47 -72.41 -72.38 -72.38 -72.44 -72.50 -72.56 -72.59 -72.59 -72.56 -72.50 -72.47 -72.44 -72.44 -72.53 -72.69 -72.88 -73.06 -73.16 -73.16 -73.06 -72.88 -72.66 -72.44 -72.19 -71.94 -71.72 -71.56 -71.47 -71.47
-64.69 -64.94 -65.34 -65.50 -65.84 -66.31 -66.66 -66.84 -66.94 -67.03 -66.97 -67.06 -67.31 -67.62 -68.06 -68.41 -68.78 -69.06 -69.38 -69.69 -70.03 -70.31 -70.59 -70.72 -70.88 -71.00 -71.16 -71.31 -71.50 -71.69 -71.91 -72.12 -72.31 -72.44 -72.56 -72.59 -72.59 -72.53 -72.44 -72.34 -72.28 -72.25 -72.16 -72.09 -72.06 -72.09 -72.16 -72.22 -72.28 -72.34 -72.34 -72.31 -72.25 -72.22 -72.22 -72.31 -72.47 -72.62 -72.78 -72.88 -72.84 -72.72 -72.53 -72.31 -72.12 -71.94 -71.78 -71.62 -71.53 -71.47 -71.47
-64.06 -64.41 -64.94 -64.94 -65.34 -65.72 -65.97 -66.25 -66.41 -66.50 -66.38 -66.41 -66.81 -67.28 -67.78 -68.09 -68.44 -68.56 -68.88 -69.16 -69.50 -69.84 -70.16 -70.34 -70.53 -70.72 -70.88 -71.03 -71.22 -71.41 -71.59 -71.81 -72.00 -72.16 -72.25 -72.31 -72.28 -72.22 -72.12 -72.06 -72.03 -72.00 -71.94 -71.84 -71.78 -71.78 -71.81 -71.91 -72.00 -72.09 -72.12 -72.12 -72.06 -72.03 -72.03 -72.12 -72.25 -72.41 -72.53 -72.56 -72.53 -72.41 -72.22 -72.00 -71.84 -71.72 -71.62 -71.53 -71.50 -71.50 -71.50
-63.53 -63.91 -64.41 -64.62 -64.78 -65.19 -65.25 -65.56 -65.69 -65.84 -65.88 -66.03 -66.41 -66.84 -67.41 -67.81 -68.00 -68.25 -68.47 -68.53 -68.84 -69.28 -69.62 -69.91 -70.16 -70.34 -70.53 -70.72 -70.91 -71.09 -71.28 -71.50 -71.69 -71.84 -71.94 -72.00 -71.97 -71.91 -71.81 -71.78 -71.75 -71.75 -71.72 -71.62 -71.50 -71.47 -71.50 -71.59 -71.72 -71.84 -71.94 -71.94 -71.91 -71.88 -71.91 -71.97 -72.09 -72.22 -72.31 -72.31 -72.25 -72.12 -71.97 -71.78 -71.62 -71.50 -71.47 -71.44 -71.47 -71.50 -71.53
-62.94 -63.34 -63.88 -64.09 -64.41 -64.59 -64.62 -64.81 -65.06 -65.22 -65.44 -65.62 -65.94 -66.53 -66.84 -67.12 -67.59 -67.88 -67.88 -68.06 -68.25 -68.72 -69.06 -69.38 -69.69 -69.94 -70.16 -70.38 -70.56 -70.75 -70.94 -71.16 -71.34 -71.53 -71.62 -71.66 -71.66 -71.59 -71.50 -71.47 -71.47 -71.47 -71.44 -71.31 -71.19 -71.12 -71.16 -71.28 -71.44 -71.59 -71.69 -71.72 -71.72 -71.72 -71.75 -71.84 -71.94 -72.03 -72.09 -72.09 -72.06 -71.94 -71.78 -71.59 -71.44 -71.34 -71.34 -71.38 -71.41 -71.47 -71.50
-62.25 -62.62 -63.03 -63.50 -64.00 -64.06 -64.03 -64.06 -64.44 -64.59 -64.84 -65.22 -65.69 -66.19 -66.50 -66.81 -67.09 -67.31 -67.41 -67.53 -67.69 -68.12 -68.53 -68.88 -69.19 -69.47 -69.72 -69.97 -70.16 -70.38 -70.59 -70.81 -71.03 -71.19 -71.31 -71.34 -71.31 -71.25 -71.19 -71.16 -71.16 -71.16 -71.12 -71.00 -70.88 -70.78 -70.81 -70.94 -71.12 -71.28 -71.41 -71.47 -71.50 -71.53 -71.59 -71.66 -71.72 -71.81 -71.88 -71.91 -71.88 -71.78 -71.66 -71.47 -71.31 -71.22 -71.22 -71.28 -71.31 -71.38 -71.44
-61.84 -62.16 -62.47 -62.91 -63.22 -63.50 -63.41 -63.34 -63.59 -64.06 -64.38 -64.78 -65.25 -65.78 -66.16 -66.31 -66.56 -66.81 -67.00 -67.19 -67.41 -67.75 -68.09 -68.41 -68.69 -68.97 -69.22 -69.47 -69.72 -69.94 -70.19 -70.44 -70.66 -70.84 -71.00 -71.03 -71.03 -70.97 -70.88 -70.84 -70.81 -70.81 -70.75 -70.66 -70.53 -70.47 -70.47 -70.59 -70.75 -70.94 -71.06 -71.19 -71.25 -71.31 -71.38 -71.44 -71.50 -71.56 -71.62 -71.69 -71.69 -71.62 -71.53 -71.38 -71.22 -71.12 -71.12 -71.12 -71.19 -71.25 -71.28
-61.25 -61.59 -62.00 -62.38 -62.62 -62.75 -62.72 -62.88 -63.09 -63.44 -63.84 -64.09 -64.62 -65.03 -65.59 -65.75 -66.09 -66.28 -66.50 -66.84 -67.22 -67.41 -67.72 -67.97 -68.22 -68.47 -68.72 -68.97 -69.25 -69.50 -69.78 -70.06 -70.31 -70.53 -70.69 -70.75 -70.75 -70.69 -70.59 -70.53 -70.50 -70.47 -70.44 -70.34 -70.22 -70.12 -70.12 -70.22 -70.38 -70.56 -70.72 -70.84 -70.94 -71.03 -71.09 -71.16 -71.22 -71.28 -71.38 -71.44 -71.47 -71.47 -71.38 -71.25 -71.12 -71.03 -71.00 -71.00 -71.00 -71.03 -71.09
-60.62 -61.06 -61.41 -61.72 -61.88 -62.00 -61.91 -62.09 -62.47 -62.91 -63.47 -63.84 -64.09 -64.34 -64.91 -65.22 -65.53 -65.72 -65.94 -66.34 -66.69 -67.09 -67.38 -67.59 -67.81 -68.03 -68.25 -68.50 -68.78 -69.09 -69.38 -69.69 -69.97 -70.22 -70.38 -70.47 -70.47 -70.44 -70.34 -70.28 -70.22 -70.19 -70.12 -70.00 -69.91 -69.81 -69.78 -69.84 -70.00 -70.19 -70.38 -70.50 -70.62 -70.72 -70.78 -70.81 -70.91 -70.97 -71.09 -71.19 -71.25 -71.25 -71.22 -71.12 -71.00 -70.91 -70.84 -70.81 -70.78 -70.81 -70.84
-60.12 -60.44 -60.88 -61.03 -61.12 -61.41 -61.41 -61.44 -61.62 -62.25 -63.06 -63.56 -63.66 -63.78 -64.31 -64.56 -64.88 -65.19 -65.47 -65.97 -66.41 -66.72 -67.00 -67.25 -67.44 -67.62 -67.84 -68.09 -68.34 -68.66 -69.00 -69.34 -69.66 -69.91 -70.09 -70.19 -70.22 -70.19 -70.12 -70.03 -69.97 -69.91 -69.84 -69.72 -69.59 -69.50 -69.47 -69.53 -69.66 -69.81 -70.00 -70.16 -70.28 -70.34 -70.41 -70.47 -70.53 -70.66 -70.75 -70.88 -70.97 -71.03 -71.00 -70.94 -70.88 -70.78 -70.69 -70.62 -70.56 -70.56 -70.59
-59.75 -60.06 -60.25 -60.44 -60.62 -60.97 -60.94 -60.91 -61.16 -61.75 -62.25 -62.66 -63.12 -63.41 -63.78 -63.94 -64.38 -64.66 -64.97 -65.72 -66.00 -66.34 -66.62 -66.88 -67.06 -67.25 -67.47 -67.72 -67.97 -68.31 -68.66 -69.00 -69.34 -69.59 -69.78 -69.91 -69.97 -69.94 -69.88 -69.81 -69.75 -69.66 -69.56 -69.44 -69.31 -69.19 -69.16 -69.19 -69.31 -69.47 -69.66 -69.78 -69.91 -69.97 -70.03 -70.09 -70.16 -70.28 -70.41 -70.56 -70.69 -70.75 -70.78 -70.75 -70.69 -70.59 -70.50 -70.38 -70.31 -70.28 -70.31
-59.47 -59.69 -59.97 -60.06 -60.06 -60.38 -60.25 -60.47 -60.69 -61.25 -61.69 -62.12 -62.50 -62.88 -63.16 -63.41 -63.66 -63.97 -64.31 -64.88 -65.47 -65.94 -66.31 -66.50 -66.69 -66.88 -67.09 -67.38 -67.66 -67.97 -68.34 -68.69 -69.03 -69.28 -69.50 -69.62 -69.69 -69.69 -69.66 -69.56 -69.50 -69.41 -69.28 -69.16 -69.00 -68.91 -68.84 -68.84 -68.94 -69.06 -69.25 -69.41 -69.50 -69.56 -69.62 -69.69 -69.78 -69.91 -70.06 -70.22 -70.38 -70.47 -70.53 -70.50 -70.44 -70.34 -70.25 -70.16 -70.06 -70.03 -70.03
-59.19 -59.47 -59.53 -59.56 -59.69 -59.84 -59.62 -59.81 -60.19 -60.50 -61.00 -61.56 -61.91 -62.22 -62.53 -62.72 -62.84 -63.38 -63.72 -64.19 -64.88 -65.47 -65.94 -66.19 -66.28 -66.47 -66.75 -67.03 -67.34 -67.69 -68.06 -68.41 -68.72 -68.97 -69.16 -69.31 -69.38 -69.41 -69.38 -69.31 -69.22 -69.12 -69.00 -68.84 -68.72 -68.56 -68.50 -68.47 -68.50 -68.66 -68.81 -68.97 -69.06 -69.12 -69.19 -69.25 -69.34 -69.50 -69.69 -69.88 -70.06 -70.19 -70.25 -70.25 -70.19 -70.09 -70.00 -69.91 -69.81 -69.75 -69.75
-58.84 -59.03 -59.06 -59.03 -59.19 -59.34 -59.25 -59.47 -59.69 -60.03 -60.66 -61.16 -61.50 -61.62 -61.81 -62.09 -62.34 -62.88 -63.25 -63.88 -64.44 -64.97 -65.41 -65.72 -65.88 -66.06 -66.34 -66.69 -67.06 -67.44 -67.78 -68.12 -68.41 -68.66 -68.84 -68.97 -69.06 -69.09 -69.06 -69.00 -68.94 -68.81 -68.69 -68.53 -68.41 -68.25 -68.12 -68.06 -68.09 -68.19 -68.38 -68.53 -68.62 -68.72 -68.78 -68.84 -68.94 -69.09 -69.28 -69.50 -69.69 -69.84 -69.94 -69.94 -69.91 -69.84 -69.75 -69.66 -69.56 -69.47 -69.47
-58.50 -58.59 -58.66 -58.75 -58.97 -59.00 -58.81 -59.16 -59.50 -59.88 -60.47 -60.84 -61.16 -61.25 -61.38 -61.38 -61.66 -62.34 -62.72 -63.53 -64.09 -64.59 -64.78 -65.09 -65.34 -65.59 -65.97 -66.34 -66.75 -67.16 -67.50 -67.84 -68.09 -68.31 -68.50 -68.62 -68.72 -68.75 -68.72 -68.69 -68.62 -68.53 -68.41 -68.25 -68.09 -67.91 -67.75 -67.66 -67.66 -67.75 -67.91 -68.09 -68.22 -68.31 -68.38 -68.44 -68.53 -68.69 -68.91 -69.12 -69.34 -69.50 -69.62 -69.66 -69.62 -69.56 -69.50 -69.41 -69.31 -69.25 -69.22
-58.12 -58.19 -58.31 -58.25 -58.44 -58.59 -58.62 -59.06 -59.38 -59.62 -60.28 -60.56 -60.94 -60.94 -60.91 -60.75 -61.25 -61.72 -62.22 -63.06 -63.69 -64.00 -64.25 -64.56 -64.91 -65.25 -65.62 -66.03 -66.44 -66.84 -67.19 -67.50 -67.75 -67.97 -68.16 -68.28 -68.34 -68.38 -68.38 -68.34 -68.28 -68.19 -68.09 -67.94 -67.78 -67.59 -67.41 -67.28 -67.25 -67.34 -67.50 -67.69 -67.84 -67.97 -68.03 -68.09 -68.19 -68.31 -68.53 -68.75 -68.97 -69.16 -69.28 -69.34 -69.34 -69.31 -69.25 -69.16 -69.06 -69.00 -68.97
-57.72 -57.75 -57.94 -57.81 -58.12 -58.31 -58.66 -59.00 -59.34 -59.78 -60.09 -60.38 -60.59 -60.56 -60.53 -60.50 -61.03 -61.31 -62.00 -62.75 -63.19 -63.44 -63.78 -64.12 -64.53 -64.91 -65.34 -65.75 -66.16 -66.53 -66.84 -67.16 -67.41 -67.59 -67.78 -67.91 -68.00 -68.03 -68.00 -67.97 -67.94 -67.88 -67.75 -67.62 -67.47 -67.28 -67.09 -66.94 -66.88 -66.97 -67.16 -67.34 -67.53 -67.66 -67.72 -67.75 -67.81 -67.97 -68.16 -68.38 -68.59 -68.78 -68.94 -69.03 -69.06 -69.06 -69.00 -68.94 -68.84 -68.78 -68.72
-57.19 -57.34 -57.66 -57.78 -57.88 -58.06 -58.38 -58.91 -59.47 -59.97 -59.94 -60.12 -60.19 -60.28 -60.34 -60.25 -60.44 -61.00 -61.88 -62.28 -62.59 -62.88 -63.41 -63.78 -64.25 -64.59 -65.06 -65.50 -65.84 -66.19 -66.50 -66.75 -67.00 -67.25 -67.41 -67.53 -67.62 -67.66 -67.66 -67.62 -67.59 -67.53 -67.44 -67.31 -67.16 -66.97 -66.78 -66.62 -66.59 -66.66 -66.84 -67.06 -67.22 -67.34 -67.38 -67.41 -67.44 -67.56 -67.75 -68.00 -68.22 -68.41 -68.59 -68.69 -68.75 -68.78 -68.75 -68.69 -68.59 -68.50 -68.47
-56.81 -57.09 -57.38 -57.66 -57.88 -58.03 -58.25 -58.81 -59.25 -59.53 -59.62 -59.84 -60.00 -60.06 -60.09 -59.97 -60.31 -60.94 -61.44 -61.75 -62.06 -62.41 -62.97 -63.41 -63.97 -64.41 -64.88 -65.25 -65.59 -65.88 -66.12 -66.38 -66.62 -66.84 -67.03 -67.16 -67.25 -67.28 -67.28 -67.25 -67.25 -67.19 -67.12 -67.00 -66.88 -66.69 -66.50 -66.38 -66.34 -66.41 -66.56 -66.75 -66.91 -66.97 -66.97 -66.97 -67.00 -67.12 -67.31 -67.56 -67.78 -68.00 -68.19 -68.31 -68.41 -68.47 -68.47 -68.41 -68.31 -68.22 -68.19
-56.44 -56.78 -57.03 -57.41 -57.59 -57.88 -58.09 -58.44 -58.81 -59.19 -59.34 -59.41 -59.47 -59.59 -59.62 -59.62 -59.88 -60.59 -60.91 -61.28 -61.50 -62.03 -62.62 -63.06 -63.56 -64.12 -64.66 -65.03 -65.28 -65.53 -65.75 -66.00 -66.22 -66.47 -66.66 -66.78 -66.84 -66.88 -66.88 -66.88 -66.88 -66.84 -66.78 -66.72 -66.59 -66.44 -66.28 -66.16 -66.12 -66.19 -66.31 -66.44 -66.53 -66.56 -66.53 -66.50 -66.53 -66.62 -66.84 -67.09 -67.34 -67.56 -67.75 -67.91 -68.03 -68.12 -68.12 -68.06 -68.00 -67.91 -67.84
-56.03 -56.34 -56.66 -56.97 -57.22 -57.41 -57.59 -58.03 -58.38 -58.69 -58.91 -58.88 -59.00 -59.22 -59.47 -59.56 -59.72 -60.09 -60.44 -60.88 -61.25 -61.66 -62.22 -62.75 -63.28 -63.88 -64.34 -64.69 -64.94 -65.16 -65.38 -65.59 -65.84 -66.09 -66.28 -66.38 -66.44 -66.47 -66.47 -66.50 -66.50 -66.50 -66.47 -66.41 -66.28 -66.19 -66.03 -65.94 -65.91 -65.94 -66.03 -66.09 -66.16 -66.12 -66.06 -66.03 -66.03 -66.12 -66.31 -66.59 -66.84 -67.06 -67.25 -67.44 -67.59 -67.72 -67.75 -67.72 -67.66 -67.56 -67.53
-55.59 -55.84 -56.19 -56.38 -56.59 -56.81 -57.25 -57.56 -57.84 -58.25 -58.47 -58.44 -58.66 -58.84 -59.09 -59.25 -59.47 -59.81 -60.22 -60.53 -60.88 -61.38 -61.75 -62.25 -62.88 -63.44 -63.91 -64.28 -64.56 -64.78 -65.00 -65.22 -65.47 -65.69 -65.88 -66.00 -66.03 -66.06 -66.06 -66.06 -66.09 -66.09 -66.09 -66.06 -66.00 -65.91 -65.81 -65.72 -65.69 -65.66 -65.69 -65.75 -65.75 -65.72 -65.66 -65.59 -65.56 -65.66 -65.81 -66.06 -66.28 -66.53 -66.72 -66.94 -67.12 -67.28 -67.34 -67.34 -67.28 -67.22 -67.19
-55.03 -55.28 -55.56 -55.72 -56.03 -56.38 -56.81 -57.12 -57.34 -57.62 -57.94 -58.06 -58.31 -58.44 -58.66 -58.72 -59.09 -59.66 -60.00 -60.16 -60.31 -60.88 -61.25 -61.78 -62.38 -62.91 -63.44 -63.88 -64.12 -64.38 -64.59 -64.81 -65.06 -65.28 -65.47 -65.56 -65.62 -65.62 -65.62 -65.62 -65.66 -65.69 -65.69 -65.69 -65.66 -65.59 -65.53 -65.47 -65.38 -65.34 -65.34 -65.38 -65.38 -65.34 -65.28 -65.22 -65.19 -65.25 -65.38 -65.56 -65.78 -66.00 -66.22 -66.44 -66.66 -66.81 -66.91 -66.94 -66.91 -66.88 -66.84
-54.38 -54.66 -54.75 -55.03 -55.47 -55.97 -56.34 -56.62 -56.78 -57.12 -57.38 -57.66 -57.94 -58.16 -58.28 -58.44 -58.81 -59.25 -59.59 -59.94 -59.88 -60.12 -60.50 -61.12 -61.81 -62.47 -63.00 -63.38 -63.69 -63.94 -64.19 -64.41 -64.62 -64.84 -65.03 -65.12 -65.19 -65.19 -65.19 -65.19 -65.22 -65.25 -65.25 -65.28 -65.28 -65.25 -65.19 -65.12 -65.03 -64.97 -64.94 -64.97 -65.00 -65.00 -65.00 -64.97 -64.91 -64.91 -64.97 -65.12 -65.31 -65.50 -65.75 -65.97 -66.19 -66.38 -66.50 -66.53 -66.53 -66.53 -66.53
-53.78 -54.00 -54.16 -54.44 -54.78 -55.25 -55.69 -56.09 -56.34 -56.50 -56.69 -57.00 -57.41 -57.81 -58.19 -58.28 -58.62 -58.91 -59.25 -59.47 -59.47 -59.53 -59.84 -60.47 -61.00 -61.88 -62.41 -62.88 -63.19 -63.50 -63.75 -63.94 -64.16 -64.38 -64.56 -64.69 -64.72 -64.72 -64.72 -64.72 -64.75 -64.78 -64.81 -64.84 -64.84 -64.81 -64.78 -64.69 -64.59 -64.53 -64.50 -64.53 -64.59 -64.69 -64.72 -64.72 -64.66 -64.62 -64.66 -64.75 -64.91 -65.09 -65.31 -65.53 -65.75 -65.94 -66.06 -66.12 -66.16 -66.19 -66.19
-52.97 -53.34 -53.50 -53.75 -54.06 -54.62 -55.12 -55.59 -55.97 -56.19 -56.31 -56.53 -56.78 -57.25 -57.69 -57.84 -58.38 -58.69 -58.75 -58.75 -58.56 -58.81 -59.47 -60.06 -60.25 -61.16 -61.78 -62.31 -62.72 -63.03 -63.28 -63.44 -63.62 -63.88 -64.09 -64.22 -64.25 -64.25 -64.25 -64.25 -64.28 -64.31 -64.34 -64.38 -64.38 -64.34 -64.28 -64.19 -64.09 -64.00 -64.00 -64.06 -64.16 -64.31 -64.41 -64.47 -64.41 -64.38 -64.34 -64.41 -64.53 -64.72 -64.94 -65.16 -65.34 -65.53 -65.66 -65.75 -65.81 -65.88 -65.91
-52.34 -52.47 -52.72 -53.03 -53.50 -53.97 -54.62 -55.06 -55.47 -55.75 -56.00 -56.06 -56.19 -56.53 -56.94 -57.34 -57.88 -58.06 -58.28 -58.31 -58.34 -58.09 -58.78 -59.50 -59.94 -60.59 -61.22 -61.75 -62.22 -62.53 -62.69 -62.84 -63.09 -63.34 -63.56 -63.69 -63.75 -63.78 -63.78 -63.78 -63.81 -63.84 -63.84 -63.88 -63.84 -63.81 -63.72 -63.62 -63.53 -63.47 -63.47 -63.56 -63.72 -63.91 -64.03 -64.09 -64.09 -64.03 -64.00 -64.03 -64.16 -64.34 -64.56 -64.75 -64.94 -65.12 -65.25 -65.38 -65.47 -65.56 -65.62
