everonasctiles/Tile5,43.asc
ncols 128
nrows 128
xllcorner 0
yllcorner 0
cellsize 2.0
NODATA_value  -9999
[rows 0 to 33 of 128, columns 0 to 74 of 128]
0.59 0.59 0.59 0.59 0.59 0.59 0.59 0.59 0.59 0.59 0.59 0.62 0.81 1.06 1.16 1.56 2.16 2.69 3.06 3.44 3.72 3.91 4.25 4.66 4.84 5.06 5.38 5.69 5.94 6.38 6.69 7.09 7.06 7.22 7.22 6.97 6.72 6.41 6.12 5.84 5.72 6.22 7.53 8.16 8.62 9.31 10.47 10.38 10.41 12.03 12.78 13.53 14.41 14.97 15.28 16.09 17.12 17.84 18.38 18.75 19.00 19.16 19.28 19.31 19.25 19.16 19.53 19.75 18.69 18.09 17.66 17.19 16.66 16.12 15.59
0.59 0.59 0.59 0.59 0.59 0.59 0.59 0.59 0.59 0.59 0.59 0.59 0.59 0.59 0.59 0.94 1.56 1.97 2.38 2.88 3.16 3.38 3.59 3.97 4.25 4.62 5.00 5.31 5.53 5.97 6.22 6.12 6.25 6.28 6.16 6.06 6.06 6.12 6.03 5.75 5.66 5.56 6.12 7.56 8.03 8.66 9.50 9.75 9.88 11.06 11.69 12.50 13.41 14.00 14.53 15.28 16.19 16.88 17.38 17.72 18.00 18.22 18.41 18.50 18.50 18.41 18.41 18.28 17.75 17.41 17.00 17.03 15.97 15.41 14.84
0.69 0.59 0.59 0.59 0.59 0.59 0.59 0.59 0.59 0.59 0.59 0.59 0.59 0.59 0.59 0.62 0.88 1.03 1.62 2.22 2.69 2.97 3.16 3.41 3.75 4.25 4.72 5.00 5.28 5.38 5.59 5.59 5.69 5.72 5.69 5.50 5.22 4.88 4.81 5.41 5.56 5.59 5.66 6.38 7.44 8.53 9.00 9.16 9.53 10.28 10.72 11.56 12.38 12.84 13.47 14.31 15.19 15.94 16.34 16.66 16.94 17.22 17.44 17.59 17.62 17.69 17.41 17.22 16.97 16.62 16.31 15.75 15.50 15.03 14.06
1.75 1.91 1.25 0.66 0.59 0.59 0.59 0.59 0.59 0.59 0.59 0.59 0.59 0.59 0.59 0.59 0.59 0.59 0.97 1.56 1.91 2.00 2.81 2.94 3.22 3.72 4.31 4.66 4.81 5.12 4.97 5.00 5.09 5.19 5.19 5.06 4.81 4.50 4.38 4.31 5.12 5.66 5.84 6.44 7.19 8.28 8.47 8.59 9.16 9.72 10.03 10.66 11.28 11.56 12.22 13.19 14.12 14.88 15.28 15.56 15.88 16.22 16.50 16.66 16.72 16.69 16.53 16.34 16.09 15.78 15.41 15.16 15.47 14.09 13.34
2.84 2.91 2.84 2.38 1.78 1.25 0.69 0.59 0.59 0.59 0.59 0.59 0.59 0.59 0.59 0.59 0.59 0.59 0.62 0.88 1.00 1.06 1.94 2.47 2.72 3.16 3.75 4.25 4.38 4.53 4.38 4.44 4.66 4.62 4.69 4.62 4.53 4.34 4.19 4.16 4.34 5.22 5.91 6.53 7.12 7.66 7.94 7.94 8.78 9.28 9.56 9.88 10.31 10.47 11.00 11.94 12.91 13.72 14.19 14.53 14.88 15.22 15.50 15.69 15.75 15.72 15.62 15.44 15.22 14.94 14.75 14.88 14.91 14.31 12.75
3.06 3.19 3.06 2.69 2.34 2.22 1.88 0.94 0.59 0.59 0.59 0.59 0.59 0.59 0.59 0.59 0.59 0.59 0.59 0.59 0.59 1.06 1.84 2.22 2.50 2.81 3.31 3.78 4.31 3.97 3.94 3.97 4.31 4.25 4.28 4.34 4.34 4.25 4.12 4.19 4.41 4.78 5.25 5.88 6.56 7.31 7.34 7.38 8.38 8.84 9.19 9.34 9.44 9.56 10.06 10.94 11.88 12.62 13.16 13.53 13.94 14.28 14.53 14.69 14.75 14.75 14.66 14.50 14.31 14.03 13.72 13.53 13.50 13.62 11.97
3.22 3.38 3.16 2.62 2.12 1.97 2.00 2.09 2.25 2.44 0.69 0.59 0.59 0.59 0.59 0.59 0.59 0.59 0.59 0.59 0.59 1.16 1.78 2.03 2.31 2.59 2.88 2.97 3.22 3.47 3.59 3.91 4.44 4.09 4.00 4.16 4.25 4.19 4.19 4.28 4.50 4.78 5.19 5.72 6.28 6.78 6.78 6.81 7.75 8.25 8.62 8.78 8.75 8.88 9.31 10.12 10.94 11.66 12.22 12.66 13.00 13.31 13.50 13.62 13.69 13.72 13.62 13.12 13.47 13.00 12.78 12.62 12.12 11.88 11.47
2.91 2.97 2.66 2.22 1.75 1.62 1.66 1.75 1.88 2.03 1.81 0.69 0.59 0.59 0.59 0.59 0.59 0.59 0.59 0.59 0.59 1.03 1.62 2.03 2.25 2.50 2.75 2.81 2.88 3.03 3.28 3.44 4.00 4.00 3.81 3.94 4.09 4.22 4.22 4.28 4.44 4.66 5.00 5.44 5.88 6.19 6.22 6.25 7.00 7.41 7.69 7.91 8.03 8.19 8.66 9.41 10.16 10.81 11.38 11.78 12.09 12.31 12.47 12.56 12.62 12.66 12.62 12.53 12.97 12.81 12.19 11.84 11.72 10.94 10.50
2.19 2.12 1.91 1.56 1.28 1.25 1.28 1.38 1.50 1.66 1.81 1.38 0.72 0.59 0.59 0.59 0.59 0.59 0.59 0.59 0.59 0.69 1.38 2.06 2.28 2.50 2.62 2.69 2.75 2.88 3.06 3.12 3.75 3.69 3.62 3.66 3.75 4.00 4.03 4.09 4.19 4.38 4.66 4.97 5.19 5.66 5.69 5.69 6.12 6.44 6.69 7.00 7.22 7.44 7.94 8.69 9.41 10.06 10.56 10.91 11.12 11.28 11.38 11.47 11.53 11.59 11.59 11.53 11.41 11.19 10.91 10.62 10.28 9.81 9.31
1.38 1.28 1.12 0.94 0.84 0.88 0.91 1.00 1.12 1.25 1.41 1.56 1.41 0.94 0.59 0.59 0.59 0.59 0.59 0.66 0.91 1.06 1.41 1.84 2.34 2.44 2.50 2.56 2.62 2.59 2.62 2.84 3.16 3.22 3.38 3.41 3.47 3.62 3.66 3.62 3.66 3.84 4.06 4.28 4.31 5.12 5.16 5.16 5.19 5.47 5.84 6.16 6.34 6.62 7.22 7.97 8.69 9.28 9.72 10.00 10.12 10.22 10.31 10.41 10.47 10.53 10.56 10.53 10.44 10.25 10.03 9.72 9.38 9.00 8.59
0.78 0.72 0.62 0.50 0.50 0.53 0.56 0.66 0.75 0.91 1.06 1.19 1.28 1.38 1.06 0.66 0.59 0.59 0.59 0.91 1.03 1.12 1.22 1.41 1.97 2.28 2.41 2.47 2.47 2.41 2.44 2.44 2.59 3.00 3.25 3.34 3.16 3.16 3.03 3.00 3.06 3.25 3.41 3.56 3.66 4.59 4.59 4.62 4.56 4.88 5.16 5.38 5.56 5.91 6.53 7.31 8.00 8.56 8.88 9.03 9.09 9.19 9.28 9.38 9.44 9.53 9.59 9.56 9.50 9.34 9.16 8.91 8.62 8.28 7.94
0.38 0.28 0.22 0.19 0.19 0.22 0.25 0.31 0.41 0.56 0.69 0.84 0.94 1.00 1.09 0.97 0.78 0.75 0.78 0.97 1.03 1.12 1.22 1.28 1.66 1.81 1.94 2.00 2.00 2.00 2.06 2.31 2.44 2.62 2.84 2.94 3.00 2.62 2.44 2.38 2.50 2.69 2.81 3.00 3.38 4.06 4.06 4.09 4.41 4.69 4.81 4.84 5.00 5.31 5.91 6.69 7.34 7.81 8.00 8.06 8.12 8.22 8.31 8.41 8.50 8.59 8.66 8.69 8.62 8.53 8.38 8.16 7.88 7.59 7.31
0.03 0.00 -0.06 -0.09 -0.09 -0.06 -0.03 0.03 0.16 0.28 0.41 0.53 0.62 0.69 0.75 0.84 0.94 1.00 1.09 0.97 1.03 1.09 1.19 1.22 1.47 1.62 1.69 1.72 1.78 1.81 1.88 1.94 2.03 2.12 2.19 2.09 2.09 2.12 1.97 1.91 1.97 2.22 2.38 2.62 2.94 3.56 3.56 3.62 4.28 4.53 4.62 4.50 4.50 4.81 5.41 6.09 6.75 7.12 7.16 7.19 7.25 7.31 7.44 7.53 7.66 7.75 7.84 7.88 7.84 7.75 7.59 7.41 7.19 6.94 6.72
-0.19 -0.25 -0.31 -0.34 -0.34 -0.31 -0.25 -0.19 -0.06 0.03 0.16 0.28 0.38 0.44 0.50 0.56 0.62 0.72 0.84 0.94 1.00 1.06 1.12 1.19 1.34 1.44 1.50 1.56 1.59 1.66 1.72 1.75 1.81 1.88 1.91 1.78 1.78 1.94 1.78 1.59 1.62 1.88 2.16 2.38 2.62 3.12 3.12 3.19 3.94 4.22 4.28 4.12 4.12 4.50 5.03 5.62 6.16 6.47 6.47 6.41 6.47 6.53 6.66 6.78 6.91 7.00 7.09 7.12 7.09 7.03 6.91 6.72 6.50 6.28 6.09
-0.44 -0.47 -0.50 -0.53 -0.53 -0.50 -0.47 -0.38 -0.28 -0.19 -0.06 0.06 0.16 0.25 0.31 0.34 0.44 0.53 0.62 0.78 0.94 1.03 1.09 1.16 1.19 1.28 1.34 1.41 1.47 1.50 1.53 1.59 1.62 1.66 1.72 1.75 1.75 1.78 1.69 1.53 1.50 1.72 1.97 2.19 2.41 2.69 2.72 2.78 3.38 3.59 3.69 3.66 3.75 4.09 4.56 5.03 5.50 5.78 5.84 5.78 5.81 5.88 6.00 6.12 6.25 6.34 6.44 6.47 6.44 6.34 6.22 6.06 5.88 5.69 5.53
-0.56 -0.62 -0.66 -0.69 -0.69 -0.72 -0.66 -0.56 -0.47 -0.38 -0.25 -0.16 -0.03 0.06 0.12 0.22 0.28 0.38 0.44 0.56 0.66 0.81 0.91 0.97 1.03 1.12 1.19 1.25 1.31 1.34 1.38 1.41 1.41 1.47 1.47 1.56 1.59 1.59 1.66 1.59 1.47 1.56 1.78 1.97 2.09 2.25 2.28 2.34 2.72 2.94 3.06 3.12 3.25 3.53 3.97 4.38 4.78 5.06 5.19 5.22 5.28 5.34 5.44 5.56 5.66 5.78 5.84 5.84 5.81 5.72 5.56 5.41 5.25 5.09 5.00
-0.69 -0.75 -0.78 -0.78 -0.78 -0.81 -0.78 -0.72 -0.66 -0.53 -0.41 -0.31 -0.22 -0.12 -0.03 0.06 0.16 0.22 0.31 0.41 0.50 0.59 0.72 0.81 0.91 0.94 1.03 1.12 1.16 1.19 1.22 1.22 1.22 1.22 1.25 1.28 1.38 1.47 1.53 1.56 1.47 1.47 1.59 1.72 1.81 1.88 1.91 1.97 2.22 2.41 2.56 2.69 2.84 3.09 3.41 3.75 4.09 4.34 4.53 4.66 4.75 4.84 4.94 5.03 5.12 5.22 5.25 5.25 5.19 5.09 4.94 4.78 4.66 4.59 4.56
-0.78 -0.78 -0.81 -0.84 -0.88 -0.88 -0.84 -0.81 -0.75 -0.66 -0.53 -0.44 -0.34 -0.25 -0.16 -0.06 0.03 0.12 0.19 0.28 0.38 0.47 0.56 0.69 0.81 0.88 0.94 1.00 1.03 1.03 1.06 1.03 1.03 1.06 1.06 1.06 1.12 1.28 1.38 1.47 1.50 1.47 1.47 1.50 1.50 1.53 1.53 1.62 1.84 2.00 2.16 2.31 2.50 2.72 2.97 3.25 3.50 3.72 3.91 4.06 4.19 4.31 4.41 4.50 4.59 4.66 4.69 4.66 4.59 4.47 4.31 4.22 4.12 4.12 4.16
-0.81 -0.81 -0.81 -0.88 -0.91 -0.91 -0.91 -0.88 -0.84 -0.75 -0.66 -0.56 -0.47 -0.34 -0.25 -0.19 -0.12 -0.03 0.06 0.16 0.25 0.38 0.50 0.62 0.69 0.75 0.84 0.88 0.91 0.94 0.94 0.91 0.91 0.91 0.91 0.91 0.91 1.03 1.25 1.44 1.62 1.69 1.59 1.56 1.56 1.41 1.34 1.53 1.59 1.72 1.88 2.03 2.22 2.41 2.59 2.81 3.00 3.19 3.38 3.50 3.66 3.78 3.88 3.97 4.03 4.06 4.06 4.06 3.97 3.84 3.72 3.66 3.62 3.69 3.78
-0.84 -0.88 -0.91 -0.97 -0.94 -0.94 -0.94 -0.94 -0.91 -0.84 -0.78 -0.69 -0.56 -0.44 -0.38 -0.28 -0.22 -0.12 -0.03 0.09 0.19 0.31 0.41 0.53 0.62 0.69 0.75 0.78 0.81 0.84 0.81 0.81 0.81 0.81 0.78 0.78 0.78 0.84 1.09 1.41 1.66 1.81 1.81 1.75 1.75 1.72 1.66 1.56 1.53 1.56 1.69 1.81 1.97 2.09 2.25 2.44 2.59 2.75 2.88 3.00 3.12 3.22 3.31 3.38 3.44 3.44 3.44 3.38 3.28 3.19 3.09 3.06 3.12 3.25 3.41
-0.84 -0.88 -0.91 -0.94 -0.97 -0.97 -1.00 -1.00 -0.97 -0.94 -0.91 -0.81 -0.69 -0.59 -0.50 -0.41 -0.31 -0.16 -0.09 0.03 0.12 0.22 0.31 0.41 0.50 0.59 0.62 0.69 0.72 0.72 0.72 0.72 0.69 0.72 0.69 0.69 0.69 0.72 0.94 1.22 1.53 1.72 1.81 1.81 1.84 1.84 1.78 1.66 1.59 1.53 1.59 1.69 1.81 1.91 2.00 2.09 2.22 2.34 2.47 2.56 2.66 2.75 2.81 2.84 2.84 2.84 2.81 2.75 2.81 2.94 2.97 2.91 2.78 2.84 3.06
-0.88 -0.88 -0.91 -0.91 -0.94 -0.97 -1.03 -1.03 -1.03 -0.97 -0.94 -0.88 -0.78 -0.72 -0.62 -0.50 -0.38 -0.25 -0.19 -0.09 0.03 0.12 0.25 0.34 0.38 0.47 0.53 0.59 0.62 0.62 0.62 0.59 0.62 0.66 0.66 0.62 0.62 0.66 0.75 1.00 1.25 1.44 1.53 1.56 1.72 1.75 1.69 1.69 1.59 1.62 1.81 1.91 1.91 1.84 1.81 1.91 2.00 2.09 2.12 2.19 2.25 2.28 2.31 2.34 2.31 2.28 2.22 2.25 2.53 2.94 3.22 3.12 2.81 2.62 2.78
-0.97 -1.00 -1.06 -1.09 -1.03 -1.00 -1.00 -0.97 -0.97 -1.00 -0.94 -0.88 -0.84 -0.75 -0.69 -0.59 -0.44 -0.34 -0.28 -0.19 -0.06 0.03 0.16 0.22 0.31 0.38 0.41 0.44 0.47 0.53 0.56 0.56 0.56 0.59 0.59 0.62 0.62 0.62 0.66 0.75 0.88 1.00 1.06 1.19 1.31 1.41 1.44 1.53 1.53 1.72 2.00 2.09 2.06 1.91 1.75 1.78 1.94 2.00 1.94 1.88 1.88 1.91 1.97 1.97 1.94 1.84 1.75 1.81 2.28 2.88 3.28 3.38 3.06 2.62 2.62
-1.19 -1.22 -1.25 -1.31 -1.28 -1.22 -1.12 -1.06 -1.03 -1.00 -0.94 -0.94 -0.91 -0.81 -0.72 -0.62 -0.56 -0.47 -0.38 -0.28 -0.19 -0.06 0.00 0.09 0.19 0.22 0.28 0.31 0.38 0.41 0.44 0.47 0.53 0.56 0.59 0.62 0.62 0.66 0.66 0.69 0.69 0.75 0.78 0.84 0.91 1.00 1.09 1.22 1.34 1.59 1.91 2.03 2.06 1.88 1.69 1.72 1.84 1.97 1.84 1.66 1.59 1.62 1.72 1.81 1.88 1.81 1.62 1.53 1.88 2.59 3.22 3.38 3.31 3.12 3.00
-1.38 -1.50 -1.59 -1.59 -1.53 -1.47 -1.41 -1.25 -1.16 -1.09 -1.00 -0.94 -0.91 -0.88 -0.78 -0.72 -0.66 -0.56 -0.47 -0.38 -0.31 -0.22 -0.12 -0.06 0.00 0.06 0.09 0.16 0.22 0.28 0.34 0.41 0.44 0.53 0.62 0.66 0.69 0.69 0.69 0.69 0.72 0.72 0.75 0.78 0.78 0.81 0.88 0.97 1.09 1.31 1.56 1.78 1.81 1.59 1.50 1.62 1.81 1.91 1.97 1.91 1.72 1.66 1.66 1.78 1.94 2.03 1.84 1.53 1.47 1.97 2.59 3.03 3.31 3.59 3.59
-1.59 -1.75 -1.81 -1.88 -1.84 -1.75 -1.66 -1.53 -1.41 -1.28 -1.16 -1.06 -0.97 -0.94 -0.88 -0.81 -0.75 -0.66 -0.56 -0.47 -0.41 -0.34 -0.28 -0.22 -0.19 -0.16 -0.09 0.00 0.06 0.12 0.22 0.28 0.38 0.50 0.62 0.69 0.75 0.75 0.75 0.72 0.72 0.72 0.72 0.75 0.75 0.78 0.81 0.84 0.88 1.00 1.12 1.28 1.34 1.28 1.25 1.44 1.81 2.12 2.28 2.22 2.06 1.94 1.94 2.06 2.25 2.28 2.12 1.69 1.31 1.34 1.75 2.41 3.12 3.53 3.94
-1.75 -1.97 -2.09 -2.12 -2.12 -2.06 -1.94 -1.78 -1.66 -1.50 -1.38 -1.22 -1.09 -1.00 -0.97 -0.91 -0.78 -0.72 -0.62 -0.56 -0.53 -0.50 -0.41 -0.38 -0.31 -0.28 -0.25 -0.19 -0.09 0.00 0.09 0.19 0.31 0.41 0.53 0.69 0.75 0.75 0.75 0.72 0.72 0.72 0.72 0.72 0.72 0.72 0.75 0.75 0.78 0.81 0.81 0.88 0.94 1.00 1.03 1.25 1.69 2.19 2.47 2.59 2.44 2.28 2.16 2.22 2.44 2.53 2.19 1.78 1.38 1.16 1.34 1.88 2.59 3.34 3.84
-1.94 -2.16 -2.31 -2.41 -2.38 -2.34 -2.22 -2.03 -1.88 -1.69 -1.53 -1.38 -1.19 -1.06 -1.03 -0.94 -0.84 -0.78 -0.69 -0.66 -0.59 -0.59 -0.53 -0.50 -0.44 -0.44 -0.41 -0.34 -0.28 -0.16 -0.06 0.09 0.22 0.34 0.47 0.59 0.69 0.75 0.72 0.72 0.69 0.69 0.69 0.69 0.69 0.69 0.69 0.69 0.69 0.72 0.72 0.75 0.78 0.78 0.84 1.09 1.50 1.88 2.44 2.62 2.56 2.38 2.22 2.12 2.28 2.22 2.00 1.66 1.31 1.12 1.25 1.47 1.97 2.62 3.25
-2.12 -2.34 -2.47 -2.56 -2.59 -2.56 -2.44 -2.28 -2.06 -1.88 -1.69 -1.53 -1.34 -1.22 -1.12 -1.03 -0.91 -0.81 -0.78 -0.72 -0.66 -0.62 -0.66 -0.62 -0.59 -0.56 -0.53 -0.47 -0.41 -0.34 -0.25 -0.12 0.03 0.22 0.38 0.50 0.59 0.66 0.66 0.66 0.66 0.62 0.62 0.62 0.62 0.62 0.62 0.62 0.62 0.62 0.66 0.66 0.66 0.69 0.72 0.91 1.16 1.50 1.88 2.09 1.97 2.06 1.97 1.91 1.88 1.75 1.50 1.34 1.16 1.12 1.25 1.41 1.59 1.94 2.38
-2.22 -2.41 -2.56 -2.66 -2.72 -2.69 -2.59 -2.38 -2.22 -2.00 -1.78 -1.59 -1.44 -1.28 -1.19 -1.09 -0.97 -0.88 -0.81 -0.72 -0.66 -0.69 -0.72 -0.69 -0.69 -0.69 -0.62 -0.62 -0.56 -0.50 -0.41 -0.28 -0.16 0.00 0.19 0.34 0.44 0.50 0.53 0.53 0.56 0.56 0.56 0.56 0.53 0.53 0.53 0.53 0.53 0.56 0.56 0.56 0.56 0.59 0.62 0.66 0.81 0.97 1.22 1.28 1.31 1.38 1.47 1.38 1.41 1.25 1.09 1.03 1.03 1.09 1.19 1.34 1.50 1.69 1.94
-2.22 -2.41 -2.62 -2.75 -2.75 -2.69 -2.56 -2.44 -2.25 -2.03 -1.81 -1.69 -1.50 -1.38 -1.25 -1.12 -0.97 -0.88 -0.81 -0.78 -0.81 -0.91 -0.84 -0.84 -0.88 -0.84 -0.78 -0.75 -0.69 -0.62 -0.56 -0.44 -0.31 -0.19 -0.03 0.09 0.22 0.34 0.38 0.44 0.47 0.47 0.47 0.47 0.47 0.47 0.47 0.47 0.47 0.47 0.47 0.47 0.47 0.50 0.50 0.53 0.53 0.59 0.69 0.84 0.84 0.88 0.88 0.94 0.91 0.84 0.81 0.88 0.91 1.00 1.09 1.25 1.38 1.53 1.66
-2.12 -2.38 -2.56 -2.69 -2.66 -2.62 -2.53 -2.41 -2.22 -2.03 -1.84 -1.69 -1.50 -1.38 -1.22 -1.09 -1.00 -0.97 -0.94 -0.88 -1.00 -1.09 -1.12 -1.12 -1.12 -1.09 -1.03 -0.91 -0.81 -0.72 -0.66 -0.56 -0.47 -0.38 -0.25 -0.12 0.00 0.12 0.22 0.25 0.31 0.31 0.38 0.34 0.34 0.34 0.34 0.34 0.38 0.38 0.38 0.38 0.38 0.41 0.41 0.41 0.44 0.44 0.47 0.56 0.53 0.53 0.62 0.69 0.69 0.59 0.62 0.72 0.78 0.88 0.97 1.06 1.19 1.34 1.47
-2.00 -2.25 -2.38 -2.41 -2.44 -2.47 -2.44 -2.28 -2.09 -1.94 -1.78 -1.62 -1.47 -1.31 -1.22 -1.09 -1.03 -1.06 -1.09 -1.12 -1.22 -1.38 -1.47 -1.50 -1.47 -1.41 -1.31 -1.16 -0.97 -0.88 -0.78 -0.72 -0.62 -0.53 -0.44 -0.34 -0.22 -0.09 0.00 0.06 0.12 0.16 0.22 0.25 0.25 0.22 0.22 0.25 0.25 0.28 0.28 0.28 0.28 0.28 0.31 0.31 0.34 0.34 0.38 0.38 0.41 0.41 0.44 0.44 0.47 0.50 0.53 0.59 0.66 0.72 0.78 0.88 0.97 1.09 1.22
-1.78 -2.00 -2.09 -2.12 -2.12 -2.22 -2.19 -2.06 -1.91 -1.75 -1.59 -1.44 -1.38 -1.28 -1.19 -1.09 -1.09 -1.12 -1.22 -1.34 -1.53 -1.69 -1.84 -1.88 -1.91 -1.84 -1.69 -1.53 -1.34 -1.06 -0.91 -0.81 -0.78 -0.72 -0.62 -0.53 -0.41 -0.28 -0.22 -0.12 -0.06 0.00 0.06 0.09 0.12 0.12 0.16 0.16 0.16 0.16 0.16 0.19 0.19 0.22 0.22 0.22 0.22 0.25 0.25 0.28 0.31 0.31 0.34 0.38 0.38 0.41 0.44 0.47 0.50 0.53 0.56 0.62 0.72 0.81 0.94
