everonasctiles/Tile40,0.asc
ncols 128
nrows 128
xllcorner 0
yllcorner 0
cellsize 2.0
NODATA_value  -9999
[rows 0 to 31 of 128, columns 0 to 70 of 128]
19.31 19.09 19.00 18.84 18.69 18.59 18.53 18.50 18.53 18.59 18.62 18.75 18.94 19.09 18.81 17.75 17.31 17.00 16.41 15.62 14.91 14.31 13.69 12.78 12.31 11.84 11.41 10.97 10.22 9.44 8.88 8.50 8.22 8.00 7.69 7.41 7.16 6.97 6.91 7.03 7.19 7.34 7.72 8.16 8.53 8.56 8.12 7.62 7.47 7.38 7.19 7.03 6.94 6.94 7.03 7.19 7.31 7.41 7.50 7.59 7.75 7.84 7.88 7.78 7.59 7.38 7.19 7.03 6.91 7.00 7.38
19.22 19.09 18.97 18.81 18.66 18.59 18.53 18.50 18.53 18.59 18.62 18.69 18.34 17.38 16.94 16.81 16.25 15.59 14.97 14.19 13.41 12.72 12.06 11.59 11.28 10.94 10.47 9.72 8.81 8.03 7.59 7.28 7.03 6.78 6.59 6.38 6.38 6.34 6.34 6.50 6.78 7.03 7.50 8.12 8.53 8.34 7.84 7.41 7.09 6.88 6.56 6.31 6.19 6.19 6.28 6.44 6.59 6.72 6.88 7.06 7.25 7.44 7.50 7.44 7.19 6.88 6.50 6.22 6.59 6.97 7.38
18.81 18.78 18.62 18.56 18.56 18.56 18.53 18.50 18.44 18.22 17.81 16.84 15.91 16.44 16.50 16.00 14.97 14.22 13.66 12.94 12.22 11.56 11.09 10.78 10.50 10.25 9.81 9.03 8.09 7.41 6.94 6.56 6.25 5.97 5.72 5.78 6.03 6.22 6.31 6.34 6.31 6.53 6.94 7.50 7.59 7.47 7.34 7.03 6.72 6.50 6.28 6.03 5.88 5.78 5.78 5.84 6.00 6.22 6.53 6.81 7.03 7.19 7.28 7.16 6.69 6.09 5.41 5.72 6.06 6.59 7.03
17.91 17.59 17.28 17.00 16.84 16.75 16.59 16.34 16.12 15.72 15.34 14.94 15.16 15.41 15.50 14.62 13.75 13.09 12.53 11.91 11.31 10.84 10.47 10.19 9.94 9.62 9.16 8.47 7.72 7.09 6.59 6.19 5.91 5.69 5.69 5.56 5.78 5.97 5.78 5.56 5.44 5.56 5.78 6.00 6.09 6.12 6.25 6.19 6.22 6.16 6.09 5.94 5.84 5.66 5.53 5.59 5.78 6.06 6.41 6.72 6.91 7.12 6.91 6.44 5.75 5.22 4.75 4.81 5.12 5.66 6.03
16.72 16.47 16.22 16.00 15.75 15.44 15.16 14.88 14.84 14.78 14.69 14.34 14.09 13.91 13.53 13.03 12.59 12.19 11.59 11.06 10.66 10.25 10.00 9.69 9.31 8.91 8.41 7.78 7.19 6.69 6.22 5.88 5.66 5.91 5.47 5.44 5.28 5.22 5.06 4.69 4.22 3.97 4.00 4.19 4.47 4.56 4.75 4.91 5.00 5.03 5.38 5.38 5.34 5.16 5.03 5.00 5.09 5.34 5.69 6.03 6.03 5.88 5.50 5.03 4.50 4.06 3.66 3.59 3.81 4.22 4.56
15.38 15.22 15.03 14.81 14.62 14.41 14.16 13.91 13.75 13.59 13.34 13.06 12.88 12.72 12.56 12.31 12.00 11.50 11.00 10.44 10.06 9.72 9.44 9.09 8.69 8.25 7.72 7.16 6.69 6.25 5.94 5.75 5.88 5.66 5.38 5.03 4.56 4.19 3.75 3.25 2.88 2.69 2.53 2.62 2.88 3.03 3.12 3.38 3.53 3.62 3.91 4.16 4.19 4.12 4.06 4.09 4.22 4.47 4.59 4.69 4.59 4.19 3.84 3.38 2.94 2.53 2.28 2.19 2.34 2.62 2.84
14.53 14.28 14.06 13.84 13.72 13.62 13.41 13.06 12.66 12.34 12.12 11.97 11.78 11.59 11.44 11.16 10.88 10.56 10.16 9.72 9.41 9.19 8.84 8.50 8.06 7.72 7.22 6.72 6.12 5.81 5.56 5.78 5.75 5.25 4.78 4.19 3.44 3.03 2.62 2.31 2.12 2.06 2.00 1.97 1.91 1.81 1.88 2.03 2.12 2.19 2.47 2.81 2.97 3.03 3.03 3.06 3.19 3.25 3.41 3.38 3.06 2.59 2.22 1.81 1.59 1.44 1.41 1.41 1.53 1.72 1.91
13.84 13.56 13.25 13.09 12.97 12.84 12.62 12.22 11.78 11.38 11.12 11.03 10.91 10.75 10.50 10.22 9.84 9.56 9.34 9.06 8.81 8.59 8.28 7.94 7.56 7.25 6.81 6.28 5.66 5.12 5.19 5.22 5.03 4.47 3.84 2.97 2.38 2.09 1.94 1.78 1.72 1.72 1.69 1.62 1.59 1.56 1.59 1.59 1.56 1.41 1.47 1.75 2.00 2.06 2.16 2.16 2.28 2.44 2.38 2.25 1.94 1.53 1.31 1.12 1.00 0.94 0.97 1.09 1.25 1.41 1.56
12.81 12.56 12.28 12.12 11.94 11.75 11.50 11.19 10.84 10.56 10.38 10.31 10.22 10.09 9.88 9.59 9.25 8.88 8.62 8.41 8.22 8.03 7.75 7.44 7.09 6.84 6.38 5.91 5.34 4.97 4.59 4.38 4.03 3.44 2.72 2.22 2.03 1.91 1.75 1.62 1.59 1.56 1.53 1.53 1.50 1.50 1.53 1.56 1.53 1.50 1.41 1.34 1.19 1.22 1.34 1.47 1.56 1.62 1.59 1.50 1.38 1.19 1.00 0.84 0.72 0.69 0.75 0.88 1.03 1.22 1.34
11.75 11.56 11.28 11.28 11.12 10.97 10.75 10.50 10.25 10.03 9.84 9.72 9.66 9.56 9.38 9.16 8.84 8.47 8.06 7.81 7.62 7.47 7.25 7.00 6.69 6.44 6.06 5.81 5.34 4.47 3.78 3.19 2.81 2.31 2.06 1.91 1.75 1.62 1.53 1.50 1.47 1.47 1.50 1.47 1.47 1.47 1.47 1.47 1.44 1.41 1.34 1.25 1.22 1.19 1.25 1.31 1.34 1.38 1.38 1.34 1.25 1.12 1.00 0.94 0.88 0.91 0.97 1.06 1.19 1.28 1.38
11.25 11.06 10.84 10.78 10.75 10.66 10.56 10.34 10.00 9.66 9.41 9.31 9.25 9.12 8.97 8.78 8.56 8.28 7.81 7.38 7.12 6.94 6.75 6.56 6.31 6.31 6.16 5.44 4.47 3.44 2.56 2.16 1.88 1.72 1.69 1.59 1.50 1.44 1.38 1.38 1.41 1.41 1.53 1.53 1.44 1.53 1.50 1.41 1.41 1.47 1.41 1.25 1.19 1.16 1.12 1.16 1.19 1.19 1.19 1.16 1.12 1.06 1.00 0.97 0.97 1.03 1.09 1.19 1.28 1.38 1.41
11.06 10.88 10.69 10.22 9.94 10.19 10.41 10.16 9.38 8.72 8.56 8.72 8.75 8.78 8.62 8.44 8.25 8.03 7.59 7.06 6.72 6.50 6.34 6.28 6.31 5.78 5.16 4.19 3.19 2.25 1.88 1.81 1.62 1.53 1.44 1.38 1.34 1.31 1.28 1.56 1.56 1.38 1.41 1.44 1.44 1.41 1.41 1.38 1.38 1.34 1.34 1.28 1.22 1.16 1.06 1.03 1.06 1.09 1.09 1.09 1.06 1.03 1.00 0.97 1.03 1.09 1.19 1.25 1.34 1.41 1.38
10.25 9.75 9.59 9.53 9.84 9.19 9.69 9.94 9.09 8.41 7.94 8.41 8.28 8.44 8.25 8.03 7.84 7.59 7.22 6.75 6.38 6.12 6.00 5.72 5.28 4.44 3.62 2.75 1.97 1.78 1.72 1.56 1.44 1.38 1.31 1.28 1.28 1.28 1.41 1.44 1.47 1.31 1.38 1.41 1.41 1.38 1.31 1.31 1.31 1.31 1.34 1.31 1.25 1.16 1.06 1.03 1.06 1.09 1.22 1.19 1.09 1.06 1.00 0.97 1.03 1.12 1.22 1.28 1.44 1.41 1.28
10.00 9.09 9.19 8.50 8.31 8.03 9.03 9.03 8.47 6.66 6.72 7.62 7.94 7.91 7.69 7.44 7.19 6.91 6.50 6.25 6.16 5.62 5.06 4.53 3.84 3.06 2.28 1.56 1.31 1.41 1.34 1.28 1.22 1.19 1.19 1.44 1.59 1.50 1.25 1.25 1.28 1.28 1.50 1.59 1.41 1.38 1.25 1.19 1.22 1.38 1.31 1.31 1.25 1.16 1.06 1.03 1.06 1.12 1.19 1.31 1.22 1.09 1.12 1.06 1.16 1.09 1.19 1.25 1.25 1.22 1.06
10.25 9.28 8.94 8.66 9.03 8.03 8.84 9.34 8.69 7.22 6.28 7.28 8.28 8.16 8.16 7.84 7.25 6.53 6.16 5.94 5.22 4.59 3.75 3.12 2.44 1.75 1.19 0.84 0.91 1.00 1.03 1.03 1.00 1.00 1.06 1.09 1.22 1.31 1.34 1.75 1.50 1.38 1.34 1.50 1.38 1.22 1.16 1.19 1.38 1.25 1.25 1.25 1.22 1.09 1.03 1.00 1.06 1.19 1.25 1.25 1.22 1.12 1.03 1.00 0.97 1.03 1.03 1.03 1.06 1.03 1.12
8.94 8.31 8.34 8.03 8.41 8.56 9.00 8.88 8.03 5.69 5.62 6.03 7.22 7.59 7.72 6.97 5.88 5.12 4.88 4.44 3.75 2.94 2.34 1.84 1.31 0.91 0.66 0.56 0.59 0.69 0.75 0.78 0.78 0.81 0.91 1.09 1.22 1.44 1.59 1.50 1.28 1.12 1.12 1.25 1.28 1.28 1.12 1.28 1.34 1.19 1.16 1.16 1.09 1.00 0.97 0.97 1.06 1.16 1.34 1.25 1.19 1.12 1.03 0.94 0.94 0.94 0.94 0.78 0.97 0.78 0.72
6.00 5.75 5.75 6.53 7.09 7.28 7.25 6.94 6.25 5.28 4.28 4.47 4.59 5.03 5.31 4.75 3.56 2.94 2.81 2.50 2.03 1.53 1.12 0.81 0.59 0.50 0.41 0.34 0.34 0.44 0.50 0.53 0.59 0.66 0.88 1.06 1.38 1.25 1.47 1.19 1.09 1.06 1.16 1.16 1.25 1.25 1.09 1.19 1.16 1.06 1.03 1.03 1.00 0.91 0.88 0.91 0.97 1.22 1.12 1.25 1.06 0.94 0.94 0.84 0.66 0.62 0.59 0.69 0.50 0.44 0.41
2.75 2.72 2.66 2.91 3.28 3.53 3.59 3.41 2.62 2.00 1.78 1.75 1.50 1.62 1.66 1.09 0.59 0.53 0.53 0.59 0.53 0.44 0.34 0.31 0.28 0.25 0.19 0.16 0.12 0.19 0.25 0.31 0.38 0.47 0.84 1.19 0.97 1.03 1.03 0.97 0.94 0.94 1.22 1.09 1.16 1.12 1.25 1.03 0.97 0.94 0.88 0.84 0.81 0.75 0.72 0.75 0.78 0.84 1.00 0.88 0.81 0.84 0.62 0.69 0.62 0.59 0.50 0.41 0.31 0.25 0.22
0.12 -0.19 -0.19 -0.19 -0.25 -0.16 0.12 0.34 0.41 0.34 0.09 -0.34 -0.47 -0.66 -0.72 -0.81 -0.88 -0.69 -0.34 -0.16 -0.06 0.00 0.03 0.03 0.03 0.00 -0.03 -0.06 -0.09 -0.06 0.00 0.09 0.19 0.28 0.44 0.53 0.66 0.75 0.81 0.81 0.81 0.84 1.03 0.97 1.03 1.00 0.94 0.88 0.81 0.75 0.78 0.78 0.69 0.59 0.56 0.56 0.59 0.62 0.59 0.59 0.53 0.50 0.44 0.44 0.38 0.34 0.28 0.22 0.16 0.06 -0.03
-2.28 -2.84 -3.06 -2.84 -3.06 -2.62 -2.19 -1.62 -1.47 -1.44 -1.56 -1.78 -1.84 -1.91 -1.84 -1.75 -1.62 -1.16 -0.72 -0.50 -0.34 -0.28 -0.25 -0.25 -0.25 -0.25 -0.25 -0.28 -0.28 -0.28 -0.22 -0.12 -0.03 0.09 0.22 0.47 0.59 0.53 0.56 0.62 0.66 0.69 0.84 0.91 0.78 0.75 0.81 0.81 0.78 0.59 0.66 0.62 0.50 0.47 0.44 0.41 0.41 0.44 0.41 0.31 0.31 0.31 0.28 0.22 0.19 0.16 0.09 0.00 -0.09 -0.16 -0.25
-4.22 -4.94 -5.16 -5.00 -4.91 -4.66 -4.22 -3.38 -3.19 -3.00 -2.88 -2.81 -2.72 -2.56 -2.41 -2.16 -1.84 -1.31 -0.91 -0.72 -0.62 -0.56 -0.53 -0.53 -0.50 -0.50 -0.50 -0.50 -0.50 -0.47 -0.44 -0.38 -0.28 -0.16 0.12 0.12 0.25 0.31 0.38 0.56 0.69 0.81 0.62 0.59 0.59 0.69 0.56 0.62 0.59 0.44 0.38 0.34 0.34 0.31 0.31 0.31 0.28 0.25 0.25 0.16 0.12 0.09 0.03 0.00 -0.09 -0.16 -0.19 -0.22 -0.19 -0.25 -0.50
-5.75 -6.31 -6.53 -6.62 -6.31 -6.03 -5.75 -5.16 -4.72 -4.34 -3.97 -3.59 -3.34 -3.03 -2.78 -2.41 -1.97 -1.47 -1.12 -0.97 -0.91 -0.84 -0.84 -0.81 -0.78 -0.78 -0.75 -0.75 -0.72 -0.66 -0.62 -0.59 -0.56 -0.44 -0.28 -0.09 0.12 0.25 0.47 0.41 0.59 0.50 0.38 0.38 0.41 0.50 0.59 0.50 0.47 0.28 0.22 0.19 0.16 0.12 0.12 0.19 0.16 0.09 0.03 0.00 -0.09 -0.12 -0.19 -0.22 -0.34 -0.41 -0.47 -0.34 -0.53 -0.59 -0.72
-6.56 -7.12 -7.38 -7.41 -7.31 -7.09 -6.88 -6.31 -5.91 -5.50 -4.84 -4.25 -3.81 -3.41 -3.12 -2.59 -2.19 -1.69 -1.38 -1.25 -1.22 -1.19 -1.16 -1.12 -1.09 -1.06 -1.03 -1.00 -0.94 -0.88 -0.84 -0.78 -0.72 -0.62 -0.47 -0.19 -0.03 0.06 0.03 0.06 0.12 0.16 0.22 0.22 0.38 0.38 0.34 0.16 0.16 0.12 0.12 0.09 0.03 0.00 -0.03 -0.03 -0.06 -0.12 -0.19 -0.22 -0.28 -0.38 -0.44 -0.53 -0.56 -0.59 -0.62 -0.75 -0.78 -0.84 -0.91
-7.09 -7.56 -7.84 -8.00 -8.00 -7.88 -7.69 -7.25 -6.75 -6.22 -5.56 -4.94 -4.28 -3.78 -3.50 -2.91 -2.44 -1.97 -1.69 -1.59 -1.56 -1.53 -1.50 -1.44 -1.41 -1.38 -1.31 -1.25 -1.19 -1.12 -1.03 -0.94 -0.88 -0.78 -0.66 -0.34 -0.28 -0.16 -0.12 -0.06 -0.06 0.00 0.03 0.06 0.22 0.19 0.03 0.00 0.00 0.03 0.00 -0.03 -0.09 -0.12 -0.16 -0.19 -0.25 -0.34 -0.41 -0.41 -0.50 -0.59 -0.66 -0.75 -0.84 -0.97 -1.09 -1.09 -1.09 -1.16 -1.38
-7.19 -7.81 -8.19 -8.38 -8.41 -8.28 -8.06 -7.69 -7.22 -6.66 -6.06 -5.50 -4.94 -4.25 -3.91 -3.47 -2.84 -2.34 -2.09 -2.00 -1.94 -1.91 -1.88 -1.81 -1.75 -1.69 -1.62 -1.53 -1.44 -1.34 -1.25 -1.16 -1.03 -0.94 -0.84 -0.69 -0.59 -0.47 -0.38 -0.28 -0.25 -0.19 -0.12 -0.06 -0.09 -0.06 -0.09 -0.12 -0.12 -0.09 0.00 -0.03 -0.19 -0.25 -0.31 -0.34 -0.47 -0.59 -0.62 -0.69 -0.75 -0.88 -0.97 -1.06 -1.22 -1.34 -1.47 -1.62 -1.72 -1.84 -1.97
-6.62 -7.44 -8.09 -8.50 -8.69 -8.69 -8.50 -8.16 -7.72 -7.19 -6.59 -6.06 -5.59 -5.06 -4.62 -3.91 -3.34 -2.81 -2.53 -2.44 -2.38 -2.31 -2.28 -2.22 -2.12 -2.06 -1.97 -1.84 -1.75 -1.62 -1.50 -1.38 -1.25 -1.12 -1.00 -0.91 -0.78 -0.66 -0.56 -0.47 -0.41 -0.31 -0.28 -0.25 -0.22 -0.19 -0.19 -0.19 -0.19 -0.03 -0.16 -0.22 -0.31 -0.38 -0.41 -0.53 -0.62 -0.75 -0.81 -0.94 -1.03 -1.19 -1.31 -1.47 -1.62 -1.75 -1.88 -2.06 -2.19 -2.34 -2.53
-5.97 -6.84 -7.69 -8.38 -8.78 -8.97 -8.91 -8.62 -8.22 -7.75 -7.22 -6.69 -6.22 -5.72 -5.31 -4.47 -3.81 -3.34 -3.06 -2.94 -2.88 -2.81 -2.72 -2.62 -2.53 -2.41 -2.31 -2.19 -2.06 -1.94 -1.78 -1.62 -1.50 -1.34 -1.22 -1.06 -0.97 -0.88 -0.75 -0.66 -0.47 -0.34 -0.41 -0.38 -0.34 -0.34 -0.34 -0.19 -0.19 -0.31 -0.31 -0.38 -0.44 -0.50 -0.56 -0.62 -0.72 -0.84 -0.97 -1.06 -1.31 -1.47 -1.59 -1.81 -1.97 -2.09 -2.22 -2.47 -2.69 -2.88 -3.06
-5.47 -6.34 -7.31 -8.16 -8.78 -9.16 -9.25 -9.16 -8.81 -8.38 -7.88 -7.38 -6.88 -6.47 -6.00 -5.38 -4.53 -3.97 -3.69 -3.53 -3.41 -3.31 -3.19 -3.06 -2.94 -2.81 -2.69 -2.56 -2.44 -2.25 -2.09 -1.94 -1.78 -1.62 -1.41 -1.22 -1.12 -1.00 -0.88 -0.62 -0.66 -0.56 -0.50 -0.44 -0.41 -0.41 -0.41 -0.44 -0.41 -0.44 -0.47 -0.50 -0.56 -0.56 -0.66 -0.75 -0.84 -0.91 -1.06 -1.25 -1.47 -1.69 -1.88 -2.09 -2.28 -2.56 -2.72 -3.00 -3.16 -3.44 -3.69
-5.19 -6.12 -7.12 -8.06 -8.81 -9.34 -9.59 -9.62 -9.44 -9.06 -8.59 -8.09 -7.62 -7.19 -6.72 -6.09 -5.41 -4.78 -4.41 -4.16 -3.97 -3.84 -3.69 -3.56 -3.41 -3.28 -3.12 -2.97 -2.78 -2.62 -2.44 -2.22 -2.03 -1.84 -1.66 -1.41 -1.22 -0.97 -0.84 -0.84 -0.75 -0.62 -0.56 -0.53 -0.47 -0.47 -0.50 -0.56 -0.56 -0.47 -0.59 -0.62 -0.62 -0.66 -0.69 -0.72 -0.84 -1.06 -1.19 -1.41 -1.72 -1.97 -2.22 -2.50 -2.72 -3.00 -3.28 -3.47 -3.78 -4.00 -4.31
-5.19 -6.12 -7.19 -8.16 -8.97 -9.59 -10.00 -10.16 -10.06 -9.75 -9.34 -8.88 -8.41 -7.94 -7.47 -6.88 -6.25 -5.66 -5.25 -4.97 -4.72 -4.47 -4.25 -4.03 -3.84 -3.69 -3.53 -3.34 -3.16 -2.91 -2.72 -2.50 -2.28 -2.06 -1.84 -1.59 -1.34 -1.22 -1.06 -0.94 -0.81 -0.66 -0.56 -0.50 -0.47 -0.47 -0.47 -0.50 -0.53 -0.59 -0.62 -0.72 -0.72 -0.72 -0.78 -0.88 -1.03 -1.22 -1.47 -1.72 -1.94 -2.22 -2.56 -2.91 -3.19 -3.50 -3.78 -4.06 -4.34 -4.75 -4.94
-5.31 -6.31 -7.41 -8.41 -9.28 -9.97 -10.44 -10.72 -10.72 -10.50 -10.16 -9.72 -9.25 -8.75 -8.22 -7.75 -7.12 -6.62 -6.22 -5.88 -5.50 -5.16 -4.88 -4.59 -4.34 -4.09 -3.88 -3.62 -3.41 -3.19 -2.97 -2.72 -2.50 -2.25 -2.00 -1.75 -1.47 -1.25 -1.09 -1.00 -0.88 -0.75 -0.66 -0.56 -0.53 -0.47 -0.50 -0.50 -0.56 -0.66 -0.62 -0.75 -0.84 -0.91 -0.91 -1.03 -1.19 -1.47 -1.78 -2.06 -2.31 -2.56 -2.88 -3.25 -3.53 -3.97 -4.38 -4.72 -4.97 -5.19 -5.53
-5.59 -6.62 -7.78 -8.81 -9.69 -10.44 -10.97 -11.31 -11.41 -11.28 -10.94 -10.53 -10.09 -9.59 -9.09 -8.62 -8.03 -7.53 -7.19 -6.78 -6.31 -5.91 -5.56 -5.22 -4.91 -4.59 -4.25 -3.94 -3.69 -3.47 -3.19 -2.91 -2.62 -2.34 -2.06 -1.94 -1.88 -1.75 -1.62 -1.56 -1.50 -1.34 -1.19 -1.03 -0.84 -0.69 -0.53 -0.62 -0.69 -0.75 -0.78 -0.84 -1.03 -1.12 -1.19 -1.28 -1.34 -1.69 -2.16 -2.47 -2.72 -2.94 -3.22 -3.62 -4.00 -4.47 -4.88 -5.28 -5.44 -5.66 -6.00
