everonasctiles/Tile36,32.asc
ncols 128
nrows 128
xllcorner 0
yllcorner 0
cellsize 2.0
NODATA_value  -9999
[rows 62 to 92 of 128, columns 0 to 68 of 128]
-101.62 -102.38 -102.97 -103.25 -103.47 -103.75 -104.00 -104.16 -104.28 -104.28 -104.25 -104.22 -104.25 -104.44 -104.62 -104.72 -104.81 -104.88 -104.97 -105.03 -105.12 -105.16 -105.12 -104.97 -104.69 -104.28 -103.88 -103.41 -102.94 -102.47 -102.09 -101.81 -101.62 -101.53 -101.50 -101.56 -101.62 -101.72 -101.78 -101.88 -101.97 -102.09 -102.22 -102.34 -102.50 -102.62 -102.72 -102.75 -102.72 -102.72 -102.78 -102.94 -103.16 -103.34 -103.53 -103.56 -103.53 -103.41 -103.25 -103.06 -102.84 -102.62 -102.34 -102.03 -101.69 -101.38 -101.06 -100.78 -100.41
-100.62 -101.47 -102.25 -102.62 -102.94 -103.22 -103.44 -103.59 -103.72 -103.72 -103.72 -103.75 -103.91 -104.06 -104.19 -104.25 -104.31 -104.41 -104.50 -104.59 -104.69 -104.78 -104.78 -104.66 -104.41 -104.03 -103.62 -103.12 -102.62 -102.16 -101.81 -101.56 -101.41 -101.34 -101.34 -101.38 -101.44 -101.53 -101.62 -101.72 -101.81 -101.94 -102.06 -102.19 -102.31 -102.41 -102.47 -102.50 -102.50 -102.53 -102.62 -102.81 -103.00 -103.19 -103.34 -103.38 -103.31 -103.22 -103.06 -102.88 -102.66 -102.41 -102.16 -101.84 -101.50 -101.12 -100.78 -100.47 -100.12
-99.62 -100.56 -101.50 -102.03 -102.38 -102.62 -102.81 -102.97 -103.12 -103.19 -103.25 -103.41 -103.56 -103.69 -103.75 -103.78 -103.84 -103.91 -104.00 -104.16 -104.28 -104.38 -104.44 -104.34 -104.09 -103.75 -103.34 -102.84 -102.28 -101.78 -101.47 -101.25 -101.16 -101.09 -101.09 -101.12 -101.22 -101.31 -101.41 -101.50 -101.62 -101.75 -101.88 -101.97 -102.06 -102.16 -102.19 -102.22 -102.25 -102.31 -102.44 -102.62 -102.84 -103.03 -103.16 -103.19 -103.12 -103.00 -102.84 -102.66 -102.44 -102.22 -101.94 -101.62 -101.28 -100.94 -100.56 -100.22 -99.88
-98.75 -99.84 -100.84 -101.41 -101.78 -102.00 -102.12 -102.25 -102.47 -102.69 -102.91 -103.09 -103.25 -103.28 -103.31 -103.31 -103.34 -103.41 -103.53 -103.69 -103.84 -103.97 -104.06 -104.00 -103.78 -103.44 -103.03 -102.50 -101.81 -101.22 -101.03 -100.94 -100.88 -100.84 -100.84 -100.88 -100.94 -101.06 -101.19 -101.28 -101.41 -101.56 -101.66 -101.75 -101.81 -101.84 -101.91 -101.94 -102.00 -102.09 -102.25 -102.44 -102.62 -102.81 -102.94 -102.97 -102.91 -102.78 -102.59 -102.41 -102.19 -101.97 -101.72 -101.41 -101.09 -100.75 -100.34 -99.94 -99.56
-98.16 -99.44 -100.25 -100.78 -101.12 -101.28 -101.34 -101.50 -101.88 -102.28 -102.56 -102.78 -102.88 -102.88 -102.88 -102.88 -102.88 -102.94 -103.09 -103.25 -103.44 -103.56 -103.66 -103.66 -103.47 -103.12 -102.69 -102.16 -101.38 -100.72 -100.50 -100.59 -100.56 -100.53 -100.56 -100.59 -100.69 -100.81 -100.94 -101.06 -101.19 -101.31 -101.44 -101.50 -101.56 -101.56 -101.59 -101.66 -101.72 -101.81 -102.00 -102.22 -102.41 -102.59 -102.72 -102.72 -102.66 -102.53 -102.34 -102.12 -101.91 -101.69 -101.44 -101.16 -100.84 -100.53 -100.03 -99.38 -98.84
-97.78 -99.03 -99.62 -100.09 -100.34 -100.44 -100.47 -100.78 -101.41 -101.88 -102.19 -102.41 -102.47 -102.44 -102.41 -102.38 -102.41 -102.50 -102.66 -102.84 -103.00 -103.16 -103.25 -103.28 -103.12 -102.81 -102.41 -101.91 -101.16 -100.38 -100.00 -100.12 -100.25 -100.28 -100.28 -100.31 -100.41 -100.56 -100.69 -100.84 -100.97 -101.09 -101.19 -101.25 -101.28 -101.28 -101.31 -101.34 -101.38 -101.50 -101.75 -102.00 -102.22 -102.38 -102.47 -102.47 -102.41 -102.28 -102.09 -101.84 -101.62 -101.41 -101.12 -100.84 -100.53 -100.12 -99.41 -98.44 -97.59
-97.31 -98.41 -98.91 -99.31 -99.53 -99.56 -99.62 -100.22 -100.97 -101.47 -101.78 -101.97 -102.00 -101.94 -101.88 -101.91 -101.97 -102.09 -102.25 -102.41 -102.56 -102.72 -102.88 -102.91 -102.78 -102.50 -102.12 -101.69 -101.12 -100.22 -99.62 -99.59 -99.81 -99.94 -99.97 -99.97 -100.06 -100.19 -100.41 -100.56 -100.75 -100.88 -100.97 -101.03 -101.03 -101.03 -101.00 -100.97 -101.03 -101.28 -101.56 -101.81 -102.00 -102.16 -102.22 -102.22 -102.19 -102.03 -101.84 -101.62 -101.38 -101.12 -100.84 -100.53 -100.16 -99.62 -98.69 -97.62 -96.53
-96.72 -97.69 -98.12 -98.47 -98.66 -98.59 -98.94 -99.78 -100.50 -101.00 -101.34 -101.47 -101.47 -101.34 -101.28 -101.34 -101.47 -101.62 -101.81 -101.97 -102.12 -102.31 -102.47 -102.50 -102.41 -102.16 -101.81 -101.44 -100.94 -100.03 -99.28 -99.12 -99.38 -99.66 -99.81 -99.91 -99.97 -100.00 -100.09 -100.28 -100.50 -100.66 -100.75 -100.81 -100.81 -100.81 -100.72 -100.72 -100.91 -101.19 -101.44 -101.62 -101.81 -101.94 -102.00 -102.00 -101.94 -101.81 -101.62 -101.41 -101.16 -100.88 -100.59 -100.25 -99.84 -99.25 -98.28 -97.16 -96.06
-96.16 -96.91 -97.34 -97.62 -97.69 -97.72 -98.34 -99.34 -100.00 -100.53 -100.84 -100.91 -100.78 -100.56 -100.50 -100.78 -100.97 -101.16 -101.34 -101.50 -101.66 -101.88 -102.03 -102.09 -101.97 -101.75 -101.47 -101.12 -100.53 -99.62 -98.91 -98.84 -99.31 -99.75 -99.94 -100.09 -100.19 -100.25 -100.31 -100.38 -100.44 -100.53 -100.56 -100.59 -100.59 -100.56 -100.56 -100.75 -100.94 -101.12 -101.31 -101.50 -101.66 -101.72 -101.75 -101.78 -101.75 -101.62 -101.47 -101.25 -101.00 -100.72 -100.41 -100.06 -99.66 -99.12 -98.41 -97.41 -96.47
-95.72 -96.19 -96.56 -96.75 -96.72 -97.12 -98.00 -98.91 -99.56 -100.06 -100.31 -100.28 -99.97 -99.56 -99.69 -100.19 -100.44 -100.66 -100.81 -101.00 -101.19 -101.41 -101.59 -101.66 -101.53 -101.34 -101.09 -100.66 -99.84 -99.00 -98.47 -98.72 -99.41 -99.88 -100.09 -100.28 -100.41 -100.50 -100.53 -100.59 -100.62 -100.66 -100.66 -100.62 -100.56 -100.56 -100.69 -100.81 -100.94 -101.09 -101.25 -101.41 -101.50 -101.56 -101.56 -101.56 -101.56 -101.47 -101.31 -101.09 -100.84 -100.59 -100.28 -99.94 -99.56 -99.09 -98.53 -97.91 -97.22
-95.22 -95.56 -95.84 -95.84 -96.22 -97.00 -97.91 -98.56 -99.16 -99.59 -99.75 -99.56 -99.00 -98.66 -98.97 -99.62 -99.91 -100.09 -100.28 -100.47 -100.69 -100.91 -101.09 -101.19 -101.09 -100.94 -100.62 -99.94 -99.12 -98.44 -98.19 -98.72 -99.50 -100.00 -100.22 -100.44 -100.59 -100.69 -100.75 -100.78 -100.81 -100.81 -100.81 -100.75 -100.72 -100.72 -100.78 -100.88 -101.00 -101.12 -101.22 -101.34 -101.41 -101.41 -101.44 -101.41 -101.38 -101.31 -101.16 -100.94 -100.69 -100.44 -100.12 -99.81 -99.44 -99.00 -98.53 -98.00 -97.41
-94.81 -95.03 -95.16 -95.44 -96.19 -97.06 -97.69 -98.25 -98.75 -99.06 -99.09 -98.84 -98.19 -97.91 -98.47 -99.09 -99.34 -99.53 -99.72 -99.91 -100.19 -100.41 -100.59 -100.69 -100.62 -100.47 -100.09 -99.34 -98.62 -98.19 -98.31 -98.94 -99.69 -100.16 -100.41 -100.62 -100.78 -100.91 -100.97 -101.00 -101.00 -101.00 -100.97 -100.91 -100.88 -100.84 -100.88 -100.97 -101.06 -101.16 -101.25 -101.31 -101.34 -101.34 -101.31 -101.28 -101.25 -101.16 -101.00 -100.81 -100.56 -100.28 -99.97 -99.62 -99.28 -98.84 -98.41 -97.88 -97.28
-94.47 -94.62 -94.72 -95.19 -96.00 -96.81 -97.38 -97.84 -98.25 -98.50 -98.47 -98.22 -97.56 -97.34 -98.00 -98.53 -98.78 -98.97 -99.09 -99.38 -99.69 -99.91 -100.09 -100.19 -100.16 -100.00 -99.53 -99.00 -98.69 -98.62 -98.88 -99.38 -100.00 -100.34 -100.59 -100.78 -100.97 -101.09 -101.16 -101.19 -101.19 -101.16 -101.12 -101.06 -101.03 -101.00 -101.00 -101.06 -101.16 -101.25 -101.31 -101.34 -101.34 -101.28 -101.25 -101.19 -101.12 -101.03 -100.88 -100.69 -100.44 -100.16 -99.84 -99.50 -99.12 -98.69 -98.22 -97.66 -96.94
-94.22 -94.28 -94.41 -94.81 -95.50 -96.34 -96.94 -97.41 -97.72 -97.91 -97.88 -97.66 -97.06 -96.84 -97.47 -97.97 -98.19 -98.31 -98.47 -98.84 -99.19 -99.41 -99.59 -99.72 -99.72 -99.53 -99.28 -99.22 -99.28 -99.38 -99.62 -100.00 -100.31 -100.56 -100.78 -100.97 -101.12 -101.25 -101.31 -101.38 -101.38 -101.34 -101.28 -101.25 -101.19 -101.16 -101.16 -101.19 -101.25 -101.31 -101.38 -101.38 -101.31 -101.25 -101.19 -101.12 -101.03 -100.94 -100.78 -100.59 -100.34 -100.09 -99.78 -99.44 -99.06 -98.62 -98.09 -97.44 -96.50
-94.09 -94.16 -94.25 -94.50 -95.03 -95.78 -96.44 -96.91 -97.22 -97.38 -97.38 -97.16 -96.69 -96.47 -96.91 -97.34 -97.50 -97.56 -97.84 -98.31 -98.69 -98.94 -99.16 -99.28 -99.34 -99.38 -99.53 -99.66 -99.81 -99.97 -100.16 -100.38 -100.59 -100.78 -100.97 -101.16 -101.31 -101.41 -101.47 -101.50 -101.53 -101.50 -101.44 -101.41 -101.38 -101.34 -101.31 -101.31 -101.34 -101.38 -101.41 -101.38 -101.31 -101.22 -101.16 -101.06 -100.97 -100.84 -100.72 -100.53 -100.31 -100.06 -99.78 -99.47 -99.09 -98.69 -98.16 -97.50 -96.69
-94.06 -94.22 -94.38 -94.56 -94.88 -95.41 -96.00 -96.47 -96.78 -96.94 -96.94 -96.81 -96.50 -96.25 -96.47 -96.72 -96.84 -97.03 -97.41 -97.88 -98.22 -98.50 -98.75 -98.97 -99.22 -99.50 -99.72 -99.91 -100.09 -100.25 -100.44 -100.62 -100.81 -101.00 -101.16 -101.31 -101.44 -101.53 -101.59 -101.62 -101.66 -101.62 -101.59 -101.56 -101.53 -101.50 -101.47 -101.44 -101.44 -101.44 -101.44 -101.38 -101.28 -101.22 -101.12 -101.03 -100.94 -100.81 -100.69 -100.53 -100.34 -100.12 -99.88 -99.56 -99.19 -98.75 -98.22 -97.66 -97.00
-94.06 -94.28 -94.47 -94.72 -95.00 -95.34 -95.78 -96.16 -96.44 -96.59 -96.62 -96.56 -96.41 -96.25 -96.31 -96.44 -96.62 -96.88 -97.22 -97.59 -97.91 -98.22 -98.56 -98.88 -99.22 -99.53 -99.81 -100.03 -100.25 -100.41 -100.59 -100.78 -100.97 -101.16 -101.31 -101.44 -101.56 -101.62 -101.69 -101.72 -101.75 -101.75 -101.72 -101.69 -101.66 -101.62 -101.59 -101.56 -101.53 -101.53 -101.47 -101.41 -101.31 -101.22 -101.12 -101.06 -100.97 -100.84 -100.72 -100.59 -100.44 -100.25 -100.00 -99.66 -99.25 -98.78 -98.25 -97.69 -97.06
-94.09 -94.31 -94.56 -94.81 -95.06 -95.38 -95.69 -95.97 -96.19 -96.34 -96.41 -96.38 -96.31 -96.22 -96.25 -96.38 -96.53 -96.78 -97.06 -97.34 -97.69 -98.03 -98.38 -98.75 -99.12 -99.44 -99.72 -99.97 -100.19 -100.41 -100.66 -100.88 -101.06 -101.25 -101.41 -101.53 -101.62 -101.69 -101.75 -101.78 -101.81 -101.81 -101.81 -101.78 -101.78 -101.75 -101.69 -101.66 -101.62 -101.59 -101.50 -101.44 -101.34 -101.25 -101.19 -101.09 -101.00 -100.91 -100.81 -100.72 -100.59 -100.38 -100.09 -99.75 -99.31 -98.81 -98.25 -97.62 -96.97
-94.12 -94.34 -94.59 -94.88 -95.12 -95.38 -95.59 -95.81 -96.03 -96.16 -96.22 -96.25 -96.19 -96.16 -96.19 -96.28 -96.44 -96.62 -96.84 -97.12 -97.44 -97.81 -98.19 -98.56 -98.94 -99.22 -99.50 -99.72 -99.97 -100.25 -100.53 -100.78 -101.03 -101.25 -101.41 -101.56 -101.66 -101.72 -101.78 -101.81 -101.84 -101.88 -101.88 -101.84 -101.84 -101.81 -101.78 -101.72 -101.69 -101.62 -101.56 -101.47 -101.41 -101.31 -101.25 -101.16 -101.09 -101.00 -100.94 -100.84 -100.72 -100.47 -100.16 -99.78 -99.31 -98.78 -98.12 -97.34 -96.53
-94.16 -94.38 -94.59 -94.84 -95.09 -95.31 -95.50 -95.69 -95.88 -96.00 -96.09 -96.12 -96.09 -96.09 -96.12 -96.19 -96.31 -96.44 -96.62 -96.88 -97.19 -97.56 -97.94 -98.28 -98.59 -98.88 -99.12 -99.34 -99.62 -100.00 -100.34 -100.66 -100.91 -101.12 -101.34 -101.47 -101.56 -101.66 -101.72 -101.78 -101.81 -101.88 -101.88 -101.91 -101.88 -101.88 -101.81 -101.75 -101.72 -101.66 -101.59 -101.53 -101.44 -101.38 -101.31 -101.25 -101.16 -101.09 -101.03 -100.94 -100.78 -100.53 -100.22 -99.81 -99.34 -98.72 -97.81 -96.94 -96.28
-94.19 -94.34 -94.53 -94.75 -94.97 -95.19 -95.38 -95.56 -95.72 -95.84 -95.94 -95.97 -95.97 -95.97 -96.00 -96.06 -96.12 -96.22 -96.34 -96.56 -96.91 -97.25 -97.59 -97.91 -98.19 -98.47 -98.69 -98.88 -99.22 -99.69 -100.12 -100.47 -100.72 -100.97 -101.19 -101.34 -101.44 -101.56 -101.62 -101.69 -101.75 -101.81 -101.84 -101.88 -101.88 -101.84 -101.81 -101.75 -101.69 -101.62 -101.59 -101.53 -101.47 -101.44 -101.38 -101.31 -101.25 -101.19 -101.09 -101.00 -100.84 -100.56 -100.25 -99.91 -99.44 -98.69 -97.78 -97.03 -96.72
-94.16 -94.28 -94.44 -94.59 -94.81 -95.00 -95.19 -95.38 -95.56 -95.69 -95.78 -95.81 -95.81 -95.84 -95.88 -95.91 -95.94 -96.00 -96.06 -96.25 -96.56 -96.91 -97.19 -97.47 -97.75 -98.00 -98.16 -98.28 -98.75 -99.38 -99.88 -100.25 -100.56 -100.81 -101.03 -101.16 -101.28 -101.38 -101.47 -101.56 -101.62 -101.72 -101.75 -101.78 -101.81 -101.78 -101.75 -101.69 -101.62 -101.59 -101.56 -101.53 -101.50 -101.47 -101.41 -101.34 -101.28 -101.22 -101.12 -101.00 -100.84 -100.59 -100.31 -99.97 -99.53 -98.88 -98.12 -97.62 -97.53
-94.06 -94.19 -94.31 -94.44 -94.62 -94.81 -95.00 -95.22 -95.41 -95.53 -95.62 -95.66 -95.66 -95.69 -95.72 -95.75 -95.78 -95.81 -95.88 -96.00 -96.25 -96.53 -96.78 -97.06 -97.31 -97.50 -97.56 -97.81 -98.50 -99.16 -99.66 -100.06 -100.38 -100.62 -100.81 -100.97 -101.06 -101.19 -101.28 -101.38 -101.47 -101.56 -101.62 -101.69 -101.69 -101.69 -101.66 -101.59 -101.53 -101.50 -101.47 -101.47 -101.47 -101.47 -101.44 -101.38 -101.31 -101.22 -101.12 -101.00 -100.84 -100.62 -100.38 -100.06 -99.69 -99.19 -98.72 -98.38 -98.16
-93.94 -94.03 -94.12 -94.25 -94.44 -94.62 -94.84 -95.03 -95.22 -95.34 -95.44 -95.47 -95.50 -95.53 -95.56 -95.62 -95.66 -95.72 -95.78 -95.88 -96.06 -96.25 -96.44 -96.66 -96.84 -96.97 -97.12 -97.78 -98.47 -99.03 -99.47 -99.88 -100.19 -100.38 -100.53 -100.69 -100.81 -100.94 -101.06 -101.16 -101.28 -101.38 -101.47 -101.53 -101.56 -101.56 -101.53 -101.47 -101.44 -101.38 -101.38 -101.38 -101.41 -101.41 -101.41 -101.34 -101.28 -101.19 -101.09 -100.97 -100.81 -100.62 -100.41 -100.16 -99.88 -99.53 -99.22 -98.91 -98.59
-93.75 -93.84 -93.94 -94.06 -94.25 -94.44 -94.66 -94.84 -95.03 -95.19 -95.28 -95.31 -95.38 -95.41 -95.47 -95.53 -95.59 -95.66 -95.72 -95.81 -95.91 -96.00 -96.12 -96.28 -96.38 -96.50 -97.06 -97.81 -98.38 -98.84 -99.28 -99.66 -99.88 -100.03 -100.22 -100.41 -100.53 -100.66 -100.78 -100.94 -101.06 -101.19 -101.28 -101.34 -101.41 -101.41 -101.41 -101.34 -101.28 -101.25 -101.22 -101.25 -101.28 -101.31 -101.31 -101.28 -101.22 -101.12 -101.03 -100.91 -100.81 -100.66 -100.47 -100.25 -100.03 -99.75 -99.47 -99.16 -98.78
-93.53 -93.59 -93.72 -93.84 -94.06 -94.28 -94.47 -94.69 -94.88 -95.03 -95.12 -95.22 -95.28 -95.34 -95.41 -95.50 -95.56 -95.62 -95.69 -95.72 -95.78 -95.81 -95.88 -95.91 -95.94 -96.25 -96.97 -97.66 -98.16 -98.59 -99.03 -99.31 -99.50 -99.69 -99.88 -100.06 -100.22 -100.34 -100.50 -100.66 -100.81 -100.97 -101.09 -101.16 -101.22 -101.25 -101.22 -101.16 -101.09 -101.06 -101.06 -101.09 -101.12 -101.19 -101.19 -101.16 -101.09 -101.00 -100.88 -100.81 -100.72 -100.62 -100.47 -100.28 -100.06 -99.81 -99.53 -99.19 -98.81
-93.31 -93.34 -93.47 -93.66 -93.88 -94.09 -94.34 -94.56 -94.75 -94.94 -95.06 -95.19 -95.25 -95.31 -95.41 -95.50 -95.56 -95.62 -95.69 -95.69 -95.69 -95.69 -95.69 -95.66 -95.66 -96.06 -96.78 -97.41 -97.91 -98.34 -98.69 -98.91 -99.09 -99.31 -99.53 -99.72 -99.84 -100.00 -100.19 -100.41 -100.56 -100.75 -100.88 -100.97 -101.00 -101.03 -101.03 -100.97 -100.91 -100.84 -100.84 -100.88 -100.94 -101.00 -101.00 -100.97 -100.91 -100.78 -100.69 -100.59 -100.53 -100.50 -100.41 -100.22 -100.00 -99.72 -99.38 -99.03 -98.66
-93.03 -93.09 -93.22 -93.47 -93.75 -94.03 -94.28 -94.50 -94.72 -94.91 -95.06 -95.19 -95.28 -95.34 -95.41 -95.50 -95.56 -95.66 -95.66 -95.66 -95.62 -95.59 -95.56 -95.53 -95.56 -95.97 -96.62 -97.19 -97.62 -98.06 -98.34 -98.50 -98.69 -98.94 -99.19 -99.34 -99.44 -99.62 -99.88 -100.12 -100.34 -100.53 -100.69 -100.75 -100.78 -100.81 -100.81 -100.75 -100.66 -100.59 -100.59 -100.62 -100.69 -100.75 -100.78 -100.75 -100.66 -100.53 -100.44 -100.31 -100.28 -100.25 -100.22 -100.09 -99.84 -99.53 -99.12 -98.72 -98.31
-92.78 -92.81 -93.06 -93.41 -93.72 -94.00 -94.28 -94.53 -94.75 -94.94 -95.12 -95.25 -95.34 -95.38 -95.44 -95.50 -95.59 -95.66 -95.69 -95.66 -95.59 -95.56 -95.53 -95.53 -95.59 -95.94 -96.47 -96.97 -97.38 -97.75 -97.94 -98.09 -98.25 -98.50 -98.75 -98.91 -99.06 -99.34 -99.66 -99.91 -100.16 -100.34 -100.47 -100.53 -100.53 -100.56 -100.56 -100.50 -100.41 -100.34 -100.31 -100.38 -100.44 -100.50 -100.50 -100.47 -100.34 -100.25 -100.09 -99.97 -99.91 -99.91 -99.94 -99.88 -99.69 -99.38 -98.94 -98.41 -97.84
-92.53 -92.69 -93.00 -93.34 -93.69 -94.00 -94.31 -94.56 -94.78 -95.00 -95.16 -95.31 -95.41 -95.44 -95.47 -95.53 -95.59 -95.66 -95.69 -95.66 -95.62 -95.56 -95.56 -95.56 -95.62 -95.91 -96.34 -96.75 -97.12 -97.38 -97.56 -97.62 -97.69 -97.91 -98.22 -98.53 -98.88 -99.19 -99.47 -99.75 -99.97 -100.16 -100.25 -100.28 -100.28 -100.31 -100.31 -100.25 -100.16 -100.06 -100.00 -100.06 -100.16 -100.22 -100.22 -100.16 -100.03 -99.88 -99.69 -99.50 -99.47 -99.50 -99.56 -99.56 -99.47 -99.22 -98.84 -98.28 -97.59
-92.34 -92.56 -92.91 -93.25 -93.59 -93.94 -94.25 -94.53 -94.78 -95.00 -95.19 -95.34 -95.44 -95.50 -95.50 -95.56 -95.59 -95.66 -95.66 -95.66 -95.62 -95.62 -95.59 -95.59 -95.66 -95.84 -96.19 -96.53 -96.81 -97.03 -97.16 -97.12 -97.22 -97.53 -97.97 -98.44 -98.78 -99.09 -99.34 -99.59 -99.81 -99.94 -100.00 -100.03 -100.03 -100.06 -100.03 -99.97 -99.91 -99.78 -99.69 -99.75 -99.88 -99.94 -99.91 -99.81 -99.66 -99.44 -99.06 -98.78 -98.91 -99.06 -99.09 -99.12 -99.09 -98.97 -98.66 -98.19 -97.56
