everonasctiles/Tile34,21.asc
ncols 128
nrows 128
xllcorner 0
yllcorner 0
cellsize 2.0
NODATA_value  -9999
[rows 0 to 34 of 128, columns 0 to 77 of 128]
-10.09 -10.00 -9.91 -9.81 -9.69 -9.59 -9.56 -9.47 -9.41 -9.31 -9.19 -9.12 -9.03 -8.91 -8.75 -8.66 -8.62 -8.66 -8.69 -8.84 -8.94 -9.03 -9.09 -9.16 -9.22 -9.28 -9.38 -9.44 -9.47 -9.53 -9.59 -9.59 -9.59 -9.59 -9.56 -9.47 -9.25 -8.97 -8.72 -8.50 -8.44 -8.47 -8.56 -8.72 -8.81 -8.91 -9.00 -9.06 -9.16 -9.22 -9.16 -9.06 -8.91 -8.66 -8.38 -8.06 -7.72 -7.44 -7.16 -6.88 -6.66 -6.47 -6.34 -6.31 -6.31 -6.38 -6.34 -6.34 -6.28 -6.25 -6.16 -6.03 -5.88 -5.72 -5.56 -5.38 -5.19 -4.97
-10.00 -9.94 -9.84 -9.72 -9.66 -9.59 -9.50 -9.44 -9.34 -9.25 -9.16 -9.06 -9.00 -8.94 -8.78 -8.69 -8.62 -8.62 -8.66 -8.75 -8.81 -8.91 -8.97 -9.03 -9.09 -9.16 -9.22 -9.28 -9.31 -9.38 -9.44 -9.47 -9.47 -9.47 -9.44 -9.38 -9.19 -8.88 -8.59 -8.38 -8.25 -8.31 -8.41 -8.44 -8.41 -8.44 -8.56 -8.72 -8.94 -9.09 -9.16 -9.06 -8.91 -8.66 -8.38 -8.06 -7.78 -7.47 -7.22 -6.97 -6.72 -6.56 -6.44 -6.41 -6.41 -6.41 -6.41 -6.38 -6.31 -6.25 -6.16 -6.03 -5.88 -5.72 -5.53 -5.38 -5.19 -4.97
-10.00 -9.91 -9.81 -9.72 -9.62 -9.53 -9.47 -9.41 -9.31 -9.22 -9.16 -9.03 -8.97 -8.91 -8.75 -8.69 -8.66 -8.66 -8.62 -8.69 -8.72 -8.78 -8.84 -8.88 -8.94 -9.00 -9.09 -9.12 -9.19 -9.25 -9.28 -9.31 -9.31 -9.34 -9.31 -9.28 -9.19 -9.00 -8.75 -8.56 -8.50 -8.53 -8.56 -8.50 -8.47 -8.41 -8.44 -8.66 -8.94 -9.09 -9.19 -9.12 -8.94 -8.69 -8.44 -8.16 -7.84 -7.56 -7.28 -7.03 -6.81 -6.62 -6.53 -6.50 -6.50 -6.47 -6.47 -6.44 -6.38 -6.28 -6.19 -6.03 -5.88 -5.72 -5.53 -5.38 -5.19 -5.00
-9.94 -9.84 -9.78 -9.69 -9.59 -9.53 -9.47 -9.38 -9.31 -9.22 -9.12 -9.03 -8.97 -8.84 -8.75 -8.69 -8.69 -8.69 -8.66 -8.59 -8.62 -8.66 -8.72 -8.75 -8.81 -8.88 -8.94 -9.00 -9.06 -9.09 -9.16 -9.19 -9.19 -9.22 -9.25 -9.25 -9.25 -9.19 -9.09 -9.03 -9.06 -9.09 -9.09 -8.97 -8.81 -8.69 -8.69 -8.88 -9.06 -9.19 -9.28 -9.19 -9.00 -8.75 -8.47 -8.19 -7.94 -7.66 -7.34 -7.12 -6.91 -6.72 -6.62 -6.59 -6.56 -6.56 -6.53 -6.47 -6.41 -6.34 -6.22 -6.06 -5.91 -5.75 -5.56 -5.41 -5.25 -5.06
-9.84 -9.81 -9.75 -9.62 -9.56 -9.53 -9.44 -9.38 -9.31 -9.22 -9.16 -9.03 -8.97 -8.91 -8.78 -8.72 -8.72 -8.69 -8.66 -8.62 -8.56 -8.53 -8.56 -8.62 -8.66 -8.72 -8.78 -8.84 -8.91 -8.97 -9.00 -9.03 -9.09 -9.16 -9.22 -9.28 -9.31 -9.34 -9.41 -9.47 -9.53 -9.62 -9.62 -9.56 -9.44 -9.31 -9.31 -9.38 -9.41 -9.41 -9.38 -9.25 -9.03 -8.81 -8.53 -8.31 -8.00 -7.72 -7.47 -7.22 -7.00 -6.81 -6.69 -6.66 -6.66 -6.62 -6.59 -6.56 -6.47 -6.38 -6.25 -6.09 -5.97 -5.78 -5.59 -5.44 -5.28 -5.09
-9.81 -9.75 -9.69 -9.66 -9.56 -9.50 -9.44 -9.38 -9.28 -9.22 -9.16 -9.06 -9.03 -8.94 -8.84 -8.81 -8.78 -8.75 -8.72 -8.69 -8.62 -8.59 -8.53 -8.53 -8.56 -8.62 -8.66 -8.72 -8.75 -8.84 -8.91 -8.97 -9.03 -9.12 -9.25 -9.34 -9.41 -9.50 -9.59 -9.69 -9.75 -9.81 -9.84 -9.88 -9.88 -9.88 -9.81 -9.75 -9.66 -9.56 -9.44 -9.25 -9.09 -8.88 -8.62 -8.34 -8.09 -7.81 -7.53 -7.28 -7.06 -6.91 -6.78 -6.75 -6.72 -6.69 -6.66 -6.59 -6.53 -6.41 -6.28 -6.16 -5.97 -5.81 -5.66 -5.50 -5.34 -5.12
-9.84 -9.75 -9.75 -9.66 -9.59 -9.50 -9.44 -9.38 -9.31 -9.25 -9.19 -9.09 -9.06 -9.00 -8.91 -8.84 -8.84 -8.84 -8.81 -8.75 -8.72 -8.69 -8.66 -8.59 -8.56 -8.56 -8.62 -8.66 -8.75 -8.84 -8.91 -8.97 -9.03 -9.16 -9.28 -9.44 -9.53 -9.62 -9.75 -9.84 -9.97 -10.03 -10.06 -10.09 -10.09 -10.06 -10.00 -9.88 -9.75 -9.66 -9.50 -9.28 -9.12 -8.88 -8.66 -8.41 -8.12 -7.88 -7.59 -7.34 -7.12 -6.97 -6.88 -6.84 -6.81 -6.78 -6.72 -6.66 -6.59 -6.47 -6.34 -6.25 -6.06 -5.91 -5.72 -5.56 -5.41 -5.22
-9.84 -9.78 -9.72 -9.66 -9.59 -9.53 -9.44 -9.38 -9.28 -9.25 -9.16 -9.12 -9.03 -9.03 -9.00 -8.91 -8.91 -8.94 -8.91 -8.88 -8.84 -8.78 -8.75 -8.69 -8.62 -8.62 -8.66 -8.69 -8.75 -8.84 -8.91 -9.00 -9.09 -9.22 -9.34 -9.53 -9.69 -9.81 -9.91 -10.03 -10.12 -10.22 -10.25 -10.28 -10.28 -10.22 -10.12 -10.00 -9.84 -9.69 -9.53 -9.31 -9.12 -8.91 -8.66 -8.44 -8.19 -7.91 -7.62 -7.38 -7.19 -7.03 -6.94 -6.94 -6.91 -6.88 -6.81 -6.72 -6.66 -6.53 -6.41 -6.28 -6.12 -5.97 -5.81 -5.66 -5.47 -5.31
-9.81 -9.75 -9.69 -9.66 -9.59 -9.47 -9.38 -9.31 -9.25 -9.19 -9.16 -9.09 -9.06 -9.03 -9.00 -8.97 -9.00 -9.00 -9.00 -8.97 -8.91 -8.88 -8.84 -8.81 -8.75 -8.75 -8.75 -8.78 -8.81 -8.88 -8.97 -9.06 -9.19 -9.31 -9.47 -9.62 -9.78 -9.97 -10.09 -10.22 -10.31 -10.38 -10.44 -10.44 -10.38 -10.31 -10.22 -10.06 -9.91 -9.72 -9.53 -9.31 -9.09 -8.91 -8.66 -8.47 -8.19 -7.91 -7.66 -7.44 -7.25 -7.12 -7.03 -7.00 -7.00 -6.94 -6.88 -6.81 -6.75 -6.62 -6.50 -6.38 -6.22 -6.06 -5.91 -5.75 -5.56 -5.41
-9.72 -9.69 -9.62 -9.56 -9.50 -9.44 -9.38 -9.34 -9.28 -9.22 -9.16 -9.12 -9.09 -9.06 -9.06 -9.03 -9.06 -9.09 -9.06 -9.00 -8.97 -8.97 -8.94 -8.91 -8.88 -8.84 -8.84 -8.88 -8.91 -8.94 -9.03 -9.16 -9.31 -9.47 -9.62 -9.81 -9.97 -10.12 -10.28 -10.41 -10.50 -10.56 -10.59 -10.56 -10.50 -10.41 -10.28 -10.12 -9.94 -9.75 -9.56 -9.31 -9.09 -8.91 -8.69 -8.47 -8.19 -7.94 -7.69 -7.47 -7.31 -7.22 -7.12 -7.09 -7.06 -7.03 -6.97 -6.88 -6.78 -6.69 -6.56 -6.47 -6.31 -6.16 -6.00 -5.88 -5.66 -5.47
-9.69 -9.66 -9.59 -9.56 -9.50 -9.47 -9.41 -9.34 -9.28 -9.25 -9.19 -9.16 -9.12 -9.12 -9.12 -9.12 -9.09 -9.09 -9.09 -9.06 -9.06 -9.06 -9.03 -9.03 -9.00 -8.97 -8.94 -8.97 -9.00 -9.03 -9.16 -9.28 -9.47 -9.66 -9.84 -10.03 -10.19 -10.34 -10.47 -10.59 -10.69 -10.72 -10.72 -10.69 -10.59 -10.47 -10.31 -10.19 -9.97 -9.75 -9.56 -9.34 -9.12 -8.91 -8.69 -8.44 -8.19 -7.94 -7.72 -7.50 -7.34 -7.28 -7.22 -7.19 -7.16 -7.09 -7.03 -6.97 -6.88 -6.78 -6.66 -6.56 -6.41 -6.25 -6.12 -5.94 -5.75 -5.56
-9.69 -9.66 -9.62 -9.56 -9.53 -9.47 -9.41 -9.38 -9.31 -9.28 -9.25 -9.22 -9.22 -9.19 -9.19 -9.19 -9.16 -9.16 -9.19 -9.16 -9.16 -9.16 -9.19 -9.16 -9.12 -9.09 -9.06 -9.06 -9.09 -9.16 -9.25 -9.44 -9.66 -9.88 -10.09 -10.25 -10.44 -10.59 -10.69 -10.78 -10.81 -10.84 -10.81 -10.75 -10.66 -10.53 -10.38 -10.16 -10.00 -9.75 -9.56 -9.31 -9.09 -8.91 -8.66 -8.41 -8.12 -7.94 -7.72 -7.53 -7.44 -7.34 -7.28 -7.25 -7.25 -7.16 -7.12 -7.06 -7.00 -6.88 -6.75 -6.69 -6.56 -6.38 -6.19 -6.06 -5.88 -5.69
-9.72 -9.66 -9.62 -9.59 -9.56 -9.50 -9.47 -9.41 -9.38 -9.31 -9.28 -9.28 -9.25 -9.25 -9.22 -9.22 -9.22 -9.19 -9.22 -9.22 -9.25 -9.25 -9.28 -9.28 -9.25 -9.22 -9.19 -9.19 -9.22 -9.31 -9.47 -9.66 -9.84 -10.06 -10.28 -10.47 -10.62 -10.75 -10.84 -10.91 -10.94 -10.94 -10.88 -10.81 -10.72 -10.56 -10.41 -10.22 -10.00 -9.78 -9.53 -9.34 -9.12 -8.88 -8.59 -8.34 -8.12 -7.91 -7.72 -7.59 -7.47 -7.41 -7.34 -7.34 -7.31 -7.28 -7.19 -7.16 -7.09 -7.00 -6.88 -6.75 -6.62 -6.50 -6.31 -6.16 -5.97 -5.78
-9.69 -9.66 -9.59 -9.56 -9.53 -9.50 -9.47 -9.41 -9.38 -9.34 -9.31 -9.31 -9.28 -9.28 -9.28 -9.28 -9.25 -9.25 -9.25 -9.28 -9.31 -9.34 -9.38 -9.38 -9.34 -9.34 -9.31 -9.31 -9.34 -9.47 -9.66 -9.84 -10.03 -10.25 -10.47 -10.66 -10.81 -10.91 -10.97 -11.03 -11.03 -11.00 -10.97 -10.88 -10.75 -10.62 -10.41 -10.22 -10.00 -9.78 -9.56 -9.31 -9.06 -8.78 -8.56 -8.31 -8.09 -7.91 -7.75 -7.62 -7.53 -7.47 -7.44 -7.41 -7.41 -7.38 -7.31 -7.25 -7.16 -7.06 -6.97 -6.84 -6.72 -6.59 -6.44 -6.25 -6.09 -5.91
-9.66 -9.59 -9.59 -9.56 -9.53 -9.50 -9.47 -9.44 -9.38 -9.34 -9.34 -9.34 -9.34 -9.34 -9.31 -9.31 -9.31 -9.28 -9.31 -9.34 -9.38 -9.41 -9.44 -9.44 -9.44 -9.44 -9.44 -9.47 -9.53 -9.66 -9.84 -10.06 -10.25 -10.44 -10.62 -10.81 -10.94 -11.03 -11.09 -11.12 -11.09 -11.06 -11.00 -10.94 -10.81 -10.62 -10.44 -10.22 -10.00 -9.75 -9.50 -9.22 -8.97 -8.72 -8.47 -8.25 -8.06 -7.91 -7.78 -7.66 -7.59 -7.56 -7.53 -7.50 -7.47 -7.47 -7.41 -7.34 -7.25 -7.19 -7.09 -6.97 -6.84 -6.69 -6.56 -6.38 -6.22 -5.97
-9.62 -9.59 -9.56 -9.53 -9.50 -9.50 -9.47 -9.44 -9.41 -9.38 -9.38 -9.38 -9.38 -9.38 -9.38 -9.38 -9.38 -9.38 -9.38 -9.41 -9.44 -9.47 -9.50 -9.53 -9.56 -9.56 -9.56 -9.62 -9.72 -9.84 -10.03 -10.25 -10.44 -10.62 -10.81 -10.94 -11.06 -11.12 -11.16 -11.19 -11.16 -11.12 -11.03 -10.94 -10.81 -10.62 -10.41 -10.19 -9.94 -9.66 -9.41 -9.12 -8.88 -8.59 -8.41 -8.22 -8.03 -7.91 -7.81 -7.72 -7.66 -7.66 -7.62 -7.59 -7.59 -7.56 -7.50 -7.44 -7.38 -7.28 -7.19 -7.09 -6.97 -6.84 -6.69 -6.50 -6.28 -6.06
-9.56 -9.53 -9.50 -9.50 -9.47 -9.47 -9.47 -9.44 -9.41 -9.41 -9.41 -9.41 -9.41 -9.44 -9.44 -9.44 -9.44 -9.44 -9.44 -9.50 -9.53 -9.56 -9.56 -9.59 -9.62 -9.66 -9.69 -9.78 -9.88 -10.06 -10.25 -10.41 -10.59 -10.78 -10.94 -11.06 -11.16 -11.22 -11.22 -11.22 -11.19 -11.12 -11.06 -10.94 -10.81 -10.62 -10.38 -10.12 -9.84 -9.56 -9.28 -9.00 -8.75 -8.53 -8.34 -8.19 -8.06 -7.94 -7.84 -7.78 -7.75 -7.75 -7.72 -7.69 -7.69 -7.66 -7.59 -7.56 -7.47 -7.41 -7.31 -7.19 -7.09 -6.94 -6.78 -6.56 -6.31 -6.03
-9.53 -9.53 -9.50 -9.47 -9.47 -9.44 -9.44 -9.41 -9.41 -9.41 -9.41 -9.44 -9.44 -9.47 -9.47 -9.47 -9.47 -9.50 -9.50 -9.56 -9.59 -9.62 -9.66 -9.69 -9.72 -9.75 -9.81 -9.91 -10.06 -10.22 -10.41 -10.59 -10.75 -10.91 -11.03 -11.16 -11.22 -11.25 -11.25 -11.25 -11.22 -11.16 -11.06 -10.97 -10.81 -10.59 -10.34 -10.06 -9.75 -9.44 -9.16 -8.91 -8.69 -8.47 -8.31 -8.19 -8.06 -7.94 -7.91 -7.88 -7.84 -7.84 -7.81 -7.78 -7.75 -7.75 -7.69 -7.66 -7.59 -7.53 -7.44 -7.31 -7.19 -7.00 -6.78 -6.53 -6.25 -5.97
-9.53 -9.50 -9.50 -9.47 -9.47 -9.44 -9.44 -9.41 -9.41 -9.41 -9.44 -9.44 -9.47 -9.50 -9.50 -9.53 -9.53 -9.56 -9.56 -9.62 -9.66 -9.72 -9.75 -9.78 -9.81 -9.84 -9.94 -10.03 -10.19 -10.38 -10.56 -10.72 -10.91 -11.03 -11.12 -11.19 -11.22 -11.25 -11.28 -11.25 -11.22 -11.19 -11.09 -10.94 -10.78 -10.53 -10.25 -9.94 -9.66 -9.34 -9.06 -8.81 -8.59 -8.44 -8.31 -8.19 -8.06 -8.03 -7.97 -7.97 -7.94 -7.94 -7.91 -7.88 -7.88 -7.84 -7.81 -7.75 -7.69 -7.62 -7.53 -7.41 -7.25 -7.00 -6.72 -6.44 -6.12 -5.84
-9.50 -9.50 -9.50 -9.47 -9.47 -9.47 -9.44 -9.44 -9.41 -9.44 -9.44 -9.47 -9.50 -9.53 -9.56 -9.56 -9.59 -9.59 -9.66 -9.69 -9.75 -9.78 -9.81 -9.88 -9.91 -9.97 -10.06 -10.16 -10.31 -10.50 -10.69 -10.84 -11.00 -11.09 -11.19 -11.22 -11.25 -11.28 -11.28 -11.25 -11.22 -11.16 -11.06 -10.94 -10.72 -10.47 -10.19 -9.88 -9.53 -9.25 -8.97 -8.72 -8.56 -8.44 -8.28 -8.19 -8.12 -8.09 -8.09 -8.06 -8.03 -8.00 -8.00 -7.97 -7.97 -7.94 -7.91 -7.88 -7.84 -7.72 -7.62 -7.47 -7.22 -6.91 -6.56 -6.22 -5.91 -5.59
-9.47 -9.47 -9.47 -9.47 -9.47 -9.47 -9.47 -9.44 -9.44 -9.47 -9.47 -9.50 -9.53 -9.56 -9.59 -9.62 -9.66 -9.69 -9.72 -9.75 -9.81 -9.84 -9.91 -9.94 -10.00 -10.06 -10.16 -10.28 -10.44 -10.59 -10.78 -10.91 -11.06 -11.16 -11.25 -11.28 -11.31 -11.31 -11.31 -11.28 -11.25 -11.16 -11.06 -10.91 -10.69 -10.41 -10.12 -9.78 -9.47 -9.16 -8.94 -8.69 -8.53 -8.44 -8.31 -8.25 -8.22 -8.19 -8.16 -8.12 -8.12 -8.09 -8.09 -8.09 -8.06 -8.06 -8.03 -8.00 -7.91 -7.84 -7.72 -7.41 -7.06 -6.72 -6.34 -5.97 -5.59 -5.28
-9.38 -9.41 -9.41 -9.44 -9.44 -9.47 -9.47 -9.47 -9.47 -9.50 -9.50 -9.53 -9.56 -9.59 -9.62 -9.66 -9.72 -9.75 -9.78 -9.84 -9.88 -9.94 -9.97 -10.03 -10.09 -10.12 -10.25 -10.38 -10.53 -10.69 -10.84 -11.00 -11.12 -11.22 -11.28 -11.31 -11.34 -11.34 -11.31 -11.28 -11.25 -11.19 -11.06 -10.88 -10.66 -10.38 -10.06 -9.72 -9.38 -9.09 -8.84 -8.66 -8.53 -8.44 -8.38 -8.34 -8.31 -8.28 -8.25 -8.22 -8.22 -8.19 -8.19 -8.19 -8.16 -8.16 -8.16 -8.12 -8.03 -7.88 -7.66 -7.31 -6.84 -6.47 -6.03 -5.66 -5.19 -4.88
-9.25 -9.28 -9.31 -9.34 -9.38 -9.41 -9.44 -9.44 -9.47 -9.50 -9.53 -9.56 -9.59 -9.62 -9.66 -9.72 -9.78 -9.81 -9.84 -9.91 -9.97 -10.00 -10.06 -10.12 -10.16 -10.22 -10.34 -10.47 -10.59 -10.75 -10.91 -11.03 -11.16 -11.25 -11.28 -11.34 -11.34 -11.34 -11.34 -11.31 -11.25 -11.19 -11.03 -10.84 -10.59 -10.31 -9.97 -9.62 -9.25 -8.94 -8.69 -8.53 -8.44 -8.41 -8.38 -8.38 -8.38 -8.34 -8.31 -8.31 -8.28 -8.28 -8.28 -8.28 -8.28 -8.28 -8.25 -8.22 -8.06 -7.84 -7.50 -7.09 -6.59 -6.16 -5.72 -5.22 -4.81 -4.47
-9.09 -9.16 -9.19 -9.22 -9.25 -9.31 -9.34 -9.41 -9.44 -9.47 -9.50 -9.56 -9.59 -9.66 -9.69 -9.75 -9.81 -9.88 -9.91 -9.97 -10.03 -10.09 -10.16 -10.22 -10.25 -10.31 -10.41 -10.53 -10.66 -10.81 -10.94 -11.06 -11.19 -11.25 -11.31 -11.34 -11.38 -11.38 -11.34 -11.31 -11.22 -11.12 -11.00 -10.78 -10.53 -10.19 -9.81 -9.41 -9.06 -8.75 -8.56 -8.44 -8.38 -8.38 -8.38 -8.41 -8.41 -8.44 -8.41 -8.41 -8.38 -8.38 -8.38 -8.38 -8.38 -8.38 -8.34 -8.28 -8.06 -7.69 -7.34 -6.84 -6.31 -5.81 -5.38 -4.91 -4.47 -4.12
-8.94 -8.97 -9.03 -9.06 -9.12 -9.16 -9.22 -9.28 -9.34 -9.38 -9.44 -9.50 -9.56 -9.66 -9.72 -9.78 -9.84 -9.91 -9.97 -10.03 -10.09 -10.16 -10.25 -10.28 -10.34 -10.38 -10.47 -10.59 -10.72 -10.84 -10.97 -11.09 -11.19 -11.25 -11.31 -11.34 -11.38 -11.34 -11.31 -11.25 -11.19 -11.06 -10.91 -10.69 -10.34 -9.97 -9.59 -9.19 -8.84 -8.56 -8.38 -8.31 -8.28 -8.28 -8.31 -8.34 -8.41 -8.47 -8.47 -8.47 -8.47 -8.50 -8.47 -8.47 -8.47 -8.47 -8.44 -8.28 -8.00 -7.56 -7.12 -6.59 -6.03 -5.50 -5.00 -4.56 -4.16 -3.84
-8.72 -8.78 -8.84 -8.91 -8.97 -9.03 -9.06 -9.12 -9.19 -9.25 -9.34 -9.44 -9.50 -9.59 -9.69 -9.78 -9.84 -9.91 -10.00 -10.06 -10.16 -10.22 -10.28 -10.34 -10.41 -10.47 -10.53 -10.66 -10.75 -10.88 -11.00 -11.09 -11.19 -11.25 -11.31 -11.34 -11.34 -11.34 -11.28 -11.22 -11.12 -10.97 -10.81 -10.53 -10.16 -9.75 -9.34 -8.94 -8.59 -8.34 -8.22 -8.16 -8.16 -8.19 -8.25 -8.31 -8.38 -8.47 -8.53 -8.56 -8.56 -8.56 -8.56 -8.56 -8.59 -8.56 -8.50 -8.28 -7.91 -7.41 -6.91 -6.41 -5.81 -5.22 -4.72 -4.31 -3.94 -3.66
-8.50 -8.56 -8.62 -8.72 -8.78 -8.84 -8.88 -8.94 -9.00 -9.09 -9.22 -9.31 -9.41 -9.53 -9.62 -9.72 -9.81 -9.91 -10.00 -10.09 -10.19 -10.25 -10.34 -10.41 -10.44 -10.50 -10.59 -10.69 -10.78 -10.88 -11.00 -11.06 -11.16 -11.22 -11.28 -11.28 -11.31 -11.28 -11.22 -11.16 -11.03 -10.88 -10.69 -10.34 -9.91 -9.47 -9.03 -8.66 -8.34 -8.16 -8.06 -8.06 -8.06 -8.09 -8.19 -8.28 -8.41 -8.50 -8.59 -8.62 -8.69 -8.69 -8.66 -8.66 -8.66 -8.66 -8.53 -8.25 -7.81 -7.28 -6.75 -6.16 -5.53 -4.97 -4.47 -4.09 -3.84 -3.62
-8.31 -8.38 -8.44 -8.53 -8.59 -8.66 -8.69 -8.75 -8.84 -8.94 -9.06 -9.19 -9.31 -9.44 -9.53 -9.62 -9.75 -9.84 -9.97 -10.06 -10.19 -10.28 -10.34 -10.44 -10.47 -10.53 -10.62 -10.72 -10.81 -10.88 -10.97 -11.06 -11.12 -11.19 -11.25 -11.25 -11.25 -11.19 -11.12 -11.06 -10.94 -10.78 -10.50 -10.09 -9.62 -9.16 -8.72 -8.34 -8.12 -8.00 -7.97 -7.97 -8.00 -8.03 -8.12 -8.25 -8.41 -8.56 -8.66 -8.72 -8.75 -8.78 -8.75 -8.75 -8.75 -8.75 -8.53 -8.19 -7.72 -7.19 -6.56 -5.97 -5.34 -4.81 -4.31 -4.06 -3.84 -3.62
-8.09 -8.16 -8.25 -8.31 -8.38 -8.44 -8.50 -8.56 -8.66 -8.78 -8.91 -9.03 -9.16 -9.28 -9.41 -9.53 -9.66 -9.78 -9.91 -10.03 -10.16 -10.25 -10.38 -10.44 -10.50 -10.56 -10.62 -10.72 -10.81 -10.88 -10.94 -11.03 -11.09 -11.16 -11.19 -11.22 -11.19 -11.12 -11.06 -10.97 -10.84 -10.66 -10.31 -9.84 -9.31 -8.81 -8.38 -8.03 -7.88 -7.81 -7.84 -7.88 -7.91 -8.00 -8.09 -8.25 -8.44 -8.59 -8.72 -8.81 -8.84 -8.84 -8.88 -8.88 -8.88 -8.81 -8.53 -8.12 -7.59 -7.06 -6.44 -5.81 -5.19 -4.72 -4.31 -4.06 -3.88 -3.69
-7.88 -7.97 -8.03 -8.12 -8.19 -8.25 -8.31 -8.41 -8.50 -8.59 -8.72 -8.84 -8.97 -9.12 -9.25 -9.41 -9.53 -9.69 -9.81 -9.97 -10.09 -10.22 -10.34 -10.44 -10.50 -10.59 -10.66 -10.72 -10.78 -10.84 -10.91 -10.97 -11.06 -11.09 -11.12 -11.12 -11.12 -11.06 -11.00 -10.91 -10.78 -10.53 -10.06 -9.53 -8.97 -8.47 -8.00 -7.75 -7.62 -7.62 -7.66 -7.72 -7.81 -7.94 -8.09 -8.25 -8.47 -8.66 -8.81 -8.91 -8.94 -8.97 -8.97 -8.97 -8.94 -8.84 -8.50 -8.06 -7.53 -6.97 -6.34 -5.72 -5.09 -4.69 -4.31 -4.12 -3.94 -3.78
-7.66 -7.75 -7.84 -7.94 -8.00 -8.06 -8.12 -8.22 -8.31 -8.41 -8.53 -8.66 -8.78 -8.94 -9.09 -9.25 -9.41 -9.56 -9.72 -9.88 -10.03 -10.16 -10.28 -10.41 -10.50 -10.56 -10.66 -10.72 -10.78 -10.84 -10.88 -10.94 -11.00 -11.03 -11.06 -11.06 -11.03 -11.00 -10.91 -10.84 -10.62 -10.28 -9.78 -9.19 -8.62 -8.09 -7.69 -7.47 -7.41 -7.41 -7.47 -7.56 -7.69 -7.88 -8.06 -8.31 -8.53 -8.75 -8.91 -9.03 -9.06 -9.06 -9.06 -9.03 -9.00 -8.78 -8.47 -8.00 -7.47 -6.88 -6.28 -5.66 -5.09 -4.69 -4.41 -4.19 -4.06 -3.91
-7.47 -7.53 -7.62 -7.72 -7.78 -7.84 -7.91 -8.00 -8.09 -8.22 -8.34 -8.47 -8.59 -8.75 -8.94 -9.09 -9.28 -9.44 -9.59 -9.75 -9.91 -10.06 -10.19 -10.31 -10.44 -10.53 -10.59 -10.69 -10.75 -10.81 -10.84 -10.91 -10.94 -10.97 -11.00 -11.00 -10.97 -10.91 -10.84 -10.75 -10.47 -10.06 -9.50 -8.91 -8.31 -7.81 -7.44 -7.25 -7.19 -7.22 -7.28 -7.41 -7.59 -7.81 -8.09 -8.41 -8.66 -8.84 -9.03 -9.16 -9.16 -9.19 -9.16 -9.09 -8.97 -8.75 -8.44 -7.94 -7.41 -6.84 -6.25 -5.66 -5.16 -4.78 -4.53 -4.38 -4.19 -4.03
-7.25 -7.34 -7.44 -7.50 -7.56 -7.62 -7.72 -7.81 -7.91 -8.03 -8.16 -8.28 -8.44 -8.59 -8.78 -8.94 -9.09 -9.28 -9.44 -9.62 -9.78 -9.94 -10.06 -10.22 -10.34 -10.44 -10.53 -10.62 -10.69 -10.75 -10.81 -10.84 -10.88 -10.91 -10.94 -10.91 -10.88 -10.84 -10.78 -10.62 -10.25 -9.81 -9.25 -8.62 -8.06 -7.59 -7.28 -7.09 -7.03 -7.06 -7.12 -7.31 -7.50 -7.78 -8.12 -8.50 -8.78 -9.00 -9.16 -9.25 -9.28 -9.25 -9.19 -9.09 -8.91 -8.69 -8.34 -7.88 -7.38 -6.78 -6.22 -5.66 -5.22 -4.84 -4.66 -4.53 -4.38 -4.22
-7.06 -7.16 -7.25 -7.31 -7.38 -7.44 -7.50 -7.59 -7.72 -7.81 -7.97 -8.09 -8.25 -8.41 -8.59 -8.75 -8.94 -9.09 -9.28 -9.44 -9.62 -9.78 -9.94 -10.06 -10.22 -10.34 -10.44 -10.56 -10.62 -10.69 -10.78 -10.81 -10.84 -10.88 -10.88 -10.88 -10.84 -10.81 -10.72 -10.47 -10.06 -9.59 -9.03 -8.41 -7.84 -7.47 -7.22 -7.03 -6.94 -6.94 -7.03 -7.19 -7.47 -7.81 -8.25 -8.66 -8.97 -9.16 -9.31 -9.38 -9.34 -9.28 -9.19 -9.00 -8.84 -8.56 -8.25 -7.78 -7.28 -6.72 -6.16 -5.69 -5.31 -5.00 -4.81 -4.72 -4.62 -4.50
-6.88 -6.97 -7.06 -7.12 -7.19 -7.25 -7.31 -7.41 -7.53 -7.66 -7.78 -7.91 -8.06 -8.22 -8.38 -8.56 -8.72 -8.91 -9.06 -9.25 -9.44 -9.59 -9.75 -9.91 -10.03 -10.19 -10.31 -10.44 -10.53 -10.62 -10.69 -10.75 -10.78 -10.81 -10.84 -10.84 -10.81 -10.78 -10.69 -10.34 -9.88 -9.38 -8.81 -8.22 -7.75 -7.44 -7.19 -7.06 -6.97 -6.94 -7.03 -7.19 -7.56 -7.97 -8.41 -8.81 -9.16 -9.34 -9.47 -9.47 -9.41 -9.28 -9.12 -8.94 -8.75 -8.47 -8.16 -7.69 -7.16 -6.59 -6.09 -5.69 -5.34 -5.09 -4.91 -4.84 -4.88 -4.81
