everonasctiles/Tile17,25.asc
ncols 128
nrows 128
xllcorner 0
yllcorner 0
cellsize 2.0
NODATA_value  -9999
[rows 64 to 95 of 128, columns 0 to 70 of 128]
122.66 122.56 122.50 122.41 122.31 122.22 122.16 122.06 121.97 121.84 121.75 121.62 121.47 121.34 121.22 121.06 120.94 120.81 120.69 120.56 120.47 120.38 120.28 120.19 120.09 119.97 119.88 119.81 119.72 119.59 119.50 119.38 119.25 119.12 119.00 118.88 118.75 118.59 118.47 118.34 118.22 118.09 117.97 117.84 117.69 117.56 117.44 117.31 117.19 117.06 116.94 116.81 116.72 116.59 116.50 116.41 116.34 116.28 116.22 116.19 116.12 116.09 116.06 116.06 116.06 115.94 115.66 115.34 115.06 114.81 114.56
121.97 121.88 121.81 121.72 121.62 121.53 121.44 121.34 121.25 121.12 121.00 120.88 120.75 120.62 120.53 120.44 120.34 120.31 120.25 120.22 120.19 120.16 120.09 120.00 119.94 119.88 119.81 119.75 119.69 119.59 119.47 119.34 119.22 119.12 119.00 118.88 118.75 118.59 118.47 118.34 118.22 118.09 117.97 117.81 117.69 117.56 117.44 117.31 117.19 117.06 116.94 116.81 116.72 116.62 116.53 116.44 116.38 116.28 116.22 116.19 116.16 116.16 116.19 116.12 115.91 115.66 115.38 115.09 114.81 114.56 114.31
121.75 121.69 121.59 121.50 121.41 121.34 121.25 121.16 121.06 120.94 120.84 120.75 120.66 120.59 120.50 120.41 120.34 120.31 120.25 120.22 120.19 120.16 120.09 120.03 119.94 119.88 119.81 119.75 119.69 119.59 119.47 119.34 119.22 119.12 119.00 118.88 118.75 118.59 118.47 118.34 118.22 118.09 117.97 117.81 117.69 117.56 117.44 117.31 117.19 117.06 116.94 116.84 116.72 116.62 116.53 116.47 116.38 116.31 116.22 116.19 116.19 116.19 116.06 115.84 115.59 115.31 115.06 114.78 114.50 114.22 113.97
121.75 121.69 121.59 121.50 121.41 121.34 121.25 121.16 121.06 120.97 120.88 120.75 120.66 120.59 120.50 120.41 120.34 120.31 120.28 120.22 120.19 120.16 120.09 120.03 119.97 119.88 119.81 119.75 119.69 119.59 119.47 119.34 119.25 119.12 119.00 118.88 118.75 118.59 118.47 118.34 118.22 118.09 117.97 117.81 117.69 117.56 117.44 117.31 117.19 117.06 116.94 116.84 116.72 116.59 116.47 116.34 116.19 116.09 116.03 116.00 115.97 115.88 115.69 115.47 115.22 114.97 114.69 114.41 114.12 113.84 113.56
121.75 121.69 121.59 121.50 121.41 121.34 121.25 121.16 121.06 120.97 120.88 120.78 120.69 120.59 120.50 120.44 120.34 120.31 120.28 120.22 120.19 120.12 120.03 119.94 119.84 119.75 119.62 119.53 119.41 119.25 119.12 118.97 118.84 118.69 118.53 118.38 118.22 118.09 117.94 117.81 117.69 117.56 117.47 117.38 117.25 117.16 117.03 116.91 116.75 116.62 116.47 116.34 116.22 116.09 115.94 115.81 115.72 115.69 115.72 115.69 115.62 115.50 115.31 115.06 114.81 114.56 114.28 113.97 113.69 113.41 113.12
121.75 121.66 121.56 121.50 121.41 121.31 121.22 121.12 121.03 120.91 120.81 120.69 120.56 120.47 120.31 120.19 120.06 119.94 119.78 119.66 119.53 119.38 119.19 119.03 118.88 118.69 118.53 118.38 118.22 118.06 117.94 117.75 117.59 117.41 117.22 117.06 116.91 116.75 116.62 116.53 116.41 116.31 116.25 116.19 116.12 116.06 116.03 116.00 115.94 115.88 115.78 115.72 115.69 115.62 115.59 115.53 115.47 115.44 115.41 115.38 115.25 115.06 114.88 114.62 114.38 114.09 113.81 113.53 113.25 112.97 112.66
121.12 121.03 120.94 120.84 120.78 120.69 120.59 120.50 120.41 120.25 120.12 119.97 119.81 119.66 119.50 119.34 119.22 119.06 118.94 118.81 118.69 118.56 118.41 118.28 118.16 118.00 117.88 117.75 117.62 117.47 117.34 117.19 117.03 116.88 116.72 116.56 116.41 116.28 116.16 116.03 115.91 115.81 115.75 115.66 115.62 115.59 115.56 115.53 115.53 115.50 115.47 115.44 115.41 115.34 115.31 115.28 115.22 115.16 115.09 115.00 114.84 114.62 114.41 114.16 113.91 113.62 113.34 113.06 112.75 112.47 112.16
120.47 120.38 120.25 120.16 120.06 120.00 119.91 119.81 119.72 119.59 119.50 119.38 119.28 119.16 119.06 118.94 118.81 118.66 118.53 118.41 118.28 118.12 118.00 117.84 117.69 117.56 117.41 117.28 117.16 117.00 116.88 116.72 116.56 116.41 116.25 116.09 115.94 115.81 115.69 115.56 115.44 115.34 115.25 115.19 115.12 115.09 115.06 115.06 115.06 115.09 115.09 115.09 115.09 115.06 115.03 115.00 114.94 114.88 114.75 114.59 114.41 114.19 113.97 113.69 113.44 113.16 112.84 112.56 112.25 111.97 111.66
120.09 120.00 119.91 119.81 119.69 119.59 119.50 119.41 119.31 119.19 119.09 118.97 118.88 118.75 118.62 118.50 118.38 118.25 118.12 117.97 117.84 117.69 117.53 117.41 117.25 117.09 116.97 116.81 116.69 116.53 116.38 116.25 116.09 115.94 115.78 115.62 115.47 115.34 115.19 115.06 114.97 114.88 114.78 114.72 114.69 114.66 114.62 114.62 114.62 114.66 114.69 114.75 114.78 114.78 114.75 114.72 114.66 114.53 114.34 114.16 113.97 113.72 113.47 113.19 112.94 112.62 112.34 112.03 111.75 111.44 111.12
119.72 119.62 119.50 119.41 119.31 119.19 119.09 119.00 118.88 118.78 118.66 118.56 118.44 118.31 118.22 118.09 117.94 117.81 117.69 117.53 117.38 117.25 117.09 116.94 116.78 116.66 116.50 116.34 116.22 116.06 115.91 115.75 115.62 115.47 115.31 115.16 115.00 114.88 114.72 114.59 114.50 114.41 114.31 114.25 114.22 114.19 114.19 114.19 114.19 114.22 114.28 114.34 114.44 114.44 114.44 114.41 114.28 114.12 113.94 113.72 113.50 113.22 112.97 112.69 112.38 112.09 111.81 111.50 111.19 110.91 110.56
119.34 119.22 119.12 119.00 118.91 118.78 118.69 118.56 118.47 118.34 118.25 118.12 118.00 117.88 117.78 117.66 117.50 117.38 117.22 117.09 116.94 116.78 116.66 116.50 116.34 116.19 116.03 115.91 115.75 115.59 115.44 115.28 115.16 115.00 114.84 114.69 114.53 114.41 114.25 114.12 114.03 113.94 113.88 113.81 113.75 113.75 113.72 113.72 113.75 113.78 113.84 113.94 114.03 114.09 114.12 114.06 113.91 113.72 113.50 113.25 113.00 112.72 112.44 112.16 111.84 111.56 111.25 110.97 110.66 110.34 110.03
118.94 118.81 118.72 118.59 118.47 118.38 118.25 118.16 118.03 117.91 117.81 117.69 117.56 117.44 117.31 117.19 117.06 116.94 116.78 116.66 116.50 116.34 116.19 116.03 115.88 115.75 115.59 115.44 115.28 115.12 114.97 114.84 114.69 114.53 114.38 114.22 114.06 113.91 113.78 113.66 113.56 113.47 113.41 113.34 113.31 113.28 113.28 113.28 113.31 113.34 113.44 113.53 113.62 113.72 113.75 113.69 113.50 113.28 113.03 112.75 112.47 112.19 111.91 111.59 111.31 111.00 110.72 110.41 110.09 109.78 109.47
118.56 118.44 118.31 118.19 118.06 117.94 117.84 117.72 117.59 117.47 117.34 117.25 117.12 117.00 116.88 116.75 116.62 116.47 116.34 116.19 116.06 115.91 115.75 115.59 115.44 115.28 115.12 115.00 114.84 114.69 114.53 114.38 114.22 114.06 113.91 113.75 113.59 113.47 113.31 113.22 113.12 113.03 112.97 112.91 112.84 112.84 112.81 112.84 112.88 112.91 113.00 113.09 113.19 113.31 113.34 113.25 113.06 112.81 112.53 112.25 111.94 111.66 111.38 111.06 110.75 110.47 110.16 109.84 109.53 109.22 108.88
118.16 118.03 117.91 117.78 117.66 117.53 117.41 117.28 117.16 117.06 116.94 116.81 116.69 116.56 116.44 116.31 116.16 116.03 115.88 115.75 115.59 115.44 115.28 115.16 115.00 114.84 114.69 114.53 114.38 114.22 114.06 113.91 113.75 113.59 113.44 113.28 113.12 113.00 112.88 112.75 112.66 112.56 112.50 112.44 112.41 112.38 112.38 112.38 112.44 112.47 112.56 112.66 112.78 112.88 112.91 112.78 112.56 112.28 112.00 111.72 111.41 111.12 110.81 110.50 110.19 109.88 109.56 109.25 108.94 108.62 108.31
117.72 117.59 117.47 117.34 117.22 117.09 116.97 116.84 116.72 116.59 116.47 116.38 116.25 116.12 115.97 115.84 115.72 115.59 115.44 115.28 115.16 115.00 114.84 114.69 114.53 114.41 114.25 114.09 113.94 113.78 113.62 113.47 113.31 113.16 113.00 112.84 112.69 112.56 112.44 112.31 112.22 112.12 112.06 112.00 111.97 111.94 111.94 111.94 111.97 112.03 112.12 112.22 112.34 112.44 112.44 112.25 112.00 111.75 111.47 111.16 110.88 110.56 110.25 109.94 109.62 109.31 109.00 108.69 108.38 108.03 107.72
117.31 117.19 117.06 116.94 116.78 116.66 116.53 116.41 116.28 116.16 116.03 115.91 115.78 115.66 115.53 115.41 115.28 115.12 115.00 114.84 114.69 114.56 114.41 114.25 114.09 113.94 113.81 113.66 113.50 113.34 113.19 113.03 112.88 112.69 112.53 112.38 112.25 112.09 111.97 111.88 111.75 111.69 111.59 111.53 111.50 111.47 111.47 111.50 111.53 111.59 111.69 111.81 111.94 112.00 111.91 111.72 111.47 111.19 110.91 110.59 110.31 109.97 109.66 109.34 109.03 108.72 108.41 108.09 107.78 107.47 107.12
116.91 116.75 116.62 116.50 116.38 116.22 116.09 115.97 115.84 115.72 115.59 115.47 115.34 115.22 115.09 114.94 114.81 114.69 114.53 114.41 114.25 114.09 113.97 113.81 113.66 113.50 113.38 113.22 113.06 112.91 112.75 112.59 112.44 112.25 112.09 111.94 111.81 111.66 111.53 111.41 111.31 111.22 111.16 111.09 111.03 111.03 111.03 111.03 111.09 111.16 111.28 111.38 111.50 111.50 111.38 111.16 110.91 110.62 110.34 110.03 109.72 109.41 109.09 108.78 108.44 108.12 107.81 107.50 107.19 106.88 106.53
116.47 116.34 116.19 116.06 115.94 115.78 115.66 115.53 115.41 115.28 115.16 115.03 114.88 114.75 114.62 114.50 114.38 114.22 114.09 113.94 113.81 113.66 113.53 113.38 113.22 113.09 112.94 112.78 112.62 112.47 112.31 112.16 112.00 111.84 111.66 111.53 111.38 111.22 111.09 110.97 110.88 110.78 110.69 110.62 110.59 110.56 110.56 110.59 110.66 110.75 110.84 110.97 111.06 111.00 110.81 110.59 110.34 110.06 109.75 109.44 109.12 108.81 108.50 108.19 107.88 107.56 107.25 106.94 106.59 106.28 105.94
116.03 115.91 115.75 115.62 115.50 115.34 115.22 115.09 114.97 114.84 114.69 114.56 114.44 114.31 114.19 114.06 113.91 113.78 113.66 113.50 113.38 113.22 113.09 112.94 112.78 112.66 112.50 112.38 112.22 112.06 111.91 111.75 111.59 111.41 111.25 111.09 110.94 110.81 110.69 110.56 110.44 110.34 110.25 110.19 110.12 110.09 110.12 110.16 110.22 110.31 110.44 110.56 110.56 110.47 110.28 110.03 109.75 109.47 109.16 108.88 108.56 108.25 107.94 107.62 107.28 106.97 106.66 106.34 106.00 105.69 105.34
115.62 115.47 115.31 115.19 115.06 114.91 114.78 114.66 114.53 114.38 114.25 114.12 114.00 113.88 113.75 113.59 113.47 113.34 113.19 113.06 112.94 112.78 112.66 112.50 112.38 112.22 112.09 111.94 111.81 111.66 111.50 111.34 111.19 111.03 110.84 110.69 110.53 110.41 110.25 110.12 110.00 109.88 109.81 109.72 109.69 109.66 109.66 109.69 109.78 109.91 110.03 110.12 110.06 109.91 109.69 109.44 109.16 108.88 108.56 108.28 107.97 107.66 107.34 107.03 106.72 106.38 106.06 105.75 105.44 105.09 104.75
115.19 115.03 114.88 114.75 114.62 114.47 114.34 114.22 114.06 113.94 113.81 113.69 113.56 113.41 113.28 113.16 113.03 112.91 112.78 112.62 112.50 112.38 112.25 112.09 111.97 111.84 111.69 111.56 111.41 111.28 111.12 110.97 110.81 110.62 110.47 110.31 110.16 110.00 109.84 109.69 109.56 109.44 109.34 109.28 109.22 109.19 109.22 109.25 109.34 109.47 109.62 109.62 109.53 109.34 109.09 108.84 108.56 108.28 107.97 107.66 107.34 107.06 106.75 106.44 106.12 105.81 105.50 105.16 104.84 104.50 104.19
114.75 114.59 114.44 114.31 114.16 114.03 113.91 113.75 113.62 113.50 113.38 113.25 113.09 112.97 112.84 112.72 112.59 112.47 112.34 112.22 112.09 111.94 111.81 111.69 111.56 111.44 111.28 111.16 111.00 110.88 110.72 110.56 110.41 110.25 110.09 109.91 109.75 109.59 109.44 109.28 109.16 109.03 108.91 108.84 108.78 108.75 108.75 108.81 108.91 109.06 109.16 109.09 108.94 108.72 108.50 108.22 107.94 107.66 107.34 107.06 106.75 106.44 106.16 105.84 105.53 105.22 104.91 104.59 104.25 103.94 103.59
114.31 114.16 114.00 113.88 113.72 113.59 113.47 113.31 113.19 113.06 112.94 112.81 112.66 112.53 112.41 112.28 112.19 112.06 111.94 111.81 111.69 111.56 111.44 111.31 111.19 111.06 110.91 110.78 110.66 110.50 110.34 110.19 110.03 109.88 109.72 109.56 109.38 109.22 109.06 108.91 108.75 108.62 108.50 108.41 108.31 108.28 108.28 108.31 108.47 108.62 108.56 108.47 108.31 108.12 107.88 107.59 107.31 107.03 106.75 106.44 106.16 105.84 105.56 105.25 104.94 104.62 104.31 104.00 103.69 103.38 103.03
113.84 113.72 113.56 113.44 113.28 113.16 113.03 112.88 112.75 112.62 112.50 112.38 112.25 112.12 112.00 111.91 111.78 111.66 111.53 111.44 111.31 111.19 111.06 110.94 110.81 110.69 110.56 110.41 110.28 110.12 110.00 109.84 109.69 109.53 109.38 109.22 109.03 108.88 108.69 108.53 108.38 108.25 108.09 108.00 107.91 107.84 107.84 107.94 108.03 108.06 107.97 107.84 107.66 107.47 107.22 106.97 106.69 106.41 106.12 105.81 105.53 105.25 104.94 104.66 104.34 104.06 103.75 103.44 103.12 102.81 102.47
113.44 113.28 113.12 113.00 112.88 112.72 112.59 112.47 112.34 112.22 112.09 111.97 111.84 111.72 111.62 111.50 111.38 111.28 111.16 111.03 110.94 110.81 110.69 110.56 110.44 110.31 110.19 110.06 109.94 109.78 109.66 109.50 109.34 109.19 109.03 108.88 108.69 108.53 108.38 108.19 108.03 107.91 107.75 107.59 107.50 107.44 107.50 107.50 107.50 107.44 107.31 107.19 107.00 106.81 106.56 106.31 106.03 105.75 105.50 105.22 104.94 104.62 104.34 104.06 103.75 103.47 103.16 102.88 102.56 102.25 101.94
113.00 112.88 112.72 112.59 112.47 112.31 112.19 112.06 111.94 111.81 111.69 111.59 111.47 111.34 111.25 111.12 111.03 110.91 110.78 110.69 110.56 110.44 110.34 110.22 110.09 109.97 109.84 109.72 109.56 109.44 109.28 109.16 109.00 108.88 108.72 108.56 108.38 108.22 108.03 107.91 107.75 107.59 107.44 107.25 107.09 107.03 107.00 106.94 106.88 106.78 106.66 106.50 106.34 106.12 105.91 105.66 105.38 105.12 104.84 104.59 104.31 104.03 103.75 103.47 103.16 102.88 102.59 102.28 102.00 101.69 101.38
112.59 112.44 112.31 112.19 112.06 111.94 111.81 111.69 111.56 111.44 111.34 111.22 111.09 111.00 110.88 110.75 110.66 110.53 110.44 110.31 110.22 110.09 109.97 109.88 109.75 109.62 109.50 109.38 109.22 109.09 108.97 108.81 108.69 108.53 108.38 108.25 108.06 107.91 107.75 107.56 107.34 107.12 107.03 106.66 106.44 106.44 106.38 106.31 106.25 106.12 106.00 105.81 105.66 105.44 105.22 104.97 104.72 104.47 104.22 103.94 103.69 103.41 103.12 102.88 102.59 102.31 102.00 101.72 101.44 101.16 100.84
112.19 112.06 111.94 111.81 111.69 111.56 111.44 111.31 111.19 111.06 110.97 110.84 110.75 110.62 110.53 110.41 110.31 110.19 110.09 109.97 109.88 109.75 109.66 109.53 109.41 109.28 109.16 109.03 108.91 108.75 108.62 108.50 108.38 108.22 108.09 107.94 107.81 107.66 107.38 107.00 106.69 106.44 106.22 105.81 105.81 105.81 105.75 105.69 105.56 105.44 105.31 105.16 104.97 104.75 104.53 104.31 104.06 103.84 103.56 103.31 103.06 102.81 102.53 102.25 102.00 101.72 101.44 101.16 100.88 100.59 100.31
111.78 111.66 111.53 111.41 111.28 111.19 111.06 110.94 110.81 110.72 110.59 110.50 110.38 110.28 110.19 110.06 109.97 109.84 109.75 109.62 109.53 109.41 109.31 109.19 109.06 108.94 108.81 108.69 108.56 108.44 108.31 108.19 108.06 107.91 107.78 107.66 107.44 107.00 106.59 106.25 105.97 105.69 105.41 105.22 105.19 105.16 105.09 105.00 104.91 104.75 104.62 104.44 104.25 104.06 103.88 103.66 103.41 103.19 102.94 102.69 102.44 102.19 101.94 101.66 101.41 101.12 100.88 100.59 100.34 100.06 99.78
111.38 111.28 111.16 111.03 110.94 110.81 110.69 110.59 110.47 110.38 110.25 110.16 110.06 109.94 109.84 109.72 109.62 109.53 109.41 109.31 109.19 109.09 108.97 108.88 108.75 108.62 108.50 108.38 108.25 108.12 108.00 107.88 107.75 107.62 107.44 107.03 106.59 106.19 105.84 105.47 105.16 104.84 104.59 104.59 104.56 104.50 104.41 104.31 104.22 104.06 103.91 103.75 103.56 103.38 103.19 102.97 102.75 102.53 102.28 102.06 101.81 101.56 101.31 101.06 100.81 100.56 100.31 100.03 99.78 99.50 99.25
111.00 110.88 110.78 110.66 110.56 110.44 110.34 110.25 110.12 110.03 109.94 109.81 109.72 109.62 109.50 109.41 109.31 109.19 109.09 109.00 108.88 108.78 108.66 108.53 108.44 108.31 108.19 108.03 107.91 107.78 107.66 107.53 107.38 107.03 106.53 106.09 105.69 105.34 104.97 104.62 104.22 104.06 103.97 103.94 103.88 103.84 103.75 103.62 103.50 103.34 103.19 103.03 102.84 102.69 102.47 102.28 102.06 101.84 101.62 101.41 101.19 100.94 100.69 100.47 100.22 99.97 99.72 99.47 99.22 98.97 98.72
110.59 110.50 110.41 110.31 110.19 110.09 110.00 109.91 109.78 109.69 109.59 109.50 109.38 109.28 109.19 109.09 108.97 108.88 108.78 108.69 108.56 108.47 108.34 108.25 108.12 108.00 107.88 107.72 107.59 107.44 107.31 106.94 106.38 105.91 105.50 105.09 104.72 104.34 103.91 103.59 103.56 103.41 103.31 103.28 103.19 103.12 103.00 102.88 102.75 102.62 102.47 102.31 102.16 101.97 101.78 101.59 101.41 101.19 100.97 100.75 100.53 100.31 100.09 99.88 99.62 99.38 99.16 98.91 98.66 98.41 98.19
