everonasctiles/Tile18,4.asc
ncols 128
nrows 128
xllcorner 0
yllcorner 0
cellsize 2.0
NODATA_value  -9999
[rows 0 to 31 of 128, columns 0 to 70 of 128]
-31.47 -32.28 -32.97 -33.81 -34.78 -35.69 -36.41 -37.06 -37.62 -38.09 -38.44 -38.62 -38.62 -38.47 -38.25 -38.00 -37.88 -37.97 -38.12 -38.12 -38.03 -37.84 -37.66 -37.50 -37.41 -37.31 -37.19 -36.97 -36.75 -36.50 -36.34 -36.19 -36.12 -36.28 -36.53 -36.84 -37.16 -37.47 -37.78 -38.16 -38.56 -39.03 -39.47 -39.91 -40.34 -40.72 -41.09 -41.47 -41.84 -42.22 -42.59 -42.97 -43.34 -43.69 -44.00 -44.31 -44.56 -44.78 -45.00 -45.19 -45.34 -45.47 -45.56 -45.59 -45.53 -45.47 -45.38 -45.25 -45.16 -45.28 -45.66
-31.03 -31.91 -32.84 -33.72 -34.66 -35.56 -36.31 -36.94 -37.44 -37.78 -38.00 -38.06 -37.94 -37.66 -37.22 -36.75 -36.53 -36.62 -37.03 -37.12 -36.97 -36.69 -36.50 -36.44 -36.44 -36.38 -36.47 -36.41 -36.28 -36.12 -36.00 -36.16 -36.38 -36.59 -36.81 -37.09 -37.38 -37.69 -38.03 -38.38 -38.75 -39.16 -39.59 -40.00 -40.38 -40.75 -41.09 -41.44 -41.78 -42.12 -42.50 -42.84 -43.22 -43.53 -43.84 -44.09 -44.34 -44.56 -44.78 -44.97 -45.12 -45.25 -45.34 -45.34 -45.31 -45.25 -45.06 -44.94 -45.12 -45.47 -45.94
-30.75 -31.81 -32.88 -33.81 -34.72 -35.53 -36.22 -36.75 -37.12 -37.38 -37.44 -37.38 -37.16 -36.75 -36.09 -35.28 -34.97 -35.09 -35.50 -35.84 -35.62 -35.56 -35.31 -35.03 -35.19 -35.38 -35.72 -35.81 -35.78 -35.72 -35.91 -36.22 -36.47 -36.72 -37.00 -37.31 -37.62 -37.94 -38.28 -38.59 -38.94 -39.31 -39.69 -40.06 -40.44 -40.75 -41.06 -41.38 -41.69 -42.03 -42.34 -42.69 -43.03 -43.31 -43.59 -43.84 -44.09 -44.31 -44.53 -44.72 -44.91 -45.00 -45.09 -45.12 -45.09 -45.00 -44.91 -45.12 -45.50 -45.91 -46.31
-30.78 -31.88 -32.88 -33.88 -34.75 -35.47 -36.03 -36.47 -36.72 -36.78 -36.72 -36.53 -36.25 -35.75 -34.94 -33.97 -33.41 -33.31 -33.66 -34.28 -34.41 -34.44 -34.19 -33.84 -33.78 -34.16 -34.94 -35.16 -35.28 -35.53 -35.88 -36.22 -36.53 -36.84 -37.16 -37.50 -37.84 -38.19 -38.50 -38.81 -39.12 -39.44 -39.78 -40.12 -40.44 -40.72 -41.03 -41.28 -41.56 -41.84 -42.16 -42.44 -42.75 -43.03 -43.31 -43.56 -43.84 -44.09 -44.31 -44.50 -44.62 -44.75 -44.81 -44.84 -44.84 -44.88 -45.09 -45.47 -45.81 -46.19 -46.56
-30.81 -31.94 -32.97 -33.88 -34.69 -35.31 -35.75 -36.03 -36.12 -36.06 -35.84 -35.50 -35.03 -34.56 -33.88 -32.84 -31.91 -31.56 -31.97 -32.56 -32.97 -33.19 -33.09 -32.91 -33.25 -33.75 -34.03 -34.66 -35.03 -35.47 -35.88 -36.25 -36.59 -36.97 -37.31 -37.69 -38.03 -38.38 -38.69 -38.97 -39.25 -39.56 -39.84 -40.12 -40.41 -40.66 -40.94 -41.16 -41.38 -41.62 -41.88 -42.16 -42.44 -42.75 -43.03 -43.31 -43.56 -43.84 -44.03 -44.22 -44.34 -44.44 -44.50 -44.56 -44.62 -44.88 -45.25 -45.62 -45.97 -46.34 -46.75
-30.94 -31.97 -32.94 -33.78 -34.53 -35.03 -35.28 -35.44 -35.41 -35.16 -34.75 -34.19 -33.81 -33.31 -32.69 -31.84 -30.88 -30.28 -30.56 -31.12 -31.50 -31.84 -32.09 -32.28 -32.56 -33.12 -33.59 -34.34 -34.91 -35.41 -35.88 -36.28 -36.69 -37.09 -37.47 -37.81 -38.19 -38.50 -38.81 -39.09 -39.38 -39.62 -39.84 -40.09 -40.31 -40.56 -40.78 -40.97 -41.16 -41.34 -41.56 -41.81 -42.12 -42.44 -42.72 -43.06 -43.31 -43.56 -43.75 -43.91 -44.00 -44.09 -44.19 -44.28 -44.50 -44.88 -45.31 -45.72 -46.09 -46.53 -46.94
-30.97 -31.94 -32.81 -33.59 -34.25 -34.62 -34.75 -34.69 -34.44 -34.00 -33.44 -32.91 -32.53 -32.03 -31.47 -30.75 -29.84 -29.31 -29.34 -29.59 -30.03 -30.75 -31.28 -31.56 -31.97 -32.38 -33.25 -33.97 -34.78 -35.34 -35.88 -36.34 -36.78 -37.22 -37.59 -37.97 -38.31 -38.62 -38.94 -39.19 -39.44 -39.66 -39.84 -40.03 -40.22 -40.41 -40.56 -40.72 -40.88 -41.03 -41.22 -41.47 -41.81 -42.19 -42.50 -42.81 -43.06 -43.28 -43.41 -43.53 -43.66 -43.75 -43.88 -44.00 -44.41 -44.91 -45.38 -45.78 -46.22 -46.66 -47.09
-30.84 -31.78 -32.56 -33.25 -33.78 -34.03 -34.00 -33.69 -33.12 -32.44 -31.84 -31.50 -31.22 -30.75 -30.12 -29.66 -29.03 -28.47 -28.22 -28.66 -29.22 -30.00 -30.47 -30.62 -31.16 -31.97 -32.69 -33.81 -34.66 -35.28 -35.84 -36.41 -36.88 -37.31 -37.72 -38.06 -38.41 -38.72 -39.00 -39.25 -39.47 -39.66 -39.81 -39.94 -40.09 -40.22 -40.34 -40.50 -40.62 -40.78 -41.00 -41.31 -41.66 -42.00 -42.31 -42.59 -42.81 -42.94 -43.06 -43.16 -43.28 -43.38 -43.47 -43.78 -44.38 -44.94 -45.41 -45.84 -46.31 -46.78 -47.22
-30.62 -31.47 -32.22 -32.81 -33.16 -33.28 -33.06 -32.53 -31.59 -30.62 -29.97 -29.84 -29.78 -29.38 -28.88 -28.69 -28.34 -27.81 -27.53 -28.00 -28.81 -29.47 -29.78 -30.00 -30.56 -31.31 -32.28 -33.44 -34.50 -35.19 -35.81 -36.38 -36.91 -37.38 -37.78 -38.16 -38.50 -38.78 -39.03 -39.28 -39.47 -39.62 -39.75 -39.84 -39.94 -40.03 -40.16 -40.28 -40.44 -40.66 -40.94 -41.22 -41.56 -41.88 -42.16 -42.38 -42.50 -42.56 -42.66 -42.78 -42.88 -42.91 -43.06 -43.62 -44.38 -44.94 -45.41 -45.88 -46.34 -46.81 -47.28
-30.38 -31.16 -31.75 -32.22 -32.44 -32.38 -32.03 -31.28 -30.25 -29.09 -28.34 -28.19 -28.19 -28.03 -27.97 -28.00 -27.75 -27.38 -27.28 -27.75 -28.47 -29.00 -29.34 -29.81 -30.41 -31.12 -32.06 -33.00 -34.28 -35.09 -35.75 -36.34 -36.88 -37.38 -37.81 -38.19 -38.53 -38.81 -39.03 -39.25 -39.41 -39.53 -39.62 -39.72 -39.81 -39.88 -40.00 -40.12 -40.34 -40.59 -40.88 -41.16 -41.44 -41.72 -41.94 -42.09 -42.16 -42.19 -42.25 -42.31 -42.31 -42.41 -42.88 -43.56 -44.31 -44.88 -45.38 -45.88 -46.38 -46.84 -47.31
-30.06 -30.81 -31.31 -31.59 -31.59 -31.31 -30.75 -29.91 -28.81 -27.59 -26.88 -26.59 -26.72 -26.84 -27.06 -27.19 -27.12 -27.00 -27.03 -27.59 -28.22 -28.66 -29.09 -29.69 -30.38 -31.16 -32.09 -32.84 -33.97 -34.88 -35.66 -36.28 -36.84 -37.34 -37.78 -38.16 -38.50 -38.75 -39.00 -39.19 -39.31 -39.44 -39.50 -39.59 -39.66 -39.75 -39.91 -40.06 -40.28 -40.53 -40.78 -41.06 -41.31 -41.53 -41.69 -41.75 -41.78 -41.78 -41.78 -41.75 -41.81 -42.25 -42.91 -43.66 -44.28 -44.81 -45.34 -45.84 -46.38 -46.84 -47.31
-29.69 -30.38 -30.84 -30.97 -30.62 -30.03 -29.19 -28.38 -27.31 -26.25 -25.78 -25.56 -25.56 -25.78 -26.09 -26.28 -26.41 -26.44 -26.78 -27.31 -27.84 -28.38 -28.84 -29.31 -29.97 -30.59 -31.53 -32.47 -33.53 -34.72 -35.59 -36.22 -36.78 -37.28 -37.72 -38.09 -38.41 -38.66 -38.88 -39.06 -39.19 -39.28 -39.38 -39.44 -39.53 -39.66 -39.81 -40.00 -40.22 -40.44 -40.69 -40.94 -41.12 -41.25 -41.34 -41.38 -41.38 -41.38 -41.31 -41.25 -41.66 -42.38 -43.09 -43.69 -44.22 -44.78 -45.31 -45.84 -46.38 -46.84 -47.34
-29.41 -30.09 -30.41 -30.28 -29.66 -28.78 -27.78 -26.78 -25.78 -25.06 -24.81 -24.69 -24.66 -24.59 -24.88 -25.28 -25.62 -26.03 -26.47 -26.97 -27.38 -27.91 -28.38 -28.81 -29.22 -30.03 -30.88 -31.69 -32.75 -34.34 -35.47 -36.12 -36.69 -37.19 -37.62 -37.97 -38.28 -38.53 -38.72 -38.88 -39.00 -39.09 -39.19 -39.28 -39.41 -39.56 -39.72 -39.94 -40.12 -40.34 -40.53 -40.72 -40.84 -40.94 -40.97 -40.97 -40.97 -40.91 -40.78 -40.97 -41.62 -42.50 -43.09 -43.62 -44.19 -44.72 -45.28 -45.81 -46.31 -46.81 -47.28
-29.22 -29.75 -29.91 -29.56 -28.81 -27.84 -26.81 -25.69 -24.59 -24.06 -23.84 -23.72 -23.69 -23.62 -23.81 -24.38 -24.94 -25.62 -26.03 -26.41 -26.84 -27.28 -27.72 -28.19 -28.78 -29.31 -30.03 -30.69 -32.44 -34.09 -35.28 -36.03 -36.59 -37.06 -37.50 -37.84 -38.12 -38.34 -38.53 -38.69 -38.81 -38.94 -39.03 -39.16 -39.28 -39.44 -39.62 -39.81 -40.00 -40.19 -40.34 -40.47 -40.53 -40.59 -40.59 -40.59 -40.53 -40.38 -40.31 -40.72 -41.53 -42.44 -43.00 -43.50 -44.06 -44.62 -45.16 -45.69 -46.16 -46.62 -47.12
-28.94 -29.34 -29.31 -28.84 -28.12 -27.19 -26.09 -24.84 -23.94 -23.34 -23.03 -22.94 -22.94 -23.06 -23.41 -23.84 -24.44 -25.06 -25.50 -25.94 -26.19 -26.59 -27.06 -27.59 -27.91 -28.47 -29.44 -30.47 -32.22 -33.72 -35.16 -35.94 -36.47 -36.94 -37.34 -37.69 -37.94 -38.16 -38.31 -38.47 -38.62 -38.75 -38.88 -39.00 -39.16 -39.31 -39.50 -39.69 -39.84 -39.97 -40.06 -40.16 -40.19 -40.22 -40.19 -40.16 -40.06 -39.78 -39.88 -40.44 -41.31 -42.22 -42.88 -43.38 -43.91 -44.44 -44.97 -45.44 -45.84 -46.28 -46.84
-28.53 -28.78 -28.66 -28.25 -27.59 -26.66 -25.50 -24.34 -23.38 -22.69 -22.38 -22.22 -22.34 -22.69 -22.94 -23.38 -23.94 -24.47 -24.88 -25.19 -25.31 -25.78 -26.50 -27.00 -27.56 -28.25 -29.47 -31.16 -32.59 -34.12 -35.22 -35.84 -36.38 -36.81 -37.22 -37.50 -37.72 -37.91 -38.09 -38.25 -38.41 -38.53 -38.69 -38.84 -39.03 -39.19 -39.34 -39.50 -39.62 -39.69 -39.78 -39.81 -39.84 -39.81 -39.81 -39.72 -39.44 -39.22 -39.47 -40.16 -40.97 -41.84 -42.66 -43.25 -43.75 -44.25 -44.69 -45.09 -45.44 -45.78 -46.31
-27.97 -28.16 -28.03 -27.62 -27.00 -26.09 -24.97 -23.94 -23.06 -22.28 -21.81 -21.62 -21.72 -22.06 -22.50 -22.91 -23.31 -23.81 -24.34 -24.66 -24.94 -25.34 -26.12 -26.88 -27.78 -28.69 -30.09 -31.66 -33.31 -34.47 -35.19 -35.78 -36.28 -36.69 -37.03 -37.31 -37.50 -37.69 -37.88 -38.03 -38.19 -38.38 -38.53 -38.72 -38.88 -39.03 -39.19 -39.28 -39.34 -39.41 -39.47 -39.47 -39.47 -39.44 -39.34 -39.09 -38.81 -38.81 -39.28 -40.00 -40.75 -41.53 -42.31 -43.03 -43.56 -44.03 -44.38 -44.62 -44.81 -45.28 -46.06
-27.41 -27.50 -27.34 -26.91 -26.38 -25.50 -24.47 -23.62 -22.69 -21.97 -21.34 -21.00 -21.06 -21.44 -22.03 -22.41 -22.78 -23.19 -23.88 -24.62 -25.19 -25.81 -26.38 -27.28 -28.25 -29.44 -30.81 -32.34 -33.59 -34.56 -35.19 -35.72 -36.19 -36.56 -36.84 -37.09 -37.28 -37.47 -37.66 -37.84 -38.00 -38.19 -38.38 -38.53 -38.69 -38.84 -38.94 -39.03 -39.06 -39.09 -39.12 -39.09 -39.09 -39.03 -38.78 -38.47 -38.41 -38.78 -39.47 -40.22 -40.97 -41.66 -42.31 -42.91 -43.41 -43.78 -44.06 -44.25 -44.66 -45.28 -46.16
-26.84 -26.81 -26.53 -26.19 -25.72 -25.03 -24.16 -23.28 -22.53 -21.91 -21.28 -20.81 -20.66 -20.84 -21.19 -21.72 -22.12 -22.62 -23.50 -24.66 -25.62 -26.38 -27.09 -27.97 -29.09 -30.25 -31.47 -32.78 -33.91 -34.62 -35.19 -35.69 -36.09 -36.44 -36.69 -36.91 -37.09 -37.28 -37.47 -37.66 -37.84 -38.03 -38.19 -38.34 -38.47 -38.59 -38.66 -38.72 -38.75 -38.75 -38.75 -38.75 -38.72 -38.53 -38.19 -38.06 -38.47 -39.16 -39.94 -40.75 -41.44 -42.03 -42.56 -43.06 -43.53 -43.97 -44.34 -44.75 -45.12 -45.69 -46.47
-26.25 -26.09 -25.75 -25.44 -24.97 -24.44 -23.72 -22.97 -22.41 -21.88 -21.28 -20.78 -20.66 -20.72 -20.94 -21.19 -21.59 -22.22 -23.34 -24.56 -25.59 -26.62 -27.69 -28.41 -29.62 -30.72 -31.91 -33.06 -34.03 -34.69 -35.22 -35.66 -36.00 -36.31 -36.53 -36.75 -36.94 -37.12 -37.31 -37.50 -37.69 -37.88 -38.00 -38.12 -38.22 -38.31 -38.34 -38.38 -38.38 -38.38 -38.38 -38.38 -38.28 -37.97 -37.78 -38.16 -38.88 -39.69 -40.50 -41.12 -41.69 -42.22 -42.75 -43.28 -43.78 -44.25 -44.75 -45.25 -45.75 -46.31 -46.91
-25.66 -25.47 -25.12 -24.75 -24.34 -23.91 -23.38 -22.84 -22.38 -21.81 -21.22 -20.91 -20.78 -20.78 -21.00 -21.28 -21.91 -22.56 -23.44 -24.34 -25.38 -26.69 -27.72 -28.75 -29.75 -31.19 -32.25 -33.28 -34.09 -34.69 -35.19 -35.59 -35.94 -36.19 -36.41 -36.62 -36.81 -37.00 -37.19 -37.38 -37.56 -37.69 -37.78 -37.84 -37.91 -37.97 -38.03 -38.03 -38.03 -38.03 -38.00 -37.94 -37.72 -37.53 -37.84 -38.53 -39.34 -40.12 -40.72 -41.25 -41.81 -42.34 -42.91 -43.44 -43.94 -44.47 -45.00 -45.53 -46.09 -46.69 -47.28
-25.09 -24.91 -24.72 -24.41 -24.00 -23.56 -23.16 -22.75 -22.28 -21.84 -21.47 -21.19 -21.03 -21.09 -21.34 -21.84 -22.56 -23.44 -24.16 -24.88 -25.56 -26.72 -27.94 -29.03 -30.03 -31.19 -32.50 -33.38 -34.12 -34.69 -35.16 -35.53 -35.84 -36.09 -36.31 -36.50 -36.72 -36.91 -37.09 -37.28 -37.41 -37.50 -37.53 -37.56 -37.59 -37.62 -37.66 -37.66 -37.66 -37.66 -37.56 -37.34 -37.22 -37.53 -38.16 -38.97 -39.72 -40.28 -40.81 -41.34 -41.91 -42.44 -42.97 -43.50 -44.00 -44.56 -45.12 -45.72 -46.34 -46.97 -47.59
-24.56 -24.44 -24.25 -24.06 -23.75 -23.34 -22.94 -22.59 -22.25 -21.94 -21.72 -21.50 -21.28 -21.28 -21.72 -22.25 -23.19 -24.31 -25.06 -25.66 -26.50 -27.41 -28.31 -29.22 -30.25 -31.53 -32.56 -33.53 -34.19 -34.69 -35.09 -35.47 -35.75 -35.97 -36.19 -36.38 -36.59 -36.78 -36.97 -37.12 -37.22 -37.28 -37.28 -37.25 -37.25 -37.28 -37.28 -37.31 -37.28 -37.16 -36.94 -36.88 -37.22 -37.84 -38.59 -39.25 -39.81 -40.31 -40.84 -41.41 -41.94 -42.44 -42.94 -43.44 -43.94 -44.53 -45.16 -45.84 -46.56 -47.25 -47.94
-24.03 -23.97 -23.88 -23.72 -23.50 -23.16 -22.78 -22.59 -22.44 -22.31 -22.16 -21.94 -21.78 -21.72 -21.97 -22.56 -23.69 -24.78 -25.50 -26.22 -27.25 -28.22 -29.16 -30.09 -30.84 -31.94 -32.88 -33.69 -34.22 -34.69 -35.06 -35.38 -35.66 -35.88 -36.09 -36.28 -36.47 -36.62 -36.81 -36.94 -37.03 -37.03 -37.00 -36.97 -36.94 -36.94 -36.94 -36.91 -36.78 -36.56 -36.53 -36.88 -37.53 -38.25 -38.81 -39.34 -39.84 -40.34 -40.88 -41.38 -41.88 -42.34 -42.78 -43.25 -43.78 -44.41 -45.12 -45.94 -46.75 -47.53 -48.25
-23.53 -23.56 -23.56 -23.44 -23.25 -23.00 -22.84 -22.78 -22.78 -22.78 -22.66 -22.59 -22.44 -22.31 -22.44 -23.06 -24.19 -25.19 -26.03 -26.88 -27.75 -28.94 -29.94 -30.84 -31.69 -32.41 -33.25 -33.81 -34.28 -34.69 -35.00 -35.31 -35.56 -35.78 -35.97 -36.12 -36.31 -36.47 -36.62 -36.72 -36.78 -36.78 -36.75 -36.69 -36.62 -36.59 -36.56 -36.44 -36.22 -36.22 -36.59 -37.19 -37.84 -38.38 -38.84 -39.34 -39.84 -40.34 -40.81 -41.28 -41.72 -42.12 -42.56 -43.03 -43.59 -44.31 -45.16 -46.06 -46.97 -47.78 -48.56
-23.19 -23.22 -23.28 -23.25 -23.09 -23.00 -23.03 -23.09 -23.12 -23.09 -23.12 -23.09 -23.03 -22.94 -23.09 -23.66 -24.66 -25.78 -26.66 -27.59 -28.56 -29.44 -30.34 -31.19 -32.06 -32.81 -33.38 -33.88 -34.28 -34.62 -34.94 -35.19 -35.41 -35.62 -35.81 -35.97 -36.16 -36.28 -36.41 -36.47 -36.53 -36.53 -36.47 -36.41 -36.34 -36.31 -36.22 -36.03 -36.06 -36.41 -36.94 -37.44 -37.91 -38.38 -38.84 -39.31 -39.81 -40.28 -40.72 -41.12 -41.50 -41.88 -42.28 -42.91 -43.69 -44.53 -45.41 -46.28 -47.22 -48.06 -48.88
-22.84 -22.91 -23.00 -23.03 -23.00 -23.06 -23.19 -23.28 -23.34 -23.41 -23.50 -23.56 -23.62 -23.75 -24.09 -24.56 -25.38 -26.50 -27.34 -28.16 -29.12 -30.03 -30.78 -31.56 -32.38 -32.91 -33.50 -33.91 -34.25 -34.53 -34.78 -35.03 -35.22 -35.44 -35.59 -35.78 -35.91 -36.03 -36.16 -36.22 -36.25 -36.22 -36.19 -36.12 -36.09 -36.00 -35.91 -35.97 -36.31 -36.69 -37.09 -37.47 -37.91 -38.34 -38.81 -39.28 -39.75 -40.19 -40.62 -41.03 -41.41 -41.78 -42.38 -43.19 -44.12 -45.09 -45.97 -46.81 -47.62 -48.44 -49.25
-22.59 -22.66 -22.72 -22.81 -23.00 -23.16 -23.34 -23.50 -23.62 -23.78 -23.94 -24.06 -24.22 -24.62 -25.00 -25.38 -26.28 -27.06 -27.97 -28.84 -29.66 -30.44 -31.16 -32.00 -32.50 -33.06 -33.50 -33.81 -34.09 -34.34 -34.56 -34.78 -35.00 -35.16 -35.34 -35.50 -35.62 -35.75 -35.84 -35.91 -35.94 -35.94 -35.91 -35.88 -35.81 -35.75 -35.84 -36.16 -36.44 -36.75 -37.09 -37.50 -37.91 -38.34 -38.81 -39.25 -39.72 -40.19 -40.69 -41.19 -41.72 -42.31 -42.97 -43.81 -44.78 -45.72 -46.59 -47.38 -48.12 -48.88 -49.62
-22.38 -22.44 -22.53 -22.69 -22.94 -23.19 -23.44 -23.69 -23.94 -24.19 -24.41 -24.56 -24.91 -25.34 -25.78 -26.28 -26.97 -27.66 -28.44 -29.16 -30.00 -30.78 -31.53 -32.09 -32.56 -33.03 -33.34 -33.59 -33.84 -34.03 -34.25 -34.47 -34.69 -34.88 -35.03 -35.19 -35.31 -35.41 -35.50 -35.56 -35.62 -35.66 -35.66 -35.62 -35.59 -35.66 -35.91 -36.19 -36.47 -36.78 -37.12 -37.50 -37.91 -38.34 -38.78 -39.25 -39.75 -40.28 -40.81 -41.41 -42.06 -42.75 -43.53 -44.34 -45.25 -46.12 -46.97 -47.75 -48.53 -49.25 -49.97
-22.12 -22.22 -22.38 -22.56 -22.88 -23.19 -23.47 -23.81 -24.16 -24.50 -24.81 -25.03 -25.44 -25.84 -26.31 -26.84 -27.44 -28.12 -28.78 -29.53 -30.22 -30.94 -31.47 -32.03 -32.50 -32.81 -33.03 -33.16 -33.41 -33.69 -33.91 -34.12 -34.31 -34.50 -34.66 -34.81 -34.94 -35.03 -35.16 -35.25 -35.31 -35.38 -35.41 -35.41 -35.47 -35.69 -35.94 -36.19 -36.50 -36.81 -37.16 -37.50 -37.91 -38.31 -38.78 -39.25 -39.78 -40.34 -40.94 -41.59 -42.28 -43.03 -43.81 -44.62 -45.47 -46.34 -47.16 -47.97 -48.75 -49.50 -50.22
-21.81 -22.00 -22.19 -22.41 -22.72 -23.16 -23.50 -23.84 -24.22 -24.69 -25.09 -25.44 -25.78 -26.22 -26.75 -27.28 -27.81 -28.38 -29.03 -29.59 -30.25 -30.75 -31.28 -31.69 -32.09 -32.41 -32.47 -32.69 -32.81 -33.03 -33.44 -33.69 -33.91 -34.09 -34.25 -34.41 -34.53 -34.66 -34.78 -34.94 -35.03 -35.12 -35.22 -35.31 -35.50 -35.75 -35.97 -36.25 -36.53 -36.84 -37.19 -37.53 -37.91 -38.31 -38.78 -39.25 -39.81 -40.38 -41.00 -41.69 -42.41 -43.16 -43.97 -44.78 -45.59 -46.38 -47.19 -47.97 -48.78 -49.59 -50.34
-21.53 -21.72 -21.97 -22.22 -22.59 -23.06 -23.47 -23.84 -24.34 -24.81 -25.25 -25.66 -26.03 -26.50 -27.03 -27.59 -28.06 -28.50 -29.09 -29.69 -30.22 -30.56 -30.94 -31.34 -31.72 -32.00 -32.12 -32.31 -32.38 -32.59 -32.94 -33.12 -33.34 -33.66 -33.84 -34.00 -34.12 -34.28 -34.47 -34.62 -34.78 -34.94 -35.09 -35.31 -35.53 -35.75 -36.00 -36.28 -36.56 -36.88 -37.22 -37.56 -37.94 -38.34 -38.75 -39.25 -39.75 -40.34 -40.97 -41.66 -42.41 -43.19 -44.00 -44.81 -45.59 -46.38 -47.16 -47.97 -48.78 -49.59 -50.34
