everonasctiles/Tile12,45.asc
ncols 128
nrows 128
xllcorner 0
yllcorner 0
cellsize 2.0
NODATA_value  -9999
[rows 96 to 127 of 128, columns 0 to 70 of 128]
-19.62 -19.84 -20.03 -20.16 -20.28 -20.44 -20.62 -20.78 -20.97 -21.16 -21.31 -21.50 -21.72 -21.78 -21.81 -21.81 -21.78 -21.91 -21.94 -21.91 -21.91 -21.94 -22.03 -22.00 -21.91 -21.81 -21.66 -21.47 -21.38 -21.22 -21.09 -21.00 -20.84 -20.81 -20.56 -20.41 -20.44 -20.22 -20.16 -20.03 -19.91 -19.84 -19.69 -19.56 -19.50 -19.56 -19.47 -19.47 -19.47 -19.59 -19.66 -19.72 -19.78 -20.00 -20.12 -20.19 -20.28 -20.25 -20.47 -20.53 -20.66 -20.78 -20.94 -20.97 -20.88 -20.91 -20.91 -20.97 -21.00 -20.88 -20.88
-19.69 -19.91 -20.19 -20.34 -20.50 -20.69 -20.81 -20.94 -21.09 -21.25 -21.47 -21.59 -21.75 -21.84 -21.94 -21.94 -22.00 -22.03 -22.03 -21.97 -21.97 -22.06 -22.06 -22.00 -21.94 -21.88 -21.72 -21.62 -21.53 -21.41 -21.31 -21.19 -21.03 -20.91 -20.72 -20.56 -20.50 -20.34 -20.22 -20.16 -20.03 -19.91 -19.75 -19.53 -19.47 -19.44 -19.47 -19.53 -19.59 -19.62 -19.66 -19.75 -19.81 -19.91 -19.97 -20.09 -20.22 -20.31 -20.38 -20.50 -20.59 -20.66 -20.72 -20.81 -20.78 -20.75 -20.75 -20.75 -20.75 -20.72 -20.72
-19.81 -19.97 -20.19 -20.41 -20.62 -20.84 -21.00 -21.09 -21.25 -21.44 -21.59 -21.72 -21.78 -21.91 -22.03 -22.06 -22.12 -22.16 -22.19 -22.16 -22.19 -22.19 -22.19 -22.16 -22.12 -22.03 -21.91 -21.84 -21.75 -21.56 -21.47 -21.25 -21.16 -20.94 -20.81 -20.75 -20.62 -20.50 -20.25 -20.25 -20.12 -20.00 -19.81 -19.50 -19.31 -19.41 -19.41 -19.50 -19.50 -19.56 -19.66 -19.75 -19.84 -19.91 -19.91 -19.94 -20.06 -20.22 -20.25 -20.31 -20.34 -20.44 -20.47 -20.56 -20.53 -20.56 -20.62 -20.56 -20.53 -20.59 -20.44
-19.91 -20.09 -20.31 -20.53 -20.75 -20.94 -21.06 -21.25 -21.41 -21.53 -21.66 -21.78 -21.88 -21.94 -22.03 -22.12 -22.16 -22.22 -22.22 -22.25 -22.28 -22.25 -22.25 -22.25 -22.19 -22.12 -22.09 -22.06 -21.91 -21.69 -21.56 -21.38 -21.19 -21.03 -20.91 -20.78 -20.66 -20.56 -20.31 -20.25 -20.09 -19.94 -19.78 -19.53 -19.38 -19.41 -19.44 -19.41 -19.53 -19.59 -19.69 -19.62 -19.78 -19.84 -19.88 -20.06 -20.16 -20.09 -20.06 -20.19 -20.28 -20.22 -20.19 -20.16 -20.28 -20.28 -20.28 -20.28 -20.22 -20.06 -20.09
-20.03 -20.22 -20.44 -20.62 -20.84 -21.00 -21.09 -21.31 -21.53 -21.69 -21.75 -21.84 -21.91 -22.00 -22.09 -22.16 -22.22 -22.28 -22.31 -22.31 -22.31 -22.34 -22.31 -22.31 -22.28 -22.19 -22.16 -22.09 -21.97 -21.81 -21.66 -21.56 -21.28 -21.19 -21.03 -20.84 -20.69 -20.47 -20.22 -20.19 -20.03 -19.78 -19.72 -19.56 -19.50 -19.38 -19.28 -19.34 -19.34 -19.44 -19.62 -19.56 -19.66 -19.84 -19.91 -19.97 -20.09 -20.00 -19.91 -19.94 -20.09 -19.97 -19.81 -19.88 -19.97 -19.97 -19.88 -19.84 -19.84 -19.91 -19.78
-20.06 -20.25 -20.53 -20.75 -20.91 -21.06 -21.16 -21.38 -21.53 -21.69 -21.81 -21.88 -21.94 -22.06 -22.16 -22.25 -22.34 -22.38 -22.38 -22.34 -22.31 -22.31 -22.28 -22.28 -22.25 -22.25 -22.19 -22.03 -22.03 -21.94 -21.66 -21.56 -21.41 -21.25 -21.09 -20.94 -20.69 -20.38 -20.09 -20.03 -19.84 -19.69 -19.62 -19.59 -19.41 -19.31 -19.25 -19.22 -19.25 -19.22 -19.44 -19.50 -19.56 -19.72 -19.81 -19.84 -19.78 -19.78 -19.69 -19.72 -19.66 -19.66 -19.56 -19.56 -19.66 -19.66 -19.66 -19.47 -19.50 -19.53 -19.50
-20.06 -20.31 -20.50 -20.75 -20.94 -21.09 -21.22 -21.41 -21.53 -21.69 -21.81 -21.94 -22.06 -22.16 -22.22 -22.31 -22.34 -22.38 -22.44 -22.41 -22.41 -22.38 -22.28 -22.31 -22.28 -22.31 -22.25 -22.09 -22.03 -21.94 -21.72 -21.59 -21.38 -21.25 -21.06 -21.00 -20.88 -20.56 -20.25 -20.06 -19.81 -19.69 -19.78 -19.59 -19.47 -19.41 -19.28 -19.16 -19.09 -19.12 -19.22 -19.41 -19.44 -19.50 -19.56 -19.62 -19.59 -19.66 -19.62 -19.47 -19.38 -19.31 -19.16 -19.19 -19.25 -19.31 -19.28 -19.31 -19.34 -19.31 -19.16
-20.09 -20.31 -20.56 -20.72 -20.88 -21.09 -21.28 -21.50 -21.62 -21.72 -21.81 -21.91 -22.09 -22.12 -22.22 -22.28 -22.34 -22.41 -22.47 -22.41 -22.41 -22.38 -22.31 -22.31 -22.34 -22.34 -22.28 -22.22 -22.09 -22.00 -21.84 -21.72 -21.50 -21.31 -21.16 -21.06 -20.88 -20.66 -20.31 -20.06 -19.75 -19.56 -19.62 -19.56 -19.50 -19.41 -19.34 -19.22 -19.09 -18.97 -19.03 -19.22 -19.31 -19.31 -19.44 -19.50 -19.50 -19.59 -19.50 -19.25 -19.16 -19.03 -18.78 -18.66 -18.66 -18.72 -18.69 -18.91 -18.97 -19.06 -19.00
-20.12 -20.31 -20.56 -20.75 -20.91 -21.06 -21.31 -21.50 -21.66 -21.72 -21.88 -21.97 -22.09 -22.19 -22.25 -22.31 -22.38 -22.38 -22.38 -22.44 -22.44 -22.44 -22.41 -22.38 -22.38 -22.31 -22.34 -22.31 -22.16 -21.97 -21.88 -21.75 -21.59 -21.44 -21.25 -20.97 -20.81 -20.66 -20.47 -20.25 -19.88 -19.53 -19.38 -19.25 -19.28 -19.19 -19.16 -19.19 -19.09 -18.94 -18.84 -18.91 -19.09 -19.09 -19.34 -19.34 -19.38 -19.38 -19.25 -19.00 -18.84 -18.75 -18.66 -18.53 -18.41 -18.38 -18.38 -18.28 -18.31 -18.56 -18.50
-20.09 -20.28 -20.53 -20.75 -20.94 -21.16 -21.34 -21.47 -21.66 -21.72 -21.75 -21.91 -21.97 -22.12 -22.28 -22.34 -22.41 -22.41 -22.41 -22.44 -22.47 -22.50 -22.50 -22.47 -22.47 -22.44 -22.41 -22.34 -22.28 -22.16 -22.03 -21.84 -21.59 -21.44 -21.22 -21.00 -20.84 -20.69 -20.44 -20.19 -20.03 -19.69 -19.28 -19.22 -19.00 -18.97 -18.91 -18.91 -18.81 -18.88 -18.84 -18.84 -18.81 -18.97 -19.06 -19.09 -19.09 -19.09 -18.88 -18.84 -18.88 -18.62 -18.44 -18.28 -18.03 -17.75 -17.88 -17.81 -17.84 -18.03 -17.97
-20.03 -20.25 -20.47 -20.75 -20.94 -21.06 -21.22 -21.41 -21.59 -21.75 -21.81 -21.94 -22.09 -22.19 -22.28 -22.31 -22.38 -22.41 -22.41 -22.47 -22.44 -22.50 -22.53 -22.53 -22.50 -22.47 -22.41 -22.34 -22.28 -22.22 -22.03 -21.84 -21.72 -21.53 -21.28 -21.06 -20.75 -20.69 -20.47 -20.28 -20.03 -19.78 -19.44 -19.22 -19.03 -18.84 -18.88 -18.69 -18.75 -18.75 -18.72 -18.81 -18.94 -18.94 -18.84 -18.75 -18.69 -18.81 -18.72 -18.72 -18.72 -18.53 -18.12 -18.06 -18.00 -17.69 -17.41 -17.41 -17.50 -17.59 -17.69
-20.12 -20.28 -20.53 -20.69 -20.88 -21.12 -21.28 -21.41 -21.56 -21.69 -21.88 -22.06 -22.12 -22.25 -22.28 -22.28 -22.38 -22.44 -22.44 -22.44 -22.47 -22.47 -22.47 -22.47 -22.56 -22.50 -22.44 -22.41 -22.19 -22.12 -22.06 -21.84 -21.72 -21.59 -21.28 -21.12 -20.94 -20.75 -20.56 -20.38 -20.22 -20.06 -19.84 -19.56 -19.22 -19.00 -18.84 -18.62 -18.59 -18.62 -18.59 -18.56 -18.69 -18.53 -18.59 -18.53 -18.56 -18.56 -18.50 -18.50 -18.34 -18.12 -17.94 -17.78 -17.69 -17.41 -17.06 -16.81 -16.88 -16.91 -16.97
-20.19 -20.31 -20.53 -20.69 -20.84 -21.00 -21.22 -21.44 -21.66 -21.81 -21.94 -22.06 -22.19 -22.34 -22.41 -22.34 -22.38 -22.44 -22.47 -22.44 -22.47 -22.47 -22.47 -22.56 -22.59 -22.53 -22.44 -22.41 -22.25 -22.12 -21.97 -21.78 -21.66 -21.50 -21.28 -21.09 -20.97 -20.78 -20.62 -20.50 -20.38 -20.16 -19.94 -19.66 -19.34 -19.06 -18.88 -18.75 -18.56 -18.50 -18.53 -18.66 -18.56 -18.53 -18.41 -18.22 -18.28 -18.28 -18.22 -18.03 -17.97 -17.88 -17.66 -17.38 -17.16 -17.03 -16.91 -16.62 -16.59 -16.31 -16.19
-20.12 -20.47 -20.56 -20.75 -20.97 -21.12 -21.25 -21.41 -21.62 -21.81 -21.97 -22.06 -22.16 -22.25 -22.38 -22.41 -22.47 -22.38 -22.41 -22.44 -22.50 -22.50 -22.47 -22.53 -22.47 -22.47 -22.41 -22.34 -22.22 -22.06 -21.97 -21.78 -21.62 -21.53 -21.31 -21.09 -20.94 -20.84 -20.72 -20.59 -20.38 -20.16 -19.91 -19.69 -19.22 -18.84 -18.78 -18.59 -18.34 -18.22 -18.38 -18.50 -18.44 -18.28 -18.12 -18.09 -18.03 -17.94 -17.94 -17.78 -17.69 -17.56 -17.56 -17.41 -17.16 -16.91 -16.62 -16.50 -16.38 -16.16 -16.12
-20.16 -20.34 -20.53 -20.81 -21.03 -21.19 -21.38 -21.44 -21.62 -21.81 -21.97 -22.09 -22.16 -22.22 -22.28 -22.31 -22.31 -22.34 -22.41 -22.47 -22.53 -22.47 -22.47 -22.50 -22.44 -22.41 -22.31 -22.28 -22.19 -22.00 -21.78 -21.62 -21.47 -21.38 -21.25 -21.12 -20.97 -20.81 -20.62 -20.44 -20.25 -19.94 -19.75 -19.44 -19.06 -18.69 -18.53 -18.34 -18.28 -18.16 -18.06 -18.28 -18.25 -18.19 -17.94 -17.81 -17.78 -17.81 -17.91 -17.75 -17.62 -17.44 -17.34 -17.22 -17.00 -16.59 -16.22 -16.34 -16.00 -15.94 -15.84
-20.19 -20.38 -20.53 -20.75 -20.91 -21.12 -21.38 -21.53 -21.62 -21.72 -21.88 -21.97 -22.03 -22.19 -22.31 -22.31 -22.41 -22.44 -22.47 -22.47 -22.47 -22.44 -22.44 -22.41 -22.41 -22.41 -22.28 -22.22 -22.09 -21.94 -21.72 -21.38 -21.41 -21.25 -21.09 -20.94 -20.75 -20.50 -20.31 -20.16 -19.94 -19.72 -19.53 -19.28 -19.03 -18.66 -18.47 -18.28 -18.06 -17.97 -18.00 -18.16 -18.16 -18.16 -17.91 -17.84 -17.72 -17.78 -17.66 -17.53 -17.22 -17.16 -16.94 -16.75 -16.56 -16.09 -16.00 -15.94 -15.81 -15.53 -15.38
-20.19 -20.38 -20.50 -20.69 -20.91 -21.12 -21.28 -21.47 -21.62 -21.72 -21.81 -21.91 -22.00 -22.09 -22.19 -22.28 -22.31 -22.41 -22.41 -22.44 -22.44 -22.44 -22.44 -22.41 -22.38 -22.34 -22.22 -22.12 -22.00 -21.69 -21.47 -21.28 -21.09 -21.03 -20.88 -20.72 -20.56 -20.28 -20.16 -19.94 -19.62 -19.38 -19.31 -19.16 -18.81 -18.53 -18.28 -18.09 -17.81 -17.94 -17.94 -17.97 -18.03 -18.09 -17.94 -17.84 -17.69 -17.66 -17.44 -17.19 -17.00 -16.81 -16.88 -16.56 -16.44 -16.12 -15.75 -15.50 -15.44 -15.22 -14.91
-20.19 -20.38 -20.59 -20.72 -20.88 -21.03 -21.22 -21.44 -21.59 -21.75 -21.84 -21.88 -21.97 -22.09 -22.25 -22.31 -22.31 -22.34 -22.38 -22.38 -22.38 -22.38 -22.38 -22.31 -22.28 -22.28 -22.16 -22.03 -21.88 -21.50 -21.38 -21.25 -21.03 -20.84 -20.81 -20.66 -20.44 -20.34 -20.19 -19.88 -19.50 -19.31 -19.00 -18.81 -18.56 -18.28 -18.19 -17.91 -17.69 -17.72 -17.56 -17.44 -17.59 -17.66 -17.62 -17.75 -17.69 -17.56 -17.41 -17.22 -17.03 -17.00 -16.75 -16.53 -16.22 -15.94 -15.69 -15.25 -15.22 -14.97 -14.56
-20.19 -20.34 -20.53 -20.69 -20.91 -21.06 -21.22 -21.34 -21.53 -21.66 -21.84 -21.94 -22.03 -22.16 -22.22 -22.28 -22.31 -22.28 -22.31 -22.34 -22.34 -22.28 -22.28 -22.25 -22.19 -22.12 -21.97 -21.81 -21.66 -21.41 -21.25 -21.19 -21.03 -20.84 -20.72 -20.56 -20.50 -20.34 -20.12 -19.81 -19.47 -19.38 -19.19 -18.81 -18.56 -18.31 -18.09 -17.84 -17.66 -17.56 -17.59 -17.44 -17.38 -17.44 -17.47 -17.66 -17.59 -17.38 -17.16 -17.03 -16.84 -16.75 -16.53 -16.28 -16.25 -15.88 -15.53 -15.22 -15.03 -14.78 -14.47
-20.09 -20.31 -20.53 -20.69 -20.84 -21.03 -21.22 -21.38 -21.56 -21.66 -21.75 -21.91 -22.03 -22.12 -22.22 -22.25 -22.28 -22.31 -22.28 -22.31 -22.25 -22.25 -22.22 -22.16 -22.09 -21.94 -21.75 -21.56 -21.56 -21.44 -21.22 -21.06 -20.97 -20.84 -20.66 -20.53 -20.44 -20.22 -20.03 -19.84 -19.56 -19.44 -19.16 -18.84 -18.56 -18.34 -18.22 -17.91 -17.56 -17.41 -17.34 -17.38 -17.25 -17.25 -17.44 -17.56 -17.38 -17.22 -17.06 -16.78 -16.62 -16.56 -16.41 -16.06 -15.81 -15.66 -15.44 -15.06 -15.00 -14.69 -14.38
-20.06 -20.28 -20.47 -20.62 -20.78 -20.88 -21.16 -21.41 -21.59 -21.66 -21.62 -21.81 -21.97 -22.03 -22.09 -22.16 -22.22 -22.28 -22.31 -22.25 -22.25 -22.16 -22.12 -22.16 -22.03 -21.94 -21.75 -21.62 -21.53 -21.41 -21.28 -21.06 -20.91 -20.78 -20.53 -20.34 -20.25 -20.03 -19.84 -19.72 -19.50 -19.28 -19.09 -18.75 -18.47 -18.34 -18.19 -17.78 -17.62 -17.38 -17.16 -17.19 -17.19 -17.25 -17.28 -17.31 -17.12 -17.00 -16.91 -16.62 -16.41 -16.28 -16.06 -15.53 -15.53 -15.50 -15.31 -15.06 -14.75 -14.50 -14.31
-20.03 -20.22 -20.34 -20.56 -20.72 -20.91 -21.06 -21.28 -21.44 -21.53 -21.62 -21.75 -21.84 -21.94 -21.97 -22.06 -22.09 -22.19 -22.25 -22.22 -22.19 -22.12 -22.03 -21.97 -21.91 -21.84 -21.84 -21.81 -21.66 -21.41 -21.22 -21.09 -20.78 -20.50 -20.47 -20.34 -20.12 -19.91 -19.66 -19.50 -19.31 -19.12 -18.88 -18.72 -18.41 -18.25 -17.97 -17.72 -17.44 -17.34 -17.28 -17.06 -16.91 -16.91 -16.84 -16.81 -16.69 -16.75 -16.59 -16.47 -16.25 -16.09 -15.88 -15.66 -15.50 -15.28 -15.03 -14.91 -14.53 -14.06 -13.72
-20.00 -20.12 -20.38 -20.50 -20.69 -20.84 -21.00 -21.12 -21.31 -21.38 -21.50 -21.59 -21.72 -21.84 -21.84 -21.91 -22.00 -22.06 -22.12 -22.09 -22.06 -22.09 -22.06 -22.03 -21.91 -21.75 -21.72 -21.72 -21.66 -21.47 -21.19 -21.03 -20.84 -20.44 -20.22 -20.16 -20.03 -19.81 -19.62 -19.41 -19.22 -18.94 -18.78 -18.53 -18.25 -18.16 -18.03 -17.78 -17.47 -17.31 -17.22 -17.09 -16.66 -16.59 -16.38 -16.25 -16.28 -16.22 -16.22 -15.72 -15.53 -15.62 -15.50 -15.25 -14.97 -14.72 -14.44 -14.41 -14.25 -13.78 -13.03
-20.03 -20.06 -20.28 -20.44 -20.62 -20.81 -20.94 -21.06 -21.12 -21.31 -21.47 -21.56 -21.69 -21.81 -21.84 -21.88 -21.94 -22.03 -22.09 -22.16 -22.09 -22.09 -22.09 -21.94 -21.75 -21.69 -21.50 -21.50 -21.47 -21.38 -21.22 -20.94 -20.66 -20.41 -20.12 -20.03 -19.84 -19.62 -19.53 -19.19 -18.94 -18.78 -18.56 -18.38 -18.16 -18.16 -17.94 -17.62 -17.47 -17.41 -17.16 -16.88 -16.75 -16.44 -16.03 -15.97 -15.94 -15.78 -15.78 -15.59 -15.47 -15.12 -14.97 -14.62 -14.56 -14.38 -14.12 -13.84 -13.62 -13.50 -13.28
-19.94 -20.06 -20.28 -20.44 -20.62 -20.78 -20.91 -21.00 -21.12 -21.25 -21.38 -21.47 -21.62 -21.75 -21.81 -21.88 -21.97 -22.03 -22.09 -22.03 -22.06 -22.09 -22.06 -21.94 -21.81 -21.72 -21.53 -21.38 -21.31 -21.22 -21.16 -20.91 -20.69 -20.41 -20.09 -19.81 -19.53 -19.28 -19.16 -18.94 -18.66 -18.75 -18.66 -18.41 -18.09 -17.97 -17.72 -17.53 -17.28 -17.34 -17.12 -16.88 -16.62 -16.38 -16.03 -15.78 -15.66 -15.66 -15.41 -15.34 -15.41 -15.22 -14.97 -14.47 -14.28 -13.94 -13.62 -13.22 -13.19 -13.19 -13.34
-19.88 -20.00 -20.25 -20.38 -20.56 -20.66 -20.75 -20.88 -21.00 -21.09 -21.31 -21.50 -21.59 -21.75 -21.81 -21.88 -21.94 -22.00 -22.00 -22.00 -22.06 -22.00 -21.91 -21.81 -21.84 -21.72 -21.59 -21.38 -21.22 -21.09 -20.94 -20.69 -20.41 -20.19 -20.00 -19.59 -19.44 -19.16 -18.88 -18.75 -18.56 -18.62 -18.38 -18.22 -18.06 -17.84 -17.72 -17.56 -17.34 -17.19 -17.09 -16.59 -16.25 -16.16 -16.03 -15.81 -15.44 -15.34 -15.22 -14.97 -14.97 -14.78 -14.50 -14.06 -13.84 -13.78 -13.78 -13.94 -13.75 -13.62 -13.47
-19.75 -19.88 -20.03 -20.19 -20.41 -20.50 -20.62 -20.75 -20.94 -21.16 -21.38 -21.50 -21.62 -21.72 -21.81 -21.88 -21.88 -21.91 -21.88 -21.91 -21.91 -21.88 -21.78 -21.69 -21.72 -21.59 -21.53 -21.38 -21.19 -20.91 -20.78 -20.59 -20.28 -20.06 -19.97 -19.66 -19.41 -19.12 -18.94 -18.66 -18.44 -18.41 -18.22 -18.09 -17.94 -17.69 -17.53 -17.34 -17.12 -17.03 -16.78 -16.38 -16.16 -15.94 -15.91 -15.69 -15.34 -15.38 -15.31 -14.97 -14.84 -14.56 -14.44 -14.03 -13.91 -14.03 -14.00 -14.06 -14.12 -13.94 -14.00
-19.62 -19.78 -19.91 -20.09 -20.25 -20.38 -20.56 -20.72 -20.88 -21.12 -21.25 -21.44 -21.59 -21.66 -21.81 -21.84 -21.81 -21.78 -21.78 -21.78 -21.72 -21.75 -21.72 -21.69 -21.59 -21.53 -21.41 -21.28 -21.06 -20.78 -20.69 -20.50 -20.31 -20.06 -19.78 -19.53 -19.25 -18.91 -18.84 -18.78 -18.50 -18.25 -18.03 -17.97 -17.56 -17.44 -17.19 -16.84 -16.78 -16.47 -16.28 -16.12 -16.00 -15.94 -15.75 -15.44 -15.22 -15.06 -14.94 -14.69 -14.47 -14.53 -14.50 -14.41 -14.38 -14.56 -14.78 -14.66 -14.50 -14.34 -14.06
-19.59 -19.69 -19.81 -19.94 -20.09 -20.28 -20.47 -20.62 -20.81 -21.06 -21.19 -21.31 -21.47 -21.62 -21.66 -21.75 -21.81 -21.78 -21.72 -21.69 -21.66 -21.62 -21.59 -21.62 -21.59 -21.44 -21.28 -21.16 -20.97 -20.78 -20.59 -20.41 -20.19 -20.00 -19.72 -19.41 -19.16 -18.84 -18.72 -18.56 -18.47 -18.12 -17.84 -17.81 -17.47 -17.16 -16.75 -16.50 -16.47 -16.31 -16.22 -15.97 -15.81 -15.69 -15.59 -15.38 -15.19 -15.03 -14.81 -14.62 -14.50 -14.62 -14.62 -14.66 -14.44 -14.50 -14.50 -14.59 -14.44 -14.38 -14.25
-19.59 -19.69 -19.84 -19.97 -20.00 -20.19 -20.31 -20.56 -20.75 -20.97 -21.16 -21.25 -21.38 -21.47 -21.53 -21.62 -21.66 -21.62 -21.59 -21.56 -21.53 -21.50 -21.38 -21.38 -21.34 -21.31 -21.22 -20.97 -20.81 -20.50 -20.44 -20.31 -20.19 -20.00 -19.56 -19.25 -19.03 -18.84 -18.69 -18.47 -18.16 -17.81 -17.41 -17.44 -17.28 -16.97 -16.78 -16.59 -16.22 -16.03 -16.00 -15.72 -15.56 -15.62 -15.53 -15.41 -15.00 -14.62 -14.50 -14.53 -14.50 -14.44 -14.47 -14.53 -14.59 -14.50 -14.44 -14.31 -14.12 -14.12 -14.06
-19.66 -19.75 -19.84 -19.88 -20.00 -20.06 -20.25 -20.53 -20.72 -20.88 -21.06 -21.19 -21.19 -21.31 -21.38 -21.47 -21.56 -21.53 -21.53 -21.53 -21.44 -21.34 -21.38 -21.28 -21.22 -21.22 -21.09 -20.88 -20.72 -20.53 -20.41 -20.31 -20.09 -19.81 -19.56 -19.34 -18.91 -18.62 -18.62 -18.47 -18.12 -17.69 -17.28 -17.06 -16.97 -16.66 -16.50 -16.38 -16.00 -15.81 -15.62 -15.34 -15.16 -15.38 -15.38 -15.41 -15.19 -14.84 -14.56 -14.41 -14.31 -14.34 -14.50 -14.62 -14.62 -14.38 -14.19 -14.03 -13.91 -13.94 -13.88
-19.69 -19.62 -19.69 -19.84 -19.88 -19.97 -20.22 -20.47 -20.66 -20.81 -20.91 -21.03 -21.12 -21.25 -21.28 -21.38 -21.44 -21.47 -21.44 -21.41 -21.34 -21.38 -21.31 -21.22 -21.16 -21.06 -20.91 -20.72 -20.69 -20.56 -20.28 -20.19 -19.88 -19.56 -19.38 -19.22 -18.88 -18.56 -18.38 -18.28 -17.97 -17.50 -17.38 -16.97 -16.81 -16.78 -16.59 -16.28 -16.12 -15.78 -15.56 -15.31 -15.09 -15.12 -15.19 -15.03 -14.91 -14.94 -14.66 -14.62 -14.72 -14.88 -14.72 -14.62 -14.56 -14.47 -14.22 -13.97 -13.66 -13.62 -13.38
