everonasctiles/Tile20,22.asc
ncols 128
nrows 128
xllcorner 0
yllcorner 0
cellsize 2.0
NODATA_value  -9999
[rows 34 to 67 of 128, columns 0 to 76 of 128]
56.94 56.78 56.59 56.44 56.28 56.12 55.97 55.81 55.66 55.50 55.31 55.16 54.97 54.81 54.62 54.44 54.22 54.03 53.84 53.66 53.50 53.34 53.19 53.06 52.94 52.84 52.75 52.69 52.62 52.59 52.59 52.62 52.66 52.75 52.84 52.94 53.03 53.16 53.28 53.38 53.50 53.62 53.75 53.88 54.00 54.09 54.22 54.31 54.41 54.53 54.62 54.75 54.84 54.97 55.06 55.16 55.28 55.41 55.53 55.66 55.81 55.97 56.12 56.31 56.50 56.69 56.91 57.09 57.28 57.47 57.66 57.84 58.03 58.19 58.38 58.56 58.75
56.66 56.47 56.31 56.16 55.97 55.81 55.66 55.50 55.34 55.22 55.03 54.88 54.72 54.53 54.34 54.16 53.97 53.78 53.59 53.44 53.28 53.12 53.00 52.88 52.75 52.66 52.59 52.53 52.47 52.44 52.44 52.47 52.53 52.62 52.72 52.81 52.94 53.03 53.16 53.28 53.41 53.53 53.66 53.78 53.91 54.00 54.09 54.19 54.31 54.41 54.50 54.62 54.75 54.84 54.94 55.03 55.12 55.25 55.34 55.50 55.62 55.75 55.94 56.12 56.31 56.50 56.69 56.88 57.06 57.25 57.44 57.62 57.75 57.94 58.09 58.22 58.50
56.38 56.19 56.00 55.84 55.69 55.53 55.38 55.22 55.06 54.91 54.75 54.59 54.44 54.25 54.09 53.91 53.72 53.53 53.38 53.22 53.06 52.94 52.81 52.69 52.59 52.50 52.41 52.38 52.31 52.31 52.31 52.34 52.41 52.50 52.59 52.69 52.81 52.94 53.06 53.19 53.31 53.44 53.56 53.69 53.78 53.88 53.97 54.09 54.19 54.28 54.41 54.50 54.59 54.72 54.78 54.88 55.00 55.09 55.19 55.31 55.44 55.56 55.75 55.91 56.09 56.28 56.47 56.66 56.84 57.03 57.16 57.25 57.31 57.41 57.59 57.84 58.19
56.06 55.91 55.72 55.53 55.38 55.22 55.06 54.94 54.78 54.66 54.50 54.34 54.19 54.00 53.84 53.66 53.50 53.31 53.16 53.00 52.88 52.75 52.62 52.53 52.44 52.34 52.28 52.22 52.19 52.19 52.19 52.22 52.28 52.38 52.47 52.59 52.72 52.81 52.97 53.09 53.22 53.34 53.44 53.56 53.66 53.75 53.84 53.94 54.06 54.16 54.28 54.38 54.47 54.56 54.66 54.75 54.84 54.94 55.03 55.16 55.25 55.41 55.56 55.72 55.91 56.09 56.28 56.47 56.62 56.78 56.81 56.72 56.59 56.66 56.94 57.56 57.81
55.78 55.59 55.41 55.25 55.06 54.94 54.78 54.62 54.50 54.38 54.22 54.06 53.91 53.75 53.59 53.44 53.25 53.09 52.97 52.81 52.69 52.56 52.47 52.38 52.28 52.19 52.12 52.09 52.06 52.06 52.06 52.12 52.19 52.25 52.38 52.47 52.59 52.72 52.84 52.97 53.09 53.22 53.31 53.44 53.53 53.62 53.72 53.81 53.91 54.03 54.12 54.22 54.31 54.44 54.53 54.62 54.69 54.78 54.91 55.00 55.12 55.25 55.41 55.53 55.69 55.91 56.09 56.25 56.41 56.56 56.47 56.19 56.00 56.00 56.69 57.22 57.44
55.47 55.28 55.09 54.94 54.78 54.62 54.50 54.34 54.22 54.09 53.97 53.81 53.66 53.50 53.34 53.19 53.06 52.91 52.78 52.66 52.53 52.41 52.31 52.22 52.12 52.06 52.00 51.97 51.94 51.94 51.97 52.00 52.06 52.16 52.25 52.38 52.50 52.62 52.75 52.88 52.97 53.09 53.19 53.28 53.38 53.47 53.56 53.66 53.78 53.88 53.97 54.09 54.19 54.28 54.38 54.47 54.56 54.66 54.75 54.84 54.97 55.09 55.22 55.38 55.56 55.72 55.88 56.00 56.16 56.31 56.12 55.72 55.47 55.59 56.72 56.88 57.09
55.19 55.00 54.81 54.62 54.47 54.34 54.22 54.09 53.97 53.84 53.69 53.56 53.41 53.28 53.12 53.00 52.84 52.72 52.59 52.47 52.38 52.28 52.19 52.09 52.03 51.97 51.91 51.88 51.84 51.84 51.88 51.91 51.97 52.06 52.16 52.25 52.38 52.50 52.62 52.75 52.84 52.97 53.06 53.16 53.25 53.34 53.44 53.53 53.62 53.75 53.88 53.97 54.06 54.12 54.25 54.31 54.41 54.50 54.59 54.72 54.81 54.94 55.09 55.22 55.41 55.53 55.66 55.81 55.94 55.97 55.72 55.31 55.12 56.06 56.44 56.59 56.91
54.88 54.69 54.50 54.34 54.19 54.06 53.94 53.81 53.72 53.59 53.47 53.31 53.19 53.06 52.91 52.78 52.66 52.56 52.44 52.34 52.22 52.12 52.06 51.97 51.91 51.84 51.81 51.78 51.75 51.75 51.78 51.81 51.88 51.94 52.03 52.16 52.28 52.41 52.50 52.62 52.75 52.84 52.94 53.03 53.12 53.19 53.28 53.41 53.50 53.62 53.72 53.84 53.94 54.03 54.09 54.19 54.28 54.38 54.47 54.56 54.69 54.81 54.97 55.09 55.25 55.38 55.50 55.62 55.62 55.56 55.28 54.97 55.22 55.97 56.16 56.31 56.91
54.59 54.41 54.22 54.06 53.91 53.78 53.69 53.56 53.47 53.38 53.25 53.09 52.97 52.84 52.72 52.62 52.50 52.38 52.28 52.19 52.09 52.00 51.94 51.88 51.81 51.75 51.72 51.69 51.69 51.69 51.69 51.72 51.78 51.84 51.94 52.06 52.19 52.31 52.41 52.53 52.62 52.72 52.81 52.91 53.00 53.09 53.19 53.28 53.38 53.50 53.59 53.69 53.81 53.88 53.97 54.06 54.12 54.25 54.34 54.44 54.56 54.69 54.81 54.97 55.12 55.22 55.31 55.41 55.38 55.19 54.94 54.72 55.50 55.69 55.84 56.41 56.97
54.34 54.12 53.94 53.78 53.62 53.53 53.44 53.34 53.25 53.16 53.03 52.91 52.78 52.66 52.56 52.44 52.34 52.25 52.16 52.06 51.97 51.91 51.84 51.78 51.72 51.69 51.62 51.62 51.59 51.59 51.62 51.66 51.72 51.78 51.88 51.97 52.09 52.22 52.34 52.44 52.53 52.62 52.72 52.81 52.88 52.97 53.06 53.16 53.28 53.38 53.47 53.56 53.69 53.75 53.84 53.94 54.03 54.12 54.22 54.34 54.44 54.56 54.69 54.84 54.97 55.06 55.16 55.22 55.16 54.97 54.69 54.88 55.22 55.41 55.78 56.47 56.91
54.09 53.88 53.72 53.53 53.41 53.28 53.19 53.12 53.03 52.94 52.84 52.72 52.59 52.50 52.41 52.28 52.19 52.12 52.03 51.94 51.88 51.81 51.75 51.69 51.62 51.59 51.56 51.53 51.53 51.53 51.56 51.59 51.66 51.72 51.81 51.91 52.03 52.12 52.25 52.34 52.44 52.53 52.62 52.72 52.81 52.88 52.97 53.06 53.16 53.28 53.38 53.47 53.56 53.66 53.72 53.81 53.91 54.00 54.09 54.22 54.31 54.47 54.59 54.72 54.81 54.91 54.97 55.03 54.97 54.72 54.56 54.78 54.94 55.16 55.94 56.47 56.81
53.84 53.66 53.47 53.31 53.19 53.06 53.00 52.94 52.84 52.75 52.66 52.53 52.44 52.34 52.25 52.16 52.06 52.00 51.91 51.84 51.78 51.72 51.66 51.62 51.56 51.53 51.50 51.50 51.47 51.47 51.50 51.53 51.59 51.66 51.75 51.84 51.97 52.06 52.19 52.28 52.38 52.47 52.56 52.62 52.72 52.81 52.88 52.97 53.06 53.16 53.25 53.34 53.44 53.53 53.62 53.69 53.78 53.88 54.00 54.12 54.22 54.38 54.50 54.59 54.66 54.72 54.81 54.78 54.62 54.50 54.50 54.59 54.69 55.34 55.94 56.41 56.69
53.62 53.44 53.25 53.12 53.00 52.91 52.81 52.75 52.66 52.56 52.47 52.38 52.28 52.19 52.12 52.03 51.97 51.88 51.81 51.75 51.69 51.66 51.59 51.56 51.50 51.47 51.47 51.44 51.44 51.44 51.47 51.50 51.56 51.62 51.72 51.81 51.91 52.00 52.12 52.22 52.31 52.41 52.47 52.56 52.66 52.72 52.81 52.88 52.97 53.06 53.16 53.25 53.34 53.41 53.50 53.59 53.69 53.78 53.88 54.00 54.12 54.25 54.38 54.44 54.50 54.56 54.59 54.53 54.34 54.22 54.34 54.44 54.66 55.41 55.94 56.31 56.53
53.41 53.22 53.06 52.94 52.81 52.72 52.66 52.56 52.50 52.41 52.31 52.25 52.16 52.06 52.00 51.91 51.84 51.78 51.72 51.69 51.62 51.56 51.53 51.50 51.47 51.44 51.41 51.41 51.41 51.41 51.44 51.47 51.53 51.59 51.69 51.78 51.88 51.97 52.06 52.16 52.25 52.34 52.41 52.50 52.56 52.66 52.72 52.81 52.88 52.97 53.06 53.12 53.22 53.31 53.41 53.50 53.59 53.69 53.81 53.91 54.03 54.16 54.25 54.28 54.34 54.38 54.34 54.19 53.97 54.03 54.16 54.25 54.81 55.38 55.84 56.19 56.41
53.19 53.03 52.88 52.75 52.66 52.56 52.50 52.41 52.34 52.28 52.19 52.09 52.03 51.97 51.88 51.81 51.75 51.69 51.66 51.59 51.56 51.50 51.47 51.44 51.41 51.41 51.38 51.38 51.38 51.38 51.41 51.44 51.50 51.56 51.66 51.75 51.81 51.91 52.00 52.09 52.19 52.28 52.34 52.44 52.50 52.56 52.66 52.72 52.78 52.88 52.97 53.03 53.12 53.22 53.31 53.38 53.47 53.59 53.72 53.84 53.94 54.03 54.09 54.12 54.16 54.12 54.00 53.81 53.66 53.91 54.00 54.22 54.84 55.34 55.78 56.06 56.28
53.00 52.84 52.72 52.62 52.50 52.44 52.34 52.28 52.22 52.12 52.06 52.00 51.91 51.84 51.78 51.72 51.69 51.62 51.59 51.53 51.50 51.47 51.44 51.41 51.38 51.38 51.34 51.34 51.34 51.38 51.41 51.44 51.50 51.56 51.62 51.72 51.81 51.88 51.97 52.06 52.12 52.22 52.28 52.38 52.44 52.50 52.56 52.62 52.72 52.78 52.88 52.94 53.03 53.09 53.19 53.28 53.41 53.50 53.62 53.75 53.88 53.94 53.97 54.00 53.97 53.81 53.62 53.41 53.62 53.75 53.84 54.44 54.91 55.34 55.69 55.94 56.19
52.81 52.69 52.56 52.47 52.38 52.31 52.22 52.16 52.09 52.00 51.94 51.88 51.81 51.75 51.69 51.66 51.59 51.56 51.50 51.47 51.44 51.41 51.38 51.38 51.34 51.34 51.31 51.34 51.34 51.34 51.38 51.44 51.47 51.53 51.62 51.69 51.78 51.84 51.94 52.00 52.09 52.16 52.22 52.31 52.38 52.44 52.50 52.56 52.62 52.69 52.78 52.84 52.94 53.00 53.09 53.22 53.31 53.44 53.56 53.69 53.78 53.81 53.84 53.88 53.78 53.53 53.28 53.22 53.50 53.56 53.91 54.53 54.97 55.34 55.59 55.84 56.06
52.66 52.53 52.44 52.34 52.25 52.19 52.09 52.03 51.97 51.91 51.84 51.78 51.72 51.66 51.62 51.56 51.53 51.50 51.47 51.44 51.41 51.38 51.34 51.34 51.31 51.31 51.31 51.31 51.31 51.34 51.38 51.44 51.47 51.53 51.59 51.69 51.75 51.81 51.91 51.97 52.03 52.09 52.16 52.25 52.31 52.34 52.41 52.47 52.53 52.59 52.69 52.75 52.84 52.91 53.03 53.12 53.25 53.38 53.50 53.62 53.69 53.72 53.72 53.72 53.56 53.28 52.97 53.22 53.31 53.44 54.09 54.62 55.00 55.25 55.53 55.75 55.97
52.50 52.41 52.31 52.22 52.12 52.06 52.00 51.94 51.88 51.81 51.75 51.69 51.62 51.59 51.53 51.50 51.47 51.44 51.41 51.38 51.34 51.34 51.31 51.31 51.28 51.28 51.28 51.31 51.31 51.34 51.38 51.44 51.47 51.53 51.59 51.66 51.75 51.81 51.88 51.94 52.00 52.06 52.12 52.19 52.22 52.28 52.34 52.41 52.47 52.53 52.59 52.66 52.75 52.84 52.97 53.06 53.19 53.31 53.44 53.53 53.56 53.59 53.59 53.53 53.28 52.94 52.84 53.06 53.16 53.53 54.12 54.62 54.94 55.19 55.44 55.69 55.88
52.38 52.28 52.19 52.09 52.03 51.97 51.91 51.84 51.78 51.72 51.66 51.59 51.56 51.50 51.47 51.44 51.41 51.38 51.34 51.34 51.31 51.31 51.28 51.28 51.28 51.28 51.28 51.28 51.31 51.34 51.38 51.44 51.47 51.53 51.59 51.66 51.72 51.78 51.84 51.91 51.97 52.00 52.06 52.12 52.19 52.22 52.28 52.34 52.41 52.47 52.53 52.59 52.69 52.78 52.91 53.03 53.16 53.25 53.38 53.44 53.47 53.47 53.44 53.28 52.97 52.62 52.88 52.94 53.03 53.69 54.19 54.62 54.88 55.12 55.38 55.59 55.78
52.25 52.16 52.06 52.00 51.94 51.84 51.78 51.75 51.69 51.62 51.56 51.53 51.47 51.44 51.41 51.38 51.34 51.31 51.31 51.28 51.28 51.25 51.25 51.25 51.25 51.25 51.28 51.28 51.31 51.34 51.38 51.44 51.47 51.53 51.59 51.66 51.72 51.78 51.81 51.88 51.94 51.97 52.03 52.06 52.12 52.16 52.22 52.28 52.34 52.41 52.47 52.56 52.66 52.75 52.88 53.00 53.09 53.22 53.31 53.34 53.34 53.34 53.25 52.94 52.59 52.53 52.75 52.81 53.16 53.78 54.28 54.56 54.84 55.09 55.31 55.53 55.69
52.12 52.03 51.97 51.88 51.81 51.75 51.69 51.66 51.59 51.53 51.50 51.44 51.41 51.38 51.34 51.31 51.31 51.28 51.25 51.25 51.25 51.22 51.22 51.22 51.22 51.25 51.25 51.28 51.31 51.34 51.38 51.44 51.47 51.53 51.59 51.66 51.69 51.75 51.81 51.84 51.91 51.94 51.97 52.03 52.06 52.12 52.19 52.22 52.28 52.34 52.44 52.50 52.59 52.72 52.81 52.97 53.09 53.19 53.22 53.25 53.25 53.22 52.97 52.59 52.19 52.56 52.62 52.72 53.28 53.84 54.28 54.56 54.81 55.03 55.25 55.44 55.62
52.00 51.94 51.84 51.78 51.72 51.66 51.62 51.56 51.50 51.47 51.41 51.38 51.34 51.31 51.28 51.25 51.25 51.22 51.22 51.22 51.22 51.19 51.22 51.22 51.22 51.22 51.25 51.28 51.31 51.34 51.38 51.44 51.47 51.53 51.59 51.62 51.69 51.75 51.78 51.81 51.88 51.91 51.97 52.00 52.03 52.09 52.12 52.19 52.25 52.31 52.41 52.47 52.56 52.69 52.81 52.94 53.06 53.12 53.16 53.16 53.12 53.03 52.72 52.25 52.25 52.44 52.53 52.75 53.38 53.91 54.28 54.53 54.75 55.00 55.19 55.38 55.56
51.91 51.81 51.75 51.69 51.62 51.56 51.53 51.47 51.44 51.38 51.34 51.31 51.28 51.25 51.22 51.22 51.19 51.19 51.19 51.19 51.19 51.19 51.19 51.19 51.19 51.22 51.25 51.25 51.28 51.34 51.38 51.44 51.47 51.53 51.56 51.62 51.69 51.72 51.75 51.81 51.84 51.88 51.94 51.97 52.00 52.06 52.09 52.16 52.22 52.28 52.38 52.47 52.56 52.66 52.78 52.94 53.03 53.06 53.06 53.06 53.03 52.81 52.44 52.03 52.28 52.34 52.38 52.88 53.53 54.00 54.28 54.53 54.78 54.97 55.16 55.31 55.50
51.78 51.72 51.66 51.59 51.53 51.50 51.44 51.41 51.34 51.31 51.28 51.25 51.22 51.19 51.16 51.16 51.16 51.12 51.12 51.12 51.12 51.16 51.16 51.16 51.19 51.19 51.22 51.25 51.28 51.34 51.38 51.44 51.47 51.53 51.56 51.62 51.66 51.69 51.75 51.78 51.81 51.88 51.91 51.94 51.97 52.00 52.06 52.12 52.19 52.25 52.34 52.44 52.53 52.66 52.81 52.94 52.97 53.00 53.00 52.97 52.88 52.59 52.19 52.03 52.16 52.22 52.53 53.12 53.69 54.03 54.28 54.53 54.75 54.94 55.09 55.25 55.44
51.69 51.62 51.56 51.50 51.47 51.41 51.34 51.31 51.28 51.25 51.22 51.19 51.16 51.12 51.12 51.09 51.09 51.09 51.09 51.09 51.09 51.12 51.12 51.16 51.16 51.19 51.22 51.25 51.28 51.34 51.38 51.41 51.47 51.50 51.56 51.59 51.66 51.69 51.72 51.75 51.81 51.84 51.88 51.91 51.94 51.97 52.03 52.09 52.16 52.25 52.34 52.44 52.53 52.66 52.81 52.91 52.94 52.91 52.91 52.84 52.69 52.31 51.94 51.97 52.03 52.19 52.78 53.34 53.78 54.09 54.31 54.53 54.72 54.88 55.03 55.22 55.41
51.59 51.53 51.47 51.44 51.38 51.31 51.28 51.25 51.19 51.16 51.12 51.12 51.09 51.06 51.06 51.06 51.06 51.06 51.06 51.06 51.06 51.09 51.09 51.12 51.16 51.19 51.22 51.25 51.28 51.31 51.38 51.41 51.47 51.50 51.53 51.59 51.62 51.66 51.72 51.75 51.78 51.81 51.84 51.88 51.91 51.94 52.00 52.06 52.16 52.22 52.31 52.44 52.56 52.69 52.81 52.84 52.84 52.84 52.81 52.69 52.41 52.06 51.78 51.84 51.91 52.50 53.03 53.53 53.88 54.09 54.31 54.53 54.69 54.84 55.00 55.19 55.38
51.50 51.44 51.38 51.34 51.28 51.25 51.22 51.16 51.12 51.09 51.06 51.06 51.03 51.03 51.00 51.00 51.00 51.00 51.00 51.03 51.03 51.06 51.06 51.09 51.12 51.16 51.19 51.22 51.28 51.31 51.38 51.41 51.44 51.50 51.53 51.56 51.62 51.66 51.69 51.72 51.75 51.78 51.81 51.84 51.88 51.94 51.97 52.06 52.12 52.22 52.31 52.44 52.56 52.69 52.75 52.78 52.78 52.75 52.69 52.44 52.12 51.75 51.72 51.75 52.09 52.72 53.25 53.66 53.91 54.12 54.31 54.50 54.62 54.78 54.94 55.12 55.34
51.41 51.34 51.31 51.25 51.22 51.19 51.12 51.09 51.06 51.03 51.00 51.00 50.97 50.97 50.97 50.94 50.94 50.97 50.97 50.97 51.00 51.03 51.06 51.06 51.09 51.16 51.19 51.22 51.28 51.31 51.34 51.41 51.44 51.47 51.50 51.56 51.59 51.62 51.66 51.69 51.72 51.75 51.78 51.81 51.84 51.91 51.97 52.03 52.12 52.22 52.34 52.47 52.59 52.69 52.72 52.72 52.69 52.62 52.44 52.09 51.75 51.62 51.66 51.75 52.44 52.94 53.38 53.69 53.91 54.12 54.31 54.44 54.59 54.75 54.91 55.09 55.31
51.31 51.28 51.22 51.19 51.16 51.09 51.06 51.03 51.00 50.97 50.94 50.94 50.91 50.91 50.91 50.91 50.91 50.91 50.94 50.94 50.97 51.00 51.03 51.06 51.09 51.12 51.16 51.22 51.25 51.28 51.34 51.38 51.41 51.47 51.50 51.53 51.56 51.59 51.66 51.69 51.72 51.75 51.75 51.78 51.84 51.88 51.94 52.03 52.12 52.22 52.34 52.47 52.59 52.66 52.69 52.66 52.59 52.41 52.12 51.75 51.50 51.53 51.59 52.06 52.62 53.09 53.44 53.69 53.94 54.12 54.28 54.41 54.53 54.72 54.88 55.09 55.28
51.25 51.19 51.16 51.12 51.06 51.03 51.00 50.97 50.94 50.91 50.88 50.88 50.84 50.84 50.84 50.84 50.84 50.88 50.88 50.91 50.94 50.94 50.97 51.03 51.06 51.09 51.16 51.19 51.25 51.28 51.31 51.34 51.41 51.44 51.47 51.50 51.56 51.59 51.62 51.66 51.69 51.72 51.75 51.78 51.81 51.88 51.94 52.03 52.12 52.22 52.38 52.50 52.59 52.62 52.62 52.59 52.47 52.19 51.81 51.44 51.44 51.47 51.62 52.31 52.78 53.22 53.50 53.72 53.91 54.09 54.22 54.38 54.50 54.66 54.84 55.06 55.28
51.16 51.12 51.06 51.03 51.00 50.97 50.94 50.91 50.88 50.84 50.81 50.81 50.81 50.78 50.78 50.78 50.81 50.81 50.84 50.84 50.88 50.91 50.94 50.97 51.03 51.06 51.12 51.16 51.22 51.25 51.28 51.34 51.38 51.41 51.44 51.50 51.53 51.56 51.59 51.62 51.66 51.69 51.72 51.75 51.81 51.88 51.94 52.03 52.12 52.25 52.38 52.50 52.56 52.56 52.56 52.50 52.31 51.97 51.53 51.34 51.38 51.41 51.91 52.47 52.97 53.28 53.50 53.72 53.88 54.03 54.19 54.31 54.47 54.62 54.81 55.03 55.25
51.09 51.03 51.00 50.97 50.94 50.91 50.88 50.84 50.81 50.78 50.78 50.75 50.75 50.75 50.75 50.75 50.75 50.78 50.78 50.81 50.84 50.88 50.91 50.94 51.00 51.03 51.09 51.16 51.19 51.22 51.28 51.31 51.34 51.38 51.44 51.47 51.50 51.53 51.56 51.59 51.62 51.66 51.72 51.75 51.81 51.88 51.94 52.03 52.12 52.28 52.41 52.50 52.50 52.50 52.47 52.41 52.12 51.72 51.25 51.28 51.31 51.50 52.09 52.66 53.06 53.31 53.53 53.69 53.84 54.00 54.12 54.25 54.41 54.59 54.78 55.00 55.22
51.00 50.97 50.94 50.91 50.88 50.81 50.81 50.78 50.75 50.72 50.72 50.69 50.69 50.69 50.69 50.69 50.69 50.72 50.75 50.75 50.78 50.84 50.88 50.91 50.97 51.00 51.06 51.12 51.16 51.19 51.25 51.28 51.31 51.34 51.41 51.44 51.47 51.50 51.53 51.59 51.62 51.66 51.69 51.75 51.81 51.88 51.94 52.03 52.16 52.31 52.41 52.47 52.47 52.44 52.38 52.25 51.91 51.44 51.19 51.22 51.25 51.81 52.34 52.81 53.12 53.34 53.53 53.69 53.81 53.94 54.06 54.22 54.38 54.53 54.72 54.94 55.19
