everonasctiles/Tile[10,14].asc
ncols 128
nrows 128
xllcorner 0
yllcorner 0
cellsize 2.0
NODATA_value  -9999
[rows 96 to 127 of 128, columns 0 to 70 of 128]
-55.19 -55.06 -54.81 -54.44 -54.19 -53.97 -53.66 -53.03 -52.88 -53.00 -52.94 -52.91 -52.41 -52.06 -52.38 -52.66 -52.72 -52.56 -52.88 -53.09 -52.59 -51.94 -50.91 -50.78 -50.56 -50.72 -51.31 -51.12 -51.03 -51.34 -51.38 -51.25 -50.97 -51.03 -50.94 -50.88 -50.66 -50.53 -50.66 -51.25 -51.53 -51.31 -51.66 -52.16 -52.69 -53.50 -53.91 -54.09 -54.19 -54.06 -53.62 -53.16 -53.06 -53.38 -53.81 -54.22 -54.22 -54.44 -54.25 -53.94 -53.47 -53.19 -53.19 -53.50 -54.28 -54.31 -54.19 -54.09 -53.50 -53.22 -53.88
-55.88 -55.62 -55.38 -55.09 -54.88 -54.69 -54.59 -54.34 -53.94 -53.78 -53.78 -53.31 -52.97 -52.66 -52.84 -53.03 -53.25 -53.25 -53.28 -53.41 -53.31 -53.16 -52.31 -51.69 -51.72 -50.81 -51.31 -51.75 -51.88 -51.88 -51.78 -51.78 -51.66 -51.56 -52.00 -51.66 -51.34 -51.00 -51.31 -51.75 -52.16 -51.84 -52.34 -52.38 -53.09 -53.53 -53.81 -53.97 -54.00 -53.94 -54.03 -53.66 -53.88 -54.19 -54.25 -54.91 -54.84 -55.19 -54.78 -54.31 -54.22 -53.84 -53.78 -54.03 -54.56 -54.38 -54.50 -54.78 -54.62 -54.28 -54.81
-56.44 -56.12 -55.97 -55.75 -55.31 -55.28 -55.16 -55.16 -55.09 -55.00 -54.84 -54.38 -53.69 -53.19 -53.31 -53.38 -53.47 -53.62 -53.53 -53.97 -54.16 -53.94 -53.19 -53.00 -53.16 -52.06 -51.88 -52.66 -52.66 -52.38 -52.31 -52.59 -52.81 -52.69 -52.34 -52.31 -52.19 -51.78 -51.97 -52.22 -52.28 -52.66 -53.09 -53.28 -53.47 -53.84 -54.03 -54.09 -54.09 -54.28 -54.53 -54.56 -54.78 -54.91 -54.94 -55.09 -55.38 -55.59 -55.66 -54.97 -54.44 -54.00 -53.97 -54.12 -54.69 -55.00 -55.03 -55.16 -55.38 -55.56 -55.91
-56.84 -56.69 -56.50 -56.22 -55.97 -55.91 -55.78 -55.97 -56.12 -55.81 -55.25 -55.06 -54.38 -54.06 -54.22 -54.47 -54.28 -54.12 -54.31 -54.53 -54.75 -54.62 -54.53 -54.25 -53.75 -52.91 -52.88 -53.19 -53.03 -52.97 -52.97 -53.25 -53.53 -53.81 -53.44 -53.12 -52.91 -52.84 -52.81 -52.78 -52.69 -53.19 -53.81 -54.00 -54.38 -54.41 -54.28 -54.47 -54.38 -54.69 -55.00 -55.22 -55.03 -55.31 -55.19 -55.25 -55.66 -56.00 -56.12 -56.09 -55.50 -55.03 -55.16 -55.03 -55.12 -55.09 -55.31 -55.50 -55.91 -56.41 -56.94
-57.34 -57.31 -57.34 -57.06 -56.78 -56.62 -56.44 -56.59 -56.66 -56.47 -56.09 -55.56 -55.09 -54.94 -55.28 -55.72 -55.03 -54.78 -55.00 -54.97 -55.34 -55.59 -55.53 -54.94 -54.38 -53.34 -53.31 -53.53 -53.53 -53.41 -53.47 -53.84 -53.88 -53.97 -53.78 -53.53 -53.12 -53.09 -52.91 -52.97 -52.97 -53.53 -54.38 -54.25 -54.56 -54.66 -54.88 -54.62 -54.75 -54.88 -55.16 -55.72 -55.91 -55.72 -55.72 -55.94 -55.94 -55.62 -55.97 -56.00 -55.81 -55.59 -54.88 -54.75 -55.03 -55.06 -55.47 -55.91 -56.19 -57.09 -57.47
-58.19 -58.12 -58.16 -57.81 -57.38 -57.22 -57.09 -57.19 -57.34 -57.34 -57.12 -56.53 -56.38 -56.31 -56.66 -56.38 -55.66 -55.66 -55.56 -55.47 -55.91 -56.34 -56.38 -56.22 -55.69 -54.94 -54.53 -54.19 -54.41 -53.94 -53.56 -53.72 -53.88 -54.09 -54.53 -54.19 -53.88 -53.66 -53.72 -53.66 -53.84 -54.22 -54.69 -54.91 -55.00 -55.25 -54.91 -54.47 -54.91 -55.62 -56.00 -56.50 -57.00 -56.25 -56.34 -56.44 -56.00 -55.69 -55.75 -55.91 -56.12 -55.66 -55.34 -54.81 -54.72 -54.88 -55.19 -55.88 -56.72 -57.41 -57.81
-58.78 -58.84 -58.81 -58.53 -58.09 -58.19 -58.12 -58.09 -58.31 -58.31 -58.22 -57.53 -57.59 -57.50 -57.41 -57.09 -56.50 -56.53 -56.34 -56.09 -56.53 -57.28 -57.50 -57.25 -56.91 -56.12 -55.88 -55.94 -56.09 -55.78 -55.16 -55.19 -55.50 -54.97 -55.50 -55.41 -54.72 -54.94 -55.06 -55.03 -55.03 -55.16 -55.53 -55.75 -55.91 -56.12 -55.50 -55.12 -55.72 -56.22 -57.25 -57.38 -57.59 -56.81 -56.66 -56.81 -56.88 -56.12 -56.12 -56.28 -55.97 -55.47 -55.47 -55.28 -55.22 -55.28 -55.47 -56.00 -56.81 -57.66 -57.91
-59.41 -59.50 -59.44 -59.22 -58.91 -58.97 -58.78 -58.75 -58.88 -58.94 -58.81 -58.75 -58.62 -58.78 -58.50 -58.19 -57.78 -57.34 -57.06 -56.91 -57.03 -57.62 -58.06 -58.19 -58.06 -57.41 -56.94 -57.00 -56.84 -56.53 -55.84 -55.81 -56.25 -56.69 -56.69 -56.78 -56.38 -56.31 -56.41 -56.47 -56.69 -57.09 -56.88 -57.19 -57.34 -57.44 -56.91 -56.53 -56.56 -57.19 -57.50 -57.41 -58.06 -57.69 -57.31 -57.59 -57.50 -56.38 -56.03 -56.22 -56.25 -55.69 -55.53 -55.88 -56.09 -55.94 -55.97 -56.50 -57.03 -57.53 -57.31
-60.16 -60.06 -59.84 -59.97 -59.88 -59.78 -59.50 -59.41 -59.69 -59.88 -59.59 -59.59 -59.69 -59.91 -59.72 -59.22 -59.03 -58.50 -57.69 -57.38 -57.62 -58.12 -58.69 -58.97 -58.84 -58.56 -58.00 -57.97 -57.94 -57.47 -56.69 -56.72 -57.34 -57.97 -57.84 -57.69 -57.31 -57.06 -57.06 -57.31 -57.69 -57.88 -57.72 -57.81 -57.75 -57.66 -57.59 -57.16 -57.47 -58.06 -58.22 -58.31 -58.81 -58.59 -58.41 -58.12 -57.91 -56.84 -56.00 -56.12 -56.19 -56.28 -56.31 -56.41 -56.81 -56.38 -56.56 -56.78 -56.97 -57.72 -57.12
-60.34 -60.47 -60.41 -60.56 -60.53 -60.31 -60.41 -60.22 -60.28 -60.53 -60.56 -60.31 -60.19 -60.28 -60.31 -60.25 -60.16 -59.81 -59.09 -58.25 -58.34 -58.47 -58.75 -59.19 -59.31 -59.41 -59.31 -58.91 -58.56 -58.47 -58.12 -57.94 -58.28 -59.06 -59.09 -58.81 -57.81 -57.47 -57.78 -58.19 -58.66 -59.00 -59.22 -59.28 -59.03 -58.97 -58.59 -58.19 -58.50 -58.66 -59.06 -59.28 -59.81 -59.62 -59.06 -58.72 -57.97 -57.19 -56.59 -56.56 -56.59 -56.88 -56.94 -57.06 -57.34 -57.09 -57.38 -57.84 -58.03 -58.22 -57.66
-60.66 -60.81 -60.94 -60.97 -60.97 -60.84 -60.88 -60.78 -60.84 -60.94 -60.94 -60.59 -60.56 -60.75 -60.97 -61.22 -61.09 -60.94 -60.34 -59.31 -58.94 -58.81 -59.03 -59.47 -59.91 -59.97 -60.22 -59.97 -59.50 -59.28 -59.22 -58.91 -59.25 -59.34 -59.41 -59.25 -58.69 -58.09 -58.44 -59.31 -59.97 -60.28 -60.00 -60.09 -60.03 -59.78 -59.31 -58.69 -59.06 -59.59 -60.19 -60.03 -60.25 -60.09 -59.66 -59.12 -58.59 -57.88 -57.22 -56.47 -56.19 -56.69 -56.91 -57.22 -57.62 -57.81 -58.31 -59.03 -59.31 -59.66 -58.81
-61.34 -61.44 -61.34 -61.41 -61.53 -61.41 -61.38 -61.31 -61.28 -61.12 -61.06 -60.94 -60.88 -61.22 -61.56 -61.88 -61.88 -61.81 -61.28 -60.34 -59.62 -59.34 -59.38 -60.16 -60.41 -60.62 -60.81 -60.69 -60.53 -60.22 -60.00 -59.50 -59.91 -60.38 -60.28 -59.88 -59.38 -59.19 -59.16 -59.72 -60.62 -61.25 -61.41 -61.50 -60.78 -59.81 -59.38 -59.56 -59.50 -60.12 -60.69 -60.75 -60.81 -60.62 -60.03 -59.59 -58.94 -58.34 -57.78 -56.66 -56.19 -56.34 -56.56 -57.22 -57.94 -59.06 -59.56 -60.28 -60.34 -60.56 -59.97
-62.06 -62.16 -62.34 -62.09 -62.09 -62.16 -61.97 -61.69 -61.44 -61.34 -61.28 -61.38 -61.50 -61.66 -62.03 -62.06 -62.34 -62.25 -61.88 -61.25 -60.16 -60.28 -60.03 -60.81 -61.06 -61.16 -61.31 -61.38 -61.22 -60.97 -60.66 -60.53 -60.66 -60.88 -61.09 -60.62 -60.03 -59.75 -59.62 -60.50 -61.09 -61.94 -62.06 -61.94 -61.25 -60.12 -59.53 -59.31 -59.16 -60.16 -61.25 -61.50 -61.41 -60.91 -60.38 -60.19 -59.56 -58.91 -58.06 -57.03 -56.03 -56.53 -56.72 -57.41 -59.16 -60.22 -61.00 -61.59 -61.31 -61.50 -60.75
-62.84 -62.97 -63.06 -62.91 -62.62 -62.50 -62.31 -61.91 -61.69 -61.56 -61.72 -61.56 -61.97 -61.94 -62.31 -62.06 -62.34 -62.62 -62.25 -61.78 -61.44 -61.25 -61.25 -61.53 -61.75 -61.41 -61.50 -61.62 -61.53 -61.50 -61.72 -61.94 -61.81 -61.88 -61.53 -61.09 -61.00 -60.72 -60.50 -61.00 -61.62 -62.44 -62.03 -61.78 -61.28 -60.16 -59.50 -59.38 -59.56 -60.03 -60.84 -61.34 -61.75 -61.09 -60.78 -60.75 -60.53 -59.78 -59.03 -57.81 -56.84 -57.19 -57.84 -58.94 -59.84 -60.47 -61.34 -61.97 -61.88 -61.75 -61.38
-63.84 -63.66 -63.88 -63.69 -63.34 -63.00 -62.66 -62.25 -62.03 -62.09 -62.22 -61.81 -61.84 -61.72 -61.88 -61.97 -62.12 -62.66 -62.75 -62.81 -62.19 -61.94 -62.12 -62.09 -62.12 -61.97 -61.84 -61.94 -62.44 -62.62 -63.09 -63.38 -62.78 -62.75 -62.41 -61.97 -61.88 -61.84 -61.91 -62.06 -62.38 -62.50 -62.22 -61.75 -61.22 -60.25 -59.34 -59.03 -59.75 -60.12 -60.62 -61.00 -61.72 -61.41 -61.22 -61.34 -61.31 -61.00 -60.41 -59.53 -58.47 -58.56 -58.97 -60.16 -60.97 -61.16 -61.75 -62.12 -61.97 -62.03 -61.72
-64.50 -64.47 -64.44 -64.38 -64.28 -63.88 -63.31 -62.81 -62.72 -62.31 -62.31 -62.03 -61.94 -61.91 -62.09 -62.34 -62.47 -62.75 -63.12 -63.06 -62.84 -62.38 -62.56 -62.28 -61.78 -62.09 -62.34 -62.44 -63.12 -63.66 -64.28 -64.31 -63.97 -63.66 -63.38 -63.41 -63.31 -63.22 -63.09 -62.41 -62.41 -62.44 -62.47 -62.12 -61.50 -60.66 -59.69 -59.41 -60.12 -60.59 -61.06 -61.47 -61.88 -62.00 -61.88 -62.03 -62.03 -61.75 -60.91 -60.66 -60.31 -60.66 -60.22 -61.03 -61.78 -62.28 -62.41 -62.38 -62.25 -62.47 -62.09
-64.66 -64.72 -64.97 -65.06 -65.00 -64.47 -63.91 -63.75 -63.41 -63.22 -62.88 -62.44 -62.38 -62.25 -62.38 -62.78 -62.81 -63.44 -63.69 -63.38 -63.16 -62.72 -62.84 -62.78 -62.66 -62.50 -62.78 -62.91 -63.41 -64.12 -64.91 -64.72 -64.56 -64.75 -64.50 -64.22 -64.16 -64.09 -63.84 -63.25 -62.75 -62.56 -62.78 -62.50 -62.06 -61.47 -61.06 -60.59 -60.75 -61.69 -62.12 -62.09 -62.44 -62.59 -62.22 -62.38 -62.75 -62.91 -62.53 -62.47 -61.94 -62.19 -61.88 -62.19 -62.78 -62.69 -62.31 -62.59 -62.72 -62.62 -62.34
-64.94 -65.34 -65.47 -65.44 -65.31 -64.59 -64.38 -64.47 -64.06 -63.78 -63.25 -63.09 -63.25 -63.41 -63.44 -63.59 -63.91 -64.03 -63.91 -63.81 -63.75 -63.97 -63.66 -63.62 -63.53 -63.31 -63.16 -63.16 -63.44 -64.25 -64.78 -64.81 -64.69 -64.69 -64.72 -64.62 -64.75 -64.72 -64.66 -64.16 -63.34 -62.72 -63.00 -62.84 -62.53 -61.97 -61.62 -61.81 -62.19 -62.91 -63.38 -63.56 -63.00 -63.09 -62.69 -62.75 -63.19 -63.69 -64.06 -64.31 -63.94 -63.66 -63.59 -63.41 -63.50 -63.50 -63.19 -63.06 -63.09 -62.91 -62.66
-65.34 -65.62 -65.72 -65.81 -65.59 -65.28 -65.00 -64.78 -64.47 -64.44 -63.50 -63.25 -63.78 -64.25 -64.53 -64.56 -64.62 -64.69 -64.25 -64.22 -64.31 -64.88 -64.69 -64.28 -64.22 -63.72 -63.50 -63.34 -63.62 -64.16 -64.47 -64.66 -64.88 -64.84 -65.06 -65.03 -65.06 -65.19 -65.03 -64.66 -63.88 -62.88 -63.25 -63.44 -63.22 -62.91 -62.59 -63.22 -63.34 -63.88 -64.16 -63.94 -63.91 -63.72 -63.56 -63.91 -64.09 -64.47 -64.62 -64.72 -64.53 -64.34 -64.47 -64.47 -63.91 -63.66 -63.81 -63.44 -63.19 -63.16 -63.25
-66.09 -65.97 -65.94 -66.06 -65.91 -65.69 -65.56 -65.50 -64.88 -64.50 -63.94 -63.88 -63.84 -64.50 -64.75 -64.75 -65.03 -64.88 -64.66 -64.66 -64.94 -65.28 -65.25 -64.91 -64.88 -64.41 -64.12 -64.00 -64.00 -64.34 -64.50 -64.62 -64.91 -65.03 -65.31 -65.00 -65.16 -65.69 -65.38 -65.38 -64.59 -63.44 -63.59 -64.22 -64.19 -63.50 -63.75 -64.31 -64.91 -65.06 -65.16 -64.72 -64.56 -64.50 -64.59 -64.66 -64.75 -64.91 -65.06 -65.09 -65.00 -64.88 -65.06 -65.16 -64.38 -64.16 -63.81 -63.53 -63.19 -62.75 -62.59
-66.66 -66.44 -66.44 -65.94 -66.03 -66.31 -66.12 -65.84 -65.16 -64.72 -64.44 -64.25 -63.97 -64.28 -64.34 -64.59 -64.66 -64.50 -64.56 -64.78 -65.19 -65.38 -65.38 -65.38 -65.09 -65.09 -64.78 -64.56 -64.59 -64.75 -65.03 -65.12 -65.31 -65.72 -65.62 -65.44 -65.75 -65.78 -65.72 -65.56 -65.25 -64.84 -64.91 -65.03 -65.09 -64.69 -64.78 -65.19 -65.62 -66.25 -66.41 -65.91 -65.62 -65.75 -65.22 -65.03 -65.00 -65.16 -65.34 -65.44 -65.72 -65.41 -65.59 -65.28 -64.66 -64.03 -63.44 -63.38 -62.47 -62.09 -62.00
-67.03 -66.88 -66.72 -66.31 -66.34 -66.44 -66.22 -66.34 -65.91 -65.25 -64.78 -64.44 -64.00 -64.06 -64.09 -64.56 -64.69 -64.44 -64.66 -65.03 -65.38 -65.59 -65.44 -65.38 -65.16 -65.31 -65.28 -65.28 -65.72 -65.66 -66.03 -66.16 -66.12 -66.00 -65.94 -65.91 -66.00 -66.56 -66.72 -66.47 -66.19 -66.03 -66.34 -66.22 -66.44 -66.31 -65.91 -66.31 -66.69 -67.06 -67.16 -66.59 -66.44 -66.31 -65.81 -66.06 -65.97 -65.81 -65.59 -65.41 -65.47 -65.53 -65.59 -65.22 -64.19 -63.38 -63.19 -62.72 -61.69 -61.47 -61.19
-66.94 -66.62 -66.47 -65.84 -65.56 -66.09 -66.44 -66.59 -66.22 -65.75 -65.56 -65.03 -64.44 -64.28 -64.56 -65.03 -65.00 -64.94 -65.09 -65.78 -66.12 -66.16 -65.47 -65.47 -65.38 -65.97 -65.88 -66.22 -66.44 -66.44 -66.97 -66.47 -66.38 -66.50 -66.75 -67.03 -66.91 -67.12 -67.06 -67.12 -66.97 -66.72 -66.62 -67.06 -67.31 -67.19 -67.03 -67.12 -67.34 -67.66 -67.44 -67.28 -67.06 -66.94 -66.97 -66.91 -66.94 -66.69 -66.16 -65.75 -65.53 -64.97 -65.25 -64.59 -63.31 -62.94 -62.66 -61.91 -61.66 -61.53 -60.78
-66.53 -65.91 -65.59 -65.75 -65.69 -66.09 -66.78 -66.62 -66.03 -65.75 -65.78 -65.72 -64.97 -64.62 -64.81 -65.25 -65.59 -65.62 -66.28 -67.16 -67.06 -66.56 -65.97 -65.91 -65.78 -66.12 -66.78 -67.22 -67.16 -66.91 -67.06 -66.75 -66.81 -67.12 -67.25 -67.12 -67.00 -66.84 -66.91 -66.97 -67.22 -67.31 -67.28 -67.88 -68.25 -68.16 -68.06 -67.84 -67.56 -67.81 -67.78 -67.75 -67.81 -67.97 -68.03 -67.97 -67.69 -67.19 -66.50 -65.28 -64.84 -64.66 -65.03 -64.53 -64.44 -63.50 -62.66 -61.84 -61.16 -61.06 -60.50
-66.78 -66.12 -65.75 -65.84 -66.12 -66.34 -66.47 -66.16 -65.59 -65.47 -65.78 -66.22 -65.78 -65.62 -66.00 -66.22 -66.50 -66.69 -67.25 -67.78 -67.66 -67.03 -66.56 -67.03 -66.88 -67.09 -67.44 -67.66 -67.94 -67.78 -67.56 -67.12 -67.31 -67.47 -67.09 -66.91 -67.00 -66.72 -66.81 -66.94 -67.06 -67.59 -67.94 -68.34 -68.81 -68.59 -68.47 -68.31 -67.94 -67.72 -68.06 -68.41 -68.31 -68.59 -68.84 -68.56 -68.25 -67.34 -66.47 -65.19 -64.69 -63.72 -64.34 -64.25 -64.19 -63.41 -62.91 -61.97 -60.97 -60.75 -60.47
-66.91 -66.72 -66.38 -66.50 -66.78 -66.62 -66.59 -66.22 -65.91 -66.12 -66.47 -66.66 -66.28 -66.12 -66.75 -67.00 -66.94 -67.22 -68.03 -67.91 -67.91 -67.72 -67.47 -67.31 -67.31 -67.56 -67.94 -68.50 -68.75 -68.34 -68.28 -68.03 -67.69 -67.56 -67.41 -66.78 -66.62 -66.47 -66.28 -66.09 -66.53 -68.09 -68.53 -68.59 -68.69 -68.88 -68.75 -68.25 -68.56 -68.75 -68.53 -68.69 -68.81 -68.81 -69.03 -68.97 -68.69 -68.03 -66.97 -65.41 -64.28 -63.22 -64.03 -63.69 -63.56 -63.53 -62.78 -61.75 -61.19 -61.41 -60.78
-67.38 -67.38 -67.56 -67.16 -67.50 -67.31 -66.81 -66.75 -66.38 -66.53 -66.75 -66.84 -67.00 -67.50 -67.81 -67.88 -68.09 -68.41 -68.47 -68.28 -68.31 -68.00 -68.03 -67.81 -67.91 -68.22 -68.44 -68.53 -68.72 -68.94 -69.03 -68.62 -68.38 -68.12 -67.72 -67.25 -66.91 -67.00 -66.50 -65.84 -66.12 -67.12 -67.81 -68.19 -67.84 -67.94 -67.94 -67.97 -68.31 -68.75 -68.88 -69.00 -69.12 -69.06 -68.78 -69.06 -69.00 -68.22 -67.53 -65.88 -64.25 -63.53 -63.47 -63.22 -64.28 -64.56 -63.59 -61.91 -61.38 -61.78 -61.84
-68.12 -67.94 -67.97 -67.56 -67.47 -67.53 -67.41 -67.09 -66.66 -66.56 -66.72 -67.06 -67.47 -68.06 -68.47 -68.44 -68.56 -68.59 -68.84 -68.66 -68.38 -68.56 -68.66 -68.94 -69.16 -68.91 -68.69 -68.72 -68.94 -69.28 -69.38 -69.25 -69.03 -68.81 -67.94 -68.00 -67.53 -67.66 -67.03 -67.00 -66.59 -66.75 -67.16 -67.56 -67.00 -67.38 -67.34 -67.53 -68.03 -68.69 -68.91 -69.50 -69.31 -68.72 -67.91 -68.06 -68.34 -68.34 -67.88 -66.34 -64.81 -63.81 -62.94 -62.97 -64.34 -64.88 -64.47 -62.84 -62.50 -62.34 -62.81
-68.44 -67.97 -67.78 -67.50 -67.53 -67.69 -67.81 -67.38 -67.25 -67.06 -66.62 -67.12 -67.41 -68.34 -68.91 -69.12 -69.09 -69.03 -69.09 -68.69 -68.72 -69.25 -69.84 -70.09 -70.00 -69.81 -69.34 -69.09 -68.97 -69.44 -69.69 -69.72 -69.44 -68.94 -68.56 -68.69 -68.91 -68.75 -67.97 -67.88 -67.06 -67.16 -67.19 -67.34 -66.69 -66.56 -66.78 -67.31 -68.00 -68.69 -69.47 -69.56 -69.00 -68.25 -67.44 -66.62 -66.56 -67.25 -67.50 -66.75 -65.47 -64.59 -64.09 -64.00 -64.44 -64.75 -64.03 -63.41 -62.66 -63.03 -63.59
-68.72 -68.06 -67.47 -67.38 -67.44 -67.50 -68.22 -68.12 -67.75 -67.28 -67.16 -67.41 -67.62 -68.34 -69.34 -69.88 -69.66 -69.47 -68.97 -68.41 -68.62 -69.62 -70.66 -70.94 -71.12 -70.53 -69.81 -69.69 -69.47 -69.62 -69.72 -69.75 -69.41 -68.88 -68.97 -69.12 -69.56 -69.44 -68.75 -68.38 -67.66 -67.59 -67.50 -67.62 -67.06 -66.62 -66.97 -67.56 -68.34 -68.94 -69.38 -69.94 -69.56 -68.34 -67.34 -66.53 -65.84 -65.84 -67.03 -67.09 -66.00 -65.19 -65.44 -65.25 -65.78 -65.72 -64.78 -64.47 -63.28 -63.72 -64.31
-68.44 -68.31 -67.78 -67.41 -67.19 -67.59 -68.12 -68.25 -67.88 -67.78 -67.94 -68.03 -68.06 -68.72 -69.81 -70.19 -70.06 -69.75 -69.16 -68.69 -69.31 -69.91 -70.78 -71.38 -71.25 -70.38 -69.94 -69.91 -69.97 -69.97 -69.91 -69.75 -69.41 -68.75 -68.53 -68.88 -69.41 -69.34 -69.06 -69.47 -68.94 -68.09 -67.75 -68.03 -67.31 -66.62 -66.91 -67.41 -68.78 -69.78 -69.84 -70.41 -70.16 -68.50 -67.34 -66.66 -65.78 -65.38 -66.41 -66.75 -66.41 -66.41 -66.59 -66.28 -66.88 -66.97 -65.84 -65.34 -64.81 -64.84 -65.19
-68.75 -68.53 -68.38 -67.66 -67.38 -67.69 -68.28 -68.56 -68.56 -68.44 -67.97 -68.09 -68.56 -69.06 -70.09 -70.72 -70.59 -69.84 -69.44 -69.38 -69.59 -69.88 -70.88 -71.44 -71.12 -70.38 -70.09 -70.53 -70.59 -70.31 -70.41 -69.88 -69.78 -68.88 -68.03 -68.69 -69.47 -69.38 -69.03 -69.09 -69.03 -68.69 -68.03 -68.00 -67.34 -67.22 -67.44 -67.69 -68.66 -69.72 -70.25 -70.50 -70.09 -68.56 -67.28 -66.25 -65.81 -65.59 -65.84 -66.25 -67.22 -67.50 -66.88 -67.00 -67.78 -67.97 -66.75 -66.12 -66.56 -66.19 -66.53
