everonasctiles/Tile46,2.asc
ncols 128
nrows 128
xllcorner 0
yllcorner 0
cellsize 2.0
NODATA_value  -9999
[rows 58 to 86 of 128, columns 0 to 66 of 128]
-114.91 -114.69 -114.47 -114.25 -114.00 -113.75 -113.50 -113.25 -113.06 -112.91 -112.75 -112.56 -112.34 -112.16 -111.94 -111.81 -111.69 -111.56 -111.38 -111.16 -110.94 -110.69 -110.44 -110.19 -109.91 -109.72 -109.69 -109.69 -109.72 -109.72 -109.66 -109.53 -109.34 -109.12 -108.88 -108.62 -108.44 -108.44 -108.47 -108.50 -108.78 -109.16 -109.56 -109.88 -110.09 -110.25 -110.38 -110.56 -110.88 -111.16 -111.41 -111.62 -111.84 -112.09 -112.38 -112.59 -112.75 -112.78 -112.81 -112.88 -113.03 -113.22 -113.38 -113.47 -113.59 -113.72 -113.88
-115.06 -114.88 -114.66 -114.44 -114.19 -113.97 -113.72 -113.56 -113.41 -113.25 -113.09 -112.91 -112.69 -112.50 -112.34 -112.25 -112.12 -112.00 -111.81 -111.62 -111.41 -111.16 -110.94 -110.72 -110.50 -110.31 -110.28 -110.25 -110.25 -110.22 -110.19 -110.06 -109.91 -109.69 -109.41 -109.19 -109.09 -109.12 -109.12 -109.06 -109.16 -109.56 -110.00 -110.38 -110.66 -110.81 -110.94 -111.09 -111.34 -111.66 -111.94 -112.16 -112.38 -112.59 -112.84 -113.06 -113.19 -113.25 -113.28 -113.41 -113.56 -113.75 -113.91 -114.03 -114.12 -114.25 -114.38
-115.25 -115.06 -114.88 -114.66 -114.44 -114.22 -114.03 -113.91 -113.78 -113.66 -113.50 -113.28 -113.06 -112.88 -112.78 -112.69 -112.59 -112.47 -112.28 -112.06 -111.84 -111.62 -111.41 -111.22 -111.03 -110.91 -110.81 -110.78 -110.78 -110.75 -110.69 -110.59 -110.44 -110.22 -109.97 -109.75 -109.72 -109.78 -109.78 -109.75 -109.72 -110.00 -110.41 -110.81 -111.16 -111.38 -111.53 -111.62 -111.84 -112.12 -112.41 -112.66 -112.88 -113.09 -113.34 -113.53 -113.66 -113.69 -113.75 -113.88 -114.06 -114.25 -114.41 -114.53 -114.62 -114.75 -114.84
-115.44 -115.28 -115.09 -114.91 -114.72 -114.53 -114.38 -114.28 -114.19 -114.06 -113.88 -113.66 -113.44 -113.34 -113.28 -113.19 -113.06 -112.91 -112.72 -112.50 -112.31 -112.09 -111.91 -111.72 -111.56 -111.44 -111.38 -111.31 -111.31 -111.28 -111.22 -111.12 -110.97 -110.75 -110.53 -110.38 -110.34 -110.38 -110.41 -110.44 -110.38 -110.47 -110.84 -111.28 -111.62 -111.91 -112.09 -112.22 -112.38 -112.59 -112.88 -113.12 -113.34 -113.59 -113.81 -113.97 -114.09 -114.16 -114.22 -114.34 -114.53 -114.72 -114.88 -115.00 -115.09 -115.19 -115.28
-115.69 -115.53 -115.34 -115.16 -115.00 -114.84 -114.75 -114.69 -114.59 -114.50 -114.31 -114.09 -113.88 -113.84 -113.81 -113.69 -113.56 -113.34 -113.16 -112.94 -112.75 -112.56 -112.41 -112.22 -112.09 -111.97 -111.91 -111.84 -111.81 -111.78 -111.72 -111.62 -111.47 -111.31 -111.09 -110.97 -110.94 -110.97 -111.00 -111.06 -111.06 -111.06 -111.28 -111.72 -112.09 -112.41 -112.62 -112.78 -112.94 -113.12 -113.34 -113.56 -113.81 -114.03 -114.25 -114.41 -114.53 -114.59 -114.66 -114.81 -114.97 -115.16 -115.31 -115.44 -115.53 -115.62 -115.69
-115.91 -115.75 -115.59 -115.44 -115.31 -115.22 -115.12 -115.09 -115.06 -114.94 -114.78 -114.56 -114.41 -114.38 -114.34 -114.22 -114.03 -113.81 -113.56 -113.38 -113.19 -113.03 -112.91 -112.75 -112.62 -112.50 -112.44 -112.38 -112.34 -112.31 -112.22 -112.12 -111.97 -111.81 -111.66 -111.53 -111.50 -111.53 -111.59 -111.69 -111.72 -111.66 -111.75 -112.12 -112.56 -112.88 -113.12 -113.31 -113.47 -113.62 -113.84 -114.03 -114.25 -114.44 -114.66 -114.84 -114.94 -115.00 -115.09 -115.22 -115.38 -115.56 -115.69 -115.81 -115.91 -116.00 -116.06
-116.12 -116.00 -115.88 -115.75 -115.66 -115.59 -115.56 -115.53 -115.50 -115.41 -115.25 -115.06 -114.97 -114.94 -114.88 -114.72 -114.50 -114.25 -114.03 -113.81 -113.66 -113.53 -113.41 -113.28 -113.16 -113.03 -112.97 -112.91 -112.88 -112.81 -112.72 -112.62 -112.47 -112.31 -112.19 -112.09 -112.06 -112.09 -112.19 -112.28 -112.34 -112.31 -112.25 -112.53 -112.97 -113.34 -113.62 -113.81 -113.97 -114.12 -114.31 -114.50 -114.69 -114.88 -115.06 -115.22 -115.34 -115.41 -115.50 -115.62 -115.78 -115.94 -116.06 -116.16 -116.25 -116.31 -116.41
-116.38 -116.28 -116.19 -116.09 -116.03 -116.00 -115.97 -115.97 -115.94 -115.88 -115.75 -115.62 -115.53 -115.50 -115.41 -115.22 -114.97 -114.72 -114.47 -114.28 -114.16 -114.03 -113.94 -113.81 -113.69 -113.59 -113.50 -113.44 -113.41 -113.31 -113.22 -113.09 -112.94 -112.81 -112.72 -112.66 -112.59 -112.66 -112.75 -112.88 -112.94 -112.94 -112.84 -112.94 -113.34 -113.75 -114.06 -114.31 -114.47 -114.62 -114.81 -114.97 -115.12 -115.28 -115.47 -115.59 -115.72 -115.81 -115.91 -116.00 -116.12 -116.28 -116.38 -116.47 -116.56 -116.62 -116.69
-116.66 -116.59 -116.53 -116.47 -116.41 -116.41 -116.41 -116.41 -116.41 -116.34 -116.25 -116.19 -116.09 -116.03 -115.91 -115.72 -115.44 -115.16 -114.94 -114.81 -114.69 -114.56 -114.47 -114.34 -114.22 -114.09 -114.00 -113.94 -113.91 -113.84 -113.72 -113.53 -113.38 -113.28 -113.25 -113.22 -113.16 -113.19 -113.28 -113.44 -113.53 -113.53 -113.47 -113.41 -113.69 -114.09 -114.47 -114.75 -114.94 -115.09 -115.28 -115.44 -115.56 -115.72 -115.84 -115.97 -116.09 -116.16 -116.25 -116.38 -116.47 -116.59 -116.69 -116.78 -116.84 -116.91 -116.97
-116.97 -116.94 -116.88 -116.84 -116.81 -116.81 -116.81 -116.84 -116.84 -116.81 -116.75 -116.69 -116.62 -116.56 -116.44 -116.19 -115.88 -115.59 -115.44 -115.38 -115.28 -115.12 -115.03 -114.91 -114.75 -114.59 -114.50 -114.47 -114.44 -114.34 -114.19 -113.97 -113.81 -113.75 -113.75 -113.75 -113.72 -113.75 -113.84 -113.97 -114.09 -114.09 -114.06 -113.97 -114.06 -114.41 -114.78 -115.12 -115.38 -115.56 -115.72 -115.88 -116.00 -116.12 -116.22 -116.34 -116.41 -116.50 -116.59 -116.69 -116.78 -116.91 -116.97 -117.03 -117.09 -117.12 -117.19
-117.31 -117.31 -117.28 -117.25 -117.22 -117.22 -117.25 -117.25 -117.28 -117.25 -117.22 -117.19 -117.16 -117.06 -116.91 -116.62 -116.31 -116.06 -116.03 -115.97 -115.88 -115.72 -115.59 -115.44 -115.25 -115.06 -114.97 -114.97 -114.94 -114.81 -114.66 -114.44 -114.25 -114.22 -114.25 -114.31 -114.31 -114.31 -114.38 -114.50 -114.59 -114.66 -114.66 -114.59 -114.53 -114.72 -115.06 -115.44 -115.72 -115.97 -116.12 -116.28 -116.41 -116.50 -116.59 -116.69 -116.75 -116.78 -116.88 -116.97 -117.09 -117.16 -117.22 -117.28 -117.31 -117.38 -117.41
-117.66 -117.69 -117.66 -117.66 -117.62 -117.62 -117.66 -117.69 -117.72 -117.72 -117.69 -117.66 -117.62 -117.56 -117.38 -117.09 -116.78 -116.62 -116.62 -116.59 -116.47 -116.34 -116.16 -115.97 -115.75 -115.53 -115.44 -115.47 -115.44 -115.31 -115.12 -114.91 -114.69 -114.69 -114.75 -114.81 -114.84 -114.88 -114.91 -115.00 -115.09 -115.16 -115.16 -115.12 -115.09 -115.12 -115.34 -115.69 -116.03 -116.28 -116.50 -116.62 -116.75 -116.88 -116.94 -117.00 -117.03 -117.06 -117.16 -117.25 -117.34 -117.41 -117.47 -117.50 -117.53 -117.56 -117.59
-118.03 -118.06 -118.06 -118.03 -118.00 -118.00 -118.06 -118.12 -118.16 -118.16 -118.12 -118.12 -118.09 -118.03 -117.84 -117.59 -117.31 -117.25 -117.25 -117.22 -117.09 -116.94 -116.75 -116.47 -116.19 -115.94 -115.94 -115.97 -115.94 -115.81 -115.62 -115.41 -115.19 -115.12 -115.22 -115.34 -115.41 -115.44 -115.44 -115.50 -115.56 -115.62 -115.62 -115.62 -115.62 -115.59 -115.69 -115.97 -116.28 -116.56 -116.78 -116.97 -117.09 -117.19 -117.28 -117.31 -117.31 -117.34 -117.38 -117.47 -117.56 -117.66 -117.69 -117.72 -117.75 -117.78 -117.78
-118.41 -118.44 -118.44 -118.41 -118.38 -118.38 -118.44 -118.53 -118.56 -118.59 -118.59 -118.56 -118.53 -118.47 -118.34 -118.12 -117.94 -117.88 -117.88 -117.81 -117.69 -117.53 -117.25 -116.94 -116.59 -116.41 -116.47 -116.47 -116.44 -116.31 -116.16 -115.94 -115.72 -115.59 -115.69 -115.81 -115.91 -115.97 -115.97 -115.97 -116.00 -116.03 -116.06 -116.09 -116.09 -116.09 -116.12 -116.28 -116.53 -116.81 -117.06 -117.25 -117.38 -117.47 -117.56 -117.59 -117.59 -117.59 -117.62 -117.69 -117.75 -117.84 -117.91 -117.94 -117.94 -117.97 -117.94
-118.75 -118.81 -118.81 -118.78 -118.75 -118.75 -118.81 -118.91 -118.97 -119.00 -119.00 -119.00 -118.97 -118.91 -118.81 -118.69 -118.56 -118.50 -118.47 -118.41 -118.28 -118.06 -117.75 -117.41 -117.06 -116.94 -117.00 -117.00 -116.97 -116.84 -116.69 -116.47 -116.25 -116.09 -116.16 -116.28 -116.41 -116.44 -116.47 -116.44 -116.44 -116.47 -116.47 -116.50 -116.50 -116.53 -116.53 -116.62 -116.81 -117.06 -117.31 -117.50 -117.62 -117.75 -117.81 -117.84 -117.84 -117.81 -117.84 -117.88 -117.94 -118.03 -118.09 -118.12 -118.12 -118.12 -118.12
-119.09 -119.16 -119.19 -119.16 -119.12 -119.12 -119.19 -119.28 -119.34 -119.41 -119.44 -119.41 -119.38 -119.34 -119.31 -119.22 -119.12 -119.06 -119.03 -118.94 -118.78 -118.56 -118.28 -117.94 -117.62 -117.56 -117.56 -117.53 -117.47 -117.34 -117.19 -117.00 -116.78 -116.62 -116.66 -116.75 -116.84 -116.91 -116.94 -116.91 -116.88 -116.84 -116.84 -116.88 -116.88 -116.88 -116.91 -116.94 -117.09 -117.31 -117.53 -117.72 -117.88 -117.97 -118.06 -118.09 -118.06 -118.06 -118.06 -118.09 -118.12 -118.19 -118.25 -118.28 -118.31 -118.31 -118.28
-119.44 -119.50 -119.53 -119.50 -119.50 -119.50 -119.53 -119.62 -119.72 -119.78 -119.81 -119.81 -119.78 -119.78 -119.75 -119.69 -119.66 -119.59 -119.53 -119.44 -119.28 -119.03 -118.78 -118.50 -118.28 -118.16 -118.09 -118.03 -117.97 -117.84 -117.69 -117.47 -117.28 -117.16 -117.12 -117.19 -117.28 -117.34 -117.34 -117.31 -117.25 -117.19 -117.19 -117.19 -117.22 -117.22 -117.22 -117.25 -117.34 -117.53 -117.72 -117.94 -118.09 -118.19 -118.28 -118.28 -118.28 -118.28 -118.28 -118.28 -118.31 -118.34 -118.41 -118.44 -118.44 -118.44 -118.41
-119.75 -119.84 -119.88 -119.88 -119.84 -119.88 -119.91 -120.00 -120.06 -120.16 -120.19 -120.16 -120.16 -120.16 -120.19 -120.16 -120.12 -120.06 -120.00 -119.91 -119.72 -119.50 -119.28 -119.06 -118.88 -118.72 -118.62 -118.53 -118.47 -118.31 -118.12 -117.94 -117.75 -117.66 -117.59 -117.62 -117.69 -117.72 -117.72 -117.69 -117.59 -117.53 -117.50 -117.50 -117.53 -117.53 -117.53 -117.53 -117.59 -117.75 -117.94 -118.09 -118.25 -118.38 -118.47 -118.50 -118.50 -118.50 -118.50 -118.50 -118.50 -118.50 -118.53 -118.56 -118.59 -118.56 -118.53
-120.06 -120.16 -120.22 -120.22 -120.22 -120.25 -120.28 -120.34 -120.41 -120.50 -120.53 -120.50 -120.50 -120.53 -120.56 -120.56 -120.56 -120.50 -120.44 -120.31 -120.16 -119.94 -119.75 -119.56 -119.38 -119.22 -119.09 -119.00 -118.91 -118.75 -118.56 -118.38 -118.22 -118.12 -118.06 -118.03 -118.06 -118.09 -118.09 -118.03 -117.94 -117.88 -117.81 -117.81 -117.81 -117.81 -117.78 -117.81 -117.84 -117.94 -118.09 -118.28 -118.44 -118.53 -118.62 -118.66 -118.69 -118.69 -118.69 -118.69 -118.66 -118.69 -118.69 -118.72 -118.72 -118.69 -118.62
-120.38 -120.47 -120.53 -120.56 -120.59 -120.59 -120.62 -120.69 -120.75 -120.81 -120.84 -120.84 -120.84 -120.88 -120.94 -120.97 -120.94 -120.88 -120.81 -120.69 -120.53 -120.34 -120.16 -119.97 -119.81 -119.66 -119.53 -119.44 -119.31 -119.12 -118.94 -118.78 -118.66 -118.53 -118.47 -118.44 -118.44 -118.44 -118.41 -118.31 -118.25 -118.16 -118.09 -118.06 -118.03 -118.03 -118.03 -118.03 -118.06 -118.16 -118.28 -118.44 -118.56 -118.69 -118.78 -118.81 -118.84 -118.84 -118.84 -118.84 -118.81 -118.81 -118.81 -118.81 -118.81 -118.78 -118.69
-120.66 -120.78 -120.88 -120.91 -120.94 -120.97 -120.97 -121.03 -121.06 -121.12 -121.16 -121.16 -121.16 -121.22 -121.25 -121.28 -121.28 -121.22 -121.16 -121.03 -120.88 -120.72 -120.53 -120.38 -120.22 -120.06 -119.94 -119.81 -119.66 -119.50 -119.31 -119.16 -119.03 -118.91 -118.84 -118.78 -118.78 -118.75 -118.69 -118.62 -118.53 -118.44 -118.38 -118.31 -118.25 -118.25 -118.25 -118.25 -118.28 -118.34 -118.47 -118.59 -118.72 -118.81 -118.91 -118.94 -118.97 -118.97 -118.97 -118.97 -118.97 -118.94 -118.94 -118.91 -118.91 -118.84 -118.75
-120.94 -121.06 -121.19 -121.25 -121.28 -121.31 -121.31 -121.34 -121.38 -121.41 -121.44 -121.47 -121.47 -121.50 -121.53 -121.56 -121.56 -121.53 -121.44 -121.34 -121.19 -121.03 -120.88 -120.75 -120.59 -120.44 -120.28 -120.16 -120.00 -119.84 -119.66 -119.50 -119.38 -119.25 -119.19 -119.12 -119.06 -119.03 -118.97 -118.88 -118.78 -118.69 -118.59 -118.53 -118.47 -118.44 -118.44 -118.44 -118.50 -118.56 -118.62 -118.75 -118.84 -118.94 -119.03 -119.06 -119.09 -119.09 -119.09 -119.09 -119.06 -119.03 -119.03 -119.00 -118.94 -118.88 -118.78
-121.22 -121.34 -121.47 -121.56 -121.59 -121.62 -121.62 -121.66 -121.69 -121.72 -121.72 -121.75 -121.75 -121.78 -121.81 -121.84 -121.81 -121.78 -121.69 -121.59 -121.47 -121.34 -121.19 -121.06 -120.91 -120.75 -120.59 -120.47 -120.31 -120.16 -119.97 -119.84 -119.69 -119.56 -119.47 -119.41 -119.34 -119.28 -119.22 -119.12 -119.03 -118.91 -118.81 -118.72 -118.62 -118.59 -118.59 -118.62 -118.66 -118.72 -118.81 -118.91 -119.00 -119.06 -119.12 -119.16 -119.19 -119.19 -119.19 -119.19 -119.16 -119.12 -119.06 -119.03 -118.97 -118.88 -118.78
-121.47 -121.59 -121.72 -121.84 -121.91 -121.94 -121.94 -121.94 -121.97 -122.00 -122.00 -122.03 -122.03 -122.03 -122.06 -122.06 -122.06 -122.00 -121.94 -121.84 -121.72 -121.59 -121.47 -121.31 -121.16 -121.03 -120.88 -120.75 -120.59 -120.44 -120.25 -120.09 -119.97 -119.84 -119.75 -119.66 -119.59 -119.50 -119.44 -119.31 -119.22 -119.09 -118.97 -118.88 -118.78 -118.75 -118.75 -118.78 -118.84 -118.88 -118.97 -119.03 -119.09 -119.19 -119.22 -119.25 -119.25 -119.28 -119.25 -119.25 -119.22 -119.16 -119.09 -119.03 -118.97 -118.91 -118.81
-121.69 -121.84 -121.97 -122.09 -122.16 -122.19 -122.19 -122.22 -122.22 -122.25 -122.28 -122.28 -122.28 -122.28 -122.28 -122.28 -122.25 -122.22 -122.12 -122.06 -121.94 -121.84 -121.69 -121.53 -121.41 -121.25 -121.12 -121.00 -120.84 -120.69 -120.50 -120.31 -120.19 -120.06 -119.97 -119.88 -119.78 -119.72 -119.59 -119.50 -119.38 -119.25 -119.12 -119.00 -118.91 -118.88 -118.91 -118.94 -118.97 -119.03 -119.09 -119.16 -119.22 -119.28 -119.31 -119.31 -119.34 -119.34 -119.31 -119.31 -119.25 -119.19 -119.12 -119.06 -118.97 -118.91 -118.81
-121.91 -122.06 -122.19 -122.31 -122.41 -122.44 -122.47 -122.47 -122.47 -122.50 -122.50 -122.53 -122.53 -122.50 -122.50 -122.50 -122.44 -122.41 -122.34 -122.25 -122.16 -122.03 -121.88 -121.75 -121.59 -121.50 -121.38 -121.22 -121.06 -120.88 -120.69 -120.50 -120.38 -120.25 -120.16 -120.06 -119.97 -119.88 -119.75 -119.66 -119.50 -119.38 -119.22 -119.12 -119.03 -119.00 -119.03 -119.06 -119.09 -119.16 -119.19 -119.25 -119.31 -119.34 -119.38 -119.41 -119.41 -119.41 -119.38 -119.34 -119.28 -119.22 -119.16 -119.06 -119.00 -118.91 -118.84
-122.12 -122.28 -122.41 -122.50 -122.59 -122.66 -122.69 -122.69 -122.69 -122.72 -122.72 -122.72 -122.72 -122.72 -122.69 -122.66 -122.62 -122.56 -122.50 -122.44 -122.31 -122.19 -122.06 -121.91 -121.81 -121.69 -121.56 -121.41 -121.22 -121.03 -120.84 -120.66 -120.53 -120.41 -120.31 -120.22 -120.09 -120.00 -119.88 -119.75 -119.59 -119.47 -119.31 -119.22 -119.12 -119.12 -119.12 -119.16 -119.19 -119.25 -119.28 -119.34 -119.38 -119.41 -119.44 -119.47 -119.47 -119.44 -119.44 -119.38 -119.34 -119.25 -119.19 -119.09 -119.03 -118.94 -118.88
-122.34 -122.50 -122.62 -122.72 -122.81 -122.88 -122.91 -122.91 -122.91 -122.91 -122.91 -122.91 -122.91 -122.88 -122.88 -122.84 -122.78 -122.72 -122.66 -122.56 -122.47 -122.34 -122.19 -122.09 -121.97 -121.84 -121.72 -121.56 -121.38 -121.16 -120.97 -120.81 -120.66 -120.56 -120.44 -120.31 -120.22 -120.09 -119.97 -119.81 -119.69 -119.53 -119.41 -119.31 -119.25 -119.22 -119.22 -119.25 -119.28 -119.31 -119.38 -119.41 -119.44 -119.47 -119.50 -119.50 -119.50 -119.50 -119.47 -119.44 -119.38 -119.28 -119.22 -119.12 -119.06 -119.00 -118.91
-122.56 -122.69 -122.81 -122.91 -122.97 -123.03 -123.09 -123.09 -123.09 -123.09 -123.09 -123.06 -123.06 -123.03 -123.00 -122.97 -122.94 -122.88 -122.78 -122.69 -122.59 -122.47 -122.34 -122.22 -122.12 -122.00 -121.84 -121.69 -121.47 -121.28 -121.09 -120.94 -120.78 -120.66 -120.53 -120.41 -120.28 -120.16 -120.00 -119.88 -119.72 -119.59 -119.47 -119.38 -119.31 -119.31 -119.31 -119.34 -119.38 -119.41 -119.44 -119.47 -119.50 -119.53 -119.53 -119.56 -119.56 -119.53 -119.50 -119.47 -119.41 -119.31 -119.25 -119.16 -119.09 -119.03 -118.97
