everonasctiles/Tile[40,44].asc
ncols 128
nrows 128
xllcorner 0
yllcorner 0
cellsize 2.0
NODATA_value  -9999
[rows 96 to 127 of 128, columns 0 to 70 of 128]
-48.62 -48.22 -47.59 -46.66 -45.31 -44.38 -44.06 -43.97 -43.91 -43.47 -42.88 -41.84 -40.56 -39.62 -39.09 -39.03 -39.41 -39.75 -39.69 -39.53 -39.34 -39.22 -39.12 -39.06 -39.09 -39.25 -39.38 -39.44 -39.41 -39.25 -39.03 -38.78 -38.50 -38.28 -38.03 -37.78 -37.50 -37.22 -36.88 -36.47 -36.03 -35.69 -35.47 -35.25 -35.03 -35.09 -35.28 -35.41 -35.56 -35.72 -35.81 -35.88 -35.91 -35.91 -35.91 -35.97 -36.03 -36.12 -36.19 -36.19 -36.12 -36.03 -35.94 -35.91 -35.94 -35.94 -35.91 -35.78 -35.53 -35.19 -34.75
-49.09 -48.56 -47.75 -46.59 -45.59 -45.38 -45.56 -45.38 -44.94 -44.41 -43.84 -42.88 -41.75 -40.91 -40.41 -40.41 -40.81 -40.88 -40.59 -40.28 -39.94 -39.72 -39.56 -39.31 -39.28 -39.50 -39.66 -39.75 -39.69 -39.50 -39.19 -38.91 -38.59 -38.34 -38.09 -37.81 -37.56 -37.28 -36.91 -36.47 -36.03 -35.69 -35.44 -35.22 -35.03 -35.19 -35.34 -35.47 -35.62 -35.78 -35.91 -35.97 -36.00 -36.00 -36.03 -36.06 -36.12 -36.22 -36.28 -36.28 -36.22 -36.16 -36.09 -36.06 -36.06 -36.03 -35.97 -35.78 -35.50 -35.16 -34.69
-49.41 -48.72 -47.72 -46.59 -46.09 -46.38 -46.44 -46.25 -45.88 -45.34 -44.81 -43.94 -43.06 -42.28 -41.81 -41.97 -42.19 -41.97 -41.59 -41.16 -40.66 -40.41 -40.09 -39.59 -39.38 -39.78 -40.03 -40.16 -40.03 -39.75 -39.41 -39.03 -38.69 -38.38 -38.12 -37.91 -37.66 -37.41 -37.09 -36.75 -36.41 -36.09 -35.84 -35.53 -35.25 -35.25 -35.38 -35.53 -35.69 -35.84 -35.97 -36.06 -36.09 -36.12 -36.16 -36.19 -36.22 -36.28 -36.34 -36.34 -36.31 -36.25 -36.19 -36.16 -36.16 -36.09 -35.97 -35.75 -35.44 -35.06 -34.59
-49.53 -48.66 -47.53 -46.78 -46.81 -47.09 -47.19 -47.06 -46.75 -46.25 -45.78 -45.19 -44.44 -43.62 -43.16 -43.38 -43.31 -43.03 -42.62 -42.12 -41.62 -41.28 -40.75 -39.94 -39.50 -40.06 -40.50 -40.62 -40.47 -40.06 -39.59 -39.12 -38.72 -38.38 -38.16 -37.97 -37.78 -37.59 -37.31 -37.03 -36.72 -36.41 -36.09 -35.81 -35.47 -35.31 -35.41 -35.53 -35.69 -35.84 -36.00 -36.09 -36.16 -36.22 -36.25 -36.28 -36.31 -36.38 -36.41 -36.44 -36.41 -36.34 -36.28 -36.22 -36.16 -36.03 -35.88 -35.66 -35.34 -34.94 -34.44
-49.50 -48.41 -47.59 -47.19 -47.47 -47.72 -47.84 -47.84 -47.53 -47.12 -46.72 -46.34 -45.72 -44.81 -44.34 -44.47 -44.38 -44.09 -43.69 -43.19 -42.75 -42.28 -41.47 -40.41 -39.91 -40.41 -41.09 -41.25 -40.97 -40.44 -39.75 -39.06 -38.56 -38.25 -38.19 -38.16 -38.03 -37.84 -37.62 -37.31 -37.00 -36.69 -36.34 -36.00 -35.62 -35.34 -35.41 -35.50 -35.66 -35.81 -35.97 -36.09 -36.22 -36.28 -36.34 -36.38 -36.41 -36.44 -36.47 -36.50 -36.47 -36.41 -36.31 -36.22 -36.09 -35.94 -35.72 -35.47 -35.16 -34.75 -34.25
-49.50 -48.66 -48.00 -47.72 -47.97 -48.28 -48.47 -48.50 -48.28 -47.94 -47.59 -47.25 -46.66 -45.78 -45.41 -45.47 -45.41 -45.12 -44.72 -44.28 -43.84 -43.34 -42.22 -41.22 -40.72 -41.06 -41.91 -42.00 -41.56 -40.78 -39.69 -38.81 -38.28 -38.19 -38.41 -38.50 -38.41 -38.22 -38.00 -37.69 -37.34 -36.97 -36.56 -36.19 -35.72 -35.31 -35.31 -35.44 -35.59 -35.75 -35.91 -36.06 -36.22 -36.31 -36.41 -36.44 -36.47 -36.50 -36.53 -36.56 -36.53 -36.44 -36.31 -36.16 -36.00 -35.78 -35.53 -35.25 -34.94 -34.50 -33.62
-49.94 -49.28 -48.72 -48.25 -48.34 -48.72 -49.00 -49.12 -49.00 -48.69 -48.34 -47.97 -47.38 -46.69 -46.41 -46.38 -46.31 -46.09 -45.72 -45.31 -44.94 -44.38 -43.28 -42.44 -41.94 -42.19 -42.88 -42.88 -42.31 -41.06 -39.81 -38.94 -38.50 -38.62 -39.00 -39.06 -38.94 -38.75 -38.47 -38.12 -37.72 -37.28 -36.81 -36.31 -35.66 -35.16 -35.16 -35.34 -35.50 -35.66 -35.84 -36.00 -36.16 -36.31 -36.41 -36.47 -36.53 -36.53 -36.56 -36.59 -36.53 -36.44 -36.28 -36.09 -35.88 -35.62 -35.31 -35.00 -34.66 -34.09 -33.25
-50.53 -49.97 -49.38 -48.69 -48.56 -49.03 -49.41 -49.66 -49.62 -49.38 -49.03 -48.59 -48.03 -47.59 -47.31 -47.22 -47.12 -46.97 -46.66 -46.31 -45.97 -45.50 -44.66 -43.91 -43.41 -43.59 -43.97 -43.81 -43.19 -41.69 -40.50 -39.69 -39.28 -39.44 -39.84 -39.81 -39.62 -39.38 -39.03 -38.62 -38.12 -37.62 -37.09 -36.38 -35.62 -35.03 -34.91 -35.19 -35.38 -35.56 -35.75 -35.94 -36.09 -36.25 -36.38 -36.47 -36.53 -36.56 -36.59 -36.59 -36.53 -36.38 -36.22 -36.00 -35.75 -35.47 -35.12 -34.78 -34.34 -33.69 -33.09
-50.75 -50.28 -49.72 -48.94 -48.66 -49.22 -49.72 -50.06 -50.16 -49.97 -49.62 -49.22 -48.78 -48.47 -48.19 -47.97 -47.84 -47.75 -47.53 -47.25 -46.97 -46.62 -46.09 -45.41 -44.91 -45.00 -45.03 -44.78 -44.19 -42.84 -41.78 -40.97 -40.50 -40.50 -40.81 -40.72 -40.44 -40.09 -39.66 -39.09 -38.53 -38.00 -37.38 -36.53 -35.69 -35.00 -34.69 -35.06 -35.28 -35.47 -35.66 -35.84 -36.00 -36.19 -36.34 -36.44 -36.50 -36.53 -36.56 -36.53 -36.47 -36.31 -36.12 -35.91 -35.66 -35.34 -34.97 -34.56 -33.88 -33.38 -32.88
-50.91 -50.47 -49.88 -49.09 -48.81 -49.38 -49.94 -50.38 -50.59 -50.50 -50.19 -49.81 -49.50 -49.22 -48.91 -48.62 -48.44 -48.41 -48.34 -48.09 -47.88 -47.62 -47.31 -46.75 -46.25 -46.12 -46.00 -45.75 -45.34 -44.34 -43.41 -42.56 -41.94 -41.81 -41.91 -41.69 -41.31 -40.81 -40.19 -39.53 -38.97 -38.47 -37.78 -36.91 -35.97 -35.12 -34.62 -34.88 -35.19 -35.34 -35.53 -35.72 -35.91 -36.09 -36.25 -36.38 -36.44 -36.47 -36.50 -36.47 -36.38 -36.19 -36.00 -35.78 -35.50 -35.19 -34.84 -34.41 -33.78 -33.12 -32.56
-51.03 -50.59 -49.91 -49.22 -49.03 -49.56 -50.16 -50.62 -50.91 -50.94 -50.72 -50.41 -50.12 -49.81 -49.50 -49.19 -48.97 -49.00 -49.03 -48.88 -48.62 -48.41 -48.12 -47.69 -47.25 -47.03 -46.84 -46.62 -46.34 -45.88 -45.06 -44.22 -43.50 -43.25 -43.06 -42.69 -42.16 -41.44 -40.66 -39.91 -39.50 -39.12 -38.47 -37.47 -36.38 -35.38 -34.69 -34.59 -35.00 -35.22 -35.41 -35.62 -35.84 -36.03 -36.22 -36.31 -36.38 -36.41 -36.41 -36.34 -36.22 -36.06 -35.84 -35.59 -35.31 -35.03 -34.66 -34.25 -33.66 -33.00 -32.47
-51.16 -50.69 -50.00 -49.41 -49.34 -49.91 -50.47 -50.88 -51.16 -51.28 -51.16 -50.91 -50.62 -50.34 -50.06 -49.75 -49.47 -49.53 -49.62 -49.56 -49.31 -49.06 -48.75 -48.38 -48.03 -47.78 -47.59 -47.34 -47.09 -46.78 -46.25 -45.56 -44.88 -44.44 -44.06 -43.56 -42.81 -41.94 -40.97 -40.53 -40.25 -39.88 -39.19 -38.00 -36.78 -35.66 -34.81 -34.41 -34.62 -35.00 -35.34 -35.56 -35.78 -36.00 -36.16 -36.25 -36.28 -36.28 -36.25 -36.22 -36.09 -35.91 -35.69 -35.44 -35.12 -34.81 -34.47 -34.06 -33.56 -32.97 -32.34
-51.47 -50.94 -50.25 -49.69 -49.66 -50.22 -50.75 -51.12 -51.44 -51.59 -51.56 -51.34 -51.09 -50.84 -50.59 -50.28 -50.00 -50.03 -50.16 -50.12 -49.91 -49.62 -49.31 -49.00 -48.72 -48.47 -48.22 -47.97 -47.69 -47.38 -46.94 -46.38 -45.84 -45.38 -44.91 -44.25 -43.38 -42.41 -41.72 -41.47 -41.03 -40.56 -39.88 -38.53 -37.22 -36.03 -35.09 -34.50 -34.50 -34.91 -35.34 -35.56 -35.78 -35.97 -36.09 -36.19 -36.19 -36.19 -36.12 -36.06 -35.97 -35.78 -35.56 -35.28 -35.00 -34.66 -34.31 -33.91 -33.50 -33.00 -32.50
-51.88 -51.28 -50.56 -50.03 -49.91 -50.41 -51.00 -51.34 -51.66 -51.88 -51.91 -51.75 -51.53 -51.31 -51.09 -50.81 -50.56 -50.53 -50.62 -50.62 -50.44 -50.16 -49.84 -49.56 -49.28 -49.00 -48.75 -48.50 -48.22 -47.88 -47.47 -47.03 -46.56 -46.09 -45.53 -44.78 -43.94 -43.22 -42.78 -42.31 -41.81 -41.28 -40.56 -39.16 -37.78 -36.56 -35.62 -34.97 -34.69 -34.91 -35.38 -35.59 -35.78 -35.97 -36.06 -36.09 -36.09 -36.06 -36.03 -35.97 -35.84 -35.69 -35.47 -35.19 -34.88 -34.53 -34.16 -33.78 -33.41 -33.03 -32.56
-52.28 -51.62 -51.00 -50.53 -50.19 -50.47 -51.09 -51.53 -51.88 -52.12 -52.19 -52.09 -51.91 -51.72 -51.53 -51.31 -51.09 -51.03 -51.06 -51.03 -50.88 -50.59 -50.31 -50.03 -49.72 -49.44 -49.19 -48.91 -48.62 -48.28 -47.91 -47.47 -47.03 -46.53 -45.97 -45.31 -44.62 -44.09 -43.59 -43.09 -42.56 -42.00 -41.28 -39.94 -38.56 -37.41 -36.50 -35.75 -35.16 -35.00 -35.34 -35.66 -35.84 -36.00 -36.06 -36.06 -36.03 -36.00 -35.94 -35.88 -35.78 -35.62 -35.41 -35.16 -34.84 -34.50 -34.09 -33.75 -33.44 -33.12 -32.78
-52.69 -51.97 -51.62 -51.25 -50.69 -50.59 -51.19 -51.69 -52.06 -52.31 -52.47 -52.41 -52.28 -52.09 -51.94 -51.75 -51.56 -51.47 -51.47 -51.41 -51.22 -50.94 -50.59 -50.28 -49.97 -49.69 -49.41 -49.12 -48.84 -48.53 -48.16 -47.78 -47.34 -46.88 -46.38 -45.81 -45.28 -44.78 -44.28 -43.75 -43.19 -42.66 -42.00 -40.84 -39.62 -38.62 -37.72 -36.75 -35.84 -35.28 -35.34 -35.75 -36.00 -36.12 -36.19 -36.12 -36.03 -35.97 -35.91 -35.88 -35.78 -35.62 -35.44 -35.19 -34.91 -34.56 -34.25 -33.94 -33.66 -33.31 -32.91
-52.97 -52.56 -52.50 -52.09 -51.25 -50.81 -51.31 -51.88 -52.22 -52.50 -52.69 -52.69 -52.59 -52.44 -52.31 -52.12 -51.97 -51.88 -51.81 -51.72 -51.47 -51.06 -50.66 -50.28 -49.94 -49.66 -49.41 -49.12 -48.88 -48.56 -48.25 -47.88 -47.50 -47.12 -46.69 -46.28 -45.81 -45.31 -44.81 -44.28 -43.72 -43.19 -42.59 -41.84 -40.88 -39.97 -38.97 -37.75 -36.59 -35.81 -35.59 -35.91 -36.31 -36.47 -36.44 -36.31 -36.12 -36.03 -36.00 -35.94 -35.84 -35.72 -35.53 -35.31 -35.06 -34.78 -34.47 -34.19 -33.88 -33.50 -33.09
-53.44 -53.25 -53.03 -52.66 -51.72 -51.06 -51.44 -52.03 -52.38 -52.66 -52.88 -52.94 -52.88 -52.75 -52.62 -52.47 -52.28 -52.19 -52.09 -51.94 -51.62 -51.16 -50.56 -50.09 -49.75 -49.50 -49.25 -49.00 -48.75 -48.47 -48.19 -47.88 -47.53 -47.22 -46.88 -46.53 -46.16 -45.72 -45.22 -44.72 -44.16 -43.59 -43.00 -42.38 -41.75 -41.06 -39.94 -38.66 -37.44 -36.59 -36.22 -36.44 -36.88 -36.97 -36.91 -36.69 -36.47 -36.31 -36.22 -36.12 -36.00 -35.88 -35.72 -35.53 -35.31 -35.06 -34.78 -34.47 -34.12 -33.72 -33.22
-54.06 -53.78 -53.44 -52.97 -51.97 -51.25 -51.53 -52.16 -52.53 -52.81 -53.03 -53.16 -53.16 -53.03 -52.91 -52.72 -52.56 -52.44 -52.38 -52.19 -51.81 -51.31 -50.75 -50.22 -49.81 -49.44 -49.09 -48.81 -48.59 -48.34 -48.09 -47.78 -47.47 -47.16 -46.88 -46.56 -46.25 -45.88 -45.47 -44.97 -44.47 -43.91 -43.31 -42.69 -42.12 -41.59 -40.66 -39.53 -38.50 -37.69 -37.22 -37.25 -37.59 -37.62 -37.47 -37.22 -36.94 -36.69 -36.50 -36.31 -36.22 -36.12 -36.00 -35.84 -35.62 -35.38 -35.09 -34.78 -34.34 -33.88 -33.34
-54.62 -54.25 -53.72 -53.16 -52.06 -51.44 -51.72 -52.31 -52.66 -52.97 -53.19 -53.34 -53.38 -53.28 -53.12 -52.94 -52.78 -52.69 -52.62 -52.41 -52.06 -51.62 -51.16 -50.66 -50.19 -49.66 -49.09 -48.69 -48.41 -48.19 -47.97 -47.69 -47.38 -47.06 -46.75 -46.44 -46.12 -45.78 -45.44 -45.03 -44.56 -44.06 -43.53 -42.97 -42.44 -42.00 -41.38 -40.56 -39.75 -39.00 -38.47 -38.31 -38.44 -38.31 -38.06 -37.72 -37.38 -37.03 -36.72 -36.50 -36.41 -36.41 -36.34 -36.19 -35.97 -35.75 -35.44 -35.03 -34.56 -34.00 -33.34
-55.03 -54.47 -53.84 -53.09 -52.03 -51.75 -52.12 -52.53 -52.84 -53.09 -53.34 -53.53 -53.56 -53.47 -53.31 -53.12 -53.00 -52.94 -52.88 -52.66 -52.31 -51.91 -51.44 -50.97 -50.50 -49.91 -49.19 -48.59 -48.28 -48.12 -47.94 -47.69 -47.41 -47.06 -46.66 -46.25 -45.84 -45.50 -45.19 -44.88 -44.50 -44.06 -43.62 -43.16 -42.72 -42.41 -42.12 -41.72 -41.12 -40.44 -39.81 -39.47 -39.28 -39.03 -38.66 -38.19 -37.72 -37.28 -36.91 -36.56 -36.62 -36.72 -36.69 -36.59 -36.41 -36.12 -35.78 -35.31 -34.75 -34.12 -33.31
-55.06 -54.41 -53.66 -52.66 -51.97 -52.16 -52.59 -52.84 -53.06 -53.28 -53.53 -53.69 -53.75 -53.66 -53.47 -53.28 -53.22 -53.22 -53.12 -52.88 -52.53 -52.12 -51.69 -51.19 -50.69 -50.06 -49.31 -48.75 -48.47 -48.31 -48.09 -47.84 -47.53 -47.19 -46.75 -46.16 -45.53 -45.09 -44.78 -44.56 -44.31 -43.97 -43.62 -43.25 -43.03 -42.88 -42.69 -42.41 -42.03 -41.50 -40.91 -40.44 -40.06 -39.69 -39.16 -38.56 -38.00 -37.44 -36.84 -36.50 -36.88 -37.06 -37.12 -37.03 -36.84 -36.53 -36.12 -35.59 -34.81 -34.00 -33.28
-54.78 -53.78 -52.78 -52.03 -51.91 -52.47 -52.78 -53.03 -53.25 -53.47 -53.69 -53.88 -53.91 -53.84 -53.69 -53.53 -53.50 -53.47 -53.38 -53.09 -52.72 -52.31 -51.84 -51.34 -50.81 -50.19 -49.53 -49.06 -48.81 -48.56 -48.34 -48.06 -47.72 -47.31 -46.91 -46.22 -45.38 -44.66 -44.22 -44.09 -43.94 -43.75 -43.53 -43.44 -43.44 -43.31 -43.16 -42.91 -42.56 -42.09 -41.62 -41.16 -40.72 -40.12 -39.47 -38.78 -38.06 -37.25 -36.56 -36.59 -37.22 -37.50 -37.59 -37.50 -37.31 -36.97 -36.50 -35.91 -35.28 -34.53 -33.66
-54.03 -52.91 -52.03 -51.62 -51.97 -52.59 -52.91 -53.16 -53.41 -53.66 -53.88 -54.03 -54.12 -54.06 -53.94 -53.81 -53.81 -53.75 -53.59 -53.28 -52.91 -52.47 -51.97 -51.47 -50.94 -50.41 -49.91 -49.47 -49.12 -48.88 -48.59 -48.28 -47.88 -47.47 -47.03 -46.34 -45.47 -44.62 -43.91 -43.47 -43.31 -43.31 -43.59 -43.81 -43.84 -43.78 -43.62 -43.38 -43.03 -42.59 -42.16 -41.69 -41.09 -40.44 -39.66 -38.75 -37.78 -37.00 -36.62 -37.00 -37.66 -38.00 -38.09 -38.03 -37.78 -37.41 -36.91 -36.31 -35.69 -35.03 -34.19
-53.78 -52.75 -52.03 -51.75 -52.03 -52.66 -52.97 -53.25 -53.53 -53.78 -54.00 -54.19 -54.31 -54.31 -54.22 -54.12 -54.09 -54.00 -53.78 -53.44 -53.03 -52.59 -52.12 -51.62 -51.16 -50.66 -50.19 -49.78 -49.44 -49.16 -48.84 -48.50 -48.06 -47.62 -47.16 -46.47 -45.66 -44.81 -43.97 -43.34 -43.09 -43.34 -43.91 -44.22 -44.28 -44.22 -44.06 -43.81 -43.44 -43.00 -42.53 -42.03 -41.41 -40.72 -39.84 -38.84 -37.84 -37.19 -37.16 -37.66 -38.28 -38.56 -38.62 -38.53 -38.25 -37.81 -37.28 -36.69 -36.03 -35.31 -34.47
-54.22 -53.41 -52.78 -52.34 -52.25 -52.56 -53.00 -53.28 -53.59 -53.88 -54.12 -54.34 -54.50 -54.53 -54.47 -54.41 -54.34 -54.16 -53.88 -53.53 -53.12 -52.72 -52.25 -51.78 -51.31 -50.88 -50.41 -50.00 -49.69 -49.41 -49.09 -48.72 -48.28 -47.84 -47.38 -46.69 -45.91 -45.03 -44.22 -43.69 -43.53 -43.81 -44.34 -44.62 -44.69 -44.62 -44.44 -44.16 -43.75 -43.31 -42.88 -42.34 -41.84 -41.34 -40.53 -39.44 -38.41 -37.91 -38.06 -38.62 -39.06 -39.22 -39.19 -39.00 -38.66 -38.19 -37.59 -36.94 -36.25 -35.41 -34.62
-55.06 -54.47 -53.81 -53.19 -52.69 -52.59 -52.94 -53.31 -53.62 -53.94 -54.22 -54.47 -54.69 -54.75 -54.72 -54.62 -54.50 -54.28 -53.97 -53.59 -53.22 -52.78 -52.38 -51.91 -51.47 -51.03 -50.59 -50.22 -49.94 -49.69 -49.38 -48.97 -48.56 -48.16 -47.72 -47.03 -46.19 -45.34 -44.75 -44.44 -44.34 -44.53 -44.91 -45.06 -45.06 -44.97 -44.75 -44.41 -44.00 -43.59 -43.19 -42.75 -42.41 -42.06 -41.38 -40.28 -39.34 -38.97 -39.25 -39.81 -39.94 -39.88 -39.72 -39.44 -38.97 -38.41 -37.78 -37.09 -36.34 -35.41 -34.56
-55.41 -54.94 -54.50 -53.91 -53.16 -52.81 -52.97 -53.31 -53.69 -54.03 -54.34 -54.62 -54.84 -54.94 -54.94 -54.84 -54.66 -54.38 -54.03 -53.66 -53.28 -52.88 -52.44 -52.00 -51.56 -51.12 -50.72 -50.44 -50.25 -50.00 -49.69 -49.31 -48.91 -48.50 -48.09 -47.38 -46.56 -45.91 -45.56 -45.44 -45.38 -45.44 -45.47 -45.47 -45.38 -45.22 -44.94 -44.59 -44.22 -43.84 -43.47 -43.16 -42.88 -42.59 -42.16 -41.25 -40.50 -40.22 -40.56 -40.75 -40.66 -40.47 -40.19 -39.72 -39.12 -38.47 -37.75 -37.00 -36.25 -35.31 -34.50
-55.56 -55.12 -54.69 -54.19 -53.44 -53.16 -53.31 -53.50 -53.81 -54.16 -54.50 -54.78 -55.00 -55.12 -55.12 -55.00 -54.78 -54.50 -54.16 -53.75 -53.38 -52.97 -52.53 -52.09 -51.62 -51.22 -50.94 -50.78 -50.59 -50.34 -50.03 -49.66 -49.25 -48.88 -48.47 -47.78 -47.09 -46.72 -46.56 -46.47 -46.28 -46.09 -45.94 -45.78 -45.59 -45.34 -45.03 -44.69 -44.31 -44.00 -43.72 -43.47 -43.22 -43.00 -42.72 -42.22 -41.69 -41.50 -41.53 -41.47 -41.28 -40.97 -40.47 -39.88 -39.06 -38.25 -37.47 -36.72 -35.94 -35.12 -34.19
-55.66 -55.25 -54.81 -54.25 -53.62 -53.56 -53.81 -53.97 -54.16 -54.41 -54.72 -54.97 -55.19 -55.31 -55.31 -55.19 -54.94 -54.62 -54.31 -53.94 -53.56 -53.16 -52.72 -52.28 -51.88 -51.56 -51.31 -51.16 -50.94 -50.69 -50.38 -50.00 -49.62 -49.22 -48.81 -48.28 -47.84 -47.56 -47.31 -47.06 -46.81 -46.53 -46.25 -45.97 -45.69 -45.38 -45.03 -44.69 -44.38 -44.12 -43.91 -43.72 -43.53 -43.34 -43.16 -42.88 -42.56 -42.34 -42.22 -42.03 -41.72 -41.25 -40.59 -39.69 -38.59 -37.62 -36.78 -35.94 -34.97 -34.03 -33.03
-55.72 -55.34 -54.91 -54.28 -53.84 -53.97 -54.25 -54.38 -54.53 -54.72 -54.97 -55.22 -55.41 -55.53 -55.53 -55.38 -55.12 -54.81 -54.50 -54.16 -53.81 -53.41 -53.00 -52.62 -52.25 -51.94 -51.69 -51.50 -51.28 -51.03 -50.69 -50.34 -49.97 -49.59 -49.19 -48.78 -48.44 -48.12 -47.81 -47.50 -47.16 -46.75 -46.38 -46.03 -45.69 -45.34 -45.00 -44.66 -44.38 -44.19 -44.03 -43.94 -43.81 -43.66 -43.50 -43.31 -43.09 -42.91 -42.72 -42.44 -42.00 -41.41 -40.50 -39.34 -38.44 -37.62 -36.75 -35.72 -34.38 -33.22 -32.22
-55.75 -55.41 -55.03 -54.50 -54.22 -54.38 -54.53 -54.66 -54.81 -55.03 -55.25 -55.44 -55.62 -55.75 -55.72 -55.53 -55.28 -55.03 -54.72 -54.38 -54.00 -53.62 -53.25 -52.91 -52.56 -52.25 -52.00 -51.78 -51.56 -51.31 -51.00 -50.66 -50.28 -49.91 -49.56 -49.22 -48.88 -48.53 -48.19 -47.78 -47.31 -46.84 -46.41 -46.00 -45.62 -45.28 -44.94 -44.59 -44.34 -44.22 -44.16 -44.12 -44.06 -43.97 -43.81 -43.66 -43.47 -43.28 -43.06 -42.72 -42.22 -41.56 -40.69 -39.84 -39.28 -38.66 -37.62 -36.28 -34.84 -33.38 -32.31
