everonasctiles/Tile28,22.asc
ncols 128
nrows 128
xllcorner 0
yllcorner 0
cellsize 2.0
NODATA_value  -9999
[rows 64 to 95 of 128, columns 0 to 71 of 128]
95.47 95.47 95.47 95.47 95.47 95.50 95.56 95.59 95.69 95.78 95.94 96.12 96.34 96.62 96.88 97.22 97.66 98.03 98.34 98.62 99.00 99.34 99.69 100.06 100.41 100.78 101.19 101.62 102.06 102.50 103.00 103.50 104.00 104.50 105.19 105.69 106.22 107.75 108.97 109.69 109.91 110.06 110.22 110.41 110.62 110.88 111.16 111.44 111.75 112.12 112.41 112.72 113.00 113.22 113.47 113.69 113.91 114.19 114.50 114.81 115.25 115.72 116.06 116.34 116.44 116.56 116.56 116.56 116.59 116.53 116.50 116.34
95.38 95.38 95.38 95.38 95.38 95.41 95.44 95.50 95.59 95.69 95.84 96.00 96.25 96.50 96.81 97.12 97.47 97.84 98.19 98.56 98.94 99.28 99.66 100.06 100.41 100.78 101.19 101.56 102.00 102.47 102.94 103.44 103.91 104.44 105.31 105.97 106.56 107.41 109.06 109.59 109.78 109.94 110.09 110.28 110.50 110.78 111.06 111.38 111.72 112.09 112.50 112.81 113.12 113.41 113.66 113.91 114.16 114.47 114.81 115.25 115.75 116.22 116.62 116.91 117.06 117.12 117.16 117.19 117.22 117.16 117.06 117.00
95.25 95.25 95.25 95.25 95.25 95.28 95.34 95.41 95.50 95.62 95.75 95.94 96.16 96.41 96.72 97.00 97.38 97.75 98.12 98.47 98.88 99.25 99.62 100.03 100.41 100.78 101.16 101.53 101.94 102.38 102.81 103.31 103.84 104.34 105.03 105.72 106.41 106.88 108.69 109.16 109.56 109.72 109.91 110.12 110.38 110.66 111.00 111.38 111.75 112.19 112.56 112.94 113.25 113.56 113.84 114.16 114.44 114.75 115.19 115.75 116.25 116.69 117.09 117.41 117.59 117.69 117.78 117.84 117.81 117.75 117.66 117.56
95.16 95.12 95.16 95.16 95.16 95.22 95.25 95.31 95.41 95.53 95.66 95.81 96.03 96.31 96.59 96.91 97.28 97.56 97.84 98.25 98.78 99.22 99.66 100.03 100.41 100.62 100.88 101.38 101.94 102.38 102.81 103.31 103.81 104.28 104.88 105.44 106.12 106.78 107.75 108.56 109.34 109.44 109.66 109.81 110.06 110.47 110.97 111.38 111.81 112.25 112.66 113.00 113.41 113.72 114.09 114.44 114.72 115.22 115.56 116.22 116.72 117.16 117.53 117.84 118.03 118.19 118.28 118.31 118.38 118.31 118.22 118.06
95.12 95.09 95.03 95.06 95.06 95.12 95.19 95.25 95.31 95.44 95.56 95.72 95.78 95.84 96.12 96.56 97.00 97.09 97.22 97.75 98.38 98.84 99.16 99.66 100.19 100.28 100.53 100.88 101.59 102.22 102.72 103.25 103.75 104.28 104.84 105.38 105.91 106.47 107.06 107.78 108.47 108.84 109.09 109.19 109.81 110.38 110.97 111.44 111.91 112.34 112.75 113.19 113.56 113.94 114.34 114.75 115.12 115.72 116.12 116.59 117.16 117.56 117.91 118.22 118.44 118.62 118.72 118.81 118.81 118.75 118.66 118.47
95.09 95.03 95.00 94.97 95.00 95.03 95.09 95.16 95.25 95.34 95.47 95.66 95.62 95.69 95.91 96.38 96.88 96.94 97.19 97.53 98.34 98.56 99.03 99.47 100.16 100.31 100.50 100.88 101.53 101.97 102.34 102.78 103.41 104.03 104.75 105.34 105.88 106.38 106.81 107.34 107.91 108.38 108.66 108.75 109.31 110.25 111.06 111.53 112.03 112.50 112.94 113.34 113.75 114.16 114.59 115.03 115.69 116.22 116.69 117.09 117.56 117.91 118.22 118.53 118.75 118.94 119.06 119.16 119.16 119.09 118.94 118.75
95.09 95.03 94.97 94.97 94.97 95.00 95.03 95.09 95.16 95.25 95.41 95.56 95.69 95.72 96.03 96.50 97.00 97.28 97.56 98.06 98.62 98.84 99.19 99.72 100.38 100.75 101.00 101.28 101.78 102.06 102.41 102.41 102.84 103.50 104.41 104.88 105.22 105.72 106.22 106.78 107.53 108.09 108.50 108.59 109.50 110.06 110.78 111.19 111.72 112.47 113.12 113.56 113.97 114.41 114.91 115.41 116.12 116.69 117.16 117.56 117.94 118.22 118.50 118.75 118.97 119.19 119.31 119.38 119.38 119.31 119.12 118.94
95.16 95.03 94.97 94.97 94.94 94.97 95.00 95.06 95.16 95.25 95.38 95.59 95.88 96.28 96.75 97.06 97.44 97.91 98.25 98.72 99.06 99.38 99.81 100.22 100.72 101.09 101.50 101.88 102.25 102.47 102.59 102.59 102.94 103.41 104.28 104.69 105.03 105.41 106.12 106.75 107.41 107.97 108.66 109.31 109.69 110.28 110.78 111.16 111.72 112.41 113.19 113.72 114.28 114.84 115.41 115.97 116.53 117.06 117.50 117.91 118.22 118.50 118.75 118.97 119.19 119.34 119.44 119.50 119.47 119.38 119.22 119.00
95.25 95.16 95.06 95.00 95.00 94.97 95.00 95.03 95.12 95.22 95.38 95.59 96.03 96.75 97.12 97.41 97.69 98.09 98.53 98.84 99.28 99.62 100.06 100.50 100.84 101.28 101.66 102.06 102.44 102.81 103.19 103.34 103.50 103.94 104.56 104.91 105.25 105.84 106.50 107.31 108.16 109.00 109.88 110.41 110.62 110.81 111.19 111.62 112.00 112.72 113.38 113.97 114.56 115.12 115.72 116.19 116.84 117.34 117.78 118.16 118.44 118.69 118.94 119.16 119.31 119.44 119.50 119.53 119.50 119.41 119.25 119.03
95.38 95.25 95.16 95.06 95.06 95.06 95.03 95.06 95.12 95.25 95.41 95.75 96.56 97.28 97.59 97.50 97.81 98.25 98.59 99.09 99.47 99.88 100.34 100.75 101.12 101.53 101.91 102.28 102.66 103.06 103.47 103.88 104.28 104.69 105.12 105.56 106.09 106.56 107.16 107.75 108.34 109.69 110.91 111.53 111.75 111.94 112.25 112.47 112.84 113.16 113.62 114.25 114.81 115.38 115.94 116.50 117.06 117.50 117.97 118.34 118.62 118.88 119.09 119.25 119.41 119.50 119.53 119.53 119.50 119.38 119.22 119.00
95.50 95.38 95.28 95.19 95.12 95.12 95.12 95.12 95.22 95.34 95.53 96.06 97.16 97.56 97.66 97.41 97.81 98.31 98.78 99.28 99.84 100.22 100.78 101.19 101.53 101.78 102.19 102.50 102.88 103.28 103.69 104.09 104.53 104.94 105.34 105.78 106.22 106.78 107.31 107.91 108.56 110.41 111.97 112.66 112.59 112.78 113.03 112.97 113.31 113.56 114.00 114.44 115.03 115.59 116.12 116.66 117.16 117.66 118.06 118.41 118.72 118.94 119.16 119.31 119.44 119.50 119.53 119.50 119.44 119.31 119.12 118.91
95.69 95.53 95.41 95.34 95.28 95.25 95.22 95.25 95.34 95.47 95.69 96.28 97.03 97.56 97.50 97.56 98.03 98.53 99.06 99.59 100.31 100.75 101.31 101.72 101.97 102.28 102.47 102.75 103.09 103.50 103.91 104.31 104.75 105.22 105.62 106.03 106.53 107.00 107.53 108.19 108.81 110.97 112.44 113.00 113.09 113.44 113.53 113.31 113.66 114.00 114.25 114.66 115.12 115.69 116.19 116.72 117.22 117.69 118.06 118.44 118.75 118.97 119.16 119.28 119.41 119.44 119.44 119.41 119.31 119.19 119.00 118.81
95.88 95.72 95.59 95.47 95.41 95.38 95.34 95.41 95.47 95.62 95.84 96.28 96.81 97.16 97.31 97.72 98.19 98.75 99.38 100.06 100.75 101.31 101.84 102.22 102.53 102.72 102.91 103.06 103.38 103.72 104.16 104.56 105.03 105.50 105.94 106.38 106.84 107.31 107.91 108.84 109.81 111.56 112.62 113.06 113.22 113.50 113.72 113.62 114.00 114.25 114.47 114.84 115.28 115.72 116.25 116.78 117.31 117.75 118.12 118.47 118.72 118.94 119.12 119.25 119.31 119.31 119.31 119.25 119.16 119.03 118.84 118.72
96.03 95.88 95.75 95.66 95.56 95.53 95.50 95.53 95.66 95.81 96.06 96.31 96.66 96.97 97.41 97.84 98.31 98.97 99.66 100.38 101.09 101.72 102.25 102.66 102.97 103.16 103.28 103.50 103.56 103.94 104.38 104.81 105.28 105.75 106.22 106.56 107.00 107.56 108.16 109.97 110.91 111.84 112.69 113.06 113.31 113.59 113.78 113.94 114.22 114.44 114.66 115.03 115.38 115.81 116.38 116.81 117.31 117.78 118.12 118.47 118.72 118.91 119.03 119.12 119.16 119.16 119.12 119.09 119.00 118.88 118.78 118.75
96.28 96.12 95.94 95.84 95.78 95.69 95.69 95.72 95.88 96.06 96.28 96.53 96.84 97.19 97.56 97.97 98.44 99.09 99.75 100.56 101.31 101.97 102.53 102.97 103.28 103.50 103.62 103.84 104.00 104.25 104.62 105.06 105.56 106.06 106.53 106.69 106.62 107.03 108.19 110.44 111.62 112.16 112.81 113.09 113.38 113.66 113.88 114.12 114.38 114.59 114.88 115.25 115.66 116.00 116.56 116.94 117.41 117.88 118.19 118.50 118.69 118.81 118.94 119.00 119.00 119.00 118.94 118.94 118.91 118.81 118.81 118.78
96.47 96.31 96.12 96.03 95.97 95.88 95.91 95.94 96.09 96.25 96.47 96.75 97.06 97.38 97.75 98.12 98.62 99.16 99.88 100.59 101.38 102.12 102.72 103.19 103.56 103.78 103.97 104.16 104.34 104.59 105.03 105.34 105.91 106.31 106.62 106.72 106.72 107.53 108.59 110.53 111.12 111.97 112.69 113.19 113.47 113.72 114.00 114.25 114.50 114.78 115.09 115.50 115.84 116.34 116.78 117.16 117.59 118.00 118.25 118.53 118.69 118.78 118.84 118.88 118.84 118.84 118.88 118.84 118.84 118.84 118.81 118.84
96.62 96.47 96.31 96.25 96.19 96.09 96.12 96.19 96.31 96.50 96.75 97.00 97.28 97.62 97.97 98.34 98.75 99.19 99.91 100.59 101.44 102.16 102.75 103.28 103.69 103.97 104.19 104.44 104.62 104.97 105.41 105.69 106.06 106.44 106.72 106.88 107.47 108.25 109.53 110.66 111.38 112.09 112.72 113.28 113.59 113.88 114.12 114.38 114.66 114.97 115.34 115.75 116.16 116.47 116.94 117.41 117.78 118.12 118.38 118.56 118.69 118.75 118.78 118.81 118.84 118.84 118.84 118.84 118.88 118.88 118.94 118.97
96.75 96.81 96.81 96.62 96.38 96.34 96.38 96.44 96.56 96.78 96.97 97.22 97.50 97.84 98.12 98.50 98.91 99.38 99.91 100.59 101.34 102.09 102.72 103.25 103.72 104.03 104.34 104.66 104.94 105.28 105.69 106.03 106.28 106.56 106.81 106.94 107.47 109.66 110.59 111.03 111.66 112.31 112.94 113.44 113.75 114.03 114.28 114.53 114.84 115.19 115.56 115.97 116.38 116.81 117.22 117.59 117.94 118.22 118.44 118.59 118.69 118.72 118.75 118.78 118.81 118.84 118.84 118.88 118.91 118.97 119.06 119.12
96.88 97.09 97.00 96.97 96.62 96.66 96.66 96.75 96.81 97.03 97.22 97.44 97.75 98.06 98.41 98.72 99.09 99.50 99.97 100.50 101.19 101.94 102.44 103.16 103.66 104.03 104.41 104.78 105.16 105.53 105.94 106.31 106.53 106.81 107.03 107.12 107.62 109.91 111.06 111.44 112.00 112.59 113.16 113.59 113.94 114.19 114.44 114.69 115.00 115.38 115.75 116.19 116.59 117.03 117.38 117.78 118.09 118.34 118.53 118.66 118.72 118.78 118.78 118.81 118.84 118.88 118.88 118.94 119.00 119.12 119.22 119.31
97.16 97.44 97.47 97.12 96.91 96.91 97.00 97.03 97.09 97.28 97.47 97.69 98.00 98.25 98.59 98.94 99.25 99.62 100.12 100.56 101.09 101.78 102.41 103.03 103.56 103.97 104.44 104.84 105.22 105.69 106.09 106.50 106.81 107.16 107.41 107.41 108.84 110.06 111.19 111.94 112.44 112.81 113.28 113.72 114.06 114.34 114.59 114.84 115.12 115.47 115.88 116.34 116.72 117.12 117.56 117.88 118.19 118.41 118.59 118.69 118.78 118.81 118.81 118.84 118.91 118.94 118.97 119.06 119.16 119.28 119.41 119.53
97.38 97.50 97.50 97.28 97.25 97.25 97.31 97.31 97.41 97.53 97.72 97.94 98.19 98.50 98.81 99.09 99.44 99.78 100.22 100.66 101.16 101.69 102.25 102.88 103.44 103.97 104.44 104.91 105.31 105.75 106.16 106.59 107.03 107.53 107.84 108.41 109.22 110.75 111.62 112.28 112.56 112.91 113.38 113.78 114.16 114.47 114.72 115.00 115.28 115.59 115.97 116.41 116.84 117.25 117.66 117.97 118.25 118.50 118.66 118.75 118.81 118.84 118.88 118.94 118.97 119.03 119.09 119.19 119.31 119.47 119.53 119.72
97.44 97.66 97.66 97.56 97.66 97.69 97.69 97.75 97.78 97.84 97.94 98.16 98.41 98.69 99.00 99.31 99.62 99.94 100.31 100.72 101.16 101.66 102.19 102.78 103.25 103.84 104.44 104.94 105.38 105.75 106.22 106.62 107.06 107.53 107.97 108.75 110.06 111.41 111.94 112.38 112.47 112.97 113.28 113.78 114.19 114.53 114.81 115.06 115.34 115.66 116.06 116.44 116.94 117.34 117.69 118.03 118.31 118.53 118.69 118.81 118.88 118.91 118.94 119.03 119.09 119.16 119.25 119.38 119.50 119.59 119.81 119.94
97.41 97.53 97.78 97.91 98.00 98.06 98.16 98.25 98.25 98.25 98.19 98.38 98.59 98.84 99.16 99.47 99.78 100.06 100.44 100.84 101.25 101.72 102.25 102.78 103.34 103.88 104.44 104.94 105.31 105.75 106.16 106.59 107.09 107.75 108.38 109.34 110.22 111.25 111.62 111.97 112.38 112.78 113.19 113.69 114.12 114.50 114.78 115.06 115.34 115.72 116.03 116.50 116.94 117.34 117.75 118.06 118.34 118.56 118.75 118.88 118.97 119.03 119.06 119.12 119.19 119.28 119.38 119.50 119.69 119.84 120.03 120.16
97.59 97.81 98.06 98.25 98.38 98.47 98.50 98.78 98.69 98.59 98.44 98.62 98.81 99.06 99.31 99.62 99.91 100.25 100.59 100.91 101.38 101.81 102.28 102.81 103.38 103.94 104.44 104.91 105.34 105.78 106.22 106.69 107.19 107.94 108.47 109.31 109.94 110.53 110.97 111.53 112.06 112.53 113.16 113.62 114.06 114.44 114.75 115.06 115.41 115.75 116.12 116.53 116.94 117.38 117.75 118.06 118.38 118.62 118.81 118.97 119.09 119.16 119.22 119.28 119.34 119.44 119.59 119.69 119.91 120.09 120.22 120.41
97.69 98.00 98.28 98.53 98.69 98.81 98.88 99.06 99.03 98.88 98.66 98.84 99.06 99.25 99.50 99.78 100.06 100.38 100.72 101.06 101.50 101.94 102.38 102.88 103.50 104.00 104.47 105.00 105.44 105.84 106.28 106.78 107.25 107.91 108.56 109.03 109.47 110.03 110.66 111.25 111.94 112.53 113.06 113.56 114.00 114.38 114.66 115.06 115.41 115.72 116.12 116.56 117.00 117.41 117.78 118.06 118.38 118.66 118.88 119.09 119.22 119.31 119.44 119.47 119.56 119.66 119.84 120.00 120.16 120.34 120.50 120.56
97.88 98.19 98.50 98.78 99.00 99.12 99.16 99.22 99.16 98.94 98.97 99.12 99.25 99.47 99.69 99.94 100.22 100.56 100.91 101.25 101.62 102.09 102.56 103.09 103.59 104.12 104.59 105.06 105.50 105.91 106.38 106.84 107.31 107.88 108.38 108.94 109.50 110.09 110.62 111.25 111.81 112.38 112.94 113.41 113.91 114.31 114.66 115.06 115.44 115.84 116.28 116.69 117.06 117.44 117.78 118.09 118.41 118.69 118.94 119.19 119.38 119.53 119.66 119.72 119.84 119.91 120.09 120.25 120.38 120.56 120.72 120.84
98.06 98.41 98.72 99.00 99.25 99.38 99.44 99.44 99.34 99.34 99.38 99.41 99.50 99.66 99.88 100.09 100.38 100.72 101.06 101.47 101.88 102.31 102.78 103.31 104.12 104.53 105.22 105.25 105.59 106.06 106.50 106.97 107.47 108.00 108.50 109.03 109.56 110.16 110.75 111.28 111.84 112.41 112.97 113.47 113.88 114.34 114.75 115.16 115.59 115.97 116.34 116.75 117.09 117.44 117.78 118.09 118.41 118.72 119.00 119.28 119.53 119.69 119.84 119.97 120.06 120.16 120.31 120.47 120.62 120.78 120.91 121.00
98.22 98.50 98.91 99.22 99.44 99.59 99.66 99.69 99.66 99.69 99.66 99.75 99.78 99.91 100.09 100.34 100.62 100.94 101.31 101.66 102.09 102.53 103.12 103.91 104.56 104.88 105.72 105.81 106.47 106.38 106.78 107.16 107.47 108.03 108.66 109.16 109.72 110.22 110.81 111.41 111.94 112.50 113.03 113.53 114.00 114.47 114.84 115.25 115.72 116.09 116.47 116.78 117.12 117.44 117.81 118.12 118.44 118.75 119.06 119.34 119.62 119.84 120.00 120.12 120.22 120.34 120.44 120.62 120.78 120.94 121.06 121.12
98.38 98.66 99.03 99.38 99.62 99.78 99.91 99.97 100.00 100.00 99.97 100.06 100.16 100.22 100.38 100.59 100.88 101.22 101.56 101.94 102.38 102.81 103.44 104.25 104.97 105.44 105.56 106.25 108.50 107.97 107.03 107.84 108.16 108.41 108.91 109.56 110.03 110.41 110.91 111.47 112.03 112.59 113.12 113.66 114.12 114.59 115.09 115.53 115.91 116.25 116.59 116.94 117.25 117.56 117.88 118.16 118.47 118.78 119.06 119.41 119.66 119.91 120.06 120.22 120.31 120.41 120.56 120.69 120.88 121.03 121.16 121.28
98.62 98.91 99.22 99.53 99.78 99.97 100.12 100.22 100.31 100.34 100.34 100.41 100.50 100.56 100.72 100.91 101.16 101.50 101.84 102.25 102.66 103.09 103.62 104.53 105.38 105.75 106.03 107.62 109.12 110.00 109.91 110.34 109.75 109.44 109.62 110.00 110.34 110.66 111.09 111.62 112.16 112.75 113.34 113.78 114.47 114.97 115.25 115.78 116.16 116.41 116.75 117.09 117.34 117.62 117.94 118.19 118.50 118.84 119.16 119.44 119.69 119.88 120.06 120.22 120.31 120.44 120.56 120.75 120.91 121.09 121.22 121.34
98.81 99.09 99.41 99.69 99.97 100.19 100.34 100.47 100.62 100.72 100.72 100.75 100.84 100.94 101.09 101.31 101.47 101.81 102.19 102.53 102.94 103.34 103.81 104.56 105.28 105.53 105.66 106.81 109.16 110.09 110.47 110.59 110.31 110.19 110.22 110.22 110.59 110.88 111.22 111.72 112.28 112.94 113.56 114.19 114.78 115.28 115.66 115.97 116.34 116.66 116.94 117.19 117.47 117.75 118.03 118.31 118.59 118.91 119.12 119.41 119.62 119.81 120.00 120.12 120.25 120.38 120.53 120.69 120.91 121.06 121.22 121.34
99.03 99.31 99.56 99.88 100.16 100.44 100.66 100.81 100.97 101.06 101.16 101.22 101.28 101.31 101.47 101.69 101.91 102.19 102.50 102.81 103.25 103.62 104.03 104.75 105.31 105.59 105.50 106.62 108.56 109.97 110.38 110.41 110.47 110.84 110.56 110.38 110.66 110.97 111.38 111.91 112.47 113.16 113.81 114.44 115.03 115.53 115.91 116.22 116.59 116.84 117.09 117.41 117.66 117.94 118.19 118.44 118.69 118.91 119.16 119.38 119.56 119.72 119.84 119.97 120.09 120.25 120.44 120.62 120.81 121.00 121.16 121.31
