everonasctiles/Tile39,10.asc
ncols 128
nrows 128
xllcorner 0
yllcorner 0
cellsize 2.0
NODATA_value  -9999
[rows 96 to 127 of 128, columns 0 to 70 of 128]
304.84 304.44 303.03 302.91 302.94 302.91 303.00 302.94 302.75 302.44 302.41 302.34 302.41 302.69 302.75 303.19 303.34 304.25 304.34 304.59 304.78 305.22 305.59 306.38 307.00 307.62 308.56 309.38 309.78 310.22 310.09 309.66 309.50 309.69 310.59 310.78 310.78 310.19 310.28 310.38 310.38 310.28 310.41 310.75 311.09 311.47 311.88 312.25 312.56 312.84 313.00 313.03 312.91 312.59 311.28 311.28 311.28 310.19 309.66 309.22 309.03 308.59 308.03 307.44 306.59 305.78 305.75 304.59 302.91 301.41 299.62
304.91 304.97 304.66 303.44 303.38 303.41 303.62 303.62 303.41 303.19 303.25 303.19 303.03 303.44 304.06 304.53 304.72 305.12 305.06 305.44 305.66 306.16 306.78 307.38 307.59 307.94 308.84 309.28 309.56 309.91 310.12 310.03 310.12 310.28 310.69 310.75 310.34 310.12 310.34 310.44 310.44 310.44 310.47 310.66 310.94 311.31 311.69 312.06 312.41 312.66 312.78 312.84 312.72 312.44 311.34 311.34 311.12 310.12 309.31 308.50 307.78 307.25 307.28 306.66 305.81 304.94 304.34 304.06 302.34 300.69 299.06
304.94 305.00 305.06 305.12 303.84 303.78 304.12 304.19 304.22 304.00 304.12 304.25 304.00 304.44 305.09 305.28 305.94 306.47 306.22 305.97 306.50 306.94 307.72 308.16 308.38 308.25 308.97 309.50 309.66 309.78 309.84 310.12 310.56 311.03 310.81 310.38 309.75 309.91 310.22 310.34 310.38 310.34 310.34 310.50 310.72 311.00 311.34 311.69 312.00 312.28 312.41 312.47 312.41 311.44 311.41 311.41 310.75 310.06 309.25 308.31 307.38 306.84 306.22 305.88 304.66 303.88 303.09 302.97 301.91 299.94 298.28
304.75 305.03 305.09 305.16 305.22 305.06 304.59 304.84 305.00 304.97 305.03 305.16 305.12 305.28 305.84 306.06 306.84 307.31 307.09 306.62 307.25 307.75 308.38 308.69 308.66 308.44 309.09 309.59 309.72 309.75 309.69 310.03 310.81 311.06 310.88 310.06 309.69 310.03 310.06 310.12 310.12 310.25 310.12 310.12 310.28 310.66 310.88 311.16 311.50 311.78 311.69 311.31 311.41 311.44 311.44 311.41 310.56 309.97 309.28 308.56 307.56 306.56 305.88 305.28 304.47 302.81 302.12 301.62 301.22 299.31 297.50
305.50 305.00 305.12 305.22 305.28 305.34 305.44 305.44 305.59 305.75 305.81 305.78 305.78 306.06 306.44 306.75 307.44 307.78 307.62 307.34 307.84 308.50 308.78 308.91 308.84 308.91 309.38 309.59 309.62 309.72 309.81 309.94 310.47 310.75 310.50 310.00 309.91 309.88 309.88 309.88 309.94 309.81 309.47 309.47 309.75 310.34 310.69 310.88 310.97 311.06 311.19 311.28 311.38 311.41 311.44 310.72 310.12 309.62 309.06 308.44 307.66 306.59 305.50 304.91 304.09 301.97 301.12 300.66 300.31 298.56 297.00
306.00 305.69 305.28 305.38 305.31 305.41 305.62 305.84 306.22 306.34 306.44 306.34 306.34 306.62 307.06 307.47 307.84 308.12 308.22 307.97 308.28 308.84 309.19 309.34 309.28 309.53 309.72 309.78 309.75 309.88 310.06 310.19 310.28 310.31 310.25 310.12 309.97 309.88 309.81 309.88 310.03 310.25 310.34 310.44 310.56 310.66 310.75 310.84 310.94 311.06 311.16 311.25 311.09 310.22 310.41 310.41 309.44 309.00 308.56 308.09 307.44 306.59 305.44 304.59 303.66 302.28 300.19 299.91 299.66 297.91 296.56
306.53 306.12 305.84 305.50 305.62 305.69 305.88 306.12 306.41 306.84 307.09 307.31 307.56 307.81 308.06 308.31 308.56 308.81 309.03 309.19 309.38 309.53 309.72 309.91 309.97 309.94 309.94 309.94 309.94 310.06 310.28 310.44 310.50 310.47 310.34 309.97 309.94 310.00 310.03 310.06 310.16 310.25 310.34 310.44 310.53 310.62 310.72 310.81 310.22 308.75 308.97 308.94 309.12 309.38 309.44 309.22 308.38 307.84 307.75 307.56 307.06 306.31 305.31 304.19 303.22 302.03 299.50 299.31 299.16 297.34 296.31
307.00 306.62 306.28 306.12 305.75 305.91 306.16 306.44 306.75 307.03 307.09 307.31 307.56 307.81 308.06 308.31 308.56 308.84 309.06 309.28 309.50 309.75 309.97 310.19 310.34 310.50 310.53 310.44 310.28 310.31 310.59 310.59 310.16 309.97 309.94 309.91 309.94 309.97 310.03 310.06 310.12 310.22 309.88 308.31 307.97 309.16 309.25 308.91 308.09 307.62 307.47 307.47 308.00 308.47 308.50 308.12 307.22 306.78 306.94 306.94 306.59 305.94 305.06 304.12 302.94 301.69 299.38 298.72 298.62 297.06 296.00
307.38 307.00 306.69 306.66 306.94 306.72 306.56 306.81 307.12 307.47 307.66 307.38 307.62 307.84 308.09 308.34 308.59 308.84 309.06 309.31 309.53 309.75 309.97 310.22 310.38 310.50 310.56 310.62 310.66 310.56 310.34 310.25 310.12 310.00 309.94 309.91 309.94 309.78 309.12 308.62 308.94 307.94 307.44 307.34 307.50 307.50 307.31 307.28 307.06 306.62 306.38 306.41 307.25 307.69 307.50 307.00 306.16 305.97 306.44 306.25 306.00 305.47 304.69 303.72 302.62 301.34 299.38 298.31 298.25 297.00 295.53
307.69 307.25 307.03 307.03 307.34 307.62 307.75 307.75 307.44 307.81 308.19 308.59 308.44 308.59 308.81 309.09 309.62 309.94 310.19 310.38 310.53 310.38 310.50 310.56 310.56 310.56 310.56 310.75 310.69 310.53 310.41 310.28 310.16 310.03 309.66 310.00 309.81 309.47 308.81 308.31 308.25 307.50 307.09 307.00 307.12 307.16 306.94 306.69 306.22 305.91 305.59 305.88 306.31 306.84 306.66 306.41 305.31 305.47 305.66 305.47 305.25 304.81 304.16 303.31 302.25 301.00 299.34 297.94 297.88 297.06 295.00
307.94 307.59 307.47 307.66 307.91 308.03 308.19 308.03 308.22 308.16 308.44 308.78 309.12 309.44 309.59 309.38 309.91 310.19 310.47 310.72 310.91 310.84 311.03 311.12 311.19 311.19 311.06 310.91 310.75 310.59 310.44 310.22 309.84 309.53 309.62 309.91 309.91 309.25 308.72 307.56 307.31 307.06 306.53 306.12 305.84 305.47 305.50 305.59 305.53 305.12 305.09 305.38 305.50 306.22 305.94 305.50 304.78 304.47 304.59 304.59 304.38 303.97 303.50 302.81 301.88 300.75 299.31 297.56 297.50 297.16 294.81
308.31 308.12 308.25 308.47 308.66 308.66 308.62 308.41 308.53 308.62 308.72 308.91 309.25 309.56 309.84 310.16 310.44 310.72 310.97 311.16 311.28 311.44 311.50 311.47 311.34 311.22 311.12 310.97 310.81 310.69 310.22 309.97 309.69 309.41 309.12 308.81 309.00 308.69 308.06 307.16 306.88 306.62 306.38 306.06 305.75 305.34 304.94 304.47 304.12 304.12 304.69 304.84 304.81 305.09 305.44 305.00 304.53 303.97 303.72 303.66 303.47 303.12 302.75 302.31 301.50 300.53 299.34 297.19 297.12 297.03 295.22
308.75 308.62 309.16 309.38 309.31 309.41 309.25 308.88 308.91 309.09 309.31 309.41 309.59 309.62 309.94 310.22 310.50 310.81 311.00 311.19 311.38 311.47 311.50 311.50 311.38 311.28 311.19 311.22 310.91 310.34 309.66 309.00 309.38 309.22 308.94 308.62 308.25 307.88 307.53 307.25 306.97 306.72 306.47 306.12 305.72 305.25 304.81 304.34 303.88 303.47 303.19 303.94 304.12 304.00 304.50 304.62 304.19 303.72 303.28 302.75 302.59 302.53 302.22 301.75 301.19 300.28 299.19 296.91 296.81 296.81 295.50
309.12 309.00 309.81 309.81 309.69 309.81 309.91 309.28 309.28 309.69 309.75 309.94 310.06 310.19 310.38 310.47 310.59 310.81 311.00 311.19 311.38 311.47 311.50 311.53 311.59 311.41 311.25 310.88 310.41 309.53 308.62 308.12 307.62 308.16 308.75 308.47 308.16 307.84 307.56 307.28 307.06 306.72 305.88 305.22 304.88 304.44 304.22 303.97 303.66 303.19 302.75 302.31 302.84 303.31 303.12 303.56 303.81 303.38 302.97 302.56 302.16 302.03 301.75 301.34 300.75 300.06 299.06 296.78 296.62 296.59 295.50
309.44 309.34 310.00 310.06 309.97 310.06 310.25 309.69 309.78 310.00 310.22 310.41 310.59 311.00 311.06 311.00 310.94 310.94 311.16 311.53 311.69 311.81 312.00 311.72 311.78 311.41 310.94 310.19 309.62 308.59 307.97 307.69 307.28 306.94 306.94 307.66 307.84 307.62 307.22 306.50 305.75 305.22 305.03 305.19 304.91 304.22 303.47 303.00 302.88 302.88 302.44 302.03 301.59 301.72 302.69 302.81 302.91 303.00 302.66 302.25 301.94 301.59 301.38 301.03 300.47 299.75 298.91 296.75 296.41 296.38 295.41
309.84 309.66 310.00 310.22 310.22 310.09 310.06 310.03 310.06 310.22 310.53 310.75 310.97 311.19 311.31 311.28 311.28 311.16 311.31 311.56 311.84 312.31 312.38 311.62 311.44 311.22 310.28 309.22 308.62 308.22 308.09 307.97 307.62 306.75 306.25 306.56 306.44 306.16 305.53 305.00 304.88 304.72 304.75 304.84 304.59 303.81 303.09 302.62 302.19 302.06 302.12 301.69 301.28 300.88 300.66 301.97 302.09 302.34 302.38 301.94 301.62 301.31 301.03 300.81 300.38 299.66 298.84 296.84 296.31 296.31 295.81
310.25 309.94 309.94 310.19 310.31 310.06 309.97 310.03 310.22 310.38 310.69 310.69 311.09 311.16 311.28 311.31 311.41 311.22 311.34 311.47 311.66 312.22 312.09 311.28 310.94 310.72 309.53 308.38 308.19 308.34 308.03 307.56 307.31 306.75 305.84 305.91 305.78 305.38 304.66 304.06 303.72 304.38 304.44 304.34 303.69 302.97 302.53 302.19 301.78 301.56 301.59 301.50 300.97 300.53 300.12 299.75 300.56 301.66 302.09 301.84 301.31 301.00 300.75 300.53 300.06 299.44 298.78 297.03 296.22 296.22 295.97
310.53 310.31 310.22 310.34 310.50 310.50 310.47 310.28 310.25 310.50 310.56 310.72 310.75 310.84 311.00 311.16 311.22 311.06 311.19 311.16 311.16 311.62 311.66 310.56 310.25 309.59 308.44 307.62 307.62 308.00 307.47 307.12 307.09 306.56 305.22 305.06 304.91 304.53 303.81 303.16 302.94 303.41 303.84 303.66 302.78 302.22 301.97 301.56 301.22 300.94 300.88 300.88 300.78 300.22 299.81 299.41 299.03 299.56 301.00 301.59 301.31 300.66 300.44 300.22 299.97 299.31 298.72 297.19 296.16 296.16 295.81
310.75 310.69 310.78 310.81 310.81 311.06 311.16 310.75 310.56 310.59 310.69 310.50 310.12 310.38 310.66 310.72 310.66 310.75 310.78 310.75 310.72 310.75 310.25 309.66 309.41 308.50 307.34 307.06 306.84 307.06 306.75 306.56 306.41 305.84 304.78 304.50 304.22 303.78 303.06 302.47 302.16 302.62 302.88 302.91 302.19 301.56 301.31 300.88 300.56 300.38 300.31 300.22 300.16 299.75 299.44 299.06 298.75 298.41 298.53 300.41 300.88 300.47 300.12 299.97 299.78 299.34 298.56 297.25 296.22 296.22 295.38
310.91 310.88 311.22 311.03 310.84 310.97 311.06 310.97 310.75 310.66 310.75 310.06 309.41 309.53 309.91 310.00 310.12 310.19 310.19 310.12 310.03 309.88 309.34 308.38 307.84 307.28 306.72 306.41 306.19 305.97 305.97 305.94 305.62 304.81 304.25 304.00 303.62 303.03 302.38 301.97 301.84 301.88 302.00 301.69 301.56 300.91 300.66 300.28 299.88 299.75 299.84 299.72 299.56 299.12 298.41 298.59 298.47 298.16 297.91 298.00 299.81 300.28 299.84 299.69 299.53 299.25 298.50 297.06 296.25 296.25 295.09
310.88 310.88 310.88 310.62 310.75 310.84 310.97 310.88 310.78 310.62 310.59 309.91 309.09 308.91 309.44 309.47 309.56 309.59 309.47 309.38 309.22 308.84 308.31 307.62 307.16 306.78 306.47 306.06 305.72 305.31 304.94 304.62 304.41 304.06 303.84 303.56 303.22 302.75 302.12 301.56 301.59 301.53 301.41 300.72 300.28 300.03 299.91 299.59 299.41 299.34 299.34 299.22 299.03 298.81 298.31 297.66 297.81 297.94 297.75 297.53 297.69 299.16 299.47 299.41 299.28 299.12 298.41 296.94 296.28 296.28 294.62
310.72 310.47 310.38 310.50 310.62 310.81 310.88 310.78 310.72 310.50 310.28 309.50 308.75 308.59 308.62 308.81 308.75 308.72 308.66 308.59 308.44 308.12 307.69 307.22 306.72 306.50 306.38 305.88 305.38 305.06 304.78 304.44 304.16 303.78 303.59 303.28 302.91 302.53 302.09 301.72 301.38 301.31 300.84 300.16 299.38 299.22 299.09 298.88 298.75 298.84 298.81 298.72 298.56 298.28 297.91 297.25 297.00 297.22 297.56 297.50 297.47 297.56 298.75 299.16 299.06 298.94 298.44 296.94 296.31 296.31 294.69
310.16 310.16 310.28 310.41 310.50 310.59 310.56 310.56 310.47 310.25 309.84 309.22 308.44 308.09 308.09 308.00 307.97 308.06 307.78 307.94 307.78 307.50 307.12 306.75 306.50 306.44 306.41 306.28 305.84 305.19 304.69 304.28 304.12 303.88 303.38 302.94 302.47 302.22 301.88 301.47 301.06 300.84 300.38 299.62 298.75 298.47 298.44 298.31 298.28 298.22 298.25 298.19 298.06 297.84 297.53 296.97 296.59 296.59 296.94 297.47 297.44 297.41 297.44 298.78 298.81 298.69 298.44 297.00 296.34 296.34 294.97
309.91 310.03 310.16 310.09 309.97 310.12 310.19 310.16 310.09 309.88 309.47 308.97 308.00 307.59 307.47 307.41 307.31 307.09 307.12 307.25 307.16 306.84 306.41 305.97 306.19 306.12 306.12 306.06 305.84 305.09 304.75 304.38 304.09 303.81 303.28 302.75 302.28 301.97 301.62 301.22 300.72 300.28 299.81 299.22 298.41 297.84 297.69 297.66 297.56 297.47 297.59 297.66 297.50 297.34 297.09 296.78 296.41 296.28 296.38 296.69 297.41 297.38 297.38 297.47 298.44 298.44 298.34 296.97 296.38 296.38 295.06
309.78 309.91 309.72 309.28 309.59 309.59 309.66 309.66 309.59 309.41 309.06 308.56 307.62 307.06 306.78 306.69 306.44 306.41 306.50 306.62 306.50 306.19 305.75 305.22 305.34 305.72 305.78 305.34 304.62 304.12 304.12 303.88 303.62 303.22 302.81 302.38 302.03 301.75 301.38 300.94 300.41 299.84 299.25 298.75 298.06 297.44 297.09 297.00 296.94 296.84 296.72 296.91 296.91 296.78 296.59 296.41 296.06 295.78 295.81 296.03 296.50 297.38 297.41 297.44 297.47 298.06 298.12 296.91 296.44 296.44 295.09
309.69 309.38 308.81 308.88 309.12 309.19 309.16 309.19 309.03 308.88 308.59 308.19 307.72 306.84 306.41 306.16 305.91 305.94 306.09 306.06 305.84 305.66 305.41 304.59 304.34 304.91 304.66 304.06 302.84 302.66 302.81 303.00 302.62 302.34 301.97 301.91 301.59 301.31 300.94 300.56 299.91 299.31 298.69 298.00 297.16 297.03 296.50 296.25 296.44 296.25 296.19 296.16 296.22 296.16 296.06 295.91 295.75 295.41 295.25 295.59 295.97 296.56 297.41 297.47 297.50 297.56 297.81 296.81 296.47 296.47 295.09
309.12 308.62 308.47 308.59 308.94 309.25 308.91 308.69 308.41 308.25 308.06 307.81 307.44 307.00 306.38 306.00 305.66 305.56 305.59 305.38 305.16 305.28 304.78 304.00 303.22 303.44 303.22 302.69 301.84 301.50 301.34 301.56 301.56 301.38 301.00 301.06 300.88 300.59 300.19 299.81 298.84 298.47 297.75 297.00 296.38 296.25 295.84 295.72 295.75 295.66 295.72 295.62 295.59 295.53 295.44 295.31 295.22 294.84 294.75 295.19 295.41 295.97 296.31 297.38 297.56 297.59 297.59 296.72 296.47 296.47 294.91
308.41 308.22 308.28 308.50 308.94 309.19 308.72 307.84 307.41 307.62 307.50 307.34 307.12 306.84 306.53 306.19 305.84 305.53 305.25 304.91 304.41 304.72 304.31 303.31 302.09 301.91 301.78 301.34 301.03 300.44 300.47 300.66 300.47 300.25 300.09 300.12 299.94 299.62 299.06 298.31 297.44 297.25 296.78 296.12 295.59 295.66 295.28 295.09 295.09 294.97 295.12 295.03 295.06 294.97 294.84 294.62 294.53 294.34 294.38 294.50 294.78 295.25 295.69 296.09 297.28 297.56 297.44 297.25 296.47 296.47 295.19
308.00 307.94 308.12 308.34 308.78 308.78 308.06 307.12 306.78 306.78 306.84 306.84 306.69 306.53 306.34 306.09 305.78 305.47 305.22 304.78 304.34 304.25 303.25 302.28 301.12 300.75 300.84 300.53 300.12 299.69 299.75 299.75 299.44 299.19 299.06 299.12 298.91 298.53 298.03 297.28 296.50 295.94 295.56 295.41 295.16 295.06 294.59 294.28 294.28 294.09 294.38 294.56 294.50 294.47 294.38 294.19 293.97 293.81 293.91 294.03 294.25 294.56 295.12 295.50 295.75 297.34 297.28 297.16 296.78 296.41 295.25
307.97 307.81 307.88 308.16 308.44 307.97 307.16 306.44 306.28 306.34 306.31 306.22 306.19 306.12 305.91 305.72 305.50 305.12 304.69 304.41 304.00 303.22 302.19 301.09 300.12 299.81 299.62 299.47 299.28 298.97 298.84 298.81 298.56 298.09 297.97 298.03 297.81 297.34 296.88 296.28 295.75 295.16 294.75 294.62 294.47 294.28 293.84 293.50 293.31 293.19 293.28 293.66 293.97 293.91 293.91 293.78 293.53 293.31 293.47 293.62 293.88 294.34 294.66 294.88 295.28 295.94 297.09 296.94 296.81 296.34 295.41
307.94 307.62 307.56 307.91 307.81 307.41 306.53 306.09 305.75 305.78 305.81 305.50 304.72 305.16 305.38 305.09 304.91 304.56 304.03 303.78 302.78 302.44 301.03 299.97 299.38 298.97 298.72 298.56 298.53 298.22 297.94 297.66 297.47 297.25 296.91 296.78 296.59 296.19 295.78 295.31 294.97 294.47 294.12 293.88 293.59 293.38 292.94 292.78 292.41 292.22 292.56 292.81 293.25 293.34 293.38 293.31 292.97 292.81 292.97 293.28 293.62 294.12 294.41 294.47 294.94 295.38 296.72 296.72 296.56 296.31 295.38
307.47 307.16 307.28 307.53 307.31 306.59 306.03 305.81 305.41 305.12 305.09 304.88 304.16 303.66 304.34 304.28 304.09 303.75 303.25 303.09 302.19 301.22 300.50 299.78 299.03 298.50 298.16 298.00 297.88 297.50 297.09 296.50 296.25 296.31 296.06 295.59 295.41 295.19 294.69 294.44 294.06 293.88 293.62 293.28 292.75 292.28 292.16 291.94 291.62 291.34 291.78 291.91 292.38 292.72 292.84 292.81 292.56 292.38 292.56 292.91 293.44 293.97 294.12 294.31 294.69 295.22 296.44 296.47 296.44 296.28 295.38
