everonasctiles/Tile[16,26].asc
ncols 128
nrows 128
xllcorner 0
yllcorner 0
cellsize 2.0
NODATA_value  -9999
[rows 0 to 31 of 128, columns 0 to 70 of 128]
104.50 105.06 105.62 106.12 106.56 106.91 107.16 107.31 107.41 107.44 107.38 107.34 107.19 107.12 106.84 106.75 106.59 106.62 106.72 106.84 107.06 107.38 107.75 108.25 108.62 109.12 109.50 109.81 110.09 110.34 110.53 110.78 111.06 111.31 111.59 111.84 112.09 112.34 112.56 112.81 113.16 113.41 113.78 114.06 114.38 114.75 115.09 115.41 115.72 116.06 116.38 116.69 117.00 117.31 117.59 117.88 118.16 118.41 118.62 119.00 119.69 120.50 121.28 121.91 122.50 123.06 123.41 123.69 123.94 124.16 124.34
104.88 105.44 106.00 106.50 106.94 107.28 107.56 107.72 107.81 107.84 107.84 107.84 107.75 107.62 107.41 107.22 107.03 107.00 107.09 107.22 107.38 107.72 108.06 108.47 108.84 109.28 109.62 109.94 110.19 110.44 110.66 110.88 111.19 111.50 111.81 112.09 112.38 112.66 112.94 113.16 113.47 113.88 114.16 114.41 114.72 115.06 115.44 115.72 116.06 116.38 116.69 117.00 117.31 117.59 117.91 118.19 118.44 118.72 118.94 119.31 120.00 120.78 121.56 122.22 122.78 123.34 123.69 123.97 124.19 124.41 124.59
105.09 105.75 106.31 106.78 107.22 107.59 107.88 108.06 108.19 108.31 108.34 108.25 108.22 108.12 107.91 107.72 107.53 107.41 107.47 107.56 107.75 108.00 108.31 108.66 109.00 109.41 109.72 110.00 110.25 110.53 110.75 111.03 111.34 111.69 112.03 112.34 112.62 112.94 113.22 113.47 113.75 114.12 114.47 114.84 115.09 115.41 115.78 116.06 116.38 116.69 117.00 117.31 117.62 117.91 118.19 118.47 118.75 119.03 119.28 119.66 120.34 121.16 121.91 122.53 123.09 123.66 123.97 124.25 124.47 124.69 124.88
105.41 105.91 106.47 107.00 107.44 107.81 108.16 108.38 108.56 108.69 108.75 108.75 108.72 108.59 108.38 108.16 107.97 107.78 107.78 107.91 108.06 108.25 108.56 108.81 109.09 109.47 109.81 110.06 110.31 110.56 110.88 111.16 111.50 111.84 112.22 112.56 112.88 113.19 113.50 113.78 114.00 114.34 114.69 115.06 115.47 115.88 116.19 116.44 116.72 117.00 117.31 117.62 117.94 118.22 118.53 118.81 119.09 119.38 119.66 120.00 120.69 121.50 122.25 122.91 123.47 124.00 124.31 124.53 124.75 124.97 125.16
105.59 106.16 106.69 107.16 107.62 108.06 108.41 108.69 108.91 109.03 109.12 109.16 109.12 109.03 108.81 108.59 108.34 108.16 108.16 108.22 108.31 108.56 108.78 109.03 109.31 109.56 109.88 110.16 110.47 110.78 111.03 111.38 111.72 112.03 112.41 112.78 113.12 113.47 113.78 114.09 114.41 114.66 114.91 115.25 115.62 116.03 116.44 116.81 117.16 117.38 117.62 117.94 118.25 118.53 118.84 119.12 119.41 119.72 120.00 120.34 121.06 121.88 122.62 123.25 123.84 124.38 124.62 124.84 125.03 125.25 125.44
105.88 106.34 106.84 107.31 107.81 108.25 108.62 108.97 109.19 109.34 109.44 109.50 109.50 109.38 109.19 108.94 108.72 108.47 108.50 108.56 108.66 108.81 109.03 109.25 109.50 109.78 110.06 110.38 110.66 110.97 111.28 111.59 111.91 112.25 112.62 113.00 113.38 113.72 114.06 114.38 114.69 115.03 115.34 115.53 115.81 116.19 116.59 117.00 117.38 117.78 118.03 118.28 118.56 118.88 119.16 119.47 119.75 120.06 120.34 120.72 121.41 122.19 122.97 123.62 124.22 124.72 124.94 125.12 125.34 125.53 125.72
106.09 106.59 107.00 107.47 107.97 108.41 108.81 109.22 109.44 109.66 109.78 109.81 109.78 109.69 109.50 109.28 109.06 108.78 108.78 108.84 108.94 109.06 109.28 109.50 109.72 109.97 110.25 110.56 110.84 111.19 111.50 111.81 112.16 112.47 112.88 113.22 113.59 113.97 114.31 114.66 114.97 115.31 115.66 115.97 116.31 116.56 116.84 117.19 117.56 117.97 118.31 118.69 118.91 119.19 119.50 119.78 120.09 120.38 120.69 121.03 121.75 122.53 123.34 124.03 124.59 125.06 125.25 125.44 125.62 125.81 126.00
106.28 106.78 107.25 107.72 108.19 108.66 109.06 109.44 109.72 109.94 110.06 110.12 110.09 109.97 109.81 109.59 109.38 109.22 109.09 109.12 109.19 109.34 109.53 109.72 109.94 110.22 110.50 110.75 111.09 111.41 111.72 112.06 112.41 112.75 113.09 113.47 113.84 114.19 114.56 114.91 115.25 115.59 115.94 116.28 116.62 116.97 117.34 117.62 117.81 118.22 118.59 118.94 119.25 119.53 119.81 120.12 120.41 120.72 121.00 121.41 122.12 122.91 123.75 124.41 124.97 125.34 125.53 125.72 125.91 126.09 126.25
106.44 106.94 107.41 107.88 108.38 108.84 109.25 109.66 109.94 110.16 110.31 110.38 110.34 110.28 110.09 109.91 109.69 109.50 109.41 109.44 109.50 109.62 109.78 109.97 110.19 110.41 110.69 111.03 111.31 111.62 111.97 112.31 112.66 113.00 113.38 113.72 114.09 114.44 114.78 115.16 115.53 115.88 116.25 116.59 116.94 117.31 117.66 118.00 118.31 118.59 118.91 119.22 119.56 119.88 120.16 120.44 120.72 121.03 121.31 121.75 122.50 123.31 124.12 124.78 125.34 125.66 125.81 126.00 126.19 126.38 126.53
106.53 107.03 107.53 108.03 108.53 109.00 109.44 109.81 110.12 110.38 110.53 110.56 110.59 110.53 110.38 110.12 110.00 109.84 109.72 109.72 109.78 109.91 110.03 110.22 110.44 110.69 110.97 111.25 111.59 111.91 112.22 112.56 112.88 113.28 113.62 113.97 114.31 114.69 115.03 115.38 115.75 116.12 116.50 116.88 117.25 117.59 117.97 118.31 118.62 118.94 119.25 119.53 119.84 120.19 120.47 120.75 121.03 121.31 121.62 122.12 122.84 123.66 124.50 125.16 125.66 125.91 126.09 126.28 126.44 126.62 126.78
106.56 107.06 107.56 108.06 108.62 109.12 109.59 109.97 110.28 110.53 110.69 110.75 110.78 110.72 110.62 110.47 110.28 110.16 110.00 110.03 110.09 110.16 110.34 110.53 110.72 110.97 111.25 111.53 111.84 112.16 112.50 112.84 113.19 113.50 113.88 114.19 114.56 114.88 115.25 115.59 115.97 116.38 116.75 117.16 117.53 117.91 118.25 118.62 118.94 119.25 119.56 119.88 120.16 120.50 120.78 120.97 121.31 121.53 121.81 122.41 123.16 124.00 124.81 125.44 125.91 126.12 126.34 126.50 126.69 126.88 127.03
106.47 107.03 107.50 108.06 108.59 109.12 109.59 110.03 110.34 110.59 110.78 110.88 110.91 110.91 110.81 110.69 110.53 110.41 110.31 110.31 110.41 110.47 110.66 110.81 111.03 111.28 111.50 111.81 112.09 112.44 112.78 113.12 113.44 113.78 114.09 114.44 114.75 115.06 115.41 115.78 116.16 116.56 116.97 117.38 117.78 118.16 118.53 118.88 119.22 119.53 119.84 120.16 120.47 120.88 121.06 121.28 121.50 121.75 122.06 122.62 123.41 124.28 125.09 125.69 126.16 126.38 126.56 126.75 126.94 127.09 127.25
106.50 106.94 107.47 108.00 108.50 109.06 109.50 109.97 110.34 110.59 110.81 110.94 111.00 111.03 110.97 110.91 110.78 110.62 110.66 110.66 110.72 110.81 110.94 111.16 111.34 111.59 111.84 112.12 112.41 112.69 113.03 113.34 113.69 114.00 114.34 114.66 114.97 115.28 115.62 115.94 116.31 116.72 117.12 117.56 117.97 118.38 118.75 119.12 119.47 119.81 120.16 120.47 120.81 121.16 121.38 121.56 121.78 121.97 122.25 122.88 123.62 124.53 125.34 125.97 126.38 126.59 126.81 126.97 127.16 127.31 127.50
106.50 106.91 107.38 107.91 108.44 108.94 109.44 109.88 110.25 110.56 110.81 110.97 111.06 111.09 111.09 111.03 110.97 110.94 110.91 110.97 111.03 111.16 111.28 111.50 111.69 111.91 112.16 112.38 112.69 112.97 113.28 113.62 113.97 114.28 114.59 114.91 115.19 115.50 115.78 116.12 116.53 116.91 117.34 117.75 118.16 118.56 118.97 119.34 119.69 120.03 120.38 120.72 121.06 121.44 121.72 121.88 122.12 122.38 122.59 123.12 123.88 124.75 125.62 126.25 126.59 126.81 127.03 127.22 127.38 127.53 127.72
106.62 107.00 107.44 107.81 108.28 108.81 109.28 109.75 110.12 110.47 110.72 110.94 111.06 111.12 111.16 111.16 111.16 111.16 111.22 111.28 111.38 111.50 111.66 111.88 112.06 112.19 112.47 112.69 112.94 113.25 113.53 113.91 114.25 114.56 114.88 115.19 115.47 115.72 116.06 116.34 116.72 117.09 117.53 117.97 118.41 118.81 119.22 119.56 119.94 120.28 120.62 120.97 121.34 121.69 122.06 122.22 122.47 122.72 123.34 123.66 124.19 125.06 125.94 126.53 126.81 127.03 127.25 127.44 127.59 127.75 127.91
106.75 107.16 107.53 107.91 108.31 108.72 109.12 109.59 109.97 110.34 110.59 110.84 111.03 111.12 111.22 111.28 111.34 111.41 111.50 111.59 111.78 111.94 112.03 112.25 112.41 112.59 112.81 113.00 113.28 113.53 113.81 114.16 114.47 114.84 115.19 115.50 115.78 116.06 116.38 116.62 117.06 117.44 117.84 118.25 118.72 119.12 119.50 119.91 120.22 120.59 120.94 121.28 121.62 121.97 122.34 122.62 122.81 123.06 123.75 124.44 124.94 125.44 126.22 126.81 127.06 127.25 127.47 127.62 127.81 127.97 128.12
106.88 107.28 107.62 108.00 108.38 108.75 109.16 109.53 109.88 110.22 110.53 110.78 111.00 111.12 111.28 111.44 111.56 111.69 111.81 111.97 112.16 112.31 112.50 112.62 112.78 112.97 113.16 113.31 113.59 113.88 114.16 114.50 114.81 115.16 115.50 115.81 116.12 116.41 116.72 117.03 117.34 117.78 118.19 118.59 119.03 119.47 119.88 120.22 120.56 120.91 121.25 121.56 121.94 122.28 122.56 122.97 123.16 123.44 124.09 124.78 125.31 125.84 126.44 127.06 127.28 127.47 127.66 127.84 128.00 128.16 128.31
107.12 107.44 107.81 108.12 108.47 108.78 109.16 109.50 109.88 110.22 110.53 110.81 111.06 111.25 111.47 111.66 111.81 112.00 112.22 112.41 112.62 112.81 112.97 113.06 113.16 113.28 113.47 113.66 113.88 114.22 114.50 114.81 115.16 115.50 115.81 116.16 116.47 116.78 117.06 117.38 117.72 118.06 118.53 118.94 119.44 119.88 120.31 120.69 121.06 121.41 121.62 121.97 122.22 122.56 122.88 123.16 123.56 123.97 124.38 125.12 125.66 126.16 126.69 126.94 127.50 127.69 127.88 128.03 128.19 128.34 128.50
107.34 107.66 108.00 108.31 108.62 108.94 109.28 109.56 109.91 110.28 110.53 110.84 111.16 111.41 111.69 111.91 112.09 112.38 112.66 112.88 113.03 113.31 113.41 113.56 113.62 113.66 113.84 114.06 114.25 114.56 114.84 115.16 115.50 115.78 116.19 116.53 116.81 117.16 117.50 117.81 118.16 118.50 118.94 119.38 119.84 120.34 120.84 121.28 121.53 121.97 122.22 122.31 122.59 122.88 123.19 123.50 123.84 124.16 124.53 125.03 125.88 126.50 126.91 127.06 127.41 127.88 128.06 128.22 128.34 128.50 128.66
107.62 107.91 108.19 108.53 108.81 109.09 109.44 109.72 110.00 110.34 110.66 111.00 111.31 111.62 111.91 112.19 112.41 112.81 113.12 113.41 113.62 113.81 113.91 114.03 114.06 114.06 114.25 114.41 114.66 114.94 115.22 115.53 115.88 116.19 116.53 116.88 117.22 117.53 117.88 118.22 118.53 118.94 119.34 119.78 120.25 120.84 121.41 121.88 122.25 122.53 122.75 122.84 122.97 123.19 123.47 123.75 124.06 124.34 124.72 125.22 125.84 126.69 127.09 127.25 127.44 127.84 128.22 128.38 128.53 128.66 128.81
107.94 108.19 108.50 108.75 109.00 109.31 109.59 109.84 110.16 110.47 110.81 111.19 111.50 111.88 112.19 112.56 112.94 113.31 113.66 113.94 114.16 114.28 114.38 114.44 114.50 114.47 114.59 114.81 114.97 115.28 115.56 115.84 116.22 116.53 116.78 117.19 117.56 117.94 118.25 118.62 118.94 119.34 119.75 120.19 120.75 121.31 121.91 122.44 122.81 123.03 123.25 123.44 123.50 123.59 123.75 124.00 124.31 124.59 124.91 125.34 125.97 126.66 127.31 127.47 127.62 127.78 128.25 128.53 128.66 128.81 128.94
108.28 108.56 108.75 109.03 109.22 109.50 109.78 110.06 110.38 110.72 111.00 111.44 111.81 112.12 112.59 113.06 113.47 113.81 114.16 114.41 114.62 114.75 114.81 114.88 114.91 114.97 115.03 115.16 115.34 115.62 115.91 116.19 116.56 116.88 117.19 117.53 117.91 118.28 118.66 119.03 119.41 119.81 120.22 120.66 121.22 121.81 122.34 122.88 123.31 123.59 123.78 123.91 123.97 124.09 124.09 124.25 124.56 124.78 125.09 125.53 126.09 126.75 127.41 127.72 127.81 127.97 128.16 128.59 128.78 128.94 129.06
108.59 108.88 109.06 109.31 109.47 109.66 109.94 110.25 110.53 110.91 111.28 111.62 112.12 112.56 113.06 113.53 113.97 114.25 114.62 114.88 115.03 115.19 115.25 115.31 115.31 115.28 115.41 115.56 115.72 116.00 116.28 116.56 116.88 117.22 117.53 117.88 118.19 118.66 119.03 119.44 119.81 120.22 120.69 121.12 121.62 122.22 122.78 123.28 123.72 124.03 124.25 124.34 124.44 124.47 124.50 124.59 124.81 125.03 125.25 125.66 126.19 126.81 127.47 127.97 128.03 128.19 128.28 128.47 128.88 129.03 129.19
108.88 109.16 109.38 109.56 109.72 109.84 110.12 110.41 110.75 111.16 111.53 111.94 112.50 113.00 113.38 114.00 114.44 114.78 115.06 115.28 115.44 115.56 115.59 115.66 115.69 115.66 115.72 115.91 116.06 116.34 116.59 116.91 117.22 117.53 117.88 118.19 118.59 118.94 119.38 119.81 120.22 120.62 121.12 121.62 122.09 122.62 123.06 123.62 124.09 124.44 124.66 124.78 124.81 124.91 124.91 125.03 125.09 125.22 125.47 125.84 126.31 126.84 127.47 127.94 128.28 128.31 128.44 128.56 128.78 129.12 129.28
109.16 109.41 109.62 109.78 109.94 110.09 110.31 110.62 110.94 111.34 111.78 112.25 112.81 113.41 113.88 114.38 114.78 115.12 115.44 115.62 115.72 115.88 116.00 116.03 116.00 116.06 116.12 116.22 116.47 116.72 116.97 117.25 117.56 117.91 118.22 118.53 118.97 119.38 119.78 120.22 120.59 121.00 121.56 122.06 122.56 123.03 123.53 124.00 124.41 124.75 125.06 125.19 125.28 125.34 125.34 125.31 125.41 125.50 125.69 126.00 126.41 126.91 127.44 127.88 128.25 128.50 128.59 128.72 128.84 129.06 129.34
109.34 109.59 109.81 109.97 110.12 110.28 110.47 110.81 111.09 111.47 111.97 112.41 113.09 113.69 114.19 114.66 115.03 115.34 115.69 115.91 116.06 116.19 116.31 116.34 116.38 116.38 116.44 116.62 116.81 117.06 117.31 117.59 117.91 118.22 118.56 118.94 119.34 119.66 120.16 120.56 121.03 121.47 121.78 122.44 122.97 123.44 123.94 124.41 124.78 125.06 125.41 125.56 125.66 125.69 125.62 125.66 125.66 125.78 125.91 126.19 126.56 127.00 127.44 127.84 128.19 128.47 128.72 128.88 129.00 129.09 129.34
109.50 109.75 109.94 110.12 110.28 110.47 110.69 110.97 111.31 111.66 112.09 112.69 113.28 113.84 114.38 114.84 115.25 115.59 115.88 116.12 116.34 116.47 116.59 116.66 116.72 116.75 116.81 117.00 117.22 117.41 117.69 117.97 118.25 118.59 118.97 119.38 119.78 120.19 120.50 121.00 121.44 121.88 122.34 122.69 123.31 123.81 124.31 124.78 125.16 125.47 125.72 125.88 125.97 126.00 125.97 125.94 125.94 125.97 126.12 126.38 126.72 127.09 127.50 127.84 128.16 128.44 128.69 129.00 129.12 129.28 129.44
109.59 109.84 110.06 110.25 110.44 110.62 110.88 111.16 111.44 111.88 112.31 112.75 113.31 113.91 114.47 114.97 115.38 115.72 116.06 116.34 116.62 116.84 116.94 117.00 117.06 117.16 117.22 117.41 117.53 117.81 118.06 118.31 118.62 118.97 119.34 119.78 120.22 120.62 120.94 121.41 121.75 122.25 122.75 123.19 123.62 124.19 124.69 125.12 125.50 125.81 126.06 126.19 126.28 126.28 126.22 126.16 126.19 126.22 126.34 126.56 126.88 127.22 127.56 127.91 128.22 128.47 128.72 128.94 129.25 129.41 129.56
109.69 109.94 110.16 110.38 110.56 110.81 111.06 111.34 111.66 112.00 112.41 112.88 113.38 113.91 114.47 115.00 115.47 115.91 116.25 116.59 116.97 117.19 117.41 117.47 117.50 117.56 117.62 117.78 118.00 118.16 118.41 118.66 118.97 119.31 119.75 120.16 120.62 121.06 121.47 121.78 122.22 122.66 123.03 123.53 124.00 124.53 124.94 125.44 125.84 126.12 126.34 126.44 126.50 126.50 126.44 126.38 126.38 126.41 126.56 126.75 127.03 127.38 127.72 128.03 128.31 128.56 128.78 129.00 129.19 129.53 129.72
109.75 109.97 110.25 110.47 110.75 111.00 111.28 111.53 111.84 112.22 112.59 113.06 113.56 114.00 114.59 115.12 115.62 116.12 116.53 117.03 117.31 117.62 117.84 117.94 117.94 118.00 118.09 118.25 118.38 118.56 118.78 119.00 119.31 119.66 120.12 120.53 121.00 121.41 121.81 122.22 122.53 123.03 123.50 123.94 124.31 124.84 125.31 125.72 126.09 126.38 126.50 126.66 126.69 126.69 126.62 126.56 126.56 126.62 126.81 126.97 127.22 127.53 127.84 128.16 128.41 128.69 128.88 129.06 129.25 129.44 129.78
109.84 110.12 110.41 110.66 110.94 111.19 111.47 111.75 112.06 112.41 112.75 113.19 113.72 114.22 114.72 115.22 115.72 116.31 116.81 117.41 117.81 118.09 118.31 118.38 118.47 118.50 118.53 118.69 118.81 118.91 119.16 119.38 119.66 120.00 120.38 120.84 121.25 121.66 122.09 122.56 122.94 123.41 123.88 124.31 124.69 125.16 125.56 125.94 126.28 126.53 126.72 126.81 126.84 126.81 126.78 126.75 126.78 126.88 127.06 127.25 127.44 127.75 128.03 128.28 128.53 128.78 129.00 129.19 129.34 129.53 129.72
110.03 110.28 110.59 110.88 111.12 111.41 111.69 111.97 112.28 112.62 112.97 113.41 113.88 114.38 114.91 115.41 116.06 116.66 117.25 117.75 118.22 118.53 118.72 118.91 119.00 119.06 119.09 119.12 119.25 119.28 119.53 119.69 119.94 120.28 120.62 121.06 121.47 121.91 122.34 122.81 123.28 123.75 124.19 124.66 125.06 125.44 125.75 126.06 126.41 126.66 126.84 126.97 126.97 126.94 126.91 126.91 127.00 127.16 127.31 127.47 127.75 128.00 128.25 128.50 128.75 128.97 129.16 129.34 129.50 129.66 129.84
