everonasctiles/Tile[23,47].asc
ncols 128
nrows 128
xllcorner 0
yllcorner 0
cellsize 2.0
NODATA_value  -9999
[rows 32 to 63 of 128, columns 0 to 70 of 128]
-29.72 -30.41 -30.97 -31.41 -32.03 -32.53 -33.03 -33.44 -33.88 -34.31 -34.97 -35.53 -36.12 -36.81 -37.47 -38.09 -38.69 -39.22 -39.69 -40.12 -40.53 -40.94 -41.28 -41.59 -41.78 -41.97 -42.22 -42.66 -43.25 -43.66 -44.00 -44.28 -44.56 -44.88 -45.22 -45.62 -46.00 -46.38 -46.72 -47.03 -47.34 -47.66 -47.97 -48.28 -48.62 -48.97 -49.34 -49.78 -50.28 -50.84 -51.47 -52.09 -52.78 -53.44 -54.19 -55.00 -55.78 -56.56 -57.31 -57.97 -58.50 -58.97 -59.38 -59.75 -60.16 -60.56 -60.94 -61.28 -61.59 -61.91 -62.22
-29.41 -30.12 -30.59 -31.28 -31.91 -32.41 -32.94 -33.41 -33.88 -34.41 -34.94 -35.53 -36.12 -36.72 -37.34 -37.88 -38.41 -38.88 -39.28 -39.66 -40.03 -40.41 -40.69 -40.84 -40.88 -41.16 -41.69 -42.38 -42.94 -43.34 -43.72 -44.09 -44.44 -44.78 -45.16 -45.53 -45.88 -46.19 -46.50 -46.78 -47.06 -47.38 -47.69 -48.00 -48.34 -48.69 -49.03 -49.47 -49.94 -50.47 -51.03 -51.66 -52.28 -53.12 -54.00 -54.84 -55.62 -56.34 -57.03 -57.59 -58.06 -58.50 -58.91 -59.31 -59.81 -60.25 -60.62 -61.00 -61.31 -61.69 -62.03
-29.00 -29.62 -30.38 -30.97 -31.72 -32.19 -32.81 -33.22 -33.75 -34.34 -34.88 -35.44 -36.00 -36.56 -37.06 -37.56 -38.00 -38.41 -38.75 -39.12 -39.47 -39.75 -39.81 -39.81 -40.06 -40.66 -41.44 -42.19 -42.69 -43.12 -43.53 -43.94 -44.31 -44.69 -45.06 -45.38 -45.69 -45.94 -46.22 -46.50 -46.78 -47.09 -47.41 -47.72 -48.06 -48.41 -48.75 -49.16 -49.56 -50.03 -50.50 -51.09 -51.94 -52.97 -53.84 -54.62 -55.38 -56.06 -56.62 -57.12 -57.53 -57.94 -58.41 -58.97 -59.50 -59.97 -60.38 -60.75 -61.12 -61.47 -61.84
-29.00 -29.41 -30.16 -30.72 -31.31 -31.81 -32.50 -33.06 -33.53 -34.09 -34.69 -35.22 -35.75 -36.25 -36.72 -37.12 -37.53 -37.88 -38.19 -38.50 -38.72 -38.81 -38.81 -39.06 -39.69 -40.56 -41.41 -42.00 -42.47 -42.94 -43.38 -43.78 -44.19 -44.53 -44.88 -45.16 -45.44 -45.69 -45.94 -46.22 -46.50 -46.84 -47.16 -47.50 -47.84 -48.19 -48.53 -48.88 -49.22 -49.53 -50.06 -50.84 -51.84 -52.84 -53.62 -54.34 -55.03 -55.62 -56.12 -56.56 -56.97 -57.47 -58.09 -58.72 -59.25 -59.72 -60.12 -60.53 -60.91 -61.28 -61.69
-28.62 -29.19 -29.72 -30.22 -30.75 -31.53 -32.03 -32.72 -33.16 -33.75 -34.41 -34.91 -35.41 -35.88 -36.28 -36.69 -37.03 -37.31 -37.53 -37.62 -37.75 -37.88 -38.16 -38.81 -39.69 -40.59 -41.28 -41.81 -42.28 -42.75 -43.19 -43.59 -43.97 -44.31 -44.59 -44.88 -45.12 -45.38 -45.66 -45.97 -46.31 -46.62 -46.97 -47.31 -47.66 -48.00 -48.34 -48.66 -48.94 -49.34 -49.97 -50.81 -51.78 -52.62 -53.31 -54.00 -54.62 -55.16 -55.59 -56.03 -56.56 -57.22 -57.91 -58.53 -59.03 -59.50 -59.91 -60.31 -60.69 -61.09 -61.47
-28.62 -29.16 -29.81 -30.25 -30.41 -31.03 -31.66 -32.34 -32.88 -33.41 -34.00 -34.56 -35.03 -35.47 -35.88 -36.22 -36.53 -36.72 -36.75 -36.81 -37.03 -37.44 -38.03 -38.84 -39.75 -40.50 -41.09 -41.59 -42.09 -42.56 -42.97 -43.34 -43.69 -44.00 -44.31 -44.59 -44.88 -45.16 -45.47 -45.81 -46.19 -46.53 -46.88 -47.25 -47.59 -47.94 -48.31 -48.66 -49.03 -49.50 -50.09 -50.84 -51.62 -52.34 -53.00 -53.66 -54.22 -54.72 -55.22 -55.81 -56.47 -57.12 -57.78 -58.31 -58.81 -59.25 -59.66 -60.06 -60.47 -60.88 -61.25
-28.53 -29.03 -29.59 -29.84 -30.22 -30.66 -31.00 -31.84 -32.56 -33.03 -33.62 -34.19 -34.66 -35.06 -35.47 -35.78 -36.03 -36.12 -36.28 -36.59 -37.09 -37.66 -38.31 -39.03 -39.72 -40.34 -40.91 -41.41 -41.88 -42.31 -42.69 -43.06 -43.38 -43.69 -44.03 -44.34 -44.69 -45.06 -45.44 -45.78 -46.12 -46.50 -46.84 -47.22 -47.59 -47.97 -48.34 -48.72 -49.16 -49.62 -50.16 -50.78 -51.44 -52.09 -52.72 -53.34 -53.91 -54.50 -55.09 -55.75 -56.41 -57.03 -57.59 -58.12 -58.59 -59.00 -59.41 -59.81 -60.22 -60.62 -61.00
-28.56 -28.88 -29.19 -29.47 -29.84 -30.31 -30.91 -31.50 -32.12 -32.62 -33.28 -33.78 -34.25 -34.69 -35.06 -35.38 -35.66 -35.97 -36.41 -36.88 -37.41 -37.97 -38.53 -39.12 -39.69 -40.25 -40.75 -41.22 -41.62 -42.03 -42.38 -42.72 -43.09 -43.44 -43.84 -44.22 -44.62 -45.00 -45.41 -45.75 -46.12 -46.50 -46.88 -47.25 -47.62 -48.00 -48.41 -48.81 -49.22 -49.69 -50.19 -50.75 -51.31 -51.91 -52.50 -53.12 -53.72 -54.38 -55.00 -55.66 -56.28 -56.88 -57.41 -57.88 -58.31 -58.72 -59.12 -59.53 -59.94 -60.34 -60.72
-28.12 -28.44 -28.66 -29.16 -29.53 -30.03 -30.44 -30.91 -31.59 -32.34 -32.88 -33.38 -33.88 -34.31 -34.72 -35.06 -35.47 -35.94 -36.44 -36.94 -37.50 -38.03 -38.59 -39.12 -39.66 -40.16 -40.59 -41.00 -41.38 -41.72 -42.09 -42.47 -42.88 -43.28 -43.72 -44.16 -44.56 -44.97 -45.38 -45.75 -46.12 -46.50 -46.88 -47.25 -47.66 -48.03 -48.44 -48.84 -49.28 -49.72 -50.19 -50.66 -51.19 -51.72 -52.31 -52.91 -53.56 -54.19 -54.81 -55.47 -56.06 -56.59 -57.09 -57.56 -58.00 -58.41 -58.84 -59.25 -59.66 -60.06 -60.47
-27.78 -28.03 -28.34 -28.84 -29.25 -29.59 -30.09 -30.66 -31.12 -31.84 -32.34 -32.91 -33.38 -33.94 -34.38 -34.81 -35.28 -35.81 -36.38 -36.94 -37.50 -38.06 -38.59 -39.09 -39.56 -40.00 -40.38 -40.72 -41.06 -41.44 -41.84 -42.25 -42.72 -43.16 -43.62 -44.09 -44.53 -44.94 -45.34 -45.72 -46.09 -46.50 -46.88 -47.25 -47.66 -48.03 -48.41 -48.81 -49.22 -49.62 -50.06 -50.53 -51.00 -51.50 -52.06 -52.69 -53.31 -53.97 -54.59 -55.19 -55.75 -56.28 -56.78 -57.22 -57.69 -58.12 -58.56 -58.97 -59.38 -59.81 -60.25
-27.59 -27.91 -28.28 -28.62 -28.97 -29.44 -29.78 -30.22 -30.84 -31.41 -31.94 -32.41 -33.00 -33.53 -34.00 -34.47 -35.03 -35.69 -36.28 -36.84 -37.44 -37.97 -38.50 -38.97 -39.38 -39.75 -40.12 -40.44 -40.78 -41.19 -41.59 -42.06 -42.53 -43.03 -43.50 -43.97 -44.44 -44.88 -45.28 -45.69 -46.09 -46.47 -46.84 -47.22 -47.59 -47.97 -48.31 -48.69 -49.06 -49.47 -49.88 -50.28 -50.72 -51.22 -51.75 -52.38 -53.03 -53.69 -54.31 -54.88 -55.44 -55.94 -56.44 -56.94 -57.41 -57.84 -58.28 -58.72 -59.16 -59.59 -60.09
-27.09 -27.34 -27.66 -27.94 -28.31 -28.69 -29.12 -29.75 -30.47 -30.91 -31.47 -32.00 -32.50 -33.03 -33.59 -34.16 -34.84 -35.56 -36.19 -36.75 -37.31 -37.84 -38.31 -38.75 -39.12 -39.47 -39.81 -40.12 -40.50 -40.88 -41.31 -41.81 -42.34 -42.84 -43.38 -43.84 -44.34 -44.81 -45.25 -45.66 -46.06 -46.44 -46.81 -47.16 -47.50 -47.81 -48.16 -48.50 -48.88 -49.25 -49.62 -50.00 -50.38 -50.81 -51.34 -52.00 -52.72 -53.38 -54.03 -54.59 -55.16 -55.69 -56.19 -56.69 -57.16 -57.62 -58.06 -58.50 -58.94 -59.41 -59.91
-26.41 -26.91 -27.28 -27.59 -27.78 -28.25 -28.94 -29.62 -30.12 -30.53 -31.19 -31.72 -32.16 -32.69 -33.19 -33.94 -34.78 -35.47 -36.06 -36.62 -37.19 -37.66 -38.09 -38.47 -38.81 -39.16 -39.47 -39.81 -40.16 -40.56 -41.06 -41.59 -42.16 -42.72 -43.25 -43.75 -44.25 -44.72 -45.16 -45.59 -45.97 -46.34 -46.69 -47.00 -47.31 -47.62 -47.97 -48.28 -48.62 -48.97 -49.31 -49.66 -50.00 -50.44 -51.03 -51.78 -52.53 -53.16 -53.78 -54.34 -54.91 -55.44 -55.97 -56.47 -56.94 -57.41 -57.84 -58.28 -58.75 -59.25 -59.75
-26.03 -26.38 -26.62 -27.00 -27.66 -28.31 -28.78 -29.47 -30.03 -30.38 -31.00 -31.44 -31.91 -32.62 -33.31 -34.06 -34.75 -35.34 -35.94 -36.47 -36.97 -37.41 -37.78 -38.16 -38.47 -38.78 -39.12 -39.47 -39.88 -40.38 -40.94 -41.50 -42.06 -42.62 -43.16 -43.69 -44.19 -44.66 -45.09 -45.47 -45.84 -46.19 -46.50 -46.81 -47.09 -47.41 -47.75 -48.06 -48.41 -48.75 -49.06 -49.44 -49.88 -50.41 -51.06 -51.72 -52.38 -53.00 -53.59 -54.16 -54.72 -55.25 -55.75 -56.25 -56.72 -57.19 -57.66 -58.09 -58.59 -59.09 -59.56
-25.62 -25.97 -26.56 -27.19 -27.66 -28.16 -28.62 -29.19 -29.91 -30.25 -30.78 -31.44 -31.81 -32.50 -33.28 -33.94 -34.62 -35.19 -35.72 -36.22 -36.69 -37.09 -37.44 -37.78 -38.09 -38.44 -38.81 -39.22 -39.72 -40.25 -40.84 -41.41 -42.00 -42.53 -43.09 -43.59 -44.06 -44.53 -44.94 -45.31 -45.66 -45.97 -46.28 -46.59 -46.88 -47.22 -47.56 -47.91 -48.25 -48.59 -48.97 -49.41 -49.91 -50.44 -51.03 -51.62 -52.22 -52.81 -53.38 -53.94 -54.50 -55.03 -55.56 -56.06 -56.53 -57.00 -57.47 -57.94 -58.44 -58.91 -59.38
-25.44 -26.12 -26.66 -27.19 -27.59 -28.09 -28.62 -29.22 -29.72 -30.22 -30.72 -31.31 -31.94 -32.56 -33.03 -33.72 -34.31 -34.97 -35.47 -35.94 -36.38 -36.75 -37.09 -37.41 -37.75 -38.09 -38.53 -39.03 -39.53 -40.09 -40.69 -41.25 -41.84 -42.38 -42.91 -43.41 -43.88 -44.31 -44.72 -45.09 -45.41 -45.75 -46.06 -46.38 -46.69 -47.06 -47.41 -47.78 -48.16 -48.53 -48.97 -49.41 -49.91 -50.41 -50.94 -51.50 -52.06 -52.62 -53.19 -53.75 -54.31 -54.84 -55.38 -55.88 -56.34 -56.84 -57.31 -57.81 -58.28 -58.75 -59.22
-25.62 -26.06 -26.69 -27.03 -27.50 -28.16 -28.69 -29.12 -29.53 -30.16 -30.78 -31.38 -31.94 -32.53 -33.00 -33.47 -34.16 -34.72 -35.22 -35.66 -36.03 -36.38 -36.69 -37.00 -37.34 -37.75 -38.22 -38.75 -39.31 -39.88 -40.44 -41.03 -41.59 -42.16 -42.69 -43.19 -43.66 -44.06 -44.47 -44.81 -45.16 -45.50 -45.84 -46.19 -46.56 -46.94 -47.31 -47.69 -48.09 -48.50 -48.91 -49.38 -49.84 -50.34 -50.84 -51.34 -51.91 -52.44 -53.00 -53.56 -54.12 -54.66 -55.19 -55.72 -56.22 -56.72 -57.22 -57.69 -58.16 -58.62 -59.06
-25.59 -26.22 -26.66 -27.16 -27.56 -28.03 -28.56 -29.06 -29.72 -30.19 -30.62 -31.16 -31.88 -32.44 -32.84 -33.31 -34.00 -34.47 -34.94 -35.31 -35.66 -35.94 -36.25 -36.56 -36.91 -37.34 -37.88 -38.44 -39.03 -39.62 -40.19 -40.78 -41.34 -41.91 -42.44 -42.94 -43.41 -43.81 -44.19 -44.53 -44.91 -45.28 -45.66 -46.03 -46.44 -46.81 -47.19 -47.59 -48.00 -48.44 -48.84 -49.31 -49.78 -50.25 -50.75 -51.25 -51.78 -52.31 -52.88 -53.44 -53.97 -54.53 -55.06 -55.59 -56.12 -56.62 -57.12 -57.59 -58.09 -58.53 -59.00
-25.31 -26.03 -26.53 -26.97 -27.34 -27.84 -28.59 -29.12 -29.62 -30.09 -30.62 -31.19 -31.66 -32.28 -32.72 -33.19 -33.66 -34.22 -34.59 -34.91 -35.19 -35.47 -35.75 -36.06 -36.47 -37.03 -37.59 -38.22 -38.81 -39.41 -39.97 -40.56 -41.12 -41.69 -42.22 -42.72 -43.16 -43.53 -43.91 -44.28 -44.69 -45.09 -45.50 -45.91 -46.31 -46.72 -47.09 -47.50 -47.94 -48.34 -48.81 -49.25 -49.72 -50.22 -50.69 -51.19 -51.72 -52.22 -52.78 -53.31 -53.84 -54.38 -54.91 -55.47 -56.00 -56.53 -57.06 -57.53 -58.03 -58.50 -58.97
-25.19 -25.78 -26.44 -26.84 -27.38 -27.84 -28.34 -28.94 -29.38 -30.00 -30.44 -30.72 -31.38 -32.00 -32.53 -32.91 -33.31 -33.84 -34.19 -34.47 -34.72 -34.97 -35.28 -35.75 -36.28 -36.88 -37.44 -38.03 -38.62 -39.22 -39.81 -40.41 -40.97 -41.50 -42.00 -42.47 -42.88 -43.28 -43.66 -44.06 -44.50 -44.94 -45.38 -45.78 -46.19 -46.59 -47.00 -47.44 -47.84 -48.31 -48.75 -49.22 -49.72 -50.19 -50.66 -51.16 -51.66 -52.16 -52.62 -53.12 -53.66 -54.19 -54.75 -55.34 -55.91 -56.44 -56.97 -57.47 -57.97 -58.47 -58.94
-24.78 -25.38 -26.06 -26.88 -27.44 -27.88 -28.25 -28.75 -29.25 -29.72 -30.16 -30.47 -31.12 -31.72 -32.28 -32.66 -33.00 -33.38 -33.69 -34.00 -34.25 -34.56 -35.03 -35.59 -36.16 -36.72 -37.31 -37.88 -38.47 -39.06 -39.66 -40.22 -40.75 -41.28 -41.75 -42.19 -42.59 -42.97 -43.41 -43.88 -44.31 -44.78 -45.22 -45.62 -46.06 -46.47 -46.91 -47.34 -47.78 -48.25 -48.72 -49.19 -49.66 -50.09 -50.56 -51.03 -51.50 -51.97 -52.41 -52.91 -53.44 -54.03 -54.59 -55.19 -55.75 -56.31 -56.84 -57.38 -57.88 -58.38 -58.88
-24.81 -25.50 -26.25 -26.81 -27.22 -27.50 -27.97 -28.41 -28.94 -29.41 -29.78 -30.19 -30.75 -31.31 -31.84 -32.34 -32.56 -32.84 -33.25 -33.50 -33.84 -34.31 -34.88 -35.41 -35.97 -36.53 -37.12 -37.72 -38.31 -38.88 -39.44 -40.00 -40.50 -41.00 -41.44 -41.84 -42.25 -42.69 -43.19 -43.69 -44.16 -44.59 -45.06 -45.50 -45.94 -46.38 -46.81 -47.28 -47.72 -48.19 -48.62 -49.06 -49.53 -49.97 -50.41 -50.84 -51.28 -51.69 -52.12 -52.62 -53.22 -53.84 -54.44 -55.03 -55.59 -56.16 -56.69 -57.22 -57.75 -58.25 -58.75
-24.66 -25.19 -25.94 -26.59 -26.84 -27.03 -27.56 -28.09 -28.56 -28.97 -29.34 -29.78 -30.25 -30.84 -31.34 -31.72 -32.09 -32.44 -32.72 -32.94 -33.44 -34.06 -34.66 -35.19 -35.75 -36.31 -36.91 -37.50 -38.06 -38.62 -39.19 -39.72 -40.19 -40.62 -41.06 -41.47 -41.91 -42.44 -43.00 -43.50 -44.00 -44.47 -44.91 -45.38 -45.84 -46.28 -46.75 -47.22 -47.66 -48.09 -48.50 -48.94 -49.34 -49.78 -50.19 -50.59 -50.97 -51.34 -51.78 -52.34 -53.00 -53.66 -54.25 -54.84 -55.41 -55.97 -56.53 -57.06 -57.59 -58.09 -58.62
-24.44 -24.75 -25.19 -26.09 -26.44 -26.59 -27.09 -27.81 -28.22 -28.75 -29.09 -29.34 -30.03 -30.56 -31.09 -31.47 -31.78 -32.06 -32.25 -32.62 -33.09 -33.62 -34.41 -34.94 -35.50 -36.06 -36.66 -37.22 -37.81 -38.38 -38.91 -39.41 -39.84 -40.28 -40.69 -41.12 -41.66 -42.25 -42.84 -43.34 -43.88 -44.34 -44.84 -45.31 -45.78 -46.25 -46.69 -47.12 -47.56 -47.97 -48.34 -48.75 -49.16 -49.56 -49.94 -50.31 -50.66 -51.03 -51.50 -52.16 -52.81 -53.47 -54.06 -54.66 -55.22 -55.78 -56.34 -56.88 -57.41 -57.94 -58.44
-24.12 -24.75 -25.12 -25.44 -25.91 -26.41 -26.88 -27.41 -27.81 -28.28 -28.75 -29.31 -29.81 -30.38 -30.88 -31.16 -31.41 -31.62 -31.88 -32.25 -32.84 -33.53 -34.16 -34.72 -35.28 -35.84 -36.41 -36.97 -37.53 -38.09 -38.62 -39.09 -39.56 -39.97 -40.44 -40.97 -41.56 -42.19 -42.75 -43.28 -43.81 -44.31 -44.81 -45.28 -45.75 -46.19 -46.62 -47.03 -47.41 -47.78 -48.16 -48.56 -48.94 -49.31 -49.66 -50.00 -50.34 -50.75 -51.34 -52.00 -52.66 -53.25 -53.88 -54.47 -55.03 -55.59 -56.12 -56.66 -57.19 -57.72 -58.19
-23.81 -24.38 -24.62 -25.12 -25.72 -26.16 -26.62 -26.97 -27.56 -28.09 -28.50 -29.00 -29.69 -30.16 -30.50 -30.78 -31.00 -31.19 -31.59 -32.09 -32.72 -33.41 -34.00 -34.53 -35.09 -35.66 -36.22 -36.78 -37.34 -37.88 -38.38 -38.88 -39.34 -39.84 -40.41 -41.00 -41.59 -42.19 -42.75 -43.28 -43.81 -44.31 -44.78 -45.25 -45.69 -46.09 -46.50 -46.88 -47.22 -47.59 -47.97 -48.34 -48.69 -49.03 -49.38 -49.69 -50.06 -50.59 -51.22 -51.84 -52.47 -53.06 -53.66 -54.25 -54.81 -55.34 -55.91 -56.44 -56.94 -57.44 -57.91
-23.75 -24.31 -24.78 -25.16 -25.59 -25.91 -26.56 -27.22 -27.47 -28.06 -28.47 -28.78 -29.44 -29.94 -30.12 -30.41 -30.69 -30.94 -31.47 -32.03 -32.44 -33.22 -33.88 -34.44 -34.97 -35.53 -36.09 -36.62 -37.16 -37.69 -38.19 -38.69 -39.22 -39.81 -40.41 -41.03 -41.62 -42.22 -42.78 -43.31 -43.81 -44.28 -44.72 -45.16 -45.56 -45.94 -46.31 -46.69 -47.03 -47.38 -47.72 -48.06 -48.41 -48.75 -49.06 -49.44 -49.91 -50.50 -51.12 -51.72 -52.28 -52.88 -53.44 -54.00 -54.56 -55.09 -55.62 -56.16 -56.66 -57.12 -57.59
-23.72 -24.28 -24.75 -25.06 -25.59 -26.06 -26.50 -26.94 -27.50 -28.03 -28.31 -28.62 -29.12 -29.53 -29.81 -30.25 -30.72 -30.88 -31.38 -31.88 -32.44 -33.06 -33.81 -34.38 -34.91 -35.47 -35.97 -36.50 -37.03 -37.53 -38.03 -38.56 -39.16 -39.78 -40.41 -41.03 -41.62 -42.22 -42.78 -43.28 -43.78 -44.19 -44.62 -45.00 -45.41 -45.75 -46.12 -46.47 -46.78 -47.12 -47.47 -47.78 -48.12 -48.47 -48.84 -49.31 -49.88 -50.47 -51.03 -51.59 -52.12 -52.69 -53.22 -53.75 -54.28 -54.81 -55.34 -55.84 -56.34 -56.84 -57.34
-23.81 -24.22 -24.75 -25.25 -25.78 -26.19 -26.59 -26.78 -27.38 -27.75 -27.94 -28.38 -28.81 -29.12 -29.66 -30.09 -30.47 -30.91 -31.47 -32.00 -32.56 -33.09 -33.78 -34.31 -34.84 -35.38 -35.91 -36.41 -36.91 -37.41 -37.94 -38.53 -39.12 -39.78 -40.41 -41.03 -41.62 -42.22 -42.75 -43.22 -43.66 -44.06 -44.44 -44.84 -45.22 -45.56 -45.91 -46.22 -46.53 -46.84 -47.19 -47.53 -47.91 -48.31 -48.81 -49.34 -49.88 -50.44 -50.94 -51.47 -52.00 -52.50 -53.00 -53.50 -54.03 -54.56 -55.09 -55.62 -56.16 -56.69 -57.22
-23.53 -24.12 -24.62 -25.06 -25.72 -26.25 -26.38 -26.62 -27.09 -27.41 -27.62 -28.03 -28.41 -28.94 -29.47 -29.97 -30.38 -30.81 -31.31 -31.84 -32.41 -33.03 -33.69 -34.25 -34.78 -35.31 -35.84 -36.34 -36.84 -37.38 -37.91 -38.50 -39.12 -39.78 -40.41 -41.03 -41.59 -42.16 -42.62 -43.06 -43.47 -43.88 -44.25 -44.62 -45.00 -45.34 -45.66 -46.00 -46.31 -46.66 -47.00 -47.44 -47.88 -48.34 -48.88 -49.38 -49.88 -50.38 -50.91 -51.38 -51.88 -52.38 -52.84 -53.34 -53.84 -54.38 -54.94 -55.50 -56.06 -56.59 -57.09
-23.47 -24.03 -24.56 -25.16 -25.62 -25.94 -26.09 -26.34 -26.78 -27.22 -27.38 -27.78 -28.34 -28.94 -29.44 -29.88 -30.25 -30.59 -31.16 -31.72 -32.16 -32.78 -33.53 -34.12 -34.69 -35.22 -35.75 -36.28 -36.81 -37.38 -37.97 -38.56 -39.16 -39.78 -40.41 -40.97 -41.50 -42.00 -42.47 -42.88 -43.25 -43.62 -44.00 -44.38 -44.75 -45.09 -45.44 -45.78 -46.16 -46.53 -46.97 -47.41 -47.91 -48.38 -48.88 -49.38 -49.88 -50.38 -50.84 -51.34 -51.84 -52.31 -52.78 -53.28 -53.78 -54.31 -54.88 -55.41 -55.94 -56.47 -57.00
-23.25 -23.69 -24.31 -24.81 -25.25 -25.62 -25.94 -26.31 -26.66 -27.12 -27.53 -27.88 -28.25 -28.81 -29.16 -29.62 -29.94 -30.25 -31.03 -31.62 -32.16 -32.75 -33.41 -34.00 -34.59 -35.12 -35.66 -36.22 -36.78 -37.38 -37.97 -38.56 -39.19 -39.75 -40.31 -40.84 -41.34 -41.81 -42.22 -42.59 -42.97 -43.34 -43.75 -44.09 -44.47 -44.84 -45.22 -45.59 -46.00 -46.47 -46.91 -47.38 -47.88 -48.34 -48.84 -49.34 -49.81 -50.31 -50.81 -51.28 -51.78 -52.25 -52.75 -53.25 -53.75 -54.25 -54.78 -55.31 -55.84 -56.34 -56.88
