everonasctiles/Tile48,3.asc
ncols 128
nrows 128
xllcorner 0
yllcorner 0
cellsize 2.0
NODATA_value  -9999
[rows 0 to 30 of 128, columns 0 to 69 of 128]
-52.69 -52.84 -53.06 -53.28 -53.53 -53.81 -54.09 -54.38 -54.69 -54.97 -55.25 -55.53 -55.78 -55.97 -56.19 -56.38 -56.56 -56.72 -56.88 -57.03 -57.16 -57.25 -57.34 -57.44 -57.53 -57.62 -57.72 -57.81 -57.91 -57.97 -58.03 -58.09 -58.16 -58.19 -58.25 -58.31 -58.38 -58.44 -58.50 -58.53 -58.59 -58.66 -58.69 -58.75 -58.81 -58.88 -58.94 -59.00 -59.06 -59.16 -59.28 -59.41 -59.56 -59.72 -59.94 -60.19 -60.50 -60.81 -61.19 -61.53 -61.91 -62.28 -62.66 -63.06 -63.44 -63.81 -64.19 -64.56 -64.91 -65.22
-52.84 -53.00 -53.19 -53.41 -53.62 -53.88 -54.16 -54.44 -54.75 -55.03 -55.31 -55.59 -55.84 -56.09 -56.31 -56.50 -56.69 -56.84 -57.00 -57.12 -57.25 -57.38 -57.47 -57.56 -57.62 -57.72 -57.78 -57.88 -57.97 -58.03 -58.09 -58.16 -58.19 -58.25 -58.28 -58.34 -58.41 -58.47 -58.50 -58.56 -58.62 -58.66 -58.72 -58.78 -58.81 -58.88 -58.94 -59.00 -59.09 -59.19 -59.28 -59.41 -59.56 -59.72 -59.94 -60.19 -60.50 -60.81 -61.16 -61.50 -61.84 -62.19 -62.56 -62.91 -63.28 -63.66 -64.03 -64.38 -64.72 -65.03
-52.97 -53.16 -53.34 -53.53 -53.72 -53.97 -54.19 -54.47 -54.75 -55.06 -55.34 -55.62 -55.91 -56.16 -56.38 -56.59 -56.78 -56.94 -57.09 -57.25 -57.34 -57.47 -57.56 -57.62 -57.72 -57.78 -57.88 -57.94 -58.03 -58.09 -58.16 -58.19 -58.25 -58.28 -58.31 -58.38 -58.41 -58.47 -58.50 -58.56 -58.62 -58.69 -58.72 -58.78 -58.84 -58.91 -58.97 -59.03 -59.09 -59.19 -59.31 -59.44 -59.56 -59.75 -59.97 -60.22 -60.50 -60.81 -61.12 -61.44 -61.75 -62.06 -62.41 -62.78 -63.16 -63.53 -63.91 -64.31 -64.72 -65.12
-53.12 -53.31 -53.50 -53.66 -53.84 -54.03 -54.25 -54.47 -54.75 -55.03 -55.34 -55.62 -55.94 -56.19 -56.44 -56.66 -56.88 -57.03 -57.19 -57.31 -57.44 -57.53 -57.62 -57.72 -57.78 -57.84 -57.91 -58.00 -58.06 -58.16 -58.22 -58.25 -58.28 -58.31 -58.34 -58.38 -58.41 -58.47 -58.50 -58.56 -58.62 -58.69 -58.72 -58.78 -58.84 -58.91 -58.97 -59.06 -59.12 -59.22 -59.34 -59.47 -59.62 -59.78 -60.00 -60.25 -60.53 -60.81 -61.09 -61.38 -61.66 -61.97 -62.28 -62.66 -63.03 -63.47 -63.88 -64.31 -64.75 -65.22
-53.25 -53.44 -53.66 -53.84 -54.00 -54.19 -54.34 -54.50 -54.75 -55.03 -55.34 -55.62 -55.94 -56.22 -56.47 -56.72 -56.94 -57.12 -57.28 -57.41 -57.53 -57.62 -57.72 -57.78 -57.84 -57.91 -57.97 -58.03 -58.12 -58.19 -58.25 -58.31 -58.34 -58.38 -58.38 -58.41 -58.44 -58.47 -58.50 -58.56 -58.62 -58.69 -58.75 -58.78 -58.84 -58.91 -58.97 -59.06 -59.16 -59.25 -59.34 -59.50 -59.66 -59.81 -60.03 -60.28 -60.53 -60.81 -61.06 -61.34 -61.59 -61.88 -62.19 -62.56 -62.97 -63.41 -63.84 -64.31 -64.81 -65.28
-53.38 -53.59 -53.81 -54.00 -54.19 -54.38 -54.50 -54.66 -54.81 -55.03 -55.34 -55.66 -55.94 -56.22 -56.50 -56.75 -56.97 -57.16 -57.34 -57.47 -57.59 -57.72 -57.78 -57.88 -57.94 -57.97 -58.03 -58.09 -58.16 -58.25 -58.31 -58.34 -58.41 -58.41 -58.44 -58.44 -58.44 -58.47 -58.50 -58.56 -58.62 -58.69 -58.75 -58.78 -58.84 -58.91 -58.97 -59.06 -59.12 -59.25 -59.34 -59.50 -59.66 -59.84 -60.06 -60.28 -60.53 -60.78 -61.03 -61.31 -61.56 -61.84 -62.16 -62.53 -62.94 -63.38 -63.81 -64.28 -64.78 -65.25
-53.53 -53.78 -54.00 -54.22 -54.41 -54.56 -54.72 -54.88 -55.00 -55.22 -55.44 -55.72 -56.00 -56.28 -56.53 -56.78 -57.03 -57.22 -57.41 -57.56 -57.69 -57.78 -57.88 -57.94 -58.00 -58.06 -58.12 -58.16 -58.22 -58.28 -58.34 -58.41 -58.44 -58.47 -58.47 -58.47 -58.47 -58.50 -58.53 -58.56 -58.62 -58.66 -58.72 -58.78 -58.84 -58.88 -58.94 -59.03 -59.12 -59.22 -59.34 -59.50 -59.66 -59.81 -60.03 -60.25 -60.47 -60.75 -61.00 -61.28 -61.56 -61.88 -62.19 -62.53 -62.91 -63.34 -63.78 -64.22 -64.69 -65.16
-53.72 -53.97 -54.19 -54.41 -54.62 -54.78 -54.94 -55.09 -55.25 -55.44 -55.66 -55.88 -56.12 -56.38 -56.62 -56.88 -57.09 -57.28 -57.47 -57.62 -57.75 -57.84 -57.94 -58.03 -58.09 -58.12 -58.19 -58.25 -58.31 -58.34 -58.41 -58.44 -58.50 -58.50 -58.53 -58.50 -58.50 -58.53 -58.53 -58.56 -58.59 -58.66 -58.69 -58.75 -58.81 -58.88 -58.94 -59.00 -59.09 -59.19 -59.31 -59.44 -59.59 -59.78 -59.97 -60.16 -60.41 -60.66 -60.94 -61.22 -61.53 -61.88 -62.22 -62.56 -62.94 -63.31 -63.72 -64.12 -64.56 -65.03
-53.88 -54.16 -54.38 -54.59 -54.81 -55.00 -55.16 -55.31 -55.44 -55.62 -55.84 -56.06 -56.28 -56.53 -56.75 -56.97 -57.19 -57.38 -57.56 -57.72 -57.84 -57.94 -58.03 -58.09 -58.16 -58.22 -58.28 -58.31 -58.38 -58.44 -58.47 -58.50 -58.53 -58.56 -58.56 -58.56 -58.53 -58.53 -58.56 -58.56 -58.59 -58.66 -58.69 -58.72 -58.78 -58.84 -58.91 -58.97 -59.06 -59.16 -59.25 -59.38 -59.53 -59.69 -59.88 -60.06 -60.31 -60.56 -60.84 -61.16 -61.50 -61.84 -62.22 -62.56 -62.91 -63.28 -63.66 -64.06 -64.47 -64.91
-54.03 -54.31 -54.56 -54.78 -55.00 -55.19 -55.34 -55.50 -55.66 -55.81 -56.03 -56.25 -56.47 -56.69 -56.91 -57.09 -57.31 -57.50 -57.66 -57.81 -57.91 -58.03 -58.09 -58.16 -58.22 -58.28 -58.34 -58.41 -58.44 -58.50 -58.53 -58.56 -58.56 -58.59 -58.59 -58.56 -58.56 -58.56 -58.56 -58.59 -58.62 -58.62 -58.66 -58.72 -58.75 -58.81 -58.88 -58.94 -59.00 -59.09 -59.19 -59.31 -59.44 -59.59 -59.78 -59.97 -60.22 -60.47 -60.75 -61.09 -61.44 -61.81 -62.16 -62.53 -62.88 -63.25 -63.59 -64.00 -64.41 -64.84
-54.19 -54.47 -54.72 -54.94 -55.16 -55.34 -55.50 -55.66 -55.81 -56.00 -56.19 -56.41 -56.62 -56.84 -57.03 -57.22 -57.41 -57.59 -57.75 -57.88 -58.00 -58.09 -58.19 -58.25 -58.31 -58.38 -58.41 -58.47 -58.50 -58.53 -58.56 -58.59 -58.59 -58.59 -58.59 -58.59 -58.56 -58.56 -58.59 -58.59 -58.62 -58.66 -58.66 -58.69 -58.75 -58.78 -58.84 -58.91 -58.97 -59.06 -59.16 -59.25 -59.38 -59.53 -59.69 -59.88 -60.09 -60.38 -60.69 -61.03 -61.38 -61.75 -62.12 -62.47 -62.81 -63.19 -63.56 -63.97 -64.38 -64.81
-54.38 -54.62 -54.84 -55.09 -55.28 -55.47 -55.66 -55.81 -55.97 -56.16 -56.34 -56.56 -56.78 -57.00 -57.19 -57.34 -57.53 -57.69 -57.84 -57.97 -58.06 -58.16 -58.25 -58.31 -58.38 -58.44 -58.50 -58.53 -58.56 -58.59 -58.59 -58.62 -58.62 -58.62 -58.62 -58.59 -58.59 -58.59 -58.59 -58.62 -58.62 -58.66 -58.69 -58.72 -58.75 -58.78 -58.84 -58.91 -58.97 -59.03 -59.12 -59.22 -59.34 -59.50 -59.66 -59.84 -60.06 -60.31 -60.62 -60.97 -61.31 -61.69 -62.06 -62.41 -62.75 -63.12 -63.50 -63.91 -64.34 -64.78
-54.53 -54.78 -55.00 -55.22 -55.41 -55.59 -55.78 -55.94 -56.12 -56.28 -56.47 -56.69 -56.91 -57.09 -57.31 -57.47 -57.62 -57.78 -57.91 -58.03 -58.12 -58.22 -58.31 -58.38 -58.44 -58.50 -58.53 -58.59 -58.62 -58.62 -58.62 -58.66 -58.66 -58.62 -58.62 -58.62 -58.59 -58.59 -58.62 -58.62 -58.66 -58.69 -58.72 -58.75 -58.78 -58.81 -58.88 -58.94 -58.97 -59.06 -59.12 -59.25 -59.38 -59.53 -59.69 -59.88 -60.09 -60.34 -60.62 -60.97 -61.28 -61.66 -62.00 -62.34 -62.72 -63.09 -63.47 -63.88 -64.31 -64.75
-54.66 -54.91 -55.12 -55.34 -55.53 -55.72 -55.91 -56.06 -56.22 -56.41 -56.59 -56.78 -57.00 -57.22 -57.41 -57.56 -57.72 -57.84 -57.97 -58.09 -58.19 -58.28 -58.34 -58.44 -58.50 -58.53 -58.59 -58.62 -58.66 -58.66 -58.66 -58.66 -58.66 -58.66 -58.66 -58.62 -58.62 -58.62 -58.66 -58.66 -58.69 -58.72 -58.72 -58.75 -58.81 -58.84 -58.91 -58.97 -59.03 -59.09 -59.19 -59.28 -59.41 -59.56 -59.75 -59.94 -60.16 -60.41 -60.69 -60.97 -61.28 -61.62 -61.97 -62.34 -62.69 -63.06 -63.47 -63.88 -64.28 -64.72
-54.75 -55.00 -55.22 -55.44 -55.62 -55.81 -56.00 -56.16 -56.31 -56.50 -56.69 -56.88 -57.06 -57.28 -57.47 -57.66 -57.81 -57.94 -58.03 -58.12 -58.22 -58.31 -58.38 -58.47 -58.53 -58.56 -58.62 -58.66 -58.66 -58.69 -58.69 -58.69 -58.69 -58.69 -58.66 -58.66 -58.66 -58.66 -58.69 -58.69 -58.72 -58.75 -58.78 -58.81 -58.84 -58.91 -58.97 -59.03 -59.09 -59.16 -59.25 -59.34 -59.47 -59.59 -59.78 -60.00 -60.22 -60.47 -60.75 -61.03 -61.31 -61.62 -61.97 -62.34 -62.69 -63.06 -63.47 -63.88 -64.25 -64.66
-54.81 -55.06 -55.28 -55.50 -55.72 -55.91 -56.06 -56.25 -56.41 -56.56 -56.75 -56.94 -57.12 -57.31 -57.50 -57.69 -57.84 -57.97 -58.09 -58.19 -58.28 -58.34 -58.41 -58.47 -58.53 -58.59 -58.62 -58.66 -58.69 -58.69 -58.69 -58.69 -58.69 -58.69 -58.69 -58.69 -58.69 -58.69 -58.72 -58.72 -58.75 -58.78 -58.81 -58.84 -58.88 -58.94 -59.00 -59.06 -59.16 -59.25 -59.31 -59.41 -59.53 -59.66 -59.84 -60.06 -60.31 -60.56 -60.81 -61.09 -61.38 -61.66 -62.00 -62.34 -62.72 -63.06 -63.47 -63.84 -64.22 -64.59
-54.88 -55.09 -55.31 -55.53 -55.75 -55.97 -56.12 -56.31 -56.47 -56.62 -56.78 -56.97 -57.16 -57.34 -57.53 -57.72 -57.88 -58.00 -58.12 -58.22 -58.28 -58.38 -58.44 -58.50 -58.53 -58.59 -58.62 -58.66 -58.69 -58.69 -58.69 -58.69 -58.72 -58.72 -58.72 -58.72 -58.72 -58.72 -58.75 -58.75 -58.78 -58.81 -58.84 -58.88 -58.91 -58.97 -59.03 -59.12 -59.22 -59.31 -59.41 -59.50 -59.59 -59.75 -59.94 -60.12 -60.38 -60.62 -60.88 -61.12 -61.41 -61.69 -62.00 -62.34 -62.69 -63.06 -63.44 -63.81 -64.19 -64.56
-54.88 -55.12 -55.34 -55.56 -55.78 -56.00 -56.19 -56.34 -56.50 -56.66 -56.81 -57.00 -57.19 -57.34 -57.53 -57.69 -57.84 -58.00 -58.09 -58.22 -58.28 -58.38 -58.44 -58.47 -58.53 -58.59 -58.62 -58.66 -58.66 -58.69 -58.69 -58.69 -58.72 -58.72 -58.72 -58.72 -58.72 -58.75 -58.75 -58.78 -58.81 -58.84 -58.88 -58.91 -58.97 -59.03 -59.09 -59.19 -59.28 -59.41 -59.50 -59.59 -59.69 -59.84 -60.00 -60.19 -60.44 -60.66 -60.94 -61.19 -61.44 -61.72 -62.03 -62.34 -62.69 -63.03 -63.41 -63.78 -64.19 -64.56
-54.91 -55.12 -55.34 -55.56 -55.78 -56.00 -56.19 -56.38 -56.53 -56.69 -56.84 -57.00 -57.19 -57.34 -57.50 -57.69 -57.81 -57.97 -58.09 -58.19 -58.28 -58.34 -58.41 -58.47 -58.53 -58.56 -58.59 -58.62 -58.62 -58.66 -58.69 -58.69 -58.72 -58.72 -58.72 -58.75 -58.75 -58.75 -58.75 -58.78 -58.81 -58.84 -58.91 -58.94 -59.00 -59.06 -59.16 -59.25 -59.34 -59.47 -59.56 -59.69 -59.78 -59.91 -60.06 -60.25 -60.47 -60.69 -60.94 -61.19 -61.44 -61.72 -62.00 -62.31 -62.66 -63.00 -63.38 -63.81 -64.22 -64.69
-54.94 -55.12 -55.34 -55.56 -55.78 -56.00 -56.19 -56.38 -56.56 -56.69 -56.84 -57.00 -57.16 -57.31 -57.47 -57.62 -57.78 -57.94 -58.06 -58.16 -58.28 -58.34 -58.41 -58.47 -58.53 -58.56 -58.56 -58.59 -58.62 -58.62 -58.66 -58.69 -58.69 -58.72 -58.72 -58.75 -58.75 -58.75 -58.75 -58.78 -58.81 -58.88 -58.91 -58.97 -59.03 -59.12 -59.19 -59.31 -59.41 -59.53 -59.66 -59.78 -59.88 -60.03 -60.16 -60.31 -60.50 -60.69 -60.91 -61.16 -61.41 -61.69 -61.97 -62.25 -62.59 -62.97 -63.41 -63.84 -64.31 -64.81
-54.97 -55.12 -55.34 -55.53 -55.75 -55.97 -56.19 -56.38 -56.56 -56.72 -56.84 -57.00 -57.16 -57.31 -57.47 -57.59 -57.75 -57.91 -58.03 -58.16 -58.25 -58.34 -58.41 -58.47 -58.50 -58.53 -58.56 -58.59 -58.59 -58.62 -58.62 -58.66 -58.69 -58.72 -58.72 -58.72 -58.75 -58.75 -58.75 -58.78 -58.81 -58.88 -58.94 -59.00 -59.09 -59.16 -59.25 -59.38 -59.47 -59.59 -59.72 -59.84 -59.97 -60.12 -60.25 -60.38 -60.53 -60.72 -60.91 -61.12 -61.38 -61.62 -61.91 -62.19 -62.53 -62.94 -63.38 -63.84 -64.38 -64.91
-55.00 -55.19 -55.34 -55.56 -55.75 -55.97 -56.16 -56.38 -56.53 -56.69 -56.84 -57.00 -57.16 -57.31 -57.44 -57.59 -57.72 -57.88 -58.00 -58.12 -58.22 -58.31 -58.38 -58.44 -58.47 -58.53 -58.53 -58.56 -58.59 -58.59 -58.62 -58.66 -58.66 -58.69 -58.72 -58.72 -58.72 -58.75 -58.75 -58.78 -58.84 -58.88 -58.97 -59.03 -59.12 -59.22 -59.31 -59.44 -59.56 -59.69 -59.81 -59.94 -60.06 -60.22 -60.34 -60.50 -60.62 -60.81 -60.97 -61.16 -61.38 -61.59 -61.88 -62.16 -62.50 -62.88 -63.34 -63.84 -64.38 -64.91
-55.09 -55.25 -55.41 -55.59 -55.78 -55.97 -56.19 -56.38 -56.53 -56.69 -56.84 -57.00 -57.16 -57.28 -57.44 -57.56 -57.72 -57.84 -57.97 -58.09 -58.19 -58.28 -58.38 -58.41 -58.47 -58.50 -58.53 -58.56 -58.59 -58.59 -58.62 -58.62 -58.66 -58.69 -58.69 -58.72 -58.72 -58.75 -58.78 -58.81 -58.84 -58.91 -58.97 -59.06 -59.16 -59.28 -59.38 -59.50 -59.62 -59.75 -59.88 -60.03 -60.16 -60.31 -60.44 -60.59 -60.75 -60.91 -61.09 -61.28 -61.50 -61.75 -62.00 -62.31 -62.62 -62.94 -63.28 -63.75 -64.28 -64.81
-55.19 -55.34 -55.50 -55.66 -55.84 -56.03 -56.22 -56.38 -56.53 -56.69 -56.84 -57.00 -57.12 -57.28 -57.44 -57.56 -57.69 -57.81 -57.94 -58.06 -58.16 -58.25 -58.31 -58.38 -58.44 -58.47 -58.53 -58.56 -58.59 -58.59 -58.62 -58.62 -58.66 -58.66 -58.69 -58.72 -58.75 -58.78 -58.78 -58.81 -58.84 -58.91 -58.97 -59.06 -59.19 -59.31 -59.44 -59.56 -59.69 -59.81 -59.94 -60.09 -60.22 -60.38 -60.53 -60.69 -60.84 -61.03 -61.22 -61.44 -61.66 -61.91 -62.22 -62.53 -62.84 -63.16 -63.44 -63.75 -64.12 -64.66
-55.28 -55.44 -55.59 -55.75 -55.91 -56.09 -56.25 -56.41 -56.56 -56.72 -56.84 -57.00 -57.12 -57.28 -57.41 -57.53 -57.66 -57.78 -57.88 -58.00 -58.09 -58.19 -58.28 -58.34 -58.41 -58.47 -58.50 -58.56 -58.59 -58.59 -58.62 -58.62 -58.66 -58.69 -58.72 -58.75 -58.78 -58.81 -58.81 -58.84 -58.88 -58.94 -59.00 -59.09 -59.19 -59.31 -59.44 -59.56 -59.72 -59.84 -60.00 -60.12 -60.28 -60.44 -60.59 -60.75 -60.94 -61.12 -61.34 -61.59 -61.84 -62.09 -62.41 -62.72 -63.06 -63.38 -63.72 -64.03 -64.34 -64.66
-55.41 -55.53 -55.69 -55.84 -56.00 -56.19 -56.34 -56.47 -56.59 -56.75 -56.88 -57.00 -57.12 -57.25 -57.38 -57.50 -57.62 -57.72 -57.84 -57.94 -58.03 -58.12 -58.22 -58.31 -58.38 -58.44 -58.50 -58.56 -58.59 -58.62 -58.62 -58.66 -58.66 -58.69 -58.72 -58.78 -58.81 -58.84 -58.88 -58.88 -58.91 -58.94 -59.00 -59.09 -59.22 -59.31 -59.44 -59.59 -59.72 -59.88 -60.03 -60.19 -60.31 -60.47 -60.66 -60.81 -61.03 -61.25 -61.47 -61.72 -62.00 -62.28 -62.56 -62.91 -63.25 -63.62 -63.97 -64.31 -64.69 -65.03
-55.50 -55.66 -55.81 -55.97 -56.12 -56.28 -56.41 -56.53 -56.66 -56.78 -56.88 -57.00 -57.12 -57.25 -57.34 -57.47 -57.56 -57.69 -57.78 -57.88 -57.97 -58.06 -58.16 -58.25 -58.34 -58.41 -58.50 -58.56 -58.62 -58.66 -58.66 -58.69 -58.72 -58.75 -58.78 -58.81 -58.84 -58.88 -58.91 -58.94 -58.94 -58.97 -59.03 -59.12 -59.22 -59.34 -59.47 -59.59 -59.75 -59.91 -60.03 -60.19 -60.38 -60.53 -60.72 -60.91 -61.12 -61.34 -61.59 -61.84 -62.12 -62.41 -62.75 -63.06 -63.44 -63.81 -64.19 -64.59 -64.97 -65.34
-55.62 -55.78 -55.94 -56.09 -56.25 -56.38 -56.50 -56.62 -56.72 -56.81 -56.91 -57.00 -57.09 -57.22 -57.31 -57.41 -57.53 -57.62 -57.69 -57.78 -57.88 -58.00 -58.09 -58.22 -58.31 -58.41 -58.50 -58.56 -58.62 -58.69 -58.72 -58.72 -58.75 -58.78 -58.84 -58.88 -58.91 -58.94 -58.97 -59.00 -59.00 -59.03 -59.09 -59.16 -59.25 -59.38 -59.50 -59.62 -59.78 -59.91 -60.06 -60.25 -60.41 -60.59 -60.81 -61.00 -61.22 -61.47 -61.72 -61.97 -62.25 -62.56 -62.88 -63.22 -63.59 -63.97 -64.38 -64.78 -65.19 -65.62
-55.72 -55.91 -56.06 -56.22 -56.38 -56.50 -56.62 -56.72 -56.78 -56.84 -56.94 -57.00 -57.09 -57.16 -57.25 -57.34 -57.44 -57.53 -57.62 -57.72 -57.81 -57.94 -58.03 -58.16 -58.28 -58.38 -58.50 -58.59 -58.66 -58.72 -58.75 -58.78 -58.81 -58.88 -58.91 -58.94 -59.00 -59.03 -59.06 -59.06 -59.09 -59.12 -59.16 -59.22 -59.31 -59.44 -59.53 -59.66 -59.81 -59.94 -60.09 -60.28 -60.47 -60.69 -60.88 -61.12 -61.34 -61.56 -61.81 -62.09 -62.38 -62.69 -63.00 -63.34 -63.72 -64.09 -64.50 -64.94 -65.38 -65.81
-55.84 -56.03 -56.19 -56.34 -56.50 -56.66 -56.75 -56.84 -56.91 -56.94 -57.00 -57.06 -57.09 -57.16 -57.22 -57.31 -57.38 -57.47 -57.56 -57.66 -57.75 -57.88 -58.00 -58.12 -58.25 -58.38 -58.50 -58.59 -58.69 -58.75 -58.81 -58.84 -58.88 -58.94 -58.97 -59.03 -59.09 -59.12 -59.12 -59.16 -59.16 -59.19 -59.25 -59.31 -59.38 -59.47 -59.59 -59.72 -59.84 -59.97 -60.16 -60.34 -60.53 -60.75 -60.97 -61.22 -61.44 -61.69 -61.94 -62.19 -62.50 -62.81 -63.12 -63.47 -63.84 -64.22 -64.62 -65.06 -65.50 -65.97
-55.97 -56.16 -56.31 -56.47 -56.62 -56.78 -56.88 -56.97 -57.03 -57.06 -57.12 -57.16 -57.19 -57.22 -57.28 -57.34 -57.38 -57.44 -57.50 -57.59 -57.72 -57.84 -58.00 -58.12 -58.28 -58.41 -58.53 -58.62 -58.72 -58.78 -58.84 -58.91 -58.94 -59.00 -59.06 -59.12 -59.16 -59.19 -59.22 -59.25 -59.25 -59.28 -59.34 -59.41 -59.47 -59.56 -59.66 -59.75 -59.88 -60.03 -60.19 -60.38 -60.59 -60.81 -61.06 -61.28 -61.53 -61.78 -62.03 -62.31 -62.59 -62.91 -63.22 -63.56 -63.94 -64.34 -64.75 -65.19 -65.62 -66.12
