everonasctiles/Tile[34,13].asc
ncols 128
nrows 128
xllcorner 0
yllcorner 0
cellsize 2.0
NODATA_value  -9999
[rows 96 to 127 of 128, columns 0 to 70 of 128]
142.00 141.97 142.00 142.03 142.12 142.22 142.25 142.31 142.34 142.34 142.62 142.75 142.78 143.03 143.09 143.16 143.28 143.44 143.47 143.62 143.72 143.81 143.97 144.06 144.19 144.28 144.38 144.50 144.59 144.72 144.81 144.91 145.03 145.12 145.22 145.38 145.47 145.59 145.78 145.91 146.09 146.28 146.47 146.75 146.91 147.19 147.41 147.75 147.97 148.28 148.59 148.94 149.34 149.75 150.19 150.62 151.16 151.66 152.16 152.72 153.31 153.88 154.47 155.03 155.53 156.06 156.56 157.06 157.59 158.12 158.53
141.59 141.59 141.62 141.72 141.81 141.81 142.00 142.06 142.00 142.16 142.38 142.47 142.56 142.72 142.78 142.88 143.00 143.12 143.16 143.28 143.41 143.47 143.62 143.72 143.81 143.94 144.03 144.12 144.25 144.34 144.44 144.53 144.66 144.75 144.84 144.91 145.06 145.25 145.38 145.53 145.69 145.88 146.06 146.28 146.47 146.78 147.03 147.28 147.50 147.81 148.12 148.47 148.84 149.25 149.62 150.12 150.56 151.03 151.50 152.06 152.59 153.09 153.62 154.12 154.62 155.12 155.62 156.19 156.72 157.22 157.75
141.19 141.22 141.28 141.38 141.44 141.50 141.69 141.66 141.69 141.97 142.03 142.16 142.31 142.41 142.44 142.56 142.66 142.75 142.84 142.97 143.06 143.16 143.28 143.38 143.47 143.59 143.66 143.78 143.88 143.97 144.06 144.19 144.28 144.41 144.41 144.56 144.72 144.84 145.00 145.12 145.28 145.47 145.66 145.84 146.06 146.31 146.56 146.84 147.09 147.34 147.66 148.00 148.38 148.75 149.16 149.59 150.03 150.44 150.94 151.41 151.91 152.38 152.84 153.31 153.78 154.28 154.78 155.38 155.94 156.50 157.19
140.81 140.81 140.97 141.00 141.09 141.25 141.31 141.44 141.50 141.66 141.75 141.94 142.06 142.03 142.16 142.28 142.31 142.44 142.50 142.66 142.72 142.84 142.94 143.03 143.12 143.22 143.31 143.44 143.53 143.62 143.72 143.81 143.91 144.00 144.06 144.19 144.34 144.47 144.56 144.75 144.91 145.06 145.25 145.56 145.66 145.88 146.12 146.41 146.75 146.91 147.22 147.59 147.94 148.25 148.69 149.06 149.47 149.91 150.34 150.78 151.22 151.69 152.09 152.59 153.03 153.53 154.03 154.56 155.25 156.03 156.69
140.41 140.47 140.59 140.66 140.78 140.94 141.06 141.00 141.28 141.31 141.53 141.66 141.72 141.69 141.88 141.94 142.00 142.09 142.16 142.31 142.38 142.50 142.59 142.69 142.78 142.88 142.97 143.06 143.16 143.25 143.34 143.44 143.53 143.66 143.69 143.81 143.97 144.09 144.22 144.41 144.47 144.69 144.88 145.06 145.28 145.50 145.81 146.06 146.25 146.56 146.84 147.12 147.50 147.84 148.22 148.59 148.94 149.38 149.78 150.19 150.62 151.00 151.47 151.91 152.34 152.81 153.34 154.00 154.78 155.56 156.22
140.03 140.09 140.25 140.34 140.50 140.62 140.72 140.75 140.97 141.12 141.19 141.31 141.34 141.44 141.53 141.56 141.66 141.75 141.84 141.97 142.03 142.16 142.25 142.34 142.41 142.53 142.62 142.72 142.81 142.91 143.00 143.09 143.19 143.28 143.31 143.47 143.59 143.72 143.84 144.00 144.12 144.31 144.62 144.69 144.88 145.09 145.34 145.59 145.94 146.16 146.38 146.75 147.06 147.41 147.75 148.09 148.50 148.88 149.25 149.66 150.00 150.41 150.84 151.25 151.72 152.19 152.75 153.50 154.28 155.03 155.69
139.62 139.75 139.88 140.06 140.22 140.28 140.38 140.47 140.69 140.81 140.91 140.94 141.09 141.06 141.19 141.19 141.34 141.41 141.50 141.59 141.72 141.81 141.91 142.00 142.09 142.19 142.28 142.38 142.47 142.59 142.66 142.75 142.84 142.88 143.00 143.12 143.28 143.34 143.47 143.62 143.81 143.94 144.12 144.31 144.50 144.69 144.94 145.31 145.44 145.81 145.97 146.34 146.66 146.97 147.31 147.66 148.00 148.38 148.75 149.12 149.47 149.84 150.25 150.69 151.12 151.56 152.25 152.94 153.69 154.44 155.06
139.34 139.41 139.56 139.84 139.81 140.03 140.12 140.28 140.34 140.53 140.53 140.66 140.72 140.72 140.84 140.88 140.97 141.03 141.16 141.28 141.34 141.47 141.56 141.66 141.75 141.84 141.94 142.03 142.12 142.22 142.31 142.41 142.50 142.53 142.62 142.78 142.91 143.00 143.12 143.28 143.44 143.56 143.78 143.94 144.12 144.31 144.56 144.81 145.12 145.31 145.62 145.94 146.31 146.56 146.88 147.22 147.56 147.88 148.22 148.59 148.94 149.31 149.69 150.12 150.47 151.06 151.66 152.31 153.03 153.75 154.31
138.94 139.16 139.28 139.50 139.47 139.72 139.81 139.88 140.06 140.19 140.19 140.31 140.31 140.41 140.47 140.50 140.62 140.72 140.78 140.91 140.97 141.09 141.22 141.28 141.41 141.50 141.59 141.69 141.78 141.88 141.97 142.09 142.12 142.16 142.31 142.44 142.53 142.66 142.81 142.94 143.09 143.22 143.59 143.59 143.75 143.97 144.19 144.50 144.72 144.94 145.31 145.62 145.91 146.16 146.47 146.78 147.09 147.41 147.75 148.09 148.44 148.81 149.19 149.50 149.97 150.50 151.06 151.69 152.34 152.91 153.44
138.66 138.81 139.09 139.19 139.19 139.44 139.41 139.59 139.72 139.84 139.91 139.91 139.97 140.03 140.09 140.16 140.25 140.34 140.47 140.53 140.66 140.75 140.84 140.94 141.03 141.16 141.25 141.34 141.47 141.53 141.62 141.72 141.81 141.81 141.97 142.25 142.19 142.34 142.44 142.56 142.91 142.88 143.22 143.19 143.44 143.59 143.88 144.09 144.28 144.62 144.88 145.16 145.44 145.75 146.06 146.34 146.69 147.00 147.28 147.62 147.97 148.31 148.59 149.03 149.47 149.91 150.44 151.00 151.53 152.03 152.47
138.41 138.62 138.78 138.78 139.00 139.00 139.12 139.31 139.41 139.47 139.50 139.53 139.62 139.66 139.72 139.78 139.88 139.97 140.06 140.19 140.31 140.38 140.50 140.62 140.69 140.81 140.94 141.03 141.12 141.22 141.28 141.34 141.44 141.50 141.66 141.78 141.84 142.00 142.09 142.22 142.44 142.53 142.72 143.06 143.06 143.31 143.50 143.72 144.03 144.25 144.50 144.78 145.06 145.34 145.62 145.97 146.25 146.53 146.84 147.16 147.47 147.78 148.09 148.53 148.94 149.38 149.81 150.28 150.72 151.16 151.56
138.19 138.38 138.53 138.50 138.72 138.62 138.88 138.97 138.97 139.12 139.12 139.19 139.25 139.31 139.31 139.44 139.53 139.56 139.69 139.84 139.91 140.03 140.12 140.28 140.34 140.47 140.59 140.69 140.78 140.88 140.94 141.00 141.03 141.12 141.22 141.38 141.50 141.62 141.75 141.94 142.06 142.16 142.38 142.56 142.78 142.97 143.12 143.41 143.66 143.91 144.16 144.38 144.66 145.00 145.22 145.50 145.81 146.12 146.41 146.75 147.00 147.28 147.62 148.03 148.41 148.78 149.19 149.59 149.97 150.38 150.69
137.97 138.12 138.16 138.25 138.25 138.44 138.50 138.56 138.66 138.75 138.72 138.78 138.84 138.88 138.94 139.06 139.12 139.19 139.34 139.47 139.59 139.62 139.81 139.94 139.97 140.16 140.22 140.34 140.44 140.47 140.47 140.47 140.50 140.59 140.72 140.88 141.09 141.28 141.44 141.59 141.72 141.88 142.06 142.22 142.44 142.62 142.81 143.06 143.31 143.50 143.88 144.00 144.25 144.53 144.81 145.12 145.41 145.66 146.00 146.25 146.50 146.81 147.19 147.53 147.88 148.22 148.59 148.97 149.31 149.66 149.94
137.75 137.88 137.84 137.94 137.91 138.09 138.12 138.22 138.31 138.34 138.31 138.41 138.47 138.47 138.59 138.66 138.72 138.84 139.00 139.09 139.19 139.31 139.44 139.56 139.66 139.81 139.88 139.97 140.03 140.00 139.97 139.97 140.03 140.12 140.25 140.41 140.62 140.84 141.06 141.25 141.41 141.56 141.72 141.94 142.09 142.28 142.50 142.72 142.91 143.19 143.41 143.62 143.88 144.22 144.41 144.69 144.97 145.25 145.53 145.78 146.03 146.41 146.72 147.03 147.38 147.69 148.03 148.38 148.72 149.03 149.31
137.50 137.56 137.56 137.59 137.59 137.72 137.78 137.88 137.94 137.94 137.94 138.06 138.09 138.12 138.19 138.22 138.34 138.50 138.59 138.75 138.84 138.94 139.09 139.16 139.34 139.47 139.53 139.62 139.62 139.53 139.53 139.56 139.62 139.75 139.88 140.00 140.19 140.41 140.66 140.88 141.06 141.25 141.41 141.59 141.78 142.09 142.19 142.34 142.59 142.81 143.00 143.25 143.50 143.75 144.00 144.22 144.53 144.78 145.03 145.38 145.62 145.94 146.22 146.53 146.88 147.19 147.50 147.84 148.16 148.47 148.75
137.22 137.31 137.28 137.28 137.31 137.28 137.41 137.50 137.56 137.50 137.59 137.62 137.69 137.72 137.75 137.84 138.00 138.16 138.22 138.38 138.50 138.59 138.72 138.84 139.00 139.09 139.19 139.28 139.19 139.12 139.16 139.22 139.31 139.41 139.53 139.66 139.81 140.00 140.22 140.47 140.69 140.91 141.06 141.25 141.44 141.62 141.84 142.03 142.22 142.41 142.62 142.91 143.09 143.34 143.59 143.84 144.09 144.34 144.69 144.91 145.19 145.47 145.75 146.09 146.41 146.72 147.00 147.34 147.66 147.97 148.25
136.97 137.03 136.94 137.00 136.88 136.97 137.06 137.12 137.09 137.12 137.19 137.25 137.31 137.31 137.31 137.53 137.59 137.75 137.91 138.00 138.16 138.22 138.34 138.53 138.66 138.72 138.88 138.94 138.81 138.81 138.84 138.94 139.03 139.12 139.25 139.38 139.50 139.66 139.84 140.06 140.28 140.50 140.72 140.94 141.12 141.31 141.44 141.66 141.88 142.03 142.28 142.47 142.69 142.94 143.19 143.41 143.62 143.97 144.19 144.47 144.72 145.03 145.34 145.62 145.94 146.25 146.56 146.88 147.22 147.47 147.78
136.72 136.72 136.69 136.62 136.59 136.56 136.69 136.78 136.75 136.78 136.78 136.88 136.94 136.94 136.94 137.19 137.25 137.41 137.50 137.62 137.75 137.84 138.00 138.19 138.28 138.38 138.53 138.59 138.53 138.56 138.62 138.69 138.78 138.88 139.00 139.09 139.22 139.34 139.50 139.69 139.91 140.12 140.34 140.56 140.75 140.94 141.09 141.31 141.47 141.72 141.88 142.09 142.34 142.53 142.75 143.00 143.22 143.50 143.72 144.00 144.31 144.59 144.91 145.19 145.50 145.78 146.12 146.44 146.75 147.00 147.41
136.41 136.41 136.34 136.25 136.19 136.22 136.28 136.38 136.34 136.41 136.44 136.50 136.56 136.50 136.62 136.81 136.94 137.03 137.16 137.28 137.41 137.53 137.66 137.78 137.91 138.06 138.19 138.22 138.38 138.44 138.47 138.53 138.59 138.69 138.78 138.84 138.94 139.06 139.19 139.34 139.53 139.75 139.97 140.19 140.41 140.59 140.78 140.94 141.16 141.31 141.53 141.72 142.06 142.12 142.47 142.56 142.84 143.06 143.31 143.56 143.88 144.16 144.47 144.75 145.06 145.34 145.72 145.94 146.25 146.66 146.97
136.09 136.09 136.00 135.91 135.94 135.88 135.88 135.97 135.94 136.06 136.03 136.09 136.16 136.16 136.31 136.44 136.56 136.69 136.81 136.97 137.06 137.22 137.31 137.44 137.56 137.72 137.78 137.91 138.34 138.38 138.41 138.44 138.47 138.53 138.59 138.66 138.72 138.81 138.91 139.06 139.22 139.41 139.62 139.84 140.03 140.25 140.44 140.59 140.78 140.97 141.12 141.34 141.53 141.75 141.97 142.19 142.38 142.66 142.88 143.19 143.44 143.72 144.03 144.31 144.62 144.97 145.22 145.50 145.91 146.25 146.62
135.75 135.72 135.62 135.53 135.53 135.44 135.56 135.62 135.59 135.66 135.66 135.72 135.75 135.88 135.94 136.12 136.19 136.38 136.47 136.59 136.72 136.88 136.97 137.12 137.19 137.34 137.41 137.62 138.22 138.38 138.38 138.41 138.41 138.44 138.47 138.50 138.56 138.62 138.69 138.81 138.94 139.09 139.31 139.50 139.69 139.91 140.09 140.25 140.44 140.59 140.78 140.97 141.16 141.34 141.56 141.78 142.00 142.25 142.47 142.75 143.03 143.31 143.62 143.97 144.22 144.59 144.78 145.16 145.50 145.88 146.25
135.41 135.34 135.31 135.22 135.12 135.12 135.22 135.22 135.22 135.31 135.34 135.34 135.41 135.56 135.59 135.81 135.91 136.03 136.12 136.25 136.38 136.50 136.62 136.72 136.84 137.00 137.09 137.38 138.00 138.28 138.38 138.38 138.38 138.41 138.41 138.44 138.44 138.47 138.53 138.59 138.72 138.84 139.00 139.19 139.38 139.56 139.75 139.91 140.09 140.25 140.41 140.59 140.78 140.97 141.19 141.41 141.62 141.84 142.09 142.38 142.62 142.91 143.22 143.50 143.91 144.06 144.44 144.84 145.09 145.50 145.84
135.06 135.03 134.91 134.88 134.75 134.75 134.88 134.88 134.88 134.97 134.97 135.00 135.09 135.19 135.34 135.50 135.56 135.69 135.81 135.94 136.09 136.16 136.28 136.44 136.53 136.66 136.81 137.16 137.66 138.09 138.31 138.38 138.38 138.38 138.38 138.41 138.41 138.41 138.44 138.47 138.53 138.62 138.78 138.94 139.09 139.28 139.44 139.59 139.75 139.91 140.06 140.22 140.41 140.59 140.78 141.00 141.22 141.44 141.69 141.97 142.25 142.53 142.84 143.19 143.47 143.69 144.12 144.34 144.75 145.09 145.50
134.78 134.66 134.59 134.53 134.34 134.47 134.50 134.53 134.53 134.66 134.56 134.78 134.72 134.94 135.09 135.16 135.28 135.38 135.50 135.62 135.78 135.84 135.97 136.09 136.25 136.34 136.53 136.84 137.31 137.78 138.12 138.28 138.34 138.38 138.38 138.38 138.41 138.41 138.41 138.41 138.44 138.50 138.56 138.69 138.84 139.00 139.12 139.28 139.44 139.56 139.72 139.84 140.00 140.19 140.34 140.53 140.75 140.97 141.22 141.50 141.81 142.16 142.47 142.81 142.97 143.41 143.62 144.06 144.38 144.81 145.22
134.47 134.34 134.28 134.22 134.06 134.03 134.22 134.19 134.22 134.31 134.28 134.41 134.47 134.66 134.75 134.88 134.97 135.09 135.22 135.31 135.44 135.59 135.62 135.81 135.91 136.03 136.22 136.50 136.91 137.34 137.78 138.09 138.28 138.34 138.38 138.38 138.38 138.38 138.41 138.41 138.41 138.41 138.44 138.50 138.62 138.72 138.88 139.00 139.12 139.25 139.34 139.47 139.34 138.72 138.56 138.84 139.84 140.38 140.66 140.97 141.31 141.69 142.06 142.38 142.69 142.97 143.41 143.66 144.09 144.47 144.81
134.12 134.09 133.91 133.94 133.75 133.75 133.88 133.88 133.91 133.94 134.09 134.00 134.25 134.38 134.44 134.62 134.69 134.84 134.88 135.06 135.16 135.28 135.38 135.53 135.59 135.78 135.91 136.12 136.44 136.84 137.28 137.69 137.97 138.16 138.28 138.34 138.38 138.38 138.38 138.38 138.38 138.38 138.38 138.41 138.44 138.53 138.62 138.72 138.81 138.94 138.84 138.28 138.03 138.03 138.03 138.03 138.31 139.72 139.97 140.31 140.69 141.12 141.56 142.00 142.38 142.66 142.97 143.34 143.72 144.06 144.44
133.81 133.75 133.69 133.56 133.44 133.44 133.56 133.56 133.53 133.72 133.72 133.75 134.03 134.09 134.19 134.31 134.44 134.53 134.66 134.78 134.88 134.97 135.16 135.25 135.38 135.47 135.62 135.81 136.03 136.31 136.66 137.03 137.38 137.69 137.94 138.19 138.34 138.38 138.38 138.38 138.38 138.38 138.38 138.38 138.34 138.34 138.41 138.47 138.56 138.44 138.06 138.03 138.03 138.03 138.03 138.03 138.03 138.91 139.22 139.56 140.00 140.50 141.03 141.53 142.00 142.34 142.69 143.03 143.38 143.75 144.22
133.50 133.44 133.34 133.28 133.16 133.19 133.22 133.22 133.31 133.41 133.44 133.59 133.75 133.81 133.94 134.03 134.16 134.28 134.38 134.53 134.59 134.75 134.91 135.00 135.09 135.25 135.38 135.50 135.69 135.88 136.09 136.38 136.66 136.97 137.28 137.69 138.16 138.34 138.38 138.38 138.38 138.38 138.38 138.38 138.31 138.28 138.25 138.28 138.31 138.06 138.03 138.03 138.03 138.03 138.03 138.03 138.03 138.25 138.50 138.84 139.28 139.81 140.44 141.03 141.56 142.00 142.38 142.72 143.03 143.47 143.88
133.16 133.12 133.03 133.00 132.88 132.94 132.88 132.91 133.06 133.19 133.09 133.38 133.50 133.59 133.62 133.78 133.91 133.97 134.16 134.25 134.34 134.53 134.62 134.69 134.91 135.06 135.12 135.25 135.41 135.56 135.72 135.91 136.12 136.34 136.62 137.00 137.75 138.22 138.38 138.38 138.38 138.38 138.38 138.38 138.34 138.31 138.22 138.16 138.12 138.03 138.03 138.03 138.03 138.03 138.03 138.03 138.03 138.06 138.12 138.28 138.62 139.16 139.81 140.47 141.09 141.62 142.09 142.50 142.91 143.19 143.62
132.84 132.78 132.78 132.69 132.56 132.69 132.59 132.72 132.81 132.81 132.94 133.09 133.25 133.31 133.44 133.53 133.62 133.81 133.94 134.00 134.19 134.28 134.38 134.59 134.69 134.84 134.84 135.06 135.22 135.31 135.47 135.62 135.78 135.94 136.16 136.50 137.22 137.97 138.31 138.38 138.38 138.38 138.38 138.38 138.38 138.34 138.28 138.19 138.06 138.03 138.03 138.03 138.03 138.03 138.03 138.03 138.03 138.03 138.03 138.06 138.22 138.62 139.25 139.97 140.66 141.25 141.78 142.22 142.53 142.91 143.28
132.56 132.47 132.50 132.34 132.31 132.38 132.31 132.38 132.56 132.50 132.75 132.88 133.00 133.03 133.16 133.28 133.47 133.56 133.69 133.78 133.94 134.09 134.19 134.34 134.50 134.53 134.72 134.94 134.97 135.12 135.31 135.44 135.56 135.66 135.84 136.16 136.69 137.50 138.06 138.31 138.38 138.38 138.38 138.38 138.38 138.38 138.34 138.25 138.16 138.03 138.03 138.03 138.03 138.03 138.03 138.03 138.03 138.03 138.03 138.03 138.06 138.28 138.81 139.50 140.22 140.88 141.44 141.88 142.25 142.66 143.09
132.22 132.22 132.22 132.12 131.97 132.16 132.12 132.06 132.28 132.38 132.53 132.66 132.69 132.78 132.94 133.12 133.22 133.34 133.41 133.62 133.75 133.84 134.03 134.16 134.25 134.38 134.62 134.66 134.81 135.00 135.12 135.25 135.34 135.47 135.62 135.84 136.22 136.88 137.62 138.09 138.31 138.38 138.38 138.38 138.38 138.38 138.38 138.34 138.28 138.06 138.03 138.03 138.03 138.03 138.03 138.03 138.03 138.03 138.03 138.03 138.03 138.12 138.47 139.09 139.84 140.53 141.12 141.59 142.00 142.38 142.75
