everonasctiles/Tile[9,24].asc
ncols 128
nrows 128
xllcorner 0
yllcorner 0
cellsize 2.0
NODATA_value  -9999
[rows 68 to 101 of 128, columns 0 to 76 of 128]
55.19 55.34 55.56 55.75 55.97 56.16 56.31 56.44 56.47 56.69 56.78 56.81 57.00 57.09 57.25 57.34 57.50 57.66 57.78 57.94 58.09 58.25 58.44 58.59 58.75 58.91 59.03 59.16 59.31 59.47 59.62 59.78 59.91 60.06 60.25 60.41 60.59 60.75 60.91 61.06 61.22 61.25 61.06 61.00 60.94 60.84 60.78 60.72 60.59 60.88 62.16 62.56 62.72 62.88 63.06 63.28 63.50 63.78 64.06 64.47 64.81 65.16 65.47 65.75 66.00 66.22 66.44 66.56 66.78 66.91 67.06 67.19 67.38 67.53 67.66 67.81 67.94
55.44 55.56 55.81 56.03 56.25 56.44 56.59 56.78 56.94 57.03 57.09 57.16 57.25 57.38 57.47 57.59 57.72 57.84 58.00 58.12 58.25 58.41 58.59 58.75 58.91 59.06 59.22 59.38 59.50 59.66 59.78 59.94 60.09 60.25 60.41 60.53 60.75 60.94 61.09 61.25 61.44 61.41 61.28 61.22 61.12 61.06 61.00 60.91 60.84 61.59 62.66 62.84 63.00 63.16 63.38 63.56 63.84 64.12 64.47 64.88 65.25 65.56 65.84 66.12 66.34 66.59 66.78 66.94 67.09 67.22 67.38 67.50 67.62 67.81 67.94 68.16 68.28
55.75 55.88 56.06 56.25 56.47 56.69 56.91 57.06 57.22 57.34 57.41 57.44 57.50 57.59 57.69 57.81 57.91 58.06 58.19 58.31 58.47 58.59 58.69 58.91 59.06 59.22 59.38 59.56 59.72 59.84 59.97 60.16 60.31 60.44 60.59 60.78 60.88 61.12 61.28 61.44 61.62 61.56 61.50 61.44 61.34 61.28 61.19 61.12 61.19 62.28 62.97 63.16 63.28 63.47 63.69 63.91 64.16 64.53 64.88 65.25 65.62 65.94 66.22 66.47 66.72 66.94 67.12 67.31 67.44 67.56 67.69 67.78 67.91 68.09 68.28 68.47 68.62
56.03 56.19 56.34 56.53 56.72 56.94 57.16 57.34 57.47 57.62 57.69 57.66 57.75 57.75 57.88 58.03 58.16 58.25 58.41 58.50 58.62 58.78 58.94 59.03 59.22 59.41 59.56 59.75 59.94 60.06 60.22 60.34 60.50 60.66 60.78 60.91 61.09 61.28 61.47 61.66 61.81 61.75 61.69 61.62 61.56 61.47 61.41 61.34 61.72 62.91 63.22 63.44 63.59 63.78 63.97 64.25 64.47 64.88 65.25 65.62 66.00 66.34 66.62 66.81 67.06 67.28 67.44 67.62 67.78 67.84 68.00 68.09 68.22 68.41 68.53 68.75 68.91
56.34 56.50 56.66 56.81 57.00 57.16 57.38 57.56 57.75 57.88 57.94 58.00 58.00 58.00 58.12 58.22 58.34 58.47 58.59 58.72 58.84 58.94 59.12 59.22 59.44 59.59 59.78 59.94 60.12 60.31 60.47 60.62 60.69 60.84 61.00 61.16 61.28 61.44 61.66 61.84 62.03 61.97 61.91 61.84 61.78 61.72 61.62 61.56 62.38 63.38 63.53 63.72 63.91 64.12 64.34 64.59 64.88 65.25 65.62 65.97 66.34 66.69 66.94 67.19 67.34 67.56 67.78 67.94 68.09 68.19 68.28 68.38 68.53 68.69 68.88 69.03 69.19
56.72 56.81 56.84 57.09 57.31 57.31 57.66 57.84 58.00 58.12 58.19 58.22 58.22 58.28 58.31 58.47 58.56 58.72 58.81 58.91 59.06 59.19 59.28 59.50 59.66 59.81 59.97 60.16 60.34 60.53 60.69 60.84 60.94 61.09 61.25 61.38 61.53 61.69 61.84 62.09 62.25 62.19 62.12 62.06 62.00 61.91 61.84 61.91 63.03 63.66 63.84 64.03 64.22 64.44 64.72 64.97 65.16 65.59 65.97 66.34 66.69 66.97 67.25 67.50 67.69 67.91 68.09 68.25 68.41 68.50 68.59 68.69 68.81 68.97 69.16 69.31 69.50
56.94 57.12 57.25 57.25 57.56 57.75 57.94 58.12 58.28 58.38 58.44 58.47 58.50 58.53 58.53 58.69 58.78 58.94 59.06 59.16 59.25 59.41 59.53 59.72 59.88 60.03 60.19 60.38 60.56 60.75 60.91 61.06 61.19 61.28 61.47 61.59 61.75 61.88 62.03 62.38 62.47 62.41 62.34 62.28 62.22 62.12 62.06 62.41 63.59 63.94 64.16 64.34 64.56 64.78 65.03 65.38 65.66 65.91 66.34 66.69 67.00 67.28 67.56 67.78 68.00 68.22 68.34 68.56 68.66 68.81 68.88 69.00 69.12 69.25 69.44 69.59 69.78
57.22 57.41 57.53 57.59 57.81 58.03 58.06 58.38 58.50 58.62 58.66 58.75 58.72 58.78 58.78 58.94 59.06 59.16 59.28 59.41 59.50 59.66 59.81 59.94 60.09 60.25 60.41 60.59 60.78 60.97 61.12 61.28 61.44 61.56 61.69 61.81 61.97 62.06 62.28 62.66 62.69 62.62 62.56 62.50 62.41 62.34 62.28 63.00 64.03 64.22 64.44 64.66 64.88 65.16 65.44 65.75 66.06 66.31 66.66 66.97 67.31 67.59 67.84 68.06 68.28 68.50 68.66 68.84 68.97 69.09 69.19 69.28 69.41 69.56 69.69 69.91 70.09
57.62 57.69 57.81 57.91 58.06 58.31 58.50 58.62 58.78 58.91 59.00 59.03 59.03 58.97 59.09 59.16 59.28 59.41 59.50 59.62 59.81 59.94 60.03 60.22 60.38 60.53 60.69 60.84 60.94 61.19 61.34 61.50 61.66 61.78 61.91 62.00 62.16 62.28 62.56 62.94 62.91 62.84 62.78 62.72 62.62 62.56 62.59 63.59 64.31 64.50 64.72 64.97 65.22 65.53 65.84 66.16 66.47 66.78 67.06 67.28 67.59 67.84 68.12 68.31 68.56 68.75 68.94 69.09 69.25 69.34 69.50 69.59 69.69 69.84 70.03 70.12 70.38
57.81 57.94 58.09 58.22 58.41 58.56 58.78 58.94 59.06 59.19 59.28 59.25 59.25 59.28 59.38 59.38 59.50 59.66 59.78 59.91 60.06 60.22 60.38 60.50 60.66 60.81 60.97 61.09 61.28 61.41 61.56 61.75 61.88 62.00 62.12 62.25 62.31 62.50 62.94 63.19 63.12 63.06 63.00 62.91 62.84 62.78 63.03 64.19 64.59 64.78 65.03 65.28 65.56 65.88 66.19 66.53 66.88 67.16 67.41 67.69 67.91 68.16 68.38 68.59 68.75 69.00 69.16 69.34 69.50 69.62 69.78 69.88 70.00 70.16 70.31 70.44 70.66
58.16 58.22 58.31 58.53 58.69 58.88 59.06 59.25 59.28 59.50 59.56 59.56 59.59 59.62 59.59 59.69 59.78 59.91 60.03 60.19 60.31 60.47 60.66 60.78 60.94 61.09 61.12 61.38 61.53 61.59 61.81 61.97 62.09 62.22 62.34 62.47 62.53 62.75 63.28 63.41 63.34 63.28 63.19 63.12 63.06 63.00 63.59 64.66 64.88 65.06 65.31 65.53 65.88 66.22 66.53 66.91 67.22 67.50 67.75 67.94 68.22 68.44 68.66 68.88 69.06 69.25 69.41 69.56 69.72 69.88 70.03 70.16 70.28 70.41 70.56 70.75 70.94
58.50 58.53 58.59 58.72 59.06 59.22 59.38 59.56 59.72 59.81 59.84 59.84 59.91 59.84 59.91 59.94 60.06 60.12 60.25 60.47 60.62 60.66 60.94 61.06 61.12 61.34 61.47 61.62 61.75 61.91 62.03 62.19 62.31 62.38 62.56 62.66 62.75 63.12 63.62 63.62 63.56 63.50 63.41 63.34 63.28 63.28 64.16 65.00 65.22 65.41 65.66 65.88 66.19 66.53 66.91 67.25 67.59 67.84 68.09 68.31 68.53 68.75 68.91 69.12 69.31 69.47 69.62 69.78 69.94 70.09 70.25 70.41 70.56 70.69 70.84 71.03 71.19
58.84 58.84 59.03 59.19 59.38 59.56 59.72 59.91 60.03 60.09 60.12 60.09 60.09 60.16 60.19 60.22 60.31 60.41 60.50 60.72 60.91 61.03 61.19 61.31 61.41 61.59 61.72 61.81 62.00 62.12 62.25 62.41 62.53 62.66 62.75 62.88 63.00 63.53 63.91 63.84 63.78 63.69 63.62 63.56 63.50 63.69 64.81 65.31 65.53 65.75 65.97 66.19 66.50 66.88 67.22 67.59 67.94 68.19 68.44 68.59 68.81 69.03 69.22 69.38 69.53 69.66 69.81 69.97 70.12 70.28 70.47 70.62 70.78 70.94 71.09 71.25 71.44
59.12 59.19 59.41 59.44 59.59 59.88 60.03 60.19 60.28 60.38 60.41 60.41 60.41 60.44 60.44 60.50 60.53 60.72 60.75 60.97 61.16 61.28 61.38 61.50 61.69 61.84 61.97 62.06 62.22 62.34 62.47 62.59 62.72 62.84 62.94 63.09 63.28 63.91 64.12 64.06 64.00 63.91 63.84 63.78 63.72 64.25 65.34 65.66 65.88 66.06 66.25 66.50 66.75 67.19 67.53 67.94 68.25 68.50 68.72 68.91 69.09 69.28 69.44 69.59 69.75 69.88 70.00 70.16 70.31 70.47 70.66 70.81 71.00 71.16 71.28 71.47 71.62
59.41 59.56 59.72 59.81 59.94 60.12 60.31 60.44 60.53 60.62 60.66 60.62 60.66 60.69 60.72 60.78 60.88 61.00 61.12 61.19 61.41 61.56 61.69 61.81 61.88 62.03 62.19 62.28 62.44 62.56 62.69 62.81 62.94 63.03 63.12 63.28 63.66 64.28 64.34 64.28 64.19 64.12 64.06 64.00 63.97 64.84 65.72 65.94 66.19 66.41 66.62 66.88 67.09 67.50 67.88 68.22 68.56 68.81 69.03 69.19 69.31 69.50 69.69 69.81 69.97 70.06 70.19 70.31 70.47 70.66 70.84 71.00 71.19 71.34 71.50 71.66 71.81
59.72 59.84 60.00 60.09 60.16 60.38 60.53 60.69 60.78 60.84 60.88 60.91 60.91 60.94 60.94 61.03 61.16 61.31 61.41 61.53 61.56 61.78 61.94 62.03 62.09 62.28 62.38 62.50 62.62 62.75 62.91 63.03 63.12 63.25 63.34 63.50 64.09 64.59 64.56 64.50 64.41 64.34 64.28 64.22 64.38 65.47 66.00 66.19 66.47 66.69 66.94 67.16 67.50 67.81 68.19 68.53 68.81 69.09 69.31 69.47 69.62 69.78 69.84 70.03 70.16 70.25 70.38 70.50 70.66 70.81 71.00 71.19 71.34 71.53 71.69 71.84 72.00
59.97 60.09 60.22 60.34 60.47 60.56 60.72 60.88 61.00 61.06 61.12 61.16 61.19 61.16 61.25 61.38 61.44 61.59 61.69 61.78 61.84 62.00 62.16 62.28 62.38 62.41 62.59 62.69 62.84 62.97 63.09 63.25 63.31 63.44 63.56 63.75 64.53 64.84 64.78 64.69 64.62 64.56 64.50 64.44 64.88 65.97 66.25 66.47 66.72 66.94 67.25 67.50 67.84 68.16 68.47 68.81 69.09 69.34 69.56 69.75 69.88 70.00 70.12 70.22 70.34 70.47 70.56 70.69 70.81 71.00 71.16 71.31 71.53 71.69 71.88 72.03 72.16
60.25 60.38 60.47 60.56 60.69 60.78 60.97 61.06 61.22 61.31 61.38 61.38 61.47 61.47 61.62 61.69 61.78 61.84 61.97 62.06 62.16 62.28 62.34 62.50 62.59 62.72 62.75 62.94 63.06 63.19 63.31 63.38 63.56 63.66 63.78 64.16 64.94 65.06 65.00 64.91 64.84 64.78 64.72 64.66 65.41 66.25 66.47 66.72 66.91 67.22 67.53 67.84 68.12 68.47 68.75 69.06 69.31 69.59 69.81 70.00 70.16 70.25 70.34 70.44 70.56 70.66 70.78 70.88 71.00 71.19 71.34 71.53 71.72 71.88 72.06 72.19 72.38
60.50 60.59 60.69 60.81 60.91 61.03 61.16 61.31 61.41 61.53 61.62 61.72 61.78 61.75 61.94 61.97 62.06 62.12 62.22 62.28 62.44 62.53 62.56 62.69 62.84 62.94 63.00 63.16 63.25 63.41 63.53 63.66 63.72 63.88 64.03 64.62 65.31 65.28 65.19 65.12 65.06 65.00 64.94 65.00 65.94 66.47 66.69 66.91 67.16 67.41 67.72 68.09 68.41 68.72 69.00 69.28 69.56 69.81 70.00 70.25 70.41 70.53 70.62 70.69 70.78 70.88 71.00 71.12 71.25 71.38 71.56 71.72 71.91 72.06 72.25 72.41 72.56
60.78 60.88 60.91 61.09 61.22 61.25 61.41 61.53 61.66 61.78 61.88 62.03 62.06 62.19 62.28 62.34 62.31 62.44 62.53 62.56 62.66 62.78 62.88 62.97 63.06 63.16 63.28 63.34 63.50 63.62 63.72 63.88 64.00 64.12 64.28 65.12 65.56 65.47 65.41 65.34 65.28 65.22 65.16 65.44 66.38 66.69 66.91 67.12 67.38 67.66 67.97 68.31 68.62 68.91 69.22 69.44 69.78 70.03 70.25 70.44 70.62 70.75 70.84 70.97 71.03 71.09 71.22 71.34 71.47 71.62 71.75 71.94 72.12 72.28 72.47 72.62 72.78
61.00 61.16 61.25 61.38 61.53 61.62 61.66 61.75 61.84 62.00 62.16 62.31 62.44 62.53 62.62 62.59 62.62 62.75 62.81 62.88 62.94 63.06 63.09 63.22 63.31 63.41 63.50 63.62 63.72 63.84 63.97 64.06 64.22 64.34 64.72 65.59 65.78 65.69 65.62 65.56 65.50 65.44 65.38 65.94 66.69 66.84 67.09 67.31 67.56 67.84 68.16 68.50 68.81 69.09 69.41 69.69 69.91 70.22 70.44 70.66 70.84 71.00 71.12 71.22 71.28 71.34 71.44 71.59 71.72 71.84 72.00 72.16 72.34 72.50 72.69 72.84 73.03
61.34 61.44 61.59 61.62 61.75 61.97 62.03 62.09 62.22 62.34 62.38 62.62 62.78 62.88 62.97 62.97 62.97 63.06 63.06 63.16 63.22 63.34 63.44 63.47 63.59 63.69 63.75 63.88 63.97 64.09 64.19 64.31 64.47 64.59 65.22 66.00 65.97 65.91 65.84 65.78 65.72 65.66 65.66 66.38 66.91 67.12 67.28 67.53 67.78 68.03 68.28 68.66 68.94 69.25 69.56 69.81 70.09 70.38 70.62 70.88 71.09 71.25 71.38 71.47 71.56 71.62 71.72 71.81 71.94 72.09 72.25 72.38 72.53 72.72 72.91 73.09 73.28
61.62 61.72 61.94 62.09 62.25 62.38 62.44 62.44 62.56 62.62 62.75 62.84 63.09 63.22 63.25 63.31 63.34 63.41 63.41 63.50 63.59 63.66 63.75 63.81 63.84 63.94 64.03 64.09 64.19 64.31 64.44 64.56 64.72 64.88 65.75 66.28 66.19 66.12 66.06 66.00 65.94 65.88 66.03 66.75 67.09 67.31 67.50 67.75 67.97 68.22 68.50 68.75 69.09 69.41 69.72 70.00 70.25 70.53 70.78 71.06 71.31 71.47 71.59 71.72 71.81 71.88 72.00 72.06 72.19 72.34 72.47 72.59 72.78 72.97 73.16 73.34 73.53
61.91 62.12 62.31 62.50 62.66 62.69 62.78 62.84 62.88 62.94 63.03 63.16 63.38 63.53 63.62 63.66 63.69 63.72 63.75 63.81 63.94 64.00 64.06 64.12 64.19 64.22 64.28 64.38 64.44 64.53 64.66 64.81 64.94 65.28 66.25 66.47 66.41 66.34 66.28 66.22 66.16 66.06 66.41 66.94 67.25 67.50 67.75 67.97 68.19 68.41 68.66 68.91 69.22 69.53 69.84 70.16 70.44 70.75 71.03 71.28 71.53 71.72 71.84 72.00 72.09 72.16 72.25 72.34 72.44 72.59 72.72 72.88 73.03 73.22 73.41 73.59 73.78
62.28 62.50 62.72 62.91 63.06 63.22 63.28 63.34 63.28 63.34 63.47 63.50 63.69 63.81 63.94 64.06 64.12 64.16 64.16 64.16 64.16 64.31 64.41 64.41 64.47 64.53 64.59 64.66 64.69 64.81 64.94 65.03 65.19 65.78 66.69 66.69 66.62 66.56 66.50 66.44 66.34 66.31 66.75 67.19 67.44 67.66 67.94 68.16 68.38 68.62 68.84 69.12 69.41 69.69 69.97 70.28 70.62 70.94 71.22 71.47 71.72 71.91 72.06 72.22 72.34 72.44 72.53 72.62 72.69 72.81 72.97 73.12 73.31 73.47 73.66 73.88 74.06
62.53 62.84 63.12 63.38 63.56 63.69 63.78 63.81 63.84 63.78 63.91 63.94 63.91 64.12 64.25 64.41 64.44 64.56 64.56 64.62 64.59 64.59 64.75 64.75 64.81 64.78 64.88 64.91 65.00 65.06 65.19 65.31 65.44 66.34 66.97 66.91 66.84 66.78 66.72 66.66 66.56 66.62 67.06 67.38 67.59 67.81 68.09 68.34 68.56 68.81 69.09 69.34 69.59 69.88 70.12 70.44 70.81 71.12 71.41 71.69 71.91 72.09 72.31 72.47 72.56 72.69 72.81 72.91 72.97 73.09 73.22 73.38 73.56 73.75 73.94 74.16 74.34
62.84 63.19 63.50 63.78 64.00 64.16 64.22 64.16 64.19 64.31 64.22 64.34 64.28 64.38 64.59 64.72 64.84 64.88 64.94 64.97 65.03 65.06 65.03 65.12 65.12 65.12 65.22 65.28 65.28 65.34 65.44 65.56 65.84 66.88 67.19 67.12 67.06 67.00 66.94 66.84 66.78 66.94 67.38 67.59 67.81 68.00 68.25 68.50 68.75 69.03 69.25 69.53 69.78 70.06 70.38 70.69 71.00 71.31 71.59 71.84 72.12 72.34 72.53 72.72 72.88 72.97 73.12 73.22 73.28 73.41 73.50 73.69 73.84 74.03 74.22 74.41 74.59
63.22 63.53 63.84 64.12 64.38 64.56 64.69 64.69 64.69 64.75 64.72 64.66 64.72 64.78 64.97 65.09 65.09 65.31 65.31 65.34 65.44 65.41 65.38 65.41 65.44 65.47 65.59 65.62 65.62 65.69 65.72 65.84 66.38 67.34 67.41 67.34 67.28 67.22 67.16 67.06 67.03 67.25 67.59 67.81 68.00 68.22 68.47 68.69 68.97 69.25 69.50 69.75 70.03 70.28 70.59 70.88 71.19 71.47 71.75 72.03 72.28 72.50 72.69 72.94 73.09 73.25 73.38 73.47 73.59 73.72 73.81 73.97 74.16 74.31 74.50 74.69 74.88
63.59 63.88 64.16 64.44 64.72 64.94 65.09 65.16 65.12 65.16 65.09 65.12 65.16 65.19 65.22 65.44 65.56 65.69 65.75 65.72 65.81 65.81 65.81 65.78 65.84 65.88 65.91 65.97 65.97 66.03 66.06 66.09 66.94 67.72 67.66 67.56 67.50 67.44 67.38 67.28 67.28 67.56 67.81 68.00 68.22 68.44 68.66 68.94 69.19 69.44 69.69 69.94 70.25 70.50 70.78 71.09 71.38 71.66 71.94 72.19 72.47 72.72 72.94 73.16 73.34 73.53 73.66 73.78 73.91 74.03 74.16 74.28 74.44 74.62 74.78 74.97 75.12
63.78 64.16 64.47 64.75 65.03 65.25 65.44 65.53 65.56 65.53 65.53 65.50 65.53 65.56 65.62 65.75 65.81 65.97 66.09 66.09 66.19 66.19 66.12 66.19 66.25 66.31 66.34 66.28 66.31 66.31 66.31 66.47 67.53 67.94 67.88 67.78 67.72 67.66 67.59 67.53 67.56 67.88 68.06 68.25 68.44 68.69 68.91 69.12 69.38 69.66 69.91 70.19 70.44 70.69 71.00 71.28 71.56 71.84 72.12 72.34 72.62 72.91 73.16 73.41 73.59 73.81 73.97 74.09 74.19 74.31 74.44 74.56 74.75 74.91 75.06 75.25 75.41
64.22 64.31 64.69 65.06 65.34 65.59 65.75 65.88 65.88 65.84 65.84 65.91 65.94 66.00 66.06 66.06 66.19 66.28 66.44 66.50 66.56 66.53 66.53 66.56 66.62 66.59 66.62 66.72 66.66 66.69 66.69 67.03 68.06 68.16 68.09 68.03 67.94 67.88 67.81 67.75 67.84 68.12 68.28 68.50 68.69 68.88 69.12 69.38 69.62 69.88 70.12 70.41 70.66 70.94 71.22 71.44 71.75 72.03 72.28 72.56 72.78 73.06 73.38 73.66 73.84 74.06 74.25 74.34 74.47 74.59 74.72 74.88 75.00 75.16 75.34 75.50 75.66
64.56 64.81 65.09 65.38 65.66 65.91 66.06 66.16 66.22 66.19 66.19 66.25 66.22 66.34 66.41 66.47 66.53 66.59 66.75 66.81 66.88 66.91 66.91 66.94 66.97 66.97 67.00 67.06 67.03 67.00 67.00 67.62 68.44 68.38 68.31 68.25 68.16 68.09 68.03 67.97 68.12 68.38 68.53 68.75 68.94 69.16 69.41 69.62 69.84 70.09 70.38 70.62 70.91 71.16 71.44 71.72 72.00 72.22 72.47 72.75 73.03 73.31 73.59 73.88 74.12 74.31 74.50 74.62 74.75 74.88 75.00 75.12 75.28 75.44 75.59 75.75 75.91
64.75 65.16 65.44 65.69 65.94 66.16 66.34 66.44 66.50 66.50 66.56 66.59 66.62 66.59 66.72 66.75 66.81 66.97 67.03 67.09 67.19 67.22 67.22 67.28 67.28 67.31 67.34 67.34 67.31 67.25 67.34 68.25 68.69 68.59 68.53 68.47 68.41 68.31 68.25 68.25 68.50 68.66 68.84 69.00 69.22 69.41 69.62 69.88 70.09 70.34 70.59 70.84 71.12 71.41 71.69 71.94 72.22 72.47 72.69 72.97 73.25 73.53 73.84 74.12 74.34 74.53 74.75 74.88 74.97 75.12 75.25 75.38 75.53 75.69 75.84 76.00 76.12
65.28 65.50 65.75 66.00 66.22 66.41 66.56 66.69 66.78 66.81 66.81 66.81 66.91 66.97 67.03 67.09 67.19 67.28 67.34 67.41 67.47 67.50 67.50 67.56 67.56 67.59 67.66 67.66 67.62 67.62 67.81 68.75 68.91 68.81 68.75 68.69 68.62 68.56 68.47 68.59 68.84 69.00 69.09 69.28 69.50 69.69 69.91 70.12 70.34 70.56 70.84 71.09 71.38 71.66 71.94 72.25 72.50 72.72 72.97 73.19 73.44 73.75 74.06 74.34 74.59 74.78 74.97 75.12 75.22 75.34 75.47 75.62 75.78 75.94 76.06 76.22 76.38
