everonasctiles/Tile29,33.asc
ncols 128
nrows 128
xllcorner 0
yllcorner 0
cellsize 2.0
NODATA_value  -9999
[rows 0 to 35 of 128, columns 0 to 80 of 128]
30.09 29.81 29.53 29.25 28.97 28.72 28.47 28.22 27.97 27.75 27.53 27.31 27.12 26.94 26.75 26.56 26.41 26.22 26.03 25.88 25.69 25.50 25.28 25.09 24.88 24.66 24.41 24.16 23.91 23.66 23.41 23.12 22.88 22.59 22.31 22.06 21.78 21.50 21.25 20.97 20.72 20.47 20.22 19.94 19.72 19.47 19.22 18.97 18.75 18.53 18.31 18.09 17.91 17.69 17.50 17.34 17.16 17.00 16.84 16.72 16.59 16.47 16.34 16.22 16.06 15.88 15.56 15.22 14.88 14.56 14.31 14.06 13.84 13.62 13.47 13.31 13.09 12.91 12.75 12.75 12.41
30.34 30.03 29.72 29.44 29.16 28.88 28.59 28.34 28.09 27.88 27.66 27.44 27.22 27.03 26.84 26.66 26.47 26.28 26.09 25.91 25.72 25.53 25.31 25.09 24.88 24.66 24.41 24.16 23.91 23.66 23.38 23.12 22.84 22.56 22.28 22.03 21.75 21.47 21.22 20.94 20.66 20.41 20.16 19.88 19.62 19.38 19.12 18.91 18.66 18.44 18.22 18.00 17.78 17.59 17.41 17.22 17.06 16.91 16.75 16.62 16.50 16.38 16.28 16.19 16.06 15.88 15.59 15.12 14.78 14.47 14.16 13.91 13.72 13.47 13.19 13.03 12.84 12.62 12.47 12.31 12.16
30.56 30.25 29.94 29.62 29.31 29.03 28.75 28.47 28.22 27.97 27.75 27.53 27.31 27.09 26.91 26.69 26.50 26.31 26.12 25.94 25.75 25.53 25.31 25.09 24.88 24.66 24.41 24.16 23.91 23.62 23.38 23.09 22.81 22.53 22.25 22.00 21.72 21.44 21.16 20.88 20.62 20.34 20.09 19.81 19.56 19.31 19.06 18.81 18.56 18.34 18.12 17.91 17.69 17.47 17.28 17.12 16.94 16.78 16.66 16.50 16.41 16.31 16.22 16.12 16.00 15.84 15.53 15.12 14.69 14.38 14.12 13.84 13.56 13.25 13.00 12.78 12.53 12.28 12.16 12.00 11.84
30.81 30.47 30.12 29.81 29.50 29.19 28.88 28.59 28.34 28.09 27.84 27.59 27.38 27.16 26.97 26.75 26.56 26.34 26.16 25.97 25.75 25.53 25.34 25.09 24.88 24.66 24.41 24.16 23.88 23.62 23.34 23.06 22.78 22.50 22.22 21.94 21.69 21.41 21.12 20.84 20.56 20.28 20.03 19.75 19.50 19.22 18.97 18.72 18.47 18.25 18.00 17.78 17.56 17.38 17.19 17.00 16.81 16.66 16.53 16.41 16.28 16.19 16.12 16.03 15.91 15.78 15.47 15.00 14.62 14.34 14.03 13.72 13.38 13.09 12.84 12.53 12.22 12.06 11.84 11.69 11.53
31.03 30.66 30.31 29.97 29.66 29.31 29.03 28.72 28.44 28.19 27.94 27.69 27.44 27.22 27.00 26.78 26.59 26.38 26.19 25.97 25.75 25.56 25.31 25.09 24.88 24.62 24.38 24.12 23.88 23.59 23.31 23.06 22.75 22.47 22.19 21.91 21.62 21.34 21.06 20.78 20.50 20.22 19.94 19.69 19.41 19.16 18.88 18.62 18.38 18.16 17.91 17.69 17.47 17.25 17.06 16.88 16.72 16.56 16.41 16.28 16.19 16.06 16.00 15.91 15.81 15.69 15.31 15.03 14.47 14.03 13.88 13.56 13.22 12.97 12.69 12.41 12.12 11.81 11.59 11.38 11.22
31.25 30.88 30.50 30.16 29.81 29.47 29.16 28.84 28.56 28.28 28.00 27.75 27.50 27.28 27.06 26.81 26.62 26.41 26.19 25.97 25.75 25.53 25.31 25.09 24.84 24.62 24.38 24.09 23.84 23.56 23.31 23.03 22.75 22.44 22.16 21.88 21.59 21.31 21.03 20.72 20.44 20.16 19.88 19.59 19.34 19.06 18.81 18.53 18.28 18.03 17.81 17.56 17.34 17.12 16.94 16.75 16.56 16.41 16.28 16.16 16.03 15.94 15.84 15.78 15.69 15.53 15.28 14.88 14.41 13.94 13.72 13.44 13.09 12.75 12.53 12.22 11.91 11.62 11.34 11.12 10.91
31.44 31.06 30.69 30.31 29.94 29.59 29.28 28.94 28.66 28.34 28.09 27.81 27.56 27.31 27.09 26.84 26.62 26.41 26.19 25.97 25.75 25.53 25.31 25.06 24.84 24.59 24.34 24.09 23.81 23.56 23.28 23.00 22.72 22.41 22.12 21.84 21.56 21.25 20.97 20.69 20.41 20.09 19.81 19.53 19.25 18.97 18.72 18.44 18.19 17.94 17.69 17.47 17.22 17.00 16.81 16.62 16.44 16.28 16.12 16.00 15.91 15.81 15.72 15.62 15.50 15.34 15.03 14.50 14.19 13.84 13.56 13.25 12.94 12.66 12.34 12.00 11.69 11.47 11.19 10.59 9.44
31.62 31.25 30.84 30.47 30.09 29.72 29.38 29.06 28.75 28.44 28.16 27.88 27.62 27.38 27.12 26.88 26.66 26.41 26.19 25.97 25.75 25.50 25.28 25.06 24.81 24.56 24.31 24.06 23.78 23.53 23.25 22.97 22.69 22.38 22.09 21.81 21.50 21.22 20.94 20.62 20.34 20.03 19.75 19.47 19.19 18.91 18.62 18.34 18.09 17.81 17.56 17.34 17.09 16.88 16.69 16.50 16.31 16.16 16.00 15.88 15.75 15.66 15.53 15.44 15.28 15.09 14.84 14.44 14.12 13.78 13.47 13.16 12.81 12.50 12.16 11.88 11.59 11.31 10.53 9.12 8.44
31.81 31.41 31.00 30.59 30.22 29.84 29.50 29.16 28.81 28.50 28.22 27.94 27.66 27.41 27.16 26.91 26.66 26.44 26.19 25.97 25.72 25.50 25.25 25.03 24.78 24.53 24.28 24.03 23.75 23.50 23.22 22.94 22.66 22.34 22.06 21.78 21.47 21.19 20.88 20.56 20.28 19.97 19.69 19.38 19.09 18.81 18.53 18.25 17.97 17.72 17.47 17.22 16.97 16.75 16.53 16.34 16.16 16.00 15.84 15.72 15.59 15.50 15.38 15.25 15.09 14.78 14.62 14.19 14.00 13.69 13.28 13.03 12.72 12.38 12.09 11.78 11.47 10.97 9.06 8.28 8.19
31.97 31.56 31.16 30.75 30.34 29.97 29.59 29.25 28.91 28.59 28.28 27.97 27.69 27.44 27.16 26.91 26.66 26.44 26.19 25.94 25.72 25.47 25.25 25.00 24.75 24.50 24.25 24.00 23.72 23.47 23.19 22.91 22.62 22.31 22.03 21.72 21.44 21.12 20.84 20.53 20.22 19.91 19.62 19.31 19.03 18.72 18.44 18.16 17.88 17.59 17.34 17.09 16.84 16.62 16.41 16.19 16.03 15.84 15.69 15.56 15.44 15.34 15.22 15.09 14.94 14.69 14.44 14.19 13.81 13.56 13.25 12.88 12.59 12.25 12.00 11.69 11.38 9.56 8.28 8.12 8.16
32.09 31.69 31.28 30.84 30.44 30.06 29.69 29.31 28.97 28.66 28.31 28.03 27.75 27.47 27.19 26.94 26.69 26.44 26.19 25.94 25.72 25.47 25.22 25.00 24.75 24.50 24.25 23.97 23.72 23.44 23.16 22.88 22.59 22.28 22.00 21.69 21.41 21.09 20.78 20.47 20.16 19.84 19.56 19.25 18.94 18.62 18.34 18.03 17.75 17.47 17.22 16.97 16.72 16.47 16.25 16.06 15.88 15.69 15.53 15.41 15.28 15.16 15.06 14.94 14.78 14.59 14.31 14.09 13.75 13.44 13.12 12.84 12.53 12.22 11.88 11.59 10.91 8.59 8.09 8.09 8.16
32.22 31.81 31.38 30.97 30.53 30.16 29.75 29.38 29.03 28.69 28.38 28.06 27.75 27.47 27.22 26.94 26.69 26.44 26.19 25.94 25.69 25.47 25.22 24.97 24.72 24.47 24.22 23.97 23.69 23.41 23.12 22.84 22.56 22.28 21.97 21.66 21.34 21.06 20.75 20.44 20.09 19.78 19.47 19.16 18.84 18.53 18.25 17.94 17.66 17.34 17.09 16.81 16.56 16.34 16.09 15.91 15.72 15.53 15.38 15.25 15.12 15.00 14.91 14.81 14.69 14.50 14.31 14.06 13.69 13.41 13.12 12.81 12.50 12.16 11.81 11.47 9.91 8.22 8.06 8.12 8.19
32.31 31.91 31.47 31.03 30.62 30.22 29.81 29.44 29.09 28.75 28.41 28.09 27.78 27.50 27.22 26.94 26.69 26.44 26.19 25.94 25.69 25.47 25.22 24.97 24.72 24.47 24.22 23.94 23.69 23.41 23.12 22.84 22.53 22.25 21.94 21.62 21.31 21.00 20.69 20.38 20.06 19.72 19.41 19.09 18.75 18.44 18.12 17.81 17.53 17.22 16.94 16.69 16.44 16.19 15.94 15.75 15.56 15.38 15.22 15.06 14.97 14.84 14.75 14.69 14.56 14.44 14.25 14.00 13.78 13.47 13.06 12.75 12.47 12.16 11.78 11.44 9.25 8.09 8.09 8.12 8.19
32.41 31.97 31.53 31.09 30.69 30.28 29.88 29.50 29.12 28.78 28.44 28.12 27.81 27.53 27.25 26.97 26.69 26.44 26.19 25.94 25.69 25.44 25.22 24.97 24.72 24.47 24.19 23.94 23.66 23.41 23.09 22.81 22.53 22.22 21.91 21.59 21.28 20.97 20.66 20.31 20.00 19.66 19.34 19.00 18.69 18.34 18.03 17.72 17.41 17.09 16.81 16.53 16.28 16.03 15.78 15.59 15.38 15.22 15.06 14.91 14.78 14.69 14.62 14.53 14.47 14.38 14.22 14.03 13.78 13.44 13.03 12.69 12.44 12.16 11.81 11.41 8.84 8.09 8.12 8.16 8.22
32.47 32.03 31.59 31.16 30.72 30.31 29.91 29.53 29.16 28.81 28.47 28.16 27.84 27.53 27.25 26.97 26.72 26.44 26.19 25.94 25.69 25.47 25.22 24.97 24.72 24.47 24.19 23.94 23.66 23.38 23.09 22.81 22.50 22.19 21.88 21.56 21.25 20.91 20.59 20.25 19.94 19.59 19.25 18.91 18.59 18.25 17.91 17.59 17.28 16.97 16.66 16.38 16.12 15.88 15.62 15.41 15.22 15.03 14.88 14.75 14.62 14.53 14.47 14.41 14.38 14.28 14.19 14.03 13.78 13.50 13.06 12.75 12.44 12.19 11.84 11.28 8.69 8.09 8.12 8.19 8.25
32.50 32.06 31.59 31.16 30.75 30.31 29.94 29.53 29.16 28.81 28.47 28.16 27.84 27.56 27.25 27.00 26.72 26.47 26.22 25.97 25.72 25.47 25.22 24.97 24.72 24.47 24.22 23.94 23.66 23.38 23.09 22.78 22.50 22.19 21.84 21.53 21.22 20.88 20.53 20.19 19.84 19.53 19.19 18.84 18.50 18.16 17.81 17.47 17.16 16.84 16.53 16.22 15.97 15.69 15.47 15.25 15.03 14.88 14.72 14.56 14.44 14.34 14.28 14.28 14.25 14.22 14.12 14.00 13.81 13.59 13.28 12.97 12.59 12.28 11.84 11.44 8.75 8.12 8.16 8.22 8.28
32.50 32.06 31.62 31.19 30.75 30.34 29.94 29.56 29.19 28.81 28.50 28.16 27.88 27.56 27.28 27.00 26.72 26.47 26.22 25.97 25.72 25.47 25.22 25.00 24.75 24.47 24.22 23.94 23.66 23.38 23.09 22.78 22.47 22.16 21.81 21.50 21.16 20.81 20.47 20.12 19.78 19.44 19.09 18.75 18.38 18.03 17.69 17.34 17.00 16.69 16.38 16.06 15.78 15.53 15.28 15.06 14.88 14.69 14.53 14.38 14.28 14.19 14.12 14.12 14.16 14.16 14.09 14.00 13.84 13.62 13.38 13.06 12.72 12.31 11.97 11.59 8.84 8.19 8.22 8.25 8.31
32.50 32.03 31.59 31.16 30.75 30.31 29.94 29.53 29.19 28.84 28.50 28.19 27.88 27.56 27.28 27.00 26.75 26.47 26.22 25.97 25.75 25.50 25.25 25.00 24.75 24.50 24.22 23.94 23.66 23.38 23.06 22.75 22.44 22.09 21.78 21.44 21.09 20.75 20.41 20.06 19.69 19.34 19.00 18.62 18.28 17.94 17.56 17.22 16.88 16.53 16.22 15.91 15.62 15.34 15.12 14.88 14.69 14.50 14.34 14.22 14.09 14.00 13.94 13.94 14.00 14.06 14.03 13.97 13.84 13.66 13.41 13.12 12.78 12.41 12.06 11.59 8.81 8.28 8.31 8.34 8.38
32.47 32.03 31.56 31.12 30.72 30.31 29.91 29.53 29.16 28.81 28.50 28.19 27.88 27.59 27.31 27.03 26.75 26.50 26.25 26.00 25.75 25.50 25.28 25.03 24.75 24.50 24.22 23.94 23.66 23.34 23.03 22.72 22.41 22.06 21.72 21.38 21.03 20.66 20.31 19.97 19.59 19.25 18.88 18.53 18.16 17.81 17.44 17.09 16.72 16.38 16.06 15.75 15.44 15.19 14.94 14.72 14.50 14.31 14.16 14.03 13.91 13.81 13.75 13.72 13.81 13.88 13.91 13.88 13.78 13.62 13.44 13.19 12.91 12.50 12.06 10.59 8.59 8.44 8.47 8.47 8.47
32.44 31.97 31.53 31.09 30.69 30.28 29.88 29.50 29.16 28.81 28.50 28.19 27.88 27.59 27.31 27.03 26.78 26.50 26.25 26.00 25.78 25.53 25.28 25.03 24.78 24.50 24.22 23.94 23.66 23.34 23.00 22.69 22.34 22.00 21.66 21.28 20.94 20.56 20.22 19.84 19.50 19.12 18.78 18.41 18.03 17.69 17.31 16.94 16.59 16.25 15.91 15.56 15.28 15.00 14.75 14.53 14.31 14.12 13.97 13.84 13.72 13.62 13.53 13.53 13.62 13.72 13.72 13.69 13.72 13.56 13.41 13.25 13.00 12.62 11.56 9.16 8.59 8.59 8.59 8.59 8.59
32.38 31.94 31.47 31.06 30.62 30.25 29.84 29.50 29.16 28.81 28.50 28.19 27.88 27.59 27.31 27.03 26.78 26.50 26.25 26.03 25.78 25.53 25.28 25.03 24.78 24.50 24.22 23.94 23.62 23.28 22.97 22.62 22.28 21.91 21.53 21.19 20.81 20.47 20.09 19.72 19.38 19.00 18.66 18.28 17.91 17.53 17.16 16.78 16.44 16.06 15.72 15.41 15.09 14.81 14.56 14.34 14.12 13.94 13.81 13.66 13.53 13.44 13.34 13.31 13.34 13.50 13.50 13.56 13.56 13.53 13.41 13.00 12.53 11.03 9.25 8.75 8.75 8.75 8.75 8.72 8.69
32.31 31.88 31.44 31.00 30.59 30.22 29.84 29.47 29.12 28.81 28.47 28.19 27.88 27.59 27.31 27.03 26.78 26.50 26.25 26.03 25.78 25.53 25.28 25.03 24.75 24.47 24.19 23.88 23.56 23.22 22.88 22.53 22.16 21.81 21.44 21.06 20.69 20.31 19.94 19.59 19.22 18.88 18.50 18.12 17.75 17.41 17.03 16.66 16.28 15.91 15.56 15.22 14.91 14.62 14.38 14.16 13.94 13.75 13.59 13.47 13.38 13.25 13.19 13.12 13.16 13.28 13.28 13.31 13.44 12.97 11.28 9.97 9.19 8.91 8.88 8.88 8.91 8.88 8.88 8.84 8.78
32.28 31.84 31.41 30.97 30.56 30.19 29.81 29.44 29.12 28.78 28.47 28.16 27.88 27.56 27.28 27.03 26.75 26.50 26.25 26.00 25.75 25.50 25.25 25.00 24.72 24.44 24.12 23.81 23.50 23.16 22.78 22.41 22.03 21.66 21.28 20.88 20.50 20.12 19.78 19.41 19.03 18.69 18.34 17.97 17.59 17.22 16.84 16.47 16.09 15.75 15.38 15.06 14.75 14.47 14.19 13.97 13.75 13.56 13.41 13.28 13.19 13.12 13.03 12.94 12.94 13.00 13.09 13.03 11.94 9.91 9.09 8.97 9.00 9.03 9.03 9.03 9.03 9.00 8.97 8.94 8.88
32.25 31.81 31.38 30.94 30.53 30.16 29.78 29.44 29.09 28.78 28.44 28.16 27.84 27.56 27.28 27.00 26.75 26.47 26.22 25.97 25.72 25.47 25.22 24.94 24.66 24.38 24.06 23.72 23.38 23.03 22.66 22.28 21.88 21.47 21.09 20.69 20.31 19.94 19.56 19.19 18.84 18.50 18.12 17.78 17.44 17.06 16.69 16.31 15.94 15.56 15.22 14.88 14.56 14.28 14.03 13.78 13.56 13.38 13.22 13.09 13.00 12.94 12.81 12.78 12.75 12.75 12.78 11.50 9.31 9.00 9.03 9.09 9.12 9.16 9.16 9.16 9.16 9.12 9.06 9.00 8.94
32.22 31.78 31.34 30.91 30.50 30.12 29.75 29.41 29.06 28.75 28.44 28.12 27.81 27.53 27.25 26.97 26.69 26.44 26.19 25.94 25.66 25.41 25.16 24.88 24.56 24.28 23.94 23.62 23.25 22.88 22.50 22.09 21.69 21.28 20.88 20.47 20.06 19.69 19.31 18.94 18.59 18.25 17.91 17.56 17.22 16.88 16.50 16.12 15.75 15.38 15.03 14.72 14.41 14.12 13.84 13.59 13.38 13.16 13.00 12.88 12.81 12.78 12.69 12.53 12.53 12.56 11.44 9.16 9.00 9.06 9.12 9.19 9.22 9.25 9.28 9.28 9.25 9.19 9.16 9.06 8.97
32.19 31.75 31.31 30.88 30.50 30.09 29.72 29.38 29.03 28.69 28.38 28.06 27.78 27.47 27.19 26.91 26.62 26.38 26.12 25.84 25.59 25.31 25.03 24.75 24.47 24.16 23.81 23.47 23.09 22.69 22.31 21.88 21.47 21.03 20.62 20.19 19.78 19.41 19.03 18.69 18.34 18.00 17.66 17.34 17.00 16.66 16.28 15.91 15.53 15.19 14.84 14.53 14.25 13.97 13.69 13.44 13.22 12.97 12.75 12.62 12.59 12.56 12.50 12.38 12.22 11.28 9.12 8.97 9.06 9.12 9.19 9.25 9.28 9.31 9.34 9.34 9.31 9.25 9.19 9.09 8.97
32.19 31.72 31.28 30.84 30.47 30.06 29.69 29.34 28.97 28.66 28.31 28.00 27.69 27.41 27.12 26.84 26.56 26.28 26.00 25.75 25.47 25.19 24.91 24.62 24.31 23.97 23.62 23.28 22.88 22.47 22.06 21.62 21.19 20.75 20.31 19.88 19.47 19.06 18.72 18.34 18.03 17.69 17.38 17.06 16.75 16.41 16.06 15.69 15.34 14.97 14.66 14.34 14.06 13.81 13.53 13.28 13.03 12.78 12.50 12.38 12.34 12.31 12.25 12.09 10.97 9.09 8.91 9.00 9.06 9.12 9.22 9.28 9.31 9.34 9.38 9.34 9.31 9.28 9.19 9.09 8.97
32.16 31.69 31.25 30.81 30.41 30.03 29.62 29.28 28.91 28.56 28.25 27.91 27.59 27.31 27.00 26.72 26.44 26.16 25.88 25.59 25.31 25.03 24.75 24.44 24.12 23.78 23.41 23.03 22.66 22.22 21.81 21.34 20.91 20.44 20.00 19.56 19.12 18.72 18.34 18.00 17.69 17.38 17.06 16.75 16.44 16.12 15.78 15.44 15.09 14.78 14.47 14.19 13.91 13.66 13.41 13.12 12.88 12.59 12.25 12.19 12.12 12.06 11.56 10.34 8.97 8.84 8.91 9.00 9.06 9.16 9.22 9.25 9.31 9.34 9.34 9.31 9.28 9.22 9.12 9.03 8.94
32.12 31.66 31.19 30.78 30.34 29.97 29.56 29.19 28.81 28.47 28.12 27.81 27.50 27.19 26.88 26.59 26.28 26.00 25.72 25.44 25.16 24.84 24.53 24.22 23.91 23.53 23.19 22.78 22.38 21.97 21.50 21.06 20.59 20.12 19.66 19.19 18.75 18.34 17.94 17.59 17.28 17.00 16.69 16.41 16.09 15.81 15.50 15.16 14.84 14.56 14.28 14.00 13.75 13.50 13.22 12.97 12.69 12.47 12.22 11.94 11.75 11.09 9.78 8.84 8.75 8.81 8.88 8.97 9.03 9.09 9.16 9.22 9.25 9.28 9.28 9.25 9.22 9.16 9.06 8.97 8.84
32.06 31.59 31.16 30.72 30.28 29.88 29.47 29.09 28.72 28.34 28.00 27.66 27.34 27.03 26.72 26.41 26.12 25.81 25.53 25.25 24.94 24.62 24.31 23.97 23.62 23.28 22.91 22.50 22.09 21.66 21.19 20.72 20.25 19.75 19.28 18.81 18.34 17.91 17.53 17.19 16.88 16.56 16.28 16.00 15.72 15.44 15.12 14.84 14.59 14.31 14.09 13.84 13.59 13.41 13.12 12.81 12.47 12.22 12.03 11.72 10.47 9.22 8.72 8.69 8.72 8.78 8.84 8.91 8.97 9.03 9.09 9.12 9.16 9.16 9.16 9.16 9.09 9.03 8.97 8.88 8.75
32.00 31.56 31.09 30.66 30.22 29.78 29.38 28.97 28.59 28.22 27.88 27.53 27.19 26.88 26.53 26.22 25.94 25.62 25.31 25.00 24.72 24.38 24.06 23.72 23.38 23.00 22.59 22.19 21.78 21.31 20.88 20.38 19.91 19.41 18.91 18.41 17.94 17.50 17.09 16.72 16.41 16.12 15.84 15.56 15.28 15.00 14.72 14.47 14.25 14.06 13.91 13.72 13.47 13.31 13.03 12.69 12.41 12.12 11.56 9.88 8.91 8.62 8.62 8.66 8.72 8.75 8.78 8.84 8.91 8.94 8.97 9.00 9.03 9.03 9.03 9.00 8.97 8.91 8.81 8.72 8.62
31.94 31.47 31.03 30.56 30.12 29.69 29.25 28.84 28.47 28.06 27.72 27.34 27.03 26.69 26.34 26.03 25.72 25.41 25.09 24.78 24.44 24.12 23.78 23.44 23.06 22.69 22.28 21.88 21.44 21.00 20.53 20.03 19.53 19.03 18.50 18.00 17.53 17.06 16.66 16.28 15.94 15.62 15.31 15.03 14.75 14.47 14.19 13.97 13.78 13.69 13.62 13.53 13.41 13.12 12.88 12.56 12.28 11.38 9.62 8.81 8.59 8.59 8.62 8.66 8.69 8.72 8.72 8.75 8.78 8.84 8.88 8.88 8.91 8.88 8.88 8.84 8.78 8.72 8.66 8.56 8.50
31.84 31.38 30.94 30.47 30.03 29.56 29.16 28.72 28.31 27.94 27.56 27.19 26.84 26.50 26.16 25.84 25.50 25.19 24.84 24.53 24.19 23.84 23.50 23.12 22.75 22.38 21.97 21.53 21.09 20.66 20.19 19.69 19.19 18.66 18.12 17.62 17.12 16.62 16.19 15.78 15.44 15.09 14.78 14.47 14.16 13.84 13.59 13.38 13.22 13.16 13.16 13.28 13.28 13.03 12.72 12.34 11.69 9.47 8.75 8.62 8.59 8.62 8.62 8.66 8.66 8.66 8.66 8.69 8.69 8.72 8.75 8.75 8.75 8.75 8.72 8.66 8.62 8.56 8.47 8.41 8.38
31.72 31.28 30.81 30.38 29.91 29.47 29.03 28.59 28.19 27.78 27.41 27.03 26.66 26.31 25.97 25.62 25.28 24.94 24.62 24.28 23.91 23.56 23.19 22.84 22.44 22.06 21.62 21.22 20.78 20.31 19.81 19.34 18.81 18.31 17.78 17.25 16.72 16.22 15.75 15.31 14.91 14.53 14.16 13.81 13.47 13.19 12.94 12.72 12.53 12.44 12.47 12.66 13.19 12.84 12.59 11.84 9.44 8.75 8.66 8.62 8.62 8.62 8.62 8.62 8.62 8.62 8.59 8.59 8.59 8.59 8.59 8.62 8.59 8.56 8.53 8.50 8.44 8.38 8.34 8.28 8.25
31.62 31.16 30.69 30.25 29.78 29.34 28.91 28.47 28.06 27.66 27.25 26.88 26.50 26.12 25.78 25.41 25.06 24.72 24.38 24.00 23.66 23.28 22.91 22.53 22.12 21.72 21.31 20.88 20.44 19.97 19.47 18.97 18.47 17.94 17.41 16.88 16.34 15.81 15.31 14.84 14.38 13.94 13.50 13.12 12.78 12.50 12.25 12.00 11.81 11.66 11.56 11.62 11.94 11.72 10.94 9.41 8.78 8.72 8.69 8.66 8.66 8.66 8.66 8.62 8.62 8.56 8.53 8.53 8.50 8.50 8.47 8.47 8.44 8.41 8.38 8.31 8.25 8.22 8.19 8.19 8.00
31.50 31.03 30.59 30.12 29.69 29.22 28.78 28.34 27.94 27.53 27.12 26.72 26.34 25.97 25.59 25.22 24.84 24.50 24.12 23.75 23.38 23.00 22.62 22.22 21.81 21.41 21.00 20.56 20.09 19.62 19.12 18.62 18.12 17.59 17.03 16.50 15.97 15.41 14.88 14.34 13.81 13.31 12.88 12.47 12.12 11.81 11.56 11.31 11.09 10.84 10.59 10.19 9.56 9.50 9.03 8.84 8.78 8.75 8.72 8.69 8.69 8.69 8.66 8.62 8.59 8.56 8.50 8.47 8.41 8.38 8.34 8.31 8.28 8.22 8.19 8.12 8.09 8.09 8.09 8.00 7.56
