everonasctiles/Tile26,33.asc
ncols 128
nrows 128
xllcorner 0
yllcorner 0
cellsize 2.0
NODATA_value  -9999
[rows 0 to 33 of 128, columns 0 to 76 of 128]
5.81 6.38 7.00 7.69 8.38 9.09 9.84 10.66 11.53 12.47 13.47 14.50 15.44 16.25 17.19 17.97 18.94 19.81 20.75 21.53 22.34 23.03 23.69 24.66 25.88 26.91 27.94 28.81 29.66 30.34 31.16 31.88 32.56 33.25 33.94 34.66 35.44 36.16 36.88 37.59 38.31 39.09 39.84 40.66 41.50 42.38 43.22 44.06 44.91 45.69 46.44 47.16 47.84 48.50 49.16 49.81 50.44 51.06 51.66 52.25 52.84 53.38 53.91 54.44 54.94 55.41 55.88 56.31 56.75 57.16 57.84 58.44 59.03 59.62 59.62 59.62 59.62
6.19 6.81 7.47 8.16 8.88 9.62 10.41 11.22 12.16 13.12 14.12 15.06 15.78 16.88 17.84 18.75 19.38 20.28 21.12 21.91 22.47 23.25 24.06 25.25 26.28 27.09 28.22 28.94 29.97 30.72 31.50 32.19 32.88 33.56 34.25 34.94 35.66 36.38 37.06 37.78 38.50 39.22 40.00 40.78 41.59 42.41 43.22 44.03 44.81 45.56 46.31 47.00 47.69 48.34 49.00 49.62 50.25 50.88 51.47 52.06 52.62 53.19 53.72 54.25 54.75 55.25 55.72 56.16 56.62 57.03 57.72 58.34 58.91 59.50 59.62 59.62 59.62
6.56 7.25 7.97 8.72 9.47 10.25 11.06 11.91 12.91 13.81 14.75 15.47 16.53 17.38 18.38 19.44 20.34 20.97 21.38 21.91 23.09 23.78 24.81 26.00 26.59 27.62 28.41 29.41 30.22 31.00 31.75 32.44 33.12 33.81 34.47 35.16 35.88 36.53 37.25 37.94 38.66 39.38 40.12 40.88 41.66 42.44 43.22 43.97 44.75 45.47 46.19 46.88 47.56 48.22 48.84 49.50 50.09 50.72 51.31 51.88 52.47 53.00 53.56 54.09 54.59 55.09 55.56 56.03 56.50 56.94 57.59 58.19 58.72 59.19 59.62 59.62 59.62
7.00 7.75 8.53 9.31 10.09 10.91 11.75 12.62 13.62 14.53 15.44 16.28 16.91 18.06 18.72 19.97 20.56 21.12 21.78 22.72 23.81 24.84 25.78 26.56 27.41 28.03 28.78 29.69 30.47 31.22 31.94 32.62 33.31 34.00 34.66 35.34 36.03 36.69 37.38 38.06 38.78 39.47 40.22 40.94 41.72 42.44 43.19 43.94 44.69 45.41 46.09 46.78 47.44 48.09 48.72 49.34 49.97 50.56 51.16 51.72 52.31 52.84 53.41 53.94 54.44 54.97 55.44 55.91 56.38 56.81 57.41 58.00 58.50 59.12 59.62 59.62 59.62
7.41 8.25 9.12 9.97 10.78 11.59 12.41 13.38 14.31 15.03 16.09 17.03 17.69 18.94 19.56 20.16 20.50 21.22 22.22 23.12 24.62 25.56 26.25 26.84 27.84 28.75 29.34 30.03 30.72 31.44 32.12 32.78 33.47 34.12 34.81 35.47 36.16 36.81 37.50 38.19 38.88 39.59 40.28 41.00 41.75 42.47 43.19 43.91 44.62 45.34 46.00 46.69 47.34 47.97 48.62 49.22 49.84 50.44 51.00 51.59 52.16 52.72 53.25 53.81 54.31 54.84 55.31 55.81 56.28 56.75 57.19 57.75 58.28 59.31 59.62 59.62 59.62
7.88 8.81 9.75 10.66 11.50 12.28 13.03 13.94 14.59 15.59 16.28 17.53 18.56 19.56 20.19 20.41 21.00 21.75 22.81 24.03 25.25 25.72 26.41 27.41 28.31 29.09 29.72 30.31 30.97 31.59 32.28 32.94 33.59 34.25 34.94 35.59 36.28 36.94 37.62 38.28 38.97 39.66 40.38 41.06 41.78 42.50 43.19 43.91 44.59 45.28 45.94 46.59 47.25 47.88 48.50 49.12 49.72 50.31 50.91 51.47 52.03 52.59 53.16 53.69 54.22 54.72 55.22 55.72 56.19 56.66 57.19 57.78 58.41 59.38 59.62 59.62 59.62
8.34 9.38 10.41 11.41 12.28 13.00 13.38 14.19 15.06 16.22 17.19 17.53 18.81 19.94 20.56 20.69 21.69 22.25 23.66 24.62 25.50 26.25 26.97 27.50 28.47 29.28 29.97 30.56 31.16 31.78 32.41 33.06 33.72 34.38 35.03 35.69 36.38 37.03 37.72 38.38 39.06 39.75 40.44 41.12 41.81 42.50 43.19 43.88 44.56 45.22 45.91 46.53 47.19 47.81 48.41 49.03 49.62 50.22 50.78 51.38 51.94 52.50 53.03 53.59 54.12 54.62 55.16 55.62 56.12 56.59 57.25 57.91 58.56 59.38 59.62 59.62 59.62
8.88 10.00 11.19 12.34 13.50 13.91 13.81 14.50 15.56 16.47 17.69 18.56 19.31 20.25 21.03 21.59 22.31 23.22 24.22 24.88 25.66 26.56 27.31 28.03 28.81 29.50 30.12 30.72 31.31 31.91 32.53 33.19 33.81 34.47 35.12 35.78 36.47 37.12 37.78 38.44 39.12 39.81 40.47 41.16 41.84 42.53 43.19 43.88 44.53 45.19 45.84 46.50 47.12 47.75 48.34 48.94 49.53 50.12 50.69 51.28 51.84 52.41 52.94 53.50 54.03 54.56 55.06 55.56 56.06 56.62 57.28 57.97 58.69 59.53 59.62 59.62 59.62
9.50 10.69 11.97 13.38 14.12 14.38 14.50 15.00 15.94 16.88 18.00 19.00 20.06 20.91 21.53 22.28 22.81 23.75 24.62 25.09 26.03 26.78 27.62 28.28 28.94 29.59 30.25 30.84 31.44 32.03 32.66 33.28 33.94 34.56 35.22 35.88 36.53 37.19 37.84 38.53 39.19 39.84 40.53 41.19 41.88 42.53 43.22 43.88 44.53 45.19 45.81 46.44 47.06 47.69 48.28 48.88 49.47 50.03 50.62 51.19 51.75 52.31 52.88 53.41 53.97 54.50 55.00 55.50 56.00 56.72 57.38 58.06 58.81 59.62 59.62 59.62 59.62
10.16 11.38 12.47 13.16 14.38 15.00 14.97 15.28 16.34 17.38 18.34 19.59 20.69 21.41 22.09 22.59 23.03 24.00 25.06 25.91 26.75 27.31 27.94 28.47 29.06 29.69 30.34 30.94 31.53 32.12 32.75 33.38 34.00 34.66 35.28 35.94 36.59 37.25 37.91 38.59 39.25 39.91 40.56 41.22 41.91 42.56 43.22 43.88 44.53 45.16 45.78 46.41 47.03 47.62 48.22 48.81 49.41 49.97 50.56 51.12 51.69 52.25 52.81 53.34 53.91 54.44 54.97 55.47 55.97 56.75 57.47 58.25 59.12 59.62 59.62 59.62 59.62
10.53 11.97 12.84 13.91 15.09 15.47 15.25 15.62 16.81 17.97 18.56 19.69 21.06 22.19 22.56 23.47 23.62 24.59 25.19 26.47 27.25 27.75 28.22 28.78 29.31 29.84 30.44 31.06 31.66 32.25 32.84 33.47 34.09 34.72 35.38 36.00 36.66 37.31 37.97 38.62 39.28 39.94 40.59 41.28 41.94 42.59 43.22 43.88 44.53 45.16 45.78 46.41 47.00 47.59 48.19 48.78 49.38 49.94 50.50 51.06 51.66 52.19 52.75 53.31 53.84 54.41 54.91 55.44 55.94 56.81 57.59 58.44 59.62 59.62 59.62 59.62 59.62
11.34 12.41 13.50 14.75 15.75 15.91 15.62 16.12 17.50 18.75 20.09 20.81 22.31 23.25 24.06 24.03 24.22 24.94 25.88 26.66 27.34 28.03 28.59 29.06 29.56 30.06 30.59 31.19 31.75 32.34 32.94 33.56 34.19 34.81 35.44 36.09 36.72 37.38 38.03 38.69 39.34 40.00 40.66 41.31 41.94 42.59 43.25 43.88 44.53 45.16 45.78 46.38 47.00 47.59 48.16 48.75 49.31 49.91 50.47 51.03 51.59 52.19 52.72 53.28 53.81 54.38 54.91 55.41 56.03 56.84 57.66 58.56 59.62 59.62 59.62 59.62 59.62
11.94 13.16 14.00 15.38 16.22 16.41 16.56 17.00 17.88 19.50 21.59 22.84 23.56 24.19 24.44 24.81 25.31 25.88 26.25 26.91 27.69 28.38 28.88 29.34 29.81 30.31 30.81 31.34 31.91 32.47 33.06 33.66 34.25 34.88 35.50 36.12 36.78 37.44 38.06 38.72 39.38 40.03 40.69 41.31 41.97 42.62 43.25 43.91 44.53 45.16 45.78 46.38 46.97 47.56 48.16 48.75 49.31 49.88 50.47 51.03 51.59 52.16 52.72 53.28 53.81 54.34 54.88 55.41 56.16 56.94 57.78 58.72 59.62 59.62 59.62 59.62 59.62
11.94 13.47 14.69 15.44 16.44 16.72 17.41 18.19 18.81 20.41 21.97 23.06 23.78 23.84 24.59 25.06 25.62 26.31 26.81 27.41 28.03 28.62 29.12 29.59 30.06 30.53 31.03 31.53 32.03 32.59 33.16 33.75 34.34 34.94 35.56 36.19 36.81 37.47 38.09 38.75 39.41 40.06 40.69 41.34 41.97 42.62 43.25 43.91 44.53 45.16 45.78 46.38 46.97 47.56 48.16 48.72 49.31 49.88 50.47 51.03 51.59 52.16 52.72 53.28 53.81 54.34 54.88 55.41 56.28 57.12 58.06 59.38 59.62 59.62 59.62 59.62 59.62
11.94 13.50 14.97 15.88 16.50 17.50 18.25 18.94 20.03 21.03 22.00 22.25 23.38 24.12 24.59 25.31 26.03 26.66 27.28 27.84 28.34 28.84 29.34 29.81 30.28 30.75 31.22 31.69 32.22 32.72 33.28 33.84 34.41 35.00 35.62 36.25 36.88 37.50 38.12 38.78 39.41 40.06 40.69 41.34 42.00 42.62 43.28 43.91 44.53 45.16 45.78 46.38 46.97 47.56 48.16 48.75 49.31 49.91 50.47 51.03 51.59 52.16 52.72 53.28 53.81 54.38 54.91 55.41 56.38 57.31 58.28 59.62 59.62 59.62 59.62 59.62 59.62
12.19 13.62 15.06 16.12 17.22 18.25 19.00 19.72 20.56 21.25 22.28 23.03 23.75 24.50 25.09 25.69 26.38 26.97 27.56 28.06 28.56 29.06 29.53 29.97 30.44 30.91 31.38 31.88 32.34 32.88 33.41 33.94 34.50 35.09 35.69 36.28 36.91 37.53 38.16 38.78 39.44 40.06 40.72 41.34 42.00 42.62 43.28 43.91 44.53 45.16 45.78 46.38 47.00 47.56 48.16 48.75 49.34 49.91 50.50 51.06 51.62 52.19 52.75 53.31 53.84 54.38 54.91 55.44 56.47 57.41 58.41 59.62 59.62 59.62 59.62 59.62 59.62
12.50 13.78 14.59 16.22 17.66 18.69 19.44 19.81 20.69 21.50 22.31 23.12 23.84 24.59 25.25 25.88 26.50 27.12 27.69 28.22 28.72 29.19 29.66 30.12 30.56 31.06 31.53 32.00 32.50 33.00 33.53 34.06 34.62 35.19 35.75 36.34 36.97 37.56 38.19 38.81 39.44 40.09 40.72 41.38 42.00 42.66 43.28 43.91 44.56 45.19 45.78 46.41 47.00 47.59 48.19 48.78 49.38 49.94 50.53 51.09 51.66 52.22 52.78 53.34 53.88 54.41 54.94 55.47 56.50 57.47 58.44 59.62 59.62 59.62 59.62 59.62 59.62
12.44 13.78 14.97 16.19 17.72 18.91 19.56 20.25 20.84 21.56 22.31 23.09 23.84 24.56 25.25 25.91 26.56 27.16 27.72 28.25 28.78 29.25 29.75 30.22 30.69 31.16 31.62 32.12 32.59 33.09 33.62 34.16 34.72 35.25 35.84 36.44 37.03 37.62 38.22 38.84 39.47 40.09 40.75 41.38 42.03 42.66 43.31 43.94 44.56 45.19 45.81 46.44 47.03 47.62 48.22 48.81 49.41 50.00 50.56 51.16 51.72 52.28 52.84 53.41 53.94 54.47 55.00 55.50 56.56 57.50 58.50 59.62 59.62 59.62 59.62 59.62 59.62
12.44 13.56 14.97 16.41 17.78 18.88 19.62 20.28 20.94 21.62 22.34 23.06 23.81 24.53 25.22 25.88 26.53 27.12 27.72 28.25 28.78 29.28 29.78 30.28 30.75 31.22 31.72 32.19 32.69 33.19 33.72 34.25 34.78 35.34 35.94 36.50 37.09 37.69 38.28 38.91 39.53 40.16 40.78 41.41 42.06 42.69 43.34 43.97 44.59 45.22 45.84 46.47 47.06 47.69 48.28 48.88 49.47 50.06 50.62 51.22 51.78 52.34 52.91 53.47 54.00 54.53 55.06 55.56 56.59 57.56 58.50 59.62 59.62 59.62 59.62 59.62 59.62
12.69 13.78 14.75 16.34 17.62 18.69 19.50 20.22 20.91 21.62 22.31 23.06 23.78 24.47 25.16 25.81 26.47 27.06 27.69 28.22 28.78 29.28 29.81 30.31 30.78 31.28 31.78 32.28 32.78 33.28 33.81 34.34 34.88 35.44 36.00 36.59 37.16 37.75 38.34 38.97 39.56 40.19 40.84 41.47 42.09 42.75 43.38 44.00 44.66 45.28 45.91 46.53 47.12 47.75 48.34 48.94 49.53 50.12 50.72 51.28 51.88 52.44 53.00 53.53 54.06 54.59 55.12 55.62 56.66 57.59 58.53 59.62 59.62 59.62 59.62 59.62 59.62
13.03 13.88 15.03 16.22 17.47 18.50 19.34 20.12 20.88 21.59 22.31 23.00 23.72 24.41 25.09 25.75 26.38 27.00 27.62 28.19 28.75 29.28 29.78 30.31 30.81 31.31 31.81 32.31 32.84 33.34 33.88 34.41 34.97 35.53 36.09 36.66 37.25 37.84 38.44 39.03 39.66 40.28 40.91 41.53 42.16 42.81 43.44 44.09 44.72 45.34 45.97 46.59 47.22 47.81 48.44 49.03 49.62 50.22 50.81 51.41 51.97 52.53 53.09 53.62 54.16 54.69 55.22 55.78 56.75 57.66 58.56 59.62 59.62 59.62 59.62 59.62 59.62
13.16 14.12 15.12 16.28 17.38 18.34 19.25 20.03 20.81 21.56 22.25 22.97 23.69 24.34 25.03 25.69 26.31 26.94 27.56 28.12 28.69 29.25 29.78 30.31 30.81 31.34 31.84 32.38 32.91 33.41 33.97 34.50 35.06 35.62 36.19 36.75 37.34 37.94 38.53 39.12 39.75 40.38 41.00 41.62 42.25 42.91 43.53 44.19 44.81 45.44 46.06 46.69 47.31 47.91 48.53 49.12 49.75 50.34 50.91 51.50 52.06 52.62 53.19 53.75 54.28 54.81 55.31 56.06 56.84 57.66 58.59 59.62 59.62 59.62 59.62 59.62 59.62
13.44 14.34 15.28 16.31 17.31 18.28 19.16 19.97 20.75 21.50 22.22 22.94 23.66 24.31 24.97 25.62 26.28 26.88 27.50 28.06 28.66 29.22 29.75 30.28 30.81 31.34 31.88 32.41 32.94 33.47 34.03 34.56 35.12 35.69 36.28 36.84 37.44 38.03 38.62 39.22 39.84 40.47 41.09 41.75 42.38 43.03 43.66 44.28 44.94 45.56 46.19 46.81 47.44 48.03 48.66 49.25 49.88 50.47 51.06 51.62 52.22 52.78 53.31 53.88 54.41 54.91 55.44 56.22 57.00 57.81 58.72 59.62 59.62 59.62 59.62 59.62 59.62
13.50 14.41 15.34 16.34 17.31 18.25 19.12 19.94 20.72 21.50 22.22 22.94 23.62 24.28 24.97 25.59 26.22 26.84 27.44 28.03 28.62 29.19 29.75 30.28 30.81 31.38 31.91 32.44 32.97 33.53 34.09 34.66 35.22 35.78 36.38 36.97 37.56 38.16 38.75 39.38 39.97 40.62 41.25 41.88 42.53 43.16 43.78 44.44 45.06 45.69 46.31 46.94 47.56 48.19 48.81 49.41 50.03 50.62 51.19 51.78 52.34 52.91 53.47 54.00 54.53 55.06 55.56 56.38 57.16 58.00 59.22 59.62 59.62 59.62 59.62 59.62 59.62
13.44 14.47 15.41 16.38 17.34 18.25 19.09 19.94 20.72 21.47 22.22 22.94 23.62 24.28 24.94 25.59 26.22 26.84 27.44 28.03 28.59 29.16 29.72 30.28 30.84 31.38 31.94 32.47 33.03 33.59 34.16 34.72 35.28 35.88 36.47 37.06 37.69 38.28 38.91 39.53 40.16 40.78 41.44 42.06 42.69 43.31 43.97 44.59 45.22 45.84 46.47 47.09 47.72 48.34 48.97 49.56 50.19 50.78 51.38 51.94 52.53 53.09 53.62 54.19 54.69 55.22 55.72 56.53 57.31 58.16 59.31 59.62 59.62 59.62 59.62 59.62 59.62
13.59 14.56 15.50 16.47 17.38 18.28 19.12 19.94 20.75 21.50 22.25 22.94 23.66 24.31 24.97 25.62 26.25 26.84 27.44 28.03 28.59 29.16 29.72 30.28 30.84 31.41 31.94 32.50 33.06 33.62 34.22 34.78 35.38 36.00 36.59 37.22 37.84 38.44 39.06 39.72 40.34 40.97 41.62 42.25 42.88 43.50 44.12 44.75 45.41 46.03 46.66 47.28 47.91 48.53 49.12 49.75 50.38 50.97 51.56 52.12 52.72 53.28 53.81 54.34 54.88 55.38 55.88 56.72 57.50 58.31 59.44 59.62 59.62 59.62 59.62 59.62 59.62
13.88 14.75 15.66 16.56 17.47 18.34 19.19 20.00 20.78 21.56 22.28 23.00 23.69 24.38 25.03 25.66 26.28 26.88 27.47 28.06 28.62 29.19 29.75 30.31 30.88 31.44 32.00 32.56 33.12 33.69 34.31 34.88 35.50 36.12 36.75 37.38 38.00 38.62 39.28 39.91 40.56 41.19 41.81 42.47 43.09 43.72 44.34 44.97 45.59 46.22 46.84 47.47 48.09 48.72 49.34 49.97 50.56 51.16 51.75 52.34 52.91 53.47 54.03 54.56 55.06 55.56 56.06 56.91 57.66 58.47 59.62 59.62 59.62 59.62 59.62 59.62 59.62
14.12 14.97 15.81 16.72 17.59 18.44 19.25 20.06 20.84 21.62 22.38 23.06 23.78 24.44 25.09 25.75 26.34 26.97 27.53 28.12 28.69 29.25 29.78 30.34 30.91 31.47 32.03 32.62 33.19 33.78 34.38 34.97 35.59 36.25 36.88 37.53 38.19 38.84 39.50 40.16 40.81 41.44 42.06 42.69 43.31 43.91 44.53 45.16 45.78 46.41 47.03 47.66 48.31 48.94 49.53 50.16 50.78 51.38 51.97 52.56 53.12 53.69 54.25 54.78 55.28 55.78 56.28 57.00 57.72 58.50 59.62 59.62 59.62 59.62 59.62 59.62 59.62
14.25 15.19 16.03 16.88 17.72 18.56 19.38 20.19 20.97 21.72 22.47 23.19 23.88 24.56 25.22 25.84 26.47 27.06 27.62 28.19 28.75 29.31 29.88 30.41 30.97 31.53 32.09 32.69 33.25 33.88 34.47 35.09 35.72 36.38 37.06 37.72 38.41 39.09 39.75 40.41 41.06 41.69 42.31 42.94 43.53 44.16 44.75 45.38 46.00 46.62 47.25 47.88 48.50 49.16 49.78 50.41 51.03 51.62 52.22 52.81 53.38 53.94 54.47 55.00 55.50 56.00 56.50 57.09 57.72 58.41 59.59 59.62 59.62 59.62 59.62 59.62 59.62
14.59 15.44 16.25 17.09 17.91 18.72 19.50 20.31 21.09 21.84 22.56 23.31 24.00 24.69 25.34 25.97 26.59 27.19 27.78 28.31 28.88 29.41 29.94 30.50 31.06 31.59 32.19 32.75 33.34 33.97 34.56 35.22 35.88 36.53 37.22 37.94 38.66 39.34 40.03 40.72 41.34 42.00 42.59 43.19 43.78 44.38 45.00 45.59 46.22 46.84 47.47 48.09 48.75 49.38 50.00 50.66 51.25 51.88 52.47 53.06 53.62 54.19 54.72 55.25 55.75 56.25 56.72 57.19 57.62 58.03 59.47 59.62 59.62 59.62 59.62 59.62 59.62
14.84 15.72 16.50 17.28 18.06 18.88 19.66 20.44 21.22 21.97 22.72 23.44 24.12 24.81 25.50 26.12 26.75 27.38 27.94 28.50 29.03 29.53 30.06 30.59 31.16 31.69 32.25 32.84 33.44 34.06 34.69 35.34 36.00 36.72 37.44 38.16 38.91 39.66 40.34 41.03 41.66 42.28 42.88 43.47 44.03 44.62 45.22 45.81 46.44 47.06 47.69 48.34 48.97 49.62 50.25 50.91 51.53 52.12 52.75 53.34 53.91 54.47 55.00 55.50 56.03 56.50 56.97 57.41 57.84 58.25 59.25 59.62 59.62 59.62 59.62 59.62 59.62
15.00 16.00 16.72 17.47 18.25 19.03 19.81 20.59 21.38 22.12 22.88 23.59 24.31 25.00 25.66 26.31 26.94 27.56 28.12 28.66 29.19 29.69 30.19 30.72 31.25 31.81 32.38 32.94 33.56 34.16 34.81 35.47 36.16 36.91 37.66 38.44 39.19 39.94 40.66 41.34 42.00 42.59 43.19 43.75 44.31 44.88 45.44 46.03 46.66 47.28 47.91 48.56 49.22 49.88 50.50 51.16 51.78 52.41 53.03 53.62 54.19 54.75 55.28 55.78 56.28 56.78 57.22 57.66 58.09 58.50 59.00 59.62 59.62 59.62 59.62 59.62 60.09
15.31 16.09 16.88 17.62 18.41 19.19 19.97 20.75 21.53 22.28 23.03 23.78 24.47 25.19 25.84 26.50 27.12 27.75 28.34 28.88 29.34 29.84 30.34 30.84 31.38 31.91 32.47 33.06 33.69 34.31 34.94 35.62 36.34 37.09 37.88 38.69 39.47 40.25 41.00 41.69 42.31 42.91 43.47 44.00 44.53 45.09 45.66 46.25 46.84 47.47 48.12 48.78 49.44 50.09 50.78 51.44 52.06 52.69 53.31 53.91 54.47 55.03 55.56 56.09 56.56 57.03 57.50 57.94 58.34 58.75 59.12 59.56 59.62 59.62 60.03 60.25 60.53
15.25 16.16 16.94 17.72 18.53 19.34 20.16 20.94 21.72 22.47 23.22 23.94 24.66 25.34 26.03 26.69 27.31 27.94 28.56 29.06 29.53 30.00 30.50 31.00 31.50 32.03 32.62 33.22 33.81 34.44 35.09 35.78 36.50 37.28 38.06 38.91 39.72 40.53 41.28 41.97 42.62 43.19 43.72 44.25 44.78 45.31 45.84 46.44 47.06 47.69 48.34 49.00 49.69 50.34 51.03 51.69 52.34 52.97 53.59 54.19 54.78 55.34 55.88 56.38 56.84 57.31 57.78 58.19 58.59 59.00 59.34 59.72 60.03 60.34 60.41 60.62 60.88
