everonasctiles/Tile33,41.asc
ncols 128
nrows 128
xllcorner 0
yllcorner 0
cellsize 2.0
NODATA_value  -9999
[rows 0 to 31 of 128, columns 0 to 70 of 128]
-19.69 -19.34 -19.00 -18.66 -18.31 -17.94 -17.59 -17.25 -16.88 -16.53 -16.19 -15.88 -15.56 -15.28 -14.97 -14.69 -14.41 -14.12 -13.84 -13.59 -13.34 -13.06 -12.84 -12.62 -12.41 -12.22 -12.03 -11.88 -11.72 -11.59 -11.44 -11.34 -11.25 -11.12 -11.03 -11.00 -10.91 -10.84 -10.81 -10.78 -10.75 -10.78 -10.81 -10.84 -10.88 -10.91 -10.97 -11.00 -11.06 -11.09 -11.12 -11.19 -11.22 -11.25 -11.28 -11.38 -11.41 -11.44 -11.47 -11.50 -11.56 -11.59 -11.62 -11.66 -11.69 -11.75 -11.78 -11.81 -11.84 -11.88 -11.91
-19.91 -19.56 -19.22 -18.88 -18.50 -18.16 -17.81 -17.44 -17.06 -16.72 -16.38 -16.03 -15.72 -15.38 -15.09 -14.78 -14.50 -14.22 -13.94 -13.66 -13.41 -13.12 -12.88 -12.66 -12.44 -12.25 -12.03 -11.88 -11.75 -11.59 -11.47 -11.34 -11.25 -11.09 -11.03 -10.97 -10.94 -10.91 -10.88 -10.81 -10.81 -10.81 -10.84 -10.91 -10.94 -10.97 -11.03 -11.06 -11.09 -11.16 -11.19 -11.22 -11.25 -11.28 -11.34 -11.41 -11.47 -11.53 -11.56 -11.59 -11.66 -11.69 -11.72 -11.78 -11.81 -11.84 -11.88 -11.91 -11.94 -11.97 -12.00
-20.12 -19.78 -19.44 -19.09 -18.72 -18.38 -18.00 -17.62 -17.25 -16.91 -16.53 -16.19 -15.84 -15.50 -15.19 -14.88 -14.59 -14.28 -14.00 -13.72 -13.44 -13.19 -12.91 -12.69 -12.47 -12.25 -12.06 -11.91 -11.75 -11.59 -11.47 -11.34 -11.25 -11.09 -11.03 -10.97 -10.94 -10.94 -10.91 -10.88 -10.88 -10.91 -10.91 -10.94 -11.00 -11.03 -11.09 -11.12 -11.19 -11.22 -11.25 -11.28 -11.31 -11.38 -11.44 -11.47 -11.53 -11.59 -11.66 -11.72 -11.75 -11.78 -11.84 -11.88 -11.91 -11.94 -11.97 -12.00 -12.03 -12.06 -12.09
-20.34 -20.00 -19.66 -19.28 -18.94 -18.56 -18.19 -17.81 -17.44 -17.06 -16.69 -16.34 -15.97 -15.62 -15.28 -14.97 -14.66 -14.34 -14.06 -13.78 -13.50 -13.22 -12.97 -12.72 -12.47 -12.28 -12.06 -11.91 -11.75 -11.59 -11.47 -11.38 -11.25 -11.12 -11.06 -11.00 -10.94 -10.94 -10.94 -10.94 -10.94 -10.97 -11.00 -11.00 -11.06 -11.09 -11.16 -11.19 -11.25 -11.31 -11.31 -11.38 -11.41 -11.47 -11.53 -11.56 -11.59 -11.66 -11.72 -11.78 -11.84 -11.91 -11.94 -12.00 -12.03 -12.06 -12.09 -12.12 -12.16 -12.16 -12.19
-20.56 -20.22 -19.84 -19.50 -19.12 -18.75 -18.38 -18.00 -17.62 -17.25 -16.84 -16.47 -16.12 -15.75 -15.38 -15.03 -14.69 -14.38 -14.09 -13.81 -13.53 -13.25 -13.00 -12.75 -12.50 -12.28 -12.09 -11.91 -11.75 -11.62 -11.50 -11.38 -11.25 -11.16 -11.09 -11.03 -10.97 -10.94 -10.94 -10.97 -11.00 -11.03 -11.06 -11.09 -11.12 -11.16 -11.22 -11.28 -11.34 -11.38 -11.41 -11.47 -11.50 -11.56 -11.62 -11.66 -11.69 -11.75 -11.81 -11.91 -11.94 -12.00 -12.06 -12.09 -12.16 -12.19 -12.22 -12.25 -12.25 -12.28 -12.28
-20.75 -20.41 -20.06 -19.69 -19.31 -18.94 -18.56 -18.19 -17.78 -17.41 -17.00 -16.62 -16.25 -15.84 -15.47 -15.12 -14.75 -14.41 -14.09 -13.81 -13.56 -13.28 -13.03 -12.78 -12.53 -12.31 -12.12 -11.94 -11.78 -11.62 -11.50 -11.38 -11.28 -11.19 -11.12 -11.06 -11.03 -10.97 -10.97 -11.03 -11.06 -11.09 -11.12 -11.16 -11.22 -11.25 -11.28 -11.34 -11.41 -11.44 -11.50 -11.56 -11.59 -11.66 -11.72 -11.75 -11.81 -11.88 -11.94 -12.00 -12.06 -12.12 -12.19 -12.22 -12.28 -12.31 -12.34 -12.34 -12.38 -12.38 -12.41
-20.94 -20.59 -20.25 -19.88 -19.50 -19.12 -18.75 -18.34 -17.94 -17.53 -17.12 -16.75 -16.34 -15.97 -15.56 -15.16 -14.81 -14.44 -14.09 -13.78 -13.50 -13.28 -13.03 -12.78 -12.56 -12.34 -12.12 -11.97 -11.78 -11.66 -11.53 -11.41 -11.28 -11.22 -11.16 -11.09 -11.06 -11.03 -11.06 -11.09 -11.16 -11.19 -11.22 -11.25 -11.28 -11.34 -11.38 -11.44 -11.50 -11.53 -11.59 -11.66 -11.72 -11.78 -11.81 -11.88 -11.94 -12.00 -12.06 -12.12 -12.19 -12.25 -12.31 -12.34 -12.41 -12.44 -12.47 -12.47 -12.50 -12.50 -12.53
-21.12 -20.78 -20.44 -20.06 -19.69 -19.31 -18.91 -18.50 -18.12 -17.69 -17.25 -16.84 -16.47 -16.06 -15.62 -15.22 -14.84 -14.47 -14.12 -13.78 -13.47 -13.19 -13.03 -12.78 -12.56 -12.34 -12.16 -11.97 -11.81 -11.69 -11.53 -11.41 -11.31 -11.25 -11.19 -11.16 -11.12 -11.09 -11.12 -11.19 -11.22 -11.25 -11.28 -11.31 -11.38 -11.41 -11.47 -11.53 -11.56 -11.62 -11.69 -11.75 -11.81 -11.88 -11.94 -12.00 -12.06 -12.12 -12.19 -12.25 -12.31 -12.38 -12.44 -12.47 -12.53 -12.56 -12.59 -12.62 -12.62 -12.66 -12.66
-21.31 -20.97 -20.59 -20.25 -19.91 -19.56 -19.09 -18.69 -18.28 -17.84 -17.41 -16.97 -16.56 -16.16 -15.69 -15.22 -14.84 -14.50 -14.16 -13.81 -13.47 -13.19 -12.94 -12.81 -12.56 -12.38 -12.16 -12.00 -11.84 -11.69 -11.56 -11.47 -11.38 -11.28 -11.25 -11.19 -11.19 -11.19 -11.22 -11.28 -11.31 -11.34 -11.38 -11.41 -11.47 -11.50 -11.56 -11.62 -11.69 -11.75 -11.81 -11.88 -11.94 -12.00 -12.06 -12.12 -12.19 -12.25 -12.31 -12.38 -12.47 -12.53 -12.56 -12.62 -12.69 -12.72 -12.75 -12.75 -12.78 -12.78 -12.78
-21.44 -21.12 -20.78 -20.41 -20.16 -19.81 -19.31 -18.88 -18.44 -18.00 -17.53 -17.09 -16.69 -16.25 -15.72 -15.28 -14.88 -14.44 -14.06 -13.78 -13.50 -13.22 -12.97 -12.78 -12.59 -12.38 -12.19 -12.03 -11.88 -11.72 -11.59 -11.50 -11.41 -11.34 -11.28 -11.25 -11.25 -11.25 -11.31 -11.38 -11.41 -11.44 -11.47 -11.50 -11.56 -11.62 -11.66 -11.72 -11.78 -11.84 -11.91 -12.00 -12.06 -12.12 -12.19 -12.25 -12.31 -12.41 -12.47 -12.53 -12.59 -12.66 -12.72 -12.78 -12.81 -12.84 -12.88 -12.91 -12.94 -12.94 -12.94
-21.56 -21.25 -20.91 -20.56 -20.50 -19.97 -19.50 -19.03 -18.56 -18.12 -17.69 -17.22 -16.81 -16.25 -15.75 -15.31 -14.84 -14.50 -14.00 -13.62 -13.34 -13.09 -12.94 -12.78 -12.56 -12.38 -12.22 -12.06 -11.91 -11.78 -11.66 -11.53 -11.47 -11.38 -11.31 -11.31 -11.31 -11.31 -11.41 -11.47 -11.50 -11.53 -11.56 -11.59 -11.66 -11.72 -11.78 -11.81 -11.91 -11.97 -12.03 -12.09 -12.19 -12.25 -12.31 -12.38 -12.47 -12.53 -12.59 -12.69 -12.75 -12.81 -12.88 -12.94 -12.97 -13.00 -13.03 -13.06 -13.09 -13.09 -13.09
-21.62 -21.31 -21.00 -20.78 -20.59 -20.22 -19.66 -19.16 -18.69 -18.25 -17.78 -17.34 -16.84 -16.28 -15.78 -15.34 -14.91 -14.44 -14.12 -13.62 -13.19 -13.09 -13.03 -12.78 -12.62 -12.41 -12.22 -12.09 -11.97 -11.84 -11.62 -11.50 -11.47 -11.44 -11.34 -11.31 -11.31 -11.41 -11.50 -11.56 -11.59 -11.62 -11.66 -11.72 -11.75 -11.81 -11.88 -11.94 -12.00 -12.09 -12.16 -12.22 -12.31 -12.38 -12.47 -12.53 -12.59 -12.69 -12.75 -12.84 -12.91 -12.97 -13.03 -13.09 -13.12 -13.19 -13.22 -13.22 -13.25 -13.25 -13.28
-21.69 -21.38 -21.06 -20.84 -20.47 -20.19 -19.72 -19.22 -18.78 -18.34 -17.91 -17.44 -16.94 -16.41 -15.88 -15.41 -14.97 -14.47 -14.03 -13.75 -13.06 -13.19 -13.03 -12.91 -12.72 -12.50 -12.31 -12.12 -12.03 -11.91 -11.66 -11.56 -11.53 -11.50 -11.47 -11.38 -11.41 -11.50 -11.62 -11.66 -11.69 -11.72 -11.75 -11.81 -11.88 -11.94 -12.00 -12.06 -12.12 -12.19 -12.28 -12.34 -12.44 -12.50 -12.59 -12.66 -12.75 -12.84 -12.91 -13.00 -13.06 -13.12 -13.19 -13.25 -13.31 -13.34 -13.38 -13.41 -13.44 -13.44 -13.44
-21.81 -21.47 -21.12 -20.91 -20.62 -20.34 -19.88 -19.34 -18.88 -18.44 -17.97 -17.53 -17.06 -16.59 -16.03 -15.53 -15.00 -14.56 -14.09 -13.78 -13.25 -13.22 -13.16 -13.06 -12.84 -12.66 -12.44 -12.28 -12.16 -11.94 -11.78 -11.62 -11.56 -11.59 -11.59 -11.53 -11.56 -11.72 -11.75 -11.75 -11.78 -11.81 -11.88 -11.91 -11.97 -12.06 -12.12 -12.16 -12.25 -12.31 -12.41 -12.47 -12.53 -12.62 -12.72 -12.81 -12.91 -13.00 -13.06 -13.16 -13.22 -13.31 -13.38 -13.44 -13.47 -13.53 -13.56 -13.59 -13.59 -13.62 -13.62
-21.78 -21.50 -21.38 -21.22 -20.88 -20.41 -19.84 -19.38 -18.97 -18.53 -18.06 -17.62 -17.16 -16.72 -16.19 -15.66 -15.12 -14.62 -14.25 -13.78 -13.50 -13.53 -13.34 -13.22 -13.00 -12.78 -12.59 -12.44 -12.31 -12.06 -11.94 -11.84 -11.69 -11.66 -11.75 -11.75 -11.81 -11.84 -11.84 -11.84 -11.88 -11.94 -12.00 -12.03 -12.09 -12.19 -12.25 -12.31 -12.38 -12.44 -12.53 -12.59 -12.69 -12.78 -12.88 -12.97 -13.06 -13.16 -13.25 -13.31 -13.41 -13.47 -13.53 -13.59 -13.66 -13.69 -13.75 -13.75 -13.78 -13.81 -13.81
-21.69 -21.44 -21.41 -21.12 -20.81 -20.44 -19.88 -19.47 -19.06 -18.59 -18.16 -17.69 -17.25 -16.78 -16.25 -15.78 -15.34 -14.91 -14.44 -13.75 -13.66 -13.66 -13.59 -13.41 -13.16 -12.94 -12.75 -12.59 -12.44 -12.22 -12.06 -11.97 -11.91 -11.81 -11.91 -11.97 -12.00 -11.97 -11.88 -11.84 -11.94 -12.00 -12.06 -12.16 -12.22 -12.31 -12.34 -12.44 -12.53 -12.59 -12.62 -12.72 -12.84 -12.94 -13.03 -13.12 -13.22 -13.31 -13.41 -13.50 -13.59 -13.66 -13.72 -13.78 -13.84 -13.88 -13.91 -13.94 -13.97 -14.00 -14.00
-21.66 -21.41 -21.34 -21.03 -20.72 -20.41 -19.84 -19.47 -19.09 -18.69 -18.22 -17.78 -17.34 -16.88 -16.34 -15.94 -15.62 -15.22 -14.72 -14.16 -14.03 -13.91 -13.75 -13.56 -13.34 -13.12 -12.91 -12.75 -12.59 -12.41 -12.28 -12.16 -12.03 -12.09 -12.16 -12.19 -12.06 -12.00 -11.97 -12.00 -12.06 -12.06 -12.12 -12.22 -12.31 -12.41 -12.50 -12.56 -12.62 -12.72 -12.81 -12.88 -12.97 -13.09 -13.19 -13.28 -13.38 -13.47 -13.56 -13.66 -13.75 -13.81 -13.91 -13.97 -14.03 -14.06 -14.12 -14.16 -14.19 -14.19 -14.22
-21.56 -21.44 -21.31 -21.03 -20.72 -20.31 -19.84 -19.47 -19.09 -18.69 -18.28 -17.88 -17.44 -17.00 -16.53 -16.06 -15.81 -15.44 -15.03 -14.72 -14.44 -14.19 -13.91 -13.69 -13.47 -13.28 -13.09 -12.91 -12.75 -12.59 -12.50 -12.41 -12.38 -12.41 -12.38 -12.09 -12.09 -12.16 -12.16 -12.19 -12.22 -12.28 -12.28 -12.31 -12.47 -12.56 -12.59 -12.66 -12.72 -12.81 -12.97 -13.03 -13.12 -13.22 -13.31 -13.44 -13.53 -13.66 -13.75 -13.84 -13.91 -14.00 -14.09 -14.16 -14.22 -14.28 -14.31 -14.34 -14.38 -14.41 -14.41
-21.53 -21.41 -21.28 -21.00 -20.66 -20.22 -19.81 -19.47 -19.09 -18.72 -18.31 -17.94 -17.53 -17.09 -16.72 -16.31 -15.97 -15.66 -15.31 -14.94 -14.66 -14.31 -14.06 -13.72 -13.44 -13.41 -13.28 -13.09 -12.97 -12.81 -12.69 -12.66 -12.66 -12.59 -12.38 -12.25 -12.22 -12.31 -12.38 -12.41 -12.47 -12.53 -12.50 -12.56 -12.66 -12.62 -12.69 -12.78 -12.84 -12.94 -13.09 -13.19 -13.28 -13.38 -13.47 -13.59 -13.69 -13.81 -13.91 -14.00 -14.09 -14.19 -14.28 -14.38 -14.44 -14.50 -14.50 -14.56 -14.56 -14.59 -14.62
-21.44 -21.34 -21.31 -20.91 -20.53 -20.16 -19.78 -19.44 -19.09 -18.72 -18.38 -17.97 -17.59 -17.22 -16.81 -16.47 -16.16 -15.81 -15.47 -15.16 -14.81 -14.50 -14.22 -13.88 -13.59 -13.47 -13.38 -13.25 -13.12 -13.00 -12.94 -12.91 -12.88 -12.72 -12.59 -12.56 -12.53 -12.53 -12.59 -12.62 -12.66 -12.69 -12.72 -12.75 -12.81 -12.81 -12.84 -12.91 -13.00 -13.09 -13.22 -13.34 -13.44 -13.53 -13.62 -13.75 -13.84 -13.97 -14.06 -14.16 -14.25 -14.38 -14.50 -14.59 -14.66 -14.72 -14.75 -14.75 -14.78 -14.81 -14.84
-21.34 -21.16 -21.00 -20.75 -20.41 -20.06 -19.75 -19.44 -19.09 -18.75 -18.41 -18.03 -17.66 -17.31 -16.94 -16.62 -16.28 -15.97 -15.62 -15.31 -15.03 -14.69 -14.41 -14.16 -13.94 -13.66 -13.41 -13.38 -13.28 -13.25 -13.19 -13.12 -13.03 -12.88 -12.84 -12.78 -12.78 -12.81 -12.81 -12.84 -12.84 -12.88 -12.91 -12.94 -12.97 -13.00 -13.03 -13.09 -13.16 -13.25 -13.34 -13.44 -13.56 -13.69 -13.78 -13.91 -14.00 -14.09 -14.22 -14.31 -14.44 -14.56 -14.69 -14.78 -14.84 -14.94 -15.06 -15.03 -15.06 -15.06 -15.06
-21.25 -21.03 -20.78 -20.56 -20.31 -20.03 -19.72 -19.41 -19.09 -18.75 -18.44 -18.06 -17.72 -17.38 -17.06 -16.72 -16.41 -16.09 -15.78 -15.50 -15.22 -14.94 -14.69 -14.44 -14.22 -13.97 -13.78 -13.62 -13.56 -13.41 -13.38 -13.31 -13.16 -13.12 -13.09 -13.09 -13.06 -13.06 -13.06 -13.06 -13.06 -13.06 -13.06 -13.09 -13.12 -13.19 -13.22 -13.28 -13.34 -13.41 -13.50 -13.59 -13.72 -13.84 -13.94 -14.03 -14.16 -14.25 -14.38 -14.53 -14.66 -14.72 -14.84 -14.94 -15.03 -15.09 -15.16 -15.19 -15.22 -15.25 -15.28
-21.16 -20.91 -20.69 -20.44 -20.19 -19.94 -19.66 -19.38 -19.09 -18.75 -18.44 -18.12 -17.78 -17.47 -17.16 -16.84 -16.53 -16.22 -15.94 -15.66 -15.41 -15.12 -14.91 -14.69 -14.47 -14.28 -14.09 -13.94 -13.81 -13.72 -13.66 -13.50 -13.41 -13.38 -13.34 -13.34 -13.31 -13.31 -13.28 -13.25 -13.25 -13.22 -13.22 -13.25 -13.28 -13.31 -13.38 -13.44 -13.50 -13.56 -13.66 -13.75 -13.88 -13.97 -14.09 -14.19 -14.28 -14.41 -14.53 -14.69 -14.81 -14.91 -15.03 -15.12 -15.19 -15.28 -15.34 -15.41 -15.47 -15.47 -15.47
-21.03 -20.81 -20.59 -20.38 -20.12 -19.88 -19.59 -19.34 -19.06 -18.78 -18.47 -18.12 -17.84 -17.53 -17.22 -16.94 -16.62 -16.34 -16.06 -15.81 -15.56 -15.31 -15.09 -14.91 -14.69 -14.53 -14.34 -14.22 -14.09 -14.00 -13.88 -13.78 -13.72 -13.69 -13.62 -13.59 -13.59 -13.56 -13.50 -13.47 -13.41 -13.38 -13.38 -13.38 -13.41 -13.47 -13.50 -13.56 -13.62 -13.72 -13.81 -13.91 -14.00 -14.09 -14.22 -14.31 -14.44 -14.53 -14.66 -14.81 -14.97 -15.12 -15.25 -15.38 -15.50 -15.50 -15.56 -15.62 -15.69 -15.72 -15.75
-20.94 -20.72 -20.50 -20.28 -20.03 -19.78 -19.53 -19.28 -19.00 -18.72 -18.47 -18.16 -17.88 -17.56 -17.31 -17.00 -16.72 -16.47 -16.22 -15.97 -15.72 -15.50 -15.28 -15.09 -14.91 -14.75 -14.59 -14.44 -14.34 -14.22 -14.12 -14.06 -14.00 -13.94 -13.88 -13.84 -13.81 -13.81 -13.72 -13.62 -13.56 -13.53 -13.53 -13.53 -13.53 -13.59 -13.62 -13.69 -13.78 -13.84 -13.94 -14.03 -14.12 -14.22 -14.31 -14.44 -14.56 -14.66 -14.78 -14.94 -15.09 -15.25 -15.44 -15.56 -15.66 -15.66 -15.66 -15.78 -15.91 -15.94 -16.00
-20.84 -20.62 -20.41 -20.19 -19.97 -19.72 -19.47 -19.22 -18.97 -18.72 -18.44 -18.19 -17.91 -17.62 -17.34 -17.09 -16.84 -16.59 -16.34 -16.09 -15.88 -15.66 -15.47 -15.28 -15.12 -14.97 -14.81 -14.69 -14.56 -14.47 -14.38 -14.28 -14.22 -14.16 -14.12 -14.09 -14.06 -14.00 -13.84 -13.78 -13.72 -13.69 -13.66 -13.66 -13.66 -13.69 -13.75 -13.81 -13.88 -13.97 -14.06 -14.16 -14.25 -14.34 -14.44 -14.56 -14.69 -14.78 -14.88 -15.03 -15.19 -15.38 -15.50 -15.62 -15.75 -15.78 -15.81 -15.91 -16.06 -16.09 -16.16
-20.75 -20.53 -20.34 -20.12 -19.91 -19.66 -19.44 -19.19 -18.94 -18.69 -18.44 -18.19 -17.91 -17.66 -17.44 -17.16 -16.94 -16.69 -16.47 -16.25 -16.03 -15.84 -15.66 -15.47 -15.31 -15.16 -15.03 -14.91 -14.81 -14.69 -14.59 -14.50 -14.47 -14.41 -14.31 -14.22 -14.12 -14.03 -13.97 -13.91 -13.84 -13.81 -13.78 -13.75 -13.78 -13.81 -13.88 -13.94 -14.00 -14.06 -14.16 -14.25 -14.34 -14.47 -14.56 -14.69 -14.78 -14.88 -15.00 -15.12 -15.25 -15.44 -15.56 -15.69 -15.78 -15.91 -15.97 -16.06 -16.19 -16.22 -16.28
-20.62 -20.44 -20.25 -20.03 -19.81 -19.59 -19.38 -19.16 -18.91 -18.69 -18.44 -18.19 -17.94 -17.72 -17.47 -17.25 -17.03 -16.78 -16.59 -16.38 -16.16 -15.97 -15.81 -15.62 -15.47 -15.38 -15.25 -15.12 -15.00 -14.88 -14.78 -14.72 -14.62 -14.50 -14.41 -14.31 -14.25 -14.22 -14.12 -14.06 -14.00 -13.94 -13.88 -13.84 -13.88 -13.91 -13.97 -14.03 -14.09 -14.16 -14.25 -14.34 -14.44 -14.56 -14.69 -14.78 -14.88 -15.00 -15.09 -15.22 -15.34 -15.50 -15.62 -15.75 -15.88 -16.00 -16.12 -16.22 -16.31 -16.34 -16.44
-20.53 -20.34 -20.16 -19.97 -19.75 -19.56 -19.34 -19.12 -18.91 -18.66 -18.44 -18.22 -17.97 -17.75 -17.53 -17.31 -17.12 -16.91 -16.69 -16.50 -16.31 -16.12 -15.97 -15.81 -15.75 -15.62 -15.53 -15.34 -15.19 -15.06 -14.97 -14.81 -14.72 -14.62 -14.56 -14.53 -14.59 -14.41 -14.25 -14.16 -14.09 -14.03 -13.97 -13.94 -13.94 -13.97 -14.03 -14.09 -14.19 -14.25 -14.34 -14.44 -14.56 -14.66 -14.78 -14.88 -14.97 -15.09 -15.19 -15.31 -15.44 -15.56 -15.69 -15.81 -15.97 -16.09 -16.22 -16.38 -16.50 -16.59 -16.59
-20.41 -20.25 -20.06 -19.88 -19.69 -19.50 -19.28 -19.09 -18.88 -18.66 -18.44 -18.22 -18.00 -17.78 -17.59 -17.41 -17.19 -17.00 -16.81 -16.62 -16.44 -16.28 -16.09 -16.00 -15.94 -15.81 -15.72 -15.56 -15.34 -15.22 -15.09 -14.97 -14.94 -14.88 -14.88 -14.78 -14.62 -14.47 -14.34 -14.25 -14.19 -14.09 -14.03 -14.00 -14.00 -14.06 -14.09 -14.19 -14.25 -14.34 -14.44 -14.56 -14.66 -14.75 -14.84 -14.97 -15.06 -15.19 -15.28 -15.41 -15.53 -15.66 -15.78 -15.91 -16.03 -16.16 -16.31 -16.44 -16.56 -16.66 -16.69
-20.31 -20.16 -20.00 -19.81 -19.62 -19.44 -19.25 -19.06 -18.84 -18.62 -18.41 -18.22 -18.00 -17.81 -17.66 -17.47 -17.28 -17.09 -16.91 -16.75 -16.56 -16.41 -16.25 -16.19 -16.09 -15.94 -15.88 -15.72 -15.50 -15.34 -15.22 -15.16 -15.03 -15.06 -14.97 -14.81 -14.69 -14.53 -14.41 -14.31 -14.25 -14.16 -14.09 -14.03 -14.06 -14.09 -14.16 -14.22 -14.34 -14.44 -14.53 -14.66 -14.75 -14.84 -14.94 -15.03 -15.16 -15.25 -15.38 -15.50 -15.62 -15.75 -15.88 -16.00 -16.12 -16.25 -16.38 -16.50 -16.62 -16.72 -16.91
-20.22 -20.06 -19.91 -19.75 -19.56 -19.41 -19.22 -19.03 -18.81 -18.59 -18.38 -18.16 -18.00 -17.84 -17.72 -17.53 -17.38 -17.19 -17.03 -16.84 -16.69 -16.53 -16.38 -16.31 -16.22 -16.06 -15.97 -15.78 -15.59 -15.44 -15.34 -15.19 -15.12 -15.12 -15.03 -14.88 -14.72 -14.56 -14.44 -14.34 -14.31 -14.22 -14.12 -14.06 -14.09 -14.12 -14.19 -14.28 -14.41 -14.56 -14.62 -14.72 -14.81 -14.94 -15.00 -15.12 -15.22 -15.31 -15.44 -15.56 -15.69 -15.81 -15.94 -16.06 -16.22 -16.34 -16.44 -16.56 -16.69 -16.94 -17.09
