everonasctiles/Tile[11,23].asc
ncols 128
nrows 128
xllcorner 0
yllcorner 0
cellsize 2.0
NODATA_value  -9999
[rows 32 to 63 of 128, columns 0 to 70 of 128]
98.44 98.69 98.97 99.25 99.50 99.75 99.97 100.19 100.38 100.56 100.72 100.91 101.06 101.25 101.44 101.59 101.78 102.00 102.19 102.38 102.56 102.75 102.94 103.09 103.28 103.44 103.59 103.78 103.94 104.12 104.31 104.50 104.72 104.94 105.16 105.38 105.59 105.81 106.03 106.25 106.47 106.66 106.88 107.06 107.28 107.47 107.66 107.81 108.00 108.16 108.31 108.47 108.62 108.78 108.97 109.12 109.28 109.47 109.62 109.81 109.97 110.16 110.34 110.53 110.72 110.94 111.16 111.41 111.62 111.88 112.12
98.53 98.81 99.06 99.31 99.56 99.81 100.03 100.25 100.41 100.59 100.75 100.91 101.09 101.28 101.44 101.62 101.84 102.03 102.25 102.44 102.62 102.81 103.00 103.19 103.34 103.50 103.69 103.84 104.00 104.16 104.34 104.53 104.75 104.97 105.19 105.41 105.62 105.84 106.06 106.28 106.50 106.72 106.94 107.12 107.34 107.53 107.72 107.91 108.06 108.22 108.41 108.53 108.69 108.84 109.03 109.19 109.34 109.50 109.69 109.84 110.03 110.22 110.41 110.59 110.81 111.03 111.25 111.50 111.72 111.97 112.22
98.66 98.91 99.16 99.41 99.66 99.88 100.09 100.28 100.47 100.62 100.78 100.94 101.12 101.28 101.47 101.66 101.88 102.06 102.28 102.50 102.69 102.88 103.06 103.25 103.44 103.59 103.75 103.91 104.06 104.22 104.38 104.56 104.78 105.00 105.22 105.44 105.66 105.88 106.09 106.31 106.53 106.75 106.97 107.19 107.41 107.59 107.78 107.97 108.12 108.31 108.47 108.62 108.75 108.91 109.06 109.25 109.41 109.56 109.75 109.94 110.09 110.28 110.47 110.69 110.91 111.12 111.34 111.59 111.81 112.06 112.31
98.75 99.03 99.28 99.50 99.72 99.94 100.16 100.34 100.53 100.69 100.84 101.00 101.16 101.31 101.50 101.69 101.91 102.09 102.31 102.53 102.75 102.94 103.16 103.34 103.50 103.66 103.81 103.97 104.09 104.25 104.44 104.59 104.81 105.03 105.25 105.47 105.69 105.91 106.09 106.31 106.53 106.75 107.00 107.22 107.47 107.66 107.84 108.03 108.19 108.38 108.53 108.69 108.81 108.97 109.12 109.31 109.47 109.62 109.81 110.00 110.19 110.38 110.56 110.78 111.00 111.22 111.47 111.69 111.94 112.16 112.44
98.91 99.16 99.41 99.59 99.81 100.03 100.22 100.41 100.59 100.75 100.91 101.06 101.22 101.38 101.53 101.72 101.91 102.12 102.34 102.56 102.78 103.00 103.19 103.38 103.56 103.75 103.88 104.03 104.16 104.28 104.44 104.62 104.84 105.06 105.28 105.50 105.72 105.91 106.09 106.31 106.53 106.78 107.03 107.28 107.50 107.72 107.91 108.09 108.28 108.44 108.59 108.75 108.91 109.03 109.19 109.38 109.53 109.72 109.88 110.06 110.28 110.47 110.66 110.88 111.12 111.34 111.56 111.78 112.03 112.28 112.53
99.22 99.41 99.59 99.78 100.00 100.19 100.38 100.53 100.72 100.88 101.03 101.19 101.31 101.44 101.59 101.75 101.94 102.12 102.34 102.56 102.78 103.00 103.22 103.44 103.62 103.81 103.94 104.09 104.22 104.34 104.50 104.69 104.91 105.12 105.34 105.56 105.78 105.94 106.12 106.34 106.56 106.81 107.03 107.31 107.53 107.78 107.94 108.09 108.22 108.41 108.59 108.81 108.97 109.12 109.28 109.44 109.59 109.78 109.97 110.16 110.34 110.56 110.78 111.00 111.22 111.44 111.66 111.91 112.12 112.38 112.62
99.59 99.78 99.94 100.09 100.22 100.41 100.59 100.75 100.88 101.06 101.19 101.34 101.47 101.59 101.72 101.84 102.00 102.16 102.34 102.59 102.81 103.03 103.28 103.50 103.72 103.91 104.06 104.19 104.28 104.41 104.56 104.78 105.03 105.28 105.47 105.66 105.84 106.03 106.22 106.44 106.66 106.88 107.12 107.34 107.59 107.78 107.94 108.03 108.19 108.38 108.56 108.75 108.91 109.09 109.31 109.50 109.66 109.84 110.03 110.25 110.47 110.69 110.91 111.12 111.34 111.56 111.78 112.00 112.22 112.47 112.72
100.09 100.31 100.44 100.53 100.62 100.81 100.94 101.09 101.28 101.41 101.56 101.62 101.78 101.91 102.09 102.19 102.31 102.44 102.53 102.72 102.97 103.25 103.47 103.66 103.84 104.03 104.19 104.25 104.38 104.56 104.81 105.03 105.31 105.50 105.66 105.78 105.94 106.12 106.34 106.56 106.81 107.00 107.22 107.44 107.66 107.81 107.94 108.06 108.22 108.41 108.53 108.66 108.81 109.03 109.28 109.56 109.75 109.94 110.12 110.34 110.56 110.81 111.03 111.25 111.44 111.66 111.88 112.09 112.34 112.56 112.81
100.62 100.88 101.03 101.06 101.06 101.19 101.44 101.69 101.84 101.91 102.00 102.12 102.28 102.38 102.53 102.66 102.72 102.81 102.94 103.16 103.41 103.69 103.97 104.16 104.25 104.31 104.41 104.53 104.72 104.97 105.22 105.50 105.75 105.84 105.91 106.00 106.06 106.28 106.53 106.78 107.03 107.22 107.44 107.66 107.81 107.91 108.00 108.16 108.38 108.62 108.69 108.78 108.94 109.12 109.41 109.69 109.88 110.03 110.22 110.41 110.66 110.91 111.16 111.34 111.50 111.78 112.00 112.22 112.44 112.66 112.91
100.81 101.03 101.19 101.31 101.41 101.59 101.88 102.12 102.28 102.38 102.41 102.50 102.62 102.75 102.88 103.00 103.16 103.28 103.44 103.66 103.94 104.25 104.47 104.62 104.72 104.72 104.72 104.81 105.09 105.41 105.72 105.97 106.19 106.31 106.41 106.38 106.47 106.69 107.00 107.28 107.53 107.75 108.00 108.22 108.41 108.53 108.66 108.78 109.00 109.22 109.34 109.44 109.56 109.75 109.97 110.19 110.34 110.53 110.69 110.91 111.16 111.38 111.59 111.72 111.81 111.94 112.12 112.34 112.53 112.78 113.03
100.78 101.00 101.16 101.34 101.50 101.66 101.88 102.09 102.25 102.38 102.47 102.59 102.72 102.88 103.03 103.19 103.34 103.53 103.78 104.03 104.25 104.53 104.69 104.75 104.81 104.84 104.94 105.06 105.28 105.56 105.88 106.16 106.44 106.66 106.84 106.94 107.12 107.38 107.72 108.00 108.28 108.50 108.75 108.94 109.03 109.12 109.22 109.38 109.56 109.78 110.00 110.19 110.38 110.56 110.75 110.94 111.06 111.28 111.47 111.75 112.03 112.25 112.41 112.53 112.53 112.47 112.44 112.53 112.72 112.97 113.25
100.75 100.97 101.16 101.34 101.50 101.69 101.88 102.03 102.22 102.34 102.50 102.66 102.78 102.94 103.09 103.28 103.44 103.62 103.84 104.09 104.28 104.47 104.62 104.78 104.88 104.97 105.09 105.25 105.44 105.69 105.94 106.22 106.47 106.69 106.94 107.12 107.34 107.59 107.94 108.25 108.53 108.78 108.97 109.09 109.22 109.34 109.47 109.59 109.78 109.97 110.19 110.41 110.69 110.97 111.16 111.34 111.53 111.72 111.94 112.22 112.50 112.72 112.94 113.06 113.03 113.03 113.06 113.16 113.31 113.53 113.78
100.75 100.94 101.16 101.31 101.50 101.69 101.84 102.03 102.19 102.34 102.50 102.66 102.81 102.97 103.16 103.31 103.50 103.69 103.88 104.06 104.25 104.44 104.62 104.78 104.91 105.03 105.19 105.34 105.56 105.78 106.00 106.25 106.50 106.72 106.94 107.16 107.38 107.62 107.94 108.25 108.56 108.78 109.00 109.19 109.34 109.47 109.62 109.78 109.94 110.12 110.31 110.50 110.69 110.88 111.06 111.25 111.47 111.69 111.94 112.22 112.50 112.75 112.94 113.09 113.22 113.31 113.44 113.59 113.78 114.03 114.31
100.75 100.94 101.12 101.31 101.50 101.69 101.84 102.03 102.19 102.38 102.53 102.69 102.84 103.00 103.19 103.34 103.53 103.72 103.88 104.06 104.22 104.44 104.62 104.78 104.94 105.09 105.25 105.44 105.62 105.84 106.06 106.28 106.50 106.75 106.94 107.16 107.41 107.66 107.94 108.25 108.53 108.78 109.00 109.22 109.38 109.56 109.72 109.88 110.03 110.22 110.38 110.56 110.75 110.91 111.09 111.28 111.50 111.72 111.97 112.25 112.50 112.75 113.00 113.19 113.38 113.53 113.69 113.88 114.12 114.38 114.66
100.75 100.94 101.12 101.31 101.50 101.69 101.88 102.03 102.22 102.38 102.53 102.72 102.88 103.06 103.22 103.41 103.56 103.75 103.94 104.09 104.28 104.44 104.62 104.81 104.97 105.16 105.31 105.50 105.69 105.91 106.12 106.31 106.53 106.75 106.97 107.19 107.41 107.66 107.94 108.25 108.53 108.78 109.00 109.22 109.44 109.59 109.78 109.94 110.12 110.28 110.47 110.62 110.81 110.97 111.12 111.34 111.56 111.78 112.03 112.31 112.56 112.84 113.06 113.31 113.50 113.72 113.91 114.12 114.38 114.66 114.94
100.75 100.94 101.12 101.31 101.50 101.69 101.88 102.06 102.22 102.41 102.56 102.75 102.91 103.09 103.28 103.47 103.62 103.81 104.00 104.19 104.34 104.53 104.69 104.84 105.03 105.19 105.38 105.56 105.75 105.97 106.16 106.38 106.59 106.78 107.00 107.19 107.44 107.69 107.97 108.25 108.53 108.78 109.03 109.25 109.47 109.66 109.84 110.03 110.19 110.38 110.53 110.72 110.88 111.06 111.22 111.44 111.66 111.88 112.12 112.41 112.66 112.94 113.19 113.41 113.66 113.88 114.09 114.34 114.59 114.88 115.16
100.75 100.94 101.16 101.34 101.53 101.69 101.88 102.06 102.25 102.44 102.59 102.78 102.97 103.16 103.31 103.50 103.69 103.91 104.06 104.25 104.44 104.59 104.78 104.94 105.09 105.28 105.44 105.62 105.81 106.03 106.22 106.41 106.62 106.81 107.03 107.25 107.47 107.72 108.00 108.28 108.56 108.81 109.06 109.28 109.50 109.72 109.91 110.09 110.28 110.47 110.62 110.81 110.97 111.16 111.34 111.53 111.78 112.00 112.25 112.53 112.78 113.03 113.28 113.53 113.78 114.03 114.28 114.53 114.81 115.06 115.34
100.75 100.97 101.16 101.34 101.53 101.72 101.91 102.09 102.28 102.47 102.66 102.81 103.00 103.19 103.38 103.59 103.78 103.97 104.16 104.34 104.53 104.69 104.84 105.03 105.19 105.34 105.53 105.69 105.88 106.09 106.28 106.47 106.69 106.88 107.06 107.28 107.53 107.78 108.03 108.31 108.59 108.88 109.12 109.34 109.56 109.78 110.00 110.19 110.38 110.56 110.75 110.91 111.09 111.28 111.47 111.69 111.91 112.12 112.38 112.66 112.91 113.16 113.44 113.69 113.94 114.19 114.44 114.69 114.97 115.25 115.53
100.78 100.97 101.16 101.34 101.56 101.75 101.94 102.12 102.31 102.50 102.69 102.88 103.06 103.25 103.47 103.66 103.84 104.06 104.25 104.44 104.59 104.78 104.94 105.09 105.28 105.44 105.59 105.78 105.97 106.16 106.34 106.56 106.75 106.94 107.16 107.38 107.59 107.84 108.09 108.38 108.66 108.94 109.19 109.41 109.66 109.88 110.06 110.28 110.47 110.66 110.84 111.03 111.22 111.41 111.62 111.81 112.03 112.28 112.53 112.78 113.03 113.31 113.56 113.81 114.06 114.34 114.59 114.84 115.12 115.41 115.69
100.78 100.97 101.19 101.38 101.56 101.75 101.94 102.16 102.34 102.53 102.72 102.94 103.12 103.31 103.53 103.72 103.94 104.12 104.34 104.50 104.69 104.88 105.03 105.19 105.38 105.53 105.69 105.88 106.03 106.22 106.44 106.62 106.84 107.03 107.25 107.47 107.69 107.94 108.19 108.47 108.75 109.00 109.25 109.50 109.72 109.94 110.16 110.38 110.59 110.78 110.97 111.19 111.38 111.56 111.78 111.97 112.19 112.44 112.66 112.91 113.19 113.44 113.69 113.94 114.22 114.47 114.75 115.00 115.28 115.53 115.81
100.81 101.00 101.19 101.41 101.59 101.78 101.97 102.19 102.38 102.59 102.78 103.00 103.19 103.41 103.59 103.81 104.03 104.22 104.41 104.59 104.78 104.97 105.12 105.28 105.47 105.62 105.78 105.97 106.12 106.31 106.50 106.72 106.94 107.12 107.34 107.56 107.81 108.03 108.28 108.56 108.81 109.09 109.34 109.59 109.81 110.06 110.28 110.50 110.69 110.91 111.12 111.31 111.50 111.72 111.91 112.12 112.34 112.56 112.81 113.06 113.31 113.56 113.81 114.09 114.34 114.62 114.88 115.16 115.41 115.69 115.94
100.81 101.00 101.22 101.41 101.62 101.81 102.00 102.22 102.44 102.62 102.84 103.06 103.25 103.47 103.69 103.91 104.09 104.31 104.50 104.69 104.88 105.06 105.22 105.38 105.56 105.72 105.88 106.06 106.22 106.41 106.59 106.81 107.03 107.22 107.44 107.69 107.91 108.16 108.41 108.66 108.91 109.19 109.44 109.69 109.94 110.16 110.41 110.62 110.84 111.03 111.25 111.44 111.66 111.88 112.06 112.28 112.50 112.72 112.97 113.19 113.44 113.69 113.97 114.22 114.50 114.75 115.03 115.28 115.56 115.81 116.09
100.84 101.03 101.22 101.44 101.62 101.84 102.06 102.25 102.47 102.69 102.91 103.12 103.34 103.56 103.78 104.00 104.19 104.41 104.59 104.78 104.97 105.16 105.31 105.47 105.66 105.81 105.97 106.16 106.31 106.50 106.72 106.91 107.12 107.34 107.56 107.78 108.03 108.25 108.50 108.75 109.00 109.28 109.56 109.81 110.06 110.28 110.53 110.75 110.97 111.19 111.38 111.59 111.81 112.00 112.22 112.44 112.66 112.88 113.09 113.34 113.59 113.84 114.09 114.38 114.62 114.91 115.16 115.44 115.69 115.97 116.22
100.84 101.06 101.25 101.47 101.66 101.88 102.09 102.31 102.53 102.75 102.97 103.19 103.41 103.62 103.84 104.06 104.28 104.50 104.69 104.88 105.06 105.22 105.41 105.56 105.75 105.91 106.06 106.25 106.44 106.62 106.81 107.00 107.22 107.44 107.66 107.91 108.12 108.38 108.62 108.88 109.12 109.41 109.66 109.94 110.19 110.41 110.66 110.88 111.09 111.31 111.53 111.75 111.94 112.16 112.38 112.59 112.81 113.03 113.25 113.50 113.72 113.97 114.25 114.50 114.78 115.03 115.28 115.56 115.81 116.09 116.34
100.88 101.06 101.28 101.50 101.69 101.91 102.12 102.34 102.59 102.81 103.03 103.28 103.50 103.72 103.94 104.16 104.38 104.56 104.78 104.97 105.16 105.31 105.50 105.66 105.84 106.00 106.16 106.34 106.53 106.72 106.91 107.12 107.34 107.56 107.78 108.00 108.25 108.50 108.75 109.00 109.25 109.53 109.81 110.06 110.31 110.56 110.81 111.03 111.25 111.47 111.66 111.88 112.09 112.31 112.53 112.72 112.94 113.19 113.41 113.62 113.88 114.12 114.38 114.66 114.91 115.16 115.44 115.69 115.97 116.22 116.47
100.91 101.09 101.31 101.53 101.75 101.97 102.19 102.41 102.66 102.88 103.12 103.34 103.56 103.81 104.03 104.25 104.47 104.66 104.84 105.06 105.25 105.41 105.59 105.75 105.94 106.09 106.28 106.44 106.62 106.81 107.03 107.22 107.44 107.66 107.88 108.12 108.34 108.59 108.84 109.09 109.38 109.66 109.94 110.19 110.44 110.69 110.94 111.16 111.38 111.59 111.81 112.03 112.25 112.47 112.66 112.88 113.09 113.31 113.53 113.78 114.03 114.25 114.53 114.78 115.06 115.31 115.56 115.84 116.09 116.34 116.59
100.94 101.16 101.38 101.59 101.81 102.03 102.25 102.50 102.72 102.97 103.19 103.44 103.66 103.88 104.09 104.31 104.53 104.75 104.94 105.12 105.31 105.50 105.69 105.84 106.03 106.19 106.38 106.56 106.75 106.94 107.12 107.34 107.56 107.78 108.00 108.22 108.47 108.72 108.97 109.25 109.50 109.78 110.06 110.34 110.59 110.84 111.09 111.31 111.53 111.75 111.97 112.19 112.41 112.59 112.81 113.03 113.25 113.47 113.69 113.94 114.16 114.41 114.66 114.94 115.19 115.47 115.72 115.97 116.22 116.47 116.72
101.00 101.22 101.44 101.66 101.88 102.09 102.34 102.56 102.81 103.03 103.28 103.50 103.75 103.97 104.19 104.41 104.62 104.81 105.03 105.22 105.41 105.59 105.78 105.94 106.12 106.28 106.47 106.66 106.84 107.03 107.25 107.44 107.66 107.88 108.09 108.34 108.56 108.84 109.09 109.38 109.62 109.91 110.19 110.47 110.72 110.97 111.22 111.44 111.66 111.88 112.09 112.31 112.53 112.75 112.97 113.19 113.41 113.62 113.84 114.06 114.31 114.56 114.81 115.09 115.34 115.62 115.88 116.12 116.38 116.59 116.84
101.06 101.28 101.50 101.72 101.94 102.16 102.41 102.62 102.88 103.09 103.34 103.59 103.81 104.03 104.25 104.47 104.69 104.91 105.09 105.31 105.50 105.69 105.88 106.03 106.22 106.41 106.56 106.75 106.97 107.16 107.34 107.53 107.75 107.97 108.19 108.44 108.69 108.94 109.22 109.47 109.75 110.03 110.31 110.56 110.84 111.09 111.34 111.59 111.81 112.03 112.25 112.47 112.69 112.91 113.12 113.34 113.56 113.78 114.00 114.25 114.47 114.72 114.97 115.25 115.50 115.78 116.03 116.25 116.50 116.75 116.97
101.12 101.34 101.56 101.78 102.00 102.22 102.47 102.69 102.94 103.16 103.41 103.62 103.88 104.09 104.31 104.53 104.75 104.97 105.19 105.38 105.59 105.78 105.97 106.16 106.31 106.50 106.69 106.88 107.06 107.25 107.44 107.62 107.84 108.06 108.28 108.53 108.78 109.06 109.31 109.59 109.88 110.12 110.41 110.69 110.94 111.22 111.47 111.72 111.94 112.19 112.41 112.62 112.84 113.06 113.28 113.50 113.75 113.97 114.19 114.41 114.66 114.91 115.16 115.41 115.69 115.94 116.16 116.41 116.62 116.88 117.09
101.19 101.41 101.62 101.84 102.06 102.28 102.50 102.75 102.97 103.22 103.47 103.69 103.94 104.16 104.38 104.59 104.81 105.00 105.22 105.41 105.62 105.81 106.03 106.22 106.41 106.59 106.78 106.97 107.16 107.34 107.53 107.72 107.94 108.16 108.38 108.62 108.88 109.12 109.41 109.69 109.94 110.22 110.50 110.78 111.06 111.31 111.56 111.81 112.06 112.31 112.53 112.75 113.00 113.22 113.44 113.66 113.88 114.12 114.34 114.59 114.84 115.06 115.34 115.59 115.84 116.09 116.31 116.56 116.78 117.00 117.22
101.25 101.47 101.66 101.88 102.09 102.31 102.56 102.78 103.03 103.25 103.50 103.75 103.97 104.19 104.41 104.62 104.84 105.03 105.25 105.44 105.66 105.84 106.03 106.25 106.44 106.62 106.81 107.03 107.22 107.41 107.59 107.78 108.00 108.22 108.44 108.69 108.97 109.22 109.50 109.75 110.03 110.31 110.59 110.88 111.16 111.41 111.69 111.94 112.19 112.44 112.66 112.91 113.12 113.34 113.56 113.81 114.03 114.25 114.50 114.75 114.97 115.22 115.50 115.75 116.00 116.25 116.47 116.69 116.91 117.12 117.34
