everonasctiles/Tile16,16.asc
ncols 128
nrows 128
xllcorner 0
yllcorner 0
cellsize 2.0
NODATA_value  -9999
[rows 0 to 32 of 128, columns 0 to 73 of 128]
122.72 122.25 121.97 121.59 121.19 120.84 120.44 120.03 119.59 119.09 118.66 118.19 117.78 117.41 117.16 116.84 116.50 116.12 115.75 115.38 114.94 114.53 114.12 113.72 113.38 113.28 113.00 112.69 112.31 112.00 111.62 111.28 110.97 110.56 110.16 109.72 109.31 109.06 108.12 107.06 106.91 106.78 106.66 106.53 106.03 105.22 104.75 104.22 103.72 103.22 102.75 102.25 101.81 101.28 100.91 100.44 100.12 99.72 99.38 99.00 98.66 98.31 98.06 97.75 97.53 97.31 97.09 96.88 96.62 96.38 96.12 95.84 95.59 95.28
122.75 122.41 122.03 121.66 121.25 120.84 120.47 119.97 119.59 119.12 118.69 118.38 117.91 117.56 117.19 116.88 116.50 116.09 115.75 115.41 115.00 114.62 114.28 113.94 113.56 113.09 112.72 112.59 112.34 112.00 111.59 111.25 110.84 110.50 110.09 109.72 109.31 108.94 108.44 107.12 106.66 106.53 106.41 106.25 106.06 105.28 104.72 104.19 103.69 103.19 102.69 102.22 101.75 101.25 100.84 100.38 99.97 99.62 99.25 99.00 98.62 98.28 98.03 97.81 97.50 97.34 97.12 96.88 96.62 96.38 96.09 95.84 95.56 95.22
122.81 122.50 122.06 121.59 121.25 120.81 120.41 119.97 119.53 119.22 118.81 118.41 118.00 117.56 117.28 116.88 116.34 116.19 115.78 115.34 114.91 114.53 114.19 113.75 113.47 113.06 112.62 112.16 111.97 111.94 111.50 111.16 110.81 110.38 110.03 109.62 109.19 108.81 108.50 107.56 106.41 106.28 106.12 106.00 105.88 105.38 104.66 104.16 103.66 103.16 102.69 102.22 101.75 101.31 100.81 100.38 100.00 99.62 99.19 98.88 98.59 98.31 98.03 97.78 97.59 97.34 97.12 96.88 96.66 96.34 96.06 95.78 95.50 95.22
122.94 122.53 122.16 121.62 121.28 120.84 120.38 119.97 119.59 119.19 118.78 118.38 117.94 117.34 117.00 116.75 116.44 115.91 115.50 115.22 114.88 114.59 114.06 113.78 113.41 113.00 112.69 112.34 111.91 111.62 111.28 110.97 110.59 110.31 109.91 109.53 109.12 108.72 108.38 107.78 106.50 106.00 105.88 105.75 105.62 105.41 104.66 104.09 103.62 103.16 102.69 102.22 101.75 101.31 100.81 100.31 99.94 99.56 99.19 98.84 98.56 98.25 98.00 97.75 97.53 97.34 97.16 96.88 96.59 96.31 96.03 95.75 95.44 95.06
123.00 122.56 122.03 121.72 121.22 120.81 120.44 119.91 119.44 119.00 118.47 117.94 117.66 117.72 117.44 117.03 116.56 116.12 115.75 115.31 114.88 114.44 114.19 113.75 113.31 113.03 112.59 112.22 112.03 111.62 111.25 110.97 110.53 110.09 109.81 109.44 109.03 108.59 108.19 107.81 106.84 105.75 105.62 105.47 105.34 105.22 104.75 104.09 103.59 103.16 102.69 102.22 101.75 101.28 100.84 100.34 99.91 99.56 99.22 98.88 98.53 98.28 98.00 97.78 97.56 97.38 97.12 96.84 96.53 96.25 95.91 95.62 95.28 95.06
122.88 122.50 122.25 121.75 121.38 120.78 120.25 120.00 119.62 119.22 118.69 118.56 118.22 117.88 117.50 117.00 116.69 116.22 115.75 115.41 114.91 114.62 114.19 113.88 113.53 113.09 112.69 112.25 111.72 111.47 111.16 110.72 110.44 110.03 109.56 109.22 108.78 108.50 108.06 107.59 107.06 105.81 105.34 105.22 105.09 104.97 104.81 104.12 103.59 103.09 102.62 102.16 101.75 101.25 100.81 100.31 99.84 99.50 99.06 98.81 98.53 98.22 97.97 97.78 97.53 97.31 97.03 96.81 96.50 96.16 95.88 95.53 95.19 94.88
123.12 122.75 122.28 121.66 121.09 120.94 120.56 120.03 119.59 119.12 119.03 118.69 118.22 117.81 117.56 117.09 116.62 116.22 115.81 115.38 115.12 114.81 114.41 114.00 113.56 113.12 112.69 112.28 111.88 111.47 111.16 110.72 110.22 109.88 109.56 109.12 108.78 108.25 107.91 107.47 107.03 106.12 105.09 104.97 104.88 104.75 104.62 104.19 103.50 103.16 102.62 102.12 101.69 101.22 100.75 100.28 99.75 99.34 99.06 98.75 98.47 98.22 97.94 97.69 97.50 97.25 97.03 96.72 96.47 96.16 95.81 95.50 95.25 94.97
123.09 122.75 122.09 121.81 121.47 121.00 120.50 120.06 119.78 119.50 119.16 118.72 118.38 118.00 117.50 117.12 116.62 116.22 115.78 115.62 115.31 114.91 114.50 114.00 113.62 113.09 112.66 112.22 111.81 111.47 111.06 110.62 110.16 109.75 109.28 108.97 108.53 108.19 107.75 107.34 106.91 106.34 105.16 104.75 104.62 104.50 104.41 104.22 103.56 103.03 102.56 102.09 101.66 101.19 100.75 100.28 99.78 99.34 99.00 98.69 98.44 98.19 97.94 97.69 97.41 97.25 97.00 96.75 96.41 96.09 95.81 95.50 95.12 94.81
123.19 122.62 122.44 122.06 121.56 121.03 120.53 120.31 119.94 119.50 119.22 118.88 118.38 118.06 117.56 117.16 116.72 116.34 116.06 115.75 115.41 114.94 114.50 114.09 113.62 113.09 112.66 112.25 111.78 111.31 110.91 110.50 110.03 109.62 109.22 108.81 108.44 108.00 107.56 107.12 106.78 106.38 105.50 104.50 104.38 104.28 104.16 104.06 103.62 102.97 102.56 102.09 101.62 101.16 100.72 100.25 99.81 99.38 99.00 98.69 98.38 98.09 97.88 97.66 97.41 97.16 96.97 96.66 96.38 96.09 95.81 95.53 95.28 94.97
123.41 122.97 122.50 122.00 121.53 120.97 120.78 120.47 120.12 119.62 119.34 118.97 118.56 118.03 117.72 117.22 116.75 116.44 116.22 115.84 115.41 114.91 114.47 113.97 113.53 113.06 112.56 112.16 111.72 111.25 110.78 110.31 109.94 109.50 109.09 108.69 108.28 107.84 107.47 107.03 106.59 106.22 105.72 104.56 104.16 104.03 103.94 103.81 103.62 103.00 102.50 102.06 101.56 101.09 100.69 100.25 99.78 99.38 98.97 98.69 98.34 98.09 97.84 97.53 97.34 97.16 96.88 96.62 96.41 96.16 95.88 95.56 95.28 94.91
123.44 122.91 122.47 122.03 121.59 121.25 120.88 120.47 120.16 119.78 119.44 118.94 118.62 118.16 117.78 117.38 117.00 116.66 116.28 115.84 115.34 114.91 114.47 114.00 113.53 113.03 112.59 112.09 111.62 111.19 110.72 110.31 109.81 109.38 108.97 108.53 108.12 107.75 107.34 106.94 106.53 106.12 105.72 104.88 103.94 103.81 103.69 103.56 103.47 103.03 102.41 102.03 101.56 101.16 100.66 100.22 99.78 99.31 98.88 98.56 98.28 98.03 97.72 97.50 97.31 97.12 96.88 96.59 96.41 96.12 95.84 95.62 95.31 94.97
123.44 122.97 122.47 122.03 121.75 121.34 120.97 120.59 120.22 119.81 119.44 119.03 118.62 118.22 117.81 117.44 117.09 116.72 116.28 115.84 115.38 114.91 114.44 114.00 113.53 113.06 112.56 112.09 111.56 111.12 110.66 110.19 109.66 109.28 108.78 108.38 108.00 107.62 107.22 106.84 106.44 106.06 105.69 105.12 103.97 103.56 103.47 103.38 103.25 103.06 102.41 101.97 101.53 101.06 100.66 100.19 99.78 99.41 99.00 98.59 98.28 98.00 97.72 97.47 97.16 97.03 96.81 96.62 96.38 96.09 95.84 95.56 95.28 94.97
123.44 122.97 122.44 122.16 121.78 121.38 120.94 120.56 120.19 119.81 119.44 119.03 118.59 118.22 117.84 117.50 117.09 116.69 116.28 115.84 115.41 114.94 114.47 113.94 113.44 112.97 112.44 112.00 111.50 111.06 110.50 109.91 109.47 109.19 108.78 108.31 107.88 107.50 107.12 106.75 106.34 105.97 105.59 105.25 104.31 103.38 103.25 103.16 103.06 102.94 102.53 101.94 101.56 101.09 100.69 100.25 99.81 99.41 99.00 98.59 98.25 97.97 97.69 97.38 97.16 96.84 96.72 96.50 96.31 96.09 95.81 95.50 95.22 94.88
123.34 122.97 122.59 122.16 121.78 121.41 120.97 120.56 120.16 119.78 119.41 119.03 118.66 118.28 117.88 117.53 117.16 116.75 116.34 115.91 115.44 114.97 114.50 114.00 113.50 113.00 112.47 112.00 111.50 111.00 110.41 109.91 109.47 108.91 108.66 108.19 107.84 107.44 107.03 106.62 106.25 105.88 105.53 105.12 104.50 103.41 103.06 102.94 102.84 102.75 102.59 101.97 101.47 101.09 100.66 100.22 99.81 99.41 98.97 98.59 98.22 97.91 97.66 97.34 97.09 96.88 96.59 96.38 96.16 95.97 95.72 95.44 95.09 94.81
123.19 122.88 122.53 122.12 121.72 121.31 120.94 120.56 120.16 119.78 119.41 119.03 118.66 118.28 117.88 117.50 117.12 116.78 116.38 115.97 115.53 115.06 114.59 114.06 113.56 113.06 112.56 112.03 111.53 111.00 110.47 109.94 109.34 108.97 108.47 108.09 107.66 107.28 106.91 106.56 106.16 105.78 105.44 105.06 104.75 103.81 102.84 102.75 102.62 102.53 102.44 102.03 101.47 101.06 100.59 100.19 99.78 99.38 98.97 98.56 98.19 97.75 97.47 97.28 97.03 96.78 96.56 96.31 96.06 95.78 95.56 95.28 94.97 94.69
123.19 122.69 122.31 122.03 121.62 121.28 120.91 120.53 120.16 119.78 119.38 119.03 118.62 118.25 117.91 117.50 117.12 116.78 116.38 115.97 115.50 115.09 114.62 114.16 113.62 113.12 112.56 112.06 111.50 111.00 110.47 109.97 109.44 108.84 108.28 107.72 107.56 107.19 106.81 106.44 106.06 105.69 105.34 104.97 104.66 104.12 102.91 102.53 102.44 102.31 102.22 102.09 101.56 101.06 100.62 100.22 99.81 99.41 98.97 98.56 98.16 97.75 97.44 97.16 96.88 96.72 96.50 96.22 95.97 95.69 95.38 95.09 94.84 94.56
123.19 122.69 122.09 121.69 121.41 121.12 120.69 120.38 120.00 119.69 119.34 119.00 118.62 118.28 117.88 117.59 117.19 116.84 116.41 116.03 115.62 115.19 114.72 114.22 113.72 113.22 112.69 112.16 111.59 111.06 110.50 110.00 109.41 108.91 108.38 107.91 107.31 106.97 106.66 106.28 105.97 105.59 105.25 104.94 104.56 104.25 103.31 102.31 102.22 102.12 102.03 101.94 101.62 101.06 100.66 100.22 99.78 99.38 98.97 98.56 98.12 97.66 97.34 97.12 96.88 96.59 96.38 96.12 95.84 95.56 95.28 95.00 94.69 94.41
122.97 122.72 122.38 122.03 121.66 121.22 120.84 120.50 120.19 119.78 119.34 118.97 118.62 118.25 117.94 117.59 117.19 116.84 116.47 116.06 115.66 115.25 114.75 114.28 113.81 113.25 112.72 112.16 111.59 111.06 110.50 109.97 109.41 108.91 108.41 107.91 107.38 106.94 106.50 106.19 105.75 105.50 105.12 104.72 104.47 104.19 103.62 102.34 102.03 101.94 101.84 101.75 101.59 101.06 100.59 100.22 99.78 99.38 98.97 98.53 98.12 97.62 97.31 97.03 96.72 96.44 96.22 96.00 95.78 95.47 95.19 94.88 94.59 94.25
123.44 122.91 122.47 122.03 121.66 121.28 120.88 120.50 120.12 119.78 119.41 119.06 118.69 118.34 117.97 117.59 117.25 116.88 116.47 116.06 115.69 115.25 114.81 114.34 113.84 113.28 112.75 112.25 111.69 111.12 110.56 109.97 109.44 108.88 108.38 107.84 107.41 106.88 106.50 106.12 105.72 105.31 105.00 104.69 104.34 104.06 103.72 102.78 101.84 101.75 101.66 101.56 101.47 101.16 100.59 100.19 99.75 99.34 98.91 98.53 98.16 97.72 97.31 97.03 96.72 96.47 96.19 95.84 95.56 95.31 95.06 94.78 94.50 94.25
123.50 122.97 122.50 122.06 121.66 121.31 120.88 120.53 120.16 119.78 119.41 119.06 118.69 118.34 117.97 117.66 117.25 116.88 116.50 116.06 115.66 115.22 114.78 114.31 113.81 113.34 112.81 112.25 111.69 111.12 110.56 109.97 109.44 108.84 108.31 107.81 107.34 106.84 106.41 106.03 105.62 105.25 104.84 104.53 104.19 103.84 103.56 103.00 101.81 101.56 101.47 101.38 101.28 101.12 100.56 100.16 99.75 99.34 98.94 98.50 98.09 97.69 97.28 96.97 96.69 96.38 96.06 95.81 95.47 95.22 94.91 94.66 94.38 94.09
123.50 123.03 122.56 122.09 121.72 121.31 120.91 120.50 120.12 119.78 119.41 119.06 118.66 118.31 117.97 117.56 117.25 116.84 116.50 116.09 115.69 115.25 114.75 114.31 113.81 113.31 112.81 112.22 111.69 111.16 110.59 109.97 109.41 108.84 108.31 107.84 107.38 106.88 106.41 106.00 105.59 105.22 104.84 104.47 104.09 103.69 103.28 103.03 102.12 101.38 101.28 101.19 101.09 101.00 100.59 100.09 99.69 99.31 98.91 98.53 98.09 97.72 97.31 96.91 96.56 96.28 96.00 95.72 95.41 95.12 94.88 94.59 94.31 94.03
123.53 123.03 122.59 122.16 121.72 121.34 120.94 120.56 120.12 119.78 119.38 119.03 118.69 118.34 117.97 117.59 117.22 116.84 116.44 116.06 115.62 115.19 114.75 114.28 113.81 113.31 112.78 112.25 111.69 111.12 110.59 110.00 109.44 108.88 108.34 107.84 107.34 106.88 106.38 105.97 105.56 105.19 104.81 104.41 104.03 103.69 103.34 102.84 102.19 101.28 101.09 101.00 100.91 100.81 100.62 100.06 99.66 99.25 98.84 98.44 98.00 97.59 97.19 96.84 96.53 96.19 95.91 95.62 95.31 95.06 94.81 94.53 94.25 93.97
123.50 123.06 122.59 122.16 121.72 121.28 120.91 120.50 120.12 119.75 119.41 119.03 118.69 118.31 117.97 117.59 117.22 116.81 116.44 116.03 115.59 115.16 114.75 114.25 113.75 113.28 112.78 112.22 111.69 111.09 110.53 109.97 109.44 108.88 108.38 107.84 107.28 106.81 106.34 105.91 105.47 105.09 104.72 104.34 103.97 103.56 103.19 102.75 102.38 101.50 100.91 100.81 100.72 100.62 100.53 100.09 99.56 99.22 98.78 98.44 98.03 97.59 97.09 96.72 96.34 96.09 95.75 95.50 95.22 94.94 94.69 94.44 94.16 93.81
123.44 123.03 122.56 122.12 121.72 121.31 120.91 120.53 120.12 119.78 119.41 119.03 118.66 118.31 117.94 117.56 117.19 116.81 116.44 116.03 115.56 115.12 114.66 114.19 113.75 113.25 112.72 112.22 111.66 111.12 110.56 109.97 109.41 108.91 108.34 107.84 107.34 106.84 106.38 105.91 105.50 105.06 104.62 104.25 103.88 103.50 103.09 102.69 102.31 101.69 100.78 100.62 100.53 100.44 100.38 100.12 99.56 99.19 98.81 98.41 97.97 97.59 97.16 96.72 96.28 95.97 95.72 95.41 95.12 94.91 94.59 94.31 94.03 93.75
123.38 122.94 122.50 122.09 121.69 121.28 120.91 120.50 120.12 119.72 119.34 118.97 118.62 118.28 117.91 117.53 117.16 116.75 116.34 115.94 115.53 115.12 114.66 114.16 113.72 113.16 112.66 112.12 111.59 111.03 110.47 109.94 109.41 108.88 108.34 107.84 107.34 106.84 106.34 105.88 105.44 105.03 104.59 104.19 103.75 103.41 102.97 102.56 102.22 101.88 101.03 100.44 100.34 100.25 100.19 100.06 99.56 99.12 98.72 98.31 97.97 97.50 97.12 96.69 96.25 95.88 95.53 95.22 94.91 94.69 94.44 94.22 93.91 93.62
123.31 122.91 122.47 122.06 121.66 121.25 120.88 120.44 120.06 119.72 119.34 118.97 118.56 118.22 117.84 117.50 117.09 116.72 116.34 115.94 115.50 115.03 114.56 114.12 113.66 113.12 112.62 112.09 111.53 111.03 110.47 109.94 109.38 108.84 108.34 107.84 107.34 106.84 106.38 105.88 105.44 105.00 104.53 104.16 103.72 103.31 102.91 102.53 102.19 101.84 101.25 100.31 100.16 100.06 100.00 99.91 99.62 99.06 98.69 98.31 97.88 97.50 97.06 96.66 96.22 95.84 95.53 95.22 94.91 94.69 94.44 94.12 93.91 93.53
123.22 122.81 122.41 121.97 121.56 121.22 120.84 120.44 120.06 119.69 119.31 118.94 118.56 118.22 117.84 117.47 117.06 116.66 116.22 115.84 115.47 115.03 114.56 114.06 113.53 113.09 112.56 112.03 111.50 110.91 110.41 109.88 109.34 108.81 108.28 107.78 107.28 106.78 106.31 105.84 105.38 104.94 104.50 104.06 103.62 103.22 102.84 102.47 102.12 101.84 101.47 100.56 99.97 99.88 99.81 99.72 99.59 99.06 98.59 98.25 97.88 97.47 97.06 96.66 96.19 95.84 95.53 95.19 94.88 94.59 94.31 94.06 93.72 93.53
123.12 122.75 122.31 121.94 121.56 121.16 120.78 120.44 120.00 119.62 119.25 118.88 118.53 118.16 117.78 117.41 117.03 116.62 116.22 115.81 115.38 114.94 114.50 114.03 113.50 113.00 112.50 111.97 111.41 110.91 110.34 109.84 109.31 108.78 108.28 107.72 107.25 106.75 106.25 105.78 105.31 104.84 104.41 104.00 103.56 103.19 102.81 102.47 102.09 101.75 101.41 100.75 99.81 99.69 99.62 99.53 99.44 99.12 98.53 98.16 97.78 97.38 97.00 96.59 96.16 95.81 95.50 95.19 94.88 94.62 94.34 94.03 93.72 93.38
123.03 122.69 122.31 121.91 121.53 121.16 120.75 120.34 119.97 119.62 119.25 118.88 118.53 118.12 117.75 117.38 116.97 116.59 116.19 115.75 115.31 114.88 114.41 113.94 113.41 112.88 112.41 111.88 111.34 110.81 110.25 109.72 109.22 108.72 108.19 107.66 107.16 106.66 106.22 105.72 105.22 104.75 104.28 103.91 103.50 103.12 102.75 102.41 102.06 101.72 101.38 100.97 100.06 99.50 99.44 99.34 99.28 99.16 98.47 98.12 97.75 97.38 96.97 96.59 96.19 95.84 95.47 95.16 94.81 94.53 94.25 94.00 93.75 93.41
122.97 122.66 122.19 121.81 121.47 121.06 120.66 120.28 119.94 119.59 119.25 118.88 118.44 118.09 117.66 117.28 116.91 116.53 116.09 115.69 115.28 114.81 114.34 113.88 113.38 112.84 112.34 111.84 111.31 110.75 110.19 109.69 109.16 108.59 108.12 107.59 107.09 106.62 106.12 105.66 105.19 104.75 104.28 103.88 103.47 103.09 102.75 102.38 102.00 101.66 101.31 100.91 100.12 99.34 99.25 99.19 99.12 99.03 98.56 98.00 97.59 97.28 96.88 96.47 96.09 95.81 95.47 95.12 94.81 94.53 94.19 93.94 93.66 93.38
122.78 122.47 122.19 121.72 121.31 121.00 120.62 120.28 119.91 119.56 119.16 118.78 118.44 118.03 117.69 117.28 116.81 116.44 116.06 115.62 115.19 114.75 114.28 113.81 113.31 112.81 112.25 111.69 111.16 110.62 110.12 109.59 109.06 108.53 108.06 107.53 107.06 106.56 106.06 105.56 105.12 104.66 104.22 103.84 103.50 103.12 102.69 102.34 102.00 101.62 101.28 100.88 100.38 99.44 99.09 99.03 98.94 98.88 98.62 98.00 97.56 97.19 96.78 96.38 96.06 95.78 95.44 95.16 94.81 94.53 94.25 93.97 93.62 93.31
122.78 122.41 122.16 121.78 121.41 121.06 120.62 120.22 119.78 119.47 119.03 118.72 118.31 117.91 117.53 117.19 116.75 116.31 115.91 115.50 115.12 114.72 114.22 113.72 113.22 112.75 112.19 111.69 111.12 110.59 110.03 109.53 109.03 108.50 107.94 107.47 106.94 106.47 106.03 105.53 105.00 104.59 104.16 103.81 103.41 103.12 102.72 102.31 101.97 101.62 101.22 100.88 100.38 99.66 98.94 98.84 98.78 98.72 98.62 97.88 97.47 97.09 96.69 96.38 96.03 95.72 95.38 95.16 94.81 94.53 94.22 93.97 93.66 93.34
122.84 122.66 122.09 121.69 121.28 120.91 120.53 120.16 119.81 119.44 118.97 118.62 118.25 118.12 117.50 117.16 116.75 116.34 115.88 115.41 114.91 114.53 114.09 113.59 113.12 112.56 112.06 111.62 111.03 110.50 110.00 109.50 108.97 108.50 107.94 107.47 106.97 106.44 105.94 105.44 105.00 104.53 104.06 103.75 103.38 103.00 102.59 102.28 101.88 101.53 101.16 100.78 100.34 99.56 98.81 98.69 98.62 98.53 98.47 98.06 97.28 97.03 96.72 96.41 96.06 95.75 95.53 95.09 94.81 94.50 94.19 93.88 93.53 93.28
