everonasctiles/Tile45,35.asc
ncols 128
nrows 128
xllcorner 0
yllcorner 0
cellsize 2.0
NODATA_value  -9999
[rows 0 to 31 of 128, columns 0 to 70 of 128]
-44.66 -44.75 -44.88 -45.00 -45.16 -45.34 -45.53 -45.72 -45.91 -46.09 -46.28 -46.44 -46.59 -46.75 -46.88 -47.00 -47.12 -47.22 -47.31 -47.41 -47.50 -47.56 -47.66 -47.75 -47.84 -47.91 -48.00 -48.09 -48.19 -48.28 -48.38 -48.44 -48.50 -48.56 -48.66 -48.75 -48.84 -48.97 -49.09 -49.19 -49.31 -49.47 -49.59 -49.72 -49.84 -50.00 -50.12 -50.25 -50.38 -50.50 -50.62 -50.72 -50.84 -50.94 -51.03 -51.12 -51.19 -51.25 -51.31 -51.38 -51.44 -51.53 -51.59 -51.69 -51.78 -51.88 -52.03 -52.16 -52.31 -52.47 -52.62
-44.69 -44.81 -44.94 -45.06 -45.22 -45.38 -45.56 -45.75 -45.91 -46.09 -46.28 -46.44 -46.59 -46.75 -46.91 -47.03 -47.16 -47.28 -47.38 -47.47 -47.56 -47.66 -47.72 -47.81 -47.91 -48.00 -48.06 -48.16 -48.25 -48.34 -48.41 -48.50 -48.56 -48.62 -48.69 -48.78 -48.88 -48.97 -49.09 -49.22 -49.31 -49.44 -49.56 -49.69 -49.81 -49.94 -50.09 -50.22 -50.34 -50.44 -50.56 -50.69 -50.78 -50.88 -50.97 -51.06 -51.12 -51.19 -51.25 -51.31 -51.34 -51.41 -51.47 -51.56 -51.66 -51.75 -51.91 -52.06 -52.22 -52.38 -52.53
-44.75 -44.88 -45.00 -45.12 -45.28 -45.44 -45.59 -45.78 -45.97 -46.12 -46.31 -46.47 -46.62 -46.78 -46.94 -47.06 -47.19 -47.31 -47.44 -47.53 -47.62 -47.72 -47.81 -47.88 -47.97 -48.06 -48.16 -48.22 -48.31 -48.38 -48.47 -48.53 -48.59 -48.66 -48.75 -48.81 -48.91 -49.00 -49.12 -49.22 -49.34 -49.44 -49.56 -49.69 -49.81 -49.94 -50.09 -50.22 -50.31 -50.44 -50.56 -50.66 -50.75 -50.84 -50.94 -51.00 -51.06 -51.12 -51.19 -51.22 -51.25 -51.31 -51.38 -51.44 -51.53 -51.66 -51.78 -51.97 -52.12 -52.28 -52.44
-44.78 -44.91 -45.06 -45.19 -45.34 -45.50 -45.69 -45.84 -46.03 -46.19 -46.34 -46.50 -46.66 -46.81 -46.97 -47.09 -47.22 -47.34 -47.47 -47.59 -47.69 -47.78 -47.88 -47.94 -48.03 -48.09 -48.19 -48.28 -48.34 -48.41 -48.47 -48.53 -48.62 -48.69 -48.78 -48.84 -48.94 -49.06 -49.16 -49.28 -49.38 -49.50 -49.59 -49.72 -49.84 -49.97 -50.09 -50.22 -50.34 -50.44 -50.53 -50.62 -50.72 -50.81 -50.88 -50.94 -51.00 -51.06 -51.09 -51.12 -51.16 -51.19 -51.25 -51.31 -51.44 -51.56 -51.72 -51.91 -52.06 -52.22 -52.38
-44.81 -44.97 -45.12 -45.28 -45.44 -45.59 -45.75 -45.94 -46.09 -46.25 -46.41 -46.56 -46.72 -46.84 -47.00 -47.12 -47.25 -47.38 -47.50 -47.62 -47.72 -47.81 -47.91 -47.97 -48.06 -48.12 -48.22 -48.28 -48.38 -48.44 -48.47 -48.53 -48.62 -48.69 -48.78 -48.88 -48.97 -49.09 -49.19 -49.28 -49.41 -49.53 -49.62 -49.75 -49.88 -50.00 -50.12 -50.25 -50.34 -50.44 -50.53 -50.62 -50.69 -50.78 -50.84 -50.91 -50.94 -51.00 -51.03 -51.06 -51.06 -51.09 -51.16 -51.25 -51.38 -51.50 -51.69 -51.84 -52.03 -52.19 -52.31
-44.84 -45.03 -45.19 -45.34 -45.50 -45.66 -45.84 -46.00 -46.16 -46.31 -46.47 -46.59 -46.75 -46.88 -47.00 -47.12 -47.25 -47.38 -47.47 -47.59 -47.72 -47.81 -47.91 -47.97 -48.06 -48.12 -48.22 -48.28 -48.38 -48.44 -48.47 -48.53 -48.62 -48.69 -48.78 -48.88 -49.00 -49.09 -49.22 -49.31 -49.44 -49.53 -49.66 -49.78 -49.91 -50.03 -50.16 -50.28 -50.38 -50.47 -50.53 -50.59 -50.69 -50.75 -50.81 -50.84 -50.91 -50.94 -50.97 -50.97 -51.00 -51.03 -51.09 -51.19 -51.34 -51.50 -51.69 -51.84 -52.00 -52.16 -52.31
-44.88 -45.06 -45.25 -45.41 -45.56 -45.72 -45.91 -46.06 -46.22 -46.34 -46.50 -46.62 -46.75 -46.88 -46.97 -47.09 -47.22 -47.31 -47.41 -47.53 -47.66 -47.75 -47.84 -47.91 -48.00 -48.09 -48.19 -48.28 -48.34 -48.41 -48.50 -48.56 -48.62 -48.72 -48.81 -48.91 -49.03 -49.12 -49.22 -49.34 -49.44 -49.56 -49.69 -49.81 -49.94 -50.06 -50.19 -50.28 -50.38 -50.44 -50.53 -50.59 -50.66 -50.72 -50.78 -50.81 -50.88 -50.91 -50.91 -50.91 -50.94 -50.97 -51.06 -51.19 -51.31 -51.50 -51.69 -51.84 -52.03 -52.19 -52.31
-44.91 -45.09 -45.28 -45.44 -45.59 -45.78 -45.94 -46.09 -46.22 -46.38 -46.50 -46.59 -46.72 -46.81 -46.94 -47.03 -47.12 -47.22 -47.34 -47.44 -47.56 -47.66 -47.75 -47.84 -47.94 -48.03 -48.16 -48.25 -48.34 -48.41 -48.50 -48.56 -48.66 -48.72 -48.81 -48.94 -49.03 -49.16 -49.25 -49.34 -49.44 -49.56 -49.69 -49.81 -49.94 -50.06 -50.16 -50.25 -50.34 -50.41 -50.47 -50.56 -50.62 -50.69 -50.75 -50.78 -50.84 -50.84 -50.84 -50.84 -50.88 -50.94 -51.06 -51.19 -51.34 -51.50 -51.69 -51.88 -52.03 -52.22 -52.34
-44.94 -45.12 -45.31 -45.47 -45.62 -45.78 -45.94 -46.09 -46.22 -46.34 -46.44 -46.56 -46.66 -46.75 -46.84 -46.97 -47.03 -47.12 -47.22 -47.34 -47.44 -47.56 -47.66 -47.75 -47.88 -48.00 -48.09 -48.22 -48.31 -48.41 -48.50 -48.59 -48.69 -48.75 -48.84 -48.97 -49.06 -49.16 -49.28 -49.38 -49.47 -49.56 -49.69 -49.81 -49.94 -50.03 -50.12 -50.22 -50.28 -50.38 -50.44 -50.50 -50.59 -50.66 -50.72 -50.75 -50.78 -50.78 -50.81 -50.81 -50.88 -50.94 -51.06 -51.19 -51.34 -51.50 -51.69 -51.88 -52.06 -52.22 -52.38
-44.97 -45.16 -45.31 -45.47 -45.62 -45.78 -45.94 -46.06 -46.19 -46.31 -46.41 -46.50 -46.59 -46.69 -46.78 -46.88 -46.97 -47.06 -47.16 -47.25 -47.34 -47.47 -47.56 -47.69 -47.81 -47.94 -48.06 -48.19 -48.31 -48.41 -48.53 -48.62 -48.69 -48.78 -48.88 -48.97 -49.09 -49.19 -49.31 -49.41 -49.50 -49.59 -49.72 -49.81 -49.91 -50.03 -50.09 -50.19 -50.25 -50.31 -50.41 -50.47 -50.56 -50.62 -50.69 -50.75 -50.78 -50.78 -50.81 -50.84 -50.91 -50.97 -51.06 -51.19 -51.34 -51.53 -51.72 -51.91 -52.06 -52.25 -52.41
-45.03 -45.22 -45.38 -45.53 -45.66 -45.78 -45.94 -46.06 -46.16 -46.28 -46.38 -46.47 -46.56 -46.66 -46.75 -46.81 -46.91 -47.00 -47.09 -47.19 -47.28 -47.41 -47.53 -47.66 -47.78 -47.91 -48.03 -48.16 -48.28 -48.41 -48.53 -48.62 -48.72 -48.81 -48.91 -49.00 -49.09 -49.22 -49.34 -49.44 -49.53 -49.62 -49.72 -49.84 -49.94 -50.03 -50.09 -50.16 -50.25 -50.31 -50.38 -50.47 -50.56 -50.62 -50.69 -50.75 -50.78 -50.81 -50.84 -50.88 -50.94 -51.03 -51.12 -51.22 -51.38 -51.53 -51.72 -51.91 -52.09 -52.25 -52.44
-45.12 -45.28 -45.44 -45.56 -45.69 -45.81 -45.94 -46.03 -46.16 -46.25 -46.34 -46.44 -46.53 -46.62 -46.72 -46.81 -46.91 -47.00 -47.09 -47.19 -47.28 -47.41 -47.50 -47.66 -47.78 -47.91 -48.03 -48.16 -48.28 -48.41 -48.50 -48.59 -48.69 -48.78 -48.91 -49.00 -49.12 -49.25 -49.34 -49.47 -49.59 -49.69 -49.78 -49.88 -49.97 -50.06 -50.12 -50.19 -50.28 -50.34 -50.41 -50.50 -50.56 -50.66 -50.72 -50.78 -50.81 -50.88 -50.91 -50.97 -51.03 -51.09 -51.19 -51.28 -51.41 -51.56 -51.75 -51.94 -52.09 -52.28 -52.44
-45.22 -45.34 -45.50 -45.59 -45.72 -45.84 -45.94 -46.03 -46.12 -46.19 -46.31 -46.41 -46.53 -46.66 -46.75 -46.84 -46.94 -47.03 -47.12 -47.22 -47.34 -47.44 -47.56 -47.69 -47.81 -47.94 -48.06 -48.16 -48.28 -48.38 -48.47 -48.59 -48.69 -48.78 -48.88 -49.00 -49.12 -49.25 -49.38 -49.50 -49.62 -49.72 -49.81 -49.94 -50.03 -50.12 -50.19 -50.25 -50.34 -50.41 -50.47 -50.56 -50.62 -50.69 -50.75 -50.81 -50.88 -50.94 -51.00 -51.06 -51.12 -51.19 -51.28 -51.38 -51.47 -51.59 -51.75 -51.94 -52.09 -52.25 -52.44
-45.25 -45.41 -45.53 -45.62 -45.72 -45.84 -45.94 -46.00 -46.06 -46.16 -46.28 -46.41 -46.53 -46.66 -46.78 -46.91 -47.00 -47.09 -47.19 -47.28 -47.38 -47.50 -47.59 -47.72 -47.84 -47.97 -48.06 -48.19 -48.28 -48.38 -48.47 -48.56 -48.66 -48.78 -48.88 -49.00 -49.09 -49.22 -49.38 -49.50 -49.62 -49.75 -49.88 -49.97 -50.06 -50.16 -50.25 -50.34 -50.41 -50.50 -50.56 -50.62 -50.72 -50.78 -50.84 -50.91 -50.97 -51.03 -51.09 -51.19 -51.25 -51.31 -51.38 -51.47 -51.56 -51.66 -51.78 -51.94 -52.09 -52.25 -52.41
-45.25 -45.38 -45.50 -45.59 -45.72 -45.81 -45.88 -45.97 -46.03 -46.12 -46.22 -46.38 -46.50 -46.66 -46.78 -46.91 -47.03 -47.12 -47.22 -47.31 -47.44 -47.53 -47.66 -47.75 -47.88 -48.00 -48.09 -48.19 -48.28 -48.38 -48.47 -48.53 -48.62 -48.75 -48.84 -48.97 -49.09 -49.22 -49.34 -49.50 -49.62 -49.78 -49.91 -50.00 -50.12 -50.22 -50.31 -50.41 -50.50 -50.59 -50.66 -50.75 -50.81 -50.88 -50.94 -51.00 -51.06 -51.16 -51.22 -51.31 -51.38 -51.44 -51.50 -51.56 -51.62 -51.72 -51.81 -51.94 -52.06 -52.19 -52.34
-45.19 -45.34 -45.44 -45.56 -45.66 -45.75 -45.84 -45.91 -46.00 -46.09 -46.19 -46.34 -46.47 -46.62 -46.78 -46.91 -47.03 -47.12 -47.22 -47.34 -47.44 -47.56 -47.66 -47.78 -47.88 -48.00 -48.09 -48.19 -48.28 -48.34 -48.44 -48.53 -48.59 -48.69 -48.81 -48.91 -49.03 -49.19 -49.31 -49.47 -49.62 -49.78 -49.91 -50.03 -50.16 -50.25 -50.34 -50.47 -50.56 -50.66 -50.75 -50.81 -50.91 -50.97 -51.03 -51.12 -51.19 -51.25 -51.34 -51.41 -51.47 -51.53 -51.59 -51.66 -51.72 -51.78 -51.84 -51.94 -52.06 -52.16 -52.28
-45.12 -45.25 -45.38 -45.47 -45.56 -45.69 -45.78 -45.84 -45.94 -46.03 -46.16 -46.31 -46.44 -46.59 -46.75 -46.88 -47.00 -47.09 -47.22 -47.31 -47.44 -47.53 -47.62 -47.75 -47.88 -47.97 -48.06 -48.16 -48.25 -48.31 -48.41 -48.47 -48.56 -48.66 -48.75 -48.88 -49.00 -49.16 -49.31 -49.47 -49.62 -49.78 -49.94 -50.06 -50.19 -50.28 -50.38 -50.50 -50.59 -50.69 -50.78 -50.88 -50.97 -51.06 -51.12 -51.19 -51.28 -51.34 -51.44 -51.50 -51.56 -51.62 -51.69 -51.72 -51.78 -51.81 -51.88 -51.97 -52.06 -52.12 -52.25
-45.06 -45.19 -45.31 -45.41 -45.50 -45.59 -45.69 -45.78 -45.88 -46.00 -46.12 -46.25 -46.41 -46.56 -46.69 -46.81 -46.94 -47.06 -47.19 -47.28 -47.38 -47.47 -47.59 -47.69 -47.78 -47.91 -48.00 -48.09 -48.16 -48.25 -48.34 -48.44 -48.50 -48.59 -48.72 -48.84 -48.97 -49.16 -49.31 -49.47 -49.62 -49.78 -49.94 -50.06 -50.19 -50.31 -50.41 -50.50 -50.59 -50.69 -50.81 -50.91 -51.00 -51.09 -51.19 -51.28 -51.34 -51.44 -51.50 -51.56 -51.62 -51.69 -51.75 -51.78 -51.81 -51.88 -51.94 -51.97 -52.06 -52.12 -52.22
-45.00 -45.12 -45.25 -45.34 -45.44 -45.53 -45.62 -45.72 -45.81 -45.91 -46.03 -46.19 -46.34 -46.47 -46.62 -46.75 -46.91 -47.00 -47.12 -47.22 -47.31 -47.41 -47.50 -47.59 -47.69 -47.78 -47.88 -48.00 -48.09 -48.19 -48.28 -48.38 -48.47 -48.56 -48.69 -48.81 -48.97 -49.12 -49.31 -49.47 -49.62 -49.78 -49.94 -50.06 -50.19 -50.31 -50.41 -50.50 -50.59 -50.69 -50.78 -50.91 -51.00 -51.09 -51.19 -51.31 -51.41 -51.47 -51.56 -51.62 -51.69 -51.72 -51.78 -51.81 -51.88 -51.91 -51.97 -52.00 -52.06 -52.12 -52.22
-44.97 -45.09 -45.19 -45.31 -45.41 -45.47 -45.56 -45.62 -45.72 -45.81 -45.94 -46.09 -46.25 -46.41 -46.56 -46.69 -46.81 -46.94 -47.06 -47.16 -47.25 -47.31 -47.41 -47.50 -47.59 -47.69 -47.78 -47.88 -48.00 -48.12 -48.22 -48.34 -48.44 -48.56 -48.69 -48.81 -48.97 -49.12 -49.28 -49.47 -49.62 -49.78 -49.91 -50.06 -50.19 -50.28 -50.41 -50.47 -50.56 -50.66 -50.78 -50.88 -50.97 -51.06 -51.19 -51.31 -51.41 -51.50 -51.59 -51.66 -51.69 -51.75 -51.81 -51.84 -51.91 -51.94 -52.00 -52.03 -52.09 -52.16 -52.22
-44.94 -45.06 -45.16 -45.28 -45.34 -45.41 -45.47 -45.53 -45.62 -45.72 -45.88 -46.03 -46.19 -46.34 -46.50 -46.62 -46.75 -46.88 -46.97 -47.06 -47.16 -47.22 -47.28 -47.38 -47.44 -47.56 -47.66 -47.78 -47.94 -48.09 -48.22 -48.34 -48.47 -48.59 -48.69 -48.81 -48.97 -49.12 -49.28 -49.44 -49.59 -49.75 -49.91 -50.03 -50.16 -50.28 -50.38 -50.47 -50.56 -50.66 -50.72 -50.81 -50.91 -51.03 -51.16 -51.28 -51.41 -51.50 -51.59 -51.66 -51.72 -51.78 -51.81 -51.88 -51.91 -51.97 -52.03 -52.06 -52.12 -52.19 -52.28
-44.97 -45.06 -45.16 -45.25 -45.31 -45.34 -45.41 -45.47 -45.53 -45.66 -45.81 -45.97 -46.12 -46.28 -46.44 -46.56 -46.69 -46.78 -46.88 -46.97 -47.03 -47.09 -47.16 -47.22 -47.31 -47.44 -47.56 -47.72 -47.91 -48.06 -48.22 -48.38 -48.50 -48.62 -48.75 -48.88 -49.00 -49.12 -49.28 -49.44 -49.59 -49.72 -49.88 -50.00 -50.12 -50.25 -50.34 -50.44 -50.53 -50.59 -50.69 -50.78 -50.88 -51.00 -51.12 -51.25 -51.38 -51.47 -51.56 -51.66 -51.72 -51.78 -51.84 -51.88 -51.94 -51.97 -52.03 -52.09 -52.19 -52.25 -52.31
-44.97 -45.06 -45.12 -45.22 -45.25 -45.31 -45.34 -45.41 -45.50 -45.62 -45.75 -45.91 -46.06 -46.25 -46.38 -46.50 -46.62 -46.72 -46.81 -46.88 -46.91 -46.97 -47.03 -47.09 -47.19 -47.34 -47.50 -47.69 -47.88 -48.06 -48.25 -48.41 -48.56 -48.69 -48.78 -48.91 -49.03 -49.16 -49.28 -49.44 -49.56 -49.72 -49.84 -49.97 -50.09 -50.22 -50.31 -50.41 -50.47 -50.53 -50.62 -50.72 -50.84 -50.97 -51.09 -51.22 -51.34 -51.47 -51.56 -51.62 -51.72 -51.78 -51.84 -51.91 -51.94 -52.00 -52.06 -52.12 -52.19 -52.28 -52.34
-44.97 -45.06 -45.12 -45.16 -45.22 -45.25 -45.31 -45.38 -45.47 -45.59 -45.75 -45.88 -46.03 -46.19 -46.34 -46.47 -46.56 -46.66 -46.72 -46.75 -46.81 -46.84 -46.91 -46.97 -47.12 -47.28 -47.50 -47.69 -47.88 -48.09 -48.25 -48.44 -48.56 -48.69 -48.81 -48.94 -49.06 -49.16 -49.31 -49.44 -49.56 -49.69 -49.81 -49.97 -50.06 -50.19 -50.28 -50.34 -50.41 -50.47 -50.56 -50.66 -50.78 -50.91 -51.06 -51.19 -51.34 -51.44 -51.53 -51.62 -51.69 -51.78 -51.84 -51.88 -51.94 -52.00 -52.06 -52.12 -52.19 -52.28 -52.38
-44.97 -45.03 -45.09 -45.12 -45.16 -45.19 -45.25 -45.34 -45.44 -45.56 -45.72 -45.84 -46.00 -46.16 -46.28 -46.41 -46.50 -46.56 -46.62 -46.66 -46.69 -46.72 -46.81 -46.94 -47.12 -47.31 -47.50 -47.69 -47.91 -48.09 -48.25 -48.41 -48.56 -48.69 -48.81 -48.94 -49.06 -49.19 -49.31 -49.44 -49.56 -49.69 -49.81 -49.94 -50.03 -50.12 -50.22 -50.28 -50.31 -50.41 -50.47 -50.59 -50.72 -50.88 -51.03 -51.19 -51.31 -51.41 -51.53 -51.59 -51.69 -51.75 -51.81 -51.88 -51.91 -51.97 -52.03 -52.09 -52.19 -52.28 -52.38
-44.94 -45.00 -45.06 -45.09 -45.12 -45.16 -45.22 -45.31 -45.41 -45.53 -45.69 -45.81 -45.94 -46.09 -46.19 -46.31 -46.41 -46.47 -46.53 -46.56 -46.59 -46.69 -46.81 -46.97 -47.12 -47.31 -47.53 -47.72 -47.91 -48.06 -48.25 -48.38 -48.53 -48.66 -48.78 -48.94 -49.06 -49.16 -49.31 -49.44 -49.53 -49.66 -49.78 -49.88 -49.97 -50.06 -50.12 -50.19 -50.25 -50.31 -50.41 -50.53 -50.69 -50.84 -51.00 -51.16 -51.28 -51.41 -51.50 -51.59 -51.66 -51.72 -51.78 -51.84 -51.88 -51.94 -52.00 -52.06 -52.16 -52.25 -52.34
-44.91 -44.97 -45.00 -45.03 -45.06 -45.09 -45.19 -45.25 -45.38 -45.50 -45.62 -45.75 -45.88 -46.00 -46.12 -46.22 -46.31 -46.41 -46.47 -46.53 -46.62 -46.72 -46.88 -47.00 -47.19 -47.34 -47.53 -47.72 -47.88 -48.06 -48.22 -48.38 -48.50 -48.66 -48.78 -48.91 -49.03 -49.16 -49.28 -49.41 -49.53 -49.62 -49.72 -49.81 -49.91 -50.00 -50.06 -50.12 -50.16 -50.25 -50.34 -50.47 -50.62 -50.78 -50.94 -51.09 -51.22 -51.34 -51.44 -51.53 -51.59 -51.66 -51.72 -51.78 -51.84 -51.91 -51.97 -52.03 -52.12 -52.22 -52.34
-44.84 -44.91 -44.94 -44.97 -45.00 -45.06 -45.12 -45.22 -45.34 -45.47 -45.56 -45.69 -45.78 -45.91 -46.03 -46.12 -46.25 -46.34 -46.44 -46.56 -46.69 -46.81 -46.94 -47.06 -47.22 -47.38 -47.53 -47.69 -47.84 -48.03 -48.19 -48.34 -48.50 -48.66 -48.81 -48.94 -49.03 -49.16 -49.28 -49.38 -49.47 -49.59 -49.66 -49.75 -49.84 -49.91 -49.97 -50.03 -50.09 -50.19 -50.28 -50.41 -50.56 -50.72 -50.88 -51.03 -51.16 -51.25 -51.38 -51.44 -51.53 -51.59 -51.66 -51.72 -51.78 -51.84 -51.91 -52.00 -52.09 -52.22 -52.38
-44.78 -44.84 -44.88 -44.91 -44.97 -45.00 -45.09 -45.19 -45.28 -45.41 -45.50 -45.59 -45.69 -45.81 -45.94 -46.06 -46.19 -46.31 -46.47 -46.59 -46.75 -46.91 -47.03 -47.16 -47.28 -47.41 -47.53 -47.69 -47.84 -48.00 -48.19 -48.38 -48.53 -48.69 -48.81 -48.94 -49.06 -49.16 -49.25 -49.34 -49.44 -49.53 -49.59 -49.69 -49.75 -49.84 -49.91 -49.97 -50.03 -50.12 -50.22 -50.34 -50.50 -50.66 -50.81 -50.94 -51.06 -51.16 -51.25 -51.34 -51.41 -51.47 -51.56 -51.62 -51.69 -51.78 -51.88 -51.97 -52.09 -52.25 -52.44
-44.75 -44.78 -44.81 -44.88 -44.91 -44.97 -45.06 -45.16 -45.25 -45.34 -45.44 -45.53 -45.62 -45.75 -45.88 -46.03 -46.16 -46.31 -46.50 -46.66 -46.84 -47.00 -47.16 -47.28 -47.38 -47.50 -47.59 -47.72 -47.88 -48.03 -48.22 -48.38 -48.56 -48.72 -48.84 -48.97 -49.06 -49.16 -49.25 -49.31 -49.41 -49.47 -49.53 -49.62 -49.69 -49.78 -49.84 -49.91 -49.97 -50.06 -50.16 -50.28 -50.44 -50.56 -50.72 -50.84 -50.94 -51.06 -51.16 -51.22 -51.31 -51.38 -51.44 -51.53 -51.62 -51.72 -51.84 -51.97 -52.12 -52.31 -52.50
-44.69 -44.75 -44.78 -44.84 -44.91 -44.97 -45.03 -45.12 -45.22 -45.31 -45.38 -45.47 -45.59 -45.69 -45.84 -46.00 -46.16 -46.34 -46.53 -46.72 -46.91 -47.09 -47.25 -47.38 -47.50 -47.59 -47.69 -47.81 -47.94 -48.09 -48.25 -48.44 -48.59 -48.72 -48.88 -48.97 -49.06 -49.16 -49.25 -49.31 -49.38 -49.44 -49.50 -49.56 -49.66 -49.72 -49.81 -49.88 -49.94 -50.03 -50.12 -50.22 -50.34 -50.50 -50.62 -50.72 -50.84 -50.94 -51.03 -51.09 -51.19 -51.25 -51.34 -51.44 -51.53 -51.66 -51.78 -51.97 -52.16 -52.38 -52.62
-44.62 -44.72 -44.78 -44.84 -44.91 -45.00 -45.06 -45.16 -45.22 -45.28 -45.38 -45.47 -45.56 -45.69 -45.84 -46.00 -46.16 -46.38 -46.56 -46.78 -46.97 -47.16 -47.31 -47.47 -47.59 -47.69 -47.81 -47.91 -48.03 -48.19 -48.31 -48.47 -48.62 -48.75 -48.88 -49.00 -49.09 -49.16 -49.25 -49.31 -49.34 -49.41 -49.47 -49.53 -49.62 -49.69 -49.78 -49.84 -49.91 -50.00 -50.09 -50.19 -50.31 -50.44 -50.53 -50.66 -50.75 -50.84 -50.91 -51.00 -51.06 -51.12 -51.22 -51.31 -51.44 -51.56 -51.75 -51.97 -52.19 -52.44 -52.69
