everonasctiles/Tile[12,11].asc
ncols 128
nrows 128
xllcorner 0
yllcorner 0
cellsize 2.0
NODATA_value  -9999
[rows 96 to 127 of 128, columns 0 to 70 of 128]
-11.91 -11.91 -11.88 -11.75 -11.75 -11.81 -11.84 -11.84 -11.81 -11.81 -11.78 -11.75 -11.69 -11.62 -11.66 -11.72 -11.84 -11.94 -12.03 -12.16 -12.16 -12.22 -12.31 -12.38 -12.47 -12.66 -12.75 -12.81 -12.81 -12.91 -13.03 -13.25 -13.41 -13.44 -13.47 -13.59 -13.72 -13.91 -14.22 -14.41 -14.53 -14.69 -14.75 -14.81 -14.75 -14.88 -15.03 -15.12 -15.28 -15.44 -15.69 -15.91 -16.09 -16.38 -16.59 -16.72 -16.84 -16.97 -17.19 -17.31 -17.44 -17.69 -17.84 -18.03 -18.19 -18.31 -18.38 -18.50 -18.66 -18.75 -18.72
-11.34 -11.31 -11.28 -11.22 -11.28 -11.41 -11.47 -11.44 -11.44 -11.44 -11.47 -11.44 -11.31 -11.12 -11.06 -11.06 -11.16 -11.34 -11.53 -11.75 -11.84 -11.91 -11.94 -12.00 -12.06 -12.19 -12.34 -12.47 -12.53 -12.66 -12.88 -13.06 -13.19 -13.25 -13.22 -13.25 -13.31 -13.50 -13.75 -14.00 -14.19 -14.28 -14.41 -14.47 -14.44 -14.44 -14.56 -14.69 -14.84 -15.09 -15.25 -15.44 -15.66 -15.88 -16.06 -16.28 -16.41 -16.53 -16.78 -16.94 -17.03 -17.28 -17.47 -17.69 -17.84 -17.97 -18.03 -18.22 -18.41 -18.50 -18.59
-10.91 -10.84 -10.81 -10.75 -10.78 -10.81 -10.91 -10.94 -10.97 -10.97 -11.03 -11.00 -10.91 -10.78 -10.66 -10.53 -10.59 -10.78 -11.00 -11.31 -11.53 -11.62 -11.62 -11.69 -11.72 -11.75 -11.94 -12.03 -12.19 -12.28 -12.44 -12.56 -12.72 -12.78 -12.84 -12.81 -12.84 -12.97 -13.12 -13.34 -13.56 -13.78 -13.91 -14.06 -14.16 -14.12 -14.25 -14.44 -14.59 -14.78 -14.94 -15.12 -15.34 -15.50 -15.69 -15.94 -16.06 -16.22 -16.44 -16.56 -16.72 -16.97 -17.16 -17.25 -17.50 -17.66 -17.75 -17.84 -18.06 -18.19 -18.28
-10.47 -10.38 -10.31 -10.25 -10.28 -10.34 -10.44 -10.47 -10.50 -10.56 -10.53 -10.53 -10.50 -10.41 -10.28 -10.25 -10.28 -10.47 -10.69 -10.91 -11.12 -11.31 -11.41 -11.44 -11.44 -11.50 -11.62 -11.69 -11.69 -11.78 -11.88 -11.91 -12.06 -12.19 -12.38 -12.47 -12.47 -12.56 -12.69 -12.88 -13.03 -13.25 -13.47 -13.66 -13.81 -13.91 -14.06 -14.12 -14.22 -14.34 -14.53 -14.75 -14.94 -15.12 -15.34 -15.53 -15.69 -15.91 -16.09 -16.31 -16.44 -16.69 -16.81 -16.91 -17.12 -17.25 -17.38 -17.59 -17.78 -18.00 -18.09
-10.03 -9.97 -9.88 -9.84 -9.84 -9.88 -9.94 -10.03 -10.19 -10.22 -10.22 -10.19 -10.16 -10.06 -10.03 -10.00 -10.09 -10.25 -10.41 -10.59 -10.78 -10.91 -11.00 -11.03 -11.16 -11.25 -11.28 -11.31 -11.38 -11.41 -11.44 -11.47 -11.66 -11.84 -11.94 -12.03 -12.12 -12.19 -12.34 -12.50 -12.53 -12.69 -12.88 -13.03 -13.19 -13.34 -13.50 -13.62 -13.78 -13.91 -14.12 -14.28 -14.50 -14.78 -14.97 -15.16 -15.31 -15.47 -15.72 -15.91 -16.09 -16.16 -16.25 -16.50 -16.72 -16.91 -17.03 -17.28 -17.44 -17.59 -17.72
-9.69 -9.56 -9.50 -9.38 -9.34 -9.38 -9.47 -9.59 -9.78 -9.84 -9.88 -9.94 -9.91 -9.84 -9.75 -9.78 -9.94 -10.12 -10.25 -10.34 -10.38 -10.41 -10.50 -10.56 -10.72 -10.88 -10.97 -10.97 -11.06 -11.06 -11.06 -11.03 -11.16 -11.31 -11.47 -11.62 -11.69 -11.75 -11.91 -12.03 -12.09 -12.19 -12.28 -12.44 -12.59 -12.75 -12.91 -13.12 -13.25 -13.41 -13.53 -13.81 -14.16 -14.47 -14.69 -14.81 -14.88 -14.94 -15.22 -15.47 -15.66 -15.78 -15.91 -16.00 -16.22 -16.41 -16.69 -16.91 -17.09 -17.31 -17.41
-9.47 -9.31 -9.22 -9.06 -8.97 -8.94 -9.03 -9.19 -9.38 -9.50 -9.50 -9.53 -9.56 -9.47 -9.38 -9.41 -9.56 -9.75 -9.94 -10.00 -10.00 -10.00 -9.97 -10.03 -10.19 -10.34 -10.47 -10.66 -10.81 -10.88 -10.88 -10.84 -10.91 -10.94 -11.06 -11.03 -11.09 -11.25 -11.47 -11.50 -11.59 -11.62 -11.81 -12.00 -12.16 -12.31 -12.47 -12.56 -12.75 -12.81 -13.00 -13.28 -13.59 -13.97 -14.25 -14.44 -14.47 -14.44 -14.62 -14.91 -15.09 -15.31 -15.53 -15.66 -15.81 -16.00 -16.25 -16.47 -16.59 -16.81 -17.00
-9.19 -9.12 -8.94 -8.88 -8.66 -8.59 -8.59 -8.75 -8.97 -9.09 -9.16 -9.19 -9.25 -9.12 -9.00 -9.00 -9.12 -9.38 -9.59 -9.66 -9.59 -9.59 -9.62 -9.72 -9.88 -9.97 -10.00 -10.19 -10.41 -10.56 -10.66 -10.75 -10.75 -10.75 -10.78 -10.78 -10.84 -10.94 -11.06 -11.16 -11.25 -11.25 -11.41 -11.44 -11.59 -11.84 -12.00 -12.16 -12.28 -12.41 -12.59 -12.88 -13.16 -13.56 -13.84 -13.91 -14.03 -14.06 -14.22 -14.50 -14.69 -14.91 -15.09 -15.41 -15.62 -15.81 -15.91 -16.03 -16.16 -16.44 -16.59
-8.88 -8.84 -8.69 -8.53 -8.38 -8.28 -8.28 -8.41 -8.53 -8.72 -8.75 -8.78 -8.91 -8.81 -8.75 -8.75 -8.88 -9.09 -9.28 -9.31 -9.22 -9.28 -9.34 -9.47 -9.66 -9.66 -9.72 -9.78 -10.00 -10.22 -10.28 -10.34 -10.47 -10.59 -10.53 -10.53 -10.50 -10.53 -10.66 -10.81 -10.91 -11.03 -11.09 -11.16 -11.31 -11.66 -11.78 -11.91 -12.03 -12.28 -12.41 -12.53 -12.84 -13.16 -13.41 -13.53 -13.62 -13.78 -13.84 -14.00 -14.25 -14.53 -14.78 -15.03 -15.28 -15.47 -15.53 -15.62 -15.81 -16.00 -16.25
-8.44 -8.31 -8.16 -8.00 -7.91 -7.84 -7.84 -7.88 -8.00 -8.19 -8.28 -8.41 -8.53 -8.50 -8.47 -8.50 -8.62 -8.94 -9.16 -9.16 -9.09 -9.09 -9.16 -9.28 -9.50 -9.38 -9.41 -9.53 -9.62 -9.88 -10.03 -10.12 -10.19 -10.28 -10.25 -10.22 -10.25 -10.34 -10.38 -10.44 -10.53 -10.66 -10.69 -10.84 -11.09 -11.25 -11.34 -11.56 -11.78 -12.00 -12.22 -12.53 -12.72 -12.91 -13.16 -13.25 -13.34 -13.53 -13.62 -13.75 -13.84 -14.19 -14.41 -14.59 -14.75 -15.00 -15.16 -15.28 -15.41 -15.47 -15.69
-8.03 -7.78 -7.59 -7.47 -7.34 -7.44 -7.47 -7.53 -7.56 -7.66 -7.69 -7.84 -7.94 -8.00 -8.06 -8.19 -8.47 -8.72 -8.84 -8.91 -8.88 -8.88 -8.94 -9.12 -9.34 -9.31 -9.28 -9.28 -9.31 -9.47 -9.66 -9.81 -9.88 -9.94 -9.97 -10.06 -10.06 -10.00 -10.00 -10.09 -10.16 -10.25 -10.22 -10.34 -10.59 -10.72 -10.88 -11.03 -11.22 -11.50 -11.69 -11.88 -12.16 -12.38 -12.62 -12.81 -13.03 -13.19 -13.38 -13.50 -13.50 -13.66 -13.91 -14.06 -14.19 -14.38 -14.75 -15.03 -15.25 -15.31 -15.41
-7.75 -7.53 -7.22 -7.09 -6.94 -6.97 -7.06 -7.06 -7.06 -7.12 -7.16 -7.31 -7.50 -7.50 -7.59 -7.81 -8.16 -8.44 -8.62 -8.75 -8.66 -8.66 -8.69 -8.84 -9.06 -9.22 -9.22 -9.06 -9.09 -9.09 -9.28 -9.47 -9.59 -9.66 -9.69 -9.72 -9.69 -9.62 -9.56 -9.69 -9.81 -9.84 -9.91 -10.09 -10.28 -10.41 -10.53 -10.69 -10.81 -11.09 -11.31 -11.44 -11.59 -11.78 -12.00 -12.25 -12.44 -12.66 -12.91 -13.12 -13.31 -13.47 -13.56 -13.75 -13.88 -14.03 -14.16 -14.38 -14.62 -14.91 -15.00
-7.22 -7.16 -6.97 -6.81 -6.69 -6.62 -6.66 -6.66 -6.69 -6.78 -6.84 -6.94 -7.06 -7.06 -7.25 -7.53 -7.84 -8.16 -8.34 -8.47 -8.47 -8.44 -8.41 -8.59 -8.75 -8.94 -9.03 -8.94 -8.72 -8.78 -8.94 -9.16 -9.34 -9.38 -9.41 -9.41 -9.38 -9.34 -9.28 -9.41 -9.50 -9.59 -9.66 -9.78 -10.03 -10.19 -10.38 -10.47 -10.53 -10.66 -10.78 -10.84 -11.00 -11.28 -11.53 -11.78 -12.00 -12.22 -12.41 -12.72 -12.94 -13.16 -13.31 -13.41 -13.47 -13.62 -13.78 -13.81 -14.12 -14.28 -14.41
-6.81 -6.91 -6.91 -6.75 -6.62 -6.53 -6.50 -6.50 -6.56 -6.62 -6.69 -6.72 -6.75 -6.75 -6.91 -7.19 -7.50 -7.69 -7.91 -8.00 -8.12 -8.16 -8.16 -8.25 -8.50 -8.66 -8.81 -8.66 -8.53 -8.56 -8.72 -8.97 -9.16 -9.22 -9.25 -9.16 -8.97 -8.94 -9.06 -9.16 -9.34 -9.41 -9.38 -9.47 -9.69 -9.84 -10.00 -10.09 -10.19 -10.34 -10.50 -10.62 -10.78 -10.94 -11.16 -11.34 -11.56 -11.72 -11.88 -12.12 -12.41 -12.72 -12.94 -13.09 -13.22 -13.34 -13.47 -13.59 -13.75 -14.00 -14.00
-6.62 -6.78 -6.84 -6.66 -6.50 -6.31 -6.19 -6.31 -6.53 -6.69 -6.72 -6.62 -6.62 -6.75 -6.88 -7.09 -7.31 -7.47 -7.53 -7.69 -7.81 -7.88 -7.94 -8.06 -8.22 -8.44 -8.62 -8.47 -8.28 -8.41 -8.59 -8.78 -8.78 -8.91 -8.88 -8.75 -8.66 -8.69 -8.84 -9.12 -9.22 -9.28 -9.25 -9.28 -9.41 -9.62 -9.81 -9.97 -10.16 -10.34 -10.41 -10.47 -10.62 -10.69 -10.81 -10.94 -11.16 -11.28 -11.53 -11.69 -11.97 -12.16 -12.41 -12.66 -12.91 -13.06 -13.16 -13.31 -13.47 -13.53 -13.66
-6.50 -6.66 -6.72 -6.78 -6.62 -6.47 -6.31 -6.22 -6.28 -6.44 -6.59 -6.62 -6.66 -6.78 -7.03 -7.16 -7.31 -7.47 -7.47 -7.59 -7.72 -7.84 -7.84 -7.94 -8.09 -8.28 -8.31 -8.25 -8.19 -8.25 -8.44 -8.56 -8.66 -8.72 -8.66 -8.50 -8.44 -8.53 -8.72 -8.97 -9.03 -9.06 -9.06 -8.97 -9.12 -9.19 -9.41 -9.62 -9.81 -9.94 -10.00 -10.06 -10.19 -10.28 -10.31 -10.56 -10.75 -10.91 -11.09 -11.25 -11.50 -11.72 -12.03 -12.25 -12.44 -12.56 -12.69 -12.88 -13.00 -13.19 -13.28
-6.19 -6.41 -6.53 -6.75 -6.69 -6.56 -6.50 -6.44 -6.28 -6.25 -6.25 -6.19 -6.22 -6.41 -6.78 -7.09 -7.31 -7.44 -7.56 -7.69 -7.78 -7.81 -7.84 -7.91 -7.94 -8.00 -7.88 -7.84 -7.91 -8.03 -8.19 -8.31 -8.44 -8.41 -8.28 -8.19 -8.16 -8.25 -8.41 -8.69 -8.78 -8.88 -8.84 -8.72 -8.66 -8.75 -8.97 -9.28 -9.47 -9.56 -9.66 -9.72 -9.78 -9.91 -10.12 -10.28 -10.47 -10.62 -10.75 -10.94 -11.19 -11.47 -11.66 -11.88 -12.09 -12.22 -12.34 -12.53 -12.75 -12.91 -13.03
-6.09 -6.34 -6.47 -6.59 -6.59 -6.62 -6.56 -6.41 -6.34 -6.31 -6.28 -6.22 -6.06 -6.16 -6.50 -7.00 -7.41 -7.53 -7.66 -7.75 -7.81 -7.84 -7.72 -7.78 -7.78 -7.75 -7.69 -7.66 -7.62 -7.88 -8.00 -8.00 -8.06 -8.06 -8.00 -7.91 -7.84 -7.97 -8.16 -8.38 -8.53 -8.56 -8.53 -8.44 -8.25 -8.41 -8.66 -8.94 -9.09 -9.12 -9.31 -9.41 -9.47 -9.59 -9.81 -9.97 -10.19 -10.25 -10.38 -10.59 -10.94 -11.12 -11.34 -11.53 -11.72 -11.81 -12.12 -12.19 -12.44 -12.56 -12.69
-6.00 -6.16 -6.41 -6.66 -6.75 -6.88 -6.88 -6.75 -6.66 -6.56 -6.56 -6.41 -6.25 -6.41 -6.62 -7.06 -7.50 -7.53 -7.53 -7.56 -7.69 -7.69 -7.75 -7.75 -7.75 -7.66 -7.47 -7.44 -7.56 -7.69 -7.81 -7.69 -7.66 -7.69 -7.62 -7.56 -7.47 -7.53 -7.78 -8.00 -8.12 -8.22 -8.19 -8.09 -8.09 -8.19 -8.50 -8.84 -8.94 -9.00 -9.09 -9.22 -9.38 -9.44 -9.53 -9.78 -9.91 -10.00 -10.12 -10.31 -10.59 -10.84 -11.09 -11.31 -11.38 -11.50 -11.75 -11.97 -12.06 -12.16 -12.22
-5.84 -6.16 -6.38 -6.72 -6.81 -6.97 -7.06 -7.00 -6.91 -6.78 -6.81 -6.69 -6.62 -6.62 -6.84 -7.19 -7.50 -7.53 -7.56 -7.66 -7.66 -7.75 -7.69 -7.78 -7.72 -7.56 -7.31 -7.16 -7.22 -7.31 -7.44 -7.41 -7.47 -7.47 -7.44 -7.34 -7.28 -7.31 -7.50 -7.69 -7.84 -7.84 -7.81 -7.81 -7.97 -8.19 -8.47 -8.66 -8.72 -8.84 -8.78 -8.88 -9.09 -9.28 -9.56 -9.72 -9.75 -9.72 -9.84 -10.06 -10.34 -10.62 -10.94 -11.12 -11.31 -11.41 -11.50 -11.66 -11.78 -11.94 -12.00
-5.75 -6.09 -6.41 -6.66 -6.78 -6.94 -6.97 -7.06 -7.16 -7.12 -7.06 -7.00 -7.00 -6.97 -7.12 -7.31 -7.47 -7.53 -7.62 -7.69 -7.75 -7.75 -7.66 -7.69 -7.62 -7.44 -7.19 -6.97 -6.97 -7.06 -7.25 -7.22 -7.19 -7.22 -7.31 -7.22 -7.12 -7.06 -7.16 -7.31 -7.50 -7.41 -7.44 -7.56 -7.69 -7.94 -8.19 -8.38 -8.44 -8.50 -8.56 -8.59 -8.81 -9.09 -9.34 -9.47 -9.44 -9.47 -9.62 -9.78 -10.09 -10.31 -10.47 -10.69 -10.91 -11.09 -11.16 -11.28 -11.47 -11.69 -11.78
-5.69 -5.94 -6.34 -6.59 -6.75 -6.88 -6.94 -7.09 -7.16 -7.09 -7.12 -7.22 -7.19 -7.19 -7.31 -7.38 -7.34 -7.50 -7.56 -7.66 -7.66 -7.66 -7.62 -7.56 -7.53 -7.28 -6.97 -6.88 -6.91 -7.00 -7.09 -7.03 -6.94 -6.97 -6.97 -6.88 -6.81 -6.78 -6.75 -6.88 -7.00 -7.00 -7.03 -7.19 -7.56 -7.81 -7.94 -8.06 -8.22 -8.09 -8.06 -8.12 -8.44 -8.69 -8.97 -9.12 -9.12 -9.22 -9.47 -9.69 -9.81 -9.72 -9.97 -10.22 -10.50 -10.72 -10.97 -11.22 -11.38 -11.44 -11.50
-5.66 -5.91 -6.25 -6.59 -6.78 -6.91 -7.03 -7.00 -7.03 -7.09 -7.06 -7.19 -7.19 -7.28 -7.34 -7.47 -7.41 -7.41 -7.47 -7.50 -7.59 -7.56 -7.56 -7.44 -7.38 -7.06 -6.84 -6.66 -6.66 -6.78 -6.88 -6.81 -6.78 -6.78 -6.75 -6.62 -6.50 -6.47 -6.41 -6.50 -6.59 -6.66 -6.81 -7.03 -7.31 -7.53 -7.62 -7.78 -7.91 -7.88 -7.81 -7.81 -8.03 -8.31 -8.59 -8.75 -8.91 -9.06 -9.25 -9.53 -9.69 -9.62 -9.84 -10.00 -10.25 -10.41 -10.66 -10.88 -11.03 -11.03 -11.00
-5.75 -6.09 -6.41 -6.62 -6.75 -6.91 -6.84 -6.81 -6.84 -6.91 -6.88 -7.00 -7.09 -7.06 -7.19 -7.22 -7.31 -7.28 -7.31 -7.38 -7.47 -7.47 -7.41 -7.31 -7.19 -6.97 -6.72 -6.66 -6.62 -6.69 -6.66 -6.62 -6.56 -6.53 -6.50 -6.41 -6.25 -6.16 -6.12 -6.12 -6.22 -6.34 -6.66 -6.97 -7.09 -7.28 -7.41 -7.59 -7.62 -7.62 -7.66 -7.72 -7.88 -8.09 -8.31 -8.47 -8.66 -8.88 -9.12 -9.38 -9.50 -9.56 -9.62 -9.69 -9.72 -9.94 -10.19 -10.41 -10.53 -10.62 -10.66
-5.94 -6.16 -6.41 -6.53 -6.62 -6.62 -6.78 -6.78 -6.81 -6.81 -6.94 -7.00 -6.94 -6.94 -6.94 -7.00 -7.03 -7.00 -7.09 -7.28 -7.34 -7.28 -7.09 -6.97 -6.97 -6.91 -6.72 -6.53 -6.41 -6.41 -6.38 -6.41 -6.28 -6.25 -6.09 -6.00 -6.00 -6.12 -6.06 -6.09 -6.22 -6.44 -6.72 -6.88 -7.00 -7.16 -7.28 -7.53 -7.59 -7.59 -7.69 -7.78 -7.97 -8.09 -8.22 -8.38 -8.41 -8.62 -8.94 -9.22 -9.44 -9.59 -9.53 -9.56 -9.66 -9.84 -10.09 -10.19 -10.22 -10.34 -10.50
-6.06 -6.28 -6.47 -6.50 -6.56 -6.41 -6.59 -6.81 -6.84 -6.91 -6.91 -6.94 -6.78 -6.59 -6.56 -6.66 -6.66 -6.84 -6.94 -6.97 -7.16 -7.06 -6.91 -6.84 -6.81 -6.62 -6.44 -6.25 -6.03 -6.12 -6.16 -6.19 -6.16 -5.97 -5.84 -5.84 -6.00 -6.12 -6.12 -6.22 -6.25 -6.38 -6.56 -6.69 -6.81 -7.06 -7.22 -7.34 -7.38 -7.47 -7.62 -7.88 -8.06 -8.19 -8.25 -8.31 -8.50 -8.75 -8.97 -9.25 -9.50 -9.62 -9.59 -9.56 -9.53 -9.75 -9.97 -10.12 -10.19 -10.25 -10.44
-5.94 -6.16 -6.19 -6.34 -6.31 -6.47 -6.66 -6.72 -6.72 -6.78 -6.78 -6.88 -6.75 -6.66 -6.72 -6.56 -6.59 -6.62 -6.75 -6.84 -6.91 -6.97 -6.94 -6.88 -6.75 -6.59 -6.41 -6.16 -5.91 -5.69 -5.62 -5.78 -5.78 -5.66 -5.72 -5.75 -5.97 -6.09 -6.09 -6.12 -6.12 -6.38 -6.66 -6.78 -6.94 -7.06 -7.22 -7.31 -7.31 -7.38 -7.47 -7.78 -8.09 -8.25 -8.28 -8.22 -8.44 -8.66 -8.88 -9.16 -9.38 -9.44 -9.47 -9.47 -9.59 -9.66 -9.84 -9.94 -10.16 -10.19 -10.28
-6.06 -6.16 -6.09 -6.12 -6.28 -6.47 -6.53 -6.53 -6.59 -6.69 -6.72 -6.72 -6.72 -6.75 -6.72 -6.66 -6.50 -6.47 -6.44 -6.56 -6.56 -6.62 -6.59 -6.56 -6.47 -6.28 -6.38 -6.25 -6.00 -5.84 -5.78 -5.62 -5.59 -5.66 -5.75 -5.81 -5.88 -6.00 -6.03 -6.09 -6.09 -6.22 -6.44 -6.69 -6.88 -6.91 -7.00 -7.09 -7.16 -7.16 -7.34 -7.72 -8.03 -8.19 -8.31 -8.38 -8.44 -8.59 -8.88 -9.09 -9.31 -9.44 -9.53 -9.66 -9.75 -9.81 -9.91 -9.97 -10.00 -10.12 -10.31
-6.34 -6.34 -6.28 -6.31 -6.34 -6.47 -6.59 -6.62 -6.62 -6.62 -6.59 -6.59 -6.69 -6.59 -6.56 -6.62 -6.56 -6.50 -6.50 -6.56 -6.69 -6.66 -6.59 -6.50 -6.34 -6.22 -6.25 -6.16 -6.09 -5.94 -5.84 -5.72 -5.66 -5.75 -5.81 -5.81 -5.97 -6.06 -6.00 -6.06 -6.06 -6.19 -6.38 -6.59 -6.78 -6.91 -6.94 -7.06 -7.03 -7.19 -7.41 -7.72 -8.00 -8.12 -8.31 -8.53 -8.59 -8.69 -8.91 -9.00 -9.09 -9.25 -9.44 -9.56 -9.59 -9.56 -9.66 -9.66 -9.75 -9.84 -10.16
-6.50 -6.53 -6.41 -6.53 -6.62 -6.66 -6.66 -6.69 -6.72 -6.72 -6.69 -6.72 -6.59 -6.56 -6.62 -6.50 -6.44 -6.44 -6.47 -6.62 -6.69 -6.69 -6.50 -6.44 -6.44 -6.41 -6.19 -6.03 -5.97 -5.88 -5.72 -5.69 -5.62 -5.66 -5.81 -5.84 -6.06 -6.12 -6.19 -6.03 -6.09 -6.25 -6.44 -6.62 -6.66 -6.84 -6.94 -7.03 -7.00 -7.06 -7.19 -7.50 -7.84 -8.00 -8.22 -8.44 -8.38 -8.56 -8.72 -8.94 -9.09 -9.25 -9.38 -9.53 -9.62 -9.66 -9.59 -9.66 -9.81 -9.97 -10.28
-6.59 -6.59 -6.59 -6.50 -6.50 -6.53 -6.69 -6.69 -6.78 -6.81 -6.72 -6.59 -6.53 -6.47 -6.41 -6.34 -6.41 -6.41 -6.41 -6.44 -6.44 -6.47 -6.31 -6.28 -6.16 -6.06 -6.06 -6.00 -5.84 -5.72 -5.56 -5.44 -5.44 -5.41 -5.53 -5.66 -5.88 -6.06 -6.16 -6.22 -6.22 -6.25 -6.38 -6.38 -6.47 -6.59 -6.75 -6.91 -6.91 -7.00 -7.09 -7.38 -7.66 -7.91 -8.06 -8.31 -8.41 -8.47 -8.62 -8.84 -8.97 -9.22 -9.34 -9.38 -9.50 -9.66 -9.62 -9.66 -9.75 -9.88 -10.03
-6.75 -6.66 -6.66 -6.72 -6.72 -6.62 -6.69 -6.75 -6.88 -6.94 -6.84 -6.66 -6.47 -6.41 -6.44 -6.44 -6.44 -6.47 -6.50 -6.47 -6.47 -6.41 -6.34 -6.22 -6.16 -6.16 -6.12 -6.03 -6.00 -5.84 -5.66 -5.56 -5.44 -5.44 -5.72 -5.84 -5.94 -6.25 -6.41 -6.47 -6.28 -6.28 -6.28 -6.25 -6.41 -6.44 -6.53 -6.59 -6.72 -6.84 -7.00 -7.25 -7.50 -7.78 -8.00 -8.22 -8.28 -8.41 -8.62 -8.78 -8.94 -9.09 -9.12 -9.28 -9.47 -9.59 -9.66 -9.78 -9.81 -9.97 -10.09
