everonasctiles/Tile[17,3].asc
ncols 128
nrows 128
xllcorner 0
yllcorner 0
cellsize 2.0
NODATA_value  -9999
[rows 32 to 63 of 128, columns 0 to 70 of 128]
-55.06 -55.25 -55.44 -55.62 -55.84 -56.03 -56.28 -56.50 -56.75 -57.00 -57.25 -57.53 -57.78 -58.03 -58.28 -58.53 -58.75 -58.97 -59.16 -59.31 -59.47 -59.59 -59.72 -59.84 -59.94 -60.06 -60.16 -60.22 -60.31 -60.38 -60.41 -60.44 -60.44 -60.44 -60.41 -60.34 -60.28 -60.19 -60.06 -59.91 -59.75 -59.56 -59.34 -59.09 -58.84 -58.56 -58.28 -58.00 -57.72 -57.44 -57.12 -56.78 -56.41 -56.00 -55.59 -55.12 -54.62 -54.12 -53.59 -53.06 -52.56 -52.06 -51.56 -51.09 -50.59 -50.06 -49.53 -49.00 -48.47 -47.94 -47.41
-55.22 -55.38 -55.56 -55.75 -55.94 -56.12 -56.34 -56.59 -56.84 -57.09 -57.34 -57.62 -57.88 -58.16 -58.41 -58.66 -58.88 -59.09 -59.28 -59.47 -59.62 -59.75 -59.84 -59.94 -60.03 -60.12 -60.22 -60.31 -60.38 -60.44 -60.50 -60.50 -60.53 -60.50 -60.50 -60.44 -60.38 -60.28 -60.16 -60.03 -59.88 -59.69 -59.47 -59.25 -59.00 -58.75 -58.47 -58.22 -57.94 -57.66 -57.34 -57.00 -56.62 -56.19 -55.75 -55.28 -54.81 -54.28 -53.78 -53.31 -52.84 -52.38 -51.91 -51.44 -50.94 -50.38 -49.84 -49.31 -48.78 -48.25 -47.75
-55.38 -55.53 -55.72 -55.91 -56.06 -56.28 -56.50 -56.72 -56.97 -57.22 -57.47 -57.75 -58.00 -58.25 -58.50 -58.75 -59.00 -59.22 -59.41 -59.59 -59.75 -59.88 -59.97 -60.06 -60.16 -60.22 -60.31 -60.38 -60.44 -60.50 -60.56 -60.59 -60.59 -60.59 -60.56 -60.53 -60.47 -60.38 -60.25 -60.12 -59.97 -59.81 -59.59 -59.38 -59.16 -58.91 -58.66 -58.41 -58.16 -57.84 -57.53 -57.19 -56.78 -56.38 -55.94 -55.50 -55.03 -54.56 -54.09 -53.62 -53.19 -52.75 -52.28 -51.75 -51.22 -50.69 -50.16 -49.62 -49.09 -48.59 -48.09
-55.53 -55.72 -55.88 -56.06 -56.25 -56.44 -56.66 -56.91 -57.16 -57.41 -57.66 -57.91 -58.16 -58.41 -58.62 -58.88 -59.09 -59.31 -59.50 -59.69 -59.84 -60.00 -60.09 -60.19 -60.25 -60.31 -60.38 -60.44 -60.50 -60.56 -60.59 -60.62 -60.66 -60.66 -60.62 -60.59 -60.53 -60.44 -60.34 -60.22 -60.06 -59.91 -59.72 -59.53 -59.31 -59.06 -58.84 -58.59 -58.31 -58.03 -57.69 -57.34 -56.97 -56.56 -56.16 -55.75 -55.31 -54.88 -54.41 -54.00 -53.56 -53.09 -52.59 -52.06 -51.53 -51.00 -50.47 -49.97 -49.47 -48.97 -48.44
-55.69 -55.88 -56.03 -56.22 -56.41 -56.62 -56.84 -57.06 -57.31 -57.59 -57.84 -58.09 -58.34 -58.56 -58.78 -59.00 -59.22 -59.41 -59.62 -59.78 -59.94 -60.09 -60.19 -60.28 -60.34 -60.41 -60.47 -60.53 -60.56 -60.62 -60.66 -60.69 -60.69 -60.69 -60.66 -60.62 -60.59 -60.50 -60.41 -60.31 -60.16 -60.00 -59.81 -59.62 -59.44 -59.22 -58.97 -58.72 -58.47 -58.16 -57.84 -57.53 -57.16 -56.78 -56.41 -56.00 -55.59 -55.16 -54.75 -54.31 -53.88 -53.38 -52.88 -52.38 -51.84 -51.34 -50.84 -50.34 -49.84 -49.31 -48.78
-55.81 -56.00 -56.19 -56.38 -56.56 -56.78 -57.00 -57.25 -57.50 -57.75 -58.03 -58.28 -58.53 -58.75 -58.94 -59.12 -59.31 -59.53 -59.72 -59.88 -60.03 -60.19 -60.28 -60.38 -60.44 -60.50 -60.53 -60.56 -60.62 -60.66 -60.69 -60.72 -60.72 -60.72 -60.72 -60.69 -60.62 -60.56 -60.47 -60.34 -60.22 -60.06 -59.91 -59.72 -59.53 -59.31 -59.09 -58.84 -58.59 -58.31 -58.00 -57.69 -57.38 -57.00 -56.66 -56.25 -55.84 -55.44 -55.03 -54.59 -54.16 -53.66 -53.19 -52.69 -52.19 -51.69 -51.19 -50.69 -50.19 -49.66 -49.12
-55.94 -56.12 -56.31 -56.50 -56.72 -56.94 -57.16 -57.41 -57.66 -57.91 -58.19 -58.44 -58.69 -58.91 -59.09 -59.28 -59.44 -59.62 -59.78 -59.97 -60.12 -60.25 -60.34 -60.44 -60.50 -60.53 -60.59 -60.62 -60.66 -60.69 -60.72 -60.75 -60.75 -60.75 -60.72 -60.69 -60.66 -60.59 -60.50 -60.41 -60.28 -60.12 -59.97 -59.81 -59.62 -59.41 -59.19 -58.94 -58.69 -58.44 -58.16 -57.88 -57.53 -57.22 -56.84 -56.47 -56.09 -55.69 -55.28 -54.84 -54.41 -53.94 -53.47 -53.00 -52.53 -52.03 -51.53 -51.03 -50.50 -49.97 -49.44
-56.06 -56.25 -56.44 -56.66 -56.84 -57.06 -57.31 -57.56 -57.81 -58.06 -58.31 -58.56 -58.78 -59.00 -59.22 -59.41 -59.56 -59.72 -59.88 -60.03 -60.16 -60.28 -60.41 -60.47 -60.53 -60.59 -60.62 -60.66 -60.69 -60.72 -60.75 -60.75 -60.75 -60.75 -60.75 -60.72 -60.69 -60.62 -60.53 -60.44 -60.31 -60.19 -60.03 -59.88 -59.69 -59.50 -59.28 -59.06 -58.81 -58.56 -58.31 -58.00 -57.69 -57.34 -57.00 -56.66 -56.28 -55.91 -55.50 -55.09 -54.66 -54.22 -53.75 -53.31 -52.84 -52.34 -51.84 -51.31 -50.81 -50.28 -49.78
-56.22 -56.38 -56.59 -56.78 -56.97 -57.19 -57.44 -57.66 -57.91 -58.16 -58.41 -58.66 -58.88 -59.09 -59.31 -59.47 -59.66 -59.81 -59.94 -60.09 -60.22 -60.31 -60.41 -60.50 -60.56 -60.59 -60.66 -60.69 -60.72 -60.75 -60.75 -60.75 -60.75 -60.75 -60.75 -60.72 -60.69 -60.66 -60.56 -60.47 -60.38 -60.25 -60.09 -59.94 -59.78 -59.59 -59.38 -59.16 -58.94 -58.69 -58.41 -58.09 -57.81 -57.47 -57.12 -56.78 -56.44 -56.09 -55.72 -55.31 -54.88 -54.47 -54.03 -53.56 -53.09 -52.59 -52.09 -51.59 -51.09 -50.59 -50.12
-56.34 -56.53 -56.72 -56.91 -57.12 -57.34 -57.56 -57.78 -58.03 -58.28 -58.50 -58.75 -58.97 -59.19 -59.38 -59.56 -59.72 -59.88 -60.00 -60.12 -60.22 -60.31 -60.41 -60.50 -60.56 -60.59 -60.66 -60.69 -60.72 -60.75 -60.75 -60.75 -60.75 -60.75 -60.75 -60.75 -60.72 -60.66 -60.59 -60.50 -60.41 -60.28 -60.16 -60.03 -59.84 -59.66 -59.47 -59.25 -59.03 -58.75 -58.50 -58.19 -57.91 -57.59 -57.28 -56.97 -56.62 -56.28 -55.91 -55.53 -55.12 -54.69 -54.25 -53.78 -53.31 -52.84 -52.38 -51.88 -51.41 -50.94 -50.44
-56.50 -56.66 -56.84 -57.03 -57.25 -57.47 -57.69 -57.91 -58.12 -58.38 -58.59 -58.81 -59.03 -59.25 -59.44 -59.62 -59.78 -59.91 -60.03 -60.16 -60.25 -60.34 -60.41 -60.50 -60.56 -60.59 -60.66 -60.69 -60.72 -60.75 -60.75 -60.75 -60.75 -60.75 -60.75 -60.75 -60.72 -60.69 -60.62 -60.53 -60.44 -60.34 -60.22 -60.09 -59.94 -59.75 -59.56 -59.34 -59.09 -58.84 -58.59 -58.31 -58.00 -57.72 -57.44 -57.16 -56.84 -56.50 -56.12 -55.75 -55.34 -54.91 -54.44 -54.00 -53.53 -53.06 -52.62 -52.19 -51.72 -51.25 -50.75
-56.66 -56.81 -56.97 -57.16 -57.38 -57.56 -57.78 -58.00 -58.22 -58.44 -58.69 -58.91 -59.09 -59.31 -59.50 -59.66 -59.81 -59.94 -60.06 -60.19 -60.25 -60.34 -60.44 -60.50 -60.56 -60.59 -60.66 -60.69 -60.72 -60.72 -60.75 -60.75 -60.75 -60.75 -60.75 -60.75 -60.72 -60.69 -60.62 -60.56 -60.47 -60.38 -60.28 -60.16 -60.00 -59.81 -59.62 -59.41 -59.19 -58.94 -58.69 -58.44 -58.16 -57.91 -57.62 -57.34 -57.03 -56.69 -56.31 -55.94 -55.50 -55.06 -54.62 -54.19 -53.75 -53.34 -52.91 -52.47 -52.00 -51.50 -51.00
-56.81 -56.94 -57.09 -57.28 -57.47 -57.69 -57.91 -58.09 -58.31 -58.53 -58.75 -58.97 -59.16 -59.34 -59.53 -59.69 -59.84 -59.97 -60.09 -60.19 -60.28 -60.38 -60.44 -60.50 -60.56 -60.59 -60.62 -60.66 -60.69 -60.72 -60.72 -60.75 -60.75 -60.75 -60.75 -60.72 -60.72 -60.69 -60.62 -60.56 -60.50 -60.41 -60.31 -60.19 -60.03 -59.88 -59.69 -59.47 -59.25 -59.03 -58.81 -58.56 -58.31 -58.09 -57.81 -57.53 -57.22 -56.88 -56.50 -56.09 -55.69 -55.28 -54.84 -54.44 -54.03 -53.62 -53.19 -52.75 -52.25 -51.75 -51.25
-56.94 -57.06 -57.22 -57.38 -57.56 -57.75 -57.97 -58.19 -58.41 -58.59 -58.81 -59.00 -59.19 -59.38 -59.56 -59.72 -59.84 -59.97 -60.09 -60.19 -60.28 -60.38 -60.44 -60.50 -60.56 -60.59 -60.62 -60.66 -60.69 -60.69 -60.69 -60.72 -60.72 -60.72 -60.72 -60.72 -60.69 -60.66 -60.62 -60.56 -60.50 -60.44 -60.31 -60.19 -60.06 -59.91 -59.72 -59.53 -59.34 -59.12 -58.91 -58.72 -58.50 -58.25 -58.00 -57.72 -57.41 -57.03 -56.69 -56.28 -55.91 -55.50 -55.12 -54.75 -54.34 -53.94 -53.50 -53.03 -52.53 -52.03 -51.53
-57.03 -57.16 -57.31 -57.47 -57.62 -57.81 -58.03 -58.22 -58.44 -58.62 -58.84 -59.03 -59.22 -59.38 -59.56 -59.69 -59.84 -59.97 -60.06 -60.19 -60.28 -60.38 -60.44 -60.50 -60.56 -60.59 -60.62 -60.66 -60.66 -60.66 -60.69 -60.69 -60.69 -60.69 -60.69 -60.69 -60.66 -60.62 -60.59 -60.56 -60.50 -60.41 -60.31 -60.19 -60.06 -59.91 -59.75 -59.56 -59.41 -59.22 -59.03 -58.84 -58.62 -58.41 -58.16 -57.88 -57.56 -57.22 -56.88 -56.53 -56.16 -55.78 -55.44 -55.06 -54.69 -54.25 -53.81 -53.34 -52.84 -52.34 -51.88
-57.12 -57.25 -57.38 -57.53 -57.69 -57.88 -58.06 -58.25 -58.44 -58.66 -58.84 -59.03 -59.22 -59.38 -59.53 -59.69 -59.81 -59.94 -60.06 -60.16 -60.25 -60.34 -60.41 -60.47 -60.53 -60.56 -60.59 -60.62 -60.66 -60.66 -60.66 -60.66 -60.66 -60.66 -60.66 -60.62 -60.62 -60.59 -60.56 -60.53 -60.47 -60.38 -60.31 -60.19 -60.06 -59.94 -59.78 -59.62 -59.47 -59.31 -59.16 -58.97 -58.78 -58.56 -58.31 -58.03 -57.72 -57.41 -57.09 -56.75 -56.44 -56.09 -55.75 -55.38 -55.00 -54.56 -54.12 -53.66 -53.19 -52.69 -52.22
-57.22 -57.34 -57.47 -57.59 -57.75 -57.91 -58.06 -58.25 -58.44 -58.62 -58.81 -59.00 -59.19 -59.34 -59.50 -59.66 -59.78 -59.91 -60.03 -60.12 -60.25 -60.31 -60.38 -60.44 -60.50 -60.56 -60.59 -60.59 -60.62 -60.62 -60.62 -60.62 -60.62 -60.62 -60.62 -60.59 -60.56 -60.56 -60.53 -60.47 -60.41 -60.34 -60.25 -60.16 -60.06 -59.94 -59.81 -59.69 -59.53 -59.41 -59.25 -59.09 -58.88 -58.69 -58.44 -58.19 -57.91 -57.62 -57.31 -57.00 -56.69 -56.38 -56.03 -55.66 -55.28 -54.84 -54.41 -53.97 -53.50 -53.03 -52.56
-57.31 -57.41 -57.53 -57.66 -57.78 -57.94 -58.09 -58.25 -58.44 -58.59 -58.78 -58.97 -59.12 -59.28 -59.44 -59.59 -59.75 -59.88 -60.00 -60.09 -60.19 -60.28 -60.34 -60.41 -60.47 -60.53 -60.56 -60.59 -60.59 -60.59 -60.59 -60.59 -60.59 -60.59 -60.56 -60.56 -60.53 -60.50 -60.47 -60.41 -60.38 -60.28 -60.22 -60.12 -60.03 -59.94 -59.84 -59.72 -59.62 -59.50 -59.34 -59.19 -59.00 -58.78 -58.56 -58.31 -58.06 -57.81 -57.53 -57.22 -56.94 -56.62 -56.28 -55.91 -55.53 -55.12 -54.69 -54.25 -53.81 -53.34 -52.88
-57.38 -57.47 -57.59 -57.69 -57.81 -57.94 -58.09 -58.25 -58.41 -58.56 -58.75 -58.91 -59.06 -59.25 -59.41 -59.56 -59.69 -59.84 -59.97 -60.06 -60.16 -60.25 -60.31 -60.38 -60.44 -60.50 -60.53 -60.53 -60.56 -60.56 -60.56 -60.56 -60.53 -60.53 -60.53 -60.50 -60.50 -60.47 -60.41 -60.38 -60.31 -60.25 -60.19 -60.09 -60.03 -59.94 -59.88 -59.78 -59.69 -59.56 -59.44 -59.25 -59.09 -58.88 -58.69 -58.44 -58.22 -57.97 -57.72 -57.44 -57.12 -56.81 -56.47 -56.12 -55.75 -55.34 -54.94 -54.50 -54.06 -53.59 -53.16
-57.47 -57.56 -57.62 -57.75 -57.84 -57.97 -58.09 -58.25 -58.38 -58.53 -58.69 -58.88 -59.03 -59.19 -59.34 -59.50 -59.66 -59.78 -59.91 -60.03 -60.12 -60.19 -60.28 -60.34 -60.41 -60.44 -60.47 -60.50 -60.50 -60.53 -60.50 -60.50 -60.50 -60.50 -60.47 -60.47 -60.44 -60.41 -60.38 -60.31 -60.28 -60.22 -60.16 -60.09 -60.03 -60.00 -59.94 -59.84 -59.75 -59.62 -59.50 -59.31 -59.16 -58.97 -58.78 -58.56 -58.34 -58.12 -57.88 -57.59 -57.31 -57.00 -56.66 -56.31 -55.94 -55.56 -55.16 -54.72 -54.31 -53.84 -53.41
-57.53 -57.62 -57.69 -57.78 -57.88 -58.00 -58.09 -58.22 -58.38 -58.53 -58.66 -58.81 -58.97 -59.12 -59.28 -59.44 -59.59 -59.75 -59.88 -59.97 -60.06 -60.16 -60.22 -60.28 -60.34 -60.41 -60.44 -60.44 -60.47 -60.47 -60.47 -60.47 -60.47 -60.44 -60.44 -60.41 -60.38 -60.34 -60.31 -60.28 -60.25 -60.22 -60.19 -60.12 -60.09 -60.03 -60.00 -59.91 -59.81 -59.69 -59.56 -59.38 -59.22 -59.06 -58.88 -58.69 -58.47 -58.25 -58.00 -57.75 -57.44 -57.16 -56.81 -56.47 -56.09 -55.72 -55.34 -54.94 -54.53 -54.09 -53.66
-57.59 -57.66 -57.75 -57.81 -57.91 -58.00 -58.12 -58.22 -58.38 -58.50 -58.62 -58.78 -58.94 -59.06 -59.25 -59.41 -59.53 -59.69 -59.81 -59.91 -60.00 -60.09 -60.16 -60.22 -60.28 -60.34 -60.38 -60.41 -60.41 -60.41 -60.41 -60.41 -60.41 -60.41 -60.38 -60.38 -60.34 -60.31 -60.31 -60.28 -60.25 -60.25 -60.22 -60.19 -60.16 -60.12 -60.06 -60.00 -59.88 -59.75 -59.59 -59.44 -59.28 -59.12 -58.97 -58.81 -58.59 -58.38 -58.12 -57.84 -57.56 -57.25 -56.94 -56.62 -56.28 -55.91 -55.53 -55.16 -54.75 -54.38 -53.94
-57.62 -57.72 -57.78 -57.84 -57.94 -58.03 -58.12 -58.22 -58.34 -58.47 -58.59 -58.75 -58.88 -59.03 -59.19 -59.34 -59.50 -59.62 -59.75 -59.88 -59.97 -60.03 -60.12 -60.19 -60.22 -60.28 -60.31 -60.34 -60.34 -60.38 -60.38 -60.38 -60.38 -60.34 -60.34 -60.31 -60.31 -60.31 -60.28 -60.28 -60.28 -60.28 -60.28 -60.25 -60.22 -60.19 -60.12 -60.06 -59.94 -59.81 -59.69 -59.53 -59.38 -59.22 -59.09 -58.91 -58.69 -58.47 -58.22 -57.94 -57.66 -57.38 -57.06 -56.75 -56.44 -56.09 -55.75 -55.41 -55.03 -54.66 -54.28
-57.66 -57.75 -57.81 -57.88 -57.94 -58.03 -58.12 -58.22 -58.34 -58.47 -58.59 -58.72 -58.84 -59.00 -59.12 -59.28 -59.44 -59.56 -59.69 -59.81 -59.91 -59.97 -60.06 -60.12 -60.19 -60.22 -60.28 -60.31 -60.31 -60.31 -60.31 -60.31 -60.31 -60.31 -60.31 -60.31 -60.28 -60.28 -60.31 -60.31 -60.34 -60.34 -60.34 -60.31 -60.31 -60.25 -60.19 -60.12 -60.00 -59.91 -59.75 -59.62 -59.47 -59.34 -59.19 -59.00 -58.78 -58.56 -58.28 -58.03 -57.75 -57.50 -57.22 -56.91 -56.62 -56.31 -55.97 -55.66 -55.31 -54.97 -54.59
-57.69 -57.75 -57.81 -57.88 -57.94 -58.03 -58.12 -58.22 -58.31 -58.44 -58.56 -58.69 -58.81 -58.94 -59.09 -59.25 -59.38 -59.53 -59.66 -59.75 -59.84 -59.94 -60.00 -60.06 -60.12 -60.19 -60.22 -60.25 -60.28 -60.28 -60.28 -60.28 -60.28 -60.28 -60.28 -60.28 -60.28 -60.31 -60.34 -60.34 -60.38 -60.38 -60.38 -60.38 -60.38 -60.34 -60.28 -60.19 -60.09 -59.97 -59.84 -59.72 -59.59 -59.44 -59.28 -59.09 -58.88 -58.62 -58.38 -58.12 -57.88 -57.62 -57.38 -57.09 -56.81 -56.53 -56.22 -55.94 -55.62 -55.28 -54.88
-57.69 -57.75 -57.81 -57.88 -57.94 -58.00 -58.09 -58.19 -58.28 -58.41 -58.53 -58.66 -58.78 -58.94 -59.06 -59.22 -59.34 -59.50 -59.59 -59.72 -59.81 -59.91 -59.97 -60.03 -60.09 -60.12 -60.19 -60.22 -60.22 -60.22 -60.25 -60.25 -60.25 -60.25 -60.25 -60.28 -60.31 -60.34 -60.38 -60.38 -60.41 -60.44 -60.44 -60.44 -60.44 -60.41 -60.34 -60.28 -60.19 -60.06 -59.97 -59.84 -59.72 -59.56 -59.38 -59.19 -58.97 -58.72 -58.50 -58.25 -58.03 -57.81 -57.56 -57.28 -57.03 -56.75 -56.47 -56.19 -55.88 -55.53 -55.12
-57.66 -57.72 -57.78 -57.84 -57.91 -57.97 -58.06 -58.16 -58.25 -58.38 -58.50 -58.62 -58.75 -58.91 -59.06 -59.19 -59.34 -59.47 -59.56 -59.69 -59.78 -59.88 -59.94 -60.00 -60.03 -60.09 -60.12 -60.16 -60.19 -60.19 -60.19 -60.19 -60.22 -60.22 -60.25 -60.28 -60.31 -60.34 -60.38 -60.41 -60.44 -60.47 -60.47 -60.50 -60.50 -60.47 -60.41 -60.34 -60.25 -60.16 -60.06 -59.94 -59.81 -59.66 -59.50 -59.28 -59.06 -58.84 -58.62 -58.41 -58.19 -57.97 -57.75 -57.50 -57.25 -56.97 -56.69 -56.41 -56.09 -55.72 -55.28
-57.62 -57.69 -57.75 -57.81 -57.88 -57.94 -58.03 -58.12 -58.22 -58.34 -58.47 -58.59 -58.75 -58.88 -59.03 -59.19 -59.31 -59.44 -59.56 -59.66 -59.75 -59.84 -59.91 -59.97 -60.00 -60.06 -60.09 -60.12 -60.16 -60.16 -60.19 -60.19 -60.22 -60.22 -60.25 -60.28 -60.31 -60.38 -60.41 -60.44 -60.47 -60.50 -60.53 -60.53 -60.53 -60.50 -60.47 -60.41 -60.34 -60.25 -60.16 -60.03 -59.91 -59.75 -59.56 -59.38 -59.19 -58.97 -58.75 -58.56 -58.34 -58.12 -57.91 -57.69 -57.44 -57.19 -56.91 -56.59 -56.25 -55.84 -55.38
-57.59 -57.66 -57.69 -57.75 -57.81 -57.91 -57.97 -58.06 -58.19 -58.31 -58.44 -58.56 -58.72 -58.88 -59.03 -59.16 -59.31 -59.44 -59.53 -59.66 -59.75 -59.81 -59.91 -59.94 -60.00 -60.06 -60.09 -60.12 -60.16 -60.19 -60.22 -60.22 -60.25 -60.25 -60.28 -60.31 -60.34 -60.38 -60.41 -60.47 -60.50 -60.53 -60.56 -60.56 -60.56 -60.56 -60.53 -60.47 -60.41 -60.31 -60.22 -60.09 -59.97 -59.81 -59.66 -59.47 -59.28 -59.06 -58.88 -58.69 -58.50 -58.28 -58.09 -57.84 -57.62 -57.34 -57.06 -56.72 -56.34 -55.94 -55.47
-57.53 -57.59 -57.66 -57.72 -57.78 -57.84 -57.94 -58.03 -58.16 -58.28 -58.41 -58.56 -58.69 -58.84 -59.00 -59.16 -59.28 -59.41 -59.53 -59.66 -59.75 -59.81 -59.91 -59.97 -60.03 -60.06 -60.12 -60.16 -60.19 -60.22 -60.25 -60.25 -60.28 -60.28 -60.31 -60.31 -60.34 -60.41 -60.44 -60.47 -60.50 -60.53 -60.56 -60.59 -60.59 -60.56 -60.56 -60.50 -60.44 -60.38 -60.28 -60.16 -60.00 -59.88 -59.69 -59.53 -59.34 -59.16 -58.97 -58.81 -58.62 -58.44 -58.25 -58.03 -57.78 -57.50 -57.19 -56.84 -56.44 -56.03 -55.56
-57.47 -57.53 -57.59 -57.66 -57.72 -57.81 -57.91 -58.00 -58.12 -58.25 -58.38 -58.53 -58.69 -58.84 -59.00 -59.16 -59.28 -59.44 -59.56 -59.66 -59.75 -59.84 -59.91 -59.97 -60.03 -60.09 -60.16 -60.19 -60.22 -60.25 -60.28 -60.31 -60.31 -60.34 -60.34 -60.38 -60.38 -60.41 -60.44 -60.47 -60.53 -60.56 -60.56 -60.59 -60.59 -60.59 -60.59 -60.53 -60.47 -60.41 -60.31 -60.19 -60.06 -59.91 -59.75 -59.59 -59.44 -59.25 -59.09 -58.91 -58.75 -58.56 -58.38 -58.16 -57.88 -57.59 -57.28 -56.91 -56.53 -56.09 -55.62
-57.41 -57.47 -57.50 -57.59 -57.66 -57.75 -57.84 -57.97 -58.09 -58.22 -58.34 -58.50 -58.66 -58.81 -58.97 -59.12 -59.28 -59.44 -59.56 -59.69 -59.78 -59.88 -59.94 -60.00 -60.06 -60.12 -60.19 -60.22 -60.28 -60.31 -60.34 -60.38 -60.38 -60.41 -60.41 -60.41 -60.44 -60.44 -60.47 -60.50 -60.53 -60.53 -60.56 -60.59 -60.59 -60.59 -60.59 -60.56 -60.50 -60.44 -60.31 -60.22 -60.09 -59.97 -59.81 -59.66 -59.50 -59.34 -59.19 -59.03 -58.88 -58.69 -58.47 -58.25 -57.97 -57.69 -57.34 -57.00 -56.62 -56.19 -55.78
