everonasctiles/Tile12,26.asc
ncols 128
nrows 128
xllcorner 0
yllcorner 0
cellsize 2.0
NODATA_value  -9999
[rows 68 to 101 of 128, columns 0 to 76 of 128]
48.56 48.41 48.25 48.16 48.12 48.12 48.12 48.19 48.25 48.38 48.47 48.62 48.78 48.91 49.06 49.19 49.34 49.50 49.69 49.91 50.09 50.34 50.59 50.88 51.16 51.44 51.75 52.09 52.41 52.72 53.12 53.59 54.03 54.50 55.00 55.44 55.81 56.12 56.34 56.56 56.75 56.91 57.06 57.22 57.38 57.53 57.69 57.88 58.06 58.25 58.44 58.62 58.81 59.03 59.25 59.47 59.66 59.91 60.16 60.34 60.53 60.81 60.94 61.12 61.28 61.38 61.38 61.44 61.53 61.56 61.59 61.69 61.72 61.72 61.78 61.84 61.88
48.78 48.62 48.50 48.38 48.34 48.34 48.34 48.41 48.47 48.56 48.69 48.81 48.97 49.09 49.22 49.38 49.50 49.66 49.84 50.03 50.22 50.47 50.72 51.00 51.28 51.59 51.88 52.19 52.44 52.81 53.19 53.56 54.00 54.50 55.00 55.44 55.81 56.12 56.38 56.59 56.78 56.94 57.12 57.28 57.47 57.62 57.78 57.97 58.12 58.31 58.50 58.69 58.94 59.16 59.41 59.66 59.94 60.22 60.53 60.81 61.03 61.22 61.41 61.50 61.66 61.72 61.78 61.81 61.84 61.88 61.91 61.94 61.97 62.00 62.03 62.06 62.16
49.00 48.84 48.72 48.62 48.56 48.56 48.56 48.59 48.69 48.78 48.88 48.97 49.12 49.25 49.41 49.50 49.66 49.81 49.97 50.16 50.38 50.59 50.84 51.12 51.41 51.69 51.97 52.25 52.59 52.88 53.19 53.59 54.03 54.50 54.94 55.41 55.75 56.12 56.38 56.59 56.78 56.97 57.19 57.38 57.53 57.72 57.88 58.03 58.16 58.38 58.53 58.78 59.00 59.25 59.56 59.88 60.22 60.53 60.88 61.19 61.41 61.62 61.78 61.91 62.03 62.06 62.09 62.12 62.09 62.12 62.12 62.12 62.22 62.25 62.28 62.34 62.44
49.19 49.03 48.94 48.84 48.78 48.78 48.78 48.81 48.88 48.97 49.03 49.19 49.25 49.44 49.56 49.69 49.81 49.97 50.09 50.31 50.50 50.72 50.97 51.22 51.53 51.81 52.09 52.38 52.69 52.97 53.34 53.66 54.09 54.56 55.00 55.44 55.78 56.12 56.38 56.62 56.81 57.03 57.25 57.44 57.62 57.78 57.94 58.06 58.22 58.44 58.62 58.84 59.09 59.38 59.72 60.09 60.47 60.84 61.19 61.53 61.75 61.97 62.12 62.25 62.31 62.34 62.38 62.41 62.38 62.38 62.34 62.38 62.44 62.47 62.53 62.59 62.66
49.41 49.25 49.16 49.06 49.00 49.00 49.00 49.03 49.06 49.12 49.25 49.34 49.47 49.59 49.72 49.84 49.97 50.09 50.28 50.44 50.62 50.84 51.09 51.34 51.59 51.88 52.19 52.47 52.78 53.09 53.44 53.78 54.19 54.53 54.97 55.44 55.78 56.12 56.38 56.62 56.84 57.06 57.31 57.47 57.66 57.84 58.00 58.12 58.31 58.50 58.75 58.97 59.25 59.50 59.81 60.31 60.69 61.09 61.47 61.78 62.03 62.25 62.41 62.53 62.59 62.66 62.66 62.66 62.66 62.66 62.66 62.62 62.69 62.72 62.75 62.81 62.84
49.62 49.50 49.38 49.28 49.25 49.19 49.22 49.22 49.25 49.34 49.41 49.53 49.62 49.72 49.84 50.00 50.12 50.28 50.44 50.59 50.78 50.97 51.19 51.44 51.69 51.97 52.25 52.56 52.88 53.19 53.53 53.88 54.28 54.66 55.00 55.44 55.81 56.12 56.44 56.69 56.94 57.16 57.34 57.53 57.72 57.88 58.03 58.22 58.41 58.62 58.84 59.09 59.41 59.72 60.06 60.47 60.88 61.28 61.66 61.97 62.25 62.44 62.62 62.75 62.81 62.88 62.91 62.91 62.91 62.91 62.91 62.91 62.91 62.91 63.00 63.03 63.06
49.81 49.69 49.59 49.50 49.44 49.41 49.41 49.41 49.47 49.50 49.59 49.69 49.78 49.91 50.03 50.16 50.28 50.41 50.59 50.75 50.91 51.09 51.31 51.53 51.81 52.06 52.34 52.66 52.97 53.28 53.62 53.97 54.31 54.72 55.06 55.50 55.88 56.19 56.50 56.75 56.97 57.19 57.41 57.59 57.75 57.94 58.12 58.34 58.53 58.78 59.00 59.28 59.56 59.91 60.22 60.66 61.06 61.44 61.81 62.12 62.41 62.62 62.78 62.91 63.00 63.06 63.12 63.12 63.16 63.19 63.16 63.16 63.16 63.19 63.19 63.25 63.28
50.03 49.91 49.81 49.72 49.66 49.62 49.59 49.62 49.66 49.72 49.78 49.84 49.94 50.06 50.19 50.31 50.44 50.59 50.75 50.88 51.06 51.25 51.44 51.66 51.91 52.12 52.41 52.75 53.03 53.34 53.69 54.00 54.38 54.72 55.16 55.53 55.88 56.22 56.53 56.78 57.03 57.22 57.41 57.62 57.81 58.00 58.22 58.41 58.66 58.91 59.16 59.44 59.75 60.06 60.41 60.81 61.22 61.56 61.94 62.28 62.53 62.75 62.91 63.06 63.19 63.25 63.34 63.41 63.44 63.47 63.44 63.44 63.44 63.44 63.44 63.50 63.56
50.25 50.12 50.03 49.94 49.84 49.81 49.81 49.78 49.81 49.91 49.94 50.03 50.12 50.22 50.34 50.50 50.59 50.75 50.91 51.06 51.22 51.38 51.56 51.78 52.00 52.25 52.53 52.84 53.12 53.44 53.78 54.09 54.44 54.81 55.12 55.47 55.88 56.19 56.53 56.81 57.03 57.25 57.44 57.66 57.88 58.09 58.31 58.53 58.81 59.06 59.31 59.62 59.94 60.25 60.59 60.91 61.41 61.75 62.12 62.41 62.62 62.84 63.06 63.22 63.34 63.47 63.56 63.62 63.62 63.72 63.69 63.72 63.72 63.72 63.72 63.78 63.81
50.44 50.34 50.25 50.12 50.06 50.03 50.00 50.00 50.03 50.06 50.12 50.19 50.31 50.41 50.50 50.66 50.78 50.94 51.06 51.22 51.34 51.53 51.69 51.91 52.12 52.38 52.62 52.94 53.22 53.56 53.88 54.19 54.50 54.84 55.19 55.53 55.91 56.22 56.56 56.81 57.03 57.28 57.50 57.72 57.94 58.16 58.44 58.69 58.94 59.22 59.50 59.81 60.09 60.44 60.75 61.16 61.56 61.91 62.25 62.53 62.72 62.97 63.16 63.34 63.50 63.66 63.75 63.84 63.91 63.97 63.97 63.94 63.97 63.97 64.03 64.03 64.12
50.66 50.56 50.47 50.38 50.31 50.25 50.22 50.22 50.19 50.25 50.31 50.38 50.47 50.56 50.66 50.81 50.94 51.09 51.22 51.38 51.53 51.66 51.84 52.03 52.25 52.50 52.75 53.06 53.34 53.69 53.97 54.28 54.56 54.94 55.25 55.59 55.91 56.25 56.56 56.81 57.06 57.31 57.56 57.78 58.03 58.28 58.56 58.84 59.12 59.38 59.69 59.97 60.28 60.59 60.94 61.28 61.69 62.03 62.38 62.66 62.91 63.12 63.31 63.50 63.62 63.78 63.94 64.06 64.16 64.19 64.22 64.25 64.25 64.31 64.34 64.34 64.44
50.88 50.78 50.69 50.62 50.53 50.47 50.44 50.41 50.41 50.44 50.47 50.56 50.66 50.72 50.84 50.97 51.09 51.25 51.41 51.53 51.69 51.84 52.00 52.16 52.41 52.62 52.91 53.19 53.50 53.81 54.09 54.41 54.72 55.00 55.31 55.62 55.97 56.28 56.56 56.84 57.09 57.34 57.62 57.88 58.16 58.44 58.69 59.00 59.28 59.59 59.88 60.16 60.47 60.81 61.12 61.50 61.84 62.19 62.50 62.81 63.06 63.28 63.47 63.66 63.81 64.00 64.12 64.25 64.34 64.44 64.44 64.50 64.56 64.59 64.62 64.69 64.81
51.12 51.03 50.94 50.84 50.78 50.72 50.66 50.62 50.62 50.66 50.69 50.72 50.81 50.91 51.00 51.16 51.28 51.41 51.56 51.69 51.84 52.00 52.12 52.31 52.53 52.78 53.03 53.34 53.62 53.94 54.25 54.56 54.84 55.16 55.44 55.75 56.03 56.34 56.62 56.91 57.16 57.44 57.72 58.00 58.28 58.59 58.88 59.16 59.47 59.78 60.06 60.38 60.69 61.00 61.28 61.66 62.00 62.34 62.66 62.88 63.19 63.41 63.62 63.84 64.03 64.16 64.34 64.44 64.59 64.66 64.75 64.81 64.84 64.84 64.97 65.06 65.12
51.38 51.25 51.19 51.12 51.03 50.97 50.91 50.84 50.81 50.84 50.88 50.91 50.97 51.09 51.16 51.31 51.44 51.56 51.72 51.88 52.03 52.16 52.31 52.47 52.66 52.94 53.19 53.47 53.78 54.09 54.34 54.66 55.00 55.28 55.59 55.88 56.16 56.44 56.69 56.97 57.25 57.50 57.81 58.09 58.41 58.75 59.06 59.38 59.69 59.97 60.28 60.59 60.88 61.19 61.50 61.81 62.12 62.47 62.75 63.06 63.34 63.53 63.81 64.03 64.22 64.41 64.59 64.72 64.88 65.00 65.09 65.19 65.22 65.22 65.34 65.41 65.59
51.62 51.50 51.44 51.38 51.28 51.22 51.16 51.06 51.03 51.03 51.06 51.12 51.19 51.28 51.38 51.50 51.59 51.75 51.91 52.03 52.19 52.34 52.50 52.66 52.81 53.09 53.31 53.62 53.91 54.22 54.53 54.84 55.09 55.41 55.72 56.00 56.28 56.56 56.81 57.06 57.31 57.62 57.91 58.22 58.56 58.91 59.22 59.56 59.88 60.19 60.50 60.78 61.09 61.41 61.69 62.00 62.31 62.62 62.91 63.25 63.50 63.75 64.00 64.22 64.47 64.69 64.91 65.03 65.25 65.38 65.41 65.56 65.62 65.59 65.72 65.84 65.97
51.88 51.78 51.69 51.62 51.53 51.47 51.38 51.34 51.28 51.25 51.25 51.31 51.38 51.47 51.56 51.66 51.81 51.91 52.09 52.22 52.34 52.53 52.69 52.84 53.03 53.25 53.47 53.75 54.03 54.34 54.69 54.97 55.28 55.56 55.84 56.12 56.41 56.66 56.94 57.19 57.47 57.75 58.03 58.34 58.69 59.03 59.38 59.75 60.06 60.34 60.69 61.00 61.31 61.59 61.91 62.22 62.53 62.84 63.12 63.44 63.72 63.97 64.22 64.47 64.72 65.00 65.22 65.44 65.59 65.75 65.78 65.97 65.97 66.06 66.16 66.28 66.44
52.16 52.06 51.97 51.91 51.78 51.72 51.59 51.53 51.53 51.50 51.47 51.53 51.56 51.66 51.72 51.84 51.97 52.09 52.25 52.41 52.56 52.72 52.88 53.03 53.19 53.41 53.62 53.91 54.19 54.47 54.78 55.06 55.31 55.66 55.94 56.22 56.50 56.75 57.03 57.31 57.59 57.88 58.16 58.50 58.81 59.16 59.56 59.91 60.28 60.62 60.94 61.25 61.53 61.84 62.12 62.44 62.78 63.09 63.38 63.69 63.94 64.22 64.50 64.75 65.00 65.28 65.53 65.75 65.94 66.12 66.25 66.31 66.44 66.50 66.59 66.66 66.88
52.44 52.31 52.25 52.16 52.03 51.94 51.88 51.81 51.78 51.75 51.72 51.75 51.81 51.84 51.94 52.06 52.19 52.31 52.47 52.62 52.78 52.91 53.06 53.22 53.41 53.59 53.81 54.00 54.28 54.56 54.88 55.16 55.44 55.72 56.00 56.31 56.59 56.88 57.16 57.44 57.75 58.03 58.34 58.66 58.97 59.31 59.69 60.06 60.47 60.84 61.16 61.50 61.81 62.09 62.41 62.72 63.06 63.41 63.75 64.00 64.25 64.50 64.75 65.03 65.28 65.56 65.81 66.06 66.28 66.47 66.62 66.72 66.81 66.84 66.94 67.03 67.28
52.72 52.62 52.50 52.34 52.31 52.19 52.16 52.09 52.03 52.00 52.00 51.97 52.00 52.06 52.12 52.25 52.38 52.53 52.69 52.84 52.97 53.12 53.25 53.41 53.59 53.75 54.00 54.22 54.44 54.72 55.00 55.25 55.53 55.81 56.12 56.41 56.69 57.00 57.28 57.59 57.88 58.19 58.50 58.81 59.16 59.47 59.84 60.22 60.62 61.09 61.44 61.78 62.12 62.41 62.75 63.09 63.44 63.78 64.12 64.38 64.59 64.81 65.06 65.31 65.59 65.84 66.09 66.34 66.56 66.75 66.94 67.06 67.16 67.25 67.31 67.47 67.69
53.00 52.88 52.78 52.69 52.59 52.47 52.41 52.38 52.31 52.28 52.25 52.22 52.25 52.28 52.34 52.47 52.59 52.75 52.91 53.00 53.19 53.34 53.47 53.62 53.78 53.94 54.16 54.38 54.59 54.84 55.09 55.38 55.62 55.94 56.19 56.50 56.78 57.12 57.44 57.75 58.06 58.38 58.66 58.97 59.34 59.69 60.03 60.44 60.88 61.31 61.72 62.09 62.44 62.78 63.16 63.53 63.91 64.25 64.50 64.72 64.94 65.16 65.38 65.62 65.88 66.12 66.38 66.59 66.81 67.03 67.22 67.34 67.47 67.59 67.69 67.84 68.06
53.28 53.19 53.06 53.00 52.88 52.78 52.75 52.69 52.62 52.56 52.50 52.50 52.47 52.53 52.59 52.69 52.81 52.97 53.12 53.25 53.41 53.53 53.69 53.84 54.00 54.16 54.34 54.56 54.78 55.00 55.25 55.50 55.75 56.03 56.31 56.62 56.91 57.25 57.59 57.91 58.22 58.56 58.88 59.22 59.50 59.91 60.28 60.69 61.03 61.50 61.91 62.34 62.75 63.16 63.56 64.00 64.38 64.69 64.88 65.09 65.28 65.47 65.69 65.91 66.12 66.38 66.59 66.84 67.06 67.28 67.47 67.62 67.78 67.88 68.00 68.19 68.41
53.56 53.47 53.38 53.31 53.22 53.12 53.09 53.00 52.94 52.84 52.78 52.72 52.72 52.75 52.81 52.94 53.03 53.19 53.31 53.47 53.56 53.72 53.88 54.03 54.19 54.34 54.53 54.75 54.97 55.19 55.41 55.66 55.94 56.22 56.50 56.81 57.09 57.44 57.78 58.09 58.44 58.78 59.12 59.44 59.78 60.09 60.44 60.88 61.25 61.66 62.09 62.56 63.06 63.53 63.97 64.44 64.78 65.06 65.25 65.44 65.62 65.78 66.00 66.19 66.41 66.62 66.84 67.06 67.28 67.50 67.69 67.88 68.03 68.19 68.34 68.53 68.75
53.88 53.81 53.75 53.62 53.59 53.47 53.41 53.34 53.22 53.09 53.03 52.97 52.97 52.97 53.03 53.16 53.25 53.44 53.53 53.66 53.78 53.91 54.03 54.19 54.34 54.50 54.72 54.91 55.12 55.38 55.62 55.88 56.12 56.38 56.69 56.97 57.28 57.56 57.94 58.31 58.66 59.03 59.38 59.69 60.06 60.38 60.72 61.09 61.47 61.88 62.34 62.84 63.38 63.88 64.38 64.81 65.16 65.38 65.56 65.75 65.91 66.09 66.28 66.47 66.66 66.88 67.09 67.28 67.50 67.72 67.94 68.12 68.28 68.47 68.66 68.84 69.09
54.22 54.12 54.06 54.03 53.97 53.84 53.75 53.66 53.50 53.38 53.25 53.22 53.22 53.22 53.28 53.41 53.53 53.62 53.75 53.84 53.97 54.06 54.19 54.31 54.50 54.69 54.88 55.09 55.31 55.56 55.81 56.06 56.34 56.59 56.88 57.19 57.50 57.81 58.12 58.47 58.88 59.31 59.66 60.03 60.34 60.66 60.97 61.28 61.66 62.06 62.50 63.00 63.66 64.19 64.69 65.16 65.47 65.69 65.88 66.03 66.19 66.38 66.53 66.72 66.91 67.09 67.31 67.50 67.72 67.94 68.12 68.34 68.53 68.75 68.97 69.19 69.47
54.53 54.47 54.41 54.38 54.31 54.22 54.09 53.94 53.75 53.59 53.50 53.44 53.41 53.44 53.50 53.56 53.72 53.84 53.97 54.03 54.12 54.25 54.31 54.47 54.62 54.84 55.03 55.28 55.50 55.75 56.03 56.28 56.53 56.81 57.12 57.41 57.72 58.06 58.41 58.78 59.19 59.59 59.97 60.34 60.66 60.94 61.22 61.53 61.84 62.25 62.69 63.22 63.81 64.44 64.97 65.41 65.72 65.94 66.12 66.28 66.47 66.62 66.78 66.97 67.16 67.34 67.53 67.72 67.94 68.12 68.34 68.56 68.78 69.03 69.28 69.56 69.81
54.88 54.81 54.75 54.72 54.59 54.53 54.41 54.25 54.06 53.88 53.75 53.66 53.62 53.62 53.69 53.78 53.91 54.03 54.16 54.25 54.31 54.38 54.47 54.59 54.78 54.97 55.19 55.44 55.69 55.94 56.22 56.47 56.75 57.03 57.31 57.62 57.94 58.25 58.66 59.06 59.41 59.84 60.25 60.62 60.94 61.22 61.50 61.78 62.12 62.50 62.88 63.50 64.09 64.66 65.19 65.59 65.91 66.16 66.34 66.53 66.69 66.88 67.03 67.22 67.38 67.56 67.75 67.94 68.12 68.34 68.56 68.78 69.03 69.28 69.56 69.88 70.09
55.25 55.16 55.09 55.03 54.97 54.84 54.72 54.53 54.34 54.16 54.00 53.91 53.88 53.84 53.91 54.00 54.09 54.22 54.31 54.41 54.47 54.53 54.62 54.78 54.94 55.12 55.34 55.59 55.84 56.12 56.38 56.66 56.97 57.25 57.56 57.88 58.19 58.56 58.91 59.31 59.69 60.09 60.41 60.88 61.22 61.50 61.78 62.00 62.38 62.75 63.22 63.56 64.22 64.84 65.34 65.78 66.09 66.34 66.56 66.75 66.94 67.09 67.28 67.44 67.62 67.78 67.97 68.16 68.34 68.56 68.78 69.00 69.25 69.53 69.84 70.12 70.31
55.59 55.50 55.44 55.34 55.28 55.19 55.03 54.88 54.66 54.47 54.25 54.16 54.09 54.06 54.09 54.16 54.25 54.38 54.47 54.56 54.62 54.72 54.81 54.94 55.09 55.28 55.53 55.78 56.03 56.31 56.59 56.84 57.16 57.47 57.78 58.12 58.47 58.81 59.19 59.53 59.91 60.28 60.69 61.00 61.44 61.75 62.06 62.38 62.59 63.00 63.53 64.03 64.47 65.03 65.53 65.94 66.25 66.53 66.75 66.97 67.16 67.34 67.50 67.69 67.84 68.03 68.19 68.38 68.56 68.78 68.97 69.22 69.47 69.78 70.06 70.31 70.47
55.94 55.84 55.78 55.69 55.59 55.44 55.38 55.22 54.94 54.81 54.59 54.44 54.34 54.28 54.28 54.31 54.44 54.50 54.59 54.72 54.78 54.88 54.97 55.09 55.25 55.44 55.66 55.94 56.22 56.50 56.78 57.06 57.38 57.62 57.94 58.38 58.72 59.06 59.38 59.72 60.06 60.47 60.84 61.22 61.59 61.91 62.28 62.62 62.91 63.38 63.78 64.31 64.81 65.22 65.72 66.09 66.44 66.72 66.94 67.16 67.38 67.56 67.75 67.91 68.09 68.25 68.44 68.62 68.81 69.00 69.19 69.41 69.69 69.97 70.22 70.44 70.59
56.28 56.19 56.09 56.00 55.91 55.84 55.72 55.56 55.34 55.12 54.84 54.69 54.59 54.53 54.50 54.53 54.59 54.69 54.75 54.84 54.97 55.03 55.16 55.28 55.44 55.66 55.88 56.12 56.38 56.69 56.97 57.25 57.56 57.91 58.22 58.56 58.91 59.22 59.56 59.88 60.22 60.59 60.97 61.34 61.72 62.06 62.44 62.84 63.25 63.66 64.03 64.56 65.03 65.50 65.94 66.28 66.59 66.88 67.16 67.38 67.59 67.78 67.97 68.16 68.34 68.50 68.69 68.88 69.03 69.22 69.44 69.66 69.88 70.16 70.38 70.56 70.72
56.62 56.53 56.44 56.34 56.25 56.16 56.06 55.91 55.69 55.44 55.16 54.97 54.84 54.75 54.72 54.72 54.75 54.84 54.94 55.03 55.12 55.22 55.34 55.47 55.62 55.84 56.06 56.31 56.59 56.88 57.12 57.47 57.78 58.12 58.47 58.78 59.09 59.41 59.72 60.03 60.31 60.69 61.06 61.38 61.78 62.16 62.56 62.91 63.44 63.88 64.34 64.81 65.28 65.75 66.12 66.47 66.78 67.06 67.34 67.59 67.81 68.03 68.22 68.41 68.59 68.78 68.94 69.12 69.31 69.50 69.69 69.88 70.09 70.31 70.53 70.72 70.84
56.97 56.88 56.78 56.69 56.56 56.47 56.31 56.19 55.97 55.72 55.44 55.22 55.06 54.97 54.94 54.91 54.94 55.00 55.09 55.19 55.31 55.38 55.53 55.66 55.84 56.03 56.28 56.53 56.81 57.06 57.38 57.66 57.94 58.34 58.66 58.97 59.28 59.56 59.88 60.09 60.47 60.81 61.09 61.53 61.84 62.19 62.62 63.06 63.53 64.03 64.53 65.03 65.50 65.94 66.31 66.66 66.97 67.25 67.53 67.78 68.03 68.25 68.47 68.69 68.88 69.06 69.22 69.41 69.59 69.75 69.94 70.12 70.31 70.50 70.69 70.84 70.97
57.31 57.22 57.12 57.00 56.88 56.75 56.62 56.47 56.22 55.94 55.69 55.47 55.31 55.22 55.16 55.12 55.16 55.19 55.28 55.34 55.47 55.59 55.72 55.88 56.06 56.28 56.50 56.75 57.00 57.28 57.56 57.88 58.16 58.53 58.88 59.16 59.47 59.72 60.00 60.28 60.56 60.91 61.25 61.59 61.97 62.34 62.72 63.16 63.59 64.09 64.59 65.16 65.62 66.06 66.44 66.78 67.12 67.44 67.72 68.00 68.25 68.50 68.72 68.94 69.12 69.34 69.53 69.72 69.88 70.03 70.22 70.38 70.53 70.69 70.84 70.97 71.09
57.66 57.56 57.44 57.31 57.19 57.03 56.88 56.69 56.41 56.09 55.91 55.69 55.56 55.47 55.41 55.38 55.34 55.41 55.44 55.56 55.66 55.78 55.91 56.09 56.28 56.50 56.72 56.97 57.22 57.50 57.78 58.09 58.38 58.66 59.00 59.34 59.62 59.88 60.12 60.44 60.75 61.03 61.38 61.75 62.09 62.47 62.84 63.22 63.69 64.19 64.72 65.22 65.72 66.16 66.53 66.91 67.25 67.59 67.91 68.22 68.50 68.75 68.97 69.19 69.41 69.62 69.81 70.00 70.19 70.34 70.50 70.59 70.72 70.88 71.00 71.12 71.25
