everonasctiles/Tile[46,27].asc
ncols 128
nrows 128
xllcorner 0
yllcorner 0
cellsize 2.0
NODATA_value  -9999
[rows 0 to 31 of 128, columns 0 to 70 of 128]
-94.50 -94.72 -94.91 -95.09 -95.22 -95.31 -95.38 -95.44 -95.50 -95.56 -95.62 -95.72 -95.78 -95.84 -95.91 -95.91 -95.88 -95.84 -95.78 -95.69 -95.62 -95.53 -95.41 -95.28 -95.12 -94.94 -94.69 -94.41 -94.06 -93.75 -93.41 -93.06 -92.72 -92.38 -92.03 -91.72 -91.44 -91.19 -90.94 -90.72 -90.53 -90.31 -90.09 -89.84 -89.62 -89.38 -89.12 -88.88 -88.59 -88.34 -88.06 -87.81 -87.59 -87.38 -87.19 -86.94 -86.69 -86.44 -86.19 -85.91 -85.66 -85.38 -85.12 -84.91 -84.72 -84.59 -84.47 -84.41 -84.31 -84.19 -84.09
-94.50 -94.69 -94.88 -95.03 -95.16 -95.25 -95.31 -95.38 -95.44 -95.50 -95.59 -95.69 -95.78 -95.84 -95.88 -95.84 -95.81 -95.72 -95.66 -95.56 -95.44 -95.34 -95.25 -95.12 -95.00 -94.84 -94.66 -94.44 -94.16 -93.84 -93.53 -93.19 -92.84 -92.53 -92.19 -91.88 -91.59 -91.31 -91.09 -90.84 -90.62 -90.41 -90.19 -89.94 -89.69 -89.44 -89.16 -88.88 -88.62 -88.34 -88.03 -87.75 -87.50 -87.28 -87.06 -86.84 -86.62 -86.38 -86.12 -85.88 -85.62 -85.38 -85.12 -84.88 -84.69 -84.53 -84.41 -84.28 -84.19 -84.09 -83.97
-94.44 -94.62 -94.78 -94.94 -95.06 -95.16 -95.22 -95.28 -95.38 -95.47 -95.56 -95.69 -95.75 -95.81 -95.81 -95.75 -95.69 -95.62 -95.50 -95.38 -95.25 -95.16 -95.03 -94.91 -94.78 -94.66 -94.50 -94.34 -94.12 -93.88 -93.59 -93.31 -92.97 -92.66 -92.34 -92.03 -91.72 -91.47 -91.22 -90.97 -90.75 -90.50 -90.28 -90.03 -89.78 -89.50 -89.25 -88.97 -88.69 -88.41 -88.09 -87.78 -87.50 -87.22 -87.00 -86.78 -86.56 -86.31 -86.09 -85.84 -85.59 -85.34 -85.09 -84.84 -84.62 -84.44 -84.28 -84.16 -84.03 -83.94 -83.81
-94.34 -94.53 -94.69 -94.81 -94.94 -95.03 -95.12 -95.22 -95.31 -95.41 -95.53 -95.62 -95.72 -95.75 -95.72 -95.66 -95.59 -95.50 -95.38 -95.22 -95.09 -94.94 -94.78 -94.66 -94.53 -94.38 -94.25 -94.12 -93.97 -93.78 -93.56 -93.31 -93.03 -92.72 -92.41 -92.12 -91.81 -91.53 -91.28 -91.03 -90.81 -90.59 -90.34 -90.09 -89.88 -89.59 -89.34 -89.06 -88.78 -88.50 -88.19 -87.91 -87.59 -87.31 -87.06 -86.81 -86.59 -86.34 -86.09 -85.84 -85.59 -85.34 -85.09 -84.84 -84.59 -84.41 -84.22 -84.06 -83.91 -83.78 -83.66
-94.31 -94.44 -94.59 -94.72 -94.84 -94.94 -95.06 -95.16 -95.25 -95.38 -95.50 -95.59 -95.66 -95.66 -95.62 -95.56 -95.47 -95.38 -95.22 -95.09 -94.91 -94.75 -94.59 -94.41 -94.25 -94.09 -93.97 -93.84 -93.69 -93.53 -93.34 -93.16 -92.91 -92.66 -92.38 -92.09 -91.81 -91.50 -91.25 -91.03 -90.81 -90.62 -90.41 -90.19 -89.94 -89.69 -89.44 -89.16 -88.88 -88.59 -88.31 -88.03 -87.75 -87.47 -87.22 -86.97 -86.69 -86.44 -86.19 -85.91 -85.66 -85.38 -85.12 -84.88 -84.62 -84.38 -84.16 -83.97 -83.78 -83.62 -83.50
-94.28 -94.41 -94.56 -94.69 -94.81 -94.91 -95.03 -95.12 -95.25 -95.34 -95.47 -95.53 -95.56 -95.56 -95.53 -95.44 -95.34 -95.25 -95.09 -94.94 -94.78 -94.59 -94.41 -94.19 -94.00 -93.84 -93.69 -93.53 -93.41 -93.28 -93.09 -92.91 -92.72 -92.47 -92.22 -91.97 -91.69 -91.41 -91.16 -90.94 -90.75 -90.59 -90.44 -90.25 -90.03 -89.81 -89.56 -89.28 -89.03 -88.75 -88.47 -88.19 -87.91 -87.66 -87.38 -87.12 -86.84 -86.56 -86.28 -86.03 -85.75 -85.47 -85.22 -84.94 -84.69 -84.44 -84.19 -83.94 -83.72 -83.53 -83.34
-94.34 -94.47 -94.56 -94.69 -94.81 -94.94 -95.03 -95.12 -95.22 -95.34 -95.41 -95.47 -95.50 -95.47 -95.41 -95.34 -95.25 -95.12 -95.00 -94.84 -94.66 -94.47 -94.28 -94.06 -93.84 -93.62 -93.44 -93.28 -93.12 -93.00 -92.84 -92.66 -92.47 -92.25 -92.03 -91.75 -91.50 -91.22 -91.00 -90.81 -90.69 -90.59 -90.47 -90.34 -90.16 -89.94 -89.69 -89.44 -89.16 -88.91 -88.62 -88.38 -88.09 -87.81 -87.56 -87.28 -87.00 -86.72 -86.44 -86.16 -85.88 -85.59 -85.34 -85.06 -84.78 -84.53 -84.25 -84.00 -83.75 -83.50 -83.28
-94.44 -94.53 -94.62 -94.75 -94.84 -94.97 -95.06 -95.16 -95.22 -95.31 -95.38 -95.41 -95.41 -95.38 -95.31 -95.25 -95.12 -95.00 -94.88 -94.72 -94.56 -94.38 -94.19 -93.97 -93.75 -93.53 -93.31 -93.12 -92.94 -92.78 -92.62 -92.44 -92.25 -92.03 -91.78 -91.53 -91.25 -91.03 -90.81 -90.72 -90.66 -90.62 -90.56 -90.44 -90.25 -90.06 -89.81 -89.56 -89.31 -89.06 -88.81 -88.53 -88.25 -88.00 -87.72 -87.41 -87.12 -86.84 -86.56 -86.28 -86.00 -85.75 -85.47 -85.19 -84.91 -84.62 -84.34 -84.09 -83.81 -83.56 -83.28
-94.53 -94.62 -94.72 -94.81 -94.91 -95.00 -95.09 -95.16 -95.19 -95.25 -95.28 -95.31 -95.31 -95.28 -95.22 -95.16 -95.03 -94.91 -94.78 -94.62 -94.47 -94.28 -94.09 -93.91 -93.69 -93.50 -93.28 -93.09 -92.91 -92.72 -92.53 -92.34 -92.12 -91.91 -91.69 -91.44 -91.22 -91.03 -90.88 -90.81 -90.75 -90.72 -90.66 -90.53 -90.34 -90.16 -89.94 -89.69 -89.44 -89.19 -88.94 -88.69 -88.41 -88.12 -87.81 -87.53 -87.25 -86.97 -86.66 -86.38 -86.12 -85.84 -85.59 -85.31 -85.03 -84.75 -84.47 -84.19 -83.91 -83.62 -83.38
-94.66 -94.72 -94.81 -94.88 -94.97 -95.03 -95.09 -95.12 -95.16 -95.19 -95.19 -95.22 -95.19 -95.19 -95.12 -95.06 -94.94 -94.81 -94.69 -94.53 -94.38 -94.22 -94.03 -93.84 -93.66 -93.47 -93.28 -93.09 -92.91 -92.72 -92.53 -92.34 -92.16 -91.94 -91.72 -91.53 -91.34 -91.19 -91.03 -90.94 -90.84 -90.78 -90.72 -90.59 -90.44 -90.22 -90.00 -89.78 -89.53 -89.31 -89.06 -88.78 -88.50 -88.22 -87.94 -87.62 -87.34 -87.06 -86.75 -86.47 -86.19 -85.94 -85.66 -85.41 -85.12 -84.84 -84.56 -84.28 -84.00 -83.72 -83.47
-94.75 -94.81 -94.88 -94.94 -95.00 -95.06 -95.09 -95.09 -95.09 -95.09 -95.12 -95.12 -95.09 -95.06 -95.03 -94.94 -94.84 -94.75 -94.59 -94.47 -94.31 -94.16 -93.97 -93.81 -93.62 -93.47 -93.28 -93.12 -92.94 -92.75 -92.56 -92.38 -92.19 -92.00 -91.81 -91.62 -91.47 -91.31 -91.19 -91.06 -90.97 -90.88 -90.78 -90.66 -90.50 -90.31 -90.09 -89.84 -89.62 -89.38 -89.12 -88.84 -88.59 -88.28 -88.00 -87.72 -87.41 -87.12 -86.84 -86.56 -86.28 -86.00 -85.72 -85.47 -85.19 -84.91 -84.62 -84.38 -84.09 -83.81 -83.53
-94.81 -94.88 -94.94 -95.00 -95.03 -95.06 -95.06 -95.06 -95.06 -95.03 -95.03 -95.03 -95.00 -94.97 -94.94 -94.84 -94.75 -94.66 -94.53 -94.41 -94.25 -94.09 -93.94 -93.78 -93.59 -93.44 -93.28 -93.12 -92.94 -92.78 -92.59 -92.41 -92.25 -92.06 -91.91 -91.72 -91.56 -91.44 -91.28 -91.16 -91.06 -90.94 -90.81 -90.72 -90.56 -90.38 -90.16 -89.91 -89.66 -89.41 -89.16 -88.88 -88.59 -88.31 -88.03 -87.75 -87.47 -87.19 -86.91 -86.62 -86.34 -86.06 -85.78 -85.50 -85.25 -84.97 -84.69 -84.41 -84.12 -83.84 -83.59
-94.88 -94.91 -94.97 -95.00 -95.03 -95.06 -95.03 -95.03 -95.00 -95.00 -94.97 -94.97 -94.94 -94.91 -94.84 -94.78 -94.69 -94.56 -94.47 -94.34 -94.19 -94.06 -93.91 -93.75 -93.56 -93.41 -93.25 -93.09 -92.94 -92.78 -92.59 -92.44 -92.28 -92.12 -91.97 -91.81 -91.66 -91.53 -91.41 -91.25 -91.12 -91.00 -90.91 -90.78 -90.62 -90.47 -90.25 -90.00 -89.72 -89.44 -89.16 -88.88 -88.59 -88.34 -88.06 -87.78 -87.50 -87.22 -86.97 -86.69 -86.41 -86.12 -85.84 -85.56 -85.28 -85.00 -84.72 -84.44 -84.16 -83.88 -83.62
-94.91 -94.94 -95.00 -95.06 -95.06 -95.06 -95.06 -95.00 -94.97 -94.94 -94.94 -94.91 -94.88 -94.84 -94.78 -94.69 -94.59 -94.50 -94.38 -94.25 -94.12 -94.00 -93.84 -93.69 -93.53 -93.38 -93.22 -93.06 -92.91 -92.75 -92.59 -92.44 -92.31 -92.16 -92.00 -91.88 -91.75 -91.59 -91.47 -91.34 -91.22 -91.09 -90.97 -90.88 -90.75 -90.56 -90.34 -90.09 -89.81 -89.53 -89.19 -88.88 -88.59 -88.34 -88.06 -87.78 -87.53 -87.25 -86.97 -86.69 -86.44 -86.16 -85.88 -85.59 -85.31 -85.03 -84.75 -84.47 -84.19 -83.91 -83.66
-94.97 -95.00 -95.06 -95.09 -95.12 -95.12 -95.09 -95.03 -95.00 -94.94 -94.91 -94.88 -94.81 -94.78 -94.72 -94.62 -94.53 -94.44 -94.34 -94.22 -94.06 -93.94 -93.78 -93.66 -93.50 -93.34 -93.19 -93.03 -92.88 -92.72 -92.56 -92.44 -92.31 -92.16 -92.03 -91.91 -91.78 -91.66 -91.53 -91.38 -91.28 -91.16 -91.06 -90.97 -90.84 -90.69 -90.47 -90.22 -89.94 -89.62 -89.31 -88.97 -88.66 -88.38 -88.09 -87.81 -87.53 -87.25 -86.97 -86.72 -86.44 -86.19 -85.91 -85.62 -85.34 -85.06 -84.78 -84.50 -84.22 -83.94 -83.69
-95.06 -95.09 -95.16 -95.19 -95.19 -95.16 -95.12 -95.09 -95.03 -94.97 -94.94 -94.88 -94.81 -94.75 -94.69 -94.59 -94.50 -94.41 -94.28 -94.16 -94.03 -93.88 -93.75 -93.59 -93.44 -93.31 -93.16 -92.97 -92.81 -92.66 -92.53 -92.38 -92.25 -92.16 -92.03 -91.91 -91.78 -91.66 -91.53 -91.44 -91.31 -91.22 -91.12 -91.03 -90.94 -90.78 -90.59 -90.34 -90.06 -89.78 -89.47 -89.16 -88.81 -88.50 -88.19 -87.88 -87.59 -87.28 -87.00 -86.72 -86.44 -86.16 -85.88 -85.62 -85.34 -85.06 -84.81 -84.53 -84.25 -84.00 -83.75
-95.19 -95.22 -95.25 -95.28 -95.28 -95.25 -95.22 -95.16 -95.09 -95.03 -94.97 -94.91 -94.84 -94.75 -94.69 -94.59 -94.50 -94.38 -94.28 -94.12 -94.00 -93.84 -93.69 -93.56 -93.41 -93.25 -93.09 -92.94 -92.75 -92.59 -92.44 -92.31 -92.19 -92.09 -91.97 -91.88 -91.75 -91.66 -91.53 -91.44 -91.34 -91.25 -91.19 -91.09 -91.00 -90.88 -90.69 -90.47 -90.22 -89.94 -89.62 -89.31 -88.97 -88.66 -88.31 -88.00 -87.66 -87.34 -87.00 -86.69 -86.41 -86.12 -85.84 -85.56 -85.31 -85.06 -84.78 -84.53 -84.28 -84.03 -83.81
-95.38 -95.38 -95.38 -95.41 -95.38 -95.38 -95.31 -95.25 -95.19 -95.12 -95.03 -94.94 -94.88 -94.75 -94.66 -94.56 -94.47 -94.38 -94.25 -94.12 -93.97 -93.81 -93.66 -93.50 -93.38 -93.22 -93.03 -92.88 -92.72 -92.56 -92.41 -92.25 -92.12 -92.00 -91.91 -91.81 -91.72 -91.62 -91.53 -91.44 -91.34 -91.28 -91.22 -91.16 -91.06 -90.97 -90.78 -90.59 -90.34 -90.06 -89.78 -89.47 -89.16 -88.81 -88.47 -88.12 -87.78 -87.41 -87.03 -86.69 -86.38 -86.06 -85.78 -85.53 -85.25 -85.00 -84.75 -84.53 -84.28 -84.06 -83.84
-95.53 -95.53 -95.53 -95.53 -95.53 -95.50 -95.44 -95.38 -95.31 -95.22 -95.12 -95.00 -94.91 -94.78 -94.66 -94.56 -94.44 -94.34 -94.22 -94.06 -93.91 -93.75 -93.59 -93.44 -93.31 -93.16 -93.00 -92.81 -92.66 -92.50 -92.34 -92.19 -92.03 -91.91 -91.81 -91.69 -91.62 -91.56 -91.50 -91.44 -91.38 -91.28 -91.25 -91.19 -91.09 -91.00 -90.84 -90.66 -90.41 -90.16 -89.88 -89.59 -89.28 -88.94 -88.62 -88.25 -87.88 -87.50 -87.12 -86.75 -86.41 -86.06 -85.75 -85.47 -85.22 -84.97 -84.72 -84.50 -84.28 -84.09 -83.91
-95.69 -95.69 -95.69 -95.69 -95.66 -95.62 -95.59 -95.53 -95.44 -95.31 -95.19 -95.06 -94.94 -94.81 -94.66 -94.53 -94.41 -94.28 -94.16 -94.00 -93.84 -93.69 -93.53 -93.38 -93.25 -93.09 -92.94 -92.78 -92.62 -92.47 -92.31 -92.12 -91.97 -91.84 -91.69 -91.59 -91.53 -91.47 -91.41 -91.38 -91.34 -91.28 -91.22 -91.12 -91.06 -90.94 -90.78 -90.62 -90.41 -90.19 -89.91 -89.62 -89.31 -89.00 -88.69 -88.34 -87.97 -87.59 -87.19 -86.81 -86.44 -86.09 -85.75 -85.44 -85.19 -84.94 -84.69 -84.50 -84.28 -84.12 -83.97
-95.84 -95.84 -95.81 -95.81 -95.81 -95.78 -95.72 -95.66 -95.53 -95.41 -95.28 -95.12 -94.97 -94.84 -94.69 -94.53 -94.38 -94.22 -94.06 -93.94 -93.78 -93.62 -93.47 -93.31 -93.16 -93.03 -92.88 -92.75 -92.59 -92.44 -92.28 -92.09 -91.94 -91.75 -91.62 -91.50 -91.41 -91.34 -91.31 -91.28 -91.25 -91.19 -91.12 -91.03 -90.94 -90.81 -90.66 -90.50 -90.31 -90.09 -89.84 -89.56 -89.28 -88.97 -88.66 -88.31 -87.94 -87.59 -87.22 -86.84 -86.47 -86.09 -85.75 -85.47 -85.19 -84.94 -84.72 -84.50 -84.34 -84.19 -84.03
-96.00 -95.97 -95.94 -95.94 -95.91 -95.88 -95.81 -95.72 -95.62 -95.50 -95.34 -95.19 -95.03 -94.88 -94.69 -94.53 -94.34 -94.19 -94.00 -93.84 -93.69 -93.53 -93.38 -93.22 -93.09 -92.97 -92.84 -92.72 -92.56 -92.44 -92.25 -92.09 -91.91 -91.72 -91.56 -91.41 -91.31 -91.25 -91.19 -91.16 -91.12 -91.09 -91.00 -90.91 -90.81 -90.66 -90.50 -90.31 -90.12 -89.91 -89.69 -89.44 -89.12 -88.84 -88.53 -88.19 -87.84 -87.50 -87.12 -86.75 -86.41 -86.06 -85.75 -85.44 -85.19 -84.94 -84.75 -84.56 -84.41 -84.28 -84.16
-96.09 -96.06 -96.06 -96.03 -96.00 -95.97 -95.91 -95.81 -95.69 -95.56 -95.41 -95.28 -95.09 -94.91 -94.72 -94.53 -94.34 -94.16 -93.97 -93.78 -93.62 -93.47 -93.31 -93.16 -93.03 -92.91 -92.78 -92.66 -92.53 -92.41 -92.25 -92.09 -91.91 -91.72 -91.53 -91.38 -91.25 -91.16 -91.09 -91.03 -91.00 -90.94 -90.88 -90.78 -90.66 -90.47 -90.31 -90.09 -89.88 -89.69 -89.44 -89.19 -88.91 -88.62 -88.31 -88.00 -87.69 -87.34 -86.97 -86.62 -86.28 -85.97 -85.66 -85.41 -85.16 -84.94 -84.75 -84.59 -84.47 -84.38 -84.25
-96.19 -96.16 -96.16 -96.12 -96.06 -96.03 -95.94 -95.84 -95.75 -95.62 -95.47 -95.31 -95.16 -94.97 -94.75 -94.53 -94.34 -94.12 -93.94 -93.75 -93.56 -93.41 -93.25 -93.09 -92.97 -92.84 -92.72 -92.62 -92.50 -92.38 -92.25 -92.09 -91.91 -91.72 -91.56 -91.38 -91.22 -91.09 -90.97 -90.91 -90.84 -90.78 -90.72 -90.62 -90.50 -90.31 -90.12 -89.88 -89.62 -89.38 -89.16 -88.91 -88.62 -88.31 -88.00 -87.75 -87.47 -87.16 -86.81 -86.47 -86.12 -85.84 -85.56 -85.31 -85.12 -84.94 -84.78 -84.66 -84.56 -84.47 -84.38
-96.25 -96.22 -96.19 -96.16 -96.12 -96.06 -95.97 -95.88 -95.78 -95.66 -95.53 -95.38 -95.19 -94.97 -94.75 -94.53 -94.34 -94.12 -93.91 -93.69 -93.50 -93.31 -93.19 -93.03 -92.94 -92.81 -92.69 -92.59 -92.47 -92.38 -92.25 -92.09 -91.94 -91.75 -91.56 -91.41 -91.22 -91.06 -90.91 -90.81 -90.72 -90.62 -90.56 -90.44 -90.31 -90.16 -89.97 -89.72 -89.44 -89.12 -88.84 -88.59 -88.28 -87.97 -87.66 -87.41 -87.16 -86.91 -86.59 -86.31 -86.00 -85.72 -85.44 -85.25 -85.06 -84.94 -84.81 -84.72 -84.62 -84.56 -84.47
-96.28 -96.25 -96.22 -96.19 -96.12 -96.06 -96.00 -95.91 -95.81 -95.72 -95.56 -95.41 -95.22 -95.00 -94.78 -94.53 -94.31 -94.09 -93.84 -93.62 -93.44 -93.25 -93.09 -92.97 -92.88 -92.75 -92.66 -92.56 -92.44 -92.34 -92.22 -92.06 -91.91 -91.75 -91.56 -91.41 -91.22 -91.06 -90.88 -90.75 -90.62 -90.50 -90.41 -90.28 -90.16 -90.00 -89.81 -89.59 -89.31 -89.03 -88.72 -88.44 -88.09 -87.75 -87.38 -87.03 -86.81 -86.59 -86.38 -86.12 -85.84 -85.59 -85.38 -85.22 -85.09 -85.00 -84.91 -84.81 -84.72 -84.62 -84.56
-96.31 -96.28 -96.25 -96.22 -96.16 -96.09 -96.03 -95.94 -95.84 -95.72 -95.59 -95.41 -95.22 -95.00 -94.78 -94.53 -94.28 -94.03 -93.78 -93.53 -93.34 -93.16 -93.00 -92.91 -92.81 -92.69 -92.59 -92.50 -92.41 -92.31 -92.19 -92.03 -91.88 -91.72 -91.53 -91.38 -91.19 -91.00 -90.84 -90.69 -90.53 -90.41 -90.28 -90.12 -90.00 -89.84 -89.69 -89.50 -89.25 -89.00 -88.72 -88.41 -88.09 -87.75 -87.41 -86.97 -86.53 -86.25 -86.06 -85.91 -85.75 -85.59 -85.44 -85.31 -85.22 -85.12 -85.03 -84.91 -84.81 -84.72 -84.62
-96.31 -96.28 -96.25 -96.22 -96.19 -96.12 -96.03 -95.97 -95.84 -95.72 -95.59 -95.41 -95.22 -95.00 -94.78 -94.53 -94.25 -93.97 -93.69 -93.44 -93.22 -93.03 -92.91 -92.81 -92.72 -92.62 -92.53 -92.47 -92.38 -92.25 -92.12 -91.97 -91.81 -91.62 -91.47 -91.28 -91.09 -90.94 -90.78 -90.62 -90.47 -90.31 -90.16 -90.00 -89.84 -89.69 -89.53 -89.34 -89.16 -88.94 -88.69 -88.41 -88.09 -87.78 -87.44 -87.09 -86.62 -86.16 -85.88 -85.81 -85.81 -85.72 -85.59 -85.47 -85.34 -85.25 -85.16 -85.03 -84.91 -84.81 -84.69
-96.31 -96.28 -96.25 -96.22 -96.19 -96.12 -96.06 -95.97 -95.88 -95.75 -95.59 -95.44 -95.22 -95.00 -94.75 -94.47 -94.19 -93.91 -93.59 -93.31 -93.06 -92.91 -92.81 -92.72 -92.66 -92.56 -92.47 -92.41 -92.31 -92.19 -92.06 -91.91 -91.72 -91.53 -91.34 -91.16 -91.00 -90.81 -90.66 -90.50 -90.38 -90.22 -90.06 -89.91 -89.72 -89.53 -89.38 -89.22 -89.06 -88.88 -88.66 -88.38 -88.09 -87.78 -87.44 -87.12 -86.75 -86.31 -86.06 -86.00 -85.97 -85.88 -85.78 -85.66 -85.53 -85.41 -85.28 -85.16 -85.03 -84.91 -84.78
-96.31 -96.28 -96.25 -96.22 -96.19 -96.12 -96.06 -96.00 -95.91 -95.78 -95.62 -95.44 -95.25 -95.00 -94.75 -94.47 -94.16 -93.84 -93.47 -93.16 -92.94 -92.78 -92.69 -92.62 -92.56 -92.50 -92.44 -92.34 -92.25 -92.12 -92.00 -91.81 -91.66 -91.44 -91.25 -91.03 -90.84 -90.66 -90.50 -90.34 -90.22 -90.09 -89.94 -89.78 -89.59 -89.41 -89.25 -89.06 -88.91 -88.75 -88.56 -88.31 -88.06 -87.78 -87.47 -87.16 -86.84 -86.50 -86.31 -86.22 -86.16 -86.09 -85.97 -85.84 -85.72 -85.56 -85.44 -85.31 -85.16 -85.00 -84.84
-96.31 -96.28 -96.22 -96.19 -96.16 -96.12 -96.09 -96.00 -95.91 -95.81 -95.66 -95.47 -95.28 -95.03 -94.75 -94.47 -94.16 -93.84 -93.50 -93.19 -92.94 -92.78 -92.66 -92.59 -92.53 -92.44 -92.38 -92.28 -92.19 -92.06 -91.91 -91.75 -91.56 -91.34 -91.12 -90.91 -90.69 -90.50 -90.31 -90.16 -90.03 -89.91 -89.78 -89.62 -89.47 -89.28 -89.12 -88.94 -88.78 -88.59 -88.44 -88.22 -88.00 -87.75 -87.47 -87.19 -86.94 -86.69 -86.53 -86.44 -86.38 -86.31 -86.19 -86.06 -85.91 -85.75 -85.59 -85.44 -85.28 -85.09 -84.94
-96.31 -96.25 -96.22 -96.19 -96.16 -96.12 -96.06 -96.00 -95.94 -95.81 -95.69 -95.50 -95.31 -95.06 -94.81 -94.53 -94.25 -93.97 -93.66 -93.38 -93.09 -92.91 -92.75 -92.62 -92.53 -92.44 -92.34 -92.25 -92.16 -92.00 -91.84 -91.69 -91.47 -91.25 -91.03 -90.81 -90.56 -90.34 -90.16 -90.00 -89.84 -89.72 -89.59 -89.47 -89.31 -89.16 -88.97 -88.81 -88.66 -88.50 -88.31 -88.12 -87.94 -87.72 -87.47 -87.25 -87.03 -86.84 -86.72 -86.66 -86.59 -86.50 -86.41 -86.25 -86.09 -85.94 -85.75 -85.56 -85.38 -85.19 -85.00
