everonasctiles/Tile32,8.asc
ncols 128
nrows 128
xllcorner 0
yllcorner 0
cellsize 2.0
NODATA_value  -9999
[rows 64 to 95 of 128, columns 0 to 70 of 128]
221.81 221.97 222.12 222.28 222.44 222.59 222.91 223.19 223.44 223.12 223.12 223.12 223.16 223.12 223.12 223.12 223.16 223.12 223.16 223.12 223.12 223.12 223.12 223.12 223.25 223.78 224.09 224.12 224.12 224.12 224.12 224.03 224.00 223.91 223.81 223.72 223.53 223.50 223.50 223.44 223.34 223.19 223.06 223.03 223.06 223.22 223.50 223.84 224.28 224.78 225.31 225.75 226.06 226.31 226.47 226.56 226.62 226.62 226.22 227.00 227.22 227.47 227.75 228.12 228.50 228.91 229.34 229.78 230.19 230.50 230.78
221.75 221.91 222.06 222.25 222.38 222.53 222.84 223.06 223.28 223.12 223.12 223.09 223.12 223.12 223.12 223.12 223.12 223.12 223.09 223.12 223.12 223.12 223.16 223.12 223.09 223.16 223.34 223.97 224.12 224.12 224.12 224.09 223.97 223.84 223.78 223.62 223.38 223.12 222.91 222.72 222.72 222.75 222.69 222.59 222.66 222.75 223.00 223.34 223.72 224.19 224.69 225.16 225.47 225.75 225.94 226.06 226.16 225.97 226.41 226.56 226.78 227.00 227.31 227.62 227.97 228.34 228.75 229.16 229.53 229.88 230.19
221.62 221.78 221.97 222.12 222.25 222.44 222.66 222.81 223.03 223.12 223.12 223.12 223.12 223.12 223.12 223.12 223.22 223.12 223.12 223.12 223.12 223.12 223.12 223.12 223.09 223.12 223.12 223.12 223.41 223.81 223.91 223.88 223.75 223.62 223.66 223.56 223.31 223.06 222.81 222.59 222.41 222.19 222.03 222.06 222.22 222.31 222.50 222.81 223.19 223.62 224.09 224.50 224.84 225.12 225.34 225.50 225.66 225.78 225.94 226.09 226.31 226.53 226.81 227.09 227.41 227.75 228.16 228.53 228.91 229.25 229.56
221.44 221.56 221.75 221.84 221.97 222.19 222.34 222.53 222.72 223.00 223.12 223.12 223.12 223.12 223.12 223.12 223.12 223.12 223.12 223.12 223.12 223.12 223.12 223.12 223.12 223.12 223.12 223.12 223.12 223.12 223.41 223.50 223.44 223.41 223.34 223.25 223.12 222.97 222.75 222.53 222.34 222.12 221.94 221.81 221.72 221.75 222.03 222.38 222.69 223.06 223.47 223.88 224.22 224.50 224.75 224.94 225.09 225.28 225.44 225.62 225.81 226.03 226.28 226.53 226.84 227.19 227.53 227.88 228.25 228.62 228.94
221.09 221.25 221.38 221.53 221.59 221.72 221.97 222.19 222.41 222.59 222.94 223.12 223.12 223.12 223.12 223.12 223.09 223.12 223.12 223.12 223.12 223.12 223.16 223.12 223.12 223.12 223.12 223.12 223.12 223.12 223.22 223.34 223.28 223.22 223.16 223.03 222.88 222.72 222.50 222.34 222.19 222.06 221.88 221.78 221.72 221.62 221.62 221.66 222.00 222.53 222.88 223.25 223.56 223.84 224.09 224.31 224.53 224.72 224.91 225.09 225.28 225.50 225.75 226.00 226.28 226.56 226.91 227.25 227.59 227.94 228.28
220.66 220.81 220.97 221.12 221.28 221.38 221.53 221.81 222.03 222.25 222.50 222.75 223.06 223.12 223.12 223.12 223.12 223.12 223.12 223.12 223.12 223.12 223.12 223.12 223.12 223.12 223.12 223.12 223.12 223.12 223.16 223.22 223.16 223.06 222.97 222.84 222.72 222.53 222.34 222.09 221.88 221.62 221.53 221.66 221.69 221.62 221.59 221.59 221.56 221.56 221.94 222.62 222.94 223.22 223.47 223.72 223.94 224.12 224.31 224.53 224.75 224.97 225.19 225.44 225.69 225.94 226.25 226.56 226.91 227.25 227.59
220.28 220.44 220.59 220.78 220.91 221.06 221.19 221.41 221.66 221.91 222.16 222.44 222.69 223.03 223.12 223.12 223.12 223.12 223.12 223.12 223.12 223.12 223.12 223.12 223.12 223.12 223.12 223.12 223.12 223.12 223.12 223.06 223.00 222.91 222.81 222.69 222.53 222.38 222.19 221.97 221.72 221.47 221.25 221.06 221.06 221.34 221.59 221.56 221.56 221.53 221.50 221.50 222.03 222.62 222.88 223.09 223.31 223.53 223.75 223.97 224.16 224.38 224.62 224.84 225.06 225.31 225.59 225.88 226.22 226.56 226.94
219.88 220.06 220.22 220.41 220.56 220.72 220.88 221.06 221.31 221.56 221.84 222.09 222.34 222.59 222.91 223.12 223.12 223.12 223.12 223.12 223.12 223.12 223.12 223.12 223.12 223.12 223.12 223.12 223.12 223.12 223.09 222.94 222.84 222.75 222.66 222.53 222.38 222.22 222.03 221.81 221.59 221.38 221.12 220.91 220.75 220.69 220.72 221.12 221.50 221.50 221.47 221.41 221.38 221.47 222.19 222.50 222.72 222.94 223.16 223.38 223.59 223.81 224.03 224.25 224.47 224.69 224.94 225.19 225.50 225.88 226.22
219.50 219.69 219.88 220.06 220.25 220.41 220.59 220.78 221.00 221.25 221.50 221.75 222.03 222.28 222.53 222.75 222.97 223.09 223.12 223.12 223.12 223.12 223.12 223.12 223.12 223.12 223.12 223.12 223.12 223.09 222.94 222.78 222.69 222.59 222.50 222.38 222.25 222.09 221.91 221.72 221.50 221.28 221.03 220.78 220.59 220.47 220.41 220.44 220.50 220.94 221.41 221.41 221.34 221.25 221.19 221.84 222.16 222.34 222.56 222.78 223.00 223.22 223.44 223.66 223.84 224.06 224.28 224.50 224.81 225.16 225.53
219.25 219.41 219.59 219.75 219.94 220.12 220.31 220.50 220.72 220.97 221.19 221.44 221.69 221.94 222.16 222.41 222.56 222.69 222.81 222.97 223.09 223.12 223.12 223.12 223.12 223.12 223.12 223.12 223.09 222.97 222.69 222.62 222.53 222.44 222.34 222.22 222.09 221.94 221.81 221.62 221.44 221.22 220.97 220.72 220.47 220.28 220.19 220.16 220.19 220.28 220.44 220.97 221.28 221.12 220.97 220.88 221.56 221.78 222.00 222.19 222.41 222.62 222.84 223.03 223.25 223.44 223.66 223.84 224.16 224.50 224.88
219.03 219.19 219.34 219.53 219.69 219.88 220.06 220.25 220.47 220.66 220.88 221.09 221.34 221.56 221.81 222.03 222.19 222.34 222.44 222.53 222.66 222.94 223.09 223.12 223.12 223.12 223.12 223.06 222.91 222.66 222.53 222.44 222.34 222.28 222.16 222.06 221.94 221.81 221.69 221.53 221.38 221.19 220.94 220.69 220.41 220.19 220.00 219.94 219.91 219.97 220.06 220.19 220.47 220.94 220.75 220.59 220.56 221.22 221.44 221.62 221.84 222.06 222.25 222.47 222.66 222.88 223.06 223.25 223.53 223.84 224.22
218.78 218.94 219.09 219.28 219.47 219.66 219.81 220.00 220.19 220.41 220.59 220.78 221.00 221.19 221.44 221.62 221.84 222.00 222.12 222.22 222.31 222.38 222.62 222.84 222.94 222.97 222.91 222.75 222.53 222.38 222.31 222.25 222.16 222.09 222.00 221.91 221.81 221.69 221.59 221.47 221.31 221.16 220.94 220.72 220.44 220.12 219.91 219.78 219.72 219.72 219.75 219.84 219.94 220.28 220.56 220.41 220.22 220.31 220.88 221.09 221.28 221.47 221.69 221.88 222.09 222.28 222.50 222.69 222.94 223.25 223.62
218.50 218.69 218.84 219.03 219.22 219.38 219.56 219.75 219.94 220.12 220.31 220.47 220.66 220.84 221.03 221.25 221.44 221.62 221.78 221.91 222.03 222.12 222.19 222.25 222.31 222.31 222.31 222.25 222.22 222.16 222.09 222.03 221.97 221.88 221.81 221.72 221.66 221.56 221.47 221.38 221.25 221.12 220.97 220.75 220.47 220.16 219.88 219.69 219.56 219.50 219.50 219.53 219.56 219.66 220.03 220.22 220.03 219.88 220.12 220.56 220.75 220.94 221.12 221.34 221.53 221.75 221.94 222.19 222.41 222.72 223.06
218.22 218.41 218.59 218.78 218.94 219.12 219.31 219.50 219.69 219.84 220.03 220.22 220.38 220.53 220.69 220.88 221.06 221.25 221.44 221.56 221.72 221.81 221.94 222.00 222.03 222.06 222.03 222.00 221.97 221.91 221.88 221.81 221.75 221.69 221.62 221.53 221.47 221.41 221.34 221.28 221.22 221.09 220.97 220.78 220.50 220.19 219.88 219.62 219.44 219.34 219.28 219.25 219.28 219.31 219.38 219.78 219.84 219.69 219.53 219.94 220.22 220.44 220.62 220.81 221.03 221.22 221.44 221.69 221.94 222.22 222.53
217.94 218.12 218.31 218.50 218.69 218.84 219.03 219.22 219.41 219.59 219.75 219.94 220.09 220.25 220.41 220.56 220.72 220.91 221.06 221.22 221.38 221.50 221.62 221.72 221.75 221.75 221.75 221.72 221.69 221.66 221.62 221.56 221.50 221.44 221.41 221.34 221.31 221.25 221.22 221.19 221.12 221.06 220.97 220.81 220.53 220.22 219.88 219.59 219.38 219.22 219.09 219.03 219.00 219.00 219.03 219.09 219.56 219.50 219.34 219.22 219.72 219.94 220.12 220.31 220.53 220.72 220.97 221.19 221.44 221.72 222.03
217.62 217.84 218.03 218.22 218.41 218.56 218.75 218.94 219.12 219.31 219.47 219.66 219.81 219.97 220.12 220.28 220.44 220.59 220.72 220.84 221.00 221.16 221.28 221.34 221.41 221.44 221.44 221.44 221.41 221.38 221.34 221.28 221.25 221.19 221.16 221.12 221.09 221.06 221.06 221.06 221.03 221.03 220.97 220.84 220.59 220.25 219.94 219.62 219.34 219.12 218.97 218.84 218.75 218.72 218.72 218.75 218.88 219.28 219.16 219.00 218.97 219.47 219.66 219.84 220.06 220.28 220.50 220.75 221.00 221.25 221.56
217.31 217.53 217.72 217.91 218.09 218.28 218.47 218.66 218.84 219.00 219.19 219.34 219.53 219.69 219.84 220.00 220.16 220.31 220.44 220.56 220.69 220.78 220.91 221.00 221.06 221.09 221.09 221.12 221.09 221.09 221.06 221.00 220.97 220.94 220.91 220.88 220.84 220.84 220.88 220.91 220.94 220.94 220.91 220.81 220.62 220.31 219.97 219.66 219.34 219.06 218.84 218.69 218.56 218.47 218.44 218.44 218.47 218.69 218.94 218.81 218.66 218.72 219.19 219.44 219.62 219.84 220.06 220.31 220.56 220.81 221.09
217.00 217.22 217.41 217.59 217.81 218.00 218.16 218.34 218.53 218.72 218.88 219.06 219.22 219.38 219.53 219.69 219.84 220.00 220.16 220.28 220.44 220.53 220.59 220.66 220.66 220.69 220.75 220.78 220.78 220.78 220.75 220.72 220.69 220.62 220.59 220.59 220.59 220.59 220.66 220.69 220.78 220.81 220.81 220.75 220.59 220.34 220.06 219.69 219.34 219.03 218.75 218.53 218.38 218.28 218.19 218.19 218.19 218.22 218.53 218.69 218.62 218.56 218.53 218.91 219.22 219.44 219.66 219.88 220.12 220.41 220.66
216.66 216.88 217.09 217.28 217.50 217.69 217.88 218.03 218.22 218.41 218.56 218.75 218.91 219.06 219.25 219.41 219.56 219.69 219.84 220.00 220.12 220.25 220.38 220.44 220.47 220.44 220.44 220.44 220.47 220.47 220.44 220.41 220.34 220.31 220.28 220.28 220.28 220.31 220.38 220.47 220.56 220.66 220.69 220.62 220.50 220.34 220.12 219.75 219.34 219.00 218.69 218.44 218.25 218.09 218.00 217.94 217.94 217.94 218.00 218.34 218.59 218.53 218.47 218.44 218.66 219.06 219.28 219.50 219.75 220.00 220.25
216.34 216.56 216.75 216.97 217.16 217.34 217.53 217.72 217.91 218.09 218.25 218.44 218.59 218.75 218.91 219.06 219.22 219.38 219.53 219.69 219.81 219.94 220.09 220.19 220.22 220.25 220.25 220.22 220.19 220.16 220.12 220.06 220.03 219.97 219.94 219.94 219.97 220.00 220.09 220.19 220.31 220.41 220.47 220.44 220.34 220.22 220.06 219.78 219.38 219.00 218.66 218.34 218.12 217.94 217.81 217.72 217.69 217.72 217.75 217.81 218.03 218.47 218.44 218.41 218.34 218.44 218.91 219.12 219.38 219.62 219.88
215.97 216.22 216.44 216.62 216.84 217.03 217.22 217.41 217.59 217.75 217.94 218.09 218.28 218.44 218.59 218.75 218.91 219.06 219.19 219.34 219.50 219.62 219.78 219.91 219.97 220.03 220.03 220.00 220.00 219.94 219.88 219.78 219.72 219.62 219.59 219.59 219.62 219.69 219.75 219.84 219.97 220.06 220.12 220.16 220.12 220.06 219.91 219.72 219.41 219.00 218.62 218.31 218.03 217.81 217.66 217.56 217.50 217.50 217.50 217.56 217.66 217.78 218.28 218.34 218.31 218.28 218.31 218.75 219.03 219.25 219.50
215.62 215.84 216.06 216.28 216.50 216.69 216.88 217.06 217.25 217.44 217.59 217.78 217.94 218.09 218.25 218.41 218.56 218.72 218.88 219.00 219.16 219.28 219.44 219.56 219.69 219.78 219.81 219.81 219.81 219.78 219.69 219.59 219.47 219.34 219.28 219.25 219.28 219.34 219.41 219.50 219.59 219.66 219.72 219.75 219.78 219.81 219.75 219.59 219.34 219.00 218.59 218.25 217.97 217.72 217.56 217.44 217.34 217.31 217.31 217.34 217.44 217.50 217.62 218.06 218.28 218.25 218.22 218.22 218.59 218.94 219.16
215.25 215.50 215.72 215.94 216.12 216.34 216.53 216.72 216.91 217.09 217.25 217.41 217.59 217.75 217.91 218.06 218.22 218.38 218.53 218.66 218.81 218.94 219.09 219.22 219.38 219.50 219.56 219.59 219.59 219.59 219.56 219.44 219.34 219.22 219.09 219.03 219.00 219.03 219.06 219.16 219.22 219.25 219.31 219.34 219.41 219.47 219.50 219.44 219.28 218.97 218.59 218.25 217.94 217.66 217.47 217.31 217.22 217.19 217.16 217.19 217.22 217.31 217.41 217.53 217.88 218.22 218.22 218.19 218.16 218.44 218.88
214.88 215.12 215.34 215.56 215.78 215.97 216.19 216.38 216.53 216.72 216.91 217.06 217.22 217.41 217.56 217.72 217.88 218.00 218.16 218.31 218.44 218.59 218.72 218.88 219.00 219.12 219.25 219.34 219.41 219.41 219.41 219.31 219.22 219.09 218.97 218.84 218.75 218.72 218.75 218.78 218.81 218.84 218.84 218.88 218.94 219.06 219.16 219.19 219.12 218.91 218.56 218.22 217.91 217.62 217.41 217.25 217.12 217.06 217.03 217.03 217.06 217.09 217.19 217.31 217.44 217.69 218.16 218.16 218.12 218.09 218.31
214.47 214.72 214.97 215.19 215.41 215.62 215.81 216.00 216.19 216.34 216.53 216.69 216.88 217.03 217.19 217.34 217.50 217.62 217.78 217.94 218.06 218.22 218.38 218.50 218.62 218.78 218.91 219.03 219.16 219.22 219.22 219.19 219.09 219.00 218.88 218.72 218.59 218.47 218.44 218.44 218.44 218.44 218.44 218.44 218.53 218.66 218.78 218.88 218.91 218.78 218.50 218.22 217.88 217.59 217.38 217.19 217.06 216.97 216.91 216.88 216.91 216.94 217.00 217.09 217.22 217.34 217.56 218.06 218.12 218.09 218.06
214.06 214.34 214.56 214.81 215.03 215.22 215.44 215.62 215.81 215.97 216.16 216.31 216.50 216.66 216.81 216.97 217.12 217.25 217.41 217.56 217.69 217.84 217.97 218.12 218.25 218.38 218.53 218.66 218.78 218.91 219.00 219.00 218.97 218.88 218.78 218.62 218.44 218.28 218.19 218.09 218.06 218.03 218.00 218.03 218.09 218.22 218.41 218.56 218.66 218.59 218.44 218.16 217.88 217.59 217.34 217.16 217.00 216.88 216.81 216.78 216.75 216.78 216.84 216.91 217.03 217.16 217.28 217.47 217.94 218.03 218.00
213.66 213.91 214.16 214.41 214.62 214.84 215.03 215.22 215.41 215.59 215.78 215.94 216.09 216.25 216.41 216.56 216.72 216.88 217.00 217.16 217.31 217.44 217.59 217.72 217.84 218.00 218.12 218.25 218.41 218.53 218.66 218.75 218.78 218.72 218.62 218.50 218.31 218.12 217.97 217.81 217.72 217.66 217.62 217.62 217.69 217.81 217.97 218.19 218.34 218.41 218.34 218.12 217.84 217.56 217.31 217.09 216.94 216.81 216.72 216.66 216.62 216.66 216.69 216.75 216.84 216.94 217.06 217.22 217.41 217.88 217.94
213.22 213.50 213.75 214.00 214.22 214.44 214.62 214.84 215.03 215.19 215.38 215.53 215.69 215.84 216.00 216.16 216.31 216.47 216.59 216.75 216.91 217.03 217.19 217.31 217.44 217.59 217.72 217.84 218.00 218.12 218.25 218.38 218.47 218.50 218.44 218.31 218.16 217.97 217.81 217.59 217.47 217.38 217.31 217.28 217.31 217.41 217.56 217.81 218.03 218.16 218.19 218.03 217.81 217.53 217.28 217.06 216.88 216.75 216.62 216.56 216.53 216.50 216.53 216.59 216.66 216.75 216.88 217.03 217.19 217.38 217.84
212.78 213.06 213.31 213.56 213.81 214.03 214.22 214.41 214.59 214.78 214.97 215.12 215.28 215.44 215.59 215.75 215.91 216.03 216.19 216.34 216.47 216.62 216.75 216.91 217.03 217.16 217.31 217.44 217.56 217.69 217.81 217.94 218.06 218.16 218.19 218.12 217.97 217.84 217.66 217.47 217.28 217.12 217.00 216.94 216.97 217.03 217.16 217.38 217.62 217.84 217.94 217.88 217.72 217.47 217.25 217.03 216.81 216.66 216.53 216.47 216.41 216.38 216.38 216.41 216.47 216.56 216.66 216.81 216.97 217.12 217.47
212.34 212.62 212.88 213.12 213.38 213.59 213.81 214.00 214.19 214.38 214.53 214.69 214.88 215.03 215.19 215.31 215.47 215.62 215.75 215.91 216.06 216.19 216.31 216.47 216.59 216.72 216.88 217.00 217.12 217.25 217.38 217.50 217.62 217.75 217.84 217.84 217.75 217.62 217.50 217.31 217.12 216.94 216.78 216.66 216.62 216.66 216.78 216.94 217.19 217.44 217.66 217.69 217.56 217.38 217.19 216.97 216.75 216.59 216.44 216.34 216.28 216.22 216.22 216.25 216.28 216.38 216.47 216.59 216.75 216.91 217.09
211.91 212.19 212.44 212.69 212.94 213.16 213.38 213.56 213.75 213.94 214.09 214.28 214.44 214.59 214.75 214.88 215.03 215.19 215.31 215.47 215.59 215.75 215.88 216.03 216.16 216.28 216.41 216.53 216.69 216.81 216.94 217.06 217.19 217.31 217.41 217.50 217.47 217.41 217.31 217.12 216.97 216.75 216.56 216.41 216.34 216.31 216.38 216.53 216.75 216.97 217.25 217.41 217.34 217.22 217.06 216.84 216.66 216.47 216.34 216.22 216.12 216.06 216.06 216.06 216.09 216.16 216.25 216.38 216.50 216.69 216.88
211.44 211.72 212.00 212.25 212.47 212.72 212.94 213.12 213.31 213.50 213.66 213.81 213.97 214.12 214.28 214.44 214.59 214.72 214.88 215.00 215.16 215.28 215.44 215.56 215.69 215.81 215.94 216.09 216.22 216.34 216.47 216.59 216.72 216.81 216.94 217.06 217.09 217.12 217.06 216.94 216.78 216.59 216.38 216.19 216.06 216.00 216.03 216.16 216.34 216.53 216.75 217.00 217.09 217.03 216.88 216.72 216.53 216.34 216.19 216.06 215.97 215.91 215.88 215.88 215.91 215.97 216.03 216.16 216.28 216.44 216.62
