everonasctiles/Tile49,35.asc
ncols 128
nrows 128
xllcorner 0
yllcorner 0
cellsize 2.0
NODATA_value  -9999
[rows 0 to 29 of 128, columns 0 to 66 of 128]
-98.56 -98.69 -98.78 -98.88 -98.94 -99.03 -99.09 -99.19 -99.28 -99.38 -99.47 -99.56 -99.66 -99.78 -99.91 -100.03 -100.16 -100.31 -100.47 -100.62 -100.78 -100.94 -101.09 -101.28 -101.47 -101.66 -101.88 -102.06 -102.31 -102.53 -102.75 -103.00 -103.22 -103.47 -103.72 -103.97 -104.22 -104.47 -104.75 -105.00 -105.22 -105.47 -105.69 -105.88 -106.06 -106.25 -106.44 -106.59 -106.72 -106.88 -107.00 -107.16 -107.28 -107.41 -107.53 -107.66 -107.78 -107.91 -108.03 -108.12 -108.25 -108.31 -108.41 -108.47 -108.56 -108.66 -108.78
-98.66 -98.75 -98.84 -98.94 -99.00 -99.09 -99.19 -99.28 -99.38 -99.47 -99.56 -99.66 -99.78 -99.91 -100.00 -100.16 -100.28 -100.44 -100.56 -100.72 -100.88 -101.00 -101.16 -101.31 -101.50 -101.66 -101.84 -102.03 -102.25 -102.47 -102.69 -102.91 -103.16 -103.38 -103.62 -103.88 -104.16 -104.41 -104.66 -104.94 -105.19 -105.44 -105.66 -105.88 -106.09 -106.28 -106.47 -106.62 -106.78 -106.94 -107.06 -107.22 -107.34 -107.47 -107.59 -107.72 -107.84 -107.97 -108.09 -108.22 -108.31 -108.41 -108.50 -108.59 -108.66 -108.78 -108.88
-98.72 -98.84 -98.91 -99.00 -99.09 -99.19 -99.28 -99.38 -99.47 -99.56 -99.66 -99.78 -99.88 -100.00 -100.12 -100.25 -100.41 -100.53 -100.66 -100.81 -100.94 -101.09 -101.22 -101.38 -101.56 -101.72 -101.91 -102.09 -102.28 -102.47 -102.69 -102.88 -103.12 -103.34 -103.59 -103.84 -104.09 -104.34 -104.62 -104.88 -105.12 -105.38 -105.62 -105.84 -106.06 -106.28 -106.47 -106.66 -106.81 -106.97 -107.12 -107.25 -107.41 -107.53 -107.66 -107.78 -107.91 -108.03 -108.16 -108.28 -108.38 -108.50 -108.59 -108.69 -108.75 -108.88 -108.97
-98.81 -98.94 -99.00 -99.09 -99.19 -99.28 -99.34 -99.47 -99.56 -99.66 -99.75 -99.88 -100.00 -100.12 -100.25 -100.38 -100.50 -100.62 -100.75 -100.91 -101.03 -101.16 -101.31 -101.47 -101.62 -101.81 -101.97 -102.16 -102.34 -102.56 -102.75 -102.97 -103.19 -103.41 -103.62 -103.84 -104.09 -104.34 -104.59 -104.84 -105.09 -105.34 -105.56 -105.81 -106.03 -106.25 -106.47 -106.66 -106.84 -107.00 -107.16 -107.28 -107.44 -107.56 -107.69 -107.81 -107.94 -108.06 -108.19 -108.31 -108.44 -108.53 -108.66 -108.75 -108.84 -108.94 -109.06
-98.94 -99.03 -99.09 -99.19 -99.28 -99.34 -99.44 -99.53 -99.66 -99.75 -99.84 -99.97 -100.09 -100.22 -100.34 -100.47 -100.59 -100.72 -100.88 -101.00 -101.12 -101.25 -101.41 -101.56 -101.72 -101.91 -102.06 -102.28 -102.47 -102.66 -102.88 -103.06 -103.28 -103.50 -103.72 -103.94 -104.16 -104.38 -104.59 -104.84 -105.09 -105.31 -105.56 -105.78 -106.00 -106.22 -106.44 -106.62 -106.81 -106.97 -107.16 -107.28 -107.44 -107.56 -107.72 -107.84 -107.97 -108.12 -108.25 -108.34 -108.47 -108.59 -108.69 -108.81 -108.91 -109.03 -109.12
-99.03 -99.12 -99.19 -99.28 -99.38 -99.44 -99.53 -99.62 -99.75 -99.84 -99.94 -100.06 -100.19 -100.31 -100.44 -100.56 -100.69 -100.84 -100.97 -101.09 -101.22 -101.34 -101.50 -101.66 -101.81 -102.00 -102.19 -102.38 -102.56 -102.78 -103.00 -103.19 -103.41 -103.62 -103.84 -104.03 -104.25 -104.47 -104.69 -104.91 -105.12 -105.34 -105.56 -105.78 -106.00 -106.22 -106.41 -106.59 -106.78 -106.94 -107.12 -107.28 -107.41 -107.56 -107.72 -107.84 -108.00 -108.12 -108.28 -108.41 -108.50 -108.62 -108.75 -108.84 -108.97 -109.09 -109.22
-99.09 -99.22 -99.28 -99.38 -99.47 -99.53 -99.62 -99.72 -99.81 -99.94 -100.03 -100.16 -100.28 -100.41 -100.53 -100.66 -100.81 -100.94 -101.06 -101.19 -101.31 -101.47 -101.59 -101.75 -101.91 -102.09 -102.28 -102.47 -102.69 -102.91 -103.09 -103.31 -103.53 -103.75 -103.97 -104.16 -104.38 -104.59 -104.78 -105.00 -105.19 -105.41 -105.59 -105.81 -106.00 -106.22 -106.41 -106.59 -106.75 -106.94 -107.09 -107.25 -107.41 -107.56 -107.69 -107.84 -108.00 -108.16 -108.28 -108.41 -108.53 -108.66 -108.78 -108.91 -109.03 -109.16 -109.28
-99.19 -99.28 -99.38 -99.47 -99.56 -99.62 -99.72 -99.81 -99.91 -100.00 -100.12 -100.25 -100.38 -100.50 -100.62 -100.75 -100.91 -101.03 -101.16 -101.28 -101.44 -101.56 -101.72 -101.88 -102.03 -102.19 -102.38 -102.59 -102.78 -103.00 -103.22 -103.44 -103.66 -103.88 -104.09 -104.31 -104.50 -104.72 -104.91 -105.09 -105.28 -105.50 -105.69 -105.88 -106.06 -106.25 -106.44 -106.59 -106.78 -106.94 -107.09 -107.25 -107.41 -107.56 -107.72 -107.88 -108.03 -108.19 -108.31 -108.47 -108.59 -108.72 -108.84 -108.97 -109.09 -109.22 -109.34
-99.28 -99.38 -99.47 -99.56 -99.62 -99.72 -99.81 -99.88 -100.00 -100.09 -100.22 -100.34 -100.47 -100.59 -100.72 -100.88 -101.00 -101.12 -101.25 -101.41 -101.53 -101.66 -101.81 -101.97 -102.12 -102.31 -102.50 -102.69 -102.91 -103.12 -103.31 -103.53 -103.75 -103.97 -104.19 -104.41 -104.62 -104.84 -105.03 -105.22 -105.41 -105.59 -105.78 -105.97 -106.12 -106.31 -106.50 -106.66 -106.81 -107.00 -107.16 -107.28 -107.44 -107.59 -107.75 -107.91 -108.06 -108.22 -108.38 -108.50 -108.66 -108.78 -108.91 -109.03 -109.16 -109.31 -109.44
-99.34 -99.44 -99.53 -99.62 -99.72 -99.81 -99.88 -99.97 -100.06 -100.19 -100.28 -100.41 -100.56 -100.69 -100.81 -100.94 -101.09 -101.22 -101.38 -101.50 -101.62 -101.78 -101.94 -102.09 -102.25 -102.44 -102.62 -102.81 -103.00 -103.22 -103.44 -103.66 -103.88 -104.09 -104.31 -104.53 -104.75 -104.94 -105.16 -105.34 -105.53 -105.72 -105.88 -106.06 -106.22 -106.41 -106.56 -106.75 -106.91 -107.06 -107.22 -107.38 -107.53 -107.69 -107.84 -107.97 -108.12 -108.28 -108.44 -108.56 -108.72 -108.84 -108.97 -109.09 -109.25 -109.38 -109.50
-99.41 -99.50 -99.59 -99.69 -99.78 -99.88 -99.97 -100.06 -100.16 -100.25 -100.38 -100.50 -100.62 -100.75 -100.91 -101.03 -101.19 -101.31 -101.47 -101.59 -101.75 -101.88 -102.03 -102.19 -102.38 -102.53 -102.72 -102.91 -103.12 -103.31 -103.53 -103.75 -103.97 -104.19 -104.41 -104.62 -104.84 -105.06 -105.25 -105.44 -105.62 -105.81 -106.00 -106.19 -106.34 -106.53 -106.69 -106.84 -107.00 -107.16 -107.31 -107.47 -107.62 -107.78 -107.91 -108.06 -108.22 -108.38 -108.50 -108.66 -108.78 -108.91 -109.03 -109.19 -109.31 -109.44 -109.56
-99.44 -99.56 -99.66 -99.75 -99.84 -99.97 -100.06 -100.16 -100.25 -100.34 -100.47 -100.56 -100.69 -100.84 -100.97 -101.12 -101.25 -101.41 -101.56 -101.69 -101.84 -102.00 -102.16 -102.31 -102.47 -102.66 -102.84 -103.03 -103.22 -103.41 -103.62 -103.84 -104.06 -104.28 -104.50 -104.72 -104.94 -105.16 -105.34 -105.56 -105.75 -105.94 -106.12 -106.28 -106.47 -106.62 -106.78 -106.97 -107.12 -107.28 -107.41 -107.56 -107.72 -107.88 -108.00 -108.16 -108.31 -108.44 -108.56 -108.72 -108.84 -108.97 -109.09 -109.25 -109.38 -109.50 -109.59
-99.50 -99.59 -99.72 -99.81 -99.91 -100.00 -100.12 -100.22 -100.31 -100.44 -100.53 -100.66 -100.78 -100.91 -101.03 -101.19 -101.34 -101.50 -101.62 -101.78 -101.94 -102.09 -102.25 -102.41 -102.59 -102.75 -102.94 -103.12 -103.31 -103.53 -103.72 -103.94 -104.16 -104.34 -104.56 -104.78 -105.03 -105.22 -105.44 -105.66 -105.84 -106.03 -106.22 -106.41 -106.59 -106.75 -106.91 -107.06 -107.22 -107.38 -107.53 -107.66 -107.81 -107.97 -108.09 -108.25 -108.38 -108.53 -108.66 -108.78 -108.91 -109.03 -109.16 -109.28 -109.41 -109.53 -109.66
-99.53 -99.62 -99.75 -99.84 -99.97 -100.06 -100.16 -100.28 -100.38 -100.50 -100.59 -100.72 -100.84 -100.97 -101.12 -101.25 -101.41 -101.56 -101.72 -101.88 -102.03 -102.19 -102.34 -102.50 -102.69 -102.88 -103.06 -103.25 -103.44 -103.62 -103.81 -104.03 -104.25 -104.44 -104.66 -104.88 -105.09 -105.31 -105.53 -105.75 -105.94 -106.16 -106.34 -106.53 -106.69 -106.84 -107.03 -107.19 -107.34 -107.47 -107.62 -107.78 -107.91 -108.06 -108.19 -108.34 -108.47 -108.59 -108.72 -108.84 -108.97 -109.09 -109.22 -109.34 -109.47 -109.59 -109.72
-99.53 -99.66 -99.75 -99.88 -99.97 -100.09 -100.22 -100.31 -100.44 -100.53 -100.66 -100.78 -100.91 -101.03 -101.19 -101.31 -101.47 -101.62 -101.78 -101.94 -102.09 -102.28 -102.44 -102.59 -102.78 -102.97 -103.16 -103.34 -103.53 -103.72 -103.94 -104.12 -104.34 -104.56 -104.75 -104.97 -105.19 -105.41 -105.62 -105.81 -106.03 -106.22 -106.44 -106.62 -106.78 -106.97 -107.12 -107.28 -107.44 -107.59 -107.72 -107.88 -108.00 -108.16 -108.28 -108.44 -108.56 -108.69 -108.78 -108.91 -109.03 -109.16 -109.28 -109.41 -109.53 -109.66 -109.75
-99.53 -99.66 -99.78 -99.88 -100.00 -100.12 -100.22 -100.34 -100.47 -100.56 -100.69 -100.81 -100.97 -101.09 -101.25 -101.38 -101.53 -101.69 -101.84 -102.00 -102.19 -102.34 -102.53 -102.69 -102.88 -103.06 -103.25 -103.44 -103.62 -103.81 -104.03 -104.22 -104.44 -104.66 -104.88 -105.06 -105.28 -105.50 -105.69 -105.91 -106.12 -106.31 -106.50 -106.69 -106.88 -107.06 -107.22 -107.38 -107.53 -107.69 -107.84 -107.97 -108.12 -108.25 -108.38 -108.50 -108.62 -108.75 -108.88 -109.00 -109.09 -109.22 -109.34 -109.47 -109.59 -109.69 -109.81
-99.53 -99.66 -99.78 -99.88 -100.00 -100.12 -100.22 -100.34 -100.47 -100.59 -100.72 -100.84 -101.00 -101.12 -101.28 -101.44 -101.56 -101.75 -101.91 -102.06 -102.25 -102.41 -102.59 -102.78 -102.94 -103.12 -103.31 -103.53 -103.72 -103.94 -104.12 -104.34 -104.56 -104.75 -104.97 -105.16 -105.38 -105.59 -105.78 -105.97 -106.19 -106.38 -106.59 -106.78 -106.94 -107.12 -107.31 -107.47 -107.62 -107.78 -107.94 -108.06 -108.19 -108.34 -108.47 -108.59 -108.72 -108.84 -108.94 -109.06 -109.16 -109.28 -109.41 -109.53 -109.62 -109.75 -109.88
-99.53 -99.66 -99.75 -99.88 -100.00 -100.09 -100.22 -100.34 -100.47 -100.59 -100.72 -100.84 -101.00 -101.12 -101.28 -101.44 -101.59 -101.78 -101.94 -102.12 -102.28 -102.47 -102.66 -102.84 -103.03 -103.22 -103.41 -103.62 -103.81 -104.03 -104.22 -104.44 -104.66 -104.84 -105.06 -105.25 -105.47 -105.66 -105.88 -106.06 -106.25 -106.47 -106.66 -106.84 -107.03 -107.19 -107.38 -107.53 -107.69 -107.84 -108.00 -108.16 -108.28 -108.41 -108.53 -108.66 -108.78 -108.91 -109.00 -109.12 -109.22 -109.34 -109.47 -109.56 -109.69 -109.81 -109.91
-99.53 -99.66 -99.78 -99.88 -100.00 -100.09 -100.22 -100.34 -100.44 -100.56 -100.72 -100.84 -101.00 -101.12 -101.31 -101.47 -101.62 -101.81 -101.97 -102.16 -102.34 -102.50 -102.72 -102.91 -103.09 -103.28 -103.50 -103.69 -103.91 -104.09 -104.31 -104.53 -104.72 -104.94 -105.16 -105.34 -105.56 -105.75 -105.94 -106.16 -106.34 -106.53 -106.72 -106.91 -107.09 -107.25 -107.44 -107.59 -107.78 -107.94 -108.09 -108.22 -108.38 -108.50 -108.62 -108.75 -108.84 -108.97 -109.06 -109.19 -109.28 -109.41 -109.50 -109.62 -109.75 -109.84 -109.97
-99.53 -99.66 -99.78 -99.91 -100.00 -100.12 -100.22 -100.34 -100.44 -100.56 -100.72 -100.84 -101.00 -101.16 -101.31 -101.47 -101.66 -101.81 -102.00 -102.19 -102.38 -102.56 -102.75 -102.94 -103.16 -103.34 -103.56 -103.75 -103.97 -104.19 -104.38 -104.59 -104.81 -105.00 -105.22 -105.41 -105.62 -105.81 -106.03 -106.22 -106.41 -106.59 -106.78 -106.97 -107.16 -107.31 -107.50 -107.66 -107.81 -108.00 -108.16 -108.28 -108.44 -108.56 -108.69 -108.81 -108.91 -109.03 -109.12 -109.25 -109.34 -109.44 -109.56 -109.69 -109.78 -109.91 -110.00
-99.53 -99.69 -99.81 -99.91 -100.03 -100.12 -100.22 -100.34 -100.47 -100.56 -100.72 -100.84 -101.00 -101.16 -101.31 -101.47 -101.66 -101.81 -102.00 -102.19 -102.38 -102.56 -102.78 -102.97 -103.19 -103.38 -103.59 -103.81 -104.03 -104.22 -104.44 -104.66 -104.88 -105.06 -105.28 -105.50 -105.69 -105.91 -106.09 -106.28 -106.47 -106.66 -106.84 -107.03 -107.22 -107.38 -107.56 -107.72 -107.88 -108.03 -108.19 -108.34 -108.50 -108.62 -108.75 -108.84 -108.97 -109.09 -109.19 -109.28 -109.41 -109.50 -109.59 -109.72 -109.81 -109.94 -110.03
-99.56 -99.69 -99.81 -99.94 -100.06 -100.16 -100.25 -100.38 -100.47 -100.59 -100.72 -100.84 -101.00 -101.16 -101.31 -101.47 -101.66 -101.81 -102.00 -102.19 -102.38 -102.59 -102.78 -103.00 -103.19 -103.41 -103.62 -103.84 -104.06 -104.28 -104.50 -104.72 -104.91 -105.12 -105.34 -105.56 -105.75 -105.97 -106.16 -106.34 -106.53 -106.72 -106.91 -107.09 -107.28 -107.44 -107.59 -107.78 -107.94 -108.09 -108.25 -108.41 -108.53 -108.69 -108.78 -108.91 -109.03 -109.12 -109.25 -109.34 -109.44 -109.56 -109.66 -109.75 -109.84 -109.97 -110.06
-99.56 -99.69 -99.84 -99.97 -100.09 -100.19 -100.28 -100.41 -100.50 -100.62 -100.75 -100.88 -101.03 -101.16 -101.31 -101.50 -101.66 -101.84 -102.03 -102.22 -102.41 -102.59 -102.78 -103.00 -103.22 -103.44 -103.66 -103.88 -104.09 -104.31 -104.53 -104.75 -104.97 -105.19 -105.41 -105.62 -105.81 -106.03 -106.22 -106.41 -106.59 -106.78 -106.97 -107.16 -107.31 -107.50 -107.66 -107.84 -108.00 -108.16 -108.31 -108.44 -108.59 -108.72 -108.84 -108.94 -109.06 -109.19 -109.28 -109.38 -109.50 -109.59 -109.69 -109.78 -109.91 -110.00 -110.09
-99.53 -99.72 -99.84 -100.00 -100.09 -100.22 -100.31 -100.44 -100.53 -100.66 -100.78 -100.91 -101.03 -101.19 -101.34 -101.53 -101.69 -101.88 -102.06 -102.25 -102.44 -102.62 -102.81 -103.03 -103.25 -103.47 -103.69 -103.94 -104.16 -104.38 -104.59 -104.81 -105.03 -105.25 -105.47 -105.66 -105.88 -106.06 -106.28 -106.47 -106.66 -106.84 -107.03 -107.19 -107.38 -107.53 -107.72 -107.88 -108.03 -108.19 -108.34 -108.50 -108.62 -108.75 -108.88 -109.00 -109.09 -109.22 -109.31 -109.41 -109.53 -109.62 -109.72 -109.81 -109.94 -110.03 -110.12
-99.53 -99.72 -99.88 -100.00 -100.12 -100.25 -100.34 -100.47 -100.56 -100.69 -100.81 -100.94 -101.09 -101.25 -101.41 -101.56 -101.75 -101.94 -102.09 -102.28 -102.47 -102.69 -102.88 -103.09 -103.31 -103.53 -103.75 -103.97 -104.19 -104.44 -104.66 -104.88 -105.09 -105.31 -105.50 -105.72 -105.94 -106.12 -106.31 -106.50 -106.69 -106.88 -107.06 -107.22 -107.41 -107.56 -107.75 -107.91 -108.06 -108.22 -108.38 -108.50 -108.66 -108.78 -108.91 -109.00 -109.12 -109.22 -109.34 -109.44 -109.56 -109.66 -109.75 -109.84 -109.94 -110.03 -110.16
-99.50 -99.69 -99.88 -100.03 -100.16 -100.28 -100.38 -100.50 -100.62 -100.75 -100.88 -101.00 -101.16 -101.31 -101.47 -101.62 -101.81 -102.00 -102.19 -102.38 -102.56 -102.75 -102.94 -103.16 -103.34 -103.56 -103.78 -104.03 -104.25 -104.47 -104.69 -104.91 -105.12 -105.34 -105.56 -105.78 -105.97 -106.16 -106.34 -106.53 -106.72 -106.91 -107.09 -107.25 -107.44 -107.59 -107.75 -107.94 -108.09 -108.22 -108.38 -108.53 -108.66 -108.78 -108.91 -109.03 -109.12 -109.25 -109.34 -109.44 -109.56 -109.66 -109.75 -109.88 -109.97 -110.06 -110.16
-99.47 -99.69 -99.84 -100.03 -100.16 -100.28 -100.41 -100.53 -100.66 -100.78 -100.91 -101.06 -101.22 -101.38 -101.53 -101.69 -101.88 -102.06 -102.25 -102.44 -102.62 -102.81 -103.03 -103.22 -103.44 -103.62 -103.84 -104.06 -104.31 -104.53 -104.75 -104.97 -105.19 -105.41 -105.59 -105.81 -106.00 -106.19 -106.38 -106.56 -106.75 -106.91 -107.09 -107.25 -107.44 -107.59 -107.75 -107.91 -108.06 -108.22 -108.38 -108.50 -108.62 -108.75 -108.88 -109.00 -109.12 -109.22 -109.34 -109.44 -109.56 -109.66 -109.75 -109.84 -109.97 -110.06 -110.16
-99.44 -99.66 -99.84 -100.00 -100.16 -100.31 -100.44 -100.56 -100.69 -100.81 -100.97 -101.12 -101.28 -101.44 -101.59 -101.78 -101.94 -102.12 -102.31 -102.50 -102.69 -102.91 -103.09 -103.31 -103.50 -103.72 -103.91 -104.12 -104.34 -104.56 -104.78 -105.00 -105.22 -105.44 -105.62 -105.81 -106.03 -106.22 -106.41 -106.56 -106.75 -106.91 -107.09 -107.25 -107.41 -107.59 -107.75 -107.91 -108.06 -108.19 -108.34 -108.47 -108.59 -108.72 -108.84 -108.97 -109.09 -109.22 -109.31 -109.44 -109.53 -109.62 -109.75 -109.84 -109.94 -110.03 -110.12
-99.41 -99.59 -99.78 -99.97 -100.12 -100.28 -100.44 -100.56 -100.72 -100.88 -101.00 -101.16 -101.31 -101.47 -101.66 -101.84 -102.00 -102.19 -102.38 -102.56 -102.78 -102.97 -103.16 -103.38 -103.56 -103.78 -104.00 -104.19 -104.41 -104.62 -104.84 -105.03 -105.25 -105.44 -105.66 -105.84 -106.03 -106.22 -106.38 -106.56 -106.72 -106.91 -107.06 -107.25 -107.41 -107.56 -107.72 -107.88 -108.03 -108.16 -108.31 -108.44 -108.56 -108.69 -108.81 -108.94 -109.06 -109.16 -109.28 -109.38 -109.50 -109.59 -109.69 -109.81 -109.91 -110.00 -110.09
-99.31 -99.53 -99.72 -99.91 -100.09 -100.25 -100.41 -100.56 -100.72 -100.88 -101.03 -101.19 -101.34 -101.53 -101.69 -101.88 -102.06 -102.25 -102.44 -102.62 -102.81 -103.03 -103.22 -103.44 -103.62 -103.84 -104.03 -104.25 -104.47 -104.66 -104.88 -105.06 -105.28 -105.47 -105.66 -105.84 -106.03 -106.22 -106.38 -106.56 -106.72 -106.88 -107.06 -107.22 -107.38 -107.53 -107.69 -107.81 -107.97 -108.12 -108.25 -108.38 -108.50 -108.62 -108.75 -108.88 -109.00 -109.12 -109.22 -109.34 -109.44 -109.53 -109.66 -109.75 -109.88 -109.97 -110.06
