everonasctiles/Tile[4,44].asc
ncols 128
nrows 128
xllcorner 0
yllcorner 0
cellsize 2.0
NODATA_value  -9999
[rows 68 to 101 of 128, columns 0 to 76 of 128]
38.62 39.12 39.75 40.25 40.66 41.00 41.28 41.53 41.75 41.78 41.72 41.59 41.44 41.31 41.22 41.12 41.12 41.12 41.09 41.00 40.88 40.72 40.56 40.47 40.41 40.41 40.38 40.28 40.16 40.00 39.84 39.69 39.56 39.47 39.44 39.44 39.41 39.38 39.31 39.22 39.16 39.03 38.91 38.72 38.56 38.34 38.12 37.91 37.72 37.53 37.41 37.28 37.12 37.00 36.81 36.59 36.38 36.12 35.88 35.56 35.28 34.94 34.62 34.28 33.91 33.56 33.22 32.88 32.53 32.19 31.88 31.56 31.25 30.97 30.69 30.44 30.22
39.03 39.41 39.81 40.25 40.69 41.00 41.22 41.38 41.44 41.41 41.25 41.03 40.78 40.56 40.41 40.34 40.34 40.34 40.34 40.28 40.16 40.00 39.91 39.84 39.84 39.84 39.88 39.81 39.69 39.53 39.38 39.22 39.12 39.06 39.06 39.06 39.03 39.00 38.94 38.88 38.78 38.66 38.50 38.34 38.16 37.97 37.78 37.59 37.44 37.31 37.19 37.06 36.94 36.78 36.59 36.38 36.16 35.88 35.59 35.28 34.97 34.62 34.28 33.94 33.59 33.25 32.91 32.56 32.22 31.88 31.53 31.22 30.91 30.62 30.34 30.06 29.81
39.50 39.66 39.81 40.12 40.47 40.69 40.78 40.84 40.81 40.66 40.41 40.06 39.78 39.53 39.41 39.41 39.47 39.53 39.56 39.53 39.47 39.38 39.34 39.31 39.31 39.34 39.31 39.22 39.12 39.00 38.88 38.78 38.72 38.69 38.69 38.69 38.66 38.62 38.56 38.50 38.38 38.25 38.09 37.97 37.81 37.62 37.47 37.31 37.22 37.09 37.00 36.88 36.72 36.56 36.38 36.12 35.88 35.62 35.31 35.00 34.66 34.31 33.97 33.62 33.28 32.94 32.56 32.22 31.88 31.53 31.22 30.88 30.56 30.28 29.97 29.72 29.44
39.81 39.69 39.62 39.78 39.97 40.09 40.06 39.94 39.78 39.59 39.31 38.91 38.53 38.31 38.28 38.38 38.53 38.66 38.75 38.78 38.84 38.84 38.81 38.81 38.81 38.78 38.72 38.66 38.56 38.47 38.41 38.34 38.31 38.34 38.34 38.34 38.31 38.28 38.22 38.12 38.00 37.88 37.72 37.59 37.47 37.31 37.19 37.09 37.00 36.88 36.78 36.66 36.50 36.34 36.12 35.88 35.62 35.34 35.03 34.69 34.38 34.03 33.66 33.31 32.97 32.62 32.25 31.91 31.56 31.22 30.88 30.56 30.22 29.94 29.62 29.34 29.06
39.72 39.41 39.12 39.22 39.22 39.16 39.06 38.84 38.59 38.38 38.19 37.94 36.66 36.94 37.12 37.38 37.62 37.81 37.94 38.06 38.19 38.25 38.25 38.28 38.25 38.22 38.19 38.12 38.06 38.00 37.97 37.97 37.97 38.00 38.00 38.00 37.97 37.91 37.84 37.75 37.62 37.50 37.38 37.28 37.16 37.06 36.97 36.88 36.78 36.69 36.56 36.44 36.28 36.09 35.88 35.62 35.34 35.03 34.72 34.41 34.06 33.72 33.34 33.00 32.66 32.31 31.94 31.59 31.25 30.91 30.56 30.22 29.91 29.56 29.28 28.97 28.69
39.25 38.88 38.62 38.47 38.38 38.12 37.94 37.69 37.41 37.16 36.91 36.72 36.03 36.06 36.28 36.53 36.81 37.03 37.22 37.41 37.56 37.62 37.66 37.69 37.72 37.75 37.75 37.69 37.66 37.59 37.59 37.62 37.66 37.66 37.69 37.66 37.62 37.56 37.50 37.41 37.28 37.19 37.06 36.97 36.88 36.81 36.75 36.66 36.59 36.47 36.34 36.22 36.03 35.84 35.59 35.34 35.06 34.75 34.44 34.09 33.75 33.41 33.06 32.69 32.34 32.00 31.62 31.28 30.94 30.59 30.25 29.91 29.56 29.25 28.94 28.62 28.31
38.50 38.06 37.66 37.50 37.19 37.03 36.84 36.56 36.28 36.00 35.78 35.56 35.41 35.41 35.56 35.78 36.09 36.38 36.59 36.78 36.94 37.03 37.12 37.22 37.25 37.28 37.31 37.28 37.28 37.31 37.34 37.34 37.38 37.41 37.41 37.38 37.34 37.28 37.19 37.09 37.00 36.91 36.81 36.75 36.69 36.62 36.53 36.47 36.38 36.25 36.12 35.97 35.78 35.56 35.31 35.06 34.75 34.44 34.12 33.78 33.44 33.09 32.75 32.38 32.03 31.69 31.31 30.97 30.62 30.28 29.94 29.56 29.25 28.91 28.59 28.28 27.97
37.72 37.12 36.88 36.34 36.16 36.00 35.75 35.53 35.31 35.12 35.00 34.91 34.84 34.88 35.03 35.19 35.47 35.78 36.00 36.22 36.38 36.53 36.66 36.75 36.84 36.88 36.94 36.97 37.00 37.06 37.09 37.12 37.16 37.16 37.12 37.12 37.09 37.03 36.94 36.81 36.75 36.66 36.59 36.53 36.47 36.41 36.34 36.25 36.16 36.03 35.88 35.72 35.53 35.28 35.03 34.75 34.47 34.16 33.81 33.47 33.12 32.78 32.44 32.09 31.75 31.38 31.03 30.69 30.31 29.97 29.62 29.28 28.94 28.59 28.25 27.94 27.62
36.72 36.12 35.84 35.72 35.31 35.09 34.94 34.75 34.56 34.44 34.41 34.41 34.41 34.47 34.59 34.75 34.97 35.25 35.50 35.69 35.88 36.06 36.22 36.34 36.47 36.56 36.66 36.72 36.81 36.88 36.91 36.94 36.94 36.94 36.94 36.91 36.88 36.81 36.72 36.62 36.56 36.50 36.44 36.34 36.28 36.22 36.12 36.03 35.91 35.78 35.62 35.44 35.22 35.00 34.75 34.47 34.16 33.84 33.50 33.16 32.81 32.47 32.12 31.78 31.44 31.09 30.75 30.38 30.03 29.69 29.31 28.97 28.62 28.28 27.94 27.62 27.31
35.56 35.19 34.94 34.56 34.50 34.41 34.28 34.16 34.09 34.03 34.00 33.97 34.00 34.06 34.16 34.34 34.53 34.78 35.03 35.25 35.47 35.66 35.84 36.03 36.19 36.31 36.44 36.53 36.62 36.72 36.75 36.78 36.78 36.78 36.78 36.75 36.69 36.62 36.53 36.47 36.38 36.31 36.25 36.19 36.09 36.00 35.91 35.78 35.66 35.50 35.34 35.16 34.94 34.69 34.44 34.12 33.84 33.53 33.19 32.84 32.53 32.19 31.84 31.50 31.16 30.81 30.44 30.09 29.75 29.41 29.03 28.69 28.34 28.00 27.66 27.31 27.00
34.44 34.34 34.22 34.03 33.97 33.91 33.88 33.81 33.78 33.75 33.69 33.62 33.62 33.66 33.75 33.91 34.12 34.38 34.66 34.91 35.12 35.38 35.59 35.78 35.97 36.12 36.28 36.41 36.50 36.56 36.62 36.66 36.66 36.66 36.62 36.59 36.53 36.47 36.38 36.31 36.22 36.16 36.09 36.00 35.91 35.78 35.66 35.53 35.41 35.25 35.06 34.84 34.62 34.38 34.09 33.81 33.50 33.19 32.88 32.53 32.22 31.88 31.53 31.22 30.88 30.53 30.19 29.81 29.47 29.12 28.78 28.41 28.06 27.72 27.38 27.03 26.69
33.59 33.69 33.62 33.62 33.59 33.59 33.62 33.59 33.56 33.50 33.44 33.34 33.31 33.34 33.44 33.59 33.81 34.09 34.41 34.66 34.88 35.16 35.38 35.62 35.81 36.00 36.16 36.28 36.38 36.47 36.50 36.53 36.56 36.53 36.50 36.44 36.41 36.31 36.25 36.16 36.09 36.00 35.91 35.81 35.69 35.56 35.44 35.28 35.12 34.94 34.75 34.53 34.31 34.06 33.78 33.50 33.19 32.88 32.56 32.25 31.91 31.59 31.25 30.91 30.59 30.25 29.91 29.56 29.22 28.88 28.50 28.16 27.81 27.47 27.09 26.75 26.44
33.09 33.28 33.31 33.31 33.31 33.38 33.47 33.47 33.38 33.28 33.19 33.09 33.06 33.06 33.16 33.31 33.56 33.88 34.16 34.44 34.72 35.00 35.25 35.50 35.72 35.91 36.09 36.22 36.31 36.41 36.44 36.47 36.44 36.44 36.38 36.31 36.25 36.19 36.09 36.03 35.94 35.84 35.75 35.62 35.50 35.34 35.19 35.03 34.84 34.66 34.44 34.22 33.97 33.72 33.44 33.16 32.84 32.56 32.25 31.94 31.59 31.28 30.97 30.62 30.31 29.97 29.62 29.31 28.97 28.59 28.25 27.91 27.56 27.22 26.84 26.50 26.16
32.69 32.91 33.03 33.03 33.06 33.12 33.28 33.31 33.22 33.06 32.94 32.84 32.81 32.84 32.94 33.12 33.41 33.72 34.03 34.31 34.59 34.91 35.16 35.41 35.66 35.88 36.06 36.19 36.28 36.34 36.38 36.38 36.38 36.34 36.28 36.22 36.16 36.06 35.97 35.88 35.78 35.69 35.56 35.44 35.28 35.12 34.94 34.75 34.56 34.34 34.12 33.88 33.66 33.38 33.09 32.81 32.53 32.22 31.91 31.62 31.31 31.00 30.69 30.38 30.03 29.72 29.38 29.06 28.72 28.38 28.03 27.66 27.31 26.97 26.62 26.28 25.94
32.25 32.50 32.78 32.78 32.78 32.81 32.91 32.97 32.94 32.78 32.62 32.56 32.56 32.66 32.78 33.00 33.28 33.62 33.94 34.22 34.53 34.81 35.12 35.41 35.66 35.88 36.03 36.16 36.25 36.31 36.34 36.34 36.31 36.28 36.22 36.12 36.03 35.94 35.84 35.75 35.62 35.50 35.38 35.22 35.03 34.88 34.69 34.47 34.25 34.03 33.81 33.56 33.31 33.03 32.75 32.47 32.19 31.91 31.59 31.31 31.00 30.69 30.41 30.09 29.78 29.47 29.12 28.81 28.47 28.12 27.78 27.44 27.09 26.75 26.41 26.03 25.69
31.78 32.00 32.25 32.47 32.47 32.47 32.50 32.53 32.47 32.38 32.28 32.28 32.34 32.50 32.69 32.94 33.22 33.59 33.91 34.19 34.47 34.81 35.12 35.41 35.66 35.88 36.03 36.16 36.25 36.31 36.31 36.31 36.28 36.22 36.12 36.03 35.94 35.84 35.72 35.59 35.47 35.31 35.16 34.97 34.81 34.59 34.41 34.19 33.97 33.72 33.47 33.22 32.97 32.69 32.41 32.12 31.84 31.56 31.28 31.00 30.72 30.41 30.12 29.81 29.50 29.19 28.88 28.56 28.25 27.91 27.56 27.22 26.88 26.53 26.19 25.84 25.50
31.22 31.47 31.72 32.16 32.12 32.12 32.12 32.09 32.06 32.00 31.97 32.03 32.19 32.38 32.62 32.91 33.19 33.56 33.88 34.16 34.47 34.81 35.16 35.44 35.69 35.91 36.06 36.19 36.28 36.31 36.31 36.31 36.25 36.19 36.09 35.97 35.84 35.72 35.59 35.44 35.28 35.09 34.94 34.75 34.53 34.34 34.12 33.91 33.66 33.41 33.16 32.91 32.62 32.34 32.09 31.81 31.53 31.25 30.97 30.69 30.41 30.12 29.84 29.56 29.25 28.94 28.66 28.34 28.00 27.69 27.34 27.00 26.69 26.31 25.97 25.62 25.28
30.66 30.91 31.19 31.53 31.72 31.75 31.75 31.75 31.75 31.75 31.78 31.88 32.06 32.31 32.59 32.91 33.22 33.59 33.91 34.19 34.47 34.84 35.19 35.50 35.75 35.97 36.12 36.25 36.31 36.34 36.34 36.31 36.25 36.12 36.03 35.91 35.75 35.62 35.44 35.28 35.06 34.88 34.69 34.47 34.28 34.06 33.84 33.59 33.34 33.09 32.84 32.56 32.28 32.03 31.75 31.47 31.19 30.94 30.66 30.41 30.12 29.84 29.56 29.28 29.00 28.72 28.41 28.09 27.78 27.47 27.16 26.81 26.47 26.12 25.78 25.44 25.09
30.12 30.38 30.62 30.91 31.19 31.34 31.41 31.47 31.50 31.56 31.69 31.81 32.03 32.31 32.62 32.94 33.25 33.62 33.94 34.25 34.53 34.91 35.25 35.56 35.84 36.03 36.19 36.28 36.34 36.38 36.34 36.31 36.22 36.09 35.97 35.84 35.69 35.50 35.28 35.06 34.84 34.62 34.41 34.22 34.00 33.78 33.56 33.31 33.06 32.78 32.53 32.25 31.97 31.69 31.41 31.12 30.88 30.62 30.34 30.09 29.84 29.56 29.31 29.03 28.75 28.47 28.19 27.88 27.56 27.25 26.94 26.62 26.28 25.94 25.59 25.25 24.91
29.56 29.88 30.12 30.41 30.62 30.84 31.03 31.19 31.31 31.47 31.62 31.81 32.00 32.31 32.62 32.97 33.31 33.69 34.03 34.31 34.62 35.00 35.34 35.66 35.94 36.12 36.28 36.38 36.41 36.41 36.38 36.31 36.19 36.06 35.91 35.75 35.56 35.34 35.09 34.84 34.59 34.34 34.16 33.94 33.72 33.50 33.28 33.03 32.75 32.50 32.22 31.94 31.66 31.38 31.09 30.81 30.56 30.28 30.03 29.78 29.53 29.28 29.03 28.78 28.50 28.22 27.94 27.66 27.38 27.06 26.75 26.44 26.09 25.75 25.41 25.06 24.72
29.03 29.34 29.66 29.94 30.19 30.44 30.62 30.91 31.16 31.38 31.62 31.84 32.06 32.31 32.66 33.03 33.38 33.75 34.12 34.44 34.75 35.16 35.50 35.81 36.06 36.25 36.38 36.44 36.47 36.44 36.38 36.25 36.12 35.97 35.78 35.59 35.38 35.12 34.84 34.56 34.31 34.09 33.88 33.69 33.47 33.25 33.00 32.75 32.47 32.19 31.91 31.62 31.34 31.03 30.78 30.50 30.25 30.00 29.75 29.50 29.25 29.03 28.78 28.53 28.25 28.00 27.72 27.44 27.16 26.88 26.56 26.25 25.91 25.56 25.25 24.91 24.53
28.44 28.78 29.19 29.53 29.84 30.12 30.38 30.59 31.03 31.34 31.62 31.91 32.16 32.41 32.72 33.06 33.50 33.91 34.28 34.62 34.97 35.34 35.69 35.97 36.19 36.38 36.47 36.50 36.50 36.44 36.31 36.16 35.97 35.78 35.56 35.38 35.12 34.84 34.56 34.28 34.03 33.81 33.62 33.44 33.22 33.00 32.75 32.50 32.22 31.94 31.62 31.34 31.03 30.75 30.47 30.19 29.94 29.69 29.44 29.22 28.97 28.75 28.50 28.28 28.03 27.78 27.50 27.25 26.97 26.66 26.38 26.06 25.72 25.41 25.06 24.72 24.38
27.94 28.34 28.69 29.16 29.56 29.91 30.22 30.56 31.00 31.34 31.69 32.00 32.31 32.59 32.94 33.31 33.69 34.12 34.47 34.84 35.25 35.59 35.91 36.16 36.38 36.50 36.56 36.56 36.50 36.38 36.22 36.00 35.75 35.53 35.28 35.06 34.81 34.53 34.25 34.00 33.78 33.59 33.41 33.22 33.00 32.78 32.53 32.28 32.00 31.69 31.38 31.06 30.75 30.44 30.16 29.91 29.62 29.38 29.16 28.91 28.69 28.47 28.25 28.03 27.78 27.53 27.28 27.03 26.75 26.47 26.19 25.88 25.56 25.22 24.88 24.56 24.19
27.50 27.91 28.28 28.81 29.31 29.75 30.12 30.53 30.97 31.38 31.78 32.12 32.50 32.84 33.19 33.59 34.00 34.44 34.81 35.22 35.56 35.88 36.16 36.38 36.53 36.66 36.66 36.59 36.47 36.25 36.03 35.75 35.47 35.22 34.94 34.69 34.44 34.19 33.97 33.75 33.56 33.41 33.22 33.03 32.84 32.62 32.34 32.09 31.78 31.47 31.16 30.81 30.50 30.19 29.88 29.59 29.34 29.09 28.84 28.62 28.41 28.19 28.00 27.78 27.53 27.31 27.06 26.81 26.56 26.28 26.00 25.69 25.38 25.06 24.72 24.38 24.03
27.12 27.53 27.97 28.50 29.12 29.62 30.06 30.53 31.00 31.47 31.88 32.28 32.72 33.09 33.50 33.91 34.34 34.75 35.19 35.56 35.88 36.16 36.34 36.50 36.62 36.66 36.62 36.50 36.31 36.09 35.78 35.47 35.16 34.88 34.59 34.34 34.12 33.91 33.72 33.56 33.41 33.25 33.09 32.91 32.69 32.47 32.22 31.91 31.62 31.28 30.94 30.59 30.25 29.94 29.62 29.34 29.06 28.81 28.56 28.34 28.12 27.94 27.72 27.53 27.31 27.09 26.84 26.62 26.34 26.09 25.81 25.50 25.19 24.88 24.53 24.19 23.84
26.75 27.31 27.81 28.34 29.00 29.53 30.03 30.53 31.06 31.56 32.00 32.44 32.91 33.34 33.78 34.25 34.69 35.06 35.50 35.81 36.09 36.31 36.47 36.59 36.62 36.62 36.53 36.38 36.16 35.88 35.56 35.22 34.91 34.59 34.28 34.06 33.84 33.69 33.56 33.41 33.28 33.16 32.97 32.81 32.59 32.34 32.09 31.78 31.47 31.12 30.78 30.41 30.06 29.72 29.38 29.09 28.81 28.53 28.31 28.06 27.88 27.66 27.47 27.28 27.06 26.88 26.62 26.41 26.16 25.91 25.62 25.34 25.03 24.72 24.38 24.03 23.66
26.56 27.16 27.72 28.25 28.91 29.50 30.03 30.56 31.12 31.69 32.16 32.62 33.09 33.56 34.06 34.53 35.00 35.31 35.72 36.00 36.22 36.44 36.53 36.59 36.62 36.59 36.47 36.28 36.03 35.72 35.38 35.03 34.69 34.38 34.09 33.88 33.69 33.56 33.44 33.34 33.22 33.06 32.91 32.72 32.50 32.25 31.97 31.69 31.34 31.00 30.62 30.25 29.91 29.53 29.19 28.84 28.56 28.28 28.03 27.81 27.59 27.41 27.22 27.03 26.84 26.62 26.44 26.19 25.97 25.72 25.44 25.16 24.84 24.53 24.19 23.84 23.50
26.41 27.03 27.62 28.19 28.84 29.50 30.06 30.62 31.22 31.81 32.34 32.81 33.28 33.78 34.28 34.75 35.19 35.47 35.84 36.06 36.28 36.44 36.53 36.56 36.56 36.50 36.38 36.16 35.91 35.56 35.22 34.88 34.53 34.22 33.97 33.75 33.59 33.50 33.38 33.28 33.16 33.03 32.88 32.66 32.44 32.19 31.91 31.59 31.25 30.88 30.50 30.12 29.75 29.38 29.00 28.66 28.31 28.03 27.78 27.56 27.34 27.16 26.97 26.78 26.59 26.41 26.22 26.00 25.78 25.53 25.25 24.97 24.69 24.34 24.00 23.66 23.31
26.31 26.94 27.56 28.19 28.78 29.47 30.09 30.69 31.28 31.91 32.50 33.03 33.50 33.94 34.44 34.88 35.25 35.47 35.81 36.03 36.19 36.34 36.44 36.47 36.47 36.41 36.25 36.06 35.75 35.44 35.09 34.72 34.41 34.12 33.88 33.72 33.56 33.47 33.38 33.25 33.16 33.00 32.84 32.62 32.41 32.12 31.81 31.50 31.16 30.78 30.41 30.03 29.62 29.22 28.84 28.47 28.12 27.81 27.56 27.31 27.09 26.91 26.72 26.53 26.38 26.19 26.00 25.78 25.56 25.34 25.06 24.78 24.50 24.16 23.84 23.47 23.09
26.25 26.84 27.53 28.16 28.78 29.50 30.16 30.75 31.34 31.97 32.59 33.22 33.66 34.06 34.47 34.84 35.19 35.38 35.66 35.84 36.00 36.12 36.22 36.28 36.31 36.25 36.12 35.88 35.59 35.28 34.94 34.62 34.31 34.03 33.84 33.69 33.56 33.47 33.38 33.25 33.12 32.97 32.81 32.59 32.34 32.06 31.75 31.44 31.06 30.72 30.31 29.94 29.53 29.12 28.72 28.34 27.97 27.62 27.34 27.09 26.88 26.66 26.50 26.31 26.12 25.97 25.78 25.59 25.38 25.16 24.91 24.62 24.31 23.97 23.62 23.28 22.84
26.22 26.81 27.50 28.12 28.75 29.47 30.16 30.81 31.44 32.06 32.66 33.22 33.62 34.03 34.41 34.72 35.00 35.19 35.41 35.59 35.72 35.88 35.97 36.03 36.09 36.06 35.91 35.69 35.41 35.09 34.78 34.47 34.19 33.97 33.78 33.66 33.56 33.47 33.34 33.25 33.12 32.97 32.78 32.56 32.31 32.00 31.69 31.38 31.00 30.62 30.25 29.84 29.44 29.03 28.62 28.22 27.84 27.47 27.16 26.91 26.66 26.47 26.28 26.09 25.94 25.75 25.59 25.41 25.19 24.97 24.72 24.44 24.12 23.78 23.44 23.06 22.62
26.19 26.81 27.47 28.09 28.75 29.41 30.19 30.88 31.50 32.12 32.69 33.12 33.53 33.91 34.22 34.50 34.72 34.91 35.12 35.28 35.44 35.56 35.66 35.72 35.78 35.75 35.62 35.41 35.16 34.91 34.62 34.34 34.09 33.91 33.75 33.62 33.53 33.44 33.34 33.22 33.09 32.94 32.72 32.50 32.25 31.97 31.66 31.31 30.94 30.56 30.16 29.75 29.34 28.94 28.53 28.12 27.72 27.34 27.00 26.72 26.47 26.28 26.09 25.91 25.75 25.59 25.41 25.22 25.00 24.78 24.53 24.25 23.94 23.59 23.22 22.84 22.41
26.19 26.78 27.41 28.06 28.69 29.34 30.06 30.72 31.38 31.97 32.50 32.94 33.34 33.66 33.97 34.22 34.41 34.59 34.78 34.94 35.06 35.19 35.28 35.34 35.38 35.34 35.25 35.09 34.91 34.69 34.44 34.19 34.00 33.81 33.69 33.59 33.50 33.41 33.31 33.19 33.06 32.88 32.69 32.44 32.19 31.88 31.56 31.22 30.88 30.47 30.09 29.69 29.28 28.88 28.44 28.03 27.62 27.25 26.88 26.59 26.31 26.12 25.91 25.75 25.59 25.41 25.25 25.06 24.84 24.62 24.34 24.06 23.75 23.38 23.00 22.59 22.16
26.16 26.75 27.34 27.97 28.59 29.22 29.84 30.47 31.06 31.62 32.16 32.66 33.00 33.34 33.62 33.84 34.03 34.25 34.41 34.56 34.66 34.75 34.84 34.91 34.94 34.94 34.91 34.78 34.62 34.44 34.25 34.03 33.88 33.75 33.62 33.56 33.47 33.38 33.25 33.12 33.00 32.81 32.59 32.38 32.09 31.81 31.50 31.16 30.78 30.41 30.00 29.59 29.19 28.78 28.38 27.97 27.56 27.16 26.78 26.47 26.19 25.97 25.78 25.59 25.44 25.25 25.09 24.91 24.69 24.44 24.19 23.88 23.53 23.19 22.78 22.34 21.88
