everonasctiles/Tile[4,40].asc
ncols 128
nrows 128
xllcorner 0
yllcorner 0
cellsize 2.0
NODATA_value  -9999
[rows 62 to 92 of 128, columns 0 to 68 of 128]
-99.16 -99.22 -99.19 -99.12 -99.03 -98.91 -98.72 -98.34 -97.84 -97.91 -98.59 -99.09 -99.31 -99.50 -99.69 -99.91 -99.97 -99.88 -99.78 -99.75 -99.75 -99.66 -99.22 -99.09 -99.34 -99.84 -100.22 -100.44 -100.56 -100.66 -100.69 -100.69 -100.62 -100.47 -100.25 -100.00 -99.78 -99.56 -99.31 -99.00 -98.69 -98.34 -97.97 -97.47 -96.69 -96.16 -96.28 -96.44 -96.53 -96.59 -96.62 -96.59 -96.50 -96.38 -96.19 -95.97 -95.72 -95.44 -95.22 -95.03 -94.88 -94.72 -94.56 -94.34 -94.12 -93.88 -93.62 -93.38 -93.09
-99.44 -99.56 -99.62 -99.59 -99.53 -99.44 -99.31 -98.97 -98.47 -98.50 -99.19 -99.72 -100.00 -100.22 -100.44 -100.62 -100.69 -100.59 -100.50 -100.41 -100.34 -100.25 -100.06 -100.09 -100.38 -100.62 -100.81 -100.91 -101.00 -101.03 -101.06 -101.03 -100.94 -100.72 -100.44 -100.22 -100.06 -99.88 -99.62 -99.34 -99.03 -98.69 -98.31 -97.75 -96.91 -96.44 -96.69 -96.84 -96.94 -97.00 -97.00 -96.94 -96.81 -96.66 -96.47 -96.25 -96.03 -95.78 -95.56 -95.38 -95.19 -95.00 -94.78 -94.56 -94.31 -94.06 -93.84 -93.62 -93.34
-99.81 -99.97 -100.09 -100.12 -100.12 -100.06 -99.94 -99.69 -99.19 -99.19 -99.75 -100.34 -100.66 -100.91 -101.12 -101.31 -101.38 -101.28 -101.16 -101.03 -100.94 -100.88 -100.84 -100.97 -101.16 -101.25 -101.31 -101.38 -101.41 -101.41 -101.41 -101.34 -101.16 -100.91 -100.62 -100.44 -100.38 -100.22 -100.00 -99.72 -99.44 -99.06 -98.62 -97.97 -97.12 -96.78 -97.06 -97.25 -97.34 -97.38 -97.34 -97.25 -97.09 -96.94 -96.75 -96.56 -96.34 -96.09 -95.88 -95.66 -95.44 -95.22 -94.94 -94.69 -94.44 -94.25 -94.09 -94.00 -93.75
-100.31 -100.50 -100.62 -100.72 -100.75 -100.69 -100.59 -100.41 -100.00 -99.94 -100.34 -100.91 -101.22 -101.53 -101.78 -101.94 -102.00 -101.91 -101.75 -101.62 -101.53 -101.47 -101.44 -101.56 -101.69 -101.75 -101.78 -101.78 -101.78 -101.75 -101.72 -101.62 -101.38 -101.06 -100.78 -100.72 -100.69 -100.56 -100.34 -100.09 -99.78 -99.38 -98.94 -98.22 -97.44 -97.22 -97.47 -97.62 -97.72 -97.72 -97.66 -97.56 -97.41 -97.25 -97.06 -96.88 -96.66 -96.41 -96.16 -95.91 -95.62 -95.34 -95.06 -94.81 -94.56 -94.47 -94.50 -94.53 -94.47
-100.97 -101.12 -101.25 -101.34 -101.38 -101.31 -101.25 -101.16 -100.91 -100.81 -101.03 -101.44 -101.75 -102.06 -102.34 -102.53 -102.56 -102.47 -102.31 -102.19 -102.09 -102.03 -102.00 -102.06 -102.16 -102.19 -102.22 -102.19 -102.12 -102.09 -102.00 -101.84 -101.59 -101.25 -101.03 -101.06 -101.03 -100.91 -100.72 -100.44 -100.06 -99.66 -99.22 -98.50 -97.84 -97.72 -97.91 -98.03 -98.06 -98.06 -98.00 -97.88 -97.72 -97.56 -97.38 -97.19 -96.94 -96.66 -96.34 -96.03 -95.72 -95.44 -95.12 -94.78 -94.69 -94.84 -94.97 -95.12 -95.19
-101.72 -101.84 -101.94 -102.00 -102.00 -101.94 -101.91 -101.88 -101.81 -101.75 -101.75 -101.94 -102.22 -102.53 -102.81 -103.03 -103.06 -102.97 -102.81 -102.72 -102.62 -102.53 -102.50 -102.53 -102.59 -102.62 -102.59 -102.53 -102.44 -102.38 -102.28 -102.09 -101.88 -101.56 -101.41 -101.41 -101.38 -101.25 -101.03 -100.69 -100.28 -99.88 -99.44 -98.78 -98.22 -98.19 -98.34 -98.41 -98.44 -98.41 -98.34 -98.22 -98.06 -97.88 -97.69 -97.44 -97.16 -96.84 -96.50 -96.16 -95.81 -95.44 -95.03 -94.66 -94.97 -95.31 -95.53 -95.69 -95.84
-102.50 -102.62 -102.69 -102.69 -102.66 -102.56 -102.50 -102.50 -102.56 -102.59 -102.47 -102.44 -102.66 -102.94 -103.22 -103.44 -103.50 -103.44 -103.31 -103.19 -103.09 -103.03 -102.97 -103.00 -103.03 -103.03 -102.94 -102.84 -102.72 -102.66 -102.53 -102.38 -102.16 -101.97 -101.81 -101.78 -101.69 -101.50 -101.25 -100.88 -100.44 -100.03 -99.56 -98.97 -98.56 -98.62 -98.75 -98.78 -98.81 -98.78 -98.69 -98.56 -98.41 -98.19 -97.97 -97.69 -97.38 -97.03 -96.66 -96.28 -95.84 -95.31 -94.75 -94.72 -95.34 -95.84 -96.09 -96.28 -96.47
-103.31 -103.41 -103.41 -103.38 -103.25 -103.12 -103.09 -103.12 -103.19 -103.22 -103.09 -102.94 -103.03 -103.31 -103.59 -103.81 -103.88 -103.84 -103.75 -103.66 -103.53 -103.47 -103.41 -103.41 -103.41 -103.34 -103.25 -103.12 -103.00 -102.91 -102.78 -102.66 -102.47 -102.31 -102.19 -102.06 -101.94 -101.69 -101.38 -100.97 -100.56 -100.12 -99.69 -99.12 -98.94 -99.06 -99.12 -99.16 -99.19 -99.12 -99.03 -98.91 -98.72 -98.50 -98.25 -97.94 -97.59 -97.22 -96.84 -96.41 -95.84 -95.09 -94.69 -94.97 -95.72 -96.38 -96.69 -96.91 -97.06
-104.12 -104.19 -104.16 -104.00 -103.81 -103.69 -103.66 -103.75 -103.81 -103.84 -103.72 -103.47 -103.44 -103.69 -103.94 -104.12 -104.22 -104.22 -104.12 -104.03 -103.94 -103.84 -103.81 -103.78 -103.72 -103.66 -103.53 -103.38 -103.25 -103.16 -103.03 -102.91 -102.75 -102.59 -102.44 -102.28 -102.09 -101.78 -101.41 -101.00 -100.62 -100.22 -99.69 -99.31 -99.34 -99.44 -99.50 -99.53 -99.56 -99.50 -99.41 -99.25 -99.06 -98.81 -98.50 -98.19 -97.81 -97.41 -97.00 -96.47 -95.72 -95.09 -95.03 -95.47 -96.22 -96.94 -97.22 -97.47 -97.66
-104.91 -104.94 -104.81 -104.56 -104.31 -104.28 -104.28 -104.38 -104.47 -104.50 -104.34 -104.03 -103.84 -104.06 -104.28 -104.44 -104.53 -104.53 -104.47 -104.38 -104.28 -104.22 -104.16 -104.09 -104.03 -103.91 -103.78 -103.66 -103.50 -103.41 -103.28 -103.12 -103.00 -102.81 -102.62 -102.41 -102.09 -101.75 -101.38 -101.00 -100.62 -100.16 -99.72 -99.69 -99.81 -99.84 -99.88 -99.94 -99.94 -99.88 -99.78 -99.59 -99.38 -99.09 -98.78 -98.44 -98.06 -97.62 -97.12 -96.34 -95.66 -95.44 -95.75 -96.25 -96.88 -97.47 -97.75 -98.00 -98.19
-105.69 -105.66 -105.44 -105.06 -104.81 -104.94 -105.00 -105.06 -105.16 -105.16 -104.94 -104.56 -104.28 -104.41 -104.62 -104.75 -104.81 -104.84 -104.78 -104.69 -104.62 -104.56 -104.47 -104.41 -104.28 -104.16 -104.03 -103.88 -103.75 -103.62 -103.47 -103.31 -103.12 -102.91 -102.66 -102.38 -102.03 -101.69 -101.31 -100.91 -100.47 -100.06 -100.06 -100.22 -100.28 -100.25 -100.28 -100.31 -100.34 -100.28 -100.16 -99.94 -99.72 -99.41 -99.09 -98.75 -98.34 -97.84 -97.09 -96.34 -95.88 -96.06 -96.59 -97.16 -97.66 -97.97 -98.25 -98.47 -98.66
-106.44 -106.31 -105.97 -105.50 -105.41 -105.66 -105.75 -105.81 -105.84 -105.81 -105.56 -105.12 -104.75 -104.81 -104.97 -105.06 -105.09 -105.12 -105.06 -105.00 -104.91 -104.84 -104.75 -104.66 -104.53 -104.38 -104.22 -104.06 -103.91 -103.75 -103.59 -103.38 -103.12 -102.88 -102.56 -102.25 -101.91 -101.56 -101.16 -100.66 -100.28 -100.34 -100.62 -100.69 -100.69 -100.66 -100.69 -100.72 -100.75 -100.69 -100.53 -100.31 -100.06 -99.78 -99.47 -99.12 -98.75 -98.12 -97.31 -96.62 -96.38 -96.75 -97.41 -98.00 -98.25 -98.47 -98.69 -98.91 -99.06
-107.12 -106.94 -106.53 -106.03 -106.09 -106.38 -106.50 -106.53 -106.56 -106.44 -106.16 -105.69 -105.31 -105.25 -105.31 -105.34 -105.38 -105.38 -105.31 -105.25 -105.19 -105.09 -104.97 -104.84 -104.72 -104.53 -104.34 -104.19 -104.00 -103.78 -103.56 -103.31 -103.03 -102.72 -102.44 -102.12 -101.78 -101.38 -100.84 -100.44 -100.47 -100.88 -101.06 -101.09 -101.09 -101.09 -101.12 -101.16 -101.16 -101.06 -100.91 -100.69 -100.44 -100.16 -99.88 -99.59 -99.28 -98.59 -97.78 -97.22 -97.09 -97.44 -98.09 -98.53 -98.72 -98.91 -99.09 -99.28 -99.44
-107.75 -107.56 -107.19 -106.72 -106.81 -107.09 -107.22 -107.28 -107.25 -107.06 -106.72 -106.28 -105.91 -105.72 -105.66 -105.66 -105.66 -105.62 -105.56 -105.50 -105.41 -105.28 -105.16 -105.00 -104.81 -104.62 -104.41 -104.19 -103.94 -103.69 -103.44 -103.16 -102.88 -102.56 -102.25 -101.91 -101.53 -101.03 -100.69 -100.62 -100.91 -101.28 -101.44 -101.53 -101.56 -101.53 -101.56 -101.59 -101.56 -101.44 -101.28 -101.03 -100.81 -100.59 -100.34 -100.09 -99.81 -99.19 -98.47 -98.06 -98.03 -98.25 -98.72 -99.00 -99.12 -99.31 -99.47 -99.62 -99.75
-108.38 -108.19 -107.84 -107.47 -107.53 -107.78 -107.91 -107.97 -107.88 -107.62 -107.28 -106.88 -106.47 -106.19 -106.03 -105.94 -105.91 -105.84 -105.78 -105.69 -105.59 -105.44 -105.28 -105.09 -104.88 -104.62 -104.34 -104.09 -103.84 -103.56 -103.28 -102.97 -102.66 -102.25 -101.84 -101.44 -101.06 -100.94 -101.03 -101.16 -101.34 -101.66 -101.81 -101.97 -102.00 -102.00 -102.00 -102.00 -101.94 -101.81 -101.62 -101.44 -101.22 -101.03 -100.81 -100.56 -100.31 -99.84 -99.28 -99.00 -99.00 -99.12 -99.31 -99.44 -99.56 -99.69 -99.84 -99.94 -100.03
-108.94 -108.81 -108.56 -108.25 -108.22 -108.44 -108.56 -108.59 -108.44 -108.16 -107.78 -107.38 -106.97 -106.59 -106.38 -106.22 -106.12 -106.06 -105.97 -105.84 -105.72 -105.53 -105.34 -105.09 -104.84 -104.56 -104.28 -104.00 -103.69 -103.41 -103.06 -102.72 -102.22 -101.72 -101.31 -101.06 -101.16 -101.44 -101.72 -101.84 -101.84 -102.00 -102.19 -102.38 -102.44 -102.47 -102.44 -102.41 -102.31 -102.19 -102.00 -101.81 -101.62 -101.47 -101.28 -101.03 -100.78 -100.44 -100.09 -99.91 -99.88 -99.84 -99.84 -99.88 -99.97 -100.06 -100.16 -100.22 -100.28
-109.50 -109.38 -109.19 -108.91 -108.88 -109.06 -109.19 -109.16 -108.97 -108.62 -108.22 -107.78 -107.34 -106.94 -106.69 -106.50 -106.38 -106.25 -106.12 -105.97 -105.81 -105.59 -105.34 -105.09 -104.81 -104.53 -104.22 -103.91 -103.53 -103.12 -102.69 -102.22 -101.75 -101.41 -101.31 -101.47 -101.78 -102.16 -102.34 -102.38 -102.34 -102.38 -102.56 -102.75 -102.88 -102.91 -102.88 -102.78 -102.69 -102.53 -102.38 -102.19 -102.03 -101.91 -101.69 -101.44 -101.19 -100.94 -100.75 -100.59 -100.44 -100.34 -100.31 -100.31 -100.34 -100.41 -100.44 -100.47 -100.50
-110.00 -109.91 -109.78 -109.56 -109.50 -109.66 -109.72 -109.66 -109.41 -109.03 -108.59 -108.12 -107.69 -107.31 -107.03 -106.81 -106.66 -106.50 -106.31 -106.12 -105.88 -105.62 -105.38 -105.09 -104.78 -104.47 -104.12 -103.72 -103.22 -102.75 -102.31 -102.00 -101.81 -101.81 -101.94 -102.19 -102.50 -102.69 -102.72 -102.78 -102.78 -102.81 -102.94 -103.12 -103.25 -103.31 -103.25 -103.16 -103.03 -102.88 -102.72 -102.56 -102.41 -102.28 -102.06 -101.81 -101.59 -101.38 -101.16 -101.00 -100.84 -100.75 -100.72 -100.72 -100.72 -100.72 -100.72 -100.72 -100.69
-110.47 -110.41 -110.28 -110.16 -110.09 -110.16 -110.19 -110.09 -109.81 -109.41 -108.97 -108.56 -108.19 -107.81 -107.47 -107.19 -106.97 -106.75 -106.53 -106.28 -106.00 -105.72 -105.38 -105.06 -104.72 -104.38 -103.97 -103.56 -103.19 -102.81 -102.59 -102.47 -102.47 -102.56 -102.69 -102.88 -103.00 -103.06 -103.12 -103.19 -103.22 -103.25 -103.38 -103.50 -103.62 -103.66 -103.59 -103.47 -103.34 -103.22 -103.06 -102.91 -102.78 -102.62 -102.41 -102.19 -101.97 -101.75 -101.56 -101.38 -101.25 -101.16 -101.12 -101.09 -101.03 -101.00 -100.97 -100.91 -100.88
-110.91 -110.84 -110.75 -110.62 -110.59 -110.59 -110.59 -110.44 -110.19 -109.81 -109.44 -109.09 -108.72 -108.34 -107.97 -107.62 -107.34 -107.09 -106.81 -106.53 -106.19 -105.81 -105.44 -105.09 -104.75 -104.47 -104.22 -103.94 -103.66 -103.44 -103.31 -103.25 -103.28 -103.34 -103.34 -103.34 -103.38 -103.47 -103.53 -103.59 -103.62 -103.69 -103.78 -103.88 -103.94 -103.97 -103.91 -103.81 -103.66 -103.50 -103.34 -103.22 -103.09 -102.94 -102.75 -102.53 -102.34 -102.12 -101.94 -101.75 -101.62 -101.53 -101.47 -101.41 -101.34 -101.25 -101.19 -101.12 -101.03
-111.28 -111.25 -111.16 -111.09 -111.03 -111.00 -110.94 -110.81 -110.56 -110.25 -109.94 -109.59 -109.22 -108.84 -108.47 -108.12 -107.78 -107.50 -107.19 -106.84 -106.47 -106.09 -105.75 -105.44 -105.22 -105.03 -104.88 -104.69 -104.47 -104.28 -104.16 -104.06 -103.94 -103.84 -103.75 -103.72 -103.78 -103.84 -103.91 -103.97 -104.03 -104.06 -104.12 -104.19 -104.25 -104.25 -104.19 -104.09 -103.94 -103.78 -103.62 -103.50 -103.38 -103.22 -103.03 -102.88 -102.66 -102.47 -102.28 -102.09 -101.94 -101.84 -101.75 -101.69 -101.59 -101.50 -101.41 -101.31 -101.19
-111.66 -111.59 -111.53 -111.47 -111.41 -111.34 -111.28 -111.12 -110.91 -110.66 -110.34 -110.03 -109.69 -109.31 -108.94 -108.59 -108.25 -107.94 -107.62 -107.28 -106.94 -106.59 -106.28 -106.03 -105.88 -105.78 -105.62 -105.41 -105.19 -104.97 -104.75 -104.53 -104.34 -104.22 -104.12 -104.12 -104.16 -104.19 -104.28 -104.34 -104.38 -104.41 -104.47 -104.50 -104.53 -104.50 -104.44 -104.34 -104.19 -104.03 -103.88 -103.75 -103.62 -103.50 -103.31 -103.16 -102.97 -102.75 -102.56 -102.41 -102.25 -102.12 -102.03 -101.94 -101.84 -101.72 -101.59 -101.47 -101.34
-112.00 -111.94 -111.88 -111.81 -111.75 -111.69 -111.59 -111.47 -111.28 -111.03 -110.75 -110.47 -110.12 -109.75 -109.41 -109.03 -108.72 -108.38 -108.06 -107.75 -107.44 -107.16 -106.88 -106.66 -106.47 -106.31 -106.09 -105.88 -105.66 -105.41 -105.16 -104.94 -104.75 -104.62 -104.53 -104.50 -104.50 -104.53 -104.59 -104.66 -104.69 -104.72 -104.75 -104.75 -104.78 -104.75 -104.66 -104.56 -104.41 -104.25 -104.12 -104.00 -103.88 -103.72 -103.56 -103.41 -103.22 -103.00 -102.81 -102.66 -102.50 -102.41 -102.28 -102.16 -102.03 -101.91 -101.75 -101.59 -101.47
-112.28 -112.25 -112.19 -112.12 -112.06 -111.97 -111.91 -111.78 -111.59 -111.38 -111.12 -110.81 -110.50 -110.16 -109.81 -109.47 -109.16 -108.81 -108.47 -108.16 -107.88 -107.62 -107.38 -107.16 -106.97 -106.78 -106.56 -106.34 -106.09 -105.84 -105.59 -105.38 -105.16 -105.00 -104.91 -104.84 -104.84 -104.84 -104.88 -104.91 -104.94 -104.97 -104.97 -105.00 -104.97 -104.94 -104.88 -104.75 -104.62 -104.47 -104.34 -104.22 -104.09 -103.94 -103.78 -103.59 -103.41 -103.22 -103.06 -102.91 -102.75 -102.62 -102.50 -102.34 -102.22 -102.03 -101.88 -101.69 -101.53
-112.56 -112.53 -112.47 -112.41 -112.31 -112.25 -112.16 -112.03 -111.84 -111.66 -111.41 -111.09 -110.78 -110.47 -110.16 -109.84 -109.53 -109.22 -108.88 -108.59 -108.31 -108.06 -107.84 -107.62 -107.44 -107.25 -107.03 -106.81 -106.56 -106.28 -106.00 -105.75 -105.53 -105.34 -105.25 -105.19 -105.16 -105.12 -105.12 -105.16 -105.16 -105.19 -105.19 -105.19 -105.16 -105.09 -105.03 -104.91 -104.78 -104.66 -104.53 -104.41 -104.28 -104.12 -103.97 -103.78 -103.59 -103.41 -103.25 -103.09 -102.94 -102.81 -102.66 -102.50 -102.31 -102.12 -101.94 -101.75 -101.59
-112.84 -112.81 -112.75 -112.66 -112.59 -112.50 -112.41 -112.25 -112.06 -111.84 -111.59 -111.31 -111.03 -110.75 -110.44 -110.16 -109.88 -109.56 -109.28 -109.00 -108.75 -108.50 -108.28 -108.09 -107.91 -107.72 -107.50 -107.22 -106.94 -106.66 -106.38 -106.09 -105.88 -105.69 -105.56 -105.47 -105.41 -105.38 -105.34 -105.34 -105.34 -105.34 -105.34 -105.31 -105.28 -105.22 -105.16 -105.03 -104.94 -104.81 -104.69 -104.56 -104.41 -104.25 -104.09 -103.91 -103.75 -103.56 -103.41 -103.25 -103.09 -102.94 -102.78 -102.59 -102.38 -102.16 -101.97 -101.75 -101.59
-113.06 -113.03 -112.97 -112.88 -112.78 -112.69 -112.56 -112.44 -112.22 -112.00 -111.78 -111.50 -111.25 -110.97 -110.72 -110.47 -110.19 -109.91 -109.66 -109.41 -109.16 -108.94 -108.72 -108.53 -108.34 -108.12 -107.88 -107.59 -107.31 -107.00 -106.69 -106.41 -106.16 -105.97 -105.81 -105.72 -105.62 -105.56 -105.53 -105.50 -105.50 -105.47 -105.47 -105.44 -105.38 -105.31 -105.25 -105.16 -105.03 -104.94 -104.81 -104.66 -104.53 -104.38 -104.19 -104.03 -103.84 -103.69 -103.53 -103.38 -103.22 -103.03 -102.81 -102.59 -102.38 -102.16 -101.94 -101.72 -101.53
-113.28 -113.25 -113.19 -113.06 -112.97 -112.84 -112.72 -112.56 -112.34 -112.16 -111.91 -111.69 -111.44 -111.19 -110.97 -110.75 -110.50 -110.28 -110.03 -109.78 -109.56 -109.34 -109.12 -108.94 -108.72 -108.47 -108.22 -107.91 -107.59 -107.28 -106.97 -106.69 -106.44 -106.22 -106.03 -105.91 -105.81 -105.75 -105.69 -105.66 -105.59 -105.56 -105.53 -105.50 -105.44 -105.38 -105.31 -105.22 -105.09 -105.00 -104.88 -104.72 -104.59 -104.44 -104.28 -104.09 -103.94 -103.78 -103.59 -103.41 -103.22 -103.03 -102.81 -102.56 -102.34 -102.09 -101.88 -101.66 -101.47
-113.47 -113.41 -113.31 -113.22 -113.09 -112.97 -112.81 -112.66 -112.47 -112.25 -112.06 -111.81 -111.62 -111.41 -111.22 -111.00 -110.81 -110.56 -110.34 -110.12 -109.91 -109.69 -109.47 -109.25 -109.00 -108.75 -108.44 -108.12 -107.78 -107.47 -107.16 -106.88 -106.62 -106.41 -106.22 -106.06 -105.94 -105.88 -105.78 -105.75 -105.69 -105.66 -105.59 -105.53 -105.47 -105.41 -105.34 -105.25 -105.12 -105.00 -104.88 -104.72 -104.56 -104.44 -104.28 -104.12 -103.94 -103.75 -103.56 -103.38 -103.16 -102.94 -102.72 -102.50 -102.25 -102.03 -101.78 -101.56 -101.38
-113.59 -113.53 -113.41 -113.31 -113.19 -113.06 -112.91 -112.75 -112.56 -112.38 -112.16 -111.97 -111.78 -111.59 -111.41 -111.25 -111.06 -110.84 -110.62 -110.41 -110.16 -109.94 -109.69 -109.44 -109.16 -108.84 -108.53 -108.22 -107.88 -107.56 -107.25 -106.97 -106.72 -106.50 -106.31 -106.16 -106.06 -105.94 -105.88 -105.81 -105.75 -105.69 -105.62 -105.56 -105.50 -105.44 -105.34 -105.25 -105.12 -104.97 -104.84 -104.66 -104.50 -104.34 -104.19 -104.03 -103.88 -103.69 -103.50 -103.28 -103.03 -102.81 -102.56 -102.34 -102.12 -101.88 -101.66 -101.44 -101.25
-113.72 -113.59 -113.47 -113.34 -113.25 -113.12 -112.97 -112.81 -112.62 -112.44 -112.25 -112.09 -111.91 -111.75 -111.59 -111.44 -111.25 -111.06 -110.84 -110.59 -110.34 -110.09 -109.81 -109.53 -109.19 -108.84 -108.50 -108.16 -107.84 -107.50 -107.22 -106.94 -106.72 -106.53 -106.38 -106.22 -106.09 -106.00 -105.91 -105.84 -105.75 -105.69 -105.62 -105.56 -105.50 -105.41 -105.31 -105.22 -105.09 -104.94 -104.75 -104.59 -104.41 -104.25 -104.06 -103.91 -103.75 -103.59 -103.38 -103.16 -102.91 -102.66 -102.41 -102.16 -101.94 -101.69 -101.50 -101.28 -101.09
