everonasctiles/Tile[3,7].asc
ncols 128
nrows 128
xllcorner 0
yllcorner 0
cellsize 2.0
NODATA_value  -9999
[rows 0 to 31 of 128, columns 0 to 70 of 128]
-46.41 -46.41 -46.41 -46.41 -46.41 -46.41 -46.41 -46.41 -46.41 -46.38 -46.34 -46.31 -46.28 -46.25 -46.19 -46.16 -46.12 -46.09 -46.03 -46.00 -45.97 -45.94 -45.91 -45.91 -45.88 -45.88 -45.81 -45.78 -45.72 -45.69 -45.62 -45.59 -45.59 -45.59 -45.56 -45.56 -45.53 -45.50 -45.47 -45.41 -45.38 -45.31 -45.25 -45.19 -45.12 -45.09 -45.06 -45.03 -45.03 -45.00 -45.00 -44.97 -44.97 -44.94 -44.94 -44.94 -44.91 -44.91 -44.91 -44.88 -44.81 -44.78 -44.69 -44.59 -44.50 -44.38 -44.28 -44.16 -44.06 -43.97 -43.88
-46.44 -46.44 -46.41 -46.41 -46.41 -46.44 -46.44 -46.44 -46.41 -46.41 -46.38 -46.34 -46.31 -46.28 -46.25 -46.22 -46.19 -46.16 -46.09 -46.06 -46.03 -46.00 -45.97 -45.97 -45.94 -45.91 -45.88 -45.81 -45.78 -45.72 -45.69 -45.66 -45.62 -45.62 -45.59 -45.59 -45.56 -45.53 -45.50 -45.44 -45.41 -45.34 -45.25 -45.19 -45.16 -45.09 -45.06 -45.03 -45.03 -45.00 -45.00 -44.97 -44.94 -44.94 -44.91 -44.91 -44.91 -44.91 -44.88 -44.84 -44.81 -44.72 -44.66 -44.56 -44.44 -44.34 -44.22 -44.09 -44.00 -43.91 -43.81
-46.47 -46.44 -46.44 -46.44 -46.44 -46.44 -46.44 -46.44 -46.44 -46.44 -46.41 -46.38 -46.38 -46.34 -46.31 -46.28 -46.22 -46.19 -46.16 -46.12 -46.06 -46.03 -46.00 -46.00 -45.97 -45.94 -45.91 -45.88 -45.81 -45.78 -45.75 -45.72 -45.69 -45.66 -45.66 -45.62 -45.59 -45.56 -45.53 -45.47 -45.41 -45.34 -45.28 -45.22 -45.16 -45.09 -45.06 -45.06 -45.03 -45.00 -45.00 -44.97 -44.94 -44.91 -44.91 -44.88 -44.88 -44.84 -44.84 -44.81 -44.75 -44.69 -44.59 -44.50 -44.41 -44.28 -44.19 -44.06 -43.97 -43.88 -43.75
-46.47 -46.47 -46.44 -46.44 -46.44 -46.44 -46.44 -46.44 -46.44 -46.44 -46.44 -46.41 -46.41 -46.38 -46.34 -46.31 -46.28 -46.22 -46.19 -46.16 -46.09 -46.06 -46.03 -46.03 -46.00 -45.97 -45.94 -45.91 -45.88 -45.84 -45.81 -45.75 -45.75 -45.72 -45.69 -45.66 -45.62 -45.59 -45.53 -45.50 -45.44 -45.34 -45.28 -45.22 -45.16 -45.12 -45.06 -45.06 -45.03 -45.00 -44.97 -44.97 -44.94 -44.91 -44.88 -44.84 -44.84 -44.81 -44.78 -44.75 -44.69 -44.62 -44.53 -44.47 -44.34 -44.25 -44.16 -44.03 -43.94 -43.84 -43.75
-46.50 -46.47 -46.47 -46.44 -46.44 -46.44 -46.44 -46.47 -46.47 -46.47 -46.44 -46.44 -46.41 -46.38 -46.38 -46.34 -46.31 -46.25 -46.22 -46.19 -46.12 -46.09 -46.06 -46.06 -46.03 -46.00 -45.97 -45.94 -45.91 -45.88 -45.84 -45.81 -45.78 -45.78 -45.75 -45.72 -45.66 -45.62 -45.56 -45.50 -45.44 -45.38 -45.28 -45.22 -45.16 -45.12 -45.09 -45.06 -45.03 -45.00 -44.97 -44.94 -44.91 -44.88 -44.84 -44.81 -44.78 -44.75 -44.72 -44.69 -44.62 -44.56 -44.47 -44.41 -44.31 -44.22 -44.12 -44.03 -43.91 -43.81 -43.72
-46.50 -46.50 -46.47 -46.47 -46.44 -46.44 -46.47 -46.47 -46.47 -46.47 -46.47 -46.44 -46.44 -46.41 -46.38 -46.34 -46.31 -46.28 -46.25 -46.19 -46.16 -46.12 -46.09 -46.09 -46.06 -46.03 -46.00 -46.00 -45.97 -45.94 -45.91 -45.88 -45.84 -45.81 -45.78 -45.75 -45.72 -45.66 -45.59 -45.53 -45.47 -45.38 -45.28 -45.22 -45.16 -45.12 -45.09 -45.06 -45.03 -45.00 -44.97 -44.94 -44.91 -44.88 -44.81 -44.78 -44.75 -44.69 -44.66 -44.59 -44.53 -44.47 -44.41 -44.34 -44.28 -44.19 -44.09 -44.00 -43.91 -43.78 -43.69
-46.53 -46.50 -46.47 -46.47 -46.47 -46.47 -46.47 -46.47 -46.47 -46.47 -46.47 -46.47 -46.44 -46.41 -46.38 -46.38 -46.34 -46.31 -46.28 -46.22 -46.19 -46.16 -46.12 -46.12 -46.09 -46.06 -46.03 -46.03 -46.00 -45.97 -45.94 -45.91 -45.88 -45.84 -45.81 -45.78 -45.75 -45.69 -45.62 -45.56 -45.47 -45.41 -45.31 -45.25 -45.16 -45.12 -45.09 -45.06 -45.03 -45.00 -44.97 -44.94 -44.88 -44.84 -44.78 -44.75 -44.69 -44.66 -44.59 -44.53 -44.47 -44.41 -44.34 -44.28 -44.19 -44.12 -44.03 -43.97 -43.84 -43.75 -43.66
-46.53 -46.50 -46.50 -46.47 -46.47 -46.47 -46.47 -46.50 -46.50 -46.50 -46.47 -46.47 -46.44 -46.41 -46.41 -46.38 -46.34 -46.31 -46.28 -46.25 -46.22 -46.19 -46.19 -46.16 -46.12 -46.09 -46.06 -46.03 -46.03 -46.00 -45.97 -45.94 -45.91 -45.88 -45.84 -45.81 -45.75 -45.72 -45.66 -45.59 -45.50 -45.44 -45.34 -45.25 -45.19 -45.12 -45.09 -45.06 -45.03 -45.00 -44.94 -44.91 -44.88 -44.81 -44.78 -44.72 -44.66 -44.59 -44.53 -44.47 -44.41 -44.31 -44.25 -44.19 -44.12 -44.06 -43.97 -43.88 -43.81 -43.72 -43.62
-46.53 -46.53 -46.50 -46.50 -46.50 -46.50 -46.50 -46.50 -46.50 -46.50 -46.50 -46.47 -46.44 -46.44 -46.41 -46.38 -46.38 -46.34 -46.31 -46.28 -46.25 -46.22 -46.22 -46.19 -46.16 -46.12 -46.09 -46.06 -46.03 -46.00 -45.97 -45.97 -45.94 -45.91 -45.88 -45.81 -45.78 -45.72 -45.69 -45.59 -45.53 -45.47 -45.38 -45.28 -45.22 -45.16 -45.09 -45.06 -45.03 -44.97 -44.94 -44.91 -44.84 -44.81 -44.75 -44.69 -44.62 -44.56 -44.50 -44.44 -44.34 -44.28 -44.19 -44.12 -44.03 -43.97 -43.91 -43.84 -43.75 -43.69 -43.59
-46.56 -46.53 -46.50 -46.50 -46.50 -46.50 -46.50 -46.50 -46.50 -46.50 -46.50 -46.50 -46.47 -46.44 -46.41 -46.41 -46.38 -46.38 -46.34 -46.31 -46.28 -46.25 -46.25 -46.22 -46.19 -46.12 -46.09 -46.06 -46.03 -46.03 -46.00 -45.97 -45.94 -45.91 -45.88 -45.84 -45.81 -45.75 -45.69 -45.62 -45.56 -45.47 -45.41 -45.31 -45.25 -45.16 -45.12 -45.06 -45.03 -44.97 -44.94 -44.91 -44.84 -44.81 -44.75 -44.69 -44.62 -44.56 -44.47 -44.41 -44.31 -44.25 -44.16 -44.06 -44.00 -43.94 -43.88 -43.81 -43.75 -43.69 -43.62
-46.53 -46.53 -46.53 -46.50 -46.50 -46.50 -46.50 -46.53 -46.53 -46.53 -46.53 -46.50 -46.50 -46.47 -46.44 -46.44 -46.41 -46.38 -46.34 -46.34 -46.31 -46.28 -46.25 -46.22 -46.19 -46.16 -46.12 -46.09 -46.06 -46.03 -46.00 -45.97 -45.94 -45.91 -45.91 -45.88 -45.81 -45.78 -45.72 -45.66 -45.56 -45.50 -45.41 -45.34 -45.25 -45.19 -45.12 -45.06 -45.03 -44.97 -44.94 -44.91 -44.84 -44.81 -44.75 -44.69 -44.62 -44.56 -44.50 -44.41 -44.31 -44.25 -44.16 -44.06 -44.00 -43.94 -43.88 -43.81 -43.78 -43.72 -43.66
-46.53 -46.53 -46.53 -46.53 -46.50 -46.53 -46.53 -46.53 -46.53 -46.53 -46.53 -46.53 -46.50 -46.50 -46.47 -46.44 -46.44 -46.41 -46.38 -46.34 -46.34 -46.31 -46.28 -46.25 -46.19 -46.16 -46.12 -46.09 -46.06 -46.03 -46.00 -45.97 -45.97 -45.94 -45.91 -45.88 -45.84 -45.78 -45.72 -45.66 -45.59 -45.50 -45.44 -45.34 -45.28 -45.22 -45.16 -45.09 -45.03 -45.00 -44.94 -44.91 -44.84 -44.81 -44.75 -44.72 -44.66 -44.59 -44.53 -44.44 -44.34 -44.28 -44.19 -44.12 -44.06 -44.00 -43.94 -43.88 -43.81 -43.78 -43.72
-46.50 -46.53 -46.53 -46.53 -46.53 -46.53 -46.53 -46.53 -46.56 -46.56 -46.56 -46.53 -46.53 -46.50 -46.50 -46.47 -46.47 -46.44 -46.41 -46.38 -46.34 -46.31 -46.28 -46.25 -46.22 -46.19 -46.12 -46.09 -46.06 -46.06 -46.03 -46.00 -45.97 -45.94 -45.94 -45.91 -45.84 -45.78 -45.72 -45.66 -45.59 -45.50 -45.44 -45.38 -45.28 -45.25 -45.19 -45.12 -45.06 -45.00 -44.97 -44.91 -44.88 -44.81 -44.78 -44.75 -44.69 -44.62 -44.56 -44.47 -44.41 -44.31 -44.25 -44.19 -44.12 -44.06 -44.00 -43.94 -43.88 -43.81 -43.75
-46.50 -46.50 -46.53 -46.53 -46.53 -46.53 -46.53 -46.56 -46.56 -46.56 -46.56 -46.56 -46.53 -46.53 -46.53 -46.50 -46.47 -46.44 -46.44 -46.41 -46.34 -46.34 -46.31 -46.25 -46.22 -46.19 -46.16 -46.12 -46.09 -46.06 -46.06 -46.03 -46.00 -45.97 -45.94 -45.91 -45.84 -45.78 -45.72 -45.66 -45.59 -45.50 -45.44 -45.38 -45.31 -45.25 -45.22 -45.16 -45.09 -45.03 -44.97 -44.91 -44.88 -44.84 -44.81 -44.78 -44.72 -44.69 -44.59 -44.53 -44.47 -44.38 -44.31 -44.25 -44.22 -44.16 -44.09 -44.03 -43.94 -43.88 -43.81
-46.50 -46.53 -46.53 -46.53 -46.56 -46.56 -46.56 -46.56 -46.56 -46.59 -46.56 -46.56 -46.56 -46.56 -46.53 -46.53 -46.50 -46.47 -46.44 -46.41 -46.38 -46.34 -46.31 -46.28 -46.25 -46.19 -46.19 -46.16 -46.12 -46.09 -46.06 -46.03 -46.03 -46.00 -45.97 -45.91 -45.84 -45.78 -45.72 -45.66 -45.59 -45.50 -45.44 -45.38 -45.31 -45.28 -45.22 -45.16 -45.12 -45.06 -45.00 -44.94 -44.88 -44.84 -44.81 -44.78 -44.75 -44.69 -44.62 -44.56 -44.50 -44.47 -44.41 -44.34 -44.28 -44.22 -44.16 -44.06 -44.00 -43.94 -43.84
-46.53 -46.56 -46.56 -46.56 -46.56 -46.59 -46.59 -46.59 -46.59 -46.59 -46.59 -46.59 -46.59 -46.56 -46.53 -46.53 -46.50 -46.47 -46.44 -46.41 -46.38 -46.34 -46.31 -46.28 -46.25 -46.22 -46.19 -46.16 -46.12 -46.12 -46.09 -46.06 -46.03 -46.00 -45.97 -45.91 -45.88 -45.78 -45.72 -45.62 -45.56 -45.47 -45.41 -45.38 -45.31 -45.25 -45.22 -45.16 -45.12 -45.06 -45.00 -44.94 -44.88 -44.84 -44.81 -44.78 -44.75 -44.72 -44.66 -44.62 -44.56 -44.50 -44.47 -44.41 -44.34 -44.28 -44.19 -44.12 -44.06 -43.97 -43.91
-46.56 -46.59 -46.59 -46.59 -46.62 -46.62 -46.62 -46.62 -46.62 -46.62 -46.62 -46.59 -46.59 -46.56 -46.56 -46.53 -46.50 -46.47 -46.44 -46.38 -46.34 -46.31 -46.28 -46.28 -46.25 -46.22 -46.19 -46.19 -46.16 -46.12 -46.09 -46.06 -46.03 -46.00 -45.97 -45.91 -45.84 -45.78 -45.69 -45.62 -45.53 -45.47 -45.38 -45.34 -45.28 -45.25 -45.19 -45.16 -45.09 -45.03 -45.00 -44.94 -44.88 -44.84 -44.81 -44.81 -44.78 -44.75 -44.69 -44.66 -44.62 -44.56 -44.50 -44.44 -44.38 -44.31 -44.25 -44.16 -44.09 -44.00 -43.94
-46.62 -46.66 -46.66 -46.66 -46.66 -46.66 -46.66 -46.66 -46.66 -46.66 -46.62 -46.62 -46.59 -46.59 -46.56 -46.53 -46.47 -46.44 -46.41 -46.38 -46.34 -46.31 -46.28 -46.25 -46.25 -46.22 -46.19 -46.19 -46.16 -46.12 -46.09 -46.06 -46.03 -46.00 -45.97 -45.91 -45.84 -45.75 -45.69 -45.59 -45.50 -45.44 -45.34 -45.31 -45.25 -45.22 -45.16 -45.12 -45.06 -45.03 -44.97 -44.94 -44.88 -44.88 -44.84 -44.81 -44.78 -44.75 -44.72 -44.69 -44.62 -44.59 -44.53 -44.47 -44.41 -44.31 -44.25 -44.19 -44.12 -44.03 -43.94
-46.69 -46.69 -46.72 -46.72 -46.72 -46.72 -46.72 -46.72 -46.69 -46.69 -46.66 -46.66 -46.62 -46.59 -46.53 -46.50 -46.47 -46.44 -46.41 -46.34 -46.34 -46.31 -46.28 -46.25 -46.25 -46.22 -46.19 -46.16 -46.12 -46.09 -46.06 -46.06 -46.03 -45.97 -45.94 -45.88 -45.81 -45.75 -45.66 -45.56 -45.47 -45.41 -45.34 -45.28 -45.22 -45.19 -45.12 -45.09 -45.06 -45.00 -44.97 -44.94 -44.91 -44.88 -44.88 -44.84 -44.81 -44.78 -44.75 -44.69 -44.66 -44.59 -44.53 -44.47 -44.41 -44.34 -44.28 -44.19 -44.12 -44.03 -43.97
-46.72 -46.75 -46.75 -46.75 -46.78 -46.78 -46.78 -46.75 -46.75 -46.72 -46.69 -46.66 -46.62 -46.56 -46.53 -46.47 -46.44 -46.41 -46.38 -46.34 -46.31 -46.28 -46.25 -46.25 -46.22 -46.19 -46.16 -46.16 -46.12 -46.09 -46.06 -46.03 -46.00 -45.97 -45.94 -45.88 -45.81 -45.72 -45.66 -45.56 -45.47 -45.38 -45.31 -45.25 -45.22 -45.16 -45.12 -45.09 -45.06 -45.03 -45.00 -44.97 -44.94 -44.94 -44.91 -44.88 -44.84 -44.81 -44.75 -44.72 -44.66 -44.59 -44.53 -44.47 -44.41 -44.34 -44.28 -44.19 -44.12 -44.06 -43.97
-46.78 -46.78 -46.78 -46.81 -46.81 -46.81 -46.81 -46.81 -46.78 -46.75 -46.72 -46.66 -46.62 -46.56 -46.50 -46.44 -46.41 -46.38 -46.34 -46.31 -46.28 -46.25 -46.22 -46.22 -46.19 -46.16 -46.16 -46.12 -46.09 -46.09 -46.06 -46.03 -46.00 -45.97 -45.91 -45.84 -45.78 -45.72 -45.62 -45.56 -45.47 -45.41 -45.34 -45.28 -45.22 -45.19 -45.16 -45.12 -45.09 -45.06 -45.03 -45.00 -45.00 -44.97 -44.97 -44.94 -44.88 -44.84 -44.78 -44.72 -44.66 -44.62 -44.56 -44.47 -44.41 -44.34 -44.28 -44.19 -44.12 -44.06 -43.97
-46.81 -46.81 -46.84 -46.84 -46.84 -46.84 -46.84 -46.81 -46.81 -46.75 -46.72 -46.66 -46.59 -46.53 -46.47 -46.41 -46.38 -46.31 -46.28 -46.25 -46.22 -46.19 -46.19 -46.16 -46.16 -46.12 -46.12 -46.09 -46.09 -46.06 -46.06 -46.03 -45.97 -45.94 -45.88 -45.84 -45.78 -45.72 -45.62 -45.56 -45.50 -45.44 -45.38 -45.31 -45.28 -45.22 -45.19 -45.16 -45.16 -45.12 -45.09 -45.06 -45.06 -45.03 -45.00 -44.97 -44.91 -44.88 -44.81 -44.75 -44.69 -44.62 -44.56 -44.50 -44.44 -44.34 -44.28 -44.19 -44.12 -44.06 -43.97
-46.88 -46.88 -46.88 -46.88 -46.88 -46.88 -46.88 -46.84 -46.81 -46.78 -46.72 -46.66 -46.59 -46.50 -46.44 -46.38 -46.31 -46.28 -46.22 -46.19 -46.16 -46.12 -46.12 -46.09 -46.09 -46.09 -46.09 -46.06 -46.06 -46.06 -46.03 -46.00 -45.97 -45.91 -45.88 -45.81 -45.78 -45.72 -45.66 -45.59 -45.53 -45.47 -45.41 -45.38 -45.31 -45.28 -45.25 -45.22 -45.22 -45.19 -45.16 -45.12 -45.12 -45.09 -45.06 -45.00 -44.97 -44.91 -44.84 -44.78 -44.72 -44.66 -44.59 -44.53 -44.44 -44.38 -44.28 -44.22 -44.12 -44.06 -44.00
-46.94 -46.94 -46.94 -46.94 -46.94 -46.91 -46.91 -46.88 -46.84 -46.78 -46.72 -46.66 -46.56 -46.50 -46.41 -46.34 -46.28 -46.22 -46.16 -46.12 -46.09 -46.06 -46.06 -46.03 -46.03 -46.03 -46.03 -46.03 -46.03 -46.03 -46.00 -45.97 -45.94 -45.91 -45.84 -45.81 -45.78 -45.72 -45.69 -45.62 -45.59 -45.53 -45.47 -45.41 -45.38 -45.31 -45.28 -45.28 -45.25 -45.25 -45.22 -45.19 -45.19 -45.16 -45.12 -45.06 -45.00 -44.97 -44.91 -44.84 -44.78 -44.72 -44.66 -44.59 -44.50 -44.44 -44.34 -44.25 -44.19 -44.09 -44.03
-47.00 -47.00 -47.00 -47.00 -46.97 -46.97 -46.94 -46.91 -46.84 -46.81 -46.75 -46.66 -46.56 -46.50 -46.41 -46.31 -46.25 -46.16 -46.09 -46.06 -46.03 -46.00 -46.00 -46.00 -46.00 -46.00 -46.00 -46.00 -46.00 -46.00 -45.97 -45.97 -45.94 -45.88 -45.84 -45.81 -45.78 -45.75 -45.72 -45.69 -45.62 -45.56 -45.50 -45.44 -45.41 -45.34 -45.31 -45.31 -45.31 -45.28 -45.28 -45.25 -45.22 -45.19 -45.16 -45.12 -45.06 -45.00 -44.97 -44.91 -44.84 -44.78 -44.72 -44.66 -44.59 -44.50 -44.41 -44.34 -44.25 -44.16 -44.06
-47.06 -47.06 -47.06 -47.06 -47.03 -47.00 -46.97 -46.94 -46.91 -46.84 -46.78 -46.69 -46.59 -46.50 -46.41 -46.31 -46.22 -46.12 -46.06 -46.00 -45.97 -45.94 -45.94 -45.94 -45.94 -45.94 -45.97 -45.97 -45.97 -45.97 -45.94 -45.94 -45.91 -45.91 -45.88 -45.84 -45.81 -45.81 -45.75 -45.72 -45.66 -45.62 -45.56 -45.50 -45.44 -45.41 -45.38 -45.34 -45.34 -45.34 -45.31 -45.28 -45.28 -45.25 -45.22 -45.16 -45.12 -45.06 -45.03 -44.97 -44.91 -44.88 -44.81 -44.75 -44.66 -44.59 -44.50 -44.41 -44.34 -44.25 -44.16
-47.12 -47.12 -47.12 -47.09 -47.09 -47.06 -47.03 -47.00 -46.94 -46.88 -46.81 -46.72 -46.62 -46.53 -46.41 -46.31 -46.19 -46.09 -46.03 -45.97 -45.91 -45.91 -45.91 -45.91 -45.91 -45.94 -45.94 -45.97 -45.97 -45.97 -45.97 -45.94 -45.94 -45.94 -45.91 -45.88 -45.88 -45.84 -45.81 -45.75 -45.72 -45.66 -45.59 -45.53 -45.47 -45.44 -45.41 -45.41 -45.38 -45.38 -45.38 -45.34 -45.31 -45.28 -45.25 -45.22 -45.19 -45.12 -45.09 -45.03 -45.00 -44.94 -44.91 -44.84 -44.75 -44.69 -44.59 -44.50 -44.44 -44.34 -44.25
-47.19 -47.19 -47.19 -47.16 -47.12 -47.12 -47.06 -47.03 -47.00 -46.94 -46.84 -46.78 -46.66 -46.56 -46.44 -46.31 -46.22 -46.09 -46.03 -45.94 -45.91 -45.91 -45.91 -45.91 -45.94 -45.97 -45.97 -46.00 -46.00 -46.00 -46.00 -45.97 -45.97 -45.97 -45.94 -45.94 -45.91 -45.88 -45.84 -45.81 -45.75 -45.69 -45.62 -45.59 -45.53 -45.50 -45.47 -45.44 -45.44 -45.44 -45.41 -45.41 -45.38 -45.34 -45.31 -45.28 -45.22 -45.19 -45.16 -45.12 -45.06 -45.03 -44.97 -44.91 -44.84 -44.78 -44.69 -44.59 -44.53 -44.44 -44.34
-47.25 -47.25 -47.22 -47.22 -47.19 -47.16 -47.12 -47.09 -47.03 -46.97 -46.91 -46.81 -46.72 -46.59 -46.50 -46.38 -46.25 -46.16 -46.06 -46.00 -45.97 -45.94 -45.94 -45.97 -46.00 -46.00 -46.03 -46.03 -46.06 -46.06 -46.03 -46.03 -46.03 -46.03 -46.00 -45.97 -45.94 -45.91 -45.88 -45.84 -45.78 -45.75 -45.69 -45.62 -45.56 -45.53 -45.50 -45.50 -45.50 -45.47 -45.47 -45.44 -45.44 -45.41 -45.38 -45.34 -45.28 -45.25 -45.22 -45.19 -45.16 -45.12 -45.06 -45.00 -44.94 -44.84 -44.78 -44.69 -44.62 -44.53 -44.44
-47.31 -47.31 -47.28 -47.28 -47.25 -47.22 -47.19 -47.12 -47.09 -47.00 -46.94 -46.84 -46.75 -46.66 -46.53 -46.44 -46.34 -46.25 -46.16 -46.09 -46.06 -46.03 -46.03 -46.03 -46.06 -46.06 -46.09 -46.12 -46.12 -46.12 -46.12 -46.09 -46.09 -46.06 -46.03 -46.00 -45.97 -45.94 -45.91 -45.88 -45.81 -45.78 -45.72 -45.66 -45.62 -45.59 -45.56 -45.56 -45.56 -45.53 -45.53 -45.50 -45.50 -45.47 -45.44 -45.41 -45.38 -45.31 -45.28 -45.25 -45.22 -45.19 -45.12 -45.09 -45.00 -44.94 -44.84 -44.78 -44.69 -44.59 -44.50
-47.34 -47.34 -47.34 -47.31 -47.28 -47.25 -47.22 -47.19 -47.12 -47.03 -46.97 -46.88 -46.78 -46.69 -46.59 -46.53 -46.44 -46.38 -46.28 -46.25 -46.19 -46.16 -46.12 -46.12 -46.16 -46.16 -46.19 -46.19 -46.19 -46.19 -46.19 -46.16 -46.16 -46.12 -46.09 -46.03 -46.00 -45.97 -45.94 -45.88 -45.84 -45.78 -45.75 -45.69 -45.66 -45.62 -45.59 -45.59 -45.59 -45.59 -45.59 -45.56 -45.53 -45.53 -45.47 -45.44 -45.44 -45.41 -45.38 -45.34 -45.31 -45.25 -45.22 -45.16 -45.06 -45.00 -44.94 -44.84 -44.78 -44.69 -44.56
-47.41 -47.41 -47.41 -47.38 -47.34 -47.31 -47.25 -47.22 -47.16 -47.06 -47.00 -46.94 -46.84 -46.78 -46.69 -46.62 -46.56 -46.50 -46.44 -46.38 -46.31 -46.28 -46.25 -46.22 -46.25 -46.25 -46.25 -46.28 -46.28 -46.28 -46.25 -46.25 -46.22 -46.16 -46.12 -46.06 -46.00 -45.97 -45.94 -45.88 -45.84 -45.81 -45.75 -45.72 -45.69 -45.66 -45.66 -45.66 -45.66 -45.66 -45.62 -45.62 -45.59 -45.56 -45.53 -45.50 -45.47 -45.47 -45.44 -45.41 -45.38 -45.31 -45.28 -45.22 -45.12 -45.06 -45.00 -44.91 -44.84 -44.75 -44.62
