everonasctiles/Tile[22,28].asc
ncols 128
nrows 128
xllcorner 0
yllcorner 0
cellsize 2.0
NODATA_value  -9999
[rows 32 to 63 of 128, columns 0 to 70 of 128]
201.09 201.75 202.28 202.72 203.09 203.50 203.88 204.22 204.56 204.88 205.16 205.44 205.66 205.88 206.09 206.28 206.50 206.75 207.00 207.34 207.75 208.19 208.66 209.12 209.44 209.44 209.44 209.44 209.66 210.00 210.22 210.34 210.47 210.69 210.94 211.22 211.47 211.75 212.12 212.69 213.22 213.69 214.19 214.72 215.22 215.75 216.25 216.78 217.34 217.88 218.22 218.59 218.94 219.34 219.78 220.16 220.50 221.00 221.56 222.06 222.94 223.47 223.78 224.44 225.06 225.44 225.62 226.06 226.34 226.91 227.25
201.34 201.97 202.56 203.06 203.53 204.00 204.41 204.81 205.16 205.50 205.78 206.03 206.25 206.44 206.62 206.75 206.91 207.06 207.31 207.66 208.03 208.53 209.09 209.41 209.47 209.47 209.44 209.44 210.00 210.25 210.50 210.72 210.88 210.97 211.16 211.38 211.62 211.91 212.34 212.91 213.38 213.84 214.38 214.91 215.44 215.94 216.47 217.03 217.56 218.06 218.50 218.88 219.22 219.56 219.88 220.28 220.59 220.97 221.50 222.03 222.75 223.06 223.56 224.22 224.59 225.19 225.44 225.84 226.31 226.62 227.00
201.56 202.22 202.81 203.38 203.88 204.41 204.91 205.34 205.75 206.12 206.44 206.72 206.91 207.09 207.25 207.28 207.28 207.31 207.69 208.03 208.41 208.97 209.31 209.50 209.47 209.47 209.47 209.69 210.25 210.47 210.72 211.00 211.16 211.28 211.50 211.69 211.88 212.16 212.66 213.19 213.59 214.03 214.56 215.09 215.66 216.19 216.72 217.28 217.78 218.25 218.75 219.12 219.38 219.75 220.12 220.38 220.72 221.12 221.56 222.00 222.62 223.09 223.53 224.00 224.44 224.88 225.22 225.53 226.03 226.47 226.59
201.78 202.44 203.03 203.62 204.19 204.72 205.25 205.81 206.34 206.78 207.19 207.44 207.59 207.56 207.66 207.62 207.62 207.72 207.94 208.31 208.75 209.16 209.41 209.50 209.50 209.50 209.50 210.06 210.41 210.69 210.84 211.16 211.34 211.53 211.75 212.03 212.31 212.62 213.03 213.44 213.84 214.28 214.75 215.31 215.91 216.47 217.00 217.59 218.09 218.50 218.97 219.38 219.69 219.91 220.38 220.66 220.88 221.19 221.62 222.06 222.53 222.94 223.41 223.81 224.31 224.72 225.06 225.50 225.91 226.31 226.62
201.97 202.62 203.25 203.84 204.41 204.97 205.53 206.09 206.62 207.12 207.53 207.84 207.97 207.94 207.78 207.84 207.91 208.00 208.16 208.50 208.91 209.12 209.53 209.53 209.53 209.50 209.66 210.12 210.47 210.78 210.94 211.19 211.44 211.69 212.00 212.34 212.75 213.19 213.62 213.91 214.22 214.59 215.03 215.59 216.19 216.78 217.34 217.94 218.47 218.91 219.19 219.53 219.97 220.25 220.66 220.91 221.12 221.44 221.78 222.09 222.53 223.00 223.41 223.81 224.25 224.66 225.06 225.41 225.78 226.19 226.59
202.12 202.78 203.41 204.00 204.59 205.19 205.75 206.28 206.81 207.31 207.75 208.06 208.19 208.09 207.94 208.03 208.16 208.25 208.38 208.59 208.84 209.19 209.56 209.56 209.53 209.53 210.03 210.28 210.47 210.59 210.78 211.09 211.50 211.84 212.22 212.62 213.09 213.59 214.06 214.34 214.62 214.94 215.34 215.88 216.50 217.12 217.72 218.31 218.91 219.41 219.56 219.81 220.31 220.69 220.91 221.12 221.34 221.62 221.91 222.28 222.59 223.00 223.47 223.78 224.19 224.53 224.97 225.41 225.81 226.19 226.62
202.28 202.94 203.56 204.16 204.75 205.31 205.91 206.44 206.97 207.44 207.88 208.19 208.31 208.25 208.19 208.25 208.34 208.47 208.56 208.69 208.84 209.50 209.56 209.56 209.56 209.62 210.12 210.38 210.50 210.53 210.75 211.09 211.44 211.88 212.34 212.84 213.41 213.91 214.34 214.69 215.03 215.34 215.72 216.19 216.84 217.47 218.06 218.69 219.28 219.84 220.12 220.38 220.62 220.84 221.19 221.41 221.56 221.84 222.09 222.41 222.72 223.09 223.50 223.91 224.22 224.59 224.94 225.34 225.78 226.25 226.66
202.41 203.06 203.66 204.28 204.88 205.44 206.00 206.53 207.06 207.53 207.97 208.28 208.41 208.41 208.41 208.44 208.53 208.59 208.69 208.75 209.00 209.59 209.59 209.59 209.56 209.81 210.12 210.34 210.44 210.56 210.88 211.22 211.56 211.97 212.38 212.97 213.59 214.06 214.50 214.94 215.31 215.69 216.16 216.66 217.34 218.00 218.59 219.12 219.62 220.12 220.44 220.69 220.84 221.09 221.44 221.62 221.84 222.00 222.38 222.56 222.88 223.31 223.69 224.00 224.28 224.62 225.00 225.38 225.84 226.25 226.62
202.53 203.16 203.78 204.38 204.97 205.53 206.09 206.62 207.12 207.59 208.03 208.34 208.50 208.56 208.56 208.56 208.62 208.72 208.78 208.81 209.47 209.62 209.62 209.59 209.62 209.88 210.09 210.25 210.38 210.62 210.97 211.31 211.72 212.12 212.56 213.06 213.56 214.09 214.59 215.09 215.50 215.97 216.44 217.06 217.75 218.44 219.06 219.59 220.06 220.44 220.72 221.00 221.16 221.41 221.62 221.88 222.06 222.28 222.66 222.84 223.25 223.56 223.88 224.12 224.38 224.72 225.06 225.44 225.84 226.25 226.59
202.66 203.25 203.88 204.44 205.03 205.59 206.12 206.66 207.16 207.66 208.06 208.41 208.59 208.69 208.69 208.69 208.75 208.81 208.84 209.00 209.66 209.62 209.62 209.62 209.81 209.97 210.12 210.19 210.34 210.66 211.03 211.44 211.88 212.31 212.75 213.16 213.56 214.03 214.53 215.06 215.56 216.12 216.66 217.38 218.03 218.72 219.34 219.88 220.34 220.78 221.12 221.34 221.41 221.62 221.84 222.03 222.38 222.72 223.03 223.38 223.66 223.88 224.06 224.31 224.47 224.81 225.12 225.53 225.94 226.31 226.62
202.78 203.38 203.94 204.53 205.09 205.66 206.19 206.69 207.19 207.66 208.09 208.44 208.69 208.81 208.81 208.84 208.88 208.94 209.00 209.47 209.66 209.66 209.66 209.69 209.94 209.97 210.09 210.12 210.38 210.72 211.09 211.53 212.00 212.44 212.88 213.31 213.72 214.16 214.62 215.12 215.72 216.31 216.88 217.56 218.25 218.91 219.53 220.09 220.59 221.03 221.44 221.75 221.94 221.94 222.12 222.41 222.62 222.97 223.41 223.78 224.03 224.12 224.38 224.53 224.69 224.84 225.19 225.50 225.94 226.38 226.78
202.88 203.44 204.03 204.59 205.12 205.69 206.22 206.72 207.19 207.66 208.09 208.47 208.75 208.91 208.97 209.03 209.06 209.09 209.16 209.69 209.69 209.69 209.66 209.91 210.03 210.06 210.06 210.16 210.44 210.75 211.12 211.62 212.09 212.56 213.00 213.44 213.91 214.34 214.81 215.28 215.81 216.38 217.03 217.72 218.41 219.06 219.69 220.25 220.78 221.28 221.69 222.03 222.31 222.38 222.44 222.66 222.94 223.31 223.72 224.09 224.38 224.56 224.62 224.75 224.94 225.12 225.38 225.62 226.00 226.50 226.88
202.97 203.53 204.09 204.66 205.19 205.72 206.22 206.72 207.22 207.66 208.09 208.50 208.81 209.06 209.16 209.22 209.25 209.31 209.56 209.72 209.69 209.69 209.72 210.03 210.03 210.06 210.06 210.25 210.50 210.81 211.19 211.69 212.19 212.66 213.12 213.56 214.06 214.50 215.00 215.50 216.00 216.53 217.19 217.88 218.56 219.22 219.84 220.41 220.94 221.44 221.88 222.28 222.56 222.75 222.78 222.94 223.22 223.56 223.97 224.38 224.59 224.88 225.00 225.06 225.16 225.31 225.69 225.88 226.28 226.59 226.91
203.06 203.62 204.16 204.69 205.22 205.75 206.25 206.75 207.22 207.66 208.09 208.50 208.88 209.19 209.34 209.47 209.53 209.59 209.75 209.72 209.72 209.72 209.91 210.06 210.09 210.06 210.09 210.34 210.62 210.91 211.25 211.78 212.28 212.75 213.25 213.72 214.22 214.66 215.16 215.66 216.19 216.72 217.38 218.03 218.69 219.34 219.97 220.53 221.09 221.59 222.06 222.44 222.78 223.00 223.12 223.25 223.47 223.81 224.19 224.56 224.91 225.09 225.25 225.38 225.41 225.66 225.84 226.19 226.47 226.72 227.00
203.19 203.72 204.25 204.75 205.28 205.78 206.28 206.75 207.22 207.66 208.06 208.47 208.88 209.25 209.50 209.69 209.78 209.81 209.75 209.75 209.75 209.75 210.09 210.09 210.09 210.03 210.19 210.47 210.75 211.03 211.41 211.91 212.41 212.88 213.38 213.84 214.34 214.81 215.31 215.81 216.34 216.88 217.53 218.19 218.81 219.47 220.06 220.66 221.19 221.72 222.19 222.59 222.94 223.22 223.38 223.53 223.75 224.03 224.38 224.75 225.06 225.31 225.47 225.66 225.78 225.88 226.19 226.41 226.66 226.88 227.12
203.28 203.78 204.31 204.81 205.31 205.81 206.31 206.78 207.22 207.66 208.06 208.47 208.84 209.22 209.56 209.84 210.00 209.81 209.78 209.78 209.75 210.00 210.16 210.09 210.09 210.12 210.34 210.62 210.91 211.19 211.56 212.06 212.53 213.00 213.50 213.97 214.47 214.94 215.44 215.97 216.50 217.03 217.66 218.31 218.94 219.56 220.19 220.75 221.31 221.81 222.28 222.72 223.06 223.38 223.62 223.81 224.03 224.31 224.59 224.91 225.22 225.47 225.62 225.84 226.03 226.22 226.44 226.66 226.91 227.09 227.44
203.38 203.88 204.38 204.88 205.38 205.84 206.34 206.78 207.25 207.66 208.06 208.47 208.84 209.22 209.59 209.88 209.88 209.81 209.81 209.78 209.78 210.31 210.38 210.19 210.16 210.28 210.53 210.78 211.06 211.38 211.75 212.22 212.66 213.12 213.62 214.09 214.59 215.06 215.56 216.09 216.62 217.16 217.78 218.41 219.03 219.66 220.28 220.84 221.38 221.91 222.38 222.81 223.19 223.53 223.81 224.06 224.28 224.53 224.81 225.06 225.34 225.59 225.78 225.97 226.22 226.47 226.69 226.81 227.03 227.38 227.47
203.47 203.97 204.47 204.97 205.44 205.91 206.38 206.81 207.25 207.69 208.09 208.47 208.88 209.22 209.59 209.88 209.84 209.84 209.84 209.81 209.97 210.41 210.47 210.28 210.25 210.47 210.72 210.97 211.28 211.56 211.94 212.38 212.81 213.25 213.75 214.22 214.69 215.19 215.69 216.19 216.72 217.28 217.88 218.47 219.12 219.75 220.38 220.94 221.47 221.97 222.44 222.88 223.28 223.66 223.97 224.25 224.53 224.81 225.09 225.31 225.50 225.72 225.97 226.16 226.44 226.59 226.91 227.12 227.38 227.56 227.66
203.56 204.06 204.53 205.03 205.50 205.97 206.41 206.88 207.28 207.72 208.12 208.50 208.88 209.25 209.66 209.91 209.88 209.88 209.84 209.84 210.28 210.50 210.53 210.44 210.47 210.66 210.91 211.19 211.47 211.81 212.12 212.53 212.94 213.41 213.84 214.31 214.78 215.28 215.78 216.28 216.81 217.38 217.94 218.56 219.22 219.88 220.44 221.00 221.53 222.03 222.50 222.94 223.38 223.75 224.09 224.41 224.72 225.06 225.41 225.75 225.97 226.00 226.12 226.38 226.59 226.84 227.06 227.25 227.72 227.97 227.97
203.69 204.16 204.62 205.09 205.56 206.03 206.47 206.91 207.34 207.75 208.16 208.53 208.91 209.28 209.78 209.94 209.91 209.88 209.88 209.94 210.56 210.59 210.50 210.53 210.62 210.81 211.06 211.34 211.66 212.00 212.34 212.72 213.09 213.53 213.97 214.44 214.88 215.38 215.84 216.38 216.91 217.44 218.03 218.66 219.34 220.00 220.53 221.06 221.56 222.06 222.53 222.97 223.41 223.81 224.16 224.47 224.81 225.16 225.50 225.84 226.19 226.50 226.56 226.50 226.59 226.94 227.56 227.56 227.94 228.03 228.03
203.78 204.25 204.72 205.19 205.66 206.09 206.56 206.97 207.41 207.81 208.19 208.56 208.94 209.31 209.91 209.94 209.91 209.91 209.91 210.25 210.53 210.56 210.59 210.66 210.78 211.00 211.25 211.53 211.84 212.19 212.53 212.91 213.28 213.69 214.09 214.53 215.00 215.44 215.94 216.44 216.97 217.50 218.09 218.75 219.50 220.16 220.66 221.16 221.62 222.09 222.53 223.00 223.44 223.81 224.16 224.50 224.84 225.19 225.56 225.88 226.22 226.53 226.81 226.91 226.81 227.00 227.56 227.56 227.94 228.06 228.09
203.91 204.38 204.81 205.28 205.75 206.19 206.62 207.06 207.47 207.88 208.25 208.62 209.00 209.50 209.97 209.94 209.94 209.94 209.94 210.50 210.56 210.59 210.66 210.78 210.94 211.16 211.41 211.69 212.03 212.34 212.72 213.09 213.47 213.84 214.25 214.66 215.09 215.53 216.00 216.50 217.03 217.59 218.19 218.81 219.56 220.28 220.78 221.22 221.66 222.09 222.56 223.00 223.41 223.81 224.16 224.53 224.88 225.22 225.56 225.91 226.22 226.53 226.78 227.03 227.06 227.06 227.22 227.56 227.75 228.16 228.19
204.03 204.50 204.94 205.38 205.84 206.28 206.72 207.16 207.56 207.97 208.34 208.72 209.12 209.91 210.00 209.97 209.97 209.94 210.19 210.56 210.59 210.66 210.78 210.91 211.09 211.31 211.56 211.88 212.19 212.53 212.88 213.25 213.62 214.00 214.41 214.78 215.19 215.62 216.09 216.56 217.09 217.66 218.25 218.88 219.62 220.38 220.88 221.31 221.72 222.12 222.56 223.00 223.41 223.78 224.16 224.50 224.88 225.22 225.53 225.88 226.19 226.50 226.78 227.00 227.19 227.28 227.25 227.44 227.66 228.09 228.28
204.19 204.59 205.06 205.50 205.94 206.38 206.81 207.25 207.66 208.06 208.47 208.84 209.50 210.03 210.00 210.00 210.00 209.97 210.50 210.59 210.66 210.75 210.88 211.03 211.25 211.47 211.75 212.03 212.38 212.72 213.06 213.44 213.78 214.19 214.56 214.91 215.31 215.72 216.16 216.62 217.16 217.69 218.28 218.94 219.62 220.41 220.97 221.38 221.78 222.16 222.56 223.00 223.41 223.78 224.16 224.50 224.84 225.19 225.53 225.84 226.16 226.47 226.75 227.00 227.22 227.34 227.47 227.44 227.59 227.94 228.38
204.31 204.75 205.16 205.59 206.03 206.47 206.91 207.34 207.78 208.19 208.59 208.97 209.91 210.03 210.03 210.03 210.00 210.12 210.59 210.62 210.72 210.84 210.97 211.16 211.38 211.62 211.91 212.22 212.53 212.88 213.22 213.59 213.97 214.31 214.69 215.06 215.41 215.78 216.22 216.69 217.19 217.72 218.31 218.94 219.59 220.38 221.06 221.50 221.88 222.25 222.62 223.00 223.41 223.78 224.16 224.50 224.84 225.19 225.50 225.84 226.12 226.44 226.72 226.97 227.22 227.41 227.56 227.72 227.81 228.00 228.22
204.47 204.88 205.28 205.72 206.16 206.59 207.03 207.47 207.91 208.31 208.72 209.19 210.06 210.06 210.06 210.03 210.03 210.53 210.66 210.69 210.81 210.94 211.09 211.28 211.53 211.78 212.06 212.38 212.69 213.03 213.38 213.75 214.12 214.47 214.84 215.19 215.53 215.88 216.28 216.72 217.22 217.75 218.34 218.94 219.56 220.31 221.09 221.62 222.00 222.34 222.69 223.03 223.44 223.78 224.16 224.50 224.84 225.16 225.50 225.81 226.12 226.41 226.69 226.97 227.22 227.44 227.62 227.81 227.97 228.06 228.19
204.62 205.00 205.44 205.84 206.25 206.69 207.12 207.59 208.03 208.44 208.88 209.56 210.09 210.09 210.06 210.06 210.12 210.72 210.72 210.78 210.88 211.03 211.19 211.41 211.66 211.91 212.22 212.50 212.84 213.19 213.53 213.91 214.25 214.62 214.97 215.31 215.66 215.97 216.34 216.81 217.31 217.81 218.38 218.94 219.56 220.28 221.09 221.75 222.22 222.53 222.84 223.12 223.47 223.81 224.16 224.50 224.84 225.16 225.47 225.78 226.09 226.38 226.66 226.94 227.22 227.44 227.66 227.88 228.09 228.19 228.28
204.78 205.16 205.56 205.97 206.38 206.81 207.25 207.69 208.12 208.56 209.00 209.97 210.12 210.09 210.09 210.09 210.50 210.78 210.78 210.84 210.94 211.09 211.31 211.53 211.78 212.06 212.34 212.66 213.00 213.34 213.69 214.06 214.41 214.78 215.12 215.47 215.78 216.09 216.47 216.94 217.41 217.91 218.44 219.00 219.59 220.34 221.19 221.91 222.31 222.72 223.00 223.28 223.56 223.88 224.19 224.53 224.84 225.16 225.47 225.78 226.06 226.38 226.66 226.94 227.19 227.44 227.69 227.94 228.16 228.38 228.41
204.97 205.31 205.69 206.09 206.50 206.91 207.34 207.81 208.25 208.69 209.38 210.16 210.12 210.12 210.12 210.12 210.81 210.84 210.81 210.91 211.03 211.19 211.41 211.62 211.91 212.19 212.47 212.81 213.12 213.47 213.84 214.19 214.56 214.94 215.28 215.62 215.97 216.25 216.66 217.09 217.56 218.06 218.56 219.09 219.72 220.50 221.34 222.12 222.56 222.75 223.06 223.47 223.72 223.97 224.25 224.56 224.84 225.16 225.44 225.75 226.06 226.34 226.62 226.91 227.19 227.44 227.69 227.94 228.22 228.44 228.53
205.16 205.50 205.84 206.22 206.62 207.03 207.44 207.88 208.31 208.66 210.03 210.19 210.16 210.16 210.16 210.47 210.88 210.88 210.84 210.94 211.09 211.28 211.50 211.75 212.00 212.28 212.59 212.94 213.28 213.62 213.97 214.34 214.72 215.09 215.47 215.81 216.16 216.47 216.88 217.31 217.78 218.25 218.75 219.28 219.94 220.75 221.62 222.41 222.81 223.00 223.22 223.59 223.84 224.09 224.34 224.59 224.88 225.16 225.44 225.75 226.03 226.31 226.62 226.88 227.16 227.44 227.69 227.94 228.22 228.44 228.66
205.34 205.69 206.03 206.38 206.72 207.12 207.50 207.91 208.31 208.94 210.22 210.22 210.19 210.19 210.16 210.81 210.91 210.88 210.88 211.03 211.22 211.41 211.59 211.84 212.12 212.41 212.72 213.06 213.41 213.75 214.12 214.50 214.88 215.25 215.62 216.00 216.38 216.72 217.12 217.56 218.03 218.50 218.97 219.53 220.25 221.06 221.94 222.69 223.00 223.22 223.44 223.56 223.91 224.19 224.44 224.66 224.91 225.19 225.47 225.75 226.03 226.31 226.59 226.88 227.16 227.41 227.69 227.94 228.22 228.47 228.69
205.59 205.91 206.22 206.53 206.88 207.22 207.56 207.88 208.25 209.62 210.25 210.25 210.22 210.22 210.34 210.88 210.88 210.84 210.94 211.12 211.31 211.53 211.72 211.94 212.22 212.50 212.84 213.19 213.53 213.88 214.25 214.66 215.03 215.41 215.81 216.19 216.59 216.97 217.41 217.84 218.31 218.78 219.28 219.88 220.59 221.47 222.28 222.84 223.12 223.38 223.56 223.72 223.94 224.19 224.44 224.72 224.91 225.22 225.50 225.78 226.03 226.31 226.59 226.88 227.12 227.41 227.66 227.94 228.19 228.47 228.75
