everonasctiles/Tile24,17.asc
ncols 128
nrows 128
xllcorner 0
yllcorner 0
cellsize 2.0
NODATA_value  -9999
[rows 36 to 71 of 128, columns 0 to 79 of 128]
32.69 32.44 32.22 31.97 31.75 31.50 31.25 31.00 30.75 30.50 30.25 30.00 29.72 29.47 29.22 28.94 28.69 28.44 28.16 27.91 27.66 27.41 27.16 26.94 26.69 26.47 26.22 26.00 25.75 25.50 25.25 25.00 24.72 24.47 24.16 23.88 23.59 23.28 23.03 22.75 22.50 22.19 21.91 21.66 21.41 21.16 20.97 20.47 19.28 18.41 17.84 17.28 16.88 16.44 16.03 15.62 15.28 14.97 14.62 13.44 12.88 12.50 12.12 11.78 12.47 12.72 12.56 12.47 12.44 12.34 12.28 12.22 12.16 12.12 12.06 12.03 11.94 11.88 11.88 11.88
32.47 32.25 32.03 31.81 31.59 31.38 31.12 30.91 30.66 30.38 30.16 29.88 29.62 29.34 29.09 28.81 28.56 28.31 28.06 27.78 27.56 27.31 27.06 26.81 26.59 26.34 26.09 25.88 25.62 25.38 25.12 24.84 24.56 24.28 23.97 23.66 23.34 23.06 22.75 22.47 22.19 21.88 21.59 21.31 21.03 20.69 20.34 19.91 19.38 18.22 17.44 16.88 16.38 15.97 15.59 15.19 14.84 14.53 14.19 13.91 12.53 12.00 11.66 11.31 11.09 12.19 12.00 11.91 11.84 11.81 11.72 11.69 11.62 11.56 11.56 11.53 11.47 11.41 11.38 11.38
32.25 32.06 31.88 31.69 31.47 31.25 31.03 30.81 30.56 30.31 30.06 29.81 29.53 29.25 29.00 28.72 28.44 28.19 27.94 27.69 27.44 27.22 26.97 26.72 26.50 26.25 26.00 25.75 25.50 25.25 24.97 24.72 24.44 24.12 23.81 23.47 23.16 22.81 22.50 22.16 21.84 21.56 21.19 20.91 20.59 20.25 19.88 19.47 19.09 17.69 17.03 16.44 15.84 15.47 15.12 14.78 14.44 14.09 13.75 13.50 13.03 11.53 11.12 10.84 10.53 10.84 11.47 11.34 11.28 11.25 11.19 11.16 11.09 11.03 11.06 11.03 11.00 10.97 10.91 10.88
32.06 31.88 31.72 31.53 31.34 31.16 30.94 30.72 30.50 30.25 30.00 29.72 29.44 29.16 28.91 28.62 28.34 28.06 27.84 27.59 27.34 27.12 26.88 26.66 26.41 26.19 25.91 25.66 25.41 25.12 24.88 24.59 24.31 24.00 23.66 23.31 22.97 22.59 22.22 21.88 21.53 21.19 20.84 20.56 20.25 19.88 19.47 19.00 18.31 17.19 16.38 15.88 15.25 14.88 14.62 14.34 14.03 13.66 13.31 13.00 12.69 11.72 10.62 10.31 10.03 9.72 10.84 10.81 10.69 10.66 10.62 10.62 10.53 10.53 10.56 10.53 10.53 10.47 10.44 10.41
31.88 31.72 31.56 31.44 31.25 31.09 30.88 30.66 30.44 30.19 29.94 29.66 29.38 29.09 28.81 28.53 28.25 27.97 27.72 27.47 27.25 27.03 26.81 26.59 26.34 26.09 25.84 25.59 25.31 25.06 24.75 24.47 24.16 23.88 23.56 23.19 22.78 22.38 21.94 21.53 21.16 20.81 20.50 20.22 19.91 19.50 19.03 18.59 17.59 16.53 15.91 15.22 14.75 14.44 14.16 13.88 13.59 13.25 12.91 12.59 12.28 11.91 10.19 9.78 9.50 9.28 9.59 10.31 10.16 10.09 10.09 10.06 10.00 10.00 10.03 10.03 10.03 10.00 9.97 9.91
31.66 31.56 31.44 31.34 31.19 31.03 30.84 30.62 30.41 30.16 29.91 29.62 29.34 29.03 28.72 28.44 28.16 27.88 27.62 27.38 27.19 26.97 26.78 26.56 26.31 26.06 25.81 25.53 25.25 24.97 24.66 24.31 24.03 23.72 23.44 23.06 22.66 22.16 21.62 21.12 20.69 20.31 20.03 19.91 19.53 19.06 18.47 17.78 17.00 16.09 15.38 14.84 14.47 14.09 13.78 13.50 13.19 12.84 12.53 12.19 11.84 11.47 10.66 9.22 9.00 8.78 8.53 9.78 9.66 9.59 9.59 9.56 9.50 9.50 9.53 9.56 9.53 9.53 9.50 9.44
31.44 31.41 31.34 31.28 31.16 31.00 30.81 30.59 30.34 30.09 29.84 29.53 29.25 28.97 28.66 28.34 28.03 27.75 27.50 27.28 27.09 26.91 26.72 26.53 26.28 26.03 25.75 25.47 25.19 24.91 24.53 24.19 23.88 23.59 23.28 22.97 22.50 21.94 21.25 20.59 20.09 19.66 19.34 19.09 18.69 18.31 17.81 17.16 16.34 15.56 14.94 14.47 14.12 13.75 13.41 13.09 12.75 12.44 12.12 11.78 11.47 11.12 10.75 8.84 8.50 8.28 8.03 8.59 9.22 9.12 9.09 9.06 9.06 9.06 9.09 9.09 9.06 9.03 9.00 8.94
31.31 31.19 31.25 31.22 31.12 30.97 30.78 30.56 30.31 30.06 29.75 29.47 29.16 28.88 28.59 28.25 27.94 27.62 27.38 27.19 27.00 26.84 26.69 26.50 26.28 26.03 25.75 25.44 25.16 24.94 24.38 24.03 23.72 23.44 23.06 22.41 21.91 21.28 20.56 19.88 19.41 18.94 18.56 18.28 17.91 17.62 17.22 16.66 15.94 15.25 14.69 14.22 13.84 13.47 13.09 12.75 12.41 12.06 11.72 11.41 11.06 10.75 10.38 9.31 8.00 7.78 7.59 7.41 8.81 8.62 8.62 8.62 8.59 8.59 8.62 8.62 8.59 8.56 8.53 8.44
31.16 31.16 31.25 31.22 31.12 30.97 30.78 30.56 30.31 30.00 29.69 29.38 29.06 28.78 28.53 28.16 27.81 27.50 27.25 27.03 26.88 26.75 26.75 26.53 26.31 26.03 25.69 25.16 24.78 24.41 23.94 23.75 23.44 23.09 22.41 21.50 20.72 20.06 19.53 19.12 18.78 18.41 18.03 17.78 17.53 17.19 16.72 16.16 15.53 14.97 14.44 13.97 13.53 13.16 12.78 12.44 12.06 11.72 11.38 11.06 10.72 10.38 10.03 9.69 7.59 7.34 7.16 6.97 7.69 8.19 8.16 8.12 8.12 8.19 8.19 8.19 8.16 8.09 8.03 7.97
31.00 31.06 31.16 31.12 31.12 30.97 30.78 30.56 30.31 30.00 29.62 29.25 28.88 28.59 28.47 27.97 27.69 27.28 27.03 26.78 26.75 26.50 26.34 26.06 25.69 25.31 25.06 24.59 24.09 23.62 23.44 23.22 22.81 22.03 21.16 20.41 19.81 19.44 19.12 18.78 18.44 18.09 17.69 17.38 17.06 16.69 16.22 15.69 15.16 14.62 14.12 13.66 13.25 12.84 12.47 12.09 11.75 11.38 11.03 10.69 10.34 10.00 9.66 9.34 8.06 6.94 6.72 6.53 6.41 7.72 7.62 7.59 7.69 7.72 7.72 7.59 7.44 7.31 7.16 7.00
30.84 30.88 30.94 30.94 31.00 30.97 30.69 30.50 30.28 29.94 29.44 28.94 28.53 28.22 27.91 27.50 27.22 26.78 26.44 26.19 26.06 25.88 25.56 25.19 24.69 24.22 23.78 23.47 23.19 22.94 22.69 22.34 22.03 21.44 20.69 20.03 19.50 19.09 18.75 18.41 18.09 17.72 17.34 17.00 16.62 16.19 15.75 15.25 14.75 14.25 13.78 13.34 12.94 12.53 12.16 11.78 11.41 11.03 10.69 10.34 10.00 9.66 9.31 8.97 8.59 6.50 6.31 6.12 5.94 6.75 7.12 7.00 6.97 7.00 6.91 6.78 6.69 6.59 6.47 6.25
30.69 30.56 30.53 30.53 30.47 30.31 30.16 29.97 29.72 29.41 29.16 28.50 27.84 27.53 27.16 26.75 26.38 26.09 25.72 25.38 25.03 24.75 24.50 24.25 24.00 23.75 23.50 23.22 22.97 22.66 22.28 21.94 21.44 20.88 20.28 19.72 19.22 18.81 18.44 18.09 17.75 17.38 17.00 16.59 16.19 15.75 15.31 14.84 14.38 13.91 13.44 13.00 12.59 12.22 11.81 11.44 11.06 10.72 10.34 10.00 9.66 9.31 8.97 8.62 8.28 6.88 5.91 5.72 5.53 5.47 6.66 6.41 6.25 6.25 6.19 6.09 6.00 5.94 5.78 5.56
30.53 30.38 30.25 30.09 29.91 29.75 29.56 29.38 29.16 28.84 28.31 27.50 27.00 26.66 26.34 26.06 25.78 25.53 25.28 25.03 24.75 24.50 24.25 24.00 23.72 23.44 23.16 22.88 22.56 22.22 21.88 21.44 20.94 20.41 19.88 19.38 18.91 18.50 18.12 17.75 17.38 17.00 16.62 16.19 15.78 15.34 14.91 14.47 14.00 13.53 13.09 12.66 12.28 11.88 11.50 11.12 10.75 10.38 10.03 9.69 9.34 9.00 8.66 8.31 7.97 7.59 5.53 5.34 5.16 4.91 5.62 5.84 5.50 5.41 5.41 5.38 5.16 4.94 4.91 4.84
30.38 30.25 30.12 30.00 29.84 29.69 29.53 29.34 29.09 28.84 28.22 27.38 26.84 26.47 26.16 25.84 25.59 25.31 25.06 24.78 24.53 24.25 24.00 23.75 23.47 23.16 22.84 22.53 22.19 21.81 21.41 20.97 20.47 20.00 19.50 19.03 18.56 18.16 17.78 17.41 17.03 16.62 16.22 15.81 15.38 14.94 14.50 14.09 13.62 13.19 12.75 12.34 11.94 11.53 11.16 10.78 10.44 10.06 9.72 9.38 9.00 8.66 8.31 8.00 7.66 7.38 5.84 5.00 4.81 4.59 4.41 5.25 4.88 4.72 4.66 4.69 4.50 4.25 4.28 4.28
30.19 30.09 30.00 29.91 29.78 29.62 29.44 29.22 28.97 28.69 28.12 27.34 26.75 26.34 26.00 25.69 25.41 25.12 24.84 24.56 24.31 24.03 23.75 23.47 23.16 22.84 22.53 22.16 21.81 21.41 20.97 20.53 20.06 19.59 19.12 18.66 18.22 17.81 17.44 17.03 16.66 16.25 15.84 15.44 15.00 14.56 14.12 13.72 13.28 12.84 12.44 12.00 11.59 11.22 10.84 10.47 10.12 9.75 9.41 9.06 8.69 8.34 8.00 7.69 7.34 7.06 6.72 4.72 4.50 4.31 4.12 4.12 4.25 4.03 4.09 4.19 4.00 3.81 3.88 3.94
30.03 29.94 29.88 29.78 29.69 29.53 29.38 29.16 28.91 28.47 27.88 27.22 26.69 26.25 25.88 25.53 25.25 24.94 24.66 24.38 24.09 23.78 23.50 23.19 22.88 22.53 22.19 21.81 21.44 21.00 20.56 20.12 19.66 19.19 18.75 18.28 17.88 17.47 17.06 16.66 16.28 15.88 15.47 15.03 14.62 14.19 13.75 13.34 12.91 12.50 12.09 11.69 11.28 10.91 10.53 10.16 9.81 9.44 9.09 8.75 8.38 8.03 7.69 7.38 7.06 6.75 6.44 5.56 4.22 4.06 3.91 3.78 3.88 3.81 3.81 3.75 3.78 3.78 3.84 3.91
29.84 29.78 29.72 29.66 29.56 29.44 29.25 29.03 28.78 28.28 27.66 27.06 26.56 26.12 25.75 25.41 25.06 24.75 24.47 24.16 23.84 23.56 23.25 22.91 22.59 22.22 21.88 21.47 21.06 20.62 20.19 19.72 19.28 18.81 18.38 17.94 17.50 17.09 16.69 16.28 15.91 15.50 15.06 14.66 14.22 13.81 13.41 13.00 12.56 12.16 11.75 11.38 11.00 10.62 10.25 9.88 9.50 9.16 8.78 8.44 8.06 7.72 7.34 7.00 6.69 6.41 6.12 5.94 4.50 3.84 3.72 3.62 3.59 3.62 3.66 3.69 3.75 3.78 3.84 3.91
29.62 29.59 29.56 29.53 29.44 29.28 29.09 28.84 28.62 28.09 27.47 26.91 26.41 26.00 25.59 25.25 24.91 24.56 24.25 23.94 23.62 23.31 23.00 22.66 22.31 21.94 21.56 21.16 20.72 20.28 19.84 19.38 18.91 18.47 18.00 17.56 17.16 16.72 16.31 15.91 15.53 15.12 14.72 14.28 13.88 13.47 13.03 12.62 12.22 11.81 11.44 11.06 10.69 10.31 9.94 9.59 9.22 8.84 8.50 8.12 7.72 7.34 6.97 6.62 6.34 6.06 5.81 5.62 5.47 3.72 3.62 3.59 3.56 3.56 3.62 3.69 3.72 3.78 3.81 3.88
29.44 29.41 29.38 29.34 29.28 29.12 28.94 28.62 28.34 27.88 27.28 26.75 26.25 25.84 25.44 25.06 24.72 24.41 24.06 23.75 23.41 23.09 22.75 22.41 22.03 21.66 21.28 20.84 20.41 19.97 19.50 19.03 18.56 18.12 17.66 17.25 16.81 16.41 15.97 15.56 15.16 14.75 14.34 13.94 13.53 13.12 12.69 12.31 11.91 11.50 11.12 10.75 10.41 10.03 9.66 9.28 8.94 8.56 8.16 7.72 7.31 6.91 6.56 6.25 5.97 5.72 5.50 5.38 5.25 3.72 3.56 3.56 3.53 3.53 3.59 3.66 3.69 3.75 3.81 3.88
29.22 29.19 29.16 29.16 29.06 28.91 28.69 28.44 28.16 27.72 27.09 26.56 26.09 25.69 25.28 24.91 24.56 24.22 23.88 23.53 23.22 22.88 22.53 22.16 21.78 21.41 21.00 20.56 20.09 19.66 19.19 18.72 18.25 17.81 17.34 16.91 16.47 16.06 15.66 15.22 14.81 14.41 14.00 13.59 13.19 12.78 12.38 11.97 11.59 11.19 10.81 10.47 10.09 9.72 9.38 9.00 8.62 8.22 7.75 7.28 6.88 6.47 6.16 5.88 5.66 5.41 5.25 4.56 3.41 3.44 3.53 3.53 3.53 3.56 3.59 3.62 3.69 3.72 3.78 3.84
29.00 28.94 28.91 28.91 28.84 28.66 28.44 28.22 27.91 27.47 26.91 26.41 25.94 25.50 25.09 24.75 24.38 24.03 23.69 23.34 23.00 22.66 22.28 21.91 21.53 21.12 20.72 20.28 19.81 19.34 18.88 18.41 17.94 17.50 17.03 16.59 16.16 15.75 15.31 14.88 14.47 14.06 13.66 13.25 12.84 12.44 12.06 11.66 11.28 10.91 10.53 10.16 9.81 9.44 9.09 8.72 8.28 7.84 7.34 6.88 6.44 6.09 5.78 5.53 5.31 5.19 4.12 3.38 3.38 3.41 3.47 3.50 3.50 3.53 3.56 3.62 3.66 3.72 3.78 3.84
28.75 28.69 28.66 28.66 28.59 28.47 28.28 28.06 27.81 27.34 26.72 26.22 25.75 25.34 24.94 24.56 24.22 23.84 23.50 23.16 22.81 22.44 22.06 21.69 21.31 20.91 20.47 20.03 19.56 19.09 18.59 18.12 17.66 17.19 16.75 16.31 15.84 15.41 15.00 14.56 14.16 13.75 13.34 12.94 12.53 12.12 11.75 11.34 10.97 10.59 10.25 9.88 9.53 9.19 8.81 8.41 7.94 7.44 6.94 6.50 6.09 5.75 5.44 5.22 5.06 3.78 3.34 3.38 3.38 3.41 3.44 3.47 3.50 3.53 3.56 3.59 3.66 3.69 3.75 3.81
28.50 28.44 28.41 28.38 28.34 28.25 28.12 27.91 27.59 27.19 26.59 26.06 25.59 25.19 24.78 24.41 24.03 23.69 23.31 22.97 22.59 22.25 21.88 21.47 21.09 20.66 20.25 19.78 19.31 18.84 18.34 17.88 17.41 16.94 16.47 16.00 15.56 15.12 14.69 14.25 13.84 13.41 13.00 12.62 12.22 11.81 11.44 11.06 10.69 10.31 9.97 9.59 9.25 8.91 8.56 8.09 7.59 7.06 6.59 6.16 5.75 5.41 5.09 4.94 3.84 3.34 3.34 3.34 3.38 3.38 3.41 3.44 3.47 3.50 3.53 3.56 3.62 3.66 3.72 3.78
28.25 28.19 28.12 28.06 28.06 28.03 27.91 27.69 27.41 26.94 26.41 25.88 25.44 25.00 24.59 24.22 23.88 23.50 23.16 22.78 22.41 22.03 21.66 21.28 20.88 20.44 20.03 19.56 19.09 18.59 18.09 17.62 17.16 16.66 16.19 15.72 15.28 14.81 14.38 13.94 13.53 13.09 12.69 12.31 11.91 11.53 11.12 10.78 10.41 10.03 9.69 9.34 9.00 8.62 8.25 7.72 7.22 6.72 6.28 5.88 5.47 5.09 4.84 3.88 3.31 3.34 3.34 3.34 3.34 3.38 3.41 3.41 3.44 3.47 3.50 3.53 3.59 3.66 3.69 3.81
28.03 27.94 27.88 27.84 27.81 27.75 27.62 27.41 27.09 26.66 26.19 25.72 25.25 24.84 24.44 24.06 23.69 23.34 22.97 22.59 22.22 21.84 21.47 21.06 20.66 20.25 19.81 19.34 18.88 18.38 17.88 17.41 16.91 16.44 15.94 15.47 15.00 14.53 14.09 13.66 13.22 12.81 12.41 12.00 11.59 11.22 10.84 10.47 10.12 9.75 9.41 9.06 8.72 8.34 7.94 7.41 6.91 6.41 6.03 5.62 5.25 4.88 4.41 3.31 3.31 3.31 3.34 3.34 3.34 3.34 3.38 3.41 3.44 3.47 3.47 3.50 3.62 3.94 4.03 3.97
27.88 27.78 27.62 27.56 27.53 27.44 27.31 27.09 26.75 26.28 25.94 25.53 25.09 24.69 24.28 23.91 23.53 23.16 22.78 22.44 22.06 21.66 21.28 20.88 20.47 20.03 19.59 19.16 18.66 18.16 17.66 17.19 16.69 16.19 15.69 15.22 14.75 14.28 13.81 13.38 12.94 12.50 12.09 11.72 11.31 10.94 10.56 10.22 9.84 9.50 9.16 8.81 8.44 8.06 7.62 7.12 6.62 6.19 5.81 5.47 5.06 4.78 3.34 3.31 3.31 3.31 3.31 3.31 3.34 3.34 3.34 3.38 3.41 3.44 3.47 3.91 4.19 4.12 4.09 4.00
27.72 27.62 27.47 27.31 27.25 27.12 26.97 26.75 26.44 26.03 25.59 25.28 24.94 24.53 24.16 23.75 23.38 23.00 22.62 22.25 21.88 21.50 21.09 20.69 20.28 19.84 19.41 18.97 18.47 17.97 17.47 16.97 16.47 15.97 15.47 14.97 14.50 14.03 13.56 13.09 12.66 12.22 11.81 11.44 11.03 10.66 10.31 9.94 9.59 9.25 8.91 8.53 8.16 7.78 7.34 6.91 6.41 6.00 5.62 5.28 4.97 3.59 3.31 3.31 3.31 3.31 3.31 3.31 3.31 3.34 3.34 3.38 3.38 3.56 4.31 4.28 4.25 4.22 4.16 4.06
27.53 27.44 27.28 27.09 26.94 26.81 26.66 26.44 26.09 25.66 25.31 25.03 24.75 24.38 23.97 23.59 23.19 22.84 22.47 22.09 21.72 21.31 20.94 20.53 20.12 19.69 19.22 18.78 18.31 17.78 17.28 16.78 16.28 15.78 15.28 14.78 14.28 13.78 13.31 12.84 12.38 11.97 11.56 11.19 10.78 10.41 10.03 9.69 9.34 9.00 8.66 8.28 7.88 7.50 7.09 6.69 6.25 5.84 5.50 5.19 4.28 3.31 3.31 3.31 3.31 3.31 3.31 3.31 3.31 3.31 3.34 3.34 3.81 4.41 4.38 4.38 4.34 4.28 4.19 4.09
27.31 27.22 27.06 26.84 26.66 26.47 26.38 26.12 25.88 25.56 25.22 24.81 24.53 24.22 23.81 23.44 23.03 22.66 22.28 21.94 21.56 21.16 20.78 20.38 19.94 19.53 19.06 18.62 18.12 17.62 17.12 16.62 16.09 15.59 15.06 14.56 14.06 13.56 13.09 12.59 12.16 11.75 11.34 10.97 10.56 10.16 9.78 9.44 9.06 8.75 8.41 8.00 7.59 7.19 6.81 6.44 6.06 5.69 5.38 5.00 3.34 3.31 3.31 3.31 3.31 3.31 3.31 3.31 3.31 3.31 3.31 3.97 4.50 4.47 4.47 4.44 4.41 4.34 4.25 4.12
27.12 26.97 26.81 26.59 26.34 26.19 26.09 25.84 25.62 25.31 25.06 24.66 24.38 24.03 23.62 23.25 22.88 22.50 22.12 21.75 21.38 21.00 20.62 20.22 19.81 19.38 18.94 18.47 18.00 17.47 16.97 16.47 15.94 15.44 14.91 14.41 13.88 13.38 12.88 12.34 11.91 11.59 11.28 10.81 10.34 9.94 9.53 9.19 8.81 8.50 8.12 7.72 7.28 6.91 6.59 6.22 5.88 5.53 5.25 3.66 3.34 3.34 3.31 3.31 3.31 3.31 3.31 3.31 3.31 3.31 3.88 4.56 4.56 4.53 4.53 4.53 4.50 4.41 4.31 4.12
26.94 26.78 26.53 26.31 26.09 25.94 25.78 25.56 25.34 25.06 24.78 24.50 24.22 23.84 23.44 23.06 22.69 22.34 21.97 21.59 21.22 20.84 20.47 20.06 19.66 19.25 18.81 18.34 17.88 17.38 16.84 16.34 15.81 15.28 14.78 14.25 13.72 13.19 12.72 12.19 11.94 11.59 11.16 10.75 10.28 9.72 9.28 8.88 8.56 8.22 7.84 7.38 7.00 6.59 6.31 6.03 5.72 5.41 5.00 3.34 3.34 3.34 3.34 3.34 3.31 3.31 3.31 3.31 3.31 3.44 4.59 4.59 4.59 4.62 4.62 4.62 4.56 4.47 4.34 4.12
26.84 26.59 26.25 26.00 25.84 25.69 25.50 25.28 25.06 24.84 24.56 24.28 23.97 23.62 23.25 22.88 22.50 22.16 21.81 21.44 21.09 20.72 20.34 19.94 19.53 19.12 18.69 18.25 17.78 17.28 16.78 16.25 15.72 15.19 14.66 14.09 13.59 13.06 12.59 12.12 11.94 11.47 11.00 10.59 10.19 9.78 9.34 8.97 8.56 8.06 7.59 7.22 6.78 6.47 6.09 5.84 5.53 5.28 3.59 3.38 3.34 3.34 3.34 3.34 3.34 3.31 3.31 3.31 3.31 4.62 4.62 4.66 4.66 4.69 4.72 4.72 4.66 4.53 4.34 4.09
26.72 26.38 26.03 25.75 25.59 25.44 25.25 25.03 24.81 24.56 24.28 24.03 23.75 23.44 23.06 22.69 22.34 22.00 21.66 21.28 20.94 20.56 20.19 19.81 19.41 19.00 18.59 18.16 17.69 17.19 16.69 16.16 15.62 15.09 14.56 14.00 13.47 12.97 12.47 12.00 11.78 11.31 10.88 10.44 10.03 9.62 9.22 8.81 8.44 8.03 7.56 7.06 6.62 6.28 5.94 5.66 5.41 4.84 3.38 3.38 3.38 3.34 3.34 3.34 3.34 3.34 3.34 3.31 4.19 4.66 4.69 4.69 4.72 4.75 4.78 4.78 4.72 4.56 4.34 4.00
26.44 26.09 25.81 25.53 25.34 25.16 25.00 24.75 24.50 24.28 24.00 23.75 23.53 23.22 22.91 22.53 22.19 21.84 21.47 21.12 20.78 20.41 20.06 19.69 19.28 18.91 18.47 18.06 17.62 17.12 16.62 16.09 15.56 15.03 14.50 13.94 13.41 12.88 12.41 11.94 11.66 11.19 10.75 10.31 9.88 9.47 9.06 8.66 8.28 7.81 7.38 6.94 6.53 6.16 5.84 5.56 5.25 3.53 3.38 3.38 3.38 3.38 3.38 3.34 3.34 3.34 3.34 3.62 4.69 4.69 4.72 4.75 4.78 4.81 4.84 4.84 4.75 4.56 4.25 3.81
26.09 25.81 25.50 25.28 25.06 24.88 24.69 24.47 24.22 24.00 23.81 23.47 23.25 23.00 22.69 22.34 22.00 21.66 21.31 20.97 20.62 20.25 19.91 19.53 19.16 18.78 18.38 17.97 17.53 17.06 16.56 16.06 15.53 15.00 14.44 13.91 13.34 12.81 12.31 11.84 11.50 11.06 10.59 10.16 9.72 9.31 8.91 8.47 8.06 7.66 7.22 6.78 6.41 6.06 5.69 5.47 4.66 3.41 3.41 3.41 3.38 3.38 3.38 3.38 3.38 3.34 3.34 4.66 4.72 4.72 4.75 4.78 4.81 4.84 4.84 4.81 4.69 4.47 4.06 3.53
25.75 25.47 25.22 25.00 24.75 24.50 24.38 24.16 23.94 23.72 23.50 23.25 22.97 22.78 22.47 22.12 21.81 21.47 21.12 20.78 20.44 20.09 19.75 19.41 19.03 18.66 18.28 17.88 17.44 17.00 16.53 16.00 15.47 14.97 14.41 13.88 13.34 12.81 12.28 11.78 11.41 10.94 10.47 10.03 9.59 9.16 8.75 8.31 7.91 7.47 7.06 6.66 6.25 5.94 5.62 5.31 3.50 3.41 3.41 3.41 3.41 3.41 3.38 3.38 3.38 3.38 3.78 4.72 4.75 4.78 4.81 4.84 4.84 4.84 4.81 4.69 4.50 4.19 3.72 3.16
