everonasctiles/Tile[13,18].asc
ncols 128
nrows 128
xllcorner 0
yllcorner 0
cellsize 2.0
NODATA_value  -9999
[rows 32 to 63 of 128, columns 0 to 70 of 128]
120.44 120.53 120.56 120.59 120.62 120.59 120.53 120.44 120.25 120.16 120.03 120.12 120.16 120.28 120.53 120.69 120.81 120.91 120.88 120.78 120.59 120.38 120.03 120.00 119.91 119.75 119.66 119.66 119.69 119.69 119.69 119.81 119.91 120.12 120.25 120.41 120.50 120.59 120.59 120.53 120.41 120.12 119.88 119.53 119.31 118.97 118.44 117.88 117.44 117.12 116.78 116.56 116.44 116.31 116.28 116.25 116.19 116.09 116.00 115.84 115.69 115.50 115.34 115.12 114.78 114.78 114.69 114.59 114.44 114.22 114.09
120.50 120.59 120.69 120.69 120.69 120.62 120.56 120.50 120.31 120.19 120.19 120.25 120.25 120.44 120.59 120.75 120.84 120.88 120.84 120.72 120.59 120.38 120.22 119.97 119.84 119.75 119.69 119.69 119.69 119.69 119.69 119.75 119.84 119.97 120.31 120.53 120.69 120.81 120.84 120.81 120.66 120.50 120.31 120.06 119.72 119.19 118.78 118.31 117.84 117.41 117.06 116.81 116.62 116.53 116.53 116.53 116.50 116.41 116.28 116.22 116.03 115.81 115.59 115.34 115.16 115.06 114.91 114.78 114.59 114.38 114.22
120.50 120.66 120.75 120.75 120.69 120.66 120.56 120.47 120.31 120.22 120.25 120.38 120.44 120.59 120.66 120.75 120.81 120.81 120.75 120.56 120.44 120.25 120.06 119.88 119.78 119.75 119.84 119.72 119.69 119.72 119.75 119.72 119.88 120.06 120.31 120.56 120.78 120.94 121.00 121.00 120.88 120.72 120.56 120.31 119.97 119.47 118.94 118.59 118.06 117.44 117.38 117.16 116.94 116.81 116.78 116.78 116.75 116.72 116.66 116.53 116.31 116.09 115.81 115.62 115.38 115.28 115.09 114.94 114.72 114.50 114.28
120.50 120.69 120.75 120.78 120.72 120.62 120.50 120.41 120.31 120.25 120.31 120.41 120.53 120.62 120.72 120.75 120.75 120.66 120.59 120.41 120.22 120.12 119.97 119.91 119.94 119.94 119.91 119.88 119.81 119.78 119.75 119.81 119.84 120.00 120.25 120.50 120.75 120.97 121.06 121.09 121.00 120.88 120.69 120.41 120.06 119.59 119.16 118.69 118.09 117.88 117.66 117.50 117.25 117.12 117.06 117.00 117.03 117.00 116.91 116.72 116.56 116.28 116.06 115.75 115.59 115.41 115.19 114.94 114.75 114.50 114.25
120.53 120.69 120.75 120.75 120.72 120.62 120.47 120.34 120.31 120.34 120.41 120.50 120.59 120.69 120.72 120.72 120.66 120.56 120.38 120.28 120.22 120.06 119.94 120.09 120.06 120.03 120.00 119.94 119.81 119.78 119.78 119.81 119.84 119.97 120.09 120.44 120.72 120.91 121.03 121.09 121.09 120.94 120.72 120.38 120.03 119.66 119.22 118.84 118.34 118.22 117.97 117.62 117.62 117.44 117.41 117.31 117.19 117.12 117.00 116.84 116.62 116.38 116.09 115.88 115.66 115.47 115.22 115.00 114.72 114.53 114.31
120.50 120.66 120.75 120.75 120.69 120.56 120.41 120.41 120.38 120.41 120.50 120.53 120.62 120.69 120.72 120.69 120.53 120.41 120.31 120.22 120.12 120.12 120.16 120.16 120.19 120.16 120.09 120.03 119.94 119.81 119.78 119.81 119.78 119.81 120.00 120.31 120.56 120.72 120.91 121.03 121.03 120.91 120.66 120.28 119.88 119.66 119.34 118.88 118.53 118.31 118.12 118.00 117.81 117.75 117.62 117.41 117.25 117.06 116.97 116.78 116.53 116.31 116.03 115.81 115.62 115.41 115.22 114.97 114.78 114.53 114.31
120.50 120.62 120.72 120.72 120.66 120.56 120.47 120.44 120.47 120.53 120.56 120.62 120.69 120.72 120.72 120.66 120.56 120.44 120.38 120.22 120.25 120.31 120.34 120.34 120.31 120.25 120.22 120.12 119.97 119.91 119.81 119.75 119.75 119.81 119.88 120.09 120.34 120.53 120.69 120.78 120.88 120.78 120.50 120.12 119.88 119.56 119.28 119.00 118.72 118.50 118.25 118.16 118.00 117.78 117.66 117.50 117.28 117.09 116.94 116.75 116.47 116.28 116.06 115.88 115.66 115.47 115.22 115.00 114.75 114.59 114.44
120.50 120.62 120.69 120.69 120.56 120.56 120.47 120.50 120.56 120.62 120.62 120.66 120.72 120.78 120.72 120.66 120.56 120.47 120.34 120.31 120.38 120.44 120.47 120.47 120.50 120.53 120.41 120.31 120.12 120.03 119.88 119.72 119.66 119.66 119.81 119.91 120.03 120.28 120.41 120.44 120.62 120.56 120.34 120.06 119.75 119.47 119.19 119.00 118.75 118.56 118.38 118.25 118.00 117.78 117.62 117.50 117.28 117.12 116.91 116.72 116.53 116.25 115.97 115.78 115.50 115.28 115.12 115.00 114.91 114.72 114.56
120.53 120.59 120.62 120.66 120.62 120.56 120.56 120.62 120.66 120.69 120.72 120.78 120.84 120.84 120.81 120.69 120.59 120.53 120.41 120.44 120.53 120.56 120.69 120.62 120.78 120.72 120.59 120.53 120.28 120.12 120.00 119.84 119.66 119.66 119.66 119.81 119.84 119.94 120.16 120.22 120.28 120.28 120.09 119.78 119.62 119.41 119.16 119.00 118.75 118.56 118.38 118.19 118.00 117.81 117.66 117.47 117.22 117.06 116.88 116.62 116.44 116.31 116.19 115.94 115.72 115.53 115.34 115.19 115.00 114.84 114.69
120.53 120.56 120.62 120.66 120.66 120.66 120.66 120.69 120.75 120.78 120.84 120.94 120.97 121.00 120.91 120.81 120.62 120.53 120.47 120.53 120.62 120.75 120.91 121.00 121.06 121.03 120.94 120.78 120.50 120.28 120.09 119.91 119.66 119.66 119.66 119.66 119.69 119.78 119.84 119.97 120.00 119.91 119.72 119.66 119.41 119.28 119.16 118.97 118.75 118.59 118.41 118.19 118.00 117.81 117.62 117.44 117.28 117.06 116.84 116.75 116.62 116.38 116.16 115.97 115.84 115.66 115.47 115.31 115.12 114.97 114.81
120.53 120.56 120.66 120.69 120.69 120.72 120.78 120.81 120.84 120.88 121.03 121.09 121.12 121.09 121.03 120.84 120.69 120.59 120.53 120.62 120.75 120.91 121.06 121.22 121.25 121.28 121.19 120.97 120.75 120.47 120.12 119.97 119.78 119.66 119.66 119.66 119.69 119.72 119.78 119.81 119.75 119.69 119.59 119.50 119.38 119.16 119.00 118.94 118.75 118.53 118.38 118.16 117.97 117.81 117.66 117.44 117.22 117.00 116.88 116.78 116.62 116.44 116.25 116.12 115.94 115.75 115.59 115.41 115.25 115.09 114.94
120.56 120.56 120.66 120.72 120.78 120.81 120.84 120.91 120.91 121.00 121.12 121.22 121.25 121.19 121.12 120.97 120.81 120.66 120.59 120.66 120.78 120.94 121.16 121.34 121.47 121.44 121.38 121.19 120.91 120.53 120.31 120.06 119.81 119.66 119.66 119.66 119.69 119.69 119.69 119.69 119.66 119.62 119.50 119.41 119.38 119.22 119.03 118.84 118.66 118.38 118.25 118.19 118.00 117.66 117.47 117.38 117.22 117.19 117.03 116.84 116.66 116.53 116.38 116.19 116.03 115.84 115.69 115.53 115.38 115.22 115.06
120.62 120.62 120.75 120.84 120.88 120.94 120.97 121.00 121.00 121.03 121.22 121.28 121.31 121.25 121.12 121.00 120.81 120.78 120.69 120.69 120.81 121.00 121.19 121.44 121.59 121.59 121.50 121.31 121.03 120.69 120.31 120.06 119.88 119.69 119.66 119.66 119.69 119.66 119.69 119.72 119.69 119.56 119.50 119.41 119.28 119.12 118.88 118.78 118.66 118.59 118.38 118.03 117.88 117.84 117.69 117.56 117.38 117.22 117.00 116.91 116.75 116.59 116.41 116.25 116.09 115.94 115.78 115.62 115.47 115.34 115.19
120.84 120.81 120.91 120.91 121.00 121.03 121.06 121.09 121.09 121.12 121.28 121.34 121.38 121.31 121.22 121.06 120.94 120.84 120.75 120.78 120.84 120.97 121.22 121.47 121.66 121.69 121.56 121.34 121.09 120.75 120.44 120.12 119.88 119.75 119.69 119.66 119.69 119.72 119.66 119.66 119.62 119.59 119.50 119.34 119.16 119.00 119.09 118.97 118.78 118.59 118.41 118.28 118.09 117.91 117.72 117.56 117.41 117.25 117.06 116.94 116.78 116.62 116.47 116.34 116.19 116.03 115.88 115.72 115.59 115.47 115.31
121.06 121.06 121.03 121.12 121.16 121.19 121.19 121.16 121.16 121.19 121.31 121.41 121.44 121.38 121.22 121.12 120.97 120.84 120.84 120.88 120.91 121.00 121.25 121.44 121.62 121.69 121.56 121.31 121.12 120.78 120.38 120.12 119.97 119.78 119.69 119.69 119.69 119.75 119.75 119.72 119.62 119.50 119.44 119.38 119.31 119.22 119.06 118.94 118.81 118.66 118.50 118.31 118.09 117.94 117.78 117.62 117.44 117.28 117.12 116.97 116.81 116.69 116.53 116.41 116.25 116.12 115.97 115.84 115.69 115.56 115.44
121.53 121.41 121.28 121.28 121.31 121.31 121.28 121.28 121.28 121.28 121.41 121.47 121.47 121.41 121.22 121.12 120.97 120.88 120.91 120.94 121.00 121.03 121.25 121.44 121.56 121.62 121.50 121.25 121.06 120.66 120.44 120.19 119.97 119.81 119.69 119.69 119.75 119.75 119.75 119.69 119.69 119.66 119.59 119.44 119.38 119.28 119.16 119.03 118.84 118.69 118.53 118.34 118.16 118.00 117.81 117.62 117.50 117.31 117.16 117.03 116.88 116.72 116.59 116.47 116.31 116.19 116.06 115.94 115.81 115.69 115.56
121.78 121.72 121.59 121.53 121.47 121.50 121.53 121.50 121.53 121.59 121.59 121.59 121.50 121.38 121.28 121.16 121.00 120.97 121.00 121.00 121.09 121.09 121.19 121.38 121.53 121.53 121.34 121.09 120.81 120.62 120.34 120.16 119.94 119.88 119.78 119.78 119.81 119.78 119.75 119.78 119.69 119.75 119.69 119.56 119.47 119.38 119.22 119.06 118.88 118.69 118.53 118.38 118.22 118.00 117.81 117.66 117.50 117.34 117.19 117.06 116.91 116.78 116.66 116.53 116.41 116.28 116.16 116.03 115.94 115.81 115.72
122.12 121.97 121.88 121.72 121.72 121.72 121.75 121.81 121.84 121.75 121.81 121.72 121.62 121.41 121.31 121.19 121.12 121.09 121.09 121.12 121.12 121.22 121.25 121.34 121.47 121.44 121.31 121.06 120.75 120.50 120.31 120.19 120.00 119.88 119.84 119.84 119.84 119.81 119.78 119.75 119.81 119.81 119.78 119.69 119.56 119.47 119.31 119.12 118.94 118.72 118.59 118.38 118.22 118.03 117.88 117.72 117.50 117.38 117.22 117.09 116.97 116.84 116.72 116.59 116.47 116.34 116.25 116.12 116.03 115.94 115.84
122.31 122.16 121.94 121.94 121.91 121.94 122.00 122.06 122.03 122.09 122.03 121.94 121.75 121.62 121.53 121.44 121.28 121.22 121.22 121.28 121.28 121.31 121.31 121.38 121.44 121.34 121.25 120.97 120.69 120.50 120.34 120.16 120.00 119.88 119.88 119.91 119.84 119.84 119.78 119.84 119.88 119.91 119.88 119.78 119.66 119.50 119.34 119.19 119.00 118.78 118.66 118.47 118.25 118.09 117.94 117.72 117.53 117.41 117.28 117.16 117.03 116.91 116.78 116.66 116.56 116.44 116.34 116.25 116.16 116.06 115.97
122.50 122.31 122.12 122.06 122.06 122.06 122.16 122.19 122.28 122.31 122.25 122.12 122.00 121.88 121.72 121.66 121.53 121.44 121.44 121.44 121.44 121.47 121.44 121.44 121.47 121.41 121.22 121.00 120.78 120.56 120.38 120.19 120.03 119.94 119.91 119.94 119.94 119.88 119.81 119.88 119.91 119.94 119.91 119.81 119.69 119.50 119.41 119.25 119.00 118.81 118.59 118.47 118.25 118.09 117.94 117.78 117.62 117.47 117.31 117.19 117.06 116.97 116.84 116.75 116.62 116.53 116.44 116.34 116.25 116.19 116.09
122.59 122.41 122.19 122.19 122.16 122.16 122.22 122.31 122.41 122.44 122.41 122.34 122.28 122.06 121.91 121.84 121.78 121.84 121.69 121.81 121.75 121.75 121.56 121.53 121.53 121.44 121.22 121.03 120.78 120.62 120.41 120.22 120.09 119.97 119.94 120.00 119.97 119.94 119.91 119.91 119.97 119.97 119.94 119.84 119.72 119.59 119.44 119.22 119.06 118.84 118.66 118.44 118.31 118.16 117.97 117.81 117.66 117.50 117.38 117.25 117.12 117.03 116.91 116.81 116.72 116.62 116.53 116.47 116.38 116.28 116.22
122.59 122.44 122.28 122.19 122.12 122.09 122.22 122.34 122.44 122.47 122.47 122.44 122.41 122.31 122.16 122.19 122.22 122.22 122.19 122.19 122.16 122.09 121.88 121.72 121.69 121.59 121.28 121.03 120.84 120.66 120.50 120.31 120.16 120.06 120.06 120.03 120.03 120.00 119.97 120.00 120.00 119.97 119.97 119.88 119.78 119.62 119.47 119.28 119.03 118.84 118.62 118.50 118.31 118.16 118.03 117.88 117.69 117.56 117.44 117.31 117.19 117.09 117.00 116.91 116.81 116.72 116.66 116.56 116.50 116.41 116.34
122.56 122.34 122.25 122.12 122.03 122.00 122.12 122.22 122.31 122.34 122.38 122.44 122.44 122.44 122.44 122.47 122.50 122.53 122.59 122.59 122.50 122.34 122.16 121.97 121.84 121.72 121.38 121.16 120.88 120.72 120.56 120.38 120.28 120.16 120.16 120.12 120.12 120.06 120.06 120.06 120.06 120.09 120.03 119.91 119.81 119.66 119.47 119.28 119.09 118.88 118.69 118.50 118.34 118.19 118.06 117.91 117.75 117.62 117.50 117.38 117.25 117.16 117.06 117.00 116.91 116.81 116.75 116.69 116.62 116.53 116.47
122.41 122.25 122.06 121.94 121.81 121.88 121.91 122.00 122.12 122.09 122.16 122.28 122.34 122.44 122.50 122.59 122.66 122.75 122.84 122.88 122.78 122.50 122.50 122.34 122.06 121.75 121.53 121.19 121.03 120.78 120.62 120.50 120.41 120.28 120.25 120.22 120.22 120.16 120.19 120.19 120.19 120.19 120.09 120.00 119.81 119.66 119.50 119.31 119.09 118.91 118.78 118.59 118.41 118.25 118.09 117.94 117.81 117.69 117.56 117.44 117.34 117.25 117.16 117.06 117.00 116.94 116.88 116.81 116.75 116.66 116.59
122.19 122.03 121.84 121.62 121.56 121.53 121.66 121.72 121.78 121.78 121.84 122.03 122.19 122.31 122.41 122.56 122.72 122.88 123.03 123.06 123.03 122.94 122.84 122.69 122.34 122.06 121.72 121.38 121.09 120.91 120.69 120.62 120.50 120.44 120.34 120.31 120.28 120.28 120.28 120.28 120.28 120.25 120.16 120.03 119.81 119.66 119.50 119.31 119.12 119.03 118.84 118.66 118.44 118.31 118.12 118.00 117.84 117.72 117.62 117.50 117.41 117.31 117.25 117.19 117.09 117.03 116.97 116.91 116.84 116.81 116.75
121.94 121.69 121.56 121.50 121.41 121.44 121.44 121.44 121.44 121.44 121.53 121.75 121.91 122.06 122.22 122.50 122.72 122.94 123.06 123.16 123.16 123.12 123.03 122.88 122.53 122.19 121.69 121.41 121.22 121.03 120.84 120.72 120.66 120.56 120.47 120.44 120.41 120.34 120.34 120.38 120.38 120.34 120.22 120.09 119.81 119.69 119.59 119.41 119.25 119.09 118.91 118.69 118.50 118.34 118.19 118.03 117.91 117.78 117.69 117.59 117.50 117.41 117.34 117.28 117.22 117.16 117.09 117.03 117.00 116.94 116.88
121.59 121.44 121.38 121.34 121.31 121.28 121.22 121.22 121.25 121.28 121.34 121.44 121.56 121.69 122.09 122.44 122.66 122.84 123.03 123.16 123.19 123.19 123.12 122.94 122.66 122.22 121.81 121.50 121.28 121.12 121.00 120.91 120.81 120.69 120.62 120.56 120.50 120.50 120.44 120.47 120.41 120.38 120.28 120.12 119.94 119.78 119.66 119.47 119.31 119.12 118.94 118.72 118.56 118.41 118.22 118.09 117.97 117.84 117.75 117.66 117.59 117.50 117.44 117.38 117.31 117.28 117.22 117.16 117.12 117.06 117.03
121.34 121.28 121.25 121.22 121.19 121.16 121.06 121.06 121.12 121.12 121.19 121.31 121.38 121.53 121.84 122.22 122.50 122.72 122.91 123.03 123.12 123.16 123.16 123.03 122.72 122.28 122.03 121.56 121.44 121.28 121.16 121.06 120.94 120.84 120.78 120.78 120.72 120.59 120.62 120.53 120.53 120.41 120.31 120.12 120.00 119.88 119.66 119.50 119.31 119.16 118.94 118.78 118.59 118.38 118.28 118.16 118.03 117.91 117.81 117.75 117.69 117.59 117.56 117.50 117.44 117.41 117.34 117.31 117.25 117.22 117.16
121.12 121.09 121.12 121.12 121.09 121.03 120.94 120.94 120.94 121.00 121.09 121.19 121.22 121.47 121.69 122.00 122.16 122.56 122.72 122.78 122.97 123.03 123.09 123.06 122.91 122.59 122.28 121.84 121.56 121.41 121.25 121.19 121.09 121.12 121.03 121.00 120.91 120.84 120.78 120.69 120.59 120.50 120.38 120.25 120.09 119.91 119.69 119.44 119.31 119.19 119.00 118.78 118.59 118.50 118.34 118.22 118.09 118.00 117.91 117.84 117.78 117.72 117.66 117.62 117.56 117.53 117.47 117.44 117.41 117.34 117.31
121.00 121.00 121.03 121.03 121.03 120.97 120.81 120.84 120.81 120.94 121.00 121.03 121.19 121.41 121.62 121.78 122.16 122.38 122.47 122.66 122.72 122.94 123.00 123.06 123.00 122.75 122.50 122.16 121.88 121.56 121.50 121.38 121.38 121.31 121.28 121.25 121.16 121.03 120.88 120.75 120.69 120.56 120.41 120.28 120.09 119.94 119.66 119.50 119.38 119.19 119.03 118.88 118.72 118.53 118.38 118.25 118.16 118.09 118.00 117.94 117.88 117.84 117.78 117.75 117.69 117.66 117.62 117.56 117.53 117.50 117.47
120.88 120.91 120.91 120.97 120.94 120.91 120.84 120.75 120.75 120.78 120.94 121.03 121.16 121.34 121.56 121.78 122.00 122.16 122.38 122.44 122.62 122.81 122.94 123.03 123.03 122.88 122.69 122.41 122.00 121.88 121.75 121.62 121.59 121.50 121.47 121.44 121.31 121.19 121.00 120.88 120.78 120.59 120.50 120.31 120.16 119.94 119.69 119.56 119.41 119.25 119.09 118.97 118.75 118.56 118.41 118.34 118.25 118.19 118.09 118.06 118.00 117.94 117.91 117.88 117.81 117.78 117.75 117.72 117.69 117.66 117.62
120.81 120.84 120.88 120.88 120.88 120.84 120.72 120.69 120.69 120.72 120.84 120.97 121.12 121.31 121.47 121.66 121.91 122.09 122.19 122.41 122.50 122.69 122.91 123.03 123.03 122.94 122.78 122.53 122.31 122.09 121.94 121.84 121.72 121.69 121.62 121.56 121.44 121.28 121.12 121.00 120.84 120.69 120.53 120.34 120.19 119.97 119.81 119.66 119.47 119.28 119.12 118.91 118.66 118.53 118.53 118.44 118.38 118.28 118.22 118.16 118.12 118.09 118.03 118.00 117.97 117.94 117.91 117.88 117.84 117.81 117.78
