everonasctiles/Tile22,18.asc
ncols 128
nrows 128
xllcorner 0
yllcorner 0
cellsize 2.0
NODATA_value  -9999
[rows 34 to 67 of 128, columns 0 to 76 of 128]
80.50 80.41 80.19 79.94 79.56 79.19 78.78 78.41 78.06 77.75 77.41 77.09 76.78 76.53 76.38 76.22 76.03 75.22 74.66 74.09 73.56 73.06 72.69 72.38 72.06 71.78 71.56 71.31 71.12 70.94 70.72 70.44 70.16 69.91 69.66 69.38 69.12 68.91 68.69 68.47 68.28 68.12 67.94 67.75 67.56 67.44 67.28 67.16 67.03 66.84 66.66 66.44 66.22 66.03 65.88 65.69 65.56 65.41 65.28 65.16 65.03 64.94 64.81 64.72 64.62 64.59 64.50 64.47 64.38 64.31 64.34 64.50 64.72 65.09 65.50 65.94 66.38
80.41 80.38 80.12 79.88 79.56 79.19 78.78 78.47 78.12 77.81 77.53 77.25 76.97 76.72 76.59 76.41 75.78 75.12 74.56 73.97 73.53 73.09 72.69 72.38 72.03 71.75 71.47 71.25 71.06 70.88 70.69 70.44 70.19 69.94 69.69 69.41 69.12 68.88 68.66 68.44 68.25 68.03 67.88 67.69 67.50 67.31 67.22 67.06 66.94 66.78 66.59 66.38 66.19 66.00 65.84 65.69 65.53 65.38 65.25 65.12 65.03 64.91 64.81 64.72 64.62 64.59 64.53 64.47 64.41 64.34 64.31 64.44 64.69 65.03 65.44 65.88 66.28
80.41 80.28 80.09 79.88 79.56 79.22 78.84 78.53 78.22 77.91 77.62 77.38 77.16 76.94 76.78 76.31 75.47 74.94 74.44 73.94 73.50 73.09 72.75 72.38 71.97 71.66 71.38 71.22 71.06 70.84 70.66 70.41 70.16 69.91 69.62 69.38 69.09 68.84 68.59 68.41 68.19 68.00 67.81 67.62 67.44 67.28 67.12 67.00 66.88 66.72 66.53 66.34 66.16 65.97 65.81 65.66 65.53 65.38 65.25 65.12 65.00 64.91 64.78 64.69 64.62 64.56 64.53 64.50 64.44 64.41 64.38 64.44 64.69 65.00 65.34 65.72 66.19
80.59 80.22 80.09 79.88 79.59 79.25 78.91 78.59 78.31 78.03 77.75 77.50 77.28 77.12 76.81 75.81 75.28 74.78 74.31 73.91 73.50 73.09 72.69 72.28 71.94 71.56 71.38 71.22 71.03 70.84 70.62 70.41 70.12 69.88 69.62 69.34 69.09 68.81 68.56 68.34 68.16 67.94 67.75 67.56 67.38 67.22 67.06 66.91 66.78 66.66 66.47 66.31 66.12 65.94 65.78 65.62 65.50 65.34 65.25 65.12 65.00 64.88 64.78 64.72 64.59 64.56 64.53 64.50 64.47 64.44 64.44 64.47 64.62 64.97 65.25 65.59 66.06
80.97 80.12 80.09 79.88 79.59 79.25 78.97 78.69 78.41 78.12 77.84 77.62 77.47 77.25 76.19 75.59 75.06 74.62 74.19 73.75 73.38 73.00 72.59 72.25 71.88 71.56 71.41 71.22 71.03 70.81 70.59 70.38 70.09 69.81 69.56 69.31 69.03 68.75 68.53 68.31 68.09 67.88 67.69 67.50 67.31 67.16 67.00 66.88 66.72 66.59 66.41 66.25 66.09 65.91 65.75 65.59 65.47 65.34 65.22 65.09 65.00 64.88 64.78 64.72 64.59 64.56 64.53 64.50 64.47 64.47 64.47 64.53 64.59 64.88 65.12 65.44 65.88
81.19 80.12 80.00 79.84 79.53 79.28 79.00 78.75 78.50 78.25 77.97 77.78 77.66 76.62 75.78 75.25 74.81 74.44 74.03 73.56 73.19 72.84 72.53 72.19 71.88 71.62 71.44 71.25 71.00 70.78 70.56 70.31 70.06 69.78 69.53 69.25 68.97 68.72 68.47 68.25 68.03 67.84 67.66 67.47 67.28 67.09 66.94 66.81 66.69 66.56 66.38 66.22 66.06 65.91 65.72 65.59 65.44 65.31 65.22 65.09 64.97 64.84 64.75 64.69 64.59 64.56 64.53 64.50 64.50 64.50 64.53 64.59 64.66 64.81 65.12 65.44 65.81
81.16 80.31 79.94 79.75 79.50 79.28 79.06 78.84 78.59 78.34 78.09 77.97 77.28 76.12 75.50 75.03 74.66 74.28 73.88 73.47 73.06 72.72 72.44 72.16 71.91 71.69 71.47 71.22 71.00 70.78 70.53 70.28 70.03 69.75 69.47 69.22 68.94 68.69 68.44 68.22 68.00 67.78 67.59 67.41 67.22 67.06 66.91 66.75 66.62 66.50 66.34 66.16 66.00 65.84 65.69 65.56 65.41 65.31 65.19 65.06 64.97 64.84 64.75 64.66 64.59 64.53 64.53 64.50 64.53 64.53 64.59 64.62 64.72 64.84 65.09 65.38 65.75
81.09 80.62 79.84 79.72 79.50 79.31 79.12 78.91 78.69 78.44 78.28 77.84 76.44 75.75 75.34 74.94 74.56 74.22 73.84 73.44 73.06 72.69 72.38 72.12 71.91 71.72 71.47 71.25 71.00 70.75 70.50 70.25 69.97 69.72 69.44 69.19 68.91 68.66 68.41 68.19 67.97 67.75 67.56 67.38 67.19 67.03 66.84 66.72 66.56 66.44 66.28 66.12 65.94 65.81 65.66 65.53 65.38 65.28 65.16 65.03 64.94 64.81 64.72 64.66 64.56 64.53 64.50 64.50 64.53 64.56 64.59 64.66 64.75 64.84 65.06 65.41 65.81
81.09 80.84 79.84 79.69 79.50 79.31 79.16 79.00 78.78 78.53 78.34 76.81 76.06 75.62 75.25 74.88 74.53 74.19 73.81 73.47 73.09 72.75 72.38 72.12 71.94 71.72 71.47 71.22 70.97 70.72 70.44 70.19 69.94 69.66 69.41 69.12 68.88 68.62 68.38 68.16 67.94 67.72 67.53 67.34 67.16 66.97 66.81 66.66 66.50 66.38 66.25 66.06 65.91 65.75 65.59 65.47 65.34 65.25 65.12 65.03 64.91 64.81 64.69 64.62 64.56 64.50 64.50 64.50 64.53 64.56 64.62 64.66 64.75 64.88 65.16 65.44 65.84
81.12 80.91 80.00 79.53 79.44 79.31 79.19 79.06 78.88 78.72 77.50 76.53 75.97 75.53 75.19 74.84 74.50 74.16 73.81 73.47 73.12 72.78 72.44 72.16 71.94 71.72 71.47 71.22 70.97 70.69 70.44 70.16 69.91 69.62 69.38 69.09 68.84 68.59 68.34 68.09 67.88 67.69 67.47 67.28 67.09 66.94 66.75 66.59 66.44 66.31 66.19 66.00 65.84 65.69 65.56 65.41 65.28 65.19 65.09 64.97 64.88 64.78 64.69 64.59 64.50 64.47 64.47 64.47 64.50 64.56 64.62 64.69 64.78 64.88 65.12 65.50 65.91
81.16 80.94 80.19 79.53 79.31 79.31 79.25 79.19 79.09 78.25 77.12 76.38 75.81 75.47 75.12 74.81 74.47 74.16 73.81 73.50 73.16 72.84 72.47 72.19 71.94 71.69 71.44 71.19 70.94 70.66 70.41 70.12 69.84 69.59 69.34 69.06 68.81 68.56 68.31 68.09 67.88 67.66 67.44 67.25 67.06 66.88 66.72 66.56 66.41 66.28 66.12 65.97 65.81 65.66 65.50 65.34 65.22 65.12 65.03 64.94 64.84 64.75 64.66 64.59 64.50 64.44 64.44 64.47 64.50 64.56 64.59 64.66 64.75 64.84 65.09 65.50 65.84
81.12 80.94 80.50 79.62 79.44 79.34 79.28 79.25 79.31 78.06 77.06 76.22 75.75 75.44 75.12 74.81 74.50 74.19 73.84 73.53 73.22 72.88 72.50 72.22 71.94 71.69 71.41 71.16 70.88 70.62 70.34 70.09 69.81 69.56 69.31 69.03 68.78 68.53 68.28 68.06 67.84 67.62 67.41 67.22 67.00 66.84 66.66 66.50 66.34 66.22 66.06 65.91 65.75 65.59 65.44 65.31 65.16 65.06 64.97 64.88 64.78 64.69 64.62 64.56 64.47 64.44 64.44 64.44 64.47 64.50 64.56 64.66 64.72 64.84 65.09 65.41 65.72
81.12 80.94 80.75 79.84 79.53 79.31 79.28 79.25 79.31 78.72 77.06 76.16 75.75 75.44 75.12 74.84 74.53 74.22 73.88 73.56 73.25 72.91 72.53 72.22 71.94 71.66 71.41 71.12 70.84 70.59 70.31 70.03 69.78 69.50 69.25 68.97 68.75 68.50 68.25 68.03 67.81 67.59 67.38 67.16 66.97 66.78 66.62 66.47 66.31 66.16 66.00 65.88 65.72 65.56 65.41 65.25 65.12 65.00 64.88 64.81 64.72 64.66 64.59 64.50 64.44 64.41 64.41 64.41 64.41 64.47 64.53 64.59 64.66 64.75 65.00 65.28 65.53
81.12 80.94 80.78 80.34 79.41 79.28 79.19 79.19 79.19 79.09 77.12 76.22 75.81 75.50 75.19 74.88 74.56 74.25 73.94 73.62 73.31 72.94 72.56 72.22 71.88 71.59 71.34 71.09 70.84 70.53 70.25 69.97 69.72 69.47 69.19 68.94 68.69 68.47 68.22 67.97 67.75 67.56 67.34 67.12 66.94 66.75 66.59 66.41 66.25 66.09 65.94 65.81 65.66 65.50 65.34 65.22 65.06 64.94 64.81 64.72 64.66 64.59 64.53 64.47 64.44 64.38 64.38 64.38 64.38 64.44 64.50 64.56 64.62 64.69 64.88 65.12 65.41
81.09 80.94 80.78 80.66 79.25 79.00 79.09 79.09 79.06 79.06 77.75 76.50 75.97 75.62 75.28 74.97 74.62 74.31 74.00 73.69 73.34 72.97 72.62 72.25 71.91 71.62 71.34 71.12 70.84 70.53 70.19 69.91 69.66 69.38 69.12 68.88 68.66 68.41 68.19 67.94 67.72 67.50 67.31 67.09 66.91 66.72 66.53 66.34 66.19 66.03 65.91 65.75 65.59 65.44 65.28 65.19 65.00 64.88 64.78 64.66 64.56 64.53 64.47 64.41 64.38 64.34 64.31 64.31 64.34 64.41 64.44 64.50 64.56 64.62 64.75 64.97 65.25
81.09 80.94 80.78 80.62 79.66 79.12 79.06 79.00 78.97 78.94 78.44 76.75 76.16 75.75 75.38 75.03 74.69 74.34 74.03 73.72 73.41 73.09 72.72 72.34 72.03 71.72 71.41 71.12 70.81 70.50 70.19 69.88 69.59 69.34 69.06 68.81 68.59 68.34 68.12 67.91 67.69 67.50 67.28 67.06 66.88 66.66 66.47 66.31 66.12 65.97 65.84 65.69 65.56 65.41 65.25 65.09 64.97 64.84 64.72 64.62 64.53 64.47 64.41 64.34 64.31 64.31 64.28 64.28 64.31 64.34 64.41 64.47 64.50 64.56 64.66 64.88 65.12
81.03 80.88 80.72 80.59 80.12 79.00 78.94 78.88 78.84 78.78 78.69 77.03 76.34 75.84 75.47 75.09 74.72 74.41 74.06 73.75 73.44 73.16 72.81 72.47 72.12 71.81 71.50 71.16 70.81 70.50 70.19 69.88 69.56 69.31 69.00 68.75 68.53 68.28 68.06 67.88 67.66 67.44 67.22 67.03 66.84 66.62 66.44 66.25 66.06 65.91 65.78 65.62 65.50 65.38 65.22 65.06 64.91 64.78 64.69 64.56 64.47 64.41 64.34 64.31 64.28 64.25 64.22 64.22 64.25 64.28 64.31 64.41 64.47 64.50 64.56 64.75 64.97
80.97 80.81 80.66 80.53 80.38 79.03 78.78 78.75 78.69 78.66 78.59 77.72 76.50 75.94 75.53 75.12 74.75 74.41 74.09 73.78 73.47 73.19 72.88 72.53 72.16 71.81 71.47 71.16 70.81 70.50 70.19 69.91 69.59 69.31 69.00 68.69 68.44 68.22 68.03 67.81 67.59 67.41 67.19 67.00 66.78 66.56 66.38 66.19 66.03 65.88 65.72 65.56 65.44 65.31 65.16 65.03 64.88 64.75 64.62 64.53 64.44 64.38 64.31 64.28 64.22 64.19 64.19 64.19 64.19 64.22 64.28 64.31 64.38 64.47 64.50 64.59 64.75
80.91 80.75 80.59 80.44 80.31 79.38 78.66 78.59 78.53 78.47 78.41 78.16 76.66 76.03 75.56 75.16 74.78 74.44 74.09 73.78 73.47 73.19 72.88 72.53 72.16 71.84 71.50 71.16 70.84 70.56 70.25 69.91 69.62 69.31 68.97 68.62 68.34 68.16 67.97 67.75 67.56 67.34 67.12 66.94 66.72 66.53 66.34 66.16 65.97 65.81 65.66 65.50 65.34 65.22 65.09 64.97 64.84 64.72 64.59 64.50 64.41 64.34 64.25 64.22 64.19 64.16 64.12 64.12 64.12 64.19 64.22 64.25 64.31 64.41 64.47 64.53 64.62
80.84 80.66 80.50 80.34 80.22 79.88 78.50 78.41 78.34 78.28 78.22 78.12 76.91 76.06 75.59 75.16 74.78 74.41 74.09 73.75 73.47 73.16 72.88 72.50 72.16 71.81 71.47 71.12 70.84 70.56 70.25 69.94 69.62 69.31 68.97 68.62 68.34 68.09 67.88 67.72 67.50 67.31 67.09 66.88 66.69 66.50 66.28 66.09 65.94 65.75 65.59 65.44 65.31 65.16 65.03 64.91 64.78 64.66 64.53 64.44 64.38 64.28 64.22 64.19 64.12 64.12 64.09 64.06 64.09 64.12 64.16 64.22 64.28 64.34 64.41 64.50 64.59
80.75 80.56 80.41 80.22 80.09 79.94 78.56 78.22 78.16 78.09 78.03 77.97 77.34 76.06 75.56 75.12 74.75 74.41 74.06 73.75 73.44 73.12 72.81 72.47 72.12 71.78 71.44 71.12 70.84 70.53 70.19 69.88 69.59 69.28 68.94 68.66 68.34 68.06 67.84 67.66 67.47 67.28 67.06 66.84 66.66 66.44 66.25 66.06 65.88 65.69 65.53 65.38 65.22 65.09 64.97 64.84 64.72 64.59 64.47 64.38 64.31 64.25 64.19 64.12 64.09 64.06 64.03 64.03 64.03 64.06 64.09 64.16 64.22 64.28 64.38 64.44 64.56
80.66 80.47 80.28 80.09 79.94 79.78 78.97 78.03 77.97 77.91 77.88 77.81 77.59 76.00 75.50 75.09 74.72 74.38 74.03 73.72 73.41 73.09 72.75 72.41 72.06 71.75 71.44 71.16 70.88 70.53 70.16 69.78 69.44 69.19 68.91 68.66 68.38 68.06 67.78 67.59 67.41 67.22 67.03 66.84 66.62 66.41 66.22 66.03 65.84 65.66 65.47 65.31 65.16 65.00 64.88 64.75 64.66 64.50 64.41 64.31 64.25 64.19 64.12 64.09 64.06 64.00 64.00 64.00 64.00 64.03 64.06 64.09 64.16 64.22 64.31 64.41 64.50
80.56 80.38 80.16 79.97 79.78 79.59 79.34 77.91 77.81 77.75 77.69 77.66 77.56 76.06 75.47 75.06 74.69 74.34 74.03 73.72 73.38 73.06 72.75 72.41 72.03 71.72 71.41 71.12 70.84 70.50 70.09 69.72 69.38 69.09 68.84 68.59 68.34 68.06 67.78 67.56 67.34 67.16 66.97 66.78 66.56 66.38 66.16 65.97 65.78 65.62 65.44 65.25 65.09 64.94 64.81 64.69 64.59 64.47 64.34 64.25 64.19 64.12 64.09 64.03 63.97 63.97 63.94 63.94 63.94 63.97 64.00 64.03 64.09 64.16 64.25 64.34 64.47
80.41 80.22 80.03 79.81 79.62 79.44 79.22 77.94 77.62 77.59 77.53 77.47 77.44 76.53 75.44 75.03 74.69 74.34 74.03 73.69 73.38 73.06 72.75 72.38 72.03 71.69 71.38 71.06 70.78 70.44 70.06 69.69 69.34 69.09 68.84 68.59 68.31 68.03 67.78 67.53 67.28 67.12 66.94 66.75 66.53 66.34 66.12 65.91 65.75 65.56 65.38 65.19 65.03 64.88 64.75 64.62 64.50 64.41 64.28 64.19 64.09 64.03 64.00 63.97 63.94 63.91 63.88 63.88 63.88 63.88 63.91 63.97 64.03 64.09 64.16 64.28 64.38
80.28 80.06 79.88 79.69 79.47 79.25 79.03 78.19 77.47 77.41 77.38 77.31 77.28 76.91 75.41 75.00 74.66 74.34 74.00 73.69 73.38 73.06 72.75 72.41 72.03 71.69 71.34 71.03 70.72 70.38 70.00 69.62 69.28 69.03 68.81 68.56 68.28 68.00 67.75 67.47 67.25 67.09 66.91 66.72 66.50 66.28 66.06 65.88 65.66 65.50 65.31 65.12 64.97 64.81 64.66 64.53 64.44 64.31 64.22 64.12 64.03 63.97 63.91 63.88 63.84 63.81 63.78 63.78 63.78 63.81 63.81 63.88 63.94 64.00 64.06 64.16 64.28
80.22 79.94 79.72 79.50 79.28 79.06 78.84 78.47 77.31 77.25 77.19 77.16 77.09 76.97 75.41 75.00 74.66 74.31 74.00 73.69 73.41 73.09 72.78 72.44 72.09 71.69 71.31 70.97 70.62 70.28 69.97 69.56 69.25 68.97 68.75 68.53 68.25 67.97 67.66 67.41 67.25 67.06 66.88 66.66 66.47 66.25 66.03 65.81 65.62 65.44 65.25 65.06 64.91 64.75 64.59 64.47 64.34 64.25 64.16 64.06 63.97 63.88 63.81 63.78 63.75 63.72 63.72 63.69 63.72 63.72 63.75 63.78 63.84 63.88 63.97 64.06 64.16
80.09 79.88 79.59 79.34 79.09 78.88 78.66 78.41 77.25 77.06 77.03 76.97 76.91 76.88 75.75 75.00 74.62 74.31 74.00 73.69 73.41 73.09 72.78 72.47 72.09 71.69 71.28 70.91 70.56 70.22 69.91 69.56 69.25 68.97 68.72 68.50 68.25 67.94 67.66 67.41 67.22 67.06 66.84 66.66 66.41 66.22 66.00 65.78 65.59 65.41 65.22 65.03 64.84 64.69 64.53 64.38 64.28 64.16 64.06 63.97 63.88 63.81 63.75 63.69 63.62 63.62 63.59 63.59 63.59 63.59 63.66 63.69 63.72 63.78 63.88 63.94 64.03
80.03 79.75 79.50 79.25 78.97 78.69 78.44 78.22 77.34 76.91 76.84 76.78 76.75 76.69 76.16 75.00 74.62 74.28 73.97 73.66 73.38 73.06 72.75 72.44 72.12 71.69 71.31 70.88 70.53 70.19 69.84 69.53 69.22 68.97 68.75 68.50 68.22 67.94 67.66 67.38 67.19 67.03 66.84 66.62 66.41 66.19 65.94 65.75 65.56 65.34 65.16 65.00 64.81 64.66 64.47 64.31 64.19 64.09 63.97 63.88 63.78 63.72 63.66 63.59 63.56 63.50 63.50 63.50 63.47 63.50 63.53 63.56 63.59 63.66 63.72 63.78 63.88
79.94 79.66 79.38 79.12 78.84 78.59 78.28 78.03 77.53 76.72 76.66 76.62 76.56 76.50 76.34 75.00 74.59 74.25 73.91 73.59 73.28 72.97 72.69 72.38 72.06 71.69 71.28 70.88 70.50 70.12 69.78 69.50 69.22 68.94 68.69 68.41 68.16 67.88 67.62 67.38 67.19 67.00 66.81 66.59 66.34 66.12 65.91 65.72 65.50 65.31 65.12 64.94 64.78 64.59 64.44 64.28 64.12 64.00 63.91 63.81 63.72 63.62 63.53 63.50 63.47 63.41 63.41 63.38 63.38 63.38 63.41 63.44 63.47 63.53 63.59 63.62 63.72
79.81 79.56 79.25 79.00 78.72 78.44 78.19 77.88 77.59 76.59 76.50 76.44 76.38 76.31 76.25 75.12 74.53 74.16 73.81 73.50 73.19 72.88 72.59 72.28 72.00 71.69 71.25 70.84 70.47 70.09 69.75 69.47 69.19 68.91 68.62 68.34 68.03 67.81 67.59 67.38 67.19 66.97 66.78 66.56 66.34 66.09 65.88 65.66 65.47 65.28 65.06 64.91 64.72 64.56 64.38 64.25 64.09 63.94 63.81 63.72 63.62 63.53 63.44 63.38 63.34 63.31 63.28 63.28 63.28 63.28 63.28 63.31 63.34 63.38 63.44 63.50 63.56
79.72 79.44 79.16 78.84 78.59 78.31 78.03 77.78 77.47 76.56 76.28 76.25 76.19 76.12 76.06 75.38 74.47 74.06 73.72 73.38 73.06 72.78 72.50 72.19 71.91 71.59 71.22 70.81 70.44 70.06 69.72 69.44 69.16 68.88 68.56 68.25 68.00 67.75 67.56 67.38 67.16 66.97 66.75 66.53 66.31 66.06 65.84 65.62 65.41 65.22 65.03 64.84 64.69 64.50 64.34 64.19 64.03 63.91 63.78 63.66 63.53 63.44 63.34 63.28 63.22 63.19 63.16 63.16 63.16 63.16 63.19 63.19 63.22 63.25 63.28 63.34 63.41
79.62 79.34 79.03 78.75 78.47 78.19 77.91 77.62 77.38 76.69 76.09 76.03 75.97 75.94 75.88 75.62 74.41 73.94 73.59 73.25 72.97 72.66 72.38 72.09 71.81 71.50 71.19 70.78 70.38 70.00 69.66 69.38 69.09 68.81 68.53 68.22 67.94 67.72 67.53 67.34 67.16 66.94 66.72 66.50 66.28 66.03 65.81 65.59 65.38 65.19 65.00 64.81 64.62 64.44 64.28 64.16 63.97 63.84 63.72 63.59 63.47 63.34 63.25 63.19 63.09 63.06 63.03 63.03 63.00 63.00 63.03 63.03 63.06 63.09 63.12 63.22 63.25
79.53 79.25 78.94 78.66 78.34 78.06 77.81 77.50 77.22 76.84 75.91 75.84 75.78 75.72 75.66 75.59 74.31 73.81 73.44 73.12 72.81 72.53 72.25 72.00 71.72 71.44 71.12 70.75 70.34 70.03 69.69 69.34 69.03 68.75 68.47 68.16 67.88 67.69 67.50 67.31 67.12 66.91 66.69 66.44 66.22 66.00 65.78 65.56 65.34 65.16 64.97 64.78 64.59 64.44 64.25 64.09 63.94 63.78 63.66 63.53 63.41 63.28 63.16 63.09 63.00 62.97 62.91 62.91 62.88 62.88 62.88 62.88 62.88 62.91 62.97 63.03 63.09
79.44 79.12 78.84 78.53 78.25 77.97 77.69 77.38 77.09 76.78 75.78 75.62 75.59 75.53 75.47 75.41 74.56 73.69 73.28 72.97 72.69 72.41 72.12 71.88 71.59 71.34 71.03 70.72 70.38 70.00 69.66 69.31 69.00 68.69 68.41 68.16 67.88 67.69 67.50 67.31 67.09 66.88 66.66 66.44 66.19 65.97 65.75 65.53 65.34 65.12 64.94 64.75 64.59 64.41 64.22 64.06 63.91 63.75 63.59 63.47 63.31 63.19 63.09 63.00 62.91 62.84 62.81 62.78 62.75 62.72 62.72 62.72 62.72 62.75 62.81 62.88 62.91
