everonasctiles/Tile21,7.asc
ncols 128
nrows 128
xllcorner 0
yllcorner 0
cellsize 2.0
NODATA_value  -9999
[rows 64 to 95 of 128, columns 0 to 70 of 128]
-48.06 -48.81 -49.56 -50.22 -50.75 -51.25 -51.84 -52.47 -53.09 -53.72 -54.38 -54.97 -55.47 -55.94 -56.38 -56.75 -57.09 -57.38 -57.59 -57.78 -57.97 -58.16 -58.34 -58.53 -58.75 -58.94 -59.09 -59.31 -59.50 -59.75 -59.97 -60.19 -60.41 -60.59 -60.78 -60.97 -61.12 -61.28 -61.44 -61.59 -61.72 -61.81 -61.91 -62.03 -62.12 -62.22 -62.28 -62.38 -62.44 -62.50 -62.53 -62.59 -62.66 -62.69 -62.72 -62.72 -62.72 -62.69 -62.66 -62.62 -62.59 -62.53 -62.47 -62.44 -62.38 -62.31 -62.31 -62.31 -62.34 -62.41 -62.47
-48.34 -49.16 -49.94 -50.69 -51.34 -51.81 -52.31 -52.91 -53.53 -54.16 -54.72 -55.28 -55.78 -56.22 -56.62 -57.00 -57.31 -57.59 -57.78 -57.94 -58.06 -58.22 -58.38 -58.53 -58.69 -58.84 -59.00 -59.19 -59.38 -59.59 -59.81 -60.03 -60.22 -60.41 -60.59 -60.78 -60.97 -61.12 -61.31 -61.44 -61.53 -61.62 -61.75 -61.84 -61.94 -62.03 -62.12 -62.19 -62.28 -62.34 -62.44 -62.50 -62.56 -62.62 -62.66 -62.69 -62.69 -62.66 -62.66 -62.59 -62.56 -62.53 -62.47 -62.41 -62.38 -62.34 -62.34 -62.38 -62.41 -62.47 -62.53
-48.59 -49.41 -50.25 -51.06 -51.81 -52.44 -52.88 -53.38 -53.94 -54.50 -55.06 -55.59 -56.06 -56.50 -56.91 -57.25 -57.53 -57.78 -57.97 -58.12 -58.22 -58.31 -58.38 -58.50 -58.62 -58.75 -58.88 -59.03 -59.25 -59.44 -59.62 -59.84 -60.03 -60.22 -60.41 -60.59 -60.81 -60.97 -61.12 -61.25 -61.38 -61.47 -61.56 -61.66 -61.75 -61.84 -61.91 -62.00 -62.09 -62.19 -62.31 -62.41 -62.50 -62.56 -62.59 -62.62 -62.62 -62.62 -62.59 -62.59 -62.53 -62.50 -62.47 -62.41 -62.38 -62.38 -62.41 -62.44 -62.47 -62.53 -62.59
-48.88 -49.72 -50.53 -51.34 -52.16 -52.91 -53.47 -53.94 -54.38 -54.91 -55.41 -55.91 -56.34 -56.75 -57.16 -57.47 -57.75 -58.00 -58.16 -58.28 -58.38 -58.41 -58.44 -58.50 -58.56 -58.66 -58.75 -58.91 -59.06 -59.25 -59.44 -59.62 -59.81 -60.03 -60.22 -60.44 -60.62 -60.78 -60.94 -61.06 -61.19 -61.28 -61.38 -61.47 -61.56 -61.62 -61.69 -61.78 -61.91 -62.03 -62.16 -62.28 -62.38 -62.47 -62.53 -62.56 -62.59 -62.59 -62.56 -62.53 -62.53 -62.47 -62.44 -62.41 -62.41 -62.41 -62.44 -62.50 -62.53 -62.59 -62.66
-49.16 -50.12 -50.94 -51.72 -52.47 -53.25 -53.94 -54.44 -54.88 -55.31 -55.78 -56.22 -56.62 -57.00 -57.38 -57.69 -57.97 -58.19 -58.34 -58.47 -58.53 -58.56 -58.53 -58.53 -58.50 -58.56 -58.66 -58.78 -58.91 -59.06 -59.25 -59.44 -59.62 -59.84 -60.06 -60.25 -60.44 -60.59 -60.75 -60.88 -60.97 -61.06 -61.16 -61.25 -61.34 -61.41 -61.47 -61.59 -61.72 -61.88 -62.03 -62.16 -62.28 -62.38 -62.44 -62.50 -62.50 -62.53 -62.53 -62.50 -62.50 -62.47 -62.44 -62.44 -62.44 -62.47 -62.50 -62.53 -62.59 -62.66 -62.72
-49.38 -50.41 -51.41 -52.19 -52.91 -53.62 -54.28 -54.88 -55.34 -55.75 -56.16 -56.56 -56.94 -57.28 -57.59 -57.91 -58.16 -58.38 -58.53 -58.62 -58.69 -58.69 -58.66 -58.59 -58.56 -58.50 -58.56 -58.66 -58.75 -58.91 -59.06 -59.25 -59.47 -59.66 -59.84 -60.03 -60.22 -60.38 -60.53 -60.66 -60.75 -60.88 -60.97 -61.03 -61.12 -61.19 -61.28 -61.41 -61.56 -61.72 -61.91 -62.03 -62.16 -62.28 -62.34 -62.41 -62.44 -62.47 -62.47 -62.47 -62.47 -62.44 -62.47 -62.47 -62.47 -62.50 -62.56 -62.59 -62.66 -62.72 -62.75
-49.84 -50.66 -51.78 -52.66 -53.38 -54.06 -54.69 -55.28 -55.78 -56.16 -56.53 -56.91 -57.25 -57.56 -57.88 -58.12 -58.38 -58.56 -58.69 -58.81 -58.84 -58.81 -58.78 -58.69 -58.62 -58.53 -58.50 -58.53 -58.66 -58.78 -58.94 -59.09 -59.28 -59.47 -59.66 -59.84 -60.00 -60.19 -60.31 -60.44 -60.56 -60.66 -60.75 -60.84 -60.91 -60.97 -61.09 -61.25 -61.41 -61.59 -61.75 -61.91 -62.06 -62.16 -62.25 -62.31 -62.38 -62.38 -62.41 -62.41 -62.44 -62.47 -62.50 -62.50 -62.53 -62.56 -62.59 -62.66 -62.69 -62.75 -62.78
-50.53 -51.09 -52.09 -53.06 -53.84 -54.50 -55.12 -55.69 -56.19 -56.59 -56.94 -57.25 -57.56 -57.88 -58.16 -58.38 -58.59 -58.75 -58.91 -58.97 -59.00 -58.94 -58.88 -58.78 -58.69 -58.59 -58.53 -58.47 -58.56 -58.69 -58.81 -58.97 -59.12 -59.31 -59.47 -59.62 -59.81 -59.97 -60.09 -60.22 -60.34 -60.44 -60.53 -60.62 -60.69 -60.78 -60.91 -61.09 -61.25 -61.44 -61.62 -61.81 -61.94 -62.06 -62.16 -62.22 -62.28 -62.34 -62.38 -62.41 -62.44 -62.47 -62.53 -62.53 -62.56 -62.59 -62.66 -62.69 -62.72 -62.78 -62.81
-51.25 -51.62 -52.41 -53.41 -54.25 -54.91 -55.56 -56.12 -56.62 -57.03 -57.38 -57.66 -57.91 -58.19 -58.44 -58.66 -58.84 -59.00 -59.09 -59.16 -59.12 -59.09 -59.00 -58.88 -58.78 -58.69 -58.59 -58.53 -58.50 -58.62 -58.75 -58.88 -59.00 -59.16 -59.31 -59.44 -59.59 -59.75 -59.88 -60.00 -60.12 -60.22 -60.34 -60.41 -60.50 -60.59 -60.75 -60.94 -61.12 -61.31 -61.50 -61.69 -61.84 -61.97 -62.06 -62.16 -62.25 -62.31 -62.38 -62.41 -62.47 -62.50 -62.56 -62.59 -62.62 -62.66 -62.69 -62.72 -62.75 -62.81 -62.81
-51.97 -52.34 -52.78 -53.66 -54.56 -55.31 -55.94 -56.53 -57.03 -57.47 -57.81 -58.06 -58.31 -58.53 -58.75 -58.94 -59.09 -59.22 -59.31 -59.34 -59.31 -59.22 -59.12 -59.00 -58.88 -58.78 -58.69 -58.59 -58.56 -58.62 -58.72 -58.81 -58.94 -59.03 -59.16 -59.28 -59.41 -59.53 -59.66 -59.78 -59.91 -60.03 -60.12 -60.22 -60.28 -60.41 -60.59 -60.78 -60.97 -61.19 -61.38 -61.56 -61.72 -61.88 -62.00 -62.12 -62.22 -62.28 -62.38 -62.44 -62.50 -62.53 -62.59 -62.62 -62.66 -62.69 -62.72 -62.75 -62.78 -62.81 -62.84
-52.66 -53.12 -53.50 -54.00 -54.88 -55.69 -56.34 -56.91 -57.41 -57.88 -58.22 -58.50 -58.72 -58.91 -59.09 -59.25 -59.38 -59.47 -59.53 -59.53 -59.47 -59.38 -59.25 -59.12 -59.00 -58.91 -58.78 -58.72 -58.69 -58.69 -58.75 -58.81 -58.88 -58.97 -59.06 -59.16 -59.25 -59.34 -59.47 -59.59 -59.72 -59.84 -59.94 -60.03 -60.12 -60.25 -60.44 -60.66 -60.84 -61.06 -61.25 -61.44 -61.62 -61.81 -61.94 -62.06 -62.16 -62.28 -62.38 -62.44 -62.53 -62.59 -62.62 -62.66 -62.69 -62.75 -62.78 -62.81 -62.84 -62.88 -62.91
-53.25 -53.84 -54.34 -54.81 -55.38 -56.06 -56.75 -57.28 -57.78 -58.22 -58.59 -58.91 -59.12 -59.28 -59.44 -59.56 -59.69 -59.75 -59.75 -59.72 -59.66 -59.53 -59.41 -59.28 -59.16 -59.03 -58.94 -58.84 -58.78 -58.78 -58.81 -58.88 -58.94 -58.97 -59.00 -59.06 -59.12 -59.19 -59.28 -59.41 -59.53 -59.66 -59.75 -59.84 -59.97 -60.12 -60.31 -60.53 -60.72 -60.94 -61.12 -61.34 -61.53 -61.72 -61.88 -62.00 -62.12 -62.25 -62.34 -62.47 -62.53 -62.59 -62.66 -62.69 -62.72 -62.75 -62.81 -62.84 -62.88 -62.91 -62.94
-53.72 -54.44 -55.06 -55.62 -56.16 -56.69 -57.25 -57.72 -58.16 -58.56 -58.94 -59.25 -59.47 -59.66 -59.78 -59.91 -59.97 -60.00 -60.00 -59.94 -59.84 -59.72 -59.56 -59.44 -59.31 -59.19 -59.09 -59.00 -58.94 -58.91 -58.91 -58.97 -59.03 -59.06 -59.09 -59.09 -59.06 -59.06 -59.12 -59.28 -59.38 -59.50 -59.62 -59.72 -59.88 -60.03 -60.22 -60.41 -60.59 -60.81 -61.03 -61.25 -61.47 -61.66 -61.81 -61.94 -62.09 -62.22 -62.34 -62.44 -62.53 -62.62 -62.69 -62.72 -62.75 -62.78 -62.81 -62.88 -62.91 -62.94 -62.97
-54.09 -54.88 -55.59 -56.22 -56.78 -57.31 -57.78 -58.22 -58.62 -58.97 -59.28 -59.59 -59.81 -60.00 -60.12 -60.22 -60.28 -60.28 -60.22 -60.16 -60.03 -59.88 -59.75 -59.62 -59.50 -59.38 -59.25 -59.16 -59.06 -59.03 -59.03 -59.09 -59.16 -59.19 -59.22 -59.22 -59.19 -59.12 -59.06 -59.12 -59.28 -59.41 -59.53 -59.66 -59.81 -59.97 -60.16 -60.31 -60.53 -60.75 -60.97 -61.19 -61.38 -61.56 -61.75 -61.91 -62.06 -62.19 -62.31 -62.44 -62.53 -62.62 -62.69 -62.75 -62.78 -62.81 -62.84 -62.91 -62.94 -62.97 -63.00
-54.41 -55.19 -55.94 -56.66 -57.25 -57.78 -58.28 -58.72 -59.06 -59.38 -59.66 -59.94 -60.16 -60.31 -60.44 -60.53 -60.56 -60.56 -60.47 -60.38 -60.22 -60.09 -59.94 -59.81 -59.69 -59.56 -59.44 -59.31 -59.22 -59.12 -59.12 -59.19 -59.25 -59.31 -59.34 -59.34 -59.31 -59.25 -59.16 -59.09 -59.16 -59.34 -59.50 -59.62 -59.81 -59.97 -60.12 -60.31 -60.47 -60.69 -60.91 -61.12 -61.31 -61.50 -61.69 -61.84 -62.00 -62.16 -62.31 -62.44 -62.53 -62.62 -62.69 -62.75 -62.81 -62.84 -62.88 -62.94 -62.97 -63.00 -63.03
-54.69 -55.47 -56.22 -56.94 -57.59 -58.19 -58.69 -59.12 -59.50 -59.81 -60.06 -60.28 -60.50 -60.66 -60.75 -60.81 -60.84 -60.81 -60.72 -60.59 -60.44 -60.28 -60.16 -60.00 -59.88 -59.75 -59.59 -59.47 -59.34 -59.22 -59.22 -59.28 -59.38 -59.44 -59.47 -59.47 -59.44 -59.38 -59.31 -59.25 -59.22 -59.31 -59.50 -59.66 -59.81 -60.00 -60.16 -60.31 -60.47 -60.66 -60.88 -61.06 -61.25 -61.44 -61.62 -61.78 -61.94 -62.09 -62.25 -62.38 -62.50 -62.59 -62.69 -62.75 -62.81 -62.84 -62.91 -62.97 -63.00 -63.03 -63.06
-55.00 -55.75 -56.50 -57.22 -57.88 -58.50 -59.03 -59.50 -59.88 -60.19 -60.47 -60.66 -60.84 -60.97 -61.06 -61.09 -61.12 -61.06 -60.97 -60.81 -60.66 -60.53 -60.38 -60.25 -60.09 -59.94 -59.75 -59.59 -59.44 -59.31 -59.28 -59.34 -59.44 -59.53 -59.59 -59.62 -59.59 -59.56 -59.50 -59.44 -59.38 -59.41 -59.53 -59.69 -59.84 -60.03 -60.19 -60.34 -60.50 -60.66 -60.84 -61.03 -61.19 -61.38 -61.56 -61.72 -61.88 -62.03 -62.19 -62.31 -62.44 -62.56 -62.66 -62.72 -62.81 -62.88 -62.94 -62.97 -63.03 -63.06 -63.12
-55.38 -56.06 -56.78 -57.47 -58.16 -58.78 -59.34 -59.84 -60.25 -60.56 -60.84 -61.03 -61.19 -61.31 -61.34 -61.38 -61.38 -61.31 -61.22 -61.06 -60.91 -60.75 -60.62 -60.47 -60.28 -60.09 -59.88 -59.66 -59.47 -59.31 -59.31 -59.41 -59.53 -59.66 -59.72 -59.78 -59.78 -59.75 -59.69 -59.62 -59.56 -59.56 -59.59 -59.72 -59.88 -60.03 -60.22 -60.38 -60.50 -60.66 -60.81 -61.00 -61.16 -61.31 -61.47 -61.62 -61.78 -61.97 -62.12 -62.25 -62.41 -62.53 -62.62 -62.72 -62.78 -62.88 -62.94 -63.00 -63.06 -63.09 -63.16
-55.75 -56.41 -57.09 -57.75 -58.38 -59.00 -59.59 -60.12 -60.56 -60.91 -61.19 -61.38 -61.53 -61.62 -61.66 -61.66 -61.62 -61.56 -61.47 -61.34 -61.19 -61.03 -60.88 -60.69 -60.44 -60.19 -59.94 -59.72 -59.50 -59.28 -59.34 -59.50 -59.62 -59.75 -59.88 -59.97 -60.00 -59.97 -59.91 -59.84 -59.78 -59.75 -59.72 -59.78 -59.91 -60.03 -60.19 -60.34 -60.50 -60.62 -60.78 -60.94 -61.09 -61.25 -61.41 -61.56 -61.72 -61.88 -62.03 -62.19 -62.34 -62.47 -62.59 -62.69 -62.78 -62.88 -62.94 -63.03 -63.09 -63.12 -63.19
-56.06 -56.78 -57.41 -58.03 -58.62 -59.22 -59.81 -60.34 -60.81 -61.22 -61.50 -61.72 -61.88 -61.94 -61.97 -61.94 -61.91 -61.84 -61.75 -61.62 -61.47 -61.28 -61.09 -60.88 -60.59 -60.31 -60.03 -59.75 -59.47 -59.19 -59.38 -59.59 -59.75 -59.91 -60.06 -60.16 -60.19 -60.19 -60.16 -60.09 -60.00 -59.94 -59.91 -59.88 -59.94 -60.03 -60.16 -60.31 -60.44 -60.59 -60.72 -60.91 -61.06 -61.19 -61.34 -61.50 -61.66 -61.81 -61.97 -62.12 -62.28 -62.41 -62.53 -62.66 -62.78 -62.88 -62.97 -63.03 -63.12 -63.16 -63.22
-56.22 -57.09 -57.78 -58.41 -58.94 -59.50 -60.03 -60.59 -61.06 -61.47 -61.78 -62.03 -62.19 -62.25 -62.25 -62.22 -62.16 -62.09 -62.03 -61.91 -61.75 -61.56 -61.31 -61.03 -60.75 -60.44 -60.09 -59.75 -59.34 -59.22 -59.47 -59.72 -59.91 -60.09 -60.22 -60.34 -60.41 -60.41 -60.38 -60.31 -60.22 -60.12 -60.06 -60.03 -60.00 -60.03 -60.12 -60.25 -60.38 -60.53 -60.69 -60.84 -61.00 -61.16 -61.28 -61.44 -61.56 -61.75 -61.91 -62.06 -62.22 -62.34 -62.50 -62.62 -62.75 -62.88 -62.97 -63.06 -63.12 -63.19 -63.22
-56.81 -57.44 -58.22 -58.88 -59.41 -59.91 -60.38 -60.88 -61.34 -61.75 -62.09 -62.31 -62.47 -62.56 -62.56 -62.50 -62.44 -62.38 -62.31 -62.19 -62.03 -61.81 -61.53 -61.22 -60.91 -60.56 -60.19 -59.75 -59.44 -59.44 -59.69 -59.94 -60.12 -60.28 -60.44 -60.53 -60.62 -60.62 -60.59 -60.53 -60.44 -60.34 -60.25 -60.19 -60.12 -60.09 -60.12 -60.22 -60.34 -60.50 -60.62 -60.78 -60.94 -61.09 -61.22 -61.38 -61.50 -61.69 -61.84 -62.00 -62.16 -62.31 -62.47 -62.62 -62.75 -62.88 -62.97 -63.06 -63.12 -63.19 -63.22
-57.81 -58.28 -58.81 -59.38 -59.91 -60.38 -60.84 -61.28 -61.72 -62.09 -62.41 -62.62 -62.78 -62.84 -62.84 -62.81 -62.75 -62.69 -62.59 -62.47 -62.28 -62.03 -61.75 -61.47 -61.12 -60.78 -60.34 -59.97 -59.78 -59.84 -60.06 -60.22 -60.34 -60.50 -60.62 -60.75 -60.81 -60.84 -60.81 -60.72 -60.62 -60.53 -60.44 -60.34 -60.25 -60.19 -60.16 -60.22 -60.31 -60.47 -60.59 -60.75 -60.91 -61.03 -61.16 -61.31 -61.44 -61.62 -61.78 -61.97 -62.12 -62.28 -62.44 -62.59 -62.75 -62.88 -62.97 -63.06 -63.12 -63.19 -63.22
-58.62 -59.09 -59.56 -60.00 -60.44 -60.88 -61.28 -61.72 -62.09 -62.44 -62.75 -62.94 -63.09 -63.16 -63.16 -63.09 -63.06 -63.00 -62.91 -62.75 -62.56 -62.31 -62.03 -61.72 -61.44 -61.12 -60.75 -60.44 -60.25 -60.31 -60.41 -60.50 -60.59 -60.72 -60.84 -60.94 -61.00 -61.03 -61.00 -60.91 -60.84 -60.72 -60.62 -60.50 -60.41 -60.31 -60.25 -60.22 -60.31 -60.44 -60.56 -60.69 -60.84 -60.97 -61.12 -61.25 -61.41 -61.56 -61.75 -61.91 -62.09 -62.25 -62.44 -62.59 -62.75 -62.88 -62.97 -63.06 -63.12 -63.19 -63.22
-59.16 -59.72 -60.19 -60.59 -61.00 -61.38 -61.75 -62.12 -62.50 -62.81 -63.09 -63.28 -63.44 -63.50 -63.47 -63.44 -63.38 -63.31 -63.19 -63.03 -62.84 -62.59 -62.31 -62.03 -61.78 -61.53 -61.25 -60.94 -60.75 -60.72 -60.75 -60.78 -60.88 -60.97 -61.06 -61.16 -61.19 -61.22 -61.16 -61.09 -61.00 -60.91 -60.78 -60.66 -60.53 -60.44 -60.34 -60.31 -60.31 -60.41 -60.53 -60.66 -60.78 -60.94 -61.06 -61.19 -61.34 -61.50 -61.69 -61.88 -62.06 -62.25 -62.41 -62.56 -62.72 -62.84 -62.94 -63.03 -63.09 -63.16 -63.19
-59.53 -60.16 -60.69 -61.12 -61.50 -61.84 -62.19 -62.53 -62.88 -63.19 -63.44 -63.66 -63.75 -63.81 -63.81 -63.75 -63.72 -63.62 -63.50 -63.34 -63.12 -62.91 -62.66 -62.38 -62.12 -61.91 -61.66 -61.41 -61.19 -61.09 -61.06 -61.06 -61.12 -61.19 -61.28 -61.34 -61.38 -61.38 -61.31 -61.25 -61.16 -61.03 -60.94 -60.78 -60.66 -60.56 -60.47 -60.38 -60.34 -60.41 -60.50 -60.59 -60.72 -60.88 -61.00 -61.12 -61.28 -61.47 -61.62 -61.81 -62.00 -62.19 -62.38 -62.53 -62.66 -62.78 -62.91 -62.97 -63.06 -63.12 -63.16
-59.78 -60.47 -61.06 -61.56 -61.97 -62.34 -62.66 -62.94 -63.25 -63.53 -63.78 -63.97 -64.09 -64.16 -64.12 -64.09 -64.03 -63.94 -63.81 -63.66 -63.44 -63.22 -62.97 -62.72 -62.50 -62.25 -62.00 -61.78 -61.56 -61.44 -61.38 -61.38 -61.38 -61.41 -61.47 -61.50 -61.53 -61.50 -61.47 -61.38 -61.28 -61.19 -61.06 -60.94 -60.81 -60.69 -60.59 -60.50 -60.44 -60.41 -60.47 -60.56 -60.69 -60.81 -60.94 -61.09 -61.25 -61.41 -61.56 -61.75 -61.94 -62.12 -62.31 -62.47 -62.59 -62.72 -62.84 -62.94 -63.00 -63.06 -63.12
-59.94 -60.66 -61.28 -61.84 -62.31 -62.72 -63.06 -63.34 -63.59 -63.88 -64.09 -64.28 -64.41 -64.47 -64.47 -64.41 -64.34 -64.25 -64.09 -63.94 -63.75 -63.56 -63.31 -63.09 -62.84 -62.62 -62.38 -62.12 -61.94 -61.78 -61.69 -61.66 -61.62 -61.62 -61.66 -61.66 -61.69 -61.66 -61.59 -61.50 -61.41 -61.31 -61.19 -61.06 -60.97 -60.84 -60.72 -60.62 -60.53 -60.47 -60.47 -60.53 -60.66 -60.75 -60.91 -61.03 -61.19 -61.34 -61.53 -61.69 -61.88 -62.06 -62.25 -62.41 -62.53 -62.66 -62.78 -62.88 -62.97 -63.03 -63.09
-60.06 -60.78 -61.47 -62.06 -62.56 -63.00 -63.34 -63.66 -63.94 -64.16 -64.38 -64.56 -64.69 -64.75 -64.75 -64.69 -64.62 -64.50 -64.38 -64.25 -64.06 -63.88 -63.66 -63.44 -63.22 -62.97 -62.72 -62.50 -62.28 -62.12 -62.00 -61.94 -61.88 -61.84 -61.84 -61.81 -61.81 -61.78 -61.72 -61.62 -61.53 -61.44 -61.31 -61.22 -61.12 -61.00 -60.88 -60.75 -60.66 -60.59 -60.59 -60.62 -60.66 -60.75 -60.88 -61.03 -61.16 -61.34 -61.50 -61.66 -61.84 -62.00 -62.16 -62.31 -62.47 -62.59 -62.72 -62.81 -62.91 -62.97 -63.03
-60.25 -60.97 -61.62 -62.25 -62.75 -63.19 -63.59 -63.91 -64.19 -64.41 -64.62 -64.81 -64.94 -65.00 -65.00 -64.97 -64.88 -64.78 -64.66 -64.50 -64.34 -64.16 -63.97 -63.78 -63.56 -63.34 -63.06 -62.81 -62.62 -62.44 -62.31 -62.19 -62.09 -62.06 -62.03 -62.00 -61.94 -61.91 -61.81 -61.75 -61.66 -61.56 -61.47 -61.38 -61.28 -61.16 -61.03 -60.94 -60.84 -60.78 -60.78 -60.78 -60.78 -60.81 -60.88 -61.00 -61.16 -61.31 -61.47 -61.62 -61.78 -61.94 -62.12 -62.25 -62.41 -62.53 -62.66 -62.75 -62.84 -62.94 -63.00
-60.69 -61.28 -61.88 -62.47 -62.97 -63.41 -63.78 -64.12 -64.41 -64.66 -64.84 -65.03 -65.16 -65.22 -65.25 -65.19 -65.09 -65.00 -64.91 -64.78 -64.62 -64.44 -64.28 -64.09 -63.88 -63.66 -63.41 -63.16 -62.94 -62.78 -62.59 -62.44 -62.34 -62.25 -62.22 -62.16 -62.09 -62.03 -61.94 -61.84 -61.75 -61.69 -61.62 -61.53 -61.44 -61.34 -61.22 -61.12 -61.06 -61.00 -60.97 -60.94 -60.94 -60.94 -60.94 -61.03 -61.16 -61.31 -61.44 -61.59 -61.75 -61.91 -62.06 -62.22 -62.34 -62.47 -62.59 -62.69 -62.78 -62.88 -62.94
-61.12 -61.66 -62.19 -62.72 -63.19 -63.62 -64.00 -64.31 -64.59 -64.84 -65.06 -65.22 -65.34 -65.44 -65.44 -65.41 -65.31 -65.22 -65.12 -65.00 -64.88 -64.72 -64.56 -64.38 -64.19 -63.94 -63.69 -63.47 -63.25 -63.06 -62.84 -62.69 -62.53 -62.47 -62.41 -62.31 -62.25 -62.16 -62.06 -61.97 -61.88 -61.81 -61.75 -61.72 -61.62 -61.53 -61.44 -61.34 -61.28 -61.22 -61.19 -61.16 -61.12 -61.09 -61.06 -61.09 -61.19 -61.28 -61.44 -61.56 -61.72 -61.88 -62.00 -62.16 -62.28 -62.41 -62.50 -62.59 -62.72 -62.81 -62.88
