everonasctiles/Tile[24,45].asc
ncols 128
nrows 128
xllcorner 0
yllcorner 0
cellsize 2.0
NODATA_value  -9999
[rows 96 to 127 of 128, columns 0 to 70 of 128]
-42.34 -42.69 -43.00 -43.31 -43.59 -43.84 -44.06 -44.31 -44.53 -44.78 -45.00 -45.19 -45.38 -45.56 -45.72 -45.88 -46.03 -46.19 -46.31 -46.38 -46.41 -46.47 -46.53 -46.59 -46.66 -46.69 -46.72 -46.75 -46.75 -46.78 -46.84 -46.97 -47.19 -47.41 -47.66 -47.91 -48.19 -48.44 -48.66 -48.88 -49.09 -49.31 -49.53 -49.78 -50.06 -50.31 -50.53 -50.78 -51.03 -51.31 -51.66 -52.03 -52.41 -52.81 -53.22 -53.62 -54.03 -54.41 -54.75 -55.06 -55.34 -55.59 -55.78 -55.94 -56.06 -56.22 -56.38 -56.62 -56.88 -57.16 -57.41
-42.03 -42.38 -42.69 -42.97 -43.22 -43.47 -43.69 -43.94 -44.16 -44.38 -44.59 -44.78 -44.97 -45.12 -45.31 -45.47 -45.66 -45.78 -45.91 -46.00 -46.06 -46.09 -46.19 -46.25 -46.31 -46.34 -46.38 -46.41 -46.47 -46.50 -46.59 -46.75 -46.94 -47.19 -47.44 -47.66 -47.91 -48.16 -48.38 -48.59 -48.81 -49.03 -49.28 -49.53 -49.78 -50.03 -50.28 -50.53 -50.81 -51.12 -51.47 -51.88 -52.28 -52.72 -53.12 -53.56 -53.97 -54.34 -54.69 -54.97 -55.25 -55.47 -55.62 -55.78 -55.91 -56.06 -56.28 -56.53 -56.78 -57.06 -57.31
-41.69 -42.03 -42.31 -42.59 -42.81 -43.03 -43.28 -43.50 -43.75 -43.97 -44.16 -44.34 -44.53 -44.72 -44.88 -45.06 -45.22 -45.38 -45.53 -45.62 -45.69 -45.75 -45.84 -45.91 -46.00 -46.03 -46.09 -46.12 -46.16 -46.25 -46.34 -46.53 -46.72 -46.94 -47.19 -47.41 -47.66 -47.88 -48.09 -48.31 -48.53 -48.75 -49.00 -49.25 -49.50 -49.75 -50.00 -50.28 -50.59 -50.94 -51.31 -51.72 -52.16 -52.59 -53.03 -53.47 -53.88 -54.25 -54.59 -54.88 -55.12 -55.31 -55.50 -55.66 -55.84 -56.03 -56.25 -56.50 -56.72 -56.97 -57.22
-41.31 -41.66 -41.94 -42.16 -42.38 -42.59 -42.81 -43.06 -43.31 -43.50 -43.72 -43.91 -44.09 -44.28 -44.47 -44.66 -44.81 -45.00 -45.12 -45.25 -45.34 -45.44 -45.53 -45.59 -45.69 -45.75 -45.78 -45.84 -45.91 -46.00 -46.12 -46.31 -46.50 -46.69 -46.91 -47.16 -47.38 -47.59 -47.81 -48.03 -48.25 -48.47 -48.72 -48.97 -49.22 -49.47 -49.75 -50.03 -50.38 -50.72 -51.12 -51.56 -52.00 -52.47 -52.94 -53.38 -53.78 -54.16 -54.47 -54.75 -55.00 -55.19 -55.41 -55.59 -55.78 -56.00 -56.22 -56.47 -56.69 -56.91 -57.12
-40.94 -41.22 -41.47 -41.69 -41.91 -42.12 -42.34 -42.59 -42.84 -43.06 -43.25 -43.44 -43.66 -43.84 -44.03 -44.25 -44.44 -44.59 -44.75 -44.88 -45.00 -45.12 -45.22 -45.31 -45.38 -45.44 -45.50 -45.56 -45.66 -45.75 -45.91 -46.09 -46.25 -46.47 -46.69 -46.91 -47.12 -47.34 -47.53 -47.75 -47.94 -48.19 -48.41 -48.66 -48.94 -49.19 -49.50 -49.81 -50.16 -50.53 -50.94 -51.41 -51.88 -52.34 -52.81 -53.28 -53.66 -54.03 -54.34 -54.59 -54.84 -55.09 -55.31 -55.50 -55.72 -55.94 -56.19 -56.41 -56.59 -56.81 -57.03
-40.47 -40.75 -41.00 -41.19 -41.41 -41.62 -41.88 -42.12 -42.34 -42.59 -42.78 -43.00 -43.22 -43.41 -43.62 -43.84 -44.06 -44.25 -44.41 -44.56 -44.69 -44.81 -44.91 -45.00 -45.09 -45.19 -45.25 -45.31 -45.41 -45.53 -45.69 -45.88 -46.03 -46.22 -46.44 -46.66 -46.88 -47.06 -47.25 -47.47 -47.66 -47.88 -48.12 -48.38 -48.66 -48.97 -49.25 -49.59 -49.94 -50.31 -50.75 -51.25 -51.75 -52.25 -52.72 -53.12 -53.53 -53.88 -54.19 -54.47 -54.72 -54.97 -55.19 -55.41 -55.62 -55.84 -56.06 -56.28 -56.47 -56.69 -56.88
-40.00 -40.25 -40.47 -40.66 -40.88 -41.12 -41.38 -41.62 -41.88 -42.12 -42.34 -42.56 -42.78 -43.03 -43.25 -43.47 -43.69 -43.88 -44.06 -44.22 -44.38 -44.50 -44.62 -44.72 -44.81 -44.91 -45.00 -45.09 -45.19 -45.34 -45.50 -45.66 -45.81 -46.03 -46.22 -46.44 -46.62 -46.81 -47.00 -47.19 -47.38 -47.59 -47.88 -48.12 -48.44 -48.75 -49.06 -49.41 -49.78 -50.22 -50.69 -51.19 -51.69 -52.16 -52.59 -53.00 -53.38 -53.72 -54.03 -54.34 -54.59 -54.84 -55.06 -55.28 -55.50 -55.72 -55.91 -56.09 -56.31 -56.50 -56.69
-39.47 -39.69 -39.91 -40.12 -40.34 -40.62 -40.91 -41.16 -41.41 -41.66 -41.91 -42.12 -42.38 -42.62 -42.88 -43.12 -43.34 -43.53 -43.72 -43.91 -44.06 -44.22 -44.34 -44.44 -44.53 -44.66 -44.75 -44.88 -45.00 -45.12 -45.28 -45.44 -45.62 -45.81 -46.00 -46.19 -46.38 -46.56 -46.75 -46.94 -47.12 -47.38 -47.62 -47.94 -48.25 -48.56 -48.91 -49.31 -49.72 -50.16 -50.66 -51.12 -51.59 -52.06 -52.47 -52.84 -53.22 -53.56 -53.88 -54.16 -54.44 -54.69 -54.91 -55.12 -55.31 -55.53 -55.72 -55.91 -56.09 -56.28 -56.44
-38.88 -39.12 -39.34 -39.59 -39.84 -40.12 -40.41 -40.69 -40.97 -41.22 -41.47 -41.72 -42.00 -42.25 -42.50 -42.75 -43.00 -43.22 -43.41 -43.59 -43.75 -43.91 -44.03 -44.16 -44.28 -44.41 -44.50 -44.66 -44.78 -44.94 -45.09 -45.28 -45.47 -45.62 -45.81 -45.97 -46.16 -46.31 -46.50 -46.69 -46.91 -47.16 -47.44 -47.75 -48.09 -48.44 -48.81 -49.22 -49.66 -50.12 -50.59 -51.06 -51.50 -51.91 -52.31 -52.66 -53.00 -53.34 -53.66 -53.97 -54.22 -54.50 -54.72 -54.94 -55.12 -55.31 -55.47 -55.66 -55.84 -56.03 -56.19
-38.28 -38.56 -38.81 -39.06 -39.34 -39.66 -39.94 -40.25 -40.50 -40.78 -41.06 -41.31 -41.59 -41.88 -42.16 -42.41 -42.66 -42.88 -43.09 -43.28 -43.44 -43.59 -43.75 -43.88 -44.00 -44.16 -44.28 -44.44 -44.59 -44.75 -44.94 -45.12 -45.28 -45.47 -45.62 -45.78 -45.94 -46.12 -46.31 -46.53 -46.75 -47.03 -47.31 -47.62 -47.97 -48.34 -48.75 -49.16 -49.59 -50.06 -50.50 -50.91 -51.31 -51.69 -52.06 -52.41 -52.75 -53.09 -53.41 -53.69 -54.00 -54.25 -54.50 -54.69 -54.88 -55.03 -55.22 -55.41 -55.56 -55.75 -55.94
-37.69 -37.97 -38.25 -38.56 -38.88 -39.19 -39.50 -39.78 -40.06 -40.34 -40.62 -40.94 -41.22 -41.50 -41.78 -42.06 -42.34 -42.56 -42.78 -42.97 -43.12 -43.28 -43.44 -43.59 -43.75 -43.91 -44.06 -44.25 -44.41 -44.59 -44.78 -44.97 -45.12 -45.28 -45.44 -45.59 -45.78 -45.97 -46.19 -46.41 -46.66 -46.91 -47.22 -47.53 -47.88 -48.25 -48.66 -49.06 -49.50 -49.91 -50.31 -50.69 -51.06 -51.44 -51.78 -52.12 -52.47 -52.81 -53.12 -53.41 -53.72 -54.00 -54.22 -54.41 -54.59 -54.75 -54.91 -55.09 -55.28 -55.47 -55.62
-37.12 -37.41 -37.72 -38.06 -38.38 -38.72 -39.03 -39.31 -39.62 -39.91 -40.22 -40.53 -40.84 -41.16 -41.47 -41.75 -42.00 -42.25 -42.47 -42.66 -42.81 -43.00 -43.16 -43.31 -43.50 -43.69 -43.88 -44.06 -44.25 -44.44 -44.62 -44.81 -44.97 -45.12 -45.28 -45.47 -45.66 -45.88 -46.09 -46.34 -46.59 -46.84 -47.12 -47.44 -47.78 -48.16 -48.53 -48.94 -49.31 -49.69 -50.06 -50.41 -50.75 -51.12 -51.47 -51.81 -52.16 -52.50 -52.81 -53.12 -53.41 -53.69 -53.91 -54.09 -54.25 -54.41 -54.56 -54.75 -54.94 -55.12 -55.31
-36.56 -36.88 -37.22 -37.56 -37.91 -38.25 -38.56 -38.88 -39.19 -39.50 -39.81 -40.16 -40.50 -40.84 -41.16 -41.44 -41.69 -41.94 -42.12 -42.31 -42.50 -42.69 -42.88 -43.06 -43.25 -43.47 -43.69 -43.91 -44.09 -44.28 -44.47 -44.66 -44.81 -45.00 -45.19 -45.38 -45.59 -45.81 -46.03 -46.25 -46.50 -46.78 -47.06 -47.38 -47.69 -48.03 -48.41 -48.75 -49.09 -49.44 -49.78 -50.09 -50.44 -50.78 -51.12 -51.47 -51.81 -52.12 -52.47 -52.78 -53.09 -53.38 -53.56 -53.75 -53.88 -54.03 -54.19 -54.34 -54.56 -54.78 -54.97
-36.00 -36.38 -36.72 -37.09 -37.44 -37.78 -38.09 -38.44 -38.75 -39.09 -39.44 -39.81 -40.19 -40.50 -40.81 -41.09 -41.38 -41.59 -41.81 -42.00 -42.22 -42.41 -42.62 -42.81 -43.06 -43.28 -43.50 -43.72 -43.94 -44.12 -44.31 -44.50 -44.69 -44.91 -45.09 -45.28 -45.50 -45.72 -45.94 -46.16 -46.41 -46.66 -46.94 -47.25 -47.56 -47.88 -48.19 -48.50 -48.84 -49.16 -49.47 -49.75 -50.09 -50.44 -50.78 -51.12 -51.44 -51.75 -52.09 -52.44 -52.75 -53.00 -53.19 -53.34 -53.47 -53.59 -53.75 -53.94 -54.16 -54.38 -54.59
-35.47 -35.84 -36.25 -36.59 -36.97 -37.28 -37.62 -37.97 -38.34 -38.72 -39.09 -39.47 -39.84 -40.19 -40.50 -40.78 -41.03 -41.25 -41.47 -41.69 -41.91 -42.12 -42.34 -42.59 -42.84 -43.09 -43.31 -43.53 -43.75 -43.97 -44.16 -44.38 -44.59 -44.78 -45.00 -45.22 -45.41 -45.62 -45.81 -46.03 -46.28 -46.53 -46.81 -47.09 -47.38 -47.66 -47.97 -48.25 -48.53 -48.81 -49.12 -49.41 -49.72 -50.06 -50.41 -50.72 -51.03 -51.38 -51.72 -52.06 -52.38 -52.59 -52.78 -52.91 -53.03 -53.16 -53.28 -53.50 -53.75 -53.97 -54.19
-34.97 -35.34 -35.72 -36.09 -36.47 -36.81 -37.19 -37.53 -37.94 -38.34 -38.75 -39.12 -39.50 -39.84 -40.12 -40.41 -40.66 -40.91 -41.12 -41.38 -41.59 -41.84 -42.09 -42.38 -42.62 -42.88 -43.12 -43.34 -43.56 -43.81 -44.03 -44.25 -44.47 -44.69 -44.91 -45.12 -45.31 -45.50 -45.69 -45.91 -46.12 -46.38 -46.66 -46.91 -47.16 -47.44 -47.69 -47.97 -48.22 -48.50 -48.78 -49.06 -49.38 -49.69 -50.00 -50.31 -50.66 -51.00 -51.38 -51.69 -51.97 -52.19 -52.34 -52.47 -52.56 -52.66 -52.81 -53.06 -53.34 -53.56 -53.78
-34.38 -34.81 -35.22 -35.59 -35.97 -36.34 -36.72 -37.12 -37.53 -37.97 -38.38 -38.75 -39.12 -39.47 -39.75 -40.03 -40.31 -40.56 -40.78 -41.06 -41.31 -41.56 -41.84 -42.16 -42.41 -42.66 -42.91 -43.16 -43.41 -43.66 -43.91 -44.16 -44.38 -44.59 -44.81 -45.00 -45.19 -45.38 -45.56 -45.78 -46.00 -46.25 -46.47 -46.72 -46.94 -47.19 -47.41 -47.66 -47.91 -48.19 -48.47 -48.75 -49.06 -49.34 -49.66 -49.97 -50.31 -50.66 -51.00 -51.28 -51.56 -51.75 -51.91 -52.00 -52.09 -52.16 -52.31 -52.62 -52.91 -53.16 -53.41
-33.69 -34.19 -34.66 -35.06 -35.44 -35.84 -36.25 -36.69 -37.12 -37.56 -37.97 -38.34 -38.72 -39.06 -39.38 -39.66 -39.91 -40.19 -40.44 -40.72 -41.00 -41.31 -41.59 -41.91 -42.19 -42.44 -42.72 -42.97 -43.25 -43.53 -43.78 -44.03 -44.28 -44.50 -44.69 -44.91 -45.06 -45.25 -45.44 -45.62 -45.84 -46.09 -46.31 -46.53 -46.72 -46.94 -47.16 -47.41 -47.66 -47.91 -48.19 -48.47 -48.75 -49.03 -49.31 -49.66 -49.97 -50.31 -50.59 -50.88 -51.12 -51.31 -51.47 -51.53 -51.59 -51.69 -51.91 -52.22 -52.50 -52.78 -53.00
-33.03 -33.47 -33.91 -34.47 -34.94 -35.38 -35.81 -36.25 -36.69 -37.12 -37.53 -37.94 -38.31 -38.62 -38.94 -39.25 -39.53 -39.81 -40.09 -40.41 -40.72 -41.03 -41.34 -41.66 -41.94 -42.22 -42.53 -42.81 -43.12 -43.41 -43.69 -43.94 -44.16 -44.38 -44.56 -44.75 -44.94 -45.12 -45.31 -45.50 -45.72 -45.91 -46.12 -46.31 -46.53 -46.72 -46.94 -47.16 -47.41 -47.66 -47.94 -48.19 -48.47 -48.75 -49.03 -49.34 -49.66 -49.94 -50.22 -50.47 -50.69 -50.88 -51.00 -51.09 -51.12 -51.25 -51.53 -51.84 -52.12 -52.41 -52.62
-32.25 -32.72 -33.25 -33.81 -34.38 -34.88 -35.31 -35.78 -36.22 -36.66 -37.09 -37.50 -37.88 -38.22 -38.53 -38.84 -39.12 -39.44 -39.75 -40.09 -40.44 -40.78 -41.09 -41.41 -41.72 -42.06 -42.38 -42.69 -43.00 -43.28 -43.56 -43.81 -44.03 -44.25 -44.44 -44.62 -44.81 -45.00 -45.16 -45.38 -45.56 -45.75 -45.94 -46.12 -46.34 -46.53 -46.75 -46.97 -47.22 -47.47 -47.72 -47.97 -48.22 -48.50 -48.75 -49.03 -49.31 -49.59 -49.84 -50.06 -50.28 -50.44 -50.56 -50.62 -50.72 -50.88 -51.19 -51.47 -51.78 -52.06 -52.28
-31.56 -32.06 -32.59 -33.16 -33.72 -34.28 -34.81 -35.25 -35.75 -36.19 -36.62 -37.06 -37.44 -37.78 -38.09 -38.44 -38.75 -39.09 -39.44 -39.78 -40.16 -40.50 -40.88 -41.22 -41.56 -41.91 -42.25 -42.56 -42.88 -43.16 -43.41 -43.66 -43.88 -44.09 -44.31 -44.50 -44.66 -44.84 -45.03 -45.22 -45.41 -45.59 -45.78 -45.97 -46.19 -46.38 -46.59 -46.81 -47.03 -47.28 -47.50 -47.75 -48.00 -48.25 -48.50 -48.75 -49.00 -49.25 -49.47 -49.66 -49.84 -50.00 -50.12 -50.22 -50.38 -50.59 -50.88 -51.19 -51.47 -51.72 -51.94
-30.78 -31.28 -31.81 -32.34 -32.94 -33.56 -34.09 -34.69 -35.28 -35.75 -36.19 -36.59 -36.97 -37.31 -37.69 -38.03 -38.38 -38.72 -39.09 -39.50 -39.88 -40.25 -40.66 -41.03 -41.41 -41.75 -42.09 -42.44 -42.72 -43.00 -43.25 -43.50 -43.72 -43.94 -44.16 -44.34 -44.53 -44.72 -44.91 -45.06 -45.25 -45.44 -45.62 -45.81 -46.03 -46.25 -46.47 -46.66 -46.88 -47.09 -47.31 -47.56 -47.78 -48.03 -48.25 -48.47 -48.69 -48.91 -49.09 -49.28 -49.44 -49.59 -49.72 -49.88 -50.06 -50.31 -50.59 -50.88 -51.16 -51.41 -51.62
-30.03 -30.53 -31.09 -31.66 -32.19 -32.78 -33.44 -34.22 -34.84 -35.34 -35.75 -36.12 -36.50 -36.88 -37.25 -37.62 -38.00 -38.38 -38.78 -39.22 -39.62 -40.03 -40.44 -40.84 -41.22 -41.59 -41.91 -42.22 -42.50 -42.78 -43.06 -43.31 -43.53 -43.78 -43.97 -44.19 -44.38 -44.56 -44.75 -44.94 -45.12 -45.31 -45.50 -45.69 -45.91 -46.09 -46.31 -46.50 -46.72 -46.91 -47.12 -47.38 -47.59 -47.81 -48.03 -48.22 -48.41 -48.59 -48.75 -48.91 -49.06 -49.22 -49.38 -49.56 -49.81 -50.06 -50.34 -50.62 -50.88 -51.09 -51.34
-29.38 -29.91 -30.41 -30.97 -31.59 -32.34 -33.06 -33.78 -34.38 -34.88 -35.28 -35.66 -36.06 -36.44 -36.84 -37.25 -37.62 -38.06 -38.50 -38.94 -39.38 -39.81 -40.22 -40.62 -41.00 -41.34 -41.69 -42.00 -42.28 -42.56 -42.84 -43.12 -43.38 -43.59 -43.81 -44.03 -44.22 -44.41 -44.59 -44.78 -44.97 -45.16 -45.34 -45.53 -45.75 -45.94 -46.16 -46.34 -46.53 -46.75 -46.97 -47.19 -47.41 -47.62 -47.81 -48.00 -48.16 -48.31 -48.44 -48.56 -48.72 -48.91 -49.09 -49.31 -49.56 -49.81 -50.09 -50.34 -50.59 -50.84 -51.12
-28.75 -29.31 -29.88 -30.53 -31.19 -31.94 -32.62 -33.28 -33.78 -34.31 -34.81 -35.19 -35.62 -36.03 -36.44 -36.84 -37.28 -37.75 -38.22 -38.66 -39.12 -39.56 -39.97 -40.38 -40.75 -41.09 -41.44 -41.75 -42.06 -42.38 -42.66 -42.94 -43.19 -43.41 -43.62 -43.84 -44.06 -44.25 -44.44 -44.62 -44.81 -45.00 -45.19 -45.38 -45.59 -45.78 -45.97 -46.19 -46.38 -46.59 -46.81 -47.03 -47.25 -47.44 -47.62 -47.78 -47.91 -48.03 -48.16 -48.28 -48.44 -48.62 -48.84 -49.09 -49.34 -49.59 -49.84 -50.09 -50.38 -50.62 -50.94
-28.38 -28.94 -29.59 -30.25 -30.94 -31.62 -32.22 -32.78 -33.25 -33.66 -34.22 -34.72 -35.16 -35.59 -36.03 -36.47 -36.94 -37.44 -37.91 -38.41 -38.84 -39.31 -39.72 -40.12 -40.50 -40.88 -41.22 -41.53 -41.88 -42.19 -42.47 -42.75 -43.00 -43.22 -43.47 -43.69 -43.88 -44.09 -44.28 -44.47 -44.66 -44.84 -45.03 -45.22 -45.41 -45.62 -45.81 -46.03 -46.22 -46.44 -46.66 -46.88 -47.06 -47.25 -47.41 -47.56 -47.69 -47.78 -47.91 -48.03 -48.19 -48.41 -48.62 -48.84 -49.09 -49.34 -49.62 -49.91 -50.19 -50.47 -50.78
-28.12 -28.69 -29.31 -30.00 -30.62 -31.22 -31.75 -32.25 -32.72 -33.16 -33.62 -34.16 -34.69 -35.12 -35.59 -36.06 -36.59 -37.12 -37.62 -38.12 -38.59 -39.06 -39.47 -39.88 -40.28 -40.66 -41.00 -41.34 -41.69 -42.00 -42.28 -42.56 -42.81 -43.06 -43.28 -43.50 -43.72 -43.94 -44.12 -44.31 -44.50 -44.69 -44.88 -45.06 -45.25 -45.47 -45.66 -45.88 -46.09 -46.31 -46.53 -46.72 -46.91 -47.06 -47.22 -47.34 -47.47 -47.56 -47.66 -47.81 -47.97 -48.19 -48.41 -48.62 -48.88 -49.16 -49.44 -49.75 -50.06 -50.38 -50.69
-27.75 -28.38 -28.91 -29.56 -30.19 -30.72 -31.22 -31.59 -32.09 -32.53 -33.09 -33.66 -34.09 -34.62 -35.16 -35.72 -36.31 -36.88 -37.41 -37.91 -38.38 -38.81 -39.25 -39.66 -40.06 -40.44 -40.81 -41.16 -41.50 -41.81 -42.09 -42.38 -42.62 -42.88 -43.12 -43.34 -43.56 -43.78 -44.00 -44.19 -44.38 -44.56 -44.75 -44.94 -45.12 -45.31 -45.53 -45.75 -45.97 -46.19 -46.38 -46.56 -46.75 -46.91 -47.03 -47.16 -47.25 -47.34 -47.47 -47.59 -47.78 -47.97 -48.19 -48.41 -48.69 -48.97 -49.28 -49.59 -49.94 -50.28 -50.59
-27.31 -27.88 -28.53 -29.09 -29.66 -30.09 -30.56 -31.00 -31.50 -32.03 -32.66 -33.19 -33.66 -34.19 -34.91 -35.53 -36.12 -36.66 -37.19 -37.69 -38.16 -38.62 -39.06 -39.47 -39.88 -40.28 -40.62 -41.00 -41.34 -41.66 -41.94 -42.22 -42.50 -42.75 -42.97 -43.22 -43.44 -43.66 -43.88 -44.06 -44.25 -44.44 -44.62 -44.81 -45.00 -45.19 -45.41 -45.62 -45.84 -46.03 -46.22 -46.41 -46.59 -46.72 -46.88 -46.97 -47.06 -47.19 -47.28 -47.44 -47.59 -47.78 -48.00 -48.25 -48.53 -48.81 -49.16 -49.50 -49.84 -50.16 -50.50
-26.88 -27.38 -28.00 -28.69 -29.16 -29.50 -30.00 -30.41 -30.91 -31.56 -32.19 -32.75 -33.31 -34.00 -34.75 -35.38 -35.94 -36.47 -37.00 -37.50 -37.97 -38.41 -38.88 -39.28 -39.72 -40.12 -40.50 -40.84 -41.19 -41.53 -41.81 -42.09 -42.38 -42.62 -42.84 -43.09 -43.31 -43.53 -43.75 -43.94 -44.16 -44.34 -44.53 -44.72 -44.91 -45.09 -45.31 -45.50 -45.72 -45.91 -46.09 -46.28 -46.44 -46.56 -46.69 -46.81 -46.91 -47.00 -47.12 -47.25 -47.41 -47.59 -47.81 -48.09 -48.38 -48.69 -49.03 -49.38 -49.72 -50.03 -50.38
-26.41 -26.97 -27.53 -28.03 -28.47 -28.97 -29.44 -30.00 -30.56 -31.22 -31.91 -32.53 -33.12 -33.91 -34.59 -35.19 -35.75 -36.28 -36.78 -37.28 -37.78 -38.25 -38.72 -39.16 -39.56 -40.00 -40.38 -40.75 -41.09 -41.41 -41.69 -41.97 -42.22 -42.47 -42.72 -42.94 -43.19 -43.41 -43.62 -43.81 -44.03 -44.22 -44.41 -44.59 -44.78 -45.00 -45.19 -45.38 -45.59 -45.78 -45.97 -46.12 -46.28 -46.44 -46.56 -46.66 -46.75 -46.84 -46.94 -47.09 -47.25 -47.44 -47.69 -47.94 -48.25 -48.56 -48.91 -49.22 -49.56 -49.91 -50.25
-25.97 -26.47 -26.97 -27.44 -27.97 -28.50 -29.00 -29.62 -30.28 -30.94 -31.62 -32.25 -32.94 -33.72 -34.38 -34.97 -35.53 -36.06 -36.59 -37.09 -37.62 -38.09 -38.56 -39.03 -39.47 -39.88 -40.28 -40.62 -40.97 -41.28 -41.56 -41.81 -42.06 -42.31 -42.56 -42.78 -43.00 -43.25 -43.47 -43.69 -43.88 -44.09 -44.28 -44.47 -44.69 -44.88 -45.06 -45.28 -45.47 -45.66 -45.81 -46.00 -46.12 -46.28 -46.38 -46.50 -46.59 -46.69 -46.78 -46.94 -47.12 -47.31 -47.56 -47.84 -48.12 -48.44 -48.75 -49.06 -49.41 -49.75 -50.12
