everonasctiles/Tile14,41.asc
ncols 128
nrows 128
xllcorner 0
yllcorner 0
cellsize 2.0
NODATA_value  -9999
[rows 32 to 63 of 128, columns 0 to 71 of 128]
-23.22 -22.97 -22.69 -22.34 -22.00 -21.50 -21.16 -20.84 -20.62 -20.44 -20.22 -20.00 -19.84 -19.56 -19.25 -19.03 -18.78 -18.59 -18.44 -18.22 -17.97 -17.69 -17.38 -17.12 -16.81 -16.59 -16.28 -16.06 -15.91 -15.69 -15.41 -15.22 -15.03 -14.81 -14.66 -14.47 -14.28 -14.09 -13.88 -13.62 -13.41 -13.28 -13.22 -13.09 -12.97 -12.81 -12.69 -12.56 -12.47 -12.38 -12.22 -12.19 -12.22 -12.22 -12.22 -12.16 -12.06 -11.94 -11.88 -11.84 -11.78 -11.66 -11.56 -11.41 -11.28 -11.16 -11.03 -10.91 -10.78 -10.62 -10.47 -10.38
-23.12 -22.81 -22.50 -22.22 -21.91 -21.53 -21.19 -20.78 -20.56 -20.34 -19.97 -19.81 -19.66 -19.50 -19.22 -18.94 -18.66 -18.47 -18.22 -18.16 -17.94 -17.66 -17.41 -17.09 -16.88 -16.59 -16.28 -16.03 -15.84 -15.66 -15.56 -15.41 -15.22 -14.81 -14.56 -14.34 -14.25 -14.16 -13.91 -13.59 -13.41 -13.22 -13.09 -13.03 -12.94 -12.81 -12.69 -12.53 -12.47 -12.41 -12.28 -12.28 -12.34 -12.34 -12.34 -12.31 -12.25 -12.16 -12.03 -11.91 -11.81 -11.69 -11.53 -11.34 -11.22 -11.12 -11.00 -10.88 -10.75 -10.62 -10.47 -10.34
-22.81 -22.69 -22.41 -22.09 -21.78 -21.41 -21.03 -20.56 -20.25 -19.91 -19.84 -19.75 -19.56 -19.34 -19.06 -18.84 -18.59 -18.34 -18.09 -17.94 -17.81 -17.56 -17.38 -17.16 -16.88 -16.53 -16.28 -16.06 -15.78 -15.66 -15.50 -15.41 -15.19 -14.94 -14.59 -14.38 -14.19 -14.12 -13.97 -13.69 -13.44 -13.25 -13.09 -12.97 -12.88 -12.75 -12.66 -12.53 -12.44 -12.44 -12.41 -12.44 -12.50 -12.50 -12.50 -12.44 -12.41 -12.31 -12.22 -12.03 -11.84 -11.62 -11.53 -11.34 -11.19 -11.06 -10.94 -10.84 -10.72 -10.56 -10.44 -10.31
-22.59 -22.44 -22.31 -22.03 -21.59 -21.19 -20.84 -20.56 -20.22 -19.91 -19.72 -19.66 -19.47 -19.16 -18.97 -18.78 -18.31 -18.03 -18.03 -17.84 -17.66 -17.47 -17.25 -17.06 -16.75 -16.53 -16.38 -16.09 -15.88 -15.66 -15.53 -15.41 -15.16 -15.00 -14.81 -14.50 -14.19 -14.03 -13.91 -13.66 -13.44 -13.22 -13.06 -12.91 -12.78 -12.69 -12.59 -12.53 -12.47 -12.50 -12.56 -12.59 -12.66 -12.62 -12.59 -12.59 -12.53 -12.44 -12.31 -12.19 -12.00 -11.72 -11.44 -11.28 -11.19 -11.06 -10.91 -10.78 -10.66 -10.56 -10.44 -10.34
-22.31 -22.09 -22.03 -21.88 -21.59 -21.25 -21.00 -20.59 -20.31 -20.00 -19.69 -19.44 -19.22 -18.97 -18.72 -18.50 -18.25 -17.94 -17.69 -17.66 -17.53 -17.25 -17.03 -16.81 -16.72 -16.47 -16.28 -16.12 -15.91 -15.72 -15.56 -15.31 -15.12 -14.94 -14.75 -14.56 -14.25 -14.03 -13.88 -13.62 -13.47 -13.22 -13.00 -12.84 -12.75 -12.66 -12.59 -12.59 -12.56 -12.66 -12.72 -12.75 -12.78 -12.75 -12.72 -12.66 -12.62 -12.53 -12.41 -12.25 -12.03 -11.81 -11.53 -11.31 -11.22 -11.09 -10.94 -10.78 -10.66 -10.53 -10.41 -10.34
-22.09 -21.91 -21.84 -21.72 -21.47 -21.22 -20.97 -20.62 -20.19 -19.88 -19.56 -19.28 -19.03 -18.78 -18.62 -18.34 -18.03 -17.91 -17.62 -17.38 -17.12 -17.03 -16.94 -16.84 -16.62 -16.47 -16.31 -16.09 -15.97 -15.75 -15.50 -15.31 -15.09 -14.88 -14.66 -14.47 -14.31 -13.97 -13.72 -13.59 -13.41 -13.19 -12.97 -12.78 -12.69 -12.69 -12.66 -12.66 -12.75 -12.81 -12.88 -12.91 -12.94 -12.88 -12.84 -12.81 -12.72 -12.62 -12.50 -12.31 -12.06 -11.81 -11.62 -11.41 -11.22 -11.12 -10.97 -10.81 -10.66 -10.53 -10.41 -10.34
-21.97 -21.78 -21.62 -21.44 -21.28 -21.00 -20.78 -20.53 -20.22 -19.91 -19.50 -19.19 -19.00 -18.78 -18.50 -18.25 -18.00 -17.75 -17.50 -17.22 -16.94 -16.84 -16.78 -16.59 -16.50 -16.44 -16.28 -16.12 -15.97 -15.72 -15.53 -15.28 -15.06 -14.88 -14.66 -14.47 -14.25 -14.03 -13.75 -13.59 -13.41 -13.16 -13.00 -12.88 -12.75 -12.72 -12.75 -12.78 -12.88 -12.97 -13.00 -13.06 -13.06 -13.06 -13.00 -12.91 -12.84 -12.72 -12.53 -12.31 -12.09 -11.84 -11.66 -11.50 -11.31 -11.12 -10.94 -10.78 -10.66 -10.50 -10.41 -10.34
-21.88 -21.62 -21.44 -21.25 -21.06 -20.84 -20.66 -20.41 -20.22 -19.88 -19.50 -19.19 -18.88 -18.69 -18.53 -18.34 -18.12 -17.88 -17.50 -17.19 -17.03 -16.81 -16.59 -16.34 -16.34 -16.28 -16.28 -16.19 -16.03 -15.81 -15.56 -15.34 -15.12 -14.91 -14.66 -14.41 -14.28 -14.06 -13.81 -13.56 -13.38 -13.22 -13.06 -12.91 -12.84 -12.78 -12.81 -12.91 -13.00 -13.09 -13.19 -13.22 -13.22 -13.19 -13.12 -13.03 -12.94 -12.78 -12.56 -12.38 -12.09 -11.91 -11.72 -11.56 -11.38 -11.19 -11.00 -10.78 -10.62 -10.56 -10.47 -10.41
-21.75 -21.50 -21.31 -21.19 -20.97 -20.78 -20.53 -20.19 -19.97 -19.69 -19.44 -19.12 -18.78 -18.56 -18.38 -18.25 -18.16 -17.97 -17.66 -17.34 -17.09 -16.84 -16.56 -16.38 -16.25 -16.22 -16.16 -16.16 -16.00 -15.81 -15.56 -15.28 -15.09 -14.94 -14.75 -14.56 -14.34 -14.12 -13.88 -13.66 -13.44 -13.28 -13.09 -12.97 -12.88 -12.91 -12.97 -13.09 -13.16 -13.28 -13.34 -13.38 -13.38 -13.31 -13.25 -13.19 -13.09 -12.88 -12.69 -12.47 -12.19 -11.97 -11.75 -11.56 -11.38 -11.19 -11.03 -10.88 -10.72 -10.56 -10.50 -10.47
-21.69 -21.47 -21.34 -21.12 -20.88 -20.62 -20.38 -20.06 -19.72 -19.44 -19.25 -19.03 -18.81 -18.53 -18.31 -18.03 -17.94 -17.78 -17.53 -17.38 -17.25 -17.00 -16.66 -16.47 -16.22 -16.03 -16.03 -16.03 -15.94 -15.75 -15.53 -15.38 -15.16 -14.94 -14.75 -14.56 -14.38 -14.09 -13.88 -13.75 -13.47 -13.28 -13.09 -13.03 -13.03 -13.12 -13.19 -13.28 -13.41 -13.44 -13.53 -13.56 -13.50 -13.44 -13.41 -13.38 -13.25 -13.03 -12.81 -12.56 -12.31 -12.06 -11.81 -11.62 -11.44 -11.28 -11.12 -10.97 -10.81 -10.69 -10.59 -10.53
-21.69 -21.53 -21.31 -21.06 -20.88 -20.62 -20.38 -20.00 -19.75 -19.44 -19.19 -19.00 -18.75 -18.56 -18.38 -18.16 -17.94 -17.69 -17.41 -17.31 -17.22 -17.09 -16.91 -16.62 -16.28 -16.00 -15.91 -15.94 -15.94 -15.72 -15.53 -15.38 -15.19 -14.97 -14.78 -14.53 -14.31 -14.03 -13.91 -13.75 -13.56 -13.34 -13.16 -13.16 -13.19 -13.25 -13.38 -13.44 -13.59 -13.66 -13.69 -13.72 -13.69 -13.62 -13.56 -13.50 -13.38 -13.19 -12.97 -12.75 -12.47 -12.19 -11.94 -11.72 -11.56 -11.41 -11.22 -11.06 -10.94 -10.81 -10.69 -10.62
-21.59 -21.47 -21.25 -21.06 -20.84 -20.62 -20.31 -20.06 -19.84 -19.53 -19.28 -19.03 -18.78 -18.56 -18.41 -18.19 -18.06 -17.84 -17.56 -17.34 -17.16 -17.06 -16.94 -16.69 -16.34 -16.06 -15.88 -15.78 -15.75 -15.69 -15.53 -15.38 -15.19 -15.03 -14.78 -14.53 -14.31 -14.16 -14.03 -13.81 -13.62 -13.47 -13.34 -13.31 -13.38 -13.41 -13.50 -13.62 -13.69 -13.81 -13.91 -13.91 -13.88 -13.84 -13.75 -13.62 -13.47 -13.31 -13.09 -12.84 -12.59 -12.31 -12.06 -11.84 -11.66 -11.50 -11.34 -11.19 -11.03 -10.91 -10.81 -10.75
-21.47 -21.31 -21.19 -21.03 -20.81 -20.56 -20.34 -20.12 -19.88 -19.59 -19.44 -19.19 -18.94 -18.69 -18.47 -18.22 -18.09 -17.91 -17.78 -17.50 -17.22 -17.09 -16.94 -16.75 -16.47 -16.19 -15.94 -15.78 -15.66 -15.66 -15.50 -15.34 -15.19 -15.00 -14.81 -14.62 -14.41 -14.25 -14.03 -13.78 -13.59 -13.47 -13.44 -13.47 -13.47 -13.62 -13.69 -13.78 -13.88 -14.00 -14.09 -14.09 -14.09 -14.03 -13.94 -13.78 -13.56 -13.38 -13.16 -12.94 -12.72 -12.47 -12.22 -11.97 -11.75 -11.59 -11.41 -11.25 -11.12 -11.03 -10.94 -10.84
-21.38 -21.22 -21.03 -20.88 -20.69 -20.50 -20.28 -20.12 -19.88 -19.56 -19.38 -19.22 -18.97 -18.75 -18.53 -18.28 -18.12 -17.81 -17.66 -17.56 -17.41 -17.22 -17.09 -16.84 -16.59 -16.31 -16.00 -15.75 -15.66 -15.56 -15.44 -15.28 -15.09 -14.84 -14.75 -14.59 -14.41 -14.22 -14.00 -13.78 -13.62 -13.56 -13.56 -13.62 -13.66 -13.75 -13.91 -14.00 -14.06 -14.22 -14.31 -14.28 -14.25 -14.19 -14.09 -13.91 -13.72 -13.50 -13.31 -13.06 -12.84 -12.62 -12.34 -12.09 -11.88 -11.69 -11.53 -11.38 -11.25 -11.12 -11.03 -10.94
-21.22 -21.09 -20.81 -20.62 -20.47 -20.31 -20.22 -20.03 -19.84 -19.66 -19.44 -19.19 -18.94 -18.75 -18.50 -18.28 -18.06 -17.84 -17.66 -17.53 -17.44 -17.25 -17.06 -16.94 -16.62 -16.31 -16.09 -15.88 -15.62 -15.53 -15.38 -15.16 -15.00 -14.81 -14.69 -14.50 -14.31 -14.16 -13.97 -13.81 -13.69 -13.62 -13.66 -13.75 -13.84 -13.97 -14.03 -14.12 -14.22 -14.38 -14.47 -14.47 -14.41 -14.38 -14.25 -14.06 -13.84 -13.62 -13.41 -13.19 -12.97 -12.75 -12.50 -12.25 -12.03 -11.84 -11.66 -11.50 -11.38 -11.25 -11.12 -11.03
-21.06 -20.84 -20.69 -20.41 -20.25 -20.16 -20.06 -19.97 -19.84 -19.69 -19.50 -19.31 -19.00 -18.75 -18.56 -18.38 -18.09 -17.81 -17.66 -17.50 -17.41 -17.25 -17.09 -16.94 -16.72 -16.47 -16.12 -15.91 -15.69 -15.44 -15.34 -15.16 -14.91 -14.78 -14.59 -14.44 -14.31 -14.12 -13.94 -13.81 -13.72 -13.72 -13.75 -13.88 -14.03 -14.19 -14.28 -14.34 -14.38 -14.50 -14.56 -14.59 -14.59 -14.50 -14.34 -14.19 -14.00 -13.75 -13.53 -13.31 -13.09 -12.88 -12.62 -12.41 -12.16 -11.97 -11.78 -11.62 -11.47 -11.34 -11.25 -11.12
-21.03 -20.69 -20.56 -20.34 -20.12 -19.97 -19.91 -19.88 -19.72 -19.56 -19.47 -19.31 -19.12 -18.94 -18.69 -18.41 -18.16 -17.91 -17.72 -17.56 -17.47 -17.34 -17.16 -17.00 -16.78 -16.50 -16.19 -15.84 -15.59 -15.38 -15.22 -15.06 -14.94 -14.78 -14.59 -14.44 -14.31 -14.12 -13.97 -13.84 -13.78 -13.75 -13.81 -13.97 -14.22 -14.38 -14.50 -14.53 -14.62 -14.69 -14.75 -14.69 -14.66 -14.59 -14.50 -14.31 -14.09 -13.88 -13.66 -13.44 -13.22 -13.00 -12.75 -12.50 -12.28 -12.06 -11.91 -11.72 -11.59 -11.47 -11.34 -11.25
-21.00 -20.78 -20.56 -20.28 -20.06 -19.91 -19.84 -19.75 -19.62 -19.50 -19.38 -19.28 -19.16 -19.00 -18.81 -18.50 -18.22 -18.03 -17.78 -17.62 -17.50 -17.38 -17.22 -16.97 -16.78 -16.47 -16.22 -15.94 -15.72 -15.47 -15.22 -15.00 -14.84 -14.69 -14.53 -14.38 -14.25 -14.12 -14.03 -13.91 -13.81 -13.84 -13.97 -14.19 -14.38 -14.59 -14.66 -14.75 -14.81 -14.88 -14.91 -14.88 -14.78 -14.66 -14.56 -14.41 -14.19 -13.97 -13.75 -13.56 -13.31 -13.09 -12.88 -12.59 -12.38 -12.16 -11.97 -11.81 -11.69 -11.56 -11.44 -11.34
-20.81 -20.69 -20.50 -20.31 -20.16 -20.00 -19.78 -19.56 -19.53 -19.41 -19.31 -19.22 -19.12 -18.97 -18.81 -18.62 -18.38 -18.09 -17.84 -17.69 -17.53 -17.41 -17.28 -17.09 -16.81 -16.56 -16.38 -16.12 -15.84 -15.56 -15.28 -15.06 -14.84 -14.62 -14.47 -14.44 -14.34 -14.22 -14.16 -14.00 -13.91 -13.94 -14.09 -14.34 -14.59 -14.81 -14.84 -14.94 -15.03 -15.06 -15.03 -14.94 -14.88 -14.75 -14.66 -14.50 -14.31 -14.06 -13.88 -13.66 -13.44 -13.22 -12.97 -12.72 -12.47 -12.28 -12.09 -11.94 -11.78 -11.66 -11.53 -11.44
-20.78 -20.50 -20.31 -20.22 -20.06 -19.97 -19.84 -19.62 -19.41 -19.28 -19.16 -19.09 -19.06 -18.94 -18.81 -18.66 -18.47 -18.19 -17.91 -17.72 -17.59 -17.41 -17.34 -17.25 -17.00 -16.72 -16.50 -16.19 -15.88 -15.62 -15.44 -15.19 -14.91 -14.75 -14.66 -14.53 -14.50 -14.41 -14.25 -14.09 -14.03 -14.09 -14.25 -14.53 -14.84 -15.03 -15.06 -15.12 -15.22 -15.25 -15.12 -15.03 -14.94 -14.88 -14.72 -14.59 -14.34 -14.16 -13.94 -13.75 -13.56 -13.34 -13.09 -12.84 -12.62 -12.38 -12.19 -12.03 -11.88 -11.75 -11.62 -11.53
-20.84 -20.53 -20.22 -20.09 -19.97 -19.88 -19.69 -19.53 -19.41 -19.19 -19.06 -18.94 -18.88 -18.88 -18.78 -18.66 -18.50 -18.34 -18.12 -17.84 -17.66 -17.50 -17.34 -17.28 -17.16 -16.94 -16.72 -16.41 -16.12 -15.75 -15.50 -15.31 -15.16 -15.03 -14.91 -14.81 -14.72 -14.59 -14.44 -14.25 -14.19 -14.22 -14.44 -14.72 -15.09 -15.22 -15.28 -15.34 -15.38 -15.34 -15.28 -15.16 -15.06 -14.97 -14.81 -14.66 -14.44 -14.19 -14.00 -13.84 -13.66 -13.47 -13.22 -12.97 -12.72 -12.50 -12.28 -12.09 -11.97 -11.84 -11.72 -11.62
-20.75 -20.56 -20.25 -20.03 -19.88 -19.72 -19.56 -19.44 -19.25 -19.16 -19.00 -18.84 -18.72 -18.72 -18.72 -18.59 -18.47 -18.34 -18.22 -18.09 -17.88 -17.72 -17.53 -17.31 -17.19 -17.09 -16.94 -16.62 -16.28 -16.00 -15.78 -15.56 -15.47 -15.38 -15.28 -15.22 -15.12 -14.94 -14.72 -14.56 -14.47 -14.53 -14.75 -15.00 -15.34 -15.47 -15.53 -15.56 -15.53 -15.44 -15.34 -15.28 -15.19 -15.06 -14.94 -14.75 -14.53 -14.31 -14.09 -13.91 -13.75 -13.59 -13.38 -13.12 -12.84 -12.59 -12.38 -12.22 -12.06 -11.91 -11.81 -11.72
-20.69 -20.44 -20.16 -19.91 -19.81 -19.66 -19.50 -19.34 -19.22 -19.09 -18.94 -18.75 -18.66 -18.56 -18.56 -18.53 -18.47 -18.34 -18.25 -18.12 -18.03 -17.84 -17.75 -17.56 -17.41 -17.31 -17.16 -16.94 -16.62 -16.31 -16.12 -16.00 -15.81 -15.81 -15.84 -15.78 -15.62 -15.34 -15.09 -14.94 -14.91 -15.06 -15.34 -15.47 -15.59 -15.75 -15.78 -15.78 -15.66 -15.56 -15.47 -15.34 -15.25 -15.09 -14.94 -14.78 -14.59 -14.38 -14.22 -14.00 -13.88 -13.69 -13.47 -13.22 -12.97 -12.72 -12.50 -12.31 -12.16 -12.03 -11.91 -11.81
-20.59 -20.31 -20.00 -19.91 -19.81 -19.69 -19.47 -19.34 -19.19 -19.03 -18.84 -18.69 -18.53 -18.44 -18.44 -18.41 -18.38 -18.31 -18.25 -18.16 -18.06 -17.91 -17.81 -17.72 -17.59 -17.50 -17.34 -17.19 -16.97 -16.69 -16.44 -16.31 -16.28 -16.28 -16.31 -16.31 -16.12 -15.78 -15.62 -15.47 -15.44 -15.56 -15.78 -15.88 -15.94 -16.00 -16.03 -16.00 -15.88 -15.78 -15.69 -15.50 -15.31 -15.12 -14.97 -14.78 -14.62 -14.44 -14.28 -14.12 -13.94 -13.75 -13.56 -13.31 -13.06 -12.81 -12.59 -12.44 -12.25 -12.12 -12.00 -11.91
-20.59 -20.31 -20.03 -19.88 -19.81 -19.69 -19.47 -19.28 -19.12 -19.03 -18.81 -18.66 -18.53 -18.38 -18.34 -18.31 -18.31 -18.25 -18.16 -18.12 -18.06 -18.00 -17.94 -17.84 -17.75 -17.66 -17.59 -17.44 -17.25 -17.12 -16.94 -16.81 -16.69 -16.66 -16.69 -16.62 -16.56 -16.31 -16.16 -15.97 -16.00 -16.06 -16.19 -16.25 -16.22 -16.25 -16.22 -16.16 -16.09 -15.97 -15.78 -15.56 -15.38 -15.19 -15.03 -14.84 -14.69 -14.53 -14.34 -14.19 -14.03 -13.84 -13.62 -13.41 -13.19 -12.94 -12.72 -12.53 -12.38 -12.25 -12.12 -12.03
-20.66 -20.38 -20.06 -19.78 -19.69 -19.59 -19.41 -19.22 -19.06 -18.94 -18.81 -18.62 -18.53 -18.41 -18.25 -18.28 -18.25 -18.16 -18.12 -18.12 -18.12 -18.09 -18.06 -18.00 -17.94 -17.84 -17.75 -17.66 -17.56 -17.47 -17.38 -17.25 -17.09 -17.00 -17.00 -16.94 -16.81 -16.59 -16.44 -16.34 -16.44 -16.47 -16.50 -16.50 -16.50 -16.44 -16.38 -16.31 -16.16 -16.03 -15.84 -15.59 -15.41 -15.25 -15.06 -14.91 -14.78 -14.59 -14.44 -14.28 -14.12 -13.94 -13.75 -13.50 -13.28 -13.06 -12.84 -12.66 -12.50 -12.38 -12.25 -12.16
-20.66 -20.41 -20.06 -19.72 -19.56 -19.50 -19.44 -19.28 -19.09 -18.97 -18.88 -18.69 -18.50 -18.44 -18.34 -18.31 -18.28 -18.25 -18.25 -18.19 -18.19 -18.16 -18.12 -18.09 -18.06 -17.97 -17.88 -17.81 -17.78 -17.72 -17.66 -17.56 -17.41 -17.25 -17.19 -17.16 -16.97 -16.75 -16.66 -16.66 -16.66 -16.72 -16.72 -16.69 -16.62 -16.59 -16.50 -16.38 -16.22 -16.06 -15.84 -15.66 -15.44 -15.28 -15.12 -14.97 -14.84 -14.69 -14.53 -14.34 -14.19 -14.00 -13.81 -13.59 -13.38 -13.16 -12.97 -12.78 -12.62 -12.50 -12.38 -12.28
-20.81 -20.41 -20.06 -19.75 -19.47 -19.38 -19.34 -19.25 -19.09 -19.00 -18.91 -18.78 -18.62 -18.56 -18.50 -18.41 -18.38 -18.34 -18.31 -18.31 -18.28 -18.22 -18.22 -18.19 -18.16 -18.09 -18.06 -18.00 -18.00 -17.97 -17.91 -17.78 -17.66 -17.50 -17.34 -17.22 -17.09 -16.94 -16.88 -16.84 -16.88 -16.88 -16.84 -16.81 -16.72 -16.62 -16.53 -16.38 -16.22 -16.03 -15.84 -15.66 -15.47 -15.31 -15.16 -15.03 -14.88 -14.72 -14.56 -14.41 -14.22 -14.06 -13.88 -13.66 -13.47 -13.28 -13.06 -12.91 -12.75 -12.59 -12.50 -12.41
-20.88 -20.56 -20.12 -19.78 -19.56 -19.31 -19.25 -19.22 -19.09 -19.03 -18.91 -18.81 -18.78 -18.69 -18.56 -18.53 -18.47 -18.47 -18.44 -18.44 -18.44 -18.44 -18.38 -18.38 -18.34 -18.25 -18.19 -18.19 -18.19 -18.09 -18.03 -17.94 -17.84 -17.72 -17.56 -17.34 -17.12 -17.03 -16.97 -16.97 -17.00 -17.00 -16.97 -16.88 -16.75 -16.62 -16.50 -16.34 -16.19 -16.00 -15.81 -15.62 -15.47 -15.34 -15.22 -15.06 -14.91 -14.75 -14.59 -14.44 -14.25 -14.09 -13.91 -13.72 -13.56 -13.38 -13.19 -13.03 -12.88 -12.72 -12.62 -12.50
-20.91 -20.62 -20.25 -19.91 -19.62 -19.41 -19.22 -19.12 -19.12 -19.09 -18.97 -18.91 -18.88 -18.81 -18.75 -18.66 -18.62 -18.62 -18.62 -18.62 -18.62 -18.62 -18.62 -18.53 -18.53 -18.47 -18.41 -18.34 -18.28 -18.22 -18.16 -18.06 -17.97 -17.84 -17.69 -17.47 -17.31 -17.16 -17.09 -17.09 -17.06 -17.03 -17.00 -16.91 -16.75 -16.59 -16.47 -16.34 -16.16 -15.97 -15.81 -15.66 -15.53 -15.41 -15.25 -15.09 -14.91 -14.78 -14.62 -14.47 -14.31 -14.12 -13.97 -13.81 -13.66 -13.47 -13.31 -13.12 -12.97 -12.84 -12.72 -12.62
-20.84 -20.59 -20.41 -20.09 -19.78 -19.47 -19.31 -19.16 -19.09 -19.12 -19.06 -19.00 -18.97 -18.91 -18.84 -18.81 -18.78 -18.78 -18.81 -18.81 -18.78 -18.78 -18.78 -18.69 -18.66 -18.59 -18.53 -18.47 -18.41 -18.34 -18.28 -18.16 -18.03 -17.88 -17.75 -17.56 -17.44 -17.34 -17.28 -17.25 -17.16 -17.06 -16.97 -16.88 -16.78 -16.59 -16.47 -16.31 -16.16 -16.03 -15.91 -15.78 -15.66 -15.53 -15.34 -15.16 -14.97 -14.78 -14.62 -14.50 -14.34 -14.19 -14.03 -13.88 -13.72 -13.56 -13.38 -13.22 -13.06 -12.94 -12.81 -12.72
-20.78 -20.62 -20.44 -20.19 -19.88 -19.66 -19.44 -19.28 -19.16 -19.16 -19.16 -19.12 -19.09 -19.03 -18.97 -18.97 -18.97 -18.97 -18.94 -18.94 -18.88 -18.88 -18.84 -18.81 -18.78 -18.72 -18.62 -18.53 -18.41 -18.34 -18.25 -18.16 -18.03 -17.91 -17.75 -17.59 -17.50 -17.41 -17.38 -17.28 -17.19 -17.06 -16.97 -16.84 -16.72 -16.59 -16.50 -16.38 -16.25 -16.12 -16.03 -15.88 -15.75 -15.59 -15.41 -15.19 -14.97 -14.81 -14.62 -14.50 -14.34 -14.19 -14.06 -13.91 -13.75 -13.59 -13.44 -13.28 -13.12 -13.00 -12.88 -12.78
