everonasctiles/Tile[22,7].asc
ncols 128
nrows 128
xllcorner 0
yllcorner 0
cellsize 2.0
NODATA_value  -9999
[rows 32 to 63 of 128, columns 0 to 70 of 128]
-57.28 -57.16 -57.03 -56.91 -56.78 -56.66 -56.53 -56.41 -56.31 -56.22 -56.09 -56.00 -55.91 -55.78 -55.69 -55.56 -55.47 -55.34 -55.25 -55.12 -55.00 -54.88 -54.72 -54.59 -54.44 -54.28 -54.12 -53.94 -53.75 -53.56 -53.38 -53.16 -52.94 -52.72 -52.50 -52.28 -52.06 -51.88 -51.66 -51.47 -51.28 -51.09 -50.91 -50.75 -50.56 -50.41 -50.25 -50.06 -49.91 -49.75 -49.59 -49.44 -49.31 -49.19 -49.03 -48.94 -48.81 -48.72 -48.62 -48.56 -48.50 -48.47 -48.41 -48.34 -48.31 -48.22 -48.16 -48.09 -48.00 -47.91 -47.78
-57.38 -57.22 -57.09 -56.97 -56.84 -56.69 -56.59 -56.47 -56.38 -56.25 -56.16 -56.06 -55.94 -55.84 -55.75 -55.62 -55.53 -55.41 -55.28 -55.16 -55.03 -54.91 -54.75 -54.59 -54.47 -54.31 -54.12 -53.97 -53.78 -53.59 -53.41 -53.19 -52.97 -52.75 -52.53 -52.31 -52.12 -51.91 -51.72 -51.53 -51.34 -51.16 -50.97 -50.78 -50.62 -50.44 -50.28 -50.12 -49.94 -49.78 -49.62 -49.47 -49.31 -49.16 -49.03 -48.91 -48.78 -48.66 -48.56 -48.50 -48.41 -48.34 -48.28 -48.22 -48.16 -48.09 -48.00 -47.91 -47.81 -47.69 -47.56
-57.41 -57.28 -57.16 -57.00 -56.88 -56.75 -56.62 -56.50 -56.41 -56.28 -56.19 -56.09 -55.97 -55.88 -55.78 -55.66 -55.56 -55.44 -55.31 -55.19 -55.06 -54.91 -54.78 -54.62 -54.47 -54.31 -54.16 -53.97 -53.78 -53.59 -53.41 -53.22 -53.00 -52.78 -52.56 -52.34 -52.16 -51.94 -51.75 -51.56 -51.38 -51.19 -51.03 -50.84 -50.66 -50.50 -50.34 -50.16 -50.00 -49.81 -49.66 -49.50 -49.31 -49.16 -49.03 -48.88 -48.75 -48.62 -48.50 -48.41 -48.31 -48.25 -48.16 -48.09 -48.00 -47.94 -47.84 -47.72 -47.62 -47.50 -47.38
-57.47 -57.34 -57.19 -57.06 -56.91 -56.78 -56.66 -56.56 -56.44 -56.31 -56.22 -56.12 -56.00 -55.91 -55.81 -55.69 -55.59 -55.47 -55.34 -55.22 -55.06 -54.94 -54.78 -54.66 -54.50 -54.34 -54.16 -53.97 -53.81 -53.59 -53.41 -53.22 -53.00 -52.81 -52.59 -52.38 -52.19 -51.97 -51.78 -51.59 -51.44 -51.25 -51.06 -50.91 -50.72 -50.56 -50.38 -50.22 -50.03 -49.84 -49.69 -49.50 -49.34 -49.19 -49.00 -48.84 -48.72 -48.56 -48.44 -48.31 -48.22 -48.12 -48.03 -47.94 -47.84 -47.75 -47.66 -47.53 -47.41 -47.28 -47.16
-57.50 -57.38 -57.22 -57.09 -56.94 -56.81 -56.69 -56.56 -56.47 -56.34 -56.25 -56.12 -56.03 -55.94 -55.84 -55.72 -55.62 -55.50 -55.38 -55.25 -55.09 -54.97 -54.81 -54.69 -54.53 -54.38 -54.19 -54.03 -53.84 -53.62 -53.44 -53.25 -53.03 -52.84 -52.62 -52.44 -52.22 -52.03 -51.84 -51.66 -51.50 -51.31 -51.12 -50.97 -50.78 -50.59 -50.44 -50.25 -50.06 -49.88 -49.72 -49.53 -49.34 -49.19 -49.00 -48.84 -48.69 -48.53 -48.38 -48.25 -48.12 -48.00 -47.91 -47.81 -47.69 -47.59 -47.47 -47.34 -47.22 -47.06 -46.94
-57.53 -57.41 -57.25 -57.12 -56.97 -56.84 -56.72 -56.59 -56.47 -56.38 -56.25 -56.16 -56.06 -55.97 -55.88 -55.75 -55.66 -55.53 -55.41 -55.28 -55.16 -55.00 -54.88 -54.72 -54.59 -54.44 -54.25 -54.09 -53.91 -53.72 -53.50 -53.31 -53.12 -52.91 -52.72 -52.50 -52.31 -52.12 -51.94 -51.75 -51.56 -51.38 -51.19 -51.03 -50.84 -50.66 -50.47 -50.28 -50.09 -49.91 -49.72 -49.53 -49.34 -49.16 -49.00 -48.81 -48.66 -48.47 -48.31 -48.19 -48.03 -47.91 -47.78 -47.66 -47.53 -47.41 -47.28 -47.16 -47.00 -46.88 -46.69
-57.56 -57.41 -57.25 -57.12 -56.97 -56.84 -56.72 -56.59 -56.47 -56.38 -56.28 -56.19 -56.09 -56.00 -55.88 -55.78 -55.69 -55.56 -55.44 -55.31 -55.19 -55.06 -54.94 -54.81 -54.66 -54.53 -54.34 -54.19 -54.00 -53.81 -53.62 -53.41 -53.22 -53.00 -52.81 -52.59 -52.41 -52.22 -52.03 -51.84 -51.66 -51.44 -51.25 -51.06 -50.88 -50.69 -50.50 -50.31 -50.12 -49.94 -49.75 -49.53 -49.34 -49.16 -48.97 -48.78 -48.62 -48.44 -48.25 -48.09 -47.94 -47.78 -47.66 -47.53 -47.38 -47.25 -47.09 -46.97 -46.81 -46.62 -46.47
-57.59 -57.41 -57.25 -57.12 -56.97 -56.84 -56.69 -56.59 -56.47 -56.38 -56.28 -56.19 -56.12 -56.03 -55.94 -55.81 -55.72 -55.62 -55.50 -55.41 -55.28 -55.16 -55.03 -54.91 -54.78 -54.62 -54.47 -54.31 -54.12 -53.94 -53.72 -53.53 -53.31 -53.12 -52.91 -52.72 -52.50 -52.31 -52.12 -51.91 -51.72 -51.53 -51.31 -51.12 -50.94 -50.75 -50.53 -50.34 -50.16 -49.94 -49.75 -49.53 -49.34 -49.16 -48.97 -48.75 -48.56 -48.38 -48.19 -48.03 -47.84 -47.69 -47.53 -47.38 -47.22 -47.06 -46.91 -46.75 -46.59 -46.41 -46.22
-57.56 -57.41 -57.25 -57.09 -56.97 -56.81 -56.69 -56.56 -56.47 -56.38 -56.31 -56.22 -56.16 -56.06 -55.97 -55.88 -55.78 -55.69 -55.56 -55.47 -55.38 -55.25 -55.12 -55.00 -54.88 -54.75 -54.59 -54.44 -54.25 -54.06 -53.84 -53.66 -53.44 -53.22 -53.03 -52.81 -52.62 -52.41 -52.19 -52.00 -51.78 -51.59 -51.38 -51.19 -50.97 -50.78 -50.56 -50.38 -50.16 -49.94 -49.75 -49.53 -49.34 -49.12 -48.94 -48.72 -48.53 -48.34 -48.12 -47.94 -47.75 -47.56 -47.41 -47.22 -47.06 -46.91 -46.72 -46.56 -46.38 -46.19 -46.00
-57.56 -57.41 -57.25 -57.09 -56.94 -56.81 -56.69 -56.56 -56.47 -56.41 -56.31 -56.25 -56.19 -56.09 -56.03 -55.94 -55.84 -55.75 -55.66 -55.56 -55.47 -55.38 -55.25 -55.12 -55.00 -54.84 -54.72 -54.53 -54.38 -54.19 -53.97 -53.78 -53.56 -53.34 -53.12 -52.91 -52.72 -52.50 -52.28 -52.06 -51.84 -51.62 -51.44 -51.22 -51.00 -50.78 -50.59 -50.38 -50.16 -49.94 -49.75 -49.53 -49.31 -49.09 -48.91 -48.69 -48.47 -48.28 -48.06 -47.88 -47.66 -47.47 -47.28 -47.09 -46.91 -46.72 -46.53 -46.34 -46.16 -45.97 -45.75
-57.53 -57.38 -57.22 -57.06 -56.91 -56.78 -56.66 -56.56 -56.50 -56.44 -56.38 -56.31 -56.22 -56.16 -56.09 -56.00 -55.91 -55.84 -55.75 -55.66 -55.56 -55.47 -55.34 -55.25 -55.09 -54.97 -54.81 -54.66 -54.47 -54.28 -54.09 -53.88 -53.66 -53.47 -53.25 -53.03 -52.81 -52.56 -52.34 -52.12 -51.91 -51.69 -51.47 -51.25 -51.03 -50.81 -50.59 -50.38 -50.16 -49.94 -49.72 -49.50 -49.28 -49.06 -48.84 -48.62 -48.44 -48.22 -48.00 -47.78 -47.56 -47.34 -47.16 -46.94 -46.75 -46.53 -46.34 -46.16 -45.94 -45.72 -45.50
-57.50 -57.34 -57.19 -57.03 -56.91 -56.78 -56.66 -56.59 -56.53 -56.47 -56.41 -56.34 -56.28 -56.22 -56.16 -56.06 -56.00 -55.94 -55.84 -55.78 -55.69 -55.56 -55.47 -55.34 -55.22 -55.06 -54.91 -54.75 -54.59 -54.41 -54.22 -54.00 -53.78 -53.56 -53.34 -53.12 -52.88 -52.66 -52.41 -52.19 -51.97 -51.72 -51.50 -51.28 -51.06 -50.84 -50.62 -50.38 -50.16 -49.94 -49.72 -49.50 -49.25 -49.03 -48.81 -48.59 -48.34 -48.12 -47.91 -47.69 -47.47 -47.25 -47.03 -46.81 -46.59 -46.38 -46.16 -45.94 -45.72 -45.50 -45.28
-57.47 -57.31 -57.16 -57.00 -56.88 -56.78 -56.69 -56.59 -56.56 -56.50 -56.47 -56.41 -56.34 -56.28 -56.22 -56.16 -56.06 -56.00 -55.94 -55.84 -55.75 -55.66 -55.56 -55.44 -55.31 -55.16 -55.03 -54.88 -54.69 -54.53 -54.31 -54.12 -53.91 -53.69 -53.44 -53.22 -52.97 -52.72 -52.50 -52.25 -52.00 -51.78 -51.53 -51.31 -51.09 -50.84 -50.62 -50.38 -50.16 -49.94 -49.69 -49.47 -49.22 -49.00 -48.75 -48.53 -48.28 -48.06 -47.81 -47.59 -47.34 -47.12 -46.88 -46.66 -46.41 -46.19 -45.97 -45.72 -45.50 -45.25 -45.03
-57.44 -57.28 -57.16 -57.00 -56.88 -56.78 -56.72 -56.66 -56.59 -56.56 -56.50 -56.47 -56.41 -56.34 -56.28 -56.22 -56.16 -56.09 -56.03 -55.94 -55.84 -55.75 -55.62 -55.53 -55.41 -55.25 -55.12 -54.97 -54.81 -54.62 -54.44 -54.22 -54.00 -53.78 -53.53 -53.28 -53.06 -52.81 -52.56 -52.31 -52.06 -51.81 -51.56 -51.34 -51.09 -50.84 -50.62 -50.38 -50.16 -49.91 -49.66 -49.44 -49.19 -48.94 -48.69 -48.44 -48.22 -47.97 -47.72 -47.47 -47.22 -46.97 -46.75 -46.50 -46.25 -46.00 -45.78 -45.53 -45.28 -45.03 -44.78
-57.47 -57.31 -57.16 -57.03 -56.94 -56.84 -56.78 -56.72 -56.66 -56.62 -56.56 -56.53 -56.47 -56.41 -56.34 -56.28 -56.22 -56.16 -56.09 -56.00 -55.91 -55.81 -55.72 -55.59 -55.47 -55.34 -55.22 -55.06 -54.91 -54.72 -54.53 -54.31 -54.09 -53.88 -53.62 -53.38 -53.12 -52.88 -52.62 -52.38 -52.09 -51.84 -51.59 -51.34 -51.09 -50.88 -50.62 -50.38 -50.12 -49.88 -49.62 -49.38 -49.12 -48.88 -48.62 -48.38 -48.12 -47.88 -47.62 -47.34 -47.09 -46.84 -46.59 -46.34 -46.09 -45.84 -45.56 -45.31 -45.06 -44.78 -44.53
-57.50 -57.34 -57.22 -57.09 -57.00 -56.91 -56.84 -56.78 -56.75 -56.69 -56.66 -56.59 -56.53 -56.47 -56.41 -56.34 -56.28 -56.22 -56.16 -56.06 -55.97 -55.88 -55.78 -55.66 -55.53 -55.41 -55.28 -55.12 -54.97 -54.81 -54.59 -54.41 -54.16 -53.94 -53.69 -53.44 -53.19 -52.94 -52.66 -52.41 -52.12 -51.88 -51.62 -51.38 -51.09 -50.84 -50.59 -50.34 -50.09 -49.84 -49.59 -49.31 -49.06 -48.81 -48.56 -48.28 -48.03 -47.75 -47.50 -47.22 -46.97 -46.69 -46.44 -46.19 -45.91 -45.66 -45.38 -45.09 -44.84 -44.56 -44.28
-57.59 -57.44 -57.31 -57.19 -57.09 -57.00 -56.94 -56.88 -56.81 -56.75 -56.72 -56.66 -56.59 -56.53 -56.47 -56.41 -56.34 -56.28 -56.22 -56.12 -56.03 -55.94 -55.81 -55.72 -55.59 -55.47 -55.34 -55.19 -55.03 -54.84 -54.66 -54.44 -54.22 -53.97 -53.75 -53.50 -53.22 -52.97 -52.69 -52.44 -52.16 -51.88 -51.62 -51.38 -51.09 -50.84 -50.56 -50.31 -50.06 -49.78 -49.53 -49.28 -49.00 -48.72 -48.47 -48.19 -47.91 -47.62 -47.38 -47.09 -46.81 -46.53 -46.28 -46.00 -45.72 -45.47 -45.19 -44.88 -44.59 -44.31 -44.03
-57.72 -57.56 -57.44 -57.31 -57.19 -57.09 -57.00 -56.94 -56.88 -56.81 -56.78 -56.72 -56.66 -56.59 -56.53 -56.47 -56.41 -56.34 -56.25 -56.16 -56.06 -55.97 -55.88 -55.75 -55.62 -55.50 -55.38 -55.22 -55.06 -54.88 -54.69 -54.47 -54.25 -54.00 -53.75 -53.50 -53.25 -52.97 -52.69 -52.44 -52.16 -51.88 -51.62 -51.34 -51.09 -50.81 -50.53 -50.28 -50.00 -49.75 -49.47 -49.19 -48.94 -48.66 -48.38 -48.09 -47.78 -47.50 -47.22 -46.94 -46.66 -46.38 -46.09 -45.81 -45.53 -45.25 -44.97 -44.69 -44.38 -44.06 -43.75
-57.81 -57.66 -57.53 -57.38 -57.28 -57.19 -57.09 -57.00 -56.94 -56.88 -56.81 -56.75 -56.69 -56.66 -56.59 -56.53 -56.44 -56.38 -56.28 -56.19 -56.09 -56.00 -55.88 -55.75 -55.66 -55.53 -55.38 -55.22 -55.06 -54.88 -54.69 -54.47 -54.25 -54.00 -53.75 -53.50 -53.25 -52.97 -52.69 -52.41 -52.16 -51.88 -51.59 -51.31 -51.03 -50.78 -50.50 -50.22 -49.94 -49.69 -49.41 -49.12 -48.84 -48.56 -48.25 -47.97 -47.66 -47.38 -47.06 -46.75 -46.47 -46.16 -45.88 -45.59 -45.31 -45.06 -44.75 -44.47 -44.16 -43.81 -43.50
-57.91 -57.75 -57.59 -57.47 -57.34 -57.25 -57.16 -57.06 -57.00 -56.94 -56.88 -56.81 -56.75 -56.69 -56.62 -56.56 -56.47 -56.41 -56.31 -56.22 -56.09 -56.00 -55.91 -55.78 -55.66 -55.53 -55.38 -55.25 -55.06 -54.88 -54.69 -54.47 -54.22 -54.00 -53.75 -53.50 -53.22 -52.97 -52.69 -52.41 -52.12 -51.84 -51.56 -51.28 -51.00 -50.72 -50.44 -50.16 -49.88 -49.59 -49.31 -49.03 -48.75 -48.47 -48.16 -47.84 -47.53 -47.22 -46.91 -46.59 -46.28 -45.97 -45.66 -45.38 -45.09 -44.81 -44.53 -44.22 -43.91 -43.59 -43.25
-57.97 -57.78 -57.66 -57.50 -57.38 -57.28 -57.19 -57.09 -57.03 -56.97 -56.91 -56.81 -56.78 -56.72 -56.66 -56.56 -56.50 -56.41 -56.31 -56.22 -56.12 -56.00 -55.91 -55.78 -55.66 -55.53 -55.41 -55.25 -55.06 -54.88 -54.66 -54.44 -54.22 -53.97 -53.72 -53.47 -53.22 -52.94 -52.66 -52.38 -52.09 -51.81 -51.53 -51.25 -50.97 -50.69 -50.38 -50.09 -49.81 -49.53 -49.22 -48.94 -48.66 -48.34 -48.03 -47.72 -47.41 -47.09 -46.75 -46.44 -46.09 -45.78 -45.44 -45.12 -44.84 -44.56 -44.28 -44.00 -43.69 -43.34 -43.00
-58.00 -57.81 -57.69 -57.53 -57.41 -57.31 -57.19 -57.12 -57.03 -56.97 -56.91 -56.84 -56.78 -56.72 -56.66 -56.59 -56.50 -56.41 -56.31 -56.22 -56.12 -56.03 -55.91 -55.81 -55.69 -55.53 -55.41 -55.22 -55.06 -54.88 -54.66 -54.44 -54.19 -53.97 -53.72 -53.44 -53.19 -52.91 -52.62 -52.34 -52.06 -51.78 -51.50 -51.19 -50.91 -50.62 -50.31 -50.03 -49.72 -49.44 -49.12 -48.84 -48.53 -48.22 -47.91 -47.59 -47.28 -46.94 -46.62 -46.28 -45.94 -45.59 -45.25 -44.91 -44.59 -44.28 -44.03 -43.72 -43.41 -43.09 -42.75
-58.00 -57.84 -57.69 -57.53 -57.41 -57.31 -57.22 -57.12 -57.03 -56.97 -56.91 -56.84 -56.78 -56.72 -56.66 -56.56 -56.50 -56.41 -56.31 -56.22 -56.12 -56.03 -55.94 -55.81 -55.69 -55.53 -55.38 -55.22 -55.06 -54.84 -54.62 -54.41 -54.19 -53.94 -53.69 -53.44 -53.16 -52.88 -52.59 -52.31 -52.03 -51.75 -51.44 -51.16 -50.84 -50.56 -50.25 -49.94 -49.62 -49.34 -49.03 -48.72 -48.41 -48.09 -47.75 -47.44 -47.12 -46.81 -46.47 -46.12 -45.78 -45.41 -45.03 -44.69 -44.34 -44.03 -43.75 -43.44 -43.16 -42.84 -42.50
-58.00 -57.84 -57.69 -57.53 -57.41 -57.31 -57.22 -57.12 -57.03 -56.97 -56.91 -56.81 -56.75 -56.69 -56.62 -56.56 -56.47 -56.41 -56.31 -56.22 -56.12 -56.03 -55.91 -55.81 -55.69 -55.53 -55.38 -55.22 -55.03 -54.84 -54.62 -54.38 -54.16 -53.91 -53.66 -53.41 -53.12 -52.84 -52.56 -52.28 -52.00 -51.69 -51.41 -51.09 -50.81 -50.50 -50.19 -49.88 -49.56 -49.22 -48.91 -48.56 -48.25 -47.91 -47.59 -47.28 -46.94 -46.62 -46.31 -45.94 -45.59 -45.22 -44.81 -44.44 -44.09 -43.75 -43.47 -43.19 -42.88 -42.56 -42.25
-57.97 -57.81 -57.66 -57.53 -57.41 -57.31 -57.22 -57.12 -57.03 -56.94 -56.88 -56.81 -56.75 -56.69 -56.59 -56.53 -56.44 -56.38 -56.28 -56.22 -56.12 -56.03 -55.91 -55.78 -55.66 -55.53 -55.38 -55.19 -55.03 -54.81 -54.59 -54.38 -54.12 -53.88 -53.62 -53.38 -53.09 -52.81 -52.53 -52.25 -51.97 -51.66 -51.38 -51.06 -50.75 -50.44 -50.12 -49.81 -49.47 -49.12 -48.78 -48.44 -48.09 -47.75 -47.41 -47.06 -46.75 -46.44 -46.12 -45.78 -45.41 -45.03 -44.62 -44.22 -43.84 -43.47 -43.19 -42.91 -42.59 -42.28 -41.97
-57.94 -57.78 -57.62 -57.50 -57.38 -57.28 -57.19 -57.09 -57.00 -56.94 -56.84 -56.78 -56.72 -56.66 -56.56 -56.50 -56.41 -56.34 -56.25 -56.19 -56.09 -56.00 -55.91 -55.78 -55.66 -55.50 -55.34 -55.19 -55.00 -54.81 -54.59 -54.38 -54.12 -53.88 -53.59 -53.34 -53.06 -52.78 -52.50 -52.22 -51.94 -51.62 -51.31 -51.03 -50.72 -50.41 -50.06 -49.75 -49.41 -49.06 -48.69 -48.34 -47.97 -47.59 -47.25 -46.88 -46.53 -46.22 -45.91 -45.56 -45.22 -44.84 -44.44 -44.00 -43.59 -43.22 -42.91 -42.59 -42.31 -42.00 -41.69
-57.91 -57.72 -57.59 -57.47 -57.38 -57.25 -57.16 -57.06 -57.00 -56.91 -56.84 -56.75 -56.69 -56.62 -56.53 -56.47 -56.38 -56.31 -56.22 -56.16 -56.06 -55.97 -55.88 -55.75 -55.62 -55.50 -55.34 -55.19 -55.00 -54.81 -54.59 -54.38 -54.12 -53.84 -53.59 -53.31 -53.03 -52.75 -52.47 -52.19 -51.91 -51.59 -51.28 -50.97 -50.66 -50.34 -50.00 -49.66 -49.31 -48.97 -48.62 -48.25 -47.88 -47.47 -47.09 -46.72 -46.34 -46.00 -45.69 -45.34 -45.00 -44.66 -44.25 -43.81 -43.38 -42.97 -42.62 -42.31 -42.03 -41.72 -41.41
-57.84 -57.69 -57.56 -57.44 -57.31 -57.22 -57.12 -57.06 -56.97 -56.88 -56.81 -56.72 -56.66 -56.59 -56.50 -56.44 -56.34 -56.25 -56.19 -56.12 -56.03 -55.94 -55.84 -55.72 -55.59 -55.47 -55.31 -55.16 -55.00 -54.81 -54.59 -54.34 -54.12 -53.84 -53.56 -53.31 -53.03 -52.75 -52.44 -52.16 -51.84 -51.56 -51.25 -50.94 -50.62 -50.28 -49.94 -49.59 -49.25 -48.91 -48.53 -48.16 -47.78 -47.38 -46.97 -46.59 -46.19 -45.81 -45.44 -45.09 -44.78 -44.41 -44.03 -43.62 -43.19 -42.75 -42.38 -42.03 -41.72 -41.44 -41.12
-57.81 -57.66 -57.50 -57.38 -57.28 -57.19 -57.09 -57.00 -56.94 -56.84 -56.78 -56.69 -56.62 -56.56 -56.47 -56.38 -56.31 -56.22 -56.12 -56.06 -55.97 -55.91 -55.81 -55.69 -55.56 -55.41 -55.25 -55.09 -54.94 -54.75 -54.56 -54.34 -54.09 -53.84 -53.56 -53.28 -53.00 -52.72 -52.41 -52.12 -51.81 -51.53 -51.22 -50.88 -50.56 -50.22 -49.88 -49.53 -49.19 -48.81 -48.44 -48.06 -47.69 -47.28 -46.88 -46.47 -46.03 -45.62 -45.25 -44.88 -44.53 -44.19 -43.81 -43.41 -43.00 -42.56 -42.16 -41.75 -41.44 -41.12 -40.84
-57.81 -57.62 -57.47 -57.34 -57.22 -57.12 -57.06 -56.97 -56.88 -56.81 -56.72 -56.66 -56.59 -56.50 -56.44 -56.34 -56.25 -56.16 -56.06 -56.00 -55.91 -55.84 -55.75 -55.62 -55.47 -55.34 -55.19 -55.03 -54.88 -54.69 -54.50 -54.28 -54.06 -53.81 -53.53 -53.25 -52.97 -52.69 -52.38 -52.09 -51.78 -51.47 -51.16 -50.84 -50.50 -50.16 -49.81 -49.47 -49.09 -48.72 -48.38 -47.97 -47.59 -47.19 -46.78 -46.34 -45.94 -45.50 -45.09 -44.69 -44.31 -43.94 -43.56 -43.19 -42.78 -42.38 -41.94 -41.53 -41.16 -40.84 -40.53
-57.81 -57.62 -57.44 -57.31 -57.19 -57.09 -57.00 -56.91 -56.84 -56.78 -56.69 -56.62 -56.56 -56.47 -56.41 -56.31 -56.22 -56.12 -56.03 -55.94 -55.84 -55.75 -55.66 -55.53 -55.41 -55.25 -55.09 -54.94 -54.78 -54.62 -54.44 -54.22 -54.00 -53.75 -53.50 -53.22 -52.94 -52.62 -52.34 -52.03 -51.75 -51.44 -51.09 -50.78 -50.44 -50.09 -49.72 -49.38 -49.00 -48.66 -48.28 -47.88 -47.50 -47.09 -46.66 -46.25 -45.81 -45.38 -44.97 -44.53 -44.12 -43.75 -43.34 -42.97 -42.59 -42.19 -41.75 -41.31 -40.91 -40.56 -40.22
-57.78 -57.59 -57.41 -57.25 -57.12 -57.03 -56.94 -56.88 -56.78 -56.72 -56.66 -56.59 -56.53 -56.44 -56.38 -56.28 -56.19 -56.06 -55.97 -55.88 -55.78 -55.69 -55.56 -55.44 -55.31 -55.16 -55.00 -54.84 -54.69 -54.50 -54.34 -54.16 -53.94 -53.69 -53.44 -53.16 -52.88 -52.59 -52.28 -52.00 -51.69 -51.38 -51.06 -50.72 -50.38 -50.00 -49.66 -49.28 -48.91 -48.53 -48.16 -47.78 -47.38 -46.97 -46.56 -46.12 -45.69 -45.28 -44.84 -44.41 -43.97 -43.56 -43.16 -42.78 -42.38 -41.97 -41.56 -41.12 -40.72 -40.31 -39.94
