everonasctiles/Tile11,40.asc
ncols 128
nrows 128
xllcorner 0
yllcorner 0
cellsize 2.0
NODATA_value  -9999
[rows 0 to 31 of 128, columns 0 to 70 of 128]
-50.62 -50.69 -50.72 -50.78 -50.81 -50.84 -50.84 -50.81 -50.72 -50.62 -50.56 -50.50 -50.53 -50.69 -50.88 -51.12 -51.38 -51.66 -51.88 -52.12 -52.31 -52.47 -52.62 -52.75 -52.81 -52.88 -52.88 -52.88 -52.84 -52.84 -52.81 -52.78 -52.75 -52.72 -52.66 -52.59 -52.50 -52.38 -52.22 -52.06 -51.91 -51.72 -51.53 -51.31 -51.12 -50.88 -50.62 -50.38 -50.09 -49.78 -49.47 -49.16 -48.84 -48.56 -48.25 -48.00 -47.75 -47.56 -47.38 -47.19 -47.00 -46.84 -46.66 -46.50 -46.34 -46.22 -46.09 -46.00 -45.94 -45.88 -45.78
-50.84 -50.88 -50.94 -51.00 -51.06 -51.09 -51.06 -51.03 -50.94 -50.84 -50.75 -50.72 -50.84 -51.03 -51.25 -51.47 -51.72 -51.97 -52.22 -52.41 -52.59 -52.75 -52.91 -53.00 -53.06 -53.12 -53.12 -53.12 -53.09 -53.06 -53.00 -52.97 -52.91 -52.84 -52.78 -52.66 -52.56 -52.41 -52.25 -52.06 -51.88 -51.69 -51.50 -51.28 -51.06 -50.81 -50.56 -50.31 -50.03 -49.72 -49.41 -49.09 -48.78 -48.47 -48.19 -47.91 -47.69 -47.47 -47.28 -47.09 -46.94 -46.78 -46.62 -46.47 -46.31 -46.19 -46.09 -46.03 -46.00 -45.94 -45.91
-51.03 -51.09 -51.19 -51.25 -51.31 -51.31 -51.31 -51.25 -51.19 -51.06 -51.00 -51.00 -51.16 -51.38 -51.59 -51.84 -52.09 -52.31 -52.53 -52.72 -52.91 -53.03 -53.16 -53.25 -53.31 -53.34 -53.34 -53.34 -53.31 -53.25 -53.19 -53.12 -53.03 -52.94 -52.84 -52.75 -52.59 -52.44 -52.25 -52.06 -51.84 -51.66 -51.44 -51.22 -50.97 -50.72 -50.47 -50.22 -49.94 -49.66 -49.34 -49.03 -48.72 -48.41 -48.12 -47.84 -47.59 -47.38 -47.19 -47.03 -46.88 -46.72 -46.56 -46.44 -46.31 -46.22 -46.16 -46.12 -46.09 -46.06 -46.00
-51.22 -51.31 -51.41 -51.50 -51.56 -51.56 -51.56 -51.50 -51.41 -51.31 -51.22 -51.25 -51.47 -51.72 -51.94 -52.22 -52.44 -52.69 -52.88 -53.06 -53.19 -53.31 -53.41 -53.50 -53.53 -53.56 -53.56 -53.56 -53.50 -53.44 -53.38 -53.28 -53.16 -53.06 -52.94 -52.78 -52.62 -52.47 -52.25 -52.06 -51.81 -51.59 -51.38 -51.12 -50.88 -50.62 -50.38 -50.12 -49.84 -49.53 -49.25 -48.94 -48.62 -48.31 -48.03 -47.75 -47.50 -47.28 -47.09 -46.94 -46.81 -46.66 -46.56 -46.44 -46.38 -46.31 -46.25 -46.22 -46.19 -46.16 -46.12
-51.41 -51.50 -51.62 -51.75 -51.81 -51.84 -51.81 -51.75 -51.66 -51.56 -51.47 -51.53 -51.78 -52.03 -52.31 -52.56 -52.81 -53.03 -53.22 -53.38 -53.50 -53.59 -53.69 -53.72 -53.75 -53.78 -53.75 -53.72 -53.69 -53.59 -53.50 -53.41 -53.28 -53.12 -53.00 -52.84 -52.66 -52.47 -52.25 -52.03 -51.78 -51.53 -51.28 -51.03 -50.78 -50.53 -50.28 -50.00 -49.72 -49.44 -49.12 -48.84 -48.53 -48.22 -47.94 -47.66 -47.44 -47.22 -47.03 -46.88 -46.75 -46.66 -46.56 -46.50 -46.47 -46.41 -46.38 -46.34 -46.31 -46.28 -46.25
-51.56 -51.72 -51.88 -51.97 -52.06 -52.09 -52.06 -52.03 -51.94 -51.84 -51.75 -51.81 -52.06 -52.34 -52.62 -52.91 -53.16 -53.34 -53.53 -53.69 -53.78 -53.88 -53.94 -53.97 -53.97 -53.97 -53.94 -53.91 -53.84 -53.75 -53.62 -53.50 -53.38 -53.22 -53.06 -52.88 -52.69 -52.50 -52.25 -52.03 -51.75 -51.50 -51.22 -50.94 -50.69 -50.41 -50.16 -49.88 -49.59 -49.31 -49.00 -48.72 -48.44 -48.12 -47.84 -47.59 -47.38 -47.16 -46.97 -46.84 -46.78 -46.72 -46.66 -46.62 -46.59 -46.56 -46.53 -46.50 -46.47 -46.41 -46.38
-51.75 -51.94 -52.09 -52.22 -52.31 -52.34 -52.34 -52.31 -52.22 -52.12 -52.03 -52.06 -52.34 -52.62 -52.94 -53.22 -53.47 -53.69 -53.84 -53.97 -54.06 -54.12 -54.16 -54.19 -54.19 -54.16 -54.12 -54.06 -53.97 -53.84 -53.72 -53.59 -53.44 -53.28 -53.09 -52.91 -52.72 -52.50 -52.28 -52.00 -51.75 -51.47 -51.16 -50.88 -50.59 -50.31 -50.03 -49.72 -49.44 -49.16 -48.88 -48.59 -48.34 -48.06 -47.81 -47.56 -47.34 -47.16 -47.03 -46.94 -46.88 -46.84 -46.81 -46.75 -46.72 -46.69 -46.66 -46.62 -46.59 -46.53 -46.47
-51.94 -52.12 -52.31 -52.47 -52.56 -52.62 -52.62 -52.59 -52.53 -52.44 -52.34 -52.34 -52.59 -52.94 -53.22 -53.50 -53.75 -53.97 -54.12 -54.25 -54.31 -54.38 -54.38 -54.38 -54.38 -54.31 -54.28 -54.19 -54.09 -53.97 -53.81 -53.69 -53.50 -53.34 -53.16 -52.94 -52.75 -52.53 -52.28 -52.03 -51.75 -51.44 -51.16 -50.84 -50.53 -50.22 -49.91 -49.62 -49.31 -49.03 -48.75 -48.50 -48.25 -48.00 -47.78 -47.56 -47.38 -47.25 -47.16 -47.09 -47.03 -47.00 -46.97 -46.94 -46.91 -46.88 -46.81 -46.78 -46.75 -46.69 -46.59
-52.12 -52.34 -52.53 -52.72 -52.81 -52.88 -52.91 -52.88 -52.81 -52.78 -52.69 -52.69 -52.91 -53.22 -53.50 -53.78 -54.03 -54.25 -54.41 -54.50 -54.56 -54.59 -54.59 -54.59 -54.53 -54.50 -54.41 -54.31 -54.19 -54.06 -53.91 -53.75 -53.56 -53.38 -53.19 -53.00 -52.78 -52.56 -52.31 -52.03 -51.75 -51.47 -51.16 -50.81 -50.50 -50.16 -49.84 -49.53 -49.25 -48.94 -48.69 -48.41 -48.19 -47.97 -47.78 -47.62 -47.50 -47.41 -47.31 -47.25 -47.19 -47.16 -47.12 -47.09 -47.06 -47.03 -47.00 -46.94 -46.88 -46.81 -46.75
-52.34 -52.56 -52.78 -52.97 -53.09 -53.16 -53.19 -53.19 -53.16 -53.09 -53.06 -53.09 -53.28 -53.56 -53.81 -54.06 -54.31 -54.50 -54.66 -54.75 -54.78 -54.81 -54.81 -54.75 -54.72 -54.62 -54.53 -54.41 -54.28 -54.12 -53.97 -53.81 -53.62 -53.44 -53.25 -53.03 -52.81 -52.59 -52.34 -52.09 -51.78 -51.50 -51.19 -50.84 -50.50 -50.16 -49.84 -49.53 -49.22 -48.91 -48.62 -48.38 -48.16 -48.00 -47.88 -47.75 -47.66 -47.59 -47.50 -47.44 -47.41 -47.34 -47.31 -47.28 -47.25 -47.22 -47.19 -47.12 -47.06 -46.97 -46.91
-52.53 -52.78 -53.03 -53.22 -53.34 -53.44 -53.47 -53.50 -53.47 -53.44 -53.44 -53.50 -53.66 -53.88 -54.09 -54.34 -54.56 -54.75 -54.88 -54.97 -55.00 -55.00 -54.97 -54.94 -54.84 -54.75 -54.62 -54.50 -54.34 -54.19 -54.03 -53.84 -53.66 -53.47 -53.25 -53.06 -52.84 -52.59 -52.38 -52.09 -51.81 -51.50 -51.19 -50.88 -50.53 -50.19 -49.88 -49.53 -49.25 -48.94 -48.66 -48.44 -48.25 -48.12 -48.03 -47.94 -47.84 -47.78 -47.72 -47.66 -47.62 -47.56 -47.53 -47.50 -47.44 -47.41 -47.38 -47.28 -47.22 -47.12 -47.06
-52.75 -53.00 -53.28 -53.47 -53.62 -53.72 -53.78 -53.81 -53.81 -53.78 -53.78 -53.84 -54.00 -54.19 -54.41 -54.62 -54.81 -55.00 -55.12 -55.19 -55.22 -55.19 -55.16 -55.06 -54.97 -54.84 -54.72 -54.56 -54.41 -54.25 -54.06 -53.84 -53.66 -53.44 -53.22 -53.03 -52.81 -52.56 -52.34 -52.09 -51.81 -51.50 -51.19 -50.88 -50.56 -50.22 -49.91 -49.59 -49.28 -49.03 -48.78 -48.59 -48.44 -48.31 -48.22 -48.12 -48.06 -48.00 -47.94 -47.91 -47.84 -47.78 -47.72 -47.69 -47.66 -47.59 -47.56 -47.47 -47.41 -47.31 -47.25
-52.97 -53.22 -53.50 -53.72 -53.91 -54.00 -54.06 -54.09 -54.12 -54.12 -54.12 -54.19 -54.31 -54.47 -54.69 -54.88 -55.06 -55.22 -55.34 -55.41 -55.41 -55.38 -55.31 -55.22 -55.09 -54.97 -54.81 -54.62 -54.47 -54.28 -54.06 -53.84 -53.62 -53.41 -53.19 -52.97 -52.72 -52.50 -52.28 -52.03 -51.75 -51.47 -51.19 -50.88 -50.56 -50.25 -49.94 -49.66 -49.38 -49.12 -48.94 -48.75 -48.62 -48.50 -48.44 -48.34 -48.28 -48.22 -48.19 -48.12 -48.06 -48.00 -47.94 -47.88 -47.84 -47.78 -47.72 -47.66 -47.56 -47.47 -47.41
-53.19 -53.44 -53.75 -53.97 -54.16 -54.28 -54.38 -54.41 -54.44 -54.44 -54.47 -54.50 -54.59 -54.75 -54.94 -55.12 -55.31 -55.44 -55.56 -55.59 -55.59 -55.53 -55.44 -55.34 -55.19 -55.06 -54.88 -54.72 -54.50 -54.31 -54.09 -53.88 -53.62 -53.38 -53.12 -52.88 -52.66 -52.41 -52.19 -51.94 -51.72 -51.44 -51.16 -50.88 -50.56 -50.28 -50.00 -49.75 -49.50 -49.31 -49.12 -48.97 -48.84 -48.72 -48.66 -48.56 -48.50 -48.44 -48.41 -48.34 -48.25 -48.19 -48.12 -48.06 -48.00 -47.94 -47.88 -47.81 -47.72 -47.62 -47.56
-53.41 -53.69 -53.97 -54.22 -54.44 -54.59 -54.66 -54.72 -54.75 -54.75 -54.78 -54.81 -54.91 -55.03 -55.22 -55.38 -55.53 -55.66 -55.75 -55.78 -55.75 -55.69 -55.59 -55.47 -55.31 -55.16 -54.97 -54.78 -54.56 -54.34 -54.12 -53.88 -53.62 -53.38 -53.09 -52.84 -52.56 -52.31 -52.09 -51.88 -51.62 -51.38 -51.12 -50.88 -50.59 -50.34 -50.09 -49.88 -49.66 -49.50 -49.31 -49.19 -49.03 -48.94 -48.84 -48.78 -48.72 -48.66 -48.59 -48.53 -48.44 -48.38 -48.31 -48.22 -48.16 -48.09 -48.00 -47.94 -47.84 -47.78 -47.69
-53.69 -53.94 -54.22 -54.50 -54.72 -54.88 -54.97 -55.03 -55.06 -55.06 -55.06 -55.09 -55.19 -55.31 -55.47 -55.59 -55.75 -55.84 -55.91 -55.94 -55.91 -55.84 -55.72 -55.59 -55.44 -55.25 -55.06 -54.88 -54.66 -54.41 -54.19 -53.91 -53.66 -53.38 -53.09 -52.81 -52.53 -52.28 -52.03 -51.81 -51.59 -51.34 -51.12 -50.88 -50.66 -50.44 -50.22 -50.03 -49.84 -49.69 -49.53 -49.38 -49.25 -49.16 -49.06 -48.97 -48.91 -48.84 -48.75 -48.69 -48.59 -48.53 -48.44 -48.38 -48.28 -48.19 -48.12 -48.03 -47.94 -47.88 -47.78
-53.94 -54.22 -54.47 -54.75 -54.97 -55.12 -55.25 -55.34 -55.38 -55.38 -55.38 -55.41 -55.47 -55.59 -55.72 -55.84 -55.97 -56.03 -56.09 -56.09 -56.03 -55.97 -55.84 -55.72 -55.56 -55.38 -55.16 -54.97 -54.72 -54.50 -54.25 -53.97 -53.72 -53.44 -53.16 -52.88 -52.59 -52.31 -52.03 -51.81 -51.59 -51.38 -51.16 -50.97 -50.78 -50.56 -50.41 -50.22 -50.06 -49.88 -49.72 -49.56 -49.44 -49.31 -49.22 -49.16 -49.06 -49.00 -48.91 -48.81 -48.75 -48.66 -48.56 -48.47 -48.38 -48.28 -48.22 -48.12 -48.03 -47.94 -47.88
-54.16 -54.44 -54.72 -55.00 -55.22 -55.41 -55.53 -55.62 -55.66 -55.66 -55.66 -55.69 -55.75 -55.84 -55.97 -56.06 -56.16 -56.22 -56.25 -56.22 -56.19 -56.09 -55.97 -55.84 -55.66 -55.47 -55.28 -55.06 -54.81 -54.59 -54.31 -54.06 -53.78 -53.50 -53.22 -52.94 -52.66 -52.41 -52.12 -51.91 -51.69 -51.47 -51.28 -51.09 -50.91 -50.72 -50.56 -50.38 -50.22 -50.06 -49.91 -49.75 -49.59 -49.47 -49.38 -49.28 -49.19 -49.09 -49.00 -48.91 -48.81 -48.72 -48.62 -48.53 -48.44 -48.34 -48.25 -48.16 -48.06 -48.00 -47.91
-54.38 -54.66 -54.97 -55.22 -55.47 -55.66 -55.78 -55.88 -55.94 -55.94 -55.94 -55.97 -56.03 -56.09 -56.19 -56.28 -56.34 -56.41 -56.41 -56.38 -56.31 -56.19 -56.09 -55.94 -55.75 -55.56 -55.34 -55.12 -54.91 -54.66 -54.41 -54.12 -53.88 -53.59 -53.31 -53.03 -52.75 -52.50 -52.25 -52.00 -51.78 -51.59 -51.41 -51.22 -51.03 -50.88 -50.69 -50.53 -50.38 -50.22 -50.03 -49.88 -49.75 -49.59 -49.50 -49.38 -49.28 -49.16 -49.06 -48.97 -48.88 -48.75 -48.66 -48.53 -48.44 -48.34 -48.25 -48.16 -48.09 -48.00 -47.94
-54.56 -54.88 -55.16 -55.44 -55.69 -55.91 -56.03 -56.12 -56.19 -56.22 -56.22 -56.25 -56.28 -56.34 -56.44 -56.50 -56.53 -56.56 -56.56 -56.50 -56.41 -56.31 -56.16 -56.00 -55.84 -55.62 -55.41 -55.19 -54.94 -54.69 -54.44 -54.16 -53.91 -53.66 -53.38 -53.09 -52.84 -52.56 -52.31 -52.09 -51.88 -51.69 -51.50 -51.31 -51.16 -50.97 -50.81 -50.66 -50.50 -50.31 -50.16 -50.00 -49.84 -49.69 -49.56 -49.44 -49.34 -49.22 -49.12 -49.00 -48.88 -48.75 -48.66 -48.53 -48.41 -48.31 -48.22 -48.12 -48.06 -48.00 -47.97
-54.75 -55.06 -55.34 -55.66 -55.91 -56.12 -56.28 -56.38 -56.44 -56.47 -56.47 -56.50 -56.53 -56.59 -56.66 -56.69 -56.72 -56.72 -56.69 -56.62 -56.53 -56.41 -56.25 -56.06 -55.88 -55.66 -55.44 -55.19 -54.94 -54.69 -54.41 -54.16 -53.88 -53.62 -53.38 -53.09 -52.84 -52.59 -52.38 -52.16 -51.94 -51.75 -51.59 -51.41 -51.25 -51.06 -50.91 -50.75 -50.59 -50.41 -50.25 -50.09 -49.94 -49.78 -49.66 -49.53 -49.41 -49.31 -49.19 -49.06 -48.91 -48.78 -48.66 -48.50 -48.41 -48.28 -48.19 -48.09 -48.03 -48.00 -48.00
-54.94 -55.25 -55.53 -55.84 -56.09 -56.31 -56.50 -56.62 -56.69 -56.72 -56.72 -56.75 -56.78 -56.81 -56.84 -56.88 -56.88 -56.88 -56.81 -56.75 -56.62 -56.50 -56.31 -56.12 -55.91 -55.69 -55.44 -55.19 -54.91 -54.66 -54.38 -54.09 -53.81 -53.56 -53.31 -53.06 -52.81 -52.56 -52.34 -52.12 -51.94 -51.78 -51.62 -51.47 -51.28 -51.12 -50.97 -50.81 -50.66 -50.50 -50.31 -50.16 -50.00 -49.84 -49.72 -49.59 -49.47 -49.38 -49.22 -49.09 -48.94 -48.81 -48.66 -48.53 -48.41 -48.28 -48.19 -48.09 -48.03 -48.00 -48.06
-55.12 -55.44 -55.75 -56.03 -56.28 -56.53 -56.69 -56.84 -56.91 -56.94 -56.97 -56.97 -57.00 -57.03 -57.06 -57.06 -57.06 -57.03 -56.97 -56.84 -56.72 -56.56 -56.41 -56.19 -55.97 -55.72 -55.47 -55.19 -54.91 -54.62 -54.34 -54.03 -53.75 -53.47 -53.22 -52.97 -52.72 -52.50 -52.31 -52.09 -51.91 -51.75 -51.59 -51.44 -51.31 -51.16 -51.00 -50.84 -50.69 -50.53 -50.38 -50.22 -50.06 -49.91 -49.78 -49.66 -49.53 -49.41 -49.28 -49.12 -49.00 -48.84 -48.72 -48.56 -48.44 -48.34 -48.25 -48.16 -48.09 -48.09 -48.16
-55.38 -55.66 -55.94 -56.22 -56.50 -56.72 -56.91 -57.03 -57.12 -57.16 -57.19 -57.19 -57.22 -57.25 -57.25 -57.25 -57.22 -57.16 -57.09 -56.97 -56.84 -56.66 -56.47 -56.25 -56.00 -55.75 -55.50 -55.22 -54.94 -54.62 -54.31 -54.03 -53.72 -53.44 -53.16 -52.91 -52.69 -52.47 -52.28 -52.09 -51.91 -51.75 -51.59 -51.44 -51.31 -51.16 -51.03 -50.88 -50.72 -50.53 -50.38 -50.22 -50.09 -49.94 -49.81 -49.69 -49.56 -49.44 -49.31 -49.16 -49.03 -48.91 -48.75 -48.66 -48.53 -48.44 -48.34 -48.28 -48.25 -48.25 -48.34
-55.69 -55.91 -56.19 -56.44 -56.69 -56.91 -57.09 -57.22 -57.31 -57.38 -57.38 -57.41 -57.41 -57.44 -57.44 -57.41 -57.38 -57.31 -57.19 -57.06 -56.91 -56.72 -56.53 -56.31 -56.06 -55.78 -55.50 -55.22 -54.94 -54.62 -54.34 -54.03 -53.72 -53.44 -53.19 -52.94 -52.72 -52.50 -52.31 -52.12 -51.94 -51.78 -51.62 -51.47 -51.31 -51.19 -51.03 -50.88 -50.69 -50.53 -50.38 -50.22 -50.09 -49.97 -49.84 -49.72 -49.59 -49.47 -49.34 -49.22 -49.06 -48.94 -48.84 -48.72 -48.62 -48.56 -48.50 -48.47 -48.47 -48.47 -48.56
-56.06 -56.25 -56.44 -56.66 -56.91 -57.12 -57.28 -57.44 -57.50 -57.56 -57.56 -57.59 -57.59 -57.59 -57.59 -57.56 -57.50 -57.41 -57.31 -57.16 -57.00 -56.78 -56.56 -56.34 -56.06 -55.81 -55.53 -55.22 -54.94 -54.62 -54.34 -54.03 -53.75 -53.50 -53.25 -53.03 -52.81 -52.59 -52.41 -52.22 -52.03 -51.88 -51.69 -51.53 -51.38 -51.22 -51.06 -50.88 -50.69 -50.53 -50.34 -50.22 -50.09 -49.97 -49.84 -49.75 -49.62 -49.50 -49.38 -49.25 -49.12 -49.03 -48.94 -48.84 -48.78 -48.75 -48.72 -48.69 -48.69 -48.75 -48.81
-56.47 -56.62 -56.75 -56.94 -57.12 -57.31 -57.47 -57.62 -57.69 -57.75 -57.75 -57.75 -57.75 -57.75 -57.72 -57.69 -57.62 -57.50 -57.38 -57.22 -57.06 -56.84 -56.59 -56.38 -56.09 -55.81 -55.53 -55.25 -54.94 -54.66 -54.38 -54.09 -53.81 -53.56 -53.34 -53.12 -52.91 -52.72 -52.53 -52.34 -52.16 -51.97 -51.81 -51.62 -51.44 -51.25 -51.06 -50.91 -50.72 -50.53 -50.34 -50.19 -50.06 -49.97 -49.84 -49.75 -49.62 -49.53 -49.41 -49.31 -49.22 -49.16 -49.09 -49.03 -49.00 -48.97 -48.97 -48.97 -48.97 -49.03 -49.09
-56.88 -57.00 -57.09 -57.22 -57.38 -57.53 -57.69 -57.78 -57.88 -57.91 -57.94 -57.91 -57.91 -57.88 -57.84 -57.78 -57.69 -57.56 -57.44 -57.28 -57.09 -56.88 -56.66 -56.41 -56.12 -55.84 -55.56 -55.28 -54.97 -54.69 -54.41 -54.16 -53.91 -53.69 -53.44 -53.22 -53.03 -52.81 -52.62 -52.47 -52.28 -52.09 -51.91 -51.72 -51.53 -51.31 -51.12 -50.94 -50.72 -50.53 -50.38 -50.19 -50.06 -49.94 -49.84 -49.75 -49.66 -49.56 -49.47 -49.41 -49.34 -49.28 -49.28 -49.25 -49.25 -49.25 -49.25 -49.28 -49.28 -49.34 -49.41
-57.28 -57.38 -57.44 -57.53 -57.62 -57.75 -57.88 -57.97 -58.03 -58.06 -58.09 -58.06 -58.06 -58.03 -57.97 -57.88 -57.75 -57.62 -57.47 -57.31 -57.12 -56.91 -56.69 -56.44 -56.16 -55.91 -55.62 -55.31 -55.03 -54.78 -54.50 -54.25 -54.00 -53.78 -53.53 -53.31 -53.12 -52.94 -52.75 -52.56 -52.41 -52.22 -52.03 -51.81 -51.62 -51.41 -51.19 -51.00 -50.78 -50.59 -50.41 -50.22 -50.09 -50.00 -49.91 -49.81 -49.75 -49.66 -49.59 -49.53 -49.50 -49.47 -49.47 -49.50 -49.53 -49.56 -49.56 -49.59 -49.62 -49.69 -49.75
-57.62 -57.72 -57.78 -57.81 -57.91 -57.97 -58.06 -58.16 -58.22 -58.22 -58.22 -58.22 -58.19 -58.12 -58.06 -57.94 -57.81 -57.66 -57.50 -57.31 -57.16 -56.94 -56.72 -56.47 -56.22 -55.94 -55.66 -55.41 -55.12 -54.88 -54.62 -54.34 -54.09 -53.88 -53.62 -53.41 -53.19 -53.03 -52.84 -52.69 -52.50 -52.34 -52.12 -51.94 -51.72 -51.50 -51.28 -51.06 -50.84 -50.66 -50.47 -50.31 -50.16 -50.06 -50.00 -49.94 -49.88 -49.81 -49.75 -49.72 -49.69 -49.69 -49.72 -49.78 -49.81 -49.88 -49.94 -49.97 -50.00 -50.03 -50.09
-57.97 -58.06 -58.09 -58.12 -58.16 -58.22 -58.28 -58.34 -58.38 -58.38 -58.34 -58.31 -58.28 -58.22 -58.12 -57.97 -57.81 -57.66 -57.50 -57.31 -57.16 -56.94 -56.72 -56.50 -56.25 -56.00 -55.72 -55.47 -55.22 -54.97 -54.72 -54.47 -54.22 -53.97 -53.72 -53.50 -53.31 -53.12 -52.97 -52.81 -52.62 -52.44 -52.25 -52.03 -51.81 -51.59 -51.38 -51.16 -50.94 -50.75 -50.56 -50.41 -50.28 -50.22 -50.16 -50.09 -50.03 -50.00 -49.94 -49.91 -49.91 -49.94 -49.97 -50.06 -50.16 -50.22 -50.28 -50.31 -50.34 -50.38 -50.44
-58.28 -58.34 -58.38 -58.38 -58.41 -58.44 -58.47 -58.50 -58.50 -58.50 -58.47 -58.41 -58.34 -58.25 -58.16 -58.00 -57.81 -57.66 -57.47 -57.28 -57.09 -56.91 -56.72 -56.50 -56.25 -56.03 -55.78 -55.53 -55.31 -55.06 -54.81 -54.56 -54.31 -54.06 -53.81 -53.59 -53.41 -53.22 -53.06 -52.91 -52.72 -52.53 -52.34 -52.12 -51.91 -51.69 -51.47 -51.25 -51.06 -50.88 -50.69 -50.56 -50.47 -50.38 -50.34 -50.28 -50.25 -50.22 -50.19 -50.16 -50.16 -50.19 -50.25 -50.34 -50.47 -50.56 -50.62 -50.69 -50.72 -50.75 -50.81
