everonasctiles/Tile42,43.asc
ncols 128
nrows 128
xllcorner 0
yllcorner 0
cellsize 2.0
NODATA_value  -9999
[rows 68 to 101 of 128, columns 0 to 76 of 128]
-8.31 -8.25 -7.81 -7.75 -7.56 -7.47 -7.22 -6.88 -6.81 -6.72 -6.66 -6.53 -6.31 -6.38 -6.47 -6.22 -6.81 -6.72 -6.47 -5.97 -5.97 -5.97 -6.22 -7.00 -6.53 -6.09 -5.88 -5.69 -5.56 -5.59 -5.62 -5.66 -5.75 -5.91 -6.03 -6.06 -5.62 -5.59 -5.69 -5.56 -5.56 -5.72 -5.69 -5.59 -5.66 -5.72 -5.75 -5.78 -5.72 -5.72 -5.78 -5.94 -6.38 -6.75 -6.62 -6.12 -5.84 -6.34 -6.19 -5.75 -5.72 -5.75 -5.78 -5.81 -5.81 -5.81 -5.81 -5.31 -4.81 -4.25 -3.59 -3.16 -2.56 -2.16 -1.81 -1.53 -1.28
-7.84 -7.22 -7.03 -7.38 -7.16 -7.06 -6.94 -6.81 -6.66 -6.53 -6.53 -6.41 -6.34 -6.38 -6.38 -6.59 -6.81 -6.53 -6.22 -6.09 -6.50 -6.97 -7.25 -6.59 -6.06 -5.88 -5.53 -5.59 -5.56 -5.56 -5.56 -5.62 -5.72 -5.81 -6.31 -5.84 -5.62 -5.78 -5.88 -5.91 -5.66 -5.59 -5.62 -5.59 -5.62 -5.66 -5.75 -5.75 -5.69 -5.72 -5.72 -5.75 -5.88 -6.09 -6.06 -5.88 -6.12 -6.25 -6.16 -5.94 -5.78 -5.78 -5.72 -5.66 -5.59 -5.62 -5.78 -5.31 -4.69 -4.06 -3.59 -3.22 -2.56 -2.16 -1.81 -1.53 -1.31
-6.94 -6.84 -6.84 -6.62 -6.78 -6.84 -6.38 -6.47 -6.41 -6.25 -6.34 -6.41 -6.34 -6.41 -6.38 -6.16 -6.00 -5.94 -5.91 -6.16 -6.81 -6.72 -6.09 -5.75 -5.78 -5.78 -5.56 -5.59 -5.59 -5.66 -5.66 -5.72 -6.03 -5.88 -5.75 -5.59 -5.56 -5.66 -5.81 -5.94 -5.78 -5.78 -5.69 -5.62 -5.66 -5.75 -5.69 -5.66 -5.59 -5.66 -5.62 -5.66 -5.59 -5.62 -5.66 -5.66 -5.78 -5.97 -5.88 -6.31 -6.12 -5.78 -5.72 -5.72 -5.53 -5.59 -5.41 -4.88 -4.34 -3.94 -3.59 -3.06 -2.56 -2.16 -1.81 -1.53 -1.31
-7.25 -6.81 -6.50 -6.53 -6.62 -6.56 -6.25 -6.25 -6.22 -6.16 -6.22 -6.28 -6.34 -6.06 -6.00 -5.97 -5.91 -5.88 -6.06 -6.31 -6.25 -5.97 -5.78 -5.75 -5.75 -5.72 -5.62 -5.75 -5.94 -6.06 -6.06 -6.09 -5.78 -5.62 -5.59 -5.59 -5.62 -5.59 -5.62 -5.94 -5.69 -5.81 -5.91 -5.72 -5.69 -5.72 -5.72 -5.62 -5.59 -5.59 -5.59 -5.59 -5.59 -5.59 -5.62 -5.66 -5.66 -5.69 -5.94 -6.56 -6.81 -5.91 -5.84 -5.72 -5.59 -5.41 -5.28 -4.78 -4.31 -3.88 -3.41 -2.97 -2.53 -2.16 -1.81 -1.56 -1.31
-7.03 -6.91 -6.59 -6.75 -6.84 -6.53 -6.34 -6.19 -6.25 -6.38 -6.41 -6.28 -6.12 -5.97 -5.91 -5.91 -5.88 -6.03 -6.06 -5.94 -6.03 -5.94 -5.78 -5.72 -5.84 -5.84 -5.72 -5.69 -6.03 -5.84 -5.75 -5.62 -5.59 -5.59 -5.59 -5.59 -5.56 -5.56 -5.62 -5.88 -5.94 -5.84 -6.03 -5.84 -5.75 -5.69 -5.62 -5.59 -5.56 -5.59 -5.59 -5.59 -5.59 -5.59 -5.62 -5.62 -5.66 -5.66 -6.06 -6.84 -6.91 -6.03 -6.09 -5.91 -5.66 -5.44 -5.28 -4.81 -4.28 -3.84 -3.38 -2.94 -2.53 -2.12 -1.81 -1.53 -1.31
-6.72 -6.75 -6.78 -7.09 -6.97 -6.72 -6.28 -6.22 -6.31 -6.28 -6.25 -6.12 -6.06 -6.06 -6.06 -6.03 -5.94 -5.91 -6.06 -5.94 -6.19 -6.22 -6.06 -5.78 -5.78 -5.78 -5.75 -5.78 -5.66 -5.59 -5.56 -5.53 -5.59 -5.59 -5.59 -5.66 -5.62 -5.62 -5.72 -5.75 -5.94 -6.22 -6.03 -5.62 -5.59 -5.69 -5.66 -5.62 -5.59 -5.72 -5.72 -5.75 -5.81 -5.75 -5.69 -5.62 -5.62 -5.66 -5.94 -6.50 -6.47 -6.03 -6.09 -5.94 -5.91 -5.59 -5.25 -4.97 -4.28 -3.81 -3.34 -2.91 -2.50 -2.12 -1.78 -1.50 -1.31
-6.81 -6.84 -6.75 -7.00 -7.03 -6.84 -6.44 -6.38 -6.28 -6.31 -6.16 -6.12 -6.12 -6.09 -6.16 -6.06 -6.03 -6.09 -6.00 -6.06 -6.31 -6.38 -6.38 -5.84 -5.81 -5.81 -5.69 -5.59 -5.59 -5.59 -5.59 -5.53 -5.56 -5.56 -5.59 -5.59 -5.62 -5.72 -5.78 -5.69 -5.88 -6.34 -5.81 -5.72 -5.75 -5.62 -5.72 -5.84 -5.66 -5.59 -5.56 -5.59 -5.59 -5.59 -5.62 -5.66 -5.75 -5.81 -5.91 -6.03 -5.91 -5.94 -6.12 -6.00 -5.84 -5.53 -5.53 -4.78 -4.28 -3.78 -3.31 -2.88 -2.47 -2.09 -1.75 -1.50 -1.31
-6.84 -6.84 -7.00 -6.94 -6.97 -6.75 -6.50 -6.41 -6.34 -6.22 -6.16 -6.09 -6.03 -6.09 -6.09 -6.06 -6.06 -6.03 -6.06 -5.97 -6.22 -6.31 -5.97 -5.75 -5.78 -5.72 -5.72 -5.66 -5.62 -5.59 -5.59 -5.66 -5.66 -5.56 -5.59 -5.62 -5.66 -5.72 -5.69 -5.66 -6.06 -6.41 -5.69 -5.59 -5.72 -5.75 -5.78 -5.72 -5.66 -5.62 -5.56 -5.56 -5.56 -5.56 -5.59 -5.59 -5.62 -5.69 -5.72 -5.78 -5.91 -5.88 -6.00 -5.91 -5.66 -5.50 -5.34 -4.81 -4.31 -3.72 -3.25 -2.81 -2.44 -2.09 -1.75 -1.47 -1.28
-7.06 -6.91 -6.91 -6.69 -6.62 -6.50 -6.41 -6.34 -6.38 -6.34 -6.34 -6.25 -6.12 -6.09 -6.09 -6.06 -6.19 -6.09 -6.03 -6.16 -6.09 -5.97 -5.78 -5.81 -5.75 -5.72 -5.72 -5.69 -5.66 -5.66 -5.62 -5.62 -5.62 -5.72 -5.59 -5.59 -5.62 -5.66 -5.66 -5.72 -5.97 -6.31 -5.75 -5.78 -5.75 -5.81 -5.84 -5.75 -5.62 -5.59 -5.59 -5.59 -5.56 -5.56 -5.56 -5.56 -5.59 -5.62 -5.66 -5.66 -5.66 -5.66 -5.97 -5.66 -5.44 -5.44 -5.06 -4.94 -4.38 -3.75 -3.25 -2.75 -2.41 -2.06 -1.72 -1.44 -1.25
-7.03 -7.06 -7.12 -6.84 -6.75 -6.72 -6.50 -6.38 -6.31 -6.25 -6.28 -6.12 -6.16 -6.06 -6.00 -6.16 -6.16 -6.09 -6.22 -6.41 -6.09 -5.94 -5.75 -5.81 -5.81 -5.75 -5.69 -5.66 -5.69 -5.66 -5.66 -5.66 -5.62 -5.62 -5.59 -5.62 -5.62 -5.66 -5.66 -5.66 -5.97 -6.56 -5.62 -5.59 -5.62 -5.59 -5.62 -5.84 -5.69 -5.69 -5.72 -5.72 -5.69 -5.62 -5.56 -5.59 -5.59 -5.62 -5.62 -5.62 -5.62 -5.62 -5.78 -5.47 -5.31 -5.12 -5.06 -4.75 -4.41 -3.84 -3.38 -2.72 -2.31 -2.09 -1.72 -1.41 -1.25
-7.25 -7.22 -7.38 -6.94 -6.78 -6.69 -6.62 -6.56 -6.50 -6.28 -6.22 -6.09 -6.28 -6.00 -6.06 -6.12 -6.09 -6.28 -6.53 -6.47 -5.97 -6.00 -5.75 -5.84 -5.81 -5.81 -5.91 -5.75 -5.72 -5.69 -5.72 -5.66 -5.66 -5.56 -5.56 -5.62 -5.62 -5.75 -5.75 -5.72 -6.12 -6.69 -5.81 -5.72 -5.69 -5.59 -5.59 -5.59 -5.66 -5.69 -5.81 -5.66 -5.66 -5.62 -5.62 -5.62 -5.66 -5.62 -5.62 -5.62 -5.59 -5.81 -5.59 -5.41 -5.25 -5.06 -4.81 -4.59 -4.34 -4.00 -3.31 -2.75 -2.31 -1.94 -1.62 -1.38 -1.22
-7.19 -7.25 -7.38 -7.12 -6.72 -6.56 -6.56 -6.53 -6.50 -6.47 -6.44 -6.72 -6.56 -6.34 -6.53 -6.47 -6.56 -6.50 -6.50 -6.31 -5.91 -6.22 -5.94 -6.06 -5.91 -5.94 -6.22 -5.81 -5.81 -5.84 -5.72 -5.69 -5.66 -5.59 -5.59 -5.59 -5.59 -5.59 -5.59 -5.72 -6.41 -6.62 -5.69 -5.66 -5.59 -5.59 -5.59 -5.59 -5.62 -5.66 -5.62 -5.66 -5.69 -5.81 -5.84 -5.88 -5.88 -5.84 -5.91 -5.84 -5.88 -5.88 -5.53 -5.38 -5.19 -4.97 -4.66 -4.34 -4.03 -3.69 -3.16 -2.66 -2.31 -1.94 -1.66 -1.41 -1.19
-7.12 -7.22 -7.16 -6.97 -6.94 -6.84 -6.84 -6.62 -6.59 -6.66 -6.41 -6.41 -6.22 -6.25 -6.25 -6.19 -6.28 -6.16 -6.25 -6.16 -6.09 -6.69 -6.41 -6.25 -6.00 -6.12 -6.00 -5.84 -5.97 -6.16 -5.69 -5.78 -5.97 -5.91 -5.91 -5.88 -5.88 -5.88 -5.84 -5.91 -6.78 -6.06 -5.62 -5.59 -5.56 -5.56 -5.56 -5.59 -5.56 -5.56 -5.59 -5.62 -5.62 -5.62 -5.62 -5.56 -5.56 -5.56 -5.56 -5.59 -5.62 -5.56 -5.50 -5.38 -5.09 -4.84 -4.62 -4.19 -3.75 -3.31 -2.97 -2.66 -2.34 -1.91 -1.59 -1.34 -1.25
-7.22 -7.28 -7.19 -7.16 -7.03 -6.94 -6.94 -6.81 -6.84 -6.78 -6.59 -6.50 -6.38 -6.41 -6.34 -6.31 -6.31 -6.34 -6.56 -6.53 -6.94 -6.81 -6.56 -6.19 -6.00 -5.94 -5.91 -6.00 -6.16 -5.88 -5.72 -5.91 -6.41 -6.62 -6.47 -6.41 -6.47 -6.47 -6.34 -6.75 -6.72 -5.66 -5.59 -5.56 -5.56 -5.56 -5.56 -5.62 -5.56 -5.56 -5.56 -5.56 -5.56 -5.56 -5.59 -5.56 -5.56 -5.53 -5.56 -5.56 -5.59 -5.53 -5.53 -5.44 -5.19 -4.94 -4.56 -4.12 -3.66 -3.25 -2.78 -2.44 -2.16 -1.81 -1.59 -1.38 -1.25
-7.38 -7.31 -7.25 -7.16 -7.09 -6.91 -6.84 -6.75 -6.72 -6.75 -6.62 -6.78 -6.91 -6.84 -6.72 -6.56 -6.56 -6.84 -6.84 -6.91 -6.75 -6.34 -6.09 -5.97 -5.81 -5.84 -5.81 -5.75 -5.69 -5.69 -5.84 -6.22 -6.44 -6.44 -6.47 -6.53 -6.50 -6.41 -6.44 -6.56 -5.97 -5.59 -5.72 -5.72 -5.78 -5.72 -5.69 -5.72 -5.62 -5.56 -5.56 -5.56 -5.56 -5.53 -5.53 -5.56 -5.56 -5.53 -5.56 -5.59 -5.66 -5.62 -5.47 -5.28 -4.91 -4.69 -4.31 -3.94 -3.56 -3.09 -2.66 -2.28 -1.97 -1.72 -1.50 -1.38 -1.19
-7.53 -7.44 -7.41 -7.31 -7.22 -7.03 -6.94 -6.84 -6.81 -6.69 -6.72 -6.81 -6.97 -6.72 -6.69 -6.50 -6.38 -6.31 -6.31 -6.41 -6.38 -6.19 -6.03 -6.00 -5.88 -5.78 -5.78 -5.78 -5.75 -5.69 -5.69 -5.69 -5.66 -5.62 -5.62 -5.62 -5.62 -5.62 -5.75 -5.94 -5.78 -5.59 -5.94 -6.03 -6.09 -6.09 -6.09 -5.91 -5.75 -5.66 -5.66 -5.62 -5.56 -5.53 -5.53 -5.53 -5.56 -5.66 -5.75 -5.66 -5.56 -5.50 -5.31 -5.06 -4.91 -4.66 -4.19 -3.78 -3.34 -3.00 -2.56 -2.19 -1.88 -1.62 -1.44 -1.31 -1.19
-7.53 -7.38 -7.34 -7.28 -7.16 -7.06 -7.06 -7.06 -7.00 -6.81 -6.88 -7.03 -6.88 -7.03 -7.03 -6.72 -6.59 -6.59 -6.53 -6.38 -6.16 -6.06 -6.06 -6.09 -6.09 -6.03 -5.88 -5.81 -5.78 -5.78 -5.72 -5.66 -5.66 -5.66 -5.62 -5.66 -5.69 -5.62 -5.84 -5.97 -6.06 -5.81 -5.91 -5.97 -5.97 -5.91 -5.81 -5.81 -5.75 -5.72 -5.66 -5.59 -5.53 -5.53 -5.53 -5.53 -5.50 -5.50 -5.62 -5.66 -5.56 -5.56 -5.19 -4.91 -4.66 -4.44 -4.03 -3.66 -3.25 -2.91 -2.47 -2.09 -1.81 -1.56 -1.41 -1.28 -1.22
-7.59 -7.47 -7.41 -7.34 -7.25 -7.28 -7.28 -7.22 -7.03 -7.03 -7.00 -7.03 -7.00 -7.22 -7.03 -6.81 -6.56 -6.47 -6.38 -6.28 -6.16 -6.09 -6.03 -5.91 -6.12 -6.06 -5.78 -5.75 -5.84 -5.81 -5.81 -5.69 -5.69 -5.69 -5.66 -5.81 -5.88 -5.69 -5.88 -6.22 -5.97 -5.56 -5.59 -5.59 -5.59 -5.59 -5.66 -5.69 -5.62 -5.62 -5.59 -5.62 -5.69 -5.69 -5.66 -5.62 -5.56 -5.50 -5.47 -5.41 -5.41 -5.28 -5.09 -4.94 -4.81 -4.44 -3.94 -3.50 -3.16 -2.75 -2.44 -2.06 -1.75 -1.50 -1.34 -1.22 -1.16
-7.84 -7.69 -7.53 -7.47 -7.59 -7.56 -7.38 -7.28 -7.12 -7.25 -7.31 -7.25 -7.06 -6.81 -6.75 -6.59 -6.62 -6.44 -6.41 -6.28 -6.12 -6.00 -6.00 -6.12 -6.12 -5.94 -5.81 -5.91 -5.94 -5.81 -5.75 -5.75 -5.81 -5.81 -5.97 -5.75 -5.69 -5.69 -5.78 -6.19 -5.72 -5.56 -5.59 -5.59 -5.59 -5.56 -5.69 -5.56 -5.56 -5.59 -5.69 -5.84 -5.78 -5.66 -5.66 -5.69 -5.53 -5.47 -5.47 -5.41 -5.31 -5.16 -4.94 -4.72 -4.50 -4.25 -3.81 -3.38 -3.25 -2.81 -2.41 -2.03 -1.75 -1.47 -1.28 -1.12 -1.06
-8.12 -7.88 -7.69 -7.72 -7.62 -7.56 -7.53 -7.53 -7.34 -7.34 -7.09 -7.06 -6.88 -6.72 -6.69 -6.56 -6.41 -6.28 -6.22 -6.19 -6.00 -5.94 -5.97 -5.91 -5.84 -5.84 -5.78 -5.81 -5.88 -5.84 -5.81 -6.06 -5.91 -5.94 -5.78 -5.62 -5.59 -5.66 -5.81 -6.00 -5.62 -5.59 -5.66 -5.62 -5.66 -5.72 -5.59 -5.56 -5.59 -5.62 -5.62 -5.72 -5.78 -5.66 -5.78 -5.59 -5.47 -5.44 -5.44 -5.38 -5.25 -5.06 -4.88 -4.59 -4.28 -3.94 -3.56 -3.25 -2.97 -2.78 -2.22 -1.94 -1.66 -1.44 -1.25 -1.12 -1.03
-8.22 -7.97 -7.84 -7.84 -7.91 -7.72 -7.81 -7.56 -7.50 -7.03 -6.94 -6.72 -6.66 -6.66 -6.59 -6.47 -6.38 -6.31 -6.28 -6.34 -6.19 -6.19 -6.12 -6.12 -6.06 -6.09 -6.03 -5.94 -6.03 -6.09 -5.97 -6.09 -5.81 -5.75 -5.75 -5.62 -5.59 -5.66 -5.84 -5.84 -5.66 -5.69 -5.72 -5.81 -5.69 -5.69 -5.69 -5.66 -5.66 -5.62 -5.62 -5.59 -5.56 -5.56 -5.56 -5.56 -5.59 -5.69 -5.62 -5.41 -5.19 -5.03 -4.78 -4.50 -4.19 -3.81 -3.44 -3.09 -2.78 -2.50 -2.34 -1.91 -1.59 -1.41 -1.22 -1.12 -1.03
-8.22 -8.06 -8.12 -8.16 -8.06 -7.94 -7.69 -7.56 -7.25 -7.16 -7.00 -6.88 -6.72 -6.66 -6.72 -6.56 -6.47 -6.34 -6.38 -6.25 -6.12 -6.16 -6.06 -6.16 -6.19 -6.16 -6.22 -6.38 -6.16 -6.09 -6.00 -5.94 -5.91 -5.91 -5.69 -5.62 -5.62 -5.72 -5.72 -5.75 -5.69 -5.69 -5.62 -5.59 -5.59 -5.59 -5.62 -5.66 -5.62 -5.62 -5.59 -5.56 -5.56 -5.53 -5.50 -5.47 -5.47 -5.53 -5.56 -5.41 -5.22 -5.19 -4.84 -4.44 -4.09 -3.72 -3.34 -2.97 -2.62 -2.34 -2.34 -2.19 -1.69 -1.47 -1.25 -1.19 -1.03
-8.19 -8.00 -8.03 -7.84 -7.72 -7.59 -7.59 -7.47 -7.44 -7.28 -7.06 -6.91 -6.84 -6.72 -6.69 -6.69 -6.41 -6.38 -6.34 -6.22 -6.09 -6.06 -6.06 -5.97 -6.06 -6.22 -6.25 -6.12 -6.03 -5.97 -5.94 -5.94 -5.75 -5.72 -5.69 -5.66 -5.62 -5.75 -5.88 -5.78 -5.69 -5.66 -5.62 -5.59 -5.62 -5.66 -5.69 -5.59 -5.59 -5.56 -5.56 -5.53 -5.53 -5.59 -5.50 -5.47 -5.44 -5.41 -5.38 -5.28 -5.12 -4.97 -4.78 -4.38 -3.97 -3.66 -3.28 -2.91 -2.56 -2.25 -2.22 -2.09 -1.62 -1.44 -1.34 -1.19 -1.00
-8.12 -8.25 -7.94 -7.91 -7.78 -7.66 -7.56 -7.44 -7.59 -7.09 -6.97 -6.88 -6.94 -6.88 -6.81 -6.62 -6.53 -6.38 -6.28 -6.19 -6.16 -6.12 -6.06 -6.03 -6.16 -6.03 -5.88 -5.81 -5.81 -5.81 -5.78 -5.88 -5.94 -5.75 -5.81 -5.81 -5.81 -5.72 -5.72 -5.66 -5.66 -5.66 -5.69 -5.66 -5.59 -5.59 -5.59 -5.56 -5.56 -5.56 -5.56 -5.56 -5.62 -5.59 -5.50 -5.47 -5.47 -5.41 -5.34 -5.22 -5.09 -4.88 -4.59 -4.41 -3.94 -3.56 -3.19 -2.84 -2.50 -2.25 -2.03 -1.84 -1.53 -1.44 -1.34 -1.22 -1.03
-8.06 -8.09 -7.94 -7.94 -7.81 -7.78 -7.72 -7.62 -7.34 -7.16 -7.06 -7.00 -7.22 -7.12 -6.81 -6.72 -6.56 -6.41 -6.34 -6.25 -6.28 -6.25 -6.19 -6.09 -5.94 -5.84 -5.78 -5.78 -5.81 -5.81 -5.78 -5.75 -5.88 -6.00 -5.78 -5.78 -5.72 -5.78 -5.75 -5.66 -5.66 -5.69 -5.66 -5.62 -5.59 -5.62 -5.62 -5.59 -5.59 -5.62 -5.62 -5.59 -5.69 -5.59 -5.50 -5.47 -5.44 -5.41 -5.34 -5.22 -5.06 -4.88 -4.59 -4.44 -4.16 -3.53 -3.16 -2.81 -2.50 -2.19 -1.97 -1.75 -1.59 -1.44 -1.28 -1.16 -1.06
-8.22 -8.34 -8.22 -8.09 -7.84 -7.72 -7.47 -7.34 -7.31 -7.22 -7.22 -7.19 -7.28 -7.09 -6.88 -6.75 -6.62 -6.59 -6.56 -6.47 -6.41 -6.31 -6.25 -6.06 -5.97 -5.94 -5.88 -5.84 -5.84 -5.81 -5.75 -5.75 -5.75 -5.69 -5.72 -5.81 -5.75 -5.81 -5.69 -5.69 -5.69 -5.69 -5.62 -5.59 -5.66 -5.62 -5.66 -5.59 -5.62 -5.62 -5.62 -5.62 -5.69 -5.50 -5.50 -5.47 -5.44 -5.38 -5.31 -5.22 -5.06 -4.84 -4.56 -4.34 -4.16 -3.59 -3.22 -2.88 -2.47 -2.16 -1.97 -1.72 -1.53 -1.44 -1.31 -1.09 -1.00
-8.31 -8.22 -8.09 -7.97 -7.81 -7.72 -7.66 -7.62 -7.59 -7.47 -7.41 -7.38 -7.50 -7.38 -7.16 -6.97 -6.88 -6.88 -6.78 -6.62 -6.62 -6.44 -6.41 -6.25 -6.16 -6.16 -5.97 -5.97 -6.03 -5.97 -5.88 -5.78 -5.72 -5.78 -5.78 -5.75 -5.72 -5.69 -5.62 -5.62 -5.72 -5.72 -5.59 -5.66 -5.69 -5.69 -5.69 -5.62 -5.62 -5.62 -5.66 -5.59 -5.69 -5.53 -5.50 -5.47 -5.44 -5.41 -5.31 -5.22 -5.06 -4.84 -4.56 -4.28 -3.97 -3.56 -3.19 -2.91 -2.59 -2.22 -1.97 -1.88 -1.66 -1.47 -1.28 -1.12 -1.00
-8.44 -8.38 -8.22 -8.03 -7.81 -7.72 -7.56 -7.59 -7.62 -7.53 -7.31 -7.34 -7.34 -7.06 -7.12 -7.16 -6.94 -6.88 -6.78 -6.69 -6.59 -6.38 -6.25 -6.38 -6.22 -6.19 -6.22 -6.09 -6.09 -6.00 -6.00 -5.84 -5.75 -5.72 -5.72 -5.72 -5.72 -5.72 -5.69 -5.75 -5.78 -5.72 -5.66 -5.66 -5.72 -5.84 -5.81 -5.72 -5.62 -5.62 -5.59 -5.59 -5.78 -5.53 -5.53 -5.47 -5.44 -5.41 -5.34 -5.22 -5.06 -4.84 -4.56 -4.25 -3.91 -3.59 -3.22 -2.88 -2.59 -2.31 -2.16 -1.94 -1.75 -1.50 -1.25 -1.12 -1.03
-8.50 -8.56 -8.47 -8.16 -7.88 -7.72 -7.62 -7.53 -7.50 -7.31 -7.22 -7.16 -7.09 -7.06 -6.97 -6.88 -6.72 -6.84 -6.81 -6.75 -6.56 -6.41 -6.53 -6.59 -6.25 -6.16 -6.19 -6.09 -6.03 -6.00 -5.94 -5.84 -5.78 -5.75 -5.75 -5.72 -5.69 -5.69 -5.66 -5.69 -5.75 -5.69 -5.62 -5.66 -5.84 -5.91 -5.69 -5.66 -5.66 -5.62 -5.66 -5.62 -5.81 -5.56 -5.62 -5.50 -5.47 -5.44 -5.41 -5.28 -5.16 -4.94 -4.69 -4.34 -3.97 -3.62 -3.31 -3.03 -2.69 -2.47 -2.34 -2.00 -1.75 -1.47 -1.25 -1.12 -1.03
-8.47 -8.59 -8.38 -8.19 -8.00 -7.88 -7.81 -7.69 -7.62 -7.47 -7.25 -7.16 -7.06 -7.06 -7.00 -6.78 -6.69 -6.56 -6.50 -6.59 -6.59 -6.78 -6.62 -6.53 -6.31 -6.25 -6.22 -6.06 -6.00 -5.97 -5.88 -5.84 -5.88 -5.78 -5.84 -5.75 -5.75 -5.84 -5.69 -5.69 -5.66 -5.69 -5.75 -5.91 -5.84 -5.84 -5.66 -5.69 -5.75 -5.72 -5.72 -5.78 -5.88 -5.66 -5.59 -5.50 -5.47 -5.47 -5.50 -5.41 -5.31 -5.06 -4.81 -4.44 -4.12 -3.81 -3.53 -3.25 -2.91 -2.62 -2.31 -2.16 -1.81 -1.53 -1.28 -1.16 -1.06
-8.62 -8.84 -8.41 -8.09 -8.03 -7.91 -7.81 -7.69 -7.56 -7.47 -7.44 -7.44 -7.25 -7.25 -7.12 -6.97 -6.88 -6.66 -6.72 -6.78 -6.72 -6.69 -6.78 -6.69 -6.47 -6.47 -6.19 -6.22 -6.09 -6.25 -6.03 -5.97 -6.16 -6.00 -5.94 -5.88 -5.81 -5.84 -5.88 -5.91 -6.00 -5.81 -5.81 -5.72 -5.72 -5.94 -5.75 -5.84 -5.97 -5.75 -5.72 -5.84 -5.69 -5.56 -5.53 -5.62 -5.62 -5.62 -5.59 -5.50 -5.44 -5.34 -5.03 -4.69 -4.38 -4.12 -3.94 -3.62 -3.12 -2.78 -2.44 -2.16 -1.91 -1.59 -1.41 -1.22 -1.16
-8.91 -9.22 -8.91 -8.47 -8.22 -8.06 -7.97 -7.75 -7.84 -7.81 -7.62 -7.75 -7.34 -7.22 -7.12 -7.12 -7.06 -7.00 -6.97 -6.91 -6.94 -6.94 -6.97 -6.97 -6.66 -6.50 -6.44 -6.28 -6.25 -6.44 -6.38 -6.09 -6.09 -5.94 -5.91 -5.88 -5.81 -5.78 -5.75 -5.88 -6.06 -6.06 -6.00 -6.09 -6.19 -6.38 -6.09 -6.12 -6.03 -5.91 -6.00 -6.00 -5.62 -5.56 -5.53 -5.53 -5.59 -5.53 -5.56 -5.69 -5.66 -5.47 -5.28 -5.06 -4.91 -4.66 -4.31 -3.94 -3.47 -2.97 -2.53 -2.16 -1.91 -1.69 -1.47 -1.28 -1.16
-9.16 -9.31 -9.12 -8.72 -8.50 -8.50 -8.59 -8.16 -8.06 -7.97 -8.06 -8.00 -7.44 -7.22 -7.16 -7.09 -6.94 -6.78 -6.78 -6.84 -7.03 -7.16 -7.12 -6.88 -6.81 -6.66 -6.28 -6.25 -6.28 -6.41 -6.38 -6.25 -6.12 -6.06 -6.28 -6.22 -6.06 -6.00 -6.16 -6.41 -6.78 -6.56 -6.34 -6.19 -6.25 -6.59 -6.22 -5.91 -5.81 -5.75 -5.78 -5.75 -5.56 -5.53 -5.56 -5.62 -5.78 -5.72 -5.78 -5.75 -5.62 -5.59 -5.56 -5.44 -5.22 -4.84 -4.50 -4.06 -3.44 -3.00 -2.59 -2.25 -1.97 -1.81 -1.62 -1.44 -1.28
-9.38 -9.25 -9.12 -8.56 -8.53 -8.62 -8.75 -8.62 -8.28 -8.28 -8.28 -8.06 -7.59 -7.34 -7.28 -7.25 -7.00 -7.06 -7.25 -7.31 -7.41 -7.28 -7.28 -7.22 -6.97 -6.88 -6.84 -6.41 -6.44 -6.69 -6.53 -6.16 -6.12 -6.34 -6.28 -6.25 -6.16 -6.22 -6.81 -7.19 -7.25 -7.12 -6.94 -6.94 -7.16 -6.94 -6.69 -6.22 -5.81 -5.72 -5.75 -5.69 -5.72 -5.84 -5.84 -5.97 -5.97 -5.91 -5.84 -5.81 -5.72 -5.78 -5.62 -5.31 -5.06 -4.69 -4.34 -3.97 -3.59 -3.06 -2.78 -2.50 -2.09 -1.81 -1.56 -1.38 -1.22
