everonasctiles/Tile[34,18].asc
ncols 128
nrows 128
xllcorner 0
yllcorner 0
cellsize 2.0
NODATA_value  -9999
[rows 0 to 31 of 128, columns 0 to 70 of 128]
151.50 151.03 150.53 150.03 149.59 149.19 148.81 148.38 147.88 147.25 146.59 145.56 144.97 144.34 143.88 143.38 142.88 142.34 141.84 141.25 140.62 140.00 139.38 138.66 137.94 137.28 136.56 136.00 135.44 134.97 134.34 133.59 132.56 131.53 130.28 128.88 127.53 126.69 125.97 125.19 124.47 123.53 122.75 122.09 121.66 121.22 120.75 120.22 119.69 119.12 118.56 117.97 117.41 116.88 116.34 115.91 115.44 114.94 114.47 113.94 113.34 112.69 112.00 111.38 110.81 110.22 109.56 108.91 108.34 107.84 107.31
151.31 150.81 150.31 149.81 149.28 148.91 148.50 148.09 147.62 147.00 146.34 145.19 144.56 144.00 143.50 143.03 142.56 142.03 141.53 141.00 140.38 139.75 139.06 138.41 137.72 137.03 136.38 135.75 135.16 134.66 134.03 133.16 132.22 131.25 129.84 128.41 127.38 126.59 125.81 125.00 124.12 123.44 122.66 122.06 121.59 121.12 120.62 120.12 119.59 119.03 118.50 117.94 117.41 116.88 116.38 115.91 115.44 114.97 114.47 113.97 113.41 112.75 112.03 111.34 110.78 110.19 109.53 108.91 108.34 107.84 107.34
151.00 150.59 150.06 149.59 149.06 148.62 148.19 147.78 147.38 146.72 145.88 144.91 144.28 143.69 143.19 142.69 142.22 141.72 141.25 140.75 140.16 139.56 138.88 138.22 137.53 136.84 136.19 135.50 134.84 134.28 133.44 132.66 131.75 130.59 129.44 128.22 127.28 126.53 125.78 124.78 123.78 123.16 122.53 122.03 121.56 121.06 120.50 119.97 119.47 118.97 118.44 117.88 117.38 116.88 116.38 115.91 115.41 114.94 114.47 113.94 113.41 112.78 112.00 111.31 110.78 110.19 109.56 108.94 108.38 107.84 107.31
150.72 150.25 149.78 149.31 148.84 148.38 147.94 147.50 147.09 146.44 145.50 144.69 143.94 143.41 142.88 142.41 141.94 141.47 140.97 140.50 139.97 139.38 138.75 138.03 137.38 136.69 136.03 135.38 134.53 133.81 133.06 132.22 131.22 130.31 129.22 128.12 127.19 126.47 125.75 124.47 123.56 123.03 122.50 121.97 121.44 120.91 120.38 119.84 119.34 118.84 118.34 117.81 117.31 116.84 116.34 115.88 115.38 114.91 114.41 113.88 113.34 112.72 112.03 111.34 110.78 110.22 109.62 109.03 108.44 107.88 107.38
150.47 149.97 149.50 149.00 148.53 148.09 147.66 147.22 146.78 146.09 145.16 144.34 143.66 143.06 142.59 142.12 141.66 141.19 140.72 140.22 139.72 139.16 138.50 137.81 137.16 136.47 135.81 135.09 134.19 133.50 132.78 131.81 130.75 129.81 128.84 128.00 127.03 126.25 125.44 124.16 123.50 122.94 122.44 121.84 121.31 120.78 120.28 119.75 119.25 118.75 118.25 117.75 117.28 116.78 116.31 115.84 115.34 114.81 114.34 113.81 113.31 112.72 112.00 111.41 110.81 110.25 109.69 109.16 108.56 108.03 107.50
150.22 149.69 149.16 148.69 148.22 147.78 147.31 146.88 146.41 145.66 144.75 143.91 143.25 142.72 142.25 141.81 141.34 140.91 140.44 139.97 139.44 138.88 138.22 137.56 136.88 136.19 135.50 134.78 133.91 133.22 132.47 131.50 130.53 129.53 128.62 127.69 126.81 126.03 125.16 124.12 123.47 122.88 122.31 121.78 121.19 120.69 120.19 119.69 119.16 118.66 118.19 117.72 117.25 116.75 116.28 115.78 115.28 114.75 114.25 113.75 113.22 112.66 112.03 111.44 110.84 110.28 109.75 109.19 108.66 108.12 107.59
149.97 149.41 148.84 148.34 147.88 147.44 146.97 146.50 146.00 145.41 144.56 143.59 142.94 142.41 141.94 141.50 141.06 140.56 140.09 139.62 139.12 138.53 137.91 137.19 136.50 135.81 135.12 134.38 133.56 132.84 132.09 131.25 130.41 129.44 128.06 127.28 126.62 125.81 124.91 124.12 123.47 122.84 122.25 121.66 121.09 120.56 120.06 119.56 119.06 118.59 118.09 117.66 117.16 116.72 116.22 115.75 115.25 114.72 114.22 113.72 113.19 112.62 112.00 111.41 110.88 110.34 109.78 109.28 108.72 108.19 107.62
149.69 149.09 148.53 148.03 147.56 147.06 146.59 146.12 145.62 145.00 144.34 143.38 142.53 142.00 141.56 141.12 140.69 140.19 139.66 139.22 138.66 138.06 137.44 136.72 135.97 135.38 134.69 134.00 133.22 132.38 131.69 130.88 129.94 128.91 127.72 126.97 126.31 125.50 124.75 124.09 123.44 122.81 122.16 121.59 121.03 120.53 120.03 119.50 119.00 118.56 118.09 117.62 117.16 116.66 116.16 115.69 115.16 114.69 114.19 113.69 113.19 112.66 112.06 111.44 110.91 110.38 109.88 109.34 108.81 108.28 107.72
149.38 148.81 148.25 147.69 147.16 146.66 146.22 145.72 145.22 144.66 143.91 143.06 142.19 141.69 141.16 140.66 140.19 139.72 139.09 138.62 138.09 137.53 136.91 136.03 135.25 134.81 134.22 133.53 132.81 131.81 131.03 130.31 129.41 128.41 127.41 126.69 126.00 125.28 124.66 124.00 123.41 122.78 122.12 121.56 121.03 120.53 120.00 119.50 119.00 118.53 118.03 117.56 117.09 116.62 116.09 115.59 115.06 114.62 114.16 113.69 113.19 112.66 112.12 111.53 110.97 110.47 110.00 109.44 108.91 108.34 107.78
149.09 148.50 147.97 147.38 146.81 146.25 145.78 145.31 144.81 144.25 143.53 142.69 141.84 141.28 140.78 140.25 139.72 139.19 138.59 138.06 137.50 136.94 136.19 135.47 134.81 134.25 133.66 133.12 132.28 131.28 130.28 129.78 128.78 127.81 127.09 126.44 125.81 125.12 124.50 123.91 123.31 122.72 122.12 121.53 121.00 120.47 119.94 119.44 118.97 118.47 118.00 117.53 117.06 116.56 116.06 115.59 115.12 114.62 114.12 113.66 113.19 112.69 112.19 111.66 111.12 110.59 110.06 109.53 108.94 108.44 107.91
148.78 148.19 147.62 147.03 146.41 145.84 145.31 144.88 144.38 143.81 143.06 142.16 141.50 140.97 140.44 139.84 139.22 138.62 138.16 137.62 137.00 136.38 135.66 135.09 134.38 133.75 133.16 132.47 131.59 130.38 129.66 129.06 128.19 127.50 126.88 126.22 125.47 124.88 124.31 123.78 123.22 122.66 122.06 121.50 120.94 120.41 119.88 119.34 118.88 118.38 117.91 117.44 116.97 116.50 116.03 115.59 115.12 114.62 114.12 113.66 113.19 112.75 112.25 111.69 111.16 110.62 110.12 109.59 109.06 108.56 108.06
148.44 147.81 147.25 146.66 146.03 145.44 144.91 144.47 143.97 143.34 142.50 141.69 141.09 140.56 140.00 139.38 138.78 138.19 137.66 137.12 136.56 135.97 135.31 134.69 134.09 133.41 132.72 131.91 130.91 130.06 129.38 128.72 128.00 127.34 126.62 125.94 125.31 124.75 124.19 123.62 123.09 122.56 121.97 121.41 120.84 120.31 119.81 119.31 118.81 118.34 117.84 117.38 116.94 116.47 116.03 115.56 115.12 114.62 114.16 113.69 113.22 112.75 112.28 111.75 111.22 110.69 110.19 109.75 109.22 108.75 108.25
148.09 147.44 146.84 146.25 145.66 145.03 144.50 144.06 143.56 142.84 141.97 141.34 140.78 140.19 139.62 138.97 138.38 137.75 137.19 136.62 136.09 135.53 134.94 134.31 133.69 133.03 132.22 131.38 130.56 129.84 129.19 128.53 127.81 127.16 126.47 125.84 125.22 124.66 124.06 123.50 123.00 122.44 121.88 121.31 120.75 120.25 119.78 119.28 118.78 118.31 117.84 117.38 116.91 116.47 116.00 115.56 115.09 114.66 114.22 113.75 113.28 112.81 112.38 111.91 111.41 110.91 110.44 109.94 109.41 108.91 108.44
147.69 147.06 146.44 145.88 145.28 144.69 144.09 143.66 143.16 142.44 141.62 141.00 140.44 139.78 139.19 138.59 138.00 137.38 136.81 136.25 135.69 135.16 134.56 133.94 133.31 132.62 131.91 131.09 130.34 129.66 128.97 128.34 127.66 127.03 126.38 125.75 125.12 124.53 123.97 123.44 122.94 122.38 121.81 121.25 120.72 120.19 119.72 119.25 118.78 118.31 117.88 117.38 116.91 116.44 116.00 115.53 115.12 114.69 114.25 113.81 113.38 112.94 112.53 112.06 111.59 111.09 110.59 110.06 109.53 109.03 108.56
147.31 146.69 146.06 145.50 144.94 144.41 143.75 143.19 142.72 141.97 141.28 140.66 140.09 139.41 138.81 138.22 137.62 137.06 136.47 135.88 135.31 134.75 134.16 133.56 132.94 132.31 131.59 130.84 130.03 129.41 128.78 128.16 127.50 126.91 126.25 125.62 125.03 124.44 123.88 123.38 122.84 122.25 121.72 121.16 120.62 120.12 119.69 119.22 118.75 118.31 117.88 117.44 116.94 116.47 116.03 115.59 115.19 114.75 114.34 113.88 113.47 113.09 112.66 112.25 111.78 111.31 110.81 110.25 109.72 109.19 108.69
146.88 146.28 145.69 145.12 144.56 144.03 143.47 142.81 142.22 141.56 140.88 140.31 139.69 139.09 138.50 137.94 137.34 136.75 136.16 135.56 134.94 134.38 133.78 133.16 132.56 131.97 131.28 130.50 129.78 129.16 128.56 127.97 127.34 126.75 126.16 125.53 124.91 124.38 123.81 123.25 122.69 122.12 121.56 121.06 120.56 120.09 119.66 119.19 118.72 118.28 117.88 117.44 116.94 116.50 116.09 115.69 115.28 114.88 114.47 114.00 113.59 113.19 112.81 112.38 111.94 111.50 111.03 110.47 109.94 109.38 108.78
146.47 145.88 145.31 144.75 144.22 143.66 143.03 142.41 141.78 141.16 140.47 139.88 139.31 138.75 138.16 137.62 137.06 136.44 135.84 135.19 134.59 134.03 133.44 132.88 132.25 131.59 130.94 130.28 129.59 128.94 128.38 127.81 127.19 126.56 126.00 125.44 124.84 124.28 123.75 123.16 122.59 122.03 121.50 121.00 120.50 120.06 119.59 119.12 118.69 118.31 117.88 117.44 117.03 116.59 116.19 115.78 115.41 114.97 114.53 114.09 113.72 113.34 112.94 112.56 112.12 111.72 111.25 110.78 110.19 109.56 108.91
146.09 145.53 144.97 144.41 143.84 143.25 142.59 142.00 141.38 140.75 140.06 139.53 138.97 138.41 137.84 137.31 136.75 136.12 135.53 134.91 134.31 133.72 133.12 132.50 131.91 131.28 130.66 130.03 129.38 128.72 128.16 127.62 127.06 126.47 125.88 125.31 124.72 124.19 123.62 123.06 122.50 121.97 121.44 120.94 120.47 120.00 119.56 119.09 118.69 118.28 117.88 117.50 117.09 116.69 116.31 115.91 115.50 115.06 114.66 114.25 113.88 113.53 113.12 112.72 112.34 111.91 111.50 111.03 110.47 109.81 109.00
145.78 145.22 144.62 144.03 143.41 142.84 142.22 141.59 140.97 140.31 139.69 139.12 138.59 138.06 137.53 137.00 136.47 135.88 135.25 134.66 134.06 133.50 132.84 132.22 131.62 131.06 130.47 129.81 129.16 128.56 127.97 127.41 126.88 126.28 125.72 125.19 124.62 124.06 123.53 122.97 122.44 121.94 121.41 120.94 120.44 120.00 119.53 119.12 118.72 118.31 117.94 117.56 117.16 116.78 116.41 116.03 115.62 115.22 114.84 114.44 114.09 113.72 113.31 112.91 112.53 112.12 111.81 111.34 110.81 110.19 109.16
145.44 144.88 144.28 143.66 142.97 142.41 141.84 141.25 140.59 139.94 139.28 138.72 138.22 137.72 137.22 136.69 136.16 135.59 135.00 134.38 133.78 133.22 132.62 131.97 131.38 130.81 130.22 129.59 129.00 128.41 127.81 127.25 126.69 126.16 125.62 125.09 124.59 124.06 123.50 122.97 122.44 121.84 121.38 120.91 120.44 119.97 119.53 119.16 118.75 118.34 117.97 117.62 117.28 116.91 116.53 116.19 115.81 115.41 115.03 114.66 114.31 113.91 113.50 113.09 112.69 112.50 112.19 111.72 111.19 110.41 109.31
145.12 144.53 143.91 143.25 142.59 142.03 141.47 140.91 140.31 139.66 139.03 138.38 137.81 137.34 136.84 136.38 135.84 135.31 134.72 134.12 133.53 132.94 132.34 131.78 131.16 130.59 130.00 129.44 128.84 128.25 127.69 127.12 126.53 126.03 125.53 125.03 124.56 124.06 123.56 123.03 122.50 121.94 121.41 120.91 120.44 120.03 119.62 119.19 118.75 118.38 118.03 117.69 117.34 117.03 116.69 116.34 116.00 115.62 115.25 114.91 114.56 114.19 113.91 113.62 113.28 113.03 112.66 112.16 111.59 110.69 109.62
144.81 144.19 143.50 142.84 142.22 141.69 141.12 140.56 140.00 139.38 138.72 138.09 137.56 137.03 136.50 135.97 135.53 135.00 134.44 133.84 133.28 132.69 132.09 131.53 130.94 130.38 129.78 129.22 128.62 128.06 127.50 126.97 126.44 125.91 125.41 124.94 124.47 124.00 123.56 123.06 122.56 122.06 121.50 120.97 120.50 120.06 119.62 119.19 118.75 118.38 118.03 117.72 117.41 117.12 116.84 116.53 116.19 115.78 115.53 115.22 114.97 114.81 114.47 114.22 113.91 113.56 113.16 112.59 112.06 111.19 110.03
144.47 143.91 143.16 142.53 141.94 141.38 140.81 140.22 139.62 139.06 138.44 137.94 137.38 136.81 136.25 135.62 135.19 134.69 134.12 133.56 133.00 132.41 131.84 131.25 130.69 130.09 129.53 128.97 128.41 127.84 127.31 126.78 126.25 125.78 125.28 124.81 124.38 123.94 123.53 123.06 122.59 122.06 121.59 121.06 120.56 120.09 119.62 119.12 118.75 118.38 118.09 117.75 117.47 117.19 116.91 116.69 116.44 116.22 115.91 115.62 115.44 115.19 114.94 114.66 114.38 114.00 113.53 112.97 112.28 111.47 110.44
144.16 143.53 142.94 142.31 141.72 141.12 140.50 139.91 139.34 138.78 138.22 137.66 137.12 136.56 135.97 135.41 134.78 134.38 133.81 133.28 132.72 132.09 131.53 131.00 130.41 129.84 129.28 128.69 128.12 127.56 127.06 126.56 126.09 125.62 125.16 124.69 124.22 123.78 123.38 123.00 122.56 122.12 121.66 121.16 120.66 120.12 119.62 119.16 118.81 118.47 118.12 117.78 117.50 117.22 116.97 116.75 116.53 116.34 116.12 115.91 115.72 115.50 115.25 114.94 114.59 114.22 113.75 113.19 112.50 111.62 110.62
143.84 143.25 142.66 142.06 141.47 140.84 140.25 139.66 139.09 138.53 137.97 137.41 136.84 136.28 135.72 135.16 134.59 134.03 133.47 132.94 132.41 131.78 131.22 130.66 130.09 129.59 129.00 128.44 127.91 127.31 126.81 126.28 125.88 125.38 124.91 124.47 124.00 123.59 123.16 122.78 122.41 122.03 121.62 121.22 120.75 120.25 119.75 119.28 118.88 118.50 118.16 117.81 117.50 117.22 116.94 116.72 116.50 116.31 116.16 116.00 115.78 115.56 115.31 114.97 114.59 114.22 113.78 113.25 112.56 111.72 110.72
143.53 142.97 142.38 141.78 141.22 140.62 140.00 139.44 138.84 138.28 137.72 137.16 136.59 136.03 135.47 134.91 134.34 133.78 133.22 132.69 132.12 131.59 131.00 130.28 129.66 129.06 128.62 128.12 127.53 127.09 126.69 126.22 125.72 125.25 124.75 124.19 123.72 123.28 122.88 122.56 122.19 121.81 121.44 121.06 120.62 120.19 119.75 119.34 118.94 118.56 118.19 117.81 117.47 117.19 116.84 116.59 116.31 116.16 116.00 115.78 115.59 115.38 115.09 114.78 114.41 114.03 113.59 113.09 112.44 111.59 110.62
143.25 142.72 142.12 141.56 140.97 140.38 139.81 139.19 138.59 138.00 137.44 136.88 136.34 135.78 135.22 134.66 134.09 133.53 133.00 132.44 131.88 131.31 130.72 130.16 129.53 128.97 128.44 127.91 127.44 126.97 126.47 126.00 125.53 125.06 124.59 124.12 123.66 123.06 122.59 122.25 121.88 121.59 121.22 120.78 120.38 119.97 119.56 119.22 118.88 118.53 118.19 117.81 117.41 116.94 116.66 116.25 115.94 115.78 115.66 115.47 115.31 115.06 114.72 114.38 114.03 113.66 113.25 112.75 112.09 111.28 110.38
142.97 142.47 141.88 141.31 140.72 140.12 139.56 138.97 138.38 137.78 137.19 136.66 136.06 135.53 134.94 134.38 133.81 133.25 132.72 132.16 131.59 131.03 130.44 129.84 129.28 128.72 128.22 127.69 127.22 126.75 126.25 125.78 125.28 124.84 124.38 123.91 123.47 123.03 122.47 122.00 121.62 121.28 120.94 120.56 120.16 119.75 119.41 119.06 118.72 118.41 118.06 117.69 117.28 116.84 116.31 116.03 115.78 115.53 115.22 114.94 114.62 114.28 113.97 113.94 113.56 113.16 112.75 112.25 111.59 110.81 110.03
142.75 142.22 141.66 141.09 140.50 139.91 139.31 138.75 138.19 137.56 136.94 136.41 135.84 135.22 134.62 134.06 133.50 133.00 132.44 131.88 131.31 130.72 130.16 129.56 128.97 128.38 127.88 127.44 126.97 126.47 126.00 125.53 125.00 124.56 124.12 123.69 123.28 122.88 122.44 122.03 121.56 121.12 120.72 120.34 119.94 119.53 119.19 118.88 118.56 118.22 117.88 117.53 117.12 116.72 116.28 115.91 115.62 115.28 114.94 114.56 114.19 113.81 113.41 113.16 112.97 112.69 112.19 111.69 111.06 110.31 109.66
142.59 142.00 141.38 140.84 140.28 139.69 139.12 138.50 137.97 137.34 136.78 136.19 135.59 135.03 134.41 133.78 133.22 132.72 132.16 131.62 131.03 130.44 129.84 129.28 128.66 127.97 127.50 127.00 126.53 126.16 125.72 125.22 124.69 124.22 123.81 123.41 123.03 122.66 122.28 121.88 121.50 121.12 120.66 120.25 119.84 119.44 119.03 118.66 118.38 118.09 117.75 117.34 116.94 116.56 116.19 115.84 115.50 115.19 114.81 114.44 114.06 113.66 113.28 112.94 112.53 112.06 111.66 111.19 110.62 109.97 109.56
142.44 141.84 141.25 140.66 140.06 139.47 138.97 138.44 137.81 137.25 136.59 135.97 135.38 134.78 134.19 133.56 132.94 132.41 131.88 131.34 130.75 130.12 129.56 129.03 128.44 127.81 127.25 126.72 126.28 125.81 125.44 125.00 124.50 124.03 123.59 123.22 122.81 122.44 122.09 121.75 121.38 120.97 120.59 120.22 119.78 119.41 119.03 118.62 118.19 117.88 117.53 117.12 116.81 116.47 116.09 115.75 115.41 115.06 114.72 114.34 113.97 113.59 113.19 112.78 112.38 111.94 111.47 110.84 110.09 109.31 108.69
142.31 141.75 141.19 140.56 139.97 139.44 138.88 138.28 137.69 137.09 136.47 135.75 135.12 134.53 133.91 133.31 132.72 132.12 131.59 131.03 130.47 129.88 129.28 128.78 128.22 127.56 127.00 126.50 126.03 125.59 125.19 124.75 124.34 123.91 123.47 123.09 122.66 122.25 121.91 121.56 121.19 120.84 120.47 120.09 119.72 119.34 118.97 118.56 118.12 117.78 117.41 117.06 116.62 116.28 116.00 115.66 115.31 114.97 114.59 114.22 113.84 113.47 113.06 112.47 111.62 110.78 110.03 109.53 109.19 108.88 108.56
