everonasctiles/Tile47,34.asc
ncols 128
nrows 128
xllcorner 0
yllcorner 0
cellsize 2.0
NODATA_value  -9999
[rows 96 to 127 of 128, columns 0 to 70 of 128]
-65.12 -65.19 -65.19 -65.19 -65.16 -65.09 -65.00 -64.78 -64.66 -65.00 -65.62 -66.19 -66.53 -66.78 -67.03 -67.22 -67.38 -67.50 -67.59 -67.72 -67.84 -67.97 -68.06 -68.19 -68.34 -68.53 -68.72 -68.91 -69.12 -69.31 -69.53 -69.69 -69.88 -70.06 -70.25 -70.44 -70.62 -70.81 -71.00 -71.19 -71.34 -71.53 -71.72 -71.88 -72.00 -72.09 -72.19 -72.28 -72.38 -72.50 -72.62 -72.75 -72.88 -73.00 -73.09 -73.22 -73.31 -73.41 -73.50 -73.56 -73.66 -73.72 -73.78 -73.88 -73.97 -74.03 -74.09 -74.19 -74.31 -74.62 -74.97
-65.19 -65.22 -65.25 -65.25 -65.22 -65.19 -65.12 -65.06 -65.03 -65.34 -65.84 -66.22 -66.50 -66.75 -66.97 -67.16 -67.31 -67.44 -67.53 -67.66 -67.78 -67.88 -68.00 -68.12 -68.28 -68.47 -68.66 -68.84 -69.06 -69.22 -69.38 -69.53 -69.69 -69.88 -70.06 -70.25 -70.44 -70.66 -70.84 -71.06 -71.25 -71.44 -71.62 -71.75 -71.88 -71.97 -72.06 -72.16 -72.28 -72.41 -72.53 -72.69 -72.81 -72.91 -73.03 -73.12 -73.25 -73.34 -73.44 -73.53 -73.59 -73.66 -73.75 -73.81 -73.88 -73.94 -74.00 -74.06 -74.25 -74.59 -74.91
-65.25 -65.28 -65.31 -65.34 -65.34 -65.31 -65.31 -65.31 -65.41 -65.66 -66.00 -66.28 -66.53 -66.75 -66.97 -67.12 -67.25 -67.38 -67.50 -67.59 -67.72 -67.84 -67.97 -68.09 -68.25 -68.44 -68.62 -68.81 -68.97 -69.12 -69.25 -69.38 -69.53 -69.69 -69.88 -70.09 -70.31 -70.53 -70.75 -70.97 -71.19 -71.38 -71.53 -71.69 -71.81 -71.91 -72.00 -72.09 -72.25 -72.38 -72.50 -72.62 -72.75 -72.88 -73.00 -73.09 -73.19 -73.31 -73.41 -73.50 -73.59 -73.66 -73.75 -73.78 -73.81 -73.88 -73.94 -74.03 -74.28 -74.59 -74.91
-65.28 -65.34 -65.38 -65.41 -65.44 -65.44 -65.47 -65.50 -65.62 -65.84 -66.09 -66.34 -66.56 -66.78 -66.97 -67.12 -67.25 -67.34 -67.44 -67.56 -67.69 -67.81 -67.94 -68.09 -68.25 -68.41 -68.59 -68.75 -68.88 -69.00 -69.09 -69.19 -69.31 -69.47 -69.69 -69.94 -70.19 -70.44 -70.69 -70.91 -71.12 -71.34 -71.50 -71.66 -71.78 -71.88 -71.97 -72.09 -72.25 -72.38 -72.50 -72.62 -72.75 -72.88 -73.00 -73.09 -73.22 -73.34 -73.44 -73.53 -73.62 -73.72 -73.78 -73.81 -73.84 -73.88 -73.94 -74.09 -74.31 -74.59 -74.88
-65.31 -65.38 -65.44 -65.50 -65.53 -65.56 -65.59 -65.69 -65.78 -65.97 -66.19 -66.41 -66.62 -66.81 -66.97 -67.12 -67.22 -67.31 -67.41 -67.53 -67.66 -67.81 -67.94 -68.12 -68.28 -68.44 -68.59 -68.72 -68.81 -68.91 -68.97 -69.03 -69.12 -69.28 -69.53 -69.81 -70.12 -70.38 -70.62 -70.88 -71.09 -71.28 -71.47 -71.62 -71.75 -71.88 -72.00 -72.12 -72.25 -72.41 -72.53 -72.66 -72.78 -72.91 -73.03 -73.16 -73.28 -73.38 -73.50 -73.59 -73.69 -73.78 -73.84 -73.91 -73.91 -73.94 -73.97 -74.12 -74.34 -74.62 -74.91
-65.31 -65.38 -65.47 -65.53 -65.62 -65.66 -65.72 -65.81 -65.91 -66.06 -66.25 -66.47 -66.66 -66.84 -67.00 -67.09 -67.22 -67.28 -67.41 -67.50 -67.66 -67.81 -67.97 -68.16 -68.31 -68.47 -68.62 -68.75 -68.84 -68.94 -69.03 -69.12 -69.22 -69.38 -69.59 -69.88 -70.12 -70.38 -70.59 -70.84 -71.06 -71.25 -71.44 -71.59 -71.75 -71.88 -72.00 -72.12 -72.28 -72.41 -72.53 -72.69 -72.81 -72.94 -73.09 -73.22 -73.31 -73.44 -73.56 -73.66 -73.78 -73.84 -73.94 -73.97 -74.00 -74.00 -74.03 -74.16 -74.38 -74.66 -74.91
-65.34 -65.41 -65.50 -65.56 -65.66 -65.72 -65.81 -65.91 -66.00 -66.16 -66.31 -66.50 -66.66 -66.84 -66.97 -67.09 -67.19 -67.28 -67.38 -67.50 -67.66 -67.81 -68.00 -68.19 -68.38 -68.53 -68.69 -68.81 -68.94 -69.03 -69.12 -69.25 -69.38 -69.56 -69.75 -69.97 -70.19 -70.41 -70.62 -70.84 -71.03 -71.22 -71.41 -71.56 -71.72 -71.84 -71.97 -72.09 -72.25 -72.38 -72.53 -72.66 -72.81 -72.97 -73.09 -73.25 -73.38 -73.50 -73.62 -73.72 -73.84 -73.94 -74.00 -74.06 -74.09 -74.12 -74.12 -74.19 -74.41 -74.69 -74.94
-65.34 -65.41 -65.50 -65.59 -65.69 -65.75 -65.84 -65.94 -66.03 -66.16 -66.31 -66.50 -66.66 -66.84 -66.97 -67.09 -67.19 -67.28 -67.38 -67.53 -67.69 -67.84 -68.03 -68.22 -68.41 -68.56 -68.75 -68.88 -69.03 -69.12 -69.25 -69.38 -69.53 -69.69 -69.88 -70.06 -70.25 -70.47 -70.66 -70.84 -71.03 -71.22 -71.38 -71.53 -71.66 -71.81 -71.94 -72.06 -72.19 -72.31 -72.47 -72.62 -72.78 -72.94 -73.09 -73.25 -73.38 -73.53 -73.66 -73.78 -73.88 -74.00 -74.09 -74.16 -74.19 -74.25 -74.28 -74.34 -74.50 -74.75 -74.97
-65.34 -65.44 -65.50 -65.59 -65.69 -65.75 -65.84 -65.94 -66.03 -66.16 -66.31 -66.47 -66.66 -66.84 -66.97 -67.09 -67.19 -67.31 -67.41 -67.53 -67.69 -67.88 -68.06 -68.25 -68.44 -68.59 -68.78 -68.94 -69.09 -69.22 -69.34 -69.50 -69.66 -69.81 -70.00 -70.19 -70.34 -70.53 -70.69 -70.88 -71.03 -71.19 -71.34 -71.50 -71.62 -71.75 -71.88 -72.00 -72.12 -72.25 -72.41 -72.56 -72.72 -72.91 -73.06 -73.22 -73.38 -73.53 -73.66 -73.78 -73.91 -74.03 -74.12 -74.22 -74.31 -74.38 -74.44 -74.53 -74.66 -74.84 -75.06
-65.38 -65.44 -65.53 -65.59 -65.66 -65.75 -65.81 -65.91 -66.00 -66.12 -66.28 -66.47 -66.66 -66.81 -66.97 -67.12 -67.22 -67.34 -67.44 -67.59 -67.72 -67.91 -68.09 -68.25 -68.44 -68.62 -68.81 -68.97 -69.12 -69.28 -69.44 -69.59 -69.75 -69.94 -70.09 -70.25 -70.41 -70.56 -70.72 -70.84 -71.00 -71.16 -71.31 -71.47 -71.59 -71.69 -71.81 -71.91 -72.03 -72.16 -72.31 -72.47 -72.66 -72.84 -73.00 -73.19 -73.34 -73.50 -73.62 -73.78 -73.91 -74.06 -74.16 -74.28 -74.41 -74.50 -74.59 -74.69 -74.84 -75.00 -75.16
-65.38 -65.44 -65.53 -65.59 -65.66 -65.72 -65.78 -65.84 -65.97 -66.09 -66.25 -66.44 -66.62 -66.81 -66.97 -67.12 -67.25 -67.38 -67.50 -67.62 -67.78 -67.94 -68.09 -68.28 -68.47 -68.66 -68.84 -69.00 -69.19 -69.34 -69.50 -69.66 -69.81 -70.00 -70.16 -70.31 -70.44 -70.56 -70.69 -70.81 -70.97 -71.12 -71.28 -71.41 -71.53 -71.62 -71.72 -71.81 -71.94 -72.06 -72.22 -72.38 -72.59 -72.78 -72.94 -73.09 -73.25 -73.41 -73.59 -73.75 -73.88 -74.03 -74.19 -74.31 -74.47 -74.59 -74.72 -74.88 -75.00 -75.16 -75.31
-65.41 -65.47 -65.53 -65.59 -65.66 -65.69 -65.75 -65.81 -65.91 -66.06 -66.22 -66.41 -66.59 -66.78 -66.94 -67.12 -67.25 -67.41 -67.53 -67.66 -67.81 -67.97 -68.12 -68.31 -68.50 -68.69 -68.84 -69.03 -69.19 -69.38 -69.53 -69.72 -69.88 -70.03 -70.19 -70.31 -70.44 -70.53 -70.66 -70.78 -70.94 -71.06 -71.22 -71.34 -71.47 -71.56 -71.66 -71.75 -71.84 -72.00 -72.12 -72.31 -72.50 -72.69 -72.84 -73.00 -73.16 -73.31 -73.50 -73.66 -73.84 -74.00 -74.19 -74.34 -74.53 -74.69 -74.84 -75.00 -75.16 -75.31 -75.44
-65.41 -65.47 -65.53 -65.59 -65.62 -65.69 -65.75 -65.78 -65.88 -66.00 -66.16 -66.34 -66.53 -66.72 -66.91 -67.06 -67.25 -67.41 -67.56 -67.69 -67.84 -68.00 -68.16 -68.34 -68.53 -68.72 -68.88 -69.06 -69.22 -69.41 -69.56 -69.72 -69.91 -70.06 -70.19 -70.28 -70.41 -70.50 -70.62 -70.75 -70.88 -71.03 -71.19 -71.31 -71.44 -71.53 -71.62 -71.72 -71.81 -71.94 -72.09 -72.25 -72.38 -72.53 -72.69 -72.84 -73.00 -73.19 -73.38 -73.56 -73.78 -73.97 -74.16 -74.38 -74.56 -74.75 -74.94 -75.12 -75.28 -75.44 -75.53
-65.44 -65.50 -65.56 -65.59 -65.62 -65.69 -65.72 -65.78 -65.84 -65.94 -66.09 -66.25 -66.44 -66.62 -66.81 -67.00 -67.19 -67.38 -67.53 -67.69 -67.84 -68.03 -68.19 -68.38 -68.56 -68.75 -68.94 -69.09 -69.25 -69.41 -69.59 -69.75 -69.91 -70.06 -70.19 -70.28 -70.38 -70.47 -70.59 -70.72 -70.88 -71.00 -71.16 -71.28 -71.41 -71.50 -71.59 -71.69 -71.78 -71.91 -72.03 -72.12 -72.25 -72.34 -72.50 -72.66 -72.84 -73.03 -73.25 -73.47 -73.69 -73.94 -74.19 -74.41 -74.62 -74.81 -75.00 -75.19 -75.38 -75.53 -75.66
-65.47 -65.53 -65.56 -65.59 -65.66 -65.69 -65.72 -65.78 -65.81 -65.91 -66.00 -66.16 -66.31 -66.50 -66.69 -66.88 -67.09 -67.28 -67.47 -67.62 -67.81 -68.00 -68.19 -68.38 -68.59 -68.78 -68.94 -69.12 -69.28 -69.44 -69.62 -69.78 -69.94 -70.06 -70.19 -70.28 -70.38 -70.47 -70.59 -70.72 -70.84 -71.00 -71.12 -71.25 -71.34 -71.47 -71.56 -71.66 -71.75 -71.84 -71.94 -72.00 -72.06 -72.12 -72.25 -72.41 -72.59 -72.84 -73.12 -73.38 -73.66 -73.97 -74.22 -74.47 -74.69 -74.91 -75.09 -75.28 -75.44 -75.59 -75.72
-65.50 -65.53 -65.59 -65.62 -65.66 -65.72 -65.75 -65.78 -65.81 -65.88 -65.94 -66.06 -66.19 -66.34 -66.53 -66.75 -66.94 -67.16 -67.34 -67.53 -67.72 -67.91 -68.12 -68.34 -68.56 -68.75 -68.94 -69.12 -69.28 -69.47 -69.62 -69.78 -69.94 -70.06 -70.19 -70.28 -70.38 -70.47 -70.59 -70.69 -70.84 -70.97 -71.09 -71.22 -71.31 -71.41 -71.50 -71.56 -71.66 -71.72 -71.78 -71.84 -71.84 -71.84 -71.91 -72.16 -72.53 -72.94 -73.25 -73.53 -73.81 -74.09 -74.38 -74.59 -74.81 -75.00 -75.19 -75.34 -75.50 -75.62 -75.75
-65.50 -65.56 -65.59 -65.66 -65.69 -65.75 -65.78 -65.81 -65.84 -65.88 -65.91 -65.97 -66.06 -66.19 -66.38 -66.56 -66.78 -67.00 -67.19 -67.38 -67.56 -67.78 -68.00 -68.25 -68.47 -68.69 -68.91 -69.09 -69.28 -69.47 -69.62 -69.78 -69.94 -70.06 -70.16 -70.25 -70.34 -70.44 -70.56 -70.69 -70.81 -70.94 -71.06 -71.16 -71.25 -71.34 -71.41 -71.47 -71.53 -71.59 -71.62 -71.62 -71.59 -71.62 -71.94 -72.44 -72.94 -73.28 -73.56 -73.81 -74.06 -74.28 -74.53 -74.72 -74.94 -75.12 -75.28 -75.41 -75.53 -75.66 -75.75
-65.50 -65.56 -65.62 -65.69 -65.75 -65.78 -65.84 -65.88 -65.88 -65.88 -65.88 -65.91 -65.94 -66.00 -66.19 -66.41 -66.59 -66.81 -67.00 -67.19 -67.41 -67.66 -67.91 -68.16 -68.41 -68.62 -68.84 -69.06 -69.25 -69.44 -69.59 -69.75 -69.91 -70.03 -70.12 -70.22 -70.31 -70.41 -70.50 -70.62 -70.75 -70.88 -71.00 -71.09 -71.19 -71.25 -71.31 -71.38 -71.41 -71.44 -71.44 -71.44 -71.50 -71.84 -72.41 -72.88 -73.25 -73.53 -73.78 -74.03 -74.25 -74.47 -74.69 -74.88 -75.06 -75.22 -75.34 -75.44 -75.56 -75.66 -75.72
-65.53 -65.59 -65.66 -65.72 -65.78 -65.84 -65.91 -65.94 -65.97 -65.97 -65.94 -65.88 -65.81 -65.81 -66.00 -66.22 -66.41 -66.59 -66.78 -66.97 -67.22 -67.50 -67.78 -68.06 -68.31 -68.56 -68.81 -69.00 -69.22 -69.41 -69.56 -69.69 -69.81 -69.94 -70.03 -70.12 -70.22 -70.31 -70.41 -70.53 -70.66 -70.78 -70.91 -71.03 -71.12 -71.19 -71.22 -71.25 -71.25 -71.25 -71.25 -71.31 -71.69 -72.25 -72.75 -73.12 -73.47 -73.75 -74.00 -74.25 -74.44 -74.66 -74.84 -75.00 -75.16 -75.28 -75.38 -75.47 -75.53 -75.62 -75.66
-65.53 -65.59 -65.69 -65.75 -65.81 -65.88 -65.94 -66.00 -66.06 -66.06 -66.00 -65.97 -65.88 -65.72 -65.75 -66.00 -66.22 -66.38 -66.53 -66.75 -67.09 -67.44 -67.72 -68.00 -68.28 -68.53 -68.75 -68.97 -69.16 -69.31 -69.47 -69.59 -69.69 -69.81 -69.91 -70.00 -70.09 -70.19 -70.31 -70.44 -70.56 -70.69 -70.81 -70.94 -71.03 -71.09 -71.09 -71.12 -71.09 -71.03 -71.12 -71.47 -72.03 -72.56 -72.97 -73.31 -73.62 -73.94 -74.19 -74.41 -74.59 -74.78 -74.94 -75.09 -75.19 -75.31 -75.38 -75.44 -75.50 -75.56 -75.59
-65.56 -65.62 -65.72 -65.78 -65.84 -65.94 -66.00 -66.09 -66.12 -66.16 -66.12 -66.06 -66.00 -65.91 -65.75 -65.69 -65.78 -65.91 -66.16 -66.56 -67.06 -67.41 -67.69 -67.97 -68.25 -68.47 -68.69 -68.88 -69.06 -69.22 -69.34 -69.44 -69.53 -69.66 -69.75 -69.84 -69.94 -70.03 -70.16 -70.28 -70.44 -70.56 -70.69 -70.81 -70.91 -70.97 -71.00 -70.97 -70.97 -71.03 -71.31 -71.84 -72.34 -72.78 -73.12 -73.47 -73.78 -74.06 -74.31 -74.50 -74.69 -74.84 -74.97 -75.09 -75.19 -75.25 -75.31 -75.38 -75.44 -75.47 -75.53
-65.59 -65.69 -65.75 -65.84 -65.91 -66.00 -66.06 -66.16 -66.22 -66.25 -66.22 -66.22 -66.16 -66.12 -66.03 -65.84 -65.69 -65.75 -66.06 -66.59 -67.12 -67.44 -67.69 -67.94 -68.19 -68.41 -68.59 -68.78 -68.94 -69.06 -69.16 -69.28 -69.38 -69.50 -69.59 -69.69 -69.78 -69.88 -70.00 -70.12 -70.28 -70.41 -70.56 -70.69 -70.78 -70.84 -70.91 -70.97 -71.06 -71.31 -71.72 -72.16 -72.56 -72.94 -73.25 -73.56 -73.88 -74.12 -74.34 -74.53 -74.69 -74.84 -74.97 -75.06 -75.12 -75.19 -75.22 -75.28 -75.34 -75.38 -75.41
-65.66 -65.75 -65.84 -65.91 -65.97 -66.06 -66.12 -66.19 -66.28 -66.31 -66.34 -66.34 -66.34 -66.31 -66.31 -66.25 -66.09 -66.09 -66.34 -66.78 -67.19 -67.47 -67.69 -67.91 -68.12 -68.31 -68.50 -68.66 -68.78 -68.88 -69.00 -69.09 -69.22 -69.34 -69.44 -69.53 -69.62 -69.72 -69.84 -69.97 -70.09 -70.25 -70.38 -70.53 -70.66 -70.78 -70.94 -71.09 -71.31 -71.62 -72.00 -72.38 -72.72 -73.06 -73.38 -73.66 -73.91 -74.16 -74.34 -74.50 -74.66 -74.78 -74.88 -74.97 -75.00 -75.06 -75.09 -75.16 -75.22 -75.25 -75.28
-65.75 -65.84 -65.91 -66.00 -66.06 -66.12 -66.19 -66.25 -66.34 -66.41 -66.47 -66.50 -66.53 -66.53 -66.56 -66.59 -66.62 -66.66 -66.81 -67.12 -67.38 -67.56 -67.75 -67.94 -68.09 -68.25 -68.41 -68.53 -68.62 -68.75 -68.84 -68.97 -69.12 -69.25 -69.38 -69.44 -69.53 -69.62 -69.72 -69.84 -69.97 -70.09 -70.22 -70.38 -70.56 -70.75 -70.97 -71.22 -71.50 -71.84 -72.19 -72.53 -72.84 -73.16 -73.47 -73.72 -73.94 -74.12 -74.31 -74.47 -74.59 -74.72 -74.78 -74.84 -74.88 -74.91 -74.97 -75.03 -75.06 -75.12 -75.16
-65.84 -65.94 -66.00 -66.09 -66.16 -66.19 -66.25 -66.31 -66.41 -66.47 -66.56 -66.62 -66.69 -66.75 -66.81 -66.88 -66.97 -67.06 -67.22 -67.41 -67.56 -67.72 -67.88 -68.03 -68.16 -68.28 -68.41 -68.53 -68.62 -68.75 -68.88 -69.03 -69.19 -69.31 -69.41 -69.47 -69.53 -69.59 -69.66 -69.75 -69.84 -69.94 -70.09 -70.28 -70.50 -70.78 -71.06 -71.38 -71.69 -72.00 -72.34 -72.66 -72.97 -73.25 -73.50 -73.72 -73.91 -74.09 -74.25 -74.41 -74.53 -74.62 -74.69 -74.72 -74.75 -74.78 -74.81 -74.88 -74.94 -74.97 -75.00
-65.94 -66.03 -66.12 -66.19 -66.25 -66.28 -66.34 -66.38 -66.47 -66.56 -66.69 -66.78 -66.88 -67.00 -67.09 -67.16 -67.25 -67.34 -67.47 -67.62 -67.75 -67.91 -68.03 -68.16 -68.28 -68.38 -68.50 -68.62 -68.75 -68.88 -69.00 -69.16 -69.28 -69.41 -69.50 -69.56 -69.62 -69.66 -69.69 -69.72 -69.78 -69.84 -69.94 -70.12 -70.47 -70.81 -71.16 -71.50 -71.81 -72.16 -72.47 -72.75 -73.03 -73.28 -73.50 -73.69 -73.88 -74.03 -74.19 -74.34 -74.47 -74.53 -74.59 -74.59 -74.59 -74.62 -74.66 -74.72 -74.78 -74.81 -74.88
-66.00 -66.12 -66.22 -66.28 -66.34 -66.38 -66.44 -66.47 -66.56 -66.66 -66.78 -66.94 -67.06 -67.22 -67.31 -67.44 -67.53 -67.62 -67.72 -67.84 -67.97 -68.09 -68.22 -68.31 -68.41 -68.50 -68.62 -68.75 -68.88 -69.00 -69.12 -69.28 -69.41 -69.53 -69.62 -69.72 -69.75 -69.78 -69.81 -69.81 -69.81 -69.78 -69.78 -70.00 -70.47 -70.88 -71.25 -71.59 -71.94 -72.25 -72.53 -72.81 -73.03 -73.25 -73.47 -73.66 -73.81 -74.00 -74.16 -74.28 -74.41 -74.44 -74.47 -74.47 -74.47 -74.50 -74.53 -74.56 -74.62 -74.66 -74.72
-66.09 -66.22 -66.31 -66.41 -66.47 -66.50 -66.56 -66.59 -66.69 -66.81 -66.94 -67.09 -67.25 -67.41 -67.53 -67.66 -67.75 -67.84 -67.97 -68.06 -68.19 -68.28 -68.38 -68.44 -68.53 -68.62 -68.75 -68.84 -68.97 -69.12 -69.25 -69.41 -69.53 -69.66 -69.75 -69.84 -69.91 -69.94 -69.94 -69.97 -69.94 -69.91 -69.84 -70.00 -70.50 -70.97 -71.31 -71.66 -72.00 -72.28 -72.56 -72.81 -73.03 -73.22 -73.41 -73.59 -73.78 -73.94 -74.09 -74.22 -74.31 -74.38 -74.38 -74.34 -74.34 -74.38 -74.38 -74.44 -74.47 -74.50 -74.56
-66.19 -66.31 -66.41 -66.50 -66.59 -66.62 -66.69 -66.75 -66.84 -66.97 -67.09 -67.25 -67.41 -67.56 -67.72 -67.84 -67.94 -68.06 -68.16 -68.25 -68.34 -68.44 -68.50 -68.56 -68.62 -68.72 -68.84 -68.94 -69.06 -69.22 -69.34 -69.50 -69.62 -69.75 -69.88 -69.97 -70.03 -70.06 -70.09 -70.09 -70.09 -70.09 -70.03 -70.12 -70.59 -71.03 -71.38 -71.69 -72.03 -72.31 -72.56 -72.78 -72.97 -73.19 -73.38 -73.56 -73.72 -73.91 -74.03 -74.16 -74.25 -74.28 -74.28 -74.25 -74.25 -74.25 -74.25 -74.28 -74.31 -74.38 -74.41
-66.28 -66.41 -66.53 -66.62 -66.72 -66.78 -66.84 -66.91 -67.00 -67.12 -67.25 -67.41 -67.56 -67.72 -67.84 -67.97 -68.09 -68.19 -68.28 -68.38 -68.47 -68.53 -68.59 -68.66 -68.72 -68.81 -68.91 -69.03 -69.16 -69.28 -69.44 -69.56 -69.72 -69.84 -69.94 -70.06 -70.12 -70.19 -70.22 -70.25 -70.25 -70.25 -70.25 -70.38 -70.72 -71.09 -71.41 -71.72 -72.03 -72.28 -72.50 -72.72 -72.94 -73.16 -73.34 -73.53 -73.72 -73.88 -74.00 -74.09 -74.16 -74.19 -74.19 -74.16 -74.12 -74.12 -74.12 -74.16 -74.19 -74.22 -74.28
-66.38 -66.50 -66.62 -66.72 -66.81 -66.91 -66.97 -67.06 -67.19 -67.28 -67.41 -67.56 -67.69 -67.81 -67.94 -68.06 -68.19 -68.28 -68.38 -68.47 -68.56 -68.59 -68.66 -68.72 -68.81 -68.91 -69.00 -69.09 -69.22 -69.34 -69.47 -69.62 -69.75 -69.88 -70.00 -70.09 -70.19 -70.28 -70.31 -70.34 -70.38 -70.41 -70.47 -70.62 -70.88 -71.19 -71.47 -71.72 -72.00 -72.22 -72.47 -72.69 -72.91 -73.09 -73.31 -73.50 -73.69 -73.84 -73.97 -74.06 -74.09 -74.09 -74.06 -74.03 -74.03 -74.00 -74.00 -74.00 -74.03 -74.09 -74.16
-66.47 -66.59 -66.72 -66.81 -66.94 -67.03 -67.12 -67.22 -67.34 -67.44 -67.56 -67.69 -67.78 -67.91 -68.03 -68.12 -68.22 -68.34 -68.44 -68.53 -68.59 -68.66 -68.72 -68.78 -68.88 -68.97 -69.06 -69.16 -69.25 -69.38 -69.53 -69.66 -69.78 -69.91 -70.03 -70.12 -70.22 -70.31 -70.38 -70.44 -70.50 -70.56 -70.66 -70.84 -71.06 -71.31 -71.53 -71.78 -71.97 -72.19 -72.41 -72.66 -72.88 -73.06 -73.28 -73.47 -73.66 -73.81 -73.91 -73.97 -74.00 -74.00 -73.97 -73.94 -73.91 -73.88 -73.88 -73.88 -73.91 -73.97 -74.03
