everonasctiles/Tile[49,39].asc
ncols 128
nrows 128
xllcorner 0
yllcorner 0
cellsize 2.0
NODATA_value  -9999
[rows 87 to 115 of 128, columns 0 to 66 of 128]
-100.44 -100.56 -100.69 -100.78 -100.84 -100.91 -100.97 -101.03 -101.09 -101.12 -101.12 -101.12 -101.12 -101.16 -101.19 -101.22 -101.28 -101.38 -101.47 -101.56 -101.66 -101.78 -101.94 -102.09 -102.31 -102.50 -102.75 -102.97 -103.25 -103.53 -103.84 -104.16 -104.53 -104.91 -105.28 -105.66 -106.00 -106.31 -106.62 -106.88 -107.12 -107.31 -107.53 -107.72 -107.88 -108.00 -108.12 -108.25 -108.34 -108.41 -108.47 -108.50 -108.53 -108.53 -108.56 -108.56 -108.56 -108.53 -108.53 -108.53 -108.56 -108.56 -108.59 -108.62 -108.66 -108.69 -108.72
-100.31 -100.47 -100.59 -100.69 -100.78 -100.84 -100.91 -100.97 -101.00 -101.03 -101.03 -101.03 -101.00 -101.03 -101.03 -101.09 -101.16 -101.25 -101.34 -101.47 -101.56 -101.72 -101.88 -102.03 -102.22 -102.44 -102.69 -102.94 -103.22 -103.50 -103.84 -104.19 -104.56 -104.97 -105.34 -105.72 -106.06 -106.41 -106.72 -106.97 -107.22 -107.44 -107.62 -107.81 -107.97 -108.09 -108.19 -108.31 -108.38 -108.47 -108.50 -108.56 -108.59 -108.59 -108.62 -108.62 -108.62 -108.59 -108.59 -108.59 -108.59 -108.62 -108.66 -108.66 -108.69 -108.72 -108.75
-100.22 -100.34 -100.47 -100.59 -100.69 -100.75 -100.81 -100.88 -100.88 -100.91 -100.88 -100.88 -100.88 -100.88 -100.91 -100.94 -101.03 -101.12 -101.25 -101.34 -101.50 -101.62 -101.78 -101.97 -102.16 -102.38 -102.62 -102.91 -103.19 -103.53 -103.88 -104.28 -104.66 -105.03 -105.44 -105.81 -106.16 -106.50 -106.81 -107.09 -107.31 -107.53 -107.72 -107.88 -108.03 -108.16 -108.28 -108.38 -108.44 -108.50 -108.56 -108.59 -108.62 -108.66 -108.66 -108.69 -108.66 -108.66 -108.66 -108.66 -108.62 -108.66 -108.66 -108.69 -108.72 -108.75 -108.78
-100.09 -100.25 -100.34 -100.47 -100.53 -100.62 -100.69 -100.72 -100.75 -100.75 -100.72 -100.72 -100.72 -100.72 -100.75 -100.81 -100.91 -101.00 -101.16 -101.28 -101.44 -101.56 -101.75 -101.94 -102.12 -102.34 -102.62 -102.91 -103.22 -103.59 -103.97 -104.34 -104.75 -105.16 -105.53 -105.91 -106.28 -106.59 -106.91 -107.19 -107.44 -107.66 -107.81 -107.97 -108.12 -108.22 -108.34 -108.44 -108.50 -108.56 -108.62 -108.66 -108.69 -108.69 -108.72 -108.72 -108.72 -108.72 -108.69 -108.69 -108.66 -108.66 -108.69 -108.72 -108.75 -108.78 -108.78
-99.97 -100.09 -100.22 -100.31 -100.38 -100.47 -100.50 -100.56 -100.56 -100.56 -100.56 -100.53 -100.53 -100.56 -100.59 -100.69 -100.78 -100.94 -101.06 -101.22 -101.41 -101.56 -101.75 -101.94 -102.16 -102.41 -102.69 -102.97 -103.31 -103.66 -104.03 -104.44 -104.84 -105.22 -105.62 -106.00 -106.38 -106.69 -107.03 -107.31 -107.56 -107.75 -107.94 -108.06 -108.19 -108.31 -108.41 -108.50 -108.56 -108.62 -108.66 -108.69 -108.72 -108.75 -108.75 -108.75 -108.75 -108.75 -108.75 -108.72 -108.69 -108.69 -108.69 -108.72 -108.75 -108.78 -108.78
-99.84 -99.97 -100.06 -100.12 -100.22 -100.28 -100.31 -100.38 -100.41 -100.41 -100.38 -100.38 -100.38 -100.41 -100.47 -100.56 -100.72 -100.88 -101.06 -101.25 -101.44 -101.62 -101.81 -102.06 -102.31 -102.56 -102.84 -103.16 -103.47 -103.81 -104.16 -104.56 -104.94 -105.34 -105.72 -106.09 -106.47 -106.81 -107.12 -107.41 -107.66 -107.88 -108.03 -108.16 -108.28 -108.38 -108.47 -108.56 -108.62 -108.66 -108.72 -108.75 -108.75 -108.78 -108.78 -108.78 -108.78 -108.78 -108.78 -108.75 -108.72 -108.72 -108.72 -108.72 -108.75 -108.78 -108.78
-99.69 -99.81 -99.88 -99.97 -100.03 -100.09 -100.16 -100.19 -100.22 -100.25 -100.25 -100.25 -100.25 -100.28 -100.34 -100.50 -100.72 -100.91 -101.12 -101.31 -101.53 -101.75 -101.97 -102.22 -102.47 -102.75 -103.03 -103.34 -103.66 -103.97 -104.34 -104.72 -105.09 -105.47 -105.84 -106.22 -106.59 -106.94 -107.25 -107.53 -107.78 -108.00 -108.16 -108.28 -108.38 -108.47 -108.56 -108.62 -108.69 -108.72 -108.75 -108.78 -108.78 -108.81 -108.81 -108.81 -108.81 -108.81 -108.78 -108.75 -108.72 -108.72 -108.72 -108.75 -108.75 -108.75 -108.75
-99.53 -99.62 -99.72 -99.81 -99.88 -99.94 -100.00 -100.03 -100.06 -100.09 -100.12 -100.12 -100.16 -100.19 -100.31 -100.50 -100.75 -101.00 -101.22 -101.47 -101.69 -101.91 -102.16 -102.41 -102.69 -102.97 -103.25 -103.53 -103.84 -104.19 -104.53 -104.88 -105.25 -105.62 -106.00 -106.38 -106.72 -107.06 -107.38 -107.66 -107.91 -108.09 -108.28 -108.41 -108.50 -108.56 -108.62 -108.69 -108.75 -108.78 -108.81 -108.81 -108.81 -108.81 -108.81 -108.81 -108.81 -108.81 -108.78 -108.78 -108.75 -108.72 -108.72 -108.75 -108.75 -108.75 -108.75
-99.41 -99.50 -99.59 -99.69 -99.75 -99.81 -99.88 -99.91 -99.97 -100.00 -100.03 -100.06 -100.12 -100.22 -100.38 -100.59 -100.84 -101.09 -101.38 -101.62 -101.88 -102.12 -102.38 -102.62 -102.91 -103.19 -103.47 -103.75 -104.06 -104.38 -104.69 -105.03 -105.41 -105.75 -106.12 -106.50 -106.84 -107.19 -107.50 -107.75 -108.00 -108.19 -108.38 -108.50 -108.59 -108.66 -108.72 -108.75 -108.78 -108.81 -108.84 -108.84 -108.84 -108.84 -108.81 -108.81 -108.81 -108.81 -108.81 -108.78 -108.75 -108.75 -108.75 -108.75 -108.75 -108.72 -108.72
-99.28 -99.41 -99.50 -99.59 -99.66 -99.72 -99.78 -99.81 -99.88 -99.91 -100.00 -100.12 -100.25 -100.38 -100.53 -100.72 -100.97 -101.25 -101.53 -101.84 -102.09 -102.38 -102.59 -102.88 -103.12 -103.41 -103.69 -103.94 -104.25 -104.53 -104.84 -105.19 -105.53 -105.88 -106.22 -106.59 -106.94 -107.28 -107.56 -107.84 -108.09 -108.28 -108.44 -108.56 -108.66 -108.72 -108.78 -108.81 -108.84 -108.84 -108.84 -108.84 -108.84 -108.84 -108.81 -108.81 -108.81 -108.81 -108.81 -108.78 -108.75 -108.75 -108.75 -108.75 -108.75 -108.72 -108.69
-99.34 -99.50 -99.62 -99.72 -99.81 -99.88 -99.91 -99.94 -99.97 -100.03 -100.16 -100.28 -100.41 -100.53 -100.69 -100.91 -101.12 -101.41 -101.72 -102.03 -102.34 -102.62 -102.88 -103.12 -103.38 -103.62 -103.91 -104.16 -104.44 -104.72 -105.00 -105.31 -105.62 -105.97 -106.31 -106.66 -107.00 -107.31 -107.62 -107.91 -108.12 -108.34 -108.50 -108.62 -108.72 -108.78 -108.81 -108.84 -108.84 -108.88 -108.88 -108.84 -108.84 -108.81 -108.81 -108.81 -108.81 -108.81 -108.81 -108.78 -108.78 -108.75 -108.75 -108.75 -108.72 -108.69 -108.66
-99.59 -99.72 -99.84 -99.91 -99.97 -100.03 -100.09 -100.12 -100.19 -100.22 -100.31 -100.44 -100.59 -100.75 -100.88 -101.09 -101.31 -101.62 -101.94 -102.25 -102.59 -102.88 -103.12 -103.38 -103.62 -103.88 -104.12 -104.38 -104.66 -104.91 -105.16 -105.44 -105.75 -106.06 -106.41 -106.72 -107.06 -107.38 -107.69 -107.94 -108.19 -108.38 -108.53 -108.66 -108.75 -108.78 -108.84 -108.84 -108.88 -108.88 -108.84 -108.84 -108.84 -108.81 -108.81 -108.81 -108.81 -108.81 -108.81 -108.81 -108.78 -108.78 -108.75 -108.75 -108.72 -108.69 -108.62
-99.88 -99.97 -100.06 -100.12 -100.19 -100.25 -100.28 -100.34 -100.38 -100.44 -100.53 -100.66 -100.78 -100.94 -101.09 -101.28 -101.53 -101.81 -102.12 -102.47 -102.81 -103.12 -103.41 -103.66 -103.91 -104.16 -104.41 -104.62 -104.88 -105.09 -105.34 -105.59 -105.84 -106.16 -106.47 -106.81 -107.12 -107.44 -107.72 -107.97 -108.19 -108.41 -108.53 -108.66 -108.75 -108.81 -108.84 -108.84 -108.84 -108.84 -108.84 -108.81 -108.81 -108.81 -108.81 -108.81 -108.81 -108.81 -108.81 -108.78 -108.78 -108.78 -108.75 -108.72 -108.69 -108.66 -108.59
-100.16 -100.25 -100.31 -100.38 -100.44 -100.47 -100.53 -100.56 -100.62 -100.69 -100.75 -100.88 -101.03 -101.16 -101.31 -101.50 -101.72 -102.00 -102.34 -102.69 -103.03 -103.34 -103.66 -103.94 -104.19 -104.44 -104.66 -104.91 -105.12 -105.34 -105.56 -105.78 -106.00 -106.28 -106.56 -106.88 -107.19 -107.47 -107.75 -108.00 -108.22 -108.41 -108.56 -108.66 -108.75 -108.81 -108.84 -108.84 -108.84 -108.84 -108.81 -108.81 -108.81 -108.81 -108.81 -108.81 -108.81 -108.81 -108.81 -108.78 -108.78 -108.75 -108.75 -108.72 -108.69 -108.62 -108.56
-100.44 -100.53 -100.59 -100.62 -100.69 -100.72 -100.78 -100.81 -100.88 -100.94 -101.03 -101.12 -101.28 -101.41 -101.56 -101.72 -101.94 -102.22 -102.53 -102.88 -103.22 -103.56 -103.91 -104.22 -104.47 -104.72 -104.97 -105.19 -105.41 -105.62 -105.84 -106.03 -106.22 -106.44 -106.69 -106.97 -107.22 -107.50 -107.75 -108.00 -108.22 -108.41 -108.53 -108.66 -108.75 -108.81 -108.81 -108.84 -108.81 -108.81 -108.78 -108.78 -108.78 -108.78 -108.78 -108.78 -108.78 -108.78 -108.78 -108.78 -108.75 -108.75 -108.72 -108.69 -108.62 -108.56 -108.50
-100.72 -100.81 -100.84 -100.91 -100.94 -100.97 -101.03 -101.06 -101.16 -101.22 -101.31 -101.41 -101.53 -101.69 -101.84 -102.00 -102.19 -102.44 -102.75 -103.09 -103.44 -103.78 -104.16 -104.47 -104.75 -105.03 -105.25 -105.50 -105.69 -105.91 -106.09 -106.28 -106.47 -106.66 -106.88 -107.09 -107.31 -107.56 -107.81 -108.03 -108.22 -108.41 -108.53 -108.66 -108.72 -108.78 -108.81 -108.81 -108.78 -108.78 -108.78 -108.75 -108.75 -108.75 -108.75 -108.75 -108.75 -108.75 -108.75 -108.75 -108.75 -108.72 -108.69 -108.66 -108.59 -108.53 -108.44
-101.00 -101.06 -101.09 -101.16 -101.19 -101.22 -101.25 -101.31 -101.41 -101.47 -101.56 -101.69 -101.81 -101.97 -102.12 -102.28 -102.50 -102.75 -103.03 -103.38 -103.69 -104.03 -104.41 -104.75 -105.03 -105.31 -105.56 -105.81 -106.00 -106.19 -106.38 -106.56 -106.72 -106.91 -107.06 -107.25 -107.47 -107.66 -107.88 -108.06 -108.25 -108.41 -108.53 -108.62 -108.69 -108.75 -108.75 -108.75 -108.75 -108.75 -108.72 -108.72 -108.72 -108.72 -108.72 -108.72 -108.69 -108.69 -108.69 -108.69 -108.69 -108.69 -108.66 -108.59 -108.56 -108.47 -108.38
-101.22 -101.28 -101.31 -101.38 -101.41 -101.44 -101.50 -101.56 -101.62 -101.72 -101.81 -101.94 -102.06 -102.22 -102.41 -102.59 -102.78 -103.03 -103.34 -103.66 -103.97 -104.31 -104.66 -105.00 -105.31 -105.62 -105.88 -106.09 -106.28 -106.47 -106.66 -106.81 -106.97 -107.12 -107.28 -107.44 -107.62 -107.78 -107.94 -108.12 -108.28 -108.41 -108.53 -108.59 -108.66 -108.69 -108.72 -108.72 -108.72 -108.72 -108.72 -108.69 -108.69 -108.66 -108.66 -108.66 -108.62 -108.62 -108.66 -108.66 -108.66 -108.62 -108.59 -108.56 -108.50 -108.41 -108.31
-101.41 -101.47 -101.50 -101.56 -101.59 -101.62 -101.69 -101.75 -101.84 -101.94 -102.03 -102.16 -102.31 -102.47 -102.66 -102.84 -103.09 -103.34 -103.62 -103.94 -104.25 -104.59 -104.94 -105.25 -105.56 -105.88 -106.12 -106.38 -106.56 -106.75 -106.91 -107.06 -107.22 -107.34 -107.50 -107.62 -107.78 -107.91 -108.03 -108.19 -108.31 -108.41 -108.50 -108.56 -108.62 -108.66 -108.69 -108.69 -108.69 -108.69 -108.69 -108.66 -108.62 -108.62 -108.59 -108.56 -108.56 -108.56 -108.56 -108.59 -108.56 -108.56 -108.50 -108.47 -108.41 -108.34 -108.22
-101.53 -101.59 -101.66 -101.69 -101.72 -101.78 -101.84 -101.91 -102.00 -102.12 -102.22 -102.38 -102.50 -102.69 -102.88 -103.09 -103.31 -103.59 -103.88 -104.19 -104.50 -104.84 -105.16 -105.50 -105.81 -106.09 -106.38 -106.59 -106.78 -106.97 -107.12 -107.25 -107.41 -107.53 -107.66 -107.78 -107.91 -108.00 -108.12 -108.22 -108.34 -108.41 -108.50 -108.53 -108.59 -108.62 -108.62 -108.66 -108.66 -108.66 -108.66 -108.62 -108.59 -108.56 -108.53 -108.50 -108.50 -108.50 -108.50 -108.50 -108.50 -108.47 -108.44 -108.38 -108.31 -108.25 -108.12
-101.62 -101.69 -101.75 -101.78 -101.84 -101.88 -101.94 -102.03 -102.12 -102.25 -102.38 -102.50 -102.66 -102.81 -103.03 -103.25 -103.50 -103.78 -104.09 -104.41 -104.72 -105.03 -105.38 -105.69 -105.97 -106.28 -106.53 -106.75 -106.97 -107.12 -107.28 -107.41 -107.53 -107.66 -107.75 -107.88 -107.97 -108.06 -108.16 -108.25 -108.34 -108.41 -108.44 -108.50 -108.53 -108.56 -108.59 -108.59 -108.62 -108.62 -108.62 -108.59 -108.56 -108.53 -108.47 -108.44 -108.44 -108.44 -108.44 -108.44 -108.41 -108.38 -108.31 -108.28 -108.22 -108.12 -108.03
-101.69 -101.75 -101.81 -101.84 -101.91 -101.94 -102.03 -102.09 -102.22 -102.31 -102.44 -102.59 -102.72 -102.91 -103.09 -103.34 -103.59 -103.91 -104.22 -104.53 -104.84 -105.16 -105.47 -105.78 -106.09 -106.38 -106.62 -106.84 -107.03 -107.22 -107.34 -107.47 -107.59 -107.69 -107.78 -107.91 -108.00 -108.06 -108.16 -108.22 -108.28 -108.34 -108.41 -108.44 -108.47 -108.50 -108.53 -108.53 -108.56 -108.56 -108.56 -108.56 -108.53 -108.47 -108.44 -108.41 -108.38 -108.38 -108.38 -108.34 -108.31 -108.28 -108.22 -108.19 -108.09 -108.03 -107.94
-101.72 -101.78 -101.81 -101.88 -101.94 -102.00 -102.06 -102.16 -102.25 -102.34 -102.47 -102.62 -102.75 -102.94 -103.12 -103.34 -103.59 -103.91 -104.22 -104.53 -104.88 -105.16 -105.47 -105.78 -106.09 -106.38 -106.62 -106.84 -107.03 -107.19 -107.31 -107.44 -107.56 -107.66 -107.75 -107.84 -107.94 -108.03 -108.09 -108.16 -108.22 -108.28 -108.34 -108.38 -108.41 -108.44 -108.47 -108.50 -108.50 -108.53 -108.53 -108.50 -108.50 -108.44 -108.41 -108.38 -108.34 -108.31 -108.31 -108.28 -108.22 -108.19 -108.12 -108.06 -108.00 -107.91 -107.81
-101.72 -101.78 -101.84 -101.91 -101.97 -102.03 -102.09 -102.19 -102.25 -102.38 -102.47 -102.59 -102.75 -102.91 -103.06 -103.28 -103.53 -103.81 -104.12 -104.44 -104.75 -105.06 -105.38 -105.72 -106.03 -106.31 -106.56 -106.75 -106.94 -107.09 -107.22 -107.34 -107.44 -107.56 -107.66 -107.75 -107.84 -107.94 -108.00 -108.06 -108.16 -108.19 -108.25 -108.31 -108.34 -108.38 -108.41 -108.44 -108.44 -108.47 -108.47 -108.47 -108.44 -108.41 -108.38 -108.34 -108.28 -108.25 -108.22 -108.19 -108.16 -108.09 -108.03 -107.97 -107.91 -107.81 -107.69
-101.72 -101.78 -101.84 -101.91 -101.97 -102.03 -102.09 -102.19 -102.25 -102.34 -102.44 -102.56 -102.69 -102.81 -103.00 -103.19 -103.41 -103.69 -103.97 -104.28 -104.56 -104.91 -105.25 -105.56 -105.88 -106.16 -106.41 -106.59 -106.78 -106.94 -107.06 -107.19 -107.31 -107.41 -107.53 -107.62 -107.72 -107.81 -107.91 -107.97 -108.06 -108.12 -108.19 -108.22 -108.28 -108.31 -108.34 -108.34 -108.38 -108.41 -108.41 -108.41 -108.41 -108.38 -108.34 -108.28 -108.25 -108.22 -108.16 -108.12 -108.06 -108.03 -107.94 -107.88 -107.78 -107.69 -107.56
-101.72 -101.78 -101.84 -101.91 -101.97 -102.03 -102.09 -102.16 -102.25 -102.31 -102.41 -102.50 -102.62 -102.75 -102.88 -103.06 -103.25 -103.50 -103.78 -104.06 -104.38 -104.72 -105.06 -105.41 -105.72 -105.97 -106.22 -106.41 -106.56 -106.72 -106.88 -107.00 -107.12 -107.25 -107.38 -107.47 -107.56 -107.69 -107.78 -107.88 -107.94 -108.03 -108.09 -108.16 -108.19 -108.22 -108.25 -108.28 -108.31 -108.34 -108.34 -108.34 -108.34 -108.31 -108.28 -108.25 -108.19 -108.16 -108.09 -108.03 -108.00 -107.94 -107.84 -107.78 -107.69 -107.56 -107.44
-101.69 -101.75 -101.81 -101.88 -101.94 -102.00 -102.06 -102.12 -102.22 -102.28 -102.34 -102.44 -102.53 -102.62 -102.75 -102.91 -103.09 -103.31 -103.56 -103.84 -104.16 -104.50 -104.88 -105.19 -105.50 -105.75 -105.97 -106.19 -106.34 -106.50 -106.66 -106.81 -106.94 -107.06 -107.19 -107.31 -107.44 -107.56 -107.66 -107.75 -107.84 -107.94 -108.00 -108.06 -108.09 -108.16 -108.19 -108.22 -108.25 -108.28 -108.28 -108.28 -108.28 -108.28 -108.25 -108.19 -108.16 -108.09 -108.03 -107.97 -107.91 -107.84 -107.75 -107.69 -107.56 -107.47 -107.34
-101.66 -101.72 -101.78 -101.88 -101.94 -102.00 -102.03 -102.09 -102.16 -102.22 -102.28 -102.34 -102.44 -102.50 -102.62 -102.75 -102.91 -103.09 -103.31 -103.62 -103.97 -104.31 -104.66 -104.97 -105.25 -105.53 -105.75 -105.94 -106.12 -106.28 -106.44 -106.59 -106.75 -106.91 -107.03 -107.19 -107.31 -107.44 -107.56 -107.66 -107.78 -107.84 -107.94 -108.00 -108.06 -108.09 -108.12 -108.16 -108.19 -108.22 -108.22 -108.25 -108.25 -108.22 -108.19 -108.16 -108.12 -108.06 -108.00 -107.91 -107.84 -107.75 -107.66 -107.59 -107.47 -107.38 -107.25
-101.66 -101.69 -101.78 -101.84 -101.91 -101.97 -102.00 -102.06 -102.09 -102.12 -102.19 -102.25 -102.31 -102.41 -102.50 -102.59 -102.75 -102.91 -103.12 -103.44 -103.78 -104.12 -104.47 -104.75 -105.03 -105.28 -105.50 -105.72 -105.91 -106.09 -106.25 -106.44 -106.59 -106.75 -106.91 -107.06 -107.19 -107.34 -107.47 -107.59 -107.72 -107.81 -107.88 -107.94 -108.00 -108.06 -108.09 -108.12 -108.16 -108.19 -108.19 -108.19 -108.19 -108.19 -108.16 -108.12 -108.09 -108.03 -107.97 -107.88 -107.81 -107.69 -107.59 -107.50 -107.41 -107.31 -107.16
