everonasctiles/Tile[12,22].asc
ncols 128
nrows 128
xllcorner 0
yllcorner 0
cellsize 2.0
NODATA_value  -9999
[rows 96 to 127 of 128, columns 0 to 70 of 128]
130.97 131.03 131.06 131.16 131.25 131.34 131.56 131.81 132.09 132.38 132.78 133.38 134.34 135.16 135.47 135.38 135.31 135.28 135.25 135.22 135.16 135.12 135.09 135.09 135.06 135.03 135.03 135.03 135.06 135.09 135.16 135.19 135.28 135.38 135.47 135.59 135.69 135.97 135.97 135.94 136.12 136.38 136.50 136.66 136.81 136.97 137.16 137.31 137.47 137.69 137.88 138.03 138.22 138.34 138.50 138.66 138.78 138.94 139.06 139.22 139.34 139.50 139.62 139.78 139.94 140.09 140.25 140.41 140.59 140.75 140.94
130.94 130.97 131.03 131.09 131.19 131.28 131.47 131.72 132.00 132.31 132.66 133.19 134.09 135.00 135.47 135.38 135.31 135.25 135.22 135.19 135.12 135.09 135.06 135.03 135.00 135.00 134.97 134.97 135.00 135.03 135.06 135.09 135.19 135.25 135.34 135.47 135.56 135.81 135.88 135.84 135.91 136.19 136.34 136.50 136.66 136.81 136.97 137.12 137.31 137.50 137.69 137.88 138.03 138.19 138.34 138.47 138.62 138.75 138.91 139.03 139.16 139.31 139.47 139.59 139.75 139.91 140.06 140.22 140.38 140.53 140.72
130.91 130.94 131.00 131.06 131.12 131.22 131.38 131.62 131.91 132.22 132.53 133.00 133.81 134.72 135.41 135.34 135.28 135.25 135.19 135.16 135.09 135.06 135.03 135.00 134.97 134.94 134.94 134.91 134.94 134.94 134.97 135.00 135.06 135.16 135.25 135.34 135.47 135.59 135.81 135.78 135.75 136.06 136.19 136.34 136.50 136.66 136.81 136.97 137.16 137.34 137.53 137.72 137.88 138.00 138.16 138.28 138.44 138.56 138.72 138.84 139.00 139.12 139.28 139.41 139.56 139.69 139.84 140.00 140.16 140.31 140.47
130.88 130.91 130.97 131.00 131.09 131.16 131.28 131.53 131.81 132.12 132.41 132.84 133.50 134.38 135.16 135.28 135.25 135.19 135.16 135.09 135.06 135.00 134.97 134.94 134.91 134.88 134.88 134.84 134.84 134.88 134.88 134.94 134.97 135.06 135.16 135.25 135.34 135.44 135.72 135.69 135.69 135.84 136.06 136.19 136.34 136.47 136.66 136.81 137.00 137.19 137.34 137.53 137.69 137.81 137.97 138.12 138.25 138.38 138.53 138.66 138.81 138.94 139.09 139.22 139.38 139.50 139.66 139.81 139.94 140.09 140.25
130.84 130.88 130.94 130.97 131.03 131.09 131.22 131.44 131.72 132.00 132.31 132.66 133.19 134.03 134.88 135.19 135.19 135.16 135.12 135.06 135.00 134.97 134.91 134.88 134.84 134.81 134.81 134.78 134.78 134.78 134.81 134.84 134.88 134.97 135.03 135.12 135.25 135.34 135.56 135.62 135.62 135.69 135.94 136.09 136.22 136.34 136.53 136.69 136.81 137.00 137.19 137.34 137.50 137.66 137.78 137.94 138.06 138.19 138.34 138.47 138.62 138.75 138.88 139.03 139.16 139.31 139.44 139.59 139.72 139.88 140.00
130.81 130.84 130.88 130.94 130.97 131.06 131.16 131.34 131.62 131.91 132.22 132.53 132.97 133.72 134.53 135.12 135.12 135.09 135.06 135.00 134.94 134.91 134.84 134.81 134.78 134.75 134.72 134.72 134.72 134.72 134.72 134.75 134.81 134.88 134.94 135.03 135.16 135.25 135.41 135.56 135.56 135.53 135.81 135.94 136.09 136.25 136.41 136.53 136.69 136.88 137.03 137.19 137.31 137.47 137.59 137.72 137.88 138.00 138.16 138.28 138.44 138.56 138.69 138.84 138.97 139.12 139.25 139.38 139.53 139.66 139.78
130.78 130.81 130.84 130.91 130.94 131.00 131.09 131.28 131.53 131.84 132.12 132.44 132.81 133.50 134.28 135.03 135.00 135.00 134.97 134.91 134.88 134.81 134.78 134.75 134.72 134.69 134.66 134.66 134.62 134.62 134.66 134.66 134.72 134.78 134.84 134.94 135.06 135.16 135.25 135.50 135.50 135.47 135.72 135.88 136.00 136.16 136.28 136.41 136.53 136.72 136.84 137.00 137.12 137.28 137.41 137.53 137.69 137.81 137.97 138.09 138.25 138.38 138.50 138.66 138.78 138.91 139.06 139.19 139.31 139.44 139.56
130.75 130.78 130.81 130.88 130.91 130.97 131.06 131.19 131.47 131.75 132.06 132.38 132.69 133.25 134.06 134.81 134.88 134.88 134.88 134.81 134.78 134.75 134.72 134.69 134.66 134.62 134.59 134.59 134.56 134.56 134.56 134.59 134.62 134.69 134.75 134.84 134.97 135.06 135.19 135.41 135.44 135.44 135.56 135.81 135.94 136.09 136.22 136.34 136.44 136.56 136.69 136.81 136.94 137.06 137.22 137.34 137.50 137.62 137.78 137.91 138.06 138.19 138.31 138.47 138.59 138.72 138.84 139.00 139.12 139.22 139.34
130.72 130.75 130.78 130.84 130.88 130.94 131.03 131.16 131.41 131.69 132.00 132.31 132.59 133.06 133.84 134.53 134.66 134.72 134.72 134.72 134.69 134.66 134.62 134.59 134.59 134.56 134.53 134.53 134.50 134.50 134.50 134.53 134.56 134.59 134.69 134.78 134.88 134.97 135.09 135.28 135.41 135.38 135.44 135.72 135.88 136.03 136.16 136.25 136.34 136.44 136.53 136.66 136.75 136.88 137.03 137.16 137.31 137.44 137.59 137.72 137.88 138.00 138.16 138.28 138.41 138.53 138.66 138.78 138.91 139.03 139.16
130.72 130.75 130.78 130.81 130.84 130.91 131.00 131.12 131.38 131.66 131.94 132.25 132.53 132.91 133.59 134.19 134.41 134.50 134.53 134.56 134.56 134.56 134.53 134.53 134.50 134.50 134.47 134.47 134.44 134.44 134.44 134.44 134.47 134.53 134.59 134.69 134.78 134.91 135.00 135.16 135.34 135.34 135.34 135.69 135.84 136.00 136.12 136.19 136.25 136.31 136.38 136.47 136.59 136.69 136.84 136.97 137.12 137.25 137.41 137.56 137.69 137.81 137.97 138.09 138.22 138.34 138.47 138.59 138.72 138.84 138.94
130.69 130.72 130.75 130.78 130.84 130.91 131.00 131.12 131.34 131.62 131.91 132.19 132.50 132.78 133.34 133.88 134.12 134.25 134.34 134.41 134.44 134.44 134.44 134.44 134.44 134.44 134.41 134.41 134.41 134.38 134.38 134.41 134.41 134.47 134.53 134.62 134.72 134.81 134.94 135.03 135.31 135.28 135.28 135.66 135.81 135.97 136.06 136.12 136.16 136.19 136.25 136.31 136.41 136.53 136.66 136.78 136.94 137.06 137.22 137.38 137.50 137.66 137.78 137.91 138.06 138.19 138.31 138.44 138.53 138.66 138.75
130.69 130.72 130.75 130.78 130.81 130.88 130.97 131.09 131.31 131.59 131.88 132.16 132.44 132.72 133.09 133.56 133.84 134.03 134.16 134.25 134.31 134.34 134.34 134.38 134.38 134.38 134.38 134.34 134.34 134.34 134.34 134.34 134.38 134.41 134.47 134.53 134.62 134.75 134.84 134.97 135.25 135.25 135.25 135.53 135.72 135.88 135.97 136.00 136.03 136.06 136.09 136.16 136.22 136.34 136.47 136.59 136.75 136.91 137.06 137.19 137.34 137.47 137.62 137.75 137.88 138.00 138.12 138.25 138.38 138.47 138.59
130.66 130.69 130.72 130.78 130.81 130.88 130.97 131.09 131.28 131.53 131.81 132.09 132.38 132.62 132.94 133.34 133.62 133.81 133.97 134.09 134.16 134.22 134.25 134.28 134.31 134.31 134.31 134.31 134.31 134.31 134.31 134.31 134.31 134.38 134.41 134.50 134.56 134.66 134.75 134.88 135.12 135.19 135.16 135.34 135.59 135.72 135.81 135.88 135.91 135.91 135.94 136.00 136.06 136.16 136.28 136.44 136.59 136.72 136.88 137.03 137.16 137.31 137.44 137.59 137.72 137.84 137.97 138.06 138.19 138.31 138.41
130.62 130.69 130.72 130.75 130.81 130.88 130.97 131.06 131.25 131.50 131.78 132.06 132.31 132.56 132.81 133.16 133.44 133.62 133.81 133.94 134.03 134.09 134.16 134.22 134.25 134.25 134.25 134.28 134.28 134.25 134.25 134.28 134.28 134.31 134.38 134.44 134.50 134.59 134.69 134.78 135.00 135.09 135.09 135.19 135.44 135.56 135.66 135.72 135.75 135.78 135.81 135.84 135.91 136.00 136.12 136.28 136.41 136.56 136.72 136.88 137.00 137.16 137.28 137.41 137.56 137.69 137.81 137.91 138.03 138.16 138.25
130.62 130.66 130.72 130.75 130.81 130.88 130.94 131.06 131.22 131.47 131.72 132.00 132.25 132.47 132.72 133.00 133.28 133.47 133.66 133.78 133.91 134.00 134.06 134.12 134.16 134.19 134.22 134.22 134.22 134.22 134.22 134.25 134.25 134.28 134.31 134.38 134.44 134.53 134.62 134.72 134.91 135.03 135.03 135.06 135.28 135.41 135.50 135.56 135.62 135.66 135.69 135.72 135.78 135.88 135.97 136.12 136.25 136.41 136.56 136.69 136.84 137.00 137.12 137.25 137.41 137.53 137.66 137.75 137.88 138.00 138.09
130.59 130.66 130.69 130.75 130.78 130.84 130.94 131.03 131.19 131.44 131.66 131.91 132.16 132.38 132.62 132.88 133.12 133.34 133.50 133.66 133.78 133.88 133.97 134.03 134.09 134.12 134.16 134.16 134.19 134.19 134.19 134.19 134.22 134.22 134.28 134.31 134.38 134.47 134.53 134.62 134.75 134.97 134.94 134.94 135.16 135.28 135.38 135.44 135.47 135.53 135.56 135.59 135.66 135.72 135.84 135.97 136.12 136.25 136.41 136.56 136.69 136.84 136.97 137.12 137.25 137.38 137.50 137.59 137.72 137.84 137.97
130.59 130.62 130.69 130.72 130.78 130.84 130.91 131.00 131.16 131.38 131.59 131.84 132.06 132.28 132.50 132.78 133.00 133.22 133.41 133.53 133.66 133.78 133.88 133.94 134.00 134.03 134.06 134.09 134.12 134.12 134.12 134.16 134.16 134.19 134.22 134.25 134.31 134.41 134.47 134.56 134.66 134.88 134.88 134.88 135.03 135.16 135.25 135.31 135.34 135.41 135.44 135.47 135.53 135.62 135.72 135.84 135.97 136.12 136.28 136.41 136.56 136.69 136.84 136.97 137.09 137.22 137.34 137.47 137.59 137.69 137.81
130.56 130.62 130.66 130.72 130.75 130.81 130.88 130.97 131.12 131.31 131.53 131.75 131.97 132.19 132.41 132.66 132.88 133.09 133.28 133.44 133.56 133.66 133.75 133.84 133.91 133.97 134.00 134.03 134.06 134.06 134.06 134.09 134.09 134.12 134.16 134.19 134.25 134.31 134.41 134.50 134.56 134.81 134.78 134.78 134.97 135.06 135.16 135.19 135.25 135.28 135.31 135.38 135.44 135.50 135.59 135.72 135.84 136.00 136.12 136.28 136.41 136.56 136.69 136.84 136.97 137.09 137.22 137.31 137.44 137.56 137.69
130.53 130.59 130.66 130.69 130.75 130.78 130.84 130.94 131.09 131.25 131.47 131.69 131.91 132.09 132.31 132.53 132.78 132.97 133.19 133.31 133.47 133.56 133.66 133.75 133.81 133.88 133.91 133.94 133.97 134.00 134.00 134.00 134.03 134.06 134.09 134.12 134.19 134.25 134.31 134.41 134.50 134.69 134.72 134.69 134.84 134.97 135.03 135.09 135.12 135.16 135.22 135.25 135.31 135.41 135.50 135.59 135.72 135.88 136.00 136.16 136.28 136.44 136.56 136.69 136.84 136.94 137.06 137.19 137.31 137.41 137.53
130.53 130.59 130.62 130.69 130.72 130.78 130.84 130.94 131.06 131.22 131.41 131.59 131.81 132.00 132.22 132.44 132.66 132.88 133.06 133.22 133.38 133.47 133.56 133.66 133.72 133.78 133.84 133.88 133.91 133.91 133.94 133.94 133.97 133.97 134.00 134.06 134.12 134.19 134.25 134.34 134.44 134.59 134.62 134.62 134.72 134.88 134.94 134.97 135.00 135.06 135.09 135.16 135.22 135.28 135.38 135.50 135.62 135.75 135.88 136.03 136.16 136.31 136.44 136.56 136.69 136.81 136.94 137.06 137.16 137.28 137.38
130.50 130.56 130.62 130.69 130.72 130.78 130.84 130.91 131.03 131.19 131.38 131.56 131.75 131.94 132.12 132.34 132.56 132.75 132.94 133.12 133.28 133.38 133.47 133.56 133.62 133.69 133.75 133.78 133.81 133.84 133.88 133.88 133.88 133.91 133.94 133.97 134.03 134.09 134.16 134.25 134.34 134.50 134.56 134.56 134.59 134.78 134.81 134.84 134.88 134.94 134.97 135.03 135.09 135.19 135.28 135.38 135.50 135.62 135.75 135.91 136.03 136.16 136.31 136.44 136.56 136.69 136.81 136.91 137.00 137.09 137.22
130.47 130.56 130.59 130.66 130.72 130.75 130.84 130.91 131.03 131.16 131.31 131.50 131.69 131.88 132.06 132.25 132.47 132.66 132.84 133.03 133.19 133.28 133.38 133.47 133.53 133.59 133.66 133.69 133.72 133.75 133.78 133.78 133.81 133.81 133.84 133.91 133.94 134.00 134.09 134.16 134.25 134.38 134.50 134.47 134.47 134.66 134.69 134.72 134.75 134.81 134.88 134.94 135.00 135.09 135.19 135.28 135.41 135.53 135.62 135.78 135.91 136.03 136.16 136.31 136.44 136.53 136.66 136.75 136.84 136.94 137.03
130.44 130.53 130.59 130.66 130.72 130.78 130.84 130.94 131.03 131.16 131.31 131.47 131.66 131.81 132.00 132.19 132.38 132.56 132.75 132.94 133.06 133.19 133.28 133.38 133.44 133.50 133.53 133.59 133.62 133.66 133.69 133.72 133.72 133.75 133.78 133.81 133.88 133.91 134.00 134.06 134.16 134.28 134.41 134.38 134.38 134.53 134.56 134.59 134.62 134.69 134.75 134.81 134.91 135.00 135.09 135.19 135.31 135.41 135.53 135.66 135.78 135.91 136.03 136.16 136.28 136.38 136.50 136.59 136.66 136.75 136.81
130.44 130.50 130.59 130.66 130.72 130.78 130.88 130.97 131.06 131.19 131.31 131.44 131.62 131.78 131.97 132.12 132.31 132.50 132.66 132.84 132.97 133.09 133.19 133.25 133.34 133.38 133.44 133.50 133.53 133.56 133.59 133.62 133.66 133.66 133.69 133.72 133.78 133.84 133.91 133.97 134.06 134.16 134.31 134.31 134.28 134.38 134.44 134.47 134.50 134.56 134.62 134.72 134.81 134.91 135.00 135.12 135.22 135.31 135.41 135.53 135.66 135.75 135.88 136.00 136.12 136.22 136.31 136.38 136.47 136.53 136.59
130.41 130.47 130.56 130.66 130.72 130.78 130.88 130.97 131.06 131.19 131.31 131.44 131.59 131.75 131.94 132.09 132.25 132.44 132.59 132.75 132.88 133.00 133.09 133.16 133.22 133.28 133.34 133.38 133.44 133.47 133.50 133.53 133.56 133.56 133.59 133.66 133.69 133.75 133.81 133.88 133.94 134.03 134.19 134.22 134.22 134.22 134.31 134.34 134.41 134.47 134.53 134.62 134.75 134.84 134.94 135.06 135.16 135.25 135.34 135.44 135.53 135.62 135.75 135.84 135.94 136.03 136.12 136.19 136.25 136.28 136.34
130.38 130.47 130.56 130.66 130.72 130.81 130.88 131.00 131.09 131.19 131.31 131.44 131.59 131.75 131.91 132.03 132.19 132.38 132.53 132.66 132.78 132.91 133.00 133.06 133.12 133.19 133.25 133.28 133.34 133.38 133.41 133.44 133.47 133.50 133.53 133.56 133.59 133.66 133.69 133.78 133.84 133.91 134.03 134.12 134.09 134.09 134.19 134.25 134.28 134.38 134.47 134.56 134.69 134.78 134.91 135.00 135.09 135.19 135.28 135.34 135.44 135.50 135.59 135.69 135.75 135.84 135.91 135.97 136.00 136.06 136.09
130.31 130.44 130.53 130.62 130.72 130.81 130.91 131.00 131.12 131.22 131.34 131.47 131.59 131.75 131.88 132.03 132.16 132.31 132.47 132.59 132.72 132.81 132.91 132.97 133.03 133.09 133.16 133.19 133.25 133.28 133.31 133.34 133.38 133.41 133.44 133.47 133.50 133.56 133.59 133.66 133.72 133.81 133.88 134.03 134.00 134.00 134.09 134.12 134.19 134.28 134.38 134.50 134.62 134.75 134.88 135.00 135.09 135.19 135.25 135.28 135.34 135.41 135.47 135.53 135.59 135.66 135.69 135.72 135.75 135.81 135.84
130.28 130.38 130.50 130.62 130.72 130.81 130.91 131.03 131.12 131.25 131.38 131.47 131.59 131.72 131.88 132.00 132.12 132.28 132.41 132.53 132.62 132.72 132.81 132.88 132.94 133.00 133.06 133.09 133.16 133.19 133.22 133.25 133.28 133.31 133.34 133.38 133.41 133.47 133.50 133.56 133.62 133.69 133.75 133.94 133.91 133.88 133.97 134.03 134.12 134.22 134.31 134.44 134.59 134.75 134.88 135.00 135.09 135.19 135.22 135.28 135.31 135.34 135.38 135.41 135.44 135.47 135.47 135.50 135.53 135.56 135.59
130.22 130.34 130.47 130.59 130.72 130.81 130.91 131.03 131.12 131.25 131.38 131.50 131.59 131.72 131.84 132.00 132.12 132.25 132.34 132.47 132.56 132.66 132.72 132.78 132.84 132.91 132.97 133.00 133.06 133.09 133.12 133.16 133.19 133.22 133.25 133.28 133.31 133.38 133.41 133.47 133.53 133.59 133.66 133.81 133.81 133.78 133.84 133.94 134.03 134.12 134.25 134.41 134.56 134.75 134.91 135.03 135.12 135.19 135.25 135.25 135.28 135.28 135.28 135.28 135.28 135.28 135.28 135.28 135.31 135.31 135.38
130.16 130.28 130.41 130.53 130.66 130.78 130.91 131.00 131.12 131.25 131.38 131.50 131.59 131.72 131.84 131.97 132.09 132.19 132.31 132.41 132.50 132.56 132.66 132.72 132.75 132.81 132.88 132.91 132.97 133.00 133.03 133.06 133.09 133.12 133.19 133.22 133.25 133.28 133.34 133.38 133.44 133.50 133.56 133.66 133.69 133.69 133.72 133.88 133.97 134.06 134.19 134.38 134.53 134.72 134.91 135.03 135.12 135.19 135.25 135.25 135.25 135.25 135.22 135.19 135.16 135.12 135.09 135.09 135.06 135.09 135.12
130.09 130.22 130.34 130.47 130.62 130.75 130.88 131.00 131.12 131.25 131.38 131.47 131.59 131.72 131.84 131.97 132.06 132.16 132.25 132.34 132.44 132.50 132.56 132.62 132.69 132.72 132.78 132.81 132.88 132.91 132.94 132.97 133.03 133.06 133.09 133.12 133.16 133.19 133.25 133.28 133.34 133.38 133.44 133.53 133.62 133.62 133.59 133.78 133.88 134.00 134.16 134.31 134.50 134.69 134.88 135.00 135.12 135.19 135.25 135.25 135.25 135.22 135.16 135.12 135.06 135.00 134.94 134.91 134.88 134.88 134.91
130.03 130.16 130.28 130.41 130.53 130.69 130.81 130.97 131.09 131.22 131.34 131.47 131.59 131.72 131.81 131.94 132.03 132.12 132.22 132.28 132.34 132.44 132.47 132.53 132.59 132.62 132.69 132.72 132.78 132.81 132.84 132.88 132.94 132.97 133.00 133.03 133.06 133.09 133.16 133.19 133.25 133.28 133.34 133.41 133.56 133.56 133.53 133.62 133.78 133.91 134.06 134.25 134.44 134.66 134.81 134.97 135.06 135.16 135.22 135.22 135.22 135.19 135.09 135.03 134.94 134.84 134.78 134.72 134.69 134.66 134.69
