everonasctiles/Tile6,20.asc
ncols 128
nrows 128
xllcorner 0
yllcorner 0
cellsize 2.0
NODATA_value  -9999
[rows 70 to 104 of 128, columns 0 to 78 of 128]
-1.84 -1.66 -1.50 -1.28 -1.12 -1.19 -1.28 -1.28 -1.19 -1.00 -0.78 -0.53 -0.25 0.00 0.22 0.44 0.59 0.72 0.75 0.88 1.09 1.38 1.72 2.28 2.97 3.69 4.41 5.09 5.66 6.09 6.53 7.06 7.59 8.03 8.38 8.69 8.94 9.16 9.34 9.53 9.66 9.84 10.00 10.16 10.28 10.38 10.47 10.47 10.47 10.38 10.28 10.19 10.12 10.06 10.03 10.03 10.12 10.31 10.62 11.00 11.47 11.97 12.62 13.38 14.16 14.94 15.69 16.41 17.09 17.78 18.41 19.03 19.66 20.41 21.25 22.16 23.09 24.00 24.88
-1.81 -1.69 -1.47 -1.22 -1.03 -1.06 -1.12 -1.12 -1.06 -0.84 -0.66 -0.44 -0.19 0.03 0.28 0.50 0.66 0.72 0.78 0.91 1.12 1.47 1.88 2.53 3.25 3.94 4.62 5.28 5.84 6.31 6.78 7.34 7.84 8.25 8.59 8.84 9.06 9.25 9.44 9.59 9.72 9.88 10.03 10.19 10.28 10.38 10.41 10.44 10.41 10.31 10.19 10.09 10.00 9.94 9.91 9.94 10.06 10.28 10.59 10.97 11.44 11.94 12.62 13.41 14.19 14.97 15.75 16.47 17.16 17.84 18.50 19.12 19.81 20.59 21.44 22.34 23.25 24.16 25.00
-1.62 -1.56 -1.41 -1.22 -1.09 -1.03 -1.00 -0.97 -0.78 -0.66 -0.53 -0.38 -0.12 0.09 0.38 0.56 0.72 0.75 0.78 0.91 1.19 1.56 2.09 2.78 3.53 4.25 4.94 5.59 6.09 6.56 7.03 7.56 8.03 8.44 8.75 8.97 9.19 9.34 9.50 9.59 9.75 9.88 10.00 10.16 10.25 10.31 10.34 10.34 10.28 10.19 10.06 9.94 9.84 9.81 9.78 9.81 9.97 10.22 10.56 10.97 11.44 11.94 12.66 13.44 14.25 15.03 15.81 16.56 17.28 17.97 18.62 19.31 20.03 20.84 21.69 22.56 23.47 24.34 25.16
-1.28 -1.28 -1.25 -1.22 -1.22 -1.16 -1.06 -0.91 -0.69 -0.56 -0.47 -0.31 -0.09 0.16 0.44 0.66 0.72 0.75 0.78 0.91 1.22 1.69 2.34 3.09 3.84 4.59 5.25 5.84 6.31 6.75 7.28 7.78 8.22 8.56 8.84 9.06 9.25 9.41 9.53 9.66 9.75 9.88 10.00 10.09 10.19 10.25 10.25 10.25 10.16 10.03 9.91 9.78 9.69 9.66 9.66 9.72 9.88 10.16 10.50 10.94 11.41 11.94 12.69 13.50 14.28 15.09 15.91 16.69 17.41 18.12 18.81 19.53 20.31 21.12 21.97 22.84 23.72 24.56 25.38
-0.97 -1.06 -1.12 -1.16 -1.22 -1.25 -1.12 -0.91 -0.72 -0.56 -0.44 -0.25 -0.03 0.22 0.53 0.69 0.72 0.75 0.78 0.91 1.25 1.91 2.69 3.50 4.25 4.97 5.59 6.09 6.50 6.97 7.47 7.94 8.34 8.66 8.88 9.09 9.25 9.41 9.56 9.69 9.78 9.88 9.97 10.03 10.09 10.16 10.16 10.09 10.00 9.88 9.72 9.59 9.53 9.50 9.53 9.62 9.81 10.09 10.44 10.88 11.41 11.94 12.72 13.53 14.38 15.19 16.03 16.81 17.59 18.34 19.06 19.84 20.62 21.44 22.31 23.16 24.00 24.84 25.62
-1.00 -1.03 -1.06 -1.06 -1.19 -1.25 -1.16 -0.94 -0.75 -0.59 -0.41 -0.19 0.03 0.25 0.62 0.72 0.72 0.75 0.78 0.94 1.34 2.19 3.09 3.94 4.69 5.34 5.91 6.31 6.69 7.16 7.66 8.06 8.41 8.69 8.91 9.09 9.22 9.38 9.53 9.66 9.78 9.88 9.94 10.00 10.03 10.03 10.03 9.94 9.84 9.69 9.56 9.44 9.38 9.38 9.44 9.53 9.72 10.00 10.38 10.84 11.38 11.97 12.75 13.59 14.47 15.31 16.19 17.00 17.81 18.59 19.34 20.16 20.97 21.81 22.66 23.50 24.34 25.12 25.91
-1.28 -1.19 -1.09 -1.06 -1.19 -1.22 -1.12 -0.97 -0.78 -0.59 -0.38 -0.12 0.09 0.31 0.69 0.72 0.72 0.75 0.78 0.94 1.53 2.50 3.47 4.28 5.00 5.66 6.16 6.53 6.88 7.31 7.75 8.12 8.41 8.69 8.88 9.06 9.19 9.34 9.50 9.62 9.75 9.84 9.91 9.94 9.94 9.94 9.88 9.81 9.69 9.53 9.41 9.28 9.25 9.25 9.31 9.44 9.66 9.94 10.31 10.81 11.34 12.00 12.81 13.69 14.56 15.47 16.34 17.22 18.06 18.88 19.69 20.53 21.38 22.19 23.06 23.88 24.69 25.47 26.22
-1.56 -1.38 -1.16 -1.09 -1.16 -1.19 -1.09 -0.94 -0.75 -0.53 -0.31 -0.06 0.16 0.38 0.72 0.72 0.72 0.75 0.81 1.00 1.84 2.84 3.78 4.56 5.25 5.88 6.34 6.66 7.00 7.41 7.78 8.12 8.41 8.62 8.84 9.00 9.12 9.31 9.47 9.59 9.72 9.81 9.84 9.84 9.81 9.81 9.75 9.66 9.53 9.41 9.25 9.16 9.09 9.12 9.22 9.34 9.56 9.88 10.28 10.78 11.34 12.06 12.88 13.78 14.69 15.62 16.56 17.47 18.34 19.22 20.06 20.94 21.78 22.62 23.47 24.31 25.09 25.84 26.56
-1.72 -1.47 -1.25 -1.12 -1.09 -1.09 -1.06 -0.91 -0.69 -0.47 -0.22 0.00 0.25 0.47 0.72 0.72 0.72 0.75 0.81 1.06 2.16 3.12 4.06 4.81 5.47 6.03 6.44 6.72 7.06 7.44 7.75 8.06 8.31 8.56 8.75 8.97 9.12 9.28 9.44 9.56 9.69 9.75 9.81 9.81 9.78 9.72 9.62 9.50 9.38 9.22 9.09 9.00 9.00 9.03 9.09 9.25 9.50 9.81 10.22 10.75 11.34 12.09 12.97 13.91 14.88 15.84 16.81 17.78 18.69 19.59 20.47 21.38 22.25 23.09 23.94 24.75 25.50 26.25 26.94
-1.75 -1.53 -1.31 -1.12 -1.03 -1.06 -1.06 -0.88 -0.66 -0.41 -0.16 0.09 0.34 0.66 0.72 0.72 0.72 0.75 0.84 1.56 2.44 3.38 4.25 5.00 5.59 6.09 6.44 6.72 7.03 7.38 7.69 8.00 8.25 8.47 8.69 8.88 9.09 9.28 9.44 9.56 9.66 9.72 9.75 9.75 9.69 9.59 9.47 9.34 9.22 9.09 8.97 8.88 8.88 8.91 9.00 9.16 9.41 9.75 10.19 10.72 11.34 12.19 13.09 14.06 15.06 16.06 17.09 18.12 19.09 20.03 20.94 21.84 22.72 23.56 24.41 25.19 25.94 26.66 27.34
-1.78 -1.59 -1.34 -1.06 -0.97 -1.16 -1.03 -0.84 -0.59 -0.34 -0.06 0.22 0.50 0.72 0.72 0.72 0.72 0.72 1.00 1.94 2.78 3.66 4.41 5.09 5.66 6.06 6.41 6.69 7.03 7.34 7.62 7.94 8.19 8.44 8.66 8.84 9.03 9.22 9.41 9.53 9.59 9.66 9.69 9.66 9.59 9.47 9.34 9.22 9.09 8.97 8.84 8.78 8.78 8.81 8.91 9.06 9.34 9.69 10.16 10.72 11.41 12.28 13.22 14.25 15.28 16.38 17.44 18.50 19.50 20.47 21.41 22.31 23.19 24.06 24.88 25.69 26.41 27.09 27.75
-1.78 -1.62 -1.44 -1.19 -1.12 -1.12 -0.94 -0.72 -0.50 -0.25 0.06 0.41 0.69 0.72 0.72 0.72 0.72 0.81 1.62 2.38 3.16 3.91 4.59 5.19 5.69 6.06 6.38 6.69 7.00 7.31 7.62 7.91 8.16 8.41 8.62 8.81 9.00 9.22 9.38 9.50 9.59 9.62 9.66 9.59 9.50 9.38 9.22 9.09 8.97 8.84 8.75 8.69 8.69 8.72 8.81 9.00 9.28 9.66 10.16 10.78 11.50 12.41 13.41 14.47 15.56 16.69 17.81 18.91 19.94 20.97 21.91 22.84 23.72 24.56 25.41 26.16 26.88 27.56 28.19
-1.62 -1.59 -1.50 -1.31 -1.22 -1.03 -0.78 -0.53 -0.31 0.00 0.31 0.56 0.72 0.72 0.72 0.72 0.94 1.44 2.06 2.75 3.47 4.12 4.75 5.31 5.78 6.16 6.44 6.75 7.03 7.34 7.62 7.91 8.19 8.41 8.62 8.78 9.00 9.19 9.38 9.50 9.56 9.59 9.59 9.53 9.41 9.25 9.12 9.00 8.88 8.75 8.66 8.62 8.62 8.66 8.75 8.94 9.22 9.62 10.19 10.84 11.62 12.56 13.59 14.72 15.88 17.06 18.25 19.38 20.44 21.47 22.41 23.34 24.25 25.09 25.91 26.66 27.38 28.03 28.62
-0.97 -1.38 -1.38 -1.25 -1.06 -0.84 -0.56 -0.31 -0.03 0.25 0.53 0.69 0.72 0.72 0.72 1.06 1.50 1.91 2.47 3.09 3.78 4.38 4.94 5.47 5.94 6.31 6.62 6.91 7.19 7.47 7.75 8.00 8.25 8.47 8.66 8.84 9.03 9.22 9.41 9.53 9.56 9.56 9.53 9.44 9.28 9.12 9.00 8.88 8.78 8.69 8.59 8.56 8.56 8.62 8.75 8.97 9.25 9.66 10.22 10.97 11.78 12.78 13.84 15.00 16.22 17.50 18.69 19.84 20.94 21.97 22.97 23.91 24.78 25.62 26.44 27.16 27.84 28.50 29.06
-0.94 -1.19 -1.28 -1.12 -0.88 -0.59 -0.28 0.00 0.31 0.59 0.78 0.84 0.72 0.81 1.41 1.81 2.12 2.44 2.88 3.47 4.16 4.69 5.22 5.72 6.16 6.56 6.84 7.12 7.38 7.66 7.91 8.16 8.41 8.59 8.78 8.97 9.16 9.31 9.47 9.56 9.56 9.53 9.47 9.34 9.22 9.06 8.91 8.81 8.72 8.62 8.56 8.53 8.56 8.75 9.00 9.25 9.59 9.94 10.38 11.09 12.00 13.03 14.12 15.38 16.62 17.94 19.16 20.38 21.47 22.50 23.50 24.44 25.31 26.16 26.94 27.69 28.34 28.94 29.53
-1.44 -1.22 -1.19 -0.94 -0.62 -0.31 0.03 0.41 0.75 1.03 1.25 1.03 1.53 1.97 2.31 2.66 2.91 3.12 3.53 4.12 4.56 5.06 5.56 6.06 6.47 6.84 7.16 7.41 7.66 7.91 8.16 8.38 8.59 8.81 8.97 9.12 9.28 9.41 9.53 9.62 9.59 9.53 9.44 9.31 9.16 9.00 8.84 8.75 8.69 8.62 8.56 8.53 8.72 8.97 9.25 9.56 9.91 10.28 10.69 11.25 12.22 13.31 14.47 15.75 17.06 18.41 19.69 20.91 22.00 23.06 24.03 24.97 25.84 26.69 27.44 28.16 28.81 29.41 29.97
-1.50 -1.25 -1.00 -0.69 -0.34 0.06 0.44 0.88 1.25 1.66 1.94 1.56 2.50 2.91 3.28 3.78 4.47 4.84 4.91 5.09 5.22 5.53 6.00 6.47 6.88 7.25 7.56 7.81 8.03 8.25 8.47 8.66 8.88 9.06 9.22 9.38 9.50 9.59 9.66 9.69 9.66 9.56 9.44 9.31 9.16 9.00 8.84 8.75 8.66 8.59 8.59 8.69 8.97 9.22 9.50 9.84 10.19 10.56 11.00 11.53 12.47 13.62 14.88 16.19 17.53 18.91 20.19 21.41 22.53 23.59 24.56 25.50 26.34 27.16 27.94 28.62 29.25 29.84 30.38
-1.38 -1.09 -0.78 -0.38 0.03 0.47 0.91 1.38 1.81 2.41 3.00 3.91 3.59 3.94 4.47 5.19 6.00 6.28 6.25 6.12 6.16 6.09 6.53 6.94 7.31 7.69 7.97 8.22 8.44 8.62 8.81 9.00 9.19 9.34 9.50 9.62 9.72 9.78 9.81 9.78 9.72 9.62 9.50 9.34 9.22 9.03 8.91 8.81 8.78 8.78 8.81 8.91 9.22 9.47 9.78 10.09 10.44 10.84 11.28 11.81 12.66 13.97 15.28 16.62 18.00 19.41 20.72 21.94 23.06 24.09 25.06 25.97 26.81 27.62 28.38 29.06 29.69 30.25 30.78
-1.28 -0.91 -0.53 -0.06 0.41 0.91 1.41 1.94 2.41 3.19 4.00 4.50 4.88 5.28 5.75 6.34 6.91 7.12 7.19 7.06 6.94 6.72 7.09 7.47 7.84 8.16 8.44 8.69 8.91 9.06 9.25 9.41 9.56 9.69 9.81 9.91 9.97 10.00 10.00 9.91 9.84 9.75 9.62 9.47 9.31 9.16 9.03 9.00 9.03 9.09 9.16 9.22 9.53 9.78 10.03 10.34 10.69 11.09 11.53 12.09 12.88 14.25 15.69 17.09 18.50 19.91 21.22 22.44 23.53 24.56 25.50 26.41 27.25 28.03 28.78 29.44 30.06 30.66 31.16
-1.12 -0.69 -0.25 0.28 0.81 1.38 1.97 2.53 3.03 3.94 4.78 5.47 6.06 6.66 7.00 7.38 7.72 7.91 7.97 7.84 7.53 7.38 7.72 8.06 8.38 8.66 8.94 9.19 9.38 9.56 9.72 9.84 9.97 10.09 10.19 10.25 10.28 10.28 10.25 10.16 10.06 9.94 9.81 9.69 9.50 9.34 9.34 9.41 9.47 9.56 9.59 9.62 9.88 10.09 10.31 10.59 10.94 11.34 11.81 12.38 13.25 14.50 16.06 17.59 19.00 20.38 21.69 22.88 23.97 24.97 25.91 26.78 27.59 28.38 29.12 29.81 30.41 30.97 31.50
-0.88 -0.41 0.09 0.69 1.31 1.97 2.66 3.22 3.62 4.47 5.41 6.53 7.00 7.41 7.81 8.19 8.47 8.59 8.53 8.41 8.12 8.09 8.38 8.66 8.94 9.19 9.44 9.69 9.88 10.06 10.19 10.31 10.44 10.50 10.59 10.62 10.66 10.62 10.56 10.50 10.38 10.25 10.09 9.97 9.81 9.72 9.81 9.91 10.00 10.09 10.12 10.09 10.28 10.44 10.62 10.88 11.19 11.59 12.09 12.72 13.62 14.81 16.34 18.00 19.44 20.81 22.09 23.28 24.34 25.31 26.22 27.06 27.91 28.69 29.41 30.09 30.72 31.28 31.78
-0.47 0.00 0.50 1.19 1.91 2.69 3.56 3.94 4.81 5.66 6.62 7.47 7.81 8.12 8.50 8.84 9.03 9.12 9.06 8.94 8.78 8.81 9.00 9.28 9.53 9.75 9.97 10.19 10.38 10.56 10.69 10.81 10.91 11.00 11.03 11.06 11.06 11.03 10.97 10.88 10.78 10.66 10.50 10.38 10.25 10.31 10.41 10.53 10.66 10.75 10.78 10.72 10.88 10.94 11.00 11.19 11.50 11.94 12.47 13.12 14.00 15.16 16.62 18.31 19.88 21.22 22.47 23.59 24.62 25.56 26.44 27.28 28.12 28.91 29.66 30.34 30.97 31.53 32.03
0.19 0.56 1.16 1.84 2.81 3.72 4.59 6.03 6.16 7.38 7.88 8.22 8.44 8.75 9.06 9.31 9.50 9.56 9.53 9.50 9.44 9.50 9.66 9.88 10.09 10.34 10.53 10.75 10.91 11.06 11.19 11.31 11.41 11.47 11.50 11.53 11.53 11.50 11.47 11.41 11.31 11.19 11.09 11.06 11.12 11.22 11.31 11.34 11.41 11.50 11.56 11.56 11.59 11.59 11.53 11.69 12.00 12.41 12.94 13.59 14.41 15.44 16.88 18.53 20.19 21.56 22.78 23.84 24.81 25.72 26.59 27.44 28.28 29.09 29.84 30.53 31.16 31.72 32.25
1.16 1.94 2.31 2.91 3.88 4.88 6.44 7.38 8.34 8.75 9.00 8.94 9.06 9.31 9.53 9.75 9.91 9.97 10.03 10.03 10.06 10.16 10.31 10.50 10.69 10.91 11.12 11.31 11.47 11.62 11.75 11.84 11.94 12.00 12.03 12.06 12.06 12.06 12.03 12.00 11.94 11.88 11.91 11.97 12.03 12.09 12.19 12.25 12.31 12.34 12.41 12.44 12.47 12.44 12.28 12.38 12.62 13.03 13.50 14.09 14.84 15.75 17.06 18.69 20.31 21.81 22.97 23.97 24.91 25.81 26.69 27.56 28.44 29.25 30.00 30.69 31.34 31.91 32.44
2.75 3.94 4.94 5.88 6.25 7.31 7.81 8.75 9.22 9.47 9.56 9.56 9.62 9.81 9.97 10.16 10.28 10.38 10.47 10.56 10.69 10.81 10.94 11.12 11.28 11.47 11.69 11.88 12.03 12.19 12.31 12.44 12.53 12.59 12.66 12.69 12.72 12.72 12.72 12.72 12.69 12.75 12.84 12.91 13.00 13.06 13.12 13.19 13.28 13.34 13.41 13.47 13.47 13.41 13.22 13.25 13.44 13.75 14.16 14.66 15.31 16.06 17.16 18.69 20.28 21.84 23.09 24.03 24.97 25.88 26.78 27.69 28.56 29.38 30.16 30.84 31.47 32.06 32.59
4.78 5.81 7.12 7.66 8.19 8.59 9.00 9.41 9.75 9.97 10.06 10.12 10.16 10.28 10.41 10.53 10.69 10.81 10.94 11.09 11.25 11.44 11.59 11.72 11.91 12.06 12.25 12.44 12.59 12.78 12.91 13.03 13.16 13.22 13.31 13.34 13.41 13.44 13.47 13.53 13.56 13.72 13.84 13.91 14.00 14.06 14.12 14.19 14.28 14.34 14.44 14.53 14.59 14.56 14.34 14.22 14.31 14.50 14.81 15.25 15.78 16.41 17.28 18.56 20.09 21.69 23.06 24.06 25.00 25.94 26.91 27.84 28.72 29.53 30.28 31.00 31.62 32.22 32.78
6.28 7.06 8.38 8.72 9.06 9.38 9.69 10.00 10.25 10.44 10.53 10.62 10.66 10.75 10.84 10.97 11.09 11.22 11.38 11.56 11.75 11.94 12.12 12.31 12.47 12.66 12.84 13.03 13.19 13.34 13.50 13.62 13.75 13.88 14.00 14.12 14.25 14.38 14.47 14.59 14.72 14.81 14.88 14.94 14.97 15.03 15.12 15.19 15.28 15.38 15.47 15.59 15.69 15.75 15.62 15.38 15.28 15.34 15.50 15.81 16.25 16.75 17.47 18.44 19.81 21.38 22.88 24.06 25.03 26.03 27.00 27.97 28.91 29.72 30.44 31.16 31.78 32.41 32.97
7.66 8.44 9.00 9.41 9.75 10.03 10.28 10.53 10.72 10.88 11.00 11.06 11.12 11.22 11.28 11.38 11.50 11.66 11.81 12.00 12.19 12.38 12.56 12.75 12.94 13.12 13.31 13.50 13.69 13.88 14.06 14.22 14.41 14.56 14.72 14.88 15.03 15.22 15.41 15.59 15.78 15.88 15.91 15.94 15.97 16.03 16.09 16.19 16.28 16.38 16.47 16.59 16.72 16.81 16.81 16.56 16.25 16.16 16.22 16.41 16.72 17.12 17.69 18.47 19.59 21.06 22.59 23.97 25.03 26.06 27.06 28.06 29.00 29.84 30.62 31.28 31.94 32.56 33.19
8.72 9.22 9.66 10.03 10.31 10.53 10.78 10.97 11.16 11.31 11.41 11.50 11.56 11.66 11.75 11.84 11.97 12.09 12.25 12.41 12.59 12.78 12.97 13.19 13.38 13.56 13.75 13.94 14.16 14.34 14.53 14.72 14.91 15.09 15.31 15.53 15.72 15.94 16.16 16.38 16.62 16.81 16.88 16.88 16.91 16.94 17.00 17.12 17.25 17.34 17.47 17.56 17.66 17.78 17.84 17.72 17.31 17.03 16.91 16.97 17.19 17.53 18.00 18.66 19.53 20.84 22.34 23.84 25.00 26.06 27.12 28.12 29.03 29.91 30.75 31.47 32.00 32.72 33.38
9.53 9.88 10.22 10.53 10.78 11.00 11.19 11.38 11.56 11.69 11.81 11.91 12.00 12.06 12.16 12.28 12.38 12.50 12.62 12.78 12.97 13.19 13.38 13.56 13.78 13.97 14.19 14.38 14.59 14.81 15.00 15.22 15.44 15.66 15.88 16.12 16.34 16.59 16.84 17.09 17.34 17.59 17.75 17.88 17.91 17.94 18.00 18.06 18.19 18.31 18.41 18.50 18.56 18.66 18.75 18.75 18.41 17.94 17.66 17.62 17.72 18.00 18.41 18.94 19.66 20.75 22.19 23.69 24.94 26.06 27.12 28.16 29.12 29.94 30.88 31.53 32.28 32.88 33.50
10.12 10.41 10.69 10.97 11.19 11.38 11.56 11.75 11.91 12.06 12.19 12.28 12.38 12.47 12.56 12.66 12.75 12.88 13.00 13.16 13.34 13.53 13.75 13.94 14.16 14.38 14.56 14.78 15.00 15.22 15.44 15.69 15.91 16.16 16.41 16.66 16.91 17.16 17.44 17.69 17.97 18.25 18.50 18.69 18.84 18.94 19.00 19.06 19.12 19.22 19.31 19.38 19.44 19.53 19.59 19.69 19.53 19.00 18.50 18.31 18.34 18.53 18.84 19.34 19.97 20.88 22.22 23.59 24.88 26.06 27.09 28.19 29.19 30.12 30.91 31.81 32.44 33.03 33.78
10.59 10.84 11.09 11.34 11.53 11.75 11.91 12.09 12.25 12.38 12.50 12.62 12.72 12.81 12.91 13.00 13.09 13.22 13.34 13.50 13.69 13.91 14.09 14.31 14.53 14.72 14.94 15.19 15.41 15.62 15.88 16.09 16.34 16.59 16.84 17.12 17.41 17.66 17.94 18.22 18.53 18.81 19.09 19.38 19.66 19.84 19.97 20.03 20.06 20.09 20.16 20.22 20.28 20.34 20.44 20.50 20.50 20.06 19.44 19.12 19.03 19.12 19.41 19.84 20.41 21.22 22.41 23.62 24.84 26.00 27.12 28.06 29.25 30.22 31.16 31.84 32.62 33.28 33.94
10.94 11.19 11.41 11.66 11.84 12.03 12.22 12.41 12.56 12.69 12.81 12.94 13.06 13.16 13.25 13.34 13.44 13.53 13.69 13.84 14.03 14.22 14.44 14.66 14.84 15.06 15.31 15.53 15.75 16.00 16.25 16.50 16.75 17.00 17.28 17.56 17.84 18.12 18.41 18.72 19.00 19.31 19.59 19.91 20.19 20.47 20.75 20.91 20.94 20.97 20.97 21.03 21.09 21.16 21.22 21.25 21.31 21.09 20.50 20.00 19.78 19.81 20.03 20.41 20.97 21.69 22.62 23.69 24.78 26.03 27.09 28.25 29.19 30.31 31.19 32.12 32.81 33.44 34.09
11.22 11.47 11.69 11.91 12.12 12.31 12.50 12.69 12.84 12.97 13.12 13.25 13.34 13.47 13.56 13.62 13.72 13.84 14.00 14.16 14.34 14.56 14.75 14.97 15.19 15.41 15.62 15.88 16.12 16.34 16.59 16.88 17.12 17.41 17.69 17.97 18.25 18.53 18.84 19.12 19.44 19.75 20.03 20.34 20.66 20.94 21.22 21.50 21.72 21.75 21.75 21.78 21.84 21.91 21.97 22.00 22.03 22.00 21.56 21.03 20.72 20.66 20.78 21.12 21.62 22.28 23.03 23.88 24.75 25.84 27.09 28.28 29.38 30.31 31.28 32.25 32.97 33.66 34.22
11.47 11.69 11.91 12.12 12.34 12.56 12.75 12.94 13.09 13.25 13.38 13.50 13.62 13.72 13.81 13.91 14.00 14.12 14.31 14.47 14.66 14.88 15.06 15.28 15.50 15.72 15.97 16.19 16.44 16.69 16.94 17.22 17.47 17.75 18.03 18.31 18.62 18.91 19.22 19.53 19.81 20.12 20.44 20.75 21.06 21.34 21.66 21.94 22.19 22.44 22.53 22.53 22.56 22.62 22.66 22.72 22.75 22.78 22.59 22.16 21.81 21.62 21.69 21.91 22.34 22.88 23.53 24.22 24.97 25.78 26.88 28.22 29.41 30.41 31.44 32.22 33.06 33.81 34.47
