everonasctiles/Tile[30,49].asc
ncols 128
nrows 128
xllcorner 0
yllcorner 0
cellsize 2.0
NODATA_value  -9999
[rows 87 to 115 of 128, columns 0 to 66 of 128]
-102.00 -102.03 -102.06 -102.09 -102.09 -102.09 -102.12 -102.09 -102.09 -102.06 -102.03 -102.00 -101.97 -101.94 -101.94 -101.91 -101.88 -101.88 -101.84 -101.84 -101.81 -101.78 -101.75 -101.72 -101.69 -101.62 -101.56 -101.53 -101.50 -101.44 -101.41 -101.38 -101.38 -101.38 -101.38 -101.38 -101.38 -101.41 -101.41 -101.38 -101.38 -101.34 -101.34 -101.38 -101.38 -101.44 -101.50 -101.53 -101.59 -101.62 -101.66 -101.69 -101.72 -101.75 -101.78 -101.78 -101.81 -101.81 -101.81 -101.81 -101.81 -101.81 -101.81 -101.78 -101.78 -101.78 -101.78
-102.06 -102.06 -102.09 -102.12 -102.12 -102.12 -102.12 -102.12 -102.12 -102.09 -102.06 -102.03 -102.00 -101.97 -101.94 -101.91 -101.91 -101.88 -101.84 -101.84 -101.81 -101.78 -101.75 -101.72 -101.69 -101.62 -101.59 -101.53 -101.50 -101.47 -101.41 -101.38 -101.34 -101.34 -101.34 -101.38 -101.38 -101.38 -101.38 -101.38 -101.38 -101.38 -101.38 -101.38 -101.41 -101.44 -101.50 -101.53 -101.59 -101.62 -101.66 -101.69 -101.72 -101.75 -101.78 -101.81 -101.84 -101.84 -101.84 -101.84 -101.81 -101.81 -101.81 -101.81 -101.81 -101.78 -101.81
-102.09 -102.12 -102.12 -102.16 -102.16 -102.16 -102.16 -102.16 -102.12 -102.09 -102.06 -102.03 -102.00 -101.94 -101.94 -101.91 -101.88 -101.88 -101.84 -101.84 -101.81 -101.78 -101.75 -101.72 -101.69 -101.62 -101.59 -101.56 -101.50 -101.47 -101.41 -101.38 -101.34 -101.34 -101.34 -101.38 -101.38 -101.38 -101.41 -101.41 -101.41 -101.41 -101.41 -101.41 -101.44 -101.47 -101.50 -101.56 -101.59 -101.62 -101.69 -101.72 -101.75 -101.78 -101.81 -101.84 -101.84 -101.84 -101.84 -101.84 -101.84 -101.84 -101.81 -101.81 -101.81 -101.81 -101.81
-102.16 -102.16 -102.16 -102.19 -102.19 -102.19 -102.16 -102.16 -102.16 -102.12 -102.06 -102.03 -101.97 -101.94 -101.91 -101.91 -101.88 -101.88 -101.84 -101.81 -101.78 -101.75 -101.72 -101.69 -101.66 -101.62 -101.59 -101.56 -101.50 -101.47 -101.41 -101.38 -101.34 -101.34 -101.34 -101.38 -101.38 -101.41 -101.41 -101.41 -101.41 -101.41 -101.41 -101.44 -101.44 -101.47 -101.53 -101.56 -101.62 -101.66 -101.69 -101.72 -101.75 -101.81 -101.84 -101.84 -101.84 -101.84 -101.84 -101.84 -101.84 -101.84 -101.84 -101.84 -101.81 -101.81 -101.84
-102.19 -102.19 -102.22 -102.22 -102.22 -102.19 -102.19 -102.16 -102.16 -102.12 -102.06 -102.03 -101.97 -101.94 -101.91 -101.88 -101.84 -101.84 -101.81 -101.78 -101.75 -101.72 -101.69 -101.66 -101.62 -101.62 -101.59 -101.53 -101.50 -101.47 -101.41 -101.38 -101.34 -101.34 -101.34 -101.34 -101.38 -101.41 -101.41 -101.41 -101.41 -101.44 -101.44 -101.44 -101.47 -101.50 -101.53 -101.59 -101.62 -101.66 -101.69 -101.72 -101.75 -101.81 -101.84 -101.84 -101.84 -101.84 -101.84 -101.84 -101.84 -101.84 -101.84 -101.84 -101.84 -101.84 -101.84
-102.22 -102.22 -102.22 -102.22 -102.22 -102.22 -102.19 -102.19 -102.16 -102.09 -102.06 -102.00 -101.94 -101.91 -101.88 -101.84 -101.84 -101.81 -101.78 -101.75 -101.72 -101.69 -101.66 -101.62 -101.59 -101.59 -101.56 -101.53 -101.50 -101.47 -101.41 -101.38 -101.38 -101.34 -101.34 -101.34 -101.38 -101.38 -101.41 -101.41 -101.44 -101.44 -101.47 -101.47 -101.50 -101.50 -101.53 -101.59 -101.62 -101.66 -101.69 -101.72 -101.75 -101.81 -101.84 -101.84 -101.84 -101.84 -101.84 -101.84 -101.84 -101.84 -101.84 -101.81 -101.81 -101.84 -101.84
-102.25 -102.25 -102.25 -102.25 -102.25 -102.25 -102.22 -102.19 -102.16 -102.09 -102.06 -102.00 -101.94 -101.88 -101.84 -101.81 -101.78 -101.78 -101.75 -101.72 -101.69 -101.62 -101.59 -101.59 -101.56 -101.56 -101.56 -101.53 -101.50 -101.47 -101.44 -101.41 -101.38 -101.34 -101.34 -101.34 -101.34 -101.38 -101.41 -101.41 -101.44 -101.44 -101.47 -101.47 -101.50 -101.53 -101.53 -101.56 -101.59 -101.62 -101.66 -101.72 -101.75 -101.78 -101.81 -101.84 -101.84 -101.84 -101.84 -101.84 -101.81 -101.81 -101.81 -101.81 -101.81 -101.81 -101.81
-102.28 -102.28 -102.28 -102.28 -102.28 -102.25 -102.25 -102.22 -102.16 -102.12 -102.06 -102.00 -101.91 -101.84 -101.81 -101.78 -101.75 -101.72 -101.72 -101.69 -101.62 -101.59 -101.59 -101.56 -101.56 -101.56 -101.56 -101.53 -101.53 -101.50 -101.47 -101.44 -101.38 -101.34 -101.34 -101.31 -101.34 -101.34 -101.38 -101.41 -101.44 -101.44 -101.47 -101.47 -101.50 -101.50 -101.53 -101.56 -101.59 -101.62 -101.66 -101.69 -101.75 -101.78 -101.81 -101.84 -101.84 -101.84 -101.84 -101.81 -101.81 -101.81 -101.81 -101.81 -101.81 -101.81 -101.81
-102.31 -102.31 -102.31 -102.31 -102.31 -102.28 -102.25 -102.22 -102.19 -102.12 -102.06 -102.00 -101.91 -101.84 -101.78 -101.75 -101.72 -101.69 -101.66 -101.62 -101.62 -101.59 -101.56 -101.56 -101.56 -101.56 -101.56 -101.56 -101.53 -101.53 -101.50 -101.44 -101.41 -101.38 -101.34 -101.31 -101.31 -101.34 -101.38 -101.38 -101.41 -101.44 -101.44 -101.47 -101.50 -101.50 -101.53 -101.53 -101.56 -101.62 -101.66 -101.69 -101.72 -101.78 -101.78 -101.81 -101.81 -101.81 -101.81 -101.81 -101.81 -101.81 -101.81 -101.81 -101.81 -101.81 -101.81
-102.34 -102.34 -102.34 -102.31 -102.31 -102.31 -102.28 -102.25 -102.22 -102.16 -102.09 -102.00 -101.94 -101.84 -101.78 -101.72 -101.69 -101.66 -101.62 -101.62 -101.59 -101.59 -101.56 -101.56 -101.56 -101.56 -101.56 -101.56 -101.56 -101.53 -101.53 -101.47 -101.44 -101.38 -101.34 -101.31 -101.31 -101.31 -101.34 -101.34 -101.38 -101.41 -101.41 -101.44 -101.47 -101.50 -101.50 -101.53 -101.56 -101.59 -101.66 -101.69 -101.72 -101.75 -101.78 -101.78 -101.78 -101.81 -101.81 -101.81 -101.81 -101.78 -101.78 -101.78 -101.78 -101.78 -101.78
-102.34 -102.34 -102.34 -102.34 -102.34 -102.31 -102.31 -102.28 -102.22 -102.16 -102.09 -102.03 -101.94 -101.84 -101.78 -101.72 -101.66 -101.62 -101.62 -101.62 -101.59 -101.59 -101.59 -101.59 -101.59 -101.59 -101.59 -101.59 -101.59 -101.56 -101.53 -101.50 -101.44 -101.41 -101.34 -101.31 -101.31 -101.31 -101.31 -101.31 -101.34 -101.38 -101.41 -101.41 -101.44 -101.47 -101.50 -101.50 -101.56 -101.59 -101.62 -101.66 -101.69 -101.72 -101.75 -101.75 -101.75 -101.78 -101.78 -101.78 -101.78 -101.78 -101.78 -101.78 -101.78 -101.78 -101.78
-102.38 -102.34 -102.34 -102.34 -102.34 -102.31 -102.31 -102.28 -102.22 -102.19 -102.12 -102.03 -101.94 -101.84 -101.75 -101.69 -101.66 -101.62 -101.62 -101.62 -101.62 -101.62 -101.62 -101.62 -101.62 -101.62 -101.59 -101.59 -101.59 -101.56 -101.56 -101.50 -101.47 -101.41 -101.38 -101.34 -101.31 -101.31 -101.28 -101.28 -101.31 -101.34 -101.38 -101.41 -101.41 -101.44 -101.47 -101.50 -101.53 -101.56 -101.62 -101.66 -101.69 -101.69 -101.69 -101.72 -101.72 -101.75 -101.75 -101.78 -101.78 -101.78 -101.78 -101.78 -101.78 -101.78 -101.75
-102.38 -102.34 -102.34 -102.34 -102.31 -102.31 -102.28 -102.28 -102.22 -102.19 -102.12 -102.03 -101.94 -101.84 -101.75 -101.69 -101.66 -101.62 -101.62 -101.62 -101.62 -101.66 -101.62 -101.62 -101.62 -101.62 -101.62 -101.62 -101.59 -101.59 -101.56 -101.53 -101.50 -101.44 -101.41 -101.38 -101.34 -101.31 -101.28 -101.28 -101.28 -101.31 -101.34 -101.38 -101.41 -101.44 -101.47 -101.50 -101.53 -101.56 -101.59 -101.62 -101.66 -101.66 -101.66 -101.69 -101.69 -101.72 -101.75 -101.75 -101.75 -101.75 -101.75 -101.75 -101.75 -101.75 -101.75
-102.38 -102.34 -102.34 -102.31 -102.31 -102.28 -102.28 -102.25 -102.22 -102.16 -102.09 -102.03 -101.94 -101.84 -101.75 -101.69 -101.66 -101.62 -101.62 -101.66 -101.66 -101.66 -101.66 -101.66 -101.62 -101.62 -101.62 -101.62 -101.62 -101.59 -101.56 -101.56 -101.53 -101.47 -101.44 -101.41 -101.38 -101.34 -101.31 -101.28 -101.25 -101.28 -101.31 -101.38 -101.41 -101.41 -101.44 -101.47 -101.50 -101.53 -101.56 -101.59 -101.59 -101.62 -101.62 -101.66 -101.66 -101.69 -101.72 -101.72 -101.75 -101.75 -101.75 -101.75 -101.75 -101.75 -101.75
-102.34 -102.34 -102.31 -102.31 -102.28 -102.28 -102.25 -102.22 -102.19 -102.16 -102.09 -102.00 -101.94 -101.84 -101.75 -101.69 -101.66 -101.66 -101.66 -101.66 -101.66 -101.66 -101.66 -101.62 -101.62 -101.62 -101.62 -101.62 -101.62 -101.59 -101.59 -101.56 -101.53 -101.50 -101.47 -101.44 -101.41 -101.38 -101.31 -101.28 -101.25 -101.28 -101.31 -101.34 -101.38 -101.41 -101.44 -101.47 -101.50 -101.53 -101.53 -101.56 -101.56 -101.59 -101.62 -101.62 -101.66 -101.66 -101.69 -101.69 -101.72 -101.72 -101.72 -101.72 -101.72 -101.72 -101.72
-102.34 -102.31 -102.31 -102.28 -102.25 -102.25 -102.22 -102.19 -102.16 -102.12 -102.06 -102.00 -101.94 -101.84 -101.78 -101.72 -101.69 -101.66 -101.66 -101.66 -101.66 -101.66 -101.66 -101.62 -101.62 -101.62 -101.62 -101.62 -101.59 -101.59 -101.59 -101.56 -101.56 -101.53 -101.50 -101.47 -101.44 -101.38 -101.34 -101.28 -101.25 -101.25 -101.28 -101.31 -101.38 -101.41 -101.44 -101.47 -101.50 -101.50 -101.53 -101.53 -101.53 -101.56 -101.59 -101.62 -101.62 -101.62 -101.66 -101.66 -101.69 -101.69 -101.69 -101.72 -101.72 -101.72 -101.72
-102.31 -102.31 -102.28 -102.28 -102.25 -102.22 -102.19 -102.16 -102.12 -102.09 -102.06 -102.00 -101.94 -101.88 -101.81 -101.75 -101.69 -101.66 -101.66 -101.66 -101.66 -101.66 -101.66 -101.66 -101.62 -101.62 -101.62 -101.62 -101.59 -101.59 -101.59 -101.56 -101.56 -101.53 -101.53 -101.47 -101.44 -101.41 -101.34 -101.31 -101.25 -101.25 -101.25 -101.31 -101.34 -101.38 -101.44 -101.44 -101.47 -101.47 -101.50 -101.50 -101.50 -101.53 -101.56 -101.59 -101.59 -101.59 -101.62 -101.62 -101.66 -101.66 -101.69 -101.69 -101.72 -101.72 -101.72
-102.31 -102.28 -102.28 -102.25 -102.22 -102.19 -102.16 -102.16 -102.12 -102.09 -102.06 -102.00 -101.94 -101.88 -101.81 -101.75 -101.72 -101.69 -101.66 -101.66 -101.66 -101.66 -101.66 -101.66 -101.62 -101.62 -101.62 -101.62 -101.59 -101.59 -101.59 -101.56 -101.56 -101.56 -101.53 -101.50 -101.44 -101.41 -101.34 -101.31 -101.25 -101.22 -101.22 -101.28 -101.31 -101.34 -101.41 -101.44 -101.44 -101.47 -101.47 -101.47 -101.47 -101.50 -101.53 -101.53 -101.56 -101.56 -101.56 -101.59 -101.62 -101.62 -101.66 -101.69 -101.72 -101.72 -101.72
-102.28 -102.25 -102.25 -102.22 -102.22 -102.19 -102.16 -102.12 -102.12 -102.09 -102.06 -102.00 -101.97 -101.91 -101.84 -101.78 -101.72 -101.69 -101.69 -101.69 -101.66 -101.66 -101.66 -101.66 -101.66 -101.66 -101.62 -101.62 -101.59 -101.59 -101.59 -101.56 -101.56 -101.56 -101.53 -101.50 -101.47 -101.41 -101.34 -101.31 -101.25 -101.22 -101.19 -101.22 -101.28 -101.31 -101.38 -101.41 -101.44 -101.44 -101.44 -101.44 -101.44 -101.47 -101.47 -101.50 -101.50 -101.53 -101.53 -101.53 -101.56 -101.59 -101.66 -101.69 -101.69 -101.72 -101.72
-102.25 -102.22 -102.22 -102.19 -102.19 -102.16 -102.16 -102.12 -102.09 -102.09 -102.06 -102.03 -101.97 -101.94 -101.88 -101.81 -101.75 -101.72 -101.69 -101.69 -101.69 -101.69 -101.69 -101.66 -101.66 -101.66 -101.62 -101.62 -101.59 -101.59 -101.59 -101.56 -101.56 -101.53 -101.53 -101.50 -101.47 -101.41 -101.34 -101.28 -101.25 -101.19 -101.19 -101.19 -101.25 -101.28 -101.34 -101.38 -101.41 -101.41 -101.41 -101.41 -101.41 -101.41 -101.44 -101.44 -101.47 -101.47 -101.47 -101.50 -101.53 -101.56 -101.62 -101.66 -101.69 -101.72 -101.72
-102.19 -102.19 -102.19 -102.19 -102.16 -102.16 -102.12 -102.12 -102.09 -102.09 -102.06 -102.03 -102.00 -101.94 -101.88 -101.81 -101.78 -101.72 -101.72 -101.69 -101.69 -101.69 -101.69 -101.69 -101.66 -101.66 -101.66 -101.62 -101.59 -101.59 -101.56 -101.56 -101.53 -101.53 -101.50 -101.50 -101.44 -101.41 -101.34 -101.31 -101.25 -101.19 -101.16 -101.19 -101.22 -101.28 -101.31 -101.34 -101.38 -101.38 -101.41 -101.41 -101.38 -101.38 -101.38 -101.41 -101.41 -101.44 -101.44 -101.44 -101.47 -101.53 -101.56 -101.62 -101.66 -101.69 -101.72
-102.16 -102.16 -102.16 -102.12 -102.12 -102.12 -102.12 -102.12 -102.09 -102.09 -102.06 -102.03 -102.00 -101.94 -101.88 -101.84 -101.78 -101.75 -101.72 -101.72 -101.72 -101.69 -101.69 -101.69 -101.66 -101.66 -101.66 -101.62 -101.59 -101.59 -101.56 -101.53 -101.53 -101.50 -101.50 -101.47 -101.44 -101.41 -101.34 -101.31 -101.25 -101.19 -101.16 -101.16 -101.19 -101.25 -101.28 -101.31 -101.34 -101.38 -101.38 -101.38 -101.34 -101.34 -101.34 -101.34 -101.38 -101.38 -101.38 -101.41 -101.44 -101.47 -101.53 -101.59 -101.62 -101.66 -101.66
-102.09 -102.09 -102.09 -102.09 -102.09 -102.09 -102.09 -102.09 -102.09 -102.06 -102.06 -102.03 -101.97 -101.94 -101.88 -101.84 -101.78 -101.75 -101.75 -101.72 -101.72 -101.72 -101.69 -101.69 -101.66 -101.66 -101.62 -101.62 -101.59 -101.56 -101.56 -101.53 -101.50 -101.50 -101.47 -101.47 -101.44 -101.41 -101.34 -101.31 -101.25 -101.22 -101.19 -101.16 -101.19 -101.22 -101.25 -101.28 -101.31 -101.34 -101.34 -101.34 -101.31 -101.31 -101.31 -101.31 -101.31 -101.31 -101.31 -101.34 -101.38 -101.44 -101.47 -101.53 -101.56 -101.59 -101.62
-102.03 -102.03 -102.03 -102.06 -102.06 -102.09 -102.09 -102.09 -102.06 -102.06 -102.03 -102.00 -101.97 -101.91 -101.88 -101.84 -101.81 -101.78 -101.75 -101.75 -101.72 -101.72 -101.72 -101.69 -101.66 -101.66 -101.62 -101.59 -101.59 -101.56 -101.53 -101.50 -101.50 -101.47 -101.47 -101.44 -101.44 -101.41 -101.38 -101.31 -101.28 -101.22 -101.19 -101.16 -101.16 -101.19 -101.22 -101.25 -101.28 -101.31 -101.31 -101.31 -101.28 -101.28 -101.25 -101.25 -101.25 -101.25 -101.25 -101.28 -101.31 -101.38 -101.44 -101.47 -101.50 -101.53 -101.56
-101.94 -101.97 -102.00 -102.00 -102.03 -102.06 -102.06 -102.06 -102.06 -102.03 -102.03 -101.97 -101.94 -101.91 -101.84 -101.81 -101.81 -101.78 -101.75 -101.75 -101.75 -101.72 -101.72 -101.69 -101.66 -101.66 -101.62 -101.59 -101.56 -101.53 -101.53 -101.50 -101.47 -101.47 -101.44 -101.44 -101.41 -101.41 -101.38 -101.31 -101.28 -101.25 -101.19 -101.16 -101.12 -101.16 -101.16 -101.19 -101.22 -101.25 -101.28 -101.28 -101.25 -101.22 -101.19 -101.19 -101.16 -101.19 -101.19 -101.22 -101.25 -101.31 -101.38 -101.41 -101.44 -101.47 -101.50
-101.91 -101.91 -101.94 -101.97 -102.00 -102.03 -102.03 -102.03 -102.03 -102.00 -102.00 -101.97 -101.91 -101.88 -101.84 -101.81 -101.78 -101.78 -101.78 -101.75 -101.75 -101.72 -101.72 -101.69 -101.66 -101.62 -101.59 -101.56 -101.53 -101.53 -101.50 -101.47 -101.47 -101.44 -101.44 -101.44 -101.41 -101.41 -101.38 -101.31 -101.28 -101.25 -101.19 -101.16 -101.12 -101.12 -101.12 -101.16 -101.19 -101.22 -101.22 -101.22 -101.19 -101.16 -101.16 -101.12 -101.09 -101.09 -101.12 -101.16 -101.19 -101.25 -101.28 -101.34 -101.38 -101.41 -101.44
-101.84 -101.88 -101.91 -101.94 -101.97 -101.97 -102.00 -102.00 -102.00 -101.97 -101.97 -101.94 -101.91 -101.88 -101.84 -101.81 -101.78 -101.78 -101.78 -101.78 -101.75 -101.72 -101.69 -101.69 -101.66 -101.62 -101.59 -101.56 -101.53 -101.50 -101.47 -101.47 -101.44 -101.44 -101.41 -101.41 -101.41 -101.38 -101.34 -101.31 -101.28 -101.25 -101.22 -101.16 -101.12 -101.09 -101.09 -101.12 -101.12 -101.16 -101.16 -101.16 -101.16 -101.12 -101.09 -101.06 -101.06 -101.06 -101.06 -101.09 -101.12 -101.19 -101.22 -101.25 -101.31 -101.34 -101.41
-101.81 -101.81 -101.84 -101.88 -101.91 -101.94 -101.97 -101.97 -101.97 -101.97 -101.94 -101.91 -101.91 -101.88 -101.84 -101.81 -101.81 -101.78 -101.78 -101.78 -101.75 -101.72 -101.69 -101.69 -101.66 -101.62 -101.56 -101.53 -101.50 -101.47 -101.44 -101.44 -101.44 -101.41 -101.41 -101.41 -101.38 -101.38 -101.34 -101.31 -101.28 -101.25 -101.22 -101.19 -101.12 -101.09 -101.06 -101.06 -101.09 -101.09 -101.09 -101.09 -101.09 -101.06 -101.06 -101.03 -101.00 -101.00 -101.00 -101.03 -101.06 -101.09 -101.16 -101.19 -101.25 -101.28 -101.38
-101.78 -101.81 -101.81 -101.84 -101.88 -101.91 -101.94 -101.94 -101.94 -101.94 -101.91 -101.91 -101.88 -101.88 -101.84 -101.81 -101.81 -101.78 -101.78 -101.78 -101.75 -101.72 -101.69 -101.66 -101.62 -101.59 -101.56 -101.50 -101.47 -101.44 -101.44 -101.41 -101.41 -101.38 -101.38 -101.38 -101.38 -101.34 -101.34 -101.31 -101.28 -101.25 -101.22 -101.19 -101.16 -101.09 -101.06 -101.03 -101.03 -101.03 -101.03 -101.03 -101.03 -101.00 -101.00 -100.97 -100.97 -100.94 -100.94 -100.97 -101.00 -101.03 -101.09 -101.12 -101.19 -101.25 -101.34
