everonasctiles/Tile[44,29].asc
ncols 128
nrows 128
xllcorner 0
yllcorner 0
cellsize 2.0
NODATA_value  -9999
[rows 58 to 86 of 128, columns 0 to 66 of 128]
-112.72 -112.84 -112.97 -113.12 -113.25 -113.41 -113.59 -113.75 -113.94 -114.12 -114.34 -114.56 -114.75 -115.00 -115.22 -115.47 -115.72 -115.94 -116.19 -116.44 -116.69 -116.91 -117.16 -117.38 -117.56 -117.75 -117.94 -118.09 -118.25 -118.38 -118.47 -118.56 -118.66 -118.72 -118.75 -118.81 -118.84 -118.88 -118.88 -118.91 -118.91 -118.91 -118.91 -118.94 -118.94 -118.91 -118.91 -118.91 -118.88 -118.88 -118.88 -118.88 -118.88 -118.88 -118.84 -118.81 -118.75 -118.69 -118.62 -118.56 -118.44 -118.34 -118.19 -118.06 -117.91 -117.78 -117.66
-112.88 -113.00 -113.12 -113.28 -113.44 -113.59 -113.75 -113.94 -114.12 -114.31 -114.53 -114.72 -114.94 -115.16 -115.41 -115.62 -115.88 -116.09 -116.34 -116.59 -116.81 -117.03 -117.25 -117.47 -117.66 -117.84 -118.00 -118.16 -118.31 -118.44 -118.53 -118.62 -118.69 -118.75 -118.78 -118.84 -118.88 -118.88 -118.91 -118.91 -118.91 -118.91 -118.91 -118.91 -118.91 -118.91 -118.91 -118.91 -118.88 -118.88 -118.88 -118.88 -118.88 -118.88 -118.88 -118.84 -118.78 -118.75 -118.69 -118.59 -118.50 -118.38 -118.25 -118.12 -118.00 -117.88 -117.75
-113.03 -113.16 -113.28 -113.44 -113.59 -113.75 -113.94 -114.09 -114.28 -114.50 -114.69 -114.91 -115.09 -115.31 -115.56 -115.78 -116.00 -116.25 -116.47 -116.69 -116.94 -117.16 -117.34 -117.56 -117.75 -117.91 -118.09 -118.22 -118.34 -118.47 -118.56 -118.66 -118.72 -118.78 -118.81 -118.84 -118.88 -118.91 -118.91 -118.91 -118.91 -118.91 -118.91 -118.91 -118.91 -118.91 -118.91 -118.91 -118.91 -118.91 -118.91 -118.91 -118.88 -118.88 -118.88 -118.84 -118.81 -118.75 -118.69 -118.62 -118.53 -118.41 -118.31 -118.19 -118.06 -117.94 -117.81
-113.16 -113.28 -113.44 -113.59 -113.75 -113.91 -114.09 -114.25 -114.44 -114.66 -114.84 -115.06 -115.25 -115.47 -115.69 -115.91 -116.16 -116.38 -116.59 -116.81 -117.03 -117.25 -117.44 -117.62 -117.81 -118.00 -118.12 -118.28 -118.41 -118.50 -118.59 -118.69 -118.75 -118.78 -118.84 -118.88 -118.91 -118.91 -118.91 -118.91 -118.91 -118.91 -118.91 -118.91 -118.91 -118.91 -118.91 -118.91 -118.91 -118.91 -118.91 -118.88 -118.88 -118.88 -118.88 -118.84 -118.81 -118.78 -118.72 -118.62 -118.53 -118.44 -118.34 -118.22 -118.09 -118.00 -117.91
-113.28 -113.41 -113.56 -113.72 -113.88 -114.06 -114.22 -114.41 -114.59 -114.78 -115.00 -115.19 -115.41 -115.62 -115.84 -116.06 -116.28 -116.50 -116.72 -116.91 -117.12 -117.34 -117.53 -117.72 -117.88 -118.03 -118.19 -118.31 -118.44 -118.53 -118.62 -118.69 -118.75 -118.81 -118.84 -118.88 -118.91 -118.91 -118.91 -118.91 -118.91 -118.91 -118.91 -118.91 -118.91 -118.91 -118.91 -118.91 -118.91 -118.91 -118.91 -118.88 -118.88 -118.88 -118.84 -118.84 -118.81 -118.78 -118.72 -118.62 -118.56 -118.47 -118.38 -118.25 -118.16 -118.03 -117.97
-113.38 -113.53 -113.69 -113.84 -114.00 -114.19 -114.38 -114.56 -114.75 -114.94 -115.12 -115.34 -115.53 -115.75 -115.97 -116.19 -116.38 -116.59 -116.81 -117.00 -117.22 -117.41 -117.59 -117.78 -117.94 -118.09 -118.22 -118.34 -118.47 -118.56 -118.62 -118.72 -118.78 -118.81 -118.84 -118.88 -118.91 -118.91 -118.91 -118.91 -118.91 -118.91 -118.91 -118.91 -118.91 -118.91 -118.91 -118.91 -118.91 -118.91 -118.91 -118.88 -118.88 -118.88 -118.84 -118.84 -118.81 -118.75 -118.72 -118.66 -118.56 -118.47 -118.38 -118.28 -118.19 -118.09 -118.00
-113.50 -113.66 -113.81 -113.97 -114.12 -114.31 -114.50 -114.69 -114.88 -115.06 -115.25 -115.47 -115.66 -115.88 -116.06 -116.28 -116.50 -116.69 -116.91 -117.09 -117.28 -117.47 -117.66 -117.81 -117.97 -118.12 -118.25 -118.38 -118.47 -118.56 -118.66 -118.72 -118.78 -118.81 -118.84 -118.88 -118.91 -118.91 -118.91 -118.91 -118.91 -118.91 -118.91 -118.91 -118.91 -118.91 -118.91 -118.91 -118.91 -118.91 -118.91 -118.88 -118.88 -118.84 -118.84 -118.81 -118.78 -118.75 -118.72 -118.66 -118.56 -118.47 -118.41 -118.28 -118.19 -118.12 -118.06
-113.59 -113.75 -113.91 -114.06 -114.25 -114.44 -114.59 -114.78 -115.00 -115.19 -115.38 -115.56 -115.78 -115.97 -116.19 -116.38 -116.59 -116.78 -117.00 -117.19 -117.38 -117.53 -117.72 -117.88 -118.03 -118.16 -118.28 -118.41 -118.50 -118.59 -118.66 -118.72 -118.78 -118.81 -118.84 -118.88 -118.91 -118.91 -118.91 -118.91 -118.91 -118.91 -118.91 -118.91 -118.91 -118.91 -118.91 -118.91 -118.91 -118.91 -118.88 -118.88 -118.88 -118.84 -118.84 -118.81 -118.78 -118.75 -118.69 -118.62 -118.56 -118.50 -118.41 -118.31 -118.22 -118.12 -118.09
-113.69 -113.84 -114.00 -114.16 -114.34 -114.53 -114.72 -114.91 -115.09 -115.28 -115.50 -115.69 -115.88 -116.09 -116.28 -116.47 -116.69 -116.88 -117.06 -117.25 -117.44 -117.59 -117.75 -117.91 -118.06 -118.19 -118.31 -118.41 -118.50 -118.59 -118.66 -118.72 -118.78 -118.81 -118.84 -118.88 -118.91 -118.91 -118.91 -118.91 -118.91 -118.91 -118.91 -118.91 -118.91 -118.91 -118.91 -118.91 -118.91 -118.88 -118.88 -118.88 -118.84 -118.84 -118.81 -118.81 -118.78 -118.72 -118.69 -118.62 -118.56 -118.47 -118.38 -118.31 -118.22 -118.12 -118.09
-113.75 -113.91 -114.09 -114.25 -114.44 -114.62 -114.81 -115.00 -115.19 -115.38 -115.59 -115.78 -115.97 -116.19 -116.38 -116.56 -116.75 -116.94 -117.12 -117.31 -117.47 -117.66 -117.81 -117.94 -118.09 -118.22 -118.31 -118.44 -118.53 -118.59 -118.69 -118.72 -118.78 -118.81 -118.84 -118.88 -118.91 -118.91 -118.91 -118.91 -118.91 -118.91 -118.91 -118.91 -118.91 -118.88 -118.88 -118.88 -118.88 -118.88 -118.88 -118.84 -118.84 -118.81 -118.81 -118.78 -118.75 -118.72 -118.66 -118.59 -118.53 -118.47 -118.38 -118.28 -118.19 -118.12 -118.09
-113.84 -114.00 -114.16 -114.34 -114.53 -114.72 -114.91 -115.09 -115.28 -115.47 -115.69 -115.88 -116.06 -116.25 -116.47 -116.66 -116.84 -117.00 -117.19 -117.38 -117.53 -117.69 -117.84 -117.97 -118.12 -118.22 -118.34 -118.44 -118.53 -118.59 -118.69 -118.72 -118.78 -118.81 -118.84 -118.88 -118.88 -118.91 -118.91 -118.91 -118.91 -118.91 -118.91 -118.91 -118.91 -118.88 -118.88 -118.88 -118.88 -118.88 -118.88 -118.84 -118.81 -118.81 -118.78 -118.75 -118.72 -118.69 -118.66 -118.59 -118.53 -118.44 -118.34 -118.25 -118.19 -118.09 -118.06
-113.91 -114.06 -114.25 -114.41 -114.59 -114.78 -114.97 -115.19 -115.38 -115.56 -115.75 -115.94 -116.16 -116.34 -116.53 -116.72 -116.91 -117.06 -117.25 -117.41 -117.56 -117.72 -117.88 -118.00 -118.12 -118.25 -118.34 -118.44 -118.53 -118.59 -118.69 -118.72 -118.78 -118.81 -118.84 -118.88 -118.88 -118.88 -118.91 -118.91 -118.91 -118.91 -118.91 -118.91 -118.88 -118.88 -118.88 -118.88 -118.88 -118.84 -118.84 -118.84 -118.81 -118.78 -118.75 -118.72 -118.69 -118.66 -118.62 -118.56 -118.47 -118.41 -118.31 -118.22 -118.16 -118.06 -118.03
-113.97 -114.12 -114.31 -114.47 -114.66 -114.84 -115.06 -115.25 -115.44 -115.62 -115.84 -116.03 -116.22 -116.41 -116.59 -116.78 -116.97 -117.12 -117.28 -117.47 -117.62 -117.75 -117.91 -118.03 -118.16 -118.25 -118.38 -118.44 -118.53 -118.59 -118.66 -118.72 -118.75 -118.81 -118.84 -118.84 -118.88 -118.88 -118.88 -118.91 -118.91 -118.91 -118.91 -118.91 -118.88 -118.88 -118.88 -118.88 -118.84 -118.84 -118.84 -118.81 -118.78 -118.75 -118.72 -118.69 -118.66 -118.62 -118.56 -118.50 -118.44 -118.38 -118.28 -118.19 -118.09 -118.03 -117.97
-114.00 -114.19 -114.34 -114.53 -114.72 -114.91 -115.12 -115.31 -115.50 -115.72 -115.91 -116.09 -116.28 -116.47 -116.66 -116.84 -117.00 -117.19 -117.34 -117.50 -117.66 -117.78 -117.91 -118.03 -118.16 -118.28 -118.38 -118.44 -118.53 -118.59 -118.66 -118.72 -118.75 -118.78 -118.81 -118.84 -118.84 -118.88 -118.88 -118.88 -118.88 -118.88 -118.88 -118.88 -118.88 -118.88 -118.88 -118.84 -118.84 -118.81 -118.81 -118.78 -118.75 -118.72 -118.69 -118.66 -118.62 -118.56 -118.53 -118.47 -118.38 -118.31 -118.22 -118.12 -118.03 -117.97 -117.91
-114.06 -114.22 -114.41 -114.59 -114.78 -114.97 -115.16 -115.38 -115.56 -115.75 -115.97 -116.16 -116.34 -116.53 -116.72 -116.88 -117.06 -117.22 -117.38 -117.53 -117.69 -117.81 -117.94 -118.06 -118.16 -118.28 -118.38 -118.44 -118.53 -118.59 -118.66 -118.69 -118.75 -118.78 -118.81 -118.81 -118.84 -118.84 -118.88 -118.88 -118.88 -118.88 -118.88 -118.88 -118.88 -118.84 -118.84 -118.84 -118.81 -118.81 -118.78 -118.75 -118.72 -118.69 -118.66 -118.62 -118.59 -118.53 -118.47 -118.41 -118.34 -118.25 -118.16 -118.06 -117.97 -117.88 -117.81
-114.09 -114.28 -114.44 -114.62 -114.84 -115.03 -115.22 -115.41 -115.62 -115.81 -116.00 -116.22 -116.41 -116.59 -116.75 -116.94 -117.09 -117.25 -117.41 -117.56 -117.69 -117.84 -117.94 -118.06 -118.19 -118.28 -118.38 -118.44 -118.50 -118.59 -118.62 -118.69 -118.72 -118.75 -118.78 -118.81 -118.81 -118.84 -118.84 -118.88 -118.88 -118.88 -118.88 -118.84 -118.84 -118.84 -118.84 -118.81 -118.78 -118.78 -118.75 -118.72 -118.69 -118.66 -118.62 -118.59 -118.53 -118.47 -118.41 -118.34 -118.25 -118.19 -118.09 -118.00 -117.91 -117.81 -117.75
-114.12 -114.31 -114.50 -114.69 -114.88 -115.06 -115.25 -115.47 -115.66 -115.84 -116.06 -116.25 -116.44 -116.62 -116.81 -116.97 -117.16 -117.31 -117.44 -117.59 -117.72 -117.84 -117.97 -118.06 -118.19 -118.28 -118.34 -118.44 -118.50 -118.56 -118.62 -118.66 -118.72 -118.75 -118.78 -118.78 -118.81 -118.81 -118.84 -118.84 -118.84 -118.84 -118.84 -118.84 -118.84 -118.81 -118.81 -118.78 -118.75 -118.75 -118.72 -118.69 -118.66 -118.62 -118.59 -118.53 -118.47 -118.41 -118.34 -118.25 -118.19 -118.09 -118.00 -117.91 -117.81 -117.72 -117.66
-114.16 -114.34 -114.53 -114.69 -114.91 -115.09 -115.28 -115.50 -115.69 -115.91 -116.09 -116.28 -116.47 -116.66 -116.84 -117.00 -117.19 -117.34 -117.47 -117.62 -117.75 -117.88 -117.97 -118.06 -118.19 -118.25 -118.34 -118.44 -118.50 -118.56 -118.59 -118.66 -118.69 -118.72 -118.75 -118.78 -118.78 -118.81 -118.81 -118.81 -118.81 -118.81 -118.81 -118.81 -118.81 -118.78 -118.78 -118.75 -118.72 -118.69 -118.66 -118.62 -118.59 -118.56 -118.53 -118.47 -118.41 -118.34 -118.25 -118.19 -118.09 -118.00 -117.91 -117.81 -117.72 -117.62 -117.56
-114.19 -114.38 -114.53 -114.72 -114.91 -115.12 -115.31 -115.53 -115.72 -115.91 -116.12 -116.31 -116.50 -116.69 -116.88 -117.03 -117.19 -117.34 -117.50 -117.62 -117.75 -117.88 -117.97 -118.06 -118.16 -118.25 -118.34 -118.41 -118.47 -118.53 -118.59 -118.62 -118.69 -118.72 -118.72 -118.75 -118.78 -118.78 -118.78 -118.81 -118.81 -118.78 -118.78 -118.78 -118.78 -118.75 -118.75 -118.72 -118.69 -118.66 -118.62 -118.59 -118.53 -118.50 -118.44 -118.41 -118.34 -118.25 -118.19 -118.09 -118.00 -117.91 -117.81 -117.72 -117.62 -117.53 -117.47
-114.22 -114.41 -114.56 -114.75 -114.94 -115.12 -115.34 -115.53 -115.75 -115.94 -116.12 -116.31 -116.50 -116.69 -116.88 -117.03 -117.19 -117.34 -117.50 -117.62 -117.75 -117.88 -117.97 -118.06 -118.16 -118.25 -118.31 -118.38 -118.47 -118.50 -118.56 -118.62 -118.66 -118.69 -118.72 -118.72 -118.75 -118.75 -118.78 -118.78 -118.78 -118.78 -118.75 -118.75 -118.75 -118.72 -118.69 -118.66 -118.62 -118.59 -118.56 -118.53 -118.47 -118.41 -118.38 -118.31 -118.25 -118.16 -118.06 -118.00 -117.91 -117.81 -117.69 -117.59 -117.50 -117.44 -117.34
-114.28 -114.44 -114.59 -114.78 -114.94 -115.16 -115.34 -115.53 -115.75 -115.94 -116.12 -116.31 -116.50 -116.69 -116.88 -117.03 -117.19 -117.34 -117.50 -117.62 -117.75 -117.84 -117.97 -118.06 -118.12 -118.22 -118.31 -118.38 -118.44 -118.50 -118.53 -118.59 -118.62 -118.66 -118.69 -118.69 -118.72 -118.72 -118.75 -118.75 -118.75 -118.72 -118.72 -118.72 -118.69 -118.69 -118.66 -118.62 -118.59 -118.53 -118.50 -118.44 -118.41 -118.34 -118.28 -118.22 -118.12 -118.06 -117.97 -117.88 -117.78 -117.69 -117.59 -117.47 -117.41 -117.31 -117.25
-114.34 -114.47 -114.62 -114.81 -114.97 -115.16 -115.34 -115.56 -115.75 -115.94 -116.12 -116.31 -116.50 -116.69 -116.84 -117.03 -117.19 -117.31 -117.47 -117.59 -117.72 -117.81 -117.94 -118.03 -118.12 -118.19 -118.28 -118.34 -118.41 -118.47 -118.53 -118.56 -118.59 -118.62 -118.66 -118.69 -118.69 -118.69 -118.72 -118.72 -118.72 -118.69 -118.69 -118.69 -118.66 -118.62 -118.59 -118.56 -118.53 -118.47 -118.44 -118.38 -118.31 -118.25 -118.19 -118.09 -118.03 -117.94 -117.84 -117.75 -117.66 -117.56 -117.44 -117.34 -117.25 -117.19 -117.09
-114.41 -114.53 -114.69 -114.84 -115.00 -115.19 -115.38 -115.56 -115.75 -115.94 -116.12 -116.31 -116.50 -116.66 -116.84 -117.00 -117.16 -117.28 -117.44 -117.56 -117.69 -117.78 -117.91 -118.00 -118.09 -118.19 -118.25 -118.31 -118.38 -118.44 -118.50 -118.53 -118.56 -118.59 -118.62 -118.66 -118.66 -118.66 -118.66 -118.69 -118.66 -118.66 -118.66 -118.62 -118.59 -118.59 -118.56 -118.50 -118.47 -118.41 -118.34 -118.28 -118.22 -118.16 -118.06 -117.97 -117.91 -117.81 -117.72 -117.62 -117.50 -117.41 -117.31 -117.22 -117.12 -117.03 -116.97
-114.47 -114.59 -114.72 -114.88 -115.03 -115.22 -115.38 -115.56 -115.75 -115.94 -116.12 -116.28 -116.47 -116.62 -116.81 -116.97 -117.12 -117.25 -117.41 -117.53 -117.66 -117.75 -117.88 -117.97 -118.06 -118.16 -118.22 -118.28 -118.34 -118.41 -118.47 -118.50 -118.53 -118.56 -118.59 -118.59 -118.62 -118.62 -118.62 -118.62 -118.62 -118.62 -118.59 -118.59 -118.56 -118.53 -118.50 -118.44 -118.41 -118.34 -118.28 -118.22 -118.12 -118.03 -117.94 -117.84 -117.78 -117.69 -117.59 -117.47 -117.38 -117.25 -117.16 -117.06 -116.97 -116.91 -116.84
-114.56 -114.66 -114.78 -114.94 -115.06 -115.22 -115.41 -115.56 -115.75 -115.91 -116.09 -116.28 -116.44 -116.62 -116.78 -116.94 -117.09 -117.22 -117.38 -117.50 -117.62 -117.72 -117.84 -117.94 -118.03 -118.12 -118.19 -118.25 -118.31 -118.38 -118.44 -118.47 -118.50 -118.53 -118.56 -118.56 -118.59 -118.59 -118.59 -118.59 -118.59 -118.56 -118.56 -118.53 -118.50 -118.47 -118.44 -118.38 -118.34 -118.28 -118.22 -118.12 -118.03 -117.94 -117.84 -117.75 -117.62 -117.53 -117.44 -117.34 -117.22 -117.12 -117.00 -116.91 -116.81 -116.75 -116.69
-114.69 -114.75 -114.84 -114.97 -115.09 -115.25 -115.41 -115.56 -115.72 -115.91 -116.06 -116.25 -116.41 -116.59 -116.75 -116.91 -117.03 -117.19 -117.31 -117.47 -117.59 -117.69 -117.81 -117.91 -118.00 -118.06 -118.16 -118.22 -118.28 -118.34 -118.38 -118.44 -118.47 -118.50 -118.53 -118.53 -118.56 -118.56 -118.56 -118.56 -118.53 -118.53 -118.50 -118.50 -118.47 -118.41 -118.38 -118.31 -118.28 -118.19 -118.12 -118.03 -117.94 -117.84 -117.72 -117.62 -117.50 -117.41 -117.31 -117.19 -117.09 -116.97 -116.88 -116.75 -116.69 -116.59 -116.56
-114.81 -114.88 -114.94 -115.03 -115.16 -115.28 -115.44 -115.56 -115.72 -115.91 -116.06 -116.22 -116.38 -116.53 -116.69 -116.84 -117.00 -117.16 -117.28 -117.41 -117.53 -117.66 -117.78 -117.88 -117.97 -118.03 -118.12 -118.19 -118.25 -118.31 -118.34 -118.41 -118.44 -118.47 -118.47 -118.50 -118.50 -118.50 -118.50 -118.50 -118.50 -118.50 -118.47 -118.44 -118.41 -118.38 -118.31 -118.25 -118.19 -118.12 -118.06 -117.97 -117.88 -117.75 -117.62 -117.50 -117.41 -117.28 -117.16 -117.06 -116.94 -116.84 -116.72 -116.62 -116.53 -116.47 -116.41
-114.97 -115.00 -115.06 -115.16 -115.25 -115.34 -115.47 -115.59 -115.75 -115.91 -116.03 -116.19 -116.34 -116.50 -116.66 -116.81 -116.97 -117.09 -117.25 -117.38 -117.50 -117.62 -117.72 -117.84 -117.91 -118.00 -118.09 -118.16 -118.22 -118.28 -118.31 -118.34 -118.38 -118.41 -118.44 -118.47 -118.47 -118.47 -118.47 -118.47 -118.47 -118.44 -118.41 -118.38 -118.34 -118.31 -118.25 -118.19 -118.12 -118.06 -117.97 -117.88 -117.78 -117.66 -117.53 -117.41 -117.28 -117.19 -117.06 -116.94 -116.81 -116.72 -116.59 -116.50 -116.41 -116.34 -116.28
-115.12 -115.16 -115.22 -115.28 -115.34 -115.44 -115.53 -115.66 -115.78 -115.91 -116.03 -116.19 -116.31 -116.47 -116.62 -116.78 -116.91 -117.06 -117.19 -117.34 -117.47 -117.59 -117.69 -117.78 -117.88 -117.97 -118.03 -118.12 -118.19 -118.22 -118.28 -118.31 -118.34 -118.38 -118.41 -118.41 -118.44 -118.44 -118.44 -118.44 -118.41 -118.41 -118.38 -118.34 -118.31 -118.25 -118.22 -118.16 -118.06 -118.00 -117.91 -117.81 -117.69 -117.59 -117.47 -117.34 -117.22 -117.09 -116.97 -116.84 -116.72 -116.62 -116.50 -116.41 -116.31 -116.22 -116.16
