everonasctiles/Tile[30,6].asc
ncols 128
nrows 128
xllcorner 0
yllcorner 0
cellsize 2.0
NODATA_value  -9999
[rows 34 to 67 of 128, columns 0 to 76 of 128]
70.81 71.47 72.09 72.75 73.31 74.09 74.84 75.47 76.00 76.53 77.00 77.47 77.81 78.12 78.41 78.66 78.81 79.03 79.16 79.34 79.44 79.59 79.78 79.94 80.09 80.25 80.41 80.59 80.69 80.81 80.97 81.03 81.03 81.09 81.03 81.03 80.97 80.91 80.88 80.88 80.88 80.91 80.91 80.91 80.88 80.84 80.78 80.72 80.62 80.53 80.41 80.31 80.31 80.72 81.16 81.31 81.09 80.91 80.69 80.47 80.25 80.06 79.84 79.66 79.44 79.25 79.03 78.81 78.62 78.41 78.22 78.00 77.81 77.66 77.50 77.34 77.19
69.50 70.12 70.78 71.34 72.06 73.03 73.69 74.31 74.88 75.44 75.94 76.41 76.81 77.16 77.44 77.69 77.88 78.09 78.25 78.41 78.56 78.69 78.84 79.03 79.19 79.38 79.56 79.72 79.88 80.06 80.19 80.28 80.31 80.34 80.28 80.25 80.12 80.06 80.03 80.03 80.06 80.09 80.16 80.19 80.19 80.19 80.16 80.12 80.06 80.00 79.91 79.84 79.75 79.69 79.62 79.56 79.75 80.16 80.47 80.41 80.22 80.00 79.78 79.59 79.38 79.19 78.97 78.78 78.56 78.34 78.16 77.94 77.75 77.59 77.44 77.28 77.16
68.12 68.81 69.38 70.06 71.06 71.84 72.50 73.12 73.78 74.34 74.91 75.38 75.81 76.16 76.47 76.72 76.97 77.16 77.31 77.47 77.62 77.81 77.97 78.12 78.28 78.47 78.66 78.81 79.00 79.19 79.34 79.47 79.56 79.59 79.56 79.53 79.44 79.31 79.28 79.25 79.25 79.31 79.34 79.41 79.44 79.44 79.44 79.44 79.41 79.34 79.31 79.25 79.22 79.16 79.12 79.09 79.06 79.00 78.97 78.88 79.12 79.50 79.69 79.53 79.31 79.12 78.91 78.72 78.50 78.31 78.09 77.88 77.69 77.53 77.38 77.22 77.09
66.81 67.41 68.12 69.09 69.94 70.62 71.34 72.03 72.69 73.28 73.81 74.34 74.78 75.16 75.50 75.78 75.97 76.22 76.38 76.56 76.69 76.88 77.03 77.19 77.34 77.53 77.72 77.88 78.06 78.28 78.47 78.59 78.72 78.78 78.75 78.78 78.69 78.59 78.50 78.47 78.44 78.47 78.53 78.59 78.62 78.66 78.69 78.69 78.69 78.66 78.62 78.59 78.56 78.56 78.53 78.53 78.50 78.50 78.44 78.38 78.25 78.12 77.97 78.06 78.47 78.88 78.84 78.66 78.44 78.25 78.03 77.84 77.66 77.50 77.34 77.16 77.06
65.44 66.12 67.12 67.97 68.66 69.50 70.19 70.94 71.56 72.19 72.81 73.31 73.78 74.16 74.47 74.78 75.03 75.22 75.41 75.59 75.75 75.88 76.00 76.19 76.38 76.53 76.75 76.91 77.16 77.31 77.53 77.72 77.84 77.91 77.94 77.97 77.94 77.84 77.72 77.66 77.62 77.62 77.66 77.72 77.78 77.81 77.84 77.88 77.88 77.88 77.88 77.88 77.88 77.88 77.88 77.91 77.91 77.91 77.88 77.84 77.75 77.66 77.56 77.47 77.34 77.25 77.16 77.50 77.97 78.16 77.97 77.75 77.59 77.44 77.28 77.09 77.00
64.19 65.19 66.00 66.72 67.53 68.25 69.16 69.81 70.50 71.16 71.75 72.28 72.75 73.16 73.47 73.78 74.00 74.22 74.44 74.56 74.72 74.91 75.03 75.16 75.38 75.53 75.72 75.94 76.16 76.38 76.59 76.72 76.88 77.03 77.06 77.09 77.06 77.00 76.91 76.81 76.78 76.75 76.78 76.81 76.88 76.94 76.97 77.00 77.03 77.06 77.06 77.09 77.09 77.12 77.16 77.19 77.22 77.25 77.25 77.25 77.19 77.12 77.09 77.03 76.97 76.88 76.81 76.72 76.66 76.59 76.69 77.12 77.47 77.38 77.22 77.06 76.94
63.22 64.03 64.75 65.59 66.28 67.22 68.00 68.72 69.44 70.06 70.66 71.22 71.69 72.09 72.47 72.75 73.03 73.22 73.41 73.56 73.75 73.84 74.00 74.16 74.34 74.50 74.66 74.91 75.12 75.38 75.59 75.78 75.94 76.03 76.09 76.16 76.16 76.09 76.03 75.94 75.91 75.88 75.88 75.91 75.94 76.00 76.03 76.09 76.12 76.16 76.19 76.25 76.28 76.34 76.38 76.44 76.50 76.53 76.56 76.59 76.59 76.59 76.56 76.56 76.53 76.50 76.44 76.41 76.34 76.31 76.28 76.22 76.19 76.34 76.81 77.00 76.88
62.06 62.84 63.59 64.31 65.28 66.09 66.88 67.62 68.34 69.00 69.59 70.16 70.59 71.03 71.44 71.72 72.00 72.22 72.38 72.56 72.69 72.84 72.97 73.09 73.28 73.47 73.62 73.84 74.06 74.31 74.53 74.72 74.94 75.06 75.12 75.19 75.22 75.16 75.16 75.06 75.00 74.97 74.94 74.94 74.97 75.03 75.06 75.12 75.16 75.22 75.28 75.34 75.41 75.47 75.56 75.62 75.72 75.78 75.84 75.91 75.94 75.97 76.00 76.03 76.06 76.06 76.03 76.03 76.03 76.00 75.97 75.88 75.84 75.84 75.88 76.03 76.56
60.94 61.66 62.34 63.28 64.16 64.94 65.78 66.50 67.22 67.91 68.50 69.03 69.53 69.97 70.38 70.69 70.97 71.16 71.34 71.53 71.66 71.78 71.91 72.06 72.22 72.41 72.59 72.75 73.03 73.25 73.47 73.72 73.84 74.03 74.06 74.16 74.22 74.22 74.22 74.12 74.09 74.06 74.00 74.00 74.00 74.03 74.06 74.12 74.19 74.25 74.31 74.41 74.47 74.56 74.69 74.78 74.88 74.97 75.09 75.16 75.25 75.34 75.41 75.47 75.53 75.56 75.59 75.62 75.62 75.62 75.53 75.47 75.44 75.47 75.50 75.59 75.72
60.03 60.75 61.31 62.19 63.00 63.81 64.62 65.41 66.12 66.78 67.38 67.91 68.44 68.91 69.28 69.59 69.91 70.12 70.28 70.47 70.62 70.75 70.88 71.00 71.12 71.34 71.50 71.72 71.97 72.19 72.41 72.66 72.84 72.94 73.06 73.16 73.19 73.25 73.25 73.19 73.16 73.16 73.09 73.03 73.00 73.00 73.06 73.12 73.19 73.25 73.34 73.44 73.53 73.62 73.75 73.88 74.00 74.12 74.28 74.41 74.53 74.69 74.78 74.91 74.97 75.06 75.12 75.16 75.19 75.12 75.06 75.03 75.03 75.06 75.12 75.22 75.34
59.19 59.62 60.41 61.09 61.91 62.72 63.53 64.25 65.00 65.66 66.25 66.81 67.31 67.81 68.22 68.56 68.81 69.06 69.25 69.41 69.56 69.69 69.81 69.94 70.06 70.28 70.44 70.66 70.88 71.12 71.34 71.59 71.78 71.88 72.03 72.12 72.19 72.22 72.25 72.25 72.19 72.25 72.19 72.16 72.12 72.09 72.09 72.12 72.19 72.25 72.34 72.44 72.53 72.66 72.78 72.94 73.09 73.25 73.44 73.59 73.78 73.97 74.12 74.25 74.38 74.50 74.59 74.66 74.69 74.66 74.59 74.56 74.56 74.62 74.69 74.78 74.91
58.22 58.78 59.38 60.06 60.81 61.62 62.38 63.16 63.88 64.53 65.12 65.69 66.25 66.72 67.12 67.44 67.78 67.97 68.19 68.41 68.50 68.66 68.81 68.91 69.03 69.19 69.41 69.59 69.81 70.09 70.28 70.50 70.72 70.84 71.00 71.09 71.19 71.25 71.28 71.28 71.28 71.31 71.25 71.22 71.19 71.16 71.16 71.19 71.22 71.25 71.31 71.41 71.53 71.66 71.81 71.97 72.16 72.34 72.56 72.78 73.00 73.22 73.41 73.59 73.75 73.91 74.03 74.16 74.16 74.12 74.09 74.09 74.09 74.16 74.25 74.34 74.47
57.38 57.94 58.41 59.00 59.72 60.50 61.25 62.00 62.72 63.38 63.97 64.59 65.12 65.59 66.00 66.38 66.66 66.94 67.19 67.34 67.44 67.62 67.75 67.91 68.00 68.19 68.38 68.53 68.78 69.03 69.25 69.47 69.69 69.81 69.97 70.09 70.16 70.28 70.28 70.28 70.28 70.31 70.31 70.28 70.25 70.25 70.25 70.22 70.22 70.25 70.31 70.38 70.50 70.66 70.81 71.00 71.22 71.44 71.66 71.91 72.16 72.41 72.66 72.91 73.09 73.28 73.44 73.59 73.59 73.59 73.59 73.59 73.62 73.69 73.78 73.88 74.00
56.50 57.03 57.44 57.97 58.72 59.44 60.16 60.84 61.59 62.22 62.88 63.50 64.00 64.47 64.94 65.28 65.62 65.91 66.12 66.31 66.47 66.59 66.75 66.88 67.00 67.19 67.34 67.53 67.75 67.97 68.19 68.41 68.59 68.75 68.94 69.06 69.16 69.25 69.28 69.31 69.34 69.34 69.38 69.34 69.31 69.31 69.28 69.25 69.22 69.22 69.25 69.31 69.44 69.59 69.78 69.97 70.19 70.44 70.69 71.00 71.28 71.59 71.91 72.19 72.44 72.62 72.81 72.97 73.00 73.03 73.03 73.09 73.16 73.22 73.31 73.44 73.56
55.62 56.06 56.50 57.09 57.72 58.38 59.03 59.69 60.44 61.09 61.72 62.34 62.91 63.41 63.81 64.25 64.59 64.84 65.12 65.31 65.47 65.59 65.78 65.91 66.00 66.19 66.34 66.53 66.75 67.00 67.19 67.38 67.56 67.75 67.88 68.03 68.16 68.25 68.28 68.31 68.41 68.38 68.41 68.38 68.34 68.34 68.25 68.19 68.12 68.09 68.12 68.22 68.38 68.56 68.75 68.97 69.19 69.44 69.72 70.06 70.38 70.72 71.03 71.38 71.66 71.91 72.12 72.28 72.34 72.41 72.47 72.53 72.62 72.75 72.84 72.97 73.12
54.62 54.97 55.47 55.97 56.66 57.28 57.94 58.62 59.31 59.97 60.62 61.22 61.78 62.31 62.78 63.16 63.53 63.84 64.09 64.31 64.47 64.59 64.81 64.94 65.06 65.25 65.41 65.62 65.78 66.00 66.19 66.38 66.56 66.72 66.88 67.00 67.09 67.22 67.28 67.31 67.38 67.38 67.41 67.41 67.31 67.25 67.09 67.00 66.91 66.88 66.88 66.94 67.12 67.34 67.59 67.81 68.09 68.44 68.78 69.12 69.47 69.84 70.19 70.53 70.88 71.16 71.41 71.59 71.69 71.78 71.88 72.00 72.09 72.25 72.38 72.53 72.69
53.62 54.03 54.41 54.94 55.50 56.19 56.88 57.50 58.16 58.84 59.53 60.12 60.69 61.22 61.69 62.12 62.47 62.84 63.12 63.31 63.50 63.69 63.88 64.00 64.16 64.34 64.47 64.66 64.84 65.03 65.19 65.38 65.56 65.72 65.84 66.00 66.09 66.19 66.25 66.28 66.34 66.34 66.31 66.19 66.06 65.97 65.81 65.69 65.56 65.47 65.47 65.56 65.72 66.00 66.31 66.62 67.00 67.34 67.72 68.12 68.47 68.88 69.25 69.66 70.00 70.34 70.62 70.81 70.97 71.12 71.25 71.41 71.56 71.72 71.91 72.06 72.25
52.69 53.06 53.41 53.84 54.44 55.06 55.78 56.41 57.06 57.78 58.44 59.03 59.62 60.16 60.62 61.12 61.47 61.84 62.12 62.41 62.56 62.78 62.97 63.09 63.28 63.41 63.59 63.75 63.91 64.12 64.25 64.41 64.56 64.72 64.84 64.97 65.06 65.19 65.22 65.28 65.25 65.16 65.09 64.97 64.81 64.62 64.38 64.12 63.97 64.00 64.06 64.22 64.41 64.66 64.97 65.38 65.81 66.22 66.62 67.03 67.44 67.84 68.28 68.69 69.09 69.47 69.81 70.06 70.25 70.44 70.62 70.81 71.00 71.19 71.38 71.59 71.81
51.75 52.16 52.56 52.88 53.50 54.03 54.62 55.31 56.00 56.62 57.28 57.94 58.50 59.09 59.62 60.06 60.50 60.84 61.19 61.41 61.69 61.91 62.06 62.28 62.44 62.59 62.72 62.88 63.03 63.22 63.31 63.44 63.62 63.72 63.84 63.94 64.03 64.12 64.19 64.19 64.09 63.97 63.88 63.69 63.47 63.09 62.78 62.56 62.50 62.56 62.72 62.91 63.09 63.38 63.72 64.16 64.62 65.09 65.50 65.91 66.31 66.78 67.28 67.75 68.19 68.59 68.97 69.28 69.53 69.78 70.00 70.22 70.44 70.69 70.91 71.16 71.41
50.97 51.25 51.62 52.12 52.44 52.94 53.53 54.22 54.88 55.50 56.19 56.84 57.47 58.00 58.59 59.09 59.53 59.88 60.22 60.53 60.81 61.06 61.22 61.44 61.56 61.78 61.88 62.03 62.16 62.28 62.41 62.53 62.69 62.78 62.88 62.97 63.00 63.12 63.12 63.03 62.94 62.81 62.66 62.28 61.91 61.59 61.34 61.19 61.19 61.25 61.41 61.62 61.91 62.22 62.56 63.00 63.47 64.00 64.44 64.84 65.28 65.78 66.28 66.78 67.25 67.72 68.16 68.50 68.81 69.12 69.38 69.66 69.91 70.19 70.44 70.72 71.03
50.22 50.44 50.78 51.22 51.56 51.81 52.38 53.06 53.66 54.41 55.09 55.72 56.38 57.00 57.53 58.06 58.53 58.94 59.31 59.66 59.97 60.19 60.41 60.59 60.81 60.94 61.09 61.19 61.34 61.44 61.53 61.66 61.75 61.81 61.91 61.97 61.97 62.12 62.06 61.91 61.78 61.62 61.25 60.91 60.66 60.38 60.12 59.97 59.94 60.03 60.31 60.59 60.94 61.28 61.59 61.97 62.41 62.97 63.47 63.91 64.34 64.88 65.41 65.91 66.41 66.88 67.38 67.78 68.16 68.50 68.81 69.09 69.41 69.72 70.03 70.34 70.69
49.22 49.78 50.00 50.34 50.62 50.88 51.25 51.94 52.53 53.28 53.97 54.66 55.31 55.97 56.56 57.06 57.56 58.03 58.44 58.78 59.09 59.38 59.62 59.81 59.97 60.16 60.28 60.38 60.50 60.59 60.69 60.78 60.84 60.91 60.97 61.00 60.97 61.06 61.00 60.81 60.56 60.28 59.91 59.66 59.50 59.28 59.06 58.91 58.88 59.09 59.44 59.81 60.19 60.53 60.81 61.09 61.44 62.06 62.66 63.09 63.59 64.12 64.66 65.16 65.66 66.12 66.62 67.09 67.53 67.91 68.28 68.62 68.94 69.28 69.62 69.97 70.34
48.31 48.97 49.34 49.53 49.78 50.03 50.25 50.81 51.47 52.16 52.88 53.59 54.28 54.94 55.50 56.09 56.62 57.09 57.53 57.94 58.22 58.59 58.81 59.00 59.19 59.38 59.50 59.59 59.69 59.78 59.84 59.91 59.97 60.03 60.06 60.03 60.06 60.09 59.97 59.72 59.28 58.94 58.62 58.53 58.44 58.31 58.12 57.94 58.00 58.25 58.38 58.47 58.56 58.88 59.22 59.69 60.12 60.47 61.00 61.56 62.19 63.09 64.03 64.69 65.12 65.56 66.03 66.56 67.00 67.44 67.81 68.19 68.56 68.91 69.28 69.66 70.03
47.72 48.06 48.72 48.84 49.03 49.25 49.50 49.84 50.41 51.09 51.84 52.53 53.28 53.91 54.56 55.16 55.69 56.22 56.66 57.06 57.44 57.75 58.00 58.22 58.41 58.56 58.69 58.78 58.88 58.97 59.03 59.09 59.09 59.12 59.12 59.12 59.09 59.06 58.88 58.50 58.03 57.69 57.53 57.50 57.50 57.47 57.34 57.06 57.12 57.28 57.72 58.16 58.44 58.88 59.22 59.69 60.12 60.47 60.94 61.38 61.84 62.28 62.75 63.19 63.59 64.16 64.88 65.56 66.31 66.97 67.47 67.84 68.22 68.62 69.00 69.38 69.75
47.34 47.28 47.88 48.28 48.38 48.53 48.72 49.03 49.38 50.09 50.81 51.53 52.22 52.88 53.59 54.19 54.78 55.31 55.81 56.25 56.59 56.97 57.22 57.47 57.59 57.78 57.88 58.00 58.06 58.19 58.19 58.28 58.22 58.28 58.25 58.22 58.19 58.03 57.72 57.41 57.03 56.72 56.59 56.66 56.75 56.59 56.19 56.53 56.94 57.16 57.59 58.03 58.38 58.84 59.22 59.69 60.16 60.53 61.00 61.44 61.91 62.34 62.81 63.25 63.66 64.09 64.56 65.00 65.44 65.88 66.31 66.81 67.41 67.94 68.47 68.97 69.44
46.97 46.75 46.97 47.66 47.81 47.91 48.03 48.22 48.56 49.19 49.84 50.56 51.25 51.97 52.62 53.28 53.84 54.44 55.00 55.44 55.78 56.16 56.44 56.69 56.84 57.00 57.09 57.22 57.28 57.34 57.41 57.47 57.41 57.47 57.41 57.34 57.19 57.03 56.84 56.62 56.38 56.09 55.91 56.06 55.72 55.78 56.09 56.38 56.75 57.12 57.47 57.91 58.34 58.78 59.25 59.69 60.16 60.59 61.06 61.50 61.94 62.41 62.84 63.31 63.75 64.19 64.62 65.06 65.50 65.94 66.41 66.84 67.31 67.75 68.19 68.62 69.06
46.75 46.41 46.22 46.75 47.31 47.34 47.44 47.56 47.84 48.31 48.97 49.62 50.34 51.06 51.72 52.41 53.03 53.62 54.16 54.59 55.03 55.34 55.69 55.94 56.09 56.22 56.34 56.44 56.50 56.56 56.56 56.66 56.59 56.62 56.56 56.44 56.31 56.22 56.09 55.94 55.75 55.56 55.19 55.12 55.25 55.56 55.91 56.19 56.56 56.94 57.38 57.78 58.22 58.72 59.25 59.69 60.16 60.66 61.09 61.56 62.00 62.47 62.91 63.38 63.81 64.25 64.69 65.12 65.59 66.03 66.47 66.94 67.38 67.81 68.25 68.69 69.12
46.78 46.03 45.81 45.97 46.69 46.84 46.91 47.00 47.19 47.53 48.12 48.78 49.50 50.19 50.84 51.50 52.16 52.78 53.34 53.78 54.22 54.62 54.91 55.16 55.38 55.50 55.53 55.69 55.75 55.78 55.81 55.88 55.81 55.81 55.72 55.62 55.53 55.47 55.41 55.28 55.16 55.00 54.59 54.84 55.12 55.34 55.66 56.00 56.38 56.75 57.25 57.69 58.09 58.69 59.25 59.69 60.25 60.72 61.16 61.62 62.06 62.50 62.97 63.44 63.88 64.31 64.75 65.22 65.66 66.09 66.53 66.97 67.41 67.84 68.28 68.72 69.16
46.88 45.81 45.44 45.31 45.91 46.34 46.38 46.47 46.59 46.91 47.41 48.03 48.69 49.38 50.03 50.72 51.38 51.97 52.56 53.06 53.50 53.88 54.16 54.44 54.62 54.72 54.81 54.94 55.00 55.03 55.06 55.06 55.06 55.00 54.88 54.88 54.84 54.81 54.78 54.69 54.56 54.22 54.31 54.59 54.88 55.12 55.44 55.78 56.19 56.59 56.97 57.56 58.00 58.62 59.25 59.72 60.31 60.78 61.22 61.66 62.12 62.56 63.03 63.50 63.94 64.41 64.84 65.28 65.72 66.16 66.59 67.03 67.47 67.91 68.34 68.78 69.22
46.78 45.81 45.06 44.88 45.09 45.78 45.91 45.97 46.09 46.34 46.81 47.38 48.03 48.69 49.34 49.97 50.56 51.16 51.72 52.25 52.72 53.09 53.44 53.69 53.88 53.97 54.09 54.19 54.25 54.28 54.31 54.34 54.34 54.22 54.19 54.22 54.22 54.22 54.19 54.12 53.78 53.94 54.16 54.34 54.62 54.88 55.22 55.56 55.88 56.41 56.78 57.22 57.28 57.44 57.75 58.19 58.69 59.41 60.25 61.09 61.88 62.50 63.06 63.56 64.03 64.47 64.91 65.34 65.78 66.22 66.69 67.06 67.50 67.94 68.38 68.84 69.22
46.44 45.78 44.84 44.50 44.41 45.00 45.41 45.47 45.62 45.88 46.28 46.88 47.47 48.03 48.66 49.22 49.84 50.41 50.97 51.44 51.94 52.31 52.69 52.91 53.09 53.25 53.41 53.47 53.53 53.56 53.59 53.62 53.59 53.50 53.53 53.59 53.66 53.69 53.66 53.50 53.50 53.69 53.91 54.12 54.38 54.62 54.91 55.31 55.66 56.41 56.56 56.59 56.75 56.94 57.25 57.62 58.09 58.69 59.38 60.16 60.81 61.41 61.91 62.31 62.78 63.41 64.16 64.97 65.69 66.28 66.75 67.12 67.56 68.00 68.44 68.88 69.22
46.06 45.66 44.75 44.12 43.97 44.31 44.94 45.03 45.19 45.47 45.91 46.38 46.84 47.44 47.97 48.56 49.12 49.66 50.16 50.66 51.12 51.59 51.94 52.22 52.38 52.56 52.69 52.75 52.81 52.91 52.91 52.91 52.91 52.88 52.94 53.06 53.16 53.22 53.22 53.19 53.34 53.50 53.66 53.84 54.06 54.38 54.66 55.03 56.00 56.09 56.09 56.12 56.22 56.38 56.62 56.94 57.38 57.88 58.50 59.16 59.72 60.22 60.72 61.16 61.56 62.03 62.56 63.09 63.75 64.25 64.84 65.53 66.25 66.97 67.69 68.41 68.97
45.66 45.28 44.66 43.78 43.56 43.69 44.38 44.59 44.78 45.12 45.53 45.94 46.34 46.81 47.38 47.91 48.44 48.94 49.47 49.91 50.38 50.81 51.16 51.47 51.66 51.81 51.97 52.03 52.12 52.19 52.25 52.25 52.19 52.28 52.41 52.56 52.69 52.81 52.91 52.94 53.09 53.25 53.38 53.59 53.81 54.03 54.56 55.47 55.53 55.50 55.50 55.53 55.59 55.72 55.91 56.16 56.50 56.94 57.44 57.94 58.41 58.84 59.25 59.66 60.12 60.62 61.22 61.81 62.47 63.00 63.56 64.09 64.66 65.19 65.59 66.00 66.44
45.22 44.88 44.44 43.56 43.19 43.12 43.75 44.19 44.41 44.78 45.22 45.50 45.88 46.31 46.78 47.28 47.81 48.25 48.75 49.19 49.62 50.06 50.38 50.69 50.97 51.16 51.25 51.41 51.44 51.53 51.53 51.59 51.59 51.75 51.91 52.09 52.28 52.50 52.72 52.81 52.88 52.97 53.12 53.28 53.56 53.81 54.94 55.00 54.91 54.88 54.88 54.88 54.91 54.97 55.09 55.28 55.53 55.88 56.25 56.62 57.00 57.34 57.66 58.00 58.44 58.91 59.50 60.16 60.84 61.41 61.97 62.53 63.09 63.59 64.09 64.59 65.06
