everonasctiles/Tile41,34.asc
ncols 128
nrows 128
xllcorner 0
yllcorner 0
cellsize 2.0
NODATA_value  -9999
[rows 0 to 32 of 128, columns 0 to 73 of 128]
-17.06 -16.84 -16.53 -16.12 -15.84 -15.38 -16.00 -16.38 -16.28 -16.12 -15.88 -16.03 -16.09 -15.94 -15.84 -15.44 -15.59 -15.81 -15.91 -16.31 -16.53 -16.34 -16.28 -16.31 -16.75 -16.69 -16.56 -16.34 -16.03 -16.00 -16.00 -15.91 -16.09 -15.72 -15.66 -15.72 -15.62 -15.50 -15.28 -14.81 -14.78 -14.59 -14.44 -14.44 -14.59 -14.12 -14.41 -14.09 -13.72 -13.66 -13.28 -12.88 -13.03 -13.28 -13.03 -13.12 -13.22 -12.81 -12.84 -12.84 -13.22 -12.66 -12.16 -12.47 -13.22 -13.62 -13.62 -13.62 -13.69 -13.69 -13.53 -13.25 -13.56 -13.59
-17.00 -16.97 -16.56 -16.41 -16.47 -16.34 -16.50 -16.50 -16.16 -16.22 -15.91 -15.78 -15.19 -15.12 -15.00 -14.69 -15.16 -15.81 -16.00 -16.03 -16.31 -16.31 -16.56 -16.50 -16.47 -16.41 -15.91 -16.03 -15.81 -15.59 -15.59 -15.78 -15.81 -15.47 -15.59 -15.75 -15.66 -15.31 -14.97 -15.03 -15.16 -14.97 -14.66 -14.28 -13.97 -13.44 -13.62 -13.47 -13.72 -13.47 -13.12 -12.91 -13.00 -13.25 -12.78 -12.97 -12.69 -12.38 -12.22 -12.34 -12.16 -12.06 -11.84 -11.84 -12.44 -13.00 -13.38 -13.44 -13.34 -13.41 -13.47 -13.12 -13.28 -13.44
-16.78 -16.88 -16.75 -16.56 -16.44 -16.56 -16.72 -16.38 -16.28 -16.12 -15.69 -15.62 -14.81 -14.81 -14.72 -14.75 -15.03 -15.56 -15.62 -15.72 -15.91 -16.00 -16.22 -16.19 -15.88 -15.88 -15.47 -15.59 -15.34 -14.91 -14.88 -15.31 -15.62 -15.62 -15.62 -15.66 -15.34 -15.19 -14.81 -14.81 -14.81 -14.81 -14.53 -14.28 -13.88 -13.34 -12.91 -13.09 -13.19 -12.75 -12.75 -12.62 -12.78 -13.03 -12.81 -12.59 -12.41 -12.34 -12.22 -12.53 -11.78 -11.94 -12.03 -11.91 -11.88 -12.53 -13.19 -13.34 -13.34 -13.22 -13.16 -12.72 -13.00 -13.22
-16.72 -16.91 -16.88 -16.78 -16.62 -16.84 -17.19 -16.78 -16.50 -16.16 -15.62 -15.38 -14.84 -14.53 -14.47 -14.69 -14.84 -15.56 -15.50 -15.22 -15.31 -15.34 -15.69 -15.91 -15.50 -15.34 -14.94 -15.03 -15.16 -14.75 -14.69 -15.03 -15.12 -14.84 -15.19 -15.22 -14.91 -14.94 -14.69 -15.00 -14.81 -14.59 -14.44 -14.03 -13.81 -13.31 -12.88 -12.84 -12.94 -12.62 -12.59 -12.78 -12.66 -12.62 -12.44 -11.97 -11.88 -12.03 -12.41 -12.59 -11.50 -10.91 -11.88 -12.16 -12.00 -12.41 -12.88 -13.06 -13.06 -12.97 -13.06 -12.75 -12.47 -12.38
-16.75 -16.81 -17.19 -16.78 -16.78 -16.88 -17.25 -16.88 -16.22 -16.12 -15.66 -15.53 -14.84 -14.38 -14.72 -15.06 -14.94 -14.72 -15.00 -15.56 -15.47 -15.44 -15.47 -15.44 -15.56 -15.22 -14.88 -14.94 -14.66 -14.31 -14.34 -14.59 -14.47 -14.75 -14.75 -14.75 -14.81 -14.41 -14.31 -14.66 -14.72 -14.53 -14.09 -13.75 -13.59 -13.34 -13.72 -13.16 -12.78 -12.75 -12.50 -12.81 -13.00 -12.72 -12.62 -12.47 -12.41 -12.03 -12.34 -12.28 -11.50 -10.91 -11.09 -12.09 -12.28 -12.12 -12.31 -12.50 -12.84 -13.03 -12.88 -12.84 -12.53 -12.22
-16.69 -16.75 -17.00 -17.19 -17.00 -16.81 -17.00 -16.91 -16.53 -15.78 -15.09 -15.31 -14.84 -14.66 -14.69 -14.72 -14.94 -14.53 -14.59 -14.88 -15.41 -15.44 -15.22 -14.97 -15.09 -15.03 -14.84 -14.69 -14.25 -14.62 -14.56 -13.91 -14.12 -14.38 -14.28 -14.53 -14.41 -14.22 -14.31 -14.25 -14.44 -14.50 -14.06 -13.62 -13.44 -13.38 -13.53 -13.25 -12.62 -12.31 -12.38 -12.84 -12.94 -13.09 -13.22 -12.97 -12.69 -12.19 -12.00 -12.00 -11.91 -11.31 -11.56 -11.88 -12.00 -12.06 -11.91 -12.38 -12.22 -12.44 -12.41 -12.31 -12.25 -12.31
-16.59 -16.75 -16.94 -16.97 -16.84 -16.59 -16.53 -16.47 -16.12 -15.56 -15.06 -14.91 -14.75 -14.44 -14.41 -14.50 -14.62 -14.47 -14.19 -13.97 -14.62 -14.88 -15.12 -15.00 -14.62 -14.69 -14.53 -14.38 -14.59 -14.81 -14.62 -13.81 -13.56 -13.41 -13.81 -14.19 -14.03 -14.16 -14.09 -14.06 -14.19 -13.97 -13.81 -13.91 -13.75 -13.34 -13.59 -13.03 -12.91 -12.69 -12.81 -12.56 -12.72 -13.03 -13.03 -12.88 -12.62 -12.59 -12.19 -11.97 -11.78 -11.44 -11.53 -11.66 -11.62 -11.75 -11.69 -11.75 -11.66 -11.88 -11.62 -11.72 -11.59 -11.38
-16.81 -16.53 -16.88 -16.81 -16.72 -16.25 -16.09 -16.09 -16.22 -15.78 -15.31 -15.09 -15.16 -14.47 -14.34 -14.31 -14.62 -14.47 -14.44 -14.72 -14.75 -15.12 -15.06 -14.69 -15.12 -15.09 -15.12 -15.12 -14.78 -14.69 -14.34 -13.91 -13.59 -13.19 -13.59 -13.94 -13.66 -13.72 -14.16 -14.66 -14.25 -13.78 -13.94 -14.00 -13.84 -13.81 -13.81 -13.31 -13.06 -13.16 -12.94 -12.69 -12.69 -12.81 -12.50 -12.22 -12.19 -12.12 -11.94 -11.72 -11.50 -11.72 -12.06 -11.91 -11.53 -11.56 -11.62 -11.31 -11.44 -11.41 -11.09 -11.44 -11.19 -10.47
-16.25 -16.38 -16.28 -16.22 -16.53 -16.16 -15.81 -15.50 -15.69 -15.78 -15.62 -15.56 -15.31 -14.81 -14.47 -14.28 -14.66 -14.47 -14.47 -14.56 -14.34 -15.16 -15.00 -14.69 -14.47 -15.09 -15.47 -15.25 -15.16 -14.69 -14.03 -14.44 -14.09 -13.59 -13.69 -13.59 -13.78 -14.09 -14.03 -14.41 -14.25 -14.16 -13.75 -13.94 -13.78 -13.75 -13.50 -13.38 -13.00 -12.81 -12.78 -12.81 -13.09 -13.03 -12.75 -12.28 -11.94 -11.72 -11.38 -11.56 -11.66 -11.78 -11.56 -11.44 -11.12 -10.75 -11.12 -11.53 -11.56 -11.44 -10.88 -11.00 -10.44 -10.34
-16.00 -16.44 -16.59 -16.44 -16.47 -16.38 -16.03 -16.25 -15.91 -15.47 -15.25 -15.22 -14.91 -14.97 -15.22 -14.72 -14.28 -14.25 -13.97 -14.34 -14.28 -14.38 -14.72 -14.59 -14.06 -14.41 -14.88 -14.91 -14.59 -13.97 -13.69 -14.00 -13.84 -14.00 -13.84 -13.62 -13.72 -13.72 -13.53 -13.97 -13.94 -13.72 -13.69 -13.97 -14.09 -13.88 -13.56 -13.09 -12.66 -12.62 -12.59 -12.66 -12.75 -12.84 -12.72 -12.66 -12.56 -12.38 -11.56 -11.47 -11.56 -11.81 -11.53 -11.16 -10.53 -10.25 -10.75 -11.00 -10.94 -10.94 -10.56 -10.25 -10.12 -10.00
-15.84 -16.22 -16.50 -16.47 -16.28 -16.28 -16.19 -15.84 -15.75 -15.50 -15.16 -14.69 -15.19 -15.12 -14.75 -14.47 -14.28 -14.09 -14.09 -13.91 -14.09 -14.06 -14.41 -15.00 -14.72 -14.12 -14.59 -14.88 -14.50 -14.19 -14.16 -13.94 -13.94 -13.62 -13.22 -13.38 -13.56 -13.53 -13.66 -14.03 -13.91 -13.59 -13.25 -13.69 -13.69 -13.84 -13.69 -13.03 -12.97 -12.97 -13.19 -13.19 -13.19 -12.88 -12.69 -12.47 -12.34 -12.09 -11.53 -11.44 -11.59 -11.38 -11.41 -10.66 -10.12 -10.22 -10.03 -10.31 -10.31 -10.16 -9.91 -9.50 -9.69 -9.88
-16.16 -16.31 -16.25 -16.34 -16.28 -15.97 -16.09 -15.62 -15.62 -15.53 -15.16 -14.94 -15.06 -14.75 -14.53 -14.69 -14.59 -14.41 -14.03 -13.62 -13.88 -14.22 -13.66 -13.97 -14.06 -13.84 -14.25 -14.47 -14.38 -14.47 -14.09 -13.62 -13.22 -12.97 -13.00 -13.03 -13.19 -13.22 -13.78 -13.78 -13.66 -13.59 -13.25 -12.94 -12.81 -13.09 -13.22 -12.97 -13.00 -12.72 -13.00 -13.22 -13.19 -12.72 -12.84 -12.66 -12.12 -11.44 -11.50 -11.53 -11.44 -11.12 -10.66 -10.09 -9.94 -10.00 -9.97 -10.06 -9.94 -9.84 -9.41 -9.12 -9.22 -9.00
-16.12 -16.22 -16.06 -16.31 -16.09 -16.03 -15.47 -15.09 -15.00 -15.25 -14.81 -14.84 -14.81 -14.69 -14.50 -14.72 -14.53 -14.38 -14.25 -14.12 -14.16 -14.09 -13.84 -13.53 -14.00 -13.75 -13.81 -13.69 -14.06 -14.31 -13.88 -13.47 -12.97 -13.19 -13.19 -12.81 -12.59 -12.75 -13.34 -13.28 -13.09 -12.88 -12.78 -12.66 -12.72 -12.66 -13.00 -13.22 -13.28 -13.28 -13.22 -13.34 -13.41 -12.81 -12.44 -12.00 -11.72 -11.44 -11.31 -11.38 -11.53 -11.06 -10.69 -10.09 -9.59 -9.84 -10.16 -9.81 -9.59 -9.72 -9.06 -8.81 -8.66 -8.59
-16.06 -15.94 -15.81 -16.03 -15.62 -15.78 -15.72 -15.56 -15.25 -14.62 -14.50 -14.47 -14.50 -14.44 -14.19 -14.38 -14.47 -14.94 -14.72 -14.47 -14.34 -13.94 -13.81 -13.81 -13.75 -13.75 -13.91 -13.75 -13.97 -14.16 -14.19 -14.16 -13.53 -13.38 -13.69 -13.19 -13.09 -12.97 -12.56 -12.97 -13.22 -12.94 -12.69 -12.88 -13.09 -12.81 -13.22 -13.34 -13.53 -13.62 -13.41 -13.00 -13.03 -12.69 -12.12 -12.00 -12.12 -12.16 -12.00 -11.72 -11.50 -10.94 -10.44 -9.88 -9.66 -9.81 -9.75 -9.62 -9.50 -9.59 -8.91 -8.53 -8.28 -8.25
-15.78 -15.41 -15.69 -15.91 -15.81 -15.91 -15.69 -15.66 -15.44 -14.75 -15.06 -15.25 -14.72 -14.44 -14.47 -14.72 -14.19 -14.53 -14.41 -14.75 -14.44 -14.19 -13.62 -13.62 -13.62 -13.88 -13.41 -13.47 -13.91 -14.19 -14.38 -14.34 -13.66 -13.59 -13.66 -13.62 -13.06 -12.59 -12.25 -12.59 -12.56 -12.59 -12.53 -12.78 -13.06 -12.72 -13.00 -13.50 -13.41 -13.41 -13.25 -13.00 -13.00 -12.75 -12.75 -12.53 -12.53 -12.38 -12.31 -12.22 -11.66 -11.00 -9.94 -9.31 -9.25 -9.28 -9.53 -9.34 -9.19 -8.59 -8.25 -7.72 -7.47 -7.69
-15.47 -15.47 -15.50 -15.41 -15.53 -15.28 -15.41 -15.34 -15.03 -15.06 -15.38 -15.19 -15.22 -14.69 -14.66 -14.66 -14.62 -14.56 -14.44 -14.56 -14.38 -14.56 -13.84 -13.69 -13.66 -13.50 -13.28 -13.75 -14.19 -14.47 -14.41 -14.16 -13.62 -13.75 -13.19 -12.75 -12.59 -12.09 -11.72 -11.88 -12.16 -12.31 -12.25 -12.31 -12.66 -13.00 -13.16 -13.53 -13.41 -13.28 -13.00 -12.94 -12.66 -12.84 -13.09 -12.88 -12.69 -12.56 -12.44 -12.25 -11.62 -10.66 -10.03 -9.56 -9.22 -8.88 -8.81 -8.34 -8.06 -7.47 -7.19 -6.97 -6.75 -6.94
-15.72 -15.53 -15.53 -15.25 -15.22 -15.00 -14.97 -15.06 -14.97 -15.16 -15.31 -15.12 -15.25 -15.06 -14.94 -14.69 -14.59 -14.19 -14.09 -14.12 -14.38 -14.53 -14.25 -13.56 -13.28 -13.12 -13.19 -13.47 -14.25 -14.16 -14.12 -13.97 -13.34 -13.12 -12.38 -12.19 -12.19 -11.72 -11.78 -12.03 -12.19 -12.41 -12.53 -12.53 -12.78 -13.06 -13.28 -13.94 -13.94 -13.28 -12.94 -13.16 -13.09 -12.94 -13.09 -12.75 -12.53 -12.41 -12.41 -11.94 -11.44 -10.56 -10.28 -9.53 -9.12 -8.59 -8.19 -7.88 -7.56 -7.09 -6.62 -6.16 -5.97 -6.00
-15.56 -15.19 -15.12 -14.88 -14.91 -14.66 -14.94 -15.12 -15.09 -15.12 -15.22 -15.19 -15.38 -15.25 -15.00 -14.81 -14.62 -14.19 -14.06 -14.09 -14.28 -14.28 -13.97 -13.66 -13.59 -13.03 -12.62 -13.28 -13.28 -13.16 -13.41 -13.50 -13.06 -12.81 -12.38 -11.91 -11.41 -11.88 -12.03 -12.09 -11.62 -12.16 -12.53 -12.72 -12.78 -12.88 -12.97 -13.47 -13.69 -13.41 -13.22 -13.16 -13.34 -13.34 -12.94 -12.69 -12.62 -12.78 -12.41 -11.69 -11.06 -10.44 -9.72 -8.66 -8.66 -8.50 -8.00 -6.94 -6.59 -6.66 -6.09 -5.88 -5.81 -5.53
-15.44 -15.38 -15.31 -15.25 -15.00 -14.69 -14.56 -14.56 -14.97 -15.22 -15.22 -15.44 -15.34 -15.44 -15.34 -15.12 -14.72 -14.22 -13.94 -14.16 -14.28 -14.03 -13.78 -13.44 -13.34 -13.28 -13.19 -13.03 -13.06 -12.94 -12.84 -12.84 -12.84 -13.06 -12.66 -12.16 -12.09 -12.66 -12.38 -12.06 -12.12 -12.16 -12.38 -12.50 -12.28 -12.50 -12.91 -12.69 -13.00 -13.50 -13.66 -13.78 -13.56 -13.28 -12.75 -12.72 -12.75 -12.81 -12.47 -11.84 -11.16 -10.34 -9.22 -8.69 -8.62 -8.16 -7.66 -7.06 -6.62 -6.22 -5.59 -5.78 -5.47 -4.94
-14.94 -15.06 -15.03 -15.00 -15.25 -15.00 -14.78 -14.75 -15.00 -15.25 -15.22 -15.53 -15.44 -15.56 -15.41 -15.09 -14.84 -14.94 -14.38 -14.12 -13.78 -13.53 -13.34 -13.31 -13.25 -12.81 -12.62 -12.56 -12.94 -13.25 -12.97 -12.88 -12.94 -12.94 -12.56 -12.38 -12.09 -12.34 -12.75 -12.84 -12.78 -12.59 -12.53 -12.16 -12.19 -12.66 -13.09 -13.12 -13.31 -13.78 -14.25 -14.09 -13.97 -13.44 -13.09 -12.62 -12.81 -12.72 -12.25 -11.69 -11.12 -10.22 -9.31 -9.47 -9.06 -8.50 -7.56 -6.88 -6.41 -5.94 -4.81 -5.03 -5.44 -5.38
-15.28 -15.19 -15.47 -15.38 -15.12 -14.97 -14.69 -14.72 -15.03 -15.03 -15.47 -15.56 -15.56 -15.66 -15.44 -14.97 -14.69 -14.78 -14.41 -14.34 -13.91 -13.59 -13.81 -13.16 -12.75 -12.88 -12.72 -12.31 -12.44 -12.50 -12.72 -12.78 -12.56 -12.38 -12.47 -12.62 -12.59 -12.56 -12.75 -12.72 -12.56 -12.62 -12.44 -12.66 -12.81 -13.34 -13.44 -13.59 -13.94 -14.00 -14.47 -14.03 -13.97 -13.59 -13.62 -13.09 -13.06 -12.72 -12.03 -11.50 -10.84 -10.09 -9.97 -9.66 -9.06 -8.59 -7.69 -6.91 -5.50 -5.09 -4.62 -4.94 -5.19 -5.06
-15.41 -15.25 -15.53 -15.41 -14.78 -14.50 -14.12 -14.34 -14.81 -14.78 -15.09 -15.12 -15.44 -15.59 -15.47 -15.12 -14.75 -14.38 -14.16 -14.06 -14.09 -13.81 -13.38 -12.88 -12.31 -12.09 -12.09 -12.69 -12.06 -12.31 -12.47 -12.72 -12.50 -12.31 -12.75 -12.38 -12.41 -12.97 -13.06 -12.81 -12.94 -12.91 -12.78 -13.06 -13.06 -13.47 -13.78 -14.16 -14.28 -14.22 -14.06 -13.94 -14.19 -13.81 -13.66 -13.25 -13.06 -12.53 -12.12 -11.28 -10.41 -9.97 -9.88 -9.25 -8.75 -8.19 -7.28 -6.53 -5.88 -5.09 -4.97 -4.78 -4.50 -4.50
-15.09 -15.44 -15.38 -15.38 -14.84 -14.56 -14.28 -14.25 -14.38 -14.78 -15.09 -14.88 -15.03 -15.31 -15.09 -14.78 -14.53 -14.38 -13.97 -13.75 -13.84 -13.72 -13.06 -12.78 -12.16 -12.16 -12.34 -12.78 -13.00 -13.03 -12.47 -12.88 -13.16 -13.34 -13.12 -12.78 -12.94 -13.16 -13.00 -12.78 -12.69 -12.69 -13.06 -13.44 -13.50 -13.81 -14.12 -14.34 -14.28 -14.28 -14.34 -14.00 -13.84 -13.69 -13.66 -13.38 -12.91 -12.09 -11.53 -10.91 -10.88 -10.12 -9.53 -9.12 -8.31 -7.97 -7.25 -6.34 -5.94 -5.31 -4.94 -4.44 -4.28 -4.34
-15.41 -15.50 -15.28 -14.84 -14.31 -14.56 -14.56 -14.59 -14.09 -14.47 -14.91 -14.62 -14.53 -14.69 -14.66 -14.75 -14.56 -13.88 -13.75 -13.41 -13.12 -13.00 -12.84 -12.81 -12.56 -12.31 -12.81 -13.00 -13.25 -13.28 -12.97 -13.38 -13.09 -13.16 -13.34 -13.31 -13.50 -13.16 -13.09 -12.94 -12.78 -12.91 -13.22 -13.66 -14.09 -14.22 -14.44 -14.59 -14.41 -14.44 -14.50 -14.19 -14.09 -13.91 -13.47 -13.16 -12.75 -11.69 -10.94 -10.88 -10.66 -10.28 -9.69 -8.88 -8.19 -8.06 -7.25 -6.59 -6.25 -5.59 -4.91 -4.62 -4.47 -4.38
-15.62 -15.59 -15.41 -15.16 -14.78 -14.56 -14.66 -14.31 -14.16 -14.28 -14.84 -14.62 -14.84 -14.75 -14.56 -14.59 -14.28 -14.16 -14.03 -13.72 -13.38 -12.88 -12.31 -12.28 -12.84 -12.84 -13.03 -13.19 -13.34 -12.94 -13.53 -13.28 -13.12 -13.41 -13.53 -13.59 -13.50 -13.09 -13.25 -13.25 -13.03 -13.00 -13.41 -13.59 -13.91 -14.19 -14.25 -14.50 -14.56 -14.47 -14.56 -14.31 -14.16 -14.06 -13.66 -13.06 -12.16 -11.34 -11.19 -10.78 -10.31 -10.16 -9.56 -8.59 -8.34 -7.75 -6.97 -6.50 -6.09 -5.44 -5.03 -4.84 -4.59 -4.41
-15.41 -15.69 -15.44 -15.19 -15.16 -14.97 -14.44 -14.09 -13.84 -14.16 -14.50 -14.69 -14.78 -14.91 -14.88 -14.88 -14.34 -14.09 -13.88 -13.50 -13.56 -13.16 -13.22 -12.94 -12.47 -12.97 -13.09 -13.22 -13.31 -13.56 -13.53 -13.25 -13.69 -13.69 -13.47 -13.53 -13.47 -13.31 -13.25 -13.50 -13.28 -13.38 -13.62 -13.50 -13.72 -13.88 -14.16 -14.34 -14.59 -14.56 -14.69 -14.41 -14.47 -14.09 -13.47 -12.94 -12.16 -11.75 -11.28 -10.91 -10.69 -10.34 -9.31 -8.66 -8.22 -7.66 -7.03 -6.50 -6.00 -5.50 -5.22 -4.94 -4.66 -4.41
-15.28 -15.56 -14.97 -14.69 -14.94 -14.78 -14.81 -14.62 -14.38 -14.47 -14.50 -14.81 -14.88 -14.78 -14.69 -14.75 -14.56 -14.31 -14.22 -14.12 -13.53 -13.19 -13.59 -13.56 -13.28 -13.25 -13.22 -13.16 -13.53 -13.56 -13.44 -13.44 -13.78 -13.94 -13.69 -13.47 -13.44 -13.25 -13.09 -13.09 -13.22 -13.53 -13.34 -13.28 -13.53 -13.81 -14.31 -14.31 -14.62 -14.78 -14.69 -14.59 -14.47 -13.91 -13.28 -13.03 -12.34 -11.84 -11.22 -11.25 -10.72 -10.22 -9.12 -8.62 -8.09 -7.59 -6.91 -6.38 -6.00 -5.56 -5.22 -4.94 -4.66 -4.41
-15.31 -15.78 -15.19 -14.56 -14.59 -14.78 -14.78 -14.88 -15.00 -14.78 -14.88 -15.22 -15.19 -14.81 -14.19 -14.25 -14.38 -14.28 -14.22 -14.16 -13.66 -13.75 -13.84 -13.72 -13.34 -13.12 -13.22 -13.31 -13.59 -13.34 -13.16 -13.47 -14.09 -13.91 -13.88 -13.72 -13.53 -13.47 -13.47 -13.00 -13.22 -13.38 -13.56 -13.50 -13.50 -14.31 -14.50 -14.41 -14.50 -14.69 -14.56 -14.69 -14.53 -14.09 -13.56 -13.16 -12.62 -11.97 -11.34 -11.31 -10.62 -10.06 -9.41 -8.66 -7.75 -7.41 -6.91 -6.38 -5.94 -5.53 -5.22 -4.94 -4.66 -4.38
-14.91 -14.81 -15.09 -14.81 -14.41 -14.69 -15.28 -15.25 -15.19 -15.25 -14.88 -14.66 -14.78 -14.62 -14.12 -14.00 -14.47 -14.31 -14.28 -14.19 -13.84 -13.59 -13.84 -13.81 -13.22 -13.12 -13.19 -13.19 -13.16 -13.25 -12.94 -13.31 -13.62 -13.75 -13.97 -14.09 -14.00 -13.69 -13.28 -13.03 -13.25 -13.41 -13.38 -13.59 -13.69 -14.38 -14.59 -14.50 -14.38 -14.47 -14.56 -14.53 -14.25 -14.25 -13.81 -13.16 -12.34 -11.66 -11.25 -10.69 -10.41 -10.03 -9.28 -8.53 -7.91 -7.34 -6.81 -6.31 -5.88 -5.53 -5.22 -4.91 -4.62 -4.38
-14.50 -14.22 -14.34 -14.38 -14.00 -14.62 -15.00 -15.03 -15.25 -15.41 -14.59 -14.22 -14.38 -14.66 -14.56 -14.16 -14.50 -14.53 -14.28 -14.72 -14.72 -14.16 -13.88 -13.53 -13.12 -13.12 -13.19 -13.31 -13.28 -13.12 -13.06 -13.75 -14.00 -13.84 -14.06 -14.62 -14.53 -13.91 -13.41 -13.22 -13.66 -13.81 -13.59 -13.69 -13.97 -14.06 -14.22 -14.31 -14.09 -14.19 -14.19 -14.03 -14.22 -14.06 -13.69 -13.16 -12.66 -11.94 -11.44 -10.81 -10.44 -9.72 -9.00 -8.41 -7.84 -7.25 -6.72 -6.25 -5.84 -5.50 -5.19 -4.88 -4.59 -4.31
-14.94 -14.81 -14.38 -14.12 -14.25 -14.31 -14.59 -15.00 -15.25 -15.06 -14.75 -14.62 -14.19 -14.62 -14.62 -14.50 -14.62 -14.66 -14.22 -14.31 -14.44 -14.09 -14.00 -13.72 -13.16 -13.38 -13.44 -13.41 -12.84 -12.38 -12.78 -13.56 -13.91 -14.19 -14.41 -14.38 -14.47 -14.06 -13.69 -13.56 -13.84 -14.19 -13.97 -13.97 -13.81 -14.03 -14.06 -14.28 -14.44 -14.66 -14.53 -14.00 -13.78 -13.56 -13.41 -13.09 -12.88 -12.31 -11.62 -10.94 -10.25 -9.50 -8.84 -8.25 -7.69 -7.12 -6.66 -6.19 -5.81 -5.47 -5.16 -4.88 -4.56 -4.28
-15.12 -15.22 -15.06 -14.97 -14.81 -14.62 -14.81 -14.94 -15.22 -15.28 -14.91 -14.97 -14.66 -14.72 -14.25 -14.47 -14.72 -14.56 -14.53 -14.53 -14.41 -14.16 -13.81 -13.81 -13.22 -13.50 -13.50 -13.47 -13.03 -12.62 -12.72 -13.25 -13.62 -13.69 -14.31 -14.25 -14.25 -14.31 -14.09 -13.84 -13.53 -13.59 -13.59 -13.66 -13.94 -14.12 -14.25 -14.53 -14.62 -14.66 -14.44 -14.19 -13.78 -13.19 -12.94 -13.09 -13.06 -12.38 -11.47 -10.53 -9.84 -9.28 -8.69 -8.16 -7.56 -7.03 -6.56 -6.09 -5.75 -5.44 -5.12 -4.81 -4.53 -4.22
-15.50 -15.28 -15.22 -14.75 -14.41 -14.72 -14.66 -14.69 -15.34 -15.50 -15.09 -15.03 -14.72 -14.47 -14.53 -14.53 -14.16 -14.44 -14.59 -14.59 -14.53 -14.34 -13.97 -13.66 -13.69 -13.69 -13.44 -13.56 -13.22 -12.88 -13.12 -13.47 -13.84 -13.50 -13.88 -13.94 -13.59 -13.84 -14.25 -13.84 -13.88 -13.44 -13.28 -13.28 -14.03 -14.53 -14.62 -14.75 -15.19 -14.94 -14.56 -14.25 -13.62 -13.03 -13.03 -12.94 -12.53 -11.81 -10.97 -10.28 -9.62 -9.06 -8.56 -8.03 -7.47 -6.94 -6.47 -6.03 -5.72 -5.38 -5.06 -4.78 -4.50 -4.19
