everonasctiles/Tile[37,42].asc
ncols 128
nrows 128
xllcorner 0
yllcorner 0
cellsize 2.0
NODATA_value  -9999
[rows 64 to 95 of 128, columns 0 to 70 of 128]
-39.56 -40.12 -40.06 -39.34 -38.47 -38.38 -38.47 -38.72 -39.31 -40.22 -40.75 -41.22 -41.56 -41.84 -42.09 -42.28 -42.41 -42.38 -42.31 -42.19 -42.09 -42.03 -42.00 -41.94 -41.84 -42.53 -43.78 -45.00 -45.84 -46.66 -47.44 -48.12 -48.69 -49.09 -49.41 -49.72 -49.94 -50.16 -50.31 -50.44 -50.44 -50.41 -50.34 -50.22 -50.06 -49.88 -49.69 -49.66 -49.78 -49.88 -49.88 -49.72 -49.47 -49.16 -48.81 -48.34 -47.81 -47.34 -46.97 -46.69 -46.41 -46.12 -45.81 -45.50 -45.19 -44.94 -44.75 -44.66 -44.62 -44.59 -44.62
-38.25 -38.97 -38.88 -37.62 -36.56 -36.31 -36.53 -37.28 -38.94 -39.97 -40.56 -41.06 -41.47 -41.81 -42.09 -42.34 -42.50 -42.56 -42.53 -42.47 -42.41 -42.38 -42.34 -42.28 -42.03 -42.22 -43.12 -44.41 -45.69 -46.62 -47.47 -48.16 -48.75 -49.22 -49.59 -49.91 -50.12 -50.31 -50.50 -50.59 -50.66 -50.62 -50.53 -50.41 -50.28 -50.12 -50.00 -49.94 -50.00 -50.06 -50.00 -49.81 -49.50 -49.16 -48.69 -47.97 -47.19 -46.59 -46.31 -46.22 -46.12 -45.94 -45.69 -45.44 -45.12 -44.84 -44.56 -44.41 -44.38 -44.38 -44.41
-37.41 -37.44 -37.34 -35.78 -35.22 -35.06 -35.56 -37.06 -38.84 -39.69 -40.31 -40.88 -41.28 -41.62 -42.00 -42.31 -42.56 -42.72 -42.78 -42.75 -42.72 -42.69 -42.69 -42.62 -42.38 -42.09 -42.56 -43.62 -44.94 -46.25 -47.31 -48.09 -48.69 -49.22 -49.59 -49.91 -50.16 -50.34 -50.53 -50.66 -50.72 -50.75 -50.69 -50.59 -50.47 -50.34 -50.22 -50.19 -50.22 -50.19 -50.09 -49.84 -49.50 -49.09 -48.47 -47.53 -46.69 -46.06 -45.75 -45.72 -45.81 -45.75 -45.59 -45.34 -45.06 -44.75 -44.31 -44.06 -44.09 -44.16 -44.19
-36.12 -36.09 -35.31 -33.69 -33.47 -34.00 -35.12 -37.12 -38.59 -39.31 -39.97 -40.44 -40.88 -41.34 -41.81 -42.19 -42.50 -42.78 -42.94 -43.00 -43.00 -43.03 -43.03 -43.00 -42.84 -42.47 -42.66 -43.50 -44.75 -46.06 -47.31 -48.09 -48.69 -49.19 -49.56 -49.84 -50.09 -50.31 -50.50 -50.62 -50.75 -50.78 -50.78 -50.69 -50.59 -50.50 -50.41 -50.38 -50.34 -50.28 -50.12 -49.84 -49.53 -49.09 -48.53 -47.66 -46.91 -46.38 -46.16 -46.12 -46.06 -45.91 -45.66 -45.38 -45.09 -44.72 -44.12 -43.69 -43.69 -43.91 -44.00
-34.38 -33.94 -32.97 -32.00 -32.03 -33.12 -34.44 -36.72 -37.97 -38.78 -39.31 -39.75 -40.28 -40.94 -41.59 -42.06 -42.41 -42.72 -43.00 -43.16 -43.25 -43.31 -43.38 -43.41 -43.34 -43.19 -43.34 -44.09 -45.28 -46.59 -47.56 -48.22 -48.75 -49.16 -49.50 -49.78 -50.03 -50.25 -50.44 -50.62 -50.72 -50.81 -50.81 -50.78 -50.72 -50.62 -50.56 -50.50 -50.44 -50.28 -50.06 -49.81 -49.53 -49.22 -48.75 -48.22 -47.66 -47.22 -46.91 -46.66 -46.41 -46.12 -45.78 -45.44 -45.09 -44.75 -44.09 -43.47 -43.38 -43.66 -43.81
-32.78 -32.56 -31.69 -30.84 -31.16 -32.03 -33.44 -35.66 -37.19 -38.03 -38.44 -38.66 -39.16 -40.19 -41.28 -41.88 -42.28 -42.62 -42.97 -43.25 -43.44 -43.56 -43.66 -43.75 -43.88 -44.00 -44.31 -45.00 -46.06 -46.94 -47.66 -48.22 -48.69 -49.06 -49.38 -49.69 -49.97 -50.22 -50.44 -50.59 -50.75 -50.84 -50.88 -50.84 -50.78 -50.72 -50.62 -50.53 -50.41 -50.22 -49.97 -49.72 -49.44 -49.19 -48.88 -48.50 -48.06 -47.66 -47.28 -46.94 -46.59 -46.22 -45.84 -45.47 -45.09 -44.72 -44.00 -43.41 -43.38 -43.62 -43.75
-31.94 -30.78 -29.59 -29.78 -29.84 -31.16 -32.41 -34.97 -36.09 -36.66 -36.41 -35.84 -37.28 -39.41 -40.88 -41.66 -42.09 -42.53 -42.91 -43.25 -43.53 -43.75 -43.91 -44.06 -44.28 -44.53 -45.00 -45.62 -46.34 -46.97 -47.56 -48.00 -48.38 -48.75 -49.16 -49.53 -49.91 -50.19 -50.41 -50.62 -50.75 -50.84 -50.91 -50.91 -50.84 -50.75 -50.66 -50.53 -50.34 -50.09 -49.81 -49.47 -49.16 -48.88 -48.69 -48.44 -48.12 -47.75 -47.38 -46.97 -46.56 -46.16 -45.75 -45.38 -44.97 -44.47 -43.81 -43.53 -43.84 -44.09 -44.09
-32.09 -31.62 -30.34 -29.19 -29.00 -29.94 -31.41 -32.91 -34.94 -34.62 -33.59 -33.88 -35.56 -38.78 -40.56 -41.41 -41.91 -42.38 -42.84 -43.22 -43.59 -43.88 -44.12 -44.31 -44.53 -44.84 -45.25 -45.75 -46.28 -46.75 -47.16 -47.50 -47.78 -48.16 -48.78 -49.38 -49.78 -50.12 -50.41 -50.59 -50.75 -50.88 -50.91 -50.91 -50.88 -50.78 -50.66 -50.47 -50.25 -49.97 -49.56 -48.97 -48.44 -48.22 -48.16 -48.03 -47.88 -47.59 -47.22 -46.84 -46.41 -45.97 -45.53 -45.09 -44.59 -44.03 -43.75 -44.00 -44.38 -44.44 -44.41
-32.44 -32.12 -30.66 -29.41 -28.97 -28.84 -30.31 -31.56 -33.38 -33.31 -32.31 -32.62 -34.78 -38.44 -40.38 -41.16 -41.69 -42.25 -42.75 -43.19 -43.59 -43.94 -44.22 -44.47 -44.72 -44.97 -45.28 -45.62 -45.91 -46.22 -46.44 -46.56 -46.81 -47.53 -48.53 -49.25 -49.69 -50.06 -50.34 -50.59 -50.75 -50.84 -50.91 -50.91 -50.88 -50.78 -50.62 -50.41 -50.12 -49.84 -49.25 -48.22 -47.38 -47.00 -47.16 -47.44 -47.44 -47.28 -47.00 -46.59 -46.09 -45.50 -44.94 -44.44 -44.06 -43.97 -44.19 -44.59 -44.78 -44.81 -44.75
-32.66 -32.16 -31.19 -30.09 -29.00 -29.03 -29.97 -31.34 -31.94 -32.03 -32.50 -33.16 -35.06 -38.03 -39.91 -40.94 -41.53 -42.09 -42.66 -43.12 -43.56 -43.94 -44.25 -44.53 -44.75 -44.94 -45.09 -45.25 -45.34 -45.28 -45.19 -45.47 -46.31 -47.53 -48.59 -49.19 -49.62 -50.00 -50.31 -50.53 -50.72 -50.81 -50.88 -50.91 -50.84 -50.75 -50.56 -50.31 -50.03 -49.72 -48.97 -47.72 -46.59 -46.03 -46.12 -46.53 -46.88 -46.88 -46.62 -46.22 -45.53 -44.88 -44.38 -44.12 -44.28 -44.56 -44.91 -45.09 -45.16 -45.19 -45.09
-32.88 -32.59 -31.97 -30.44 -29.06 -28.78 -29.53 -30.66 -31.75 -32.28 -32.03 -33.31 -34.78 -36.38 -38.50 -40.06 -41.19 -41.94 -42.56 -43.03 -43.47 -43.88 -44.19 -44.47 -44.62 -44.72 -44.78 -44.72 -44.47 -44.06 -44.22 -45.12 -46.56 -47.84 -48.53 -49.12 -49.56 -49.94 -50.22 -50.47 -50.66 -50.78 -50.84 -50.88 -50.81 -50.69 -50.50 -50.25 -49.97 -49.66 -48.88 -47.53 -46.31 -45.62 -45.59 -45.91 -46.19 -46.25 -46.06 -45.62 -45.09 -44.66 -44.50 -44.62 -44.94 -45.28 -45.44 -45.50 -45.53 -45.53 -45.41
-33.12 -32.84 -32.34 -30.47 -29.16 -28.94 -28.75 -29.50 -31.53 -33.44 -33.25 -33.03 -33.91 -35.12 -36.12 -38.00 -40.03 -41.38 -42.34 -42.94 -43.38 -43.75 -44.09 -44.31 -44.41 -44.41 -44.34 -44.16 -43.56 -43.19 -43.75 -45.19 -46.97 -47.81 -48.41 -48.97 -49.41 -49.78 -50.09 -50.38 -50.59 -50.72 -50.81 -50.81 -50.75 -50.62 -50.44 -50.16 -49.88 -49.56 -48.78 -47.56 -46.53 -46.06 -46.09 -46.31 -46.44 -46.31 -46.03 -45.66 -45.31 -45.09 -45.12 -45.34 -45.59 -45.72 -45.81 -45.88 -45.88 -45.84 -45.69
-33.38 -33.12 -32.47 -30.59 -29.78 -29.03 -28.72 -30.53 -32.03 -34.16 -34.75 -33.50 -33.53 -34.12 -35.62 -36.06 -38.72 -40.56 -41.94 -42.81 -43.28 -43.66 -43.94 -44.09 -44.12 -44.03 -43.91 -43.62 -42.91 -42.56 -43.31 -44.91 -46.69 -47.56 -48.16 -48.69 -49.19 -49.59 -49.97 -50.28 -50.47 -50.62 -50.72 -50.75 -50.69 -50.53 -50.31 -50.06 -49.78 -49.44 -48.72 -47.75 -47.09 -46.91 -46.97 -47.03 -46.97 -46.81 -46.53 -46.22 -45.94 -45.75 -45.78 -45.88 -45.97 -46.06 -46.12 -46.19 -46.19 -46.12 -45.94
-33.66 -33.47 -33.12 -31.06 -30.06 -28.84 -29.16 -30.38 -32.62 -35.09 -35.69 -35.44 -34.50 -34.38 -35.06 -36.09 -37.47 -40.00 -41.59 -42.66 -43.16 -43.50 -43.75 -43.84 -43.78 -43.66 -43.50 -43.16 -42.38 -41.97 -42.66 -44.06 -45.56 -46.69 -47.50 -48.25 -48.91 -49.41 -49.84 -50.12 -50.34 -50.50 -50.59 -50.62 -50.56 -50.44 -50.22 -49.97 -49.66 -49.28 -48.75 -48.12 -47.84 -47.72 -47.56 -47.44 -47.25 -47.06 -46.88 -46.66 -46.44 -46.28 -46.19 -46.22 -46.25 -46.34 -46.41 -46.47 -46.44 -46.34 -46.16
-34.00 -33.91 -33.66 -32.72 -31.56 -30.69 -29.66 -30.06 -32.41 -34.97 -36.41 -36.81 -36.66 -35.62 -35.25 -36.34 -38.16 -39.91 -41.47 -42.53 -43.00 -43.31 -43.47 -43.50 -43.41 -43.28 -43.09 -42.75 -41.94 -41.44 -41.94 -43.06 -44.28 -45.44 -46.56 -47.69 -48.62 -49.25 -49.69 -49.97 -50.16 -50.31 -50.44 -50.50 -50.47 -50.31 -50.09 -49.84 -49.56 -49.25 -48.88 -48.56 -48.31 -48.09 -47.91 -47.72 -47.53 -47.31 -47.09 -46.88 -46.69 -46.53 -46.47 -46.47 -46.53 -46.59 -46.66 -46.69 -46.62 -46.50 -46.28
-34.34 -34.34 -34.31 -34.00 -33.12 -32.09 -30.72 -29.69 -32.34 -35.69 -37.09 -37.66 -37.78 -37.44 -37.03 -37.56 -38.66 -40.25 -41.62 -42.41 -42.84 -43.06 -43.16 -43.09 -43.00 -42.84 -42.62 -42.12 -41.44 -41.12 -41.62 -42.59 -43.75 -45.06 -46.44 -47.69 -48.53 -49.12 -49.53 -49.75 -49.94 -50.09 -50.25 -50.34 -50.34 -50.19 -50.00 -49.78 -49.53 -49.28 -49.03 -48.78 -48.56 -48.34 -48.16 -47.97 -47.75 -47.53 -47.31 -47.09 -46.91 -46.75 -46.69 -46.69 -46.75 -46.81 -46.84 -46.84 -46.75 -46.59 -46.41
-34.69 -34.78 -34.88 -34.88 -34.41 -33.59 -32.72 -32.47 -34.00 -36.38 -37.75 -38.34 -38.66 -38.72 -38.53 -38.84 -39.72 -40.84 -41.81 -42.31 -42.66 -42.78 -42.75 -42.69 -42.56 -42.34 -41.84 -41.31 -40.97 -41.34 -42.12 -43.09 -44.28 -45.66 -46.88 -47.78 -48.44 -48.97 -49.28 -49.47 -49.62 -49.84 -50.06 -50.19 -50.19 -50.06 -49.88 -49.69 -49.50 -49.31 -49.12 -48.91 -48.72 -48.50 -48.31 -48.09 -47.91 -47.69 -47.47 -47.25 -47.06 -46.91 -46.88 -46.88 -46.94 -47.00 -47.00 -46.94 -46.81 -46.66 -46.50
-35.06 -35.22 -35.38 -35.53 -35.56 -35.38 -35.28 -35.53 -36.06 -37.31 -38.34 -38.91 -39.28 -39.53 -39.69 -40.06 -40.62 -41.31 -41.88 -42.22 -42.44 -42.44 -42.38 -42.25 -42.09 -41.59 -40.97 -40.59 -40.97 -42.00 -43.22 -44.25 -45.12 -46.09 -46.94 -47.62 -48.22 -48.62 -48.88 -49.06 -49.31 -49.62 -49.84 -49.97 -49.97 -49.84 -49.69 -49.53 -49.38 -49.22 -49.06 -48.88 -48.69 -48.53 -48.34 -48.12 -47.91 -47.69 -47.50 -47.31 -47.12 -47.03 -47.00 -47.03 -47.09 -47.12 -47.12 -47.03 -46.91 -46.75 -46.56
-35.44 -35.66 -35.88 -36.06 -36.28 -36.50 -36.75 -37.12 -37.69 -38.31 -38.91 -39.38 -39.75 -40.06 -40.34 -40.66 -41.09 -41.53 -41.84 -42.09 -42.16 -42.09 -41.97 -41.81 -41.50 -40.84 -40.22 -40.25 -41.16 -42.56 -43.78 -44.47 -45.25 -46.00 -46.69 -47.31 -47.78 -48.16 -48.41 -48.66 -49.00 -49.34 -49.62 -49.72 -49.69 -49.56 -49.41 -49.25 -49.12 -48.94 -48.81 -48.66 -48.50 -48.34 -48.19 -48.03 -47.81 -47.62 -47.44 -47.28 -47.12 -47.06 -47.09 -47.12 -47.19 -47.22 -47.19 -47.12 -47.00 -46.84 -46.69
-35.66 -35.97 -36.25 -36.53 -36.81 -37.12 -37.53 -37.97 -38.47 -38.94 -39.34 -39.72 -40.09 -40.41 -40.72 -41.00 -41.31 -41.59 -41.78 -41.88 -41.84 -41.72 -41.50 -41.12 -40.62 -40.03 -39.66 -40.12 -41.25 -42.62 -43.69 -44.31 -44.97 -45.62 -46.28 -46.84 -47.28 -47.62 -47.91 -48.28 -48.69 -49.06 -49.31 -49.44 -49.38 -49.22 -49.06 -48.91 -48.78 -48.59 -48.44 -48.31 -48.19 -48.06 -47.97 -47.81 -47.66 -47.50 -47.34 -47.19 -47.06 -47.06 -47.12 -47.22 -47.28 -47.31 -47.28 -47.22 -47.09 -47.00 -46.88
-35.59 -36.00 -36.41 -36.75 -37.12 -37.50 -37.91 -38.34 -38.78 -39.19 -39.56 -39.91 -40.28 -40.59 -40.91 -41.16 -41.38 -41.56 -41.62 -41.62 -41.50 -41.34 -40.91 -40.25 -39.66 -39.25 -39.31 -40.06 -41.09 -42.25 -43.28 -43.94 -44.56 -45.19 -45.78 -46.28 -46.72 -47.06 -47.47 -47.94 -48.34 -48.72 -48.97 -49.09 -49.03 -48.88 -48.66 -48.47 -48.31 -48.16 -48.03 -47.88 -47.78 -47.69 -47.62 -47.53 -47.44 -47.31 -47.19 -47.06 -47.00 -47.06 -47.16 -47.25 -47.34 -47.41 -47.38 -47.31 -47.25 -47.16 -47.06
-35.25 -35.78 -36.28 -36.75 -37.19 -37.59 -37.97 -38.34 -38.69 -39.06 -39.50 -39.88 -40.25 -40.59 -40.88 -41.12 -41.31 -41.41 -41.44 -41.34 -41.19 -40.88 -40.22 -39.47 -38.88 -38.72 -39.28 -40.09 -40.97 -41.88 -42.81 -43.50 -44.12 -44.72 -45.25 -45.72 -46.09 -46.53 -47.06 -47.53 -47.94 -48.28 -48.53 -48.69 -48.69 -48.50 -48.19 -47.75 -47.41 -47.22 -47.16 -47.22 -47.28 -47.25 -47.22 -47.19 -47.16 -47.09 -47.03 -46.94 -46.94 -47.06 -47.19 -47.31 -47.44 -47.47 -47.47 -47.44 -47.38 -47.31 -47.28
-33.62 -35.38 -36.06 -36.59 -37.03 -37.41 -37.66 -37.84 -38.09 -38.53 -39.06 -39.62 -40.03 -40.41 -40.69 -40.94 -41.12 -41.22 -41.22 -41.12 -40.91 -40.50 -39.84 -39.12 -38.62 -38.81 -39.56 -40.41 -41.16 -41.81 -42.53 -43.12 -43.66 -44.19 -44.62 -44.97 -45.34 -45.91 -46.56 -47.03 -47.44 -47.78 -48.06 -48.28 -48.34 -48.16 -47.75 -47.00 -46.34 -45.97 -45.88 -46.03 -46.34 -46.69 -46.78 -46.81 -46.84 -46.84 -46.84 -46.84 -46.94 -47.06 -47.22 -47.38 -47.50 -47.56 -47.59 -47.56 -47.53 -47.50 -47.47
-32.88 -35.09 -35.84 -36.41 -36.84 -37.09 -37.09 -36.97 -37.06 -37.53 -38.31 -39.16 -39.72 -40.12 -40.44 -40.69 -40.91 -41.03 -41.06 -41.00 -40.81 -40.53 -40.00 -39.44 -39.12 -39.38 -40.09 -40.84 -41.44 -41.88 -42.31 -42.75 -43.16 -43.56 -43.88 -44.06 -44.47 -45.12 -45.94 -46.47 -46.88 -47.25 -47.56 -47.81 -47.94 -47.78 -47.38 -46.56 -45.50 -44.78 -44.50 -44.69 -45.12 -45.62 -46.12 -46.41 -46.53 -46.59 -46.66 -46.78 -46.94 -47.09 -47.28 -47.44 -47.56 -47.66 -47.69 -47.69 -47.69 -47.66 -47.66
-33.62 -34.94 -35.62 -36.16 -36.53 -36.69 -36.53 -36.00 -35.94 -36.59 -37.62 -38.84 -39.47 -39.84 -40.16 -40.44 -40.66 -40.81 -40.91 -40.91 -40.84 -40.72 -40.50 -40.16 -39.97 -40.19 -40.69 -41.22 -41.53 -41.84 -42.12 -42.41 -42.66 -42.78 -42.94 -43.25 -43.75 -44.50 -45.28 -45.84 -46.28 -46.66 -47.00 -47.34 -47.50 -47.38 -47.00 -46.28 -45.00 -43.91 -43.38 -43.44 -43.91 -44.59 -45.25 -45.88 -46.19 -46.34 -46.53 -46.72 -46.94 -47.12 -47.31 -47.50 -47.66 -47.78 -47.81 -47.84 -47.81 -47.81 -47.81
-33.94 -34.72 -35.34 -35.84 -36.16 -36.31 -36.12 -35.97 -36.41 -37.19 -38.09 -38.75 -39.22 -39.56 -39.88 -40.16 -40.41 -40.62 -40.78 -40.91 -40.94 -40.91 -40.81 -40.75 -40.72 -40.88 -41.12 -41.34 -41.56 -41.81 -42.00 -42.12 -42.16 -42.12 -42.38 -42.84 -43.44 -44.12 -44.75 -45.22 -45.56 -45.94 -46.38 -46.84 -47.06 -46.97 -46.62 -46.00 -44.69 -43.47 -42.69 -42.59 -43.09 -43.81 -44.62 -45.38 -45.88 -46.16 -46.41 -46.69 -46.94 -47.16 -47.38 -47.56 -47.72 -47.84 -47.94 -47.97 -47.97 -47.97 -47.97
-33.53 -34.41 -35.00 -35.47 -35.81 -36.03 -36.22 -36.59 -37.09 -37.62 -38.12 -38.56 -38.91 -39.25 -39.56 -39.88 -40.19 -40.44 -40.69 -40.88 -41.03 -41.06 -41.03 -41.03 -41.06 -41.16 -41.31 -41.47 -41.62 -41.78 -41.88 -41.94 -41.88 -41.91 -42.28 -42.84 -43.41 -43.91 -44.34 -44.69 -44.91 -45.28 -45.88 -46.41 -46.62 -46.53 -46.22 -45.69 -44.53 -43.41 -42.66 -42.56 -42.97 -43.62 -44.38 -45.12 -45.69 -46.03 -46.34 -46.62 -46.91 -47.16 -47.38 -47.59 -47.78 -47.91 -48.03 -48.06 -48.09 -48.09 -48.06
-33.31 -34.06 -34.62 -35.12 -35.53 -35.91 -36.31 -36.75 -37.16 -37.50 -37.78 -38.09 -38.47 -38.88 -39.28 -39.59 -39.94 -40.25 -40.53 -40.78 -41.00 -41.12 -41.19 -41.19 -41.25 -41.34 -41.47 -41.59 -41.69 -41.78 -41.81 -41.84 -41.88 -42.00 -42.38 -42.84 -43.31 -43.75 -44.12 -44.44 -44.75 -45.12 -45.62 -46.03 -46.22 -46.09 -45.81 -45.38 -44.50 -43.53 -43.00 -43.12 -43.50 -43.97 -44.59 -45.19 -45.59 -45.94 -46.28 -46.56 -46.84 -47.09 -47.34 -47.56 -47.78 -47.94 -48.06 -48.16 -48.19 -48.19 -48.16
-32.56 -33.31 -34.25 -34.78 -35.31 -35.78 -36.22 -36.59 -36.84 -36.97 -36.78 -37.06 -37.59 -38.38 -38.94 -39.28 -39.62 -40.00 -40.34 -40.62 -40.88 -41.06 -41.19 -41.31 -41.41 -41.50 -41.59 -41.69 -41.75 -41.78 -41.81 -41.84 -41.91 -42.06 -42.34 -42.75 -43.16 -43.59 -44.00 -44.38 -44.75 -45.12 -45.47 -45.75 -45.84 -45.72 -45.44 -45.06 -44.44 -43.72 -43.44 -43.81 -44.16 -44.47 -44.84 -45.22 -45.56 -45.88 -46.16 -46.47 -46.75 -47.03 -47.31 -47.56 -47.78 -47.97 -48.12 -48.22 -48.25 -48.25 -48.19
-31.66 -32.56 -33.62 -34.47 -35.03 -35.53 -35.94 -36.22 -36.28 -36.09 -35.44 -35.62 -36.28 -37.53 -38.47 -38.91 -39.28 -39.69 -40.06 -40.41 -40.69 -40.94 -41.16 -41.34 -41.50 -41.62 -41.69 -41.75 -41.78 -41.78 -41.81 -41.84 -41.94 -42.06 -42.31 -42.62 -43.00 -43.44 -43.88 -44.28 -44.66 -45.00 -45.28 -45.47 -45.50 -45.34 -45.12 -44.78 -44.31 -43.78 -43.78 -44.09 -44.34 -44.62 -44.94 -45.22 -45.50 -45.78 -46.06 -46.34 -46.69 -47.00 -47.31 -47.56 -47.78 -48.00 -48.16 -48.25 -48.31 -48.28 -48.25
-30.34 -31.84 -33.12 -34.16 -34.72 -35.16 -35.53 -35.72 -35.56 -35.19 -34.50 -34.25 -34.69 -36.47 -37.72 -38.50 -38.91 -39.34 -39.75 -40.12 -40.50 -40.81 -41.09 -41.34 -41.53 -41.69 -41.75 -41.78 -41.75 -41.78 -41.81 -41.84 -41.94 -42.06 -42.22 -42.50 -42.81 -43.22 -43.62 -44.06 -44.44 -44.75 -44.97 -45.09 -45.12 -45.03 -44.81 -44.53 -44.16 -43.75 -43.91 -44.19 -44.44 -44.72 -44.97 -45.25 -45.50 -45.72 -46.03 -46.38 -46.75 -47.06 -47.38 -47.62 -47.84 -48.03 -48.19 -48.28 -48.34 -48.34 -48.28
-30.12 -30.19 -31.41 -32.69 -34.19 -34.66 -35.00 -35.19 -35.06 -34.06 -33.16 -32.88 -32.91 -35.22 -36.56 -37.69 -38.22 -38.66 -39.22 -39.78 -40.25 -40.69 -41.03 -41.31 -41.53 -41.69 -41.75 -41.75 -41.72 -41.75 -41.78 -41.84 -41.91 -42.00 -42.16 -42.34 -42.62 -42.97 -43.34 -43.75 -44.09 -44.34 -44.56 -44.69 -44.75 -44.69 -44.56 -44.34 -44.06 -43.72 -43.94 -44.22 -44.44 -44.72 -45.00 -45.31 -45.56 -45.84 -46.19 -46.53 -46.88 -47.19 -47.47 -47.69 -47.91 -48.06 -48.22 -48.31 -48.38 -48.38 -48.31
