everonasctiles/Tile[31,33].asc
ncols 128
nrows 128
xllcorner 0
yllcorner 0
cellsize 2.0
NODATA_value  -9999
[rows 0 to 31 of 128, columns 0 to 71 of 128]
-9.88 -9.97 -9.94 -9.91 -9.91 -10.00 -9.84 -10.03 -9.97 -10.16 -10.53 -10.69 -10.81 -10.78 -10.84 -11.00 -11.12 -11.25 -11.28 -11.25 -11.22 -11.31 -11.47 -11.38 -11.34 -11.44 -11.50 -11.66 -11.69 -11.94 -12.03 -11.97 -12.12 -12.19 -12.09 -12.00 -12.12 -12.38 -12.56 -12.69 -12.66 -12.56 -12.59 -12.59 -12.62 -12.56 -12.81 -13.16 -13.34 -13.44 -13.69 -13.69 -13.88 -14.00 -14.09 -14.09 -14.19 -14.16 -14.25 -14.50 -14.75 -14.84 -14.97 -15.00 -15.16 -15.38 -15.66 -15.72 -15.84 -16.09 -16.19 -16.22
-9.81 -10.00 -9.94 -9.88 -10.09 -9.97 -9.84 -9.91 -10.06 -10.22 -10.50 -10.44 -10.62 -10.66 -10.66 -11.00 -11.16 -11.19 -11.31 -11.28 -11.22 -11.12 -11.31 -11.44 -11.44 -11.41 -11.47 -11.50 -11.59 -11.66 -11.84 -11.78 -11.94 -12.06 -11.91 -11.97 -12.09 -12.25 -12.59 -12.66 -12.50 -12.41 -12.34 -12.47 -12.56 -12.62 -12.78 -12.94 -13.19 -13.22 -13.38 -13.50 -13.78 -14.00 -14.06 -14.12 -14.12 -14.16 -14.22 -14.38 -14.56 -14.69 -14.75 -14.88 -15.03 -15.22 -15.44 -15.53 -15.81 -16.03 -16.06 -16.25
-9.69 -9.94 -9.91 -9.88 -9.94 -10.06 -9.94 -10.03 -10.16 -10.12 -10.50 -10.50 -10.59 -10.62 -10.66 -10.88 -10.91 -10.97 -11.06 -11.06 -11.06 -11.12 -11.31 -11.44 -11.41 -11.25 -11.34 -11.41 -11.41 -11.47 -11.59 -11.59 -11.78 -11.78 -11.75 -11.75 -11.94 -12.03 -12.25 -12.28 -12.19 -12.25 -12.16 -12.31 -12.69 -12.81 -12.81 -12.91 -13.12 -13.22 -13.22 -13.31 -13.44 -13.78 -13.91 -13.84 -13.94 -13.97 -14.03 -14.19 -14.38 -14.72 -14.78 -15.00 -15.09 -15.12 -15.38 -15.38 -15.66 -15.91 -16.28 -16.34
-9.62 -9.69 -9.81 -9.94 -10.06 -10.00 -9.84 -10.00 -10.16 -10.22 -10.22 -10.50 -10.66 -10.81 -10.78 -10.78 -10.97 -11.00 -11.00 -11.03 -11.06 -11.12 -11.22 -11.19 -11.28 -11.19 -11.12 -11.38 -11.41 -11.66 -11.78 -11.75 -11.75 -11.84 -12.00 -11.84 -11.91 -12.00 -12.09 -12.06 -12.16 -12.12 -12.22 -12.22 -12.44 -12.59 -12.75 -12.81 -12.94 -12.97 -13.03 -13.28 -13.38 -13.62 -13.81 -13.91 -13.94 -13.81 -13.91 -14.16 -14.31 -14.53 -14.62 -14.88 -15.16 -15.34 -15.34 -15.47 -15.84 -16.09 -16.34 -16.66
-9.84 -9.78 -9.66 -9.62 -9.84 -9.75 -9.81 -10.19 -10.28 -10.12 -10.31 -10.59 -10.69 -10.81 -10.84 -10.69 -10.84 -10.97 -11.03 -11.19 -11.28 -11.25 -11.19 -11.03 -11.03 -10.97 -11.12 -11.38 -11.53 -11.62 -11.75 -11.72 -11.91 -11.81 -11.78 -11.84 -11.78 -12.00 -12.06 -12.03 -12.06 -12.16 -12.12 -12.28 -12.47 -12.47 -12.50 -12.66 -12.69 -12.72 -12.88 -13.03 -13.12 -13.25 -13.34 -13.72 -13.69 -13.69 -13.84 -13.97 -14.22 -14.41 -14.47 -14.78 -15.00 -15.19 -15.28 -15.50 -15.84 -16.06 -16.34 -16.66
-9.69 -9.69 -9.47 -9.38 -9.75 -9.66 -10.06 -10.19 -10.28 -10.28 -10.31 -10.41 -10.59 -10.78 -10.84 -10.69 -10.53 -10.81 -10.97 -11.00 -11.06 -11.06 -11.00 -11.03 -10.91 -11.06 -11.25 -11.41 -11.50 -11.66 -11.62 -11.66 -11.72 -11.81 -11.75 -11.88 -11.84 -11.91 -11.94 -12.00 -12.19 -12.31 -12.25 -12.41 -12.31 -12.19 -12.28 -12.50 -12.81 -12.84 -12.78 -12.69 -12.75 -12.84 -13.12 -13.38 -13.50 -13.53 -13.50 -13.75 -14.09 -14.41 -14.53 -14.72 -14.91 -15.19 -15.41 -15.56 -15.78 -15.88 -16.28 -16.91
-9.53 -9.59 -9.66 -9.59 -9.72 -9.66 -9.84 -10.06 -10.19 -10.47 -10.72 -10.75 -10.69 -10.56 -10.66 -10.62 -10.62 -10.75 -10.72 -10.88 -10.66 -10.75 -10.91 -10.97 -11.28 -11.25 -11.19 -11.34 -11.59 -11.81 -11.75 -11.75 -11.88 -11.81 -11.81 -11.81 -11.62 -11.75 -12.03 -12.03 -12.19 -12.19 -12.19 -12.12 -12.22 -12.28 -12.31 -12.50 -12.72 -12.88 -12.69 -12.72 -12.88 -13.09 -13.16 -13.38 -13.62 -13.53 -13.66 -13.78 -13.84 -14.34 -14.50 -14.50 -14.84 -15.06 -15.44 -15.56 -15.81 -16.06 -16.31 -16.88
-9.31 -9.44 -9.56 -9.75 -9.91 -9.97 -9.94 -10.22 -10.38 -10.53 -10.66 -10.78 -10.75 -10.66 -10.56 -10.62 -10.59 -10.59 -10.66 -10.72 -10.50 -10.62 -10.81 -11.03 -11.28 -11.38 -11.19 -11.28 -11.41 -11.56 -11.72 -11.78 -11.81 -11.84 -11.72 -11.75 -11.75 -11.75 -11.66 -11.78 -12.06 -12.12 -12.25 -12.22 -12.38 -12.53 -12.62 -12.62 -12.81 -12.69 -12.78 -12.91 -13.19 -13.38 -13.50 -13.53 -13.41 -13.38 -13.56 -13.81 -13.91 -14.00 -14.22 -14.62 -14.91 -15.31 -15.59 -15.75 -15.88 -16.25 -16.56 -17.03
-9.09 -9.28 -9.34 -9.59 -9.56 -9.81 -10.06 -10.19 -10.31 -10.38 -10.53 -10.66 -10.62 -10.59 -10.69 -10.66 -10.66 -10.59 -10.38 -10.31 -10.50 -10.53 -10.62 -10.84 -11.19 -11.47 -11.47 -11.44 -11.50 -11.44 -11.47 -11.34 -11.47 -11.66 -11.59 -11.44 -11.44 -11.53 -11.69 -11.81 -11.81 -11.84 -11.97 -12.19 -12.53 -12.53 -12.59 -12.72 -12.78 -12.75 -12.91 -13.16 -13.28 -13.44 -13.47 -13.38 -13.28 -13.25 -13.47 -13.66 -13.72 -14.03 -14.34 -14.50 -14.88 -15.19 -15.41 -15.75 -16.16 -16.56 -16.81 -17.09
-9.03 -9.12 -9.12 -9.44 -9.50 -9.62 -9.88 -9.91 -10.09 -10.25 -10.41 -10.44 -10.56 -10.75 -10.78 -10.69 -10.66 -10.53 -10.44 -10.59 -10.56 -10.47 -10.59 -10.81 -11.03 -11.19 -11.41 -11.50 -11.53 -11.44 -11.41 -11.53 -11.44 -11.56 -11.50 -11.50 -11.53 -11.66 -11.72 -11.88 -11.94 -11.72 -11.69 -12.06 -12.31 -12.56 -12.44 -12.53 -12.75 -13.00 -12.94 -13.03 -13.19 -13.19 -13.19 -13.25 -13.34 -13.38 -13.41 -13.50 -13.81 -14.06 -14.16 -14.44 -14.75 -15.22 -15.53 -15.88 -16.22 -16.59 -17.00 -17.31
-8.88 -8.81 -8.97 -9.19 -9.41 -9.75 -9.94 -10.00 -10.06 -9.91 -10.09 -10.38 -10.59 -10.62 -10.78 -10.66 -10.38 -10.50 -10.53 -10.66 -10.56 -10.69 -10.75 -10.97 -11.00 -11.00 -11.25 -11.38 -11.50 -11.44 -11.47 -11.41 -11.34 -11.56 -11.66 -11.69 -11.84 -11.75 -11.75 -11.78 -11.91 -11.75 -11.66 -11.81 -12.06 -12.34 -12.25 -12.41 -12.69 -12.75 -12.88 -12.94 -12.94 -12.91 -12.91 -13.16 -13.41 -13.47 -13.53 -13.75 -14.03 -14.22 -14.25 -14.22 -14.62 -15.03 -15.41 -15.88 -16.28 -16.62 -17.00 -17.47
-8.81 -8.97 -9.38 -9.34 -9.44 -9.88 -9.84 -10.00 -10.25 -10.28 -10.16 -10.31 -10.56 -10.56 -10.56 -10.34 -10.44 -10.62 -10.47 -10.72 -10.66 -10.84 -10.78 -10.94 -11.06 -11.22 -11.16 -11.09 -11.16 -11.22 -11.12 -11.22 -11.31 -11.47 -11.66 -11.69 -11.72 -11.69 -11.75 -11.88 -11.97 -11.84 -11.72 -11.91 -12.03 -12.22 -12.34 -12.28 -12.41 -12.44 -12.41 -12.62 -12.78 -12.94 -13.19 -13.28 -13.38 -13.38 -13.47 -13.62 -13.81 -14.19 -14.22 -14.25 -14.28 -14.75 -15.28 -15.81 -16.28 -16.78 -17.19 -17.66
-8.97 -8.84 -9.12 -9.41 -9.38 -9.66 -9.62 -9.97 -10.31 -10.38 -10.38 -10.47 -10.59 -10.59 -10.47 -10.38 -10.56 -10.66 -10.59 -10.56 -10.47 -10.62 -10.72 -10.75 -10.84 -10.94 -11.06 -11.19 -11.12 -11.22 -11.28 -11.03 -11.16 -11.53 -11.59 -11.75 -11.59 -11.47 -11.56 -11.75 -11.81 -11.75 -11.91 -12.03 -12.28 -12.41 -12.41 -12.25 -12.28 -12.28 -12.34 -12.50 -12.59 -13.09 -13.19 -13.28 -13.41 -13.41 -13.41 -13.59 -13.94 -14.12 -14.31 -14.38 -14.41 -14.78 -15.31 -15.69 -16.12 -16.53 -17.12 -17.56
-8.88 -9.00 -9.03 -9.12 -9.22 -9.44 -9.84 -10.06 -10.09 -10.16 -10.44 -10.47 -10.44 -10.59 -10.50 -10.34 -10.56 -10.53 -10.56 -10.53 -10.47 -10.59 -10.56 -10.62 -10.88 -11.09 -10.97 -11.03 -11.09 -11.16 -11.09 -10.97 -11.12 -11.38 -11.56 -11.72 -11.53 -11.56 -11.53 -11.66 -11.97 -11.97 -12.06 -12.28 -12.38 -12.25 -12.34 -12.25 -12.34 -12.34 -12.28 -12.31 -12.53 -12.78 -12.94 -13.22 -13.41 -13.53 -13.47 -13.72 -14.00 -14.00 -14.12 -14.25 -14.53 -14.88 -15.25 -15.72 -16.12 -16.41 -16.94 -17.44
-8.81 -8.94 -8.94 -9.25 -9.62 -9.62 -9.88 -10.12 -10.25 -10.34 -10.22 -10.34 -10.41 -10.34 -10.41 -10.38 -10.38 -10.47 -10.44 -10.31 -10.34 -10.56 -10.62 -10.72 -10.81 -10.88 -10.97 -11.03 -10.81 -10.81 -11.06 -10.94 -11.03 -11.28 -11.47 -11.47 -11.47 -11.31 -11.38 -11.34 -11.75 -11.91 -11.94 -12.06 -12.28 -12.38 -12.41 -12.31 -12.25 -12.19 -12.06 -12.19 -12.50 -12.81 -12.88 -13.19 -13.44 -13.53 -13.69 -13.81 -14.00 -13.88 -13.88 -13.97 -14.47 -14.78 -15.12 -15.62 -15.97 -16.44 -16.88 -17.38
-8.81 -9.06 -9.31 -9.47 -9.53 -9.75 -9.81 -10.09 -10.09 -10.28 -10.31 -10.28 -10.38 -10.41 -10.31 -10.38 -10.03 -10.22 -10.16 -10.28 -10.53 -10.59 -10.47 -10.59 -10.75 -10.88 -10.66 -10.69 -10.94 -10.69 -10.66 -10.72 -10.59 -10.78 -11.16 -11.38 -11.41 -11.25 -11.38 -11.41 -11.47 -11.59 -11.66 -11.88 -12.19 -12.28 -12.28 -12.19 -12.16 -11.97 -11.97 -12.06 -12.38 -12.69 -12.78 -13.09 -13.34 -13.59 -13.69 -13.75 -13.78 -13.94 -14.06 -14.16 -14.28 -14.62 -15.09 -15.66 -16.12 -16.50 -17.00 -17.56
-8.81 -9.22 -9.34 -9.41 -9.47 -9.66 -9.84 -10.00 -10.00 -10.06 -10.16 -10.22 -10.28 -10.41 -10.38 -10.19 -9.94 -10.19 -10.16 -10.34 -10.56 -10.59 -10.41 -10.59 -10.69 -10.66 -10.69 -10.81 -10.81 -10.56 -10.47 -10.72 -10.62 -10.62 -10.84 -11.12 -11.19 -11.25 -11.38 -11.56 -11.75 -11.62 -11.44 -11.72 -11.97 -12.16 -12.25 -12.19 -11.97 -11.94 -12.16 -12.28 -12.53 -12.56 -12.72 -13.00 -13.28 -13.59 -13.72 -13.59 -13.75 -14.03 -14.22 -14.41 -14.50 -14.78 -15.34 -15.72 -16.19 -16.62 -17.03 -17.66
-9.00 -9.22 -9.38 -9.56 -9.69 -9.66 -9.69 -9.72 -9.84 -10.06 -10.06 -10.16 -10.28 -10.31 -10.16 -9.84 -9.94 -10.25 -10.25 -10.44 -10.38 -10.41 -10.44 -10.59 -10.72 -10.75 -10.72 -10.44 -10.25 -10.41 -10.44 -10.53 -10.62 -10.53 -10.66 -10.91 -11.16 -11.31 -11.38 -11.50 -11.56 -11.56 -11.56 -11.69 -11.91 -12.03 -12.00 -12.03 -11.97 -11.88 -11.94 -12.25 -12.56 -12.75 -12.91 -13.09 -13.28 -13.44 -13.69 -13.66 -13.72 -13.88 -14.03 -14.38 -14.56 -14.66 -15.06 -15.72 -16.25 -16.50 -17.06 -17.59
-9.16 -9.19 -9.28 -9.41 -9.59 -9.56 -9.53 -9.84 -9.94 -9.97 -10.09 -10.19 -10.09 -10.25 -10.09 -9.91 -10.09 -10.28 -10.19 -10.22 -10.41 -10.56 -10.56 -10.47 -10.50 -10.34 -10.31 -10.19 -10.22 -10.03 -10.12 -10.22 -10.38 -10.44 -10.75 -10.91 -11.03 -11.19 -11.38 -11.38 -11.41 -11.47 -11.53 -11.81 -11.88 -12.03 -12.03 -11.88 -11.62 -11.72 -11.97 -12.38 -12.66 -12.75 -12.94 -13.06 -13.22 -13.38 -13.56 -13.62 -13.84 -14.16 -14.22 -14.47 -14.56 -14.66 -15.16 -15.69 -16.03 -16.47 -16.88 -17.38
-8.94 -8.91 -9.06 -9.28 -9.38 -9.53 -9.66 -9.88 -10.09 -10.06 -10.12 -10.09 -10.06 -10.12 -10.19 -10.12 -10.00 -10.28 -10.47 -10.53 -10.56 -10.59 -10.56 -10.59 -10.44 -10.44 -10.44 -10.28 -10.09 -10.12 -10.38 -10.31 -10.38 -10.53 -10.78 -10.69 -10.78 -11.16 -11.22 -11.34 -11.50 -11.44 -11.47 -11.84 -11.78 -11.81 -11.91 -12.00 -11.75 -11.75 -11.88 -12.25 -12.50 -12.66 -12.81 -13.09 -13.19 -13.47 -13.56 -13.69 -13.88 -14.25 -14.41 -14.56 -14.72 -14.81 -15.16 -15.56 -16.00 -16.38 -16.91 -17.34
-8.94 -9.03 -9.16 -9.19 -9.25 -9.50 -9.72 -9.91 -10.03 -9.91 -9.72 -9.94 -10.12 -10.28 -10.19 -10.16 -10.12 -10.34 -10.44 -10.50 -10.72 -10.81 -10.66 -10.38 -10.44 -10.50 -10.53 -10.72 -10.56 -10.19 -10.03 -10.09 -10.03 -10.44 -10.75 -10.94 -10.97 -11.06 -11.19 -11.19 -11.22 -11.22 -11.41 -11.53 -11.56 -11.62 -11.78 -11.84 -11.72 -11.75 -11.81 -12.09 -12.44 -12.62 -12.81 -13.06 -13.06 -13.22 -13.41 -13.53 -13.78 -14.06 -14.44 -14.59 -14.78 -15.00 -15.34 -15.59 -16.12 -16.66 -16.91 -17.31
-8.84 -9.00 -9.16 -9.28 -9.38 -9.62 -9.88 -9.81 -9.66 -9.66 -9.75 -9.75 -10.03 -10.12 -9.88 -9.81 -9.94 -10.00 -10.28 -10.25 -10.41 -10.34 -10.09 -10.38 -10.53 -10.38 -10.62 -10.69 -10.41 -9.97 -10.03 -10.38 -10.25 -10.50 -10.91 -10.84 -10.94 -11.03 -10.97 -11.00 -11.03 -11.09 -11.41 -11.38 -11.25 -11.09 -11.28 -11.56 -11.88 -11.94 -11.81 -12.03 -12.28 -12.66 -12.94 -13.03 -13.06 -13.03 -13.12 -13.53 -13.69 -13.97 -14.31 -14.69 -14.88 -15.03 -15.38 -15.91 -16.38 -16.62 -17.16 -17.75
-8.75 -9.12 -9.19 -9.38 -9.56 -9.31 -9.44 -9.38 -9.50 -9.53 -9.53 -9.66 -9.78 -9.81 -9.75 -10.19 -10.12 -10.16 -10.47 -10.28 -10.19 -10.25 -10.09 -10.34 -10.44 -10.44 -10.59 -10.66 -10.38 -10.19 -10.28 -10.41 -10.38 -10.44 -10.78 -11.09 -11.16 -11.16 -11.09 -11.12 -10.97 -11.25 -11.38 -11.25 -11.09 -11.22 -11.34 -11.69 -11.94 -11.78 -11.84 -12.09 -12.44 -12.62 -12.84 -12.88 -12.97 -13.03 -13.09 -13.44 -13.78 -14.12 -14.56 -14.81 -14.84 -15.03 -15.47 -15.81 -16.34 -16.75 -17.31 -17.88
-9.03 -9.25 -9.41 -9.41 -9.38 -9.31 -9.47 -9.59 -9.56 -9.50 -9.56 -9.44 -9.41 -9.62 -9.88 -10.25 -10.16 -10.19 -10.22 -10.38 -10.31 -10.44 -10.47 -10.50 -10.50 -10.56 -10.47 -10.44 -10.38 -10.25 -10.34 -10.28 -10.41 -10.59 -10.59 -10.78 -10.97 -11.12 -11.12 -10.94 -10.72 -10.97 -11.09 -11.09 -11.09 -11.31 -11.53 -11.66 -11.75 -11.75 -11.94 -12.28 -12.47 -12.59 -12.72 -12.81 -12.75 -12.91 -13.22 -13.59 -13.94 -14.38 -14.59 -14.78 -14.97 -15.06 -15.53 -16.00 -16.47 -17.06 -17.62 -18.25
-9.00 -9.00 -9.16 -9.34 -9.41 -9.34 -9.38 -9.47 -9.44 -9.50 -9.59 -9.19 -9.41 -9.62 -9.75 -9.97 -10.03 -10.16 -10.16 -10.34 -10.56 -10.66 -10.53 -10.75 -10.62 -10.50 -10.31 -10.12 -10.22 -10.25 -10.31 -10.38 -10.53 -10.66 -10.69 -10.66 -10.62 -10.72 -11.03 -11.00 -10.75 -10.75 -11.09 -11.06 -11.12 -11.16 -11.22 -11.44 -11.72 -11.78 -11.81 -12.06 -12.44 -12.59 -12.69 -12.88 -13.00 -13.12 -13.31 -13.78 -14.12 -14.31 -14.59 -15.00 -14.94 -15.19 -15.53 -16.06 -16.62 -17.19 -17.81 -18.47
-9.16 -8.94 -9.06 -9.19 -9.41 -9.44 -9.34 -9.47 -9.41 -9.31 -9.38 -9.16 -9.22 -9.47 -9.78 -9.91 -9.97 -10.25 -10.16 -10.31 -10.47 -10.62 -10.75 -10.59 -10.44 -10.28 -10.38 -10.31 -10.22 -10.34 -10.53 -10.62 -10.59 -10.78 -10.81 -10.75 -10.75 -10.97 -11.00 -11.00 -10.97 -11.03 -11.19 -11.16 -11.25 -11.31 -11.31 -11.38 -11.47 -11.59 -11.75 -11.97 -12.41 -12.62 -12.72 -12.97 -13.25 -13.44 -13.53 -13.84 -14.22 -14.47 -14.75 -14.78 -15.06 -15.16 -15.66 -16.34 -16.78 -17.28 -17.88 -18.62
-9.12 -9.22 -9.12 -9.22 -9.31 -9.41 -9.59 -9.47 -9.31 -9.22 -9.12 -9.22 -9.19 -9.28 -9.62 -9.62 -9.91 -10.06 -10.06 -10.50 -10.81 -10.81 -10.69 -10.50 -10.28 -10.19 -10.34 -10.44 -10.53 -10.56 -10.66 -10.72 -10.66 -10.78 -10.94 -11.00 -11.03 -10.97 -10.88 -10.72 -10.81 -10.91 -11.03 -10.94 -11.00 -11.19 -11.44 -11.53 -11.66 -11.69 -11.94 -12.09 -12.34 -12.81 -12.94 -13.03 -13.22 -13.53 -13.91 -14.03 -14.16 -14.50 -14.81 -15.09 -15.22 -15.50 -15.94 -16.62 -17.03 -17.50 -18.00 -18.75
-9.25 -9.12 -9.38 -9.44 -9.31 -9.16 -9.31 -9.38 -9.19 -8.84 -9.03 -9.25 -9.25 -9.09 -9.47 -9.34 -9.59 -10.00 -10.28 -10.59 -10.69 -10.78 -10.59 -10.50 -10.25 -10.25 -10.22 -10.34 -10.38 -10.38 -10.53 -10.88 -10.94 -11.00 -10.97 -10.91 -11.03 -11.06 -10.81 -10.81 -10.69 -10.59 -10.75 -10.91 -11.22 -11.19 -11.38 -11.44 -11.41 -11.62 -11.72 -12.03 -12.31 -12.66 -12.88 -13.00 -13.28 -13.22 -13.56 -13.69 -14.16 -14.56 -15.03 -15.25 -15.38 -15.84 -16.47 -16.69 -17.22 -17.81 -18.41 -18.94
-9.16 -9.25 -9.25 -9.22 -9.31 -9.12 -9.22 -9.38 -9.41 -9.25 -9.25 -9.38 -9.22 -9.19 -8.97 -9.38 -9.62 -9.75 -10.12 -10.28 -10.41 -10.41 -10.34 -10.41 -10.19 -10.22 -10.03 -10.03 -10.22 -10.38 -10.53 -10.72 -10.75 -10.88 -11.03 -11.16 -11.09 -11.16 -11.06 -11.06 -10.94 -10.72 -10.75 -10.84 -11.16 -11.25 -11.34 -11.28 -11.34 -11.44 -11.53 -11.72 -12.16 -12.59 -12.91 -12.91 -13.00 -13.31 -13.50 -13.75 -14.34 -14.69 -14.97 -15.25 -15.41 -15.97 -16.41 -16.84 -17.56 -18.12 -18.66 -19.12
-9.09 -9.28 -9.31 -9.09 -9.12 -9.09 -9.25 -9.31 -9.47 -9.47 -9.16 -8.97 -9.03 -9.41 -9.59 -9.66 -9.94 -9.91 -10.00 -10.16 -10.16 -10.09 -10.09 -10.12 -9.94 -9.88 -9.66 -9.94 -10.22 -10.28 -10.28 -10.38 -10.62 -11.00 -10.97 -11.06 -11.03 -11.16 -11.09 -10.97 -10.81 -10.66 -10.69 -10.88 -11.12 -11.25 -11.41 -11.50 -11.44 -11.31 -11.56 -11.81 -12.09 -12.44 -12.72 -12.84 -13.09 -13.25 -13.47 -13.94 -14.41 -14.81 -15.12 -15.59 -15.81 -16.28 -16.81 -17.28 -17.66 -18.34 -18.75 -19.28
-8.81 -8.97 -9.09 -9.34 -9.38 -9.38 -9.47 -9.44 -9.19 -9.16 -9.16 -9.38 -9.56 -9.72 -9.66 -9.72 -9.62 -9.75 -9.94 -10.12 -10.12 -10.09 -10.03 -9.84 -9.66 -9.69 -9.72 -10.00 -10.12 -10.31 -10.34 -10.44 -10.69 -10.84 -10.97 -10.97 -10.91 -10.91 -10.88 -10.91 -10.78 -10.69 -10.62 -10.69 -10.97 -11.25 -11.38 -11.41 -11.47 -11.53 -11.72 -11.84 -12.06 -12.47 -12.78 -13.03 -13.03 -13.12 -13.50 -13.81 -14.34 -14.78 -15.28 -15.50 -15.91 -16.47 -17.16 -17.53 -17.84 -18.38 -19.03 -19.66
-8.75 -8.94 -9.19 -9.31 -9.31 -9.19 -9.25 -9.19 -9.22 -9.06 -9.34 -9.75 -9.72 -9.72 -9.69 -9.47 -9.44 -9.53 -9.84 -10.06 -10.22 -10.22 -10.12 -9.84 -9.69 -9.75 -9.78 -9.97 -10.09 -10.22 -10.44 -10.50 -10.53 -10.75 -10.75 -10.88 -10.78 -10.72 -10.78 -10.97 -10.88 -10.81 -11.00 -10.91 -11.06 -11.12 -11.19 -11.09 -11.22 -11.44 -11.72 -11.72 -11.94 -12.38 -12.81 -13.25 -13.47 -13.50 -13.50 -14.00 -14.47 -14.91 -15.31 -15.78 -16.22 -16.78 -17.09 -17.59 -18.00 -18.56 -19.31 -20.00
