everonasctiles/Tile[43,33].asc
ncols 128
nrows 128
xllcorner 0
yllcorner 0
cellsize 2.0
NODATA_value  -9999
[rows 0 to 33 of 128, columns 0 to 75 of 128]
14.03 12.69 11.72 10.88 10.06 9.25 8.56 7.81 6.91 6.28 5.62 4.88 3.97 3.47 2.84 2.84 2.78 2.72 2.66 2.59 2.03 1.50 0.88 0.28 -0.25 -0.66 -0.97 -1.22 -1.41 -1.53 -1.53 -1.44 -1.53 -1.53 -1.44 -1.69 -1.94 -2.16 -2.41 -2.69 -2.97 -3.34 -3.72 -4.06 -4.47 -4.91 -5.34 -5.81 -6.31 -6.78 -7.25 -7.72 -8.19 -8.66 -9.19 -9.81 -10.47 -11.16 -11.78 -12.34 -12.88 -13.44 -13.97 -14.47 -14.97 -15.44 -15.88 -16.25 -16.59 -16.91 -17.19 -17.38 -17.53 -17.62 -17.66 -17.66
13.78 12.62 11.62 10.81 10.06 9.28 8.50 7.81 7.00 6.38 5.66 5.09 4.19 3.72 3.16 2.88 2.78 2.75 2.78 2.81 2.19 1.56 1.00 0.41 -0.16 -0.56 -0.84 -1.12 -1.38 -1.53 -1.56 -1.47 -1.53 -1.66 -1.44 -1.62 -1.81 -2.03 -2.28 -2.53 -2.81 -3.16 -3.50 -3.84 -4.22 -4.62 -5.03 -5.47 -5.94 -6.38 -6.84 -7.31 -7.81 -8.31 -8.88 -9.50 -10.19 -10.84 -11.47 -12.03 -12.56 -13.09 -13.62 -14.16 -14.62 -15.06 -15.50 -15.88 -16.25 -16.59 -16.88 -17.09 -17.25 -17.31 -17.38 -17.41
13.56 12.62 11.72 10.88 10.09 9.25 8.59 7.88 7.09 6.53 5.94 5.34 4.69 3.91 3.25 2.62 2.72 2.75 2.78 2.72 2.28 1.66 1.06 0.53 -0.03 -0.44 -0.75 -1.03 -1.31 -1.50 -1.62 -1.59 -1.53 -1.56 -1.47 -1.56 -1.75 -1.94 -2.19 -2.41 -2.66 -3.00 -3.31 -3.62 -3.97 -4.34 -4.72 -5.12 -5.56 -6.00 -6.44 -6.91 -7.41 -7.91 -8.50 -9.16 -9.84 -10.53 -11.12 -11.69 -12.25 -12.78 -13.28 -13.78 -14.25 -14.72 -15.12 -15.56 -15.94 -16.28 -16.59 -16.81 -16.97 -17.03 -17.12 -17.19
13.31 12.50 11.69 10.81 10.06 9.44 8.62 7.91 7.28 6.66 6.09 5.38 4.69 4.00 3.34 2.75 2.72 2.75 2.75 2.75 2.34 1.78 1.19 0.66 0.12 -0.34 -0.69 -0.97 -1.25 -1.50 -1.62 -1.62 -1.53 -1.56 -1.44 -1.50 -1.69 -1.88 -2.09 -2.31 -2.56 -2.84 -3.16 -3.44 -3.75 -4.09 -4.44 -4.81 -5.22 -5.62 -6.06 -6.50 -7.00 -7.50 -8.12 -8.78 -9.47 -10.12 -10.75 -11.31 -11.84 -12.41 -12.91 -13.41 -13.88 -14.34 -14.78 -15.22 -15.62 -15.97 -16.28 -16.50 -16.66 -16.78 -16.88 -16.97
12.97 12.31 11.50 10.75 10.12 9.41 8.75 8.09 7.38 6.75 6.12 5.47 4.84 4.19 3.75 3.06 2.75 2.72 2.75 2.78 2.50 1.97 1.41 0.81 0.31 -0.16 -0.56 -0.91 -1.19 -1.41 -1.53 -1.53 -1.47 -1.44 -1.31 -1.50 -1.69 -1.81 -2.00 -2.22 -2.44 -2.72 -3.00 -3.28 -3.56 -3.88 -4.19 -4.53 -4.91 -5.28 -5.69 -6.12 -6.59 -7.12 -7.75 -8.41 -9.09 -9.75 -10.38 -10.94 -11.50 -12.03 -12.56 -13.03 -13.53 -14.00 -14.44 -14.88 -15.28 -15.62 -15.91 -16.16 -16.38 -16.50 -16.62 -16.75
12.78 12.19 11.50 10.81 10.12 9.44 8.78 8.09 7.41 6.81 6.25 5.53 5.00 4.56 3.91 3.31 2.81 2.66 2.75 2.78 2.66 2.22 1.69 1.12 0.56 0.03 -0.34 -0.72 -1.00 -1.22 -1.34 -1.41 -1.38 -1.38 -1.34 -1.50 -1.75 -1.81 -1.94 -2.12 -2.34 -2.59 -2.88 -3.12 -3.38 -3.66 -3.97 -4.28 -4.59 -4.97 -5.34 -5.75 -6.22 -6.75 -7.38 -8.03 -8.72 -9.38 -10.00 -10.56 -11.12 -11.69 -12.19 -12.69 -13.19 -13.62 -14.09 -14.53 -14.91 -15.25 -15.59 -15.84 -16.06 -16.22 -16.38 -16.50
12.81 12.16 11.47 10.78 10.09 9.47 8.78 8.12 7.53 6.97 6.47 5.88 5.31 4.75 3.88 3.38 2.75 2.88 2.88 2.78 2.72 2.44 2.03 1.53 0.94 0.34 -0.09 -0.44 -0.78 -1.00 -1.12 -1.22 -1.25 -1.31 -1.41 -1.97 -1.88 -1.88 -1.94 -2.09 -2.28 -2.50 -2.75 -2.97 -3.22 -3.47 -3.75 -4.03 -4.31 -4.66 -5.03 -5.44 -5.88 -6.41 -7.00 -7.62 -8.31 -8.94 -9.56 -10.19 -10.75 -11.31 -11.81 -12.31 -12.78 -13.25 -13.69 -14.12 -14.53 -14.94 -15.28 -15.56 -15.78 -15.94 -16.09 -16.22
12.72 12.12 11.47 10.72 10.12 9.47 8.81 8.19 7.56 7.16 6.69 6.19 5.66 4.91 4.34 3.53 3.28 2.78 2.97 2.91 2.94 2.88 2.50 2.00 1.50 0.97 0.38 -0.09 -0.50 -0.72 -0.88 -1.00 -1.16 -1.25 -1.44 -1.81 -2.00 -1.94 -1.94 -2.09 -2.25 -2.44 -2.62 -2.81 -3.03 -3.25 -3.50 -3.78 -4.06 -4.38 -4.72 -5.09 -5.56 -6.06 -6.62 -7.25 -7.91 -8.53 -9.12 -9.72 -10.31 -10.88 -11.38 -11.88 -12.34 -12.81 -13.28 -13.75 -14.19 -14.59 -14.94 -15.22 -15.44 -15.62 -15.78 -15.94
12.69 12.03 11.47 10.75 10.16 9.50 8.81 8.22 7.81 7.38 6.72 6.22 6.00 5.38 4.78 4.31 3.81 3.47 2.78 3.06 3.06 3.06 2.97 2.56 2.00 1.44 0.81 0.28 -0.16 -0.47 -0.66 -0.84 -1.00 -1.22 -1.38 -1.69 -2.06 -2.00 -1.97 -2.09 -2.25 -2.41 -2.53 -2.69 -2.91 -3.09 -3.31 -3.53 -3.81 -4.06 -4.41 -4.78 -5.22 -5.69 -6.25 -6.84 -7.47 -8.09 -8.69 -9.28 -9.88 -10.44 -10.94 -11.44 -11.91 -12.41 -12.88 -13.38 -13.84 -14.25 -14.62 -14.91 -15.12 -15.31 -15.50 -15.72
12.78 12.16 11.50 10.81 10.19 9.56 8.84 8.28 7.88 7.44 6.91 6.44 6.06 5.72 5.28 4.94 4.66 4.12 3.34 3.09 3.12 3.25 3.25 3.09 2.47 1.81 1.16 0.59 0.12 -0.19 -0.44 -0.69 -0.88 -1.09 -1.28 -1.56 -1.91 -2.12 -2.06 -2.16 -2.25 -2.38 -2.47 -2.62 -2.78 -2.97 -3.16 -3.34 -3.56 -3.81 -4.09 -4.47 -4.88 -5.34 -5.88 -6.47 -7.06 -7.66 -8.25 -8.84 -9.44 -10.00 -10.53 -11.03 -11.53 -12.03 -12.53 -13.00 -13.47 -13.91 -14.25 -14.56 -14.78 -15.03 -15.25 -15.53
12.88 12.16 11.59 10.94 10.31 9.56 8.94 8.38 8.03 7.59 7.03 6.72 6.41 6.00 5.72 5.44 5.19 4.72 3.88 3.31 3.28 3.34 3.28 3.19 2.81 2.19 1.56 0.88 0.44 0.09 -0.19 -0.47 -0.72 -0.97 -1.16 -1.34 -1.69 -2.25 -2.16 -2.22 -2.28 -2.38 -2.44 -2.56 -2.72 -2.88 -3.03 -3.19 -3.34 -3.56 -3.84 -4.19 -4.56 -5.03 -5.53 -6.09 -6.66 -7.25 -7.84 -8.44 -9.00 -9.56 -10.09 -10.62 -11.12 -11.62 -12.12 -12.62 -13.09 -13.53 -13.88 -14.19 -14.50 -14.78 -15.03 -15.38
12.97 12.28 11.72 11.00 10.44 9.84 9.12 8.56 8.16 7.59 7.34 7.03 6.66 6.25 5.88 5.81 5.69 5.06 4.81 4.12 3.59 3.44 3.31 3.16 3.09 2.41 1.88 1.22 0.75 0.38 0.03 -0.28 -0.56 -0.81 -1.03 -1.25 -1.56 -2.28 -2.22 -2.22 -2.28 -2.38 -2.44 -2.50 -2.62 -2.78 -2.94 -3.06 -3.19 -3.38 -3.62 -3.94 -4.28 -4.72 -5.19 -5.72 -6.28 -6.84 -7.44 -8.03 -8.59 -9.12 -9.66 -10.19 -10.72 -11.25 -11.75 -12.22 -12.69 -13.12 -13.50 -13.88 -14.22 -14.53 -14.84 -15.19
13.06 12.41 11.75 11.19 10.66 10.00 9.41 8.81 8.38 7.91 7.53 7.34 6.88 6.53 6.47 6.44 6.06 5.91 5.50 4.66 4.00 3.59 3.47 3.25 3.09 2.78 2.00 1.47 1.00 0.62 0.25 -0.06 -0.38 -0.66 -0.88 -1.12 -1.41 -1.81 -2.19 -2.16 -2.25 -2.38 -2.44 -2.50 -2.59 -2.69 -2.81 -2.94 -3.06 -3.19 -3.41 -3.69 -4.03 -4.44 -4.88 -5.38 -5.91 -6.44 -7.00 -7.59 -8.16 -8.69 -9.22 -9.75 -10.28 -10.81 -11.34 -11.84 -12.31 -12.78 -13.19 -13.56 -13.91 -14.25 -14.59 -14.97
13.31 12.66 12.03 11.38 10.88 10.38 9.75 9.09 8.69 8.09 7.72 7.66 7.28 6.91 6.97 6.81 6.62 6.38 5.91 5.41 4.56 3.72 3.41 3.34 3.16 2.91 2.31 1.69 1.19 0.81 0.47 0.16 -0.16 -0.47 -0.72 -1.00 -1.25 -1.69 -2.06 -2.12 -2.22 -2.31 -2.41 -2.47 -2.56 -2.66 -2.75 -2.84 -2.94 -3.03 -3.22 -3.47 -3.78 -4.12 -4.56 -5.00 -5.50 -6.03 -6.59 -7.16 -7.72 -8.25 -8.78 -9.31 -9.84 -10.38 -10.94 -11.44 -11.97 -12.44 -12.84 -13.25 -13.62 -13.97 -14.34 -14.75
13.50 12.88 12.25 11.78 11.28 10.78 10.00 9.59 8.91 8.41 8.06 7.97 7.53 7.44 7.41 7.25 6.91 6.69 6.41 6.03 5.12 4.06 3.56 3.41 3.22 3.00 2.66 1.81 1.38 1.00 0.59 0.31 0.00 -0.31 -0.59 -0.84 -1.16 -1.53 -1.94 -2.09 -2.19 -2.25 -2.34 -2.44 -2.50 -2.59 -2.69 -2.78 -2.84 -2.94 -3.06 -3.25 -3.53 -3.88 -4.25 -4.66 -5.12 -5.62 -6.16 -6.69 -7.25 -7.84 -8.38 -8.91 -9.47 -10.00 -10.53 -11.06 -11.59 -12.06 -12.50 -12.91 -13.31 -13.69 -14.06 -14.53
13.66 13.06 12.59 12.16 11.53 11.03 10.47 9.94 9.25 8.88 8.44 8.22 7.88 7.94 7.78 7.56 7.34 7.06 6.75 6.28 5.47 4.69 3.59 3.38 3.25 3.00 2.72 2.12 1.41 1.00 0.88 0.47 0.16 -0.16 -0.47 -0.75 -1.06 -1.41 -1.78 -2.00 -2.12 -2.22 -2.28 -2.38 -2.44 -2.53 -2.59 -2.69 -2.75 -2.84 -2.94 -3.09 -3.34 -3.66 -4.00 -4.38 -4.81 -5.28 -5.75 -6.28 -6.84 -7.41 -7.97 -8.53 -9.06 -9.62 -10.16 -10.69 -11.19 -11.66 -12.12 -12.56 -12.97 -13.38 -13.81 -14.38
13.94 13.44 12.94 12.31 11.75 11.12 10.56 10.09 9.72 9.22 8.62 8.56 8.19 8.41 8.00 7.97 7.59 7.28 7.00 6.38 5.78 5.03 4.06 3.12 3.16 3.09 2.75 2.34 1.72 1.25 0.75 0.50 0.28 -0.03 -0.34 -0.62 -0.94 -1.25 -1.59 -1.88 -2.03 -2.12 -2.22 -2.31 -2.41 -2.44 -2.50 -2.59 -2.66 -2.75 -2.81 -2.94 -3.16 -3.41 -3.75 -4.09 -4.50 -4.94 -5.38 -5.91 -6.44 -6.97 -7.53 -8.09 -8.66 -9.22 -9.78 -10.28 -10.81 -11.28 -11.75 -12.19 -12.66 -13.12 -13.59 -14.19
14.34 13.81 13.19 12.41 11.97 11.56 10.78 10.53 10.03 9.72 9.31 9.16 8.84 8.91 8.66 8.34 7.84 7.50 7.12 6.66 6.09 5.28 4.31 3.47 3.28 3.12 2.94 2.69 2.09 1.25 0.75 0.56 0.44 0.12 -0.19 -0.50 -0.81 -1.09 -1.38 -1.72 -1.94 -2.03 -2.12 -2.22 -2.31 -2.41 -2.47 -2.50 -2.56 -2.62 -2.69 -2.78 -2.94 -3.19 -3.47 -3.81 -4.16 -4.56 -5.00 -5.50 -6.03 -6.56 -7.12 -7.69 -8.25 -8.81 -9.34 -9.88 -10.41 -10.91 -11.41 -11.91 -12.41 -12.91 -13.41 -14.00
14.72 14.03 13.44 13.06 12.62 12.25 11.75 11.03 10.34 10.00 9.69 9.62 9.66 9.28 8.97 8.62 7.94 7.91 7.50 6.69 6.16 5.28 4.44 3.62 3.28 3.12 2.91 3.03 2.56 1.56 0.84 0.69 0.59 0.28 -0.03 -0.34 -0.66 -0.91 -1.19 -1.47 -1.78 -1.94 -2.03 -2.12 -2.25 -2.38 -2.44 -2.47 -2.50 -2.53 -2.56 -2.62 -2.75 -2.97 -3.22 -3.53 -3.84 -4.22 -4.62 -5.12 -5.62 -6.12 -6.69 -7.25 -7.81 -8.38 -8.94 -9.47 -10.03 -10.59 -11.12 -11.62 -12.12 -12.62 -13.19 -13.81
14.84 14.28 13.91 13.50 12.91 12.59 12.00 11.41 10.72 10.47 10.19 10.00 9.91 9.53 9.16 8.84 8.47 7.91 7.53 6.97 6.16 5.22 4.47 3.72 3.12 3.25 3.31 3.59 3.66 2.47 1.41 0.84 0.72 0.53 0.22 -0.16 -0.47 -0.72 -0.97 -1.22 -1.50 -1.78 -1.91 -2.06 -2.19 -2.31 -2.41 -2.44 -2.47 -2.47 -2.50 -2.50 -2.59 -2.78 -3.00 -3.25 -3.53 -3.88 -4.28 -4.72 -5.22 -5.72 -6.28 -6.84 -7.41 -8.00 -8.53 -9.09 -9.69 -10.25 -10.78 -11.31 -11.84 -12.34 -12.94 -13.59
15.03 14.66 14.12 13.75 13.16 12.66 12.09 11.81 11.44 11.12 10.69 10.31 10.12 9.62 9.12 8.81 8.53 8.09 7.59 6.88 6.31 5.28 4.44 3.91 3.66 3.53 3.53 3.66 3.78 3.31 2.59 1.97 1.41 0.78 0.50 0.12 -0.22 -0.50 -0.75 -0.97 -1.22 -1.50 -1.75 -1.94 -2.12 -2.28 -2.41 -2.44 -2.44 -2.44 -2.41 -2.41 -2.47 -2.59 -2.81 -3.03 -3.28 -3.59 -3.97 -4.41 -4.88 -5.38 -5.94 -6.50 -7.06 -7.62 -8.19 -8.75 -9.31 -9.88 -10.44 -10.97 -11.50 -12.06 -12.66 -13.34
15.50 14.94 14.44 13.97 13.41 12.91 12.38 12.28 12.06 11.47 10.91 10.31 10.06 9.50 8.94 8.75 8.44 7.81 7.34 6.59 5.88 5.06 4.53 4.12 3.88 3.75 3.69 3.66 3.66 3.62 3.22 2.91 2.22 1.31 0.78 0.44 0.06 -0.25 -0.50 -0.72 -0.97 -1.22 -1.50 -1.78 -2.06 -2.25 -2.41 -2.50 -2.50 -2.41 -2.34 -2.31 -2.31 -2.44 -2.59 -2.81 -3.03 -3.34 -3.69 -4.09 -4.53 -5.06 -5.59 -6.12 -6.69 -7.25 -7.81 -8.38 -8.94 -9.53 -10.09 -10.66 -11.22 -11.81 -12.44 -13.12
15.75 15.19 14.66 14.09 13.59 13.12 12.75 12.44 12.16 11.56 10.84 10.34 9.97 9.28 8.78 8.41 8.22 7.59 6.91 5.97 5.41 4.94 4.53 4.22 4.00 3.84 3.78 3.75 3.72 3.69 3.66 3.81 3.19 1.88 1.12 0.75 0.41 0.06 -0.19 -0.44 -0.69 -0.94 -1.22 -1.53 -1.84 -2.12 -2.31 -2.53 -2.50 -2.38 -2.25 -2.19 -2.19 -2.28 -2.41 -2.59 -2.81 -3.09 -3.41 -3.78 -4.22 -4.72 -5.22 -5.75 -6.28 -6.88 -7.44 -8.00 -8.59 -9.19 -9.78 -10.38 -10.97 -11.56 -12.22 -12.94
15.84 15.28 14.72 14.16 13.66 13.19 12.75 12.31 11.91 11.28 10.66 10.12 9.62 9.09 8.53 8.22 7.84 7.25 6.12 5.53 5.16 4.78 4.47 4.22 4.03 3.91 3.84 3.81 3.81 3.78 3.75 3.84 3.91 2.50 1.62 1.19 0.78 0.44 0.12 -0.16 -0.41 -0.66 -0.91 -1.22 -1.50 -1.84 -2.03 -2.38 -2.44 -2.31 -2.19 -2.09 -2.06 -2.12 -2.25 -2.41 -2.59 -2.84 -3.19 -3.53 -3.94 -4.41 -4.88 -5.41 -5.94 -6.53 -7.09 -7.66 -8.22 -8.81 -9.44 -10.06 -10.69 -11.31 -12.00 -12.69
15.81 15.25 14.66 14.09 13.56 13.03 12.53 12.00 11.53 10.91 10.16 9.59 9.25 8.69 8.28 7.84 7.53 6.81 5.62 5.22 4.91 4.62 4.38 4.19 4.03 3.94 3.88 3.88 3.84 3.84 3.81 3.81 3.94 2.81 1.69 1.69 1.31 0.84 0.47 0.16 -0.12 -0.38 -0.59 -0.88 -1.16 -1.47 -1.91 -2.19 -2.31 -2.22 -2.06 -2.00 -1.94 -1.97 -2.09 -2.25 -2.44 -2.66 -2.97 -3.31 -3.69 -4.12 -4.59 -5.09 -5.62 -6.19 -6.75 -7.31 -7.91 -8.47 -9.09 -9.72 -10.38 -11.06 -11.75 -12.47
15.72 15.12 14.53 13.94 13.38 12.81 12.22 11.62 11.00 10.47 9.84 9.28 8.78 8.38 7.94 7.53 6.81 6.06 5.22 4.91 4.66 4.44 4.25 4.12 4.00 3.94 3.91 3.88 3.88 3.84 3.81 3.75 3.72 2.81 2.09 1.91 1.88 1.31 0.84 0.50 0.19 -0.06 -0.28 -0.53 -0.78 -1.06 -1.50 -1.88 -2.12 -2.09 -1.94 -1.84 -1.81 -1.84 -1.94 -2.06 -2.25 -2.47 -2.75 -3.09 -3.47 -3.88 -4.31 -4.81 -5.31 -5.88 -6.44 -7.00 -7.56 -8.16 -8.78 -9.41 -10.09 -10.81 -11.56 -12.34
15.56 14.94 14.34 13.75 13.16 12.53 11.91 11.28 10.62 9.94 9.28 8.78 8.31 7.91 7.50 7.12 6.28 5.41 4.84 4.53 4.31 4.19 4.09 4.03 3.97 3.94 3.91 3.88 3.88 3.88 3.81 3.72 3.62 2.75 2.22 1.97 2.12 1.84 1.16 0.78 0.53 0.28 0.03 -0.19 -0.44 -0.69 -0.94 -1.22 -1.66 -1.78 -1.75 -1.69 -1.69 -1.72 -1.78 -1.91 -2.09 -2.31 -2.59 -2.91 -3.25 -3.66 -4.09 -4.56 -5.03 -5.56 -6.09 -6.66 -7.25 -7.84 -8.47 -9.12 -9.84 -10.56 -11.41 -12.22
15.31 14.72 14.09 13.47 12.88 12.22 11.56 10.91 10.22 9.53 8.88 8.25 7.75 7.31 6.81 6.28 5.47 4.72 4.22 3.91 3.72 3.66 3.66 3.72 3.81 3.88 3.88 3.91 3.91 3.91 3.84 3.78 3.56 2.72 2.38 1.66 1.75 1.53 1.28 1.09 0.84 0.62 0.38 0.12 -0.09 -0.34 -0.53 -0.78 -1.03 -1.47 -1.53 -1.50 -1.53 -1.56 -1.66 -1.78 -1.94 -2.16 -2.44 -2.72 -3.06 -3.44 -3.84 -4.31 -4.78 -5.28 -5.78 -6.34 -6.91 -7.53 -8.16 -8.84 -9.59 -10.31 -11.22 -12.03
14.97 14.38 13.75 13.12 12.50 11.88 11.22 10.53 9.84 9.16 8.47 7.78 7.16 6.59 6.00 5.28 4.47 3.78 3.31 3.03 2.97 3.00 3.12 3.31 3.53 3.75 3.88 3.91 3.91 3.94 3.94 3.88 3.72 3.19 2.72 2.25 1.81 1.66 1.53 1.47 1.16 0.97 0.72 0.47 0.25 0.03 -0.19 -0.41 -0.69 -1.09 -1.31 -1.31 -1.38 -1.44 -1.53 -1.66 -1.84 -2.06 -2.31 -2.59 -2.88 -3.25 -3.66 -4.09 -4.53 -5.00 -5.50 -6.03 -6.59 -7.22 -7.84 -8.56 -9.31 -10.16 -10.94 -11.81
14.31 13.81 13.25 12.66 12.00 11.34 10.72 10.09 9.44 8.75 8.03 7.31 6.59 5.84 5.03 4.16 3.28 2.66 2.25 2.12 2.16 2.28 2.50 2.81 3.19 3.53 3.81 3.91 3.94 4.00 4.06 4.09 4.03 3.94 3.12 2.75 2.31 1.88 1.44 1.56 1.50 1.31 1.06 0.81 0.56 0.31 0.12 -0.12 -0.38 -0.69 -1.00 -1.19 -1.25 -1.34 -1.44 -1.53 -1.72 -1.94 -2.22 -2.50 -2.78 -3.09 -3.47 -3.88 -4.31 -4.75 -5.22 -5.75 -6.28 -6.91 -7.56 -8.28 -9.09 -9.97 -10.75 -11.72
13.66 13.16 12.53 11.78 11.03 10.38 9.88 9.44 8.94 8.31 7.56 6.75 5.84 4.91 3.91 2.94 2.12 1.56 1.28 1.31 1.44 1.62 1.91 2.28 2.78 3.31 3.72 3.88 3.97 4.06 4.19 4.31 4.47 4.44 3.94 3.75 3.09 2.38 2.16 2.16 2.03 1.69 1.38 1.09 0.84 0.59 0.34 0.09 -0.16 -0.50 -0.84 -1.12 -1.25 -1.25 -1.38 -1.47 -1.62 -1.88 -2.12 -2.41 -2.69 -3.00 -3.34 -3.72 -4.12 -4.56 -5.00 -5.50 -6.03 -6.62 -7.28 -8.19 -9.03 -9.66 -10.47 -11.12
12.78 12.25 11.47 10.62 9.78 9.12 8.69 8.38 8.09 7.62 6.88 5.94 4.91 3.81 2.75 1.84 1.16 0.75 0.59 0.66 0.81 1.03 1.31 1.72 2.34 3.09 3.66 3.84 3.94 4.09 4.28 4.56 4.72 4.78 4.38 4.16 3.88 3.34 2.88 2.81 2.47 2.06 1.66 1.41 1.06 0.81 0.53 0.25 -0.03 -0.34 -0.69 -1.12 -1.31 -1.28 -1.31 -1.41 -1.56 -1.78 -2.06 -2.31 -2.59 -2.91 -3.22 -3.56 -3.97 -4.38 -4.81 -5.28 -5.81 -6.41 -7.16 -7.94 -8.75 -9.69 -10.88 -11.50
11.81 11.12 10.25 9.28 8.41 7.72 7.34 7.28 7.16 6.72 5.94 4.91 3.78 2.62 1.66 0.94 0.53 0.34 0.28 0.31 0.41 0.56 0.75 1.19 1.97 2.81 3.47 3.75 3.91 4.09 4.38 4.75 4.81 4.66 4.31 4.31 4.19 3.41 2.72 2.62 2.41 2.19 2.03 1.69 1.25 0.94 0.62 0.34 0.06 -0.28 -0.62 -0.97 -1.22 -1.34 -1.31 -1.34 -1.53 -1.75 -2.00 -2.25 -2.53 -2.84 -3.16 -3.47 -3.81 -4.19 -4.62 -5.09 -5.62 -6.31 -7.09 -7.94 -8.62 -9.41 -10.56 -11.47
10.34 9.66 8.88 8.12 7.44 6.84 6.53 6.47 6.22 5.69 4.81 3.72 2.59 1.56 0.81 0.41 0.28 0.25 0.25 0.25 0.25 0.31 0.38 0.84 1.69 2.53 3.22 3.59 3.78 4.00 4.38 4.69 4.84 4.56 4.12 3.78 3.59 2.81 2.12 2.06 1.91 1.72 1.88 1.56 1.25 0.94 0.66 0.34 0.06 -0.25 -0.56 -0.84 -1.06 -1.19 -1.22 -1.31 -1.53 -1.78 -2.00 -2.25 -2.50 -2.78 -3.06 -3.38 -3.72 -4.06 -4.47 -4.94 -5.50 -6.22 -7.28 -8.06 -8.59 -9.94 -10.50 -11.59
