everonasctiles/Tile[4,41].asc
ncols 128
nrows 128
xllcorner 0
yllcorner 0
cellsize 2.0
NODATA_value  -9999
[rows 96 to 127 of 128, columns 0 to 70 of 128]
-79.75 -79.91 -80.06 -80.22 -80.31 -80.41 -80.44 -80.44 -80.38 -80.34 -80.28 -80.22 -80.22 -80.31 -80.47 -80.62 -80.75 -80.84 -80.91 -80.94 -80.94 -80.94 -80.97 -81.06 -81.19 -81.28 -81.38 -81.41 -81.41 -81.41 -81.44 -81.44 -81.44 -81.38 -81.25 -81.03 -80.75 -80.44 -80.12 -79.75 -79.41 -79.00 -78.66 -78.50 -78.38 -78.22 -78.09 -78.12 -78.19 -78.16 -78.06 -77.94 -77.94 -78.06 -78.16 -78.25 -78.28 -78.31 -78.38 -78.47 -78.53 -78.59 -78.62 -78.66 -78.66 -78.62 -78.59 -78.56 -78.50 -78.47 -78.41
-79.84 -80.03 -80.19 -80.34 -80.50 -80.59 -80.69 -80.69 -80.66 -80.56 -80.50 -80.41 -80.38 -80.47 -80.62 -80.81 -81.00 -81.16 -81.28 -81.31 -81.31 -81.28 -81.34 -81.44 -81.53 -81.62 -81.69 -81.69 -81.69 -81.66 -81.66 -81.69 -81.69 -81.62 -81.47 -81.22 -80.94 -80.66 -80.34 -80.00 -79.66 -79.28 -79.09 -78.97 -78.81 -78.62 -78.47 -78.44 -78.44 -78.38 -78.28 -78.16 -78.16 -78.25 -78.34 -78.44 -78.50 -78.53 -78.56 -78.59 -78.66 -78.69 -78.72 -78.72 -78.72 -78.72 -78.69 -78.66 -78.59 -78.56 -78.47
-80.00 -80.16 -80.34 -80.50 -80.69 -80.81 -80.91 -80.94 -80.91 -80.81 -80.69 -80.56 -80.53 -80.69 -80.84 -80.97 -81.16 -81.38 -81.56 -81.66 -81.66 -81.62 -81.69 -81.78 -81.91 -81.97 -82.00 -82.00 -81.94 -81.88 -81.88 -81.91 -81.91 -81.81 -81.66 -81.41 -81.16 -80.84 -80.56 -80.22 -79.91 -79.62 -79.47 -79.31 -79.19 -79.00 -78.84 -78.75 -78.69 -78.59 -78.50 -78.38 -78.34 -78.41 -78.50 -78.62 -78.66 -78.69 -78.72 -78.75 -78.78 -78.78 -78.81 -78.81 -78.81 -78.81 -78.78 -78.75 -78.69 -78.62 -78.53
-80.25 -80.38 -80.53 -80.69 -80.88 -81.03 -81.16 -81.19 -81.12 -81.03 -80.91 -80.75 -80.75 -80.94 -81.09 -81.22 -81.38 -81.59 -81.81 -81.97 -82.00 -81.97 -82.00 -82.12 -82.22 -82.28 -82.31 -82.25 -82.16 -82.06 -82.06 -82.09 -82.09 -82.00 -81.84 -81.59 -81.34 -81.06 -80.75 -80.44 -80.12 -79.94 -79.78 -79.69 -79.53 -79.38 -79.19 -79.03 -78.91 -78.81 -78.69 -78.59 -78.53 -78.59 -78.66 -78.75 -78.81 -78.84 -78.88 -78.88 -78.88 -78.88 -78.88 -78.88 -78.88 -78.88 -78.84 -78.81 -78.75 -78.66 -78.56
-80.53 -80.66 -80.78 -80.94 -81.09 -81.25 -81.38 -81.44 -81.38 -81.28 -81.12 -81.00 -81.00 -81.19 -81.38 -81.50 -81.66 -81.84 -82.06 -82.25 -82.31 -82.31 -82.34 -82.44 -82.53 -82.59 -82.56 -82.47 -82.34 -82.28 -82.28 -82.28 -82.25 -82.16 -82.00 -81.78 -81.53 -81.25 -80.94 -80.62 -80.38 -80.22 -80.09 -80.00 -79.84 -79.69 -79.47 -79.31 -79.16 -79.00 -78.88 -78.78 -78.75 -78.75 -78.81 -78.91 -78.94 -78.97 -79.00 -79.00 -79.00 -78.97 -78.97 -78.97 -78.94 -78.94 -78.94 -78.88 -78.81 -78.69 -78.56
-80.84 -80.94 -81.06 -81.19 -81.34 -81.50 -81.62 -81.66 -81.62 -81.50 -81.41 -81.28 -81.25 -81.44 -81.62 -81.78 -81.94 -82.12 -82.31 -82.50 -82.59 -82.66 -82.69 -82.75 -82.81 -82.84 -82.78 -82.69 -82.56 -82.50 -82.50 -82.47 -82.44 -82.31 -82.16 -81.94 -81.69 -81.38 -81.09 -80.84 -80.62 -80.50 -80.38 -80.25 -80.12 -79.94 -79.75 -79.53 -79.38 -79.22 -79.06 -78.97 -78.91 -78.91 -78.97 -79.00 -79.06 -79.09 -79.09 -79.09 -79.09 -79.06 -79.06 -79.06 -79.03 -79.03 -79.00 -78.94 -78.84 -78.72 -78.56
-81.12 -81.25 -81.34 -81.44 -81.59 -81.75 -81.84 -81.91 -81.84 -81.75 -81.62 -81.50 -81.44 -81.62 -81.81 -82.03 -82.22 -82.38 -82.56 -82.75 -82.88 -82.94 -83.00 -83.03 -83.06 -83.06 -83.03 -82.94 -82.84 -82.78 -82.75 -82.69 -82.62 -82.50 -82.31 -82.09 -81.81 -81.50 -81.22 -81.03 -80.88 -80.75 -80.59 -80.47 -80.31 -80.16 -79.94 -79.75 -79.56 -79.41 -79.25 -79.12 -79.06 -79.03 -79.09 -79.12 -79.16 -79.19 -79.19 -79.19 -79.19 -79.19 -79.16 -79.16 -79.12 -79.09 -79.06 -78.97 -78.84 -78.72 -78.56
-81.41 -81.53 -81.62 -81.72 -81.84 -82.00 -82.09 -82.12 -82.09 -81.97 -81.88 -81.72 -81.62 -81.75 -82.00 -82.22 -82.44 -82.62 -82.81 -82.97 -83.12 -83.22 -83.25 -83.31 -83.31 -83.31 -83.25 -83.16 -83.09 -83.03 -82.97 -82.91 -82.81 -82.66 -82.47 -82.19 -81.91 -81.59 -81.38 -81.22 -81.09 -80.94 -80.78 -80.62 -80.47 -80.31 -80.16 -79.97 -79.75 -79.56 -79.41 -79.25 -79.19 -79.16 -79.19 -79.22 -79.25 -79.25 -79.28 -79.28 -79.28 -79.28 -79.28 -79.25 -79.22 -79.16 -79.09 -78.97 -78.84 -78.69 -78.56
-81.62 -81.78 -81.91 -82.00 -82.12 -82.25 -82.34 -82.38 -82.31 -82.22 -82.09 -81.94 -81.78 -81.88 -82.12 -82.38 -82.62 -82.81 -83.00 -83.19 -83.31 -83.44 -83.50 -83.53 -83.53 -83.50 -83.47 -83.41 -83.31 -83.25 -83.19 -83.12 -83.00 -82.81 -82.56 -82.31 -82.00 -81.75 -81.56 -81.44 -81.31 -81.16 -80.97 -80.81 -80.66 -80.50 -80.31 -80.12 -79.91 -79.72 -79.50 -79.38 -79.28 -79.25 -79.28 -79.31 -79.31 -79.34 -79.38 -79.38 -79.38 -79.38 -79.38 -79.34 -79.31 -79.22 -79.12 -78.97 -78.84 -78.72 -78.56
-81.88 -82.03 -82.16 -82.28 -82.38 -82.50 -82.56 -82.59 -82.53 -82.44 -82.28 -82.12 -81.94 -82.03 -82.28 -82.53 -82.75 -82.97 -83.19 -83.34 -83.50 -83.59 -83.69 -83.72 -83.72 -83.72 -83.69 -83.62 -83.53 -83.47 -83.41 -83.31 -83.16 -82.94 -82.69 -82.44 -82.16 -81.94 -81.81 -81.66 -81.53 -81.34 -81.19 -81.03 -80.84 -80.69 -80.50 -80.28 -80.06 -79.81 -79.62 -79.47 -79.38 -79.38 -79.38 -79.41 -79.44 -79.44 -79.47 -79.47 -79.50 -79.50 -79.47 -79.44 -79.34 -79.25 -79.12 -79.00 -78.88 -78.72 -78.59
-82.12 -82.28 -82.44 -82.53 -82.66 -82.72 -82.78 -82.81 -82.75 -82.62 -82.47 -82.28 -82.09 -82.19 -82.44 -82.66 -82.88 -83.12 -83.31 -83.50 -83.66 -83.75 -83.84 -83.88 -83.91 -83.88 -83.84 -83.81 -83.72 -83.66 -83.56 -83.47 -83.28 -83.09 -82.84 -82.59 -82.38 -82.16 -82.03 -81.88 -81.72 -81.56 -81.38 -81.22 -81.03 -80.84 -80.66 -80.41 -80.16 -79.94 -79.72 -79.56 -79.50 -79.50 -79.50 -79.53 -79.53 -79.56 -79.59 -79.59 -79.59 -79.56 -79.56 -79.50 -79.41 -79.28 -79.16 -79.03 -78.88 -78.75 -78.62
-82.34 -82.53 -82.69 -82.81 -82.91 -82.97 -83.00 -83.00 -82.94 -82.78 -82.62 -82.44 -82.22 -82.31 -82.56 -82.78 -83.00 -83.22 -83.44 -83.62 -83.78 -83.88 -83.97 -84.00 -84.03 -84.03 -84.00 -83.94 -83.91 -83.81 -83.72 -83.59 -83.44 -83.22 -83.00 -82.75 -82.53 -82.34 -82.22 -82.06 -81.91 -81.72 -81.53 -81.38 -81.19 -80.97 -80.75 -80.53 -80.28 -80.03 -79.81 -79.69 -79.62 -79.62 -79.62 -79.66 -79.66 -79.69 -79.69 -79.69 -79.69 -79.66 -79.62 -79.53 -79.44 -79.31 -79.19 -79.06 -78.94 -78.84 -78.75
-82.59 -82.78 -82.97 -83.06 -83.16 -83.19 -83.22 -83.19 -83.09 -82.94 -82.75 -82.56 -82.38 -82.44 -82.66 -82.84 -83.09 -83.31 -83.53 -83.72 -83.88 -84.00 -84.06 -84.12 -84.16 -84.16 -84.12 -84.06 -84.03 -83.94 -83.84 -83.72 -83.56 -83.34 -83.12 -82.88 -82.69 -82.50 -82.34 -82.19 -82.03 -81.84 -81.66 -81.47 -81.28 -81.06 -80.84 -80.59 -80.38 -80.16 -79.97 -79.84 -79.78 -79.75 -79.75 -79.78 -79.81 -79.81 -79.81 -79.78 -79.75 -79.72 -79.69 -79.59 -79.50 -79.38 -79.25 -79.12 -79.03 -78.97 -78.91
-82.81 -83.03 -83.19 -83.31 -83.41 -83.44 -83.41 -83.34 -83.22 -83.06 -82.91 -82.72 -82.53 -82.53 -82.75 -82.94 -83.16 -83.38 -83.59 -83.81 -83.97 -84.09 -84.16 -84.22 -84.25 -84.22 -84.22 -84.19 -84.12 -84.06 -83.97 -83.81 -83.66 -83.44 -83.22 -82.97 -82.75 -82.56 -82.41 -82.25 -82.09 -81.94 -81.75 -81.56 -81.38 -81.16 -80.94 -80.72 -80.50 -80.31 -80.16 -80.03 -79.94 -79.91 -79.88 -79.91 -79.94 -79.94 -79.94 -79.88 -79.84 -79.78 -79.72 -79.66 -79.56 -79.44 -79.31 -79.22 -79.16 -79.12 -79.12
-83.06 -83.25 -83.44 -83.56 -83.62 -83.66 -83.59 -83.50 -83.38 -83.25 -83.09 -82.94 -82.75 -82.66 -82.81 -83.03 -83.25 -83.47 -83.69 -83.88 -84.06 -84.19 -84.25 -84.28 -84.31 -84.31 -84.28 -84.25 -84.22 -84.12 -84.03 -83.88 -83.69 -83.50 -83.25 -83.03 -82.81 -82.62 -82.47 -82.31 -82.16 -82.00 -81.84 -81.66 -81.47 -81.25 -81.06 -80.84 -80.66 -80.50 -80.34 -80.22 -80.12 -80.06 -80.06 -80.06 -80.06 -80.03 -80.00 -79.94 -79.88 -79.81 -79.78 -79.69 -79.62 -79.53 -79.44 -79.34 -79.31 -79.31 -79.34
-83.38 -83.53 -83.69 -83.81 -83.88 -83.88 -83.81 -83.69 -83.56 -83.44 -83.31 -83.19 -83.06 -82.91 -82.91 -83.12 -83.34 -83.56 -83.78 -83.97 -84.12 -84.25 -84.31 -84.34 -84.34 -84.34 -84.34 -84.31 -84.28 -84.19 -84.06 -83.91 -83.72 -83.50 -83.28 -83.06 -82.88 -82.69 -82.50 -82.34 -82.19 -82.06 -81.91 -81.75 -81.59 -81.41 -81.22 -81.03 -80.84 -80.72 -80.56 -80.44 -80.34 -80.28 -80.25 -80.22 -80.19 -80.12 -80.06 -80.00 -79.91 -79.84 -79.81 -79.75 -79.69 -79.59 -79.53 -79.47 -79.47 -79.50 -79.59
-83.78 -83.88 -83.97 -84.06 -84.12 -84.09 -84.00 -83.88 -83.78 -83.69 -83.59 -83.50 -83.44 -83.31 -83.22 -83.28 -83.47 -83.69 -83.88 -84.06 -84.22 -84.34 -84.41 -84.41 -84.41 -84.41 -84.38 -84.34 -84.28 -84.19 -84.06 -83.91 -83.72 -83.53 -83.31 -83.12 -82.94 -82.72 -82.56 -82.41 -82.25 -82.12 -82.00 -81.84 -81.72 -81.53 -81.38 -81.19 -81.03 -80.91 -80.75 -80.66 -80.56 -80.50 -80.47 -80.38 -80.28 -80.19 -80.09 -80.03 -79.94 -79.91 -79.84 -79.78 -79.75 -79.69 -79.62 -79.59 -79.62 -79.72 -79.81
-84.19 -84.22 -84.28 -84.31 -84.34 -84.31 -84.22 -84.12 -84.03 -83.97 -83.91 -83.81 -83.75 -83.72 -83.66 -83.62 -83.69 -83.84 -84.03 -84.19 -84.31 -84.44 -84.47 -84.50 -84.47 -84.44 -84.41 -84.38 -84.28 -84.19 -84.06 -83.91 -83.72 -83.53 -83.34 -83.16 -82.94 -82.78 -82.59 -82.44 -82.31 -82.19 -82.06 -81.94 -81.81 -81.66 -81.50 -81.34 -81.19 -81.06 -80.97 -80.88 -80.81 -80.75 -80.69 -80.53 -80.41 -80.25 -80.16 -80.06 -80.00 -79.97 -79.91 -79.88 -79.81 -79.75 -79.72 -79.75 -79.81 -79.91 -80.03
-84.59 -84.56 -84.59 -84.62 -84.62 -84.56 -84.47 -84.38 -84.34 -84.31 -84.25 -84.16 -84.09 -84.06 -84.03 -84.03 -84.03 -84.09 -84.22 -84.34 -84.47 -84.56 -84.59 -84.56 -84.56 -84.50 -84.47 -84.38 -84.28 -84.19 -84.03 -83.88 -83.69 -83.50 -83.31 -83.12 -82.94 -82.75 -82.59 -82.47 -82.34 -82.22 -82.12 -82.00 -81.91 -81.75 -81.62 -81.47 -81.31 -81.22 -81.16 -81.12 -81.09 -81.00 -80.88 -80.69 -80.50 -80.31 -80.19 -80.16 -80.12 -80.06 -80.03 -79.97 -79.91 -79.88 -79.84 -79.88 -79.97 -80.09 -80.22
-84.94 -84.91 -84.94 -84.94 -84.91 -84.84 -84.78 -84.72 -84.72 -84.69 -84.62 -84.53 -84.44 -84.41 -84.38 -84.34 -84.38 -84.41 -84.47 -84.56 -84.62 -84.69 -84.72 -84.69 -84.62 -84.56 -84.50 -84.44 -84.31 -84.16 -84.00 -83.81 -83.62 -83.41 -83.22 -83.03 -82.88 -82.72 -82.59 -82.44 -82.34 -82.25 -82.16 -82.06 -81.97 -81.84 -81.72 -81.56 -81.41 -81.38 -81.38 -81.38 -81.34 -81.25 -81.06 -80.88 -80.62 -80.41 -80.31 -80.28 -80.25 -80.22 -80.16 -80.09 -80.06 -80.00 -80.00 -80.03 -80.16 -80.28 -80.44
-85.28 -85.25 -85.25 -85.25 -85.22 -85.19 -85.16 -85.12 -85.12 -85.09 -85.00 -84.91 -84.84 -84.78 -84.72 -84.66 -84.66 -84.72 -84.75 -84.81 -84.88 -84.91 -84.88 -84.84 -84.75 -84.69 -84.59 -84.47 -84.34 -84.16 -83.97 -83.75 -83.53 -83.31 -83.09 -82.91 -82.75 -82.62 -82.50 -82.41 -82.31 -82.22 -82.19 -82.12 -82.06 -81.97 -81.81 -81.62 -81.53 -81.53 -81.59 -81.62 -81.59 -81.47 -81.28 -81.06 -80.81 -80.59 -80.50 -80.47 -80.44 -80.38 -80.31 -80.28 -80.22 -80.16 -80.12 -80.22 -80.34 -80.50 -80.66
-85.56 -85.59 -85.59 -85.59 -85.59 -85.56 -85.56 -85.56 -85.56 -85.50 -85.41 -85.31 -85.25 -85.16 -85.03 -84.97 -84.97 -85.03 -85.09 -85.09 -85.12 -85.12 -85.09 -85.03 -84.91 -84.81 -84.72 -84.56 -84.41 -84.19 -83.94 -83.69 -83.47 -83.22 -82.97 -82.78 -82.62 -82.50 -82.41 -82.31 -82.25 -82.22 -82.25 -82.25 -82.19 -82.09 -81.94 -81.75 -81.69 -81.75 -81.81 -81.84 -81.81 -81.69 -81.50 -81.28 -81.06 -80.88 -80.75 -80.69 -80.62 -80.56 -80.50 -80.44 -80.38 -80.28 -80.28 -80.34 -80.50 -80.69 -80.84
-85.84 -85.88 -85.91 -85.94 -85.97 -85.97 -86.00 -86.00 -86.00 -85.94 -85.84 -85.78 -85.69 -85.56 -85.38 -85.25 -85.31 -85.38 -85.41 -85.41 -85.41 -85.38 -85.34 -85.25 -85.12 -85.00 -84.84 -84.69 -84.50 -84.25 -83.97 -83.69 -83.44 -83.16 -82.91 -82.69 -82.50 -82.38 -82.28 -82.22 -82.19 -82.28 -82.38 -82.41 -82.38 -82.28 -82.12 -81.97 -81.94 -82.00 -82.06 -82.06 -82.00 -81.88 -81.69 -81.50 -81.31 -81.12 -81.00 -80.91 -80.81 -80.75 -80.66 -80.59 -80.50 -80.41 -80.38 -80.47 -80.66 -80.84 -81.03
-86.03 -86.09 -86.19 -86.28 -86.34 -86.38 -86.41 -86.44 -86.44 -86.38 -86.31 -86.25 -86.16 -85.97 -85.69 -85.56 -85.69 -85.75 -85.75 -85.72 -85.66 -85.66 -85.59 -85.47 -85.34 -85.19 -85.00 -84.81 -84.59 -84.31 -84.03 -83.75 -83.44 -83.16 -82.88 -82.62 -82.41 -82.25 -82.12 -82.09 -82.25 -82.38 -82.50 -82.59 -82.56 -82.50 -82.38 -82.28 -82.25 -82.28 -82.28 -82.28 -82.19 -82.03 -81.88 -81.72 -81.53 -81.38 -81.22 -81.09 -81.00 -80.91 -80.81 -80.72 -80.62 -80.53 -80.47 -80.56 -80.75 -80.97 -81.19
-86.12 -86.25 -86.44 -86.59 -86.69 -86.78 -86.81 -86.88 -86.88 -86.84 -86.81 -86.78 -86.62 -86.38 -86.00 -85.97 -86.12 -86.19 -86.12 -86.03 -85.97 -85.91 -85.84 -85.72 -85.56 -85.38 -85.16 -84.91 -84.66 -84.34 -84.03 -83.75 -83.44 -83.12 -82.81 -82.56 -82.34 -82.06 -81.88 -82.06 -82.34 -82.53 -82.69 -82.78 -82.81 -82.75 -82.66 -82.56 -82.53 -82.53 -82.50 -82.47 -82.38 -82.22 -82.06 -81.91 -81.75 -81.56 -81.41 -81.25 -81.12 -81.03 -80.94 -80.84 -80.75 -80.66 -80.59 -80.66 -80.84 -81.06 -81.28
-86.09 -86.31 -86.59 -86.84 -87.03 -87.16 -87.22 -87.28 -87.31 -87.31 -87.31 -87.28 -87.09 -86.81 -86.47 -86.53 -86.62 -86.62 -86.50 -86.34 -86.25 -86.19 -86.09 -85.94 -85.75 -85.53 -85.28 -85.00 -84.69 -84.34 -84.00 -83.66 -83.31 -83.03 -82.72 -82.47 -82.19 -81.81 -81.84 -82.19 -82.53 -82.72 -82.88 -83.00 -83.06 -83.03 -82.97 -82.91 -82.81 -82.75 -82.72 -82.66 -82.53 -82.41 -82.25 -82.09 -81.91 -81.72 -81.53 -81.38 -81.22 -81.16 -81.09 -81.00 -80.91 -80.81 -80.72 -80.72 -80.91 -81.12 -81.34
-85.97 -86.25 -86.78 -87.16 -87.41 -87.56 -87.62 -87.66 -87.69 -87.75 -87.78 -87.75 -87.62 -87.38 -87.16 -87.19 -87.16 -87.06 -86.91 -86.72 -86.59 -86.50 -86.34 -86.19 -85.97 -85.69 -85.41 -85.06 -84.72 -84.31 -83.91 -83.50 -83.16 -82.84 -82.56 -82.28 -81.88 -81.72 -82.03 -82.47 -82.78 -82.97 -83.12 -83.28 -83.34 -83.34 -83.28 -83.19 -83.06 -82.97 -82.91 -82.81 -82.72 -82.56 -82.41 -82.22 -82.03 -81.81 -81.62 -81.44 -81.34 -81.28 -81.22 -81.16 -81.06 -80.94 -80.88 -80.78 -80.94 -81.19 -81.41
-86.09 -86.34 -86.97 -87.53 -87.84 -88.03 -88.09 -88.09 -88.09 -88.16 -88.25 -88.25 -88.16 -87.97 -87.81 -87.75 -87.69 -87.53 -87.31 -87.12 -86.94 -86.81 -86.62 -86.41 -86.16 -85.84 -85.53 -85.16 -84.78 -84.31 -83.75 -83.19 -82.75 -82.44 -82.12 -81.78 -81.59 -81.94 -82.50 -82.94 -83.16 -83.28 -83.44 -83.56 -83.66 -83.66 -83.56 -83.44 -83.28 -83.16 -83.06 -82.94 -82.84 -82.69 -82.50 -82.28 -82.09 -81.88 -81.69 -81.53 -81.44 -81.41 -81.38 -81.31 -81.19 -81.09 -80.97 -80.88 -80.97 -81.19 -81.44
-86.47 -86.81 -87.47 -88.12 -88.41 -88.53 -88.59 -88.56 -88.53 -88.59 -88.69 -88.72 -88.66 -88.53 -88.41 -88.31 -88.16 -87.97 -87.72 -87.50 -87.28 -87.09 -86.88 -86.62 -86.34 -86.03 -85.66 -85.28 -84.91 -84.41 -83.75 -83.09 -82.47 -82.00 -81.62 -81.41 -81.75 -82.41 -83.06 -83.34 -83.50 -83.66 -83.75 -83.88 -83.94 -83.94 -83.84 -83.69 -83.50 -83.34 -83.19 -83.06 -82.91 -82.72 -82.53 -82.31 -82.09 -81.88 -81.72 -81.59 -81.56 -81.56 -81.53 -81.44 -81.34 -81.19 -81.09 -81.00 -81.00 -81.19 -81.44
-87.03 -87.56 -88.28 -88.78 -89.00 -89.09 -89.12 -89.06 -89.03 -89.06 -89.16 -89.19 -89.12 -89.03 -88.91 -88.78 -88.59 -88.38 -88.12 -87.84 -87.56 -87.34 -87.09 -86.84 -86.50 -86.19 -85.81 -85.47 -85.09 -84.69 -84.06 -83.44 -82.78 -82.19 -81.75 -81.69 -82.12 -82.91 -83.47 -83.72 -83.88 -84.03 -84.12 -84.22 -84.25 -84.22 -84.06 -83.88 -83.66 -83.47 -83.28 -83.12 -82.94 -82.72 -82.50 -82.28 -82.06 -81.88 -81.75 -81.72 -81.69 -81.69 -81.66 -81.56 -81.44 -81.31 -81.22 -81.16 -81.12 -81.19 -81.41
-87.81 -88.44 -89.16 -89.47 -89.59 -89.66 -89.62 -89.59 -89.56 -89.59 -89.62 -89.62 -89.56 -89.44 -89.34 -89.19 -88.97 -88.72 -88.41 -88.09 -87.81 -87.56 -87.28 -87.00 -86.66 -86.34 -86.00 -85.66 -85.34 -85.00 -84.56 -84.00 -83.41 -82.88 -82.44 -82.31 -82.66 -83.34 -83.84 -84.06 -84.28 -84.44 -84.50 -84.53 -84.53 -84.44 -84.28 -84.03 -83.78 -83.56 -83.31 -83.12 -82.91 -82.66 -82.44 -82.22 -82.03 -81.91 -81.81 -81.81 -81.81 -81.81 -81.78 -81.69 -81.56 -81.44 -81.34 -81.31 -81.25 -81.25 -81.41
-88.81 -89.38 -89.88 -90.06 -90.16 -90.19 -90.12 -90.06 -90.06 -90.06 -90.06 -90.03 -89.94 -89.81 -89.69 -89.47 -89.22 -88.91 -88.59 -88.28 -88.00 -87.72 -87.47 -87.16 -86.81 -86.47 -86.16 -85.84 -85.53 -85.25 -85.00 -84.62 -84.19 -83.78 -83.41 -83.16 -83.25 -83.72 -84.19 -84.44 -84.66 -84.81 -84.88 -84.88 -84.81 -84.66 -84.41 -84.12 -83.84 -83.53 -83.28 -83.03 -82.81 -82.56 -82.34 -82.16 -82.00 -81.91 -81.88 -81.91 -81.94 -81.94 -81.88 -81.78 -81.69 -81.59 -81.50 -81.44 -81.41 -81.38 -81.41
