everonasctiles/Tile21,33.asc
ncols 128
nrows 128
xllcorner 0
yllcorner 0
cellsize 2.0
NODATA_value  -9999
[rows 0 to 36 of 128, columns 0 to 82 of 128]
10.53 10.53 10.53 10.53 10.53 10.53 10.53 10.53 10.53 10.53 10.53 10.56 10.56 10.56 10.53 10.53 10.53 10.53 10.53 10.53 10.53 10.53 10.56 10.59 10.50 10.28 10.00 9.62 9.19 8.69 8.12 7.28 3.25 0.78 0.81 0.78 0.78 0.81 0.84 0.94 1.00 1.06 1.12 1.16 1.16 1.25 1.25 1.25 1.25 1.25 1.25 1.25 1.22 1.22 1.22 1.19 1.16 1.06 1.00 0.94 0.84 0.75 0.66 0.56 0.53 0.47 0.41 0.31 0.19 0.06 -0.06 -0.16 -0.34 -0.50 -0.59 -0.78 -0.91 -1.03 -1.16 -1.31 -1.38 -1.50 -1.59
10.53 10.53 10.53 10.53 10.53 10.53 10.53 10.53 10.53 10.53 10.53 10.53 10.53 10.53 10.53 10.53 10.53 10.53 10.53 10.53 10.53 10.53 10.56 10.59 10.50 10.28 10.00 9.62 9.19 8.69 8.06 6.97 1.47 0.62 0.72 0.72 0.75 0.78 0.84 0.91 0.97 1.06 1.12 1.16 1.16 1.25 1.25 1.25 1.25 1.25 1.25 1.25 1.22 1.22 1.22 1.19 1.12 1.06 1.00 0.91 0.84 0.75 0.69 0.62 0.53 0.44 0.38 0.31 0.19 0.06 -0.06 -0.16 -0.31 -0.47 -0.62 -0.75 -0.88 -1.00 -1.12 -1.22 -1.38 -1.50 -1.53
10.53 10.53 10.53 10.53 10.53 10.53 10.53 10.53 10.53 10.53 10.53 10.53 10.53 10.53 10.53 10.53 10.53 10.53 10.50 10.53 10.53 10.53 10.56 10.59 10.56 10.34 10.06 9.69 9.25 8.75 8.09 6.84 0.81 0.56 0.66 0.69 0.72 0.75 0.81 0.91 0.97 1.03 1.12 1.16 1.16 1.22 1.25 1.25 1.25 1.25 1.25 1.25 1.25 1.22 1.19 1.16 1.12 1.03 0.97 0.91 0.84 0.78 0.69 0.59 0.53 0.47 0.38 0.28 0.16 0.03 -0.12 -0.25 -0.38 -0.53 -0.62 -0.78 -0.94 -1.06 -1.12 -1.31 -1.38 -1.44 -1.53
10.53 10.53 10.53 10.53 10.53 10.53 10.53 10.53 10.53 10.53 10.53 10.53 10.53 10.53 10.53 10.53 10.53 10.53 10.50 10.53 10.53 10.53 10.56 10.56 10.59 10.41 10.16 9.81 9.41 8.88 8.19 7.25 0.66 0.53 0.62 0.66 0.69 0.75 0.81 0.91 0.97 1.03 1.09 1.16 1.16 1.22 1.22 1.22 1.25 1.25 1.25 1.25 1.25 1.22 1.22 1.16 1.12 1.03 0.97 0.91 0.84 0.78 0.69 0.59 0.56 0.47 0.38 0.25 0.12 0.00 -0.12 -0.25 -0.41 -0.56 -0.66 -0.81 -0.94 -1.03 -1.12 -1.31 -1.38 -1.47 -1.53
10.53 10.53 10.53 10.53 10.53 10.53 10.53 10.53 10.53 10.53 10.53 10.53 10.53 10.53 10.53 10.53 10.53 10.53 10.53 10.53 10.53 10.53 10.56 10.56 10.59 10.47 10.25 9.94 9.56 9.03 8.34 7.50 0.72 0.53 0.59 0.66 0.69 0.75 0.81 0.91 0.97 1.03 1.09 1.16 1.16 1.19 1.22 1.22 1.22 1.25 1.25 1.25 1.25 1.22 1.22 1.16 1.12 1.03 0.97 0.94 0.88 0.75 0.69 0.62 0.53 0.47 0.34 0.25 0.12 -0.03 -0.16 -0.25 -0.41 -0.56 -0.69 -0.81 -0.94 -1.06 -1.19 -1.25 -1.44 -1.56 -1.59
10.53 10.53 10.53 10.53 10.53 10.53 10.53 10.53 10.53 10.53 10.53 10.53 10.53 10.53 10.53 10.53 10.53 10.53 10.53 10.53 10.53 10.53 10.56 10.56 10.62 10.59 10.38 10.09 9.75 9.28 8.56 7.28 0.94 0.53 0.59 0.62 0.69 0.72 0.81 0.88 0.97 1.03 1.06 1.16 1.16 1.16 1.22 1.22 1.22 1.25 1.25 1.25 1.25 1.25 1.22 1.16 1.12 1.03 0.97 0.94 0.84 0.78 0.69 0.59 0.53 0.44 0.34 0.22 0.09 -0.03 -0.19 -0.31 -0.44 -0.59 -0.72 -0.81 -0.88 -1.06 -1.16 -1.25 -1.44 -1.53 -1.62
10.53 10.53 10.53 10.53 10.53 10.53 10.53 10.53 10.53 10.53 10.53 10.53 10.53 10.53 10.53 10.53 10.53 10.53 10.53 10.53 10.53 10.56 10.56 10.59 10.62 10.59 10.47 10.28 10.03 9.69 9.28 6.94 0.94 0.50 0.56 0.62 0.66 0.72 0.81 0.88 0.97 1.03 1.06 1.12 1.16 1.19 1.19 1.22 1.22 1.25 1.25 1.28 1.25 1.22 1.22 1.19 1.12 1.03 0.97 0.91 0.84 0.78 0.69 0.59 0.53 0.44 0.34 0.22 0.09 -0.06 -0.19 -0.31 -0.47 -0.59 -0.69 -0.81 -1.00 -1.09 -1.19 -1.28 -1.41 -1.47 -1.56
10.53 10.53 10.53 10.53 10.53 10.53 10.53 10.53 10.53 10.53 10.53 10.53 10.53 10.53 10.53 10.53 10.53 10.53 10.53 10.53 10.56 10.56 10.56 10.59 10.62 10.62 10.53 10.44 10.31 10.16 9.81 6.72 0.88 0.50 0.56 0.62 0.66 0.72 0.81 0.88 0.97 1.03 1.06 1.12 1.16 1.19 1.19 1.22 1.22 1.25 1.25 1.25 1.25 1.22 1.22 1.16 1.09 1.03 0.97 0.91 0.84 0.78 0.69 0.59 0.53 0.44 0.31 0.19 0.06 -0.06 -0.22 -0.38 -0.53 -0.59 -0.75 -0.91 -1.00 -1.16 -1.28 -1.41 -1.47 -1.56 -1.56
10.53 10.53 10.53 10.53 10.53 10.53 10.53 10.53 10.53 10.53 10.53 10.53 10.53 10.53 10.53 10.53 10.53 10.53 10.53 10.53 10.56 10.56 10.56 10.59 10.59 10.62 10.62 10.59 10.56 10.59 10.31 6.53 0.97 0.47 0.53 0.62 0.66 0.75 0.81 0.91 0.97 1.03 1.09 1.12 1.16 1.19 1.19 1.19 1.22 1.25 1.25 1.25 1.25 1.22 1.19 1.16 1.09 1.03 0.97 0.91 0.84 0.78 0.69 0.59 0.50 0.41 0.28 0.19 0.06 -0.09 -0.25 -0.38 -0.50 -0.69 -0.81 -0.88 -1.06 -1.19 -1.31 -1.44 -1.50 -1.59 -1.66
10.53 10.53 10.53 10.53 10.53 10.53 10.53 10.53 10.53 10.53 10.53 10.53 10.53 10.53 10.53 10.53 10.53 10.53 10.53 10.53 10.53 10.56 10.56 10.56 10.59 10.62 10.66 10.69 10.72 10.75 10.50 6.34 1.41 0.47 0.53 0.59 0.66 0.75 0.81 0.91 0.97 1.06 1.09 1.12 1.16 1.19 1.19 1.19 1.22 1.22 1.25 1.25 1.22 1.22 1.19 1.12 1.06 1.00 0.94 0.88 0.81 0.75 0.69 0.59 0.50 0.41 0.28 0.19 0.00 -0.16 -0.31 -0.44 -0.59 -0.78 -0.84 -0.97 -1.12 -1.22 -1.38 -1.47 -1.53 -1.62 -1.69
10.53 10.53 10.53 10.53 10.53 10.53 10.53 10.53 10.53 10.53 10.53 10.53 10.53 10.53 10.53 10.53 10.53 10.53 10.53 10.53 10.53 10.56 10.56 10.56 10.59 10.62 10.66 10.66 10.69 10.72 10.69 7.47 1.91 0.50 0.53 0.59 0.69 0.75 0.81 0.91 1.00 1.06 1.09 1.16 1.16 1.19 1.19 1.19 1.22 1.22 1.22 1.22 1.22 1.19 1.16 1.12 1.06 1.00 0.94 0.88 0.81 0.75 0.69 0.62 0.50 0.41 0.28 0.16 0.00 -0.19 -0.31 -0.47 -0.66 -0.81 -0.94 -1.06 -1.19 -1.31 -1.41 -1.50 -1.56 -1.62 -1.69
10.53 10.53 10.53 10.53 10.53 10.53 10.53 10.53 10.53 10.53 10.53 10.53 10.53 10.53 10.53 10.53 10.53 10.53 10.53 10.53 10.53 10.56 10.56 10.56 10.59 10.62 10.62 10.66 10.69 10.72 10.75 9.56 2.16 0.50 0.56 0.59 0.69 0.75 0.84 0.91 1.00 1.06 1.09 1.16 1.16 1.19 1.19 1.16 1.19 1.22 1.22 1.22 1.19 1.16 1.16 1.09 1.03 0.97 0.94 0.88 0.81 0.75 0.69 0.62 0.53 0.41 0.28 0.12 -0.03 -0.19 -0.34 -0.53 -0.72 -0.84 -1.00 -1.12 -1.22 -1.34 -1.44 -1.53 -1.56 -1.62 -1.69
10.53 10.53 10.53 10.53 10.53 10.53 10.53 10.53 10.53 10.53 10.53 10.53 10.53 10.53 10.53 10.53 10.53 10.53 10.53 10.53 10.53 10.56 10.56 10.56 10.59 10.59 10.62 10.66 10.69 10.72 10.72 10.47 5.75 1.53 0.56 0.59 0.69 0.78 0.84 0.94 1.00 1.06 1.12 1.16 1.16 1.19 1.16 1.16 1.16 1.19 1.22 1.22 1.19 1.16 1.12 1.09 1.03 0.97 0.91 0.88 0.81 0.75 0.69 0.62 0.53 0.41 0.28 0.12 -0.03 -0.22 -0.41 -0.59 -0.78 -0.94 -1.09 -1.22 -1.28 -1.38 -1.50 -1.56 -1.59 -1.62 -1.66
10.53 10.53 10.53 10.53 10.53 10.53 10.53 10.53 10.53 10.53 10.53 10.53 10.53 10.53 10.53 10.53 10.53 10.53 10.53 10.53 10.53 10.56 10.56 10.56 10.56 10.59 10.62 10.69 10.72 10.75 10.75 10.69 9.06 4.59 1.59 0.59 0.72 0.78 0.88 0.94 1.03 1.06 1.12 1.16 1.16 1.19 1.19 1.16 1.16 1.19 1.19 1.19 1.16 1.16 1.12 1.09 1.03 0.97 0.91 0.84 0.81 0.75 0.66 0.56 0.50 0.41 0.25 0.09 -0.06 -0.25 -0.44 -0.62 -0.81 -1.03 -1.19 -1.28 -1.38 -1.44 -1.53 -1.59 -1.66 -1.69 -1.72
10.53 10.53 10.53 10.53 10.53 10.53 10.53 10.53 10.53 10.53 10.53 10.53 10.53 10.53 10.53 10.53 10.53 10.53 10.53 10.53 10.53 10.56 10.56 10.56 10.56 10.59 10.69 10.84 10.94 10.94 10.91 10.84 10.59 8.00 2.97 0.56 0.75 0.81 0.88 0.94 1.03 1.06 1.12 1.16 1.16 1.16 1.16 1.16 1.16 1.16 1.19 1.16 1.16 1.12 1.09 1.06 1.00 0.97 0.91 0.84 0.81 0.75 0.69 0.59 0.50 0.41 0.28 0.09 -0.06 -0.25 -0.44 -0.66 -0.84 -1.06 -1.22 -1.34 -1.47 -1.53 -1.59 -1.69 -1.72 -1.75 -1.75
10.53 10.53 10.53 10.53 10.53 10.53 10.53 10.53 10.53 10.53 10.53 10.53 10.53 10.53 10.53 10.53 10.53 10.53 10.53 10.53 10.53 10.53 10.56 10.56 10.56 10.66 10.81 11.03 11.12 11.12 11.12 11.03 10.88 10.59 5.09 0.78 0.72 0.81 0.88 0.94 1.00 1.06 1.12 1.12 1.16 1.16 1.16 1.16 1.16 1.16 1.16 1.16 1.12 1.09 1.09 1.06 1.00 0.97 0.91 0.84 0.78 0.72 0.66 0.59 0.50 0.38 0.25 0.09 -0.09 -0.31 -0.50 -0.69 -0.94 -1.12 -1.28 -1.44 -1.53 -1.62 -1.66 -1.75 -1.78 -1.81 -1.84
10.53 10.53 10.53 10.53 10.53 10.53 10.53 10.53 10.53 10.53 10.53 10.53 10.53 10.53 10.53 10.53 10.53 10.53 10.53 10.53 10.53 10.53 10.56 10.56 10.56 10.66 10.94 11.25 11.31 11.34 11.38 11.34 11.16 11.03 9.31 1.25 0.69 0.81 0.88 0.94 1.00 1.06 1.09 1.12 1.16 1.16 1.16 1.16 1.12 1.12 1.12 1.12 1.12 1.09 1.09 1.03 1.00 0.97 0.91 0.88 0.81 0.75 0.69 0.62 0.50 0.41 0.25 0.09 -0.09 -0.31 -0.53 -0.72 -0.97 -1.16 -1.34 -1.47 -1.59 -1.72 -1.75 -1.81 -1.88 -1.88 -1.91
10.53 10.53 10.53 10.53 10.53 10.53 10.53 10.53 10.53 10.53 10.53 10.53 10.53 10.53 10.53 10.53 10.53 10.53 10.53 10.53 10.53 10.53 10.56 10.56 10.56 10.66 11.00 11.41 11.50 11.56 11.59 11.59 11.44 11.25 10.91 1.44 0.66 0.78 0.84 0.94 1.00 1.06 1.09 1.12 1.16 1.16 1.16 1.12 1.12 1.12 1.12 1.12 1.12 1.09 1.09 1.06 1.03 0.97 0.94 0.88 0.84 0.78 0.69 0.62 0.53 0.44 0.25 0.06 -0.12 -0.34 -0.56 -0.75 -0.94 -1.16 -1.34 -1.53 -1.69 -1.78 -1.88 -1.91 -1.91 -1.94 -1.97
10.53 10.53 10.53 10.53 10.53 10.53 10.53 10.53 10.53 10.53 10.53 10.53 10.53 10.53 10.53 10.53 10.53 10.53 10.53 10.53 10.53 10.53 10.56 10.56 10.56 10.66 11.03 11.50 11.69 11.78 11.84 11.81 11.69 11.50 11.31 1.03 0.62 0.75 0.84 0.94 1.00 1.06 1.09 1.12 1.12 1.16 1.16 1.12 1.12 1.12 1.12 1.12 1.12 1.09 1.09 1.06 1.03 1.00 0.97 0.91 0.88 0.81 0.75 0.66 0.53 0.41 0.28 0.09 -0.09 -0.31 -0.56 -0.78 -0.97 -1.19 -1.38 -1.56 -1.72 -1.84 -1.91 -1.97 -2.00 -2.03 -2.03
10.53 10.53 10.53 10.53 10.53 10.53 10.53 10.53 10.53 10.53 10.53 10.53 10.53 10.53 10.53 10.53 10.53 10.53 10.53 10.53 10.53 10.53 10.53 10.56 10.56 10.59 10.97 11.41 11.75 11.94 12.00 12.00 11.91 11.72 11.41 0.62 0.62 0.72 0.84 0.94 1.00 1.06 1.09 1.12 1.12 1.12 1.12 1.09 1.09 1.09 1.09 1.12 1.12 1.09 1.09 1.06 1.03 1.03 0.97 0.94 0.88 0.84 0.75 0.66 0.56 0.44 0.28 0.09 -0.12 -0.31 -0.56 -0.78 -1.00 -1.22 -1.41 -1.56 -1.75 -1.88 -1.97 -2.06 -2.09 -2.09 -2.06
10.53 10.53 10.53 10.53 10.53 10.53 10.53 10.53 10.53 10.53 10.53 10.53 10.53 10.53 10.53 10.53 10.53 10.53 10.53 10.53 10.53 10.53 10.53 10.56 10.56 10.56 10.88 11.31 11.69 11.94 12.09 12.19 12.16 11.78 11.44 0.53 0.62 0.72 0.84 0.94 1.00 1.06 1.09 1.12 1.12 1.12 1.12 1.09 1.09 1.09 1.09 1.09 1.09 1.09 1.09 1.06 1.06 1.03 1.00 0.97 0.94 0.88 0.78 0.69 0.56 0.44 0.28 0.09 -0.09 -0.34 -0.56 -0.81 -1.03 -1.25 -1.47 -1.62 -1.81 -1.97 -2.03 -2.09 -2.12 -2.12 -2.12
10.53 10.53 10.53 10.53 10.53 10.53 10.53 10.53 10.53 10.53 10.53 10.53 10.53 10.53 10.53 10.53 10.53 10.53 10.53 10.53 10.53 10.53 10.53 10.53 10.56 10.56 10.81 11.19 11.66 11.94 12.12 12.28 12.38 11.81 9.75 0.53 0.62 0.72 0.84 0.94 1.03 1.09 1.12 1.12 1.12 1.12 1.12 1.06 1.06 1.09 1.09 1.09 1.09 1.09 1.09 1.06 1.06 1.03 1.00 0.97 0.94 0.88 0.81 0.72 0.59 0.47 0.28 0.12 -0.09 -0.34 -0.56 -0.84 -1.06 -1.28 -1.50 -1.66 -1.78 -1.94 -2.06 -2.16 -2.19 -2.16 -2.16
10.53 10.53 10.53 10.53 10.53 10.53 10.53 10.53 10.53 10.53 10.53 10.53 10.53 10.53 10.53 10.53 10.53 10.53 10.53 10.53 10.53 10.53 10.53 10.53 10.56 10.56 10.72 11.06 11.69 11.94 12.12 12.28 12.34 11.78 4.78 0.53 0.62 0.72 0.84 0.97 1.06 1.12 1.16 1.16 1.16 1.12 1.09 1.06 1.06 1.06 1.06 1.09 1.09 1.09 1.09 1.09 1.06 1.06 1.03 1.00 0.94 0.88 0.81 0.72 0.62 0.50 0.31 0.12 -0.06 -0.31 -0.56 -0.84 -1.09 -1.31 -1.53 -1.72 -1.88 -1.97 -2.09 -2.16 -2.22 -2.19 -2.12
10.53 10.53 10.53 10.53 10.53 10.53 10.53 10.53 10.53 10.53 10.53 10.53 10.53 10.53 10.53 10.53 10.53 10.53 10.53 10.53 10.53 10.53 10.53 10.53 10.53 10.56 10.66 10.91 11.53 11.88 12.09 12.22 12.12 11.62 1.12 0.53 0.62 0.72 0.88 1.00 1.09 1.16 1.19 1.19 1.16 1.12 1.09 1.06 1.06 1.06 1.06 1.06 1.09 1.09 1.09 1.09 1.06 1.06 1.03 1.00 0.97 0.91 0.81 0.72 0.62 0.50 0.31 0.12 -0.06 -0.28 -0.56 -0.81 -1.06 -1.31 -1.56 -1.75 -1.91 -2.06 -2.16 -2.22 -2.28 -2.25 -2.19
10.53 10.53 10.53 10.53 10.53 10.53 10.53 10.53 10.53 10.53 10.53 10.53 10.53 10.53 10.53 10.53 10.53 10.53 10.53 10.53 10.53 10.53 10.53 10.53 10.53 10.56 10.62 10.81 11.28 11.78 12.09 12.09 11.94 11.50 0.47 0.53 0.62 0.75 0.91 1.06 1.16 1.19 1.22 1.19 1.16 1.12 1.09 1.03 1.03 1.03 1.06 1.06 1.09 1.09 1.09 1.09 1.09 1.06 1.03 1.00 0.97 0.91 0.81 0.72 0.62 0.50 0.34 0.16 -0.03 -0.25 -0.53 -0.81 -1.06 -1.31 -1.56 -1.78 -1.94 -2.09 -2.22 -2.28 -2.31 -2.28 -2.25
10.53 10.53 10.53 10.53 10.53 10.53 10.53 10.53 10.53 10.53 10.53 10.53 10.53 10.53 10.53 10.53 10.53 10.53 10.53 10.53 10.53 10.53 10.53 10.53 10.53 10.53 10.59 10.81 11.25 11.62 11.84 11.84 11.59 11.25 0.47 0.53 0.62 0.75 0.94 1.12 1.22 1.22 1.22 1.19 1.16 1.12 1.06 1.03 1.03 1.03 1.03 1.06 1.06 1.09 1.09 1.09 1.09 1.06 1.06 1.00 0.97 0.91 0.81 0.72 0.62 0.50 0.38 0.19 -0.03 -0.25 -0.47 -0.78 -1.06 -1.31 -1.56 -1.78 -1.94 -2.09 -2.22 -2.34 -2.41 -2.38 -2.31
10.53 10.53 10.53 10.53 10.53 10.53 10.53 10.53 10.53 10.53 10.53 10.53 10.53 10.53 10.53 10.53 10.53 10.53 10.53 10.53 10.53 10.53 10.53 10.53 10.53 10.56 10.69 10.88 11.19 11.47 11.59 11.50 11.31 7.03 0.53 0.59 0.66 0.78 1.00 1.16 1.25 1.25 1.25 1.22 1.16 1.12 1.06 1.00 1.00 1.00 1.00 1.03 1.06 1.09 1.12 1.12 1.09 1.09 1.06 1.03 0.97 0.91 0.81 0.72 0.62 0.53 0.38 0.19 -0.03 -0.25 -0.47 -0.75 -1.06 -1.31 -1.56 -1.78 -1.94 -2.12 -2.25 -2.38 -2.44 -2.41 -2.41
10.53 10.53 10.53 10.53 10.53 10.53 10.53 10.53 10.53 10.53 10.53 10.53 10.53 10.53 10.53 10.53 10.53 10.53 10.53 10.53 10.53 10.53 10.53 10.53 10.53 10.59 10.75 10.97 11.19 11.34 11.38 11.31 7.19 1.19 0.62 0.69 0.75 0.84 1.06 1.19 1.25 1.25 1.22 1.19 1.16 1.09 1.03 1.00 1.00 0.97 1.00 1.00 1.03 1.06 1.09 1.12 1.09 1.09 1.06 1.03 0.97 0.91 0.84 0.75 0.62 0.53 0.38 0.19 0.00 -0.25 -0.47 -0.72 -1.03 -1.31 -1.53 -1.75 -1.94 -2.12 -2.28 -2.41 -2.47 -2.44 -2.41
10.53 10.53 10.53 10.53 10.53 10.53 10.53 10.53 10.53 10.53 10.53 10.53 10.53 10.53 10.53 10.53 10.53 10.53 10.53 10.53 10.53 10.53 10.53 10.53 10.53 10.59 10.78 11.03 11.22 11.28 11.28 10.78 3.12 0.78 0.91 0.91 0.84 0.94 1.12 1.19 1.22 1.22 1.19 1.16 1.12 1.09 1.00 0.97 0.97 0.97 0.97 1.00 1.03 1.06 1.12 1.12 1.12 1.12 1.09 1.03 1.00 0.91 0.84 0.75 0.62 0.53 0.38 0.19 0.00 -0.22 -0.47 -0.69 -0.97 -1.28 -1.53 -1.75 -1.94 -2.12 -2.28 -2.41 -2.50 -2.50 -2.44
10.53 10.53 10.53 10.53 10.53 10.53 10.53 10.53 10.53 10.53 10.53 10.53 10.53 10.53 10.53 10.53 10.53 10.53 10.53 10.53 10.53 10.53 10.53 10.53 10.53 10.56 10.75 10.97 11.12 11.19 11.22 9.91 2.03 1.28 1.38 1.28 1.09 1.00 1.16 1.19 1.19 1.19 1.16 1.12 1.09 1.06 0.97 0.97 0.97 0.94 0.94 0.97 1.03 1.06 1.12 1.12 1.16 1.12 1.12 1.06 1.03 0.94 0.88 0.78 0.66 0.53 0.38 0.19 0.00 -0.19 -0.44 -0.69 -0.97 -1.28 -1.50 -1.75 -1.94 -2.12 -2.31 -2.44 -2.53 -2.53 -2.47
10.53 10.53 10.53 10.53 10.53 10.53 10.53 10.53 10.53 10.53 10.53 10.53 10.53 10.53 10.53 10.53 10.53 10.53 10.53 10.53 10.53 10.53 10.53 10.53 10.53 10.56 10.66 10.81 10.72 10.59 10.59 7.78 2.47 1.72 1.78 1.66 1.41 1.22 1.16 1.16 1.12 1.12 1.09 1.09 1.06 1.03 0.97 0.97 0.94 0.91 0.94 0.97 1.03 1.06 1.12 1.16 1.19 1.19 1.16 1.09 1.06 0.97 0.91 0.78 0.69 0.53 0.38 0.19 0.00 -0.19 -0.44 -0.69 -0.94 -1.22 -1.47 -1.72 -1.94 -2.12 -2.31 -2.44 -2.56 -2.56 -2.50
10.53 10.53 10.53 10.53 10.53 10.53 10.53 10.53 10.53 10.53 10.53 10.53 10.53 10.53 10.53 10.53 10.53 10.53 10.53 10.53 10.53 10.53 10.53 10.53 10.53 10.53 10.56 10.69 10.47 10.16 9.56 5.53 2.34 2.09 2.16 1.94 1.66 1.41 1.19 1.09 1.06 1.06 1.03 1.03 1.03 0.97 0.94 0.94 0.91 0.91 0.94 0.97 1.03 1.09 1.16 1.19 1.22 1.22 1.19 1.16 1.09 1.03 0.94 0.84 0.72 0.56 0.41 0.25 0.03 -0.19 -0.44 -0.66 -0.91 -1.19 -1.47 -1.69 -1.94 -2.12 -2.28 -2.41 -2.53 -2.56 -2.50
10.53 10.53 10.53 10.53 10.53 10.53 10.53 10.53 10.53 10.53 10.53 10.53 10.53 10.53 10.53 10.53 10.53 10.53 10.53 10.53 10.53 10.53 10.53 10.53 10.53 10.53 10.56 10.59 10.19 9.81 8.25 4.06 2.22 2.25 2.31 2.06 1.75 1.47 1.16 1.00 0.97 1.00 1.00 1.00 1.00 0.97 0.94 0.94 0.88 0.88 0.91 0.94 1.03 1.09 1.16 1.22 1.25 1.25 1.25 1.22 1.16 1.09 1.00 0.88 0.75 0.62 0.44 0.25 0.03 -0.19 -0.41 -0.66 -0.88 -1.16 -1.44 -1.69 -1.91 -2.09 -2.28 -2.44 -2.53 -2.56 -2.56
10.53 10.53 10.53 10.53 10.53 10.53 10.53 10.53 10.53 10.53 10.53 10.53 10.53 10.53 10.53 10.53 10.53 10.53 10.53 10.53 10.53 10.53 10.53 10.53 10.53 10.53 10.56 10.59 9.97 9.03 6.94 3.81 2.09 2.22 2.19 1.97 1.69 1.41 1.09 0.91 0.91 0.94 0.97 0.97 0.97 0.94 0.94 0.94 0.88 0.88 0.91 0.97 1.03 1.09 1.19 1.25 1.28 1.31 1.28 1.28 1.22 1.12 1.03 0.94 0.78 0.66 0.47 0.28 0.06 -0.12 -0.38 -0.62 -0.84 -1.09 -1.34 -1.59 -1.84 -2.03 -2.25 -2.41 -2.50 -2.59 -2.59
10.53 10.53 10.53 10.53 10.53 10.53 10.53 10.53 10.53 10.53 10.53 10.53 10.53 10.53 10.53 10.53 10.53 10.53 10.53 10.53 10.53 10.53 10.53 10.53 10.53 10.53 10.56 10.28 9.91 9.59 7.41 4.59 1.75 1.88 1.88 1.69 1.50 1.25 0.94 0.84 0.88 0.91 0.94 0.94 0.94 0.91 0.91 0.91 0.88 0.88 0.91 0.97 1.03 1.12 1.19 1.28 1.31 1.31 1.31 1.31 1.25 1.19 1.09 0.97 0.81 0.66 0.50 0.31 0.09 -0.12 -0.34 -0.56 -0.81 -1.03 -1.28 -1.53 -1.75 -2.00 -2.19 -2.38 -2.50 -2.59 -2.62
10.53 10.53 10.53 10.53 10.53 10.53 10.53 10.53 10.53 10.53 10.53 10.53 10.53 10.53 10.53 10.53 10.53 10.53 10.53 10.53 10.53 10.53 10.53 10.53 10.53 10.53 10.53 10.19 9.72 9.06 7.47 5.19 2.00 1.41 1.41 1.31 1.22 1.00 0.81 0.78 0.84 0.88 0.91 0.91 0.91 0.91 0.91 0.91 0.88 0.88 0.94 0.97 1.06 1.12 1.22 1.28 1.31 1.34 1.34 1.31 1.28 1.19 1.09 1.00 0.84 0.69 0.50 0.34 0.16 -0.09 -0.28 -0.50 -0.72 -0.94 -1.19 -1.44 -1.69 -1.91 -2.12 -2.31 -2.47 -2.59 -2.66
10.53 10.53 10.53 10.53 10.53 10.53 10.53 10.53 10.53 10.53 10.53 10.53 10.53 10.53 10.53 10.53 10.53 10.53 10.53 10.53 10.53 10.53 10.53 10.53 10.53 10.53 10.50 10.25 9.53 8.72 7.28 5.47 3.25 1.22 1.03 1.00 0.94 0.81 0.72 0.75 0.81 0.84 0.88 0.91 0.91 0.91 0.91 0.91 0.88 0.91 0.94 0.97 1.06 1.12 1.22 1.28 1.31 1.34 1.34 1.34 1.28 1.22 1.12 1.03 0.88 0.72 0.56 0.38 0.16 -0.03 -0.25 -0.47 -0.69 -0.88 -1.09 -1.34 -1.59 -1.81 -2.03 -2.25 -2.41 -2.53 -2.62
