everonasctiles/Tile[46,15].asc
ncols 128
nrows 128
xllcorner 0
yllcorner 0
cellsize 2.0
NODATA_value  -9999
[rows 29 to 57 of 128, columns 0 to 66 of 128]
-141.06 -140.88 -140.66 -140.44 -140.25 -140.09 -139.97 -139.94 -139.97 -139.97 -139.97 -140.00 -140.00 -140.00 -140.03 -140.03 -140.03 -140.06 -140.06 -140.06 -140.06 -140.03 -139.97 -139.91 -139.81 -139.72 -139.62 -139.53 -139.44 -139.34 -139.25 -139.12 -138.97 -138.78 -138.56 -138.34 -138.06 -137.75 -137.38 -136.97 -136.53 -136.06 -135.56 -135.03 -134.50 -133.94 -133.34 -132.75 -132.06 -131.28 -130.59 -130.00 -129.50 -129.06 -128.66 -128.28 -127.97 -127.75 -127.81 -128.09 -128.25 -128.38 -128.50 -128.59 -128.66 -128.69 -128.69
-141.12 -140.88 -140.62 -140.41 -140.16 -140.00 -139.84 -139.81 -139.78 -139.78 -139.78 -139.78 -139.81 -139.84 -139.88 -139.91 -139.97 -140.00 -140.00 -140.03 -140.03 -140.00 -139.97 -139.91 -139.84 -139.75 -139.69 -139.59 -139.53 -139.47 -139.38 -139.25 -139.09 -138.91 -138.69 -138.41 -138.12 -137.84 -137.50 -137.12 -136.72 -136.25 -135.75 -135.22 -134.66 -134.06 -133.47 -132.88 -132.19 -131.53 -130.94 -130.44 -129.97 -129.56 -129.12 -128.72 -128.22 -127.72 -127.44 -127.56 -127.88 -128.03 -128.16 -128.22 -128.31 -128.38 -128.38
-141.09 -140.84 -140.56 -140.31 -140.06 -139.88 -139.72 -139.62 -139.59 -139.59 -139.59 -139.59 -139.62 -139.69 -139.75 -139.81 -139.84 -139.91 -139.94 -139.97 -140.00 -140.00 -139.97 -139.94 -139.88 -139.81 -139.75 -139.69 -139.62 -139.56 -139.50 -139.38 -139.19 -138.97 -138.72 -138.44 -138.12 -137.81 -137.47 -137.12 -136.72 -136.28 -135.81 -135.28 -134.75 -134.16 -133.59 -133.03 -132.44 -131.84 -131.31 -130.78 -130.28 -129.81 -129.38 -128.97 -128.53 -127.94 -127.38 -127.12 -127.31 -127.66 -127.81 -127.88 -127.97 -128.03 -128.09
-141.03 -140.75 -140.47 -140.22 -139.97 -139.72 -139.56 -139.47 -139.41 -139.38 -139.38 -139.38 -139.44 -139.50 -139.59 -139.69 -139.75 -139.81 -139.84 -139.91 -139.94 -139.97 -139.97 -139.94 -139.91 -139.88 -139.81 -139.78 -139.72 -139.66 -139.56 -139.44 -139.22 -138.97 -138.69 -138.38 -138.03 -137.69 -137.31 -136.94 -136.53 -136.12 -135.69 -135.19 -134.69 -134.16 -133.62 -133.09 -132.53 -132.00 -131.47 -130.97 -130.47 -129.97 -129.53 -129.09 -128.66 -128.16 -127.50 -126.97 -126.84 -127.16 -127.44 -127.56 -127.66 -127.75 -127.78
-140.94 -140.66 -140.38 -140.09 -139.81 -139.59 -139.41 -139.28 -139.22 -139.16 -139.16 -139.19 -139.25 -139.34 -139.44 -139.53 -139.62 -139.69 -139.75 -139.81 -139.88 -139.91 -139.94 -139.97 -139.94 -139.91 -139.88 -139.84 -139.81 -139.72 -139.62 -139.44 -139.22 -138.94 -138.62 -138.28 -137.91 -137.50 -137.09 -136.66 -136.19 -135.78 -135.34 -134.91 -134.44 -133.94 -133.44 -132.94 -132.44 -131.94 -131.47 -131.00 -130.53 -130.06 -129.59 -129.16 -128.72 -128.25 -127.72 -127.06 -126.62 -126.72 -127.06 -127.25 -127.34 -127.44 -127.47
-140.84 -140.56 -140.28 -140.00 -139.72 -139.44 -139.22 -139.09 -139.03 -138.97 -138.97 -139.00 -139.09 -139.19 -139.31 -139.41 -139.47 -139.56 -139.62 -139.72 -139.78 -139.84 -139.91 -139.94 -139.94 -139.94 -139.91 -139.88 -139.84 -139.75 -139.59 -139.41 -139.16 -138.84 -138.50 -138.12 -137.72 -137.31 -136.84 -136.31 -135.78 -135.28 -134.84 -134.47 -134.00 -133.56 -133.06 -132.59 -132.12 -131.66 -131.22 -130.81 -130.41 -130.00 -129.59 -129.16 -128.72 -128.28 -127.81 -127.31 -126.75 -126.47 -126.75 -126.94 -127.06 -127.12 -127.19
-140.72 -140.50 -140.22 -139.94 -139.66 -139.38 -139.12 -138.94 -138.81 -138.75 -138.75 -138.81 -138.91 -139.03 -139.16 -139.25 -139.34 -139.44 -139.50 -139.59 -139.69 -139.75 -139.81 -139.88 -139.91 -139.91 -139.91 -139.88 -139.81 -139.72 -139.56 -139.31 -139.06 -138.75 -138.38 -137.97 -137.56 -137.06 -136.59 -136.00 -135.34 -134.69 -134.25 -133.88 -133.50 -133.09 -132.62 -132.19 -131.72 -131.25 -130.84 -130.47 -130.12 -129.81 -129.47 -129.09 -128.69 -128.25 -127.84 -127.41 -126.97 -126.50 -126.44 -126.66 -126.75 -126.81 -126.88
-140.59 -140.41 -140.16 -139.91 -139.62 -139.38 -139.12 -138.91 -138.69 -138.56 -138.56 -138.66 -138.78 -138.88 -139.00 -139.12 -139.22 -139.28 -139.38 -139.47 -139.56 -139.66 -139.72 -139.78 -139.84 -139.84 -139.84 -139.81 -139.75 -139.66 -139.47 -139.25 -138.97 -138.62 -138.25 -137.81 -137.31 -136.78 -136.19 -135.59 -134.88 -134.16 -133.56 -133.16 -132.88 -132.56 -132.16 -131.72 -131.28 -130.84 -130.44 -130.09 -129.78 -129.47 -129.19 -128.91 -128.56 -128.19 -127.78 -127.38 -126.97 -126.53 -126.19 -126.31 -126.44 -126.50 -126.56
-140.41 -140.28 -140.09 -139.84 -139.62 -139.38 -139.16 -138.94 -138.75 -138.56 -138.47 -138.56 -138.66 -138.78 -138.88 -139.00 -139.09 -139.16 -139.25 -139.34 -139.44 -139.53 -139.62 -139.69 -139.75 -139.75 -139.75 -139.72 -139.66 -139.53 -139.38 -139.12 -138.84 -138.50 -138.09 -137.66 -137.12 -136.47 -135.78 -135.12 -134.50 -133.88 -133.25 -132.69 -132.28 -131.97 -131.62 -131.22 -130.84 -130.44 -130.06 -129.69 -129.38 -129.09 -128.84 -128.59 -128.34 -128.00 -127.66 -127.25 -126.88 -126.47 -126.03 -126.00 -126.12 -126.22 -126.25
-140.16 -140.09 -139.97 -139.81 -139.59 -139.38 -139.19 -138.97 -138.81 -138.66 -138.50 -138.50 -138.56 -138.66 -138.78 -138.88 -138.94 -139.03 -139.09 -139.22 -139.31 -139.44 -139.50 -139.56 -139.62 -139.62 -139.62 -139.59 -139.53 -139.41 -139.25 -139.00 -138.72 -138.38 -137.97 -137.50 -136.97 -136.34 -135.69 -135.06 -134.50 -133.94 -133.34 -132.75 -132.19 -131.72 -131.25 -130.81 -130.41 -130.03 -129.66 -129.31 -129.00 -128.75 -128.47 -128.25 -128.03 -127.78 -127.47 -127.09 -126.75 -126.38 -125.94 -125.72 -125.84 -125.91 -125.97
-139.94 -139.94 -139.88 -139.75 -139.56 -139.41 -139.22 -139.03 -138.84 -138.72 -138.56 -138.47 -138.50 -138.56 -138.66 -138.72 -138.78 -138.88 -138.94 -139.06 -139.19 -139.31 -139.38 -139.44 -139.47 -139.47 -139.44 -139.41 -139.34 -139.25 -139.09 -138.88 -138.62 -138.28 -137.88 -137.44 -136.91 -136.38 -135.78 -135.19 -134.62 -134.03 -133.44 -132.88 -132.28 -131.72 -131.19 -130.66 -130.19 -129.75 -129.34 -129.00 -128.69 -128.38 -128.12 -127.91 -127.69 -127.47 -127.22 -126.94 -126.59 -126.25 -125.88 -125.56 -125.56 -125.62 -125.66
-139.72 -139.75 -139.72 -139.66 -139.53 -139.38 -139.22 -139.06 -138.91 -138.75 -138.59 -138.50 -138.44 -138.47 -138.53 -138.56 -138.62 -138.69 -138.78 -138.91 -139.03 -139.16 -139.22 -139.25 -139.25 -139.25 -139.22 -139.19 -139.12 -139.03 -138.91 -138.72 -138.50 -138.19 -137.81 -137.34 -136.88 -136.34 -135.81 -135.25 -134.66 -134.06 -133.47 -132.88 -132.28 -131.69 -131.12 -130.56 -130.03 -129.56 -129.09 -128.72 -128.38 -128.06 -127.81 -127.56 -127.38 -127.16 -126.97 -126.72 -126.41 -126.12 -125.81 -125.50 -125.34 -125.38 -125.41
-139.53 -139.56 -139.56 -139.53 -139.47 -139.34 -139.22 -139.06 -138.91 -138.78 -138.62 -138.50 -138.41 -138.38 -138.38 -138.38 -138.41 -138.47 -138.59 -138.72 -138.84 -138.94 -139.03 -139.03 -139.03 -139.00 -138.97 -138.94 -138.88 -138.81 -138.69 -138.53 -138.31 -138.03 -137.69 -137.28 -136.78 -136.28 -135.72 -135.16 -134.56 -133.97 -133.38 -132.78 -132.16 -131.56 -131.00 -130.44 -129.88 -129.38 -128.88 -128.47 -128.06 -127.75 -127.50 -127.25 -127.03 -126.84 -126.69 -126.50 -126.25 -125.97 -125.69 -125.44 -125.19 -125.12 -125.12
-139.34 -139.38 -139.38 -139.38 -139.34 -139.28 -139.19 -139.06 -138.91 -138.78 -138.62 -138.47 -138.34 -138.25 -138.22 -138.19 -138.22 -138.25 -138.34 -138.50 -138.62 -138.72 -138.78 -138.81 -138.78 -138.72 -138.69 -138.62 -138.59 -138.53 -138.44 -138.25 -138.06 -137.81 -137.50 -137.12 -136.66 -136.12 -135.56 -134.97 -134.38 -133.78 -133.16 -132.56 -131.94 -131.34 -130.78 -130.22 -129.66 -129.16 -128.69 -128.22 -127.81 -127.47 -127.19 -126.94 -126.75 -126.56 -126.41 -126.25 -126.06 -125.84 -125.59 -125.34 -125.12 -124.94 -124.91
-139.16 -139.19 -139.19 -139.19 -139.19 -139.16 -139.09 -139.00 -138.88 -138.75 -138.59 -138.44 -138.28 -138.16 -138.06 -138.00 -137.97 -138.03 -138.12 -138.25 -138.38 -138.47 -138.53 -138.56 -138.50 -138.41 -138.34 -138.31 -138.28 -138.25 -138.16 -138.00 -137.75 -137.50 -137.22 -136.88 -136.44 -135.94 -135.38 -134.75 -134.09 -133.47 -132.84 -132.22 -131.62 -131.03 -130.47 -129.94 -129.41 -128.91 -128.47 -127.97 -127.53 -127.16 -126.88 -126.66 -126.44 -126.28 -126.12 -126.00 -125.84 -125.69 -125.47 -125.25 -125.03 -124.84 -124.72
-138.97 -139.00 -139.03 -139.03 -139.03 -139.03 -139.00 -138.94 -138.84 -138.69 -138.56 -138.38 -138.22 -138.06 -137.91 -137.81 -137.72 -137.75 -137.84 -137.97 -138.09 -138.19 -138.28 -138.28 -138.19 -138.06 -137.94 -137.91 -137.94 -137.94 -137.88 -137.72 -137.47 -137.16 -136.88 -136.53 -136.16 -135.69 -135.16 -134.56 -133.91 -133.19 -132.44 -131.75 -131.19 -130.66 -130.12 -129.62 -129.12 -128.69 -128.22 -127.66 -127.12 -126.72 -126.50 -126.34 -126.19 -126.03 -125.88 -125.75 -125.66 -125.53 -125.38 -125.16 -124.97 -124.78 -124.59
-138.81 -138.84 -138.84 -138.88 -138.91 -138.91 -138.91 -138.88 -138.78 -138.66 -138.50 -138.34 -138.16 -137.97 -137.81 -137.66 -137.50 -137.47 -137.56 -137.69 -137.81 -137.91 -138.00 -138.00 -137.88 -137.69 -137.50 -137.44 -137.53 -137.56 -137.56 -137.41 -137.16 -136.81 -136.47 -136.12 -135.75 -135.34 -134.91 -134.34 -133.72 -133.03 -132.22 -131.34 -130.59 -130.03 -129.59 -129.19 -128.81 -128.38 -127.94 -127.38 -126.84 -126.38 -126.06 -125.94 -125.88 -125.78 -125.66 -125.56 -125.47 -125.38 -125.22 -125.06 -124.88 -124.69 -124.53
-138.72 -138.69 -138.69 -138.72 -138.75 -138.78 -138.81 -138.78 -138.69 -138.59 -138.44 -138.28 -138.12 -137.94 -137.75 -137.56 -137.41 -137.28 -137.28 -137.41 -137.50 -137.62 -137.72 -137.69 -137.56 -137.34 -137.09 -136.94 -137.06 -137.16 -137.19 -137.09 -136.84 -136.53 -136.09 -135.69 -135.31 -134.94 -134.53 -134.03 -133.47 -132.88 -132.16 -131.28 -130.41 -129.72 -129.19 -128.81 -128.47 -128.12 -127.72 -127.22 -126.72 -126.28 -125.94 -125.75 -125.66 -125.59 -125.50 -125.41 -125.28 -125.19 -125.09 -124.94 -124.78 -124.62 -124.44
-138.66 -138.59 -138.56 -138.59 -138.62 -138.66 -138.69 -138.69 -138.62 -138.53 -138.38 -138.25 -138.06 -137.91 -137.72 -137.53 -137.38 -137.22 -137.09 -137.16 -137.25 -137.34 -137.41 -137.38 -137.25 -137.03 -136.75 -136.47 -136.56 -136.72 -136.78 -136.72 -136.53 -136.22 -135.81 -135.38 -134.88 -134.50 -134.12 -133.69 -133.22 -132.66 -132.06 -131.34 -130.62 -129.97 -129.47 -129.03 -128.59 -128.22 -127.78 -127.31 -126.84 -126.47 -126.22 -126.00 -125.81 -125.66 -125.50 -125.34 -125.19 -125.06 -124.94 -124.81 -124.69 -124.53 -124.38
-138.59 -138.53 -138.47 -138.47 -138.50 -138.53 -138.56 -138.56 -138.50 -138.44 -138.31 -138.19 -138.03 -137.84 -137.66 -137.50 -137.31 -137.16 -137.03 -136.97 -137.03 -137.06 -137.09 -137.06 -136.94 -136.72 -136.44 -136.12 -136.09 -136.28 -136.34 -136.34 -136.19 -135.94 -135.59 -135.16 -134.66 -134.19 -133.75 -133.38 -132.94 -132.44 -131.91 -131.34 -130.75 -130.22 -129.69 -129.22 -128.75 -128.31 -127.88 -127.44 -127.03 -126.72 -126.44 -126.19 -125.97 -125.75 -125.56 -125.34 -125.12 -124.94 -124.81 -124.66 -124.53 -124.41 -124.25
-138.56 -138.47 -138.41 -138.38 -138.38 -138.41 -138.44 -138.44 -138.38 -138.31 -138.22 -138.09 -137.94 -137.78 -137.59 -137.44 -137.25 -137.09 -136.97 -136.88 -136.84 -136.81 -136.81 -136.72 -136.62 -136.44 -136.19 -135.88 -135.69 -135.84 -135.94 -135.94 -135.81 -135.62 -135.34 -134.97 -134.53 -134.06 -133.59 -133.16 -132.72 -132.28 -131.81 -131.34 -130.84 -130.34 -129.84 -129.34 -128.88 -128.41 -127.97 -127.56 -127.22 -126.91 -126.62 -126.38 -126.09 -125.84 -125.59 -125.34 -125.09 -124.88 -124.69 -124.53 -124.38 -124.25 -124.12
-138.53 -138.41 -138.31 -138.25 -138.25 -138.25 -138.28 -138.28 -138.25 -138.19 -138.09 -137.97 -137.84 -137.69 -137.53 -137.34 -137.19 -137.03 -136.91 -136.78 -136.69 -136.59 -136.53 -136.44 -136.31 -136.16 -135.94 -135.66 -135.41 -135.47 -135.56 -135.56 -135.47 -135.28 -135.06 -134.75 -134.38 -133.97 -133.53 -133.09 -132.66 -132.22 -131.78 -131.34 -130.91 -130.44 -129.94 -129.44 -128.97 -128.53 -128.09 -127.72 -127.38 -127.06 -126.78 -126.50 -126.19 -125.91 -125.59 -125.31 -125.06 -124.81 -124.59 -124.41 -124.22 -124.09 -123.97
-138.44 -138.34 -138.25 -138.16 -138.12 -138.12 -138.12 -138.12 -138.09 -138.03 -137.94 -137.84 -137.72 -137.56 -137.44 -137.28 -137.12 -137.00 -136.84 -136.69 -136.56 -136.41 -136.28 -136.16 -136.03 -135.88 -135.69 -135.47 -135.28 -135.19 -135.22 -135.22 -135.12 -134.97 -134.75 -134.50 -134.22 -133.84 -133.47 -133.06 -132.62 -132.19 -131.78 -131.34 -130.91 -130.44 -129.97 -129.50 -129.06 -128.66 -128.25 -127.91 -127.56 -127.22 -126.91 -126.59 -126.28 -125.97 -125.62 -125.31 -125.00 -124.72 -124.47 -124.28 -124.09 -123.94 -123.81
-138.38 -138.28 -138.19 -138.09 -138.03 -138.00 -137.97 -137.94 -137.91 -137.84 -137.78 -137.69 -137.56 -137.47 -137.34 -137.22 -137.06 -136.91 -136.75 -136.59 -136.44 -136.28 -136.12 -135.94 -135.78 -135.62 -135.47 -135.31 -135.12 -135.03 -134.97 -134.94 -134.81 -134.66 -134.44 -134.22 -134.00 -133.69 -133.38 -132.97 -132.56 -132.16 -131.72 -131.28 -130.84 -130.41 -129.97 -129.56 -129.16 -128.78 -128.44 -128.06 -127.72 -127.38 -127.03 -126.72 -126.38 -126.03 -125.66 -125.31 -124.97 -124.69 -124.41 -124.16 -123.94 -123.75 -123.62
-138.28 -138.19 -138.09 -138.00 -137.94 -137.88 -137.81 -137.78 -137.72 -137.69 -137.62 -137.53 -137.44 -137.31 -137.22 -137.09 -136.97 -136.81 -136.66 -136.50 -136.31 -136.16 -135.97 -135.78 -135.59 -135.44 -135.28 -135.12 -135.00 -134.88 -134.78 -134.69 -134.56 -134.38 -134.19 -133.97 -133.75 -133.50 -133.22 -132.88 -132.50 -132.09 -131.66 -131.22 -130.81 -130.38 -130.00 -129.62 -129.28 -128.94 -128.59 -128.22 -127.88 -127.53 -127.19 -126.84 -126.50 -126.12 -125.72 -125.34 -124.97 -124.62 -124.31 -124.03 -123.81 -123.59 -123.44
-138.19 -138.12 -138.03 -137.94 -137.84 -137.78 -137.69 -137.62 -137.56 -137.50 -137.44 -137.34 -137.25 -137.16 -137.06 -136.97 -136.84 -136.69 -136.56 -136.38 -136.22 -136.06 -135.88 -135.69 -135.47 -135.28 -135.12 -134.97 -134.84 -134.72 -134.62 -134.50 -134.34 -134.16 -133.97 -133.72 -133.50 -133.25 -133.00 -132.72 -132.38 -132.00 -131.62 -131.22 -130.81 -130.44 -130.09 -129.75 -129.41 -129.06 -128.72 -128.38 -128.00 -127.66 -127.31 -126.97 -126.59 -126.19 -125.78 -125.38 -124.97 -124.59 -124.25 -123.94 -123.69 -123.44 -123.28
-138.06 -138.06 -137.97 -137.91 -137.81 -137.69 -137.59 -137.50 -137.41 -137.31 -137.25 -137.19 -137.09 -137.00 -136.91 -136.81 -136.69 -136.56 -136.44 -136.28 -136.12 -135.97 -135.78 -135.59 -135.38 -135.19 -134.97 -134.81 -134.66 -134.53 -134.44 -134.31 -134.19 -133.97 -133.75 -133.53 -133.28 -133.03 -132.78 -132.53 -132.22 -131.91 -131.56 -131.22 -130.84 -130.50 -130.16 -129.81 -129.50 -129.16 -128.81 -128.44 -128.09 -127.75 -127.41 -127.03 -126.66 -126.25 -125.81 -125.41 -124.97 -124.59 -124.22 -123.88 -123.56 -123.28 -123.09
-137.97 -137.97 -137.91 -137.84 -137.75 -137.62 -137.53 -137.41 -137.28 -137.19 -137.09 -137.00 -136.94 -136.84 -136.75 -136.66 -136.56 -136.41 -136.28 -136.16 -136.00 -135.84 -135.69 -135.50 -135.28 -135.06 -134.84 -134.66 -134.47 -134.34 -134.25 -134.16 -134.03 -133.84 -133.62 -133.38 -133.12 -132.84 -132.59 -132.31 -132.03 -131.75 -131.47 -131.12 -130.81 -130.47 -130.12 -129.81 -129.47 -129.12 -128.81 -128.47 -128.12 -127.78 -127.41 -127.06 -126.66 -126.25 -125.84 -125.41 -125.00 -124.59 -124.22 -123.84 -123.50 -123.16 -122.91
-137.88 -137.84 -137.84 -137.78 -137.69 -137.59 -137.44 -137.31 -137.19 -137.06 -136.94 -136.88 -136.78 -136.72 -136.62 -136.53 -136.41 -136.25 -136.12 -136.00 -135.84 -135.69 -135.56 -135.38 -135.19 -134.94 -134.72 -134.50 -134.31 -134.16 -134.06 -134.00 -133.88 -133.72 -133.50 -133.28 -133.00 -132.75 -132.44 -132.16 -131.84 -131.56 -131.28 -131.00 -130.69 -130.38 -130.03 -129.69 -129.38 -129.03 -128.72 -128.41 -128.06 -127.72 -127.38 -127.03 -126.66 -126.28 -125.88 -125.47 -125.03 -124.62 -124.25 -123.84 -123.44 -123.06 -122.72
