everonasctiles/Tile36,10.asc
ncols 128
nrows 128
xllcorner 0
yllcorner 0
cellsize 2.0
NODATA_value  -9999
[rows 96 to 127 of 128, columns 0 to 70 of 128]
137.84 139.47 141.06 141.31 141.06 141.12 141.69 142.19 142.84 144.03 145.12 146.84 148.66 150.12 151.38 152.91 154.41 155.97 157.50 159.12 160.72 162.25 163.72 165.03 166.16 167.22 168.25 169.16 170.22 171.34 172.41 173.78 174.97 175.84 177.09 178.56 180.09 181.56 183.06 184.56 186.06 186.94 187.91 189.00 190.16 191.22 192.09 193.41 194.94 196.03 196.78 197.38 198.91 200.50 201.72 202.56 203.84 204.91 205.97 206.78 207.47 208.16 208.94 209.34 210.28 213.22 214.41 215.25 216.59 218.31 220.09
136.25 137.44 138.44 138.78 138.78 139.12 139.84 140.97 142.12 143.41 144.78 146.38 147.88 149.31 150.91 152.56 154.06 155.75 157.44 159.03 160.66 162.12 163.59 165.03 166.22 167.41 168.56 169.53 170.53 171.66 173.12 174.59 175.81 176.41 177.47 178.91 180.59 182.50 184.47 185.75 187.56 188.81 189.47 190.53 191.81 192.62 192.62 193.94 194.78 195.81 197.03 198.31 199.69 201.25 202.09 202.84 203.97 204.97 206.25 206.97 207.66 208.56 209.12 209.88 210.81 212.44 214.09 215.03 216.78 218.12 220.25
134.84 135.47 136.00 136.56 137.31 138.22 139.25 140.44 141.59 142.91 144.31 145.88 147.31 148.66 150.56 152.56 154.09 155.72 157.38 158.97 160.59 162.06 163.62 165.09 166.41 167.62 168.91 170.12 171.16 172.19 173.53 174.91 175.78 176.56 177.62 179.03 180.84 182.94 184.94 186.38 188.00 189.59 189.81 190.88 191.56 192.91 193.22 194.03 194.91 196.00 197.59 199.00 200.28 201.56 202.19 203.09 203.97 204.91 206.16 207.06 207.91 209.00 210.16 211.28 212.06 212.81 214.19 215.03 216.69 218.53 221.03
133.41 134.22 135.06 135.84 136.75 137.81 138.88 140.22 141.41 142.72 143.84 145.75 147.38 148.91 150.75 152.88 154.47 156.03 157.69 159.28 160.88 162.34 163.84 165.28 166.50 167.62 168.78 169.94 170.94 171.94 172.97 174.12 175.25 176.38 177.56 178.97 180.84 182.56 183.78 185.00 186.88 188.38 189.12 189.72 191.19 192.69 193.34 193.94 195.22 196.44 197.59 199.06 200.59 201.38 202.25 203.31 204.00 204.91 206.28 207.38 208.22 209.50 210.62 211.62 212.66 213.62 214.50 215.41 216.91 219.03 221.72
132.41 133.50 134.56 135.47 136.56 137.72 138.62 139.81 141.12 142.91 144.53 146.53 148.38 150.12 152.03 153.94 155.69 157.25 158.81 160.41 161.97 163.53 164.84 165.97 166.84 167.59 168.38 169.28 170.34 171.62 172.91 174.12 175.38 176.56 177.78 179.16 180.72 182.31 183.62 184.38 185.44 186.66 188.22 189.44 190.78 192.19 193.00 193.72 194.75 195.97 197.38 199.12 200.53 201.56 202.53 203.62 204.53 205.22 206.34 207.56 208.78 209.97 211.06 212.12 213.16 214.25 215.12 216.00 217.28 219.22 221.53
132.12 133.19 134.16 135.22 136.69 137.88 138.59 140.22 142.03 143.94 145.62 147.34 149.31 151.56 153.38 154.75 155.84 156.94 158.69 160.53 162.16 163.62 165.03 166.12 167.00 167.59 168.31 169.16 170.25 171.56 172.91 174.22 175.59 176.97 178.22 179.22 180.50 182.09 183.69 184.44 185.03 186.09 187.41 188.38 190.12 191.56 192.34 193.34 194.56 195.69 197.34 198.91 200.38 201.72 202.84 203.84 204.84 205.88 206.91 207.97 209.16 210.28 211.41 212.50 213.56 214.62 215.66 216.62 218.00 219.34 220.69
131.94 133.09 134.22 135.38 136.81 138.31 139.66 141.22 142.66 144.12 145.69 147.41 150.44 153.25 154.47 155.31 156.25 157.28 158.66 160.53 162.00 163.38 164.69 165.88 166.75 167.31 168.00 168.84 170.03 171.38 172.81 174.22 175.84 176.75 177.88 178.84 180.19 181.91 183.22 183.88 185.00 186.44 187.09 187.94 189.62 191.06 191.88 193.03 194.12 195.28 197.12 198.75 200.22 201.59 202.78 203.84 204.94 206.06 207.16 208.25 209.28 210.34 211.56 212.78 213.84 214.91 215.97 217.09 218.34 219.69 220.97
131.94 133.12 134.38 135.78 137.38 138.97 140.09 141.31 142.59 144.03 145.59 147.78 151.72 154.25 154.97 155.59 156.44 157.47 158.75 160.28 161.72 162.81 164.03 165.22 166.00 166.78 167.50 168.31 169.44 171.03 172.44 174.09 175.78 176.38 177.53 178.62 179.84 181.25 182.53 183.69 184.88 186.00 186.59 187.59 189.19 190.66 191.44 192.41 193.66 194.66 196.44 198.22 199.81 201.25 202.50 203.22 204.16 206.19 207.19 208.38 209.50 210.44 211.62 212.97 213.97 215.00 216.06 217.16 218.34 219.62 220.91
131.84 133.16 134.66 136.38 137.62 138.69 139.91 141.16 142.41 143.75 145.38 147.91 151.66 154.16 154.94 155.59 156.47 157.53 158.72 160.00 161.28 162.28 163.41 164.41 165.31 166.28 167.09 167.84 168.91 170.31 171.72 173.16 175.31 176.00 177.19 178.19 179.41 180.72 182.03 183.31 183.97 184.84 185.62 187.03 188.91 189.97 190.56 192.16 193.22 194.44 196.06 197.84 199.28 200.38 201.59 202.81 204.53 205.81 207.06 208.41 209.59 210.69 211.78 212.88 213.91 214.88 215.84 216.88 218.03 219.25 220.44
131.62 133.44 134.91 136.00 137.31 138.50 139.69 140.75 141.94 143.31 145.09 147.75 151.03 153.38 154.56 155.44 156.44 157.50 158.62 159.78 160.91 161.88 162.94 163.97 164.94 165.84 166.66 167.34 168.38 169.97 171.31 172.78 174.62 175.81 176.84 177.97 179.28 180.38 181.66 182.56 183.25 183.38 184.22 186.16 188.00 189.00 190.72 192.06 192.81 194.06 195.59 197.56 198.91 200.06 201.34 202.47 204.88 206.50 207.44 208.53 209.66 210.75 211.75 212.72 213.62 214.56 215.53 216.34 217.25 218.66 219.78
132.09 133.31 134.53 135.72 137.00 138.16 139.19 140.19 141.38 142.94 145.06 147.97 150.94 152.94 154.25 155.25 156.38 157.50 158.56 159.50 160.53 161.41 162.34 163.47 164.53 165.44 166.25 167.09 168.22 169.78 171.25 172.75 174.53 175.38 176.50 177.84 179.22 180.12 180.84 181.72 182.41 182.72 183.28 185.78 187.41 188.94 190.53 191.75 193.00 194.28 195.59 196.94 197.94 199.84 201.50 202.97 205.00 206.28 207.38 208.47 209.50 210.50 211.47 212.38 213.16 213.88 214.62 215.69 216.88 218.19 219.31
132.09 133.09 134.22 135.41 136.50 137.56 138.53 139.50 140.78 142.72 145.31 148.22 151.22 152.81 154.00 155.00 156.34 157.72 158.62 159.22 160.19 161.06 161.88 163.06 164.25 165.19 166.00 166.97 168.12 169.62 171.25 173.22 175.00 175.38 176.44 177.78 179.00 179.78 180.47 181.03 181.78 182.59 182.94 185.06 187.09 188.78 189.88 191.53 192.72 194.06 195.56 196.78 197.97 200.06 201.56 203.22 204.75 206.16 207.19 208.19 209.09 209.94 211.06 211.50 212.50 213.62 214.78 215.75 216.72 217.72 218.66
131.94 132.91 133.94 134.97 135.97 136.94 137.91 139.06 140.69 142.84 145.16 147.47 150.00 152.09 153.59 154.72 156.12 157.75 158.53 159.03 160.09 161.12 162.00 163.19 164.34 165.25 166.03 166.94 168.03 169.56 171.12 172.53 173.88 175.16 176.47 177.78 178.84 179.62 180.25 180.75 181.41 182.06 182.72 184.22 186.16 188.19 189.84 190.97 192.41 193.88 195.41 196.88 198.16 200.19 201.72 203.12 204.44 206.06 206.91 207.81 208.56 209.16 209.72 210.88 212.12 213.06 214.41 215.53 216.44 217.22 217.94
131.75 132.66 133.59 134.53 135.47 136.47 137.62 139.22 140.94 142.75 144.53 146.38 148.25 150.41 152.41 153.91 155.28 156.78 158.03 158.94 160.09 161.06 162.12 163.31 164.38 165.31 166.22 167.16 168.28 169.66 171.03 172.25 173.47 174.84 176.44 177.69 178.66 179.56 180.34 180.84 181.47 182.00 182.91 184.53 186.50 188.31 189.78 190.50 192.00 193.59 195.19 196.97 198.44 199.84 201.75 203.31 204.56 205.62 206.50 207.25 208.03 208.88 209.81 210.72 211.78 212.78 213.97 215.09 215.97 216.59 217.16
131.53 132.38 133.25 134.19 135.25 136.41 137.97 139.75 140.84 142.31 143.88 145.69 147.62 149.59 151.31 152.84 154.44 155.94 157.41 158.78 159.94 160.84 161.88 162.97 164.03 165.12 166.25 167.34 168.50 169.78 171.00 172.06 173.19 174.53 176.09 177.41 178.44 179.41 180.25 180.91 181.44 182.31 183.72 185.00 186.81 188.31 189.78 190.81 191.94 193.50 194.75 196.84 198.59 200.16 201.66 203.06 204.28 205.28 206.16 206.91 207.78 208.62 209.38 210.16 211.00 212.16 213.44 214.44 215.25 215.84 216.19
131.31 132.16 133.03 134.03 135.22 136.88 138.72 139.72 140.62 141.84 143.31 144.97 146.78 148.81 150.66 152.31 153.94 155.41 156.84 158.16 159.28 160.28 161.41 162.47 163.56 164.78 166.00 167.19 168.25 169.44 170.59 171.81 173.00 174.50 175.88 177.03 178.12 179.22 179.94 180.62 181.50 182.66 183.84 185.16 186.56 188.09 189.53 190.91 192.41 193.53 194.62 196.66 198.41 200.00 201.47 202.81 203.97 204.91 205.72 206.44 207.31 208.06 208.78 209.34 209.66 210.19 211.47 213.84 214.62 215.03 215.59
131.22 132.00 132.88 133.97 135.28 137.66 138.78 139.84 140.56 141.59 142.94 144.34 145.88 147.72 149.59 151.34 153.03 154.59 156.00 157.31 158.38 159.41 160.66 161.94 163.06 164.34 165.62 166.81 168.03 169.06 170.12 171.31 172.72 174.19 175.41 176.56 177.75 178.94 179.94 181.00 182.19 183.19 183.84 185.06 186.41 187.72 189.19 190.75 192.09 193.47 194.66 196.47 198.19 199.59 201.19 202.53 203.62 204.44 205.16 205.88 206.72 207.50 208.25 208.81 208.97 209.41 210.47 212.56 213.84 214.44 214.81
131.22 131.91 132.75 133.94 135.38 137.31 138.50 139.72 140.47 141.50 142.75 143.97 145.06 146.53 148.31 150.12 151.88 153.44 154.78 156.00 157.09 158.34 159.78 161.19 162.50 163.78 165.19 166.56 167.81 168.88 169.97 171.12 172.34 173.59 174.78 175.97 177.34 178.72 180.03 181.62 183.03 183.72 184.28 185.22 186.56 187.56 188.56 189.84 192.06 193.56 194.75 195.94 197.31 198.78 200.47 201.91 203.03 203.94 204.69 205.38 206.22 207.03 207.69 208.25 208.72 208.97 210.22 211.56 212.72 213.47 214.22
131.38 132.00 132.91 134.03 135.44 137.06 138.31 139.38 140.31 141.50 142.78 143.81 144.81 145.91 147.28 148.94 150.50 152.09 153.50 154.81 156.09 157.50 158.94 160.41 161.72 163.16 164.53 165.97 167.19 168.31 169.59 170.78 171.88 173.03 174.19 175.28 176.75 178.47 179.97 181.75 183.28 184.25 185.03 185.84 186.78 187.78 188.62 189.66 191.94 193.47 194.75 195.69 196.78 198.53 200.31 201.75 202.75 203.56 204.34 205.06 205.84 206.66 207.38 207.97 208.53 209.03 209.88 211.16 212.38 213.12 214.03
131.75 132.34 133.12 134.50 135.97 137.16 138.03 138.94 140.06 141.34 142.69 143.88 144.88 146.00 147.19 148.44 149.78 151.12 152.53 153.88 155.25 156.66 158.12 159.53 160.94 162.41 163.84 165.16 166.34 167.66 168.94 170.09 171.25 172.38 173.56 174.59 176.12 178.09 179.81 181.59 183.22 184.44 185.31 186.22 187.16 188.19 189.00 189.91 191.44 193.06 194.66 195.88 196.81 198.47 200.38 201.50 202.38 203.22 203.97 204.75 205.59 206.34 207.00 207.72 208.38 208.81 209.72 210.84 212.16 212.88 213.72
131.84 132.78 133.94 135.09 136.25 137.12 137.84 138.69 139.75 141.22 142.66 143.84 145.12 146.28 147.47 148.62 149.84 151.12 152.38 153.59 154.88 156.22 157.53 158.84 160.22 161.66 163.06 164.41 165.72 167.06 168.28 169.44 170.56 171.75 173.00 174.22 175.66 177.41 179.75 181.88 183.28 184.69 185.69 186.41 187.41 188.66 189.56 190.47 191.72 193.25 194.81 196.00 196.97 197.81 199.84 201.09 202.03 202.84 203.62 204.44 205.28 206.00 206.69 207.47 208.19 208.75 209.59 210.62 211.78 212.19 212.94
132.28 133.12 134.25 135.25 136.09 136.97 137.88 138.84 139.81 140.97 142.22 143.81 145.34 146.69 147.84 148.97 150.16 151.38 152.59 153.81 155.03 156.28 157.44 158.56 159.78 161.06 162.34 163.72 165.06 166.53 167.78 168.97 170.19 171.53 172.78 174.00 175.12 177.00 180.59 182.06 183.56 185.19 186.16 186.88 187.81 188.94 189.97 191.06 192.09 193.34 194.69 196.00 197.03 198.25 199.44 200.72 201.66 202.47 203.28 204.16 204.97 205.69 206.53 207.34 208.00 208.66 209.38 210.34 210.84 211.50 212.44
132.84 133.78 134.69 135.72 136.53 137.31 138.22 139.25 140.34 141.31 142.59 144.00 145.72 147.03 148.16 149.31 150.50 151.69 152.88 154.06 155.22 156.38 157.44 158.59 159.72 160.97 162.25 163.56 165.06 166.41 167.56 168.91 170.22 171.41 172.56 173.62 174.75 177.50 181.53 182.22 183.62 185.00 185.97 186.97 188.09 189.22 190.22 191.19 192.22 193.31 194.53 195.88 197.19 198.38 199.44 200.44 201.25 202.09 203.00 203.84 204.66 205.44 206.28 207.03 207.78 208.59 209.19 209.75 210.56 211.34 212.50
133.41 134.28 135.31 136.22 137.16 138.00 138.91 139.81 140.81 141.75 142.91 144.41 146.06 147.38 148.56 149.72 150.88 152.00 153.12 154.25 155.34 156.44 157.56 158.69 159.88 161.28 162.59 163.91 165.25 166.44 167.72 168.94 170.19 171.34 172.41 173.41 175.41 177.91 180.72 182.56 183.41 184.72 185.84 186.97 188.12 189.22 190.25 191.19 192.16 193.25 194.47 195.75 197.03 198.12 199.19 200.06 200.94 201.81 202.72 203.56 204.38 205.12 205.94 206.75 207.59 208.50 209.53 210.12 210.81 211.50 212.28
134.06 134.94 135.91 136.84 137.78 138.72 139.62 140.53 141.44 142.38 143.50 144.94 146.41 147.78 149.00 150.12 151.25 152.34 153.41 154.53 155.62 156.66 157.84 159.00 160.22 161.50 162.84 164.12 165.38 166.59 167.81 169.09 170.19 171.31 172.25 173.34 175.81 178.19 181.44 182.44 183.31 184.56 185.81 186.91 187.94 189.03 190.03 190.97 191.91 192.97 194.41 195.66 196.84 197.91 198.88 199.75 200.66 201.53 202.38 203.22 204.09 204.94 205.78 206.56 207.44 208.66 209.84 210.88 211.84 212.47 212.75
134.53 135.50 136.53 137.56 138.53 139.50 140.44 141.34 142.28 143.19 144.34 145.62 146.88 148.22 149.47 150.56 151.66 152.72 153.75 154.78 155.84 156.91 158.12 159.31 160.53 161.75 163.06 164.28 165.56 166.84 168.03 169.16 170.19 171.19 172.16 173.31 175.78 178.50 180.53 182.75 183.25 184.50 185.81 186.72 187.56 188.69 189.66 190.62 191.50 192.66 194.03 195.38 196.50 197.59 198.62 199.47 200.34 201.22 202.09 203.03 203.88 204.75 205.53 206.41 207.25 208.69 210.12 211.28 212.22 212.97 213.59
135.03 136.03 137.09 138.06 139.22 140.22 141.22 142.16 143.06 144.06 145.19 146.38 147.59 148.78 149.94 151.00 152.03 153.12 154.12 155.12 156.12 157.19 158.41 159.53 160.81 162.03 163.25 164.50 165.78 167.03 168.19 169.16 170.22 171.19 172.34 173.66 175.78 178.56 181.03 183.06 183.56 184.53 185.81 186.66 187.50 188.34 189.31 190.25 191.12 192.22 193.66 195.12 196.22 197.25 198.12 199.06 199.94 200.88 201.94 202.88 203.75 204.53 205.34 206.41 207.72 209.16 210.31 211.44 212.41 213.28 214.06
135.56 136.53 137.56 138.69 139.94 140.97 141.94 142.81 143.78 144.88 146.00 147.19 148.25 149.34 150.41 151.41 152.44 153.47 154.50 155.53 156.53 157.62 158.72 159.84 161.09 162.25 163.41 164.75 166.00 167.22 168.31 169.28 170.19 171.34 172.75 174.03 175.78 178.31 179.97 182.78 183.75 184.34 185.53 186.41 187.41 188.31 189.19 190.06 190.94 191.88 193.09 194.75 195.91 196.91 197.75 198.62 199.62 200.59 201.75 202.84 203.72 204.62 205.84 206.84 208.12 209.16 210.19 211.19 212.16 213.22 214.19
136.09 137.06 138.09 139.25 140.31 141.66 142.69 143.56 144.53 145.62 146.78 147.78 148.81 149.84 150.81 151.75 152.78 153.81 154.88 155.94 156.91 157.94 159.03 160.19 161.31 162.41 163.53 164.81 166.09 167.34 168.50 169.59 170.41 171.50 172.97 174.09 175.88 178.25 179.84 181.38 183.25 184.06 185.34 186.19 187.25 188.28 189.16 190.00 190.84 191.97 193.12 194.34 195.28 196.34 197.34 198.25 199.41 200.62 201.84 203.12 204.44 205.53 206.44 207.25 208.12 209.03 209.84 210.59 211.41 212.97 213.97
136.34 137.41 138.53 139.59 140.72 141.91 143.03 143.97 145.06 146.22 147.22 148.25 149.22 150.16 151.06 152.09 153.12 154.16 155.22 156.22 157.59 159.03 160.06 160.75 161.69 162.78 163.88 165.12 166.31 167.53 168.72 169.81 170.78 171.69 172.88 174.00 175.62 177.81 179.44 180.91 182.38 183.62 184.91 185.97 187.06 188.22 189.09 189.94 190.84 192.03 193.12 194.00 195.12 196.25 197.16 197.94 199.44 201.03 202.47 203.69 204.78 205.75 206.56 207.25 207.94 208.69 209.47 209.56 209.50 212.34 213.50
136.62 137.72 138.84 139.94 141.06 142.12 143.19 144.31 145.50 146.59 147.66 148.62 149.59 150.53 151.53 152.56 153.59 154.59 155.66 156.78 158.34 159.78 160.72 161.12 161.78 162.88 164.25 165.50 166.66 167.97 168.97 170.09 171.03 172.31 173.28 174.38 176.06 177.59 179.06 180.44 181.84 183.19 184.28 185.50 186.66 187.88 188.94 189.81 190.72 191.84 193.00 193.69 195.25 196.47 197.44 197.91 199.91 201.41 202.75 203.94 204.94 205.75 206.38 206.94 207.50 208.44 209.19 209.03 209.09 211.34 212.72
137.12 138.12 139.16 140.16 141.22 142.31 143.47 144.75 145.91 147.00 148.03 148.97 149.94 150.94 151.97 153.06 154.06 155.09 156.12 157.12 158.81 160.31 161.06 161.16 161.88 163.09 164.31 165.59 166.88 168.22 169.12 170.28 171.06 172.41 173.31 174.28 175.59 177.28 178.84 180.09 181.34 182.81 184.38 185.41 186.72 187.66 188.81 189.69 190.44 191.81 193.34 194.41 195.78 196.81 197.84 198.38 200.06 201.50 202.78 203.78 204.66 205.34 205.94 206.28 206.62 207.47 208.53 208.97 209.28 209.84 212.06
