everonasctiles/Tile[15,17].asc
ncols 128
nrows 128
xllcorner 0
yllcorner 0
cellsize 2.0
NODATA_value  -9999
[rows 0 to 31 of 128, columns 0 to 70 of 128]
148.12 147.97 147.81 147.66 147.53 147.41 147.28 147.19 147.09 146.94 146.84 146.69 146.62 146.50 146.34 146.22 146.06 145.88 145.75 145.56 145.34 145.22 145.06 144.91 144.78 144.53 144.47 144.34 144.22 144.16 144.06 143.94 143.91 143.88 143.81 143.78 143.75 143.66 143.62 143.53 143.50 143.34 143.25 143.12 142.97 142.78 142.59 142.41 142.19 141.97 141.75 141.53 141.28 141.06 140.81 140.53 140.25 139.97 139.66 139.34 139.03 138.69 138.38 138.06 137.69 137.41 137.09 136.84 136.56 136.28 136.03
148.38 148.22 148.09 147.91 147.75 147.69 147.59 147.44 147.38 147.22 147.06 147.00 146.91 146.75 146.62 146.47 146.28 146.16 145.97 145.78 145.62 145.41 145.28 145.16 144.97 144.72 144.72 144.53 144.47 144.34 144.22 144.19 144.06 144.03 144.00 143.91 143.91 143.84 143.75 143.69 143.62 143.53 143.44 143.31 143.12 142.94 142.75 142.53 142.31 142.09 141.88 141.66 141.41 141.19 140.94 140.66 140.38 140.09 139.78 139.47 139.16 138.84 138.50 138.16 137.84 137.56 137.28 137.00 136.72 136.44 136.19
148.62 148.47 148.34 148.19 148.06 147.97 147.81 147.72 147.66 147.47 147.38 147.28 147.19 147.00 146.91 146.75 146.56 146.41 146.22 146.03 145.84 145.69 145.56 145.34 145.12 145.06 144.91 144.78 144.69 144.56 144.47 144.38 144.31 144.19 144.19 144.12 144.06 143.97 143.91 143.88 143.81 143.75 143.62 143.50 143.31 143.12 142.94 142.72 142.47 142.25 142.03 141.78 141.53 141.31 141.06 140.78 140.50 140.22 139.91 139.59 139.28 138.97 138.66 138.34 138.03 137.75 137.44 137.19 136.91 136.66 136.41
148.84 148.75 148.56 148.47 148.31 148.25 148.09 148.00 147.91 147.78 147.69 147.56 147.44 147.31 147.16 147.00 146.84 146.66 146.47 146.28 146.09 145.97 145.81 145.56 145.34 145.28 145.19 145.00 144.91 144.75 144.69 144.59 144.47 144.41 144.38 144.31 144.25 144.19 144.12 144.09 144.03 143.97 143.84 143.69 143.53 143.31 143.09 142.88 142.62 142.41 142.16 141.88 141.69 141.44 141.19 140.91 140.62 140.34 140.06 139.75 139.44 139.09 138.78 138.50 138.19 137.88 137.62 137.34 137.09 136.88 136.62
149.12 149.00 148.84 148.72 148.59 148.50 148.38 148.28 148.19 148.09 147.94 147.88 147.69 147.59 147.44 147.25 147.12 146.88 146.78 146.47 146.41 146.25 146.00 145.78 145.75 145.56 145.44 145.28 145.16 145.00 144.91 144.78 144.72 144.66 144.59 144.53 144.47 144.41 144.34 144.31 144.25 144.19 144.06 143.91 143.72 143.50 143.28 143.03 142.75 142.50 142.28 142.06 141.81 141.56 141.31 141.03 140.75 140.47 140.19 139.88 139.56 139.25 138.94 138.66 138.34 138.06 137.84 137.56 137.31 137.06 136.75
149.38 149.25 149.09 149.00 148.84 148.78 148.66 148.53 148.47 148.34 148.22 148.16 147.97 147.88 147.69 147.56 147.31 147.22 146.94 146.81 146.69 146.47 146.28 146.09 145.97 145.84 145.69 145.56 145.41 145.28 145.16 145.06 144.97 144.88 144.78 144.75 144.66 144.66 144.62 144.56 144.50 144.41 144.28 144.12 143.91 143.66 143.44 143.16 142.91 142.69 142.44 142.16 141.91 141.69 141.44 141.16 140.84 140.56 140.31 140.00 139.72 139.38 139.09 138.78 138.53 138.28 137.97 137.78 137.50 137.19 137.03
149.62 149.50 149.41 149.28 149.16 149.06 148.94 148.84 148.78 148.62 148.53 148.38 148.28 148.16 147.97 147.81 147.62 147.50 147.22 147.16 146.97 146.72 146.59 146.38 146.28 146.12 145.97 145.84 145.66 145.56 145.44 145.28 145.22 145.12 145.00 144.97 144.94 144.88 144.84 144.78 144.72 144.62 144.47 144.28 144.06 143.81 143.59 143.31 143.06 142.81 142.53 142.28 142.03 141.78 141.53 141.25 141.00 140.75 140.44 140.16 139.84 139.56 139.25 138.97 138.72 138.44 138.19 137.97 137.62 137.47 137.25
149.88 149.75 149.69 149.50 149.44 149.38 149.19 149.12 149.03 148.91 148.78 148.69 148.56 148.41 148.28 148.12 147.88 147.75 147.50 147.44 147.19 147.03 146.84 146.75 146.53 146.41 146.22 146.09 145.97 145.84 145.72 145.56 145.47 145.38 145.28 145.19 145.16 145.12 145.06 145.00 144.91 144.81 144.62 144.44 144.22 143.97 143.72 143.44 143.19 142.91 142.66 142.41 142.12 141.91 141.66 141.41 141.12 140.88 140.56 140.31 140.00 139.62 139.41 139.16 138.91 138.66 138.38 138.06 137.94 137.72 137.44
150.16 150.00 149.94 149.81 149.72 149.62 149.47 149.44 149.34 149.19 149.06 148.97 148.84 148.69 148.56 148.38 148.19 148.00 147.88 147.69 147.53 147.28 147.22 147.00 146.88 146.72 146.53 146.38 146.22 146.12 146.00 145.88 145.75 145.66 145.56 145.44 145.41 145.34 145.28 145.22 145.09 144.97 144.78 144.56 144.31 144.09 143.84 143.53 143.28 143.00 142.75 142.50 142.25 142.00 141.75 141.50 141.25 141.00 140.72 140.44 140.12 139.91 139.59 139.38 139.09 138.81 138.59 138.38 138.19 137.94 137.53
150.38 150.28 150.22 150.09 150.00 149.84 149.78 149.72 149.62 149.47 149.34 149.25 149.09 148.97 148.81 148.66 148.47 148.31 148.19 147.94 147.81 147.66 147.44 147.34 147.19 147.03 146.84 146.72 146.56 146.41 146.25 146.16 146.03 145.91 145.81 145.72 145.66 145.56 145.50 145.41 145.28 145.12 144.91 144.69 144.47 144.22 143.94 143.66 143.38 143.09 142.81 142.56 142.31 142.09 141.84 141.62 141.38 141.12 140.81 140.53 140.31 140.03 139.81 139.53 139.19 139.06 138.81 138.59 138.38 138.00 137.81
150.66 150.56 150.44 150.31 150.25 150.16 150.09 150.00 149.84 149.75 149.66 149.50 149.41 149.19 149.12 148.91 148.75 148.66 148.44 148.28 148.16 147.88 147.81 147.66 147.47 147.31 147.12 147.00 146.88 146.72 146.59 146.44 146.31 146.19 146.09 146.00 145.91 145.81 145.72 145.59 145.47 145.31 145.06 144.81 144.59 144.31 144.03 143.75 143.47 143.19 142.91 142.66 142.41 142.16 141.94 141.72 141.44 141.19 140.97 140.75 140.50 140.25 139.97 139.62 139.47 139.25 139.03 138.81 138.50 138.22 138.09
150.88 150.78 150.66 150.66 150.53 150.44 150.34 150.28 150.16 150.06 149.94 149.78 149.66 149.50 149.38 149.19 149.09 148.91 148.75 148.59 148.38 148.25 148.12 147.94 147.75 147.59 147.44 147.31 147.19 147.03 146.88 146.75 146.62 146.50 146.38 146.28 146.16 146.06 145.94 145.81 145.66 145.47 145.22 144.94 144.69 144.41 144.09 143.81 143.53 143.25 142.97 142.72 142.47 142.25 142.03 141.78 141.53 141.34 141.12 140.88 140.66 140.31 140.06 139.88 139.69 139.50 139.25 139.00 138.59 138.56 138.34
151.09 151.03 150.94 150.88 150.78 150.72 150.59 150.53 150.44 150.31 150.22 150.06 149.97 149.72 149.69 149.47 149.34 149.19 149.03 148.84 148.75 148.59 148.44 148.25 148.09 147.91 147.78 147.62 147.44 147.34 147.19 147.06 146.91 146.78 146.66 146.50 146.44 146.31 146.19 146.00 145.84 145.59 145.34 145.03 144.75 144.44 144.16 143.88 143.56 143.31 143.03 142.75 142.53 142.28 142.06 141.88 141.66 141.47 141.25 140.94 140.66 140.53 140.31 140.06 139.91 139.62 139.34 139.06 138.94 138.81 138.53
151.34 151.28 151.19 151.16 151.00 150.97 150.88 150.81 150.66 150.59 150.44 150.38 150.22 150.00 149.94 149.75 149.69 149.53 149.28 149.19 149.06 148.88 148.72 148.56 148.41 148.25 148.09 147.94 147.78 147.62 147.50 147.31 147.22 147.06 146.91 146.81 146.69 146.56 146.41 146.22 146.00 145.72 145.44 145.09 144.78 144.50 144.19 143.91 143.59 143.31 143.06 142.81 142.59 142.41 142.19 141.94 141.78 141.53 141.28 141.09 140.94 140.69 140.47 140.31 140.00 139.78 139.50 139.34 139.22 139.03 138.75
151.59 151.50 151.44 151.38 151.25 151.22 151.16 151.03 150.94 150.88 150.75 150.59 150.44 150.31 150.22 150.09 150.00 149.75 149.62 149.50 149.34 149.19 149.03 148.88 148.72 148.56 148.41 148.25 148.09 147.94 147.75 147.66 147.50 147.38 147.19 147.09 146.94 146.78 146.59 146.38 146.12 145.84 145.53 145.19 144.84 144.53 144.22 143.91 143.66 143.41 143.16 142.91 142.66 142.44 142.22 142.06 141.81 141.62 141.47 141.22 141.06 140.84 140.59 140.47 140.16 139.91 139.75 139.69 139.47 139.16 138.75
151.81 151.75 151.69 151.66 151.53 151.47 151.41 151.28 151.22 151.12 151.03 150.78 150.78 150.62 150.50 150.41 150.19 150.09 149.94 149.81 149.66 149.50 149.34 149.19 149.03 148.84 148.69 148.53 148.38 148.22 148.09 147.94 147.78 147.66 147.50 147.34 147.19 147.00 146.78 146.56 146.25 145.94 145.62 145.28 144.91 144.56 144.25 143.97 143.72 143.44 143.22 142.97 142.75 142.50 142.31 142.12 141.88 141.72 141.53 141.38 141.16 140.94 140.81 140.47 140.28 140.12 140.06 139.84 139.50 139.22 139.19
152.03 151.97 151.91 151.88 151.81 151.72 151.66 151.53 151.47 151.38 151.25 151.09 151.06 150.91 150.81 150.72 150.44 150.38 150.25 150.09 149.94 149.78 149.62 149.47 149.28 149.16 149.00 148.84 148.69 148.53 148.38 148.22 148.06 147.91 147.78 147.59 147.44 147.22 146.97 146.72 146.41 146.06 145.72 145.38 145.00 144.66 144.34 144.03 143.75 143.53 143.25 143.06 142.84 142.62 142.34 142.19 142.00 141.81 141.69 141.44 141.34 141.19 140.78 140.69 140.56 140.41 140.19 139.84 139.75 139.59 139.44
152.25 152.19 152.16 152.09 152.00 151.97 151.88 151.81 151.72 151.66 151.47 151.38 151.34 151.19 151.09 150.94 150.78 150.69 150.53 150.41 150.25 150.09 149.94 149.78 149.62 149.44 149.28 149.12 148.97 148.81 148.66 148.50 148.34 148.19 148.00 147.84 147.62 147.41 147.16 146.88 146.50 146.19 145.84 145.47 145.09 144.75 144.41 144.09 143.81 143.59 143.31 143.09 142.84 142.69 142.50 142.31 142.09 141.97 141.72 141.62 141.47 141.09 140.97 140.94 140.69 140.56 140.19 140.22 140.03 139.81 139.69
152.47 152.41 152.38 152.31 152.25 152.16 152.12 152.06 151.97 151.88 151.75 151.66 151.59 151.50 151.34 151.16 151.12 150.97 150.84 150.69 150.53 150.38 150.22 150.03 149.91 149.75 149.56 149.41 149.25 149.09 148.91 148.75 148.59 148.41 148.25 148.03 147.81 147.59 147.31 147.00 146.69 146.31 145.97 145.59 145.22 144.81 144.50 144.19 143.94 143.66 143.41 143.19 142.97 142.75 142.59 142.38 142.22 142.03 141.84 141.72 141.38 141.25 141.28 141.09 140.84 140.59 140.56 140.41 140.16 140.06 139.84
152.69 152.66 152.59 152.50 152.47 152.41 152.34 152.28 152.22 151.97 152.09 151.94 151.91 151.69 151.53 151.53 151.41 151.25 151.12 150.97 150.81 150.66 150.50 150.34 150.19 150.03 149.84 149.69 149.53 149.34 149.19 149.00 148.81 148.62 148.41 148.22 147.97 147.72 147.44 147.12 146.78 146.44 146.06 145.69 145.31 144.91 144.59 144.31 144.00 143.78 143.53 143.31 143.09 142.88 142.66 142.50 142.31 142.09 141.88 141.72 141.50 141.56 141.34 141.06 141.06 140.88 140.78 140.59 140.41 140.31 140.09
152.91 152.81 152.81 152.72 152.66 152.62 152.59 152.53 152.41 152.28 152.28 152.22 152.09 151.97 151.88 151.78 151.69 151.53 151.41 151.25 151.09 150.94 150.78 150.62 150.47 150.28 150.12 149.94 149.78 149.59 149.41 149.25 149.03 148.84 148.62 148.41 148.12 147.88 147.56 147.22 146.84 146.53 146.19 145.81 145.41 145.03 144.72 144.41 144.12 143.84 143.62 143.41 143.19 143.00 142.81 142.59 142.31 142.19 142.06 141.88 141.72 141.62 141.34 141.41 141.22 141.03 140.97 140.78 140.59 140.50 140.34
153.09 153.03 153.00 152.94 152.91 152.81 152.78 152.72 152.62 152.53 152.56 152.34 152.31 152.31 152.09 152.06 151.94 151.81 151.66 151.53 151.38 151.22 151.06 150.88 150.72 150.56 150.38 150.22 150.00 149.84 149.66 149.44 149.25 149.03 148.78 148.50 148.22 147.94 147.66 147.31 146.97 146.62 146.25 145.84 145.50 145.12 144.81 144.50 144.25 144.00 143.75 143.50 143.31 143.03 142.88 142.66 142.47 142.38 142.25 142.06 141.91 141.72 141.62 141.56 141.31 141.31 141.09 140.94 140.84 140.75 140.53
153.28 153.19 153.19 153.16 153.06 153.06 153.00 152.91 152.84 152.84 152.72 152.62 152.56 152.53 152.41 152.31 152.19 152.06 151.94 151.78 151.62 151.47 151.28 151.16 150.97 150.81 150.62 150.44 150.25 150.06 149.88 149.66 149.44 149.19 148.91 148.62 148.38 148.06 147.72 147.34 147.03 146.69 146.31 145.94 145.62 145.25 144.97 144.66 144.34 144.12 143.84 143.59 143.31 143.19 142.97 142.78 142.59 142.53 142.28 142.12 142.00 141.88 141.81 141.59 141.59 141.41 141.25 141.16 141.09 140.94 140.78
153.41 153.38 153.38 153.28 153.25 153.22 153.19 153.06 153.09 153.03 152.88 152.81 152.88 152.75 152.66 152.56 152.44 152.31 152.19 152.03 151.88 151.72 151.56 151.41 151.22 151.03 150.84 150.69 150.47 150.28 150.06 149.84 149.59 149.31 149.06 148.78 148.47 148.09 147.75 147.44 147.09 146.75 146.38 146.06 145.72 145.38 145.03 144.75 144.47 144.19 143.97 143.72 143.56 143.31 143.09 142.88 142.78 142.59 142.41 142.25 142.16 142.06 141.91 141.84 141.66 141.56 141.41 141.41 141.25 141.12 141.00
153.59 153.56 153.50 153.50 153.44 153.41 153.38 153.25 153.31 153.09 153.12 153.09 153.09 152.97 152.88 152.78 152.66 152.53 152.41 152.25 152.12 151.97 151.78 151.62 151.44 151.25 151.06 150.88 150.69 150.47 150.25 149.97 149.72 149.50 149.22 148.91 148.56 148.22 147.88 147.53 147.16 146.84 146.50 146.16 145.84 145.53 145.19 144.91 144.62 144.34 144.12 143.88 143.59 143.44 143.16 143.03 142.81 142.62 142.56 142.47 142.31 142.19 142.06 142.00 141.75 141.72 141.62 141.59 141.44 141.34 141.22
153.78 153.75 153.69 153.66 153.62 153.56 153.50 153.50 153.34 153.38 153.31 153.28 153.28 153.19 153.09 153.00 152.88 152.75 152.62 152.47 152.34 152.16 152.00 151.84 151.66 151.47 151.25 151.09 150.88 150.66 150.38 150.19 149.91 149.62 149.34 149.00 148.69 148.31 147.97 147.62 147.28 146.94 146.59 146.28 145.94 145.59 145.31 145.03 144.69 144.47 144.12 143.97 143.78 143.47 143.31 143.16 143.03 142.94 142.75 142.62 142.47 142.38 142.22 142.12 141.94 141.91 141.81 141.75 141.62 141.53 141.47
153.94 153.88 153.84 153.81 153.75 153.72 153.66 153.69 153.47 153.53 153.41 153.53 153.47 153.38 153.28 153.19 153.06 152.94 152.81 152.69 152.53 152.38 152.19 152.03 151.84 151.66 151.47 151.25 151.00 150.78 150.59 150.31 150.06 149.75 149.44 149.12 148.78 148.44 148.06 147.72 147.38 147.03 146.69 146.38 146.06 145.75 145.41 145.09 144.88 144.62 144.38 144.16 143.81 143.69 143.50 143.34 143.25 143.03 142.94 142.75 142.62 142.53 142.34 142.28 142.12 142.06 142.03 141.91 141.81 141.75 141.66
154.06 154.03 154.00 153.94 153.91 153.81 153.84 153.75 153.66 153.69 153.62 153.62 153.62 153.56 153.44 153.34 153.25 153.12 153.00 152.88 152.72 152.56 152.38 152.22 152.03 151.84 151.62 151.41 151.22 150.97 150.72 150.47 150.16 149.88 149.56 149.22 148.88 148.53 148.16 147.81 147.47 147.12 146.78 146.47 146.16 145.84 145.50 145.28 145.03 144.75 144.47 144.25 144.03 143.84 143.69 143.59 143.38 143.25 143.09 142.94 142.81 142.66 142.50 142.41 142.31 142.28 142.16 142.12 142.00 141.94 141.88
154.19 154.16 154.12 154.06 154.03 153.94 153.97 153.84 153.91 153.81 153.75 153.84 153.75 153.66 153.59 153.50 153.41 153.28 153.16 153.03 152.88 152.72 152.56 152.38 152.16 152.00 151.81 151.59 151.38 151.12 150.88 150.59 150.31 150.00 149.69 149.34 148.97 148.62 148.25 147.88 147.50 147.19 146.88 146.59 146.25 145.97 145.72 145.44 145.12 144.94 144.66 144.38 144.25 144.09 143.94 143.75 143.56 143.38 143.25 143.09 142.94 142.75 142.69 142.59 142.53 142.44 142.34 142.28 142.22 142.12 142.06
154.31 154.28 154.25 154.19 154.12 154.09 153.97 154.03 153.88 153.84 153.91 153.94 153.84 153.81 153.72 153.62 153.53 153.44 153.31 153.19 153.03 152.88 152.69 152.53 152.34 152.12 151.94 151.72 151.50 151.25 151.00 150.72 150.41 150.06 149.75 149.41 149.03 148.62 148.31 147.94 147.62 147.31 147.03 146.69 146.47 146.09 145.81 145.62 145.38 145.06 144.81 144.56 144.50 144.34 144.12 143.88 143.75 143.59 143.41 143.25 143.09 143.00 142.88 142.81 142.72 142.62 142.50 142.47 142.41 142.31 142.25
154.44 154.41 154.34 154.28 154.25 154.22 154.09 154.06 153.97 153.91 154.06 154.00 153.97 153.91 153.84 153.75 153.66 153.56 153.44 153.31 153.16 153.00 152.84 152.66 152.47 152.28 152.09 151.88 151.66 151.41 151.12 150.84 150.53 150.19 149.84 149.47 149.06 148.69 148.34 148.00 147.72 147.41 147.09 146.88 146.44 146.28 146.06 145.84 145.50 145.28 145.00 144.88 144.75 144.53 144.25 144.12 143.91 143.78 143.59 143.44 143.28 143.19 143.06 143.00 142.91 142.78 142.72 142.66 142.59 142.50 142.44
154.56 154.50 154.47 154.41 154.34 154.31 154.09 154.16 154.03 154.00 154.12 154.09 154.06 154.03 153.94 153.88 153.78 153.66 153.56 153.41 153.28 153.09 152.94 152.78 152.56 152.41 152.22 152.00 151.78 151.50 151.25 150.94 150.62 150.28 149.91 149.53 149.12 148.72 148.34 148.09 147.75 147.53 147.25 146.84 146.69 146.50 146.28 145.84 145.78 145.41 145.28 145.19 144.91 144.69 144.53 144.28 144.12 143.94 143.75 143.66 143.44 143.44 143.28 143.19 143.12 143.03 142.94 142.88 142.78 142.69 142.59
