everonasctiles/Tile[25,8].asc
ncols 128
nrows 128
xllcorner 0
yllcorner 0
cellsize 2.0
NODATA_value  -9999
[rows 70 to 104 of 128, columns 0 to 77 of 128]
-12.91 -12.88 -12.81 -12.75 -12.69 -12.62 -12.53 -12.47 -12.38 -12.28 -12.19 -12.09 -12.00 -11.91 -11.81 -11.69 -11.62 -11.53 -11.44 -11.34 -11.22 -11.06 -10.91 -10.75 -10.56 -10.38 -10.19 -9.94 -9.72 -9.47 -9.22 -8.97 -8.69 -8.41 -8.12 -7.81 -7.53 -7.22 -6.88 -6.56 -6.22 -5.88 -5.50 -5.12 -4.75 -4.34 -3.94 -3.53 -3.09 -2.66 -2.19 -1.75 -1.41 -1.12 -0.88 -0.59 -0.28 0.22 1.00 1.88 2.56 3.75 4.25 4.41 4.41 4.41 4.41 4.41 4.41 4.53 4.81 5.19 5.16 4.88 5.06 5.06 4.97 4.94
-12.59 -12.56 -12.50 -12.41 -12.34 -12.28 -12.19 -12.12 -12.03 -11.94 -11.81 -11.72 -11.59 -11.50 -11.38 -11.25 -11.16 -11.06 -10.97 -10.84 -10.72 -10.56 -10.41 -10.25 -10.06 -9.88 -9.66 -9.44 -9.22 -8.97 -8.72 -8.47 -8.19 -7.94 -7.66 -7.34 -7.06 -6.75 -6.44 -6.12 -5.78 -5.44 -5.09 -4.72 -4.34 -3.97 -3.56 -3.16 -2.72 -2.28 -1.81 -1.38 -1.06 -0.78 -0.50 -0.22 0.06 0.53 1.38 2.50 3.12 3.69 4.22 4.41 4.41 4.41 4.41 4.41 4.47 4.66 5.03 5.34 4.94 5.28 5.44 5.41 5.31 5.22
-12.31 -12.25 -12.19 -12.09 -12.03 -11.94 -11.84 -11.75 -11.66 -11.56 -11.44 -11.34 -11.22 -11.09 -10.97 -10.84 -10.72 -10.62 -10.50 -10.34 -10.19 -10.06 -9.91 -9.72 -9.53 -9.34 -9.16 -8.94 -8.69 -8.47 -8.22 -7.97 -7.72 -7.44 -7.16 -6.88 -6.59 -6.28 -5.97 -5.66 -5.34 -5.00 -4.66 -4.31 -3.94 -3.56 -3.19 -2.78 -2.34 -1.91 -1.44 -1.03 -0.72 -0.44 -0.16 0.12 0.41 0.75 1.53 3.28 3.56 4.00 4.34 4.41 4.41 4.41 4.41 4.44 4.56 4.81 5.22 5.50 5.41 5.72 5.75 5.62 5.53 5.56
-12.00 -11.94 -11.88 -11.78 -11.72 -11.62 -11.53 -11.44 -11.31 -11.22 -11.09 -10.97 -10.81 -10.66 -10.47 -10.28 -10.09 -10.00 -9.91 -9.81 -9.69 -9.53 -9.38 -9.22 -9.03 -8.81 -8.62 -8.41 -8.19 -7.94 -7.72 -7.47 -7.22 -6.94 -6.69 -6.41 -6.12 -5.81 -5.53 -5.22 -4.91 -4.56 -4.25 -3.91 -3.53 -3.19 -2.78 -2.41 -1.97 -1.53 -1.06 -0.69 -0.38 -0.06 0.22 0.50 0.78 1.19 1.94 3.28 3.84 4.28 4.44 4.41 4.41 4.41 4.44 4.50 4.62 4.97 5.31 5.50 5.75 6.00 5.94 5.81 5.69 5.78
-11.69 -11.62 -11.56 -11.47 -11.41 -11.31 -11.19 -11.09 -11.00 -10.88 -10.75 -10.59 -10.44 -10.22 -9.97 -9.62 -9.25 -9.00 -8.91 -9.00 -9.09 -9.03 -8.84 -8.69 -8.50 -8.31 -8.09 -7.88 -7.66 -7.44 -7.19 -6.97 -6.69 -6.44 -6.19 -5.91 -5.62 -5.34 -5.06 -4.75 -4.47 -4.12 -3.81 -3.47 -3.12 -2.78 -2.41 -2.00 -1.59 -1.16 -0.72 -0.28 0.03 0.34 0.62 0.91 1.25 1.78 2.56 3.28 3.94 4.34 4.44 4.41 4.41 4.03 4.06 4.06 4.34 4.88 5.19 5.59 6.03 6.19 6.09 5.88 5.91 6.12
-11.41 -11.34 -11.25 -11.19 -11.09 -11.00 -10.88 -10.78 -10.66 -10.53 -10.41 -10.25 -10.06 -9.84 -9.56 -9.22 -8.84 -8.56 -8.34 -8.28 -8.38 -8.44 -8.34 -8.16 -7.97 -7.78 -7.56 -7.38 -7.16 -6.91 -6.69 -6.44 -6.19 -5.94 -5.69 -5.41 -5.16 -4.88 -4.59 -4.31 -4.00 -3.69 -3.38 -3.06 -2.72 -2.38 -2.00 -1.62 -1.22 -0.78 -0.28 0.41 1.06 1.53 1.81 2.03 2.28 2.66 3.16 3.78 4.34 4.50 4.44 4.44 4.44 4.22 4.59 4.81 4.91 5.25 5.59 6.00 6.50 6.38 6.25 6.16 6.06 6.41
-11.12 -11.06 -10.97 -10.88 -10.78 -10.69 -10.59 -10.47 -10.34 -10.22 -10.06 -9.91 -9.72 -9.47 -9.19 -8.88 -8.59 -8.38 -8.22 -8.12 -8.12 -8.06 -7.88 -7.66 -7.44 -7.25 -7.06 -6.84 -6.62 -6.41 -6.16 -5.94 -5.69 -5.44 -5.19 -4.94 -4.66 -4.41 -4.12 -3.84 -3.56 -3.25 -2.94 -2.62 -2.31 -1.97 -1.62 -1.25 -0.84 -0.38 0.47 1.53 2.38 3.00 3.47 3.75 3.91 4.09 4.41 5.31 5.66 5.34 4.94 4.69 4.56 4.75 5.38 5.78 6.06 6.31 6.41 6.44 6.62 6.59 6.53 6.38 6.50 6.78
-10.84 -10.75 -10.69 -10.59 -10.50 -10.41 -10.28 -10.19 -10.06 -9.91 -9.78 -9.59 -9.38 -9.16 -8.88 -8.62 -8.38 -8.19 -8.06 -8.00 -7.97 -7.91 -7.62 -7.16 -6.91 -6.72 -6.53 -6.31 -6.09 -5.88 -5.62 -5.41 -5.16 -4.94 -4.69 -4.44 -4.16 -3.91 -3.66 -3.38 -3.09 -2.81 -2.50 -2.19 -1.88 -1.56 -1.22 -0.84 -0.47 0.16 1.41 2.62 3.75 4.66 5.12 5.38 5.59 5.88 6.38 7.03 7.22 6.78 6.16 5.50 5.34 5.94 6.62 7.28 7.59 7.59 7.44 6.88 6.88 6.91 6.91 6.88 6.94 7.16
-10.56 -10.50 -10.41 -10.31 -10.22 -10.12 -10.00 -9.91 -9.78 -9.62 -9.47 -9.28 -9.06 -8.81 -8.50 -8.19 -7.91 -7.69 -7.56 -7.50 -7.47 -7.47 -7.31 -6.81 -6.34 -6.16 -6.00 -5.78 -5.56 -5.34 -5.09 -4.88 -4.66 -4.41 -4.16 -3.91 -3.66 -3.41 -3.16 -2.91 -2.62 -2.34 -2.06 -1.78 -1.47 -1.16 -0.81 -0.47 -0.09 0.72 2.22 3.69 5.06 6.19 6.53 6.72 7.03 7.47 8.16 8.78 8.88 8.44 7.88 7.44 7.12 7.28 8.00 8.81 9.03 8.81 8.53 7.81 7.47 7.38 7.41 7.41 7.56 7.75
-10.28 -10.22 -10.12 -10.03 -9.94 -9.84 -9.75 -9.62 -9.50 -9.34 -9.19 -9.00 -8.69 -8.22 -7.78 -7.44 -7.19 -7.00 -6.84 -6.78 -6.72 -6.75 -6.75 -6.44 -5.88 -5.59 -5.44 -5.25 -5.03 -4.81 -4.56 -4.34 -4.12 -3.88 -3.66 -3.41 -3.16 -2.91 -2.66 -2.41 -2.16 -1.88 -1.59 -1.31 -1.03 -0.72 -0.41 -0.06 0.41 1.41 3.03 4.62 6.03 7.00 7.72 7.88 8.09 8.53 9.41 10.38 10.62 10.47 10.12 9.44 8.97 8.88 9.56 10.31 10.50 10.00 9.47 8.66 7.97 7.94 8.09 8.12 8.22 8.25
-10.03 -9.97 -9.88 -9.78 -9.69 -9.59 -9.50 -9.38 -9.22 -9.06 -8.81 -8.41 -7.84 -7.41 -7.09 -6.84 -6.66 -6.50 -6.38 -6.25 -6.16 -6.09 -6.06 -5.94 -5.47 -5.12 -4.91 -4.69 -4.47 -4.25 -4.03 -3.81 -3.56 -3.34 -3.12 -2.88 -2.66 -2.41 -2.16 -1.91 -1.66 -1.41 -1.16 -0.88 -0.59 -0.25 0.12 0.56 1.16 2.22 3.72 5.25 6.56 7.53 8.31 8.69 8.78 9.09 9.91 10.81 11.28 11.38 11.25 10.78 10.47 10.34 10.91 11.62 11.38 10.69 10.09 9.19 8.59 8.56 8.75 8.66 8.69 8.75
-9.78 -9.69 -9.62 -9.53 -9.44 -9.34 -9.25 -9.06 -8.81 -8.44 -7.94 -7.44 -7.09 -6.84 -6.62 -6.47 -6.31 -6.16 -6.03 -5.91 -5.78 -5.69 -5.56 -5.41 -5.06 -4.69 -4.44 -4.19 -3.94 -3.69 -3.47 -3.25 -3.03 -2.81 -2.59 -2.34 -2.12 -1.91 -1.66 -1.41 -1.19 -0.94 -0.69 -0.41 -0.09 0.31 0.81 1.38 2.03 2.97 4.16 5.50 6.72 7.66 8.53 8.88 8.72 8.75 9.28 10.09 10.81 11.22 11.34 11.34 11.28 11.22 11.41 11.78 11.56 11.09 10.44 9.62 9.12 9.16 9.38 9.16 9.12 9.25
-9.53 -9.44 -9.38 -9.28 -9.19 -9.09 -8.81 -8.28 -7.69 -7.22 -6.91 -6.72 -6.62 -6.50 -6.34 -6.16 -6.00 -5.84 -5.72 -5.62 -5.50 -5.34 -5.19 -4.97 -4.66 -4.28 -3.97 -3.69 -3.38 -3.12 -2.91 -2.69 -2.47 -2.25 -2.03 -1.81 -1.59 -1.38 -1.12 -0.91 -0.69 -0.44 -0.19 0.09 0.50 1.06 1.75 2.34 2.91 3.56 4.38 5.66 7.00 7.41 8.22 8.72 8.66 8.66 8.97 9.50 10.09 10.56 10.88 11.03 11.16 11.12 11.34 11.47 11.50 11.06 10.69 10.22 9.62 9.59 9.69 9.66 9.59 9.66
-9.28 -9.19 -9.12 -9.03 -8.91 -8.44 -7.75 -7.19 -6.81 -6.56 -6.38 -6.22 -6.12 -6.06 -6.03 -5.94 -5.75 -5.59 -5.44 -5.31 -5.19 -5.03 -4.84 -4.59 -4.28 -3.88 -3.50 -3.16 -2.84 -2.56 -2.34 -2.12 -1.91 -1.69 -1.47 -1.25 -1.06 -0.84 -0.62 -0.38 -0.16 0.06 0.31 0.69 1.28 1.97 2.66 3.22 3.59 4.03 4.62 6.09 7.06 7.62 7.69 8.47 8.59 8.62 9.03 9.19 9.41 9.69 10.09 10.56 10.72 10.81 10.88 10.94 11.06 11.06 10.91 10.72 10.34 9.72 9.97 9.94 9.84 10.34
-9.03 -8.94 -8.88 -8.75 -8.25 -7.53 -7.00 -6.69 -6.47 -6.25 -6.06 -5.91 -5.78 -5.69 -5.66 -5.62 -5.53 -5.34 -5.16 -5.00 -4.84 -4.69 -4.50 -4.25 -3.88 -3.44 -3.00 -2.62 -2.28 -1.97 -1.75 -1.56 -1.34 -1.12 -0.91 -0.69 -0.47 -0.25 0.00 0.22 0.44 0.72 1.03 1.53 2.19 2.84 3.31 3.72 3.97 4.25 5.25 6.28 6.91 7.28 7.16 7.84 8.38 8.78 9.06 9.28 9.28 9.25 9.66 10.12 10.38 10.44 10.41 10.44 10.91 11.25 11.41 11.25 10.62 9.94 10.22 10.34 10.47 10.69
-8.78 -8.69 -8.59 -8.22 -7.47 -6.91 -6.59 -6.38 -6.19 -6.00 -5.81 -5.66 -5.50 -5.38 -5.31 -5.31 -5.25 -5.09 -4.88 -4.69 -4.53 -4.34 -4.12 -3.84 -3.44 -2.94 -2.47 -2.06 -1.69 -1.38 -1.16 -0.97 -0.75 -0.53 -0.34 -0.12 0.16 0.44 0.72 0.97 1.28 1.59 1.97 2.41 2.94 3.34 3.59 3.81 4.00 4.38 5.38 6.09 6.69 7.22 6.94 7.62 8.41 8.88 9.22 9.47 9.38 9.44 9.59 9.81 9.97 10.16 10.28 10.59 10.97 11.50 11.66 11.50 10.66 10.44 10.41 10.66 10.97 11.41
-8.50 -8.44 -8.25 -7.59 -6.88 -6.50 -6.28 -6.09 -5.91 -5.72 -5.53 -5.34 -5.22 -5.06 -5.00 -4.97 -4.94 -4.81 -4.59 -4.34 -4.16 -3.97 -3.72 -3.41 -2.97 -2.41 -1.88 -1.44 -1.03 -0.78 -0.56 -0.34 -0.16 0.06 0.25 0.50 0.81 1.16 1.47 1.81 2.19 2.50 2.75 2.97 3.25 3.50 3.69 3.94 4.19 4.62 5.28 5.72 6.25 6.81 7.28 7.16 7.84 8.72 9.22 8.94 9.38 9.59 9.62 9.69 9.88 10.06 10.34 10.69 11.41 11.75 11.78 11.53 11.03 10.75 10.84 11.09 11.31 12.03
-8.25 -8.16 -7.81 -7.00 -6.41 -6.12 -5.94 -5.75 -5.56 -5.38 -5.22 -5.03 -4.88 -4.75 -4.66 -4.59 -4.59 -4.50 -4.25 -4.00 -3.78 -3.56 -3.31 -2.97 -2.41 -1.75 -1.19 -0.75 -0.38 -0.16 0.06 0.28 0.47 0.69 0.88 1.12 1.47 1.81 2.12 2.47 2.81 3.06 3.12 3.19 3.31 3.56 3.84 4.22 4.53 4.97 5.34 5.56 5.94 6.44 6.88 7.31 6.97 7.88 8.50 8.72 8.72 9.22 9.41 9.62 9.88 10.16 10.50 11.00 11.59 11.94 12.00 11.78 11.47 11.34 11.34 11.84 12.00 12.50
-7.97 -7.88 -7.41 -6.50 -5.97 -5.75 -5.59 -5.41 -5.22 -5.03 -4.88 -4.69 -4.53 -4.41 -4.28 -4.25 -4.22 -4.12 -3.88 -3.59 -3.38 -3.16 -2.88 -2.41 -1.62 -0.94 -0.44 0.00 0.28 0.50 0.72 0.94 1.12 1.31 1.50 1.75 2.06 2.38 2.69 2.94 3.16 3.28 3.34 3.44 3.56 3.81 4.22 4.56 4.88 5.28 5.62 5.78 6.03 6.28 6.78 7.09 7.28 6.94 7.62 8.22 8.69 8.81 9.22 9.53 9.81 10.31 10.69 11.12 11.72 12.22 12.34 12.34 12.09 12.12 12.25 12.44 12.94 13.59
-7.19 -7.22 -6.84 -6.03 -5.59 -5.38 -5.22 -5.03 -4.88 -4.69 -4.50 -4.34 -4.19 -4.03 -3.91 -3.84 -3.84 -3.75 -3.50 -3.19 -2.97 -2.75 -2.28 -1.47 -0.66 -0.09 0.38 0.75 1.00 1.22 1.41 1.62 1.81 2.00 2.19 2.38 2.62 2.91 3.16 3.34 3.50 3.62 3.75 3.91 4.12 4.41 4.69 4.91 5.16 5.56 5.97 6.16 6.28 6.53 6.84 7.03 7.44 7.28 7.06 7.78 8.53 9.00 9.34 9.53 9.88 10.44 10.75 11.44 12.09 12.56 12.72 12.81 12.84 12.75 12.94 13.06 13.75 14.25
-5.91 -6.03 -6.03 -5.59 -5.19 -5.00 -4.81 -4.66 -4.47 -4.31 -4.12 -3.94 -3.78 -3.62 -3.12 -2.72 -2.78 -3.12 -3.06 -2.81 -2.53 -2.00 -1.03 -0.22 0.38 0.88 1.28 1.53 1.75 1.97 2.19 2.38 2.56 2.75 2.94 3.12 3.28 3.50 3.72 3.88 4.03 4.19 4.38 4.56 4.81 5.06 5.22 5.34 5.59 5.94 6.34 6.66 6.84 7.00 7.19 7.44 7.62 7.81 7.59 7.66 8.50 9.16 9.69 9.97 10.03 10.50 11.12 11.59 12.28 12.84 13.22 13.34 13.38 13.28 13.66 13.88 14.31 14.75
-5.62 -5.84 -5.78 -5.31 -4.88 -4.62 -4.44 -4.28 -4.09 -3.94 -3.75 -3.56 -3.41 -2.91 -2.22 -1.91 -1.75 -2.03 -2.53 -2.25 -1.50 -0.31 0.56 1.12 1.59 1.94 2.22 2.41 2.59 2.75 2.97 3.19 3.38 3.56 3.72 3.91 4.06 4.22 4.38 4.56 4.72 4.88 5.09 5.31 5.53 5.66 5.69 5.78 6.00 6.34 6.72 7.09 7.34 7.50 7.62 7.75 8.00 8.16 8.34 8.09 8.69 9.19 9.81 10.09 10.56 10.69 11.38 11.91 12.62 13.12 13.47 13.78 13.94 13.88 14.34 14.62 14.69 15.25
-5.53 -5.69 -5.66 -5.28 -4.66 -4.28 -4.09 -3.91 -3.75 -3.56 -3.38 -3.22 -3.03 -2.41 -1.84 -1.44 -1.19 -1.34 -1.72 -0.84 0.41 1.25 1.88 2.41 2.81 3.06 3.22 3.34 3.44 3.59 3.81 4.03 4.22 4.41 4.56 4.72 4.88 5.00 5.16 5.31 5.47 5.66 5.88 6.06 6.16 6.16 6.19 6.28 6.50 6.81 7.19 7.56 7.84 8.00 8.06 8.22 8.41 8.56 8.88 9.06 8.78 9.62 9.84 10.41 10.66 11.34 11.56 12.34 12.88 13.41 13.72 14.09 14.38 14.41 14.97 15.25 15.47 15.97
-5.22 -5.41 -5.47 -5.31 -4.72 -4.12 -3.81 -3.59 -3.41 -2.91 -2.53 -2.31 -2.19 -2.06 -1.66 -1.12 -0.84 -1.03 -0.44 0.88 1.50 2.06 2.78 3.41 3.78 3.97 4.06 4.19 4.31 4.53 4.75 4.97 5.12 5.31 5.44 5.59 5.72 5.84 5.97 6.09 6.28 6.50 6.66 6.72 6.69 6.69 6.72 6.81 7.00 7.34 7.72 8.06 8.38 8.53 8.59 8.66 8.91 9.16 9.41 9.66 9.59 9.62 10.50 10.59 11.28 11.62 12.22 12.53 13.12 13.69 14.12 14.47 14.69 15.16 15.25 15.81 16.25 16.44
-4.72 -4.94 -5.12 -5.22 -4.97 -4.41 -3.91 -3.47 -2.88 -1.97 -1.41 -1.28 -1.12 -1.50 -1.72 -1.25 -0.91 -0.41 0.94 1.75 2.19 2.72 3.38 3.97 4.38 4.59 4.78 5.00 5.25 5.53 5.75 5.97 6.12 6.25 6.38 6.47 6.59 6.69 6.84 7.06 7.25 7.31 7.28 7.25 7.22 7.22 7.28 7.38 7.56 7.91 8.25 8.59 8.91 9.16 9.16 9.25 9.47 9.62 10.03 10.31 10.41 10.41 10.50 11.31 11.75 12.16 12.69 12.97 13.34 13.97 14.34 14.75 15.19 15.62 15.78 16.28 16.62 16.97
-4.22 -4.19 -4.31 -4.66 -5.47 -5.81 -5.31 -4.41 -2.94 -1.56 -0.94 -0.97 -0.62 -1.19 -0.84 0.12 0.56 1.34 2.09 2.47 2.88 3.34 3.88 4.41 4.84 5.22 5.56 5.94 6.31 6.59 6.84 7.00 7.16 7.25 7.34 7.44 7.59 7.75 7.94 8.03 8.00 7.91 7.84 7.78 7.75 7.75 7.81 7.94 8.16 8.50 8.84 9.19 9.53 9.81 9.84 9.97 9.97 10.28 10.62 10.91 11.09 11.25 11.12 11.47 12.25 12.66 13.09 13.47 13.94 14.22 14.62 15.03 15.41 15.81 16.19 16.34 16.88 17.25
-0.78 -0.59 0.22 0.94 0.19 -1.50 -3.53 -4.75 -4.09 -2.38 -1.38 -0.97 -0.34 0.62 1.75 2.31 2.47 2.69 3.00 3.34 3.78 4.25 4.75 5.25 5.75 6.22 6.69 7.12 7.50 7.81 8.06 8.25 8.38 8.47 8.59 8.72 8.84 8.91 8.84 8.72 8.59 8.47 8.38 8.31 8.28 8.28 8.38 8.53 8.78 9.12 9.47 9.84 10.19 10.50 10.66 10.62 10.75 11.00 11.16 11.47 11.62 11.75 11.88 11.94 12.56 13.16 13.47 13.81 14.34 14.72 14.91 15.19 15.53 15.94 16.41 16.84 17.06 17.38
3.25 2.97 2.84 2.84 2.94 3.00 3.03 2.94 2.75 2.09 1.78 1.75 1.97 2.34 2.97 3.19 3.38 3.62 3.97 4.44 4.97 5.59 6.22 6.81 7.34 7.94 8.53 9.09 9.53 9.88 10.09 10.19 10.19 10.12 10.03 9.97 9.84 9.72 9.53 9.34 9.19 9.03 8.91 8.81 8.78 8.81 8.91 9.09 9.41 9.75 10.16 10.53 10.88 11.22 11.34 11.34 11.53 11.78 11.97 12.06 12.28 12.41 12.56 12.59 12.84 13.47 13.91 14.44 14.78 15.06 15.31 15.56 15.81 16.22 16.75 17.06 17.44 17.75
4.09 3.69 3.44 3.44 3.53 3.66 3.84 4.03 4.22 4.41 4.59 4.75 4.81 4.81 4.69 4.53 4.47 4.56 4.81 5.31 5.94 6.75 7.59 8.12 8.47 9.34 10.34 11.22 11.78 12.00 11.94 11.72 11.47 11.22 11.00 10.78 10.62 10.44 10.22 10.00 9.78 9.56 9.44 9.31 9.28 9.31 9.44 9.66 10.03 10.44 10.88 11.28 11.66 12.00 12.03 12.09 12.28 12.66 12.84 13.09 13.22 13.28 13.31 13.50 13.50 13.75 14.34 14.78 15.12 15.44 15.69 15.97 16.28 16.66 16.97 17.38 17.81 18.19
4.97 4.50 4.16 4.09 4.19 4.34 4.56 4.81 5.12 5.50 5.97 6.44 6.91 7.09 7.09 6.69 5.91 5.62 6.00 6.62 7.16 8.25 11.00 12.19 12.00 10.84 11.56 12.72 13.38 13.56 13.34 12.91 12.50 12.16 11.88 11.62 11.41 11.25 11.00 10.69 10.38 10.12 9.94 9.81 9.75 9.78 9.97 10.28 10.72 11.19 11.66 12.09 12.50 12.84 12.78 13.00 12.97 13.31 13.78 13.94 13.97 14.12 14.16 14.22 14.28 14.38 14.78 15.22 15.56 15.84 16.16 16.44 16.69 17.03 17.38 17.75 18.16 18.62
5.75 5.34 4.97 4.88 4.94 5.09 5.34 5.66 6.06 6.59 7.31 8.12 9.47 11.41 11.88 11.22 9.16 7.50 9.06 10.91 11.09 12.84 14.59 15.25 14.66 13.19 12.88 14.12 14.50 14.66 14.47 14.38 13.41 13.19 12.81 12.53 12.44 12.34 12.03 11.53 11.03 10.69 10.47 10.31 10.25 10.28 10.56 10.97 11.44 11.97 12.47 12.97 13.44 13.72 13.81 13.78 13.81 14.12 14.44 14.59 14.75 14.84 15.03 15.09 15.09 15.12 15.25 15.72 16.03 16.31 16.59 16.88 17.16 17.47 17.81 18.16 18.62 19.09
6.41 6.12 5.81 5.66 5.72 5.91 6.19 6.56 7.06 7.72 8.91 11.00 12.84 13.44 13.59 13.41 13.06 12.00 13.19 14.22 14.44 15.31 15.88 16.06 15.91 15.38 14.56 15.34 15.38 15.47 15.34 14.97 14.78 14.62 13.81 13.53 13.59 13.66 13.31 12.56 11.78 11.28 11.03 10.88 10.81 10.81 11.19 11.69 12.22 12.81 13.38 13.94 14.41 14.56 14.56 14.47 14.69 14.81 15.50 15.50 15.56 15.81 15.81 15.91 15.94 16.00 15.88 16.22 16.56 16.78 17.06 17.31 17.62 17.91 18.25 18.69 19.09 19.59
7.00 6.81 6.62 6.50 6.50 6.72 7.47 9.06 9.81 10.19 11.00 12.38 13.44 13.84 13.94 13.97 14.34 14.91 15.06 15.03 15.16 15.56 15.91 16.03 16.06 16.16 16.41 16.50 16.41 16.31 16.12 16.03 16.06 15.34 14.94 14.56 14.59 14.59 14.31 13.53 12.62 11.97 11.75 11.59 11.50 11.53 11.88 12.41 13.03 13.72 14.38 14.97 15.28 15.38 15.34 15.66 15.56 15.62 16.41 16.78 16.72 16.78 16.78 16.72 16.66 16.66 16.72 16.66 17.06 17.31 17.56 17.81 18.09 18.41 18.78 19.22 19.66 20.12
7.56 7.41 7.31 7.28 7.31 7.50 9.38 10.66 11.00 11.00 11.28 12.19 13.16 13.75 14.00 14.25 14.81 15.38 15.41 15.41 15.53 15.75 15.97 16.09 16.19 16.31 16.44 16.56 16.56 16.50 16.38 16.28 16.25 15.94 15.59 15.44 15.22 15.06 14.81 14.34 13.62 12.97 12.62 12.47 12.44 12.53 12.75 13.22 13.94 14.69 15.41 15.97 16.25 16.03 16.28 16.75 16.72 17.03 17.38 17.88 17.94 17.91 17.72 17.50 17.38 17.38 17.38 17.25 17.56 17.88 18.09 18.34 18.59 18.94 19.31 19.75 20.22 20.69
8.06 7.97 7.94 7.97 8.06 8.28 10.25 11.00 11.06 11.09 11.38 12.09 12.97 13.69 14.19 14.62 15.09 15.47 15.66 15.72 15.81 15.97 16.09 16.19 16.28 16.34 16.44 16.53 16.56 16.53 16.47 16.41 16.34 16.25 16.03 15.81 15.66 15.53 15.34 15.09 14.69 14.19 13.78 13.44 13.38 13.47 13.75 14.19 14.91 15.72 16.41 16.78 16.94 17.09 17.41 17.69 18.12 18.44 18.78 19.06 18.97 18.88 18.59 18.28 18.12 18.06 18.03 18.00 18.09 18.44 18.66 18.88 19.16 19.44 19.84 20.31 20.75 21.25
