everonasctiles/Tile[14,23].asc
ncols 128
nrows 128
xllcorner 0
yllcorner 0
cellsize 2.0
NODATA_value  -9999
[rows 96 to 127 of 128, columns 0 to 70 of 128]
157.38 157.22 156.97 156.84 156.72 156.56 156.44 156.28 156.12 155.94 155.81 155.66 155.50 155.31 155.09 154.94 154.75 154.53 154.38 154.19 154.03 153.91 153.75 153.66 153.53 153.41 153.28 153.16 153.00 152.88 152.72 152.59 152.47 152.34 152.25 152.16 152.03 151.94 151.81 151.72 151.56 151.47 151.34 151.19 151.06 151.00 150.88 150.81 150.75 150.72 150.75 150.75 150.69 150.69 150.66 150.56 150.41 150.16 149.97 149.62 149.28 148.81 148.28 147.88 147.56 147.25 146.94 146.69 146.47 146.28 146.12
157.59 157.41 157.25 157.16 157.03 156.88 156.75 156.59 156.41 156.25 156.09 155.94 155.72 155.53 155.34 155.12 154.94 154.75 154.56 154.41 154.22 154.06 153.97 153.81 153.75 153.62 153.50 153.31 153.22 153.09 152.97 152.84 152.72 152.56 152.47 152.31 152.22 152.09 151.97 151.84 151.75 151.62 151.56 151.38 151.28 151.19 151.06 150.91 150.81 150.72 150.69 150.62 150.56 150.41 150.41 150.31 150.12 150.00 149.78 149.50 149.12 148.62 148.28 147.91 147.53 147.25 147.00 146.75 146.56 146.38 146.22
157.84 157.66 157.56 157.47 157.31 157.19 157.00 156.88 156.69 156.56 156.34 156.19 155.97 155.81 155.56 155.38 155.12 154.97 154.78 154.59 154.41 154.28 154.16 154.06 153.94 153.81 153.69 153.53 153.44 153.31 153.19 153.06 152.94 152.81 152.69 152.53 152.41 152.28 152.16 152.03 152.00 151.91 151.78 151.72 151.56 151.41 151.25 151.09 150.94 150.75 150.59 150.50 150.38 150.25 150.16 150.00 149.91 149.75 149.56 149.28 148.97 148.62 148.19 147.88 147.59 147.31 147.03 146.84 146.69 146.50 146.34
158.06 157.91 157.84 157.72 157.59 157.44 157.34 157.12 157.03 156.88 156.69 156.50 156.31 156.09 155.84 155.59 155.38 155.16 154.97 154.78 154.62 154.50 154.41 154.28 154.16 154.06 153.97 153.84 153.72 153.59 153.50 153.41 153.28 153.12 152.97 152.81 152.59 152.56 152.47 152.34 152.25 152.19 152.09 151.97 151.81 151.62 151.41 151.25 151.06 150.84 150.62 150.47 150.31 150.12 149.97 149.81 149.72 149.56 149.38 149.09 148.75 148.53 148.19 147.88 147.59 147.34 147.16 146.94 146.78 146.62 146.53
158.22 158.16 158.09 158.00 157.88 157.75 157.62 157.47 157.28 157.16 157.00 156.78 156.59 156.38 156.16 155.88 155.69 155.44 155.22 155.06 154.91 154.75 154.62 154.53 154.41 154.31 154.22 154.12 154.00 153.91 153.81 153.75 153.62 153.50 153.31 153.12 152.97 152.84 152.69 152.66 152.56 152.44 152.34 152.19 152.00 151.81 151.59 151.34 151.12 150.88 150.62 150.41 150.22 150.03 149.84 149.72 149.56 149.38 149.22 149.00 148.72 148.44 148.16 147.88 147.62 147.41 147.22 147.06 146.91 146.88 146.75
159.03 158.81 158.62 158.44 158.25 158.06 157.88 157.72 157.59 157.44 157.28 157.12 156.91 156.66 156.47 156.25 156.03 155.75 155.50 155.31 155.16 155.00 154.88 154.78 154.66 154.56 154.44 154.34 154.28 154.19 154.16 154.09 153.97 153.84 153.66 153.47 153.28 153.12 153.03 152.94 152.84 152.72 152.56 152.38 152.16 151.94 151.69 151.44 151.19 150.91 150.62 150.41 150.16 149.97 149.78 149.62 149.47 149.28 149.12 148.91 148.62 148.41 148.12 147.88 147.69 147.44 147.31 147.19 147.19 147.06 146.94
159.12 158.97 158.81 158.66 158.50 158.38 158.28 158.19 158.06 157.97 157.84 157.62 157.34 157.09 156.75 156.56 156.38 156.12 155.81 155.62 155.44 155.28 155.12 155.03 154.91 154.78 154.66 154.59 154.50 154.47 154.44 154.38 154.25 154.12 153.94 153.75 153.59 153.44 153.31 153.19 153.06 152.91 152.75 152.50 152.25 152.03 151.75 151.47 151.19 150.91 150.62 150.38 150.12 149.91 149.72 149.56 149.41 149.22 149.03 148.81 148.56 148.34 148.09 147.88 147.72 147.53 147.41 147.47 147.38 147.25 147.09
159.09 158.94 158.81 158.66 158.50 158.34 158.25 158.16 158.06 157.97 157.91 157.84 157.75 157.69 157.59 157.47 157.19 156.78 156.34 156.03 155.81 155.62 155.44 155.28 155.16 155.00 154.88 154.78 154.72 154.69 154.66 154.59 154.47 154.34 154.19 154.00 153.78 153.66 153.53 153.38 153.25 153.06 152.81 152.56 152.28 152.06 151.78 151.47 151.19 150.88 150.59 150.31 150.06 149.84 149.69 149.50 149.34 149.16 148.97 148.75 148.53 148.31 148.09 147.91 147.75 147.59 147.62 147.69 147.56 147.44 147.28
159.09 158.94 158.78 158.62 158.50 158.34 158.25 158.16 158.06 157.97 157.91 157.81 157.75 157.66 157.59 157.50 157.41 157.31 157.25 157.00 156.38 155.91 155.72 155.53 155.34 155.22 155.06 155.00 154.94 154.88 154.81 154.75 154.66 154.50 154.34 154.19 154.00 153.84 153.69 153.53 153.38 153.19 152.91 152.66 152.34 152.03 151.78 151.50 151.19 150.84 150.59 150.31 150.06 149.84 149.62 149.47 149.28 149.12 148.91 148.72 148.50 148.28 148.06 147.91 147.78 147.72 147.88 147.81 147.75 147.59 147.53
159.38 159.22 159.06 158.84 158.59 158.41 158.25 158.16 158.03 157.97 157.88 157.81 157.75 157.66 157.56 157.47 157.38 157.31 157.22 157.09 157.03 156.78 156.06 155.78 155.53 155.44 155.28 155.16 155.09 155.00 154.94 154.88 154.75 154.62 154.44 154.28 154.12 153.94 153.81 153.66 153.47 153.25 153.00 152.72 152.38 152.03 151.72 151.47 151.19 150.88 150.56 150.31 150.06 149.81 149.59 149.41 149.22 149.03 148.84 148.66 148.44 148.25 148.06 147.91 147.81 147.81 147.84 147.88 147.84 147.78 148.12
159.66 159.50 159.41 159.28 159.09 158.91 158.72 158.53 158.34 158.16 158.06 157.91 157.78 157.66 157.53 157.47 157.38 157.28 157.16 157.06 156.97 156.88 156.75 156.38 155.81 155.62 155.47 155.31 155.22 155.12 155.06 154.97 154.84 154.69 154.53 154.34 154.16 154.00 153.84 153.69 153.50 153.28 153.00 152.69 152.41 152.03 151.72 151.44 151.12 150.88 150.56 150.28 150.03 149.78 149.56 149.34 149.16 148.97 148.78 148.56 148.41 148.22 148.06 147.94 147.84 147.81 147.81 147.84 147.88 148.12 148.28
159.81 159.66 159.53 159.41 159.28 159.12 159.00 158.88 158.69 158.59 158.50 158.34 158.19 158.00 157.81 157.59 157.41 157.25 157.12 157.00 156.91 156.81 156.69 156.59 156.44 155.88 155.62 155.47 155.34 155.25 155.12 155.00 154.88 154.72 154.56 154.38 154.19 154.03 153.88 153.69 153.50 153.31 153.03 152.72 152.41 152.00 151.72 151.44 151.16 150.94 150.66 150.34 150.06 149.81 149.53 149.31 149.09 148.91 148.72 148.53 148.34 148.16 148.03 147.97 147.88 147.84 147.81 147.81 148.00 148.25 148.34
159.97 159.84 159.72 159.47 159.25 159.12 158.94 158.81 158.81 158.97 158.91 158.81 158.66 158.47 158.25 158.03 157.84 157.59 157.34 157.00 156.84 156.75 156.62 156.53 156.41 156.31 155.94 155.59 155.50 155.34 155.19 155.06 154.94 154.75 154.56 154.34 154.19 154.00 153.84 153.66 153.47 153.28 153.00 152.72 152.38 152.00 151.75 151.50 151.25 151.00 150.72 150.44 150.12 149.81 149.53 149.28 149.06 148.88 148.69 148.44 148.22 148.12 148.06 148.00 147.94 147.84 147.81 147.88 148.12 148.22 148.31
160.22 160.09 159.91 159.62 159.31 159.12 158.84 158.69 159.06 159.34 159.31 159.28 159.19 159.03 158.81 158.56 158.28 158.06 157.75 157.41 157.03 156.66 156.56 156.44 156.34 156.25 156.16 155.91 155.53 155.41 155.28 155.12 154.94 154.75 154.56 154.38 154.19 153.97 153.81 153.62 153.44 153.22 152.97 152.69 152.31 152.03 151.84 151.59 151.31 151.09 150.81 150.50 150.22 149.88 149.59 149.31 149.09 148.78 148.56 148.41 148.28 148.16 148.09 148.03 147.97 147.91 147.91 147.97 148.06 148.16 148.22
160.47 160.34 160.09 159.81 159.53 159.25 158.94 159.09 159.50 159.62 159.59 159.62 159.56 159.44 159.25 159.06 158.81 158.53 158.16 157.84 157.53 157.19 156.62 156.38 156.28 156.16 156.06 155.97 155.84 155.47 155.28 155.16 154.97 154.78 154.59 154.38 154.16 153.97 153.81 153.62 153.41 153.19 152.88 152.62 152.38 152.16 151.91 151.66 151.44 151.22 150.94 150.62 150.31 149.97 149.62 149.31 148.91 148.75 148.62 148.50 148.34 148.22 148.12 148.06 147.97 147.91 147.91 147.94 147.97 148.06 148.12
160.75 160.56 160.31 160.06 159.78 159.50 159.25 159.50 159.91 159.84 159.75 159.75 159.72 159.59 159.44 159.25 159.06 158.88 158.66 158.41 158.06 157.69 157.28 156.75 156.19 156.09 156.00 155.91 155.78 155.69 155.44 155.19 155.00 154.78 154.59 154.38 154.22 154.00 153.78 153.59 153.41 153.16 152.91 152.69 152.44 152.22 151.97 151.75 151.59 151.38 151.09 150.78 150.44 150.06 149.69 149.31 149.00 148.81 148.69 148.56 148.41 148.28 148.16 148.03 147.97 147.91 147.88 147.88 147.91 147.94 148.00
161.00 160.78 160.56 160.31 160.03 159.81 159.62 159.62 160.06 160.03 159.88 159.81 159.72 159.56 159.38 159.25 159.09 159.03 158.94 158.78 158.56 158.16 157.78 157.38 156.91 156.09 155.91 155.81 155.72 155.62 155.50 155.38 155.06 154.84 154.66 154.44 154.25 154.06 153.84 153.59 153.41 153.19 152.97 152.75 152.50 152.28 152.09 151.91 151.78 151.56 151.31 151.00 150.56 150.19 149.84 149.53 149.22 148.91 148.75 148.62 148.50 148.31 148.19 148.06 147.97 147.88 147.84 147.81 147.81 147.84 147.91
161.16 160.97 160.78 160.53 160.31 160.12 160.00 159.94 160.19 160.16 160.03 159.88 159.72 159.56 159.38 159.22 159.16 159.12 159.12 159.03 158.78 158.47 158.16 157.81 157.44 157.03 156.22 155.75 155.62 155.53 155.44 155.34 155.25 154.97 154.72 154.50 154.28 154.09 153.91 153.69 153.47 153.22 153.03 152.81 152.56 152.41 152.25 152.09 152.00 151.81 151.56 151.09 150.69 150.38 150.06 149.75 149.44 149.12 148.91 148.75 148.53 148.38 148.22 148.06 147.97 147.88 147.81 147.75 147.72 147.72 147.75
161.31 161.12 160.94 160.75 160.53 160.44 160.38 160.34 160.28 160.31 160.22 160.06 159.84 159.66 159.44 159.31 159.25 159.25 159.22 159.12 158.94 158.72 158.44 158.16 157.81 157.47 157.09 156.47 155.56 155.47 155.38 155.28 155.19 155.06 154.88 154.56 154.38 154.16 153.94 153.72 153.53 153.28 153.06 152.88 152.66 152.53 152.44 152.28 152.22 152.03 151.62 151.25 150.94 150.59 150.28 149.97 149.62 149.31 149.03 148.78 148.56 148.38 148.22 148.06 147.94 147.84 147.75 147.69 147.66 147.62 147.62
161.53 161.31 161.12 160.94 160.72 160.66 160.59 160.47 160.41 160.47 160.44 160.25 160.03 159.84 159.66 159.50 159.41 159.38 159.38 159.28 159.09 158.84 158.59 158.34 158.06 157.78 157.41 157.09 156.62 155.56 155.28 155.19 155.09 155.00 154.91 154.75 154.44 154.22 154.00 153.81 153.59 153.38 153.19 153.00 152.81 152.69 152.59 152.50 152.44 152.19 151.84 151.50 151.16 150.84 150.50 150.09 149.69 149.38 149.09 148.81 148.59 148.38 148.19 148.03 147.91 147.81 147.72 147.62 147.56 147.50 147.47
161.78 161.62 161.38 161.09 160.91 160.84 160.69 160.34 160.50 160.69 160.66 160.44 160.25 160.03 159.81 159.66 159.53 159.53 159.44 159.41 159.28 159.06 158.78 158.41 158.09 157.84 157.62 157.38 157.16 156.72 155.69 155.12 155.03 154.94 154.84 154.72 154.62 154.31 154.06 153.84 153.62 153.44 153.25 153.03 152.91 152.81 152.72 152.75 152.62 152.44 152.09 151.75 151.41 151.06 150.53 150.12 149.75 149.41 149.09 148.81 148.56 148.34 148.16 148.00 147.88 147.75 147.66 147.56 147.50 147.41 147.34
162.12 161.97 161.75 161.50 161.31 161.16 160.88 160.50 160.72 160.91 160.84 160.66 160.44 160.22 160.00 159.84 159.72 159.59 159.53 159.47 159.38 159.12 158.88 158.53 158.19 157.91 157.66 157.50 157.34 157.09 156.66 155.91 154.97 154.84 154.75 154.66 154.56 154.47 154.19 153.88 153.69 153.50 153.31 153.12 152.97 152.88 152.84 152.78 152.75 152.56 152.34 152.00 151.53 150.97 150.53 150.16 149.75 149.41 149.09 148.78 148.53 148.31 148.12 147.94 147.81 147.69 147.59 147.50 147.41 147.34 147.25
162.53 162.31 162.12 161.94 161.72 161.47 161.19 160.88 160.88 161.06 161.09 160.84 160.62 160.41 160.22 160.03 159.88 159.69 159.56 159.47 159.34 159.22 159.00 158.69 158.38 158.12 157.88 157.66 157.41 157.25 157.16 156.69 156.06 154.91 154.69 154.59 154.47 154.38 154.25 154.06 153.75 153.53 153.34 153.19 153.00 152.91 152.84 152.81 152.78 152.69 152.47 151.88 151.38 150.94 150.53 150.12 149.72 149.38 149.03 148.75 148.47 148.25 148.06 147.88 147.75 147.62 147.53 147.44 147.34 147.25 147.16
162.94 162.69 162.47 162.25 162.03 161.78 161.53 161.22 161.06 161.25 161.28 161.06 160.84 160.59 160.44 160.25 160.03 159.88 159.66 159.50 159.34 159.22 159.09 158.94 158.72 158.50 158.25 157.97 157.66 157.41 157.28 157.03 156.69 156.09 154.97 154.50 154.41 154.28 154.16 154.00 153.88 153.66 153.34 153.16 153.00 152.94 152.91 152.84 152.81 152.62 152.03 151.69 151.31 150.88 150.47 150.06 149.66 149.31 148.97 148.69 148.41 148.19 148.00 147.81 147.69 147.56 147.47 147.38 147.31 147.22 147.12
163.28 163.03 162.78 162.56 162.34 162.09 161.84 161.59 161.38 161.50 161.53 161.28 161.06 160.81 160.62 160.44 160.25 160.06 159.88 159.66 159.47 159.38 159.28 159.19 159.09 158.91 158.66 158.38 158.03 157.66 157.31 157.06 156.88 156.69 156.09 155.06 154.34 154.22 154.06 153.94 153.78 153.69 153.47 153.16 153.09 153.03 152.97 152.88 152.53 152.22 151.94 151.59 151.19 150.78 150.38 149.97 149.56 149.22 148.91 148.62 148.34 148.12 147.94 147.75 147.62 147.50 147.41 147.34 147.25 147.19 147.09
163.59 163.31 163.09 162.84 162.62 162.41 162.16 161.94 161.72 161.84 161.75 161.50 161.25 161.03 160.84 160.62 160.44 160.25 160.03 159.81 159.66 159.53 159.44 159.44 159.34 159.25 159.06 158.78 158.44 158.06 157.69 157.28 156.91 156.81 156.72 156.06 155.22 154.28 154.00 153.84 153.69 153.56 153.31 153.25 153.16 153.09 153.03 152.62 152.34 152.09 151.81 151.47 151.06 150.66 150.25 149.84 149.47 149.12 148.81 148.53 148.28 148.06 147.88 147.72 147.56 147.47 147.38 147.31 147.25 147.19 147.09
163.91 163.62 163.38 163.12 162.91 162.69 162.47 162.25 162.00 162.06 162.00 161.72 161.47 161.22 161.03 160.84 160.62 160.41 160.22 160.00 159.84 159.69 159.59 159.56 159.50 159.38 159.28 159.00 158.72 158.38 158.09 157.72 157.12 156.97 156.97 156.66 155.94 155.09 154.28 153.78 153.59 153.44 153.38 153.31 153.25 153.19 152.78 152.44 152.22 151.97 151.66 151.31 150.91 150.50 150.12 149.75 149.38 149.06 148.75 148.47 148.25 148.03 147.81 147.66 147.53 147.44 147.34 147.28 147.22 147.19 147.12
164.22 163.94 163.69 163.44 163.22 163.00 162.78 162.56 162.31 162.28 162.22 161.94 161.66 161.44 161.22 161.00 160.78 160.56 160.38 160.16 160.00 159.84 159.69 159.66 159.56 159.44 159.25 158.97 158.75 158.53 158.28 157.91 157.47 157.28 157.09 156.62 156.25 155.62 154.66 154.06 153.53 153.53 153.47 153.41 153.34 153.03 152.53 152.34 152.09 151.81 151.50 151.12 150.75 150.34 149.97 149.62 149.28 148.97 148.69 148.44 148.19 147.97 147.78 147.62 147.50 147.41 147.31 147.28 147.22 147.19 147.12
164.53 164.25 164.00 163.72 163.50 163.28 163.06 162.88 162.69 162.62 162.50 162.19 161.91 161.66 161.41 161.19 160.97 160.72 160.53 160.31 160.12 159.94 159.78 159.62 159.47 159.31 159.16 158.91 158.72 158.62 158.53 158.03 157.59 157.47 157.00 156.34 156.12 155.69 154.75 154.00 153.66 153.59 153.53 153.47 153.31 152.69 152.47 152.25 151.97 151.62 151.28 150.94 150.56 150.19 149.84 149.53 149.22 148.91 148.62 148.38 148.16 147.94 147.75 147.62 147.50 147.38 147.31 147.28 147.22 147.19 147.16
164.88 164.56 164.28 164.03 163.78 163.56 163.38 163.12 162.94 162.91 162.75 162.44 162.12 161.84 161.59 161.38 161.12 160.91 160.69 160.50 160.28 160.06 159.84 159.62 159.44 159.38 159.31 159.09 158.84 158.59 158.50 158.09 157.53 157.16 156.72 156.12 155.84 155.47 154.69 153.84 153.75 153.69 153.62 153.56 153.00 152.69 152.41 152.12 151.81 151.47 151.09 150.75 150.41 150.06 149.75 149.44 149.16 148.88 148.59 148.34 148.12 147.94 147.75 147.59 147.50 147.41 147.31 147.28 147.25 147.19 147.16
165.19 164.91 164.59 164.34 164.09 163.88 163.66 163.38 163.16 163.19 163.00 162.66 162.34 162.06 161.78 161.53 161.31 161.09 160.88 160.69 160.47 160.28 160.00 159.78 159.56 159.53 159.59 159.47 159.06 158.59 158.38 158.00 157.38 156.81 156.59 156.31 155.81 155.16 154.66 153.81 153.81 153.78 153.72 153.50 153.00 152.69 152.34 152.00 151.66 151.31 150.97 150.62 150.31 150.00 149.69 149.41 149.12 148.84 148.59 148.38 148.12 147.94 147.75 147.62 147.50 147.41 147.34 147.28 147.25 147.22 147.16
165.50 165.22 164.94 164.62 164.38 164.16 163.94 163.69 163.47 163.47 163.25 162.94 162.59 162.28 162.00 161.75 161.53 161.34 161.16 160.94 160.75 160.50 160.22 159.94 159.69 159.56 159.56 159.44 159.03 158.59 158.31 157.91 157.34 157.00 156.84 156.38 155.62 155.12 154.41 153.94 153.88 153.81 153.75 153.41 153.00 152.62 152.25 151.88 151.53 151.19 150.84 150.53 150.22 149.94 149.66 149.38 149.09 148.84 148.59 148.38 148.16 147.97 147.78 147.66 147.53 147.44 147.38 147.31 147.28 147.22 147.16
