everonasctiles/Tile2,21.asc
ncols 128
nrows 128
xllcorner 0
yllcorner 0
cellsize 2.0
NODATA_value  -9999
[rows 96 to 127 of 128, columns 0 to 70 of 128]
-45.06 -45.00 -44.94 -44.84 -44.75 -44.62 -44.53 -44.41 -44.28 -44.16 -44.03 -43.94 -43.81 -43.69 -43.59 -43.50 -43.44 -43.34 -43.28 -43.22 -43.16 -43.09 -43.03 -43.00 -42.94 -42.88 -42.81 -42.75 -42.66 -42.56 -42.47 -42.38 -42.25 -42.12 -42.00 -41.88 -41.72 -41.56 -41.41 -41.25 -41.16 -41.06 -40.97 -40.91 -40.84 -40.78 -40.72 -40.69 -40.72 -40.75 -40.78 -40.84 -40.91 -40.94 -41.00 -41.06 -41.09 -41.12 -41.16 -41.19 -41.22 -41.22 -41.25 -41.25 -41.22 -41.22 -41.19 -41.16 -41.12 -41.09 -41.03
-45.06 -45.00 -44.91 -44.81 -44.72 -44.62 -44.50 -44.38 -44.25 -44.12 -44.00 -43.91 -43.78 -43.69 -43.59 -43.50 -43.44 -43.34 -43.28 -43.22 -43.16 -43.09 -43.03 -42.97 -42.94 -42.88 -42.81 -42.72 -42.66 -42.56 -42.44 -42.34 -42.25 -42.16 -42.03 -41.91 -41.75 -41.62 -41.47 -41.34 -41.22 -41.12 -41.06 -41.00 -40.91 -40.84 -40.75 -40.72 -40.72 -40.75 -40.78 -40.84 -40.88 -40.94 -41.00 -41.03 -41.09 -41.12 -41.16 -41.19 -41.19 -41.19 -41.22 -41.22 -41.22 -41.19 -41.16 -41.12 -41.09 -41.06 -41.00
-45.06 -45.00 -44.91 -44.81 -44.72 -44.59 -44.50 -44.38 -44.25 -44.12 -44.00 -43.91 -43.78 -43.69 -43.62 -43.53 -43.47 -43.41 -43.34 -43.28 -43.19 -43.12 -43.06 -43.00 -42.94 -42.88 -42.78 -42.72 -42.62 -42.53 -42.44 -42.34 -42.22 -42.12 -42.03 -41.91 -41.78 -41.66 -41.53 -41.41 -41.31 -41.22 -41.12 -41.06 -40.97 -40.88 -40.78 -40.75 -40.72 -40.75 -40.78 -40.84 -40.88 -40.94 -40.97 -41.03 -41.09 -41.12 -41.16 -41.16 -41.16 -41.19 -41.19 -41.19 -41.19 -41.16 -41.12 -41.09 -41.06 -41.03 -40.97
-45.06 -45.00 -44.91 -44.81 -44.72 -44.62 -44.50 -44.38 -44.25 -44.12 -44.03 -43.91 -43.84 -43.75 -43.69 -43.62 -43.56 -43.47 -43.41 -43.31 -43.25 -43.16 -43.09 -43.00 -42.94 -42.84 -42.78 -42.69 -42.59 -42.50 -42.41 -42.31 -42.22 -42.12 -42.03 -41.94 -41.81 -41.72 -41.59 -41.50 -41.41 -41.31 -41.22 -41.12 -41.03 -40.94 -40.84 -40.75 -40.72 -40.75 -40.78 -40.84 -40.88 -40.91 -40.97 -41.00 -41.06 -41.09 -41.12 -41.12 -41.16 -41.16 -41.16 -41.16 -41.16 -41.16 -41.12 -41.09 -41.06 -41.00 -40.94
-45.03 -44.97 -44.91 -44.81 -44.72 -44.59 -44.50 -44.38 -44.25 -44.16 -44.06 -43.97 -43.88 -43.81 -43.75 -43.69 -43.62 -43.56 -43.47 -43.38 -43.28 -43.19 -43.09 -43.00 -42.94 -42.84 -42.75 -42.69 -42.59 -42.47 -42.38 -42.28 -42.19 -42.12 -42.03 -41.94 -41.88 -41.78 -41.66 -41.56 -41.47 -41.38 -41.28 -41.19 -41.06 -40.97 -40.88 -40.78 -40.72 -40.72 -40.75 -40.81 -40.84 -40.88 -40.94 -40.97 -41.03 -41.06 -41.09 -41.09 -41.12 -41.12 -41.12 -41.16 -41.16 -41.12 -41.12 -41.09 -41.03 -40.97 -40.91
-45.03 -44.97 -44.88 -44.78 -44.69 -44.59 -44.50 -44.38 -44.28 -44.19 -44.12 -44.03 -43.94 -43.88 -43.81 -43.75 -43.69 -43.59 -43.50 -43.41 -43.31 -43.22 -43.12 -43.03 -42.94 -42.84 -42.75 -42.66 -42.56 -42.47 -42.38 -42.28 -42.22 -42.12 -42.06 -41.97 -41.91 -41.81 -41.72 -41.66 -41.56 -41.47 -41.38 -41.25 -41.12 -41.03 -40.91 -40.81 -40.72 -40.69 -40.72 -40.75 -40.78 -40.81 -40.88 -40.94 -40.97 -41.00 -41.03 -41.06 -41.06 -41.09 -41.09 -41.09 -41.09 -41.09 -41.09 -41.06 -41.03 -40.97 -40.88
-45.00 -44.94 -44.84 -44.78 -44.69 -44.59 -44.50 -44.41 -44.31 -44.25 -44.16 -44.09 -44.00 -43.94 -43.84 -43.78 -43.72 -43.62 -43.53 -43.44 -43.34 -43.22 -43.12 -43.03 -42.91 -42.81 -42.75 -42.66 -42.56 -42.47 -42.41 -42.31 -42.25 -42.16 -42.09 -42.03 -41.97 -41.88 -41.78 -41.72 -41.62 -41.53 -41.44 -41.31 -41.19 -41.06 -40.97 -40.84 -40.75 -40.69 -40.66 -40.69 -40.72 -40.75 -40.81 -40.88 -40.91 -40.94 -40.97 -41.00 -41.03 -41.03 -41.06 -41.06 -41.06 -41.06 -41.03 -41.03 -40.97 -40.94 -40.84
-44.97 -44.91 -44.81 -44.75 -44.66 -44.59 -44.50 -44.44 -44.34 -44.28 -44.19 -44.12 -44.03 -43.97 -43.88 -43.81 -43.72 -43.62 -43.53 -43.44 -43.34 -43.25 -43.12 -43.03 -42.91 -42.84 -42.75 -42.66 -42.59 -42.50 -42.44 -42.38 -42.28 -42.22 -42.16 -42.09 -42.03 -41.94 -41.84 -41.75 -41.69 -41.59 -41.50 -41.38 -41.25 -41.12 -41.00 -40.88 -40.78 -40.69 -40.62 -40.62 -40.66 -40.72 -40.75 -40.81 -40.84 -40.88 -40.91 -40.94 -40.97 -40.97 -41.00 -41.00 -41.00 -41.00 -40.97 -40.94 -40.91 -40.88 -40.81
-44.94 -44.88 -44.81 -44.72 -44.66 -44.59 -44.53 -44.47 -44.38 -44.31 -44.22 -44.12 -44.06 -43.97 -43.91 -43.81 -43.72 -43.66 -43.56 -43.44 -43.34 -43.25 -43.12 -43.03 -42.94 -42.84 -42.78 -42.69 -42.62 -42.56 -42.50 -42.44 -42.38 -42.31 -42.25 -42.16 -42.09 -42.00 -41.91 -41.81 -41.72 -41.62 -41.53 -41.44 -41.31 -41.19 -41.06 -40.94 -40.81 -40.72 -40.62 -40.59 -40.62 -40.66 -40.69 -40.75 -40.78 -40.81 -40.84 -40.88 -40.91 -40.94 -40.94 -40.94 -40.94 -40.91 -40.91 -40.88 -40.84 -40.81 -40.78
-44.91 -44.84 -44.78 -44.72 -44.66 -44.59 -44.53 -44.47 -44.41 -44.31 -44.25 -44.16 -44.06 -44.00 -43.91 -43.84 -43.75 -43.66 -43.56 -43.47 -43.38 -43.25 -43.16 -43.06 -42.97 -42.88 -42.81 -42.75 -42.69 -42.62 -42.56 -42.50 -42.44 -42.38 -42.31 -42.22 -42.12 -42.06 -41.94 -41.84 -41.75 -41.66 -41.56 -41.47 -41.38 -41.25 -41.12 -40.97 -40.88 -40.75 -40.66 -40.59 -40.59 -40.62 -40.66 -40.69 -40.72 -40.75 -40.78 -40.81 -40.84 -40.88 -40.88 -40.88 -40.84 -40.84 -40.81 -40.78 -40.78 -40.75 -40.72
-44.91 -44.84 -44.78 -44.72 -44.66 -44.59 -44.53 -44.47 -44.41 -44.34 -44.25 -44.16 -44.09 -44.00 -43.94 -43.84 -43.75 -43.66 -43.56 -43.47 -43.38 -43.28 -43.19 -43.09 -43.00 -42.91 -42.84 -42.81 -42.75 -42.69 -42.62 -42.56 -42.50 -42.44 -42.38 -42.28 -42.19 -42.09 -42.00 -41.91 -41.81 -41.72 -41.62 -41.50 -41.41 -41.28 -41.16 -41.03 -40.94 -40.81 -40.69 -40.62 -40.56 -40.56 -40.62 -40.66 -40.69 -40.72 -40.75 -40.78 -40.81 -40.81 -40.81 -40.81 -40.78 -40.75 -40.72 -40.72 -40.69 -40.69 -40.69
-44.88 -44.81 -44.75 -44.69 -44.66 -44.59 -44.56 -44.50 -44.41 -44.34 -44.25 -44.19 -44.09 -44.03 -43.94 -43.84 -43.75 -43.69 -43.59 -43.50 -43.41 -43.28 -43.19 -43.12 -43.03 -42.97 -42.91 -42.84 -42.81 -42.75 -42.69 -42.62 -42.56 -42.47 -42.41 -42.31 -42.22 -42.12 -42.00 -41.91 -41.81 -41.72 -41.62 -41.53 -41.44 -41.34 -41.22 -41.09 -41.00 -40.88 -40.75 -40.66 -40.56 -40.53 -40.56 -40.59 -40.62 -40.66 -40.69 -40.72 -40.75 -40.75 -40.75 -40.72 -40.69 -40.66 -40.66 -40.62 -40.62 -40.62 -40.62
-44.84 -44.78 -44.75 -44.69 -44.62 -44.59 -44.53 -44.50 -44.41 -44.34 -44.28 -44.19 -44.12 -44.03 -43.94 -43.88 -43.78 -43.69 -43.59 -43.50 -43.41 -43.31 -43.25 -43.16 -43.09 -43.03 -42.97 -42.91 -42.84 -42.78 -42.72 -42.66 -42.59 -42.50 -42.41 -42.31 -42.22 -42.12 -42.03 -41.91 -41.81 -41.72 -41.66 -41.56 -41.47 -41.38 -41.28 -41.19 -41.06 -40.94 -40.81 -40.69 -40.59 -40.53 -40.53 -40.56 -40.59 -40.62 -40.62 -40.66 -40.66 -40.66 -40.66 -40.62 -40.59 -40.59 -40.56 -40.56 -40.59 -40.59 -40.59
-44.81 -44.75 -44.72 -44.66 -44.59 -44.56 -44.53 -44.47 -44.41 -44.34 -44.28 -44.22 -44.12 -44.03 -43.97 -43.88 -43.78 -43.69 -43.62 -43.53 -43.47 -43.38 -43.31 -43.22 -43.16 -43.09 -43.03 -42.97 -42.88 -42.81 -42.75 -42.69 -42.59 -42.50 -42.44 -42.31 -42.22 -42.12 -42.03 -41.91 -41.81 -41.72 -41.66 -41.56 -41.50 -41.44 -41.34 -41.25 -41.12 -41.00 -40.88 -40.72 -40.62 -40.56 -40.53 -40.53 -40.56 -40.56 -40.56 -40.56 -40.56 -40.56 -40.53 -40.53 -40.50 -40.50 -40.50 -40.50 -40.53 -40.53 -40.53
-44.78 -44.72 -44.66 -44.62 -44.56 -44.53 -44.50 -44.44 -44.41 -44.34 -44.28 -44.22 -44.12 -44.03 -43.97 -43.88 -43.78 -43.72 -43.66 -43.56 -43.50 -43.44 -43.38 -43.31 -43.22 -43.16 -43.06 -43.00 -42.94 -42.84 -42.78 -42.69 -42.62 -42.53 -42.44 -42.34 -42.25 -42.12 -42.03 -41.94 -41.84 -41.75 -41.66 -41.59 -41.53 -41.50 -41.41 -41.31 -41.22 -41.06 -40.94 -40.81 -40.69 -40.59 -40.53 -40.50 -40.50 -40.50 -40.47 -40.47 -40.44 -40.44 -40.44 -40.41 -40.41 -40.41 -40.44 -40.44 -40.47 -40.47 -40.50
-44.72 -44.66 -44.62 -44.56 -44.53 -44.47 -44.44 -44.41 -44.38 -44.31 -44.25 -44.19 -44.12 -44.03 -43.97 -43.88 -43.81 -43.75 -43.69 -43.62 -43.56 -43.53 -43.44 -43.38 -43.31 -43.22 -43.12 -43.06 -42.97 -42.91 -42.81 -42.75 -42.66 -42.56 -42.47 -42.38 -42.25 -42.16 -42.06 -41.94 -41.84 -41.78 -41.72 -41.66 -41.62 -41.56 -41.50 -41.41 -41.31 -41.19 -41.03 -40.91 -40.78 -40.66 -40.56 -40.50 -40.44 -40.41 -40.41 -40.38 -40.34 -40.34 -40.34 -40.34 -40.34 -40.34 -40.34 -40.38 -40.41 -40.41 -40.41
-44.66 -44.62 -44.56 -44.53 -44.47 -44.44 -44.41 -44.38 -44.31 -44.28 -44.22 -44.16 -44.09 -44.03 -43.97 -43.88 -43.81 -43.75 -43.72 -43.69 -43.66 -43.59 -43.53 -43.47 -43.38 -43.28 -43.19 -43.09 -43.00 -42.94 -42.84 -42.78 -42.69 -42.59 -42.50 -42.41 -42.31 -42.19 -42.09 -42.00 -41.91 -41.81 -41.78 -41.72 -41.69 -41.66 -41.59 -41.53 -41.44 -41.31 -41.16 -41.03 -40.88 -40.75 -40.62 -40.53 -40.44 -40.38 -40.31 -40.28 -40.28 -40.25 -40.25 -40.25 -40.28 -40.28 -40.31 -40.31 -40.31 -40.34 -40.34
-44.59 -44.56 -44.53 -44.47 -44.44 -44.41 -44.38 -44.34 -44.28 -44.25 -44.19 -44.16 -44.09 -44.03 -43.97 -43.91 -43.84 -43.81 -43.78 -43.75 -43.72 -43.69 -43.62 -43.53 -43.44 -43.34 -43.25 -43.12 -43.03 -42.97 -42.88 -42.81 -42.72 -42.62 -42.53 -42.44 -42.34 -42.22 -42.12 -42.03 -41.94 -41.91 -41.84 -41.84 -41.81 -41.78 -41.72 -41.66 -41.56 -41.44 -41.31 -41.16 -41.00 -40.84 -40.72 -40.59 -40.50 -40.44 -40.34 -40.28 -40.25 -40.22 -40.22 -40.22 -40.25 -40.25 -40.25 -40.25 -40.25 -40.25 -40.28
-44.56 -44.50 -44.47 -44.44 -44.41 -44.38 -44.34 -44.31 -44.28 -44.25 -44.19 -44.12 -44.09 -44.03 -43.97 -43.91 -43.88 -43.84 -43.84 -43.81 -43.78 -43.75 -43.69 -43.59 -43.50 -43.41 -43.28 -43.19 -43.06 -43.00 -42.91 -42.81 -42.72 -42.66 -42.56 -42.47 -42.38 -42.25 -42.16 -42.09 -42.03 -41.97 -41.97 -41.94 -41.94 -41.91 -41.84 -41.78 -41.69 -41.59 -41.44 -41.28 -41.12 -40.97 -40.84 -40.72 -40.62 -40.53 -40.44 -40.38 -40.34 -40.31 -40.28 -40.25 -40.22 -40.22 -40.22 -40.19 -40.19 -40.19 -40.22
-44.50 -44.47 -44.44 -44.41 -44.38 -44.34 -44.31 -44.31 -44.28 -44.22 -44.19 -44.16 -44.09 -44.03 -44.00 -43.94 -43.94 -43.91 -43.91 -43.88 -43.84 -43.81 -43.75 -43.66 -43.56 -43.44 -43.34 -43.22 -43.12 -43.03 -42.94 -42.84 -42.75 -42.66 -42.56 -42.47 -42.38 -42.28 -42.19 -42.12 -42.09 -42.06 -42.06 -42.06 -42.03 -42.03 -41.97 -41.91 -41.84 -41.72 -41.56 -41.41 -41.25 -41.09 -40.97 -40.88 -40.75 -40.66 -40.56 -40.50 -40.44 -40.41 -40.38 -40.31 -40.28 -40.25 -40.19 -40.16 -40.16 -40.12 -40.16
-44.44 -44.41 -44.41 -44.38 -44.34 -44.34 -44.31 -44.28 -44.25 -44.25 -44.19 -44.16 -44.12 -44.06 -44.03 -44.00 -43.97 -43.97 -43.94 -43.94 -43.91 -43.84 -43.78 -43.69 -43.59 -43.50 -43.38 -43.28 -43.16 -43.06 -42.97 -42.88 -42.78 -42.66 -42.56 -42.47 -42.38 -42.31 -42.25 -42.19 -42.19 -42.16 -42.16 -42.16 -42.16 -42.12 -42.09 -42.03 -41.97 -41.84 -41.69 -41.53 -41.38 -41.25 -41.12 -41.00 -40.91 -40.81 -40.69 -40.62 -40.53 -40.50 -40.44 -40.38 -40.34 -40.28 -40.22 -40.16 -40.12 -40.09 -40.09
-44.38 -44.34 -44.34 -44.34 -44.31 -44.31 -44.31 -44.28 -44.25 -44.25 -44.22 -44.19 -44.16 -44.12 -44.09 -44.06 -44.03 -44.03 -44.00 -43.97 -43.94 -43.88 -43.81 -43.72 -43.62 -43.53 -43.44 -43.31 -43.22 -43.12 -43.00 -42.91 -42.78 -42.69 -42.59 -42.47 -42.41 -42.31 -42.28 -42.25 -42.25 -42.25 -42.25 -42.25 -42.25 -42.22 -42.19 -42.12 -42.06 -41.94 -41.81 -41.66 -41.53 -41.38 -41.25 -41.16 -41.03 -40.94 -40.81 -40.72 -40.62 -40.56 -40.50 -40.44 -40.38 -40.31 -40.22 -40.16 -40.09 -40.06 -40.06
-44.34 -44.31 -44.31 -44.31 -44.31 -44.28 -44.28 -44.28 -44.25 -44.25 -44.22 -44.22 -44.19 -44.16 -44.12 -44.12 -44.09 -44.06 -44.06 -44.00 -43.97 -43.91 -43.84 -43.75 -43.66 -43.56 -43.47 -43.34 -43.25 -43.16 -43.03 -42.91 -42.81 -42.69 -42.59 -42.50 -42.41 -42.34 -42.31 -42.31 -42.31 -42.31 -42.34 -42.34 -42.31 -42.31 -42.28 -42.22 -42.16 -42.03 -41.91 -41.78 -41.62 -41.50 -41.38 -41.25 -41.12 -41.03 -40.91 -40.81 -40.72 -40.62 -40.56 -40.47 -40.41 -40.34 -40.25 -40.19 -40.12 -40.06 -40.03
-44.31 -44.31 -44.28 -44.28 -44.28 -44.28 -44.28 -44.28 -44.28 -44.28 -44.25 -44.25 -44.22 -44.22 -44.19 -44.16 -44.16 -44.12 -44.09 -44.03 -43.97 -43.91 -43.84 -43.75 -43.66 -43.56 -43.47 -43.38 -43.25 -43.16 -43.03 -42.91 -42.81 -42.69 -42.59 -42.50 -42.41 -42.38 -42.38 -42.38 -42.38 -42.38 -42.41 -42.41 -42.38 -42.38 -42.34 -42.28 -42.22 -42.12 -42.00 -41.84 -41.72 -41.56 -41.44 -41.31 -41.19 -41.09 -40.97 -40.88 -40.78 -40.69 -40.59 -40.53 -40.44 -40.34 -40.28 -40.22 -40.16 -40.06 -40.03
-44.34 -44.31 -44.31 -44.28 -44.31 -44.31 -44.31 -44.31 -44.31 -44.28 -44.28 -44.28 -44.25 -44.25 -44.22 -44.22 -44.19 -44.16 -44.09 -44.03 -43.97 -43.91 -43.84 -43.75 -43.66 -43.56 -43.44 -43.34 -43.25 -43.12 -43.00 -42.91 -42.78 -42.69 -42.59 -42.50 -42.44 -42.41 -42.41 -42.41 -42.44 -42.44 -42.44 -42.44 -42.44 -42.44 -42.38 -42.34 -42.25 -42.16 -42.03 -41.88 -41.75 -41.59 -41.47 -41.34 -41.22 -41.12 -41.03 -40.94 -40.81 -40.72 -40.62 -40.53 -40.44 -40.38 -40.28 -40.22 -40.16 -40.09 -40.00
-44.38 -44.34 -44.31 -44.31 -44.31 -44.31 -44.34 -44.34 -44.34 -44.31 -44.31 -44.31 -44.31 -44.28 -44.25 -44.25 -44.19 -44.16 -44.09 -44.03 -43.97 -43.91 -43.81 -43.72 -43.62 -43.53 -43.41 -43.31 -43.22 -43.09 -42.97 -42.88 -42.75 -42.66 -42.59 -42.53 -42.50 -42.47 -42.47 -42.47 -42.47 -42.50 -42.50 -42.50 -42.50 -42.47 -42.44 -42.38 -42.28 -42.19 -42.03 -41.91 -41.75 -41.59 -41.47 -41.34 -41.22 -41.12 -41.03 -40.94 -40.84 -40.75 -40.62 -40.53 -40.44 -40.34 -40.28 -40.22 -40.16 -40.09 -40.00
-44.41 -44.38 -44.34 -44.34 -44.34 -44.34 -44.34 -44.34 -44.34 -44.34 -44.34 -44.34 -44.31 -44.31 -44.28 -44.25 -44.19 -44.16 -44.09 -44.03 -43.94 -43.88 -43.78 -43.69 -43.59 -43.47 -43.38 -43.28 -43.19 -43.06 -42.97 -42.84 -42.75 -42.66 -42.59 -42.56 -42.53 -42.53 -42.53 -42.53 -42.53 -42.56 -42.56 -42.56 -42.53 -42.50 -42.47 -42.41 -42.31 -42.19 -42.03 -41.91 -41.72 -41.56 -41.41 -41.28 -41.19 -41.09 -41.03 -40.94 -40.84 -40.72 -40.62 -40.50 -40.41 -40.34 -40.25 -40.19 -40.12 -40.06 -40.00
-44.44 -44.41 -44.38 -44.38 -44.38 -44.38 -44.38 -44.38 -44.34 -44.34 -44.34 -44.34 -44.31 -44.28 -44.25 -44.22 -44.19 -44.12 -44.06 -44.00 -43.91 -43.84 -43.75 -43.66 -43.56 -43.44 -43.34 -43.25 -43.16 -43.06 -42.94 -42.84 -42.75 -42.66 -42.62 -42.59 -42.59 -42.59 -42.59 -42.62 -42.62 -42.62 -42.62 -42.59 -42.59 -42.56 -42.50 -42.44 -42.31 -42.19 -42.03 -41.88 -41.69 -41.53 -41.38 -41.22 -41.12 -41.03 -40.97 -40.88 -40.78 -40.69 -40.59 -40.50 -40.41 -40.31 -40.25 -40.19 -40.12 -40.03 -39.97
-44.50 -44.47 -44.44 -44.41 -44.38 -44.38 -44.38 -44.38 -44.34 -44.34 -44.31 -44.31 -44.28 -44.25 -44.22 -44.19 -44.12 -44.09 -44.03 -43.94 -43.88 -43.78 -43.72 -43.62 -43.53 -43.44 -43.34 -43.25 -43.12 -43.03 -42.94 -42.84 -42.75 -42.69 -42.69 -42.69 -42.69 -42.69 -42.69 -42.69 -42.69 -42.69 -42.69 -42.66 -42.62 -42.59 -42.53 -42.44 -42.31 -42.19 -42.03 -41.84 -41.66 -41.47 -41.31 -41.16 -41.03 -40.94 -40.88 -40.81 -40.72 -40.66 -40.56 -40.47 -40.38 -40.31 -40.22 -40.16 -40.09 -40.03 -39.94
-44.53 -44.50 -44.47 -44.44 -44.41 -44.38 -44.38 -44.38 -44.34 -44.31 -44.31 -44.28 -44.25 -44.22 -44.19 -44.16 -44.09 -44.03 -43.97 -43.91 -43.84 -43.75 -43.66 -43.59 -43.50 -43.41 -43.31 -43.22 -43.12 -43.03 -42.94 -42.84 -42.78 -42.75 -42.75 -42.75 -42.75 -42.75 -42.75 -42.75 -42.75 -42.75 -42.75 -42.72 -42.69 -42.62 -42.53 -42.44 -42.31 -42.19 -42.00 -41.81 -41.62 -41.44 -41.25 -41.09 -40.97 -40.84 -40.78 -40.72 -40.66 -40.59 -40.53 -40.44 -40.38 -40.28 -40.22 -40.16 -40.06 -40.00 -39.94
-44.56 -44.53 -44.50 -44.47 -44.44 -44.41 -44.38 -44.34 -44.34 -44.31 -44.28 -44.25 -44.19 -44.16 -44.12 -44.09 -44.06 -44.00 -43.94 -43.88 -43.81 -43.72 -43.62 -43.56 -43.47 -43.38 -43.31 -43.22 -43.12 -43.03 -42.94 -42.88 -42.84 -42.81 -42.81 -42.81 -42.81 -42.81 -42.81 -42.81 -42.81 -42.81 -42.78 -42.72 -42.69 -42.62 -42.53 -42.44 -42.31 -42.16 -41.97 -41.78 -41.59 -41.41 -41.19 -41.03 -40.91 -40.78 -40.72 -40.66 -40.62 -40.56 -40.50 -40.44 -40.38 -40.31 -40.22 -40.16 -40.06 -40.00 -39.97
-44.56 -44.56 -44.53 -44.47 -44.44 -44.41 -44.38 -44.34 -44.31 -44.28 -44.25 -44.19 -44.16 -44.12 -44.09 -44.06 -44.00 -43.97 -43.91 -43.84 -43.78 -43.69 -43.62 -43.53 -43.44 -43.38 -43.28 -43.19 -43.12 -43.03 -42.97 -42.94 -42.91 -42.88 -42.88 -42.88 -42.88 -42.88 -42.88 -42.88 -42.84 -42.81 -42.78 -42.72 -42.66 -42.59 -42.50 -42.41 -42.28 -42.12 -41.94 -41.78 -41.56 -41.38 -41.19 -41.03 -40.91 -40.78 -40.72 -40.66 -40.62 -40.59 -40.53 -40.47 -40.41 -40.34 -40.25 -40.19 -40.12 -40.06 -40.03
