everonasctiles/Tile[35,1].asc
ncols 128
nrows 128
xllcorner 0
yllcorner 0
cellsize 2.0
NODATA_value  -9999
[rows 33 to 65 of 128, columns 0 to 72 of 128]
-27.59 -27.88 -28.09 -28.19 -28.25 -28.22 -28.28 -28.28 -28.28 -28.25 -28.22 -28.09 -27.91 -27.78 -27.47 -27.19 -26.66 -26.00 -25.25 -24.41 -23.56 -22.28 -21.53 -21.19 -20.38 -19.72 -19.19 -19.22 -18.62 -18.44 -17.75 -17.22 -17.00 -16.56 -16.06 -16.25 -16.06 -15.56 -14.84 -14.38 -13.72 -13.22 -12.84 -12.44 -11.81 -11.22 -10.84 -10.69 -10.66 -10.03 -9.78 -9.06 -8.78 -8.62 -8.22 -7.66 -7.62 -7.41 -7.19 -6.72 -6.31 -6.06 -5.62 -5.56 -5.47 -5.25 -4.94 -5.03 -4.16 -4.44 -4.59 -4.22 -4.12
-27.59 -27.97 -28.06 -28.22 -28.28 -28.28 -28.34 -28.34 -28.34 -28.31 -28.28 -28.12 -28.03 -27.78 -27.53 -27.06 -26.34 -26.00 -25.03 -24.09 -23.50 -22.41 -21.81 -21.31 -20.59 -19.84 -19.47 -19.19 -18.78 -18.75 -18.09 -18.09 -18.19 -17.81 -17.75 -17.53 -17.09 -16.66 -15.97 -15.41 -14.75 -14.59 -14.06 -13.38 -12.62 -12.03 -12.12 -11.75 -11.59 -11.06 -10.12 -10.41 -9.88 -9.56 -9.19 -8.53 -8.62 -8.34 -8.09 -7.41 -7.44 -7.34 -7.03 -7.00 -6.41 -6.53 -6.34 -6.22 -5.84 -5.44 -5.66 -5.59 -5.28
-27.75 -27.88 -28.06 -28.22 -28.28 -28.31 -28.34 -28.38 -28.38 -28.25 -28.28 -28.12 -28.06 -27.78 -27.41 -27.03 -26.31 -25.91 -25.16 -24.28 -23.59 -22.72 -22.12 -21.44 -20.66 -19.91 -19.62 -19.56 -19.16 -18.97 -18.38 -19.06 -18.84 -18.62 -18.34 -18.41 -17.94 -17.66 -17.22 -16.62 -15.59 -15.41 -14.56 -14.19 -13.91 -13.28 -13.28 -12.78 -12.31 -11.84 -11.50 -11.31 -10.94 -10.50 -9.75 -9.84 -9.56 -9.28 -9.06 -8.56 -8.69 -8.62 -8.47 -7.81 -7.66 -7.50 -7.62 -7.41 -7.22 -6.78 -6.12 -6.50 -6.53
-27.44 -27.81 -28.06 -28.19 -28.28 -28.31 -28.34 -28.34 -28.34 -28.28 -28.19 -28.16 -28.00 -27.78 -27.38 -26.91 -26.25 -25.56 -24.97 -24.16 -23.69 -22.59 -22.22 -21.59 -20.81 -20.25 -19.91 -19.88 -19.72 -19.81 -19.44 -19.72 -19.78 -19.69 -19.19 -19.03 -18.69 -18.09 -17.81 -16.91 -16.31 -15.56 -14.78 -14.72 -14.00 -14.31 -14.16 -13.78 -12.91 -12.72 -12.66 -11.97 -11.69 -11.19 -10.53 -10.78 -10.53 -10.25 -9.94 -9.69 -9.75 -9.66 -9.31 -9.06 -9.00 -8.62 -8.78 -8.59 -8.09 -8.03 -7.41 -7.44 -7.81
-27.41 -27.69 -27.97 -28.19 -28.25 -28.28 -28.31 -28.28 -28.25 -28.28 -28.12 -28.03 -27.91 -27.66 -27.31 -26.81 -26.31 -25.66 -25.03 -24.19 -23.41 -22.88 -22.25 -21.66 -20.97 -20.41 -20.19 -20.31 -20.34 -20.22 -20.34 -20.47 -20.53 -20.25 -19.50 -19.59 -19.50 -19.03 -18.59 -17.91 -17.59 -16.09 -15.84 -15.56 -15.38 -15.16 -14.75 -14.47 -14.06 -13.41 -13.28 -12.94 -12.38 -12.25 -11.81 -11.41 -11.50 -11.25 -10.81 -10.72 -10.72 -10.50 -10.53 -10.44 -9.94 -9.97 -9.81 -9.66 -8.97 -9.28 -9.22 -8.72 -8.97
-27.59 -27.62 -28.00 -28.16 -28.25 -28.28 -28.28 -28.28 -28.22 -28.22 -28.06 -27.97 -27.88 -27.56 -27.22 -26.72 -26.38 -25.84 -24.75 -24.16 -23.44 -22.78 -22.25 -21.50 -21.03 -20.81 -21.00 -20.50 -20.66 -20.69 -20.81 -20.91 -21.06 -20.94 -20.19 -20.00 -19.81 -19.53 -19.16 -18.59 -17.75 -17.50 -17.06 -16.62 -16.69 -15.91 -15.69 -15.19 -15.09 -14.53 -14.00 -13.75 -13.66 -13.06 -12.97 -12.56 -12.41 -12.19 -11.47 -11.56 -11.66 -11.59 -11.47 -11.34 -11.06 -10.94 -10.62 -10.50 -10.16 -10.38 -10.28 -10.06 -10.00
-27.75 -27.88 -28.06 -28.16 -28.22 -28.25 -28.25 -28.22 -28.16 -28.03 -27.94 -27.84 -27.72 -27.50 -27.09 -26.59 -26.25 -25.62 -24.91 -24.00 -23.53 -22.91 -22.31 -21.78 -21.69 -21.56 -20.97 -20.78 -21.25 -21.22 -21.31 -21.44 -21.38 -20.97 -20.62 -20.62 -20.06 -19.84 -19.38 -18.88 -18.59 -18.41 -18.06 -17.41 -17.19 -16.62 -16.19 -16.00 -15.41 -15.16 -14.53 -14.34 -14.22 -13.84 -13.78 -13.44 -13.19 -12.09 -11.88 -12.34 -12.50 -12.44 -12.34 -12.19 -12.03 -11.50 -11.56 -10.91 -10.84 -11.22 -11.16 -11.12 -10.84
-27.81 -27.91 -28.00 -28.03 -28.12 -28.16 -28.19 -28.16 -28.03 -27.84 -27.78 -27.62 -27.44 -27.38 -27.03 -26.62 -26.16 -25.47 -24.66 -24.09 -23.59 -23.19 -22.94 -22.44 -21.94 -22.06 -21.47 -21.44 -21.41 -21.62 -21.97 -21.78 -21.81 -21.44 -21.22 -20.81 -20.41 -20.25 -19.81 -19.69 -19.44 -19.19 -18.47 -18.06 -17.47 -17.09 -16.59 -16.50 -16.00 -15.84 -15.03 -14.56 -14.91 -14.88 -14.41 -14.34 -13.53 -12.91 -13.22 -13.38 -13.03 -13.03 -13.12 -13.03 -12.69 -12.34 -12.03 -11.94 -12.09 -12.00 -11.88 -11.50 -11.41
-27.75 -27.88 -27.91 -28.00 -28.03 -28.06 -28.06 -28.03 -27.84 -27.75 -27.50 -27.47 -27.28 -27.09 -26.69 -26.28 -25.91 -25.47 -25.16 -24.34 -24.19 -23.81 -23.31 -23.03 -22.62 -22.34 -22.09 -21.62 -21.72 -22.34 -22.25 -22.09 -21.81 -21.66 -21.34 -21.12 -21.03 -20.53 -20.47 -20.12 -20.00 -19.47 -18.91 -18.88 -18.09 -17.84 -17.47 -17.25 -16.75 -16.06 -16.03 -16.03 -15.59 -15.75 -15.34 -14.84 -14.53 -14.38 -14.16 -14.31 -14.19 -14.09 -14.00 -13.78 -13.47 -13.47 -13.34 -12.97 -12.91 -12.66 -12.41 -12.09 -12.19
-27.72 -27.84 -27.88 -27.94 -27.84 -27.97 -27.91 -27.84 -27.78 -27.62 -27.53 -27.25 -27.16 -26.84 -26.47 -26.16 -25.91 -25.56 -25.16 -24.47 -24.22 -24.00 -23.75 -23.28 -22.94 -23.00 -22.81 -22.12 -22.28 -22.41 -22.47 -22.28 -22.16 -21.78 -21.72 -21.22 -21.09 -20.62 -20.69 -20.53 -20.25 -19.75 -19.28 -19.19 -18.69 -18.12 -18.09 -17.59 -17.06 -16.44 -17.00 -16.94 -16.47 -16.38 -16.06 -15.75 -15.22 -15.31 -14.91 -15.09 -14.97 -14.81 -14.75 -14.62 -14.41 -14.31 -13.72 -13.62 -13.53 -13.25 -13.00 -12.75 -12.66
-27.66 -27.75 -27.78 -27.69 -27.69 -27.78 -27.75 -27.69 -27.59 -27.50 -27.41 -27.22 -26.94 -26.53 -26.12 -26.09 -25.88 -25.56 -25.00 -24.78 -24.41 -24.19 -24.06 -23.53 -23.53 -23.47 -23.03 -22.62 -22.59 -22.62 -22.31 -22.31 -22.19 -22.06 -21.69 -21.38 -21.25 -20.84 -20.91 -20.62 -20.34 -19.69 -19.59 -19.41 -18.97 -18.72 -18.25 -17.94 -17.19 -17.31 -17.56 -17.25 -17.03 -16.72 -16.44 -16.34 -16.19 -15.94 -15.66 -15.66 -15.59 -15.59 -15.47 -15.31 -15.09 -14.72 -14.75 -14.38 -14.12 -13.81 -13.44 -13.25 -13.12
-27.44 -27.50 -27.59 -27.47 -27.50 -27.50 -27.53 -27.41 -27.44 -27.31 -27.22 -26.94 -26.81 -26.28 -26.00 -26.00 -25.91 -25.47 -25.28 -25.00 -24.78 -24.38 -24.19 -23.66 -23.66 -23.62 -23.16 -23.16 -23.25 -23.03 -22.78 -22.53 -22.19 -22.06 -21.69 -21.47 -21.06 -21.12 -20.91 -20.69 -20.44 -19.78 -19.78 -19.47 -19.16 -18.97 -18.28 -18.25 -17.88 -17.88 -17.47 -17.50 -17.41 -16.94 -16.75 -16.81 -16.75 -16.44 -16.44 -16.34 -16.31 -16.34 -16.09 -15.94 -15.81 -15.53 -15.41 -15.06 -14.69 -14.31 -13.88 -13.69 -13.50
-27.31 -27.41 -27.41 -27.25 -27.44 -27.38 -27.22 -27.25 -27.12 -27.00 -26.97 -26.84 -26.50 -26.19 -26.06 -25.91 -25.62 -25.31 -25.22 -25.03 -24.91 -24.81 -24.47 -24.25 -24.19 -23.88 -23.75 -23.66 -23.47 -23.41 -23.06 -22.84 -22.47 -22.19 -21.47 -21.34 -21.31 -21.06 -20.78 -20.62 -20.25 -19.94 -19.75 -19.50 -19.31 -18.84 -18.38 -18.56 -18.28 -17.91 -17.69 -17.75 -17.66 -17.22 -17.34 -17.22 -17.22 -17.00 -17.06 -16.91 -16.81 -16.91 -16.81 -16.41 -16.44 -16.19 -16.00 -15.62 -15.22 -14.78 -14.25 -14.09 -13.94
-27.12 -27.22 -27.06 -27.12 -27.09 -27.09 -26.94 -27.03 -26.81 -26.88 -26.78 -26.66 -26.22 -26.22 -25.97 -25.81 -25.75 -25.44 -25.41 -25.12 -24.97 -24.88 -24.59 -24.34 -24.53 -24.22 -24.00 -23.72 -23.84 -23.44 -23.12 -22.84 -22.47 -22.09 -21.66 -21.19 -21.41 -21.03 -20.84 -20.53 -20.09 -19.69 -19.81 -19.59 -19.12 -18.88 -18.66 -18.72 -18.47 -17.97 -17.78 -17.88 -17.53 -17.50 -17.53 -17.59 -17.28 -16.97 -17.44 -17.25 -17.19 -17.31 -16.97 -17.06 -16.88 -16.91 -16.47 -16.22 -15.81 -15.12 -14.81 -14.62 -14.44
-27.00 -27.06 -26.97 -26.84 -26.72 -26.75 -26.56 -26.47 -26.53 -26.56 -26.56 -26.41 -26.12 -26.00 -25.75 -25.72 -25.66 -25.44 -25.16 -25.22 -25.06 -25.09 -24.72 -24.62 -24.72 -24.41 -24.16 -23.94 -23.75 -23.62 -23.25 -22.75 -22.53 -21.97 -21.69 -21.16 -21.19 -21.03 -20.59 -20.47 -20.12 -20.06 -19.69 -19.62 -19.22 -19.16 -18.88 -18.66 -18.44 -18.25 -17.94 -17.56 -17.78 -17.50 -17.50 -17.50 -17.34 -17.44 -17.41 -17.56 -17.34 -17.34 -17.41 -17.28 -17.47 -17.28 -17.12 -16.53 -16.00 -15.97 -15.53 -15.28 -15.03
-26.81 -26.78 -26.78 -26.50 -26.66 -26.62 -26.56 -26.38 -26.28 -26.25 -26.28 -26.03 -25.91 -25.75 -25.69 -25.75 -25.69 -25.44 -25.28 -25.38 -25.34 -25.25 -24.88 -24.75 -24.78 -24.50 -24.16 -24.00 -23.75 -23.62 -23.31 -22.81 -22.28 -22.00 -21.66 -21.12 -21.12 -20.78 -20.50 -20.28 -20.34 -20.12 -19.75 -19.66 -19.31 -19.09 -18.75 -18.56 -18.34 -18.19 -17.97 -17.84 -17.78 -17.88 -17.75 -17.56 -17.81 -17.75 -17.50 -17.81 -17.91 -17.66 -17.94 -18.00 -17.88 -17.62 -17.62 -17.28 -16.91 -16.56 -16.25 -15.91 -15.62
-26.59 -26.62 -26.62 -26.34 -26.38 -26.41 -26.31 -26.06 -26.00 -25.84 -25.75 -25.59 -25.59 -25.53 -25.88 -25.62 -25.75 -25.47 -25.34 -25.31 -25.47 -25.38 -25.12 -25.16 -24.94 -24.47 -24.03 -24.00 -23.75 -23.56 -23.38 -22.81 -22.16 -21.88 -21.31 -21.34 -20.91 -20.94 -20.69 -20.47 -20.38 -20.16 -19.72 -19.44 -19.41 -19.19 -18.88 -18.75 -18.34 -18.12 -18.03 -17.62 -17.88 -17.75 -17.75 -17.75 -17.94 -17.94 -17.72 -17.75 -17.69 -17.97 -18.31 -18.47 -18.31 -18.06 -18.06 -17.84 -17.41 -17.06 -16.88 -16.53 -16.12
-26.47 -26.34 -26.38 -26.22 -26.19 -26.00 -25.91 -25.59 -25.53 -25.59 -25.66 -25.78 -25.59 -25.44 -25.53 -25.50 -25.66 -25.75 -25.59 -25.62 -25.53 -25.47 -25.53 -25.44 -25.12 -24.72 -24.31 -24.09 -23.91 -23.38 -22.88 -22.41 -22.28 -22.06 -21.88 -21.38 -21.22 -20.97 -20.47 -20.44 -20.19 -19.91 -19.84 -19.34 -19.38 -19.12 -18.94 -18.69 -18.34 -18.28 -18.22 -17.88 -17.81 -17.75 -17.91 -17.97 -17.97 -18.00 -17.78 -17.44 -17.28 -18.00 -17.97 -18.34 -18.34 -18.38 -18.28 -17.91 -17.88 -17.50 -17.34 -16.97 -16.78
-26.34 -26.28 -26.19 -25.84 -25.78 -25.50 -25.28 -25.22 -25.16 -25.38 -25.22 -25.47 -25.50 -25.53 -25.50 -25.59 -25.81 -25.78 -25.94 -25.91 -25.78 -25.81 -25.66 -25.62 -25.41 -25.00 -24.56 -24.22 -24.00 -23.62 -23.16 -22.53 -22.34 -22.25 -21.66 -21.47 -21.16 -20.94 -20.69 -20.56 -20.34 -19.97 -19.88 -19.41 -19.50 -19.09 -19.06 -18.62 -18.53 -18.44 -18.38 -18.31 -17.69 -17.88 -18.06 -17.94 -17.94 -17.94 -17.94 -17.47 -17.22 -17.81 -17.88 -18.34 -18.53 -18.53 -18.56 -18.41 -18.25 -17.97 -17.72 -17.31 -17.47
-26.09 -25.97 -25.66 -25.41 -25.53 -25.50 -25.44 -25.19 -25.22 -25.09 -25.28 -25.12 -25.28 -25.66 -25.72 -25.84 -25.88 -26.00 -26.09 -26.00 -25.94 -26.03 -25.91 -25.75 -25.50 -25.25 -24.78 -24.44 -24.09 -23.66 -23.06 -22.81 -22.53 -22.00 -21.38 -21.38 -20.94 -20.78 -20.66 -20.50 -20.12 -19.78 -19.59 -19.47 -19.25 -19.06 -18.78 -18.69 -18.81 -18.66 -18.62 -18.53 -17.84 -18.16 -18.06 -18.00 -18.00 -18.09 -18.06 -17.78 -17.50 -17.78 -17.91 -18.38 -18.56 -18.69 -18.59 -18.69 -18.59 -18.59 -18.56 -18.25 -18.19
-25.72 -25.16 -25.38 -25.16 -25.22 -25.31 -25.34 -25.16 -24.84 -24.94 -25.22 -25.31 -25.50 -25.81 -26.16 -26.09 -26.19 -26.25 -26.25 -26.19 -26.03 -26.12 -26.06 -25.59 -25.62 -25.22 -24.81 -24.50 -24.03 -23.50 -22.91 -22.78 -22.41 -21.91 -21.41 -21.31 -20.91 -20.38 -20.41 -20.09 -19.94 -19.66 -19.72 -19.62 -19.31 -19.00 -18.94 -18.91 -18.94 -18.78 -18.62 -18.69 -18.41 -18.16 -18.38 -18.28 -17.91 -18.09 -17.94 -17.62 -17.84 -17.50 -18.06 -18.12 -18.38 -18.72 -18.72 -18.94 -18.59 -18.88 -18.75 -18.78 -18.66
-25.66 -25.47 -25.41 -25.31 -25.09 -25.09 -25.16 -25.00 -24.84 -25.06 -25.34 -25.69 -25.94 -25.91 -26.25 -26.41 -26.53 -26.47 -26.34 -26.09 -26.38 -26.28 -26.09 -25.94 -25.69 -25.31 -24.66 -24.44 -23.62 -23.19 -23.00 -22.47 -22.25 -21.72 -21.28 -21.09 -20.88 -20.59 -20.25 -20.16 -19.84 -19.66 -19.69 -19.47 -19.19 -19.22 -18.78 -19.09 -19.06 -19.03 -18.72 -18.84 -18.62 -18.19 -18.19 -18.00 -18.25 -18.16 -17.81 -17.88 -17.97 -17.62 -17.56 -17.91 -18.28 -18.62 -18.97 -18.78 -18.78 -19.09 -19.00 -19.25 -19.16
-25.72 -25.72 -25.50 -25.00 -24.91 -24.69 -24.72 -24.66 -24.94 -25.28 -25.50 -25.56 -25.97 -26.19 -26.34 -26.47 -26.59 -26.66 -26.59 -26.88 -26.66 -26.38 -26.19 -26.03 -25.62 -25.06 -24.75 -24.09 -23.62 -23.28 -22.59 -22.28 -21.97 -21.38 -20.84 -20.66 -20.62 -20.31 -20.16 -19.66 -19.69 -19.75 -19.59 -19.34 -19.22 -19.25 -18.94 -19.09 -19.16 -19.16 -19.03 -19.00 -18.47 -18.41 -18.38 -17.91 -17.88 -18.12 -18.22 -18.31 -18.19 -17.69 -17.91 -17.84 -18.22 -18.50 -18.78 -19.06 -19.19 -19.59 -19.66 -19.50 -19.59
-25.94 -25.72 -25.66 -25.16 -24.91 -24.38 -24.34 -24.47 -25.00 -25.41 -25.62 -25.72 -25.97 -26.41 -26.44 -26.72 -26.91 -26.75 -27.03 -27.03 -26.94 -26.59 -26.19 -26.00 -25.62 -25.22 -24.41 -24.03 -23.72 -23.22 -22.69 -21.91 -21.75 -21.19 -20.81 -20.38 -20.19 -19.91 -19.66 -19.56 -19.69 -19.62 -19.41 -19.44 -19.22 -19.22 -19.28 -19.22 -19.31 -19.22 -18.91 -18.97 -18.72 -19.00 -18.69 -18.69 -18.62 -18.47 -18.38 -18.47 -18.25 -18.00 -17.78 -18.09 -18.34 -18.69 -18.81 -19.06 -19.56 -19.75 -19.94 -19.84 -19.88
-26.03 -25.81 -25.38 -25.47 -24.94 -24.44 -24.50 -24.62 -25.16 -25.28 -25.56 -26.00 -26.41 -26.72 -26.78 -26.97 -27.09 -27.19 -27.25 -27.19 -27.12 -26.91 -26.66 -26.22 -25.75 -25.09 -24.72 -24.19 -23.72 -23.34 -22.72 -22.06 -21.56 -21.16 -20.72 -20.47 -20.28 -20.03 -19.94 -19.53 -19.38 -19.28 -19.09 -19.22 -19.28 -19.34 -19.50 -19.56 -19.44 -19.34 -19.34 -19.28 -19.34 -19.41 -19.12 -19.16 -19.28 -18.75 -18.75 -18.78 -18.66 -18.25 -18.09 -18.41 -18.22 -18.56 -18.72 -19.22 -19.88 -20.12 -20.28 -20.03 -20.06
-26.38 -25.97 -25.47 -25.47 -25.28 -25.16 -25.00 -24.97 -25.00 -25.56 -26.09 -26.56 -26.69 -26.91 -27.06 -27.19 -27.22 -27.41 -27.47 -27.50 -27.34 -27.12 -26.72 -26.16 -25.78 -25.16 -24.88 -24.44 -23.69 -23.16 -22.56 -21.84 -21.41 -21.12 -20.69 -20.34 -20.06 -19.88 -19.72 -19.66 -19.38 -19.31 -19.12 -19.31 -19.47 -19.56 -19.66 -19.62 -19.34 -19.38 -19.91 -19.84 -19.88 -19.72 -19.56 -19.59 -19.50 -19.09 -18.88 -19.12 -18.94 -18.66 -18.66 -18.50 -18.19 -18.50 -19.16 -19.72 -20.19 -20.44 -20.34 -20.38 -20.31
-26.75 -26.31 -25.97 -25.12 -25.72 -25.75 -25.44 -25.06 -25.00 -25.78 -26.41 -26.81 -26.88 -26.88 -27.22 -27.31 -27.47 -27.62 -27.72 -27.66 -27.44 -27.19 -26.72 -26.41 -25.94 -25.19 -24.88 -24.44 -23.78 -23.22 -22.28 -21.94 -21.19 -20.97 -20.56 -20.47 -20.16 -19.72 -19.34 -19.41 -19.12 -19.22 -18.91 -19.16 -19.47 -19.53 -19.78 -19.69 -19.62 -19.91 -20.19 -20.22 -20.09 -20.03 -20.03 -19.91 -19.62 -19.38 -19.31 -19.28 -19.12 -19.06 -19.09 -18.81 -18.53 -19.12 -19.16 -20.06 -20.44 -20.66 -20.75 -20.53 -20.66
-26.66 -26.53 -26.16 -25.38 -25.91 -26.00 -26.12 -25.72 -25.56 -25.97 -26.62 -26.84 -27.28 -27.41 -27.38 -27.62 -27.97 -28.00 -27.91 -27.91 -27.72 -27.50 -27.06 -26.47 -25.84 -25.47 -25.16 -24.41 -23.91 -23.03 -22.41 -21.81 -21.38 -20.97 -20.50 -20.25 -19.88 -19.62 -19.25 -19.09 -18.81 -19.06 -19.28 -19.38 -19.50 -19.66 -19.75 -19.72 -19.91 -20.31 -20.44 -20.44 -20.31 -20.28 -20.41 -20.34 -19.94 -19.59 -19.62 -19.59 -19.22 -19.16 -19.28 -18.97 -18.97 -19.44 -19.78 -20.25 -20.62 -20.91 -20.81 -20.81 -20.72
-27.38 -27.00 -26.16 -25.94 -26.38 -26.53 -26.34 -26.38 -26.25 -26.41 -26.50 -26.81 -27.16 -27.75 -27.78 -27.97 -28.25 -28.28 -28.19 -28.12 -27.97 -27.72 -27.25 -26.47 -26.22 -25.97 -25.25 -24.59 -24.06 -23.34 -22.75 -22.03 -21.66 -20.91 -20.59 -20.00 -19.88 -19.56 -19.31 -18.69 -18.91 -19.22 -19.38 -19.62 -19.75 -19.94 -20.03 -19.94 -20.28 -20.47 -20.56 -20.69 -20.47 -20.81 -20.81 -20.75 -20.19 -19.94 -19.69 -19.56 -19.47 -19.47 -19.06 -19.50 -19.50 -19.84 -20.25 -20.38 -20.69 -20.97 -21.03 -21.06 -20.88
-27.66 -27.19 -26.47 -26.84 -26.91 -26.88 -26.91 -26.88 -26.78 -26.94 -27.31 -27.53 -27.78 -28.31 -28.34 -28.50 -28.34 -28.59 -28.59 -28.47 -28.28 -27.88 -27.34 -26.91 -26.19 -26.12 -25.56 -24.94 -24.41 -23.62 -23.16 -22.28 -21.78 -20.88 -20.66 -20.31 -19.88 -19.78 -19.50 -18.75 -18.88 -19.09 -19.38 -19.59 -19.84 -20.03 -20.19 -20.31 -20.66 -20.81 -21.00 -21.06 -21.03 -21.12 -21.19 -20.97 -20.56 -20.31 -20.44 -20.22 -20.03 -19.69 -20.12 -20.09 -20.16 -20.31 -20.38 -20.72 -20.91 -21.09 -21.22 -21.28 -20.88
-27.66 -27.38 -27.56 -27.44 -27.44 -27.22 -27.34 -27.44 -27.38 -27.56 -27.78 -27.97 -28.16 -28.56 -28.66 -28.94 -28.81 -28.75 -28.84 -28.75 -28.53 -28.06 -27.34 -26.97 -26.72 -26.41 -25.81 -25.31 -24.44 -24.03 -23.41 -22.62 -21.56 -20.78 -20.84 -20.50 -20.28 -19.84 -19.69 -19.69 -19.34 -19.50 -19.56 -19.84 -19.97 -20.09 -20.31 -20.56 -20.88 -21.06 -21.19 -21.28 -21.41 -21.38 -21.38 -21.22 -20.91 -21.06 -21.09 -20.84 -20.53 -20.25 -20.16 -20.41 -20.56 -20.62 -20.78 -21.19 -21.12 -21.06 -21.44 -21.28 -21.09
-28.16 -28.12 -28.12 -27.91 -27.84 -27.81 -27.84 -27.78 -28.16 -28.09 -28.38 -28.34 -28.72 -29.00 -29.06 -29.09 -29.16 -29.06 -29.03 -28.88 -28.56 -28.03 -27.84 -27.19 -27.16 -26.75 -26.12 -25.28 -24.56 -24.16 -23.47 -22.84 -21.94 -21.69 -21.47 -21.19 -20.78 -20.31 -20.16 -20.06 -20.00 -19.94 -20.00 -20.25 -20.16 -20.34 -20.47 -20.62 -20.91 -21.22 -21.41 -21.47 -21.59 -21.59 -21.56 -21.59 -21.47 -21.56 -21.28 -21.19 -20.94 -20.47 -20.62 -20.69 -20.91 -20.84 -21.12 -21.22 -21.28 -21.34 -21.31 -21.12 -21.16
-28.91 -28.84 -28.56 -28.50 -28.41 -28.41 -28.34 -28.56 -28.50 -28.66 -28.94 -28.97 -29.22 -29.31 -29.34 -29.44 -29.56 -29.44 -29.22 -29.12 -28.94 -28.84 -28.41 -28.06 -27.84 -27.25 -26.53 -25.50 -24.97 -24.44 -23.78 -23.00 -22.44 -22.44 -21.91 -21.62 -21.16 -20.75 -20.44 -20.47 -20.44 -20.19 -20.06 -20.16 -20.50 -20.59 -20.62 -20.72 -20.75 -21.03 -21.50 -21.62 -21.75 -21.75 -21.84 -21.81 -21.78 -21.81 -21.44 -21.44 -21.16 -20.97 -20.66 -20.91 -21.03 -21.00 -21.31 -21.34 -21.47 -21.16 -21.31 -21.31 -21.38
