everonasctiles/Tile33,35.asc
ncols 128
nrows 128
xllcorner 0
yllcorner 0
cellsize 2.0
NODATA_value  -9999
[rows 64 to 95 of 128, columns 0 to 70 of 128]
-52.66 -52.91 -53.12 -53.44 -53.84 -54.19 -54.44 -54.53 -54.47 -54.31 -54.12 -54.16 -54.31 -54.47 -54.59 -54.59 -54.47 -54.34 -54.22 -54.09 -54.00 -53.88 -53.72 -53.47 -53.16 -52.84 -52.53 -52.19 -51.75 -51.28 -50.81 -50.38 -49.97 -49.53 -49.09 -48.66 -48.28 -47.91 -47.50 -47.12 -46.72 -46.34 -46.00 -45.66 -45.31 -44.97 -44.66 -44.38 -44.16 -44.00 -43.91 -44.00 -44.12 -44.25 -44.38 -44.56 -44.84 -45.38 -46.03 -46.75 -47.50 -48.25 -49.03 -49.75 -50.44 -51.03 -51.50 -51.78 -51.91 -51.94 -52.28
-53.00 -53.34 -53.59 -53.88 -54.19 -54.53 -54.78 -54.88 -54.84 -54.72 -54.66 -54.69 -54.75 -54.84 -54.91 -54.91 -54.81 -54.69 -54.56 -54.44 -54.34 -54.22 -54.03 -53.78 -53.47 -53.19 -52.84 -52.47 -52.03 -51.59 -51.19 -50.75 -50.28 -49.81 -49.34 -48.91 -48.50 -48.09 -47.69 -47.31 -46.94 -46.56 -46.19 -45.84 -45.47 -45.12 -44.78 -44.50 -44.25 -44.06 -43.97 -44.09 -44.25 -44.44 -44.59 -44.81 -45.06 -45.50 -46.12 -46.84 -47.62 -48.41 -49.19 -49.97 -50.72 -51.41 -52.00 -52.41 -52.69 -52.81 -53.06
-53.19 -53.66 -54.00 -54.28 -54.56 -54.84 -55.09 -55.19 -55.19 -55.09 -55.09 -55.09 -55.16 -55.19 -55.22 -55.19 -55.12 -55.00 -54.88 -54.75 -54.62 -54.50 -54.31 -54.06 -53.78 -53.47 -53.09 -52.72 -52.31 -51.91 -51.44 -50.97 -50.47 -49.97 -49.47 -49.03 -48.62 -48.22 -47.81 -47.44 -47.06 -46.69 -46.31 -45.94 -45.56 -45.19 -44.84 -44.53 -44.28 -44.09 -43.94 -44.16 -44.34 -44.56 -44.81 -45.06 -45.38 -45.81 -46.41 -47.06 -47.81 -48.59 -49.34 -50.16 -50.94 -51.69 -52.38 -52.94 -53.31 -53.62 -53.91
-53.31 -53.81 -54.25 -54.59 -54.88 -55.16 -55.38 -55.47 -55.47 -55.47 -55.47 -55.47 -55.47 -55.47 -55.50 -55.47 -55.38 -55.25 -55.12 -55.00 -54.91 -54.75 -54.56 -54.31 -54.03 -53.69 -53.34 -52.97 -52.53 -52.06 -51.56 -51.03 -50.50 -50.00 -49.50 -49.06 -48.66 -48.25 -47.88 -47.50 -47.12 -46.75 -46.34 -45.97 -45.56 -45.19 -44.84 -44.53 -44.28 -44.03 -43.91 -44.16 -44.41 -44.69 -44.97 -45.28 -45.66 -46.12 -46.69 -47.34 -48.06 -48.81 -49.59 -50.38 -51.16 -51.91 -52.62 -53.28 -53.84 -54.25 -54.62
-53.41 -53.94 -54.41 -54.81 -55.12 -55.41 -55.62 -55.72 -55.75 -55.75 -55.75 -55.78 -55.78 -55.75 -55.75 -55.72 -55.62 -55.50 -55.38 -55.25 -55.16 -55.00 -54.78 -54.53 -54.22 -53.91 -53.53 -53.12 -52.66 -52.16 -51.59 -51.03 -50.50 -49.97 -49.50 -49.06 -48.66 -48.25 -47.88 -47.50 -47.12 -46.72 -46.34 -45.94 -45.53 -45.16 -44.81 -44.50 -44.19 -43.88 -43.78 -44.12 -44.41 -44.72 -45.06 -45.44 -45.84 -46.31 -46.88 -47.50 -48.22 -49.00 -49.78 -50.56 -51.34 -52.09 -52.84 -53.53 -54.16 -54.69 -55.16
-53.62 -54.09 -54.53 -54.94 -55.31 -55.59 -55.81 -55.94 -56.00 -56.00 -56.03 -56.03 -56.03 -56.00 -55.97 -55.91 -55.81 -55.72 -55.59 -55.47 -55.34 -55.19 -54.94 -54.69 -54.38 -54.03 -53.66 -53.22 -52.72 -52.19 -51.62 -51.06 -50.50 -49.97 -49.50 -49.03 -48.62 -48.25 -47.88 -47.50 -47.09 -46.69 -46.28 -45.88 -45.50 -45.09 -44.75 -44.44 -44.09 -43.69 -43.59 -44.00 -44.38 -44.72 -45.09 -45.50 -45.94 -46.41 -46.97 -47.56 -48.28 -49.06 -49.84 -50.66 -51.44 -52.22 -52.97 -53.66 -54.31 -54.94 -55.47
-53.84 -54.28 -54.69 -55.09 -55.44 -55.75 -55.97 -56.12 -56.19 -56.22 -56.25 -56.25 -56.25 -56.22 -56.16 -56.09 -56.00 -55.91 -55.78 -55.66 -55.53 -55.31 -55.06 -54.78 -54.47 -54.12 -53.72 -53.25 -52.75 -52.22 -51.66 -51.09 -50.50 -49.97 -49.44 -49.00 -48.59 -48.22 -47.84 -47.47 -47.06 -46.62 -46.22 -45.78 -45.41 -45.03 -44.69 -44.38 -43.94 -43.50 -43.41 -43.72 -44.22 -44.66 -45.06 -45.47 -45.94 -46.41 -46.94 -47.56 -48.22 -48.97 -49.75 -50.56 -51.34 -52.12 -52.91 -53.62 -54.31 -54.94 -55.53
-54.03 -54.47 -54.88 -55.25 -55.56 -55.88 -56.09 -56.25 -56.34 -56.38 -56.44 -56.44 -56.44 -56.38 -56.31 -56.25 -56.16 -56.06 -55.94 -55.81 -55.62 -55.44 -55.19 -54.91 -54.56 -54.22 -53.78 -53.31 -52.81 -52.28 -51.72 -51.12 -50.50 -49.88 -49.38 -48.97 -48.62 -48.28 -47.91 -47.47 -47.03 -46.56 -46.12 -45.69 -45.28 -44.91 -44.59 -44.22 -43.81 -43.47 -43.34 -43.59 -44.03 -44.56 -45.00 -45.41 -45.84 -46.31 -46.81 -47.38 -48.03 -48.75 -49.53 -50.34 -51.12 -51.94 -52.69 -53.41 -54.12 -54.78 -55.41
-54.19 -54.62 -55.03 -55.38 -55.69 -55.97 -56.19 -56.34 -56.44 -56.50 -56.56 -56.56 -56.56 -56.50 -56.44 -56.38 -56.28 -56.19 -56.06 -55.91 -55.72 -55.50 -55.28 -55.00 -54.66 -54.28 -53.84 -53.38 -52.88 -52.38 -51.81 -51.12 -50.44 -50.00 -49.66 -49.28 -48.88 -48.50 -48.06 -47.59 -47.06 -46.47 -45.94 -45.47 -45.06 -44.72 -44.41 -44.16 -43.91 -43.69 -43.59 -43.75 -44.09 -44.53 -44.94 -45.31 -45.69 -46.09 -46.56 -47.09 -47.75 -48.47 -49.28 -50.06 -50.88 -51.66 -52.41 -53.16 -53.88 -54.56 -55.22
-54.31 -54.75 -55.12 -55.47 -55.78 -56.06 -56.28 -56.41 -56.53 -56.59 -56.66 -56.69 -56.66 -56.62 -56.53 -56.47 -56.38 -56.28 -56.16 -56.00 -55.81 -55.56 -55.31 -55.03 -54.69 -54.31 -53.91 -53.44 -52.97 -52.44 -51.84 -51.12 -50.69 -50.47 -50.16 -49.72 -49.31 -48.88 -48.41 -47.91 -47.28 -46.62 -46.09 -45.62 -45.28 -45.00 -44.72 -44.47 -44.25 -44.06 -43.97 -44.06 -44.31 -44.62 -44.94 -45.22 -45.53 -45.84 -46.22 -46.66 -47.28 -48.06 -48.94 -49.78 -50.59 -51.38 -52.12 -52.88 -53.56 -54.28 -55.00
-54.47 -54.84 -55.22 -55.56 -55.88 -56.12 -56.31 -56.47 -56.59 -56.66 -56.72 -56.75 -56.75 -56.69 -56.62 -56.53 -56.47 -56.34 -56.22 -56.03 -55.84 -55.59 -55.31 -55.00 -54.66 -54.28 -53.88 -53.44 -52.97 -52.44 -51.78 -51.34 -51.25 -50.97 -50.62 -50.19 -49.72 -49.28 -48.78 -48.28 -47.75 -47.09 -46.59 -46.22 -45.88 -45.53 -45.22 -44.91 -44.66 -44.47 -44.34 -44.41 -44.62 -44.84 -45.03 -45.22 -45.41 -45.56 -45.75 -46.12 -46.75 -47.56 -48.44 -49.28 -50.16 -51.00 -51.88 -52.62 -53.34 -54.09 -54.81
-54.66 -55.03 -55.38 -55.69 -55.97 -56.19 -56.41 -56.53 -56.62 -56.72 -56.75 -56.78 -56.78 -56.75 -56.69 -56.59 -56.50 -56.38 -56.22 -56.03 -55.81 -55.56 -55.28 -54.97 -54.59 -54.22 -53.78 -53.31 -52.81 -52.25 -51.94 -51.91 -51.78 -51.47 -51.09 -50.62 -50.16 -49.66 -49.19 -48.66 -48.12 -47.59 -47.09 -46.66 -46.25 -45.84 -45.50 -45.22 -45.00 -44.84 -44.72 -44.78 -44.91 -45.06 -45.22 -45.38 -45.50 -45.53 -45.53 -45.78 -46.34 -47.06 -47.91 -48.78 -49.72 -50.69 -51.69 -52.44 -53.16 -53.91 -54.62
-54.88 -55.22 -55.56 -55.84 -56.09 -56.31 -56.47 -56.59 -56.69 -56.75 -56.81 -56.81 -56.81 -56.78 -56.72 -56.66 -56.53 -56.41 -56.22 -56.03 -55.81 -55.56 -55.25 -54.91 -54.50 -54.06 -53.59 -53.09 -52.69 -52.50 -52.53 -52.50 -52.31 -51.97 -51.53 -51.06 -50.56 -50.06 -49.53 -48.97 -48.44 -47.94 -47.47 -47.03 -46.56 -46.16 -45.78 -45.50 -45.31 -45.22 -45.16 -45.12 -45.19 -45.28 -45.41 -45.56 -45.69 -45.75 -45.75 -45.81 -46.19 -46.81 -47.56 -48.47 -49.44 -50.47 -51.47 -52.22 -52.94 -53.66 -54.38
-55.06 -55.41 -55.75 -56.03 -56.25 -56.44 -56.59 -56.69 -56.78 -56.81 -56.84 -56.88 -56.84 -56.81 -56.75 -56.69 -56.56 -56.41 -56.25 -56.06 -55.84 -55.56 -55.25 -54.88 -54.44 -54.00 -53.59 -53.28 -53.16 -53.19 -53.19 -53.06 -52.81 -52.44 -51.97 -51.47 -50.97 -50.41 -49.84 -49.28 -48.75 -48.28 -47.81 -47.34 -46.84 -46.41 -46.06 -45.84 -45.72 -45.62 -45.53 -45.47 -45.50 -45.56 -45.69 -45.81 -45.91 -46.00 -46.06 -46.12 -46.38 -46.91 -47.59 -48.44 -49.38 -50.38 -51.25 -51.97 -52.66 -53.34 -54.00
-55.22 -55.59 -55.91 -56.19 -56.41 -56.59 -56.72 -56.81 -56.88 -56.91 -56.94 -56.91 -56.91 -56.84 -56.81 -56.72 -56.59 -56.47 -56.31 -56.12 -55.91 -55.66 -55.38 -55.00 -54.66 -54.38 -54.09 -53.91 -53.91 -53.88 -53.78 -53.59 -53.28 -52.84 -52.38 -51.84 -51.28 -50.69 -50.12 -49.59 -49.09 -48.59 -48.09 -47.56 -47.06 -46.66 -46.41 -46.28 -46.16 -46.03 -45.94 -45.88 -45.84 -45.88 -45.94 -46.06 -46.16 -46.25 -46.34 -46.50 -46.75 -47.22 -47.91 -48.69 -49.53 -50.31 -51.03 -51.72 -52.38 -53.00 -53.59
-55.41 -55.75 -56.06 -56.34 -56.56 -56.72 -56.84 -56.91 -56.94 -57.00 -57.00 -57.00 -56.97 -56.91 -56.84 -56.78 -56.69 -56.56 -56.41 -56.25 -56.06 -55.88 -55.66 -55.44 -55.22 -55.03 -54.81 -54.66 -54.56 -54.47 -54.31 -54.06 -53.69 -53.22 -52.72 -52.16 -51.56 -50.94 -50.41 -49.88 -49.41 -48.88 -48.34 -47.78 -47.25 -47.00 -46.88 -46.75 -46.62 -46.47 -46.38 -46.28 -46.22 -46.19 -46.25 -46.31 -46.41 -46.53 -46.62 -46.75 -47.00 -47.50 -48.16 -48.84 -49.56 -50.25 -50.91 -51.56 -52.16 -52.72 -53.25
-55.56 -55.88 -56.19 -56.47 -56.66 -56.81 -56.94 -57.00 -57.03 -57.06 -57.09 -57.06 -57.03 -56.97 -56.94 -56.84 -56.78 -56.69 -56.56 -56.44 -56.31 -56.16 -56.03 -55.91 -55.75 -55.59 -55.38 -55.22 -55.09 -54.97 -54.78 -54.47 -54.06 -53.56 -53.03 -52.41 -51.78 -51.19 -50.69 -50.22 -49.72 -49.16 -48.56 -47.94 -47.59 -47.50 -47.38 -47.25 -47.09 -46.94 -46.81 -46.69 -46.59 -46.53 -46.53 -46.59 -46.66 -46.75 -46.84 -46.97 -47.16 -47.56 -48.19 -48.91 -49.59 -50.25 -50.94 -51.56 -52.19 -52.81 -53.44
-55.72 -56.00 -56.28 -56.53 -56.72 -56.88 -57.00 -57.06 -57.09 -57.12 -57.16 -57.12 -57.09 -57.06 -57.00 -56.97 -56.91 -56.84 -56.78 -56.69 -56.59 -56.47 -56.38 -56.25 -56.16 -56.03 -55.84 -55.69 -55.56 -55.44 -55.19 -54.81 -54.38 -53.84 -53.28 -52.66 -52.03 -51.53 -51.09 -50.59 -50.06 -49.47 -48.81 -48.31 -48.12 -48.00 -47.88 -47.72 -47.59 -47.44 -47.25 -47.09 -46.94 -46.84 -46.84 -46.84 -46.91 -46.97 -47.06 -47.19 -47.31 -47.53 -48.09 -48.91 -49.66 -50.31 -51.00 -51.69 -52.34 -53.00 -53.66
-55.78 -56.06 -56.31 -56.56 -56.75 -56.91 -57.03 -57.09 -57.16 -57.19 -57.19 -57.19 -57.19 -57.16 -57.09 -57.06 -57.06 -57.03 -57.00 -56.94 -56.88 -56.78 -56.72 -56.62 -56.53 -56.41 -56.25 -56.12 -56.00 -55.81 -55.50 -55.09 -54.62 -54.09 -53.50 -52.88 -52.38 -51.94 -51.50 -51.00 -50.44 -49.81 -49.25 -48.88 -48.66 -48.47 -48.34 -48.22 -48.06 -47.91 -47.72 -47.50 -47.31 -47.19 -47.12 -47.09 -47.09 -47.16 -47.28 -47.44 -47.59 -47.75 -48.09 -48.78 -49.62 -50.38 -51.06 -51.78 -52.47 -53.16 -53.84
-55.75 -56.03 -56.31 -56.53 -56.75 -56.94 -57.06 -57.16 -57.19 -57.25 -57.25 -57.25 -57.25 -57.25 -57.22 -57.19 -57.19 -57.22 -57.22 -57.22 -57.16 -57.12 -57.06 -57.00 -56.91 -56.78 -56.66 -56.50 -56.34 -56.09 -55.75 -55.31 -54.84 -54.31 -53.75 -53.22 -52.81 -52.41 -51.91 -51.38 -50.81 -50.25 -49.75 -49.34 -49.09 -48.94 -48.81 -48.69 -48.56 -48.38 -48.16 -47.91 -47.66 -47.53 -47.44 -47.34 -47.28 -47.31 -47.47 -47.69 -47.91 -48.12 -48.38 -48.78 -49.53 -50.31 -51.09 -51.84 -52.56 -53.28 -53.97
-55.69 -56.00 -56.28 -56.53 -56.75 -56.94 -57.06 -57.16 -57.22 -57.28 -57.31 -57.34 -57.34 -57.34 -57.34 -57.34 -57.38 -57.41 -57.47 -57.47 -57.47 -57.44 -57.38 -57.34 -57.25 -57.16 -57.00 -56.84 -56.62 -56.31 -55.97 -55.53 -55.06 -54.56 -54.09 -53.69 -53.28 -52.84 -52.31 -51.72 -51.16 -50.59 -50.12 -49.72 -49.47 -49.38 -49.28 -49.19 -49.03 -48.81 -48.56 -48.28 -48.03 -47.84 -47.72 -47.56 -47.44 -47.38 -47.62 -47.88 -48.19 -48.47 -48.75 -49.06 -49.41 -50.06 -50.88 -51.72 -52.56 -53.31 -54.03
-55.66 -55.97 -56.25 -56.50 -56.75 -56.94 -57.06 -57.19 -57.25 -57.31 -57.34 -57.41 -57.44 -57.44 -57.47 -57.47 -57.53 -57.62 -57.69 -57.72 -57.72 -57.72 -57.69 -57.66 -57.56 -57.44 -57.28 -57.09 -56.84 -56.53 -56.19 -55.78 -55.38 -54.94 -54.53 -54.12 -53.72 -53.22 -52.62 -52.03 -51.44 -50.88 -50.38 -49.97 -49.81 -49.78 -49.75 -49.66 -49.50 -49.25 -48.97 -48.66 -48.41 -48.19 -47.97 -47.75 -47.56 -47.44 -47.72 -48.06 -48.41 -48.78 -49.12 -49.47 -49.72 -50.03 -50.59 -51.41 -52.31 -53.25 -54.06
-55.75 -56.03 -56.28 -56.53 -56.75 -56.94 -57.09 -57.19 -57.28 -57.34 -57.41 -57.47 -57.53 -57.56 -57.59 -57.62 -57.72 -57.81 -57.91 -57.97 -58.00 -58.00 -57.97 -57.91 -57.81 -57.69 -57.53 -57.28 -57.03 -56.72 -56.41 -56.09 -55.72 -55.34 -54.94 -54.56 -54.09 -53.53 -52.91 -52.28 -51.66 -51.03 -50.47 -50.06 -50.16 -50.22 -50.19 -50.09 -49.91 -49.66 -49.34 -49.03 -48.72 -48.47 -48.19 -47.94 -47.66 -47.41 -47.81 -48.22 -48.59 -49.00 -49.44 -49.84 -50.22 -50.59 -51.00 -51.59 -52.41 -53.31 -54.12
-55.88 -56.12 -56.34 -56.56 -56.78 -56.94 -57.09 -57.22 -57.31 -57.41 -57.47 -57.53 -57.62 -57.69 -57.75 -57.81 -57.88 -58.00 -58.09 -58.19 -58.22 -58.22 -58.19 -58.12 -58.03 -57.88 -57.69 -57.47 -57.22 -56.97 -56.69 -56.41 -56.06 -55.72 -55.34 -54.91 -54.38 -53.78 -53.12 -52.44 -51.69 -50.88 -50.22 -50.25 -50.56 -50.66 -50.62 -50.50 -50.31 -50.00 -49.66 -49.31 -49.00 -48.66 -48.34 -48.06 -47.72 -47.34 -47.78 -48.28 -48.72 -49.16 -49.62 -50.12 -50.59 -51.09 -51.62 -52.22 -52.94 -53.66 -54.34
-56.00 -56.22 -56.44 -56.62 -56.81 -56.97 -57.12 -57.25 -57.34 -57.44 -57.53 -57.62 -57.72 -57.81 -57.91 -57.97 -58.06 -58.16 -58.28 -58.34 -58.41 -58.44 -58.38 -58.31 -58.19 -58.03 -57.84 -57.62 -57.41 -57.19 -56.97 -56.72 -56.41 -56.03 -55.62 -55.16 -54.59 -54.00 -53.28 -52.41 -51.44 -50.66 -50.31 -50.72 -51.06 -51.09 -51.06 -50.94 -50.69 -50.34 -49.97 -49.56 -49.19 -48.81 -48.47 -48.12 -47.62 -47.22 -47.56 -48.19 -48.75 -49.25 -49.72 -50.25 -50.81 -51.38 -51.94 -52.56 -53.22 -53.88 -54.50
-56.16 -56.34 -56.53 -56.69 -56.88 -57.03 -57.16 -57.28 -57.38 -57.50 -57.62 -57.72 -57.81 -57.94 -58.03 -58.12 -58.22 -58.31 -58.41 -58.50 -58.56 -58.59 -58.53 -58.44 -58.31 -58.16 -57.97 -57.78 -57.59 -57.44 -57.25 -56.97 -56.66 -56.28 -55.84 -55.38 -54.81 -54.19 -53.38 -52.47 -51.62 -51.06 -50.97 -51.41 -51.62 -51.59 -51.50 -51.34 -51.03 -50.66 -50.22 -49.81 -49.38 -48.97 -48.59 -48.12 -47.59 -47.19 -47.41 -47.97 -48.66 -49.25 -49.78 -50.28 -50.81 -51.41 -52.03 -52.66 -53.28 -53.91 -54.50
-56.28 -56.47 -56.62 -56.78 -56.94 -57.06 -57.19 -57.31 -57.44 -57.53 -57.66 -57.78 -57.91 -58.03 -58.16 -58.28 -58.34 -58.44 -58.53 -58.62 -58.69 -58.72 -58.66 -58.56 -58.44 -58.28 -58.12 -57.97 -57.81 -57.66 -57.47 -57.19 -56.88 -56.47 -56.03 -55.56 -55.03 -54.44 -53.72 -52.94 -52.31 -51.97 -51.97 -52.25 -52.22 -52.09 -51.94 -51.72 -51.38 -50.94 -50.47 -50.03 -49.59 -49.19 -48.84 -48.38 -47.78 -47.38 -47.53 -48.00 -48.56 -49.22 -49.75 -50.25 -50.72 -51.28 -51.81 -52.44 -53.06 -53.72 -54.38
-56.41 -56.56 -56.72 -56.88 -57.03 -57.16 -57.28 -57.38 -57.47 -57.56 -57.69 -57.81 -57.97 -58.09 -58.25 -58.38 -58.47 -58.56 -58.62 -58.72 -58.78 -58.81 -58.75 -58.69 -58.56 -58.41 -58.28 -58.12 -58.00 -57.84 -57.66 -57.38 -57.03 -56.66 -56.25 -55.81 -55.38 -54.91 -54.31 -53.75 -53.31 -53.09 -53.09 -52.97 -52.78 -52.59 -52.41 -52.09 -51.69 -51.22 -50.72 -50.28 -49.94 -49.69 -49.38 -48.81 -48.12 -47.78 -47.91 -48.28 -48.72 -49.16 -49.66 -50.12 -50.53 -50.94 -51.38 -51.84 -52.47 -53.28 -54.06
-56.50 -56.66 -56.84 -56.97 -57.12 -57.22 -57.34 -57.44 -57.53 -57.62 -57.72 -57.88 -58.00 -58.16 -58.31 -58.44 -58.56 -58.66 -58.72 -58.81 -58.84 -58.88 -58.84 -58.75 -58.66 -58.53 -58.41 -58.28 -58.16 -58.00 -57.78 -57.50 -57.19 -56.81 -56.44 -56.09 -55.75 -55.41 -55.03 -54.62 -54.34 -54.09 -53.84 -53.56 -53.31 -53.09 -52.84 -52.47 -51.97 -51.47 -51.06 -50.78 -50.50 -50.22 -49.94 -49.31 -48.59 -48.28 -48.44 -48.78 -49.09 -49.34 -49.59 -49.88 -50.16 -50.28 -50.47 -50.91 -51.62 -52.53 -53.44
-56.53 -56.72 -56.91 -57.06 -57.19 -57.31 -57.44 -57.53 -57.62 -57.69 -57.78 -57.91 -58.06 -58.22 -58.38 -58.50 -58.62 -58.72 -58.78 -58.84 -58.91 -58.91 -58.88 -58.81 -58.72 -58.62 -58.50 -58.38 -58.25 -58.06 -57.88 -57.59 -57.31 -57.00 -56.66 -56.34 -56.06 -55.78 -55.50 -55.19 -54.91 -54.66 -54.38 -54.09 -53.81 -53.53 -53.22 -52.78 -52.28 -51.78 -51.56 -51.31 -51.00 -50.72 -50.41 -49.81 -49.16 -48.88 -49.00 -49.31 -49.62 -49.78 -49.91 -49.91 -49.84 -49.84 -50.03 -50.50 -51.19 -52.03 -52.94
-56.56 -56.75 -56.94 -57.09 -57.25 -57.38 -57.47 -57.59 -57.69 -57.78 -57.88 -57.97 -58.12 -58.25 -58.41 -58.53 -58.66 -58.75 -58.81 -58.88 -58.91 -58.91 -58.91 -58.84 -58.75 -58.66 -58.53 -58.41 -58.28 -58.12 -57.94 -57.69 -57.44 -57.16 -56.88 -56.59 -56.34 -56.09 -55.84 -55.59 -55.34 -55.09 -54.81 -54.53 -54.25 -53.94 -53.56 -53.06 -52.56 -52.28 -52.06 -51.81 -51.53 -51.19 -50.88 -50.34 -49.78 -49.56 -49.62 -49.84 -50.00 -50.09 -50.25 -50.38 -50.34 -50.28 -50.41 -50.75 -51.31 -52.06 -52.91
-56.53 -56.75 -56.94 -57.09 -57.25 -57.38 -57.50 -57.62 -57.72 -57.81 -57.91 -58.03 -58.16 -58.28 -58.44 -58.56 -58.69 -58.78 -58.84 -58.88 -58.88 -58.91 -58.88 -58.81 -58.75 -58.66 -58.53 -58.44 -58.28 -58.16 -57.97 -57.78 -57.56 -57.31 -57.09 -56.84 -56.62 -56.38 -56.16 -55.94 -55.72 -55.47 -55.19 -54.91 -54.59 -54.28 -53.88 -53.41 -53.00 -52.81 -52.59 -52.34 -52.03 -51.66 -51.34 -50.94 -50.44 -50.19 -50.22 -50.31 -50.34 -50.44 -50.59 -50.75 -50.88 -50.91 -51.09 -51.41 -51.84 -52.50 -53.31
