everonasctiles/Tile22,25.asc
ncols 128
nrows 128
xllcorner 0
yllcorner 0
cellsize 2.0
NODATA_value  -9999
[rows 0 to 31 of 128, columns 0 to 70 of 128]
138.50 138.69 138.88 139.03 139.19 139.31 139.44 139.59 139.69 139.81 139.94 140.06 140.16 140.28 140.41 140.53 140.66 140.78 140.91 141.06 141.19 141.34 141.50 141.66 141.81 141.97 142.12 142.31 142.47 142.66 142.84 143.03 143.22 143.41 143.59 143.78 143.97 144.19 144.38 144.56 144.75 144.94 145.12 145.28 145.47 145.62 145.81 145.97 146.12 146.25 146.41 146.53 146.66 146.75 146.88 146.97 147.06 147.12 147.16 147.19 147.25 147.25 147.28 147.31 147.31 147.31 147.31 147.28 147.28 147.28 147.28
138.34 138.53 138.72 138.88 139.03 139.19 139.31 139.44 139.56 139.69 139.81 139.91 140.03 140.16 140.28 140.41 140.53 140.66 140.78 140.94 141.06 141.22 141.38 141.53 141.69 141.84 142.03 142.19 142.38 142.56 142.75 142.94 143.12 143.31 143.50 143.69 143.88 144.09 144.28 144.47 144.66 144.84 145.03 145.22 145.41 145.56 145.72 145.88 146.03 146.19 146.31 146.44 146.56 146.69 146.78 146.88 146.91 146.97 147.00 147.03 147.06 147.06 147.09 147.09 147.09 147.09 147.09 147.06 147.06 147.03 147.03
138.19 138.38 138.56 138.75 138.91 139.03 139.19 139.31 139.44 139.53 139.66 139.78 139.91 140.03 140.16 140.28 140.41 140.53 140.66 140.81 140.94 141.09 141.25 141.41 141.56 141.75 141.91 142.09 142.25 142.44 142.62 142.81 143.00 143.19 143.41 143.59 143.78 144.00 144.19 144.38 144.59 144.78 144.97 145.16 145.31 145.50 145.66 145.81 145.97 146.12 146.25 146.38 146.50 146.59 146.69 146.72 146.75 146.81 146.84 146.88 146.88 146.91 146.91 146.91 146.91 146.88 146.88 146.84 146.84 146.81 146.78
138.03 138.25 138.44 138.59 138.75 138.91 139.03 139.16 139.28 139.41 139.53 139.66 139.78 139.88 140.00 140.12 140.28 140.41 140.53 140.69 140.84 141.00 141.16 141.31 141.47 141.62 141.81 141.97 142.16 142.34 142.53 142.72 142.91 143.09 143.31 143.50 143.72 143.91 144.09 144.31 144.50 144.72 144.91 145.09 145.28 145.44 145.59 145.75 145.91 146.06 146.19 146.31 146.41 146.50 146.53 146.56 146.62 146.66 146.66 146.69 146.69 146.72 146.69 146.69 146.69 146.66 146.66 146.62 146.59 146.56 146.53
137.88 138.09 138.28 138.47 138.62 138.78 138.91 139.03 139.16 139.28 139.41 139.50 139.62 139.75 139.88 140.00 140.16 140.28 140.44 140.56 140.72 140.88 141.03 141.19 141.38 141.53 141.72 141.88 142.06 142.25 142.44 142.62 142.81 143.00 143.22 143.41 143.62 143.81 144.03 144.22 144.44 144.62 144.84 145.03 145.22 145.38 145.56 145.72 145.88 146.00 146.12 146.25 146.28 146.34 146.38 146.44 146.47 146.47 146.50 146.50 146.53 146.53 146.50 146.50 146.47 146.44 146.41 146.38 146.34 146.31 146.28
137.72 137.94 138.16 138.31 138.50 138.62 138.78 138.91 139.03 139.16 139.25 139.38 139.50 139.62 139.75 139.91 140.03 140.16 140.31 140.47 140.62 140.78 140.94 141.09 141.28 141.44 141.59 141.78 141.97 142.16 142.31 142.53 142.72 142.91 143.12 143.31 143.53 143.72 143.94 144.16 144.38 144.56 144.78 144.97 145.16 145.34 145.50 145.66 145.81 145.94 146.03 146.09 146.16 146.22 146.25 146.28 146.31 146.31 146.34 146.34 146.34 146.31 146.31 146.28 146.25 146.22 146.19 146.16 146.12 146.06 146.03
137.56 137.78 138.00 138.19 138.34 138.50 138.66 138.78 138.91 139.03 139.12 139.25 139.38 139.50 139.62 139.78 139.91 140.06 140.22 140.34 140.50 140.69 140.84 141.00 141.16 141.34 141.50 141.69 141.84 142.03 142.22 142.41 142.59 142.81 143.00 143.22 143.44 143.66 143.84 144.06 144.28 144.50 144.72 144.91 145.09 145.28 145.47 145.62 145.75 145.88 145.94 146.00 146.06 146.09 146.12 146.16 146.16 146.16 146.16 146.16 146.16 146.12 146.12 146.09 146.06 146.00 145.97 145.91 145.88 145.81 145.78
137.41 137.66 137.88 138.06 138.22 138.38 138.53 138.66 138.78 138.88 139.00 139.12 139.25 139.38 139.50 139.66 139.78 139.94 140.09 140.25 140.41 140.56 140.75 140.91 141.06 141.22 141.41 141.56 141.75 141.94 142.09 142.31 142.50 142.69 142.91 143.09 143.31 143.53 143.78 144.00 144.22 144.44 144.66 144.88 145.06 145.25 145.41 145.56 145.69 145.78 145.84 145.91 145.94 145.97 146.00 146.00 146.00 146.00 146.00 146.00 145.97 145.94 145.91 145.88 145.84 145.78 145.72 145.69 145.62 145.56 145.50
137.25 137.50 137.72 137.94 138.09 138.25 138.41 138.53 138.66 138.75 138.88 139.00 139.12 139.25 139.38 139.53 139.69 139.81 140.00 140.16 140.31 140.47 140.62 140.81 140.97 141.12 141.28 141.47 141.62 141.81 142.00 142.19 142.38 142.56 142.78 143.00 143.22 143.44 143.69 143.91 144.12 144.38 144.59 144.81 145.00 145.22 145.38 145.53 145.62 145.69 145.75 145.78 145.81 145.84 145.84 145.88 145.84 145.84 145.84 145.81 145.78 145.75 145.72 145.69 145.62 145.56 145.50 145.44 145.38 145.31 145.25
137.09 137.34 137.59 137.81 137.97 138.16 138.28 138.41 138.53 138.62 138.75 138.88 139.00 139.12 139.25 139.41 139.56 139.72 139.88 140.03 140.22 140.38 140.53 140.69 140.84 141.00 141.19 141.34 141.50 141.69 141.84 142.03 142.22 142.44 142.66 142.88 143.09 143.34 143.56 143.81 144.06 144.31 144.53 144.75 144.97 145.16 145.34 145.47 145.56 145.59 145.66 145.69 145.72 145.72 145.72 145.72 145.72 145.69 145.69 145.66 145.62 145.56 145.53 145.47 145.41 145.34 145.28 145.19 145.09 145.03 144.94
136.94 137.22 137.47 137.69 137.88 138.03 138.16 138.28 138.41 138.50 138.62 138.75 138.88 139.00 139.12 139.28 139.44 139.59 139.78 139.94 140.09 140.25 140.44 140.59 140.75 140.91 141.06 141.22 141.38 141.53 141.72 141.88 142.09 142.28 142.50 142.72 142.97 143.19 143.44 143.72 143.97 144.22 144.47 144.69 144.94 145.12 145.31 145.41 145.47 145.53 145.56 145.59 145.59 145.59 145.59 145.59 145.56 145.56 145.53 145.47 145.44 145.41 145.34 145.28 145.19 145.12 145.03 144.94 144.84 144.75 144.66
136.75 137.06 137.31 137.56 137.75 137.91 138.06 138.16 138.28 138.38 138.50 138.62 138.75 138.88 139.00 139.16 139.31 139.50 139.66 139.81 140.00 140.16 140.31 140.47 140.62 140.75 140.91 141.06 141.22 141.38 141.53 141.72 141.91 142.12 142.31 142.56 142.81 143.06 143.31 143.59 143.84 144.12 144.38 144.62 144.88 145.09 145.25 145.34 145.41 145.44 145.47 145.50 145.50 145.50 145.47 145.47 145.44 145.41 145.38 145.31 145.25 145.22 145.16 145.06 145.00 144.91 144.78 144.69 144.53 144.44 144.34
136.56 136.91 137.19 137.44 137.62 137.78 137.94 138.06 138.16 138.25 138.38 138.47 138.59 138.75 138.88 139.03 139.22 139.38 139.56 139.72 139.88 140.03 140.19 140.34 140.47 140.62 140.75 140.91 141.03 141.19 141.34 141.53 141.72 141.91 142.12 142.38 142.62 142.88 143.16 143.44 143.72 144.00 144.25 144.53 144.78 145.00 145.19 145.28 145.31 145.38 145.41 145.41 145.41 145.38 145.38 145.34 145.31 145.25 145.22 145.16 145.09 145.03 144.94 144.88 144.78 144.62 144.50 144.41 144.31 144.25 144.19
136.38 136.72 137.03 137.28 137.50 137.69 137.81 137.94 138.03 138.12 138.25 138.34 138.47 138.62 138.75 138.94 139.09 139.28 139.44 139.59 139.78 139.91 140.06 140.19 140.34 140.47 140.59 140.72 140.84 140.97 141.12 141.31 141.50 141.69 141.91 142.16 142.41 142.69 142.97 143.28 143.56 143.84 144.12 144.38 144.66 144.88 145.09 145.19 145.25 145.28 145.31 145.31 145.31 145.28 145.25 145.22 145.16 145.12 145.06 145.00 144.91 144.84 144.75 144.66 144.50 144.38 144.31 144.22 144.16 144.09 144.03
136.19 136.56 136.88 137.16 137.38 137.56 137.69 137.81 137.91 138.00 138.09 138.22 138.34 138.50 138.66 138.81 138.97 139.16 139.34 139.50 139.66 139.78 139.91 140.03 140.16 140.28 140.38 140.50 140.62 140.75 140.91 141.06 141.22 141.44 141.66 141.88 142.16 142.44 142.72 143.06 143.38 143.66 143.94 144.25 144.50 144.78 145.00 145.09 145.16 145.22 145.22 145.22 145.22 145.19 145.16 145.09 145.03 144.97 144.91 144.81 144.72 144.62 144.50 144.38 144.28 144.19 144.12 144.06 144.00 143.94 143.88
135.97 136.34 136.69 136.97 137.22 137.41 137.53 137.66 137.75 137.84 137.97 138.09 138.22 138.38 138.53 138.69 138.88 139.06 139.22 139.38 139.50 139.66 139.75 139.88 139.97 140.06 140.19 140.28 140.38 140.50 140.62 140.78 140.94 141.16 141.38 141.59 141.88 142.16 142.47 142.78 143.12 143.44 143.75 144.06 144.34 144.62 144.88 145.03 145.09 145.12 145.16 145.16 145.12 145.09 145.06 145.00 144.94 144.84 144.75 144.66 144.53 144.38 144.28 144.19 144.09 144.06 144.00 143.94 143.84 143.81 143.75
135.75 136.16 136.50 136.78 137.03 137.22 137.38 137.47 137.59 137.69 137.81 137.94 138.09 138.25 138.41 138.59 138.78 138.94 139.09 139.25 139.38 139.47 139.59 139.69 139.78 139.84 139.94 140.03 140.09 140.22 140.34 140.47 140.66 140.84 141.06 141.31 141.56 141.84 142.16 142.50 142.84 143.19 143.53 143.88 144.19 144.50 144.75 144.94 145.03 145.06 145.09 145.09 145.06 145.03 144.97 144.91 144.81 144.72 144.59 144.44 144.28 144.19 144.09 144.03 144.00 143.94 143.84 143.78 143.72 143.69 143.66
135.53 135.91 136.25 136.56 136.81 137.03 137.16 137.28 137.41 137.53 137.66 137.81 137.94 138.12 138.31 138.50 138.66 138.84 138.97 139.09 139.22 139.31 139.41 139.47 139.56 139.62 139.69 139.75 139.81 139.91 140.00 140.16 140.34 140.53 140.75 141.00 141.25 141.53 141.84 142.19 142.53 142.91 143.28 143.66 144.00 144.34 144.66 144.88 144.97 145.00 145.03 145.03 145.00 144.97 144.91 144.81 144.72 144.56 144.44 144.25 144.12 144.03 143.97 143.94 143.88 143.81 143.72 143.66 143.62 143.62 143.62
135.31 135.69 136.03 136.31 136.56 136.78 136.97 137.09 137.22 137.38 137.50 137.66 137.81 138.00 138.19 138.41 138.56 138.72 138.84 138.97 139.06 139.12 139.19 139.25 139.31 139.34 139.41 139.44 139.50 139.56 139.66 139.81 140.00 140.22 140.44 140.69 140.94 141.22 141.53 141.84 142.19 142.56 143.00 143.44 143.84 144.19 144.50 144.78 144.91 144.94 144.94 144.94 144.94 144.91 144.84 144.75 144.62 144.44 144.25 144.06 144.00 143.94 143.88 143.84 143.78 143.72 143.62 143.62 143.62 143.62 143.62
135.03 135.41 135.72 136.03 136.31 136.53 136.72 136.88 137.03 137.19 137.34 137.50 137.69 137.88 138.06 138.28 138.47 138.59 138.72 138.78 138.88 138.94 138.97 139.00 139.06 139.09 139.09 139.12 139.16 139.19 139.31 139.47 139.66 139.88 140.12 140.38 140.62 140.91 141.22 141.53 141.88 142.25 142.66 143.16 143.62 144.00 144.31 144.56 144.72 144.81 144.88 144.88 144.84 144.81 144.75 144.66 144.56 144.34 144.00 143.88 143.88 143.84 143.78 143.75 143.69 143.62 143.62 143.62 143.62 143.62 143.62
134.78 135.12 135.44 135.75 136.00 136.25 136.47 136.66 136.81 137.00 137.19 137.31 137.53 137.72 137.91 138.12 138.34 138.50 138.56 138.66 138.69 138.72 138.72 138.75 138.78 138.78 138.81 138.81 138.78 138.81 138.94 139.12 139.31 139.53 139.78 140.03 140.31 140.59 140.88 141.19 141.53 141.91 142.31 142.84 143.34 143.69 144.03 144.25 144.44 144.56 144.66 144.72 144.69 144.66 144.66 144.56 144.59 144.19 143.81 143.72 143.75 143.72 143.72 143.69 143.62 143.62 143.62 143.62 143.62 143.62 143.62
134.53 134.88 135.16 135.47 135.75 135.97 136.16 136.38 136.59 136.78 136.94 137.12 137.31 137.53 137.72 137.94 138.16 138.31 138.38 138.41 138.44 138.44 138.47 138.47 138.47 138.47 138.44 138.44 138.41 138.41 138.56 138.75 138.97 139.22 139.44 139.72 139.97 140.25 140.56 140.88 141.22 141.59 142.00 142.56 143.09 143.41 143.69 143.94 144.09 144.25 144.31 144.22 144.09 144.00 143.94 143.88 143.84 143.72 143.66 143.62 143.66 143.66 143.66 143.62 143.62 143.62 143.62 143.62 143.62 143.62 143.62
134.25 134.59 134.91 135.19 135.44 135.72 135.94 136.16 136.38 136.56 136.72 136.91 137.12 137.31 137.47 137.72 137.94 138.09 138.19 138.22 138.22 138.19 138.19 138.16 138.16 138.12 138.09 138.06 138.03 138.06 138.22 138.41 138.62 138.88 139.12 139.38 139.66 139.94 140.25 140.59 140.94 141.31 141.72 142.22 142.78 143.09 143.41 143.62 143.59 143.44 143.31 143.25 143.19 143.22 143.28 143.34 143.41 143.50 143.59 143.62 143.62 143.62 143.62 143.62 143.62 143.62 143.62 143.62 143.62 143.62 143.62
134.03 134.34 134.66 134.94 135.19 135.41 135.69 135.91 136.12 136.34 136.50 136.69 136.91 137.09 137.25 137.50 137.72 137.91 138.00 138.03 138.00 137.94 137.91 137.84 137.81 137.78 137.75 137.72 137.72 137.75 137.88 138.06 138.31 138.53 138.78 139.06 139.34 139.66 139.94 140.28 140.62 141.00 141.44 141.91 142.50 142.84 143.06 142.94 142.78 142.72 142.84 143.00 143.12 143.19 143.25 143.34 143.41 143.47 143.56 143.59 143.62 143.62 143.62 143.62 143.62 143.62 143.62 143.62 143.62 143.62 143.62
133.78 134.12 134.41 134.69 134.94 135.19 135.44 135.66 135.88 136.09 136.28 136.47 136.66 136.84 137.03 137.28 137.47 137.66 137.78 137.81 137.78 137.69 137.59 137.53 137.50 137.44 137.41 137.38 137.41 137.44 137.56 137.72 137.97 138.22 138.47 138.75 139.03 139.34 139.66 140.00 140.34 140.72 141.12 141.59 142.22 142.50 142.44 142.41 142.50 142.69 142.81 142.97 143.12 143.19 143.25 143.31 143.38 143.47 143.50 143.56 143.59 143.62 143.62 143.62 143.62 143.62 143.62 143.62 143.62 143.62 143.62
133.59 133.91 134.19 134.44 134.72 134.97 135.22 135.44 135.66 135.84 136.03 136.22 136.41 136.59 136.81 137.00 137.22 137.41 137.56 137.59 137.56 137.47 137.38 137.25 137.16 137.12 137.09 137.09 137.09 137.16 137.28 137.44 137.66 137.91 138.19 138.44 138.75 139.03 139.38 139.69 140.03 140.44 140.84 141.28 141.81 142.09 142.09 142.19 142.41 142.59 142.78 142.91 143.06 143.19 143.25 143.31 143.38 143.44 143.50 143.53 143.56 143.59 143.62 143.62 143.62 143.59 143.56 143.50 143.47 143.41 143.34
133.38 133.69 133.97 134.22 134.50 134.75 134.97 135.19 135.41 135.62 135.81 135.97 136.16 136.34 136.56 136.75 136.94 137.22 137.38 137.41 137.34 137.25 137.09 136.94 136.84 136.81 136.78 136.78 136.84 136.91 137.00 137.16 137.38 137.62 137.88 138.16 138.44 138.75 139.06 139.41 139.75 140.12 140.50 140.94 141.34 141.69 141.88 142.06 142.22 142.47 142.66 142.88 143.03 143.16 143.19 143.19 143.22 143.22 143.22 143.22 143.19 143.19 143.16 143.09 143.06 142.97 142.91 142.84 142.78 142.75 142.69
133.19 133.50 133.78 134.03 134.28 134.50 134.75 134.97 135.19 135.38 135.56 135.75 135.94 136.12 136.31 136.53 136.72 136.94 136.97 136.97 137.00 136.94 136.72 136.59 136.53 136.50 136.50 136.50 136.56 136.66 136.75 136.88 137.09 137.34 137.59 137.88 138.16 138.47 138.78 139.09 139.44 139.81 140.19 140.59 141.03 141.34 141.53 141.72 141.91 142.25 142.50 142.56 142.47 142.38 142.34 142.31 142.31 142.31 142.31 142.41 142.41 142.47 142.50 142.53 142.53 142.50 142.50 142.50 142.50 142.47 142.47
133.00 133.31 133.56 133.81 134.06 134.28 134.50 134.75 134.94 135.16 135.31 135.53 135.66 135.75 135.91 135.97 136.09 136.19 136.28 136.34 136.41 136.44 136.28 136.22 136.19 136.19 136.19 136.25 136.31 136.41 136.50 136.62 136.81 137.06 137.31 137.59 137.88 138.19 138.50 138.81 139.16 139.50 139.88 140.28 140.72 141.22 141.25 141.38 141.56 141.75 141.78 141.66 141.62 141.69 141.72 141.75 141.81 141.84 141.94 142.03 142.09 142.16 142.19 142.22 142.25 142.22 142.25 142.28 142.28 142.28 142.22
132.84 133.12 133.38 133.62 133.84 134.06 134.28 134.41 134.44 134.53 134.69 134.88 135.12 135.25 135.34 135.41 135.47 135.53 135.62 135.72 135.75 135.78 135.78 135.78 135.81 135.88 135.91 135.97 136.06 136.16 136.28 136.41 136.56 136.78 137.06 137.31 137.59 137.91 138.19 138.50 138.84 139.19 139.56 139.94 140.41 140.81 140.88 140.91 140.94 141.00 141.16 141.22 141.31 141.38 141.44 141.47 141.50 141.53 141.59 141.66 141.75 141.81 141.88 141.94 141.97 141.97 142.03 142.06 142.06 142.06 142.03
132.66 132.94 133.19 133.41 133.62 133.81 133.94 133.84 133.94 134.03 134.16 134.25 134.34 134.47 134.59 134.75 134.88 134.94 135.03 135.12 135.16 135.22 135.31 135.41 135.50 135.56 135.66 135.72 135.81 135.94 136.03 136.16 136.31 136.53 136.78 137.06 137.34 137.62 137.91 138.22 138.53 138.88 139.25 139.62 140.06 140.41 140.44 140.50 140.53 140.59 140.78 140.91 140.97 141.06 141.16 141.19 141.19 141.22 141.28 141.34 141.41 141.50 141.56 141.62 141.69 141.75 141.78 141.84 141.88 141.88 141.84
132.53 132.75 132.97 133.19 133.34 133.50 133.34 133.47 133.53 133.62 133.69 133.72 133.75 133.88 133.94 133.97 133.88 133.72 133.78 134.28 134.53 134.69 134.88 135.03 135.16 135.28 135.38 135.50 135.59 135.72 135.84 135.97 136.12 136.31 136.56 136.81 137.06 137.34 137.62 137.94 138.25 138.56 138.91 139.31 139.78 140.00 140.03 140.09 140.12 140.25 140.47 140.59 140.66 140.75 140.88 140.88 140.91 140.94 140.97 141.00 141.06 141.16 141.25 141.31 141.41 141.47 141.56 141.62 141.66 141.69 141.66
