everonasctiles/Tile1,38.asc
ncols 128
nrows 128
xllcorner 0
yllcorner 0
cellsize 2.0
NODATA_value  -9999
[rows 0 to 28 of 128, columns 0 to 66 of 128]
-152.53 -152.28 -152.00 -151.75 -151.47 -151.19 -150.88 -150.56 -150.44 -150.56 -150.72 -150.81 -150.91 -150.94 -150.94 -150.88 -150.78 -150.69 -150.62 -150.53 -150.47 -150.38 -150.31 -150.22 -150.16 -150.06 -149.97 -149.91 -149.84 -149.84 -149.88 -149.94 -150.00 -150.06 -150.12 -150.16 -150.19 -150.22 -150.19 -150.16 -150.06 -149.97 -149.81 -149.66 -149.47 -149.28 -149.06 -148.88 -148.66 -148.47 -148.31 -148.12 -147.94 -147.75 -147.56 -147.34 -147.19 -147.00 -146.88 -146.78 -146.75 -146.84 -146.94 -147.06 -147.19 -147.34 -147.56
-152.56 -152.34 -152.12 -151.84 -151.59 -151.34 -151.06 -150.81 -150.59 -150.50 -150.59 -150.72 -150.78 -150.81 -150.81 -150.72 -150.62 -150.53 -150.44 -150.34 -150.28 -150.19 -150.12 -150.06 -150.00 -149.94 -149.88 -149.81 -149.78 -149.81 -149.84 -149.91 -150.00 -150.06 -150.09 -150.16 -150.19 -150.22 -150.22 -150.16 -150.09 -149.97 -149.84 -149.69 -149.53 -149.34 -149.16 -148.97 -148.78 -148.62 -148.47 -148.28 -148.06 -147.84 -147.62 -147.38 -147.19 -147.00 -146.88 -146.75 -146.75 -146.88 -147.00 -147.19 -147.34 -147.56 -147.78
-152.59 -152.41 -152.19 -151.97 -151.69 -151.44 -151.19 -150.97 -150.75 -150.59 -150.56 -150.62 -150.69 -150.72 -150.66 -150.59 -150.47 -150.38 -150.25 -150.16 -150.09 -150.00 -149.94 -149.91 -149.84 -149.78 -149.75 -149.72 -149.72 -149.75 -149.81 -149.91 -149.97 -150.03 -150.09 -150.16 -150.19 -150.22 -150.22 -150.19 -150.09 -150.00 -149.88 -149.75 -149.59 -149.44 -149.25 -149.09 -148.94 -148.78 -148.62 -148.41 -148.19 -147.91 -147.66 -147.41 -147.19 -147.00 -146.84 -146.75 -146.81 -146.94 -147.09 -147.28 -147.50 -147.72 -147.97
-152.50 -152.38 -152.22 -152.03 -151.78 -151.53 -151.28 -151.06 -150.84 -150.69 -150.59 -150.56 -150.59 -150.59 -150.56 -150.47 -150.38 -150.25 -150.12 -150.03 -149.94 -149.84 -149.78 -149.72 -149.69 -149.66 -149.59 -149.59 -149.62 -149.69 -149.78 -149.88 -149.97 -150.03 -150.09 -150.16 -150.19 -150.22 -150.22 -150.19 -150.12 -150.03 -149.94 -149.81 -149.69 -149.53 -149.38 -149.22 -149.09 -148.94 -148.75 -148.53 -148.28 -148.00 -147.75 -147.47 -147.22 -147.03 -146.91 -146.91 -146.94 -147.00 -147.16 -147.34 -147.56 -147.81 -148.09
-152.34 -152.25 -152.16 -152.00 -151.78 -151.56 -151.34 -151.09 -150.88 -150.72 -150.59 -150.50 -150.50 -150.47 -150.44 -150.38 -150.28 -150.19 -150.06 -149.94 -149.84 -149.72 -149.66 -149.56 -149.53 -149.47 -149.44 -149.47 -149.50 -149.59 -149.72 -149.81 -149.94 -150.00 -150.09 -150.12 -150.16 -150.19 -150.19 -150.16 -150.12 -150.06 -149.97 -149.88 -149.75 -149.62 -149.47 -149.34 -149.19 -149.03 -148.84 -148.62 -148.38 -148.12 -147.84 -147.59 -147.34 -147.19 -147.12 -147.09 -147.06 -147.09 -147.22 -147.38 -147.59 -147.88 -148.16
-152.12 -152.06 -151.97 -151.88 -151.72 -151.50 -151.31 -151.09 -150.88 -150.69 -150.56 -150.44 -150.41 -150.38 -150.34 -150.31 -150.25 -150.16 -150.03 -149.94 -149.78 -149.66 -149.53 -149.44 -149.38 -149.31 -149.28 -149.31 -149.38 -149.50 -149.62 -149.75 -149.88 -149.97 -150.03 -150.09 -150.12 -150.16 -150.16 -150.12 -150.09 -150.03 -149.97 -149.88 -149.78 -149.69 -149.56 -149.44 -149.28 -149.12 -148.94 -148.72 -148.47 -148.22 -148.00 -147.75 -147.56 -147.41 -147.31 -147.25 -147.22 -147.22 -147.28 -147.41 -147.62 -147.88 -148.16
-151.91 -151.84 -151.75 -151.69 -151.56 -151.41 -151.19 -150.97 -150.78 -150.62 -150.47 -150.38 -150.31 -150.25 -150.25 -150.22 -150.19 -150.12 -150.03 -149.91 -149.75 -149.62 -149.47 -149.34 -149.22 -149.16 -149.12 -149.16 -149.25 -149.34 -149.50 -149.62 -149.75 -149.88 -149.97 -150.03 -150.06 -150.09 -150.06 -150.06 -150.03 -150.00 -149.94 -149.88 -149.81 -149.69 -149.59 -149.47 -149.34 -149.19 -149.00 -148.81 -148.59 -148.34 -148.12 -147.94 -147.75 -147.59 -147.50 -147.44 -147.38 -147.34 -147.34 -147.44 -147.62 -147.88 -148.12
-151.66 -151.59 -151.53 -151.47 -151.38 -151.22 -151.03 -150.84 -150.66 -150.50 -150.38 -150.25 -150.19 -150.16 -150.16 -150.16 -150.12 -150.09 -150.00 -149.88 -149.72 -149.56 -149.41 -149.25 -149.09 -149.00 -148.94 -149.00 -149.09 -149.19 -149.34 -149.47 -149.62 -149.75 -149.84 -149.91 -149.97 -149.97 -149.97 -149.97 -149.94 -149.94 -149.91 -149.84 -149.78 -149.69 -149.62 -149.50 -149.41 -149.25 -149.09 -148.91 -148.69 -148.50 -148.28 -148.09 -147.94 -147.78 -147.69 -147.59 -147.50 -147.44 -147.38 -147.47 -147.62 -147.84 -148.06
-151.44 -151.34 -151.31 -151.28 -151.19 -151.06 -150.88 -150.69 -150.50 -150.38 -150.25 -150.16 -150.09 -150.06 -150.06 -150.06 -150.06 -150.03 -149.94 -149.81 -149.69 -149.53 -149.34 -149.19 -149.03 -148.88 -148.75 -148.78 -148.91 -149.03 -149.16 -149.31 -149.44 -149.59 -149.69 -149.75 -149.81 -149.84 -149.84 -149.84 -149.84 -149.84 -149.81 -149.78 -149.75 -149.69 -149.59 -149.53 -149.44 -149.31 -149.16 -148.97 -148.81 -148.59 -148.44 -148.25 -148.09 -147.94 -147.81 -147.72 -147.59 -147.50 -147.44 -147.44 -147.56 -147.78 -148.03
-151.31 -151.16 -151.12 -151.09 -151.03 -150.91 -150.72 -150.53 -150.38 -150.22 -150.12 -150.03 -150.00 -150.00 -150.00 -150.00 -150.00 -149.94 -149.88 -149.75 -149.62 -149.47 -149.31 -149.12 -148.97 -148.81 -148.66 -148.59 -148.66 -148.81 -148.97 -149.09 -149.25 -149.41 -149.50 -149.56 -149.62 -149.66 -149.69 -149.72 -149.72 -149.75 -149.75 -149.72 -149.69 -149.62 -149.56 -149.50 -149.44 -149.34 -149.22 -149.06 -148.91 -148.72 -148.53 -148.38 -148.19 -148.06 -147.91 -147.78 -147.66 -147.53 -147.44 -147.38 -147.47 -147.72 -147.97
-151.34 -151.16 -151.03 -150.94 -150.88 -150.75 -150.59 -150.41 -150.25 -150.09 -150.00 -149.94 -149.91 -149.91 -149.91 -149.94 -149.91 -149.84 -149.78 -149.66 -149.56 -149.41 -149.25 -149.09 -148.94 -148.81 -148.66 -148.47 -148.47 -148.59 -148.78 -148.91 -149.06 -149.19 -149.28 -149.34 -149.41 -149.47 -149.50 -149.56 -149.59 -149.62 -149.62 -149.62 -149.59 -149.56 -149.53 -149.47 -149.41 -149.34 -149.22 -149.09 -148.94 -148.78 -148.59 -148.44 -148.28 -148.12 -147.97 -147.84 -147.69 -147.59 -147.47 -147.38 -147.38 -147.59 -147.91
-151.38 -151.19 -151.03 -150.88 -150.75 -150.59 -150.44 -150.28 -150.09 -149.97 -149.88 -149.81 -149.78 -149.81 -149.84 -149.84 -149.81 -149.75 -149.69 -149.59 -149.47 -149.34 -149.22 -149.09 -148.94 -148.81 -148.69 -148.53 -148.41 -148.50 -148.62 -148.75 -148.88 -148.97 -149.03 -149.12 -149.19 -149.25 -149.31 -149.38 -149.44 -149.47 -149.47 -149.50 -149.50 -149.47 -149.47 -149.44 -149.38 -149.31 -149.22 -149.09 -148.94 -148.78 -148.62 -148.47 -148.31 -148.16 -148.00 -147.88 -147.75 -147.62 -147.53 -147.44 -147.34 -147.50 -147.78
-151.41 -151.22 -151.03 -150.84 -150.66 -150.50 -150.31 -150.16 -149.97 -149.84 -149.75 -149.72 -149.69 -149.72 -149.75 -149.75 -149.72 -149.66 -149.56 -149.50 -149.41 -149.31 -149.19 -149.09 -148.97 -148.84 -148.72 -148.59 -148.50 -148.44 -148.50 -148.59 -148.66 -148.72 -148.81 -148.88 -148.97 -149.06 -149.12 -149.19 -149.25 -149.28 -149.31 -149.34 -149.38 -149.38 -149.41 -149.38 -149.34 -149.25 -149.16 -149.03 -148.88 -148.72 -148.59 -148.44 -148.31 -148.19 -148.06 -147.94 -147.81 -147.69 -147.59 -147.50 -147.47 -147.53 -147.72
-151.41 -151.22 -151.00 -150.78 -150.56 -150.38 -150.22 -150.03 -149.88 -149.75 -149.66 -149.62 -149.62 -149.62 -149.66 -149.66 -149.62 -149.56 -149.47 -149.41 -149.31 -149.25 -149.16 -149.06 -148.97 -148.88 -148.75 -148.66 -148.53 -148.44 -148.41 -148.44 -148.47 -148.50 -148.56 -148.66 -148.75 -148.84 -148.94 -149.03 -149.06 -149.12 -149.16 -149.19 -149.25 -149.28 -149.28 -149.28 -149.25 -149.19 -149.09 -148.94 -148.81 -148.66 -148.53 -148.41 -148.28 -148.19 -148.06 -147.97 -147.84 -147.75 -147.66 -147.59 -147.59 -147.69 -147.78
-151.41 -151.19 -150.94 -150.72 -150.50 -150.28 -150.09 -149.94 -149.81 -149.69 -149.62 -149.59 -149.56 -149.59 -149.59 -149.56 -149.53 -149.47 -149.38 -149.31 -149.25 -149.19 -149.12 -149.06 -149.00 -148.91 -148.78 -148.69 -148.56 -148.44 -148.34 -148.31 -148.28 -148.31 -148.34 -148.44 -148.53 -148.66 -148.75 -148.84 -148.91 -148.94 -149.00 -149.06 -149.09 -149.16 -149.19 -149.19 -149.16 -149.09 -149.00 -148.88 -148.72 -148.59 -148.44 -148.31 -148.22 -148.12 -148.06 -147.97 -147.84 -147.75 -147.69 -147.66 -147.72 -147.81 -147.94
-151.38 -151.16 -150.91 -150.66 -150.41 -150.19 -150.03 -149.88 -149.78 -149.69 -149.62 -149.56 -149.56 -149.53 -149.53 -149.50 -149.44 -149.38 -149.31 -149.25 -149.19 -149.12 -149.09 -149.03 -149.00 -148.91 -148.81 -148.69 -148.56 -148.44 -148.28 -148.19 -148.12 -148.12 -148.16 -148.25 -148.34 -148.47 -148.59 -148.66 -148.72 -148.78 -148.84 -148.91 -148.97 -149.00 -149.03 -149.03 -149.00 -148.94 -148.84 -148.75 -148.62 -148.50 -148.34 -148.22 -148.12 -148.06 -148.00 -147.94 -147.84 -147.78 -147.72 -147.75 -147.81 -147.94 -148.09
-151.34 -151.09 -150.84 -150.59 -150.34 -150.12 -149.97 -149.88 -149.78 -149.72 -149.66 -149.62 -149.56 -149.53 -149.50 -149.47 -149.41 -149.34 -149.25 -149.19 -149.12 -149.06 -149.03 -149.03 -149.00 -148.94 -148.84 -148.72 -148.56 -148.41 -148.25 -148.09 -148.00 -147.91 -147.94 -148.06 -148.19 -148.31 -148.41 -148.50 -148.56 -148.62 -148.69 -148.75 -148.81 -148.84 -148.88 -148.88 -148.84 -148.78 -148.69 -148.59 -148.47 -148.34 -148.25 -148.12 -148.03 -147.97 -147.91 -147.88 -147.81 -147.75 -147.75 -147.81 -147.91 -148.06 -148.25
-151.31 -151.06 -150.81 -150.59 -150.34 -150.16 -150.00 -149.91 -149.84 -149.78 -149.72 -149.66 -149.62 -149.56 -149.53 -149.47 -149.41 -149.31 -149.25 -149.16 -149.09 -149.03 -149.00 -149.00 -148.97 -148.94 -148.81 -148.69 -148.53 -148.38 -148.19 -148.03 -147.88 -147.75 -147.75 -147.91 -148.03 -148.16 -148.28 -148.34 -148.44 -148.50 -148.53 -148.59 -148.66 -148.69 -148.69 -148.69 -148.66 -148.59 -148.50 -148.41 -148.28 -148.19 -148.09 -148.00 -147.94 -147.88 -147.84 -147.84 -147.81 -147.75 -147.78 -147.88 -148.00 -148.16 -148.38
-151.28 -151.06 -150.81 -150.59 -150.38 -150.22 -150.06 -149.97 -149.91 -149.81 -149.75 -149.69 -149.66 -149.62 -149.56 -149.50 -149.41 -149.31 -149.22 -149.16 -149.06 -149.03 -149.00 -148.97 -148.94 -148.91 -148.81 -148.66 -148.50 -148.34 -148.16 -147.97 -147.81 -147.66 -147.66 -147.78 -147.91 -148.03 -148.12 -148.22 -148.28 -148.34 -148.38 -148.44 -148.47 -148.50 -148.50 -148.50 -148.47 -148.38 -148.28 -148.19 -148.09 -148.03 -147.94 -147.88 -147.84 -147.81 -147.78 -147.78 -147.78 -147.78 -147.84 -147.94 -148.06 -148.25 -148.47
-151.25 -151.06 -150.84 -150.62 -150.44 -150.28 -150.16 -150.03 -149.94 -149.88 -149.78 -149.75 -149.69 -149.66 -149.59 -149.53 -149.44 -149.34 -149.25 -149.16 -149.06 -149.00 -148.97 -148.94 -148.91 -148.84 -148.75 -148.62 -148.47 -148.31 -148.09 -147.94 -147.78 -147.62 -147.59 -147.69 -147.81 -147.91 -148.00 -148.06 -148.12 -148.16 -148.22 -148.25 -148.28 -148.31 -148.31 -148.31 -148.25 -148.19 -148.09 -148.00 -147.91 -147.84 -147.81 -147.78 -147.75 -147.72 -147.75 -147.75 -147.78 -147.84 -147.91 -148.00 -148.16 -148.34 -148.56
-151.22 -151.06 -150.88 -150.69 -150.50 -150.34 -150.19 -150.06 -149.97 -149.91 -149.81 -149.78 -149.75 -149.69 -149.66 -149.56 -149.47 -149.38 -149.25 -149.16 -149.06 -149.00 -148.94 -148.91 -148.84 -148.78 -148.69 -148.56 -148.41 -148.25 -148.06 -147.88 -147.72 -147.59 -147.56 -147.62 -147.72 -147.78 -147.84 -147.91 -147.97 -148.00 -148.03 -148.09 -148.12 -148.12 -148.12 -148.12 -148.09 -148.00 -147.91 -147.81 -147.75 -147.69 -147.69 -147.66 -147.66 -147.66 -147.69 -147.72 -147.81 -147.88 -147.97 -148.06 -148.22 -148.41 -148.62
-151.22 -151.06 -150.91 -150.72 -150.56 -150.41 -150.25 -150.12 -150.00 -149.94 -149.88 -149.81 -149.78 -149.75 -149.69 -149.62 -149.50 -149.38 -149.25 -149.16 -149.03 -148.97 -148.91 -148.84 -148.78 -148.72 -148.59 -148.47 -148.34 -148.19 -148.00 -147.84 -147.69 -147.59 -147.56 -147.59 -147.66 -147.69 -147.75 -147.78 -147.81 -147.84 -147.88 -147.91 -147.94 -147.94 -147.94 -147.94 -147.91 -147.84 -147.75 -147.69 -147.62 -147.59 -147.56 -147.56 -147.59 -147.62 -147.66 -147.72 -147.81 -147.88 -148.00 -148.09 -148.25 -148.44 -148.69
-151.19 -151.06 -150.91 -150.75 -150.59 -150.44 -150.28 -150.16 -150.03 -149.97 -149.91 -149.84 -149.84 -149.81 -149.75 -149.66 -149.53 -149.41 -149.25 -149.12 -149.00 -148.91 -148.81 -148.75 -148.69 -148.59 -148.50 -148.38 -148.25 -148.09 -147.94 -147.81 -147.69 -147.62 -147.59 -147.59 -147.62 -147.66 -147.66 -147.69 -147.69 -147.72 -147.75 -147.75 -147.78 -147.78 -147.75 -147.75 -147.72 -147.69 -147.62 -147.53 -147.50 -147.47 -147.47 -147.50 -147.53 -147.59 -147.66 -147.72 -147.81 -147.91 -148.00 -148.12 -148.28 -148.47 -148.69
-151.16 -151.03 -150.91 -150.78 -150.62 -150.47 -150.31 -150.19 -150.06 -149.97 -149.94 -149.88 -149.88 -149.84 -149.78 -149.66 -149.53 -149.38 -149.22 -149.09 -148.94 -148.81 -148.72 -148.66 -148.59 -148.50 -148.38 -148.28 -148.16 -148.03 -147.91 -147.78 -147.72 -147.66 -147.62 -147.62 -147.62 -147.62 -147.62 -147.62 -147.62 -147.62 -147.62 -147.62 -147.62 -147.59 -147.59 -147.56 -147.56 -147.50 -147.47 -147.41 -147.38 -147.38 -147.41 -147.44 -147.50 -147.56 -147.62 -147.72 -147.81 -147.91 -148.00 -148.09 -148.25 -148.44 -148.66
-151.12 -151.03 -150.94 -150.78 -150.66 -150.50 -150.34 -150.19 -150.09 -150.00 -149.94 -149.91 -149.88 -149.81 -149.75 -149.66 -149.53 -149.38 -149.22 -149.06 -148.91 -148.75 -148.62 -148.53 -148.47 -148.38 -148.25 -148.16 -148.03 -147.94 -147.88 -147.78 -147.72 -147.69 -147.66 -147.66 -147.66 -147.66 -147.62 -147.59 -147.59 -147.56 -147.56 -147.53 -147.50 -147.47 -147.41 -147.41 -147.38 -147.34 -147.31 -147.28 -147.28 -147.28 -147.31 -147.38 -147.44 -147.53 -147.62 -147.72 -147.78 -147.88 -147.94 -148.06 -148.19 -148.38 -148.56
-151.09 -151.03 -150.91 -150.78 -150.66 -150.50 -150.34 -150.22 -150.12 -150.03 -149.97 -149.91 -149.84 -149.78 -149.72 -149.62 -149.50 -149.38 -149.22 -149.06 -148.88 -148.72 -148.56 -148.44 -148.34 -148.25 -148.16 -148.03 -147.94 -147.88 -147.81 -147.78 -147.75 -147.72 -147.72 -147.72 -147.69 -147.66 -147.62 -147.59 -147.56 -147.53 -147.50 -147.44 -147.38 -147.31 -147.25 -147.22 -147.19 -147.19 -147.16 -147.16 -147.19 -147.22 -147.25 -147.31 -147.38 -147.47 -147.56 -147.66 -147.75 -147.81 -147.88 -147.97 -148.09 -148.25 -148.41
-151.06 -150.97 -150.88 -150.75 -150.62 -150.50 -150.38 -150.25 -150.16 -150.06 -149.97 -149.88 -149.81 -149.72 -149.66 -149.56 -149.47 -149.38 -149.22 -149.06 -148.88 -148.72 -148.53 -148.38 -148.25 -148.16 -148.06 -147.94 -147.84 -147.81 -147.78 -147.75 -147.75 -147.78 -147.78 -147.75 -147.72 -147.69 -147.66 -147.62 -147.56 -147.53 -147.47 -147.38 -147.28 -147.22 -147.12 -147.06 -147.03 -147.03 -147.03 -147.06 -147.09 -147.12 -147.19 -147.25 -147.31 -147.41 -147.50 -147.59 -147.66 -147.72 -147.78 -147.84 -147.94 -148.06 -148.22
-151.00 -150.91 -150.81 -150.69 -150.56 -150.47 -150.38 -150.25 -150.16 -150.06 -149.97 -149.84 -149.75 -149.66 -149.59 -149.50 -149.44 -149.34 -149.19 -149.06 -148.88 -148.72 -148.53 -148.34 -148.22 -148.09 -147.97 -147.88 -147.78 -147.75 -147.72 -147.75 -147.75 -147.78 -147.81 -147.78 -147.75 -147.72 -147.69 -147.62 -147.56 -147.50 -147.44 -147.34 -147.25 -147.12 -147.03 -146.94 -146.91 -146.91 -146.94 -146.97 -147.00 -147.06 -147.12 -147.19 -147.25 -147.34 -147.44 -147.50 -147.56 -147.59 -147.66 -147.69 -147.78 -147.88 -148.03
-150.91 -150.81 -150.72 -150.59 -150.50 -150.41 -150.31 -150.25 -150.16 -150.03 -149.94 -149.81 -149.69 -149.59 -149.50 -149.44 -149.34 -149.25 -149.16 -149.00 -148.84 -148.69 -148.50 -148.34 -148.16 -148.03 -147.91 -147.81 -147.72 -147.69 -147.69 -147.72 -147.75 -147.78 -147.81 -147.81 -147.81 -147.75 -147.72 -147.66 -147.59 -147.53 -147.44 -147.34 -147.22 -147.09 -146.97 -146.88 -146.81 -146.81 -146.84 -146.88 -146.94 -147.00 -147.06 -147.12 -147.19 -147.28 -147.34 -147.41 -147.44 -147.47 -147.50 -147.53 -147.59 -147.69 -147.81
