everonasctiles/Tile25,42.asc
ncols 128
nrows 128
xllcorner 0
yllcorner 0
cellsize 2.0
NODATA_value  -9999
[rows 0 to 31 of 128, columns 0 to 70 of 128]
-35.59 -35.97 -36.38 -36.78 -37.12 -37.41 -37.66 -37.81 -37.84 -37.72 -37.50 -37.19 -36.78 -36.34 -35.69 -35.22 -35.72 -36.56 -37.09 -37.50 -37.81 -37.94 -37.81 -37.50 -37.06 -36.69 -36.38 -36.31 -36.59 -37.00 -37.19 -37.31 -37.81 -38.50 -39.22 -39.91 -40.44 -40.72 -40.47 -40.22 -40.03 -40.12 -40.28 -40.28 -39.97 -39.66 -39.62 -39.84 -40.09 -40.31 -40.56 -40.88 -41.31 -41.88 -42.53 -43.19 -43.81 -44.28 -44.69 -45.06 -45.47 -46.03 -46.72 -47.44 -48.03 -48.47 -48.81 -49.16 -49.53 -49.88 -50.25
-35.72 -36.12 -36.53 -36.94 -37.31 -37.62 -37.91 -38.09 -38.16 -38.06 -37.84 -37.53 -37.12 -36.62 -35.88 -35.50 -36.06 -37.03 -37.66 -38.12 -38.50 -38.66 -38.56 -38.28 -37.97 -37.53 -37.16 -36.94 -37.22 -37.78 -38.06 -38.03 -38.00 -38.56 -39.59 -40.47 -41.25 -41.84 -42.12 -41.78 -41.50 -41.59 -41.84 -41.75 -41.09 -40.34 -40.09 -40.41 -40.78 -41.00 -41.03 -41.03 -41.25 -41.69 -42.25 -42.84 -43.38 -43.81 -44.22 -44.62 -45.09 -45.69 -46.38 -47.03 -47.66 -48.19 -48.53 -48.91 -49.31 -49.75 -50.19
-35.84 -36.25 -36.66 -37.09 -37.47 -37.81 -38.12 -38.34 -38.44 -38.41 -38.19 -37.88 -37.50 -36.97 -36.22 -35.78 -36.31 -37.31 -38.12 -38.66 -39.09 -39.34 -39.28 -39.06 -38.81 -38.44 -38.03 -37.69 -37.81 -38.47 -38.84 -39.06 -38.84 -38.75 -39.50 -40.84 -41.94 -42.78 -43.38 -43.53 -43.19 -43.31 -43.75 -43.56 -42.38 -41.19 -40.94 -41.56 -42.22 -42.53 -42.44 -42.25 -42.31 -42.62 -43.09 -43.56 -44.03 -44.47 -44.84 -45.22 -45.62 -46.12 -46.69 -47.19 -47.56 -47.81 -48.03 -48.34 -48.78 -49.34 -50.00
-36.00 -36.41 -36.81 -37.25 -37.66 -38.00 -38.31 -38.56 -38.72 -38.69 -38.53 -38.25 -37.88 -37.34 -36.56 -36.09 -36.56 -37.53 -38.50 -39.16 -39.66 -39.97 -40.03 -39.88 -39.66 -39.41 -39.03 -38.66 -38.53 -39.06 -39.62 -40.03 -40.12 -39.66 -39.66 -40.66 -42.34 -43.53 -44.41 -44.97 -45.03 -45.25 -45.62 -45.16 -43.38 -41.88 -41.75 -42.84 -44.00 -44.47 -44.25 -43.91 -43.94 -44.25 -44.62 -45.03 -45.41 -45.72 -46.03 -46.34 -46.72 -47.16 -47.66 -48.12 -48.41 -48.44 -48.31 -48.28 -48.47 -48.94 -49.56
-36.16 -36.56 -36.97 -37.38 -37.81 -38.19 -38.53 -38.81 -38.97 -39.00 -38.84 -38.59 -38.25 -37.72 -36.91 -36.44 -36.88 -37.81 -38.91 -39.59 -40.16 -40.56 -40.72 -40.66 -40.53 -40.38 -40.16 -39.81 -39.50 -39.66 -40.50 -41.00 -41.34 -41.03 -40.44 -40.66 -42.03 -43.97 -45.25 -46.06 -46.47 -46.59 -46.66 -46.16 -44.09 -42.53 -42.47 -43.88 -45.62 -46.56 -46.28 -45.81 -45.78 -46.16 -46.56 -46.91 -47.12 -47.25 -47.34 -47.56 -47.94 -48.41 -48.91 -49.41 -49.78 -49.72 -49.41 -49.09 -48.94 -49.06 -49.47
-36.25 -36.69 -37.12 -37.56 -37.97 -38.38 -38.75 -39.03 -39.25 -39.31 -39.19 -38.97 -38.62 -38.06 -37.28 -36.81 -37.25 -38.19 -39.25 -40.06 -40.62 -41.09 -41.34 -41.38 -41.31 -41.31 -41.34 -41.09 -40.72 -40.56 -41.19 -42.00 -42.50 -42.59 -41.72 -41.25 -41.94 -43.66 -45.78 -46.97 -47.59 -47.78 -47.72 -47.06 -44.81 -43.25 -43.19 -44.59 -46.75 -47.75 -48.12 -47.78 -47.75 -48.19 -48.69 -48.97 -49.03 -48.91 -48.69 -48.69 -49.06 -49.66 -50.19 -50.72 -51.22 -51.31 -50.91 -50.41 -50.06 -49.88 -49.97
-36.47 -36.78 -37.25 -37.72 -38.19 -38.59 -38.97 -39.31 -39.53 -39.62 -39.53 -39.34 -39.03 -38.50 -37.69 -37.25 -37.66 -38.53 -39.59 -40.50 -41.09 -41.59 -41.94 -42.06 -42.09 -42.16 -42.31 -42.34 -42.03 -41.69 -42.00 -43.06 -43.66 -43.94 -43.31 -42.41 -42.47 -43.59 -45.62 -47.66 -48.62 -49.03 -48.88 -47.94 -45.69 -44.19 -44.06 -45.31 -47.41 -48.81 -49.34 -49.66 -49.69 -50.16 -50.75 -51.06 -50.97 -50.56 -50.03 -49.72 -50.06 -50.81 -51.47 -51.97 -52.41 -52.69 -52.56 -51.94 -51.44 -51.06 -50.84
-36.94 -37.06 -37.38 -37.91 -38.41 -38.84 -39.25 -39.59 -39.84 -39.97 -39.91 -39.72 -39.47 -38.97 -38.16 -37.72 -38.09 -38.88 -39.81 -40.81 -41.50 -42.06 -42.50 -42.72 -42.81 -42.94 -43.12 -43.31 -43.31 -42.94 -43.06 -44.09 -44.84 -45.25 -45.06 -43.97 -43.62 -44.25 -45.75 -48.03 -49.53 -50.19 -50.09 -49.00 -46.78 -45.38 -45.22 -46.25 -48.12 -49.94 -50.53 -50.91 -51.28 -51.78 -52.19 -52.31 -52.25 -52.00 -51.31 -50.75 -50.88 -51.72 -52.50 -52.88 -53.19 -53.53 -53.72 -53.50 -52.91 -52.38 -51.94
-37.44 -37.56 -37.72 -38.12 -38.62 -39.12 -39.53 -39.91 -40.19 -40.31 -40.31 -40.16 -39.94 -39.47 -38.66 -38.25 -38.62 -39.38 -40.12 -41.00 -41.84 -42.47 -43.00 -43.31 -43.50 -43.66 -43.88 -44.12 -44.34 -44.22 -44.22 -45.12 -46.00 -46.53 -46.59 -45.75 -45.25 -45.50 -46.50 -48.34 -50.28 -51.25 -51.25 -50.16 -48.09 -46.88 -46.75 -47.56 -49.06 -50.94 -51.59 -52.00 -52.38 -52.72 -53.03 -53.16 -53.09 -52.97 -52.50 -51.84 -51.66 -52.38 -53.28 -53.72 -54.06 -54.41 -54.62 -54.66 -54.31 -53.75 -53.19
-37.91 -38.09 -38.28 -38.50 -38.94 -39.41 -39.84 -40.22 -40.53 -40.72 -40.72 -40.59 -40.38 -39.94 -39.16 -38.78 -39.25 -40.06 -40.75 -41.31 -42.12 -42.84 -43.44 -43.84 -44.12 -44.31 -44.59 -44.91 -45.19 -45.41 -45.47 -46.19 -47.12 -47.69 -48.00 -47.72 -47.09 -47.12 -47.75 -49.06 -50.97 -52.12 -52.28 -51.41 -49.62 -48.62 -48.59 -49.22 -50.34 -51.88 -52.59 -53.00 -53.31 -53.62 -53.91 -54.09 -54.03 -53.88 -53.59 -52.97 -52.59 -53.00 -54.06 -54.62 -55.03 -55.38 -55.53 -55.59 -55.53 -55.12 -54.59
-38.38 -38.56 -38.78 -39.00 -39.31 -39.72 -40.16 -40.56 -40.88 -41.09 -41.16 -41.03 -40.84 -40.41 -39.69 -39.34 -39.88 -40.81 -41.59 -42.03 -42.53 -43.22 -43.88 -44.31 -44.66 -44.94 -45.25 -45.62 -45.97 -46.31 -46.66 -47.22 -48.06 -48.75 -49.22 -49.38 -49.03 -48.94 -49.28 -50.16 -51.75 -52.91 -53.19 -52.66 -51.22 -50.47 -50.53 -51.06 -51.88 -52.91 -53.50 -53.84 -54.16 -54.47 -54.75 -54.97 -54.91 -54.78 -54.56 -54.16 -53.75 -53.78 -54.75 -55.50 -56.00 -56.31 -56.47 -56.50 -56.53 -56.53 -56.12
-38.84 -39.03 -39.25 -39.47 -39.72 -40.06 -40.50 -40.91 -41.25 -41.47 -41.56 -41.50 -41.31 -40.91 -40.22 -39.91 -40.44 -41.41 -42.38 -42.84 -43.22 -43.69 -44.28 -44.78 -45.19 -45.50 -45.88 -46.25 -46.62 -47.03 -47.53 -48.16 -48.91 -49.62 -50.22 -50.62 -50.78 -50.72 -50.84 -51.44 -52.62 -53.59 -53.91 -53.69 -52.75 -52.25 -52.34 -52.78 -53.34 -53.94 -54.31 -54.59 -54.91 -55.22 -55.53 -55.72 -55.72 -55.66 -55.56 -55.41 -55.00 -54.88 -55.47 -56.38 -56.91 -57.22 -57.34 -57.34 -57.44 -57.62 -57.62
-39.28 -39.50 -39.72 -39.94 -40.19 -40.47 -40.84 -41.25 -41.59 -41.84 -42.00 -41.94 -41.78 -41.41 -40.78 -40.47 -40.97 -41.97 -42.94 -43.34 -43.75 -44.22 -44.75 -45.22 -45.66 -46.03 -46.44 -46.84 -47.25 -47.66 -48.16 -48.84 -49.59 -50.34 -51.03 -51.56 -51.97 -52.22 -52.34 -52.69 -53.50 -54.22 -54.53 -54.53 -54.12 -53.75 -53.88 -54.19 -54.56 -54.81 -55.00 -55.25 -55.53 -55.88 -56.19 -56.38 -56.44 -56.44 -56.47 -56.50 -56.31 -56.09 -56.47 -57.28 -57.75 -58.06 -58.19 -58.19 -58.28 -58.50 -58.66
-39.72 -39.94 -40.16 -40.38 -40.62 -40.91 -41.22 -41.59 -41.94 -42.22 -42.41 -42.38 -42.25 -41.97 -41.38 -41.03 -41.50 -42.50 -43.44 -43.88 -44.28 -44.72 -45.19 -45.66 -46.12 -46.53 -46.94 -47.38 -47.84 -48.25 -48.72 -49.34 -50.12 -50.91 -51.66 -52.31 -52.81 -53.19 -53.53 -53.81 -54.25 -54.78 -55.06 -55.12 -55.06 -54.94 -55.03 -55.16 -55.28 -55.41 -55.56 -55.78 -56.06 -56.38 -56.72 -56.94 -57.06 -57.12 -57.25 -57.41 -57.47 -57.38 -57.59 -58.12 -58.53 -58.81 -58.94 -59.00 -59.09 -59.28 -59.44
-40.09 -40.34 -40.59 -40.81 -41.06 -41.31 -41.62 -41.97 -42.31 -42.59 -42.78 -42.84 -42.75 -42.50 -41.97 -41.59 -42.03 -42.97 -43.97 -44.44 -44.81 -45.22 -45.62 -46.09 -46.53 -46.97 -47.41 -47.88 -48.38 -48.84 -49.34 -49.88 -50.56 -51.34 -52.09 -52.81 -53.44 -53.91 -54.28 -54.59 -54.94 -55.28 -55.53 -55.66 -55.66 -55.66 -55.69 -55.72 -55.78 -55.88 -56.00 -56.22 -56.50 -56.81 -57.12 -57.41 -57.59 -57.72 -57.91 -58.09 -58.28 -58.41 -58.59 -58.94 -59.25 -59.50 -59.66 -59.75 -59.84 -60.00 -60.19
-40.47 -40.72 -40.97 -41.22 -41.47 -41.72 -42.00 -42.34 -42.69 -42.97 -43.19 -43.28 -43.22 -43.03 -42.53 -42.19 -42.59 -43.47 -44.50 -45.00 -45.41 -45.72 -46.06 -46.47 -46.94 -47.41 -47.84 -48.34 -48.84 -49.38 -49.91 -50.50 -51.09 -51.75 -52.50 -53.16 -53.81 -54.38 -54.81 -55.19 -55.50 -55.75 -55.97 -56.09 -56.16 -56.16 -56.16 -56.16 -56.19 -56.28 -56.38 -56.56 -56.84 -57.16 -57.47 -57.75 -58.00 -58.22 -58.44 -58.66 -58.91 -59.12 -59.34 -59.59 -59.91 -60.12 -60.31 -60.44 -60.56 -60.72 -60.84
-40.81 -41.06 -41.31 -41.59 -41.84 -42.09 -42.38 -42.72 -43.06 -43.38 -43.59 -43.75 -43.72 -43.56 -43.12 -42.81 -43.22 -44.09 -45.09 -45.59 -45.97 -46.28 -46.53 -46.81 -47.22 -47.69 -48.19 -48.69 -49.22 -49.78 -50.34 -50.94 -51.56 -52.19 -52.84 -53.47 -54.06 -54.66 -55.16 -55.56 -55.88 -56.16 -56.34 -56.50 -56.59 -56.59 -56.59 -56.59 -56.59 -56.62 -56.69 -56.81 -57.06 -57.38 -57.72 -58.03 -58.31 -58.59 -58.84 -59.12 -59.41 -59.69 -59.94 -60.19 -60.44 -60.69 -60.88 -61.06 -61.19 -61.34 -61.47
-41.19 -41.41 -41.66 -41.94 -42.22 -42.47 -42.75 -43.06 -43.44 -43.75 -44.03 -44.19 -44.22 -44.12 -43.72 -43.56 -44.00 -44.81 -45.72 -46.25 -46.56 -46.84 -47.03 -47.19 -47.41 -47.88 -48.38 -48.88 -49.41 -49.97 -50.56 -51.16 -51.78 -52.41 -53.00 -53.59 -54.19 -54.75 -55.28 -55.75 -56.12 -56.44 -56.66 -56.84 -56.94 -57.00 -56.97 -56.97 -56.94 -56.94 -56.91 -57.00 -57.22 -57.53 -57.84 -58.19 -58.53 -58.84 -59.16 -59.47 -59.78 -60.09 -60.38 -60.66 -60.91 -61.19 -61.41 -61.62 -61.75 -61.88 -62.03
-41.56 -41.78 -42.00 -42.28 -42.56 -42.84 -43.12 -43.44 -43.81 -44.16 -44.47 -44.69 -44.75 -44.69 -44.41 -44.41 -44.84 -45.59 -46.41 -46.88 -47.19 -47.41 -47.56 -47.62 -47.66 -47.88 -48.34 -48.91 -49.41 -49.97 -50.50 -51.09 -51.69 -52.28 -52.88 -53.50 -54.09 -54.69 -55.25 -55.78 -56.22 -56.56 -56.88 -57.09 -57.25 -57.31 -57.31 -57.28 -57.25 -57.19 -57.12 -57.12 -57.31 -57.62 -57.94 -58.25 -58.59 -58.94 -59.28 -59.66 -60.00 -60.34 -60.69 -61.00 -61.31 -61.59 -61.84 -62.09 -62.25 -62.38 -62.50
-41.97 -42.12 -42.34 -42.59 -42.88 -43.19 -43.47 -43.81 -44.16 -44.56 -44.91 -45.16 -45.28 -45.31 -45.22 -45.34 -45.81 -46.41 -47.09 -47.50 -47.78 -48.00 -48.09 -48.16 -48.09 -47.97 -48.16 -48.69 -49.22 -49.78 -50.31 -50.84 -51.38 -51.91 -52.50 -53.09 -53.72 -54.38 -55.06 -55.72 -56.25 -56.69 -57.03 -57.28 -57.47 -57.59 -57.62 -57.59 -57.50 -57.41 -57.34 -57.25 -57.34 -57.62 -57.94 -58.25 -58.59 -58.97 -59.31 -59.69 -60.06 -60.44 -60.81 -61.19 -61.53 -61.84 -62.16 -62.47 -62.69 -62.84 -62.97
-42.34 -42.50 -42.66 -42.91 -43.19 -43.50 -43.81 -44.16 -44.53 -44.94 -45.31 -45.62 -45.84 -45.94 -46.09 -46.34 -46.78 -47.31 -47.78 -48.12 -48.38 -48.56 -48.66 -48.66 -48.59 -48.44 -48.28 -48.41 -48.81 -49.38 -49.94 -50.53 -51.09 -51.62 -52.12 -52.62 -53.22 -53.97 -54.81 -55.62 -56.28 -56.75 -57.12 -57.44 -57.66 -57.81 -57.84 -57.84 -57.75 -57.62 -57.50 -57.38 -57.31 -57.59 -57.91 -58.19 -58.53 -58.88 -59.25 -59.62 -60.00 -60.41 -60.81 -61.22 -61.59 -61.97 -62.34 -62.69 -63.00 -63.22 -63.38
-42.72 -42.84 -42.97 -43.19 -43.47 -43.78 -44.12 -44.50 -44.91 -45.31 -45.72 -46.09 -46.38 -46.59 -46.84 -47.22 -47.69 -48.09 -48.44 -48.72 -48.97 -49.12 -49.19 -49.16 -49.09 -49.00 -48.84 -48.66 -48.72 -49.19 -49.88 -50.66 -51.47 -52.12 -52.62 -53.03 -53.38 -53.88 -54.59 -55.47 -56.22 -56.81 -57.25 -57.59 -57.84 -58.00 -58.06 -58.03 -57.94 -57.81 -57.66 -57.50 -57.28 -57.44 -57.78 -58.12 -58.44 -58.78 -59.12 -59.50 -59.91 -60.31 -60.78 -61.22 -61.66 -62.06 -62.47 -62.84 -63.22 -63.50 -63.72
-43.06 -43.16 -43.28 -43.44 -43.72 -44.03 -44.41 -44.81 -45.25 -45.69 -46.12 -46.53 -46.91 -47.22 -47.53 -47.94 -48.38 -48.75 -49.03 -49.28 -49.50 -49.69 -49.72 -49.66 -49.59 -49.53 -49.47 -49.25 -49.09 -49.31 -49.94 -50.81 -51.78 -52.53 -53.06 -53.59 -54.06 -54.41 -54.72 -55.31 -56.09 -56.78 -57.31 -57.72 -58.00 -58.16 -58.25 -58.25 -58.12 -57.97 -57.81 -57.62 -57.31 -57.22 -57.53 -57.97 -58.28 -58.62 -58.97 -59.34 -59.75 -60.22 -60.72 -61.25 -61.75 -62.22 -62.66 -63.06 -63.41 -63.75 -64.03
-43.41 -43.44 -43.53 -43.66 -43.91 -44.22 -44.62 -45.06 -45.53 -46.00 -46.47 -46.94 -47.38 -47.78 -48.16 -48.56 -48.97 -49.34 -49.62 -49.84 -50.06 -50.19 -50.22 -50.16 -50.06 -50.03 -50.03 -49.91 -49.69 -49.75 -50.12 -50.78 -51.72 -52.75 -53.38 -53.97 -54.53 -54.97 -55.34 -55.69 -56.22 -56.88 -57.44 -57.84 -58.12 -58.34 -58.44 -58.44 -58.31 -58.16 -57.97 -57.78 -57.50 -57.28 -57.44 -57.78 -58.12 -58.41 -58.72 -59.03 -59.44 -59.97 -60.62 -61.28 -61.88 -62.38 -62.84 -63.25 -63.66 -64.00 -64.31
-43.72 -43.72 -43.75 -43.84 -44.03 -44.38 -44.75 -45.22 -45.72 -46.22 -46.75 -47.28 -47.78 -48.25 -48.72 -49.12 -49.53 -49.88 -50.16 -50.41 -50.59 -50.72 -50.72 -50.62 -50.53 -50.53 -50.59 -50.53 -50.38 -50.41 -50.62 -51.03 -51.72 -52.69 -53.66 -54.28 -54.91 -55.44 -55.88 -56.25 -56.69 -57.16 -57.62 -58.00 -58.31 -58.50 -58.62 -58.59 -58.50 -58.34 -58.16 -58.00 -57.81 -57.56 -57.59 -57.97 -58.34 -58.59 -58.72 -58.91 -59.22 -59.75 -60.44 -61.28 -62.00 -62.53 -63.00 -63.44 -63.84 -64.22 -64.56
-44.00 -44.00 -43.97 -43.97 -44.09 -44.41 -44.81 -45.28 -45.81 -46.41 -46.97 -47.53 -48.06 -48.59 -49.12 -49.59 -50.03 -50.41 -50.69 -50.91 -51.06 -51.19 -51.19 -51.09 -51.03 -51.06 -51.09 -51.09 -51.06 -51.19 -51.41 -51.66 -52.12 -52.88 -53.84 -54.56 -55.19 -55.78 -56.28 -56.72 -57.12 -57.53 -57.91 -58.22 -58.50 -58.69 -58.78 -58.78 -58.69 -58.53 -58.38 -58.22 -58.06 -57.84 -57.84 -58.28 -58.66 -58.91 -59.12 -59.31 -59.44 -59.88 -60.53 -61.31 -62.09 -62.66 -63.12 -63.59 -64.03 -64.41 -64.75
-44.25 -44.22 -44.19 -44.12 -44.09 -44.31 -44.72 -45.25 -45.88 -46.53 -47.16 -47.72 -48.31 -48.84 -49.41 -49.94 -50.41 -50.84 -51.16 -51.38 -51.53 -51.62 -51.62 -51.56 -51.53 -51.56 -51.59 -51.62 -51.72 -51.97 -52.22 -52.47 -52.78 -53.31 -54.12 -54.81 -55.38 -55.97 -56.53 -57.00 -57.44 -57.78 -58.12 -58.41 -58.66 -58.88 -58.97 -58.97 -58.88 -58.75 -58.59 -58.44 -58.28 -58.09 -58.06 -58.56 -58.91 -59.19 -59.44 -59.72 -60.00 -60.31 -60.88 -61.62 -62.28 -62.81 -63.28 -63.75 -64.19 -64.56 -64.94
-44.50 -44.47 -44.38 -44.25 -44.16 -44.31 -44.66 -45.19 -45.88 -46.66 -47.34 -47.97 -48.53 -49.09 -49.62 -50.16 -50.69 -51.16 -51.53 -51.81 -51.97 -52.06 -52.06 -52.03 -52.03 -52.06 -52.12 -52.16 -52.28 -52.50 -52.81 -53.12 -53.44 -53.84 -54.44 -55.00 -55.53 -56.09 -56.62 -57.12 -57.56 -57.94 -58.28 -58.56 -58.81 -59.00 -59.12 -59.16 -59.06 -58.94 -58.78 -58.62 -58.50 -58.31 -58.28 -58.75 -59.19 -59.50 -59.81 -60.09 -60.41 -60.78 -61.31 -61.91 -62.47 -62.97 -63.44 -63.91 -64.34 -64.72 -65.06
-44.75 -44.69 -44.59 -44.44 -44.34 -44.59 -45.00 -45.50 -46.12 -46.84 -47.59 -48.25 -48.78 -49.34 -49.84 -50.38 -50.91 -51.41 -51.81 -52.12 -52.34 -52.44 -52.47 -52.47 -52.50 -52.56 -52.62 -52.69 -52.78 -53.00 -53.25 -53.53 -53.84 -54.22 -54.62 -55.12 -55.62 -56.12 -56.62 -57.09 -57.56 -57.97 -58.34 -58.66 -58.91 -59.12 -59.25 -59.31 -59.25 -59.12 -59.00 -58.84 -58.72 -58.56 -58.56 -59.00 -59.47 -59.81 -60.16 -60.47 -60.78 -61.12 -61.56 -62.09 -62.59 -63.09 -63.56 -64.03 -64.47 -64.84 -65.19
-45.03 -44.97 -44.84 -44.66 -44.66 -45.03 -45.59 -46.09 -46.66 -47.31 -47.94 -48.56 -49.09 -49.62 -50.12 -50.59 -51.09 -51.59 -52.06 -52.41 -52.66 -52.78 -52.84 -52.91 -52.97 -53.03 -53.12 -53.19 -53.28 -53.47 -53.69 -53.94 -54.22 -54.53 -54.88 -55.25 -55.66 -56.06 -56.53 -57.00 -57.50 -57.94 -58.34 -58.69 -58.97 -59.22 -59.38 -59.44 -59.41 -59.31 -59.19 -59.06 -58.97 -58.88 -58.97 -59.38 -59.78 -60.12 -60.47 -60.81 -61.16 -61.47 -61.81 -62.25 -62.72 -63.19 -63.66 -64.09 -64.50 -64.88 -65.22
-45.34 -45.25 -45.16 -44.97 -44.97 -45.44 -46.12 -46.66 -47.19 -47.75 -48.31 -48.88 -49.44 -49.94 -50.44 -50.91 -51.34 -51.81 -52.28 -52.66 -52.94 -53.12 -53.22 -53.28 -53.38 -53.47 -53.56 -53.66 -53.75 -53.91 -54.12 -54.38 -54.62 -54.91 -55.22 -55.53 -55.84 -56.16 -56.50 -56.91 -57.44 -57.94 -58.38 -58.72 -59.03 -59.25 -59.44 -59.56 -59.56 -59.47 -59.38 -59.28 -59.22 -59.22 -59.44 -59.75 -60.06 -60.41 -60.78 -61.16 -61.50 -61.81 -62.12 -62.47 -62.88 -63.31 -63.75 -64.16 -64.53 -64.91 -65.25
-45.66 -45.59 -45.53 -45.38 -45.28 -45.69 -46.41 -46.94 -47.47 -48.00 -48.59 -49.16 -49.72 -50.25 -50.75 -51.22 -51.62 -52.06 -52.50 -52.88 -53.19 -53.41 -53.53 -53.62 -53.75 -53.84 -53.97 -54.06 -54.19 -54.34 -54.53 -54.78 -55.00 -55.28 -55.53 -55.84 -56.19 -56.50 -56.78 -57.09 -57.50 -57.97 -58.41 -58.78 -59.06 -59.31 -59.50 -59.66 -59.69 -59.62 -59.53 -59.47 -59.44 -59.53 -59.75 -60.06 -60.38 -60.72 -61.06 -61.44 -61.81 -62.16 -62.47 -62.78 -63.16 -63.53 -63.91 -64.28 -64.62 -64.97 -65.28
