everonasctiles/Tile[5,24].asc
ncols 128
nrows 128
xllcorner 0
yllcorner 0
cellsize 2.0
NODATA_value  -9999
[rows 34 to 67 of 128, columns 0 to 76 of 128]
45.97 45.53 45.09 44.66 44.16 43.62 42.97 42.34 41.69 41.03 40.31 39.56 38.81 38.09 37.41 36.88 36.34 35.88 35.34 34.84 34.25 33.59 32.88 32.09 31.25 30.47 29.88 29.31 28.66 27.94 27.19 26.50 25.84 25.22 24.72 24.31 23.97 23.69 23.47 23.25 23.03 22.66 22.62 22.59 22.50 22.28 21.75 20.94 20.12 19.34 18.53 17.75 16.75 16.31 16.31 16.47 16.62 16.72 16.72 16.88 16.44 15.78 13.78 11.97 10.38 8.81 7.50 6.31 5.31 4.41 3.53 2.69 1.91 1.25 0.84 0.84 0.91
46.88 46.44 45.97 45.53 45.03 44.47 43.88 43.25 42.59 41.91 41.19 40.44 39.66 38.88 38.16 37.53 36.94 36.41 35.84 35.28 34.69 34.00 33.28 32.53 31.66 30.75 30.03 29.41 28.72 28.00 27.28 26.59 25.97 25.34 24.78 24.31 23.97 23.72 23.50 23.31 23.16 22.91 22.59 22.53 22.50 22.44 22.25 21.69 21.09 20.44 19.88 19.41 18.47 17.91 17.59 17.44 17.38 17.34 17.25 17.16 16.88 16.31 16.19 14.22 11.56 9.81 8.28 7.03 6.16 5.34 4.47 3.59 2.69 1.91 1.38 1.00 1.00
47.75 47.28 46.84 46.38 45.84 45.28 44.72 44.09 43.44 42.72 42.00 41.25 40.44 39.59 38.84 38.16 37.50 36.91 36.28 35.69 35.03 34.34 33.59 32.84 32.03 31.16 30.31 29.59 28.84 28.09 27.41 26.75 26.09 25.47 24.91 24.41 24.06 23.81 23.59 23.41 23.25 23.12 22.88 22.53 22.44 22.41 22.31 22.25 21.84 21.16 20.69 20.28 19.62 18.97 18.59 18.28 18.06 17.91 17.72 17.53 17.16 16.72 16.38 16.19 13.00 10.62 9.00 7.88 7.16 6.44 5.59 4.69 3.69 2.66 2.03 1.62 1.31
48.56 48.06 47.62 47.16 46.66 46.09 45.50 44.88 44.19 43.47 42.72 41.97 41.12 40.28 39.47 38.72 38.03 37.38 36.72 36.06 35.38 34.66 33.88 33.09 32.31 31.47 30.66 29.84 29.06 28.31 27.59 26.91 26.22 25.59 25.03 24.56 24.22 23.97 23.72 23.53 23.38 23.22 23.06 22.88 22.53 22.34 22.28 22.19 22.09 21.91 21.19 20.78 20.38 19.75 19.25 18.91 18.62 18.38 18.12 17.84 17.47 17.06 16.75 16.31 15.50 11.19 9.59 8.94 8.28 7.53 6.66 5.75 4.78 3.78 2.78 2.19 1.84
49.28 48.81 48.34 47.84 47.38 46.88 46.25 45.59 44.91 44.16 43.41 42.59 41.75 40.91 40.03 39.19 38.47 37.78 37.09 36.41 35.72 34.97 34.19 33.38 32.56 31.72 30.94 30.12 29.31 28.53 27.81 27.06 26.41 25.78 25.25 24.78 24.44 24.16 23.91 23.72 23.50 23.34 23.19 23.00 22.84 22.56 22.28 22.16 22.03 21.94 21.84 21.47 20.94 20.38 19.84 19.41 19.06 18.81 18.50 18.19 17.81 17.44 17.06 16.59 16.22 14.66 10.22 10.34 9.59 8.72 7.75 6.81 5.88 4.91 3.94 2.94 2.31
49.94 49.47 49.03 48.53 48.06 47.53 46.94 46.28 45.56 44.81 44.03 43.19 42.31 41.44 40.53 39.66 38.88 38.12 37.41 36.69 35.97 35.22 34.44 33.62 32.75 31.97 31.19 30.41 29.59 28.84 28.06 27.31 26.59 25.97 25.50 25.06 24.72 24.44 24.16 23.94 23.72 23.50 23.31 23.12 22.97 22.75 22.56 22.19 21.97 21.88 21.78 21.66 21.53 20.88 20.38 19.91 19.50 19.19 18.88 18.53 18.16 17.78 17.38 16.91 16.34 16.03 14.75 12.09 11.12 10.03 8.91 7.84 6.94 5.94 4.97 3.97 2.91
50.47 50.16 49.72 49.22 48.72 48.19 47.59 46.94 46.22 45.44 44.62 43.75 42.84 41.91 40.97 40.09 39.22 38.44 37.69 36.94 36.22 35.44 34.66 33.84 32.97 32.25 31.53 30.72 29.94 29.19 28.41 27.62 26.88 26.25 25.84 25.41 25.06 24.75 24.47 24.19 23.94 23.72 23.50 23.28 23.09 22.91 22.69 22.44 22.09 21.84 21.69 21.59 21.53 21.44 20.84 20.34 19.94 19.56 19.19 18.84 18.47 18.09 17.69 17.25 16.69 16.22 15.94 14.81 12.66 11.38 10.12 8.97 7.94 6.91 5.94 4.97 4.06
50.97 50.66 50.31 49.88 49.34 48.78 48.16 47.50 46.78 46.03 45.19 44.31 43.38 42.41 41.47 40.53 39.62 38.78 37.97 37.19 36.44 35.66 34.88 34.03 33.25 32.59 31.91 31.09 30.41 29.66 28.88 28.09 27.25 26.62 26.22 25.78 25.44 25.09 24.81 24.50 24.22 23.97 23.72 23.50 23.28 23.06 22.84 22.62 22.38 22.16 21.78 21.53 21.47 21.38 21.28 20.88 20.38 19.97 19.56 19.16 18.78 18.41 18.00 17.59 17.16 16.75 16.34 15.75 14.81 12.81 11.47 10.19 9.00 7.88 6.88 6.03 5.28
51.31 51.03 50.72 50.34 49.84 49.31 48.69 48.00 47.31 46.56 45.75 44.88 43.91 42.91 41.94 41.00 40.03 39.16 38.28 37.44 36.66 35.84 35.06 34.28 33.56 32.97 32.31 31.56 30.97 30.31 29.59 28.91 28.03 27.19 26.69 26.22 25.81 25.44 25.16 24.88 24.59 24.31 24.03 23.78 23.53 23.31 23.06 22.88 22.66 22.41 22.16 21.72 21.38 21.31 21.22 21.16 20.88 20.31 19.91 19.50 19.09 18.69 18.31 17.94 17.56 17.16 16.75 16.34 15.78 14.84 12.97 11.44 10.12 8.88 7.88 7.06 6.41
51.59 51.31 50.97 50.59 50.12 49.66 49.12 48.50 47.81 47.06 46.25 45.38 44.41 43.41 42.41 41.41 40.44 39.50 38.62 37.72 36.91 36.12 35.34 34.66 34.00 33.41 32.84 32.25 31.62 31.03 30.38 29.66 28.88 28.03 27.28 26.72 26.25 25.84 25.53 25.22 24.97 24.69 24.41 24.16 23.91 23.66 23.41 23.19 22.97 22.72 22.47 22.16 21.69 21.25 21.16 21.06 20.97 20.78 20.25 19.84 19.44 19.03 18.62 18.25 17.88 17.53 17.16 16.78 16.47 15.88 14.97 12.94 11.12 9.84 8.91 8.19 7.53
51.81 51.53 51.19 50.81 50.38 49.91 49.44 48.91 48.25 47.50 46.69 45.78 44.84 43.88 42.84 41.81 40.81 39.81 38.91 38.12 37.38 36.59 35.88 35.09 34.50 33.97 33.47 32.97 32.41 31.84 31.19 30.47 29.69 28.84 28.03 27.31 26.75 26.28 25.94 25.66 25.38 25.12 24.88 24.59 24.34 24.09 23.81 23.56 23.31 23.06 22.78 22.53 22.19 21.69 21.12 21.00 20.91 20.81 20.66 20.28 19.78 19.34 18.91 18.50 18.09 17.75 17.44 17.12 16.78 16.41 15.97 15.19 12.06 10.66 10.06 9.44 8.78
51.94 51.69 51.34 50.97 50.56 50.12 49.69 49.25 48.62 47.88 47.06 46.09 45.19 44.28 43.22 42.22 41.19 40.22 39.44 38.78 38.03 37.28 36.50 35.78 35.22 34.72 34.25 33.75 33.22 32.62 31.97 31.25 30.47 29.66 28.81 28.03 27.34 26.84 26.47 26.12 25.88 25.62 25.38 25.12 24.84 24.56 24.28 24.00 23.72 23.44 23.19 22.91 22.66 22.31 21.69 21.03 20.81 20.72 20.62 20.53 20.22 19.66 19.16 18.69 18.28 17.91 17.59 17.28 16.97 16.66 16.28 15.56 15.00 12.44 11.50 10.91 10.25
52.06 51.78 51.47 51.09 50.69 50.28 49.91 49.47 48.91 48.06 47.22 46.34 45.50 44.62 43.59 42.53 41.69 40.81 40.06 39.41 38.72 38.00 37.22 36.59 36.03 35.53 35.06 34.53 34.00 33.41 32.75 32.03 31.25 30.44 29.59 28.81 28.09 27.50 27.06 26.72 26.41 26.12 25.88 25.62 25.38 25.09 24.81 24.53 24.22 23.94 23.62 23.34 23.09 22.91 22.38 21.69 20.97 20.66 20.56 20.44 20.28 20.00 19.38 18.88 18.44 18.03 17.66 17.31 17.03 16.75 16.44 16.06 15.59 15.56 13.84 12.69 11.94
52.12 51.88 51.56 51.19 50.78 50.38 50.00 49.56 49.03 48.16 47.38 46.56 45.78 44.97 44.03 43.16 42.34 41.56 40.69 40.03 39.41 38.75 38.12 37.47 36.88 36.31 35.81 35.28 34.75 34.16 33.50 32.81 32.03 31.22 30.38 29.59 28.88 28.25 27.78 27.34 27.00 26.69 26.44 26.16 25.91 25.66 25.34 25.06 24.75 24.47 24.16 23.88 23.59 23.34 23.03 22.50 21.84 20.88 20.47 20.31 20.19 20.03 19.69 19.06 18.56 18.09 17.69 17.31 17.03 16.78 16.59 16.41 16.22 16.09 16.06 15.78 14.34
52.16 51.94 51.66 51.28 50.88 50.44 50.00 49.56 49.03 48.25 47.50 46.81 46.06 45.28 44.44 43.66 42.91 42.16 41.38 40.75 40.09 39.62 39.00 38.34 37.69 37.09 36.53 36.00 35.47 34.88 34.25 33.56 32.78 32.00 31.19 30.41 29.66 29.00 28.47 28.03 27.62 27.31 27.00 26.72 26.44 26.19 25.91 25.59 25.31 25.00 24.72 24.41 24.09 23.81 23.47 23.19 22.59 21.81 20.66 20.25 20.09 19.94 19.72 19.44 18.72 18.09 17.72 17.38 17.06 16.84 16.69 16.59 16.50 16.41 16.31 16.03 15.50
52.19 51.97 51.69 51.34 50.94 50.50 50.03 49.53 49.03 48.28 47.66 47.00 46.22 45.53 44.84 44.12 43.47 42.78 42.12 41.56 41.06 40.53 39.88 39.19 38.56 37.91 37.31 36.75 36.22 35.62 35.00 34.31 33.56 32.78 31.97 31.19 30.47 29.78 29.19 28.72 28.28 27.91 27.56 27.25 27.00 26.72 26.47 26.16 25.84 25.56 25.25 24.94 24.62 24.28 23.97 23.66 23.31 22.53 21.72 20.84 20.06 19.81 19.56 19.34 19.12 18.56 17.75 17.44 17.12 16.91 16.81 16.78 16.75 16.66 16.59 16.41 16.16
52.19 52.00 51.75 51.41 51.00 50.56 50.09 49.56 49.03 48.44 47.69 47.09 46.50 45.88 45.25 44.56 44.00 43.44 42.88 42.47 41.97 41.34 40.69 40.03 39.41 38.75 38.12 37.56 37.00 36.44 35.81 35.12 34.38 33.59 32.78 32.00 31.25 30.53 29.91 29.41 28.94 28.53 28.16 27.81 27.53 27.25 27.00 26.72 26.41 26.09 25.78 25.44 25.12 24.78 24.44 24.12 23.97 23.25 22.41 21.50 20.44 19.88 19.44 19.19 18.97 18.75 18.44 17.72 17.22 17.03 16.97 16.97 16.97 16.91 16.84 16.72 16.56
52.16 52.00 51.78 51.44 51.03 50.62 50.16 49.62 48.88 48.38 47.84 47.34 46.81 46.25 45.69 45.09 44.59 44.16 43.78 43.41 42.75 42.09 41.47 40.88 40.28 39.66 39.06 38.47 37.88 37.28 36.62 35.94 35.19 34.41 33.62 32.81 32.03 31.31 30.62 30.06 29.56 29.09 28.72 28.38 28.06 27.78 27.50 27.22 26.91 26.56 26.25 25.94 25.56 25.25 24.88 24.56 24.25 23.91 23.09 22.12 20.88 19.94 19.53 19.06 18.81 18.59 18.34 18.09 17.78 17.31 17.12 17.16 17.16 17.09 17.03 16.94 16.84
52.12 52.00 51.75 51.44 51.03 50.62 50.16 49.56 48.88 48.47 48.00 47.59 47.12 46.62 46.12 45.66 45.25 44.91 44.50 44.06 43.44 42.84 42.31 41.75 41.22 40.62 40.03 39.41 38.78 38.16 37.47 36.78 36.03 35.22 34.41 33.59 32.78 32.03 31.31 30.72 30.16 29.69 29.28 28.91 28.56 28.28 27.97 27.69 27.38 27.03 26.72 26.38 26.00 25.66 25.28 24.94 24.56 24.19 23.66 22.69 21.53 20.41 19.72 19.22 18.72 18.44 18.19 17.91 17.66 17.66 17.75 17.50 17.38 17.28 17.19 17.09 17.00
52.03 51.94 51.72 51.38 50.97 50.50 50.00 49.50 49.06 48.66 48.25 47.88 47.50 47.06 46.75 46.38 45.91 45.47 45.06 44.59 44.06 43.62 43.16 42.66 42.12 41.59 40.97 40.31 39.69 39.03 38.34 37.62 36.81 36.03 35.19 34.38 33.53 32.75 32.00 31.34 30.75 30.25 29.78 29.38 29.00 28.72 28.44 28.12 27.78 27.47 27.12 26.75 26.38 26.03 25.62 25.28 24.88 24.44 23.94 23.22 22.00 20.47 19.91 19.69 18.97 18.59 18.09 17.75 17.50 17.69 17.81 17.81 17.78 17.66 17.44 17.25 17.12
51.88 51.84 51.62 51.28 50.78 50.16 49.94 49.56 49.19 48.84 48.50 48.19 47.88 47.62 47.31 46.91 46.47 46.00 45.56 45.19 44.81 44.41 44.00 43.56 43.06 42.53 41.94 41.25 40.56 39.88 39.16 38.44 37.62 36.78 35.91 35.06 34.25 33.41 32.62 31.91 31.31 30.78 30.28 29.81 29.38 29.06 28.81 28.50 28.19 27.84 27.47 27.09 26.72 26.34 25.94 25.56 25.16 24.69 24.16 23.56 22.19 20.59 20.12 20.31 19.88 19.03 18.56 18.22 17.91 17.81 17.81 17.81 17.78 17.72 17.62 17.50 17.25
51.81 51.72 51.47 51.09 50.56 50.25 49.97 49.69 49.38 49.06 48.75 48.47 48.19 47.97 47.69 47.34 46.94 46.53 46.16 45.84 45.50 45.22 44.88 44.47 44.00 43.47 42.88 42.19 41.44 40.72 39.97 39.22 38.38 37.50 36.62 35.72 34.88 34.03 33.22 32.44 31.81 31.28 30.72 30.19 29.72 29.31 29.06 28.78 28.47 28.12 27.78 27.41 27.00 26.62 26.22 25.84 25.44 24.94 24.41 23.62 22.34 21.31 21.06 21.16 20.66 19.91 19.16 18.69 18.53 18.38 18.06 17.84 17.75 17.69 17.59 17.44 17.22
51.66 51.56 51.34 50.84 50.59 50.34 50.06 49.81 49.56 49.31 48.97 48.66 48.41 48.22 48.00 47.72 47.41 47.09 46.81 46.50 46.22 45.97 45.66 45.28 44.84 44.34 43.75 43.09 42.31 41.56 40.75 39.94 39.06 38.19 37.25 36.31 35.44 34.56 33.75 32.97 32.28 31.69 31.12 30.56 30.00 29.50 29.22 28.94 28.66 28.31 27.97 27.59 27.22 26.84 26.44 26.06 25.69 25.19 24.66 23.88 22.62 22.09 22.22 22.06 21.41 20.69 20.03 19.53 19.06 18.69 18.56 18.38 18.16 17.81 17.56 17.38 17.16
51.44 51.38 51.38 50.88 50.72 50.50 50.25 49.97 49.72 49.47 49.16 48.81 48.59 48.44 48.25 48.09 47.91 47.69 47.44 47.16 46.91 46.66 46.38 46.06 45.66 45.19 44.62 43.91 43.16 42.34 41.50 40.62 39.72 38.78 37.81 36.88 35.97 35.06 34.22 33.41 32.69 32.06 31.47 30.84 30.22 29.56 29.28 29.03 28.75 28.44 28.09 27.75 27.41 27.00 26.62 26.28 25.94 25.44 25.03 24.06 22.84 22.66 23.12 22.84 22.19 21.56 20.88 20.19 19.69 19.25 18.88 18.56 18.38 18.09 17.81 17.50 17.19
51.41 51.41 51.44 51.16 50.94 50.69 50.38 50.09 49.81 49.56 49.19 48.91 48.72 48.59 48.53 48.50 48.38 48.25 48.03 47.81 47.56 47.31 47.09 46.81 46.44 46.00 45.44 44.75 43.91 43.06 42.22 41.25 40.31 39.31 38.34 37.34 36.41 35.47 34.62 33.81 33.06 32.41 31.81 31.16 30.44 29.56 29.31 29.06 28.81 28.50 28.16 27.84 27.50 27.12 26.78 26.44 26.16 25.78 25.25 23.78 22.72 22.84 23.78 23.59 22.88 22.25 21.62 20.97 20.25 19.72 19.25 18.72 18.53 18.22 17.88 17.56 17.25
51.50 51.53 51.56 51.50 51.19 50.91 50.56 50.19 49.84 49.44 49.09 48.88 48.84 48.81 48.84 48.81 48.81 48.72 48.59 48.41 48.22 48.00 47.75 47.50 47.16 46.72 46.16 45.47 44.66 43.75 42.81 41.84 40.84 39.78 38.75 37.75 36.78 35.84 34.94 34.12 33.38 32.72 32.09 31.47 30.75 29.72 29.16 28.97 28.78 28.50 28.19 27.88 27.53 27.16 26.84 26.53 26.28 25.75 25.22 23.97 23.03 23.47 24.22 24.41 23.56 22.84 22.19 21.53 20.84 20.19 19.59 18.94 18.62 18.31 18.00 17.69 17.34
51.69 51.72 51.75 51.75 51.56 51.25 50.84 50.34 49.78 49.31 48.97 48.88 48.97 49.03 49.09 49.12 49.16 49.16 49.06 48.94 48.81 48.59 48.41 48.16 47.81 47.38 46.81 46.09 45.28 44.38 43.41 42.34 41.31 40.22 39.16 38.09 37.06 36.09 35.22 34.41 33.66 32.97 32.41 31.81 31.16 30.09 29.03 28.88 28.69 28.44 28.19 27.84 27.50 27.16 26.81 26.56 26.19 25.75 25.34 24.50 24.25 24.69 25.00 25.12 24.34 23.44 22.72 22.03 21.38 20.72 20.03 19.19 18.81 18.47 18.16 17.84 17.50
52.03 52.03 52.06 52.19 51.94 51.62 51.12 50.47 49.75 49.16 48.84 48.94 49.12 49.25 49.34 49.41 49.44 49.50 49.47 49.41 49.31 49.12 48.97 48.69 48.34 47.91 47.31 46.62 45.84 44.91 43.91 42.81 41.72 40.59 39.50 38.41 37.31 36.34 35.44 34.62 33.84 33.19 32.66 32.12 31.53 30.53 29.28 28.69 28.56 28.38 28.12 27.81 27.44 27.09 26.75 26.44 26.00 25.62 25.09 24.78 25.19 25.28 25.38 25.31 25.06 24.19 23.25 22.47 21.81 21.12 20.44 19.69 19.06 18.72 18.38 18.06 17.72
52.22 52.38 52.41 52.56 52.44 52.03 51.44 50.72 49.91 49.22 48.91 49.06 49.25 49.47 49.56 49.66 49.72 49.81 49.84 49.81 49.75 49.59 49.41 49.16 48.75 48.28 47.69 47.03 46.28 45.34 44.31 43.19 42.03 40.91 39.78 38.66 37.53 36.50 35.59 34.75 34.00 33.34 32.81 32.34 31.81 30.94 29.72 28.66 28.38 28.16 28.00 27.66 27.28 26.91 26.47 25.97 25.78 25.31 24.78 25.47 25.59 25.72 25.81 25.84 25.78 24.84 23.97 22.97 22.19 21.50 20.81 20.12 19.38 19.00 18.69 18.38 18.03
52.44 52.66 52.81 52.88 52.91 52.47 51.88 51.06 50.25 49.53 49.25 49.28 49.47 49.69 49.81 49.91 50.00 50.09 50.12 50.12 50.09 50.00 49.81 49.53 49.12 48.62 48.03 47.38 46.59 45.66 44.56 43.44 42.28 41.12 39.97 38.84 37.75 36.66 35.72 34.88 34.09 33.41 32.91 32.47 32.00 31.31 30.22 28.97 28.19 27.91 27.66 27.34 26.97 26.56 26.03 25.69 25.75 25.88 25.97 26.06 26.16 26.19 26.28 26.34 26.62 25.38 24.47 23.56 22.53 21.81 21.16 20.53 19.91 19.41 19.03 18.75 18.44
52.69 52.91 53.06 53.22 53.22 52.97 52.38 51.56 50.81 50.19 49.84 49.69 49.78 49.97 50.12 50.22 50.28 50.38 50.41 50.44 50.38 50.28 50.06 49.78 49.34 48.84 48.28 47.59 46.78 45.84 44.78 43.62 42.47 41.28 40.12 39.00 37.88 36.78 35.81 34.94 34.16 33.47 32.97 32.50 32.06 31.47 30.56 29.31 28.19 27.56 27.22 26.97 26.72 26.47 26.12 26.06 26.59 26.72 26.81 26.78 26.69 26.69 26.75 26.88 26.78 25.75 24.88 24.00 22.84 22.09 21.47 20.88 20.31 19.78 19.38 19.12 18.88
52.94 53.06 53.22 53.38 53.50 53.50 53.03 52.31 51.59 51.00 50.56 50.28 50.22 50.28 50.44 50.53 50.62 50.66 50.72 50.72 50.62 50.47 50.25 49.94 49.50 48.94 48.34 47.69 46.88 45.97 44.91 43.75 42.56 41.38 40.22 39.06 37.94 36.91 35.94 35.03 34.25 33.56 33.03 32.53 32.03 31.44 30.56 29.75 28.97 28.38 27.94 27.16 27.06 27.09 26.97 27.31 27.50 27.56 27.53 27.50 27.31 27.22 27.28 27.16 26.91 26.06 25.22 24.38 23.53 22.53 21.78 21.22 20.66 20.06 19.59 19.47 19.28
53.06 53.19 53.34 53.50 53.59 53.69 53.50 53.00 52.34 51.72 51.22 50.88 50.72 50.69 50.78 50.88 50.94 50.97 51.00 51.00 50.88 50.66 50.38 50.03 49.56 48.94 48.34 47.72 46.94 46.00 44.97 43.81 42.62 41.44 40.25 39.09 38.00 36.97 36.03 35.16 34.41 33.72 33.16 32.59 32.09 31.53 30.75 30.06 29.50 29.06 28.75 28.50 28.12 28.12 28.03 28.34 28.47 28.47 28.34 28.53 28.47 28.34 28.09 27.78 27.31 26.50 25.59 24.69 23.94 23.03 22.31 21.72 21.12 20.16 19.72 19.66 19.56
53.19 53.28 53.44 53.62 53.75 53.94 54.03 53.62 53.06 52.44 51.94 51.59 51.34 51.19 51.16 51.22 51.25 51.28 51.25 51.22 51.09 50.78 50.44 50.03 49.53 48.94 48.34 47.69 46.91 46.00 44.97 43.84 42.66 41.44 40.25 39.12 38.00 37.03 36.12 35.28 34.56 33.94 33.34 32.78 32.28 31.69 30.97 30.28 29.47 29.62 29.56 29.59 29.62 29.50 29.50 29.59 29.66 29.47 29.44 29.75 29.72 29.59 29.22 28.62 27.91 27.12 25.94 25.00 24.25 23.50 22.91 22.41 21.91 21.59 20.84 20.03 19.81
