everonasctiles/Tile[27,42].asc
ncols 128
nrows 128
xllcorner 0
yllcorner 0
cellsize 2.0
NODATA_value  -9999
[rows 0 to 31 of 128, columns 0 to 70 of 128]
-52.91 -52.44 -52.34 -52.47 -52.47 -52.41 -52.31 -52.16 -52.03 -51.97 -51.91 -51.84 -51.75 -51.69 -51.62 -51.56 -51.56 -51.53 -51.47 -51.31 -51.12 -50.84 -50.53 -50.16 -49.75 -49.28 -48.78 -48.22 -47.69 -47.16 -46.72 -46.38 -46.03 -45.66 -45.28 -44.91 -44.50 -44.06 -43.75 -43.69 -43.78 -43.91 -44.00 -44.03 -43.91 -43.72 -43.47 -43.19 -42.88 -42.56 -42.25 -41.94 -41.66 -41.34 -41.06 -40.72 -40.34 -39.91 -39.44 -38.94 -38.44 -37.94 -37.47 -37.09 -36.78 -36.53 -36.31 -36.09 -35.91 -35.78 -35.72
-52.34 -51.81 -51.75 -52.00 -52.09 -52.06 -51.97 -51.84 -51.72 -51.66 -51.62 -51.59 -51.53 -51.47 -51.41 -51.38 -51.38 -51.34 -51.28 -51.16 -50.97 -50.75 -50.44 -50.09 -49.69 -49.28 -48.81 -48.31 -47.78 -47.22 -46.66 -46.16 -45.69 -45.31 -44.94 -44.53 -44.06 -43.56 -43.28 -43.31 -43.44 -43.59 -43.72 -43.75 -43.66 -43.50 -43.31 -43.06 -42.81 -42.53 -42.25 -41.97 -41.69 -41.44 -41.16 -40.84 -40.50 -40.06 -39.56 -39.06 -38.53 -38.00 -37.53 -37.12 -36.78 -36.53 -36.28 -36.09 -35.91 -35.81 -35.75
-51.84 -51.38 -51.34 -51.66 -51.75 -51.75 -51.69 -51.59 -51.47 -51.38 -51.38 -51.34 -51.31 -51.25 -51.19 -51.19 -51.16 -51.12 -51.06 -50.94 -50.81 -50.59 -50.31 -49.97 -49.59 -49.16 -48.72 -48.22 -47.69 -47.16 -46.56 -46.00 -45.47 -45.00 -44.47 -43.97 -43.50 -43.06 -42.81 -42.94 -43.12 -43.31 -43.41 -43.44 -43.41 -43.28 -43.12 -42.94 -42.75 -42.50 -42.25 -42.00 -41.75 -41.50 -41.25 -40.94 -40.56 -40.12 -39.66 -39.09 -38.56 -38.00 -37.50 -37.06 -36.72 -36.47 -36.25 -36.06 -35.91 -35.81 -35.78
-51.38 -51.09 -51.16 -51.41 -51.50 -51.53 -51.47 -51.38 -51.25 -51.16 -51.12 -51.12 -51.06 -51.00 -50.97 -50.94 -50.91 -50.88 -50.81 -50.69 -50.56 -50.38 -50.12 -49.78 -49.38 -48.94 -48.44 -47.91 -47.38 -46.84 -46.31 -45.78 -45.22 -44.75 -44.06 -43.38 -42.91 -42.53 -42.41 -42.66 -42.84 -43.00 -43.12 -43.16 -43.12 -43.03 -42.91 -42.78 -42.62 -42.44 -42.22 -42.00 -41.78 -41.53 -41.28 -40.97 -40.59 -40.19 -39.69 -39.16 -38.59 -38.00 -37.41 -36.94 -36.59 -36.34 -36.16 -36.00 -35.91 -35.88 -35.84
-51.09 -51.06 -51.25 -51.34 -51.34 -51.34 -51.31 -51.22 -51.09 -51.00 -50.94 -50.91 -50.84 -50.78 -50.72 -50.69 -50.66 -50.62 -50.53 -50.41 -50.25 -50.09 -49.88 -49.56 -49.16 -48.66 -48.06 -47.44 -46.84 -46.34 -45.88 -45.41 -44.91 -44.47 -43.72 -42.91 -42.31 -42.03 -42.09 -42.41 -42.56 -42.72 -42.81 -42.88 -42.84 -42.78 -42.69 -42.59 -42.47 -42.34 -42.19 -42.00 -41.78 -41.56 -41.28 -41.00 -40.62 -40.22 -39.75 -39.22 -38.66 -37.97 -37.28 -36.75 -36.41 -36.19 -36.03 -35.94 -35.91 -35.94 -35.94
-51.22 -51.41 -51.50 -51.50 -51.44 -51.34 -51.25 -51.12 -51.00 -50.88 -50.78 -50.72 -50.62 -50.53 -50.47 -50.41 -50.38 -50.31 -50.22 -50.09 -49.94 -49.78 -49.62 -49.34 -48.94 -48.44 -47.78 -46.97 -46.19 -45.66 -45.34 -45.00 -44.56 -44.12 -43.31 -42.50 -41.88 -41.62 -41.84 -42.16 -42.31 -42.44 -42.53 -42.59 -42.62 -42.56 -42.47 -42.38 -42.28 -42.22 -42.09 -41.97 -41.81 -41.59 -41.34 -41.03 -40.69 -40.28 -39.81 -39.31 -38.69 -37.88 -37.03 -36.44 -36.12 -36.00 -35.91 -35.91 -35.94 -36.00 -36.03
-51.59 -51.69 -51.69 -51.66 -51.56 -51.41 -51.28 -51.16 -51.00 -50.84 -50.69 -50.56 -50.44 -50.34 -50.25 -50.16 -50.09 -50.03 -49.91 -49.75 -49.56 -49.41 -49.28 -49.06 -48.72 -48.25 -47.62 -46.88 -45.97 -45.16 -44.62 -44.28 -44.00 -43.53 -42.88 -42.16 -41.59 -41.34 -41.62 -41.94 -42.06 -42.19 -42.28 -42.34 -42.38 -42.31 -42.19 -42.12 -42.12 -42.12 -42.06 -41.97 -41.84 -41.66 -41.44 -41.12 -40.78 -40.38 -39.94 -39.44 -38.78 -37.84 -36.94 -36.22 -35.81 -35.72 -35.84 -35.94 -36.00 -36.09 -36.16
-52.03 -51.97 -51.91 -51.81 -51.66 -51.50 -51.34 -51.19 -51.00 -50.81 -50.62 -50.47 -50.31 -50.19 -50.06 -49.94 -49.84 -49.72 -49.59 -49.41 -49.19 -49.00 -48.88 -48.72 -48.47 -48.03 -47.50 -46.88 -46.16 -45.34 -44.50 -43.88 -43.41 -43.00 -42.53 -42.06 -41.56 -41.25 -41.34 -41.66 -41.78 -41.88 -41.94 -42.03 -42.09 -42.16 -42.19 -42.22 -42.25 -42.22 -42.16 -42.06 -41.91 -41.75 -41.53 -41.28 -40.94 -40.56 -40.12 -39.66 -39.06 -38.09 -37.03 -36.12 -35.62 -35.56 -35.84 -35.97 -36.09 -36.22 -36.31
-52.38 -52.22 -52.12 -51.97 -51.78 -51.59 -51.41 -51.22 -51.03 -50.81 -50.59 -50.41 -50.22 -50.06 -49.91 -49.75 -49.59 -49.47 -49.28 -49.06 -48.81 -48.53 -48.44 -48.31 -48.09 -47.75 -47.31 -46.75 -46.12 -45.47 -44.75 -44.09 -43.50 -43.06 -42.69 -42.25 -41.78 -41.41 -41.31 -41.41 -41.47 -41.59 -41.81 -42.09 -42.34 -42.50 -42.53 -42.53 -42.47 -42.38 -42.28 -42.16 -42.03 -41.91 -41.69 -41.47 -41.16 -40.78 -40.38 -39.94 -39.44 -38.41 -37.12 -36.19 -35.56 -35.59 -35.88 -36.06 -36.19 -36.34 -36.47
-52.62 -52.47 -52.31 -52.12 -51.91 -51.69 -51.50 -51.28 -51.03 -50.81 -50.56 -50.34 -50.12 -49.94 -49.75 -49.56 -49.41 -49.22 -49.03 -48.78 -48.50 -48.16 -48.00 -47.91 -47.69 -47.38 -47.00 -46.53 -46.00 -45.41 -44.81 -44.22 -43.66 -43.19 -42.81 -42.47 -41.94 -41.66 -41.72 -41.75 -41.78 -41.94 -42.22 -42.53 -42.69 -42.78 -42.81 -42.78 -42.69 -42.56 -42.44 -42.31 -42.22 -42.09 -41.94 -41.69 -41.41 -41.06 -40.69 -40.22 -39.75 -38.72 -37.41 -36.25 -35.59 -35.66 -35.97 -36.16 -36.31 -36.50 -36.62
-52.84 -52.66 -52.47 -52.25 -52.03 -51.78 -51.56 -51.31 -51.03 -50.78 -50.53 -50.28 -50.03 -49.84 -49.62 -49.41 -49.22 -49.00 -48.78 -48.53 -48.25 -47.94 -47.66 -47.47 -47.25 -46.97 -46.62 -46.22 -45.75 -45.25 -44.72 -44.19 -43.69 -43.25 -42.84 -42.47 -41.97 -41.97 -42.19 -42.25 -42.34 -42.50 -42.72 -42.91 -43.03 -43.09 -43.09 -43.03 -42.94 -42.78 -42.66 -42.56 -42.47 -42.34 -42.19 -42.00 -41.72 -41.41 -41.00 -40.53 -40.03 -38.94 -37.56 -36.41 -35.69 -35.69 -36.03 -36.25 -36.44 -36.62 -36.81
-53.06 -52.84 -52.62 -52.38 -52.09 -51.81 -51.56 -51.28 -51.00 -50.75 -50.47 -50.19 -49.97 -49.72 -49.50 -49.28 -49.06 -48.84 -48.59 -48.34 -48.06 -47.78 -47.44 -47.16 -46.88 -46.56 -46.22 -45.84 -45.44 -44.97 -44.53 -44.06 -43.62 -43.22 -42.81 -42.34 -42.06 -42.34 -42.47 -42.56 -42.69 -42.88 -43.09 -43.22 -43.34 -43.41 -43.38 -43.31 -43.19 -43.03 -42.91 -42.84 -42.78 -42.66 -42.53 -42.31 -42.06 -41.75 -41.34 -40.81 -40.28 -39.22 -37.88 -36.69 -35.88 -35.69 -36.06 -36.31 -36.56 -36.78 -36.97
-53.22 -52.97 -52.69 -52.41 -52.09 -51.78 -51.50 -51.22 -50.94 -50.69 -50.41 -50.16 -49.91 -49.66 -49.41 -49.19 -48.94 -48.72 -48.47 -48.22 -47.94 -47.66 -47.31 -46.97 -46.59 -46.19 -45.81 -45.47 -45.06 -44.66 -44.25 -43.84 -43.47 -43.06 -42.59 -42.16 -42.38 -42.62 -42.75 -42.88 -43.00 -43.19 -43.38 -43.56 -43.69 -43.72 -43.69 -43.59 -43.47 -43.34 -43.25 -43.16 -43.09 -43.00 -42.84 -42.66 -42.44 -42.09 -41.66 -41.09 -40.53 -39.66 -38.34 -37.12 -36.22 -35.81 -36.00 -36.38 -36.66 -36.88 -37.09
-53.31 -53.03 -52.72 -52.38 -52.03 -51.69 -51.41 -51.12 -50.88 -50.62 -50.38 -50.12 -49.88 -49.62 -49.38 -49.12 -48.88 -48.62 -48.41 -48.12 -47.84 -47.53 -47.19 -46.84 -46.44 -46.03 -45.59 -45.16 -44.72 -44.31 -43.94 -43.59 -43.19 -42.75 -42.31 -42.22 -42.66 -42.91 -43.06 -43.22 -43.34 -43.50 -43.69 -43.91 -44.00 -44.03 -43.97 -43.88 -43.78 -43.66 -43.56 -43.50 -43.41 -43.31 -43.19 -43.00 -42.75 -42.41 -41.91 -41.31 -40.75 -40.06 -38.81 -37.59 -36.62 -36.12 -36.09 -36.38 -36.75 -37.00 -37.25
-53.34 -53.00 -52.66 -52.31 -51.97 -51.62 -51.34 -51.06 -50.81 -50.59 -50.38 -50.12 -49.91 -49.62 -49.38 -49.09 -48.84 -48.59 -48.34 -48.06 -47.78 -47.47 -47.12 -46.75 -46.34 -45.94 -45.50 -45.06 -44.66 -44.31 -43.97 -43.66 -43.25 -42.78 -42.38 -42.44 -42.94 -43.22 -43.41 -43.56 -43.69 -43.84 -44.03 -44.19 -44.31 -44.34 -44.28 -44.19 -44.06 -43.97 -43.88 -43.78 -43.72 -43.62 -43.50 -43.31 -43.06 -42.62 -42.09 -41.50 -40.91 -40.22 -39.03 -37.88 -37.03 -36.62 -36.50 -36.62 -36.91 -37.19 -37.41
-53.28 -52.94 -52.59 -52.25 -51.94 -51.62 -51.31 -51.06 -50.81 -50.59 -50.38 -50.16 -49.91 -49.66 -49.38 -49.09 -48.78 -48.50 -48.25 -47.97 -47.69 -47.38 -47.03 -46.66 -46.25 -45.84 -45.47 -45.09 -44.75 -44.47 -44.19 -43.94 -43.62 -43.12 -42.66 -42.69 -43.22 -43.53 -43.75 -43.91 -44.06 -44.19 -44.34 -44.47 -44.59 -44.62 -44.56 -44.47 -44.38 -44.25 -44.12 -44.06 -43.97 -43.91 -43.78 -43.59 -43.28 -42.81 -42.28 -41.66 -40.97 -39.97 -38.91 -38.03 -37.56 -37.31 -37.16 -37.12 -37.28 -37.50 -37.66
-53.22 -52.88 -52.53 -52.19 -51.88 -51.59 -51.34 -51.09 -50.84 -50.59 -50.38 -50.16 -49.91 -49.66 -49.34 -49.03 -48.72 -48.38 -48.06 -47.78 -47.53 -47.25 -46.91 -46.53 -46.16 -45.78 -45.44 -45.12 -44.84 -44.59 -44.34 -44.12 -43.91 -43.53 -43.06 -43.03 -43.53 -43.84 -44.06 -44.25 -44.41 -44.53 -44.62 -44.75 -44.84 -44.88 -44.84 -44.75 -44.62 -44.50 -44.41 -44.31 -44.22 -44.16 -44.06 -43.84 -43.47 -43.00 -42.47 -41.81 -40.84 -39.78 -38.88 -38.41 -38.31 -38.12 -37.91 -37.78 -37.81 -37.88 -37.97
-53.16 -52.78 -52.41 -52.06 -51.81 -51.59 -51.38 -51.12 -50.88 -50.62 -50.38 -50.16 -49.88 -49.59 -49.28 -48.94 -48.59 -48.19 -47.84 -47.53 -47.28 -47.03 -46.72 -46.38 -46.03 -45.72 -45.44 -45.19 -44.97 -44.75 -44.53 -44.31 -44.12 -43.88 -43.47 -43.44 -43.84 -44.16 -44.38 -44.56 -44.72 -44.84 -44.94 -45.00 -45.06 -45.09 -45.06 -44.97 -44.84 -44.75 -44.66 -44.56 -44.50 -44.44 -44.31 -44.06 -43.69 -43.22 -42.69 -41.97 -40.91 -39.91 -39.22 -39.12 -39.16 -38.91 -38.66 -38.44 -38.31 -38.28 -38.31
-53.09 -52.66 -52.22 -51.88 -51.75 -51.62 -51.44 -51.22 -50.94 -50.69 -50.41 -50.12 -49.84 -49.56 -49.22 -48.88 -48.44 -47.94 -47.50 -47.19 -47.00 -46.78 -46.53 -46.25 -45.94 -45.69 -45.44 -45.25 -45.09 -44.91 -44.72 -44.50 -44.34 -44.16 -43.91 -43.94 -44.22 -44.47 -44.66 -44.84 -45.00 -45.12 -45.19 -45.25 -45.28 -45.28 -45.25 -45.16 -45.06 -44.97 -44.91 -44.81 -44.78 -44.69 -44.53 -44.25 -43.88 -43.47 -43.00 -42.22 -41.16 -40.25 -39.84 -39.84 -39.66 -39.41 -39.12 -38.91 -38.72 -38.62 -38.62
-53.12 -52.72 -52.31 -52.03 -51.91 -51.75 -51.56 -51.31 -51.03 -50.75 -50.47 -50.19 -49.88 -49.56 -49.19 -48.78 -48.25 -47.62 -47.06 -46.72 -46.62 -46.53 -46.34 -46.12 -45.88 -45.66 -45.50 -45.34 -45.19 -45.03 -44.88 -44.72 -44.56 -44.44 -44.38 -44.44 -44.59 -44.75 -44.91 -45.09 -45.25 -45.34 -45.44 -45.47 -45.47 -45.47 -45.44 -45.34 -45.28 -45.22 -45.12 -45.09 -45.03 -44.94 -44.78 -44.50 -44.12 -43.72 -43.28 -42.47 -41.44 -40.69 -40.56 -40.41 -40.12 -39.84 -39.56 -39.28 -39.09 -38.94 -38.91
-53.22 -52.88 -52.56 -52.31 -52.09 -51.91 -51.69 -51.41 -51.12 -50.84 -50.56 -50.28 -49.94 -49.59 -49.22 -48.75 -48.16 -47.53 -46.97 -46.59 -46.41 -46.31 -46.19 -46.03 -45.84 -45.66 -45.53 -45.41 -45.28 -45.16 -45.03 -44.88 -44.78 -44.69 -44.69 -44.78 -44.91 -45.03 -45.16 -45.31 -45.47 -45.56 -45.62 -45.66 -45.66 -45.62 -45.59 -45.53 -45.47 -45.41 -45.38 -45.31 -45.28 -45.19 -45.00 -44.72 -44.38 -43.97 -43.47 -42.66 -41.78 -41.38 -41.19 -40.94 -40.62 -40.31 -39.97 -39.66 -39.38 -39.22 -39.19
-53.31 -53.03 -52.72 -52.47 -52.25 -52.00 -51.78 -51.50 -51.25 -50.97 -50.69 -50.38 -50.06 -49.69 -49.31 -48.84 -48.34 -47.78 -47.34 -47.03 -46.78 -46.56 -46.31 -46.09 -45.88 -45.69 -45.56 -45.47 -45.38 -45.25 -45.12 -45.03 -44.97 -44.94 -44.97 -45.03 -45.16 -45.28 -45.41 -45.53 -45.66 -45.75 -45.81 -45.81 -45.78 -45.75 -45.75 -45.72 -45.66 -45.59 -45.56 -45.53 -45.50 -45.41 -45.22 -44.94 -44.59 -44.19 -43.66 -43.00 -42.41 -42.06 -41.78 -41.44 -41.09 -40.72 -40.31 -39.91 -39.59 -39.44 -39.41
-53.31 -53.03 -52.78 -52.53 -52.28 -52.03 -51.81 -51.56 -51.31 -51.03 -50.75 -50.44 -50.12 -49.78 -49.41 -48.97 -48.53 -48.12 -47.72 -47.41 -47.06 -46.75 -46.47 -46.19 -45.94 -45.72 -45.59 -45.47 -45.41 -45.31 -45.22 -45.19 -45.12 -45.12 -45.19 -45.28 -45.38 -45.50 -45.62 -45.72 -45.81 -45.91 -45.94 -45.94 -45.91 -45.88 -45.88 -45.84 -45.81 -45.78 -45.72 -45.72 -45.69 -45.59 -45.41 -45.12 -44.81 -44.44 -43.97 -43.44 -43.00 -42.62 -42.28 -41.91 -41.50 -41.03 -40.53 -40.06 -39.66 -39.59 -39.66
-53.12 -52.88 -52.62 -52.41 -52.16 -51.94 -51.72 -51.47 -51.22 -50.97 -50.69 -50.41 -50.12 -49.81 -49.47 -49.09 -48.69 -48.31 -47.97 -47.59 -47.25 -46.91 -46.56 -46.22 -45.94 -45.75 -45.59 -45.47 -45.38 -45.34 -45.31 -45.28 -45.28 -45.31 -45.38 -45.47 -45.56 -45.69 -45.78 -45.88 -45.97 -46.03 -46.03 -46.03 -46.00 -46.00 -46.00 -45.97 -45.94 -45.91 -45.88 -45.88 -45.84 -45.75 -45.56 -45.31 -45.03 -44.69 -44.28 -43.88 -43.47 -43.09 -42.69 -42.28 -41.78 -41.25 -40.62 -39.97 -39.69 -39.88 -39.94
-52.78 -52.53 -52.31 -52.06 -51.88 -51.66 -51.44 -51.22 -51.00 -50.75 -50.47 -50.22 -49.97 -49.72 -49.41 -49.06 -48.72 -48.38 -48.06 -47.72 -47.34 -46.97 -46.59 -46.25 -45.97 -45.75 -45.56 -45.44 -45.34 -45.31 -45.34 -45.34 -45.38 -45.44 -45.50 -45.62 -45.72 -45.84 -45.94 -46.00 -46.06 -46.09 -46.12 -46.09 -46.09 -46.09 -46.09 -46.09 -46.06 -46.03 -46.00 -46.00 -45.97 -45.88 -45.69 -45.47 -45.22 -44.91 -44.56 -44.19 -43.81 -43.44 -43.00 -42.53 -42.00 -41.31 -40.50 -39.94 -40.00 -40.22 -40.22
-52.38 -52.12 -51.91 -51.66 -51.44 -51.25 -51.03 -50.81 -50.59 -50.38 -50.12 -49.88 -49.66 -49.44 -49.22 -48.94 -48.59 -48.28 -47.94 -47.62 -47.28 -46.94 -46.59 -46.25 -45.97 -45.72 -45.53 -45.38 -45.31 -45.28 -45.31 -45.38 -45.44 -45.50 -45.59 -45.72 -45.81 -45.94 -46.03 -46.09 -46.12 -46.16 -46.19 -46.19 -46.19 -46.19 -46.19 -46.16 -46.16 -46.12 -46.09 -46.09 -46.06 -45.97 -45.81 -45.62 -45.38 -45.06 -44.75 -44.41 -44.06 -43.66 -43.19 -42.69 -42.03 -41.22 -40.47 -40.22 -40.50 -40.59 -40.56
-51.81 -51.59 -51.38 -51.12 -50.94 -50.75 -50.53 -50.31 -50.12 -49.91 -49.69 -49.44 -49.22 -49.03 -48.84 -48.59 -48.28 -47.97 -47.66 -47.34 -47.03 -46.75 -46.47 -46.16 -45.88 -45.62 -45.44 -45.28 -45.22 -45.22 -45.28 -45.34 -45.44 -45.56 -45.66 -45.78 -45.88 -45.97 -46.06 -46.12 -46.16 -46.19 -46.22 -46.25 -46.25 -46.25 -46.25 -46.22 -46.22 -46.19 -46.19 -46.19 -46.16 -46.06 -45.91 -45.72 -45.47 -45.19 -44.88 -44.56 -44.19 -43.78 -43.31 -42.72 -42.00 -41.28 -40.81 -40.78 -41.00 -41.00 -40.94
-50.81 -50.59 -50.44 -50.34 -50.31 -50.19 -50.03 -49.78 -49.56 -49.41 -49.22 -48.97 -48.72 -48.53 -48.34 -48.12 -47.84 -47.53 -47.22 -46.94 -46.66 -46.41 -46.16 -45.94 -45.69 -45.44 -45.25 -45.12 -45.06 -45.06 -45.16 -45.28 -45.41 -45.53 -45.66 -45.78 -45.91 -46.00 -46.06 -46.12 -46.19 -46.22 -46.25 -46.28 -46.28 -46.28 -46.28 -46.28 -46.28 -46.25 -46.25 -46.25 -46.22 -46.12 -45.97 -45.78 -45.56 -45.28 -44.97 -44.66 -44.28 -43.88 -43.34 -42.75 -42.19 -41.72 -41.44 -41.44 -41.44 -41.38 -41.28
-49.91 -49.56 -49.34 -49.25 -49.47 -49.59 -49.47 -49.22 -48.97 -48.81 -48.69 -48.44 -48.12 -47.94 -47.78 -47.56 -47.31 -47.03 -46.72 -46.41 -46.12 -45.94 -45.72 -45.56 -45.34 -45.16 -45.00 -44.88 -44.84 -44.88 -44.97 -45.12 -45.28 -45.44 -45.59 -45.75 -45.88 -45.97 -46.06 -46.12 -46.19 -46.25 -46.28 -46.31 -46.31 -46.31 -46.31 -46.28 -46.31 -46.31 -46.31 -46.31 -46.25 -46.16 -46.03 -45.84 -45.62 -45.34 -45.06 -44.75 -44.41 -43.97 -43.53 -43.09 -42.75 -42.44 -42.16 -41.97 -41.84 -41.72 -41.59
-49.38 -48.88 -48.50 -48.34 -48.56 -48.91 -48.91 -48.69 -48.38 -48.16 -48.00 -47.69 -47.34 -47.22 -47.12 -46.94 -46.72 -46.44 -46.16 -45.81 -45.50 -45.38 -45.22 -45.09 -44.94 -44.81 -44.69 -44.59 -44.56 -44.62 -44.75 -44.91 -45.09 -45.31 -45.50 -45.66 -45.81 -45.94 -46.03 -46.12 -46.22 -46.28 -46.31 -46.31 -46.31 -46.31 -46.28 -46.31 -46.31 -46.34 -46.34 -46.34 -46.28 -46.19 -46.06 -45.91 -45.69 -45.44 -45.16 -44.88 -44.56 -44.22 -43.88 -43.56 -43.25 -42.91 -42.59 -42.38 -42.22 -42.03 -41.84
-49.41 -48.84 -48.34 -48.00 -47.97 -48.28 -48.34 -48.16 -47.88 -47.53 -47.19 -46.75 -46.38 -46.22 -46.34 -46.28 -46.06 -45.78 -45.53 -45.06 -44.62 -44.62 -44.69 -44.59 -44.47 -44.38 -44.31 -44.22 -44.22 -44.31 -44.47 -44.66 -44.88 -45.09 -45.31 -45.53 -45.72 -45.88 -46.00 -46.12 -46.22 -46.28 -46.31 -46.31 -46.31 -46.28 -46.28 -46.28 -46.28 -46.31 -46.34 -46.31 -46.28 -46.19 -46.09 -45.94 -45.72 -45.53 -45.28 -45.03 -44.75 -44.44 -44.16 -43.84 -43.53 -43.22 -42.94 -42.69 -42.47 -42.22 -41.94
-49.59 -49.16 -48.72 -48.34 -48.00 -47.88 -47.88 -47.75 -47.47 -47.09 -46.62 -46.03 -45.50 -45.25 -45.31 -45.50 -45.38 -45.12 -44.88 -44.31 -43.81 -43.78 -44.00 -44.06 -44.00 -43.94 -43.88 -43.84 -43.81 -43.94 -44.16 -44.41 -44.62 -44.84 -45.09 -45.34 -45.56 -45.78 -45.97 -46.09 -46.22 -46.31 -46.34 -46.31 -46.28 -46.25 -46.25 -46.25 -46.25 -46.25 -46.28 -46.28 -46.25 -46.16 -46.06 -45.94 -45.78 -45.59 -45.38 -45.16 -44.91 -44.62 -44.34 -44.06 -43.75 -43.47 -43.19 -42.91 -42.59 -42.28 -41.97
