everonasctiles/Tile[20,3].asc
ncols 128
nrows 128
xllcorner 0
yllcorner 0
cellsize 2.0
NODATA_value  -9999
[rows 0 to 28 of 128, columns 0 to 66 of 128]
-98.09 -98.44 -98.78 -99.16 -99.56 -99.97 -100.41 -100.84 -101.28 -101.75 -102.19 -102.62 -103.06 -103.47 -103.88 -104.28 -104.69 -105.09 -105.50 -105.88 -106.28 -106.69 -107.06 -107.44 -107.81 -108.19 -108.56 -108.91 -109.22 -109.56 -109.91 -110.22 -110.56 -110.91 -111.28 -111.66 -112.03 -112.41 -112.78 -113.12 -113.47 -113.78 -114.12 -114.44 -114.75 -115.06 -115.38 -115.66 -115.94 -116.22 -116.50 -116.75 -117.03 -117.28 -117.56 -117.81 -118.09 -118.38 -118.69 -119.00 -119.31 -119.62 -119.94 -120.28 -120.62 -120.97 -121.34
-97.94 -98.31 -98.69 -99.09 -99.50 -99.94 -100.38 -100.84 -101.28 -101.72 -102.16 -102.59 -103.00 -103.44 -103.84 -104.25 -104.66 -105.06 -105.47 -105.88 -106.28 -106.69 -107.09 -107.50 -107.88 -108.28 -108.66 -109.03 -109.38 -109.72 -110.06 -110.38 -110.72 -111.06 -111.44 -111.78 -112.16 -112.53 -112.91 -113.28 -113.62 -113.97 -114.28 -114.59 -114.91 -115.22 -115.53 -115.81 -116.12 -116.41 -116.66 -116.94 -117.19 -117.47 -117.72 -118.00 -118.25 -118.53 -118.81 -119.12 -119.44 -119.75 -120.09 -120.41 -120.75 -121.12 -121.50
-97.78 -98.16 -98.59 -99.03 -99.47 -99.94 -100.38 -100.84 -101.28 -101.69 -102.12 -102.53 -102.94 -103.34 -103.75 -104.16 -104.59 -105.03 -105.44 -105.84 -106.28 -106.69 -107.09 -107.50 -107.91 -108.31 -108.72 -109.09 -109.47 -109.84 -110.19 -110.53 -110.88 -111.22 -111.56 -111.94 -112.31 -112.69 -113.03 -113.41 -113.75 -114.09 -114.44 -114.75 -115.06 -115.38 -115.66 -115.97 -116.25 -116.53 -116.81 -117.09 -117.34 -117.62 -117.88 -118.16 -118.44 -118.69 -118.97 -119.28 -119.56 -119.88 -120.22 -120.56 -120.91 -121.25 -121.62
-97.62 -98.06 -98.53 -99.00 -99.47 -99.97 -100.41 -100.84 -101.28 -101.69 -102.09 -102.47 -102.84 -103.25 -103.66 -104.09 -104.53 -104.97 -105.41 -105.81 -106.25 -106.66 -107.09 -107.50 -107.94 -108.34 -108.75 -109.16 -109.53 -109.91 -110.28 -110.66 -111.00 -111.34 -111.72 -112.06 -112.44 -112.78 -113.16 -113.53 -113.88 -114.22 -114.56 -114.88 -115.19 -115.50 -115.81 -116.09 -116.41 -116.69 -116.97 -117.25 -117.53 -117.78 -118.06 -118.31 -118.59 -118.84 -119.12 -119.41 -119.72 -120.00 -120.34 -120.69 -121.03 -121.38 -121.75
-97.50 -97.97 -98.47 -99.00 -99.50 -99.97 -100.44 -100.88 -101.31 -101.72 -102.09 -102.47 -102.84 -103.22 -103.59 -104.03 -104.47 -104.91 -105.34 -105.78 -106.22 -106.66 -107.06 -107.50 -107.91 -108.34 -108.75 -109.19 -109.59 -109.97 -110.38 -110.72 -111.09 -111.47 -111.81 -112.19 -112.53 -112.91 -113.28 -113.62 -114.00 -114.34 -114.69 -115.03 -115.34 -115.66 -115.94 -116.25 -116.56 -116.84 -117.12 -117.41 -117.69 -117.94 -118.22 -118.47 -118.75 -119.00 -119.28 -119.56 -119.84 -120.16 -120.47 -120.78 -121.16 -121.50 -121.88
-97.34 -97.91 -98.44 -98.97 -99.47 -99.97 -100.44 -100.91 -101.31 -101.75 -102.12 -102.50 -102.88 -103.22 -103.59 -104.00 -104.44 -104.88 -105.31 -105.75 -106.16 -106.59 -107.03 -107.47 -107.91 -108.34 -108.78 -109.19 -109.62 -110.03 -110.44 -110.81 -111.19 -111.56 -111.94 -112.28 -112.66 -113.00 -113.38 -113.75 -114.09 -114.47 -114.81 -115.12 -115.47 -115.78 -116.09 -116.38 -116.69 -116.97 -117.28 -117.56 -117.81 -118.09 -118.38 -118.62 -118.91 -119.16 -119.44 -119.72 -120.00 -120.28 -120.59 -120.91 -121.25 -121.59 -121.94
-97.22 -97.81 -98.41 -98.94 -99.47 -99.97 -100.44 -100.91 -101.34 -101.75 -102.16 -102.53 -102.88 -103.25 -103.59 -104.00 -104.38 -104.81 -105.22 -105.66 -106.09 -106.53 -106.97 -107.44 -107.88 -108.34 -108.78 -109.22 -109.66 -110.09 -110.50 -110.88 -111.28 -111.66 -112.03 -112.41 -112.75 -113.12 -113.47 -113.84 -114.22 -114.56 -114.91 -115.25 -115.59 -115.91 -116.22 -116.53 -116.81 -117.12 -117.41 -117.69 -117.97 -118.25 -118.50 -118.78 -119.03 -119.31 -119.56 -119.84 -120.12 -120.41 -120.69 -121.00 -121.34 -121.66 -122.00
-97.25 -97.84 -98.44 -98.97 -99.47 -99.97 -100.44 -100.91 -101.31 -101.75 -102.12 -102.50 -102.84 -103.19 -103.53 -103.91 -104.31 -104.72 -105.12 -105.56 -106.00 -106.44 -106.91 -107.38 -107.88 -108.34 -108.81 -109.28 -109.72 -110.16 -110.59 -111.00 -111.38 -111.75 -112.12 -112.50 -112.88 -113.22 -113.59 -113.97 -114.31 -114.69 -115.03 -115.38 -115.72 -116.03 -116.34 -116.66 -116.97 -117.25 -117.56 -117.84 -118.12 -118.41 -118.66 -118.91 -119.16 -119.44 -119.69 -119.97 -120.22 -120.50 -120.78 -121.06 -121.38 -121.69 -122.03
-97.38 -97.94 -98.50 -99.03 -99.50 -100.00 -100.44 -100.88 -101.28 -101.66 -102.03 -102.38 -102.72 -103.06 -103.44 -103.81 -104.19 -104.59 -105.03 -105.47 -105.91 -106.38 -106.84 -107.34 -107.84 -108.34 -108.84 -109.34 -109.81 -110.25 -110.69 -111.09 -111.50 -111.88 -112.25 -112.62 -113.00 -113.34 -113.72 -114.06 -114.44 -114.81 -115.16 -115.50 -115.84 -116.16 -116.50 -116.78 -117.09 -117.41 -117.69 -118.00 -118.28 -118.56 -118.81 -119.06 -119.31 -119.56 -119.81 -120.06 -120.31 -120.59 -120.84 -121.12 -121.41 -121.72 -122.00
-97.47 -98.03 -98.56 -99.06 -99.53 -100.00 -100.44 -100.81 -101.16 -101.50 -101.84 -102.19 -102.53 -102.91 -103.28 -103.66 -104.06 -104.50 -104.97 -105.41 -105.88 -106.34 -106.84 -107.34 -107.88 -108.38 -108.91 -109.41 -109.88 -110.34 -110.78 -111.19 -111.59 -112.00 -112.38 -112.75 -113.12 -113.47 -113.84 -114.19 -114.56 -114.94 -115.28 -115.62 -115.97 -116.31 -116.62 -116.94 -117.25 -117.56 -117.84 -118.12 -118.44 -118.72 -118.97 -119.22 -119.47 -119.69 -119.94 -120.19 -120.41 -120.66 -120.91 -121.16 -121.41 -121.69 -121.97
-97.53 -98.06 -98.56 -99.06 -99.53 -99.94 -100.31 -100.62 -100.94 -101.25 -101.59 -101.94 -102.31 -102.69 -103.06 -103.50 -103.97 -104.44 -104.91 -105.41 -105.88 -106.38 -106.88 -107.41 -107.91 -108.44 -108.97 -109.47 -109.94 -110.41 -110.84 -111.28 -111.69 -112.09 -112.47 -112.84 -113.22 -113.59 -113.97 -114.31 -114.69 -115.06 -115.41 -115.78 -116.12 -116.44 -116.78 -117.09 -117.38 -117.69 -117.97 -118.28 -118.56 -118.84 -119.12 -119.38 -119.59 -119.84 -120.06 -120.28 -120.53 -120.75 -120.97 -121.19 -121.44 -121.66 -121.91
-97.56 -98.06 -98.53 -99.00 -99.41 -99.75 -100.03 -100.31 -100.59 -100.91 -101.25 -101.62 -102.03 -102.47 -102.94 -103.41 -103.91 -104.38 -104.88 -105.38 -105.88 -106.38 -106.91 -107.44 -107.97 -108.47 -109.00 -109.50 -109.97 -110.44 -110.88 -111.31 -111.72 -112.12 -112.53 -112.94 -113.31 -113.69 -114.06 -114.44 -114.81 -115.19 -115.53 -115.91 -116.25 -116.56 -116.91 -117.22 -117.53 -117.81 -118.12 -118.41 -118.69 -118.97 -119.25 -119.50 -119.72 -119.97 -120.19 -120.41 -120.62 -120.84 -121.03 -121.25 -121.47 -121.66 -121.88
-97.53 -98.00 -98.47 -98.88 -99.19 -99.44 -99.66 -99.91 -100.19 -100.56 -101.00 -101.47 -101.94 -102.41 -102.88 -103.38 -103.84 -104.34 -104.84 -105.34 -105.88 -106.38 -106.91 -107.44 -107.97 -108.50 -109.00 -109.47 -109.94 -110.41 -110.84 -111.28 -111.72 -112.16 -112.56 -113.00 -113.38 -113.78 -114.16 -114.53 -114.91 -115.28 -115.66 -116.00 -116.38 -116.72 -117.03 -117.34 -117.66 -117.94 -118.25 -118.53 -118.81 -119.06 -119.34 -119.59 -119.84 -120.06 -120.28 -120.50 -120.72 -120.91 -121.12 -121.31 -121.50 -121.69 -121.88
-97.47 -97.94 -98.31 -98.62 -98.84 -99.03 -99.22 -99.53 -99.97 -100.47 -100.97 -101.44 -101.91 -102.38 -102.84 -103.31 -103.78 -104.28 -104.78 -105.31 -105.84 -106.38 -106.91 -107.44 -107.94 -108.44 -108.94 -109.41 -109.88 -110.34 -110.81 -111.28 -111.75 -112.19 -112.62 -113.03 -113.44 -113.84 -114.25 -114.62 -115.03 -115.41 -115.78 -116.12 -116.50 -116.84 -117.16 -117.47 -117.78 -118.09 -118.38 -118.66 -118.91 -119.19 -119.47 -119.72 -119.97 -120.19 -120.41 -120.59 -120.81 -121.00 -121.19 -121.38 -121.56 -121.72 -121.88
-97.38 -97.78 -98.06 -98.28 -98.44 -98.62 -98.97 -99.47 -100.00 -100.50 -100.97 -101.44 -101.91 -102.34 -102.81 -103.28 -103.75 -104.22 -104.72 -105.25 -105.81 -106.34 -106.88 -107.41 -107.88 -108.38 -108.88 -109.34 -109.81 -110.31 -110.81 -111.28 -111.75 -112.22 -112.66 -113.09 -113.50 -113.91 -114.31 -114.72 -115.12 -115.50 -115.88 -116.25 -116.62 -116.97 -117.31 -117.62 -117.94 -118.22 -118.53 -118.78 -119.06 -119.31 -119.59 -119.84 -120.06 -120.31 -120.50 -120.72 -120.91 -121.09 -121.25 -121.44 -121.59 -121.75 -121.91
-97.19 -97.50 -97.75 -97.91 -98.06 -98.41 -98.97 -99.53 -100.00 -100.47 -100.94 -101.41 -101.84 -102.31 -102.75 -103.22 -103.66 -104.16 -104.69 -105.22 -105.75 -106.28 -106.81 -107.31 -107.81 -108.31 -108.81 -109.31 -109.81 -110.31 -110.81 -111.31 -111.81 -112.28 -112.72 -113.16 -113.59 -114.00 -114.44 -114.84 -115.25 -115.62 -116.03 -116.38 -116.75 -117.09 -117.44 -117.78 -118.09 -118.41 -118.69 -118.97 -119.22 -119.47 -119.72 -119.97 -120.22 -120.44 -120.62 -120.81 -121.00 -121.19 -121.34 -121.50 -121.66 -121.78 -121.94
-96.94 -97.19 -97.34 -97.53 -97.84 -98.41 -98.97 -99.50 -99.97 -100.41 -100.88 -101.34 -101.78 -102.22 -102.69 -103.12 -103.59 -104.09 -104.62 -105.16 -105.66 -106.19 -106.69 -107.22 -107.72 -108.25 -108.78 -109.31 -109.81 -110.34 -110.84 -111.34 -111.84 -112.31 -112.78 -113.25 -113.69 -114.12 -114.53 -114.97 -115.38 -115.75 -116.16 -116.53 -116.88 -117.22 -117.59 -117.91 -118.25 -118.56 -118.84 -119.12 -119.41 -119.66 -119.91 -120.12 -120.34 -120.56 -120.75 -120.94 -121.12 -121.28 -121.41 -121.56 -121.69 -121.84 -121.97
-96.62 -96.81 -96.97 -97.28 -97.81 -98.41 -98.94 -99.44 -99.91 -100.38 -100.84 -101.28 -101.72 -102.16 -102.62 -103.06 -103.56 -104.06 -104.56 -105.06 -105.56 -106.09 -106.59 -107.12 -107.66 -108.19 -108.72 -109.28 -109.81 -110.31 -110.84 -111.34 -111.84 -112.34 -112.81 -113.28 -113.75 -114.19 -114.62 -115.06 -115.47 -115.88 -116.28 -116.66 -117.03 -117.38 -117.72 -118.06 -118.41 -118.72 -119.00 -119.31 -119.59 -119.84 -120.09 -120.31 -120.50 -120.72 -120.91 -121.06 -121.22 -121.38 -121.50 -121.62 -121.75 -121.88 -122.00
-96.28 -96.47 -96.75 -97.28 -97.88 -98.44 -98.94 -99.44 -99.91 -100.38 -100.81 -101.25 -101.69 -102.12 -102.56 -103.03 -103.53 -104.03 -104.50 -105.00 -105.50 -106.00 -106.50 -107.03 -107.56 -108.12 -108.66 -109.19 -109.75 -110.28 -110.81 -111.31 -111.81 -112.31 -112.81 -113.31 -113.78 -114.25 -114.72 -115.12 -115.56 -115.97 -116.38 -116.78 -117.16 -117.53 -117.88 -118.22 -118.53 -118.88 -119.19 -119.47 -119.75 -120.03 -120.25 -120.47 -120.69 -120.88 -121.03 -121.19 -121.31 -121.47 -121.59 -121.69 -121.78 -121.91 -122.00
-95.94 -96.25 -96.75 -97.34 -97.91 -98.44 -98.94 -99.44 -99.91 -100.38 -100.81 -101.25 -101.69 -102.12 -102.56 -103.03 -103.50 -103.97 -104.47 -104.94 -105.44 -105.91 -106.44 -106.97 -107.50 -108.03 -108.59 -109.16 -109.69 -110.25 -110.78 -111.31 -111.81 -112.34 -112.88 -113.38 -113.84 -114.31 -114.78 -115.22 -115.62 -116.06 -116.47 -116.88 -117.28 -117.66 -118.03 -118.38 -118.72 -119.03 -119.34 -119.62 -119.94 -120.19 -120.44 -120.66 -120.84 -121.00 -121.16 -121.31 -121.44 -121.56 -121.66 -121.75 -121.84 -121.91 -122.00
-95.69 -96.16 -96.75 -97.34 -97.88 -98.44 -98.97 -99.47 -99.94 -100.41 -100.84 -101.28 -101.72 -102.16 -102.59 -103.03 -103.50 -103.97 -104.47 -104.94 -105.41 -105.91 -106.41 -106.94 -107.44 -108.00 -108.56 -109.12 -109.69 -110.25 -110.78 -111.34 -111.88 -112.41 -112.94 -113.44 -113.91 -114.38 -114.84 -115.28 -115.72 -116.16 -116.56 -117.00 -117.41 -117.78 -118.16 -118.53 -118.88 -119.19 -119.50 -119.81 -120.09 -120.34 -120.59 -120.81 -121.00 -121.16 -121.31 -121.44 -121.53 -121.66 -121.75 -121.81 -121.88 -121.94 -122.00
-95.56 -96.09 -96.69 -97.25 -97.81 -98.38 -98.94 -99.47 -99.97 -100.44 -100.91 -101.34 -101.78 -102.22 -102.66 -103.09 -103.56 -104.03 -104.53 -105.03 -105.50 -106.00 -106.50 -107.00 -107.50 -108.03 -108.56 -109.16 -109.72 -110.28 -110.84 -111.41 -111.97 -112.50 -113.03 -113.53 -114.03 -114.47 -114.94 -115.38 -115.81 -116.25 -116.69 -117.09 -117.53 -117.94 -118.31 -118.69 -119.03 -119.38 -119.69 -119.97 -120.25 -120.53 -120.78 -121.00 -121.16 -121.31 -121.44 -121.56 -121.66 -121.75 -121.81 -121.91 -121.94 -121.97 -122.00
-95.47 -96.03 -96.59 -97.16 -97.72 -98.31 -98.88 -99.41 -99.94 -100.44 -100.91 -101.38 -101.84 -102.28 -102.75 -103.22 -103.69 -104.16 -104.66 -105.16 -105.69 -106.19 -106.69 -107.19 -107.69 -108.19 -108.72 -109.25 -109.81 -110.38 -110.94 -111.50 -112.06 -112.59 -113.12 -113.66 -114.12 -114.59 -115.03 -115.47 -115.91 -116.38 -116.81 -117.25 -117.66 -118.09 -118.47 -118.84 -119.22 -119.53 -119.84 -120.16 -120.44 -120.69 -120.94 -121.16 -121.34 -121.47 -121.59 -121.72 -121.78 -121.84 -121.91 -121.97 -122.00 -122.03 -122.03
-95.41 -95.97 -96.50 -97.06 -97.66 -98.22 -98.81 -99.34 -99.88 -100.38 -100.88 -101.34 -101.81 -102.31 -102.81 -103.28 -103.78 -104.31 -104.81 -105.34 -105.88 -106.41 -106.91 -107.44 -107.94 -108.44 -108.97 -109.50 -110.03 -110.56 -111.09 -111.66 -112.19 -112.72 -113.25 -113.75 -114.22 -114.69 -115.12 -115.56 -116.00 -116.44 -116.91 -117.38 -117.81 -118.25 -118.66 -119.03 -119.41 -119.72 -120.03 -120.31 -120.59 -120.88 -121.12 -121.34 -121.50 -121.66 -121.78 -121.88 -121.94 -122.00 -122.03 -122.06 -122.09 -122.09 -122.06
-95.38 -95.91 -96.47 -97.03 -97.59 -98.16 -98.72 -99.25 -99.75 -100.25 -100.75 -101.25 -101.78 -102.28 -102.81 -103.38 -103.91 -104.44 -105.00 -105.53 -106.09 -106.62 -107.19 -107.72 -108.22 -108.72 -109.25 -109.75 -110.28 -110.81 -111.31 -111.84 -112.34 -112.88 -113.38 -113.84 -114.34 -114.78 -115.22 -115.66 -116.09 -116.53 -116.97 -117.44 -117.91 -118.38 -118.81 -119.22 -119.59 -119.94 -120.25 -120.53 -120.78 -121.03 -121.28 -121.50 -121.69 -121.84 -121.97 -122.03 -122.09 -122.12 -122.16 -122.16 -122.16 -122.16 -122.12
-95.38 -95.91 -96.44 -96.97 -97.53 -98.06 -98.56 -99.09 -99.59 -100.09 -100.59 -101.12 -101.69 -102.28 -102.88 -103.47 -104.03 -104.59 -105.16 -105.72 -106.28 -106.84 -107.41 -107.97 -108.50 -109.00 -109.53 -110.03 -110.53 -111.06 -111.56 -112.06 -112.56 -113.03 -113.53 -114.00 -114.44 -114.91 -115.34 -115.75 -116.19 -116.62 -117.06 -117.53 -118.00 -118.47 -118.94 -119.41 -119.81 -120.19 -120.50 -120.78 -121.03 -121.25 -121.47 -121.69 -121.88 -122.03 -122.16 -122.22 -122.28 -122.28 -122.28 -122.28 -122.25 -122.22 -122.19
-95.41 -95.94 -96.44 -96.97 -97.47 -97.97 -98.44 -98.94 -99.44 -99.94 -100.47 -101.09 -101.72 -102.34 -102.97 -103.59 -104.19 -104.78 -105.34 -105.94 -106.50 -107.06 -107.62 -108.19 -108.72 -109.25 -109.75 -110.25 -110.75 -111.25 -111.75 -112.25 -112.75 -113.25 -113.72 -114.16 -114.59 -115.03 -115.47 -115.88 -116.34 -116.78 -117.22 -117.69 -118.16 -118.62 -119.12 -119.59 -120.03 -120.44 -120.78 -121.06 -121.31 -121.50 -121.72 -121.91 -122.09 -122.22 -122.34 -122.41 -122.44 -122.44 -122.44 -122.41 -122.38 -122.31 -122.28
-95.47 -95.97 -96.47 -96.97 -97.47 -97.94 -98.41 -98.91 -99.44 -99.97 -100.56 -101.19 -101.78 -102.41 -103.06 -103.69 -104.28 -104.91 -105.53 -106.09 -106.69 -107.25 -107.81 -108.34 -108.91 -109.44 -109.94 -110.41 -110.88 -111.38 -111.88 -112.41 -112.94 -113.44 -113.94 -114.38 -114.81 -115.22 -115.62 -116.03 -116.50 -116.97 -117.44 -117.94 -118.41 -118.88 -119.34 -119.81 -120.28 -120.69 -121.06 -121.34 -121.59 -121.81 -121.97 -122.16 -122.31 -122.44 -122.53 -122.56 -122.59 -122.59 -122.59 -122.53 -122.47 -122.41 -122.34
-95.53 -96.03 -96.53 -97.03 -97.50 -98.00 -98.50 -99.00 -99.53 -100.06 -100.62 -101.22 -101.81 -102.44 -103.06 -103.69 -104.31 -104.94 -105.59 -106.19 -106.81 -107.38 -107.94 -108.50 -109.03 -109.59 -110.12 -110.62 -111.09 -111.56 -112.03 -112.53 -113.09 -113.66 -114.16 -114.66 -115.12 -115.50 -115.88 -116.25 -116.66 -117.16 -117.69 -118.19 -118.69 -119.19 -119.66 -120.09 -120.53 -120.97 -121.31 -121.62 -121.88 -122.06 -122.25 -122.41 -122.53 -122.62 -122.69 -122.75 -122.75 -122.75 -122.72 -122.66 -122.56 -122.50 -122.41
