everonasctiles/Tile26,41.asc
ncols 128
nrows 128
xllcorner 0
yllcorner 0
cellsize 2.0
NODATA_value  -9999
[rows 32 to 63 of 128, columns 0 to 70 of 128]
-61.06 -61.09 -61.09 -61.09 -61.06 -61.09 -61.19 -61.38 -61.75 -62.25 -62.88 -63.47 -64.03 -64.56 -65.03 -65.44 -65.81 -66.09 -66.25 -66.31 -66.31 -66.34 -66.53 -66.75 -67.00 -67.31 -67.66 -68.03 -68.38 -68.66 -68.88 -69.03 -69.12 -69.16 -69.16 -69.16 -69.22 -69.47 -70.00 -70.81 -71.75 -72.56 -73.16 -73.72 -74.31 -74.88 -75.38 -75.75 -75.97 -76.12 -76.16 -76.19 -76.22 -76.34 -76.44 -76.44 -76.41 -76.25 -75.91 -75.78 -76.03 -76.38 -76.69 -76.97 -77.22 -77.50 -77.78 -78.06 -78.31 -78.59 -78.84
-60.88 -60.91 -60.91 -60.91 -60.91 -60.91 -60.97 -61.12 -61.47 -62.00 -62.62 -63.22 -63.75 -64.22 -64.66 -65.00 -65.31 -65.56 -65.69 -65.69 -65.66 -65.66 -65.94 -66.28 -66.59 -66.94 -67.31 -67.69 -68.00 -68.28 -68.50 -68.69 -68.81 -68.88 -68.88 -68.88 -69.00 -69.28 -69.88 -70.69 -71.66 -72.56 -73.19 -73.81 -74.41 -74.97 -75.50 -76.00 -76.34 -76.56 -76.69 -76.75 -76.78 -76.81 -76.84 -76.84 -76.78 -76.62 -76.25 -76.03 -76.22 -76.50 -76.75 -77.03 -77.28 -77.56 -77.84 -78.12 -78.41 -78.69 -78.97
-60.69 -60.72 -60.72 -60.72 -60.72 -60.72 -60.78 -60.91 -61.25 -61.78 -62.38 -62.91 -63.41 -63.84 -64.22 -64.53 -64.78 -64.97 -65.09 -65.09 -65.03 -65.12 -65.53 -65.91 -66.25 -66.62 -66.97 -67.31 -67.66 -67.94 -68.16 -68.34 -68.50 -68.62 -68.84 -69.12 -69.44 -69.66 -70.03 -70.69 -71.50 -72.38 -73.12 -73.78 -74.44 -75.03 -75.62 -76.16 -76.59 -76.94 -77.12 -77.22 -77.25 -77.28 -77.28 -77.28 -77.19 -77.06 -76.69 -76.47 -76.69 -76.97 -77.09 -77.12 -77.31 -77.59 -77.88 -78.16 -78.44 -78.75 -79.06
-60.47 -60.50 -60.50 -60.50 -60.53 -60.53 -60.59 -60.72 -61.00 -61.53 -62.06 -62.59 -63.03 -63.41 -63.72 -64.00 -64.22 -64.38 -64.50 -64.53 -64.50 -64.69 -65.19 -65.59 -65.94 -66.28 -66.66 -67.00 -67.34 -67.62 -67.84 -68.06 -68.25 -68.50 -68.91 -69.31 -69.75 -70.19 -70.69 -71.22 -71.88 -72.59 -73.28 -73.91 -74.53 -75.12 -75.72 -76.28 -76.78 -77.19 -77.47 -77.62 -77.69 -77.72 -77.72 -77.72 -77.66 -77.53 -77.22 -77.06 -77.38 -77.66 -77.66 -77.56 -77.50 -77.66 -77.97 -78.22 -78.50 -78.84 -79.19
-60.25 -60.25 -60.25 -60.28 -60.28 -60.34 -60.41 -60.53 -60.81 -61.25 -61.78 -62.25 -62.62 -62.94 -63.22 -63.44 -63.66 -63.81 -63.94 -63.97 -63.97 -64.25 -64.72 -65.22 -65.62 -66.00 -66.38 -66.72 -67.06 -67.34 -67.56 -67.78 -67.97 -68.34 -68.91 -69.41 -69.94 -70.50 -71.06 -71.69 -72.34 -73.00 -73.66 -74.25 -74.84 -75.38 -75.94 -76.44 -76.94 -77.38 -77.75 -78.00 -78.09 -78.16 -78.16 -78.16 -78.12 -78.03 -77.84 -77.75 -78.03 -78.16 -78.12 -78.06 -77.91 -77.97 -78.16 -78.31 -78.59 -78.91 -79.25
-59.97 -60.00 -60.00 -60.00 -60.03 -60.09 -60.19 -60.34 -60.62 -61.03 -61.47 -61.88 -62.19 -62.44 -62.66 -62.91 -63.12 -63.28 -63.41 -63.44 -63.41 -63.66 -64.09 -64.62 -65.16 -65.66 -66.09 -66.47 -66.81 -67.09 -67.31 -67.47 -67.66 -68.09 -68.78 -69.41 -70.00 -70.59 -71.25 -71.94 -72.62 -73.28 -73.91 -74.53 -75.09 -75.66 -76.16 -76.66 -77.12 -77.56 -77.97 -78.28 -78.47 -78.56 -78.59 -78.59 -78.59 -78.53 -78.44 -78.44 -78.56 -78.62 -78.59 -78.53 -78.44 -78.44 -78.53 -78.59 -78.66 -78.94 -79.31
-59.69 -59.69 -59.69 -59.69 -59.75 -59.84 -59.97 -60.12 -60.41 -60.78 -61.16 -61.47 -61.69 -61.88 -62.09 -62.34 -62.62 -62.81 -62.91 -62.81 -62.81 -63.12 -63.59 -64.16 -64.75 -65.38 -65.84 -66.28 -66.62 -66.94 -67.16 -67.31 -67.56 -68.00 -68.62 -69.31 -69.94 -70.53 -71.16 -71.84 -72.59 -73.31 -74.03 -74.66 -75.25 -75.81 -76.31 -76.81 -77.28 -77.72 -78.12 -78.50 -78.75 -78.91 -79.00 -79.03 -79.03 -79.03 -78.97 -79.00 -79.06 -79.09 -79.06 -79.00 -78.91 -78.91 -78.91 -78.91 -78.84 -78.88 -79.25
-59.34 -59.34 -59.34 -59.34 -59.41 -59.53 -59.69 -59.91 -60.16 -60.50 -60.81 -61.03 -61.22 -61.31 -61.41 -61.66 -61.97 -62.25 -62.28 -62.25 -62.47 -62.91 -63.44 -64.03 -64.66 -65.22 -65.72 -66.19 -66.62 -67.00 -67.31 -67.62 -67.91 -68.22 -68.69 -69.16 -69.69 -70.22 -70.78 -71.44 -72.28 -73.16 -73.97 -74.66 -75.28 -75.88 -76.41 -76.91 -77.38 -77.84 -78.25 -78.66 -78.97 -79.22 -79.34 -79.44 -79.47 -79.47 -79.47 -79.50 -79.53 -79.56 -79.53 -79.44 -79.38 -79.31 -79.25 -79.16 -79.00 -78.78 -79.09
-59.00 -59.00 -58.97 -58.94 -59.06 -59.22 -59.38 -59.59 -59.88 -60.16 -60.41 -60.59 -60.72 -60.69 -60.72 -60.97 -61.31 -61.56 -61.72 -62.00 -62.53 -63.16 -63.66 -64.16 -64.69 -65.22 -65.72 -66.22 -66.69 -67.12 -67.53 -67.94 -68.28 -68.66 -69.03 -69.38 -69.56 -69.75 -70.06 -70.69 -71.59 -72.69 -73.75 -74.56 -75.22 -75.81 -76.38 -76.91 -77.41 -77.88 -78.34 -78.75 -79.09 -79.41 -79.66 -79.78 -79.88 -79.88 -79.91 -79.94 -80.00 -80.00 -79.97 -79.88 -79.78 -79.69 -79.56 -79.41 -79.16 -78.81 -79.06
-58.62 -58.59 -58.50 -58.44 -58.62 -58.84 -59.06 -59.28 -59.53 -59.78 -60.03 -60.19 -60.22 -60.12 -60.22 -60.44 -60.72 -61.00 -61.34 -61.91 -62.66 -63.25 -63.69 -64.19 -64.69 -65.22 -65.75 -66.25 -66.75 -67.25 -67.75 -68.19 -68.62 -69.03 -69.44 -69.81 -70.06 -70.12 -70.06 -70.34 -71.09 -72.12 -73.25 -74.31 -75.09 -75.75 -76.31 -76.88 -77.41 -77.91 -78.34 -78.78 -79.16 -79.50 -79.81 -80.06 -80.22 -80.28 -80.31 -80.34 -80.41 -80.41 -80.38 -80.28 -80.19 -80.06 -79.84 -79.62 -79.31 -79.00 -79.22
-58.25 -58.16 -57.97 -57.81 -58.06 -58.47 -58.69 -58.94 -59.19 -59.44 -59.66 -59.81 -59.88 -60.06 -60.34 -60.56 -60.72 -60.84 -61.12 -61.69 -62.44 -63.19 -63.69 -64.16 -64.69 -65.22 -65.75 -66.28 -66.81 -67.34 -67.88 -68.41 -68.88 -69.34 -69.78 -70.19 -70.53 -70.72 -70.78 -70.66 -70.94 -71.72 -72.72 -73.78 -74.81 -75.62 -76.28 -76.81 -77.34 -77.88 -78.34 -78.78 -79.19 -79.56 -79.91 -80.19 -80.44 -80.59 -80.69 -80.72 -80.78 -80.78 -80.75 -80.66 -80.53 -80.34 -80.12 -79.84 -79.53 -79.38 -79.56
-57.84 -57.69 -57.38 -57.19 -57.56 -58.06 -58.31 -58.56 -58.81 -59.09 -59.34 -59.59 -60.00 -60.47 -60.88 -61.19 -61.38 -61.41 -61.28 -61.47 -62.09 -62.91 -63.62 -64.12 -64.62 -65.12 -65.66 -66.22 -66.78 -67.34 -67.94 -68.50 -69.06 -69.56 -70.06 -70.53 -70.94 -71.25 -71.44 -71.44 -71.28 -71.59 -72.38 -73.34 -74.34 -75.34 -76.16 -76.78 -77.31 -77.81 -78.31 -78.75 -79.19 -79.56 -79.94 -80.25 -80.56 -80.81 -80.97 -81.06 -81.12 -81.12 -81.09 -80.97 -80.81 -80.62 -80.38 -80.12 -79.88 -79.84 -80.06
-57.44 -57.25 -56.84 -56.69 -57.12 -57.69 -57.94 -58.22 -58.50 -58.78 -59.12 -59.59 -60.16 -60.69 -61.16 -61.56 -61.91 -62.09 -62.03 -61.75 -61.91 -62.56 -63.38 -64.00 -64.47 -64.97 -65.47 -66.00 -66.59 -67.22 -67.88 -68.47 -69.06 -69.66 -70.22 -70.75 -71.22 -71.66 -71.97 -72.16 -72.09 -71.97 -72.34 -73.09 -74.03 -75.00 -75.94 -76.69 -77.25 -77.75 -78.25 -78.69 -79.12 -79.56 -79.94 -80.31 -80.66 -80.94 -81.19 -81.31 -81.41 -81.44 -81.38 -81.25 -81.09 -80.88 -80.66 -80.47 -80.28 -80.25 -80.59
-57.03 -56.81 -56.41 -56.31 -56.81 -57.31 -57.59 -57.91 -58.22 -58.59 -59.09 -59.69 -60.28 -60.88 -61.41 -61.91 -62.31 -62.59 -62.69 -62.50 -62.16 -62.31 -62.91 -63.56 -64.12 -64.59 -65.00 -65.50 -66.09 -66.81 -67.53 -68.25 -68.94 -69.56 -70.19 -70.78 -71.38 -71.91 -72.34 -72.66 -72.84 -72.81 -72.78 -73.22 -73.94 -74.84 -75.72 -76.50 -77.19 -77.69 -78.19 -78.62 -79.06 -79.50 -79.94 -80.38 -80.72 -81.06 -81.34 -81.53 -81.66 -81.69 -81.62 -81.50 -81.31 -81.12 -80.94 -80.78 -80.62 -80.59 -80.88
-56.66 -56.47 -56.06 -56.03 -56.59 -56.97 -57.31 -57.62 -58.03 -58.53 -59.16 -59.78 -60.44 -61.06 -61.66 -62.22 -62.72 -63.09 -63.31 -63.28 -62.88 -62.56 -62.72 -63.19 -63.75 -64.22 -64.69 -65.12 -65.66 -66.28 -67.00 -67.78 -68.53 -69.28 -69.91 -70.59 -71.34 -72.03 -72.62 -73.09 -73.38 -73.56 -73.66 -73.75 -74.19 -74.88 -75.69 -76.44 -77.12 -77.75 -78.25 -78.69 -79.09 -79.56 -80.03 -80.44 -80.84 -81.19 -81.47 -81.72 -81.88 -81.94 -81.88 -81.72 -81.56 -81.38 -81.22 -81.06 -80.94 -80.84 -81.09
-56.31 -56.12 -55.84 -55.88 -56.38 -56.69 -57.03 -57.44 -57.94 -58.53 -59.19 -59.88 -60.56 -61.22 -61.88 -62.47 -63.06 -63.53 -63.84 -63.97 -63.78 -63.31 -63.12 -63.31 -63.88 -64.56 -65.19 -65.69 -66.09 -66.53 -67.06 -67.69 -68.34 -68.97 -69.62 -70.38 -71.22 -72.03 -72.78 -73.38 -73.81 -74.12 -74.38 -74.59 -74.81 -75.25 -75.94 -76.72 -77.50 -78.12 -78.59 -79.00 -79.41 -79.81 -80.22 -80.62 -80.97 -81.31 -81.59 -81.84 -82.03 -82.09 -82.06 -81.94 -81.78 -81.62 -81.47 -81.34 -81.19 -81.06 -81.28
-56.00 -55.88 -55.69 -55.78 -56.16 -56.44 -56.81 -57.28 -57.88 -58.53 -59.19 -59.91 -60.62 -61.34 -62.03 -62.69 -63.31 -63.88 -64.31 -64.56 -64.56 -64.28 -63.91 -63.84 -64.19 -64.88 -65.72 -66.22 -66.72 -67.22 -67.75 -68.28 -68.84 -69.47 -70.06 -70.69 -71.41 -72.16 -72.91 -73.56 -74.09 -74.56 -74.94 -75.31 -75.66 -76.03 -76.53 -77.25 -77.94 -78.50 -78.94 -79.31 -79.69 -80.06 -80.44 -80.81 -81.16 -81.47 -81.75 -81.97 -82.16 -82.22 -82.19 -82.09 -81.97 -81.84 -81.72 -81.59 -81.47 -81.31 -81.47
-55.69 -55.62 -55.53 -55.62 -55.91 -56.19 -56.53 -57.06 -57.72 -58.44 -59.12 -59.84 -60.59 -61.34 -62.09 -62.81 -63.50 -64.12 -64.69 -65.06 -65.25 -65.19 -64.88 -64.66 -64.69 -65.06 -65.81 -66.44 -66.94 -67.53 -68.09 -68.69 -69.31 -69.91 -70.53 -71.16 -71.78 -72.44 -73.06 -73.69 -74.28 -74.81 -75.28 -75.75 -76.19 -76.69 -77.19 -77.75 -78.31 -78.81 -79.25 -79.62 -79.97 -80.28 -80.62 -80.97 -81.31 -81.62 -81.88 -82.09 -82.25 -82.34 -82.34 -82.28 -82.19 -82.06 -81.97 -81.88 -81.78 -81.66 -81.69
-55.41 -55.38 -55.38 -55.50 -55.72 -55.94 -56.28 -56.78 -57.41 -58.16 -58.94 -59.69 -60.50 -61.31 -62.09 -62.88 -63.62 -64.31 -64.94 -65.47 -65.78 -65.94 -65.84 -65.66 -65.50 -65.53 -65.78 -66.47 -67.06 -67.66 -68.28 -68.91 -69.53 -70.16 -70.78 -71.38 -72.00 -72.59 -73.19 -73.78 -74.34 -74.88 -75.41 -75.94 -76.47 -77.00 -77.56 -78.12 -78.62 -79.12 -79.56 -79.97 -80.28 -80.56 -80.84 -81.16 -81.47 -81.75 -82.03 -82.25 -82.41 -82.47 -82.47 -82.44 -82.38 -82.28 -82.19 -82.12 -82.09 -82.06 -82.06
-55.09 -55.12 -55.19 -55.38 -55.66 -55.97 -56.34 -56.81 -57.38 -58.06 -58.81 -59.66 -60.44 -61.28 -62.12 -62.94 -63.72 -64.47 -65.12 -65.75 -66.22 -66.50 -66.62 -66.59 -66.50 -66.34 -66.25 -66.41 -66.97 -67.62 -68.25 -68.91 -69.56 -70.22 -70.84 -71.47 -72.09 -72.69 -73.25 -73.78 -74.31 -74.81 -75.31 -75.84 -76.41 -77.06 -77.72 -78.31 -78.88 -79.41 -79.88 -80.28 -80.59 -80.88 -81.09 -81.34 -81.62 -81.94 -82.19 -82.41 -82.56 -82.62 -82.66 -82.62 -82.56 -82.50 -82.44 -82.44 -82.44 -82.44 -82.47
-54.81 -54.91 -55.06 -55.34 -55.66 -56.03 -56.50 -57.03 -57.62 -58.31 -59.03 -59.81 -60.59 -61.41 -62.25 -63.06 -63.88 -64.59 -65.31 -65.94 -66.53 -66.94 -67.22 -67.34 -67.38 -67.31 -67.09 -66.94 -67.03 -67.44 -68.00 -68.69 -69.38 -70.09 -70.81 -71.47 -72.06 -72.66 -73.19 -73.72 -74.19 -74.66 -75.06 -75.50 -76.03 -76.78 -77.59 -78.34 -79.00 -79.56 -80.06 -80.53 -80.91 -81.19 -81.41 -81.62 -81.84 -82.12 -82.38 -82.59 -82.75 -82.81 -82.84 -82.81 -82.75 -82.72 -82.69 -82.72 -82.75 -82.78 -82.81
-54.53 -54.69 -54.94 -55.25 -55.62 -56.06 -56.56 -57.12 -57.75 -58.44 -59.16 -59.94 -60.72 -61.53 -62.34 -63.16 -63.94 -64.72 -65.44 -66.09 -66.72 -67.25 -67.66 -67.91 -68.06 -68.12 -68.03 -67.78 -67.69 -67.81 -68.03 -68.38 -68.94 -69.72 -70.59 -71.34 -72.00 -72.59 -73.12 -73.62 -74.09 -74.47 -74.75 -74.91 -75.34 -76.12 -77.12 -78.16 -78.94 -79.59 -80.16 -80.66 -81.09 -81.47 -81.72 -81.91 -82.12 -82.34 -82.56 -82.78 -82.94 -83.03 -83.03 -83.03 -83.00 -82.97 -82.97 -83.03 -83.06 -83.09 -83.12
-54.28 -54.53 -54.84 -55.19 -55.56 -56.00 -56.53 -57.12 -57.78 -58.50 -59.22 -59.97 -60.75 -61.56 -62.38 -63.19 -63.97 -64.75 -65.47 -66.16 -66.81 -67.44 -67.97 -68.34 -68.59 -68.75 -68.78 -68.66 -68.50 -68.62 -68.78 -68.84 -69.00 -69.44 -70.16 -70.94 -71.75 -72.44 -73.06 -73.62 -74.12 -74.56 -74.91 -75.12 -75.28 -75.81 -76.72 -77.72 -78.75 -79.56 -80.19 -80.75 -81.22 -81.62 -81.94 -82.19 -82.38 -82.56 -82.78 -82.97 -83.12 -83.22 -83.25 -83.25 -83.25 -83.22 -83.25 -83.31 -83.38 -83.41 -83.44
-54.12 -54.44 -54.75 -55.09 -55.47 -55.94 -56.44 -57.03 -57.69 -58.41 -59.12 -59.88 -60.69 -61.50 -62.31 -63.12 -63.91 -64.66 -65.41 -66.16 -66.84 -67.53 -68.16 -68.66 -69.03 -69.28 -69.41 -69.41 -69.34 -69.41 -69.66 -69.75 -69.72 -69.81 -70.16 -70.69 -71.38 -72.12 -72.88 -73.59 -74.22 -74.72 -75.19 -75.59 -75.94 -76.22 -76.81 -77.66 -78.66 -79.56 -80.25 -80.78 -81.28 -81.72 -82.09 -82.38 -82.59 -82.78 -82.97 -83.12 -83.28 -83.41 -83.47 -83.50 -83.50 -83.50 -83.53 -83.59 -83.66 -83.69 -83.72
-54.03 -54.34 -54.69 -55.03 -55.44 -55.88 -56.38 -56.94 -57.59 -58.28 -59.00 -59.75 -60.56 -61.38 -62.16 -62.94 -63.69 -64.47 -65.25 -66.03 -66.81 -67.59 -68.28 -68.88 -69.41 -69.75 -69.94 -70.03 -70.03 -70.12 -70.41 -70.66 -70.72 -70.69 -70.78 -71.03 -71.44 -72.00 -72.72 -73.50 -74.31 -74.91 -75.44 -76.00 -76.47 -76.94 -77.50 -78.16 -78.97 -79.72 -80.34 -80.88 -81.34 -81.75 -82.16 -82.47 -82.72 -82.94 -83.09 -83.25 -83.41 -83.53 -83.66 -83.72 -83.75 -83.78 -83.81 -83.84 -83.94 -83.97 -83.97
-53.94 -54.28 -54.62 -54.97 -55.38 -55.81 -56.31 -56.88 -57.50 -58.19 -58.91 -59.66 -60.44 -61.16 -61.88 -62.59 -63.34 -64.16 -65.03 -65.94 -66.81 -67.62 -68.38 -69.03 -69.62 -70.09 -70.44 -70.59 -70.66 -70.72 -70.91 -71.19 -71.44 -71.66 -71.72 -71.81 -72.00 -72.31 -72.84 -73.53 -74.34 -75.09 -75.66 -76.25 -76.84 -77.41 -78.00 -78.62 -79.28 -79.88 -80.41 -80.91 -81.34 -81.78 -82.16 -82.50 -82.78 -83.00 -83.16 -83.34 -83.50 -83.66 -83.78 -83.91 -83.97 -84.03 -84.06 -84.09 -84.16 -84.22 -84.22
-53.88 -54.19 -54.53 -54.88 -55.25 -55.69 -56.22 -56.78 -57.41 -58.09 -58.78 -59.50 -60.19 -60.84 -61.53 -62.22 -63.06 -64.00 -65.00 -65.97 -66.84 -67.66 -68.41 -69.09 -69.75 -70.31 -70.78 -71.06 -71.22 -71.31 -71.44 -71.66 -71.91 -72.16 -72.44 -72.72 -72.81 -72.94 -73.25 -73.78 -74.44 -75.16 -75.81 -76.41 -77.00 -77.62 -78.25 -78.84 -79.44 -79.97 -80.47 -80.94 -81.38 -81.75 -82.12 -82.47 -82.75 -82.97 -83.19 -83.38 -83.56 -83.75 -83.91 -84.06 -84.16 -84.25 -84.28 -84.34 -84.38 -84.41 -84.44
-53.81 -54.09 -54.41 -54.72 -55.09 -55.56 -56.09 -56.66 -57.28 -57.91 -58.56 -59.22 -59.88 -60.53 -61.28 -62.16 -63.09 -64.06 -65.00 -65.91 -66.75 -67.53 -68.25 -69.00 -69.72 -70.38 -70.94 -71.41 -71.69 -71.84 -71.97 -72.12 -72.34 -72.62 -72.88 -73.19 -73.50 -73.75 -73.91 -74.28 -74.84 -75.41 -75.94 -76.47 -77.03 -77.66 -78.31 -78.94 -79.50 -80.03 -80.50 -80.97 -81.38 -81.75 -82.09 -82.44 -82.72 -82.97 -83.19 -83.41 -83.62 -83.84 -84.03 -84.22 -84.34 -84.44 -84.50 -84.56 -84.59 -84.62 -84.62
-53.75 -54.00 -54.28 -54.53 -54.88 -55.34 -55.88 -56.47 -57.06 -57.69 -58.31 -58.91 -59.56 -60.38 -61.31 -62.25 -63.12 -63.97 -64.84 -65.66 -66.44 -67.22 -67.97 -68.78 -69.56 -70.31 -71.00 -71.56 -72.00 -72.28 -72.47 -72.66 -72.84 -73.09 -73.34 -73.62 -73.97 -74.31 -74.66 -75.00 -75.53 -76.09 -76.53 -76.84 -77.12 -77.59 -78.22 -78.88 -79.53 -80.12 -80.62 -81.06 -81.44 -81.75 -82.06 -82.38 -82.69 -83.00 -83.25 -83.50 -83.75 -83.97 -84.19 -84.34 -84.50 -84.62 -84.69 -84.75 -84.78 -84.78 -84.78
-53.78 -53.97 -54.16 -54.31 -54.59 -55.00 -55.50 -56.06 -56.62 -57.22 -57.75 -58.38 -59.12 -60.03 -61.12 -62.16 -62.97 -63.75 -64.53 -65.25 -65.97 -66.66 -67.50 -68.44 -69.41 -70.22 -71.00 -71.62 -72.16 -72.59 -72.91 -73.12 -73.34 -73.56 -73.81 -74.09 -74.41 -74.78 -75.19 -75.66 -76.22 -76.78 -77.25 -77.62 -77.88 -78.03 -78.34 -78.91 -79.59 -80.31 -80.91 -81.34 -81.69 -81.97 -82.19 -82.38 -82.69 -83.06 -83.38 -83.66 -83.91 -84.12 -84.31 -84.50 -84.66 -84.78 -84.84 -84.91 -84.94 -84.94 -84.94
-53.91 -54.12 -54.28 -54.41 -54.56 -54.91 -55.38 -55.88 -56.34 -56.78 -57.28 -57.84 -58.59 -59.47 -60.50 -61.53 -62.47 -63.22 -63.81 -64.41 -65.16 -66.12 -67.19 -68.31 -69.41 -70.34 -71.09 -71.72 -72.31 -72.81 -73.22 -73.56 -73.84 -74.09 -74.31 -74.56 -74.84 -75.22 -75.62 -76.12 -76.69 -77.25 -77.78 -78.25 -78.62 -78.94 -79.19 -79.56 -80.12 -80.78 -81.34 -81.75 -82.09 -82.34 -82.53 -82.62 -82.78 -83.16 -83.53 -83.81 -84.06 -84.28 -84.47 -84.66 -84.78 -84.91 -84.97 -85.03 -85.06 -85.06 -85.06
-54.09 -54.34 -54.56 -54.78 -54.94 -55.22 -55.69 -56.25 -56.81 -57.25 -57.59 -57.94 -58.44 -59.22 -60.16 -61.09 -61.84 -62.47 -63.12 -63.91 -64.91 -66.06 -67.34 -68.56 -69.72 -70.56 -71.25 -71.88 -72.47 -73.00 -73.47 -73.88 -74.25 -74.56 -74.81 -75.06 -75.31 -75.62 -76.03 -76.56 -77.12 -77.72 -78.28 -78.81 -79.28 -79.69 -80.06 -80.47 -80.94 -81.41 -81.84 -82.19 -82.47 -82.72 -82.91 -83.03 -83.12 -83.38 -83.72 -84.00 -84.22 -84.44 -84.62 -84.78 -84.91 -85.03 -85.09 -85.16 -85.16 -85.16 -85.16
