everonasctiles/Tile[5,2].asc
ncols 128
nrows 128
xllcorner 0
yllcorner 0
cellsize 2.0
NODATA_value  -9999
[rows 0 to 31 of 128, columns 0 to 70 of 128]
-88.16 -88.03 -87.91 -87.78 -87.69 -87.56 -87.47 -87.38 -87.25 -87.12 -87.00 -86.88 -86.75 -86.62 -86.53 -86.44 -86.38 -86.31 -86.28 -86.19 -86.12 -86.03 -85.94 -85.88 -85.78 -85.72 -85.66 -85.59 -85.53 -85.47 -85.38 -85.28 -85.12 -85.00 -84.81 -84.66 -84.50 -84.34 -84.22 -84.09 -83.97 -83.84 -83.75 -83.62 -83.50 -83.41 -83.28 -83.16 -83.06 -82.94 -82.84 -82.75 -82.69 -82.62 -82.56 -82.53 -82.50 -82.47 -82.44 -82.41 -82.38 -82.31 -82.28 -82.25 -82.22 -82.19 -82.16 -82.19 -82.22 -82.25 -82.31
-88.28 -88.19 -88.06 -87.94 -87.81 -87.72 -87.59 -87.50 -87.38 -87.25 -87.12 -87.00 -86.88 -86.75 -86.66 -86.56 -86.53 -86.47 -86.41 -86.34 -86.28 -86.22 -86.12 -86.06 -85.97 -85.91 -85.81 -85.75 -85.69 -85.62 -85.50 -85.41 -85.25 -85.09 -84.94 -84.78 -84.62 -84.47 -84.34 -84.22 -84.09 -83.97 -83.88 -83.75 -83.62 -83.50 -83.41 -83.28 -83.16 -83.06 -82.97 -82.88 -82.78 -82.72 -82.69 -82.62 -82.56 -82.53 -82.50 -82.47 -82.44 -82.38 -82.34 -82.31 -82.28 -82.25 -82.19 -82.22 -82.25 -82.28 -82.34
-88.41 -88.31 -88.19 -88.06 -87.97 -87.84 -87.75 -87.66 -87.53 -87.41 -87.28 -87.16 -87.03 -86.91 -86.78 -86.72 -86.66 -86.62 -86.56 -86.50 -86.44 -86.38 -86.28 -86.22 -86.12 -86.06 -85.97 -85.91 -85.84 -85.75 -85.62 -85.50 -85.34 -85.19 -85.03 -84.88 -84.75 -84.59 -84.47 -84.34 -84.22 -84.09 -83.97 -83.84 -83.75 -83.62 -83.50 -83.41 -83.28 -83.16 -83.06 -82.97 -82.91 -82.84 -82.78 -82.72 -82.66 -82.62 -82.59 -82.53 -82.50 -82.47 -82.41 -82.38 -82.31 -82.28 -82.25 -82.25 -82.28 -82.31 -82.38
-88.53 -88.44 -88.31 -88.22 -88.09 -88.00 -87.91 -87.81 -87.69 -87.56 -87.44 -87.31 -87.19 -87.06 -86.94 -86.84 -86.78 -86.75 -86.69 -86.62 -86.56 -86.50 -86.44 -86.34 -86.25 -86.19 -86.09 -86.03 -85.94 -85.84 -85.72 -85.59 -85.44 -85.28 -85.16 -85.00 -84.84 -84.72 -84.59 -84.44 -84.31 -84.19 -84.06 -83.97 -83.84 -83.72 -83.62 -83.50 -83.38 -83.28 -83.16 -83.06 -83.00 -82.94 -82.88 -82.81 -82.75 -82.72 -82.69 -82.62 -82.56 -82.53 -82.47 -82.44 -82.38 -82.31 -82.28 -82.28 -82.31 -82.34 -82.41
-88.69 -88.56 -88.44 -88.34 -88.25 -88.16 -88.06 -87.97 -87.84 -87.72 -87.59 -87.47 -87.31 -87.19 -87.09 -87.00 -86.94 -86.88 -86.81 -86.75 -86.69 -86.62 -86.53 -86.47 -86.38 -86.28 -86.19 -86.09 -86.00 -85.91 -85.78 -85.66 -85.50 -85.38 -85.22 -85.09 -84.94 -84.81 -84.69 -84.53 -84.41 -84.28 -84.16 -84.06 -83.94 -83.81 -83.72 -83.59 -83.47 -83.38 -83.25 -83.16 -83.09 -83.03 -82.97 -82.91 -82.88 -82.81 -82.78 -82.72 -82.66 -82.59 -82.53 -82.47 -82.41 -82.34 -82.31 -82.31 -82.34 -82.38 -82.44
-88.81 -88.69 -88.59 -88.50 -88.41 -88.31 -88.22 -88.12 -88.00 -87.88 -87.75 -87.62 -87.47 -87.34 -87.25 -87.16 -87.06 -87.00 -86.94 -86.88 -86.81 -86.72 -86.66 -86.56 -86.47 -86.34 -86.25 -86.16 -86.03 -85.94 -85.81 -85.69 -85.56 -85.44 -85.31 -85.16 -85.03 -84.91 -84.78 -84.62 -84.50 -84.38 -84.28 -84.16 -84.03 -83.94 -83.81 -83.69 -83.56 -83.47 -83.34 -83.25 -83.19 -83.12 -83.06 -83.00 -82.97 -82.91 -82.88 -82.81 -82.75 -82.66 -82.59 -82.53 -82.44 -82.41 -82.34 -82.34 -82.38 -82.44 -82.47
-88.94 -88.84 -88.75 -88.66 -88.56 -88.50 -88.41 -88.28 -88.16 -88.03 -87.91 -87.78 -87.62 -87.50 -87.41 -87.31 -87.22 -87.16 -87.06 -87.00 -86.91 -86.81 -86.72 -86.62 -86.53 -86.44 -86.31 -86.19 -86.06 -85.97 -85.84 -85.72 -85.59 -85.47 -85.38 -85.25 -85.12 -85.00 -84.84 -84.75 -84.62 -84.50 -84.38 -84.25 -84.16 -84.03 -83.91 -83.81 -83.69 -83.56 -83.47 -83.38 -83.28 -83.22 -83.16 -83.09 -83.06 -83.00 -82.94 -82.88 -82.81 -82.72 -82.66 -82.56 -82.50 -82.44 -82.41 -82.41 -82.44 -82.47 -82.53
-89.12 -89.00 -88.91 -88.84 -88.75 -88.66 -88.56 -88.44 -88.31 -88.19 -88.06 -87.91 -87.78 -87.66 -87.53 -87.44 -87.34 -87.28 -87.19 -87.09 -87.00 -86.91 -86.81 -86.72 -86.59 -86.50 -86.38 -86.25 -86.12 -86.00 -85.88 -85.75 -85.66 -85.53 -85.44 -85.31 -85.19 -85.06 -84.97 -84.84 -84.72 -84.59 -84.50 -84.38 -84.25 -84.16 -84.03 -83.91 -83.78 -83.69 -83.56 -83.47 -83.41 -83.31 -83.25 -83.22 -83.16 -83.09 -83.03 -82.97 -82.88 -82.81 -82.72 -82.62 -82.56 -82.50 -82.47 -82.47 -82.50 -82.53 -82.59
-89.28 -89.19 -89.09 -89.00 -88.91 -88.81 -88.72 -88.62 -88.47 -88.34 -88.19 -88.06 -87.91 -87.78 -87.66 -87.56 -87.50 -87.41 -87.31 -87.22 -87.12 -87.00 -86.91 -86.78 -86.69 -86.56 -86.44 -86.31 -86.16 -86.03 -85.91 -85.81 -85.72 -85.62 -85.50 -85.41 -85.28 -85.19 -85.06 -84.97 -84.84 -84.72 -84.62 -84.50 -84.38 -84.25 -84.12 -84.00 -83.88 -83.78 -83.69 -83.59 -83.53 -83.44 -83.38 -83.31 -83.25 -83.19 -83.12 -83.03 -82.97 -82.88 -82.81 -82.72 -82.66 -82.59 -82.56 -82.56 -82.56 -82.59 -82.62
-89.47 -89.34 -89.28 -89.19 -89.09 -89.00 -88.88 -88.78 -88.62 -88.50 -88.34 -88.19 -88.03 -87.91 -87.81 -87.69 -87.62 -87.53 -87.44 -87.31 -87.22 -87.12 -87.00 -86.91 -86.78 -86.66 -86.50 -86.38 -86.25 -86.12 -86.00 -85.91 -85.81 -85.72 -85.59 -85.50 -85.38 -85.28 -85.19 -85.06 -84.97 -84.84 -84.72 -84.59 -84.47 -84.34 -84.22 -84.09 -84.00 -83.91 -83.81 -83.72 -83.62 -83.56 -83.50 -83.41 -83.34 -83.28 -83.22 -83.12 -83.06 -82.97 -82.91 -82.81 -82.75 -82.69 -82.66 -82.62 -82.66 -82.66 -82.69
-89.62 -89.53 -89.44 -89.34 -89.25 -89.16 -89.06 -88.94 -88.78 -88.62 -88.47 -88.31 -88.19 -88.03 -87.94 -87.84 -87.75 -87.66 -87.53 -87.44 -87.34 -87.22 -87.12 -87.00 -86.88 -86.75 -86.62 -86.47 -86.34 -86.22 -86.09 -86.00 -85.91 -85.81 -85.72 -85.59 -85.50 -85.38 -85.28 -85.19 -85.06 -84.94 -84.81 -84.69 -84.56 -84.44 -84.31 -84.19 -84.09 -84.00 -83.91 -83.84 -83.75 -83.66 -83.59 -83.53 -83.44 -83.38 -83.28 -83.22 -83.16 -83.09 -83.00 -82.94 -82.88 -82.81 -82.78 -82.75 -82.72 -82.72 -82.75
-89.81 -89.72 -89.59 -89.50 -89.41 -89.31 -89.22 -89.06 -88.94 -88.78 -88.59 -88.44 -88.31 -88.19 -88.06 -87.97 -87.88 -87.75 -87.66 -87.56 -87.44 -87.34 -87.25 -87.12 -87.00 -86.88 -86.72 -86.59 -86.44 -86.31 -86.22 -86.12 -86.03 -85.94 -85.81 -85.69 -85.59 -85.47 -85.38 -85.28 -85.16 -85.03 -84.91 -84.78 -84.66 -84.53 -84.41 -84.28 -84.19 -84.09 -84.03 -83.94 -83.84 -83.78 -83.69 -83.62 -83.53 -83.47 -83.38 -83.31 -83.25 -83.19 -83.12 -83.06 -83.00 -82.94 -82.88 -82.84 -82.81 -82.81 -82.81
-89.97 -89.88 -89.78 -89.69 -89.59 -89.47 -89.34 -89.22 -89.06 -88.91 -88.75 -88.59 -88.44 -88.31 -88.19 -88.09 -88.00 -87.88 -87.78 -87.66 -87.56 -87.47 -87.38 -87.25 -87.12 -86.97 -86.84 -86.69 -86.56 -86.44 -86.34 -86.22 -86.12 -86.00 -85.91 -85.78 -85.69 -85.56 -85.47 -85.34 -85.25 -85.12 -85.00 -84.88 -84.75 -84.62 -84.50 -84.38 -84.28 -84.19 -84.09 -84.03 -83.94 -83.84 -83.78 -83.69 -83.59 -83.53 -83.47 -83.41 -83.38 -83.31 -83.25 -83.19 -83.12 -83.06 -83.00 -82.94 -82.91 -82.91 -82.91
-90.16 -90.03 -89.94 -89.84 -89.75 -89.62 -89.50 -89.34 -89.19 -89.03 -88.88 -88.72 -88.56 -88.44 -88.34 -88.22 -88.09 -88.00 -87.88 -87.78 -87.69 -87.59 -87.47 -87.38 -87.22 -87.09 -86.94 -86.81 -86.69 -86.56 -86.44 -86.34 -86.22 -86.12 -86.00 -85.88 -85.75 -85.66 -85.56 -85.44 -85.31 -85.19 -85.06 -84.94 -84.84 -84.72 -84.59 -84.47 -84.38 -84.28 -84.19 -84.09 -84.00 -83.91 -83.81 -83.75 -83.69 -83.62 -83.56 -83.53 -83.47 -83.44 -83.38 -83.31 -83.25 -83.19 -83.12 -83.06 -83.00 -82.97 -82.97
-90.31 -90.19 -90.09 -90.00 -89.88 -89.75 -89.62 -89.47 -89.31 -89.16 -89.00 -88.84 -88.72 -88.59 -88.47 -88.34 -88.22 -88.12 -88.00 -87.91 -87.81 -87.69 -87.59 -87.47 -87.34 -87.19 -87.06 -86.91 -86.78 -86.69 -86.56 -86.44 -86.34 -86.22 -86.09 -85.97 -85.88 -85.75 -85.66 -85.53 -85.41 -85.28 -85.16 -85.06 -84.94 -84.81 -84.69 -84.56 -84.47 -84.38 -84.28 -84.16 -84.06 -83.97 -83.88 -83.81 -83.75 -83.69 -83.66 -83.62 -83.59 -83.53 -83.47 -83.41 -83.34 -83.28 -83.19 -83.16 -83.09 -83.03 -83.00
-90.44 -90.34 -90.22 -90.12 -90.00 -89.88 -89.72 -89.56 -89.44 -89.28 -89.12 -89.00 -88.88 -88.75 -88.62 -88.50 -88.38 -88.25 -88.12 -88.03 -87.91 -87.81 -87.69 -87.56 -87.44 -87.28 -87.16 -87.03 -86.91 -86.81 -86.69 -86.56 -86.47 -86.34 -86.22 -86.09 -85.97 -85.88 -85.75 -85.62 -85.50 -85.38 -85.28 -85.16 -85.03 -84.91 -84.78 -84.69 -84.56 -84.47 -84.34 -84.25 -84.12 -84.03 -83.94 -83.88 -83.84 -83.78 -83.75 -83.72 -83.69 -83.62 -83.56 -83.50 -83.41 -83.34 -83.28 -83.22 -83.16 -83.09 -83.06
-90.56 -90.47 -90.34 -90.22 -90.09 -89.97 -89.84 -89.69 -89.56 -89.41 -89.28 -89.16 -89.00 -88.88 -88.75 -88.62 -88.50 -88.38 -88.25 -88.16 -88.03 -87.94 -87.81 -87.69 -87.53 -87.41 -87.28 -87.16 -87.03 -86.94 -86.81 -86.72 -86.59 -86.47 -86.34 -86.22 -86.09 -85.97 -85.88 -85.75 -85.62 -85.50 -85.38 -85.25 -85.12 -85.00 -84.91 -84.78 -84.69 -84.56 -84.44 -84.31 -84.22 -84.12 -84.03 -83.97 -83.94 -83.91 -83.84 -83.81 -83.75 -83.69 -83.62 -83.53 -83.47 -83.41 -83.34 -83.28 -83.22 -83.16 -83.12
-90.69 -90.59 -90.47 -90.34 -90.22 -90.09 -89.94 -89.81 -89.69 -89.56 -89.41 -89.28 -89.16 -89.00 -88.88 -88.75 -88.62 -88.50 -88.38 -88.28 -88.16 -88.03 -87.91 -87.78 -87.66 -87.50 -87.38 -87.28 -87.16 -87.06 -86.94 -86.84 -86.72 -86.59 -86.47 -86.34 -86.22 -86.09 -85.97 -85.84 -85.72 -85.59 -85.47 -85.34 -85.25 -85.12 -85.00 -84.91 -84.78 -84.69 -84.56 -84.44 -84.34 -84.25 -84.16 -84.09 -84.06 -84.00 -83.94 -83.88 -83.81 -83.75 -83.69 -83.59 -83.53 -83.47 -83.41 -83.34 -83.28 -83.25 -83.19
-90.81 -90.69 -90.56 -90.47 -90.34 -90.19 -90.06 -89.94 -89.81 -89.69 -89.56 -89.41 -89.28 -89.12 -89.00 -88.84 -88.72 -88.62 -88.50 -88.38 -88.28 -88.16 -88.03 -87.88 -87.75 -87.62 -87.50 -87.41 -87.28 -87.19 -87.06 -86.97 -86.84 -86.72 -86.59 -86.44 -86.31 -86.22 -86.09 -85.97 -85.84 -85.72 -85.59 -85.47 -85.34 -85.22 -85.12 -85.03 -84.91 -84.81 -84.69 -84.56 -84.47 -84.38 -84.31 -84.22 -84.19 -84.12 -84.06 -84.00 -83.91 -83.84 -83.75 -83.69 -83.62 -83.56 -83.50 -83.44 -83.38 -83.31 -83.28
-90.91 -90.78 -90.66 -90.56 -90.41 -90.28 -90.16 -90.03 -89.91 -89.78 -89.66 -89.53 -89.38 -89.25 -89.09 -88.97 -88.84 -88.72 -88.59 -88.50 -88.38 -88.25 -88.12 -88.00 -87.88 -87.75 -87.62 -87.50 -87.41 -87.28 -87.19 -87.06 -86.94 -86.81 -86.69 -86.56 -86.44 -86.31 -86.19 -86.06 -85.94 -85.81 -85.69 -85.56 -85.44 -85.34 -85.25 -85.16 -85.06 -84.94 -84.81 -84.72 -84.62 -84.53 -84.44 -84.38 -84.31 -84.25 -84.19 -84.09 -84.03 -83.94 -83.88 -83.78 -83.72 -83.69 -83.62 -83.56 -83.50 -83.44 -83.38
-91.00 -90.88 -90.75 -90.62 -90.50 -90.38 -90.25 -90.12 -90.00 -89.88 -89.75 -89.62 -89.47 -89.34 -89.19 -89.06 -88.94 -88.81 -88.69 -88.56 -88.44 -88.34 -88.22 -88.09 -88.00 -87.88 -87.75 -87.62 -87.50 -87.38 -87.25 -87.12 -87.00 -86.91 -86.78 -86.66 -86.53 -86.41 -86.31 -86.19 -86.06 -85.91 -85.78 -85.69 -85.56 -85.47 -85.38 -85.28 -85.19 -85.06 -84.97 -84.84 -84.75 -84.66 -84.59 -84.50 -84.44 -84.38 -84.28 -84.22 -84.12 -84.06 -83.97 -83.91 -83.84 -83.78 -83.75 -83.69 -83.62 -83.56 -83.50
-91.06 -90.94 -90.81 -90.69 -90.56 -90.44 -90.31 -90.22 -90.09 -89.97 -89.84 -89.69 -89.56 -89.41 -89.28 -89.12 -89.00 -88.88 -88.75 -88.66 -88.53 -88.44 -88.34 -88.22 -88.12 -88.00 -87.88 -87.72 -87.59 -87.47 -87.34 -87.22 -87.09 -86.97 -86.88 -86.75 -86.62 -86.53 -86.41 -86.28 -86.16 -86.03 -85.91 -85.81 -85.69 -85.59 -85.50 -85.41 -85.31 -85.19 -85.09 -84.97 -84.88 -84.78 -84.72 -84.62 -84.56 -84.50 -84.41 -84.34 -84.25 -84.19 -84.09 -84.03 -83.97 -83.91 -83.84 -83.78 -83.72 -83.66 -83.62
-91.12 -91.00 -90.88 -90.75 -90.66 -90.53 -90.44 -90.31 -90.19 -90.06 -89.91 -89.78 -89.62 -89.50 -89.34 -89.19 -89.06 -88.94 -88.81 -88.75 -88.66 -88.56 -88.47 -88.38 -88.25 -88.12 -87.97 -87.84 -87.72 -87.56 -87.44 -87.31 -87.19 -87.06 -86.97 -86.88 -86.75 -86.66 -86.53 -86.41 -86.28 -86.16 -86.03 -85.94 -85.81 -85.72 -85.62 -85.53 -85.41 -85.31 -85.19 -85.09 -85.00 -84.91 -84.81 -84.75 -84.69 -84.59 -84.53 -84.44 -84.38 -84.28 -84.22 -84.12 -84.09 -84.03 -83.97 -83.91 -83.84 -83.78 -83.72
-91.19 -91.06 -90.97 -90.84 -90.75 -90.66 -90.53 -90.41 -90.28 -90.16 -90.00 -89.88 -89.72 -89.56 -89.41 -89.25 -89.12 -89.00 -88.94 -88.84 -88.78 -88.69 -88.59 -88.50 -88.38 -88.25 -88.09 -87.97 -87.81 -87.69 -87.56 -87.44 -87.31 -87.22 -87.09 -87.00 -86.88 -86.78 -86.66 -86.53 -86.41 -86.28 -86.16 -86.06 -85.94 -85.84 -85.72 -85.62 -85.50 -85.41 -85.28 -85.19 -85.09 -85.00 -84.91 -84.84 -84.78 -84.69 -84.62 -84.53 -84.47 -84.38 -84.31 -84.25 -84.19 -84.12 -84.03 -83.97 -83.91 -83.84 -83.78
-91.28 -91.19 -91.09 -90.97 -90.88 -90.78 -90.66 -90.53 -90.41 -90.28 -90.12 -89.94 -89.78 -89.62 -89.47 -89.34 -89.22 -89.12 -89.06 -89.00 -88.94 -88.84 -88.75 -88.62 -88.50 -88.38 -88.22 -88.09 -87.97 -87.81 -87.69 -87.56 -87.47 -87.34 -87.25 -87.12 -87.03 -86.91 -86.81 -86.69 -86.56 -86.44 -86.31 -86.19 -86.06 -85.94 -85.84 -85.72 -85.59 -85.50 -85.38 -85.28 -85.16 -85.09 -85.00 -84.94 -84.84 -84.78 -84.72 -84.62 -84.56 -84.47 -84.41 -84.31 -84.25 -84.19 -84.12 -84.06 -83.97 -83.91 -83.84
-91.41 -91.31 -91.22 -91.12 -91.03 -90.91 -90.78 -90.66 -90.53 -90.38 -90.22 -90.03 -89.88 -89.72 -89.59 -89.47 -89.38 -89.28 -89.22 -89.16 -89.09 -89.00 -88.88 -88.75 -88.62 -88.50 -88.38 -88.22 -88.09 -87.97 -87.84 -87.72 -87.59 -87.50 -87.38 -87.28 -87.19 -87.06 -86.94 -86.81 -86.69 -86.56 -86.44 -86.28 -86.16 -86.03 -85.94 -85.81 -85.69 -85.56 -85.47 -85.34 -85.25 -85.16 -85.06 -85.00 -84.94 -84.84 -84.78 -84.69 -84.62 -84.53 -84.47 -84.41 -84.31 -84.25 -84.19 -84.09 -84.03 -83.97 -83.88
-91.50 -91.44 -91.34 -91.25 -91.16 -91.03 -90.91 -90.78 -90.62 -90.47 -90.31 -90.12 -89.97 -89.84 -89.72 -89.62 -89.53 -89.47 -89.41 -89.31 -89.22 -89.12 -89.00 -88.88 -88.75 -88.62 -88.50 -88.34 -88.22 -88.09 -87.97 -87.84 -87.75 -87.62 -87.53 -87.44 -87.31 -87.19 -87.06 -86.94 -86.81 -86.69 -86.56 -86.41 -86.28 -86.16 -86.03 -85.91 -85.78 -85.66 -85.53 -85.41 -85.31 -85.22 -85.12 -85.06 -85.00 -84.94 -84.84 -84.78 -84.69 -84.62 -84.53 -84.47 -84.38 -84.31 -84.22 -84.12 -84.06 -83.97 -83.91
-91.62 -91.56 -91.47 -91.38 -91.28 -91.16 -91.03 -90.88 -90.72 -90.56 -90.41 -90.25 -90.12 -90.00 -89.91 -89.81 -89.72 -89.62 -89.56 -89.47 -89.38 -89.28 -89.16 -89.03 -88.91 -88.75 -88.62 -88.47 -88.34 -88.22 -88.09 -88.00 -87.88 -87.78 -87.69 -87.56 -87.44 -87.31 -87.19 -87.06 -86.94 -86.81 -86.66 -86.53 -86.38 -86.25 -86.09 -85.97 -85.84 -85.72 -85.59 -85.47 -85.38 -85.28 -85.22 -85.16 -85.09 -85.00 -84.94 -84.84 -84.78 -84.69 -84.62 -84.53 -84.44 -84.38 -84.28 -84.19 -84.09 -84.00 -83.91
-91.72 -91.66 -91.56 -91.47 -91.38 -91.25 -91.12 -90.97 -90.81 -90.66 -90.50 -90.38 -90.25 -90.16 -90.06 -89.97 -89.91 -89.81 -89.72 -89.62 -89.53 -89.41 -89.28 -89.16 -89.03 -88.88 -88.72 -88.59 -88.47 -88.34 -88.22 -88.12 -88.03 -87.94 -87.81 -87.69 -87.56 -87.44 -87.31 -87.16 -87.03 -86.91 -86.78 -86.62 -86.47 -86.34 -86.19 -86.06 -85.91 -85.78 -85.66 -85.53 -85.44 -85.38 -85.31 -85.25 -85.16 -85.09 -85.00 -84.94 -84.84 -84.75 -84.69 -84.59 -84.53 -84.44 -84.34 -84.25 -84.16 -84.03 -83.94
-91.81 -91.75 -91.66 -91.56 -91.47 -91.31 -91.19 -91.03 -90.88 -90.75 -90.62 -90.50 -90.41 -90.34 -90.25 -90.16 -90.06 -90.00 -89.88 -89.78 -89.69 -89.56 -89.41 -89.28 -89.12 -88.97 -88.84 -88.69 -88.56 -88.47 -88.38 -88.28 -88.19 -88.06 -87.94 -87.81 -87.69 -87.56 -87.41 -87.28 -87.16 -87.03 -86.88 -86.72 -86.59 -86.44 -86.28 -86.12 -86.00 -85.84 -85.72 -85.62 -85.53 -85.47 -85.41 -85.34 -85.25 -85.16 -85.09 -85.00 -84.91 -84.84 -84.75 -84.69 -84.59 -84.50 -84.41 -84.31 -84.22 -84.09 -83.97
-91.91 -91.84 -91.75 -91.66 -91.53 -91.41 -91.25 -91.12 -90.97 -90.84 -90.75 -90.66 -90.56 -90.50 -90.44 -90.34 -90.25 -90.12 -90.03 -89.91 -89.78 -89.66 -89.53 -89.38 -89.22 -89.09 -88.94 -88.81 -88.72 -88.59 -88.50 -88.41 -88.31 -88.19 -88.06 -87.94 -87.81 -87.66 -87.53 -87.41 -87.25 -87.12 -86.97 -86.84 -86.69 -86.53 -86.38 -86.22 -86.06 -85.94 -85.81 -85.69 -85.62 -85.56 -85.50 -85.44 -85.34 -85.25 -85.16 -85.06 -84.97 -84.91 -84.84 -84.75 -84.69 -84.59 -84.47 -84.38 -84.25 -84.16 -84.03
-91.97 -91.91 -91.81 -91.72 -91.59 -91.47 -91.34 -91.22 -91.06 -90.97 -90.88 -90.81 -90.75 -90.66 -90.59 -90.50 -90.38 -90.28 -90.16 -90.03 -89.91 -89.78 -89.62 -89.47 -89.34 -89.22 -89.09 -88.97 -88.84 -88.75 -88.66 -88.56 -88.44 -88.34 -88.19 -88.06 -87.91 -87.78 -87.66 -87.53 -87.38 -87.25 -87.09 -86.94 -86.81 -86.66 -86.50 -86.34 -86.19 -86.03 -85.91 -85.81 -85.72 -85.66 -85.59 -85.50 -85.41 -85.31 -85.22 -85.12 -85.03 -84.97 -84.91 -84.84 -84.75 -84.66 -84.53 -84.44 -84.31 -84.19 -84.06
