everonasctiles/Tile[10,44].asc
ncols 128
nrows 128
xllcorner 0
yllcorner 0
cellsize 2.0
NODATA_value  -9999
[rows 0 to 31 of 128, columns 0 to 70 of 128]
-34.03 -34.28 -34.50 -34.69 -34.84 -34.94 -35.00 -35.06 -35.09 -35.16 -35.25 -35.41 -35.56 -35.72 -35.91 -36.03 -36.19 -36.31 -36.41 -36.50 -36.56 -36.62 -36.69 -36.75 -36.81 -36.88 -36.91 -36.91 -36.94 -36.94 -36.91 -36.88 -36.84 -36.81 -36.78 -36.75 -36.75 -36.78 -36.81 -36.81 -36.84 -36.84 -36.88 -36.88 -36.88 -36.88 -36.84 -36.81 -36.75 -36.69 -36.62 -36.53 -36.44 -36.31 -36.22 -36.09 -35.97 -35.84 -35.72 -35.59 -35.47 -35.34 -35.25 -35.12 -35.00 -34.88 -34.78 -34.69 -34.62 -34.56 -34.47
-33.81 -34.06 -34.31 -34.50 -34.62 -34.72 -34.78 -34.84 -34.91 -34.97 -35.09 -35.25 -35.44 -35.62 -35.81 -35.97 -36.09 -36.22 -36.34 -36.44 -36.50 -36.59 -36.66 -36.72 -36.78 -36.81 -36.84 -36.88 -36.88 -36.88 -36.84 -36.81 -36.78 -36.72 -36.69 -36.69 -36.69 -36.69 -36.72 -36.75 -36.75 -36.75 -36.75 -36.78 -36.78 -36.75 -36.75 -36.72 -36.69 -36.62 -36.53 -36.47 -36.34 -36.25 -36.12 -35.97 -35.84 -35.69 -35.53 -35.38 -35.22 -35.09 -34.94 -34.81 -34.69 -34.56 -34.44 -34.38 -34.28 -34.22 -34.16
-33.56 -33.84 -34.06 -34.25 -34.41 -34.50 -34.56 -34.62 -34.69 -34.78 -34.94 -35.12 -35.31 -35.53 -35.69 -35.88 -36.00 -36.12 -36.25 -36.34 -36.44 -36.53 -36.59 -36.66 -36.72 -36.78 -36.81 -36.81 -36.81 -36.78 -36.78 -36.72 -36.69 -36.66 -36.62 -36.59 -36.59 -36.59 -36.62 -36.62 -36.66 -36.66 -36.66 -36.66 -36.66 -36.66 -36.62 -36.62 -36.59 -36.53 -36.47 -36.38 -36.25 -36.16 -36.00 -35.84 -35.69 -35.53 -35.34 -35.16 -35.00 -34.81 -34.66 -34.50 -34.38 -34.22 -34.12 -34.03 -33.94 -33.88 -33.81
-33.31 -33.59 -33.81 -34.00 -34.16 -34.25 -34.31 -34.34 -34.44 -34.56 -34.75 -34.97 -35.19 -35.38 -35.56 -35.75 -35.91 -36.03 -36.16 -36.25 -36.34 -36.44 -36.53 -36.59 -36.66 -36.72 -36.75 -36.75 -36.72 -36.72 -36.69 -36.66 -36.59 -36.56 -36.53 -36.50 -36.50 -36.50 -36.53 -36.53 -36.53 -36.53 -36.53 -36.53 -36.53 -36.53 -36.53 -36.50 -36.47 -36.44 -36.38 -36.28 -36.16 -36.03 -35.91 -35.75 -35.56 -35.38 -35.19 -35.00 -34.78 -34.59 -34.41 -34.25 -34.06 -33.94 -33.81 -33.69 -33.59 -33.53 -33.44
-32.94 -33.31 -33.53 -33.72 -33.84 -33.94 -34.03 -34.09 -34.19 -34.38 -34.59 -34.81 -35.03 -35.25 -35.44 -35.59 -35.75 -35.91 -36.03 -36.16 -36.25 -36.34 -36.44 -36.53 -36.59 -36.62 -36.66 -36.66 -36.66 -36.62 -36.59 -36.56 -36.50 -36.47 -36.44 -36.41 -36.41 -36.41 -36.41 -36.41 -36.41 -36.44 -36.44 -36.44 -36.41 -36.41 -36.41 -36.38 -36.38 -36.31 -36.25 -36.16 -36.03 -35.91 -35.78 -35.59 -35.44 -35.25 -35.06 -34.84 -34.62 -34.41 -34.19 -34.00 -33.81 -33.62 -33.50 -33.38 -33.25 -33.16 -33.03
-32.69 -32.94 -33.22 -33.41 -33.56 -33.66 -33.72 -33.81 -33.94 -34.16 -34.41 -34.62 -34.88 -35.06 -35.25 -35.44 -35.59 -35.75 -35.88 -36.00 -36.12 -36.25 -36.34 -36.44 -36.50 -36.56 -36.56 -36.56 -36.56 -36.53 -36.50 -36.44 -36.41 -36.38 -36.31 -36.31 -36.28 -36.28 -36.28 -36.28 -36.28 -36.31 -36.31 -36.31 -36.31 -36.28 -36.25 -36.25 -36.22 -36.19 -36.12 -36.03 -35.91 -35.78 -35.62 -35.47 -35.31 -35.12 -34.94 -34.72 -34.50 -34.25 -34.03 -33.78 -33.56 -33.38 -33.19 -33.06 -32.94 -32.78 -32.69
-32.28 -32.53 -32.81 -33.09 -33.22 -33.31 -33.41 -33.53 -33.72 -33.94 -34.19 -34.44 -34.66 -34.88 -35.06 -35.25 -35.41 -35.56 -35.72 -35.84 -36.00 -36.12 -36.22 -36.31 -36.41 -36.44 -36.47 -36.47 -36.47 -36.44 -36.41 -36.34 -36.31 -36.25 -36.22 -36.19 -36.19 -36.16 -36.16 -36.16 -36.16 -36.19 -36.19 -36.19 -36.19 -36.16 -36.12 -36.09 -36.06 -36.03 -35.97 -35.88 -35.75 -35.62 -35.50 -35.34 -35.19 -35.00 -34.81 -34.59 -34.38 -34.12 -33.88 -33.62 -33.38 -33.16 -32.94 -32.72 -32.56 -32.44 -32.31
-31.81 -32.06 -32.41 -32.66 -32.84 -32.94 -33.06 -33.25 -33.47 -33.72 -33.97 -34.22 -34.44 -34.66 -34.81 -35.00 -35.19 -35.34 -35.50 -35.69 -35.84 -35.97 -36.09 -36.19 -36.28 -36.34 -36.38 -36.38 -36.34 -36.31 -36.28 -36.25 -36.19 -36.12 -36.09 -36.06 -36.03 -36.03 -36.03 -36.03 -36.03 -36.03 -36.06 -36.06 -36.06 -36.03 -36.00 -35.97 -35.94 -35.88 -35.81 -35.72 -35.62 -35.50 -35.38 -35.22 -35.06 -34.88 -34.69 -34.47 -34.25 -34.00 -33.75 -33.47 -33.22 -32.97 -32.72 -32.47 -32.22 -32.06 -31.97
-31.34 -31.69 -32.06 -32.31 -32.44 -32.56 -32.72 -32.97 -33.22 -33.47 -33.72 -33.97 -34.19 -34.38 -34.56 -34.75 -34.91 -35.12 -35.31 -35.50 -35.66 -35.81 -35.94 -36.06 -36.16 -36.22 -36.25 -36.25 -36.22 -36.19 -36.16 -36.12 -36.06 -36.00 -35.94 -35.91 -35.88 -35.88 -35.88 -35.88 -35.88 -35.88 -35.91 -35.91 -35.91 -35.88 -35.84 -35.81 -35.78 -35.72 -35.66 -35.59 -35.47 -35.38 -35.22 -35.09 -34.94 -34.75 -34.56 -34.34 -34.09 -33.84 -33.59 -33.31 -33.06 -32.78 -32.50 -32.22 -31.97 -31.75 -31.56
-30.97 -31.31 -31.69 -31.94 -32.06 -32.25 -32.38 -32.69 -32.97 -33.22 -33.44 -33.66 -33.88 -34.06 -34.25 -34.44 -34.66 -34.88 -35.09 -35.28 -35.47 -35.62 -35.78 -35.91 -36.00 -36.06 -36.09 -36.09 -36.09 -36.06 -36.00 -35.97 -35.91 -35.84 -35.78 -35.75 -35.72 -35.72 -35.72 -35.72 -35.72 -35.72 -35.72 -35.75 -35.75 -35.72 -35.69 -35.66 -35.62 -35.56 -35.50 -35.44 -35.31 -35.22 -35.09 -34.97 -34.81 -34.62 -34.44 -34.19 -33.97 -33.69 -33.44 -33.16 -32.88 -32.59 -32.28 -32.03 -31.72 -31.41 -31.22
-30.56 -30.97 -31.28 -31.47 -31.62 -31.88 -32.00 -32.28 -32.56 -32.81 -33.09 -33.31 -33.53 -33.72 -33.91 -34.12 -34.38 -34.62 -34.84 -35.06 -35.25 -35.44 -35.59 -35.72 -35.81 -35.88 -35.94 -35.94 -35.94 -35.88 -35.84 -35.78 -35.75 -35.69 -35.62 -35.56 -35.53 -35.53 -35.53 -35.53 -35.53 -35.53 -35.56 -35.56 -35.56 -35.56 -35.53 -35.50 -35.44 -35.38 -35.31 -35.25 -35.16 -35.06 -34.94 -34.81 -34.66 -34.50 -34.28 -34.06 -33.81 -33.53 -33.28 -32.97 -32.69 -32.34 -32.09 -31.78 -31.47 -31.16 -30.97
-30.09 -30.44 -30.75 -31.00 -31.19 -31.38 -31.59 -31.84 -32.12 -32.38 -32.62 -32.91 -33.09 -33.31 -33.56 -33.81 -34.09 -34.34 -34.59 -34.81 -35.03 -35.22 -35.38 -35.50 -35.62 -35.69 -35.75 -35.75 -35.75 -35.69 -35.66 -35.59 -35.56 -35.50 -35.44 -35.38 -35.34 -35.34 -35.34 -35.34 -35.34 -35.34 -35.38 -35.38 -35.38 -35.38 -35.34 -35.28 -35.25 -35.19 -35.12 -35.06 -34.97 -34.88 -34.78 -34.66 -34.53 -34.34 -34.16 -33.94 -33.66 -33.41 -33.06 -32.78 -32.47 -32.12 -31.81 -31.53 -31.16 -30.91 -30.59
-29.66 -29.97 -30.38 -30.56 -30.78 -30.97 -31.12 -31.34 -31.66 -31.91 -32.16 -32.34 -32.59 -32.81 -33.16 -33.50 -33.78 -34.06 -34.31 -34.56 -34.75 -34.97 -35.12 -35.28 -35.41 -35.47 -35.53 -35.56 -35.53 -35.50 -35.44 -35.38 -35.34 -35.28 -35.22 -35.16 -35.12 -35.12 -35.12 -35.12 -35.12 -35.16 -35.16 -35.16 -35.16 -35.16 -35.12 -35.09 -35.03 -34.97 -34.94 -34.84 -34.78 -34.69 -34.59 -34.47 -34.34 -34.19 -34.00 -33.75 -33.50 -33.25 -32.94 -32.59 -32.25 -31.88 -31.56 -31.25 -30.91 -30.59 -30.31
-29.31 -29.66 -29.91 -30.12 -30.34 -30.56 -30.75 -30.94 -31.12 -31.38 -31.66 -31.84 -32.00 -32.31 -32.72 -33.09 -33.41 -33.72 -34.03 -34.25 -34.50 -34.69 -34.88 -35.03 -35.16 -35.25 -35.31 -35.31 -35.31 -35.25 -35.22 -35.16 -35.09 -35.06 -34.97 -34.94 -34.88 -34.88 -34.88 -34.91 -34.91 -34.91 -34.94 -34.94 -34.94 -34.94 -34.88 -34.84 -34.78 -34.75 -34.69 -34.62 -34.56 -34.47 -34.38 -34.28 -34.16 -34.00 -33.81 -33.59 -33.34 -33.06 -32.75 -32.38 -31.97 -31.59 -31.25 -30.91 -30.59 -30.34 -30.03
-28.91 -29.12 -29.41 -29.69 -29.84 -30.16 -30.34 -30.50 -30.69 -30.94 -31.12 -31.31 -31.56 -31.88 -32.25 -32.69 -33.06 -33.41 -33.72 -33.97 -34.19 -34.41 -34.59 -34.75 -34.88 -35.00 -35.06 -35.09 -35.06 -35.03 -34.97 -34.91 -34.84 -34.78 -34.72 -34.66 -34.62 -34.62 -34.62 -34.66 -34.66 -34.66 -34.69 -34.69 -34.69 -34.69 -34.62 -34.59 -34.53 -34.50 -34.44 -34.41 -34.34 -34.25 -34.19 -34.06 -33.94 -33.78 -33.59 -33.38 -33.12 -32.84 -32.50 -32.16 -31.78 -31.34 -30.94 -30.66 -30.34 -30.06 -29.72
-28.41 -28.69 -28.88 -29.12 -29.34 -29.62 -29.84 -30.06 -30.22 -30.41 -30.62 -30.91 -31.22 -31.53 -31.91 -32.28 -32.69 -33.00 -33.31 -33.59 -33.84 -34.09 -34.28 -34.47 -34.59 -34.72 -34.78 -34.81 -34.81 -34.78 -34.69 -34.62 -34.59 -34.53 -34.47 -34.41 -34.38 -34.34 -34.38 -34.38 -34.38 -34.41 -34.41 -34.41 -34.41 -34.41 -34.38 -34.31 -34.25 -34.22 -34.19 -34.16 -34.09 -34.03 -33.94 -33.84 -33.72 -33.56 -33.41 -33.19 -32.91 -32.62 -32.31 -31.94 -31.50 -31.09 -30.66 -30.34 -30.03 -29.69 -29.38
-27.91 -28.16 -28.38 -28.59 -28.91 -29.12 -29.31 -29.47 -29.66 -29.91 -30.19 -30.41 -30.72 -31.12 -31.47 -31.84 -32.22 -32.59 -32.88 -33.22 -33.47 -33.75 -33.97 -34.16 -34.31 -34.44 -34.50 -34.53 -34.53 -34.50 -34.44 -34.34 -34.28 -34.25 -34.16 -34.09 -34.06 -34.06 -34.06 -34.06 -34.09 -34.09 -34.12 -34.12 -34.12 -34.12 -34.06 -34.03 -33.97 -33.94 -33.91 -33.88 -33.81 -33.75 -33.69 -33.59 -33.47 -33.34 -33.19 -32.97 -32.69 -32.41 -32.06 -31.62 -31.25 -30.81 -30.41 -30.00 -29.66 -29.34 -29.00
-27.47 -27.78 -27.94 -28.12 -28.38 -28.56 -28.81 -29.00 -29.25 -29.47 -29.72 -29.94 -30.25 -30.62 -30.94 -31.31 -31.72 -32.12 -32.47 -32.75 -33.06 -33.38 -33.62 -33.84 -34.00 -34.12 -34.19 -34.25 -34.25 -34.19 -34.12 -34.06 -34.00 -33.94 -33.84 -33.81 -33.75 -33.75 -33.75 -33.75 -33.78 -33.78 -33.81 -33.81 -33.81 -33.81 -33.78 -33.72 -33.66 -33.62 -33.62 -33.59 -33.53 -33.47 -33.41 -33.31 -33.22 -33.09 -32.94 -32.75 -32.47 -32.16 -31.81 -31.44 -30.97 -30.53 -30.12 -29.75 -29.31 -28.94 -28.59
-26.97 -27.22 -27.47 -27.66 -27.88 -28.09 -28.34 -28.56 -28.75 -28.91 -29.16 -29.44 -29.72 -30.03 -30.41 -30.84 -31.22 -31.62 -31.88 -32.25 -32.62 -32.94 -33.25 -33.53 -33.69 -33.81 -33.88 -33.91 -33.91 -33.88 -33.81 -33.72 -33.66 -33.59 -33.53 -33.47 -33.44 -33.44 -33.44 -33.44 -33.44 -33.47 -33.47 -33.50 -33.50 -33.50 -33.44 -33.41 -33.34 -33.31 -33.31 -33.28 -33.25 -33.19 -33.12 -33.03 -32.94 -32.81 -32.69 -32.47 -32.19 -31.91 -31.53 -31.22 -30.88 -30.34 -29.84 -29.50 -29.12 -28.78 -28.34
-26.50 -26.75 -26.91 -27.09 -27.34 -27.59 -27.81 -28.03 -28.28 -28.41 -28.66 -28.97 -29.22 -29.47 -29.91 -30.31 -30.78 -31.09 -31.44 -31.84 -32.25 -32.59 -32.91 -33.19 -33.34 -33.47 -33.53 -33.59 -33.59 -33.53 -33.47 -33.41 -33.31 -33.25 -33.19 -33.09 -33.09 -33.09 -33.09 -33.09 -33.09 -33.12 -33.12 -33.16 -33.16 -33.16 -33.12 -33.06 -33.03 -33.00 -32.97 -32.97 -32.94 -32.88 -32.78 -32.72 -32.62 -32.50 -32.31 -32.16 -31.94 -31.66 -31.28 -30.94 -30.59 -30.12 -29.62 -29.22 -28.81 -28.47 -28.03
-25.97 -26.16 -26.38 -26.62 -26.78 -27.09 -27.28 -27.47 -27.69 -27.84 -28.06 -28.38 -28.66 -29.00 -29.38 -29.69 -30.16 -30.56 -30.88 -31.31 -31.75 -32.16 -32.47 -32.72 -32.94 -33.09 -33.19 -33.22 -33.22 -33.19 -33.12 -33.00 -32.91 -32.84 -32.78 -32.72 -32.69 -32.66 -32.69 -32.69 -32.72 -32.72 -32.75 -32.78 -32.78 -32.78 -32.75 -32.69 -32.62 -32.62 -32.62 -32.62 -32.59 -32.53 -32.44 -32.34 -32.25 -32.12 -31.97 -31.81 -31.59 -31.34 -31.09 -30.72 -30.38 -29.94 -29.47 -28.94 -28.47 -28.12 -27.72
-25.47 -25.72 -26.00 -26.12 -26.34 -26.56 -26.78 -26.94 -27.16 -27.34 -27.56 -27.88 -28.16 -28.47 -28.84 -29.25 -29.62 -30.00 -30.44 -30.94 -31.34 -31.72 -32.03 -32.28 -32.50 -32.66 -32.75 -32.81 -32.84 -32.81 -32.72 -32.62 -32.53 -32.47 -32.38 -32.34 -32.28 -32.25 -32.22 -32.25 -32.22 -32.22 -32.28 -32.28 -32.34 -32.38 -32.34 -32.28 -32.22 -32.22 -32.22 -32.25 -32.19 -32.12 -31.97 -31.91 -31.81 -31.72 -31.59 -31.44 -31.25 -31.03 -30.75 -30.44 -30.09 -29.75 -29.34 -28.81 -28.31 -27.94 -27.41
-25.12 -25.38 -25.56 -25.62 -25.84 -26.09 -26.25 -26.41 -26.59 -26.81 -27.09 -27.38 -27.72 -28.03 -28.25 -28.66 -29.16 -29.53 -30.00 -30.53 -30.94 -31.31 -31.56 -31.81 -32.03 -32.19 -32.28 -32.28 -32.38 -32.41 -32.31 -32.19 -32.09 -32.03 -32.00 -31.91 -31.88 -31.84 -31.84 -31.84 -31.84 -31.81 -31.81 -31.84 -31.91 -31.91 -31.84 -31.78 -31.78 -31.75 -31.78 -31.81 -31.81 -31.72 -31.59 -31.50 -31.44 -31.31 -31.12 -30.94 -30.78 -30.62 -30.38 -30.12 -29.81 -29.44 -29.06 -28.66 -28.06 -27.59 -27.22
-24.69 -24.94 -25.09 -25.25 -25.41 -25.66 -25.91 -26.03 -26.09 -26.31 -26.53 -26.81 -27.09 -27.47 -27.75 -28.09 -28.59 -29.12 -29.59 -30.12 -30.53 -30.88 -31.12 -31.34 -31.56 -31.66 -31.75 -31.88 -31.94 -31.94 -31.91 -31.81 -31.66 -31.59 -31.53 -31.50 -31.47 -31.44 -31.41 -31.41 -31.41 -31.41 -31.47 -31.47 -31.47 -31.44 -31.38 -31.28 -31.22 -31.25 -31.31 -31.38 -31.34 -31.31 -31.22 -31.09 -30.97 -30.88 -30.72 -30.53 -30.41 -30.28 -30.03 -29.84 -29.53 -29.09 -28.72 -28.38 -27.94 -27.50 -27.00
-24.25 -24.41 -24.56 -24.75 -24.91 -25.03 -25.25 -25.47 -25.62 -25.91 -26.12 -26.38 -26.72 -26.97 -27.22 -27.66 -28.22 -28.66 -29.19 -29.59 -30.00 -30.31 -30.56 -30.81 -31.00 -31.19 -31.34 -31.41 -31.44 -31.47 -31.47 -31.34 -31.22 -31.16 -31.06 -31.03 -31.00 -30.94 -30.94 -30.94 -30.91 -30.91 -30.97 -31.03 -31.06 -31.03 -30.94 -30.84 -30.78 -30.78 -30.78 -30.88 -30.88 -30.81 -30.75 -30.69 -30.56 -30.44 -30.34 -30.19 -30.06 -29.91 -29.66 -29.50 -29.19 -28.81 -28.44 -28.12 -27.81 -27.38 -26.88
-23.69 -23.94 -24.12 -24.25 -24.41 -24.56 -24.75 -24.91 -25.09 -25.34 -25.59 -25.81 -26.22 -26.56 -26.88 -27.28 -27.78 -28.31 -28.75 -29.06 -29.34 -29.72 -29.97 -30.25 -30.53 -30.72 -30.81 -30.94 -31.00 -31.06 -31.00 -30.94 -30.84 -30.72 -30.59 -30.59 -30.53 -30.47 -30.44 -30.44 -30.47 -30.53 -30.50 -30.47 -30.53 -30.50 -30.47 -30.41 -30.41 -30.38 -30.38 -30.34 -30.34 -30.31 -30.19 -30.16 -30.16 -30.09 -29.91 -29.78 -29.75 -29.53 -29.38 -29.12 -28.84 -28.41 -28.09 -27.84 -27.47 -27.09 -26.62
-23.25 -23.47 -23.69 -23.81 -23.97 -24.12 -24.25 -24.47 -24.66 -24.91 -25.09 -25.38 -25.66 -26.03 -26.34 -26.88 -27.38 -27.78 -28.19 -28.59 -28.91 -29.19 -29.50 -29.78 -29.97 -30.16 -30.38 -30.50 -30.56 -30.53 -30.53 -30.50 -30.44 -30.28 -30.19 -30.09 -30.06 -29.94 -29.91 -29.94 -30.00 -30.03 -30.03 -30.06 -30.03 -29.97 -29.88 -29.91 -29.94 -29.97 -29.94 -29.97 -29.91 -29.84 -29.75 -29.62 -29.62 -29.53 -29.44 -29.34 -29.22 -29.16 -29.03 -28.81 -28.47 -28.19 -27.94 -27.62 -27.28 -26.91 -26.44
-22.84 -22.91 -23.16 -23.47 -23.62 -23.75 -23.88 -24.00 -24.19 -24.31 -24.59 -24.88 -25.31 -25.50 -25.91 -26.34 -26.88 -27.25 -27.69 -28.06 -28.34 -28.75 -29.09 -29.34 -29.53 -29.75 -29.97 -30.06 -30.09 -30.06 -30.06 -30.00 -29.91 -29.78 -29.66 -29.66 -29.50 -29.44 -29.44 -29.47 -29.53 -29.56 -29.53 -29.47 -29.47 -29.47 -29.41 -29.38 -29.38 -29.34 -29.41 -29.41 -29.41 -29.31 -29.31 -29.16 -29.16 -29.12 -28.97 -28.91 -28.81 -28.62 -28.56 -28.38 -28.12 -27.91 -27.62 -27.28 -26.97 -26.62 -26.19
-22.50 -22.59 -22.75 -23.03 -23.22 -23.34 -23.47 -23.62 -23.75 -24.00 -24.19 -24.50 -24.84 -25.06 -25.50 -26.00 -26.38 -26.78 -27.09 -27.47 -27.88 -28.16 -28.53 -28.84 -29.12 -29.31 -29.53 -29.59 -29.66 -29.72 -29.66 -29.50 -29.44 -29.34 -29.19 -29.16 -29.06 -28.97 -28.94 -28.97 -29.03 -29.03 -29.03 -29.00 -28.94 -28.94 -28.94 -28.88 -28.84 -28.84 -28.84 -28.84 -28.84 -28.84 -28.81 -28.72 -28.69 -28.56 -28.47 -28.47 -28.41 -28.31 -28.19 -27.97 -27.78 -27.62 -27.25 -26.91 -26.56 -26.25 -25.88
-22.19 -22.34 -22.44 -22.56 -22.69 -22.88 -23.06 -23.16 -23.34 -23.66 -23.84 -24.06 -24.34 -24.75 -25.09 -25.47 -25.91 -26.28 -26.59 -26.94 -27.28 -27.72 -28.09 -28.44 -28.69 -28.88 -29.03 -29.19 -29.28 -29.28 -29.19 -29.09 -29.00 -28.88 -28.72 -28.62 -28.53 -28.47 -28.41 -28.41 -28.41 -28.41 -28.38 -28.38 -28.47 -28.44 -28.44 -28.41 -28.41 -28.34 -28.38 -28.34 -28.31 -28.28 -28.22 -28.19 -28.19 -28.09 -28.00 -28.03 -27.88 -27.81 -27.72 -27.59 -27.41 -27.25 -26.88 -26.56 -26.19 -25.78 -25.53
-21.91 -22.00 -22.19 -22.22 -22.25 -22.50 -22.66 -22.88 -23.03 -23.19 -23.41 -23.62 -23.88 -24.22 -24.62 -25.00 -25.41 -25.78 -26.12 -26.50 -26.88 -27.28 -27.59 -27.91 -28.09 -28.31 -28.59 -28.69 -28.78 -28.75 -28.72 -28.66 -28.56 -28.44 -28.28 -28.19 -28.09 -28.00 -27.91 -27.91 -27.97 -27.94 -27.88 -27.78 -27.84 -27.91 -27.88 -27.81 -27.81 -27.88 -27.81 -27.81 -27.84 -27.84 -27.72 -27.62 -27.59 -27.41 -27.44 -27.38 -27.41 -27.38 -27.22 -27.09 -26.91 -26.75 -26.47 -26.12 -25.72 -25.34 -25.03
-21.44 -21.62 -21.75 -21.78 -21.94 -22.09 -22.31 -22.47 -22.59 -22.75 -23.00 -23.25 -23.47 -23.84 -24.19 -24.47 -24.91 -25.31 -25.66 -26.06 -26.47 -26.81 -27.06 -27.34 -27.56 -27.84 -28.09 -28.19 -28.28 -28.31 -28.25 -28.12 -28.00 -27.91 -27.81 -27.72 -27.62 -27.56 -27.44 -27.44 -27.44 -27.47 -27.41 -27.41 -27.41 -27.34 -27.31 -27.34 -27.31 -27.28 -27.22 -27.31 -27.31 -27.25 -27.16 -27.00 -27.06 -26.97 -26.94 -26.97 -26.97 -26.97 -26.84 -26.69 -26.50 -26.22 -25.97 -25.69 -25.28 -24.97 -24.69
