everonasctiles/Tile[32,44].asc
ncols 128
nrows 128
xllcorner 0
yllcorner 0
cellsize 2.0
NODATA_value  -9999
[rows 0 to 31 of 128, columns 0 to 72 of 128]
-12.25 -12.19 -12.16 -12.16 -12.09 -12.06 -12.06 -12.06 -12.06 -12.03 -12.00 -11.97 -11.94 -11.91 -11.84 -11.81 -11.75 -11.72 -11.66 -11.62 -11.56 -11.53 -11.47 -11.41 -11.38 -11.34 -11.31 -11.28 -11.28 -11.28 -11.28 -11.34 -11.41 -11.44 -11.53 -11.56 -11.56 -11.59 -11.75 -11.66 -11.53 -11.53 -11.81 -11.84 -12.34 -12.69 -12.06 -12.00 -11.97 -11.97 -11.38 -11.19 -11.03 -10.75 -10.88 -11.06 -11.38 -11.75 -11.66 -11.38 -10.53 -10.22 -11.00 -11.50 -11.78 -11.97 -12.06 -12.19 -12.38 -12.53 -12.69 -12.94 -13.19
-12.19 -12.12 -12.03 -12.00 -11.97 -11.97 -11.97 -11.94 -11.91 -11.88 -11.84 -11.81 -11.78 -11.72 -11.66 -11.62 -11.53 -11.47 -11.47 -11.56 -11.47 -11.34 -11.28 -11.22 -11.16 -11.12 -11.09 -11.03 -11.03 -11.16 -11.12 -11.19 -11.28 -11.31 -11.28 -11.38 -11.41 -11.44 -11.69 -11.47 -11.44 -11.31 -11.53 -11.56 -11.91 -12.25 -11.75 -11.47 -11.50 -11.25 -11.06 -11.00 -10.81 -10.75 -10.66 -10.78 -11.03 -11.69 -11.81 -10.78 -10.69 -10.53 -11.09 -11.28 -11.38 -11.75 -11.97 -12.06 -12.22 -12.38 -12.53 -12.72 -12.84
-12.03 -12.00 -11.94 -11.88 -11.84 -11.84 -11.81 -11.81 -11.78 -11.75 -11.69 -11.66 -11.59 -11.56 -11.50 -11.44 -11.31 -11.22 -11.28 -11.41 -11.38 -11.25 -11.16 -11.03 -10.88 -10.75 -10.69 -10.72 -10.75 -10.78 -10.84 -11.06 -11.22 -11.03 -11.06 -11.12 -11.22 -11.22 -11.31 -11.28 -11.31 -11.22 -11.22 -11.19 -11.22 -11.22 -11.38 -11.66 -11.34 -11.06 -10.84 -10.69 -10.59 -10.53 -10.62 -10.62 -10.69 -11.19 -11.44 -10.88 -11.03 -10.88 -10.78 -11.09 -11.12 -11.44 -11.69 -11.94 -12.06 -12.25 -12.38 -12.56 -12.62
-11.88 -11.84 -11.84 -11.72 -11.72 -11.69 -11.66 -11.69 -11.62 -11.59 -11.56 -11.50 -11.44 -11.38 -11.28 -11.22 -11.06 -10.94 -11.22 -11.31 -11.25 -11.22 -10.94 -10.91 -10.56 -10.25 -10.41 -10.56 -10.62 -10.50 -10.47 -10.47 -10.81 -10.81 -10.81 -10.84 -10.94 -10.97 -11.00 -11.09 -11.19 -11.09 -11.09 -11.28 -10.94 -10.53 -11.00 -11.72 -11.47 -11.16 -10.69 -10.25 -10.41 -10.38 -10.47 -10.50 -10.56 -10.78 -11.12 -11.06 -11.31 -11.06 -10.81 -11.03 -11.16 -11.31 -11.53 -11.84 -11.97 -12.09 -12.22 -12.34 -12.50
-11.75 -11.66 -11.59 -11.56 -11.56 -11.56 -11.56 -11.56 -11.50 -11.47 -11.44 -11.38 -11.31 -11.22 -11.12 -11.03 -10.66 -10.16 -10.97 -11.19 -11.31 -11.41 -10.97 -11.06 -10.44 -10.00 -10.53 -10.50 -10.31 -10.19 -10.06 -10.19 -10.25 -10.47 -10.56 -10.62 -10.66 -10.72 -10.84 -11.00 -10.97 -11.00 -10.94 -11.34 -11.38 -10.56 -10.72 -11.34 -11.28 -11.03 -10.19 -9.97 -9.94 -10.19 -10.31 -10.31 -10.38 -10.38 -10.66 -10.91 -11.22 -10.72 -10.62 -10.66 -11.12 -11.22 -11.47 -11.69 -11.81 -11.94 -12.06 -12.12 -12.28
-11.59 -11.56 -11.47 -11.50 -11.47 -11.47 -11.44 -11.44 -11.41 -11.34 -11.31 -11.25 -11.16 -11.06 -10.97 -10.84 -10.47 -10.03 -10.47 -10.75 -10.69 -11.03 -10.81 -10.72 -10.28 -10.31 -10.50 -9.88 -9.91 -10.03 -10.16 -10.06 -10.03 -10.06 -10.22 -10.34 -10.44 -10.50 -10.66 -10.94 -10.81 -10.94 -10.94 -11.47 -11.81 -11.34 -10.44 -10.84 -11.00 -10.28 -10.06 -9.75 -9.78 -10.00 -10.06 -10.16 -10.16 -10.25 -10.16 -10.56 -10.94 -10.69 -10.66 -10.59 -10.94 -11.12 -11.31 -11.47 -11.66 -11.81 -11.91 -12.03 -12.19
-11.41 -11.41 -11.47 -11.56 -11.47 -11.38 -11.34 -11.31 -11.31 -11.31 -11.12 -11.06 -10.94 -10.75 -10.62 -10.50 -10.34 -10.22 -10.28 -10.44 -10.31 -10.53 -10.69 -10.59 -10.22 -10.03 -9.84 -9.78 -9.72 -9.78 -9.97 -9.78 -9.84 -10.00 -9.94 -9.97 -10.19 -10.28 -10.34 -10.56 -10.66 -10.69 -10.78 -11.22 -11.38 -11.19 -10.81 -10.56 -10.56 -10.09 -9.72 -9.47 -9.59 -9.84 -9.81 -9.91 -10.00 -9.94 -9.84 -10.12 -10.44 -10.84 -10.94 -10.53 -10.69 -11.03 -11.22 -11.34 -11.50 -11.62 -11.72 -11.91 -12.12
-11.19 -11.38 -11.56 -11.47 -11.34 -11.38 -11.12 -11.09 -10.91 -11.12 -10.97 -10.94 -10.81 -10.59 -10.38 -10.41 -10.00 -9.94 -10.22 -10.22 -10.03 -10.00 -10.47 -10.34 -9.91 -9.84 -9.62 -9.97 -9.69 -9.69 -9.84 -9.41 -9.19 -9.19 -9.47 -9.69 -9.84 -9.97 -10.09 -10.22 -10.28 -10.28 -10.88 -10.59 -10.66 -10.59 -10.50 -10.22 -10.03 -10.03 -9.09 -8.75 -9.22 -9.62 -9.66 -9.72 -9.72 -9.69 -9.84 -10.00 -10.38 -10.78 -10.81 -10.62 -10.69 -10.88 -11.03 -11.22 -11.41 -11.47 -11.59 -11.75 -11.94
-11.06 -11.31 -11.34 -11.25 -11.12 -11.19 -11.12 -11.16 -11.03 -10.94 -11.16 -11.34 -10.78 -10.50 -10.56 -10.06 -9.75 -9.78 -9.91 -9.94 -9.78 -9.66 -10.22 -9.78 -9.66 -9.66 -9.72 -9.78 -9.72 -9.47 -9.41 -8.75 -8.44 -8.97 -9.22 -9.47 -9.72 -9.69 -9.81 -9.91 -9.94 -10.03 -10.12 -10.09 -10.03 -10.22 -10.12 -9.88 -9.81 -9.53 -9.03 -8.62 -9.12 -9.41 -9.50 -9.56 -9.38 -9.59 -9.72 -9.81 -10.03 -10.41 -10.50 -10.47 -10.50 -10.69 -10.84 -11.00 -11.16 -11.28 -11.44 -11.56 -11.69
-10.88 -10.97 -11.06 -10.91 -11.00 -11.09 -11.03 -11.16 -11.53 -11.31 -11.47 -11.75 -11.31 -10.62 -10.41 -9.91 -9.53 -9.81 -9.41 -9.47 -9.59 -9.53 -9.59 -9.44 -9.44 -9.59 -9.75 -9.50 -9.56 -9.38 -9.06 -8.81 -8.75 -9.12 -9.66 -9.44 -9.38 -9.53 -9.59 -9.62 -9.69 -9.72 -9.78 -9.75 -9.75 -9.94 -10.12 -10.38 -9.81 -9.09 -9.12 -8.97 -9.12 -9.12 -9.28 -9.34 -9.19 -9.28 -9.53 -9.62 -9.81 -9.97 -10.16 -10.34 -10.41 -10.56 -10.72 -10.84 -11.00 -11.12 -11.25 -11.34 -11.38
-10.69 -10.75 -10.69 -10.62 -10.81 -10.94 -11.00 -10.91 -11.25 -11.53 -11.97 -11.41 -10.97 -10.44 -10.22 -9.94 -9.69 -9.56 -9.25 -9.19 -9.34 -9.31 -9.28 -9.25 -9.31 -9.50 -9.47 -9.25 -9.28 -9.25 -9.00 -9.22 -9.38 -8.94 -9.00 -9.44 -9.19 -9.31 -9.34 -9.38 -9.41 -9.47 -9.50 -9.50 -9.44 -9.53 -9.53 -9.72 -9.22 -8.91 -8.97 -8.88 -8.84 -8.88 -8.91 -9.00 -9.06 -8.75 -9.16 -9.44 -9.69 -9.88 -10.06 -10.19 -10.28 -10.44 -10.59 -10.72 -10.84 -10.97 -11.09 -11.19 -11.25
-10.41 -10.56 -10.47 -10.47 -10.75 -10.72 -10.78 -10.75 -10.97 -11.91 -11.97 -11.03 -10.81 -10.62 -10.03 -9.62 -9.47 -8.91 -8.88 -8.75 -8.94 -8.94 -9.06 -9.00 -9.00 -9.22 -9.22 -9.12 -8.91 -8.78 -8.81 -9.09 -9.28 -9.03 -8.81 -9.03 -9.00 -9.09 -9.06 -9.09 -9.16 -9.22 -9.25 -9.28 -9.34 -9.50 -9.25 -9.06 -8.72 -8.41 -8.44 -8.66 -8.72 -8.72 -8.72 -8.69 -8.66 -8.25 -8.97 -9.31 -9.50 -9.78 -9.94 -10.06 -10.19 -10.31 -10.47 -10.59 -10.69 -10.84 -10.94 -11.03 -11.12
-10.00 -10.19 -10.47 -10.56 -10.75 -10.91 -10.84 -10.72 -10.84 -11.53 -11.09 -10.84 -10.31 -10.03 -9.50 -9.25 -9.19 -8.84 -8.53 -8.38 -8.56 -8.66 -8.91 -8.75 -8.69 -8.88 -8.88 -8.62 -8.56 -8.44 -8.47 -8.53 -8.56 -9.00 -8.62 -8.50 -8.62 -8.84 -8.72 -8.72 -8.91 -8.97 -9.00 -9.03 -9.06 -9.16 -9.09 -8.78 -8.50 -8.59 -8.44 -8.44 -8.50 -8.44 -8.50 -8.62 -8.59 -8.62 -9.06 -9.19 -9.41 -9.66 -9.81 -9.97 -10.09 -10.22 -10.34 -10.47 -10.56 -10.69 -10.81 -10.91 -11.00
-9.75 -9.88 -10.25 -10.25 -10.53 -10.75 -10.69 -10.59 -10.78 -10.72 -10.38 -10.75 -9.88 -9.03 -9.03 -8.97 -8.66 -8.56 -7.91 -8.09 -8.34 -8.25 -8.38 -8.38 -8.47 -8.50 -8.38 -8.47 -8.44 -7.91 -8.06 -8.25 -8.09 -8.03 -8.28 -8.12 -7.81 -8.38 -8.47 -8.56 -8.69 -8.75 -8.75 -8.78 -8.78 -8.78 -8.59 -8.62 -8.62 -8.59 -8.62 -8.56 -8.56 -8.38 -8.41 -8.41 -8.72 -8.84 -9.00 -9.16 -9.34 -9.53 -9.69 -9.84 -10.00 -10.12 -10.25 -10.34 -10.47 -10.56 -10.69 -10.78 -10.88
-9.50 -9.81 -10.06 -10.12 -10.34 -10.16 -10.69 -11.09 -10.69 -10.38 -9.94 -9.91 -9.28 -8.97 -8.88 -8.38 -8.28 -8.38 -7.91 -7.94 -8.00 -7.91 -8.00 -8.03 -8.19 -8.16 -8.22 -8.47 -8.12 -8.00 -8.19 -8.22 -7.94 -7.91 -7.81 -7.94 -7.72 -8.19 -8.19 -8.41 -8.44 -8.53 -8.56 -8.56 -8.56 -8.56 -8.50 -8.34 -8.31 -8.34 -8.38 -8.50 -8.53 -8.56 -8.53 -8.50 -8.62 -8.72 -8.94 -9.06 -9.25 -9.41 -9.56 -9.72 -9.91 -10.03 -10.16 -10.25 -10.38 -10.47 -10.56 -10.66 -10.72
-9.12 -9.31 -9.69 -9.81 -10.06 -9.94 -10.03 -10.34 -10.53 -9.97 -9.62 -9.12 -9.00 -8.75 -8.38 -8.06 -8.19 -8.16 -7.84 -7.81 -7.56 -7.88 -7.81 -7.56 -7.88 -7.91 -7.91 -7.97 -7.94 -7.62 -7.66 -7.94 -7.59 -7.31 -7.50 -7.62 -7.53 -7.69 -7.91 -8.16 -8.22 -8.28 -8.31 -8.34 -8.38 -8.38 -8.31 -8.28 -8.22 -8.22 -8.16 -8.16 -8.22 -8.38 -8.47 -8.62 -8.72 -8.75 -8.88 -9.00 -9.09 -9.19 -9.38 -9.62 -9.88 -9.97 -10.06 -10.16 -10.28 -10.34 -10.44 -10.50 -10.16
-8.59 -9.00 -9.25 -9.34 -9.41 -9.50 -9.75 -9.50 -9.56 -9.53 -9.25 -8.72 -8.66 -8.28 -8.25 -8.25 -8.16 -7.88 -7.56 -7.22 -6.94 -7.09 -7.00 -7.28 -7.59 -7.69 -7.66 -7.59 -7.38 -7.47 -7.72 -7.28 -6.94 -7.28 -7.44 -7.44 -7.38 -7.59 -7.78 -7.84 -7.97 -8.03 -8.09 -8.12 -8.16 -8.16 -8.09 -8.06 -8.06 -8.03 -8.06 -8.06 -8.09 -8.09 -8.19 -8.34 -8.47 -8.47 -8.75 -8.94 -9.00 -9.16 -9.25 -9.66 -9.78 -9.94 -10.00 -10.09 -10.16 -10.16 -10.25 -10.28 -9.91
-8.91 -8.88 -8.88 -9.00 -9.12 -9.19 -9.28 -9.09 -9.19 -9.19 -8.72 -8.38 -8.38 -8.44 -8.28 -8.19 -8.06 -7.88 -7.28 -7.31 -6.59 -6.66 -6.25 -6.78 -7.31 -7.41 -7.41 -7.38 -7.28 -7.50 -7.53 -6.91 -7.00 -7.16 -7.25 -7.25 -7.25 -7.44 -7.59 -7.66 -7.72 -7.81 -7.88 -7.91 -7.94 -7.91 -7.91 -7.91 -7.91 -7.91 -7.94 -7.97 -8.00 -8.00 -8.12 -8.25 -8.34 -8.50 -8.84 -8.94 -9.19 -9.31 -9.28 -9.59 -9.72 -9.84 -9.97 -10.06 -10.09 -10.16 -10.22 -10.19 -10.12
-8.72 -8.66 -8.75 -8.69 -8.81 -8.88 -8.84 -8.78 -8.84 -8.81 -8.56 -8.47 -8.66 -8.44 -8.25 -8.09 -8.00 -7.94 -7.31 -6.97 -6.69 -7.03 -7.06 -6.53 -6.88 -7.16 -7.19 -7.16 -7.12 -7.16 -7.16 -7.31 -7.22 -6.88 -7.09 -7.12 -7.22 -7.28 -7.38 -7.44 -7.53 -7.66 -7.69 -7.72 -7.75 -7.72 -7.75 -7.78 -7.78 -7.81 -7.84 -7.88 -7.94 -8.03 -8.09 -8.25 -8.38 -8.41 -8.53 -8.84 -9.09 -9.25 -9.38 -9.53 -9.69 -9.84 -9.94 -10.03 -10.09 -10.19 -10.16 -10.34 -10.41
-8.59 -8.31 -8.09 -8.25 -8.41 -8.34 -8.16 -8.47 -8.44 -8.50 -8.56 -8.56 -8.59 -8.53 -8.19 -7.94 -7.75 -7.78 -7.22 -6.44 -7.06 -7.03 -6.84 -6.47 -6.59 -6.94 -7.00 -6.97 -6.97 -6.91 -7.03 -7.06 -7.00 -6.78 -6.88 -6.97 -7.06 -7.16 -7.22 -7.28 -7.38 -7.47 -7.53 -7.56 -7.59 -7.56 -7.59 -7.66 -7.69 -7.72 -7.75 -7.78 -7.88 -7.97 -8.09 -8.22 -8.38 -8.44 -8.75 -8.94 -9.09 -9.25 -9.44 -9.47 -9.59 -9.81 -9.91 -10.00 -10.03 -10.09 -10.19 -10.66 -10.66
-7.97 -7.88 -8.03 -8.00 -7.94 -7.78 -7.94 -8.09 -7.97 -8.25 -8.34 -8.31 -8.41 -8.25 -8.09 -7.81 -7.59 -7.22 -7.22 -7.09 -6.75 -6.53 -6.44 -6.06 -6.34 -6.78 -6.78 -6.75 -6.75 -6.72 -6.88 -6.88 -6.78 -6.66 -6.78 -6.78 -6.84 -6.91 -7.06 -7.12 -7.19 -7.31 -7.34 -7.38 -7.44 -7.44 -7.47 -7.53 -7.59 -7.62 -7.66 -7.72 -7.78 -7.91 -8.03 -8.19 -8.34 -8.34 -8.56 -8.88 -9.31 -9.28 -9.47 -9.56 -9.69 -9.81 -9.88 -9.97 -10.03 -10.16 -10.38 -10.56 -10.53
-7.06 -7.66 -7.84 -7.81 -7.72 -7.44 -7.72 -7.62 -7.78 -8.03 -8.12 -8.09 -8.09 -8.03 -7.78 -7.59 -7.44 -7.38 -7.25 -6.91 -6.84 -6.88 -6.75 -6.34 -6.38 -6.53 -6.53 -6.34 -6.50 -6.56 -6.59 -6.66 -6.50 -6.47 -6.59 -6.62 -6.69 -6.78 -6.88 -6.94 -7.00 -7.12 -7.19 -7.22 -7.31 -7.28 -7.34 -7.47 -7.53 -7.53 -7.56 -7.66 -7.78 -7.88 -8.03 -8.16 -8.38 -8.50 -8.62 -8.97 -9.38 -9.38 -9.91 -9.97 -10.09 -9.88 -9.88 -10.00 -10.09 -10.31 -10.47 -10.41 -10.34
-6.88 -7.22 -7.44 -7.56 -7.50 -7.47 -7.53 -7.66 -7.78 -7.91 -8.00 -7.94 -7.88 -7.97 -7.84 -7.47 -7.28 -7.34 -7.19 -6.81 -6.88 -6.78 -6.69 -6.34 -6.16 -6.38 -6.41 -6.19 -6.34 -6.28 -6.09 -6.06 -6.25 -6.38 -6.41 -6.50 -6.53 -6.72 -6.81 -6.81 -6.91 -7.00 -7.06 -7.09 -7.19 -7.16 -7.19 -7.31 -7.44 -7.44 -7.50 -7.62 -7.78 -7.84 -8.00 -8.19 -8.41 -8.56 -8.69 -8.78 -9.00 -9.41 -9.56 -10.12 -10.44 -9.91 -9.81 -10.00 -10.09 -10.28 -10.38 -10.53 -10.56
-6.66 -6.97 -7.06 -7.25 -7.31 -7.06 -7.16 -7.41 -7.66 -7.88 -7.91 -7.78 -7.75 -7.75 -7.59 -7.44 -7.31 -7.34 -7.38 -7.03 -6.84 -6.59 -6.50 -6.03 -6.06 -6.28 -6.31 -6.25 -6.12 -5.91 -5.94 -6.22 -6.19 -6.22 -6.28 -6.34 -6.41 -6.47 -6.53 -6.59 -6.75 -6.91 -6.97 -7.03 -7.09 -7.16 -7.12 -7.16 -7.34 -7.44 -7.53 -7.59 -7.72 -7.88 -8.09 -8.25 -8.41 -8.59 -8.75 -8.88 -9.00 -9.25 -9.44 -9.72 -9.69 -9.84 -9.81 -10.00 -10.00 -10.25 -10.34 -10.59 -10.59
-6.16 -6.66 -6.84 -7.16 -7.12 -7.16 -7.22 -7.28 -7.50 -7.69 -7.81 -7.59 -7.66 -7.62 -7.44 -7.31 -7.28 -7.28 -7.09 -6.91 -6.78 -6.62 -6.47 -6.28 -6.12 -6.25 -6.25 -6.03 -5.97 -6.16 -6.06 -6.12 -6.12 -6.12 -6.19 -6.25 -6.28 -6.38 -6.41 -6.47 -6.59 -6.75 -6.75 -6.88 -7.00 -7.12 -7.16 -7.22 -7.31 -7.41 -7.47 -7.62 -7.78 -7.91 -8.06 -8.22 -8.41 -8.59 -8.75 -8.94 -9.22 -9.53 -9.38 -9.72 -9.47 -9.88 -9.75 -9.97 -10.06 -10.25 -10.38 -10.53 -10.62
-6.22 -6.66 -6.91 -7.03 -7.16 -7.16 -7.16 -7.28 -7.44 -7.53 -7.53 -7.56 -7.66 -7.44 -7.31 -7.19 -7.12 -7.06 -7.00 -6.84 -6.72 -6.59 -6.50 -6.41 -6.28 -6.25 -6.19 -6.06 -6.09 -6.09 -6.00 -6.06 -6.06 -6.09 -6.12 -6.16 -6.22 -6.28 -6.31 -6.34 -6.50 -6.56 -6.53 -6.72 -6.75 -6.94 -7.12 -7.22 -7.41 -7.44 -7.44 -7.69 -7.75 -7.91 -8.09 -8.25 -8.44 -8.59 -8.75 -8.94 -9.19 -9.62 -10.09 -9.88 -9.69 -9.84 -9.94 -10.03 -10.12 -10.31 -10.41 -10.78 -10.75
-6.41 -6.59 -6.75 -6.81 -7.03 -6.97 -6.91 -7.06 -7.19 -7.25 -7.28 -7.47 -7.62 -7.34 -7.25 -7.09 -7.03 -6.94 -6.84 -6.84 -6.72 -6.53 -6.44 -6.31 -6.28 -6.25 -6.22 -6.16 -6.06 -6.00 -5.84 -5.94 -6.06 -6.09 -6.12 -6.12 -6.16 -6.12 -6.12 -6.25 -6.38 -6.50 -6.38 -6.69 -6.75 -6.91 -7.12 -7.19 -7.38 -7.44 -7.47 -7.69 -7.78 -7.97 -8.12 -8.28 -8.47 -8.62 -8.62 -8.91 -9.16 -9.44 -9.81 -9.97 -9.81 -9.78 -9.97 -10.06 -10.12 -10.31 -10.50 -10.72 -10.91
-6.50 -6.53 -6.59 -6.50 -6.31 -6.72 -6.91 -6.84 -6.97 -7.12 -7.25 -7.53 -7.53 -7.34 -7.28 -7.09 -7.00 -6.97 -6.84 -6.69 -6.62 -6.53 -6.38 -6.22 -6.16 -6.12 -6.16 -6.12 -6.09 -6.06 -5.84 -5.75 -5.88 -5.97 -6.12 -6.09 -6.06 -6.03 -6.03 -6.19 -6.22 -6.50 -6.50 -6.59 -6.78 -6.91 -7.09 -7.22 -7.31 -7.38 -7.53 -7.66 -7.81 -7.97 -8.12 -8.28 -8.44 -8.62 -8.56 -8.88 -9.12 -9.44 -9.59 -9.72 -9.81 -9.84 -9.97 -10.06 -10.16 -10.31 -10.41 -10.66 -10.53
-6.19 -6.34 -6.41 -6.38 -6.34 -6.47 -6.62 -6.81 -6.84 -7.00 -7.06 -7.22 -7.25 -7.25 -7.22 -7.06 -7.06 -6.91 -6.84 -6.62 -6.50 -6.47 -6.31 -6.16 -6.12 -6.09 -6.09 -6.03 -6.00 -5.94 -5.72 -5.53 -5.84 -6.16 -6.09 -6.06 -6.00 -6.06 -6.09 -6.00 -6.31 -6.56 -6.62 -6.66 -6.81 -6.94 -7.06 -7.22 -7.28 -7.47 -7.53 -7.59 -7.72 -7.97 -8.12 -8.28 -8.44 -8.38 -8.44 -8.97 -9.12 -9.31 -9.56 -9.72 -9.75 -9.88 -10.03 -10.12 -10.22 -10.31 -10.50 -10.50 -10.38
-6.12 -6.19 -6.22 -6.25 -6.22 -6.44 -6.47 -6.59 -6.72 -6.75 -6.91 -6.72 -6.81 -7.09 -7.44 -7.22 -7.00 -6.81 -6.72 -6.56 -6.50 -6.41 -6.28 -6.19 -6.06 -6.06 -6.06 -6.00 -5.91 -5.72 -5.81 -5.75 -5.97 -6.03 -6.28 -6.09 -6.03 -6.09 -6.22 -6.25 -6.47 -6.66 -6.69 -6.75 -6.88 -6.97 -7.09 -7.28 -7.47 -7.56 -7.53 -7.59 -7.78 -8.03 -8.22 -8.41 -8.56 -8.69 -8.91 -9.03 -9.25 -9.25 -9.38 -9.56 -9.75 -9.88 -10.03 -10.12 -10.22 -10.31 -10.47 -10.53 -10.53
-6.22 -6.12 -6.06 -6.19 -6.31 -6.53 -6.59 -6.56 -6.62 -6.59 -6.59 -6.22 -6.47 -6.81 -7.56 -7.00 -6.78 -6.75 -6.56 -6.53 -6.47 -6.38 -6.28 -6.22 -6.06 -6.06 -6.06 -6.00 -5.72 -5.66 -5.75 -5.72 -5.91 -5.84 -5.94 -6.09 -6.19 -6.16 -6.12 -6.28 -6.50 -6.59 -6.69 -6.81 -6.97 -7.06 -7.19 -7.38 -7.56 -7.62 -7.69 -7.66 -7.88 -8.09 -8.25 -8.44 -8.62 -8.84 -9.06 -9.19 -9.22 -9.19 -9.44 -9.66 -9.81 -9.91 -10.03 -10.16 -10.25 -10.34 -10.47 -10.50 -10.69
-6.16 -6.09 -6.16 -6.12 -6.19 -6.44 -6.47 -6.38 -6.47 -6.53 -6.50 -6.56 -6.56 -6.62 -7.25 -6.75 -6.78 -6.69 -6.53 -6.50 -6.44 -6.34 -6.28 -6.19 -6.16 -6.09 -6.03 -6.00 -5.75 -5.78 -5.94 -6.03 -5.44 -5.44 -5.69 -6.00 -6.22 -6.19 -6.22 -6.28 -6.25 -6.50 -6.66 -6.91 -7.03 -7.16 -7.28 -7.44 -7.62 -7.69 -7.81 -7.81 -7.94 -8.16 -8.31 -8.50 -8.72 -8.88 -9.03 -9.28 -9.19 -9.25 -9.62 -9.72 -9.88 -9.97 -10.06 -10.16 -10.28 -10.38 -10.53 -10.56 -10.72
