everonasctiles/Tile17,6.asc
ncols 128
nrows 128
xllcorner 0
yllcorner 0
cellsize 2.0
NODATA_value  -9999
[rows 0 to 31 of 128, columns 0 to 70 of 128]
-20.66 -20.44 -20.22 -19.94 -19.66 -19.38 -19.06 -18.75 -18.41 -18.03 -17.69 -17.31 -16.91 -16.53 -16.12 -15.72 -15.28 -14.88 -14.47 -14.03 -13.62 -13.22 -12.84 -12.44 -12.09 -11.72 -11.44 -11.28 -11.28 -11.25 -11.47 -11.88 -12.00 -12.16 -12.50 -12.66 -12.19 -11.53 -10.81 -10.28 -9.81 -9.56 -9.34 -9.22 -9.53 -9.84 -10.22 -10.22 -10.09 -9.97 -9.97 -9.97 -10.19 -10.47 -10.66 -10.88 -11.31 -11.78 -12.06 -12.06 -12.22 -12.59 -12.84 -13.31 -13.91 -14.69 -14.84 -14.47 -14.38 -14.41 -14.72
-20.66 -20.44 -20.19 -19.91 -19.62 -19.34 -19.03 -18.72 -18.38 -18.03 -17.66 -17.28 -16.91 -16.50 -16.09 -15.69 -15.28 -14.84 -14.41 -13.97 -13.56 -13.16 -12.75 -12.34 -11.94 -11.53 -11.16 -10.91 -10.72 -10.62 -10.91 -11.31 -11.72 -11.91 -12.41 -12.56 -12.41 -11.91 -11.28 -10.53 -9.91 -9.28 -8.75 -8.56 -9.50 -10.22 -10.66 -10.62 -10.28 -10.03 -10.09 -10.28 -10.69 -11.12 -11.25 -11.38 -11.59 -11.91 -12.31 -12.66 -12.91 -13.16 -13.53 -13.94 -14.25 -14.91 -15.28 -14.94 -14.50 -14.53 -14.69
-20.62 -20.41 -20.16 -19.91 -19.62 -19.31 -19.03 -18.69 -18.38 -18.03 -17.66 -17.28 -16.91 -16.50 -16.09 -15.69 -15.25 -14.81 -14.38 -13.94 -13.53 -13.12 -12.72 -12.28 -11.88 -11.41 -10.91 -10.50 -10.16 -10.06 -10.38 -10.94 -11.28 -11.53 -12.00 -12.44 -12.47 -12.19 -11.78 -10.91 -9.91 -9.19 -8.59 -8.53 -9.28 -10.09 -10.62 -10.75 -10.66 -10.53 -10.69 -11.06 -11.38 -11.62 -11.72 -11.59 -11.88 -12.28 -12.69 -13.38 -14.00 -14.22 -14.25 -14.25 -14.25 -14.84 -15.44 -15.47 -15.28 -15.12 -15.12
-20.59 -20.38 -20.12 -19.88 -19.59 -19.31 -19.00 -18.69 -18.34 -18.00 -17.66 -17.28 -16.91 -16.53 -16.12 -15.69 -15.25 -14.81 -14.38 -13.94 -13.50 -13.12 -12.69 -12.28 -11.88 -11.41 -10.84 -10.25 -9.84 -9.72 -10.03 -10.59 -10.88 -11.22 -11.56 -12.03 -12.22 -12.03 -11.69 -10.91 -9.94 -9.34 -8.91 -8.91 -9.09 -9.47 -10.09 -10.84 -11.22 -11.28 -11.41 -11.78 -11.91 -12.00 -11.91 -11.91 -12.22 -12.81 -13.41 -14.16 -14.94 -15.31 -15.16 -14.78 -14.56 -14.69 -15.38 -15.91 -16.00 -15.53 -15.34
-20.59 -20.34 -20.12 -19.84 -19.56 -19.28 -18.97 -18.66 -18.34 -18.00 -17.66 -17.31 -16.94 -16.53 -16.12 -15.72 -15.28 -14.84 -14.41 -13.94 -13.50 -13.12 -12.72 -12.31 -11.94 -11.47 -10.97 -10.44 -9.94 -9.69 -9.62 -10.00 -10.41 -10.88 -11.16 -11.47 -11.62 -11.59 -11.34 -10.81 -10.09 -9.56 -9.53 -9.56 -9.41 -9.47 -9.78 -10.62 -11.28 -11.72 -11.84 -12.03 -12.19 -12.25 -12.16 -12.22 -12.69 -13.47 -14.22 -14.78 -15.28 -15.84 -16.12 -15.72 -15.19 -15.09 -15.47 -16.03 -16.22 -15.69 -15.34
-20.56 -20.34 -20.09 -19.81 -19.56 -19.28 -18.97 -18.66 -18.34 -18.03 -17.69 -17.31 -16.97 -16.56 -16.16 -15.75 -15.31 -14.88 -14.41 -13.97 -13.53 -13.16 -12.75 -12.38 -11.94 -11.44 -11.19 -10.97 -10.59 -10.22 -9.66 -9.53 -9.94 -10.53 -11.00 -11.25 -11.28 -11.28 -11.12 -10.59 -10.06 -9.81 -10.09 -10.25 -10.00 -9.75 -9.75 -10.28 -11.00 -11.38 -11.50 -11.75 -12.31 -12.72 -12.84 -13.03 -13.41 -14.06 -14.75 -15.19 -15.53 -16.12 -16.66 -16.50 -15.84 -15.53 -16.00 -16.47 -16.53 -15.84 -15.69
-20.53 -20.31 -20.06 -19.81 -19.53 -19.25 -18.97 -18.66 -18.34 -18.03 -17.69 -17.34 -16.97 -16.59 -16.22 -15.78 -15.38 -14.91 -14.47 -14.00 -13.56 -13.19 -12.81 -12.41 -11.94 -11.59 -11.53 -11.66 -11.56 -11.06 -10.25 -9.66 -9.72 -10.22 -10.72 -11.06 -11.06 -11.00 -10.72 -10.28 -10.00 -10.12 -10.53 -10.72 -10.53 -10.12 -10.09 -10.19 -10.75 -11.09 -11.31 -11.72 -12.34 -13.06 -13.56 -13.84 -14.38 -14.91 -15.41 -15.62 -15.81 -16.28 -16.72 -16.88 -16.50 -16.69 -17.03 -17.16 -17.09 -16.78 -16.69
-20.53 -20.28 -20.03 -19.78 -19.50 -19.25 -18.94 -18.66 -18.34 -18.03 -17.72 -17.38 -17.03 -16.66 -16.28 -15.88 -15.44 -15.00 -14.56 -14.06 -13.62 -13.28 -12.94 -12.41 -12.09 -11.97 -12.06 -12.28 -12.34 -11.97 -11.12 -10.31 -10.00 -9.97 -10.25 -10.53 -10.66 -10.62 -10.38 -10.22 -10.19 -10.25 -10.56 -10.75 -10.66 -10.50 -10.53 -10.72 -10.97 -11.25 -11.69 -12.06 -12.72 -13.19 -13.62 -14.09 -14.69 -15.34 -15.81 -15.91 -15.97 -16.25 -16.59 -17.06 -17.59 -17.81 -17.81 -17.88 -17.88 -17.84 -17.78
-20.50 -20.25 -20.00 -19.75 -19.50 -19.22 -18.94 -18.66 -18.38 -18.06 -17.75 -17.41 -17.06 -16.72 -16.34 -15.97 -15.56 -15.12 -14.66 -14.16 -13.69 -13.38 -13.03 -12.62 -12.34 -12.34 -12.50 -12.66 -12.69 -12.47 -11.94 -11.22 -10.62 -10.22 -9.94 -9.97 -10.06 -10.09 -9.94 -10.00 -10.22 -10.19 -10.31 -10.41 -10.53 -10.78 -11.00 -11.47 -11.78 -11.84 -12.16 -12.81 -13.16 -13.50 -13.62 -13.78 -14.16 -15.03 -15.59 -16.00 -16.25 -16.44 -16.78 -17.31 -17.69 -18.44 -18.81 -18.56 -18.59 -18.31 -18.72
-20.47 -20.22 -19.97 -19.72 -19.47 -19.22 -18.94 -18.66 -18.38 -18.06 -17.78 -17.44 -17.12 -16.78 -16.44 -16.06 -15.69 -15.28 -14.81 -14.31 -13.81 -13.41 -13.09 -12.88 -12.66 -12.72 -12.81 -12.81 -12.75 -12.56 -12.25 -11.75 -11.16 -10.50 -9.91 -9.41 -9.34 -9.38 -9.53 -9.66 -9.84 -9.97 -10.00 -10.09 -10.31 -10.84 -11.31 -12.00 -12.38 -12.47 -12.66 -13.25 -13.72 -13.88 -13.81 -13.75 -14.25 -14.78 -15.12 -15.75 -16.31 -16.75 -16.66 -17.19 -17.50 -18.22 -18.94 -19.06 -19.06 -19.31 -19.28
-20.44 -20.19 -19.94 -19.72 -19.44 -19.19 -18.94 -18.66 -18.38 -18.09 -17.81 -17.50 -17.19 -16.88 -16.53 -16.19 -15.84 -15.47 -15.06 -14.56 -13.97 -13.50 -13.22 -13.03 -12.97 -13.16 -13.19 -13.03 -12.78 -12.44 -12.12 -11.88 -11.47 -10.88 -10.16 -9.34 -8.94 -8.94 -9.22 -9.25 -9.34 -9.38 -9.50 -9.69 -9.97 -10.69 -11.44 -12.31 -12.69 -12.94 -13.22 -13.50 -13.78 -13.91 -13.78 -13.78 -14.34 -14.78 -15.03 -15.47 -15.84 -16.31 -16.94 -17.12 -17.25 -17.78 -18.44 -19.06 -19.09 -19.50 -19.56
-20.38 -20.16 -19.91 -19.66 -19.41 -19.16 -18.91 -18.66 -18.41 -18.12 -17.84 -17.53 -17.25 -16.94 -16.66 -16.34 -16.03 -15.69 -15.34 -14.91 -14.22 -13.69 -13.44 -13.34 -13.41 -13.56 -13.56 -13.34 -12.94 -12.50 -12.12 -11.88 -11.69 -11.31 -10.53 -9.75 -9.19 -9.06 -9.03 -9.00 -8.97 -9.06 -9.22 -9.53 -9.84 -10.44 -11.41 -12.22 -12.66 -12.88 -13.22 -13.31 -13.47 -13.59 -13.72 -13.69 -14.31 -14.72 -14.66 -15.09 -15.78 -16.38 -16.72 -17.12 -17.03 -17.47 -17.94 -18.38 -18.66 -19.47 -19.56
-20.34 -20.12 -19.88 -19.66 -19.41 -19.16 -18.91 -18.66 -18.41 -18.12 -17.88 -17.59 -17.31 -17.03 -16.75 -16.47 -16.22 -15.94 -15.66 -15.38 -14.94 -14.41 -13.97 -13.72 -13.78 -13.88 -13.84 -13.66 -13.28 -12.75 -12.34 -12.03 -11.84 -11.66 -11.06 -10.34 -9.91 -9.62 -9.47 -9.28 -9.16 -9.22 -9.31 -9.50 -9.78 -10.44 -11.19 -11.91 -12.47 -12.69 -12.91 -13.09 -13.28 -13.28 -13.06 -13.28 -13.81 -13.94 -13.84 -14.31 -15.38 -16.22 -16.94 -16.84 -16.53 -17.44 -17.62 -17.66 -18.22 -18.78 -19.31
-20.31 -20.09 -19.84 -19.62 -19.38 -19.16 -18.91 -18.66 -18.41 -18.16 -17.91 -17.62 -17.38 -17.12 -16.88 -16.62 -16.38 -16.16 -15.94 -15.78 -15.72 -15.41 -14.81 -14.34 -14.16 -14.06 -13.97 -13.88 -13.62 -13.16 -12.69 -12.28 -12.09 -11.84 -11.56 -11.25 -10.97 -10.78 -10.50 -10.31 -10.06 -9.88 -9.75 -9.88 -10.03 -10.34 -10.78 -11.34 -11.84 -12.28 -12.50 -12.72 -12.78 -12.62 -12.56 -13.16 -13.47 -13.22 -13.09 -13.94 -14.91 -16.03 -16.41 -16.56 -16.69 -17.12 -16.69 -17.03 -17.19 -18.19 -18.12
-20.28 -20.06 -19.81 -19.59 -19.34 -19.12 -18.91 -18.66 -18.41 -18.16 -17.91 -17.69 -17.44 -17.22 -16.97 -16.75 -16.53 -16.34 -16.19 -16.06 -16.06 -16.19 -15.72 -15.09 -14.62 -14.31 -14.06 -13.97 -13.81 -13.41 -12.88 -12.53 -12.22 -12.03 -12.09 -12.34 -12.38 -12.19 -12.00 -11.72 -11.31 -10.88 -10.59 -10.56 -10.50 -10.31 -10.34 -10.62 -10.94 -11.22 -11.50 -11.84 -12.06 -12.25 -12.72 -13.38 -13.41 -13.03 -13.09 -13.78 -14.69 -15.72 -16.12 -16.09 -16.56 -16.84 -16.34 -16.47 -16.91 -18.75 -19.31
-20.22 -20.00 -19.78 -19.56 -19.34 -19.12 -18.88 -18.66 -18.41 -18.19 -17.94 -17.72 -17.50 -17.28 -17.06 -16.88 -16.69 -16.53 -16.38 -16.25 -16.22 -16.28 -16.19 -15.75 -15.19 -14.75 -14.34 -14.09 -13.97 -13.56 -13.06 -12.78 -12.56 -12.53 -12.91 -13.47 -13.75 -13.69 -13.56 -13.25 -12.69 -12.09 -11.72 -11.34 -11.06 -10.66 -10.62 -10.69 -10.72 -10.72 -11.00 -11.66 -12.19 -12.62 -13.47 -13.75 -13.69 -13.34 -13.78 -14.53 -14.84 -15.75 -16.44 -16.59 -16.75 -16.44 -16.22 -17.09 -18.12 -18.75 -19.12
-20.19 -19.97 -19.75 -19.53 -19.31 -19.09 -18.88 -18.62 -18.41 -18.19 -17.97 -17.75 -17.56 -17.34 -17.16 -16.97 -16.81 -16.66 -16.53 -16.41 -16.31 -16.22 -16.06 -15.91 -15.72 -15.41 -15.00 -14.53 -14.28 -13.84 -13.38 -13.16 -13.22 -13.50 -14.06 -14.72 -15.03 -15.06 -15.00 -14.78 -14.09 -13.28 -12.66 -12.25 -11.84 -11.50 -11.38 -11.53 -11.50 -11.44 -11.53 -12.16 -12.59 -13.22 -14.00 -14.69 -14.78 -14.75 -14.78 -15.25 -15.16 -16.03 -16.91 -16.91 -16.50 -16.41 -16.94 -17.31 -19.56 -20.25 -20.53
-20.16 -19.94 -19.72 -19.50 -19.28 -19.06 -18.84 -18.62 -18.41 -18.19 -18.00 -17.78 -17.59 -17.41 -17.25 -17.09 -16.94 -16.78 -16.66 -16.56 -16.44 -16.25 -16.03 -15.97 -15.91 -15.91 -15.75 -15.31 -14.88 -14.38 -13.94 -13.81 -14.09 -14.62 -15.28 -15.78 -16.03 -16.16 -16.16 -15.94 -15.34 -14.53 -13.81 -13.22 -12.91 -12.81 -12.59 -12.47 -12.38 -12.19 -12.06 -12.56 -13.31 -13.84 -14.53 -15.31 -16.00 -16.19 -15.97 -16.25 -16.34 -16.78 -17.00 -17.50 -18.12 -17.38 -18.44 -18.97 -20.00 -21.53 -21.53
-20.09 -19.88 -19.69 -19.47 -19.25 -19.03 -18.81 -18.62 -18.41 -18.22 -18.00 -17.81 -17.66 -17.47 -17.31 -17.16 -17.03 -16.91 -16.78 -16.69 -16.59 -16.50 -16.34 -16.19 -16.09 -16.06 -16.03 -15.97 -15.75 -15.25 -14.78 -14.81 -15.19 -15.75 -16.38 -16.69 -16.81 -16.94 -16.97 -16.81 -16.31 -15.69 -15.06 -14.50 -14.28 -14.19 -13.88 -13.47 -13.28 -13.03 -12.69 -13.34 -14.06 -14.50 -14.94 -16.03 -16.75 -16.97 -16.91 -17.31 -17.47 -17.09 -18.16 -19.31 -19.34 -19.22 -20.38 -21.44 -21.72 -21.09 -23.06
-20.06 -19.84 -19.66 -19.44 -19.22 -19.00 -18.81 -18.59 -18.41 -18.22 -18.03 -17.84 -17.69 -17.53 -17.38 -17.25 -17.12 -17.00 -16.91 -16.81 -16.75 -16.75 -16.88 -16.66 -16.41 -16.31 -16.19 -16.09 -16.06 -16.16 -16.00 -16.06 -16.38 -16.81 -17.34 -17.56 -17.56 -17.69 -17.72 -17.59 -17.34 -16.91 -16.44 -16.19 -15.91 -15.72 -15.34 -14.78 -14.34 -14.19 -14.03 -14.44 -14.91 -15.09 -15.38 -16.38 -17.19 -17.88 -18.25 -19.16 -19.12 -19.03 -19.47 -20.56 -21.16 -21.22 -22.00 -22.31 -22.38 -22.84 -23.06
-20.03 -19.81 -19.59 -19.41 -19.19 -19.00 -18.78 -18.59 -18.41 -18.22 -18.03 -17.88 -17.72 -17.56 -17.44 -17.34 -17.22 -17.12 -17.03 -16.97 -16.91 -16.97 -17.19 -17.28 -16.94 -16.62 -16.31 -16.12 -16.16 -16.53 -17.16 -17.44 -17.62 -17.91 -18.28 -18.50 -18.41 -18.41 -18.50 -18.53 -18.47 -18.19 -18.03 -18.03 -17.75 -17.22 -17.09 -16.47 -15.75 -15.34 -15.38 -15.69 -15.66 -15.50 -15.94 -16.62 -17.53 -18.66 -19.50 -20.28 -20.34 -19.78 -20.50 -21.44 -21.94 -22.97 -23.53 -22.94 -23.22 -24.50 -24.97
-20.00 -19.78 -19.56 -19.38 -19.16 -18.97 -18.75 -18.56 -18.38 -18.22 -18.03 -17.88 -17.75 -17.62 -17.50 -17.41 -17.31 -17.25 -17.19 -17.16 -17.12 -17.19 -17.38 -17.53 -17.44 -16.91 -16.44 -16.12 -16.12 -16.75 -17.72 -18.66 -19.06 -19.25 -19.34 -19.38 -19.31 -19.25 -19.38 -19.47 -19.47 -19.44 -19.59 -19.56 -19.09 -18.56 -18.59 -18.25 -17.50 -16.91 -16.66 -16.69 -16.38 -16.16 -16.72 -17.25 -18.16 -18.94 -19.97 -21.00 -20.97 -20.25 -20.72 -22.06 -21.88 -22.34 -22.59 -22.97 -24.12 -24.97 -24.69
-19.94 -19.75 -19.53 -19.34 -19.16 -18.94 -18.75 -18.56 -18.38 -18.22 -18.03 -17.91 -17.75 -17.66 -17.53 -17.47 -17.41 -17.38 -17.34 -17.34 -17.38 -17.41 -17.38 -17.59 -17.59 -17.28 -16.59 -16.16 -16.38 -17.06 -18.09 -19.28 -20.22 -20.69 -20.62 -20.38 -20.25 -20.28 -20.41 -20.50 -20.53 -20.59 -20.78 -20.75 -20.38 -19.81 -19.75 -19.91 -19.25 -18.59 -17.94 -17.50 -17.03 -17.25 -17.84 -18.12 -18.75 -19.16 -20.16 -21.09 -20.78 -20.41 -20.25 -20.97 -20.81 -21.56 -23.34 -23.50 -24.03 -25.00 -25.94
-19.91 -19.72 -19.53 -19.31 -19.12 -18.91 -18.72 -18.53 -18.38 -18.19 -18.03 -17.91 -17.78 -17.66 -17.56 -17.50 -17.47 -17.44 -17.47 -17.50 -17.53 -17.59 -17.53 -17.69 -17.84 -17.62 -17.09 -16.75 -17.06 -17.75 -18.56 -19.72 -20.72 -21.38 -21.66 -21.53 -21.41 -21.31 -21.41 -21.59 -21.69 -21.78 -21.78 -21.91 -21.72 -21.22 -21.16 -21.31 -21.06 -20.25 -19.38 -18.75 -18.22 -18.62 -19.12 -19.59 -19.88 -20.41 -20.72 -20.97 -21.50 -20.38 -21.00 -21.34 -21.69 -21.59 -22.38 -24.03 -25.16 -25.62 -26.34
-19.88 -19.69 -19.50 -19.28 -19.09 -18.91 -18.72 -18.53 -18.34 -18.19 -18.03 -17.91 -17.78 -17.69 -17.59 -17.53 -17.50 -17.50 -17.56 -17.62 -17.62 -17.69 -17.81 -17.94 -18.03 -18.03 -18.00 -18.03 -18.47 -18.91 -19.47 -20.19 -21.06 -21.81 -22.28 -22.69 -22.69 -22.34 -22.44 -22.69 -22.91 -22.88 -22.75 -22.94 -23.00 -22.84 -22.66 -22.78 -22.66 -22.00 -21.28 -20.81 -20.09 -20.16 -20.56 -20.97 -21.38 -21.69 -21.81 -21.81 -22.09 -21.78 -22.03 -22.28 -21.66 -22.31 -22.72 -22.97 -24.25 -25.94 -27.53
-19.84 -19.66 -19.47 -19.28 -19.06 -18.88 -18.69 -18.53 -18.34 -18.19 -18.03 -17.91 -17.78 -17.66 -17.59 -17.53 -17.53 -17.53 -17.62 -17.72 -17.66 -17.62 -17.88 -18.12 -18.28 -18.38 -18.69 -19.28 -19.94 -20.50 -20.78 -21.06 -21.62 -22.34 -22.88 -23.25 -23.44 -23.34 -23.44 -23.78 -24.09 -24.09 -23.75 -23.66 -24.03 -24.16 -23.94 -23.88 -23.75 -23.44 -23.19 -22.75 -22.00 -21.22 -21.91 -22.47 -22.31 -22.00 -21.41 -22.81 -22.97 -22.59 -22.75 -22.50 -23.16 -22.62 -22.62 -24.41 -26.31 -26.88 -28.28
-19.81 -19.62 -19.44 -19.25 -19.06 -18.88 -18.69 -18.50 -18.34 -18.19 -18.03 -17.88 -17.75 -17.66 -17.56 -17.50 -17.50 -17.50 -17.59 -17.75 -17.72 -17.72 -18.03 -18.53 -18.75 -18.75 -19.00 -19.62 -20.44 -21.25 -22.03 -22.25 -22.44 -22.88 -23.31 -23.66 -23.84 -23.97 -24.56 -25.09 -25.53 -25.56 -25.12 -24.88 -25.00 -25.31 -25.19 -24.66 -24.56 -24.38 -24.53 -24.28 -23.44 -22.84 -23.09 -23.66 -23.16 -23.53 -23.91 -24.22 -24.53 -23.69 -24.00 -24.38 -22.94 -23.34 -24.94 -26.22 -28.03 -28.03 -29.12
-19.81 -19.62 -19.44 -19.25 -19.03 -18.84 -18.69 -18.50 -18.31 -18.16 -18.00 -17.88 -17.75 -17.62 -17.53 -17.47 -17.44 -17.44 -17.53 -17.72 -17.84 -17.88 -18.25 -18.84 -19.19 -19.25 -19.25 -19.72 -20.50 -21.38 -22.25 -23.09 -23.38 -23.62 -23.94 -24.06 -24.22 -24.47 -25.19 -26.22 -26.72 -26.97 -26.69 -26.44 -26.31 -26.25 -26.19 -25.44 -25.16 -25.38 -25.41 -25.44 -24.56 -24.34 -24.75 -24.69 -24.47 -24.59 -24.62 -25.38 -25.22 -25.81 -24.81 -25.16 -25.16 -26.06 -25.66 -27.44 -29.47 -29.75 -30.59
-19.78 -19.59 -19.41 -19.22 -19.03 -18.84 -18.66 -18.50 -18.31 -18.16 -18.00 -17.88 -17.72 -17.59 -17.50 -17.41 -17.34 -17.31 -17.34 -17.50 -17.66 -17.78 -18.12 -18.75 -19.31 -19.47 -19.59 -20.06 -20.66 -21.31 -22.16 -23.25 -24.22 -24.62 -24.81 -24.75 -24.84 -25.16 -25.88 -26.91 -27.53 -27.91 -28.25 -28.19 -27.88 -27.59 -27.31 -26.62 -26.59 -26.47 -26.59 -26.38 -26.09 -26.16 -25.84 -26.22 -25.59 -25.47 -25.03 -25.56 -26.28 -26.72 -27.53 -27.72 -26.53 -27.34 -27.09 -28.41 -30.38 -30.25 -31.00
-19.78 -19.59 -19.41 -19.22 -19.03 -18.84 -18.69 -18.50 -18.34 -18.16 -18.00 -17.84 -17.72 -17.59 -17.47 -17.34 -17.22 -17.12 -17.06 -17.06 -17.28 -17.50 -17.78 -18.41 -19.03 -19.47 -19.75 -20.22 -20.78 -21.34 -22.12 -23.19 -24.38 -25.28 -25.53 -25.53 -25.78 -26.12 -26.78 -27.47 -27.97 -28.53 -29.06 -29.34 -29.47 -29.09 -28.50 -28.09 -27.94 -27.94 -28.38 -28.56 -28.22 -27.66 -27.44 -26.56 -26.19 -26.06 -26.31 -27.00 -27.78 -28.97 -29.06 -28.78 -28.75 -29.22 -28.56 -29.06 -29.91 -30.75 -31.50
-19.75 -19.59 -19.41 -19.22 -19.03 -18.88 -18.69 -18.50 -18.34 -18.19 -18.03 -17.88 -17.72 -17.56 -17.44 -17.28 -17.12 -16.97 -16.72 -16.75 -17.03 -17.16 -17.44 -18.00 -18.69 -19.22 -19.53 -20.00 -20.62 -21.28 -22.03 -23.12 -24.22 -25.03 -25.50 -25.84 -26.31 -26.88 -27.47 -28.03 -28.53 -29.03 -29.44 -29.88 -30.34 -30.56 -30.19 -29.78 -29.88 -29.72 -30.22 -30.25 -29.59 -29.09 -28.75 -28.06 -27.31 -27.59 -28.12 -28.31 -29.53 -30.38 -30.22 -31.00 -30.34 -30.19 -29.94 -30.75 -30.94 -31.88 -32.00
-19.75 -19.59 -19.41 -19.25 -19.06 -18.88 -18.69 -18.53 -18.34 -18.19 -18.03 -17.88 -17.72 -17.59 -17.44 -17.28 -17.09 -16.81 -16.53 -16.72 -16.84 -16.81 -17.16 -17.78 -18.41 -18.88 -19.16 -19.56 -20.09 -20.88 -21.88 -23.03 -23.97 -24.66 -25.19 -25.72 -26.28 -26.91 -27.59 -28.22 -28.94 -29.56 -30.03 -30.50 -30.84 -31.03 -31.19 -31.19 -31.47 -31.94 -31.75 -31.59 -31.22 -30.31 -30.38 -29.78 -28.69 -29.28 -30.03 -30.62 -31.09 -29.97 -31.44 -31.91 -31.81 -31.03 -31.22 -31.50 -32.88 -33.53 -32.97
