everonasctiles/Tile13,16.asc
ncols 128
nrows 128
xllcorner 0
yllcorner 0
cellsize 2.0
NODATA_value  -9999
[rows 33 to 65 of 128, columns 0 to 73 of 128]
94.66 94.59 94.47 94.44 94.53 94.56 94.47 94.00 94.28 94.09 94.31 94.50 94.66 94.81 95.00 95.12 94.91 95.06 95.16 95.28 95.47 95.75 95.94 96.34 96.66 97.03 97.47 97.88 98.28 98.75 99.22 99.72 100.16 100.66 101.09 101.59 102.06 102.50 102.97 103.41 103.88 104.31 104.78 105.25 105.69 106.12 106.62 107.03 107.56 108.00 108.44 108.94 109.38 109.88 110.31 110.84 111.28 111.53 112.12 112.62 113.16 113.53 113.97 114.31 114.62 114.91 115.16 115.41 115.59 115.78 116.00 116.22 116.53 116.84
94.22 94.12 94.06 94.03 94.16 94.12 94.16 93.91 93.59 93.84 94.09 94.25 94.41 94.56 94.72 94.62 94.59 94.72 94.81 94.97 95.16 95.62 95.88 96.12 96.41 96.84 97.25 97.62 98.03 98.50 99.00 99.41 99.88 100.31 100.78 101.22 101.66 102.12 102.56 103.03 103.50 103.94 104.44 104.84 105.31 105.75 106.16 106.69 107.12 107.56 108.09 108.50 109.00 109.44 109.94 110.38 110.72 111.28 111.84 112.38 112.81 113.25 113.66 114.03 114.34 114.62 114.88 115.09 115.31 115.53 115.72 116.00 116.28 116.62
93.78 93.72 93.69 93.75 93.75 93.81 93.75 93.38 93.38 93.66 93.84 94.00 94.16 94.34 94.34 94.22 94.28 94.38 94.50 94.69 94.94 95.28 95.53 95.88 96.31 96.66 96.97 97.38 97.84 98.25 98.66 99.12 99.56 100.03 100.44 100.88 101.34 101.75 102.19 102.69 103.12 103.56 104.00 104.47 104.91 105.31 105.81 106.25 106.66 107.19 107.62 108.06 108.53 109.03 109.50 109.75 110.44 111.00 111.56 112.00 112.50 112.94 113.38 113.75 114.06 114.34 114.59 114.81 115.03 115.22 115.47 115.75 116.09 116.44
93.38 93.34 93.34 93.41 93.31 93.44 93.41 92.88 93.25 93.41 93.59 93.75 93.91 94.00 93.84 93.88 93.94 94.09 94.25 94.44 94.72 94.97 95.41 95.78 96.06 96.38 96.81 97.19 97.56 97.97 98.41 98.84 99.34 99.69 100.12 100.53 100.97 101.44 101.88 102.31 102.75 103.22 103.62 104.06 104.50 104.97 105.44 105.81 106.31 106.75 107.19 107.69 108.16 108.56 108.84 109.53 110.12 110.69 111.19 111.69 112.16 112.62 113.06 113.44 113.75 114.03 114.28 114.53 114.72 114.94 115.16 115.47 115.72 116.16
92.97 92.91 92.91 92.88 92.97 92.94 92.66 92.78 93.00 93.16 93.34 93.50 93.66 93.50 93.44 93.50 93.66 93.81 94.03 94.25 94.56 94.97 95.28 95.56 95.91 96.22 96.59 96.91 97.44 97.81 98.19 98.59 98.94 99.38 99.78 100.25 100.66 101.09 101.50 101.94 102.38 102.81 103.25 103.66 104.12 104.56 104.97 105.44 105.94 106.31 106.81 107.25 107.69 108.00 108.69 109.25 109.81 110.34 110.84 111.38 111.88 112.34 112.72 113.09 113.41 113.72 113.94 114.22 114.38 114.62 114.91 115.22 115.50 115.81
92.53 92.50 92.50 92.50 92.56 92.44 92.28 92.59 92.75 92.94 93.09 93.25 93.19 93.03 93.09 93.19 93.38 93.59 93.81 94.09 94.44 94.78 95.06 95.38 95.69 95.97 96.31 96.72 97.09 97.47 97.88 98.25 98.66 99.06 99.50 99.91 100.34 100.78 101.22 101.59 102.03 102.44 102.84 103.31 103.75 104.19 104.56 105.09 105.50 105.91 106.41 106.81 107.16 107.78 108.31 108.88 109.47 109.94 110.53 111.06 111.56 112.00 112.38 112.72 113.06 113.34 113.62 113.84 114.09 114.34 114.62 114.91 115.28 115.56
92.12 92.06 92.09 92.12 92.16 91.88 92.16 92.34 92.50 92.69 92.84 92.91 92.69 92.66 92.75 92.91 93.12 93.38 93.62 93.94 94.28 94.56 94.88 95.12 95.44 95.75 96.12 96.47 96.81 97.19 97.56 98.06 98.38 98.81 99.16 99.62 100.03 100.47 100.81 101.25 101.66 102.09 102.50 102.94 103.38 103.72 104.22 104.62 105.03 105.53 105.97 106.28 106.91 107.44 107.94 108.50 109.03 109.66 110.22 110.75 111.19 111.66 112.00 112.34 112.66 112.97 113.22 113.50 113.75 113.97 114.34 114.75 115.16 115.53
91.62 91.69 91.69 91.75 91.59 91.72 91.94 92.09 92.25 92.44 92.56 92.38 92.28 92.34 92.47 92.66 92.91 93.19 93.47 93.81 94.09 94.38 94.62 94.91 95.22 95.53 95.88 96.19 96.59 96.94 97.34 97.69 98.06 98.47 98.94 99.38 99.72 100.12 100.53 100.94 101.31 101.72 102.16 102.56 102.94 103.41 103.84 104.28 104.72 105.16 105.47 106.03 106.50 107.00 107.56 108.12 108.75 109.31 109.88 110.34 110.84 111.25 111.62 111.94 112.25 112.53 112.81 113.12 113.38 113.66 114.12 114.53 115.09 115.59
91.22 91.22 91.34 91.25 91.25 91.56 91.69 91.84 92.00 92.16 92.12 91.97 92.00 92.09 92.25 92.44 92.72 92.97 93.28 93.59 93.88 94.06 94.38 94.72 94.94 95.31 95.62 95.97 96.31 96.72 97.00 97.53 97.78 98.22 98.66 99.00 99.41 99.81 100.19 100.56 100.97 101.34 101.75 102.16 102.59 103.03 103.44 103.84 104.28 104.59 105.25 105.59 106.19 106.66 107.19 107.78 108.34 108.88 109.47 109.94 110.41 110.84 111.16 111.47 111.78 112.09 112.44 112.72 113.03 113.47 113.84 114.59 115.22 115.72
90.91 90.94 90.84 90.81 91.12 91.31 91.44 91.59 91.75 91.78 91.66 91.66 91.75 91.88 92.03 92.25 92.53 92.81 93.09 93.38 93.56 93.88 94.19 94.41 94.97 95.28 95.44 95.75 96.06 96.41 96.81 97.19 97.56 97.94 98.31 98.69 99.06 99.44 99.84 100.25 100.66 101.00 101.47 101.81 102.28 102.66 103.06 103.53 103.84 104.38 104.78 105.31 105.75 106.25 106.78 107.38 107.94 108.44 109.00 109.50 109.97 110.31 110.66 110.97 111.31 111.69 111.97 112.38 112.78 113.22 113.91 114.59 115.06 115.62
90.62 90.56 90.47 90.69 90.91 91.06 91.19 91.34 91.47 91.31 91.25 91.34 91.50 91.66 91.84 92.06 92.38 92.62 92.88 93.06 93.41 93.66 93.91 94.25 94.53 94.88 95.19 95.50 95.84 96.19 96.56 96.91 97.28 97.62 98.00 98.38 98.75 99.22 99.50 99.91 100.28 100.75 101.06 101.53 101.88 102.25 102.69 103.06 103.47 103.91 104.44 104.91 105.38 105.84 106.41 106.91 107.44 108.00 108.50 109.00 109.41 109.81 110.12 110.47 110.84 111.19 111.59 112.09 112.56 113.00 113.81 114.59 115.12 115.53
90.53 90.34 90.25 90.41 90.66 90.81 90.94 91.09 91.06 90.81 90.91 91.06 91.25 91.44 91.66 91.88 92.19 92.38 92.62 92.94 93.19 93.44 93.72 94.03 94.34 94.62 94.94 95.28 95.59 95.94 96.31 96.66 96.97 97.34 97.72 98.09 98.47 98.84 99.22 99.62 99.97 100.34 100.78 101.16 101.47 101.94 102.28 102.69 103.12 103.59 104.06 104.47 104.94 105.44 105.97 106.44 107.00 107.47 108.03 108.44 108.88 109.22 109.56 109.91 110.28 110.75 111.31 111.81 112.19 112.94 113.72 114.44 114.94 115.34
90.41 90.31 90.19 90.12 90.12 90.47 90.69 90.81 90.47 90.38 90.59 90.81 91.03 91.25 91.47 91.69 91.91 92.25 92.47 92.69 92.94 93.22 93.53 93.81 94.12 94.41 94.75 95.03 95.41 95.72 96.06 96.38 96.78 97.09 97.47 97.78 98.19 98.53 98.91 99.25 99.66 100.06 100.41 100.78 101.25 101.53 101.94 102.38 102.78 103.19 103.62 104.06 104.53 105.03 105.50 105.97 106.50 107.00 107.47 107.91 108.34 108.62 109.03 109.38 109.81 110.28 110.97 111.41 111.94 112.72 113.38 114.22 114.69 115.06
90.09 90.25 90.16 90.09 90.06 90.00 90.00 90.03 89.84 90.03 90.34 90.62 90.84 91.06 91.31 91.53 91.75 91.94 92.22 92.47 92.69 93.03 93.31 93.59 93.84 94.22 94.50 94.84 95.12 95.47 95.84 96.16 96.50 96.88 97.19 97.59 97.88 98.28 98.62 99.03 99.38 99.69 100.06 100.53 100.78 101.22 101.59 102.00 102.41 102.81 103.22 103.69 104.09 104.59 105.03 105.56 106.03 106.50 106.97 107.38 107.78 108.12 108.50 108.84 109.34 109.94 110.47 111.06 111.59 112.16 113.09 113.78 114.19 114.66
89.53 89.47 89.91 90.06 90.03 89.97 89.84 89.75 89.78 89.84 90.34 90.50 90.69 90.84 91.12 91.28 91.59 91.81 92.03 92.22 92.56 92.78 93.06 93.38 93.69 94.00 94.31 94.59 94.91 95.28 95.56 95.88 96.28 96.59 96.94 97.25 97.62 98.00 98.38 98.69 99.06 99.38 99.84 100.06 100.50 100.94 101.25 101.69 102.03 102.44 102.84 103.25 103.75 104.16 104.66 105.12 105.56 106.06 106.50 106.88 107.28 107.69 108.00 108.34 108.88 109.25 109.91 110.50 110.88 111.75 112.41 113.22 113.62 113.94
89.06 89.25 89.38 89.53 89.88 89.94 89.81 89.75 89.78 89.78 89.91 90.31 90.47 90.72 90.91 91.09 91.34 91.56 91.81 92.09 92.31 92.59 92.91 93.16 93.50 93.75 94.06 94.41 94.69 95.03 95.31 95.72 96.03 96.34 96.66 97.03 97.41 97.75 98.03 98.38 98.75 99.19 99.44 99.75 100.19 100.56 100.94 101.31 101.72 102.09 102.47 102.91 103.34 103.78 104.25 104.66 105.16 105.59 106.03 106.41 106.84 107.22 107.50 107.91 108.31 108.88 109.38 109.62 110.47 111.16 111.84 112.00 112.84 113.00
88.84 89.00 89.09 89.22 89.34 89.47 89.12 89.66 89.78 89.78 89.75 89.94 90.28 90.47 90.72 90.94 91.19 91.41 91.59 91.81 92.16 92.44 92.69 93.00 93.25 93.59 93.88 94.19 94.50 94.81 95.16 95.50 95.78 96.12 96.47 96.81 97.12 97.44 97.84 98.16 98.56 98.72 99.12 99.56 99.88 100.22 100.69 101.06 101.34 101.72 102.16 102.56 102.97 103.38 103.84 104.28 104.75 105.19 105.59 106.03 106.47 106.81 107.12 107.47 107.91 108.31 108.72 109.31 109.84 110.31 110.94 111.50 111.78 112.66
88.62 88.75 88.84 88.97 89.09 88.88 88.62 89.12 89.62 89.75 89.72 89.69 89.97 90.28 90.56 90.72 90.94 91.09 91.41 91.69 91.97 92.16 92.50 92.75 93.06 93.38 93.66 93.97 94.31 94.62 94.94 95.22 95.56 95.84 96.22 96.56 96.88 97.25 97.50 97.88 98.19 98.59 98.91 99.22 99.72 99.97 100.31 100.66 101.09 101.44 101.81 102.22 102.62 103.06 103.50 103.94 104.34 104.78 105.25 105.62 106.12 106.34 106.78 107.19 107.53 107.88 108.31 108.88 109.31 109.59 110.09 110.75 111.25 111.69
88.38 88.47 88.56 88.66 88.72 88.34 88.62 89.00 89.31 89.72 89.69 89.66 89.62 89.75 90.25 90.41 90.66 91.00 91.25 91.50 91.69 92.03 92.28 92.59 92.91 93.16 93.47 93.75 94.06 94.38 94.66 95.03 95.34 95.69 96.03 96.28 96.66 96.97 97.28 97.66 98.03 98.31 98.75 98.94 99.31 99.66 100.00 100.38 100.72 101.19 101.53 101.88 102.31 102.75 103.16 103.53 103.94 104.44 104.78 105.34 105.66 106.16 106.53 106.88 107.12 107.50 107.91 108.22 108.50 108.94 109.44 109.94 110.28 110.53
88.16 88.22 88.28 88.38 88.38 88.00 88.62 88.97 89.06 89.31 89.66 89.62 89.62 89.66 89.78 89.94 90.38 90.75 91.00 91.25 91.53 91.84 92.12 92.38 92.62 92.97 93.28 93.59 93.88 94.19 94.53 94.84 95.16 95.47 95.75 96.12 96.38 96.59 96.94 97.25 97.53 97.84 98.19 98.59 98.94 99.34 99.69 100.03 100.44 100.81 101.19 101.59 102.00 102.41 102.78 103.25 103.62 103.97 104.53 104.94 105.50 105.88 106.19 106.53 106.81 106.94 107.25 107.69 108.28 108.81 109.34 109.84 110.25 110.53
87.88 87.94 88.00 88.06 87.94 88.16 88.50 88.72 88.81 88.97 89.16 89.44 89.66 89.69 89.84 89.97 90.16 90.34 90.53 90.81 91.16 91.47 91.78 92.06 92.41 92.66 92.94 93.22 93.53 93.81 94.09 94.41 94.78 95.06 95.41 95.75 96.09 96.41 96.72 97.03 97.34 97.66 97.97 98.25 98.53 98.84 99.16 99.56 100.03 100.50 100.88 101.31 101.69 102.09 102.47 102.78 103.31 103.91 104.31 104.78 105.16 105.56 105.81 106.16 106.28 106.59 107.00 107.50 108.09 108.75 109.25 109.75 110.22 110.47
87.62 87.66 87.69 87.72 87.72 88.22 88.22 88.47 88.66 88.72 88.50 88.81 89.38 89.69 89.88 90.03 90.22 90.41 90.59 90.84 91.09 91.34 91.66 91.94 92.22 92.50 92.81 93.12 93.41 93.72 94.03 94.34 94.66 95.03 95.38 95.69 96.03 96.38 96.72 97.03 97.34 97.66 97.97 98.28 98.59 98.91 99.19 99.50 99.81 100.12 100.44 100.81 101.28 101.66 102.12 102.62 103.16 103.66 104.16 104.47 104.91 105.16 105.41 105.66 106.00 106.34 106.75 107.19 107.81 108.03 108.31 108.78 109.22 109.69
87.34 87.38 87.41 87.41 87.56 87.88 88.09 88.16 88.34 88.34 88.22 88.81 88.88 89.12 89.47 89.84 90.22 90.44 90.62 90.88 91.12 91.38 91.66 91.94 92.22 92.50 92.81 93.09 93.41 93.72 94.03 94.34 94.66 94.97 95.31 95.66 95.97 96.28 96.62 96.91 97.22 97.59 97.94 98.25 98.66 98.97 99.25 99.56 99.88 100.19 100.50 100.81 101.19 101.53 101.91 102.28 102.69 103.06 103.44 103.84 104.22 104.69 105.12 105.47 105.78 106.12 106.44 106.78 107.06 107.53 107.88 108.22 108.72 109.16
87.09 87.12 87.12 87.09 87.38 87.72 87.88 88.03 88.16 87.84 88.41 88.44 88.72 88.97 89.19 89.50 89.75 90.00 90.34 90.69 91.03 91.31 91.56 91.88 92.12 92.44 92.72 93.00 93.28 93.56 93.91 94.16 94.47 94.72 95.00 95.28 95.59 95.91 96.22 96.53 96.84 97.16 97.44 97.78 98.12 98.47 98.91 99.41 99.88 100.25 100.56 100.88 101.22 101.59 101.94 102.31 102.69 103.06 103.44 103.84 104.22 104.59 105.00 105.28 105.59 105.78 106.00 106.34 106.81 107.16 107.44 107.78 108.16 108.47
86.84 86.84 86.81 86.78 87.25 87.53 87.56 87.78 87.66 87.75 88.06 88.19 88.53 88.66 88.97 89.25 89.53 89.81 90.09 90.38 90.62 90.94 91.25 91.50 91.81 92.06 92.38 92.69 92.97 93.25 93.53 93.84 94.16 94.47 94.78 95.09 95.41 95.72 96.03 96.34 96.59 96.94 97.25 97.56 97.91 98.22 98.53 98.91 99.31 99.66 100.19 100.56 101.03 101.53 101.91 102.31 102.72 103.09 103.47 103.81 104.22 104.53 104.88 104.97 105.16 105.44 105.66 106.09 106.47 106.78 107.09 107.41 107.69 107.94
86.59 86.59 86.56 86.53 87.06 87.25 87.38 87.41 87.22 87.50 87.78 88.09 88.25 88.50 88.75 89.03 89.34 89.62 89.91 90.12 90.44 90.72 91.00 91.25 91.56 91.88 92.12 92.44 92.72 93.00 93.31 93.66 93.97 94.28 94.56 94.91 95.22 95.53 95.84 96.16 96.47 96.75 97.06 97.38 97.69 98.03 98.34 98.72 99.03 99.41 99.75 100.25 100.69 101.06 101.47 101.88 102.31 102.75 103.12 103.47 103.81 104.12 104.34 104.56 104.84 105.03 105.41 105.75 106.09 106.44 106.72 107.03 107.25 107.53
86.34 86.34 86.31 86.31 86.78 86.94 87.03 86.75 87.09 87.44 87.62 87.78 88.09 88.28 88.53 88.81 89.16 89.44 89.66 89.97 90.25 90.50 90.78 91.09 91.38 91.66 91.94 92.19 92.50 92.81 93.16 93.44 93.78 94.06 94.38 94.72 95.03 95.34 95.66 95.94 96.28 96.59 96.91 97.22 97.53 97.84 98.12 98.47 98.91 99.19 99.62 99.97 100.44 100.81 101.19 101.53 102.00 102.28 102.88 103.22 103.41 103.88 104.06 104.22 104.50 104.84 105.16 105.47 105.72 106.03 106.34 106.66 106.91 107.16
86.09 86.09 86.06 86.03 86.50 86.66 86.59 86.44 87.06 87.03 87.41 87.69 87.88 88.06 88.38 88.69 88.97 89.16 89.47 89.75 90.03 90.31 90.59 90.88 91.16 91.47 91.72 92.03 92.38 92.69 92.94 93.25 93.56 93.91 94.25 94.53 94.84 95.16 95.50 95.81 96.12 96.44 96.75 97.03 97.38 97.69 98.00 98.38 98.69 99.09 99.47 99.78 100.03 100.50 100.88 101.19 101.69 102.16 102.62 102.84 103.19 103.50 103.69 103.94 104.25 104.53 104.72 105.06 105.41 105.69 106.03 106.28 106.53 106.78
85.84 85.84 85.81 85.81 86.16 86.38 86.12 86.62 86.62 87.00 87.22 87.41 87.56 87.88 88.22 88.50 88.69 89.03 89.28 89.56 89.81 90.06 90.34 90.69 90.94 91.25 91.53 91.84 92.16 92.44 92.78 93.09 93.44 93.72 94.03 94.41 94.72 95.03 95.34 95.66 95.94 96.28 96.56 96.94 97.25 97.56 97.88 98.16 98.53 98.91 99.16 99.47 99.88 100.19 100.59 101.03 101.44 101.78 102.34 102.72 102.94 103.22 103.38 103.69 103.94 104.19 104.47 104.72 105.06 105.38 105.69 105.91 106.16 106.41
85.62 85.59 85.56 85.53 85.78 85.97 86.03 86.34 86.38 86.66 86.91 87.12 87.47 87.72 88.03 88.19 88.53 88.78 89.03 89.31 89.56 89.91 90.19 90.44 90.72 91.06 91.38 91.69 92.00 92.31 92.62 92.97 93.25 93.56 93.94 94.25 94.53 94.84 95.16 95.50 95.84 96.16 96.44 96.78 97.09 97.41 97.72 98.09 98.44 98.62 98.97 99.31 99.72 100.06 100.44 100.78 101.22 101.66 102.09 102.41 102.59 102.94 103.22 103.47 103.62 103.94 104.19 104.47 104.72 105.03 105.31 105.56 105.81 106.03
85.41 85.38 85.34 85.28 85.38 85.84 85.69 86.06 86.19 86.44 86.53 86.94 87.25 87.50 87.72 88.00 88.28 88.50 88.81 89.03 89.38 89.66 89.91 90.22 90.56 90.91 91.19 91.47 91.78 92.16 92.50 92.75 93.09 93.47 93.78 94.06 94.41 94.72 95.06 95.41 95.69 96.00 96.34 96.66 97.00 97.34 97.59 97.94 98.19 98.56 98.81 99.16 99.50 99.94 100.31 100.72 101.09 101.44 101.78 102.09 102.41 102.69 102.94 103.19 103.41 103.66 103.91 104.19 104.47 104.72 105.00 105.25 105.47 105.72
85.16 85.12 85.09 85.06 85.06 85.38 85.50 85.78 85.94 85.94 86.47 86.69 86.97 87.22 87.41 87.72 88.00 88.28 88.50 88.88 89.12 89.44 89.72 90.06 90.34 90.62 91.00 91.34 91.62 92.00 92.28 92.69 93.00 93.28 93.59 93.94 94.28 94.62 94.88 95.22 95.53 95.91 96.25 96.56 96.94 97.25 97.53 97.75 98.09 98.34 98.75 99.09 99.44 99.78 100.16 100.50 100.84 101.25 101.66 101.97 102.22 102.44 102.66 102.91 103.16 103.41 103.66 103.91 104.19 104.44 104.69 104.94 105.16 105.38
84.94 84.91 84.88 84.84 84.81 85.06 85.31 85.50 85.59 85.97 86.19 86.47 86.66 86.72 87.12 87.47 87.72 87.94 88.31 88.59 88.88 89.19 89.56 89.84 90.19 90.53 90.88 91.19 91.56 91.84 92.22 92.50 92.84 93.16 93.53 93.81 94.16 94.41 94.78 95.09 95.50 95.84 96.16 96.50 96.78 97.12 97.38 97.66 97.97 98.28 98.59 98.94 99.28 99.62 99.94 100.31 100.72 101.16 101.50 101.81 101.94 102.16 102.41 102.66 102.91 103.16 103.41 103.66 103.91 104.16 104.41 104.62 104.84 105.06
