everonasctiles/Tile[32,42].asc
ncols 128
nrows 128
xllcorner 0
yllcorner 0
cellsize 2.0
NODATA_value  -9999
[rows 64 to 95 of 128, columns 0 to 70 of 128]
-26.72 -25.91 -25.25 -24.94 -25.12 -24.75 -24.47 -23.62 -23.84 -24.62 -24.94 -24.81 -24.28 -23.25 -22.94 -24.06 -24.50 -24.53 -24.41 -24.47 -24.53 -24.69 -25.09 -25.47 -25.56 -25.53 -25.50 -25.34 -24.44 -24.09 -23.62 -23.06 -21.50 -20.88 -20.81 -20.81 -20.97 -20.81 -20.88 -20.50 -19.97 -19.66 -18.91 -19.34 -19.62 -20.03 -19.94 -19.84 -19.22 -19.69 -20.62 -21.75 -22.12 -22.25 -22.38 -23.06 -23.47 -23.59 -23.38 -23.12 -22.81 -22.53 -22.16 -21.72 -21.09 -20.75 -20.28 -19.34 -18.66 -18.28 -17.22
-26.00 -25.66 -24.91 -24.91 -24.69 -23.84 -23.44 -23.53 -23.72 -24.59 -25.31 -25.50 -25.53 -25.06 -24.34 -24.66 -24.69 -24.69 -24.66 -24.78 -24.81 -24.97 -25.12 -25.25 -25.66 -25.41 -25.31 -25.31 -24.53 -24.19 -23.78 -23.28 -22.31 -21.66 -21.41 -21.44 -20.62 -20.44 -20.56 -21.12 -20.44 -19.69 -19.59 -19.81 -20.06 -20.06 -20.38 -20.53 -19.00 -18.69 -19.72 -21.19 -22.09 -22.84 -23.06 -23.59 -23.69 -23.72 -23.69 -23.44 -23.25 -22.12 -21.72 -21.31 -20.75 -20.22 -19.50 -18.50 -18.03 -17.72 -16.81
-25.22 -24.50 -23.78 -23.69 -23.31 -22.69 -22.72 -23.28 -23.75 -23.94 -24.97 -25.47 -25.88 -26.00 -25.44 -25.28 -24.78 -24.91 -25.06 -25.16 -25.19 -25.34 -25.31 -25.34 -25.38 -25.00 -25.00 -25.31 -24.53 -24.25 -23.88 -23.44 -23.16 -22.25 -21.84 -21.50 -21.09 -20.69 -20.62 -20.50 -20.28 -19.84 -19.81 -20.25 -20.34 -20.78 -21.41 -21.12 -20.06 -18.50 -18.66 -19.00 -20.56 -21.97 -23.47 -23.59 -23.69 -23.72 -23.69 -23.62 -23.38 -22.66 -22.09 -21.38 -20.66 -19.91 -19.25 -18.59 -17.91 -17.22 -16.22
-25.19 -24.06 -23.41 -23.09 -23.12 -23.06 -23.62 -24.00 -23.56 -23.38 -23.62 -24.22 -25.53 -26.19 -25.94 -25.44 -25.22 -25.12 -25.34 -25.50 -25.47 -25.59 -25.66 -25.50 -25.25 -24.97 -24.75 -24.97 -24.56 -24.31 -24.00 -23.56 -23.09 -22.56 -21.94 -21.31 -20.78 -20.75 -20.66 -20.22 -20.34 -19.94 -20.00 -20.44 -20.84 -21.59 -21.56 -21.88 -20.97 -19.84 -19.25 -19.12 -20.03 -21.50 -23.12 -23.62 -23.62 -23.72 -23.69 -23.53 -22.81 -22.06 -21.69 -21.06 -20.22 -19.69 -18.97 -18.28 -17.62 -16.94 -16.31
-24.38 -23.31 -23.25 -22.44 -22.31 -23.75 -24.19 -24.81 -25.09 -23.94 -24.09 -24.31 -25.28 -26.59 -26.31 -25.88 -25.75 -25.59 -25.78 -25.81 -25.78 -25.78 -25.91 -25.66 -25.31 -25.00 -25.03 -25.06 -24.66 -24.38 -24.03 -23.56 -23.25 -22.81 -21.84 -20.84 -20.28 -20.06 -20.06 -20.12 -20.38 -20.44 -20.62 -20.97 -21.25 -22.03 -22.12 -21.72 -21.28 -20.69 -20.19 -20.56 -21.47 -22.06 -23.19 -23.62 -23.66 -23.66 -23.59 -22.94 -22.44 -21.81 -21.12 -20.41 -19.78 -19.19 -18.75 -18.00 -17.31 -16.62 -15.69
-23.44 -23.47 -22.94 -22.88 -23.38 -23.62 -24.69 -25.06 -25.88 -25.62 -24.97 -24.81 -25.41 -26.75 -26.88 -26.47 -26.38 -26.03 -26.12 -26.06 -25.97 -25.97 -26.03 -25.69 -25.47 -25.34 -25.38 -25.53 -24.97 -24.41 -24.03 -23.53 -23.09 -22.53 -21.38 -20.56 -20.00 -19.53 -19.12 -19.47 -19.59 -19.94 -20.47 -21.00 -21.22 -22.16 -22.09 -21.72 -21.53 -21.25 -21.19 -21.62 -22.09 -22.25 -23.12 -23.41 -23.47 -23.16 -22.91 -22.50 -22.22 -21.47 -20.44 -19.53 -19.16 -18.53 -18.16 -17.56 -17.00 -16.28 -15.38
-23.06 -22.38 -23.50 -23.91 -24.44 -25.00 -24.97 -26.09 -26.44 -26.28 -26.56 -26.38 -26.16 -27.03 -27.22 -26.94 -26.81 -26.53 -26.41 -26.31 -26.28 -26.25 -26.25 -25.81 -25.66 -25.47 -25.19 -25.56 -24.88 -24.38 -23.94 -23.41 -22.91 -22.38 -21.38 -20.78 -20.34 -19.75 -19.34 -19.16 -19.22 -19.41 -19.84 -20.50 -20.81 -20.94 -21.09 -20.84 -21.22 -21.28 -21.34 -21.84 -22.22 -22.53 -22.84 -22.94 -22.41 -22.31 -22.41 -21.91 -21.44 -20.97 -19.62 -18.94 -18.59 -18.09 -17.62 -17.06 -16.47 -15.91 -15.00
-22.78 -23.03 -24.00 -24.62 -24.66 -25.97 -26.59 -26.88 -27.12 -27.16 -27.28 -27.56 -27.38 -27.47 -27.66 -27.50 -27.28 -27.00 -26.62 -26.47 -26.44 -26.28 -26.38 -25.78 -25.62 -25.41 -25.16 -25.12 -24.84 -24.16 -23.62 -23.09 -22.59 -22.12 -21.56 -20.91 -20.16 -19.62 -18.91 -18.22 -17.84 -18.34 -19.22 -19.66 -19.50 -18.88 -19.31 -20.22 -21.00 -21.31 -21.53 -21.97 -22.00 -22.28 -22.66 -22.66 -22.50 -22.50 -22.53 -21.88 -21.03 -20.50 -19.66 -18.84 -18.06 -17.50 -17.03 -16.56 -15.94 -15.50 -14.66
-23.78 -23.72 -25.16 -26.06 -26.19 -26.59 -27.69 -27.66 -28.00 -27.81 -28.00 -28.34 -28.31 -28.31 -28.19 -27.78 -27.47 -27.12 -26.78 -26.56 -26.47 -26.38 -26.19 -25.75 -25.53 -25.31 -25.09 -24.84 -24.38 -23.78 -23.25 -22.75 -22.22 -21.59 -21.44 -20.84 -19.22 -18.38 -17.09 -16.41 -16.44 -17.66 -17.81 -18.16 -18.38 -18.09 -18.78 -19.91 -20.53 -21.28 -21.78 -22.03 -22.12 -22.16 -22.09 -22.25 -22.16 -22.03 -22.09 -21.44 -20.91 -20.06 -19.19 -18.59 -18.22 -17.56 -16.81 -15.97 -15.41 -14.97 -14.22
-25.81 -25.31 -26.59 -27.41 -27.59 -27.81 -28.25 -28.62 -28.75 -28.25 -28.62 -28.97 -28.91 -28.81 -28.53 -28.03 -27.62 -27.28 -27.00 -26.66 -26.44 -26.25 -26.06 -25.72 -25.38 -25.16 -24.94 -24.62 -24.16 -23.50 -22.97 -22.44 -21.94 -20.94 -21.31 -20.38 -18.66 -17.44 -16.19 -15.12 -15.25 -16.50 -16.09 -17.16 -18.12 -18.28 -19.22 -20.19 -20.56 -20.84 -21.47 -21.84 -21.88 -22.19 -21.88 -21.81 -22.16 -21.81 -21.34 -21.03 -20.56 -19.81 -18.75 -17.75 -17.12 -16.62 -16.19 -15.69 -15.16 -14.56 -13.84
-27.44 -26.97 -27.62 -28.12 -28.94 -29.22 -29.19 -29.22 -29.22 -29.25 -29.47 -29.41 -29.25 -29.03 -28.69 -28.16 -27.66 -27.38 -27.06 -26.62 -26.41 -26.12 -25.88 -25.56 -25.22 -24.91 -24.59 -24.22 -23.56 -23.25 -22.78 -22.34 -21.78 -20.25 -20.09 -19.78 -18.62 -17.44 -16.84 -16.59 -16.84 -17.41 -16.78 -16.72 -17.88 -18.91 -19.62 -20.22 -20.38 -20.34 -20.81 -21.22 -21.62 -22.25 -22.41 -22.25 -21.81 -21.47 -21.03 -20.59 -20.03 -19.34 -18.38 -17.44 -16.75 -15.97 -15.41 -15.09 -14.59 -13.88 -13.44
-28.56 -28.00 -28.94 -29.69 -29.78 -29.78 -29.91 -29.88 -29.88 -29.78 -29.88 -29.72 -29.44 -29.16 -28.72 -28.28 -27.62 -27.12 -26.78 -26.47 -26.19 -25.94 -25.66 -25.31 -25.00 -24.72 -24.31 -23.88 -23.16 -23.03 -22.56 -22.09 -21.69 -21.16 -20.09 -19.31 -19.09 -18.62 -18.28 -18.00 -17.81 -17.69 -16.97 -17.38 -17.25 -19.09 -19.25 -19.56 -19.78 -19.94 -20.50 -20.91 -21.44 -21.75 -22.34 -21.47 -20.81 -20.78 -20.53 -20.19 -19.56 -18.84 -18.03 -17.25 -16.38 -15.69 -15.25 -14.69 -14.19 -13.84 -12.72
-30.25 -29.78 -30.72 -31.22 -30.78 -30.28 -30.78 -30.62 -30.56 -30.41 -30.09 -29.75 -29.50 -29.12 -28.72 -28.28 -27.47 -26.94 -26.47 -26.22 -25.97 -25.66 -25.44 -25.16 -24.84 -24.53 -24.12 -23.69 -23.19 -22.91 -22.38 -22.00 -21.56 -21.03 -20.38 -20.09 -19.81 -19.66 -19.44 -19.22 -19.06 -18.78 -18.50 -18.44 -18.28 -18.09 -18.84 -18.91 -19.53 -19.75 -20.78 -21.41 -21.53 -21.59 -21.34 -20.72 -20.34 -20.22 -20.03 -19.75 -19.16 -18.41 -17.69 -16.94 -16.28 -15.59 -15.06 -14.41 -13.97 -13.03 -12.66
-31.59 -31.94 -32.09 -32.09 -31.84 -31.19 -31.16 -31.28 -31.03 -30.62 -29.94 -29.41 -29.03 -28.94 -28.38 -27.69 -26.88 -26.59 -26.12 -25.91 -25.75 -25.47 -25.25 -25.03 -24.72 -24.41 -24.00 -23.56 -23.12 -22.88 -22.53 -22.06 -21.66 -21.22 -20.91 -20.53 -20.19 -20.00 -19.62 -19.56 -19.31 -19.09 -18.88 -18.59 -18.53 -18.84 -18.94 -19.28 -19.53 -19.94 -20.50 -20.81 -21.00 -20.91 -20.59 -20.44 -20.12 -19.88 -19.62 -19.41 -18.91 -18.22 -17.47 -16.72 -16.06 -15.53 -15.00 -14.44 -13.94 -12.28 -12.16
-33.59 -33.31 -33.19 -32.94 -32.47 -31.81 -31.22 -31.56 -31.16 -30.69 -30.00 -29.59 -29.03 -28.38 -27.38 -26.53 -26.16 -26.34 -26.06 -25.66 -25.56 -25.25 -25.09 -24.88 -24.66 -24.31 -23.91 -23.53 -23.03 -22.84 -22.53 -22.19 -21.88 -21.59 -21.31 -20.97 -20.69 -20.38 -20.09 -19.84 -19.62 -19.38 -19.03 -18.81 -18.62 -18.72 -18.97 -19.28 -19.44 -19.66 -19.78 -20.12 -20.19 -20.25 -20.25 -20.16 -19.94 -19.66 -19.38 -19.03 -18.69 -17.97 -17.22 -16.88 -16.12 -15.50 -14.97 -13.91 -12.28 -11.59 -12.69
-35.06 -34.62 -34.12 -33.28 -32.50 -32.06 -31.78 -31.19 -31.09 -30.38 -30.06 -29.41 -28.81 -28.03 -25.75 -25.09 -25.66 -25.94 -25.81 -25.62 -25.38 -25.12 -24.84 -24.69 -24.50 -24.19 -23.84 -23.56 -23.12 -23.00 -22.72 -22.44 -22.12 -21.84 -21.56 -21.28 -21.00 -20.66 -20.34 -20.09 -19.84 -19.56 -19.34 -19.12 -18.84 -18.69 -18.88 -19.09 -19.25 -19.41 -19.56 -19.75 -19.84 -19.97 -19.97 -19.88 -19.69 -19.38 -19.09 -18.75 -18.38 -17.94 -17.38 -16.88 -16.22 -15.66 -14.84 -14.03 -13.22 -12.88 -13.16
-35.56 -35.09 -34.44 -33.47 -32.72 -32.31 -31.75 -31.25 -30.84 -30.28 -29.78 -29.12 -28.25 -26.91 -25.62 -25.06 -24.47 -25.56 -25.50 -25.41 -25.12 -24.81 -24.69 -24.66 -24.53 -24.25 -23.94 -23.72 -23.53 -23.28 -23.00 -22.69 -22.41 -22.12 -21.84 -21.56 -21.28 -20.94 -20.62 -20.34 -20.06 -19.78 -19.53 -19.28 -19.09 -18.84 -18.94 -19.09 -19.22 -19.38 -19.50 -19.59 -19.66 -19.69 -19.69 -19.62 -19.47 -19.12 -18.72 -18.47 -18.22 -17.88 -17.34 -16.88 -16.28 -15.66 -14.97 -14.34 -13.62 -13.22 -13.62
-35.72 -34.81 -34.00 -33.28 -32.59 -31.91 -31.44 -30.88 -30.16 -29.81 -28.94 -28.84 -27.72 -26.28 -25.28 -24.56 -24.28 -25.09 -25.25 -25.06 -24.94 -24.84 -24.91 -24.91 -24.78 -24.47 -24.19 -24.03 -23.81 -23.59 -23.31 -23.03 -22.75 -22.47 -22.19 -21.84 -21.56 -21.28 -20.94 -20.69 -20.34 -20.06 -19.66 -19.34 -19.09 -18.84 -18.78 -18.94 -19.06 -19.19 -19.31 -19.41 -19.47 -19.44 -19.44 -19.38 -19.19 -18.97 -18.59 -18.31 -18.12 -17.94 -17.75 -17.41 -16.72 -16.03 -15.38 -14.50 -14.09 -13.72 -13.88
-35.34 -33.69 -32.28 -31.91 -31.62 -31.34 -31.16 -30.41 -29.94 -29.53 -28.75 -28.25 -27.34 -25.81 -24.28 -24.03 -24.03 -25.00 -25.06 -25.06 -25.22 -25.22 -25.25 -25.22 -25.06 -24.78 -24.50 -24.34 -24.19 -24.00 -23.69 -23.38 -23.09 -22.81 -22.47 -22.16 -21.84 -21.53 -21.41 -21.09 -20.81 -20.41 -19.78 -19.38 -19.03 -18.75 -18.62 -18.75 -18.88 -19.00 -19.12 -19.25 -19.25 -19.19 -19.12 -19.06 -18.94 -18.38 -17.81 -18.06 -18.25 -18.03 -17.81 -17.50 -16.88 -16.38 -15.81 -14.75 -14.16 -14.12 -14.19
-34.44 -32.91 -31.03 -29.94 -29.97 -30.00 -29.94 -29.38 -29.22 -29.09 -28.38 -28.31 -27.47 -26.06 -24.47 -24.69 -24.62 -25.28 -25.19 -25.22 -25.59 -25.53 -25.66 -25.56 -25.38 -25.12 -24.91 -24.75 -24.62 -24.38 -24.06 -23.75 -23.47 -23.12 -22.78 -22.47 -22.19 -21.91 -21.56 -21.53 -21.19 -20.56 -19.88 -19.34 -18.91 -18.53 -18.47 -18.53 -18.72 -18.78 -18.94 -18.97 -18.97 -18.91 -18.66 -18.66 -18.56 -17.94 -17.72 -18.09 -18.06 -17.91 -17.62 -17.12 -16.81 -16.84 -16.38 -15.62 -15.00 -14.41 -14.59
-34.44 -32.50 -30.66 -29.56 -29.19 -29.41 -29.16 -28.91 -28.78 -28.25 -28.00 -28.28 -27.75 -25.78 -25.38 -24.81 -25.00 -25.62 -25.50 -25.59 -25.78 -26.00 -26.12 -26.06 -25.84 -25.53 -25.34 -25.16 -24.97 -24.75 -24.47 -24.09 -23.81 -23.47 -23.12 -22.75 -22.53 -22.44 -22.06 -21.28 -20.81 -20.16 -19.59 -18.81 -18.25 -18.03 -18.12 -18.28 -18.59 -18.62 -18.75 -19.03 -19.16 -19.28 -19.28 -19.12 -18.75 -18.00 -18.28 -18.31 -17.88 -18.12 -18.00 -17.50 -17.16 -16.59 -16.94 -16.31 -15.97 -15.28 -14.97
-34.75 -32.59 -31.53 -30.31 -30.50 -30.78 -29.84 -28.81 -28.00 -27.81 -28.41 -28.09 -27.56 -26.44 -25.66 -25.59 -26.38 -25.94 -25.94 -25.78 -26.19 -26.41 -26.66 -26.72 -26.38 -26.09 -25.84 -25.62 -25.44 -25.12 -24.81 -24.47 -24.19 -23.84 -23.50 -23.19 -22.84 -22.47 -22.00 -21.25 -20.66 -19.69 -18.28 -17.94 -17.53 -17.09 -17.72 -18.31 -18.53 -19.06 -18.88 -18.97 -19.12 -19.69 -19.97 -19.78 -19.62 -19.34 -19.41 -18.59 -18.44 -18.22 -18.81 -17.91 -17.56 -16.94 -16.62 -16.50 -15.97 -15.44 -15.25
-36.09 -34.12 -33.00 -32.03 -32.38 -32.06 -30.59 -28.66 -28.06 -26.97 -27.31 -27.94 -27.28 -26.53 -26.34 -26.22 -26.78 -26.44 -26.44 -26.31 -26.47 -26.78 -27.19 -27.41 -27.06 -26.62 -26.28 -26.22 -25.94 -25.72 -25.25 -24.91 -24.56 -24.22 -23.84 -23.47 -23.16 -22.62 -21.75 -21.09 -20.44 -19.84 -19.28 -17.91 -17.22 -16.19 -17.41 -18.56 -18.69 -18.66 -19.00 -18.66 -19.19 -19.38 -20.12 -19.94 -19.91 -19.78 -19.53 -18.97 -18.81 -18.56 -18.91 -18.16 -17.38 -16.75 -16.38 -16.25 -15.78 -15.50 -15.25
-36.97 -35.69 -34.53 -33.81 -33.97 -32.88 -30.53 -28.81 -27.66 -27.56 -27.56 -27.72 -27.38 -26.94 -26.97 -27.31 -27.81 -27.34 -26.94 -26.59 -26.72 -27.22 -27.53 -27.88 -27.31 -27.00 -26.84 -26.81 -26.59 -26.16 -25.66 -25.28 -24.91 -24.56 -24.12 -23.72 -23.38 -22.59 -21.84 -21.16 -20.69 -19.94 -19.25 -18.94 -18.56 -18.25 -18.28 -18.69 -18.53 -18.53 -18.81 -18.94 -18.81 -19.50 -19.59 -19.59 -19.56 -19.50 -19.31 -19.12 -19.12 -19.06 -18.97 -18.78 -17.34 -16.97 -16.47 -16.16 -15.78 -15.53 -15.28
-37.91 -37.16 -36.16 -35.19 -34.31 -31.97 -30.81 -29.72 -29.16 -28.75 -28.34 -27.97 -27.47 -27.50 -27.94 -28.12 -28.12 -27.88 -27.53 -27.31 -27.03 -27.31 -28.06 -28.00 -27.50 -27.16 -27.09 -27.06 -26.78 -26.53 -26.09 -25.59 -25.19 -24.75 -24.38 -24.00 -23.41 -22.69 -22.00 -21.62 -21.06 -20.50 -19.84 -19.22 -18.91 -18.69 -18.44 -18.38 -18.22 -18.16 -18.22 -18.28 -18.34 -18.41 -18.50 -18.69 -19.12 -19.12 -18.81 -18.97 -19.09 -18.62 -18.38 -18.19 -17.44 -16.94 -16.41 -16.09 -15.72 -15.53 -15.34
-38.41 -37.75 -37.12 -36.44 -35.28 -33.03 -31.81 -30.88 -30.41 -29.91 -28.88 -28.78 -27.69 -27.84 -28.56 -28.84 -28.97 -28.56 -28.31 -27.97 -27.66 -27.94 -28.28 -27.97 -27.53 -27.56 -27.53 -27.41 -27.09 -26.88 -26.53 -25.91 -25.47 -24.97 -24.47 -24.06 -23.62 -22.81 -22.25 -21.75 -21.38 -20.78 -20.06 -19.59 -19.16 -18.78 -18.56 -18.31 -18.12 -18.03 -18.03 -18.09 -18.16 -18.22 -18.25 -18.28 -18.25 -18.31 -18.56 -18.88 -18.44 -18.38 -18.34 -17.72 -17.09 -16.75 -16.38 -16.06 -15.75 -15.59 -15.38
-38.81 -38.22 -37.62 -37.00 -36.25 -34.44 -33.25 -32.62 -31.81 -30.31 -29.03 -28.50 -28.22 -28.91 -29.34 -29.62 -29.69 -29.34 -29.03 -28.72 -28.62 -28.72 -28.69 -27.59 -27.50 -27.91 -27.84 -27.78 -27.50 -27.25 -26.81 -26.16 -25.69 -25.16 -24.59 -24.09 -23.56 -23.03 -22.34 -21.94 -21.38 -20.84 -20.34 -19.84 -19.22 -18.84 -18.53 -18.19 -18.00 -17.88 -17.88 -17.88 -17.97 -18.03 -18.06 -18.09 -18.06 -18.00 -17.91 -17.81 -17.66 -17.47 -17.28 -17.03 -16.81 -16.56 -16.31 -16.06 -15.78 -15.56 -15.31
-39.16 -38.62 -38.06 -37.50 -36.88 -36.03 -34.72 -33.84 -32.38 -31.97 -31.25 -30.44 -29.38 -29.69 -30.28 -30.28 -30.28 -30.00 -29.69 -29.47 -28.97 -29.12 -28.66 -27.56 -27.88 -28.09 -28.34 -28.09 -27.88 -27.50 -27.12 -26.41 -25.84 -25.25 -24.66 -24.09 -23.53 -22.91 -22.41 -21.91 -21.25 -20.69 -20.12 -19.66 -19.12 -18.84 -18.41 -18.06 -17.84 -17.72 -17.69 -17.69 -17.72 -17.81 -17.88 -17.88 -17.84 -17.81 -17.69 -17.59 -17.44 -17.28 -17.09 -16.88 -16.69 -16.47 -16.22 -16.00 -15.75 -15.53 -15.31
-39.47 -38.97 -38.47 -37.97 -37.41 -36.81 -36.22 -35.00 -34.34 -33.53 -33.03 -32.19 -30.72 -30.38 -30.94 -31.03 -30.81 -30.50 -30.19 -30.03 -29.66 -29.53 -28.38 -27.34 -27.97 -28.56 -28.62 -28.56 -28.16 -27.78 -27.25 -26.53 -25.94 -25.31 -24.69 -24.09 -23.47 -22.91 -22.22 -21.53 -20.97 -20.31 -19.81 -19.47 -18.94 -18.41 -18.19 -17.88 -17.66 -17.53 -17.44 -17.44 -17.44 -17.50 -17.56 -17.56 -17.62 -17.56 -17.47 -17.34 -17.22 -17.06 -16.91 -16.72 -16.53 -16.34 -16.12 -15.91 -15.69 -15.47 -15.28
-39.66 -39.22 -38.75 -38.28 -37.78 -37.25 -36.69 -36.12 -35.59 -34.75 -34.22 -33.62 -32.56 -31.97 -31.91 -31.75 -31.16 -30.97 -30.81 -30.53 -30.28 -29.78 -27.88 -26.56 -27.50 -28.97 -29.00 -28.94 -28.41 -27.88 -27.25 -26.69 -26.00 -25.34 -24.66 -24.06 -23.41 -22.78 -22.12 -21.38 -20.66 -20.03 -19.47 -19.03 -18.62 -18.22 -17.97 -17.72 -17.53 -17.38 -17.22 -17.09 -16.97 -16.88 -17.06 -17.22 -17.31 -17.34 -17.22 -17.12 -16.97 -16.84 -16.69 -16.53 -16.38 -16.19 -16.03 -15.88 -15.75 -15.53 -15.44
-39.59 -39.19 -38.81 -38.44 -38.03 -37.56 -37.06 -36.56 -36.09 -35.59 -35.06 -34.53 -33.78 -32.66 -32.34 -32.09 -31.53 -31.34 -31.19 -31.09 -30.72 -30.00 -28.69 -27.41 -28.09 -29.28 -29.53 -29.22 -28.66 -27.81 -27.09 -26.62 -26.00 -25.28 -24.59 -23.94 -23.22 -22.69 -21.88 -21.12 -20.34 -19.72 -19.19 -18.72 -18.31 -17.97 -17.69 -17.44 -17.31 -17.19 -17.09 -16.97 -16.59 -16.66 -16.66 -16.81 -16.94 -17.12 -17.03 -16.94 -16.81 -16.66 -16.47 -16.25 -16.16 -16.03 -15.88 -15.78 -15.69 -15.88 -15.62
-39.19 -38.84 -38.56 -38.31 -38.00 -37.66 -37.25 -36.81 -36.38 -35.91 -35.41 -34.88 -34.38 -33.69 -33.03 -32.50 -32.12 -31.91 -31.69 -31.56 -31.41 -30.25 -29.50 -29.12 -29.38 -30.06 -29.91 -29.41 -28.78 -27.91 -26.84 -26.53 -25.91 -25.22 -24.53 -23.81 -23.09 -22.50 -21.62 -20.75 -20.00 -19.31 -18.72 -18.34 -17.97 -17.62 -17.44 -17.12 -17.06 -17.03 -16.91 -16.69 -16.72 -16.75 -16.81 -16.84 -16.84 -16.84 -16.81 -16.75 -16.62 -16.50 -16.34 -16.12 -15.88 -15.72 -15.62 -15.50 -15.62 -15.75 -15.56
