everonasctiles/Tile19,33.asc
ncols 128
nrows 128
xllcorner 0
yllcorner 0
cellsize 2.0
NODATA_value  -9999
[rows 64 to 95 of 128, columns 0 to 71 of 128]
98.88 99.25 99.62 100.00 100.38 100.75 101.12 101.50 101.91 102.28 102.66 103.03 103.41 103.81 104.16 104.53 104.91 105.28 105.62 105.97 106.31 106.66 106.97 107.31 107.62 107.91 108.22 108.50 108.78 109.06 109.31 109.56 109.78 110.03 110.22 110.44 110.62 110.81 110.97 111.12 111.25 111.38 111.50 111.62 111.72 111.78 111.88 111.94 111.97 112.03 112.06 112.09 112.12 112.16 112.19 112.22 112.25 112.28 112.34 112.44 112.53 112.69 112.88 113.09 113.38 113.72 114.09 114.50 114.88 115.22 115.41 115.50
99.00 99.38 99.75 100.12 100.53 100.91 101.31 101.69 102.09 102.47 102.84 103.25 103.62 104.00 104.41 104.78 105.12 105.50 105.88 106.22 106.56 106.91 107.25 107.56 107.88 108.19 108.50 108.78 109.06 109.31 109.59 109.84 110.06 110.28 110.50 110.69 110.88 111.06 111.22 111.38 111.50 111.62 111.75 111.84 111.94 112.03 112.09 112.16 112.19 112.22 112.25 112.28 112.31 112.31 112.34 112.34 112.38 112.41 112.47 112.53 112.66 112.78 112.97 113.19 113.47 113.78 114.16 114.56 114.97 115.28 115.50 115.56
99.12 99.50 99.88 100.28 100.69 101.06 101.47 101.88 102.25 102.66 103.03 103.44 103.84 104.22 104.59 105.00 105.38 105.75 106.09 106.47 106.81 107.16 107.50 107.81 108.12 108.44 108.75 109.03 109.31 109.59 109.84 110.09 110.34 110.56 110.78 110.97 111.16 111.31 111.47 111.62 111.75 111.88 112.00 112.09 112.16 112.25 112.31 112.34 112.38 112.41 112.44 112.47 112.47 112.47 112.50 112.50 112.50 112.53 112.59 112.66 112.75 112.88 113.03 113.25 113.53 113.88 114.25 114.66 115.03 115.34 115.53 115.59
99.22 99.62 100.00 100.41 100.81 101.22 101.59 102.00 102.41 102.81 103.22 103.62 104.03 104.41 104.81 105.19 105.56 105.94 106.31 106.69 107.03 107.38 107.72 108.06 108.38 108.69 109.00 109.31 109.59 109.84 110.12 110.38 110.59 110.81 111.03 111.22 111.41 111.56 111.72 111.88 112.00 112.12 112.22 112.31 112.38 112.44 112.50 112.56 112.59 112.59 112.62 112.62 112.62 112.62 112.62 112.62 112.66 112.66 112.69 112.75 112.84 112.97 113.12 113.34 113.62 113.97 114.34 114.75 115.12 115.41 115.56 115.62
99.31 99.72 100.12 100.53 100.94 101.34 101.75 102.16 102.56 102.97 103.38 103.78 104.19 104.59 105.00 105.38 105.78 106.16 106.53 106.91 107.25 107.62 107.97 108.28 108.62 108.94 109.25 109.56 109.84 110.09 110.38 110.62 110.84 111.06 111.28 111.47 111.66 111.81 111.97 112.09 112.22 112.34 112.44 112.53 112.59 112.66 112.72 112.75 112.78 112.78 112.81 112.81 112.81 112.78 112.78 112.78 112.78 112.78 112.81 112.88 112.94 113.06 113.22 113.44 113.72 114.06 114.47 114.84 115.22 115.50 115.62 115.69
99.41 99.81 100.22 100.62 101.03 101.44 101.88 102.28 102.69 103.12 103.53 103.94 104.34 104.78 105.16 105.56 105.97 106.34 106.72 107.09 107.47 107.81 108.19 108.50 108.84 109.16 109.47 109.78 110.06 110.34 110.59 110.84 111.09 111.31 111.53 111.72 111.88 112.06 112.19 112.34 112.47 112.56 112.66 112.75 112.81 112.88 112.91 112.94 112.97 112.97 112.97 112.97 112.97 112.94 112.94 112.91 112.91 112.91 112.94 112.97 113.06 113.19 113.34 113.56 113.84 114.19 114.59 115.00 115.34 115.59 115.72 115.75
99.47 99.88 100.28 100.72 101.12 101.56 101.97 102.41 102.84 103.25 103.69 104.09 104.50 104.94 105.34 105.75 106.12 106.53 106.91 107.28 107.66 108.03 108.38 108.72 109.06 109.41 109.72 110.00 110.31 110.56 110.84 111.09 111.31 111.53 111.75 111.94 112.12 112.28 112.44 112.56 112.69 112.78 112.88 112.94 113.00 113.06 113.09 113.12 113.16 113.16 113.16 113.12 113.12 113.09 113.06 113.06 113.03 113.03 113.06 113.09 113.19 113.28 113.47 113.69 114.00 114.34 114.75 115.16 115.50 115.72 115.81 115.88
99.53 99.94 100.38 100.78 101.22 101.66 102.09 102.50 102.94 103.38 103.81 104.22 104.66 105.06 105.50 105.91 106.31 106.69 107.09 107.47 107.84 108.22 108.56 108.94 109.28 109.59 109.91 110.22 110.53 110.81 111.06 111.31 111.56 111.78 111.97 112.16 112.34 112.50 112.66 112.78 112.91 113.00 113.09 113.16 113.22 113.25 113.28 113.31 113.31 113.31 113.31 113.28 113.28 113.25 113.22 113.19 113.19 113.19 113.19 113.22 113.31 113.44 113.59 113.84 114.16 114.53 114.94 115.31 115.62 115.84 115.94 115.97
99.59 100.00 100.44 100.88 101.31 101.75 102.19 102.62 103.06 103.50 103.94 104.34 104.78 105.22 105.62 106.06 106.47 106.88 107.25 107.66 108.03 108.41 108.75 109.12 109.47 109.81 110.12 110.44 110.72 111.00 111.28 111.53 111.78 112.00 112.19 112.38 112.56 112.72 112.84 113.00 113.09 113.19 113.28 113.34 113.41 113.44 113.47 113.50 113.50 113.50 113.47 113.44 113.44 113.41 113.38 113.34 113.31 113.31 113.31 113.38 113.44 113.56 113.75 114.00 114.31 114.69 115.09 115.50 115.78 115.97 116.06 116.12
99.62 100.06 100.50 100.94 101.38 101.81 102.25 102.72 103.16 103.59 104.03 104.47 104.91 105.34 105.75 106.19 106.59 107.00 107.41 107.81 108.19 108.56 108.94 109.28 109.66 109.97 110.31 110.62 110.91 111.22 111.47 111.72 111.97 112.19 112.41 112.59 112.75 112.91 113.06 113.19 113.31 113.41 113.47 113.53 113.59 113.62 113.66 113.66 113.66 113.66 113.62 113.59 113.56 113.53 113.50 113.47 113.47 113.44 113.47 113.50 113.59 113.72 113.94 114.19 114.50 114.88 115.28 115.66 115.91 116.09 116.19 116.28
99.69 100.09 100.56 101.00 101.44 101.88 102.34 102.78 103.25 103.69 104.12 104.56 105.03 105.47 105.88 106.31 106.72 107.16 107.56 107.94 108.34 108.72 109.09 109.47 109.81 110.16 110.47 110.81 111.09 111.38 111.66 111.91 112.16 112.38 112.59 112.78 112.97 113.12 113.25 113.38 113.50 113.59 113.66 113.72 113.78 113.81 113.81 113.84 113.84 113.81 113.78 113.75 113.72 113.69 113.66 113.62 113.59 113.59 113.62 113.66 113.75 113.91 114.09 114.38 114.69 115.06 115.44 115.78 116.03 116.19 116.28 116.41
99.72 100.16 100.59 101.06 101.50 101.97 102.41 102.88 103.31 103.78 104.22 104.69 105.12 105.56 106.00 106.44 106.84 107.28 107.69 108.09 108.47 108.88 109.25 109.62 109.97 110.31 110.66 110.97 111.28 111.56 111.84 112.09 112.34 112.56 112.78 112.97 113.16 113.31 113.44 113.56 113.69 113.78 113.84 113.91 113.94 113.97 114.00 114.00 114.00 113.97 113.94 113.91 113.88 113.84 113.81 113.78 113.75 113.75 113.78 113.84 113.94 114.06 114.28 114.56 114.88 115.25 115.59 115.91 116.12 116.25 116.38 116.53
99.75 100.19 100.66 101.09 101.56 102.00 102.47 102.94 103.41 103.84 104.31 104.78 105.22 105.66 106.09 106.53 106.97 107.41 107.81 108.22 108.62 109.00 109.38 109.75 110.12 110.47 110.81 111.12 111.44 111.72 112.00 112.28 112.50 112.75 112.97 113.16 113.31 113.50 113.62 113.75 113.84 113.94 114.03 114.06 114.12 114.16 114.16 114.16 114.16 114.12 114.09 114.06 114.03 114.00 113.97 113.94 113.91 113.91 113.94 114.00 114.09 114.25 114.47 114.75 115.06 115.44 115.75 116.00 116.19 116.31 116.47 116.59
99.78 100.22 100.69 101.16 101.59 102.06 102.53 103.00 103.47 103.94 104.41 104.84 105.31 105.75 106.19 106.66 107.06 107.50 107.91 108.34 108.75 109.12 109.53 109.91 110.25 110.62 110.94 111.28 111.59 111.88 112.16 112.44 112.69 112.91 113.12 113.31 113.50 113.66 113.81 113.91 114.03 114.12 114.19 114.25 114.28 114.31 114.31 114.31 114.31 114.28 114.25 114.22 114.19 114.16 114.12 114.09 114.06 114.06 114.09 114.19 114.28 114.44 114.66 114.94 115.25 115.59 115.88 116.09 116.25 116.38 116.50 116.69
99.81 100.28 100.72 101.19 101.66 102.12 102.59 103.06 103.53 104.00 104.47 104.94 105.38 105.84 106.28 106.72 107.16 107.59 108.03 108.44 108.84 109.25 109.66 110.03 110.38 110.75 111.09 111.41 111.72 112.03 112.31 112.56 112.81 113.06 113.28 113.47 113.66 113.81 113.97 114.09 114.19 114.28 114.34 114.41 114.44 114.47 114.47 114.47 114.47 114.44 114.41 114.38 114.34 114.31 114.28 114.25 114.22 114.25 114.28 114.34 114.47 114.62 114.88 115.12 115.44 115.72 115.97 116.16 116.28 116.41 116.56 116.75
99.84 100.31 100.78 101.22 101.69 102.19 102.66 103.12 103.59 104.06 104.53 105.00 105.47 105.91 106.38 106.81 107.25 107.69 108.12 108.53 108.97 109.38 109.75 110.12 110.50 110.88 111.22 111.53 111.84 112.16 112.44 112.72 112.97 113.19 113.41 113.62 113.81 113.97 114.09 114.22 114.34 114.44 114.50 114.56 114.59 114.62 114.62 114.62 114.62 114.59 114.56 114.53 114.50 114.47 114.44 114.41 114.41 114.41 114.44 114.53 114.66 114.81 115.06 115.31 115.59 115.84 116.03 116.19 116.31 116.44 116.59 116.75
99.88 100.34 100.81 101.28 101.75 102.22 102.69 103.19 103.66 104.12 104.59 105.06 105.53 106.00 106.44 106.91 107.34 107.78 108.22 108.62 109.06 109.47 109.84 110.25 110.62 110.97 111.31 111.66 111.97 112.28 112.56 112.84 113.09 113.34 113.56 113.75 113.94 114.09 114.25 114.38 114.47 114.56 114.66 114.69 114.75 114.75 114.78 114.78 114.75 114.75 114.72 114.69 114.62 114.59 114.56 114.56 114.56 114.56 114.62 114.72 114.84 115.00 115.22 115.47 115.72 115.94 116.09 116.22 116.31 116.47 116.59 116.78
99.94 100.38 100.84 101.31 101.78 102.28 102.75 103.22 103.69 104.19 104.66 105.12 105.59 106.06 106.53 106.97 107.41 107.88 108.28 108.72 109.16 109.56 109.94 110.34 110.72 111.06 111.44 111.75 112.09 112.38 112.69 112.94 113.22 113.44 113.69 113.88 114.06 114.22 114.38 114.50 114.62 114.72 114.78 114.84 114.88 114.91 114.91 114.91 114.91 114.88 114.84 114.81 114.78 114.75 114.72 114.72 114.72 114.75 114.78 114.88 115.00 115.19 115.38 115.62 115.81 116.00 116.12 116.22 116.31 116.47 116.59 116.75
99.97 100.44 100.91 101.38 101.84 102.31 102.78 103.28 103.75 104.22 104.72 105.19 105.66 106.12 106.59 107.03 107.50 107.94 108.38 108.81 109.22 109.62 110.03 110.44 110.81 111.16 111.53 111.84 112.19 112.50 112.78 113.06 113.31 113.56 113.78 114.00 114.19 114.34 114.50 114.62 114.75 114.84 114.91 114.97 115.00 115.03 115.03 115.03 115.03 115.00 115.00 114.97 114.94 114.91 114.88 114.88 114.88 114.91 114.94 115.03 115.19 115.34 115.53 115.72 115.91 116.03 116.12 116.19 116.31 116.44 116.59 116.72
100.00 100.47 100.94 101.41 101.88 102.38 102.84 103.31 103.81 104.28 104.75 105.25 105.72 106.19 106.62 107.09 107.56 108.00 108.44 108.88 109.28 109.72 110.09 110.50 110.88 111.25 111.59 111.94 112.28 112.56 112.88 113.16 113.41 113.66 113.88 114.09 114.28 114.47 114.62 114.75 114.84 114.94 115.03 115.09 115.12 115.16 115.16 115.16 115.16 115.16 115.12 115.09 115.06 115.03 115.03 115.00 115.03 115.06 115.12 115.19 115.31 115.47 115.66 115.81 115.97 116.06 116.12 116.19 116.28 116.41 116.56 116.69
100.06 100.50 100.97 101.44 101.94 102.41 102.88 103.38 103.84 104.31 104.81 105.28 105.75 106.22 106.69 107.16 107.59 108.06 108.50 108.94 109.34 109.78 110.19 110.56 110.94 111.31 111.69 112.03 112.34 112.66 112.97 113.25 113.50 113.75 113.97 114.19 114.38 114.56 114.72 114.84 114.97 115.06 115.12 115.19 115.25 115.28 115.28 115.28 115.28 115.25 115.25 115.22 115.19 115.19 115.16 115.16 115.16 115.19 115.25 115.34 115.47 115.59 115.75 115.91 116.00 116.06 116.12 116.16 116.25 116.38 116.53 116.62
100.09 100.56 101.03 101.50 101.97 102.44 102.94 103.41 103.88 104.38 104.84 105.31 105.81 106.28 106.75 107.19 107.66 108.09 108.56 109.00 109.41 109.81 110.22 110.62 111.00 111.38 111.75 112.09 112.41 112.72 113.03 113.31 113.56 113.81 114.06 114.28 114.47 114.66 114.81 114.94 115.06 115.16 115.22 115.28 115.34 115.38 115.38 115.41 115.41 115.38 115.38 115.34 115.31 115.31 115.28 115.28 115.31 115.34 115.38 115.47 115.56 115.69 115.81 115.94 116.03 116.06 116.09 116.16 116.22 116.31 116.47 116.59
100.16 100.62 101.06 101.53 102.00 102.50 102.97 103.44 103.94 104.41 104.88 105.38 105.84 106.31 106.78 107.25 107.69 108.16 108.59 109.03 109.47 109.88 110.28 110.69 111.06 111.44 111.78 112.16 112.47 112.78 113.09 113.38 113.66 113.91 114.12 114.34 114.53 114.72 114.88 115.03 115.12 115.25 115.31 115.38 115.44 115.47 115.50 115.50 115.50 115.50 115.47 115.47 115.44 115.44 115.41 115.41 115.44 115.47 115.50 115.56 115.66 115.78 115.88 115.97 116.03 116.06 116.09 116.12 116.16 116.28 116.41 116.50
100.22 100.66 101.12 101.59 102.06 102.53 103.00 103.50 103.97 104.44 104.94 105.41 105.88 106.34 106.81 107.28 107.75 108.19 108.62 109.06 109.50 109.91 110.31 110.72 111.12 111.47 111.84 112.19 112.53 112.84 113.16 113.44 113.69 113.97 114.19 114.41 114.59 114.78 114.94 115.09 115.22 115.31 115.41 115.47 115.50 115.56 115.56 115.59 115.59 115.59 115.56 115.56 115.53 115.53 115.53 115.53 115.53 115.56 115.59 115.66 115.75 115.81 115.91 115.97 116.00 116.06 116.06 116.09 116.16 116.22 116.31 116.44
100.25 100.72 101.16 101.62 102.09 102.56 103.06 103.53 104.00 104.47 104.97 105.44 105.91 106.38 106.84 107.31 107.78 108.22 108.66 109.09 109.53 109.97 110.38 110.75 111.16 111.53 111.88 112.22 112.56 112.88 113.19 113.47 113.75 114.00 114.25 114.47 114.66 114.84 115.00 115.16 115.28 115.38 115.47 115.53 115.59 115.62 115.66 115.66 115.69 115.69 115.66 115.66 115.66 115.62 115.62 115.62 115.62 115.66 115.69 115.72 115.78 115.84 115.91 115.94 116.00 116.03 116.03 116.06 116.12 116.16 116.22 116.31
100.31 100.78 101.22 101.69 102.16 102.62 103.09 103.56 104.03 104.50 105.00 105.47 105.94 106.41 106.88 107.34 107.81 108.25 108.69 109.12 109.56 109.97 110.41 110.78 111.19 111.56 111.91 112.25 112.59 112.91 113.22 113.53 113.78 114.03 114.28 114.50 114.72 114.88 115.06 115.19 115.31 115.44 115.53 115.59 115.66 115.69 115.72 115.75 115.75 115.75 115.75 115.75 115.72 115.72 115.72 115.72 115.72 115.72 115.75 115.78 115.81 115.84 115.88 115.91 115.94 115.97 116.00 116.03 116.06 116.06 116.09 116.16
100.38 100.81 101.28 101.72 102.19 102.66 103.12 103.59 104.06 104.53 105.03 105.50 105.97 106.44 106.91 107.38 107.81 108.28 108.72 109.16 109.59 110.00 110.41 110.81 111.19 111.56 111.94 112.28 112.62 112.94 113.25 113.53 113.81 114.06 114.31 114.53 114.75 114.94 115.09 115.25 115.38 115.47 115.56 115.62 115.69 115.75 115.78 115.78 115.81 115.81 115.81 115.81 115.81 115.78 115.78 115.78 115.78 115.78 115.78 115.78 115.81 115.81 115.84 115.84 115.88 115.91 115.94 115.94 115.94 115.97 115.97 116.00
100.44 100.88 101.31 101.75 102.22 102.69 103.16 103.62 104.09 104.56 105.03 105.50 105.97 106.44 106.91 107.38 107.84 108.28 108.72 109.16 109.59 110.03 110.44 110.81 111.22 111.59 111.97 112.31 112.66 112.97 113.28 113.56 113.84 114.09 114.34 114.56 114.78 114.97 115.12 115.28 115.41 115.50 115.59 115.69 115.72 115.78 115.81 115.84 115.84 115.88 115.88 115.88 115.84 115.84 115.84 115.84 115.81 115.81 115.81 115.81 115.81 115.78 115.78 115.81 115.81 115.81 115.84 115.84 115.84 115.84 115.88 115.88
100.50 100.91 101.34 101.81 102.25 102.72 103.19 103.66 104.12 104.59 105.06 105.53 106.00 106.47 106.94 107.41 107.84 108.31 108.75 109.19 109.59 110.03 110.44 110.84 111.22 111.59 111.97 112.31 112.66 112.97 113.28 113.56 113.84 114.12 114.34 114.59 114.78 114.97 115.16 115.28 115.41 115.53 115.62 115.69 115.75 115.81 115.84 115.88 115.88 115.91 115.91 115.91 115.91 115.91 115.88 115.88 115.88 115.84 115.81 115.81 115.78 115.78 115.75 115.75 115.75 115.75 115.75 115.75 115.75 115.75 115.75 115.75
100.53 100.97 101.41 101.84 102.28 102.75 103.22 103.69 104.16 104.59 105.06 105.53 106.00 106.47 106.94 107.41 107.84 108.31 108.75 109.19 109.59 110.03 110.44 110.84 111.22 111.59 111.97 112.31 112.66 112.97 113.28 113.59 113.88 114.12 114.38 114.59 114.81 115.00 115.16 115.31 115.44 115.53 115.62 115.72 115.78 115.81 115.88 115.88 115.91 115.91 115.94 115.94 115.94 115.91 115.91 115.91 115.88 115.88 115.84 115.81 115.78 115.75 115.72 115.72 115.72 115.72 115.69 115.69 115.69 115.69 115.66 115.66
100.59 101.00 101.44 101.88 102.34 102.78 103.25 103.69 104.16 104.62 105.09 105.56 106.03 106.50 106.94 107.41 107.84 108.31 108.75 109.19 109.59 110.03 110.44 110.81 111.22 111.59 111.97 112.31 112.66 112.97 113.28 113.59 113.84 114.12 114.38 114.59 114.81 115.00 115.16 115.31 115.44 115.56 115.66 115.72 115.78 115.84 115.88 115.91 115.91 115.94 115.94 115.94 115.94 115.94 115.94 115.91 115.91 115.88 115.84 115.81 115.78 115.75 115.72 115.72 115.69 115.69 115.66 115.66 115.66 115.66 115.66 115.66
100.66 101.06 101.50 101.91 102.38 102.81 103.25 103.72 104.19 104.62 105.09 105.56 106.03 106.50 106.94 107.41 107.84 108.31 108.75 109.16 109.59 110.00 110.41 110.81 111.19 111.59 111.94 112.31 112.62 112.97 113.28 113.56 113.84 114.12 114.38 114.59 114.81 115.00 115.16 115.31 115.44 115.56 115.66 115.72 115.78 115.84 115.88 115.91 115.91 115.91 115.94 115.94 115.94 115.94 115.94 115.91 115.91 115.88 115.88 115.81 115.78 115.75 115.72 115.69 115.69 115.66 115.66 115.62 115.62 115.62 115.62 115.62
