everonasctiles/Tile13,6.asc
ncols 128
nrows 128
xllcorner 0
yllcorner 0
cellsize 2.0
NODATA_value  -9999
[rows 36 to 71 of 128, columns 0 to 80 of 128]
-3.50 -3.25 -3.03 -2.84 -2.66 -2.47 -2.31 -2.16 -2.00 -1.88 -1.75 -1.53 -1.53 -1.41 -1.31 -1.25 -1.19 -1.19 -1.22 -1.22 -1.25 -1.25 -1.31 -1.31 -1.31 -1.25 -1.28 -1.31 -1.31 -1.31 -1.31 -1.31 -1.31 -1.28 -1.31 -1.34 -1.34 -1.34 -1.34 -1.34 -1.34 -1.31 -1.31 -1.34 -1.31 -1.31 -1.31 -1.31 -1.31 -1.34 -1.31 -1.31 -1.31 -1.31 -1.34 -1.41 -1.50 -1.56 -1.62 -1.72 -1.81 -1.91 -2.00 -2.12 -2.22 -2.31 -2.38 -2.41 -2.47 -2.56 -2.66 -2.75 -2.84 -2.91 -3.00 -3.06 -3.12 -3.19 -3.25 -3.28 -3.28
-3.28 -3.06 -2.84 -2.59 -2.31 -2.16 -2.12 -2.03 -1.91 -1.78 -1.66 -1.62 -1.50 -1.41 -1.31 -1.31 -1.28 -1.25 -1.25 -1.22 -1.25 -1.25 -1.28 -1.28 -1.25 -1.25 -1.28 -1.31 -1.34 -1.34 -1.34 -1.34 -1.34 -1.34 -1.34 -1.34 -1.34 -1.34 -1.34 -1.34 -1.31 -1.31 -1.34 -1.31 -1.31 -1.31 -1.31 -1.31 -1.31 -1.31 -1.31 -1.31 -1.31 -1.31 -1.34 -1.41 -1.50 -1.56 -1.66 -1.72 -1.81 -1.91 -2.00 -2.09 -2.19 -2.28 -2.38 -2.47 -2.53 -2.59 -2.66 -2.72 -2.81 -2.88 -2.97 -3.06 -3.12 -3.19 -3.22 -3.28 -3.28
-3.09 -2.91 -2.66 -2.47 -2.31 -2.12 -1.97 -1.88 -1.75 -1.59 -1.50 -1.47 -1.41 -1.34 -1.25 -1.19 -1.19 -1.16 -1.19 -1.22 -1.19 -1.22 -1.28 -1.31 -1.31 -1.31 -1.31 -1.31 -1.31 -1.34 -1.34 -1.34 -1.34 -1.34 -1.38 -1.38 -1.34 -1.34 -1.34 -1.34 -1.31 -1.34 -1.34 -1.31 -1.31 -1.31 -1.31 -1.34 -1.34 -1.34 -1.34 -1.34 -1.31 -1.31 -1.34 -1.38 -1.47 -1.56 -1.66 -1.72 -1.81 -1.91 -2.00 -2.09 -2.19 -2.28 -2.38 -2.47 -2.53 -2.62 -2.69 -2.75 -2.81 -2.88 -2.94 -3.00 -3.09 -3.16 -3.22 -3.25 -3.25
-2.88 -2.75 -2.53 -2.34 -2.22 -1.88 -1.72 -1.59 -1.53 -1.44 -1.38 -1.28 -1.34 -1.25 -1.19 -1.19 -1.16 -1.19 -1.22 -1.25 -1.28 -1.25 -1.28 -1.31 -1.34 -1.28 -1.31 -1.31 -1.31 -1.34 -1.31 -1.34 -1.34 -1.34 -1.34 -1.38 -1.34 -1.34 -1.34 -1.34 -1.31 -1.34 -1.31 -1.34 -1.31 -1.31 -1.31 -1.31 -1.34 -1.34 -1.34 -1.34 -1.34 -1.31 -1.34 -1.34 -1.44 -1.56 -1.66 -1.75 -1.84 -1.94 -2.03 -2.12 -2.22 -2.31 -2.38 -2.47 -2.53 -2.62 -2.69 -2.75 -2.81 -2.91 -2.97 -3.03 -3.09 -3.16 -3.22 -3.25 -3.25
-2.62 -2.41 -2.25 -2.06 -1.94 -1.72 -1.56 -1.44 -1.44 -1.31 -1.25 -1.25 -1.19 -1.19 -1.25 -1.19 -1.19 -1.19 -1.22 -1.22 -1.25 -1.22 -1.22 -1.28 -1.28 -1.28 -1.31 -1.31 -1.31 -1.34 -1.34 -1.34 -1.31 -1.34 -1.34 -1.38 -1.38 -1.38 -1.34 -1.34 -1.34 -1.34 -1.31 -1.31 -1.31 -1.31 -1.31 -1.34 -1.34 -1.34 -1.34 -1.34 -1.34 -1.31 -1.31 -1.34 -1.44 -1.56 -1.69 -1.75 -1.84 -1.91 -2.03 -2.12 -2.25 -2.31 -2.38 -2.44 -2.53 -2.62 -2.69 -2.75 -2.78 -2.88 -2.97 -3.06 -3.12 -3.16 -3.22 -3.25 -3.25
-2.44 -2.28 -2.19 -2.06 -1.78 -1.50 -1.47 -1.38 -1.34 -1.22 -1.25 -1.19 -1.12 -1.12 -1.09 -1.12 -1.19 -1.19 -1.25 -1.19 -1.22 -1.19 -1.22 -1.22 -1.25 -1.28 -1.28 -1.28 -1.28 -1.31 -1.31 -1.31 -1.34 -1.34 -1.34 -1.38 -1.38 -1.38 -1.38 -1.34 -1.34 -1.34 -1.34 -1.34 -1.34 -1.34 -1.31 -1.31 -1.34 -1.34 -1.34 -1.34 -1.34 -1.34 -1.34 -1.38 -1.44 -1.56 -1.69 -1.78 -1.84 -1.91 -2.00 -2.09 -2.22 -2.34 -2.41 -2.47 -2.53 -2.59 -2.69 -2.75 -2.78 -2.84 -2.94 -3.03 -3.09 -3.16 -3.22 -3.28 -3.25
-2.31 -2.09 -2.09 -1.94 -1.78 -1.53 -1.34 -1.31 -1.19 -1.12 -1.12 -1.12 -1.09 -1.09 -1.09 -1.12 -1.16 -1.22 -1.22 -1.25 -1.22 -1.22 -1.22 -1.22 -1.25 -1.28 -1.28 -1.31 -1.31 -1.31 -1.34 -1.34 -1.34 -1.38 -1.38 -1.38 -1.38 -1.38 -1.38 -1.34 -1.34 -1.34 -1.34 -1.34 -1.34 -1.34 -1.31 -1.31 -1.34 -1.34 -1.34 -1.34 -1.34 -1.34 -1.38 -1.38 -1.44 -1.53 -1.66 -1.78 -1.88 -1.94 -2.03 -2.09 -2.22 -2.31 -2.44 -2.50 -2.56 -2.66 -2.72 -2.75 -2.78 -2.81 -2.88 -2.97 -3.06 -3.16 -3.22 -3.28 -3.31
-2.12 -1.97 -1.88 -1.78 -1.59 -1.41 -1.31 -1.19 -1.19 -1.19 -1.12 -1.12 -1.16 -1.19 -1.22 -1.22 -1.22 -1.22 -1.22 -1.28 -1.22 -1.22 -1.25 -1.25 -1.28 -1.28 -1.28 -1.31 -1.34 -1.34 -1.34 -1.34 -1.34 -1.38 -1.38 -1.38 -1.38 -1.38 -1.38 -1.34 -1.38 -1.38 -1.38 -1.34 -1.34 -1.34 -1.34 -1.34 -1.31 -1.31 -1.34 -1.34 -1.34 -1.34 -1.38 -1.41 -1.44 -1.50 -1.62 -1.78 -1.88 -1.97 -2.03 -2.09 -2.19 -2.28 -2.41 -2.50 -2.56 -2.66 -2.72 -2.78 -2.78 -2.81 -2.88 -2.94 -3.00 -3.09 -3.16 -3.25 -3.28
-1.94 -1.81 -1.69 -1.44 -1.25 -1.22 -1.16 -1.16 -1.19 -1.16 -1.16 -1.16 -1.16 -1.19 -1.22 -1.25 -1.22 -1.25 -1.25 -1.28 -1.28 -1.25 -1.28 -1.28 -1.31 -1.31 -1.31 -1.31 -1.34 -1.34 -1.34 -1.34 -1.34 -1.38 -1.38 -1.38 -1.38 -1.38 -1.38 -1.38 -1.38 -1.38 -1.38 -1.38 -1.38 -1.34 -1.34 -1.34 -1.34 -1.31 -1.34 -1.34 -1.34 -1.38 -1.38 -1.41 -1.44 -1.50 -1.59 -1.72 -1.84 -1.94 -2.03 -2.09 -2.16 -2.25 -2.38 -2.47 -2.53 -2.62 -2.72 -2.78 -2.78 -2.81 -2.88 -2.97 -3.03 -3.06 -3.09 -3.19 -3.25
-1.72 -1.59 -1.59 -1.38 -1.28 -1.25 -1.22 -1.09 -1.12 -1.06 -1.06 -1.06 -1.12 -1.12 -1.19 -1.22 -1.25 -1.25 -1.31 -1.28 -1.28 -1.28 -1.31 -1.31 -1.34 -1.34 -1.38 -1.34 -1.34 -1.34 -1.34 -1.38 -1.38 -1.38 -1.38 -1.38 -1.38 -1.38 -1.38 -1.38 -1.38 -1.38 -1.38 -1.38 -1.38 -1.38 -1.34 -1.38 -1.34 -1.34 -1.34 -1.34 -1.34 -1.38 -1.38 -1.41 -1.44 -1.47 -1.56 -1.69 -1.81 -1.94 -2.03 -2.09 -2.16 -2.25 -2.34 -2.44 -2.50 -2.59 -2.69 -2.75 -2.78 -2.81 -2.91 -2.97 -3.03 -3.06 -3.12 -3.19 -3.22
-1.50 -1.44 -1.38 -1.31 -1.25 -1.12 -1.09 -1.09 -1.00 -1.03 -0.97 -1.00 -1.12 -1.16 -1.19 -1.22 -1.25 -1.28 -1.28 -1.31 -1.34 -1.34 -1.34 -1.34 -1.34 -1.34 -1.34 -1.34 -1.34 -1.34 -1.34 -1.38 -1.38 -1.34 -1.38 -1.34 -1.34 -1.34 -1.38 -1.34 -1.34 -1.38 -1.38 -1.38 -1.38 -1.41 -1.41 -1.34 -1.34 -1.34 -1.34 -1.34 -1.34 -1.38 -1.38 -1.41 -1.44 -1.47 -1.53 -1.62 -1.78 -1.91 -2.00 -2.09 -2.16 -2.25 -2.31 -2.41 -2.47 -2.56 -2.66 -2.75 -2.78 -2.81 -2.91 -2.97 -3.03 -3.06 -3.12 -3.19 -3.25
-1.34 -1.31 -1.19 -1.12 -1.03 -0.94 -0.94 -0.97 -0.97 -0.97 -0.97 -0.94 -0.97 -1.09 -1.16 -1.19 -1.25 -1.22 -1.28 -1.31 -1.31 -1.31 -1.31 -1.34 -1.34 -1.34 -1.34 -1.34 -1.34 -1.34 -1.38 -1.38 -1.38 -1.38 -1.38 -1.38 -1.38 -1.38 -1.38 -1.38 -1.38 -1.38 -1.38 -1.41 -1.41 -1.44 -1.44 -1.38 -1.38 -1.34 -1.34 -1.34 -1.34 -1.34 -1.38 -1.41 -1.44 -1.50 -1.53 -1.62 -1.72 -1.88 -2.00 -2.06 -2.16 -2.22 -2.28 -2.34 -2.44 -2.53 -2.62 -2.72 -2.75 -2.81 -2.88 -2.94 -3.00 -3.06 -3.12 -3.22 -3.25
-1.22 -1.16 -1.06 -1.00 -0.88 -0.88 -0.88 -0.94 -0.97 -0.91 -0.94 -0.91 -0.94 -1.03 -1.06 -1.12 -1.19 -1.22 -1.25 -1.28 -1.31 -1.28 -1.28 -1.31 -1.34 -1.34 -1.34 -1.34 -1.34 -1.34 -1.34 -1.34 -1.34 -1.38 -1.38 -1.38 -1.38 -1.38 -1.38 -1.38 -1.38 -1.38 -1.41 -1.44 -1.50 -1.47 -1.47 -1.44 -1.41 -1.38 -1.34 -1.34 -1.34 -1.34 -1.38 -1.38 -1.44 -1.47 -1.53 -1.62 -1.72 -1.81 -1.94 -2.06 -2.16 -2.22 -2.28 -2.34 -2.41 -2.50 -2.59 -2.66 -2.69 -2.75 -2.84 -2.91 -2.97 -3.03 -3.09 -3.19 -3.28
-1.06 -1.00 -0.91 -0.84 -0.81 -0.78 -0.81 -0.81 -0.84 -0.91 -0.81 -0.84 -0.94 -1.00 -1.03 -1.06 -1.12 -1.16 -1.22 -1.25 -1.28 -1.28 -1.34 -1.34 -1.34 -1.31 -1.34 -1.38 -1.38 -1.38 -1.38 -1.34 -1.34 -1.34 -1.34 -1.34 -1.38 -1.38 -1.38 -1.38 -1.38 -1.38 -1.44 -1.53 -1.62 -1.59 -1.62 -1.53 -1.47 -1.41 -1.34 -1.34 -1.34 -1.34 -1.34 -1.38 -1.44 -1.50 -1.56 -1.62 -1.72 -1.78 -1.91 -2.03 -2.12 -2.19 -2.25 -2.31 -2.34 -2.44 -2.53 -2.59 -2.66 -2.72 -2.81 -2.88 -2.94 -3.00 -3.06 -3.12 -3.22
-0.84 -0.78 -0.75 -0.69 -0.66 -0.66 -0.66 -0.66 -0.69 -0.75 -0.72 -0.72 -0.78 -0.84 -0.94 -1.00 -1.09 -1.12 -1.22 -1.25 -1.28 -1.28 -1.31 -1.31 -1.38 -1.34 -1.38 -1.34 -1.34 -1.34 -1.31 -1.34 -1.34 -1.34 -1.38 -1.34 -1.38 -1.38 -1.38 -1.38 -1.38 -1.34 -1.44 -1.53 -1.69 -1.75 -1.72 -1.66 -1.53 -1.44 -1.41 -1.38 -1.34 -1.38 -1.38 -1.41 -1.44 -1.50 -1.56 -1.62 -1.72 -1.81 -1.88 -1.97 -2.09 -2.16 -2.25 -2.28 -2.34 -2.41 -2.50 -2.56 -2.66 -2.69 -2.75 -2.84 -2.91 -2.97 -3.03 -3.09 -3.19
-0.62 -0.59 -0.56 -0.53 -0.53 -0.50 -0.50 -0.53 -0.56 -0.59 -0.62 -0.66 -0.72 -0.78 -0.84 -0.97 -1.03 -1.09 -1.16 -1.22 -1.25 -1.31 -1.31 -1.34 -1.38 -1.34 -1.34 -1.34 -1.34 -1.34 -1.34 -1.34 -1.34 -1.34 -1.38 -1.38 -1.44 -1.44 -1.38 -1.38 -1.28 -1.19 -1.19 -1.38 -1.69 -1.88 -1.84 -1.78 -1.62 -1.50 -1.41 -1.38 -1.34 -1.38 -1.38 -1.41 -1.44 -1.47 -1.56 -1.66 -1.75 -1.81 -1.88 -1.97 -2.03 -2.12 -2.22 -2.28 -2.31 -2.38 -2.47 -2.53 -2.59 -2.66 -2.72 -2.81 -2.88 -2.97 -3.03 -3.06 -3.12
-0.44 -0.41 -0.41 -0.38 -0.38 -0.34 -0.38 -0.38 -0.41 -0.44 -0.50 -0.56 -0.66 -0.78 -0.81 -0.91 -1.00 -1.06 -1.12 -1.19 -1.28 -1.31 -1.31 -1.34 -1.38 -1.34 -1.34 -1.38 -1.38 -1.38 -1.34 -1.38 -1.38 -1.34 -1.31 -1.34 -1.41 -1.47 -1.47 -1.38 -1.19 -1.00 -1.00 -1.22 -1.56 -1.91 -1.97 -1.84 -1.75 -1.50 -1.41 -1.34 -1.34 -1.34 -1.38 -1.41 -1.44 -1.47 -1.56 -1.72 -1.78 -1.84 -1.88 -1.94 -2.03 -2.09 -2.19 -2.25 -2.28 -2.34 -2.44 -2.50 -2.56 -2.62 -2.69 -2.75 -2.84 -2.91 -2.97 -3.03 -3.09
-0.28 -0.25 -0.25 -0.22 -0.22 -0.19 -0.22 -0.22 -0.25 -0.28 -0.34 -0.44 -0.53 -0.66 -0.78 -0.88 -0.97 -1.03 -1.12 -1.22 -1.25 -1.31 -1.34 -1.34 -1.34 -1.38 -1.38 -1.38 -1.38 -1.38 -1.38 -1.38 -1.34 -1.28 -1.25 -1.31 -1.44 -1.50 -1.50 -1.38 -1.12 -0.91 -0.91 -1.12 -1.47 -1.94 -2.00 -1.94 -1.75 -1.56 -1.44 -1.38 -1.34 -1.34 -1.38 -1.41 -1.44 -1.47 -1.59 -1.78 -1.84 -1.84 -1.88 -1.94 -2.00 -2.06 -2.12 -2.22 -2.28 -2.34 -2.41 -2.47 -2.53 -2.56 -2.62 -2.69 -2.78 -2.84 -2.91 -3.00 -3.06
-0.09 -0.06 -0.03 -0.03 -0.03 -0.03 -0.03 -0.06 -0.09 -0.12 -0.19 -0.28 -0.38 -0.50 -0.62 -0.84 -0.91 -1.00 -1.09 -1.19 -1.25 -1.31 -1.34 -1.38 -1.34 -1.38 -1.38 -1.31 -1.31 -1.28 -1.28 -1.31 -1.28 -1.22 -1.19 -1.25 -1.44 -1.53 -1.53 -1.34 -1.09 -0.88 -0.84 -1.00 -1.38 -1.75 -1.97 -1.94 -1.78 -1.59 -1.41 -1.34 -1.34 -1.34 -1.38 -1.41 -1.41 -1.47 -1.62 -1.81 -1.88 -1.91 -1.91 -1.94 -1.97 -2.03 -2.09 -2.19 -2.25 -2.31 -2.38 -2.44 -2.50 -2.53 -2.59 -2.66 -2.72 -2.78 -2.88 -2.94 -3.00
0.00 0.03 0.06 0.06 0.06 0.06 0.06 0.03 0.00 -0.03 -0.09 -0.19 -0.25 -0.38 -0.53 -0.78 -0.91 -0.97 -1.09 -1.16 -1.25 -1.28 -1.34 -1.31 -1.31 -1.31 -1.31 -1.25 -1.22 -1.19 -1.19 -1.22 -1.22 -1.19 -1.19 -1.31 -1.53 -1.53 -1.53 -1.34 -1.03 -0.81 -0.75 -0.91 -1.16 -1.44 -1.72 -1.78 -1.75 -1.66 -1.44 -1.34 -1.34 -1.34 -1.38 -1.38 -1.41 -1.44 -1.62 -1.84 -1.91 -1.94 -1.94 -1.97 -1.97 -2.00 -2.06 -2.12 -2.22 -2.28 -2.34 -2.41 -2.47 -2.50 -2.56 -2.62 -2.66 -2.72 -2.81 -2.88 -2.91
0.06 0.09 0.09 0.12 0.12 0.12 0.12 0.09 0.06 0.03 -0.03 -0.12 -0.22 -0.31 -0.44 -0.69 -0.84 -0.94 -1.03 -1.12 -1.22 -1.22 -1.31 -1.31 -1.31 -1.34 -1.41 -1.34 -1.28 -1.12 -1.12 -1.19 -1.22 -1.22 -1.28 -1.41 -1.53 -1.50 -1.47 -1.19 -0.94 -0.69 -0.59 -0.69 -0.91 -1.12 -1.31 -1.41 -1.50 -1.47 -1.34 -1.25 -1.25 -1.31 -1.38 -1.38 -1.41 -1.44 -1.59 -1.81 -1.91 -1.94 -1.97 -2.00 -2.00 -2.00 -2.03 -2.09 -2.16 -2.25 -2.31 -2.38 -2.44 -2.50 -2.56 -2.59 -2.62 -2.66 -2.72 -2.75 -2.81
0.12 0.16 0.16 0.16 0.19 0.16 0.16 0.16 0.12 0.09 0.06 0.00 -0.12 -0.22 -0.31 -0.62 -0.84 -0.91 -1.03 -1.06 -1.12 -1.25 -1.31 -1.38 -1.41 -1.44 -1.53 -1.50 -1.44 -1.31 -1.22 -1.16 -1.22 -1.22 -1.38 -1.47 -1.47 -1.47 -1.31 -1.03 -0.78 -0.53 -0.44 -0.50 -0.66 -0.78 -0.91 -0.97 -1.03 -1.09 -1.03 -0.97 -1.06 -1.25 -1.31 -1.38 -1.41 -1.44 -1.56 -1.72 -1.88 -1.94 -1.97 -2.00 -2.03 -2.03 -2.03 -2.06 -2.12 -2.19 -2.28 -2.34 -2.41 -2.47 -2.50 -2.56 -2.56 -2.59 -2.62 -2.69 -2.78
0.22 0.22 0.22 0.22 0.22 0.22 0.22 0.22 0.19 0.16 0.12 0.06 -0.03 -0.12 -0.22 -0.53 -0.84 -0.94 -1.06 -1.16 -1.28 -1.31 -1.38 -1.47 -1.50 -1.56 -1.59 -1.62 -1.62 -1.56 -1.44 -1.41 -1.41 -1.41 -1.44 -1.44 -1.41 -1.38 -1.12 -0.91 -0.66 -0.41 -0.34 -0.38 -0.44 -0.50 -0.56 -0.62 -0.62 -0.69 -0.66 -0.69 -0.84 -1.12 -1.28 -1.38 -1.38 -1.44 -1.50 -1.62 -1.78 -1.91 -1.94 -2.00 -2.03 -2.03 -2.06 -2.06 -2.12 -2.16 -2.22 -2.31 -2.38 -2.44 -2.47 -2.53 -2.53 -2.56 -2.62 -2.69 -2.78
0.28 0.28 0.28 0.28 0.28 0.28 0.28 0.28 0.25 0.22 0.19 0.16 0.06 0.00 -0.12 -0.50 -0.78 -0.94 -1.09 -1.34 -1.41 -1.47 -1.53 -1.59 -1.66 -1.66 -1.78 -1.81 -1.78 -1.75 -1.56 -1.50 -1.44 -1.38 -1.38 -1.38 -1.28 -1.16 -1.03 -0.81 -0.62 -0.41 -0.31 -0.25 -0.25 -0.28 -0.31 -0.38 -0.38 -0.50 -0.59 -0.59 -0.78 -1.03 -1.22 -1.31 -1.34 -1.38 -1.44 -1.56 -1.69 -1.81 -1.91 -1.97 -2.00 -2.03 -2.03 -2.06 -2.09 -2.12 -2.19 -2.25 -2.31 -2.38 -2.44 -2.50 -2.53 -2.56 -2.56 -2.62 -2.72
0.34 0.34 0.34 0.34 0.34 0.34 0.34 0.34 0.34 0.31 0.28 0.25 0.19 0.12 0.03 -0.41 -0.84 -1.09 -1.34 -1.50 -1.59 -1.62 -1.69 -1.72 -1.75 -1.78 -1.81 -1.84 -1.81 -1.72 -1.50 -1.38 -1.25 -1.25 -1.19 -1.16 -1.09 -0.97 -0.84 -0.69 -0.53 -0.41 -0.25 -0.22 -0.16 -0.19 -0.19 -0.25 -0.31 -0.50 -0.62 -0.75 -0.84 -0.97 -1.09 -1.16 -1.25 -1.31 -1.41 -1.47 -1.56 -1.69 -1.81 -1.91 -1.97 -2.03 -2.06 -2.06 -2.09 -2.12 -2.16 -2.22 -2.28 -2.34 -2.41 -2.47 -2.50 -2.50 -2.56 -2.59 -2.69
0.41 0.41 0.41 0.41 0.41 0.41 0.41 0.41 0.41 0.41 0.41 0.38 0.34 0.28 0.19 -0.16 -0.59 -1.06 -1.28 -1.47 -1.62 -1.69 -1.69 -1.72 -1.72 -1.72 -1.72 -1.66 -1.59 -1.50 -1.31 -1.22 -1.06 -0.94 -0.84 -0.84 -0.72 -0.59 -0.53 -0.53 -0.44 -0.31 -0.19 -0.12 -0.06 -0.06 -0.06 -0.16 -0.25 -0.47 -0.69 -0.81 -0.88 -0.88 -0.88 -0.97 -1.06 -1.16 -1.25 -1.34 -1.44 -1.56 -1.72 -1.88 -1.97 -2.03 -2.06 -2.06 -2.09 -2.12 -2.16 -2.19 -2.22 -2.31 -2.38 -2.44 -2.47 -2.50 -2.53 -2.59 -2.62
0.47 0.47 0.47 0.47 0.47 0.47 0.47 0.47 0.50 0.50 0.53 0.53 0.50 0.47 0.41 0.12 -0.31 -0.59 -1.03 -1.28 -1.38 -1.47 -1.50 -1.53 -1.47 -1.44 -1.34 -1.28 -1.19 -1.12 -1.03 -0.91 -0.78 -0.59 -0.38 -0.28 -0.19 -0.12 -0.09 -0.09 0.00 -0.06 -0.09 -0.03 0.03 0.06 0.06 0.00 -0.12 -0.34 -0.62 -0.72 -0.78 -0.72 -0.69 -0.75 -0.81 -0.91 -1.03 -1.16 -1.28 -1.41 -1.56 -1.75 -1.91 -2.00 -2.03 -2.09 -2.12 -2.12 -2.16 -2.19 -2.22 -2.25 -2.31 -2.38 -2.44 -2.47 -2.53 -2.56 -2.59
0.53 0.53 0.53 0.50 0.50 0.50 0.53 0.53 0.56 0.62 0.66 0.69 0.69 0.66 0.62 0.38 0.09 -0.31 -0.75 -0.81 -0.97 -1.09 -1.09 -1.06 -1.03 -1.00 -0.91 -0.81 -0.75 -0.69 -0.69 -0.50 -0.31 -0.16 -0.03 0.03 0.12 0.19 0.22 0.25 0.31 0.28 0.16 0.12 0.12 0.12 0.16 0.12 0.03 -0.09 -0.25 -0.47 -0.50 -0.53 -0.47 -0.47 -0.50 -0.56 -0.69 -0.84 -1.03 -1.22 -1.41 -1.59 -1.81 -1.97 -2.06 -2.09 -2.09 -2.12 -2.16 -2.19 -2.22 -2.22 -2.25 -2.31 -2.41 -2.44 -2.50 -2.53 -2.56
0.62 0.62 0.59 0.59 0.56 0.56 0.56 0.59 0.66 0.72 0.81 0.84 0.91 0.94 0.84 0.62 0.31 0.00 -0.09 -0.25 -0.38 -0.47 -0.47 -0.47 -0.44 -0.44 -0.34 -0.25 -0.22 -0.16 -0.12 -0.06 0.03 0.16 0.25 0.34 0.41 0.44 0.47 0.50 0.53 0.53 0.50 0.34 0.22 0.22 0.22 0.19 0.12 0.06 -0.06 -0.22 -0.25 -0.25 -0.25 -0.19 -0.19 -0.22 -0.31 -0.50 -0.69 -0.94 -1.16 -1.44 -1.72 -1.91 -2.00 -2.06 -2.09 -2.12 -2.12 -2.16 -2.19 -2.22 -2.25 -2.28 -2.34 -2.41 -2.47 -2.50 -2.56
0.69 0.69 0.66 0.66 0.62 0.59 0.56 0.62 0.69 0.81 0.94 1.03 1.16 1.22 1.09 0.97 0.69 0.62 0.56 0.41 0.28 0.22 0.16 0.12 0.16 0.19 0.28 0.38 0.41 0.41 0.41 0.47 0.50 0.53 0.56 0.62 0.69 0.72 0.75 0.75 0.78 0.78 0.75 0.66 0.53 0.44 0.31 0.28 0.25 0.16 0.03 -0.03 -0.03 0.03 0.06 0.09 0.12 0.12 0.06 -0.09 -0.28 -0.53 -0.78 -1.09 -1.47 -1.78 -1.97 -2.06 -2.09 -2.12 -2.12 -2.16 -2.19 -2.22 -2.25 -2.28 -2.31 -2.34 -2.41 -2.47 -2.53
0.72 0.72 0.75 0.78 0.75 0.66 0.50 0.50 0.66 1.00 1.34 1.56 1.62 1.62 1.56 1.41 1.31 1.31 1.25 1.12 1.00 0.88 0.81 0.78 0.78 0.84 0.94 1.00 1.03 1.00 1.00 0.97 0.97 0.97 0.94 0.94 0.97 1.00 1.00 1.00 1.00 1.00 0.97 0.91 0.81 0.66 0.50 0.34 0.31 0.22 0.16 0.12 0.12 0.22 0.28 0.34 0.38 0.34 0.28 0.22 0.12 -0.06 -0.31 -0.62 -1.00 -1.38 -1.75 -1.97 -2.06 -2.12 -2.16 -2.16 -2.19 -2.22 -2.25 -2.28 -2.31 -2.34 -2.41 -2.44 -2.53
0.84 0.94 1.09 1.22 1.22 1.19 1.12 1.19 1.47 1.84 2.25 2.53 2.50 2.31 2.12 1.84 2.03 1.94 1.91 1.81 1.66 1.53 1.44 1.41 1.44 1.47 1.53 1.62 1.62 1.66 1.59 1.50 1.41 1.41 1.34 1.28 1.28 1.25 1.25 1.19 1.19 1.19 1.16 1.09 1.03 0.91 0.72 0.50 0.38 0.34 0.31 0.19 0.25 0.38 0.44 0.50 0.47 0.44 0.41 0.34 0.25 0.19 0.12 -0.09 -0.44 -0.81 -1.22 -1.62 -1.88 -2.06 -2.12 -2.16 -2.19 -2.19 -2.25 -2.28 -2.31 -2.34 -2.41 -2.44 -2.50
1.50 1.56 1.69 1.81 2.00 2.06 2.25 2.53 2.88 3.25 3.59 3.50 3.22 3.00 2.75 2.62 2.62 2.53 2.44 2.31 2.22 2.09 1.97 1.94 1.97 1.97 2.06 2.12 2.12 2.12 2.12 1.97 1.91 1.88 1.78 1.72 1.66 1.59 1.44 1.44 1.41 1.34 1.31 1.28 1.28 1.25 1.19 0.88 0.59 0.44 0.41 0.41 0.44 0.53 0.62 0.66 0.62 0.59 0.56 0.50 0.44 0.34 0.25 0.16 0.03 -0.19 -0.53 -0.97 -1.41 -1.75 -2.00 -2.12 -2.19 -2.22 -2.25 -2.28 -2.31 -2.34 -2.38 -2.41 -2.44
2.28 2.34 2.47 2.75 3.09 3.44 3.84 4.25 4.34 4.25 3.88 3.59 3.41 3.25 3.12 3.00 2.94 2.97 2.88 2.72 2.66 2.53 2.44 2.41 2.41 2.44 2.50 2.53 2.53 2.53 2.53 2.47 2.31 2.38 2.25 2.16 2.06 2.00 1.84 1.78 1.69 1.59 1.53 1.50 1.50 1.59 1.72 1.66 1.34 1.00 0.78 0.62 0.59 0.69 0.81 0.84 0.81 0.78 0.72 0.66 0.59 0.53 0.41 0.31 0.19 0.06 -0.03 -0.28 -0.72 -1.22 -1.69 -2.00 -2.12 -2.19 -2.22 -2.22 -2.25 -2.28 -2.31 -2.34 -2.41
3.62 3.69 3.91 4.22 4.62 4.88 4.75 4.62 4.59 4.38 4.09 3.88 3.72 3.53 3.38 3.28 3.19 3.19 3.19 3.09 3.06 3.03 2.91 2.88 2.84 2.88 2.88 2.88 2.91 2.88 2.84 2.69 2.56 2.62 2.62 2.56 2.50 2.47 2.38 2.22 2.06 1.88 1.75 1.62 1.62 1.88 2.09 2.06 1.91 1.69 1.41 1.06 0.88 0.88 1.03 1.06 1.03 0.97 0.88 0.81 0.75 0.66 0.56 0.47 0.38 0.25 0.16 0.06 -0.06 -0.50 -1.03 -1.56 -1.94 -2.12 -2.19 -2.19 -2.22 -2.25 -2.28 -2.31 -2.34
5.16 5.16 5.19 5.25 5.25 5.19 5.12 5.03 4.91 4.62 4.41 4.19 4.00 3.81 3.66 3.50 3.41 3.41 3.53 3.50 3.53 3.50 3.41 3.34 3.28 3.25 3.22 3.06 3.12 3.06 2.97 2.72 2.56 2.53 2.81 2.97 3.06 3.03 2.91 2.69 2.47 2.31 2.19 2.09 2.00 2.12 2.38 2.44 2.41 2.28 2.06 1.78 1.53 1.28 1.22 1.31 1.25 1.16 1.06 0.97 0.88 0.81 0.72 0.62 0.53 0.44 0.34 0.22 0.16 0.06 -0.34 -0.94 -1.50 -1.94 -2.12 -2.19 -2.22 -2.22 -2.25 -2.28 -2.31
