everonasctiles/Tile[28,21].asc
ncols 128
nrows 128
xllcorner 0
yllcorner 0
cellsize 2.0
NODATA_value  -9999
[rows 0 to 31 of 128, columns 0 to 70 of 128]
107.75 107.78 107.88 107.88 108.00 108.00 108.03 108.09 108.06 108.03 108.06 108.12 108.19 108.31 108.47 108.59 108.75 108.97 109.16 109.34 109.56 109.78 110.06 110.31 110.59 110.91 111.19 111.50 111.81 112.12 112.50 112.88 113.28 113.72 114.22 114.66 115.22 115.78 116.22 116.62 116.94 117.19 117.38 117.53 117.62 117.66 117.69 117.75 117.88 118.03 118.22 118.41 118.66 118.91 119.16 119.38 119.66 119.91 120.16 120.41 120.59 120.81 121.00 121.12 121.25 121.34 121.41 121.41 121.41 121.41 121.31
108.19 108.31 108.34 108.41 108.50 108.56 108.53 108.53 108.44 108.38 108.34 108.38 108.38 108.50 108.62 108.75 108.88 109.06 109.22 109.44 109.66 109.88 110.12 110.38 110.66 110.97 111.28 111.56 111.91 112.22 112.56 112.94 113.28 113.72 114.16 114.66 115.19 115.72 116.16 116.53 116.84 117.06 117.25 117.41 117.50 117.56 117.66 117.75 117.91 118.06 118.28 118.53 118.72 118.97 119.22 119.47 119.75 120.00 120.25 120.53 120.72 120.94 121.12 121.28 121.41 121.47 121.53 121.53 121.50 121.47 121.41
108.59 108.75 108.84 108.94 109.00 109.00 109.00 108.97 108.91 108.78 108.69 108.59 108.59 108.66 108.75 108.84 108.97 109.19 109.34 109.53 109.75 109.97 110.22 110.47 110.78 111.06 111.38 111.69 112.00 112.31 112.62 113.00 113.38 113.72 114.16 114.59 115.12 115.59 116.03 116.41 116.72 116.94 117.09 117.25 117.31 117.47 117.56 117.72 117.94 118.12 118.38 118.62 118.88 119.12 119.38 119.56 119.81 120.12 120.34 120.59 120.81 121.03 121.22 121.38 121.50 121.56 121.59 121.59 121.56 121.50 121.44
108.91 109.09 109.25 109.38 109.44 109.47 109.41 109.38 109.28 109.16 109.00 108.84 108.81 108.81 108.91 109.00 109.12 109.31 109.47 109.66 109.88 110.12 110.34 110.62 110.91 111.22 111.47 111.78 112.09 112.41 112.69 113.06 113.41 113.75 114.16 114.56 114.94 115.44 115.78 116.16 116.47 116.72 116.88 117.06 117.12 117.34 117.50 117.72 117.91 118.16 118.44 118.72 118.97 119.25 119.53 119.78 119.97 120.19 120.41 120.62 120.88 121.09 121.28 121.44 121.53 121.62 121.66 121.62 121.59 121.53 121.44
109.09 109.38 109.56 109.72 109.81 109.81 109.78 109.72 109.62 109.44 109.28 109.12 109.06 109.03 109.09 109.16 109.28 109.44 109.66 109.81 110.06 110.25 110.53 110.81 111.06 111.38 111.62 111.91 112.22 112.50 112.81 113.12 113.44 113.78 114.16 114.53 114.91 115.22 115.66 116.00 116.28 116.47 116.69 116.84 117.03 117.25 117.44 117.72 117.94 118.25 118.53 118.84 119.16 119.44 119.72 119.94 120.09 120.25 120.44 120.66 120.88 121.09 121.28 121.44 121.56 121.62 121.66 121.62 121.56 121.50 121.41
109.22 109.50 109.78 109.97 110.06 110.09 110.09 109.97 109.84 109.75 109.59 109.47 109.31 109.25 109.28 109.38 109.47 109.62 109.81 110.06 110.28 110.53 110.78 111.03 111.28 111.53 111.81 112.06 112.34 112.62 112.91 113.22 113.50 113.84 114.12 114.47 114.78 115.19 115.50 115.81 116.09 116.31 116.53 116.78 116.97 117.16 117.44 117.72 117.97 118.31 118.62 118.94 119.34 119.66 119.91 120.09 120.22 120.34 120.47 120.69 120.88 121.06 121.28 121.44 121.56 121.62 121.62 121.62 121.53 121.44 121.31
109.25 109.59 109.91 110.12 110.25 110.31 110.28 110.22 110.09 110.03 109.91 109.75 109.56 109.50 109.50 109.56 109.69 109.84 110.06 110.28 110.53 110.75 111.03 111.25 111.53 111.78 112.00 112.25 112.50 112.75 113.03 113.31 113.59 113.84 114.16 114.44 114.75 115.09 115.38 115.69 115.94 116.19 116.44 116.66 116.91 117.16 117.41 117.72 118.03 118.38 118.72 119.06 119.53 119.84 120.06 120.25 120.34 120.47 120.56 120.72 120.88 121.06 121.25 121.41 121.53 121.56 121.59 121.56 121.50 121.38 121.22
109.25 109.62 109.94 110.19 110.34 110.41 110.44 110.41 110.38 110.28 110.16 109.97 109.81 109.81 109.75 109.81 109.94 110.06 110.28 110.53 110.78 111.03 111.28 111.53 111.78 112.00 112.25 112.47 112.69 112.94 113.16 113.44 113.69 113.94 114.19 114.44 114.72 115.00 115.31 115.59 115.81 116.09 116.31 116.59 116.84 117.12 117.44 117.78 118.09 118.50 118.91 119.31 119.69 120.00 120.22 120.34 120.44 120.53 120.59 120.75 120.91 121.06 121.25 121.38 121.47 121.53 121.53 121.50 121.41 121.25 121.09
109.19 109.59 109.94 110.19 110.38 110.50 110.53 110.56 110.56 110.53 110.41 110.25 110.09 110.03 110.03 110.03 110.16 110.31 110.53 110.78 111.03 111.28 111.56 111.84 112.12 112.25 112.53 112.72 112.91 113.09 113.31 113.56 113.78 114.00 114.25 114.47 114.69 114.94 115.22 115.47 115.75 116.03 116.25 116.56 116.88 117.16 117.50 117.84 118.19 118.62 119.03 119.50 119.88 120.12 120.34 120.47 120.56 120.62 120.69 120.78 120.94 121.06 121.22 121.34 121.44 121.47 121.47 121.41 121.28 121.12 120.91
109.22 109.56 109.88 110.16 110.38 110.53 110.62 110.69 110.72 110.72 110.66 110.53 110.41 110.31 110.28 110.28 110.41 110.53 110.75 111.00 111.25 111.56 111.81 112.16 112.44 112.66 112.81 112.94 113.09 113.31 113.50 113.69 113.91 114.09 114.28 114.50 114.72 114.91 115.19 115.44 115.72 116.03 116.31 116.62 116.91 117.22 117.62 117.97 118.41 118.81 119.22 119.66 120.03 120.28 120.47 120.59 120.66 120.72 120.78 120.84 120.94 121.06 121.19 121.28 121.38 121.41 121.38 121.28 121.12 120.94 120.69
109.12 109.47 109.75 110.06 110.34 110.53 110.66 110.75 110.81 110.84 110.84 110.75 110.66 110.53 110.50 110.56 110.69 110.81 111.00 111.25 111.53 111.88 112.19 112.41 112.75 112.94 113.06 113.25 113.34 113.53 113.69 113.88 114.03 114.22 114.38 114.56 114.75 114.94 115.19 115.44 115.72 116.06 116.34 116.66 117.00 117.38 117.78 118.16 118.56 118.94 119.44 119.84 120.19 120.44 120.62 120.72 120.75 120.81 120.81 120.91 120.97 121.03 121.12 121.22 121.28 121.28 121.22 121.09 120.94 120.75 120.56
109.03 109.34 109.66 109.97 110.25 110.47 110.62 110.75 110.88 110.94 110.97 110.94 110.88 110.81 110.75 110.81 110.94 111.06 111.28 111.50 111.72 112.16 112.50 112.75 113.03 113.19 113.34 113.47 113.56 113.72 113.88 114.03 114.16 114.31 114.47 114.62 114.81 115.00 115.25 115.50 115.78 116.12 116.44 116.78 117.19 117.56 117.97 118.38 118.75 119.25 119.66 120.03 120.34 120.59 120.75 120.84 120.88 120.91 120.91 120.94 120.97 121.03 121.09 121.12 121.16 121.12 121.06 120.91 120.75 120.53 120.41
109.03 109.31 109.59 109.84 110.12 110.31 110.53 110.72 110.88 110.97 111.06 111.06 111.03 111.03 111.00 111.09 111.22 111.34 111.56 111.84 112.06 112.38 112.75 113.06 113.31 113.44 113.56 113.69 113.75 113.88 114.03 114.16 114.31 114.44 114.59 114.75 114.91 115.09 115.38 115.62 115.91 116.25 116.62 117.00 117.38 117.75 118.16 118.56 119.03 119.41 119.88 120.25 120.50 120.69 120.88 121.00 121.00 121.03 121.00 120.97 120.97 120.97 121.00 121.00 121.00 120.97 120.88 120.72 120.50 120.38 120.19
109.03 109.28 109.50 109.72 109.97 110.22 110.38 110.62 110.81 110.97 111.09 111.16 111.22 111.25 111.34 111.38 111.53 111.69 111.91 112.19 112.41 112.78 113.09 113.31 113.53 113.66 113.75 113.84 113.94 114.06 114.19 114.31 114.44 114.56 114.69 114.84 115.03 115.25 115.50 115.75 116.09 116.44 116.81 117.19 117.59 117.94 118.44 118.88 119.31 119.72 120.03 120.38 120.66 120.84 121.00 121.12 121.12 121.12 121.06 121.00 120.94 120.91 120.91 120.88 120.84 120.75 120.69 120.50 120.34 120.19 120.06
109.00 109.22 109.47 109.66 109.84 110.06 110.22 110.50 110.75 110.97 111.12 111.28 111.41 111.50 111.59 111.78 111.94 112.06 112.31 112.56 112.81 113.09 113.34 113.56 113.72 113.84 113.91 114.00 114.09 114.19 114.31 114.41 114.53 114.66 114.81 114.97 115.19 115.38 115.62 115.94 116.22 116.62 116.97 117.38 117.81 118.25 118.69 119.16 119.56 119.94 120.25 120.53 120.78 120.97 121.12 121.22 121.25 121.19 121.12 121.03 120.91 120.84 120.78 120.72 120.69 120.59 120.47 120.31 120.19 120.03 119.94
109.06 109.25 109.41 109.62 109.81 110.00 110.22 110.41 110.69 110.94 111.19 111.38 111.53 111.75 111.88 112.09 112.28 112.47 112.69 112.91 113.16 113.38 113.56 113.72 113.88 114.00 114.06 114.16 114.22 114.31 114.44 114.53 114.66 114.78 114.94 115.12 115.31 115.53 115.78 116.12 116.47 116.81 117.19 117.56 117.97 118.53 118.91 119.38 119.75 120.09 120.34 120.66 120.88 121.06 121.22 121.28 121.31 121.28 121.16 121.03 120.88 120.75 120.66 120.56 120.50 120.41 120.28 120.12 120.03 119.94 119.84
109.06 109.25 109.44 109.59 109.81 110.00 110.22 110.44 110.69 110.88 111.19 111.44 111.72 111.94 112.16 112.38 112.53 112.78 113.00 113.22 113.44 113.59 113.78 113.91 114.03 114.12 114.19 114.28 114.31 114.44 114.56 114.66 114.78 114.91 115.09 115.25 115.47 115.72 115.94 116.28 116.66 117.06 117.44 117.88 118.34 118.78 119.19 119.56 119.91 120.22 120.50 120.75 120.94 121.12 121.25 121.31 121.34 121.28 121.16 121.00 120.84 120.69 120.53 120.41 120.31 120.22 120.12 120.00 119.91 119.81 119.75
109.09 109.28 109.44 109.62 109.81 110.00 110.22 110.44 110.69 110.97 111.25 111.56 111.84 112.12 112.38 112.59 112.78 113.03 113.28 113.44 113.62 113.78 113.91 114.00 114.12 114.22 114.31 114.38 114.44 114.53 114.66 114.75 114.84 115.03 115.22 115.41 115.66 115.91 116.16 116.50 116.81 117.25 117.75 118.19 118.62 119.03 119.38 119.69 120.00 120.28 120.56 120.78 120.97 121.16 121.28 121.31 121.31 121.25 121.12 120.97 120.78 120.59 120.41 120.25 120.12 120.06 119.97 119.91 119.81 119.72 119.69
109.22 109.38 109.53 109.66 109.84 110.03 110.25 110.47 110.69 110.97 111.31 111.62 111.91 112.22 112.47 112.75 113.00 113.25 113.44 113.59 113.75 113.88 114.00 114.12 114.22 114.28 114.38 114.47 114.53 114.62 114.72 114.84 114.97 115.19 115.38 115.59 115.81 116.09 116.41 116.69 117.06 117.44 117.97 118.50 118.88 119.22 119.53 119.75 120.06 120.31 120.56 120.78 120.97 121.12 121.22 121.25 121.25 121.19 121.06 120.88 120.66 120.44 120.19 120.09 120.00 119.91 119.84 119.78 119.69 119.62 119.56
109.31 109.47 109.59 109.75 109.91 110.09 110.25 110.50 110.78 111.03 111.38 111.66 112.00 112.28 112.56 112.84 113.09 113.31 113.50 113.69 113.84 113.97 114.06 114.16 114.25 114.34 114.44 114.50 114.59 114.66 114.78 114.91 115.09 115.28 115.50 115.75 116.00 116.31 116.62 117.06 117.47 117.91 118.34 118.78 119.12 119.41 119.66 119.88 120.09 120.31 120.53 120.75 120.91 121.00 121.09 121.12 121.09 121.03 120.91 120.72 120.50 120.28 120.03 119.97 119.84 119.78 119.72 119.66 119.59 119.53 119.47
109.44 109.56 109.69 109.81 109.97 110.16 110.34 110.56 110.81 111.09 111.38 111.69 112.00 112.31 112.56 112.88 113.12 113.34 113.56 113.72 113.84 113.97 114.09 114.19 114.28 114.38 114.44 114.53 114.59 114.69 114.81 114.97 115.16 115.38 115.62 115.91 116.19 116.53 116.94 117.38 117.81 118.22 118.62 118.97 119.28 119.53 119.72 119.94 120.12 120.28 120.50 120.69 120.81 120.84 120.91 120.91 120.88 120.81 120.69 120.50 120.28 120.09 119.91 119.81 119.72 119.66 119.59 119.56 119.50 119.44 119.41
109.59 109.69 109.81 109.94 110.06 110.22 110.38 110.62 110.84 111.09 111.38 111.69 111.97 112.28 112.56 112.84 113.09 113.31 113.53 113.69 113.84 113.97 114.06 114.16 114.25 114.34 114.44 114.50 114.59 114.72 114.84 115.03 115.25 115.47 115.75 116.03 116.38 116.78 117.22 117.66 118.12 118.47 118.84 119.16 119.38 119.62 119.78 119.94 120.09 120.25 120.41 120.56 120.66 120.66 120.66 120.66 120.56 120.50 120.38 120.19 120.00 119.88 119.75 119.66 119.59 119.53 119.50 119.44 119.41 119.38 119.34
109.69 109.81 109.91 110.03 110.16 110.28 110.47 110.66 110.91 111.16 111.41 111.62 111.94 112.22 112.50 112.78 113.03 113.19 113.47 113.66 113.78 113.91 114.00 114.12 114.22 114.28 114.38 114.47 114.59 114.75 114.88 115.06 115.31 115.59 115.88 116.19 116.62 117.06 117.53 118.00 118.41 118.78 119.09 119.34 119.53 119.69 119.81 119.91 120.06 120.19 120.31 120.41 120.44 120.44 120.41 120.25 120.22 120.16 120.00 119.88 119.78 119.69 119.59 119.53 119.47 119.44 119.41 119.38 119.34 119.31 119.31
109.88 109.94 110.03 110.12 110.22 110.38 110.53 110.72 110.94 111.19 111.41 111.69 111.91 112.16 112.41 112.69 112.97 113.19 113.38 113.56 113.72 113.84 113.94 114.06 114.16 114.28 114.38 114.47 114.59 114.72 114.91 115.09 115.31 115.62 115.97 116.38 116.81 117.25 117.75 118.22 118.62 118.97 119.25 119.47 119.62 119.69 119.78 119.84 119.97 120.06 120.12 120.19 120.19 120.12 120.09 119.91 119.88 119.75 119.69 119.66 119.59 119.53 119.47 119.44 119.41 119.38 119.34 119.34 119.31 119.31 119.28
110.06 110.09 110.16 110.25 110.34 110.44 110.59 110.78 110.97 111.19 111.44 111.69 111.94 112.16 112.41 112.62 112.84 113.16 113.31 113.53 113.69 113.78 113.91 114.03 114.16 114.28 114.38 114.50 114.62 114.75 114.91 115.16 115.41 115.75 116.12 116.50 116.94 117.44 117.91 118.34 118.75 119.09 119.38 119.53 119.66 119.72 119.75 119.75 119.81 119.88 119.91 119.94 119.88 119.84 119.75 119.66 119.56 119.50 119.47 119.44 119.41 119.41 119.38 119.38 119.34 119.31 119.31 119.31 119.31 119.28 119.28
110.25 110.28 110.28 110.38 110.47 110.56 110.69 110.88 111.06 111.25 111.47 111.72 111.97 112.16 112.41 112.66 112.88 113.12 113.31 113.50 113.66 113.78 113.94 114.03 114.16 114.28 114.41 114.53 114.69 114.84 115.03 115.25 115.56 115.84 116.22 116.62 117.09 117.59 118.09 118.53 118.91 119.22 119.44 119.59 119.69 119.72 119.72 119.69 119.62 119.66 119.66 119.59 119.56 119.50 119.44 119.34 119.31 119.28 119.25 119.25 119.28 119.28 119.31 119.31 119.28 119.28 119.28 119.28 119.28 119.31 119.31
110.44 110.44 110.44 110.50 110.56 110.69 110.81 110.94 111.09 111.34 111.53 111.75 111.97 112.22 112.47 112.69 112.94 113.12 113.34 113.53 113.66 113.84 113.97 114.09 114.22 114.34 114.47 114.62 114.78 114.94 115.12 115.41 115.66 115.97 116.34 116.69 117.16 117.72 118.22 118.62 119.00 119.28 119.50 119.62 119.69 119.69 119.66 119.59 119.47 119.38 119.34 119.28 119.25 119.25 119.19 119.12 119.09 119.09 119.09 119.16 119.19 119.22 119.25 119.25 119.25 119.25 119.25 119.28 119.28 119.31 119.31
110.62 110.59 110.59 110.62 110.69 110.78 110.91 111.03 111.19 111.41 111.62 111.84 112.06 112.31 112.53 112.78 113.00 113.22 113.38 113.56 113.72 113.88 114.03 114.19 114.31 114.44 114.56 114.75 114.88 115.12 115.34 115.59 115.91 116.19 116.50 116.91 117.28 117.78 118.25 118.69 119.03 119.31 119.50 119.62 119.69 119.66 119.56 119.47 119.31 119.12 119.09 119.06 119.00 118.97 118.94 118.94 118.94 118.97 119.00 119.03 119.09 119.12 119.19 119.19 119.22 119.22 119.25 119.25 119.28 119.34 119.38
110.75 110.75 110.72 110.75 110.81 110.91 111.03 111.16 111.31 111.53 111.72 111.94 112.16 112.41 112.66 112.84 113.09 113.28 113.47 113.66 113.84 114.00 114.16 114.28 114.44 114.56 114.69 114.88 115.06 115.31 115.56 115.81 116.09 116.41 116.72 117.00 117.41 117.88 118.31 118.69 119.03 119.28 119.50 119.59 119.62 119.59 119.50 119.34 119.09 118.97 118.88 118.81 118.75 118.72 118.72 118.75 118.81 118.84 118.91 118.97 119.03 119.09 119.12 119.16 119.16 119.19 119.22 119.25 119.31 119.38 119.44
110.84 110.84 110.81 110.88 110.94 111.03 111.12 111.28 111.44 111.66 111.84 112.09 112.31 112.56 112.78 113.00 113.19 113.41 113.59 113.75 113.94 114.12 114.28 114.44 114.59 114.69 114.88 115.09 115.31 115.53 115.78 116.06 116.34 116.59 116.94 117.12 117.50 117.91 118.31 118.69 119.00 119.25 119.41 119.50 119.50 119.44 119.31 119.16 118.94 118.78 118.62 118.56 118.53 118.53 118.53 118.62 118.69 118.75 118.81 118.88 118.94 119.00 119.06 119.09 119.09 119.12 119.16 119.25 119.31 119.41 119.47
110.94 110.94 110.94 111.00 111.06 111.12 111.25 111.41 111.56 111.78 112.00 112.25 112.47 112.69 112.94 113.16 113.34 113.53 113.75 113.94 114.09 114.28 114.44 114.59 114.75 114.88 115.06 115.25 115.53 115.75 116.03 116.34 116.66 116.94 117.19 117.47 117.72 118.00 118.34 118.66 118.91 119.16 119.31 119.34 119.34 119.25 119.06 118.91 118.72 118.56 118.47 118.34 118.31 118.34 118.41 118.47 118.56 118.66 118.72 118.81 118.88 118.91 118.94 119.00 119.03 119.06 119.09 119.22 119.28 119.38 119.50
111.00 111.00 111.06 111.09 111.16 111.25 111.38 111.53 111.75 111.97 112.16 112.44 112.66 112.88 113.09 113.31 113.50 113.69 113.91 114.09 114.28 114.44 114.59 114.75 114.88 115.06 115.22 115.47 115.66 116.03 116.34 116.66 116.94 117.19 117.41 117.66 117.88 118.16 118.41 118.62 118.88 119.06 119.19 119.19 119.16 119.03 118.88 118.66 118.50 118.38 118.28 118.19 118.16 118.19 118.25 118.38 118.47 118.56 118.66 118.72 118.78 118.81 118.84 118.91 118.94 118.97 119.06 119.12 119.22 119.38 119.47
