everonasctiles/Tile25,26.asc
ncols 128
nrows 128
xllcorner 0
yllcorner 0
cellsize 2.0
NODATA_value  -9999
[rows 32 to 63 of 128, columns 0 to 70 of 128]
165.97 165.50 165.06 164.66 164.28 163.91 163.56 163.22 162.88 162.56 162.25 161.84 161.19 160.62 160.41 160.38 160.31 160.28 160.25 160.19 159.91 159.31 158.88 158.47 158.03 157.50 157.09 156.69 156.28 155.91 155.66 155.41 155.22 155.03 154.84 154.62 154.41 154.16 153.91 153.69 153.44 153.22 152.97 152.69 152.34 151.94 151.47 150.97 150.47 149.91 149.47 149.00 148.59 148.25 147.91 147.59 147.31 146.97 146.59 146.25 145.84 145.41 144.91 144.38 143.81 143.28 142.78 142.34 142.09 141.84 141.59
165.78 165.31 164.88 164.44 164.00 163.66 163.31 162.97 162.59 162.25 161.84 161.25 160.69 160.50 160.47 160.41 160.38 160.34 160.31 160.09 159.53 158.97 158.56 158.16 157.78 157.31 156.88 156.47 156.06 155.69 155.44 155.16 154.97 154.78 154.59 154.41 154.16 153.91 153.66 153.38 153.16 152.91 152.69 152.44 152.12 151.75 151.34 150.88 150.38 149.78 149.34 148.84 148.47 148.09 147.72 147.41 147.06 146.69 146.28 145.91 145.47 144.94 144.53 144.03 143.59 143.12 142.72 142.31 142.03 141.78 141.53
165.62 165.09 164.59 164.19 163.81 163.44 163.06 162.69 162.34 161.94 161.31 160.78 160.56 160.53 160.50 160.47 160.44 160.41 160.25 159.72 158.97 158.66 158.34 157.94 157.53 157.03 156.62 156.22 155.81 155.50 155.19 154.94 154.69 154.50 154.25 154.12 153.91 153.66 153.41 153.06 152.84 152.53 152.34 152.09 151.81 151.50 151.09 150.56 150.19 149.72 149.22 148.75 148.28 147.88 147.50 147.16 146.81 146.41 145.97 145.53 145.00 144.47 144.12 143.69 143.31 142.94 142.56 142.22 141.94 141.72 141.47
165.47 164.97 164.44 164.00 163.59 163.16 162.78 162.41 162.03 161.41 160.88 160.66 160.59 160.56 160.53 160.50 160.47 160.41 159.84 159.09 158.62 158.31 158.03 157.59 157.22 156.78 156.31 155.91 155.53 155.25 154.97 154.69 154.44 154.22 154.00 153.81 153.62 153.38 153.09 152.81 152.47 152.16 151.91 151.59 151.31 151.09 150.75 150.34 149.91 149.44 148.97 148.50 148.06 147.59 147.19 146.84 146.47 146.06 145.59 145.12 144.69 144.25 143.78 143.47 143.06 142.75 142.44 142.12 141.84 141.62 141.41
165.28 164.78 164.31 163.81 163.41 163.00 162.56 162.12 161.50 160.94 160.69 160.66 160.66 160.59 160.56 160.53 160.50 160.06 159.28 158.59 158.31 157.97 157.72 157.34 156.94 156.47 156.12 155.72 155.28 154.97 154.69 154.44 154.19 153.97 153.75 153.50 153.31 153.09 152.81 152.53 152.19 151.75 151.38 151.19 150.78 150.59 150.28 149.91 149.50 149.06 148.59 148.16 147.75 147.34 146.91 146.53 146.06 145.69 145.22 144.78 144.38 143.97 143.59 143.22 142.91 142.59 142.31 142.03 141.78 141.53 141.31
165.03 164.62 164.12 163.66 163.25 162.78 162.31 161.66 161.03 160.75 160.72 160.69 160.66 160.66 160.62 160.56 160.22 159.50 158.78 158.47 158.16 157.78 157.44 157.09 156.69 156.28 155.88 155.47 155.09 154.75 154.44 154.16 153.94 153.72 153.50 153.28 153.06 152.84 152.56 152.19 151.91 151.50 151.09 150.66 150.31 149.97 149.75 149.38 149.00 148.59 148.16 147.78 147.38 147.00 146.62 146.22 145.81 145.34 144.94 144.50 144.09 143.69 143.31 142.97 142.72 142.47 142.19 141.94 141.69 141.44 141.22
164.88 164.47 164.00 163.56 163.09 162.62 162.00 161.16 160.81 160.75 160.75 160.72 160.69 160.69 160.66 160.34 159.69 159.00 158.66 158.34 158.03 157.69 157.31 156.94 156.50 156.06 155.59 155.16 154.84 154.50 154.19 153.94 153.69 153.50 153.28 153.06 152.84 152.62 152.34 152.00 151.56 151.12 150.75 150.34 149.91 149.56 149.16 148.88 148.50 148.16 147.75 147.34 147.00 146.59 146.25 145.91 145.50 145.09 144.66 144.25 143.84 143.47 143.12 142.84 142.59 142.34 142.09 141.88 141.59 141.34 141.16
164.62 164.28 163.84 163.38 162.91 162.38 161.44 160.88 160.78 160.78 160.75 160.75 160.72 160.69 160.47 159.91 159.22 158.91 158.59 158.28 157.97 157.59 157.22 156.81 156.38 155.91 155.47 155.03 154.62 154.28 154.00 153.72 153.50 153.28 153.06 152.81 152.59 152.38 152.09 151.75 151.34 150.91 150.41 150.00 149.59 149.09 148.72 148.44 148.06 147.75 147.41 147.03 146.66 146.28 145.94 145.59 145.22 144.81 144.38 144.00 143.62 143.28 142.97 142.72 142.50 142.25 142.03 141.78 141.56 141.28 141.06
164.44 164.06 163.59 163.19 162.72 161.84 161.06 160.81 160.81 160.78 160.78 160.78 160.75 160.56 160.09 159.50 159.19 158.88 158.53 158.22 157.91 157.56 157.19 156.78 156.31 155.81 155.34 154.88 154.44 154.12 153.81 153.56 153.31 153.09 152.84 152.62 152.41 152.16 151.84 151.53 151.09 150.62 150.19 149.72 149.25 148.81 148.41 147.97 147.69 147.34 147.00 146.66 146.31 145.97 145.62 145.28 144.91 144.53 144.16 143.75 143.41 143.12 142.84 142.62 142.41 142.19 141.97 141.75 141.50 141.28 141.03
164.31 163.91 163.47 163.03 162.41 161.38 160.84 160.84 160.81 160.81 160.81 160.78 160.66 160.25 159.78 159.44 159.19 158.91 158.56 158.25 157.91 157.53 157.16 156.72 156.28 155.75 155.28 154.78 154.34 153.97 153.66 153.38 153.12 152.91 152.66 152.41 152.22 151.91 151.62 151.25 150.84 150.38 149.88 149.34 148.88 148.44 148.06 147.66 147.31 147.00 146.66 146.31 145.97 145.66 145.31 144.97 144.59 144.25 143.94 143.59 143.28 143.03 142.78 142.53 142.34 142.12 141.91 141.69 141.47 141.22 141.03
164.16 163.72 163.25 162.81 162.00 161.09 160.84 160.84 160.84 160.81 160.81 160.75 160.47 160.06 159.78 159.56 159.31 159.03 158.72 158.38 158.00 157.59 157.19 156.75 156.25 155.78 155.25 154.75 154.28 153.91 153.53 153.22 152.97 152.72 152.47 152.19 151.94 151.66 151.28 150.94 150.53 150.06 149.59 149.09 148.62 148.16 147.69 147.34 147.00 146.69 146.34 146.03 145.69 145.38 145.06 144.72 144.38 144.06 143.72 143.44 143.19 142.94 142.72 142.50 142.31 142.09 141.88 141.66 141.44 141.22 140.97
163.97 163.56 163.12 162.69 161.69 160.91 160.84 160.84 160.84 160.84 160.81 160.66 160.34 160.09 159.97 159.72 159.44 159.16 158.81 158.44 158.06 157.66 157.25 156.78 156.31 155.81 155.28 154.78 154.28 153.84 153.44 153.12 152.81 152.53 152.25 151.94 151.69 151.38 151.00 150.62 150.19 149.75 149.31 148.84 148.34 147.91 147.50 147.06 146.69 146.38 146.06 145.75 145.47 145.12 144.81 144.50 144.19 143.88 143.62 143.34 143.09 142.91 142.66 142.47 142.28 142.06 141.84 141.62 141.38 141.19 140.91
163.88 163.47 163.03 162.53 161.50 160.88 160.84 160.84 160.84 160.84 160.81 160.59 160.38 160.28 160.09 159.88 159.56 159.22 158.84 158.47 158.06 157.66 157.22 156.78 156.34 155.84 155.34 154.78 154.28 153.84 153.41 153.03 152.69 152.31 152.03 151.72 151.41 151.06 150.69 150.31 149.91 149.47 149.00 148.56 148.03 147.56 147.22 146.84 146.50 146.16 145.88 145.56 145.25 144.97 144.69 144.41 144.09 143.81 143.53 143.28 143.06 142.88 142.66 142.50 142.25 142.03 141.84 141.59 141.38 141.12 140.81
163.78 163.31 162.94 162.38 161.34 160.88 160.88 160.84 160.84 160.84 160.81 160.66 160.56 160.47 160.28 159.97 159.62 159.25 158.88 158.47 158.06 157.62 157.19 156.75 156.28 155.84 155.34 154.84 154.28 153.81 153.38 152.94 152.56 152.19 151.81 151.50 151.16 150.75 150.38 150.03 149.62 149.19 148.75 148.31 147.88 147.38 147.00 146.62 146.31 146.03 145.72 145.44 145.16 144.91 144.62 144.34 144.03 143.78 143.53 143.28 143.06 142.88 142.66 142.50 142.31 142.03 141.84 141.59 141.34 141.06 140.78
163.69 163.28 162.88 162.38 161.41 160.88 160.88 160.88 160.88 160.88 160.88 160.78 160.78 160.69 160.38 160.03 159.69 159.28 158.88 158.47 158.03 157.59 157.16 156.72 156.25 155.78 155.31 154.81 154.31 153.78 153.28 152.88 152.41 152.06 151.72 151.28 150.91 150.53 150.16 149.78 149.41 148.97 148.53 148.09 147.69 147.22 146.84 146.50 146.16 145.88 145.56 145.34 145.09 144.81 144.56 144.31 144.03 143.78 143.53 143.25 143.06 142.88 142.66 142.56 142.38 142.09 141.91 141.56 141.25 141.00 140.69
163.66 163.22 162.81 162.34 161.44 160.91 160.91 160.91 160.91 160.91 160.91 160.97 161.03 160.81 160.47 160.09 159.72 159.31 158.91 158.47 158.03 157.56 157.12 156.66 156.19 155.75 155.28 154.78 154.28 153.78 153.28 152.81 152.38 151.97 151.56 151.12 150.78 150.41 150.00 149.59 149.19 148.75 148.34 147.88 147.47 147.09 146.72 146.38 146.03 145.78 145.53 145.28 145.06 144.84 144.59 144.34 144.06 143.81 143.53 143.28 143.06 142.91 142.72 142.62 142.47 142.25 141.97 141.59 141.22 140.91 140.56
163.56 163.19 162.75 162.34 161.50 160.97 160.94 160.94 160.94 160.94 160.97 161.12 161.22 160.91 160.53 160.16 159.75 159.34 158.91 158.47 158.00 157.53 157.06 156.62 156.16 155.69 155.22 154.75 154.22 153.72 153.25 152.75 152.28 151.84 151.44 151.03 150.66 150.25 149.88 149.47 149.00 148.59 148.16 147.75 147.31 147.00 146.62 146.28 145.97 145.72 145.50 145.28 145.06 144.84 144.59 144.38 144.09 143.81 143.56 143.31 143.09 142.94 142.81 142.69 142.50 142.28 142.00 141.62 141.19 140.81 140.50
163.53 163.16 162.75 162.38 161.59 161.00 160.94 160.94 160.94 160.94 160.97 161.19 161.34 160.97 160.62 160.22 159.81 159.38 158.91 158.44 157.97 157.50 157.03 156.56 156.06 155.59 155.16 154.69 154.19 153.66 153.19 152.72 152.22 151.75 151.31 151.00 150.62 150.22 149.75 149.31 148.94 148.47 148.06 147.69 147.28 146.91 146.59 146.28 145.97 145.72 145.47 145.25 145.06 144.84 144.62 144.41 144.12 143.88 143.59 143.31 143.12 142.97 142.81 142.72 142.53 142.28 141.97 141.59 141.19 140.75 140.41
163.50 163.16 162.78 162.41 161.75 161.09 160.94 160.94 160.94 160.94 160.94 161.16 161.38 161.06 160.66 160.28 159.84 159.38 158.91 158.44 157.94 157.47 156.97 156.47 156.00 155.50 155.03 154.59 154.09 153.56 153.06 152.62 152.16 151.66 151.25 150.91 150.56 150.16 149.66 149.28 148.81 148.34 147.97 147.59 147.22 146.84 146.53 146.25 145.97 145.72 145.50 145.28 145.09 144.88 144.66 144.44 144.19 143.88 143.66 143.38 143.16 142.97 142.81 142.69 142.50 142.25 141.94 141.53 141.12 140.75 140.28
163.50 163.16 162.81 162.47 162.00 161.25 160.94 160.94 160.94 160.94 160.91 161.03 161.34 161.12 160.72 160.31 159.88 159.41 158.94 158.44 157.91 157.41 156.91 156.38 155.88 155.38 154.91 154.44 153.94 153.44 152.94 152.50 152.06 151.56 151.12 150.78 150.47 150.06 149.62 149.19 148.69 148.25 147.88 147.53 147.16 146.84 146.53 146.28 146.03 145.81 145.56 145.34 145.12 144.94 144.75 144.50 144.28 143.97 143.72 143.44 143.19 142.94 142.78 142.59 142.38 142.12 141.81 141.47 141.06 140.66 140.19
163.50 163.19 162.88 162.59 162.25 161.50 160.97 160.91 160.91 160.88 160.84 160.84 161.19 161.19 160.78 160.38 159.91 159.44 158.94 158.41 157.88 157.34 156.81 156.28 155.75 155.25 154.75 154.25 153.75 153.28 152.81 152.34 151.91 151.44 151.00 150.59 150.28 149.91 149.50 149.06 148.62 148.22 147.81 147.47 147.16 146.84 146.59 146.31 146.09 145.84 145.62 145.44 145.25 145.03 144.84 144.59 144.34 144.06 143.72 143.50 143.19 142.91 142.69 142.50 142.25 141.97 141.66 141.31 140.91 140.50 140.16
163.50 163.22 162.91 162.66 162.41 161.75 161.06 160.84 160.81 160.78 160.75 160.72 160.97 161.16 160.88 160.44 159.94 159.44 158.94 158.38 157.81 157.25 156.72 156.16 155.62 155.06 154.56 154.06 153.56 153.09 152.62 152.16 151.72 151.25 150.81 150.44 150.06 149.72 149.31 148.91 148.50 148.09 147.75 147.41 147.09 146.88 146.62 146.41 146.12 145.97 145.78 145.56 145.38 145.16 144.94 144.66 144.41 144.09 143.75 143.53 143.19 142.94 142.66 142.34 142.03 141.81 141.47 141.12 140.75 140.38 140.06
163.50 163.22 162.94 162.69 162.47 162.06 161.28 160.78 160.75 160.69 160.66 160.59 160.59 160.94 160.91 160.50 159.97 159.47 158.91 158.34 157.75 157.16 156.59 156.00 155.44 154.91 154.38 153.84 153.34 152.88 152.41 151.97 151.53 151.06 150.59 150.22 149.91 149.53 149.12 148.75 148.34 147.97 147.66 147.38 147.16 146.91 146.66 146.50 146.31 146.09 145.94 145.72 145.50 145.28 144.97 144.72 144.41 144.09 143.81 143.53 143.22 142.88 142.59 142.22 141.91 141.62 141.31 140.94 140.62 140.28 139.97
163.50 163.22 162.94 162.72 162.50 162.28 161.56 160.81 160.66 160.62 160.50 160.41 160.19 160.34 160.34 160.44 160.03 159.50 158.88 158.28 157.66 157.03 156.44 155.84 155.25 154.69 154.16 153.62 153.12 152.62 152.16 151.72 151.28 150.84 150.38 150.03 149.69 149.34 148.97 148.59 148.25 147.94 147.62 147.38 147.19 147.00 146.84 146.59 146.41 146.22 146.03 145.84 145.62 145.38 145.09 144.75 144.44 144.09 143.78 143.47 143.16 142.84 142.50 142.12 141.81 141.50 141.16 140.78 140.47 140.16 139.84
163.47 163.19 162.94 162.69 162.47 162.28 161.84 161.03 160.53 160.41 160.31 160.09 159.72 159.28 159.28 159.38 159.53 159.47 158.84 158.19 157.53 156.88 156.25 155.62 155.03 154.44 153.91 153.38 152.88 152.38 151.91 151.47 151.03 150.62 150.16 149.84 149.50 149.16 148.81 148.47 148.16 147.84 147.59 147.38 147.25 147.06 146.94 146.75 146.50 146.31 146.16 145.94 145.72 145.44 145.09 144.75 144.38 144.06 143.72 143.38 143.09 142.72 142.41 142.03 141.72 141.34 141.00 140.69 140.38 140.03 139.72
163.41 163.12 162.88 162.62 162.41 162.22 162.00 161.28 160.47 160.22 160.03 159.78 159.38 158.94 158.31 157.94 158.03 158.41 158.50 158.06 157.34 156.69 156.03 155.38 154.75 154.19 153.62 153.09 152.56 152.09 151.62 151.19 150.78 150.38 149.94 149.62 149.31 148.97 148.69 148.38 148.06 147.81 147.56 147.41 147.28 147.16 147.00 146.78 146.56 146.44 146.25 146.03 145.78 145.50 145.12 144.72 144.31 143.91 143.59 143.28 142.97 142.62 142.34 142.00 141.66 141.31 140.94 140.59 140.28 139.94 139.69
163.34 163.03 162.78 162.53 162.31 162.12 161.97 161.56 160.72 159.97 159.84 159.44 159.00 158.59 157.97 157.41 156.91 156.78 157.03 157.28 157.12 156.44 155.75 155.09 154.47 153.88 153.31 152.78 152.28 151.78 151.34 150.91 150.50 150.09 149.69 149.41 149.12 148.81 148.53 148.28 148.00 147.75 147.56 147.41 147.31 147.19 147.00 146.81 146.62 146.47 146.28 146.06 145.81 145.50 145.06 144.72 144.28 143.84 143.53 143.22 142.84 142.59 142.28 141.94 141.59 141.22 140.91 140.56 140.19 139.91 139.62
163.22 162.94 162.66 162.44 162.19 162.00 161.81 161.66 161.03 160.25 159.53 159.06 158.66 158.22 157.62 157.06 156.53 155.97 155.53 156.03 156.31 156.12 155.44 154.78 154.12 153.53 152.97 152.44 151.94 151.47 151.03 150.59 150.22 149.84 149.47 149.19 148.94 148.66 148.41 148.12 147.91 147.72 147.50 147.41 147.31 147.16 147.03 146.84 146.66 146.47 146.28 146.06 145.81 145.47 145.12 144.69 144.25 143.88 143.53 143.16 142.81 142.53 142.19 141.88 141.56 141.19 140.84 140.50 140.22 139.94 139.69
163.09 162.81 162.53 162.28 162.06 161.84 161.62 161.47 161.25 160.69 159.75 158.81 158.44 157.88 157.31 156.72 156.16 155.59 155.25 154.88 155.28 155.47 155.06 154.41 153.75 153.16 152.59 152.06 151.59 151.12 150.69 150.28 149.91 149.56 149.25 149.00 148.75 148.50 148.28 148.03 147.84 147.66 147.47 147.38 147.28 147.16 147.00 146.84 146.66 146.47 146.25 146.03 145.78 145.44 145.06 144.62 144.19 143.81 143.47 143.16 142.84 142.53 142.19 141.84 141.56 141.22 140.88 140.59 140.28 139.97 139.72
162.94 162.62 162.38 162.12 161.88 161.66 161.44 161.25 161.06 160.88 160.28 159.31 158.41 157.53 156.97 156.34 155.78 155.25 154.84 154.53 154.28 154.50 154.50 153.97 153.34 152.75 152.19 151.69 151.22 150.78 150.34 149.97 149.62 149.31 149.03 148.81 148.59 148.38 148.16 147.94 147.75 147.56 147.41 147.31 147.25 147.12 146.97 146.81 146.62 146.44 146.22 145.97 145.69 145.41 145.03 144.59 144.25 143.81 143.53 143.22 142.84 142.53 142.25 141.91 141.62 141.28 140.97 140.66 140.34 140.06 139.81
162.75 162.47 162.19 161.94 161.69 161.44 161.22 161.00 160.81 160.59 160.41 159.97 159.12 158.00 156.75 155.97 155.25 154.84 154.44 154.09 153.75 153.78 153.81 153.47 152.88 152.28 151.78 151.28 150.81 150.41 150.03 149.66 149.34 149.06 148.84 148.66 148.44 148.25 148.03 147.84 147.66 147.47 147.34 147.28 147.19 147.09 146.94 146.75 146.53 146.34 146.16 145.91 145.59 145.34 144.97 144.59 144.22 143.94 143.62 143.28 142.94 142.66 142.34 142.03 141.72 141.38 141.06 140.78 140.47 140.19 139.97
162.56 162.25 161.97 161.72 161.47 161.22 160.97 160.75 160.53 160.31 160.09 159.84 159.56 158.78 157.53 156.12 154.84 154.38 154.00 153.66 153.44 153.19 153.12 152.91 152.38 151.81 151.31 150.84 150.44 150.03 149.69 149.38 149.06 148.84 148.66 148.50 148.31 148.12 147.94 147.75 147.56 147.38 147.28 147.19 147.12 147.00 146.88 146.69 146.50 146.28 146.03 145.81 145.53 145.25 144.94 144.59 144.31 144.03 143.69 143.38 143.09 142.81 142.50 142.16 141.88 141.56 141.22 140.91 140.59 140.34 140.09
