everonasctiles/Tile[8,20].asc
ncols 128
nrows 128
xllcorner 0
yllcorner 0
cellsize 2.0
NODATA_value  -9999
[rows 0 to 33 of 128, columns 0 to 76 of 128]
91.28 91.91 92.53 93.19 93.88 94.56 95.31 96.09 96.75 97.34 97.84 98.25 98.72 99.22 99.72 100.25 100.78 101.44 102.06 102.69 103.31 103.81 104.44 105.03 105.53 106.25 106.88 107.50 108.22 108.94 109.59 110.22 110.78 111.28 111.72 112.03 112.28 112.44 112.50 112.56 112.59 112.62 112.66 112.69 112.72 112.78 112.81 112.88 112.88 112.81 112.72 112.62 112.47 112.31 112.12 111.94 111.78 111.62 111.47 111.31 111.19 111.09 110.97 110.84 110.75 110.62 110.53 110.44 110.34 110.25 110.22 110.25 110.19 110.16 110.12 110.06 110.00
91.06 91.69 92.31 92.97 93.62 94.34 95.03 95.78 96.44 96.97 97.47 97.97 98.47 98.97 99.44 100.00 100.59 101.19 101.81 102.38 102.97 103.53 104.09 104.62 105.28 105.91 106.50 107.16 107.81 108.38 109.19 109.84 110.44 110.91 111.44 111.81 112.06 112.22 112.28 112.31 112.31 112.34 112.31 112.28 112.34 112.41 112.47 112.56 112.62 112.66 112.62 112.53 112.44 112.28 112.12 111.97 111.81 111.66 111.53 111.41 111.28 111.16 111.06 110.94 110.81 110.72 110.62 110.53 110.41 110.31 110.22 110.12 110.06 110.06 110.09 110.03 110.00
90.91 91.50 92.12 92.78 93.41 94.12 94.78 95.47 96.09 96.62 97.16 97.69 98.19 98.69 99.25 99.81 100.38 100.94 101.53 102.09 102.69 103.22 103.78 104.38 104.97 105.56 106.19 106.78 107.47 108.12 108.81 109.47 110.06 110.66 111.12 111.50 111.72 111.88 111.97 111.97 112.00 111.97 111.94 111.91 111.91 111.97 112.00 112.12 112.28 112.38 112.41 112.38 112.28 112.19 112.06 111.91 111.78 111.66 111.53 111.44 111.31 111.22 111.09 111.00 110.91 110.78 110.69 110.59 110.50 110.41 110.31 110.22 110.12 110.06 109.97 109.91 109.88
90.72 91.31 91.91 92.56 93.22 93.88 94.53 95.16 95.78 96.31 96.88 97.41 97.97 98.50 99.06 99.62 100.16 100.72 101.28 101.84 102.38 102.94 103.50 104.06 104.62 105.28 105.94 106.56 107.19 107.75 108.38 109.03 109.66 110.22 110.69 111.03 111.25 111.44 111.56 111.62 111.56 111.56 111.50 111.47 111.44 111.53 111.56 111.72 111.84 112.00 112.09 112.09 112.06 112.00 111.91 111.78 111.69 111.59 111.50 111.41 111.31 111.22 111.12 111.03 110.94 110.84 110.75 110.66 110.56 110.47 110.38 110.31 110.22 110.12 110.06 109.97 109.88
90.53 91.09 91.69 92.34 93.00 93.66 94.28 94.91 95.50 96.06 96.62 97.16 97.72 98.28 98.84 99.41 99.94 100.50 101.03 101.56 102.09 102.66 103.16 103.81 104.41 105.03 105.66 106.28 106.88 107.41 107.91 108.47 109.22 109.66 110.19 110.53 110.81 111.00 111.09 111.12 111.12 111.09 110.97 111.00 111.00 111.06 111.12 111.28 111.44 111.50 111.66 111.72 111.75 111.72 111.66 111.59 111.53 111.47 111.41 111.34 111.28 111.19 111.09 111.03 110.94 110.84 110.75 110.69 110.59 110.53 110.44 110.38 110.31 110.22 110.16 110.06 109.97
90.34 90.94 91.53 92.16 92.75 93.41 94.03 94.66 95.25 95.81 96.38 96.94 97.53 98.06 98.62 99.19 99.69 100.28 100.81 101.31 101.88 102.41 102.97 103.56 104.16 104.75 105.41 106.00 106.56 107.06 107.59 108.09 108.72 109.22 109.53 109.94 110.28 110.47 110.59 110.56 110.59 110.62 110.59 110.53 110.59 110.62 110.72 110.88 111.00 111.06 111.25 111.28 111.34 111.34 111.34 111.31 111.31 111.28 111.25 111.22 111.16 111.09 111.03 110.97 110.91 110.81 110.75 110.69 110.62 110.56 110.50 110.44 110.38 110.31 110.25 110.19 110.09
90.19 90.75 91.34 91.97 92.53 93.19 93.78 94.41 95.00 95.56 96.16 96.72 97.31 97.88 98.44 98.94 99.53 100.06 100.59 101.12 101.66 102.19 102.75 103.31 103.84 104.50 105.09 105.69 106.25 106.72 107.25 107.75 108.09 108.53 109.03 109.41 109.69 109.81 109.94 110.09 110.12 110.09 110.16 110.12 110.16 110.22 110.31 110.44 110.53 110.69 110.81 110.84 110.91 110.97 110.97 110.97 111.00 111.03 111.03 111.03 111.00 110.97 110.91 110.88 110.81 110.75 110.72 110.66 110.59 110.56 110.53 110.47 110.44 110.41 110.38 110.31 110.25
90.06 90.59 91.19 91.81 92.41 92.97 93.56 94.22 94.78 95.38 95.94 96.53 97.12 97.69 98.22 98.78 99.34 99.88 100.38 100.94 101.44 101.97 102.50 103.06 103.66 104.22 104.81 105.38 105.91 106.44 106.88 107.31 107.66 108.03 108.44 108.81 109.12 109.31 109.47 109.59 109.56 109.66 109.72 109.72 109.78 109.84 109.94 110.03 110.12 110.22 110.38 110.41 110.44 110.53 110.56 110.56 110.66 110.69 110.75 110.78 110.78 110.75 110.72 110.69 110.66 110.62 110.62 110.59 110.56 110.53 110.50 110.50 110.50 110.47 110.47 110.44 110.41
89.91 90.47 91.06 91.66 92.25 92.81 93.44 94.03 94.56 95.19 95.78 96.34 96.91 97.50 98.06 98.62 99.16 99.62 100.19 100.75 101.28 101.78 102.34 102.88 103.41 103.97 104.50 105.03 105.56 106.06 106.53 106.91 107.25 107.62 107.97 108.31 108.56 108.72 108.97 109.06 109.19 109.28 109.31 109.34 109.41 109.47 109.53 109.59 109.75 109.84 109.91 109.94 110.03 110.06 110.12 110.22 110.25 110.34 110.41 110.44 110.44 110.47 110.44 110.44 110.44 110.44 110.47 110.47 110.44 110.44 110.47 110.47 110.50 110.50 110.53 110.56 110.53
89.81 90.41 90.94 91.53 92.12 92.72 93.28 93.81 94.44 95.03 95.59 96.19 96.78 97.34 97.91 98.44 98.97 99.47 100.06 100.59 101.12 101.66 102.16 102.66 103.19 103.69 104.16 104.66 105.19 105.72 106.16 106.50 106.91 107.25 107.53 107.81 108.09 108.34 108.53 108.69 108.78 108.88 108.94 109.00 109.03 109.09 109.16 109.25 109.31 109.41 109.47 109.56 109.59 109.69 109.72 109.81 109.91 109.94 110.00 110.03 110.06 110.00 110.00 110.06 110.06 110.19 110.22 110.25 110.28 110.31 110.34 110.38 110.44 110.50 110.56 110.62 110.66
89.75 90.31 90.88 91.41 92.03 92.59 93.19 93.72 94.28 94.84 95.44 96.00 96.59 97.16 97.72 98.28 98.81 99.34 99.88 100.44 100.97 101.47 101.97 102.47 102.91 103.44 103.91 104.44 104.91 105.38 105.78 106.16 106.53 106.84 107.16 107.41 107.69 107.91 108.06 108.28 108.41 108.50 108.59 108.62 108.69 108.75 108.78 108.84 108.94 109.00 109.06 109.12 109.22 109.25 109.31 109.44 109.50 109.56 109.59 109.62 109.62 109.62 109.56 109.59 109.66 109.69 109.88 109.94 110.03 110.06 110.12 110.19 110.28 110.41 110.53 110.66 110.72
89.66 90.19 90.78 91.34 91.91 92.50 93.06 93.59 94.12 94.72 95.22 95.84 96.44 96.97 97.56 98.12 98.66 99.22 99.78 100.28 100.81 101.31 101.81 102.25 102.72 103.19 103.69 104.16 104.62 105.03 105.44 105.81 106.19 106.50 106.75 107.03 107.28 107.50 107.72 107.91 108.03 108.16 108.22 108.28 108.31 108.34 108.41 108.50 108.56 108.62 108.69 108.78 108.84 108.88 108.94 109.00 109.09 109.16 109.22 109.22 109.22 109.19 109.19 109.22 109.25 109.25 109.41 109.50 109.59 109.69 109.78 109.84 110.00 110.16 110.34 110.53 110.66
89.56 90.16 90.69 91.28 91.81 92.38 92.94 93.47 94.03 94.53 95.06 95.66 96.25 96.84 97.41 97.97 98.53 99.09 99.62 100.16 100.66 101.12 101.62 102.03 102.50 102.94 103.44 103.91 104.28 104.75 105.16 105.50 105.84 106.16 106.44 106.69 106.94 107.09 107.34 107.53 107.69 107.81 107.88 107.91 107.97 108.00 108.06 108.12 108.19 108.22 108.31 108.38 108.47 108.53 108.59 108.62 108.69 108.75 108.78 108.78 108.78 108.78 108.78 108.75 108.78 108.84 108.91 109.00 109.09 109.25 109.38 109.47 109.66 109.84 110.09 110.31 110.50
89.53 90.03 90.59 91.19 91.72 92.28 92.81 93.34 93.88 94.41 94.97 95.53 96.09 96.66 97.22 97.84 98.38 98.94 99.50 100.00 100.50 100.97 101.41 101.88 102.38 102.81 103.28 103.72 104.12 104.50 104.88 105.19 105.53 105.84 106.09 106.34 106.59 106.81 107.00 107.19 107.31 107.44 107.53 107.56 107.59 107.66 107.69 107.78 107.81 107.91 108.00 108.03 108.12 108.19 108.22 108.28 108.31 108.31 108.38 108.38 108.38 108.34 108.34 108.34 108.38 108.41 108.50 108.59 108.66 108.78 108.94 109.12 109.31 109.50 109.78 110.03 110.22
89.47 90.00 90.53 91.06 91.62 92.16 92.69 93.22 93.75 94.28 94.81 95.34 95.91 96.50 97.12 97.72 98.28 98.84 99.38 99.88 100.34 100.81 101.25 101.75 102.22 102.69 103.09 103.50 103.88 104.28 104.62 104.94 105.25 105.53 105.78 106.06 106.28 106.47 106.66 106.84 106.97 107.06 107.16 107.19 107.28 107.31 107.34 107.41 107.50 107.59 107.66 107.75 107.78 107.84 107.88 107.91 107.91 107.94 107.97 108.00 108.00 107.97 107.94 107.94 107.97 108.00 108.06 108.19 108.22 108.41 108.56 108.75 108.94 109.12 109.44 109.72 109.88
89.41 89.94 90.44 90.97 91.50 92.06 92.56 93.06 93.59 94.16 94.69 95.28 95.84 96.38 96.97 97.59 98.16 98.72 99.22 99.69 100.19 100.66 101.16 101.62 102.09 102.53 102.94 103.31 103.69 104.06 104.38 104.69 104.97 105.25 105.53 105.75 106.00 106.19 106.34 106.47 106.59 106.69 106.81 106.88 106.94 106.97 107.03 107.09 107.19 107.25 107.38 107.44 107.47 107.50 107.53 107.53 107.56 107.56 107.56 107.56 107.53 107.56 107.50 107.53 107.56 107.62 107.69 107.75 107.88 108.00 108.12 108.34 108.53 108.78 109.03 109.28 109.44
89.31 89.88 90.34 90.91 91.44 91.97 92.47 93.00 93.53 94.09 94.66 95.22 95.75 96.31 96.88 97.47 98.03 98.56 99.06 99.62 100.12 100.66 101.16 101.62 102.03 102.41 102.81 103.16 103.50 103.81 104.12 104.41 104.72 105.00 105.19 105.50 105.72 105.91 106.06 106.19 106.28 106.38 106.47 106.53 106.59 106.66 106.72 106.81 106.91 107.00 107.06 107.12 107.12 107.16 107.19 107.19 107.19 107.19 107.19 107.19 107.19 107.16 107.12 107.16 107.19 107.25 107.31 107.44 107.50 107.62 107.78 107.94 108.19 108.38 108.59 108.78 108.81
89.31 89.81 90.34 90.81 91.38 91.91 92.41 92.94 93.50 94.03 94.56 95.12 95.72 96.28 96.84 97.38 97.94 98.47 99.00 99.50 100.06 100.62 101.12 101.59 102.00 102.34 102.69 103.00 103.28 103.59 103.88 104.16 104.41 104.72 105.00 105.28 105.47 105.62 105.81 105.91 105.97 106.03 106.16 106.19 106.28 106.34 106.44 106.56 106.59 106.72 106.78 106.81 106.88 106.88 106.84 106.81 106.84 106.84 106.84 106.78 106.78 106.75 106.75 106.78 106.81 106.88 106.94 107.06 107.16 107.28 107.44 107.59 107.78 107.97 108.16 108.28 108.41
89.31 89.78 90.31 90.84 91.31 91.81 92.34 92.88 93.44 94.00 94.53 95.12 95.66 96.19 96.75 97.31 97.81 98.34 98.91 99.50 100.09 100.62 101.09 101.59 102.00 102.34 102.59 102.84 103.06 103.34 103.62 103.91 104.22 104.50 104.81 105.06 105.34 105.50 105.59 105.66 105.72 105.75 105.81 105.91 106.00 106.12 106.22 106.31 106.38 106.44 106.47 106.53 106.53 106.50 106.50 106.50 106.47 106.47 106.44 106.41 106.41 106.38 106.31 106.34 106.44 106.50 106.62 106.75 106.84 106.97 107.09 107.22 107.44 107.59 107.75 107.81 107.91
89.31 89.78 90.31 90.81 91.31 91.78 92.31 92.88 93.44 94.00 94.53 95.09 95.59 96.16 96.72 97.22 97.75 98.34 98.94 99.53 100.03 100.62 101.09 101.59 101.97 102.25 102.47 102.66 102.81 103.12 103.38 103.69 103.97 104.25 104.62 104.94 105.19 105.38 105.44 105.47 105.50 105.53 105.53 105.59 105.75 105.88 105.97 106.03 106.09 106.12 106.16 106.16 106.16 106.12 106.12 106.09 106.09 106.09 106.03 106.03 106.00 105.97 105.91 106.00 106.03 106.09 106.28 106.38 106.50 106.66 106.75 106.94 107.06 107.19 107.34 107.47 107.50
89.34 89.84 90.34 90.81 91.28 91.78 92.28 92.81 93.38 93.94 94.50 95.06 95.56 96.09 96.62 97.12 97.72 98.31 98.91 99.47 99.97 100.59 101.09 101.53 101.88 102.09 102.31 102.44 102.62 102.88 103.16 103.41 103.81 104.12 104.53 104.81 105.06 105.19 105.25 105.25 105.25 105.22 105.25 105.34 105.47 105.53 105.66 105.72 105.75 105.75 105.75 105.75 105.72 105.72 105.72 105.69 105.72 105.69 105.62 105.59 105.59 105.56 105.53 105.56 105.62 105.78 105.94 106.06 106.22 106.34 106.50 106.62 106.78 106.91 106.97 107.06 107.16
89.38 89.88 90.34 90.78 91.28 91.75 92.25 92.78 93.34 93.88 94.44 94.97 95.47 95.97 96.50 97.03 97.59 98.16 98.75 99.34 100.00 100.53 101.03 101.44 101.72 101.94 102.09 102.22 102.41 102.66 102.84 103.22 103.59 104.00 104.34 104.66 104.84 104.94 104.94 104.97 104.94 104.91 104.97 105.06 105.12 105.16 105.28 105.34 105.38 105.34 105.34 105.28 105.28 105.22 105.22 105.25 105.22 105.22 105.19 105.19 105.16 105.09 105.12 105.19 105.28 105.44 105.59 105.75 105.91 106.06 106.22 106.34 106.47 106.59 106.69 106.75 106.81
89.41 89.88 90.34 90.78 91.25 91.75 92.25 92.75 93.22 93.81 94.31 94.84 95.34 95.91 96.47 97.06 97.59 98.16 98.75 99.34 99.91 100.41 100.91 101.28 101.59 101.78 101.91 101.97 102.16 102.41 102.69 102.97 103.38 103.75 104.09 104.38 104.56 104.59 104.62 104.59 104.47 104.50 104.59 104.66 104.69 104.81 104.81 104.84 104.84 104.88 104.84 104.81 104.78 104.75 104.75 104.75 104.78 104.78 104.75 104.72 104.72 104.66 104.72 104.75 104.91 105.06 105.25 105.44 105.59 105.78 105.94 106.09 106.22 106.31 106.41 106.50 106.53
89.41 89.88 90.34 90.78 91.22 91.69 92.19 92.69 93.22 93.72 94.25 94.75 95.28 95.81 96.38 96.94 97.56 98.16 98.72 99.22 99.75 100.28 100.69 101.12 101.41 101.59 101.69 101.75 101.94 102.19 102.44 102.75 103.09 103.47 103.78 104.03 104.19 104.19 104.22 104.19 104.06 104.16 104.19 104.19 104.31 104.34 104.34 104.41 104.41 104.31 104.31 104.31 104.31 104.34 104.28 104.31 104.31 104.31 104.28 104.28 104.28 104.25 104.31 104.38 104.53 104.72 104.91 105.09 105.28 105.47 105.66 105.84 106.00 106.12 106.22 106.28 106.31
89.44 89.91 90.34 90.78 91.25 91.66 92.16 92.66 93.12 93.59 94.12 94.62 95.16 95.78 96.31 96.94 97.50 98.03 98.56 98.94 99.56 100.12 100.59 100.97 101.22 101.38 101.47 101.59 101.72 101.91 102.16 102.44 102.78 103.12 103.41 103.62 103.75 103.72 103.75 103.66 103.66 103.75 103.78 103.78 103.88 103.94 103.88 103.91 103.88 103.84 103.84 103.84 103.88 103.84 103.88 103.84 103.84 103.88 103.84 103.84 103.84 103.84 103.91 104.03 104.19 104.38 104.59 104.78 105.00 105.25 105.47 105.69 105.84 106.00 106.06 106.12 106.19
89.47 89.91 90.31 90.78 91.25 91.66 92.09 92.56 93.00 93.50 94.00 94.53 95.06 95.69 96.28 96.84 97.38 97.88 98.28 98.91 99.44 99.97 100.41 100.75 101.03 101.19 101.31 101.38 101.53 101.72 101.97 102.22 102.47 102.72 102.97 103.19 103.22 103.25 103.28 103.22 103.25 103.31 103.38 103.38 103.47 103.50 103.50 103.44 103.44 103.44 103.41 103.41 103.41 103.41 103.41 103.41 103.41 103.34 103.38 103.38 103.41 103.44 103.56 103.69 103.84 104.00 104.28 104.47 104.75 104.97 105.28 105.44 105.66 105.81 105.88 105.94 105.97
89.44 89.94 90.38 90.81 91.25 91.66 92.09 92.53 92.94 93.44 93.97 94.44 95.03 95.59 96.12 96.66 97.16 97.66 98.19 98.72 99.25 99.75 100.19 100.53 100.81 101.00 101.09 101.22 101.34 101.56 101.75 101.97 102.19 102.38 102.56 102.72 102.72 102.81 102.88 102.88 102.94 102.97 103.00 103.03 103.06 103.06 103.06 103.03 103.00 102.97 102.97 102.94 102.94 102.94 102.94 102.94 102.91 102.94 102.91 102.97 103.00 103.09 103.19 103.38 103.53 103.75 103.97 104.22 104.47 104.75 105.03 105.22 105.41 105.56 105.59 105.69 105.72
89.50 89.94 90.38 90.81 91.25 91.62 92.03 92.47 92.91 93.41 93.91 94.38 94.91 95.38 95.91 96.41 96.91 97.44 97.97 98.53 99.03 99.53 99.97 100.28 100.59 100.81 100.94 101.06 101.19 101.34 101.50 101.69 101.88 102.06 102.16 102.28 102.34 102.44 102.47 102.53 102.59 102.59 102.62 102.69 102.69 102.69 102.66 102.66 102.59 102.59 102.56 102.53 102.53 102.50 102.44 102.47 102.47 102.44 102.50 102.56 102.59 102.72 102.88 103.06 103.19 103.44 103.66 103.91 104.19 104.47 104.72 104.94 105.09 105.19 105.25 105.28 105.34
89.50 89.97 90.38 90.75 91.19 91.53 91.94 92.38 92.81 93.28 93.75 94.22 94.69 95.19 95.62 96.16 96.69 97.19 97.75 98.28 98.72 99.22 99.72 100.06 100.38 100.62 100.78 100.91 101.06 101.16 101.34 101.50 101.62 101.75 101.84 101.94 102.00 102.06 102.09 102.22 102.25 102.25 102.31 102.34 102.31 102.34 102.31 102.25 102.25 102.19 102.16 102.09 102.06 102.06 102.00 101.97 101.94 101.94 102.00 102.12 102.25 102.41 102.56 102.72 102.91 103.09 103.34 103.59 103.88 104.12 104.34 104.53 104.66 104.72 104.75 104.84 104.84
89.53 89.94 90.34 90.72 91.09 91.47 91.88 92.28 92.72 93.16 93.62 94.06 94.53 94.97 95.38 95.94 96.44 96.97 97.44 98.06 98.59 98.97 99.44 99.81 100.19 100.41 100.56 100.78 100.91 101.00 101.19 101.28 101.38 101.44 101.53 101.59 101.66 101.75 101.81 101.91 101.94 101.94 102.00 102.03 102.00 102.00 102.00 101.91 101.88 101.81 101.78 101.75 101.72 101.59 101.56 101.53 101.50 101.56 101.59 101.75 101.91 102.06 102.22 102.38 102.56 102.78 103.00 103.25 103.47 103.69 103.75 103.91 104.12 104.16 104.22 104.31 104.31
89.53 89.88 90.25 90.62 90.97 91.34 91.75 92.16 92.59 93.03 93.47 93.91 94.31 94.69 95.22 95.72 96.19 96.78 97.34 97.78 98.38 98.88 99.31 99.69 99.97 100.19 100.34 100.59 100.75 100.88 100.97 101.00 101.06 101.16 101.22 101.28 101.41 101.47 101.50 101.59 101.66 101.69 101.72 101.72 101.69 101.69 101.66 101.62 101.56 101.50 101.44 101.38 101.31 101.28 101.22 101.16 101.19 101.16 101.25 101.38 101.47 101.69 101.88 102.03 102.22 102.41 102.62 102.81 102.97 103.12 103.22 103.31 103.59 103.62 103.69 103.66 103.59
89.47 89.78 90.16 90.50 90.88 91.22 91.62 92.06 92.47 92.88 93.31 93.69 94.12 94.53 95.00 95.47 96.03 96.56 97.12 97.72 98.25 98.72 99.12 99.50 99.78 99.94 100.19 100.34 100.50 100.62 100.69 100.72 100.75 100.81 100.91 101.03 101.12 101.22 101.28 101.34 101.38 101.41 101.44 101.41 101.41 101.41 101.31 101.31 101.22 101.19 101.09 101.06 101.00 100.94 100.84 100.78 100.78 100.81 100.91 101.00 101.12 101.34 101.50 101.66 101.84 102.00 102.12 102.25 102.47 102.59 102.59 102.84 103.00 102.97 103.00 103.00 102.97
89.38 89.72 90.06 90.41 90.75 91.09 91.50 91.94 92.31 92.72 93.16 93.56 93.94 94.38 94.78 95.31 95.78 96.31 96.88 97.59 98.16 98.66 99.06 99.34 99.53 99.75 99.94 100.09 100.16 100.31 100.38 100.38 100.50 100.53 100.66 100.78 100.88 100.97 101.03 101.09 101.16 101.16 101.16 101.16 101.12 101.09 101.06 100.97 100.94 100.88 100.81 100.75 100.66 100.59 100.59 100.50 100.50 100.53 100.59 100.69 100.84 100.97 101.12 101.31 101.47 101.56 101.62 101.78 101.84 101.97 102.16 102.28 102.41 102.41 102.47 102.50 102.47
89.28 89.66 90.00 90.31 90.66 91.03 91.38 91.81 92.22 92.62 93.03 93.38 93.78 94.22 94.66 95.12 95.62 96.16 96.75 97.50 98.09 98.56 98.91 99.16 99.34 99.50 99.62 99.75 99.84 99.91 99.94 100.06 100.09 100.28 100.34 100.53 100.66 100.75 100.84 100.91 100.94 100.94 100.94 100.91 100.84 100.81 100.75 100.69 100.66 100.56 100.53 100.47 100.41 100.34 100.31 100.28 100.25 100.22 100.28 100.38 100.47 100.66 100.78 100.91 101.03 101.12 101.22 101.25 101.41 101.53 101.66 101.78 101.88 101.91 101.97 102.00 101.97
