everonasctiles/Tile16,23.asc
ncols 128
nrows 128
xllcorner 0
yllcorner 0
cellsize 2.0
NODATA_value  -9999
[rows 68 to 101 of 128, columns 0 to 76 of 128]
80.94 80.31 79.66 79.00 78.31 77.62 76.91 76.12 75.31 74.44 73.50 72.56 71.53 70.44 69.25 68.28 67.81 67.75 67.69 67.66 67.47 66.97 67.06 67.19 67.28 67.25 67.16 67.03 66.91 66.09 65.47 64.94 64.38 63.81 63.22 62.59 61.97 61.34 60.69 59.94 59.06 58.06 57.03 55.97 54.94 54.03 53.31 52.94 52.78 52.66 52.53 52.38 52.22 52.06 51.88 51.69 51.50 51.31 51.09 50.81 50.56 50.28 50.00 49.75 49.50 49.28 49.09 49.00 48.91 48.84 48.81 48.78 48.75 48.75 48.72 48.72 48.69
80.94 80.28 79.62 78.97 78.28 77.59 76.88 76.09 75.31 74.47 73.56 72.66 71.66 70.59 69.44 68.25 67.41 67.06 67.03 67.03 66.75 66.84 67.00 67.16 67.25 67.12 66.84 66.38 65.72 65.38 64.94 64.41 63.88 63.28 62.69 62.06 61.44 60.78 60.09 59.31 58.41 57.44 56.44 55.41 54.47 53.69 53.16 52.91 52.72 52.56 52.41 52.25 52.09 51.91 51.75 51.56 51.38 51.16 50.88 50.59 50.31 50.06 49.78 49.53 49.34 49.16 49.00 48.91 48.84 48.81 48.78 48.75 48.75 48.72 48.72 48.69 48.69
80.91 80.25 79.59 78.94 78.25 77.56 76.84 76.09 75.31 74.50 73.62 72.72 71.78 70.75 69.66 68.44 67.41 66.66 66.41 66.41 66.41 66.56 66.72 66.44 66.06 65.97 65.81 65.69 65.38 64.91 64.50 64.22 63.69 62.88 62.12 61.56 60.94 60.28 59.47 58.66 57.78 56.84 55.91 54.97 54.16 53.50 53.12 52.88 52.66 52.50 52.31 52.16 51.97 51.78 51.59 51.38 51.19 50.94 50.62 50.34 50.09 49.81 49.59 49.38 49.19 49.03 48.91 48.84 48.81 48.78 48.75 48.75 48.75 48.72 48.72 48.69 48.66
80.91 80.25 79.59 78.91 78.25 77.56 76.84 76.09 75.31 74.53 73.69 72.81 71.88 70.91 69.88 68.75 67.59 66.66 66.03 66.03 66.19 66.28 66.12 65.62 65.47 65.31 65.31 65.22 65.12 64.78 64.59 64.16 63.31 62.38 61.59 61.03 60.38 59.69 58.84 58.06 57.19 56.31 55.44 54.62 53.91 53.41 53.09 52.81 52.59 52.41 52.22 52.03 51.84 51.66 51.44 51.22 50.97 50.69 50.38 50.09 49.84 49.62 49.41 49.22 49.06 48.94 48.88 48.81 48.78 48.75 48.75 48.75 48.72 48.72 48.69 48.66 48.66
80.91 80.22 79.56 78.91 78.22 77.53 76.81 76.09 75.34 74.56 73.72 72.88 71.97 71.03 70.06 69.03 67.94 66.88 66.03 65.88 65.94 66.03 65.31 65.03 64.91 64.72 64.66 64.59 64.03 64.28 64.16 63.66 62.78 61.69 61.16 60.53 59.78 59.03 58.22 57.47 56.66 55.81 55.03 54.31 53.72 53.31 53.00 52.75 52.53 52.34 52.12 51.94 51.72 51.50 51.28 51.03 50.75 50.41 50.12 49.84 49.62 49.44 49.25 49.09 48.97 48.91 48.84 48.78 48.75 48.75 48.72 48.72 48.72 48.72 48.69 48.66 48.62
80.88 80.22 79.56 78.88 78.22 77.53 76.81 76.09 75.34 74.59 73.78 72.94 72.09 71.19 70.25 69.28 68.28 67.22 66.00 65.81 65.84 65.72 64.66 64.50 64.31 64.09 63.88 63.69 63.28 63.31 62.91 62.09 61.47 60.94 60.81 60.03 59.03 58.31 57.59 56.88 56.12 55.38 54.66 54.03 53.53 53.19 52.91 52.66 52.44 52.22 52.03 51.81 51.59 51.38 51.12 50.84 50.50 50.16 49.88 49.62 49.44 49.28 49.12 49.00 48.91 48.84 48.81 48.75 48.75 48.72 48.72 48.72 48.72 48.72 48.69 48.66 48.62
80.88 80.22 79.53 78.88 78.19 77.50 76.81 76.09 75.38 74.62 73.84 73.03 72.19 71.31 70.44 69.50 68.56 67.53 65.88 65.81 65.78 64.84 64.19 63.94 63.69 63.44 63.12 62.81 62.44 62.03 61.72 61.31 60.72 60.06 59.47 58.91 58.31 57.66 57.00 56.31 55.62 54.94 54.31 53.78 53.34 53.03 52.78 52.56 52.34 52.12 51.91 51.69 51.47 51.22 50.94 50.66 50.31 49.97 49.69 49.47 49.28 49.16 49.03 48.94 48.84 48.81 48.78 48.75 48.72 48.72 48.72 48.72 48.72 48.69 48.69 48.66 48.62
80.88 80.22 79.53 78.88 78.19 77.50 76.81 76.12 75.41 74.69 73.91 73.12 72.31 71.47 70.62 69.75 68.81 67.25 65.94 65.88 65.75 64.41 63.84 63.41 63.00 62.62 62.28 61.91 61.50 61.09 60.69 60.25 59.81 59.31 58.78 58.22 57.62 57.00 56.38 55.72 55.09 54.50 53.97 53.50 53.16 52.88 52.66 52.44 52.22 52.00 51.78 51.56 51.31 51.06 50.78 50.50 50.16 49.84 49.56 49.34 49.19 49.06 48.94 48.88 48.81 48.78 48.75 48.75 48.72 48.72 48.72 48.72 48.69 48.69 48.66 48.62 48.59
80.88 80.22 79.53 78.88 78.19 77.53 76.81 76.12 75.44 74.72 74.00 73.22 72.44 71.62 70.81 69.97 69.09 67.03 66.19 66.12 65.56 64.41 63.66 63.03 62.44 61.91 61.44 60.97 60.56 60.16 59.78 59.38 58.97 58.56 58.06 57.53 56.97 56.38 55.75 55.12 54.56 54.03 53.56 53.22 52.91 52.69 52.50 52.31 52.09 51.88 51.66 51.44 51.19 50.94 50.66 50.38 50.06 49.75 49.47 49.28 49.09 48.97 48.88 48.81 48.78 48.75 48.75 48.72 48.72 48.72 48.72 48.72 48.69 48.69 48.66 48.62 48.59
80.91 80.22 79.56 78.88 78.19 77.53 76.84 76.16 75.47 74.78 74.06 73.31 72.56 71.81 71.00 70.19 69.34 67.03 66.53 66.50 65.69 64.47 63.56 62.75 61.97 61.28 60.69 60.16 59.69 59.28 58.91 58.56 58.22 57.84 57.41 56.94 56.38 55.78 55.19 54.56 54.00 53.53 53.16 52.88 52.69 52.50 52.34 52.16 51.97 51.75 51.53 51.31 51.06 50.81 50.56 50.25 49.97 49.66 49.41 49.19 49.03 48.91 48.84 48.78 48.75 48.75 48.75 48.72 48.72 48.72 48.72 48.72 48.72 48.69 48.66 48.62 48.59
80.94 80.25 79.56 78.88 78.22 77.53 76.88 76.19 75.53 74.84 74.16 73.44 72.72 71.97 71.22 70.44 69.59 67.50 66.72 66.75 66.31 64.69 63.66 62.66 61.72 60.88 60.16 59.53 59.00 58.59 58.25 57.91 57.62 57.28 56.91 56.47 55.94 55.34 54.72 54.06 53.50 53.03 52.72 52.53 52.44 52.31 52.19 52.03 51.84 51.62 51.41 51.19 50.97 50.72 50.47 50.19 49.91 49.62 49.34 49.12 48.97 48.84 48.78 48.75 48.75 48.72 48.72 48.72 48.72 48.72 48.72 48.72 48.72 48.69 48.66 48.62 48.59
80.97 80.28 79.59 78.91 78.22 77.56 76.88 76.25 75.56 74.91 74.25 73.56 72.88 72.16 71.44 70.69 69.88 68.59 66.78 66.81 66.81 65.12 63.97 62.88 61.81 60.88 60.06 59.31 58.78 58.28 57.88 57.56 57.28 56.97 56.62 56.19 55.66 55.03 54.34 53.62 52.97 52.53 52.34 52.25 52.19 52.16 52.03 51.88 51.72 51.53 51.31 51.09 50.88 50.66 50.41 50.16 49.88 49.59 49.28 49.06 48.91 48.81 48.75 48.72 48.69 48.69 48.69 48.66 48.66 48.66 48.69 48.72 48.72 48.69 48.66 48.62 48.59
81.00 80.31 79.62 78.94 78.25 77.59 76.94 76.28 75.66 75.00 74.38 73.72 73.06 72.38 71.69 70.97 70.19 69.41 67.12 66.88 66.94 66.44 64.47 63.31 62.22 61.22 60.34 59.56 58.97 58.47 58.06 57.69 57.34 56.97 56.62 56.19 55.62 55.00 54.31 53.53 52.69 52.31 52.22 52.16 52.12 52.06 51.97 51.81 51.66 51.47 51.28 51.06 50.84 50.62 50.41 50.16 49.88 49.59 49.25 49.00 48.88 48.78 48.75 48.72 48.69 48.69 48.66 48.66 48.66 48.66 48.69 48.72 48.72 48.69 48.66 48.62 48.59
81.06 80.34 79.66 78.97 78.31 77.62 77.00 76.34 75.72 75.12 74.50 73.88 73.25 72.59 71.94 71.28 70.56 69.84 68.56 67.00 67.09 67.19 65.47 64.03 62.94 61.91 61.03 60.28 59.69 59.16 58.72 58.34 57.94 57.53 57.09 56.59 56.03 55.38 54.69 53.97 53.03 52.59 52.44 52.34 52.25 52.12 52.00 51.84 51.69 51.47 51.28 51.03 50.81 50.62 50.41 50.19 49.91 49.62 49.25 48.97 48.84 48.78 48.75 48.72 48.69 48.66 48.66 48.66 48.66 48.66 48.69 48.72 48.72 48.69 48.66 48.62 48.59
81.12 80.41 79.72 79.03 78.34 77.72 77.06 76.44 75.84 75.25 74.66 74.06 73.47 72.84 72.22 71.62 71.00 70.34 69.66 67.62 67.28 67.41 67.25 65.00 63.94 62.97 62.12 61.38 60.78 60.28 59.81 59.34 58.88 58.41 57.94 57.41 56.78 56.16 55.50 54.84 54.09 53.53 53.12 52.88 52.66 52.44 52.22 52.00 51.78 51.56 51.31 51.06 50.84 50.66 50.47 50.22 49.97 49.69 49.31 48.94 48.81 48.78 48.75 48.72 48.72 48.69 48.69 48.69 48.69 48.69 48.72 48.72 48.72 48.69 48.66 48.62 48.59
81.22 80.50 79.81 79.12 78.44 77.81 77.19 76.59 76.00 75.44 74.84 74.28 73.72 73.12 72.56 72.00 71.44 70.84 70.22 69.25 67.50 67.62 67.78 67.03 65.19 64.34 63.56 62.88 62.31 61.72 61.22 60.72 60.16 59.62 59.06 58.44 57.78 57.16 56.53 55.94 55.34 54.81 54.28 53.81 53.44 53.09 52.72 52.38 52.03 51.72 51.44 51.16 50.88 50.75 50.56 50.31 50.06 49.75 49.41 48.94 48.84 48.78 48.75 48.72 48.72 48.69 48.69 48.69 48.69 48.69 48.69 48.72 48.72 48.69 48.66 48.62 48.59
81.31 80.62 79.91 79.22 78.59 77.97 77.38 76.78 76.22 75.66 75.12 74.56 74.00 73.44 72.88 72.38 71.84 71.31 70.72 70.09 68.62 67.84 68.06 68.31 66.97 65.78 65.16 64.53 63.97 63.41 62.84 62.28 61.66 60.97 60.28 59.62 58.97 58.38 57.81 57.28 56.78 56.31 55.75 55.16 54.56 54.03 53.50 53.00 52.50 52.00 51.59 51.31 51.09 50.88 50.66 50.44 50.19 49.88 49.53 49.06 48.88 48.78 48.75 48.72 48.69 48.66 48.66 48.66 48.66 48.66 48.66 48.69 48.72 48.69 48.69 48.66 48.62
81.47 80.75 80.06 79.41 78.75 78.16 77.59 77.06 76.50 75.97 75.41 74.84 74.31 73.75 73.22 72.72 72.25 71.72 71.19 70.62 70.06 68.50 68.38 68.56 68.72 67.16 66.56 66.06 65.56 65.03 64.47 63.84 63.09 62.28 61.50 60.78 60.12 59.56 59.09 58.69 58.28 57.88 57.38 56.75 56.00 55.19 54.44 53.75 53.06 52.44 51.84 51.47 51.31 51.03 50.81 50.59 50.38 50.06 49.72 49.31 48.97 48.75 48.69 48.69 48.69 48.66 48.66 48.66 48.66 48.66 48.66 48.69 48.72 48.72 48.69 48.66 48.62
81.62 80.94 80.25 79.59 79.00 78.44 77.88 77.34 76.81 76.28 75.75 75.22 74.66 74.12 73.59 73.09 72.59 72.09 71.56 71.06 70.56 70.03 68.72 68.84 69.03 68.97 67.78 67.34 66.94 66.44 65.88 65.16 64.28 63.38 62.50 61.72 61.06 60.53 60.09 59.75 59.44 59.06 58.66 58.09 57.38 56.50 55.53 54.62 53.75 52.94 52.16 51.62 51.28 51.12 50.97 50.78 50.56 50.28 49.97 49.62 49.19 48.84 48.72 48.69 48.69 48.66 48.66 48.66 48.66 48.66 48.69 48.72 48.72 48.72 48.69 48.66 48.62
81.81 81.12 80.47 79.84 79.25 78.72 78.19 77.69 77.19 76.66 76.16 75.62 75.06 74.50 73.97 73.44 72.91 72.38 71.91 71.44 71.00 70.56 69.88 69.09 69.28 69.38 68.91 68.34 67.97 67.50 66.88 66.06 65.12 64.19 63.31 62.53 61.84 61.34 60.94 60.62 60.38 60.09 59.72 59.22 58.56 57.72 56.69 55.59 54.53 53.53 52.56 51.84 51.38 51.16 51.22 51.03 50.81 50.53 50.25 49.91 49.53 49.06 48.78 48.72 48.72 48.72 48.72 48.72 48.72 48.72 48.72 48.72 48.72 48.72 48.69 48.66 48.66
82.03 81.38 80.75 80.12 79.56 79.03 78.53 78.03 77.56 77.06 76.56 76.06 75.50 74.91 74.34 73.75 73.19 72.62 72.16 71.72 71.28 70.88 70.50 69.72 69.47 69.56 69.59 69.09 68.75 68.22 67.50 66.66 65.75 64.84 63.97 63.19 62.56 62.03 61.62 61.38 61.16 60.88 60.56 60.12 59.50 58.72 57.72 56.66 55.69 54.84 53.72 52.53 51.78 51.59 51.59 51.34 51.09 50.81 50.53 50.19 49.84 49.47 49.00 48.81 48.75 48.75 48.75 48.72 48.72 48.72 48.72 48.72 48.72 48.72 48.72 48.69 48.66
82.25 81.59 81.00 80.41 79.88 79.38 78.91 78.44 77.97 77.50 77.03 76.50 75.94 75.34 74.75 74.12 73.53 72.94 72.44 71.97 71.53 71.09 70.72 70.41 69.66 69.72 69.72 69.56 69.12 68.59 67.88 67.06 66.22 65.34 64.53 63.78 63.12 62.62 62.25 61.94 61.72 61.44 61.16 60.78 60.22 59.50 58.59 57.78 57.06 56.38 55.19 53.44 52.12 51.94 51.94 51.69 51.41 51.09 50.81 50.47 50.12 49.78 49.38 48.97 48.81 48.75 48.75 48.72 48.72 48.72 48.72 48.72 48.72 48.72 48.72 48.69 48.66
82.44 81.84 81.25 80.72 80.19 79.72 79.28 78.81 78.38 77.91 77.44 76.91 76.38 75.78 75.16 74.53 73.91 73.28 72.72 72.22 71.72 71.28 70.88 70.53 70.00 69.75 69.75 69.72 69.25 68.75 68.12 67.38 66.59 65.78 65.03 64.31 63.69 63.16 62.72 62.41 62.12 61.88 61.62 61.25 60.78 60.12 59.28 58.69 58.03 56.88 55.66 54.31 52.66 52.22 52.16 52.06 51.75 51.41 51.06 50.72 50.41 50.06 49.72 49.28 48.97 48.78 48.75 48.75 48.72 48.72 48.72 48.72 48.72 48.72 48.72 48.72 48.66
82.62 82.06 81.53 81.00 80.53 80.06 79.62 79.19 78.75 78.31 77.84 77.34 76.78 76.22 75.62 75.00 74.38 73.72 73.09 72.53 72.00 71.50 71.03 70.66 70.34 69.78 69.78 69.78 69.34 68.84 68.31 67.66 66.94 66.22 65.47 64.78 64.12 63.56 63.12 62.75 62.44 62.19 61.97 61.62 61.22 60.62 59.88 59.25 58.34 57.00 55.81 54.81 53.38 52.47 52.31 52.31 52.12 51.62 51.28 50.94 50.62 50.31 50.00 49.62 49.19 48.94 48.78 48.75 48.75 48.72 48.72 48.72 48.72 48.72 48.72 48.69 48.66
82.78 82.25 81.75 81.28 80.81 80.41 79.97 79.53 79.12 78.69 78.22 77.72 77.22 76.66 76.06 75.47 74.84 74.19 73.56 72.94 72.38 71.81 71.28 70.84 70.50 69.94 69.69 69.62 69.50 68.91 68.47 67.91 67.28 66.62 65.91 65.19 64.53 63.94 63.44 63.00 62.66 62.41 62.19 61.91 61.53 61.03 60.41 59.78 58.94 57.69 56.38 55.25 54.00 52.69 52.38 52.34 52.28 51.81 51.47 51.16 50.84 50.53 50.25 49.91 49.47 49.12 48.88 48.78 48.75 48.75 48.72 48.72 48.72 48.72 48.72 48.66 48.62
82.97 82.47 81.97 81.53 81.09 80.69 80.28 79.88 79.44 79.00 78.53 78.06 77.59 77.06 76.50 75.91 75.31 74.69 74.06 73.41 72.78 72.19 71.59 71.09 70.69 70.25 69.56 69.50 69.44 69.06 68.59 68.12 67.59 66.97 66.28 65.56 64.88 64.25 63.69 63.19 62.81 62.53 62.31 62.09 61.78 61.38 60.91 60.50 59.88 58.59 57.09 55.78 54.47 53.00 52.47 52.31 52.25 51.94 51.62 51.31 51.03 50.75 50.47 50.16 49.81 49.34 49.03 48.84 48.75 48.75 48.75 48.72 48.72 48.72 48.69 48.62 48.59
83.16 82.66 82.19 81.75 81.34 80.94 80.53 80.12 79.72 79.28 78.81 78.38 77.88 77.38 76.84 76.25 75.66 75.06 74.47 73.84 73.19 72.53 71.91 71.31 70.84 70.47 69.66 69.34 69.28 69.19 68.75 68.31 67.81 67.28 66.62 65.94 65.22 64.53 63.94 63.38 62.97 62.66 62.41 62.19 61.94 61.66 61.31 61.12 60.66 59.47 57.94 56.38 55.06 53.75 52.72 52.31 52.22 52.06 51.78 51.50 51.22 50.94 50.66 50.38 50.06 49.69 49.25 49.00 48.81 48.75 48.75 48.75 48.72 48.72 48.69 48.59 48.59
83.41 82.84 82.34 81.91 81.50 81.12 80.75 80.34 79.94 79.50 79.06 78.59 78.12 77.59 77.06 76.47 75.84 75.28 74.69 74.12 73.59 72.97 72.25 71.62 71.09 70.62 70.16 69.22 69.12 69.06 68.91 68.44 68.00 67.50 66.91 66.22 65.50 64.78 64.12 63.56 63.09 62.75 62.50 62.28 62.12 61.91 61.69 61.56 61.25 60.31 58.91 57.25 55.81 54.84 53.59 52.59 52.31 52.19 51.97 51.66 51.38 51.09 50.84 50.56 50.28 49.97 49.56 49.22 48.97 48.84 48.78 48.75 48.72 48.72 48.66 48.59 48.59
83.59 83.09 82.59 82.09 81.69 81.28 80.91 80.50 80.09 79.66 79.22 78.75 78.28 77.72 77.16 76.53 75.88 75.19 74.62 74.03 73.53 73.03 72.56 72.00 71.44 70.94 70.44 69.28 68.97 68.88 68.88 68.53 68.06 67.59 67.03 66.41 65.72 65.00 64.34 63.72 63.25 62.84 62.59 62.44 62.31 62.19 62.03 61.88 61.62 61.16 60.06 58.34 56.66 55.50 54.53 53.25 52.34 52.38 52.19 51.84 51.56 51.28 51.00 50.72 50.47 50.19 49.88 49.53 49.19 48.97 48.88 48.81 48.75 48.69 48.66 48.62 48.62
83.91 83.31 82.75 82.28 81.84 81.41 81.06 80.62 80.19 79.78 79.28 78.84 78.34 77.81 77.16 76.44 75.81 75.06 74.41 73.88 73.31 72.78 72.34 71.88 71.47 71.03 70.59 69.78 68.78 68.69 68.62 68.50 68.09 67.66 67.12 66.53 65.88 65.16 64.50 63.91 63.41 63.00 62.75 62.62 62.56 62.47 62.38 62.25 61.97 61.69 61.00 59.47 57.69 56.25 55.06 54.38 53.25 52.75 52.38 52.06 51.72 51.41 51.16 50.88 50.62 50.41 50.12 49.84 49.50 49.19 49.00 48.88 48.78 48.69 48.62 48.66 48.69
84.16 83.59 82.94 82.44 81.97 81.53 81.12 80.66 80.22 79.81 79.31 78.84 78.38 77.81 77.16 76.47 75.72 74.97 74.28 73.69 73.09 72.62 72.12 71.59 71.16 70.72 70.28 69.84 68.69 68.50 68.44 68.34 67.97 67.62 67.16 66.59 66.00 65.31 64.69 64.09 63.59 63.19 62.97 62.84 62.81 62.78 62.75 62.62 62.34 62.03 61.59 60.66 59.31 57.75 55.94 55.00 54.59 53.47 52.75 52.19 51.84 51.53 51.28 51.03 50.78 50.56 50.34 50.09 49.84 49.50 49.22 49.00 48.81 48.72 48.69 48.69 48.72
84.34 83.69 83.09 82.50 82.03 81.56 81.03 80.62 80.22 79.75 79.28 78.72 78.25 77.66 76.94 76.19 75.56 74.84 74.19 73.59 72.94 72.41 71.91 71.38 70.91 70.44 69.94 69.53 68.88 68.31 68.28 68.19 67.78 67.47 67.09 66.59 66.03 65.44 64.84 64.28 63.81 63.44 63.22 63.12 63.12 63.12 63.09 63.00 62.78 62.44 62.03 61.50 60.66 59.22 57.03 55.34 55.00 54.44 53.09 52.41 51.94 51.62 51.38 51.16 50.94 50.72 50.50 50.28 50.09 49.91 49.56 49.22 48.94 48.81 48.78 48.75 48.75
84.31 83.75 83.03 82.44 82.00 81.47 81.00 80.53 80.09 79.62 79.12 78.59 77.97 77.47 76.78 76.03 75.41 74.69 74.06 73.47 72.84 72.28 71.78 71.22 70.75 70.22 69.75 69.31 68.88 68.16 68.12 68.06 67.59 67.28 66.94 66.53 66.03 65.50 65.00 64.50 64.09 63.75 63.56 63.47 63.47 63.47 63.44 63.34 63.16 62.84 62.44 61.84 61.12 59.97 58.12 56.12 54.97 54.53 53.66 52.56 51.94 51.69 51.47 51.28 51.06 50.84 50.66 50.47 50.28 50.12 49.94 49.53 49.22 48.97 48.84 48.81 48.78
84.28 83.72 83.06 82.44 81.88 81.31 80.84 80.44 79.97 79.50 79.03 78.44 77.88 77.19 76.53 75.84 75.22 74.62 74.00 73.34 72.72 72.16 71.62 71.09 70.56 70.09 69.59 69.12 68.72 68.03 67.94 67.91 67.50 67.12 66.84 66.50 66.06 65.59 65.19 64.78 64.41 64.12 63.94 63.84 63.81 63.81 63.75 63.62 63.47 63.19 62.81 62.19 61.44 60.50 59.06 57.72 56.47 55.22 54.03 52.56 51.94 51.75 51.59 51.38 51.19 50.97 50.78 50.59 50.41 50.22 50.00 49.75 49.50 49.19 48.97 48.88 48.84
