everonasctiles/Tile[4,10].asc
ncols 128
nrows 128
xllcorner 0
yllcorner 0
cellsize 2.0
NODATA_value  -9999
[rows 32 to 63 of 128, columns 0 to 70 of 128]
-42.53 -42.31 -42.09 -41.84 -41.59 -41.34 -41.06 -40.81 -40.56 -40.34 -40.12 -39.94 -39.75 -39.56 -39.41 -39.25 -39.09 -38.97 -38.84 -38.72 -38.59 -38.50 -38.38 -38.28 -38.16 -38.03 -37.94 -37.81 -37.69 -37.56 -37.44 -37.31 -37.19 -37.06 -36.91 -36.75 -36.62 -36.47 -36.34 -36.22 -36.09 -36.00 -35.91 -35.84 -35.75 -35.69 -35.66 -35.59 -35.50 -35.44 -35.34 -35.25 -35.16 -35.03 -34.97 -34.88 -34.81 -34.75 -34.72 -34.66 -34.59 -34.53 -34.50 -34.47 -34.41 -34.38 -34.34 -34.28 -34.22 -34.16 -34.06
-42.56 -42.31 -42.06 -41.81 -41.56 -41.31 -41.06 -40.81 -40.56 -40.38 -40.16 -39.97 -39.78 -39.59 -39.44 -39.28 -39.16 -39.00 -38.88 -38.75 -38.66 -38.53 -38.44 -38.34 -38.22 -38.12 -38.00 -37.88 -37.78 -37.66 -37.53 -37.41 -37.25 -37.12 -36.97 -36.81 -36.69 -36.53 -36.41 -36.28 -36.16 -36.06 -35.97 -35.91 -35.81 -35.75 -35.69 -35.62 -35.56 -35.47 -35.38 -35.31 -35.22 -35.12 -35.06 -34.97 -34.91 -34.84 -34.78 -34.75 -34.69 -34.62 -34.56 -34.53 -34.50 -34.47 -34.44 -34.38 -34.31 -34.25 -34.16
-42.53 -42.31 -42.06 -41.81 -41.53 -41.28 -41.03 -40.78 -40.56 -40.38 -40.19 -40.00 -39.81 -39.66 -39.50 -39.34 -39.19 -39.06 -38.94 -38.81 -38.69 -38.59 -38.50 -38.38 -38.28 -38.16 -38.06 -37.94 -37.81 -37.72 -37.59 -37.44 -37.31 -37.19 -37.03 -36.88 -36.75 -36.62 -36.47 -36.34 -36.22 -36.12 -36.03 -35.94 -35.88 -35.81 -35.72 -35.66 -35.59 -35.50 -35.44 -35.34 -35.28 -35.19 -35.12 -35.06 -35.00 -34.94 -34.88 -34.81 -34.75 -34.69 -34.66 -34.59 -34.56 -34.53 -34.50 -34.44 -34.41 -34.31 -34.22
-42.53 -42.31 -42.03 -41.78 -41.53 -41.25 -41.00 -40.78 -40.59 -40.41 -40.22 -40.06 -39.88 -39.69 -39.53 -39.38 -39.22 -39.09 -38.97 -38.84 -38.72 -38.62 -38.50 -38.41 -38.31 -38.19 -38.09 -37.97 -37.84 -37.75 -37.62 -37.50 -37.34 -37.22 -37.09 -36.94 -36.81 -36.69 -36.53 -36.41 -36.28 -36.19 -36.09 -36.00 -35.91 -35.84 -35.78 -35.69 -35.62 -35.53 -35.47 -35.41 -35.31 -35.25 -35.19 -35.12 -35.06 -35.00 -34.94 -34.88 -34.81 -34.75 -34.72 -34.66 -34.62 -34.59 -34.56 -34.50 -34.44 -34.38 -34.28
-42.56 -42.31 -42.06 -41.78 -41.53 -41.28 -41.06 -40.84 -40.62 -40.47 -40.28 -40.09 -39.91 -39.75 -39.56 -39.41 -39.25 -39.12 -38.97 -38.84 -38.72 -38.62 -38.50 -38.41 -38.28 -38.19 -38.09 -37.97 -37.84 -37.75 -37.62 -37.50 -37.38 -37.25 -37.12 -37.00 -36.88 -36.72 -36.59 -36.47 -36.34 -36.22 -36.12 -36.06 -35.97 -35.88 -35.81 -35.75 -35.66 -35.59 -35.50 -35.44 -35.38 -35.31 -35.25 -35.19 -35.12 -35.06 -35.00 -34.94 -34.88 -34.81 -34.75 -34.72 -34.69 -34.62 -34.59 -34.53 -34.47 -34.41 -34.31
-42.56 -42.31 -42.09 -41.84 -41.59 -41.34 -41.12 -40.91 -40.72 -40.53 -40.34 -40.16 -39.97 -39.78 -39.59 -39.44 -39.28 -39.12 -39.00 -38.84 -38.72 -38.59 -38.50 -38.38 -38.28 -38.19 -38.06 -37.97 -37.84 -37.75 -37.62 -37.50 -37.38 -37.25 -37.12 -37.00 -36.88 -36.75 -36.62 -36.50 -36.38 -36.28 -36.19 -36.09 -36.03 -35.94 -35.84 -35.78 -35.69 -35.62 -35.56 -35.47 -35.41 -35.34 -35.28 -35.22 -35.16 -35.09 -35.03 -34.97 -34.91 -34.84 -34.78 -34.75 -34.72 -34.66 -34.59 -34.53 -34.47 -34.41 -34.31
-42.56 -42.34 -42.12 -41.88 -41.66 -41.41 -41.19 -40.97 -40.75 -40.56 -40.38 -40.19 -40.00 -39.81 -39.62 -39.44 -39.28 -39.12 -38.97 -38.84 -38.72 -38.59 -38.47 -38.38 -38.28 -38.19 -38.06 -37.97 -37.84 -37.72 -37.59 -37.50 -37.38 -37.25 -37.12 -37.00 -36.88 -36.75 -36.62 -36.53 -36.41 -36.31 -36.22 -36.16 -36.06 -36.00 -35.91 -35.81 -35.72 -35.66 -35.59 -35.50 -35.44 -35.38 -35.31 -35.25 -35.19 -35.12 -35.06 -35.00 -34.94 -34.88 -34.81 -34.78 -34.72 -34.66 -34.59 -34.53 -34.47 -34.41 -34.31
-42.56 -42.34 -42.12 -41.91 -41.69 -41.47 -41.25 -41.00 -40.78 -40.56 -40.38 -40.19 -40.00 -39.81 -39.62 -39.44 -39.28 -39.12 -38.97 -38.81 -38.69 -38.59 -38.47 -38.38 -38.25 -38.16 -38.06 -37.97 -37.84 -37.72 -37.59 -37.47 -37.34 -37.22 -37.12 -37.00 -36.88 -36.78 -36.66 -36.53 -36.44 -36.34 -36.28 -36.19 -36.09 -36.03 -35.94 -35.84 -35.75 -35.69 -35.59 -35.53 -35.47 -35.38 -35.31 -35.25 -35.19 -35.12 -35.06 -35.00 -34.94 -34.88 -34.81 -34.78 -34.72 -34.66 -34.59 -34.53 -34.47 -34.38 -34.31
-42.53 -42.34 -42.12 -41.91 -41.69 -41.47 -41.25 -41.00 -40.78 -40.56 -40.34 -40.16 -39.97 -39.78 -39.59 -39.44 -39.28 -39.09 -38.97 -38.81 -38.69 -38.56 -38.44 -38.34 -38.25 -38.16 -38.03 -37.94 -37.84 -37.72 -37.59 -37.47 -37.34 -37.22 -37.09 -37.00 -36.88 -36.78 -36.66 -36.56 -36.47 -36.38 -36.31 -36.22 -36.12 -36.03 -35.94 -35.88 -35.78 -35.69 -35.62 -35.56 -35.47 -35.41 -35.34 -35.28 -35.19 -35.12 -35.06 -35.00 -34.94 -34.88 -34.81 -34.75 -34.72 -34.66 -34.59 -34.53 -34.44 -34.38 -34.31
-42.50 -42.31 -42.09 -41.91 -41.69 -41.47 -41.22 -41.00 -40.75 -40.53 -40.31 -40.12 -39.91 -39.75 -39.56 -39.41 -39.25 -39.09 -38.94 -38.78 -38.66 -38.53 -38.44 -38.31 -38.22 -38.12 -38.03 -37.91 -37.81 -37.72 -37.59 -37.47 -37.34 -37.22 -37.09 -37.00 -36.88 -36.78 -36.69 -36.56 -36.47 -36.41 -36.31 -36.22 -36.12 -36.06 -35.97 -35.88 -35.78 -35.72 -35.62 -35.56 -35.50 -35.41 -35.34 -35.28 -35.22 -35.12 -35.06 -35.00 -34.94 -34.84 -34.81 -34.75 -34.69 -34.62 -34.59 -34.53 -34.44 -34.38 -34.31
-42.47 -42.28 -42.06 -41.88 -41.66 -41.44 -41.22 -40.97 -40.75 -40.53 -40.31 -40.09 -39.88 -39.69 -39.53 -39.38 -39.22 -39.06 -38.91 -38.75 -38.62 -38.50 -38.38 -38.28 -38.16 -38.06 -37.97 -37.88 -37.78 -37.69 -37.56 -37.44 -37.34 -37.22 -37.09 -37.00 -36.88 -36.78 -36.69 -36.56 -36.47 -36.38 -36.31 -36.22 -36.12 -36.06 -35.97 -35.88 -35.81 -35.72 -35.66 -35.56 -35.50 -35.44 -35.38 -35.28 -35.22 -35.16 -35.06 -35.00 -34.91 -34.84 -34.78 -34.72 -34.66 -34.62 -34.56 -34.53 -34.47 -34.38 -34.31
-42.47 -42.28 -42.06 -41.84 -41.66 -41.44 -41.22 -40.97 -40.75 -40.53 -40.31 -40.09 -39.88 -39.69 -39.50 -39.34 -39.19 -39.03 -38.88 -38.72 -38.56 -38.44 -38.31 -38.22 -38.09 -38.00 -37.94 -37.84 -37.75 -37.66 -37.53 -37.44 -37.34 -37.22 -37.12 -37.00 -36.91 -36.78 -36.69 -36.56 -36.47 -36.38 -36.28 -36.22 -36.12 -36.06 -35.97 -35.91 -35.81 -35.75 -35.66 -35.59 -35.50 -35.44 -35.38 -35.31 -35.22 -35.16 -35.06 -35.00 -34.91 -34.84 -34.78 -34.72 -34.66 -34.62 -34.56 -34.53 -34.47 -34.41 -34.31
-42.50 -42.28 -42.06 -41.84 -41.62 -41.41 -41.22 -41.00 -40.78 -40.53 -40.31 -40.09 -39.88 -39.69 -39.50 -39.34 -39.16 -39.00 -38.84 -38.66 -38.53 -38.38 -38.25 -38.16 -38.03 -37.94 -37.84 -37.78 -37.69 -37.62 -37.53 -37.41 -37.31 -37.22 -37.12 -37.00 -36.91 -36.78 -36.69 -36.56 -36.47 -36.38 -36.28 -36.19 -36.12 -36.06 -35.97 -35.91 -35.84 -35.75 -35.69 -35.59 -35.53 -35.47 -35.38 -35.31 -35.25 -35.16 -35.09 -35.00 -34.94 -34.88 -34.78 -34.75 -34.69 -34.62 -34.59 -34.56 -34.50 -34.44 -34.38
-42.53 -42.28 -42.06 -41.84 -41.62 -41.41 -41.22 -41.00 -40.78 -40.56 -40.34 -40.12 -39.91 -39.72 -39.53 -39.34 -39.16 -38.97 -38.78 -38.62 -38.47 -38.31 -38.19 -38.06 -37.97 -37.88 -37.78 -37.72 -37.66 -37.56 -37.50 -37.41 -37.31 -37.19 -37.09 -37.00 -36.88 -36.78 -36.66 -36.56 -36.47 -36.38 -36.28 -36.22 -36.12 -36.06 -36.00 -35.91 -35.84 -35.78 -35.72 -35.62 -35.56 -35.50 -35.41 -35.34 -35.28 -35.19 -35.12 -35.03 -34.97 -34.91 -34.84 -34.78 -34.72 -34.66 -34.62 -34.56 -34.53 -34.47 -34.41
-42.53 -42.28 -42.06 -41.84 -41.62 -41.41 -41.19 -40.97 -40.75 -40.53 -40.31 -40.09 -39.91 -39.69 -39.50 -39.31 -39.12 -38.94 -38.75 -38.56 -38.41 -38.25 -38.12 -38.00 -37.91 -37.81 -37.72 -37.66 -37.59 -37.53 -37.44 -37.38 -37.28 -37.19 -37.06 -36.97 -36.84 -36.75 -36.66 -36.56 -36.47 -36.38 -36.31 -36.22 -36.16 -36.09 -36.03 -35.97 -35.91 -35.84 -35.75 -35.69 -35.62 -35.53 -35.47 -35.41 -35.31 -35.25 -35.19 -35.09 -35.03 -34.97 -34.91 -34.84 -34.78 -34.72 -34.66 -34.62 -34.56 -34.50 -34.47
-42.50 -42.28 -42.03 -41.81 -41.59 -41.38 -41.12 -40.91 -40.69 -40.50 -40.28 -40.06 -39.84 -39.66 -39.47 -39.28 -39.09 -38.91 -38.72 -38.53 -38.38 -38.22 -38.09 -37.97 -37.84 -37.78 -37.69 -37.62 -37.56 -37.47 -37.41 -37.31 -37.22 -37.16 -37.03 -36.94 -36.84 -36.72 -36.62 -36.56 -36.47 -36.41 -36.34 -36.25 -36.19 -36.12 -36.06 -36.00 -35.94 -35.91 -35.81 -35.75 -35.69 -35.59 -35.53 -35.47 -35.41 -35.31 -35.25 -35.19 -35.12 -35.03 -34.97 -34.91 -34.81 -34.75 -34.72 -34.66 -34.62 -34.56 -34.53
-42.47 -42.25 -42.00 -41.78 -41.56 -41.31 -41.09 -40.84 -40.62 -40.41 -40.19 -40.00 -39.78 -39.59 -39.41 -39.22 -39.03 -38.84 -38.66 -38.50 -38.34 -38.22 -38.06 -37.97 -37.88 -37.78 -37.69 -37.59 -37.50 -37.44 -37.34 -37.28 -37.19 -37.09 -37.00 -36.91 -36.81 -36.72 -36.66 -36.56 -36.50 -36.44 -36.38 -36.31 -36.25 -36.19 -36.12 -36.06 -36.00 -35.97 -35.91 -35.81 -35.75 -35.69 -35.62 -35.53 -35.47 -35.41 -35.34 -35.28 -35.19 -35.12 -35.03 -34.97 -34.91 -34.81 -34.75 -34.72 -34.66 -34.62 -34.56
-42.41 -42.19 -41.94 -41.72 -41.50 -41.28 -41.03 -40.81 -40.56 -40.34 -40.12 -39.94 -39.72 -39.53 -39.34 -39.16 -38.97 -38.81 -38.66 -38.50 -38.38 -38.25 -38.12 -38.00 -37.91 -37.81 -37.69 -37.59 -37.50 -37.41 -37.31 -37.22 -37.16 -37.06 -37.00 -36.91 -36.81 -36.75 -36.69 -36.59 -36.53 -36.47 -36.41 -36.34 -36.28 -36.22 -36.16 -36.12 -36.06 -36.03 -35.94 -35.88 -35.81 -35.75 -35.69 -35.62 -35.56 -35.50 -35.44 -35.34 -35.28 -35.19 -35.12 -35.03 -34.97 -34.91 -34.84 -34.78 -34.72 -34.69 -34.62
-42.31 -42.09 -41.88 -41.66 -41.44 -41.22 -40.97 -40.75 -40.53 -40.28 -40.09 -39.88 -39.69 -39.47 -39.31 -39.12 -38.97 -38.81 -38.66 -38.53 -38.41 -38.31 -38.19 -38.09 -37.97 -37.84 -37.75 -37.62 -37.50 -37.38 -37.28 -37.19 -37.12 -37.06 -36.97 -36.91 -36.84 -36.78 -36.72 -36.66 -36.59 -36.53 -36.47 -36.41 -36.34 -36.28 -36.22 -36.19 -36.12 -36.06 -36.00 -35.94 -35.88 -35.84 -35.78 -35.72 -35.66 -35.59 -35.53 -35.44 -35.38 -35.28 -35.22 -35.12 -35.06 -34.97 -34.91 -34.84 -34.81 -34.75 -34.69
-42.19 -41.97 -41.75 -41.56 -41.34 -41.16 -40.94 -40.69 -40.47 -40.25 -40.03 -39.84 -39.66 -39.47 -39.28 -39.12 -38.97 -38.84 -38.72 -38.59 -38.50 -38.38 -38.28 -38.16 -38.03 -37.91 -37.78 -37.62 -37.53 -37.41 -37.31 -37.22 -37.12 -37.06 -37.00 -36.94 -36.88 -36.84 -36.78 -36.72 -36.66 -36.59 -36.53 -36.44 -36.38 -36.31 -36.28 -36.22 -36.19 -36.12 -36.06 -36.00 -35.97 -35.91 -35.84 -35.78 -35.72 -35.66 -35.59 -35.53 -35.44 -35.38 -35.31 -35.22 -35.16 -35.06 -35.00 -34.94 -34.88 -34.81 -34.75
-42.06 -41.84 -41.62 -41.44 -41.25 -41.03 -40.84 -40.62 -40.41 -40.19 -40.00 -39.81 -39.62 -39.44 -39.28 -39.16 -39.03 -38.91 -38.81 -38.69 -38.59 -38.47 -38.34 -38.22 -38.09 -37.94 -37.81 -37.69 -37.56 -37.44 -37.34 -37.28 -37.19 -37.12 -37.06 -37.00 -36.94 -36.91 -36.84 -36.78 -36.72 -36.66 -36.59 -36.50 -36.44 -36.38 -36.34 -36.28 -36.25 -36.19 -36.12 -36.09 -36.03 -35.97 -35.91 -35.88 -35.81 -35.75 -35.66 -35.59 -35.53 -35.47 -35.41 -35.31 -35.25 -35.16 -35.09 -35.00 -34.94 -34.88 -34.78
-41.97 -41.75 -41.53 -41.31 -41.12 -40.94 -40.75 -40.53 -40.34 -40.16 -39.97 -39.78 -39.62 -39.47 -39.34 -39.22 -39.09 -39.00 -38.88 -38.78 -38.66 -38.53 -38.41 -38.25 -38.12 -38.00 -37.84 -37.72 -37.59 -37.50 -37.44 -37.34 -37.28 -37.19 -37.12 -37.06 -37.03 -36.97 -36.91 -36.88 -36.78 -36.72 -36.62 -36.56 -36.50 -36.44 -36.41 -36.38 -36.31 -36.28 -36.22 -36.16 -36.09 -36.03 -35.97 -35.94 -35.88 -35.81 -35.75 -35.69 -35.62 -35.56 -35.50 -35.41 -35.34 -35.25 -35.16 -35.06 -34.97 -34.91 -34.81
-41.91 -41.66 -41.44 -41.22 -41.03 -40.84 -40.66 -40.47 -40.28 -40.09 -39.94 -39.78 -39.62 -39.50 -39.41 -39.28 -39.19 -39.06 -38.97 -38.84 -38.72 -38.59 -38.44 -38.31 -38.16 -38.03 -37.91 -37.78 -37.66 -37.59 -37.50 -37.44 -37.34 -37.28 -37.22 -37.16 -37.09 -37.06 -37.00 -36.94 -36.84 -36.78 -36.69 -36.62 -36.56 -36.53 -36.47 -36.44 -36.41 -36.34 -36.28 -36.22 -36.19 -36.12 -36.06 -36.00 -35.94 -35.88 -35.81 -35.75 -35.69 -35.66 -35.56 -35.50 -35.41 -35.31 -35.22 -35.12 -35.03 -34.94 -34.84
-41.84 -41.59 -41.38 -41.16 -40.97 -40.78 -40.59 -40.41 -40.22 -40.06 -39.94 -39.78 -39.69 -39.56 -39.47 -39.34 -39.25 -39.16 -39.03 -38.88 -38.75 -38.59 -38.47 -38.31 -38.19 -38.06 -37.94 -37.84 -37.75 -37.66 -37.56 -37.50 -37.44 -37.34 -37.28 -37.22 -37.19 -37.12 -37.06 -37.00 -36.91 -36.84 -36.75 -36.69 -36.62 -36.59 -36.53 -36.50 -36.47 -36.44 -36.38 -36.31 -36.25 -36.19 -36.12 -36.06 -36.00 -35.94 -35.91 -35.84 -35.78 -35.72 -35.62 -35.56 -35.47 -35.38 -35.25 -35.16 -35.06 -34.97 -34.88
-41.78 -41.56 -41.38 -41.16 -40.97 -40.78 -40.59 -40.41 -40.25 -40.09 -39.97 -39.84 -39.72 -39.62 -39.50 -39.41 -39.31 -39.19 -39.06 -38.91 -38.78 -38.62 -38.47 -38.34 -38.22 -38.09 -38.00 -37.91 -37.81 -37.72 -37.66 -37.56 -37.50 -37.44 -37.38 -37.31 -37.25 -37.19 -37.12 -37.06 -37.00 -36.91 -36.81 -36.75 -36.69 -36.66 -36.62 -36.59 -36.53 -36.50 -36.44 -36.38 -36.31 -36.25 -36.19 -36.12 -36.06 -36.00 -35.97 -35.91 -35.84 -35.78 -35.69 -35.59 -35.50 -35.41 -35.28 -35.19 -35.06 -34.97 -34.88
-41.75 -41.56 -41.38 -41.19 -41.00 -40.81 -40.66 -40.50 -40.34 -40.19 -40.03 -39.91 -39.78 -39.66 -39.56 -39.44 -39.34 -39.22 -39.09 -38.94 -38.78 -38.62 -38.50 -38.38 -38.25 -38.16 -38.06 -37.97 -37.88 -37.78 -37.72 -37.66 -37.59 -37.53 -37.47 -37.41 -37.34 -37.28 -37.22 -37.12 -37.06 -36.97 -36.88 -36.81 -36.75 -36.72 -36.69 -36.62 -36.59 -36.53 -36.50 -36.44 -36.38 -36.31 -36.25 -36.19 -36.12 -36.06 -36.00 -35.94 -35.88 -35.81 -35.72 -35.62 -35.53 -35.44 -35.31 -35.22 -35.09 -35.00 -34.88
-41.75 -41.56 -41.38 -41.22 -41.06 -40.88 -40.72 -40.56 -40.44 -40.28 -40.12 -40.00 -39.84 -39.72 -39.59 -39.50 -39.38 -39.25 -39.12 -38.97 -38.81 -38.69 -38.53 -38.41 -38.31 -38.22 -38.12 -38.03 -37.94 -37.88 -37.81 -37.72 -37.66 -37.59 -37.53 -37.47 -37.41 -37.34 -37.28 -37.19 -37.12 -37.03 -36.97 -36.91 -36.84 -36.78 -36.75 -36.69 -36.62 -36.59 -36.53 -36.47 -36.41 -36.34 -36.28 -36.22 -36.16 -36.09 -36.03 -35.97 -35.91 -35.81 -35.75 -35.66 -35.56 -35.44 -35.34 -35.25 -35.12 -35.03 -34.91
-41.75 -41.56 -41.41 -41.25 -41.09 -40.97 -40.81 -40.66 -40.53 -40.38 -40.22 -40.06 -39.94 -39.78 -39.69 -39.56 -39.44 -39.31 -39.16 -39.00 -38.88 -38.72 -38.59 -38.47 -38.38 -38.28 -38.19 -38.09 -38.03 -37.94 -37.88 -37.81 -37.75 -37.69 -37.59 -37.53 -37.47 -37.41 -37.34 -37.28 -37.19 -37.12 -37.06 -36.97 -36.91 -36.84 -36.81 -36.75 -36.69 -36.62 -36.56 -36.50 -36.44 -36.38 -36.31 -36.25 -36.19 -36.12 -36.06 -36.00 -35.91 -35.84 -35.75 -35.66 -35.56 -35.47 -35.38 -35.25 -35.16 -35.06 -34.94
-41.78 -41.59 -41.47 -41.31 -41.16 -41.03 -40.88 -40.75 -40.59 -40.44 -40.28 -40.12 -40.00 -39.88 -39.75 -39.62 -39.50 -39.38 -39.22 -39.06 -38.94 -38.78 -38.66 -38.53 -38.44 -38.34 -38.25 -38.16 -38.09 -38.03 -37.94 -37.88 -37.81 -37.75 -37.66 -37.59 -37.53 -37.47 -37.41 -37.34 -37.28 -37.22 -37.12 -37.06 -37.00 -36.94 -36.84 -36.78 -36.72 -36.66 -36.59 -36.50 -36.44 -36.38 -36.31 -36.25 -36.19 -36.12 -36.06 -36.00 -35.91 -35.84 -35.75 -35.69 -35.59 -35.50 -35.41 -35.28 -35.19 -35.09 -34.97
-41.81 -41.66 -41.50 -41.38 -41.22 -41.09 -40.97 -40.81 -40.66 -40.50 -40.34 -40.22 -40.09 -39.97 -39.84 -39.72 -39.56 -39.44 -39.28 -39.16 -39.00 -38.88 -38.72 -38.59 -38.50 -38.41 -38.31 -38.22 -38.16 -38.06 -38.00 -37.94 -37.88 -37.78 -37.72 -37.66 -37.59 -37.53 -37.47 -37.41 -37.34 -37.28 -37.22 -37.16 -37.06 -37.00 -36.91 -36.84 -36.75 -36.69 -36.59 -36.53 -36.44 -36.38 -36.31 -36.22 -36.16 -36.09 -36.03 -35.97 -35.91 -35.84 -35.75 -35.69 -35.59 -35.50 -35.41 -35.31 -35.19 -35.09 -35.00
-41.88 -41.72 -41.59 -41.44 -41.31 -41.16 -41.03 -40.88 -40.72 -40.56 -40.44 -40.31 -40.16 -40.03 -39.91 -39.78 -39.62 -39.50 -39.34 -39.19 -39.06 -38.94 -38.78 -38.66 -38.53 -38.44 -38.34 -38.25 -38.19 -38.12 -38.06 -37.97 -37.91 -37.84 -37.78 -37.72 -37.66 -37.59 -37.56 -37.50 -37.44 -37.38 -37.31 -37.22 -37.16 -37.06 -36.97 -36.88 -36.78 -36.72 -36.62 -36.53 -36.44 -36.38 -36.28 -36.22 -36.16 -36.09 -36.03 -35.97 -35.91 -35.84 -35.75 -35.69 -35.59 -35.50 -35.41 -35.31 -35.19 -35.09 -35.00
-41.94 -41.78 -41.66 -41.50 -41.38 -41.22 -41.06 -40.94 -40.78 -40.62 -40.50 -40.38 -40.25 -40.12 -39.97 -39.81 -39.69 -39.53 -39.38 -39.22 -39.09 -38.97 -38.81 -38.69 -38.56 -38.47 -38.38 -38.31 -38.22 -38.16 -38.09 -38.03 -37.94 -37.88 -37.81 -37.78 -37.72 -37.66 -37.62 -37.56 -37.50 -37.44 -37.38 -37.28 -37.19 -37.09 -37.00 -36.91 -36.81 -36.72 -36.62 -36.53 -36.44 -36.34 -36.28 -36.19 -36.12 -36.06 -36.00 -35.94 -35.88 -35.81 -35.75 -35.66 -35.56 -35.50 -35.38 -35.28 -35.19 -35.09 -35.03
