everonasctiles/Tile[34,14].asc
ncols 128
nrows 128
xllcorner 0
yllcorner 0
cellsize 2.0
NODATA_value  -9999
[rows 64 to 95 of 128, columns 0 to 70 of 128]
184.47 184.88 185.22 185.62 186.00 186.44 186.91 187.34 187.81 188.28 188.75 189.22 189.69 190.22 190.94 191.53 191.56 191.56 191.53 191.72 192.66 193.53 194.16 194.84 195.53 196.16 196.75 197.41 198.03 198.62 199.22 199.81 200.31 200.78 201.19 201.59 202.00 202.41 202.91 203.38 203.81 204.22 204.66 205.06 205.56 206.06 206.53 206.97 207.53 208.16 208.72 209.28 209.81 210.28 210.78 211.31 211.88 212.44 213.00 213.59 214.12 214.56 215.06 215.50 216.00 216.47 216.91 217.38 217.84 218.28 218.72
184.75 185.09 185.44 185.81 186.22 186.66 187.12 187.56 188.03 188.50 188.94 189.41 189.88 190.38 191.00 191.72 191.84 191.88 191.94 192.12 192.91 193.66 194.41 195.12 195.81 196.50 197.12 197.78 198.41 198.97 199.50 200.00 200.50 200.94 201.34 201.72 202.09 202.53 202.97 203.41 203.81 204.22 204.66 205.09 205.56 206.03 206.50 206.97 207.53 208.16 208.72 209.22 209.69 210.19 210.72 211.25 211.84 212.41 212.91 213.41 213.91 214.34 214.81 215.31 215.78 216.28 216.72 217.19 217.66 218.09 218.53
184.94 185.31 185.66 186.03 186.44 186.88 187.31 187.78 188.22 188.69 189.12 189.59 190.06 190.53 191.12 192.00 192.19 192.22 192.28 192.41 193.16 193.88 194.59 195.31 196.00 196.66 197.31 197.94 198.53 199.06 199.59 200.09 200.59 201.03 201.41 201.78 202.19 202.56 203.00 203.41 203.78 204.22 204.62 205.09 205.53 206.00 206.47 206.97 207.50 208.06 208.59 209.09 209.59 210.09 210.62 211.19 211.75 212.28 212.78 213.25 213.66 214.12 214.66 215.12 215.59 216.09 216.56 217.03 217.50 217.94 218.38
185.28 185.50 185.88 186.25 186.66 187.09 187.53 187.97 188.44 188.88 189.28 189.75 190.19 190.72 191.28 192.25 192.53 192.56 192.62 192.69 193.41 194.12 194.72 195.38 196.06 196.72 197.31 197.91 198.47 198.97 199.50 200.06 200.56 201.00 201.41 201.81 202.19 202.56 202.97 203.34 203.75 204.16 204.59 205.03 205.50 205.97 206.44 206.97 207.47 208.00 208.50 208.97 209.44 209.97 210.53 211.06 211.62 212.12 212.62 213.06 213.50 213.97 214.47 214.97 215.47 215.94 216.41 216.88 217.31 217.78 218.22
185.56 185.91 186.03 186.47 186.88 187.28 187.72 188.16 188.59 189.03 189.47 189.94 190.34 190.88 191.47 192.50 192.88 192.94 192.97 193.03 193.59 194.44 194.88 195.44 196.09 196.69 197.25 197.81 198.31 198.81 199.41 199.94 200.44 200.88 201.31 201.72 202.12 202.50 202.88 203.28 203.69 204.09 204.50 204.97 205.44 205.91 206.38 206.88 207.41 207.91 208.38 208.81 209.31 209.81 210.41 210.94 211.47 211.97 212.44 212.84 213.31 213.84 214.31 214.81 215.28 215.75 216.22 216.69 217.16 217.59 218.06
185.75 186.12 186.50 186.75 187.16 187.53 187.91 188.34 188.78 189.25 189.69 190.12 190.59 191.12 191.66 192.72 193.22 193.22 193.34 193.47 193.81 194.59 195.12 195.59 196.16 196.66 197.16 197.66 198.19 198.72 199.28 199.78 200.25 200.72 201.19 201.59 202.00 202.41 202.81 203.19 203.59 204.00 204.41 204.88 205.31 205.81 206.28 206.78 207.28 207.75 208.22 208.72 209.22 209.72 210.25 210.81 211.31 211.78 212.19 212.69 213.19 213.66 214.16 214.62 215.09 215.59 216.06 216.50 217.00 217.47 217.91
185.94 186.31 186.72 187.12 187.56 187.97 188.38 188.81 189.22 189.59 190.03 190.41 190.81 191.28 191.81 192.69 193.41 193.53 193.66 193.78 193.97 194.66 195.25 195.75 196.22 196.72 197.19 197.66 198.09 198.59 199.16 199.66 200.12 200.56 201.03 201.47 201.88 202.28 202.66 203.09 203.50 203.91 204.31 204.72 205.16 205.69 206.16 206.66 207.12 207.62 208.06 208.56 209.09 209.62 210.16 210.69 211.16 211.56 212.06 212.56 213.03 213.50 213.97 214.47 214.91 215.38 215.84 216.34 216.81 217.31 217.78
186.12 186.47 186.88 187.31 187.72 188.09 188.53 188.94 189.38 189.78 190.16 190.53 190.94 191.44 191.94 192.59 193.56 193.88 193.97 194.12 194.38 194.66 195.25 195.81 196.31 196.78 197.22 197.66 198.12 198.56 199.06 199.56 200.03 200.47 200.91 201.31 201.72 202.12 202.56 202.97 203.38 203.75 204.16 204.59 205.06 205.53 206.00 206.50 206.97 207.41 207.84 208.38 208.97 209.50 210.03 210.53 211.00 211.38 211.94 212.41 212.88 213.31 213.78 214.25 214.72 215.22 215.69 216.19 216.69 217.16 217.62
186.25 186.62 187.00 187.41 187.81 188.22 188.62 189.03 189.44 189.84 190.25 190.66 191.06 191.56 192.06 192.59 193.56 194.06 194.22 194.38 194.56 194.81 195.12 195.69 196.38 196.84 197.25 197.69 198.12 198.56 199.00 199.47 199.94 200.34 200.78 201.22 201.59 202.00 202.41 202.84 203.25 203.62 204.03 204.47 204.91 205.38 205.88 206.31 206.75 207.22 207.72 208.25 208.81 209.38 209.88 210.38 210.81 211.25 211.78 212.25 212.72 213.16 213.59 214.06 214.56 215.06 215.59 216.06 216.56 217.06 217.56
186.38 186.72 187.12 187.53 187.94 188.31 188.72 189.12 189.53 189.91 190.34 190.78 191.22 191.66 192.16 192.69 193.41 194.19 194.38 194.59 194.78 195.00 195.25 195.53 196.12 196.78 197.31 197.69 198.12 198.53 198.97 199.38 199.78 200.22 200.66 201.09 201.50 201.91 202.31 202.72 203.12 203.56 203.94 204.34 204.78 205.22 205.69 206.16 206.62 207.12 207.62 208.16 208.72 209.25 209.75 210.22 210.59 211.09 211.62 212.09 212.56 213.03 213.47 213.94 214.44 214.94 215.47 216.00 216.47 216.97 217.44
186.50 186.88 187.22 187.62 188.03 188.44 188.81 189.22 189.59 190.00 190.41 190.84 191.28 191.78 192.25 192.81 193.44 194.06 194.56 194.75 194.97 195.19 195.44 195.69 195.94 196.41 197.09 197.72 198.12 198.50 198.91 199.31 199.72 200.16 200.56 201.00 201.44 201.81 202.22 202.62 203.03 203.47 203.84 204.28 204.72 205.16 205.59 206.03 206.50 207.00 207.53 208.06 208.59 209.09 209.59 210.06 210.47 210.97 211.44 211.91 212.41 212.88 213.34 213.81 214.31 214.84 215.34 215.88 216.41 216.91 217.34
186.59 186.94 187.31 187.72 188.09 188.50 188.88 189.31 189.69 190.06 190.47 190.91 191.34 191.84 192.38 192.91 193.50 194.00 194.53 194.94 195.16 195.38 195.62 195.84 196.09 196.31 196.69 197.34 198.06 198.50 198.88 199.28 199.69 200.09 200.56 200.94 201.34 201.75 202.16 202.56 203.00 203.38 203.78 204.22 204.66 205.06 205.53 205.97 206.44 206.91 207.44 207.97 208.47 208.97 209.44 209.88 210.34 210.81 211.22 211.75 212.28 212.78 213.28 213.75 214.25 214.78 215.28 215.75 216.25 216.78 217.28
186.66 187.00 187.38 187.75 188.16 188.56 188.97 189.34 189.75 190.16 190.56 190.97 191.41 191.91 192.44 192.97 193.47 194.00 194.50 195.00 195.34 195.56 195.78 196.00 196.25 196.50 196.72 197.00 197.56 198.31 198.91 199.28 199.69 200.09 200.50 200.91 201.31 201.69 202.12 202.53 202.91 203.31 203.75 204.16 204.59 205.03 205.47 205.91 206.41 206.88 207.38 207.88 208.34 208.81 209.31 209.75 210.16 210.66 211.16 211.69 212.19 212.69 213.16 213.66 214.19 214.72 215.25 215.75 216.25 216.72 217.22
186.69 187.03 187.41 187.78 188.22 188.59 189.00 189.41 189.81 190.19 190.59 191.03 191.50 191.94 192.44 192.94 193.44 193.97 194.50 195.00 195.41 195.72 195.97 196.19 196.44 196.66 196.91 197.12 197.38 197.81 198.53 199.22 199.69 200.06 200.50 200.91 201.31 201.69 202.09 202.47 202.88 203.28 203.69 204.12 204.53 204.97 205.44 205.88 206.31 206.78 207.28 207.75 208.22 208.66 209.12 209.56 210.09 210.59 211.09 211.56 212.03 212.56 213.06 213.59 214.16 214.66 215.19 215.69 216.22 216.69 217.12
186.69 187.06 187.44 187.81 188.22 188.62 189.03 189.44 189.81 190.22 190.62 191.06 191.53 191.97 192.47 192.94 193.44 193.94 194.47 194.97 195.41 195.75 196.09 196.38 196.59 196.84 197.06 197.31 197.56 197.78 198.09 198.69 199.44 200.06 200.44 200.84 201.25 201.66 202.03 202.41 202.84 203.25 203.66 204.06 204.50 204.94 205.38 205.81 206.25 206.69 207.16 207.62 208.06 208.53 208.97 209.50 210.03 210.50 210.97 211.38 211.91 212.47 213.03 213.59 214.16 214.69 215.16 215.66 216.12 216.59 217.09
186.69 187.06 187.44 187.84 188.22 188.62 189.03 189.44 189.81 190.25 190.66 191.09 191.53 192.00 192.47 192.94 193.41 193.88 194.38 194.88 195.34 195.75 196.09 196.47 196.78 197.00 197.25 197.47 197.72 197.94 198.19 198.41 198.88 199.59 200.34 200.81 201.22 201.59 202.00 202.38 202.78 203.19 203.62 204.03 204.44 204.88 205.28 205.75 206.19 206.59 207.09 207.50 207.97 208.44 208.91 209.41 209.91 210.38 210.88 211.47 211.94 212.44 212.97 213.50 214.09 214.62 215.16 215.62 216.16 216.62 217.09
186.69 187.06 187.44 187.81 188.22 188.62 189.00 189.41 189.84 190.25 190.69 191.12 191.53 192.00 192.44 192.91 193.38 193.84 194.31 194.81 195.28 195.72 196.09 196.47 196.81 197.16 197.44 197.66 197.88 198.09 198.34 198.56 198.81 199.09 199.72 200.53 201.16 201.56 201.94 202.34 202.75 203.12 203.53 203.94 204.34 204.78 205.25 205.69 206.16 206.56 207.00 207.44 207.88 208.31 208.78 209.28 209.84 210.41 210.91 211.41 211.94 212.44 212.97 213.50 214.03 214.59 215.16 215.66 216.12 216.62 217.09
186.66 187.03 187.41 187.78 188.22 188.59 188.97 189.38 189.81 190.22 190.66 191.09 191.53 191.94 192.38 192.84 193.31 193.81 194.28 194.75 195.22 195.66 196.03 196.41 196.78 197.12 197.50 197.81 198.03 198.25 198.50 198.72 198.97 199.19 199.44 199.91 200.66 201.41 201.91 202.31 202.69 203.09 203.50 203.88 204.28 204.72 205.16 205.66 206.09 206.53 206.97 207.41 207.84 208.31 208.78 209.31 209.84 210.34 210.84 211.34 211.88 212.41 212.94 213.50 214.03 214.56 215.09 215.62 216.09 216.59 217.09
186.62 187.00 187.38 187.75 188.16 188.53 188.94 189.34 189.78 190.19 190.62 191.03 191.47 191.91 192.34 192.78 193.22 193.72 194.19 194.66 195.09 195.50 195.91 196.31 196.66 197.03 197.44 197.81 198.19 198.44 198.66 198.88 199.12 199.34 199.59 199.81 200.12 200.75 201.56 202.25 202.62 203.03 203.41 203.81 204.22 204.66 205.12 205.56 206.03 206.50 206.94 207.38 207.81 208.28 208.78 209.28 209.75 210.25 210.75 211.25 211.78 212.34 212.94 213.50 214.06 214.59 215.09 215.53 216.06 216.59 217.12
186.56 186.94 187.31 187.72 188.09 188.50 188.88 189.28 189.69 190.09 190.56 190.97 191.41 191.84 192.28 192.69 193.16 193.59 194.06 194.53 194.94 195.34 195.78 196.16 196.53 196.94 197.34 197.72 198.12 198.53 198.84 199.06 199.28 199.50 199.75 199.97 200.22 200.44 200.91 201.69 202.47 202.94 203.34 203.75 204.16 204.59 205.03 205.50 205.97 206.44 206.88 207.34 207.78 208.22 208.72 209.19 209.66 210.16 210.62 211.09 211.62 212.25 212.88 213.50 214.09 214.62 215.16 215.66 216.16 216.69 217.22
186.50 186.88 187.25 187.66 188.03 188.41 188.81 189.22 189.62 190.06 190.47 190.91 191.31 191.75 192.16 192.59 193.06 193.50 193.94 194.34 194.78 195.19 195.59 196.00 196.41 196.81 197.22 197.62 198.06 198.47 198.88 199.22 199.47 199.66 199.91 200.12 200.38 200.59 200.84 201.12 201.78 202.62 203.25 203.66 204.09 204.53 204.97 205.41 205.91 206.38 206.84 207.28 207.72 208.19 208.66 209.09 209.56 210.03 210.47 210.91 211.50 212.09 212.75 213.41 214.03 214.66 215.22 215.78 216.31 216.81 217.34
186.44 186.81 187.16 187.56 187.97 188.31 188.72 189.16 189.53 189.97 190.38 190.81 191.22 191.66 192.09 192.53 192.97 193.38 193.81 194.19 194.62 195.03 195.44 195.84 196.25 196.66 197.09 197.53 197.97 198.38 198.78 199.19 199.56 199.88 200.06 200.28 200.53 200.75 200.97 201.19 201.41 201.91 202.72 203.56 204.03 204.47 204.91 205.34 205.81 206.28 206.75 207.22 207.66 208.12 208.56 209.03 209.44 209.84 210.31 210.78 211.28 211.88 212.47 213.12 213.84 214.56 215.28 215.84 216.41 216.94 217.50
186.34 186.72 187.06 187.47 187.84 188.25 188.62 189.03 189.44 189.81 190.25 190.69 191.12 191.56 191.97 192.41 192.84 193.25 193.66 194.03 194.44 194.84 195.28 195.69 196.09 196.50 196.94 197.38 197.81 198.25 198.72 199.12 199.53 199.91 200.25 200.47 200.69 200.91 201.12 201.34 201.56 201.75 202.09 202.84 203.75 204.41 204.81 205.25 205.69 206.12 206.62 207.16 207.66 208.06 208.50 208.91 209.31 209.72 210.19 210.69 211.25 211.72 212.19 212.62 213.22 214.28 215.28 215.84 216.50 217.09 217.62
186.25 186.59 186.97 187.34 187.72 188.09 188.50 188.91 189.31 189.72 190.16 190.56 191.00 191.44 191.84 192.28 192.69 193.09 193.47 193.88 194.25 194.69 195.09 195.50 195.91 196.34 196.78 197.22 197.69 198.12 198.59 199.06 199.47 199.88 200.25 200.62 200.91 201.09 201.28 201.47 201.69 201.91 202.12 202.34 202.84 203.69 204.72 205.16 205.56 206.00 206.50 207.12 207.62 208.06 208.44 208.81 209.19 209.62 210.03 210.59 211.19 211.69 212.09 212.53 213.22 214.09 215.00 215.66 216.50 217.25 217.84
186.12 186.50 186.84 187.22 187.59 187.97 188.38 188.78 189.16 189.59 190.00 190.44 190.84 191.31 191.72 192.12 192.53 192.94 193.31 193.72 194.09 194.50 194.91 195.31 195.75 196.16 196.59 197.06 197.53 198.00 198.47 198.94 199.38 199.78 200.19 200.59 200.97 201.28 201.47 201.62 201.84 202.06 202.25 202.47 202.69 202.88 203.50 204.91 205.47 205.91 206.38 207.06 207.59 208.03 208.41 208.75 209.09 209.53 209.97 210.47 211.12 211.72 212.19 212.56 213.16 213.91 214.69 215.59 216.53 217.31 218.03
186.00 186.38 186.72 187.09 187.44 187.84 188.22 188.59 189.00 189.44 189.84 190.28 190.72 191.16 191.56 191.97 192.34 192.75 193.16 193.53 193.91 194.31 194.72 195.16 195.56 196.00 196.41 196.88 197.38 197.84 198.31 198.78 199.25 199.69 200.12 200.53 200.91 201.28 201.66 201.88 202.00 202.19 202.41 202.62 202.81 203.03 203.25 203.84 204.97 205.72 206.03 206.59 207.25 207.88 208.31 208.66 209.03 209.41 209.88 210.44 211.03 211.56 212.03 212.59 213.19 213.88 214.75 215.69 216.59 217.34 218.06
185.88 186.22 186.56 186.94 187.28 187.66 188.06 188.44 188.84 189.25 189.69 190.12 190.56 190.94 191.38 191.78 192.16 192.56 192.97 193.34 193.72 194.12 194.56 194.97 195.41 195.81 196.25 196.72 197.19 197.66 198.16 198.66 199.12 199.56 200.00 200.44 200.88 201.25 201.66 202.03 202.28 202.41 202.56 202.75 202.97 203.19 203.38 203.59 204.06 204.84 205.56 206.12 206.81 207.53 208.12 208.50 208.88 209.31 209.81 210.34 210.91 211.41 211.91 212.56 213.31 214.03 214.84 215.72 216.47 217.19 217.91
185.75 186.06 186.41 186.75 187.12 187.50 187.88 188.25 188.66 189.09 189.47 189.91 190.31 190.78 191.19 191.56 191.97 192.38 192.75 193.16 193.53 193.94 194.38 194.78 195.22 195.62 196.06 196.53 197.03 197.50 197.97 198.47 198.97 199.44 199.88 200.31 200.78 201.22 201.62 202.03 202.44 202.72 202.84 202.91 203.12 203.31 203.53 203.75 203.91 204.19 204.78 205.41 206.22 206.88 207.59 208.06 208.62 209.22 209.72 210.19 210.69 211.22 211.84 212.53 213.28 214.06 214.88 215.59 216.25 216.88 217.56
185.59 185.91 186.25 186.59 186.94 187.31 187.69 188.06 188.47 188.88 189.31 189.69 190.12 190.56 190.97 191.38 191.78 192.16 192.56 192.94 193.38 193.78 194.19 194.62 195.03 195.47 195.91 196.38 196.84 197.28 197.78 198.28 198.78 199.25 199.72 200.19 200.66 201.09 201.53 201.97 202.41 202.81 203.22 203.22 203.28 203.47 203.69 203.88 204.03 204.22 204.41 204.88 205.66 206.38 206.91 207.34 208.16 208.88 209.44 209.97 210.47 210.97 211.59 212.31 213.09 213.91 214.66 215.31 215.88 216.38 216.84
185.41 185.75 186.06 186.41 186.75 187.12 187.50 187.88 188.25 188.66 189.06 189.53 189.91 190.34 190.75 191.19 191.56 191.97 192.34 192.75 193.16 193.56 193.97 194.41 194.84 195.28 195.75 196.19 196.66 197.12 197.59 198.12 198.59 199.06 199.56 200.00 200.47 200.94 201.38 201.91 202.38 202.78 203.31 203.59 203.56 203.62 203.84 204.00 204.16 204.34 204.50 204.66 205.06 205.81 206.56 207.06 207.81 208.62 209.22 209.72 210.22 210.66 211.25 211.97 212.72 213.47 214.19 214.84 215.41 215.84 216.28
185.25 185.56 185.91 186.22 186.56 186.94 187.28 187.66 188.06 188.44 188.84 189.25 189.72 190.12 190.56 190.94 191.34 191.75 192.16 192.56 192.97 193.38 193.81 194.25 194.66 195.09 195.53 196.00 196.47 196.94 197.44 197.91 198.38 198.81 199.31 199.81 200.28 200.75 201.25 201.75 202.25 202.72 203.28 203.78 203.84 203.88 203.94 204.12 204.31 204.47 204.62 204.78 204.91 205.31 206.19 207.00 207.47 208.12 208.78 209.41 209.91 210.31 210.81 211.50 212.12 212.88 213.59 214.28 215.00 215.50 215.91
185.06 185.38 185.72 186.03 186.38 186.75 187.09 187.47 187.84 188.25 188.66 189.06 189.47 189.91 190.31 190.75 191.16 191.56 191.97 192.38 192.78 193.19 193.59 194.03 194.50 194.91 195.34 195.81 196.25 196.72 197.22 197.69 198.16 198.62 199.12 199.59 200.09 200.56 201.06 201.56 202.09 202.59 203.25 203.94 203.94 203.94 203.94 204.09 204.44 204.59 204.75 204.88 205.00 205.12 205.53 206.44 207.00 207.25 207.94 208.84 209.50 209.88 210.38 210.88 211.56 212.22 212.94 213.62 214.31 214.97 215.50
