everonasctiles/Tile6,5.asc
ncols 128
nrows 128
xllcorner 0
yllcorner 0
cellsize 2.0
NODATA_value  -9999
[rows 64 to 95 of 128, columns 0 to 70 of 128]
-26.81 -26.78 -26.69 -26.59 -26.53 -26.53 -26.53 -26.47 -26.44 -26.41 -26.41 -26.47 -26.59 -26.69 -26.72 -26.75 -26.81 -26.91 -27.09 -27.19 -27.31 -27.41 -27.53 -27.62 -27.72 -27.78 -27.88 -28.00 -28.09 -28.12 -28.22 -28.31 -28.41 -28.47 -28.53 -28.59 -28.66 -28.69 -28.75 -28.81 -28.88 -28.91 -28.94 -28.97 -29.00 -29.03 -29.06 -29.09 -29.12 -29.16 -29.16 -29.19 -29.22 -29.22 -29.25 -29.25 -29.28 -29.28 -29.31 -29.31 -29.28 -29.28 -29.31 -29.31 -29.28 -29.25 -29.25 -29.25 -29.28 -29.31 -29.34
-26.91 -26.88 -26.78 -26.72 -26.69 -26.62 -26.59 -26.53 -26.53 -26.53 -26.56 -26.59 -26.66 -26.72 -26.81 -26.84 -26.91 -26.97 -27.09 -27.22 -27.31 -27.41 -27.50 -27.62 -27.75 -27.81 -27.88 -27.97 -28.03 -28.09 -28.22 -28.34 -28.44 -28.53 -28.62 -28.69 -28.72 -28.75 -28.81 -28.88 -28.91 -28.94 -28.94 -28.97 -28.97 -29.00 -29.03 -29.06 -29.09 -29.12 -29.16 -29.19 -29.22 -29.22 -29.25 -29.28 -29.28 -29.28 -29.28 -29.25 -29.25 -29.25 -29.25 -29.25 -29.25 -29.22 -29.22 -29.22 -29.25 -29.31 -29.34
-26.94 -26.91 -26.84 -26.78 -26.72 -26.69 -26.66 -26.62 -26.59 -26.62 -26.66 -26.69 -26.72 -26.78 -26.84 -26.91 -26.97 -27.03 -27.09 -27.22 -27.34 -27.44 -27.50 -27.59 -27.69 -27.78 -27.88 -27.94 -28.00 -28.06 -28.16 -28.28 -28.44 -28.56 -28.66 -28.72 -28.78 -28.81 -28.88 -28.91 -28.94 -28.97 -29.00 -29.00 -29.03 -29.06 -29.06 -29.09 -29.09 -29.16 -29.16 -29.19 -29.22 -29.22 -29.25 -29.28 -29.28 -29.28 -29.28 -29.25 -29.25 -29.22 -29.22 -29.22 -29.22 -29.19 -29.19 -29.19 -29.22 -29.31 -29.34
-27.00 -26.91 -26.84 -26.78 -26.75 -26.75 -26.75 -26.72 -26.69 -26.69 -26.72 -26.75 -26.75 -26.78 -26.84 -26.88 -26.94 -27.00 -27.06 -27.16 -27.31 -27.41 -27.47 -27.59 -27.69 -27.78 -27.88 -27.94 -27.97 -28.06 -28.19 -28.31 -28.50 -28.59 -28.69 -28.75 -28.78 -28.84 -28.91 -28.94 -28.97 -29.00 -29.00 -29.03 -29.06 -29.06 -29.09 -29.09 -29.12 -29.12 -29.16 -29.19 -29.22 -29.22 -29.25 -29.25 -29.28 -29.28 -29.28 -29.25 -29.25 -29.19 -29.19 -29.19 -29.16 -29.16 -29.16 -29.19 -29.25 -29.31 -29.34
-27.06 -26.94 -26.84 -26.81 -26.78 -26.75 -26.78 -26.75 -26.72 -26.75 -26.78 -26.75 -26.75 -26.78 -26.81 -26.84 -26.88 -26.97 -27.03 -27.16 -27.28 -27.38 -27.47 -27.56 -27.69 -27.78 -27.88 -27.94 -28.00 -28.12 -28.25 -28.41 -28.53 -28.62 -28.72 -28.75 -28.78 -28.84 -28.88 -28.94 -28.97 -29.00 -29.03 -29.03 -29.06 -29.06 -29.09 -29.09 -29.12 -29.12 -29.16 -29.19 -29.22 -29.22 -29.25 -29.25 -29.25 -29.25 -29.25 -29.25 -29.22 -29.16 -29.12 -29.12 -29.09 -29.09 -29.12 -29.19 -29.28 -29.31 -29.38
-27.03 -26.91 -26.88 -26.84 -26.81 -26.81 -26.75 -26.78 -26.75 -26.78 -26.78 -26.78 -26.81 -26.84 -26.91 -26.94 -26.97 -27.06 -27.06 -27.16 -27.25 -27.41 -27.50 -27.56 -27.69 -27.78 -27.88 -28.00 -28.06 -28.16 -28.25 -28.38 -28.50 -28.62 -28.72 -28.78 -28.81 -28.84 -28.88 -28.94 -28.97 -29.00 -29.03 -29.03 -29.06 -29.06 -29.09 -29.12 -29.12 -29.16 -29.19 -29.19 -29.22 -29.22 -29.25 -29.25 -29.25 -29.25 -29.25 -29.22 -29.19 -29.12 -29.06 -29.06 -29.03 -29.03 -29.09 -29.19 -29.25 -29.31 -29.38
-27.06 -27.00 -26.91 -26.88 -26.84 -26.81 -26.78 -26.78 -26.78 -26.78 -26.81 -26.84 -26.91 -26.94 -27.00 -27.06 -27.12 -27.19 -27.22 -27.25 -27.34 -27.41 -27.53 -27.56 -27.69 -27.81 -27.94 -28.03 -28.12 -28.19 -28.25 -28.34 -28.47 -28.62 -28.75 -28.81 -28.84 -28.88 -28.91 -28.94 -28.97 -29.00 -29.03 -29.03 -29.06 -29.06 -29.09 -29.12 -29.16 -29.16 -29.19 -29.22 -29.22 -29.22 -29.22 -29.22 -29.25 -29.25 -29.22 -29.22 -29.16 -29.06 -29.00 -29.00 -29.00 -29.03 -29.12 -29.19 -29.25 -29.31 -29.34
-27.12 -27.09 -27.03 -26.97 -26.94 -26.88 -26.81 -26.78 -26.75 -26.78 -26.81 -26.88 -26.94 -27.00 -27.06 -27.16 -27.22 -27.28 -27.28 -27.31 -27.41 -27.50 -27.59 -27.66 -27.75 -27.88 -27.94 -28.06 -28.12 -28.22 -28.28 -28.38 -28.50 -28.62 -28.72 -28.81 -28.84 -28.91 -28.94 -28.97 -28.97 -29.00 -29.03 -29.03 -29.06 -29.06 -29.09 -29.12 -29.16 -29.19 -29.19 -29.22 -29.22 -29.22 -29.22 -29.22 -29.22 -29.22 -29.22 -29.19 -29.12 -29.03 -28.94 -28.94 -28.94 -29.00 -29.09 -29.19 -29.25 -29.31 -29.34
-27.25 -27.22 -27.12 -27.09 -27.03 -26.94 -26.91 -26.84 -26.75 -26.75 -26.81 -26.91 -27.00 -27.09 -27.16 -27.25 -27.28 -27.34 -27.34 -27.34 -27.44 -27.50 -27.62 -27.72 -27.78 -27.88 -27.94 -28.03 -28.12 -28.25 -28.31 -28.38 -28.44 -28.59 -28.72 -28.81 -28.88 -28.94 -28.97 -28.97 -29.00 -29.00 -29.03 -29.03 -29.06 -29.09 -29.12 -29.12 -29.16 -29.19 -29.19 -29.22 -29.22 -29.22 -29.22 -29.22 -29.22 -29.22 -29.19 -29.16 -29.12 -29.00 -28.91 -28.91 -28.91 -29.00 -29.06 -29.16 -29.22 -29.28 -29.34
-27.38 -27.31 -27.25 -27.19 -27.12 -27.00 -26.94 -26.84 -26.81 -26.78 -26.84 -26.94 -27.03 -27.09 -27.19 -27.28 -27.31 -27.38 -27.41 -27.44 -27.47 -27.50 -27.59 -27.69 -27.78 -27.88 -27.97 -28.06 -28.16 -28.25 -28.31 -28.38 -28.47 -28.59 -28.72 -28.81 -28.88 -28.94 -28.97 -28.97 -29.00 -29.00 -29.03 -29.03 -29.06 -29.09 -29.12 -29.16 -29.16 -29.19 -29.19 -29.19 -29.19 -29.19 -29.19 -29.19 -29.19 -29.19 -29.19 -29.12 -29.06 -29.00 -28.91 -28.88 -28.88 -28.94 -29.06 -29.12 -29.22 -29.28 -29.31
-27.44 -27.38 -27.31 -27.22 -27.16 -27.06 -26.97 -26.91 -26.88 -26.88 -26.94 -26.97 -27.03 -27.09 -27.19 -27.28 -27.34 -27.38 -27.41 -27.41 -27.47 -27.50 -27.53 -27.59 -27.72 -27.84 -27.97 -28.06 -28.09 -28.19 -28.28 -28.38 -28.50 -28.59 -28.69 -28.78 -28.88 -28.91 -28.94 -28.97 -29.00 -29.00 -29.03 -29.06 -29.06 -29.09 -29.12 -29.16 -29.16 -29.19 -29.19 -29.19 -29.19 -29.19 -29.16 -29.16 -29.16 -29.16 -29.12 -29.09 -29.03 -28.94 -28.84 -28.81 -28.78 -28.88 -29.03 -29.09 -29.16 -29.22 -29.31
-27.44 -27.41 -27.34 -27.28 -27.19 -27.12 -27.06 -27.00 -26.97 -26.94 -26.97 -26.97 -27.00 -27.06 -27.19 -27.28 -27.34 -27.38 -27.41 -27.44 -27.47 -27.50 -27.53 -27.59 -27.66 -27.78 -27.88 -27.97 -28.03 -28.12 -28.25 -28.38 -28.50 -28.59 -28.69 -28.75 -28.81 -28.88 -28.91 -28.94 -28.97 -29.00 -29.03 -29.06 -29.09 -29.09 -29.12 -29.16 -29.16 -29.19 -29.19 -29.19 -29.19 -29.16 -29.12 -29.09 -29.09 -29.09 -29.09 -29.03 -28.97 -28.91 -28.78 -28.72 -28.69 -28.81 -28.94 -29.06 -29.12 -29.22 -29.28
-27.44 -27.41 -27.34 -27.28 -27.25 -27.19 -27.12 -27.03 -26.97 -26.94 -26.97 -26.97 -26.97 -27.03 -27.19 -27.28 -27.34 -27.38 -27.41 -27.44 -27.47 -27.53 -27.53 -27.59 -27.62 -27.75 -27.84 -27.91 -27.97 -28.06 -28.19 -28.34 -28.50 -28.59 -28.69 -28.72 -28.78 -28.84 -28.88 -28.91 -28.94 -28.97 -29.00 -29.03 -29.06 -29.09 -29.12 -29.16 -29.16 -29.19 -29.19 -29.19 -29.16 -29.12 -29.09 -29.03 -29.06 -29.06 -29.03 -29.00 -28.88 -28.81 -28.75 -28.69 -28.69 -28.78 -28.91 -29.03 -29.12 -29.19 -29.25
-27.34 -27.31 -27.28 -27.22 -27.22 -27.16 -27.09 -27.03 -26.97 -26.94 -26.97 -27.03 -27.03 -27.09 -27.16 -27.28 -27.34 -27.41 -27.44 -27.47 -27.50 -27.53 -27.53 -27.56 -27.59 -27.72 -27.78 -27.84 -27.94 -28.00 -28.16 -28.38 -28.50 -28.59 -28.62 -28.66 -28.72 -28.75 -28.84 -28.88 -28.91 -28.97 -29.00 -29.03 -29.06 -29.09 -29.12 -29.12 -29.16 -29.16 -29.16 -29.16 -29.16 -29.12 -29.09 -29.06 -29.03 -29.00 -28.97 -28.94 -28.84 -28.78 -28.72 -28.72 -28.72 -28.78 -28.91 -28.97 -29.09 -29.16 -29.22
-27.09 -27.06 -27.06 -27.03 -27.06 -27.09 -27.09 -27.09 -27.03 -26.97 -26.97 -27.06 -27.16 -27.19 -27.25 -27.31 -27.38 -27.41 -27.47 -27.47 -27.53 -27.56 -27.56 -27.59 -27.59 -27.69 -27.78 -27.81 -27.91 -28.06 -28.19 -28.34 -28.47 -28.56 -28.59 -28.62 -28.66 -28.72 -28.78 -28.84 -28.91 -28.94 -28.97 -29.00 -29.06 -29.06 -29.09 -29.12 -29.12 -29.16 -29.16 -29.16 -29.12 -29.12 -29.09 -29.03 -29.00 -28.97 -28.94 -28.88 -28.81 -28.75 -28.72 -28.69 -28.66 -28.72 -28.84 -28.94 -29.03 -29.12 -29.19
-26.81 -26.75 -26.78 -26.88 -26.94 -27.00 -27.03 -27.03 -27.03 -27.06 -27.03 -27.09 -27.19 -27.28 -27.31 -27.38 -27.41 -27.44 -27.47 -27.47 -27.53 -27.56 -27.59 -27.59 -27.62 -27.66 -27.69 -27.72 -27.88 -28.06 -28.19 -28.31 -28.44 -28.53 -28.59 -28.66 -28.69 -28.75 -28.81 -28.84 -28.88 -28.91 -28.94 -28.97 -29.00 -29.03 -29.09 -29.09 -29.12 -29.12 -29.12 -29.12 -29.09 -29.09 -29.06 -29.00 -28.97 -28.94 -28.88 -28.84 -28.78 -28.69 -28.66 -28.66 -28.66 -28.66 -28.78 -28.88 -28.97 -29.09 -29.16
-26.62 -26.53 -26.66 -26.75 -26.88 -26.97 -27.00 -27.03 -27.06 -27.09 -27.12 -27.19 -27.22 -27.31 -27.34 -27.44 -27.47 -27.47 -27.50 -27.47 -27.50 -27.56 -27.56 -27.56 -27.56 -27.59 -27.56 -27.53 -27.72 -27.97 -28.16 -28.28 -28.41 -28.50 -28.56 -28.62 -28.69 -28.72 -28.78 -28.81 -28.88 -28.91 -28.94 -28.97 -29.00 -29.03 -29.06 -29.09 -29.09 -29.09 -29.09 -29.09 -29.06 -29.03 -29.00 -28.97 -28.94 -28.91 -28.88 -28.81 -28.72 -28.66 -28.62 -28.62 -28.62 -28.66 -28.69 -28.81 -28.97 -29.06 -29.12
-26.66 -26.75 -26.84 -26.94 -27.03 -27.09 -27.12 -27.19 -27.22 -27.22 -27.22 -27.22 -27.25 -27.28 -27.34 -27.44 -27.47 -27.50 -27.50 -27.47 -27.47 -27.50 -27.53 -27.56 -27.56 -27.59 -27.50 -27.47 -27.69 -27.91 -28.06 -28.22 -28.31 -28.44 -28.56 -28.62 -28.69 -28.72 -28.78 -28.81 -28.84 -28.91 -28.94 -28.97 -29.00 -29.00 -29.03 -29.06 -29.06 -29.06 -29.06 -29.03 -29.03 -29.00 -28.97 -28.94 -28.91 -28.88 -28.81 -28.75 -28.66 -28.59 -28.59 -28.59 -28.62 -28.69 -28.69 -28.78 -28.91 -29.00 -29.06
-26.91 -27.03 -27.12 -27.19 -27.22 -27.25 -27.28 -27.31 -27.31 -27.31 -27.25 -27.22 -27.25 -27.28 -27.38 -27.38 -27.38 -27.38 -27.41 -27.44 -27.47 -27.50 -27.53 -27.56 -27.56 -27.59 -27.53 -27.56 -27.72 -27.91 -28.00 -28.12 -28.31 -28.41 -28.53 -28.56 -28.62 -28.69 -28.75 -28.81 -28.84 -28.88 -28.91 -28.94 -28.97 -28.97 -29.00 -29.03 -29.03 -29.03 -29.03 -29.00 -28.97 -28.97 -28.97 -28.94 -28.88 -28.81 -28.75 -28.72 -28.62 -28.56 -28.50 -28.53 -28.56 -28.62 -28.72 -28.78 -28.88 -28.94 -28.97
-27.00 -27.12 -27.22 -27.28 -27.31 -27.34 -27.34 -27.41 -27.44 -27.38 -27.34 -27.34 -27.44 -27.44 -27.41 -27.41 -27.41 -27.41 -27.44 -27.47 -27.53 -27.53 -27.56 -27.62 -27.59 -27.59 -27.59 -27.62 -27.69 -27.84 -27.97 -28.12 -28.28 -28.41 -28.44 -28.53 -28.56 -28.66 -28.72 -28.78 -28.84 -28.88 -28.91 -28.91 -28.94 -28.97 -28.97 -28.97 -29.00 -29.00 -28.97 -28.94 -28.94 -28.94 -28.94 -28.91 -28.84 -28.78 -28.72 -28.69 -28.59 -28.50 -28.44 -28.47 -28.53 -28.56 -28.62 -28.75 -28.84 -28.88 -28.91
-27.06 -27.16 -27.22 -27.28 -27.31 -27.38 -27.41 -27.44 -27.47 -27.50 -27.50 -27.53 -27.59 -27.59 -27.56 -27.56 -27.56 -27.56 -27.53 -27.50 -27.53 -27.56 -27.59 -27.62 -27.66 -27.69 -27.66 -27.72 -27.72 -27.81 -27.94 -28.09 -28.28 -28.41 -28.47 -28.50 -28.56 -28.62 -28.72 -28.78 -28.81 -28.88 -28.88 -28.91 -28.91 -28.91 -28.91 -28.94 -28.97 -28.97 -28.97 -28.94 -28.94 -28.94 -28.91 -28.88 -28.84 -28.75 -28.66 -28.59 -28.53 -28.50 -28.41 -28.44 -28.50 -28.56 -28.62 -28.72 -28.78 -28.84 -28.88
-27.00 -27.06 -27.16 -27.22 -27.25 -27.28 -27.28 -27.31 -27.38 -27.44 -27.53 -27.59 -27.66 -27.72 -27.72 -27.66 -27.62 -27.56 -27.56 -27.50 -27.47 -27.50 -27.59 -27.62 -27.72 -27.78 -27.78 -27.81 -27.84 -27.94 -28.00 -28.12 -28.25 -28.41 -28.47 -28.47 -28.53 -28.62 -28.69 -28.75 -28.78 -28.81 -28.84 -28.84 -28.84 -28.88 -28.91 -28.91 -28.94 -28.94 -28.94 -28.94 -28.94 -28.94 -28.91 -28.84 -28.81 -28.72 -28.62 -28.53 -28.47 -28.41 -28.34 -28.41 -28.47 -28.53 -28.59 -28.66 -28.72 -28.78 -28.84
-26.94 -26.97 -27.03 -27.09 -27.09 -27.16 -27.16 -27.22 -27.28 -27.44 -27.59 -27.69 -27.75 -27.81 -27.78 -27.72 -27.66 -27.69 -27.66 -27.62 -27.59 -27.59 -27.69 -27.72 -27.81 -27.84 -27.88 -27.88 -27.94 -28.00 -28.03 -28.12 -28.25 -28.38 -28.44 -28.50 -28.56 -28.62 -28.66 -28.69 -28.72 -28.75 -28.78 -28.81 -28.84 -28.88 -28.91 -28.91 -28.94 -28.94 -28.94 -28.94 -28.94 -28.94 -28.91 -28.84 -28.78 -28.69 -28.59 -28.53 -28.44 -28.38 -28.34 -28.41 -28.47 -28.50 -28.56 -28.62 -28.69 -28.75 -28.81
-27.06 -27.00 -27.03 -27.09 -27.16 -27.19 -27.22 -27.34 -27.47 -27.59 -27.72 -27.75 -27.81 -27.78 -27.78 -27.78 -27.75 -27.78 -27.78 -27.75 -27.75 -27.78 -27.81 -27.81 -27.84 -27.88 -27.94 -27.97 -27.97 -28.00 -28.06 -28.16 -28.25 -28.34 -28.44 -28.50 -28.56 -28.59 -28.66 -28.69 -28.69 -28.75 -28.78 -28.81 -28.81 -28.84 -28.88 -28.91 -28.91 -28.94 -28.94 -28.94 -28.94 -28.91 -28.88 -28.84 -28.75 -28.69 -28.59 -28.53 -28.47 -28.44 -28.41 -28.41 -28.47 -28.50 -28.56 -28.62 -28.66 -28.69 -28.75
-27.16 -27.12 -27.12 -27.16 -27.16 -27.22 -27.38 -27.53 -27.62 -27.69 -27.75 -27.78 -27.81 -27.81 -27.81 -27.78 -27.84 -27.88 -27.88 -27.88 -27.91 -27.91 -27.88 -27.88 -27.91 -27.94 -27.97 -28.00 -28.00 -28.00 -28.09 -28.16 -28.25 -28.31 -28.41 -28.50 -28.56 -28.56 -28.62 -28.66 -28.69 -28.72 -28.75 -28.78 -28.81 -28.84 -28.88 -28.88 -28.91 -28.91 -28.91 -28.91 -28.91 -28.91 -28.88 -28.81 -28.75 -28.69 -28.59 -28.53 -28.47 -28.44 -28.41 -28.41 -28.44 -28.47 -28.53 -28.59 -28.59 -28.59 -28.62
-27.19 -27.06 -27.09 -27.19 -27.22 -27.31 -27.44 -27.50 -27.59 -27.69 -27.69 -27.72 -27.75 -27.75 -27.84 -27.94 -28.00 -27.97 -28.00 -27.97 -27.97 -27.97 -27.97 -27.97 -27.97 -27.97 -27.97 -28.03 -28.03 -28.00 -28.00 -28.12 -28.22 -28.31 -28.44 -28.50 -28.53 -28.56 -28.59 -28.66 -28.69 -28.72 -28.75 -28.78 -28.81 -28.81 -28.84 -28.84 -28.88 -28.88 -28.91 -28.91 -28.91 -28.91 -28.88 -28.81 -28.75 -28.66 -28.56 -28.50 -28.47 -28.41 -28.41 -28.38 -28.41 -28.41 -28.44 -28.50 -28.50 -28.53 -28.53
-27.28 -27.28 -27.28 -27.34 -27.41 -27.41 -27.47 -27.56 -27.72 -27.81 -27.81 -27.81 -27.84 -27.91 -27.97 -28.06 -28.06 -28.03 -28.06 -28.03 -28.03 -28.00 -28.00 -27.97 -27.97 -27.97 -28.00 -28.06 -28.09 -28.03 -28.06 -28.19 -28.28 -28.38 -28.44 -28.50 -28.56 -28.59 -28.62 -28.66 -28.66 -28.69 -28.75 -28.78 -28.81 -28.81 -28.84 -28.84 -28.88 -28.88 -28.88 -28.88 -28.88 -28.88 -28.84 -28.81 -28.72 -28.66 -28.56 -28.50 -28.41 -28.41 -28.38 -28.38 -28.38 -28.41 -28.41 -28.41 -28.44 -28.44 -28.44
-27.50 -27.50 -27.53 -27.56 -27.66 -27.69 -27.69 -27.75 -27.84 -27.84 -27.91 -27.94 -27.94 -27.97 -28.03 -28.06 -28.09 -28.06 -28.09 -28.09 -28.09 -28.03 -28.00 -27.97 -27.97 -27.97 -28.00 -28.00 -28.06 -28.12 -28.16 -28.22 -28.31 -28.38 -28.44 -28.50 -28.56 -28.59 -28.62 -28.62 -28.62 -28.69 -28.72 -28.78 -28.81 -28.81 -28.84 -28.84 -28.84 -28.88 -28.88 -28.84 -28.84 -28.84 -28.84 -28.81 -28.72 -28.62 -28.53 -28.47 -28.41 -28.38 -28.34 -28.34 -28.34 -28.34 -28.34 -28.34 -28.34 -28.38 -28.41
-27.69 -27.69 -27.75 -27.78 -27.78 -27.81 -27.81 -27.84 -27.84 -27.91 -28.03 -28.06 -28.09 -28.12 -28.16 -28.12 -28.16 -28.16 -28.12 -28.12 -28.09 -28.09 -28.03 -28.00 -28.00 -28.00 -27.97 -28.00 -28.03 -28.06 -28.16 -28.22 -28.31 -28.38 -28.44 -28.50 -28.53 -28.59 -28.62 -28.62 -28.62 -28.66 -28.72 -28.78 -28.81 -28.81 -28.81 -28.84 -28.84 -28.84 -28.84 -28.84 -28.84 -28.84 -28.84 -28.78 -28.75 -28.66 -28.56 -28.50 -28.44 -28.41 -28.38 -28.28 -28.25 -28.22 -28.22 -28.22 -28.25 -28.31 -28.38
-27.84 -27.88 -27.94 -28.00 -28.03 -28.03 -28.00 -28.00 -28.06 -28.09 -28.12 -28.19 -28.22 -28.22 -28.22 -28.19 -28.22 -28.22 -28.22 -28.19 -28.12 -28.12 -28.06 -28.03 -28.03 -28.00 -28.00 -28.03 -28.06 -28.09 -28.16 -28.22 -28.28 -28.34 -28.41 -28.47 -28.53 -28.56 -28.59 -28.62 -28.62 -28.66 -28.72 -28.75 -28.78 -28.81 -28.81 -28.84 -28.84 -28.84 -28.84 -28.84 -28.84 -28.84 -28.81 -28.81 -28.75 -28.69 -28.62 -28.56 -28.47 -28.41 -28.38 -28.25 -28.19 -28.16 -28.09 -28.09 -28.16 -28.22 -28.31
-28.03 -28.09 -28.12 -28.16 -28.16 -28.16 -28.16 -28.16 -28.16 -28.16 -28.19 -28.22 -28.25 -28.28 -28.28 -28.28 -28.28 -28.28 -28.25 -28.25 -28.19 -28.16 -28.12 -28.09 -28.03 -28.03 -28.03 -28.06 -28.09 -28.12 -28.16 -28.16 -28.22 -28.28 -28.41 -28.47 -28.50 -28.53 -28.56 -28.59 -28.62 -28.66 -28.69 -28.75 -28.78 -28.78 -28.81 -28.81 -28.81 -28.81 -28.81 -28.81 -28.81 -28.81 -28.81 -28.78 -28.75 -28.69 -28.62 -28.56 -28.47 -28.41 -28.31 -28.19 -28.12 -28.06 -28.03 -28.03 -28.12 -28.22 -28.25
-28.19 -28.19 -28.22 -28.22 -28.25 -28.22 -28.22 -28.19 -28.16 -28.19 -28.22 -28.28 -28.31 -28.31 -28.31 -28.31 -28.31 -28.28 -28.28 -28.25 -28.25 -28.22 -28.19 -28.12 -28.06 -28.06 -28.06 -28.06 -28.09 -28.12 -28.16 -28.16 -28.19 -28.25 -28.34 -28.44 -28.47 -28.50 -28.53 -28.59 -28.62 -28.62 -28.66 -28.69 -28.75 -28.78 -28.78 -28.81 -28.81 -28.81 -28.81 -28.81 -28.81 -28.81 -28.78 -28.78 -28.72 -28.66 -28.62 -28.53 -28.47 -28.38 -28.28 -28.16 -28.09 -28.03 -27.97 -28.00 -28.12 -28.22 -28.28
