everonasctiles/Tile[48,8].asc
ncols 128
nrows 128
xllcorner 0
yllcorner 0
cellsize 2.0
NODATA_value  -9999
[rows 96 to 127 of 128, columns 0 to 70 of 128]
-49.00 -49.22 -49.44 -49.62 -49.81 -50.00 -50.16 -50.34 -50.53 -50.72 -50.94 -51.16 -51.38 -51.59 -51.78 -51.91 -52.06 -52.16 -52.28 -52.41 -52.50 -52.56 -52.62 -52.66 -52.69 -52.75 -52.84 -52.97 -53.19 -53.50 -53.88 -54.31 -54.78 -55.25 -55.72 -56.12 -56.50 -56.91 -57.31 -57.69 -58.09 -58.50 -58.91 -59.31 -59.72 -60.12 -60.53 -60.94 -61.38 -61.78 -62.22 -62.62 -63.00 -63.38 -63.75 -64.09 -64.41 -64.75 -65.06 -65.34 -65.62 -65.88 -66.16 -66.44 -66.81 -67.16 -67.50 -67.78 -68.12 -68.69 -69.38
-48.88 -49.06 -49.28 -49.44 -49.62 -49.78 -49.97 -50.19 -50.38 -50.56 -50.78 -51.00 -51.22 -51.41 -51.59 -51.72 -51.84 -51.97 -52.06 -52.19 -52.28 -52.34 -52.38 -52.41 -52.44 -52.47 -52.56 -52.72 -52.94 -53.25 -53.69 -54.12 -54.62 -55.09 -55.53 -55.94 -56.31 -56.75 -57.16 -57.59 -58.03 -58.47 -58.88 -59.31 -59.72 -60.16 -60.56 -60.97 -61.41 -61.84 -62.25 -62.69 -63.09 -63.47 -63.84 -64.22 -64.56 -64.91 -65.25 -65.59 -65.91 -66.19 -66.50 -66.84 -67.19 -67.56 -67.91 -68.25 -68.56 -69.03 -69.66
-48.72 -48.91 -49.09 -49.28 -49.44 -49.62 -49.84 -50.03 -50.25 -50.44 -50.66 -50.84 -51.06 -51.25 -51.38 -51.50 -51.62 -51.75 -51.88 -51.97 -52.06 -52.12 -52.12 -52.12 -52.16 -52.19 -52.28 -52.44 -52.66 -53.03 -53.47 -53.94 -54.44 -54.88 -55.31 -55.72 -56.16 -56.59 -57.09 -57.56 -58.03 -58.47 -58.91 -59.34 -59.75 -60.16 -60.59 -61.00 -61.41 -61.84 -62.28 -62.69 -63.12 -63.53 -63.94 -64.31 -64.72 -65.09 -65.47 -65.81 -66.16 -66.50 -66.84 -67.22 -67.56 -67.97 -68.34 -68.69 -69.03 -69.41 -69.94
-48.56 -48.75 -48.94 -49.09 -49.31 -49.50 -49.72 -49.94 -50.12 -50.34 -50.53 -50.72 -50.91 -51.06 -51.19 -51.28 -51.41 -51.53 -51.66 -51.78 -51.84 -51.88 -51.88 -51.88 -51.88 -51.91 -52.00 -52.12 -52.41 -52.84 -53.28 -53.75 -54.22 -54.66 -55.09 -55.53 -56.03 -56.56 -57.06 -57.56 -58.03 -58.50 -58.94 -59.34 -59.75 -60.19 -60.59 -61.00 -61.44 -61.84 -62.28 -62.72 -63.16 -63.59 -64.03 -64.47 -64.88 -65.28 -65.69 -66.06 -66.44 -66.78 -67.16 -67.56 -67.94 -68.34 -68.75 -69.12 -69.47 -69.84 -70.28
-48.41 -48.56 -48.75 -48.97 -49.19 -49.41 -49.62 -49.84 -50.03 -50.22 -50.41 -50.56 -50.72 -50.84 -50.97 -51.06 -51.16 -51.28 -51.44 -51.53 -51.62 -51.66 -51.62 -51.59 -51.59 -51.59 -51.69 -51.84 -52.22 -52.66 -53.06 -53.53 -53.97 -54.44 -54.91 -55.44 -56.00 -56.53 -57.06 -57.56 -58.03 -58.47 -58.91 -59.31 -59.75 -60.16 -60.56 -61.00 -61.44 -61.88 -62.31 -62.75 -63.22 -63.69 -64.16 -64.59 -65.03 -65.47 -65.88 -66.28 -66.62 -67.00 -67.41 -67.84 -68.25 -68.69 -69.12 -69.53 -69.91 -70.28 -70.69
-48.22 -48.41 -48.62 -48.84 -49.06 -49.28 -49.53 -49.72 -49.94 -50.09 -50.25 -50.41 -50.53 -50.66 -50.75 -50.84 -50.94 -51.06 -51.19 -51.31 -51.38 -51.41 -51.38 -51.34 -51.31 -51.31 -51.38 -51.62 -52.03 -52.44 -52.88 -53.31 -53.75 -54.25 -54.81 -55.38 -55.94 -56.47 -57.00 -57.50 -57.97 -58.41 -58.84 -59.25 -59.66 -60.06 -60.47 -60.94 -61.41 -61.88 -62.34 -62.84 -63.31 -63.81 -64.28 -64.75 -65.19 -65.62 -66.06 -66.44 -66.81 -67.19 -67.59 -68.03 -68.50 -68.94 -69.41 -69.84 -70.25 -70.66 -71.06
-48.09 -48.28 -48.50 -48.75 -48.97 -49.19 -49.41 -49.62 -49.81 -49.97 -50.09 -50.22 -50.31 -50.44 -50.53 -50.59 -50.72 -50.81 -50.94 -51.06 -51.12 -51.12 -51.12 -51.06 -51.03 -51.00 -51.09 -51.44 -51.84 -52.25 -52.66 -53.09 -53.56 -54.12 -54.69 -55.28 -55.84 -56.38 -56.88 -57.38 -57.81 -58.25 -58.66 -59.09 -59.50 -59.91 -60.38 -60.84 -61.38 -61.88 -62.41 -62.94 -63.44 -63.94 -64.41 -64.88 -65.34 -65.78 -66.22 -66.62 -67.00 -67.38 -67.75 -68.19 -68.66 -69.12 -69.59 -70.06 -70.53 -70.94 -71.34
-47.97 -48.19 -48.41 -48.66 -48.88 -49.09 -49.31 -49.50 -49.69 -49.81 -49.91 -50.03 -50.12 -50.22 -50.31 -50.38 -50.47 -50.56 -50.69 -50.78 -50.84 -50.88 -50.84 -50.78 -50.75 -50.72 -50.84 -51.25 -51.66 -52.03 -52.44 -52.91 -53.44 -54.00 -54.56 -55.12 -55.66 -56.19 -56.69 -57.12 -57.56 -58.00 -58.44 -58.88 -59.31 -59.78 -60.25 -60.78 -61.31 -61.91 -62.44 -63.00 -63.53 -64.03 -64.53 -65.00 -65.47 -65.91 -66.34 -66.78 -67.19 -67.56 -67.91 -68.31 -68.78 -69.28 -69.78 -70.25 -70.69 -71.16 -71.56
-47.94 -48.12 -48.34 -48.56 -48.78 -49.03 -49.22 -49.41 -49.53 -49.62 -49.72 -49.81 -49.91 -50.03 -50.09 -50.19 -50.25 -50.31 -50.41 -50.50 -50.56 -50.59 -50.56 -50.50 -50.47 -50.44 -50.59 -51.03 -51.47 -51.84 -52.28 -52.75 -53.31 -53.84 -54.41 -54.94 -55.44 -55.94 -56.38 -56.84 -57.28 -57.75 -58.22 -58.69 -59.19 -59.69 -60.22 -60.81 -61.38 -61.94 -62.50 -63.06 -63.59 -64.12 -64.59 -65.09 -65.56 -66.03 -66.50 -66.94 -67.38 -67.78 -68.16 -68.53 -68.97 -69.44 -69.94 -70.41 -70.88 -71.31 -71.75
-47.88 -48.06 -48.28 -48.50 -48.72 -48.94 -49.12 -49.28 -49.38 -49.47 -49.56 -49.62 -49.72 -49.81 -49.91 -49.97 -50.00 -50.06 -50.12 -50.19 -50.28 -50.28 -50.28 -50.22 -50.16 -50.16 -50.38 -50.81 -51.25 -51.69 -52.16 -52.66 -53.19 -53.72 -54.22 -54.72 -55.16 -55.59 -56.03 -56.50 -56.97 -57.47 -58.00 -58.53 -59.06 -59.66 -60.22 -60.81 -61.41 -62.00 -62.56 -63.09 -63.62 -64.12 -64.62 -65.12 -65.62 -66.12 -66.59 -67.06 -67.56 -68.00 -68.41 -68.81 -69.22 -69.69 -70.16 -70.62 -71.03 -71.47 -71.91
-47.84 -48.00 -48.19 -48.41 -48.62 -48.81 -49.00 -49.12 -49.25 -49.31 -49.41 -49.47 -49.53 -49.59 -49.66 -49.72 -49.75 -49.78 -49.84 -49.91 -49.97 -50.00 -49.97 -49.94 -49.88 -49.88 -50.19 -50.62 -51.09 -51.56 -52.06 -52.56 -53.06 -53.53 -54.00 -54.41 -54.81 -55.22 -55.66 -56.16 -56.69 -57.22 -57.78 -58.38 -58.97 -59.56 -60.19 -60.81 -61.41 -61.97 -62.53 -63.06 -63.59 -64.12 -64.62 -65.12 -65.66 -66.16 -66.66 -67.19 -67.66 -68.16 -68.59 -69.03 -69.47 -69.91 -70.38 -70.81 -71.22 -71.62 -72.03
-47.75 -47.94 -48.12 -48.31 -48.53 -48.72 -48.88 -49.00 -49.09 -49.19 -49.22 -49.28 -49.31 -49.38 -49.44 -49.47 -49.50 -49.50 -49.53 -49.59 -49.66 -49.66 -49.66 -49.62 -49.56 -49.62 -50.03 -50.53 -50.97 -51.44 -51.94 -52.41 -52.88 -53.31 -53.69 -54.06 -54.44 -54.88 -55.34 -55.88 -56.44 -57.03 -57.59 -58.22 -58.88 -59.50 -60.12 -60.72 -61.31 -61.88 -62.44 -62.97 -63.53 -64.06 -64.59 -65.09 -65.62 -66.16 -66.69 -67.22 -67.72 -68.22 -68.69 -69.19 -69.62 -70.09 -70.53 -70.97 -71.38 -71.78 -72.16
-47.69 -47.84 -48.03 -48.25 -48.44 -48.62 -48.78 -48.88 -48.97 -49.00 -49.06 -49.09 -49.12 -49.16 -49.19 -49.22 -49.22 -49.25 -49.25 -49.28 -49.31 -49.31 -49.31 -49.31 -49.28 -49.47 -49.91 -50.38 -50.84 -51.31 -51.75 -52.19 -52.59 -52.97 -53.38 -53.72 -54.12 -54.59 -55.16 -55.72 -56.28 -56.88 -57.50 -58.12 -58.78 -59.41 -60.00 -60.56 -61.16 -61.72 -62.28 -62.81 -63.38 -63.94 -64.47 -65.00 -65.56 -66.09 -66.62 -67.16 -67.66 -68.16 -68.66 -69.19 -69.66 -70.16 -70.59 -71.03 -71.44 -71.84 -72.22
-47.59 -47.78 -47.97 -48.16 -48.34 -48.53 -48.66 -48.72 -48.78 -48.84 -48.88 -48.88 -48.91 -48.91 -48.91 -48.94 -48.97 -48.97 -48.94 -48.97 -48.97 -49.00 -49.00 -48.97 -49.00 -49.31 -49.78 -50.22 -50.66 -51.09 -51.50 -51.88 -52.25 -52.62 -53.00 -53.41 -53.91 -54.44 -55.00 -55.59 -56.19 -56.78 -57.41 -58.03 -58.66 -59.25 -59.81 -60.38 -60.94 -61.50 -62.06 -62.62 -63.19 -63.75 -64.31 -64.84 -65.38 -65.91 -66.44 -66.97 -67.47 -68.00 -68.53 -69.06 -69.59 -70.06 -70.56 -71.00 -71.44 -71.84 -72.22
-47.53 -47.72 -47.91 -48.09 -48.25 -48.41 -48.50 -48.56 -48.62 -48.66 -48.69 -48.69 -48.66 -48.66 -48.66 -48.69 -48.69 -48.69 -48.66 -48.62 -48.66 -48.66 -48.66 -48.66 -48.81 -49.19 -49.62 -50.03 -50.44 -50.84 -51.19 -51.53 -51.88 -52.25 -52.69 -53.19 -53.75 -54.31 -54.88 -55.47 -56.06 -56.66 -57.28 -57.91 -58.50 -59.06 -59.62 -60.16 -60.69 -61.25 -61.84 -62.41 -62.97 -63.53 -64.06 -64.62 -65.16 -65.69 -66.19 -66.72 -67.25 -67.78 -68.34 -68.91 -69.44 -69.94 -70.44 -70.88 -71.31 -71.75 -72.16
-47.47 -47.66 -47.81 -48.00 -48.16 -48.28 -48.34 -48.41 -48.44 -48.47 -48.47 -48.47 -48.44 -48.44 -48.41 -48.44 -48.41 -48.41 -48.34 -48.31 -48.31 -48.34 -48.34 -48.41 -48.69 -49.03 -49.44 -49.81 -50.16 -50.50 -50.81 -51.16 -51.50 -52.00 -52.53 -53.09 -53.62 -54.19 -54.75 -55.31 -55.91 -56.50 -57.12 -57.69 -58.28 -58.81 -59.34 -59.91 -60.47 -61.03 -61.62 -62.19 -62.75 -63.31 -63.84 -64.38 -64.88 -65.41 -65.91 -66.44 -67.03 -67.59 -68.16 -68.72 -69.25 -69.78 -70.28 -70.75 -71.19 -71.62 -72.03
-47.38 -47.56 -47.72 -47.88 -48.03 -48.12 -48.19 -48.25 -48.25 -48.25 -48.25 -48.25 -48.22 -48.19 -48.19 -48.16 -48.16 -48.09 -48.06 -48.03 -48.00 -48.03 -48.06 -48.22 -48.53 -48.84 -49.19 -49.50 -49.81 -50.12 -50.44 -50.84 -51.34 -51.91 -52.44 -52.97 -53.50 -54.06 -54.59 -55.19 -55.75 -56.34 -56.91 -57.47 -58.03 -58.56 -59.09 -59.66 -60.25 -60.84 -61.41 -61.97 -62.53 -63.06 -63.59 -64.12 -64.62 -65.12 -65.66 -66.25 -66.81 -67.38 -67.97 -68.53 -69.09 -69.62 -70.12 -70.59 -71.03 -71.47 -71.88
-47.28 -47.47 -47.62 -47.75 -47.88 -47.97 -48.03 -48.06 -48.06 -48.06 -48.03 -48.00 -48.00 -47.97 -47.94 -47.91 -47.88 -47.81 -47.75 -47.72 -47.72 -47.75 -47.84 -48.06 -48.31 -48.62 -48.91 -49.19 -49.47 -49.78 -50.19 -50.72 -51.25 -51.78 -52.34 -52.88 -53.41 -53.94 -54.50 -55.06 -55.62 -56.19 -56.72 -57.25 -57.78 -58.34 -58.91 -59.50 -60.09 -60.66 -61.22 -61.78 -62.31 -62.84 -63.38 -63.88 -64.38 -64.91 -65.47 -66.03 -66.62 -67.22 -67.81 -68.38 -68.94 -69.44 -69.94 -70.44 -70.88 -71.31 -71.72
-47.19 -47.34 -47.47 -47.59 -47.72 -47.81 -47.88 -47.88 -47.88 -47.84 -47.81 -47.78 -47.75 -47.75 -47.69 -47.66 -47.59 -47.53 -47.47 -47.44 -47.47 -47.53 -47.66 -47.84 -48.09 -48.31 -48.56 -48.84 -49.16 -49.56 -50.09 -50.62 -51.12 -51.66 -52.22 -52.75 -53.28 -53.84 -54.38 -54.94 -55.47 -56.00 -56.50 -57.03 -57.56 -58.16 -58.72 -59.31 -59.88 -60.44 -60.97 -61.50 -62.03 -62.56 -63.09 -63.62 -64.16 -64.69 -65.28 -65.88 -66.44 -67.03 -67.62 -68.22 -68.75 -69.28 -69.75 -70.25 -70.69 -71.12 -71.53
-47.06 -47.22 -47.31 -47.44 -47.53 -47.62 -47.69 -47.69 -47.69 -47.62 -47.59 -47.56 -47.53 -47.50 -47.47 -47.41 -47.31 -47.25 -47.19 -47.19 -47.22 -47.28 -47.44 -47.62 -47.81 -48.03 -48.25 -48.53 -48.94 -49.44 -49.97 -50.47 -51.00 -51.53 -52.06 -52.62 -53.16 -53.72 -54.22 -54.75 -55.22 -55.72 -56.25 -56.78 -57.34 -57.91 -58.47 -59.00 -59.53 -60.09 -60.62 -61.19 -61.75 -62.28 -62.81 -63.34 -63.94 -64.53 -65.12 -65.72 -66.31 -66.91 -67.47 -68.03 -68.53 -69.06 -69.56 -70.03 -70.50 -70.94 -71.38
-46.94 -47.06 -47.16 -47.28 -47.34 -47.44 -47.47 -47.47 -47.47 -47.41 -47.34 -47.31 -47.28 -47.28 -47.22 -47.16 -47.06 -46.97 -46.91 -46.91 -46.94 -47.06 -47.19 -47.38 -47.53 -47.72 -47.94 -48.28 -48.75 -49.28 -49.81 -50.31 -50.84 -51.38 -51.94 -52.47 -53.00 -53.50 -53.97 -54.41 -54.91 -55.41 -55.94 -56.47 -57.03 -57.56 -58.06 -58.56 -59.06 -59.62 -60.22 -60.81 -61.38 -61.97 -62.53 -63.16 -63.75 -64.38 -64.97 -65.56 -66.16 -66.72 -67.28 -67.81 -68.34 -68.84 -69.34 -69.84 -70.31 -70.78 -71.19
-46.81 -46.91 -47.00 -47.09 -47.16 -47.22 -47.25 -47.25 -47.22 -47.19 -47.12 -47.09 -47.06 -47.03 -47.00 -46.91 -46.81 -46.72 -46.66 -46.66 -46.69 -46.81 -46.97 -47.12 -47.28 -47.47 -47.72 -48.12 -48.62 -49.12 -49.62 -50.16 -50.69 -51.22 -51.78 -52.28 -52.75 -53.16 -53.56 -53.97 -54.44 -55.00 -55.59 -56.12 -56.62 -57.09 -57.53 -57.97 -58.47 -59.09 -59.75 -60.44 -61.06 -61.69 -62.31 -62.97 -63.59 -64.22 -64.81 -65.41 -65.97 -66.53 -67.06 -67.59 -68.12 -68.62 -69.16 -69.66 -70.16 -70.59 -71.00
-46.69 -46.75 -46.84 -46.91 -46.97 -47.00 -47.00 -47.00 -46.97 -46.94 -46.88 -46.84 -46.81 -46.81 -46.75 -46.66 -46.56 -46.47 -46.41 -46.41 -46.47 -46.59 -46.75 -46.91 -47.09 -47.34 -47.69 -48.09 -48.53 -49.00 -49.50 -50.00 -50.53 -51.06 -51.56 -52.00 -52.38 -52.69 -53.03 -53.44 -54.00 -54.62 -55.19 -55.72 -56.16 -56.53 -56.88 -57.25 -57.91 -58.69 -59.44 -60.12 -60.78 -61.44 -62.09 -62.75 -63.38 -63.97 -64.53 -65.12 -65.69 -66.25 -66.81 -67.38 -67.91 -68.47 -69.00 -69.50 -70.00 -70.47 -70.88
-46.50 -46.59 -46.66 -46.69 -46.75 -46.75 -46.75 -46.75 -46.72 -46.66 -46.62 -46.59 -46.59 -46.56 -46.47 -46.41 -46.31 -46.22 -46.19 -46.16 -46.25 -46.38 -46.53 -46.75 -47.00 -47.28 -47.66 -48.03 -48.47 -48.94 -49.41 -49.88 -50.38 -50.88 -51.31 -51.62 -51.91 -52.16 -52.47 -53.03 -53.66 -54.25 -54.78 -55.25 -55.66 -55.97 -56.22 -56.81 -57.62 -58.44 -59.16 -59.84 -60.50 -61.19 -61.81 -62.41 -63.00 -63.59 -64.19 -64.75 -65.34 -65.94 -66.53 -67.12 -67.72 -68.31 -68.88 -69.41 -69.91 -70.41 -70.84
-46.34 -46.41 -46.47 -46.50 -46.53 -46.53 -46.50 -46.47 -46.41 -46.38 -46.34 -46.34 -46.31 -46.28 -46.22 -46.12 -46.06 -46.00 -45.94 -45.94 -46.03 -46.19 -46.38 -46.62 -46.91 -47.22 -47.59 -47.97 -48.41 -48.84 -49.28 -49.75 -50.22 -50.62 -50.94 -51.19 -51.41 -51.62 -52.12 -52.75 -53.34 -53.88 -54.38 -54.78 -55.16 -55.47 -55.97 -56.69 -57.44 -58.16 -58.84 -59.53 -60.19 -60.78 -61.38 -61.94 -62.50 -63.06 -63.62 -64.25 -64.88 -65.56 -66.25 -66.91 -67.56 -68.16 -68.75 -69.34 -69.91 -70.44 -70.94
-46.16 -46.22 -46.25 -46.28 -46.28 -46.28 -46.25 -46.19 -46.12 -46.09 -46.09 -46.06 -46.06 -46.03 -45.94 -45.88 -45.81 -45.75 -45.72 -45.75 -45.88 -46.06 -46.28 -46.53 -46.81 -47.16 -47.50 -47.88 -48.28 -48.72 -49.16 -49.59 -49.97 -50.31 -50.53 -50.72 -50.94 -51.34 -51.91 -52.47 -53.00 -53.50 -53.97 -54.38 -54.75 -55.25 -55.84 -56.50 -57.19 -57.88 -58.50 -59.12 -59.72 -60.28 -60.81 -61.31 -61.81 -62.38 -63.03 -63.75 -64.53 -65.31 -66.03 -66.72 -67.38 -68.03 -68.66 -69.28 -69.88 -70.44 -70.97
-45.94 -46.00 -46.03 -46.06 -46.06 -46.03 -45.97 -45.91 -45.84 -45.81 -45.81 -45.81 -45.81 -45.75 -45.69 -45.62 -45.56 -45.53 -45.53 -45.59 -45.75 -45.94 -46.16 -46.44 -46.72 -47.03 -47.38 -47.75 -48.16 -48.56 -48.97 -49.38 -49.69 -49.94 -50.16 -50.31 -50.66 -51.16 -51.66 -52.19 -52.66 -53.12 -53.59 -54.03 -54.50 -55.06 -55.66 -56.28 -56.91 -57.50 -58.06 -58.59 -59.12 -59.62 -60.09 -60.66 -61.31 -62.03 -62.81 -63.59 -64.41 -65.16 -65.84 -66.53 -67.22 -67.91 -68.56 -69.19 -69.81 -70.41 -70.97
-45.72 -45.78 -45.81 -45.81 -45.81 -45.78 -45.72 -45.62 -45.56 -45.53 -45.53 -45.56 -45.53 -45.50 -45.44 -45.41 -45.38 -45.34 -45.38 -45.47 -45.62 -45.81 -46.03 -46.28 -46.56 -46.88 -47.22 -47.59 -48.00 -48.41 -48.78 -49.12 -49.38 -49.56 -49.78 -50.03 -50.44 -50.91 -51.38 -51.88 -52.34 -52.78 -53.25 -53.75 -54.28 -54.81 -55.41 -55.97 -56.53 -57.09 -57.59 -58.06 -58.56 -59.16 -59.84 -60.62 -61.38 -62.12 -62.88 -63.59 -64.31 -65.00 -65.69 -66.38 -67.06 -67.75 -68.44 -69.09 -69.75 -70.34 -70.91
-45.47 -45.53 -45.56 -45.59 -45.56 -45.50 -45.44 -45.38 -45.31 -45.28 -45.28 -45.28 -45.28 -45.25 -45.22 -45.19 -45.19 -45.19 -45.25 -45.34 -45.50 -45.69 -45.91 -46.12 -46.41 -46.72 -47.09 -47.47 -47.84 -48.22 -48.56 -48.81 -49.03 -49.22 -49.44 -49.75 -50.19 -50.66 -51.09 -51.56 -52.03 -52.50 -53.00 -53.50 -54.03 -54.56 -55.09 -55.66 -56.19 -56.69 -57.22 -57.84 -58.53 -59.28 -60.00 -60.75 -61.50 -62.19 -62.88 -63.56 -64.22 -64.88 -65.56 -66.25 -66.97 -67.66 -68.34 -69.03 -69.66 -70.25 -70.81
-45.22 -45.28 -45.34 -45.34 -45.31 -45.25 -45.19 -45.09 -45.03 -45.03 -45.03 -45.03 -45.03 -45.00 -45.00 -45.00 -45.00 -45.06 -45.12 -45.22 -45.38 -45.53 -45.75 -45.97 -46.28 -46.59 -46.94 -47.31 -47.69 -48.00 -48.25 -48.47 -48.66 -48.84 -49.09 -49.44 -49.91 -50.34 -50.81 -51.28 -51.75 -52.25 -52.75 -53.25 -53.75 -54.25 -54.78 -55.31 -55.88 -56.50 -57.19 -57.91 -58.59 -59.31 -60.03 -60.75 -61.47 -62.16 -62.84 -63.50 -64.16 -64.81 -65.50 -66.19 -66.88 -67.56 -68.25 -68.91 -69.53 -70.09 -70.62
-44.97 -45.03 -45.09 -45.09 -45.06 -45.00 -44.94 -44.84 -44.78 -44.78 -44.78 -44.78 -44.78 -44.78 -44.78 -44.81 -44.84 -44.91 -44.97 -45.09 -45.22 -45.38 -45.59 -45.84 -46.12 -46.47 -46.78 -47.12 -47.47 -47.72 -47.94 -48.12 -48.28 -48.47 -48.75 -49.16 -49.62 -50.06 -50.56 -51.03 -51.50 -52.00 -52.47 -52.97 -53.44 -53.94 -54.44 -55.00 -55.72 -56.44 -57.16 -57.88 -58.56 -59.28 -60.00 -60.69 -61.41 -62.06 -62.75 -63.41 -64.06 -64.75 -65.44 -66.09 -66.78 -67.47 -68.12 -68.72 -69.28 -69.84 -70.41
-44.72 -44.78 -44.81 -44.84 -44.81 -44.75 -44.69 -44.59 -44.56 -44.53 -44.53 -44.53 -44.53 -44.56 -44.59 -44.62 -44.69 -44.75 -44.81 -44.94 -45.06 -45.22 -45.44 -45.69 -45.97 -46.28 -46.59 -46.91 -47.19 -47.44 -47.59 -47.75 -47.91 -48.09 -48.47 -48.94 -49.38 -49.88 -50.31 -50.81 -51.28 -51.72 -52.19 -52.62 -53.09 -53.53 -54.09 -54.81 -55.59 -56.34 -57.06 -57.75 -58.44 -59.16 -59.84 -60.56 -61.22 -61.91 -62.56 -63.25 -63.91 -64.59 -65.28 -65.97 -66.66 -67.28 -67.88 -68.41 -68.94 -69.53 -70.19
