everonasctiles/Tile[29,38].asc
ncols 128
nrows 128
xllcorner 0
yllcorner 0
cellsize 2.0
NODATA_value  -9999
[rows 64 to 95 of 128, columns 0 to 70 of 128]
-23.25 -23.16 -23.09 -23.06 -23.00 -22.94 -22.88 -22.81 -22.75 -22.66 -22.62 -22.56 -22.50 -22.47 -22.44 -22.41 -22.41 -22.41 -22.44 -22.47 -22.50 -22.53 -22.56 -22.62 -22.66 -22.69 -22.75 -22.78 -22.84 -22.88 -22.94 -22.97 -23.03 -23.09 -23.16 -23.19 -23.25 -23.31 -23.38 -23.44 -23.47 -23.53 -23.59 -23.66 -23.72 -23.75 -23.81 -23.84 -23.91 -23.94 -23.97 -24.03 -24.06 -24.09 -24.12 -24.12 -24.16 -24.19 -24.22 -24.25 -24.25 -24.28 -24.34 -24.41 -24.44 -24.44 -24.44 -24.47 -24.50 -24.50 -24.53
-23.19 -23.16 -23.09 -23.03 -22.97 -22.91 -22.81 -22.78 -22.72 -22.66 -22.59 -22.53 -22.50 -22.44 -22.44 -22.41 -22.41 -22.44 -22.47 -22.50 -22.53 -22.56 -22.62 -22.66 -22.69 -22.75 -22.78 -22.84 -22.88 -22.94 -22.97 -23.03 -23.09 -23.16 -23.19 -23.25 -23.31 -23.38 -23.44 -23.50 -23.53 -23.59 -23.66 -23.72 -23.75 -23.81 -23.88 -23.91 -23.97 -24.00 -24.03 -24.06 -24.09 -24.12 -24.16 -24.19 -24.22 -24.22 -24.25 -24.28 -24.31 -24.31 -24.34 -24.38 -24.41 -24.44 -24.44 -24.47 -24.47 -24.50 -24.50
-23.12 -23.09 -23.03 -23.00 -22.94 -22.84 -22.78 -22.75 -22.69 -22.62 -22.56 -22.53 -22.47 -22.44 -22.44 -22.41 -22.44 -22.47 -22.50 -22.53 -22.56 -22.59 -22.66 -22.69 -22.75 -22.78 -22.84 -22.88 -22.94 -22.97 -23.03 -23.09 -23.12 -23.19 -23.25 -23.31 -23.38 -23.44 -23.47 -23.53 -23.59 -23.66 -23.72 -23.78 -23.81 -23.88 -23.94 -23.97 -24.00 -24.06 -24.09 -24.12 -24.16 -24.19 -24.22 -24.25 -24.25 -24.28 -24.31 -24.31 -24.34 -24.38 -24.41 -24.41 -24.44 -24.47 -24.47 -24.50 -24.53 -24.53 -24.56
-23.12 -23.06 -23.00 -22.94 -22.88 -22.81 -22.75 -22.72 -22.66 -22.59 -22.56 -22.50 -22.47 -22.44 -22.41 -22.44 -22.47 -22.50 -22.53 -22.56 -22.59 -22.66 -22.69 -22.75 -22.78 -22.84 -22.88 -22.94 -22.97 -23.03 -23.09 -23.12 -23.19 -23.25 -23.31 -23.38 -23.44 -23.47 -23.53 -23.59 -23.66 -23.72 -23.78 -23.81 -23.88 -23.94 -23.97 -24.03 -24.06 -24.09 -24.16 -24.19 -24.22 -24.25 -24.25 -24.28 -24.31 -24.34 -24.34 -24.38 -24.41 -24.41 -24.44 -24.47 -24.47 -24.50 -24.53 -24.56 -24.59 -24.59 -24.59
-23.06 -23.03 -22.97 -22.91 -22.84 -22.75 -22.72 -22.69 -22.62 -22.59 -22.53 -22.50 -22.47 -22.09 -22.44 -22.44 -22.47 -22.50 -22.56 -22.59 -22.62 -22.69 -22.72 -22.78 -22.84 -22.88 -22.94 -22.97 -23.06 -23.09 -23.12 -23.19 -23.25 -23.31 -23.38 -23.41 -23.47 -23.53 -23.59 -23.66 -23.72 -23.78 -23.81 -23.88 -23.94 -24.00 -24.03 -24.09 -24.12 -24.16 -24.19 -24.22 -24.25 -24.28 -24.31 -24.34 -24.34 -24.38 -24.41 -24.41 -24.44 -24.47 -24.47 -24.50 -24.53 -24.56 -24.59 -24.62 -24.66 -24.66 -24.66
-22.81 -22.91 -22.91 -22.81 -22.44 -22.38 -22.28 -22.62 -22.59 -22.56 -22.53 -22.47 -22.44 -22.44 -22.44 -22.47 -22.50 -22.53 -22.59 -22.62 -22.66 -22.72 -22.75 -22.81 -22.88 -22.97 -23.03 -23.06 -23.09 -23.16 -23.19 -23.25 -23.31 -23.34 -23.41 -23.47 -23.53 -23.59 -23.66 -23.72 -23.78 -23.81 -23.88 -23.94 -24.00 -24.03 -24.09 -24.12 -24.19 -24.22 -24.25 -24.28 -24.31 -24.34 -24.38 -24.41 -24.41 -24.44 -24.47 -24.47 -24.50 -24.53 -24.53 -24.56 -24.59 -24.62 -24.66 -24.66 -24.69 -24.72 -24.72
-23.03 -22.97 -22.91 -22.69 -22.34 -22.28 -22.25 -22.59 -22.56 -22.53 -22.50 -22.47 -22.44 -22.44 -22.47 -22.50 -22.53 -22.56 -22.62 -22.66 -22.69 -22.75 -22.50 -22.84 -22.94 -23.06 -23.12 -23.16 -23.19 -23.22 -23.28 -23.34 -23.41 -23.44 -23.47 -23.53 -23.59 -23.66 -23.69 -23.75 -23.81 -23.88 -23.94 -24.00 -24.03 -24.09 -24.12 -24.19 -24.22 -24.28 -24.31 -24.34 -24.38 -24.44 -24.44 -24.47 -24.50 -24.53 -24.53 -24.56 -24.56 -24.59 -24.59 -24.59 -24.66 -24.69 -24.72 -24.72 -24.75 -24.78 -24.78
-22.62 -22.94 -22.69 -22.81 -22.72 -22.28 -22.59 -22.19 -22.53 -22.50 -22.47 -22.47 -22.44 -22.47 -22.50 -22.53 -22.56 -22.59 -22.66 -22.69 -22.75 -22.78 -22.84 -22.88 -22.94 -23.06 -23.12 -23.19 -23.22 -23.28 -23.34 -23.38 -23.44 -23.50 -23.53 -23.59 -23.62 -23.69 -23.75 -23.81 -23.88 -23.94 -24.00 -24.03 -24.09 -24.16 -24.19 -24.22 -24.28 -24.31 -24.38 -24.41 -24.44 -24.50 -24.50 -24.50 -24.53 -24.56 -24.59 -24.59 -24.56 -24.59 -24.62 -24.66 -24.69 -24.69 -24.72 -24.75 -24.78 -24.78 -24.81
-22.94 -22.94 -22.88 -22.81 -22.72 -22.25 -22.16 -22.16 -22.50 -22.47 -22.47 -22.47 -22.47 -22.50 -22.53 -22.56 -22.59 -22.62 -22.69 -22.72 -22.78 -22.81 -22.88 -22.88 -22.88 -23.03 -23.09 -23.16 -23.22 -23.25 -23.31 -23.38 -23.44 -23.50 -23.56 -23.62 -23.69 -23.75 -23.81 -23.88 -23.94 -23.97 -24.03 -24.09 -24.12 -24.19 -24.25 -24.28 -24.31 -24.38 -24.47 -24.47 -24.47 -24.50 -24.50 -24.53 -24.53 -24.53 -24.56 -24.59 -24.59 -24.62 -24.66 -24.69 -24.72 -24.75 -24.78 -24.81 -24.81 -24.84 -24.88
-23.03 -22.94 -22.84 -22.75 -22.69 -22.66 -22.50 -22.12 -22.41 -22.50 -22.47 -22.47 -22.47 -22.53 -22.56 -22.59 -22.62 -22.66 -22.72 -22.75 -22.81 -22.84 -22.91 -22.97 -23.00 -23.06 -23.12 -23.19 -23.25 -23.31 -23.38 -23.41 -23.47 -23.53 -23.59 -23.66 -23.72 -23.78 -23.84 -23.91 -23.97 -24.03 -24.09 -24.12 -24.19 -24.25 -24.28 -24.31 -24.38 -24.44 -24.53 -24.56 -24.56 -24.56 -24.56 -24.56 -24.56 -24.56 -24.59 -24.66 -24.62 -24.66 -24.69 -24.72 -24.75 -24.78 -24.81 -24.84 -24.88 -24.91 -24.91
-22.69 -22.59 -22.50 -22.41 -22.34 -22.28 -22.25 -22.16 -22.16 -22.34 -22.50 -22.50 -22.53 -22.56 -22.56 -22.62 -22.66 -22.69 -22.75 -22.69 -22.84 -22.91 -22.94 -23.00 -23.06 -23.09 -23.16 -23.22 -23.28 -23.34 -23.41 -23.47 -23.53 -23.56 -23.66 -23.72 -23.78 -23.84 -23.91 -23.97 -24.03 -24.06 -24.12 -24.19 -24.22 -24.34 -24.34 -24.38 -24.44 -24.50 -24.56 -24.59 -24.62 -24.62 -24.66 -24.66 -24.62 -24.66 -24.66 -24.69 -24.69 -24.69 -24.72 -24.75 -24.81 -24.84 -24.88 -24.91 -24.94 -24.94 -24.97
-23.06 -22.66 -22.56 -22.84 -22.38 -22.31 -22.31 -22.59 -22.19 -22.19 -22.53 -22.53 -22.56 -22.56 -22.59 -22.66 -22.69 -22.72 -22.69 -22.50 -22.88 -22.94 -22.97 -23.03 -23.09 -23.16 -23.19 -23.25 -23.31 -23.38 -23.44 -23.50 -23.56 -23.62 -23.69 -23.75 -23.81 -23.88 -23.94 -24.00 -24.06 -24.12 -24.19 -24.22 -24.28 -24.34 -24.38 -24.41 -24.44 -24.50 -24.53 -24.59 -24.62 -24.62 -24.66 -24.62 -24.66 -24.66 -24.69 -24.72 -24.72 -24.75 -24.78 -24.84 -24.88 -24.91 -24.94 -25.00 -25.03 -25.03 -25.06
-22.78 -23.06 -22.97 -22.81 -22.44 -22.72 -22.44 -22.66 -22.59 -22.41 -22.56 -22.56 -22.56 -22.59 -22.62 -22.69 -22.72 -22.75 -22.81 -22.84 -22.91 -22.97 -23.03 -23.06 -23.12 -23.19 -23.25 -23.28 -23.34 -23.41 -23.47 -23.53 -23.59 -23.69 -23.72 -23.78 -23.88 -23.94 -24.00 -24.06 -24.12 -24.19 -24.22 -24.28 -24.31 -24.34 -24.41 -24.44 -24.47 -24.53 -24.53 -24.56 -24.59 -24.62 -24.62 -24.62 -24.66 -24.69 -24.75 -24.78 -24.78 -24.81 -24.88 -24.91 -24.97 -24.97 -25.00 -25.03 -25.06 -25.09 -25.09
-22.81 -23.12 -23.03 -22.59 -22.75 -22.81 -22.47 -22.66 -22.66 -22.62 -22.59 -22.59 -22.59 -22.62 -22.66 -22.69 -22.75 -22.78 -22.84 -22.91 -22.94 -23.00 -23.06 -23.09 -23.16 -23.22 -23.28 -23.34 -23.41 -23.44 -23.50 -23.56 -23.62 -23.72 -23.78 -23.84 -23.91 -23.97 -24.03 -24.12 -24.16 -24.22 -24.31 -24.34 -24.38 -24.41 -24.44 -24.47 -24.53 -24.56 -24.59 -24.59 -24.62 -24.62 -24.66 -24.66 -24.66 -24.69 -24.72 -24.75 -24.75 -24.81 -24.84 -24.91 -25.00 -25.03 -25.03 -25.06 -25.09 -25.12 -25.12
-22.91 -23.09 -23.09 -23.00 -22.84 -22.88 -22.78 -22.75 -22.69 -22.66 -22.62 -22.62 -22.66 -22.66 -22.69 -22.72 -22.78 -22.81 -22.88 -22.94 -22.97 -23.03 -23.09 -23.12 -23.19 -23.25 -23.31 -23.38 -23.44 -23.50 -23.56 -23.62 -23.69 -23.75 -23.81 -23.88 -23.94 -24.00 -24.06 -24.12 -24.19 -24.25 -24.38 -24.41 -24.41 -24.44 -24.47 -24.50 -24.56 -24.59 -24.62 -24.62 -24.66 -24.66 -24.69 -24.69 -24.69 -24.72 -24.72 -24.75 -24.78 -24.81 -24.91 -24.97 -25.00 -25.06 -25.09 -25.16 -25.19 -25.19 -25.22
-23.28 -23.22 -23.12 -23.06 -22.97 -22.91 -22.84 -22.78 -22.75 -22.69 -22.66 -22.66 -22.66 -22.69 -22.72 -22.75 -22.81 -22.84 -22.91 -22.97 -23.00 -23.06 -23.12 -23.19 -23.22 -23.28 -23.34 -23.41 -23.47 -23.53 -23.59 -23.62 -23.72 -23.78 -23.84 -23.91 -23.97 -24.03 -24.09 -24.16 -24.22 -24.28 -24.34 -24.41 -24.41 -24.47 -24.50 -24.53 -24.59 -24.62 -24.66 -24.69 -24.69 -24.72 -24.72 -24.72 -24.72 -24.75 -24.75 -24.78 -24.81 -24.88 -24.94 -24.97 -25.03 -25.06 -25.12 -25.16 -25.22 -25.25 -25.28
-23.31 -23.25 -23.16 -23.09 -23.03 -22.94 -22.88 -22.81 -22.75 -22.72 -22.69 -22.66 -22.66 -22.69 -22.75 -22.78 -22.84 -22.88 -22.94 -22.97 -23.03 -23.09 -23.16 -23.19 -23.25 -23.31 -23.38 -23.44 -23.50 -23.56 -23.62 -23.69 -23.75 -23.81 -23.88 -23.94 -24.00 -24.06 -24.09 -24.19 -24.22 -24.28 -24.34 -24.38 -24.44 -24.47 -24.53 -24.56 -24.62 -24.66 -24.75 -24.81 -24.81 -24.75 -24.75 -24.78 -24.78 -24.81 -24.81 -24.81 -24.81 -24.84 -24.88 -24.91 -24.97 -25.00 -25.06 -25.12 -25.16 -25.22 -25.25
-23.34 -23.25 -23.19 -23.12 -23.03 -22.97 -22.91 -22.84 -22.78 -22.75 -22.69 -22.69 -22.69 -22.72 -22.75 -22.81 -22.84 -22.91 -22.94 -23.03 -23.09 -23.19 -23.19 -23.22 -23.28 -23.34 -23.41 -23.47 -23.53 -23.56 -23.62 -23.69 -23.75 -23.81 -23.88 -23.94 -24.00 -24.06 -24.12 -24.19 -24.25 -24.31 -24.34 -24.41 -24.47 -24.50 -24.56 -24.59 -24.66 -24.75 -24.94 -25.06 -25.03 -24.91 -24.91 -24.94 -24.97 -24.97 -24.91 -24.88 -24.88 -24.91 -24.91 -24.94 -25.00 -25.06 -25.12 -25.16 -25.25 -25.34 -25.38
-23.34 -23.28 -23.22 -23.12 -23.06 -23.00 -22.91 -22.84 -22.78 -22.75 -22.72 -22.69 -22.69 -22.72 -22.78 -22.81 -22.88 -22.91 -22.97 -23.06 -23.16 -23.25 -23.28 -23.28 -23.34 -23.41 -23.47 -23.53 -23.56 -23.62 -23.66 -23.72 -23.78 -23.84 -23.91 -23.97 -24.03 -24.09 -24.16 -24.22 -24.28 -24.31 -24.38 -24.44 -24.47 -24.53 -24.56 -24.62 -24.72 -24.88 -25.09 -25.16 -25.16 -25.09 -25.09 -25.09 -25.12 -25.09 -25.06 -24.97 -24.94 -24.94 -24.94 -24.97 -25.03 -25.09 -25.16 -25.19 -25.31 -25.44 -25.47
-23.38 -23.28 -23.22 -23.12 -23.06 -23.00 -22.94 -22.88 -22.81 -22.75 -22.72 -22.72 -22.72 -22.75 -22.78 -22.84 -22.88 -22.94 -22.97 -23.06 -23.16 -23.19 -23.25 -23.31 -23.38 -23.44 -23.50 -23.53 -23.59 -23.62 -23.69 -23.75 -23.81 -23.88 -23.94 -24.00 -24.06 -24.09 -24.16 -24.22 -24.28 -24.34 -24.38 -24.44 -24.50 -24.53 -24.59 -24.66 -24.75 -24.88 -25.06 -25.12 -25.16 -25.12 -25.09 -25.09 -25.09 -25.09 -25.06 -24.97 -24.91 -24.88 -24.88 -24.94 -24.97 -25.03 -25.12 -25.19 -25.31 -25.44 -25.50
-23.38 -23.28 -23.22 -23.16 -23.06 -23.00 -22.94 -22.88 -22.81 -22.78 -22.75 -22.72 -22.75 -22.78 -22.81 -22.84 -22.91 -22.94 -23.00 -23.03 -23.09 -23.16 -23.19 -23.19 -23.31 -23.38 -23.44 -23.50 -23.56 -23.62 -23.69 -23.75 -23.81 -23.88 -23.94 -24.00 -24.06 -24.12 -24.19 -24.25 -24.28 -24.34 -24.41 -24.44 -24.50 -24.59 -24.62 -24.66 -24.69 -24.75 -24.84 -24.88 -24.91 -24.91 -24.91 -24.91 -24.91 -24.91 -24.91 -24.88 -24.84 -24.84 -24.88 -24.91 -24.97 -25.03 -25.09 -25.16 -25.28 -25.44 -25.53
-23.38 -23.28 -23.22 -23.16 -23.06 -23.00 -22.94 -22.88 -22.81 -22.78 -22.75 -22.72 -22.75 -22.78 -22.81 -22.88 -22.91 -22.97 -23.00 -23.06 -23.09 -23.16 -23.09 -22.94 -23.28 -23.38 -23.44 -23.50 -23.56 -23.62 -23.69 -23.75 -23.81 -23.88 -23.94 -24.00 -24.06 -24.12 -24.19 -24.25 -24.31 -24.34 -24.41 -24.44 -24.53 -24.62 -24.66 -24.69 -24.69 -24.72 -24.72 -24.72 -24.72 -24.75 -24.78 -24.75 -24.75 -24.78 -24.78 -24.78 -24.81 -24.84 -24.88 -24.91 -24.97 -25.03 -25.09 -25.16 -25.31 -25.41 -25.56
-23.38 -23.28 -23.22 -23.16 -23.06 -23.00 -22.94 -22.88 -22.81 -22.78 -22.75 -22.75 -22.78 -22.81 -22.84 -22.88 -22.94 -22.97 -23.03 -23.06 -23.09 -23.16 -22.81 -22.88 -22.94 -23.09 -23.44 -23.47 -23.59 -23.66 -23.69 -23.75 -23.81 -23.88 -23.94 -24.03 -24.06 -24.06 -24.19 -24.25 -24.34 -24.38 -24.41 -24.47 -24.56 -24.62 -24.66 -24.69 -24.72 -24.75 -24.75 -24.75 -24.75 -24.75 -24.78 -24.72 -24.75 -24.75 -24.75 -24.75 -24.78 -24.84 -24.88 -24.91 -24.94 -25.00 -25.06 -25.16 -25.31 -25.41 -25.62
-23.38 -23.28 -23.22 -23.12 -23.06 -23.00 -22.94 -22.88 -22.81 -22.78 -22.75 -22.78 -22.78 -22.81 -22.88 -22.91 -22.94 -23.00 -23.03 -23.09 -23.12 -23.16 -23.16 -22.97 -22.94 -23.09 -23.47 -23.34 -23.59 -23.66 -23.69 -23.75 -23.59 -23.78 -23.94 -23.94 -23.72 -23.81 -24.09 -24.25 -24.31 -24.34 -24.41 -24.44 -24.50 -24.56 -24.59 -24.66 -24.66 -24.69 -24.72 -24.72 -24.72 -24.69 -24.72 -24.69 -24.72 -24.72 -24.75 -24.75 -24.78 -24.81 -24.88 -24.91 -24.97 -25.03 -25.06 -25.16 -25.25 -25.31 -25.50
-23.34 -23.25 -23.19 -23.12 -23.06 -22.97 -22.91 -22.84 -22.81 -22.78 -22.75 -22.78 -22.81 -22.84 -22.88 -22.94 -22.97 -23.00 -23.06 -23.09 -23.16 -23.19 -23.25 -23.22 -22.97 -23.41 -23.47 -23.53 -23.59 -23.66 -23.69 -23.59 -23.59 -23.88 -23.94 -23.72 -23.78 -23.97 -24.19 -24.22 -24.28 -24.34 -24.38 -24.44 -24.47 -24.50 -24.53 -24.56 -24.59 -24.66 -24.66 -24.66 -24.66 -24.66 -24.66 -24.66 -24.66 -24.69 -24.69 -24.72 -24.75 -24.78 -24.81 -24.88 -24.94 -25.00 -25.06 -25.12 -25.19 -25.19 -25.28
-23.28 -23.22 -23.16 -23.09 -23.03 -22.97 -22.91 -22.84 -22.59 -22.56 -22.78 -22.81 -22.84 -22.88 -22.91 -22.94 -23.00 -23.03 -23.09 -23.12 -23.16 -23.22 -23.25 -23.31 -23.38 -23.41 -23.47 -23.53 -23.59 -23.66 -23.66 -23.41 -23.59 -23.88 -23.91 -24.00 -24.06 -24.12 -24.19 -24.22 -24.28 -24.31 -24.38 -24.41 -24.44 -24.50 -24.53 -24.56 -24.56 -24.59 -24.62 -24.62 -24.59 -24.62 -24.62 -24.66 -24.66 -24.66 -24.69 -24.75 -24.75 -24.75 -24.78 -24.88 -24.88 -24.91 -24.97 -25.03 -25.09 -25.16 -25.19
-22.81 -22.69 -22.88 -23.03 -23.00 -22.94 -22.88 -22.81 -22.78 -22.78 -22.78 -22.81 -22.84 -22.91 -22.94 -22.97 -23.00 -23.06 -23.09 -23.16 -23.19 -23.25 -23.28 -23.31 -23.38 -23.44 -23.50 -23.56 -23.59 -23.66 -23.34 -23.50 -23.59 -23.88 -23.94 -24.00 -24.06 -24.12 -24.16 -24.22 -24.25 -24.31 -24.34 -24.41 -24.44 -24.50 -24.53 -24.50 -24.53 -24.56 -24.59 -24.59 -24.56 -24.56 -24.56 -24.59 -24.59 -24.66 -24.69 -24.69 -24.75 -24.78 -24.81 -24.84 -24.88 -24.91 -24.97 -25.03 -25.09 -25.16 -25.22
-22.69 -22.59 -22.81 -23.00 -22.94 -22.91 -22.84 -22.81 -22.78 -22.78 -22.81 -22.84 -22.88 -22.91 -22.97 -23.00 -23.03 -22.91 -22.94 -23.16 -23.22 -23.25 -23.31 -23.34 -23.31 -23.09 -23.44 -23.56 -23.59 -23.66 -23.50 -23.50 -23.59 -23.78 -23.59 -23.97 -24.06 -24.12 -24.16 -24.22 -24.25 -24.28 -24.31 -24.38 -24.41 -24.44 -24.47 -24.47 -24.50 -24.50 -24.53 -24.53 -24.53 -24.53 -24.53 -24.53 -24.59 -24.62 -24.66 -24.66 -24.69 -24.72 -24.75 -24.78 -24.84 -24.88 -24.91 -24.97 -25.00 -25.06 -25.06
-22.94 -22.84 -22.78 -22.72 -22.91 -22.88 -22.81 -22.78 -22.78 -22.78 -22.81 -22.84 -22.91 -22.94 -22.97 -23.03 -23.06 -23.09 -23.16 -23.19 -23.22 -23.28 -23.31 -23.34 -23.31 -23.09 -23.44 -23.56 -23.62 -23.56 -23.72 -23.78 -23.84 -23.88 -23.91 -23.84 -24.06 -24.09 -24.16 -24.19 -24.22 -24.25 -24.31 -24.34 -24.38 -24.41 -24.44 -24.44 -24.47 -24.47 -24.47 -24.47 -24.47 -24.47 -24.50 -24.50 -24.50 -24.50 -24.53 -24.53 -24.56 -24.59 -24.62 -24.66 -24.69 -24.72 -24.78 -24.81 -24.84 -24.88 -24.94
-22.88 -22.50 -22.44 -22.66 -22.84 -22.81 -22.78 -22.78 -22.78 -22.81 -22.84 -22.88 -22.91 -22.94 -23.00 -23.03 -23.09 -23.12 -23.12 -23.12 -23.19 -23.31 -23.34 -23.38 -23.06 -23.09 -23.34 -23.56 -23.62 -23.69 -23.72 -23.66 -23.84 -23.91 -23.94 -24.00 -24.03 -24.09 -24.12 -24.16 -24.22 -24.25 -24.28 -24.31 -24.34 -24.34 -24.38 -24.38 -24.41 -24.41 -24.44 -24.44 -24.44 -24.44 -24.44 -24.44 -24.44 -24.47 -24.47 -24.50 -24.53 -24.53 -24.56 -24.59 -24.62 -24.66 -24.69 -24.72 -24.78 -24.81 -24.81
-23.06 -22.88 -22.59 -22.53 -22.75 -22.78 -22.75 -22.75 -22.78 -22.81 -22.84 -22.88 -22.94 -22.97 -23.00 -23.06 -23.12 -23.16 -23.19 -23.25 -23.28 -23.31 -23.34 -23.41 -23.16 -23.41 -23.28 -23.41 -23.62 -23.69 -23.72 -23.78 -23.84 -23.91 -23.94 -24.00 -24.03 -24.06 -24.09 -24.16 -24.19 -24.22 -24.25 -24.28 -24.28 -24.31 -24.34 -24.34 -24.38 -24.38 -24.38 -24.41 -24.41 -24.41 -24.41 -24.41 -24.41 -24.41 -24.41 -24.44 -24.44 -24.47 -24.50 -24.53 -24.56 -24.59 -24.62 -24.66 -24.69 -24.72 -24.72
-22.47 -22.12 -22.25 -22.28 -22.41 -22.66 -22.75 -22.75 -22.78 -22.81 -22.84 -22.88 -22.94 -22.97 -22.97 -23.00 -23.12 -23.16 -23.22 -23.25 -23.31 -23.34 -23.38 -23.41 -23.12 -23.50 -23.53 -23.59 -23.53 -23.31 -23.47 -23.75 -23.69 -23.88 -23.94 -23.97 -24.00 -24.06 -24.09 -24.12 -24.16 -24.19 -24.25 -24.25 -24.25 -24.28 -24.28 -24.31 -24.31 -24.31 -24.34 -24.34 -24.34 -24.34 -24.34 -24.34 -24.34 -24.34 -24.38 -24.38 -24.41 -24.44 -24.47 -24.47 -24.50 -24.50 -24.53 -24.56 -24.59 -24.66 -24.69
