everonasctiles/Tile49,21.asc
ncols 128
nrows 128
xllcorner 0
yllcorner 0
cellsize 2.0
NODATA_value  -9999
[rows 58 to 86 of 128, columns 0 to 66 of 128]
-126.62 -126.59 -126.53 -126.53 -126.56 -126.59 -126.66 -126.69 -126.75 -126.78 -126.81 -126.88 -126.94 -126.97 -127.00 -127.00 -127.00 -126.94 -126.88 -126.78 -126.66 -126.50 -126.31 -126.16 -126.00 -125.88 -125.78 -125.75 -125.84 -125.97 -126.06 -126.19 -126.28 -126.38 -126.44 -126.50 -126.59 -126.69 -126.81 -126.94 -127.06 -127.22 -127.34 -127.44 -127.53 -127.56 -127.59 -127.59 -127.59 -127.59 -127.62 -127.62 -127.66 -127.69 -127.72 -127.72 -127.72 -127.69 -127.66 -127.59 -127.56 -127.53 -127.50 -127.50 -127.47 -127.44 -127.38
-126.53 -126.47 -126.44 -126.44 -126.47 -126.50 -126.56 -126.59 -126.66 -126.69 -126.72 -126.78 -126.84 -126.91 -126.94 -126.94 -126.91 -126.84 -126.75 -126.66 -126.53 -126.38 -126.22 -126.03 -125.88 -125.78 -125.72 -125.72 -125.81 -125.94 -126.06 -126.16 -126.22 -126.28 -126.34 -126.41 -126.47 -126.56 -126.69 -126.84 -127.00 -127.12 -127.25 -127.38 -127.47 -127.53 -127.56 -127.56 -127.56 -127.56 -127.59 -127.59 -127.62 -127.66 -127.66 -127.69 -127.69 -127.62 -127.59 -127.53 -127.47 -127.44 -127.41 -127.41 -127.41 -127.38 -127.34
-126.41 -126.38 -126.34 -126.34 -126.34 -126.41 -126.44 -126.50 -126.53 -126.56 -126.62 -126.69 -126.75 -126.81 -126.84 -126.81 -126.78 -126.72 -126.62 -126.53 -126.41 -126.25 -126.09 -125.91 -125.78 -125.69 -125.62 -125.69 -125.78 -125.91 -126.03 -126.12 -126.19 -126.22 -126.25 -126.31 -126.38 -126.47 -126.59 -126.75 -126.91 -127.06 -127.19 -127.31 -127.41 -127.47 -127.50 -127.53 -127.53 -127.53 -127.56 -127.56 -127.59 -127.59 -127.62 -127.62 -127.59 -127.56 -127.50 -127.44 -127.41 -127.34 -127.34 -127.34 -127.34 -127.31 -127.28
-126.28 -126.25 -126.22 -126.22 -126.25 -126.28 -126.31 -126.34 -126.38 -126.44 -126.50 -126.56 -126.66 -126.69 -126.72 -126.69 -126.66 -126.56 -126.47 -126.38 -126.25 -126.09 -125.94 -125.78 -125.66 -125.56 -125.56 -125.62 -125.75 -125.88 -125.97 -126.06 -126.09 -126.16 -126.19 -126.22 -126.28 -126.38 -126.50 -126.66 -126.81 -126.97 -127.12 -127.25 -127.34 -127.44 -127.47 -127.50 -127.50 -127.50 -127.50 -127.53 -127.53 -127.56 -127.56 -127.56 -127.53 -127.50 -127.44 -127.38 -127.31 -127.28 -127.28 -127.25 -127.25 -127.25 -127.22
-126.16 -126.12 -126.09 -126.09 -126.12 -126.16 -126.16 -126.19 -126.22 -126.28 -126.38 -126.44 -126.53 -126.56 -126.59 -126.56 -126.50 -126.41 -126.31 -126.22 -126.09 -125.97 -125.81 -125.66 -125.53 -125.44 -125.47 -125.56 -125.69 -125.81 -125.91 -125.97 -126.03 -126.06 -126.09 -126.16 -126.22 -126.31 -126.44 -126.59 -126.75 -126.94 -127.09 -127.22 -127.31 -127.41 -127.44 -127.47 -127.47 -127.47 -127.47 -127.47 -127.50 -127.50 -127.50 -127.47 -127.47 -127.41 -127.34 -127.31 -127.25 -127.22 -127.22 -127.22 -127.19 -127.19 -127.12
-126.00 -126.00 -125.97 -125.97 -125.97 -126.00 -126.00 -126.03 -126.06 -126.12 -126.22 -126.31 -126.41 -126.44 -126.47 -126.44 -126.34 -126.28 -126.16 -126.06 -125.94 -125.84 -125.69 -125.53 -125.41 -125.34 -125.41 -125.50 -125.59 -125.72 -125.81 -125.91 -125.94 -126.00 -126.03 -126.09 -126.16 -126.25 -126.38 -126.53 -126.72 -126.88 -127.03 -127.19 -127.28 -127.38 -127.41 -127.44 -127.44 -127.44 -127.44 -127.44 -127.44 -127.41 -127.41 -127.38 -127.34 -127.31 -127.28 -127.25 -127.22 -127.19 -127.16 -127.16 -127.12 -127.09 -127.06
-125.88 -125.88 -125.84 -125.84 -125.81 -125.84 -125.84 -125.88 -125.91 -126.00 -126.09 -126.19 -126.28 -126.34 -126.34 -126.31 -126.22 -126.12 -126.03 -125.94 -125.84 -125.72 -125.59 -125.47 -125.34 -125.25 -125.31 -125.41 -125.50 -125.59 -125.69 -125.78 -125.84 -125.91 -125.97 -126.03 -126.12 -126.22 -126.34 -126.50 -126.66 -126.84 -127.00 -127.16 -127.25 -127.34 -127.38 -127.41 -127.41 -127.41 -127.38 -127.38 -127.34 -127.31 -127.28 -127.25 -127.22 -127.22 -127.19 -127.16 -127.16 -127.12 -127.12 -127.09 -127.06 -127.03 -126.97
-125.75 -125.72 -125.72 -125.69 -125.69 -125.69 -125.69 -125.72 -125.78 -125.88 -126.00 -126.09 -126.16 -126.22 -126.22 -126.19 -126.12 -126.03 -125.91 -125.81 -125.72 -125.66 -125.53 -125.41 -125.28 -125.19 -125.22 -125.28 -125.38 -125.47 -125.56 -125.66 -125.75 -125.81 -125.91 -126.00 -126.09 -126.19 -126.31 -126.47 -126.62 -126.81 -126.97 -127.09 -127.22 -127.31 -127.34 -127.38 -127.38 -127.34 -127.31 -127.28 -127.22 -127.19 -127.16 -127.12 -127.09 -127.06 -127.06 -127.06 -127.06 -127.06 -127.06 -127.03 -127.00 -126.94 -126.88
-125.62 -125.62 -125.59 -125.59 -125.56 -125.56 -125.56 -125.62 -125.69 -125.78 -125.88 -125.97 -126.06 -126.09 -126.09 -126.06 -126.00 -125.94 -125.84 -125.75 -125.66 -125.56 -125.47 -125.34 -125.22 -125.12 -125.12 -125.19 -125.25 -125.34 -125.44 -125.53 -125.62 -125.75 -125.84 -125.97 -126.06 -126.19 -126.31 -126.44 -126.59 -126.75 -126.91 -127.03 -127.16 -127.25 -127.28 -127.31 -127.31 -127.28 -127.22 -127.16 -127.09 -127.03 -127.00 -126.97 -126.94 -126.94 -126.94 -126.97 -126.97 -127.00 -127.00 -126.97 -126.94 -126.84 -126.78
-125.53 -125.53 -125.50 -125.50 -125.47 -125.47 -125.50 -125.53 -125.62 -125.72 -125.81 -125.88 -125.94 -125.97 -126.00 -125.97 -125.91 -125.84 -125.75 -125.66 -125.56 -125.47 -125.38 -125.28 -125.16 -125.06 -125.03 -125.06 -125.12 -125.22 -125.31 -125.44 -125.56 -125.69 -125.81 -125.94 -126.06 -126.19 -126.31 -126.44 -126.56 -126.69 -126.81 -126.97 -127.06 -127.16 -127.19 -127.22 -127.22 -127.16 -127.09 -127.03 -126.94 -126.88 -126.81 -126.78 -126.75 -126.78 -126.81 -126.84 -126.88 -126.91 -126.91 -126.91 -126.84 -126.78 -126.69
-125.47 -125.44 -125.44 -125.41 -125.41 -125.41 -125.44 -125.50 -125.56 -125.66 -125.72 -125.78 -125.84 -125.88 -125.88 -125.84 -125.81 -125.75 -125.69 -125.59 -125.50 -125.41 -125.31 -125.19 -125.09 -124.97 -124.94 -124.94 -125.03 -125.12 -125.25 -125.38 -125.53 -125.66 -125.81 -125.94 -126.06 -126.16 -126.25 -126.38 -126.47 -126.59 -126.72 -126.84 -126.97 -127.03 -127.09 -127.09 -127.09 -127.03 -126.97 -126.88 -126.78 -126.69 -126.62 -126.59 -126.59 -126.62 -126.69 -126.75 -126.78 -126.81 -126.84 -126.84 -126.78 -126.72 -126.62
-125.41 -125.41 -125.41 -125.38 -125.38 -125.38 -125.41 -125.44 -125.50 -125.56 -125.66 -125.69 -125.75 -125.75 -125.78 -125.75 -125.72 -125.69 -125.62 -125.53 -125.44 -125.34 -125.22 -125.12 -125.00 -124.91 -124.84 -124.84 -124.94 -125.06 -125.19 -125.34 -125.53 -125.69 -125.81 -125.94 -126.06 -126.12 -126.19 -126.25 -126.34 -126.44 -126.56 -126.69 -126.81 -126.88 -126.94 -126.94 -126.94 -126.88 -126.81 -126.69 -126.59 -126.53 -126.47 -126.44 -126.44 -126.50 -126.56 -126.66 -126.72 -126.75 -126.78 -126.78 -126.75 -126.69 -126.56
-125.41 -125.41 -125.38 -125.38 -125.38 -125.38 -125.38 -125.41 -125.47 -125.50 -125.56 -125.62 -125.66 -125.66 -125.66 -125.66 -125.62 -125.59 -125.53 -125.47 -125.38 -125.25 -125.16 -125.06 -124.94 -124.84 -124.78 -124.81 -124.91 -125.03 -125.19 -125.38 -125.53 -125.69 -125.84 -125.94 -126.03 -126.09 -126.12 -126.16 -126.19 -126.28 -126.41 -126.53 -126.66 -126.72 -126.75 -126.75 -126.75 -126.69 -126.62 -126.53 -126.44 -126.34 -126.28 -126.28 -126.31 -126.41 -126.50 -126.56 -126.62 -126.69 -126.69 -126.69 -126.69 -126.62 -126.53
-125.41 -125.41 -125.41 -125.41 -125.41 -125.38 -125.38 -125.38 -125.41 -125.47 -125.50 -125.53 -125.56 -125.56 -125.56 -125.56 -125.53 -125.47 -125.44 -125.34 -125.28 -125.19 -125.09 -124.97 -124.88 -124.78 -124.72 -124.78 -124.88 -125.03 -125.19 -125.38 -125.53 -125.69 -125.84 -125.94 -126.00 -126.00 -126.03 -126.03 -126.06 -126.12 -126.22 -126.34 -126.44 -126.50 -126.53 -126.53 -126.53 -126.50 -126.44 -126.34 -126.25 -126.19 -126.12 -126.16 -126.25 -126.34 -126.44 -126.50 -126.56 -126.62 -126.62 -126.62 -126.62 -126.56 -126.50
-125.41 -125.41 -125.44 -125.44 -125.41 -125.41 -125.38 -125.38 -125.38 -125.41 -125.44 -125.47 -125.47 -125.50 -125.47 -125.47 -125.41 -125.38 -125.31 -125.25 -125.16 -125.09 -125.00 -124.91 -124.81 -124.72 -124.72 -124.78 -124.88 -125.03 -125.19 -125.38 -125.53 -125.69 -125.81 -125.91 -125.94 -125.94 -125.91 -125.91 -125.91 -125.94 -126.03 -126.12 -126.22 -126.28 -126.31 -126.31 -126.31 -126.28 -126.25 -126.19 -126.09 -126.06 -126.06 -126.12 -126.22 -126.31 -126.41 -126.47 -126.53 -126.56 -126.56 -126.56 -126.53 -126.50 -126.41
-125.44 -125.44 -125.44 -125.44 -125.44 -125.41 -125.38 -125.34 -125.34 -125.34 -125.38 -125.41 -125.41 -125.41 -125.41 -125.38 -125.31 -125.25 -125.19 -125.12 -125.03 -124.97 -124.88 -124.81 -124.75 -124.69 -124.69 -124.78 -124.88 -125.03 -125.19 -125.34 -125.50 -125.66 -125.75 -125.81 -125.84 -125.84 -125.81 -125.78 -125.75 -125.75 -125.81 -125.91 -126.00 -126.03 -126.06 -126.09 -126.12 -126.12 -126.09 -126.03 -126.00 -125.97 -126.03 -126.12 -126.22 -126.31 -126.38 -126.44 -126.47 -126.50 -126.50 -126.50 -126.47 -126.41 -126.31
-125.44 -125.47 -125.47 -125.47 -125.44 -125.41 -125.38 -125.34 -125.31 -125.31 -125.31 -125.34 -125.34 -125.34 -125.31 -125.28 -125.22 -125.16 -125.09 -125.00 -124.94 -124.84 -124.78 -124.72 -124.69 -124.66 -124.69 -124.78 -124.88 -125.00 -125.16 -125.31 -125.47 -125.59 -125.69 -125.75 -125.75 -125.75 -125.69 -125.62 -125.59 -125.56 -125.59 -125.69 -125.75 -125.81 -125.84 -125.91 -125.94 -125.97 -125.97 -125.94 -125.94 -125.97 -126.03 -126.12 -126.22 -126.28 -126.34 -126.41 -126.44 -126.44 -126.44 -126.41 -126.34 -126.28 -126.22
-125.47 -125.47 -125.47 -125.47 -125.47 -125.44 -125.41 -125.38 -125.34 -125.31 -125.28 -125.28 -125.28 -125.28 -125.25 -125.22 -125.16 -125.09 -125.00 -124.94 -124.84 -124.78 -124.72 -124.69 -124.66 -124.66 -124.72 -124.78 -124.88 -125.00 -125.12 -125.28 -125.41 -125.53 -125.59 -125.66 -125.66 -125.62 -125.59 -125.50 -125.44 -125.41 -125.41 -125.44 -125.50 -125.56 -125.66 -125.72 -125.78 -125.84 -125.88 -125.91 -125.91 -125.97 -126.06 -126.12 -126.22 -126.28 -126.31 -126.38 -126.38 -126.38 -126.34 -126.31 -126.25 -126.16 -126.06
-125.50 -125.50 -125.50 -125.50 -125.47 -125.47 -125.44 -125.41 -125.34 -125.34 -125.31 -125.28 -125.28 -125.25 -125.22 -125.19 -125.12 -125.06 -124.97 -124.91 -124.81 -124.75 -124.72 -124.72 -124.72 -124.72 -124.72 -124.78 -124.88 -125.00 -125.12 -125.25 -125.38 -125.47 -125.53 -125.56 -125.56 -125.53 -125.47 -125.38 -125.31 -125.22 -125.16 -125.19 -125.28 -125.38 -125.50 -125.59 -125.69 -125.78 -125.84 -125.88 -125.94 -126.00 -126.06 -126.12 -126.19 -126.25 -126.28 -126.31 -126.31 -126.28 -126.25 -126.19 -126.12 -126.00 -125.91
-125.53 -125.53 -125.53 -125.50 -125.50 -125.50 -125.47 -125.44 -125.41 -125.38 -125.34 -125.31 -125.31 -125.28 -125.25 -125.22 -125.16 -125.09 -125.03 -124.94 -124.88 -124.81 -124.81 -124.81 -124.81 -124.78 -124.78 -124.81 -124.88 -124.97 -125.09 -125.22 -125.34 -125.44 -125.47 -125.50 -125.50 -125.47 -125.38 -125.28 -125.19 -125.09 -124.97 -125.00 -125.16 -125.28 -125.44 -125.53 -125.66 -125.75 -125.81 -125.88 -125.94 -125.97 -126.03 -126.09 -126.12 -126.19 -126.19 -126.22 -126.22 -126.19 -126.16 -126.06 -125.97 -125.88 -125.75
-125.53 -125.53 -125.53 -125.53 -125.53 -125.53 -125.50 -125.47 -125.44 -125.41 -125.38 -125.38 -125.34 -125.34 -125.31 -125.28 -125.25 -125.16 -125.09 -125.03 -124.97 -124.91 -124.91 -124.91 -124.91 -124.88 -124.84 -124.84 -124.88 -124.97 -125.09 -125.19 -125.31 -125.38 -125.44 -125.47 -125.44 -125.41 -125.31 -125.22 -125.09 -125.00 -124.91 -124.97 -125.12 -125.25 -125.41 -125.53 -125.66 -125.72 -125.81 -125.84 -125.91 -125.94 -125.97 -126.00 -126.03 -126.06 -126.09 -126.09 -126.09 -126.06 -126.03 -125.94 -125.84 -125.72 -125.59
-125.56 -125.56 -125.56 -125.56 -125.59 -125.59 -125.56 -125.53 -125.50 -125.47 -125.47 -125.44 -125.44 -125.44 -125.41 -125.38 -125.31 -125.25 -125.19 -125.12 -125.06 -125.03 -125.00 -125.00 -125.00 -124.97 -124.94 -124.91 -124.91 -124.97 -125.06 -125.19 -125.28 -125.34 -125.41 -125.44 -125.41 -125.38 -125.28 -125.16 -125.06 -124.97 -124.91 -124.97 -125.09 -125.25 -125.41 -125.53 -125.62 -125.72 -125.75 -125.78 -125.81 -125.84 -125.88 -125.91 -125.91 -125.94 -125.97 -125.97 -125.97 -125.94 -125.88 -125.78 -125.69 -125.56 -125.44
-125.59 -125.59 -125.59 -125.62 -125.62 -125.62 -125.62 -125.59 -125.56 -125.53 -125.53 -125.53 -125.53 -125.53 -125.50 -125.47 -125.41 -125.34 -125.28 -125.22 -125.16 -125.12 -125.12 -125.12 -125.12 -125.09 -125.03 -124.97 -124.97 -125.00 -125.09 -125.19 -125.28 -125.34 -125.38 -125.41 -125.41 -125.34 -125.25 -125.12 -125.03 -124.94 -124.91 -124.97 -125.09 -125.25 -125.41 -125.53 -125.62 -125.69 -125.69 -125.72 -125.72 -125.75 -125.75 -125.75 -125.78 -125.81 -125.81 -125.81 -125.81 -125.78 -125.72 -125.62 -125.53 -125.41 -125.28
-125.62 -125.62 -125.66 -125.66 -125.69 -125.69 -125.69 -125.69 -125.66 -125.62 -125.59 -125.59 -125.62 -125.62 -125.59 -125.56 -125.50 -125.44 -125.38 -125.31 -125.28 -125.25 -125.25 -125.25 -125.22 -125.19 -125.12 -125.06 -125.03 -125.06 -125.09 -125.19 -125.25 -125.31 -125.38 -125.38 -125.38 -125.31 -125.22 -125.09 -125.00 -124.91 -124.91 -124.97 -125.09 -125.22 -125.34 -125.47 -125.56 -125.59 -125.62 -125.62 -125.62 -125.62 -125.62 -125.62 -125.62 -125.66 -125.66 -125.66 -125.66 -125.62 -125.56 -125.50 -125.41 -125.28 -125.12
-125.66 -125.66 -125.69 -125.72 -125.75 -125.78 -125.78 -125.75 -125.72 -125.69 -125.69 -125.69 -125.72 -125.72 -125.69 -125.66 -125.59 -125.53 -125.47 -125.44 -125.38 -125.38 -125.34 -125.34 -125.34 -125.28 -125.25 -125.19 -125.12 -125.12 -125.12 -125.19 -125.25 -125.28 -125.31 -125.34 -125.31 -125.28 -125.19 -125.06 -124.97 -124.91 -124.88 -124.94 -125.06 -125.19 -125.28 -125.41 -125.47 -125.53 -125.53 -125.53 -125.50 -125.50 -125.50 -125.47 -125.47 -125.47 -125.50 -125.50 -125.50 -125.47 -125.44 -125.38 -125.28 -125.16 -125.03
-125.69 -125.72 -125.72 -125.78 -125.81 -125.84 -125.88 -125.84 -125.81 -125.78 -125.78 -125.78 -125.78 -125.78 -125.78 -125.75 -125.69 -125.62 -125.56 -125.53 -125.47 -125.47 -125.47 -125.44 -125.44 -125.41 -125.34 -125.28 -125.22 -125.19 -125.16 -125.19 -125.19 -125.25 -125.25 -125.28 -125.25 -125.22 -125.12 -125.03 -124.94 -124.88 -124.84 -124.94 -125.03 -125.12 -125.22 -125.31 -125.38 -125.44 -125.44 -125.44 -125.41 -125.38 -125.34 -125.34 -125.31 -125.34 -125.34 -125.38 -125.38 -125.38 -125.31 -125.25 -125.19 -125.06 -124.97
-125.72 -125.75 -125.78 -125.81 -125.88 -125.94 -125.97 -125.94 -125.91 -125.91 -125.88 -125.88 -125.88 -125.88 -125.88 -125.81 -125.78 -125.72 -125.66 -125.59 -125.56 -125.56 -125.56 -125.56 -125.53 -125.50 -125.44 -125.38 -125.31 -125.25 -125.22 -125.19 -125.16 -125.19 -125.19 -125.19 -125.19 -125.12 -125.06 -125.00 -124.94 -124.91 -124.91 -124.94 -125.00 -125.06 -125.16 -125.22 -125.28 -125.34 -125.34 -125.34 -125.31 -125.25 -125.22 -125.19 -125.19 -125.19 -125.22 -125.25 -125.25 -125.25 -125.22 -125.16 -125.06 -125.00 -124.91
-125.75 -125.78 -125.84 -125.88 -125.97 -126.03 -126.06 -126.03 -126.03 -126.00 -125.97 -125.97 -125.97 -125.97 -125.94 -125.91 -125.84 -125.78 -125.72 -125.66 -125.62 -125.62 -125.62 -125.62 -125.62 -125.59 -125.56 -125.47 -125.41 -125.31 -125.25 -125.19 -125.16 -125.16 -125.12 -125.12 -125.09 -125.06 -125.03 -125.00 -124.97 -124.97 -125.00 -125.00 -125.03 -125.06 -125.09 -125.16 -125.22 -125.25 -125.25 -125.25 -125.19 -125.16 -125.12 -125.06 -125.06 -125.09 -125.12 -125.16 -125.19 -125.16 -125.12 -125.06 -124.97 -124.88 -124.78
-125.81 -125.84 -125.91 -125.97 -126.03 -126.09 -126.16 -126.16 -126.12 -126.09 -126.06 -126.06 -126.06 -126.03 -126.03 -125.97 -125.94 -125.84 -125.78 -125.72 -125.69 -125.69 -125.72 -125.72 -125.72 -125.69 -125.66 -125.56 -125.47 -125.38 -125.31 -125.22 -125.19 -125.16 -125.12 -125.09 -125.06 -125.03 -125.03 -125.03 -125.06 -125.09 -125.12 -125.12 -125.12 -125.12 -125.12 -125.16 -125.16 -125.16 -125.19 -125.16 -125.12 -125.06 -125.03 -124.97 -124.97 -125.00 -125.06 -125.09 -125.12 -125.09 -125.03 -124.97 -124.88 -124.78 -124.69
