everonasctiles/Tile[39,12].asc
ncols 128
nrows 128
xllcorner 0
yllcorner 0
cellsize 2.0
NODATA_value  -9999
[rows 0 to 33 of 128, columns 0 to 77 of 128]
95.50 95.16 93.81 92.41 90.66 89.22 87.50 85.38 82.56 79.06 75.00 70.88 69.75 68.59 67.06 66.28 65.72 65.16 64.75 64.25 63.75 63.16 62.53 61.88 61.25 60.62 59.97 59.31 58.66 57.94 57.22 56.47 55.69 54.91 54.16 53.31 52.47 51.69 50.88 50.09 49.19 48.19 47.16 45.62 43.56 42.44 41.06 39.94 38.78 37.84 37.12 36.41 35.69 35.03 34.38 33.75 33.06 32.44 31.75 31.09 30.22 29.12 27.91 26.62 25.75 25.19 24.44 23.47 22.25 21.69 20.88 20.31 19.53 18.81 17.94 17.16 16.53 15.94
94.28 93.16 92.16 90.88 89.47 88.06 86.31 83.88 81.19 78.00 74.50 71.44 69.59 68.06 66.38 65.75 65.22 64.66 64.12 63.72 63.22 62.62 62.00 61.38 60.78 60.19 59.53 58.91 58.25 57.53 56.84 56.09 55.31 54.53 53.69 52.91 52.12 51.28 50.44 49.56 48.53 47.47 46.12 44.69 43.25 41.94 40.72 39.59 38.53 37.66 36.94 36.12 35.44 34.69 34.00 33.44 32.88 32.19 31.50 30.72 29.75 28.69 27.59 26.44 25.66 25.22 24.31 23.66 22.44 21.88 21.12 20.44 19.59 18.91 17.78 17.03 16.44 15.84
92.56 91.22 89.88 89.16 87.97 86.41 84.72 81.94 79.81 76.22 73.59 70.78 69.25 67.59 65.97 65.41 64.84 64.22 63.69 63.22 62.72 62.16 61.50 60.91 60.34 59.75 59.16 58.53 57.91 57.25 56.44 55.69 54.94 54.16 53.34 52.56 51.78 50.97 50.06 49.16 48.09 47.00 45.28 43.84 42.81 41.56 40.38 39.25 38.28 37.44 36.69 35.91 35.22 34.53 33.81 33.09 32.47 31.88 31.19 30.12 29.09 28.16 27.19 26.38 25.66 25.12 24.34 23.59 22.72 22.16 21.34 20.56 19.78 18.97 17.84 16.91 16.28 15.75
90.66 89.41 88.50 87.44 86.16 84.25 82.38 80.97 77.50 74.31 71.31 70.03 68.94 67.03 65.91 65.22 64.53 63.91 63.31 62.81 62.28 61.72 61.09 60.50 59.94 59.31 58.75 58.16 57.53 56.94 56.06 55.38 54.59 53.88 53.09 52.31 51.50 50.59 49.62 48.56 47.38 46.06 44.81 42.81 41.97 40.91 39.75 38.78 37.94 37.09 36.34 35.59 34.88 34.19 33.50 32.81 32.12 31.41 30.59 29.62 28.75 27.81 27.06 26.44 25.75 25.12 24.59 23.66 22.94 22.31 21.53 20.72 19.97 19.09 17.88 16.88 16.31 15.84
89.62 88.34 86.72 85.81 84.03 82.44 81.09 79.66 75.53 72.66 70.41 69.88 68.72 67.00 65.97 65.16 64.31 63.59 62.97 62.44 61.88 61.31 60.69 60.09 59.53 58.91 58.31 57.75 57.19 56.59 55.72 55.03 54.28 53.56 52.81 51.97 51.09 50.09 49.00 47.75 46.38 44.97 43.31 41.88 41.22 40.28 39.22 38.34 37.47 36.66 35.94 35.25 34.53 33.81 33.16 32.47 31.72 31.00 30.22 29.38 28.50 27.75 27.12 26.44 25.84 25.41 24.75 23.94 23.16 22.47 21.69 20.78 20.12 19.09 17.84 17.00 16.50 16.06
88.81 87.56 85.75 83.38 82.69 81.38 79.72 77.56 74.53 71.72 70.53 69.62 68.44 67.06 66.06 65.16 64.25 63.41 62.66 62.06 61.47 60.88 60.28 59.69 59.09 58.53 57.94 57.38 56.84 56.25 55.47 54.69 54.00 53.28 52.53 51.72 50.72 49.59 47.94 46.50 45.03 43.69 42.09 41.22 40.50 39.69 38.75 37.78 36.84 36.19 35.53 34.84 34.09 33.38 32.66 32.00 31.31 30.59 29.81 29.03 28.34 27.69 27.12 26.53 26.00 25.44 24.84 24.06 23.31 22.56 21.78 20.88 20.12 18.78 17.66 17.12 16.69 16.22
88.06 85.91 83.50 82.69 81.50 80.03 78.00 76.00 73.91 71.88 70.72 69.56 68.38 67.09 66.03 65.03 64.09 63.19 62.44 61.75 61.12 60.50 59.88 59.25 58.69 58.12 57.50 56.97 56.47 55.94 55.31 54.44 53.75 53.03 51.97 50.59 48.72 47.22 46.16 44.66 43.00 42.09 41.34 40.59 39.91 39.03 38.06 37.06 36.41 35.81 35.09 34.38 33.66 32.94 32.31 31.62 30.94 30.25 29.56 28.88 28.25 27.72 27.12 26.56 26.03 25.47 24.84 24.03 23.28 22.50 21.69 20.88 19.84 18.44 17.69 17.28 16.81 16.34
87.41 84.12 82.94 81.91 80.62 78.78 77.16 75.38 73.59 72.06 70.69 69.47 68.22 66.94 65.91 64.88 63.88 62.91 62.19 61.44 60.72 60.12 59.47 58.88 58.25 57.72 57.09 56.62 56.12 55.62 55.06 54.41 53.53 52.75 51.19 49.28 47.47 45.94 44.66 43.25 42.28 41.56 40.88 40.06 39.25 38.47 37.34 36.62 35.97 35.31 34.66 33.94 33.25 32.59 31.97 31.31 30.66 30.03 29.34 28.75 28.16 27.59 27.03 26.50 25.94 25.28 24.56 23.72 23.00 22.28 21.50 20.69 19.59 18.41 17.72 17.31 16.84 16.38
86.84 83.72 82.47 81.28 79.69 78.25 76.75 75.03 73.41 71.94 70.59 69.25 67.94 66.75 65.62 64.69 63.72 62.72 61.91 61.12 60.41 59.69 59.09 58.44 57.88 57.28 56.69 56.19 55.75 55.28 54.81 54.16 53.44 52.59 50.88 48.88 46.91 45.19 43.78 42.69 41.78 40.97 40.28 39.50 38.44 37.69 36.94 36.25 35.59 34.94 34.25 33.59 33.00 32.31 31.66 31.03 30.41 29.78 29.16 28.56 28.00 27.41 26.88 26.31 25.72 24.97 23.88 23.06 22.53 21.91 21.09 20.16 19.16 18.22 17.66 17.19 16.72 16.25
86.72 83.28 82.06 80.47 78.94 77.56 76.06 74.53 73.06 71.69 70.34 69.00 67.72 66.50 65.41 64.41 63.47 62.56 61.69 60.91 60.12 59.34 58.66 58.03 57.44 56.84 56.31 55.75 55.34 54.91 54.44 53.91 53.16 52.34 51.09 48.53 46.81 45.12 43.16 42.22 41.34 40.47 39.62 38.72 38.00 37.28 36.56 35.88 35.25 34.56 33.91 33.28 32.62 32.03 31.41 30.81 30.19 29.56 28.94 28.34 27.78 27.22 26.69 26.03 25.12 24.00 23.31 22.75 22.28 21.53 20.53 19.53 18.75 18.06 17.47 16.94 16.47 16.06
85.22 82.78 81.44 79.75 78.34 76.97 75.41 73.94 72.69 71.31 70.00 68.69 67.41 66.22 65.12 64.12 63.19 62.28 61.41 60.59 59.81 59.06 58.31 57.62 57.03 56.38 55.88 55.38 54.94 54.47 54.03 53.50 52.84 51.88 51.00 48.44 46.53 44.84 42.38 41.59 40.84 39.97 38.94 38.19 37.56 36.97 36.28 35.53 34.91 34.28 33.59 33.00 32.34 31.75 31.12 30.53 29.91 29.31 28.72 28.12 27.50 26.91 26.22 25.31 24.47 23.78 23.22 22.62 21.72 20.72 19.84 19.12 18.50 17.84 17.19 16.66 16.25 15.97
84.66 82.72 81.16 79.06 77.66 76.22 74.88 73.53 72.25 70.94 69.66 68.44 67.16 65.94 64.91 63.88 62.88 61.97 61.09 60.25 59.47 58.72 57.97 57.19 56.59 55.94 55.41 54.88 54.47 54.00 53.53 53.03 52.34 51.50 50.53 48.47 46.50 44.38 41.75 41.03 40.31 39.53 38.53 37.78 37.16 36.47 35.84 35.22 34.56 33.94 33.31 32.62 32.03 31.47 30.84 30.25 29.66 29.06 28.47 27.88 27.28 26.62 25.81 25.03 24.34 23.72 22.97 22.12 21.19 20.31 19.53 18.84 18.19 17.53 17.00 16.50 16.16 15.91
85.12 83.50 81.16 78.56 77.12 75.69 74.25 73.03 71.81 70.56 69.31 68.06 66.84 65.62 64.53 63.41 62.44 61.53 60.69 59.88 59.09 58.34 57.56 56.75 56.09 55.50 54.94 54.41 53.97 53.50 53.00 52.47 51.81 51.03 50.09 48.72 46.69 43.47 41.28 40.56 39.84 39.06 38.03 37.34 36.75 36.12 35.47 34.88 34.25 33.62 32.94 32.31 31.75 31.16 30.56 30.00 29.44 28.84 28.28 27.69 27.00 26.31 25.59 24.91 24.25 23.41 22.56 21.69 20.91 20.12 19.38 18.69 18.00 17.47 17.03 16.59 16.25 15.94
85.03 83.28 81.09 78.22 76.41 75.16 73.75 72.56 71.34 70.12 68.88 67.66 66.47 65.31 64.16 63.06 62.06 61.19 60.34 59.50 58.69 57.94 57.19 56.34 55.62 55.06 54.47 53.91 53.44 52.97 52.47 51.88 51.28 50.56 49.72 48.84 47.09 43.31 40.84 40.19 39.44 38.44 37.66 36.91 36.34 35.81 35.16 34.50 33.84 33.22 32.59 31.97 31.41 30.84 30.28 29.75 29.19 28.66 28.09 27.50 26.88 26.16 25.44 24.72 23.97 23.09 22.25 21.44 20.72 20.03 19.34 18.59 18.00 17.53 17.12 16.78 16.44 16.16
84.62 82.88 80.88 78.50 76.19 74.50 73.06 72.09 70.97 69.75 68.50 67.28 66.03 64.91 63.81 62.75 61.72 60.84 59.97 59.19 58.34 57.59 56.81 55.97 55.22 54.72 54.12 53.50 52.94 52.41 51.88 51.28 50.78 50.12 49.34 48.62 47.06 44.06 40.69 39.88 39.25 38.19 37.34 36.66 35.97 35.38 34.81 34.09 33.47 32.84 32.28 31.69 31.12 30.56 30.06 29.53 29.00 28.50 27.97 27.38 26.78 25.97 25.19 24.41 23.59 22.78 22.03 21.31 20.62 19.97 19.28 18.62 18.09 17.69 17.31 16.94 16.72 16.50
83.84 82.31 80.50 78.38 76.09 74.09 72.69 71.62 70.50 69.34 68.16 66.88 65.69 64.56 63.53 62.47 61.44 60.53 59.66 58.81 58.00 57.19 56.41 55.62 54.88 54.28 53.72 53.16 52.59 51.94 51.41 50.84 50.28 49.72 49.03 48.22 46.94 44.69 41.03 39.84 39.16 37.88 37.09 36.38 35.69 35.00 34.38 33.72 33.12 32.56 32.00 31.44 30.88 30.34 29.84 29.38 28.88 28.34 27.81 27.28 26.62 25.78 24.91 24.16 23.25 22.47 21.81 21.16 20.50 19.88 19.25 18.69 18.28 17.88 17.44 17.22 17.03 16.81
82.88 81.41 79.78 77.94 75.81 73.72 72.19 71.19 70.12 68.91 67.75 66.56 65.47 64.34 63.22 62.12 61.16 60.28 59.38 58.50 57.59 56.81 55.97 55.19 54.38 53.88 53.31 52.69 52.06 51.53 50.94 50.38 49.88 49.34 48.69 47.81 46.44 44.62 41.56 39.81 38.88 37.72 36.75 36.03 35.25 34.59 34.00 33.38 32.84 32.28 31.72 31.19 30.66 30.16 29.69 29.19 28.69 28.19 27.66 27.09 26.44 25.59 24.69 23.84 22.97 22.25 21.62 21.06 20.47 19.91 19.34 18.91 18.47 18.03 17.66 17.44 17.28 17.16
81.91 80.38 78.88 77.09 75.16 73.28 71.78 70.81 69.72 68.59 67.38 66.25 65.12 64.03 62.97 61.91 60.94 60.00 59.12 58.22 57.28 56.38 55.59 54.78 54.16 53.44 52.81 52.28 51.66 50.91 50.50 49.97 49.50 49.03 48.41 47.50 46.16 44.50 41.62 39.59 38.66 37.53 36.53 35.59 34.88 34.25 33.66 33.06 32.56 32.03 31.50 30.97 30.47 29.97 29.50 29.03 28.56 28.06 27.53 27.00 26.22 25.31 24.41 23.62 22.81 22.16 21.56 21.00 20.53 20.00 19.53 19.09 18.66 18.25 17.94 17.78 17.69 17.66
81.25 79.59 77.84 76.03 74.66 72.88 71.53 70.47 69.38 68.28 67.09 65.94 64.81 63.75 62.66 61.66 60.66 59.69 58.78 57.88 56.94 56.09 55.31 54.59 53.84 53.16 52.56 51.97 51.19 50.56 50.00 49.56 49.09 48.56 47.94 47.06 45.84 43.97 41.00 39.66 38.44 37.25 36.31 35.34 34.69 34.06 33.41 32.84 32.28 31.78 31.25 30.75 30.25 29.78 29.31 28.88 28.41 27.94 27.44 26.84 26.09 25.00 24.16 23.47 22.81 22.19 21.62 21.09 20.56 20.09 19.66 19.28 18.91 18.53 18.31 18.16 18.06 18.09
80.50 78.88 77.34 75.69 74.28 72.66 71.34 70.25 69.12 67.97 66.81 65.62 64.50 63.38 62.31 61.38 60.38 59.41 58.44 57.50 56.59 55.78 55.06 54.38 53.56 52.91 52.25 51.62 50.81 50.25 49.75 49.16 48.69 48.09 47.47 46.53 45.31 43.44 41.09 40.09 38.88 37.66 36.53 35.47 34.59 33.97 33.34 32.78 32.22 31.69 31.12 30.59 30.12 29.66 29.22 28.78 28.34 27.84 27.31 26.62 25.97 24.88 24.16 23.44 22.84 22.25 21.72 21.22 20.72 20.28 19.88 19.50 19.12 18.84 18.62 18.47 18.38 18.38
80.09 78.53 77.06 75.59 73.81 72.25 71.19 70.00 68.81 67.66 66.53 65.34 64.09 63.06 62.00 61.00 60.00 59.00 58.06 57.16 56.28 55.47 54.75 54.06 53.41 52.72 52.00 51.25 50.66 50.06 49.47 48.94 48.28 47.62 46.97 46.09 44.88 43.38 41.59 40.28 39.00 37.78 36.62 35.47 34.41 33.91 33.34 32.81 32.31 31.75 31.22 30.72 30.25 29.78 29.28 28.81 28.31 27.81 27.22 26.47 25.81 24.91 24.19 23.50 22.97 22.38 21.88 21.41 20.94 20.53 20.16 19.78 19.44 19.12 18.88 18.69 18.62 18.56
79.78 78.41 76.97 75.53 74.03 72.25 70.91 69.81 68.53 67.38 66.19 64.97 63.88 62.78 61.78 60.78 59.75 58.72 57.78 56.88 56.06 55.28 54.59 53.97 53.28 52.59 51.91 51.25 50.59 49.94 49.22 48.56 47.91 47.22 46.50 45.66 44.53 43.16 41.69 40.31 39.03 37.81 36.66 35.38 34.34 33.84 33.41 32.97 32.47 31.94 31.44 30.91 30.44 29.97 29.44 28.91 28.34 27.81 27.22 26.34 25.72 24.94 24.22 23.62 23.12 22.56 22.03 21.59 21.16 20.78 20.44 20.06 19.75 19.44 19.12 18.94 18.78 18.75
79.78 78.47 77.16 75.75 74.09 72.28 70.72 69.50 68.19 67.00 65.94 64.84 63.69 62.66 61.66 60.62 59.50 58.47 57.53 56.62 55.81 55.22 54.47 53.78 53.09 52.41 51.75 51.09 50.41 49.75 49.09 48.34 47.62 46.94 46.09 45.19 44.06 42.78 41.47 40.19 38.94 37.75 36.59 35.25 34.44 33.91 33.50 33.12 32.62 32.12 31.66 31.16 30.66 30.16 29.59 29.03 28.41 27.81 27.22 26.38 25.72 25.03 24.34 23.84 23.34 22.78 22.25 21.75 21.34 21.00 20.62 20.31 20.00 19.69 19.44 19.16 19.00 18.88
79.62 78.34 77.06 75.69 74.25 72.25 70.69 69.06 67.94 66.75 65.62 64.56 63.56 62.53 61.47 60.38 59.31 58.31 57.44 56.59 55.84 55.03 54.25 53.56 52.91 52.25 51.59 50.97 50.28 49.56 48.91 48.16 47.28 46.56 45.66 44.69 43.62 42.31 41.00 39.81 38.66 37.53 36.41 35.28 34.66 34.16 33.66 33.22 32.81 32.34 31.88 31.41 30.84 30.31 29.75 29.16 28.53 27.84 27.22 26.47 25.81 25.09 24.47 24.00 23.53 23.03 22.44 21.91 21.53 21.16 20.78 20.47 20.22 19.94 19.66 19.38 19.09 18.91
79.44 78.19 76.97 75.69 74.41 72.22 70.69 69.16 68.00 66.72 65.78 64.59 63.47 62.38 61.28 60.19 59.12 58.12 57.22 56.41 55.62 54.81 54.03 53.38 52.69 52.03 51.44 50.84 50.16 49.44 48.59 47.91 47.06 46.12 45.22 44.19 43.00 41.78 40.56 39.31 38.28 37.19 36.12 35.34 34.78 34.28 33.81 33.38 32.97 32.56 32.09 31.62 31.06 30.50 29.94 29.31 28.66 27.97 27.25 26.59 25.94 25.22 24.59 24.06 23.62 23.09 22.50 22.00 21.69 21.34 20.97 20.66 20.38 20.09 19.81 19.50 19.22 18.91
79.22 78.09 76.81 75.66 74.53 73.03 70.84 69.47 68.22 66.88 65.62 64.47 63.31 62.19 61.06 59.94 58.88 57.88 57.00 56.19 55.41 54.62 53.91 53.19 52.50 51.78 51.16 50.56 49.91 49.12 48.28 47.47 46.59 45.72 44.72 43.75 42.53 41.28 40.19 39.03 38.00 37.00 36.09 35.34 34.78 34.31 33.88 33.44 33.00 32.59 32.16 31.69 31.19 30.62 30.03 29.41 28.72 28.06 27.34 26.69 26.00 25.31 24.72 24.12 23.66 23.06 22.50 22.06 21.72 21.41 21.06 20.75 20.41 20.12 19.84 19.56 19.25 18.94
79.28 78.06 76.72 75.50 74.28 72.81 71.12 69.62 68.19 66.84 65.53 64.31 63.16 62.00 60.81 59.69 58.56 57.59 56.72 55.91 55.12 54.38 53.62 52.91 52.16 51.44 50.78 50.19 49.53 48.78 47.97 47.09 46.22 45.22 44.25 43.28 42.19 40.91 39.81 38.69 37.75 36.81 35.94 35.28 34.75 34.28 33.81 33.38 32.94 32.50 32.06 31.62 31.12 30.56 30.00 29.38 28.75 28.09 27.44 26.78 26.12 25.41 24.78 24.16 23.66 23.03 22.44 22.03 21.69 21.34 21.03 20.72 20.38 20.09 19.81 19.56 19.25 18.91
79.22 78.00 76.81 75.53 74.16 72.81 71.38 69.84 68.28 66.75 65.38 64.00 62.94 61.78 60.56 59.34 58.25 57.31 56.38 55.56 54.75 53.97 53.31 52.53 51.78 50.97 50.25 49.69 49.03 48.31 47.53 46.66 45.75 44.78 43.72 42.62 41.69 40.62 39.47 38.38 37.38 36.56 35.75 35.16 34.66 34.16 33.69 33.22 32.78 32.34 31.91 31.47 30.97 30.44 29.91 29.31 28.72 28.09 27.50 26.88 26.28 25.59 24.88 24.25 23.72 22.97 22.34 22.00 21.62 21.25 20.94 20.62 20.28 20.00 19.72 19.44 19.12 18.78
79.09 77.88 76.62 75.38 74.16 72.78 71.41 69.84 68.31 66.69 65.12 63.81 62.75 61.50 60.28 59.16 58.06 56.97 56.03 55.19 54.41 53.66 52.94 52.22 51.31 50.47 49.66 49.00 48.47 47.69 46.91 46.06 45.16 44.25 43.28 42.22 41.16 40.12 39.12 38.03 36.88 36.22 35.44 34.88 34.41 33.94 33.44 33.00 32.53 32.12 31.69 31.25 30.78 30.28 29.72 29.19 28.59 28.03 27.47 26.91 26.28 25.62 24.94 24.25 23.66 22.91 22.19 21.84 21.53 21.16 20.81 20.47 20.16 19.84 19.56 19.28 18.97 18.66
79.06 77.81 76.53 75.25 73.84 72.69 71.62 69.69 68.22 66.41 64.84 63.59 62.41 61.25 60.00 58.91 57.81 56.75 55.78 54.91 54.16 53.38 52.56 51.69 50.78 49.97 49.09 48.28 47.53 47.00 46.31 45.38 44.53 43.59 42.66 41.66 40.62 39.62 38.62 37.62 36.62 35.91 35.19 34.59 34.09 33.59 33.12 32.66 32.22 31.81 31.44 31.03 30.56 30.06 29.53 28.97 28.44 27.91 27.38 26.81 26.22 25.59 24.88 24.19 23.50 22.78 22.06 21.69 21.38 21.03 20.66 20.28 19.97 19.66 19.41 19.09 18.81 18.56
79.03 77.72 76.47 75.16 73.81 72.44 71.00 69.72 68.56 66.22 64.69 63.56 62.50 61.19 59.84 58.66 57.62 56.62 55.66 54.78 53.91 53.06 52.22 51.25 50.34 49.53 48.72 48.00 47.19 46.28 45.44 44.66 43.91 43.00 42.09 41.16 40.06 39.09 38.12 37.19 36.38 35.56 34.91 34.28 33.75 33.22 32.75 32.28 31.81 31.44 31.09 30.75 30.31 29.78 29.22 28.69 28.19 27.72 27.22 26.66 26.03 25.38 24.69 23.97 23.31 22.62 21.91 21.53 21.19 20.84 20.47 20.12 19.78 19.50 19.22 18.94 18.69 18.44
79.06 77.84 76.66 75.31 73.88 72.47 70.78 69.38 67.88 66.34 64.81 63.66 62.56 61.19 59.75 58.34 57.47 56.44 55.44 54.53 53.62 52.72 51.84 50.97 49.94 49.22 48.41 47.53 46.66 45.72 44.88 43.91 43.31 42.44 41.53 40.59 39.62 38.62 37.81 37.03 36.22 35.44 34.66 33.91 33.34 32.81 32.34 31.84 31.38 30.94 30.66 30.44 30.03 29.44 28.84 28.31 27.84 27.47 27.03 26.41 25.66 24.97 24.31 23.66 23.06 22.50 21.81 21.38 21.03 20.69 20.34 20.00 19.69 19.41 19.09 18.84 18.59 18.31
79.22 78.06 76.84 75.50 74.25 72.69 70.94 69.41 68.09 66.44 64.94 63.66 62.38 60.88 59.44 58.22 57.28 56.28 55.25 54.28 53.31 52.50 51.53 50.53 49.75 48.88 48.00 47.16 46.28 45.38 44.50 43.56 42.72 42.00 41.16 40.28 39.41 38.59 37.69 36.91 36.12 35.31 34.50 33.72 33.00 32.47 31.91 31.44 30.94 30.44 30.06 29.94 29.56 28.94 28.31 27.81 27.41 27.16 26.88 26.09 25.16 24.50 23.84 23.28 22.78 22.31 21.72 21.28 20.91 20.59 20.28 20.00 19.69 19.38 19.09 18.78 18.53 18.25
79.47 78.19 76.94 75.59 74.28 72.81 71.31 69.69 68.31 66.97 65.38 63.81 62.25 60.69 59.09 57.94 57.12 56.16 55.12 54.12 53.12 52.25 51.34 50.44 49.72 49.09 48.47 47.62 46.59 45.59 44.59 43.59 42.56 41.88 41.09 40.25 39.41 38.62 37.81 36.97 36.12 35.25 34.41 33.56 32.75 32.09 31.53 31.06 30.59 30.12 29.66 29.12 28.66 28.16 27.72 27.28 26.81 26.59 26.31 25.59 24.78 24.25 23.69 23.16 22.62 22.16 21.59 21.19 20.84 20.56 20.28 20.00 19.72 19.44 19.16 18.88 18.62 18.38
