everonasctiles/Tile[12,39].asc
ncols 128
nrows 128
xllcorner 0
yllcorner 0
cellsize 2.0
NODATA_value  -9999
[rows 0 to 31 of 128, columns 0 to 70 of 128]
-69.25 -69.19 -69.12 -69.06 -69.00 -68.94 -68.84 -68.69 -68.53 -68.34 -68.16 -67.94 -67.72 -67.53 -67.34 -67.19 -67.09 -67.00 -66.94 -66.88 -66.81 -66.72 -66.66 -66.59 -66.56 -66.59 -66.62 -66.62 -66.62 -66.56 -66.50 -66.44 -66.38 -66.31 -66.25 -66.19 -66.16 -66.12 -66.06 -66.00 -65.94 -65.84 -65.75 -65.62 -65.50 -65.34 -65.19 -65.03 -64.88 -64.72 -64.59 -64.44 -64.28 -64.16 -64.06 -64.00 -63.88 -63.69 -63.47 -63.25 -63.03 -62.84 -62.62 -62.44 -62.22 -62.00 -61.75 -61.50 -61.22 -60.91 -60.62
-69.31 -69.25 -69.22 -69.16 -69.09 -69.00 -68.88 -68.75 -68.59 -68.41 -68.22 -68.00 -67.81 -67.62 -67.47 -67.34 -67.25 -67.19 -67.12 -67.06 -66.97 -66.88 -66.81 -66.75 -66.72 -66.75 -66.78 -66.78 -66.75 -66.72 -66.69 -66.62 -66.56 -66.50 -66.44 -66.34 -66.31 -66.25 -66.22 -66.16 -66.12 -66.03 -65.97 -65.84 -65.72 -65.59 -65.44 -65.28 -65.12 -64.97 -64.81 -64.69 -64.53 -64.41 -64.31 -64.19 -63.97 -63.75 -63.47 -63.22 -63.00 -62.81 -62.59 -62.44 -62.22 -62.03 -61.78 -61.53 -61.28 -61.00 -60.69
-69.38 -69.31 -69.22 -69.16 -69.09 -69.00 -68.91 -68.78 -68.62 -68.44 -68.28 -68.09 -67.91 -67.75 -67.59 -67.50 -67.41 -67.38 -67.31 -67.25 -67.16 -67.06 -67.00 -66.94 -66.91 -66.91 -66.94 -66.94 -66.91 -66.88 -66.88 -66.81 -66.75 -66.69 -66.59 -66.50 -66.41 -66.38 -66.34 -66.31 -66.25 -66.22 -66.12 -66.03 -65.91 -65.78 -65.62 -65.50 -65.34 -65.19 -65.06 -64.91 -64.75 -64.62 -64.47 -64.25 -64.00 -63.72 -63.44 -63.16 -62.91 -62.72 -62.53 -62.34 -62.19 -62.00 -61.78 -61.56 -61.31 -61.03 -60.75
-69.38 -69.28 -69.22 -69.16 -69.09 -69.00 -68.94 -68.81 -68.69 -68.50 -68.34 -68.16 -67.97 -67.81 -67.72 -67.62 -67.59 -67.56 -67.50 -67.44 -67.34 -67.28 -67.19 -67.16 -67.12 -67.12 -67.12 -67.09 -67.09 -67.06 -67.03 -67.00 -66.94 -66.84 -66.72 -66.62 -66.53 -66.47 -66.44 -66.41 -66.38 -66.31 -66.25 -66.16 -66.06 -65.94 -65.78 -65.66 -65.53 -65.38 -65.25 -65.09 -64.94 -64.75 -64.56 -64.28 -64.00 -63.69 -63.38 -63.06 -62.81 -62.56 -62.38 -62.19 -62.03 -61.91 -61.72 -61.53 -61.28 -61.06 -60.78
-69.38 -69.31 -69.22 -69.16 -69.12 -69.09 -69.00 -68.91 -68.78 -68.59 -68.41 -68.22 -68.06 -67.91 -67.81 -67.78 -67.75 -67.72 -67.69 -67.62 -67.56 -67.50 -67.41 -67.38 -67.34 -67.31 -67.31 -67.28 -67.28 -67.25 -67.22 -67.16 -67.09 -66.97 -66.84 -66.75 -66.66 -66.59 -66.56 -66.50 -66.47 -66.41 -66.34 -66.25 -66.16 -66.03 -65.91 -65.78 -65.66 -65.53 -65.38 -65.22 -65.06 -64.84 -64.62 -64.34 -64.03 -63.69 -63.34 -62.97 -62.66 -62.38 -62.19 -62.03 -61.88 -61.72 -61.59 -61.44 -61.25 -61.03 -60.78
-69.41 -69.34 -69.28 -69.28 -69.25 -69.22 -69.16 -69.06 -68.91 -68.72 -68.50 -68.31 -68.12 -68.00 -67.94 -67.94 -67.91 -67.91 -67.84 -67.81 -67.75 -67.69 -67.62 -67.59 -67.56 -67.53 -67.50 -67.47 -67.44 -67.41 -67.38 -67.31 -67.22 -67.09 -66.97 -66.88 -66.78 -66.72 -66.66 -66.62 -66.56 -66.50 -66.41 -66.34 -66.22 -66.12 -66.00 -65.88 -65.75 -65.62 -65.47 -65.31 -65.16 -64.94 -64.69 -64.41 -64.09 -63.78 -63.44 -63.03 -62.59 -62.19 -61.94 -61.75 -61.66 -61.53 -61.44 -61.31 -61.16 -60.94 -60.72
-69.50 -69.44 -69.44 -69.44 -69.41 -69.38 -69.31 -69.19 -69.03 -68.84 -68.62 -68.41 -68.25 -68.12 -68.06 -68.06 -68.06 -68.06 -68.03 -68.00 -67.94 -67.91 -67.84 -67.81 -67.78 -67.75 -67.69 -67.66 -67.62 -67.56 -67.50 -67.44 -67.34 -67.22 -67.09 -67.00 -66.91 -66.84 -66.78 -66.72 -66.62 -66.53 -66.47 -66.38 -66.28 -66.19 -66.06 -65.94 -65.78 -65.66 -65.50 -65.34 -65.16 -64.97 -64.75 -64.47 -64.19 -63.84 -63.53 -63.16 -62.72 -62.19 -61.75 -61.47 -61.38 -61.31 -61.25 -61.12 -61.00 -60.81 -60.59
-69.62 -69.59 -69.62 -69.62 -69.59 -69.56 -69.50 -69.34 -69.19 -68.97 -68.72 -68.53 -68.34 -68.25 -68.22 -68.22 -68.22 -68.22 -68.19 -68.16 -68.12 -68.09 -68.03 -68.00 -67.97 -67.94 -67.88 -67.81 -67.78 -67.72 -67.66 -67.56 -67.47 -67.38 -67.28 -67.19 -67.09 -67.00 -66.91 -66.78 -66.69 -66.56 -66.50 -66.44 -66.34 -66.22 -66.09 -65.94 -65.78 -65.62 -65.47 -65.28 -65.12 -64.97 -64.75 -64.53 -64.25 -63.94 -63.62 -63.28 -62.88 -62.44 -61.94 -61.59 -61.38 -61.22 -61.09 -61.00 -60.84 -60.69 -60.47
-69.78 -69.78 -69.81 -69.81 -69.81 -69.75 -69.66 -69.50 -69.28 -69.06 -68.84 -68.62 -68.47 -68.41 -68.38 -68.38 -68.38 -68.38 -68.38 -68.34 -68.31 -68.25 -68.22 -68.19 -68.16 -68.09 -68.03 -67.97 -67.91 -67.84 -67.78 -67.72 -67.66 -67.56 -67.47 -67.38 -67.28 -67.16 -67.00 -66.88 -66.72 -66.62 -66.53 -66.44 -66.34 -66.25 -66.09 -65.94 -65.75 -65.56 -65.38 -65.19 -65.03 -64.88 -64.72 -64.50 -64.28 -64.00 -63.69 -63.38 -63.03 -62.69 -62.28 -61.97 -61.66 -61.41 -61.16 -60.94 -60.75 -60.56 -60.38
-69.94 -69.97 -70.00 -70.00 -70.00 -69.94 -69.78 -69.59 -69.38 -69.16 -68.94 -68.75 -68.59 -68.56 -68.56 -68.56 -68.56 -68.56 -68.53 -68.53 -68.47 -68.44 -68.41 -68.38 -68.34 -68.28 -68.19 -68.09 -68.03 -67.97 -67.94 -67.91 -67.88 -67.78 -67.72 -67.59 -67.47 -67.31 -67.16 -66.97 -66.81 -66.66 -66.56 -66.47 -66.34 -66.25 -66.09 -65.91 -65.72 -65.53 -65.31 -65.06 -64.88 -64.72 -64.59 -64.44 -64.25 -64.03 -63.78 -63.47 -63.19 -62.84 -62.53 -62.22 -61.91 -61.59 -61.28 -61.00 -60.75 -60.53 -60.31
-70.12 -70.19 -70.19 -70.19 -70.16 -70.06 -69.91 -69.69 -69.47 -69.25 -69.03 -68.88 -68.78 -68.75 -68.75 -68.75 -68.75 -68.72 -68.72 -68.69 -68.66 -68.62 -68.62 -68.59 -68.53 -68.47 -68.34 -68.25 -68.16 -68.12 -68.12 -68.12 -68.09 -68.03 -67.97 -67.84 -67.69 -67.53 -67.31 -67.12 -66.91 -66.75 -66.59 -66.47 -66.38 -66.25 -66.09 -65.91 -65.69 -65.50 -65.22 -64.94 -64.72 -64.56 -64.44 -64.34 -64.22 -64.03 -63.81 -63.59 -63.31 -63.03 -62.72 -62.41 -62.09 -61.75 -61.41 -61.09 -60.81 -60.53 -60.28
-70.34 -70.38 -70.41 -70.38 -70.31 -70.19 -70.00 -69.78 -69.56 -69.34 -69.16 -69.03 -68.97 -68.94 -68.94 -68.94 -68.94 -68.94 -68.91 -68.88 -68.88 -68.84 -68.84 -68.81 -68.75 -68.69 -68.56 -68.44 -68.34 -68.31 -68.31 -68.31 -68.31 -68.28 -68.19 -68.09 -67.94 -67.72 -67.53 -67.28 -67.06 -66.88 -66.69 -66.53 -66.38 -66.25 -66.09 -65.91 -65.69 -65.47 -65.22 -64.91 -64.62 -64.44 -64.34 -64.28 -64.19 -64.06 -63.88 -63.66 -63.44 -63.16 -62.88 -62.56 -62.22 -61.84 -61.50 -61.16 -60.84 -60.56 -60.31
-70.56 -70.59 -70.59 -70.56 -70.47 -70.28 -70.09 -69.88 -69.66 -69.47 -69.31 -69.25 -69.19 -69.16 -69.16 -69.16 -69.16 -69.12 -69.09 -69.09 -69.06 -69.06 -69.09 -69.06 -69.03 -68.94 -68.81 -68.69 -68.59 -68.53 -68.50 -68.50 -68.53 -68.50 -68.44 -68.31 -68.16 -67.94 -67.72 -67.50 -67.25 -67.00 -66.78 -66.59 -66.44 -66.28 -66.12 -65.94 -65.72 -65.50 -65.25 -65.00 -64.78 -64.59 -64.44 -64.34 -64.22 -64.09 -63.94 -63.72 -63.50 -63.22 -62.94 -62.59 -62.25 -61.91 -61.56 -61.25 -60.97 -60.69 -60.44
-70.78 -70.81 -70.78 -70.72 -70.59 -70.41 -70.22 -69.97 -69.78 -69.62 -69.53 -69.47 -69.44 -69.41 -69.41 -69.38 -69.34 -69.31 -69.31 -69.28 -69.31 -69.31 -69.34 -69.34 -69.31 -69.22 -69.09 -69.00 -68.88 -68.78 -68.75 -68.72 -68.72 -68.72 -68.66 -68.53 -68.34 -68.16 -67.94 -67.69 -67.44 -67.16 -66.91 -66.69 -66.50 -66.34 -66.19 -66.00 -65.81 -65.59 -65.38 -65.16 -64.97 -64.78 -64.59 -64.44 -64.28 -64.12 -63.97 -63.75 -63.50 -63.25 -62.94 -62.62 -62.31 -62.00 -61.69 -61.38 -61.12 -60.84 -60.59
-71.03 -71.06 -71.00 -70.91 -70.78 -70.56 -70.34 -70.12 -69.97 -69.81 -69.75 -69.69 -69.66 -69.66 -69.62 -69.62 -69.56 -69.53 -69.53 -69.50 -69.53 -69.56 -69.59 -69.59 -69.59 -69.50 -69.41 -69.28 -69.19 -69.09 -69.00 -68.97 -68.94 -68.91 -68.84 -68.72 -68.53 -68.34 -68.12 -67.88 -67.59 -67.31 -67.06 -66.84 -66.66 -66.47 -66.28 -66.09 -65.91 -65.69 -65.47 -65.28 -65.09 -64.88 -64.69 -64.50 -64.31 -64.16 -63.97 -63.75 -63.53 -63.25 -62.97 -62.69 -62.38 -62.09 -61.81 -61.56 -61.28 -61.00 -60.72
-71.34 -71.31 -71.25 -71.12 -70.97 -70.75 -70.56 -70.34 -70.16 -70.03 -69.97 -69.91 -69.91 -69.88 -69.88 -69.84 -69.81 -69.78 -69.75 -69.75 -69.78 -69.78 -69.81 -69.88 -69.88 -69.81 -69.72 -69.59 -69.50 -69.38 -69.28 -69.22 -69.16 -69.09 -69.00 -68.88 -68.69 -68.50 -68.25 -68.00 -67.75 -67.47 -67.22 -67.00 -66.78 -66.59 -66.41 -66.22 -66.00 -65.78 -65.59 -65.38 -65.16 -64.94 -64.69 -64.50 -64.31 -64.12 -63.94 -63.75 -63.53 -63.28 -63.03 -62.75 -62.47 -62.22 -61.94 -61.69 -61.41 -61.09 -60.78
-71.62 -71.59 -71.53 -71.38 -71.19 -70.97 -70.75 -70.53 -70.38 -70.25 -70.19 -70.12 -70.12 -70.12 -70.12 -70.09 -70.06 -70.03 -70.03 -70.03 -70.03 -70.06 -70.09 -70.12 -70.12 -70.06 -70.00 -69.91 -69.78 -69.69 -69.56 -69.47 -69.34 -69.25 -69.16 -69.00 -68.81 -68.59 -68.38 -68.12 -67.88 -67.59 -67.38 -67.12 -66.94 -66.75 -66.53 -66.31 -66.09 -65.88 -65.66 -65.41 -65.12 -64.88 -64.62 -64.41 -64.22 -64.03 -63.88 -63.72 -63.53 -63.31 -63.06 -62.81 -62.56 -62.28 -62.03 -61.75 -61.44 -61.12 -60.84
-71.94 -71.91 -71.78 -71.62 -71.44 -71.19 -70.94 -70.72 -70.56 -70.44 -70.34 -70.31 -70.31 -70.31 -70.34 -70.34 -70.34 -70.31 -70.31 -70.31 -70.34 -70.34 -70.34 -70.38 -70.38 -70.34 -70.25 -70.19 -70.06 -69.94 -69.81 -69.69 -69.56 -69.41 -69.28 -69.09 -68.91 -68.69 -68.47 -68.22 -67.97 -67.72 -67.50 -67.25 -67.06 -66.84 -66.62 -66.44 -66.22 -65.97 -65.69 -65.41 -65.09 -64.78 -64.50 -64.28 -64.06 -63.88 -63.75 -63.62 -63.47 -63.31 -63.09 -62.84 -62.59 -62.34 -62.06 -61.78 -61.50 -61.19 -60.94
-72.22 -72.19 -72.09 -71.91 -71.66 -71.38 -71.12 -70.91 -70.75 -70.59 -70.50 -70.44 -70.47 -70.50 -70.56 -70.59 -70.59 -70.62 -70.62 -70.62 -70.62 -70.62 -70.62 -70.62 -70.62 -70.59 -70.53 -70.44 -70.31 -70.19 -70.03 -69.88 -69.72 -69.53 -69.38 -69.19 -69.00 -68.78 -68.53 -68.31 -68.06 -67.81 -67.59 -67.38 -67.16 -66.97 -66.75 -66.56 -66.34 -66.09 -65.78 -65.44 -65.03 -64.62 -64.31 -64.06 -63.84 -63.69 -63.56 -63.47 -63.38 -63.22 -63.06 -62.84 -62.62 -62.38 -62.12 -61.84 -61.59 -61.31 -61.12
-72.53 -72.50 -72.34 -72.16 -71.88 -71.59 -71.31 -71.09 -70.91 -70.75 -70.62 -70.56 -70.59 -70.69 -70.75 -70.81 -70.84 -70.88 -70.91 -70.91 -70.91 -70.91 -70.91 -70.91 -70.88 -70.84 -70.75 -70.66 -70.50 -70.34 -70.19 -70.00 -69.81 -69.62 -69.44 -69.25 -69.06 -68.84 -68.62 -68.38 -68.16 -67.94 -67.72 -67.50 -67.31 -67.12 -66.94 -66.75 -66.53 -66.25 -65.94 -65.56 -65.09 -64.56 -64.06 -63.69 -63.50 -63.41 -63.34 -63.25 -63.19 -63.09 -63.00 -62.84 -62.62 -62.41 -62.19 -61.94 -61.69 -61.47 -61.28
-72.84 -72.78 -72.62 -72.41 -72.12 -71.84 -71.56 -71.34 -71.12 -70.91 -70.75 -70.66 -70.72 -70.81 -70.91 -71.00 -71.09 -71.12 -71.19 -71.19 -71.19 -71.19 -71.19 -71.16 -71.12 -71.06 -70.94 -70.81 -70.62 -70.44 -70.22 -70.03 -69.81 -69.59 -69.41 -69.22 -69.03 -68.84 -68.66 -68.44 -68.22 -68.00 -67.81 -67.66 -67.50 -67.34 -67.19 -67.00 -66.75 -66.47 -66.16 -65.78 -65.34 -64.84 -64.16 -63.56 -63.16 -63.00 -63.03 -63.03 -63.00 -62.94 -62.84 -62.75 -62.62 -62.44 -62.22 -62.00 -61.81 -61.59 -61.41
-73.19 -73.09 -72.91 -72.66 -72.38 -72.09 -71.84 -71.56 -71.31 -71.09 -70.91 -70.75 -70.81 -70.94 -71.06 -71.19 -71.28 -71.38 -71.41 -71.44 -71.44 -71.44 -71.44 -71.41 -71.34 -71.25 -71.09 -70.91 -70.69 -70.47 -70.22 -69.97 -69.75 -69.50 -69.31 -69.12 -68.97 -68.81 -68.62 -68.47 -68.28 -68.12 -68.00 -67.88 -67.75 -67.59 -67.44 -67.25 -67.00 -66.69 -66.38 -66.00 -65.56 -65.12 -64.56 -63.88 -63.28 -62.91 -62.75 -62.78 -62.78 -62.75 -62.69 -62.62 -62.53 -62.41 -62.22 -62.03 -61.84 -61.66 -61.50
-73.53 -73.38 -73.19 -72.94 -72.66 -72.34 -72.03 -71.75 -71.47 -71.22 -71.00 -70.84 -70.94 -71.06 -71.19 -71.34 -71.47 -71.56 -71.62 -71.66 -71.69 -71.66 -71.66 -71.59 -71.53 -71.41 -71.22 -71.00 -70.75 -70.47 -70.19 -69.91 -69.66 -69.41 -69.19 -69.00 -68.84 -68.72 -68.59 -68.44 -68.38 -68.31 -68.22 -68.16 -68.03 -67.88 -67.72 -67.50 -67.22 -66.91 -66.56 -66.16 -65.72 -65.31 -64.84 -64.34 -63.75 -63.22 -62.84 -62.62 -62.56 -62.56 -62.53 -62.50 -62.41 -62.31 -62.19 -62.03 -61.84 -61.66 -61.50
-73.84 -73.69 -73.44 -73.16 -72.84 -72.50 -72.19 -71.88 -71.59 -71.34 -71.09 -70.94 -71.00 -71.16 -71.34 -71.50 -71.66 -71.75 -71.84 -71.88 -71.91 -71.88 -71.84 -71.78 -71.69 -71.53 -71.31 -71.06 -70.78 -70.50 -70.22 -69.91 -69.56 -69.25 -69.03 -68.84 -68.72 -68.59 -68.50 -68.50 -68.53 -68.56 -68.50 -68.44 -68.31 -68.16 -67.94 -67.66 -67.38 -67.03 -66.69 -66.28 -65.84 -65.41 -64.97 -64.56 -64.16 -63.69 -63.22 -62.88 -62.62 -62.47 -62.38 -62.34 -62.31 -62.25 -62.12 -62.00 -61.81 -61.66 -61.50
-74.12 -73.91 -73.59 -73.28 -72.94 -72.59 -72.28 -71.97 -71.72 -71.47 -71.25 -71.06 -71.09 -71.28 -71.47 -71.66 -71.81 -71.94 -72.03 -72.09 -72.09 -72.06 -72.00 -71.94 -71.78 -71.62 -71.41 -71.12 -70.84 -70.56 -70.25 -69.94 -69.59 -69.16 -68.84 -68.72 -68.66 -68.59 -68.59 -68.69 -68.81 -68.84 -68.84 -68.75 -68.56 -68.34 -68.06 -67.72 -67.38 -67.03 -66.66 -66.28 -65.88 -65.47 -65.06 -64.66 -64.31 -63.94 -63.56 -63.31 -63.03 -62.75 -62.50 -62.41 -62.34 -62.28 -62.16 -62.00 -61.84 -61.66 -61.50
-74.31 -74.03 -73.72 -73.38 -73.03 -72.69 -72.41 -72.16 -71.91 -71.69 -71.50 -71.34 -71.31 -71.44 -71.62 -71.81 -72.00 -72.12 -72.25 -72.28 -72.28 -72.22 -72.12 -72.00 -71.84 -71.66 -71.44 -71.19 -70.91 -70.62 -70.31 -70.03 -69.66 -69.25 -69.03 -69.03 -69.06 -69.00 -68.94 -69.03 -69.16 -69.19 -69.16 -69.03 -68.81 -68.47 -68.12 -67.69 -67.31 -66.94 -66.56 -66.22 -65.84 -65.47 -65.09 -64.72 -64.41 -64.09 -63.91 -63.75 -63.53 -63.25 -63.00 -62.78 -62.62 -62.44 -62.25 -62.06 -61.88 -61.75 -61.59
-74.47 -74.12 -73.78 -73.44 -73.12 -72.84 -72.59 -72.38 -72.16 -71.97 -71.81 -71.75 -71.72 -71.75 -71.88 -72.03 -72.19 -72.34 -72.44 -72.47 -72.41 -72.31 -72.19 -72.06 -71.88 -71.69 -71.47 -71.22 -70.97 -70.69 -70.41 -70.12 -69.78 -69.47 -69.41 -69.53 -69.62 -69.56 -69.50 -69.50 -69.56 -69.59 -69.53 -69.34 -69.03 -68.66 -68.16 -67.62 -67.12 -66.72 -66.38 -66.06 -65.75 -65.44 -65.09 -64.78 -64.50 -64.38 -64.28 -64.16 -63.97 -63.72 -63.47 -63.19 -62.94 -62.69 -62.41 -62.19 -62.03 -61.94 -61.84
-74.53 -74.19 -73.84 -73.53 -73.28 -73.06 -72.84 -72.59 -72.38 -72.19 -72.12 -72.09 -72.09 -72.09 -72.16 -72.28 -72.41 -72.53 -72.62 -72.62 -72.56 -72.44 -72.28 -72.12 -71.94 -71.75 -71.53 -71.28 -71.03 -70.81 -70.56 -70.31 -70.03 -69.88 -69.88 -70.03 -70.06 -70.06 -70.03 -70.00 -70.00 -69.97 -69.88 -69.66 -69.34 -68.91 -68.41 -67.81 -67.28 -66.78 -66.31 -65.94 -65.66 -65.41 -65.12 -64.91 -64.81 -64.78 -64.69 -64.56 -64.38 -64.12 -63.88 -63.59 -63.28 -62.97 -62.59 -62.38 -62.31 -62.25 -62.16
-74.62 -74.28 -73.97 -73.75 -73.53 -73.31 -73.06 -72.78 -72.56 -72.44 -72.41 -72.41 -72.41 -72.44 -72.47 -72.56 -72.66 -72.75 -72.81 -72.78 -72.72 -72.59 -72.44 -72.25 -72.03 -71.84 -71.62 -71.41 -71.19 -71.00 -70.81 -70.66 -70.47 -70.34 -70.38 -70.47 -70.50 -70.53 -70.50 -70.47 -70.44 -70.41 -70.28 -70.03 -69.72 -69.31 -68.91 -68.44 -67.94 -67.38 -66.88 -66.44 -66.12 -65.81 -65.53 -65.31 -65.28 -65.25 -65.16 -65.00 -64.81 -64.59 -64.31 -64.00 -63.66 -63.28 -62.94 -62.78 -62.72 -62.62 -62.50
-74.75 -74.47 -74.22 -74.00 -73.78 -73.50 -73.22 -72.94 -72.72 -72.66 -72.69 -72.72 -72.72 -72.72 -72.75 -72.81 -72.88 -72.97 -73.00 -72.97 -72.88 -72.75 -72.59 -72.41 -72.19 -72.00 -71.78 -71.59 -71.44 -71.31 -71.22 -71.12 -71.00 -70.88 -70.88 -70.94 -71.00 -71.00 -71.00 -70.94 -70.91 -70.81 -70.66 -70.44 -70.12 -69.78 -69.47 -69.12 -68.69 -68.19 -67.69 -67.25 -66.88 -66.50 -66.09 -65.84 -65.78 -65.72 -65.62 -65.47 -65.28 -65.03 -64.75 -64.44 -64.09 -63.72 -63.47 -63.31 -63.19 -63.03 -62.91
-74.97 -74.72 -74.50 -74.28 -74.00 -73.69 -73.38 -73.06 -72.91 -72.94 -72.97 -73.00 -73.03 -73.03 -73.03 -73.03 -73.09 -73.16 -73.19 -73.16 -73.06 -72.94 -72.78 -72.59 -72.44 -72.22 -72.03 -71.91 -71.78 -71.72 -71.62 -71.56 -71.47 -71.38 -71.41 -71.44 -71.50 -71.50 -71.47 -71.41 -71.31 -71.22 -71.03 -70.78 -70.50 -70.22 -69.91 -69.56 -69.16 -68.72 -68.28 -67.84 -67.44 -67.06 -66.62 -66.38 -66.28 -66.22 -66.09 -65.94 -65.75 -65.47 -65.19 -64.88 -64.56 -64.28 -64.03 -63.84 -63.62 -63.47 -63.34
-75.19 -74.97 -74.75 -74.50 -74.19 -73.84 -73.50 -73.25 -73.19 -73.22 -73.25 -73.31 -73.31 -73.31 -73.25 -73.25 -73.28 -73.34 -73.38 -73.38 -73.28 -73.16 -73.03 -72.88 -72.72 -72.53 -72.38 -72.25 -72.19 -72.12 -72.06 -72.00 -71.97 -71.94 -71.94 -71.97 -72.00 -72.00 -71.94 -71.84 -71.72 -71.56 -71.38 -71.12 -70.88 -70.59 -70.31 -69.94 -69.53 -69.09 -68.69 -68.28 -67.88 -67.50 -67.09 -66.91 -66.81 -66.72 -66.59 -66.41 -66.16 -65.88 -65.59 -65.31 -65.06 -64.81 -64.56 -64.34 -64.09 -63.91 -63.75
