everonasctiles/Tile23,25.asc
ncols 128
nrows 128
xllcorner 0
yllcorner 0
cellsize 2.0
NODATA_value  -9999
[rows 64 to 95 of 128, columns 0 to 70 of 128]
144.91 145.12 145.34 145.59 145.84 146.09 146.34 146.62 146.94 147.22 147.53 147.84 148.12 148.44 148.78 149.09 149.44 149.75 150.09 150.44 150.78 151.12 151.47 151.81 152.16 152.50 152.84 153.16 153.47 153.78 154.09 154.38 154.66 154.94 155.19 155.47 155.72 155.97 156.22 156.47 156.72 156.97 157.22 157.47 157.69 157.94 158.19 158.44 158.69 158.94 159.16 159.41 159.62 159.88 160.09 160.31 160.53 160.75 160.94 161.12 161.31 161.47 161.59 161.69 161.75 161.78 161.84 161.97 162.75 162.94 162.97
145.00 145.22 145.47 145.69 145.94 146.19 146.44 146.72 147.00 147.28 147.59 147.88 148.19 148.50 148.81 149.12 149.47 149.78 150.12 150.47 150.81 151.16 151.50 151.84 152.19 152.53 152.84 153.19 153.50 153.81 154.09 154.38 154.66 154.94 155.19 155.47 155.72 155.97 156.22 156.47 156.72 156.97 157.19 157.44 157.69 157.94 158.19 158.41 158.66 158.91 159.12 159.38 159.59 159.84 160.06 160.28 160.50 160.72 160.91 161.09 161.28 161.44 161.59 161.72 161.78 161.84 161.88 161.97 162.38 163.00 163.03
145.06 145.31 145.56 145.81 146.06 146.31 146.56 146.81 147.09 147.38 147.66 147.94 148.25 148.53 148.84 149.16 149.50 149.81 150.16 150.50 150.84 151.19 151.53 151.88 152.22 152.53 152.88 153.19 153.50 153.81 154.09 154.38 154.66 154.91 155.19 155.44 155.69 155.94 156.19 156.44 156.69 156.94 157.19 157.44 157.66 157.91 158.16 158.41 158.62 158.88 159.09 159.34 159.56 159.81 160.03 160.25 160.47 160.69 160.88 161.06 161.25 161.44 161.56 161.69 161.81 161.88 161.94 162.03 162.16 162.91 163.09
145.19 145.41 145.66 145.91 146.16 146.41 146.66 146.94 147.19 147.44 147.72 148.00 148.31 148.59 148.91 149.22 149.53 149.84 150.16 150.50 150.84 151.19 151.53 151.88 152.22 152.53 152.88 153.19 153.50 153.78 154.09 154.38 154.62 154.91 155.16 155.41 155.69 155.94 156.16 156.41 156.66 156.91 157.16 157.41 157.62 157.88 158.12 158.34 158.59 158.84 159.06 159.31 159.53 159.75 159.97 160.19 160.41 160.62 160.81 161.03 161.22 161.38 161.53 161.69 161.81 161.91 161.97 162.06 162.16 162.47 163.16
145.28 145.53 145.75 146.00 146.25 146.50 146.75 147.03 147.28 147.53 147.81 148.06 148.34 148.66 148.97 149.25 149.56 149.88 150.19 150.50 150.84 151.19 151.53 151.88 152.19 152.53 152.84 153.16 153.47 153.78 154.06 154.34 154.59 154.88 155.12 155.38 155.62 155.88 156.12 156.38 156.62 156.88 157.09 157.34 157.59 157.84 158.06 158.31 158.56 158.78 159.03 159.25 159.47 159.72 159.94 160.16 160.34 160.56 160.78 160.97 161.16 161.31 161.50 161.62 161.78 161.91 162.00 162.09 162.19 162.31 163.00
145.41 145.62 145.84 146.09 146.34 146.59 146.84 147.09 147.34 147.59 147.84 148.12 148.41 148.69 149.00 149.28 149.59 149.88 150.19 150.50 150.84 151.19 151.50 151.84 152.19 152.50 152.81 153.12 153.44 153.72 154.00 154.28 154.56 154.81 155.09 155.34 155.59 155.84 156.09 156.34 156.56 156.81 157.06 157.31 157.53 157.78 158.03 158.25 158.50 158.72 158.97 159.19 159.41 159.66 159.88 160.09 160.28 160.50 160.72 160.91 161.09 161.28 161.44 161.59 161.75 161.88 162.00 162.09 162.22 162.31 162.53
145.47 145.72 145.94 146.19 146.41 146.66 146.91 147.16 147.41 147.66 147.91 148.16 148.44 148.72 149.00 149.31 149.59 149.88 150.19 150.50 150.81 151.16 151.50 151.81 152.16 152.47 152.78 153.09 153.41 153.69 153.97 154.22 154.50 154.75 155.03 155.28 155.53 155.78 156.03 156.28 156.50 156.75 157.00 157.25 157.47 157.72 157.97 158.19 158.44 158.69 158.91 159.12 159.34 159.59 159.81 160.03 160.22 160.44 160.62 160.84 161.03 161.22 161.38 161.53 161.69 161.84 161.97 162.09 162.22 162.31 162.47
145.56 145.78 146.00 146.25 146.47 146.72 146.94 147.19 147.44 147.69 147.94 148.19 148.47 148.72 149.03 149.31 149.59 149.88 150.19 150.47 150.78 151.12 151.44 151.78 152.09 152.41 152.72 153.03 153.31 153.62 153.88 154.16 154.44 154.69 154.94 155.19 155.44 155.69 155.94 156.19 156.44 156.69 156.94 157.16 157.41 157.66 157.91 158.12 158.38 158.59 158.84 159.06 159.28 159.50 159.72 159.94 160.16 160.38 160.56 160.75 160.94 161.12 161.31 161.47 161.62 161.78 161.94 162.06 162.19 162.31 162.41
145.62 145.84 146.06 146.28 146.50 146.75 146.97 147.19 147.44 147.66 147.94 148.19 148.47 148.72 149.00 149.31 149.59 149.88 150.16 150.44 150.75 151.06 151.38 151.72 152.03 152.34 152.66 152.97 153.25 153.53 153.81 154.06 154.34 154.59 154.84 155.09 155.38 155.62 155.88 156.12 156.34 156.59 156.84 157.09 157.34 157.56 157.81 158.06 158.28 158.53 158.75 159.00 159.22 159.44 159.66 159.88 160.06 160.28 160.50 160.69 160.88 161.06 161.25 161.41 161.56 161.72 161.88 162.00 162.12 162.25 162.38
145.66 145.88 146.09 146.31 146.53 146.75 146.97 147.19 147.41 147.66 147.91 148.16 148.44 148.72 149.00 149.28 149.56 149.84 150.12 150.41 150.69 151.00 151.31 151.62 151.94 152.25 152.56 152.88 153.16 153.44 153.72 153.97 154.25 154.50 154.75 155.00 155.25 155.53 155.75 156.03 156.25 156.50 156.75 157.00 157.25 157.50 157.75 157.97 158.22 158.44 158.69 158.91 159.12 159.34 159.56 159.78 160.00 160.22 160.41 160.59 160.81 161.00 161.16 161.34 161.50 161.66 161.81 161.97 162.09 162.22 162.31
145.69 145.91 146.12 146.34 146.53 146.75 146.97 147.19 147.38 147.62 147.84 148.09 148.38 148.66 148.94 149.22 149.50 149.78 150.06 150.34 150.62 150.91 151.22 151.53 151.84 152.16 152.47 152.75 153.03 153.31 153.59 153.88 154.12 154.38 154.62 154.91 155.16 155.41 155.66 155.91 156.16 156.41 156.66 156.91 157.16 157.41 157.66 157.88 158.12 158.34 158.59 158.81 159.03 159.25 159.47 159.69 159.91 160.12 160.31 160.53 160.72 160.91 161.09 161.28 161.44 161.59 161.75 161.91 162.03 162.16 162.28
145.69 145.91 146.12 146.31 146.53 146.75 146.94 147.16 147.34 147.56 147.81 148.06 148.31 148.59 148.88 149.16 149.44 149.72 150.00 150.25 150.53 150.81 151.12 151.44 151.75 152.03 152.34 152.62 152.91 153.19 153.47 153.72 154.00 154.25 154.50 154.75 155.03 155.28 155.53 155.78 156.03 156.31 156.56 156.81 157.06 157.31 157.53 157.78 158.03 158.25 158.50 158.72 158.94 159.19 159.41 159.62 159.81 160.03 160.25 160.44 160.62 160.84 161.00 161.19 161.38 161.53 161.69 161.84 161.97 162.12 162.25
145.69 145.88 146.09 146.31 146.50 146.72 146.91 147.09 147.31 147.50 147.75 148.00 148.25 148.53 148.81 149.09 149.34 149.62 149.88 150.16 150.44 150.69 151.00 151.31 151.62 151.91 152.22 152.50 152.78 153.06 153.31 153.59 153.84 154.09 154.38 154.62 154.88 155.16 155.41 155.66 155.91 156.19 156.44 156.69 156.94 157.19 157.44 157.69 157.94 158.16 158.41 158.62 158.84 159.06 159.31 159.53 159.72 159.94 160.16 160.34 160.56 160.75 160.94 161.12 161.28 161.47 161.62 161.78 161.94 162.06 162.19
145.66 145.84 146.06 146.25 146.47 146.66 146.84 147.03 147.25 147.44 147.69 147.94 148.19 148.47 148.75 149.00 149.25 149.50 149.78 150.03 150.31 150.56 150.88 151.16 151.47 151.75 152.06 152.34 152.62 152.91 153.16 153.44 153.69 153.94 154.22 154.47 154.72 155.00 155.25 155.53 155.78 156.06 156.31 156.56 156.81 157.09 157.31 157.56 157.81 158.06 158.28 158.53 158.75 158.97 159.19 159.41 159.62 159.84 160.06 160.25 160.47 160.66 160.84 161.03 161.22 161.41 161.56 161.72 161.88 162.03 162.16
145.59 145.78 146.00 146.19 146.41 146.59 146.78 146.97 147.16 147.38 147.59 147.84 148.12 148.41 148.69 148.94 149.19 149.41 149.66 149.91 150.16 150.41 150.72 151.00 151.31 151.59 151.88 152.16 152.44 152.72 152.97 153.25 153.50 153.78 154.03 154.31 154.56 154.84 155.09 155.38 155.66 155.91 156.19 156.44 156.69 156.97 157.22 157.47 157.69 157.94 158.19 158.41 158.66 158.88 159.09 159.31 159.53 159.75 159.97 160.16 160.38 160.56 160.75 160.94 161.12 161.31 161.50 161.66 161.81 161.97 162.12
145.53 145.72 145.91 146.12 146.31 146.50 146.69 146.88 147.06 147.28 147.53 147.78 148.03 148.31 148.62 148.84 149.09 149.31 149.50 149.75 149.97 150.25 150.53 150.84 151.12 151.41 151.69 151.97 152.25 152.53 152.78 153.06 153.31 153.59 153.84 154.12 154.41 154.66 154.94 155.22 155.50 155.75 156.03 156.31 156.56 156.84 157.09 157.34 157.59 157.81 158.06 158.31 158.53 158.78 159.00 159.22 159.44 159.66 159.88 160.06 160.28 160.47 160.69 160.88 161.06 161.25 161.41 161.59 161.75 161.94 162.09
145.44 145.62 145.81 146.00 146.22 146.41 146.56 146.78 146.97 147.16 147.41 147.66 147.94 148.22 148.50 148.75 148.97 149.16 149.38 149.56 149.78 150.06 150.34 150.66 150.94 151.22 151.50 151.78 152.03 152.31 152.59 152.84 153.12 153.41 153.66 153.94 154.22 154.50 154.75 155.03 155.31 155.59 155.88 156.16 156.44 156.69 156.97 157.22 157.47 157.72 157.94 158.19 158.44 158.66 158.88 159.12 159.34 159.56 159.75 159.97 160.19 160.38 160.59 160.78 160.97 161.16 161.34 161.53 161.72 161.88 162.06
145.34 145.53 145.72 145.91 146.09 146.28 146.44 146.62 146.81 147.03 147.25 147.50 147.78 148.06 148.34 148.59 148.81 149.00 149.19 149.38 149.59 149.84 150.16 150.44 150.72 151.00 151.28 151.56 151.81 152.09 152.38 152.66 152.91 153.19 153.47 153.75 154.03 154.31 154.59 154.88 155.16 155.44 155.72 156.00 156.28 156.56 156.81 157.06 157.31 157.56 157.81 158.06 158.31 158.53 158.78 159.00 159.22 159.44 159.66 159.88 160.09 160.28 160.50 160.69 160.91 161.09 161.28 161.47 161.66 161.81 162.00
145.22 145.41 145.59 145.75 145.94 146.12 146.31 146.47 146.66 146.88 147.06 147.31 147.56 147.88 148.16 148.41 148.62 148.81 149.00 149.19 149.38 149.62 149.91 150.19 150.47 150.75 151.03 151.31 151.59 151.88 152.12 152.41 152.69 152.97 153.25 153.53 153.81 154.09 154.38 154.69 154.97 155.25 155.56 155.84 156.12 156.41 156.69 156.94 157.19 157.44 157.69 157.94 158.19 158.44 158.66 158.88 159.12 159.34 159.56 159.78 159.97 160.19 160.41 160.59 160.81 161.00 161.19 161.41 161.59 161.78 161.97
145.09 145.28 145.44 145.62 145.78 145.97 146.12 146.31 146.50 146.66 146.88 147.09 147.34 147.62 147.91 148.19 148.41 148.59 148.78 148.97 149.16 149.41 149.69 149.94 150.22 150.50 150.78 151.06 151.34 151.62 151.91 152.19 152.47 152.75 153.03 153.31 153.59 153.91 154.19 154.47 154.78 155.06 155.38 155.69 155.97 156.25 156.53 156.78 157.06 157.31 157.56 157.81 158.06 158.31 158.53 158.78 159.00 159.22 159.44 159.66 159.88 160.09 160.31 160.50 160.72 160.94 161.12 161.31 161.53 161.72 161.91
144.97 145.12 145.28 145.47 145.62 145.81 145.97 146.12 146.28 146.47 146.66 146.84 147.09 147.34 147.62 147.91 148.12 148.34 148.53 148.72 148.91 149.16 149.41 149.69 149.97 150.22 150.50 150.78 151.06 151.34 151.66 151.94 152.22 152.50 152.81 153.09 153.38 153.69 153.97 154.28 154.59 154.88 155.19 155.50 155.78 156.09 156.38 156.62 156.91 157.16 157.44 157.69 157.94 158.19 158.41 158.66 158.88 159.12 159.34 159.56 159.78 160.00 160.22 160.41 160.62 160.84 161.03 161.25 161.44 161.66 161.84
144.81 144.97 145.12 145.31 145.47 145.62 145.78 145.94 146.09 146.25 146.41 146.59 146.84 147.09 147.34 147.62 147.84 148.03 148.22 148.44 148.62 148.88 149.12 149.41 149.66 149.94 150.22 150.50 150.81 151.09 151.38 151.69 151.97 152.28 152.56 152.88 153.16 153.47 153.78 154.09 154.38 154.69 155.00 155.31 155.62 155.91 156.22 156.47 156.75 157.03 157.28 157.53 157.78 158.03 158.28 158.53 158.75 159.00 159.22 159.44 159.69 159.91 160.12 160.31 160.53 160.75 160.97 161.19 161.38 161.59 161.81
144.66 144.81 144.97 145.12 145.28 145.44 145.59 145.75 145.88 146.03 146.19 146.38 146.59 146.84 147.09 147.31 147.53 147.72 147.94 148.12 148.34 148.56 148.84 149.09 149.38 149.66 149.94 150.22 150.53 150.81 151.12 151.41 151.72 152.03 152.31 152.62 152.94 153.25 153.56 153.88 154.19 154.50 154.81 155.12 155.44 155.75 156.03 156.31 156.59 156.88 157.12 157.41 157.66 157.91 158.16 158.41 158.62 158.88 159.09 159.34 159.56 159.78 160.00 160.22 160.44 160.66 160.88 161.09 161.31 161.53 161.75
144.47 144.62 144.81 144.97 145.12 145.25 145.41 145.53 145.69 145.81 145.97 146.12 146.34 146.56 146.81 147.00 147.22 147.41 147.62 147.81 148.03 148.28 148.53 148.81 149.09 149.38 149.66 149.94 150.25 150.56 150.84 151.16 151.47 151.78 152.09 152.41 152.72 153.03 153.34 153.66 154.00 154.31 154.62 154.94 155.25 155.56 155.88 156.16 156.44 156.72 157.00 157.25 157.50 157.78 158.03 158.28 158.50 158.75 159.00 159.22 159.47 159.69 159.91 160.12 160.34 160.59 160.81 161.03 161.25 161.47 161.69
144.28 144.44 144.59 144.78 144.94 145.06 145.22 145.34 145.47 145.62 145.75 145.94 146.12 146.31 146.50 146.72 146.88 147.09 147.31 147.50 147.75 148.00 148.25 148.53 148.81 149.09 149.38 149.66 149.97 150.28 150.59 150.91 151.22 151.53 151.84 152.19 152.50 152.81 153.12 153.47 153.78 154.09 154.44 154.75 155.06 155.38 155.69 156.00 156.28 156.56 156.84 157.09 157.38 157.62 157.88 158.12 158.38 158.62 158.88 159.09 159.34 159.59 159.81 160.03 160.28 160.50 160.72 160.94 161.16 161.41 161.62
144.09 144.25 144.41 144.56 144.72 144.84 145.00 145.12 145.22 145.34 145.50 145.69 145.84 146.03 146.22 146.41 146.59 146.78 147.00 147.22 147.47 147.72 148.00 148.25 148.53 148.81 149.09 149.41 149.72 150.03 150.34 150.66 150.97 151.31 151.62 151.94 152.28 152.59 152.94 153.25 153.59 153.91 154.25 154.56 154.88 155.19 155.50 155.81 156.09 156.41 156.69 156.94 157.22 157.50 157.75 158.00 158.25 158.50 158.75 159.00 159.22 159.47 159.72 159.94 160.19 160.41 160.62 160.88 161.09 161.31 161.56
143.88 144.03 144.19 144.34 144.50 144.62 144.75 144.88 144.97 145.09 145.22 145.41 145.56 145.72 145.91 146.09 146.28 146.50 146.72 146.94 147.19 147.47 147.75 148.00 148.28 148.56 148.88 149.16 149.47 149.78 150.09 150.44 150.75 151.09 151.41 151.72 152.06 152.38 152.72 153.06 153.38 153.72 154.03 154.38 154.69 155.00 155.34 155.62 155.94 156.22 156.53 156.78 157.06 157.34 157.59 157.88 158.12 158.38 158.62 158.88 159.12 159.38 159.59 159.84 160.09 160.31 160.56 160.78 161.00 161.25 161.47
143.66 143.81 143.97 144.12 144.25 144.38 144.47 144.56 144.66 144.78 144.94 145.09 145.28 145.44 145.62 145.81 146.00 146.19 146.44 146.69 146.97 147.22 147.50 147.78 148.06 148.34 148.62 148.94 149.25 149.56 149.88 150.22 150.53 150.88 151.19 151.53 151.84 152.19 152.53 152.84 153.19 153.53 153.84 154.19 154.50 154.84 155.16 155.47 155.78 156.06 156.34 156.62 156.91 157.19 157.47 157.72 158.00 158.25 158.50 158.75 159.00 159.25 159.50 159.75 160.00 160.22 160.47 160.72 160.94 161.16 161.41
143.44 143.59 143.72 143.88 144.00 144.12 144.19 144.28 144.38 144.50 144.69 144.81 145.00 145.16 145.31 145.50 145.72 145.94 146.19 146.47 146.75 147.00 147.28 147.56 147.84 148.12 148.41 148.72 149.03 149.34 149.66 150.00 150.31 150.66 151.00 151.31 151.66 152.00 152.34 152.66 153.00 153.34 153.66 154.00 154.31 154.66 154.97 155.28 155.59 155.91 156.19 156.47 156.75 157.03 157.31 157.59 157.84 158.12 158.38 158.62 158.91 159.16 159.41 159.66 159.91 160.16 160.41 160.62 160.88 161.09 161.34
143.19 143.34 143.47 143.62 143.75 143.84 143.91 144.00 144.09 144.22 144.41 144.53 144.69 144.88 145.03 145.25 145.47 145.72 146.00 146.25 146.53 146.81 147.09 147.34 147.62 147.94 148.22 148.53 148.84 149.16 149.47 149.81 150.12 150.47 150.81 151.12 151.47 151.81 152.16 152.47 152.81 153.16 153.47 153.81 154.16 154.47 154.78 155.09 155.41 155.72 156.03 156.31 156.59 156.88 157.16 157.44 157.72 158.00 158.25 158.53 158.78 159.06 159.31 159.56 159.84 160.09 160.31 160.56 160.81 161.03 161.28
142.94 143.06 143.22 143.34 143.50 143.56 143.66 143.75 143.84 143.97 144.12 144.28 144.44 144.62 144.81 145.03 145.28 145.53 145.78 146.06 146.34 146.62 146.91 147.19 147.47 147.75 148.03 148.34 148.66 148.97 149.28 149.62 149.94 150.28 150.62 150.97 151.28 151.62 151.97 152.31 152.62 152.97 153.31 153.62 153.97 154.28 154.62 154.94 155.25 155.56 155.88 156.16 156.44 156.75 157.03 157.31 157.59 157.84 158.12 158.41 158.69 158.97 159.22 159.50 159.75 160.00 160.28 160.50 160.75 160.97 161.22
142.66 142.78 142.94 143.06 143.19 143.25 143.38 143.50 143.59 143.72 143.88 144.03 144.19 144.41 144.59 144.84 145.06 145.34 145.62 145.91 146.16 146.44 146.72 147.00 147.28 147.59 147.88 148.19 148.47 148.78 149.12 149.44 149.78 150.12 150.44 150.78 151.12 151.47 151.78 152.12 152.47 152.81 153.12 153.47 153.81 154.12 154.44 154.78 155.09 155.41 155.69 156.00 156.31 156.59 156.88 157.16 157.44 157.75 158.03 158.31 158.59 158.88 159.16 159.41 159.69 159.97 160.22 160.47 160.72 160.94 161.19
