everonasctiles/Tile[26,19].asc
ncols 128
nrows 128
xllcorner 0
yllcorner 0
cellsize 2.0
NODATA_value  -9999
[rows 0 to 33 of 128, columns 0 to 76 of 128]
81.50 81.56 81.62 81.69 81.78 81.84 81.91 81.97 82.00 82.06 82.12 82.19 82.19 82.25 82.31 82.41 82.41 82.50 82.59 82.69 82.78 82.91 82.97 83.12 83.19 83.28 83.38 83.50 83.66 83.91 84.09 84.28 84.47 84.66 84.88 85.06 85.19 85.31 85.41 85.50 85.53 85.50 85.62 85.72 85.88 86.03 86.19 86.41 86.66 86.94 87.19 87.41 87.59 87.69 87.81 87.88 87.91 87.91 87.88 87.88 87.88 87.91 87.88 87.88 87.91 87.88 87.91 87.94 88.00 88.06 88.12 88.25 88.28 88.34 88.44 88.53 88.62
81.41 81.47 81.53 81.62 81.69 81.78 81.84 81.88 81.94 82.00 82.03 82.06 82.09 82.19 82.22 82.25 82.31 82.41 82.44 82.56 82.66 82.75 82.88 82.94 83.06 83.16 83.22 83.34 83.62 83.88 84.06 84.25 84.44 84.59 84.75 84.91 85.00 85.09 85.16 85.22 85.25 85.28 85.41 85.53 85.66 85.81 86.00 86.16 86.41 86.69 86.94 87.12 87.28 87.41 87.53 87.62 87.62 87.62 87.59 87.59 87.59 87.62 87.59 87.62 87.62 87.66 87.69 87.75 87.78 87.88 87.94 88.03 88.12 88.22 88.31 88.44 88.56
81.31 81.41 81.47 81.56 81.62 81.69 81.72 81.81 81.84 81.91 81.94 81.97 82.03 82.09 82.12 82.16 82.19 82.25 82.34 82.44 82.50 82.62 82.72 82.81 82.91 83.00 83.09 83.28 83.56 83.84 84.03 84.22 84.38 84.50 84.62 84.72 84.78 84.84 84.91 84.97 85.00 85.00 85.19 85.28 85.44 85.59 85.78 85.97 86.19 86.38 86.59 86.78 86.97 87.12 87.28 87.34 87.34 87.34 87.31 87.31 87.34 87.34 87.34 87.34 87.34 87.41 87.47 87.56 87.62 87.69 87.78 87.88 87.97 88.09 88.19 88.31 88.41
81.25 81.31 81.41 81.47 81.53 81.59 81.66 81.75 81.78 81.81 81.81 81.88 81.97 81.97 81.97 82.03 82.09 82.12 82.25 82.28 82.34 82.50 82.59 82.69 82.78 82.88 82.97 83.12 83.47 83.78 84.00 84.16 84.28 84.34 84.44 84.53 84.59 84.66 84.69 84.75 84.75 84.84 84.94 85.06 85.25 85.41 85.56 85.75 85.91 86.06 86.25 86.44 86.56 86.81 86.97 87.06 87.06 87.09 87.03 87.06 87.06 87.09 87.12 87.09 87.12 87.19 87.25 87.34 87.44 87.50 87.59 87.69 87.81 87.94 88.06 88.16 88.25
81.16 81.25 81.31 81.38 81.44 81.53 81.56 81.62 81.69 81.72 81.75 81.78 81.84 81.88 81.84 81.94 81.97 82.03 82.09 82.19 82.25 82.34 82.44 82.56 82.66 82.72 82.88 83.00 83.38 83.69 83.91 84.06 84.12 84.22 84.28 84.31 84.38 84.41 84.44 84.47 84.53 84.59 84.69 84.84 85.00 85.19 85.34 85.50 85.62 85.78 85.91 86.06 86.22 86.41 86.62 86.72 86.78 86.81 86.81 86.81 86.81 86.84 86.84 86.84 86.91 86.94 87.03 87.12 87.22 87.31 87.41 87.50 87.62 87.78 87.91 88.00 88.06
81.06 81.16 81.22 81.28 81.34 81.44 81.50 81.53 81.59 81.66 81.66 81.72 81.75 81.72 81.75 81.84 81.88 81.94 81.97 82.03 82.12 82.22 82.28 82.44 82.47 82.62 82.75 82.88 83.09 83.59 83.84 83.91 83.97 84.03 84.09 84.12 84.16 84.22 84.25 84.25 84.31 84.41 84.47 84.59 84.75 84.94 85.06 85.19 85.31 85.47 85.59 85.78 85.94 86.12 86.28 86.41 86.50 86.53 86.56 86.56 86.56 86.62 86.62 86.66 86.69 86.72 86.78 86.91 87.00 87.09 87.19 87.31 87.47 87.62 87.72 87.81 87.84
80.97 81.03 81.09 81.16 81.25 81.34 81.41 81.44 81.47 81.53 81.53 81.59 81.62 81.59 81.66 81.72 81.78 81.81 81.84 81.91 82.00 82.06 82.16 82.22 82.34 82.50 82.59 82.72 82.84 83.22 83.66 83.72 83.78 83.84 83.88 83.94 84.00 84.00 84.03 84.06 84.12 84.16 84.28 84.38 84.50 84.62 84.78 84.91 85.03 85.16 85.28 85.47 85.66 85.81 85.94 86.09 86.19 86.28 86.31 86.38 86.41 86.44 86.47 86.47 86.47 86.53 86.62 86.72 86.81 86.94 87.00 87.19 87.28 87.41 87.56 87.62 87.69
80.88 80.94 80.97 81.09 81.16 81.25 81.28 81.34 81.34 81.41 81.47 81.47 81.47 81.47 81.53 81.59 81.62 81.66 81.69 81.78 81.84 81.94 82.03 82.09 82.16 82.31 82.44 82.56 82.69 82.84 83.28 83.50 83.59 83.66 83.72 83.78 83.78 83.81 83.88 83.91 83.91 84.00 84.03 84.12 84.22 84.31 84.47 84.59 84.69 84.84 85.00 85.16 85.31 85.53 85.66 85.81 85.94 86.03 86.06 86.16 86.19 86.22 86.25 86.28 86.28 86.38 86.41 86.50 86.62 86.75 86.84 87.00 87.16 87.28 87.38 87.44 87.53
80.72 80.78 80.88 80.97 81.06 81.12 81.19 81.22 81.19 81.28 81.31 81.31 81.34 81.38 81.41 81.47 81.50 81.53 81.56 81.62 81.69 81.81 81.84 81.88 82.00 82.06 82.19 82.38 82.50 82.59 82.88 83.22 83.38 83.50 83.53 83.56 83.62 83.66 83.69 83.72 83.72 83.78 83.81 83.91 83.97 84.03 84.16 84.28 84.44 84.56 84.72 84.88 85.03 85.22 85.38 85.53 85.69 85.78 85.88 85.97 86.00 86.03 86.03 86.06 86.09 86.19 86.28 86.38 86.50 86.59 86.72 86.88 87.00 87.12 87.22 87.31 87.38
80.56 80.69 80.75 80.84 80.94 81.00 81.03 81.09 81.09 81.16 81.16 81.19 81.22 81.25 81.28 81.34 81.38 81.41 81.41 81.47 81.53 81.66 81.69 81.75 81.81 81.91 82.00 82.12 82.25 82.41 82.62 83.00 83.16 83.28 83.34 83.41 83.44 83.47 83.53 83.50 83.53 83.59 83.62 83.66 83.72 83.78 83.88 84.00 84.12 84.28 84.44 84.59 84.75 84.94 85.06 85.22 85.38 85.50 85.62 85.72 85.78 85.81 85.84 85.91 85.94 86.06 86.12 86.25 86.38 86.50 86.62 86.72 86.88 86.97 87.06 87.16 87.22
80.44 80.53 80.59 80.69 80.78 80.88 80.91 80.94 81.00 81.00 81.03 81.06 81.06 81.12 81.16 81.22 81.22 81.25 81.28 81.31 81.41 81.47 81.53 81.59 81.62 81.72 81.81 81.91 82.06 82.25 82.44 82.78 82.97 83.09 83.19 83.22 83.28 83.31 83.34 83.34 83.38 83.44 83.44 83.44 83.44 83.53 83.62 83.75 83.88 84.00 84.16 84.34 84.50 84.62 84.75 84.94 85.09 85.22 85.41 85.53 85.59 85.59 85.66 85.72 85.81 85.88 86.03 86.12 86.25 86.38 86.47 86.62 86.72 86.84 86.97 87.06 87.12
80.25 80.38 80.47 80.56 80.66 80.72 80.72 80.84 80.84 80.88 80.91 80.94 80.94 81.00 81.03 81.09 81.09 81.09 81.12 81.16 81.25 81.31 81.38 81.44 81.50 81.56 81.66 81.78 81.88 82.09 82.25 82.53 82.78 82.91 83.00 83.03 83.09 83.12 83.19 83.19 83.22 83.25 83.25 83.22 83.25 83.28 83.38 83.50 83.62 83.78 83.94 84.09 84.22 84.31 84.50 84.66 84.81 84.97 85.16 85.31 85.38 85.44 85.47 85.59 85.69 85.75 85.91 86.03 86.16 86.25 86.38 86.50 86.62 86.72 86.84 86.94 87.00
80.09 80.22 80.34 80.44 80.50 80.53 80.59 80.66 80.69 80.75 80.78 80.78 80.78 80.88 80.91 80.94 80.97 80.94 80.97 80.97 81.06 81.09 81.22 81.25 81.34 81.41 81.53 81.62 81.75 81.91 82.03 82.25 82.56 82.72 82.81 82.88 82.91 82.94 82.97 83.00 83.03 83.06 83.06 83.03 83.03 83.09 83.19 83.28 83.41 83.53 83.72 83.81 83.94 84.12 84.22 84.41 84.59 84.75 84.94 85.06 85.19 85.22 85.34 85.44 85.53 85.69 85.78 85.91 86.03 86.16 86.25 86.41 86.50 86.62 86.72 86.81 86.91
79.94 80.06 80.19 80.25 80.31 80.38 80.44 80.50 80.59 80.62 80.66 80.69 80.66 80.75 80.75 80.75 80.81 80.81 80.81 80.78 80.84 81.00 81.03 81.09 81.16 81.25 81.38 81.47 81.59 81.69 81.81 81.97 82.28 82.47 82.56 82.66 82.75 82.78 82.78 82.81 82.84 82.88 82.84 82.84 82.88 82.94 82.97 83.06 83.19 83.31 83.44 83.59 83.69 83.88 84.06 84.19 84.34 84.53 84.69 84.84 84.97 85.03 85.16 85.25 85.38 85.53 85.66 85.78 85.91 86.06 86.19 86.28 86.41 86.53 86.62 86.72 86.81
79.78 79.91 80.03 80.09 80.16 80.22 80.25 80.38 80.41 80.47 80.50 80.50 80.53 80.59 80.59 80.59 80.66 80.62 80.66 80.66 80.69 80.81 80.88 80.91 81.00 81.09 81.19 81.31 81.44 81.53 81.59 81.72 81.91 82.16 82.31 82.44 82.53 82.59 82.62 82.62 82.66 82.69 82.69 82.69 82.72 82.75 82.81 82.88 83.00 83.09 83.25 83.34 83.50 83.66 83.81 83.97 84.12 84.34 84.50 84.62 84.72 84.84 84.97 85.09 85.25 85.38 85.53 85.66 85.78 85.94 86.06 86.22 86.31 86.44 86.53 86.62 86.72
79.66 79.72 79.84 79.94 80.00 80.06 80.09 80.19 80.25 80.31 80.34 80.34 80.38 80.44 80.41 80.47 80.47 80.44 80.50 80.47 80.53 80.62 80.69 80.75 80.84 80.97 81.06 81.19 81.28 81.34 81.41 81.47 81.53 81.75 81.97 82.16 82.34 82.41 82.44 82.47 82.50 82.50 82.53 82.56 82.56 82.62 82.66 82.72 82.78 82.91 83.03 83.16 83.28 83.44 83.59 83.75 83.94 84.16 84.28 84.38 84.50 84.62 84.81 84.97 85.09 85.22 85.38 85.53 85.69 85.84 86.03 86.16 86.28 86.38 86.47 86.53 86.59
79.50 79.56 79.66 79.75 79.81 79.88 79.94 80.03 80.09 80.12 80.16 80.19 80.25 80.25 80.28 80.31 80.28 80.28 80.34 80.31 80.38 80.47 80.47 80.56 80.66 80.78 80.91 81.00 81.09 81.16 81.19 81.25 81.25 81.31 81.56 81.81 82.06 82.22 82.25 82.28 82.34 82.34 82.38 82.41 82.44 82.50 82.53 82.59 82.66 82.72 82.84 83.00 83.12 83.25 83.41 83.59 83.78 83.94 84.06 84.16 84.34 84.47 84.66 84.84 84.97 85.12 85.25 85.41 85.62 85.78 85.94 86.09 86.22 86.31 86.38 86.47 86.50
79.34 79.44 79.50 79.56 79.59 79.72 79.81 79.84 79.97 80.00 80.03 80.06 80.09 80.09 80.12 80.12 80.16 80.09 80.19 80.16 80.19 80.25 80.28 80.38 80.47 80.59 80.69 80.81 80.84 80.94 80.97 80.97 80.97 80.97 81.06 81.44 81.75 82.00 82.09 82.16 82.19 82.19 82.22 82.28 82.28 82.34 82.41 82.47 82.53 82.59 82.69 82.84 82.94 83.09 83.22 83.41 83.56 83.72 83.88 84.03 84.16 84.38 84.53 84.69 84.88 85.00 85.16 85.34 85.50 85.66 85.84 86.00 86.12 86.22 86.31 86.38 86.44
79.19 79.28 79.34 79.38 79.44 79.56 79.62 79.72 79.78 79.84 79.88 79.88 79.94 79.94 79.97 79.94 79.97 79.94 80.03 79.97 80.00 80.06 80.09 80.19 80.28 80.38 80.47 80.56 80.62 80.69 80.75 80.75 80.72 80.69 80.72 81.06 81.47 81.75 81.91 81.97 82.03 82.03 82.06 82.12 82.19 82.25 82.31 82.34 82.41 82.47 82.56 82.69 82.81 82.94 83.12 83.25 83.38 83.56 83.72 83.84 84.06 84.22 84.38 84.56 84.69 84.88 85.03 85.19 85.38 85.59 85.78 85.91 86.03 86.12 86.22 86.31 86.34
79.03 79.12 79.16 79.19 79.28 79.38 79.44 79.56 79.59 79.66 79.69 79.69 79.72 79.78 79.81 79.72 79.84 79.78 79.84 79.78 79.84 79.84 79.91 79.97 80.09 80.19 80.28 80.31 80.41 80.44 80.47 80.47 80.47 80.44 80.47 80.69 81.09 81.47 81.69 81.81 81.84 81.88 81.97 82.00 82.06 82.12 82.19 82.25 82.31 82.41 82.47 82.56 82.69 82.81 82.97 83.09 83.22 83.38 83.53 83.72 83.91 84.09 84.28 84.41 84.56 84.72 84.88 85.03 85.25 85.50 85.66 85.81 85.94 86.03 86.12 86.19 86.28
78.91 78.97 79.00 79.06 79.12 79.19 79.28 79.34 79.44 79.44 79.50 79.56 79.56 79.62 79.66 79.59 79.66 79.62 79.62 79.62 79.72 79.62 79.72 79.81 79.88 79.97 80.03 80.09 80.16 80.22 80.22 80.22 80.22 80.22 80.25 80.41 80.69 81.12 81.47 81.62 81.69 81.75 81.81 81.88 81.97 82.06 82.09 82.16 82.22 82.31 82.38 82.47 82.56 82.69 82.84 82.94 83.06 83.25 83.41 83.59 83.81 83.97 84.12 84.28 84.41 84.56 84.72 84.91 85.12 85.31 85.50 85.69 85.81 85.91 86.03 86.06 86.19
78.75 78.81 78.84 78.91 78.97 79.03 79.09 79.16 79.22 79.25 79.34 79.38 79.41 79.47 79.44 79.50 79.53 79.50 79.41 79.53 79.47 79.44 79.59 79.59 79.69 79.75 79.81 79.84 79.91 79.97 79.97 79.97 80.00 80.00 80.09 80.16 80.38 80.81 81.22 81.44 81.56 81.62 81.72 81.78 81.91 81.97 82.03 82.09 82.16 82.25 82.31 82.41 82.47 82.59 82.72 82.84 82.94 83.09 83.28 83.50 83.66 83.81 84.00 84.09 84.28 84.44 84.59 84.75 84.97 85.19 85.38 85.53 85.69 85.81 85.91 85.97 86.03
78.59 78.66 78.69 78.72 78.81 78.84 78.91 78.97 79.03 79.06 79.12 79.19 79.22 79.28 79.28 79.34 79.38 79.34 79.25 79.31 79.28 79.25 79.38 79.44 79.47 79.50 79.56 79.59 79.66 79.72 79.72 79.78 79.78 79.84 79.91 80.03 80.16 80.50 80.97 81.25 81.41 81.53 81.62 81.72 81.81 81.91 81.97 82.03 82.09 82.19 82.25 82.31 82.41 82.50 82.62 82.72 82.84 83.03 83.19 83.34 83.50 83.69 83.81 83.97 84.09 84.28 84.44 84.66 84.84 85.06 85.22 85.38 85.56 85.66 85.75 85.84 85.91
78.41 78.50 78.53 78.56 78.62 78.69 78.72 78.78 78.84 78.88 78.91 79.00 79.03 79.09 79.09 79.16 79.16 79.16 79.12 79.09 79.09 79.12 79.19 79.25 79.28 79.28 79.34 79.38 79.44 79.47 79.53 79.59 79.62 79.69 79.78 79.88 80.00 80.25 80.66 81.03 81.25 81.41 81.56 81.66 81.75 81.84 81.91 81.97 82.06 82.12 82.19 82.28 82.34 82.44 82.53 82.62 82.75 82.94 83.06 83.22 83.38 83.56 83.69 83.81 84.00 84.12 84.31 84.50 84.69 84.88 85.09 85.25 85.38 85.47 85.66 85.72 85.81
78.25 78.34 78.38 78.41 78.47 78.50 78.56 78.59 78.59 78.69 78.72 78.81 78.88 78.94 78.94 79.00 78.97 79.00 79.00 78.91 78.94 78.94 79.00 79.03 79.03 79.06 79.12 79.16 79.22 79.28 79.34 79.38 79.47 79.53 79.66 79.72 79.84 80.00 80.34 80.75 81.06 81.31 81.50 81.62 81.69 81.78 81.84 81.91 82.00 82.06 82.12 82.19 82.28 82.34 82.44 82.56 82.69 82.84 83.00 83.16 83.31 83.44 83.56 83.72 83.84 84.00 84.16 84.38 84.56 84.75 84.97 85.09 85.19 85.38 85.50 85.59 85.69
78.06 78.16 78.22 78.22 78.25 78.34 78.38 78.41 78.41 78.47 78.56 78.62 78.66 78.72 78.75 78.78 78.81 78.84 78.84 78.75 78.78 78.78 78.84 78.84 78.84 78.88 78.94 78.97 79.03 79.06 79.09 79.22 79.31 79.41 79.50 79.59 79.69 79.81 80.09 80.44 80.94 81.28 81.47 81.56 81.62 81.72 81.78 81.84 81.91 82.00 82.06 82.12 82.19 82.28 82.34 82.47 82.59 82.75 82.91 83.06 83.19 83.34 83.47 83.59 83.75 83.88 84.06 84.22 84.41 84.59 84.78 84.94 85.16 85.28 85.38 85.47 85.62
77.84 77.97 78.03 78.06 78.06 78.16 78.19 78.22 78.25 78.28 78.38 78.44 78.47 78.53 78.56 78.59 78.62 78.66 78.66 78.62 78.59 78.62 78.66 78.66 78.66 78.72 78.75 78.78 78.88 78.91 78.94 79.06 79.16 79.25 79.34 79.47 79.56 79.66 79.84 80.22 80.81 81.22 81.44 81.53 81.59 81.66 81.72 81.78 81.84 81.91 81.97 82.06 82.12 82.19 82.28 82.41 82.50 82.66 82.81 82.97 83.12 83.25 83.34 83.50 83.62 83.78 83.91 84.06 84.22 84.41 84.66 84.91 85.03 85.12 85.25 85.38 85.50
77.69 77.78 77.88 77.91 77.88 77.97 78.03 78.06 78.06 78.09 78.19 78.28 78.31 78.38 78.41 78.41 78.47 78.50 78.53 78.50 78.47 78.44 78.50 78.44 78.47 78.50 78.56 78.62 78.66 78.78 78.84 78.94 79.03 79.12 79.22 79.31 79.44 79.53 79.69 80.06 80.66 81.19 81.41 81.47 81.53 81.56 81.62 81.69 81.78 81.84 81.91 81.97 82.03 82.12 82.22 82.28 82.41 82.56 82.72 82.88 83.00 83.16 83.28 83.41 83.56 83.66 83.81 83.94 84.16 84.44 84.62 84.78 84.94 85.09 85.16 85.28 85.44
77.50 77.59 77.69 77.72 77.72 77.81 77.81 77.88 77.91 77.94 78.03 78.09 78.16 78.22 78.22 78.25 78.31 78.31 78.34 78.38 78.34 78.28 78.34 78.28 78.31 78.34 78.41 78.47 78.50 78.62 78.72 78.81 78.91 79.00 79.09 79.22 79.31 79.41 79.56 79.84 80.47 81.09 81.38 81.41 81.47 81.50 81.56 81.62 81.69 81.75 81.81 81.91 81.97 82.03 82.09 82.22 82.34 82.50 82.62 82.75 82.94 83.03 83.19 83.31 83.44 83.59 83.72 83.88 84.19 84.31 84.56 84.66 84.81 84.91 85.09 85.25 85.31
77.31 77.41 77.47 77.53 77.59 77.62 77.62 77.72 77.75 77.81 77.84 77.94 78.00 78.03 78.03 78.12 78.16 78.16 78.22 78.22 78.19 78.19 78.19 78.16 78.16 78.19 78.22 78.34 78.41 78.50 78.59 78.69 78.78 78.88 78.97 79.06 79.16 79.28 79.44 79.66 80.16 80.81 81.25 81.34 81.38 81.41 81.47 81.56 81.62 81.69 81.75 81.81 81.88 81.94 82.06 82.19 82.28 82.44 82.56 82.69 82.81 82.97 83.12 83.19 83.34 83.53 83.66 83.88 84.06 84.22 84.41 84.59 84.69 84.88 85.03 85.09 85.25
77.12 77.19 77.28 77.34 77.44 77.41 77.50 77.53 77.56 77.66 77.72 77.78 77.84 77.84 77.88 77.97 78.00 78.03 78.06 78.06 78.03 78.06 78.03 78.00 78.03 78.06 78.12 78.22 78.28 78.41 78.47 78.56 78.66 78.72 78.81 78.91 79.00 79.12 79.28 79.44 79.78 80.38 80.84 81.25 81.25 81.28 81.38 81.44 81.53 81.59 81.69 81.75 81.81 81.88 81.97 82.09 82.22 82.34 82.47 82.62 82.78 82.91 82.97 83.19 83.31 83.47 83.56 83.75 83.97 84.12 84.28 84.38 84.62 84.78 84.88 85.03 85.19
76.94 76.97 77.03 77.12 77.22 77.25 77.31 77.34 77.38 77.50 77.56 77.62 77.66 77.69 77.72 77.81 77.84 77.88 77.91 77.94 77.94 77.94 77.91 77.91 77.97 78.00 78.06 78.12 78.22 78.28 78.34 78.44 78.53 78.59 78.69 78.75 78.84 78.97 79.09 79.22 79.44 79.81 80.28 80.84 81.03 81.12 81.25 81.38 81.44 81.53 81.59 81.66 81.75 81.81 81.91 82.03 82.16 82.25 82.44 82.56 82.69 82.78 82.97 83.06 83.22 83.38 83.50 83.72 83.81 84.00 84.16 84.34 84.50 84.62 84.81 84.91 85.06
76.75 76.78 76.84 76.97 77.03 77.06 77.12 77.16 77.28 77.34 77.41 77.47 77.50 77.50 77.62 77.62 77.69 77.75 77.78 77.81 77.78 77.81 77.78 77.81 77.88 77.91 77.97 78.03 78.09 78.16 78.25 78.31 78.41 78.47 78.53 78.62 78.69 78.78 78.91 79.06 79.22 79.44 79.78 80.25 80.72 80.94 81.16 81.28 81.41 81.47 81.53 81.59 81.66 81.69 81.81 81.97 82.12 82.22 82.38 82.50 82.53 82.75 82.81 82.97 83.16 83.28 83.44 83.56 83.78 83.91 84.09 84.25 84.34 84.56 84.72 84.88 85.00
76.59 76.59 76.69 76.81 76.84 76.88 76.97 77.06 77.12 77.19 77.28 77.31 77.34 77.41 77.47 77.50 77.56 77.59 77.62 77.66 77.66 77.69 77.69 77.75 77.78 77.81 77.84 77.94 78.00 78.06 78.12 78.19 78.25 78.34 78.41 78.47 78.53 78.66 78.78 78.91 79.06 79.22 79.38 79.75 80.25 80.88 81.12 81.25 81.31 81.41 81.47 81.53 81.56 81.69 81.81 81.94 82.03 82.19 82.25 82.34 82.53 82.62 82.78 82.94 83.06 83.12 83.34 83.47 83.66 83.81 84.00 84.12 84.34 84.50 84.66 84.78 84.94
