everonasctiles/Tile[9,43].asc
ncols 128
nrows 128
xllcorner 0
yllcorner 0
cellsize 2.0
NODATA_value  -9999
[rows 32 to 63 of 128, columns 0 to 70 of 128]
-14.72 -14.75 -14.78 -14.84 -14.78 -14.78 -14.81 -14.78 -14.84 -14.72 -14.59 -14.59 -14.69 -14.81 -14.94 -14.94 -14.97 -14.97 -14.94 -14.84 -14.81 -14.94 -15.00 -15.00 -14.97 -14.91 -14.88 -14.81 -14.81 -14.84 -14.88 -14.84 -14.88 -14.94 -14.91 -15.00 -15.03 -15.12 -15.22 -15.19 -15.19 -15.22 -15.28 -15.28 -15.22 -15.09 -15.03 -15.09 -15.06 -14.94 -14.78 -14.81 -14.81 -14.75 -14.69 -14.69 -14.72 -14.72 -14.75 -14.75 -14.72 -14.69 -14.69 -14.75 -14.78 -14.78 -14.72 -14.78 -14.88 -14.88 -14.84
-14.78 -14.78 -14.72 -14.72 -14.81 -14.78 -14.78 -14.78 -14.81 -14.75 -14.69 -14.66 -14.66 -14.81 -15.03 -14.91 -14.97 -15.03 -15.00 -15.00 -15.06 -15.12 -15.03 -14.97 -14.97 -14.81 -14.72 -14.75 -14.78 -14.78 -14.81 -14.81 -14.94 -14.94 -14.91 -15.00 -15.06 -15.09 -15.16 -15.16 -15.22 -15.28 -15.34 -15.31 -15.31 -15.25 -15.16 -15.06 -14.94 -14.75 -14.69 -14.75 -14.75 -14.84 -14.84 -14.69 -14.72 -14.81 -14.81 -14.78 -14.84 -14.84 -14.75 -14.72 -14.78 -14.78 -14.78 -14.84 -14.91 -14.94 -14.91
-14.75 -14.69 -14.59 -14.59 -14.69 -14.78 -14.78 -14.78 -14.84 -14.72 -14.66 -14.69 -14.75 -14.75 -14.81 -14.91 -14.94 -15.00 -15.12 -15.16 -15.09 -15.06 -15.06 -14.97 -14.91 -14.84 -14.81 -14.78 -14.78 -14.81 -14.75 -14.81 -14.81 -14.88 -14.94 -15.09 -15.12 -15.09 -15.09 -15.22 -15.31 -15.31 -15.34 -15.31 -15.31 -15.28 -15.31 -15.12 -14.94 -14.75 -14.78 -14.84 -14.81 -14.81 -14.84 -14.78 -14.81 -14.91 -14.88 -14.88 -14.84 -14.84 -14.78 -14.78 -14.81 -14.81 -14.81 -14.91 -14.91 -14.94 -14.97
-14.59 -14.59 -14.56 -14.56 -14.59 -14.66 -14.69 -14.75 -14.78 -14.75 -14.78 -14.84 -14.75 -14.62 -14.69 -14.94 -15.12 -15.06 -15.12 -15.19 -15.12 -15.06 -15.06 -15.00 -14.88 -14.91 -14.88 -14.88 -14.84 -14.72 -14.75 -14.75 -14.88 -14.97 -14.97 -15.06 -15.06 -15.03 -15.06 -15.09 -15.22 -15.25 -15.25 -15.31 -15.28 -15.28 -15.22 -15.09 -14.88 -14.81 -14.88 -14.88 -14.84 -14.91 -14.88 -14.91 -14.91 -14.94 -14.94 -14.94 -14.94 -14.91 -14.88 -14.81 -14.81 -14.81 -14.78 -14.75 -14.84 -14.91 -14.94
-14.53 -14.47 -14.47 -14.53 -14.62 -14.56 -14.62 -14.72 -14.78 -14.81 -14.88 -14.91 -14.88 -14.69 -14.75 -15.00 -15.12 -15.12 -15.09 -15.06 -15.03 -14.91 -14.91 -14.97 -14.94 -14.94 -14.88 -14.88 -14.84 -14.72 -14.81 -14.81 -14.91 -15.03 -15.09 -15.12 -15.09 -15.09 -15.03 -15.09 -15.19 -15.22 -15.22 -15.22 -15.22 -15.19 -15.16 -15.03 -14.91 -14.88 -14.91 -14.94 -14.97 -14.97 -14.91 -14.97 -15.00 -14.88 -14.81 -14.88 -14.94 -14.94 -14.88 -14.81 -14.75 -14.75 -14.88 -14.81 -14.88 -14.94 -14.84
-14.62 -14.69 -14.75 -14.69 -14.50 -14.53 -14.69 -14.75 -14.78 -14.81 -14.91 -14.97 -14.97 -14.84 -14.75 -14.97 -15.00 -15.03 -15.06 -15.00 -14.94 -14.84 -14.84 -14.94 -14.97 -14.94 -14.94 -14.91 -14.88 -14.88 -14.81 -14.88 -15.00 -15.06 -15.09 -15.19 -15.22 -15.19 -15.09 -15.12 -15.12 -15.12 -15.16 -15.22 -15.19 -15.12 -15.03 -15.00 -14.88 -14.88 -14.91 -15.00 -15.06 -15.09 -15.00 -15.03 -15.00 -15.00 -14.97 -14.97 -14.91 -14.88 -14.88 -14.78 -14.72 -14.78 -14.91 -14.94 -14.94 -14.97 -14.94
-14.59 -14.75 -14.78 -14.69 -14.62 -14.62 -14.69 -14.69 -14.72 -14.84 -14.94 -15.03 -15.00 -14.91 -14.88 -15.03 -15.03 -14.97 -14.88 -14.88 -14.94 -14.97 -14.97 -14.88 -14.84 -14.88 -14.97 -15.00 -14.97 -14.94 -14.88 -14.88 -14.91 -14.94 -15.06 -15.16 -15.22 -15.19 -15.19 -15.19 -15.22 -15.19 -15.19 -15.06 -15.00 -15.00 -14.91 -14.94 -14.97 -15.03 -15.00 -14.97 -14.94 -15.03 -15.09 -15.03 -15.03 -15.03 -15.12 -15.06 -15.06 -15.03 -14.91 -14.75 -14.75 -14.88 -14.94 -15.03 -15.00 -14.97 -14.91
-14.59 -14.59 -14.69 -14.78 -14.84 -14.84 -14.81 -14.78 -14.78 -14.84 -14.88 -14.88 -14.84 -14.81 -14.84 -14.91 -14.97 -14.88 -14.72 -14.91 -15.03 -15.00 -14.97 -14.94 -14.91 -14.91 -14.97 -15.03 -15.00 -14.94 -14.84 -14.88 -14.84 -14.84 -14.94 -15.00 -15.03 -15.09 -15.19 -15.19 -15.19 -15.19 -15.16 -15.06 -14.97 -14.88 -14.84 -14.78 -14.88 -15.00 -14.94 -14.91 -14.94 -15.03 -15.03 -15.00 -15.03 -15.12 -15.16 -15.12 -15.09 -15.09 -14.97 -14.78 -14.81 -15.00 -14.91 -14.91 -14.91 -14.91 -14.91
-14.56 -14.62 -14.75 -14.78 -14.81 -14.84 -14.81 -14.75 -14.88 -14.91 -14.91 -14.84 -14.88 -14.81 -14.84 -14.94 -14.88 -14.78 -14.78 -14.91 -15.03 -15.06 -15.00 -14.97 -14.94 -14.91 -14.94 -15.06 -14.97 -14.81 -14.75 -14.84 -14.91 -14.88 -14.91 -14.94 -14.97 -15.00 -15.06 -15.00 -14.97 -15.03 -15.00 -14.91 -14.91 -14.81 -14.78 -14.81 -14.84 -14.91 -14.88 -14.88 -14.94 -14.97 -15.00 -15.03 -15.06 -15.09 -15.06 -15.09 -15.12 -15.03 -14.94 -14.91 -14.88 -14.97 -14.94 -14.88 -14.88 -14.91 -14.88
-14.62 -14.69 -14.66 -14.78 -14.78 -14.78 -14.72 -14.75 -14.78 -14.91 -14.94 -14.91 -14.88 -14.84 -14.81 -14.88 -14.81 -14.78 -14.84 -15.00 -15.06 -15.09 -15.06 -15.00 -14.97 -14.94 -14.94 -15.00 -14.94 -14.84 -14.84 -14.84 -14.91 -15.00 -14.97 -15.00 -15.03 -15.03 -15.00 -14.97 -14.94 -14.97 -14.88 -14.88 -14.84 -14.72 -14.81 -14.91 -14.91 -14.88 -14.84 -14.88 -14.94 -14.97 -15.00 -15.06 -15.12 -15.12 -15.09 -15.09 -15.09 -15.06 -15.06 -15.09 -15.09 -14.94 -14.88 -14.88 -14.81 -14.88 -14.84
-14.53 -14.59 -14.66 -14.78 -14.75 -14.75 -14.81 -14.81 -14.72 -14.81 -14.84 -14.84 -14.81 -14.72 -14.72 -14.81 -14.81 -14.81 -14.91 -14.97 -15.09 -15.09 -15.06 -14.97 -14.97 -14.97 -14.91 -14.91 -14.88 -14.84 -14.78 -14.75 -14.75 -14.84 -14.91 -14.94 -15.00 -14.94 -14.97 -14.97 -14.97 -14.91 -14.88 -14.84 -14.81 -14.78 -14.91 -14.97 -14.88 -14.81 -14.66 -14.81 -14.88 -14.91 -14.94 -14.94 -15.00 -15.12 -15.16 -15.09 -15.12 -15.12 -15.09 -15.00 -15.09 -15.12 -14.94 -14.94 -14.91 -14.84 -14.88
-14.44 -14.50 -14.62 -14.72 -14.78 -14.84 -14.91 -14.84 -14.84 -14.78 -14.78 -14.72 -14.72 -14.78 -14.84 -14.91 -14.91 -14.97 -14.97 -14.94 -14.97 -15.06 -15.09 -15.16 -15.12 -15.09 -15.00 -15.00 -14.97 -14.94 -14.81 -14.81 -14.78 -14.88 -14.94 -14.88 -14.91 -14.94 -14.97 -14.97 -14.94 -14.84 -14.84 -14.81 -14.75 -14.81 -14.91 -14.91 -14.81 -14.75 -14.69 -14.72 -14.84 -14.84 -14.88 -14.91 -14.91 -15.00 -15.00 -14.97 -15.00 -15.03 -15.03 -15.03 -15.06 -15.09 -15.09 -15.03 -14.97 -14.91 -14.91
-14.31 -14.44 -14.50 -14.62 -14.78 -14.88 -14.84 -14.81 -14.84 -14.84 -14.78 -14.78 -14.81 -14.88 -14.91 -14.97 -15.00 -15.03 -15.00 -14.91 -14.91 -15.03 -15.09 -15.12 -15.22 -15.19 -15.00 -15.00 -15.03 -14.97 -14.88 -14.84 -14.88 -14.88 -14.94 -14.91 -14.84 -14.91 -15.00 -14.94 -14.84 -14.88 -14.88 -14.84 -14.78 -14.81 -14.78 -14.84 -14.88 -14.81 -14.78 -14.78 -14.78 -14.81 -14.84 -14.91 -14.88 -14.81 -14.81 -14.84 -15.00 -15.06 -14.97 -14.94 -14.94 -15.03 -15.03 -15.06 -15.00 -14.97 -14.94
-14.25 -14.41 -14.53 -14.62 -14.69 -14.69 -14.75 -14.75 -14.72 -14.72 -14.78 -14.75 -14.75 -14.88 -14.88 -14.94 -14.97 -14.91 -14.84 -14.81 -14.97 -15.12 -15.19 -15.22 -15.22 -15.12 -15.00 -14.97 -15.06 -15.00 -14.94 -14.94 -14.97 -14.97 -14.97 -15.00 -14.97 -14.97 -14.97 -14.84 -14.88 -14.91 -14.91 -14.88 -14.88 -14.88 -14.84 -14.88 -14.91 -14.94 -14.88 -14.78 -14.59 -14.69 -14.78 -14.84 -14.84 -14.69 -14.78 -14.84 -14.94 -14.97 -14.88 -14.91 -14.91 -14.97 -15.06 -15.06 -15.09 -15.03 -15.00
-14.31 -14.50 -14.62 -14.56 -14.56 -14.66 -14.75 -14.78 -14.75 -14.69 -14.75 -14.75 -14.81 -14.78 -14.84 -14.88 -14.88 -14.84 -14.84 -14.91 -15.00 -15.06 -15.12 -15.16 -15.09 -15.09 -15.06 -15.06 -15.12 -15.09 -14.97 -14.94 -14.94 -14.97 -15.06 -15.03 -14.97 -14.94 -14.94 -14.91 -14.91 -14.91 -14.94 -15.00 -14.97 -14.94 -14.91 -14.94 -14.91 -14.94 -14.88 -14.78 -14.69 -14.69 -14.69 -14.66 -14.69 -14.72 -14.72 -14.88 -14.84 -14.81 -14.84 -14.97 -15.12 -15.12 -15.03 -14.94 -14.91 -14.91 -15.00
-14.44 -14.47 -14.53 -14.47 -14.47 -14.66 -14.81 -14.81 -14.72 -14.62 -14.59 -14.66 -14.72 -14.75 -14.72 -14.78 -14.84 -14.88 -14.88 -14.97 -15.00 -15.00 -15.06 -15.12 -15.06 -15.03 -15.00 -15.00 -15.00 -14.97 -14.97 -14.97 -14.97 -15.00 -15.03 -15.00 -14.94 -14.91 -14.88 -15.00 -15.06 -15.03 -15.00 -15.00 -14.97 -15.06 -15.03 -15.00 -14.88 -14.84 -14.78 -14.78 -14.75 -14.75 -14.72 -14.66 -14.59 -14.72 -14.78 -14.84 -14.84 -14.81 -14.91 -14.91 -15.06 -15.12 -15.06 -14.94 -15.00 -15.00 -15.06
-14.44 -14.47 -14.50 -14.38 -14.53 -14.69 -14.84 -14.84 -14.81 -14.72 -14.72 -14.75 -14.81 -14.84 -14.75 -14.72 -14.81 -14.84 -14.88 -14.91 -14.97 -14.97 -14.97 -15.00 -14.97 -15.00 -14.97 -14.97 -14.94 -14.94 -15.00 -14.91 -15.00 -15.00 -14.94 -14.94 -14.97 -14.94 -14.94 -15.06 -15.06 -15.09 -15.03 -15.09 -15.12 -15.06 -15.06 -15.00 -14.88 -14.81 -14.75 -14.81 -14.78 -14.66 -14.56 -14.62 -14.69 -14.78 -14.91 -14.91 -14.81 -14.97 -15.06 -15.09 -15.09 -15.03 -15.00 -14.97 -15.06 -15.19 -15.09
-14.44 -14.59 -14.47 -14.50 -14.66 -14.72 -14.69 -14.69 -14.69 -14.72 -14.75 -14.75 -14.75 -14.78 -14.78 -14.72 -14.72 -14.81 -14.81 -14.88 -15.00 -15.03 -14.94 -14.91 -14.88 -14.84 -14.88 -14.94 -15.00 -15.00 -15.00 -14.91 -14.94 -14.97 -14.97 -14.97 -15.03 -15.03 -15.09 -15.06 -15.03 -15.03 -15.12 -15.22 -15.19 -15.09 -14.97 -14.91 -14.88 -14.81 -14.84 -14.81 -14.72 -14.69 -14.69 -14.69 -14.78 -14.88 -14.94 -14.88 -14.81 -14.88 -14.94 -15.06 -15.12 -15.16 -15.19 -15.16 -15.16 -15.25 -15.22
-14.41 -14.34 -14.31 -14.41 -14.53 -14.69 -14.66 -14.59 -14.72 -14.78 -14.84 -14.84 -14.84 -14.72 -14.75 -14.78 -14.84 -14.91 -14.84 -14.91 -15.00 -15.00 -15.00 -15.03 -15.03 -14.94 -14.94 -15.06 -15.06 -14.97 -14.94 -14.94 -15.00 -14.94 -14.94 -15.00 -15.06 -15.09 -15.12 -15.09 -15.09 -15.09 -15.16 -15.16 -15.12 -15.03 -14.94 -14.88 -14.88 -14.84 -14.78 -14.75 -14.75 -14.69 -14.78 -14.84 -14.84 -14.91 -14.91 -14.88 -14.75 -14.81 -15.00 -15.12 -15.12 -15.16 -15.16 -15.19 -15.22 -15.16 -15.19
-14.47 -14.50 -14.44 -14.44 -14.50 -14.56 -14.56 -14.69 -14.81 -14.88 -14.91 -14.97 -14.91 -14.81 -14.78 -14.81 -14.84 -14.91 -14.91 -14.97 -14.94 -14.97 -15.03 -15.12 -15.09 -15.00 -15.00 -15.06 -15.06 -15.03 -14.91 -14.94 -15.00 -15.00 -14.97 -14.97 -15.03 -15.12 -15.09 -15.09 -15.06 -15.09 -15.16 -15.12 -15.03 -15.03 -15.00 -14.88 -14.88 -14.81 -14.69 -14.78 -14.84 -14.91 -14.81 -14.81 -14.84 -14.81 -14.81 -14.81 -14.78 -14.88 -15.00 -15.06 -15.12 -15.12 -15.09 -15.16 -15.19 -15.16 -15.12
-14.50 -14.53 -14.53 -14.53 -14.53 -14.62 -14.59 -14.59 -14.69 -14.88 -14.94 -14.91 -14.84 -14.81 -14.81 -14.84 -14.88 -14.91 -14.97 -14.97 -14.91 -14.94 -14.91 -14.97 -15.03 -15.00 -14.97 -15.03 -15.00 -15.03 -15.00 -15.03 -15.00 -14.97 -14.97 -14.94 -14.97 -15.03 -15.03 -15.03 -15.00 -15.00 -15.06 -15.09 -15.06 -15.03 -15.03 -15.00 -15.00 -14.94 -14.84 -14.84 -14.88 -14.94 -14.88 -14.81 -14.78 -14.81 -14.81 -14.78 -14.78 -14.81 -14.97 -15.00 -15.00 -15.06 -15.16 -15.16 -15.16 -15.09 -15.16
-14.50 -14.50 -14.62 -14.69 -14.75 -14.84 -14.78 -14.66 -14.62 -14.75 -14.78 -14.75 -14.78 -14.84 -14.84 -14.88 -14.88 -14.88 -14.91 -14.94 -14.88 -14.88 -14.81 -14.84 -14.91 -14.94 -14.97 -14.91 -14.94 -15.03 -15.03 -15.03 -14.97 -14.97 -14.97 -14.97 -15.00 -15.03 -15.03 -14.97 -14.94 -14.91 -14.97 -15.06 -15.06 -15.06 -15.06 -15.06 -15.06 -14.97 -14.94 -14.84 -14.88 -14.91 -14.84 -14.84 -14.81 -14.72 -14.72 -14.78 -14.88 -14.81 -14.97 -15.03 -15.00 -15.00 -15.06 -15.09 -15.12 -15.03 -15.03
-14.72 -14.75 -14.72 -14.69 -14.72 -14.75 -14.75 -14.75 -14.69 -14.69 -14.69 -14.81 -14.88 -14.91 -14.94 -14.94 -14.97 -14.97 -14.97 -14.91 -14.84 -14.81 -14.75 -14.78 -14.88 -14.91 -14.91 -14.97 -14.97 -14.97 -14.97 -14.91 -14.88 -14.84 -14.91 -14.94 -14.94 -15.00 -15.00 -14.94 -14.94 -14.97 -15.03 -15.09 -15.12 -15.09 -15.03 -14.97 -15.00 -14.97 -14.84 -14.88 -14.94 -14.91 -14.91 -14.88 -14.78 -14.72 -14.75 -14.84 -14.84 -14.81 -14.88 -15.06 -15.03 -15.03 -15.03 -15.03 -15.00 -15.03 -15.09
-14.69 -14.72 -14.75 -14.72 -14.72 -14.75 -14.72 -14.62 -14.62 -14.69 -14.75 -14.81 -14.91 -14.88 -14.91 -14.91 -14.84 -14.88 -14.94 -14.91 -14.88 -14.88 -14.88 -14.84 -14.88 -14.88 -14.94 -15.00 -15.03 -15.03 -14.97 -14.94 -14.97 -14.97 -14.94 -14.97 -15.03 -15.03 -14.97 -14.91 -14.88 -14.97 -15.03 -15.03 -15.06 -15.00 -15.00 -15.00 -14.97 -14.97 -14.91 -14.91 -14.97 -14.94 -14.91 -14.91 -14.84 -14.81 -14.72 -14.78 -14.78 -14.78 -14.94 -15.00 -15.09 -15.09 -15.03 -14.94 -14.91 -14.97 -14.97
-14.75 -14.75 -14.72 -14.69 -14.69 -14.69 -14.69 -14.62 -14.59 -14.62 -14.69 -14.78 -14.84 -14.81 -14.75 -14.75 -14.78 -14.78 -14.84 -14.88 -14.81 -14.88 -14.91 -14.81 -14.75 -14.78 -14.91 -14.94 -15.03 -15.06 -15.00 -15.00 -15.03 -15.03 -14.97 -14.94 -15.00 -14.97 -15.00 -14.94 -15.00 -15.03 -15.00 -14.97 -14.94 -14.94 -14.97 -15.03 -15.00 -14.91 -14.88 -15.00 -14.97 -14.94 -14.94 -14.94 -14.88 -14.81 -14.72 -14.69 -14.69 -14.84 -14.97 -15.06 -15.06 -15.09 -14.97 -14.97 -15.00 -14.97 -14.91
-14.69 -14.75 -14.75 -14.69 -14.69 -14.72 -14.72 -14.66 -14.62 -14.62 -14.69 -14.72 -14.75 -14.72 -14.62 -14.66 -14.72 -14.72 -14.75 -14.78 -14.78 -14.84 -14.88 -14.81 -14.78 -14.84 -14.94 -15.03 -15.06 -15.00 -14.97 -15.03 -15.06 -15.06 -15.00 -14.97 -15.03 -15.03 -15.00 -15.03 -15.06 -15.03 -14.97 -14.94 -14.91 -14.91 -14.91 -15.00 -15.06 -15.00 -15.00 -15.00 -15.00 -14.91 -14.94 -14.97 -14.94 -14.97 -14.84 -14.72 -14.75 -14.84 -14.94 -14.97 -14.97 -14.97 -15.00 -15.06 -14.97 -14.97 -14.94
-14.62 -14.75 -14.75 -14.69 -14.66 -14.66 -14.69 -14.72 -14.75 -14.69 -14.66 -14.62 -14.53 -14.59 -14.72 -14.81 -14.78 -14.72 -14.72 -14.75 -14.81 -14.88 -14.91 -14.94 -14.94 -14.91 -14.94 -15.06 -15.09 -15.03 -15.03 -15.06 -15.12 -15.09 -15.06 -15.03 -15.00 -15.00 -14.94 -14.94 -14.97 -15.00 -14.91 -14.94 -14.94 -15.03 -15.09 -15.09 -15.06 -15.06 -15.06 -15.06 -15.06 -15.06 -15.06 -15.06 -15.03 -15.03 -14.91 -14.88 -14.88 -14.88 -14.91 -14.94 -14.94 -14.91 -14.94 -15.03 -15.03 -15.09 -15.09
-14.47 -14.53 -14.59 -14.59 -14.62 -14.62 -14.69 -14.72 -14.69 -14.66 -14.59 -14.59 -14.59 -14.56 -14.62 -14.75 -14.78 -14.72 -14.66 -14.69 -14.78 -14.81 -14.84 -14.94 -14.91 -14.91 -14.97 -15.00 -15.00 -15.03 -15.06 -15.09 -15.09 -15.06 -15.06 -15.03 -15.00 -14.91 -14.88 -14.91 -15.00 -14.97 -14.97 -15.00 -15.00 -15.00 -15.09 -15.09 -15.03 -15.06 -15.03 -15.00 -15.06 -15.09 -15.06 -15.06 -15.00 -15.03 -15.03 -15.00 -14.91 -14.88 -14.91 -14.91 -14.97 -15.00 -15.00 -15.03 -15.09 -15.16 -15.16
-14.31 -14.34 -14.44 -14.50 -14.56 -14.62 -14.66 -14.69 -14.69 -14.59 -14.53 -14.59 -14.66 -14.56 -14.53 -14.69 -14.72 -14.69 -14.72 -14.72 -14.81 -14.84 -14.91 -14.88 -14.84 -14.84 -14.91 -14.97 -15.03 -15.06 -15.09 -15.06 -15.06 -15.06 -15.03 -15.03 -14.97 -14.94 -14.91 -14.91 -14.97 -14.97 -15.00 -14.97 -14.97 -15.00 -15.00 -15.00 -15.00 -15.00 -15.06 -15.09 -15.06 -15.06 -15.06 -15.09 -15.03 -15.03 -15.03 -15.00 -14.91 -14.84 -14.94 -14.97 -15.00 -15.03 -15.03 -15.06 -15.06 -15.06 -15.06
-14.19 -14.28 -14.38 -14.47 -14.44 -14.47 -14.50 -14.44 -14.47 -14.56 -14.56 -14.62 -14.66 -14.62 -14.66 -14.69 -14.69 -14.72 -14.72 -14.75 -14.78 -14.81 -14.88 -14.78 -14.75 -14.91 -14.91 -14.91 -15.03 -15.16 -15.12 -15.16 -15.09 -15.03 -15.00 -15.00 -15.00 -14.97 -14.97 -14.97 -14.97 -14.97 -14.97 -14.97 -14.94 -14.97 -14.97 -14.97 -15.00 -15.06 -15.06 -15.09 -15.06 -15.06 -15.09 -15.09 -15.06 -15.09 -15.09 -15.03 -14.88 -14.91 -14.88 -14.94 -14.97 -14.94 -15.00 -14.97 -15.03 -15.06 -15.06
-14.16 -14.25 -14.34 -14.38 -14.41 -14.47 -14.47 -14.38 -14.41 -14.53 -14.59 -14.66 -14.69 -14.66 -14.66 -14.62 -14.66 -14.69 -14.75 -14.81 -14.81 -14.81 -14.78 -14.78 -14.84 -14.97 -14.94 -14.94 -14.97 -15.06 -15.09 -15.12 -15.16 -15.12 -15.06 -15.03 -15.06 -15.03 -14.97 -14.88 -14.88 -14.94 -14.94 -14.94 -14.94 -14.97 -15.03 -15.06 -15.12 -15.19 -15.19 -15.16 -15.12 -15.12 -15.16 -15.12 -15.06 -15.03 -14.97 -14.94 -14.88 -14.94 -14.91 -14.88 -14.94 -15.00 -15.00 -15.06 -15.12 -15.09 -15.06
-14.25 -14.25 -14.31 -14.41 -14.41 -14.41 -14.38 -14.25 -14.25 -14.41 -14.47 -14.56 -14.62 -14.72 -14.75 -14.78 -14.81 -14.81 -14.78 -14.78 -14.78 -14.72 -14.66 -14.75 -14.88 -14.97 -15.00 -15.03 -15.03 -15.06 -15.06 -15.06 -15.09 -15.06 -15.09 -15.12 -15.12 -15.06 -14.97 -14.91 -15.00 -15.06 -15.03 -15.00 -15.00 -15.06 -15.12 -15.16 -15.12 -15.19 -15.22 -15.19 -15.16 -15.16 -15.12 -15.06 -15.03 -14.97 -14.94 -14.94 -14.91 -14.88 -14.94 -14.97 -14.97 -15.00 -15.00 -14.97 -15.06 -15.09 -15.06
