everonasctiles/Tile26,11.asc
ncols 128
nrows 128
xllcorner 0
yllcorner 0
cellsize 2.0
NODATA_value  -9999
[rows 70 to 104 of 128, columns 0 to 76 of 128]
6.00 6.31 6.66 7.06 7.59 8.22 8.88 9.56 10.22 10.84 11.44 12.03 12.59 13.12 13.66 14.12 14.53 14.75 14.78 14.81 14.81 14.81 14.84 14.84 14.91 15.06 15.47 15.94 16.44 16.75 17.09 17.41 17.88 18.38 18.88 19.41 19.88 20.38 20.91 21.44 22.00 22.53 23.09 23.69 24.56 24.97 25.56 26.16 26.66 27.12 27.62 28.09 28.53 29.00 29.44 29.91 30.38 30.81 31.28 31.72 32.22 32.66 33.12 33.56 34.00 34.41 34.88 35.31 35.69 36.12 36.53 36.94 37.38 37.78 38.19 38.62 39.06
6.00 6.34 6.72 7.16 7.69 8.31 8.97 9.69 10.38 11.00 11.62 12.19 12.78 13.31 13.84 14.28 14.59 14.72 14.75 14.78 14.78 14.78 14.81 14.81 14.94 15.22 15.62 16.12 16.56 16.88 17.16 17.56 18.03 18.53 19.06 19.53 20.06 20.53 21.06 21.59 22.09 22.62 23.19 23.84 24.44 25.06 25.62 26.19 26.69 27.19 27.69 28.16 28.62 29.09 29.56 30.03 30.47 30.97 31.41 31.84 32.31 32.81 33.22 33.72 34.16 34.59 35.00 35.44 36.09 36.28 36.75 37.16 37.56 37.97 38.41 38.81 39.25
6.09 6.44 6.81 7.25 7.78 8.41 9.09 9.81 10.53 11.19 11.78 12.38 12.97 13.50 14.03 14.44 14.66 14.69 14.72 14.75 14.75 14.75 14.78 14.78 15.00 15.34 15.81 16.34 16.66 16.94 17.31 17.69 18.16 18.69 19.22 19.72 20.19 20.69 21.19 21.72 22.22 22.75 23.31 23.88 24.50 25.12 25.69 26.22 26.72 27.19 27.69 28.19 28.66 29.19 29.66 30.12 30.59 31.06 31.75 31.97 32.69 32.94 33.38 33.81 34.25 34.75 35.19 35.59 36.03 36.47 36.88 37.31 37.78 38.19 38.62 39.03 39.47
6.22 6.56 6.94 7.38 7.88 8.50 9.19 9.91 10.69 11.38 11.97 12.56 13.16 13.69 14.19 14.56 14.66 14.69 14.72 14.72 14.72 14.75 14.72 14.84 15.12 15.53 16.03 16.50 16.81 17.12 17.47 17.91 18.31 18.84 19.34 19.84 20.31 20.78 21.28 21.78 22.31 22.81 23.41 24.00 24.62 25.16 25.72 26.22 26.72 27.22 27.72 28.22 28.97 29.19 29.72 30.16 30.69 31.12 31.59 32.09 32.56 33.03 33.50 33.94 34.38 34.84 35.31 35.75 36.19 36.56 37.06 37.47 38.00 38.34 38.78 39.22 39.69
6.31 6.69 7.06 7.47 7.97 8.59 9.28 10.03 10.81 11.53 12.16 12.75 13.31 13.84 14.34 14.62 14.69 14.66 14.69 14.69 14.69 14.72 14.66 14.91 15.28 15.75 16.28 16.66 16.94 17.25 17.62 18.03 18.50 19.00 19.50 19.94 20.41 20.88 21.38 21.88 22.38 22.91 23.47 24.06 24.62 25.19 25.72 26.22 26.69 27.22 27.75 28.25 28.72 29.25 29.75 30.22 30.75 31.22 31.72 32.16 32.62 33.16 33.62 34.09 34.53 35.00 35.44 35.91 36.34 36.78 37.19 37.62 38.12 38.56 38.97 39.41 39.84
6.44 6.78 7.16 7.56 8.06 8.69 9.38 10.12 10.94 11.69 12.31 12.91 13.47 14.00 14.44 14.66 14.62 14.62 14.66 14.66 14.69 14.69 14.75 15.03 15.47 16.00 16.50 16.78 17.03 17.31 17.72 18.16 18.62 19.09 19.53 20.00 20.47 20.94 21.44 21.94 22.47 22.97 23.53 24.09 24.62 25.19 25.72 26.25 26.75 27.28 27.78 28.25 29.00 29.28 30.03 30.28 30.75 31.25 31.75 32.22 32.72 33.22 33.66 34.12 34.62 35.09 35.56 35.97 36.47 36.91 37.34 37.81 38.25 38.69 39.12 39.62 40.06
6.53 6.91 7.28 7.69 8.16 8.78 9.44 10.19 11.00 11.78 12.44 13.03 13.56 14.09 14.50 14.62 14.56 14.56 14.59 14.59 14.62 14.62 14.78 15.16 15.66 16.22 16.62 16.88 17.16 17.44 17.97 18.22 18.69 19.12 19.59 20.03 20.50 20.97 21.47 21.97 22.47 23.03 23.56 24.12 24.66 25.16 25.69 26.22 26.72 27.25 27.75 28.28 28.81 29.34 29.81 30.31 30.84 31.31 31.81 32.34 32.84 33.28 33.81 34.25 34.75 35.22 35.69 36.09 36.56 37.03 37.53 38.00 38.44 38.91 39.34 39.78 40.28
6.66 7.00 7.38 7.78 8.25 8.84 9.53 10.28 11.06 11.84 12.53 13.09 13.62 14.12 14.50 14.56 14.47 14.50 14.50 14.53 14.56 14.59 14.78 15.25 15.81 16.34 16.69 16.94 17.19 17.50 18.00 18.25 18.69 19.16 19.59 20.00 20.47 20.97 21.44 22.00 22.47 23.00 23.50 24.03 24.56 25.09 25.88 26.12 26.66 27.22 27.75 28.28 28.78 29.31 29.84 30.38 30.88 31.38 31.88 32.34 32.88 33.38 33.88 34.34 34.84 35.31 35.78 36.28 36.72 37.19 37.62 38.12 38.59 39.06 39.53 40.00 40.47
6.75 7.09 7.50 7.88 8.38 8.94 9.59 10.34 11.12 11.91 12.56 13.12 13.66 14.09 14.44 14.47 14.41 14.44 14.44 14.47 14.50 14.56 14.78 15.28 15.88 16.38 16.66 16.91 17.16 17.47 17.81 18.22 18.66 19.12 19.59 20.12 20.47 20.94 21.44 21.94 22.47 23.03 23.50 24.00 24.53 25.06 25.56 26.16 26.66 27.19 27.72 28.22 28.72 29.25 29.81 30.34 30.88 31.41 31.88 32.41 32.88 33.34 33.88 34.38 34.91 35.44 35.91 36.38 36.91 37.34 37.81 38.28 38.72 39.19 39.69 40.16 40.69
6.84 7.22 7.59 8.00 8.47 9.03 9.69 10.41 11.19 11.94 12.59 13.09 13.62 14.06 14.38 14.38 14.34 14.38 14.38 14.41 14.44 14.53 14.81 15.31 15.88 16.34 16.56 16.81 17.12 17.41 17.84 18.25 18.69 19.12 19.62 19.97 20.47 20.91 21.41 21.88 22.44 22.88 23.44 24.00 24.75 25.03 25.56 26.09 26.88 27.16 27.66 28.22 28.94 29.25 29.78 30.31 30.84 31.34 31.94 32.47 32.97 33.50 34.00 34.50 35.00 35.50 36.00 36.47 36.97 37.44 37.88 38.41 38.91 39.38 39.91 40.38 40.91
6.94 7.31 7.69 8.09 8.56 9.12 9.75 10.47 11.22 11.97 12.59 13.09 13.56 14.00 14.28 14.28 14.28 14.31 14.31 14.34 14.38 14.50 14.81 15.28 15.81 16.19 16.44 16.69 17.00 17.38 17.94 18.19 18.59 19.03 19.44 19.88 20.34 20.88 21.38 21.84 22.34 22.84 23.44 23.88 24.38 24.94 25.75 26.03 26.75 27.16 27.72 28.25 28.94 29.34 30.03 30.41 31.16 31.50 32.25 32.53 33.06 33.59 34.12 34.59 35.12 35.62 36.12 36.59 37.09 37.62 38.22 38.56 39.03 39.56 40.06 40.56 41.03
7.06 7.41 7.81 8.19 8.66 9.22 9.84 10.53 11.28 11.97 12.56 13.06 13.53 13.97 14.22 14.19 14.22 14.25 14.25 14.28 14.31 14.47 14.75 15.22 15.69 16.03 16.31 16.62 16.97 17.31 17.66 18.16 18.69 18.94 19.44 19.84 20.31 20.72 21.25 21.78 22.31 22.84 23.34 23.97 24.75 25.00 25.53 26.06 26.56 27.16 27.66 28.25 28.91 29.31 29.78 30.41 30.94 31.50 32.00 32.56 33.09 33.59 34.12 34.72 35.25 35.75 36.25 36.75 37.44 37.72 38.25 38.72 39.22 39.69 40.19 40.69 41.22
7.16 7.53 7.91 8.31 8.78 9.31 9.91 10.59 11.31 12.00 12.56 13.06 13.53 13.94 14.12 14.12 14.16 14.19 14.19 14.22 14.22 14.34 14.62 15.06 15.50 15.78 16.16 16.44 16.81 17.16 17.59 18.00 18.44 18.88 19.31 19.81 20.25 20.78 21.28 21.78 22.34 22.88 23.56 23.94 24.72 24.97 25.53 26.03 26.59 27.16 27.91 28.22 28.75 29.31 30.12 30.41 30.97 31.47 32.09 32.59 33.12 33.72 34.22 34.78 35.31 35.81 36.41 36.91 37.38 37.91 38.41 38.94 39.41 39.91 40.44 40.94 41.41
7.25 7.62 8.00 8.41 8.88 9.41 10.00 10.66 11.38 12.03 12.59 13.06 13.53 13.94 14.00 14.03 14.06 14.09 14.12 14.16 14.06 14.16 14.44 14.84 15.22 15.62 15.91 16.22 16.69 17.09 17.56 18.00 18.38 18.94 19.31 19.78 20.25 20.72 21.28 21.78 22.31 22.81 23.34 23.84 24.38 24.94 25.50 26.09 26.66 27.16 27.75 28.28 28.84 29.31 29.81 30.50 31.06 31.59 32.34 32.72 33.31 33.81 34.53 34.81 35.38 36.00 36.50 36.97 37.53 38.03 38.59 39.09 39.62 40.12 40.66 41.16 41.75
7.34 7.72 8.09 8.50 8.97 9.50 10.09 10.75 11.44 12.06 12.59 13.09 13.53 13.88 13.91 13.94 13.97 14.00 14.03 14.03 13.91 13.94 14.16 14.53 14.88 15.31 15.75 16.28 16.69 17.06 17.50 17.88 18.31 18.75 19.22 19.75 20.19 20.62 21.22 21.66 22.25 22.81 23.38 23.91 24.50 25.03 25.56 26.06 26.69 27.16 27.72 28.22 28.75 29.34 30.06 30.41 31.03 31.56 32.19 32.75 33.41 33.84 34.47 34.94 35.62 35.94 36.62 37.12 37.72 38.19 38.69 39.22 39.84 40.31 40.88 41.38 41.88
7.41 7.81 8.22 8.62 9.09 9.62 10.19 10.84 11.50 12.09 12.62 13.09 13.53 13.81 13.81 13.84 13.88 13.91 13.94 13.91 13.81 13.78 13.91 14.19 14.72 15.19 15.66 16.00 16.34 16.84 17.31 17.78 18.38 18.66 19.22 19.62 20.19 20.66 21.22 21.78 22.31 22.84 23.38 23.97 24.47 25.03 25.62 26.16 26.66 27.19 27.81 28.31 28.91 29.47 30.00 30.59 31.12 31.62 32.28 32.72 33.34 34.00 34.81 35.19 35.84 36.34 36.84 37.31 37.88 38.47 38.94 39.50 39.97 40.56 41.06 41.59 42.19
7.50 7.94 8.31 8.72 9.19 9.72 10.28 10.94 11.56 12.12 12.66 13.12 13.56 13.69 13.69 13.75 13.78 13.81 13.84 13.78 13.69 13.62 13.78 14.09 14.53 15.06 15.53 15.94 16.62 16.88 17.34 17.78 18.22 18.69 19.16 19.62 20.22 20.78 21.38 21.88 22.41 23.00 23.53 24.03 24.59 25.09 25.78 26.19 26.75 27.28 27.91 28.44 29.22 29.44 30.09 30.62 31.19 31.75 32.34 32.94 33.47 34.03 34.62 35.25 35.91 36.44 37.03 37.53 38.09 38.50 39.16 39.62 40.12 40.66 41.28 41.81 42.38
7.59 8.03 8.41 8.84 9.31 9.81 10.41 11.03 11.62 12.16 12.66 13.12 13.50 13.56 13.59 13.62 13.66 13.72 13.75 13.62 13.53 13.50 13.72 14.12 14.59 15.03 15.62 16.22 16.94 17.00 17.44 17.84 18.38 18.84 19.34 19.84 20.38 20.91 21.41 21.94 22.53 23.00 23.66 24.09 24.62 25.16 25.69 26.31 26.81 27.38 27.97 28.41 29.00 29.59 30.16 30.72 31.31 31.91 32.69 33.09 33.84 34.22 34.75 35.38 36.03 36.56 37.09 37.72 38.28 38.84 39.34 39.84 40.47 40.97 41.53 42.06 42.72
7.69 8.12 8.53 8.97 9.44 9.94 10.50 11.09 11.69 12.19 12.69 13.12 13.44 13.47 13.50 13.53 13.56 13.62 13.62 13.53 13.44 13.47 13.84 14.19 14.69 15.19 15.50 16.00 16.62 16.91 17.78 17.84 18.31 18.88 19.41 19.88 20.44 20.94 21.50 22.03 22.62 23.19 23.75 24.28 24.97 25.34 25.94 26.34 26.97 27.44 28.06 28.56 29.22 29.62 30.22 30.81 31.41 32.00 32.56 33.16 33.81 34.44 35.12 35.50 36.09 36.69 37.38 37.91 38.50 39.03 39.62 40.09 40.62 41.16 41.75 42.38 42.94
7.78 8.22 8.62 9.06 9.56 10.06 10.62 11.19 11.75 12.25 12.69 13.12 13.34 13.38 13.41 13.44 13.47 13.56 13.53 13.38 13.38 13.59 13.97 14.31 14.88 15.12 15.75 16.00 16.53 17.06 17.41 18.16 18.47 18.84 19.44 19.91 20.50 21.03 21.59 22.16 22.88 23.31 23.81 24.38 24.94 25.50 26.03 26.56 27.00 27.56 28.06 28.59 29.16 29.72 30.31 30.91 31.50 32.09 32.72 33.28 33.94 34.53 35.16 35.81 36.34 36.94 37.50 38.16 38.75 39.31 39.88 40.44 40.94 41.47 42.12 42.53 43.19
7.88 8.31 8.75 9.19 9.69 10.19 10.75 11.28 11.81 12.28 12.72 13.09 13.25 13.28 13.31 13.34 13.38 13.47 13.44 13.22 13.19 13.53 14.03 14.50 14.88 15.41 15.84 16.38 16.66 17.22 17.69 18.06 18.59 19.28 19.56 20.06 20.56 21.19 21.75 22.28 22.81 23.38 23.97 24.50 25.06 25.56 26.12 26.66 27.25 27.69 28.25 28.78 29.28 29.84 30.44 30.97 31.56 32.19 32.84 33.47 34.09 34.75 35.34 35.94 36.62 37.19 37.84 38.28 38.94 39.59 40.09 40.69 41.28 41.81 42.31 42.97 43.44
7.97 8.44 8.88 9.34 9.84 10.34 10.88 11.41 11.88 12.34 12.72 13.06 13.16 13.19 13.22 13.25 13.31 13.34 13.19 13.09 13.41 13.78 14.28 14.56 15.12 15.41 15.97 16.34 16.91 17.16 17.88 18.31 18.66 19.25 19.78 20.53 20.78 21.28 21.88 22.50 23.06 23.62 24.16 24.66 25.22 25.78 26.47 26.78 27.28 27.84 28.34 28.84 29.41 30.00 30.56 31.16 31.88 32.34 33.03 33.56 34.41 34.88 35.56 36.16 36.81 37.44 38.19 38.66 39.16 39.72 40.41 40.97 41.50 42.16 42.72 43.25 43.91
8.06 8.53 9.00 9.47 9.97 10.50 11.00 11.50 11.97 12.38 12.75 13.00 13.06 13.09 13.12 13.16 13.22 13.19 13.09 13.06 13.38 13.78 14.28 14.75 15.28 15.72 16.06 16.50 16.91 17.44 17.69 18.25 18.84 19.25 19.88 20.28 21.19 21.53 22.12 22.59 23.22 23.78 24.34 24.88 25.41 25.91 26.41 26.94 27.44 27.94 28.44 29.00 29.53 30.09 30.69 31.25 31.88 32.50 33.12 33.81 34.38 35.03 35.72 36.38 37.06 37.66 38.31 38.94 39.66 40.06 40.62 41.19 41.81 42.34 43.06 43.66 44.19
8.16 8.62 9.12 9.62 10.16 10.66 11.16 11.62 12.06 12.44 12.78 12.91 12.94 13.00 13.03 13.06 13.16 13.06 13.00 12.91 13.34 14.38 14.62 15.09 15.44 15.94 16.41 16.75 17.19 17.56 18.06 18.50 18.97 19.50 19.97 20.62 21.06 21.75 22.53 22.81 23.38 23.97 24.53 25.06 25.56 26.06 26.56 27.09 27.56 28.09 28.59 29.09 29.62 30.22 30.78 31.38 31.97 32.62 33.25 33.94 34.66 35.31 35.94 36.56 37.25 37.88 38.53 39.19 39.78 40.44 40.97 41.53 42.09 42.72 43.19 43.97 44.59
8.25 8.72 9.25 9.78 10.31 10.81 11.28 11.75 12.16 12.50 12.75 12.81 12.84 12.91 12.94 13.00 13.03 12.91 12.75 12.97 13.78 14.41 14.50 14.94 15.41 16.03 16.84 17.09 17.56 17.97 18.38 18.75 19.34 19.75 20.28 20.75 21.38 21.88 22.47 23.25 23.62 24.06 24.59 25.25 25.75 26.25 26.75 27.28 27.78 28.31 28.78 29.25 29.88 30.31 30.94 31.53 32.12 32.75 33.44 34.12 34.78 35.47 36.31 36.88 37.50 38.19 38.81 39.44 40.09 40.69 41.28 41.91 42.50 43.06 43.69 44.25 45.00
8.31 8.84 9.41 9.97 10.50 10.97 11.44 11.88 12.25 12.53 12.66 12.69 12.75 12.78 12.84 12.94 12.88 12.69 12.62 13.38 13.84 14.12 14.75 15.31 15.91 16.19 16.59 17.19 17.75 18.25 18.66 19.09 19.44 19.97 20.34 21.06 21.56 22.09 22.66 23.25 24.00 24.56 25.06 25.31 25.94 26.41 26.91 27.38 27.91 28.41 28.94 29.44 29.94 30.50 31.09 31.69 32.34 32.97 33.62 34.31 35.00 35.66 36.47 37.06 37.78 38.44 39.09 39.75 40.38 41.00 41.62 42.22 42.81 43.47 44.06 44.78 45.41
8.41 8.97 9.59 10.12 10.66 11.12 11.56 11.97 12.28 12.53 12.56 12.59 12.66 12.69 12.75 12.78 12.66 12.56 12.84 13.19 13.72 14.38 15.06 15.59 16.06 16.59 17.03 17.47 17.88 18.41 18.91 19.44 19.91 20.38 20.81 21.06 21.69 22.34 22.91 23.41 23.94 24.78 25.25 25.81 26.03 26.56 27.06 27.56 28.06 28.53 29.09 29.56 30.12 30.66 31.22 31.84 32.53 33.12 33.81 34.50 35.19 35.88 36.59 37.28 38.00 38.72 39.41 40.06 40.69 41.38 41.94 42.56 43.22 43.84 44.53 45.19 45.88
8.50 9.12 9.75 10.31 10.84 11.28 11.69 12.06 12.31 12.44 12.47 12.50 12.53 12.59 12.66 12.62 12.53 12.59 12.91 13.44 14.16 14.66 15.44 15.88 16.41 16.84 17.31 17.78 18.19 18.59 19.12 19.62 20.19 20.66 21.25 21.78 22.16 22.59 23.16 23.75 24.25 24.56 25.34 25.94 26.50 26.75 27.19 27.69 28.22 28.75 29.25 29.78 30.28 30.81 31.41 32.00 32.66 33.31 34.06 34.69 35.41 36.12 36.84 37.59 38.31 39.03 39.75 40.41 41.03 41.69 42.34 42.94 43.59 44.28 44.97 45.69 46.38
8.62 9.28 9.94 10.50 11.00 11.44 11.81 12.09 12.28 12.31 12.34 12.41 12.44 12.50 12.59 12.44 12.50 12.72 13.03 13.53 14.25 14.84 15.47 16.03 16.62 17.22 17.66 18.06 18.75 18.91 19.38 19.88 20.38 21.03 21.50 22.09 22.66 23.22 23.56 24.12 24.72 25.16 25.41 25.97 26.56 27.22 27.53 27.84 28.41 28.84 29.41 29.88 30.41 30.97 31.56 32.19 32.81 33.50 34.19 34.91 35.72 36.34 37.09 37.84 38.59 39.31 40.00 40.72 41.41 42.06 42.72 43.41 44.03 44.75 45.44 46.22 46.91
8.78 9.47 10.09 10.66 11.16 11.59 11.91 12.12 12.19 12.22 12.25 12.28 12.34 12.44 12.44 12.41 12.41 12.66 13.06 13.59 14.31 14.97 15.59 16.22 16.84 17.44 17.97 18.41 18.75 19.25 19.59 20.09 20.69 21.16 21.75 22.38 23.00 23.56 24.09 24.50 24.94 25.44 25.94 26.16 26.53 26.97 27.97 28.06 28.41 28.94 29.50 30.00 30.59 31.16 31.81 32.38 33.06 33.72 34.38 35.09 35.84 36.62 37.41 38.16 38.94 39.69 40.41 41.12 41.81 42.50 43.19 43.84 44.56 45.25 46.00 46.72 47.50
8.94 9.66 10.28 10.84 11.34 11.72 11.97 12.06 12.06 12.09 12.16 12.19 12.25 12.34 12.28 12.31 12.38 12.78 13.22 13.81 14.31 14.88 15.75 16.25 16.94 17.59 18.19 18.66 19.28 19.47 20.00 20.34 20.81 21.44 22.00 22.59 23.25 23.91 24.44 24.97 25.47 25.78 26.16 26.66 26.97 27.41 27.62 28.34 29.00 29.22 29.69 30.25 30.78 31.38 31.97 32.56 33.22 33.91 34.59 35.34 36.09 36.84 37.62 38.44 39.25 40.00 40.78 41.53 42.28 42.97 43.66 44.34 45.09 45.84 46.59 47.34 48.12
9.12 9.84 10.47 11.03 11.50 11.84 12.00 11.94 11.97 12.00 12.06 12.09 12.16 12.22 12.16 12.28 12.44 12.81 13.28 13.84 14.38 14.97 15.56 16.22 16.94 17.66 18.31 18.84 19.53 19.75 20.16 20.62 21.12 21.62 22.22 22.84 23.66 24.12 24.81 25.34 25.75 26.25 26.47 26.84 27.22 27.62 28.03 28.22 29.00 29.59 29.78 30.38 30.97 31.56 32.16 32.81 33.44 34.12 34.81 35.59 36.44 37.16 37.91 38.75 39.56 40.38 41.19 41.97 42.78 43.44 44.19 44.91 45.66 46.41 47.19 47.97 48.72
9.31 10.00 10.62 11.19 11.62 11.88 11.88 11.81 11.88 11.91 11.97 12.00 12.09 12.00 12.16 12.62 12.69 13.03 13.50 14.00 14.56 15.06 15.78 16.41 17.06 17.75 18.59 18.94 19.53 19.94 20.56 20.94 21.44 21.94 22.50 23.06 23.69 24.34 24.94 25.62 26.41 26.59 26.88 27.22 27.56 27.91 28.31 28.78 28.97 29.84 30.41 30.72 31.22 31.81 32.41 32.97 33.66 34.38 35.12 35.81 36.62 37.38 38.25 39.09 39.91 40.75 41.62 42.44 43.25 44.03 44.78 45.50 46.25 47.03 47.78 48.62 49.34
9.50 10.19 10.81 11.34 11.69 11.84 11.72 11.72 11.78 11.81 11.88 11.91 11.91 12.09 12.41 12.53 12.78 13.25 13.72 14.19 14.78 15.31 15.84 16.41 17.06 17.78 18.44 19.03 19.56 20.09 20.66 21.16 21.72 22.25 22.81 23.38 24.03 24.56 25.25 25.81 26.69 26.94 27.50 27.56 27.94 28.28 28.66 29.09 29.56 29.91 30.53 31.31 31.44 32.00 32.62 33.28 33.94 34.56 35.31 36.06 36.84 37.66 38.50 39.38 40.28 41.16 42.03 42.94 43.78 44.59 45.31 46.09 46.84 47.66 48.41 49.19 49.97
9.69 10.34 10.94 11.41 11.66 11.66 11.59 11.62 11.69 11.72 11.78 11.78 11.97 12.22 12.75 12.78 13.09 13.31 13.88 14.44 14.97 15.44 15.94 16.62 17.19 17.88 18.47 19.09 19.69 20.28 20.84 21.44 21.97 22.59 23.34 23.66 24.25 24.97 25.62 26.22 26.59 27.19 27.62 28.03 28.38 28.75 29.09 29.47 29.88 30.31 30.88 31.44 31.84 32.31 32.91 33.56 34.19 34.81 35.59 36.34 37.16 37.94 38.91 39.69 40.59 41.50 42.44 43.38 44.22 45.06 45.88 46.59 47.41 48.22 49.00 49.78 50.62
