everonasctiles/Tile[33,8].asc
ncols 128
nrows 128
xllcorner 0
yllcorner 0
cellsize 2.0
NODATA_value  -9999
[rows 0 to 31 of 128, columns 0 to 70 of 128]
287.22 288.00 288.88 289.78 290.75 291.78 292.81 293.91 294.97 296.06 297.16 298.25 299.34 300.44 301.47 302.44 303.38 304.25 305.06 305.78 306.62 307.75 308.22 308.25 308.31 308.50 308.72 308.78 308.72 308.53 308.22 307.75 307.12 306.38 305.50 304.53 303.53 302.53 301.59 300.72 300.03 299.44 298.88 297.69 296.56 295.41 294.59 293.56 292.28 291.00 289.75 287.50 285.72 284.44 283.72 282.66 281.25 279.72 278.19 276.31 274.19 273.03 272.22 271.50 270.88 270.47 269.00 265.91 262.84 260.56 257.88
287.53 288.38 289.28 290.28 291.28 292.34 293.44 294.56 295.66 296.75 297.88 298.97 300.06 301.12 302.16 303.12 304.03 304.88 305.66 306.41 307.16 308.25 308.75 308.81 308.84 309.06 309.31 309.38 309.31 309.09 308.72 308.19 307.47 306.59 305.56 304.44 303.31 302.28 301.44 300.66 300.06 299.72 299.03 298.47 297.69 296.78 295.50 294.19 292.78 291.25 289.91 288.16 286.69 285.53 284.25 282.97 281.59 280.16 278.66 276.78 274.59 272.69 272.25 271.59 270.84 270.25 269.69 266.72 264.28 262.00 259.84
287.88 288.78 289.75 290.78 291.84 292.94 294.09 295.22 296.34 297.50 298.62 299.72 300.81 301.84 302.84 303.78 304.69 305.53 306.28 307.00 307.69 308.75 309.28 309.34 309.41 309.59 309.91 309.94 309.84 309.59 309.16 308.62 307.84 306.84 305.66 304.38 303.12 302.00 301.34 300.94 300.59 300.28 299.84 299.19 298.47 297.38 296.16 294.72 293.16 291.62 290.12 288.62 287.22 285.91 284.66 283.41 281.81 280.50 278.44 276.25 273.72 272.91 272.75 272.00 271.09 270.22 269.47 267.69 265.62 263.59 262.12
288.22 289.19 290.22 291.28 292.41 293.56 294.72 295.91 297.06 298.25 299.38 300.47 301.56 302.56 303.53 304.47 305.34 306.16 306.91 307.59 308.25 309.16 309.72 309.81 309.91 310.09 310.22 310.06 309.84 309.59 309.28 308.81 308.12 307.09 305.75 304.44 303.34 302.28 301.50 301.12 300.94 300.12 299.84 299.72 298.97 297.97 296.59 294.97 293.31 291.72 290.25 288.78 287.44 286.12 284.78 283.31 282.09 280.81 278.72 276.66 274.81 273.78 273.47 272.50 271.53 270.53 269.56 268.56 267.06 264.69 263.47
288.59 289.62 290.69 291.81 292.97 294.16 295.38 296.59 297.78 298.97 300.09 301.19 302.22 303.25 304.19 305.12 305.97 306.78 307.50 308.16 308.78 309.56 310.12 310.28 310.38 310.50 310.44 310.06 309.75 309.44 309.16 308.72 308.22 307.34 306.03 305.12 304.03 303.38 301.78 300.94 301.25 301.03 300.72 300.25 299.50 298.31 296.78 294.78 292.84 291.97 289.88 288.44 287.41 286.31 284.75 283.44 282.34 280.72 278.94 277.44 275.56 274.09 273.81 273.03 272.06 271.06 270.19 269.91 268.28 266.53 264.91
289.00 290.06 291.16 292.31 293.53 294.75 296.00 297.22 298.44 299.59 300.72 301.81 302.84 303.84 304.81 305.72 306.56 307.34 308.06 308.69 309.28 309.91 310.44 310.62 310.72 310.88 310.72 310.12 309.78 309.44 309.16 308.78 308.53 307.88 307.28 306.88 305.75 304.44 303.56 303.25 302.78 302.09 301.50 300.75 299.78 298.59 297.00 293.62 292.94 291.22 289.75 288.41 287.28 286.06 284.84 283.78 282.84 281.59 279.72 277.94 276.16 274.19 273.38 273.47 272.84 271.97 271.78 271.38 270.34 268.22 266.31
289.38 290.47 291.62 292.81 294.03 295.28 296.53 297.78 299.00 300.12 301.25 302.34 303.38 304.41 305.34 306.25 307.06 307.75 308.44 309.03 309.56 310.12 310.72 310.91 311.00 311.09 311.16 310.84 310.53 310.12 309.69 309.06 308.62 308.16 307.72 307.28 306.44 305.72 305.06 304.22 303.56 302.81 302.03 301.09 300.00 298.78 296.56 293.19 293.06 291.72 290.16 288.50 287.22 286.06 285.16 284.34 283.56 282.28 280.44 278.69 277.31 275.78 273.31 273.12 273.34 273.06 272.91 272.44 271.44 269.59 267.62
289.78 290.91 292.03 293.25 294.47 295.69 296.94 298.19 299.44 300.62 301.72 302.75 303.81 304.84 305.81 306.66 307.44 308.09 308.69 309.22 309.72 310.22 310.84 311.12 311.22 311.31 311.47 311.53 311.31 310.94 310.38 309.62 308.75 308.19 307.78 307.53 306.91 306.31 305.66 304.94 304.16 303.25 302.31 301.25 300.38 298.56 295.62 293.53 292.84 291.62 290.34 289.00 287.84 286.88 286.06 285.22 284.09 283.19 281.75 280.09 278.50 276.53 275.00 273.84 273.94 274.00 273.88 273.50 272.62 270.91 268.94
290.12 291.25 292.38 293.53 294.72 295.91 297.12 298.34 299.81 301.22 302.16 303.00 304.09 305.16 306.12 307.00 307.75 308.34 308.91 309.38 309.88 310.31 310.94 311.34 311.44 311.53 311.59 311.88 311.91 311.47 310.66 309.91 309.00 308.34 307.84 307.66 307.19 306.62 306.00 305.28 304.38 303.41 302.41 301.38 300.31 298.25 294.38 293.69 292.94 292.00 291.00 290.16 289.03 287.91 287.00 285.91 284.78 283.81 282.34 280.81 279.34 277.56 276.41 275.34 275.47 275.25 274.69 274.62 274.06 272.81 270.88
290.44 291.50 292.56 293.62 294.66 295.78 296.97 298.19 299.84 301.56 302.53 303.28 304.25 305.31 306.34 307.25 308.00 308.66 309.22 309.66 310.09 310.53 311.03 311.53 311.59 311.59 311.59 311.78 311.84 311.28 310.66 310.00 309.16 308.44 307.88 307.69 307.19 306.66 306.06 305.34 304.47 303.50 302.31 301.22 300.09 298.00 294.62 294.03 293.78 292.25 291.50 290.69 289.78 288.62 287.66 286.31 285.06 284.19 282.91 281.16 279.56 278.59 277.72 277.25 276.97 276.34 275.78 276.06 275.81 275.09 273.69
290.66 291.62 292.53 293.44 294.31 295.34 296.56 297.81 299.38 301.25 302.56 303.50 304.28 305.34 306.41 307.38 308.19 308.88 309.44 309.91 310.28 310.66 311.09 311.56 311.69 311.62 311.66 311.72 311.84 311.38 310.62 309.91 309.34 308.78 308.16 307.59 306.97 306.41 306.00 305.38 304.44 303.34 301.91 301.06 300.06 298.19 295.94 294.62 293.94 292.59 292.12 291.31 290.19 289.22 287.78 286.53 285.09 284.19 283.12 281.88 280.78 280.22 279.34 278.66 278.12 277.62 276.97 277.34 277.16 276.53 275.03
290.75 291.59 292.38 293.00 293.75 294.78 296.16 297.44 298.72 300.75 302.34 303.44 304.31 305.28 306.38 307.38 308.22 308.94 309.50 309.91 310.28 310.62 311.00 311.44 311.75 311.72 311.69 311.72 311.78 311.62 311.00 310.25 309.44 308.66 307.94 307.38 306.75 306.31 305.91 305.19 304.34 303.19 301.91 300.81 299.75 297.91 295.84 295.38 294.56 293.59 292.94 292.22 291.00 289.50 288.34 287.12 285.75 285.09 284.06 283.28 282.56 281.66 280.72 279.91 279.19 278.81 278.25 278.16 277.94 277.25 275.28
290.53 291.31 292.06 292.56 293.06 294.19 295.72 297.22 298.34 300.00 301.97 303.03 304.06 305.12 306.19 307.19 308.03 308.69 309.19 309.59 309.94 310.31 310.72 311.16 311.59 311.78 311.72 311.69 311.62 311.56 311.03 310.28 309.47 308.59 307.94 307.25 306.62 306.22 305.75 305.00 304.12 303.06 301.56 300.62 299.78 298.38 296.59 296.50 295.62 294.47 293.97 293.22 291.94 290.56 289.31 287.88 287.22 286.34 285.72 284.88 283.81 282.78 281.56 280.81 280.12 279.59 279.00 278.62 278.34 277.47 275.22
290.06 290.78 291.44 291.88 292.38 293.72 296.03 297.41 298.25 299.16 300.69 302.25 303.56 304.78 305.88 306.81 307.59 308.25 308.75 309.12 309.50 309.88 310.31 310.75 311.22 311.62 311.66 311.56 311.50 311.44 311.00 310.19 309.41 308.62 307.94 307.28 306.69 306.12 305.47 304.69 303.75 302.53 301.19 300.31 299.69 298.59 297.88 297.88 296.91 295.88 295.00 294.03 292.78 291.81 290.34 289.22 288.75 288.00 286.88 285.84 284.78 283.66 282.62 281.72 280.91 280.06 279.47 278.88 278.41 277.94 276.59
289.22 289.91 290.44 290.91 291.59 293.50 296.06 297.31 298.22 298.72 299.66 301.28 302.81 304.31 305.44 306.34 307.09 307.72 308.19 308.59 308.97 309.38 309.84 310.28 310.75 311.19 311.47 311.47 311.38 311.25 310.88 310.16 309.28 308.53 307.78 307.12 306.50 305.91 305.22 304.28 303.34 302.06 300.88 300.28 299.72 299.44 299.16 298.34 297.62 296.75 295.91 294.88 293.84 292.94 291.53 290.47 290.00 288.94 287.97 286.72 285.44 284.22 283.34 282.41 281.53 280.69 279.91 279.22 278.59 278.19 277.97
288.16 288.84 289.38 289.91 290.75 292.53 295.19 296.84 298.03 298.91 299.34 300.16 301.97 303.62 304.88 305.78 306.53 307.12 307.62 308.03 308.44 308.88 309.34 309.81 310.25 310.62 311.06 311.25 311.16 310.91 310.62 310.06 309.12 308.28 307.53 306.81 306.06 305.19 304.47 303.56 302.75 301.78 300.84 300.31 300.00 299.69 299.12 298.62 298.06 297.38 296.53 295.56 294.53 293.53 292.62 291.66 290.72 289.84 288.97 287.50 286.34 285.38 283.88 283.19 282.22 281.38 280.56 279.78 279.06 278.84 278.81
286.88 287.66 288.28 288.97 289.81 291.22 293.19 295.53 297.69 298.75 299.19 299.78 301.56 303.09 304.28 305.22 305.94 306.53 307.03 307.50 307.91 308.38 308.84 309.31 309.75 310.09 310.47 310.81 310.78 310.53 310.28 309.84 309.06 308.06 307.28 306.50 305.69 304.81 303.94 303.12 302.41 301.19 300.78 300.44 300.12 299.72 299.31 298.88 298.38 297.75 296.94 295.97 294.94 293.94 293.06 292.31 291.34 290.44 289.44 288.31 288.19 286.75 284.94 283.69 282.91 282.09 281.28 280.50 279.75 279.69 279.44
285.44 286.47 287.31 288.16 289.22 290.38 292.19 295.66 297.66 298.66 299.19 299.88 301.41 302.72 303.78 304.66 305.38 305.97 306.47 306.94 307.41 307.88 308.34 308.81 309.25 309.62 309.91 310.19 310.31 310.16 309.84 309.44 308.91 308.00 307.00 306.22 305.41 304.59 303.78 302.91 301.88 301.28 300.97 300.53 300.16 299.78 299.41 298.97 298.47 297.88 297.12 296.16 295.09 294.12 293.22 292.41 291.59 290.91 290.03 289.06 288.78 287.94 285.78 284.53 283.56 282.78 282.06 281.34 280.91 280.72 280.22
284.06 285.22 286.25 287.38 288.69 290.09 292.09 295.12 297.28 298.59 299.38 300.03 301.12 302.28 303.28 304.09 304.81 305.41 305.94 306.44 306.91 307.41 307.91 308.38 308.81 309.16 309.44 309.62 309.78 309.66 309.34 308.97 308.56 307.94 306.97 306.00 305.22 304.38 303.56 302.75 302.00 301.44 300.91 300.53 300.12 299.81 299.41 298.94 298.44 297.84 297.09 296.19 295.22 294.19 293.44 292.91 292.38 291.66 290.38 290.12 289.44 288.38 287.03 285.84 284.22 283.47 282.94 282.47 281.91 281.47 280.78
282.72 283.94 285.09 286.34 287.75 289.41 291.19 293.34 296.53 298.66 299.41 299.88 300.78 301.88 302.78 303.59 304.25 304.88 305.41 305.94 306.47 306.97 307.47 307.94 308.38 308.75 309.03 309.19 309.25 309.16 308.84 308.47 308.09 307.72 307.00 305.94 305.06 304.28 303.50 302.69 302.06 301.50 300.88 300.53 300.22 299.81 299.34 298.88 298.31 297.66 296.91 296.03 295.12 294.28 293.56 293.00 292.47 291.88 291.22 290.62 290.22 289.66 288.84 287.72 285.50 284.94 284.25 283.41 282.69 281.94 281.16
281.78 282.81 283.91 285.12 286.47 288.50 290.22 292.16 295.41 298.47 299.19 299.75 300.47 301.44 302.31 303.06 303.75 304.34 304.94 305.47 306.03 306.56 307.09 307.56 308.00 308.38 308.66 308.81 308.84 308.72 308.38 307.94 307.62 307.31 306.88 306.06 305.03 304.34 303.66 303.06 302.31 301.59 301.22 300.72 300.22 299.75 299.22 298.69 298.09 297.38 296.69 295.81 294.91 294.12 293.47 292.91 292.44 291.94 291.41 290.88 290.38 289.81 289.22 288.66 287.12 286.16 285.19 284.28 283.34 282.38 281.59
281.34 281.69 282.84 283.97 284.88 286.81 289.53 291.72 295.16 298.00 298.78 299.41 300.09 301.03 301.88 302.59 303.25 303.84 304.47 305.03 305.62 306.19 306.72 307.25 307.69 308.06 308.34 308.47 308.50 308.41 308.06 307.56 307.16 306.88 306.66 306.12 305.19 304.44 303.88 303.25 302.59 301.97 301.34 300.72 300.16 299.59 299.03 298.50 297.78 297.06 296.25 295.41 294.66 293.72 293.09 292.53 292.16 291.75 291.31 290.88 290.44 290.03 289.53 288.81 287.97 287.03 286.03 284.94 283.84 283.00 282.06
279.31 280.22 281.59 283.72 284.19 286.62 288.91 290.47 293.50 297.03 297.91 298.81 299.62 300.56 301.38 302.09 302.75 303.38 304.03 304.62 305.25 305.84 306.41 306.94 307.41 307.75 308.03 308.19 308.22 308.12 307.88 307.31 306.78 306.50 306.28 306.00 305.31 304.47 303.88 303.31 302.72 302.06 301.34 300.62 299.97 299.34 298.62 297.91 297.38 296.66 295.97 295.06 294.38 293.47 292.69 292.00 291.59 291.50 290.97 290.59 290.25 289.91 289.50 289.00 288.31 287.44 286.44 285.31 284.12 283.28 282.66
278.16 278.72 279.81 281.97 283.94 285.75 287.53 289.66 294.44 296.78 297.06 298.00 299.03 300.09 300.91 301.62 302.28 302.94 303.59 304.25 304.91 305.53 306.12 306.66 307.12 307.50 307.75 307.91 307.91 307.81 307.62 307.22 306.56 306.12 305.91 305.69 305.28 304.53 303.81 303.25 302.66 301.94 301.22 300.41 299.78 299.12 298.44 297.53 296.75 296.12 295.34 294.44 293.88 293.03 292.31 291.50 290.97 290.69 290.41 290.09 289.84 289.62 289.25 288.81 288.22 287.41 286.41 285.28 284.09 283.19 282.19
277.00 277.97 278.69 280.66 283.62 285.31 286.66 289.09 293.06 295.50 296.44 297.22 298.47 299.56 300.38 301.12 301.81 302.50 303.19 303.91 304.59 305.25 305.84 306.41 306.84 307.22 307.47 307.59 307.62 307.53 307.34 307.09 306.50 305.84 305.53 305.31 305.12 304.53 303.66 303.03 302.47 301.75 300.88 299.94 299.25 298.62 298.00 297.16 295.97 295.34 294.91 294.12 293.41 292.50 291.88 291.25 290.81 290.28 289.97 289.78 289.56 289.25 288.97 288.53 287.88 287.03 285.97 284.88 283.84 282.81 281.12
276.34 277.53 278.81 280.59 283.47 285.19 286.50 288.41 291.75 294.69 295.88 296.81 297.91 299.00 299.91 300.69 301.38 302.06 302.81 303.53 304.25 304.94 305.56 306.09 306.56 306.91 307.16 307.28 307.31 307.22 307.06 306.81 306.41 305.72 305.19 305.00 304.81 304.44 303.50 302.53 301.75 301.31 300.41 299.59 298.66 298.00 297.31 296.34 295.72 294.97 294.47 293.94 293.22 292.44 291.72 291.16 290.72 290.28 289.94 289.59 289.22 288.84 288.50 288.06 287.56 286.53 285.19 284.06 283.19 282.03 280.75
275.31 276.97 278.41 280.34 283.44 285.25 286.34 287.25 290.03 293.81 295.44 296.66 297.41 298.59 299.56 300.41 301.06 301.69 302.41 303.19 303.91 304.59 305.22 305.78 306.22 306.56 306.78 306.91 306.94 306.88 306.72 306.50 306.22 305.62 304.97 304.66 304.50 304.28 303.50 302.38 301.56 300.84 300.03 299.22 298.41 297.72 296.72 295.97 295.28 294.91 294.31 293.81 293.25 292.59 292.06 291.25 290.69 290.34 290.03 289.69 289.06 288.47 288.31 287.78 286.84 285.72 284.31 283.44 282.56 281.53 280.59
274.75 276.09 277.62 279.94 283.91 285.38 286.38 286.66 289.22 293.44 295.09 296.34 297.28 298.22 299.19 300.22 300.97 301.38 301.97 302.75 303.50 304.22 304.84 305.38 305.81 306.12 306.34 306.47 306.50 306.44 306.31 306.12 305.88 305.50 304.81 304.34 304.19 304.00 303.59 302.53 301.66 300.97 300.03 299.09 298.22 297.53 296.53 295.72 295.09 294.59 294.22 293.53 292.94 292.53 292.09 291.69 291.06 290.59 290.25 289.91 289.09 288.38 287.94 287.56 286.59 285.44 284.41 283.19 282.69 281.72 280.56
274.59 275.88 277.38 279.22 282.06 285.28 286.38 286.44 288.34 292.53 294.88 295.81 296.81 297.38 298.53 300.00 301.03 301.44 302.03 302.69 303.22 303.75 304.34 304.88 305.28 305.59 305.81 305.94 305.97 305.94 305.88 305.72 305.50 305.25 304.72 304.12 303.84 303.75 303.56 302.84 301.72 301.09 300.31 299.47 298.31 297.22 296.47 295.81 295.16 294.66 294.06 293.38 292.88 292.47 292.00 291.62 291.19 290.78 290.44 290.09 289.47 288.66 287.97 287.00 286.16 285.50 284.31 283.38 283.22 282.16 280.50
274.72 275.88 277.16 278.56 280.62 284.06 286.91 287.34 289.00 291.44 294.19 295.03 295.97 297.00 298.59 299.94 300.78 301.56 302.12 302.66 302.97 303.25 303.78 304.25 304.66 304.94 305.16 305.28 305.34 305.34 305.31 305.19 305.06 304.88 304.56 303.97 303.62 303.50 303.38 302.97 302.00 301.28 300.53 299.19 297.94 296.94 296.28 295.75 295.19 294.62 294.00 293.38 292.88 292.31 291.88 291.56 291.22 290.84 290.47 290.09 289.75 289.06 288.31 287.00 286.59 285.97 284.69 284.00 283.66 282.53 281.19
275.00 275.97 277.00 278.09 279.25 281.81 286.50 287.78 289.38 291.03 292.78 294.09 295.12 296.75 298.69 299.72 300.50 301.12 301.66 302.00 302.38 302.69 303.09 303.53 303.94 304.22 304.38 304.53 304.59 304.62 304.62 304.59 304.50 304.41 304.22 303.84 303.44 303.25 303.16 302.97 302.34 301.56 300.38 299.38 298.28 297.38 296.72 295.69 295.16 294.53 293.94 293.41 292.97 292.34 291.91 291.56 291.19 290.84 290.50 290.12 289.72 289.19 288.53 287.84 287.03 286.16 285.22 284.50 284.53 283.44 282.22
275.47 276.16 277.12 278.16 279.41 282.09 286.56 288.38 289.66 291.00 292.19 293.25 294.28 295.56 297.22 298.91 300.06 300.75 301.03 301.47 301.91 302.31 302.72 303.03 303.22 303.34 303.50 303.62 303.75 303.81 303.84 303.84 303.84 303.84 303.78 303.59 303.25 303.00 302.91 302.78 302.53 301.81 300.53 299.25 298.19 297.28 296.78 296.06 295.09 294.34 293.78 293.44 292.78 292.19 291.78 291.53 291.22 290.81 290.47 290.06 289.69 289.22 288.62 287.84 287.00 286.22 285.66 284.94 284.88 284.16 282.97
