everonasctiles/Tile4,0.asc
ncols 128
nrows 128
xllcorner 0
yllcorner 0
cellsize 2.0
NODATA_value  -9999
[rows 60 to 89 of 128, columns 0 to 66 of 128]
-101.84 -101.78 -101.72 -101.69 -101.62 -101.59 -101.53 -101.50 -101.47 -101.41 -101.38 -101.31 -101.25 -101.22 -101.16 -101.09 -101.03 -100.94 -100.88 -100.81 -100.75 -100.69 -100.66 -100.62 -100.62 -100.69 -100.72 -100.78 -100.81 -100.81 -100.84 -100.84 -100.84 -100.84 -100.84 -100.84 -100.84 -100.81 -100.84 -100.84 -100.88 -100.91 -100.91 -100.91 -100.91 -100.91 -100.91 -100.91 -100.88 -100.84 -100.81 -100.81 -100.78 -100.78 -100.78 -100.78 -100.78 -100.81 -100.81 -100.78 -100.78 -100.72 -100.69 -100.66 -100.59 -100.56 -100.53
-101.66 -101.59 -101.56 -101.50 -101.47 -101.44 -101.41 -101.38 -101.31 -101.28 -101.22 -101.16 -101.12 -101.06 -101.00 -100.94 -100.84 -100.78 -100.72 -100.62 -100.59 -100.53 -100.47 -100.44 -100.47 -100.50 -100.53 -100.59 -100.59 -100.62 -100.62 -100.59 -100.59 -100.59 -100.62 -100.62 -100.62 -100.62 -100.62 -100.66 -100.69 -100.72 -100.75 -100.78 -100.78 -100.81 -100.81 -100.81 -100.78 -100.75 -100.72 -100.72 -100.69 -100.69 -100.66 -100.69 -100.69 -100.69 -100.69 -100.69 -100.66 -100.59 -100.56 -100.50 -100.44 -100.38 -100.34
-101.47 -101.44 -101.38 -101.34 -101.34 -101.31 -101.28 -101.25 -101.19 -101.16 -101.09 -101.03 -100.97 -100.91 -100.84 -100.78 -100.69 -100.62 -100.53 -100.47 -100.41 -100.38 -100.31 -100.28 -100.28 -100.31 -100.34 -100.38 -100.41 -100.41 -100.38 -100.38 -100.38 -100.34 -100.38 -100.38 -100.38 -100.41 -100.44 -100.47 -100.53 -100.56 -100.62 -100.66 -100.69 -100.72 -100.72 -100.72 -100.69 -100.66 -100.62 -100.59 -100.59 -100.56 -100.56 -100.56 -100.56 -100.59 -100.59 -100.56 -100.53 -100.47 -100.41 -100.34 -100.28 -100.22 -100.19
-101.31 -101.25 -101.25 -101.22 -101.19 -101.19 -101.16 -101.12 -101.06 -101.03 -100.97 -100.91 -100.84 -100.78 -100.69 -100.62 -100.53 -100.47 -100.38 -100.31 -100.25 -100.19 -100.12 -100.09 -100.09 -100.12 -100.16 -100.19 -100.19 -100.19 -100.16 -100.16 -100.12 -100.12 -100.09 -100.12 -100.12 -100.16 -100.22 -100.28 -100.34 -100.41 -100.47 -100.53 -100.56 -100.59 -100.62 -100.62 -100.59 -100.56 -100.53 -100.50 -100.47 -100.47 -100.47 -100.47 -100.47 -100.47 -100.47 -100.44 -100.41 -100.34 -100.28 -100.22 -100.16 -100.09 -100.06
-101.12 -101.09 -101.09 -101.06 -101.06 -101.06 -101.03 -101.00 -100.97 -100.91 -100.84 -100.78 -100.72 -100.66 -100.56 -100.47 -100.41 -100.31 -100.25 -100.19 -100.09 -100.03 -99.97 -99.94 -99.91 -99.94 -99.97 -100.00 -100.00 -100.00 -99.97 -99.94 -99.91 -99.88 -99.88 -99.88 -99.88 -99.94 -100.00 -100.09 -100.19 -100.25 -100.34 -100.41 -100.47 -100.50 -100.50 -100.50 -100.50 -100.47 -100.44 -100.41 -100.38 -100.38 -100.38 -100.34 -100.34 -100.34 -100.34 -100.34 -100.31 -100.25 -100.19 -100.12 -100.06 -100.00 -99.94
-100.97 -100.94 -100.94 -100.94 -100.94 -100.91 -100.88 -100.88 -100.81 -100.78 -100.72 -100.66 -100.59 -100.50 -100.44 -100.34 -100.25 -100.19 -100.12 -100.03 -99.97 -99.88 -99.81 -99.75 -99.72 -99.75 -99.78 -99.81 -99.81 -99.81 -99.78 -99.75 -99.72 -99.69 -99.66 -99.62 -99.66 -99.72 -99.81 -99.94 -100.03 -100.12 -100.22 -100.28 -100.34 -100.38 -100.41 -100.41 -100.38 -100.38 -100.34 -100.31 -100.31 -100.28 -100.28 -100.25 -100.25 -100.25 -100.25 -100.22 -100.22 -100.16 -100.12 -100.06 -100.00 -99.97 -99.91
-100.81 -100.81 -100.81 -100.78 -100.78 -100.75 -100.75 -100.72 -100.69 -100.66 -100.59 -100.53 -100.47 -100.38 -100.31 -100.22 -100.12 -100.06 -99.97 -99.91 -99.84 -99.75 -99.66 -99.59 -99.56 -99.56 -99.59 -99.62 -99.66 -99.66 -99.62 -99.59 -99.53 -99.50 -99.47 -99.44 -99.47 -99.53 -99.66 -99.78 -99.91 -100.00 -100.09 -100.19 -100.22 -100.25 -100.28 -100.28 -100.28 -100.25 -100.25 -100.22 -100.22 -100.19 -100.19 -100.16 -100.16 -100.16 -100.16 -100.16 -100.16 -100.12 -100.12 -100.09 -100.06 -100.03 -100.00
-100.66 -100.66 -100.66 -100.66 -100.62 -100.62 -100.59 -100.56 -100.53 -100.50 -100.47 -100.41 -100.34 -100.25 -100.19 -100.09 -100.03 -99.94 -99.88 -99.78 -99.72 -99.62 -99.56 -99.47 -99.44 -99.44 -99.44 -99.47 -99.50 -99.50 -99.47 -99.44 -99.38 -99.34 -99.28 -99.28 -99.31 -99.41 -99.53 -99.66 -99.78 -99.88 -99.97 -100.06 -100.09 -100.12 -100.16 -100.16 -100.16 -100.16 -100.16 -100.12 -100.12 -100.12 -100.09 -100.09 -100.09 -100.09 -100.12 -100.12 -100.16 -100.16 -100.19 -100.16 -100.16 -100.12 -100.06
-100.53 -100.53 -100.53 -100.50 -100.50 -100.47 -100.47 -100.44 -100.41 -100.38 -100.34 -100.28 -100.22 -100.16 -100.09 -100.00 -99.94 -99.88 -99.81 -99.75 -99.66 -99.56 -99.50 -99.41 -99.31 -99.28 -99.31 -99.34 -99.34 -99.34 -99.31 -99.28 -99.25 -99.19 -99.16 -99.12 -99.19 -99.28 -99.41 -99.53 -99.66 -99.75 -99.84 -99.94 -100.00 -100.03 -100.03 -100.06 -100.06 -100.06 -100.06 -100.06 -100.03 -100.03 -100.03 -100.03 -100.06 -100.09 -100.12 -100.19 -100.22 -100.25 -100.28 -100.28 -100.25 -100.22 -100.19
-100.38 -100.41 -100.41 -100.41 -100.41 -100.38 -100.38 -100.34 -100.31 -100.31 -100.28 -100.25 -100.19 -100.12 -100.06 -100.00 -99.94 -99.91 -99.84 -99.78 -99.69 -99.59 -99.50 -99.41 -99.31 -99.22 -99.22 -99.22 -99.22 -99.22 -99.19 -99.16 -99.12 -99.06 -99.03 -99.00 -99.06 -99.19 -99.28 -99.41 -99.53 -99.66 -99.75 -99.84 -99.88 -99.94 -99.94 -99.97 -99.97 -99.97 -100.00 -100.00 -100.00 -100.00 -100.03 -100.03 -100.06 -100.12 -100.19 -100.25 -100.31 -100.34 -100.38 -100.38 -100.38 -100.31 -100.28
-100.28 -100.31 -100.31 -100.34 -100.34 -100.34 -100.34 -100.34 -100.34 -100.34 -100.31 -100.28 -100.22 -100.19 -100.12 -100.06 -100.03 -99.97 -99.91 -99.84 -99.75 -99.66 -99.53 -99.44 -99.34 -99.28 -99.22 -99.19 -99.19 -99.16 -99.12 -99.09 -99.03 -98.97 -98.91 -98.88 -98.97 -99.09 -99.19 -99.31 -99.44 -99.56 -99.66 -99.75 -99.81 -99.84 -99.88 -99.91 -99.94 -99.97 -100.00 -100.03 -100.03 -100.06 -100.06 -100.09 -100.12 -100.19 -100.25 -100.31 -100.38 -100.44 -100.47 -100.50 -100.47 -100.44 -100.38
-100.31 -100.31 -100.34 -100.38 -100.41 -100.41 -100.41 -100.41 -100.41 -100.41 -100.41 -100.34 -100.31 -100.25 -100.22 -100.19 -100.12 -100.09 -100.03 -99.94 -99.84 -99.72 -99.59 -99.50 -99.41 -99.34 -99.28 -99.28 -99.25 -99.22 -99.19 -99.16 -99.12 -99.06 -99.00 -98.97 -99.00 -99.06 -99.16 -99.28 -99.41 -99.50 -99.62 -99.72 -99.81 -99.88 -99.91 -99.97 -100.00 -100.06 -100.09 -100.12 -100.12 -100.16 -100.16 -100.16 -100.22 -100.28 -100.34 -100.41 -100.47 -100.53 -100.59 -100.59 -100.59 -100.53 -100.50
-100.38 -100.41 -100.44 -100.44 -100.47 -100.50 -100.50 -100.50 -100.50 -100.50 -100.50 -100.44 -100.41 -100.38 -100.31 -100.28 -100.25 -100.19 -100.12 -100.03 -99.94 -99.81 -99.69 -99.56 -99.47 -99.41 -99.38 -99.38 -99.34 -99.34 -99.31 -99.28 -99.22 -99.19 -99.16 -99.16 -99.16 -99.19 -99.25 -99.31 -99.44 -99.53 -99.66 -99.75 -99.84 -99.94 -100.00 -100.06 -100.09 -100.16 -100.19 -100.22 -100.25 -100.25 -100.25 -100.28 -100.31 -100.38 -100.44 -100.50 -100.59 -100.62 -100.69 -100.72 -100.69 -100.66 -100.62
-100.47 -100.50 -100.53 -100.56 -100.56 -100.59 -100.59 -100.59 -100.59 -100.59 -100.59 -100.56 -100.53 -100.47 -100.44 -100.41 -100.34 -100.28 -100.22 -100.12 -100.00 -99.88 -99.78 -99.66 -99.56 -99.50 -99.50 -99.50 -99.50 -99.47 -99.47 -99.44 -99.41 -99.38 -99.34 -99.31 -99.31 -99.34 -99.38 -99.44 -99.50 -99.59 -99.72 -99.84 -99.94 -100.03 -100.12 -100.16 -100.22 -100.25 -100.31 -100.34 -100.38 -100.38 -100.38 -100.38 -100.41 -100.47 -100.53 -100.62 -100.69 -100.72 -100.78 -100.81 -100.81 -100.78 -100.75
-100.59 -100.62 -100.66 -100.66 -100.69 -100.69 -100.72 -100.72 -100.69 -100.69 -100.69 -100.66 -100.62 -100.59 -100.56 -100.50 -100.44 -100.38 -100.31 -100.19 -100.09 -99.97 -99.84 -99.75 -99.66 -99.62 -99.62 -99.62 -99.62 -99.62 -99.62 -99.59 -99.59 -99.56 -99.53 -99.50 -99.50 -99.50 -99.53 -99.56 -99.62 -99.72 -99.81 -99.94 -100.03 -100.16 -100.22 -100.28 -100.34 -100.38 -100.44 -100.47 -100.50 -100.50 -100.50 -100.50 -100.53 -100.59 -100.66 -100.72 -100.78 -100.81 -100.88 -100.91 -100.91 -100.91 -100.88
-100.75 -100.75 -100.78 -100.78 -100.81 -100.81 -100.81 -100.78 -100.78 -100.78 -100.78 -100.75 -100.72 -100.69 -100.66 -100.59 -100.53 -100.47 -100.38 -100.25 -100.16 -100.03 -99.91 -99.81 -99.75 -99.75 -99.75 -99.75 -99.78 -99.78 -99.78 -99.78 -99.78 -99.75 -99.75 -99.72 -99.69 -99.69 -99.69 -99.72 -99.78 -99.84 -99.97 -100.06 -100.16 -100.25 -100.34 -100.41 -100.47 -100.50 -100.56 -100.59 -100.59 -100.62 -100.62 -100.62 -100.66 -100.69 -100.75 -100.81 -100.88 -100.91 -100.97 -101.00 -101.00 -101.00 -101.00
-100.88 -100.88 -100.91 -100.91 -100.91 -100.91 -100.88 -100.88 -100.88 -100.84 -100.84 -100.81 -100.81 -100.78 -100.72 -100.66 -100.59 -100.50 -100.41 -100.31 -100.19 -100.09 -99.97 -99.91 -99.84 -99.84 -99.88 -99.88 -99.91 -99.91 -99.94 -99.97 -99.97 -99.97 -99.94 -99.91 -99.91 -99.88 -99.88 -99.88 -99.91 -100.00 -100.09 -100.19 -100.28 -100.38 -100.47 -100.53 -100.59 -100.62 -100.66 -100.69 -100.72 -100.72 -100.75 -100.75 -100.75 -100.81 -100.84 -100.91 -100.97 -101.00 -101.03 -101.06 -101.09 -101.09 -101.09
-100.97 -100.97 -101.00 -101.00 -101.00 -100.97 -100.97 -100.94 -100.94 -100.91 -100.91 -100.88 -100.88 -100.81 -100.78 -100.72 -100.62 -100.56 -100.44 -100.34 -100.25 -100.12 -100.03 -99.97 -99.94 -99.97 -99.97 -100.00 -100.03 -100.06 -100.09 -100.12 -100.12 -100.12 -100.12 -100.09 -100.09 -100.06 -100.03 -100.03 -100.06 -100.12 -100.22 -100.31 -100.41 -100.50 -100.56 -100.62 -100.69 -100.75 -100.78 -100.81 -100.84 -100.84 -100.84 -100.84 -100.88 -100.91 -100.94 -100.97 -101.03 -101.06 -101.09 -101.12 -101.16 -101.16 -101.16
-101.06 -101.06 -101.06 -101.06 -101.06 -101.06 -101.03 -101.00 -100.97 -100.97 -100.94 -100.94 -100.91 -100.84 -100.78 -100.72 -100.66 -100.56 -100.47 -100.38 -100.25 -100.19 -100.09 -100.06 -100.06 -100.06 -100.09 -100.09 -100.12 -100.16 -100.22 -100.25 -100.28 -100.28 -100.28 -100.28 -100.25 -100.22 -100.19 -100.16 -100.19 -100.25 -100.34 -100.44 -100.53 -100.62 -100.69 -100.75 -100.78 -100.84 -100.88 -100.91 -100.94 -100.94 -100.94 -100.94 -100.97 -100.97 -101.00 -101.06 -101.09 -101.12 -101.16 -101.19 -101.22 -101.22 -101.22
-101.12 -101.12 -101.12 -101.12 -101.12 -101.09 -101.06 -101.03 -101.00 -100.97 -100.97 -100.94 -100.91 -100.84 -100.78 -100.72 -100.62 -100.56 -100.47 -100.38 -100.28 -100.22 -100.16 -100.16 -100.16 -100.16 -100.19 -100.22 -100.25 -100.28 -100.31 -100.34 -100.41 -100.41 -100.44 -100.41 -100.41 -100.34 -100.31 -100.31 -100.31 -100.34 -100.44 -100.53 -100.62 -100.72 -100.78 -100.84 -100.88 -100.94 -100.97 -101.00 -101.00 -101.03 -101.03 -101.03 -101.03 -101.06 -101.09 -101.12 -101.16 -101.19 -101.22 -101.22 -101.25 -101.25 -101.25
-101.19 -101.19 -101.19 -101.19 -101.16 -101.12 -101.09 -101.06 -101.03 -101.00 -100.97 -100.94 -100.91 -100.84 -100.78 -100.69 -100.62 -100.53 -100.47 -100.38 -100.31 -100.28 -100.25 -100.25 -100.25 -100.25 -100.28 -100.31 -100.34 -100.38 -100.41 -100.44 -100.50 -100.53 -100.53 -100.53 -100.50 -100.47 -100.44 -100.41 -100.41 -100.44 -100.50 -100.59 -100.69 -100.78 -100.88 -100.94 -100.97 -101.00 -101.03 -101.06 -101.09 -101.09 -101.09 -101.09 -101.12 -101.12 -101.16 -101.16 -101.19 -101.22 -101.22 -101.25 -101.25 -101.25 -101.25
-101.25 -101.25 -101.25 -101.22 -101.19 -101.16 -101.12 -101.06 -101.03 -101.00 -100.97 -100.94 -100.88 -100.81 -100.75 -100.69 -100.62 -100.53 -100.47 -100.41 -100.34 -100.31 -100.31 -100.31 -100.34 -100.34 -100.38 -100.41 -100.41 -100.44 -100.47 -100.53 -100.56 -100.59 -100.62 -100.62 -100.59 -100.56 -100.53 -100.50 -100.50 -100.50 -100.56 -100.62 -100.72 -100.84 -100.91 -100.97 -101.03 -101.06 -101.09 -101.12 -101.12 -101.16 -101.16 -101.19 -101.19 -101.19 -101.19 -101.22 -101.22 -101.25 -101.25 -101.25 -101.28 -101.28 -101.28
-101.31 -101.31 -101.28 -101.25 -101.22 -101.19 -101.16 -101.09 -101.06 -101.00 -100.97 -100.94 -100.88 -100.81 -100.75 -100.69 -100.62 -100.53 -100.47 -100.44 -100.41 -100.38 -100.38 -100.38 -100.41 -100.41 -100.44 -100.47 -100.47 -100.50 -100.53 -100.56 -100.62 -100.66 -100.66 -100.66 -100.66 -100.62 -100.59 -100.56 -100.56 -100.56 -100.59 -100.66 -100.75 -100.84 -100.94 -101.00 -101.06 -101.09 -101.12 -101.16 -101.19 -101.19 -101.22 -101.22 -101.22 -101.25 -101.25 -101.25 -101.25 -101.25 -101.25 -101.25 -101.25 -101.28 -101.28
-101.34 -101.34 -101.31 -101.31 -101.25 -101.22 -101.19 -101.12 -101.06 -101.00 -100.97 -100.91 -100.88 -100.81 -100.75 -100.69 -100.62 -100.56 -100.50 -100.47 -100.44 -100.44 -100.44 -100.44 -100.47 -100.47 -100.50 -100.50 -100.53 -100.53 -100.56 -100.59 -100.66 -100.69 -100.69 -100.69 -100.69 -100.69 -100.66 -100.62 -100.59 -100.59 -100.62 -100.69 -100.75 -100.84 -100.94 -101.00 -101.06 -101.12 -101.16 -101.19 -101.22 -101.25 -101.25 -101.25 -101.25 -101.28 -101.28 -101.28 -101.25 -101.25 -101.25 -101.25 -101.25 -101.25 -101.25
-101.38 -101.38 -101.38 -101.34 -101.31 -101.25 -101.19 -101.16 -101.06 -101.03 -100.97 -100.91 -100.84 -100.78 -100.72 -100.66 -100.62 -100.56 -100.53 -100.50 -100.47 -100.47 -100.47 -100.50 -100.50 -100.50 -100.50 -100.53 -100.53 -100.56 -100.59 -100.62 -100.66 -100.69 -100.69 -100.72 -100.72 -100.69 -100.66 -100.66 -100.62 -100.62 -100.62 -100.69 -100.78 -100.84 -100.94 -101.03 -101.09 -101.12 -101.19 -101.22 -101.25 -101.25 -101.28 -101.28 -101.28 -101.28 -101.28 -101.28 -101.28 -101.25 -101.25 -101.25 -101.25 -101.25 -101.25
-101.41 -101.41 -101.38 -101.38 -101.31 -101.28 -101.22 -101.16 -101.09 -101.03 -100.97 -100.91 -100.84 -100.78 -100.72 -100.66 -100.59 -100.56 -100.53 -100.50 -100.50 -100.50 -100.50 -100.50 -100.53 -100.53 -100.53 -100.53 -100.56 -100.56 -100.59 -100.62 -100.66 -100.69 -100.69 -100.69 -100.72 -100.69 -100.69 -100.66 -100.62 -100.62 -100.66 -100.69 -100.78 -100.88 -100.94 -101.03 -101.09 -101.16 -101.19 -101.22 -101.25 -101.25 -101.28 -101.28 -101.28 -101.28 -101.28 -101.28 -101.28 -101.25 -101.25 -101.25 -101.22 -101.22 -101.22
-101.44 -101.44 -101.41 -101.38 -101.34 -101.28 -101.22 -101.16 -101.09 -101.03 -100.97 -100.91 -100.84 -100.78 -100.72 -100.66 -100.59 -100.56 -100.53 -100.50 -100.50 -100.50 -100.50 -100.53 -100.53 -100.53 -100.53 -100.56 -100.56 -100.56 -100.59 -100.62 -100.66 -100.66 -100.69 -100.69 -100.69 -100.69 -100.66 -100.66 -100.62 -100.62 -100.66 -100.72 -100.78 -100.88 -100.94 -101.03 -101.09 -101.16 -101.19 -101.22 -101.25 -101.25 -101.28 -101.28 -101.28 -101.28 -101.28 -101.28 -101.25 -101.25 -101.22 -101.22 -101.22 -101.22 -101.22
-101.47 -101.44 -101.41 -101.38 -101.34 -101.28 -101.22 -101.16 -101.09 -101.03 -100.97 -100.91 -100.81 -100.75 -100.69 -100.66 -100.59 -100.56 -100.53 -100.50 -100.50 -100.50 -100.50 -100.53 -100.53 -100.53 -100.56 -100.56 -100.56 -100.59 -100.59 -100.62 -100.66 -100.66 -100.69 -100.69 -100.69 -100.69 -100.66 -100.66 -100.62 -100.62 -100.66 -100.72 -100.78 -100.88 -100.94 -101.03 -101.09 -101.16 -101.19 -101.22 -101.25 -101.25 -101.25 -101.25 -101.25 -101.25 -101.25 -101.25 -101.25 -101.22 -101.22 -101.19 -101.19 -101.19 -101.19
-101.47 -101.44 -101.41 -101.38 -101.34 -101.28 -101.22 -101.16 -101.09 -101.03 -100.94 -100.88 -100.81 -100.75 -100.69 -100.62 -100.59 -100.56 -100.53 -100.50 -100.50 -100.50 -100.50 -100.53 -100.53 -100.53 -100.56 -100.56 -100.56 -100.59 -100.59 -100.62 -100.66 -100.66 -100.66 -100.69 -100.69 -100.69 -100.66 -100.66 -100.62 -100.66 -100.66 -100.72 -100.78 -100.88 -100.94 -101.03 -101.09 -101.12 -101.19 -101.22 -101.22 -101.22 -101.22 -101.22 -101.22 -101.25 -101.25 -101.25 -101.22 -101.22 -101.19 -101.19 -101.16 -101.16 -101.16
-101.47 -101.44 -101.41 -101.34 -101.31 -101.25 -101.22 -101.12 -101.06 -101.00 -100.91 -100.84 -100.75 -100.69 -100.66 -100.59 -100.56 -100.53 -100.50 -100.50 -100.50 -100.50 -100.53 -100.53 -100.53 -100.56 -100.56 -100.56 -100.59 -100.59 -100.62 -100.62 -100.62 -100.66 -100.66 -100.69 -100.69 -100.66 -100.66 -100.66 -100.66 -100.66 -100.69 -100.72 -100.78 -100.88 -100.94 -101.00 -101.06 -101.12 -101.16 -101.19 -101.19 -101.19 -101.19 -101.19 -101.19 -101.22 -101.22 -101.22 -101.22 -101.19 -101.19 -101.16 -101.16 -101.12 -101.12
