everonasctiles/Tile46,18.asc
ncols 128
nrows 128
xllcorner 0
yllcorner 0
cellsize 2.0
NODATA_value  -9999
[rows 87 to 115 of 128, columns 0 to 66 of 128]
-136.97 -136.91 -136.78 -136.56 -136.22 -135.75 -135.19 -134.59 -134.16 -134.12 -134.16 -134.09 -134.06 -134.00 -133.91 -133.78 -133.62 -133.44 -133.25 -133.09 -132.97 -132.91 -133.06 -133.25 -133.47 -133.72 -133.94 -134.12 -134.28 -134.34 -134.28 -134.19 -133.97 -133.56 -133.28 -133.28 -133.56 -134.03 -134.69 -135.38 -135.84 -136.19 -136.50 -136.81 -137.12 -137.41 -137.62 -137.81 -137.97 -138.03 -138.06 -138.09 -138.12 -138.19 -138.22 -138.22 -138.16 -138.09 -137.97 -137.81 -137.66 -137.50 -137.31 -137.16 -137.06 -137.00 -136.97
-137.47 -137.34 -137.19 -136.88 -136.44 -135.94 -135.34 -134.75 -134.47 -134.44 -134.38 -134.31 -134.22 -134.12 -134.00 -133.81 -133.62 -133.41 -133.22 -133.03 -132.84 -132.81 -133.00 -133.19 -133.41 -133.62 -133.81 -134.00 -134.09 -134.09 -134.00 -133.84 -133.56 -133.03 -132.56 -132.41 -132.72 -133.34 -134.12 -134.94 -135.53 -135.94 -136.31 -136.69 -137.00 -137.31 -137.53 -137.69 -137.81 -137.84 -137.88 -137.91 -137.97 -138.03 -138.09 -138.12 -138.12 -138.06 -137.94 -137.81 -137.66 -137.50 -137.31 -137.16 -137.00 -136.91 -136.81
-137.91 -137.75 -137.47 -137.12 -136.66 -136.12 -135.62 -135.22 -134.97 -134.78 -134.62 -134.50 -134.34 -134.22 -134.06 -133.84 -133.62 -133.41 -133.19 -132.97 -132.75 -132.66 -132.91 -133.12 -133.31 -133.53 -133.72 -133.84 -133.91 -133.88 -133.75 -133.56 -133.28 -132.78 -132.12 -131.78 -132.12 -132.91 -133.84 -134.78 -135.31 -135.75 -136.16 -136.53 -136.88 -137.19 -137.38 -137.50 -137.59 -137.62 -137.66 -137.72 -137.78 -137.88 -137.97 -138.00 -138.00 -137.97 -137.91 -137.78 -137.66 -137.50 -137.31 -137.12 -136.94 -136.81 -136.66
-138.28 -138.06 -137.75 -137.34 -136.94 -136.47 -136.06 -135.69 -135.38 -135.09 -134.84 -134.66 -134.47 -134.28 -134.09 -133.88 -133.66 -133.41 -133.19 -132.94 -132.69 -132.56 -132.81 -133.00 -133.19 -133.41 -133.56 -133.66 -133.69 -133.62 -133.50 -133.31 -133.06 -132.66 -131.97 -131.50 -131.91 -132.81 -133.84 -134.62 -135.09 -135.53 -135.97 -136.38 -136.72 -136.97 -137.12 -137.22 -137.31 -137.38 -137.41 -137.47 -137.56 -137.69 -137.81 -137.84 -137.88 -137.84 -137.78 -137.75 -137.62 -137.47 -137.28 -137.09 -136.88 -136.69 -136.50
-138.56 -138.31 -137.97 -137.62 -137.25 -136.84 -136.44 -136.03 -135.69 -135.34 -135.03 -134.72 -134.50 -134.28 -134.09 -133.88 -133.66 -133.41 -133.19 -132.94 -132.69 -132.50 -132.69 -132.91 -133.06 -133.25 -133.41 -133.47 -133.47 -133.41 -133.28 -133.09 -132.84 -132.53 -131.94 -131.44 -131.91 -132.84 -133.84 -134.41 -134.88 -135.31 -135.75 -136.16 -136.47 -136.66 -136.78 -136.88 -137.00 -137.06 -137.12 -137.22 -137.38 -137.53 -137.62 -137.69 -137.69 -137.66 -137.66 -137.62 -137.59 -137.47 -137.28 -137.06 -136.84 -136.59 -136.34
-138.81 -138.53 -138.22 -137.88 -137.50 -137.12 -136.72 -136.31 -135.88 -135.47 -135.09 -134.75 -134.47 -134.22 -134.03 -133.81 -133.62 -133.41 -133.19 -132.97 -132.75 -132.56 -132.62 -132.78 -132.94 -133.06 -133.19 -133.25 -133.25 -133.19 -133.06 -132.88 -132.66 -132.38 -131.91 -131.50 -132.03 -132.94 -133.66 -134.16 -134.59 -135.06 -135.50 -135.91 -136.12 -136.25 -136.34 -136.47 -136.62 -136.75 -136.84 -136.97 -137.16 -137.34 -137.44 -137.47 -137.47 -137.44 -137.47 -137.47 -137.47 -137.38 -137.25 -137.03 -136.78 -136.50 -136.22
-139.00 -138.72 -138.41 -138.06 -137.69 -137.31 -136.88 -136.44 -136.00 -135.53 -135.09 -134.69 -134.34 -134.12 -133.91 -133.75 -133.56 -133.38 -133.16 -132.97 -132.78 -132.62 -132.56 -132.66 -132.75 -132.88 -132.97 -133.03 -133.03 -132.97 -132.84 -132.66 -132.44 -132.22 -131.91 -131.59 -132.16 -132.94 -133.44 -133.88 -134.34 -134.78 -135.22 -135.53 -135.69 -135.78 -135.84 -135.97 -136.19 -136.38 -136.53 -136.75 -136.97 -137.12 -137.19 -137.22 -137.19 -137.22 -137.25 -137.28 -137.31 -137.25 -137.12 -136.97 -136.72 -136.44 -136.12
-139.16 -138.88 -138.53 -138.19 -137.81 -137.41 -136.94 -136.47 -136.00 -135.50 -135.00 -134.53 -134.19 -133.94 -133.75 -133.59 -133.47 -133.28 -133.12 -132.97 -132.78 -132.62 -132.50 -132.53 -132.59 -132.66 -132.72 -132.78 -132.78 -132.72 -132.59 -132.44 -132.25 -132.06 -131.84 -131.69 -132.25 -132.75 -133.16 -133.59 -134.03 -134.47 -134.84 -135.09 -135.22 -135.28 -135.28 -135.47 -135.75 -136.00 -136.28 -136.56 -136.78 -136.91 -136.91 -136.91 -136.88 -136.94 -137.03 -137.09 -137.09 -137.06 -136.97 -136.84 -136.62 -136.34 -136.03
-139.22 -138.94 -138.59 -138.25 -137.84 -137.41 -136.94 -136.47 -135.94 -135.41 -134.81 -134.31 -133.91 -133.72 -133.56 -133.44 -133.31 -133.16 -133.03 -132.91 -132.75 -132.59 -132.47 -132.41 -132.41 -132.44 -132.50 -132.50 -132.50 -132.47 -132.34 -132.22 -132.06 -131.91 -131.75 -131.75 -132.12 -132.47 -132.84 -133.22 -133.66 -134.06 -134.41 -134.62 -134.75 -134.78 -134.81 -135.09 -135.44 -135.78 -136.12 -136.41 -136.56 -136.62 -136.59 -136.53 -136.56 -136.66 -136.78 -136.84 -136.84 -136.81 -136.75 -136.66 -136.50 -136.22 -135.91
-139.25 -138.94 -138.59 -138.22 -137.81 -137.38 -136.91 -136.41 -135.88 -135.28 -134.66 -134.06 -133.62 -133.47 -133.38 -133.25 -133.12 -133.00 -132.88 -132.78 -132.66 -132.53 -132.41 -132.31 -132.25 -132.25 -132.25 -132.28 -132.25 -132.22 -132.12 -132.00 -131.88 -131.75 -131.69 -131.72 -131.94 -132.19 -132.50 -132.84 -133.25 -133.62 -133.94 -134.16 -134.31 -134.41 -134.66 -135.00 -135.38 -135.69 -135.97 -136.19 -136.28 -136.28 -136.19 -136.12 -136.22 -136.41 -136.56 -136.59 -136.56 -136.53 -136.47 -136.41 -136.28 -136.06 -135.75
-139.25 -138.94 -138.56 -138.19 -137.78 -137.31 -136.84 -136.38 -135.84 -135.28 -134.69 -134.12 -133.62 -133.34 -133.19 -133.06 -132.94 -132.81 -132.72 -132.62 -132.53 -132.44 -132.34 -132.22 -132.16 -132.09 -132.06 -132.06 -132.03 -132.00 -131.91 -131.78 -131.69 -131.62 -131.56 -131.59 -131.72 -131.91 -132.16 -132.47 -132.84 -133.22 -133.50 -133.72 -133.97 -134.25 -134.62 -134.97 -135.28 -135.59 -135.78 -135.91 -135.94 -135.88 -135.78 -135.72 -135.94 -136.19 -136.31 -136.31 -136.25 -136.19 -136.16 -136.09 -136.00 -135.84 -135.56
-139.19 -138.88 -138.50 -138.12 -137.69 -137.25 -136.78 -136.31 -135.78 -135.25 -134.69 -134.16 -133.66 -133.28 -133.03 -132.84 -132.72 -132.59 -132.53 -132.47 -132.44 -132.38 -132.28 -132.19 -132.09 -132.00 -131.94 -131.91 -131.88 -131.81 -131.72 -131.62 -131.53 -131.47 -131.44 -131.47 -131.53 -131.62 -131.78 -132.03 -132.38 -132.72 -133.03 -133.38 -133.75 -134.09 -134.47 -134.84 -135.16 -135.38 -135.50 -135.56 -135.53 -135.47 -135.31 -135.41 -135.72 -135.94 -136.06 -136.03 -135.91 -135.81 -135.75 -135.72 -135.62 -135.50 -135.31
-139.09 -138.78 -138.41 -138.03 -137.59 -137.16 -136.69 -136.19 -135.69 -135.16 -134.62 -134.09 -133.59 -133.16 -132.84 -132.62 -132.50 -132.41 -132.34 -132.31 -132.31 -132.28 -132.22 -132.16 -132.06 -131.97 -131.88 -131.81 -131.75 -131.69 -131.59 -131.50 -131.41 -131.38 -131.34 -131.34 -131.31 -131.34 -131.41 -131.50 -131.75 -132.16 -132.69 -133.16 -133.53 -133.91 -134.28 -134.62 -134.88 -135.06 -135.16 -135.16 -135.09 -134.97 -134.91 -135.12 -135.47 -135.69 -135.78 -135.72 -135.56 -135.41 -135.31 -135.22 -135.16 -135.06 -134.94
-139.03 -138.66 -138.28 -137.88 -137.44 -137.00 -136.53 -136.03 -135.50 -134.97 -134.44 -133.91 -133.41 -132.97 -132.62 -132.41 -132.28 -132.19 -132.16 -132.19 -132.19 -132.19 -132.19 -132.12 -132.06 -132.00 -131.91 -131.84 -131.75 -131.62 -131.53 -131.41 -131.31 -131.25 -131.22 -131.19 -131.16 -131.09 -131.06 -130.97 -131.19 -131.69 -132.34 -132.88 -133.25 -133.66 -134.03 -134.34 -134.56 -134.69 -134.75 -134.72 -134.62 -134.44 -134.47 -134.88 -135.19 -135.41 -135.47 -135.41 -135.25 -135.03 -134.84 -134.69 -134.62 -134.56 -134.44
-138.94 -138.56 -138.16 -137.72 -137.25 -136.78 -136.28 -135.81 -135.28 -134.78 -134.22 -133.62 -133.00 -132.56 -132.31 -132.16 -132.06 -132.00 -132.00 -132.06 -132.09 -132.12 -132.16 -132.16 -132.12 -132.09 -132.03 -131.97 -131.84 -131.72 -131.56 -131.38 -131.25 -131.16 -131.12 -131.06 -131.00 -130.91 -130.81 -130.66 -130.81 -131.31 -132.00 -132.59 -133.00 -133.38 -133.72 -134.00 -134.16 -134.25 -134.31 -134.28 -134.09 -133.91 -134.16 -134.59 -134.91 -135.09 -135.16 -135.09 -134.91 -134.66 -134.38 -134.09 -133.97 -133.94 -133.84
-138.91 -138.50 -138.06 -137.59 -137.09 -136.53 -136.03 -135.56 -135.06 -134.59 -133.97 -133.12 -132.38 -131.91 -131.72 -131.72 -131.78 -131.81 -131.88 -131.94 -132.06 -132.16 -132.22 -132.28 -132.28 -132.25 -132.19 -132.12 -132.03 -131.88 -131.69 -131.47 -131.25 -131.12 -131.03 -130.94 -130.84 -130.75 -130.62 -130.44 -130.50 -130.97 -131.66 -132.28 -132.69 -133.06 -133.41 -133.62 -133.75 -133.81 -133.84 -133.78 -133.59 -133.53 -133.94 -134.38 -134.62 -134.78 -134.78 -134.72 -134.56 -134.28 -133.94 -133.56 -133.28 -133.22 -133.19
-138.81 -138.44 -138.00 -137.53 -137.00 -136.38 -135.72 -135.16 -134.69 -134.22 -133.59 -132.81 -132.00 -131.38 -131.12 -131.19 -131.38 -131.53 -131.72 -131.94 -132.16 -132.28 -132.41 -132.44 -132.47 -132.47 -132.44 -132.38 -132.25 -132.09 -131.88 -131.62 -131.34 -131.16 -131.00 -130.88 -130.75 -130.62 -130.50 -130.25 -130.28 -130.72 -131.41 -132.00 -132.41 -132.78 -133.06 -133.22 -133.28 -133.31 -133.34 -133.25 -133.09 -133.31 -133.75 -134.12 -134.34 -134.44 -134.41 -134.31 -134.16 -133.91 -133.56 -133.12 -132.66 -132.47 -132.47
-138.66 -138.31 -137.94 -137.50 -137.00 -136.44 -135.81 -135.12 -134.47 -133.91 -133.34 -132.66 -131.88 -131.12 -130.72 -130.84 -131.19 -131.56 -131.88 -132.19 -132.38 -132.53 -132.62 -132.69 -132.72 -132.72 -132.72 -132.66 -132.56 -132.38 -132.16 -131.88 -131.56 -131.25 -131.03 -130.88 -130.72 -130.56 -130.34 -130.03 -130.09 -130.53 -131.22 -131.75 -132.12 -132.44 -132.69 -132.78 -132.81 -132.78 -132.75 -132.66 -132.75 -133.19 -133.56 -133.88 -134.03 -134.06 -133.97 -133.84 -133.69 -133.50 -133.16 -132.75 -132.25 -131.78 -131.69
-138.47 -138.19 -137.84 -137.47 -137.06 -136.56 -136.06 -135.50 -134.91 -134.22 -133.50 -132.69 -131.84 -131.06 -130.62 -130.94 -131.44 -131.88 -132.28 -132.56 -132.72 -132.81 -132.94 -133.00 -133.03 -133.03 -133.03 -133.03 -132.94 -132.75 -132.50 -132.19 -131.84 -131.47 -131.19 -131.00 -130.81 -130.59 -130.31 -130.00 -129.97 -130.41 -131.06 -131.50 -131.81 -132.09 -132.28 -132.31 -132.28 -132.19 -132.06 -132.19 -132.59 -133.00 -133.34 -133.59 -133.69 -133.66 -133.56 -133.38 -133.22 -133.03 -132.75 -132.38 -131.91 -131.44 -131.06
-138.34 -138.12 -137.84 -137.50 -137.12 -136.69 -136.22 -135.72 -135.19 -134.66 -133.81 -132.84 -131.84 -131.00 -130.81 -131.34 -131.97 -132.44 -132.78 -132.97 -133.09 -133.22 -133.28 -133.31 -133.34 -133.38 -133.41 -133.41 -133.34 -133.16 -132.88 -132.53 -132.16 -131.78 -131.50 -131.25 -131.00 -130.75 -130.50 -130.25 -130.06 -130.28 -130.88 -131.25 -131.50 -131.72 -131.84 -131.84 -131.75 -131.50 -131.50 -131.88 -132.38 -132.75 -133.06 -133.28 -133.34 -133.28 -133.12 -132.91 -132.69 -132.50 -132.28 -131.97 -131.56 -131.16 -130.75
-138.50 -138.22 -137.94 -137.62 -137.28 -136.88 -136.41 -135.88 -135.38 -134.91 -134.06 -132.94 -131.88 -131.12 -131.19 -131.91 -132.66 -133.06 -133.22 -133.41 -133.53 -133.66 -133.69 -133.69 -133.72 -133.75 -133.78 -133.81 -133.75 -133.56 -133.25 -132.88 -132.53 -132.19 -131.84 -131.56 -131.28 -131.09 -130.94 -130.75 -130.47 -130.31 -130.66 -130.97 -131.19 -131.34 -131.44 -131.38 -131.22 -130.91 -131.06 -131.66 -132.09 -132.44 -132.75 -132.94 -133.00 -132.91 -132.69 -132.38 -132.12 -131.97 -131.78 -131.50 -131.16 -130.81 -130.47
-138.62 -138.38 -138.09 -137.78 -137.41 -137.03 -136.56 -136.06 -135.59 -135.12 -134.25 -133.12 -132.12 -131.53 -131.78 -132.56 -133.31 -133.56 -133.69 -133.88 -134.03 -134.12 -134.12 -134.12 -134.12 -134.12 -134.19 -134.22 -134.16 -133.97 -133.62 -133.25 -132.91 -132.53 -132.19 -131.88 -131.66 -131.47 -131.28 -131.09 -130.88 -130.62 -130.53 -130.75 -130.88 -130.97 -131.00 -130.94 -130.69 -130.41 -130.72 -131.38 -131.78 -132.12 -132.41 -132.56 -132.62 -132.53 -132.31 -131.94 -131.50 -131.28 -131.19 -130.94 -130.59 -130.34 -130.09
-138.75 -138.50 -138.22 -137.91 -137.56 -137.16 -136.72 -136.25 -135.81 -135.34 -134.56 -133.53 -132.62 -132.16 -132.47 -133.25 -133.81 -134.00 -134.19 -134.34 -134.50 -134.59 -134.59 -134.59 -134.56 -134.56 -134.59 -134.62 -134.56 -134.34 -134.00 -133.62 -133.22 -132.84 -132.50 -132.25 -132.03 -131.81 -131.59 -131.34 -131.06 -130.81 -130.56 -130.50 -130.59 -130.62 -130.62 -130.50 -130.25 -130.00 -130.44 -131.06 -131.44 -131.78 -132.03 -132.22 -132.28 -132.22 -131.97 -131.62 -131.12 -130.62 -130.34 -130.06 -129.78 -129.69 -129.59
-138.81 -138.56 -138.31 -138.00 -137.69 -137.28 -136.88 -136.44 -136.00 -135.59 -135.00 -134.12 -133.28 -132.84 -133.22 -133.94 -134.28 -134.47 -134.66 -134.84 -134.97 -135.06 -135.06 -135.03 -135.03 -135.00 -135.00 -135.00 -134.91 -134.66 -134.28 -133.91 -133.50 -133.12 -132.88 -132.66 -132.44 -132.16 -131.84 -131.50 -131.16 -130.84 -130.56 -130.34 -130.31 -130.28 -130.25 -130.09 -129.84 -129.66 -130.16 -130.69 -131.09 -131.41 -131.66 -131.84 -131.94 -131.91 -131.69 -131.34 -130.91 -130.31 -129.69 -129.19 -128.81 -128.78 -128.97
-138.84 -138.62 -138.38 -138.06 -137.75 -137.41 -137.03 -136.62 -136.19 -135.78 -135.38 -134.72 -133.94 -133.47 -133.88 -134.41 -134.69 -134.91 -135.12 -135.28 -135.41 -135.50 -135.50 -135.47 -135.44 -135.44 -135.41 -135.38 -135.22 -134.91 -134.53 -134.12 -133.78 -133.53 -133.34 -133.09 -132.78 -132.41 -131.97 -131.56 -131.16 -130.78 -130.44 -130.19 -130.03 -129.97 -129.88 -129.75 -129.53 -129.38 -129.88 -130.38 -130.72 -131.00 -131.25 -131.47 -131.59 -131.59 -131.41 -131.09 -130.69 -130.16 -129.44 -128.69 -128.09 -127.97 -128.31
-138.81 -138.59 -138.34 -138.06 -137.78 -137.47 -137.12 -136.75 -136.34 -135.94 -135.56 -135.12 -134.38 -133.88 -134.28 -134.75 -135.03 -135.31 -135.53 -135.69 -135.81 -135.88 -135.91 -135.88 -135.84 -135.81 -135.78 -135.69 -135.47 -135.12 -134.75 -134.47 -134.25 -134.03 -133.78 -133.41 -132.94 -132.41 -131.91 -131.47 -131.03 -130.66 -130.28 -129.94 -129.75 -129.62 -129.50 -129.38 -129.22 -129.12 -129.59 -130.03 -130.31 -130.62 -130.88 -131.06 -131.22 -131.25 -131.12 -130.84 -130.47 -130.00 -129.41 -128.56 -127.75 -127.38 -127.75
-138.66 -138.50 -138.25 -138.00 -137.72 -137.44 -137.12 -136.78 -136.41 -136.03 -135.66 -135.28 -134.66 -134.19 -134.47 -134.97 -135.31 -135.59 -135.84 -136.03 -136.16 -136.22 -136.25 -136.25 -136.22 -136.16 -136.09 -135.94 -135.72 -135.41 -135.12 -134.91 -134.72 -134.44 -134.06 -133.53 -132.88 -132.22 -131.69 -131.25 -130.84 -130.44 -129.97 -129.62 -129.44 -129.28 -129.16 -129.06 -128.91 -128.78 -129.19 -129.69 -129.94 -130.22 -130.47 -130.69 -130.84 -130.94 -130.84 -130.59 -130.22 -129.78 -129.28 -128.56 -127.66 -127.06 -127.25
-138.44 -138.31 -138.09 -137.88 -137.62 -137.34 -137.06 -136.75 -136.41 -136.06 -135.75 -135.41 -134.91 -134.53 -134.62 -135.12 -135.50 -135.81 -136.09 -136.31 -136.44 -136.53 -136.56 -136.53 -136.50 -136.44 -136.34 -136.19 -136.00 -135.78 -135.56 -135.34 -135.09 -134.72 -134.22 -133.56 -132.66 -131.72 -131.09 -130.69 -130.34 -129.94 -129.47 -129.06 -128.91 -128.91 -128.84 -128.72 -128.44 -128.31 -128.66 -129.22 -129.56 -129.78 -130.06 -130.31 -130.50 -130.59 -130.53 -130.31 -129.97 -129.53 -129.06 -128.44 -127.59 -126.84 -126.81
-138.19 -138.06 -137.88 -137.69 -137.44 -137.19 -136.94 -136.69 -136.38 -136.09 -135.81 -135.53 -135.22 -135.03 -135.03 -135.34 -135.72 -136.00 -136.28 -136.50 -136.66 -136.75 -136.78 -136.78 -136.75 -136.69 -136.59 -136.44 -136.28 -136.09 -135.91 -135.69 -135.34 -134.91 -134.34 -133.56 -132.53 -131.62 -130.94 -130.53 -130.22 -129.81 -129.28 -128.78 -128.41 -128.28 -128.28 -128.12 -127.84 -127.78 -128.09 -128.62 -129.06 -129.38 -129.69 -129.94 -130.12 -130.22 -130.19 -130.00 -129.69 -129.28 -128.78 -128.19 -127.41 -126.66 -126.38
