everonasctiles/Tile39,49.asc
ncols 128
nrows 128
xllcorner 0
yllcorner 0
cellsize 2.0
NODATA_value  -9999
[rows 32 to 63 of 128, columns 0 to 70 of 128]
-100.56 -100.66 -100.72 -100.78 -100.81 -100.88 -100.91 -100.94 -101.00 -101.03 -101.09 -101.16 -101.22 -101.31 -101.41 -101.50 -101.59 -101.69 -101.78 -101.88 -101.97 -102.06 -102.19 -102.28 -102.38 -102.47 -102.56 -102.62 -102.69 -102.75 -102.81 -102.88 -102.94 -103.00 -103.06 -103.12 -103.22 -103.28 -103.34 -103.38 -103.41 -103.44 -103.44 -103.44 -103.47 -103.50 -103.50 -103.53 -103.56 -103.59 -103.59 -103.59 -103.56 -103.53 -103.50 -103.44 -103.41 -103.34 -103.31 -103.28 -103.28 -103.31 -103.34 -103.34 -103.38 -103.41 -103.41 -103.38 -103.38 -103.38 -103.41
-100.50 -100.59 -100.66 -100.72 -100.78 -100.81 -100.84 -100.91 -100.94 -101.00 -101.06 -101.12 -101.19 -101.28 -101.38 -101.47 -101.56 -101.69 -101.78 -101.88 -101.97 -102.06 -102.16 -102.25 -102.38 -102.47 -102.56 -102.62 -102.69 -102.75 -102.81 -102.84 -102.91 -102.97 -103.03 -103.12 -103.19 -103.28 -103.31 -103.34 -103.38 -103.41 -103.41 -103.41 -103.44 -103.44 -103.47 -103.50 -103.53 -103.56 -103.56 -103.56 -103.53 -103.50 -103.47 -103.41 -103.34 -103.28 -103.25 -103.22 -103.22 -103.22 -103.25 -103.31 -103.31 -103.31 -103.31 -103.31 -103.28 -103.28 -103.31
-100.44 -100.53 -100.59 -100.66 -100.72 -100.75 -100.81 -100.84 -100.91 -100.94 -101.00 -101.06 -101.16 -101.22 -101.31 -101.41 -101.53 -101.62 -101.75 -101.84 -101.94 -102.03 -102.12 -102.22 -102.34 -102.44 -102.53 -102.59 -102.69 -102.75 -102.78 -102.84 -102.88 -102.94 -103.03 -103.09 -103.19 -103.25 -103.28 -103.31 -103.34 -103.34 -103.38 -103.38 -103.38 -103.38 -103.41 -103.44 -103.47 -103.50 -103.50 -103.50 -103.47 -103.44 -103.41 -103.34 -103.28 -103.22 -103.16 -103.12 -103.12 -103.16 -103.19 -103.25 -103.25 -103.25 -103.22 -103.19 -103.19 -103.19 -103.22
-100.34 -100.44 -100.53 -100.59 -100.62 -100.69 -100.72 -100.78 -100.84 -100.91 -100.97 -101.00 -101.09 -101.16 -101.25 -101.34 -101.44 -101.56 -101.69 -101.78 -101.88 -101.97 -102.06 -102.19 -102.28 -102.38 -102.47 -102.56 -102.66 -102.72 -102.75 -102.81 -102.84 -102.91 -103.00 -103.06 -103.16 -103.19 -103.22 -103.25 -103.25 -103.28 -103.28 -103.28 -103.28 -103.28 -103.31 -103.34 -103.41 -103.44 -103.47 -103.44 -103.44 -103.38 -103.34 -103.28 -103.22 -103.16 -103.09 -103.06 -103.06 -103.09 -103.12 -103.16 -103.16 -103.12 -103.09 -103.06 -103.03 -103.03 -103.09
-100.25 -100.38 -100.44 -100.50 -100.56 -100.62 -100.66 -100.72 -100.78 -100.84 -100.91 -100.94 -101.00 -101.06 -101.16 -101.25 -101.38 -101.47 -101.59 -101.69 -101.81 -101.91 -102.00 -102.12 -102.22 -102.34 -102.44 -102.53 -102.59 -102.66 -102.72 -102.78 -102.81 -102.88 -102.94 -103.03 -103.09 -103.12 -103.16 -103.16 -103.16 -103.16 -103.16 -103.16 -103.16 -103.16 -103.19 -103.25 -103.31 -103.34 -103.38 -103.38 -103.34 -103.31 -103.25 -103.19 -103.12 -103.06 -103.00 -102.97 -102.97 -103.00 -103.03 -103.03 -103.03 -103.00 -102.94 -102.91 -102.88 -102.88 -102.97
-100.19 -100.28 -100.34 -100.41 -100.47 -100.53 -100.59 -100.66 -100.72 -100.78 -100.84 -100.88 -100.94 -101.00 -101.06 -101.16 -101.28 -101.38 -101.50 -101.59 -101.69 -101.81 -101.91 -102.03 -102.16 -102.28 -102.38 -102.47 -102.56 -102.62 -102.69 -102.72 -102.78 -102.84 -102.91 -102.97 -103.03 -103.06 -103.03 -103.03 -103.00 -103.00 -103.00 -103.00 -103.00 -103.00 -103.06 -103.12 -103.19 -103.25 -103.31 -103.31 -103.28 -103.22 -103.16 -103.09 -103.03 -102.94 -102.91 -102.88 -102.88 -102.91 -102.91 -102.91 -102.88 -102.81 -102.78 -102.72 -102.69 -102.72 -102.81
-100.09 -100.19 -100.25 -100.31 -100.38 -100.44 -100.53 -100.59 -100.66 -100.72 -100.78 -100.81 -100.84 -100.91 -100.97 -101.06 -101.16 -101.28 -101.41 -101.50 -101.59 -101.72 -101.81 -101.97 -102.09 -102.19 -102.31 -102.41 -102.50 -102.56 -102.62 -102.66 -102.72 -102.78 -102.81 -102.88 -102.91 -102.94 -102.91 -102.88 -102.81 -102.81 -102.78 -102.78 -102.78 -102.81 -102.88 -102.97 -103.06 -103.16 -103.19 -103.19 -103.19 -103.12 -103.06 -102.97 -102.91 -102.84 -102.78 -102.75 -102.78 -102.78 -102.78 -102.75 -102.72 -102.66 -102.59 -102.53 -102.47 -102.50 -102.62
-99.97 -100.06 -100.12 -100.22 -100.28 -100.34 -100.41 -100.50 -100.59 -100.66 -100.69 -100.72 -100.75 -100.81 -100.88 -100.97 -101.06 -101.19 -101.28 -101.41 -101.50 -101.62 -101.72 -101.84 -102.00 -102.09 -102.22 -102.31 -102.41 -102.47 -102.53 -102.59 -102.62 -102.69 -102.72 -102.78 -102.78 -102.78 -102.72 -102.69 -102.62 -102.56 -102.56 -102.53 -102.56 -102.59 -102.69 -102.78 -102.91 -103.00 -103.06 -103.06 -103.06 -103.00 -102.94 -102.84 -102.75 -102.69 -102.62 -102.62 -102.62 -102.62 -102.62 -102.59 -102.53 -102.47 -102.41 -102.31 -102.25 -102.31 -102.47
-99.81 -99.91 -100.00 -100.06 -100.12 -100.22 -100.31 -100.41 -100.50 -100.56 -100.62 -100.66 -100.69 -100.72 -100.78 -100.84 -100.97 -101.06 -101.19 -101.31 -101.41 -101.50 -101.62 -101.75 -101.88 -102.00 -102.12 -102.22 -102.31 -102.38 -102.44 -102.47 -102.53 -102.56 -102.59 -102.62 -102.62 -102.59 -102.53 -102.47 -102.38 -102.31 -102.28 -102.28 -102.28 -102.34 -102.47 -102.59 -102.75 -102.84 -102.91 -102.94 -102.91 -102.84 -102.78 -102.69 -102.59 -102.53 -102.47 -102.47 -102.47 -102.47 -102.44 -102.41 -102.38 -102.31 -102.22 -102.12 -102.06 -102.16 -102.34
-99.66 -99.72 -99.81 -99.88 -99.97 -100.06 -100.16 -100.28 -100.38 -100.44 -100.50 -100.56 -100.56 -100.59 -100.66 -100.75 -100.84 -100.97 -101.06 -101.19 -101.28 -101.38 -101.50 -101.59 -101.75 -101.88 -101.97 -102.09 -102.19 -102.25 -102.28 -102.34 -102.38 -102.41 -102.44 -102.47 -102.47 -102.41 -102.31 -102.22 -102.12 -102.03 -102.00 -102.00 -102.03 -102.09 -102.25 -102.41 -102.56 -102.66 -102.72 -102.75 -102.72 -102.69 -102.62 -102.53 -102.44 -102.38 -102.31 -102.28 -102.28 -102.28 -102.28 -102.22 -102.19 -102.12 -102.03 -101.97 -101.91 -102.03 -102.22
-99.44 -99.50 -99.59 -99.69 -99.78 -99.88 -100.00 -100.09 -100.22 -100.31 -100.38 -100.44 -100.47 -100.47 -100.53 -100.59 -100.72 -100.81 -100.94 -101.06 -101.16 -101.25 -101.34 -101.47 -101.59 -101.72 -101.84 -101.94 -102.03 -102.09 -102.12 -102.16 -102.19 -102.22 -102.25 -102.25 -102.25 -102.19 -102.09 -101.97 -101.84 -101.75 -101.69 -101.66 -101.72 -101.84 -102.00 -102.19 -102.34 -102.44 -102.53 -102.53 -102.53 -102.50 -102.44 -102.34 -102.25 -102.19 -102.12 -102.09 -102.09 -102.09 -102.06 -102.03 -101.97 -101.91 -101.84 -101.78 -101.78 -101.91 -102.06
-99.19 -99.28 -99.34 -99.44 -99.53 -99.66 -99.78 -99.91 -100.03 -100.16 -100.22 -100.28 -100.31 -100.34 -100.38 -100.47 -100.56 -100.69 -100.78 -100.91 -101.00 -101.06 -101.16 -101.28 -101.44 -101.56 -101.69 -101.78 -101.84 -101.91 -101.94 -101.97 -101.97 -102.00 -102.00 -102.03 -102.00 -101.94 -101.84 -101.72 -101.56 -101.44 -101.34 -101.34 -101.44 -101.59 -101.78 -101.97 -102.09 -102.22 -102.31 -102.31 -102.31 -102.28 -102.22 -102.16 -102.06 -102.00 -101.91 -101.88 -101.88 -101.88 -101.84 -101.81 -101.75 -101.69 -101.62 -101.56 -101.59 -101.69 -101.88
-98.91 -99.00 -99.06 -99.16 -99.28 -99.41 -99.53 -99.69 -99.81 -99.94 -100.06 -100.12 -100.16 -100.19 -100.22 -100.28 -100.38 -100.50 -100.62 -100.72 -100.81 -100.88 -100.97 -101.12 -101.25 -101.41 -101.50 -101.59 -101.69 -101.72 -101.75 -101.75 -101.75 -101.75 -101.75 -101.75 -101.72 -101.66 -101.56 -101.44 -101.28 -101.16 -101.00 -101.00 -101.19 -101.34 -101.53 -101.69 -101.88 -102.00 -102.09 -102.12 -102.09 -102.03 -102.00 -101.91 -101.84 -101.78 -101.69 -101.66 -101.66 -101.62 -101.59 -101.56 -101.53 -101.47 -101.41 -101.34 -101.34 -101.44 -101.59
-98.62 -98.69 -98.75 -98.84 -98.97 -99.09 -99.25 -99.41 -99.56 -99.72 -99.84 -99.91 -99.97 -100.00 -100.03 -100.09 -100.19 -100.31 -100.41 -100.50 -100.59 -100.69 -100.78 -100.94 -101.09 -101.22 -101.34 -101.41 -101.47 -101.53 -101.53 -101.53 -101.50 -101.50 -101.47 -101.44 -101.41 -101.34 -101.25 -101.12 -101.00 -100.84 -100.69 -100.69 -100.91 -101.09 -101.25 -101.44 -101.62 -101.78 -101.88 -101.91 -101.88 -101.81 -101.75 -101.66 -101.59 -101.53 -101.47 -101.41 -101.38 -101.38 -101.34 -101.31 -101.25 -101.22 -101.12 -101.06 -101.06 -101.16 -101.28
-98.28 -98.34 -98.41 -98.50 -98.62 -98.78 -98.94 -99.12 -99.31 -99.47 -99.59 -99.69 -99.75 -99.81 -99.84 -99.91 -99.97 -100.09 -100.19 -100.25 -100.34 -100.47 -100.59 -100.75 -100.91 -101.03 -101.16 -101.22 -101.28 -101.31 -101.31 -101.28 -101.25 -101.22 -101.16 -101.12 -101.06 -101.00 -100.94 -100.84 -100.69 -100.53 -100.38 -100.41 -100.59 -100.81 -101.00 -101.19 -101.41 -101.53 -101.62 -101.66 -101.62 -101.59 -101.50 -101.41 -101.31 -101.25 -101.19 -101.12 -101.09 -101.06 -101.06 -101.03 -101.00 -100.94 -100.88 -100.78 -100.78 -100.81 -100.94
-97.94 -97.97 -98.03 -98.12 -98.25 -98.44 -98.62 -98.81 -99.00 -99.16 -99.31 -99.44 -99.50 -99.56 -99.62 -99.66 -99.75 -99.81 -99.91 -100.00 -100.09 -100.22 -100.38 -100.56 -100.72 -100.84 -100.94 -101.00 -101.06 -101.09 -101.09 -101.06 -101.00 -100.94 -100.88 -100.81 -100.75 -100.69 -100.62 -100.53 -100.41 -100.25 -100.09 -100.06 -100.28 -100.50 -100.75 -100.97 -101.16 -101.28 -101.38 -101.41 -101.41 -101.34 -101.22 -101.09 -101.00 -100.94 -100.88 -100.84 -100.81 -100.78 -100.75 -100.72 -100.69 -100.66 -100.56 -100.50 -100.44 -100.44 -100.47
-97.56 -97.59 -97.66 -97.75 -97.88 -98.06 -98.25 -98.44 -98.66 -98.84 -99.00 -99.16 -99.25 -99.31 -99.38 -99.41 -99.47 -99.53 -99.62 -99.72 -99.84 -100.00 -100.19 -100.34 -100.53 -100.62 -100.72 -100.78 -100.84 -100.88 -100.88 -100.81 -100.75 -100.66 -100.56 -100.50 -100.41 -100.34 -100.28 -100.22 -100.12 -100.00 -99.84 -99.78 -100.00 -100.28 -100.53 -100.75 -100.91 -101.03 -101.09 -101.12 -101.12 -101.06 -100.94 -100.81 -100.66 -100.59 -100.53 -100.50 -100.47 -100.44 -100.44 -100.44 -100.41 -100.34 -100.25 -100.16 -100.06 -99.97 -99.88
-97.19 -97.22 -97.28 -97.34 -97.47 -97.66 -97.84 -98.06 -98.28 -98.50 -98.69 -98.84 -98.97 -99.03 -99.06 -99.09 -99.12 -99.22 -99.31 -99.44 -99.56 -99.75 -99.97 -100.16 -100.31 -100.41 -100.50 -100.56 -100.59 -100.62 -100.59 -100.56 -100.50 -100.41 -100.31 -100.19 -100.09 -100.00 -99.97 -99.91 -99.84 -99.75 -99.66 -99.62 -99.84 -100.09 -100.31 -100.50 -100.66 -100.75 -100.78 -100.84 -100.84 -100.78 -100.66 -100.47 -100.31 -100.22 -100.16 -100.16 -100.12 -100.09 -100.09 -100.09 -100.09 -100.03 -99.94 -99.84 -99.72 -99.50 -99.31
-96.78 -96.84 -96.88 -96.94 -97.06 -97.22 -97.44 -97.69 -97.94 -98.16 -98.34 -98.50 -98.62 -98.72 -98.75 -98.75 -98.78 -98.88 -98.97 -99.12 -99.31 -99.53 -99.75 -99.94 -100.06 -100.16 -100.25 -100.31 -100.34 -100.34 -100.34 -100.28 -100.25 -100.16 -100.06 -99.94 -99.81 -99.72 -99.66 -99.62 -99.59 -99.53 -99.50 -99.53 -99.72 -99.91 -100.09 -100.28 -100.38 -100.47 -100.50 -100.53 -100.56 -100.50 -100.34 -100.12 -99.94 -99.81 -99.78 -99.78 -99.75 -99.72 -99.75 -99.75 -99.75 -99.69 -99.59 -99.50 -99.34 -99.12 -98.97
-96.41 -96.47 -96.50 -96.56 -96.62 -96.78 -97.00 -97.28 -97.56 -97.78 -98.00 -98.16 -98.28 -98.34 -98.38 -98.38 -98.41 -98.50 -98.66 -98.84 -99.06 -99.28 -99.50 -99.69 -99.81 -99.91 -99.97 -100.03 -100.06 -100.06 -100.03 -100.00 -99.97 -99.91 -99.81 -99.69 -99.53 -99.44 -99.38 -99.38 -99.34 -99.34 -99.34 -99.44 -99.59 -99.75 -99.88 -100.00 -100.09 -100.16 -100.22 -100.25 -100.25 -100.16 -100.00 -99.78 -99.56 -99.41 -99.38 -99.38 -99.34 -99.34 -99.34 -99.41 -99.41 -99.34 -99.25 -99.12 -99.00 -98.84 -98.84
-96.00 -96.06 -96.12 -96.16 -96.19 -96.34 -96.59 -96.88 -97.16 -97.38 -97.59 -97.75 -97.88 -97.94 -97.97 -97.97 -98.03 -98.12 -98.31 -98.53 -98.78 -99.03 -99.25 -99.41 -99.53 -99.62 -99.66 -99.72 -99.75 -99.75 -99.72 -99.72 -99.69 -99.62 -99.56 -99.44 -99.31 -99.19 -99.12 -99.12 -99.16 -99.16 -99.22 -99.31 -99.41 -99.53 -99.62 -99.72 -99.81 -99.88 -99.94 -99.97 -99.94 -99.81 -99.66 -99.44 -99.19 -99.00 -98.97 -98.97 -98.94 -98.94 -98.94 -99.00 -99.03 -98.97 -98.84 -98.75 -98.66 -98.53 -98.72
-95.59 -95.69 -95.72 -95.72 -95.78 -95.91 -96.16 -96.44 -96.72 -96.94 -97.16 -97.31 -97.44 -97.50 -97.53 -97.53 -97.59 -97.75 -97.97 -98.22 -98.50 -98.72 -98.94 -99.12 -99.22 -99.31 -99.34 -99.38 -99.41 -99.41 -99.41 -99.41 -99.38 -99.34 -99.28 -99.19 -99.06 -98.97 -98.94 -98.94 -98.97 -99.00 -99.06 -99.12 -99.22 -99.31 -99.38 -99.44 -99.50 -99.56 -99.62 -99.62 -99.59 -99.47 -99.28 -99.06 -98.81 -98.59 -98.53 -98.53 -98.50 -98.50 -98.53 -98.59 -98.62 -98.56 -98.44 -98.34 -98.25 -98.25 -98.50
-95.19 -95.28 -95.31 -95.31 -95.34 -95.50 -95.72 -95.97 -96.22 -96.47 -96.69 -96.84 -96.97 -97.03 -97.03 -97.06 -97.16 -97.38 -97.62 -97.88 -98.16 -98.41 -98.62 -98.81 -98.91 -98.97 -99.00 -99.03 -99.03 -99.03 -99.06 -99.06 -99.09 -99.06 -99.00 -98.94 -98.84 -98.75 -98.72 -98.72 -98.78 -98.81 -98.88 -98.94 -99.00 -99.06 -99.09 -99.16 -99.22 -99.25 -99.31 -99.28 -99.22 -99.06 -98.88 -98.66 -98.38 -98.16 -98.09 -98.06 -98.03 -98.03 -98.06 -98.12 -98.16 -98.12 -98.03 -97.91 -97.84 -97.94 -98.19
-94.78 -94.84 -94.88 -94.91 -94.94 -95.03 -95.25 -95.47 -95.75 -95.97 -96.19 -96.34 -96.47 -96.53 -96.56 -96.59 -96.75 -96.97 -97.25 -97.53 -97.81 -98.09 -98.31 -98.47 -98.56 -98.59 -98.62 -98.62 -98.66 -98.66 -98.72 -98.75 -98.78 -98.78 -98.72 -98.66 -98.59 -98.53 -98.50 -98.53 -98.59 -98.66 -98.69 -98.75 -98.78 -98.81 -98.81 -98.84 -98.88 -98.94 -98.97 -98.94 -98.84 -98.66 -98.44 -98.12 -97.84 -97.66 -97.59 -97.59 -97.56 -97.53 -97.56 -97.62 -97.69 -97.66 -97.56 -97.47 -97.41 -97.56 -97.81
-94.38 -94.44 -94.44 -94.47 -94.50 -94.56 -94.75 -94.97 -95.22 -95.47 -95.69 -95.84 -95.94 -96.00 -96.06 -96.12 -96.31 -96.56 -96.88 -97.16 -97.47 -97.75 -97.97 -98.09 -98.19 -98.22 -98.22 -98.22 -98.25 -98.28 -98.34 -98.41 -98.47 -98.47 -98.44 -98.38 -98.31 -98.28 -98.28 -98.31 -98.38 -98.44 -98.50 -98.53 -98.53 -98.53 -98.53 -98.53 -98.56 -98.59 -98.62 -98.59 -98.44 -98.19 -97.84 -97.44 -97.12 -97.06 -97.09 -97.09 -97.06 -97.03 -97.06 -97.12 -97.16 -97.16 -97.09 -97.00 -97.00 -97.16 -97.41
-93.97 -93.97 -94.00 -94.00 -94.03 -94.09 -94.22 -94.47 -94.72 -94.94 -95.16 -95.31 -95.44 -95.50 -95.56 -95.69 -95.88 -96.19 -96.50 -96.81 -97.12 -97.38 -97.56 -97.72 -97.78 -97.78 -97.78 -97.78 -97.81 -97.88 -97.97 -98.06 -98.12 -98.16 -98.12 -98.09 -98.06 -98.03 -98.06 -98.09 -98.16 -98.22 -98.25 -98.28 -98.28 -98.25 -98.22 -98.19 -98.19 -98.22 -98.25 -98.22 -98.06 -97.75 -97.28 -96.69 -96.31 -96.44 -96.56 -96.59 -96.56 -96.50 -96.50 -96.56 -96.62 -96.62 -96.59 -96.53 -96.56 -96.72 -96.97
-93.53 -93.53 -93.53 -93.53 -93.56 -93.59 -93.69 -93.94 -94.19 -94.41 -94.62 -94.78 -94.91 -95.00 -95.09 -95.25 -95.50 -95.81 -96.12 -96.47 -96.75 -97.00 -97.16 -97.28 -97.34 -97.34 -97.34 -97.34 -97.38 -97.47 -97.59 -97.72 -97.78 -97.81 -97.81 -97.78 -97.78 -97.78 -97.81 -97.84 -97.91 -97.97 -98.00 -98.00 -98.00 -97.94 -97.88 -97.84 -97.81 -97.84 -97.84 -97.84 -97.69 -97.38 -96.91 -96.25 -95.72 -95.84 -96.03 -96.09 -96.03 -95.94 -95.94 -96.03 -96.09 -96.09 -96.06 -96.06 -96.09 -96.25 -96.44
-93.12 -93.09 -93.06 -93.06 -93.06 -93.06 -93.12 -93.38 -93.66 -93.88 -94.09 -94.25 -94.41 -94.53 -94.66 -94.84 -95.12 -95.44 -95.78 -96.09 -96.34 -96.56 -96.69 -96.81 -96.84 -96.88 -96.88 -96.88 -96.94 -97.06 -97.22 -97.34 -97.44 -97.47 -97.47 -97.47 -97.47 -97.50 -97.53 -97.59 -97.62 -97.69 -97.69 -97.72 -97.69 -97.62 -97.56 -97.47 -97.41 -97.41 -97.41 -97.38 -97.31 -97.06 -96.62 -96.09 -95.47 -95.34 -95.53 -95.56 -95.47 -95.38 -95.31 -95.38 -95.50 -95.53 -95.56 -95.56 -95.62 -95.75 -95.88
-92.72 -92.66 -92.59 -92.56 -92.53 -92.50 -92.56 -92.81 -93.09 -93.34 -93.56 -93.75 -93.91 -94.03 -94.22 -94.44 -94.72 -95.06 -95.38 -95.66 -95.91 -96.06 -96.22 -96.31 -96.34 -96.38 -96.38 -96.41 -96.50 -96.66 -96.84 -97.00 -97.06 -97.09 -97.09 -97.09 -97.16 -97.19 -97.25 -97.31 -97.34 -97.38 -97.38 -97.38 -97.34 -97.28 -97.19 -97.06 -96.97 -96.91 -96.88 -96.88 -96.81 -96.66 -96.34 -95.88 -95.38 -95.03 -95.03 -95.00 -94.91 -94.75 -94.53 -94.47 -94.59 -94.78 -94.91 -95.03 -95.12 -95.22 -95.25
-92.31 -92.22 -92.12 -92.06 -92.00 -91.94 -91.97 -92.25 -92.56 -92.81 -93.03 -93.22 -93.41 -93.59 -93.78 -94.03 -94.34 -94.66 -94.94 -95.19 -95.41 -95.56 -95.69 -95.75 -95.81 -95.84 -95.88 -95.94 -96.06 -96.28 -96.47 -96.59 -96.66 -96.69 -96.69 -96.75 -96.81 -96.88 -96.94 -96.97 -97.00 -97.03 -97.03 -97.03 -97.00 -96.91 -96.78 -96.62 -96.50 -96.38 -96.34 -96.31 -96.28 -96.16 -95.94 -95.56 -95.16 -94.75 -94.56 -94.47 -94.31 -94.09 -93.66 -93.47 -93.50 -93.72 -94.16 -94.44 -94.56 -94.62 -94.56
-91.91 -91.81 -91.69 -91.59 -91.47 -91.31 -91.38 -91.75 -92.03 -92.31 -92.53 -92.72 -92.94 -93.12 -93.34 -93.62 -93.91 -94.22 -94.50 -94.69 -94.88 -95.00 -95.12 -95.22 -95.28 -95.34 -95.38 -95.47 -95.66 -95.88 -96.06 -96.19 -96.25 -96.28 -96.31 -96.34 -96.44 -96.50 -96.56 -96.59 -96.62 -96.62 -96.62 -96.62 -96.59 -96.50 -96.34 -96.16 -96.00 -95.84 -95.75 -95.72 -95.69 -95.59 -95.41 -95.12 -94.75 -94.41 -94.12 -93.94 -93.72 -93.38 -92.81 -92.44 -92.41 -92.66 -93.22 -93.75 -93.97 -94.03 -93.88
-91.50 -91.38 -91.25 -91.09 -90.94 -90.75 -90.88 -91.28 -91.56 -91.81 -92.03 -92.25 -92.47 -92.69 -92.91 -93.19 -93.47 -93.75 -94.00 -94.19 -94.31 -94.44 -94.53 -94.62 -94.72 -94.81 -94.91 -95.03 -95.22 -95.44 -95.62 -95.75 -95.84 -95.84 -95.88 -95.94 -96.03 -96.09 -96.16 -96.19 -96.22 -96.22 -96.22 -96.19 -96.12 -96.03 -95.88 -95.66 -95.47 -95.25 -95.12 -95.09 -95.06 -94.97 -94.81 -94.56 -94.28 -93.94 -93.66 -93.38 -93.09 -92.69 -91.94 -91.44 -91.31 -91.62 -92.34 -93.03 -93.34 -93.44 -93.22
