everonasctiles/Tile37,47.asc
ncols 128
nrows 128
xllcorner 0
yllcorner 0
cellsize 2.0
NODATA_value  -9999
[rows 32 to 63 of 128, columns 0 to 70 of 128]
-48.38 -48.38 -48.41 -48.38 -48.25 -48.00 -47.56 -47.00 -46.25 -45.44 -44.88 -44.66 -44.53 -44.34 -44.09 -43.84 -43.62 -43.41 -43.19 -42.97 -42.72 -42.31 -42.03 -42.47 -43.19 -43.59 -43.91 -44.25 -44.56 -44.88 -45.12 -45.34 -45.50 -45.66 -45.72 -45.78 -45.78 -45.72 -45.59 -45.47 -45.31 -45.12 -44.94 -44.66 -44.38 -44.06 -43.72 -43.41 -43.09 -42.88 -42.75 -42.66 -42.59 -42.59 -42.59 -42.59 -42.59 -42.62 -42.69 -42.78 -42.84 -42.88 -42.91 -42.91 -42.88 -42.81 -42.72 -42.62 -42.56 -42.50 -42.53
-48.94 -48.91 -48.91 -48.81 -48.56 -48.16 -47.62 -46.94 -46.19 -45.62 -45.44 -45.22 -44.97 -44.72 -44.44 -44.16 -43.91 -43.69 -43.50 -43.25 -43.03 -42.59 -42.34 -42.81 -43.44 -43.81 -44.09 -44.41 -44.72 -45.00 -45.22 -45.41 -45.56 -45.69 -45.75 -45.78 -45.78 -45.72 -45.62 -45.50 -45.38 -45.22 -45.06 -44.81 -44.53 -44.25 -43.94 -43.59 -43.28 -43.03 -42.81 -42.69 -42.59 -42.56 -42.56 -42.53 -42.56 -42.59 -42.66 -42.72 -42.81 -42.84 -42.88 -42.84 -42.78 -42.72 -42.62 -42.50 -42.41 -42.38 -42.41
-49.44 -49.41 -49.31 -49.12 -48.75 -48.25 -47.59 -46.91 -46.38 -46.16 -45.94 -45.66 -45.38 -45.06 -44.72 -44.44 -44.19 -44.00 -43.81 -43.59 -43.34 -42.88 -42.69 -43.16 -43.72 -44.00 -44.28 -44.59 -44.84 -45.09 -45.31 -45.47 -45.62 -45.69 -45.75 -45.78 -45.75 -45.69 -45.62 -45.53 -45.44 -45.31 -45.16 -44.94 -44.69 -44.44 -44.12 -43.78 -43.44 -43.16 -42.88 -42.69 -42.56 -42.50 -42.47 -42.47 -42.47 -42.53 -42.59 -42.69 -42.75 -42.78 -42.78 -42.75 -42.69 -42.59 -42.50 -42.41 -42.31 -42.25 -42.28
-49.88 -49.78 -49.62 -49.31 -48.88 -48.31 -47.69 -47.12 -46.88 -46.66 -46.38 -46.06 -45.69 -45.31 -44.97 -44.66 -44.44 -44.28 -44.12 -43.91 -43.66 -43.19 -43.00 -43.47 -43.94 -44.19 -44.47 -44.75 -44.97 -45.19 -45.38 -45.53 -45.62 -45.72 -45.75 -45.75 -45.75 -45.69 -45.62 -45.53 -45.44 -45.34 -45.22 -45.03 -44.81 -44.53 -44.25 -43.91 -43.56 -43.25 -42.94 -42.69 -42.50 -42.41 -42.34 -42.34 -42.41 -42.47 -42.53 -42.59 -42.66 -42.69 -42.69 -42.62 -42.59 -42.50 -42.41 -42.31 -42.22 -42.16 -42.19
-50.22 -50.09 -49.84 -49.50 -49.03 -48.47 -47.94 -47.56 -47.31 -47.06 -46.75 -46.34 -45.94 -45.53 -45.12 -44.84 -44.72 -44.59 -44.44 -44.22 -43.97 -43.50 -43.34 -43.72 -44.16 -44.41 -44.66 -44.88 -45.09 -45.28 -45.44 -45.56 -45.66 -45.72 -45.75 -45.75 -45.72 -45.69 -45.59 -45.50 -45.44 -45.31 -45.19 -45.03 -44.84 -44.59 -44.31 -44.00 -43.66 -43.31 -43.00 -42.66 -42.41 -42.28 -42.22 -42.25 -42.28 -42.38 -42.44 -42.50 -42.53 -42.56 -42.53 -42.53 -42.47 -42.41 -42.31 -42.22 -42.16 -42.09 -42.12
-50.53 -50.31 -50.00 -49.62 -49.19 -48.69 -48.25 -47.97 -47.72 -47.41 -47.03 -46.59 -46.12 -45.62 -45.22 -45.06 -45.00 -44.91 -44.75 -44.56 -44.28 -43.91 -43.75 -43.97 -44.34 -44.59 -44.81 -45.00 -45.19 -45.34 -45.50 -45.59 -45.66 -45.72 -45.72 -45.75 -45.72 -45.66 -45.56 -45.47 -45.38 -45.28 -45.16 -45.00 -44.84 -44.62 -44.38 -44.06 -43.75 -43.41 -43.06 -42.69 -42.31 -42.09 -42.06 -42.12 -42.19 -42.25 -42.34 -42.38 -42.41 -42.41 -42.41 -42.38 -42.34 -42.31 -42.22 -42.16 -42.09 -42.06 -42.09
-50.69 -50.44 -50.12 -49.75 -49.31 -48.91 -48.59 -48.31 -48.06 -47.69 -47.25 -46.78 -46.25 -45.72 -45.38 -45.34 -45.31 -45.22 -45.06 -44.88 -44.66 -44.38 -44.28 -44.38 -44.59 -44.78 -44.97 -45.12 -45.31 -45.44 -45.53 -45.62 -45.69 -45.72 -45.72 -45.72 -45.69 -45.62 -45.53 -45.44 -45.31 -45.22 -45.09 -44.94 -44.78 -44.59 -44.38 -44.12 -43.81 -43.50 -43.19 -42.81 -42.41 -42.06 -41.91 -42.00 -42.09 -42.19 -42.25 -42.25 -42.28 -42.28 -42.28 -42.25 -42.25 -42.22 -42.16 -42.12 -42.06 -42.03 -42.06
-50.78 -50.50 -50.19 -49.84 -49.47 -49.16 -48.91 -48.62 -48.31 -47.91 -47.47 -46.97 -46.44 -45.91 -45.72 -45.69 -45.66 -45.56 -45.41 -45.25 -45.09 -44.97 -44.91 -44.94 -44.97 -45.03 -45.16 -45.28 -45.41 -45.50 -45.59 -45.66 -45.69 -45.72 -45.72 -45.72 -45.66 -45.59 -45.50 -45.41 -45.28 -45.16 -45.03 -44.91 -44.75 -44.59 -44.38 -44.16 -43.88 -43.59 -43.31 -43.00 -42.69 -42.38 -42.09 -42.00 -42.06 -42.12 -42.16 -42.16 -42.16 -42.16 -42.16 -42.16 -42.16 -42.12 -42.09 -42.06 -42.03 -42.00 -42.00
-50.84 -50.56 -50.25 -49.94 -49.69 -49.44 -49.19 -48.91 -48.56 -48.12 -47.69 -47.19 -46.69 -46.25 -46.12 -46.03 -45.97 -45.88 -45.72 -45.59 -45.47 -45.41 -45.38 -45.34 -45.31 -45.34 -45.38 -45.44 -45.53 -45.59 -45.62 -45.69 -45.69 -45.72 -45.69 -45.69 -45.66 -45.59 -45.50 -45.38 -45.28 -45.16 -45.03 -44.88 -44.72 -44.56 -44.38 -44.16 -43.94 -43.69 -43.41 -43.16 -42.88 -42.62 -42.38 -42.16 -42.06 -42.06 -42.09 -42.09 -42.06 -42.06 -42.06 -42.09 -42.09 -42.09 -42.06 -42.03 -42.00 -41.97 -41.94
-50.91 -50.62 -50.34 -50.12 -49.94 -49.72 -49.47 -49.16 -48.78 -48.38 -47.94 -47.47 -47.03 -46.69 -46.50 -46.38 -46.31 -46.19 -46.06 -45.97 -45.88 -45.78 -45.75 -45.69 -45.66 -45.62 -45.62 -45.62 -45.66 -45.66 -45.69 -45.69 -45.69 -45.69 -45.69 -45.66 -45.62 -45.56 -45.50 -45.41 -45.28 -45.19 -45.03 -44.91 -44.72 -44.56 -44.38 -44.19 -44.00 -43.78 -43.53 -43.28 -43.03 -42.78 -42.53 -42.31 -42.16 -42.12 -42.12 -42.09 -42.06 -42.06 -42.06 -42.06 -42.06 -42.06 -42.06 -42.03 -41.97 -41.94 -41.91
-51.00 -50.75 -50.53 -50.34 -50.19 -49.97 -49.72 -49.38 -49.00 -48.62 -48.22 -47.78 -47.38 -47.09 -46.88 -46.72 -46.62 -46.53 -46.41 -46.31 -46.22 -46.12 -46.09 -46.03 -45.97 -45.91 -45.84 -45.81 -45.78 -45.75 -45.72 -45.72 -45.69 -45.69 -45.66 -45.66 -45.62 -45.56 -45.50 -45.41 -45.31 -45.22 -45.06 -44.94 -44.78 -44.59 -44.44 -44.25 -44.09 -43.88 -43.69 -43.44 -43.19 -42.91 -42.66 -42.44 -42.28 -42.25 -42.25 -42.22 -42.19 -42.19 -42.16 -42.16 -42.12 -42.12 -42.09 -42.06 -42.00 -41.94 -41.91
-51.19 -50.94 -50.75 -50.59 -50.44 -50.22 -49.94 -49.59 -49.25 -48.88 -48.47 -48.09 -47.75 -47.44 -47.22 -47.06 -46.94 -46.84 -46.75 -46.62 -46.53 -46.47 -46.41 -46.34 -46.25 -46.16 -46.06 -45.97 -45.88 -45.81 -45.75 -45.72 -45.69 -45.66 -45.66 -45.62 -45.59 -45.56 -45.50 -45.44 -45.34 -45.25 -45.12 -44.97 -44.84 -44.69 -44.53 -44.38 -44.19 -44.00 -43.78 -43.56 -43.31 -43.03 -42.78 -42.56 -42.44 -42.41 -42.38 -42.38 -42.34 -42.31 -42.28 -42.25 -42.22 -42.19 -42.16 -42.09 -42.03 -42.00 -41.94
-51.34 -51.16 -50.97 -50.81 -50.62 -50.41 -50.12 -49.81 -49.47 -49.09 -48.75 -48.38 -48.06 -47.78 -47.53 -47.34 -47.22 -47.12 -47.03 -46.94 -46.84 -46.78 -46.69 -46.59 -46.50 -46.38 -46.22 -46.09 -45.97 -45.88 -45.78 -45.72 -45.66 -45.62 -45.62 -45.59 -45.59 -45.56 -45.50 -45.44 -45.38 -45.28 -45.16 -45.03 -44.91 -44.78 -44.62 -44.47 -44.31 -44.12 -43.91 -43.69 -43.44 -43.19 -42.94 -42.75 -42.62 -42.56 -42.53 -42.50 -42.47 -42.44 -42.41 -42.34 -42.31 -42.28 -42.22 -42.19 -42.12 -42.06 -42.00
-51.50 -51.31 -51.12 -50.97 -50.78 -50.56 -50.28 -49.97 -49.62 -49.31 -48.97 -48.62 -48.34 -48.06 -47.81 -47.62 -47.47 -47.38 -47.28 -47.19 -47.09 -47.00 -46.94 -46.81 -46.69 -46.50 -46.34 -46.19 -46.00 -45.88 -45.75 -45.69 -45.62 -45.59 -45.59 -45.56 -45.56 -45.53 -45.50 -45.44 -45.38 -45.31 -45.22 -45.09 -45.00 -44.88 -44.75 -44.59 -44.44 -44.25 -44.03 -43.81 -43.59 -43.34 -43.12 -42.94 -42.81 -42.75 -42.69 -42.66 -42.59 -42.56 -42.50 -42.47 -42.41 -42.38 -42.31 -42.25 -42.19 -42.12 -42.06
-51.59 -51.41 -51.25 -51.06 -50.84 -50.62 -50.38 -50.09 -49.78 -49.47 -49.16 -48.84 -48.56 -48.31 -48.06 -47.88 -47.69 -47.59 -47.47 -47.38 -47.31 -47.19 -47.09 -46.94 -46.78 -46.59 -46.41 -46.19 -46.03 -45.84 -45.72 -45.62 -45.59 -45.56 -45.53 -45.53 -45.53 -45.50 -45.47 -45.44 -45.38 -45.31 -45.25 -45.16 -45.06 -44.94 -44.81 -44.69 -44.53 -44.34 -44.16 -43.94 -43.72 -43.50 -43.31 -43.12 -43.00 -42.91 -42.81 -42.75 -42.69 -42.66 -42.59 -42.53 -42.50 -42.44 -42.38 -42.31 -42.25 -42.19 -42.09
-51.62 -51.44 -51.25 -51.06 -50.84 -50.62 -50.41 -50.12 -49.88 -49.56 -49.28 -49.00 -48.75 -48.50 -48.25 -48.06 -47.88 -47.75 -47.62 -47.53 -47.44 -47.31 -47.19 -47.03 -46.84 -46.62 -46.41 -46.22 -46.00 -45.81 -45.66 -45.56 -45.50 -45.47 -45.47 -45.50 -45.47 -45.47 -45.44 -45.41 -45.38 -45.31 -45.25 -45.19 -45.09 -45.00 -44.88 -44.75 -44.59 -44.44 -44.25 -44.06 -43.88 -43.66 -43.47 -43.31 -43.16 -43.03 -42.94 -42.84 -42.78 -42.72 -42.66 -42.59 -42.53 -42.50 -42.44 -42.38 -42.28 -42.22 -42.12
-51.62 -51.41 -51.19 -50.97 -50.75 -50.53 -50.31 -50.09 -49.88 -49.62 -49.38 -49.12 -48.88 -48.62 -48.41 -48.19 -48.00 -47.88 -47.75 -47.62 -47.50 -47.34 -47.22 -47.06 -46.88 -46.66 -46.44 -46.19 -45.97 -45.75 -45.56 -45.44 -45.41 -45.38 -45.41 -45.41 -45.41 -45.41 -45.38 -45.34 -45.31 -45.28 -45.22 -45.16 -45.09 -45.00 -44.91 -44.81 -44.66 -44.50 -44.34 -44.16 -43.97 -43.78 -43.59 -43.44 -43.28 -43.16 -43.03 -42.94 -42.84 -42.78 -42.72 -42.62 -42.56 -42.53 -42.47 -42.41 -42.31 -42.22 -42.12
-51.56 -51.31 -51.09 -50.84 -50.59 -50.34 -50.12 -49.94 -49.75 -49.56 -49.34 -49.12 -48.91 -48.69 -48.47 -48.28 -48.09 -47.94 -47.78 -47.66 -47.50 -47.34 -47.22 -47.06 -46.88 -46.66 -46.41 -46.16 -45.91 -45.66 -45.47 -45.34 -45.28 -45.28 -45.31 -45.31 -45.31 -45.31 -45.28 -45.25 -45.22 -45.19 -45.16 -45.12 -45.06 -44.97 -44.91 -44.81 -44.69 -44.53 -44.38 -44.22 -44.06 -43.88 -43.72 -43.56 -43.41 -43.25 -43.12 -43.00 -42.91 -42.81 -42.72 -42.66 -42.59 -42.53 -42.47 -42.41 -42.31 -42.22 -42.09
-51.47 -51.22 -50.94 -50.66 -50.38 -50.12 -49.88 -49.69 -49.53 -49.38 -49.25 -49.06 -48.88 -48.69 -48.47 -48.28 -48.12 -47.97 -47.81 -47.66 -47.47 -47.31 -47.16 -47.00 -46.81 -46.59 -46.34 -46.09 -45.84 -45.56 -45.34 -45.19 -45.16 -45.16 -45.19 -45.22 -45.22 -45.19 -45.16 -45.12 -45.09 -45.06 -45.03 -45.00 -44.97 -44.91 -44.84 -44.75 -44.66 -44.53 -44.41 -44.25 -44.09 -43.94 -43.78 -43.59 -43.47 -43.31 -43.16 -43.03 -42.91 -42.81 -42.72 -42.66 -42.59 -42.53 -42.47 -42.38 -42.28 -42.19 -42.06
-51.41 -51.09 -50.78 -50.44 -50.12 -49.81 -49.56 -49.38 -49.22 -49.12 -49.03 -48.91 -48.78 -48.62 -48.44 -48.25 -48.09 -47.94 -47.78 -47.59 -47.44 -47.25 -47.09 -46.91 -46.72 -46.50 -46.28 -46.03 -45.75 -45.47 -45.22 -45.03 -45.00 -45.03 -45.06 -45.09 -45.09 -45.06 -45.03 -45.00 -44.94 -44.94 -44.91 -44.88 -44.84 -44.81 -44.75 -44.69 -44.59 -44.47 -44.38 -44.25 -44.09 -43.94 -43.78 -43.62 -43.47 -43.31 -43.16 -43.03 -42.91 -42.81 -42.72 -42.66 -42.56 -42.50 -42.44 -42.34 -42.25 -42.12 -42.00
-51.34 -51.00 -50.62 -50.25 -49.84 -49.41 -49.12 -48.94 -48.84 -48.78 -48.75 -48.69 -48.62 -48.50 -48.34 -48.19 -48.00 -47.84 -47.69 -47.53 -47.34 -47.16 -46.97 -46.78 -46.56 -46.38 -46.16 -45.94 -45.69 -45.44 -45.16 -44.94 -44.88 -44.91 -44.97 -45.00 -44.97 -44.94 -44.91 -44.84 -44.78 -44.75 -44.72 -44.72 -44.69 -44.66 -44.62 -44.56 -44.47 -44.41 -44.28 -44.16 -44.03 -43.88 -43.72 -43.56 -43.41 -43.28 -43.12 -43.00 -42.88 -42.78 -42.69 -42.59 -42.53 -42.47 -42.41 -42.31 -42.19 -42.09 -41.94
-51.28 -50.91 -50.53 -50.12 -49.59 -48.97 -48.53 -48.41 -48.41 -48.44 -48.44 -48.44 -48.41 -48.31 -48.22 -48.06 -47.91 -47.75 -47.56 -47.41 -47.22 -47.00 -46.81 -46.59 -46.38 -46.19 -45.97 -45.81 -45.59 -45.34 -45.12 -44.88 -44.78 -44.81 -44.84 -44.88 -44.88 -44.81 -44.75 -44.69 -44.62 -44.59 -44.53 -44.53 -44.50 -44.50 -44.47 -44.41 -44.34 -44.28 -44.19 -44.06 -43.94 -43.78 -43.62 -43.47 -43.34 -43.22 -43.09 -42.94 -42.84 -42.72 -42.62 -42.56 -42.50 -42.41 -42.34 -42.25 -42.16 -42.03 -41.88
-51.22 -50.84 -50.41 -50.00 -49.50 -48.72 -48.06 -47.78 -47.94 -48.06 -48.09 -48.12 -48.16 -48.09 -48.03 -47.91 -47.75 -47.59 -47.44 -47.25 -47.06 -46.84 -46.62 -46.41 -46.16 -45.94 -45.75 -45.56 -45.41 -45.22 -45.03 -44.84 -44.72 -44.72 -44.78 -44.78 -44.75 -44.72 -44.66 -44.56 -44.47 -44.41 -44.34 -44.31 -44.31 -44.28 -44.28 -44.25 -44.22 -44.16 -44.06 -43.97 -43.84 -43.69 -43.53 -43.38 -43.25 -43.12 -43.00 -42.91 -42.78 -42.69 -42.56 -42.50 -42.44 -42.38 -42.28 -42.19 -42.06 -41.97 -41.81
-51.09 -50.72 -50.28 -49.84 -49.41 -48.66 -47.78 -47.31 -47.47 -47.66 -47.75 -47.81 -47.84 -47.88 -47.81 -47.72 -47.59 -47.47 -47.28 -47.09 -46.88 -46.66 -46.41 -46.16 -45.91 -45.69 -45.47 -45.28 -45.12 -45.00 -44.88 -44.75 -44.66 -44.66 -44.69 -44.69 -44.66 -44.62 -44.56 -44.44 -44.34 -44.25 -44.16 -44.09 -44.06 -44.06 -44.06 -44.06 -44.06 -44.00 -43.94 -43.84 -43.75 -43.59 -43.44 -43.28 -43.12 -43.00 -42.91 -42.84 -42.72 -42.62 -42.53 -42.44 -42.38 -42.28 -42.22 -42.12 -42.00 -41.91 -41.75
-50.94 -50.56 -50.12 -49.69 -49.25 -48.50 -47.53 -46.91 -46.97 -47.28 -47.41 -47.47 -47.56 -47.62 -47.62 -47.56 -47.47 -47.31 -47.12 -46.94 -46.69 -46.44 -46.19 -45.91 -45.66 -45.41 -45.16 -44.94 -44.81 -44.72 -44.62 -44.59 -44.56 -44.56 -44.59 -44.59 -44.56 -44.53 -44.47 -44.34 -44.22 -44.09 -43.97 -43.91 -43.84 -43.84 -43.88 -43.91 -43.91 -43.88 -43.81 -43.75 -43.66 -43.50 -43.34 -43.19 -43.03 -42.91 -42.81 -42.75 -42.66 -42.56 -42.47 -42.38 -42.31 -42.22 -42.12 -42.03 -41.94 -41.81 -41.69
-50.78 -50.38 -49.94 -49.50 -49.06 -48.22 -47.22 -46.50 -46.47 -46.84 -47.06 -47.16 -47.28 -47.38 -47.44 -47.41 -47.31 -47.19 -46.97 -46.75 -46.47 -46.22 -45.91 -45.66 -45.38 -45.06 -44.75 -44.50 -44.41 -44.38 -44.38 -44.38 -44.41 -44.47 -44.47 -44.47 -44.47 -44.44 -44.38 -44.25 -44.09 -43.94 -43.81 -43.69 -43.62 -43.62 -43.66 -43.72 -43.75 -43.75 -43.72 -43.66 -43.56 -43.44 -43.25 -43.09 -42.94 -42.81 -42.72 -42.62 -42.56 -42.50 -42.41 -42.31 -42.25 -42.16 -42.06 -41.97 -41.84 -41.72 -41.59
-50.62 -50.22 -49.78 -49.34 -48.78 -47.81 -46.78 -46.03 -45.94 -46.31 -46.69 -46.88 -47.00 -47.16 -47.25 -47.25 -47.19 -47.03 -46.81 -46.56 -46.25 -45.97 -45.66 -45.38 -44.97 -44.41 -43.97 -43.75 -43.78 -43.97 -44.06 -44.16 -44.22 -44.28 -44.31 -44.31 -44.31 -44.31 -44.25 -44.12 -43.97 -43.78 -43.62 -43.47 -43.38 -43.41 -43.47 -43.56 -43.59 -43.59 -43.59 -43.53 -43.47 -43.34 -43.19 -43.00 -42.84 -42.69 -42.59 -42.53 -42.47 -42.41 -42.31 -42.25 -42.16 -42.09 -41.97 -41.88 -41.75 -41.62 -41.50
-50.53 -50.09 -49.66 -49.19 -48.41 -47.38 -46.34 -45.53 -45.38 -45.78 -46.31 -46.59 -46.75 -46.91 -47.03 -47.09 -47.00 -46.84 -46.62 -46.34 -46.03 -45.72 -45.41 -45.03 -44.38 -43.62 -43.09 -42.88 -43.09 -43.53 -43.78 -43.91 -44.00 -44.06 -44.06 -44.09 -44.09 -44.12 -44.06 -43.97 -43.81 -43.62 -43.47 -43.25 -43.12 -43.19 -43.28 -43.34 -43.41 -43.44 -43.41 -43.38 -43.31 -43.22 -43.06 -42.91 -42.75 -42.59 -42.47 -42.38 -42.31 -42.25 -42.22 -42.12 -42.06 -42.00 -41.88 -41.78 -41.66 -41.50 -41.38
-50.41 -49.97 -49.56 -49.03 -48.12 -47.06 -46.00 -45.12 -44.88 -45.28 -45.91 -46.34 -46.53 -46.69 -46.81 -46.88 -46.81 -46.62 -46.41 -46.12 -45.81 -45.47 -45.16 -44.69 -43.75 -42.81 -42.19 -42.09 -42.56 -43.19 -43.47 -43.66 -43.75 -43.78 -43.81 -43.81 -43.84 -43.88 -43.84 -43.78 -43.66 -43.47 -43.25 -43.03 -42.88 -42.94 -43.03 -43.12 -43.19 -43.22 -43.22 -43.19 -43.12 -43.03 -42.91 -42.75 -42.59 -42.44 -42.31 -42.22 -42.16 -42.09 -42.06 -42.00 -41.94 -41.88 -41.78 -41.66 -41.53 -41.38 -41.22
-50.31 -49.88 -49.44 -48.91 -47.97 -46.91 -45.88 -44.97 -44.53 -44.84 -45.50 -46.06 -46.31 -46.47 -46.59 -46.66 -46.56 -46.41 -46.19 -45.91 -45.59 -45.22 -44.91 -44.22 -43.16 -42.03 -41.34 -41.44 -42.19 -42.88 -43.19 -43.38 -43.47 -43.47 -43.47 -43.50 -43.53 -43.59 -43.59 -43.59 -43.47 -43.28 -43.06 -42.81 -42.62 -42.69 -42.78 -42.88 -42.94 -42.97 -43.00 -42.97 -42.91 -42.81 -42.69 -42.53 -42.41 -42.28 -42.16 -42.06 -41.97 -41.91 -41.88 -41.84 -41.81 -41.75 -41.66 -41.53 -41.41 -41.25 -41.09
-50.16 -49.75 -49.31 -48.78 -48.00 -47.06 -46.09 -45.22 -44.66 -44.62 -45.16 -45.75 -46.12 -46.28 -46.41 -46.44 -46.34 -46.19 -45.97 -45.69 -45.34 -45.00 -44.62 -43.75 -42.56 -41.38 -40.66 -40.97 -41.88 -42.56 -42.91 -43.06 -43.12 -43.12 -43.12 -43.12 -43.19 -43.25 -43.31 -43.34 -43.28 -43.12 -42.88 -42.59 -42.34 -42.41 -42.53 -42.59 -42.69 -42.72 -42.75 -42.72 -42.66 -42.56 -42.44 -42.28 -42.16 -42.06 -41.94 -41.84 -41.75 -41.72 -41.69 -41.66 -41.62 -41.59 -41.50 -41.41 -41.28 -41.12 -40.97
-50.00 -49.62 -49.19 -48.72 -48.16 -47.44 -46.59 -45.81 -45.16 -44.84 -45.06 -45.53 -45.94 -46.12 -46.22 -46.25 -46.16 -45.97 -45.75 -45.44 -45.12 -44.78 -44.28 -43.25 -42.03 -40.91 -40.25 -40.69 -41.62 -42.31 -42.59 -42.75 -42.75 -42.72 -42.69 -42.69 -42.75 -42.88 -43.03 -43.09 -43.09 -42.94 -42.69 -42.41 -42.09 -42.09 -42.25 -42.34 -42.41 -42.47 -42.47 -42.47 -42.41 -42.28 -42.16 -42.03 -41.91 -41.81 -41.72 -41.62 -41.53 -41.50 -41.47 -41.47 -41.47 -41.41 -41.34 -41.22 -41.12 -40.97 -40.84
