everonasctiles/Tile[19,49].asc
ncols 128
nrows 128
xllcorner 0
yllcorner 0
cellsize 2.0
NODATA_value  -9999
[rows 0 to 31 of 128, columns 0 to 70 of 128]
-103.06 -103.09 -103.12 -103.12 -103.12 -103.12 -103.12 -103.12 -103.12 -103.12 -103.12 -103.12 -103.09 -103.06 -103.06 -103.03 -103.00 -102.97 -102.94 -102.94 -102.91 -102.88 -102.88 -102.88 -102.84 -102.84 -102.84 -102.84 -102.81 -102.81 -102.78 -102.75 -102.75 -102.72 -102.69 -102.69 -102.66 -102.66 -102.66 -102.66 -102.66 -102.66 -102.66 -102.66 -102.62 -102.62 -102.59 -102.56 -102.50 -102.47 -102.44 -102.44 -102.44 -102.47 -102.50 -102.53 -102.56 -102.56 -102.56 -102.56 -102.56 -102.56 -102.56 -102.56 -102.56 -102.56 -102.56 -102.56 -102.59 -102.59 -102.62
-103.06 -103.09 -103.12 -103.12 -103.12 -103.12 -103.12 -103.12 -103.12 -103.12 -103.12 -103.12 -103.09 -103.06 -103.03 -103.03 -103.00 -102.97 -102.94 -102.91 -102.91 -102.88 -102.88 -102.84 -102.84 -102.84 -102.84 -102.81 -102.81 -102.78 -102.78 -102.75 -102.72 -102.72 -102.69 -102.66 -102.66 -102.66 -102.66 -102.66 -102.66 -102.66 -102.66 -102.66 -102.62 -102.59 -102.56 -102.53 -102.50 -102.47 -102.44 -102.44 -102.44 -102.47 -102.50 -102.53 -102.56 -102.56 -102.56 -102.56 -102.56 -102.56 -102.56 -102.56 -102.56 -102.56 -102.56 -102.59 -102.59 -102.59 -102.62
-103.06 -103.09 -103.09 -103.12 -103.12 -103.12 -103.12 -103.12 -103.12 -103.12 -103.12 -103.09 -103.09 -103.06 -103.03 -103.00 -103.00 -102.97 -102.94 -102.91 -102.91 -102.88 -102.88 -102.84 -102.84 -102.84 -102.81 -102.81 -102.81 -102.78 -102.75 -102.75 -102.72 -102.69 -102.66 -102.66 -102.62 -102.62 -102.62 -102.62 -102.62 -102.62 -102.62 -102.62 -102.62 -102.59 -102.56 -102.53 -102.50 -102.44 -102.44 -102.41 -102.44 -102.47 -102.50 -102.53 -102.53 -102.53 -102.53 -102.56 -102.56 -102.56 -102.56 -102.56 -102.56 -102.56 -102.56 -102.56 -102.59 -102.59 -102.62
-103.06 -103.09 -103.09 -103.12 -103.12 -103.12 -103.12 -103.12 -103.12 -103.12 -103.12 -103.09 -103.09 -103.06 -103.03 -103.00 -102.97 -102.97 -102.94 -102.91 -102.88 -102.88 -102.84 -102.84 -102.84 -102.81 -102.81 -102.78 -102.78 -102.75 -102.75 -102.72 -102.69 -102.66 -102.62 -102.62 -102.59 -102.59 -102.59 -102.59 -102.59 -102.59 -102.59 -102.59 -102.56 -102.56 -102.53 -102.50 -102.47 -102.44 -102.41 -102.41 -102.41 -102.44 -102.47 -102.50 -102.50 -102.53 -102.53 -102.53 -102.53 -102.53 -102.53 -102.53 -102.53 -102.53 -102.56 -102.56 -102.59 -102.59 -102.59
-103.09 -103.09 -103.09 -103.09 -103.12 -103.12 -103.12 -103.12 -103.12 -103.09 -103.09 -103.09 -103.06 -103.03 -103.00 -103.00 -102.97 -102.94 -102.91 -102.91 -102.88 -102.88 -102.84 -102.84 -102.81 -102.81 -102.78 -102.78 -102.75 -102.75 -102.72 -102.69 -102.66 -102.62 -102.59 -102.56 -102.56 -102.56 -102.56 -102.56 -102.56 -102.56 -102.56 -102.53 -102.53 -102.50 -102.47 -102.44 -102.41 -102.38 -102.38 -102.38 -102.38 -102.41 -102.44 -102.47 -102.47 -102.50 -102.50 -102.50 -102.50 -102.50 -102.50 -102.50 -102.50 -102.50 -102.53 -102.53 -102.56 -102.56 -102.59
-103.06 -103.09 -103.09 -103.09 -103.09 -103.09 -103.09 -103.09 -103.09 -103.09 -103.09 -103.06 -103.03 -103.03 -103.00 -102.97 -102.94 -102.94 -102.91 -102.88 -102.84 -102.84 -102.81 -102.81 -102.78 -102.78 -102.75 -102.75 -102.72 -102.69 -102.69 -102.66 -102.59 -102.56 -102.53 -102.50 -102.50 -102.50 -102.50 -102.50 -102.50 -102.50 -102.47 -102.47 -102.44 -102.44 -102.41 -102.38 -102.34 -102.31 -102.31 -102.31 -102.34 -102.38 -102.38 -102.41 -102.44 -102.44 -102.47 -102.47 -102.47 -102.47 -102.44 -102.44 -102.44 -102.47 -102.47 -102.50 -102.53 -102.53 -102.56
-103.06 -103.06 -103.06 -103.09 -103.09 -103.09 -103.09 -103.09 -103.09 -103.06 -103.06 -103.03 -103.00 -103.00 -102.97 -102.94 -102.91 -102.91 -102.88 -102.84 -102.81 -102.81 -102.78 -102.78 -102.75 -102.75 -102.72 -102.69 -102.69 -102.66 -102.62 -102.59 -102.56 -102.50 -102.47 -102.44 -102.44 -102.44 -102.44 -102.44 -102.44 -102.41 -102.41 -102.38 -102.34 -102.34 -102.31 -102.31 -102.28 -102.25 -102.25 -102.25 -102.28 -102.31 -102.34 -102.34 -102.38 -102.38 -102.41 -102.41 -102.41 -102.41 -102.41 -102.38 -102.38 -102.41 -102.41 -102.44 -102.47 -102.47 -102.50
-103.03 -103.03 -103.06 -103.06 -103.06 -103.06 -103.06 -103.06 -103.06 -103.03 -103.03 -103.00 -102.97 -102.94 -102.91 -102.91 -102.88 -102.84 -102.81 -102.81 -102.78 -102.75 -102.75 -102.72 -102.72 -102.69 -102.66 -102.62 -102.62 -102.59 -102.56 -102.53 -102.47 -102.44 -102.38 -102.38 -102.34 -102.34 -102.34 -102.34 -102.34 -102.31 -102.31 -102.28 -102.25 -102.22 -102.22 -102.19 -102.19 -102.19 -102.16 -102.19 -102.22 -102.22 -102.25 -102.28 -102.28 -102.31 -102.31 -102.31 -102.34 -102.34 -102.31 -102.31 -102.31 -102.31 -102.31 -102.34 -102.38 -102.41 -102.41
-102.97 -103.00 -103.00 -103.03 -103.03 -103.03 -103.03 -103.03 -103.00 -103.00 -102.97 -102.94 -102.91 -102.91 -102.88 -102.84 -102.81 -102.81 -102.78 -102.75 -102.72 -102.72 -102.69 -102.66 -102.66 -102.62 -102.59 -102.56 -102.53 -102.50 -102.47 -102.44 -102.38 -102.34 -102.28 -102.28 -102.25 -102.25 -102.25 -102.25 -102.25 -102.22 -102.19 -102.16 -102.12 -102.09 -102.09 -102.09 -102.09 -102.06 -102.09 -102.09 -102.12 -102.16 -102.16 -102.19 -102.19 -102.22 -102.22 -102.22 -102.25 -102.25 -102.25 -102.22 -102.22 -102.22 -102.22 -102.25 -102.25 -102.28 -102.31
-102.94 -102.94 -102.97 -102.97 -102.97 -102.97 -102.97 -102.97 -102.94 -102.94 -102.91 -102.91 -102.88 -102.84 -102.81 -102.78 -102.75 -102.75 -102.72 -102.69 -102.66 -102.62 -102.62 -102.59 -102.56 -102.53 -102.50 -102.47 -102.44 -102.41 -102.38 -102.31 -102.28 -102.22 -102.19 -102.16 -102.16 -102.16 -102.16 -102.12 -102.12 -102.09 -102.06 -102.03 -102.00 -101.97 -101.94 -101.94 -101.97 -101.97 -101.97 -102.00 -102.03 -102.03 -102.06 -102.06 -102.09 -102.09 -102.09 -102.09 -102.12 -102.12 -102.12 -102.09 -102.09 -102.06 -102.09 -102.09 -102.12 -102.16 -102.19
-102.88 -102.88 -102.88 -102.91 -102.91 -102.91 -102.88 -102.88 -102.88 -102.88 -102.84 -102.81 -102.81 -102.78 -102.75 -102.72 -102.69 -102.66 -102.62 -102.59 -102.56 -102.56 -102.53 -102.50 -102.47 -102.44 -102.41 -102.34 -102.31 -102.28 -102.25 -102.19 -102.16 -102.09 -102.06 -102.03 -102.03 -102.03 -102.00 -102.00 -102.00 -101.97 -101.94 -101.88 -101.84 -101.81 -101.81 -101.81 -101.81 -101.84 -101.84 -101.88 -101.91 -101.91 -101.94 -101.94 -101.94 -101.94 -101.94 -101.97 -101.97 -102.00 -102.00 -101.97 -101.94 -101.94 -101.91 -101.94 -101.94 -101.97 -102.03
-102.81 -102.81 -102.81 -102.81 -102.81 -102.81 -102.78 -102.78 -102.78 -102.78 -102.78 -102.75 -102.72 -102.69 -102.66 -102.62 -102.59 -102.56 -102.53 -102.50 -102.47 -102.44 -102.41 -102.38 -102.34 -102.31 -102.28 -102.22 -102.19 -102.16 -102.09 -102.06 -102.00 -101.97 -101.94 -101.91 -101.88 -101.88 -101.84 -101.84 -101.81 -101.78 -101.75 -101.72 -101.69 -101.66 -101.62 -101.66 -101.66 -101.69 -101.72 -101.72 -101.75 -101.75 -101.78 -101.78 -101.78 -101.78 -101.78 -101.81 -101.81 -101.84 -101.84 -101.81 -101.78 -101.75 -101.75 -101.75 -101.75 -101.81 -101.84
-102.75 -102.75 -102.75 -102.75 -102.72 -102.72 -102.69 -102.69 -102.66 -102.66 -102.69 -102.66 -102.66 -102.62 -102.59 -102.53 -102.50 -102.47 -102.44 -102.38 -102.34 -102.31 -102.28 -102.25 -102.22 -102.16 -102.12 -102.09 -102.06 -102.00 -101.94 -101.91 -101.84 -101.81 -101.78 -101.75 -101.72 -101.69 -101.69 -101.66 -101.62 -101.59 -101.56 -101.53 -101.50 -101.47 -101.47 -101.47 -101.50 -101.53 -101.53 -101.56 -101.56 -101.59 -101.59 -101.59 -101.59 -101.59 -101.59 -101.59 -101.62 -101.62 -101.62 -101.62 -101.59 -101.56 -101.53 -101.53 -101.56 -101.59 -101.66
-102.69 -102.66 -102.66 -102.66 -102.62 -102.62 -102.59 -102.56 -102.53 -102.56 -102.56 -102.56 -102.56 -102.53 -102.47 -102.44 -102.38 -102.34 -102.31 -102.25 -102.22 -102.19 -102.12 -102.09 -102.06 -102.00 -101.97 -101.94 -101.88 -101.84 -101.78 -101.72 -101.69 -101.66 -101.62 -101.56 -101.53 -101.50 -101.47 -101.44 -101.44 -101.41 -101.34 -101.31 -101.28 -101.28 -101.28 -101.28 -101.31 -101.34 -101.34 -101.38 -101.38 -101.41 -101.41 -101.41 -101.41 -101.38 -101.38 -101.38 -101.41 -101.41 -101.41 -101.38 -101.34 -101.31 -101.31 -101.31 -101.31 -101.38 -101.44
-102.59 -102.59 -102.56 -102.56 -102.53 -102.50 -102.47 -102.44 -102.41 -102.41 -102.44 -102.44 -102.44 -102.41 -102.38 -102.31 -102.25 -102.22 -102.16 -102.12 -102.06 -102.00 -101.97 -101.91 -101.88 -101.81 -101.78 -101.75 -101.72 -101.66 -101.59 -101.53 -101.50 -101.47 -101.44 -101.38 -101.34 -101.31 -101.25 -101.22 -101.19 -101.16 -101.12 -101.09 -101.06 -101.06 -101.06 -101.06 -101.09 -101.12 -101.12 -101.16 -101.16 -101.16 -101.19 -101.19 -101.16 -101.16 -101.12 -101.12 -101.12 -101.12 -101.12 -101.09 -101.06 -101.06 -101.06 -101.06 -101.09 -101.12 -101.19
-102.50 -102.50 -102.47 -102.47 -102.44 -102.38 -102.34 -102.28 -102.28 -102.28 -102.28 -102.31 -102.31 -102.28 -102.22 -102.19 -102.12 -102.06 -102.00 -101.94 -101.91 -101.84 -101.78 -101.72 -101.66 -101.62 -101.59 -101.56 -101.50 -101.44 -101.38 -101.31 -101.28 -101.25 -101.22 -101.19 -101.12 -101.09 -101.03 -101.00 -100.97 -100.91 -100.88 -100.84 -100.81 -100.81 -100.81 -100.84 -100.84 -100.88 -100.88 -100.91 -100.91 -100.91 -100.91 -100.91 -100.91 -100.88 -100.88 -100.84 -100.84 -100.81 -100.81 -100.78 -100.75 -100.78 -100.78 -100.78 -100.81 -100.84 -100.91
-102.41 -102.38 -102.38 -102.34 -102.31 -102.25 -102.19 -102.12 -102.09 -102.12 -102.12 -102.16 -102.12 -102.12 -102.06 -102.00 -101.94 -101.91 -101.84 -101.78 -101.72 -101.62 -101.56 -101.50 -101.44 -101.41 -101.38 -101.34 -101.28 -101.22 -101.16 -101.09 -101.06 -101.03 -101.00 -100.94 -100.91 -100.84 -100.78 -100.72 -100.69 -100.66 -100.59 -100.56 -100.53 -100.53 -100.56 -100.56 -100.59 -100.59 -100.62 -100.62 -100.62 -100.62 -100.62 -100.62 -100.62 -100.59 -100.56 -100.53 -100.50 -100.47 -100.44 -100.41 -100.41 -100.44 -100.47 -100.50 -100.50 -100.53 -100.56
-102.28 -102.25 -102.22 -102.22 -102.16 -102.09 -102.03 -101.97 -101.94 -101.94 -101.94 -101.97 -101.97 -101.94 -101.88 -101.81 -101.78 -101.72 -101.66 -101.59 -101.50 -101.44 -101.34 -101.25 -101.19 -101.16 -101.12 -101.09 -101.03 -100.97 -100.88 -100.81 -100.78 -100.78 -100.75 -100.69 -100.66 -100.56 -100.50 -100.44 -100.41 -100.38 -100.31 -100.25 -100.25 -100.25 -100.25 -100.28 -100.28 -100.31 -100.31 -100.31 -100.31 -100.31 -100.31 -100.31 -100.28 -100.28 -100.22 -100.19 -100.12 -100.09 -100.06 -100.03 -100.03 -100.09 -100.16 -100.19 -100.19 -100.19 -100.22
-102.12 -102.09 -102.06 -102.03 -102.00 -101.94 -101.84 -101.78 -101.72 -101.72 -101.75 -101.75 -101.75 -101.72 -101.69 -101.62 -101.56 -101.50 -101.44 -101.38 -101.28 -101.22 -101.09 -101.00 -100.94 -100.91 -100.88 -100.84 -100.78 -100.69 -100.59 -100.53 -100.50 -100.50 -100.47 -100.44 -100.38 -100.28 -100.22 -100.12 -100.09 -100.06 -100.00 -99.94 -99.91 -99.91 -99.91 -99.94 -99.94 -99.97 -99.97 -99.97 -99.97 -99.97 -99.97 -99.97 -99.94 -99.91 -99.88 -99.81 -99.75 -99.69 -99.59 -99.59 -99.66 -99.72 -99.81 -99.84 -99.81 -99.81 -99.84
-101.97 -101.94 -101.91 -101.88 -101.81 -101.72 -101.66 -101.56 -101.50 -101.50 -101.53 -101.53 -101.53 -101.50 -101.47 -101.41 -101.34 -101.28 -101.22 -101.12 -101.06 -100.97 -100.84 -100.75 -100.66 -100.62 -100.59 -100.53 -100.47 -100.38 -100.28 -100.22 -100.19 -100.19 -100.16 -100.12 -100.06 -100.00 -99.91 -99.81 -99.75 -99.72 -99.66 -99.59 -99.56 -99.56 -99.56 -99.56 -99.59 -99.59 -99.59 -99.62 -99.62 -99.59 -99.59 -99.56 -99.56 -99.53 -99.50 -99.41 -99.31 -99.22 -99.12 -99.12 -99.22 -99.34 -99.41 -99.44 -99.44 -99.41 -99.41
-101.78 -101.75 -101.69 -101.66 -101.59 -101.50 -101.41 -101.34 -101.28 -101.25 -101.25 -101.28 -101.28 -101.25 -101.22 -101.16 -101.09 -101.03 -100.97 -100.91 -100.81 -100.72 -100.59 -100.47 -100.38 -100.31 -100.28 -100.22 -100.16 -100.06 -99.97 -99.88 -99.84 -99.84 -99.84 -99.81 -99.75 -99.69 -99.56 -99.47 -99.41 -99.38 -99.31 -99.25 -99.19 -99.16 -99.16 -99.16 -99.19 -99.19 -99.19 -99.22 -99.22 -99.22 -99.19 -99.16 -99.16 -99.12 -99.09 -99.00 -98.88 -98.72 -98.59 -98.62 -98.78 -98.91 -99.00 -99.03 -99.03 -99.00 -98.97
-101.56 -101.53 -101.50 -101.44 -101.38 -101.28 -101.16 -101.09 -101.00 -100.97 -101.00 -101.00 -101.00 -101.00 -100.94 -100.88 -100.81 -100.75 -100.69 -100.62 -100.53 -100.44 -100.31 -100.19 -100.06 -100.00 -99.94 -99.88 -99.81 -99.72 -99.59 -99.53 -99.50 -99.50 -99.50 -99.47 -99.41 -99.34 -99.22 -99.12 -99.03 -99.00 -98.94 -98.88 -98.81 -98.75 -98.75 -98.75 -98.75 -98.75 -98.75 -98.78 -98.81 -98.78 -98.75 -98.72 -98.72 -98.69 -98.62 -98.53 -98.41 -98.22 -98.06 -98.16 -98.31 -98.47 -98.53 -98.56 -98.56 -98.56 -98.53
-101.34 -101.31 -101.25 -101.19 -101.12 -101.03 -100.91 -100.81 -100.75 -100.69 -100.69 -100.69 -100.72 -100.69 -100.66 -100.59 -100.53 -100.47 -100.41 -100.34 -100.25 -100.16 -100.03 -99.88 -99.75 -99.66 -99.56 -99.53 -99.44 -99.34 -99.25 -99.16 -99.12 -99.12 -99.12 -99.09 -99.06 -98.97 -98.84 -98.75 -98.66 -98.59 -98.56 -98.47 -98.41 -98.34 -98.31 -98.31 -98.28 -98.28 -98.28 -98.31 -98.34 -98.34 -98.31 -98.28 -98.25 -98.22 -98.16 -98.06 -97.91 -97.72 -97.56 -97.69 -97.88 -98.00 -98.03 -98.06 -98.09 -98.09 -98.03
-101.12 -101.09 -101.03 -100.97 -100.88 -100.75 -100.62 -100.53 -100.44 -100.38 -100.38 -100.38 -100.38 -100.38 -100.31 -100.28 -100.22 -100.16 -100.09 -100.03 -99.97 -99.88 -99.75 -99.59 -99.44 -99.31 -99.22 -99.16 -99.06 -98.97 -98.88 -98.78 -98.72 -98.72 -98.72 -98.72 -98.66 -98.56 -98.47 -98.34 -98.25 -98.19 -98.12 -98.06 -98.00 -97.94 -97.91 -97.84 -97.81 -97.78 -97.81 -97.84 -97.88 -97.88 -97.84 -97.81 -97.78 -97.72 -97.66 -97.53 -97.38 -97.22 -97.09 -97.25 -97.38 -97.47 -97.53 -97.56 -97.59 -97.59 -97.53
-100.91 -100.84 -100.78 -100.72 -100.62 -100.50 -100.38 -100.25 -100.16 -100.06 -100.03 -100.00 -100.00 -100.00 -99.97 -99.94 -99.88 -99.81 -99.75 -99.72 -99.66 -99.56 -99.44 -99.28 -99.12 -98.97 -98.84 -98.75 -98.69 -98.59 -98.50 -98.41 -98.34 -98.31 -98.31 -98.28 -98.25 -98.16 -98.03 -97.91 -97.81 -97.75 -97.69 -97.62 -97.56 -97.50 -97.47 -97.38 -97.31 -97.28 -97.31 -97.34 -97.41 -97.38 -97.34 -97.31 -97.25 -97.22 -97.12 -97.03 -96.88 -96.72 -96.66 -96.78 -96.88 -96.94 -96.97 -97.00 -97.03 -97.06 -97.00
-100.66 -100.59 -100.56 -100.47 -100.38 -100.25 -100.12 -100.00 -99.88 -99.75 -99.69 -99.66 -99.62 -99.62 -99.59 -99.56 -99.50 -99.47 -99.41 -99.38 -99.31 -99.25 -99.12 -98.97 -98.78 -98.62 -98.47 -98.38 -98.31 -98.22 -98.12 -98.03 -97.94 -97.88 -97.88 -97.84 -97.81 -97.72 -97.59 -97.47 -97.34 -97.28 -97.22 -97.16 -97.09 -97.06 -97.00 -96.91 -96.81 -96.72 -96.78 -96.84 -96.88 -96.88 -96.81 -96.78 -96.72 -96.66 -96.56 -96.47 -96.34 -96.25 -96.22 -96.28 -96.34 -96.38 -96.38 -96.44 -96.47 -96.50 -96.47
-100.41 -100.34 -100.28 -100.22 -100.12 -100.00 -99.88 -99.75 -99.59 -99.47 -99.34 -99.25 -99.25 -99.22 -99.19 -99.19 -99.16 -99.09 -99.03 -99.00 -98.97 -98.91 -98.78 -98.62 -98.47 -98.28 -98.12 -98.00 -97.91 -97.84 -97.75 -97.62 -97.53 -97.47 -97.41 -97.38 -97.34 -97.25 -97.12 -97.00 -96.88 -96.78 -96.72 -96.69 -96.62 -96.59 -96.53 -96.41 -96.28 -96.19 -96.22 -96.31 -96.38 -96.34 -96.28 -96.22 -96.16 -96.06 -95.97 -95.91 -95.81 -95.75 -95.75 -95.78 -95.81 -95.78 -95.78 -95.84 -95.91 -95.91 -95.88
-100.12 -100.06 -100.00 -99.94 -99.84 -99.75 -99.62 -99.50 -99.34 -99.19 -99.03 -98.88 -98.81 -98.78 -98.78 -98.75 -98.75 -98.72 -98.66 -98.62 -98.59 -98.56 -98.44 -98.28 -98.12 -97.91 -97.75 -97.62 -97.53 -97.44 -97.34 -97.25 -97.12 -97.03 -96.94 -96.88 -96.81 -96.75 -96.66 -96.50 -96.38 -96.28 -96.22 -96.19 -96.12 -96.09 -96.03 -95.91 -95.78 -95.66 -95.66 -95.75 -95.81 -95.81 -95.75 -95.66 -95.50 -95.38 -95.28 -95.28 -95.25 -95.22 -95.25 -95.25 -95.25 -95.22 -95.22 -95.25 -95.28 -95.31 -95.31
-99.81 -99.78 -99.69 -99.62 -99.53 -99.44 -99.34 -99.22 -99.09 -98.94 -98.75 -98.53 -98.41 -98.34 -98.34 -98.34 -98.34 -98.31 -98.28 -98.25 -98.22 -98.16 -98.06 -97.94 -97.75 -97.53 -97.38 -97.22 -97.12 -97.03 -96.94 -96.84 -96.72 -96.59 -96.50 -96.38 -96.31 -96.25 -96.16 -96.03 -95.88 -95.78 -95.72 -95.66 -95.62 -95.56 -95.50 -95.38 -95.22 -95.09 -95.09 -95.16 -95.22 -95.25 -95.19 -95.03 -94.84 -94.59 -94.53 -94.59 -94.66 -94.69 -94.69 -94.69 -94.66 -94.62 -94.62 -94.66 -94.69 -94.72 -94.72
-99.50 -99.44 -99.38 -99.31 -99.22 -99.12 -99.03 -98.94 -98.81 -98.66 -98.47 -98.25 -98.03 -97.91 -97.88 -97.91 -97.91 -97.88 -97.84 -97.81 -97.81 -97.75 -97.69 -97.53 -97.34 -97.16 -96.97 -96.81 -96.72 -96.62 -96.53 -96.41 -96.31 -96.19 -96.03 -95.91 -95.78 -95.69 -95.62 -95.50 -95.38 -95.25 -95.19 -95.12 -95.06 -95.03 -94.94 -94.81 -94.66 -94.53 -94.50 -94.56 -94.62 -94.66 -94.59 -94.44 -94.16 -93.78 -93.69 -93.91 -94.03 -94.09 -94.12 -94.09 -94.06 -94.03 -94.03 -94.03 -94.06 -94.09 -94.12
-99.19 -99.12 -99.06 -98.97 -98.88 -98.78 -98.69 -98.59 -98.50 -98.38 -98.19 -97.97 -97.72 -97.50 -97.44 -97.44 -97.47 -97.44 -97.41 -97.38 -97.34 -97.31 -97.25 -97.12 -96.94 -96.72 -96.56 -96.41 -96.28 -96.19 -96.09 -95.97 -95.88 -95.72 -95.56 -95.41 -95.22 -95.12 -95.06 -94.97 -94.84 -94.75 -94.66 -94.59 -94.53 -94.47 -94.38 -94.25 -94.09 -93.94 -93.88 -93.94 -94.00 -94.06 -94.00 -93.81 -93.50 -93.03 -92.91 -93.22 -93.38 -93.47 -93.50 -93.50 -93.47 -93.47 -93.44 -93.44 -93.44 -93.47 -93.53
-98.84 -98.78 -98.69 -98.59 -98.50 -98.41 -98.34 -98.25 -98.16 -98.03 -97.88 -97.66 -97.41 -97.16 -97.00 -97.00 -97.03 -97.00 -96.94 -96.91 -96.88 -96.84 -96.81 -96.69 -96.50 -96.28 -96.09 -95.97 -95.84 -95.75 -95.62 -95.53 -95.41 -95.28 -95.09 -94.91 -94.69 -94.53 -94.50 -94.41 -94.31 -94.22 -94.12 -94.06 -94.00 -93.91 -93.81 -93.66 -93.50 -93.34 -93.25 -93.28 -93.38 -93.44 -93.38 -93.19 -92.88 -92.44 -92.25 -92.56 -92.72 -92.81 -92.88 -92.88 -92.88 -92.88 -92.88 -92.84 -92.84 -92.88 -92.94
