everonasctiles/Tile[11,20].asc
ncols 128
nrows 128
xllcorner 0
yllcorner 0
cellsize 2.0
NODATA_value  -9999
[rows 64 to 95 of 128, columns 0 to 70 of 128]
106.47 106.53 106.56 106.53 106.47 106.34 106.25 106.28 106.47 106.59 106.91 107.47 108.19 108.78 109.06 109.16 109.28 109.34 109.41 109.47 109.53 109.56 109.62 109.69 109.75 109.81 109.88 109.94 110.03 110.12 110.62 111.25 111.53 111.66 111.88 112.12 112.41 112.69 112.97 113.22 113.47 113.69 113.91 114.09 114.25 114.44 114.59 114.75 114.91 115.06 115.25 115.41 115.59 115.78 116.03 116.47 117.19 117.53 117.50 117.09 116.75 116.75 116.75 116.78 116.81 116.84 116.88 116.94 116.97 116.97 117.00
106.69 106.72 106.75 106.72 106.66 106.56 106.47 106.34 106.31 106.28 106.28 106.34 106.66 107.38 108.22 108.91 109.28 109.38 109.44 109.50 109.56 109.59 109.66 109.72 109.78 109.84 109.94 110.00 110.06 110.12 110.19 110.47 110.97 111.50 111.75 111.97 112.25 112.53 112.78 113.06 113.31 113.53 113.75 113.94 114.12 114.28 114.47 114.62 114.78 114.97 115.12 115.28 115.47 115.66 115.91 116.31 116.91 117.28 117.41 117.03 116.69 116.69 116.69 116.72 116.75 116.78 116.81 116.84 116.88 116.91 116.94
106.91 106.94 106.97 106.94 106.91 106.84 106.75 106.62 106.50 106.34 106.19 106.19 106.53 106.97 107.47 107.94 108.44 108.94 109.38 109.53 109.56 109.62 109.69 109.75 109.84 109.91 109.97 110.03 110.09 110.19 110.25 110.31 110.41 110.81 111.47 111.84 112.06 112.31 112.59 112.88 113.12 113.38 113.59 113.78 113.97 114.12 114.31 114.47 114.66 114.81 115.00 115.16 115.34 115.53 115.75 116.09 116.66 117.06 117.22 116.91 116.59 116.59 116.62 116.66 116.69 116.72 116.75 116.81 116.84 116.84 116.88
107.12 107.16 107.19 107.19 107.16 107.12 107.06 107.00 106.88 106.75 106.62 106.56 106.66 107.00 107.47 107.78 107.84 107.91 108.44 109.19 109.59 109.69 109.75 109.81 109.88 109.94 110.03 110.09 110.16 110.22 110.28 110.34 110.41 110.50 110.72 111.34 111.84 112.09 112.38 112.66 112.91 113.19 113.41 113.62 113.81 113.97 114.16 114.34 114.50 114.69 114.84 115.03 115.22 115.41 115.59 115.91 116.41 116.75 116.94 116.78 116.50 116.53 116.56 116.59 116.62 116.66 116.69 116.75 116.78 116.81 116.81
107.34 107.38 107.44 107.44 107.44 107.44 107.41 107.38 107.31 107.25 107.19 107.16 107.19 107.31 107.50 107.66 107.72 107.81 108.09 108.50 109.22 109.66 109.78 109.84 109.94 110.00 110.06 110.12 110.19 110.28 110.34 110.41 110.47 110.53 110.59 110.72 111.09 111.66 112.06 112.41 112.69 112.97 113.22 113.44 113.62 113.81 114.00 114.16 114.34 114.53 114.69 114.88 115.03 115.22 115.44 115.72 116.19 116.50 116.72 116.72 116.41 116.44 116.50 116.53 116.56 116.59 116.66 116.69 116.72 116.75 116.78
107.53 107.59 107.66 107.69 107.72 107.72 107.75 107.75 107.72 107.72 107.72 107.72 107.72 107.78 107.84 107.88 107.88 107.94 108.19 108.62 109.03 109.31 109.62 109.88 109.97 110.03 110.09 110.19 110.25 110.31 110.38 110.44 110.50 110.59 110.66 110.72 110.78 110.97 111.47 112.12 112.47 112.72 112.97 113.22 113.44 113.62 113.81 114.00 114.19 114.34 114.53 114.69 114.88 115.06 115.25 115.56 116.00 116.31 116.59 116.66 116.31 116.38 116.44 116.47 116.50 116.53 116.59 116.62 116.66 116.69 116.72
107.75 107.81 107.88 107.91 107.97 108.00 108.03 108.06 108.12 108.16 108.19 108.19 108.22 108.25 108.25 108.28 108.28 108.34 108.50 108.72 108.94 109.06 109.16 109.50 109.91 110.09 110.16 110.22 110.28 110.38 110.44 110.50 110.56 110.62 110.69 110.75 110.84 110.91 111.03 111.50 112.12 112.44 112.72 112.97 113.22 113.41 113.59 113.78 114.00 114.19 114.34 114.53 114.69 114.84 115.03 115.38 115.84 116.19 116.53 116.56 116.25 116.34 116.38 116.41 116.44 116.47 116.50 116.56 116.59 116.66 116.69
107.94 108.00 108.06 108.12 108.19 108.25 108.31 108.38 108.44 108.50 108.56 108.62 108.62 108.66 108.66 108.69 108.69 108.72 108.78 108.88 108.97 109.03 109.12 109.22 109.44 109.88 110.19 110.28 110.34 110.41 110.47 110.53 110.59 110.69 110.75 110.81 110.88 110.94 111.00 111.09 111.47 111.88 112.28 112.69 112.97 113.16 113.38 113.59 113.78 114.00 114.19 114.34 114.50 114.62 114.78 115.19 115.72 116.25 116.66 116.62 116.25 116.28 116.31 116.34 116.34 116.38 116.44 116.47 116.50 116.56 116.62
108.09 108.19 108.25 108.31 108.41 108.47 108.56 108.62 108.72 108.81 108.91 108.94 108.97 109.00 109.03 109.00 109.03 109.03 109.03 109.06 109.09 109.12 109.16 109.25 109.34 109.44 109.78 110.16 110.38 110.47 110.53 110.59 110.66 110.72 110.78 110.84 110.94 111.00 111.06 111.12 111.19 111.41 111.75 112.25 112.59 112.88 113.09 113.34 113.56 113.78 113.97 114.16 114.28 114.38 114.50 114.97 115.59 116.09 116.53 116.66 116.28 116.22 116.22 116.22 116.25 116.28 116.31 116.34 116.41 116.47 116.53
108.25 108.31 108.41 108.50 108.59 108.66 108.75 108.84 108.97 109.06 109.16 109.19 109.25 109.28 109.28 109.28 109.28 109.28 109.25 109.25 109.25 109.25 109.25 109.28 109.34 109.41 109.44 109.53 110.03 110.47 110.56 110.62 110.69 110.78 110.84 110.91 110.97 111.03 111.09 111.16 111.25 111.28 111.38 111.66 112.09 112.50 112.78 113.03 113.28 113.53 113.75 113.94 114.06 114.09 114.19 114.78 115.44 115.88 116.31 116.56 116.22 116.12 116.09 116.09 116.09 116.12 116.19 116.22 116.28 116.34 116.44
108.38 108.47 108.56 108.62 108.72 108.81 108.94 109.03 109.16 109.25 109.34 109.41 109.44 109.50 109.50 109.50 109.50 109.47 109.44 109.41 109.38 109.38 109.38 109.38 109.41 109.41 109.41 109.34 109.34 109.84 110.47 110.69 110.75 110.81 110.88 110.94 111.03 111.09 111.16 111.22 111.28 111.31 111.38 111.41 111.53 111.88 112.34 112.66 112.94 113.25 113.50 113.72 113.78 113.78 113.91 114.47 115.12 115.53 115.97 116.25 116.06 115.94 115.91 115.91 115.94 115.97 116.03 116.09 116.16 116.22 116.31
108.50 108.56 108.66 108.75 108.84 108.97 109.06 109.19 109.28 109.41 109.47 109.56 109.59 109.66 109.66 109.66 109.66 109.62 109.59 109.56 109.53 109.50 109.47 109.47 109.47 109.47 109.44 109.41 109.38 109.41 109.72 110.31 110.78 110.88 110.94 111.00 111.06 111.12 111.19 111.25 111.31 111.34 111.41 111.44 111.50 111.56 111.72 112.09 112.53 112.84 113.12 113.38 113.47 113.50 113.66 114.06 114.66 115.16 115.59 115.81 115.72 115.69 115.69 115.69 115.72 115.78 115.84 115.94 116.00 116.09 116.16
108.56 108.66 108.75 108.84 108.94 109.06 109.16 109.28 109.41 109.50 109.59 109.66 109.72 109.75 109.78 109.78 109.78 109.75 109.72 109.69 109.66 109.62 109.59 109.56 109.56 109.53 109.50 109.47 109.44 109.44 109.47 109.56 110.12 110.75 110.97 111.03 111.12 111.19 111.25 111.28 111.34 111.38 111.44 111.47 111.53 111.56 111.62 111.69 111.94 112.38 112.69 112.94 113.12 113.22 113.38 113.66 114.12 114.59 115.00 115.22 115.34 115.38 115.41 115.44 115.50 115.59 115.66 115.75 115.84 115.94 116.00
108.62 108.69 108.78 108.88 109.00 109.09 109.22 109.34 109.47 109.59 109.69 109.75 109.81 109.84 109.88 109.88 109.88 109.84 109.84 109.81 109.78 109.75 109.72 109.69 109.66 109.62 109.59 109.56 109.53 109.53 109.56 109.59 109.62 109.94 110.62 111.09 111.16 111.22 111.28 111.31 111.38 111.41 111.47 111.50 111.56 111.59 111.66 111.69 111.75 111.88 112.22 112.50 112.72 112.91 113.09 113.34 113.72 114.12 114.50 114.72 114.94 115.03 115.09 115.19 115.25 115.34 115.44 115.56 115.66 115.75 115.84
108.62 108.72 108.81 108.91 109.03 109.12 109.28 109.41 109.53 109.62 109.72 109.81 109.88 109.94 109.94 109.97 109.97 109.94 109.94 109.91 109.88 109.84 109.81 109.81 109.78 109.75 109.72 109.72 109.69 109.69 109.69 109.72 109.75 109.78 109.91 110.53 111.09 111.25 111.31 111.34 111.41 111.44 111.50 111.53 111.59 111.62 111.69 111.72 111.78 111.84 111.88 112.03 112.28 112.50 112.75 113.03 113.31 113.62 113.94 114.25 114.50 114.66 114.78 114.88 115.00 115.09 115.22 115.34 115.47 115.56 115.69
108.62 108.69 108.78 108.91 109.00 109.16 109.28 109.41 109.53 109.66 109.75 109.84 109.94 109.97 110.00 110.03 110.03 110.03 110.00 110.00 109.97 109.97 109.94 109.94 109.91 109.88 109.88 109.88 109.84 109.84 109.88 109.91 109.94 109.94 109.97 110.03 110.38 111.00 111.34 111.38 111.44 111.47 111.53 111.56 111.62 111.66 111.72 111.75 111.81 111.88 111.91 111.94 111.94 112.06 112.31 112.56 112.88 113.16 113.47 113.78 114.06 114.25 114.41 114.56 114.69 114.84 115.00 115.12 115.25 115.41 115.50
108.56 108.62 108.75 108.84 109.00 109.12 109.28 109.41 109.53 109.66 109.78 109.88 109.97 110.00 110.06 110.09 110.09 110.09 110.09 110.09 110.06 110.06 110.06 110.03 110.03 110.03 110.03 110.03 110.03 110.06 110.09 110.12 110.16 110.19 110.22 110.22 110.16 110.19 110.75 111.34 111.47 111.50 111.56 111.59 111.66 111.69 111.75 111.81 111.84 111.91 111.94 111.94 111.97 111.94 111.94 112.12 112.38 112.69 113.00 113.28 113.59 113.84 114.03 114.22 114.41 114.56 114.72 114.91 115.06 115.19 115.34
108.47 108.56 108.69 108.81 108.94 109.09 109.25 109.41 109.53 109.66 109.78 109.91 109.97 110.06 110.09 110.12 110.16 110.16 110.16 110.16 110.16 110.16 110.16 110.16 110.19 110.19 110.19 110.22 110.25 110.28 110.31 110.38 110.44 110.47 110.50 110.50 110.41 110.25 110.19 110.69 111.34 111.53 111.59 111.62 111.69 111.72 111.78 111.84 111.88 111.91 111.94 111.97 111.97 112.00 112.00 111.94 111.97 112.22 112.50 112.81 113.09 113.38 113.62 113.84 114.06 114.25 114.47 114.66 114.81 115.00 115.16
108.44 108.53 108.66 108.75 108.91 109.06 109.22 109.38 109.53 109.66 109.78 109.91 110.00 110.09 110.12 110.19 110.22 110.22 110.25 110.25 110.25 110.28 110.28 110.31 110.31 110.34 110.38 110.41 110.44 110.50 110.56 110.66 110.72 110.78 110.81 110.84 110.78 110.66 110.56 110.62 110.97 111.53 111.66 111.66 111.72 111.78 111.81 111.88 111.91 111.94 111.94 111.97 112.00 112.00 112.03 112.03 111.97 111.91 112.06 112.34 112.62 112.91 113.19 113.44 113.69 113.94 114.16 114.34 114.56 114.72 114.84
108.41 108.53 108.62 108.78 108.94 109.06 109.22 109.38 109.53 109.66 109.81 109.94 110.03 110.12 110.19 110.22 110.25 110.28 110.31 110.31 110.34 110.38 110.41 110.44 110.47 110.50 110.53 110.59 110.66 110.72 110.81 110.91 111.00 111.09 111.16 111.22 111.19 111.09 111.00 111.00 111.22 111.62 111.91 111.81 111.75 111.81 111.84 111.91 111.91 111.94 111.97 111.97 112.00 112.03 112.03 112.03 112.00 111.97 111.88 111.94 112.19 112.47 112.72 113.00 113.25 113.53 113.75 113.97 114.19 114.34 114.50
108.41 108.50 108.66 108.81 108.97 109.12 109.28 109.41 109.53 109.69 109.81 109.97 110.06 110.16 110.22 110.25 110.28 110.34 110.38 110.41 110.44 110.47 110.53 110.56 110.62 110.66 110.72 110.78 110.88 110.97 111.06 111.16 111.28 111.41 111.50 111.56 111.59 111.50 111.38 111.41 111.59 111.84 111.94 111.84 111.75 111.81 111.88 111.91 111.94 111.97 111.97 112.00 112.00 112.03 112.03 112.00 112.00 111.97 111.97 111.91 111.84 112.06 112.31 112.59 112.84 113.12 113.34 113.59 113.78 114.00 114.16
108.38 108.53 108.66 108.88 109.03 109.19 109.34 109.47 109.59 109.75 109.88 110.00 110.09 110.19 110.25 110.28 110.34 110.38 110.41 110.47 110.53 110.56 110.62 110.69 110.75 110.84 110.91 111.00 111.06 111.19 111.28 111.41 111.53 111.66 111.78 111.88 111.94 111.94 111.84 111.84 111.94 111.94 111.81 111.69 111.53 111.53 111.75 111.94 111.94 111.97 112.00 112.00 112.03 112.03 112.03 112.00 111.97 111.97 111.94 111.91 111.91 111.84 111.94 112.22 112.47 112.72 112.97 113.19 113.41 113.62 113.78
108.41 108.53 108.72 108.94 109.09 109.28 109.47 109.59 109.72 109.88 110.00 110.09 110.19 110.22 110.25 110.31 110.34 110.41 110.47 110.53 110.59 110.69 110.75 110.84 110.91 111.00 111.09 111.19 111.28 111.38 111.50 111.62 111.75 111.91 112.03 112.12 112.22 112.22 112.16 112.09 112.00 111.88 111.72 111.59 111.41 111.25 111.19 111.50 111.88 111.97 112.00 112.03 112.03 112.03 112.00 112.00 111.97 111.94 111.94 111.91 111.88 111.88 111.84 111.88 112.12 112.38 112.59 112.81 113.03 113.25 113.41
108.38 108.56 108.75 108.94 109.22 109.41 109.62 109.78 109.88 109.97 110.09 110.19 110.25 110.28 110.31 110.31 110.34 110.41 110.47 110.56 110.66 110.78 110.88 110.97 111.06 111.16 111.25 111.34 111.44 111.56 111.69 111.81 111.94 112.06 112.19 112.28 112.31 112.28 112.19 112.06 111.94 111.81 111.66 111.50 111.34 111.19 111.03 110.88 111.12 111.66 112.00 112.03 112.03 112.03 112.00 111.97 111.97 111.94 111.91 111.91 111.88 111.84 111.84 111.81 111.81 111.97 112.25 112.47 112.66 112.88 113.06
108.41 108.56 108.78 109.00 109.31 109.50 109.72 109.88 110.00 110.09 110.19 110.25 110.28 110.31 110.31 110.28 110.34 110.38 110.47 110.59 110.72 110.84 110.97 111.09 111.22 111.31 111.41 111.50 111.59 111.72 111.81 111.94 112.06 112.19 112.28 112.34 112.31 112.22 112.12 112.00 111.88 111.75 111.62 111.47 111.31 111.16 110.97 110.81 110.69 110.72 111.28 111.91 112.03 112.00 111.97 111.97 111.94 111.91 111.91 111.88 111.88 111.84 111.81 111.81 111.78 111.75 111.84 112.09 112.31 112.50 112.69
108.41 108.62 108.88 109.16 109.41 109.62 109.81 109.97 110.06 110.16 110.22 110.25 110.28 110.28 110.28 110.25 110.28 110.34 110.44 110.59 110.75 110.91 111.06 111.22 111.34 111.44 111.53 111.62 111.75 111.84 111.94 112.06 112.16 112.25 112.31 112.34 112.28 112.16 112.06 111.94 111.81 111.69 111.56 111.44 111.28 111.12 110.97 110.78 110.62 110.50 110.44 110.91 111.59 111.97 111.97 111.94 111.94 111.91 111.88 111.88 111.84 111.81 111.81 111.78 111.78 111.75 111.69 111.69 111.88 112.16 112.31
108.47 108.66 108.91 109.19 109.47 109.69 109.88 110.00 110.09 110.16 110.22 110.19 110.19 110.22 110.19 110.19 110.25 110.31 110.41 110.56 110.72 110.94 111.12 111.31 111.44 111.56 111.66 111.75 111.84 111.91 112.03 112.12 112.22 112.28 112.34 112.31 112.22 112.12 112.00 111.91 111.78 111.66 111.53 111.41 111.25 111.09 110.94 110.78 110.59 110.44 110.41 110.41 110.59 111.22 111.81 111.94 111.91 111.91 111.88 111.84 111.84 111.81 111.78 111.78 111.75 111.72 111.66 111.62 111.59 111.66 111.94
108.47 108.66 108.91 109.22 109.53 109.75 109.94 110.06 110.12 110.16 110.19 110.16 110.12 110.12 110.12 110.12 110.19 110.25 110.38 110.53 110.72 110.91 111.16 111.34 111.50 111.62 111.72 111.78 111.88 111.97 112.03 112.12 112.22 112.28 112.31 112.28 112.16 112.06 111.97 111.84 111.75 111.62 111.50 111.38 111.25 111.09 110.94 110.78 110.59 110.44 110.38 110.34 110.38 110.44 110.81 111.50 111.88 111.88 111.88 111.84 111.81 111.81 111.78 111.75 111.72 111.69 111.62 111.59 111.56 111.50 111.50
108.47 108.69 108.94 109.28 109.56 109.78 109.94 110.06 110.12 110.16 110.12 110.09 110.06 110.03 110.00 110.03 110.12 110.22 110.31 110.50 110.69 110.88 111.09 111.31 111.47 111.59 111.69 111.78 111.84 111.94 112.00 112.09 112.19 112.25 112.31 112.25 112.12 112.03 111.94 111.81 111.72 111.59 111.50 111.38 111.22 111.09 110.94 110.78 110.59 110.47 110.34 110.31 110.31 110.31 110.34 110.44 111.06 111.69 111.84 111.81 111.81 111.78 111.78 111.75 111.72 111.66 111.62 111.56 111.53 111.47 111.44
108.50 108.72 109.00 109.28 109.56 109.78 109.94 110.06 110.09 110.09 110.09 110.06 110.00 109.94 109.94 109.97 110.06 110.16 110.25 110.44 110.62 110.81 111.00 111.16 111.28 111.44 111.56 111.62 111.72 111.84 111.94 112.03 112.12 112.19 112.22 112.19 112.09 112.00 111.91 111.78 111.69 111.59 111.47 111.38 111.25 111.09 110.97 110.81 110.62 110.47 110.38 110.28 110.25 110.22 110.22 110.22 110.25 110.59 111.31 111.78 111.78 111.78 111.75 111.72 111.69 111.62 111.59 111.53 111.50 111.44 111.41
108.47 108.72 108.97 109.22 109.50 109.75 109.94 110.06 110.09 110.09 110.06 109.97 109.94 109.91 109.91 109.91 110.00 110.06 110.22 110.38 110.53 110.69 110.88 111.03 111.12 111.31 111.44 111.56 111.66 111.78 111.88 111.97 112.03 112.12 112.12 112.09 112.03 111.94 111.84 111.78 111.69 111.56 111.47 111.38 111.25 111.12 110.97 110.81 110.66 110.53 110.38 110.28 110.22 110.19 110.16 110.12 110.12 110.12 110.22 110.84 111.56 111.75 111.75 111.69 111.66 111.59 111.56 111.50 111.47 111.41 111.38
108.50 108.66 108.94 109.16 109.47 109.72 109.91 110.00 110.03 110.03 110.00 109.91 109.88 109.84 109.84 109.88 109.94 110.03 110.12 110.28 110.44 110.59 110.78 110.91 111.09 111.25 111.38 111.50 111.62 111.72 111.81 111.91 111.97 112.03 112.06 112.03 111.97 111.91 111.84 111.75 111.66 111.56 111.47 111.38 111.25 111.12 111.00 110.88 110.69 110.56 110.44 110.31 110.22 110.16 110.09 110.06 110.06 110.03 110.03 110.03 110.38 111.16 111.66 111.66 111.62 111.56 111.53 111.47 111.44 111.38 111.34
