everonasctiles/Tile21,30.asc
ncols 128
nrows 128
xllcorner 0
yllcorner 0
cellsize 2.0
NODATA_value  -9999
[rows 33 to 65 of 128, columns 0 to 73 of 128]
82.31 82.47 82.59 82.59 82.56 82.56 82.69 82.56 82.44 82.31 82.03 81.91 81.78 81.69 81.56 81.44 81.31 81.16 80.97 80.75 80.44 80.12 79.84 79.75 79.88 80.12 80.28 80.47 80.59 80.94 81.59 82.31 82.97 83.50 84.00 84.50 85.00 85.47 85.88 86.28 86.69 87.09 87.47 87.84 88.22 88.56 88.88 89.16 89.44 89.69 89.91 90.12 90.31 90.53 90.75 91.00 91.25 91.53 91.81 92.09 92.41 92.72 93.03 93.31 93.62 93.94 94.25 94.56 94.91 95.22 95.56 95.88 96.22 96.56
82.69 82.84 82.94 82.91 82.88 83.03 82.97 82.84 82.72 82.56 82.34 82.22 82.09 81.97 81.84 81.72 81.59 81.47 81.28 81.06 80.81 80.53 80.22 80.12 80.12 80.19 80.22 80.22 80.31 80.62 81.25 81.91 82.50 83.12 83.62 84.22 84.78 85.31 85.84 86.28 86.72 87.09 87.50 87.88 88.25 88.59 88.94 89.22 89.50 89.75 90.00 90.22 90.44 90.66 90.91 91.16 91.41 91.69 91.97 92.28 92.59 92.91 93.22 93.53 93.84 94.16 94.47 94.78 95.09 95.41 95.75 96.06 96.41 96.72
83.00 83.16 83.19 83.22 83.22 83.38 83.25 83.12 83.00 82.75 82.62 82.50 82.38 82.25 82.12 82.00 81.88 81.75 81.59 81.41 81.19 80.94 80.69 80.53 80.44 80.44 80.41 80.44 80.59 80.84 81.28 81.78 82.22 82.66 83.25 83.84 84.47 85.06 85.66 86.19 86.66 87.09 87.47 87.88 88.25 88.59 88.94 89.25 89.56 89.81 90.06 90.31 90.53 90.78 91.03 91.28 91.56 91.84 92.16 92.47 92.78 93.09 93.41 93.72 94.03 94.34 94.66 94.97 95.28 95.62 95.94 96.25 96.56 96.88
83.25 83.38 83.44 83.50 83.69 83.66 83.53 83.41 83.25 83.03 82.91 82.78 82.66 82.53 82.41 82.28 82.16 82.06 81.91 81.75 81.56 81.38 81.16 81.00 80.88 80.84 80.84 80.97 81.19 81.44 81.69 81.94 82.09 82.28 82.78 83.47 84.19 84.81 85.38 85.97 86.53 87.03 87.44 87.84 88.22 88.59 88.94 89.25 89.56 89.84 90.09 90.34 90.59 90.88 91.12 91.41 91.69 92.00 92.31 92.62 92.94 93.25 93.59 93.91 94.22 94.53 94.84 95.16 95.47 95.78 96.09 96.41 96.72 97.03
83.47 83.56 83.72 83.81 84.00 83.88 83.75 83.62 83.44 83.31 83.19 83.06 82.94 82.81 82.69 82.56 82.47 82.34 82.22 82.09 81.94 81.78 81.59 81.44 81.31 81.28 81.31 81.41 81.69 82.03 82.31 82.31 82.22 82.25 82.56 83.16 83.91 84.62 85.19 85.72 86.31 86.88 87.38 87.78 88.19 88.56 88.91 89.25 89.56 89.84 90.12 90.41 90.66 90.94 91.22 91.50 91.81 92.12 92.44 92.78 93.09 93.44 93.75 94.09 94.41 94.72 95.03 95.34 95.66 95.97 96.28 96.59 96.91 97.19
83.75 83.88 83.97 84.28 84.25 84.12 84.00 83.84 83.69 83.59 83.50 83.34 83.22 83.09 82.97 82.84 82.75 82.66 82.53 82.44 82.28 82.16 82.00 81.84 81.75 81.72 81.72 81.81 82.00 82.31 82.69 82.78 82.59 82.47 82.66 83.09 83.78 84.50 85.06 85.56 86.09 86.66 87.22 87.72 88.12 88.50 88.88 89.22 89.53 89.84 90.12 90.41 90.69 91.00 91.28 91.59 91.91 92.25 92.56 92.91 93.25 93.59 93.91 94.25 94.56 94.88 95.19 95.53 95.81 96.12 96.44 96.75 97.06 97.34
84.12 84.22 84.34 84.59 84.47 84.34 84.22 84.03 83.97 83.91 83.78 83.66 83.53 83.41 83.25 83.16 83.03 82.94 82.84 82.75 82.66 82.53 82.38 82.28 82.19 82.12 82.12 82.16 82.28 82.50 82.84 83.16 83.12 82.94 82.91 83.12 83.75 84.41 84.97 85.44 85.91 86.44 87.03 87.62 88.09 88.47 88.84 89.19 89.53 89.84 90.12 90.44 90.75 91.03 91.34 91.69 92.00 92.34 92.69 93.03 93.38 93.72 94.06 94.38 94.72 95.03 95.34 95.66 95.97 96.28 96.59 96.91 97.22 97.53
84.47 84.53 84.91 84.84 84.72 84.59 84.44 84.28 84.25 84.19 84.09 84.00 83.84 83.72 83.56 83.47 83.34 83.25 83.19 83.09 83.00 82.88 82.78 82.66 82.59 82.53 82.50 82.53 82.59 82.75 83.03 83.38 83.56 83.50 83.38 83.44 83.69 84.22 84.81 85.22 85.72 86.28 86.84 87.47 88.06 88.44 88.81 89.16 89.50 89.81 90.12 90.44 90.75 91.09 91.41 91.75 92.09 92.44 92.78 93.12 93.50 93.84 94.19 94.53 94.84 95.19 95.50 95.81 96.12 96.44 96.75 97.06 97.38 97.69
84.84 84.97 85.19 85.06 84.94 84.81 84.62 84.56 84.50 84.47 84.41 84.31 84.19 84.06 83.91 83.78 83.69 83.59 83.50 83.44 83.34 83.25 83.16 83.06 83.00 82.94 82.88 82.88 82.91 83.03 83.22 83.50 83.81 84.00 83.94 83.84 83.81 83.97 84.47 84.97 85.50 86.09 86.69 87.34 87.97 88.44 88.81 89.16 89.50 89.81 90.16 90.47 90.78 91.12 91.44 91.81 92.16 92.50 92.88 93.22 93.59 93.94 94.28 94.62 94.97 95.28 95.62 95.94 96.25 96.56 96.88 97.19 97.50 97.81
85.22 85.50 85.44 85.31 85.19 85.03 84.88 84.81 84.78 84.72 84.69 84.59 84.50 84.38 84.25 84.16 84.03 83.94 83.88 83.78 83.72 83.62 83.53 83.47 83.41 83.34 83.28 83.28 83.28 83.34 83.50 83.69 83.97 84.25 84.38 84.31 84.06 84.00 84.28 84.78 85.34 85.88 86.47 87.16 87.84 88.38 88.81 89.16 89.50 89.84 90.16 90.50 90.81 91.16 91.50 91.84 92.22 92.56 92.94 93.31 93.66 94.03 94.38 94.72 95.06 95.38 95.72 96.06 96.38 96.69 97.00 97.34 97.66 97.97
85.66 85.78 85.66 85.53 85.41 85.19 85.12 85.06 85.03 85.00 84.94 84.88 84.81 84.72 84.59 84.50 84.41 84.31 84.22 84.16 84.09 84.00 83.94 83.88 83.81 83.75 83.69 83.69 83.69 83.72 83.81 83.97 84.19 84.47 84.69 84.78 84.62 84.44 84.41 84.72 85.19 85.78 86.28 86.91 87.66 88.28 88.72 89.16 89.53 89.88 90.19 90.53 90.84 91.19 91.53 91.91 92.25 92.62 93.00 93.34 93.72 94.06 94.44 94.78 95.12 95.47 95.81 96.16 96.47 96.81 97.12 97.47 97.81 98.12
86.12 86.03 85.91 85.78 85.59 85.44 85.38 85.31 85.28 85.25 85.22 85.16 85.09 85.03 84.94 84.84 84.75 84.69 84.59 84.53 84.47 84.41 84.34 84.28 84.22 84.19 84.12 84.09 84.09 84.12 84.22 84.34 84.50 84.75 85.00 85.16 85.22 85.03 84.88 85.03 85.22 85.66 86.19 86.69 87.41 88.03 88.50 89.00 89.47 89.88 90.22 90.56 90.91 91.22 91.59 91.94 92.28 92.66 93.03 93.41 93.75 94.12 94.47 94.84 95.19 95.53 95.88 96.22 96.56 96.91 97.25 97.59 97.94 98.28
86.38 86.25 86.12 86.00 85.78 85.69 85.62 85.56 85.53 85.50 85.47 85.44 85.38 85.34 85.28 85.19 85.12 85.06 85.00 84.94 84.88 84.81 84.75 84.72 84.66 84.62 84.59 84.56 84.56 84.59 84.66 84.75 84.91 85.12 85.34 85.56 85.69 85.66 85.56 85.59 85.59 85.69 86.06 86.50 87.12 87.69 88.12 88.62 89.19 89.75 90.25 90.62 90.94 91.28 91.62 91.97 92.34 92.69 93.06 93.44 93.78 94.16 94.53 94.88 95.25 95.59 95.94 96.31 96.66 97.03 97.38 97.72 98.09 98.44
86.62 86.50 86.38 86.22 86.03 85.94 85.84 85.78 85.75 85.75 85.72 85.72 85.69 85.66 85.62 85.56 85.50 85.44 85.38 85.31 85.28 85.22 85.19 85.16 85.12 85.09 85.06 85.03 85.03 85.06 85.12 85.22 85.34 85.53 85.72 85.94 86.09 86.19 86.19 86.16 86.06 86.03 86.12 86.38 86.84 87.34 87.78 88.22 88.78 89.47 90.09 90.66 91.00 91.34 91.69 92.03 92.38 92.72 93.09 93.44 93.81 94.19 94.53 94.91 95.28 95.66 96.00 96.38 96.75 97.12 97.50 97.88 98.22 98.59
86.84 86.72 86.59 86.41 86.28 86.16 86.06 86.00 85.97 86.00 86.00 86.00 86.00 85.97 85.97 85.91 85.88 85.84 85.78 85.72 85.69 85.66 85.62 85.59 85.56 85.56 85.53 85.53 85.53 85.56 85.62 85.69 85.81 85.97 86.12 86.28 86.44 86.56 86.66 86.66 86.59 86.44 86.28 86.38 86.66 87.00 87.44 87.84 88.34 89.03 89.81 90.56 91.06 91.41 91.72 92.06 92.41 92.75 93.09 93.47 93.84 94.19 94.56 94.94 95.31 95.69 96.06 96.47 96.84 97.22 97.62 98.00 98.38 98.75
87.06 86.97 86.84 86.69 86.53 86.41 86.31 86.25 86.22 86.25 86.28 86.31 86.31 86.31 86.31 86.31 86.28 86.25 86.19 86.16 86.12 86.12 86.09 86.09 86.06 86.06 86.03 86.03 86.06 86.09 86.12 86.19 86.28 86.41 86.53 86.66 86.78 86.91 87.03 87.03 87.03 86.72 86.47 86.44 86.72 87.00 87.25 87.53 88.00 88.66 89.50 90.34 91.06 91.47 91.78 92.12 92.44 92.78 93.12 93.50 93.84 94.22 94.59 94.97 95.34 95.75 96.16 96.53 96.94 97.34 97.75 98.12 98.53 98.91
87.28 87.19 87.09 86.97 86.84 86.72 86.62 86.56 86.53 86.56 86.59 86.66 86.69 86.69 86.69 86.69 86.69 86.66 86.62 86.62 86.59 86.59 86.59 86.59 86.59 86.56 86.56 86.56 86.56 86.59 86.62 86.69 86.75 86.84 86.94 87.06 87.16 87.28 87.38 87.38 87.22 87.00 86.72 86.62 86.84 87.06 87.25 87.31 87.84 88.47 89.25 90.16 91.00 91.56 91.88 92.19 92.50 92.81 93.16 93.50 93.88 94.25 94.62 95.00 95.41 95.81 96.22 96.62 97.06 97.47 97.88 98.28 98.69 99.09
87.50 87.44 87.38 87.25 87.12 87.03 86.97 86.94 86.91 86.91 86.97 87.03 87.06 87.09 87.09 87.09 87.09 87.09 87.09 87.09 87.09 87.09 87.12 87.12 87.12 87.09 87.09 87.09 87.09 87.12 87.16 87.19 87.25 87.31 87.38 87.47 87.56 87.66 87.75 87.69 87.47 87.19 86.94 86.81 86.97 87.12 87.28 87.41 87.78 88.41 89.16 90.06 90.91 91.56 91.97 92.25 92.56 92.88 93.19 93.53 93.91 94.28 94.66 95.06 95.47 95.88 96.31 96.75 97.16 97.59 98.03 98.44 98.84 99.25
87.72 87.72 87.62 87.47 87.31 87.25 87.25 87.28 87.31 87.31 87.38 87.44 87.47 87.53 87.53 87.56 87.56 87.56 87.59 87.59 87.62 87.66 87.66 87.69 87.69 87.69 87.66 87.66 87.66 87.66 87.66 87.69 87.72 87.78 87.84 87.91 87.97 88.03 88.12 88.06 87.81 87.47 87.16 87.06 87.12 87.28 87.44 87.62 87.91 88.47 89.19 90.09 90.88 91.56 92.03 92.31 92.62 92.94 93.25 93.59 93.94 94.31 94.69 95.09 95.53 95.97 96.41 96.84 97.28 97.72 98.16 98.59 99.03 99.44
88.03 87.97 87.84 87.66 87.53 87.50 87.53 87.59 87.66 87.75 87.81 87.91 87.97 88.00 88.03 88.06 88.06 88.09 88.12 88.16 88.19 88.22 88.25 88.28 88.28 88.25 88.25 88.22 88.19 88.19 88.19 88.19 88.22 88.25 88.31 88.34 88.41 88.47 88.50 88.50 88.25 87.88 87.50 87.34 87.38 87.50 87.66 87.88 88.19 88.53 89.34 90.19 90.91 91.59 92.06 92.41 92.69 92.97 93.28 93.62 93.97 94.34 94.75 95.16 95.59 96.06 96.50 96.97 97.44 97.88 98.31 98.75 99.19 99.62
88.28 88.16 88.03 87.97 87.88 87.88 87.91 87.97 88.06 88.16 88.28 88.41 88.53 88.59 88.59 88.62 88.66 88.66 88.72 88.75 88.81 88.84 88.88 88.91 88.88 88.84 88.81 88.78 88.75 88.75 88.72 88.72 88.72 88.75 88.78 88.81 88.84 88.91 88.94 88.94 88.75 88.38 87.97 87.72 87.72 87.78 87.94 88.19 88.44 88.88 89.50 90.38 91.06 91.66 92.16 92.47 92.75 93.03 93.34 93.69 94.03 94.41 94.81 95.25 95.69 96.16 96.62 97.09 97.56 98.03 98.47 98.94 99.38 99.81
88.38 88.28 88.28 88.28 88.25 88.22 88.25 88.31 88.41 88.53 88.66 88.81 89.00 89.19 89.28 89.31 89.31 89.34 89.38 89.44 89.50 89.53 89.56 89.56 89.53 89.47 89.44 89.38 89.31 89.28 89.25 89.25 89.25 89.25 89.28 89.31 89.31 89.34 89.38 89.41 89.31 88.97 88.59 88.25 88.12 88.19 88.22 88.50 88.81 89.12 89.31 90.00 90.78 91.62 92.19 92.56 92.84 93.09 93.38 93.72 94.06 94.44 94.88 95.31 95.78 96.28 96.75 97.22 97.69 98.16 98.62 99.09 99.53 99.97
88.50 88.53 88.53 88.53 88.53 88.53 88.56 88.66 88.72 88.84 89.00 89.19 89.38 89.56 89.78 89.94 90.03 90.12 90.19 90.22 90.25 90.31 90.31 90.28 90.22 90.16 90.06 89.97 89.91 89.84 89.81 89.81 89.78 89.78 89.81 89.81 89.81 89.84 89.84 89.84 89.88 89.66 89.31 88.97 88.75 88.72 88.69 88.94 89.22 89.22 89.44 89.84 90.34 91.12 92.16 92.62 92.88 93.12 93.41 93.72 94.09 94.50 94.94 95.41 95.88 96.38 96.88 97.34 97.81 98.31 98.78 99.25 99.72 100.16
88.72 88.75 88.78 88.78 88.81 88.81 88.88 88.94 89.06 89.19 89.34 89.50 89.72 89.94 90.12 90.34 90.53 90.72 90.84 91.00 91.09 91.16 91.09 91.03 90.94 90.84 90.75 90.62 90.53 90.47 90.41 90.38 90.34 90.34 90.34 90.34 90.34 90.34 90.34 90.34 90.34 90.31 90.06 89.75 89.50 89.44 89.47 89.53 89.72 89.53 89.59 89.81 90.09 90.69 91.81 92.59 92.91 93.16 93.41 93.72 94.09 94.56 95.00 95.47 95.97 96.47 96.97 97.44 97.94 98.41 98.91 99.38 99.88 100.31
88.94 88.97 89.00 89.03 89.06 89.09 89.16 89.25 89.34 89.47 89.62 89.81 90.03 90.22 90.47 90.69 90.91 91.09 91.28 91.44 91.59 91.72 91.78 91.78 91.69 91.56 91.44 91.31 91.19 91.09 91.03 90.97 90.94 90.91 90.91 90.88 90.88 90.88 90.84 90.84 90.84 90.81 90.75 90.53 90.34 90.22 90.22 90.28 90.38 90.09 89.72 89.72 89.88 90.44 91.41 92.44 92.88 93.16 93.41 93.72 94.12 94.59 95.06 95.53 96.03 96.53 97.03 97.53 98.00 98.50 99.00 99.50 100.00 100.47
89.12 89.19 89.22 89.25 89.28 89.34 89.44 89.53 89.62 89.78 89.94 90.12 90.31 90.53 90.75 90.97 91.19 91.41 91.59 91.78 91.97 92.09 92.22 92.28 92.31 92.28 92.16 92.03 91.91 91.75 91.66 91.59 91.56 91.50 91.47 91.47 91.44 91.41 91.41 91.38 91.34 91.34 91.31 91.22 91.06 90.97 90.94 90.94 90.94 90.75 90.09 89.81 90.12 90.59 91.06 91.97 92.78 93.12 93.41 93.69 94.12 94.62 95.09 95.56 96.06 96.56 97.06 97.56 98.06 98.56 99.09 99.59 100.09 100.59
89.34 89.38 89.44 89.47 89.53 89.59 89.69 89.81 89.91 90.06 90.22 90.41 90.59 90.78 91.00 91.22 91.47 91.69 91.88 92.09 92.25 92.41 92.53 92.66 92.69 92.72 92.69 92.66 92.56 92.47 92.38 92.28 92.22 92.19 92.12 92.09 92.03 92.00 91.97 91.94 91.91 91.88 91.84 91.81 91.72 91.66 91.62 91.59 91.56 91.38 91.00 90.66 90.53 90.69 90.88 91.28 92.28 93.06 93.38 93.72 94.16 94.62 95.09 95.56 96.09 96.59 97.09 97.56 98.06 98.59 99.12 99.69 100.19 100.69
89.53 89.59 89.66 89.72 89.78 89.84 89.94 90.06 90.19 90.34 90.50 90.66 90.84 91.06 91.28 91.50 91.72 91.94 92.16 92.34 92.53 92.69 92.84 92.94 93.03 93.06 93.09 93.09 93.06 93.03 93.00 92.97 92.94 92.88 92.81 92.75 92.69 92.62 92.56 92.53 92.47 92.44 92.41 92.38 92.34 92.28 92.25 92.22 92.16 91.97 91.59 91.28 90.88 90.69 90.66 90.91 91.66 92.78 93.38 93.75 94.16 94.59 95.06 95.56 96.09 96.62 97.12 97.59 98.03 98.59 99.16 99.72 100.25 100.78
89.75 89.81 89.88 89.94 90.00 90.09 90.22 90.31 90.47 90.59 90.78 90.94 91.12 91.31 91.53 91.75 91.97 92.19 92.38 92.59 92.78 92.94 93.09 93.22 93.31 93.38 93.41 93.44 93.47 93.47 93.47 93.50 93.53 93.53 93.50 93.47 93.38 93.31 93.25 93.16 93.09 93.06 93.00 92.94 92.91 92.88 92.88 92.84 92.78 92.56 92.12 91.81 91.16 90.62 90.38 90.97 91.50 92.50 93.34 93.78 94.16 94.59 95.06 95.56 96.06 96.59 97.16 97.62 98.09 98.66 99.22 99.75 100.31 100.84
89.94 90.00 90.06 90.16 90.25 90.34 90.47 90.59 90.72 90.88 91.03 91.22 91.41 91.59 91.78 92.00 92.22 92.41 92.62 92.81 93.00 93.19 93.34 93.47 93.56 93.66 93.72 93.75 93.81 93.84 93.84 93.91 93.94 93.97 94.03 94.12 94.09 94.00 93.94 93.84 93.75 93.69 93.62 93.56 93.50 93.47 93.44 93.41 93.31 93.09 92.59 92.22 91.66 90.88 90.62 91.12 91.69 92.44 93.34 93.78 94.19 94.62 95.06 95.56 96.09 96.66 97.19 97.66 98.16 98.72 99.28 99.84 100.38 100.88
90.12 90.22 90.28 90.38 90.50 90.59 90.72 90.84 91.00 91.16 91.31 91.47 91.66 91.84 92.06 92.25 92.47 92.66 92.88 93.06 93.25 93.41 93.56 93.72 93.81 93.91 94.00 94.06 94.12 94.16 94.22 94.25 94.31 94.38 94.44 94.56 94.66 94.72 94.62 94.53 94.44 94.34 94.25 94.19 94.12 94.06 94.00 93.88 93.75 93.59 93.00 92.56 92.09 91.41 91.09 91.44 91.88 92.53 93.34 93.84 94.19 94.72 95.19 95.59 96.19 96.72 97.22 97.72 98.22 98.78 99.34 99.91 100.44 100.94
90.34 90.44 90.53 90.62 90.72 90.84 90.97 91.12 91.25 91.41 91.56 91.75 91.94 92.12 92.31 92.53 92.72 92.91 93.12 93.31 93.50 93.66 93.81 93.94 94.06 94.19 94.25 94.34 94.41 94.47 94.53 94.59 94.66 94.72 94.81 94.91 95.03 95.12 95.22 95.22 95.16 95.03 94.91 94.81 94.72 94.66 94.50 94.31 94.16 93.97 93.41 92.91 92.41 91.69 91.38 91.62 92.03 92.62 93.28 93.88 94.34 94.75 95.25 95.72 96.22 96.78 97.34 97.81 98.31 98.84 99.41 99.97 100.47 100.97
90.56 90.66 90.75 90.88 90.97 91.09 91.22 91.38 91.53 91.69 91.84 92.03 92.22 92.41 92.59 92.78 92.97 93.16 93.38 93.56 93.72 93.91 94.06 94.19 94.31 94.44 94.53 94.62 94.69 94.78 94.84 94.91 95.00 95.06 95.16 95.25 95.38 95.47 95.56 95.66 95.69 95.59 95.47 95.44 95.25 95.12 95.06 94.81 94.53 94.34 93.84 93.34 92.84 92.25 91.94 92.06 92.31 92.62 93.28 93.81 94.31 94.84 95.28 95.78 96.34 96.94 97.47 97.91 98.38 98.91 99.47 100.03 100.53 100.97
