everonasctiles/Tile27,21.asc
ncols 128
nrows 128
xllcorner 0
yllcorner 0
cellsize 2.0
NODATA_value  -9999
[rows 32 to 63 of 128, columns 0 to 70 of 128]
106.22 106.56 106.97 107.31 107.62 107.91 108.19 108.47 108.75 109.00 109.25 109.50 109.75 109.97 110.19 110.41 110.62 110.81 111.03 111.22 111.38 111.53 111.66 111.78 111.88 112.00 112.09 112.16 112.25 112.31 112.41 112.47 112.53 112.56 112.62 112.66 112.69 112.72 112.75 112.78 112.78 112.78 112.78 112.78 112.78 112.75 112.75 112.72 112.72 112.69 112.66 112.62 112.59 112.56 112.53 112.50 112.44 112.41 112.34 112.31 112.25 112.19 112.12 112.06 112.00 111.94 111.88 111.81 111.75 111.69 111.62
105.78 106.31 106.66 107.19 107.56 107.88 108.19 108.47 108.75 109.00 109.25 109.50 109.75 110.00 110.22 110.44 110.66 110.88 111.09 111.28 111.44 111.59 111.75 111.88 111.97 112.06 112.16 112.25 112.34 112.41 112.47 112.53 112.59 112.66 112.69 112.75 112.78 112.81 112.84 112.84 112.88 112.88 112.88 112.88 112.88 112.84 112.84 112.81 112.81 112.78 112.75 112.75 112.72 112.69 112.62 112.59 112.56 112.50 112.47 112.41 112.38 112.31 112.25 112.19 112.12 112.06 112.00 111.94 111.88 111.81 111.75
106.19 105.75 106.53 106.91 107.47 107.84 108.19 108.47 108.75 109.03 109.28 109.53 109.78 110.00 110.25 110.47 110.72 110.94 111.16 111.34 111.53 111.69 111.84 111.94 112.06 112.16 112.25 112.34 112.41 112.50 112.56 112.62 112.69 112.72 112.78 112.81 112.88 112.91 112.94 112.97 112.97 112.97 112.97 112.97 112.97 112.97 112.94 112.94 112.91 112.88 112.88 112.84 112.81 112.78 112.75 112.72 112.69 112.62 112.59 112.53 112.47 112.44 112.38 112.31 112.25 112.19 112.12 112.06 112.00 111.94 111.88
106.50 106.47 106.47 106.38 107.09 107.59 108.16 108.47 108.75 109.00 109.28 109.53 109.78 110.03 110.25 110.50 110.75 110.97 111.22 111.44 111.62 111.78 111.91 112.03 112.16 112.25 112.34 112.44 112.50 112.59 112.66 112.72 112.75 112.81 112.88 112.91 112.97 113.00 113.03 113.06 113.06 113.09 113.09 113.06 113.06 113.06 113.03 113.03 113.00 113.00 112.97 112.94 112.91 112.88 112.84 112.81 112.78 112.75 112.69 112.66 112.59 112.56 112.50 112.44 112.38 112.31 112.25 112.19 112.12 112.03 111.97
106.81 106.97 106.72 106.72 106.62 107.34 107.84 108.44 108.72 109.00 109.25 109.50 109.78 110.03 110.28 110.53 110.78 111.03 111.25 111.50 111.72 111.88 112.03 112.16 112.25 112.34 112.44 112.53 112.62 112.69 112.75 112.81 112.84 112.91 112.94 113.00 113.06 113.09 113.12 113.16 113.19 113.19 113.19 113.19 113.16 113.16 113.12 113.12 113.09 113.09 113.06 113.03 113.00 113.00 112.97 112.94 112.91 112.84 112.81 112.78 112.72 112.66 112.62 112.56 112.50 112.44 112.38 112.28 112.22 112.16 112.09
106.97 107.12 107.25 106.97 106.69 106.88 107.66 108.12 108.59 108.91 109.19 109.47 109.72 110.00 110.28 110.53 110.81 111.06 111.34 111.59 111.84 112.03 112.16 112.25 112.38 112.47 112.56 112.66 112.72 112.78 112.84 112.91 112.94 113.00 113.03 113.09 113.12 113.19 113.22 113.25 113.28 113.28 113.28 113.28 113.25 113.25 113.22 113.22 113.19 113.19 113.16 113.12 113.12 113.09 113.06 113.03 113.00 112.97 112.94 112.88 112.84 112.78 112.72 112.69 112.62 112.56 112.50 112.41 112.34 112.28 112.22
107.09 107.25 107.38 107.28 107.22 107.16 107.28 107.94 108.31 108.72 109.06 109.38 109.66 109.97 110.25 110.56 110.84 111.12 111.41 111.69 111.97 112.16 112.28 112.41 112.50 112.59 112.69 112.78 112.84 112.91 112.97 113.00 113.03 113.06 113.12 113.19 113.25 113.28 113.34 113.38 113.38 113.41 113.38 113.38 113.34 113.34 113.31 113.28 113.28 113.25 113.25 113.22 113.19 113.19 113.16 113.12 113.09 113.06 113.03 113.00 112.94 112.91 112.84 112.78 112.75 112.69 112.59 112.53 112.47 112.41 112.31
107.22 107.34 107.47 107.59 107.56 107.59 107.62 107.62 108.09 108.44 108.81 109.22 109.59 109.91 110.25 110.56 110.88 111.19 111.50 111.81 112.12 112.34 112.44 112.53 112.62 112.75 112.84 112.94 113.00 113.06 113.12 113.12 113.16 113.19 113.22 113.28 113.34 113.41 113.44 113.47 113.50 113.50 113.47 113.47 113.44 113.41 113.38 113.38 113.34 113.34 113.31 113.31 113.28 113.28 113.25 113.22 113.22 113.19 113.16 113.12 113.06 113.03 112.97 112.91 112.84 112.81 112.72 112.66 112.59 112.53 112.44
107.34 107.47 107.59 107.72 107.84 107.91 107.94 107.97 107.69 108.09 108.50 109.03 109.44 109.84 110.22 110.59 110.94 111.25 111.59 111.94 112.28 112.50 112.62 112.72 112.81 112.91 113.03 113.12 113.19 113.25 113.28 113.28 113.28 113.28 113.31 113.38 113.44 113.50 113.56 113.59 113.59 113.59 113.56 113.53 113.50 113.47 113.44 113.44 113.41 113.41 113.38 113.38 113.34 113.34 113.34 113.31 113.31 113.28 113.25 113.22 113.19 113.12 113.09 113.03 112.97 112.94 112.84 112.78 112.72 112.66 112.56
107.44 107.56 107.69 107.81 107.94 108.09 108.22 108.16 108.12 107.69 108.06 108.69 109.38 109.81 110.22 110.62 111.00 111.34 111.72 112.03 112.31 112.59 112.84 112.91 113.00 113.09 113.22 113.34 113.44 113.53 113.56 113.53 113.50 113.47 113.50 113.53 113.59 113.66 113.66 113.66 113.66 113.62 113.59 113.56 113.53 113.53 113.50 113.47 113.44 113.44 113.44 113.44 113.44 113.41 113.41 113.41 113.41 113.38 113.34 113.31 113.28 113.25 113.22 113.16 113.09 113.06 113.00 112.94 112.84 112.78 112.69
107.53 107.69 107.81 107.94 108.06 108.19 108.31 108.44 108.38 108.31 107.91 108.22 109.22 109.78 110.25 110.66 111.06 111.41 111.72 112.03 112.31 112.66 112.94 113.22 113.34 113.44 113.56 113.72 113.84 113.91 113.91 113.88 113.81 113.78 113.75 113.75 113.75 113.75 113.72 113.69 113.66 113.66 113.62 113.59 113.56 113.53 113.53 113.50 113.47 113.47 113.47 113.47 113.47 113.47 113.50 113.50 113.50 113.47 113.47 113.44 113.41 113.38 113.31 113.28 113.25 113.19 113.12 113.06 113.00 112.91 112.84
107.66 107.78 107.91 108.03 108.16 108.28 108.44 108.56 108.69 108.66 108.62 108.50 109.16 109.72 110.19 110.62 111.00 111.38 111.72 112.03 112.34 112.69 112.97 113.38 113.62 113.84 113.91 114.00 114.00 114.00 114.00 113.97 113.94 113.91 113.88 113.81 113.78 113.75 113.72 113.69 113.66 113.66 113.62 113.59 113.59 113.56 113.53 113.53 113.50 113.50 113.50 113.50 113.50 113.53 113.53 113.56 113.56 113.56 113.56 113.53 113.50 113.47 113.44 113.41 113.38 113.31 113.25 113.19 113.12 113.06 112.97
107.84 107.94 108.03 108.16 108.28 108.41 108.53 108.66 108.78 108.91 109.03 109.16 109.25 109.72 110.16 110.56 110.97 111.34 111.69 112.03 112.34 112.69 112.97 113.34 113.53 113.72 113.81 113.91 114.00 114.00 113.97 113.97 113.94 113.88 113.84 113.81 113.78 113.75 113.72 113.69 113.69 113.66 113.62 113.59 113.59 113.56 113.56 113.53 113.53 113.53 113.50 113.50 113.44 113.44 113.47 113.56 113.59 113.62 113.66 113.62 113.62 113.59 113.56 113.53 113.50 113.47 113.41 113.34 113.28 113.19 113.12
108.06 108.12 108.19 108.28 108.38 108.50 108.62 108.78 108.91 109.03 109.16 109.25 109.38 109.69 110.12 110.53 110.91 111.28 111.66 112.00 112.34 112.66 112.94 113.31 113.47 113.59 113.72 113.81 113.91 113.97 113.97 113.94 113.91 113.88 113.84 113.81 113.78 113.75 113.72 113.69 113.69 113.66 113.62 113.62 113.59 113.59 113.56 113.56 113.53 113.53 113.53 113.41 113.28 113.16 113.09 113.19 113.31 113.38 113.44 113.44 113.41 113.41 113.34 113.28 113.22 113.16 113.16 113.19 113.09 112.94 112.81
108.34 108.34 108.38 108.44 108.50 108.62 108.75 108.88 109.00 109.12 109.25 109.34 109.44 109.59 110.09 110.50 110.88 111.25 111.62 111.97 112.31 112.62 112.91 113.19 113.38 113.50 113.59 113.72 113.78 113.88 113.94 113.91 113.88 113.88 113.84 113.81 113.78 113.75 113.72 113.69 113.69 113.66 113.62 113.62 113.59 113.59 113.59 113.56 113.56 113.53 113.50 113.38 113.25 113.09 113.00 113.03 113.09 113.19 113.25 113.28 113.28 113.25 113.19 113.12 113.03 112.97 112.94 112.94 112.84 112.72 112.62
108.75 108.62 108.59 108.62 108.69 108.75 108.84 108.97 109.12 109.22 109.31 109.44 109.53 109.66 109.91 110.41 110.78 111.19 111.53 111.91 112.22 112.56 112.84 113.06 113.25 113.38 113.50 113.59 113.69 113.78 113.88 113.88 113.88 113.84 113.84 113.81 113.78 113.75 113.72 113.69 113.66 113.66 113.62 113.62 113.62 113.59 113.59 113.59 113.56 113.53 113.50 113.41 113.31 113.22 113.16 113.12 113.16 113.22 113.28 113.28 113.31 113.28 113.25 113.19 113.12 113.06 113.00 112.97 112.88 112.78 112.72
109.06 109.00 108.84 108.84 108.84 108.91 108.97 109.09 109.22 109.31 109.41 109.53 109.62 109.75 109.84 110.16 110.66 111.06 111.44 111.81 112.16 112.47 112.72 112.94 113.12 113.25 113.38 113.50 113.59 113.69 113.75 113.81 113.84 113.84 113.81 113.78 113.75 113.72 113.72 113.69 113.66 113.66 113.62 113.62 113.62 113.62 113.62 113.59 113.59 113.56 113.50 113.44 113.38 113.31 113.25 113.25 113.28 113.31 113.34 113.34 113.34 113.34 113.31 113.25 113.19 113.16 113.09 113.03 112.97 112.88 112.81
109.22 109.28 109.16 109.06 109.06 109.06 109.12 109.22 109.31 109.41 109.50 109.62 109.72 109.81 109.94 110.03 110.31 110.81 111.25 111.66 112.00 112.31 112.56 112.78 112.97 113.12 113.28 113.41 113.50 113.59 113.66 113.72 113.78 113.81 113.81 113.78 113.75 113.72 113.69 113.69 113.66 113.66 113.66 113.62 113.66 113.62 113.62 113.62 113.59 113.59 113.53 113.50 113.44 113.41 113.38 113.38 113.38 113.41 113.41 113.41 113.41 113.41 113.38 113.34 113.28 113.25 113.19 113.12 113.06 113.00 112.94
109.31 109.44 109.47 109.41 109.34 109.31 109.34 109.41 109.44 109.50 109.59 109.69 109.81 109.91 110.03 110.12 110.25 110.41 110.84 111.34 111.72 112.06 112.34 112.62 112.84 113.03 113.19 113.31 113.41 113.50 113.56 113.62 113.69 113.72 113.75 113.75 113.72 113.72 113.69 113.66 113.66 113.66 113.66 113.66 113.66 113.66 113.66 113.62 113.62 113.59 113.56 113.53 113.50 113.50 113.47 113.47 113.47 113.47 113.50 113.50 113.50 113.47 113.47 113.44 113.41 113.34 113.31 113.25 113.19 113.12 113.06
109.41 109.53 109.66 109.75 109.78 109.72 109.62 109.59 109.62 109.62 109.69 109.78 109.91 110.00 110.12 110.22 110.31 110.44 110.56 110.84 111.38 111.81 112.16 112.47 112.72 112.91 113.06 113.19 113.31 113.41 113.50 113.53 113.59 113.62 113.66 113.69 113.69 113.69 113.66 113.66 113.66 113.66 113.66 113.66 113.66 113.66 113.66 113.66 113.62 113.62 113.59 113.59 113.56 113.56 113.56 113.53 113.56 113.56 113.56 113.56 113.56 113.56 113.53 113.50 113.47 113.44 113.41 113.34 113.31 113.25 113.19
109.47 109.66 109.78 109.94 110.06 110.19 110.06 109.88 109.78 109.75 109.72 109.88 110.00 110.09 110.19 110.31 110.41 110.53 110.62 110.72 110.84 111.28 111.94 112.25 112.56 112.78 112.97 113.09 113.22 113.31 113.41 113.47 113.53 113.56 113.59 113.62 113.62 113.66 113.66 113.66 113.66 113.66 113.66 113.66 113.66 113.66 113.66 113.66 113.66 113.62 113.62 113.62 113.62 113.62 113.62 113.62 113.62 113.62 113.62 113.66 113.62 113.62 113.62 113.59 113.56 113.53 113.50 113.47 113.41 113.34 113.31
109.53 109.72 109.88 110.03 110.19 110.31 110.38 110.12 110.00 109.91 109.66 109.88 110.06 110.19 110.28 110.41 110.50 110.62 110.72 110.81 110.94 111.03 111.38 112.09 112.38 112.62 112.84 113.00 113.12 113.25 113.34 113.41 113.47 113.50 113.53 113.56 113.56 113.59 113.59 113.62 113.62 113.62 113.66 113.66 113.66 113.66 113.66 113.66 113.66 113.66 113.66 113.66 113.66 113.66 113.66 113.66 113.69 113.69 113.69 113.72 113.72 113.69 113.69 113.69 113.66 113.62 113.59 113.56 113.50 113.47 113.41
109.59 109.78 109.94 110.09 110.25 110.38 110.44 110.44 110.28 110.12 109.84 109.62 110.03 110.28 110.38 110.50 110.59 110.69 110.81 110.91 111.03 111.12 111.22 111.44 112.22 112.47 112.69 112.91 113.06 113.19 113.25 113.34 113.41 113.44 113.47 113.50 113.53 113.53 113.56 113.56 113.59 113.59 113.62 113.62 113.62 113.66 113.66 113.66 113.66 113.66 113.66 113.66 113.69 113.69 113.69 113.72 113.72 113.75 113.75 113.75 113.75 113.75 113.75 113.75 113.72 113.72 113.69 113.66 113.59 113.56 113.53
109.62 109.81 109.97 110.12 110.28 110.41 110.50 110.56 110.59 110.56 110.41 109.94 109.66 110.12 110.47 110.56 110.69 110.78 110.91 111.00 111.09 111.22 111.31 111.44 111.56 112.28 112.56 112.75 112.94 113.09 113.19 113.28 113.34 113.38 113.41 113.44 113.47 113.50 113.53 113.53 113.56 113.56 113.59 113.59 113.62 113.62 113.62 113.66 113.66 113.66 113.66 113.69 113.69 113.72 113.72 113.75 113.78 113.78 113.81 113.81 113.81 113.81 113.81 113.81 113.81 113.78 113.75 113.72 113.69 113.66 113.62
109.69 109.84 110.00 110.16 110.31 110.44 110.56 110.66 110.72 110.72 110.72 110.62 110.06 110.03 110.31 110.66 110.78 110.88 110.97 111.09 111.19 111.31 111.41 111.53 111.62 111.75 112.31 112.66 112.84 113.00 113.12 113.22 113.28 113.34 113.38 113.41 113.44 113.47 113.47 113.50 113.53 113.53 113.56 113.56 113.59 113.59 113.59 113.62 113.62 113.66 113.66 113.69 113.72 113.72 113.75 113.78 113.81 113.81 113.84 113.84 113.88 113.88 113.88 113.88 113.88 113.84 113.84 113.81 113.78 113.75 113.69
109.69 109.88 110.03 110.19 110.34 110.47 110.62 110.72 110.81 110.88 110.91 110.88 110.78 110.72 110.62 110.69 110.88 110.97 111.06 111.19 111.28 111.41 111.50 111.59 111.72 111.81 111.94 112.31 112.78 112.91 113.06 113.16 113.22 113.28 113.31 113.34 113.38 113.41 113.44 113.47 113.50 113.50 113.53 113.53 113.56 113.56 113.59 113.59 113.62 113.62 113.66 113.69 113.72 113.75 113.75 113.78 113.81 113.84 113.88 113.88 113.91 113.91 113.94 113.94 113.94 113.91 113.91 113.88 113.84 113.81 113.78
109.72 109.88 110.06 110.22 110.38 110.53 110.66 110.78 110.91 111.00 111.09 111.12 111.12 111.09 111.03 111.00 111.09 111.06 111.16 111.28 111.38 111.47 111.59 111.69 111.81 111.91 112.00 112.12 112.34 112.91 112.97 113.09 113.19 113.25 113.28 113.31 113.34 113.38 113.41 113.44 113.47 113.47 113.50 113.50 113.53 113.53 113.56 113.56 113.59 113.62 113.66 113.66 113.69 113.72 113.78 113.81 113.84 113.88 113.91 113.91 113.94 113.97 113.97 113.97 113.97 113.97 113.97 113.94 113.91 113.88 113.84
109.75 109.91 110.06 110.25 110.41 110.56 110.69 110.84 110.97 111.09 111.22 111.31 111.38 111.38 111.28 111.22 111.19 111.22 111.28 111.34 111.47 111.56 111.69 111.78 111.91 112.00 112.09 112.22 112.31 112.47 112.94 113.03 113.12 113.19 113.25 113.28 113.31 113.34 113.38 113.41 113.44 113.44 113.47 113.47 113.50 113.50 113.53 113.53 113.56 113.59 113.62 113.66 113.69 113.72 113.75 113.81 113.84 113.88 113.91 113.94 113.97 114.00 114.00 114.03 114.03 114.03 114.00 114.00 113.97 113.94 113.91
109.75 109.94 110.09 110.25 110.41 110.56 110.72 110.88 111.03 111.19 111.31 111.44 111.53 111.50 111.44 111.34 111.25 111.25 111.34 111.44 111.56 111.66 111.78 111.88 111.97 112.09 112.19 112.31 112.41 112.50 112.62 112.97 113.06 113.16 113.22 113.25 113.31 113.34 113.34 113.38 113.41 113.41 113.44 113.44 113.47 113.47 113.50 113.50 113.53 113.53 113.59 113.62 113.66 113.69 113.75 113.78 113.84 113.88 113.94 113.97 114.00 114.03 114.06 114.06 114.09 114.06 114.06 114.03 114.00 113.97 113.94
109.78 109.94 110.09 110.28 110.44 110.59 110.78 110.94 111.09 111.25 111.41 111.53 111.59 111.59 111.53 111.44 111.38 111.38 111.44 111.56 111.66 111.75 111.84 111.97 112.06 112.19 112.28 112.38 112.50 112.59 112.69 112.78 113.00 113.12 113.19 113.25 113.28 113.31 113.34 113.38 113.38 113.41 113.41 113.41 113.44 113.44 113.44 113.47 113.47 113.50 113.53 113.56 113.62 113.66 113.72 113.78 113.84 113.88 113.94 114.00 114.03 114.06 114.09 114.12 114.12 114.12 114.09 114.06 114.03 114.00 113.97
109.78 109.94 110.12 110.28 110.47 110.62 110.78 110.97 111.12 111.28 111.47 111.59 111.66 111.66 111.59 111.53 111.47 111.50 111.53 111.62 111.78 111.91 111.94 112.06 112.16 112.25 112.38 112.47 112.59 112.66 112.75 112.84 112.94 113.09 113.19 113.25 113.28 113.31 113.34 113.34 113.38 113.38 113.38 113.41 113.41 113.41 113.41 113.44 113.44 113.47 113.47 113.53 113.56 113.62 113.69 113.75 113.81 113.88 113.97 114.00 114.06 114.09 114.12 114.16 114.16 114.16 114.12 114.09 114.03 114.00 113.97
109.78 109.97 110.12 110.31 110.47 110.66 110.81 111.00 111.16 111.31 111.50 111.62 111.69 111.72 111.66 111.62 111.59 111.59 111.66 111.75 111.84 111.97 112.12 112.16 112.25 112.34 112.47 112.56 112.66 112.75 112.81 112.91 113.00 113.09 113.19 113.25 113.31 113.34 113.34 113.34 113.34 113.38 113.38 113.38 113.38 113.38 113.38 113.38 113.41 113.41 113.44 113.47 113.50 113.56 113.66 113.72 113.78 113.88 113.94 114.00 114.06 114.12 114.16 114.16 114.16 114.16 114.12 114.09 114.06 114.03 114.00
