everonasctiles/Tile2,32.asc
ncols 128
nrows 128
xllcorner 0
yllcorner 0
cellsize 2.0
NODATA_value  -9999
[rows 32 to 63 of 128, columns 0 to 70 of 128]
-58.72 -58.75 -58.78 -58.78 -58.81 -58.81 -58.81 -58.81 -58.84 -58.84 -58.81 -58.81 -58.81 -58.81 -58.84 -58.88 -58.88 -58.91 -58.94 -59.00 -59.06 -59.16 -59.28 -59.38 -59.47 -59.56 -59.66 -59.75 -59.84 -59.91 -59.97 -60.03 -60.06 -60.09 -60.12 -60.12 -60.16 -60.16 -60.16 -60.09 -60.03 -59.91 -59.81 -59.69 -59.59 -59.53 -59.50 -59.47 -59.56 -59.69 -59.84 -60.06 -60.28 -60.50 -60.72 -60.91 -61.06 -61.19 -61.31 -61.44 -61.56 -61.69 -61.78 -61.84 -61.91 -61.91 -61.84 -61.78 -61.66 -61.53 -61.38
-58.69 -58.72 -58.75 -58.78 -58.78 -58.81 -58.81 -58.81 -58.81 -58.81 -58.81 -58.78 -58.78 -58.78 -58.81 -58.81 -58.81 -58.84 -58.88 -58.97 -59.06 -59.16 -59.28 -59.38 -59.47 -59.59 -59.69 -59.75 -59.84 -59.91 -59.97 -60.03 -60.03 -60.06 -60.06 -60.09 -60.06 -60.06 -60.03 -59.97 -59.91 -59.81 -59.72 -59.62 -59.53 -59.47 -59.44 -59.50 -59.62 -59.78 -59.97 -60.19 -60.44 -60.69 -60.91 -61.09 -61.25 -61.41 -61.50 -61.62 -61.72 -61.81 -61.88 -61.94 -61.97 -61.97 -61.91 -61.81 -61.72 -61.56 -61.41
-58.69 -58.72 -58.75 -58.78 -58.78 -58.81 -58.81 -58.81 -58.81 -58.81 -58.81 -58.78 -58.78 -58.78 -58.78 -58.81 -58.81 -58.81 -58.88 -58.94 -59.03 -59.16 -59.28 -59.38 -59.50 -59.59 -59.69 -59.75 -59.84 -59.91 -59.97 -60.00 -60.00 -60.00 -60.03 -60.00 -60.00 -59.97 -59.91 -59.88 -59.78 -59.69 -59.59 -59.53 -59.47 -59.41 -59.47 -59.56 -59.72 -59.91 -60.09 -60.34 -60.59 -60.84 -61.09 -61.28 -61.44 -61.56 -61.69 -61.78 -61.84 -61.91 -61.97 -62.00 -62.03 -62.00 -61.94 -61.88 -61.75 -61.62 -61.44
-58.69 -58.72 -58.75 -58.78 -58.81 -58.81 -58.84 -58.84 -58.84 -58.84 -58.81 -58.81 -58.81 -58.81 -58.81 -58.84 -58.81 -58.84 -58.88 -58.94 -59.03 -59.16 -59.28 -59.38 -59.50 -59.59 -59.69 -59.75 -59.84 -59.88 -59.94 -59.94 -59.94 -59.97 -59.94 -59.94 -59.91 -59.84 -59.81 -59.75 -59.66 -59.59 -59.50 -59.44 -59.38 -59.38 -59.50 -59.66 -59.84 -60.03 -60.25 -60.50 -60.75 -61.00 -61.25 -61.44 -61.62 -61.72 -61.84 -61.91 -61.97 -62.00 -62.06 -62.06 -62.06 -62.03 -61.97 -61.91 -61.81 -61.66 -61.50
-58.69 -58.72 -58.75 -58.78 -58.81 -58.84 -58.84 -58.88 -58.88 -58.88 -58.84 -58.84 -58.84 -58.88 -58.88 -58.88 -58.88 -58.88 -58.91 -58.97 -59.06 -59.16 -59.28 -59.38 -59.50 -59.59 -59.66 -59.75 -59.81 -59.84 -59.88 -59.88 -59.88 -59.88 -59.88 -59.84 -59.81 -59.75 -59.69 -59.62 -59.53 -59.47 -59.41 -59.34 -59.31 -59.41 -59.56 -59.75 -59.94 -60.19 -60.41 -60.66 -60.91 -61.16 -61.38 -61.59 -61.75 -61.84 -61.94 -62.00 -62.06 -62.09 -62.09 -62.09 -62.09 -62.06 -62.03 -61.97 -61.88 -61.72 -61.59
-58.72 -58.75 -58.78 -58.81 -58.81 -58.84 -58.88 -58.91 -58.91 -58.91 -58.91 -58.91 -58.91 -58.94 -58.94 -58.94 -58.94 -58.91 -58.94 -58.97 -59.06 -59.16 -59.25 -59.38 -59.47 -59.53 -59.62 -59.69 -59.72 -59.75 -59.78 -59.78 -59.78 -59.78 -59.75 -59.72 -59.69 -59.62 -59.56 -59.50 -59.41 -59.34 -59.31 -59.25 -59.31 -59.47 -59.66 -59.84 -60.06 -60.31 -60.56 -60.78 -61.03 -61.28 -61.50 -61.69 -61.84 -61.94 -62.03 -62.09 -62.12 -62.16 -62.16 -62.16 -62.12 -62.12 -62.06 -62.03 -61.94 -61.81 -61.69
-58.75 -58.75 -58.78 -58.81 -58.84 -58.88 -58.91 -58.94 -58.94 -58.94 -58.94 -58.97 -58.97 -59.00 -59.00 -59.00 -59.00 -58.97 -58.97 -59.00 -59.06 -59.16 -59.25 -59.34 -59.41 -59.47 -59.53 -59.59 -59.62 -59.66 -59.66 -59.66 -59.66 -59.62 -59.62 -59.59 -59.53 -59.50 -59.44 -59.38 -59.28 -59.25 -59.19 -59.25 -59.38 -59.56 -59.72 -59.94 -60.16 -60.41 -60.66 -60.91 -61.12 -61.34 -61.56 -61.75 -61.88 -62.00 -62.09 -62.16 -62.19 -62.22 -62.22 -62.19 -62.19 -62.16 -62.16 -62.09 -62.03 -61.94 -61.81
-58.78 -58.78 -58.81 -58.84 -58.88 -58.91 -58.94 -58.97 -58.97 -59.00 -59.00 -59.03 -59.03 -59.06 -59.06 -59.06 -59.06 -59.03 -59.03 -59.03 -59.06 -59.12 -59.22 -59.28 -59.34 -59.41 -59.44 -59.47 -59.50 -59.50 -59.50 -59.50 -59.50 -59.50 -59.47 -59.44 -59.38 -59.34 -59.28 -59.22 -59.19 -59.12 -59.16 -59.28 -59.47 -59.66 -59.84 -60.03 -60.25 -60.47 -60.72 -60.94 -61.16 -61.38 -61.56 -61.75 -61.91 -62.03 -62.12 -62.22 -62.25 -62.25 -62.25 -62.25 -62.25 -62.22 -62.22 -62.22 -62.16 -62.06 -61.97
-58.81 -58.84 -58.88 -58.88 -58.91 -58.94 -58.97 -59.00 -59.00 -59.03 -59.06 -59.06 -59.09 -59.09 -59.12 -59.12 -59.12 -59.09 -59.09 -59.06 -59.06 -59.12 -59.16 -59.22 -59.25 -59.31 -59.34 -59.34 -59.38 -59.38 -59.34 -59.34 -59.34 -59.34 -59.31 -59.28 -59.22 -59.19 -59.16 -59.09 -59.06 -59.06 -59.22 -59.41 -59.56 -59.75 -59.97 -60.16 -60.34 -60.53 -60.75 -60.97 -61.19 -61.38 -61.59 -61.78 -61.94 -62.06 -62.19 -62.25 -62.28 -62.31 -62.31 -62.31 -62.31 -62.31 -62.31 -62.31 -62.28 -62.22 -62.16
-58.84 -58.88 -58.91 -58.94 -58.94 -58.97 -59.00 -59.03 -59.06 -59.09 -59.09 -59.12 -59.16 -59.16 -59.16 -59.19 -59.16 -59.16 -59.12 -59.09 -59.06 -59.09 -59.09 -59.12 -59.16 -59.19 -59.22 -59.22 -59.22 -59.19 -59.19 -59.19 -59.19 -59.19 -59.16 -59.12 -59.06 -59.03 -59.00 -58.97 -59.00 -59.12 -59.31 -59.50 -59.69 -59.91 -60.09 -60.28 -60.44 -60.59 -60.78 -61.00 -61.19 -61.41 -61.62 -61.81 -61.97 -62.12 -62.22 -62.31 -62.34 -62.38 -62.38 -62.38 -62.41 -62.41 -62.44 -62.44 -62.44 -62.38 -62.31
-58.88 -58.91 -58.94 -58.97 -58.97 -59.00 -59.03 -59.06 -59.09 -59.12 -59.16 -59.19 -59.19 -59.19 -59.22 -59.22 -59.22 -59.19 -59.16 -59.12 -59.09 -59.03 -59.03 -59.03 -59.03 -59.06 -59.09 -59.09 -59.06 -59.03 -59.03 -59.06 -59.06 -59.06 -59.03 -59.00 -58.94 -58.91 -58.88 -58.94 -59.06 -59.25 -59.44 -59.62 -59.84 -60.03 -60.22 -60.38 -60.53 -60.69 -60.88 -61.06 -61.25 -61.47 -61.66 -61.88 -62.03 -62.19 -62.28 -62.38 -62.44 -62.44 -62.47 -62.47 -62.47 -62.50 -62.53 -62.56 -62.56 -62.53 -62.47
-58.91 -58.94 -58.97 -59.00 -59.03 -59.06 -59.09 -59.12 -59.16 -59.19 -59.19 -59.22 -59.22 -59.25 -59.25 -59.25 -59.25 -59.22 -59.19 -59.16 -59.09 -59.00 -58.97 -58.94 -58.94 -58.94 -58.94 -58.94 -58.94 -58.91 -58.91 -58.94 -58.94 -58.94 -58.94 -58.91 -58.84 -58.81 -58.88 -59.03 -59.19 -59.38 -59.56 -59.75 -59.94 -60.16 -60.31 -60.50 -60.62 -60.78 -60.97 -61.16 -61.34 -61.56 -61.75 -61.94 -62.12 -62.25 -62.38 -62.47 -62.50 -62.53 -62.56 -62.56 -62.56 -62.59 -62.62 -62.66 -62.66 -62.66 -62.59
-58.97 -59.00 -59.00 -59.03 -59.06 -59.09 -59.12 -59.16 -59.19 -59.22 -59.25 -59.25 -59.28 -59.28 -59.28 -59.28 -59.28 -59.25 -59.22 -59.16 -59.06 -59.00 -58.91 -58.84 -58.84 -58.84 -58.84 -58.84 -58.81 -58.78 -58.81 -58.84 -58.88 -58.88 -58.88 -58.84 -58.84 -58.91 -59.00 -59.16 -59.31 -59.50 -59.69 -59.88 -60.06 -60.25 -60.41 -60.56 -60.69 -60.84 -61.03 -61.22 -61.44 -61.66 -61.84 -62.03 -62.22 -62.34 -62.47 -62.56 -62.59 -62.62 -62.66 -62.66 -62.66 -62.69 -62.72 -62.75 -62.75 -62.75 -62.69
-59.03 -59.03 -59.06 -59.09 -59.12 -59.16 -59.19 -59.19 -59.22 -59.25 -59.28 -59.31 -59.31 -59.31 -59.34 -59.31 -59.31 -59.28 -59.22 -59.16 -59.06 -58.97 -58.88 -58.78 -58.75 -58.75 -58.75 -58.75 -58.75 -58.78 -58.81 -58.88 -58.91 -58.91 -58.94 -58.94 -58.94 -59.00 -59.12 -59.25 -59.44 -59.62 -59.81 -60.00 -60.16 -60.31 -60.47 -60.59 -60.75 -60.91 -61.09 -61.28 -61.50 -61.72 -61.94 -62.12 -62.28 -62.44 -62.56 -62.62 -62.69 -62.72 -62.72 -62.75 -62.75 -62.78 -62.78 -62.81 -62.81 -62.81 -62.75
-59.09 -59.09 -59.12 -59.16 -59.16 -59.19 -59.22 -59.25 -59.25 -59.28 -59.31 -59.34 -59.34 -59.38 -59.38 -59.34 -59.34 -59.28 -59.22 -59.16 -59.03 -58.94 -58.84 -58.75 -58.75 -58.78 -58.78 -58.81 -58.84 -58.84 -58.91 -58.94 -58.97 -59.00 -59.03 -59.03 -59.06 -59.12 -59.22 -59.34 -59.53 -59.72 -59.91 -60.09 -60.25 -60.41 -60.56 -60.69 -60.81 -60.97 -61.12 -61.34 -61.56 -61.78 -62.00 -62.19 -62.38 -62.50 -62.62 -62.72 -62.78 -62.78 -62.81 -62.81 -62.81 -62.84 -62.84 -62.88 -62.88 -62.84 -62.81
-59.12 -59.12 -59.16 -59.19 -59.22 -59.25 -59.25 -59.28 -59.28 -59.31 -59.34 -59.38 -59.41 -59.41 -59.41 -59.38 -59.34 -59.31 -59.22 -59.12 -59.03 -58.91 -58.81 -58.78 -58.81 -58.84 -58.88 -58.91 -58.94 -58.97 -59.00 -59.03 -59.09 -59.12 -59.12 -59.16 -59.16 -59.22 -59.31 -59.44 -59.59 -59.78 -60.00 -60.19 -60.38 -60.50 -60.66 -60.78 -60.91 -61.06 -61.22 -61.41 -61.62 -61.84 -62.06 -62.25 -62.41 -62.56 -62.66 -62.75 -62.81 -62.84 -62.84 -62.88 -62.88 -62.91 -62.91 -62.91 -62.91 -62.91 -62.88
-59.19 -59.19 -59.19 -59.22 -59.25 -59.28 -59.28 -59.31 -59.34 -59.34 -59.38 -59.41 -59.44 -59.44 -59.44 -59.41 -59.38 -59.31 -59.22 -59.12 -59.00 -58.91 -58.84 -58.84 -58.88 -58.94 -58.97 -59.03 -59.03 -59.06 -59.09 -59.16 -59.19 -59.22 -59.22 -59.25 -59.28 -59.31 -59.38 -59.50 -59.66 -59.84 -60.06 -60.25 -60.47 -60.62 -60.75 -60.91 -61.03 -61.19 -61.31 -61.50 -61.69 -61.88 -62.09 -62.28 -62.44 -62.59 -62.69 -62.78 -62.84 -62.88 -62.91 -62.94 -62.94 -62.94 -62.97 -62.97 -62.97 -62.94 -62.91
-59.22 -59.22 -59.22 -59.25 -59.28 -59.31 -59.34 -59.34 -59.38 -59.41 -59.41 -59.44 -59.47 -59.47 -59.44 -59.44 -59.38 -59.31 -59.22 -59.09 -59.00 -58.94 -58.91 -58.94 -58.97 -59.03 -59.09 -59.12 -59.16 -59.19 -59.22 -59.25 -59.28 -59.31 -59.31 -59.34 -59.38 -59.44 -59.50 -59.59 -59.72 -59.91 -60.12 -60.34 -60.56 -60.75 -60.91 -61.03 -61.19 -61.31 -61.47 -61.59 -61.75 -61.94 -62.12 -62.31 -62.47 -62.59 -62.72 -62.81 -62.88 -62.94 -62.97 -63.00 -63.00 -63.00 -63.00 -63.00 -63.00 -62.97 -62.91
-59.22 -59.25 -59.25 -59.28 -59.31 -59.34 -59.38 -59.41 -59.41 -59.44 -59.47 -59.47 -59.50 -59.50 -59.47 -59.44 -59.38 -59.28 -59.19 -59.09 -59.00 -58.97 -58.97 -59.00 -59.06 -59.12 -59.19 -59.22 -59.25 -59.28 -59.31 -59.34 -59.38 -59.38 -59.41 -59.44 -59.47 -59.53 -59.59 -59.69 -59.81 -60.00 -60.19 -60.41 -60.66 -60.84 -61.00 -61.19 -61.34 -61.47 -61.59 -61.72 -61.84 -62.03 -62.19 -62.34 -62.50 -62.66 -62.78 -62.88 -62.94 -63.00 -63.03 -63.06 -63.06 -63.06 -63.06 -63.06 -63.03 -63.00 -62.94
-59.25 -59.28 -59.28 -59.31 -59.34 -59.38 -59.41 -59.44 -59.47 -59.47 -59.50 -59.50 -59.53 -59.53 -59.50 -59.44 -59.38 -59.28 -59.19 -59.09 -59.03 -59.00 -59.03 -59.09 -59.16 -59.22 -59.25 -59.31 -59.34 -59.34 -59.38 -59.41 -59.44 -59.44 -59.47 -59.50 -59.56 -59.62 -59.69 -59.81 -59.94 -60.09 -60.28 -60.50 -60.72 -60.94 -61.12 -61.31 -61.47 -61.62 -61.75 -61.84 -61.97 -62.12 -62.28 -62.44 -62.59 -62.72 -62.84 -62.94 -63.00 -63.06 -63.09 -63.12 -63.12 -63.12 -63.09 -63.09 -63.06 -63.00 -62.97
-59.28 -59.31 -59.31 -59.34 -59.41 -59.44 -59.47 -59.50 -59.53 -59.53 -59.53 -59.56 -59.56 -59.53 -59.50 -59.41 -59.34 -59.25 -59.16 -59.09 -59.06 -59.06 -59.09 -59.16 -59.22 -59.25 -59.31 -59.34 -59.38 -59.41 -59.44 -59.44 -59.47 -59.50 -59.53 -59.56 -59.62 -59.72 -59.78 -59.91 -60.03 -60.19 -60.38 -60.56 -60.78 -61.00 -61.22 -61.41 -61.56 -61.72 -61.84 -61.97 -62.09 -62.22 -62.38 -62.53 -62.69 -62.81 -62.91 -63.00 -63.06 -63.12 -63.16 -63.16 -63.16 -63.16 -63.16 -63.12 -63.09 -63.03 -62.97
-59.31 -59.34 -59.38 -59.41 -59.44 -59.47 -59.53 -59.53 -59.56 -59.56 -59.59 -59.59 -59.56 -59.53 -59.47 -59.41 -59.31 -59.22 -59.12 -59.09 -59.06 -59.12 -59.16 -59.22 -59.25 -59.28 -59.34 -59.38 -59.41 -59.44 -59.47 -59.47 -59.50 -59.53 -59.56 -59.62 -59.69 -59.78 -59.88 -59.97 -60.09 -60.25 -60.44 -60.62 -60.84 -61.06 -61.28 -61.47 -61.62 -61.78 -61.91 -62.03 -62.16 -62.31 -62.47 -62.59 -62.75 -62.88 -62.97 -63.06 -63.12 -63.16 -63.19 -63.22 -63.19 -63.19 -63.16 -63.16 -63.12 -63.06 -63.00
-59.34 -59.38 -59.41 -59.44 -59.50 -59.53 -59.56 -59.59 -59.59 -59.62 -59.62 -59.59 -59.56 -59.50 -59.44 -59.34 -59.25 -59.19 -59.12 -59.09 -59.09 -59.16 -59.22 -59.25 -59.28 -59.31 -59.34 -59.38 -59.41 -59.44 -59.47 -59.50 -59.53 -59.56 -59.59 -59.66 -59.72 -59.81 -59.91 -60.00 -60.12 -60.28 -60.44 -60.66 -60.88 -61.09 -61.31 -61.50 -61.66 -61.81 -61.94 -62.06 -62.19 -62.34 -62.50 -62.66 -62.81 -62.94 -63.03 -63.09 -63.16 -63.19 -63.22 -63.22 -63.22 -63.19 -63.19 -63.19 -63.16 -63.09 -63.03
-59.34 -59.38 -59.44 -59.47 -59.53 -59.56 -59.59 -59.62 -59.62 -59.62 -59.62 -59.62 -59.56 -59.50 -59.41 -59.31 -59.22 -59.12 -59.09 -59.09 -59.12 -59.19 -59.25 -59.28 -59.31 -59.31 -59.34 -59.38 -59.41 -59.44 -59.47 -59.50 -59.53 -59.56 -59.62 -59.66 -59.72 -59.81 -59.88 -60.00 -60.09 -60.25 -60.44 -60.66 -60.88 -61.09 -61.31 -61.50 -61.66 -61.78 -61.91 -62.03 -62.19 -62.34 -62.50 -62.66 -62.81 -62.94 -63.03 -63.09 -63.16 -63.19 -63.22 -63.22 -63.22 -63.19 -63.19 -63.19 -63.16 -63.12 -63.06
-59.34 -59.41 -59.44 -59.50 -59.56 -59.59 -59.62 -59.66 -59.66 -59.66 -59.66 -59.59 -59.53 -59.47 -59.34 -59.25 -59.16 -59.09 -59.06 -59.06 -59.12 -59.22 -59.28 -59.31 -59.31 -59.34 -59.34 -59.38 -59.41 -59.44 -59.47 -59.50 -59.50 -59.56 -59.59 -59.66 -59.72 -59.78 -59.84 -59.97 -60.09 -60.25 -60.44 -60.66 -60.88 -61.06 -61.28 -61.44 -61.59 -61.72 -61.84 -61.97 -62.12 -62.28 -62.47 -62.62 -62.78 -62.91 -62.97 -63.06 -63.12 -63.16 -63.19 -63.19 -63.16 -63.16 -63.16 -63.12 -63.12 -63.09 -63.03
-59.34 -59.41 -59.44 -59.50 -59.56 -59.62 -59.62 -59.66 -59.66 -59.66 -59.62 -59.59 -59.53 -59.41 -59.31 -59.19 -59.09 -59.03 -59.00 -59.03 -59.09 -59.19 -59.28 -59.31 -59.34 -59.34 -59.34 -59.38 -59.38 -59.41 -59.44 -59.47 -59.47 -59.50 -59.56 -59.59 -59.66 -59.72 -59.81 -59.91 -60.03 -60.22 -60.41 -60.59 -60.81 -61.03 -61.22 -61.38 -61.50 -61.62 -61.75 -61.88 -62.03 -62.19 -62.38 -62.53 -62.69 -62.78 -62.88 -62.94 -63.00 -63.06 -63.09 -63.09 -63.09 -63.06 -63.06 -63.03 -63.03 -63.03 -62.97
-59.31 -59.38 -59.44 -59.50 -59.56 -59.62 -59.66 -59.66 -59.66 -59.66 -59.62 -59.56 -59.47 -59.38 -59.25 -59.12 -59.03 -58.94 -58.94 -59.00 -59.06 -59.16 -59.25 -59.31 -59.34 -59.34 -59.34 -59.38 -59.38 -59.38 -59.41 -59.41 -59.44 -59.44 -59.47 -59.53 -59.56 -59.66 -59.72 -59.84 -59.97 -60.12 -60.34 -60.56 -60.75 -60.97 -61.12 -61.25 -61.38 -61.47 -61.59 -61.72 -61.88 -62.03 -62.22 -62.38 -62.50 -62.62 -62.72 -62.78 -62.88 -62.94 -62.97 -63.00 -62.97 -62.94 -62.94 -62.94 -62.94 -62.91 -62.91
-59.31 -59.38 -59.44 -59.50 -59.56 -59.62 -59.66 -59.66 -59.66 -59.62 -59.59 -59.53 -59.44 -59.34 -59.19 -59.06 -58.94 -58.88 -58.88 -58.94 -59.03 -59.12 -59.22 -59.28 -59.31 -59.34 -59.34 -59.34 -59.34 -59.34 -59.34 -59.34 -59.38 -59.38 -59.41 -59.44 -59.47 -59.56 -59.62 -59.75 -59.88 -60.06 -60.25 -60.47 -60.66 -60.84 -61.00 -61.09 -61.19 -61.28 -61.41 -61.53 -61.66 -61.81 -62.00 -62.16 -62.31 -62.41 -62.50 -62.59 -62.69 -62.78 -62.84 -62.84 -62.84 -62.81 -62.78 -62.78 -62.78 -62.78 -62.78
-59.28 -59.34 -59.41 -59.47 -59.53 -59.59 -59.62 -59.62 -59.62 -59.59 -59.56 -59.47 -59.41 -59.28 -59.16 -59.03 -58.91 -58.81 -58.81 -58.88 -58.97 -59.09 -59.19 -59.25 -59.31 -59.34 -59.34 -59.31 -59.31 -59.28 -59.28 -59.31 -59.28 -59.28 -59.31 -59.34 -59.38 -59.47 -59.53 -59.66 -59.78 -59.97 -60.16 -60.38 -60.56 -60.72 -60.81 -60.91 -61.00 -61.09 -61.16 -61.25 -61.38 -61.53 -61.72 -61.91 -62.06 -62.16 -62.28 -62.38 -62.53 -62.62 -62.69 -62.69 -62.69 -62.62 -62.59 -62.59 -62.62 -62.62 -62.59
-59.25 -59.31 -59.38 -59.44 -59.50 -59.56 -59.59 -59.59 -59.56 -59.53 -59.50 -59.41 -59.31 -59.22 -59.09 -58.97 -58.84 -58.75 -58.75 -58.81 -58.91 -59.03 -59.12 -59.22 -59.28 -59.31 -59.31 -59.28 -59.25 -59.25 -59.25 -59.25 -59.25 -59.22 -59.22 -59.25 -59.28 -59.38 -59.44 -59.56 -59.72 -59.88 -60.09 -60.28 -60.44 -60.56 -60.66 -60.72 -60.78 -60.84 -60.88 -60.97 -61.06 -61.22 -61.44 -61.62 -61.78 -61.88 -62.00 -62.19 -62.34 -62.44 -62.50 -62.53 -62.47 -62.44 -62.41 -62.38 -62.41 -62.44 -62.41
-59.22 -59.28 -59.34 -59.41 -59.44 -59.50 -59.53 -59.53 -59.50 -59.47 -59.41 -59.31 -59.25 -59.16 -59.03 -58.91 -58.78 -58.69 -58.69 -58.75 -58.84 -58.97 -59.09 -59.19 -59.25 -59.28 -59.25 -59.25 -59.22 -59.19 -59.19 -59.19 -59.19 -59.16 -59.16 -59.16 -59.19 -59.28 -59.34 -59.47 -59.62 -59.81 -60.00 -60.16 -60.28 -60.38 -60.44 -60.47 -60.50 -60.53 -60.56 -60.59 -60.69 -60.88 -61.09 -61.31 -61.47 -61.59 -61.75 -61.97 -62.16 -62.25 -62.31 -62.28 -62.25 -62.19 -62.16 -62.16 -62.19 -62.19 -62.19
-59.19 -59.22 -59.28 -59.34 -59.38 -59.44 -59.44 -59.44 -59.41 -59.34 -59.28 -59.22 -59.12 -59.03 -58.94 -58.84 -58.72 -58.62 -58.62 -58.69 -58.78 -58.91 -59.00 -59.09 -59.19 -59.22 -59.19 -59.19 -59.16 -59.16 -59.16 -59.12 -59.12 -59.09 -59.06 -59.06 -59.09 -59.16 -59.25 -59.38 -59.53 -59.69 -59.84 -59.97 -60.06 -60.16 -60.19 -60.22 -60.22 -60.19 -60.19 -60.19 -60.28 -60.50 -60.75 -60.94 -61.12 -61.31 -61.50 -61.75 -61.94 -62.03 -62.03 -62.00 -61.94 -61.88 -61.84 -61.84 -61.91 -61.94 -61.91
