everonasctiles/Tile[22,34].asc
ncols 128
nrows 128
xllcorner 0
yllcorner 0
cellsize 2.0
NODATA_value  -9999
[rows 0 to 33 of 128, columns 0 to 76 of 128]
2.34 2.12 2.03 2.16 2.53 2.84 2.88 2.69 2.31 2.00 1.75 1.34 1.31 1.22 1.16 1.03 0.91 0.78 0.69 0.62 0.56 0.50 0.47 0.44 0.41 0.41 0.41 0.38 0.31 -0.34 -0.56 -0.91 -1.22 -1.44 -1.50 -1.38 -1.22 -1.00 -1.00 -1.12 -1.22 -1.25 -1.31 -1.44 -1.62 -1.78 -1.94 -2.12 -2.25 -2.44 -2.56 -2.69 -2.81 -3.00 -3.09 -3.28 -3.56 -3.69 -3.81 -3.88 -3.94 -4.06 -4.25 -4.41 -4.50 -4.56 -4.62 -4.69 -4.78 -4.84 -4.88 -4.94 -4.91 -4.91 -4.88 -4.84 -4.94
2.03 1.94 1.94 2.28 2.75 3.00 2.94 2.56 2.16 1.84 1.31 1.31 1.28 1.22 1.09 0.97 0.84 0.72 0.66 0.56 0.53 0.47 0.44 0.44 0.41 0.38 0.31 0.19 -0.03 -0.53 -0.75 -1.00 -1.22 -1.34 -1.44 -1.31 -1.16 -1.00 -1.03 -1.16 -1.22 -1.31 -1.38 -1.50 -1.66 -1.78 -2.00 -2.12 -2.28 -2.50 -2.62 -2.75 -3.00 -3.16 -3.25 -3.34 -3.59 -3.81 -3.97 -3.88 -3.94 -4.19 -4.31 -4.38 -4.56 -4.69 -4.72 -4.81 -4.91 -4.88 -4.94 -4.94 -4.88 -4.84 -4.97 -4.94 -4.97
1.88 1.88 2.03 2.56 2.97 3.03 2.72 2.31 1.88 1.44 1.28 1.25 1.22 1.12 1.00 0.88 0.78 0.69 0.59 0.56 0.50 0.47 0.44 0.44 0.41 0.31 0.06 -0.16 -0.38 -0.69 -0.84 -1.00 -1.12 -1.12 -1.22 -1.19 -1.06 -1.00 -1.06 -1.16 -1.31 -1.41 -1.50 -1.62 -1.75 -1.84 -2.03 -2.19 -2.31 -2.56 -2.72 -2.91 -3.16 -3.25 -3.41 -3.47 -3.56 -3.81 -3.94 -4.00 -4.16 -4.31 -4.47 -4.47 -4.66 -4.78 -4.78 -4.78 -4.91 -5.00 -5.06 -5.06 -4.94 -5.00 -5.06 -4.91 -4.88
1.84 2.00 2.38 2.84 3.06 2.84 2.41 2.00 1.62 1.31 1.25 1.19 1.12 1.03 0.94 0.81 0.72 0.66 0.56 0.50 0.47 0.44 0.41 0.34 0.25 0.06 -0.22 -0.50 -0.69 -0.78 -0.88 -0.91 -0.91 -0.91 -0.97 -1.00 -1.00 -1.06 -1.16 -1.25 -1.38 -1.50 -1.56 -1.69 -1.78 -1.91 -2.06 -2.28 -2.44 -2.59 -2.75 -2.88 -3.09 -3.28 -3.50 -3.56 -3.72 -3.91 -4.03 -4.06 -4.28 -4.47 -4.47 -4.59 -4.59 -4.69 -4.78 -4.81 -4.84 -4.97 -5.03 -5.00 -5.03 -5.06 -4.88 -4.72 -4.62
1.88 2.19 2.66 2.97 2.84 2.47 2.06 1.69 1.38 1.22 1.16 1.12 1.03 0.94 0.84 0.75 0.66 0.59 0.53 0.47 0.44 0.41 0.31 0.19 0.00 -0.16 -0.44 -0.69 -0.81 -0.88 -0.88 -0.84 -0.81 -0.81 -0.91 -1.00 -1.06 -1.09 -1.25 -1.38 -1.44 -1.59 -1.72 -1.75 -1.81 -1.97 -2.22 -2.34 -2.50 -2.69 -2.81 -3.00 -3.22 -3.34 -3.50 -3.62 -3.81 -4.00 -4.03 -4.12 -4.38 -4.50 -4.50 -4.62 -4.59 -4.69 -4.81 -4.84 -4.75 -4.72 -4.84 -4.91 -4.84 -4.72 -4.66 -4.62 -4.59
1.97 2.38 2.78 2.91 2.47 2.09 1.72 1.38 1.19 1.12 1.09 1.03 0.97 0.88 0.78 0.69 0.59 0.53 0.50 0.44 0.34 0.28 0.22 0.09 -0.16 -0.31 -0.53 -0.72 -0.88 -0.91 -0.88 -0.84 -0.81 -0.84 -0.97 -1.06 -1.16 -1.28 -1.34 -1.47 -1.53 -1.59 -1.75 -1.84 -1.91 -2.03 -2.22 -2.44 -2.59 -2.75 -2.88 -3.00 -3.16 -3.25 -3.56 -3.78 -3.97 -4.00 -4.16 -4.19 -4.28 -4.47 -4.66 -4.66 -4.62 -4.62 -4.72 -4.84 -4.88 -4.88 -4.78 -4.72 -4.75 -4.69 -4.53 -4.56 -4.53
2.12 2.53 2.56 2.38 2.03 1.69 1.38 1.16 1.09 1.06 1.00 0.97 0.91 0.81 0.75 0.66 0.59 0.53 0.47 0.38 0.25 0.16 0.03 -0.12 -0.38 -0.53 -0.59 -0.69 -0.75 -0.78 -0.78 -0.88 -0.94 -0.97 -1.06 -1.16 -1.25 -1.31 -1.38 -1.50 -1.62 -1.75 -1.84 -1.88 -1.97 -2.12 -2.28 -2.53 -2.72 -2.88 -2.97 -3.09 -3.25 -3.34 -3.56 -3.78 -3.94 -4.12 -4.16 -4.19 -4.31 -4.44 -4.56 -4.69 -4.62 -4.50 -4.53 -4.69 -4.72 -4.72 -4.72 -4.66 -4.66 -4.59 -4.50 -4.53 -4.50
2.22 2.41 2.16 1.84 1.50 1.25 1.09 1.03 1.03 1.00 0.94 0.88 0.84 0.75 0.69 0.59 0.53 0.44 0.34 0.25 0.12 0.00 -0.19 -0.34 -0.50 -0.66 -0.69 -0.69 -0.69 -0.72 -0.75 -0.88 -1.03 -1.09 -1.12 -1.25 -1.31 -1.44 -1.56 -1.62 -1.66 -1.75 -1.88 -2.00 -2.09 -2.19 -2.34 -2.53 -2.78 -2.94 -3.06 -3.19 -3.38 -3.44 -3.69 -3.88 -4.03 -4.09 -4.16 -4.12 -4.22 -4.31 -4.31 -4.38 -4.50 -4.47 -4.66 -4.75 -4.78 -4.69 -4.66 -4.66 -4.69 -4.56 -4.38 -4.41 -4.34
2.16 2.03 1.72 1.38 1.06 0.91 0.94 0.94 0.94 0.91 0.88 0.81 0.75 0.66 0.56 0.50 0.41 0.28 0.19 0.12 0.00 -0.16 -0.38 -0.53 -0.66 -0.75 -0.81 -0.78 -0.75 -0.72 -0.84 -0.97 -1.06 -1.09 -1.19 -1.25 -1.34 -1.44 -1.59 -1.62 -1.72 -1.84 -1.91 -2.03 -2.12 -2.22 -2.44 -2.59 -2.75 -3.00 -3.09 -3.19 -3.34 -3.44 -3.66 -3.81 -3.91 -3.94 -4.03 -4.12 -4.22 -4.34 -4.44 -4.38 -4.53 -4.56 -4.62 -4.72 -4.72 -4.62 -4.69 -4.75 -4.56 -4.50 -4.41 -4.50 -4.53
1.75 1.53 1.25 0.94 0.81 0.84 0.84 0.84 0.84 0.81 0.78 0.75 0.69 0.59 0.47 0.34 0.22 0.12 0.00 -0.06 -0.19 -0.34 -0.53 -0.69 -0.81 -0.88 -0.91 -0.88 -0.81 -0.88 -0.91 -0.97 -1.09 -1.12 -1.22 -1.28 -1.44 -1.53 -1.62 -1.75 -1.84 -1.88 -1.97 -2.12 -2.22 -2.28 -2.47 -2.69 -2.84 -3.03 -3.09 -3.22 -3.41 -3.62 -3.84 -3.88 -3.84 -4.00 -4.06 -4.16 -4.22 -4.28 -4.31 -4.34 -4.34 -4.44 -4.50 -4.62 -4.56 -4.50 -4.53 -4.50 -4.47 -4.50 -4.34 -4.41 -4.34
1.25 1.00 0.72 0.69 0.72 0.75 0.75 0.75 0.78 0.75 0.72 0.66 0.56 0.44 0.31 0.19 0.09 0.00 -0.09 -0.19 -0.28 -0.44 -0.59 -0.78 -0.91 -0.94 -0.94 -0.91 -0.84 -0.94 -1.00 -1.09 -1.16 -1.16 -1.25 -1.38 -1.47 -1.56 -1.62 -1.75 -1.88 -2.03 -2.12 -2.19 -2.22 -2.41 -2.59 -2.66 -2.78 -3.06 -3.28 -3.28 -3.34 -3.53 -3.72 -3.91 -3.94 -4.12 -4.12 -4.09 -4.28 -4.28 -4.22 -4.31 -4.34 -4.31 -4.34 -4.53 -4.50 -4.34 -4.47 -4.47 -4.50 -4.34 -4.38 -4.41 -4.38
0.84 0.62 0.56 0.59 0.66 0.66 0.69 0.69 0.72 0.69 0.66 0.56 0.41 0.25 0.12 0.03 -0.06 -0.12 -0.22 -0.31 -0.44 -0.53 -0.62 -0.75 -0.84 -0.94 -0.94 -0.97 -1.00 -1.03 -1.06 -1.12 -1.22 -1.28 -1.38 -1.50 -1.59 -1.62 -1.72 -1.72 -1.88 -2.06 -2.22 -2.31 -2.38 -2.56 -2.69 -2.81 -2.88 -3.06 -3.19 -3.22 -3.28 -3.50 -3.72 -3.91 -4.03 -4.06 -4.19 -4.25 -4.34 -4.31 -4.22 -4.31 -4.44 -4.31 -4.34 -4.44 -4.44 -4.41 -4.34 -4.38 -4.44 -4.44 -4.28 -4.34 -4.25
0.50 0.47 0.50 0.53 0.56 0.59 0.62 0.66 0.69 0.66 0.53 0.34 0.19 0.06 0.00 -0.09 -0.19 -0.28 -0.34 -0.44 -0.50 -0.59 -0.69 -0.75 -0.84 -0.91 -0.97 -1.03 -1.09 -1.16 -1.22 -1.25 -1.28 -1.38 -1.44 -1.59 -1.66 -1.72 -1.78 -1.88 -2.06 -2.19 -2.28 -2.38 -2.50 -2.69 -2.78 -2.88 -2.94 -3.00 -3.09 -3.28 -3.31 -3.47 -3.66 -3.84 -4.00 -4.06 -4.00 -4.06 -4.22 -4.31 -4.28 -4.38 -4.41 -4.34 -4.38 -4.38 -4.41 -4.38 -4.22 -4.31 -4.34 -4.34 -4.19 -4.12 -4.19
0.44 0.44 0.47 0.47 0.50 0.53 0.56 0.59 0.62 0.53 0.41 0.22 0.06 -0.06 -0.09 -0.19 -0.34 -0.41 -0.47 -0.53 -0.59 -0.66 -0.72 -0.75 -0.88 -0.94 -1.03 -1.16 -1.22 -1.34 -1.38 -1.41 -1.44 -1.53 -1.66 -1.66 -1.75 -1.81 -1.88 -2.00 -2.09 -2.22 -2.34 -2.47 -2.62 -2.75 -2.88 -3.00 -3.03 -3.12 -3.19 -3.31 -3.50 -3.59 -3.62 -3.72 -3.97 -4.03 -3.97 -4.00 -4.06 -4.09 -4.22 -4.38 -4.25 -4.19 -4.38 -4.41 -4.41 -4.44 -4.31 -4.25 -4.22 -4.09 -4.09 -4.09 -4.09
0.41 0.41 0.44 0.44 0.47 0.44 0.47 0.50 0.47 0.38 0.25 0.12 0.00 -0.12 -0.22 -0.31 -0.41 -0.50 -0.56 -0.66 -0.75 -0.81 -0.84 -0.84 -1.00 -1.09 -1.19 -1.22 -1.31 -1.44 -1.47 -1.53 -1.56 -1.59 -1.66 -1.75 -1.88 -1.91 -1.97 -2.09 -2.22 -2.31 -2.38 -2.59 -2.72 -2.78 -2.94 -3.00 -2.97 -3.03 -3.09 -3.28 -3.56 -3.62 -3.69 -3.69 -3.72 -3.81 -4.03 -4.03 -4.03 -3.97 -4.03 -4.09 -4.03 -4.03 -4.16 -4.16 -4.19 -4.25 -4.22 -4.03 -4.09 -4.09 -4.12 -4.34 -4.41
0.38 0.38 0.38 0.41 0.41 0.44 0.44 0.41 0.31 0.22 0.09 -0.03 -0.12 -0.22 -0.31 -0.41 -0.50 -0.59 -0.66 -0.78 -0.81 -0.91 -0.97 -1.00 -1.09 -1.19 -1.22 -1.31 -1.38 -1.50 -1.59 -1.53 -1.62 -1.69 -1.75 -1.81 -1.84 -1.94 -2.03 -2.09 -2.28 -2.41 -2.41 -2.50 -2.59 -2.78 -2.88 -3.00 -3.12 -3.19 -3.16 -3.28 -3.41 -3.56 -3.72 -3.72 -3.62 -3.75 -3.91 -3.84 -3.84 -3.78 -3.84 -3.97 -3.94 -4.00 -3.97 -4.03 -4.06 -4.03 -3.97 -4.00 -4.06 -4.06 -4.03 -4.06 -4.12
0.38 0.38 0.41 0.44 0.44 0.47 0.41 0.28 0.19 0.09 0.00 -0.12 -0.22 -0.34 -0.41 -0.47 -0.56 -0.69 -0.75 -0.81 -0.88 -1.00 -1.06 -1.12 -1.19 -1.25 -1.34 -1.38 -1.44 -1.53 -1.59 -1.66 -1.69 -1.75 -1.78 -1.84 -1.91 -1.91 -1.97 -2.16 -2.31 -2.38 -2.47 -2.56 -2.66 -2.78 -2.94 -3.00 -3.03 -3.12 -3.25 -3.22 -3.31 -3.34 -3.50 -3.62 -3.69 -3.78 -3.75 -3.75 -3.91 -3.91 -3.94 -4.00 -4.09 -4.06 -3.91 -3.75 -3.94 -3.97 -3.97 -4.09 -4.16 -4.12 -4.12 -4.06 -3.88
0.41 0.44 0.47 0.50 0.50 0.44 0.28 0.16 0.03 -0.03 -0.09 -0.22 -0.34 -0.44 -0.53 -0.59 -0.62 -0.75 -0.84 -0.94 -1.00 -1.12 -1.22 -1.22 -1.25 -1.31 -1.47 -1.50 -1.50 -1.53 -1.62 -1.72 -1.75 -1.72 -1.75 -1.81 -1.94 -1.94 -2.00 -2.12 -2.28 -2.44 -2.50 -2.59 -2.69 -2.84 -2.94 -3.06 -3.12 -3.25 -3.22 -3.16 -3.25 -3.38 -3.38 -3.47 -3.53 -3.59 -3.50 -3.59 -3.78 -3.84 -3.81 -3.94 -3.97 -4.06 -4.00 -3.88 -3.84 -3.94 -4.09 -3.94 -3.97 -4.12 -4.16 -4.12 -4.16
0.44 0.47 0.50 0.50 0.47 0.34 0.19 0.06 -0.06 -0.16 -0.25 -0.31 -0.41 -0.53 -0.62 -0.69 -0.75 -0.81 -0.88 -0.97 -1.06 -1.19 -1.28 -1.34 -1.38 -1.44 -1.50 -1.59 -1.62 -1.69 -1.72 -1.78 -1.81 -1.84 -1.81 -1.84 -1.91 -1.91 -2.00 -2.09 -2.22 -2.41 -2.44 -2.50 -2.62 -2.81 -3.00 -3.00 -3.16 -3.25 -3.28 -3.25 -3.22 -3.28 -3.28 -3.34 -3.41 -3.41 -3.41 -3.50 -3.53 -3.59 -3.66 -3.69 -3.84 -4.00 -3.94 -3.78 -3.69 -3.91 -4.00 -3.84 -3.78 -3.81 -4.16 -4.28 -4.31
0.59 0.62 0.59 0.50 0.41 0.25 0.12 0.03 -0.06 -0.19 -0.28 -0.38 -0.50 -0.59 -0.66 -0.72 -0.78 -0.84 -0.94 -1.03 -1.12 -1.22 -1.31 -1.41 -1.44 -1.47 -1.53 -1.59 -1.62 -1.72 -1.84 -1.81 -1.81 -1.88 -1.94 -1.97 -1.97 -2.00 -2.09 -2.22 -2.22 -2.38 -2.62 -2.59 -2.59 -2.69 -2.78 -2.81 -2.97 -3.19 -3.25 -3.25 -3.25 -3.25 -3.19 -3.19 -3.50 -3.53 -3.50 -3.56 -3.56 -3.59 -3.59 -3.62 -3.69 -3.72 -3.84 -3.75 -3.72 -3.91 -4.03 -3.88 -3.84 -3.88 -4.09 -4.09 -4.19
0.75 0.75 0.69 0.47 0.28 0.12 0.03 -0.09 -0.16 -0.34 -0.41 -0.50 -0.59 -0.62 -0.69 -0.72 -0.84 -0.97 -1.03 -1.12 -1.16 -1.22 -1.28 -1.38 -1.47 -1.56 -1.66 -1.72 -1.81 -1.81 -1.84 -1.84 -1.94 -2.00 -2.09 -2.09 -2.06 -2.06 -2.22 -2.38 -2.47 -2.56 -2.62 -2.59 -2.56 -2.72 -2.78 -2.78 -2.94 -3.09 -3.19 -3.19 -3.22 -3.19 -3.28 -3.31 -3.53 -3.56 -3.44 -3.41 -3.38 -3.38 -3.38 -3.59 -3.66 -3.62 -3.62 -3.62 -3.78 -3.72 -3.75 -3.78 -3.81 -4.00 -4.09 -4.22 -4.19
0.88 0.84 0.66 0.38 0.16 0.03 -0.09 -0.22 -0.28 -0.38 -0.53 -0.59 -0.72 -0.72 -0.81 -0.88 -1.00 -1.09 -1.22 -1.25 -1.28 -1.38 -1.47 -1.56 -1.59 -1.62 -1.69 -1.75 -1.84 -1.88 -1.88 -1.81 -1.97 -2.06 -2.06 -2.06 -2.09 -2.09 -2.09 -2.28 -2.44 -2.62 -2.66 -2.66 -2.69 -2.81 -2.91 -2.94 -2.97 -3.22 -3.22 -3.25 -3.25 -3.25 -3.22 -3.22 -3.38 -3.41 -3.25 -3.22 -3.22 -3.22 -3.41 -3.47 -3.66 -3.56 -3.47 -3.44 -3.56 -3.72 -3.81 -4.03 -4.22 -4.12 -4.16 -4.31 -4.22
0.84 0.78 0.50 0.25 0.00 -0.09 -0.19 -0.31 -0.41 -0.50 -0.59 -0.69 -0.78 -0.88 -0.94 -1.03 -1.19 -1.28 -1.38 -1.41 -1.44 -1.53 -1.56 -1.66 -1.78 -1.78 -1.78 -1.88 -1.94 -1.94 -2.00 -2.06 -2.06 -2.03 -2.16 -2.12 -2.06 -2.06 -2.09 -2.25 -2.41 -2.50 -2.66 -2.69 -2.75 -2.84 -2.97 -2.94 -3.03 -3.09 -3.16 -3.25 -3.25 -3.38 -3.41 -3.38 -3.31 -3.38 -3.31 -3.19 -3.25 -3.41 -3.50 -3.50 -3.66 -3.47 -3.38 -3.31 -3.31 -3.66 -3.88 -4.03 -4.19 -4.28 -4.31 -4.41 -4.38
0.81 0.59 0.34 0.09 -0.12 -0.25 -0.34 -0.41 -0.50 -0.53 -0.62 -0.78 -0.91 -1.03 -1.09 -1.06 -1.19 -1.38 -1.44 -1.53 -1.62 -1.72 -1.78 -1.81 -1.91 -1.91 -1.97 -2.03 -2.00 -2.03 -2.09 -2.16 -2.12 -2.03 -1.97 -1.97 -2.06 -2.12 -2.12 -2.22 -2.22 -2.41 -2.59 -2.66 -2.81 -2.84 -2.91 -3.00 -3.03 -3.09 -3.03 -3.09 -3.19 -3.31 -3.34 -3.41 -3.41 -3.41 -3.34 -3.25 -3.28 -3.44 -3.56 -3.44 -3.41 -3.50 -3.56 -3.41 -3.31 -3.44 -3.69 -3.88 -4.06 -4.25 -4.19 -4.28 -4.34
0.56 0.34 0.19 -0.06 -0.25 -0.34 -0.47 -0.50 -0.59 -0.59 -0.69 -0.84 -0.94 -1.03 -1.12 -1.19 -1.22 -1.31 -1.41 -1.56 -1.69 -1.75 -1.91 -1.97 -2.06 -2.06 -2.12 -2.09 -2.03 -2.12 -2.12 -2.03 -2.00 -2.00 -2.00 -2.09 -2.16 -2.22 -2.22 -2.28 -2.25 -2.41 -2.56 -2.66 -2.84 -2.91 -2.97 -3.03 -3.12 -3.16 -3.16 -2.97 -3.00 -3.16 -3.19 -3.12 -3.19 -3.19 -3.06 -3.25 -3.28 -3.28 -3.47 -3.53 -3.53 -3.62 -3.69 -3.62 -3.47 -3.38 -3.41 -3.62 -3.91 -4.06 -4.16 -4.31 -4.25
0.34 0.09 -0.06 -0.25 -0.31 -0.44 -0.56 -0.62 -0.66 -0.72 -0.75 -0.91 -1.00 -1.12 -1.19 -1.28 -1.38 -1.44 -1.53 -1.62 -1.72 -1.81 -1.94 -1.97 -2.03 -2.09 -2.16 -2.16 -2.16 -2.12 -2.12 -2.06 -1.97 -1.94 -1.94 -2.12 -2.16 -2.22 -2.22 -2.19 -2.38 -2.41 -2.56 -2.66 -2.75 -2.81 -2.94 -3.03 -3.09 -3.16 -3.03 -3.03 -3.09 -3.16 -3.25 -3.19 -3.16 -3.12 -2.94 -2.97 -3.12 -3.25 -3.44 -3.56 -3.50 -3.50 -3.53 -3.56 -3.50 -3.44 -3.50 -3.59 -3.72 -3.78 -4.06 -4.12 -4.16
0.12 -0.06 -0.22 -0.31 -0.44 -0.53 -0.66 -0.78 -0.81 -0.88 -0.88 -1.00 -1.12 -1.19 -1.28 -1.41 -1.50 -1.53 -1.59 -1.75 -1.81 -1.84 -1.97 -2.00 -2.03 -2.12 -2.22 -2.25 -2.22 -2.16 -2.19 -2.06 -1.97 -1.88 -1.97 -2.00 -2.03 -2.16 -2.19 -2.28 -2.44 -2.50 -2.59 -2.53 -2.69 -2.69 -2.78 -2.88 -2.97 -3.16 -3.22 -3.09 -3.09 -3.19 -3.31 -3.19 -3.16 -3.16 -3.12 -3.09 -3.06 -3.12 -3.34 -3.50 -3.72 -3.62 -3.53 -3.53 -3.56 -3.53 -3.50 -3.53 -3.78 -3.88 -3.91 -3.94 -3.94
0.06 -0.19 -0.28 -0.38 -0.50 -0.66 -0.78 -0.91 -1.00 -1.06 -1.06 -1.16 -1.34 -1.47 -1.56 -1.62 -1.69 -1.69 -1.72 -1.88 -2.00 -2.00 -2.09 -2.06 -2.06 -2.12 -2.22 -2.28 -2.25 -2.25 -2.28 -2.22 -2.09 -2.09 -2.03 -2.09 -2.09 -2.16 -2.16 -2.22 -2.31 -2.50 -2.56 -2.59 -2.62 -2.69 -2.81 -2.81 -2.75 -2.94 -3.00 -3.00 -3.09 -3.19 -3.28 -3.19 -3.25 -3.25 -3.25 -3.09 -3.09 -3.03 -3.19 -3.31 -3.41 -3.53 -3.47 -3.53 -3.47 -3.28 -3.38 -3.47 -3.56 -3.69 -3.81 -3.81 -3.91
-0.03 -0.25 -0.34 -0.47 -0.59 -0.69 -0.84 -1.00 -1.03 -1.19 -1.22 -1.34 -1.47 -1.53 -1.66 -1.72 -1.72 -1.75 -1.78 -2.00 -2.12 -2.19 -2.22 -2.25 -2.38 -2.41 -2.34 -2.31 -2.28 -2.34 -2.28 -2.16 -2.12 -2.19 -2.19 -2.19 -2.19 -2.16 -2.19 -2.22 -2.19 -2.38 -2.53 -2.66 -2.56 -2.66 -2.69 -2.75 -2.72 -2.81 -2.75 -2.94 -3.12 -3.06 -3.16 -3.22 -3.16 -3.22 -3.31 -3.34 -3.28 -3.28 -3.19 -3.34 -3.31 -3.47 -3.41 -3.28 -3.34 -3.41 -3.34 -3.28 -3.31 -3.44 -3.56 -3.78 -3.97
-0.12 -0.31 -0.44 -0.53 -0.69 -0.72 -0.88 -1.03 -1.12 -1.22 -1.28 -1.38 -1.50 -1.59 -1.69 -1.81 -1.84 -1.84 -1.88 -1.97 -2.09 -2.28 -2.34 -2.41 -2.41 -2.44 -2.41 -2.41 -2.41 -2.38 -2.22 -2.19 -2.16 -2.19 -2.16 -2.09 -2.22 -2.22 -2.19 -2.03 -2.06 -2.25 -2.44 -2.53 -2.53 -2.66 -2.59 -2.72 -2.75 -2.75 -2.88 -3.03 -3.03 -3.06 -3.16 -3.12 -3.16 -3.12 -3.31 -3.41 -3.53 -3.34 -3.19 -3.41 -3.31 -3.47 -3.41 -3.34 -3.50 -3.56 -3.38 -3.34 -3.41 -3.34 -3.38 -3.56 -3.53
-0.28 -0.38 -0.50 -0.59 -0.66 -0.81 -0.91 -1.03 -1.16 -1.28 -1.38 -1.47 -1.53 -1.69 -1.84 -1.88 -1.94 -1.91 -1.97 -2.09 -2.22 -2.28 -2.44 -2.47 -2.53 -2.66 -2.62 -2.56 -2.53 -2.38 -2.19 -2.09 -2.09 -2.12 -2.12 -2.03 -2.03 -2.16 -2.19 -2.28 -2.19 -2.22 -2.25 -2.44 -2.53 -2.78 -2.91 -3.09 -3.09 -3.03 -3.06 -2.94 -3.03 -2.97 -3.00 -3.09 -3.19 -3.28 -3.50 -3.56 -3.56 -3.56 -3.31 -3.34 -3.38 -3.31 -3.28 -3.28 -3.31 -3.25 -3.31 -3.38 -3.28 -3.16 -3.22 -3.41 -3.47
-0.34 -0.47 -0.62 -0.72 -0.81 -0.91 -0.97 -1.12 -1.25 -1.31 -1.38 -1.50 -1.59 -1.72 -1.84 -1.91 -1.97 -2.06 -2.06 -2.16 -2.28 -2.38 -2.56 -2.66 -2.69 -2.62 -2.66 -2.59 -2.50 -2.31 -2.19 -2.09 -2.03 -2.03 -2.06 -2.09 -2.12 -2.12 -2.22 -2.22 -2.25 -2.12 -2.31 -2.50 -2.47 -2.72 -3.00 -3.06 -3.09 -3.16 -3.22 -3.09 -3.00 -3.06 -3.00 -3.03 -3.22 -3.25 -3.34 -3.34 -3.44 -3.47 -3.34 -3.31 -3.34 -3.25 -3.34 -3.44 -3.41 -3.31 -3.38 -3.53 -3.38 -3.31 -3.44 -3.34 -3.50
-0.44 -0.59 -0.75 -0.88 -0.97 -1.00 -1.03 -1.22 -1.34 -1.44 -1.50 -1.59 -1.66 -1.72 -1.88 -1.94 -2.12 -2.19 -2.19 -2.22 -2.28 -2.41 -2.53 -2.69 -2.72 -2.62 -2.59 -2.47 -2.31 -2.22 -2.12 -2.00 -2.00 -1.94 -2.00 -1.97 -2.00 -2.06 -2.12 -2.25 -2.19 -2.28 -2.28 -2.38 -2.47 -2.66 -2.81 -2.88 -3.00 -3.09 -3.09 -3.12 -3.12 -3.09 -3.00 -3.00 -3.25 -3.38 -3.53 -3.50 -3.41 -3.44 -3.34 -3.41 -3.31 -3.25 -3.31 -3.38 -3.53 -3.59 -3.66 -3.56 -3.69 -3.78 -3.81 -3.75 -3.66
-0.56 -0.62 -0.75 -0.91 -1.03 -1.09 -1.19 -1.31 -1.38 -1.44 -1.47 -1.59 -1.72 -1.78 -1.84 -2.03 -2.16 -2.22 -2.28 -2.28 -2.28 -2.44 -2.66 -2.75 -2.69 -2.62 -2.50 -2.41 -2.34 -2.28 -2.19 -2.09 -2.00 -1.91 -1.72 -1.69 -1.75 -1.75 -1.88 -2.09 -2.12 -2.28 -2.34 -2.44 -2.50 -2.56 -2.75 -2.88 -2.94 -3.09 -3.19 -3.31 -3.25 -3.22 -3.12 -3.06 -3.22 -3.38 -3.38 -3.53 -3.53 -3.62 -3.53 -3.47 -3.47 -3.47 -3.62 -3.66 -3.62 -3.69 -3.59 -3.50 -3.81 -3.88 -3.84 -3.78 -3.78
