everonasctiles/Tile6,32.asc
ncols 128
nrows 128
xllcorner 0
yllcorner 0
cellsize 2.0
NODATA_value  -9999
[rows 96 to 127 of 128, columns 0 to 70 of 128]
-32.19 -32.28 -32.34 -32.34 -32.34 -32.28 -32.22 -32.16 -32.09 -32.00 -32.09 -32.12 -32.19 -32.19 -32.19 -32.12 -32.06 -31.97 -31.88 -31.78 -31.66 -31.59 -31.50 -31.47 -31.41 -31.31 -31.22 -31.12 -31.00 -30.88 -30.88 -30.84 -30.81 -30.88 -30.84 -30.62 -30.22 -29.81 -29.53 -29.25 -29.03 -28.81 -28.72 -28.62 -28.47 -28.12 -27.91 -27.81 -27.84 -27.91 -27.97 -28.00 -28.03 -28.16 -28.28 -28.41 -28.50 -28.56 -28.59 -28.53 -28.44 -28.41 -28.31 -28.41 -28.44 -28.44 -28.50 -28.50 -28.44 -28.50 -28.47
-32.25 -32.38 -32.44 -32.44 -32.41 -32.38 -32.28 -32.22 -32.16 -32.12 -32.16 -32.19 -32.22 -32.25 -32.22 -32.12 -32.06 -31.94 -31.84 -31.72 -31.59 -31.47 -31.44 -31.38 -31.31 -31.28 -31.19 -31.12 -31.00 -30.97 -31.06 -31.12 -31.16 -31.19 -31.22 -31.12 -30.88 -30.31 -30.09 -29.91 -29.72 -29.50 -29.34 -29.19 -28.97 -28.59 -28.31 -28.06 -28.06 -28.16 -28.16 -28.19 -28.25 -28.34 -28.41 -28.50 -28.53 -28.59 -28.59 -28.53 -28.44 -28.53 -28.59 -28.62 -28.62 -28.56 -28.56 -28.53 -28.47 -28.41 -28.41
-32.31 -32.44 -32.53 -32.53 -32.50 -32.44 -32.38 -32.31 -32.28 -32.25 -32.28 -32.28 -32.31 -32.28 -32.25 -32.16 -32.06 -31.94 -31.81 -31.69 -31.56 -31.44 -31.31 -31.28 -31.25 -31.19 -31.16 -31.12 -31.06 -31.09 -31.25 -31.41 -31.50 -31.56 -31.56 -31.50 -31.38 -31.00 -30.50 -30.34 -30.12 -29.94 -29.78 -29.56 -29.22 -28.88 -28.53 -28.31 -28.22 -28.28 -28.31 -28.41 -28.47 -28.50 -28.50 -28.50 -28.53 -28.56 -28.59 -28.59 -28.56 -28.62 -28.72 -28.72 -28.69 -28.66 -28.72 -28.72 -28.59 -28.47 -28.44
-32.38 -32.50 -32.59 -32.62 -32.59 -32.53 -32.47 -32.44 -32.38 -32.38 -32.38 -32.38 -32.38 -32.34 -32.28 -32.19 -32.06 -31.91 -31.75 -31.62 -31.50 -31.38 -31.22 -31.12 -31.16 -31.12 -31.06 -31.09 -31.22 -31.34 -31.50 -31.62 -31.75 -31.81 -31.88 -31.84 -31.72 -31.56 -31.12 -30.69 -30.44 -30.22 -30.09 -29.81 -29.44 -29.12 -28.75 -28.44 -28.34 -28.44 -28.50 -28.56 -28.59 -28.62 -28.59 -28.59 -28.59 -28.56 -28.53 -28.59 -28.62 -28.69 -28.75 -28.72 -28.72 -28.78 -28.88 -28.84 -28.81 -28.69 -28.59
-32.41 -32.56 -32.66 -32.69 -32.69 -32.62 -32.59 -32.56 -32.53 -32.53 -32.53 -32.50 -32.47 -32.41 -32.31 -32.22 -32.06 -31.91 -31.72 -31.50 -31.38 -31.28 -31.09 -30.91 -31.00 -31.03 -31.03 -31.12 -31.34 -31.53 -31.66 -31.78 -31.94 -32.06 -32.12 -32.12 -32.03 -31.88 -31.66 -31.09 -30.78 -30.53 -30.22 -29.88 -29.53 -29.19 -28.88 -28.72 -28.66 -28.69 -28.69 -28.66 -28.66 -28.72 -28.69 -28.66 -28.59 -28.56 -28.56 -28.66 -28.72 -28.75 -28.78 -28.78 -28.81 -28.91 -28.91 -28.91 -28.88 -28.75 -28.66
-32.47 -32.59 -32.72 -32.75 -32.75 -32.72 -32.69 -32.69 -32.66 -32.66 -32.66 -32.62 -32.56 -32.47 -32.38 -32.25 -32.09 -31.94 -31.75 -31.53 -31.41 -31.31 -31.16 -30.97 -30.97 -31.09 -31.12 -31.28 -31.47 -31.66 -31.84 -31.97 -32.16 -32.25 -32.34 -32.34 -32.28 -32.16 -31.97 -31.56 -31.09 -30.81 -30.44 -30.00 -29.62 -29.28 -29.12 -29.00 -28.97 -29.00 -28.94 -28.84 -28.75 -28.78 -28.75 -28.69 -28.59 -28.53 -28.53 -28.69 -28.78 -28.81 -28.78 -28.78 -28.88 -28.94 -28.97 -28.97 -28.94 -28.81 -28.69
-32.50 -32.66 -32.75 -32.81 -32.84 -32.81 -32.81 -32.81 -32.81 -32.81 -32.78 -32.72 -32.62 -32.53 -32.41 -32.28 -32.16 -31.97 -31.75 -31.59 -31.56 -31.47 -31.38 -31.25 -31.22 -31.31 -31.41 -31.50 -31.62 -31.84 -32.03 -32.19 -32.31 -32.44 -32.53 -32.53 -32.50 -32.38 -32.19 -31.94 -31.41 -31.06 -30.75 -30.31 -29.88 -29.59 -29.41 -29.25 -29.22 -29.22 -29.12 -29.00 -28.81 -28.75 -28.72 -28.69 -28.62 -28.50 -28.50 -28.66 -28.78 -28.81 -28.75 -28.75 -28.88 -28.94 -28.97 -28.97 -28.94 -28.84 -28.72
-32.53 -32.69 -32.78 -32.88 -32.91 -32.91 -32.94 -32.94 -32.94 -32.94 -32.91 -32.81 -32.72 -32.59 -32.50 -32.38 -32.22 -32.09 -31.97 -31.81 -31.72 -31.66 -31.59 -31.56 -31.50 -31.47 -31.66 -31.78 -31.84 -32.03 -32.22 -32.38 -32.50 -32.62 -32.69 -32.72 -32.69 -32.56 -32.41 -32.16 -31.69 -31.31 -31.00 -30.62 -30.22 -29.91 -29.69 -29.50 -29.41 -29.34 -29.28 -29.19 -29.03 -28.88 -28.78 -28.72 -28.69 -28.59 -28.59 -28.66 -28.75 -28.81 -28.78 -28.78 -28.88 -28.94 -28.97 -28.97 -28.94 -28.88 -28.75
-32.56 -32.72 -32.84 -32.94 -32.97 -33.00 -33.03 -33.03 -33.03 -33.03 -33.00 -32.91 -32.78 -32.69 -32.56 -32.44 -32.31 -32.19 -32.06 -31.97 -31.91 -31.84 -31.81 -31.84 -31.84 -31.81 -31.84 -32.00 -32.09 -32.22 -32.41 -32.56 -32.69 -32.78 -32.84 -32.88 -32.84 -32.75 -32.56 -32.34 -31.97 -31.38 -31.12 -30.84 -30.38 -30.03 -29.84 -29.66 -29.53 -29.50 -29.41 -29.31 -29.19 -29.06 -28.91 -28.84 -28.81 -28.72 -28.72 -28.72 -28.81 -28.84 -28.88 -28.91 -28.94 -28.97 -28.97 -28.97 -28.94 -28.88 -28.78
-32.59 -32.75 -32.91 -33.00 -33.06 -33.09 -33.12 -33.12 -33.12 -33.12 -33.06 -32.97 -32.88 -32.75 -32.66 -32.53 -32.41 -32.31 -32.22 -32.12 -32.09 -32.06 -32.03 -32.06 -32.09 -32.09 -32.12 -32.25 -32.38 -32.44 -32.59 -32.75 -32.84 -32.91 -32.97 -33.00 -32.97 -32.88 -32.72 -32.50 -32.22 -31.59 -31.22 -30.97 -30.53 -30.09 -29.88 -29.72 -29.69 -29.62 -29.53 -29.41 -29.25 -29.12 -29.00 -28.97 -28.91 -28.88 -28.84 -28.81 -28.81 -28.88 -28.88 -28.91 -28.91 -28.94 -28.94 -28.94 -28.91 -28.88 -28.78
-32.59 -32.78 -32.94 -33.03 -33.12 -33.16 -33.19 -33.22 -33.22 -33.19 -33.12 -33.06 -32.97 -32.84 -32.75 -32.62 -32.53 -32.41 -32.34 -32.28 -32.28 -32.28 -32.31 -32.34 -32.41 -32.47 -32.50 -32.62 -32.69 -32.62 -32.81 -32.94 -33.00 -33.06 -33.09 -33.12 -33.06 -32.97 -32.81 -32.62 -32.38 -32.03 -31.44 -31.09 -30.66 -30.25 -29.91 -29.78 -29.78 -29.72 -29.59 -29.44 -29.25 -29.16 -29.09 -29.03 -28.97 -28.91 -28.88 -28.84 -28.84 -28.88 -28.88 -28.88 -28.91 -28.91 -28.91 -28.91 -28.81 -28.75 -28.75
-32.59 -32.78 -32.97 -33.09 -33.19 -33.25 -33.28 -33.28 -33.28 -33.25 -33.22 -33.12 -33.03 -32.94 -32.84 -32.72 -32.62 -32.53 -32.47 -32.44 -32.47 -32.50 -32.53 -32.59 -32.66 -32.75 -32.81 -32.88 -32.94 -32.94 -33.03 -33.12 -33.19 -33.22 -33.22 -33.22 -33.16 -33.06 -32.91 -32.72 -32.50 -32.22 -31.69 -31.25 -30.91 -30.50 -30.09 -29.88 -29.88 -29.78 -29.66 -29.50 -29.34 -29.25 -29.16 -29.09 -29.00 -28.94 -28.88 -28.84 -28.81 -28.81 -28.81 -28.75 -28.81 -28.84 -28.84 -28.81 -28.75 -28.78 -28.78
-32.56 -32.78 -32.97 -33.12 -33.22 -33.31 -33.34 -33.38 -33.34 -33.34 -33.28 -33.22 -33.12 -33.03 -32.94 -32.81 -32.72 -32.62 -32.59 -32.59 -32.66 -32.69 -32.72 -32.81 -32.88 -32.97 -33.06 -33.12 -33.16 -33.22 -33.25 -33.31 -33.34 -33.38 -33.34 -33.31 -33.25 -33.16 -33.03 -32.84 -32.62 -32.38 -32.00 -31.41 -31.00 -30.59 -30.19 -29.94 -29.97 -29.84 -29.66 -29.53 -29.41 -29.28 -29.19 -29.12 -29.03 -28.94 -28.91 -28.88 -28.84 -28.78 -28.72 -28.69 -28.75 -28.78 -28.69 -28.66 -28.66 -28.69 -28.69
-32.56 -32.78 -33.00 -33.16 -33.28 -33.38 -33.41 -33.44 -33.44 -33.44 -33.38 -33.31 -33.22 -33.12 -33.00 -32.91 -32.81 -32.72 -32.72 -32.75 -32.81 -32.88 -32.91 -32.97 -33.06 -33.16 -33.25 -33.34 -33.38 -33.41 -33.44 -33.47 -33.50 -33.50 -33.47 -33.41 -33.34 -33.25 -33.12 -32.97 -32.78 -32.50 -32.19 -31.62 -30.94 -30.50 -30.22 -30.06 -29.97 -29.84 -29.66 -29.53 -29.38 -29.28 -29.22 -29.12 -29.03 -28.97 -28.94 -28.91 -28.84 -28.75 -28.69 -28.62 -28.69 -28.66 -28.62 -28.59 -28.62 -28.66 -28.62
-32.56 -32.81 -33.03 -33.19 -33.34 -33.44 -33.50 -33.53 -33.53 -33.50 -33.47 -33.41 -33.31 -33.22 -33.09 -33.00 -32.91 -32.84 -32.84 -32.91 -32.97 -33.03 -33.06 -33.12 -33.22 -33.31 -33.41 -33.50 -33.56 -33.59 -33.59 -33.62 -33.62 -33.59 -33.56 -33.50 -33.44 -33.34 -33.25 -33.09 -32.91 -32.66 -32.34 -31.81 -31.09 -30.62 -30.31 -30.16 -30.00 -29.84 -29.62 -29.50 -29.34 -29.28 -29.22 -29.16 -29.06 -29.00 -28.97 -28.91 -28.84 -28.78 -28.72 -28.62 -28.59 -28.66 -28.72 -28.69 -28.62 -28.62 -28.53
-32.53 -32.84 -33.06 -33.25 -33.41 -33.53 -33.59 -33.62 -33.62 -33.59 -33.56 -33.50 -33.41 -33.31 -33.22 -33.09 -33.00 -32.97 -32.94 -33.00 -33.09 -33.16 -33.22 -33.28 -33.34 -33.44 -33.53 -33.62 -33.69 -33.72 -33.72 -33.75 -33.72 -33.69 -33.66 -33.59 -33.53 -33.44 -33.34 -33.19 -33.00 -32.78 -32.47 -32.12 -31.47 -31.03 -30.56 -30.34 -30.16 -29.91 -29.62 -29.44 -29.34 -29.28 -29.25 -29.19 -29.12 -29.06 -28.97 -28.88 -28.81 -28.78 -28.69 -28.66 -28.66 -28.69 -28.69 -28.62 -28.56 -28.53 -28.41
-32.59 -32.91 -33.16 -33.34 -33.50 -33.59 -33.69 -33.69 -33.72 -33.69 -33.66 -33.59 -33.50 -33.41 -33.31 -33.22 -33.16 -33.09 -33.06 -33.09 -33.19 -33.25 -33.34 -33.41 -33.47 -33.53 -33.62 -33.72 -33.78 -33.81 -33.84 -33.84 -33.81 -33.78 -33.72 -33.66 -33.59 -33.53 -33.44 -33.28 -33.12 -32.88 -32.62 -32.28 -31.78 -31.28 -30.84 -30.50 -30.22 -30.00 -29.75 -29.50 -29.28 -29.22 -29.25 -29.25 -29.22 -29.12 -29.00 -28.88 -28.81 -28.75 -28.69 -28.69 -28.69 -28.66 -28.59 -28.56 -28.47 -28.41 -28.34
-32.66 -33.00 -33.22 -33.44 -33.59 -33.69 -33.75 -33.78 -33.78 -33.78 -33.75 -33.69 -33.62 -33.53 -33.44 -33.34 -33.28 -33.22 -33.19 -33.22 -33.28 -33.34 -33.44 -33.50 -33.56 -33.62 -33.69 -33.78 -33.84 -33.88 -33.91 -33.91 -33.88 -33.84 -33.78 -33.72 -33.66 -33.59 -33.50 -33.38 -33.19 -32.97 -32.72 -32.41 -31.94 -31.31 -30.91 -30.62 -30.38 -30.19 -29.97 -29.72 -29.44 -29.31 -29.25 -29.28 -29.28 -29.19 -29.06 -28.97 -28.84 -28.75 -28.72 -28.72 -28.66 -28.62 -28.62 -28.59 -28.47 -28.25 -28.19
-32.78 -33.09 -33.31 -33.53 -33.66 -33.78 -33.84 -33.88 -33.88 -33.84 -33.81 -33.78 -33.72 -33.66 -33.56 -33.47 -33.41 -33.34 -33.31 -33.31 -33.38 -33.44 -33.50 -33.56 -33.62 -33.69 -33.75 -33.81 -33.88 -33.91 -33.94 -33.94 -33.91 -33.88 -33.81 -33.78 -33.72 -33.66 -33.56 -33.44 -33.28 -33.06 -32.78 -32.47 -31.94 -31.25 -30.94 -30.75 -30.56 -30.41 -30.19 -29.97 -29.75 -29.53 -29.28 -29.19 -29.22 -29.22 -29.19 -29.06 -28.94 -28.88 -28.84 -28.78 -28.69 -28.62 -28.66 -28.59 -28.50 -28.28 -28.09
-32.97 -33.22 -33.41 -33.59 -33.75 -33.84 -33.91 -33.94 -33.94 -33.91 -33.88 -33.84 -33.81 -33.75 -33.66 -33.59 -33.50 -33.47 -33.44 -33.44 -33.47 -33.50 -33.56 -33.66 -33.72 -33.75 -33.81 -33.84 -33.91 -33.94 -33.94 -33.94 -33.91 -33.88 -33.84 -33.81 -33.75 -33.69 -33.62 -33.50 -33.31 -33.09 -32.84 -32.53 -31.91 -31.31 -31.12 -30.97 -30.72 -30.50 -30.31 -30.12 -29.97 -29.75 -29.53 -29.31 -29.28 -29.25 -29.25 -29.09 -28.97 -28.94 -28.88 -28.84 -28.75 -28.66 -28.66 -28.62 -28.50 -28.34 -28.09
-33.06 -33.31 -33.50 -33.69 -33.81 -33.91 -33.97 -34.00 -33.97 -33.97 -33.94 -33.91 -33.88 -33.81 -33.75 -33.69 -33.62 -33.56 -33.56 -33.56 -33.56 -33.59 -33.66 -33.69 -33.75 -33.81 -33.84 -33.88 -33.91 -33.94 -33.94 -33.94 -33.91 -33.88 -33.84 -33.81 -33.78 -33.72 -33.66 -33.53 -33.34 -33.12 -32.88 -32.56 -32.03 -31.53 -31.31 -31.12 -30.88 -30.59 -30.38 -30.28 -30.19 -30.03 -29.78 -29.59 -29.47 -29.41 -29.25 -29.06 -28.97 -28.94 -28.91 -28.88 -28.81 -28.72 -28.66 -28.59 -28.50 -28.38 -28.19
-33.16 -33.38 -33.56 -33.72 -33.88 -33.97 -34.00 -34.03 -34.00 -34.00 -33.97 -33.97 -33.94 -33.88 -33.81 -33.78 -33.72 -33.69 -33.66 -33.66 -33.66 -33.69 -33.72 -33.75 -33.78 -33.84 -33.88 -33.91 -33.91 -33.94 -33.94 -33.91 -33.91 -33.88 -33.84 -33.81 -33.78 -33.72 -33.66 -33.53 -33.38 -33.19 -32.94 -32.62 -32.16 -31.69 -31.38 -31.16 -30.91 -30.75 -30.59 -30.50 -30.41 -30.28 -30.09 -29.88 -29.69 -29.53 -29.31 -29.06 -28.94 -28.84 -28.88 -28.88 -28.81 -28.69 -28.62 -28.53 -28.47 -28.31 -28.12
-33.19 -33.41 -33.59 -33.78 -33.91 -34.00 -34.03 -34.06 -34.03 -34.03 -34.03 -34.00 -33.97 -33.94 -33.91 -33.84 -33.81 -33.78 -33.75 -33.75 -33.75 -33.75 -33.78 -33.78 -33.81 -33.84 -33.88 -33.91 -33.91 -33.91 -33.91 -33.91 -33.91 -33.88 -33.84 -33.81 -33.78 -33.72 -33.66 -33.53 -33.41 -33.19 -32.94 -32.66 -32.19 -31.75 -31.44 -31.28 -31.09 -30.94 -30.84 -30.75 -30.66 -30.53 -30.31 -30.12 -29.88 -29.69 -29.50 -29.28 -29.12 -28.97 -28.88 -28.78 -28.75 -28.59 -28.47 -28.41 -28.34 -28.19 -28.03
-33.22 -33.44 -33.62 -33.78 -33.94 -34.03 -34.06 -34.09 -34.06 -34.06 -34.06 -34.03 -34.03 -34.00 -33.97 -33.94 -33.91 -33.88 -33.84 -33.84 -33.81 -33.81 -33.81 -33.81 -33.81 -33.84 -33.84 -33.88 -33.88 -33.88 -33.88 -33.88 -33.88 -33.84 -33.81 -33.78 -33.75 -33.69 -33.62 -33.50 -33.38 -33.19 -32.94 -32.69 -32.25 -31.97 -31.72 -31.53 -31.38 -31.22 -31.12 -31.00 -30.88 -30.69 -30.44 -30.25 -30.03 -29.84 -29.69 -29.56 -29.47 -29.25 -29.00 -28.78 -28.66 -28.59 -28.50 -28.47 -28.41 -28.22 -28.03
-33.22 -33.44 -33.62 -33.78 -33.94 -34.03 -34.09 -34.09 -34.09 -34.09 -34.09 -34.06 -34.06 -34.03 -34.00 -34.00 -33.97 -33.97 -33.94 -33.91 -33.88 -33.88 -33.84 -33.84 -33.81 -33.81 -33.81 -33.81 -33.81 -33.84 -33.84 -33.81 -33.81 -33.78 -33.75 -33.72 -33.66 -33.62 -33.53 -33.44 -33.31 -33.12 -32.91 -32.69 -32.38 -32.16 -31.97 -31.75 -31.59 -31.47 -31.34 -31.25 -31.12 -30.91 -30.66 -30.44 -30.22 -30.03 -29.94 -29.84 -29.72 -29.44 -29.16 -28.91 -28.72 -28.72 -28.72 -28.62 -28.44 -28.31 -28.16
-33.22 -33.44 -33.62 -33.78 -33.91 -34.00 -34.06 -34.12 -34.12 -34.12 -34.09 -34.09 -34.09 -34.06 -34.06 -34.03 -34.03 -34.00 -34.00 -33.97 -33.94 -33.91 -33.88 -33.84 -33.81 -33.78 -33.75 -33.75 -33.75 -33.75 -33.75 -33.75 -33.72 -33.69 -33.66 -33.62 -33.56 -33.50 -33.41 -33.31 -33.19 -33.03 -32.84 -32.62 -32.44 -32.22 -32.03 -31.84 -31.69 -31.59 -31.50 -31.41 -31.31 -31.19 -30.94 -30.69 -30.53 -30.41 -30.34 -30.19 -30.00 -29.69 -29.41 -29.22 -29.09 -29.06 -29.03 -28.88 -28.59 -28.41 -28.34
-33.19 -33.38 -33.56 -33.75 -33.88 -33.97 -34.06 -34.09 -34.12 -34.12 -34.12 -34.09 -34.09 -34.09 -34.09 -34.06 -34.06 -34.06 -34.03 -34.00 -33.97 -33.94 -33.88 -33.84 -33.78 -33.75 -33.69 -33.69 -33.69 -33.69 -33.66 -33.66 -33.62 -33.59 -33.53 -33.47 -33.41 -33.34 -33.25 -33.12 -33.03 -32.88 -32.72 -32.53 -32.38 -32.19 -32.03 -31.88 -31.75 -31.69 -31.62 -31.56 -31.50 -31.41 -31.25 -31.06 -30.97 -30.84 -30.66 -30.47 -30.31 -30.09 -29.81 -29.69 -29.59 -29.41 -29.28 -29.12 -28.91 -28.69 -28.59
-33.09 -33.31 -33.53 -33.69 -33.81 -33.94 -34.03 -34.09 -34.12 -34.12 -34.12 -34.09 -34.09 -34.09 -34.09 -34.09 -34.09 -34.06 -34.06 -34.03 -33.97 -33.94 -33.88 -33.81 -33.75 -33.69 -33.62 -33.59 -33.59 -33.56 -33.56 -33.53 -33.50 -33.47 -33.41 -33.34 -33.25 -33.16 -33.06 -32.91 -32.75 -32.69 -32.59 -32.44 -32.28 -32.12 -31.97 -31.88 -31.78 -31.75 -31.72 -31.69 -31.62 -31.56 -31.50 -31.41 -31.31 -31.16 -30.94 -30.78 -30.62 -30.44 -30.19 -30.03 -30.00 -29.75 -29.47 -29.31 -29.22 -29.00 -28.84
-33.00 -33.25 -33.44 -33.62 -33.78 -33.91 -34.00 -34.06 -34.09 -34.12 -34.12 -34.09 -34.09 -34.09 -34.09 -34.09 -34.09 -34.09 -34.06 -34.03 -33.97 -33.91 -33.84 -33.78 -33.69 -33.62 -33.56 -33.53 -33.50 -33.47 -33.47 -33.44 -33.38 -33.31 -33.25 -33.19 -33.09 -32.97 -32.81 -32.66 -32.56 -32.53 -32.41 -32.28 -32.16 -32.03 -31.91 -31.84 -31.81 -31.81 -31.81 -31.78 -31.78 -31.72 -31.69 -31.62 -31.56 -31.44 -31.22 -31.12 -30.97 -30.78 -30.66 -30.53 -30.38 -30.12 -29.84 -29.62 -29.41 -29.22 -29.12
-32.91 -33.16 -33.38 -33.56 -33.72 -33.88 -33.97 -34.03 -34.06 -34.09 -34.09 -34.06 -34.06 -34.06 -34.06 -34.06 -34.06 -34.06 -34.03 -33.97 -33.94 -33.88 -33.81 -33.72 -33.62 -33.56 -33.47 -33.44 -33.41 -33.38 -33.34 -33.31 -33.28 -33.22 -33.16 -33.06 -32.97 -32.84 -32.72 -32.53 -32.44 -32.31 -32.25 -32.12 -32.03 -31.94 -31.84 -31.81 -31.84 -31.84 -31.88 -31.88 -31.88 -31.88 -31.84 -31.78 -31.75 -31.66 -31.50 -31.38 -31.28 -31.16 -31.03 -30.84 -30.66 -30.41 -30.16 -29.97 -29.75 -29.56 -29.47
-32.78 -33.06 -33.31 -33.50 -33.69 -33.81 -33.94 -34.00 -34.03 -34.06 -34.03 -34.03 -34.03 -34.00 -34.00 -34.00 -34.00 -34.00 -33.97 -33.94 -33.88 -33.81 -33.75 -33.66 -33.56 -33.50 -33.41 -33.34 -33.31 -33.28 -33.28 -33.25 -33.19 -33.12 -33.03 -32.94 -32.84 -32.75 -32.59 -32.47 -32.31 -32.16 -32.06 -31.97 -31.91 -31.84 -31.81 -31.84 -31.88 -31.91 -31.94 -31.97 -31.97 -31.97 -31.97 -31.94 -31.88 -31.81 -31.72 -31.59 -31.53 -31.47 -31.34 -31.09 -30.84 -30.66 -30.44 -30.25 -30.09 -29.97 -29.81
-32.66 -32.97 -33.22 -33.44 -33.62 -33.78 -33.88 -33.94 -33.97 -34.00 -33.97 -33.97 -33.94 -33.94 -33.94 -33.94 -33.94 -33.94 -33.91 -33.88 -33.81 -33.75 -33.69 -33.59 -33.53 -33.44 -33.38 -33.28 -33.28 -33.28 -33.28 -33.28 -33.25 -33.16 -33.09 -32.97 -32.88 -32.75 -32.59 -32.41 -32.22 -32.03 -31.91 -31.84 -31.78 -31.78 -31.78 -31.84 -31.91 -31.97 -32.00 -32.03 -32.06 -32.06 -32.06 -32.06 -32.03 -31.97 -31.91 -31.81 -31.75 -31.69 -31.56 -31.38 -31.19 -30.97 -30.75 -30.56 -30.41 -30.25 -30.03
