everonasctiles/Tile1,34.asc
ncols 128
nrows 128
xllcorner 0
yllcorner 0
cellsize 2.0
NODATA_value  -9999
[rows 96 to 127 of 128, columns 0 to 70 of 128]
-56.25 -56.22 -56.22 -56.19 -56.19 -56.19 -56.16 -56.16 -56.09 -56.06 -56.03 -56.00 -55.97 -55.97 -55.97 -55.94 -55.94 -55.91 -55.88 -55.81 -55.75 -55.69 -55.59 -55.50 -55.41 -55.31 -55.28 -55.22 -55.22 -55.25 -55.31 -55.34 -55.41 -55.47 -55.53 -55.56 -55.62 -55.69 -55.75 -55.81 -55.88 -55.94 -56.00 -56.03 -56.09 -56.12 -56.19 -56.25 -56.31 -56.41 -56.50 -56.62 -56.75 -56.91 -57.06 -57.19 -57.34 -57.47 -57.59 -57.75 -57.94 -58.12 -58.34 -58.53 -58.69 -58.78 -58.84 -58.97 -59.22 -59.56 -59.84
-56.25 -56.22 -56.19 -56.16 -56.16 -56.16 -56.16 -56.12 -56.09 -56.06 -56.00 -55.97 -55.94 -55.91 -55.91 -55.91 -55.88 -55.84 -55.81 -55.72 -55.66 -55.56 -55.47 -55.41 -55.31 -55.25 -55.22 -55.22 -55.25 -55.31 -55.34 -55.41 -55.47 -55.53 -55.56 -55.62 -55.69 -55.75 -55.81 -55.88 -55.94 -56.00 -56.06 -56.12 -56.19 -56.25 -56.31 -56.38 -56.47 -56.56 -56.69 -56.81 -56.97 -57.12 -57.28 -57.44 -57.56 -57.72 -57.84 -58.00 -58.19 -58.38 -58.56 -58.75 -58.91 -59.00 -59.06 -59.12 -59.25 -59.50 -59.78
-56.22 -56.19 -56.16 -56.16 -56.12 -56.12 -56.12 -56.09 -56.06 -56.03 -56.00 -55.94 -55.91 -55.88 -55.84 -55.84 -55.81 -55.78 -55.72 -55.66 -55.56 -55.47 -55.38 -55.31 -55.25 -55.22 -55.19 -55.22 -55.28 -55.34 -55.41 -55.47 -55.53 -55.56 -55.62 -55.69 -55.75 -55.78 -55.84 -55.91 -55.97 -56.06 -56.12 -56.22 -56.28 -56.34 -56.41 -56.50 -56.62 -56.75 -56.88 -57.03 -57.19 -57.34 -57.50 -57.66 -57.78 -57.94 -58.09 -58.28 -58.44 -58.62 -58.81 -59.00 -59.12 -59.25 -59.31 -59.38 -59.44 -59.53 -59.72
-56.19 -56.16 -56.16 -56.12 -56.12 -56.12 -56.09 -56.09 -56.06 -56.03 -56.00 -55.94 -55.88 -55.81 -55.78 -55.78 -55.75 -55.72 -55.66 -55.56 -55.47 -55.38 -55.28 -55.22 -55.19 -55.19 -55.19 -55.25 -55.31 -55.38 -55.44 -55.50 -55.56 -55.62 -55.69 -55.75 -55.78 -55.84 -55.91 -55.97 -56.03 -56.09 -56.19 -56.28 -56.34 -56.44 -56.53 -56.62 -56.75 -56.91 -57.06 -57.22 -57.41 -57.56 -57.72 -57.88 -58.00 -58.16 -58.31 -58.50 -58.69 -58.88 -59.06 -59.25 -59.38 -59.47 -59.53 -59.59 -59.62 -59.66 -59.75
-56.19 -56.16 -56.12 -56.12 -56.09 -56.09 -56.06 -56.06 -56.06 -56.03 -55.97 -55.91 -55.84 -55.78 -55.75 -55.72 -55.69 -55.66 -55.59 -55.50 -55.41 -55.31 -55.22 -55.19 -55.16 -55.19 -55.22 -55.28 -55.34 -55.41 -55.47 -55.53 -55.59 -55.66 -55.72 -55.78 -55.84 -55.88 -55.94 -56.00 -56.06 -56.16 -56.22 -56.31 -56.41 -56.53 -56.66 -56.75 -56.91 -57.03 -57.22 -57.41 -57.59 -57.78 -57.94 -58.09 -58.22 -58.34 -58.50 -58.69 -58.91 -59.12 -59.31 -59.47 -59.59 -59.72 -59.78 -59.81 -59.84 -59.84 -59.88
-56.16 -56.16 -56.12 -56.12 -56.09 -56.06 -56.06 -56.03 -56.03 -56.00 -55.97 -55.91 -55.81 -55.75 -55.69 -55.66 -55.62 -55.59 -55.53 -55.44 -55.34 -55.25 -55.19 -55.16 -55.16 -55.19 -55.25 -55.31 -55.38 -55.44 -55.50 -55.56 -55.62 -55.69 -55.75 -55.81 -55.88 -55.91 -55.97 -56.03 -56.09 -56.19 -56.28 -56.38 -56.50 -56.62 -56.75 -56.88 -57.03 -57.19 -57.34 -57.56 -57.75 -57.97 -58.16 -58.31 -58.44 -58.56 -58.69 -58.88 -59.09 -59.31 -59.50 -59.69 -59.81 -59.94 -60.00 -60.03 -60.03 -60.03 -60.03
-56.16 -56.12 -56.12 -56.09 -56.06 -56.03 -56.03 -56.00 -56.00 -56.00 -55.94 -55.88 -55.78 -55.72 -55.62 -55.59 -55.53 -55.50 -55.44 -55.38 -55.31 -55.22 -55.16 -55.12 -55.16 -55.22 -55.28 -55.34 -55.41 -55.47 -55.53 -55.59 -55.62 -55.69 -55.75 -55.81 -55.88 -55.94 -56.00 -56.06 -56.12 -56.22 -56.31 -56.44 -56.56 -56.72 -56.84 -57.00 -57.16 -57.31 -57.50 -57.69 -57.91 -58.12 -58.31 -58.50 -58.66 -58.75 -58.91 -59.06 -59.28 -59.47 -59.69 -59.88 -60.03 -60.12 -60.19 -60.22 -60.22 -60.19 -60.19
-56.12 -56.09 -56.09 -56.06 -56.03 -56.00 -56.00 -55.97 -55.97 -55.94 -55.91 -55.84 -55.75 -55.69 -55.59 -55.53 -55.47 -55.44 -55.38 -55.31 -55.22 -55.16 -55.12 -55.12 -55.19 -55.25 -55.31 -55.38 -55.44 -55.50 -55.56 -55.59 -55.62 -55.69 -55.72 -55.78 -55.84 -55.91 -56.00 -56.06 -56.16 -56.25 -56.38 -56.50 -56.62 -56.78 -56.97 -57.12 -57.28 -57.44 -57.62 -57.81 -58.03 -58.25 -58.47 -58.69 -58.84 -58.97 -59.12 -59.28 -59.44 -59.66 -59.84 -60.03 -60.19 -60.28 -60.34 -60.38 -60.34 -60.34 -60.34
-56.09 -56.06 -56.03 -56.00 -56.00 -55.97 -55.94 -55.94 -55.91 -55.91 -55.84 -55.81 -55.72 -55.66 -55.56 -55.50 -55.41 -55.34 -55.28 -55.22 -55.16 -55.09 -55.09 -55.12 -55.19 -55.25 -55.31 -55.41 -55.47 -55.50 -55.56 -55.59 -55.62 -55.66 -55.69 -55.75 -55.81 -55.88 -55.97 -56.06 -56.19 -56.28 -56.41 -56.56 -56.72 -56.88 -57.06 -57.22 -57.38 -57.56 -57.72 -57.94 -58.16 -58.38 -58.59 -58.81 -59.00 -59.16 -59.31 -59.47 -59.62 -59.81 -60.00 -60.16 -60.31 -60.41 -60.47 -60.50 -60.50 -60.47 -60.50
-56.03 -56.03 -56.00 -55.97 -55.94 -55.91 -55.88 -55.88 -55.84 -55.84 -55.78 -55.75 -55.69 -55.59 -55.53 -55.44 -55.34 -55.28 -55.22 -55.16 -55.09 -55.06 -55.06 -55.09 -55.16 -55.25 -55.31 -55.41 -55.47 -55.50 -55.56 -55.59 -55.62 -55.62 -55.66 -55.69 -55.75 -55.84 -55.94 -56.03 -56.16 -56.31 -56.44 -56.59 -56.78 -56.97 -57.12 -57.31 -57.47 -57.62 -57.81 -58.00 -58.25 -58.47 -58.72 -58.94 -59.16 -59.34 -59.50 -59.66 -59.81 -59.97 -60.12 -60.28 -60.41 -60.50 -60.56 -60.59 -60.59 -60.59 -60.59
-55.97 -55.97 -55.94 -55.91 -55.88 -55.84 -55.81 -55.81 -55.78 -55.75 -55.72 -55.66 -55.59 -55.53 -55.47 -55.38 -55.28 -55.19 -55.12 -55.06 -55.03 -55.00 -55.03 -55.09 -55.16 -55.25 -55.31 -55.38 -55.44 -55.50 -55.53 -55.56 -55.59 -55.59 -55.62 -55.66 -55.69 -55.78 -55.88 -56.00 -56.16 -56.28 -56.47 -56.66 -56.84 -57.03 -57.22 -57.41 -57.56 -57.75 -57.91 -58.09 -58.34 -58.56 -58.81 -59.06 -59.31 -59.50 -59.69 -59.84 -60.00 -60.16 -60.28 -60.38 -60.50 -60.56 -60.62 -60.66 -60.69 -60.69 -60.72
-55.91 -55.91 -55.88 -55.84 -55.81 -55.75 -55.75 -55.72 -55.69 -55.69 -55.62 -55.59 -55.50 -55.44 -55.38 -55.28 -55.19 -55.09 -55.03 -55.00 -54.97 -54.97 -55.03 -55.09 -55.16 -55.22 -55.31 -55.38 -55.44 -55.47 -55.53 -55.56 -55.56 -55.56 -55.59 -55.59 -55.66 -55.72 -55.84 -55.97 -56.12 -56.28 -56.47 -56.66 -56.88 -57.06 -57.28 -57.47 -57.66 -57.84 -58.03 -58.22 -58.44 -58.69 -58.94 -59.19 -59.44 -59.66 -59.84 -60.00 -60.16 -60.31 -60.41 -60.50 -60.56 -60.62 -60.69 -60.72 -60.75 -60.78 -60.78
-55.84 -55.81 -55.78 -55.75 -55.72 -55.69 -55.66 -55.62 -55.62 -55.59 -55.56 -55.50 -55.44 -55.34 -55.25 -55.16 -55.09 -55.00 -54.94 -54.91 -54.91 -54.94 -55.00 -55.06 -55.16 -55.22 -55.28 -55.34 -55.41 -55.47 -55.50 -55.53 -55.56 -55.56 -55.56 -55.56 -55.59 -55.69 -55.78 -55.94 -56.09 -56.28 -56.47 -56.69 -56.91 -57.09 -57.31 -57.50 -57.72 -57.94 -58.16 -58.38 -58.59 -58.84 -59.09 -59.31 -59.56 -59.78 -59.97 -60.16 -60.31 -60.44 -60.53 -60.59 -60.66 -60.72 -60.78 -60.81 -60.84 -60.84 -60.88
-55.75 -55.75 -55.72 -55.69 -55.66 -55.62 -55.59 -55.56 -55.53 -55.50 -55.47 -55.41 -55.34 -55.25 -55.16 -55.06 -54.97 -54.91 -54.84 -54.84 -54.84 -54.91 -54.97 -55.06 -55.12 -55.19 -55.25 -55.31 -55.41 -55.47 -55.53 -55.56 -55.56 -55.56 -55.56 -55.56 -55.59 -55.69 -55.78 -55.94 -56.09 -56.28 -56.47 -56.69 -56.91 -57.12 -57.34 -57.56 -57.78 -58.03 -58.28 -58.50 -58.75 -58.97 -59.22 -59.47 -59.69 -59.91 -60.09 -60.28 -60.44 -60.56 -60.62 -60.69 -60.75 -60.81 -60.84 -60.91 -60.91 -60.94 -60.94
-55.66 -55.66 -55.62 -55.59 -55.56 -55.53 -55.50 -55.47 -55.44 -55.41 -55.38 -55.31 -55.25 -55.16 -55.06 -54.97 -54.88 -54.81 -54.78 -54.78 -54.81 -54.88 -54.94 -55.00 -55.06 -55.16 -55.22 -55.31 -55.41 -55.47 -55.53 -55.59 -55.62 -55.62 -55.62 -55.62 -55.66 -55.72 -55.81 -55.94 -56.09 -56.28 -56.47 -56.66 -56.88 -57.09 -57.34 -57.59 -57.84 -58.09 -58.38 -58.62 -58.88 -59.12 -59.34 -59.59 -59.81 -60.03 -60.22 -60.41 -60.53 -60.66 -60.72 -60.78 -60.84 -60.91 -60.94 -60.97 -61.00 -61.00 -61.03
-55.56 -55.56 -55.56 -55.53 -55.50 -55.47 -55.44 -55.41 -55.38 -55.34 -55.31 -55.25 -55.16 -55.06 -54.97 -54.88 -54.78 -54.72 -54.69 -54.72 -54.75 -54.84 -54.91 -54.97 -55.03 -55.12 -55.19 -55.28 -55.41 -55.50 -55.56 -55.62 -55.69 -55.69 -55.72 -55.72 -55.75 -55.81 -55.88 -56.00 -56.12 -56.28 -56.44 -56.62 -56.84 -57.09 -57.34 -57.59 -57.88 -58.16 -58.44 -58.72 -58.97 -59.22 -59.47 -59.69 -59.91 -60.12 -60.31 -60.50 -60.62 -60.72 -60.81 -60.88 -60.94 -60.97 -61.03 -61.06 -61.06 -61.09 -61.09
-55.47 -55.47 -55.47 -55.47 -55.44 -55.41 -55.38 -55.34 -55.31 -55.28 -55.25 -55.19 -55.09 -55.00 -54.88 -54.78 -54.72 -54.66 -54.66 -54.66 -54.72 -54.78 -54.84 -54.94 -55.00 -55.09 -55.19 -55.28 -55.41 -55.50 -55.59 -55.69 -55.75 -55.78 -55.81 -55.84 -55.88 -55.91 -55.97 -56.06 -56.16 -56.31 -56.47 -56.62 -56.84 -57.06 -57.34 -57.59 -57.88 -58.19 -58.47 -58.75 -59.03 -59.28 -59.53 -59.78 -60.00 -60.22 -60.41 -60.56 -60.69 -60.78 -60.84 -60.91 -60.97 -61.03 -61.09 -61.12 -61.16 -61.16 -61.16
-55.38 -55.38 -55.38 -55.38 -55.38 -55.34 -55.31 -55.28 -55.25 -55.22 -55.19 -55.12 -55.03 -54.91 -54.81 -54.72 -54.62 -54.59 -54.59 -54.62 -54.69 -54.75 -54.81 -54.91 -54.97 -55.09 -55.19 -55.31 -55.44 -55.53 -55.66 -55.75 -55.81 -55.88 -55.91 -55.97 -56.00 -56.03 -56.06 -56.12 -56.22 -56.34 -56.50 -56.69 -56.88 -57.09 -57.34 -57.59 -57.88 -58.16 -58.47 -58.75 -59.03 -59.31 -59.56 -59.81 -60.06 -60.28 -60.44 -60.59 -60.72 -60.81 -60.88 -60.91 -60.97 -61.06 -61.12 -61.16 -61.19 -61.22 -61.22
-55.28 -55.28 -55.31 -55.31 -55.28 -55.25 -55.25 -55.22 -55.19 -55.16 -55.12 -55.03 -54.94 -54.84 -54.75 -54.66 -54.56 -54.53 -54.53 -54.59 -54.66 -54.72 -54.78 -54.88 -55.00 -55.09 -55.22 -55.34 -55.44 -55.56 -55.69 -55.78 -55.88 -55.97 -56.03 -56.09 -56.12 -56.16 -56.19 -56.22 -56.31 -56.44 -56.56 -56.75 -56.94 -57.12 -57.34 -57.59 -57.88 -58.16 -58.44 -58.72 -59.00 -59.31 -59.56 -59.84 -60.06 -60.28 -60.47 -60.59 -60.69 -60.78 -60.81 -60.88 -60.97 -61.06 -61.12 -61.22 -61.25 -61.28 -61.28
-55.19 -55.22 -55.22 -55.22 -55.19 -55.19 -55.16 -55.16 -55.12 -55.09 -55.03 -54.97 -54.88 -54.78 -54.69 -54.59 -54.53 -54.50 -54.53 -54.59 -54.66 -54.72 -54.81 -54.91 -55.00 -55.12 -55.25 -55.38 -55.50 -55.59 -55.72 -55.84 -55.97 -56.06 -56.16 -56.22 -56.28 -56.28 -56.31 -56.34 -56.41 -56.50 -56.66 -56.81 -57.00 -57.19 -57.41 -57.62 -57.88 -58.12 -58.41 -58.72 -59.00 -59.28 -59.56 -59.84 -60.06 -60.28 -60.44 -60.56 -60.66 -60.72 -60.78 -60.84 -60.94 -61.03 -61.16 -61.25 -61.31 -61.34 -61.34
-55.09 -55.12 -55.16 -55.16 -55.12 -55.12 -55.09 -55.09 -55.06 -55.03 -54.97 -54.91 -54.81 -54.72 -54.62 -54.56 -54.50 -54.47 -54.53 -54.59 -54.66 -54.75 -54.84 -54.94 -55.06 -55.19 -55.31 -55.44 -55.56 -55.66 -55.78 -55.91 -56.06 -56.16 -56.28 -56.34 -56.41 -56.44 -56.44 -56.44 -56.47 -56.56 -56.72 -56.88 -57.06 -57.25 -57.44 -57.66 -57.88 -58.16 -58.44 -58.72 -59.00 -59.31 -59.56 -59.84 -60.06 -60.22 -60.38 -60.47 -60.56 -60.62 -60.72 -60.81 -60.91 -61.06 -61.19 -61.31 -61.38 -61.44 -61.44
-55.03 -55.06 -55.09 -55.09 -55.06 -55.06 -55.06 -55.03 -55.00 -54.97 -54.94 -54.88 -54.78 -54.72 -54.62 -54.56 -54.53 -54.50 -54.56 -54.62 -54.72 -54.81 -54.91 -55.00 -55.12 -55.25 -55.38 -55.53 -55.66 -55.78 -55.91 -56.03 -56.16 -56.28 -56.41 -56.47 -56.53 -56.56 -56.56 -56.53 -56.53 -56.62 -56.75 -56.91 -57.09 -57.28 -57.47 -57.69 -57.91 -58.16 -58.44 -58.75 -59.03 -59.31 -59.59 -59.84 -60.03 -60.19 -60.28 -60.38 -60.47 -60.56 -60.66 -60.78 -60.91 -61.06 -61.22 -61.34 -61.44 -61.53 -61.56
-54.97 -55.00 -55.03 -55.03 -55.03 -55.06 -55.06 -55.03 -55.03 -54.97 -54.94 -54.88 -54.81 -54.75 -54.69 -54.62 -54.59 -54.59 -54.62 -54.69 -54.78 -54.88 -54.97 -55.09 -55.19 -55.34 -55.50 -55.62 -55.78 -55.94 -56.06 -56.19 -56.31 -56.41 -56.53 -56.59 -56.66 -56.69 -56.66 -56.66 -56.62 -56.66 -56.78 -56.91 -57.06 -57.25 -57.44 -57.66 -57.91 -58.16 -58.44 -58.75 -59.03 -59.34 -59.59 -59.81 -60.00 -60.09 -60.19 -60.28 -60.38 -60.50 -60.62 -60.78 -60.94 -61.09 -61.25 -61.41 -61.50 -61.59 -61.66
-54.94 -55.00 -55.03 -55.03 -55.06 -55.09 -55.09 -55.09 -55.06 -55.03 -55.00 -54.94 -54.91 -54.84 -54.78 -54.72 -54.69 -54.69 -54.72 -54.78 -54.88 -54.97 -55.09 -55.19 -55.31 -55.47 -55.62 -55.78 -55.94 -56.09 -56.25 -56.34 -56.47 -56.56 -56.66 -56.75 -56.81 -56.81 -56.81 -56.78 -56.75 -56.75 -56.81 -56.94 -57.06 -57.22 -57.41 -57.62 -57.84 -58.12 -58.41 -58.72 -59.03 -59.31 -59.56 -59.78 -59.94 -60.03 -60.09 -60.19 -60.31 -60.47 -60.62 -60.78 -60.97 -61.12 -61.31 -61.44 -61.56 -61.69 -61.78
-54.97 -55.00 -55.03 -55.06 -55.09 -55.12 -55.12 -55.12 -55.09 -55.09 -55.06 -55.03 -54.97 -54.94 -54.88 -54.84 -54.81 -54.78 -54.81 -54.88 -54.97 -55.09 -55.22 -55.34 -55.47 -55.62 -55.78 -55.94 -56.12 -56.28 -56.44 -56.56 -56.66 -56.75 -56.81 -56.91 -56.97 -56.97 -56.97 -56.94 -56.91 -56.88 -56.94 -57.00 -57.09 -57.19 -57.34 -57.56 -57.81 -58.09 -58.38 -58.69 -59.00 -59.28 -59.53 -59.72 -59.84 -59.94 -60.00 -60.12 -60.28 -60.44 -60.62 -60.81 -61.00 -61.19 -61.38 -61.50 -61.66 -61.78 -61.88
-54.97 -55.03 -55.06 -55.12 -55.16 -55.19 -55.19 -55.19 -55.16 -55.16 -55.12 -55.09 -55.09 -55.03 -55.00 -54.97 -54.94 -54.91 -54.91 -54.97 -55.09 -55.22 -55.38 -55.53 -55.69 -55.81 -55.97 -56.12 -56.31 -56.50 -56.66 -56.75 -56.84 -56.94 -57.00 -57.09 -57.12 -57.16 -57.12 -57.09 -57.06 -57.03 -57.06 -57.12 -57.19 -57.25 -57.31 -57.47 -57.72 -58.03 -58.34 -58.66 -58.97 -59.25 -59.47 -59.66 -59.75 -59.84 -59.91 -60.06 -60.25 -60.44 -60.66 -60.88 -61.06 -61.25 -61.44 -61.59 -61.75 -61.88 -62.00
-55.03 -55.06 -55.09 -55.16 -55.19 -55.22 -55.25 -55.25 -55.22 -55.22 -55.22 -55.19 -55.19 -55.16 -55.09 -55.06 -55.03 -55.03 -55.03 -55.09 -55.19 -55.38 -55.56 -55.72 -55.88 -56.03 -56.19 -56.34 -56.53 -56.69 -56.84 -56.97 -57.06 -57.12 -57.22 -57.28 -57.31 -57.34 -57.31 -57.28 -57.25 -57.22 -57.25 -57.28 -57.34 -57.34 -57.38 -57.38 -57.56 -57.91 -58.28 -58.62 -58.94 -59.25 -59.50 -59.69 -59.78 -59.78 -59.81 -59.97 -60.22 -60.47 -60.69 -60.91 -61.12 -61.34 -61.53 -61.72 -61.88 -62.03 -62.16
-55.06 -55.09 -55.16 -55.19 -55.22 -55.28 -55.31 -55.31 -55.31 -55.28 -55.28 -55.28 -55.25 -55.25 -55.22 -55.19 -55.16 -55.12 -55.16 -55.19 -55.31 -55.50 -55.69 -55.91 -56.09 -56.28 -56.44 -56.59 -56.75 -56.91 -57.06 -57.19 -57.28 -57.34 -57.41 -57.47 -57.50 -57.53 -57.53 -57.50 -57.44 -57.44 -57.44 -57.47 -57.50 -57.53 -57.50 -57.47 -57.44 -57.72 -58.19 -58.62 -59.00 -59.31 -59.59 -59.78 -59.91 -59.91 -59.88 -59.94 -60.22 -60.50 -60.75 -60.97 -61.22 -61.44 -61.66 -61.88 -62.03 -62.19 -62.34
-55.09 -55.16 -55.19 -55.25 -55.28 -55.31 -55.34 -55.38 -55.34 -55.34 -55.34 -55.34 -55.34 -55.34 -55.31 -55.28 -55.28 -55.28 -55.28 -55.34 -55.44 -55.62 -55.84 -56.06 -56.28 -56.50 -56.66 -56.81 -56.97 -57.12 -57.25 -57.38 -57.47 -57.53 -57.59 -57.66 -57.69 -57.72 -57.72 -57.69 -57.66 -57.62 -57.62 -57.66 -57.69 -57.69 -57.69 -57.66 -57.59 -57.72 -58.16 -58.69 -59.09 -59.41 -59.72 -59.97 -60.09 -60.12 -60.12 -60.09 -60.25 -60.56 -60.84 -61.09 -61.31 -61.56 -61.78 -62.00 -62.19 -62.38 -62.50
-55.16 -55.22 -55.25 -55.28 -55.31 -55.34 -55.41 -55.41 -55.41 -55.41 -55.41 -55.41 -55.41 -55.41 -55.41 -55.41 -55.41 -55.41 -55.44 -55.47 -55.59 -55.78 -56.00 -56.22 -56.47 -56.69 -56.88 -57.06 -57.22 -57.34 -57.47 -57.56 -57.66 -57.72 -57.78 -57.81 -57.84 -57.88 -57.88 -57.88 -57.84 -57.84 -57.84 -57.88 -57.88 -57.91 -57.88 -57.88 -57.88 -57.91 -58.25 -58.78 -59.22 -59.53 -59.88 -60.16 -60.31 -60.38 -60.38 -60.38 -60.50 -60.72 -60.97 -61.22 -61.44 -61.69 -61.94 -62.16 -62.34 -62.53 -62.69
-55.22 -55.28 -55.31 -55.34 -55.34 -55.41 -55.44 -55.44 -55.47 -55.47 -55.47 -55.47 -55.50 -55.50 -55.50 -55.53 -55.53 -55.53 -55.56 -55.62 -55.72 -55.91 -56.12 -56.38 -56.62 -56.88 -57.09 -57.25 -57.41 -57.53 -57.66 -57.72 -57.81 -57.88 -57.94 -57.97 -58.00 -58.00 -58.03 -58.03 -58.03 -58.03 -58.03 -58.06 -58.09 -58.09 -58.09 -58.09 -58.12 -58.19 -58.41 -58.88 -59.31 -59.66 -60.00 -60.31 -60.50 -60.59 -60.66 -60.69 -60.78 -60.97 -61.19 -61.38 -61.59 -61.81 -62.03 -62.25 -62.47 -62.66 -62.81
-55.28 -55.31 -55.34 -55.38 -55.41 -55.44 -55.44 -55.47 -55.50 -55.50 -55.50 -55.53 -55.56 -55.56 -55.59 -55.62 -55.62 -55.66 -55.72 -55.78 -55.88 -56.03 -56.25 -56.50 -56.75 -57.00 -57.25 -57.44 -57.59 -57.72 -57.81 -57.88 -57.94 -58.03 -58.06 -58.09 -58.12 -58.12 -58.12 -58.16 -58.16 -58.19 -58.22 -58.25 -58.28 -58.28 -58.31 -58.31 -58.34 -58.41 -58.59 -58.97 -59.38 -59.75 -60.12 -60.47 -60.72 -60.84 -60.91 -60.97 -61.06 -61.25 -61.41 -61.56 -61.75 -61.94 -62.16 -62.34 -62.56 -62.75 -62.91
