everonasctiles/Tile[28,25].asc
ncols 128
nrows 128
xllcorner 0
yllcorner 0
cellsize 2.0
NODATA_value  -9999
[rows 34 to 67 of 128, columns 0 to 77 of 128]
82.62 82.28 82.06 81.81 81.56 81.31 81.06 81.06 80.91 80.72 80.31 79.69 78.97 78.16 77.28 76.44 75.53 74.78 74.19 73.47 72.75 72.06 71.41 70.62 69.81 69.00 68.19 67.47 66.81 66.06 65.41 64.66 64.19 63.56 63.00 62.44 61.84 61.22 60.53 59.81 59.19 58.31 57.62 56.50 56.00 55.28 54.72 53.88 53.06 52.19 51.59 50.88 50.28 49.62 48.94 48.22 47.34 46.56 45.94 45.16 44.34 43.41 42.66 42.00 41.12 40.41 39.81 39.28 38.34 37.44 36.53 35.88 35.19 34.50 33.81 33.16 32.44 31.59
82.31 81.94 81.66 81.38 81.09 80.81 80.56 80.25 80.22 79.81 79.72 79.19 78.44 77.59 76.69 75.47 74.59 74.12 73.47 72.84 72.16 71.44 70.81 70.12 69.38 68.62 67.81 67.12 66.31 65.59 65.00 64.31 63.81 63.25 62.59 62.03 61.44 60.75 60.09 59.38 58.62 57.81 57.06 56.25 55.25 54.69 54.09 53.31 52.44 51.75 51.00 50.31 49.66 49.03 48.38 47.75 47.06 46.41 45.78 45.12 44.25 43.53 42.94 42.22 41.47 40.75 40.28 39.56 38.50 37.44 36.72 35.94 35.38 34.56 33.88 33.22 32.47 31.69
81.94 81.59 81.12 80.91 80.59 80.16 79.97 79.72 79.44 79.28 79.00 78.56 77.78 76.44 76.03 75.16 74.34 73.50 72.78 72.19 71.59 70.84 70.03 69.56 68.94 68.25 67.47 66.66 66.00 65.38 64.75 64.00 63.53 62.94 62.31 61.56 61.03 60.28 59.59 59.00 58.19 57.19 56.41 55.69 54.94 54.16 53.47 52.78 52.03 51.28 50.47 49.91 49.16 48.53 47.97 47.38 46.88 46.34 45.78 45.03 44.53 43.81 43.19 42.47 41.69 40.75 40.53 40.06 39.44 38.78 37.97 36.69 35.72 34.75 33.97 33.25 32.53 31.75
81.53 81.19 80.84 80.47 80.09 79.72 79.41 79.09 78.56 78.53 78.19 77.78 77.03 76.25 75.44 74.47 73.81 73.12 72.31 71.59 71.00 70.44 69.78 69.00 68.44 67.81 67.06 66.22 65.56 65.03 64.41 63.84 63.25 62.75 62.16 61.44 60.44 59.84 59.12 58.50 57.84 56.97 56.09 55.25 54.28 53.69 52.94 52.22 51.53 50.81 50.06 49.44 48.84 48.16 47.56 46.97 46.53 46.12 45.69 45.09 44.50 43.91 43.31 42.59 41.72 41.31 41.00 40.59 40.00 39.31 38.34 37.25 36.00 34.91 34.09 33.31 32.56 31.75
81.12 80.78 80.41 80.00 79.59 79.22 78.69 78.50 78.12 77.72 77.41 76.91 75.97 75.41 74.69 73.66 73.31 72.62 71.88 71.12 70.50 69.97 69.31 68.62 68.00 67.38 66.69 65.97 65.31 64.62 64.12 63.59 63.12 62.66 62.09 61.34 60.50 59.62 58.50 57.97 57.16 56.44 55.56 54.75 53.91 53.09 52.28 51.56 50.94 50.31 49.66 49.06 48.38 47.75 47.22 46.66 46.03 45.72 45.31 44.84 44.31 43.88 43.31 42.66 41.94 41.59 41.19 40.78 40.19 39.41 38.22 37.25 36.34 35.25 34.28 33.41 32.59 31.75
80.78 80.22 79.91 79.53 79.06 78.66 78.28 77.88 77.53 77.09 76.62 76.06 75.09 74.72 73.91 73.25 72.66 72.09 71.38 70.69 70.06 69.41 68.81 68.12 67.50 66.84 66.25 65.56 64.91 64.38 63.91 63.44 62.94 62.53 61.78 61.19 60.38 59.47 58.47 57.31 56.38 55.69 54.91 54.03 53.25 52.47 51.41 51.06 50.44 49.78 49.19 48.62 48.03 47.44 46.78 46.22 45.66 45.12 44.78 44.19 43.88 43.62 42.97 42.59 42.06 41.59 41.16 40.66 40.12 39.31 38.19 37.22 36.50 35.44 34.44 33.50 32.62 31.75
80.47 80.00 79.53 78.91 78.62 78.19 77.72 77.31 76.84 76.38 75.88 75.25 74.62 73.88 73.28 72.59 71.94 71.44 70.84 70.19 69.56 68.88 68.28 67.66 67.03 66.44 65.72 65.09 64.44 63.97 63.44 63.16 62.72 62.25 61.66 60.84 60.16 59.22 58.19 57.03 55.91 55.03 54.06 53.25 52.53 51.78 51.09 50.44 49.94 49.28 48.69 48.25 47.69 47.09 46.47 45.78 45.22 44.69 44.12 43.69 43.28 43.06 42.66 42.09 41.78 41.19 40.78 40.28 39.75 39.22 38.38 37.44 36.66 35.62 34.56 33.56 32.62 31.72
80.09 79.66 79.19 78.69 78.19 77.69 77.25 76.72 76.22 75.69 75.16 74.59 73.84 73.22 72.66 71.97 71.44 70.88 70.25 69.62 69.03 68.44 67.69 67.16 66.56 65.88 65.31 64.66 64.03 63.50 62.91 62.78 62.28 61.81 61.19 60.53 59.69 58.62 57.75 56.59 55.31 54.31 53.53 52.50 51.78 51.22 50.56 49.94 49.38 48.88 48.22 47.78 47.28 46.72 46.12 45.50 44.59 44.16 43.75 43.25 42.84 42.41 42.06 41.62 41.25 40.75 40.25 39.78 39.31 38.91 38.28 37.53 36.69 35.75 34.69 33.62 32.59 31.66
79.62 79.22 78.75 78.22 77.75 77.25 76.66 76.19 75.62 75.06 74.50 73.91 73.28 72.56 72.00 71.50 70.91 70.31 69.75 69.16 68.59 67.81 67.31 66.62 66.00 65.44 64.75 64.09 63.56 62.97 62.62 62.31 61.81 61.09 60.53 59.94 59.12 58.25 56.72 55.84 54.94 53.91 53.06 52.25 51.47 50.59 50.06 49.59 49.03 48.41 47.88 47.22 46.81 46.25 45.78 45.12 44.38 43.53 43.25 42.75 42.16 41.81 41.28 41.06 40.53 40.09 39.41 39.16 38.84 38.31 37.94 37.28 36.62 35.72 34.69 33.56 32.53 31.56
79.06 78.69 78.25 77.75 77.19 76.75 76.16 75.62 75.03 74.34 73.88 73.09 72.66 72.06 71.44 70.97 70.38 69.78 69.25 68.66 68.06 67.47 66.84 66.25 65.56 64.97 64.31 63.69 63.06 62.44 62.06 61.41 61.22 60.56 59.62 59.09 58.44 57.28 56.44 55.22 54.47 53.34 52.66 51.75 51.09 50.38 49.69 49.09 48.62 48.09 47.50 46.97 46.31 45.84 45.31 44.72 44.03 43.28 42.69 42.31 41.78 41.22 40.66 40.34 39.62 39.31 38.50 38.50 38.19 37.75 37.56 37.06 36.41 35.38 34.31 33.28 32.31 31.38
78.62 78.09 77.66 77.12 76.66 76.19 75.66 75.00 74.47 73.69 73.31 72.75 72.16 71.44 70.97 70.41 69.81 69.28 68.72 68.19 67.59 66.97 66.41 65.81 65.19 64.47 63.84 63.19 62.56 61.94 61.41 60.88 60.25 59.84 59.03 57.94 57.38 56.66 55.69 54.84 53.78 52.94 52.22 51.47 50.53 50.03 49.31 48.72 48.25 47.75 47.19 46.62 46.03 45.34 44.81 44.19 43.56 42.94 42.28 41.66 41.34 40.84 40.16 39.81 39.28 38.56 38.00 37.75 37.56 37.00 36.84 36.34 35.44 34.66 33.62 32.84 32.00 31.12
78.16 77.44 76.94 76.44 75.94 75.53 75.09 74.53 73.88 73.34 72.72 72.25 71.69 71.09 70.47 69.91 69.34 68.72 68.22 67.69 67.19 66.59 66.00 65.31 64.75 64.03 63.34 62.72 62.12 61.47 60.84 60.19 59.47 59.06 58.34 57.41 56.50 55.81 55.19 54.28 53.25 52.53 51.62 51.00 50.38 49.66 49.09 48.47 47.94 47.44 46.88 46.25 45.62 45.03 44.44 43.78 43.00 42.53 42.00 41.41 40.78 40.34 39.91 39.16 38.81 38.31 37.81 37.28 37.00 36.66 36.06 35.50 34.78 34.00 33.22 32.44 31.66 30.84
77.66 76.78 76.19 75.59 75.09 74.72 74.31 73.88 73.41 72.81 72.25 71.69 71.12 70.53 69.97 69.38 68.78 68.25 67.72 67.16 66.72 66.19 65.62 65.03 64.34 63.59 63.00 62.22 61.69 61.03 60.16 59.34 58.94 58.34 57.59 56.91 56.09 55.28 54.56 53.75 52.72 52.06 51.38 50.75 50.06 49.50 48.91 48.25 47.72 47.16 46.53 46.00 45.31 44.62 44.09 43.50 42.81 42.22 41.62 41.00 40.53 40.00 39.44 38.84 38.31 37.91 37.47 37.00 36.56 36.03 35.56 35.12 34.41 33.59 32.91 32.16 31.38 30.59
77.25 76.28 75.41 74.75 74.12 73.78 73.44 73.03 72.62 72.19 71.59 71.09 70.56 70.00 69.38 68.81 68.22 67.75 67.22 66.69 66.06 65.69 65.12 64.59 63.97 63.28 62.53 61.88 61.16 60.53 59.88 59.12 58.31 57.72 57.03 56.28 55.66 54.84 53.97 53.28 52.50 51.84 51.16 50.53 49.91 49.28 48.69 48.12 47.50 46.94 46.31 45.69 45.06 44.41 43.75 43.19 42.62 42.03 41.34 40.84 40.22 39.75 39.16 38.59 38.00 37.53 37.12 36.69 36.25 35.75 35.06 34.56 34.12 33.38 32.66 31.91 31.12 30.34
76.91 75.88 74.88 73.94 73.31 72.78 72.44 72.06 71.69 71.25 70.84 70.31 69.75 69.34 68.88 68.31 67.75 67.12 66.69 66.19 65.69 65.22 64.72 64.12 63.47 62.69 62.06 61.41 60.69 60.06 59.41 58.72 58.00 57.25 56.56 55.94 55.19 54.47 53.66 52.81 52.25 51.62 50.94 50.38 49.78 49.19 48.50 48.00 47.34 46.81 46.19 45.56 44.84 44.28 43.62 43.09 42.44 41.88 41.28 40.69 40.00 39.53 39.00 38.41 37.81 37.22 36.72 36.28 35.91 35.44 34.84 34.22 33.78 33.19 32.41 31.62 30.84 30.09
76.84 75.69 74.56 73.50 72.59 71.97 71.38 71.03 70.62 70.19 69.78 69.25 68.75 68.62 68.19 67.75 67.22 66.69 66.16 65.66 65.19 64.69 64.22 63.62 62.88 62.19 61.59 60.94 60.25 59.50 58.69 58.28 57.62 56.91 56.25 55.44 54.88 54.03 53.34 52.53 51.88 51.31 50.72 50.19 49.62 49.03 48.44 47.84 47.25 46.66 46.00 45.38 44.81 44.16 43.56 43.00 42.41 41.78 41.16 40.53 39.94 39.28 38.81 38.22 37.59 36.94 36.38 35.97 35.41 35.00 34.50 33.94 33.41 32.78 32.06 31.34 30.56 29.81
77.00 75.66 74.47 73.25 72.22 71.38 70.69 70.03 69.56 69.06 68.62 68.06 68.00 67.59 67.50 67.06 66.66 66.19 65.66 65.06 64.59 64.00 63.62 63.09 62.41 61.69 61.03 60.47 59.81 59.16 58.50 57.78 57.19 56.44 55.72 55.06 54.44 53.78 53.00 52.28 51.59 51.03 50.44 49.88 49.34 48.78 48.16 47.56 47.09 46.50 45.94 45.34 44.69 44.09 43.44 42.91 42.31 41.72 41.09 40.47 39.81 39.12 38.53 38.03 37.41 36.81 36.22 35.56 35.09 34.53 34.12 33.50 32.91 32.38 31.62 30.97 30.25 29.53
77.09 75.72 74.53 73.12 72.00 71.00 70.22 69.38 68.66 68.06 67.59 67.22 66.88 66.84 66.62 66.41 66.03 65.62 65.12 64.59 64.00 63.50 62.97 62.47 61.84 61.16 60.66 59.88 59.31 58.75 58.06 57.44 56.69 55.94 55.19 54.56 53.97 53.25 52.69 51.94 51.31 50.75 50.25 49.66 49.12 48.59 48.00 47.50 46.91 46.44 45.91 45.28 44.62 43.91 43.38 42.69 42.09 41.50 40.91 40.31 39.66 38.97 38.34 37.75 37.19 36.56 35.94 35.34 34.75 34.19 33.72 33.16 32.62 31.97 31.28 30.56 29.94 29.25
77.59 75.84 74.56 73.09 71.66 70.62 69.78 69.03 68.16 67.38 66.78 66.34 66.09 65.84 65.81 65.66 65.38 64.91 64.50 64.00 63.50 62.97 62.44 61.84 61.28 60.69 60.09 59.44 58.66 58.19 57.66 57.06 56.34 55.62 55.00 54.31 53.56 53.06 52.41 51.72 51.22 50.66 50.06 49.56 49.06 48.44 48.03 47.50 47.00 46.44 45.88 45.25 44.47 43.84 43.25 42.53 41.81 41.25 40.66 40.03 39.44 38.66 38.09 37.53 36.94 36.38 35.75 35.12 34.47 33.94 33.31 32.62 32.16 31.59 30.72 30.19 29.59 28.94
78.03 76.53 74.69 72.56 71.41 70.25 69.38 68.59 67.84 67.12 66.41 65.75 65.31 65.06 64.94 64.88 64.59 64.34 63.94 63.22 62.94 62.41 61.72 61.31 60.75 60.19 59.59 58.91 58.19 57.62 57.12 56.59 55.97 55.31 54.56 53.97 53.34 52.75 52.16 51.59 51.03 50.50 49.97 49.41 48.94 48.44 47.81 47.47 46.97 46.44 45.84 45.16 44.44 43.81 43.16 42.44 41.69 41.12 40.44 39.84 39.22 38.66 37.97 37.38 36.81 36.12 35.50 34.94 34.31 33.62 32.91 32.28 31.59 31.09 30.41 29.81 29.28 28.69
79.28 77.09 74.88 72.84 71.06 69.94 69.06 68.28 67.56 66.91 66.19 65.38 64.78 64.41 64.16 64.16 63.97 63.66 63.31 62.84 62.09 61.75 61.22 60.78 60.25 59.62 59.06 58.47 57.62 57.00 56.62 56.12 55.47 54.88 54.25 53.50 53.00 52.41 51.94 51.41 50.78 50.31 49.81 49.22 48.78 48.31 47.81 47.31 46.88 46.25 45.59 44.88 44.38 43.53 42.91 42.28 41.66 41.03 40.34 39.75 39.19 38.56 37.97 37.34 36.75 35.97 35.41 34.75 34.19 33.53 32.81 32.09 31.44 30.75 30.16 29.53 29.00 28.47
80.16 77.16 74.44 72.59 70.69 69.53 68.69 67.94 67.25 66.62 65.94 65.19 64.47 64.03 63.72 63.59 63.38 63.09 62.59 62.25 61.66 61.12 60.69 60.03 59.66 58.97 58.56 58.00 57.41 56.81 56.12 55.66 55.12 54.47 53.91 53.28 52.69 52.19 51.69 51.19 50.66 50.09 49.62 49.16 48.69 48.16 47.69 47.22 46.75 46.25 45.66 44.97 44.28 43.62 42.81 42.16 41.53 40.94 40.22 39.62 39.09 38.53 37.94 37.31 36.69 36.00 35.34 34.72 34.09 33.38 32.62 31.97 31.25 30.59 29.97 29.41 28.78 28.25
79.66 76.22 73.47 71.62 70.06 69.03 68.28 67.56 66.94 66.34 65.72 65.06 64.34 63.75 63.47 63.19 62.94 62.53 62.16 61.56 61.16 60.59 60.12 59.66 59.12 58.69 57.91 57.53 57.00 56.47 55.94 55.38 54.78 54.12 53.53 53.03 52.47 51.94 51.47 50.97 50.47 49.94 49.38 48.94 48.44 47.91 47.41 47.03 46.62 46.03 45.56 44.97 44.25 43.53 42.69 42.12 41.50 40.84 40.22 39.59 39.09 38.50 37.88 37.09 36.56 35.91 35.28 34.66 33.97 33.28 32.59 31.84 31.25 30.56 29.97 29.28 28.72 28.06
77.44 74.94 72.66 70.88 69.38 68.50 67.81 67.19 66.59 66.06 65.50 64.97 64.25 63.69 63.22 62.88 62.44 62.09 61.62 61.06 60.59 60.09 59.66 59.16 58.69 58.12 57.69 57.16 56.72 56.22 55.66 55.12 54.59 54.00 53.38 52.81 52.19 51.72 51.22 50.75 50.19 49.75 49.16 48.72 48.12 47.59 47.12 46.72 46.44 45.91 45.47 44.81 44.31 43.66 42.75 42.19 41.53 40.97 40.38 39.78 39.16 38.44 37.84 37.06 36.41 35.75 35.12 34.47 33.81 33.09 32.50 31.84 31.12 30.53 29.88 29.22 28.56 27.94
75.69 73.72 71.84 70.19 68.81 68.03 67.38 66.78 66.22 65.72 65.25 64.78 64.16 63.59 63.06 62.59 62.09 61.59 61.00 60.53 60.00 59.47 59.09 58.69 58.22 57.78 57.31 56.88 56.38 55.91 55.44 54.88 54.31 53.78 53.19 52.62 52.06 51.53 51.00 50.53 50.03 49.50 49.00 48.44 47.94 47.34 46.97 46.59 46.22 45.88 45.44 44.94 44.31 43.66 43.00 42.31 41.69 41.06 40.31 39.81 39.19 38.56 37.88 37.19 36.47 35.66 35.00 34.22 33.66 32.97 32.31 31.66 30.97 30.31 29.72 29.03 28.56 27.97
74.22 72.56 70.94 69.41 68.34 67.62 66.97 66.38 65.84 65.34 64.88 64.44 63.91 63.31 62.72 62.19 61.50 61.09 60.53 59.84 59.50 59.06 58.59 58.16 57.72 57.34 56.94 56.50 56.03 55.56 55.12 54.62 54.09 53.53 52.97 52.44 51.81 51.31 50.75 50.28 49.75 49.28 48.72 48.25 47.72 47.22 46.75 46.25 46.09 45.69 45.12 44.75 44.25 43.66 43.00 42.31 41.72 41.09 40.38 39.84 39.25 38.41 37.84 37.12 36.47 35.72 34.91 34.22 33.47 32.78 32.19 31.41 30.81 30.22 29.62 29.06 28.53 27.97
72.81 71.41 70.06 68.84 67.94 67.22 66.56 65.97 65.44 64.91 64.41 63.97 63.50 62.94 62.38 61.62 61.22 60.66 59.94 59.59 59.09 58.62 58.19 57.72 57.34 56.97 56.56 56.16 55.66 55.22 54.72 54.31 53.78 53.19 52.69 52.16 51.62 51.06 50.53 50.06 49.56 49.00 48.53 47.94 47.47 46.88 46.47 45.88 45.69 45.34 44.94 44.38 44.03 43.53 42.94 42.41 41.72 41.03 40.56 39.84 39.44 38.66 38.00 37.22 36.41 35.62 34.81 34.12 33.41 32.72 31.94 31.19 30.72 30.16 29.62 29.12 28.56 27.97
71.53 70.31 69.19 68.28 67.50 66.78 66.16 65.56 65.00 64.44 63.97 63.53 63.06 62.56 61.94 61.44 60.88 60.22 59.75 59.12 58.75 58.25 57.84 57.41 56.91 56.59 56.19 55.78 55.31 54.88 54.34 53.91 53.47 52.88 52.34 51.78 51.38 50.88 50.34 49.84 49.31 48.81 48.31 47.81 47.22 46.72 46.16 45.72 45.12 44.91 44.53 44.12 43.59 43.25 42.75 42.28 41.47 41.06 40.62 40.19 39.59 38.97 38.03 37.16 36.34 35.47 34.72 33.97 33.34 32.62 31.84 31.25 30.75 30.25 29.72 29.19 28.66 28.06
70.56 69.12 68.38 67.75 67.03 66.38 65.75 65.16 64.53 63.97 63.50 63.06 62.53 62.12 61.62 61.06 60.53 59.97 59.28 58.84 58.38 57.91 57.47 57.06 56.62 56.19 55.81 55.44 54.97 54.53 54.12 53.69 53.06 52.66 52.09 51.50 51.12 50.66 50.12 49.66 49.12 48.62 48.12 47.62 47.09 46.47 46.00 45.47 44.94 44.50 44.09 43.78 43.38 42.84 42.47 41.97 41.44 40.81 40.56 40.12 39.62 39.00 38.09 36.91 36.22 35.31 34.66 33.97 33.34 32.66 32.00 31.44 30.91 30.38 29.81 29.25 28.62 28.06
69.62 68.72 67.91 67.25 66.56 65.94 65.34 64.72 64.09 63.53 63.06 62.66 62.16 61.72 61.19 60.69 60.16 59.66 59.09 58.59 58.00 57.59 57.09 56.69 56.31 55.88 55.47 55.12 54.75 54.31 53.88 53.44 52.97 52.44 51.84 51.41 50.94 50.41 50.03 49.56 49.03 48.47 47.91 47.44 46.88 46.34 45.81 45.22 44.62 44.22 43.78 43.41 43.09 42.59 42.03 41.50 41.16 40.75 40.34 40.00 39.53 38.88 37.91 37.00 36.00 35.22 34.72 34.06 33.38 32.72 32.03 31.47 30.97 30.41 29.81 29.31 28.78 28.28
68.75 68.19 67.44 66.78 66.12 65.50 64.91 64.25 63.69 63.06 62.69 62.19 61.78 61.28 60.81 60.31 59.81 59.28 58.78 58.31 57.81 57.28 56.78 56.38 55.94 55.56 55.16 54.75 54.44 54.03 53.62 53.22 52.66 52.22 51.78 51.25 50.81 50.34 49.84 49.44 48.94 48.41 47.88 47.31 46.72 46.16 45.56 44.88 44.31 43.81 43.53 43.12 42.56 42.19 41.50 40.97 40.84 40.56 40.22 39.81 39.28 38.59 37.84 36.81 36.12 35.38 34.78 34.06 33.38 32.75 32.03 31.53 31.03 30.44 29.91 29.44 29.00 28.44
68.00 67.53 66.88 66.22 65.62 65.03 64.41 63.81 63.25 62.72 62.25 61.78 61.34 60.91 60.41 59.88 59.44 58.97 58.47 58.03 57.56 57.06 56.53 56.03 55.66 55.25 54.81 54.47 54.09 53.78 53.38 52.97 52.53 52.09 51.62 51.12 50.69 50.25 49.78 49.31 48.88 48.38 47.78 47.16 46.53 46.00 45.41 44.81 44.25 43.69 43.19 42.75 42.31 41.78 41.28 40.75 40.56 40.34 40.00 39.59 39.09 38.47 37.62 36.91 35.75 35.34 34.50 33.97 33.34 32.62 32.09 31.56 31.03 30.50 30.00 29.53 29.09 28.78
67.22 66.72 66.19 65.62 65.09 64.53 63.91 63.34 62.78 62.28 61.84 61.41 60.94 60.50 60.03 59.56 59.09 58.62 58.19 57.66 57.22 56.81 56.31 55.78 55.38 54.97 54.47 54.19 53.84 53.50 53.16 52.72 52.34 51.88 51.47 51.03 50.56 50.19 49.66 49.22 48.84 48.31 47.75 47.16 46.41 45.88 45.25 44.72 44.12 43.56 42.94 42.34 42.03 41.59 41.00 40.47 40.25 40.09 39.75 39.22 38.84 38.28 37.62 36.75 35.81 35.06 34.44 33.75 33.25 32.69 32.06 31.53 30.97 30.47 30.12 29.69 29.31 29.09
66.47 66.06 65.59 65.06 64.53 63.97 63.34 62.78 62.28 61.84 61.41 60.97 60.53 60.03 59.59 59.19 58.72 58.28 57.84 57.38 56.94 56.44 56.06 55.59 55.12 54.72 54.34 53.91 53.62 53.28 52.94 52.59 52.22 51.81 51.50 51.06 50.59 50.16 49.75 49.28 48.84 48.31 47.75 46.97 46.44 45.75 45.22 44.66 44.00 43.47 42.84 42.22 41.81 41.31 40.84 40.34 39.88 39.72 39.44 39.00 38.59 37.94 37.38 36.59 35.47 34.88 34.22 33.66 33.19 32.53 32.03 31.50 31.00 30.56 30.16 29.88 29.59 29.28
