everonasctiles/Tile[39,16].asc
ncols 128
nrows 128
xllcorner 0
yllcorner 0
cellsize 2.0
NODATA_value  -9999
[rows 68 to 101 of 128, columns 0 to 76 of 128]
46.28 46.78 47.38 48.12 48.97 49.62 49.69 48.94 47.53 45.78 42.56 40.66 39.91 38.88 37.75 36.84 35.91 34.94 33.94 32.41 31.25 30.22 29.62 29.44 28.59 27.78 27.19 25.91 24.12 20.53 18.03 15.91 13.62 10.91 8.34 5.69 2.00 -0.59 -2.19 -3.53 -4.72 -5.28 -5.09 -4.44 -4.00 -3.62 -3.72 -4.16 -5.00 -6.16 -7.28 -8.34 -8.97 -9.22 -9.50 -9.44 -9.12 -8.72 -8.34 -8.09 -7.84 -7.62 -7.44 -7.19 -6.91 -6.62 -6.34 -6.12 -5.91 -5.69 -5.47 -4.94 -3.84 -2.62 -2.31 -2.28 -1.72
46.97 47.38 47.72 48.16 49.56 50.31 50.44 49.72 48.69 46.06 43.72 41.41 40.44 39.34 38.41 37.41 36.41 35.59 34.59 33.09 32.28 31.69 30.97 30.38 29.72 29.00 28.06 27.28 25.53 23.31 20.38 18.09 15.62 12.75 9.75 7.06 2.88 0.84 -0.84 -2.41 -4.25 -5.25 -5.38 -4.84 -4.38 -4.12 -4.16 -4.66 -5.50 -6.53 -7.59 -8.41 -8.84 -8.94 -9.22 -9.25 -8.97 -8.56 -8.09 -7.75 -7.50 -7.19 -6.91 -6.62 -6.31 -6.00 -5.72 -5.44 -5.22 -5.00 -4.75 -4.09 -2.78 -1.31 -0.81 -0.66 -0.09
48.09 48.16 48.34 49.03 50.03 50.88 51.03 50.41 49.22 46.97 44.88 42.38 40.50 39.75 39.19 38.00 36.47 35.66 35.06 33.75 33.31 32.50 31.75 31.06 30.47 29.84 28.78 27.97 26.69 24.50 22.09 19.59 17.06 13.69 10.81 8.47 5.44 3.22 1.16 -1.28 -3.44 -5.06 -5.69 -5.53 -5.19 -5.06 -5.25 -5.75 -6.47 -7.25 -8.03 -8.59 -8.69 -8.72 -8.88 -9.00 -8.81 -8.38 -7.84 -7.47 -7.12 -6.75 -6.41 -6.06 -5.72 -5.38 -5.06 -4.78 -4.47 -4.16 -3.75 -3.00 -1.88 -1.03 -0.81 -0.31 -0.12
49.12 49.06 49.22 49.75 51.03 51.38 51.50 51.19 49.88 48.41 46.50 43.81 40.91 40.31 39.38 38.00 36.22 35.66 35.34 34.81 33.88 33.09 32.38 31.66 30.91 30.31 29.69 28.72 27.34 25.50 23.34 20.78 18.09 15.38 12.06 10.25 7.69 5.25 2.72 0.09 -2.50 -4.62 -5.94 -6.28 -6.16 -6.19 -6.47 -6.94 -7.47 -8.00 -8.53 -8.69 -8.47 -8.41 -8.53 -8.69 -8.62 -8.16 -7.66 -7.22 -6.75 -6.31 -5.91 -5.50 -5.12 -4.75 -4.44 -4.06 -3.59 -3.12 -2.56 -1.91 -1.16 -0.81 -0.53 -0.16 0.00
49.94 49.91 50.03 50.38 51.53 51.78 51.88 51.62 50.75 49.25 47.12 44.97 42.22 40.84 39.84 38.41 37.09 36.72 36.12 35.28 34.44 33.59 32.84 32.12 31.41 30.81 30.22 29.31 28.06 26.38 24.41 21.81 18.91 16.34 13.09 11.56 9.22 6.72 4.06 1.19 -1.72 -4.06 -5.75 -6.69 -6.97 -7.19 -7.50 -7.91 -8.28 -8.59 -8.59 -8.44 -8.22 -8.12 -8.19 -8.34 -8.34 -8.03 -7.47 -6.97 -6.47 -5.97 -5.47 -5.00 -4.59 -4.22 -3.88 -3.38 -2.75 -2.12 -1.50 -0.97 -0.53 -0.28 0.06 0.56 0.84
50.56 50.84 50.84 51.03 51.72 52.12 52.22 52.00 51.16 49.84 47.44 45.84 44.19 42.72 40.41 39.19 38.78 37.97 36.81 35.78 34.91 33.94 33.22 32.56 32.00 31.34 30.62 29.78 28.69 26.97 25.16 22.31 19.28 16.41 14.31 12.66 10.38 7.84 5.09 2.00 -1.34 -3.81 -5.44 -6.53 -7.16 -7.69 -8.16 -8.44 -8.62 -8.56 -8.31 -8.12 -7.84 -7.78 -7.88 -7.94 -8.00 -7.81 -7.31 -6.78 -6.28 -5.66 -5.09 -4.59 -4.16 -3.75 -3.38 -2.78 -2.09 -1.38 -0.78 -0.28 0.12 0.47 0.72 1.16 1.34
51.16 51.41 51.50 51.62 51.97 52.41 52.53 52.38 51.81 50.53 48.78 47.28 45.81 44.19 42.38 40.34 39.78 38.72 37.56 36.06 35.31 34.38 33.72 33.03 32.53 31.91 31.09 30.28 29.31 27.50 25.47 22.53 19.66 17.44 15.59 13.41 11.16 8.75 5.88 2.47 -1.06 -3.50 -5.03 -6.25 -7.03 -7.53 -7.91 -8.16 -8.28 -8.19 -7.91 -7.66 -7.50 -7.47 -7.47 -7.53 -7.56 -7.47 -7.19 -6.66 -6.09 -5.47 -4.88 -4.28 -3.78 -3.38 -3.00 -2.41 -1.69 -0.97 -0.38 0.12 0.53 0.84 1.16 1.44 1.78
51.66 51.84 51.94 52.06 52.28 52.69 52.84 52.62 52.38 51.44 49.56 47.91 46.38 44.97 43.38 41.91 40.62 39.50 38.47 36.56 36.03 35.03 34.34 33.59 33.12 32.38 31.59 30.75 29.75 27.84 25.81 23.81 20.84 18.44 16.09 13.88 11.66 9.38 6.50 3.44 -0.16 -2.69 -4.41 -5.75 -6.75 -7.34 -7.69 -7.88 -7.84 -7.78 -7.47 -7.06 -6.88 -6.84 -6.91 -7.03 -7.16 -7.06 -6.94 -6.53 -6.00 -5.41 -4.75 -4.09 -3.56 -3.09 -2.72 -2.19 -1.50 -0.81 -0.22 0.25 0.75 1.34 1.84 2.31 2.47
52.12 52.28 52.38 52.47 52.62 53.00 53.16 52.97 52.62 51.88 50.31 48.84 47.22 45.66 44.06 42.50 41.16 40.19 39.25 38.12 37.00 36.31 35.38 34.47 33.69 32.91 32.06 31.16 30.03 28.25 26.06 23.94 21.16 18.78 16.28 14.00 12.00 9.69 6.88 4.03 1.12 -1.38 -3.38 -5.03 -6.28 -7.09 -7.44 -7.59 -7.53 -7.38 -6.91 -6.34 -5.97 -5.84 -5.91 -6.12 -6.44 -6.72 -6.62 -6.41 -6.00 -5.41 -4.72 -4.06 -3.47 -2.97 -2.53 -2.06 -1.44 -0.72 -0.09 0.41 1.09 1.94 2.62 3.28 3.41
52.59 52.72 52.81 52.88 53.03 53.31 53.44 53.31 53.00 52.34 51.09 49.50 47.78 46.34 44.97 42.28 41.00 40.44 39.50 38.75 37.88 37.06 36.16 35.22 34.31 33.44 32.47 31.38 30.25 28.78 26.56 24.09 20.81 18.66 15.69 13.53 12.03 9.94 7.12 4.62 2.22 0.00 -2.06 -3.97 -5.59 -6.69 -7.25 -7.38 -7.25 -6.88 -6.31 -5.56 -5.06 -4.88 -4.97 -5.22 -5.59 -6.09 -6.38 -6.28 -6.06 -5.53 -4.84 -4.12 -3.50 -2.94 -2.41 -1.88 -1.22 -0.47 0.12 0.69 1.59 2.53 3.50 4.22 4.28
53.03 53.12 53.22 53.28 53.44 53.62 53.72 53.69 53.34 52.72 51.66 50.19 48.31 46.47 44.41 42.41 41.38 40.84 40.12 39.34 38.59 37.72 36.75 35.81 34.84 33.78 32.75 31.47 30.38 29.22 26.94 24.41 21.06 18.81 15.97 13.41 11.94 10.03 7.62 5.50 3.50 1.44 -0.62 -2.69 -4.62 -6.06 -6.91 -7.22 -7.06 -6.50 -5.84 -5.03 -4.31 -3.97 -4.03 -4.41 -4.91 -5.47 -5.91 -6.09 -6.03 -5.69 -5.03 -4.31 -3.62 -3.00 -2.38 -1.66 -0.84 -0.06 0.62 1.28 2.25 3.19 4.28 4.94 4.81
53.44 53.56 53.62 53.72 53.84 53.97 54.06 54.03 53.78 53.12 51.97 50.38 48.50 46.66 45.84 43.97 41.81 41.16 40.53 39.84 39.06 38.22 37.28 36.25 35.12 34.00 32.91 31.62 30.50 29.47 27.62 24.72 21.41 19.16 16.50 13.34 11.72 9.94 8.03 6.34 4.62 2.91 0.88 -1.22 -3.34 -5.25 -6.50 -7.06 -7.00 -6.38 -5.56 -4.56 -3.62 -3.12 -3.09 -3.50 -4.16 -4.84 -5.44 -5.78 -5.91 -5.78 -5.25 -4.56 -3.84 -3.16 -2.41 -1.50 -0.53 0.38 1.16 1.94 2.97 4.03 5.16 5.72 5.00
53.84 53.94 54.00 54.12 54.22 54.31 54.38 54.38 54.12 53.75 52.22 50.50 48.75 47.84 46.78 45.62 43.25 41.75 41.03 40.31 39.53 38.62 37.66 36.44 35.19 34.06 33.06 31.91 30.53 29.69 28.31 25.38 22.12 19.38 17.50 13.94 12.16 10.34 8.56 7.19 5.69 4.06 2.16 0.12 -2.06 -4.16 -5.91 -6.91 -7.09 -6.53 -5.50 -4.34 -3.22 -2.47 -2.25 -2.56 -3.25 -4.12 -4.88 -5.38 -5.59 -5.62 -5.22 -4.59 -3.94 -3.31 -2.47 -1.38 -0.25 0.81 1.72 2.84 4.19 5.12 5.59 5.62 5.38
54.22 54.34 54.41 54.47 54.56 54.62 54.72 54.72 54.56 54.31 53.34 51.22 49.12 48.47 47.94 46.84 44.88 43.38 41.94 40.97 40.00 39.00 37.97 36.44 35.12 33.97 32.94 32.03 30.84 29.91 28.81 26.66 22.84 20.16 18.34 15.75 12.75 10.94 9.28 8.00 6.66 5.09 3.31 1.34 -0.81 -3.00 -5.09 -6.56 -7.22 -6.97 -5.81 -4.47 -3.12 -2.09 -1.62 -1.78 -2.41 -3.31 -4.19 -4.75 -5.00 -5.00 -4.59 -4.00 -3.41 -2.78 -2.00 -0.97 0.22 1.38 2.31 3.66 5.28 5.56 5.84 5.25 5.25
54.62 54.75 54.84 54.88 54.91 54.97 55.03 55.06 54.94 54.72 53.97 51.97 49.72 49.34 48.94 47.78 46.59 45.06 43.19 41.62 40.59 39.41 38.00 35.97 34.84 33.88 32.91 32.16 31.03 30.16 29.09 27.19 24.75 22.31 19.81 17.78 15.12 12.19 10.31 9.00 7.69 6.12 4.38 2.44 0.38 -1.81 -3.97 -6.00 -7.16 -7.47 -6.41 -4.94 -3.34 -2.06 -1.31 -1.22 -1.72 -2.53 -3.34 -3.94 -4.09 -3.97 -3.56 -3.06 -2.56 -1.97 -1.28 -0.44 0.62 1.72 2.72 3.97 5.50 6.47 5.91 5.09 5.28
55.00 55.16 55.25 55.28 55.25 55.28 55.34 55.38 55.28 55.03 54.34 52.81 51.47 50.50 49.78 48.34 47.53 46.25 44.78 42.16 40.97 39.75 37.81 35.97 34.88 33.94 32.84 32.03 31.12 30.31 29.56 28.03 26.06 24.28 21.41 19.34 17.09 14.00 11.94 10.38 8.84 7.19 5.41 3.50 1.47 -0.66 -2.81 -5.03 -6.75 -7.62 -7.06 -5.66 -3.97 -2.47 -1.44 -1.06 -1.31 -1.88 -2.50 -2.97 -3.03 -2.88 -2.53 -2.12 -1.69 -1.22 -0.66 0.03 0.91 1.88 2.84 3.81 5.06 5.62 5.59 5.41 5.50
55.47 55.56 55.62 55.66 55.62 55.66 55.66 55.69 55.59 55.31 55.03 53.69 52.38 51.66 50.50 49.31 48.41 47.00 45.78 43.75 41.28 40.00 38.75 36.50 34.81 33.62 32.78 31.91 31.16 30.41 29.78 29.03 27.41 25.81 23.78 20.53 18.50 16.41 13.94 12.03 10.16 8.34 6.50 4.59 2.59 0.53 -1.62 -3.81 -5.94 -7.28 -7.44 -6.44 -4.78 -3.16 -1.91 -1.25 -1.16 -1.41 -1.78 -2.06 -2.09 -1.94 -1.69 -1.38 -1.03 -0.69 -0.22 0.34 1.03 1.88 2.69 3.47 4.31 5.03 5.06 5.41 5.03
55.97 56.03 56.00 56.03 56.03 56.00 56.03 56.00 55.91 55.66 55.31 53.97 52.97 52.28 51.53 50.44 49.44 48.03 46.88 45.53 43.72 41.31 39.69 38.81 36.66 33.72 32.62 31.84 31.16 30.56 30.00 29.41 28.50 26.84 24.75 22.62 20.34 18.28 15.94 13.81 11.66 9.56 7.59 5.72 3.81 1.78 -0.41 -2.59 -4.75 -6.62 -7.41 -6.97 -5.62 -4.00 -2.59 -1.66 -1.22 -1.16 -1.25 -1.38 -1.41 -1.28 -1.12 -0.91 -0.66 -0.41 -0.06 0.34 0.91 1.62 2.38 2.91 3.22 3.44 3.62 4.19 4.34
56.53 56.56 56.53 56.41 56.41 56.38 56.44 56.38 56.25 56.00 55.69 54.66 53.72 53.06 52.44 51.53 50.44 48.69 47.47 46.47 45.56 44.59 42.97 41.44 39.16 34.50 32.94 31.91 31.34 30.72 30.22 29.72 29.28 27.91 26.38 24.62 23.00 20.09 18.03 15.47 13.06 10.88 8.88 7.03 5.16 3.09 0.91 -1.31 -3.44 -5.53 -6.97 -7.16 -6.28 -4.75 -3.25 -2.12 -1.44 -1.09 -0.97 -0.97 -1.00 -0.94 -0.84 -0.75 -0.59 -0.44 -0.22 0.06 0.53 1.09 1.72 2.19 2.22 2.06 2.03 2.34 2.41
57.03 57.09 57.12 57.03 56.94 56.94 56.91 56.81 56.59 56.34 56.06 55.22 54.50 53.84 53.31 52.41 51.28 49.88 48.72 48.25 47.69 47.06 45.91 44.19 42.38 38.47 34.97 32.91 32.09 31.34 30.59 30.16 29.66 28.97 27.84 26.22 24.34 21.72 19.47 17.28 14.53 12.31 10.38 8.50 6.56 4.50 2.28 0.03 -2.16 -4.22 -6.06 -6.94 -6.66 -5.31 -3.84 -2.59 -1.75 -1.19 -0.91 -0.84 -0.88 -0.88 -0.88 -0.88 -0.84 -0.78 -0.69 -0.47 -0.12 0.31 0.81 1.16 1.16 0.91 0.94 1.09 1.34
57.41 57.56 57.72 57.53 57.56 57.53 57.47 57.25 56.97 56.72 56.38 55.72 55.09 54.56 53.94 53.19 52.62 52.44 51.88 51.12 50.38 49.41 48.25 46.59 44.50 42.19 38.84 36.06 33.62 32.34 31.56 30.75 30.12 29.69 28.78 27.59 25.81 23.44 21.31 19.12 16.28 14.00 12.03 10.06 8.09 5.97 3.75 1.47 -0.75 -2.91 -4.91 -6.31 -6.62 -5.66 -4.34 -3.09 -2.16 -1.50 -1.12 -1.00 -1.00 -1.06 -1.16 -1.25 -1.34 -1.41 -1.41 -1.28 -1.03 -0.69 -0.31 -0.06 -0.06 -0.19 0.25 0.72 1.25
57.91 58.09 58.12 57.97 58.06 58.06 57.97 57.69 57.31 57.09 56.72 56.22 55.72 55.28 54.69 54.16 53.69 53.94 53.66 53.03 52.34 51.44 50.16 48.41 46.25 43.81 41.34 38.66 35.88 33.72 32.69 31.69 31.16 30.56 29.50 28.59 26.84 25.16 23.41 21.22 18.47 16.16 13.91 11.81 9.72 7.53 5.25 2.94 0.66 -1.53 -3.59 -5.38 -6.25 -5.81 -4.81 -3.66 -2.72 -2.03 -1.59 -1.38 -1.34 -1.44 -1.59 -1.78 -2.00 -2.19 -2.31 -2.28 -2.09 -1.81 -1.53 -1.31 -1.22 -1.09 -0.56 -0.03 0.09
58.56 58.81 58.72 58.44 58.38 58.59 58.47 58.12 57.66 57.47 57.16 56.75 56.38 56.19 56.00 55.59 55.62 55.94 55.44 54.88 54.06 52.91 51.38 49.50 47.34 45.06 42.81 40.00 38.16 35.91 33.59 32.69 32.03 31.62 30.62 29.56 28.06 26.69 25.00 22.88 20.59 18.28 15.94 13.62 11.41 9.16 6.81 4.44 2.12 -0.12 -2.25 -4.22 -5.62 -5.88 -5.31 -4.38 -3.47 -2.75 -2.25 -1.94 -1.84 -1.94 -2.12 -2.41 -2.75 -3.06 -3.31 -3.41 -3.28 -3.03 -2.69 -2.44 -2.31 -2.03 -1.66 -1.06 -1.25
59.75 59.72 59.59 59.06 59.03 59.19 59.00 58.66 58.00 57.81 57.59 57.28 57.00 56.84 57.25 57.00 57.31 57.50 57.28 56.56 55.44 53.91 52.12 50.38 47.56 46.00 43.41 40.41 38.66 37.34 34.25 33.41 32.88 32.28 31.47 30.47 29.16 27.88 26.22 24.34 22.28 20.00 17.72 15.41 13.09 10.75 8.38 6.00 3.66 1.38 -0.84 -2.91 -4.69 -5.69 -5.75 -5.12 -4.25 -3.50 -2.94 -2.59 -2.44 -2.47 -2.66 -3.00 -3.44 -3.91 -4.34 -4.56 -4.50 -4.22 -3.84 -3.50 -3.38 -3.12 -2.84 -2.72 -2.84
60.69 60.62 60.56 59.94 59.94 59.84 59.56 59.19 58.50 58.19 57.97 57.72 57.66 57.78 58.53 58.75 59.06 59.22 58.94 58.06 56.59 54.69 52.91 49.41 47.81 46.09 44.19 40.94 39.94 38.72 37.22 35.22 33.84 33.06 32.16 31.16 30.00 28.69 27.19 25.47 23.47 21.31 19.12 16.94 14.69 12.31 9.94 7.59 5.25 2.91 0.66 -1.50 -3.44 -4.97 -5.78 -5.78 -4.97 -4.22 -3.62 -3.22 -3.00 -2.97 -3.12 -3.50 -4.00 -4.62 -5.25 -5.69 -5.69 -5.41 -4.97 -4.62 -4.47 -4.31 -4.06 -3.88 -3.91
61.91 61.56 61.38 61.12 60.91 60.56 60.19 59.66 59.09 58.56 58.38 58.44 58.59 59.06 59.75 60.34 60.69 60.78 60.38 59.31 57.59 55.47 53.41 49.88 47.91 46.75 45.19 42.78 41.25 39.84 38.22 36.50 35.06 33.84 32.78 31.72 30.53 29.28 27.88 26.25 24.41 22.31 20.22 18.22 16.09 13.84 11.56 9.22 6.88 4.53 2.19 -0.06 -2.12 -3.84 -5.16 -5.84 -5.47 -4.84 -4.25 -3.81 -3.53 -3.44 -3.56 -3.91 -4.44 -5.16 -5.91 -6.56 -6.69 -6.44 -6.09 -5.75 -5.44 -5.22 -5.06 -4.94 -4.91
63.00 62.69 62.12 62.00 61.72 61.34 60.81 60.12 59.75 59.16 59.12 59.59 59.84 60.19 61.19 61.84 62.12 62.09 61.50 60.25 58.72 55.12 53.91 52.19 50.19 47.94 46.66 44.84 42.75 40.88 39.09 37.41 35.78 34.38 33.16 32.03 30.88 29.62 28.28 26.81 25.06 23.03 21.03 19.22 17.31 15.28 13.09 10.84 8.50 6.09 3.72 1.41 -0.75 -2.69 -4.19 -5.31 -5.56 -5.25 -4.81 -4.38 -4.06 -3.94 -4.00 -4.34 -4.88 -5.62 -6.44 -7.19 -7.41 -7.22 -6.94 -6.53 -6.12 -5.84 -5.69 -5.62 -5.62
64.09 63.62 63.09 62.62 62.44 61.97 61.50 61.16 60.53 60.09 60.22 60.84 60.97 61.38 62.78 63.19 63.44 63.22 62.34 61.12 58.91 55.75 54.72 53.72 52.03 49.50 47.50 45.59 43.62 41.59 39.75 38.03 36.38 34.22 33.22 32.19 31.09 29.75 28.50 27.12 25.50 23.59 21.78 20.12 18.41 16.56 14.50 12.34 10.03 7.62 5.22 2.84 0.62 -1.44 -3.16 -4.56 -5.38 -5.50 -5.25 -4.94 -4.62 -4.47 -4.56 -4.84 -5.41 -6.12 -6.94 -7.62 -7.72 -7.62 -7.44 -7.09 -6.75 -6.44 -6.31 -6.31 -6.34
65.19 64.81 64.12 63.41 63.12 62.78 62.19 62.19 61.94 61.75 61.81 62.12 62.62 63.00 63.94 64.59 64.72 64.22 63.31 62.03 59.81 58.44 55.94 54.38 52.69 50.75 48.25 46.38 44.50 41.31 39.88 38.06 34.78 33.78 33.03 32.19 31.06 29.69 28.56 27.38 25.75 24.09 22.41 20.91 19.34 17.66 15.75 13.66 11.38 9.00 6.59 4.19 1.91 -0.22 -2.12 -3.72 -5.03 -5.62 -5.69 -5.53 -5.31 -5.19 -5.25 -5.56 -6.09 -6.81 -7.53 -7.97 -7.94 -7.97 -7.91 -7.69 -7.34 -7.06 -6.94 -6.97 -7.06
66.31 66.00 65.44 64.59 64.03 63.81 63.50 63.22 63.16 62.81 63.00 63.50 64.00 64.47 65.47 66.00 66.03 65.31 62.84 61.34 60.59 59.06 55.75 54.69 53.66 51.88 48.03 46.66 45.03 41.16 40.06 38.66 37.50 35.12 33.16 31.84 30.59 29.72 28.66 27.41 25.94 24.44 22.88 21.53 20.12 18.53 16.72 14.72 12.53 10.22 7.78 5.41 3.06 0.91 -1.09 -2.88 -4.44 -5.59 -6.09 -6.19 -6.09 -6.06 -6.19 -6.56 -7.09 -7.78 -8.31 -8.38 -8.28 -8.31 -8.31 -8.19 -7.97 -7.69 -7.59 -7.66 -7.78
67.38 67.06 66.56 65.78 65.06 64.97 64.75 64.53 64.12 63.62 64.25 64.78 65.38 65.91 66.84 67.41 67.38 66.66 65.16 62.66 61.53 60.44 58.97 56.03 53.75 51.78 49.06 47.22 45.72 42.47 40.78 39.31 37.56 34.31 32.97 32.16 31.16 30.00 28.78 27.53 26.06 24.62 23.28 22.06 20.72 19.19 17.47 15.56 13.47 11.19 8.84 6.44 4.09 1.88 -0.16 -2.03 -3.75 -5.28 -6.31 -6.81 -6.97 -7.09 -7.38 -7.81 -8.44 -9.00 -9.09 -8.91 -8.72 -8.72 -8.78 -8.75 -8.59 -8.34 -8.22 -8.31 -8.50
68.50 68.12 67.66 66.94 66.28 66.06 65.72 65.62 65.28 65.25 65.59 66.00 66.66 67.16 68.09 68.69 68.78 68.16 66.97 66.00 64.19 62.00 60.47 58.59 55.38 53.09 50.50 48.12 46.00 43.47 41.38 39.53 37.72 34.09 33.38 32.59 31.28 29.97 28.91 27.72 26.41 25.06 23.75 22.53 21.16 19.66 18.00 16.16 14.16 11.97 9.66 7.31 4.94 2.69 0.59 -1.31 -3.09 -4.78 -6.16 -7.06 -7.66 -8.09 -8.62 -9.19 -9.69 -9.88 -9.69 -9.38 -9.22 -9.22 -9.25 -9.28 -9.19 -8.97 -8.84 -8.94 -9.16
69.56 69.25 68.81 68.06 67.56 67.19 66.91 66.84 66.66 66.59 66.88 67.22 67.47 68.16 69.12 69.88 70.12 69.69 68.72 67.25 65.94 63.38 61.66 60.25 57.78 55.03 52.12 49.19 46.38 43.91 41.50 39.56 36.09 34.16 33.44 32.28 30.97 30.03 29.19 28.09 26.91 25.62 24.41 23.00 21.53 20.00 18.34 16.56 14.66 12.56 10.31 7.97 5.62 3.38 1.22 -0.75 -2.56 -4.25 -5.84 -6.91 -7.75 -8.44 -9.12 -9.78 -10.25 -10.34 -10.16 -9.88 -9.84 -9.84 -9.84 -9.88 -9.75 -9.56 -9.44 -9.53 -9.75
70.88 70.53 69.94 69.41 68.75 68.41 68.38 68.38 68.09 68.00 68.03 68.09 68.38 69.22 70.19 70.88 71.28 71.03 70.09 68.56 67.16 65.72 63.91 61.84 59.31 56.25 52.88 49.56 46.47 43.75 40.88 39.94 37.59 35.66 33.94 32.78 31.62 30.69 29.47 28.50 27.34 26.16 24.88 23.41 21.81 20.22 18.59 16.88 15.00 12.97 10.75 8.47 6.16 3.88 1.69 -0.31 -2.16 -3.84 -5.50 -6.75 -7.69 -8.50 -9.22 -9.91 -10.47 -10.59 -10.50 -10.25 -10.31 -10.38 -10.47 -10.50 -10.38 -10.19 -10.06 -10.09 -10.34
