everonasctiles/Tile[9,48].asc
ncols 128
nrows 128
xllcorner 0
yllcorner 0
cellsize 2.0
NODATA_value  -9999
[rows 64 to 95 of 128, columns 0 to 70 of 128]
-60.34 -60.34 -60.25 -60.06 -59.66 -59.00 -58.84 -59.00 -58.91 -58.69 -58.31 -57.88 -57.53 -57.56 -57.59 -57.50 -57.38 -57.19 -57.03 -57.03 -57.12 -57.19 -57.22 -57.12 -57.00 -56.81 -56.59 -56.41 -56.22 -56.06 -55.91 -55.81 -55.72 -55.59 -55.47 -55.31 -55.16 -54.97 -54.75 -54.50 -54.25 -53.94 -53.62 -53.28 -52.94 -52.59 -52.25 -51.94 -51.66 -51.38 -51.12 -50.84 -50.56 -50.31 -50.06 -49.88 -49.69 -49.50 -49.28 -49.09 -48.88 -48.66 -48.44 -48.22 -48.03 -47.91 -47.81 -47.78 -47.75 -47.69 -47.59
-61.00 -61.03 -61.00 -60.84 -60.47 -59.94 -59.91 -59.91 -59.75 -59.47 -59.06 -58.56 -58.28 -58.31 -58.31 -58.22 -58.06 -57.84 -57.69 -57.56 -57.59 -57.66 -57.66 -57.59 -57.44 -57.25 -57.00 -56.75 -56.50 -56.31 -56.16 -56.06 -55.97 -55.88 -55.75 -55.59 -55.41 -55.22 -54.97 -54.69 -54.41 -54.09 -53.75 -53.44 -53.09 -52.78 -52.47 -52.19 -51.91 -51.62 -51.34 -51.06 -50.81 -50.56 -50.38 -50.19 -50.00 -49.78 -49.59 -49.38 -49.19 -48.94 -48.72 -48.50 -48.31 -48.19 -48.12 -48.09 -48.06 -47.97 -47.88
-61.69 -61.75 -61.72 -61.59 -61.22 -60.84 -60.81 -60.75 -60.56 -60.22 -59.78 -59.31 -59.09 -59.09 -59.03 -58.91 -58.72 -58.53 -58.31 -58.09 -58.06 -58.09 -58.12 -58.06 -57.91 -57.66 -57.38 -57.06 -56.78 -56.50 -56.38 -56.28 -56.25 -56.16 -56.03 -55.84 -55.66 -55.41 -55.12 -54.84 -54.53 -54.19 -53.91 -53.59 -53.28 -53.00 -52.72 -52.44 -52.16 -51.84 -51.56 -51.28 -51.03 -50.84 -50.66 -50.47 -50.28 -50.06 -49.88 -49.66 -49.44 -49.22 -48.97 -48.75 -48.59 -48.50 -48.44 -48.41 -48.34 -48.28 -48.19
-62.38 -62.44 -62.44 -62.31 -62.00 -61.69 -61.66 -61.53 -61.31 -60.94 -60.53 -60.09 -59.94 -59.88 -59.75 -59.59 -59.41 -59.16 -58.91 -58.66 -58.56 -58.59 -58.59 -58.50 -58.31 -58.03 -57.69 -57.34 -57.00 -56.72 -56.59 -56.56 -56.50 -56.41 -56.28 -56.09 -55.84 -55.59 -55.28 -54.97 -54.66 -54.34 -54.06 -53.81 -53.53 -53.25 -52.97 -52.69 -52.38 -52.09 -51.78 -51.53 -51.31 -51.12 -50.94 -50.75 -50.56 -50.34 -50.16 -49.94 -49.72 -49.47 -49.22 -49.00 -48.88 -48.78 -48.72 -48.69 -48.62 -48.56 -48.50
-63.03 -63.12 -63.12 -63.00 -62.72 -62.50 -62.41 -62.28 -62.00 -61.62 -61.22 -60.91 -60.75 -60.59 -60.44 -60.25 -60.03 -59.78 -59.53 -59.25 -59.12 -59.12 -59.06 -58.91 -58.66 -58.34 -57.97 -57.59 -57.22 -56.97 -56.91 -56.88 -56.81 -56.69 -56.53 -56.31 -56.03 -55.75 -55.44 -55.12 -54.84 -54.59 -54.34 -54.06 -53.78 -53.50 -53.19 -52.91 -52.59 -52.31 -52.00 -51.75 -51.56 -51.41 -51.25 -51.03 -50.84 -50.66 -50.44 -50.22 -49.97 -49.72 -49.47 -49.31 -49.16 -49.09 -49.03 -48.97 -48.94 -48.88 -48.78
-63.69 -63.78 -63.78 -63.62 -63.41 -63.25 -63.12 -62.94 -62.62 -62.28 -61.91 -61.66 -61.50 -61.31 -61.12 -60.88 -60.62 -60.38 -60.09 -59.88 -59.72 -59.62 -59.50 -59.28 -59.00 -58.62 -58.25 -57.84 -57.50 -57.31 -57.25 -57.19 -57.09 -56.97 -56.75 -56.50 -56.22 -55.94 -55.66 -55.38 -55.12 -54.91 -54.66 -54.38 -54.06 -53.75 -53.44 -53.16 -52.84 -52.56 -52.25 -52.03 -51.88 -51.72 -51.53 -51.34 -51.16 -50.94 -50.72 -50.47 -50.22 -49.97 -49.78 -49.59 -49.47 -49.38 -49.31 -49.25 -49.19 -49.12 -49.06
-64.31 -64.41 -64.38 -64.25 -64.06 -63.91 -63.72 -63.50 -63.22 -62.88 -62.56 -62.34 -62.16 -61.97 -61.75 -61.47 -61.22 -60.94 -60.69 -60.47 -60.31 -60.12 -59.94 -59.66 -59.31 -58.94 -58.56 -58.19 -57.84 -57.69 -57.59 -57.53 -57.41 -57.22 -57.00 -56.72 -56.44 -56.16 -55.94 -55.69 -55.47 -55.22 -54.97 -54.66 -54.31 -54.00 -53.69 -53.44 -53.16 -52.84 -52.56 -52.34 -52.19 -52.03 -51.88 -51.66 -51.47 -51.25 -51.00 -50.75 -50.50 -50.28 -50.06 -49.91 -49.78 -49.66 -49.56 -49.50 -49.47 -49.41 -49.34
-64.88 -64.94 -64.91 -64.78 -64.62 -64.47 -64.28 -64.03 -63.75 -63.47 -63.22 -63.00 -62.78 -62.56 -62.31 -62.03 -61.72 -61.47 -61.22 -61.03 -60.81 -60.62 -60.34 -60.03 -59.66 -59.28 -58.91 -58.53 -58.19 -58.00 -57.94 -57.84 -57.69 -57.50 -57.25 -56.97 -56.72 -56.50 -56.28 -56.03 -55.81 -55.56 -55.25 -54.94 -54.59 -54.28 -54.00 -53.75 -53.50 -53.22 -52.94 -52.72 -52.56 -52.38 -52.22 -52.00 -51.75 -51.53 -51.28 -51.03 -50.81 -50.59 -50.41 -50.22 -50.06 -49.91 -49.81 -49.75 -49.72 -49.69 -49.66
-65.41 -65.44 -65.41 -65.28 -65.16 -64.97 -64.75 -64.50 -64.25 -64.00 -63.78 -63.56 -63.34 -63.12 -62.84 -62.53 -62.22 -61.94 -61.72 -61.50 -61.31 -61.06 -60.75 -60.41 -60.00 -59.62 -59.25 -58.81 -58.47 -58.34 -58.25 -58.16 -58.00 -57.78 -57.53 -57.28 -57.06 -56.84 -56.62 -56.38 -56.12 -55.88 -55.56 -55.25 -54.91 -54.62 -54.38 -54.16 -53.88 -53.59 -53.34 -53.12 -52.91 -52.75 -52.53 -52.28 -52.06 -51.81 -51.59 -51.34 -51.12 -50.94 -50.72 -50.53 -50.34 -50.19 -50.06 -50.00 -50.00 -50.00 -49.94
-65.88 -65.88 -65.84 -65.75 -65.59 -65.41 -65.19 -64.94 -64.72 -64.50 -64.28 -64.09 -63.88 -63.59 -63.31 -62.97 -62.69 -62.41 -62.19 -61.97 -61.75 -61.47 -61.12 -60.75 -60.34 -59.94 -59.50 -59.06 -58.75 -58.66 -58.59 -58.50 -58.31 -58.09 -57.88 -57.66 -57.44 -57.22 -56.97 -56.72 -56.47 -56.19 -55.91 -55.59 -55.31 -55.06 -54.81 -54.56 -54.28 -54.00 -53.75 -53.50 -53.28 -53.06 -52.84 -52.59 -52.34 -52.09 -51.88 -51.69 -51.47 -51.25 -51.06 -50.84 -50.62 -50.44 -50.31 -50.28 -50.28 -50.28 -50.22
-66.31 -66.28 -66.22 -66.12 -65.97 -65.78 -65.59 -65.38 -65.16 -64.97 -64.78 -64.56 -64.31 -64.03 -63.72 -63.38 -63.09 -62.81 -62.59 -62.38 -62.12 -61.81 -61.47 -61.06 -60.62 -60.19 -59.75 -59.28 -59.09 -59.03 -58.94 -58.84 -58.66 -58.47 -58.25 -58.03 -57.81 -57.56 -57.31 -57.06 -56.81 -56.53 -56.25 -55.97 -55.72 -55.47 -55.22 -54.97 -54.69 -54.41 -54.12 -53.88 -53.62 -53.38 -53.12 -52.88 -52.62 -52.41 -52.19 -52.00 -51.81 -51.59 -51.38 -51.16 -50.91 -50.69 -50.56 -50.59 -50.59 -50.59 -50.53
-66.69 -66.62 -66.56 -66.47 -66.31 -66.16 -65.94 -65.75 -65.56 -65.38 -65.19 -64.97 -64.69 -64.38 -64.06 -63.75 -63.47 -63.22 -62.97 -62.72 -62.47 -62.12 -61.72 -61.31 -60.88 -60.41 -59.94 -59.56 -59.44 -59.41 -59.31 -59.19 -59.00 -58.81 -58.59 -58.38 -58.16 -57.88 -57.62 -57.38 -57.16 -56.91 -56.62 -56.38 -56.12 -55.88 -55.62 -55.38 -55.09 -54.78 -54.50 -54.22 -53.94 -53.69 -53.41 -53.12 -52.88 -52.69 -52.50 -52.34 -52.12 -51.91 -51.69 -51.41 -51.19 -50.97 -50.88 -50.91 -50.91 -50.88 -50.81
-67.00 -66.94 -66.84 -66.75 -66.62 -66.47 -66.28 -66.09 -65.94 -65.75 -65.53 -65.28 -64.97 -64.66 -64.34 -64.06 -63.81 -63.53 -63.28 -63.00 -62.72 -62.34 -61.94 -61.53 -61.09 -60.62 -60.19 -59.94 -59.84 -59.78 -59.69 -59.53 -59.38 -59.16 -58.94 -58.72 -58.44 -58.19 -57.94 -57.72 -57.50 -57.25 -57.00 -56.75 -56.53 -56.28 -56.03 -55.75 -55.47 -55.16 -54.84 -54.53 -54.22 -53.94 -53.62 -53.38 -53.16 -52.97 -52.81 -52.66 -52.44 -52.22 -51.94 -51.69 -51.44 -51.22 -51.22 -51.22 -51.22 -51.19 -51.12
-67.28 -67.22 -67.12 -67.00 -66.88 -66.75 -66.59 -66.41 -66.25 -66.03 -65.78 -65.50 -65.22 -64.91 -64.62 -64.34 -64.09 -63.81 -63.53 -63.22 -62.91 -62.53 -62.12 -61.75 -61.34 -60.94 -60.56 -60.31 -60.22 -60.12 -60.03 -59.88 -59.72 -59.50 -59.25 -59.00 -58.75 -58.50 -58.25 -58.06 -57.84 -57.59 -57.38 -57.12 -56.91 -56.66 -56.38 -56.09 -55.78 -55.44 -55.12 -54.78 -54.47 -54.16 -53.84 -53.59 -53.41 -53.25 -53.12 -52.94 -52.72 -52.47 -52.22 -51.97 -51.72 -51.56 -51.56 -51.56 -51.56 -51.50 -51.44
-67.50 -67.44 -67.34 -67.25 -67.12 -67.00 -66.84 -66.66 -66.47 -66.25 -65.97 -65.69 -65.41 -65.12 -64.84 -64.59 -64.31 -64.03 -63.72 -63.41 -63.06 -62.69 -62.34 -61.97 -61.62 -61.28 -60.94 -60.69 -60.56 -60.47 -60.34 -60.19 -60.00 -59.78 -59.53 -59.25 -59.00 -58.78 -58.56 -58.38 -58.16 -57.94 -57.72 -57.47 -57.22 -56.97 -56.69 -56.38 -56.03 -55.69 -55.38 -55.03 -54.69 -54.38 -54.06 -53.84 -53.66 -53.53 -53.38 -53.19 -52.97 -52.72 -52.47 -52.22 -52.03 -51.91 -51.91 -51.91 -51.88 -51.81 -51.75
-67.69 -67.62 -67.53 -67.41 -67.31 -67.19 -67.03 -66.84 -66.62 -66.38 -66.12 -65.84 -65.59 -65.31 -65.03 -64.75 -64.47 -64.16 -63.84 -63.53 -63.22 -62.88 -62.53 -62.19 -61.88 -61.56 -61.25 -61.03 -60.88 -60.78 -60.62 -60.47 -60.25 -60.00 -59.75 -59.50 -59.25 -59.06 -58.84 -58.66 -58.47 -58.25 -58.00 -57.75 -57.50 -57.19 -56.88 -56.56 -56.22 -55.91 -55.56 -55.22 -54.88 -54.56 -54.28 -54.06 -53.94 -53.81 -53.66 -53.44 -53.22 -52.97 -52.75 -52.53 -52.38 -52.28 -52.25 -52.22 -52.19 -52.12 -52.03
-67.84 -67.75 -67.66 -67.56 -67.47 -67.31 -67.16 -66.94 -66.72 -66.47 -66.19 -65.94 -65.69 -65.41 -65.16 -64.88 -64.59 -64.28 -63.97 -63.66 -63.34 -63.03 -62.72 -62.41 -62.09 -61.78 -61.53 -61.31 -61.16 -61.03 -60.88 -60.66 -60.44 -60.19 -59.94 -59.72 -59.50 -59.31 -59.12 -58.94 -58.72 -58.50 -58.25 -57.97 -57.66 -57.34 -57.03 -56.69 -56.38 -56.03 -55.72 -55.38 -55.03 -54.75 -54.50 -54.31 -54.19 -54.06 -53.88 -53.69 -53.47 -53.22 -53.03 -52.84 -52.72 -52.62 -52.56 -52.53 -52.47 -52.41 -52.31
-67.97 -67.88 -67.78 -67.69 -67.56 -67.41 -67.22 -66.97 -66.72 -66.47 -66.22 -65.97 -65.69 -65.44 -65.19 -64.94 -64.66 -64.34 -64.06 -63.75 -63.47 -63.16 -62.88 -62.56 -62.28 -62.00 -61.75 -61.56 -61.41 -61.25 -61.06 -60.84 -60.59 -60.38 -60.12 -59.91 -59.72 -59.53 -59.34 -59.12 -58.91 -58.66 -58.38 -58.09 -57.78 -57.44 -57.12 -56.78 -56.44 -56.12 -55.78 -55.47 -55.16 -54.91 -54.69 -54.56 -54.44 -54.28 -54.12 -53.91 -53.69 -53.47 -53.28 -53.16 -53.03 -52.97 -52.91 -52.84 -52.75 -52.69 -52.56
-68.03 -67.94 -67.84 -67.75 -67.59 -67.44 -67.22 -67.00 -66.72 -66.47 -66.19 -65.91 -65.66 -65.41 -65.19 -64.94 -64.66 -64.38 -64.09 -63.81 -63.53 -63.25 -62.97 -62.72 -62.44 -62.19 -61.97 -61.78 -61.59 -61.41 -61.19 -60.97 -60.75 -60.50 -60.28 -60.09 -59.91 -59.72 -59.50 -59.28 -59.03 -58.75 -58.47 -58.16 -57.81 -57.50 -57.16 -56.81 -56.47 -56.16 -55.81 -55.53 -55.28 -55.06 -54.91 -54.78 -54.66 -54.50 -54.31 -54.12 -53.91 -53.69 -53.53 -53.44 -53.34 -53.28 -53.19 -53.12 -53.03 -52.94 -52.78
-68.06 -67.97 -67.88 -67.78 -67.62 -67.44 -67.22 -66.97 -66.72 -66.44 -66.16 -65.88 -65.59 -65.38 -65.12 -64.88 -64.62 -64.38 -64.09 -63.84 -63.59 -63.31 -63.09 -62.84 -62.59 -62.34 -62.12 -61.91 -61.72 -61.53 -61.31 -61.06 -60.84 -60.62 -60.41 -60.22 -60.03 -59.84 -59.62 -59.38 -59.09 -58.81 -58.47 -58.16 -57.81 -57.47 -57.12 -56.81 -56.47 -56.16 -55.84 -55.59 -55.38 -55.22 -55.09 -55.00 -54.88 -54.69 -54.50 -54.31 -54.09 -53.91 -53.78 -53.69 -53.62 -53.56 -53.50 -53.41 -53.28 -53.16 -53.00
-68.06 -67.97 -67.88 -67.75 -67.59 -67.44 -67.22 -66.97 -66.72 -66.44 -66.16 -65.88 -65.59 -65.34 -65.09 -64.84 -64.59 -64.34 -64.09 -63.84 -63.62 -63.38 -63.16 -62.94 -62.69 -62.47 -62.22 -62.00 -61.78 -61.59 -61.38 -61.12 -60.91 -60.72 -60.50 -60.31 -60.12 -59.91 -59.66 -59.41 -59.09 -58.78 -58.44 -58.09 -57.75 -57.44 -57.09 -56.78 -56.47 -56.16 -55.91 -55.69 -55.53 -55.41 -55.31 -55.19 -55.03 -54.88 -54.66 -54.47 -54.28 -54.12 -54.03 -53.94 -53.91 -53.81 -53.75 -53.66 -53.53 -53.38 -53.19
-68.03 -67.94 -67.84 -67.72 -67.59 -67.41 -67.22 -66.97 -66.72 -66.44 -66.16 -65.88 -65.62 -65.34 -65.09 -64.84 -64.59 -64.34 -64.09 -63.88 -63.62 -63.41 -63.19 -63.00 -62.75 -62.53 -62.28 -62.03 -61.81 -61.59 -61.38 -61.16 -60.97 -60.75 -60.56 -60.38 -60.16 -59.94 -59.69 -59.41 -59.09 -58.75 -58.44 -58.06 -57.72 -57.38 -57.06 -56.75 -56.47 -56.22 -56.00 -55.84 -55.69 -55.56 -55.47 -55.34 -55.19 -55.00 -54.81 -54.62 -54.47 -54.34 -54.25 -54.19 -54.12 -54.06 -53.97 -53.88 -53.75 -53.59 -53.41
-67.97 -67.91 -67.81 -67.69 -67.56 -67.41 -67.19 -66.97 -66.72 -66.47 -66.19 -65.91 -65.66 -65.41 -65.12 -64.88 -64.62 -64.38 -64.16 -63.91 -63.66 -63.44 -63.19 -62.97 -62.75 -62.50 -62.28 -62.03 -61.78 -61.56 -61.34 -61.16 -60.94 -60.75 -60.56 -60.38 -60.16 -59.91 -59.66 -59.38 -59.06 -58.75 -58.41 -58.06 -57.72 -57.38 -57.09 -56.81 -56.56 -56.34 -56.12 -55.97 -55.84 -55.72 -55.62 -55.47 -55.31 -55.12 -54.94 -54.78 -54.62 -54.53 -54.47 -54.41 -54.34 -54.25 -54.19 -54.06 -53.94 -53.78 -53.59
-67.88 -67.81 -67.75 -67.62 -67.50 -67.34 -67.19 -66.97 -66.75 -66.47 -66.22 -65.94 -65.69 -65.44 -65.19 -64.94 -64.69 -64.44 -64.19 -63.94 -63.69 -63.41 -63.16 -62.91 -62.69 -62.44 -62.19 -61.94 -61.72 -61.47 -61.25 -61.06 -60.88 -60.69 -60.50 -60.28 -60.09 -59.84 -59.59 -59.34 -59.03 -58.72 -58.41 -58.06 -57.75 -57.41 -57.12 -56.88 -56.66 -56.44 -56.28 -56.12 -56.00 -55.88 -55.72 -55.56 -55.38 -55.22 -55.06 -54.94 -54.81 -54.75 -54.66 -54.59 -54.53 -54.44 -54.34 -54.25 -54.12 -53.97 -53.81
-67.78 -67.72 -67.66 -67.56 -67.44 -67.28 -67.12 -66.94 -66.72 -66.50 -66.25 -65.97 -65.72 -65.47 -65.22 -64.97 -64.75 -64.50 -64.25 -63.97 -63.69 -63.41 -63.12 -62.84 -62.56 -62.31 -62.06 -61.81 -61.56 -61.34 -61.12 -60.94 -60.75 -60.56 -60.38 -60.19 -59.97 -59.75 -59.50 -59.25 -58.97 -58.69 -58.38 -58.06 -57.75 -57.47 -57.19 -56.97 -56.75 -56.56 -56.41 -56.25 -56.09 -55.97 -55.81 -55.62 -55.47 -55.31 -55.19 -55.06 -55.00 -54.91 -54.84 -54.75 -54.69 -54.59 -54.50 -54.41 -54.31 -54.16 -54.00
-67.69 -67.62 -67.56 -67.47 -67.34 -67.19 -67.03 -66.84 -66.66 -66.44 -66.22 -65.97 -65.69 -65.44 -65.22 -64.97 -64.75 -64.50 -64.25 -63.97 -63.69 -63.38 -63.06 -62.75 -62.47 -62.19 -61.91 -61.66 -61.38 -61.12 -60.94 -60.72 -60.56 -60.41 -60.25 -60.06 -59.84 -59.62 -59.41 -59.16 -58.88 -58.59 -58.31 -58.03 -57.75 -57.50 -57.25 -57.03 -56.84 -56.66 -56.50 -56.34 -56.19 -56.03 -55.88 -55.69 -55.53 -55.41 -55.31 -55.22 -55.16 -55.06 -55.00 -54.91 -54.81 -54.72 -54.66 -54.56 -54.47 -54.34 -54.22
-67.56 -67.50 -67.44 -67.34 -67.22 -67.06 -66.91 -66.72 -66.53 -66.34 -66.12 -65.88 -65.62 -65.38 -65.12 -64.91 -64.69 -64.44 -64.19 -63.91 -63.59 -63.28 -62.97 -62.66 -62.34 -62.03 -61.75 -61.47 -61.19 -60.91 -60.69 -60.50 -60.34 -60.22 -60.06 -59.91 -59.72 -59.50 -59.28 -59.03 -58.78 -58.53 -58.25 -58.00 -57.75 -57.53 -57.31 -57.09 -56.91 -56.75 -56.56 -56.41 -56.25 -56.09 -55.91 -55.78 -55.62 -55.53 -55.44 -55.38 -55.28 -55.19 -55.09 -55.00 -54.91 -54.84 -54.75 -54.69 -54.59 -54.50 -54.38
-67.44 -67.38 -67.31 -67.22 -67.09 -66.94 -66.75 -66.56 -66.38 -66.16 -65.97 -65.72 -65.47 -65.25 -65.00 -64.78 -64.56 -64.31 -64.06 -63.78 -63.47 -63.16 -62.84 -62.50 -62.19 -61.91 -61.59 -61.28 -60.97 -60.69 -60.44 -60.25 -60.12 -60.00 -59.88 -59.75 -59.56 -59.38 -59.16 -58.94 -58.72 -58.47 -58.22 -58.00 -57.75 -57.56 -57.34 -57.16 -56.97 -56.78 -56.62 -56.44 -56.28 -56.12 -55.97 -55.84 -55.72 -55.62 -55.56 -55.47 -55.41 -55.31 -55.19 -55.09 -55.00 -54.91 -54.84 -54.78 -54.72 -54.62 -54.50
-67.28 -67.22 -67.16 -67.06 -66.94 -66.75 -66.56 -66.38 -66.16 -65.94 -65.75 -65.53 -65.28 -65.03 -64.81 -64.62 -64.41 -64.19 -63.91 -63.62 -63.28 -62.97 -62.62 -62.28 -61.97 -61.69 -61.41 -61.09 -60.78 -60.47 -60.19 -59.97 -59.84 -59.75 -59.66 -59.56 -59.41 -59.25 -59.06 -58.88 -58.66 -58.44 -58.22 -58.00 -57.78 -57.56 -57.38 -57.19 -57.00 -56.81 -56.66 -56.47 -56.31 -56.16 -56.03 -55.91 -55.81 -55.72 -55.66 -55.56 -55.47 -55.38 -55.28 -55.16 -55.06 -55.00 -54.94 -54.88 -54.81 -54.72 -54.59
-67.12 -67.06 -66.97 -66.84 -66.72 -66.53 -66.34 -66.12 -65.88 -65.69 -65.47 -65.25 -65.03 -64.78 -64.59 -64.41 -64.22 -64.03 -63.78 -63.47 -63.12 -62.75 -62.38 -62.00 -61.69 -61.41 -61.16 -60.91 -60.59 -60.28 -59.97 -59.69 -59.56 -59.50 -59.41 -59.34 -59.25 -59.12 -58.97 -58.81 -58.62 -58.41 -58.22 -58.00 -57.78 -57.59 -57.38 -57.19 -57.00 -56.84 -56.66 -56.50 -56.34 -56.19 -56.06 -55.97 -55.88 -55.81 -55.72 -55.66 -55.56 -55.44 -55.34 -55.22 -55.12 -55.06 -55.00 -54.94 -54.88 -54.78 -54.66
-66.94 -66.84 -66.75 -66.59 -66.47 -66.28 -66.06 -65.84 -65.59 -65.34 -65.16 -64.94 -64.72 -64.50 -64.28 -64.12 -63.97 -63.81 -63.59 -63.31 -62.97 -62.56 -62.16 -61.69 -61.31 -61.06 -60.84 -60.62 -60.38 -60.09 -59.75 -59.44 -59.25 -59.19 -59.16 -59.12 -59.06 -58.97 -58.84 -58.72 -58.56 -58.38 -58.19 -57.97 -57.75 -57.56 -57.38 -57.19 -57.00 -56.84 -56.66 -56.50 -56.38 -56.25 -56.12 -56.03 -55.97 -55.88 -55.81 -55.72 -55.62 -55.50 -55.38 -55.28 -55.19 -55.12 -55.06 -55.00 -54.94 -54.84 -54.72
-66.72 -66.59 -66.47 -66.34 -66.16 -65.97 -65.75 -65.50 -65.25 -65.00 -64.78 -64.59 -64.38 -64.16 -63.97 -63.78 -63.66 -63.53 -63.34 -63.09 -62.78 -62.41 -61.97 -61.50 -61.00 -60.66 -60.47 -60.31 -60.12 -59.88 -59.56 -59.25 -59.00 -58.91 -58.91 -58.88 -58.84 -58.78 -58.72 -58.59 -58.47 -58.28 -58.12 -57.91 -57.72 -57.53 -57.34 -57.19 -57.00 -56.84 -56.69 -56.53 -56.41 -56.28 -56.19 -56.09 -56.03 -55.97 -55.88 -55.78 -55.66 -55.56 -55.44 -55.34 -55.25 -55.19 -55.12 -55.06 -54.97 -54.84 -54.72
