everonasctiles/Tile37,6.asc
ncols 128
nrows 128
xllcorner 0
yllcorner 0
cellsize 2.0
NODATA_value  -9999
[rows 68 to 101 of 128, columns 0 to 76 of 128]
41.06 40.84 40.69 40.44 40.25 40.06 39.88 39.69 39.56 39.41 39.22 39.00 38.81 38.59 38.34 38.06 37.78 37.50 37.19 36.88 36.53 36.19 35.88 35.53 35.19 34.84 34.53 34.19 33.84 33.50 33.19 32.84 32.50 32.16 31.81 31.50 31.16 30.81 30.47 30.12 29.78 29.44 29.12 28.81 28.53 28.22 27.94 27.66 27.41 27.16 26.91 26.66 26.41 26.22 26.00 25.84 25.66 25.47 25.28 25.22 25.00 24.88 24.78 24.62 24.44 24.34 24.09 24.06 23.88 23.69 22.88 22.81 22.84 22.84 22.81 22.75 22.56
41.00 40.78 40.59 40.38 40.19 39.97 39.81 39.72 39.59 39.47 39.31 39.12 38.91 38.69 38.44 38.16 37.88 37.56 37.25 36.91 36.56 36.22 35.88 35.53 35.19 34.84 34.50 34.16 33.81 33.47 33.16 32.81 32.47 32.12 31.78 31.44 31.12 30.78 30.44 30.09 29.75 29.41 29.09 28.75 28.44 28.16 27.88 27.59 27.28 27.06 26.81 26.56 26.34 26.12 25.94 25.75 25.53 25.38 25.16 25.09 24.97 24.75 24.62 24.50 24.31 24.16 24.06 23.84 23.72 23.06 22.88 22.81 22.81 22.81 22.78 22.66 22.50
40.91 40.69 40.47 40.28 40.12 39.97 39.84 39.75 39.66 39.53 39.41 39.25 39.06 38.84 38.56 38.28 37.97 37.62 37.31 36.97 36.59 36.25 35.88 35.53 35.19 34.84 34.47 34.12 33.78 33.44 33.09 32.78 32.44 32.09 31.75 31.41 31.09 30.75 30.41 30.06 29.72 29.38 29.03 28.72 28.38 28.06 27.78 27.50 27.22 26.97 26.72 26.47 26.25 26.03 25.84 25.66 25.50 25.34 25.19 24.97 24.88 24.62 24.38 24.34 24.22 24.03 23.94 23.78 23.59 22.84 22.81 22.78 22.78 22.78 22.72 22.62 22.56
40.78 40.56 40.41 40.25 40.09 39.97 39.88 39.81 39.75 39.62 39.47 39.31 39.16 39.00 38.72 38.41 38.09 37.75 37.38 37.00 36.62 36.28 35.91 35.53 35.16 34.81 34.44 34.09 33.75 33.41 33.06 32.72 32.41 32.06 31.72 31.38 31.06 30.72 30.38 30.03 29.69 29.34 29.00 28.66 28.31 28.00 27.69 27.44 27.16 26.84 26.59 26.38 26.16 25.97 25.78 25.59 25.38 25.25 25.09 24.88 24.72 24.62 24.44 24.19 24.09 23.94 23.78 23.62 23.44 22.66 22.69 22.69 22.69 22.62 22.62 22.62 22.62
40.78 40.53 40.38 40.22 40.06 39.97 39.91 39.88 39.84 39.66 39.47 39.44 39.22 39.12 38.91 38.56 38.22 37.84 37.47 37.06 36.69 36.28 35.91 35.53 35.16 34.78 34.41 34.06 33.72 33.38 33.03 32.69 32.34 32.00 31.69 31.34 31.03 30.69 30.34 30.03 29.69 29.34 29.00 28.62 28.28 27.94 27.62 27.34 27.03 26.78 26.56 26.28 26.06 25.88 25.66 25.53 25.31 25.16 25.03 24.88 24.62 24.44 24.25 24.16 23.94 23.81 23.66 23.25 22.84 22.53 22.56 22.62 22.66 22.62 22.62 22.62 22.62
40.78 40.53 40.34 40.16 40.03 39.97 39.97 40.00 39.97 39.78 39.53 39.38 39.44 39.31 39.12 38.75 38.34 37.94 37.53 37.12 36.72 36.31 35.91 35.50 35.12 34.75 34.38 34.00 33.66 33.31 32.97 32.62 32.28 31.97 31.62 31.31 30.97 30.66 30.34 30.00 29.66 29.31 28.97 28.62 28.25 27.88 27.56 27.28 27.00 26.75 26.50 26.25 26.00 25.81 25.66 25.44 25.31 25.09 24.94 24.81 24.62 24.41 24.28 24.03 23.91 23.72 23.41 23.12 22.84 22.53 22.59 22.62 22.59 22.62 22.59 22.59 22.59
40.78 40.56 40.38 40.16 40.00 40.00 40.03 40.03 40.00 39.84 39.69 39.50 39.53 39.53 39.31 38.94 38.50 38.06 37.62 37.19 36.75 36.31 35.88 35.47 35.06 34.69 34.31 33.94 33.59 33.25 32.91 32.56 32.22 31.91 31.59 31.25 30.94 30.62 30.28 29.97 29.66 29.31 28.97 28.62 28.25 27.84 27.50 27.22 26.94 26.69 26.44 26.22 26.00 25.78 25.56 25.41 25.22 25.09 24.88 24.72 24.53 24.38 24.16 24.03 23.81 23.56 23.31 23.03 22.81 22.62 22.62 22.62 22.62 22.59 22.56 22.59 22.59
40.88 40.62 40.41 40.12 40.00 40.00 40.00 40.00 40.00 39.97 39.88 39.78 39.72 39.81 39.56 39.09 38.66 38.19 37.72 37.22 36.75 36.31 35.84 35.44 35.03 34.62 34.25 33.88 33.50 33.16 32.81 32.50 32.16 31.84 31.50 31.19 30.88 30.56 30.25 29.94 29.62 29.31 29.00 28.66 28.28 27.88 27.44 27.16 26.91 26.62 26.41 26.12 25.94 25.75 25.56 25.38 25.19 25.00 24.84 24.66 24.47 24.22 24.06 23.81 23.69 23.47 23.25 23.06 22.88 22.62 22.62 22.62 22.59 22.50 22.47 22.59 22.59
41.41 40.66 40.44 40.12 40.00 40.00 40.00 40.00 40.00 40.00 40.00 40.00 39.91 39.97 39.75 39.28 38.84 38.31 37.81 37.28 36.75 36.28 35.81 35.38 34.94 34.56 34.16 33.78 33.44 33.06 32.72 32.41 32.06 31.75 31.44 31.12 30.81 30.50 30.19 29.88 29.59 29.31 29.00 28.72 28.41 27.94 27.47 27.12 26.84 26.59 26.34 26.12 25.91 25.72 25.53 25.34 25.19 25.00 24.81 24.62 24.44 24.28 24.06 23.84 23.62 23.38 23.22 23.00 22.88 22.94 22.66 22.59 22.44 22.41 22.34 22.25 22.22
41.78 40.91 40.50 40.19 40.00 40.00 40.00 40.00 39.97 39.97 40.00 39.97 39.94 39.97 39.88 39.62 39.12 38.41 37.84 37.28 36.75 36.22 35.75 35.31 34.88 34.47 34.06 33.69 33.31 32.97 32.62 32.31 31.97 31.66 31.34 31.03 30.72 30.41 30.09 29.81 29.53 29.25 29.00 28.75 28.44 27.97 27.47 27.09 26.81 26.56 26.31 26.09 25.88 25.69 25.47 25.31 25.12 24.97 24.81 24.59 24.41 24.19 23.88 23.81 23.59 23.41 23.16 23.00 22.88 22.75 22.62 22.47 22.34 22.28 22.16 22.00 21.94
41.78 41.16 40.34 40.31 40.06 40.00 40.00 40.00 39.97 39.94 39.91 39.84 39.88 39.94 39.97 39.78 39.28 38.47 37.81 37.28 36.69 36.16 35.66 35.19 34.75 34.34 33.97 33.56 33.22 32.88 32.53 32.19 31.88 31.56 31.25 30.94 30.62 30.31 30.00 29.72 29.44 29.16 28.91 28.62 28.31 27.88 27.41 27.06 26.81 26.53 26.31 26.06 25.88 25.66 25.47 25.28 25.12 24.94 24.78 24.59 24.38 23.97 23.81 23.78 23.56 23.34 23.19 22.97 22.81 22.62 22.50 22.38 22.25 22.09 21.94 21.75 21.50
41.66 41.50 40.84 40.34 40.19 40.06 40.00 40.00 39.94 39.88 39.91 39.94 39.88 39.97 39.97 39.81 39.16 38.38 37.72 37.19 36.59 36.03 35.53 35.06 34.62 34.22 33.84 33.44 33.09 32.75 32.41 32.06 31.75 31.44 31.12 30.81 30.53 30.22 29.91 29.62 29.31 29.03 28.72 28.41 28.09 27.72 27.38 27.06 26.78 26.53 26.31 26.06 25.84 25.66 25.47 25.28 25.09 24.94 24.75 24.56 24.34 24.16 23.81 23.72 23.44 23.31 23.12 22.94 22.78 22.62 22.47 22.31 22.09 21.94 21.72 21.47 21.22
41.53 41.41 41.22 40.56 40.19 40.09 40.03 40.00 39.97 39.81 39.97 39.97 39.97 39.97 39.97 39.62 38.97 38.31 37.66 37.09 36.44 35.88 35.38 34.91 34.50 34.06 33.69 33.31 32.97 32.59 32.28 31.94 31.62 31.31 31.03 30.72 30.41 30.12 29.81 29.50 29.19 28.88 28.56 28.22 27.84 27.56 27.31 27.03 26.75 26.50 26.28 26.03 25.84 25.62 25.44 25.25 25.06 24.88 24.69 24.50 24.31 24.12 23.56 23.62 23.47 23.25 23.06 22.88 22.72 22.53 22.38 22.22 22.00 21.78 21.50 21.22 21.00
41.38 41.28 41.19 40.94 40.28 40.09 40.06 40.03 40.00 39.88 39.97 39.97 39.97 39.97 39.91 39.47 38.88 38.25 37.56 36.97 36.25 35.72 35.22 34.75 34.31 33.91 33.53 33.16 32.81 32.47 32.12 31.81 31.50 31.19 30.91 30.59 30.31 30.03 29.72 29.41 29.12 28.81 28.50 28.16 27.88 27.53 27.25 27.00 26.72 26.50 26.25 26.03 25.78 25.56 25.38 25.16 24.97 24.78 24.62 24.50 24.31 24.12 23.56 23.59 23.44 23.22 23.03 22.84 22.66 22.47 22.31 22.12 21.91 21.59 21.31 21.03 20.78
41.25 41.16 40.94 40.75 40.44 40.09 40.03 40.03 40.00 39.94 39.97 39.97 39.97 39.91 39.75 39.31 38.75 38.12 37.47 36.88 36.16 35.56 35.06 34.59 34.16 33.75 33.34 33.00 32.66 32.31 32.00 31.69 31.38 31.06 30.78 30.50 30.22 29.94 29.66 29.38 29.06 28.78 28.50 28.22 27.91 27.62 27.31 27.00 26.41 26.28 26.31 25.97 25.72 25.47 25.22 24.97 24.78 24.59 24.50 24.41 24.31 24.16 23.78 23.47 23.41 23.16 22.97 22.78 22.59 22.41 22.22 22.06 21.84 21.50 21.19 20.88 20.66
41.09 40.94 40.78 40.59 40.41 40.12 40.03 40.03 40.03 39.94 39.97 39.97 39.84 39.62 39.38 38.94 38.53 38.00 37.41 36.81 36.12 35.44 34.88 34.41 33.97 33.53 33.16 32.81 32.47 32.16 31.84 31.53 31.25 30.97 30.66 30.41 30.12 29.88 29.59 29.31 29.03 28.75 28.47 28.19 27.91 27.62 27.34 27.03 26.22 26.41 26.19 25.91 25.59 25.31 25.00 24.75 24.50 24.38 24.31 24.28 24.25 24.12 23.94 23.66 23.38 23.12 22.91 22.72 22.53 22.34 22.16 21.97 21.75 21.44 21.12 20.81 20.56
40.91 40.75 40.59 40.44 40.28 40.03 39.81 39.97 39.91 39.88 39.97 39.72 39.47 39.19 38.94 38.59 38.19 37.72 37.31 36.84 36.06 35.28 34.69 34.19 33.75 33.34 32.97 32.62 32.31 32.00 31.69 31.41 31.12 30.84 30.59 30.31 30.06 29.81 29.56 29.28 29.00 28.75 28.47 28.22 27.94 27.62 27.34 27.03 26.72 26.34 26.09 25.78 25.47 25.16 24.84 24.53 24.28 24.16 24.12 24.19 24.16 24.09 23.91 23.66 23.34 23.09 22.84 22.66 22.47 22.28 22.06 21.88 21.66 21.38 21.03 20.62 20.28
40.75 40.59 40.41 40.25 40.09 39.94 39.66 39.50 39.50 39.69 39.78 39.22 38.97 38.72 38.47 38.16 37.78 37.34 36.97 36.56 35.78 35.06 34.47 33.94 33.50 33.09 32.75 32.44 32.12 31.84 31.56 31.28 31.03 30.78 30.53 30.31 30.06 29.81 29.56 29.31 29.03 28.75 28.50 28.22 27.94 27.66 27.34 27.03 26.69 26.34 25.97 25.62 25.28 24.94 24.62 24.34 24.12 24.00 24.03 24.09 24.09 24.00 23.81 23.59 23.31 23.03 22.81 22.59 22.38 22.19 22.00 21.78 21.59 21.28 20.94 20.44 20.09
40.56 40.41 40.25 40.06 39.91 39.72 39.53 39.22 38.84 38.88 38.81 38.62 38.44 38.22 37.94 37.66 37.31 36.91 36.56 35.97 35.00 34.28 33.69 33.28 32.97 32.75 32.50 32.22 31.94 31.66 31.44 31.19 31.00 30.78 30.56 30.34 30.12 29.91 29.66 29.41 29.09 28.81 28.50 28.22 27.94 27.66 27.34 27.00 26.62 26.22 25.81 25.44 25.06 24.75 24.44 24.19 24.00 23.91 23.91 23.94 23.94 23.84 23.69 23.50 23.28 23.03 22.78 22.53 22.31 22.12 21.91 21.72 21.50 21.19 20.91 20.47 20.06
40.38 40.22 40.06 39.91 39.72 39.53 39.31 39.12 38.72 38.38 38.25 38.12 37.97 37.72 37.44 37.12 36.84 36.16 35.44 34.66 34.00 33.62 33.22 32.94 32.72 32.44 32.28 32.03 31.75 31.50 31.31 31.12 30.97 30.78 30.62 30.44 30.25 30.06 29.84 29.59 29.28 28.91 28.53 28.22 27.94 27.66 27.34 26.97 26.56 26.09 25.62 25.19 24.84 24.50 24.22 24.00 23.84 23.75 23.75 23.75 23.75 23.66 23.56 23.44 23.28 23.03 22.75 22.50 22.25 22.06 21.84 21.62 21.41 21.09 20.78 20.38 19.94
40.22 40.03 39.88 39.69 39.50 39.31 39.09 38.94 38.72 38.31 37.97 37.72 37.50 37.25 36.97 36.53 35.97 35.12 34.75 34.38 34.00 33.66 33.28 32.94 32.62 32.31 32.12 31.91 31.62 31.38 31.16 31.00 30.91 30.84 30.72 30.59 30.44 30.28 30.09 29.84 29.53 29.09 28.62 28.25 27.91 27.62 27.28 26.88 26.44 25.94 25.44 24.97 24.56 24.25 24.00 23.81 23.69 23.59 23.56 23.56 23.53 23.50 23.44 23.38 23.31 23.12 22.81 22.47 22.19 22.00 21.78 21.56 21.34 21.03 20.72 20.03 19.53
40.00 39.88 39.69 39.50 39.28 39.09 38.91 38.69 38.50 38.25 37.84 37.41 37.12 36.88 36.41 35.81 35.38 35.06 34.84 34.50 34.12 33.75 33.34 32.91 32.50 32.19 31.97 31.75 31.56 31.31 31.03 30.91 30.91 30.88 30.81 30.72 30.62 30.53 30.38 30.12 29.78 29.31 28.75 28.28 27.91 27.56 27.19 26.78 26.28 25.75 25.19 24.72 24.31 24.00 23.78 23.66 23.56 23.50 23.47 23.44 23.44 23.41 23.41 23.38 23.34 23.22 22.88 22.50 22.16 21.91 21.69 21.47 21.25 20.97 20.62 19.81 19.22
39.62 39.66 39.47 39.28 39.09 38.88 38.66 38.47 38.25 38.06 37.78 37.31 36.81 36.47 35.94 35.59 35.50 35.25 34.97 34.62 34.25 33.88 33.41 32.88 32.38 32.03 31.81 31.62 31.44 31.34 31.16 30.97 30.88 30.88 30.88 30.84 30.78 30.72 30.59 30.38 30.03 29.50 28.88 28.28 27.88 27.53 27.12 26.66 26.12 25.53 24.97 24.47 24.06 23.78 23.62 23.50 23.44 23.41 23.41 23.41 23.41 23.41 23.41 23.41 23.38 23.31 23.00 22.59 22.19 21.88 21.56 21.41 21.16 20.84 20.41 19.62 18.91
39.22 39.25 39.25 39.06 38.84 38.62 38.44 38.22 38.03 37.81 37.56 37.28 36.75 36.12 35.75 35.69 35.59 35.41 35.16 34.75 34.31 33.78 33.06 32.44 32.00 31.88 31.66 31.50 31.38 31.28 31.19 31.06 30.94 30.88 30.88 30.88 30.84 30.81 30.72 30.56 30.22 29.66 28.94 28.31 27.88 27.50 27.06 26.53 25.97 25.38 24.78 24.28 23.91 23.62 23.47 23.41 23.41 23.41 23.41 23.41 23.41 23.41 23.41 23.41 23.41 23.34 23.16 22.78 22.31 21.91 21.59 21.28 21.00 20.38 19.56 18.84 18.41
38.88 38.84 38.88 38.81 38.59 38.41 38.19 38.00 37.78 37.53 37.31 37.09 36.75 36.19 35.78 35.75 35.69 35.59 35.25 34.59 33.72 32.91 32.19 31.72 31.53 31.53 31.50 31.38 31.28 31.22 31.12 31.06 31.00 30.94 30.88 30.88 30.88 30.88 30.81 30.69 30.34 29.72 28.97 28.31 27.88 27.47 27.03 26.47 25.88 25.25 24.69 24.19 23.81 23.56 23.44 23.41 23.41 23.41 23.41 23.41 23.19 23.41 23.41 23.41 23.41 23.38 23.28 22.94 22.47 22.03 21.56 21.03 20.09 19.34 18.81 18.59 18.31
38.88 38.66 38.53 38.50 38.38 38.16 37.97 37.75 37.50 37.28 37.06 36.84 36.59 36.25 35.84 35.72 35.72 35.69 34.81 33.94 33.22 32.50 31.84 31.41 31.22 31.16 31.25 31.28 31.22 31.12 31.06 31.03 30.97 30.94 30.88 30.88 30.88 30.88 30.84 30.72 30.38 29.72 28.94 28.31 27.91 27.50 27.03 26.47 25.84 25.22 24.66 24.16 23.78 23.56 23.44 23.41 23.41 23.41 23.41 23.22 23.38 23.34 23.41 23.41 23.41 23.38 23.31 23.00 22.38 21.38 20.59 20.19 19.62 19.22 18.81 18.56 18.34
38.88 38.66 38.44 38.25 38.09 37.94 37.72 37.47 37.25 37.03 36.81 36.56 36.34 36.12 35.81 35.66 35.69 35.56 34.31 33.66 33.00 32.31 31.56 31.22 31.12 31.09 31.09 31.12 31.12 31.06 31.03 30.97 30.94 30.91 30.88 30.88 30.88 30.88 30.88 30.75 30.34 29.59 28.88 28.34 27.94 27.50 27.03 26.47 25.88 25.25 24.69 24.19 23.81 23.56 23.38 23.41 23.41 23.41 23.41 23.41 23.31 23.31 23.38 23.41 23.38 23.34 22.91 21.97 21.41 20.75 20.44 20.16 19.72 19.31 18.97 18.66 18.44
38.91 38.62 38.41 38.19 37.94 37.69 37.44 37.22 37.00 36.78 36.53 36.31 36.09 35.84 35.62 35.47 35.50 35.34 33.91 33.38 32.78 32.09 31.41 31.16 31.09 31.09 31.06 31.06 31.06 31.03 31.00 30.94 30.91 30.88 30.88 30.88 30.88 30.88 30.88 30.75 30.28 29.47 28.81 28.34 27.94 27.53 27.03 26.50 25.91 25.31 24.75 24.22 23.84 23.56 23.34 23.41 23.41 23.41 23.41 23.41 23.41 23.31 23.41 23.38 23.09 22.81 22.41 21.47 21.16 20.81 20.59 20.34 19.91 19.47 19.09 18.75 18.53
38.91 38.62 38.41 38.19 37.91 37.56 37.22 36.97 36.75 36.50 36.28 36.06 35.81 35.59 35.38 35.09 35.06 34.91 33.62 33.12 32.53 31.91 31.31 31.12 31.09 31.06 31.06 31.06 31.06 31.06 31.00 30.94 30.88 30.88 30.88 30.88 30.84 30.81 30.78 30.72 30.16 29.38 28.78 28.34 27.94 27.50 27.03 26.53 25.97 25.41 24.81 24.28 23.88 23.59 23.44 23.41 23.41 23.41 23.41 23.41 23.41 23.38 23.38 23.31 22.91 22.03 21.53 21.34 21.25 21.00 20.72 20.50 20.06 19.62 19.22 18.84 18.62
38.97 38.66 38.41 38.19 37.97 37.62 37.12 36.75 36.47 36.25 36.03 35.78 35.56 35.34 35.06 34.84 34.62 34.47 33.84 32.94 32.34 31.75 31.25 31.12 31.09 31.06 31.06 31.06 31.06 31.06 31.06 31.00 30.88 30.88 30.88 30.88 30.84 30.78 30.72 30.62 29.91 29.25 28.75 28.31 27.91 27.47 27.03 26.56 26.03 25.50 24.91 24.34 23.91 23.59 23.44 23.41 23.41 23.41 23.41 23.41 23.41 23.25 23.09 22.81 22.22 21.75 21.62 21.47 21.31 21.12 20.88 20.62 20.25 19.81 19.38 19.00 18.72
38.97 38.66 38.41 38.16 37.91 37.69 37.19 36.66 36.25 36.00 35.75 35.53 35.31 35.06 34.84 34.62 34.38 34.16 33.91 33.38 32.31 31.66 31.19 31.09 31.06 31.06 31.06 31.06 31.06 31.06 31.09 31.06 30.91 30.88 30.91 30.91 30.84 30.78 30.69 30.41 29.72 29.22 28.72 28.28 27.84 27.41 27.00 26.56 26.09 25.56 25.00 24.41 23.97 23.62 23.44 23.41 23.41 23.41 23.41 23.38 23.34 23.09 22.84 22.53 22.09 21.94 21.78 21.59 21.44 21.28 21.03 20.78 20.41 19.97 19.53 19.12 18.78
38.88 38.59 38.31 38.06 37.78 37.53 37.22 36.66 36.09 35.75 35.50 35.28 35.06 34.84 34.62 34.38 34.16 33.91 33.72 33.53 32.97 31.56 31.12 31.09 31.06 31.06 31.06 31.06 31.06 31.09 31.09 31.06 30.97 30.91 30.91 30.91 30.91 30.91 30.78 30.22 29.66 29.16 28.69 28.22 27.72 27.31 26.94 26.56 26.16 25.66 25.09 24.53 24.03 23.66 23.47 23.41 23.41 23.41 23.41 23.38 23.19 23.00 22.59 22.34 22.19 22.06 21.91 21.72 21.56 21.41 21.19 20.91 20.66 20.16 19.72 19.25 18.88
38.72 38.44 38.16 37.88 37.59 37.28 37.00 36.69 36.00 35.53 35.25 35.06 34.84 34.62 34.38 34.16 33.94 33.72 33.53 33.34 33.09 32.44 31.28 31.06 31.06 31.06 31.06 31.03 30.91 30.88 30.97 31.06 31.00 30.94 30.91 30.88 30.88 30.81 30.44 30.00 29.56 29.09 28.59 28.09 27.62 27.22 26.84 26.53 26.22 25.81 25.31 24.78 24.25 23.78 23.53 23.44 23.41 23.41 23.41 23.38 23.09 22.84 22.59 22.44 22.31 22.16 22.03 21.84 21.69 21.53 21.34 21.06 20.81 20.31 19.84 19.34 18.38
38.59 38.31 38.00 37.72 37.41 37.09 36.78 36.47 36.09 35.38 35.06 34.84 34.62 34.38 34.16 33.94 33.75 33.53 33.34 33.16 32.94 32.75 32.12 31.50 31.19 31.09 31.16 30.91 30.62 30.62 30.75 30.91 30.91 30.94 30.88 30.75 30.78 30.81 30.22 29.84 29.41 28.94 28.47 27.97 27.50 27.09 26.78 26.50 26.22 25.91 25.50 25.03 24.50 24.03 23.66 23.47 23.44 23.44 23.47 23.22 23.03 22.84 22.69 22.56 22.41 22.28 22.12 21.97 21.81 21.66 21.47 21.22 20.91 20.31 19.50 18.66 17.97
