everonasctiles/Tile10,40.asc
ncols 128
nrows 128
xllcorner 0
yllcorner 0
cellsize 2.0
NODATA_value  -9999
[rows 32 to 63 of 128, columns 0 to 70 of 128]
-72.91 -73.19 -73.47 -73.72 -73.94 -74.12 -74.25 -74.31 -74.41 -74.47 -74.53 -74.62 -74.75 -74.81 -74.84 -74.84 -74.81 -74.72 -74.66 -74.56 -74.53 -74.47 -74.41 -74.31 -74.25 -74.19 -74.16 -74.06 -73.97 -73.84 -73.69 -73.47 -73.19 -72.84 -72.50 -72.16 -71.81 -71.47 -71.12 -70.78 -70.44 -70.06 -69.69 -69.28 -68.88 -68.44 -68.00 -67.56 -67.09 -66.66 -66.25 -65.84 -65.44 -65.09 -64.81 -64.53 -64.31 -64.09 -63.88 -63.69 -63.53 -63.38 -63.19 -63.03 -62.81 -62.62 -62.38 -62.16 -61.91 -61.66 -61.41
-73.03 -73.34 -73.62 -73.91 -74.16 -74.34 -74.50 -74.59 -74.66 -74.69 -74.75 -74.81 -74.94 -75.03 -75.09 -75.12 -75.09 -75.06 -75.03 -75.00 -74.97 -74.91 -74.84 -74.75 -74.69 -74.62 -74.56 -74.47 -74.34 -74.16 -73.94 -73.66 -73.34 -73.00 -72.62 -72.28 -71.94 -71.59 -71.25 -70.88 -70.50 -70.12 -69.72 -69.31 -68.88 -68.44 -67.97 -67.53 -67.06 -66.59 -66.16 -65.75 -65.38 -65.00 -64.72 -64.44 -64.19 -63.97 -63.78 -63.59 -63.41 -63.25 -63.06 -62.91 -62.72 -62.50 -62.28 -62.06 -61.81 -61.56 -61.34
-73.22 -73.50 -73.81 -74.09 -74.38 -74.59 -74.75 -74.84 -74.91 -74.94 -74.97 -75.03 -75.12 -75.22 -75.31 -75.38 -75.41 -75.44 -75.41 -75.41 -75.38 -75.34 -75.28 -75.19 -75.09 -75.03 -74.94 -74.81 -74.62 -74.41 -74.09 -73.78 -73.47 -73.12 -72.75 -72.41 -72.03 -71.66 -71.31 -70.94 -70.53 -70.12 -69.72 -69.28 -68.84 -68.41 -67.91 -67.44 -66.94 -66.47 -66.03 -65.59 -65.22 -64.88 -64.59 -64.31 -64.06 -63.84 -63.62 -63.44 -63.25 -63.06 -62.91 -62.75 -62.56 -62.38 -62.19 -61.97 -61.72 -61.47 -61.25
-73.41 -73.72 -74.03 -74.31 -74.59 -74.81 -75.00 -75.09 -75.16 -75.19 -75.22 -75.25 -75.31 -75.44 -75.53 -75.66 -75.72 -75.78 -75.81 -75.81 -75.78 -75.75 -75.69 -75.59 -75.50 -75.41 -75.28 -75.09 -74.84 -74.56 -74.25 -73.91 -73.56 -73.22 -72.88 -72.47 -72.09 -71.69 -71.31 -70.91 -70.50 -70.09 -69.66 -69.22 -68.78 -68.28 -67.81 -67.28 -66.78 -66.28 -65.81 -65.41 -65.03 -64.69 -64.41 -64.16 -63.94 -63.69 -63.50 -63.28 -63.09 -62.91 -62.72 -62.56 -62.38 -62.22 -62.03 -61.81 -61.59 -61.38 -61.16
-73.62 -73.94 -74.25 -74.56 -74.81 -75.06 -75.25 -75.38 -75.44 -75.47 -75.47 -75.47 -75.53 -75.62 -75.78 -75.91 -76.03 -76.09 -76.16 -76.19 -76.19 -76.12 -76.06 -75.94 -75.84 -75.72 -75.53 -75.31 -75.00 -74.69 -74.34 -74.03 -73.69 -73.31 -72.94 -72.53 -72.09 -71.69 -71.25 -70.84 -70.41 -70.00 -69.56 -69.09 -68.62 -68.16 -67.66 -67.12 -66.62 -66.09 -65.59 -65.16 -64.78 -64.47 -64.22 -63.97 -63.75 -63.53 -63.34 -63.12 -62.94 -62.75 -62.56 -62.38 -62.19 -62.03 -61.84 -61.66 -61.47 -61.28 -61.06
-73.84 -74.16 -74.47 -74.78 -75.06 -75.31 -75.50 -75.62 -75.72 -75.72 -75.72 -75.69 -75.75 -75.84 -76.00 -76.16 -76.31 -76.44 -76.50 -76.53 -76.53 -76.47 -76.38 -76.28 -76.16 -75.97 -75.75 -75.44 -75.12 -74.81 -74.47 -74.12 -73.75 -73.38 -72.97 -72.53 -72.09 -71.66 -71.22 -70.75 -70.31 -69.88 -69.41 -68.94 -68.47 -68.00 -67.47 -66.97 -66.44 -65.91 -65.38 -64.88 -64.50 -64.22 -63.97 -63.78 -63.56 -63.38 -63.16 -62.97 -62.78 -62.59 -62.41 -62.22 -62.03 -61.84 -61.69 -61.50 -61.34 -61.16 -60.94
-74.09 -74.41 -74.72 -75.03 -75.34 -75.56 -75.78 -75.91 -76.00 -76.00 -75.97 -75.94 -75.97 -76.06 -76.22 -76.41 -76.59 -76.72 -76.81 -76.84 -76.84 -76.78 -76.69 -76.56 -76.38 -76.16 -75.88 -75.56 -75.25 -74.91 -74.56 -74.19 -73.81 -73.41 -73.00 -72.56 -72.09 -71.62 -71.16 -70.66 -70.19 -69.72 -69.25 -68.78 -68.31 -67.81 -67.28 -66.78 -66.25 -65.75 -65.19 -64.62 -64.22 -63.94 -63.72 -63.56 -63.38 -63.22 -63.03 -62.84 -62.66 -62.47 -62.28 -62.09 -61.91 -61.72 -61.53 -61.38 -61.19 -61.03 -60.84
-74.34 -74.66 -75.00 -75.31 -75.59 -75.84 -76.06 -76.19 -76.28 -76.28 -76.25 -76.19 -76.19 -76.31 -76.47 -76.66 -76.84 -77.00 -77.09 -77.16 -77.12 -77.06 -76.94 -76.78 -76.56 -76.28 -76.00 -75.66 -75.34 -75.00 -74.62 -74.25 -73.84 -73.44 -73.00 -72.56 -72.09 -71.59 -71.09 -70.59 -70.09 -69.59 -69.09 -68.62 -68.12 -67.62 -67.09 -66.56 -66.09 -65.56 -65.00 -64.38 -63.88 -63.66 -63.50 -63.34 -63.22 -63.06 -62.91 -62.75 -62.56 -62.41 -62.22 -62.03 -61.84 -61.66 -61.47 -61.28 -61.09 -60.91 -60.72
-74.62 -74.97 -75.28 -75.59 -75.91 -76.16 -76.34 -76.47 -76.56 -76.56 -76.50 -76.44 -76.41 -76.56 -76.75 -76.94 -77.12 -77.25 -77.38 -77.41 -77.38 -77.28 -77.12 -76.91 -76.66 -76.38 -76.06 -75.75 -75.41 -75.03 -74.66 -74.28 -73.88 -73.44 -73.00 -72.53 -72.06 -71.56 -71.03 -70.50 -69.97 -69.47 -68.94 -68.44 -67.94 -67.44 -66.91 -66.41 -65.91 -65.38 -64.72 -64.12 -63.66 -63.38 -63.28 -63.19 -63.09 -62.97 -62.84 -62.72 -62.56 -62.41 -62.22 -62.03 -61.84 -61.62 -61.44 -61.22 -61.03 -60.84 -60.66
-74.91 -75.25 -75.56 -75.88 -76.19 -76.44 -76.66 -76.78 -76.84 -76.84 -76.78 -76.69 -76.69 -76.84 -77.03 -77.22 -77.38 -77.53 -77.62 -77.66 -77.59 -77.47 -77.28 -77.03 -76.75 -76.44 -76.12 -75.78 -75.44 -75.06 -74.66 -74.25 -73.84 -73.41 -72.94 -72.47 -71.97 -71.47 -70.94 -70.41 -69.88 -69.34 -68.81 -68.28 -67.78 -67.25 -66.75 -66.25 -65.72 -65.12 -64.53 -63.97 -63.56 -63.31 -63.19 -63.09 -63.03 -62.97 -62.88 -62.75 -62.62 -62.47 -62.28 -62.09 -61.88 -61.66 -61.44 -61.22 -61.00 -60.81 -60.62
-75.19 -75.50 -75.81 -76.16 -76.47 -76.75 -76.94 -77.09 -77.16 -77.16 -77.09 -77.00 -77.03 -77.19 -77.34 -77.50 -77.66 -77.78 -77.84 -77.84 -77.78 -77.62 -77.38 -77.12 -76.81 -76.50 -76.16 -75.81 -75.44 -75.06 -74.66 -74.25 -73.81 -73.34 -72.88 -72.41 -71.91 -71.38 -70.84 -70.31 -69.75 -69.22 -68.69 -68.16 -67.62 -67.12 -66.62 -66.09 -65.56 -65.00 -64.47 -64.03 -63.72 -63.50 -63.34 -63.25 -63.16 -63.06 -62.97 -62.88 -62.72 -62.56 -62.38 -62.16 -61.94 -61.72 -61.47 -61.25 -61.03 -60.81 -60.59
-75.53 -75.75 -76.06 -76.38 -76.72 -77.00 -77.22 -77.41 -77.47 -77.47 -77.41 -77.38 -77.44 -77.56 -77.69 -77.81 -77.94 -78.03 -78.06 -78.03 -77.94 -77.75 -77.50 -77.22 -76.91 -76.56 -76.22 -75.84 -75.47 -75.06 -74.66 -74.22 -73.78 -73.31 -72.84 -72.34 -71.81 -71.31 -70.78 -70.22 -69.66 -69.12 -68.59 -68.06 -67.56 -67.06 -66.56 -66.06 -65.56 -65.06 -64.62 -64.25 -63.94 -63.69 -63.50 -63.38 -63.28 -63.19 -63.09 -63.00 -62.84 -62.69 -62.47 -62.25 -62.00 -61.78 -61.53 -61.28 -61.03 -60.81 -60.62
-75.91 -76.06 -76.31 -76.62 -76.94 -77.22 -77.47 -77.69 -77.78 -77.78 -77.78 -77.78 -77.84 -77.94 -78.03 -78.12 -78.22 -78.28 -78.28 -78.22 -78.06 -77.84 -77.59 -77.31 -76.97 -76.62 -76.28 -75.91 -75.50 -75.09 -74.66 -74.22 -73.75 -73.28 -72.81 -72.31 -71.78 -71.28 -70.75 -70.22 -69.66 -69.12 -68.62 -68.12 -67.59 -67.09 -66.62 -66.12 -65.66 -65.19 -64.78 -64.41 -64.09 -63.84 -63.66 -63.53 -63.44 -63.34 -63.25 -63.12 -62.97 -62.78 -62.59 -62.34 -62.09 -61.84 -61.59 -61.34 -61.09 -60.88 -60.66
-76.34 -76.47 -76.62 -76.88 -77.16 -77.47 -77.72 -77.94 -78.06 -78.12 -78.12 -78.16 -78.22 -78.28 -78.38 -78.44 -78.50 -78.50 -78.47 -78.34 -78.16 -77.91 -77.66 -77.34 -77.03 -76.69 -76.34 -75.94 -75.56 -75.12 -74.69 -74.25 -73.78 -73.28 -72.78 -72.28 -71.78 -71.28 -70.78 -70.25 -69.72 -69.22 -68.69 -68.19 -67.69 -67.19 -66.72 -66.22 -65.78 -65.34 -64.94 -64.59 -64.28 -64.03 -63.84 -63.72 -63.62 -63.53 -63.41 -63.28 -63.09 -62.91 -62.69 -62.44 -62.19 -61.91 -61.66 -61.41 -61.16 -60.91 -60.69
-76.78 -76.91 -77.03 -77.16 -77.41 -77.72 -77.97 -78.19 -78.34 -78.44 -78.47 -78.50 -78.56 -78.62 -78.69 -78.72 -78.75 -78.72 -78.62 -78.44 -78.22 -77.97 -77.69 -77.38 -77.06 -76.72 -76.34 -75.97 -75.59 -75.19 -74.75 -74.28 -73.81 -73.31 -72.81 -72.31 -71.81 -71.31 -70.81 -70.31 -69.81 -69.28 -68.78 -68.28 -67.78 -67.31 -66.81 -66.38 -65.94 -65.53 -65.12 -64.75 -64.44 -64.19 -64.00 -63.88 -63.78 -63.69 -63.56 -63.41 -63.22 -63.00 -62.75 -62.50 -62.25 -61.97 -61.72 -61.44 -61.19 -60.97 -60.75
-77.25 -77.34 -77.47 -77.56 -77.75 -77.97 -78.25 -78.47 -78.62 -78.72 -78.78 -78.84 -78.91 -78.94 -78.97 -79.00 -78.97 -78.88 -78.72 -78.50 -78.25 -77.97 -77.69 -77.38 -77.03 -76.69 -76.34 -75.97 -75.59 -75.19 -74.75 -74.31 -73.84 -73.34 -72.88 -72.38 -71.88 -71.34 -70.84 -70.34 -69.84 -69.34 -68.84 -68.34 -67.88 -67.41 -66.94 -66.50 -66.09 -65.69 -65.28 -64.94 -64.62 -64.38 -64.19 -64.06 -63.97 -63.84 -63.69 -63.50 -63.31 -63.09 -62.84 -62.59 -62.31 -62.03 -61.78 -61.50 -61.25 -61.00 -60.78
-77.66 -77.78 -77.91 -78.00 -78.12 -78.31 -78.53 -78.75 -78.91 -79.03 -79.09 -79.16 -79.19 -79.22 -79.25 -79.22 -79.16 -79.00 -78.81 -78.59 -78.31 -78.03 -77.69 -77.38 -77.03 -76.66 -76.31 -75.94 -75.53 -75.16 -74.72 -74.28 -73.84 -73.38 -72.88 -72.41 -71.88 -71.38 -70.84 -70.34 -69.84 -69.34 -68.88 -68.41 -67.94 -67.50 -67.06 -66.66 -66.25 -65.84 -65.47 -65.12 -64.81 -64.56 -64.41 -64.25 -64.09 -63.97 -63.78 -63.59 -63.38 -63.16 -62.91 -62.66 -62.38 -62.09 -61.81 -61.56 -61.31 -61.09 -60.88
-78.06 -78.22 -78.34 -78.44 -78.53 -78.66 -78.84 -79.03 -79.19 -79.31 -79.38 -79.44 -79.47 -79.50 -79.47 -79.44 -79.31 -79.12 -78.91 -78.66 -78.38 -78.06 -77.75 -77.41 -77.03 -76.66 -76.28 -75.91 -75.50 -75.09 -74.69 -74.25 -73.81 -73.34 -72.88 -72.38 -71.88 -71.38 -70.88 -70.38 -69.88 -69.41 -68.91 -68.47 -68.03 -67.59 -67.19 -66.81 -66.41 -66.03 -65.66 -65.31 -65.00 -64.78 -64.56 -64.41 -64.22 -64.06 -63.88 -63.66 -63.44 -63.22 -62.97 -62.72 -62.44 -62.16 -61.91 -61.62 -61.41 -61.19 -61.00
-78.44 -78.62 -78.75 -78.84 -78.94 -79.03 -79.19 -79.34 -79.47 -79.59 -79.66 -79.69 -79.72 -79.72 -79.69 -79.59 -79.44 -79.25 -79.03 -78.75 -78.47 -78.16 -77.81 -77.44 -77.06 -76.66 -76.25 -75.84 -75.44 -75.03 -74.62 -74.19 -73.75 -73.28 -72.84 -72.38 -71.88 -71.38 -70.91 -70.41 -69.91 -69.44 -69.00 -68.56 -68.12 -67.72 -67.34 -66.97 -66.59 -66.19 -65.84 -65.50 -65.22 -64.97 -64.75 -64.53 -64.34 -64.16 -63.94 -63.72 -63.50 -63.28 -63.03 -62.78 -62.53 -62.25 -62.00 -61.75 -61.50 -61.31 -61.12
-78.75 -78.97 -79.12 -79.22 -79.31 -79.41 -79.50 -79.62 -79.75 -79.84 -79.91 -79.94 -79.94 -79.91 -79.84 -79.72 -79.56 -79.34 -79.09 -78.84 -78.53 -78.19 -77.84 -77.47 -77.06 -76.66 -76.22 -75.81 -75.38 -74.97 -74.53 -74.09 -73.66 -73.22 -72.78 -72.31 -71.84 -71.38 -70.91 -70.44 -69.97 -69.50 -69.06 -68.66 -68.25 -67.88 -67.50 -67.12 -66.72 -66.38 -66.00 -65.69 -65.38 -65.12 -64.91 -64.66 -64.44 -64.25 -64.03 -63.81 -63.59 -63.34 -63.12 -62.88 -62.62 -62.34 -62.09 -61.88 -61.66 -61.44 -61.28
-79.03 -79.25 -79.44 -79.56 -79.66 -79.75 -79.81 -79.91 -80.03 -80.09 -80.12 -80.16 -80.12 -80.06 -79.97 -79.84 -79.66 -79.41 -79.16 -78.88 -78.56 -78.22 -77.84 -77.44 -77.03 -76.59 -76.19 -75.75 -75.31 -74.88 -74.44 -74.00 -73.56 -73.12 -72.66 -72.22 -71.78 -71.34 -70.88 -70.44 -70.00 -69.56 -69.12 -68.72 -68.34 -67.94 -67.59 -67.22 -66.84 -66.50 -66.16 -65.84 -65.53 -65.28 -65.03 -64.81 -64.56 -64.34 -64.12 -63.91 -63.69 -63.44 -63.22 -62.97 -62.72 -62.47 -62.22 -62.00 -61.78 -61.59 -61.41
-79.25 -79.50 -79.72 -79.88 -79.97 -80.06 -80.12 -80.19 -80.28 -80.31 -80.34 -80.34 -80.28 -80.22 -80.09 -79.91 -79.72 -79.47 -79.19 -78.88 -78.53 -78.19 -77.78 -77.38 -76.94 -76.50 -76.06 -75.62 -75.19 -74.75 -74.31 -73.88 -73.44 -73.00 -72.56 -72.09 -71.66 -71.22 -70.81 -70.38 -69.94 -69.53 -69.12 -68.72 -68.34 -67.97 -67.62 -67.25 -66.91 -66.56 -66.25 -65.94 -65.69 -65.41 -65.19 -64.94 -64.69 -64.47 -64.25 -64.00 -63.78 -63.56 -63.31 -63.06 -62.81 -62.56 -62.34 -62.12 -61.91 -61.72 -61.53
-79.47 -79.72 -79.94 -80.12 -80.25 -80.31 -80.38 -80.44 -80.50 -80.53 -80.53 -80.50 -80.44 -80.34 -80.19 -80.00 -79.78 -79.50 -79.19 -78.84 -78.47 -78.09 -77.69 -77.25 -76.81 -76.34 -75.91 -75.47 -75.03 -74.59 -74.16 -73.75 -73.31 -72.88 -72.44 -71.97 -71.53 -71.09 -70.66 -70.25 -69.84 -69.44 -69.03 -68.66 -68.28 -67.94 -67.59 -67.25 -66.94 -66.62 -66.34 -66.06 -65.81 -65.56 -65.31 -65.06 -64.84 -64.59 -64.34 -64.12 -63.91 -63.66 -63.41 -63.16 -62.91 -62.69 -62.44 -62.22 -62.03 -61.81 -61.62
-79.72 -79.94 -80.16 -80.31 -80.47 -80.56 -80.62 -80.66 -80.72 -80.72 -80.72 -80.66 -80.59 -80.47 -80.28 -80.06 -79.81 -79.53 -79.19 -78.81 -78.41 -78.00 -77.56 -77.12 -76.66 -76.19 -75.69 -75.25 -74.81 -74.38 -73.97 -73.56 -73.16 -72.75 -72.31 -71.88 -71.41 -70.97 -70.53 -70.09 -69.69 -69.31 -68.94 -68.56 -68.22 -67.88 -67.56 -67.25 -66.97 -66.69 -66.44 -66.19 -65.94 -65.69 -65.47 -65.22 -64.97 -64.72 -64.47 -64.25 -64.00 -63.75 -63.50 -63.25 -63.00 -62.75 -62.53 -62.31 -62.09 -61.91 -61.69
-79.97 -80.19 -80.38 -80.53 -80.66 -80.78 -80.84 -80.88 -80.91 -80.91 -80.88 -80.81 -80.72 -80.56 -80.38 -80.16 -79.88 -79.53 -79.19 -78.78 -78.38 -77.91 -77.44 -76.94 -76.44 -75.91 -75.41 -74.94 -74.50 -74.12 -73.75 -73.38 -73.00 -72.59 -72.19 -71.75 -71.31 -70.88 -70.41 -69.97 -69.53 -69.16 -68.81 -68.47 -68.16 -67.88 -67.59 -67.31 -67.06 -66.81 -66.56 -66.31 -66.09 -65.84 -65.59 -65.34 -65.09 -64.84 -64.59 -64.31 -64.09 -63.84 -63.56 -63.31 -63.06 -62.84 -62.59 -62.38 -62.16 -61.97 -61.78
-80.25 -80.44 -80.59 -80.75 -80.88 -80.97 -81.03 -81.06 -81.09 -81.06 -81.03 -80.97 -80.84 -80.66 -80.47 -80.22 -79.91 -79.56 -79.19 -78.78 -78.34 -77.84 -77.31 -76.72 -76.16 -75.59 -75.06 -74.56 -74.16 -73.81 -73.50 -73.19 -72.84 -72.47 -72.09 -71.69 -71.25 -70.81 -70.34 -69.88 -69.47 -69.12 -68.78 -68.47 -68.19 -67.94 -67.69 -67.44 -67.19 -66.94 -66.72 -66.47 -66.25 -66.00 -65.75 -65.50 -65.22 -64.94 -64.66 -64.41 -64.12 -63.88 -63.59 -63.34 -63.09 -62.84 -62.62 -62.41 -62.22 -62.03 -61.81
-80.50 -80.66 -80.81 -80.94 -81.06 -81.16 -81.22 -81.25 -81.25 -81.22 -81.16 -81.06 -80.94 -80.75 -80.53 -80.28 -79.97 -79.62 -79.25 -78.84 -78.38 -77.88 -77.34 -76.72 -76.12 -75.56 -75.03 -74.59 -74.25 -73.91 -73.59 -73.22 -72.84 -72.44 -72.03 -71.62 -71.22 -70.81 -70.41 -70.00 -69.62 -69.25 -68.94 -68.62 -68.34 -68.09 -67.84 -67.59 -67.34 -67.09 -66.88 -66.62 -66.41 -66.16 -65.91 -65.62 -65.34 -65.06 -64.75 -64.47 -64.16 -63.88 -63.59 -63.34 -63.09 -62.84 -62.62 -62.44 -62.22 -62.03 -61.84
-80.75 -80.91 -81.03 -81.16 -81.25 -81.31 -81.38 -81.41 -81.38 -81.34 -81.28 -81.16 -81.00 -80.81 -80.59 -80.34 -80.03 -79.69 -79.31 -78.91 -78.47 -78.00 -77.47 -76.94 -76.41 -75.91 -75.44 -75.00 -74.59 -74.22 -73.81 -73.38 -72.97 -72.53 -72.09 -71.72 -71.31 -70.94 -70.56 -70.16 -69.78 -69.44 -69.09 -68.78 -68.50 -68.25 -68.00 -67.78 -67.53 -67.28 -67.03 -66.81 -66.59 -66.34 -66.06 -65.78 -65.47 -65.16 -64.84 -64.53 -64.22 -63.91 -63.62 -63.34 -63.09 -62.84 -62.62 -62.41 -62.22 -62.03 -61.88
-80.97 -81.09 -81.22 -81.31 -81.41 -81.50 -81.53 -81.53 -81.53 -81.47 -81.38 -81.25 -81.09 -80.91 -80.66 -80.38 -80.09 -79.75 -79.38 -78.97 -78.56 -78.12 -77.66 -77.16 -76.69 -76.22 -75.75 -75.31 -74.91 -74.47 -74.00 -73.56 -73.12 -72.69 -72.28 -71.88 -71.50 -71.09 -70.72 -70.34 -69.97 -69.59 -69.28 -68.97 -68.69 -68.44 -68.19 -67.94 -67.72 -67.47 -67.25 -67.00 -66.75 -66.50 -66.19 -65.91 -65.56 -65.25 -64.91 -64.59 -64.25 -63.94 -63.62 -63.34 -63.09 -62.84 -62.62 -62.41 -62.25 -62.06 -61.88
-81.19 -81.28 -81.41 -81.50 -81.56 -81.62 -81.69 -81.66 -81.62 -81.56 -81.47 -81.34 -81.19 -80.97 -80.75 -80.47 -80.16 -79.84 -79.47 -79.09 -78.69 -78.28 -77.84 -77.38 -76.94 -76.47 -76.03 -75.59 -75.16 -74.69 -74.19 -73.75 -73.28 -72.88 -72.47 -72.06 -71.69 -71.28 -70.91 -70.50 -70.12 -69.75 -69.44 -69.12 -68.88 -68.62 -68.38 -68.16 -67.91 -67.66 -67.44 -67.19 -66.91 -66.62 -66.31 -66.00 -65.66 -65.31 -65.00 -64.66 -64.31 -64.00 -63.66 -63.38 -63.09 -62.84 -62.62 -62.44 -62.28 -62.12 -61.97
-81.38 -81.47 -81.56 -81.66 -81.72 -81.78 -81.78 -81.78 -81.75 -81.69 -81.59 -81.44 -81.28 -81.09 -80.84 -80.56 -80.28 -79.97 -79.62 -79.28 -78.88 -78.47 -78.03 -77.59 -77.16 -76.72 -76.28 -75.81 -75.34 -74.84 -74.38 -73.91 -73.47 -73.06 -72.66 -72.28 -71.88 -71.47 -71.06 -70.66 -70.25 -69.91 -69.59 -69.31 -69.03 -68.81 -68.56 -68.34 -68.09 -67.84 -67.59 -67.34 -67.03 -66.75 -66.41 -66.06 -65.72 -65.38 -65.03 -64.66 -64.34 -64.00 -63.69 -63.38 -63.12 -62.88 -62.69 -62.53 -62.38 -62.22 -62.06
-81.53 -81.62 -81.72 -81.78 -81.84 -81.88 -81.91 -81.91 -81.84 -81.78 -81.69 -81.56 -81.38 -81.19 -80.97 -80.69 -80.41 -80.12 -79.78 -79.44 -79.03 -78.62 -78.22 -77.78 -77.34 -76.91 -76.44 -75.97 -75.47 -75.00 -74.56 -74.09 -73.69 -73.28 -72.88 -72.44 -72.03 -71.62 -71.22 -70.81 -70.41 -70.06 -69.75 -69.47 -69.22 -68.97 -68.75 -68.53 -68.28 -68.03 -67.75 -67.44 -67.16 -66.81 -66.47 -66.12 -65.75 -65.38 -65.00 -64.66 -64.31 -63.97 -63.66 -63.38 -63.12 -62.94 -62.78 -62.66 -62.53 -62.38 -62.22
