everonasctiles/Tile[24,47].asc
ncols 128
nrows 128
xllcorner 0
yllcorner 0
cellsize 2.0
NODATA_value  -9999
[rows 32 to 63 of 128, columns 0 to 70 of 128]
-77.97 -77.97 -77.97 -77.97 -77.97 -77.94 -77.94 -77.94 -77.94 -77.91 -77.91 -77.91 -77.88 -77.84 -77.78 -77.72 -77.66 -77.59 -77.50 -77.41 -77.28 -77.16 -77.06 -76.94 -76.84 -76.75 -76.66 -76.56 -76.47 -76.38 -76.28 -76.16 -76.28 -76.50 -76.72 -76.88 -77.00 -77.12 -77.22 -77.28 -77.31 -77.41 -77.53 -77.66 -77.78 -77.88 -77.97 -78.09 -78.19 -78.25 -78.31 -78.34 -78.31 -78.25 -78.12 -78.03 -77.94 -77.88 -77.84 -77.78 -77.66 -77.53 -77.38 -77.19 -77.00 -76.78 -76.59 -76.38 -76.19 -75.97 -76.06
-77.97 -77.97 -77.97 -77.97 -77.97 -77.94 -77.94 -77.94 -77.91 -77.91 -77.91 -77.91 -77.88 -77.84 -77.81 -77.78 -77.72 -77.66 -77.56 -77.47 -77.38 -77.28 -77.19 -77.09 -77.03 -76.94 -76.84 -76.75 -76.66 -76.56 -76.47 -76.34 -76.22 -76.19 -76.25 -76.47 -76.66 -76.78 -76.84 -76.91 -76.97 -77.09 -77.22 -77.34 -77.50 -77.62 -77.75 -77.88 -78.00 -78.09 -78.16 -78.19 -78.19 -78.12 -78.03 -77.94 -77.88 -77.81 -77.78 -77.72 -77.62 -77.53 -77.38 -77.22 -77.03 -76.84 -76.62 -76.44 -76.25 -76.09 -75.91
-77.97 -77.97 -77.97 -77.97 -77.97 -77.97 -77.94 -77.94 -77.91 -77.91 -77.91 -77.88 -77.88 -77.88 -77.84 -77.81 -77.75 -77.69 -77.62 -77.53 -77.47 -77.38 -77.28 -77.22 -77.16 -77.09 -77.03 -76.94 -76.81 -76.72 -76.59 -76.47 -76.34 -76.19 -76.00 -76.06 -76.31 -76.47 -76.53 -76.59 -76.66 -76.78 -76.91 -77.06 -77.22 -77.38 -77.53 -77.69 -77.81 -77.94 -78.00 -78.06 -78.06 -78.03 -77.94 -77.84 -77.78 -77.75 -77.69 -77.66 -77.56 -77.47 -77.38 -77.22 -77.06 -76.88 -76.69 -76.50 -76.28 -76.12 -75.94
-77.94 -77.97 -77.97 -77.97 -77.97 -77.94 -77.94 -77.91 -77.91 -77.88 -77.88 -77.88 -77.88 -77.88 -77.84 -77.84 -77.78 -77.75 -77.69 -77.62 -77.53 -77.47 -77.41 -77.34 -77.28 -77.22 -77.16 -77.09 -76.97 -76.84 -76.72 -76.56 -76.41 -76.25 -76.06 -75.84 -75.94 -76.12 -76.25 -76.31 -76.38 -76.50 -76.62 -76.78 -76.94 -77.12 -77.31 -77.47 -77.62 -77.75 -77.84 -77.91 -77.91 -77.91 -77.84 -77.78 -77.72 -77.66 -77.62 -77.56 -77.50 -77.44 -77.34 -77.22 -77.09 -76.91 -76.72 -76.53 -76.34 -76.12 -75.97
-77.94 -77.94 -77.94 -77.94 -77.94 -77.94 -77.91 -77.91 -77.88 -77.88 -77.88 -77.88 -77.88 -77.88 -77.88 -77.84 -77.81 -77.78 -77.72 -77.66 -77.59 -77.53 -77.47 -77.41 -77.38 -77.34 -77.28 -77.19 -77.09 -76.97 -76.81 -76.66 -76.50 -76.34 -76.16 -75.97 -75.75 -75.78 -75.94 -76.06 -76.12 -76.25 -76.38 -76.53 -76.69 -76.88 -77.06 -77.25 -77.41 -77.53 -77.66 -77.72 -77.75 -77.78 -77.75 -77.69 -77.62 -77.59 -77.53 -77.47 -77.44 -77.38 -77.31 -77.22 -77.09 -76.94 -76.78 -76.56 -76.38 -76.16 -76.00
-77.94 -77.94 -77.94 -77.94 -77.94 -77.91 -77.91 -77.88 -77.88 -77.88 -77.88 -77.88 -77.88 -77.88 -77.88 -77.84 -77.81 -77.78 -77.75 -77.69 -77.62 -77.56 -77.50 -77.47 -77.41 -77.38 -77.34 -77.28 -77.19 -77.06 -76.91 -76.75 -76.59 -76.41 -76.25 -76.06 -75.91 -75.69 -75.66 -75.78 -75.91 -76.03 -76.16 -76.28 -76.47 -76.66 -76.84 -77.00 -77.19 -77.31 -77.47 -77.56 -77.62 -77.62 -77.62 -77.59 -77.53 -77.47 -77.44 -77.41 -77.34 -77.31 -77.25 -77.19 -77.09 -76.97 -76.81 -76.62 -76.41 -76.22 -76.03
-77.94 -77.94 -77.94 -77.94 -77.91 -77.91 -77.91 -77.88 -77.88 -77.88 -77.88 -77.88 -77.88 -77.88 -77.84 -77.84 -77.81 -77.78 -77.72 -77.66 -77.59 -77.53 -77.50 -77.47 -77.44 -77.41 -77.38 -77.31 -77.22 -77.12 -77.00 -76.88 -76.72 -76.53 -76.34 -76.16 -75.97 -75.81 -75.62 -75.59 -75.72 -75.81 -75.94 -76.06 -76.22 -76.41 -76.59 -76.75 -76.94 -77.12 -77.25 -77.38 -77.47 -77.50 -77.50 -77.47 -77.44 -77.38 -77.34 -77.31 -77.28 -77.25 -77.22 -77.16 -77.06 -76.97 -76.81 -76.62 -76.44 -76.25 -76.06
-77.94 -77.94 -77.94 -77.91 -77.91 -77.91 -77.88 -77.88 -77.88 -77.88 -77.88 -77.88 -77.88 -77.88 -77.84 -77.81 -77.78 -77.75 -77.69 -77.62 -77.56 -77.50 -77.47 -77.44 -77.41 -77.38 -77.34 -77.31 -77.25 -77.19 -77.09 -76.97 -76.81 -76.66 -76.47 -76.25 -76.06 -75.88 -75.72 -75.59 -75.56 -75.66 -75.75 -75.88 -76.00 -76.16 -76.34 -76.53 -76.72 -76.91 -77.06 -77.22 -77.31 -77.38 -77.41 -77.38 -77.34 -77.28 -77.25 -77.22 -77.22 -77.19 -77.16 -77.09 -77.03 -76.94 -76.81 -76.62 -76.47 -76.25 -76.06
-77.94 -77.94 -77.91 -77.91 -77.91 -77.91 -77.88 -77.88 -77.88 -77.88 -77.88 -77.88 -77.88 -77.84 -77.84 -77.81 -77.78 -77.72 -77.66 -77.59 -77.53 -77.50 -77.44 -77.41 -77.41 -77.38 -77.34 -77.34 -77.31 -77.25 -77.19 -77.09 -76.94 -76.75 -76.56 -76.34 -76.12 -75.94 -75.78 -75.62 -75.50 -75.50 -75.56 -75.66 -75.78 -75.94 -76.12 -76.31 -76.50 -76.72 -76.91 -77.06 -77.19 -77.25 -77.28 -77.28 -77.25 -77.19 -77.19 -77.16 -77.16 -77.12 -77.09 -77.06 -77.00 -76.91 -76.78 -76.62 -76.44 -76.28 -76.06
-77.91 -77.91 -77.91 -77.91 -77.91 -77.88 -77.88 -77.88 -77.88 -77.88 -77.88 -77.88 -77.84 -77.84 -77.81 -77.81 -77.75 -77.72 -77.66 -77.59 -77.53 -77.47 -77.44 -77.41 -77.41 -77.38 -77.38 -77.34 -77.34 -77.31 -77.25 -77.16 -77.03 -76.88 -76.66 -76.44 -76.22 -76.03 -75.84 -75.66 -75.53 -75.41 -75.38 -75.47 -75.59 -75.72 -75.91 -76.12 -76.34 -76.56 -76.78 -76.94 -77.06 -77.16 -77.19 -77.19 -77.16 -77.12 -77.12 -77.09 -77.09 -77.06 -77.06 -77.00 -76.94 -76.84 -76.75 -76.59 -76.44 -76.28 -76.09
-77.91 -77.91 -77.91 -77.91 -77.88 -77.88 -77.88 -77.84 -77.84 -77.84 -77.84 -77.84 -77.84 -77.84 -77.81 -77.78 -77.75 -77.72 -77.66 -77.59 -77.53 -77.50 -77.47 -77.44 -77.41 -77.41 -77.41 -77.38 -77.38 -77.34 -77.31 -77.25 -77.12 -76.94 -76.75 -76.53 -76.31 -76.09 -75.91 -75.72 -75.53 -75.38 -75.22 -75.25 -75.38 -75.56 -75.75 -75.97 -76.22 -76.44 -76.66 -76.84 -76.97 -77.06 -77.09 -77.09 -77.06 -77.06 -77.06 -77.06 -77.03 -77.03 -77.00 -76.97 -76.91 -76.81 -76.72 -76.59 -76.44 -76.28 -76.09
-77.88 -77.88 -77.88 -77.88 -77.88 -77.88 -77.84 -77.84 -77.84 -77.84 -77.84 -77.84 -77.84 -77.81 -77.81 -77.78 -77.75 -77.72 -77.66 -77.62 -77.56 -77.53 -77.50 -77.47 -77.44 -77.41 -77.41 -77.41 -77.41 -77.41 -77.38 -77.28 -77.16 -77.00 -76.81 -76.62 -76.41 -76.19 -75.97 -75.75 -75.56 -75.38 -75.19 -75.03 -75.22 -75.44 -75.66 -75.88 -76.09 -76.34 -76.56 -76.72 -76.88 -76.94 -76.97 -77.00 -77.00 -77.00 -77.00 -77.00 -77.00 -76.97 -76.97 -76.94 -76.88 -76.81 -76.72 -76.59 -76.47 -76.31 -76.12
-77.84 -77.84 -77.88 -77.88 -77.84 -77.84 -77.84 -77.84 -77.81 -77.81 -77.81 -77.81 -77.81 -77.81 -77.81 -77.78 -77.75 -77.72 -77.69 -77.66 -77.59 -77.56 -77.53 -77.50 -77.47 -77.44 -77.44 -77.41 -77.41 -77.41 -77.38 -77.31 -77.19 -77.06 -76.88 -76.69 -76.47 -76.22 -76.00 -75.78 -75.56 -75.38 -75.19 -75.00 -75.19 -75.38 -75.56 -75.78 -76.03 -76.25 -76.44 -76.62 -76.75 -76.81 -76.88 -76.91 -76.91 -76.94 -76.94 -76.94 -76.94 -76.91 -76.91 -76.88 -76.84 -76.78 -76.69 -76.59 -76.47 -76.34 -76.16
-77.81 -77.84 -77.84 -77.84 -77.84 -77.84 -77.81 -77.81 -77.81 -77.81 -77.81 -77.81 -77.81 -77.81 -77.78 -77.78 -77.78 -77.75 -77.72 -77.69 -77.66 -77.59 -77.56 -77.50 -77.47 -77.44 -77.44 -77.41 -77.41 -77.41 -77.38 -77.31 -77.22 -77.09 -76.94 -76.75 -76.53 -76.28 -76.03 -75.81 -75.59 -75.41 -75.28 -75.12 -75.16 -75.34 -75.50 -75.72 -75.91 -76.12 -76.31 -76.47 -76.59 -76.69 -76.75 -76.78 -76.84 -76.88 -76.88 -76.88 -76.88 -76.88 -76.84 -76.81 -76.78 -76.75 -76.69 -76.59 -76.50 -76.34 -76.19
-77.78 -77.81 -77.81 -77.81 -77.84 -77.81 -77.81 -77.78 -77.78 -77.78 -77.78 -77.78 -77.78 -77.78 -77.78 -77.78 -77.78 -77.78 -77.75 -77.72 -77.66 -77.62 -77.56 -77.53 -77.47 -77.44 -77.44 -77.41 -77.41 -77.38 -77.34 -77.28 -77.22 -77.09 -76.97 -76.78 -76.56 -76.34 -76.09 -75.88 -75.66 -75.50 -75.38 -75.25 -75.16 -75.28 -75.44 -75.59 -75.78 -75.97 -76.12 -76.28 -76.41 -76.50 -76.59 -76.69 -76.75 -76.81 -76.84 -76.84 -76.81 -76.81 -76.78 -76.78 -76.75 -76.72 -76.66 -76.59 -76.50 -76.38 -76.22
-77.75 -77.75 -77.78 -77.81 -77.81 -77.81 -77.78 -77.78 -77.78 -77.78 -77.78 -77.78 -77.78 -77.78 -77.78 -77.78 -77.78 -77.78 -77.75 -77.72 -77.69 -77.62 -77.59 -77.53 -77.47 -77.44 -77.44 -77.41 -77.38 -77.34 -77.31 -77.28 -77.22 -77.12 -77.00 -76.84 -76.62 -76.41 -76.19 -75.97 -75.78 -75.62 -75.47 -75.34 -75.25 -75.22 -75.34 -75.50 -75.66 -75.81 -75.97 -76.09 -76.22 -76.34 -76.47 -76.56 -76.66 -76.75 -76.78 -76.78 -76.78 -76.75 -76.75 -76.72 -76.69 -76.66 -76.62 -76.59 -76.50 -76.41 -76.28
-77.69 -77.72 -77.75 -77.78 -77.78 -77.78 -77.78 -77.75 -77.75 -77.75 -77.75 -77.78 -77.78 -77.78 -77.78 -77.78 -77.78 -77.78 -77.78 -77.75 -77.69 -77.62 -77.56 -77.53 -77.47 -77.44 -77.44 -77.41 -77.38 -77.34 -77.31 -77.25 -77.22 -77.12 -77.03 -76.88 -76.72 -76.50 -76.31 -76.09 -75.91 -75.75 -75.59 -75.44 -75.31 -75.22 -75.28 -75.41 -75.53 -75.66 -75.78 -75.91 -76.03 -76.19 -76.31 -76.47 -76.56 -76.66 -76.72 -76.72 -76.72 -76.72 -76.69 -76.66 -76.62 -76.59 -76.59 -76.56 -76.50 -76.41 -76.31
-77.66 -77.69 -77.72 -77.75 -77.75 -77.78 -77.75 -77.75 -77.75 -77.75 -77.75 -77.75 -77.78 -77.78 -77.78 -77.78 -77.78 -77.78 -77.78 -77.72 -77.69 -77.62 -77.56 -77.50 -77.47 -77.44 -77.41 -77.38 -77.34 -77.31 -77.28 -77.25 -77.19 -77.16 -77.06 -76.94 -76.78 -76.62 -76.41 -76.22 -76.03 -75.84 -75.66 -75.50 -75.34 -75.25 -75.22 -75.31 -75.41 -75.50 -75.59 -75.72 -75.88 -76.03 -76.19 -76.34 -76.47 -76.56 -76.62 -76.66 -76.69 -76.66 -76.62 -76.59 -76.59 -76.56 -76.56 -76.56 -76.50 -76.44 -76.34
-77.62 -77.66 -77.69 -77.72 -77.75 -77.75 -77.75 -77.75 -77.75 -77.72 -77.75 -77.75 -77.75 -77.78 -77.78 -77.78 -77.81 -77.78 -77.75 -77.72 -77.66 -77.59 -77.53 -77.50 -77.44 -77.41 -77.38 -77.34 -77.31 -77.28 -77.22 -77.19 -77.19 -77.12 -77.09 -77.00 -76.88 -76.69 -76.50 -76.28 -76.09 -75.88 -75.69 -75.53 -75.38 -75.25 -75.19 -75.22 -75.28 -75.38 -75.44 -75.56 -75.72 -75.88 -76.06 -76.25 -76.38 -76.50 -76.56 -76.59 -76.62 -76.62 -76.62 -76.59 -76.59 -76.59 -76.59 -76.59 -76.56 -76.50 -76.41
-77.59 -77.62 -77.66 -77.69 -77.72 -77.72 -77.75 -77.75 -77.72 -77.72 -77.72 -77.75 -77.75 -77.78 -77.78 -77.78 -77.78 -77.78 -77.75 -77.69 -77.62 -77.56 -77.50 -77.44 -77.41 -77.38 -77.34 -77.28 -77.25 -77.22 -77.16 -77.12 -77.09 -77.09 -77.06 -77.00 -76.91 -76.75 -76.56 -76.31 -76.09 -75.88 -75.69 -75.50 -75.38 -75.25 -75.16 -75.16 -75.19 -75.25 -75.31 -75.44 -75.59 -75.78 -75.97 -76.16 -76.31 -76.44 -76.53 -76.59 -76.62 -76.66 -76.66 -76.62 -76.62 -76.62 -76.66 -76.66 -76.66 -76.59 -76.50
-77.56 -77.59 -77.66 -77.66 -77.69 -77.72 -77.72 -77.75 -77.75 -77.72 -77.72 -77.75 -77.75 -77.75 -77.78 -77.78 -77.78 -77.75 -77.72 -77.66 -77.59 -77.53 -77.47 -77.41 -77.34 -77.31 -77.28 -77.22 -77.16 -77.12 -77.06 -77.03 -77.00 -76.97 -76.97 -76.94 -76.88 -76.72 -76.53 -76.31 -76.06 -75.84 -75.66 -75.47 -75.34 -75.25 -75.16 -75.12 -75.12 -75.16 -75.22 -75.34 -75.50 -75.72 -75.91 -76.12 -76.28 -76.44 -76.56 -76.62 -76.69 -76.72 -76.72 -76.72 -76.72 -76.72 -76.75 -76.78 -76.75 -76.72 -76.66
-77.53 -77.59 -77.62 -77.66 -77.69 -77.72 -77.72 -77.75 -77.75 -77.75 -77.75 -77.75 -77.75 -77.75 -77.75 -77.75 -77.75 -77.72 -77.66 -77.62 -77.53 -77.47 -77.41 -77.34 -77.31 -77.25 -77.19 -77.12 -77.06 -77.00 -76.94 -76.88 -76.84 -76.84 -76.81 -76.81 -76.75 -76.66 -76.47 -76.25 -76.03 -75.81 -75.59 -75.44 -75.31 -75.22 -75.12 -75.12 -75.12 -75.12 -75.09 -75.22 -75.44 -75.69 -75.91 -76.12 -76.31 -76.50 -76.62 -76.72 -76.78 -76.81 -76.81 -76.84 -76.84 -76.84 -76.88 -76.91 -76.88 -76.84 -76.81
-77.50 -77.56 -77.59 -77.62 -77.66 -77.69 -77.72 -77.75 -77.75 -77.75 -77.72 -77.72 -77.72 -77.75 -77.72 -77.72 -77.69 -77.66 -77.62 -77.53 -77.47 -77.41 -77.34 -77.28 -77.22 -77.16 -77.09 -77.03 -76.97 -76.88 -76.78 -76.72 -76.69 -76.66 -76.66 -76.62 -76.59 -76.50 -76.34 -76.16 -75.94 -75.72 -75.53 -75.38 -75.25 -75.16 -75.16 -75.22 -75.28 -75.31 -75.28 -75.22 -75.34 -75.66 -75.97 -76.19 -76.41 -76.59 -76.72 -76.84 -76.91 -76.94 -76.97 -76.97 -76.97 -77.00 -77.03 -77.03 -77.03 -77.00 -76.97
-77.47 -77.50 -77.56 -77.59 -77.66 -77.69 -77.72 -77.72 -77.75 -77.75 -77.72 -77.72 -77.72 -77.72 -77.69 -77.69 -77.66 -77.59 -77.53 -77.47 -77.38 -77.31 -77.25 -77.16 -77.09 -77.03 -76.97 -76.91 -76.81 -76.72 -76.62 -76.56 -76.50 -76.47 -76.47 -76.47 -76.41 -76.31 -76.19 -76.00 -75.81 -75.59 -75.41 -75.25 -75.12 -75.12 -75.31 -75.41 -75.47 -75.53 -75.56 -75.50 -75.47 -75.72 -76.06 -76.31 -76.53 -76.72 -76.88 -77.00 -77.06 -77.09 -77.12 -77.12 -77.16 -77.16 -77.16 -77.19 -77.19 -77.16 -77.16
-77.41 -77.44 -77.50 -77.56 -77.59 -77.66 -77.69 -77.72 -77.72 -77.72 -77.72 -77.72 -77.69 -77.69 -77.66 -77.62 -77.59 -77.53 -77.47 -77.38 -77.28 -77.19 -77.09 -77.03 -76.97 -76.91 -76.84 -76.78 -76.69 -76.59 -76.50 -76.38 -76.28 -76.25 -76.28 -76.28 -76.22 -76.12 -75.97 -75.75 -75.53 -75.31 -75.09 -75.03 -75.09 -75.31 -75.53 -75.66 -75.75 -75.81 -75.84 -75.84 -75.78 -75.94 -76.25 -76.50 -76.69 -76.91 -77.06 -77.16 -77.22 -77.25 -77.28 -77.28 -77.31 -77.31 -77.31 -77.31 -77.31 -77.31 -77.31
-77.28 -77.34 -77.41 -77.47 -77.53 -77.59 -77.62 -77.66 -77.69 -77.69 -77.69 -77.69 -77.66 -77.62 -77.62 -77.56 -77.53 -77.47 -77.38 -77.25 -77.16 -77.06 -76.94 -76.88 -76.78 -76.72 -76.69 -76.62 -76.53 -76.44 -76.31 -76.09 -75.97 -76.00 -76.06 -76.09 -76.03 -75.88 -75.66 -75.41 -75.19 -75.12 -75.19 -75.34 -75.53 -75.72 -75.88 -75.97 -76.06 -76.12 -76.16 -76.16 -76.16 -76.25 -76.47 -76.69 -76.88 -77.06 -77.22 -77.34 -77.41 -77.44 -77.44 -77.44 -77.44 -77.44 -77.44 -77.44 -77.44 -77.44 -77.44
-77.12 -77.19 -77.28 -77.34 -77.41 -77.47 -77.53 -77.56 -77.59 -77.62 -77.62 -77.62 -77.59 -77.56 -77.53 -77.50 -77.44 -77.38 -77.25 -77.16 -77.03 -76.91 -76.81 -76.72 -76.62 -76.56 -76.53 -76.47 -76.41 -76.28 -76.12 -76.09 -76.19 -76.34 -76.41 -76.38 -76.22 -76.03 -75.84 -75.69 -75.62 -75.72 -75.88 -76.06 -76.22 -76.25 -76.28 -76.34 -76.41 -76.47 -76.50 -76.50 -76.50 -76.53 -76.69 -76.88 -77.06 -77.25 -77.38 -77.50 -77.53 -77.56 -77.56 -77.56 -77.56 -77.56 -77.56 -77.53 -77.53 -77.53 -77.53
-76.91 -77.00 -77.09 -77.16 -77.25 -77.31 -77.38 -77.44 -77.47 -77.50 -77.50 -77.50 -77.50 -77.47 -77.44 -77.38 -77.31 -77.25 -77.16 -77.03 -76.91 -76.78 -76.66 -76.53 -76.41 -76.34 -76.31 -76.28 -76.28 -76.28 -76.34 -76.53 -76.72 -76.81 -76.81 -76.81 -76.75 -76.66 -76.53 -76.47 -76.47 -76.59 -76.66 -76.72 -76.72 -76.69 -76.69 -76.72 -76.75 -76.81 -76.84 -76.81 -76.81 -76.84 -76.94 -77.09 -77.25 -77.41 -77.53 -77.62 -77.66 -77.69 -77.69 -77.66 -77.66 -77.62 -77.62 -77.62 -77.62 -77.59 -77.59
-76.66 -76.75 -76.84 -76.94 -77.00 -77.09 -77.16 -77.22 -77.28 -77.31 -77.34 -77.34 -77.34 -77.31 -77.28 -77.25 -77.19 -77.09 -77.00 -76.91 -76.78 -76.66 -76.50 -76.28 -76.16 -76.19 -76.31 -76.50 -76.62 -76.72 -76.84 -77.00 -77.06 -77.12 -77.12 -77.12 -77.12 -77.12 -77.12 -77.12 -77.12 -77.09 -77.09 -77.09 -77.09 -77.09 -77.06 -77.09 -77.12 -77.16 -77.16 -77.16 -77.16 -77.16 -77.19 -77.28 -77.41 -77.53 -77.62 -77.72 -77.75 -77.75 -77.75 -77.72 -77.72 -77.69 -77.69 -77.66 -77.66 -77.66 -77.66
-76.34 -76.44 -76.53 -76.62 -76.72 -76.81 -76.88 -76.94 -77.03 -77.06 -77.12 -77.12 -77.16 -77.16 -77.12 -77.09 -77.03 -76.97 -76.88 -76.78 -76.66 -76.50 -76.34 -76.38 -76.44 -76.59 -76.78 -76.91 -77.03 -77.12 -77.22 -77.31 -77.38 -77.44 -77.47 -77.47 -77.44 -77.44 -77.44 -77.44 -77.44 -77.44 -77.44 -77.44 -77.47 -77.44 -77.44 -77.47 -77.47 -77.47 -77.47 -77.47 -77.44 -77.44 -77.47 -77.50 -77.56 -77.66 -77.72 -77.78 -77.81 -77.81 -77.81 -77.78 -77.75 -77.72 -77.72 -77.72 -77.72 -77.72 -77.72
-76.00 -76.09 -76.22 -76.31 -76.41 -76.50 -76.59 -76.66 -76.75 -76.81 -76.84 -76.88 -76.91 -76.94 -76.94 -76.91 -76.88 -76.81 -76.75 -76.66 -76.53 -76.50 -76.59 -76.75 -76.88 -77.00 -77.12 -77.22 -77.34 -77.44 -77.53 -77.62 -77.69 -77.75 -77.78 -77.78 -77.78 -77.75 -77.75 -77.75 -77.75 -77.75 -77.78 -77.78 -77.78 -77.78 -77.78 -77.78 -77.78 -77.78 -77.78 -77.75 -77.75 -77.72 -77.72 -77.72 -77.75 -77.81 -77.84 -77.88 -77.88 -77.88 -77.84 -77.81 -77.78 -77.75 -77.75 -77.75 -77.75 -77.78 -77.78
-75.66 -75.78 -75.88 -75.97 -76.06 -76.16 -76.25 -76.38 -76.47 -76.53 -76.59 -76.66 -76.69 -76.72 -76.72 -76.72 -76.72 -76.69 -76.62 -76.56 -76.56 -76.72 -76.84 -77.00 -77.12 -77.25 -77.38 -77.50 -77.62 -77.72 -77.81 -77.91 -77.97 -78.03 -78.03 -78.03 -78.03 -78.03 -78.03 -78.03 -78.03 -78.03 -78.06 -78.06 -78.06 -78.06 -78.06 -78.03 -78.03 -78.03 -78.03 -78.00 -78.00 -77.97 -77.97 -77.97 -77.97 -77.97 -78.00 -78.00 -77.97 -77.94 -77.91 -77.88 -77.81 -77.78 -77.75 -77.78 -77.78 -77.81 -77.84
