everonasctiles/Tile[19,11].asc
ncols 128
nrows 128
xllcorner 0
yllcorner 0
cellsize 2.0
NODATA_value  -9999
[rows 32 to 63 of 128, columns 0 to 70 of 128]
-17.06 -17.06 -17.06 -17.06 -17.03 -17.00 -16.97 -16.91 -16.84 -16.78 -16.69 -16.59 -16.50 -16.38 -16.22 -16.09 -15.91 -15.75 -15.56 -15.34 -15.16 -14.94 -14.72 -14.50 -14.28 -14.06 -13.84 -13.62 -13.44 -13.25 -13.06 -12.91 -12.75 -12.59 -12.47 -12.34 -12.22 -12.12 -12.03 -11.94 -11.88 -11.81 -11.78 -11.72 -11.72 -11.69 -11.69 -11.69 -11.72 -11.75 -11.81 -11.88 -11.94 -12.03 -12.12 -12.25 -12.38 -12.50 -12.66 -12.81 -12.97 -13.16 -13.38 -13.56 -13.78 -14.00 -14.22 -14.47 -14.69 -14.94 -15.16
-16.75 -16.75 -16.75 -16.75 -16.75 -16.72 -16.72 -16.66 -16.62 -16.56 -16.50 -16.41 -16.31 -16.19 -16.06 -15.91 -15.75 -15.59 -15.41 -15.22 -15.03 -14.81 -14.59 -14.41 -14.19 -13.97 -13.75 -13.56 -13.38 -13.19 -13.00 -12.84 -12.69 -12.56 -12.44 -12.31 -12.22 -12.12 -12.03 -11.94 -11.88 -11.84 -11.78 -11.75 -11.72 -11.72 -11.72 -11.72 -11.75 -11.78 -11.81 -11.88 -11.94 -12.03 -12.12 -12.25 -12.34 -12.50 -12.62 -12.78 -12.97 -13.16 -13.34 -13.53 -13.75 -13.97 -14.22 -14.44 -14.69 -14.91 -15.16
-16.41 -16.44 -16.44 -16.44 -16.44 -16.44 -16.44 -16.41 -16.38 -16.31 -16.25 -16.19 -16.09 -15.97 -15.88 -15.72 -15.59 -15.44 -15.25 -15.09 -14.88 -14.69 -14.50 -14.28 -14.06 -13.88 -13.66 -13.47 -13.28 -13.12 -12.97 -12.81 -12.66 -12.53 -12.41 -12.28 -12.19 -12.09 -12.03 -11.94 -11.88 -11.84 -11.78 -11.75 -11.72 -11.72 -11.72 -11.72 -11.75 -11.78 -11.84 -11.88 -11.94 -12.03 -12.12 -12.22 -12.34 -12.47 -12.62 -12.78 -12.94 -13.12 -13.31 -13.50 -13.72 -13.94 -14.16 -14.41 -14.66 -14.88 -15.12
-16.09 -16.09 -16.12 -16.12 -16.16 -16.16 -16.12 -16.12 -16.09 -16.06 -16.00 -15.94 -15.84 -15.75 -15.66 -15.53 -15.41 -15.25 -15.09 -14.91 -14.72 -14.53 -14.34 -14.16 -13.97 -13.75 -13.56 -13.38 -13.22 -13.03 -12.88 -12.75 -12.59 -12.47 -12.38 -12.25 -12.16 -12.09 -12.00 -11.94 -11.88 -11.84 -11.78 -11.75 -11.75 -11.72 -11.72 -11.75 -11.75 -11.78 -11.84 -11.88 -11.94 -12.03 -12.12 -12.22 -12.31 -12.44 -12.59 -12.75 -12.91 -13.06 -13.25 -13.47 -13.69 -13.91 -14.12 -14.34 -14.59 -14.84 -15.06
-15.75 -15.78 -15.81 -15.81 -15.84 -15.84 -15.84 -15.84 -15.81 -15.78 -15.72 -15.69 -15.59 -15.53 -15.44 -15.31 -15.19 -15.06 -14.91 -14.75 -14.56 -14.38 -14.19 -14.00 -13.84 -13.66 -13.47 -13.28 -13.12 -12.97 -12.81 -12.69 -12.56 -12.44 -12.31 -12.22 -12.12 -12.06 -12.00 -11.94 -11.88 -11.81 -11.78 -11.75 -11.75 -11.75 -11.75 -11.75 -11.75 -11.78 -11.84 -11.88 -11.94 -12.03 -12.09 -12.19 -12.31 -12.44 -12.56 -12.69 -12.88 -13.03 -13.22 -13.41 -13.62 -13.84 -14.06 -14.31 -14.53 -14.78 -15.03
-15.44 -15.47 -15.47 -15.50 -15.53 -15.53 -15.53 -15.53 -15.53 -15.50 -15.47 -15.41 -15.34 -15.28 -15.19 -15.09 -14.97 -14.84 -14.69 -14.53 -14.38 -14.22 -14.03 -13.88 -13.69 -13.53 -13.34 -13.19 -13.03 -12.88 -12.75 -12.62 -12.50 -12.38 -12.28 -12.19 -12.09 -12.03 -11.97 -11.91 -11.84 -11.81 -11.78 -11.75 -11.75 -11.75 -11.75 -11.75 -11.75 -11.78 -11.84 -11.88 -11.94 -12.00 -12.09 -12.19 -12.28 -12.41 -12.53 -12.66 -12.81 -13.00 -13.16 -13.38 -13.56 -13.78 -14.00 -14.25 -14.47 -14.72 -14.97
-15.09 -15.12 -15.16 -15.19 -15.22 -15.22 -15.25 -15.25 -15.22 -15.22 -15.19 -15.16 -15.09 -15.03 -14.94 -14.84 -14.75 -14.62 -14.50 -14.34 -14.19 -14.03 -13.88 -13.72 -13.56 -13.41 -13.22 -13.09 -12.94 -12.78 -12.66 -12.53 -12.44 -12.34 -12.25 -12.16 -12.06 -12.00 -11.94 -11.88 -11.84 -11.81 -11.78 -11.75 -11.75 -11.72 -11.75 -11.75 -11.75 -11.78 -11.81 -11.88 -11.94 -12.00 -12.06 -12.16 -12.25 -12.38 -12.50 -12.62 -12.78 -12.94 -13.12 -13.31 -13.50 -13.72 -13.94 -14.16 -14.41 -14.66 -14.91
-14.78 -14.84 -14.84 -14.88 -14.91 -14.94 -14.94 -14.94 -14.94 -14.94 -14.91 -14.88 -14.81 -14.75 -14.69 -14.59 -14.50 -14.41 -14.28 -14.16 -14.00 -13.88 -13.72 -13.56 -13.41 -13.25 -13.12 -12.97 -12.84 -12.72 -12.59 -12.47 -12.38 -12.28 -12.19 -12.09 -12.03 -11.97 -11.91 -11.88 -11.84 -11.78 -11.78 -11.75 -11.75 -11.72 -11.72 -11.75 -11.75 -11.78 -11.81 -11.84 -11.91 -11.97 -12.03 -12.12 -12.22 -12.34 -12.44 -12.59 -12.72 -12.88 -13.06 -13.25 -13.44 -13.66 -13.88 -14.09 -14.31 -14.56 -14.81
-14.50 -14.53 -14.56 -14.59 -14.62 -14.62 -14.66 -14.66 -14.66 -14.66 -14.62 -14.59 -14.56 -14.50 -14.44 -14.38 -14.28 -14.19 -14.06 -13.94 -13.81 -13.69 -13.53 -13.41 -13.28 -13.12 -13.00 -12.88 -12.75 -12.62 -12.50 -12.41 -12.31 -12.22 -12.16 -12.06 -12.00 -11.94 -11.91 -11.84 -11.81 -11.78 -11.75 -11.75 -11.72 -11.72 -11.72 -11.75 -11.75 -11.78 -11.81 -11.84 -11.91 -11.97 -12.03 -12.09 -12.19 -12.28 -12.41 -12.53 -12.69 -12.81 -13.00 -13.19 -13.38 -13.56 -13.78 -14.00 -14.25 -14.50 -14.72
-14.22 -14.25 -14.28 -14.31 -14.34 -14.34 -14.38 -14.38 -14.38 -14.38 -14.34 -14.34 -14.28 -14.25 -14.19 -14.12 -14.03 -13.94 -13.84 -13.75 -13.62 -13.50 -13.38 -13.25 -13.12 -13.00 -12.88 -12.75 -12.62 -12.53 -12.44 -12.34 -12.25 -12.16 -12.09 -12.03 -11.97 -11.91 -11.88 -11.84 -11.81 -11.78 -11.75 -11.72 -11.72 -11.72 -11.72 -11.72 -11.75 -11.78 -11.81 -11.84 -11.88 -11.94 -12.00 -12.06 -12.16 -12.25 -12.38 -12.50 -12.62 -12.78 -12.94 -13.09 -13.28 -13.50 -13.72 -13.94 -14.16 -14.41 -14.66
-13.94 -13.97 -14.00 -14.03 -14.06 -14.06 -14.09 -14.09 -14.09 -14.09 -14.09 -14.06 -14.03 -14.00 -13.94 -13.88 -13.81 -13.72 -13.66 -13.53 -13.44 -13.31 -13.22 -13.09 -12.97 -12.88 -12.75 -12.66 -12.53 -12.44 -12.34 -12.28 -12.19 -12.12 -12.06 -12.00 -11.94 -11.88 -11.84 -11.81 -11.78 -11.75 -11.75 -11.72 -11.72 -11.72 -11.72 -11.72 -11.75 -11.75 -11.78 -11.81 -11.88 -11.91 -11.97 -12.06 -12.12 -12.22 -12.31 -12.44 -12.56 -12.72 -12.88 -13.03 -13.22 -13.41 -13.62 -13.84 -14.06 -14.31 -14.56
-13.69 -13.72 -13.75 -13.78 -13.78 -13.81 -13.84 -13.84 -13.84 -13.84 -13.84 -13.81 -13.78 -13.75 -13.72 -13.66 -13.59 -13.53 -13.44 -13.34 -13.25 -13.16 -13.06 -12.94 -12.84 -12.75 -12.66 -12.53 -12.44 -12.38 -12.28 -12.19 -12.12 -12.06 -12.00 -11.94 -11.91 -11.88 -11.81 -11.78 -11.75 -11.75 -11.72 -11.72 -11.72 -11.69 -11.72 -11.72 -11.72 -11.75 -11.78 -11.81 -11.84 -11.91 -11.97 -12.03 -12.09 -12.19 -12.28 -12.41 -12.53 -12.66 -12.81 -12.97 -13.16 -13.34 -13.53 -13.75 -13.97 -14.22 -14.47
-13.44 -13.47 -13.50 -13.53 -13.56 -13.56 -13.59 -13.59 -13.59 -13.59 -13.59 -13.59 -13.56 -13.53 -13.50 -13.44 -13.38 -13.31 -13.25 -13.16 -13.09 -13.00 -12.91 -12.81 -12.72 -12.62 -12.53 -12.44 -12.38 -12.28 -12.22 -12.12 -12.06 -12.03 -11.97 -11.91 -11.88 -11.84 -11.81 -11.78 -11.75 -11.72 -11.72 -11.69 -11.69 -11.69 -11.69 -11.72 -11.72 -11.75 -11.75 -11.78 -11.84 -11.88 -11.94 -12.00 -12.06 -12.16 -12.25 -12.34 -12.47 -12.59 -12.75 -12.91 -13.06 -13.25 -13.47 -13.66 -13.88 -14.12 -14.38
-13.22 -13.25 -13.28 -13.31 -13.31 -13.34 -13.34 -13.38 -13.38 -13.38 -13.38 -13.34 -13.34 -13.31 -13.28 -13.22 -13.19 -13.12 -13.06 -13.00 -12.91 -12.84 -12.75 -12.69 -12.59 -12.50 -12.44 -12.34 -12.28 -12.22 -12.16 -12.09 -12.03 -11.97 -11.94 -11.88 -11.84 -11.81 -11.78 -11.75 -11.72 -11.72 -11.69 -11.69 -11.69 -11.69 -11.69 -11.69 -11.72 -11.72 -11.75 -11.78 -11.81 -11.84 -11.91 -11.97 -12.03 -12.12 -12.22 -12.31 -12.41 -12.53 -12.69 -12.84 -13.00 -13.19 -13.38 -13.59 -13.81 -14.03 -14.28
-13.03 -13.06 -13.06 -13.09 -13.12 -13.12 -13.16 -13.16 -13.16 -13.16 -13.16 -13.16 -13.12 -13.09 -13.06 -13.03 -13.00 -12.94 -12.88 -12.81 -12.75 -12.69 -12.62 -12.56 -12.47 -12.41 -12.34 -12.25 -12.19 -12.12 -12.09 -12.03 -11.97 -11.94 -11.88 -11.84 -11.81 -11.78 -11.75 -11.72 -11.72 -11.69 -11.69 -11.69 -11.69 -11.69 -11.69 -11.69 -11.69 -11.72 -11.75 -11.78 -11.81 -11.84 -11.88 -11.94 -12.00 -12.09 -12.16 -12.25 -12.38 -12.50 -12.62 -12.78 -12.94 -13.09 -13.28 -13.50 -13.72 -13.94 -14.19
-12.84 -12.88 -12.88 -12.91 -12.91 -12.94 -12.94 -12.97 -12.97 -12.97 -12.97 -12.97 -12.94 -12.91 -12.91 -12.84 -12.81 -12.78 -12.72 -12.69 -12.62 -12.56 -12.50 -12.44 -12.38 -12.31 -12.25 -12.19 -12.12 -12.06 -12.03 -11.97 -11.94 -11.88 -11.84 -11.81 -11.78 -11.75 -11.75 -11.72 -11.69 -11.69 -11.69 -11.66 -11.66 -11.66 -11.69 -11.69 -11.69 -11.72 -11.72 -11.75 -11.78 -11.81 -11.88 -11.91 -11.97 -12.06 -12.12 -12.22 -12.31 -12.44 -12.56 -12.72 -12.88 -13.03 -13.22 -13.41 -13.62 -13.84 -14.09
-12.66 -12.69 -12.72 -12.72 -12.75 -12.75 -12.78 -12.78 -12.78 -12.78 -12.78 -12.78 -12.75 -12.75 -12.72 -12.69 -12.66 -12.62 -12.59 -12.53 -12.47 -12.44 -12.38 -12.31 -12.28 -12.22 -12.16 -12.09 -12.06 -12.00 -11.97 -11.94 -11.88 -11.84 -11.81 -11.78 -11.75 -11.75 -11.72 -11.69 -11.69 -11.69 -11.66 -11.66 -11.66 -11.66 -11.66 -11.66 -11.69 -11.69 -11.72 -11.75 -11.78 -11.81 -11.84 -11.91 -11.97 -12.03 -12.09 -12.19 -12.28 -12.41 -12.53 -12.66 -12.81 -12.97 -13.16 -13.34 -13.53 -13.75 -14.00
-12.53 -12.53 -12.56 -12.56 -12.59 -12.59 -12.59 -12.62 -12.62 -12.62 -12.62 -12.62 -12.59 -12.59 -12.56 -12.53 -12.50 -12.47 -12.44 -12.41 -12.38 -12.31 -12.28 -12.22 -12.19 -12.12 -12.09 -12.03 -12.00 -11.97 -11.91 -11.88 -11.84 -11.81 -11.78 -11.75 -11.75 -11.72 -11.69 -11.69 -11.69 -11.66 -11.66 -11.66 -11.66 -11.66 -11.66 -11.66 -11.69 -11.69 -11.72 -11.72 -11.75 -11.78 -11.84 -11.88 -11.94 -12.00 -12.06 -12.16 -12.25 -12.34 -12.47 -12.59 -12.75 -12.91 -13.06 -13.25 -13.47 -13.69 -13.91
-12.38 -12.41 -12.41 -12.44 -12.44 -12.44 -12.47 -12.47 -12.47 -12.47 -12.47 -12.47 -12.47 -12.44 -12.44 -12.41 -12.38 -12.34 -12.31 -12.28 -12.25 -12.22 -12.19 -12.12 -12.09 -12.06 -12.00 -11.97 -11.94 -11.91 -11.88 -11.84 -11.81 -11.78 -11.75 -11.75 -11.72 -11.69 -11.69 -11.69 -11.66 -11.66 -11.66 -11.66 -11.66 -11.66 -11.66 -11.66 -11.66 -11.69 -11.69 -11.72 -11.75 -11.78 -11.81 -11.84 -11.91 -11.97 -12.03 -12.12 -12.22 -12.31 -12.44 -12.56 -12.69 -12.84 -13.00 -13.19 -13.41 -13.59 -13.81
-12.25 -12.28 -12.28 -12.31 -12.31 -12.31 -12.34 -12.34 -12.34 -12.34 -12.34 -12.34 -12.31 -12.31 -12.31 -12.28 -12.25 -12.25 -12.22 -12.19 -12.16 -12.12 -12.09 -12.06 -12.03 -11.97 -11.94 -11.91 -11.88 -11.84 -11.84 -11.81 -11.78 -11.75 -11.75 -11.72 -11.69 -11.69 -11.69 -11.66 -11.66 -11.66 -11.66 -11.62 -11.62 -11.62 -11.66 -11.66 -11.66 -11.69 -11.69 -11.72 -11.72 -11.75 -11.81 -11.84 -11.88 -11.94 -12.00 -12.09 -12.19 -12.28 -12.38 -12.50 -12.62 -12.78 -12.94 -13.12 -13.31 -13.53 -13.75
-12.16 -12.16 -12.19 -12.19 -12.19 -12.22 -12.22 -12.22 -12.22 -12.22 -12.22 -12.22 -12.22 -12.19 -12.19 -12.19 -12.16 -12.12 -12.12 -12.09 -12.06 -12.03 -12.00 -11.97 -11.94 -11.94 -11.91 -11.88 -11.84 -11.81 -11.78 -11.78 -11.75 -11.72 -11.72 -11.69 -11.69 -11.66 -11.66 -11.66 -11.66 -11.62 -11.62 -11.62 -11.62 -11.62 -11.62 -11.66 -11.66 -11.66 -11.69 -11.69 -11.72 -11.75 -11.78 -11.81 -11.88 -11.94 -12.00 -12.06 -12.16 -12.25 -12.34 -12.47 -12.59 -12.75 -12.91 -13.06 -13.25 -13.47 -13.69
-12.06 -12.06 -12.09 -12.09 -12.09 -12.09 -12.12 -12.12 -12.12 -12.12 -12.12 -12.12 -12.09 -12.09 -12.09 -12.09 -12.06 -12.03 -12.03 -12.00 -12.00 -11.97 -11.94 -11.91 -11.91 -11.88 -11.84 -11.81 -11.81 -11.78 -11.75 -11.75 -11.72 -11.72 -11.69 -11.69 -11.66 -11.66 -11.66 -11.66 -11.62 -11.62 -11.62 -11.62 -11.62 -11.62 -11.62 -11.62 -11.66 -11.66 -11.69 -11.69 -11.72 -11.75 -11.78 -11.81 -11.84 -11.91 -11.97 -12.03 -12.12 -12.22 -12.31 -12.41 -12.56 -12.69 -12.84 -13.00 -13.19 -13.41 -13.62
-11.97 -12.00 -12.00 -12.00 -12.00 -12.03 -12.03 -12.03 -12.03 -12.03 -12.03 -12.03 -12.03 -12.00 -12.00 -12.00 -11.97 -11.97 -11.97 -11.94 -11.91 -11.91 -11.88 -11.88 -11.84 -11.81 -11.81 -11.78 -11.75 -11.75 -11.72 -11.72 -11.69 -11.69 -11.69 -11.66 -11.66 -11.66 -11.62 -11.62 -11.62 -11.62 -11.62 -11.62 -11.62 -11.62 -11.62 -11.62 -11.66 -11.66 -11.66 -11.69 -11.72 -11.72 -11.75 -11.81 -11.84 -11.91 -11.94 -12.03 -12.09 -12.19 -12.28 -12.38 -12.50 -12.66 -12.81 -12.97 -13.16 -13.34 -13.56
-11.91 -11.91 -11.94 -11.94 -11.94 -11.94 -11.94 -11.94 -11.94 -11.94 -11.94 -11.94 -11.94 -11.94 -11.94 -11.94 -11.91 -11.91 -11.88 -11.88 -11.88 -11.84 -11.84 -11.81 -11.81 -11.78 -11.75 -11.75 -11.72 -11.72 -11.72 -11.69 -11.69 -11.66 -11.66 -11.66 -11.66 -11.62 -11.62 -11.62 -11.62 -11.62 -11.62 -11.62 -11.62 -11.62 -11.62 -11.62 -11.66 -11.66 -11.66 -11.69 -11.69 -11.72 -11.75 -11.78 -11.84 -11.88 -11.94 -12.00 -12.06 -12.16 -12.25 -12.34 -12.47 -12.62 -12.75 -12.91 -13.09 -13.28 -13.50
-11.84 -11.88 -11.88 -11.88 -11.88 -11.88 -11.88 -11.88 -11.88 -11.88 -11.88 -11.88 -11.88 -11.88 -11.88 -11.88 -11.84 -11.84 -11.84 -11.81 -11.81 -11.81 -11.78 -11.78 -11.75 -11.75 -11.72 -11.72 -11.72 -11.69 -11.69 -11.69 -11.66 -11.66 -11.66 -11.62 -11.62 -11.62 -11.62 -11.62 -11.62 -11.62 -11.62 -11.62 -11.62 -11.62 -11.62 -11.62 -11.62 -11.66 -11.66 -11.69 -11.69 -11.72 -11.75 -11.78 -11.81 -11.88 -11.94 -12.00 -12.06 -12.12 -12.22 -12.34 -12.44 -12.59 -12.72 -12.88 -13.06 -13.25 -13.44
-11.81 -11.81 -11.81 -11.81 -11.81 -11.81 -11.81 -11.81 -11.81 -11.81 -11.81 -11.81 -11.81 -11.81 -11.81 -11.81 -11.81 -11.78 -11.78 -11.78 -11.78 -11.75 -11.75 -11.75 -11.72 -11.72 -11.72 -11.69 -11.69 -11.69 -11.66 -11.66 -11.66 -11.66 -11.62 -11.62 -11.62 -11.62 -11.62 -11.62 -11.62 -11.62 -11.62 -11.62 -11.62 -11.62 -11.62 -11.62 -11.62 -11.66 -11.66 -11.69 -11.69 -11.72 -11.75 -11.78 -11.81 -11.88 -11.91 -11.97 -12.03 -12.12 -12.22 -12.31 -12.44 -12.56 -12.69 -12.84 -13.03 -13.22 -13.41
-11.75 -11.78 -11.78 -11.78 -11.78 -11.78 -11.78 -11.78 -11.78 -11.78 -11.78 -11.78 -11.78 -11.78 -11.78 -11.75 -11.75 -11.75 -11.75 -11.75 -11.72 -11.72 -11.72 -11.72 -11.69 -11.69 -11.69 -11.69 -11.66 -11.66 -11.66 -11.66 -11.62 -11.62 -11.62 -11.62 -11.62 -11.62 -11.62 -11.62 -11.59 -11.59 -11.59 -11.62 -11.62 -11.62 -11.62 -11.62 -11.62 -11.66 -11.66 -11.69 -11.69 -11.72 -11.75 -11.78 -11.81 -11.84 -11.91 -11.97 -12.03 -12.12 -12.19 -12.31 -12.41 -12.53 -12.69 -12.81 -13.00 -13.19 -13.38
-11.72 -11.72 -11.72 -11.75 -11.75 -11.75 -11.75 -11.75 -11.75 -11.75 -11.75 -11.75 -11.75 -11.72 -11.72 -11.72 -11.72 -11.72 -11.72 -11.72 -11.69 -11.69 -11.69 -11.69 -11.69 -11.66 -11.66 -11.66 -11.66 -11.66 -11.62 -11.62 -11.62 -11.62 -11.62 -11.62 -11.62 -11.62 -11.59 -11.59 -11.59 -11.59 -11.59 -11.62 -11.62 -11.62 -11.62 -11.62 -11.62 -11.66 -11.66 -11.69 -11.69 -11.72 -11.75 -11.78 -11.81 -11.84 -11.91 -11.97 -12.03 -12.09 -12.19 -12.28 -12.41 -12.53 -12.66 -12.81 -12.97 -13.16 -13.34
-11.69 -11.69 -11.69 -11.72 -11.72 -11.72 -11.72 -11.72 -11.72 -11.72 -11.72 -11.72 -11.72 -11.69 -11.69 -11.69 -11.69 -11.69 -11.69 -11.69 -11.69 -11.66 -11.66 -11.66 -11.66 -11.66 -11.66 -11.62 -11.62 -11.62 -11.62 -11.62 -11.62 -11.62 -11.62 -11.59 -11.59 -11.59 -11.59 -11.59 -11.59 -11.59 -11.59 -11.62 -11.62 -11.62 -11.62 -11.62 -11.62 -11.66 -11.66 -11.69 -11.69 -11.72 -11.75 -11.78 -11.81 -11.84 -11.91 -11.97 -12.03 -12.09 -12.19 -12.28 -12.38 -12.50 -12.66 -12.78 -12.97 -13.12 -13.34
-11.69 -11.69 -11.69 -11.69 -11.69 -11.69 -11.69 -11.69 -11.69 -11.69 -11.69 -11.69 -11.69 -11.69 -11.69 -11.66 -11.66 -11.66 -11.66 -11.66 -11.66 -11.66 -11.66 -11.66 -11.62 -11.62 -11.62 -11.62 -11.62 -11.62 -11.62 -11.62 -11.62 -11.59 -11.59 -11.59 -11.59 -11.59 -11.59 -11.59 -11.59 -11.59 -11.59 -11.62 -11.62 -11.62 -11.62 -11.62 -11.66 -11.66 -11.66 -11.69 -11.69 -11.72 -11.75 -11.78 -11.81 -11.88 -11.91 -11.97 -12.03 -12.09 -12.19 -12.28 -12.38 -12.50 -12.66 -12.78 -12.94 -13.12 -13.31
-11.66 -11.66 -11.66 -11.66 -11.66 -11.66 -11.66 -11.66 -11.66 -11.66 -11.66 -11.66 -11.66 -11.66 -11.66 -11.66 -11.66 -11.66 -11.66 -11.66 -11.62 -11.62 -11.62 -11.62 -11.62 -11.62 -11.62 -11.62 -11.62 -11.62 -11.62 -11.59 -11.59 -11.59 -11.59 -11.59 -11.59 -11.59 -11.59 -11.59 -11.59 -11.59 -11.59 -11.62 -11.62 -11.62 -11.62 -11.62 -11.66 -11.66 -11.66 -11.69 -11.72 -11.72 -11.75 -11.78 -11.81 -11.88 -11.91 -11.97 -12.03 -12.12 -12.19 -12.28 -12.41 -12.50 -12.66 -12.78 -12.97 -13.12 -13.31
-11.66 -11.66 -11.66 -11.66 -11.66 -11.66 -11.66 -11.66 -11.66 -11.66 -11.66 -11.66 -11.62 -11.62 -11.62 -11.62 -11.62 -11.62 -11.62 -11.62 -11.62 -11.62 -11.62 -11.62 -11.62 -11.62 -11.62 -11.62 -11.59 -11.59 -11.59 -11.59 -11.59 -11.59 -11.59 -11.59 -11.59 -11.59 -11.59 -11.59 -11.59 -11.59 -11.59 -11.62 -11.62 -11.62 -11.62 -11.62 -11.66 -11.66 -11.69 -11.69 -11.72 -11.75 -11.75 -11.81 -11.84 -11.88 -11.94 -11.97 -12.06 -12.12 -12.22 -12.31 -12.41 -12.53 -12.66 -12.81 -12.97 -13.12 -13.34
