everonasctiles/Tile26,30.asc
ncols 128
nrows 128
xllcorner 0
yllcorner 0
cellsize 2.0
NODATA_value  -9999
[rows 64 to 95 of 128, columns 0 to 70 of 128]
151.53 151.53 151.53 151.34 151.19 150.97 150.84 150.66 150.47 150.28 150.03 149.75 149.47 149.19 149.03 148.75 148.53 148.31 148.09 147.88 147.69 147.47 147.25 147.00 146.75 146.56 146.31 145.97 145.69 145.31 145.00 144.72 144.41 144.09 143.59 143.38 143.09 142.81 142.56 142.25 141.94 141.66 141.44 141.16 140.91 140.59 140.47 140.28 140.22 139.94 139.75 139.72 139.56 139.38 139.06 138.66 138.28 138.00 137.72 137.41 137.12 136.81 136.41 136.06 135.56 134.88 133.78 133.25 132.59 132.00 131.50
151.47 151.47 151.47 151.22 151.16 150.97 150.78 150.56 150.38 150.19 149.91 149.66 149.38 149.16 148.94 148.69 148.44 148.22 148.00 147.78 147.56 147.34 147.09 146.94 146.75 146.50 146.19 145.97 145.66 145.31 144.91 144.56 144.09 143.81 143.47 143.09 142.81 142.62 142.38 142.06 141.81 141.53 141.28 141.03 140.72 140.50 140.28 140.12 140.00 139.84 139.62 139.47 139.41 139.19 138.91 138.62 138.28 138.03 137.69 137.47 137.16 136.81 136.41 135.94 135.53 134.62 133.56 132.94 132.34 131.84 131.22
151.41 151.41 151.41 151.31 151.16 150.97 150.72 150.53 150.34 150.12 149.84 149.53 149.31 149.06 148.84 148.56 148.31 148.12 147.88 147.69 147.44 147.19 147.03 146.84 146.62 146.44 146.19 145.91 145.62 145.28 144.91 144.41 144.03 143.59 143.25 142.94 142.62 142.41 142.16 141.91 141.66 141.41 141.16 140.91 140.62 140.31 140.16 139.88 139.75 139.66 139.53 139.38 139.22 139.03 138.81 138.56 138.28 137.97 137.72 137.41 137.06 136.69 136.09 135.47 135.22 134.44 133.34 132.84 132.25 131.66 131.16
151.34 151.31 151.31 151.34 151.19 150.94 150.66 150.47 150.28 150.06 149.72 149.50 149.28 149.00 148.75 148.47 148.19 147.97 147.75 147.53 147.31 147.12 146.94 146.78 146.59 146.41 146.19 145.91 145.59 145.16 144.84 144.47 143.94 143.44 143.09 142.69 142.47 142.19 141.94 141.75 141.50 141.25 141.00 140.72 140.44 140.22 140.00 139.78 139.56 139.41 139.31 139.16 138.94 138.84 138.66 138.44 138.16 137.88 137.59 137.12 136.75 136.31 135.81 135.38 134.97 134.31 133.25 132.66 132.16 131.59 131.09
151.25 151.25 151.25 151.31 151.19 150.94 150.66 150.47 150.25 150.00 149.72 149.47 149.25 149.00 148.69 148.41 148.12 147.91 147.66 147.41 147.12 146.94 146.78 146.66 146.56 146.38 146.16 145.88 145.56 145.16 144.62 144.25 143.75 143.31 142.94 142.59 142.22 142.03 141.78 141.56 141.34 141.06 140.84 140.59 140.25 140.09 139.88 139.69 139.47 139.28 139.12 138.94 138.78 138.59 138.41 138.19 137.97 137.75 137.41 136.94 136.41 135.72 135.50 135.00 134.50 134.06 133.41 132.62 132.09 131.53 130.97
151.19 151.19 151.16 151.25 151.19 150.97 150.66 150.44 150.25 150.00 149.75 149.44 149.25 148.97 148.69 148.41 148.12 147.84 147.59 147.31 147.03 146.81 146.66 146.56 146.47 146.31 146.06 145.81 145.47 145.12 144.59 143.91 143.53 143.09 142.69 142.41 142.12 141.81 141.59 141.34 141.16 140.94 140.72 140.47 140.16 139.91 139.72 139.53 139.34 139.12 138.88 138.72 138.50 138.34 138.06 137.88 137.75 137.47 137.19 136.59 136.12 135.53 134.81 134.59 134.12 133.69 133.12 132.59 131.97 131.41 130.84
151.12 151.09 151.09 151.16 151.16 150.94 150.72 150.50 150.25 150.00 149.72 149.53 149.25 148.97 148.72 148.41 148.09 147.78 147.50 147.22 146.94 146.72 146.53 146.44 146.38 146.22 146.00 145.62 145.34 144.97 144.38 143.75 143.12 142.81 142.50 142.16 141.94 141.66 141.38 141.12 140.91 140.69 140.50 140.28 140.03 139.78 139.59 139.38 139.22 139.03 138.75 138.44 138.16 138.06 137.91 137.69 137.41 136.97 136.69 136.19 135.69 135.22 134.53 134.22 133.59 133.34 132.91 132.25 131.72 131.12 130.62
151.03 151.03 151.03 151.06 151.06 150.91 150.66 150.50 150.25 149.97 149.81 149.53 149.28 148.94 148.75 148.38 148.09 147.78 147.47 147.19 146.91 146.62 146.34 146.22 146.12 146.06 145.88 145.53 144.97 144.69 144.12 143.38 142.97 142.56 142.31 142.03 141.75 141.47 141.19 140.94 140.66 140.50 140.31 140.12 139.91 139.69 139.50 139.34 139.16 138.88 138.53 138.19 137.91 137.69 137.56 137.41 136.88 136.47 136.22 135.88 135.50 134.88 134.28 133.81 133.47 133.12 132.69 132.22 131.62 131.03 130.31
150.97 150.97 150.94 150.97 151.00 150.84 150.66 150.50 150.28 150.06 149.78 149.50 149.25 148.94 148.75 148.50 148.12 147.75 147.41 147.12 146.81 146.53 146.25 146.00 145.91 145.72 145.59 145.25 144.72 144.22 143.78 143.19 142.78 142.44 142.09 141.81 141.59 141.28 141.06 140.81 140.56 140.22 140.12 139.94 139.78 139.59 139.47 139.31 139.06 138.72 138.28 138.00 137.69 137.34 137.22 137.12 136.81 136.41 135.75 135.38 134.97 134.50 134.00 133.56 133.25 132.88 132.59 132.19 131.50 131.00 130.28
150.88 150.88 150.88 150.88 150.94 150.75 150.62 150.38 150.28 150.03 149.84 149.59 149.28 148.97 148.84 148.62 148.25 147.94 147.41 147.06 146.72 146.47 146.12 145.84 145.59 145.44 145.22 144.84 144.53 144.06 143.53 143.06 142.66 142.25 141.94 141.62 141.41 141.19 140.91 140.66 140.41 140.12 139.81 139.66 139.53 139.38 139.34 139.12 138.97 138.62 138.22 137.84 137.41 137.16 136.91 136.72 136.50 136.06 135.62 134.97 134.66 134.16 133.62 133.31 132.97 132.75 132.38 132.09 131.59 130.94 130.19
150.81 150.81 150.81 150.78 150.88 150.72 150.53 150.34 150.16 150.06 149.88 149.62 149.28 149.12 148.91 148.66 148.41 148.00 147.56 147.09 146.75 146.41 146.06 145.75 145.50 145.06 144.88 144.41 144.25 143.88 143.38 142.91 142.47 142.06 141.78 141.38 141.19 140.97 140.72 140.47 140.19 139.94 139.69 139.47 139.19 139.03 139.03 138.91 138.75 138.53 138.16 137.78 137.34 136.91 136.59 136.25 136.00 135.56 135.25 134.81 134.25 133.78 133.41 133.16 132.88 132.50 132.31 131.81 131.50 130.91 130.16
150.75 150.72 150.72 150.72 150.78 150.62 150.47 150.28 150.16 150.00 149.88 149.69 149.47 149.28 149.06 148.81 148.50 148.12 147.59 147.31 146.78 146.41 146.03 145.62 145.31 144.97 144.59 144.28 143.88 143.56 143.22 142.81 142.41 141.97 141.62 141.25 140.97 140.75 140.53 140.28 140.03 139.72 139.47 139.28 139.09 138.78 138.66 138.56 138.47 138.25 138.03 137.69 137.28 136.78 136.34 135.97 135.66 135.28 134.94 134.50 134.12 133.66 133.28 132.88 132.59 132.38 132.16 131.75 131.31 130.72 129.97
150.69 150.66 150.66 150.66 150.69 150.56 150.50 150.34 150.19 150.00 149.88 149.69 149.53 149.31 149.12 148.88 148.59 148.12 147.84 147.44 146.91 146.44 145.97 145.44 145.12 144.69 144.41 144.06 143.72 143.38 143.06 142.69 142.28 141.81 141.50 141.09 140.78 140.47 140.28 140.09 139.78 139.56 139.34 139.09 138.84 138.59 138.41 138.22 138.16 138.03 137.69 137.47 137.03 136.59 136.22 135.75 135.31 134.88 134.59 134.28 133.88 133.44 133.09 132.72 132.28 132.09 131.81 131.31 130.97 130.41 129.72
150.62 150.59 150.59 150.59 150.62 150.53 150.44 150.31 150.16 150.00 149.84 149.66 149.50 149.28 149.09 148.84 148.59 148.25 147.88 147.44 146.84 146.16 145.78 145.34 144.94 144.53 144.09 143.84 143.53 143.22 142.75 142.50 142.09 141.78 141.41 141.03 140.69 140.41 140.16 139.91 139.59 139.31 139.12 138.88 138.59 138.28 138.06 137.97 137.69 137.66 137.41 137.12 136.75 136.41 135.97 135.56 135.12 134.72 134.38 134.00 133.72 133.34 132.94 132.50 132.06 131.72 131.34 130.97 130.47 129.91 129.38
150.59 150.53 150.53 150.53 150.53 150.50 150.41 150.19 150.09 149.97 149.78 149.59 149.41 149.22 149.00 148.78 148.56 148.25 147.88 147.31 146.81 146.09 145.53 145.16 144.69 144.31 143.97 143.66 143.34 143.06 142.66 142.28 142.00 141.66 141.28 140.94 140.59 140.34 140.03 139.75 139.44 139.12 138.81 138.56 138.38 138.09 137.78 137.59 137.38 137.12 137.00 136.78 136.41 136.09 135.81 135.38 134.97 134.59 134.25 133.88 133.47 133.12 132.75 132.31 131.75 131.44 130.97 130.25 129.72 129.16 128.88
150.53 150.47 150.47 150.47 150.44 150.34 150.31 150.19 150.06 149.91 149.72 149.47 149.31 149.03 148.84 148.59 148.44 148.16 147.81 147.34 146.84 146.19 145.56 144.97 144.53 144.12 143.81 143.50 143.22 142.81 142.53 142.16 141.75 141.50 141.19 140.88 140.59 140.31 140.03 139.69 139.31 139.03 138.69 138.38 138.12 137.78 137.53 137.28 136.94 136.78 136.56 136.38 136.19 135.88 135.53 135.22 134.81 134.41 134.06 133.69 133.28 132.88 132.44 132.00 131.56 131.06 130.59 130.03 129.44 128.84 128.44
150.47 150.44 150.41 150.41 150.34 150.25 150.19 150.12 150.00 149.78 149.62 149.31 149.16 148.91 148.59 148.47 148.25 147.84 147.53 147.16 146.69 146.12 145.53 145.00 144.50 144.06 143.66 143.34 143.06 142.75 142.38 141.97 141.69 141.34 141.06 140.75 140.50 140.22 139.94 139.59 139.25 138.94 138.47 138.06 137.84 137.56 137.19 137.03 136.78 136.53 136.22 136.03 135.81 135.47 135.22 134.91 134.59 134.25 133.84 133.47 133.06 132.75 132.31 131.81 131.38 130.81 130.28 129.66 129.19 128.62 128.00
150.41 150.38 150.38 150.34 150.28 150.16 150.06 150.03 149.91 149.75 149.56 149.28 148.97 148.72 148.56 148.34 148.06 147.78 147.16 146.84 146.56 146.03 145.47 144.84 144.41 143.94 143.47 143.16 142.88 142.47 142.16 141.91 141.56 141.22 140.91 140.69 140.41 140.03 139.78 139.50 139.19 138.72 138.31 137.94 137.66 137.28 137.06 136.75 136.53 136.25 135.97 135.66 135.44 135.19 134.94 134.62 134.19 133.94 133.59 133.25 132.78 132.47 132.12 131.78 131.31 130.72 130.03 129.47 128.94 128.38 127.78
150.34 150.31 150.31 150.31 150.16 150.03 150.00 149.94 149.84 149.72 149.50 149.28 148.94 148.75 148.53 148.25 147.97 147.62 147.00 146.69 146.28 145.78 145.12 144.56 144.25 143.81 143.31 142.88 142.66 142.34 142.00 141.78 141.47 141.19 140.88 140.47 140.25 139.94 139.59 139.25 139.00 138.56 138.19 137.81 137.50 137.16 136.78 136.53 136.25 135.97 135.66 135.44 135.09 134.84 134.62 134.28 134.03 133.75 133.34 133.09 132.69 132.19 131.72 131.50 131.09 130.53 129.81 129.25 128.72 128.19 127.66
150.28 150.28 150.28 150.28 150.03 149.94 149.91 149.84 149.78 149.66 149.44 149.22 149.00 148.75 148.44 148.16 147.88 147.47 146.81 146.38 146.03 145.38 144.78 144.47 144.09 143.62 143.19 142.78 142.44 142.16 141.91 141.62 141.34 141.12 140.75 140.47 140.03 139.72 139.34 139.00 138.72 138.31 137.88 137.62 137.31 137.00 136.69 136.34 136.03 135.75 135.53 135.12 134.91 134.56 134.34 134.06 133.78 133.50 133.19 132.84 132.38 132.06 131.62 131.06 130.62 130.22 129.62 129.09 128.56 128.03 127.41
150.25 150.25 150.25 150.25 149.94 149.84 149.78 149.75 149.66 149.56 149.34 149.12 148.91 148.69 148.41 148.00 147.75 147.19 146.72 146.09 145.75 145.16 144.69 144.28 143.84 143.44 143.00 142.69 142.31 142.00 141.75 141.50 141.28 141.06 140.75 140.34 139.84 139.50 139.06 138.81 138.44 138.06 137.69 137.34 137.12 136.84 136.53 136.25 135.94 135.66 135.31 135.00 134.62 134.31 134.06 133.75 133.47 133.16 132.94 132.56 132.19 131.69 131.44 130.97 130.47 129.97 129.34 128.91 128.38 127.84 127.28
150.22 150.22 150.22 150.22 149.78 149.69 149.62 149.59 149.50 149.38 149.22 149.00 148.75 148.59 148.31 148.00 147.62 147.06 146.34 145.88 145.50 144.84 144.41 144.03 143.66 143.28 142.91 142.56 142.22 141.94 141.66 141.38 141.12 140.94 140.56 140.19 139.78 139.41 138.94 138.62 138.28 137.91 137.59 137.25 136.97 136.66 136.34 136.06 135.81 135.50 135.12 134.81 134.44 134.19 133.78 133.50 133.25 132.97 132.66 132.38 132.03 131.56 131.03 130.78 130.34 129.81 129.16 128.69 128.19 127.66 127.16
150.19 150.19 150.19 150.16 149.69 149.59 149.47 149.34 149.31 149.16 149.00 148.84 148.66 148.44 148.16 147.78 147.41 146.88 146.22 145.66 145.28 144.66 144.34 143.94 143.50 143.16 142.84 142.53 142.22 141.88 141.59 141.31 141.03 140.81 140.50 140.09 139.72 139.34 138.91 138.56 138.12 137.81 137.41 137.12 136.78 136.50 136.19 135.88 135.66 135.38 135.06 134.72 134.38 134.03 133.66 133.28 133.00 132.72 132.28 132.09 131.84 131.50 130.91 130.56 130.16 129.66 129.12 128.59 128.00 127.41 126.84
150.16 150.16 150.19 150.03 149.56 149.38 149.28 149.19 149.09 148.97 148.78 148.50 148.38 148.19 147.88 147.56 147.16 146.62 146.09 145.56 145.12 144.66 144.28 143.84 143.50 143.12 142.81 142.53 142.19 141.88 141.53 141.19 140.94 140.59 140.38 140.03 139.72 139.28 138.88 138.56 138.16 137.75 137.31 137.00 136.66 136.38 136.09 135.78 135.50 135.22 134.94 134.59 134.25 133.91 133.47 133.16 132.81 132.41 132.00 131.75 131.59 131.31 130.81 130.47 129.97 129.59 129.06 128.31 127.78 127.31 126.81
150.16 150.16 150.16 149.81 149.38 149.25 149.09 148.97 148.88 148.66 148.56 148.12 148.06 147.84 147.56 147.25 146.91 146.44 145.84 145.34 145.00 144.62 144.25 143.91 143.53 143.19 142.84 142.53 142.16 141.81 141.47 141.12 140.78 140.50 140.22 139.94 139.59 139.25 138.84 138.44 138.09 137.72 137.31 136.97 136.62 136.31 136.00 135.69 135.41 135.06 134.78 134.41 134.06 133.69 133.38 133.03 132.59 132.16 131.81 131.44 131.25 131.06 130.75 130.38 129.97 129.56 129.00 128.31 127.53 126.81 126.47
150.16 150.16 150.16 149.59 149.38 149.25 149.09 148.94 148.81 148.62 148.38 148.09 147.72 147.53 147.31 147.00 146.59 146.22 145.69 145.31 144.94 144.56 144.22 143.88 143.53 143.19 142.84 142.47 142.09 141.78 141.41 141.06 140.72 140.34 140.09 139.81 139.53 139.19 138.78 138.41 138.00 137.59 137.28 136.88 136.53 136.25 135.97 135.66 135.34 135.00 134.66 134.31 133.91 133.47 133.19 132.84 132.34 132.00 131.59 131.22 130.91 130.72 130.53 130.16 129.84 129.38 128.94 128.03 127.44 126.81 126.03
150.12 150.12 150.12 149.50 149.41 149.31 149.19 149.09 148.94 148.72 148.34 147.97 147.69 147.34 147.16 146.75 146.50 146.12 145.69 145.28 144.94 144.53 144.22 143.88 143.53 143.16 142.84 142.44 142.06 141.75 141.38 141.06 140.69 140.31 139.94 139.72 139.34 139.03 138.72 138.34 137.97 137.59 137.22 136.88 136.50 136.22 135.91 135.56 135.28 134.94 134.59 134.22 133.81 133.38 132.94 132.62 132.25 131.84 131.38 130.97 130.62 130.25 130.12 129.88 129.47 129.06 128.50 128.06 127.44 126.62 125.75
150.12 150.12 150.03 149.50 149.44 149.34 149.25 149.16 149.00 148.78 148.47 147.97 147.59 147.31 147.00 146.72 146.41 146.06 145.69 145.25 144.91 144.53 144.19 143.88 143.53 143.19 142.84 142.47 142.09 141.72 141.41 141.06 140.66 140.28 139.91 139.56 139.25 138.88 138.62 138.28 137.94 137.56 137.22 136.81 136.47 136.16 135.88 135.56 135.22 134.88 134.50 134.09 133.72 133.28 132.88 132.31 132.03 131.62 131.12 130.72 130.25 129.88 129.53 129.28 128.72 128.50 128.00 127.47 127.09 126.12 125.53
150.12 150.12 149.88 149.50 149.44 149.38 149.28 149.19 149.03 148.84 148.56 148.09 147.53 147.19 146.94 146.69 146.38 146.00 145.62 145.28 144.91 144.53 144.22 143.84 143.62 143.31 142.94 142.53 142.09 141.75 141.41 141.06 140.75 140.31 139.94 139.56 139.16 138.84 138.47 138.16 137.81 137.47 137.19 136.84 136.50 136.22 135.84 135.53 135.16 134.78 134.47 134.06 133.62 133.19 132.72 132.25 131.69 131.31 130.94 130.53 130.09 129.66 129.03 128.62 128.31 127.97 127.66 127.16 126.44 125.62 125.09
150.09 150.09 149.69 149.50 149.44 149.38 149.31 149.22 149.06 148.91 148.66 148.34 147.69 147.22 146.88 146.62 146.31 145.97 145.66 145.31 145.00 144.59 144.22 143.94 143.66 143.38 143.00 142.50 142.16 141.72 141.50 141.19 140.81 140.44 140.03 139.50 139.16 138.78 138.47 138.12 137.81 137.47 137.16 136.84 136.56 136.25 136.00 135.62 135.25 134.78 134.50 134.03 133.62 133.09 132.66 132.09 131.59 131.03 130.69 130.28 129.84 129.38 128.84 128.28 127.94 127.56 127.25 126.69 125.81 125.44 124.78
150.12 150.12 149.56 149.50 149.44 149.38 149.31 149.22 149.09 148.94 148.72 148.47 148.12 147.44 146.91 146.50 146.28 145.97 145.62 145.34 145.03 144.69 144.25 143.94 143.69 143.44 143.09 142.69 142.25 141.88 141.66 141.34 140.91 140.53 140.16 139.66 139.25 138.84 138.44 138.09 137.81 137.50 137.12 136.88 136.53 136.25 136.03 135.78 135.44 135.00 134.66 134.12 133.66 133.16 132.62 132.06 131.47 130.94 130.41 129.97 129.56 129.22 128.69 128.09 127.66 127.25 126.75 126.25 125.72 125.00 124.66
150.12 150.00 149.53 149.50 149.44 149.38 149.31 149.22 149.12 148.97 148.78 148.53 148.16 147.62 147.09 146.62 146.38 145.94 145.72 145.41 145.09 144.84 144.25 143.97 143.81 143.56 143.19 142.88 142.38 142.00 141.75 141.50 140.97 140.62 140.38 140.00 139.38 138.88 138.53 138.16 137.84 137.53 137.19 136.88 136.53 136.31 136.06 135.81 135.53 135.19 134.72 134.22 133.69 133.12 132.53 132.06 131.44 130.88 130.34 129.75 129.38 128.91 128.44 127.91 127.31 126.84 126.38 125.78 125.34 124.78 124.34
