everonasctiles/Tile16,18.asc
ncols 128
nrows 128
xllcorner 0
yllcorner 0
cellsize 2.0
NODATA_value  -9999
[rows 68 to 101 of 128, columns 0 to 75 of 128]
107.34 106.62 105.91 105.22 104.56 103.91 103.31 102.72 102.19 101.66 101.19 100.72 100.28 99.84 99.44 99.03 98.62 98.22 97.84 97.44 97.06 96.66 96.28 95.88 95.47 95.03 94.62 94.19 93.75 93.31 92.84 92.41 91.94 91.50 91.03 90.56 90.12 89.66 89.22 88.78 88.31 87.88 87.44 86.97 86.53 86.09 85.62 85.19 84.75 84.28 83.84 83.41 82.97 82.50 82.06 81.62 81.16 80.72 80.28 79.81 79.38 78.91 78.47 78.00 77.56 77.09 76.62 76.19 75.72 75.28 74.88 74.47 74.09 73.72 73.41 73.12
107.78 107.03 106.31 105.62 104.94 104.28 103.66 103.06 102.50 102.00 101.50 101.03 100.56 100.12 99.72 99.31 98.91 98.53 98.16 97.75 97.38 96.97 96.59 96.19 95.78 95.38 94.94 94.53 94.09 93.66 93.19 92.75 92.28 91.84 91.38 90.94 90.47 90.00 89.56 89.09 88.66 88.22 87.75 87.31 86.84 86.41 85.94 85.50 85.03 84.59 84.16 83.69 83.25 82.78 82.34 81.88 81.44 81.00 80.53 80.09 79.62 79.19 78.72 78.25 77.81 77.34 76.91 76.44 76.00 75.56 75.16 74.75 74.38 74.00 73.69 73.38
108.19 107.44 106.72 106.00 105.31 104.66 104.03 103.41 102.84 102.31 101.81 101.31 100.88 100.44 100.00 99.62 99.22 98.81 98.44 98.06 97.69 97.31 96.91 96.50 96.12 95.72 95.28 94.88 94.44 94.00 93.53 93.09 92.62 92.19 91.72 91.28 90.81 90.34 89.91 89.44 89.00 88.53 88.09 87.62 87.19 86.72 86.28 85.81 85.34 84.88 84.44 83.97 83.53 83.06 82.62 82.16 81.72 81.25 80.81 80.34 79.91 79.44 79.00 78.53 78.06 77.62 77.16 76.72 76.28 75.84 75.44 75.03 74.66 74.28 73.97 73.66
108.56 107.84 107.09 106.38 105.69 105.03 104.38 103.75 103.19 102.62 102.12 101.62 101.19 100.72 100.31 99.91 99.50 99.12 98.75 98.38 98.00 97.62 97.22 96.84 96.44 96.03 95.62 95.19 94.78 94.34 93.88 93.44 92.97 92.53 92.06 91.62 91.16 90.69 90.25 89.78 89.34 88.88 88.41 87.97 87.50 87.06 86.59 86.12 85.66 85.19 84.75 84.28 83.81 83.38 82.91 82.44 82.00 81.53 81.06 80.62 80.16 79.72 79.25 78.81 78.34 77.91 77.44 77.00 76.56 76.16 75.72 75.31 74.94 74.59 74.25 73.94
108.94 108.22 107.47 106.75 106.06 105.38 104.72 104.09 103.50 102.97 102.44 101.94 101.47 101.03 100.62 100.19 99.81 99.44 99.06 98.69 98.31 97.94 97.53 97.16 96.75 96.38 95.97 95.53 95.09 94.66 94.22 93.78 93.31 92.88 92.41 91.94 91.50 91.03 90.59 90.12 89.66 89.22 88.75 88.28 87.84 87.38 86.91 86.44 85.97 85.50 85.03 84.59 84.12 83.66 83.19 82.75 82.28 81.81 81.38 80.91 80.44 80.00 79.53 79.09 78.62 78.19 77.72 77.28 76.88 76.44 76.03 75.62 75.25 74.88 74.53 74.19
109.31 108.59 107.84 107.12 106.44 105.75 105.06 104.44 103.84 103.28 102.75 102.25 101.78 101.34 100.91 100.50 100.09 99.72 99.34 98.97 98.59 98.22 97.84 97.47 97.09 96.69 96.28 95.88 95.44 95.00 94.56 94.12 93.66 93.22 92.75 92.28 91.84 91.38 90.91 90.47 90.00 89.53 89.09 88.62 88.16 87.69 87.25 86.78 86.31 85.81 85.34 84.88 84.44 83.94 83.50 83.03 82.56 82.09 81.62 81.19 80.72 80.28 79.81 79.38 78.91 78.47 78.03 77.59 77.16 76.75 76.31 75.91 75.53 75.16 74.81 74.47
109.69 108.97 108.22 107.50 106.78 106.09 105.41 104.78 104.19 103.59 103.06 102.56 102.06 101.62 101.19 100.78 100.41 100.00 99.66 99.28 98.91 98.53 98.16 97.78 97.41 97.00 96.59 96.19 95.75 95.31 94.88 94.44 94.00 93.53 93.09 92.62 92.16 91.72 91.25 90.81 90.34 89.88 89.41 88.97 88.50 88.03 87.56 87.09 86.62 86.16 85.69 85.19 84.72 84.25 83.81 83.34 82.88 82.41 81.94 81.50 81.03 80.56 80.12 79.66 79.22 78.75 78.31 77.88 77.47 77.03 76.62 76.22 75.81 75.44 75.09 74.75
110.06 109.31 108.59 107.84 107.12 106.44 105.75 105.09 104.50 103.91 103.38 102.84 102.38 101.91 101.50 101.09 100.69 100.31 99.94 99.56 99.22 98.84 98.47 98.09 97.69 97.31 96.91 96.50 96.06 95.66 95.22 94.75 94.31 93.88 93.41 92.97 92.50 92.03 91.59 91.12 90.66 90.22 89.75 89.28 88.81 88.34 87.91 87.41 86.94 86.47 86.00 85.50 85.03 84.56 84.09 83.62 83.16 82.69 82.22 81.78 81.31 80.84 80.41 79.97 79.50 79.06 78.62 78.19 77.75 77.34 76.91 76.50 76.12 75.75 75.38 75.03
110.44 109.69 108.94 108.22 107.50 106.78 106.09 105.44 104.81 104.22 103.66 103.16 102.66 102.22 101.78 101.38 100.97 100.59 100.22 99.84 99.50 99.12 98.75 98.38 98.00 97.62 97.22 96.81 96.38 95.94 95.53 95.06 94.62 94.19 93.72 93.28 92.81 92.38 91.91 91.47 91.00 90.53 90.06 89.62 89.16 88.69 88.22 87.75 87.25 86.78 86.31 85.81 85.34 84.88 84.41 83.94 83.47 83.00 82.53 82.09 81.62 81.16 80.69 80.25 79.81 79.34 78.91 78.47 78.06 77.62 77.22 76.81 76.41 76.00 75.66 75.28
110.81 110.06 109.31 108.56 107.84 107.12 106.41 105.75 105.12 104.53 103.97 103.44 102.94 102.50 102.06 101.66 101.25 100.88 100.50 100.16 99.78 99.41 99.03 98.66 98.28 97.91 97.50 97.09 96.69 96.25 95.81 95.38 94.94 94.50 94.03 93.59 93.12 92.69 92.22 91.78 91.31 90.84 90.41 89.94 89.47 89.00 88.53 88.06 87.56 87.12 86.62 86.12 85.66 85.19 84.72 84.25 83.78 83.31 82.84 82.38 81.91 81.44 81.00 80.53 80.09 79.66 79.22 78.78 78.34 77.91 77.50 77.09 76.69 76.28 75.91 75.53
111.22 110.44 109.69 108.94 108.19 107.44 106.72 106.06 105.41 104.81 104.25 103.72 103.22 102.78 102.34 101.94 101.53 101.16 100.78 100.41 100.06 99.69 99.31 98.94 98.56 98.19 97.78 97.38 96.97 96.53 96.09 95.69 95.22 94.78 94.34 93.91 93.44 93.00 92.53 92.09 91.62 91.19 90.72 90.25 89.78 89.31 88.84 88.38 87.88 87.44 86.94 86.44 85.97 85.50 85.03 84.53 84.06 83.59 83.12 82.66 82.19 81.75 81.28 80.84 80.38 79.94 79.50 79.06 78.62 78.19 77.78 77.38 76.97 76.56 76.16 75.78
111.59 110.84 110.06 109.28 108.50 107.75 107.03 106.34 105.69 105.09 104.53 104.00 103.50 103.03 102.59 102.19 101.78 101.41 101.03 100.69 100.31 99.97 99.59 99.22 98.84 98.44 98.06 97.66 97.22 96.81 96.38 95.94 95.53 95.06 94.62 94.19 93.75 93.28 92.84 92.38 91.94 91.47 91.03 90.56 90.09 89.62 89.16 88.69 88.19 87.72 87.22 86.72 86.28 85.78 85.31 84.84 84.38 83.88 83.41 82.94 82.50 82.03 81.56 81.12 80.66 80.22 79.78 79.34 78.91 78.47 78.06 77.62 77.22 76.81 76.41 76.03
111.97 111.22 110.44 109.62 108.84 108.06 107.31 106.62 105.97 105.34 104.78 104.25 103.75 103.31 102.88 102.44 102.06 101.69 101.31 100.94 100.56 100.22 99.84 99.47 99.09 98.72 98.31 97.91 97.50 97.06 96.66 96.22 95.78 95.34 94.91 94.47 94.03 93.56 93.12 92.69 92.22 91.78 91.31 90.84 90.38 89.94 89.44 88.97 88.50 88.03 87.53 87.03 86.56 86.09 85.59 85.12 84.66 84.19 83.69 83.25 82.78 82.31 81.84 81.41 80.94 80.50 80.06 79.59 79.19 78.75 78.31 77.91 77.47 77.06 76.66 76.25
112.50 111.62 110.84 109.97 109.16 108.34 107.59 106.88 106.22 105.59 105.03 104.50 104.00 103.56 103.12 102.72 102.31 101.94 101.56 101.19 100.81 100.47 100.09 99.72 99.34 98.94 98.56 98.16 97.75 97.31 96.91 96.47 96.03 95.62 95.19 94.75 94.28 93.84 93.41 92.97 92.50 92.06 91.59 91.12 90.69 90.22 89.72 89.25 88.78 88.31 87.81 87.31 86.84 86.38 85.88 85.41 84.94 84.44 83.97 83.50 83.03 82.56 82.12 81.66 81.22 80.75 80.31 79.88 79.44 79.00 78.56 78.16 77.72 77.31 76.88 76.47
112.97 111.97 111.16 110.31 109.44 108.59 107.84 107.12 106.47 105.84 105.28 104.75 104.25 103.81 103.38 102.94 102.56 102.16 101.78 101.44 101.06 100.69 100.31 99.94 99.56 99.19 98.78 98.38 97.97 97.56 97.12 96.72 96.28 95.88 95.44 95.00 94.56 94.12 93.66 93.22 92.78 92.31 91.88 91.41 90.94 90.50 90.00 89.53 89.06 88.59 88.09 87.62 87.12 86.66 86.16 85.69 85.19 84.72 84.25 83.78 83.31 82.84 82.38 81.94 81.47 81.03 80.56 80.12 79.69 79.25 78.81 78.38 77.97 77.53 77.09 76.69
113.03 112.28 111.41 110.56 109.69 108.84 108.06 107.34 106.69 106.09 105.53 105.00 104.50 104.03 103.59 103.19 102.78 102.41 102.03 101.66 101.28 100.91 100.53 100.16 99.78 99.41 99.00 98.59 98.19 97.78 97.38 96.94 96.53 96.09 95.66 95.22 94.81 94.38 93.91 93.47 93.03 92.59 92.12 91.69 91.22 90.75 90.28 89.81 89.31 88.84 88.38 87.88 87.41 86.91 86.44 85.94 85.47 84.97 84.50 84.03 83.56 83.09 82.62 82.19 81.72 81.28 80.81 80.38 79.94 79.50 79.06 78.62 78.19 77.75 77.31 76.88
112.94 112.50 111.59 110.75 109.88 109.03 108.25 107.56 106.91 106.31 105.75 105.22 104.75 104.28 103.84 103.44 103.03 102.62 102.25 101.88 101.50 101.12 100.75 100.38 100.00 99.59 99.22 98.81 98.41 98.00 97.56 97.16 96.75 96.31 95.88 95.47 95.03 94.59 94.16 93.72 93.28 92.81 92.38 91.91 91.47 91.00 90.53 90.06 89.59 89.09 88.62 88.12 87.66 87.16 86.69 86.19 85.72 85.25 84.75 84.28 83.81 83.34 82.88 82.44 81.97 81.53 81.06 80.62 80.16 79.72 79.28 78.84 78.41 77.97 77.53 77.09
112.88 112.59 111.59 110.81 110.00 109.19 108.44 107.75 107.12 106.53 105.97 105.47 104.97 104.50 104.06 103.66 103.25 102.84 102.47 102.09 101.72 101.34 100.97 100.56 100.19 99.78 99.41 99.00 98.59 98.19 97.78 97.34 96.94 96.53 96.09 95.69 95.25 94.81 94.38 93.94 93.50 93.06 92.59 92.16 91.69 91.25 90.78 90.28 89.81 89.34 88.88 88.38 87.91 87.41 86.94 86.44 85.97 85.47 85.00 84.53 84.06 83.59 83.12 82.66 82.22 81.75 81.28 80.84 80.41 79.94 79.50 79.06 78.62 78.19 77.72 77.31
112.81 112.44 111.44 110.81 110.06 109.31 108.62 107.97 107.34 106.75 106.19 105.69 105.19 104.72 104.28 103.88 103.47 103.06 102.69 102.28 101.91 101.53 101.16 100.75 100.38 99.97 99.59 99.19 98.78 98.38 97.97 97.56 97.12 96.72 96.28 95.88 95.44 95.03 94.59 94.16 93.72 93.25 92.81 92.38 91.91 91.44 90.97 90.50 90.03 89.56 89.09 88.59 88.12 87.62 87.16 86.66 86.19 85.72 85.22 84.75 84.28 83.81 83.34 82.91 82.44 81.97 81.53 81.06 80.62 80.16 79.72 79.28 78.81 78.38 77.94 77.53
112.78 112.69 111.56 110.88 110.19 109.47 108.81 108.16 107.53 106.97 106.41 105.91 105.41 104.97 104.50 104.09 103.69 103.28 102.88 102.50 102.09 101.72 101.31 100.94 100.53 100.16 99.75 99.34 98.94 98.53 98.12 97.72 97.31 96.91 96.47 96.06 95.62 95.22 94.78 94.34 93.91 93.47 93.00 92.56 92.09 91.62 91.16 90.69 90.22 89.75 89.28 88.81 88.34 87.84 87.38 86.88 86.41 85.94 85.44 84.97 84.50 84.03 83.56 83.09 82.66 82.19 81.72 81.28 80.81 80.38 79.94 79.47 79.03 78.59 78.16 77.72
112.72 112.72 111.75 111.03 110.34 109.66 108.97 108.34 107.75 107.19 106.62 106.12 105.62 105.19 104.72 104.31 103.88 103.47 103.06 102.69 102.28 101.91 101.50 101.09 100.72 100.31 99.91 99.50 99.12 98.72 98.31 97.88 97.47 97.06 96.66 96.22 95.81 95.38 94.94 94.53 94.06 93.62 93.19 92.72 92.28 91.81 91.34 90.88 90.41 89.94 89.47 89.00 88.53 88.06 87.56 87.09 86.62 86.12 85.66 85.19 84.72 84.25 83.78 83.31 82.84 82.38 81.94 81.47 81.03 80.56 80.12 79.69 79.22 78.78 78.34 77.94
112.66 112.66 111.97 111.16 110.50 109.81 109.19 108.53 107.94 107.38 106.84 106.34 105.88 105.41 104.94 104.50 104.09 103.69 103.28 102.88 102.47 102.06 101.66 101.28 100.88 100.47 100.06 99.66 99.25 98.84 98.44 98.03 97.62 97.22 96.81 96.38 95.97 95.53 95.12 94.69 94.25 93.78 93.34 92.91 92.44 91.97 91.53 91.06 90.59 90.12 89.66 89.19 88.72 88.25 87.75 87.28 86.81 86.34 85.88 85.38 84.91 84.44 83.97 83.50 83.06 82.59 82.12 81.69 81.22 80.78 80.31 79.88 79.44 79.00 78.56 78.16
112.59 112.59 112.09 111.25 110.62 109.97 109.34 108.75 108.16 107.59 107.06 106.56 106.09 105.62 105.16 104.72 104.28 103.88 103.47 103.03 102.62 102.22 101.84 101.44 101.03 100.62 100.22 99.81 99.41 99.00 98.59 98.19 97.78 97.38 96.97 96.53 96.12 95.69 95.25 94.84 94.38 93.94 93.50 93.06 92.59 92.16 91.69 91.22 90.75 90.31 89.84 89.38 88.91 88.41 87.94 87.47 87.00 86.53 86.06 85.59 85.12 84.66 84.19 83.72 83.25 82.78 82.34 81.88 81.41 80.97 80.50 80.06 79.62 79.19 78.75 78.34
112.53 112.50 112.22 111.41 110.81 110.16 109.53 108.94 108.38 107.81 107.28 106.78 106.31 105.81 105.38 104.91 104.47 104.06 103.62 103.22 102.81 102.41 101.97 101.56 101.16 100.75 100.34 99.94 99.53 99.12 98.72 98.31 97.91 97.50 97.09 96.69 96.25 95.84 95.41 94.97 94.53 94.09 93.66 93.19 92.75 92.31 91.84 91.38 90.94 90.47 90.00 89.53 89.06 88.59 88.12 87.66 87.19 86.72 86.25 85.75 85.28 84.81 84.38 83.91 83.44 82.97 82.53 82.06 81.62 81.16 80.72 80.25 79.81 79.41 78.97 78.53
112.44 112.44 112.28 111.53 110.91 110.31 109.72 109.12 108.56 108.03 107.50 107.00 106.50 106.03 105.56 105.12 104.69 104.25 103.81 103.38 102.97 102.56 102.12 101.72 101.31 100.91 100.50 100.09 99.66 99.25 98.84 98.44 98.03 97.62 97.22 96.81 96.38 95.97 95.53 95.09 94.66 94.22 93.78 93.34 92.91 92.44 92.00 91.53 91.09 90.62 90.16 89.69 89.25 88.78 88.28 87.81 87.34 86.88 86.41 85.94 85.50 85.03 84.56 84.09 83.62 83.16 82.72 82.25 81.81 81.34 80.91 80.47 80.03 79.59 79.16 78.75
112.38 112.34 112.28 111.62 111.03 110.47 109.88 109.31 108.78 108.25 107.72 107.22 106.72 106.25 105.78 105.31 104.84 104.41 103.97 103.53 103.12 102.69 102.28 101.84 101.44 101.03 100.62 100.22 99.78 99.38 98.97 98.56 98.16 97.75 97.34 96.94 96.50 96.09 95.66 95.25 94.81 94.38 93.94 93.50 93.03 92.59 92.16 91.69 91.25 90.78 90.34 89.88 89.41 88.94 88.47 88.00 87.53 87.06 86.59 86.12 85.69 85.22 84.75 84.28 83.81 83.34 82.91 82.44 82.00 81.53 81.09 80.66 80.22 79.78 79.34 78.94
112.28 112.28 112.25 111.72 111.16 110.59 110.03 109.47 108.94 108.41 107.91 107.41 106.91 106.44 105.94 105.50 105.03 104.59 104.12 103.69 103.25 102.84 102.41 102.00 101.56 101.16 100.75 100.31 99.91 99.50 99.09 98.69 98.28 97.88 97.47 97.06 96.62 96.22 95.78 95.38 94.94 94.50 94.06 93.62 93.19 92.75 92.28 91.84 91.41 90.94 90.50 90.03 89.56 89.09 88.62 88.16 87.72 87.25 86.78 86.31 85.84 85.38 84.91 84.47 84.00 83.53 83.09 82.62 82.19 81.72 81.28 80.84 80.41 79.97 79.53 79.12
112.19 112.19 112.22 111.69 111.16 110.62 110.12 109.59 109.09 108.56 108.06 107.56 107.09 106.59 106.12 105.66 105.19 104.75 104.28 103.84 103.41 102.97 102.53 102.12 101.69 101.28 100.84 100.44 100.03 99.62 99.22 98.81 98.38 97.97 97.56 97.16 96.75 96.31 95.91 95.47 95.06 94.62 94.19 93.75 93.31 92.88 92.44 92.00 91.53 91.09 90.66 90.19 89.72 89.25 88.81 88.34 87.88 87.41 86.97 86.50 86.03 85.56 85.09 84.62 84.19 83.72 83.25 82.81 82.38 81.91 81.47 81.03 80.59 80.16 79.72 79.31
112.09 112.06 112.06 111.62 111.12 110.62 110.16 109.69 109.19 108.69 108.22 107.72 107.22 106.75 106.28 105.81 105.34 104.88 104.44 103.97 103.53 103.09 102.66 102.22 101.81 101.38 100.97 100.53 100.12 99.72 99.31 98.91 98.50 98.09 97.69 97.28 96.84 96.44 96.03 95.59 95.19 94.75 94.31 93.88 93.47 93.03 92.56 92.12 91.69 91.25 90.78 90.34 89.88 89.44 88.97 88.50 88.06 87.59 87.12 86.66 86.19 85.75 85.28 84.81 84.34 83.91 83.44 83.00 82.53 82.09 81.66 81.22 80.78 80.34 79.91 79.50
111.97 111.94 111.94 111.53 111.00 110.56 110.16 109.72 109.25 108.78 108.31 107.84 107.34 106.88 106.41 105.94 105.47 105.00 104.56 104.09 103.66 103.22 102.78 102.34 101.91 101.50 101.06 100.66 100.25 99.81 99.41 99.00 98.59 98.19 97.78 97.38 96.97 96.56 96.12 95.72 95.31 94.88 94.44 94.03 93.59 93.16 92.72 92.28 91.84 91.41 90.94 90.47 90.03 89.59 89.12 88.69 88.22 87.75 87.28 86.84 86.38 85.91 85.44 85.00 84.53 84.06 83.62 83.19 82.72 82.28 81.84 81.41 80.97 80.53 80.09 79.69
111.84 111.84 111.81 111.44 110.88 110.50 110.12 109.72 109.31 108.84 108.41 107.94 107.47 107.00 106.53 106.06 105.59 105.12 104.69 104.22 103.78 103.31 102.88 102.44 102.03 101.59 101.19 100.75 100.34 99.94 99.50 99.09 98.69 98.28 97.88 97.47 97.06 96.66 96.25 95.84 95.41 95.00 94.56 94.16 93.72 93.28 92.84 92.41 91.97 91.53 91.09 90.62 90.19 89.75 89.28 88.84 88.38 87.94 87.47 87.00 86.53 86.09 85.62 85.16 84.72 84.25 83.81 83.34 82.91 82.47 82.00 81.56 81.16 80.72 80.28 79.84
111.75 111.72 111.69 111.34 110.75 110.41 110.06 109.72 109.31 108.91 108.47 108.00 107.53 107.09 106.62 106.16 105.69 105.22 104.78 104.31 103.88 103.44 103.00 102.56 102.12 101.69 101.28 100.84 100.44 100.03 99.62 99.19 98.78 98.41 98.00 97.59 97.19 96.78 96.34 95.94 95.53 95.12 94.69 94.28 93.84 93.41 92.97 92.56 92.12 91.69 91.25 90.78 90.34 89.91 89.44 89.00 88.53 88.09 87.62 87.16 86.72 86.25 85.78 85.34 84.88 84.41 83.97 83.53 83.06 82.62 82.19 81.75 81.31 80.88 80.47 80.03
111.62 111.59 111.53 111.28 110.62 110.34 110.03 109.72 109.31 108.94 108.50 108.06 107.59 107.16 106.69 106.25 105.78 105.31 104.88 104.41 103.97 103.53 103.09 102.66 102.22 101.78 101.38 100.94 100.53 100.12 99.69 99.28 98.88 98.50 98.09 97.69 97.28 96.88 96.47 96.06 95.66 95.22 94.81 94.41 93.97 93.53 93.12 92.69 92.25 91.81 91.38 90.94 90.50 90.06 89.59 89.16 88.69 88.25 87.78 87.31 86.88 86.41 85.94 85.50 85.03 84.59 84.12 83.69 83.25 82.81 82.38 81.94 81.50 81.06 80.62 80.22
111.47 111.41 111.38 111.28 110.53 110.28 110.00 109.66 109.31 108.94 108.53 108.09 107.66 107.22 106.75 106.31 105.84 105.41 104.94 104.50 104.06 103.62 103.19 102.75 102.31 101.88 101.44 101.03 100.59 100.19 99.78 99.38 98.97 98.59 98.19 97.78 97.38 96.97 96.56 96.16 95.75 95.34 94.94 94.50 94.09 93.66 93.25 92.81 92.38 91.94 91.53 91.09 90.62 90.19 89.75 89.31 88.84 88.41 87.94 87.50 87.03 86.56 86.12 85.66 85.19 84.75 84.31 83.84 83.41 82.97 82.53 82.09 81.66 81.22 80.81 80.38
