everonasctiles/Tile[48,47].asc
ncols 128
nrows 128
xllcorner 0
yllcorner 0
cellsize 2.0
NODATA_value  -9999
[rows 90 to 119 of 128, columns 0 to 67 of 128]
-96.56 -96.44 -96.31 -96.22 -96.28 -96.41 -96.53 -96.69 -96.81 -96.97 -97.12 -97.38 -97.66 -98.00 -98.38 -98.75 -99.16 -99.56 -99.97 -100.34 -100.72 -101.09 -101.44 -101.72 -102.00 -102.25 -102.47 -102.66 -102.84 -103.00 -103.12 -103.25 -103.38 -103.47 -103.56 -103.69 -103.78 -103.91 -104.00 -104.06 -104.12 -104.16 -104.19 -104.25 -104.28 -104.28 -104.31 -104.31 -104.28 -104.25 -104.19 -104.09 -103.97 -103.84 -103.69 -103.53 -103.34 -103.12 -102.91 -102.69 -102.44 -102.25 -102.06 -102.00 -102.00 -102.00 -102.06 -102.06
-96.12 -96.03 -95.94 -95.88 -95.97 -96.09 -96.25 -96.44 -96.59 -96.78 -97.00 -97.28 -97.59 -97.97 -98.34 -98.75 -99.16 -99.56 -99.97 -100.34 -100.75 -101.09 -101.44 -101.72 -102.00 -102.25 -102.50 -102.69 -102.84 -103.00 -103.16 -103.28 -103.41 -103.50 -103.62 -103.72 -103.84 -103.94 -104.03 -104.12 -104.19 -104.22 -104.25 -104.28 -104.31 -104.34 -104.34 -104.34 -104.34 -104.28 -104.22 -104.16 -104.03 -103.91 -103.78 -103.62 -103.44 -103.25 -103.03 -102.81 -102.62 -102.44 -102.28 -102.22 -102.22 -102.25 -102.28 -102.31
-95.72 -95.66 -95.56 -95.56 -95.69 -95.84 -96.00 -96.19 -96.41 -96.62 -96.91 -97.22 -97.56 -97.94 -98.31 -98.72 -99.12 -99.53 -99.94 -100.34 -100.72 -101.06 -101.41 -101.72 -102.00 -102.25 -102.47 -102.69 -102.84 -103.00 -103.16 -103.28 -103.41 -103.53 -103.62 -103.75 -103.88 -103.97 -104.06 -104.16 -104.22 -104.25 -104.28 -104.31 -104.34 -104.38 -104.38 -104.38 -104.38 -104.34 -104.28 -104.19 -104.09 -104.00 -103.88 -103.72 -103.53 -103.38 -103.16 -102.97 -102.78 -102.62 -102.50 -102.44 -102.44 -102.47 -102.50 -102.53
-95.31 -95.28 -95.25 -95.28 -95.41 -95.56 -95.78 -96.00 -96.25 -96.53 -96.84 -97.19 -97.56 -97.94 -98.31 -98.72 -99.12 -99.53 -99.94 -100.31 -100.69 -101.03 -101.34 -101.66 -101.94 -102.19 -102.44 -102.62 -102.81 -102.97 -103.12 -103.28 -103.41 -103.53 -103.66 -103.75 -103.88 -103.97 -104.06 -104.16 -104.22 -104.28 -104.31 -104.34 -104.38 -104.41 -104.41 -104.41 -104.41 -104.38 -104.31 -104.25 -104.16 -104.06 -103.94 -103.78 -103.62 -103.47 -103.28 -103.12 -102.94 -102.78 -102.69 -102.62 -102.66 -102.69 -102.72 -102.75
-94.91 -94.94 -94.94 -95.00 -95.16 -95.34 -95.56 -95.84 -96.12 -96.44 -96.78 -97.12 -97.50 -97.91 -98.28 -98.69 -99.06 -99.47 -99.88 -100.25 -100.59 -100.94 -101.25 -101.56 -101.84 -102.12 -102.34 -102.56 -102.75 -102.94 -103.09 -103.22 -103.38 -103.50 -103.62 -103.75 -103.88 -104.00 -104.09 -104.16 -104.22 -104.28 -104.31 -104.34 -104.38 -104.41 -104.41 -104.41 -104.41 -104.38 -104.34 -104.28 -104.22 -104.12 -104.00 -103.88 -103.72 -103.56 -103.41 -103.25 -103.09 -102.97 -102.84 -102.81 -102.84 -102.88 -102.94 -102.97
-94.56 -94.59 -94.66 -94.78 -94.94 -95.16 -95.41 -95.69 -96.00 -96.34 -96.69 -97.06 -97.44 -97.81 -98.22 -98.59 -99.00 -99.41 -99.78 -100.16 -100.50 -100.81 -101.16 -101.47 -101.75 -102.03 -102.25 -102.47 -102.69 -102.84 -103.03 -103.16 -103.31 -103.47 -103.59 -103.75 -103.88 -104.00 -104.09 -104.16 -104.22 -104.28 -104.31 -104.38 -104.41 -104.41 -104.44 -104.44 -104.44 -104.41 -104.38 -104.31 -104.25 -104.16 -104.06 -103.94 -103.81 -103.69 -103.53 -103.38 -103.22 -103.09 -103.00 -102.97 -103.00 -103.06 -103.12 -103.16
-94.19 -94.28 -94.41 -94.56 -94.75 -95.00 -95.25 -95.56 -95.88 -96.22 -96.56 -96.94 -97.31 -97.72 -98.09 -98.50 -98.88 -99.28 -99.66 -100.00 -100.34 -100.69 -101.03 -101.34 -101.62 -101.91 -102.16 -102.41 -102.59 -102.78 -102.97 -103.12 -103.28 -103.44 -103.59 -103.75 -103.88 -104.00 -104.09 -104.16 -104.25 -104.28 -104.34 -104.38 -104.41 -104.41 -104.44 -104.44 -104.44 -104.41 -104.41 -104.34 -104.28 -104.22 -104.12 -104.03 -103.91 -103.78 -103.62 -103.50 -103.34 -103.25 -103.16 -103.12 -103.16 -103.22 -103.28 -103.34
-93.88 -94.00 -94.16 -94.34 -94.59 -94.84 -95.12 -95.41 -95.72 -96.06 -96.41 -96.78 -97.19 -97.56 -97.97 -98.34 -98.75 -99.12 -99.50 -99.84 -100.22 -100.56 -100.91 -101.22 -101.53 -101.81 -102.06 -102.31 -102.53 -102.72 -102.91 -103.09 -103.28 -103.44 -103.59 -103.75 -103.88 -104.00 -104.09 -104.19 -104.25 -104.31 -104.34 -104.38 -104.41 -104.44 -104.44 -104.44 -104.44 -104.44 -104.41 -104.38 -104.34 -104.25 -104.19 -104.09 -103.97 -103.84 -103.72 -103.59 -103.47 -103.34 -103.25 -103.25 -103.31 -103.38 -103.44 -103.50
-93.56 -93.75 -93.97 -94.19 -94.44 -94.69 -94.97 -95.28 -95.59 -95.91 -96.28 -96.66 -97.03 -97.41 -97.81 -98.22 -98.59 -98.97 -99.34 -99.72 -100.09 -100.44 -100.81 -101.12 -101.44 -101.72 -102.00 -102.25 -102.47 -102.69 -102.91 -103.09 -103.28 -103.44 -103.59 -103.75 -103.88 -104.00 -104.09 -104.19 -104.25 -104.31 -104.38 -104.41 -104.44 -104.44 -104.47 -104.47 -104.47 -104.47 -104.44 -104.41 -104.38 -104.31 -104.25 -104.16 -104.06 -103.94 -103.81 -103.66 -103.53 -103.44 -103.38 -103.41 -103.47 -103.53 -103.59 -103.69
-93.31 -93.56 -93.81 -94.06 -94.31 -94.59 -94.88 -95.16 -95.47 -95.81 -96.16 -96.50 -96.88 -97.28 -97.69 -98.09 -98.47 -98.88 -99.25 -99.62 -100.00 -100.38 -100.72 -101.06 -101.38 -101.66 -101.94 -102.19 -102.44 -102.66 -102.88 -103.09 -103.28 -103.47 -103.59 -103.75 -103.88 -104.00 -104.09 -104.19 -104.28 -104.34 -104.41 -104.44 -104.47 -104.50 -104.50 -104.50 -104.50 -104.50 -104.50 -104.47 -104.41 -104.38 -104.28 -104.19 -104.09 -103.97 -103.84 -103.72 -103.62 -103.53 -103.50 -103.53 -103.59 -103.69 -103.75 -103.84
-93.12 -93.41 -93.69 -93.97 -94.25 -94.53 -94.81 -95.09 -95.41 -95.72 -96.06 -96.41 -96.78 -97.19 -97.59 -98.00 -98.41 -98.81 -99.19 -99.56 -99.94 -100.31 -100.66 -101.00 -101.31 -101.59 -101.88 -102.12 -102.38 -102.62 -102.88 -103.09 -103.28 -103.44 -103.59 -103.72 -103.88 -104.00 -104.09 -104.22 -104.31 -104.38 -104.44 -104.47 -104.50 -104.53 -104.56 -104.56 -104.56 -104.56 -104.53 -104.50 -104.47 -104.41 -104.34 -104.25 -104.16 -104.03 -103.91 -103.81 -103.69 -103.62 -103.62 -103.66 -103.75 -103.84 -103.91 -104.00
-93.00 -93.28 -93.59 -93.88 -94.19 -94.47 -94.78 -95.09 -95.41 -95.72 -96.06 -96.41 -96.78 -97.19 -97.56 -97.97 -98.38 -98.75 -99.12 -99.50 -99.88 -100.25 -100.59 -100.94 -101.25 -101.53 -101.81 -102.09 -102.34 -102.59 -102.84 -103.06 -103.25 -103.41 -103.56 -103.69 -103.84 -103.97 -104.09 -104.22 -104.31 -104.41 -104.47 -104.53 -104.56 -104.59 -104.62 -104.62 -104.62 -104.62 -104.59 -104.56 -104.53 -104.47 -104.41 -104.31 -104.22 -104.12 -104.00 -103.88 -103.81 -103.75 -103.75 -103.78 -103.88 -103.97 -104.06 -104.16
-92.84 -93.19 -93.50 -93.81 -94.12 -94.44 -94.75 -95.09 -95.41 -95.75 -96.09 -96.44 -96.81 -97.19 -97.56 -97.97 -98.34 -98.72 -99.06 -99.44 -99.78 -100.16 -100.50 -100.84 -101.16 -101.47 -101.75 -102.03 -102.31 -102.56 -102.81 -103.03 -103.22 -103.38 -103.53 -103.69 -103.81 -103.97 -104.09 -104.22 -104.31 -104.41 -104.50 -104.56 -104.59 -104.62 -104.66 -104.69 -104.69 -104.66 -104.66 -104.62 -104.59 -104.53 -104.47 -104.41 -104.31 -104.22 -104.09 -104.00 -103.94 -103.88 -103.88 -103.94 -104.03 -104.12 -104.22 -104.31
-92.72 -93.06 -93.38 -93.72 -94.06 -94.38 -94.72 -95.03 -95.38 -95.72 -96.09 -96.44 -96.81 -97.19 -97.56 -97.94 -98.28 -98.66 -99.00 -99.34 -99.69 -100.03 -100.38 -100.72 -101.03 -101.34 -101.62 -101.94 -102.22 -102.47 -102.72 -102.97 -103.16 -103.34 -103.50 -103.66 -103.81 -103.94 -104.09 -104.22 -104.34 -104.44 -104.53 -104.59 -104.62 -104.69 -104.69 -104.72 -104.72 -104.72 -104.69 -104.69 -104.62 -104.59 -104.53 -104.47 -104.41 -104.31 -104.22 -104.12 -104.06 -104.03 -104.03 -104.06 -104.16 -104.25 -104.38 -104.47
-92.56 -92.91 -93.25 -93.59 -93.94 -94.28 -94.59 -94.97 -95.31 -95.66 -96.03 -96.41 -96.75 -97.12 -97.50 -97.84 -98.22 -98.56 -98.91 -99.25 -99.59 -99.94 -100.25 -100.59 -100.91 -101.19 -101.50 -101.78 -102.09 -102.38 -102.66 -102.88 -103.09 -103.28 -103.47 -103.62 -103.78 -103.94 -104.09 -104.25 -104.34 -104.47 -104.56 -104.62 -104.66 -104.72 -104.75 -104.75 -104.75 -104.75 -104.75 -104.72 -104.69 -104.66 -104.62 -104.56 -104.50 -104.41 -104.34 -104.25 -104.19 -104.16 -104.16 -104.19 -104.28 -104.41 -104.50 -104.59
-92.38 -92.75 -93.09 -93.44 -93.78 -94.12 -94.47 -94.84 -95.19 -95.56 -95.94 -96.28 -96.66 -97.03 -97.38 -97.75 -98.09 -98.47 -98.81 -99.16 -99.47 -99.81 -100.12 -100.44 -100.72 -101.03 -101.34 -101.66 -101.97 -102.28 -102.53 -102.78 -103.03 -103.22 -103.44 -103.62 -103.78 -103.97 -104.12 -104.25 -104.38 -104.50 -104.59 -104.66 -104.72 -104.75 -104.75 -104.78 -104.78 -104.78 -104.78 -104.78 -104.75 -104.72 -104.69 -104.66 -104.59 -104.53 -104.44 -104.38 -104.31 -104.28 -104.28 -104.31 -104.41 -104.53 -104.62 -104.75
-92.19 -92.53 -92.91 -93.25 -93.59 -93.94 -94.31 -94.69 -95.06 -95.41 -95.78 -96.16 -96.53 -96.91 -97.25 -97.62 -98.00 -98.34 -98.69 -99.03 -99.34 -99.66 -99.97 -100.28 -100.59 -100.91 -101.22 -101.56 -101.88 -102.19 -102.47 -102.72 -102.97 -103.19 -103.41 -103.62 -103.81 -104.00 -104.16 -104.28 -104.44 -104.53 -104.62 -104.69 -104.75 -104.78 -104.78 -104.81 -104.81 -104.81 -104.81 -104.81 -104.81 -104.78 -104.75 -104.72 -104.69 -104.62 -104.56 -104.50 -104.44 -104.41 -104.41 -104.44 -104.53 -104.62 -104.75 -104.84
-91.97 -92.31 -92.69 -93.03 -93.41 -93.75 -94.12 -94.50 -94.88 -95.25 -95.62 -96.00 -96.38 -96.75 -97.12 -97.50 -97.88 -98.22 -98.56 -98.91 -99.22 -99.53 -99.84 -100.16 -100.50 -100.81 -101.16 -101.50 -101.81 -102.09 -102.41 -102.66 -102.91 -103.16 -103.41 -103.62 -103.81 -104.00 -104.19 -104.31 -104.47 -104.56 -104.66 -104.72 -104.78 -104.81 -104.81 -104.84 -104.84 -104.84 -104.84 -104.84 -104.84 -104.84 -104.81 -104.81 -104.75 -104.72 -104.69 -104.62 -104.56 -104.53 -104.53 -104.56 -104.62 -104.72 -104.84 -104.97
-91.72 -92.09 -92.47 -92.81 -93.22 -93.59 -93.97 -94.34 -94.75 -95.12 -95.50 -95.88 -96.25 -96.62 -97.03 -97.38 -97.75 -98.09 -98.44 -98.78 -99.09 -99.44 -99.75 -100.09 -100.44 -100.78 -101.12 -101.47 -101.78 -102.06 -102.34 -102.62 -102.91 -103.16 -103.41 -103.62 -103.84 -104.03 -104.19 -104.34 -104.47 -104.59 -104.69 -104.75 -104.78 -104.81 -104.84 -104.88 -104.88 -104.88 -104.88 -104.88 -104.88 -104.88 -104.88 -104.88 -104.84 -104.81 -104.78 -104.75 -104.69 -104.66 -104.62 -104.66 -104.72 -104.81 -104.94 -105.03
-91.53 -91.88 -92.25 -92.66 -93.06 -93.44 -93.84 -94.25 -94.62 -95.00 -95.41 -95.78 -96.16 -96.53 -96.94 -97.28 -97.66 -98.03 -98.34 -98.69 -99.03 -99.34 -99.69 -100.06 -100.41 -100.78 -101.12 -101.44 -101.75 -102.03 -102.31 -102.59 -102.88 -103.12 -103.38 -103.59 -103.81 -104.03 -104.19 -104.34 -104.47 -104.59 -104.69 -104.75 -104.81 -104.84 -104.88 -104.88 -104.91 -104.91 -104.91 -104.91 -104.91 -104.94 -104.94 -104.94 -104.91 -104.91 -104.88 -104.84 -104.81 -104.78 -104.75 -104.75 -104.81 -104.91 -105.00 -105.12
-91.34 -91.72 -92.09 -92.50 -92.94 -93.34 -93.75 -94.16 -94.56 -94.97 -95.34 -95.72 -96.12 -96.50 -96.88 -97.22 -97.59 -97.94 -98.28 -98.62 -98.97 -99.31 -99.66 -100.00 -100.38 -100.72 -101.06 -101.38 -101.69 -101.97 -102.28 -102.53 -102.81 -103.06 -103.34 -103.56 -103.78 -104.00 -104.16 -104.31 -104.47 -104.59 -104.69 -104.75 -104.81 -104.88 -104.88 -104.91 -104.91 -104.94 -104.94 -104.94 -104.94 -104.97 -104.97 -104.97 -104.97 -104.97 -104.94 -104.91 -104.91 -104.88 -104.84 -104.84 -104.91 -105.00 -105.09 -105.19
-91.25 -91.62 -92.03 -92.44 -92.88 -93.31 -93.72 -94.12 -94.53 -94.94 -95.34 -95.72 -96.09 -96.47 -96.81 -97.19 -97.53 -97.88 -98.22 -98.56 -98.88 -99.22 -99.56 -99.94 -100.28 -100.66 -100.97 -101.31 -101.59 -101.88 -102.19 -102.44 -102.72 -103.00 -103.25 -103.50 -103.72 -103.94 -104.12 -104.28 -104.44 -104.56 -104.69 -104.75 -104.81 -104.88 -104.91 -104.91 -104.94 -104.94 -104.94 -104.97 -104.97 -105.00 -105.00 -105.00 -105.03 -105.03 -105.00 -105.00 -104.97 -104.97 -104.94 -104.97 -105.00 -105.06 -105.19 -105.28
-91.31 -91.69 -92.06 -92.47 -92.88 -93.28 -93.72 -94.12 -94.53 -94.91 -95.31 -95.69 -96.06 -96.41 -96.75 -97.09 -97.44 -97.78 -98.12 -98.44 -98.78 -99.12 -99.47 -99.84 -100.19 -100.56 -100.88 -101.19 -101.50 -101.78 -102.06 -102.34 -102.62 -102.91 -103.16 -103.41 -103.66 -103.88 -104.06 -104.22 -104.38 -104.53 -104.66 -104.75 -104.81 -104.84 -104.88 -104.91 -104.94 -104.94 -104.97 -104.97 -105.00 -105.00 -105.03 -105.03 -105.06 -105.06 -105.06 -105.06 -105.03 -105.03 -105.03 -105.06 -105.09 -105.16 -105.25 -105.34
-91.41 -91.78 -92.16 -92.53 -92.91 -93.31 -93.72 -94.09 -94.50 -94.88 -95.25 -95.62 -96.00 -96.34 -96.69 -97.00 -97.34 -97.66 -98.00 -98.31 -98.66 -99.00 -99.34 -99.72 -100.09 -100.44 -100.75 -101.06 -101.34 -101.62 -101.91 -102.19 -102.50 -102.78 -103.06 -103.31 -103.56 -103.78 -103.97 -104.16 -104.31 -104.47 -104.59 -104.69 -104.78 -104.84 -104.88 -104.91 -104.91 -104.94 -104.97 -104.97 -105.00 -105.03 -105.03 -105.06 -105.06 -105.09 -105.09 -105.09 -105.09 -105.09 -105.12 -105.16 -105.19 -105.28 -105.38 -105.44
-91.47 -91.84 -92.22 -92.59 -92.97 -93.34 -93.72 -94.09 -94.47 -94.81 -95.19 -95.53 -95.91 -96.25 -96.56 -96.88 -97.19 -97.50 -97.81 -98.16 -98.47 -98.84 -99.19 -99.56 -99.94 -100.28 -100.59 -100.91 -101.19 -101.47 -101.78 -102.06 -102.34 -102.66 -102.94 -103.19 -103.44 -103.66 -103.88 -104.06 -104.25 -104.41 -104.53 -104.62 -104.72 -104.78 -104.81 -104.84 -104.88 -104.91 -104.94 -104.97 -105.00 -105.03 -105.03 -105.06 -105.09 -105.09 -105.12 -105.12 -105.16 -105.16 -105.19 -105.25 -105.31 -105.38 -105.47 -105.56
-91.50 -91.88 -92.28 -92.66 -93.00 -93.34 -93.69 -94.06 -94.41 -94.78 -95.12 -95.47 -95.81 -96.12 -96.44 -96.75 -97.06 -97.34 -97.62 -97.94 -98.28 -98.66 -99.03 -99.41 -99.78 -100.12 -100.44 -100.72 -101.00 -101.31 -101.59 -101.91 -102.22 -102.50 -102.78 -103.03 -103.28 -103.50 -103.72 -103.94 -104.12 -104.28 -104.44 -104.53 -104.62 -104.69 -104.75 -104.81 -104.84 -104.91 -104.94 -104.97 -105.00 -105.00 -105.03 -105.06 -105.09 -105.12 -105.12 -105.16 -105.19 -105.22 -105.28 -105.34 -105.41 -105.47 -105.56 -105.66
-91.50 -91.88 -92.28 -92.66 -93.00 -93.34 -93.69 -94.03 -94.38 -94.72 -95.06 -95.41 -95.72 -96.03 -96.34 -96.62 -96.88 -97.16 -97.44 -97.72 -98.09 -98.47 -98.84 -99.22 -99.56 -99.91 -100.22 -100.53 -100.81 -101.09 -101.41 -101.72 -102.03 -102.31 -102.59 -102.84 -103.09 -103.34 -103.59 -103.81 -104.00 -104.16 -104.31 -104.41 -104.53 -104.59 -104.66 -104.72 -104.78 -104.84 -104.88 -104.94 -104.97 -105.00 -105.03 -105.06 -105.09 -105.12 -105.16 -105.19 -105.22 -105.28 -105.34 -105.41 -105.50 -105.56 -105.66 -105.75
-91.47 -91.88 -92.25 -92.62 -92.97 -93.31 -93.66 -94.00 -94.34 -94.69 -95.00 -95.34 -95.62 -95.94 -96.22 -96.47 -96.72 -96.97 -97.22 -97.53 -97.88 -98.28 -98.66 -99.03 -99.38 -99.69 -100.00 -100.28 -100.56 -100.88 -101.19 -101.50 -101.81 -102.09 -102.38 -102.62 -102.91 -103.16 -103.41 -103.62 -103.84 -104.00 -104.16 -104.28 -104.38 -104.47 -104.56 -104.66 -104.72 -104.78 -104.84 -104.88 -104.94 -104.97 -105.00 -105.03 -105.09 -105.12 -105.16 -105.22 -105.25 -105.31 -105.41 -105.47 -105.56 -105.66 -105.75 -105.84
-91.41 -91.81 -92.22 -92.59 -92.94 -93.31 -93.62 -93.97 -94.31 -94.62 -94.97 -95.25 -95.56 -95.84 -96.09 -96.34 -96.56 -96.78 -97.06 -97.38 -97.72 -98.09 -98.47 -98.81 -99.16 -99.47 -99.75 -100.03 -100.31 -100.62 -100.97 -101.28 -101.56 -101.88 -102.12 -102.41 -102.69 -102.97 -103.22 -103.44 -103.66 -103.81 -103.97 -104.09 -104.22 -104.34 -104.44 -104.53 -104.62 -104.69 -104.75 -104.81 -104.88 -104.91 -104.97 -105.03 -105.06 -105.12 -105.19 -105.22 -105.28 -105.38 -105.44 -105.53 -105.62 -105.72 -105.81 -105.91
-91.38 -91.81 -92.19 -92.59 -92.94 -93.28 -93.62 -93.97 -94.28 -94.59 -94.91 -95.19 -95.47 -95.75 -95.97 -96.22 -96.44 -96.69 -96.97 -97.25 -97.59 -97.94 -98.28 -98.59 -98.91 -99.19 -99.47 -99.75 -100.06 -100.38 -100.72 -101.03 -101.31 -101.59 -101.88 -102.16 -102.47 -102.75 -103.00 -103.25 -103.44 -103.62 -103.78 -103.91 -104.06 -104.16 -104.28 -104.41 -104.50 -104.59 -104.66 -104.72 -104.78 -104.84 -104.91 -105.00 -105.06 -105.12 -105.19 -105.25 -105.31 -105.41 -105.50 -105.59 -105.69 -105.78 -105.88 -105.97
