everonasctiles/Tile[29,6].asc
ncols 128
nrows 128
xllcorner 0
yllcorner 0
cellsize 2.0
NODATA_value  -9999
[rows 34 to 67 of 128, columns 0 to 76 of 128]
80.94 81.44 81.91 82.41 82.84 83.19 83.62 83.97 84.53 84.94 85.25 85.66 86.00 86.34 86.62 86.94 87.25 87.53 87.84 88.19 88.53 88.75 88.78 88.56 88.53 88.31 88.19 88.03 87.56 87.09 86.78 86.66 86.50 86.22 86.09 85.69 85.50 85.53 85.44 85.47 85.41 85.28 85.56 85.59 85.44 84.81 84.25 83.75 83.16 82.53 81.47 80.72 80.09 79.66 78.91 77.84 77.06 76.31 75.78 75.06 74.50 73.97 73.53 73.03 72.50 71.94 71.34 70.88 70.41 69.75 69.22 68.72 68.25 67.81 67.41 67.03 66.56
80.12 80.62 81.09 81.56 81.94 82.47 82.69 83.22 83.66 84.06 84.44 84.78 85.16 85.47 85.81 86.06 86.38 86.66 87.00 87.28 87.56 87.84 87.72 87.59 87.56 87.28 87.38 87.09 86.91 86.50 86.09 86.00 85.84 85.59 85.47 85.19 84.97 84.84 84.81 84.72 84.72 84.59 84.53 84.62 84.66 84.31 83.59 82.75 81.75 81.59 81.09 80.28 79.78 78.88 78.38 77.53 76.72 76.12 75.50 74.84 74.22 73.62 73.28 72.81 72.34 71.84 71.41 70.91 70.41 69.84 69.22 68.69 68.19 67.81 67.34 66.94 66.44
79.31 79.84 80.28 80.72 81.16 81.56 81.84 82.34 82.75 83.19 83.56 83.94 84.28 84.62 84.94 85.22 85.47 85.81 86.09 86.31 86.62 86.88 86.94 86.88 86.78 86.53 86.56 86.31 86.03 85.81 85.62 85.25 85.16 85.09 84.81 84.69 84.56 84.44 84.22 84.12 84.09 83.81 83.78 83.72 83.78 83.44 82.97 82.16 81.16 80.53 80.25 79.84 79.31 78.72 77.88 77.25 76.50 75.81 75.19 74.59 74.00 73.47 72.94 72.62 72.22 71.78 71.34 70.94 70.44 69.88 69.28 68.72 68.25 67.75 67.25 66.78 66.38
78.56 79.06 79.50 79.97 80.25 80.69 81.03 81.47 81.94 82.31 82.69 83.06 83.41 83.75 84.03 84.34 84.59 84.91 85.19 85.41 85.72 85.97 85.91 86.06 85.75 85.69 85.50 85.50 85.34 85.19 85.06 84.81 84.56 84.50 84.31 84.28 84.03 83.94 83.69 83.62 83.44 83.31 83.06 82.88 82.84 82.66 82.12 81.31 80.50 80.12 79.47 79.25 78.72 78.25 77.62 76.78 76.25 75.62 74.94 74.28 73.78 73.28 72.81 72.44 72.09 71.69 71.31 70.91 70.41 69.88 69.34 68.78 68.22 67.75 67.22 66.72 66.28
77.78 78.31 78.72 79.12 79.38 79.84 80.16 80.66 81.06 81.44 81.84 82.22 82.56 82.91 83.19 83.50 83.78 84.09 84.31 84.53 84.66 84.94 84.88 85.06 85.00 84.94 84.72 84.66 84.66 84.53 84.44 84.31 84.09 84.06 83.88 83.81 83.59 83.41 83.31 83.00 82.81 82.66 82.41 82.06 81.84 81.69 80.97 80.59 80.22 79.75 79.25 78.62 78.28 77.75 77.09 76.53 75.78 75.34 74.69 74.09 73.56 73.06 72.66 72.25 71.94 71.66 71.28 70.91 70.41 69.88 69.31 68.78 68.22 67.72 67.22 66.72 66.22
77.06 77.56 77.94 78.31 78.59 79.00 79.41 79.81 80.25 80.62 81.00 81.34 81.72 82.06 82.38 82.69 82.97 83.25 83.50 83.69 83.88 83.91 84.09 84.19 84.16 84.09 84.12 84.06 83.97 83.94 83.94 83.81 83.62 83.59 83.50 83.50 83.28 83.00 82.75 82.59 82.28 81.94 81.72 81.47 81.19 80.81 80.41 80.00 79.62 79.34 78.81 78.34 77.91 77.38 76.88 76.09 75.53 74.84 74.44 73.91 73.31 72.88 72.53 72.12 71.88 71.59 71.25 70.84 70.31 69.84 69.28 68.75 68.25 67.72 67.25 66.75 66.25
76.34 76.78 77.06 77.47 77.75 78.22 78.62 79.00 79.41 79.81 80.19 80.53 80.91 81.22 81.56 81.88 82.16 82.47 82.72 82.88 83.09 83.16 83.25 83.28 83.41 83.47 83.50 83.53 83.50 83.59 83.47 83.41 83.44 83.19 83.28 83.22 83.12 82.84 82.25 82.16 81.78 81.28 81.16 80.88 80.38 80.19 79.78 79.50 79.22 79.00 78.62 78.28 77.84 77.41 76.72 76.09 75.41 74.66 73.91 73.53 73.03 72.69 72.31 72.06 71.81 71.53 71.19 70.78 70.31 69.78 69.22 68.66 68.12 67.59 67.19 66.78 66.31
75.56 75.97 76.19 76.69 76.91 77.44 77.81 78.19 78.62 79.00 79.38 79.72 80.09 80.47 80.81 81.12 81.41 81.72 81.91 82.03 82.22 82.34 82.38 82.50 82.59 82.62 82.84 82.94 82.94 83.16 83.22 83.12 83.00 83.00 83.06 83.09 83.00 82.66 82.16 81.25 81.28 80.84 80.47 80.22 79.94 79.44 79.28 79.00 78.81 78.66 78.41 78.16 77.78 77.34 76.72 75.97 75.28 74.38 73.72 73.19 72.62 72.41 72.19 71.97 71.75 71.47 71.12 70.69 70.19 69.69 69.12 68.62 68.06 67.56 67.19 66.84 66.44
74.78 75.12 75.38 75.78 76.12 76.66 77.03 77.41 77.81 78.22 78.56 78.94 79.34 79.72 80.09 80.44 80.72 81.00 81.09 81.22 81.25 81.44 81.69 81.75 81.75 81.97 82.16 82.06 82.59 82.81 82.94 82.94 82.88 82.66 82.75 82.75 82.62 82.16 81.72 81.25 80.38 80.31 79.91 79.62 79.38 79.00 78.72 78.47 78.25 78.25 78.06 77.84 77.53 77.03 76.38 75.72 74.78 74.16 73.47 72.94 72.59 72.34 72.00 71.84 71.62 71.38 71.00 70.59 70.12 69.59 69.06 68.56 68.06 67.59 67.25 66.88 66.47
73.84 74.22 74.66 74.91 75.38 75.81 76.19 76.62 77.03 77.41 77.81 78.19 78.59 79.00 79.44 79.88 80.16 80.44 80.53 80.53 80.66 80.72 80.84 80.91 81.03 81.06 81.16 81.56 81.97 82.31 82.53 82.56 82.38 82.28 82.19 82.16 81.88 81.53 81.16 80.69 80.28 79.47 79.28 79.00 78.81 78.56 78.22 78.03 77.81 77.66 77.41 77.25 77.09 76.53 75.72 75.03 74.53 73.56 73.31 72.81 72.44 72.03 71.94 71.69 71.50 71.22 70.84 70.44 69.97 69.47 69.03 68.50 68.09 67.72 67.28 66.97 66.66
72.91 73.34 73.62 74.12 74.53 75.00 75.44 75.84 76.28 76.66 77.06 77.47 77.91 78.34 78.84 79.34 79.88 80.06 80.09 80.06 79.84 79.88 79.97 80.09 80.19 80.28 80.22 80.44 81.28 81.66 82.03 82.03 81.81 81.69 81.66 81.25 81.28 80.97 80.25 79.97 79.53 79.25 78.66 78.53 78.22 78.06 77.81 77.44 77.25 77.00 76.59 76.44 76.09 75.75 75.25 74.47 73.97 73.44 72.88 72.50 72.09 71.91 71.75 71.59 71.31 71.00 70.69 70.25 69.84 69.38 68.94 68.50 68.06 67.69 67.38 67.06 66.75
72.00 72.47 72.81 73.31 73.75 74.22 74.66 75.00 75.50 75.91 76.34 76.75 77.22 77.69 78.22 78.91 79.38 79.59 79.62 79.38 79.25 79.12 79.12 79.12 79.28 79.44 79.50 79.88 80.16 80.81 81.16 81.31 81.09 80.97 80.94 80.84 80.59 80.25 79.81 79.53 79.03 78.75 78.44 77.91 77.84 77.53 77.34 77.06 76.75 76.41 75.88 75.56 75.16 75.00 74.56 74.12 73.66 73.03 72.62 72.28 71.97 71.81 71.59 71.34 71.12 70.81 70.44 70.09 69.69 69.22 68.84 68.44 68.12 67.69 67.44 67.19 66.94
71.09 71.56 72.00 72.47 72.94 73.41 73.84 74.28 74.72 75.19 75.62 76.06 76.53 77.03 77.78 78.47 78.91 79.00 79.06 78.97 78.59 78.22 78.22 78.31 78.38 78.41 78.97 79.19 79.47 79.88 80.28 80.28 80.06 80.03 80.41 80.31 79.91 79.78 79.56 79.28 78.84 78.38 78.06 77.59 77.25 77.12 76.84 76.59 76.31 75.88 75.50 75.09 74.66 74.12 73.88 73.25 73.16 72.72 72.50 72.25 71.97 71.66 71.34 71.12 70.84 70.59 70.25 69.88 69.59 69.19 68.78 68.44 68.09 67.81 67.50 67.28 66.97
70.22 70.78 71.16 71.62 72.16 72.59 73.06 73.53 74.00 74.44 74.91 75.34 75.81 76.38 77.22 77.81 78.12 78.31 78.06 78.12 77.59 77.59 77.41 77.56 77.47 77.91 78.06 78.34 78.62 78.91 79.19 79.19 78.91 79.28 79.56 79.56 79.31 79.34 79.28 79.00 78.53 78.22 77.69 77.34 76.78 76.62 76.28 76.09 75.72 75.44 74.94 74.59 74.16 73.53 73.25 72.94 72.62 72.28 72.16 72.06 71.81 71.44 71.09 70.84 70.53 70.28 70.00 69.66 69.31 69.03 68.66 68.34 68.06 67.81 67.50 67.22 67.06
69.34 69.84 70.34 70.84 71.31 71.81 72.31 72.81 73.28 73.72 74.19 74.66 74.91 75.44 76.41 77.00 77.25 77.53 77.25 76.94 76.97 76.84 76.72 76.69 76.91 77.09 77.28 77.22 77.47 77.88 77.84 78.12 78.03 78.03 78.50 78.72 78.78 78.84 78.91 78.72 78.41 77.81 77.41 77.00 76.62 76.09 75.88 75.56 75.31 74.94 74.56 73.91 73.62 73.19 72.69 72.47 72.09 71.72 71.62 71.50 71.34 71.00 70.72 70.44 70.19 69.97 69.72 69.44 69.09 68.88 68.62 68.31 68.06 67.84 67.53 67.41 67.16
68.31 69.03 69.50 70.00 70.53 71.06 71.59 72.09 72.56 73.03 73.47 73.81 74.31 74.84 75.59 76.09 76.50 76.66 76.25 76.12 76.19 76.06 76.09 76.06 76.16 76.25 76.44 76.44 76.78 76.94 77.03 77.12 77.22 77.31 77.50 77.56 77.91 78.41 78.38 78.34 78.12 77.62 77.03 76.66 76.19 75.88 75.56 75.31 74.81 74.62 73.94 73.53 73.16 72.69 72.06 71.91 71.62 71.41 71.16 71.03 70.84 70.53 70.22 70.00 69.78 69.59 69.41 69.16 68.91 68.66 68.47 68.22 67.91 67.72 67.47 67.34 67.12
68.00 68.19 68.59 69.22 69.75 70.31 70.88 71.41 71.88 72.25 72.53 73.06 73.78 74.22 74.53 75.28 75.41 75.81 75.62 75.59 75.47 75.41 75.41 75.38 75.34 75.44 75.69 75.88 76.19 76.28 76.28 76.34 76.31 76.31 76.50 76.47 77.38 77.78 77.50 77.59 77.50 77.22 76.69 76.25 75.94 75.69 75.34 74.81 74.59 74.09 73.66 73.12 72.44 72.19 71.66 71.31 71.12 70.91 70.56 70.28 70.19 69.94 69.72 69.53 69.38 69.22 69.06 68.88 68.69 68.50 68.25 68.12 67.81 67.62 67.47 67.41 67.12
66.72 67.31 67.88 68.22 68.94 69.34 70.22 70.50 71.12 71.28 71.78 72.06 72.91 73.56 74.19 74.44 74.88 74.94 74.91 74.75 74.62 74.66 74.62 74.62 74.72 74.81 74.91 75.25 75.38 75.62 75.62 75.56 75.59 75.62 75.72 75.88 76.25 76.81 76.75 76.47 76.62 76.44 75.94 75.78 75.53 75.31 75.12 74.78 74.16 73.62 73.03 72.66 72.06 71.56 71.25 70.84 70.56 70.25 70.00 69.72 69.56 69.41 69.22 69.06 68.97 68.81 68.72 68.62 68.53 68.31 68.09 67.94 67.75 67.62 67.38 67.34 67.12
65.44 66.56 66.97 67.78 68.09 68.88 69.59 69.62 70.00 70.31 70.88 71.38 72.47 73.06 73.50 73.78 74.06 74.03 73.97 73.81 73.94 73.78 73.88 73.84 73.97 74.19 74.38 74.56 74.75 74.88 74.78 74.84 74.88 74.94 74.97 75.25 75.50 75.56 75.66 75.47 75.53 75.12 75.09 75.00 74.94 74.81 74.78 74.56 74.00 73.19 72.34 72.03 71.62 71.25 70.78 70.34 69.97 69.69 69.47 69.25 69.06 68.91 68.78 68.66 68.56 68.47 68.34 68.31 68.19 68.06 67.94 67.78 67.59 67.47 67.28 67.22 67.03
64.81 65.53 66.47 67.09 67.50 67.75 68.62 68.66 69.00 69.41 70.09 71.00 71.78 72.19 72.81 73.03 73.22 73.28 73.31 73.12 73.09 73.09 73.09 73.12 73.31 73.53 73.62 73.81 74.03 74.00 74.12 74.03 74.12 74.19 74.28 74.44 74.56 74.44 74.75 74.62 74.19 74.06 73.88 74.09 74.12 74.28 74.38 74.12 73.69 72.97 72.09 71.38 71.09 70.72 70.34 69.91 69.56 69.28 69.03 68.81 68.69 68.53 68.38 68.28 68.19 68.12 68.03 68.00 67.94 67.91 67.75 67.59 67.47 67.34 67.25 67.12 67.03
63.88 64.75 65.47 66.09 66.41 66.84 67.22 67.66 67.88 68.84 69.44 70.44 71.12 71.69 71.94 72.22 72.34 72.41 72.53 72.31 72.28 72.38 72.28 72.38 72.72 72.84 73.03 73.19 73.31 73.28 73.28 73.16 73.25 73.31 73.41 73.56 73.62 73.66 73.56 73.41 73.25 73.28 73.19 73.00 73.19 73.75 73.94 73.62 73.19 72.56 71.81 71.16 70.56 70.25 69.91 69.56 69.22 68.91 68.66 68.50 68.28 68.12 68.00 67.94 67.84 67.81 67.75 67.72 67.62 67.59 67.44 67.34 67.28 67.31 67.09 67.09 66.88
62.97 63.59 64.12 64.75 65.38 65.84 66.31 66.75 67.34 67.88 69.03 69.62 70.19 70.97 71.44 71.53 71.62 71.66 71.66 71.50 71.47 71.56 71.56 71.53 72.06 72.41 72.50 72.53 72.62 72.59 72.38 72.44 72.53 72.59 72.38 72.59 72.53 72.69 72.53 72.53 72.44 72.44 72.47 72.44 72.88 73.16 73.22 72.97 72.50 71.94 71.31 70.72 70.25 69.75 69.50 69.16 68.84 68.62 68.38 68.12 67.94 67.78 67.69 67.59 67.50 67.47 67.44 67.41 67.34 67.31 67.25 67.16 67.03 66.94 66.84 66.72 66.62
61.91 62.34 62.72 63.47 64.41 65.06 65.34 65.91 66.44 67.22 67.97 68.19 69.03 70.19 70.91 70.81 70.78 70.72 70.62 70.56 70.66 70.78 70.69 70.88 71.28 71.94 72.00 72.16 71.78 71.78 71.66 71.69 71.75 71.81 71.56 71.44 71.59 71.81 71.81 71.66 71.69 71.78 71.88 72.03 72.38 72.44 72.41 72.12 71.75 71.25 70.72 70.22 69.78 69.38 69.00 68.81 68.44 68.25 68.00 67.81 67.66 67.50 67.34 67.25 67.19 67.16 67.16 67.12 67.06 66.97 66.94 66.91 66.75 66.69 66.56 66.62 66.50
60.66 61.00 61.81 62.50 63.25 63.84 64.31 64.97 65.62 66.28 66.56 67.03 68.22 69.22 69.59 69.66 69.69 69.53 69.72 69.66 69.78 69.88 69.81 70.41 71.00 71.47 71.72 71.59 71.22 71.16 71.00 70.88 70.88 70.84 70.62 70.66 70.81 71.00 70.91 70.91 70.94 71.06 71.22 71.25 71.50 71.56 71.50 71.28 70.97 70.56 70.12 69.69 69.31 69.00 68.59 68.50 68.16 67.88 67.72 67.53 67.31 67.16 67.06 66.97 66.91 66.84 66.81 66.81 66.78 66.75 66.66 66.62 66.44 66.41 66.28 66.28 66.12
59.47 60.19 60.50 61.28 61.88 62.75 62.97 63.84 64.59 65.03 65.53 66.22 67.25 68.00 68.19 68.25 68.38 68.53 68.50 68.69 68.75 68.81 69.06 69.75 70.41 70.97 71.22 71.16 70.84 70.50 70.28 70.22 70.09 70.00 69.75 69.88 70.03 70.12 70.12 70.12 70.06 70.25 70.44 70.56 70.69 70.56 70.56 70.41 70.16 69.84 69.50 69.12 68.78 68.53 68.25 67.91 67.78 67.59 67.34 67.22 67.03 66.84 66.72 66.66 66.59 66.53 66.47 66.47 66.50 66.44 66.28 66.19 66.12 66.03 66.09 65.88 65.91
58.66 59.03 59.66 60.09 60.81 61.47 62.16 62.78 63.44 64.03 64.81 65.62 66.41 66.97 66.78 66.88 67.06 67.44 67.56 67.66 67.69 67.56 68.16 68.81 69.69 70.34 70.62 70.53 70.25 69.84 69.66 69.47 69.38 69.25 68.97 69.03 69.19 69.25 69.28 69.25 69.28 69.31 69.69 69.84 69.91 69.88 69.84 69.62 69.44 69.16 68.88 68.56 68.28 68.03 67.78 67.53 67.38 67.22 67.06 66.84 66.72 66.50 66.38 66.25 66.22 66.19 66.16 66.09 66.09 66.00 65.97 65.84 65.81 65.78 65.56 65.50 65.53
57.78 58.31 58.66 59.09 59.75 60.44 60.88 61.56 62.22 63.12 63.88 64.47 65.22 65.56 65.38 65.69 66.06 66.28 66.31 66.53 66.53 66.72 67.47 68.09 68.81 69.59 69.84 69.78 69.38 69.28 68.91 68.69 68.69 68.44 68.41 68.38 68.44 68.38 68.38 68.47 68.44 68.62 68.94 68.94 69.16 69.12 69.09 68.97 68.78 68.53 68.28 68.00 67.75 67.53 67.34 67.16 66.94 66.88 66.69 66.50 66.31 66.19 66.03 65.88 65.81 65.81 65.72 65.75 65.69 65.66 65.56 65.53 65.38 65.34 65.22 65.28 65.09
56.91 57.38 57.75 58.16 58.78 59.31 59.69 60.38 61.25 61.91 62.47 63.25 63.91 64.31 64.41 64.56 64.84 65.12 65.44 65.56 65.69 65.72 66.66 67.28 68.09 68.72 68.91 68.78 68.66 68.41 68.06 68.09 68.00 67.91 67.69 67.66 67.72 67.72 67.69 67.56 67.66 67.84 68.19 68.38 68.41 68.47 68.41 68.31 68.16 67.94 67.72 67.47 67.28 67.06 66.88 66.75 66.53 66.50 66.31 66.16 65.91 65.75 65.62 65.50 65.44 65.38 65.31 65.28 65.25 65.16 65.09 65.03 65.00 65.00 64.97 64.91 64.75
56.03 56.34 56.84 57.31 57.75 58.06 58.81 59.34 60.12 60.50 61.38 62.00 62.81 63.09 63.19 63.56 63.88 64.09 64.50 64.78 64.56 65.47 66.16 66.59 66.78 67.47 67.78 67.53 67.50 67.31 67.44 67.44 67.31 67.31 67.25 67.19 67.16 67.09 66.88 66.88 66.88 67.31 67.59 67.72 67.72 67.78 67.75 67.72 67.56 67.38 67.16 66.94 66.75 66.56 66.44 66.31 66.19 66.06 65.91 65.78 65.56 65.34 65.19 65.09 64.97 64.94 64.91 64.81 64.78 64.72 64.66 64.59 64.53 64.47 64.47 64.44 64.34
55.06 55.50 55.81 56.38 56.91 57.38 57.69 58.44 58.75 59.69 60.12 60.94 61.69 61.91 62.28 62.53 62.81 63.03 63.66 63.75 64.16 64.91 65.38 65.59 66.03 66.06 66.47 66.75 66.66 66.56 66.72 66.78 66.72 66.62 66.59 66.66 66.44 66.47 66.19 66.19 66.41 66.75 66.88 66.97 67.09 67.16 67.16 67.12 67.00 66.81 66.59 66.41 66.22 66.03 65.97 65.88 65.78 65.69 65.47 65.31 65.09 64.94 64.72 64.62 64.50 64.47 64.38 64.38 64.28 64.25 64.16 64.06 64.00 63.97 64.03 64.03 63.97
54.22 54.44 55.06 55.56 55.88 56.50 57.03 57.47 58.03 58.56 59.06 59.97 60.69 61.06 61.25 61.44 61.81 62.31 62.72 62.69 63.56 64.09 64.47 64.88 65.12 65.31 65.47 65.88 65.78 65.91 66.06 66.00 66.06 66.00 66.03 66.03 65.84 65.78 65.72 65.75 65.84 66.03 66.06 66.34 66.47 66.53 66.53 66.53 66.41 66.25 66.06 65.88 65.72 65.59 65.47 65.41 65.31 65.22 65.00 64.84 64.62 64.47 64.28 64.12 64.00 63.91 63.88 63.81 63.72 63.69 63.62 63.53 63.47 63.41 63.41 63.53 63.53
53.16 53.81 54.34 54.69 55.16 55.66 56.12 56.75 57.12 57.41 58.22 58.84 59.50 59.81 60.09 60.50 60.84 61.47 61.59 62.06 62.66 63.28 63.81 64.16 64.31 64.59 64.88 65.09 65.19 65.28 65.28 65.31 65.41 65.34 65.41 65.34 65.31 65.19 65.19 65.22 65.41 65.50 65.56 65.78 65.91 65.97 65.97 65.91 65.84 65.69 65.50 65.34 65.19 65.06 64.97 64.91 64.84 64.72 64.53 64.31 64.12 63.94 63.75 63.62 63.47 63.41 63.31 63.28 63.22 63.12 63.03 62.94 62.88 62.81 62.84 62.91 62.94
52.44 53.12 53.56 53.88 54.19 54.94 55.47 55.78 56.25 56.56 57.34 57.97 58.50 58.84 59.22 59.56 60.09 60.41 60.59 61.19 61.91 62.38 63.03 63.41 63.59 63.94 64.16 64.38 64.53 64.69 64.72 64.75 64.72 64.69 64.69 64.75 64.62 64.69 64.66 64.72 65.00 65.06 65.09 65.28 65.38 65.41 65.44 65.34 65.22 65.12 64.94 64.78 64.66 64.56 64.50 64.44 64.34 64.19 64.03 63.81 63.56 63.44 63.25 63.06 62.97 62.84 62.78 62.69 62.59 62.53 62.44 62.34 62.31 62.22 62.28 62.38 62.41
51.69 52.38 52.62 52.97 53.53 54.06 54.62 55.09 55.41 55.81 56.47 57.09 57.53 57.78 58.34 58.75 59.19 59.59 59.75 60.38 60.94 61.69 62.34 62.75 62.97 63.25 63.53 63.81 64.00 64.16 64.19 64.19 64.16 64.09 64.09 64.19 64.25 64.19 64.19 64.44 64.53 64.62 64.62 64.75 64.81 64.84 64.84 64.81 64.69 64.56 64.38 64.25 64.12 64.03 63.97 63.91 63.84 63.72 63.47 63.28 63.03 62.84 62.69 62.50 62.38 62.28 62.19 62.09 61.97 61.88 61.84 61.72 61.66 61.59 61.59 61.59 61.62
