everonasctiles/Tile[13,20].asc
ncols 128
nrows 128
xllcorner 0
yllcorner 0
cellsize 2.0
NODATA_value  -9999
[rows 64 to 95 of 128, columns 0 to 70 of 128]
113.34 112.88 112.59 112.72 112.88 112.81 112.56 112.38 112.25 112.22 112.22 112.22 112.25 112.28 112.31 112.38 112.38 112.38 112.44 112.44 112.47 112.47 112.47 112.47 112.44 112.41 112.34 112.31 112.25 112.22 112.19 112.19 112.16 112.16 112.16 112.16 112.19 112.25 112.28 112.34 112.38 112.41 112.41 112.38 112.34 112.22 112.09 112.00 111.94 111.94 111.97 112.03 112.09 112.12 112.19 112.16 112.16 112.16 112.16 112.38 112.66 112.94 113.09 113.09 113.00 112.91 112.81 112.72 112.59 112.50 112.41
113.53 113.12 112.66 112.72 113.00 113.00 112.78 112.59 112.44 112.34 112.38 112.38 112.38 112.44 112.44 112.47 112.47 112.50 112.53 112.53 112.53 112.56 112.53 112.53 112.50 112.47 112.41 112.38 112.34 112.28 112.28 112.22 112.22 112.25 112.25 112.28 112.31 112.38 112.44 112.50 112.53 112.59 112.56 112.56 112.53 112.47 112.38 112.28 112.25 112.25 112.28 112.34 112.41 112.47 112.53 112.53 112.56 112.78 113.06 113.31 113.41 113.34 113.25 113.12 113.03 112.94 112.84 112.75 112.66 112.56 112.44
113.62 113.34 112.88 112.88 113.16 113.19 113.06 112.84 112.66 112.53 112.53 112.53 112.56 112.56 112.56 112.56 112.56 112.56 112.59 112.62 112.59 112.59 112.59 112.56 112.53 112.50 112.47 112.44 112.41 112.38 112.38 112.31 112.34 112.38 112.38 112.41 112.47 112.53 112.59 112.66 112.72 112.75 112.78 112.75 112.75 112.69 112.62 112.56 112.53 112.56 112.59 112.66 112.72 112.81 113.00 113.25 113.50 113.66 113.66 113.56 113.47 113.38 113.28 113.19 113.09 112.97 112.88 112.78 112.69 112.59 112.50
113.62 113.56 113.19 113.00 113.22 113.34 113.25 113.09 112.91 112.72 112.69 112.69 112.69 112.66 112.66 112.66 112.66 112.66 112.66 112.66 112.66 112.62 112.62 112.56 112.53 112.53 112.50 112.50 112.47 112.44 112.44 112.44 112.44 112.50 112.53 112.56 112.66 112.69 112.78 112.84 112.91 112.97 112.97 113.00 112.97 112.97 112.91 112.88 112.84 112.81 112.88 113.00 113.28 113.62 113.84 113.97 113.91 113.81 113.72 113.62 113.53 113.41 113.31 113.22 113.12 113.03 112.94 112.81 112.72 112.62 112.53
113.62 113.69 113.38 113.12 113.31 113.50 113.44 113.31 113.09 112.91 112.81 112.81 112.81 112.78 112.78 112.75 112.72 112.72 112.72 112.69 112.69 112.66 112.62 112.59 112.56 112.56 112.53 112.53 112.56 112.56 112.56 112.59 112.59 112.66 112.69 112.72 112.81 112.88 112.97 113.03 113.12 113.16 113.19 113.25 113.22 113.22 113.19 113.19 113.16 113.28 113.62 113.94 114.19 114.25 114.16 114.06 113.94 113.84 113.75 113.66 113.56 113.47 113.38 113.25 113.16 113.06 112.97 112.88 112.78 112.66 112.56
113.59 113.75 113.56 113.34 113.44 113.59 113.56 113.47 113.28 113.09 112.94 112.94 112.91 112.91 112.88 112.84 112.81 112.81 112.78 112.75 112.72 112.69 112.66 112.62 112.59 112.56 112.59 112.59 112.62 112.62 112.69 112.75 112.75 112.81 112.84 112.94 113.00 113.09 113.19 113.28 113.34 113.44 113.47 113.50 113.50 113.50 113.56 113.75 114.03 114.34 114.50 114.50 114.38 114.28 114.19 114.09 114.00 113.91 113.78 113.69 113.59 113.50 113.41 113.31 113.22 113.09 113.00 112.91 112.81 112.75 112.66
113.56 113.75 113.75 113.59 113.53 113.59 113.66 113.59 113.41 113.25 113.09 113.06 113.03 113.00 112.97 112.94 112.91 112.88 112.84 112.81 112.75 112.69 112.69 112.66 112.66 112.66 112.66 112.72 112.75 112.81 112.84 112.91 112.94 113.00 113.06 113.16 113.22 113.34 113.41 113.50 113.59 113.69 113.75 113.81 114.03 114.28 114.53 114.75 114.81 114.72 114.62 114.53 114.44 114.34 114.22 114.12 114.03 113.94 113.84 113.75 113.62 113.53 113.44 113.34 113.25 113.16 113.12 113.06 113.03 112.97 112.88
113.56 113.75 113.84 113.75 113.53 113.53 113.69 113.69 113.53 113.38 113.22 113.19 113.16 113.12 113.09 113.03 113.00 112.94 112.91 112.84 112.81 112.75 112.72 112.69 112.69 112.75 112.75 112.78 112.88 112.94 113.03 113.09 113.16 113.25 113.34 113.44 113.50 113.59 113.66 113.75 113.84 114.12 114.44 114.72 114.91 115.00 115.00 114.94 114.88 114.78 114.66 114.56 114.47 114.38 114.28 114.19 114.06 113.97 113.88 113.78 113.69 113.59 113.50 113.44 113.47 113.47 113.44 113.34 113.22 113.16 113.06
113.59 113.75 113.91 113.91 113.62 113.44 113.66 113.78 113.62 113.47 113.34 113.28 113.25 113.22 113.19 113.16 113.09 113.03 112.97 112.91 112.84 112.81 112.81 112.81 112.81 112.81 112.88 112.94 113.00 113.12 113.22 113.28 113.41 113.50 113.59 113.69 113.78 113.88 114.12 114.47 114.78 115.03 115.19 115.16 115.12 115.06 115.00 114.94 114.91 114.81 114.72 114.59 114.50 114.41 114.31 114.22 114.12 114.03 113.91 113.81 113.75 113.75 113.84 113.91 113.91 113.78 113.66 113.53 113.41 113.34 113.31
113.59 113.81 114.00 114.03 113.78 113.53 113.69 113.88 113.72 113.59 113.50 113.41 113.38 113.34 113.28 113.25 113.19 113.12 113.03 112.97 112.91 112.91 112.91 112.91 112.94 112.97 113.03 113.12 113.22 113.31 113.44 113.56 113.69 113.78 113.88 114.09 114.44 114.78 115.09 115.25 115.28 115.25 115.25 115.19 115.12 115.06 115.03 114.97 114.91 114.84 114.75 114.66 114.56 114.44 114.34 114.25 114.16 114.06 114.03 114.12 114.25 114.34 114.34 114.22 114.09 113.97 113.84 113.72 113.62 113.53 113.53
113.62 113.84 114.06 114.16 114.03 113.72 113.72 113.91 113.91 113.75 113.62 113.53 113.47 113.44 113.41 113.34 113.28 113.22 113.12 113.06 113.03 113.03 113.03 113.06 113.09 113.16 113.22 113.31 113.44 113.53 113.69 113.81 114.03 114.41 114.78 115.09 115.31 115.38 115.34 115.31 115.31 115.28 115.25 115.19 115.16 115.09 115.03 115.00 114.94 114.88 114.78 114.69 114.59 114.50 114.41 114.31 114.34 114.47 114.62 114.75 114.72 114.59 114.50 114.38 114.28 114.16 114.03 113.91 113.81 113.75 113.78
113.66 113.88 114.09 114.28 114.25 113.97 113.72 113.94 114.09 113.94 113.78 113.66 113.59 113.56 113.53 113.47 113.41 113.31 113.25 113.19 113.19 113.16 113.19 113.22 113.28 113.34 113.44 113.53 113.66 113.88 114.28 114.69 115.09 115.34 115.47 115.44 115.41 115.38 115.34 115.34 115.31 115.28 115.25 115.22 115.16 115.12 115.06 115.00 114.97 114.91 114.81 114.72 114.62 114.59 114.69 114.88 115.03 115.09 115.03 114.97 114.88 114.78 114.66 114.56 114.44 114.34 114.22 114.12 114.03 113.97 113.94
113.72 113.88 114.09 114.34 114.41 114.16 113.88 114.03 114.25 114.12 113.94 113.81 113.72 113.69 113.66 113.59 113.53 113.44 113.38 113.34 113.31 113.31 113.34 113.41 113.47 113.53 113.69 114.09 114.56 115.03 115.38 115.53 115.53 115.50 115.47 115.44 115.41 115.41 115.38 115.34 115.31 115.28 115.25 115.25 115.19 115.12 115.09 115.03 114.97 114.91 114.88 114.91 115.06 115.25 115.41 115.41 115.34 115.28 115.19 115.12 115.03 114.94 114.84 114.75 114.62 114.53 114.41 114.31 114.22 114.19 114.19
113.81 113.91 114.12 114.34 114.50 114.34 114.06 114.06 114.31 114.34 114.12 113.97 113.84 113.81 113.78 113.75 113.69 113.59 113.56 113.50 113.50 113.53 113.56 113.62 113.81 114.34 114.94 115.34 115.59 115.59 115.59 115.56 115.53 115.50 115.47 115.44 115.44 115.41 115.38 115.34 115.31 115.31 115.28 115.25 115.22 115.16 115.09 115.06 115.09 115.25 115.44 115.62 115.72 115.69 115.62 115.56 115.50 115.44 115.34 115.28 115.19 115.09 115.00 114.91 114.81 114.72 114.59 114.50 114.44 114.38 114.38
113.91 113.97 114.16 114.38 114.56 114.56 114.25 114.00 114.28 114.50 114.34 114.12 114.00 113.94 113.91 113.91 113.84 113.78 113.72 113.72 113.72 113.75 114.00 114.50 115.09 115.53 115.69 115.66 115.62 115.62 115.59 115.56 115.53 115.50 115.50 115.47 115.44 115.41 115.38 115.34 115.34 115.31 115.28 115.25 115.22 115.28 115.44 115.66 115.84 116.00 116.03 115.97 115.91 115.84 115.78 115.72 115.66 115.59 115.50 115.44 115.34 115.28 115.19 115.09 115.00 114.91 114.78 114.69 114.62 114.59 114.56
114.00 114.06 114.22 114.34 114.41 114.38 114.31 114.19 114.19 114.53 114.53 114.28 114.12 114.06 114.06 114.06 114.00 113.97 113.97 113.94 114.22 114.72 115.28 115.62 115.72 115.69 115.69 115.69 115.66 115.62 115.59 115.56 115.53 115.53 115.50 115.47 115.44 115.41 115.41 115.38 115.34 115.31 115.38 115.56 115.81 116.03 116.22 116.28 116.25 116.22 116.16 116.12 116.06 116.00 115.94 115.88 115.81 115.72 115.66 115.59 115.50 115.44 115.34 115.28 115.19 115.09 115.00 114.88 114.81 114.75 114.75
114.09 114.19 114.25 114.31 114.34 114.34 114.31 114.28 114.25 114.44 114.66 114.44 114.28 114.19 114.22 114.22 114.19 114.22 114.53 114.97 115.44 115.72 115.75 115.72 115.72 115.72 115.69 115.69 115.66 115.62 115.59 115.59 115.56 115.53 115.50 115.47 115.47 115.44 115.41 115.44 115.62 115.88 116.12 116.34 116.44 116.44 116.41 116.38 116.38 116.31 116.28 116.25 116.19 116.12 116.06 116.00 115.94 115.88 115.81 115.72 115.66 115.59 115.53 115.47 115.38 115.28 115.19 115.09 115.00 114.94 114.91
114.19 114.25 114.28 114.31 114.31 114.31 114.31 114.28 114.28 114.41 114.72 114.53 114.38 114.34 114.34 114.41 114.69 115.16 115.59 115.78 115.78 115.75 115.75 115.75 115.72 115.72 115.69 115.69 115.66 115.62 115.62 115.59 115.56 115.53 115.50 115.50 115.50 115.62 115.88 116.16 116.41 116.53 116.56 116.56 116.56 116.53 116.53 116.50 116.47 116.44 116.41 116.38 116.31 116.28 116.22 116.16 116.09 116.03 115.97 115.88 115.81 115.78 115.72 115.66 115.56 115.47 115.38 115.28 115.19 115.09 115.06
114.25 114.31 114.31 114.31 114.31 114.31 114.31 114.31 114.28 114.34 114.72 114.59 114.47 114.47 114.72 115.16 115.59 115.81 115.81 115.78 115.78 115.78 115.75 115.75 115.72 115.72 115.69 115.69 115.69 115.66 115.62 115.59 115.56 115.56 115.66 115.84 116.12 116.41 116.56 116.59 116.62 116.62 116.62 116.66 116.66 116.62 116.62 116.59 116.59 116.56 116.53 116.50 116.47 116.41 116.34 116.28 116.22 116.16 116.09 116.03 116.00 115.94 115.88 115.81 115.75 115.69 115.56 115.47 115.38 115.28 115.19
114.28 114.34 114.34 114.34 114.34 114.34 114.34 114.31 114.28 114.22 114.62 114.62 114.72 115.12 115.56 115.81 115.81 115.81 115.81 115.81 115.78 115.78 115.75 115.75 115.75 115.72 115.72 115.69 115.69 115.66 115.62 115.69 115.84 116.06 116.31 116.53 116.62 116.66 116.69 116.69 116.72 116.72 116.72 116.72 116.72 116.72 116.72 116.72 116.69 116.66 116.66 116.62 116.59 116.53 116.50 116.44 116.38 116.31 116.25 116.19 116.16 116.09 116.03 115.97 115.91 115.81 115.72 115.62 115.53 115.41 115.31
114.31 114.38 114.38 114.38 114.38 114.38 114.38 114.38 114.31 114.19 114.56 115.03 115.50 115.78 115.84 115.84 115.81 115.81 115.81 115.81 115.78 115.78 115.78 115.75 115.75 115.72 115.72 115.69 115.72 115.81 116.00 116.25 116.47 116.59 116.66 116.72 116.75 116.78 116.78 116.81 116.81 116.81 116.81 116.81 116.81 116.81 116.81 116.81 116.78 116.78 116.75 116.75 116.72 116.66 116.62 116.59 116.53 116.47 116.41 116.34 116.28 116.25 116.19 116.12 116.06 115.97 115.84 115.75 115.66 115.53 115.44
114.34 114.41 114.41 114.41 114.41 114.41 114.44 114.44 114.44 114.50 115.22 115.72 115.84 115.84 115.84 115.84 115.84 115.81 115.81 115.81 115.81 115.78 115.78 115.75 115.75 115.72 115.75 115.88 116.12 116.38 116.53 116.62 116.69 116.75 116.81 116.84 116.88 116.91 116.91 116.91 116.91 116.91 116.91 116.91 116.91 116.91 116.91 116.91 116.91 116.88 116.88 116.84 116.81 116.81 116.75 116.72 116.69 116.62 116.56 116.50 116.44 116.38 116.31 116.25 116.19 116.06 115.97 115.88 115.75 115.66 115.53
114.31 114.38 114.41 114.41 114.44 114.47 114.50 114.56 114.91 115.47 115.84 115.84 115.84 115.84 115.84 115.84 115.84 115.81 115.81 115.81 115.81 115.78 115.78 115.78 115.78 115.94 116.16 116.41 116.53 116.62 116.72 116.78 116.88 116.91 116.94 116.97 117.00 117.00 117.00 117.00 117.00 117.00 117.00 117.00 117.00 117.00 117.00 117.00 117.00 116.97 116.97 116.97 116.94 116.94 116.91 116.88 116.81 116.78 116.72 116.66 116.59 116.53 116.44 116.38 116.28 116.19 116.06 115.94 115.84 115.75 115.62
114.31 114.34 114.41 114.44 114.47 114.53 114.62 115.12 115.66 115.84 115.84 115.84 115.84 115.84 115.84 115.84 115.84 115.84 115.81 115.81 115.81 115.81 115.81 115.91 116.12 116.38 116.53 116.62 116.72 116.81 116.91 116.97 117.03 117.06 117.09 117.09 117.12 117.12 117.12 117.12 117.12 117.09 117.09 117.09 117.09 117.09 117.06 117.06 117.06 117.06 117.06 117.06 117.06 117.03 117.03 117.00 116.97 116.91 116.88 116.81 116.75 116.66 116.59 116.50 116.41 116.28 116.19 116.06 115.94 115.84 115.72
114.25 114.28 114.34 114.44 114.50 114.66 115.22 115.75 115.84 115.84 115.84 115.84 115.84 115.84 115.84 115.84 115.84 115.84 115.84 115.81 115.84 115.94 116.06 116.25 116.41 116.59 116.72 116.81 116.91 117.00 117.06 117.12 117.16 117.19 117.22 117.22 117.25 117.25 117.25 117.22 117.22 117.22 117.19 117.19 117.16 117.16 117.16 117.16 117.16 117.16 117.16 117.16 117.16 117.16 117.16 117.12 117.09 117.06 117.00 116.94 116.88 116.81 116.72 116.59 116.50 116.41 116.28 116.16 116.06 115.94 115.81
114.19 114.22 114.28 114.34 114.56 115.28 115.78 115.84 115.84 115.84 115.84 115.84 115.84 115.84 115.84 115.84 115.84 115.84 115.88 115.97 116.06 116.16 116.28 116.44 116.62 116.75 116.88 117.00 117.06 117.16 117.22 117.25 117.28 117.31 117.34 117.34 117.34 117.38 117.34 117.34 117.34 117.31 117.31 117.28 117.25 117.25 117.25 117.22 117.25 117.25 117.25 117.25 117.28 117.28 117.25 117.25 117.25 117.22 117.16 117.09 117.03 116.94 116.84 116.75 116.62 116.50 116.41 116.28 116.19 116.06 115.94
114.12 114.16 114.19 114.44 115.25 115.78 115.84 115.84 115.84 115.84 115.84 115.84 115.84 115.84 115.84 115.84 115.91 116.06 116.19 116.28 116.28 116.34 116.47 116.62 116.78 116.94 117.06 117.16 117.22 117.28 117.34 117.38 117.41 117.44 117.47 117.47 117.47 117.47 117.47 117.47 117.47 117.44 117.41 117.38 117.34 117.34 117.31 117.31 117.34 117.34 117.34 117.38 117.38 117.38 117.41 117.41 117.38 117.34 117.28 117.22 117.16 117.06 116.97 116.88 116.75 116.66 116.53 116.41 116.31 116.19 116.06
114.06 114.06 114.41 115.28 115.78 115.81 115.81 115.84 115.84 115.84 115.84 115.84 115.84 115.84 115.88 116.06 116.38 116.50 116.44 116.44 116.47 116.53 116.66 116.81 116.97 117.09 117.19 117.28 117.34 117.41 117.44 117.50 117.53 117.56 117.56 117.59 117.59 117.59 117.59 117.59 117.56 117.56 117.53 117.50 117.47 117.44 117.44 117.44 117.47 117.47 117.50 117.50 117.50 117.50 117.53 117.50 117.50 117.47 117.44 117.38 117.31 117.22 117.12 117.03 116.88 116.78 116.66 116.53 116.41 116.28 116.16
114.03 114.44 115.34 115.78 115.81 115.81 115.81 115.81 115.84 115.84 115.84 115.84 115.84 115.94 116.25 116.59 116.69 116.66 116.59 116.62 116.66 116.72 116.88 117.00 117.12 117.25 117.34 117.41 117.47 117.53 117.56 117.59 117.62 117.66 117.69 117.69 117.72 117.72 117.72 117.72 117.69 117.69 117.66 117.62 117.59 117.56 117.56 117.56 117.56 117.59 117.59 117.62 117.66 117.66 117.66 117.62 117.62 117.59 117.53 117.50 117.41 117.34 117.25 117.16 117.06 116.94 116.81 116.66 116.53 116.38 116.25
114.50 115.38 115.78 115.78 115.78 115.81 115.81 115.81 115.81 115.84 115.84 115.84 116.00 116.34 116.69 116.78 116.78 116.78 116.78 116.78 116.84 116.94 117.06 117.19 117.31 117.41 117.47 117.53 117.59 117.62 117.69 117.72 117.75 117.78 117.81 117.81 117.84 117.84 117.84 117.84 117.81 117.81 117.78 117.75 117.72 117.69 117.69 117.69 117.69 117.72 117.75 117.75 117.78 117.78 117.78 117.75 117.75 117.72 117.66 117.59 117.53 117.47 117.38 117.28 117.19 117.06 116.94 116.78 116.62 116.50 116.38
115.41 115.75 115.78 115.78 115.78 115.78 115.81 115.81 115.81 115.81 115.84 116.03 116.41 116.66 116.75 116.84 116.88 116.91 116.91 116.97 117.06 117.12 117.25 117.34 117.44 117.53 117.59 117.66 117.69 117.75 117.78 117.81 117.88 117.88 117.91 117.94 117.94 117.97 117.97 117.97 117.97 117.94 117.91 117.88 117.84 117.81 117.81 117.81 117.84 117.84 117.88 117.91 117.88 117.88 117.88 117.88 117.84 117.81 117.78 117.72 117.66 117.59 117.50 117.41 117.28 117.19 117.03 116.91 116.75 116.62 116.47
115.72 115.75 115.75 115.78 115.78 115.78 115.78 115.81 115.81 115.84 116.09 116.47 116.69 116.75 116.84 116.94 117.00 117.06 117.09 117.16 117.22 117.31 117.41 117.50 117.56 117.66 117.72 117.75 117.81 117.88 117.91 117.94 117.97 118.00 118.03 118.06 118.06 118.09 118.09 118.09 118.09 118.06 118.03 118.00 117.97 117.94 117.94 117.97 117.97 118.00 118.00 118.00 118.00 117.97 118.00 117.97 117.94 117.91 117.88 117.81 117.75 117.69 117.59 117.50 117.41 117.28 117.12 116.97 116.88 116.72 116.56
