everonasctiles/Tile33,17.asc
ncols 128
nrows 128
xllcorner 0
yllcorner 0
cellsize 2.0
NODATA_value  -9999
[rows 64 to 95 of 128, columns 0 to 70 of 128]
248.84 248.84 248.72 248.44 248.09 248.06 247.88 247.59 247.28 246.88 246.22 245.91 246.59 246.59 246.78 247.00 247.22 247.53 247.88 248.19 248.41 248.47 248.47 248.31 248.09 247.81 247.59 247.22 246.66 246.47 246.16 245.69 245.34 245.28 245.19 245.00 244.84 244.66 244.38 243.97 243.69 243.41 243.12 242.69 242.00 241.66 241.59 240.97 240.62 240.53 240.88 241.03 240.91 240.59 239.62 239.03 238.72 238.47 238.53 238.62 238.81 239.56 239.84 240.56 241.41 242.78 243.47 243.81 243.75 243.31 242.53
249.66 249.69 249.53 249.25 248.94 248.41 248.44 248.09 247.78 247.47 246.66 246.31 246.91 246.94 246.88 247.22 247.62 247.97 248.41 248.78 249.03 249.16 249.12 248.97 248.72 248.41 248.19 247.59 247.09 246.84 246.72 246.09 246.00 246.22 246.19 245.97 245.72 245.53 245.28 245.06 244.84 244.53 244.09 243.47 242.75 242.31 242.28 241.62 241.16 241.62 241.94 241.94 241.75 241.22 240.69 240.16 239.62 239.53 239.75 239.81 239.81 240.00 240.84 241.88 242.44 243.59 244.38 244.84 244.84 244.38 243.53
250.41 250.47 250.34 249.97 249.50 248.81 248.84 248.59 248.28 247.94 247.06 247.22 247.28 247.38 247.22 247.41 247.94 248.38 248.91 249.38 249.69 249.84 249.81 249.62 249.31 248.91 248.53 248.06 247.66 247.41 247.16 246.62 246.69 246.97 246.97 246.84 246.72 246.50 246.28 246.12 246.00 245.62 245.16 244.56 243.66 242.97 243.00 242.66 241.94 242.72 242.88 242.88 242.62 242.12 241.44 240.88 240.53 240.62 240.69 241.00 240.91 240.78 241.72 242.88 243.50 244.38 245.22 245.72 245.75 245.28 244.41
251.09 251.22 251.03 250.59 250.00 249.34 249.25 249.03 248.81 248.44 247.44 247.88 247.97 247.97 247.84 247.78 248.12 248.69 249.41 249.94 250.34 250.53 250.53 250.38 249.88 249.41 249.09 248.66 248.25 248.09 247.72 247.31 247.38 247.72 247.72 247.66 247.59 247.47 247.12 246.88 246.88 246.59 246.25 245.75 245.03 244.00 243.47 243.47 243.16 243.59 243.88 243.84 243.53 243.06 242.53 241.88 241.66 242.06 242.34 242.59 242.47 242.28 242.94 243.88 244.62 245.50 245.97 246.47 246.53 246.09 245.25
251.78 251.91 251.69 251.16 250.44 249.72 249.59 249.50 249.22 248.62 248.34 248.91 248.69 248.62 248.50 248.28 248.41 248.88 249.69 250.56 251.03 251.31 251.34 251.19 250.81 250.34 250.09 249.69 248.97 248.62 248.44 248.12 248.09 248.41 248.47 248.34 248.47 248.31 247.94 247.88 247.91 247.66 247.34 246.97 246.12 244.75 244.03 244.28 244.19 244.59 244.91 244.81 244.44 244.09 243.34 243.03 243.28 243.78 243.81 244.00 244.06 243.75 244.31 244.75 245.06 245.91 246.59 247.09 247.22 246.88 246.31
252.41 252.47 252.19 251.66 250.81 250.16 250.00 249.94 249.66 249.41 248.72 248.75 249.19 249.09 249.16 248.97 248.94 249.22 250.34 251.22 251.78 252.16 252.22 252.09 251.75 251.56 251.19 250.44 250.16 249.69 249.44 248.84 248.69 248.88 249.06 248.84 249.06 249.09 248.78 248.84 248.91 248.69 248.31 247.97 247.47 246.19 245.19 245.22 244.88 245.56 245.91 245.72 245.31 244.41 244.03 243.81 244.38 244.84 245.16 245.38 245.28 245.25 245.62 245.50 245.72 246.22 247.09 247.62 247.84 247.59 247.28
252.97 252.94 252.59 252.09 251.16 250.56 250.53 250.38 250.03 249.62 249.06 249.09 249.56 249.59 249.81 249.75 249.72 250.06 251.00 251.97 252.53 252.97 253.09 253.00 252.91 252.53 252.06 251.53 251.28 250.84 250.38 249.84 249.59 249.47 249.53 249.53 249.69 249.72 249.72 249.97 249.84 249.75 249.31 248.81 248.72 247.81 247.25 247.31 246.84 247.09 246.88 246.53 245.84 245.12 244.97 245.09 245.28 245.91 246.28 246.50 246.66 246.88 246.66 246.38 246.34 246.66 247.34 248.12 248.44 248.28 247.81
253.38 253.28 252.91 252.44 251.50 251.09 250.94 250.59 250.31 249.78 249.41 249.62 250.09 250.09 250.19 250.38 250.53 250.91 251.62 252.62 253.25 253.72 253.94 253.88 253.62 253.38 252.91 252.66 252.19 251.69 251.31 250.84 250.53 250.19 250.03 250.16 250.38 250.19 250.31 250.81 250.69 250.69 250.62 249.94 249.62 249.47 249.34 249.09 248.75 248.25 247.84 247.19 246.34 245.97 246.12 246.53 246.53 246.94 247.31 247.50 247.66 247.59 247.38 247.19 247.16 247.34 247.84 248.69 249.03 248.94 248.38
253.72 253.53 253.25 252.81 251.97 251.44 251.16 250.91 250.66 250.41 249.97 249.75 250.41 250.66 250.72 250.84 251.03 251.66 252.50 253.28 253.97 254.47 254.75 254.78 254.62 254.50 254.19 253.66 253.09 252.41 251.97 251.50 251.16 251.03 250.78 250.91 251.12 250.91 250.59 251.09 251.47 251.44 251.41 251.25 250.72 250.22 250.50 250.38 249.84 249.38 248.78 247.88 247.53 247.22 247.59 247.84 247.81 248.19 248.34 248.53 248.59 248.53 248.09 247.88 248.12 248.28 248.41 249.34 249.69 249.62 249.06
254.00 253.78 253.53 253.06 252.19 251.72 251.53 251.38 251.34 251.19 250.75 250.41 250.72 251.00 251.09 251.25 251.50 252.22 253.16 254.00 254.62 255.19 255.56 255.72 255.69 255.62 255.38 254.88 254.03 253.09 252.75 252.12 251.88 251.59 251.62 251.94 252.06 252.06 251.69 251.50 251.66 252.09 252.06 252.31 251.81 251.34 251.22 251.25 250.94 250.44 249.78 249.09 248.66 248.59 248.91 248.94 249.03 249.50 249.56 249.62 249.50 249.00 248.91 248.91 249.12 249.16 249.12 249.78 250.44 250.34 249.72
254.22 253.97 253.81 253.22 252.50 252.19 251.97 252.03 252.00 252.00 251.72 251.22 251.12 251.41 251.34 251.56 251.75 252.50 253.72 254.62 255.31 255.88 256.38 256.72 256.91 256.88 256.59 256.12 255.38 254.56 253.84 253.28 252.81 252.34 252.44 252.81 253.00 253.00 252.97 252.72 252.19 252.16 252.66 252.72 252.88 252.84 252.56 252.31 252.03 251.75 251.16 250.22 249.81 249.88 249.97 249.84 250.12 250.66 250.78 250.84 250.59 250.09 250.28 250.12 250.19 250.12 250.16 250.50 251.28 251.09 250.38
254.38 254.19 253.97 253.31 252.81 252.56 252.56 252.47 252.53 252.62 252.25 251.84 252.03 251.97 251.75 252.00 252.25 253.06 254.31 255.19 255.78 256.53 257.19 257.69 258.03 258.09 257.84 257.47 256.72 256.12 255.41 254.66 253.97 253.53 253.38 253.72 254.06 254.06 253.97 253.69 253.22 252.66 252.81 253.16 253.25 253.31 253.44 253.31 253.16 252.88 252.47 251.31 250.97 250.84 250.91 250.69 251.19 252.00 252.16 252.31 252.38 251.78 251.50 251.50 251.81 251.66 251.72 252.09 252.25 251.88 251.00
254.50 254.34 254.00 253.53 253.00 253.09 253.09 253.00 253.00 253.03 252.75 252.50 252.88 252.78 252.81 252.75 252.75 253.91 255.06 255.81 256.50 257.06 257.91 258.56 259.03 259.22 259.03 258.66 258.00 257.56 256.84 255.84 255.31 254.84 254.47 254.72 255.19 255.31 255.19 254.78 254.12 253.34 253.19 253.53 253.50 253.59 254.06 254.16 254.19 253.94 253.53 252.50 252.34 251.91 252.03 251.78 252.69 253.34 253.62 253.84 254.06 254.16 253.00 252.56 253.50 253.78 253.72 253.56 253.25 252.56 251.66
254.66 254.44 254.19 253.69 253.34 253.56 253.50 253.47 253.47 253.28 253.03 253.44 253.72 253.84 253.66 253.91 253.75 254.22 255.41 256.22 257.16 257.84 258.56 259.25 259.81 260.09 260.03 259.97 259.12 258.97 258.38 257.44 256.72 255.66 255.47 256.00 256.56 256.69 256.53 256.09 255.09 254.47 254.16 254.19 253.78 254.16 254.53 255.00 255.16 255.00 254.59 253.62 253.19 252.97 253.12 252.88 254.22 254.56 254.97 255.25 255.47 255.59 254.75 255.22 255.66 255.44 255.16 254.78 254.09 253.16 252.19
254.78 254.66 254.28 254.00 253.75 253.94 253.94 253.94 253.84 253.53 253.56 254.22 254.44 254.72 255.12 255.19 255.06 255.28 256.12 256.75 257.53 258.34 259.09 259.75 260.34 260.75 260.81 260.72 260.28 259.94 259.38 259.00 258.28 257.31 256.91 257.62 258.22 258.12 257.97 257.53 256.41 255.69 255.47 255.28 255.19 254.72 255.28 255.81 256.03 256.00 255.88 255.03 254.56 254.59 254.34 254.19 255.09 255.75 256.19 256.59 256.88 257.16 257.06 257.16 257.28 256.81 256.47 255.81 254.81 252.84 252.16
254.94 254.75 254.28 254.25 254.16 254.38 254.41 254.38 254.34 254.00 254.09 254.69 255.09 255.47 255.78 256.19 256.53 256.53 256.91 257.25 257.81 258.66 259.50 260.12 260.72 261.19 261.41 261.44 261.41 261.12 260.62 260.19 259.72 259.16 259.00 259.25 259.62 259.47 259.31 258.94 258.12 257.16 256.75 256.34 255.94 255.78 255.94 256.62 256.88 256.91 256.91 256.47 255.97 255.97 255.44 255.22 256.09 256.69 257.22 257.81 258.16 258.41 258.62 258.66 258.28 258.03 257.53 256.72 255.25 253.44 252.53
255.12 254.81 254.59 254.62 254.69 254.88 254.94 254.94 254.88 254.59 254.53 255.06 255.66 256.12 256.41 256.75 256.88 257.53 257.78 257.75 258.06 258.84 259.75 260.47 261.06 261.53 261.88 262.03 262.16 262.25 262.34 262.03 261.38 260.88 260.62 260.53 260.75 260.69 260.50 260.25 259.75 258.84 258.09 257.28 256.97 256.75 256.97 257.25 257.72 257.78 257.72 257.38 257.19 256.97 256.91 256.44 257.03 257.38 258.22 258.94 259.28 259.44 259.62 259.50 259.25 259.00 258.50 257.75 256.41 255.00 254.03
255.38 255.12 255.06 255.19 255.31 255.38 255.47 255.56 255.53 255.38 255.28 255.66 256.25 256.59 256.91 257.16 257.50 258.06 258.53 258.50 258.47 259.16 260.00 260.81 261.44 261.84 262.22 262.50 262.72 262.88 263.03 263.25 263.34 263.16 262.25 262.06 261.97 261.78 261.53 261.28 260.94 260.28 259.62 258.53 258.00 257.91 258.34 258.56 258.59 258.66 258.62 258.25 257.88 258.12 257.97 257.59 258.25 258.56 259.25 260.00 260.19 260.25 260.28 260.25 260.03 259.81 259.38 258.84 257.72 256.25 255.62
255.62 255.53 255.56 255.66 255.69 255.84 255.91 256.09 256.09 256.06 256.19 256.53 256.91 257.50 257.50 257.84 258.16 258.72 259.16 259.47 259.22 259.78 260.25 261.09 262.00 262.22 262.50 262.88 263.19 263.44 263.66 263.78 263.94 264.16 263.91 263.66 263.28 262.91 262.38 262.09 261.72 261.41 261.03 260.22 259.12 259.09 259.62 259.81 259.66 259.56 259.53 259.38 259.16 259.06 258.81 259.16 259.59 260.06 260.59 260.91 261.00 260.97 260.97 260.81 260.69 260.50 260.19 259.50 258.53 257.41 256.38
255.91 255.97 256.12 256.12 256.19 256.31 256.44 256.44 256.53 256.69 256.84 257.31 257.50 258.16 258.31 258.59 258.75 259.22 259.81 260.19 260.34 260.41 260.50 261.34 262.34 262.72 263.03 263.09 263.25 263.72 264.09 264.34 264.47 264.56 264.62 264.53 264.25 263.88 263.44 262.88 262.47 261.94 261.72 261.31 260.41 260.19 260.59 260.94 260.78 260.75 260.50 260.38 260.25 259.88 260.12 260.50 261.00 261.47 261.69 261.72 261.72 261.59 261.38 261.25 261.19 261.09 260.78 260.12 259.16 258.00 256.88
256.34 256.50 256.66 256.72 256.75 256.78 256.97 257.09 257.00 257.16 257.59 257.81 258.03 258.69 258.97 259.38 259.72 259.97 260.38 260.81 261.19 261.19 261.25 261.78 262.56 263.22 263.53 263.69 264.12 264.41 264.50 264.66 264.97 265.12 265.19 265.16 265.00 264.69 264.25 263.88 263.28 262.56 262.19 261.97 261.78 261.72 261.84 261.94 261.88 261.75 261.66 261.19 261.09 261.12 261.50 261.69 262.03 262.41 262.44 262.47 262.38 262.12 261.78 261.66 261.69 261.53 261.16 260.41 259.31 258.12 256.94
256.94 257.03 257.09 257.16 257.16 257.41 257.75 258.12 257.91 258.19 258.59 258.44 258.53 259.09 259.56 259.91 260.38 260.78 261.19 261.41 261.69 261.94 262.09 262.66 263.09 263.59 264.00 264.31 264.81 265.06 265.12 265.19 265.44 265.66 265.75 265.75 265.66 265.44 265.06 264.56 263.97 263.31 262.88 262.66 262.84 262.78 263.00 262.91 262.78 262.72 262.44 262.03 261.84 262.22 262.56 262.75 262.88 263.06 263.12 263.12 262.97 262.69 262.41 262.22 262.03 261.72 261.12 260.22 259.03 257.81 256.62
257.59 257.47 257.47 257.66 258.00 258.38 258.81 259.03 259.09 259.53 259.53 259.28 259.22 259.72 260.25 260.62 260.97 261.28 261.97 262.22 262.22 262.53 262.78 263.34 263.66 264.28 264.66 265.12 265.47 265.69 265.78 265.81 265.97 266.25 266.25 266.28 266.22 266.03 265.69 265.22 264.69 264.03 263.62 263.66 263.53 263.44 263.75 263.66 263.56 263.50 263.03 262.69 262.88 263.16 263.44 263.50 263.59 263.75 263.75 263.72 263.53 263.28 262.94 262.56 262.19 261.59 260.97 259.66 258.25 256.81 255.88
258.16 258.00 258.19 258.84 259.25 259.50 259.78 259.88 259.97 260.19 260.28 259.97 259.88 260.56 261.31 261.75 262.00 262.22 262.78 263.12 263.09 263.53 263.78 264.25 264.69 265.00 265.44 265.81 266.09 266.25 266.34 266.38 266.38 266.72 266.72 266.72 266.69 266.50 266.19 265.66 265.03 264.59 264.28 264.31 264.22 264.34 264.34 264.31 264.19 263.94 263.53 263.44 263.56 263.91 264.00 264.25 264.25 264.34 264.28 264.25 264.12 263.81 263.31 262.72 262.31 261.53 260.06 258.72 257.75 256.38 255.84
258.59 258.72 259.28 259.91 260.19 260.44 260.72 260.66 260.81 260.84 260.69 260.41 260.69 261.53 262.03 262.47 262.94 263.06 263.38 263.88 264.25 264.59 265.03 265.28 265.59 265.84 266.06 266.62 266.72 266.81 266.91 266.94 266.72 267.00 267.12 267.09 267.06 266.88 266.53 266.12 265.28 264.94 264.75 264.75 264.75 264.97 264.84 264.84 264.69 264.34 264.19 264.03 264.25 264.44 264.66 264.88 264.91 264.81 264.88 264.81 264.62 264.19 263.50 262.91 261.94 260.28 259.31 258.38 257.28 256.38 255.56
259.28 259.66 260.47 260.75 261.03 261.28 261.41 261.34 261.47 261.44 261.16 261.00 261.38 262.00 262.72 263.16 263.59 263.88 264.09 264.53 265.03 265.53 265.81 266.22 266.47 266.50 266.78 267.16 267.22 267.34 267.38 267.47 267.38 267.28 267.38 267.41 267.38 267.19 266.84 266.47 265.66 265.22 265.16 265.12 265.03 265.31 265.31 265.28 265.03 265.03 264.94 264.72 264.84 265.03 265.34 265.50 265.53 265.44 265.41 265.28 264.97 264.41 263.62 262.31 260.19 259.88 258.66 257.66 256.94 256.16 255.47
260.09 260.59 261.19 261.47 261.72 261.94 261.91 261.94 262.06 262.12 261.84 261.75 262.03 262.50 263.28 263.75 264.19 264.62 264.81 265.34 265.84 266.09 266.38 266.69 266.97 267.06 267.34 267.59 267.66 267.75 267.78 267.84 267.78 267.66 267.66 267.69 267.66 267.44 267.16 266.62 265.91 265.53 265.53 265.44 265.31 265.59 265.72 265.69 265.59 265.59 265.38 265.25 265.41 265.78 266.06 266.16 266.12 266.00 265.84 265.62 265.16 264.47 263.69 260.69 260.09 259.38 258.53 257.69 256.91 256.28 255.72
260.84 261.16 261.78 262.06 262.34 262.50 262.47 262.50 262.69 262.88 262.78 262.69 262.72 262.91 263.72 264.22 264.72 265.12 265.50 265.75 266.12 266.56 266.84 267.16 267.41 267.56 267.78 267.94 268.00 268.06 268.06 268.06 268.06 267.94 267.91 267.97 267.88 267.66 267.41 266.72 266.16 265.91 265.84 265.78 265.81 266.00 266.12 266.12 265.97 266.00 265.84 265.84 266.19 266.62 266.78 266.78 266.66 266.47 266.19 265.78 265.44 264.41 262.75 261.56 260.66 259.72 258.72 257.91 257.38 257.06 256.75
261.56 261.78 262.22 262.62 262.88 263.06 263.22 263.31 263.38 263.53 263.59 263.44 263.41 263.34 263.97 264.56 265.12 265.62 266.03 266.34 266.66 267.06 267.34 267.59 267.72 267.94 268.09 268.22 268.28 268.34 268.31 268.34 268.38 268.19 268.12 268.19 268.12 267.97 267.62 266.84 266.50 266.28 266.22 266.28 266.41 266.53 266.62 266.62 266.53 266.44 266.41 266.69 267.34 267.41 267.44 267.34 267.12 266.81 266.44 266.03 265.09 263.69 262.34 261.31 260.34 259.28 258.81 258.34 258.16 257.91 257.69
262.09 262.34 262.72 263.06 263.31 263.53 263.78 263.94 264.03 264.16 264.19 264.00 264.12 263.84 264.31 264.78 265.41 266.00 266.50 266.91 267.22 267.47 267.59 267.88 268.00 268.19 268.34 268.44 268.53 268.56 268.62 268.59 268.62 268.53 268.41 268.47 268.38 268.19 267.94 267.19 266.88 266.72 266.62 266.69 266.88 267.03 267.19 267.28 267.50 267.16 267.47 268.00 268.09 268.09 268.03 267.84 267.50 267.12 266.62 266.28 265.09 263.53 262.06 260.81 260.03 259.56 259.12 258.72 258.72 258.78 258.66
262.41 262.78 263.09 263.44 263.69 263.94 264.19 264.44 264.66 264.81 264.78 264.72 264.62 264.25 264.59 265.06 265.69 266.41 266.91 267.34 267.66 267.91 267.81 268.03 268.22 268.44 268.56 268.62 268.72 268.78 268.84 268.88 268.88 268.88 268.78 268.72 268.66 268.47 268.25 267.59 267.34 267.09 267.00 266.94 267.16 267.53 267.69 267.91 268.16 268.31 268.59 268.75 268.72 268.72 268.59 268.28 267.88 267.41 266.97 266.25 264.94 263.25 261.84 260.88 260.31 259.81 259.50 259.50 259.66 259.91 259.91
262.66 262.88 263.25 263.66 264.00 264.25 264.47 264.91 265.19 265.34 265.34 265.19 264.97 264.53 264.91 265.41 266.00 266.56 267.22 267.69 268.03 268.19 268.19 268.16 268.38 268.50 268.69 268.78 268.88 268.97 269.06 269.12 269.12 269.09 269.06 269.03 268.94 268.78 268.59 268.03 267.72 267.53 267.34 267.25 267.31 267.75 268.16 268.44 268.69 268.94 269.09 269.28 269.31 269.25 269.06 268.69 268.22 267.78 267.09 266.12 264.69 263.19 261.94 261.34 260.69 260.34 260.44 260.53 260.94 261.12 261.12
