everonasctiles/Tile[33,30].asc
ncols 128
nrows 128
xllcorner 0
yllcorner 0
cellsize 2.0
NODATA_value  -9999
[rows 64 to 95 of 128, columns 0 to 70 of 128]
-24.59 -24.69 -24.62 -24.53 -24.53 -24.38 -24.47 -24.09 -24.06 -24.50 -24.38 -24.44 -24.59 -24.66 -24.88 -25.09 -25.53 -25.66 -25.81 -26.16 -26.28 -26.56 -26.94 -26.97 -27.16 -27.00 -27.34 -27.38 -27.53 -27.53 -27.66 -27.75 -27.81 -27.88 -27.91 -27.97 -27.94 -27.84 -27.81 -28.00 -28.19 -28.41 -28.59 -28.72 -28.97 -29.12 -29.31 -29.34 -29.50 -29.56 -29.62 -29.66 -29.69 -29.72 -29.72 -29.75 -29.72 -29.69 -29.66 -29.59 -29.56 -29.50 -29.44 -29.38 -29.31 -29.31 -29.47 -29.56 -29.56 -29.81 -29.94
-24.44 -24.28 -24.56 -24.19 -24.22 -24.22 -24.06 -24.00 -24.03 -24.28 -24.16 -24.12 -24.44 -24.41 -24.78 -25.12 -25.38 -25.78 -25.81 -25.88 -26.28 -26.47 -26.81 -27.03 -27.19 -27.25 -27.28 -27.44 -27.56 -27.59 -27.69 -27.75 -27.81 -27.81 -27.91 -27.94 -28.00 -27.91 -28.06 -28.12 -28.38 -28.47 -28.44 -28.69 -28.97 -29.16 -29.25 -29.31 -29.44 -29.53 -29.62 -29.66 -29.69 -29.72 -29.72 -29.72 -29.69 -29.66 -29.59 -29.56 -29.50 -29.44 -29.31 -29.28 -29.28 -29.25 -29.34 -29.50 -29.47 -29.75 -29.81
-24.62 -24.47 -24.41 -24.34 -24.34 -24.31 -24.22 -23.94 -24.12 -24.16 -24.09 -24.03 -24.12 -24.28 -24.66 -25.00 -25.31 -25.41 -25.72 -25.94 -26.22 -26.50 -26.69 -26.91 -27.09 -27.22 -27.19 -27.41 -27.44 -27.56 -27.66 -27.69 -27.75 -27.78 -27.88 -27.91 -27.97 -28.06 -28.19 -28.19 -28.31 -28.47 -28.66 -28.66 -28.78 -29.00 -29.09 -29.28 -29.41 -29.50 -29.56 -29.62 -29.69 -29.69 -29.72 -29.69 -29.69 -29.66 -29.59 -29.53 -29.47 -29.38 -29.16 -29.28 -29.19 -29.25 -29.28 -29.38 -29.53 -29.69 -29.75
-24.47 -24.44 -24.41 -24.25 -24.28 -24.19 -23.97 -23.78 -23.91 -23.94 -24.06 -24.25 -24.09 -24.16 -24.72 -24.94 -24.97 -25.31 -25.78 -25.78 -26.09 -26.56 -26.72 -26.81 -26.88 -27.00 -27.28 -27.25 -27.22 -27.38 -27.50 -27.56 -27.69 -27.72 -27.84 -27.78 -27.97 -28.03 -28.16 -28.22 -28.28 -28.41 -28.59 -28.66 -28.81 -28.97 -29.03 -29.09 -29.25 -29.44 -29.50 -29.56 -29.62 -29.66 -29.66 -29.66 -29.62 -29.59 -29.53 -29.47 -29.38 -29.28 -29.19 -29.19 -29.16 -29.12 -29.25 -29.38 -29.44 -29.62 -29.69
-24.53 -24.41 -24.22 -24.09 -24.09 -23.78 -23.75 -23.81 -23.50 -23.59 -24.03 -24.12 -23.84 -24.31 -24.78 -24.81 -25.09 -25.41 -25.72 -25.97 -26.19 -26.53 -26.69 -26.88 -26.84 -26.91 -26.97 -27.12 -27.00 -27.16 -27.44 -27.47 -27.56 -27.59 -27.69 -27.75 -27.72 -28.00 -28.09 -28.09 -28.22 -28.41 -28.38 -28.56 -28.59 -28.91 -28.81 -29.00 -29.19 -29.31 -29.34 -29.47 -29.56 -29.59 -29.59 -29.56 -29.56 -29.53 -29.50 -29.38 -29.34 -29.00 -29.09 -28.78 -28.84 -28.94 -29.19 -29.38 -29.44 -29.50 -29.62
-24.34 -23.91 -24.06 -24.03 -23.91 -23.84 -23.84 -23.66 -23.84 -23.81 -23.78 -23.78 -24.12 -24.22 -24.53 -25.12 -25.16 -25.56 -25.84 -25.88 -26.12 -26.41 -26.44 -26.66 -26.84 -27.03 -27.06 -26.94 -26.97 -27.03 -27.09 -27.34 -27.34 -27.34 -27.56 -27.62 -27.69 -27.84 -27.84 -27.88 -28.00 -28.25 -28.28 -28.19 -28.56 -28.62 -28.81 -28.84 -28.81 -29.16 -29.09 -29.31 -29.47 -29.53 -29.53 -29.47 -29.50 -29.44 -29.34 -29.34 -29.25 -29.09 -29.00 -28.88 -28.94 -29.12 -29.22 -29.31 -29.38 -29.47 -29.56
-24.19 -24.16 -23.47 -23.97 -23.81 -23.91 -23.94 -23.91 -23.69 -23.59 -23.78 -23.84 -24.06 -24.16 -24.44 -24.78 -24.91 -25.56 -25.72 -25.88 -26.06 -26.22 -26.34 -26.53 -26.81 -26.75 -26.97 -26.91 -26.97 -27.16 -27.22 -27.12 -27.00 -27.06 -27.16 -27.41 -27.19 -27.34 -27.41 -27.72 -27.88 -28.12 -28.38 -28.38 -28.53 -28.69 -28.81 -28.84 -28.84 -29.03 -29.19 -29.25 -29.38 -29.44 -29.41 -29.44 -29.31 -29.28 -29.25 -29.28 -29.19 -29.12 -29.03 -28.91 -28.88 -29.16 -29.22 -29.28 -29.34 -29.44 -29.50
-23.88 -24.00 -23.84 -23.81 -23.84 -23.84 -23.69 -23.75 -23.47 -23.44 -23.66 -23.84 -24.25 -24.56 -24.59 -24.44 -24.97 -25.34 -25.47 -25.59 -25.78 -25.94 -26.28 -26.41 -26.62 -26.59 -26.75 -26.69 -26.88 -26.97 -26.91 -27.00 -26.94 -27.03 -27.00 -27.16 -27.16 -27.25 -27.47 -27.56 -27.72 -28.00 -28.25 -28.31 -28.56 -28.69 -28.69 -28.78 -28.84 -29.00 -29.09 -29.12 -29.19 -29.12 -29.25 -29.38 -29.31 -29.28 -29.22 -29.19 -29.12 -29.00 -29.00 -28.94 -28.97 -29.12 -29.19 -29.25 -29.22 -29.38 -29.41
-23.91 -24.03 -23.91 -23.66 -23.69 -23.94 -23.81 -23.62 -23.59 -23.53 -23.38 -23.38 -24.06 -24.44 -24.59 -24.78 -24.75 -24.88 -25.19 -25.44 -25.66 -25.62 -25.84 -26.19 -26.31 -26.44 -26.66 -26.62 -26.78 -26.84 -26.97 -26.84 -26.91 -26.94 -26.97 -26.84 -27.09 -27.25 -27.44 -27.41 -27.62 -27.81 -28.03 -28.28 -28.34 -28.56 -28.69 -28.66 -28.88 -28.97 -29.03 -29.16 -29.06 -29.03 -29.09 -29.28 -29.28 -29.22 -29.22 -29.19 -29.09 -29.00 -29.00 -28.94 -29.00 -29.09 -29.16 -29.25 -29.28 -29.28 -29.28
-24.00 -23.84 -23.88 -23.75 -23.56 -23.56 -23.75 -23.78 -23.66 -23.75 -23.47 -23.69 -23.75 -23.84 -24.00 -24.41 -24.91 -24.97 -25.06 -25.28 -25.34 -25.38 -25.50 -25.94 -25.91 -26.34 -26.38 -26.50 -26.69 -26.59 -26.72 -26.66 -26.56 -26.59 -26.78 -26.78 -26.94 -26.97 -27.00 -27.09 -27.41 -27.69 -27.91 -28.12 -28.31 -28.47 -28.62 -28.69 -28.66 -28.78 -28.97 -29.03 -28.97 -29.06 -29.06 -29.06 -29.19 -29.22 -29.19 -29.12 -29.09 -29.03 -28.94 -28.97 -29.03 -29.12 -29.19 -29.22 -29.25 -29.25 -29.28
-23.78 -23.91 -23.78 -23.72 -23.69 -23.53 -23.25 -23.47 -23.88 -23.94 -23.91 -23.97 -23.81 -23.69 -24.22 -24.53 -24.56 -24.69 -24.88 -25.56 -25.25 -25.31 -25.31 -25.66 -25.94 -26.12 -26.28 -26.38 -26.50 -26.31 -26.47 -26.47 -26.38 -26.56 -26.66 -26.69 -26.81 -26.88 -26.91 -27.19 -27.38 -27.72 -27.91 -27.91 -28.25 -28.47 -28.59 -28.56 -28.69 -28.66 -28.78 -28.88 -28.88 -28.97 -28.94 -28.91 -29.09 -29.16 -29.06 -29.06 -29.06 -28.94 -28.97 -29.00 -29.06 -29.12 -29.16 -29.19 -29.22 -29.25 -29.22
-23.75 -23.78 -23.62 -23.75 -23.50 -23.62 -23.56 -23.75 -23.81 -23.78 -23.91 -24.25 -24.19 -24.16 -24.25 -24.56 -24.81 -24.91 -25.09 -25.34 -25.25 -25.16 -25.47 -25.78 -25.97 -25.84 -25.81 -26.16 -26.28 -26.25 -26.03 -26.09 -26.09 -26.53 -26.31 -26.44 -26.47 -26.91 -27.16 -27.31 -27.41 -27.59 -27.84 -28.03 -28.19 -28.25 -28.41 -28.50 -28.56 -28.62 -28.72 -28.66 -28.81 -28.84 -28.88 -28.88 -29.03 -29.06 -29.06 -29.03 -29.00 -28.94 -28.91 -29.00 -29.03 -29.09 -29.12 -29.16 -29.19 -29.19 -29.16
-23.84 -23.72 -23.59 -23.72 -23.78 -23.94 -24.00 -23.91 -23.84 -23.75 -23.78 -23.84 -24.56 -24.59 -24.47 -24.78 -25.12 -25.16 -25.44 -25.50 -25.19 -25.47 -25.59 -25.66 -25.84 -25.94 -25.91 -26.03 -26.12 -26.16 -26.28 -26.22 -26.22 -26.06 -26.28 -26.34 -26.12 -26.41 -26.66 -26.97 -27.28 -27.50 -27.81 -28.06 -28.19 -28.28 -28.34 -28.50 -28.56 -28.66 -28.66 -28.72 -28.72 -28.56 -28.81 -28.81 -28.88 -28.84 -28.97 -28.94 -28.91 -28.75 -28.88 -28.91 -28.97 -29.00 -29.06 -29.12 -29.12 -29.12 -29.12
-23.66 -23.78 -23.72 -23.84 -23.94 -23.91 -23.81 -23.81 -23.56 -23.91 -24.03 -24.44 -24.56 -24.62 -24.69 -24.97 -25.12 -25.31 -25.22 -25.44 -25.25 -25.66 -25.69 -25.59 -25.84 -25.91 -26.09 -25.97 -26.06 -26.22 -26.16 -26.34 -26.38 -26.22 -26.25 -26.41 -26.34 -26.56 -26.75 -26.88 -27.31 -27.72 -27.75 -27.94 -28.19 -28.28 -28.34 -28.38 -28.50 -28.56 -28.59 -28.66 -28.72 -28.59 -28.69 -28.72 -28.75 -28.84 -28.91 -28.91 -28.88 -28.81 -28.84 -28.88 -28.88 -29.00 -29.03 -29.06 -29.06 -29.06 -29.06
-23.47 -23.72 -23.66 -23.75 -23.81 -23.72 -23.88 -24.19 -24.00 -24.12 -24.44 -24.66 -24.72 -24.81 -25.12 -25.16 -25.31 -25.38 -25.41 -25.34 -25.53 -25.62 -25.69 -25.69 -25.88 -25.88 -25.53 -25.75 -26.06 -26.16 -26.25 -26.31 -26.28 -26.16 -26.28 -26.53 -26.69 -26.75 -27.03 -27.03 -27.16 -27.72 -27.78 -27.91 -28.03 -28.06 -28.19 -28.31 -28.41 -28.28 -28.41 -28.56 -28.62 -28.59 -28.44 -28.62 -28.75 -28.81 -28.78 -28.81 -28.78 -28.78 -28.78 -28.81 -28.78 -28.91 -28.97 -29.00 -29.00 -28.91 -28.97
-23.62 -23.69 -23.69 -23.81 -23.69 -23.81 -23.88 -24.00 -24.16 -24.31 -24.69 -24.78 -24.56 -24.91 -25.31 -25.31 -25.34 -25.41 -25.41 -25.47 -25.81 -25.62 -25.91 -25.84 -25.84 -25.81 -25.59 -25.62 -25.69 -26.03 -26.25 -26.19 -26.25 -26.28 -26.19 -26.59 -26.59 -26.78 -27.03 -27.12 -27.31 -27.53 -27.66 -27.72 -28.06 -28.06 -28.03 -28.28 -28.28 -28.28 -28.28 -28.44 -28.53 -28.53 -28.56 -28.56 -28.66 -28.62 -28.66 -28.75 -28.78 -28.66 -28.75 -28.69 -28.81 -28.84 -28.94 -28.94 -28.94 -28.94 -28.88
-23.62 -23.66 -23.47 -23.69 -23.91 -23.91 -24.06 -24.09 -24.28 -24.59 -24.59 -24.75 -24.91 -24.75 -25.12 -25.28 -25.25 -25.44 -25.66 -25.56 -25.66 -25.72 -25.84 -25.88 -25.78 -25.81 -25.62 -25.59 -25.69 -25.78 -26.06 -26.25 -26.19 -26.12 -26.19 -26.44 -26.44 -26.59 -26.78 -27.09 -27.31 -27.28 -27.50 -27.72 -27.88 -27.84 -28.03 -28.12 -28.03 -28.06 -28.25 -28.41 -28.38 -28.34 -28.44 -28.38 -28.56 -28.56 -28.62 -28.66 -28.62 -28.66 -28.72 -28.75 -28.69 -28.81 -28.81 -28.84 -28.88 -28.88 -28.88
-23.69 -23.62 -23.75 -23.62 -23.84 -23.91 -24.00 -24.22 -24.41 -24.59 -24.88 -24.75 -24.81 -25.06 -25.00 -25.22 -25.09 -25.41 -25.47 -25.59 -25.75 -25.81 -25.62 -25.81 -25.84 -25.69 -25.75 -25.91 -26.00 -25.97 -26.06 -26.12 -26.19 -26.22 -26.28 -26.31 -26.53 -26.31 -26.44 -26.94 -27.19 -27.47 -27.41 -27.56 -27.75 -27.78 -27.88 -27.91 -27.88 -28.00 -28.12 -28.22 -28.22 -28.19 -28.22 -28.28 -28.22 -28.44 -28.50 -28.47 -28.59 -28.66 -28.62 -28.69 -28.75 -28.72 -28.78 -28.78 -28.72 -28.81 -28.84
-23.75 -23.88 -23.81 -23.97 -23.97 -23.91 -23.88 -24.16 -24.50 -24.78 -24.91 -24.81 -25.03 -24.94 -25.19 -25.16 -25.25 -25.38 -25.31 -25.34 -25.81 -25.69 -25.75 -25.84 -25.88 -25.88 -25.88 -26.06 -25.91 -25.88 -26.16 -26.03 -26.09 -26.28 -26.50 -26.62 -26.69 -26.81 -26.84 -27.03 -27.00 -27.19 -27.44 -27.72 -27.69 -27.78 -27.69 -27.75 -27.75 -27.97 -28.03 -27.94 -28.00 -28.12 -28.25 -28.09 -28.28 -28.31 -28.44 -28.44 -28.53 -28.59 -28.66 -28.66 -28.69 -28.66 -28.69 -28.72 -28.66 -28.66 -28.75
-23.94 -23.78 -23.91 -23.94 -23.84 -24.00 -23.97 -24.22 -24.38 -24.78 -24.66 -24.69 -24.75 -24.88 -25.06 -25.12 -25.41 -25.34 -25.47 -25.66 -25.62 -25.81 -25.88 -25.88 -25.97 -25.94 -25.94 -26.03 -26.09 -26.16 -26.16 -26.19 -25.84 -26.09 -26.25 -26.50 -26.66 -26.88 -26.91 -26.97 -27.19 -27.22 -27.38 -27.59 -27.66 -27.69 -27.47 -27.56 -27.47 -27.78 -27.88 -27.84 -27.91 -28.03 -27.97 -27.97 -28.00 -28.19 -28.28 -28.38 -28.53 -28.59 -28.56 -28.56 -28.62 -28.53 -28.44 -28.59 -28.62 -28.59 -28.59
-23.81 -23.59 -23.53 -23.69 -23.69 -23.78 -23.88 -24.16 -24.12 -24.53 -24.66 -24.78 -24.91 -25.12 -25.16 -25.12 -25.31 -25.50 -25.47 -25.69 -25.72 -25.72 -25.81 -25.84 -26.03 -26.00 -26.00 -26.03 -26.06 -26.19 -26.28 -26.09 -26.12 -26.16 -26.28 -26.44 -26.69 -26.81 -27.00 -27.06 -27.19 -27.16 -27.19 -27.50 -27.53 -27.53 -27.50 -27.34 -27.44 -27.59 -27.72 -27.78 -27.81 -27.81 -28.03 -28.00 -28.12 -28.31 -28.28 -28.25 -28.41 -28.50 -28.50 -28.47 -28.47 -28.50 -28.44 -28.47 -28.47 -28.50 -28.50
-23.72 -23.69 -23.78 -23.53 -23.44 -23.72 -24.19 -24.22 -24.44 -24.22 -24.59 -24.66 -25.00 -25.09 -25.06 -25.22 -25.09 -25.41 -25.53 -25.62 -25.66 -25.75 -25.75 -25.75 -25.97 -26.06 -26.03 -26.00 -26.03 -26.09 -26.19 -26.28 -26.28 -26.34 -26.31 -26.44 -26.50 -26.84 -27.00 -27.03 -27.16 -27.25 -27.41 -27.50 -27.47 -27.41 -27.44 -27.44 -27.34 -27.62 -27.66 -27.56 -27.62 -27.78 -27.84 -27.94 -28.06 -28.22 -28.25 -28.34 -28.41 -28.41 -28.38 -28.47 -28.34 -28.34 -28.41 -28.44 -28.44 -28.34 -28.38
-23.75 -23.69 -23.72 -23.62 -23.66 -23.66 -24.00 -24.00 -24.06 -24.06 -24.53 -24.84 -24.88 -25.12 -25.16 -25.25 -25.38 -25.47 -25.62 -25.56 -25.62 -25.78 -25.66 -25.84 -25.97 -25.97 -26.03 -25.94 -26.16 -26.00 -26.19 -26.16 -26.16 -26.25 -26.44 -26.47 -26.66 -26.88 -26.84 -26.97 -27.16 -27.19 -27.25 -27.34 -27.22 -27.16 -27.28 -27.38 -27.28 -27.50 -27.62 -27.69 -27.41 -27.59 -27.75 -27.91 -28.16 -28.25 -28.25 -28.28 -28.34 -28.38 -28.34 -28.34 -28.31 -28.41 -28.47 -28.38 -28.31 -28.25 -28.38
-23.75 -23.56 -23.91 -23.84 -23.78 -23.88 -23.97 -24.16 -24.22 -24.19 -24.59 -24.72 -25.03 -25.09 -25.09 -25.38 -25.34 -25.50 -25.47 -25.56 -25.56 -25.78 -25.75 -25.72 -25.66 -25.81 -25.97 -25.84 -25.91 -26.03 -26.09 -26.25 -26.16 -26.06 -26.44 -26.50 -26.59 -26.81 -26.88 -26.91 -27.06 -27.16 -27.16 -27.28 -27.25 -27.19 -27.19 -27.16 -27.22 -27.31 -27.53 -27.47 -27.50 -27.56 -27.66 -27.91 -28.06 -28.09 -28.25 -28.25 -28.19 -28.25 -28.25 -28.31 -28.38 -28.41 -28.41 -28.41 -28.31 -28.25 -28.34
-23.88 -23.78 -24.00 -24.00 -24.09 -24.00 -24.06 -23.81 -23.75 -24.28 -24.59 -24.91 -24.94 -25.06 -25.12 -25.28 -25.44 -25.44 -25.53 -25.53 -25.53 -25.62 -25.69 -25.53 -25.75 -25.72 -25.84 -25.81 -25.91 -25.84 -25.94 -26.06 -26.25 -26.16 -26.34 -26.44 -26.62 -26.69 -26.56 -26.91 -27.06 -27.19 -27.25 -27.25 -27.06 -27.03 -27.06 -27.12 -27.12 -27.19 -27.25 -27.38 -27.53 -27.59 -27.84 -27.94 -28.06 -28.09 -28.16 -28.19 -28.22 -28.19 -28.25 -28.28 -28.34 -28.34 -28.31 -28.34 -28.31 -28.31 -28.22
-23.56 -23.81 -23.78 -24.06 -24.28 -24.03 -24.28 -24.25 -24.41 -24.72 -24.91 -25.28 -25.12 -25.22 -25.25 -25.44 -25.56 -25.44 -25.53 -25.53 -25.50 -25.62 -25.56 -25.50 -25.50 -25.59 -25.78 -25.59 -25.75 -25.78 -25.94 -25.94 -26.16 -26.16 -26.41 -26.53 -26.62 -26.47 -26.62 -26.78 -26.97 -27.12 -27.22 -27.16 -27.12 -27.12 -27.09 -27.06 -27.06 -27.12 -27.22 -27.31 -27.53 -27.69 -27.88 -27.97 -28.03 -28.00 -28.09 -28.06 -28.09 -28.16 -28.16 -28.22 -28.25 -28.28 -28.25 -28.25 -28.22 -28.28 -28.28
-23.28 -23.75 -23.81 -24.09 -24.19 -24.50 -24.41 -24.66 -24.69 -24.78 -25.12 -25.38 -25.38 -25.47 -25.34 -25.44 -25.62 -25.56 -25.38 -25.47 -25.53 -25.50 -25.56 -25.62 -25.12 -25.41 -25.47 -25.34 -25.06 -25.75 -25.72 -25.84 -26.16 -26.25 -26.31 -26.34 -26.56 -26.47 -26.56 -26.81 -26.88 -26.97 -27.03 -27.03 -27.00 -27.09 -27.06 -26.97 -26.78 -27.03 -27.19 -27.28 -27.53 -27.66 -27.84 -27.91 -28.00 -28.00 -27.91 -28.00 -27.97 -28.00 -28.06 -28.12 -28.09 -28.19 -28.12 -28.16 -28.25 -28.22 -28.16
-22.88 -23.44 -23.62 -24.00 -24.22 -24.41 -24.59 -24.62 -24.75 -24.88 -25.19 -25.41 -25.50 -25.44 -25.41 -25.56 -25.66 -25.62 -25.38 -25.53 -25.56 -25.59 -25.50 -25.34 -25.19 -25.19 -25.31 -25.25 -25.41 -25.59 -25.53 -25.75 -25.91 -26.25 -26.22 -26.34 -26.41 -26.38 -26.66 -26.66 -26.72 -26.72 -26.84 -26.66 -26.91 -27.00 -26.91 -26.94 -26.88 -26.75 -26.91 -27.22 -27.41 -27.59 -27.84 -27.91 -27.94 -27.94 -27.84 -27.78 -28.00 -27.88 -27.88 -28.03 -28.16 -28.12 -28.16 -28.16 -28.16 -28.19 -28.06
-22.88 -23.38 -23.69 -24.06 -24.31 -24.41 -24.69 -24.75 -24.75 -25.12 -25.41 -25.50 -25.53 -25.59 -25.50 -25.69 -25.56 -25.59 -25.62 -25.59 -25.62 -25.50 -25.47 -25.50 -25.31 -25.22 -25.34 -25.16 -25.25 -25.69 -25.62 -25.75 -26.00 -26.22 -26.34 -26.34 -26.34 -26.31 -26.44 -26.53 -26.59 -26.53 -26.59 -26.59 -26.72 -26.75 -26.72 -26.72 -26.75 -26.59 -26.72 -26.97 -27.28 -27.56 -27.66 -27.84 -27.84 -27.91 -27.91 -27.94 -27.97 -27.91 -27.94 -28.00 -28.00 -28.09 -28.12 -28.09 -28.12 -28.22 -28.19
-22.97 -23.56 -23.50 -24.16 -24.12 -24.38 -24.66 -24.94 -25.09 -25.09 -25.16 -25.38 -25.72 -25.59 -25.78 -25.72 -25.69 -25.72 -25.66 -25.75 -25.62 -25.28 -25.47 -25.50 -25.44 -25.50 -25.47 -25.22 -25.25 -25.44 -25.69 -25.84 -26.00 -26.03 -26.25 -26.09 -26.31 -26.28 -26.41 -26.41 -26.41 -26.44 -26.31 -26.44 -26.47 -26.66 -26.59 -26.41 -26.50 -26.38 -26.06 -26.66 -27.25 -27.47 -27.53 -27.59 -27.69 -27.81 -27.91 -27.94 -27.97 -27.94 -27.88 -28.00 -28.00 -28.09 -28.09 -28.16 -28.28 -28.16 -28.19
-23.06 -23.34 -23.50 -23.78 -24.03 -24.47 -24.59 -24.97 -24.81 -25.31 -25.41 -25.50 -25.78 -25.84 -25.91 -25.91 -25.91 -25.84 -25.81 -25.81 -25.81 -25.69 -25.38 -25.25 -25.34 -25.25 -25.38 -25.31 -25.34 -25.12 -25.53 -25.78 -26.03 -26.00 -26.09 -26.22 -26.19 -26.16 -26.03 -26.12 -26.19 -26.28 -26.31 -26.31 -26.44 -26.56 -26.47 -26.44 -26.47 -26.62 -26.22 -26.94 -27.19 -27.41 -27.38 -27.62 -27.75 -27.75 -27.75 -27.69 -27.84 -27.88 -27.88 -27.91 -28.03 -28.03 -28.09 -28.22 -28.31 -28.38 -28.41
-23.41 -23.22 -23.50 -23.72 -24.16 -24.41 -24.56 -24.81 -24.88 -25.25 -25.34 -25.62 -25.66 -25.72 -25.91 -25.97 -25.97 -25.88 -25.81 -25.94 -25.91 -25.72 -25.72 -25.50 -25.41 -25.22 -25.06 -25.12 -25.34 -25.19 -25.22 -25.72 -25.78 -25.91 -25.94 -25.94 -25.84 -25.91 -25.91 -25.78 -25.91 -26.09 -26.22 -26.03 -26.19 -26.25 -26.28 -25.91 -26.09 -26.28 -26.53 -26.88 -27.12 -27.34 -27.53 -27.59 -27.66 -27.69 -27.69 -27.66 -27.56 -27.69 -27.84 -27.88 -27.91 -28.06 -28.16 -28.22 -28.22 -28.44 -28.50
