everonasctiles/Tile[13,21].asc
ncols 128
nrows 128
xllcorner 0
yllcorner 0
cellsize 2.0
NODATA_value  -9999
[rows 0 to 31 of 128, columns 0 to 70 of 128]
140.97 141.22 141.47 141.75 142.03 142.31 142.59 142.88 143.16 143.44 143.69 143.94 144.19 144.47 144.72 145.00 145.28 145.62 146.00 146.34 146.69 146.97 147.12 147.19 147.28 147.38 147.50 147.66 147.88 148.09 148.34 148.59 148.84 149.09 149.34 149.59 149.84 150.06 150.28 150.50 150.69 150.88 151.06 151.22 151.41 151.56 151.69 151.84 151.97 152.09 152.22 152.34 152.44 152.53 152.62 152.72 152.78 152.88 152.94 153.00 153.06 153.12 153.22 153.28 153.34 153.41 153.47 153.53 153.62 153.69 153.75
140.62 140.88 141.12 141.38 141.66 141.94 142.22 142.50 142.81 143.09 143.38 143.62 143.91 144.16 144.44 144.72 144.97 145.31 145.66 146.00 146.34 146.62 146.78 146.84 146.94 147.06 147.19 147.34 147.56 147.78 148.03 148.28 148.53 148.78 149.00 149.25 149.47 149.69 149.91 150.09 150.31 150.47 150.66 150.81 151.00 151.12 151.28 151.41 151.56 151.69 151.78 151.91 152.00 152.09 152.19 152.28 152.38 152.44 152.53 152.59 152.66 152.72 152.78 152.88 152.94 153.00 153.06 153.12 153.22 153.28 153.34
140.28 140.53 140.78 141.03 141.31 141.56 141.88 142.16 142.44 142.75 143.03 143.31 143.59 143.88 144.16 144.41 144.69 145.00 145.34 145.66 145.97 146.25 146.41 146.50 146.62 146.75 146.88 147.03 147.25 147.47 147.72 147.97 148.22 148.44 148.69 148.91 149.12 149.34 149.53 149.72 149.91 150.09 150.25 150.44 150.59 150.72 150.88 151.00 151.12 151.25 151.38 151.50 151.59 151.69 151.78 151.88 151.97 152.03 152.12 152.19 152.25 152.31 152.38 152.47 152.53 152.59 152.66 152.72 152.81 152.88 152.94
140.00 140.19 140.44 140.69 140.94 141.22 141.50 141.78 142.09 142.41 142.69 143.00 143.28 143.56 143.84 144.09 144.38 144.69 145.00 145.31 145.62 145.91 146.09 146.19 146.28 146.41 146.56 146.75 146.97 147.19 147.44 147.69 147.91 148.16 148.38 148.59 148.78 149.00 149.19 149.38 149.53 149.72 149.88 150.03 150.19 150.31 150.47 150.59 150.72 150.84 150.97 151.06 151.19 151.28 151.38 151.47 151.56 151.62 151.72 151.78 151.84 151.91 152.00 152.06 152.12 152.19 152.25 152.34 152.41 152.47 152.53
139.72 139.91 140.12 140.34 140.59 140.84 141.12 141.44 141.75 142.03 142.34 142.66 142.94 143.22 143.53 143.81 144.09 144.38 144.69 144.97 145.28 145.53 145.75 145.88 145.97 146.06 146.22 146.44 146.69 146.94 147.19 147.41 147.66 147.84 148.06 148.25 148.47 148.66 148.81 149.00 149.16 149.34 149.50 149.62 149.78 149.94 150.06 150.19 150.31 150.44 150.56 150.69 150.78 150.88 150.97 151.06 151.16 151.22 151.31 151.38 151.44 151.53 151.59 151.66 151.72 151.78 151.88 151.94 152.00 152.06 152.12
139.44 139.59 139.81 140.00 140.25 140.50 140.78 141.06 141.38 141.69 142.00 142.31 142.59 142.91 143.19 143.50 143.78 144.06 144.34 144.66 144.94 145.22 145.44 145.59 145.69 145.75 145.91 146.16 146.44 146.69 146.94 147.16 147.38 147.56 147.75 147.94 148.12 148.31 148.47 148.62 148.81 148.94 149.09 149.25 149.41 149.53 149.66 149.81 149.94 150.03 150.16 150.28 150.38 150.47 150.56 150.66 150.75 150.84 150.91 150.97 151.06 151.12 151.19 151.25 151.34 151.41 151.47 151.53 151.59 151.66 151.72
138.97 139.22 139.50 139.72 139.91 140.16 140.41 140.69 141.00 141.31 141.62 141.94 142.25 142.56 142.84 143.16 143.44 143.75 144.03 144.34 144.62 144.88 145.16 145.34 145.47 145.56 145.69 145.94 146.22 146.47 146.72 146.91 147.09 147.28 147.47 147.62 147.81 147.97 148.12 148.28 148.44 148.56 148.72 148.88 149.00 149.16 149.28 149.41 149.53 149.66 149.78 149.88 150.00 150.09 150.19 150.28 150.34 150.44 150.53 150.59 150.66 150.72 150.81 150.88 150.94 151.00 151.06 151.12 151.19 151.25 151.31
138.97 138.97 139.03 139.31 139.62 139.84 140.06 140.34 140.62 140.94 141.22 141.53 141.84 142.16 142.47 142.78 143.09 143.41 143.72 144.03 144.31 144.59 144.84 145.09 145.28 145.41 145.56 145.81 146.03 146.28 146.47 146.66 146.84 147.00 147.16 147.31 147.47 147.62 147.78 147.91 148.06 148.22 148.34 148.47 148.62 148.75 148.88 149.00 149.12 149.25 149.38 149.50 149.59 149.69 149.78 149.88 149.97 150.06 150.12 150.19 150.28 150.34 150.41 150.47 150.53 150.59 150.69 150.75 150.81 150.88 150.94
138.97 138.97 139.00 139.03 139.09 139.44 139.75 140.00 140.25 140.53 140.81 141.12 141.44 141.75 142.09 142.41 142.72 143.06 143.38 143.72 144.00 144.31 144.56 144.84 145.06 145.28 145.44 145.66 145.84 146.06 146.22 146.38 146.53 146.69 146.84 147.00 147.12 147.28 147.41 147.56 147.69 147.84 147.97 148.09 148.25 148.38 148.50 148.62 148.75 148.88 149.00 149.09 149.22 149.31 149.41 149.50 149.59 149.66 149.75 149.81 149.88 149.97 150.03 150.09 150.16 150.22 150.28 150.34 150.41 150.47 150.53
138.91 139.00 139.00 139.03 139.03 139.06 139.19 139.59 139.91 140.12 140.44 140.72 141.03 141.34 141.69 142.00 142.34 142.69 143.03 143.38 143.69 144.00 144.28 144.53 144.78 145.03 145.25 145.44 145.62 145.81 145.97 146.09 146.25 146.38 146.53 146.66 146.81 146.94 147.06 147.22 147.34 147.47 147.59 147.72 147.84 148.00 148.12 148.25 148.38 148.50 148.62 148.72 148.84 148.94 149.03 149.12 149.22 149.31 149.38 149.44 149.50 149.56 149.62 149.72 149.75 149.81 149.88 149.94 150.00 150.06 150.12
138.75 138.84 138.97 139.03 139.06 139.06 139.09 139.09 139.28 139.75 140.03 140.31 140.59 140.91 141.22 141.56 141.91 142.25 142.62 143.00 143.34 143.66 143.97 144.25 144.50 144.75 144.97 145.16 145.34 145.53 145.69 145.81 145.94 146.09 146.22 146.34 146.47 146.59 146.75 146.88 146.97 147.09 147.25 147.38 147.50 147.62 147.75 147.88 148.00 148.12 148.25 148.38 148.47 148.59 148.69 148.78 148.84 148.94 149.00 149.06 149.12 149.19 149.25 149.31 149.38 149.44 149.50 149.56 149.62 149.66 149.72
138.47 138.66 138.72 138.81 139.00 139.09 139.09 139.09 139.12 139.16 139.41 139.88 140.16 140.47 140.75 141.12 141.47 141.84 142.19 142.56 142.94 143.28 143.59 143.88 144.16 144.41 144.66 144.84 145.06 145.22 145.38 145.50 145.66 145.78 145.91 146.03 146.16 146.28 146.41 146.53 146.66 146.75 146.88 147.00 147.12 147.25 147.38 147.50 147.62 147.75 147.88 148.00 148.12 148.22 148.31 148.41 148.50 148.56 148.62 148.72 148.78 148.84 148.88 148.94 149.00 149.06 149.12 149.16 149.22 149.28 149.31
138.03 138.25 138.44 138.56 138.66 138.78 139.03 139.12 139.12 139.16 139.22 139.31 139.53 139.97 140.34 140.69 141.03 141.38 141.75 142.09 142.47 142.84 143.19 143.47 143.78 144.03 144.28 144.53 144.72 144.91 145.06 145.19 145.31 145.47 145.59 145.72 145.84 146.00 146.12 146.22 146.34 146.44 146.56 146.66 146.78 146.91 147.03 147.16 147.28 147.41 147.53 147.66 147.78 147.88 147.97 148.06 148.16 148.22 148.28 148.34 148.41 148.47 148.53 148.56 148.62 148.69 148.75 148.78 148.84 148.88 148.94
137.53 137.78 138.00 138.19 138.38 138.53 138.66 138.81 139.09 139.16 139.25 139.34 139.47 139.56 139.75 140.16 140.59 140.94 141.28 141.62 142.00 142.34 142.69 143.00 143.34 143.62 143.91 144.12 144.34 144.53 144.69 144.84 144.97 145.12 145.28 145.41 145.56 145.72 145.84 145.97 146.06 146.16 146.25 146.34 146.47 146.56 146.69 146.81 146.97 147.09 147.22 147.34 147.44 147.56 147.66 147.72 147.81 147.88 147.94 148.00 148.06 148.12 148.16 148.22 148.25 148.31 148.38 148.41 148.44 148.50 148.53
137.06 137.31 137.53 137.75 137.97 138.22 138.38 138.53 138.62 138.88 139.22 139.38 139.50 139.62 139.75 139.88 140.03 140.34 140.81 141.19 141.50 141.84 142.19 142.53 142.84 143.19 143.50 143.75 143.94 144.12 144.28 144.44 144.59 144.75 144.91 145.09 145.28 145.44 145.59 145.72 145.81 145.91 145.97 146.06 146.16 146.25 146.38 146.50 146.62 146.78 146.91 147.03 147.12 147.25 147.34 147.41 147.50 147.56 147.62 147.66 147.72 147.78 147.81 147.88 147.91 147.94 148.00 148.03 148.06 148.12 148.16
136.66 136.84 137.06 137.31 137.56 137.78 138.00 138.22 138.38 138.56 138.81 139.16 139.47 139.69 139.81 139.94 140.06 140.22 140.34 140.53 140.94 141.41 141.75 142.09 142.44 142.75 143.06 143.31 143.50 143.69 143.84 143.97 144.12 144.31 144.50 144.72 144.94 145.16 145.31 145.47 145.56 145.66 145.72 145.78 145.88 145.97 146.09 146.22 146.34 146.50 146.62 146.75 146.84 146.97 147.03 147.12 147.19 147.25 147.31 147.34 147.41 147.44 147.47 147.53 147.56 147.59 147.62 147.66 147.69 147.75 147.78
136.38 136.53 136.72 136.91 137.12 137.38 137.59 137.81 138.03 138.25 138.53 138.91 139.25 139.53 139.81 140.00 140.12 140.25 140.41 140.53 140.66 140.81 141.09 141.56 142.00 142.34 142.62 142.88 143.06 143.22 143.38 143.50 143.66 143.84 144.03 144.31 144.56 144.78 145.00 145.16 145.28 145.38 145.47 145.53 145.59 145.69 145.81 145.94 146.06 146.22 146.34 146.47 146.59 146.69 146.78 146.84 146.91 146.97 147.00 147.03 147.09 147.12 147.16 147.19 147.22 147.25 147.28 147.28 147.31 147.34 147.38
136.06 136.25 136.41 136.56 136.75 136.97 137.19 137.41 137.62 137.84 138.16 138.50 138.88 139.25 139.59 139.81 140.06 140.25 140.44 140.59 140.72 140.84 141.00 141.12 141.28 141.69 142.19 142.41 142.62 142.72 142.88 143.00 143.16 143.34 143.56 143.81 144.09 144.34 144.59 144.78 144.91 145.03 145.12 145.19 145.28 145.38 145.50 145.66 145.78 145.94 146.06 146.22 146.31 146.41 146.50 146.56 146.62 146.69 146.72 146.75 146.78 146.81 146.84 146.84 146.88 146.88 146.91 146.94 146.94 146.97 147.00
135.78 135.94 136.12 136.28 136.47 136.62 136.81 137.03 137.25 137.47 137.69 138.00 138.34 138.72 139.06 139.41 139.62 139.84 140.16 140.50 140.75 140.91 141.03 141.16 141.31 141.44 141.56 141.78 142.09 142.31 142.38 142.50 142.66 142.81 143.09 143.34 143.62 143.88 144.16 144.34 144.50 144.59 144.72 144.78 144.88 145.00 145.12 145.28 145.44 145.59 145.75 145.91 146.03 146.12 146.22 146.28 146.34 146.38 146.44 146.47 146.47 146.50 146.50 146.53 146.53 146.53 146.53 146.56 146.56 146.59 146.59
135.47 135.66 135.81 136.00 136.19 136.34 136.53 136.69 136.88 137.09 137.31 137.53 137.81 138.12 138.44 138.78 139.03 139.34 139.69 140.19 140.56 140.81 141.00 141.22 141.34 141.47 141.59 141.75 141.88 141.97 142.06 142.03 142.12 142.31 142.59 142.84 143.12 143.38 143.66 143.88 144.03 144.16 144.22 144.31 144.41 144.50 144.66 144.81 145.03 145.22 145.38 145.53 145.66 145.75 145.84 145.91 145.97 146.03 146.06 146.12 146.12 146.16 146.16 146.16 146.16 146.16 146.16 146.16 146.16 146.19 146.19
135.19 135.34 135.53 135.72 135.88 136.06 136.22 136.41 136.59 136.78 136.97 137.19 137.41 137.66 137.88 138.12 138.41 138.69 139.09 139.56 140.00 140.38 140.59 140.84 141.16 141.47 141.66 141.78 141.91 142.00 142.06 141.97 141.88 141.81 141.84 142.12 142.53 142.84 143.12 143.34 143.53 143.56 143.72 143.81 143.91 144.06 144.16 144.31 144.56 144.75 144.94 145.06 145.22 145.34 145.44 145.50 145.56 145.62 145.69 145.72 145.75 145.78 145.78 145.78 145.75 145.75 145.75 145.75 145.75 145.75 145.78
134.91 135.06 135.22 135.41 135.59 135.75 135.94 136.09 136.28 136.47 136.66 136.84 137.03 137.25 137.47 137.69 137.88 138.09 138.41 138.81 139.25 139.62 140.00 140.34 140.72 141.03 141.34 141.62 141.88 142.00 142.06 141.94 141.84 141.78 141.75 141.84 142.03 142.16 142.34 142.56 142.78 143.00 143.16 143.28 143.38 143.50 143.66 143.78 144.03 144.25 144.41 144.59 144.75 144.84 144.97 145.03 145.09 145.19 145.22 145.28 145.31 145.31 145.31 145.31 145.31 145.28 145.28 145.25 145.28 145.28 145.34
134.59 134.78 134.94 135.09 135.28 135.44 135.62 135.78 135.97 136.12 136.31 136.50 136.69 136.91 137.09 137.28 137.50 137.69 137.91 138.16 138.50 138.88 139.28 139.66 140.00 140.38 140.66 141.00 141.34 141.72 141.94 141.91 141.81 141.75 141.75 141.88 142.06 142.19 142.31 142.41 142.47 142.53 142.62 142.69 142.78 142.91 143.06 143.28 143.50 143.69 143.91 144.09 144.25 144.38 144.47 144.53 144.62 144.69 144.72 144.75 144.78 144.81 144.81 144.78 144.78 144.75 144.75 144.75 144.78 144.81 144.84
134.31 134.47 134.62 134.81 134.97 135.12 135.31 135.47 135.62 135.81 135.97 136.16 136.34 136.53 136.72 136.91 137.12 137.31 137.53 137.75 138.00 138.28 138.62 138.97 139.28 139.56 139.81 140.16 140.53 140.88 141.16 141.41 141.53 141.56 141.66 141.84 142.06 142.22 142.34 142.41 142.50 142.56 142.62 142.72 142.78 142.84 142.91 142.97 143.03 143.12 143.28 143.47 143.66 143.88 143.94 144.03 144.09 144.16 144.22 144.22 144.22 144.19 144.19 144.22 144.16 144.22 144.19 144.16 144.22 144.25 144.31
134.03 134.19 134.34 134.50 134.66 134.81 134.97 135.16 135.31 135.47 135.62 135.81 136.00 136.16 136.34 136.53 136.75 136.94 137.16 137.38 137.59 137.84 138.09 138.38 138.66 138.97 139.22 139.50 139.78 140.06 140.34 140.59 140.78 140.94 141.09 141.25 141.34 141.53 141.81 142.09 142.34 142.53 142.66 142.72 142.78 142.84 142.91 142.97 143.03 143.09 143.16 143.22 143.25 143.28 143.31 143.38 143.50 143.56 143.62 143.62 143.66 143.62 143.62 143.59 143.62 143.62 143.59 143.56 143.62 143.69 143.75
133.78 133.91 134.06 134.22 134.38 134.50 134.66 134.81 134.97 135.12 135.28 135.47 135.62 135.81 135.97 136.16 136.34 136.53 136.75 136.94 137.19 137.41 137.66 137.91 138.19 138.47 138.72 139.00 139.25 139.50 139.75 139.97 140.12 140.31 140.47 140.62 140.75 140.91 141.09 141.28 141.47 141.66 141.84 142.16 142.50 142.78 142.91 143.00 143.03 143.09 143.16 143.22 143.25 143.28 143.28 143.31 143.34 143.34 143.34 143.34 143.34 143.34 143.34 143.34 143.34 143.34 143.31 143.28 143.28 143.28 143.28
133.50 133.66 133.78 133.94 134.06 134.22 134.38 134.50 134.66 134.81 134.97 135.12 135.28 135.44 135.62 135.78 135.97 136.16 136.34 136.53 136.75 136.97 137.19 137.44 137.69 137.97 138.22 138.47 138.72 138.97 139.19 139.41 139.59 139.75 139.91 140.06 140.22 140.34 140.50 140.66 140.84 141.03 141.22 141.44 141.72 142.00 142.19 142.44 142.66 142.88 143.06 143.16 143.25 143.28 143.31 143.31 143.34 143.34 143.34 143.34 143.34 143.34 143.34 143.34 143.34 143.34 143.34 143.31 143.31 143.28 143.28
133.25 133.38 133.53 133.66 133.78 133.94 134.06 134.22 134.34 134.50 134.62 134.78 134.94 135.09 135.25 135.41 135.59 135.75 135.94 136.12 136.31 136.53 136.75 136.97 137.19 137.44 137.69 137.94 138.16 138.38 138.59 138.81 139.00 139.19 139.34 139.50 139.66 139.81 139.97 140.12 140.28 140.44 140.59 140.78 141.00 141.22 141.41 141.62 141.84 142.06 142.22 142.31 142.41 142.53 142.69 142.84 143.03 143.16 143.28 143.31 143.34 143.34 143.34 143.34 143.34 143.34 143.34 143.31 143.31 143.28 143.28
133.00 133.12 133.28 133.41 133.53 133.66 133.78 133.91 134.06 134.19 134.31 134.47 134.59 134.75 134.91 135.06 135.22 135.38 135.56 135.72 135.91 136.09 136.28 136.50 136.72 136.94 137.16 137.38 137.59 137.81 138.03 138.22 138.41 138.59 138.75 138.91 139.09 139.25 139.41 139.56 139.75 139.91 140.06 140.25 140.44 140.59 140.78 140.94 141.09 141.25 141.44 141.59 141.72 141.84 141.94 142.00 142.06 142.16 142.31 142.44 142.56 142.69 142.81 142.94 143.00 143.03 143.03 143.09 143.16 143.22 143.25
132.78 132.91 133.03 133.16 133.28 133.41 133.53 133.66 133.78 133.91 134.03 134.16 134.31 134.44 134.56 134.72 134.88 135.03 135.19 135.34 135.50 135.69 135.84 136.06 136.25 136.44 136.66 136.84 137.06 137.25 137.44 137.62 137.81 138.00 138.16 138.34 138.50 138.69 138.84 139.03 139.19 139.34 139.53 139.69 139.84 140.00 140.19 140.31 140.47 140.62 140.78 140.91 141.03 141.12 141.25 141.34 141.41 141.53 141.62 141.72 141.81 141.91 141.97 142.00 142.00 142.00 142.00 142.06 142.19 142.31 142.44
132.56 132.66 132.78 132.91 133.03 133.12 133.25 133.38 133.50 133.62 133.75 133.88 134.00 134.12 134.25 134.41 134.53 134.66 134.81 134.97 135.12 135.28 135.44 135.59 135.78 135.97 136.16 136.34 136.53 136.69 136.88 137.06 137.25 137.41 137.59 137.75 137.94 138.12 138.28 138.47 138.62 138.81 138.97 139.12 139.28 139.44 139.59 139.75 139.88 140.03 140.16 140.28 140.44 140.53 140.66 140.75 140.88 140.97 141.06 141.16 141.25 141.31 141.38 141.38 141.41 141.41 141.41 141.44 141.50 141.62 141.72
132.34 132.44 132.56 132.66 132.78 132.91 133.00 133.12 133.25 133.34 133.47 133.59 133.72 133.84 133.97 134.09 134.22 134.34 134.47 134.59 134.75 134.88 135.03 135.19 135.34 135.50 135.69 135.84 136.00 136.19 136.34 136.53 136.69 136.88 137.03 137.22 137.38 137.56 137.75 137.91 138.09 138.25 138.44 138.59 138.75 138.91 139.03 139.16 139.31 139.44 139.56 139.69 139.81 139.94 140.06 140.19 140.28 140.41 140.50 140.59 140.66 140.75 140.78 140.84 140.88 140.91 140.94 140.97 141.00 141.06 141.06
