everonasctiles/Tile[32,48].asc
ncols 128
nrows 128
xllcorner 0
yllcorner 0
cellsize 2.0
NODATA_value  -9999
[rows 32 to 63 of 128, columns 0 to 70 of 128]
-101.62 -101.59 -101.56 -101.53 -101.50 -101.47 -101.47 -101.44 -101.44 -101.44 -101.41 -101.41 -101.38 -101.31 -101.28 -101.25 -101.19 -101.12 -101.09 -101.06 -101.03 -101.00 -101.00 -100.97 -100.94 -100.91 -100.84 -100.81 -100.75 -100.69 -100.59 -100.53 -100.44 -100.38 -100.31 -100.25 -100.16 -100.09 -100.06 -100.00 -100.00 -99.97 -99.97 -99.97 -99.94 -99.88 -99.84 -99.78 -99.72 -99.66 -99.59 -99.56 -99.50 -99.44 -99.34 -99.22 -99.03 -98.84 -98.62 -98.38 -98.12 -97.88 -97.59 -97.34 -97.12 -96.94 -96.75 -96.62 -96.53 -96.50 -96.50
-101.53 -101.47 -101.44 -101.41 -101.38 -101.38 -101.34 -101.34 -101.31 -101.31 -101.28 -101.25 -101.22 -101.19 -101.12 -101.09 -101.03 -101.00 -100.94 -100.91 -100.88 -100.88 -100.84 -100.84 -100.81 -100.78 -100.75 -100.69 -100.62 -100.56 -100.50 -100.41 -100.34 -100.28 -100.19 -100.12 -100.06 -100.00 -99.94 -99.91 -99.88 -99.88 -99.88 -99.84 -99.81 -99.78 -99.72 -99.66 -99.59 -99.53 -99.47 -99.44 -99.38 -99.31 -99.22 -99.06 -98.91 -98.72 -98.47 -98.22 -97.97 -97.69 -97.41 -97.12 -96.91 -96.69 -96.53 -96.38 -96.28 -96.25 -96.28
-101.41 -101.38 -101.31 -101.28 -101.28 -101.25 -101.25 -101.22 -101.22 -101.19 -101.19 -101.16 -101.09 -101.06 -101.00 -100.94 -100.91 -100.84 -100.81 -100.75 -100.72 -100.72 -100.69 -100.69 -100.69 -100.66 -100.62 -100.56 -100.50 -100.44 -100.34 -100.28 -100.22 -100.12 -100.06 -100.00 -99.94 -99.84 -99.81 -99.78 -99.75 -99.75 -99.75 -99.72 -99.69 -99.62 -99.59 -99.53 -99.47 -99.41 -99.34 -99.31 -99.25 -99.16 -99.06 -98.94 -98.78 -98.56 -98.34 -98.06 -97.78 -97.50 -97.22 -96.94 -96.66 -96.47 -96.28 -96.16 -96.06 -96.03 -96.06
-101.31 -101.25 -101.22 -101.19 -101.16 -101.16 -101.12 -101.12 -101.12 -101.09 -101.06 -101.03 -100.97 -100.94 -100.88 -100.81 -100.75 -100.72 -100.66 -100.62 -100.59 -100.56 -100.56 -100.56 -100.53 -100.53 -100.47 -100.44 -100.38 -100.28 -100.22 -100.12 -100.06 -99.97 -99.91 -99.84 -99.78 -99.72 -99.66 -99.62 -99.62 -99.59 -99.59 -99.56 -99.53 -99.50 -99.44 -99.41 -99.34 -99.28 -99.22 -99.19 -99.09 -99.03 -98.91 -98.78 -98.62 -98.44 -98.19 -97.94 -97.66 -97.34 -97.06 -96.75 -96.47 -96.22 -96.06 -95.94 -95.84 -95.84 -95.88
-101.19 -101.16 -101.09 -101.06 -101.06 -101.03 -101.03 -101.03 -101.03 -101.00 -100.97 -100.94 -100.88 -100.81 -100.75 -100.69 -100.62 -100.59 -100.53 -100.47 -100.44 -100.41 -100.41 -100.41 -100.41 -100.38 -100.34 -100.28 -100.22 -100.12 -100.03 -99.97 -99.88 -99.81 -99.75 -99.69 -99.62 -99.56 -99.50 -99.47 -99.47 -99.44 -99.44 -99.44 -99.41 -99.34 -99.31 -99.25 -99.22 -99.16 -99.12 -99.03 -98.97 -98.88 -98.78 -98.66 -98.50 -98.31 -98.06 -97.81 -97.53 -97.22 -96.94 -96.62 -96.31 -96.03 -95.81 -95.69 -95.62 -95.62 -95.69
-101.09 -101.06 -101.00 -100.97 -100.94 -100.94 -100.94 -100.94 -100.94 -100.91 -100.88 -100.84 -100.78 -100.69 -100.62 -100.56 -100.53 -100.47 -100.41 -100.38 -100.31 -100.28 -100.25 -100.25 -100.25 -100.22 -100.19 -100.12 -100.06 -99.97 -99.88 -99.78 -99.72 -99.62 -99.56 -99.50 -99.44 -99.38 -99.34 -99.31 -99.28 -99.28 -99.28 -99.25 -99.22 -99.19 -99.16 -99.12 -99.09 -99.03 -99.00 -98.94 -98.84 -98.75 -98.62 -98.50 -98.34 -98.16 -97.97 -97.72 -97.44 -97.16 -96.84 -96.53 -96.22 -95.94 -95.69 -95.50 -95.44 -95.47 -95.53
-101.03 -100.97 -100.91 -100.88 -100.84 -100.84 -100.84 -100.84 -100.84 -100.81 -100.78 -100.72 -100.66 -100.59 -100.53 -100.47 -100.41 -100.34 -100.31 -100.25 -100.22 -100.16 -100.16 -100.12 -100.12 -100.09 -100.06 -100.00 -99.91 -99.81 -99.72 -99.62 -99.53 -99.44 -99.38 -99.34 -99.28 -99.22 -99.16 -99.12 -99.09 -99.09 -99.09 -99.09 -99.06 -99.03 -99.00 -98.97 -98.94 -98.91 -98.88 -98.78 -98.72 -98.62 -98.50 -98.38 -98.22 -98.03 -97.84 -97.62 -97.34 -97.06 -96.78 -96.47 -96.19 -95.91 -95.66 -95.44 -95.31 -95.31 -95.38
-100.94 -100.88 -100.84 -100.78 -100.75 -100.75 -100.75 -100.75 -100.72 -100.72 -100.66 -100.62 -100.56 -100.47 -100.41 -100.34 -100.28 -100.22 -100.19 -100.16 -100.12 -100.06 -100.03 -100.03 -100.00 -100.00 -99.94 -99.88 -99.81 -99.69 -99.59 -99.47 -99.34 -99.25 -99.19 -99.12 -99.06 -99.00 -98.94 -98.91 -98.91 -98.91 -98.91 -98.91 -98.91 -98.88 -98.84 -98.81 -98.78 -98.75 -98.72 -98.66 -98.59 -98.50 -98.38 -98.25 -98.09 -97.91 -97.72 -97.50 -97.25 -97.00 -96.72 -96.44 -96.16 -95.91 -95.66 -95.44 -95.28 -95.19 -95.25
-100.88 -100.81 -100.75 -100.72 -100.69 -100.66 -100.66 -100.62 -100.62 -100.59 -100.56 -100.50 -100.44 -100.34 -100.28 -100.22 -100.16 -100.12 -100.09 -100.06 -100.03 -100.00 -99.97 -99.94 -99.91 -99.91 -99.84 -99.78 -99.72 -99.59 -99.47 -99.34 -99.22 -99.09 -99.00 -98.94 -98.88 -98.81 -98.75 -98.72 -98.69 -98.72 -98.72 -98.75 -98.72 -98.72 -98.69 -98.66 -98.62 -98.59 -98.56 -98.50 -98.44 -98.34 -98.22 -98.09 -97.94 -97.78 -97.59 -97.38 -97.16 -96.91 -96.66 -96.38 -96.12 -95.84 -95.62 -95.44 -95.25 -95.12 -95.16
-100.81 -100.72 -100.69 -100.62 -100.59 -100.56 -100.56 -100.53 -100.50 -100.47 -100.44 -100.38 -100.31 -100.22 -100.16 -100.09 -100.03 -100.00 -99.97 -99.97 -99.94 -99.91 -99.88 -99.88 -99.84 -99.81 -99.78 -99.72 -99.62 -99.53 -99.41 -99.25 -99.09 -98.97 -98.84 -98.75 -98.66 -98.59 -98.53 -98.50 -98.50 -98.50 -98.53 -98.56 -98.56 -98.56 -98.53 -98.50 -98.47 -98.44 -98.38 -98.31 -98.25 -98.16 -98.06 -97.94 -97.78 -97.62 -97.44 -97.25 -97.03 -96.78 -96.53 -96.28 -96.03 -95.81 -95.59 -95.41 -95.22 -95.09 -95.06
-100.72 -100.66 -100.59 -100.56 -100.53 -100.50 -100.47 -100.44 -100.38 -100.34 -100.31 -100.25 -100.19 -100.12 -100.03 -99.97 -99.94 -99.91 -99.88 -99.88 -99.84 -99.84 -99.81 -99.81 -99.78 -99.75 -99.72 -99.66 -99.59 -99.47 -99.34 -99.19 -99.03 -98.88 -98.72 -98.59 -98.47 -98.41 -98.31 -98.28 -98.28 -98.31 -98.34 -98.41 -98.41 -98.41 -98.38 -98.31 -98.28 -98.25 -98.22 -98.16 -98.06 -97.97 -97.88 -97.75 -97.59 -97.44 -97.28 -97.06 -96.88 -96.66 -96.41 -96.19 -95.94 -95.72 -95.53 -95.34 -95.19 -95.06 -94.97
-100.62 -100.59 -100.53 -100.50 -100.44 -100.41 -100.38 -100.31 -100.28 -100.22 -100.19 -100.12 -100.06 -100.00 -99.94 -99.88 -99.84 -99.81 -99.78 -99.78 -99.78 -99.78 -99.75 -99.72 -99.72 -99.69 -99.66 -99.59 -99.53 -99.44 -99.31 -99.16 -99.00 -98.81 -98.62 -98.47 -98.31 -98.22 -98.12 -98.06 -98.09 -98.12 -98.19 -98.22 -98.25 -98.25 -98.19 -98.16 -98.12 -98.06 -98.03 -97.94 -97.88 -97.78 -97.66 -97.53 -97.41 -97.25 -97.06 -96.91 -96.69 -96.50 -96.28 -96.06 -95.84 -95.66 -95.47 -95.28 -95.12 -95.00 -94.91
-100.56 -100.50 -100.47 -100.44 -100.38 -100.34 -100.28 -100.22 -100.19 -100.12 -100.06 -100.03 -99.97 -99.91 -99.84 -99.78 -99.75 -99.72 -99.69 -99.69 -99.69 -99.69 -99.69 -99.66 -99.62 -99.59 -99.56 -99.53 -99.47 -99.38 -99.25 -99.12 -98.97 -98.78 -98.59 -98.41 -98.22 -98.06 -97.94 -97.88 -97.88 -97.94 -98.00 -98.06 -98.09 -98.06 -98.03 -98.00 -97.97 -97.91 -97.84 -97.78 -97.69 -97.56 -97.47 -97.34 -97.19 -97.03 -96.88 -96.69 -96.50 -96.31 -96.12 -95.91 -95.72 -95.53 -95.38 -95.22 -95.06 -94.94 -94.81
-100.50 -100.44 -100.41 -100.38 -100.31 -100.28 -100.22 -100.16 -100.09 -100.03 -99.97 -99.94 -99.88 -99.81 -99.75 -99.69 -99.66 -99.62 -99.62 -99.62 -99.62 -99.59 -99.59 -99.56 -99.56 -99.53 -99.50 -99.47 -99.41 -99.31 -99.22 -99.09 -98.91 -98.75 -98.56 -98.34 -98.16 -97.97 -97.81 -97.69 -97.72 -97.78 -97.84 -97.91 -97.94 -97.91 -97.88 -97.84 -97.78 -97.75 -97.69 -97.59 -97.50 -97.38 -97.25 -97.12 -96.97 -96.81 -96.66 -96.47 -96.31 -96.12 -95.97 -95.78 -95.59 -95.44 -95.28 -95.12 -94.97 -94.84 -94.75
-100.41 -100.38 -100.34 -100.31 -100.25 -100.22 -100.16 -100.09 -100.00 -99.94 -99.91 -99.84 -99.78 -99.72 -99.66 -99.62 -99.56 -99.56 -99.53 -99.53 -99.53 -99.53 -99.50 -99.50 -99.47 -99.44 -99.41 -99.38 -99.31 -99.25 -99.16 -99.03 -98.88 -98.72 -98.53 -98.31 -98.12 -97.94 -97.75 -97.59 -97.56 -97.66 -97.69 -97.75 -97.75 -97.75 -97.72 -97.66 -97.62 -97.59 -97.53 -97.44 -97.34 -97.22 -97.09 -96.94 -96.78 -96.62 -96.44 -96.28 -96.09 -95.94 -95.78 -95.62 -95.50 -95.34 -95.19 -95.03 -94.88 -94.78 -94.66
-100.31 -100.28 -100.25 -100.22 -100.19 -100.12 -100.06 -100.00 -99.94 -99.88 -99.81 -99.75 -99.69 -99.62 -99.59 -99.53 -99.50 -99.47 -99.44 -99.44 -99.44 -99.44 -99.44 -99.41 -99.38 -99.34 -99.31 -99.28 -99.25 -99.19 -99.09 -98.97 -98.84 -98.69 -98.50 -98.28 -98.09 -97.91 -97.72 -97.56 -97.47 -97.50 -97.56 -97.59 -97.59 -97.56 -97.53 -97.50 -97.44 -97.41 -97.38 -97.31 -97.19 -97.06 -96.94 -96.78 -96.62 -96.44 -96.25 -96.06 -95.91 -95.75 -95.59 -95.47 -95.34 -95.22 -95.06 -94.94 -94.81 -94.69 -94.56
-100.19 -100.16 -100.16 -100.12 -100.09 -100.03 -99.97 -99.91 -99.84 -99.75 -99.69 -99.62 -99.59 -99.53 -99.47 -99.44 -99.41 -99.38 -99.38 -99.38 -99.38 -99.34 -99.34 -99.31 -99.28 -99.25 -99.22 -99.19 -99.16 -99.09 -99.00 -98.91 -98.78 -98.66 -98.47 -98.28 -98.06 -97.88 -97.69 -97.53 -97.44 -97.41 -97.44 -97.44 -97.44 -97.41 -97.38 -97.31 -97.28 -97.25 -97.22 -97.16 -97.06 -96.94 -96.78 -96.62 -96.47 -96.28 -96.06 -95.88 -95.69 -95.53 -95.41 -95.31 -95.22 -95.09 -94.97 -94.81 -94.69 -94.59 -94.50
-100.06 -100.03 -100.03 -100.00 -99.97 -99.94 -99.84 -99.78 -99.72 -99.62 -99.56 -99.50 -99.44 -99.41 -99.34 -99.31 -99.28 -99.28 -99.28 -99.28 -99.28 -99.25 -99.22 -99.19 -99.16 -99.16 -99.12 -99.09 -99.06 -99.00 -98.94 -98.84 -98.75 -98.59 -98.44 -98.28 -98.06 -97.88 -97.72 -97.56 -97.44 -97.34 -97.31 -97.31 -97.28 -97.25 -97.19 -97.12 -97.09 -97.06 -97.03 -96.97 -96.88 -96.78 -96.62 -96.47 -96.28 -96.09 -95.88 -95.69 -95.50 -95.34 -95.22 -95.12 -95.03 -94.94 -94.84 -94.72 -94.59 -94.50 -94.41
-99.91 -99.91 -99.91 -99.88 -99.84 -99.78 -99.72 -99.66 -99.56 -99.47 -99.41 -99.34 -99.28 -99.25 -99.22 -99.19 -99.16 -99.16 -99.16 -99.16 -99.16 -99.12 -99.09 -99.06 -99.03 -99.03 -99.00 -98.97 -98.94 -98.91 -98.84 -98.78 -98.69 -98.56 -98.44 -98.25 -98.09 -97.91 -97.72 -97.59 -97.44 -97.34 -97.25 -97.19 -97.12 -97.06 -97.03 -96.97 -96.91 -96.88 -96.84 -96.78 -96.69 -96.59 -96.47 -96.31 -96.12 -95.94 -95.72 -95.50 -95.28 -95.12 -95.00 -94.94 -94.88 -94.81 -94.72 -94.62 -94.50 -94.41 -94.31
-99.75 -99.78 -99.75 -99.75 -99.69 -99.62 -99.56 -99.47 -99.41 -99.31 -99.22 -99.16 -99.12 -99.06 -99.03 -99.03 -99.03 -99.03 -99.03 -99.06 -99.03 -99.00 -98.97 -98.94 -98.91 -98.91 -98.88 -98.88 -98.84 -98.81 -98.75 -98.69 -98.62 -98.50 -98.38 -98.25 -98.09 -97.94 -97.75 -97.62 -97.47 -97.34 -97.22 -97.09 -97.00 -96.94 -96.84 -96.78 -96.75 -96.72 -96.66 -96.59 -96.50 -96.41 -96.25 -96.12 -95.94 -95.75 -95.53 -95.31 -95.09 -94.94 -94.81 -94.75 -94.72 -94.66 -94.56 -94.50 -94.41 -94.28 -94.19
-99.62 -99.62 -99.62 -99.59 -99.53 -99.47 -99.41 -99.31 -99.22 -99.12 -99.03 -98.97 -98.91 -98.88 -98.84 -98.84 -98.88 -98.88 -98.91 -98.91 -98.91 -98.88 -98.84 -98.81 -98.78 -98.78 -98.75 -98.75 -98.72 -98.69 -98.66 -98.59 -98.53 -98.44 -98.34 -98.22 -98.09 -97.94 -97.78 -97.66 -97.50 -97.34 -97.19 -97.06 -96.91 -96.81 -96.72 -96.62 -96.56 -96.53 -96.47 -96.41 -96.31 -96.19 -96.06 -95.91 -95.75 -95.56 -95.34 -95.12 -94.94 -94.75 -94.62 -94.56 -94.53 -94.50 -94.44 -94.38 -94.28 -94.19 -94.06
-99.47 -99.50 -99.47 -99.44 -99.38 -99.31 -99.22 -99.12 -99.03 -98.94 -98.84 -98.75 -98.69 -98.66 -98.62 -98.66 -98.69 -98.72 -98.75 -98.75 -98.75 -98.72 -98.69 -98.66 -98.62 -98.62 -98.62 -98.62 -98.59 -98.56 -98.53 -98.50 -98.44 -98.38 -98.28 -98.19 -98.06 -97.94 -97.81 -97.66 -97.50 -97.34 -97.19 -97.03 -96.88 -96.72 -96.59 -96.47 -96.41 -96.34 -96.28 -96.22 -96.12 -96.00 -95.88 -95.72 -95.56 -95.38 -95.19 -94.97 -94.78 -94.59 -94.47 -94.41 -94.38 -94.34 -94.28 -94.22 -94.16 -94.06 -93.94
-99.31 -99.34 -99.31 -99.28 -99.25 -99.16 -99.06 -98.97 -98.84 -98.72 -98.62 -98.53 -98.47 -98.44 -98.41 -98.44 -98.50 -98.56 -98.59 -98.59 -98.56 -98.53 -98.50 -98.50 -98.47 -98.47 -98.47 -98.47 -98.47 -98.44 -98.41 -98.38 -98.34 -98.28 -98.19 -98.12 -98.03 -97.91 -97.81 -97.69 -97.53 -97.38 -97.19 -97.00 -96.84 -96.66 -96.47 -96.34 -96.25 -96.19 -96.09 -96.03 -95.94 -95.81 -95.69 -95.56 -95.41 -95.22 -95.03 -94.84 -94.62 -94.44 -94.31 -94.25 -94.19 -94.16 -94.12 -94.06 -94.00 -93.91 -93.81
-99.16 -99.16 -99.16 -99.12 -99.09 -99.00 -98.91 -98.78 -98.66 -98.53 -98.41 -98.31 -98.22 -98.19 -98.19 -98.22 -98.28 -98.38 -98.41 -98.41 -98.38 -98.34 -98.31 -98.31 -98.31 -98.31 -98.31 -98.31 -98.31 -98.28 -98.28 -98.25 -98.19 -98.16 -98.09 -98.03 -97.94 -97.88 -97.78 -97.66 -97.53 -97.38 -97.19 -97.00 -96.81 -96.62 -96.41 -96.25 -96.09 -96.00 -95.91 -95.81 -95.72 -95.62 -95.50 -95.38 -95.22 -95.06 -94.88 -94.69 -94.50 -94.31 -94.19 -94.09 -94.03 -94.00 -93.97 -93.91 -93.84 -93.75 -93.62
-98.97 -98.97 -98.97 -98.94 -98.91 -98.84 -98.75 -98.62 -98.47 -98.34 -98.19 -98.09 -98.00 -97.94 -97.94 -98.00 -98.09 -98.16 -98.19 -98.19 -98.19 -98.16 -98.12 -98.12 -98.12 -98.16 -98.16 -98.16 -98.16 -98.12 -98.09 -98.06 -98.03 -98.00 -97.94 -97.91 -97.84 -97.81 -97.75 -97.66 -97.53 -97.38 -97.19 -97.00 -96.78 -96.56 -96.34 -96.16 -95.97 -95.81 -95.72 -95.62 -95.50 -95.41 -95.28 -95.19 -95.03 -94.88 -94.69 -94.53 -94.34 -94.19 -94.03 -93.94 -93.88 -93.84 -93.81 -93.75 -93.69 -93.59 -93.47
-98.75 -98.78 -98.75 -98.75 -98.72 -98.66 -98.59 -98.47 -98.31 -98.16 -98.00 -97.88 -97.78 -97.69 -97.72 -97.78 -97.88 -97.94 -97.97 -97.97 -97.97 -97.94 -97.94 -97.94 -97.94 -97.97 -97.97 -97.97 -97.97 -97.94 -97.91 -97.88 -97.84 -97.81 -97.78 -97.75 -97.72 -97.69 -97.66 -97.59 -97.47 -97.31 -97.16 -96.97 -96.75 -96.53 -96.31 -96.06 -95.84 -95.66 -95.50 -95.38 -95.28 -95.16 -95.06 -94.94 -94.81 -94.66 -94.50 -94.31 -94.16 -94.03 -93.91 -93.81 -93.72 -93.69 -93.62 -93.56 -93.50 -93.41 -93.28
-98.53 -98.56 -98.53 -98.53 -98.50 -98.47 -98.41 -98.31 -98.16 -98.00 -97.81 -97.66 -97.53 -97.47 -97.50 -97.53 -97.62 -97.69 -97.75 -97.75 -97.75 -97.72 -97.72 -97.72 -97.75 -97.78 -97.78 -97.78 -97.75 -97.72 -97.69 -97.66 -97.62 -97.62 -97.59 -97.56 -97.56 -97.56 -97.56 -97.50 -97.41 -97.25 -97.09 -96.91 -96.69 -96.47 -96.25 -96.00 -95.75 -95.50 -95.31 -95.16 -95.00 -94.91 -94.81 -94.69 -94.59 -94.44 -94.28 -94.12 -93.97 -93.84 -93.75 -93.66 -93.59 -93.53 -93.47 -93.41 -93.34 -93.25 -93.12
-98.31 -98.31 -98.28 -98.28 -98.28 -98.28 -98.25 -98.16 -98.00 -97.84 -97.66 -97.50 -97.34 -97.22 -97.25 -97.31 -97.38 -97.44 -97.47 -97.50 -97.50 -97.50 -97.50 -97.53 -97.53 -97.56 -97.59 -97.56 -97.53 -97.50 -97.47 -97.44 -97.41 -97.38 -97.38 -97.38 -97.41 -97.41 -97.41 -97.38 -97.28 -97.16 -97.00 -96.81 -96.59 -96.38 -96.12 -95.88 -95.62 -95.34 -95.09 -94.91 -94.75 -94.62 -94.50 -94.41 -94.31 -94.19 -94.03 -93.91 -93.78 -93.66 -93.56 -93.50 -93.44 -93.41 -93.34 -93.28 -93.19 -93.09 -93.00
-98.06 -98.06 -98.03 -98.03 -98.06 -98.06 -98.06 -98.00 -97.88 -97.72 -97.53 -97.34 -97.19 -97.03 -97.03 -97.06 -97.12 -97.19 -97.22 -97.25 -97.25 -97.25 -97.28 -97.28 -97.31 -97.34 -97.34 -97.34 -97.31 -97.28 -97.22 -97.16 -97.12 -97.12 -97.12 -97.16 -97.19 -97.22 -97.25 -97.19 -97.12 -97.00 -96.88 -96.69 -96.47 -96.25 -96.00 -95.75 -95.47 -95.16 -94.91 -94.66 -94.47 -94.31 -94.19 -94.09 -94.03 -93.91 -93.78 -93.66 -93.56 -93.47 -93.41 -93.34 -93.31 -93.25 -93.22 -93.16 -93.06 -93.00 -92.91
-97.81 -97.78 -97.78 -97.78 -97.81 -97.84 -97.84 -97.81 -97.72 -97.59 -97.41 -97.25 -97.06 -96.88 -96.81 -96.84 -96.88 -96.91 -96.94 -96.97 -96.97 -97.00 -97.03 -97.06 -97.09 -97.09 -97.12 -97.09 -97.06 -97.00 -96.94 -96.91 -96.84 -96.81 -96.84 -96.88 -96.94 -97.00 -97.03 -97.00 -96.94 -96.84 -96.69 -96.50 -96.31 -96.06 -95.81 -95.56 -95.28 -94.97 -94.69 -94.41 -94.16 -94.00 -93.88 -93.78 -93.72 -93.62 -93.53 -93.41 -93.31 -93.25 -93.22 -93.19 -93.16 -93.12 -93.09 -93.06 -93.00 -92.94 -92.88
-97.56 -97.53 -97.53 -97.53 -97.56 -97.62 -97.62 -97.62 -97.56 -97.44 -97.31 -97.12 -96.97 -96.78 -96.66 -96.62 -96.62 -96.62 -96.66 -96.69 -96.69 -96.72 -96.75 -96.78 -96.81 -96.84 -96.84 -96.81 -96.78 -96.72 -96.66 -96.59 -96.53 -96.50 -96.53 -96.59 -96.69 -96.78 -96.81 -96.81 -96.72 -96.62 -96.47 -96.31 -96.09 -95.88 -95.62 -95.34 -95.06 -94.75 -94.47 -94.19 -93.88 -93.66 -93.53 -93.44 -93.41 -93.31 -93.25 -93.19 -93.09 -93.06 -93.03 -93.03 -93.03 -93.03 -93.00 -92.97 -92.94 -92.94 -92.94
-97.31 -97.28 -97.25 -97.28 -97.31 -97.38 -97.41 -97.41 -97.38 -97.28 -97.16 -97.03 -96.88 -96.72 -96.56 -96.44 -96.41 -96.41 -96.38 -96.41 -96.41 -96.44 -96.47 -96.50 -96.53 -96.56 -96.53 -96.50 -96.47 -96.41 -96.34 -96.28 -96.19 -96.16 -96.19 -96.28 -96.38 -96.50 -96.56 -96.56 -96.50 -96.41 -96.25 -96.06 -95.88 -95.66 -95.38 -95.09 -94.81 -94.53 -94.25 -93.94 -93.50 -93.22 -93.16 -93.16 -93.09 -93.03 -93.00 -92.94 -92.91 -92.88 -92.88 -92.88 -92.91 -92.94 -92.94 -92.97 -92.97 -93.00 -93.03
