everonasctiles/Tile29,13.asc
ncols 128
nrows 128
xllcorner 0
yllcorner 0
cellsize 2.0
NODATA_value  -9999
[rows 96 to 127 of 128, columns 0 to 70 of 128]
216.97 217.69 218.38 219.16 219.94 220.78 221.62 222.47 223.34 224.22 225.09 225.97 226.78 227.53 228.19 228.81 229.44 230.09 230.78 231.50 232.25 233.06 233.94 234.91 235.94 236.84 237.72 238.56 239.41 240.25 241.16 242.09 243.00 243.81 244.59 245.41 246.28 247.12 248.00 248.91 249.81 250.78 251.75 252.69 253.69 254.72 255.81 256.91 258.00 259.06 260.12 261.12 262.09 263.06 264.03 264.97 265.97 266.97 268.03 269.16 270.31 271.44 272.59 273.69 274.75 275.78 276.78 277.75 278.75 279.66 280.44
216.66 217.38 218.09 218.84 219.66 220.47 221.31 222.19 223.03 223.91 224.78 225.66 226.53 227.28 227.97 228.62 229.31 230.00 230.72 231.47 232.22 233.00 233.84 234.78 235.81 236.75 237.62 238.47 239.31 240.19 241.06 242.00 242.88 243.72 244.62 245.62 246.47 247.31 248.22 249.09 250.03 250.94 251.84 252.78 253.81 254.91 256.00 257.12 258.28 259.41 260.56 261.66 262.62 263.69 264.66 265.56 266.41 267.28 268.19 269.16 270.25 271.38 272.50 273.56 274.62 275.69 276.72 277.72 278.66 279.56 280.38
216.31 217.03 217.75 218.53 219.34 220.19 221.06 221.91 222.75 223.59 224.50 225.34 226.25 227.06 227.78 228.47 229.19 229.94 230.69 231.44 232.19 232.97 233.78 234.69 235.72 236.62 237.50 238.41 239.31 240.25 241.19 242.06 242.91 243.81 244.78 245.88 246.69 247.56 248.44 249.34 250.25 251.16 252.06 252.94 254.12 255.22 256.34 257.47 258.59 259.75 260.94 262.09 263.22 264.34 265.38 266.31 267.16 267.91 268.62 269.53 270.47 271.50 272.50 273.50 274.50 275.53 276.56 277.59 278.53 279.41 280.28
215.91 216.66 217.44 218.22 219.06 219.91 220.78 221.62 222.50 223.34 224.22 225.06 225.97 226.84 227.59 228.34 229.12 229.88 230.66 231.44 232.19 232.97 233.75 234.62 235.62 236.56 237.50 238.44 239.44 240.41 241.34 242.25 243.09 243.97 244.94 246.03 246.84 247.72 248.62 249.53 250.47 251.41 252.38 253.38 254.47 255.62 256.72 257.81 258.94 260.12 261.25 262.41 263.62 264.88 266.09 267.16 268.03 268.75 269.38 270.09 270.94 271.81 272.69 273.56 274.44 275.44 276.47 277.47 278.44 279.31 280.12
215.53 216.31 217.09 217.91 218.78 219.62 220.53 221.41 222.28 223.16 223.97 224.81 225.62 226.41 227.19 227.97 228.78 229.53 230.34 231.19 231.97 232.88 233.75 234.69 235.66 236.66 237.62 238.59 239.59 240.59 241.56 242.47 243.34 244.19 245.16 246.16 247.00 247.94 248.81 249.78 250.72 251.69 252.66 253.69 254.75 255.88 257.06 258.12 259.31 260.41 261.56 262.72 263.97 265.25 266.53 267.72 268.69 269.53 270.19 270.78 271.53 272.28 273.03 273.75 274.59 275.44 276.41 277.41 278.38 279.28 280.12
215.16 215.94 216.78 217.62 218.50 219.38 220.28 221.19 222.06 222.97 223.88 224.72 225.53 226.38 227.16 227.97 228.75 229.59 230.44 231.25 232.12 233.03 233.94 234.88 235.81 236.69 237.78 238.78 239.78 240.78 241.75 242.72 243.59 244.41 245.38 246.28 247.19 248.16 249.09 250.00 250.94 251.94 252.94 253.97 255.03 256.12 257.25 258.41 259.62 260.69 261.81 263.03 264.25 265.56 266.88 268.09 269.09 270.06 270.84 271.47 272.16 272.84 273.50 274.16 274.81 275.59 276.47 277.38 278.34 279.28 280.19
214.81 215.62 216.47 217.28 218.12 219.03 219.94 220.84 221.84 222.78 223.69 224.56 225.44 226.31 227.12 228.03 228.97 229.88 230.75 231.56 232.34 233.12 234.16 235.12 236.09 237.03 237.94 238.84 239.97 240.97 241.94 242.94 243.84 244.69 245.62 246.47 247.34 248.31 249.25 250.19 251.16 252.12 253.12 254.16 255.22 256.28 257.41 258.56 259.81 260.91 262.16 263.34 264.62 265.94 267.34 268.47 269.41 270.38 271.25 272.03 272.72 273.41 274.03 274.62 275.22 275.88 276.66 277.50 278.41 279.34 280.28
214.56 215.34 216.12 216.94 217.78 218.69 219.78 220.84 221.78 222.69 223.56 224.41 225.25 226.06 226.94 227.91 228.94 229.91 230.81 231.66 232.44 233.25 234.19 235.16 236.16 237.34 238.31 239.25 240.16 241.06 242.09 243.16 244.09 245.00 245.88 246.66 247.53 248.47 249.38 250.28 251.31 252.28 253.31 254.31 255.34 256.41 257.50 258.69 259.88 261.06 262.44 263.66 264.97 266.31 267.72 268.75 269.69 270.59 271.50 272.38 273.19 273.88 274.53 275.09 275.66 276.22 276.91 277.72 278.56 279.47 280.41
214.44 215.09 215.81 216.66 217.75 218.72 219.69 220.66 221.62 222.53 223.38 224.16 224.97 225.81 226.69 227.72 228.88 229.97 230.91 231.75 232.56 233.44 234.38 235.38 236.41 237.41 238.44 239.50 240.53 241.47 242.34 243.19 244.25 245.22 246.09 246.91 247.75 248.62 249.47 250.38 251.38 252.31 253.31 254.41 255.44 256.53 257.62 258.72 259.91 261.16 262.66 263.91 265.22 266.53 268.00 268.94 269.88 270.75 271.62 272.53 273.41 274.22 274.91 275.53 276.03 276.59 277.22 277.97 278.81 279.66 280.56
214.19 214.81 215.66 216.56 217.50 218.47 219.47 220.44 221.44 222.31 223.12 223.94 224.75 225.59 226.47 227.47 228.78 229.97 230.97 231.84 232.72 233.66 234.66 235.66 236.69 237.69 238.72 239.72 240.69 241.69 242.81 243.62 244.47 245.28 246.31 247.16 247.97 248.81 249.62 250.44 251.41 252.38 253.31 254.44 255.50 256.59 257.66 258.78 259.88 261.19 262.75 264.03 265.34 266.62 268.03 268.97 269.91 270.78 271.69 272.59 273.50 274.44 275.19 275.88 276.34 276.91 277.53 278.25 279.06 279.88 280.75
213.91 214.62 215.44 216.31 217.25 218.19 219.19 220.19 221.16 222.06 222.88 223.72 224.56 225.41 226.31 227.19 228.28 229.88 231.00 232.03 233.00 233.97 234.97 236.00 237.00 238.03 239.03 240.00 241.00 241.97 242.97 243.94 244.91 245.75 246.50 247.31 248.22 249.06 249.84 250.62 251.53 252.44 253.38 254.50 255.56 256.69 257.75 258.84 259.88 261.06 262.69 264.03 265.34 266.62 267.91 268.88 269.81 270.75 271.66 272.56 273.50 274.41 275.25 275.81 276.44 277.12 277.81 278.53 279.31 280.12 280.94
213.84 214.47 215.22 216.06 216.97 217.94 218.91 219.91 220.88 221.78 222.62 223.47 224.34 225.22 226.12 226.97 227.53 229.78 231.06 232.28 233.34 234.38 235.38 236.38 237.41 238.38 239.38 240.34 241.31 242.31 243.25 244.22 245.12 246.16 247.00 247.72 248.47 249.41 250.16 250.88 251.72 252.59 253.50 254.56 255.62 256.78 257.88 258.97 259.94 260.97 262.47 263.91 265.25 266.56 267.72 268.72 269.69 270.66 271.59 272.50 273.41 274.31 275.22 276.03 276.69 277.31 278.03 278.81 279.56 280.34 281.09
213.81 214.41 215.03 215.88 216.75 217.69 218.66 219.59 220.59 221.53 222.38 223.25 224.16 225.03 225.97 226.88 228.38 229.88 231.25 232.53 233.75 234.84 235.88 236.84 237.81 238.78 239.75 240.69 241.62 242.59 243.56 244.50 245.44 246.38 247.31 248.22 248.97 249.69 250.47 251.25 252.03 252.81 253.66 254.69 255.75 256.91 258.00 259.09 260.09 261.12 262.31 263.69 265.06 266.41 267.50 268.53 269.56 270.53 271.50 272.44 273.34 274.22 275.16 276.00 276.78 277.47 278.25 279.03 279.78 280.50 281.25
213.88 214.38 214.97 215.81 216.56 217.44 218.41 219.34 220.34 221.28 222.16 223.06 223.97 224.88 225.84 226.81 228.19 230.00 231.44 232.78 234.06 235.22 236.31 237.34 238.38 239.31 240.22 241.09 241.94 242.88 243.84 244.84 245.81 246.78 247.72 248.62 249.50 250.19 250.94 251.66 252.38 253.12 253.94 254.91 255.94 257.06 258.16 259.19 260.22 261.31 262.47 263.62 264.91 266.19 267.31 268.41 269.44 270.44 271.41 272.34 273.25 274.16 275.12 275.97 276.81 277.56 278.38 279.22 279.94 280.62 281.34
213.72 214.31 214.84 215.56 216.41 217.28 218.22 219.19 220.12 221.06 221.97 222.88 223.78 224.72 225.69 226.72 228.16 230.06 231.59 232.97 234.28 235.47 236.62 237.72 238.75 239.72 240.66 241.47 242.28 243.25 244.22 245.25 246.28 247.25 248.22 249.19 250.09 250.91 251.44 252.16 252.91 253.59 254.34 255.22 256.22 257.28 258.31 259.34 260.41 261.47 262.59 263.72 264.91 266.09 267.22 268.28 269.31 270.34 271.31 272.28 273.19 274.09 275.06 275.94 276.84 277.69 278.50 279.31 280.03 280.75 281.44
213.59 214.16 214.81 215.50 216.31 217.19 218.09 219.03 219.94 220.88 221.78 222.69 223.62 224.56 225.59 226.62 228.16 230.06 231.66 233.06 234.38 235.62 236.81 237.97 239.03 240.06 241.00 241.88 242.72 243.72 244.72 245.75 246.78 247.81 248.84 249.81 250.72 251.62 252.25 252.69 253.41 254.12 254.84 255.62 256.56 257.53 258.53 259.53 260.59 261.62 262.72 263.81 264.94 266.03 267.12 268.19 269.22 270.25 271.22 272.19 273.12 274.09 275.03 275.94 276.81 277.72 278.56 279.41 280.09 280.81 281.53
213.50 214.09 214.75 215.47 216.28 217.12 218.00 218.91 219.81 220.72 221.62 222.53 223.47 224.44 225.50 226.66 228.12 230.00 231.62 233.06 234.44 235.72 236.94 238.12 239.25 240.31 241.31 242.25 243.16 244.22 245.31 246.38 247.44 248.47 249.50 250.50 251.44 252.31 252.94 253.50 254.03 254.66 255.34 256.03 256.94 257.88 258.81 259.78 260.81 261.81 262.84 263.91 264.97 266.03 267.06 268.12 269.16 270.16 271.16 272.12 273.06 274.06 275.00 275.94 276.84 277.72 278.56 279.44 280.16 280.91 281.62
213.41 214.03 214.72 215.44 216.22 217.06 217.94 218.81 219.69 220.59 221.53 222.44 223.41 224.44 225.53 226.72 228.16 229.88 231.56 233.03 234.41 235.75 237.00 238.22 239.41 240.53 241.56 242.56 243.66 244.81 246.00 247.09 248.19 249.25 250.28 251.28 252.19 253.09 253.66 254.19 254.72 255.31 255.84 256.53 257.25 258.03 259.16 260.09 261.06 262.03 263.03 264.03 265.03 266.03 267.03 268.06 269.06 270.06 271.03 272.03 273.00 274.00 274.94 275.91 276.84 277.72 278.56 279.25 280.19 280.97 281.75
213.34 213.97 214.69 215.41 216.19 217.03 217.88 218.75 219.59 220.47 221.47 222.41 223.44 224.50 225.66 226.84 228.22 229.78 231.47 232.94 234.34 235.69 237.00 238.28 239.53 240.72 241.81 242.97 244.28 245.59 246.91 248.06 249.12 250.19 251.19 252.12 253.03 253.78 254.34 254.88 255.41 256.00 256.53 257.16 257.75 258.44 259.16 260.44 261.34 262.28 263.22 264.16 265.12 266.06 267.03 268.00 268.97 269.94 270.91 271.91 272.88 273.88 274.88 275.84 276.84 277.78 278.66 279.50 280.16 281.00 281.84
213.28 213.94 214.62 215.38 216.16 217.00 217.81 218.69 219.53 220.38 221.41 222.44 223.53 224.66 225.81 227.03 228.31 229.78 231.38 232.81 234.25 235.62 236.97 238.31 239.62 240.91 242.12 243.47 245.06 246.59 248.03 249.28 250.31 251.22 252.06 252.94 253.72 254.53 255.09 255.59 256.09 256.69 257.22 257.81 258.50 258.97 259.66 260.34 261.47 262.53 263.44 264.34 265.25 266.16 267.06 267.97 268.88 269.81 270.75 271.72 272.72 273.75 274.75 275.78 276.84 277.84 278.75 279.66 280.38 281.09 281.94
213.22 213.88 214.59 215.34 216.16 216.97 217.81 218.66 219.50 220.34 221.34 222.47 223.66 224.84 226.06 227.25 228.47 229.78 231.25 232.66 234.09 235.50 236.88 238.28 239.66 241.09 242.50 244.12 246.03 247.72 249.12 250.28 251.31 252.22 253.03 253.88 254.72 255.44 256.03 256.50 257.00 257.53 258.00 258.53 259.12 259.75 260.25 260.84 261.56 262.31 263.69 264.53 265.38 266.25 267.09 267.94 268.81 269.66 270.56 271.50 272.50 273.56 274.62 275.69 276.78 277.84 278.84 279.72 280.53 281.34 282.06
213.16 213.84 214.56 215.31 216.12 216.94 217.78 218.66 219.53 220.41 221.38 222.59 223.88 225.12 226.34 227.53 228.69 229.88 231.09 232.56 233.94 235.34 236.75 238.19 239.69 241.28 242.97 244.88 247.00 248.53 249.78 250.91 251.91 252.84 253.75 254.69 255.62 256.31 256.88 257.38 257.84 258.31 258.81 259.25 259.78 260.34 261.00 261.66 262.06 262.75 263.47 264.69 265.56 266.38 267.16 267.97 268.75 269.56 270.41 271.28 272.28 273.38 274.47 275.59 276.72 277.78 278.81 279.72 280.56 281.34 282.09
213.09 213.78 214.53 215.28 216.09 216.94 217.78 218.69 219.56 220.50 221.56 222.84 224.22 225.53 226.72 227.84 228.97 230.06 231.12 232.50 233.84 235.19 236.62 238.09 239.69 241.44 243.44 245.62 247.66 249.00 250.19 251.25 252.25 253.22 254.16 255.09 256.19 257.00 257.53 258.03 258.53 259.03 259.53 260.00 260.47 260.97 261.53 262.16 262.84 263.22 263.91 264.59 265.31 266.53 267.28 268.03 268.75 269.50 270.28 271.12 272.16 273.25 274.41 275.53 276.66 277.72 278.72 279.66 280.53 281.34 282.09
213.00 213.72 214.47 215.25 216.06 216.94 217.81 218.69 219.62 220.62 221.75 223.03 224.59 226.03 227.19 228.25 229.28 230.31 231.38 232.62 233.84 235.12 236.50 238.00 239.69 241.69 243.97 246.31 248.03 249.25 250.38 251.41 252.41 253.38 254.31 255.28 256.31 257.34 258.06 258.56 259.09 259.66 260.16 260.66 261.12 261.59 262.12 262.69 263.31 263.97 264.59 265.03 265.72 266.41 267.34 268.12 268.81 269.53 270.25 271.06 272.12 273.22 274.41 275.56 276.69 277.75 278.78 279.75 280.66 281.53 282.34
212.94 213.66 214.41 215.22 216.03 216.94 217.81 218.72 219.72 220.75 221.91 223.19 224.88 226.47 227.62 228.62 229.66 230.66 231.69 232.88 234.00 235.22 236.53 238.00 239.75 241.81 244.34 246.72 248.16 249.31 250.41 251.41 252.41 253.34 254.31 255.28 256.28 257.41 258.28 258.91 259.50 260.09 260.66 261.19 261.69 262.19 262.69 263.25 263.81 264.44 265.06 265.72 266.19 266.84 267.53 268.19 268.97 269.62 270.31 271.12 272.19 273.31 274.53 275.72 276.84 277.91 278.94 279.91 280.84 281.75 282.62
212.84 213.59 214.38 215.19 216.00 216.91 217.78 218.75 219.75 220.81 222.00 223.31 224.94 226.69 227.94 228.97 230.00 231.00 232.03 233.16 234.25 235.41 236.62 238.00 239.62 241.72 244.38 246.62 248.03 249.22 250.28 251.28 252.25 253.22 254.19 255.12 256.09 257.19 258.22 259.00 259.72 260.38 261.00 261.59 262.16 262.72 263.25 263.81 264.38 264.94 265.53 266.16 266.78 267.38 267.97 268.62 269.34 269.94 270.50 271.31 272.38 273.59 274.78 275.94 277.06 278.12 279.16 280.12 281.09 282.00 282.91
212.78 213.53 214.31 215.12 215.97 216.88 217.78 218.72 219.75 220.84 222.06 223.38 224.91 226.62 228.16 229.28 230.34 231.38 232.41 233.44 234.47 235.56 236.69 237.97 239.44 241.41 243.88 246.22 247.75 248.97 250.03 251.03 252.00 252.97 253.91 254.84 255.81 256.84 257.91 258.88 259.75 260.50 261.19 261.88 262.53 263.12 263.75 264.34 264.91 265.50 266.06 266.66 267.22 267.81 268.38 269.03 269.78 270.53 271.25 271.66 272.66 273.91 275.06 276.22 277.31 278.38 279.41 280.41 281.38 282.28 283.22
212.69 213.47 214.25 215.06 215.94 216.81 217.72 218.69 219.72 220.81 222.03 223.38 224.88 226.50 228.19 229.56 230.66 231.69 232.72 233.69 234.66 235.66 236.75 238.06 239.56 241.31 243.28 245.34 247.34 248.56 249.69 250.69 251.66 252.59 253.53 254.47 255.41 256.41 257.44 258.53 259.59 260.47 261.28 262.03 262.75 263.47 264.12 264.78 265.44 266.03 266.62 267.22 267.78 268.31 268.84 269.38 269.94 271.00 271.72 272.44 273.16 274.31 275.44 276.56 277.62 278.69 279.72 280.72 281.66 282.59 283.56
212.59 213.38 214.19 215.00 215.84 216.75 217.69 218.62 219.66 220.72 221.97 223.31 224.78 226.41 228.09 229.66 230.88 231.94 232.91 233.84 234.78 235.72 236.84 238.12 239.53 241.16 242.88 244.66 246.41 248.09 249.19 250.22 251.19 252.12 253.09 254.03 254.97 256.00 257.03 258.12 259.22 260.28 261.19 262.06 262.88 263.66 264.41 265.16 265.84 266.53 267.16 267.78 268.34 268.91 269.41 269.94 270.47 271.09 272.00 272.91 273.62 274.38 275.75 276.94 278.00 279.03 280.06 281.03 282.00 282.94 283.91
212.47 213.28 214.06 214.91 215.75 216.66 217.59 218.56 219.56 220.59 221.81 223.19 224.59 226.25 227.94 229.62 230.94 232.03 233.03 233.94 234.81 235.81 236.88 238.09 239.47 240.91 242.47 244.06 245.66 247.16 248.56 249.62 250.62 251.59 252.53 253.53 254.53 255.59 256.66 257.72 258.81 259.88 260.97 261.94 262.84 263.72 264.56 265.38 266.19 266.91 267.62 268.31 268.91 269.50 270.03 270.53 271.09 271.72 272.41 273.19 274.09 274.84 275.62 276.69 278.41 279.44 280.44 281.41 282.34 283.28 284.28
212.31 213.16 213.97 214.78 215.66 216.53 217.47 218.44 219.44 220.47 221.62 222.94 224.38 226.00 227.75 229.47 230.91 232.03 233.06 233.97 234.84 235.88 236.91 238.06 239.31 240.66 242.06 243.50 244.94 246.34 247.78 248.88 249.91 250.94 251.97 253.00 254.06 255.16 256.25 257.34 258.44 259.53 260.59 261.66 262.69 263.62 264.56 265.47 266.34 267.19 267.97 268.72 269.41 270.03 270.59 271.12 271.69 272.31 273.00 273.75 274.62 275.59 276.25 277.09 277.94 279.84 280.81 281.78 282.72 283.62 284.62
212.12 213.00 213.81 214.66 215.50 216.41 217.34 218.28 219.28 220.31 221.41 222.69 224.06 225.66 227.47 229.25 230.81 232.00 233.06 234.00 234.88 235.88 236.88 238.00 239.16 240.41 241.69 242.97 244.28 245.53 246.91 248.03 249.16 250.28 251.38 252.50 253.59 254.72 255.84 256.94 258.06 259.12 260.22 261.28 262.34 263.41 264.44 265.41 266.38 267.28 268.16 268.97 269.72 270.41 271.06 271.62 272.22 272.84 273.50 274.25 275.12 276.19 277.25 277.72 278.56 279.44 281.06 282.16 283.09 284.00 284.94
