everonasctiles/Tile[16,32].asc
ncols 128
nrows 128
xllcorner 0
yllcorner 0
cellsize 2.0
NODATA_value  -9999
[rows 34 to 67 of 128, columns 0 to 76 of 128]
50.06 50.41 50.75 51.09 51.44 51.78 52.12 52.50 52.91 53.31 53.75 54.25 54.81 55.41 56.12 56.84 57.56 58.19 58.78 59.22 59.59 59.84 60.06 60.28 60.50 60.81 61.06 61.44 61.75 62.09 62.34 62.56 62.72 62.78 62.81 62.81 62.75 62.84 63.00 63.16 63.34 63.59 63.69 63.69 63.72 63.78 65.69 66.19 66.81 67.28 67.62 67.91 68.09 68.22 68.28 68.34 68.38 68.47 68.56 68.66 68.72 68.75 68.78 68.78 68.72 68.78 68.84 68.94 69.09 69.25 69.41 69.66 69.94 70.22 70.53 70.88 71.22
50.09 50.44 50.78 51.12 51.44 51.78 52.12 52.50 52.88 53.28 53.72 54.22 54.75 55.38 56.03 56.81 57.47 58.16 58.75 59.22 59.53 59.78 59.97 60.16 60.38 60.69 61.00 61.34 61.69 61.97 62.22 62.41 62.53 62.59 62.59 62.59 62.66 62.75 62.88 63.06 63.25 63.53 63.56 63.59 63.59 63.94 65.56 66.12 66.62 67.06 67.41 67.69 67.88 68.00 68.09 68.16 68.22 68.28 68.38 68.47 68.53 68.59 68.59 68.62 68.59 68.66 68.72 68.81 69.00 69.12 69.34 69.59 69.88 70.22 70.53 70.84 71.22
50.16 50.50 50.81 51.12 51.47 51.78 52.12 52.47 52.84 53.25 53.69 54.19 54.72 55.31 55.94 56.66 57.34 58.06 58.62 59.06 59.41 59.66 59.81 60.03 60.25 60.50 60.81 61.19 61.53 61.81 62.03 62.22 62.28 62.38 62.41 62.44 62.56 62.66 62.81 63.00 63.16 63.41 63.44 63.47 63.50 64.22 65.34 65.88 66.38 66.78 67.12 67.44 67.62 67.75 67.84 67.91 68.00 68.03 68.16 68.25 68.31 68.38 68.38 68.41 68.47 68.53 68.62 68.75 68.91 69.06 69.31 69.56 69.88 70.19 70.50 70.81 71.19
50.22 50.53 50.88 51.19 51.50 51.81 52.12 52.47 52.84 53.22 53.66 54.12 54.66 55.22 55.88 56.53 57.22 57.88 58.41 58.84 59.19 59.41 59.59 59.81 60.03 60.31 60.69 60.94 61.34 61.59 61.81 61.97 62.06 62.12 62.22 62.31 62.44 62.56 62.72 62.91 63.12 63.28 63.31 63.34 63.38 64.47 65.19 65.62 66.06 66.47 66.81 67.09 67.31 67.41 67.56 67.62 67.72 67.78 67.88 67.97 68.00 68.16 68.22 68.28 68.34 68.47 68.53 68.69 68.81 69.03 69.25 69.53 69.78 70.12 70.44 70.78 71.09
50.28 50.62 50.94 51.25 51.53 51.84 52.16 52.50 52.84 53.22 53.62 54.09 54.59 55.12 55.75 56.38 57.00 57.62 58.16 58.56 58.94 59.19 59.34 59.56 59.88 60.19 60.50 60.81 61.09 61.28 61.56 61.62 61.84 61.94 62.06 62.19 62.31 62.47 62.66 62.84 63.03 63.16 63.19 63.22 63.25 64.53 64.94 65.34 65.75 66.12 66.34 66.72 66.84 67.09 67.22 67.28 67.34 67.50 67.56 67.69 67.81 67.94 68.06 68.12 68.25 68.34 68.47 68.59 68.78 68.97 69.22 69.50 69.75 70.06 70.38 70.69 71.03
50.38 50.69 51.00 51.31 51.59 51.91 52.19 52.50 52.81 53.19 53.59 54.03 54.50 55.03 55.56 56.16 56.72 57.31 57.81 58.19 58.62 58.88 59.06 59.38 59.69 60.00 60.28 60.56 60.78 61.03 61.28 61.47 61.62 61.78 61.91 62.09 62.25 62.41 62.56 62.75 62.97 63.03 63.06 63.09 63.19 64.31 64.69 65.06 65.38 65.78 66.09 66.34 66.56 66.75 66.91 66.94 67.09 67.22 67.34 67.50 67.62 67.78 67.88 68.00 68.12 68.25 68.38 68.53 68.72 68.91 69.19 69.44 69.72 70.00 70.31 70.66 71.00
50.47 50.81 51.12 51.41 51.69 51.97 52.25 52.53 52.81 53.16 53.53 53.97 54.44 54.91 55.44 55.94 56.44 56.94 57.44 57.91 58.31 58.56 58.84 59.22 59.53 59.84 60.12 60.38 60.66 60.88 61.03 61.28 61.47 61.66 61.84 62.00 62.16 62.31 62.50 62.66 62.88 62.91 62.94 62.97 63.28 64.16 64.53 64.84 65.19 65.50 65.75 66.00 66.19 66.41 66.59 66.75 66.88 67.00 67.16 67.31 67.44 67.56 67.72 67.88 68.00 68.12 68.28 68.47 68.69 68.91 69.12 69.34 69.62 69.91 70.19 70.50 70.94
50.59 50.91 51.22 51.50 51.78 52.03 52.28 52.53 52.81 53.12 53.50 53.91 54.34 54.78 55.25 55.75 56.28 56.81 57.25 57.66 58.06 58.38 58.75 59.06 59.38 59.69 59.97 60.25 60.47 60.72 60.94 61.16 61.38 61.56 61.75 61.94 62.09 62.28 62.41 62.59 62.75 62.78 62.81 62.84 63.44 64.00 64.31 64.66 64.97 65.22 65.50 65.72 65.97 66.16 66.34 66.53 66.66 66.84 66.97 67.12 67.28 67.44 67.56 67.72 67.84 68.03 68.19 68.38 68.59 68.84 69.06 69.31 69.56 69.84 70.16 70.47 70.84
50.72 51.06 51.34 51.62 51.88 52.12 52.34 52.56 52.81 53.12 53.44 53.81 54.25 54.69 55.16 55.66 56.12 56.66 57.09 57.53 57.94 58.28 58.62 58.94 59.25 59.56 59.84 60.09 60.34 60.59 60.81 61.06 61.28 61.53 61.75 61.94 62.09 62.25 62.38 62.53 62.66 62.66 62.69 62.72 63.47 63.84 64.12 64.41 64.75 65.00 65.31 65.53 65.75 65.94 66.12 66.34 66.50 66.66 66.81 66.97 67.12 67.28 67.41 67.59 67.75 67.91 68.12 68.31 68.53 68.78 69.00 69.25 69.50 69.81 70.09 70.44 70.78
50.84 51.19 51.50 51.75 52.00 52.22 52.41 52.62 52.84 53.09 53.41 53.78 54.19 54.59 55.06 55.56 56.03 56.50 56.94 57.41 57.81 58.19 58.50 58.81 59.16 59.41 59.72 59.97 60.25 60.50 60.75 61.03 61.34 61.56 61.78 61.97 62.09 62.25 62.38 62.50 62.53 62.53 62.56 62.59 63.41 63.66 63.94 64.22 64.53 64.81 65.06 65.31 65.50 65.75 65.94 66.16 66.31 66.50 66.66 66.81 66.97 67.12 67.25 67.41 67.62 67.81 68.03 68.22 68.47 68.72 68.94 69.16 69.47 69.72 70.03 70.38 70.72
50.97 51.31 51.62 51.88 52.12 52.31 52.47 52.66 52.84 53.09 53.41 53.75 54.12 54.56 55.03 55.53 56.00 56.47 56.94 57.38 57.78 58.16 58.47 58.78 59.06 59.38 59.66 59.94 60.22 60.50 60.81 61.12 61.41 61.66 61.88 62.00 62.16 62.28 62.41 62.47 62.41 62.41 62.44 62.59 63.25 63.50 63.75 64.03 64.31 64.56 64.88 65.09 65.31 65.56 65.75 65.97 66.16 66.34 66.50 66.66 66.81 66.97 67.12 67.31 67.50 67.72 67.94 68.19 68.41 68.62 68.88 69.12 69.41 69.66 70.00 70.34 70.75
51.09 51.44 51.75 52.00 52.22 52.41 52.56 52.72 52.91 53.12 53.41 53.72 54.12 54.56 55.03 55.50 56.00 56.47 56.94 57.31 57.75 58.09 58.44 58.75 59.06 59.34 59.66 59.94 60.25 60.56 60.84 61.16 61.50 61.75 61.97 62.16 62.28 62.34 62.44 62.34 62.28 62.31 62.31 62.66 63.12 63.31 63.53 63.81 64.12 64.38 64.66 64.91 65.16 65.34 65.56 65.75 65.94 66.16 66.34 66.47 66.66 66.78 66.97 67.19 67.41 67.66 67.84 68.09 68.34 68.59 68.81 69.06 69.34 69.62 69.94 70.34 70.75
51.22 51.56 51.84 52.12 52.31 52.50 52.62 52.78 52.94 53.16 53.44 53.75 54.16 54.59 55.03 55.53 56.00 56.47 56.94 57.34 57.75 58.09 58.41 58.75 59.06 59.38 59.62 59.97 60.28 60.62 60.97 61.31 61.66 61.88 62.12 62.34 62.41 62.47 62.53 62.19 62.16 62.19 62.19 62.81 63.09 63.19 63.41 63.62 63.88 64.19 64.47 64.72 64.94 65.16 65.38 65.59 65.78 65.97 66.12 66.31 66.47 66.66 66.84 67.06 67.31 67.56 67.84 68.09 68.31 68.53 68.75 69.00 69.25 69.53 69.97 70.34 70.72
51.31 51.66 51.94 52.19 52.41 52.56 52.69 52.81 53.00 53.22 53.47 53.81 54.19 54.62 55.09 55.59 56.06 56.56 56.97 57.38 57.78 58.09 58.44 58.75 59.06 59.38 59.72 60.03 60.38 60.75 61.09 61.47 61.81 62.12 62.31 62.47 62.59 62.66 62.66 62.00 62.03 62.06 62.09 62.91 63.00 63.16 63.31 63.50 63.75 64.00 64.22 64.44 64.75 64.97 65.19 65.41 65.62 65.78 65.94 66.16 66.31 66.50 66.75 66.97 67.28 67.50 67.84 68.06 68.28 68.50 68.72 68.91 69.16 69.47 69.91 70.22 70.69
51.38 51.72 52.00 52.25 52.47 52.59 52.75 52.88 53.06 53.25 53.53 53.84 54.25 54.69 55.16 55.66 56.16 56.62 57.03 57.44 57.81 58.16 58.47 58.78 59.09 59.47 59.78 60.12 60.50 60.84 61.22 61.59 61.91 62.19 62.41 62.53 62.66 62.75 62.75 61.91 61.94 61.94 62.00 62.75 62.84 63.03 63.25 63.44 63.62 63.84 64.06 64.31 64.53 64.75 65.00 65.22 65.41 65.59 65.78 65.97 66.19 66.38 66.66 66.94 67.22 67.56 67.81 68.06 68.25 68.44 68.62 68.84 69.09 69.34 69.78 70.19 70.59
51.41 51.75 52.03 52.28 52.47 52.62 52.78 52.94 53.09 53.31 53.59 53.91 54.31 54.75 55.25 55.75 56.28 56.78 57.22 57.59 57.94 58.25 58.53 58.84 59.16 59.47 59.84 60.19 60.56 60.94 61.31 61.62 61.94 62.19 62.38 62.53 62.66 62.78 62.53 61.81 61.84 61.84 62.03 62.53 62.69 62.91 63.12 63.38 63.53 63.72 63.91 64.09 64.31 64.53 64.75 65.00 65.22 65.41 65.62 65.84 66.03 66.34 66.59 66.94 67.22 67.50 67.78 68.00 68.19 68.34 68.47 68.72 68.91 69.28 69.66 70.03 70.44
51.41 51.75 52.03 52.28 52.47 52.62 52.78 52.94 53.12 53.38 53.66 54.00 54.38 54.81 55.31 55.84 56.41 56.94 57.44 57.84 58.12 58.34 58.59 58.94 59.22 59.56 59.94 60.25 60.62 61.00 61.34 61.66 61.91 62.12 62.28 62.41 62.53 62.69 62.16 61.72 61.75 61.78 62.03 62.31 62.56 62.81 63.06 63.28 63.47 63.59 63.75 63.88 64.06 64.31 64.53 64.78 65.00 65.25 65.50 65.69 65.94 66.22 66.53 66.84 67.16 67.41 67.66 67.88 68.03 68.19 68.31 68.53 68.72 69.09 69.44 69.81 70.22
51.38 51.69 51.97 52.22 52.41 52.59 52.78 52.97 53.16 53.41 53.69 54.03 54.44 54.91 55.41 55.97 56.56 57.22 57.72 58.09 58.34 58.56 58.75 59.00 59.28 59.59 59.97 60.38 60.72 61.06 61.38 61.62 61.84 62.00 62.12 62.22 62.34 62.50 61.78 61.66 61.66 61.69 61.97 62.09 62.31 62.72 63.00 63.22 63.41 63.50 63.62 63.72 63.88 64.09 64.31 64.56 64.78 65.03 65.31 65.56 65.84 66.12 66.38 66.69 66.97 67.22 67.47 67.69 67.84 68.00 68.12 68.31 68.56 68.88 69.19 69.56 69.97
51.31 51.62 51.91 52.16 52.34 52.53 52.75 52.94 53.16 53.44 53.75 54.09 54.50 54.97 55.50 56.12 56.84 57.44 57.94 58.31 58.59 58.78 58.94 59.12 59.41 59.66 60.06 60.38 60.81 61.12 61.41 61.59 61.75 61.88 61.94 62.00 62.06 62.25 61.53 61.56 61.56 61.59 62.03 62.06 62.22 62.62 62.94 63.12 63.31 63.41 63.47 63.56 63.69 63.88 64.06 64.31 64.53 64.81 65.12 65.34 65.62 65.94 66.19 66.44 66.69 66.97 67.22 67.38 67.56 67.69 67.84 68.12 68.38 68.69 69.03 69.38 69.72
51.25 51.53 51.81 52.03 52.25 52.47 52.69 52.91 53.16 53.44 53.75 54.12 54.53 55.03 55.59 56.25 56.94 57.59 58.12 58.50 58.78 58.94 59.09 59.28 59.50 59.84 60.09 60.53 60.91 61.19 61.41 61.56 61.66 61.72 61.75 61.75 61.78 61.88 61.44 61.47 61.47 61.50 61.69 61.88 62.09 62.50 62.81 63.06 63.22 63.31 63.34 63.41 63.50 63.66 63.81 64.09 64.34 64.59 64.88 65.16 65.38 65.62 65.88 66.03 66.34 66.62 66.88 67.03 67.22 67.41 67.66 67.94 68.19 68.50 68.81 69.12 69.53
51.16 51.44 51.69 51.94 52.16 52.41 52.62 52.88 53.16 53.44 53.78 54.16 54.59 55.09 55.69 56.41 57.09 57.72 58.22 58.62 58.88 59.03 59.19 59.38 59.66 59.97 60.25 60.69 61.03 61.28 61.44 61.53 61.59 61.59 61.59 61.56 61.53 61.53 61.34 61.38 61.41 61.44 61.47 61.56 62.00 62.53 62.75 62.94 63.16 63.19 63.22 63.25 63.34 63.44 63.59 63.88 64.09 64.34 64.62 64.88 65.09 65.25 65.47 65.72 65.94 66.16 66.47 66.69 66.94 67.19 67.44 67.72 68.00 68.25 68.62 68.97 69.31
51.03 51.31 51.59 51.81 52.06 52.31 52.56 52.84 53.12 53.44 53.78 54.16 54.62 55.12 55.78 56.44 57.12 57.75 58.25 58.62 58.88 59.06 59.22 59.41 59.66 59.97 60.41 60.81 61.16 61.34 61.44 61.47 61.50 61.50 61.47 61.44 61.38 61.34 61.28 61.28 61.31 61.38 61.56 61.59 61.91 62.56 62.75 62.88 63.09 63.09 63.09 63.12 63.16 63.28 63.41 63.62 63.88 64.06 64.38 64.59 64.78 65.00 65.16 65.38 65.62 65.88 66.09 66.38 66.66 66.94 67.19 67.50 67.78 68.09 68.44 68.78 69.09
50.94 51.22 51.47 51.72 51.97 52.22 52.50 52.78 53.09 53.41 53.78 54.19 54.62 55.16 55.78 56.47 57.06 57.72 58.19 58.56 58.81 59.00 59.22 59.41 59.69 60.03 60.47 60.84 61.25 61.34 61.41 61.41 61.44 61.44 61.41 61.34 61.31 61.22 61.19 61.19 61.22 61.34 61.72 61.78 62.00 62.56 62.75 62.88 63.00 62.97 62.97 62.97 63.00 63.09 63.22 63.38 63.66 63.88 64.12 64.34 64.50 64.69 64.91 65.06 65.31 65.56 65.75 66.09 66.38 66.66 66.94 67.28 67.56 67.91 68.22 68.56 68.91
50.84 51.12 51.38 51.62 51.88 52.16 52.44 52.72 53.06 53.41 53.78 54.19 54.66 55.19 55.81 56.44 57.06 57.59 58.06 58.41 58.69 58.94 59.16 59.38 59.72 60.12 60.53 60.94 61.25 61.31 61.34 61.34 61.34 61.34 61.34 61.31 61.28 61.06 61.09 61.09 61.12 61.34 61.72 61.91 62.25 62.66 62.81 62.91 62.88 62.84 62.84 62.81 62.84 62.94 63.00 63.19 63.44 63.62 63.88 64.06 64.25 64.44 64.62 64.81 65.03 65.28 65.56 65.84 66.12 66.44 66.75 67.06 67.38 67.72 68.06 68.38 68.75
50.75 51.03 51.28 51.53 51.81 52.09 52.38 52.69 53.00 53.38 53.75 54.19 54.66 55.12 55.72 56.34 56.91 57.47 57.91 58.22 58.53 58.78 59.06 59.38 59.72 60.12 60.50 60.91 61.12 61.19 61.22 61.25 61.25 61.25 61.28 61.28 61.28 60.97 61.00 61.03 61.03 61.50 61.94 62.22 62.56 62.81 62.91 62.84 62.78 62.72 62.72 62.69 62.69 62.75 62.84 62.97 63.19 63.41 63.62 63.81 64.03 64.22 64.38 64.56 64.78 65.03 65.28 65.56 65.91 66.22 66.56 66.91 67.19 67.53 67.88 68.22 68.56
50.66 50.94 51.22 51.47 51.75 52.03 52.31 52.62 52.97 53.34 53.72 54.16 54.59 55.09 55.66 56.25 56.78 57.28 57.72 58.00 58.41 58.75 59.03 59.38 59.72 60.06 60.44 60.81 61.00 61.06 61.09 61.09 61.12 61.16 61.19 61.25 61.25 60.91 60.91 60.94 61.00 61.66 62.41 62.53 62.69 62.81 62.84 62.78 62.69 62.62 62.59 62.56 62.53 62.62 62.69 62.81 63.00 63.19 63.41 63.62 63.84 64.00 64.19 64.38 64.59 64.84 65.09 65.41 65.72 66.03 66.38 66.72 67.06 67.38 67.75 68.09 68.47
50.59 50.88 51.16 51.41 51.69 51.97 52.25 52.56 52.91 53.28 53.69 54.12 54.56 55.06 55.56 56.09 56.56 57.06 57.50 57.91 58.31 58.69 59.06 59.31 59.69 60.03 60.34 60.66 60.81 60.88 60.94 60.97 60.97 61.00 61.06 61.16 61.06 60.81 60.81 60.84 61.00 61.94 62.38 62.50 62.62 62.75 62.72 62.66 62.56 62.53 62.47 62.44 62.44 62.47 62.53 62.69 62.84 63.03 63.25 63.47 63.66 63.84 64.03 64.25 64.44 64.72 65.00 65.31 65.62 65.94 66.25 66.62 66.97 67.31 67.66 68.03 68.34
50.56 50.81 51.09 51.34 51.62 51.91 52.19 52.53 52.88 53.25 53.62 54.06 54.50 54.97 55.44 55.94 56.34 56.75 57.22 57.81 58.25 58.66 59.00 59.34 59.62 59.94 60.22 60.50 60.62 60.72 60.75 60.81 60.81 60.84 60.88 60.97 60.72 60.72 60.72 60.75 61.09 62.09 62.34 62.44 62.56 62.66 62.59 62.53 62.47 62.41 62.38 62.34 62.34 62.38 62.44 62.56 62.69 62.88 63.09 63.28 63.50 63.72 63.91 64.12 64.34 64.59 64.91 65.19 65.50 65.88 66.16 66.53 66.88 67.22 67.56 67.94 68.31
50.53 50.78 51.06 51.31 51.59 51.84 52.16 52.47 52.81 53.16 53.56 54.00 54.44 54.88 55.31 55.75 56.19 56.66 57.19 57.72 58.19 58.59 58.97 59.28 59.53 59.78 60.03 60.28 60.41 60.53 60.59 60.62 60.66 60.69 60.69 60.72 60.62 60.66 60.66 60.66 61.19 62.19 62.25 62.31 62.38 62.47 62.41 62.38 62.34 62.28 62.25 62.25 62.25 62.28 62.38 62.47 62.66 62.81 63.00 63.25 63.47 63.69 63.88 64.09 64.34 64.59 64.88 65.12 65.47 65.81 66.12 66.47 66.78 67.16 67.53 67.88 68.22
50.50 50.78 51.03 51.28 51.56 51.81 52.09 52.41 52.75 53.09 53.50 53.91 54.34 54.75 55.19 55.59 56.00 56.56 57.03 57.56 58.09 58.50 58.91 59.16 59.38 59.59 59.81 60.03 60.19 60.34 60.44 60.50 60.53 60.50 60.47 60.47 60.59 60.59 60.59 60.62 61.25 62.09 62.16 62.16 62.28 62.25 62.22 62.19 62.19 62.16 62.16 62.19 62.22 62.25 62.31 62.44 62.59 62.81 63.00 63.22 63.41 63.66 63.88 64.09 64.31 64.59 64.91 65.19 65.47 65.78 66.09 66.41 66.78 67.09 67.47 67.84 68.22
50.50 50.75 51.03 51.28 51.53 51.78 52.06 52.38 52.69 53.03 53.41 53.81 54.22 54.62 55.03 55.44 55.84 56.44 56.84 57.44 57.94 58.38 58.72 58.94 59.16 59.34 59.53 59.78 59.97 60.16 60.28 60.38 60.41 60.41 60.31 60.22 60.53 60.56 60.56 60.56 61.44 62.03 62.06 62.03 62.09 62.09 62.00 62.03 62.03 62.03 62.06 62.09 62.16 62.25 62.34 62.44 62.59 62.78 62.97 63.22 63.44 63.66 63.88 64.12 64.38 64.62 64.91 65.19 65.47 65.75 66.06 66.38 66.72 67.03 67.41 67.78 68.16
50.50 50.75 51.03 51.25 51.50 51.75 52.03 52.31 52.62 52.97 53.34 53.72 54.09 54.50 54.88 55.31 55.75 56.28 56.75 57.22 57.75 58.12 58.44 58.66 58.84 58.97 59.22 59.50 59.75 59.97 60.16 60.28 60.34 60.34 60.31 60.38 60.50 60.50 60.50 60.59 61.56 62.09 62.22 62.19 62.06 61.88 61.88 61.88 61.88 61.91 61.97 62.03 62.12 62.22 62.38 62.50 62.66 62.84 63.06 63.28 63.50 63.72 63.97 64.19 64.44 64.69 64.97 65.22 65.50 65.75 66.03 66.34 66.62 66.97 67.38 67.72 68.12
50.50 50.75 51.00 51.25 51.50 51.75 52.00 52.28 52.56 52.91 53.25 53.62 54.00 54.38 54.75 55.19 55.62 56.12 56.59 57.03 57.47 57.81 58.09 58.34 58.50 58.75 58.94 59.22 59.53 59.81 60.06 60.25 60.34 60.38 60.34 60.41 60.44 60.47 60.47 60.62 61.62 62.03 62.19 62.19 61.97 61.75 61.69 61.72 61.75 61.81 61.91 62.00 62.09 62.25 62.38 62.53 62.72 62.94 63.16 63.38 63.59 63.78 64.03 64.28 64.50 64.78 65.03 65.28 65.56 65.81 66.06 66.34 66.66 67.00 67.31 67.75 68.12
50.50 50.75 51.00 51.25 51.47 51.72 51.97 52.22 52.53 52.84 53.19 53.53 53.91 54.28 54.66 55.06 55.50 55.91 56.41 56.81 57.19 57.50 57.75 58.03 58.25 58.44 58.72 59.00 59.28 59.62 59.94 60.22 60.38 60.41 60.38 60.41 60.41 60.41 60.41 60.66 61.50 61.78 61.97 61.94 61.78 61.66 61.59 61.62 61.69 61.75 61.84 61.97 62.09 62.25 62.41 62.59 62.81 63.00 63.22 63.44 63.66 63.88 64.09 64.34 64.59 64.84 65.06 65.34 65.62 65.84 66.09 66.38 66.69 67.00 67.38 67.69 68.12
