everonasctiles/Tile[35,2].asc
ncols 128
nrows 128
xllcorner 0
yllcorner 0
cellsize 2.0
NODATA_value  -9999
[rows 34 to 67 of 128, columns 0 to 76 of 128]
69.19 69.53 69.78 69.97 70.28 70.59 70.91 71.19 71.50 71.84 72.25 72.59 72.97 73.31 73.66 74.06 74.56 75.03 75.50 75.97 76.47 77.03 77.66 78.47 79.12 79.84 80.50 81.16 81.78 82.38 82.84 83.06 83.00 82.62 81.97 81.06 80.22 79.78 79.06 78.81 78.81 78.69 78.62 78.56 78.62 78.59 78.50 78.41 78.22 78.09 78.03 77.81 77.56 76.75 75.91 74.84 74.31 74.06 73.78 73.47 73.12 72.84 72.44 72.22 71.94 71.59 71.28 71.06 70.84 70.66 70.44 70.28 69.81 69.25 69.12 68.59 68.03
68.47 68.84 69.19 69.47 69.75 70.09 70.44 70.72 71.03 71.38 71.75 72.09 72.44 72.75 73.16 73.56 74.09 74.66 75.09 75.59 76.09 76.59 77.47 78.19 78.94 79.59 80.25 80.84 81.41 81.88 82.25 82.38 82.28 81.84 81.22 80.22 79.25 79.22 78.69 78.31 78.19 78.03 78.09 78.03 78.06 78.00 77.94 77.81 77.47 77.44 77.38 77.09 76.59 75.84 74.78 74.00 73.66 73.28 73.03 72.72 72.41 72.16 71.78 71.34 71.12 70.78 70.47 70.22 70.00 69.69 69.41 69.12 68.66 68.22 67.97 67.56 66.84
68.06 68.38 68.72 69.00 69.28 69.62 69.94 70.19 70.50 70.84 71.22 71.56 71.88 72.25 72.66 73.09 73.66 74.22 74.69 75.12 75.62 76.25 77.12 78.03 78.72 79.34 79.94 80.47 80.94 81.31 81.53 81.59 81.41 80.94 80.31 79.12 78.50 78.69 78.22 77.81 77.59 77.47 77.41 77.34 77.47 77.38 77.34 77.22 76.91 76.91 76.78 76.44 76.12 75.12 74.03 73.41 73.06 72.69 72.34 72.03 71.72 71.41 71.09 70.62 70.34 70.03 69.66 69.34 69.06 68.78 68.41 68.03 67.53 67.16 66.88 66.31 65.62
67.66 67.94 68.22 68.50 68.78 69.03 69.34 69.62 69.94 70.28 70.62 70.97 71.38 71.75 72.12 72.59 73.19 73.78 74.19 74.69 75.16 75.84 76.91 77.81 78.44 79.03 79.56 80.03 80.41 80.66 80.78 80.72 80.47 80.00 79.38 78.50 77.94 77.81 77.72 77.34 77.09 76.94 76.84 76.69 76.81 76.66 76.53 76.38 76.19 76.28 76.19 75.81 75.28 74.00 73.12 72.75 72.44 72.06 71.66 71.31 71.00 70.66 70.31 69.91 69.56 69.19 68.88 68.47 68.16 67.88 67.53 67.12 66.75 66.06 65.56 65.00 64.22
67.19 67.44 67.69 67.97 68.16 68.41 68.72 69.03 69.34 69.78 70.06 70.44 70.81 71.19 71.59 72.09 72.69 73.28 73.75 74.25 74.75 75.69 76.81 77.53 78.16 78.69 79.12 79.53 79.81 80.00 80.00 79.84 79.44 78.97 78.44 77.84 77.47 77.03 77.19 76.88 76.56 76.41 76.38 76.25 76.19 76.06 75.78 75.56 75.50 75.66 75.56 75.22 74.59 73.88 72.78 72.28 71.88 71.50 71.09 70.72 70.28 69.94 69.56 69.25 68.88 68.44 68.06 67.69 67.31 67.03 66.66 66.25 65.75 65.09 64.44 63.81 63.03
66.66 66.91 67.16 67.38 67.56 67.81 68.12 68.44 68.81 69.22 69.53 69.91 70.28 70.69 71.09 71.62 72.22 72.78 73.31 73.75 74.50 75.41 76.47 77.22 77.81 78.28 78.69 79.00 79.25 79.31 79.22 78.94 78.56 78.19 77.78 77.19 76.94 76.66 76.59 76.31 76.00 75.88 75.75 75.66 75.50 75.22 74.81 74.75 74.88 74.97 74.91 74.56 73.97 73.25 72.56 71.81 71.38 70.94 70.56 70.16 69.66 69.22 68.78 68.47 68.16 67.72 67.31 66.94 66.56 66.22 65.84 65.41 64.81 64.16 63.34 62.75 61.84
66.12 66.34 66.56 66.81 66.97 67.25 67.59 67.94 68.31 68.66 68.97 69.34 69.75 70.16 70.56 71.09 71.69 72.25 72.72 73.44 74.34 75.31 76.19 76.88 77.44 77.88 78.25 78.53 78.69 78.69 78.53 78.25 77.91 77.53 77.19 76.69 76.47 76.22 75.97 75.62 75.31 75.19 75.22 75.06 74.78 74.34 74.06 73.94 74.19 74.22 74.16 73.84 73.31 72.66 71.94 71.34 70.84 70.41 70.00 69.56 69.09 68.59 68.09 67.75 67.41 67.00 66.50 66.12 65.81 65.44 65.03 64.56 63.94 63.38 62.47 61.72 60.75
65.53 65.78 66.00 66.22 66.41 66.69 67.06 67.41 67.75 68.09 68.44 68.81 69.25 69.62 70.06 70.56 71.16 71.75 72.44 73.41 74.22 75.06 75.84 76.50 77.03 77.47 77.81 78.06 78.19 78.12 78.00 77.62 77.31 76.66 76.31 76.00 75.94 75.78 75.25 74.72 74.53 74.47 74.56 74.28 74.09 73.75 73.41 73.22 73.38 73.38 73.31 73.03 72.59 72.00 71.38 70.78 70.31 69.88 69.41 68.97 68.47 68.00 67.50 67.06 66.72 66.31 65.84 65.31 65.03 64.69 64.25 63.75 63.19 62.44 61.44 60.53 59.75
64.94 65.16 65.38 65.59 65.84 66.19 66.56 66.84 67.19 67.50 67.88 68.31 68.66 69.03 69.53 70.06 70.72 71.41 72.25 73.09 73.91 74.66 75.31 76.00 76.62 77.09 77.38 77.62 77.66 77.56 77.38 77.00 76.56 75.97 75.66 75.38 75.22 74.94 74.12 73.84 73.81 73.75 73.72 73.47 73.25 72.97 72.69 72.47 72.41 72.44 72.38 72.16 71.78 71.31 70.75 70.19 69.75 69.28 68.81 68.31 67.81 67.31 66.88 66.47 66.03 65.59 65.12 64.59 64.31 63.94 63.50 63.00 62.44 61.81 60.94 60.09 59.31
64.31 64.50 64.75 65.00 65.31 65.66 65.97 66.25 66.59 66.94 67.34 67.72 68.09 68.47 69.03 69.56 70.19 71.03 71.94 72.75 73.44 74.03 74.56 75.16 75.97 76.59 76.88 77.12 77.09 76.94 76.50 76.00 75.66 75.00 74.69 74.56 74.25 73.78 73.06 73.00 72.88 72.88 72.78 72.62 72.44 72.28 72.00 71.81 71.66 71.59 71.44 71.25 70.88 70.53 70.09 69.56 69.09 68.59 68.12 67.66 67.19 66.72 66.31 65.91 65.44 64.94 64.44 63.97 63.56 63.16 62.75 62.28 61.75 61.12 60.44 59.75 58.94
63.66 63.91 64.16 64.44 64.78 65.03 65.34 65.66 65.97 66.38 66.75 67.09 67.47 67.91 68.47 68.94 69.72 70.62 71.53 72.25 72.81 73.22 73.59 74.28 75.12 75.81 76.28 76.56 76.50 76.25 75.62 74.97 74.22 73.59 73.56 73.62 73.22 72.72 72.12 72.06 71.78 71.66 71.72 71.75 71.66 71.53 71.31 71.16 70.97 70.75 70.56 70.41 69.97 69.66 69.34 68.97 68.34 67.81 67.41 66.97 66.50 66.12 65.69 65.28 64.88 64.38 63.81 63.38 62.91 62.41 62.00 61.56 61.06 60.47 59.88 59.19 58.44
63.06 63.28 63.56 63.84 64.16 64.41 64.72 65.03 65.34 65.75 66.12 66.47 66.88 67.31 67.84 68.31 69.19 70.19 71.00 71.66 72.09 72.44 72.72 73.28 74.19 75.06 75.62 75.94 75.84 75.47 74.50 73.59 72.88 72.50 72.38 72.44 72.12 71.81 71.19 71.06 71.00 70.97 71.00 71.06 71.00 70.91 70.69 70.50 70.31 69.97 69.62 69.41 69.19 68.75 68.47 68.06 67.53 67.09 66.69 66.22 65.81 65.47 65.06 64.62 64.22 63.75 63.22 62.72 62.34 61.91 61.41 60.84 60.34 59.72 59.34 58.53 57.75
62.41 62.59 62.84 63.12 63.41 63.69 64.03 64.38 64.72 65.06 65.47 65.84 66.22 66.72 67.28 67.91 68.75 69.66 70.41 70.97 71.38 71.69 71.94 72.50 73.53 74.31 74.84 75.16 75.06 74.59 74.09 72.66 71.72 71.56 71.44 71.19 70.94 70.62 70.38 70.31 70.38 70.34 70.41 70.44 70.41 70.28 70.09 69.91 69.69 69.34 69.03 68.66 68.44 68.16 67.72 67.12 66.75 66.34 66.12 65.56 65.19 64.81 64.44 64.00 63.59 63.12 62.62 62.09 61.66 61.22 60.75 60.28 59.78 59.25 58.31 57.72 57.12
61.75 61.97 62.16 62.41 62.69 63.00 63.34 63.75 64.09 64.44 64.78 65.16 65.59 66.09 66.81 67.38 68.22 69.06 69.75 70.25 70.66 70.75 70.81 71.12 72.28 73.28 73.97 74.28 74.19 73.75 73.19 72.09 71.00 70.78 70.53 70.12 70.00 69.75 69.66 69.62 69.72 69.75 69.81 69.84 69.78 69.69 69.53 69.31 69.06 68.78 68.44 68.16 67.84 67.56 67.22 66.78 66.25 65.91 65.38 64.94 64.59 64.19 63.84 63.38 62.94 62.53 62.09 61.56 61.06 60.62 60.09 59.66 59.12 58.47 57.81 57.06 56.53
61.12 61.31 61.50 61.75 62.03 62.34 62.72 63.09 63.47 63.81 64.22 64.59 65.03 65.47 66.00 66.78 67.75 68.44 69.03 69.47 69.91 69.81 69.94 70.28 71.34 72.41 73.06 73.38 73.31 72.94 72.31 71.62 70.50 70.00 69.62 69.19 69.06 69.09 68.97 69.00 69.03 69.16 69.25 69.25 69.19 69.09 68.94 68.75 68.53 68.22 67.94 67.62 67.38 67.09 66.72 66.31 65.81 65.41 64.94 64.31 63.97 63.62 63.22 62.81 62.34 61.94 61.50 61.06 60.53 60.03 59.53 59.00 58.44 57.84 57.25 56.62 55.97
60.50 60.72 60.94 61.16 61.44 61.75 62.12 62.50 62.88 63.25 63.66 64.06 64.47 64.94 65.31 66.28 67.22 67.81 68.34 68.69 68.84 69.00 69.31 69.94 70.91 71.66 72.19 72.44 72.41 72.03 71.50 70.84 70.09 69.28 68.84 68.66 68.22 68.28 68.34 68.38 68.44 68.59 68.66 68.62 68.59 68.50 68.34 68.16 67.97 67.69 67.41 67.12 66.88 66.59 66.22 65.81 65.25 64.88 64.44 64.00 63.53 63.12 62.69 62.28 61.81 61.41 60.94 60.50 60.03 59.53 58.97 58.44 57.84 57.28 56.72 56.09 55.44
59.94 60.16 60.34 60.62 60.94 61.25 61.56 61.91 62.25 62.66 63.06 63.44 63.91 64.50 65.09 65.97 66.66 67.22 67.66 67.88 68.12 68.47 68.75 69.53 70.25 70.84 71.25 71.44 71.31 71.03 70.53 70.03 69.47 68.72 68.09 67.94 67.72 67.72 67.75 67.78 67.84 67.97 68.03 68.03 68.00 67.94 67.81 67.62 67.41 67.19 66.88 66.62 66.38 66.06 65.75 65.22 64.66 64.41 64.03 63.69 63.19 62.59 62.19 61.72 61.25 60.81 60.41 59.94 59.47 58.97 58.44 57.84 57.31 56.75 56.22 55.62 55.00
59.31 59.47 59.66 59.97 60.31 60.69 61.03 61.34 61.69 62.09 62.50 62.84 63.38 64.03 64.78 65.50 66.12 66.66 67.06 67.22 67.50 67.91 68.47 69.00 69.53 69.94 70.12 70.31 70.22 69.56 69.34 69.06 68.62 68.06 67.28 67.19 67.09 67.09 67.12 67.19 67.28 67.31 67.38 67.41 67.38 67.34 67.25 67.09 66.88 66.66 66.31 66.06 65.78 65.47 65.12 64.69 64.22 63.97 63.69 63.25 62.78 62.16 61.69 61.09 60.62 60.22 59.88 59.38 58.91 58.34 57.81 57.31 56.75 56.22 55.69 55.12 54.56
58.66 58.81 59.03 59.31 59.56 59.84 60.31 60.66 61.06 61.53 61.97 62.34 62.91 63.62 64.31 64.97 65.56 66.09 66.50 66.72 67.03 67.50 67.94 68.31 68.69 68.84 68.69 68.75 68.47 68.03 68.03 68.03 67.75 67.31 66.62 66.47 66.47 66.50 66.47 66.56 66.62 66.62 66.69 66.78 66.78 66.75 66.66 66.50 66.28 66.00 65.66 65.38 65.19 64.91 64.59 64.28 63.84 63.59 63.34 62.81 62.28 61.72 61.16 60.50 60.06 59.66 59.28 58.81 58.31 57.72 57.25 56.75 56.22 55.69 55.19 54.62 54.09
58.09 58.31 58.50 58.72 58.91 59.16 59.47 59.88 60.31 61.00 61.50 61.84 62.41 63.06 63.75 64.41 64.97 65.44 65.81 66.25 66.53 66.84 67.19 67.50 67.72 67.75 66.94 66.78 66.72 66.84 67.06 67.03 66.84 66.50 66.03 65.81 65.88 65.84 65.88 65.91 65.94 65.97 66.03 66.12 66.12 66.12 66.03 65.91 65.69 65.38 65.09 64.81 64.62 64.38 64.12 63.81 63.53 63.22 62.75 62.31 61.75 61.16 60.44 59.88 59.47 59.06 58.62 58.09 57.59 57.09 56.66 56.19 55.69 55.16 54.66 54.12 53.59
57.69 57.84 58.00 58.19 58.38 58.56 58.78 58.91 59.09 59.12 60.75 61.25 61.78 62.50 63.12 63.81 64.34 64.81 65.19 65.62 65.78 66.16 66.28 66.56 66.66 66.56 66.16 65.59 65.41 66.16 66.09 66.03 65.88 65.66 65.41 65.25 65.25 65.25 65.28 65.28 65.31 65.31 65.41 65.47 65.50 65.47 65.41 65.25 65.03 64.75 64.50 64.25 63.97 63.88 63.59 63.31 63.06 62.75 62.28 61.69 61.06 60.28 59.72 59.19 58.84 58.44 57.97 57.50 57.00 56.53 56.09 55.62 55.12 54.62 54.09 53.59 53.09
57.31 57.47 57.59 57.72 57.88 58.03 58.19 58.22 58.12 58.03 58.22 60.12 60.72 61.50 62.41 63.09 63.72 64.16 64.50 64.78 65.12 65.09 65.22 65.56 65.59 65.12 65.25 64.69 64.72 64.78 64.97 64.91 64.88 64.78 64.69 64.62 64.59 64.56 64.62 64.69 64.72 64.75 64.81 64.84 64.88 64.84 64.81 64.62 64.38 64.00 63.72 63.59 63.44 63.22 63.00 62.78 62.50 62.12 61.69 61.06 60.28 59.59 59.06 58.59 58.16 57.75 57.31 56.81 56.41 55.97 55.53 55.06 54.56 54.06 53.56 53.06 52.53
56.97 57.09 57.22 57.34 57.47 57.56 57.62 57.69 57.59 57.53 57.44 57.78 58.88 60.00 61.31 62.22 62.69 63.19 63.66 63.94 64.28 64.09 64.19 64.59 64.56 64.25 64.06 64.06 63.78 63.50 63.66 63.66 63.75 63.84 63.84 63.88 63.88 63.88 63.97 64.06 64.12 64.19 64.25 64.28 64.28 64.28 64.22 64.03 63.84 63.44 63.09 62.91 62.75 62.59 62.44 62.19 61.91 61.44 61.06 60.41 59.59 58.88 58.38 57.78 57.41 57.09 56.66 56.19 55.78 55.34 54.91 54.44 53.97 53.50 53.00 52.50 52.00
55.50 55.66 55.78 55.97 56.41 56.78 57.09 57.19 57.12 57.09 57.06 56.94 56.78 57.28 59.75 60.31 61.03 61.94 62.62 62.91 63.31 63.41 63.28 63.53 63.56 63.38 62.97 62.81 62.81 62.59 62.62 62.62 62.66 62.84 62.94 63.03 63.06 63.19 63.31 63.44 63.53 63.66 63.69 63.72 63.75 63.72 63.66 63.44 63.16 62.66 62.44 62.31 62.12 62.00 61.81 61.56 61.25 60.75 60.25 59.59 58.88 58.09 57.56 57.19 56.88 56.53 56.09 55.59 55.19 54.72 54.28 53.81 53.38 52.91 52.44 51.94 51.44
54.66 54.78 54.91 54.94 54.97 55.00 55.25 55.72 56.34 56.66 56.59 56.56 56.47 56.38 56.38 57.69 59.12 60.53 61.25 61.72 62.03 62.31 62.28 62.56 62.59 62.44 62.00 61.72 61.69 61.34 61.38 61.47 61.97 62.06 62.19 62.28 62.41 62.56 62.69 62.81 62.94 63.06 63.16 63.19 63.22 63.19 63.06 62.81 62.31 62.06 61.88 61.72 61.50 61.31 61.16 60.91 60.53 60.09 59.50 58.88 58.19 57.38 57.03 56.72 56.28 55.97 55.56 55.09 54.69 54.19 53.72 53.22 52.81 52.31 51.88 51.44 50.94
54.66 54.78 54.91 54.94 54.97 54.97 54.94 54.91 54.84 55.12 55.69 56.16 56.16 56.12 56.19 56.28 57.97 59.03 59.78 60.41 60.84 60.69 61.28 61.47 61.53 61.44 61.06 60.75 60.47 60.34 60.19 60.41 61.00 61.19 61.47 61.62 61.72 61.88 62.06 62.19 62.34 62.50 62.59 62.66 62.66 62.66 62.50 62.22 61.81 61.56 61.41 61.16 60.91 60.75 60.53 60.22 59.84 59.38 58.88 58.25 57.62 57.03 56.66 56.44 55.88 55.56 55.22 54.66 54.38 53.69 53.22 52.69 52.28 51.81 51.38 51.03 50.47
54.66 54.78 54.91 54.94 54.97 54.97 54.94 54.88 54.75 54.66 54.56 54.75 55.34 55.78 55.88 56.12 56.94 57.66 58.25 58.84 59.38 59.38 60.28 60.25 60.41 60.34 60.06 59.81 59.53 59.28 59.31 59.59 60.06 60.31 60.66 60.94 60.97 61.16 61.34 61.56 61.69 61.91 62.06 62.12 62.09 62.09 61.94 61.66 61.28 61.06 60.84 60.62 60.38 60.16 59.88 59.59 59.12 58.62 58.22 57.69 57.09 56.56 56.34 56.06 55.41 55.00 54.81 54.47 53.97 53.56 52.69 52.41 51.94 51.38 50.97 50.28 49.81
54.66 54.78 54.91 54.94 54.97 54.97 54.91 54.81 54.72 54.59 54.50 54.31 54.16 54.44 55.12 55.50 55.81 56.31 56.53 57.22 57.84 58.12 58.88 59.03 59.22 59.22 59.06 58.75 58.34 58.25 58.25 58.56 59.25 59.53 59.84 60.09 60.19 60.38 60.62 60.88 61.09 61.22 61.44 61.53 61.50 61.50 61.34 61.12 60.81 60.53 60.28 60.06 59.84 59.56 59.28 58.97 58.50 58.00 57.53 57.09 56.56 56.19 56.00 55.44 55.00 54.53 54.06 53.62 53.22 52.88 52.56 52.03 51.44 50.66 50.16 49.72 49.28
54.66 54.78 54.91 54.97 54.97 54.94 54.88 54.78 54.66 54.56 54.41 54.22 54.03 53.88 53.75 54.12 54.81 55.22 55.31 55.97 56.34 56.88 57.47 57.88 58.09 58.12 58.03 57.66 57.19 57.22 57.38 57.78 58.41 58.75 59.06 59.25 59.34 59.62 59.88 60.16 60.44 60.56 60.78 60.91 60.91 60.84 60.75 60.56 60.28 60.03 59.75 59.53 59.28 59.06 58.72 58.41 58.00 57.56 57.12 56.72 56.28 55.88 55.69 55.03 54.62 54.12 53.62 53.19 52.75 52.28 51.78 51.25 50.72 50.19 49.78 49.25 48.84
54.66 54.78 54.91 54.97 54.97 54.94 54.84 54.72 54.62 54.47 54.28 54.12 53.94 53.78 53.59 53.41 53.38 53.91 54.50 54.97 55.31 55.66 56.12 56.72 56.97 57.06 57.03 56.88 56.66 56.66 56.84 57.12 57.59 57.94 58.25 58.50 58.66 58.88 59.09 59.31 59.69 59.94 60.06 60.19 60.22 60.09 60.09 59.97 59.75 59.53 59.25 59.03 58.78 58.53 58.22 57.91 57.59 57.22 56.84 56.47 56.00 55.56 55.44 54.81 54.34 53.69 53.19 52.72 52.28 51.84 51.38 50.84 50.28 49.81 49.28 48.88 48.41
54.66 54.78 54.91 54.97 54.97 54.91 54.78 54.69 54.56 54.38 54.19 54.03 53.84 53.66 53.50 53.31 53.16 52.97 53.16 53.91 54.34 54.47 55.12 55.38 55.88 56.03 56.09 56.09 56.09 56.12 56.31 56.56 56.88 57.22 57.50 57.75 57.97 58.12 58.22 58.34 58.59 59.22 59.41 59.47 59.53 59.50 59.44 59.41 59.25 59.00 58.69 58.50 58.31 58.06 57.81 57.53 57.22 56.91 56.56 56.19 55.78 55.31 54.78 54.56 53.72 53.22 52.72 52.31 51.84 51.47 51.12 50.47 49.91 49.41 48.91 48.56 48.19
54.69 54.78 54.94 54.97 54.94 54.84 54.75 54.62 54.44 54.28 54.09 53.94 53.75 53.56 53.41 53.25 53.03 52.81 52.59 52.50 53.09 53.81 54.00 54.16 54.66 55.06 55.22 55.34 55.50 55.59 55.72 55.94 56.19 56.47 56.75 57.00 57.19 57.41 57.47 57.50 57.59 58.22 58.53 58.84 58.91 58.97 58.94 58.84 58.69 58.47 58.19 58.00 57.81 57.62 57.44 57.19 56.94 56.66 56.34 55.94 55.44 54.91 54.47 54.03 53.56 52.78 52.31 51.88 51.41 51.03 50.50 50.00 49.50 49.00 48.50 48.12 47.56
54.66 54.75 54.84 54.91 54.88 54.81 54.69 54.59 54.34 54.19 54.00 53.84 53.66 53.47 53.31 53.09 52.88 52.69 52.47 52.25 52.03 52.28 53.16 53.59 53.69 54.09 54.41 54.59 54.81 55.00 55.09 55.28 55.50 55.75 56.00 56.22 56.41 56.59 56.66 56.69 56.69 56.94 57.34 58.06 58.31 58.38 58.38 58.31 58.16 57.94 57.69 57.47 57.34 57.22 57.06 56.88 56.66 56.41 56.25 55.88 55.06 54.44 53.84 53.28 52.78 52.59 51.84 51.44 51.00 50.72 50.06 49.56 49.06 48.59 48.09 47.66 47.41
54.56 54.66 54.72 54.72 54.66 54.59 54.53 54.44 54.25 54.09 53.91 53.72 53.56 53.38 53.19 52.97 52.75 52.53 52.31 52.09 51.91 51.69 51.56 52.41 53.38 53.53 53.75 53.97 54.19 54.38 54.47 54.62 54.81 55.00 55.19 55.41 55.56 55.75 55.88 55.94 55.94 56.00 56.34 57.09 57.56 57.72 57.78 57.69 57.56 57.28 57.06 56.91 56.88 56.84 56.66 56.53 56.34 56.19 56.00 55.16 54.50 53.78 53.16 52.62 52.19 51.81 51.62 51.00 50.69 50.47 49.72 49.16 48.69 48.22 47.69 47.31 46.88
