everonasctiles/Tile[39,2].asc
ncols 128
nrows 128
xllcorner 0
yllcorner 0
cellsize 2.0
NODATA_value  -9999
[rows 33 to 65 of 128, columns 0 to 73 of 128]
113.12 112.78 112.56 112.38 112.00 110.66 106.94 103.78 101.31 98.28 97.28 96.66 95.88 95.09 94.28 93.62 93.03 92.66 92.06 91.53 90.91 90.28 89.66 89.16 88.56 87.94 87.31 86.72 86.16 85.69 85.25 84.88 84.44 84.09 83.91 83.59 83.41 83.31 83.06 82.94 82.75 82.66 82.66 82.59 82.53 82.50 82.50 82.50 82.50 82.50 82.47 82.34 82.12 81.78 81.25 80.59 79.84 79.03 78.19 77.31 76.47 75.59 74.69 73.75 72.81 72.03 71.59 70.72 67.97 65.44 64.25 63.50 62.81 62.06
114.00 113.59 113.28 113.00 112.66 111.25 106.91 103.88 101.75 99.66 98.16 97.41 96.69 95.94 95.28 94.59 93.94 93.44 92.84 92.25 91.59 91.00 90.41 89.81 89.19 88.59 87.91 87.31 86.69 86.12 85.66 85.25 84.88 84.66 84.41 84.09 83.97 83.84 83.50 83.44 83.28 83.16 83.12 83.06 83.00 82.97 82.97 82.94 82.94 82.94 82.91 82.78 82.56 82.16 81.56 80.84 79.97 79.03 78.09 77.16 76.25 75.31 74.34 73.34 72.38 71.50 70.81 69.62 67.53 65.62 64.62 63.84 63.12 62.38
114.91 114.41 113.97 113.50 112.97 111.34 107.91 104.06 102.03 100.50 99.19 98.31 97.59 96.91 96.19 95.38 94.81 94.25 93.66 93.03 92.41 91.75 91.19 90.50 89.81 89.16 88.53 88.00 87.47 86.72 86.25 85.91 85.56 85.31 85.09 84.81 84.53 84.28 84.06 83.91 83.81 83.72 83.59 83.53 83.47 83.44 83.41 83.41 83.38 83.38 83.31 83.19 82.94 82.50 81.84 81.03 80.06 79.03 78.00 76.97 76.00 75.00 74.00 73.00 72.00 71.12 70.31 69.16 67.47 66.00 65.09 64.28 63.53 62.81
115.75 115.19 114.62 113.97 113.03 111.84 108.84 104.50 102.62 101.62 100.22 99.25 98.53 97.84 97.09 96.34 95.66 95.09 94.56 93.94 93.28 92.62 91.94 91.12 90.44 89.84 89.59 89.31 88.50 87.88 87.12 86.72 86.34 85.97 85.66 85.38 85.03 84.84 84.66 84.44 84.34 84.22 84.12 84.06 83.97 83.91 83.84 83.84 83.81 83.78 83.72 83.59 83.31 82.81 82.09 81.19 80.12 79.00 77.91 76.84 75.81 74.78 73.78 72.75 71.72 70.91 70.22 69.16 67.72 66.50 65.62 64.81 64.03 63.28
116.56 115.97 115.34 114.66 113.84 113.34 110.19 104.53 103.25 102.66 101.38 100.31 99.47 98.78 98.12 97.34 96.56 95.91 95.41 94.88 94.25 93.56 92.84 92.03 91.03 90.34 90.03 89.94 89.53 88.88 88.12 87.56 87.09 86.66 86.28 85.91 85.62 85.41 85.19 85.03 84.88 84.72 84.62 84.53 84.44 84.41 84.34 84.28 84.25 84.19 84.12 83.97 83.66 83.12 82.34 81.31 80.19 79.03 77.91 76.78 75.72 74.66 73.62 72.62 71.59 70.72 69.91 68.97 67.91 66.97 66.12 65.31 64.56 63.78
117.31 116.72 116.09 115.53 115.03 114.66 110.09 104.84 104.06 103.41 102.44 101.41 100.53 99.84 99.06 98.28 97.50 96.78 96.25 95.84 95.25 94.75 94.03 92.91 92.44 91.31 91.34 91.12 90.44 89.69 88.97 88.44 87.78 87.22 86.91 86.56 86.22 86.00 85.75 85.59 85.38 85.25 85.16 85.09 84.94 84.91 84.84 84.78 84.69 84.59 84.53 84.34 84.00 83.41 82.56 81.47 80.31 79.12 77.94 76.78 75.69 74.62 73.59 72.59 71.62 70.72 69.88 69.06 68.25 67.44 66.66 65.84 65.09 64.34
118.03 117.41 116.81 116.31 115.91 115.38 111.59 105.22 104.47 104.00 103.28 102.62 101.94 101.12 100.41 99.41 98.41 97.59 97.09 96.69 96.31 95.78 95.34 95.06 95.00 94.06 93.19 92.38 91.38 90.44 89.81 89.12 88.44 87.97 87.66 87.19 86.84 86.62 86.34 86.16 85.97 85.84 85.72 85.59 85.44 85.41 85.34 85.22 85.12 85.03 84.94 84.75 84.38 83.72 82.78 81.69 80.50 79.25 78.00 76.78 75.66 74.59 73.56 72.62 71.78 71.00 70.25 69.50 68.72 67.94 67.19 66.41 65.66 64.91
118.69 118.06 117.47 116.91 116.38 115.50 113.84 106.72 104.94 104.72 104.53 104.34 104.19 104.03 104.09 103.72 102.16 100.59 100.16 99.47 98.28 97.06 96.84 96.50 95.88 95.28 94.56 93.62 92.47 91.19 90.59 89.91 89.34 88.88 88.38 87.88 87.50 87.25 86.94 86.72 86.53 86.41 86.22 86.09 85.97 85.94 85.84 85.69 85.56 85.50 85.41 85.22 84.78 84.06 83.09 82.00 80.78 79.50 78.09 76.69 75.50 74.50 73.53 72.75 72.06 71.38 70.69 69.97 69.22 68.47 67.75 67.00 66.25 65.50
119.31 118.66 118.03 117.44 116.81 116.09 115.12 114.75 115.47 109.25 108.34 109.03 109.47 109.22 108.78 108.59 107.81 106.28 105.25 104.31 101.78 99.34 98.16 97.62 97.06 96.41 95.69 94.78 93.59 92.25 91.50 90.88 90.12 89.47 89.09 88.59 88.16 87.88 87.56 87.31 87.16 86.97 86.78 86.66 86.53 86.47 86.34 86.19 86.06 86.03 85.94 85.75 85.28 84.53 83.50 82.41 81.16 79.69 78.09 76.59 75.41 74.50 73.66 73.03 72.44 71.81 71.16 70.47 69.78 69.06 68.34 67.59 66.88 66.12
119.91 119.22 118.53 117.88 117.25 116.59 116.06 115.59 115.09 114.25 113.75 113.22 112.00 110.88 110.09 109.44 108.62 107.72 106.97 106.31 105.47 103.06 100.75 99.22 98.19 97.38 96.66 95.78 94.81 93.38 92.50 91.59 90.91 90.38 89.84 89.31 88.84 88.47 88.16 87.94 87.78 87.59 87.38 87.22 87.12 87.00 86.88 86.75 86.66 86.66 86.56 86.38 85.84 85.12 84.12 83.00 81.59 79.97 78.44 76.81 75.56 74.78 73.97 73.44 72.88 72.31 71.69 71.06 70.38 69.69 68.97 68.25 67.53 66.78
120.50 119.75 119.00 118.31 117.62 116.97 116.34 115.75 115.19 114.75 114.38 113.59 112.53 111.44 110.53 109.69 108.84 108.16 107.56 107.00 106.25 105.19 103.25 100.81 99.22 98.22 97.44 96.88 95.44 94.38 93.41 92.50 91.81 91.22 90.69 90.12 89.59 89.09 88.78 88.56 88.41 88.19 88.00 87.81 87.69 87.62 87.50 87.41 87.34 87.34 87.28 87.06 86.53 85.69 84.72 83.62 82.22 80.56 78.94 77.41 76.16 75.28 74.53 74.00 73.47 72.91 72.31 71.69 71.06 70.38 69.66 68.97 68.22 67.50
121.03 120.25 119.47 118.69 117.97 117.25 116.56 115.91 115.31 114.75 114.12 113.44 112.59 111.72 110.88 110.03 109.28 108.59 107.94 107.31 106.59 105.78 104.84 102.34 99.97 98.81 98.16 97.34 96.31 95.34 94.47 93.38 92.66 92.06 91.47 90.91 90.31 89.78 89.44 89.19 89.03 88.81 88.66 88.50 88.34 88.25 88.16 88.12 88.12 88.12 88.06 87.84 87.28 86.34 85.28 84.06 82.78 81.41 79.81 78.41 77.09 76.16 75.38 74.78 74.22 73.66 73.06 72.44 71.78 71.09 70.41 69.69 68.97 68.25
121.50 120.69 119.91 119.09 118.31 117.59 116.88 116.19 115.47 114.75 114.00 113.34 112.69 111.97 111.22 110.47 109.72 109.00 108.28 107.56 106.84 106.03 105.16 103.72 100.91 99.62 98.97 98.00 97.28 96.41 95.44 94.50 93.62 92.84 92.28 91.59 91.00 90.50 90.12 89.91 89.66 89.47 89.34 89.22 89.06 88.94 88.88 88.88 88.91 88.94 88.88 88.62 88.00 86.97 85.78 84.50 83.25 81.78 80.50 79.28 78.25 77.28 76.41 75.72 75.09 74.47 73.88 73.22 72.56 71.91 71.19 70.50 69.75 69.00
121.94 121.09 120.31 119.50 118.72 117.97 117.25 116.50 115.75 115.00 114.25 113.62 113.00 112.31 111.59 110.88 110.12 109.38 108.62 107.84 107.06 106.22 105.31 104.16 102.31 100.78 99.56 98.81 98.09 97.16 96.28 95.34 94.41 93.56 92.97 92.31 91.72 91.22 90.84 90.56 90.31 90.16 90.06 89.94 89.78 89.69 89.69 89.75 89.81 89.84 89.75 89.38 88.59 87.62 86.16 84.91 83.50 82.00 80.97 80.03 79.19 78.28 77.44 76.72 76.03 75.41 74.75 74.09 73.44 72.75 72.03 71.31 70.59 69.81
122.28 121.50 120.69 119.94 119.19 118.41 117.66 116.94 116.19 115.47 114.75 114.06 113.41 112.72 112.00 111.25 110.50 109.72 108.94 108.16 107.31 106.44 105.50 104.47 103.31 102.00 100.56 99.53 98.81 97.97 97.06 96.16 95.12 94.25 93.69 93.06 92.47 92.00 91.62 91.28 91.00 90.94 90.75 90.66 90.53 90.53 90.59 90.75 90.88 90.94 90.81 90.44 89.59 88.31 86.34 84.06 82.91 82.12 81.66 80.72 79.97 79.22 78.44 77.72 77.03 76.38 75.69 75.03 74.34 73.66 72.94 72.19 71.44 70.69
122.59 121.84 121.09 120.38 119.66 118.91 118.19 117.47 116.78 116.06 115.34 114.62 113.91 113.19 112.44 111.69 110.91 110.12 109.31 108.50 107.62 106.69 105.75 104.78 103.84 102.84 101.53 100.31 99.62 98.75 97.84 96.88 95.66 95.00 94.44 93.84 93.28 92.81 92.44 92.09 91.75 91.69 91.50 91.34 91.34 91.50 91.69 91.94 92.16 92.34 92.41 92.31 91.72 90.47 87.72 84.50 83.12 82.47 82.06 81.53 80.88 80.19 79.47 78.75 78.06 77.38 76.69 76.00 75.31 74.59 73.84 73.09 72.34 71.56
123.25 122.44 121.59 120.91 120.12 119.41 118.75 118.09 117.41 116.72 115.97 115.25 114.50 113.72 112.94 112.16 111.38 110.59 109.78 108.91 108.03 107.09 106.12 105.19 104.22 103.28 102.22 101.22 100.38 99.56 98.53 97.53 96.47 95.75 95.19 94.62 94.06 93.56 93.19 92.81 92.53 92.44 92.31 92.19 92.34 92.66 92.97 93.28 93.62 93.97 94.25 94.66 94.84 94.66 92.72 90.38 86.47 84.12 83.34 82.56 81.94 81.22 80.53 79.81 79.12 78.41 77.72 77.00 76.31 75.56 74.81 74.06 73.28 72.50
123.97 123.12 122.56 121.59 120.69 119.97 119.38 118.72 118.06 117.38 116.62 115.91 115.16 114.38 113.59 112.78 111.97 111.16 110.31 109.44 108.53 107.59 106.66 105.69 104.75 103.81 102.94 102.03 101.16 100.28 99.16 98.22 97.31 96.44 95.84 95.28 94.75 94.31 93.94 93.50 93.31 93.28 93.22 93.19 93.66 94.00 94.34 94.72 95.09 95.47 95.81 96.31 96.47 96.00 95.44 94.88 91.41 87.34 85.41 84.16 83.16 82.38 81.62 80.91 80.19 79.47 78.78 78.06 77.31 76.59 75.81 75.03 74.25 73.44
124.41 124.00 123.31 122.38 121.47 120.75 120.06 119.41 118.72 118.03 117.31 116.59 115.84 115.06 114.28 113.47 112.66 111.81 110.94 110.06 109.16 108.22 107.28 106.34 105.41 104.53 103.66 102.78 102.00 100.94 99.88 99.00 98.16 97.25 96.41 95.88 95.41 94.97 94.50 94.22 94.06 94.09 94.19 94.62 95.22 95.31 95.66 96.03 96.41 96.75 97.03 97.28 97.22 96.84 96.31 95.56 93.47 90.03 87.44 85.78 84.53 83.56 82.75 82.00 81.28 80.56 79.84 79.12 78.38 77.62 76.84 76.06 75.25 74.41
124.84 124.38 123.72 122.97 122.19 121.47 120.78 120.09 119.41 118.72 118.00 117.28 116.53 115.78 115.00 114.19 113.38 112.53 111.66 110.78 109.88 108.94 108.00 107.06 106.16 105.25 104.41 103.47 102.59 101.62 100.62 99.78 98.88 98.09 97.31 96.88 96.41 95.66 95.28 95.16 95.50 95.34 95.50 96.19 96.47 96.56 96.81 97.16 97.56 97.84 98.03 98.06 97.91 97.53 96.97 96.06 94.84 92.72 89.53 87.31 85.88 84.78 83.91 83.12 82.41 81.69 80.94 80.22 79.47 78.69 77.91 77.09 76.28 75.44
125.41 124.88 124.28 123.59 122.91 122.19 121.50 120.81 120.12 119.44 118.72 117.97 117.25 116.47 115.72 114.91 114.12 113.28 112.41 111.53 110.62 109.72 108.75 107.81 106.88 105.97 105.06 104.16 103.34 102.53 101.81 100.97 99.72 98.81 98.25 97.81 97.31 96.84 97.09 97.47 98.19 99.50 100.84 100.25 98.75 98.41 98.28 98.41 98.69 98.84 98.91 98.81 98.62 98.28 97.75 97.12 96.41 95.53 92.94 89.62 87.12 85.97 85.06 84.25 83.50 82.78 82.06 81.31 80.56 79.78 78.97 78.16 77.31 76.47
126.16 125.56 124.94 124.28 123.59 122.91 122.22 121.53 120.84 120.12 119.44 118.69 117.97 117.22 116.44 115.66 114.84 114.03 113.16 112.28 111.38 110.47 109.50 108.53 107.56 106.59 105.69 104.88 104.22 103.47 102.69 101.81 101.47 99.88 99.72 99.50 99.38 99.19 99.50 100.53 103.75 104.44 103.84 103.81 103.56 103.28 101.22 100.62 100.25 99.97 99.75 99.50 99.31 99.00 98.56 98.12 97.78 97.69 96.69 91.78 88.31 87.12 86.19 85.38 84.62 83.91 83.19 82.44 81.66 80.88 80.06 79.25 78.41 77.53
127.06 126.38 125.69 125.03 124.31 123.62 122.94 122.25 121.56 120.84 120.16 119.44 118.69 117.97 117.19 116.41 115.62 114.78 113.91 113.03 112.12 111.22 110.25 109.28 108.25 107.22 106.31 105.59 105.00 104.44 103.84 103.19 102.34 101.94 102.12 102.62 103.72 108.31 108.19 107.50 106.91 106.41 105.75 105.31 104.84 103.94 103.03 102.53 101.84 100.94 100.44 100.16 100.00 99.66 99.31 99.00 98.81 98.66 97.41 92.47 89.34 88.19 87.28 86.47 85.75 85.03 84.31 83.56 82.78 82.00 81.19 80.34 79.47 78.59
127.94 127.19 126.47 125.75 125.06 124.34 123.66 122.97 122.28 121.56 120.88 120.16 119.44 118.72 117.97 117.19 116.38 115.53 114.69 113.81 112.91 112.00 111.03 110.06 108.97 107.88 106.88 106.28 105.78 105.62 105.44 105.12 104.84 106.31 110.75 109.06 108.88 108.97 109.00 108.94 108.38 107.47 106.72 106.09 105.38 104.47 103.62 102.94 102.19 101.47 100.91 100.72 100.56 100.25 99.94 99.66 99.44 99.12 97.44 93.00 90.50 89.25 88.38 87.59 86.88 86.16 85.44 84.69 83.94 83.12 82.31 81.47 80.59 79.69
128.72 127.97 127.19 126.47 125.78 125.06 124.38 123.69 123.00 122.28 121.59 120.91 120.19 119.47 118.75 117.97 117.16 116.31 115.47 114.56 113.69 112.78 111.84 110.88 109.81 108.56 107.62 107.06 107.66 107.31 107.28 108.19 111.91 111.41 110.91 110.78 110.41 110.03 109.62 109.31 108.75 107.94 107.16 106.38 105.53 104.66 103.84 103.12 102.47 101.91 101.50 101.25 101.06 100.75 100.41 100.09 99.78 99.34 98.56 95.09 92.06 90.31 89.44 88.69 87.97 87.25 86.56 85.81 85.06 84.28 83.44 82.59 81.72 80.78
129.34 128.62 127.88 127.19 126.47 125.78 125.06 124.38 123.69 123.00 122.31 121.62 120.94 120.25 119.53 118.75 117.97 117.12 116.25 115.34 114.44 113.53 112.66 111.84 110.84 109.66 108.69 108.28 109.38 109.31 109.53 112.38 112.19 112.03 111.81 111.56 111.22 110.69 110.12 109.53 108.88 108.19 107.38 106.56 105.72 104.88 104.06 103.38 102.78 102.31 102.00 101.75 101.50 101.16 100.75 100.38 99.94 99.41 98.62 97.03 93.78 91.41 90.53 89.78 89.06 88.38 87.66 86.94 86.19 85.41 84.59 83.72 82.81 81.88
129.88 129.22 128.53 127.84 127.16 126.44 125.75 125.03 124.34 123.69 123.03 122.41 121.75 121.06 120.34 119.59 118.78 117.94 117.06 116.19 115.28 114.41 113.56 112.97 112.38 111.41 110.78 111.09 112.12 112.03 112.38 112.97 112.97 112.78 112.47 112.16 111.72 111.19 110.56 109.91 109.19 108.44 107.66 106.84 106.03 105.19 104.41 103.75 103.22 102.81 102.50 102.19 101.88 101.44 101.00 100.50 99.97 99.34 98.59 97.44 95.12 92.59 91.62 90.88 90.12 89.44 88.75 88.03 87.28 86.53 85.72 84.84 83.94 83.00
130.38 129.75 129.12 128.47 127.78 127.06 126.38 125.69 125.03 124.38 123.75 123.16 122.53 121.91 121.22 120.47 119.62 118.81 118.03 117.31 116.62 115.88 115.91 114.50 113.97 114.81 115.34 115.38 114.94 114.31 114.03 113.91 113.69 113.38 113.03 112.59 112.12 111.56 110.94 110.28 109.56 108.81 108.03 107.22 106.41 105.59 104.88 104.25 103.72 103.28 102.94 102.53 102.12 101.69 101.16 100.59 100.00 99.25 98.38 97.25 95.66 93.72 92.69 91.91 91.19 90.47 89.78 89.09 88.38 87.62 86.84 85.97 85.06 84.12
130.78 130.28 129.66 129.03 128.34 127.66 126.97 126.31 125.66 125.06 124.47 123.91 123.34 122.75 122.12 121.44 120.62 119.75 119.28 118.91 118.47 118.06 117.72 117.25 116.81 116.78 116.84 116.72 116.34 115.81 115.31 114.88 114.44 114.00 113.56 113.09 112.56 112.00 111.38 110.69 110.00 109.25 108.47 107.66 106.84 106.06 105.38 104.72 104.19 103.75 103.34 102.88 102.44 101.94 101.34 100.72 100.06 99.25 98.28 97.12 95.88 94.59 93.66 92.88 92.16 91.47 90.81 90.16 89.44 88.72 87.94 87.06 86.22 85.47
131.34 130.78 130.19 129.53 128.88 128.19 127.50 126.84 126.25 125.69 125.16 124.59 124.09 123.56 123.06 122.47 121.78 121.09 121.09 120.69 120.19 119.75 119.34 118.94 118.53 118.25 118.00 117.69 117.28 116.78 116.25 115.69 115.09 114.59 114.09 113.59 113.06 112.50 111.88 111.22 110.53 109.75 108.97 108.16 107.34 106.56 105.84 105.19 104.62 104.16 103.69 103.22 102.72 102.19 101.56 100.91 100.19 99.38 98.38 97.31 96.25 95.34 94.53 93.78 93.09 92.44 91.81 91.16 90.50 89.78 89.00 88.16 87.41 86.78
131.88 131.25 130.66 130.00 129.31 128.62 127.94 127.28 126.69 126.19 125.72 125.25 124.75 124.25 123.88 123.66 123.22 122.91 122.66 122.19 121.62 121.12 120.62 120.16 119.72 119.31 118.91 118.50 118.06 117.56 116.97 116.38 115.75 115.19 114.69 114.19 113.66 113.12 112.53 111.84 111.12 110.34 109.53 108.69 107.88 107.06 106.28 105.59 105.03 104.56 104.09 103.59 103.03 102.47 101.88 101.16 100.47 99.66 98.75 97.78 96.91 96.09 95.34 94.62 94.00 93.38 92.75 92.12 91.50 90.81 90.00 89.19 88.44 87.81
132.31 131.62 131.00 130.38 129.72 129.00 128.25 127.56 127.03 126.59 126.25 125.91 125.38 125.00 124.91 124.84 124.62 124.22 123.88 123.38 122.81 122.22 121.62 121.06 120.53 120.06 119.66 119.22 118.75 118.25 117.66 117.03 116.44 115.88 115.38 114.88 114.34 113.81 113.22 112.56 111.81 110.97 110.12 109.25 108.38 107.53 106.75 106.03 105.44 105.00 104.59 104.09 103.50 102.94 102.28 101.59 100.88 100.12 99.25 98.41 97.59 96.91 96.22 95.53 94.91 94.31 93.69 93.09 92.47 91.78 90.97 90.09 89.31 88.62
132.66 131.97 131.25 130.69 129.97 129.28 128.47 127.59 127.19 126.94 126.72 126.50 126.25 126.00 126.00 125.78 125.53 125.22 124.75 124.25 123.69 123.09 122.44 121.78 121.12 120.62 120.31 119.88 119.41 118.91 118.34 117.72 117.19 116.66 116.12 115.56 115.03 114.53 113.97 113.31 112.53 111.69 110.78 109.91 109.00 108.12 107.38 106.75 106.09 105.56 105.16 104.66 104.06 103.47 102.78 102.12 101.44 100.69 99.78 99.03 98.38 97.72 97.06 96.41 95.78 95.19 94.62 94.06 93.47 92.72 91.84 90.91 90.03 89.25
