everonasctiles/Tile[24,2].asc
ncols 128
nrows 128
xllcorner 0
yllcorner 0
cellsize 2.0
NODATA_value  -9999
[rows 0 to 31 of 128, columns 0 to 70 of 128]
-89.00 -89.09 -89.19 -89.28 -89.38 -89.47 -89.53 -89.62 -89.66 -89.72 -89.75 -89.75 -89.78 -89.78 -89.75 -89.72 -89.69 -89.66 -89.62 -89.66 -89.66 -89.66 -89.69 -89.72 -89.75 -89.75 -89.78 -89.78 -89.78 -89.78 -89.78 -89.75 -89.75 -89.75 -89.75 -89.72 -89.72 -89.69 -89.66 -89.62 -89.59 -89.56 -89.53 -89.59 -89.69 -89.81 -89.94 -90.00 -90.03 -90.00 -89.97 -90.00 -90.03 -90.09 -90.16 -90.22 -90.25 -90.28 -90.28 -90.28 -90.25 -90.19 -90.09 -89.94 -89.78 -89.56 -89.34 -89.09 -88.84 -88.53 -88.25
-88.97 -89.06 -89.16 -89.25 -89.31 -89.41 -89.47 -89.53 -89.59 -89.62 -89.66 -89.66 -89.69 -89.69 -89.66 -89.62 -89.56 -89.53 -89.53 -89.53 -89.53 -89.53 -89.56 -89.59 -89.59 -89.62 -89.66 -89.69 -89.69 -89.69 -89.69 -89.69 -89.69 -89.69 -89.69 -89.69 -89.69 -89.69 -89.69 -89.69 -89.69 -89.69 -89.72 -89.78 -89.94 -90.06 -90.22 -90.34 -90.38 -90.38 -90.38 -90.34 -90.38 -90.44 -90.47 -90.50 -90.50 -90.50 -90.50 -90.47 -90.44 -90.34 -90.22 -90.06 -89.88 -89.66 -89.41 -89.16 -88.91 -88.59 -88.31
-88.91 -89.00 -89.09 -89.19 -89.28 -89.34 -89.41 -89.44 -89.50 -89.53 -89.53 -89.56 -89.56 -89.56 -89.56 -89.53 -89.47 -89.44 -89.41 -89.41 -89.41 -89.41 -89.44 -89.47 -89.47 -89.50 -89.53 -89.56 -89.59 -89.59 -89.62 -89.62 -89.62 -89.62 -89.66 -89.69 -89.75 -89.78 -89.81 -89.84 -89.88 -89.91 -89.97 -90.06 -90.19 -90.34 -90.50 -90.66 -90.72 -90.75 -90.72 -90.72 -90.72 -90.72 -90.75 -90.75 -90.75 -90.72 -90.69 -90.66 -90.56 -90.47 -90.31 -90.16 -89.97 -89.75 -89.50 -89.25 -88.97 -88.66 -88.38
-88.84 -88.94 -89.06 -89.16 -89.22 -89.28 -89.34 -89.38 -89.41 -89.44 -89.44 -89.47 -89.47 -89.47 -89.47 -89.44 -89.38 -89.34 -89.31 -89.31 -89.31 -89.31 -89.34 -89.34 -89.38 -89.41 -89.44 -89.47 -89.53 -89.53 -89.56 -89.59 -89.62 -89.69 -89.75 -89.81 -89.91 -89.97 -90.03 -90.09 -90.12 -90.19 -90.28 -90.38 -90.50 -90.66 -90.81 -90.97 -91.06 -91.09 -91.09 -91.06 -91.03 -91.00 -91.00 -91.00 -90.97 -90.94 -90.88 -90.78 -90.69 -90.56 -90.44 -90.25 -90.06 -89.81 -89.56 -89.31 -89.03 -88.75 -88.44
-88.81 -88.91 -89.00 -89.09 -89.16 -89.22 -89.25 -89.28 -89.31 -89.34 -89.38 -89.38 -89.41 -89.41 -89.38 -89.34 -89.31 -89.28 -89.25 -89.25 -89.22 -89.25 -89.25 -89.28 -89.31 -89.34 -89.38 -89.41 -89.47 -89.53 -89.56 -89.66 -89.72 -89.81 -89.91 -90.03 -90.12 -90.22 -90.31 -90.38 -90.44 -90.53 -90.59 -90.72 -90.84 -90.97 -91.12 -91.25 -91.38 -91.41 -91.41 -91.38 -91.31 -91.28 -91.25 -91.22 -91.19 -91.12 -91.03 -90.94 -90.81 -90.66 -90.50 -90.34 -90.12 -89.91 -89.66 -89.41 -89.12 -88.81 -88.50
-88.75 -88.84 -88.94 -89.03 -89.09 -89.16 -89.19 -89.22 -89.25 -89.28 -89.31 -89.31 -89.34 -89.34 -89.31 -89.28 -89.25 -89.22 -89.19 -89.19 -89.19 -89.19 -89.22 -89.22 -89.25 -89.28 -89.34 -89.41 -89.50 -89.59 -89.69 -89.78 -89.88 -90.00 -90.12 -90.28 -90.41 -90.53 -90.62 -90.72 -90.81 -90.88 -90.97 -91.06 -91.19 -91.31 -91.44 -91.56 -91.66 -91.72 -91.72 -91.66 -91.59 -91.56 -91.50 -91.44 -91.38 -91.28 -91.19 -91.06 -90.91 -90.78 -90.59 -90.41 -90.22 -89.97 -89.75 -89.47 -89.19 -88.91 -88.59
-88.72 -88.81 -88.91 -89.00 -89.06 -89.12 -89.19 -89.22 -89.25 -89.28 -89.28 -89.28 -89.28 -89.28 -89.28 -89.25 -89.22 -89.19 -89.16 -89.16 -89.16 -89.16 -89.16 -89.19 -89.25 -89.28 -89.38 -89.47 -89.56 -89.69 -89.81 -89.97 -90.09 -90.25 -90.41 -90.56 -90.72 -90.88 -90.97 -91.09 -91.16 -91.25 -91.34 -91.44 -91.53 -91.62 -91.75 -91.88 -91.97 -92.00 -92.00 -91.94 -91.88 -91.81 -91.75 -91.66 -91.56 -91.44 -91.31 -91.16 -91.03 -90.84 -90.69 -90.47 -90.28 -90.03 -89.81 -89.56 -89.28 -89.00 -88.69
-88.75 -88.84 -88.94 -89.03 -89.12 -89.19 -89.25 -89.28 -89.31 -89.31 -89.34 -89.34 -89.31 -89.31 -89.31 -89.28 -89.28 -89.25 -89.22 -89.19 -89.16 -89.16 -89.16 -89.22 -89.25 -89.34 -89.44 -89.56 -89.69 -89.84 -90.00 -90.19 -90.34 -90.53 -90.69 -90.88 -91.06 -91.22 -91.34 -91.47 -91.53 -91.62 -91.72 -91.78 -91.88 -91.97 -92.06 -92.16 -92.25 -92.28 -92.25 -92.19 -92.12 -92.06 -91.97 -91.84 -91.75 -91.59 -91.44 -91.28 -91.12 -90.94 -90.75 -90.53 -90.31 -90.09 -89.84 -89.62 -89.34 -89.06 -88.78
-88.84 -88.94 -89.03 -89.12 -89.22 -89.28 -89.34 -89.41 -89.44 -89.44 -89.44 -89.44 -89.41 -89.41 -89.41 -89.38 -89.38 -89.34 -89.31 -89.28 -89.25 -89.22 -89.25 -89.28 -89.34 -89.41 -89.53 -89.66 -89.81 -90.00 -90.19 -90.41 -90.59 -90.81 -91.00 -91.22 -91.41 -91.56 -91.72 -91.84 -91.94 -92.00 -92.09 -92.16 -92.22 -92.28 -92.38 -92.44 -92.50 -92.53 -92.50 -92.44 -92.38 -92.28 -92.16 -92.03 -91.91 -91.75 -91.56 -91.38 -91.19 -91.00 -90.78 -90.56 -90.34 -90.12 -89.88 -89.62 -89.38 -89.09 -88.81
-89.00 -89.09 -89.19 -89.28 -89.38 -89.44 -89.50 -89.53 -89.56 -89.56 -89.56 -89.56 -89.56 -89.53 -89.53 -89.50 -89.50 -89.47 -89.41 -89.38 -89.34 -89.31 -89.34 -89.41 -89.47 -89.56 -89.66 -89.81 -89.97 -90.19 -90.41 -90.62 -90.84 -91.06 -91.31 -91.53 -91.75 -91.94 -92.09 -92.22 -92.31 -92.38 -92.44 -92.50 -92.56 -92.59 -92.66 -92.69 -92.75 -92.75 -92.72 -92.66 -92.59 -92.47 -92.34 -92.19 -92.03 -91.84 -91.66 -91.47 -91.25 -91.03 -90.81 -90.56 -90.34 -90.09 -89.84 -89.59 -89.34 -89.06 -88.78
-89.22 -89.28 -89.38 -89.47 -89.53 -89.62 -89.66 -89.72 -89.72 -89.75 -89.75 -89.75 -89.72 -89.72 -89.69 -89.69 -89.66 -89.59 -89.53 -89.50 -89.47 -89.47 -89.50 -89.56 -89.62 -89.72 -89.84 -90.00 -90.19 -90.38 -90.59 -90.84 -91.09 -91.34 -91.56 -91.81 -92.06 -92.25 -92.44 -92.56 -92.66 -92.75 -92.81 -92.84 -92.88 -92.91 -92.91 -92.94 -92.97 -92.97 -92.94 -92.88 -92.78 -92.66 -92.50 -92.34 -92.16 -91.97 -91.75 -91.53 -91.28 -91.06 -90.81 -90.56 -90.28 -90.03 -89.78 -89.53 -89.25 -88.97 -88.69
-89.47 -89.53 -89.59 -89.66 -89.72 -89.78 -89.84 -89.88 -89.91 -89.94 -89.94 -89.94 -89.94 -89.91 -89.88 -89.84 -89.81 -89.75 -89.69 -89.66 -89.62 -89.62 -89.66 -89.75 -89.84 -89.94 -90.09 -90.25 -90.41 -90.62 -90.84 -91.09 -91.34 -91.59 -91.84 -92.09 -92.31 -92.56 -92.75 -92.91 -93.00 -93.09 -93.12 -93.16 -93.19 -93.19 -93.19 -93.19 -93.19 -93.16 -93.12 -93.03 -92.94 -92.78 -92.62 -92.44 -92.25 -92.03 -91.81 -91.56 -91.31 -91.06 -90.78 -90.50 -90.22 -89.94 -89.66 -89.41 -89.12 -88.88 -88.59
-89.75 -89.78 -89.84 -89.88 -89.94 -89.97 -90.03 -90.06 -90.09 -90.12 -90.12 -90.12 -90.12 -90.12 -90.09 -90.06 -90.00 -89.94 -89.88 -89.81 -89.78 -89.81 -89.84 -89.94 -90.06 -90.19 -90.34 -90.50 -90.69 -90.91 -91.12 -91.38 -91.62 -91.88 -92.12 -92.34 -92.59 -92.81 -93.03 -93.19 -93.31 -93.41 -93.44 -93.47 -93.47 -93.47 -93.44 -93.41 -93.38 -93.34 -93.28 -93.19 -93.06 -92.91 -92.72 -92.53 -92.31 -92.09 -91.84 -91.59 -91.31 -91.03 -90.75 -90.44 -90.16 -89.84 -89.56 -89.28 -89.00 -88.75 -88.47
-90.06 -90.06 -90.09 -90.12 -90.16 -90.19 -90.22 -90.25 -90.28 -90.31 -90.34 -90.34 -90.34 -90.34 -90.31 -90.28 -90.22 -90.16 -90.09 -90.03 -90.00 -90.00 -90.06 -90.19 -90.31 -90.44 -90.62 -90.81 -91.00 -91.22 -91.44 -91.69 -91.94 -92.19 -92.44 -92.66 -92.88 -93.09 -93.28 -93.47 -93.59 -93.69 -93.75 -93.75 -93.75 -93.72 -93.69 -93.62 -93.59 -93.53 -93.44 -93.31 -93.16 -92.97 -92.78 -92.56 -92.34 -92.09 -91.84 -91.56 -91.28 -91.00 -90.69 -90.38 -90.06 -89.75 -89.44 -89.12 -88.84 -88.59 -88.34
-90.38 -90.38 -90.38 -90.38 -90.38 -90.41 -90.44 -90.47 -90.47 -90.50 -90.53 -90.53 -90.56 -90.53 -90.53 -90.47 -90.44 -90.38 -90.31 -90.25 -90.22 -90.22 -90.28 -90.41 -90.56 -90.72 -90.88 -91.09 -91.28 -91.50 -91.75 -92.00 -92.25 -92.50 -92.75 -92.97 -93.16 -93.34 -93.53 -93.72 -93.84 -93.94 -94.00 -94.00 -94.00 -93.94 -93.91 -93.84 -93.78 -93.69 -93.59 -93.44 -93.25 -93.03 -92.81 -92.59 -92.34 -92.09 -91.81 -91.53 -91.25 -90.94 -90.62 -90.31 -90.00 -89.66 -89.31 -89.00 -88.72 -88.47 -88.19
-90.66 -90.66 -90.66 -90.62 -90.62 -90.62 -90.62 -90.66 -90.69 -90.69 -90.72 -90.75 -90.75 -90.75 -90.72 -90.69 -90.66 -90.59 -90.53 -90.50 -90.47 -90.47 -90.53 -90.66 -90.81 -90.97 -91.16 -91.34 -91.56 -91.81 -92.06 -92.31 -92.56 -92.81 -93.06 -93.28 -93.47 -93.62 -93.81 -93.97 -94.09 -94.19 -94.22 -94.25 -94.22 -94.16 -94.09 -94.03 -93.97 -93.88 -93.72 -93.53 -93.34 -93.09 -92.88 -92.62 -92.38 -92.09 -91.81 -91.53 -91.22 -90.91 -90.59 -90.28 -89.94 -89.59 -89.25 -88.94 -88.62 -88.34 -88.09
-90.97 -90.94 -90.91 -90.88 -90.84 -90.84 -90.84 -90.84 -90.88 -90.88 -90.91 -90.94 -90.97 -90.97 -90.94 -90.91 -90.88 -90.81 -90.78 -90.75 -90.72 -90.72 -90.78 -90.91 -91.06 -91.25 -91.44 -91.62 -91.84 -92.06 -92.31 -92.59 -92.84 -93.09 -93.34 -93.56 -93.75 -93.91 -94.06 -94.19 -94.31 -94.38 -94.44 -94.44 -94.41 -94.38 -94.31 -94.25 -94.16 -94.03 -93.88 -93.66 -93.44 -93.19 -92.97 -92.69 -92.44 -92.16 -91.84 -91.56 -91.25 -90.91 -90.59 -90.25 -89.91 -89.56 -89.22 -88.91 -88.56 -88.28 -88.00
-91.22 -91.19 -91.16 -91.12 -91.09 -91.06 -91.06 -91.03 -91.06 -91.09 -91.12 -91.16 -91.19 -91.19 -91.16 -91.12 -91.09 -91.06 -91.03 -91.03 -91.00 -91.00 -91.03 -91.16 -91.34 -91.53 -91.72 -91.91 -92.12 -92.34 -92.59 -92.88 -93.12 -93.38 -93.62 -93.84 -94.03 -94.19 -94.31 -94.44 -94.53 -94.59 -94.62 -94.62 -94.59 -94.56 -94.50 -94.41 -94.31 -94.19 -94.00 -93.81 -93.56 -93.34 -93.09 -92.81 -92.53 -92.25 -91.94 -91.62 -91.31 -90.97 -90.62 -90.28 -89.94 -89.59 -89.25 -88.91 -88.59 -88.28 -88.03
-91.47 -91.44 -91.41 -91.34 -91.31 -91.28 -91.25 -91.25 -91.25 -91.28 -91.34 -91.38 -91.41 -91.44 -91.41 -91.38 -91.31 -91.31 -91.31 -91.31 -91.28 -91.28 -91.31 -91.44 -91.62 -91.84 -92.03 -92.22 -92.41 -92.62 -92.88 -93.12 -93.41 -93.66 -93.91 -94.12 -94.31 -94.47 -94.59 -94.69 -94.75 -94.81 -94.81 -94.81 -94.78 -94.75 -94.69 -94.59 -94.47 -94.31 -94.16 -93.94 -93.72 -93.50 -93.25 -92.97 -92.69 -92.38 -92.06 -91.75 -91.41 -91.06 -90.72 -90.34 -89.97 -89.62 -89.28 -88.97 -88.66 -88.34 -88.09
-91.72 -91.66 -91.62 -91.56 -91.53 -91.47 -91.44 -91.44 -91.44 -91.47 -91.53 -91.59 -91.66 -91.66 -91.66 -91.62 -91.59 -91.59 -91.59 -91.62 -91.59 -91.59 -91.62 -91.75 -91.91 -92.12 -92.34 -92.56 -92.75 -92.94 -93.16 -93.41 -93.66 -93.91 -94.16 -94.38 -94.56 -94.72 -94.84 -94.94 -95.00 -95.03 -95.03 -95.00 -94.97 -94.91 -94.84 -94.75 -94.62 -94.50 -94.31 -94.12 -93.91 -93.69 -93.44 -93.16 -92.84 -92.53 -92.22 -91.88 -91.50 -91.16 -90.78 -90.41 -90.06 -89.69 -89.34 -89.03 -88.72 -88.44 -88.19
-91.91 -91.88 -91.81 -91.78 -91.72 -91.66 -91.62 -91.62 -91.62 -91.69 -91.75 -91.81 -91.88 -91.91 -91.91 -91.88 -91.88 -91.88 -91.91 -91.91 -91.91 -91.91 -91.97 -92.03 -92.19 -92.41 -92.66 -92.88 -93.09 -93.28 -93.47 -93.69 -93.94 -94.16 -94.41 -94.62 -94.81 -94.94 -95.06 -95.16 -95.22 -95.22 -95.22 -95.19 -95.16 -95.09 -95.00 -94.91 -94.81 -94.66 -94.50 -94.31 -94.09 -93.84 -93.59 -93.31 -93.00 -92.66 -92.31 -91.97 -91.59 -91.22 -90.84 -90.47 -90.12 -89.75 -89.41 -89.09 -88.78 -88.53 -88.28
-92.12 -92.06 -92.00 -91.97 -91.91 -91.84 -91.78 -91.78 -91.81 -91.91 -91.97 -92.06 -92.12 -92.16 -92.16 -92.16 -92.16 -92.19 -92.22 -92.22 -92.22 -92.25 -92.28 -92.38 -92.50 -92.69 -92.94 -93.19 -93.44 -93.62 -93.81 -94.00 -94.22 -94.44 -94.62 -94.84 -95.03 -95.19 -95.28 -95.38 -95.44 -95.44 -95.41 -95.38 -95.31 -95.25 -95.19 -95.09 -94.97 -94.81 -94.66 -94.47 -94.25 -94.00 -93.72 -93.41 -93.09 -92.75 -92.41 -92.03 -91.66 -91.28 -90.91 -90.53 -90.16 -89.81 -89.47 -89.16 -88.91 -88.66 -88.44
-92.28 -92.25 -92.19 -92.12 -92.06 -92.00 -91.94 -91.94 -92.00 -92.09 -92.19 -92.28 -92.34 -92.41 -92.44 -92.47 -92.47 -92.50 -92.53 -92.56 -92.56 -92.56 -92.62 -92.69 -92.81 -93.00 -93.22 -93.50 -93.75 -93.97 -94.16 -94.34 -94.53 -94.69 -94.88 -95.06 -95.25 -95.38 -95.50 -95.56 -95.62 -95.62 -95.59 -95.56 -95.50 -95.41 -95.34 -95.22 -95.12 -94.97 -94.81 -94.59 -94.38 -94.12 -93.81 -93.50 -93.16 -92.81 -92.47 -92.09 -91.72 -91.34 -90.97 -90.59 -90.22 -89.88 -89.56 -89.28 -89.03 -88.81 -88.59
-92.47 -92.41 -92.34 -92.28 -92.22 -92.16 -92.09 -92.12 -92.19 -92.28 -92.41 -92.50 -92.59 -92.66 -92.72 -92.75 -92.78 -92.81 -92.84 -92.84 -92.88 -92.88 -92.94 -93.03 -93.16 -93.34 -93.56 -93.78 -94.03 -94.28 -94.50 -94.66 -94.84 -95.00 -95.16 -95.31 -95.44 -95.59 -95.69 -95.75 -95.81 -95.81 -95.78 -95.72 -95.66 -95.56 -95.47 -95.38 -95.22 -95.09 -94.91 -94.72 -94.47 -94.19 -93.91 -93.59 -93.25 -92.91 -92.53 -92.19 -91.81 -91.47 -91.09 -90.72 -90.34 -90.03 -89.75 -89.47 -89.22 -89.00 -88.78
-92.62 -92.56 -92.50 -92.44 -92.38 -92.28 -92.25 -92.28 -92.38 -92.47 -92.59 -92.72 -92.81 -92.91 -92.97 -93.03 -93.06 -93.12 -93.16 -93.16 -93.16 -93.19 -93.25 -93.34 -93.50 -93.66 -93.88 -94.09 -94.34 -94.56 -94.78 -94.97 -95.12 -95.28 -95.41 -95.53 -95.66 -95.75 -95.84 -95.94 -95.97 -95.94 -95.91 -95.84 -95.78 -95.69 -95.59 -95.47 -95.31 -95.16 -95.00 -94.78 -94.53 -94.28 -94.00 -93.69 -93.34 -93.00 -92.69 -92.34 -91.97 -91.62 -91.25 -90.88 -90.56 -90.22 -89.94 -89.66 -89.41 -89.19 -88.97
-92.75 -92.72 -92.66 -92.59 -92.53 -92.47 -92.44 -92.47 -92.56 -92.69 -92.81 -92.94 -93.03 -93.16 -93.22 -93.28 -93.34 -93.41 -93.44 -93.44 -93.47 -93.50 -93.56 -93.66 -93.78 -93.97 -94.19 -94.41 -94.62 -94.84 -95.06 -95.25 -95.41 -95.53 -95.62 -95.75 -95.84 -95.94 -96.00 -96.06 -96.09 -96.06 -96.03 -95.97 -95.88 -95.78 -95.69 -95.53 -95.41 -95.22 -95.03 -94.84 -94.59 -94.34 -94.06 -93.78 -93.47 -93.16 -92.81 -92.50 -92.16 -91.78 -91.44 -91.06 -90.75 -90.44 -90.12 -89.88 -89.62 -89.38 -89.16
-92.91 -92.88 -92.81 -92.75 -92.69 -92.62 -92.62 -92.69 -92.78 -92.88 -93.00 -93.12 -93.25 -93.38 -93.47 -93.53 -93.59 -93.66 -93.69 -93.72 -93.75 -93.78 -93.84 -93.94 -94.06 -94.25 -94.47 -94.69 -94.91 -95.12 -95.31 -95.47 -95.62 -95.75 -95.84 -95.94 -96.03 -96.09 -96.16 -96.19 -96.22 -96.19 -96.12 -96.06 -95.97 -95.88 -95.75 -95.59 -95.44 -95.28 -95.09 -94.88 -94.66 -94.41 -94.16 -93.88 -93.59 -93.28 -92.94 -92.62 -92.28 -91.94 -91.56 -91.25 -90.91 -90.59 -90.31 -90.06 -89.81 -89.59 -89.38
-93.06 -93.00 -92.97 -92.91 -92.84 -92.81 -92.81 -92.88 -92.97 -93.09 -93.22 -93.34 -93.47 -93.56 -93.66 -93.75 -93.84 -93.91 -93.94 -93.97 -94.00 -94.03 -94.09 -94.19 -94.31 -94.50 -94.72 -94.94 -95.16 -95.34 -95.53 -95.69 -95.84 -95.94 -96.06 -96.12 -96.19 -96.25 -96.28 -96.31 -96.31 -96.28 -96.22 -96.12 -96.03 -95.94 -95.78 -95.66 -95.50 -95.31 -95.12 -94.91 -94.69 -94.47 -94.22 -93.94 -93.66 -93.38 -93.06 -92.72 -92.38 -92.03 -91.69 -91.38 -91.06 -90.75 -90.50 -90.25 -90.03 -89.78 -89.56
-93.19 -93.16 -93.09 -93.03 -93.00 -92.97 -93.00 -93.06 -93.19 -93.28 -93.44 -93.53 -93.66 -93.75 -93.88 -93.97 -94.03 -94.09 -94.16 -94.22 -94.25 -94.31 -94.38 -94.44 -94.56 -94.72 -94.91 -95.12 -95.34 -95.53 -95.72 -95.88 -96.00 -96.12 -96.22 -96.28 -96.31 -96.38 -96.38 -96.38 -96.38 -96.34 -96.28 -96.19 -96.09 -95.97 -95.84 -95.69 -95.50 -95.34 -95.12 -94.94 -94.72 -94.50 -94.25 -94.00 -93.72 -93.41 -93.09 -92.78 -92.44 -92.09 -91.78 -91.47 -91.19 -90.91 -90.69 -90.44 -90.19 -89.97 -89.75
-93.31 -93.28 -93.22 -93.16 -93.12 -93.12 -93.19 -93.25 -93.38 -93.50 -93.62 -93.75 -93.84 -93.97 -94.06 -94.12 -94.22 -94.31 -94.38 -94.44 -94.50 -94.56 -94.62 -94.69 -94.78 -94.91 -95.09 -95.31 -95.50 -95.72 -95.88 -96.03 -96.16 -96.25 -96.34 -96.41 -96.44 -96.47 -96.47 -96.47 -96.44 -96.41 -96.31 -96.22 -96.12 -96.00 -95.84 -95.72 -95.53 -95.38 -95.16 -94.97 -94.72 -94.50 -94.25 -94.00 -93.72 -93.44 -93.12 -92.81 -92.50 -92.19 -91.88 -91.59 -91.34 -91.09 -90.84 -90.59 -90.34 -90.12 -89.91
-93.44 -93.38 -93.31 -93.28 -93.28 -93.28 -93.34 -93.44 -93.56 -93.69 -93.81 -93.94 -94.06 -94.16 -94.22 -94.31 -94.38 -94.47 -94.56 -94.62 -94.72 -94.81 -94.88 -94.94 -95.03 -95.12 -95.28 -95.47 -95.66 -95.84 -96.00 -96.12 -96.25 -96.38 -96.44 -96.50 -96.53 -96.56 -96.56 -96.53 -96.50 -96.44 -96.34 -96.25 -96.16 -96.03 -95.88 -95.75 -95.56 -95.41 -95.22 -95.00 -94.78 -94.53 -94.25 -94.00 -93.72 -93.41 -93.12 -92.84 -92.53 -92.25 -92.00 -91.75 -91.50 -91.28 -91.03 -90.75 -90.53 -90.31 -90.09
-93.53 -93.47 -93.41 -93.41 -93.41 -93.44 -93.53 -93.62 -93.75 -93.88 -94.00 -94.12 -94.22 -94.31 -94.41 -94.47 -94.56 -94.62 -94.72 -94.81 -94.91 -95.00 -95.09 -95.16 -95.25 -95.31 -95.44 -95.59 -95.78 -95.94 -96.09 -96.22 -96.34 -96.44 -96.53 -96.59 -96.62 -96.62 -96.62 -96.59 -96.53 -96.47 -96.38 -96.28 -96.16 -96.03 -95.91 -95.78 -95.62 -95.44 -95.25 -95.03 -94.81 -94.56 -94.28 -94.03 -93.75 -93.44 -93.16 -92.91 -92.62 -92.41 -92.16 -91.94 -91.69 -91.47 -91.19 -90.94 -90.69 -90.50 -90.31
