everonasctiles/Tile43,45.asc
ncols 128
nrows 128
xllcorner 0
yllcorner 0
cellsize 2.0
NODATA_value  -9999
[rows 0 to 33 of 128, columns 0 to 76 of 128]
21.34 21.28 21.22 21.19 21.19 21.16 21.16 21.12 21.12 21.12 21.12 21.12 21.12 21.12 21.12 21.12 21.12 21.16 21.16 21.12 21.12 21.12 21.12 21.12 21.12 21.12 21.12 21.12 21.12 21.12 21.12 21.12 21.12 21.12 21.12 21.12 21.12 21.12 21.12 21.12 21.12 21.12 21.12 21.16 21.16 21.12 21.12 21.12 21.09 21.03 20.97 20.88 20.78 20.66 20.50 20.31 20.09 19.91 19.69 19.44 19.22 18.97 18.75 18.50 18.25 18.00 17.72 17.44 17.16 16.88 16.56 16.25 15.88 15.50 15.16 14.88 14.69
21.31 21.25 21.22 21.19 21.16 21.16 21.16 21.12 21.12 21.12 21.12 21.12 21.12 21.12 21.12 21.12 21.12 21.12 21.12 21.12 21.12 21.12 21.12 21.12 21.12 21.12 21.12 21.12 21.12 21.12 21.12 21.12 21.12 21.12 21.12 21.12 21.12 21.12 21.12 21.12 21.12 21.12 21.16 21.16 21.16 21.12 21.12 21.09 21.06 21.00 20.94 20.84 20.75 20.59 20.44 20.25 20.06 19.84 19.62 19.41 19.16 18.94 18.69 18.44 18.19 17.94 17.69 17.41 17.16 16.84 16.56 16.22 15.88 15.47 15.16 14.91 14.75
21.31 21.25 21.22 21.19 21.16 21.16 21.16 21.12 21.12 21.12 21.12 21.12 21.12 21.12 21.12 21.12 21.12 21.12 21.12 21.12 21.12 21.12 21.12 21.12 21.12 21.12 21.12 21.12 21.12 21.12 21.12 21.12 21.12 21.12 21.12 21.12 21.12 21.12 21.12 21.12 21.16 21.16 21.16 21.16 21.12 21.12 21.12 21.09 21.03 20.97 20.91 20.81 20.69 20.56 20.41 20.22 20.00 19.78 19.56 19.34 19.09 18.88 18.62 18.38 18.16 17.91 17.62 17.38 17.12 16.84 16.53 16.22 15.84 15.47 15.19 14.97 14.84
21.31 21.28 21.22 21.22 21.19 21.16 21.16 21.12 21.12 21.12 21.12 21.12 21.12 21.12 21.12 21.12 21.12 21.12 21.12 21.12 21.12 21.12 21.12 21.12 21.12 21.12 21.12 21.12 21.12 21.12 21.12 21.12 21.12 21.12 21.12 21.12 21.12 21.12 21.16 21.16 21.16 21.16 21.16 21.16 21.12 21.12 21.09 21.06 21.03 20.97 20.88 20.78 20.66 20.53 20.34 20.16 19.97 19.75 19.50 19.28 19.06 18.81 18.59 18.34 18.09 17.84 17.59 17.34 17.06 16.81 16.50 16.19 15.84 15.50 15.22 15.03 14.94
21.38 21.31 21.28 21.22 21.19 21.16 21.16 21.12 21.12 21.12 21.12 21.12 21.12 21.12 21.12 21.12 21.12 21.12 21.12 21.12 21.12 21.12 21.12 21.12 21.12 21.12 21.12 21.12 21.12 21.12 21.12 21.12 21.12 21.12 21.12 21.12 21.16 21.16 21.16 21.16 21.16 21.16 21.16 21.16 21.12 21.12 21.09 21.06 21.00 20.94 20.84 20.72 20.59 20.47 20.31 20.12 19.91 19.69 19.47 19.25 19.00 18.78 18.53 18.28 18.03 17.78 17.53 17.28 17.03 16.75 16.47 16.16 15.81 15.50 15.25 15.09 15.03
21.47 21.41 21.34 21.28 21.22 21.19 21.16 21.16 21.12 21.12 21.12 21.12 21.12 21.12 21.12 21.12 21.12 21.12 21.12 21.12 21.12 21.12 21.12 21.12 21.12 21.12 21.09 21.09 21.12 21.12 21.12 21.12 21.12 21.12 21.12 21.16 21.16 21.19 21.19 21.19 21.19 21.19 21.16 21.16 21.12 21.12 21.06 21.03 20.97 20.91 20.81 20.69 20.56 20.41 20.25 20.06 19.84 19.62 19.41 19.19 18.94 18.72 18.47 18.22 18.00 17.75 17.50 17.25 16.97 16.72 16.44 16.12 15.78 15.50 15.28 15.12 15.09
21.56 21.50 21.41 21.31 21.25 21.22 21.16 21.16 21.12 21.12 21.12 21.12 21.12 21.12 21.12 21.12 21.12 21.12 21.12 21.16 21.12 21.12 21.12 21.12 21.09 21.09 21.09 21.09 21.09 21.12 21.12 21.12 21.12 21.12 21.16 21.16 21.19 21.19 21.22 21.22 21.22 21.19 21.19 21.16 21.12 21.09 21.06 21.00 20.94 20.88 20.75 20.62 20.50 20.38 20.19 20.00 19.81 19.59 19.38 19.12 18.91 18.66 18.44 18.19 17.94 17.69 17.44 17.19 16.91 16.66 16.38 16.06 15.75 15.47 15.25 15.16 15.12
21.66 21.59 21.50 21.38 21.28 21.22 21.19 21.16 21.12 21.12 21.12 21.12 21.12 21.12 21.12 21.12 21.12 21.16 21.16 21.16 21.16 21.12 21.12 21.09 21.09 21.09 21.09 21.09 21.09 21.09 21.12 21.12 21.12 21.12 21.16 21.16 21.19 21.22 21.22 21.22 21.22 21.22 21.19 21.16 21.12 21.09 21.03 20.97 20.91 20.81 20.72 20.59 20.44 20.31 20.12 19.97 19.75 19.53 19.31 19.09 18.84 18.62 18.38 18.12 17.88 17.62 17.38 17.12 16.84 16.59 16.31 16.00 15.69 15.41 15.22 15.12 15.12
21.75 21.66 21.56 21.47 21.34 21.25 21.19 21.16 21.12 21.12 21.12 21.12 21.12 21.12 21.12 21.12 21.16 21.16 21.16 21.16 21.12 21.12 21.09 21.09 21.09 21.09 21.09 21.09 21.09 21.09 21.09 21.12 21.12 21.12 21.16 21.16 21.19 21.22 21.25 21.25 21.25 21.22 21.19 21.16 21.09 21.06 21.00 20.94 20.84 20.75 20.66 20.53 20.38 20.25 20.06 19.91 19.69 19.47 19.25 19.03 18.78 18.56 18.31 18.06 17.81 17.56 17.31 17.06 16.78 16.53 16.22 15.88 15.56 15.31 15.12 15.06 15.06
21.81 21.75 21.62 21.53 21.38 21.28 21.19 21.16 21.12 21.12 21.12 21.12 21.12 21.12 21.12 21.12 21.16 21.16 21.16 21.16 21.12 21.12 21.09 21.09 21.09 21.09 21.09 21.09 21.09 21.09 21.09 21.09 21.09 21.12 21.12 21.16 21.19 21.22 21.25 21.25 21.25 21.22 21.19 21.12 21.09 21.03 20.97 20.88 20.78 20.69 20.59 20.47 20.31 20.16 20.00 19.81 19.62 19.44 19.19 18.97 18.75 18.50 18.25 18.00 17.75 17.50 17.25 16.97 16.72 16.44 16.09 15.75 15.44 15.19 15.00 14.94 15.00
21.91 21.81 21.72 21.59 21.44 21.28 21.19 21.16 21.12 21.12 21.12 21.12 21.12 21.12 21.12 21.16 21.16 21.16 21.16 21.12 21.12 21.09 21.09 21.06 21.06 21.06 21.06 21.09 21.09 21.09 21.09 21.09 21.09 21.09 21.12 21.12 21.16 21.19 21.22 21.22 21.22 21.22 21.16 21.09 21.03 20.97 20.91 20.81 20.72 20.62 20.53 20.41 20.25 20.09 19.94 19.75 19.56 19.38 19.16 18.91 18.69 18.44 18.19 17.94 17.69 17.41 17.16 16.88 16.62 16.28 15.94 15.56 15.22 14.97 14.84 14.78 14.88
22.00 21.91 21.78 21.66 21.50 21.31 21.19 21.16 21.12 21.12 21.12 21.12 21.12 21.12 21.12 21.12 21.12 21.16 21.12 21.09 21.09 21.06 21.06 21.03 21.03 21.06 21.06 21.06 21.09 21.09 21.09 21.06 21.06 21.06 21.09 21.09 21.12 21.12 21.16 21.16 21.16 21.16 21.09 21.06 21.00 20.91 20.84 20.75 20.66 20.56 20.44 20.31 20.19 20.03 19.84 19.69 19.50 19.28 19.06 18.84 18.62 18.38 18.12 17.88 17.59 17.34 17.06 16.78 16.47 16.06 15.69 15.31 15.00 14.75 14.62 14.62 14.72
22.12 22.00 21.88 21.75 21.59 21.41 21.22 21.12 21.12 21.12 21.12 21.12 21.12 21.12 21.09 21.09 21.12 21.12 21.09 21.06 21.06 21.03 21.00 21.00 21.00 21.03 21.03 21.06 21.09 21.09 21.06 21.06 21.06 21.03 21.03 21.03 21.06 21.06 21.06 21.06 21.06 21.03 21.00 20.97 20.91 20.84 20.75 20.69 20.59 20.47 20.38 20.25 20.09 19.94 19.78 19.59 19.41 19.22 19.00 18.78 18.56 18.31 18.06 17.78 17.53 17.22 16.88 16.53 16.19 15.78 15.38 15.00 14.72 14.50 14.41 14.44 14.59
22.22 22.12 22.00 21.84 21.69 21.50 21.34 21.16 21.12 21.12 21.12 21.12 21.12 21.09 21.06 21.06 21.09 21.09 21.06 21.03 21.00 20.97 20.97 20.97 20.97 20.97 21.00 21.03 21.06 21.09 21.06 21.03 21.03 21.00 21.00 20.97 20.97 20.97 20.97 20.97 20.94 20.94 20.91 20.88 20.81 20.75 20.69 20.59 20.50 20.41 20.28 20.16 20.03 19.88 19.72 19.53 19.34 19.16 18.94 18.72 18.47 18.25 17.97 17.72 17.38 16.97 16.59 16.19 15.81 15.41 15.03 14.69 14.41 14.25 14.22 14.28 14.56
22.34 22.22 22.09 21.97 21.81 21.62 21.44 21.28 21.16 21.12 21.12 21.12 21.12 21.12 21.09 21.09 21.06 21.03 21.00 20.97 20.94 20.91 20.91 20.91 20.91 20.94 20.97 21.03 21.06 21.06 21.06 21.00 20.97 20.94 20.94 20.91 20.88 20.88 20.88 20.84 20.84 20.81 20.81 20.75 20.72 20.66 20.56 20.50 20.41 20.31 20.19 20.06 19.94 19.78 19.62 19.47 19.28 19.09 18.88 18.66 18.41 18.16 17.91 17.53 17.09 16.66 16.22 15.81 15.41 15.00 14.66 14.34 14.12 13.97 14.03 14.28 14.62
22.47 22.34 22.22 22.06 21.91 21.75 21.56 21.41 21.25 21.16 21.12 21.12 21.16 21.16 21.12 21.09 21.03 20.97 20.94 20.88 20.84 20.84 20.81 20.81 20.84 20.88 20.94 21.00 21.06 21.06 21.03 20.97 20.94 20.91 20.84 20.81 20.81 20.78 20.78 20.75 20.75 20.72 20.69 20.66 20.59 20.53 20.47 20.41 20.31 20.19 20.09 19.97 19.84 19.69 19.56 19.38 19.22 19.00 18.81 18.59 18.34 18.06 17.66 17.19 16.72 16.28 15.81 15.41 15.00 14.62 14.31 14.09 13.97 13.97 14.16 14.41 14.78
22.59 22.47 22.34 22.19 22.03 21.88 21.69 21.53 21.34 21.22 21.16 21.28 21.28 21.19 21.16 21.06 20.97 20.91 20.84 20.81 20.78 20.75 20.75 20.75 20.78 20.81 20.88 20.97 21.00 21.00 20.97 20.94 20.88 20.81 20.78 20.75 20.72 20.69 20.69 20.66 20.66 20.62 20.59 20.56 20.50 20.44 20.38 20.28 20.19 20.09 19.97 19.88 19.75 19.59 19.47 19.31 19.16 18.94 18.75 18.47 18.12 17.72 17.25 16.78 16.31 15.84 15.41 15.00 14.62 14.28 14.06 13.97 13.97 14.09 14.34 14.66 15.06
22.72 22.59 22.47 22.31 22.16 22.00 21.81 21.66 21.47 21.34 21.34 21.44 21.38 21.28 21.12 21.03 20.94 20.84 20.78 20.75 20.72 20.69 20.66 20.69 20.72 20.75 20.84 20.91 20.97 20.94 20.91 20.88 20.81 20.75 20.72 20.66 20.62 20.62 20.59 20.56 20.56 20.53 20.50 20.44 20.41 20.34 20.25 20.19 20.09 19.97 19.88 19.75 19.62 19.50 19.38 19.25 19.06 18.84 18.50 18.12 17.72 17.31 16.84 16.34 15.88 15.44 15.00 14.62 14.34 14.12 14.00 13.97 14.06 14.28 14.56 14.94 15.31
22.84 22.72 22.59 22.44 22.28 22.09 21.94 21.75 21.59 21.50 21.62 21.53 21.47 21.28 21.06 21.00 20.91 20.81 20.75 20.69 20.66 20.62 20.59 20.62 20.66 20.72 20.78 20.84 20.91 20.88 20.84 20.78 20.72 20.69 20.62 20.59 20.56 20.53 20.50 20.50 20.47 20.44 20.41 20.34 20.28 20.22 20.16 20.06 19.97 19.84 19.75 19.62 19.53 19.41 19.28 19.12 18.81 18.47 18.09 17.69 17.28 16.81 16.38 15.91 15.44 15.00 14.66 14.38 14.19 14.06 14.03 14.09 14.25 14.50 14.84 15.19 15.59
23.00 22.84 22.69 22.56 22.38 22.22 22.06 21.88 21.72 21.78 21.72 21.62 21.50 21.16 21.06 20.97 20.88 20.78 20.69 20.66 20.59 20.56 20.56 20.56 20.59 20.66 20.72 20.78 20.81 20.78 20.75 20.69 20.66 20.59 20.53 20.50 20.47 20.47 20.44 20.41 20.38 20.34 20.31 20.25 20.19 20.12 20.03 19.94 19.84 19.72 19.62 19.50 19.41 19.28 19.06 18.75 18.38 18.00 17.59 17.19 16.75 16.31 15.88 15.41 15.00 14.66 14.38 14.22 14.09 14.06 14.12 14.25 14.47 14.75 15.09 15.47 15.84
23.12 22.97 22.81 22.66 22.50 22.31 22.16 21.97 21.91 21.88 21.81 21.69 21.28 21.16 21.06 20.97 20.88 20.78 20.69 20.62 20.59 20.56 20.53 20.53 20.53 20.56 20.62 20.69 20.72 20.69 20.66 20.59 20.56 20.50 20.47 20.44 20.44 20.41 20.38 20.34 20.31 20.25 20.22 20.16 20.06 20.00 19.91 19.81 19.69 19.59 19.47 19.34 19.12 18.84 18.56 18.22 17.81 17.44 17.03 16.62 16.22 15.78 15.34 14.94 14.59 14.34 14.19 14.09 14.09 14.12 14.28 14.47 14.72 15.03 15.38 15.72 16.09
23.25 23.09 22.94 22.78 22.59 22.44 22.25 22.09 22.06 21.97 21.91 21.50 21.31 21.19 21.09 21.00 20.88 20.78 20.69 20.62 20.56 20.53 20.50 20.50 20.50 20.50 20.53 20.59 20.59 20.59 20.56 20.53 20.47 20.44 20.41 20.41 20.38 20.38 20.31 20.28 20.25 20.19 20.12 20.06 19.97 19.88 19.78 19.69 19.56 19.44 19.19 18.91 18.62 18.28 17.97 17.59 17.22 16.84 16.47 16.06 15.66 15.25 14.84 14.50 14.25 14.09 14.03 14.03 14.12 14.25 14.44 14.69 14.97 15.28 15.66 16.00 16.34
23.38 23.19 23.03 22.88 22.69 22.53 22.31 22.22 22.16 22.06 21.75 21.47 21.34 21.22 21.12 21.00 20.91 20.81 20.72 20.62 20.59 20.53 20.50 20.47 20.47 20.47 20.47 20.47 20.50 20.47 20.47 20.44 20.44 20.41 20.41 20.38 20.38 20.31 20.28 20.22 20.16 20.09 20.03 19.94 19.84 19.75 19.66 19.50 19.31 19.03 18.72 18.38 18.03 17.69 17.31 16.97 16.59 16.22 15.84 15.47 15.09 14.72 14.38 14.12 13.97 13.91 13.94 14.03 14.19 14.41 14.66 14.94 15.25 15.59 15.94 16.28 16.62
23.47 23.31 23.12 22.97 22.78 22.59 22.41 22.34 22.25 22.03 21.66 21.50 21.38 21.25 21.12 21.03 20.94 20.81 20.75 20.66 20.59 20.56 20.53 20.50 20.47 20.44 20.44 20.41 20.41 20.41 20.41 20.41 20.41 20.41 20.41 20.38 20.34 20.28 20.22 20.16 20.09 20.00 19.94 19.84 19.72 19.62 19.44 19.12 18.84 18.50 18.16 17.75 17.41 17.03 16.66 16.31 15.94 15.59 15.22 14.88 14.53 14.22 13.97 13.81 13.75 13.78 13.91 14.09 14.31 14.59 14.88 15.19 15.53 15.88 16.22 16.56 16.88
23.56 23.41 23.25 23.06 22.84 22.59 22.53 22.44 22.28 21.84 21.69 21.53 21.41 21.28 21.16 21.06 20.94 20.84 20.78 20.69 20.62 20.59 20.53 20.50 20.47 20.44 20.44 20.41 20.41 20.41 20.41 20.41 20.41 20.41 20.41 20.34 20.31 20.25 20.19 20.12 20.03 19.94 19.84 19.72 19.59 19.44 18.88 18.56 18.25 17.91 17.50 17.12 16.75 16.38 16.03 15.69 15.31 15.00 14.69 14.38 14.09 13.88 13.69 13.59 13.62 13.72 13.94 14.19 14.50 14.81 15.12 15.47 15.84 16.19 16.53 16.84 17.16
23.66 23.50 23.31 23.12 22.81 22.69 22.62 22.53 22.09 21.88 21.72 21.56 21.44 21.31 21.19 21.06 20.97 20.88 20.81 20.72 20.66 20.62 20.56 20.53 20.50 20.47 20.44 20.44 20.44 20.44 20.44 20.44 20.44 20.44 20.41 20.34 20.31 20.22 20.16 20.06 19.97 19.59 19.50 19.50 19.41 18.72 18.34 17.97 17.66 17.28 16.91 16.53 16.16 15.81 15.44 15.09 14.78 14.47 14.19 13.97 13.75 13.62 13.53 13.53 13.59 13.78 14.06 14.38 14.72 15.06 15.44 15.81 16.16 16.50 16.84 17.16 17.41
23.75 23.56 23.41 23.06 22.88 22.81 22.72 22.38 22.09 21.88 21.72 21.59 21.44 21.31 21.22 21.09 21.00 20.91 20.84 20.75 20.72 20.66 20.62 20.56 20.53 20.50 20.50 20.47 20.47 20.47 20.47 20.47 20.47 20.44 20.41 20.34 20.28 20.22 20.12 20.03 19.59 19.47 19.44 19.41 18.72 18.25 17.84 17.47 17.12 16.78 16.44 16.06 15.69 15.31 14.97 14.62 14.31 14.06 13.84 13.66 13.56 13.50 13.50 13.56 13.72 13.94 14.28 14.66 15.03 15.41 15.78 16.16 16.53 16.88 17.19 17.44 17.69
23.81 23.62 23.38 23.06 22.97 22.91 22.69 22.34 22.09 21.91 21.75 21.59 21.47 21.34 21.25 21.12 21.03 20.97 20.88 20.81 20.75 20.69 20.66 20.62 20.59 20.56 20.53 20.53 20.53 20.53 20.53 20.53 20.50 20.47 20.41 20.34 20.28 20.19 20.09 19.62 19.47 19.44 19.44 19.19 18.19 17.78 17.41 17.06 16.72 16.41 16.06 15.72 15.34 14.97 14.59 14.28 14.00 13.78 13.62 13.53 13.53 13.53 13.62 13.75 13.97 14.25 14.59 15.00 15.41 15.81 16.19 16.56 16.91 17.22 17.50 17.75 17.97
23.84 23.66 23.22 23.16 23.09 22.97 22.59 22.34 22.12 21.94 21.78 21.62 21.50 21.38 21.28 21.19 21.09 21.00 20.91 20.84 20.78 20.75 20.72 20.69 20.66 20.62 20.59 20.59 20.56 20.56 20.56 20.56 20.53 20.50 20.44 20.38 20.28 20.19 19.66 19.47 19.44 19.44 19.12 18.12 17.72 17.38 17.06 16.75 16.44 16.16 15.81 15.50 15.12 14.75 14.41 14.09 13.88 13.72 13.62 13.62 13.66 13.75 13.91 14.09 14.38 14.69 15.03 15.44 15.84 16.25 16.62 16.97 17.31 17.59 17.84 18.06 18.28
23.88 23.47 23.31 23.25 23.19 22.88 22.62 22.41 22.19 22.00 21.84 21.69 21.56 21.44 21.34 21.25 21.16 21.06 20.97 20.91 20.84 20.81 20.78 20.75 20.72 20.69 20.66 20.66 20.66 20.66 20.62 20.62 20.59 20.53 20.47 20.41 20.31 20.19 19.50 19.44 19.44 19.09 18.03 17.69 17.34 17.09 16.81 16.56 16.28 16.00 15.72 15.41 15.09 14.75 14.44 14.19 13.97 13.88 13.84 13.88 14.00 14.16 14.34 14.59 14.88 15.22 15.59 15.97 16.38 16.75 17.09 17.44 17.72 17.97 18.22 18.41 18.56
23.75 23.47 23.41 23.34 23.16 22.88 22.66 22.44 22.25 22.06 21.94 21.78 21.66 21.53 21.44 21.31 21.22 21.12 21.06 20.97 20.91 20.88 20.84 20.81 20.78 20.78 20.75 20.72 20.72 20.72 20.69 20.69 20.62 20.59 20.53 20.44 20.31 19.59 19.47 19.41 19.06 17.97 17.69 17.38 17.12 16.91 16.69 16.44 16.22 16.00 15.75 15.50 15.25 14.97 14.72 14.47 14.28 14.25 14.28 14.41 14.53 14.72 14.94 15.19 15.50 15.84 16.19 16.56 16.94 17.28 17.59 17.91 18.16 18.38 18.56 18.72 18.88
23.66 23.56 23.50 23.41 23.12 22.91 22.69 22.50 22.31 22.16 22.00 21.88 21.75 21.66 21.53 21.44 21.34 21.25 21.16 21.09 21.00 20.97 20.94 20.91 20.91 20.88 20.84 20.81 20.81 20.78 20.78 20.75 20.69 20.25 20.28 20.47 19.94 19.69 19.31 18.91 18.25 17.84 17.44 17.19 17.00 16.81 16.62 16.44 16.28 16.09 15.91 15.75 15.53 15.34 15.16 15.03 14.94 14.91 14.97 15.06 15.22 15.41 15.62 15.91 16.19 16.53 16.84 17.19 17.53 17.84 18.12 18.38 18.59 18.78 18.94 19.06 19.19
23.75 23.66 23.59 23.34 23.12 22.91 22.72 22.56 22.41 22.25 22.12 22.00 21.88 21.75 21.66 21.56 21.47 21.38 21.31 21.22 21.16 21.09 21.06 21.03 21.00 20.97 20.94 20.94 20.91 20.88 20.84 20.81 19.44 19.44 20.22 20.28 20.31 19.66 19.12 18.56 18.03 17.53 17.25 17.06 16.94 16.78 16.66 16.53 16.41 16.28 16.19 16.09 16.00 15.91 15.84 15.78 15.72 15.75 15.81 15.91 16.06 16.22 16.44 16.69 16.94 17.22 17.53 17.84 18.12 18.41 18.62 18.84 19.03 19.16 19.28 19.41 19.50
23.81 23.75 23.59 23.34 23.12 22.94 22.78 22.62 22.47 22.34 22.22 22.09 22.00 21.91 21.81 21.72 21.62 21.53 21.47 21.38 21.31 21.25 21.19 21.16 21.12 21.09 21.06 21.03 21.00 20.97 20.94 20.88 19.44 19.50 20.28 20.44 20.16 19.44 18.88 18.28 17.81 17.41 17.16 17.03 16.94 16.84 16.75 16.69 16.62 16.56 16.56 16.53 16.53 16.56 16.56 16.56 16.59 16.66 16.72 16.81 16.94 17.09 17.28 17.47 17.72 17.97 18.22 18.50 18.75 18.97 19.16 19.31 19.44 19.56 19.66 19.75 19.81
