everonasctiles/Tile[47,3].asc
ncols 128
nrows 128
xllcorner 0
yllcorner 0
cellsize 2.0
NODATA_value  -9999
[rows 32 to 63 of 128, columns 0 to 70 of 128]
-51.53 -51.47 -51.41 -51.31 -51.19 -51.06 -50.97 -50.94 -51.03 -51.09 -51.16 -51.22 -51.31 -51.44 -51.53 -51.56 -51.59 -51.59 -51.62 -51.62 -51.66 -51.75 -51.91 -52.03 -52.12 -52.16 -52.16 -52.16 -52.16 -52.16 -52.19 -52.16 -52.09 -52.09 -52.16 -52.31 -52.47 -52.59 -52.72 -52.78 -52.81 -52.84 -52.91 -52.97 -53.03 -53.12 -53.19 -53.25 -53.25 -53.22 -53.22 -53.22 -53.28 -53.31 -53.31 -53.31 -53.31 -53.34 -53.38 -53.41 -53.47 -53.50 -53.56 -53.62 -53.66 -53.69 -53.72 -53.75 -53.72 -53.62 -53.50
-51.78 -51.78 -51.72 -51.66 -51.56 -51.47 -51.38 -51.34 -51.41 -51.47 -51.53 -51.59 -51.72 -51.84 -51.94 -52.00 -52.03 -52.06 -52.06 -52.06 -52.06 -52.12 -52.25 -52.41 -52.53 -52.59 -52.59 -52.56 -52.53 -52.56 -52.56 -52.56 -52.53 -52.47 -52.53 -52.66 -52.84 -53.00 -53.12 -53.19 -53.22 -53.25 -53.31 -53.34 -53.44 -53.53 -53.59 -53.66 -53.66 -53.62 -53.59 -53.59 -53.62 -53.69 -53.69 -53.69 -53.69 -53.69 -53.72 -53.75 -53.81 -53.84 -53.91 -54.00 -54.06 -54.12 -54.16 -54.16 -54.12 -54.03 -53.88
-52.09 -52.06 -52.06 -52.00 -51.94 -51.84 -51.78 -51.75 -51.78 -51.84 -51.91 -52.00 -52.09 -52.25 -52.38 -52.44 -52.50 -52.53 -52.53 -52.53 -52.53 -52.56 -52.66 -52.78 -52.94 -53.00 -53.00 -52.97 -52.94 -52.97 -53.00 -53.00 -52.94 -52.91 -52.94 -53.06 -53.22 -53.38 -53.53 -53.62 -53.66 -53.69 -53.72 -53.75 -53.84 -53.94 -54.03 -54.06 -54.06 -54.06 -54.00 -54.00 -54.00 -54.06 -54.09 -54.09 -54.09 -54.06 -54.09 -54.09 -54.16 -54.22 -54.28 -54.38 -54.47 -54.53 -54.59 -54.59 -54.56 -54.44 -54.28
-52.41 -52.41 -52.41 -52.38 -52.31 -52.25 -52.19 -52.16 -52.19 -52.22 -52.28 -52.38 -52.50 -52.66 -52.78 -52.88 -52.94 -52.97 -53.00 -53.03 -53.03 -53.03 -53.06 -53.22 -53.34 -53.44 -53.44 -53.41 -53.38 -53.44 -53.47 -53.47 -53.41 -53.38 -53.38 -53.47 -53.62 -53.78 -53.94 -54.03 -54.09 -54.12 -54.16 -54.19 -54.25 -54.34 -54.44 -54.50 -54.53 -54.50 -54.44 -54.38 -54.38 -54.41 -54.47 -54.50 -54.47 -54.47 -54.44 -54.47 -54.50 -54.59 -54.69 -54.78 -54.88 -54.94 -55.00 -55.00 -54.94 -54.81 -54.66
-52.72 -52.72 -52.72 -52.72 -52.69 -52.66 -52.59 -52.56 -52.56 -52.59 -52.69 -52.78 -52.91 -53.03 -53.19 -53.31 -53.38 -53.44 -53.50 -53.53 -53.56 -53.56 -53.56 -53.62 -53.75 -53.88 -53.91 -53.88 -53.88 -53.91 -53.94 -53.94 -53.88 -53.84 -53.88 -53.94 -54.06 -54.19 -54.34 -54.47 -54.53 -54.56 -54.59 -54.62 -54.69 -54.78 -54.88 -54.94 -54.97 -54.94 -54.84 -54.78 -54.75 -54.78 -54.84 -54.91 -54.88 -54.84 -54.81 -54.81 -54.88 -55.00 -55.09 -55.19 -55.28 -55.38 -55.44 -55.44 -55.34 -55.22 -55.03
-53.03 -53.06 -53.06 -53.06 -53.06 -53.03 -53.00 -52.97 -52.97 -53.00 -53.06 -53.19 -53.31 -53.44 -53.59 -53.72 -53.78 -53.88 -53.97 -54.03 -54.06 -54.09 -54.06 -54.12 -54.22 -54.31 -54.34 -54.34 -54.34 -54.38 -54.44 -54.41 -54.38 -54.34 -54.38 -54.41 -54.50 -54.59 -54.72 -54.88 -54.97 -55.03 -55.09 -55.09 -55.12 -55.22 -55.31 -55.38 -55.41 -55.38 -55.28 -55.22 -55.12 -55.16 -55.25 -55.28 -55.28 -55.22 -55.16 -55.19 -55.28 -55.41 -55.50 -55.62 -55.72 -55.81 -55.84 -55.84 -55.75 -55.59 -55.41
-53.38 -53.41 -53.41 -53.41 -53.41 -53.41 -53.38 -53.38 -53.38 -53.38 -53.47 -53.59 -53.72 -53.84 -54.00 -54.09 -54.19 -54.28 -54.41 -54.50 -54.56 -54.59 -54.59 -54.59 -54.66 -54.75 -54.81 -54.81 -54.84 -54.88 -54.91 -54.91 -54.84 -54.84 -54.88 -54.91 -54.94 -55.00 -55.12 -55.28 -55.44 -55.53 -55.56 -55.56 -55.59 -55.66 -55.75 -55.81 -55.84 -55.81 -55.75 -55.66 -55.56 -55.56 -55.62 -55.69 -55.66 -55.59 -55.53 -55.53 -55.66 -55.81 -55.94 -56.06 -56.16 -56.25 -56.28 -56.25 -56.12 -55.97 -55.78
-53.72 -53.72 -53.72 -53.75 -53.75 -53.75 -53.75 -53.72 -53.75 -53.78 -53.84 -53.97 -54.12 -54.28 -54.38 -54.47 -54.56 -54.69 -54.84 -54.97 -55.06 -55.09 -55.09 -55.09 -55.12 -55.19 -55.25 -55.28 -55.31 -55.34 -55.38 -55.38 -55.34 -55.34 -55.34 -55.38 -55.41 -55.44 -55.53 -55.69 -55.88 -56.00 -56.03 -56.06 -56.06 -56.09 -56.19 -56.25 -56.28 -56.28 -56.22 -56.12 -56.06 -56.03 -56.06 -56.06 -56.03 -55.94 -55.88 -55.91 -56.06 -56.22 -56.38 -56.50 -56.59 -56.69 -56.69 -56.66 -56.53 -56.34 -56.16
-54.06 -54.06 -54.06 -54.06 -54.06 -54.06 -54.06 -54.09 -54.12 -54.16 -54.25 -54.38 -54.53 -54.66 -54.78 -54.84 -54.94 -55.09 -55.25 -55.41 -55.53 -55.59 -55.59 -55.59 -55.59 -55.66 -55.72 -55.75 -55.75 -55.78 -55.84 -55.84 -55.84 -55.84 -55.84 -55.88 -55.91 -55.91 -55.94 -56.12 -56.31 -56.47 -56.53 -56.53 -56.53 -56.56 -56.62 -56.69 -56.72 -56.72 -56.66 -56.59 -56.53 -56.50 -56.50 -56.50 -56.41 -56.28 -56.19 -56.28 -56.47 -56.66 -56.81 -56.97 -57.06 -57.12 -57.12 -57.03 -56.91 -56.72 -56.53
-54.38 -54.38 -54.34 -54.34 -54.34 -54.34 -54.38 -54.41 -54.47 -54.53 -54.62 -54.78 -54.91 -55.06 -55.16 -55.22 -55.34 -55.47 -55.66 -55.84 -56.00 -56.09 -56.09 -56.06 -56.06 -56.09 -56.16 -56.19 -56.19 -56.22 -56.28 -56.34 -56.34 -56.34 -56.34 -56.38 -56.38 -56.38 -56.38 -56.53 -56.75 -56.91 -57.00 -57.00 -57.00 -57.00 -57.06 -57.12 -57.16 -57.16 -57.12 -57.09 -57.03 -57.00 -56.97 -56.91 -56.78 -56.66 -56.50 -56.66 -56.88 -57.06 -57.25 -57.41 -57.50 -57.56 -57.53 -57.44 -57.28 -57.09 -56.94
-54.72 -54.69 -54.66 -54.62 -54.62 -54.62 -54.69 -54.75 -54.81 -54.91 -55.03 -55.16 -55.31 -55.44 -55.53 -55.59 -55.69 -55.88 -56.06 -56.28 -56.44 -56.56 -56.56 -56.53 -56.53 -56.56 -56.59 -56.59 -56.62 -56.66 -56.75 -56.81 -56.84 -56.84 -56.84 -56.88 -56.88 -56.84 -56.81 -56.97 -57.19 -57.38 -57.47 -57.47 -57.44 -57.44 -57.47 -57.53 -57.59 -57.59 -57.59 -57.56 -57.53 -57.50 -57.44 -57.34 -57.19 -57.00 -56.84 -57.03 -57.28 -57.50 -57.69 -57.84 -57.94 -58.00 -57.94 -57.84 -57.66 -57.47 -57.34
-55.00 -55.00 -54.94 -54.91 -54.88 -54.91 -55.00 -55.06 -55.16 -55.25 -55.38 -55.56 -55.72 -55.84 -55.94 -55.97 -56.06 -56.25 -56.47 -56.69 -56.88 -57.00 -57.00 -56.97 -56.97 -57.00 -57.03 -57.03 -57.03 -57.09 -57.19 -57.28 -57.31 -57.31 -57.34 -57.38 -57.34 -57.31 -57.28 -57.41 -57.62 -57.81 -57.91 -57.91 -57.88 -57.84 -57.88 -57.94 -58.00 -58.03 -58.03 -58.00 -58.00 -57.97 -57.91 -57.78 -57.59 -57.38 -57.25 -57.44 -57.69 -57.91 -58.12 -58.28 -58.38 -58.41 -58.38 -58.25 -58.06 -57.91 -57.78
-55.31 -55.28 -55.22 -55.19 -55.16 -55.19 -55.31 -55.41 -55.50 -55.62 -55.75 -55.91 -56.09 -56.25 -56.31 -56.38 -56.44 -56.62 -56.88 -57.09 -57.31 -57.41 -57.44 -57.44 -57.44 -57.44 -57.44 -57.44 -57.47 -57.56 -57.66 -57.72 -57.75 -57.78 -57.81 -57.84 -57.84 -57.78 -57.75 -57.84 -58.06 -58.25 -58.34 -58.34 -58.28 -58.25 -58.28 -58.34 -58.41 -58.44 -58.44 -58.47 -58.47 -58.44 -58.38 -58.22 -58.00 -57.78 -57.69 -57.91 -58.12 -58.34 -58.53 -58.69 -58.78 -58.81 -58.78 -58.66 -58.50 -58.31 -58.22
-55.62 -55.59 -55.53 -55.44 -55.41 -55.47 -55.59 -55.75 -55.84 -55.97 -56.09 -56.28 -56.47 -56.66 -56.75 -56.78 -56.84 -57.00 -57.25 -57.50 -57.69 -57.84 -57.88 -57.88 -57.88 -57.88 -57.84 -57.84 -57.91 -58.00 -58.12 -58.19 -58.19 -58.22 -58.25 -58.31 -58.31 -58.28 -58.22 -58.31 -58.50 -58.66 -58.75 -58.75 -58.69 -58.66 -58.69 -58.75 -58.81 -58.84 -58.88 -58.91 -58.94 -58.91 -58.81 -58.62 -58.41 -58.19 -58.22 -58.41 -58.59 -58.75 -58.94 -59.09 -59.22 -59.25 -59.19 -59.06 -58.91 -58.75 -58.66
-55.91 -55.88 -55.81 -55.75 -55.69 -55.75 -55.91 -56.06 -56.22 -56.34 -56.47 -56.62 -56.84 -57.03 -57.16 -57.22 -57.31 -57.44 -57.62 -57.88 -58.06 -58.22 -58.28 -58.31 -58.31 -58.31 -58.25 -58.25 -58.34 -58.47 -58.56 -58.62 -58.66 -58.66 -58.69 -58.75 -58.75 -58.72 -58.69 -58.78 -58.94 -59.09 -59.16 -59.16 -59.09 -59.03 -59.06 -59.12 -59.19 -59.25 -59.28 -59.34 -59.38 -59.34 -59.22 -59.06 -58.84 -58.62 -58.69 -58.88 -59.03 -59.19 -59.34 -59.50 -59.62 -59.66 -59.59 -59.47 -59.31 -59.19 -59.06
-56.22 -56.19 -56.12 -56.06 -56.00 -56.03 -56.22 -56.41 -56.56 -56.72 -56.84 -57.00 -57.19 -57.41 -57.56 -57.69 -57.78 -57.88 -58.03 -58.25 -58.44 -58.59 -58.69 -58.75 -58.75 -58.72 -58.69 -58.66 -58.75 -58.91 -59.03 -59.09 -59.09 -59.09 -59.12 -59.19 -59.19 -59.19 -59.19 -59.25 -59.38 -59.50 -59.56 -59.56 -59.47 -59.44 -59.44 -59.50 -59.56 -59.62 -59.69 -59.75 -59.78 -59.75 -59.62 -59.47 -59.25 -59.09 -59.16 -59.31 -59.44 -59.59 -59.75 -59.91 -60.03 -60.06 -60.00 -59.88 -59.75 -59.59 -59.50
-56.53 -56.50 -56.44 -56.41 -56.34 -56.38 -56.50 -56.72 -56.91 -57.06 -57.22 -57.38 -57.53 -57.75 -57.94 -58.09 -58.22 -58.31 -58.47 -58.62 -58.78 -58.94 -59.06 -59.16 -59.16 -59.12 -59.09 -59.09 -59.19 -59.31 -59.44 -59.50 -59.53 -59.53 -59.56 -59.59 -59.62 -59.62 -59.66 -59.72 -59.81 -59.91 -59.97 -59.94 -59.88 -59.81 -59.81 -59.88 -59.94 -60.00 -60.06 -60.12 -60.16 -60.12 -60.00 -59.84 -59.69 -59.53 -59.56 -59.69 -59.84 -60.03 -60.16 -60.31 -60.41 -60.44 -60.38 -60.28 -60.16 -60.03 -59.91
-56.81 -56.81 -56.78 -56.75 -56.72 -56.75 -56.88 -57.06 -57.25 -57.44 -57.59 -57.75 -57.91 -58.12 -58.31 -58.50 -58.62 -58.72 -58.84 -58.97 -59.12 -59.28 -59.44 -59.53 -59.56 -59.53 -59.50 -59.50 -59.59 -59.72 -59.84 -59.94 -59.97 -59.97 -59.97 -60.00 -60.03 -60.06 -60.09 -60.19 -60.25 -60.34 -60.38 -60.31 -60.25 -60.19 -60.19 -60.25 -60.31 -60.38 -60.44 -60.50 -60.53 -60.50 -60.38 -60.25 -60.09 -60.00 -59.94 -60.06 -60.22 -60.41 -60.56 -60.69 -60.81 -60.84 -60.78 -60.69 -60.56 -60.47 -60.34
-57.12 -57.12 -57.09 -57.09 -57.12 -57.16 -57.25 -57.41 -57.59 -57.78 -57.94 -58.09 -58.28 -58.47 -58.69 -58.88 -59.00 -59.12 -59.22 -59.34 -59.47 -59.62 -59.78 -59.88 -59.94 -59.91 -59.91 -59.88 -59.97 -60.09 -60.22 -60.31 -60.38 -60.41 -60.41 -60.41 -60.41 -60.47 -60.53 -60.62 -60.69 -60.75 -60.78 -60.69 -60.59 -60.56 -60.56 -60.62 -60.66 -60.72 -60.78 -60.84 -60.88 -60.84 -60.75 -60.62 -60.50 -60.41 -60.34 -60.41 -60.56 -60.78 -60.97 -61.09 -61.19 -61.22 -61.16 -61.09 -60.97 -60.88 -60.75
-57.41 -57.44 -57.44 -57.47 -57.50 -57.56 -57.66 -57.78 -57.94 -58.12 -58.28 -58.47 -58.62 -58.81 -59.00 -59.22 -59.38 -59.50 -59.59 -59.69 -59.78 -59.94 -60.09 -60.22 -60.28 -60.28 -60.28 -60.28 -60.34 -60.44 -60.56 -60.69 -60.75 -60.78 -60.78 -60.78 -60.81 -60.88 -60.94 -61.03 -61.12 -61.16 -61.16 -61.09 -60.97 -60.91 -60.94 -60.97 -61.03 -61.06 -61.16 -61.19 -61.22 -61.19 -61.09 -61.00 -60.91 -60.78 -60.69 -60.69 -60.91 -61.12 -61.31 -61.47 -61.56 -61.59 -61.53 -61.47 -61.38 -61.28 -61.19
-57.72 -57.75 -57.78 -57.84 -57.91 -57.97 -58.06 -58.16 -58.31 -58.47 -58.62 -58.81 -58.97 -59.16 -59.34 -59.53 -59.72 -59.84 -59.94 -60.03 -60.12 -60.25 -60.41 -60.53 -60.62 -60.66 -60.66 -60.66 -60.69 -60.78 -60.91 -61.03 -61.12 -61.16 -61.19 -61.16 -61.19 -61.25 -61.34 -61.44 -61.53 -61.56 -61.53 -61.47 -61.34 -61.31 -61.31 -61.34 -61.38 -61.41 -61.47 -61.53 -61.56 -61.53 -61.47 -61.38 -61.28 -61.16 -61.06 -61.00 -61.22 -61.44 -61.66 -61.84 -61.94 -61.97 -61.91 -61.84 -61.78 -61.69 -61.59
-58.03 -58.06 -58.12 -58.19 -58.28 -58.34 -58.44 -58.56 -58.69 -58.81 -58.97 -59.12 -59.31 -59.47 -59.66 -59.84 -60.03 -60.19 -60.28 -60.38 -60.44 -60.56 -60.72 -60.84 -60.94 -60.97 -61.00 -61.00 -61.03 -61.12 -61.25 -61.38 -61.47 -61.53 -61.53 -61.53 -61.56 -61.62 -61.75 -61.84 -61.94 -61.94 -61.94 -61.84 -61.75 -61.69 -61.69 -61.69 -61.69 -61.72 -61.78 -61.84 -61.88 -61.88 -61.81 -61.72 -61.62 -61.53 -61.41 -61.34 -61.53 -61.78 -62.00 -62.19 -62.28 -62.31 -62.28 -62.22 -62.16 -62.09 -62.03
-58.34 -58.38 -58.47 -58.56 -58.66 -58.75 -58.81 -58.91 -59.03 -59.19 -59.31 -59.47 -59.62 -59.81 -59.97 -60.16 -60.31 -60.47 -60.59 -60.69 -60.75 -60.88 -61.00 -61.12 -61.25 -61.28 -61.31 -61.34 -61.38 -61.44 -61.53 -61.66 -61.78 -61.84 -61.88 -61.88 -61.91 -61.97 -62.09 -62.22 -62.31 -62.31 -62.28 -62.22 -62.16 -62.09 -62.06 -62.06 -62.03 -62.03 -62.09 -62.16 -62.19 -62.19 -62.12 -62.06 -61.97 -61.88 -61.75 -61.72 -61.88 -62.09 -62.31 -62.50 -62.62 -62.66 -62.62 -62.56 -62.50 -62.47 -62.44
-58.66 -58.72 -58.78 -58.91 -59.03 -59.12 -59.19 -59.28 -59.41 -59.53 -59.66 -59.78 -59.94 -60.09 -60.28 -60.44 -60.62 -60.78 -60.91 -61.00 -61.06 -61.16 -61.28 -61.41 -61.50 -61.59 -61.62 -61.66 -61.69 -61.78 -61.84 -61.94 -62.06 -62.12 -62.19 -62.19 -62.22 -62.31 -62.44 -62.56 -62.66 -62.69 -62.66 -62.59 -62.53 -62.47 -62.44 -62.38 -62.34 -62.34 -62.38 -62.44 -62.50 -62.50 -62.44 -62.38 -62.31 -62.22 -62.12 -62.09 -62.22 -62.44 -62.66 -62.81 -62.94 -62.97 -62.94 -62.91 -62.88 -62.84 -62.88
-58.97 -59.03 -59.12 -59.28 -59.41 -59.50 -59.56 -59.66 -59.75 -59.88 -59.97 -60.09 -60.22 -60.41 -60.59 -60.75 -60.91 -61.06 -61.19 -61.28 -61.34 -61.41 -61.53 -61.66 -61.78 -61.84 -61.91 -61.94 -62.00 -62.06 -62.16 -62.22 -62.31 -62.41 -62.47 -62.50 -62.53 -62.62 -62.75 -62.91 -62.97 -63.00 -63.00 -62.94 -62.88 -62.84 -62.78 -62.72 -62.66 -62.66 -62.69 -62.72 -62.78 -62.78 -62.75 -62.69 -62.62 -62.53 -62.47 -62.47 -62.59 -62.78 -62.97 -63.16 -63.25 -63.28 -63.25 -63.22 -63.19 -63.22 -63.25
-59.31 -59.34 -59.47 -59.62 -59.78 -59.88 -59.94 -60.00 -60.09 -60.19 -60.31 -60.41 -60.53 -60.69 -60.88 -61.06 -61.22 -61.34 -61.47 -61.56 -61.62 -61.69 -61.78 -61.91 -62.00 -62.09 -62.16 -62.22 -62.31 -62.38 -62.44 -62.50 -62.56 -62.66 -62.75 -62.78 -62.84 -62.94 -63.06 -63.19 -63.28 -63.31 -63.31 -63.28 -63.22 -63.16 -63.09 -63.03 -62.97 -62.94 -62.97 -63.00 -63.06 -63.06 -63.06 -63.00 -62.94 -62.84 -62.81 -62.88 -62.97 -63.12 -63.31 -63.47 -63.56 -63.59 -63.56 -63.53 -63.53 -63.56 -63.62
-59.62 -59.66 -59.78 -59.94 -60.12 -60.25 -60.31 -60.34 -60.44 -60.53 -60.62 -60.72 -60.81 -60.97 -61.16 -61.34 -61.50 -61.66 -61.75 -61.84 -61.91 -61.94 -62.00 -62.12 -62.25 -62.34 -62.41 -62.50 -62.56 -62.62 -62.69 -62.75 -62.81 -62.94 -63.00 -63.06 -63.16 -63.25 -63.34 -63.47 -63.56 -63.59 -63.59 -63.56 -63.53 -63.47 -63.41 -63.31 -63.25 -63.22 -63.25 -63.28 -63.34 -63.38 -63.34 -63.28 -63.22 -63.19 -63.16 -63.22 -63.34 -63.47 -63.62 -63.78 -63.88 -63.91 -63.88 -63.88 -63.88 -63.94 -64.00
-59.94 -59.97 -60.09 -60.28 -60.47 -60.59 -60.66 -60.72 -60.78 -60.84 -60.94 -61.03 -61.12 -61.25 -61.41 -61.59 -61.78 -61.91 -62.03 -62.12 -62.16 -62.19 -62.22 -62.31 -62.44 -62.56 -62.66 -62.72 -62.81 -62.88 -62.94 -63.00 -63.06 -63.16 -63.25 -63.34 -63.44 -63.53 -63.62 -63.75 -63.84 -63.88 -63.88 -63.84 -63.81 -63.75 -63.69 -63.59 -63.53 -63.50 -63.50 -63.53 -63.59 -63.62 -63.62 -63.59 -63.53 -63.50 -63.53 -63.59 -63.69 -63.81 -63.94 -64.06 -64.19 -64.22 -64.22 -64.22 -64.25 -64.28 -64.38
-60.28 -60.31 -60.41 -60.59 -60.78 -60.94 -61.03 -61.06 -61.12 -61.19 -61.28 -61.34 -61.44 -61.56 -61.69 -61.84 -62.03 -62.19 -62.31 -62.38 -62.44 -62.44 -62.47 -62.53 -62.62 -62.75 -62.84 -62.94 -63.03 -63.09 -63.16 -63.22 -63.31 -63.41 -63.50 -63.59 -63.69 -63.81 -63.91 -64.00 -64.09 -64.12 -64.12 -64.12 -64.06 -64.00 -63.94 -63.84 -63.81 -63.75 -63.75 -63.78 -63.84 -63.91 -63.91 -63.91 -63.88 -63.88 -63.88 -63.91 -64.00 -64.12 -64.25 -64.38 -64.50 -64.56 -64.56 -64.59 -64.59 -64.66 -64.75
-60.59 -60.62 -60.69 -60.88 -61.06 -61.25 -61.38 -61.44 -61.47 -61.53 -61.59 -61.66 -61.75 -61.84 -61.97 -62.12 -62.28 -62.41 -62.56 -62.66 -62.69 -62.69 -62.69 -62.72 -62.81 -62.91 -63.03 -63.16 -63.22 -63.31 -63.38 -63.47 -63.53 -63.62 -63.72 -63.84 -63.94 -64.06 -64.16 -64.25 -64.31 -64.38 -64.38 -64.38 -64.31 -64.25 -64.19 -64.12 -64.06 -64.03 -64.00 -64.03 -64.09 -64.16 -64.22 -64.22 -64.22 -64.22 -64.22 -64.25 -64.34 -64.44 -64.56 -64.69 -64.81 -64.88 -64.94 -64.94 -64.97 -65.03 -65.09
-60.91 -60.94 -61.00 -61.12 -61.34 -61.53 -61.69 -61.78 -61.81 -61.84 -61.91 -61.97 -62.06 -62.16 -62.28 -62.38 -62.53 -62.66 -62.78 -62.91 -62.97 -62.97 -62.94 -62.94 -63.00 -63.09 -63.22 -63.31 -63.41 -63.50 -63.59 -63.66 -63.75 -63.84 -63.94 -64.06 -64.19 -64.28 -64.41 -64.47 -64.53 -64.59 -64.59 -64.59 -64.56 -64.50 -64.44 -64.38 -64.31 -64.28 -64.25 -64.25 -64.31 -64.41 -64.50 -64.53 -64.56 -64.56 -64.56 -64.59 -64.62 -64.72 -64.88 -65.00 -65.12 -65.22 -65.28 -65.31 -65.34 -65.41 -65.47
-61.25 -61.28 -61.31 -61.38 -61.59 -61.81 -62.00 -62.09 -62.16 -62.19 -62.22 -62.28 -62.34 -62.47 -62.56 -62.66 -62.78 -62.91 -63.03 -63.16 -63.22 -63.25 -63.22 -63.19 -63.22 -63.28 -63.38 -63.47 -63.56 -63.69 -63.78 -63.84 -63.94 -64.03 -64.12 -64.25 -64.38 -64.50 -64.62 -64.69 -64.75 -64.78 -64.81 -64.81 -64.78 -64.72 -64.66 -64.62 -64.56 -64.53 -64.50 -64.50 -64.56 -64.69 -64.78 -64.88 -64.91 -64.94 -64.91 -64.91 -64.94 -65.03 -65.16 -65.31 -65.44 -65.56 -65.62 -65.69 -65.72 -65.75 -65.81
