everonasctiles/Tile0,0.asc
ncols 128
nrows 128
xllcorner 0
yllcorner 0
cellsize 2.0
NODATA_value  -9999
[rows 0 to 28 of 128, columns 0 to 66 of 128]
-137.12 -137.25 -137.38 -137.56 -137.72 -137.88 -138.03 -138.16 -138.25 -138.38 -138.50 -138.59 -138.72 -138.81 -138.91 -139.00 -139.09 -139.19 -139.25 -139.34 -139.44 -139.53 -139.62 -139.72 -139.81 -139.91 -140.00 -140.12 -140.25 -140.41 -140.59 -140.78 -140.97 -141.19 -141.38 -141.56 -141.72 -141.88 -142.03 -142.19 -142.34 -142.53 -142.72 -142.91 -143.09 -143.28 -143.47 -143.62 -143.75 -143.88 -144.00 -144.09 -144.22 -144.38 -144.56 -144.72 -144.94 -145.12 -145.34 -145.53 -145.69 -145.84 -146.00 -146.12 -146.25 -146.34 -146.41
-137.09 -137.22 -137.38 -137.53 -137.69 -137.84 -137.97 -138.09 -138.22 -138.31 -138.44 -138.56 -138.66 -138.75 -138.84 -138.94 -139.03 -139.12 -139.19 -139.28 -139.38 -139.47 -139.56 -139.66 -139.75 -139.84 -139.97 -140.09 -140.22 -140.38 -140.53 -140.69 -140.88 -141.06 -141.25 -141.41 -141.56 -141.69 -141.81 -141.94 -142.09 -142.25 -142.44 -142.66 -142.84 -143.03 -143.19 -143.34 -143.47 -143.59 -143.69 -143.81 -143.97 -144.12 -144.31 -144.50 -144.72 -144.94 -145.16 -145.34 -145.53 -145.72 -145.88 -146.03 -146.16 -146.25 -146.34
-137.06 -137.19 -137.31 -137.47 -137.62 -137.78 -137.91 -138.03 -138.16 -138.28 -138.41 -138.50 -138.62 -138.72 -138.78 -138.88 -138.94 -139.03 -139.12 -139.22 -139.31 -139.41 -139.50 -139.62 -139.72 -139.84 -139.94 -140.09 -140.22 -140.34 -140.50 -140.62 -140.78 -140.94 -141.09 -141.22 -141.34 -141.47 -141.59 -141.72 -141.84 -142.00 -142.19 -142.38 -142.56 -142.75 -142.91 -143.06 -143.19 -143.28 -143.41 -143.53 -143.69 -143.84 -144.06 -144.28 -144.50 -144.72 -144.97 -145.19 -145.38 -145.56 -145.75 -145.91 -146.06 -146.19 -146.28
-137.03 -137.12 -137.28 -137.41 -137.56 -137.69 -137.81 -137.94 -138.06 -138.22 -138.34 -138.44 -138.53 -138.62 -138.69 -138.78 -138.84 -138.94 -139.03 -139.16 -139.25 -139.38 -139.50 -139.59 -139.72 -139.84 -139.97 -140.09 -140.22 -140.34 -140.47 -140.59 -140.72 -140.84 -140.94 -141.06 -141.16 -141.28 -141.38 -141.47 -141.59 -141.75 -141.94 -142.12 -142.31 -142.50 -142.66 -142.78 -142.88 -143.00 -143.12 -143.25 -143.41 -143.59 -143.81 -144.03 -144.25 -144.50 -144.75 -144.97 -145.22 -145.41 -145.62 -145.78 -145.94 -146.06 -146.19
-136.97 -137.06 -137.19 -137.34 -137.47 -137.59 -137.72 -137.88 -138.00 -138.12 -138.25 -138.34 -138.44 -138.53 -138.59 -138.69 -138.75 -138.88 -138.97 -139.09 -139.22 -139.34 -139.47 -139.59 -139.72 -139.84 -139.97 -140.09 -140.19 -140.31 -140.41 -140.53 -140.62 -140.72 -140.81 -140.91 -141.00 -141.09 -141.19 -141.28 -141.38 -141.53 -141.72 -141.91 -142.09 -142.25 -142.41 -142.50 -142.62 -142.72 -142.84 -142.97 -143.12 -143.34 -143.56 -143.78 -144.03 -144.31 -144.56 -144.81 -145.03 -145.25 -145.47 -145.66 -145.81 -145.94 -146.06
-136.91 -137.00 -137.12 -137.25 -137.38 -137.50 -137.62 -137.75 -137.91 -138.03 -138.16 -138.25 -138.34 -138.41 -138.47 -138.56 -138.69 -138.78 -138.94 -139.06 -139.22 -139.34 -139.50 -139.62 -139.72 -139.84 -139.97 -140.06 -140.19 -140.28 -140.38 -140.47 -140.56 -140.62 -140.72 -140.78 -140.88 -140.94 -141.03 -141.12 -141.22 -141.38 -141.56 -141.72 -141.91 -142.06 -142.19 -142.28 -142.38 -142.50 -142.59 -142.72 -142.91 -143.12 -143.34 -143.59 -143.84 -144.12 -144.38 -144.62 -144.88 -145.12 -145.31 -145.50 -145.66 -145.78 -145.91
-136.81 -136.88 -137.00 -137.12 -137.25 -137.38 -137.50 -137.66 -137.78 -137.91 -138.03 -138.12 -138.22 -138.28 -138.38 -138.47 -138.59 -138.75 -138.91 -139.06 -139.22 -139.38 -139.50 -139.62 -139.75 -139.88 -139.97 -140.09 -140.19 -140.25 -140.34 -140.44 -140.50 -140.56 -140.66 -140.72 -140.78 -140.88 -140.94 -141.03 -141.16 -141.28 -141.44 -141.59 -141.75 -141.91 -142.03 -142.12 -142.22 -142.31 -142.41 -142.53 -142.72 -142.97 -143.19 -143.44 -143.69 -143.97 -144.22 -144.50 -144.75 -144.97 -145.16 -145.34 -145.47 -145.62 -145.72
-136.66 -136.75 -136.84 -136.97 -137.09 -137.22 -137.38 -137.50 -137.66 -137.78 -137.88 -137.97 -138.06 -138.16 -138.25 -138.38 -138.53 -138.72 -138.88 -139.06 -139.22 -139.38 -139.53 -139.66 -139.78 -139.91 -140.00 -140.09 -140.19 -140.25 -140.34 -140.41 -140.47 -140.53 -140.59 -140.66 -140.75 -140.81 -140.91 -141.00 -141.09 -141.22 -141.34 -141.50 -141.66 -141.78 -141.91 -142.00 -142.09 -142.22 -142.31 -142.47 -142.66 -142.88 -143.09 -143.31 -143.56 -143.84 -144.09 -144.34 -144.59 -144.81 -145.00 -145.16 -145.28 -145.44 -145.56
-136.50 -136.56 -136.69 -136.78 -136.91 -137.03 -137.19 -137.34 -137.50 -137.59 -137.72 -137.84 -137.94 -138.03 -138.16 -138.31 -138.47 -138.66 -138.88 -139.06 -139.22 -139.41 -139.56 -139.69 -139.81 -139.94 -140.03 -140.12 -140.19 -140.28 -140.34 -140.41 -140.47 -140.53 -140.59 -140.66 -140.72 -140.81 -140.91 -141.00 -141.09 -141.19 -141.31 -141.47 -141.59 -141.72 -141.84 -141.94 -142.06 -142.16 -142.31 -142.47 -142.62 -142.81 -143.03 -143.25 -143.47 -143.72 -143.97 -144.22 -144.44 -144.62 -144.81 -144.94 -145.09 -145.25 -145.38
-136.31 -136.38 -136.47 -136.56 -136.72 -136.84 -137.00 -137.16 -137.28 -137.41 -137.53 -137.69 -137.81 -137.94 -138.06 -138.25 -138.44 -138.62 -138.84 -139.03 -139.22 -139.38 -139.56 -139.69 -139.81 -139.94 -140.03 -140.12 -140.19 -140.25 -140.31 -140.38 -140.44 -140.50 -140.59 -140.66 -140.72 -140.81 -140.91 -141.00 -141.09 -141.19 -141.31 -141.44 -141.56 -141.69 -141.81 -141.91 -142.03 -142.16 -142.31 -142.47 -142.62 -142.81 -143.00 -143.19 -143.41 -143.66 -143.88 -144.09 -144.28 -144.44 -144.59 -144.75 -144.91 -145.06 -145.22
-136.12 -136.16 -136.25 -136.34 -136.50 -136.66 -136.81 -136.97 -137.09 -137.22 -137.38 -137.53 -137.69 -137.84 -138.00 -138.19 -138.38 -138.59 -138.81 -139.00 -139.19 -139.34 -139.50 -139.66 -139.78 -139.88 -139.97 -140.06 -140.12 -140.22 -140.28 -140.34 -140.41 -140.50 -140.56 -140.66 -140.75 -140.84 -140.94 -141.03 -141.09 -141.22 -141.31 -141.44 -141.56 -141.66 -141.78 -141.88 -142.00 -142.12 -142.28 -142.44 -142.59 -142.78 -142.94 -143.16 -143.34 -143.56 -143.75 -143.94 -144.12 -144.28 -144.41 -144.56 -144.72 -144.88 -145.03
-135.91 -135.94 -136.03 -136.12 -136.28 -136.44 -136.59 -136.75 -136.91 -137.06 -137.22 -137.41 -137.56 -137.75 -137.94 -138.12 -138.34 -138.56 -138.75 -138.94 -139.09 -139.25 -139.41 -139.56 -139.69 -139.81 -139.91 -139.97 -140.06 -140.12 -140.22 -140.28 -140.38 -140.47 -140.56 -140.66 -140.75 -140.84 -140.94 -141.03 -141.12 -141.22 -141.31 -141.44 -141.53 -141.62 -141.72 -141.84 -141.94 -142.06 -142.22 -142.38 -142.53 -142.69 -142.88 -143.06 -143.25 -143.44 -143.62 -143.78 -143.94 -144.09 -144.25 -144.41 -144.56 -144.69 -144.84
-135.66 -135.72 -135.81 -135.94 -136.06 -136.25 -136.41 -136.56 -136.75 -136.91 -137.09 -137.28 -137.47 -137.66 -137.84 -138.06 -138.28 -138.47 -138.66 -138.84 -139.00 -139.16 -139.31 -139.44 -139.59 -139.69 -139.78 -139.88 -139.94 -140.03 -140.12 -140.22 -140.31 -140.41 -140.53 -140.62 -140.75 -140.84 -140.94 -141.03 -141.12 -141.22 -141.31 -141.41 -141.53 -141.59 -141.69 -141.78 -141.91 -142.00 -142.16 -142.28 -142.44 -142.59 -142.75 -142.91 -143.09 -143.28 -143.44 -143.62 -143.78 -143.91 -144.06 -144.22 -144.38 -144.53 -144.66
-135.44 -135.50 -135.59 -135.72 -135.88 -136.06 -136.22 -136.41 -136.59 -136.78 -136.97 -137.16 -137.34 -137.53 -137.72 -137.94 -138.16 -138.34 -138.53 -138.72 -138.88 -139.03 -139.16 -139.31 -139.44 -139.53 -139.62 -139.72 -139.81 -139.91 -140.00 -140.12 -140.25 -140.34 -140.47 -140.59 -140.69 -140.78 -140.91 -141.00 -141.09 -141.19 -141.31 -141.41 -141.50 -141.59 -141.66 -141.75 -141.84 -141.97 -142.06 -142.19 -142.31 -142.47 -142.62 -142.78 -142.94 -143.09 -143.25 -143.41 -143.56 -143.72 -143.91 -144.06 -144.22 -144.34 -144.44
-135.22 -135.31 -135.41 -135.56 -135.72 -135.91 -136.09 -136.28 -136.47 -136.62 -136.81 -137.00 -137.19 -137.38 -137.59 -137.78 -138.00 -138.19 -138.38 -138.56 -138.69 -138.84 -138.97 -139.12 -139.25 -139.38 -139.47 -139.56 -139.69 -139.78 -139.91 -140.03 -140.12 -140.25 -140.38 -140.50 -140.59 -140.72 -140.84 -140.94 -141.06 -141.19 -141.28 -141.38 -141.47 -141.56 -141.66 -141.75 -141.81 -141.91 -142.00 -142.12 -142.22 -142.34 -142.47 -142.62 -142.78 -142.94 -143.06 -143.22 -143.41 -143.56 -143.72 -143.91 -144.03 -144.16 -144.25
-134.97 -135.09 -135.28 -135.44 -135.62 -135.81 -135.97 -136.16 -136.34 -136.53 -136.69 -136.88 -137.06 -137.25 -137.44 -137.62 -137.84 -138.03 -138.22 -138.34 -138.50 -138.62 -138.78 -138.91 -139.06 -139.19 -139.28 -139.41 -139.53 -139.66 -139.78 -139.91 -140.03 -140.16 -140.28 -140.41 -140.50 -140.62 -140.75 -140.88 -141.00 -141.12 -141.25 -141.34 -141.47 -141.56 -141.66 -141.75 -141.81 -141.91 -141.97 -142.06 -142.16 -142.25 -142.38 -142.50 -142.62 -142.75 -142.91 -143.06 -143.22 -143.41 -143.56 -143.72 -143.88 -143.97 -144.03
-134.84 -135.03 -135.19 -135.38 -135.56 -135.75 -135.91 -136.09 -136.25 -136.41 -136.59 -136.75 -136.94 -137.09 -137.28 -137.47 -137.66 -137.84 -138.00 -138.16 -138.28 -138.41 -138.56 -138.69 -138.84 -138.97 -139.09 -139.22 -139.38 -139.50 -139.62 -139.75 -139.91 -140.03 -140.16 -140.28 -140.41 -140.53 -140.66 -140.81 -140.94 -141.06 -141.19 -141.31 -141.44 -141.53 -141.66 -141.75 -141.84 -141.94 -142.00 -142.06 -142.12 -142.19 -142.28 -142.38 -142.50 -142.62 -142.78 -142.94 -143.09 -143.25 -143.44 -143.56 -143.72 -143.81 -143.88
-134.88 -135.03 -135.19 -135.34 -135.53 -135.72 -135.88 -136.03 -136.19 -136.34 -136.50 -136.66 -136.84 -137.00 -137.16 -137.31 -137.50 -137.66 -137.81 -137.94 -138.06 -138.19 -138.34 -138.50 -138.62 -138.78 -138.91 -139.06 -139.22 -139.34 -139.50 -139.62 -139.78 -139.91 -140.06 -140.19 -140.31 -140.47 -140.59 -140.75 -140.88 -141.00 -141.16 -141.28 -141.41 -141.53 -141.66 -141.75 -141.88 -141.97 -142.06 -142.12 -142.19 -142.22 -142.28 -142.38 -142.44 -142.56 -142.69 -142.84 -143.00 -143.16 -143.31 -143.47 -143.56 -143.66 -143.72
-134.91 -135.03 -135.19 -135.34 -135.53 -135.69 -135.84 -136.00 -136.12 -136.28 -136.44 -136.59 -136.75 -136.88 -137.03 -137.19 -137.34 -137.50 -137.62 -137.75 -137.84 -138.00 -138.12 -138.28 -138.41 -138.56 -138.72 -138.88 -139.06 -139.19 -139.34 -139.50 -139.66 -139.81 -139.97 -140.12 -140.28 -140.41 -140.56 -140.69 -140.84 -140.97 -141.12 -141.25 -141.41 -141.53 -141.69 -141.78 -141.91 -142.03 -142.12 -142.19 -142.25 -142.31 -142.34 -142.41 -142.47 -142.56 -142.66 -142.81 -142.94 -143.09 -143.25 -143.38 -143.50 -143.59 -143.66
-134.94 -135.03 -135.16 -135.31 -135.47 -135.66 -135.78 -135.94 -136.06 -136.22 -136.34 -136.50 -136.66 -136.78 -136.91 -137.06 -137.19 -137.31 -137.44 -137.56 -137.66 -137.78 -137.94 -138.06 -138.22 -138.41 -138.56 -138.75 -138.91 -139.09 -139.25 -139.44 -139.62 -139.81 -139.97 -140.12 -140.28 -140.44 -140.56 -140.72 -140.84 -141.00 -141.16 -141.28 -141.44 -141.59 -141.72 -141.84 -141.97 -142.09 -142.19 -142.28 -142.34 -142.41 -142.47 -142.50 -142.56 -142.62 -142.69 -142.81 -142.94 -143.09 -143.22 -143.34 -143.47 -143.56 -143.62
-134.91 -135.00 -135.12 -135.25 -135.41 -135.56 -135.69 -135.84 -135.97 -136.12 -136.25 -136.41 -136.53 -136.69 -136.81 -136.94 -137.06 -137.19 -137.28 -137.38 -137.50 -137.62 -137.75 -137.91 -138.09 -138.28 -138.47 -138.66 -138.84 -139.03 -139.22 -139.44 -139.66 -139.84 -140.03 -140.22 -140.38 -140.53 -140.66 -140.78 -140.94 -141.06 -141.22 -141.38 -141.53 -141.66 -141.78 -141.94 -142.06 -142.19 -142.28 -142.38 -142.47 -142.53 -142.56 -142.59 -142.66 -142.69 -142.78 -142.84 -142.97 -143.09 -143.25 -143.38 -143.47 -143.56 -143.66
-134.84 -134.94 -135.03 -135.16 -135.31 -135.44 -135.59 -135.72 -135.84 -136.00 -136.16 -136.31 -136.44 -136.56 -136.72 -136.84 -136.94 -137.06 -137.16 -137.25 -137.34 -137.47 -137.62 -137.81 -138.00 -138.19 -138.41 -138.62 -138.84 -139.06 -139.28 -139.50 -139.72 -139.94 -140.12 -140.31 -140.50 -140.66 -140.78 -140.91 -141.06 -141.19 -141.34 -141.47 -141.62 -141.75 -141.91 -142.03 -142.16 -142.28 -142.38 -142.47 -142.56 -142.62 -142.69 -142.72 -142.75 -142.81 -142.88 -142.94 -143.03 -143.16 -143.28 -143.41 -143.50 -143.59 -143.69
-134.78 -134.84 -134.97 -135.06 -135.19 -135.31 -135.47 -135.59 -135.75 -135.91 -136.06 -136.22 -136.34 -136.50 -136.62 -136.75 -136.84 -136.94 -137.06 -137.16 -137.25 -137.38 -137.56 -137.75 -137.94 -138.16 -138.41 -138.62 -138.88 -139.09 -139.34 -139.56 -139.81 -140.03 -140.22 -140.44 -140.59 -140.75 -140.91 -141.03 -141.19 -141.31 -141.44 -141.59 -141.72 -141.88 -142.00 -142.12 -142.25 -142.38 -142.47 -142.56 -142.66 -142.75 -142.78 -142.84 -142.88 -142.91 -142.97 -143.03 -143.12 -143.22 -143.34 -143.44 -143.56 -143.62 -143.72
-134.69 -134.75 -134.84 -134.97 -135.09 -135.22 -135.34 -135.50 -135.66 -135.81 -136.00 -136.16 -136.31 -136.44 -136.56 -136.66 -136.78 -136.88 -136.97 -137.06 -137.19 -137.34 -137.50 -137.69 -137.91 -138.12 -138.38 -138.59 -138.88 -139.12 -139.38 -139.62 -139.88 -140.09 -140.31 -140.50 -140.69 -140.84 -141.00 -141.16 -141.28 -141.41 -141.56 -141.69 -141.81 -141.97 -142.09 -142.22 -142.34 -142.47 -142.56 -142.66 -142.75 -142.81 -142.88 -142.94 -142.97 -143.00 -143.06 -143.16 -143.22 -143.31 -143.41 -143.50 -143.59 -143.69 -143.78
-134.59 -134.66 -134.75 -134.88 -134.97 -135.12 -135.28 -135.44 -135.59 -135.75 -135.94 -136.09 -136.25 -136.38 -136.50 -136.59 -136.72 -136.81 -136.91 -137.03 -137.16 -137.31 -137.47 -137.66 -137.84 -138.06 -138.31 -138.56 -138.81 -139.09 -139.38 -139.62 -139.88 -140.12 -140.34 -140.53 -140.72 -140.91 -141.06 -141.22 -141.38 -141.50 -141.62 -141.78 -141.91 -142.03 -142.16 -142.28 -142.41 -142.53 -142.62 -142.75 -142.81 -142.91 -142.97 -143.00 -143.06 -143.09 -143.16 -143.25 -143.31 -143.41 -143.47 -143.56 -143.66 -143.72 -143.81
-134.50 -134.56 -134.66 -134.78 -134.91 -135.06 -135.22 -135.38 -135.53 -135.72 -135.88 -136.03 -136.19 -136.31 -136.44 -136.53 -136.62 -136.75 -136.88 -137.00 -137.12 -137.28 -137.44 -137.62 -137.81 -138.03 -138.25 -138.50 -138.78 -139.06 -139.31 -139.59 -139.84 -140.09 -140.31 -140.53 -140.72 -140.91 -141.09 -141.25 -141.41 -141.56 -141.69 -141.84 -141.97 -142.09 -142.22 -142.34 -142.47 -142.56 -142.69 -142.78 -142.88 -142.97 -143.00 -143.06 -143.12 -143.19 -143.25 -143.31 -143.38 -143.47 -143.53 -143.59 -143.69 -143.78 -143.88
-134.41 -134.47 -134.56 -134.69 -134.84 -135.00 -135.16 -135.31 -135.50 -135.66 -135.81 -135.97 -136.09 -136.22 -136.34 -136.47 -136.56 -136.69 -136.81 -136.94 -137.09 -137.25 -137.44 -137.59 -137.81 -138.00 -138.25 -138.50 -138.75 -139.00 -139.28 -139.53 -139.78 -140.03 -140.28 -140.50 -140.69 -140.88 -141.06 -141.25 -141.44 -141.59 -141.75 -141.88 -142.00 -142.12 -142.25 -142.38 -142.47 -142.59 -142.72 -142.81 -142.91 -143.00 -143.06 -143.09 -143.16 -143.22 -143.28 -143.38 -143.44 -143.50 -143.56 -143.62 -143.72 -143.78 -143.88
-134.31 -134.38 -134.47 -134.62 -134.78 -134.94 -135.09 -135.28 -135.44 -135.59 -135.75 -135.88 -136.03 -136.16 -136.25 -136.38 -136.50 -136.62 -136.78 -136.91 -137.09 -137.25 -137.44 -137.62 -137.81 -138.03 -138.28 -138.50 -138.75 -139.00 -139.25 -139.53 -139.75 -140.00 -140.22 -140.44 -140.66 -140.84 -141.03 -141.22 -141.41 -141.56 -141.72 -141.88 -142.00 -142.12 -142.25 -142.38 -142.50 -142.62 -142.72 -142.81 -142.91 -143.00 -143.06 -143.12 -143.19 -143.25 -143.31 -143.38 -143.44 -143.50 -143.56 -143.62 -143.69 -143.78 -143.88
-134.22 -134.28 -134.41 -134.56 -134.72 -134.88 -135.06 -135.22 -135.38 -135.53 -135.66 -135.81 -135.94 -136.06 -136.19 -136.31 -136.44 -136.56 -136.72 -136.91 -137.06 -137.25 -137.44 -137.62 -137.84 -138.06 -138.31 -138.53 -138.78 -139.03 -139.25 -139.50 -139.72 -139.97 -140.16 -140.38 -140.56 -140.75 -140.97 -141.16 -141.31 -141.50 -141.69 -141.81 -141.97 -142.09 -142.22 -142.34 -142.47 -142.59 -142.69 -142.78 -142.88 -142.97 -143.06 -143.12 -143.19 -143.22 -143.28 -143.34 -143.41 -143.44 -143.50 -143.59 -143.66 -143.75 -143.84
