everonasctiles/Tile36,8.asc
ncols 128
nrows 128
xllcorner 0
yllcorner 0
cellsize 2.0
NODATA_value  -9999
[rows 0 to 33 of 128, columns 0 to 75 of 128]
81.56 82.00 82.38 82.75 83.09 83.44 83.72 84.06 84.56 85.03 85.59 86.19 86.75 87.22 87.38 87.62 88.06 88.50 88.94 89.19 89.25 89.47 89.84 90.38 90.72 90.97 91.22 91.50 91.81 92.00 92.19 92.28 92.44 92.56 92.69 92.78 92.88 92.97 93.03 92.94 93.38 93.53 93.75 93.97 94.25 94.56 94.91 95.22 95.56 95.88 96.22 96.53 96.81 97.16 97.53 97.84 98.28 98.91 99.56 100.06 100.53 101.03 101.53 102.03 102.66 103.12 103.69 104.31 104.97 105.62 106.25 107.22 108.19 109.09 109.94 110.75
80.97 81.31 81.62 81.91 82.19 82.50 82.88 83.31 83.69 84.19 84.62 85.19 85.69 86.06 86.22 86.66 87.41 87.59 87.88 88.06 88.34 88.69 89.12 89.50 89.88 90.25 90.59 90.94 91.22 91.44 91.62 91.72 91.78 92.00 92.06 92.16 92.28 92.38 92.47 92.44 92.78 92.94 93.19 93.44 93.72 94.03 94.38 94.69 95.06 95.38 95.69 96.00 96.31 96.66 97.09 97.53 98.00 98.50 99.00 99.56 100.06 100.59 101.09 101.66 102.16 102.69 103.28 103.91 104.59 105.25 106.12 107.09 108.03 108.94 109.78 110.56
80.41 80.66 80.97 81.31 81.53 81.84 82.22 82.47 82.84 83.28 83.59 84.06 84.62 84.91 85.16 85.44 86.25 86.78 87.03 87.25 87.62 88.06 88.41 88.78 89.19 89.56 89.94 90.41 90.66 90.91 91.03 91.16 91.22 91.38 91.47 91.56 91.69 91.78 91.88 91.91 92.09 92.38 92.59 92.91 93.19 93.44 93.78 94.19 94.53 94.88 95.19 95.50 95.84 96.25 96.69 97.16 97.69 98.16 98.62 99.19 99.69 100.19 100.69 101.16 101.66 102.25 102.84 103.50 104.16 105.00 105.94 106.81 107.69 108.56 109.38 110.16
79.78 80.09 80.44 80.69 80.94 81.16 81.44 81.62 82.03 82.41 82.78 83.09 83.56 83.81 84.06 84.47 84.97 85.59 86.03 86.47 86.97 87.50 87.88 88.22 88.53 88.88 89.22 89.69 90.03 90.31 90.50 90.59 90.69 90.78 90.84 90.97 91.12 91.22 91.31 91.34 91.62 91.84 92.09 92.38 92.62 92.94 93.28 93.66 94.03 94.41 94.75 95.06 95.44 95.84 96.28 96.75 97.22 97.75 98.28 98.81 99.31 99.81 100.28 100.75 101.28 101.88 102.50 103.12 103.88 104.75 105.53 106.28 107.19 108.06 108.81 109.53
79.31 79.56 79.81 80.03 80.25 80.50 80.69 80.84 81.25 81.78 82.03 82.34 82.69 82.88 83.19 83.62 84.31 84.78 85.31 85.84 86.38 86.84 87.25 87.62 87.94 88.25 88.56 88.97 89.38 89.69 89.91 90.03 90.16 90.25 90.28 90.38 90.50 90.66 90.72 90.81 91.12 91.34 91.56 91.84 92.16 92.47 92.81 93.19 93.59 93.94 94.25 94.62 95.03 95.47 95.91 96.38 96.88 97.38 97.91 98.41 98.91 99.41 99.88 100.41 100.94 101.50 102.03 102.78 103.56 104.28 104.91 105.34 106.25 107.22 107.91 108.47
79.00 79.06 79.28 79.50 79.72 79.88 80.06 80.25 80.62 80.91 81.16 81.56 81.94 82.25 82.66 83.12 83.66 84.22 84.78 85.31 85.78 86.28 86.66 87.09 87.38 87.66 88.00 88.34 88.69 89.03 89.31 89.47 89.59 89.69 89.75 89.78 89.94 90.06 90.12 90.41 90.66 90.81 91.03 91.34 91.69 92.00 92.41 92.81 93.16 93.50 93.88 94.22 94.69 95.09 95.56 96.03 96.50 97.00 97.53 98.03 98.50 99.00 99.47 99.97 100.50 101.03 101.66 102.38 103.03 103.69 104.28 105.00 105.88 106.72 107.28 107.91
78.72 78.81 78.94 79.06 79.28 79.47 79.66 79.91 80.19 80.50 80.81 81.19 81.53 81.94 82.34 82.81 83.28 83.81 84.28 84.81 85.31 85.75 86.16 86.53 86.84 87.16 87.47 87.75 88.00 88.25 88.59 88.88 89.03 89.16 89.25 89.25 89.38 89.47 89.66 89.97 90.16 90.28 90.53 90.88 91.22 91.56 91.94 92.34 92.75 93.06 93.38 93.84 94.25 94.69 95.16 95.62 96.12 96.62 97.12 97.62 98.09 98.59 99.06 99.53 100.00 100.56 101.19 101.78 102.41 102.91 103.44 104.34 105.44 106.22 106.88 107.44
78.44 78.53 78.69 78.84 79.03 79.25 79.47 79.72 80.00 80.28 80.62 80.97 81.31 81.66 82.06 82.53 83.00 83.44 83.88 84.34 84.81 85.22 85.62 86.03 86.34 86.69 86.94 87.22 87.44 87.66 87.94 88.28 88.47 88.59 88.72 88.78 88.88 88.97 89.16 89.47 89.69 89.81 90.06 90.44 90.81 91.16 91.56 91.94 92.28 92.66 93.09 93.44 93.84 94.25 94.75 95.25 95.72 96.22 96.72 97.22 97.69 98.19 98.62 99.06 99.50 100.00 100.56 101.16 101.47 102.19 102.84 103.84 105.00 105.84 106.38 107.06
78.09 78.25 78.41 78.59 78.78 78.97 79.22 79.44 79.72 80.03 80.38 80.69 81.00 81.38 81.75 82.19 82.66 83.06 83.44 83.88 84.31 84.69 85.12 85.53 85.84 86.19 86.47 86.75 86.97 87.16 87.44 87.72 87.94 88.09 88.19 88.28 88.38 88.47 88.75 89.00 89.19 89.38 89.66 90.03 90.41 90.78 91.12 91.50 91.88 92.31 92.66 93.09 93.47 93.91 94.38 94.84 95.34 95.84 96.31 96.81 97.28 97.75 98.22 98.62 99.00 99.47 99.91 100.22 100.66 101.31 102.28 103.50 104.62 105.41 106.19 106.81
77.78 77.94 78.09 78.28 78.47 78.69 78.94 79.16 79.44 79.72 80.03 80.34 80.66 81.03 81.41 81.81 82.22 82.62 83.03 83.44 83.81 84.19 84.62 85.03 85.38 85.69 86.00 86.25 86.50 86.69 86.97 87.19 87.41 87.56 87.69 87.81 87.91 88.06 88.31 88.56 88.81 89.00 89.28 89.66 90.00 90.38 90.72 91.09 91.50 91.88 92.28 92.69 93.12 93.56 94.00 94.47 94.94 95.44 95.91 96.38 96.88 97.31 97.75 98.19 98.62 99.16 99.62 100.03 100.47 101.00 101.94 103.12 104.22 105.19 105.88 106.47
77.44 77.59 77.78 77.97 78.16 78.38 78.62 78.84 79.09 79.38 79.66 79.97 80.28 80.66 81.00 81.38 81.75 82.16 82.56 82.94 83.31 83.72 84.12 84.53 84.94 85.25 85.53 85.78 86.03 86.25 86.47 86.69 86.91 87.06 87.22 87.34 87.44 87.59 87.88 88.16 88.41 88.62 88.94 89.25 89.62 89.97 90.31 90.69 91.06 91.47 91.88 92.31 92.72 93.16 93.62 94.06 94.53 95.03 95.50 95.97 96.44 96.91 97.38 97.88 98.38 98.88 99.34 99.78 100.25 100.84 101.81 103.00 104.00 104.84 105.53 106.12
77.09 77.25 77.44 77.62 77.81 78.06 78.28 78.50 78.75 79.00 79.28 79.59 79.91 80.22 80.56 80.88 81.25 81.66 82.06 82.47 82.84 83.25 83.66 84.09 84.53 84.84 85.09 85.31 85.56 85.81 86.00 86.22 86.41 86.59 86.72 86.91 86.97 87.19 87.41 87.72 88.00 88.25 88.53 88.88 89.22 89.56 89.91 90.28 90.62 91.03 91.41 91.88 92.31 92.75 93.19 93.66 94.12 94.62 95.06 95.56 96.06 96.56 97.03 97.53 98.03 98.47 98.97 99.47 100.03 100.78 101.69 102.69 103.66 104.47 105.16 105.69
76.75 76.91 77.09 77.28 77.47 77.69 77.91 78.12 78.34 78.62 78.91 79.19 79.50 79.78 80.09 80.44 80.78 81.19 81.56 81.97 82.38 82.81 83.22 83.69 84.16 84.44 84.69 84.91 85.12 85.38 85.50 85.75 85.94 86.12 86.28 86.47 86.50 86.75 86.97 87.28 87.62 87.81 88.12 88.47 88.78 89.12 89.47 89.84 90.19 90.56 90.94 91.47 91.88 92.31 92.75 93.19 93.69 94.12 94.62 95.16 95.66 96.12 96.62 97.12 97.59 98.12 98.62 99.09 99.69 100.47 101.31 102.25 103.16 103.97 104.78 105.22
76.44 76.59 76.78 76.94 77.12 77.31 77.53 77.75 77.97 78.25 78.50 78.78 79.03 79.34 79.62 79.97 80.34 80.72 81.16 81.50 81.94 82.38 82.78 83.25 83.72 84.06 84.31 84.50 84.66 84.91 85.03 85.31 85.50 85.66 85.81 86.03 86.06 86.31 86.56 86.78 87.03 87.31 87.75 88.03 88.38 88.72 89.03 89.41 89.75 90.06 90.50 90.94 91.44 91.84 92.31 92.75 93.16 93.62 94.16 94.72 95.19 95.72 96.22 96.66 97.19 97.69 98.22 98.78 99.34 100.09 100.91 101.66 102.56 103.50 104.12 104.78
76.09 76.28 76.44 76.56 76.75 76.97 77.16 77.38 77.59 77.84 78.09 78.34 78.62 78.91 79.19 79.53 79.88 80.31 80.69 81.06 81.47 81.94 82.31 82.75 83.34 83.69 83.94 84.09 84.22 84.41 84.59 84.81 85.03 85.22 85.38 85.53 85.59 85.81 86.12 86.31 86.53 86.81 87.22 87.56 87.91 88.25 88.59 88.94 89.25 89.62 90.00 90.50 90.94 91.34 91.84 92.22 92.66 93.16 93.69 94.25 94.75 95.25 95.72 96.19 96.75 97.31 97.88 98.47 99.06 99.75 100.53 101.25 102.06 102.88 103.62 104.31
75.78 75.91 76.09 76.28 76.44 76.59 76.81 77.03 77.22 77.47 77.69 77.94 78.19 78.47 78.78 79.12 79.47 79.88 80.25 80.66 81.06 81.50 81.91 82.34 82.91 83.28 83.53 83.66 83.78 83.94 84.09 84.34 84.56 84.75 84.94 85.09 85.22 85.34 85.66 85.88 86.06 86.44 86.78 87.16 87.47 87.81 88.19 88.50 88.81 89.19 89.62 90.03 90.44 90.88 91.31 91.72 92.22 92.72 93.28 93.75 94.28 94.75 95.22 95.75 96.31 96.94 97.56 98.16 98.78 99.44 100.19 100.91 101.69 102.44 103.19 103.94
75.44 75.59 75.75 75.94 76.06 76.25 76.44 76.66 76.88 77.06 77.31 77.53 77.78 78.03 78.38 78.69 79.03 79.44 79.81 80.22 80.62 81.09 81.53 82.00 82.50 82.84 83.09 83.22 83.28 83.44 83.59 83.88 84.09 84.28 84.47 84.66 84.84 84.97 85.16 85.41 85.66 86.03 86.34 86.69 87.03 87.41 87.75 88.03 88.41 88.81 89.25 89.62 90.06 90.47 90.91 91.34 91.81 92.28 92.81 93.31 93.78 94.25 94.78 95.25 95.88 96.53 97.12 97.72 98.41 99.09 99.78 100.50 101.25 102.06 102.78 103.50
75.16 75.28 75.44 75.56 75.75 75.94 76.09 76.28 76.47 76.69 76.94 77.12 77.41 77.66 78.00 78.28 78.59 79.00 79.38 79.75 80.19 80.66 81.19 81.62 82.06 82.38 82.59 82.72 82.78 82.94 83.12 83.38 83.59 83.78 84.00 84.19 84.38 84.56 84.75 84.97 85.28 85.62 85.97 86.31 86.62 86.97 87.34 87.69 88.03 88.44 88.84 89.25 89.69 90.12 90.53 90.94 91.41 91.88 92.34 92.81 93.25 93.81 94.25 94.75 95.34 95.97 96.62 97.38 98.06 98.72 99.41 100.12 100.88 101.59 102.22 102.97
74.84 74.97 75.12 75.25 75.44 75.56 75.75 75.94 76.09 76.34 76.53 76.78 77.00 77.28 77.53 77.84 78.19 78.53 78.88 79.25 79.69 80.25 80.75 81.19 81.56 81.81 81.97 82.12 82.25 82.41 82.59 82.84 83.06 83.31 83.50 83.72 83.94 84.12 84.31 84.59 84.94 85.25 85.56 85.91 86.25 86.62 86.97 87.31 87.66 88.06 88.50 88.91 89.31 89.72 90.12 90.56 91.00 91.47 91.88 92.31 92.81 93.31 93.88 94.47 95.03 95.62 96.25 96.88 97.53 98.31 98.97 99.66 100.34 101.03 101.75 102.50
74.56 74.69 74.81 74.94 75.09 75.25 75.41 75.59 75.78 75.97 76.16 76.38 76.62 76.88 77.12 77.44 77.75 78.06 78.41 78.78 79.22 79.81 80.31 80.72 81.00 81.19 81.34 81.53 81.72 81.91 82.09 82.31 82.53 82.78 83.06 83.25 83.47 83.72 83.91 84.16 84.53 84.84 85.19 85.53 85.91 86.25 86.59 86.97 87.34 87.72 88.12 88.53 88.94 89.31 89.75 90.16 90.56 91.03 91.47 91.91 92.50 93.06 93.56 94.12 94.69 95.28 95.88 96.50 97.16 97.81 98.41 99.16 99.88 100.59 101.28 102.09
74.28 74.41 74.53 74.66 74.78 74.94 75.09 75.25 75.44 75.62 75.81 76.03 76.28 76.50 76.75 77.03 77.31 77.62 77.94 78.28 78.75 79.31 79.84 80.19 80.38 80.56 80.72 80.94 81.19 81.41 81.62 81.81 82.03 82.28 82.56 82.81 83.06 83.25 83.50 83.81 84.16 84.50 84.81 85.16 85.53 85.88 86.25 86.62 87.00 87.41 87.78 88.16 88.53 88.94 89.31 89.66 90.12 90.59 91.03 91.56 92.16 92.69 93.19 93.72 94.28 94.91 95.47 96.09 96.78 97.44 98.16 98.91 99.50 100.22 101.03 101.75
74.03 74.12 74.25 74.38 74.50 74.62 74.78 74.94 75.12 75.28 75.47 75.69 75.88 76.12 76.34 76.62 76.91 77.22 77.47 77.81 78.28 78.84 79.28 79.56 79.72 79.94 80.16 80.38 80.59 80.84 81.09 81.31 81.53 81.81 82.06 82.34 82.59 82.84 83.16 83.50 83.81 84.16 84.50 84.84 85.19 85.50 85.91 86.31 86.69 87.06 87.44 87.78 88.16 88.53 88.91 89.31 89.78 90.19 90.69 91.19 91.72 92.28 92.81 93.34 93.91 94.50 95.12 95.75 96.38 97.03 97.78 98.50 99.22 99.91 100.62 101.34
73.78 73.88 73.97 74.09 74.22 74.34 74.47 74.62 74.78 74.94 75.12 75.34 75.53 75.78 76.00 76.25 76.50 76.75 77.03 77.34 77.78 78.28 78.69 78.91 79.12 79.38 79.59 79.81 80.03 80.28 80.53 80.75 81.03 81.31 81.62 81.84 82.16 82.50 82.84 83.16 83.50 83.81 84.19 84.50 84.84 85.19 85.56 85.97 86.34 86.72 87.06 87.44 87.81 88.16 88.53 89.00 89.41 89.84 90.31 90.81 91.38 91.91 92.44 93.03 93.62 94.19 94.81 95.38 96.03 96.66 97.38 98.09 98.81 99.50 100.22 100.91
73.53 73.62 73.72 73.81 73.94 74.06 74.19 74.34 74.47 74.66 74.81 75.03 75.22 75.41 75.62 75.84 76.06 76.31 76.53 76.84 77.22 77.69 78.03 78.25 78.53 78.81 79.03 79.25 79.50 79.78 80.00 80.25 80.53 80.84 81.12 81.47 81.84 82.16 82.50 82.84 83.19 83.50 83.84 84.16 84.50 84.84 85.22 85.59 85.97 86.34 86.69 87.09 87.38 87.75 88.16 88.59 89.09 89.53 90.00 90.50 91.03 91.56 92.12 92.72 93.28 93.88 94.47 95.06 95.69 96.34 97.00 97.69 98.38 99.09 99.78 100.38
73.31 73.38 73.47 73.56 73.69 73.81 73.91 74.06 74.19 74.34 74.50 74.69 74.88 75.09 75.28 75.50 75.69 75.88 76.06 76.31 76.69 77.03 77.41 77.72 78.03 78.25 78.50 78.72 79.00 79.25 79.50 79.78 80.09 80.38 80.72 81.06 81.47 81.78 82.12 82.50 82.84 83.19 83.50 83.81 84.16 84.50 84.88 85.25 85.59 85.97 86.31 86.69 86.94 87.34 87.78 88.28 88.78 89.25 89.72 90.19 90.69 91.22 91.78 92.38 92.94 93.53 94.16 94.78 95.38 96.00 96.66 97.31 98.03 98.69 99.34 99.97
73.09 73.16 73.25 73.31 73.44 73.53 73.66 73.78 73.91 74.06 74.22 74.38 74.56 74.75 74.94 75.12 75.31 75.47 75.62 75.84 76.16 76.53 76.88 77.25 77.53 77.75 78.00 78.25 78.50 78.78 79.03 79.38 79.66 80.06 80.41 80.75 81.09 81.47 81.84 82.19 82.50 82.84 83.19 83.50 83.81 84.16 84.50 84.88 85.22 85.56 85.97 86.19 86.56 87.00 87.47 88.00 88.47 88.94 89.38 89.84 90.34 90.88 91.44 92.00 92.59 93.22 93.84 94.47 95.09 95.72 96.38 97.00 97.69 98.38 99.00 99.66
72.88 72.94 73.00 73.09 73.19 73.28 73.41 73.53 73.62 73.78 73.94 74.09 74.28 74.44 74.62 74.81 74.97 75.16 75.31 75.53 75.78 76.12 76.47 76.78 77.03 77.28 77.53 77.78 78.06 78.31 78.66 79.06 79.38 79.72 80.06 80.41 80.78 81.12 81.47 81.84 82.19 82.50 82.84 83.16 83.47 83.81 84.12 84.47 84.81 85.16 85.47 85.78 86.25 86.72 87.22 87.66 88.12 88.59 89.06 89.53 90.03 90.53 91.09 91.66 92.22 92.84 93.47 94.12 94.75 95.41 96.03 96.69 97.31 98.03 98.69 99.34
72.66 72.72 72.78 72.88 72.94 73.03 73.12 73.25 73.38 73.53 73.66 73.81 74.00 74.16 74.31 74.50 74.69 74.84 75.03 75.25 75.50 75.78 76.06 76.38 76.62 76.88 77.09 77.34 77.62 77.97 78.34 78.69 79.00 79.34 79.69 80.06 80.41 80.75 81.09 81.47 81.81 82.16 82.50 82.81 83.12 83.44 83.78 84.09 84.41 84.69 85.03 85.47 85.94 86.41 86.88 87.34 87.81 88.28 88.75 89.22 89.72 90.25 90.78 91.31 91.88 92.47 93.09 93.78 94.44 95.06 95.72 96.34 97.00 97.66 98.34 99.00
72.44 72.50 72.56 72.66 72.72 72.81 72.91 73.03 73.12 73.25 73.41 73.56 73.72 73.88 74.03 74.19 74.38 74.56 74.75 74.94 75.19 75.44 75.69 75.97 76.25 76.47 76.69 76.97 77.31 77.66 77.97 78.31 78.62 78.97 79.28 79.62 79.97 80.34 80.69 81.00 81.44 81.81 82.06 82.38 82.75 83.06 83.38 83.72 84.06 84.25 84.78 85.19 85.62 86.06 86.53 87.00 87.47 87.94 88.44 88.91 89.38 89.91 90.44 90.97 91.53 92.09 92.75 93.44 94.09 94.75 95.38 96.03 96.69 97.38 98.00 98.69
72.25 72.28 72.34 72.44 72.50 72.56 72.69 72.78 72.88 73.03 73.16 73.31 73.47 73.59 73.75 73.91 74.09 74.28 74.44 74.66 74.88 75.12 75.38 75.62 75.88 76.09 76.34 76.66 76.97 77.31 77.62 77.94 78.25 78.56 78.88 79.19 79.50 79.84 80.19 80.47 80.84 81.25 81.62 81.97 82.34 82.69 83.00 83.25 83.56 84.06 84.44 84.84 85.28 85.72 86.19 86.62 87.12 87.62 88.09 88.56 89.09 89.62 90.12 90.66 91.19 91.78 92.41 93.03 93.75 94.44 95.09 95.75 96.41 97.06 97.72 98.41
72.06 72.09 72.16 72.22 72.28 72.34 72.47 72.56 72.66 72.78 72.91 73.06 73.19 73.34 73.50 73.66 73.81 74.00 74.19 74.38 74.59 74.81 75.06 75.28 75.50 75.75 76.03 76.34 76.66 76.94 77.25 77.53 77.84 78.16 78.47 78.75 79.06 79.34 79.66 79.94 80.31 80.69 81.12 81.53 81.94 82.25 82.41 82.91 83.34 83.72 84.06 84.50 84.94 85.34 85.78 86.28 86.78 87.22 87.69 88.22 88.75 89.28 89.78 90.28 90.84 91.50 92.09 92.72 93.44 94.12 94.84 95.53 96.16 96.81 97.47 98.19
71.88 71.91 71.94 72.00 72.06 72.16 72.22 72.34 72.44 72.56 72.69 72.81 72.94 73.09 73.22 73.38 73.56 73.72 73.91 74.09 74.31 74.53 74.75 74.94 75.19 75.47 75.75 76.00 76.31 76.59 76.88 77.16 77.44 77.75 78.06 78.34 78.62 78.91 79.19 79.53 79.84 80.22 80.62 81.03 81.44 81.75 82.28 82.56 82.97 83.31 83.62 84.12 84.53 84.97 85.41 85.88 86.31 86.81 87.31 87.84 88.38 88.91 89.47 90.06 90.66 91.28 91.88 92.53 93.19 93.91 94.62 95.28 95.94 96.62 97.28 97.97
71.69 71.72 71.75 71.81 71.84 71.94 72.03 72.12 72.22 72.31 72.44 72.56 72.69 72.84 72.97 73.12 73.28 73.44 73.62 73.81 74.03 74.25 74.44 74.62 74.91 75.16 75.41 75.69 75.97 76.22 76.50 76.78 77.06 77.34 77.62 77.91 78.19 78.47 78.78 79.09 79.38 79.78 80.16 80.44 80.91 81.38 81.78 82.12 82.53 82.88 83.28 83.75 84.16 84.59 85.00 85.47 85.94 86.53 87.09 87.59 88.12 88.69 89.22 89.81 90.47 91.12 91.75 92.38 93.03 93.69 94.38 95.03 95.69 96.38 97.03 97.72
71.50 71.53 71.56 71.62 71.66 71.75 71.81 71.91 72.00 72.09 72.22 72.31 72.44 72.59 72.72 72.88 73.00 73.19 73.34 73.53 73.72 73.91 74.12 74.34 74.59 74.84 75.09 75.34 75.62 75.88 76.16 76.41 76.69 76.94 77.19 77.47 77.78 78.09 78.38 78.69 79.03 79.38 79.72 80.06 80.53 80.97 81.34 81.69 82.06 82.47 82.91 83.34 83.78 84.16 84.53 85.06 85.62 86.25 86.81 87.38 87.94 88.53 89.09 89.69 90.34 91.00 91.62 92.25 92.88 93.53 94.12 94.84 95.50 96.12 96.81 97.47
