everonasctiles/Tile[7,17].asc
ncols 128
nrows 128
xllcorner 0
yllcorner 0
cellsize 2.0
NODATA_value  -9999
[rows 64 to 95 of 128, columns 0 to 70 of 128]
-24.97 -24.56 -24.59 -24.81 -24.81 -24.84 -25.50 -25.91 -26.03 -25.53 -25.62 -25.69 -26.16 -26.50 -26.91 -27.06 -27.34 -28.00 -28.38 -29.03 -29.78 -30.16 -30.81 -31.62 -32.19 -32.69 -33.00 -33.34 -33.91 -34.31 -34.81 -35.06 -35.31 -35.53 -35.75 -35.97 -36.41 -36.66 -36.75 -36.84 -37.03 -37.09 -37.31 -37.31 -37.50 -37.50 -37.53 -37.19 -37.03 -36.84 -36.62 -36.84 -37.22 -37.44 -37.34 -36.75 -35.75 -35.34 -34.91 -34.00 -34.09 -34.50 -34.81 -33.84 -33.47 -32.94 -31.78 -31.03 -30.69 -29.97 -29.00
-25.56 -25.22 -25.19 -25.06 -25.06 -25.12 -25.50 -25.97 -25.97 -26.25 -26.41 -26.56 -26.66 -27.28 -27.53 -27.66 -27.97 -28.59 -29.22 -30.06 -30.78 -30.94 -31.53 -32.44 -33.06 -33.56 -33.97 -34.41 -34.72 -35.06 -35.41 -35.50 -35.72 -35.97 -36.25 -36.53 -36.88 -37.12 -37.22 -37.25 -37.34 -37.41 -37.44 -37.59 -37.75 -37.81 -37.59 -37.38 -37.12 -37.06 -37.09 -36.97 -37.19 -37.66 -37.53 -37.34 -36.62 -36.06 -35.03 -34.69 -34.25 -34.62 -35.50 -34.41 -34.16 -33.41 -32.28 -31.66 -30.88 -30.28 -29.31
-26.06 -26.16 -26.06 -25.66 -25.56 -25.66 -25.62 -26.12 -26.28 -26.66 -26.91 -26.91 -27.16 -27.91 -28.19 -28.38 -28.91 -29.44 -30.09 -30.88 -31.44 -31.81 -32.25 -32.81 -33.59 -34.22 -34.81 -35.09 -35.47 -35.72 -35.88 -36.09 -36.28 -36.44 -36.69 -36.94 -37.25 -37.56 -37.66 -37.62 -37.72 -37.59 -37.56 -38.00 -38.00 -38.03 -37.78 -37.72 -37.53 -37.50 -37.69 -37.47 -37.72 -37.94 -38.09 -37.78 -36.97 -36.53 -35.62 -35.03 -34.50 -35.25 -36.19 -34.94 -34.72 -34.22 -33.41 -32.44 -31.97 -30.72 -29.72
-26.69 -26.84 -26.78 -26.47 -26.53 -26.34 -26.25 -26.31 -26.81 -27.38 -27.41 -27.50 -27.75 -28.41 -28.94 -29.50 -30.00 -30.38 -30.94 -31.59 -32.28 -32.66 -32.91 -33.34 -34.16 -34.75 -35.22 -35.69 -36.06 -36.47 -36.44 -36.62 -36.75 -36.97 -37.12 -37.31 -37.62 -37.88 -37.84 -37.81 -37.78 -37.81 -37.91 -38.16 -38.19 -38.19 -38.03 -37.94 -38.16 -38.03 -38.16 -38.09 -38.28 -38.31 -38.22 -38.16 -37.75 -37.03 -36.09 -35.41 -35.03 -35.16 -35.75 -35.59 -35.47 -34.81 -34.25 -33.56 -32.84 -31.91 -30.56
-27.34 -27.59 -27.38 -27.09 -27.06 -26.97 -26.84 -26.88 -27.50 -28.09 -28.34 -28.38 -28.62 -29.25 -29.47 -30.19 -30.88 -31.22 -31.62 -32.22 -32.91 -33.38 -33.59 -33.97 -34.72 -35.44 -35.81 -36.19 -36.47 -36.84 -37.06 -37.16 -37.25 -37.41 -37.56 -37.88 -38.03 -38.16 -38.09 -38.12 -38.31 -38.44 -38.19 -38.34 -38.53 -38.69 -38.56 -38.72 -38.56 -38.66 -38.59 -38.50 -39.00 -38.88 -38.88 -38.84 -38.69 -37.53 -36.91 -36.00 -35.44 -35.59 -35.72 -35.28 -35.59 -35.50 -34.88 -34.19 -33.41 -32.50 -31.78
-27.94 -28.22 -28.25 -28.16 -28.00 -27.91 -27.72 -27.84 -28.22 -28.81 -29.16 -29.12 -29.44 -29.84 -30.00 -30.72 -31.59 -32.19 -32.75 -33.25 -33.75 -34.06 -34.38 -34.50 -35.19 -36.09 -36.41 -36.72 -36.91 -37.34 -37.62 -37.78 -37.88 -37.94 -38.16 -38.50 -38.41 -38.53 -38.53 -38.75 -39.00 -39.03 -38.66 -38.53 -38.56 -38.78 -39.06 -39.31 -39.41 -39.12 -39.09 -39.16 -39.56 -39.62 -39.53 -39.34 -39.00 -38.12 -37.91 -36.84 -35.84 -36.00 -35.94 -35.94 -36.09 -35.06 -35.16 -34.41 -33.78 -33.47 -33.00
-28.59 -28.91 -28.97 -29.06 -29.16 -28.94 -28.62 -28.72 -29.00 -29.59 -29.97 -30.06 -29.91 -30.22 -30.72 -31.56 -32.44 -33.38 -33.91 -34.12 -34.50 -34.69 -34.84 -34.84 -35.31 -36.12 -36.78 -37.38 -37.59 -37.69 -38.06 -38.19 -38.34 -38.47 -38.81 -38.84 -38.97 -38.94 -39.06 -39.50 -39.56 -39.50 -39.22 -38.97 -39.00 -38.94 -39.19 -39.56 -39.62 -39.50 -39.69 -39.75 -39.84 -39.84 -40.03 -40.12 -39.53 -39.12 -38.69 -37.81 -36.91 -36.25 -36.22 -36.31 -36.00 -35.50 -35.50 -35.09 -34.09 -33.59 -33.28
-29.22 -29.56 -29.84 -29.81 -29.81 -29.75 -29.38 -29.28 -29.72 -30.62 -30.59 -30.81 -30.38 -30.84 -31.59 -32.38 -33.09 -33.97 -34.53 -34.88 -35.19 -35.31 -35.00 -35.22 -35.62 -36.53 -37.34 -37.88 -38.12 -38.19 -38.41 -38.69 -38.75 -38.75 -39.09 -39.06 -39.41 -39.41 -39.81 -40.09 -40.16 -40.03 -39.91 -39.88 -39.81 -39.62 -39.59 -39.75 -39.84 -40.00 -40.06 -40.22 -40.28 -40.31 -40.25 -40.62 -40.34 -40.34 -39.78 -38.75 -37.47 -36.88 -36.56 -36.03 -36.22 -36.31 -36.09 -35.31 -34.88 -34.53 -33.72
-29.81 -30.12 -30.31 -30.25 -30.12 -30.09 -30.03 -29.97 -30.34 -30.88 -31.28 -31.72 -31.16 -31.81 -32.31 -32.75 -33.78 -34.66 -35.25 -35.47 -35.84 -35.72 -35.78 -35.97 -36.31 -37.16 -37.84 -38.34 -38.50 -38.78 -38.91 -39.03 -39.09 -39.09 -39.09 -39.22 -39.66 -39.97 -40.44 -40.62 -40.62 -40.59 -40.50 -40.53 -40.53 -40.22 -40.06 -40.25 -40.47 -40.44 -40.19 -40.28 -40.25 -40.59 -40.69 -40.78 -40.75 -40.88 -40.78 -40.00 -38.34 -37.94 -37.84 -37.62 -37.78 -37.50 -37.00 -36.38 -35.88 -35.44 -34.72
-30.22 -30.38 -30.91 -30.56 -30.31 -30.28 -30.44 -30.50 -30.75 -31.50 -32.03 -32.16 -32.09 -32.72 -32.97 -33.47 -34.28 -34.91 -35.72 -36.16 -36.62 -36.19 -36.47 -36.78 -37.03 -37.50 -38.22 -38.56 -38.78 -39.22 -39.38 -39.22 -39.47 -39.62 -39.72 -39.69 -39.91 -40.25 -40.69 -40.97 -41.03 -41.03 -41.00 -41.09 -40.97 -40.69 -40.50 -40.56 -40.81 -40.91 -40.72 -40.53 -40.62 -40.56 -40.75 -41.00 -40.72 -40.78 -40.75 -40.88 -39.53 -39.28 -38.72 -38.66 -38.97 -38.84 -38.41 -37.47 -36.09 -35.81 -35.03
-30.41 -30.75 -31.03 -31.03 -30.78 -30.50 -31.03 -31.09 -31.31 -32.03 -32.47 -32.94 -33.03 -33.25 -33.59 -34.12 -34.81 -35.44 -36.22 -36.69 -37.00 -36.66 -37.22 -37.47 -37.69 -38.34 -38.72 -38.81 -39.12 -39.38 -39.56 -39.53 -39.81 -40.03 -40.09 -40.28 -40.34 -40.56 -40.97 -41.25 -41.34 -41.38 -41.31 -41.31 -41.31 -41.22 -40.88 -40.75 -40.97 -40.78 -40.94 -41.03 -41.44 -40.81 -40.72 -41.03 -40.56 -40.91 -41.12 -41.31 -40.78 -40.16 -39.91 -39.44 -39.50 -39.31 -38.91 -38.06 -36.44 -36.09 -35.25
-30.94 -31.25 -31.28 -31.38 -31.59 -31.66 -31.66 -31.91 -32.16 -32.25 -32.84 -33.62 -33.59 -34.00 -34.00 -34.47 -35.06 -35.97 -36.84 -37.59 -37.75 -37.84 -38.09 -38.19 -38.66 -39.06 -39.28 -39.41 -39.56 -39.44 -39.59 -39.97 -40.16 -40.25 -40.41 -40.69 -40.84 -40.97 -41.34 -41.66 -41.75 -41.81 -41.81 -41.88 -41.62 -41.81 -41.50 -41.09 -40.94 -40.75 -40.94 -41.31 -41.59 -41.06 -40.84 -41.06 -40.97 -40.84 -40.81 -40.81 -40.81 -40.47 -40.16 -39.91 -39.88 -39.66 -39.44 -38.94 -37.25 -35.94 -35.31
-31.75 -31.88 -32.28 -32.34 -32.09 -31.94 -32.31 -32.16 -32.47 -32.91 -33.34 -33.59 -33.91 -34.56 -34.72 -35.25 -35.78 -36.94 -37.69 -38.38 -38.66 -38.75 -38.78 -39.06 -39.34 -39.38 -39.41 -39.81 -39.97 -39.88 -40.09 -40.38 -40.50 -40.69 -41.03 -41.25 -41.44 -41.53 -41.75 -42.06 -42.16 -42.19 -42.31 -42.41 -42.25 -42.28 -42.09 -41.56 -41.19 -40.91 -40.81 -41.12 -41.44 -41.34 -41.03 -40.84 -41.16 -41.00 -40.91 -40.84 -41.03 -40.97 -40.62 -40.19 -40.00 -39.84 -39.78 -39.88 -38.31 -37.03 -36.00
-32.41 -32.72 -32.56 -32.62 -32.59 -32.94 -33.06 -32.97 -33.12 -33.31 -33.62 -33.91 -34.41 -34.94 -35.47 -36.34 -37.03 -37.84 -38.59 -39.28 -39.38 -39.47 -39.50 -39.66 -39.88 -39.75 -40.06 -40.22 -40.38 -40.47 -40.75 -40.94 -41.12 -41.25 -41.47 -41.81 -42.28 -42.41 -42.28 -42.34 -42.56 -42.53 -42.69 -42.94 -42.94 -42.84 -42.78 -42.41 -41.97 -41.94 -41.38 -40.88 -40.94 -41.56 -41.28 -41.47 -41.41 -41.22 -41.38 -41.16 -41.09 -41.56 -41.03 -40.62 -40.88 -40.47 -40.47 -40.91 -39.22 -38.06 -37.34
-32.94 -33.44 -33.19 -33.38 -33.44 -33.81 -33.56 -33.69 -33.84 -33.78 -34.03 -34.53 -34.97 -35.19 -36.03 -36.78 -37.50 -38.34 -39.06 -39.44 -39.91 -40.22 -40.28 -40.34 -40.59 -40.56 -41.00 -41.38 -41.16 -41.28 -41.31 -41.50 -41.72 -41.84 -42.03 -42.38 -42.62 -42.88 -42.94 -42.97 -42.94 -42.97 -43.22 -43.41 -43.50 -43.41 -43.22 -43.03 -42.72 -42.47 -41.97 -41.28 -40.66 -40.84 -41.22 -41.56 -41.53 -41.31 -41.59 -41.19 -41.09 -41.56 -41.41 -41.47 -41.50 -41.53 -41.62 -41.25 -39.81 -38.97 -37.94
-33.12 -33.56 -33.62 -33.91 -33.91 -34.31 -34.28 -34.06 -33.91 -33.84 -34.31 -34.84 -35.34 -35.97 -36.75 -37.22 -37.84 -38.56 -39.34 -39.81 -40.34 -40.75 -41.06 -41.28 -41.56 -41.75 -41.91 -42.25 -42.31 -42.31 -42.25 -42.16 -42.28 -42.47 -42.78 -43.16 -43.38 -43.44 -43.50 -43.44 -43.31 -43.38 -43.59 -43.75 -43.78 -43.72 -43.31 -43.28 -43.09 -42.66 -42.34 -42.06 -41.78 -41.56 -41.53 -41.72 -41.59 -41.00 -41.38 -41.31 -41.34 -41.38 -41.66 -41.88 -42.03 -42.88 -43.16 -42.41 -40.66 -39.34 -38.28
-33.84 -34.06 -34.22 -34.59 -34.66 -34.91 -34.84 -34.03 -33.88 -33.72 -34.62 -35.22 -36.06 -36.84 -37.59 -38.09 -38.59 -39.28 -39.84 -40.47 -40.94 -41.38 -41.69 -42.00 -42.41 -42.59 -42.62 -42.88 -42.84 -43.03 -43.00 -42.91 -42.88 -43.09 -43.66 -43.78 -43.91 -43.88 -43.72 -43.69 -43.69 -43.69 -43.88 -44.06 -44.16 -44.22 -44.19 -43.94 -43.62 -42.97 -42.62 -42.59 -42.81 -42.16 -41.94 -41.84 -41.75 -41.50 -41.28 -41.62 -41.38 -41.56 -41.97 -42.59 -43.03 -43.72 -44.00 -43.16 -41.38 -40.06 -39.41
-34.34 -34.28 -34.62 -35.28 -35.53 -35.66 -35.44 -34.84 -34.44 -34.03 -34.97 -35.94 -37.03 -37.59 -38.50 -38.91 -39.47 -40.19 -40.59 -41.16 -41.50 -41.91 -42.44 -42.50 -42.53 -43.00 -43.22 -43.69 -43.81 -43.88 -43.91 -43.94 -43.97 -44.25 -44.50 -44.38 -44.38 -44.22 -44.06 -44.03 -43.97 -43.94 -44.00 -44.38 -44.31 -44.47 -44.59 -44.47 -44.16 -43.56 -43.50 -42.97 -42.88 -42.78 -42.38 -41.84 -41.59 -41.50 -41.28 -41.50 -41.34 -41.94 -41.72 -42.34 -43.69 -44.22 -44.38 -44.03 -42.50 -41.56 -40.97
-34.91 -35.06 -35.66 -36.28 -36.44 -36.28 -36.06 -35.47 -35.19 -35.09 -35.72 -36.66 -37.94 -38.53 -39.41 -39.81 -40.38 -40.84 -41.38 -41.88 -42.41 -42.84 -43.12 -43.31 -43.19 -43.53 -44.03 -44.12 -44.31 -44.38 -44.66 -44.78 -44.78 -44.91 -44.88 -44.69 -44.62 -44.59 -44.56 -44.38 -44.31 -44.19 -44.19 -44.62 -44.62 -44.72 -44.97 -44.69 -44.72 -44.34 -44.03 -43.53 -43.06 -42.69 -42.56 -42.03 -41.44 -41.38 -41.50 -41.53 -41.69 -42.25 -42.41 -42.75 -43.88 -44.78 -44.84 -44.59 -43.44 -42.81 -42.25
-35.81 -35.91 -36.38 -36.97 -37.38 -37.12 -36.56 -36.28 -36.09 -36.16 -36.53 -37.53 -38.50 -39.38 -40.28 -40.81 -41.19 -41.47 -41.88 -42.38 -42.97 -43.44 -44.00 -43.97 -44.00 -44.47 -44.62 -44.75 -44.84 -45.00 -45.16 -45.31 -45.19 -44.97 -45.00 -44.91 -44.88 -44.78 -44.84 -44.69 -44.62 -44.41 -44.56 -44.41 -44.88 -45.19 -45.28 -45.16 -45.00 -44.94 -44.38 -43.88 -43.59 -43.38 -43.03 -42.41 -41.75 -41.97 -41.88 -42.16 -42.28 -42.59 -43.28 -43.19 -43.81 -44.91 -45.12 -44.91 -43.72 -43.47 -43.16
-36.78 -37.16 -37.66 -37.97 -37.97 -37.59 -37.25 -37.00 -37.00 -37.09 -37.59 -38.34 -39.25 -40.09 -40.75 -41.28 -41.72 -42.12 -42.38 -42.84 -43.31 -43.78 -44.44 -44.59 -44.59 -44.69 -44.97 -45.03 -45.41 -45.53 -45.53 -45.72 -45.44 -45.12 -45.06 -45.03 -45.06 -44.94 -45.00 -45.00 -44.88 -44.62 -44.66 -44.19 -44.84 -45.22 -45.41 -45.53 -45.44 -45.28 -44.88 -44.47 -44.31 -44.12 -43.72 -42.97 -42.41 -42.12 -42.25 -42.50 -42.69 -43.19 -43.97 -44.12 -44.25 -44.62 -44.97 -44.59 -44.19 -44.16 -43.72
-37.66 -38.22 -38.66 -38.50 -38.50 -38.19 -37.88 -37.75 -37.59 -37.81 -38.41 -39.12 -39.91 -40.62 -41.16 -41.50 -42.03 -42.28 -42.69 -43.16 -43.72 -44.25 -44.84 -45.09 -45.34 -45.34 -45.34 -45.41 -45.66 -45.84 -45.88 -45.88 -45.56 -45.34 -45.25 -45.19 -45.25 -45.25 -45.34 -45.44 -45.16 -44.75 -44.75 -44.69 -44.91 -45.22 -45.59 -45.62 -45.81 -45.75 -45.31 -45.12 -44.91 -44.97 -44.75 -44.09 -43.53 -43.31 -43.47 -43.19 -42.78 -43.09 -44.53 -45.03 -44.88 -44.84 -44.91 -45.25 -45.19 -45.09 -44.78
-38.56 -38.78 -39.00 -39.00 -38.97 -38.72 -38.66 -38.50 -38.19 -38.41 -39.25 -39.62 -40.28 -40.84 -41.38 -41.88 -42.28 -42.50 -42.91 -43.47 -44.03 -44.62 -44.97 -45.28 -45.62 -45.97 -45.78 -45.78 -45.84 -45.97 -46.16 -46.12 -45.88 -45.66 -45.50 -45.66 -45.44 -45.59 -45.56 -45.78 -45.72 -45.00 -45.16 -45.09 -45.12 -45.19 -45.56 -45.72 -46.12 -46.12 -45.75 -45.56 -45.50 -45.66 -45.34 -45.03 -44.66 -44.44 -44.78 -44.31 -43.94 -44.12 -44.72 -45.31 -45.56 -45.19 -45.00 -45.53 -45.38 -45.66 -45.59
-39.53 -39.62 -39.31 -39.28 -39.16 -39.00 -39.06 -39.12 -39.31 -39.62 -40.12 -40.31 -40.66 -41.31 -41.78 -42.19 -42.50 -42.88 -43.34 -43.78 -44.12 -44.75 -45.12 -45.44 -45.84 -46.09 -46.19 -46.38 -46.28 -46.25 -46.59 -46.44 -46.25 -46.19 -46.06 -45.94 -45.66 -45.81 -45.88 -45.88 -46.12 -45.78 -45.72 -45.59 -45.34 -45.62 -45.66 -46.09 -46.69 -46.72 -46.38 -46.06 -46.16 -45.94 -45.56 -45.50 -45.41 -45.47 -45.47 -45.31 -45.34 -45.34 -45.91 -46.28 -46.41 -46.06 -46.22 -46.19 -45.81 -46.19 -46.06
-40.25 -40.31 -39.81 -39.62 -39.53 -39.47 -39.44 -39.78 -40.31 -41.09 -41.06 -41.00 -41.22 -41.50 -42.19 -42.62 -43.06 -43.31 -43.59 -44.16 -44.50 -44.94 -45.28 -45.88 -46.31 -46.38 -46.56 -46.81 -46.38 -46.28 -46.56 -46.81 -46.38 -46.66 -46.66 -46.34 -45.97 -45.84 -46.00 -46.44 -46.53 -46.53 -46.53 -46.44 -46.19 -46.09 -46.12 -46.53 -46.88 -47.16 -47.00 -46.88 -46.81 -46.66 -46.59 -46.47 -46.31 -46.28 -46.06 -46.00 -46.28 -46.41 -46.59 -47.41 -47.25 -47.06 -47.34 -46.69 -46.78 -46.44 -46.34
-40.91 -40.97 -40.38 -40.03 -39.97 -40.16 -40.31 -40.72 -41.19 -41.56 -41.94 -41.69 -41.75 -41.75 -42.69 -43.19 -43.41 -43.81 -44.22 -44.41 -44.62 -45.06 -45.56 -45.88 -46.34 -46.78 -46.81 -47.12 -46.88 -46.53 -46.56 -47.06 -46.91 -46.84 -46.84 -46.78 -46.56 -46.12 -46.12 -46.69 -46.88 -47.16 -47.31 -47.41 -46.97 -46.53 -46.88 -47.12 -47.47 -47.69 -47.53 -47.38 -47.56 -47.50 -47.28 -47.22 -46.91 -47.06 -47.19 -46.78 -46.84 -47.31 -47.28 -48.16 -48.34 -48.16 -47.47 -47.69 -47.25 -46.94 -47.03
-41.59 -41.59 -41.28 -40.97 -40.72 -41.06 -41.09 -41.41 -42.09 -42.34 -42.53 -42.66 -42.56 -42.59 -43.16 -43.72 -43.88 -44.12 -44.47 -44.91 -44.81 -45.16 -45.72 -46.44 -46.69 -47.12 -47.28 -47.62 -47.34 -47.12 -46.97 -47.03 -47.31 -47.31 -47.41 -47.47 -47.28 -46.88 -46.59 -46.84 -47.31 -47.56 -47.72 -47.88 -47.84 -47.59 -47.47 -47.62 -48.09 -48.31 -48.22 -48.12 -48.06 -48.06 -48.09 -48.06 -47.69 -47.78 -48.28 -48.09 -47.78 -47.84 -47.91 -48.53 -49.25 -48.91 -48.12 -48.03 -48.44 -48.47 -48.09
-42.28 -42.09 -42.12 -42.12 -41.91 -41.53 -41.78 -41.66 -42.03 -42.69 -42.84 -43.06 -43.38 -43.44 -43.69 -44.22 -44.56 -45.06 -45.09 -45.50 -45.25 -45.34 -46.06 -46.72 -47.34 -47.62 -47.97 -48.25 -48.12 -47.91 -47.66 -47.88 -47.88 -47.75 -47.84 -47.91 -47.72 -47.44 -47.31 -47.34 -47.84 -48.34 -48.41 -48.12 -48.38 -48.19 -48.16 -48.19 -48.34 -49.12 -49.19 -48.84 -48.56 -48.72 -48.81 -48.72 -48.75 -48.91 -48.88 -48.62 -48.56 -48.59 -48.44 -48.78 -49.56 -49.59 -49.00 -48.50 -49.09 -49.66 -49.41
-42.94 -43.12 -43.16 -42.94 -42.62 -42.53 -42.50 -42.53 -42.66 -43.06 -43.53 -44.03 -44.16 -44.50 -44.72 -45.22 -45.53 -45.69 -45.97 -46.25 -46.22 -46.16 -46.44 -47.16 -47.72 -47.91 -48.81 -49.06 -48.91 -48.47 -48.19 -48.41 -48.56 -48.44 -48.09 -48.47 -48.19 -48.06 -47.81 -48.06 -48.41 -48.91 -48.88 -48.53 -48.47 -48.25 -48.41 -48.78 -49.03 -49.62 -49.91 -49.75 -49.34 -49.09 -48.94 -49.25 -49.72 -49.75 -49.78 -49.38 -49.41 -49.09 -49.41 -49.47 -50.00 -49.41 -49.44 -49.00 -49.28 -50.44 -50.59
-43.66 -44.00 -43.97 -43.69 -43.00 -43.12 -43.25 -43.16 -43.12 -43.59 -44.12 -44.50 -44.59 -44.91 -45.53 -46.03 -46.31 -46.44 -46.84 -46.94 -46.91 -47.16 -47.16 -47.53 -48.19 -48.44 -49.00 -49.62 -49.94 -49.25 -49.00 -48.91 -49.09 -49.12 -49.03 -48.91 -48.44 -48.44 -48.25 -48.53 -49.00 -49.31 -49.19 -48.69 -48.62 -48.78 -49.16 -49.53 -49.69 -50.22 -50.44 -50.34 -49.97 -49.72 -49.34 -49.69 -50.12 -50.25 -50.56 -50.25 -50.22 -49.97 -50.12 -50.28 -50.62 -50.31 -49.84 -50.19 -50.69 -51.41 -51.66
-44.31 -44.44 -44.41 -44.38 -43.78 -43.97 -43.88 -43.91 -43.78 -44.31 -44.94 -45.22 -44.94 -45.12 -45.78 -46.53 -47.03 -47.22 -47.41 -47.66 -47.66 -47.97 -47.94 -48.31 -48.69 -49.12 -49.44 -50.28 -50.47 -50.09 -49.69 -49.56 -49.72 -49.84 -49.81 -49.66 -49.38 -49.16 -48.75 -48.72 -49.41 -49.94 -49.84 -49.38 -48.81 -49.12 -49.81 -50.22 -50.50 -50.69 -51.06 -50.78 -50.59 -49.97 -49.56 -49.78 -50.41 -50.78 -51.12 -50.97 -50.94 -50.84 -50.91 -51.09 -51.38 -51.41 -51.16 -51.41 -51.88 -52.03 -52.44
-44.94 -45.09 -45.19 -44.94 -44.78 -44.78 -44.53 -44.50 -44.72 -45.28 -45.66 -45.78 -45.91 -45.53 -45.94 -46.69 -47.66 -47.88 -48.19 -48.41 -48.66 -48.47 -48.38 -48.75 -49.06 -49.81 -50.16 -50.75 -51.06 -50.75 -50.53 -50.53 -50.62 -50.59 -50.44 -50.16 -50.16 -50.44 -49.81 -49.59 -49.81 -50.72 -50.50 -50.38 -49.56 -49.59 -50.16 -50.81 -51.25 -51.44 -51.47 -51.00 -50.69 -49.91 -49.50 -49.47 -50.38 -51.16 -51.62 -51.91 -51.94 -51.84 -51.53 -52.00 -52.16 -52.16 -51.66 -52.06 -52.47 -52.56 -52.66
