everonasctiles/Tile[11,21].asc
ncols 128
nrows 128
xllcorner 0
yllcorner 0
cellsize 2.0
NODATA_value  -9999
[rows 64 to 95 of 128, columns 0 to 70 of 128]
114.25 114.31 114.03 113.97 113.97 114.00 114.62 114.81 114.88 115.00 115.16 115.28 115.41 115.53 115.66 115.75 115.84 115.94 116.00 116.06 116.12 116.19 116.25 116.28 116.31 116.31 116.31 116.31 116.28 116.25 116.22 116.19 116.12 116.09 116.06 116.03 116.03 116.00 116.00 116.00 116.03 116.03 116.09 116.12 116.19 116.25 116.31 116.38 116.50 116.62 116.75 116.88 117.06 117.25 117.44 117.62 117.78 117.94 118.09 118.22 118.41 118.59 118.75 118.94 119.09 119.25 119.41 119.56 119.72 119.88 120.00
113.88 114.03 114.19 114.00 113.97 114.00 114.06 114.72 114.84 114.97 115.09 115.25 115.38 115.50 115.59 115.72 115.78 115.88 115.97 116.03 116.09 116.12 116.19 116.22 116.25 116.25 116.25 116.25 116.22 116.19 116.12 116.06 115.97 115.91 115.88 115.84 115.84 115.84 115.84 115.88 115.91 115.94 116.00 116.06 116.12 116.19 116.25 116.34 116.47 116.56 116.72 116.84 117.03 117.22 117.41 117.59 117.75 117.91 118.06 118.22 118.38 118.56 118.75 118.94 119.09 119.25 119.44 119.59 119.75 119.91 120.06
113.72 113.75 113.91 114.00 114.00 114.03 114.03 114.16 114.81 114.94 115.06 115.19 115.34 115.44 115.56 115.66 115.75 115.84 115.91 115.97 116.03 116.06 116.12 116.16 116.19 116.19 116.19 116.19 116.16 116.09 116.00 115.94 115.84 115.78 115.75 115.69 115.69 115.72 115.72 115.75 115.81 115.88 115.94 116.00 116.06 116.12 116.22 116.31 116.41 116.53 116.69 116.84 117.00 117.19 117.38 117.56 117.75 117.91 118.09 118.25 118.41 118.59 118.78 118.97 119.12 119.31 119.47 119.62 119.78 119.94 120.09
113.75 113.72 113.72 113.84 114.00 114.03 114.06 114.06 114.25 114.91 115.03 115.16 115.31 115.41 115.53 115.62 115.69 115.78 115.84 115.91 115.97 116.03 116.06 116.09 116.12 116.12 116.12 116.09 116.06 116.00 115.91 115.78 115.72 115.66 115.59 115.56 115.56 115.59 115.62 115.69 115.75 115.81 115.91 115.97 116.03 116.09 116.19 116.31 116.41 116.53 116.66 116.81 117.00 117.19 117.38 117.59 117.78 117.97 118.12 118.28 118.47 118.62 118.81 119.03 119.22 119.38 119.53 119.72 119.88 120.00 120.16
113.72 113.78 113.72 113.81 113.94 114.06 114.06 114.09 114.12 114.41 115.00 115.12 115.28 115.38 115.50 115.56 115.66 115.72 115.78 115.84 115.91 115.94 116.00 116.03 116.03 116.06 116.03 116.00 115.94 115.84 115.75 115.66 115.56 115.53 115.47 115.47 115.47 115.53 115.59 115.62 115.69 115.78 115.88 115.94 116.03 116.09 116.19 116.28 116.41 116.53 116.66 116.84 117.03 117.22 117.44 117.62 117.81 118.00 118.19 118.38 118.53 118.75 118.94 119.12 119.31 119.50 119.69 119.84 120.00 120.12 120.28
113.66 113.75 113.81 113.84 114.00 114.09 114.16 114.12 114.16 114.19 114.56 115.12 115.25 115.38 115.47 115.53 115.59 115.66 115.72 115.78 115.84 115.88 115.94 115.94 115.97 115.97 115.94 115.88 115.78 115.72 115.62 115.53 115.47 115.41 115.38 115.38 115.41 115.47 115.53 115.59 115.66 115.75 115.84 115.94 116.03 116.12 116.19 116.31 116.44 116.59 116.72 116.91 117.09 117.28 117.50 117.69 117.91 118.09 118.28 118.47 118.66 118.88 119.06 119.25 119.47 119.62 119.81 119.97 120.12 120.28 120.41
113.62 113.69 113.78 113.88 113.97 114.16 114.22 114.22 114.19 114.22 114.25 114.78 115.25 115.34 115.44 115.50 115.56 115.62 115.66 115.72 115.75 115.81 115.84 115.88 115.88 115.84 115.81 115.75 115.66 115.56 115.47 115.41 115.34 115.31 115.31 115.31 115.34 115.41 115.47 115.53 115.62 115.75 115.84 115.94 116.06 116.16 116.25 116.38 116.53 116.69 116.84 117.00 117.19 117.38 117.59 117.78 118.00 118.19 118.41 118.59 118.78 119.00 119.22 119.41 119.59 119.78 119.97 120.12 120.28 120.41 120.56
113.56 113.66 113.75 113.84 113.97 114.09 114.31 114.34 114.28 114.25 114.28 114.31 115.00 115.38 115.41 115.47 115.50 115.53 115.59 115.62 115.69 115.72 115.75 115.78 115.78 115.72 115.69 115.59 115.53 115.44 115.34 115.31 115.28 115.25 115.25 115.28 115.31 115.38 115.44 115.50 115.62 115.72 115.84 115.97 116.09 116.22 116.34 116.50 116.62 116.81 116.97 117.16 117.31 117.50 117.69 117.91 118.09 118.31 118.53 118.72 118.94 119.16 119.38 119.56 119.75 119.94 120.09 120.25 120.41 120.56 120.69
113.50 113.59 113.72 113.81 113.94 114.09 114.25 114.44 114.47 114.38 114.31 114.34 114.41 115.22 115.41 115.41 115.44 115.47 115.50 115.53 115.56 115.62 115.66 115.69 115.66 115.59 115.56 115.47 115.41 115.31 115.28 115.22 115.22 115.19 115.22 115.22 115.28 115.34 115.41 115.50 115.62 115.72 115.88 116.03 116.19 116.31 116.47 116.62 116.78 116.94 117.12 117.31 117.47 117.66 117.84 118.06 118.25 118.47 118.69 118.91 119.09 119.31 119.53 119.72 119.91 120.09 120.25 120.41 120.56 120.69 120.81
113.44 113.56 113.66 113.78 113.91 114.06 114.19 114.34 114.59 114.72 114.44 114.41 114.44 114.50 115.28 115.34 115.34 115.38 115.38 115.41 115.47 115.53 115.56 115.56 115.53 115.50 115.44 115.38 115.31 115.25 115.19 115.16 115.16 115.16 115.19 115.22 115.28 115.34 115.44 115.53 115.62 115.78 115.94 116.09 116.28 116.44 116.59 116.78 116.94 117.12 117.28 117.47 117.66 117.84 118.03 118.22 118.44 118.66 118.84 119.06 119.28 119.50 119.69 119.88 120.06 120.22 120.38 120.53 120.69 120.81 120.94
113.38 113.50 113.62 113.75 113.88 114.00 114.16 114.28 114.53 114.84 114.88 114.47 114.47 114.53 114.62 115.22 115.28 115.28 115.28 115.31 115.38 115.44 115.47 115.47 115.44 115.41 115.34 115.28 115.22 115.19 115.16 115.12 115.16 115.16 115.19 115.22 115.28 115.38 115.44 115.56 115.69 115.84 116.00 116.19 116.38 116.56 116.75 116.94 117.12 117.31 117.47 117.66 117.84 118.03 118.22 118.44 118.62 118.84 119.06 119.25 119.47 119.66 119.84 120.03 120.22 120.38 120.53 120.66 120.78 120.91 121.03
113.31 113.44 113.56 113.69 113.81 113.97 114.12 114.25 114.47 114.75 115.00 115.03 114.53 114.56 114.62 114.72 115.19 115.25 115.22 115.22 115.28 115.34 115.38 115.38 115.34 115.31 115.25 115.22 115.16 115.16 115.12 115.12 115.12 115.16 115.19 115.25 115.31 115.41 115.50 115.62 115.75 115.94 116.09 116.31 116.50 116.72 116.91 117.09 117.31 117.50 117.69 117.88 118.06 118.25 118.44 118.62 118.84 119.03 119.25 119.44 119.66 119.84 120.03 120.19 120.38 120.50 120.66 120.78 120.91 121.00 121.12
113.28 113.38 113.53 113.66 113.78 113.94 114.06 114.22 114.41 114.66 115.06 115.31 115.06 114.62 114.66 114.72 114.81 115.12 115.16 115.16 115.19 115.25 115.28 115.28 115.25 115.22 115.19 115.19 115.16 115.12 115.12 115.12 115.16 115.19 115.22 115.28 115.34 115.44 115.56 115.69 115.84 116.03 116.22 116.44 116.66 116.84 117.06 117.28 117.50 117.69 117.88 118.06 118.25 118.47 118.66 118.84 119.03 119.25 119.44 119.66 119.84 120.03 120.19 120.38 120.50 120.66 120.78 120.88 120.97 121.06 121.16
113.22 113.34 113.47 113.59 113.75 113.88 114.03 114.19 114.34 114.59 115.03 115.38 115.28 114.91 114.72 114.75 114.81 114.88 115.06 115.09 115.16 115.19 115.22 115.22 115.22 115.22 115.19 115.16 115.16 115.12 115.12 115.16 115.19 115.22 115.28 115.34 115.44 115.53 115.66 115.78 115.97 116.16 116.34 116.56 116.81 117.03 117.25 117.47 117.69 117.91 118.09 118.28 118.47 118.66 118.84 119.06 119.25 119.44 119.66 119.84 120.03 120.22 120.38 120.53 120.66 120.78 120.88 120.97 121.06 121.12 121.19
113.19 113.31 113.41 113.56 113.69 113.84 113.97 114.12 114.31 114.53 114.81 115.19 115.31 115.12 114.84 114.81 114.84 114.88 114.97 115.06 115.12 115.16 115.19 115.19 115.19 115.19 115.19 115.19 115.16 115.16 115.16 115.19 115.22 115.28 115.34 115.44 115.50 115.62 115.75 115.91 116.09 116.28 116.50 116.75 116.97 117.19 117.44 117.66 117.88 118.09 118.28 118.50 118.69 118.88 119.06 119.25 119.47 119.66 119.84 120.03 120.22 120.38 120.53 120.66 120.78 120.88 120.97 121.03 121.09 121.16 121.22
113.09 113.22 113.38 113.50 113.62 113.78 113.94 114.09 114.25 114.44 114.66 114.91 115.19 115.28 115.09 114.88 114.88 114.91 114.94 115.06 115.12 115.16 115.19 115.19 115.19 115.19 115.19 115.19 115.19 115.19 115.19 115.22 115.28 115.34 115.41 115.50 115.59 115.72 115.84 116.03 116.22 116.44 116.66 116.91 117.16 117.38 117.62 117.84 118.06 118.28 118.47 118.69 118.88 119.06 119.28 119.47 119.66 119.84 120.06 120.22 120.41 120.56 120.69 120.81 120.94 121.00 121.06 121.12 121.16 121.19 121.25
113.00 113.16 113.28 113.44 113.56 113.72 113.88 114.03 114.19 114.34 114.56 114.78 115.00 115.22 115.22 115.00 114.91 114.94 114.94 114.97 115.12 115.16 115.19 115.19 115.19 115.19 115.22 115.19 115.19 115.22 115.22 115.28 115.34 115.41 115.47 115.56 115.66 115.81 115.97 116.16 116.38 116.59 116.84 117.09 117.34 117.56 117.81 118.03 118.25 118.47 118.66 118.88 119.06 119.25 119.47 119.66 119.84 120.06 120.25 120.41 120.59 120.72 120.88 120.97 121.06 121.12 121.16 121.19 121.22 121.25 121.31
112.91 113.06 113.22 113.38 113.50 113.66 113.78 113.94 114.09 114.25 114.41 114.62 114.81 115.03 115.16 115.19 114.97 114.97 114.97 115.00 115.06 115.16 115.19 115.22 115.22 115.22 115.22 115.22 115.25 115.25 115.28 115.34 115.41 115.47 115.53 115.62 115.75 115.91 116.09 116.31 116.53 116.78 117.03 117.28 117.53 117.75 118.00 118.22 118.44 118.62 118.84 119.03 119.25 119.44 119.62 119.84 120.03 120.22 120.41 120.59 120.75 120.91 121.03 121.12 121.19 121.25 121.28 121.28 121.28 121.34 121.25
112.88 113.00 113.12 113.28 113.44 113.56 113.69 113.81 113.97 114.12 114.28 114.47 114.69 114.88 115.06 115.25 115.28 115.03 115.00 115.03 115.03 115.12 115.19 115.22 115.22 115.22 115.25 115.25 115.28 115.31 115.34 115.41 115.47 115.53 115.59 115.72 115.84 116.03 116.25 116.47 116.72 116.97 117.22 117.47 117.72 117.94 118.16 118.38 118.59 118.81 119.00 119.19 119.38 119.59 119.78 120.00 120.19 120.41 120.59 120.75 120.94 121.06 121.19 121.28 121.34 121.38 121.41 121.41 121.31 121.16 121.16
112.81 112.94 113.09 113.22 113.34 113.47 113.59 113.72 113.84 114.00 114.16 114.34 114.53 114.75 114.97 115.19 115.41 115.38 115.06 115.03 115.06 115.06 115.19 115.22 115.22 115.25 115.28 115.31 115.34 115.38 115.41 115.47 115.53 115.59 115.69 115.81 115.97 116.16 116.41 116.66 116.91 117.16 117.41 117.66 117.88 118.12 118.34 118.56 118.75 118.94 119.12 119.34 119.53 119.72 119.94 120.12 120.34 120.53 120.72 120.91 121.09 121.22 121.34 121.44 121.50 121.56 121.50 121.16 121.09 121.12 121.12
112.75 112.91 113.06 113.19 113.28 113.38 113.47 113.59 113.72 113.88 114.03 114.22 114.41 114.59 114.81 115.06 115.28 115.44 115.34 115.06 115.06 115.09 115.12 115.22 115.25 115.25 115.31 115.34 115.41 115.44 115.47 115.53 115.59 115.66 115.75 115.91 116.09 116.31 116.56 116.81 117.06 117.34 117.59 117.81 118.06 118.28 118.50 118.69 118.91 119.09 119.28 119.47 119.66 119.84 120.03 120.25 120.44 120.66 120.88 121.06 121.25 121.41 121.53 121.62 121.66 121.25 121.03 121.06 121.09 121.09 121.12
112.69 112.84 113.00 113.09 113.19 113.28 113.38 113.47 113.59 113.72 113.88 114.03 114.22 114.41 114.62 114.88 115.09 115.28 115.34 115.22 115.09 115.09 115.12 115.19 115.25 115.31 115.34 115.41 115.47 115.50 115.56 115.62 115.66 115.75 115.84 116.03 116.22 116.47 116.72 117.00 117.25 117.50 117.75 118.00 118.22 118.44 118.66 118.84 119.03 119.22 119.38 119.56 119.75 119.94 120.12 120.31 120.53 120.75 120.97 121.19 121.38 121.53 121.69 121.41 121.00 121.00 121.03 121.06 121.06 121.09 121.12
112.62 112.78 112.91 113.03 113.12 113.22 113.28 113.34 113.44 113.56 113.69 113.84 114.00 114.19 114.38 114.62 114.84 115.03 115.19 115.25 115.16 115.12 115.16 115.19 115.31 115.34 115.41 115.44 115.50 115.59 115.66 115.72 115.78 115.84 115.97 116.16 116.38 116.62 116.91 117.16 117.44 117.69 117.94 118.16 118.38 118.59 118.78 118.97 119.16 119.34 119.50 119.66 119.81 120.00 120.19 120.38 120.59 120.84 121.06 121.28 121.50 121.41 120.94 120.97 120.97 121.00 121.03 121.03 121.06 121.28 121.88
112.53 112.69 112.84 112.94 113.03 113.09 113.16 113.22 113.31 113.44 113.53 113.66 113.78 113.94 114.12 114.34 114.56 114.78 114.97 115.09 115.22 115.16 115.19 115.22 115.31 115.44 115.47 115.50 115.59 115.66 115.75 115.81 115.88 115.97 116.09 116.28 116.53 116.78 117.06 117.34 117.59 117.84 118.09 118.31 118.53 118.75 118.94 119.12 119.28 119.44 119.59 119.72 119.88 120.03 120.22 120.44 120.66 120.91 121.16 121.25 120.84 120.78 120.84 120.94 120.97 121.00 121.00 121.12 121.75 121.94 121.97
112.41 112.56 112.69 112.81 112.94 113.00 113.06 113.12 113.19 113.28 113.38 113.47 113.56 113.69 113.84 114.03 114.25 114.47 114.69 114.84 114.97 115.16 115.25 115.28 115.34 115.44 115.56 115.59 115.66 115.72 115.81 115.91 116.00 116.09 116.22 116.44 116.69 116.97 117.22 117.50 117.75 118.00 118.22 118.47 118.69 118.88 119.06 119.25 119.41 119.53 119.69 119.81 119.94 120.09 120.25 120.44 120.69 120.88 120.69 120.59 120.66 120.75 120.81 120.91 120.97 121.00 121.69 122.03 121.97 121.97 121.97
112.28 112.44 112.56 112.69 112.81 112.88 112.94 113.03 113.09 113.16 113.22 113.28 113.38 113.47 113.59 113.78 113.97 114.19 114.41 114.53 114.59 114.81 115.25 115.34 115.41 115.47 115.56 115.69 115.75 115.81 115.88 115.97 116.09 116.19 116.34 116.56 116.84 117.12 117.41 117.66 117.91 118.16 118.38 118.59 118.81 119.00 119.19 119.34 119.50 119.66 119.78 119.88 120.00 120.12 120.28 120.47 120.47 120.41 120.47 120.56 120.62 120.72 120.78 120.84 121.44 122.06 122.03 122.00 121.97 121.94 121.91
112.16 112.31 112.44 112.56 112.69 112.78 112.88 112.94 113.00 113.03 113.09 113.16 113.22 113.28 113.41 113.53 113.72 113.94 114.12 114.31 114.44 114.47 114.81 115.34 115.47 115.53 115.59 115.69 115.84 115.91 115.97 116.06 116.19 116.31 116.50 116.72 117.00 117.28 117.53 117.78 118.03 118.28 118.50 118.72 118.94 119.12 119.31 119.47 119.62 119.75 119.88 119.97 120.06 120.16 120.22 120.22 120.28 120.38 120.44 120.53 120.59 120.66 121.12 121.97 122.00 121.97 121.94 121.91 121.88 121.84 121.84
112.03 112.19 112.31 112.44 112.56 112.69 112.78 112.84 112.91 112.94 112.97 113.03 113.06 113.16 113.25 113.38 113.56 113.75 113.94 114.12 114.28 114.44 114.56 114.97 115.50 115.59 115.66 115.72 115.84 116.00 116.06 116.12 116.25 116.41 116.62 116.88 117.16 117.44 117.69 117.94 118.16 118.41 118.62 118.84 119.03 119.22 119.41 119.59 119.72 119.84 119.97 120.06 120.03 119.97 120.06 120.16 120.25 120.34 120.41 120.47 120.75 121.66 121.84 121.88 121.88 121.88 121.84 121.81 121.81 121.78 121.75
111.91 112.06 112.19 112.34 112.50 112.62 112.72 112.78 112.81 112.84 112.84 112.91 112.94 113.00 113.09 113.22 113.38 113.56 113.72 113.91 114.09 114.31 114.53 114.78 115.16 115.62 115.75 115.81 115.88 116.03 116.16 116.22 116.34 116.50 116.75 117.03 117.31 117.56 117.81 118.03 118.28 118.50 118.72 118.94 119.12 119.31 119.50 119.69 119.81 119.94 119.97 119.78 119.84 119.94 120.03 120.12 120.22 120.28 120.44 121.22 121.56 121.62 121.69 121.72 121.75 121.75 121.75 121.72 121.69 121.69 121.66
111.78 111.94 112.09 112.25 112.41 112.53 112.59 112.66 112.69 112.69 112.72 112.75 112.78 112.84 112.94 113.06 113.19 113.34 113.53 113.72 113.91 114.12 114.38 114.66 114.91 115.25 115.78 115.88 115.97 116.03 116.22 116.31 116.41 116.59 116.84 117.16 117.44 117.66 117.91 118.12 118.34 118.56 118.78 119.00 119.19 119.41 119.56 119.75 119.84 119.59 119.59 119.69 119.78 119.88 119.97 120.06 120.19 120.84 121.28 121.38 121.44 121.50 121.56 121.59 121.62 121.62 121.62 121.62 121.59 121.59 121.56
111.66 111.81 112.00 112.16 112.28 112.38 112.44 112.50 112.50 112.53 112.56 112.59 112.62 112.69 112.78 112.88 113.03 113.16 113.34 113.53 113.72 113.97 114.25 114.50 114.78 115.00 115.28 115.91 116.03 116.09 116.19 116.38 116.50 116.69 116.94 117.22 117.50 117.72 117.94 118.16 118.41 118.62 118.84 119.03 119.25 119.44 119.59 119.44 119.34 119.44 119.53 119.62 119.72 119.81 119.91 120.50 121.12 121.16 121.22 121.28 121.34 121.41 121.44 121.47 121.50 121.50 121.50 121.50 121.50 121.50 121.50
111.53 111.72 111.88 112.00 112.12 112.22 112.25 112.31 112.31 112.34 112.38 112.41 112.47 112.53 112.62 112.75 112.88 113.03 113.19 113.38 113.59 113.81 114.09 114.38 114.66 114.88 115.09 115.38 116.09 116.19 116.25 116.34 116.59 116.72 116.94 117.19 117.47 117.69 117.94 118.16 118.41 118.62 118.84 119.03 119.25 119.25 119.09 119.19 119.28 119.38 119.47 119.56 119.66 120.12 120.88 121.00 121.06 121.12 121.16 121.22 121.25 121.28 121.34 121.38 121.38 121.41 121.41 121.41 121.41 121.41 121.41
