everonasctiles/Tile26,46.asc
ncols 128
nrows 128
xllcorner 0
yllcorner 0
cellsize 2.0
NODATA_value  -9999
[rows 0 to 30 of 128, columns 0 to 69 of 128]
-88.00 -87.91 -87.81 -87.66 -87.50 -87.31 -87.09 -86.88 -87.28 -87.75 -88.12 -88.47 -88.75 -89.00 -89.22 -89.44 -89.59 -89.72 -89.75 -89.69 -89.53 -89.25 -88.81 -88.22 -87.44 -86.19 -84.53 -82.75 -80.94 -79.28 -77.91 -76.94 -76.56 -76.88 -77.34 -77.59 -77.84 -78.06 -78.25 -78.44 -78.56 -78.66 -78.72 -78.75 -78.78 -78.81 -78.84 -78.88 -78.91 -78.94 -78.97 -79.00 -78.97 -78.97 -78.94 -78.94 -78.97 -79.06 -79.22 -79.44 -79.72 -79.97 -80.25 -80.50 -80.78 -81.00 -81.22 -81.38 -81.53 -81.62
-87.84 -87.72 -87.59 -87.44 -87.28 -87.12 -86.94 -86.84 -87.16 -87.53 -87.84 -88.12 -88.34 -88.53 -88.75 -88.97 -89.16 -89.25 -89.31 -89.25 -89.12 -88.84 -88.44 -87.88 -87.09 -86.03 -84.34 -82.41 -80.50 -78.78 -77.44 -76.56 -76.41 -76.97 -77.38 -77.59 -77.84 -78.06 -78.25 -78.41 -78.53 -78.66 -78.72 -78.78 -78.84 -78.88 -78.91 -78.94 -78.97 -79.03 -79.06 -79.06 -79.06 -79.03 -79.03 -79.03 -79.06 -79.16 -79.31 -79.53 -79.78 -80.03 -80.28 -80.53 -80.78 -81.00 -81.22 -81.41 -81.59 -81.72
-87.66 -87.53 -87.38 -87.22 -87.06 -86.91 -86.75 -86.75 -86.97 -87.25 -87.50 -87.72 -87.88 -88.03 -88.22 -88.47 -88.66 -88.75 -88.81 -88.81 -88.69 -88.41 -88.00 -87.47 -86.75 -85.84 -84.66 -82.88 -80.88 -79.09 -77.66 -76.72 -76.47 -76.94 -77.34 -77.56 -77.78 -78.03 -78.22 -78.34 -78.50 -78.59 -78.72 -78.78 -78.84 -78.91 -78.94 -78.97 -79.03 -79.06 -79.09 -79.12 -79.09 -79.09 -79.09 -79.09 -79.16 -79.25 -79.41 -79.59 -79.84 -80.06 -80.31 -80.53 -80.78 -81.00 -81.22 -81.44 -81.62 -81.78
-87.50 -87.34 -87.19 -87.03 -86.88 -86.69 -86.56 -86.53 -86.69 -86.91 -87.12 -87.25 -87.38 -87.47 -87.66 -87.91 -88.09 -88.25 -88.31 -88.31 -88.19 -87.91 -87.47 -86.94 -86.28 -85.47 -84.50 -83.34 -81.75 -79.88 -78.34 -77.28 -76.75 -76.88 -77.28 -77.50 -77.72 -77.94 -78.09 -78.25 -78.38 -78.50 -78.62 -78.75 -78.84 -78.91 -78.94 -78.97 -79.03 -79.06 -79.09 -79.12 -79.12 -79.12 -79.12 -79.16 -79.22 -79.31 -79.47 -79.66 -79.88 -80.09 -80.31 -80.53 -80.78 -81.00 -81.22 -81.41 -81.62 -81.81
-87.34 -87.19 -87.03 -86.84 -86.66 -86.47 -86.34 -86.28 -86.38 -86.53 -86.69 -86.78 -86.84 -86.91 -87.06 -87.31 -87.50 -87.69 -87.78 -87.81 -87.66 -87.34 -86.88 -86.31 -85.66 -84.91 -84.03 -83.06 -81.94 -80.75 -79.16 -77.97 -77.19 -76.97 -77.25 -77.44 -77.62 -77.81 -77.97 -78.09 -78.25 -78.38 -78.53 -78.66 -78.75 -78.84 -78.91 -78.97 -79.00 -79.03 -79.06 -79.09 -79.12 -79.12 -79.16 -79.19 -79.28 -79.38 -79.53 -79.72 -79.91 -80.12 -80.34 -80.56 -80.78 -80.97 -81.19 -81.41 -81.59 -81.78
-87.19 -87.03 -86.84 -86.66 -86.44 -86.25 -86.06 -85.97 -86.03 -86.12 -86.25 -86.31 -86.31 -86.31 -86.41 -86.62 -86.88 -87.09 -87.22 -87.25 -87.09 -86.75 -86.25 -85.69 -85.03 -84.25 -83.38 -82.47 -81.53 -80.59 -79.69 -78.56 -77.69 -77.22 -77.22 -77.41 -77.53 -77.66 -77.81 -77.94 -78.09 -78.25 -78.41 -78.56 -78.69 -78.78 -78.88 -78.94 -79.00 -79.03 -79.06 -79.09 -79.12 -79.12 -79.16 -79.22 -79.31 -79.41 -79.56 -79.75 -79.97 -80.16 -80.38 -80.56 -80.78 -80.97 -81.16 -81.34 -81.53 -81.72
-87.03 -86.84 -86.66 -86.44 -86.22 -86.00 -85.78 -85.66 -85.62 -85.72 -85.81 -85.84 -85.81 -85.75 -85.72 -85.94 -86.22 -86.50 -86.66 -86.69 -86.50 -86.12 -85.62 -85.03 -84.34 -83.56 -82.72 -81.81 -80.97 -80.19 -79.47 -78.78 -78.06 -77.50 -77.22 -77.34 -77.44 -77.53 -77.66 -77.78 -77.94 -78.12 -78.28 -78.44 -78.59 -78.69 -78.81 -78.91 -78.97 -79.00 -79.06 -79.06 -79.09 -79.09 -79.16 -79.22 -79.31 -79.44 -79.59 -79.78 -80.00 -80.22 -80.41 -80.59 -80.78 -80.97 -81.12 -81.31 -81.47 -81.62
-86.91 -86.69 -86.47 -86.22 -85.97 -85.75 -85.50 -85.31 -85.25 -85.28 -85.34 -85.34 -85.31 -85.19 -85.06 -85.25 -85.59 -85.91 -86.06 -86.06 -85.88 -85.50 -84.97 -84.34 -83.69 -82.88 -82.00 -81.09 -80.38 -79.72 -79.12 -78.62 -78.16 -77.69 -77.34 -77.25 -77.34 -77.41 -77.50 -77.66 -77.81 -78.00 -78.16 -78.31 -78.47 -78.59 -78.72 -78.81 -78.91 -78.97 -79.00 -79.03 -79.03 -79.06 -79.09 -79.19 -79.28 -79.41 -79.59 -79.81 -80.00 -80.22 -80.44 -80.62 -80.78 -80.94 -81.06 -81.22 -81.34 -81.50
-86.75 -86.50 -86.25 -86.00 -85.75 -85.47 -85.25 -85.00 -84.84 -84.84 -84.88 -84.91 -84.84 -84.72 -84.53 -84.66 -85.03 -85.31 -85.44 -85.44 -85.22 -84.88 -84.34 -83.72 -83.03 -82.25 -81.34 -80.50 -79.78 -79.25 -78.84 -78.44 -78.09 -77.78 -77.53 -77.34 -77.25 -77.22 -77.34 -77.53 -77.72 -77.88 -78.03 -78.16 -78.31 -78.47 -78.59 -78.72 -78.81 -78.91 -78.94 -78.97 -78.97 -79.00 -79.03 -79.12 -79.22 -79.38 -79.56 -79.78 -80.00 -80.22 -80.44 -80.62 -80.78 -80.88 -81.00 -81.09 -81.19 -81.31
-86.69 -86.38 -86.03 -85.75 -85.50 -85.22 -84.94 -84.62 -84.44 -84.41 -84.41 -84.44 -84.41 -84.28 -84.12 -84.19 -84.50 -84.72 -84.84 -84.78 -84.59 -84.25 -83.75 -83.12 -82.47 -81.72 -80.97 -80.19 -79.56 -79.06 -78.69 -78.34 -78.06 -77.81 -77.66 -77.56 -77.50 -77.38 -77.25 -77.34 -77.56 -77.72 -77.88 -78.03 -78.19 -78.34 -78.47 -78.59 -78.72 -78.78 -78.84 -78.88 -78.91 -78.94 -78.97 -79.03 -79.16 -79.31 -79.53 -79.72 -79.94 -80.16 -80.38 -80.56 -80.69 -80.78 -80.84 -80.91 -81.00 -81.12
-86.72 -86.34 -85.94 -85.53 -85.16 -84.78 -84.44 -84.12 -83.94 -83.94 -83.97 -84.00 -83.97 -83.91 -83.78 -83.81 -84.03 -84.19 -84.25 -84.16 -83.97 -83.66 -83.19 -82.62 -82.00 -81.31 -80.66 -80.03 -79.50 -79.03 -78.62 -78.34 -78.09 -77.91 -77.81 -77.75 -77.72 -77.66 -77.56 -77.41 -77.34 -77.47 -77.66 -77.84 -78.06 -78.22 -78.34 -78.47 -78.59 -78.69 -78.75 -78.81 -78.84 -78.84 -78.91 -78.97 -79.09 -79.28 -79.47 -79.69 -79.91 -80.09 -80.28 -80.44 -80.53 -80.62 -80.66 -80.72 -80.78 -80.88
-86.75 -86.38 -85.97 -85.53 -85.00 -84.41 -83.88 -83.53 -83.38 -83.50 -83.56 -83.56 -83.56 -83.53 -83.44 -83.44 -83.56 -83.66 -83.69 -83.56 -83.38 -83.06 -82.66 -82.16 -81.56 -80.97 -80.41 -79.88 -79.38 -78.97 -78.62 -78.34 -78.16 -78.03 -78.00 -77.94 -77.94 -77.91 -77.88 -77.78 -77.66 -77.56 -77.53 -77.66 -77.91 -78.09 -78.25 -78.38 -78.47 -78.56 -78.66 -78.72 -78.75 -78.78 -78.84 -78.91 -79.06 -79.25 -79.44 -79.66 -79.84 -80.03 -80.19 -80.28 -80.38 -80.44 -80.47 -80.50 -80.56 -80.66
-86.72 -86.38 -85.97 -85.53 -85.03 -84.38 -83.66 -83.09 -82.88 -83.00 -83.16 -83.19 -83.19 -83.16 -83.09 -83.09 -83.12 -83.16 -83.16 -83.03 -82.81 -82.53 -82.19 -81.75 -81.25 -80.72 -80.19 -79.72 -79.28 -78.91 -78.62 -78.41 -78.28 -78.22 -78.19 -78.19 -78.19 -78.19 -78.19 -78.16 -78.12 -78.06 -77.94 -77.81 -77.81 -78.00 -78.16 -78.28 -78.41 -78.50 -78.59 -78.66 -78.72 -78.75 -78.81 -78.94 -79.09 -79.31 -79.50 -79.66 -79.81 -79.94 -80.06 -80.16 -80.22 -80.25 -80.28 -80.28 -80.28 -80.28
-86.62 -86.28 -85.91 -85.47 -84.97 -84.44 -83.78 -83.06 -82.59 -82.53 -82.78 -82.84 -82.84 -82.81 -82.78 -82.72 -82.72 -82.72 -82.66 -82.56 -82.38 -82.09 -81.78 -81.41 -80.94 -80.47 -79.97 -79.53 -79.12 -78.84 -78.66 -78.53 -78.44 -78.41 -78.41 -78.44 -78.47 -78.47 -78.50 -78.50 -78.47 -78.44 -78.38 -78.25 -78.12 -78.03 -78.09 -78.22 -78.34 -78.44 -78.56 -78.66 -78.75 -78.81 -78.94 -79.12 -79.38 -79.59 -79.75 -79.84 -79.91 -79.94 -79.97 -80.00 -80.03 -80.06 -80.03 -79.97 -79.84 -79.75
-86.44 -86.12 -85.75 -85.34 -84.88 -84.41 -83.91 -83.34 -82.75 -82.31 -82.38 -82.50 -82.53 -82.50 -82.44 -82.41 -82.38 -82.34 -82.28 -82.16 -82.00 -81.72 -81.38 -80.94 -80.47 -80.00 -79.56 -79.25 -79.06 -78.97 -78.88 -78.78 -78.69 -78.66 -78.66 -78.69 -78.75 -78.81 -78.81 -78.81 -78.81 -78.75 -78.69 -78.59 -78.47 -78.31 -78.19 -78.22 -78.34 -78.47 -78.59 -78.72 -78.84 -79.00 -79.19 -79.44 -79.69 -79.91 -80.06 -80.19 -80.25 -80.22 -80.19 -80.12 -80.06 -79.94 -79.75 -79.62 -79.62 -79.69
-86.16 -85.88 -85.53 -85.16 -84.72 -84.28 -83.84 -83.41 -83.00 -82.41 -82.06 -82.09 -82.22 -82.22 -82.19 -82.12 -82.06 -81.97 -81.84 -81.72 -81.47 -81.16 -80.75 -80.34 -79.97 -79.66 -79.50 -79.47 -79.44 -79.34 -79.22 -79.06 -78.97 -78.94 -78.94 -79.00 -79.06 -79.12 -79.19 -79.19 -79.16 -79.09 -79.00 -78.88 -78.75 -78.59 -78.41 -78.28 -78.38 -78.53 -78.72 -78.91 -79.09 -79.28 -79.50 -79.75 -80.03 -80.25 -80.44 -80.59 -80.66 -80.69 -80.69 -80.69 -80.56 -80.31 -80.03 -79.94 -80.09 -80.38
-85.81 -85.59 -85.28 -84.91 -84.53 -84.12 -83.72 -83.31 -82.97 -82.44 -81.91 -81.69 -81.72 -81.81 -81.84 -81.78 -81.62 -81.47 -81.28 -81.09 -80.84 -80.59 -80.28 -80.03 -79.91 -79.91 -79.97 -79.94 -79.81 -79.69 -79.56 -79.44 -79.34 -79.28 -79.28 -79.31 -79.41 -79.47 -79.53 -79.53 -79.50 -79.44 -79.31 -79.19 -79.03 -78.84 -78.62 -78.34 -78.38 -78.66 -78.88 -79.12 -79.38 -79.59 -79.84 -80.12 -80.38 -80.62 -80.84 -81.00 -81.12 -81.19 -81.25 -81.28 -81.22 -80.91 -80.56 -80.50 -80.88 -81.31
-85.47 -85.28 -85.00 -84.69 -84.31 -83.91 -83.53 -83.19 -82.81 -82.31 -81.91 -81.62 -81.53 -81.56 -81.56 -81.50 -81.38 -81.19 -81.00 -80.84 -80.69 -80.56 -80.47 -80.41 -80.44 -80.50 -80.41 -80.31 -80.19 -80.09 -79.97 -79.88 -79.75 -79.69 -79.66 -79.69 -79.75 -79.81 -79.88 -79.88 -79.84 -79.78 -79.69 -79.53 -79.34 -79.12 -78.84 -78.41 -78.34 -78.75 -79.09 -79.41 -79.69 -79.97 -80.22 -80.50 -80.75 -81.00 -81.25 -81.44 -81.59 -81.69 -81.78 -81.81 -81.78 -81.59 -81.22 -81.22 -81.69 -82.22
-85.16 -84.97 -84.72 -84.44 -84.03 -83.62 -83.22 -82.88 -82.59 -82.38 -82.19 -82.03 -81.97 -82.00 -81.97 -81.88 -81.69 -81.50 -81.34 -81.28 -81.19 -81.12 -81.09 -81.06 -81.03 -80.91 -80.78 -80.69 -80.62 -80.56 -80.47 -80.34 -80.22 -80.12 -80.06 -80.06 -80.09 -80.16 -80.22 -80.22 -80.22 -80.12 -80.03 -79.91 -79.69 -79.44 -79.06 -78.59 -78.47 -78.81 -79.34 -79.69 -80.03 -80.34 -80.62 -80.88 -81.12 -81.41 -81.66 -81.88 -82.06 -82.22 -82.31 -82.34 -82.34 -82.22 -81.91 -82.00 -82.53 -82.81
-84.75 -84.59 -84.38 -84.09 -83.69 -83.31 -83.03 -82.94 -82.94 -82.88 -82.75 -82.62 -82.50 -82.41 -82.25 -82.12 -81.97 -81.84 -81.81 -81.81 -81.78 -81.75 -81.69 -81.56 -81.44 -81.31 -81.16 -81.09 -81.06 -81.06 -80.97 -80.88 -80.72 -80.59 -80.50 -80.47 -80.50 -80.53 -80.56 -80.56 -80.56 -80.53 -80.44 -80.28 -80.09 -79.84 -79.41 -79.00 -78.84 -79.03 -79.56 -80.00 -80.38 -80.72 -81.00 -81.25 -81.53 -81.78 -82.06 -82.31 -82.53 -82.72 -82.84 -82.91 -82.91 -82.84 -82.66 -82.78 -83.19 -83.38
-84.28 -84.12 -83.97 -83.81 -83.62 -83.44 -83.38 -83.44 -83.41 -83.31 -83.19 -83.03 -82.88 -82.69 -82.53 -82.31 -82.16 -82.09 -82.12 -82.16 -82.19 -82.16 -82.09 -82.00 -81.88 -81.72 -81.56 -81.50 -81.56 -81.59 -81.53 -81.41 -81.25 -81.09 -80.97 -80.91 -80.91 -80.88 -80.88 -80.91 -80.94 -80.91 -80.84 -80.72 -80.53 -80.34 -79.97 -79.66 -79.47 -79.50 -79.84 -80.34 -80.72 -81.06 -81.38 -81.66 -81.91 -82.16 -82.44 -82.72 -82.97 -83.19 -83.38 -83.47 -83.47 -83.47 -83.41 -83.56 -83.81 -83.97
-84.34 -84.22 -84.16 -84.12 -84.03 -83.94 -83.88 -83.84 -83.78 -83.69 -83.59 -83.44 -83.25 -83.03 -82.78 -82.53 -82.34 -82.31 -82.41 -82.50 -82.53 -82.56 -82.53 -82.44 -82.31 -82.12 -81.91 -81.91 -82.06 -82.16 -82.12 -82.00 -81.81 -81.62 -81.47 -81.38 -81.31 -81.28 -81.25 -81.25 -81.31 -81.31 -81.28 -81.16 -81.03 -80.88 -80.66 -80.38 -80.19 -80.12 -80.31 -80.72 -81.09 -81.44 -81.78 -82.03 -82.28 -82.53 -82.81 -83.09 -83.41 -83.66 -83.84 -83.97 -84.03 -84.03 -84.06 -84.22 -84.41 -84.56
-84.72 -84.62 -84.53 -84.47 -84.38 -84.31 -84.25 -84.22 -84.16 -84.09 -84.00 -83.81 -83.59 -83.31 -83.00 -82.69 -82.44 -82.53 -82.69 -82.84 -82.97 -83.00 -82.97 -82.91 -82.75 -82.53 -82.25 -82.34 -82.59 -82.75 -82.75 -82.59 -82.41 -82.19 -82.00 -81.88 -81.78 -81.66 -81.59 -81.62 -81.69 -81.75 -81.72 -81.66 -81.53 -81.41 -81.28 -81.16 -80.94 -80.81 -80.88 -81.16 -81.50 -81.84 -82.16 -82.44 -82.69 -82.91 -83.16 -83.47 -83.78 -84.06 -84.28 -84.44 -84.53 -84.56 -84.62 -84.78 -84.97 -85.09
-84.94 -84.84 -84.78 -84.72 -84.66 -84.62 -84.59 -84.59 -84.56 -84.53 -84.41 -84.22 -83.94 -83.59 -83.19 -82.72 -82.38 -82.69 -82.94 -83.19 -83.34 -83.44 -83.44 -83.38 -83.22 -82.97 -82.66 -82.91 -83.19 -83.34 -83.34 -83.19 -82.97 -82.75 -82.56 -82.38 -82.19 -82.03 -81.94 -82.00 -82.12 -82.19 -82.22 -82.16 -82.03 -81.94 -81.84 -81.75 -81.62 -81.53 -81.44 -81.59 -81.88 -82.19 -82.53 -82.84 -83.09 -83.31 -83.53 -83.81 -84.12 -84.41 -84.66 -84.84 -84.97 -85.06 -85.16 -85.28 -85.44 -85.56
-85.19 -85.09 -85.06 -85.00 -84.97 -84.97 -85.00 -85.00 -85.00 -84.94 -84.84 -84.62 -84.28 -83.84 -83.28 -82.72 -82.44 -82.72 -83.12 -83.44 -83.72 -83.88 -83.91 -83.84 -83.72 -83.50 -83.28 -83.53 -83.81 -83.94 -83.94 -83.78 -83.53 -83.31 -83.09 -82.84 -82.59 -82.34 -82.28 -82.44 -82.56 -82.69 -82.72 -82.69 -82.56 -82.47 -82.34 -82.25 -82.16 -82.06 -81.97 -82.00 -82.22 -82.53 -82.88 -83.22 -83.50 -83.72 -83.94 -84.16 -84.44 -84.72 -85.00 -85.22 -85.38 -85.47 -85.56 -85.72 -85.88 -86.00
-85.47 -85.38 -85.34 -85.31 -85.31 -85.34 -85.38 -85.41 -85.41 -85.38 -85.25 -85.00 -84.66 -84.22 -83.59 -83.16 -82.88 -82.84 -83.19 -83.62 -84.00 -84.25 -84.34 -84.34 -84.25 -84.09 -84.03 -84.22 -84.44 -84.53 -84.50 -84.34 -84.09 -83.84 -83.59 -83.25 -82.91 -82.56 -82.62 -82.91 -83.06 -83.19 -83.25 -83.22 -83.12 -83.00 -82.88 -82.72 -82.59 -82.47 -82.34 -82.38 -82.56 -82.84 -83.16 -83.50 -83.84 -84.09 -84.31 -84.53 -84.75 -85.03 -85.28 -85.53 -85.69 -85.84 -85.94 -86.09 -86.25 -86.38
-85.75 -85.69 -85.62 -85.62 -85.66 -85.72 -85.78 -85.81 -85.84 -85.78 -85.66 -85.44 -85.16 -84.75 -84.31 -83.94 -83.62 -83.38 -83.34 -83.72 -84.19 -84.53 -84.78 -84.84 -84.81 -84.75 -84.72 -84.91 -85.06 -85.09 -85.06 -84.91 -84.66 -84.38 -84.03 -83.59 -83.06 -82.62 -83.03 -83.44 -83.66 -83.78 -83.84 -83.81 -83.72 -83.56 -83.41 -83.25 -83.03 -82.84 -82.69 -82.69 -82.88 -83.12 -83.41 -83.78 -84.12 -84.44 -84.66 -84.88 -85.09 -85.31 -85.56 -85.78 -85.97 -86.12 -86.28 -86.41 -86.56 -86.69
-86.06 -85.97 -85.94 -85.97 -86.00 -86.06 -86.16 -86.22 -86.22 -86.19 -86.06 -85.91 -85.72 -85.47 -85.22 -84.91 -84.59 -84.22 -83.88 -83.81 -84.28 -84.75 -85.09 -85.28 -85.34 -85.34 -85.38 -85.50 -85.62 -85.66 -85.59 -85.44 -85.19 -84.84 -84.41 -83.81 -83.09 -83.00 -83.59 -84.09 -84.31 -84.41 -84.47 -84.44 -84.31 -84.12 -83.94 -83.72 -83.44 -83.16 -82.94 -82.94 -83.12 -83.34 -83.66 -84.00 -84.34 -84.69 -84.97 -85.16 -85.38 -85.59 -85.81 -86.03 -86.22 -86.38 -86.53 -86.69 -86.81 -86.97
-86.34 -86.28 -86.25 -86.28 -86.34 -86.44 -86.50 -86.56 -86.59 -86.56 -86.50 -86.38 -86.25 -86.09 -85.94 -85.72 -85.50 -85.16 -84.69 -84.25 -84.34 -84.91 -85.34 -85.66 -85.81 -85.88 -85.94 -86.06 -86.12 -86.16 -86.09 -85.94 -85.66 -85.25 -84.72 -83.94 -83.47 -83.66 -84.31 -84.88 -85.03 -85.12 -85.16 -85.09 -84.94 -84.72 -84.47 -84.16 -83.78 -83.44 -83.09 -83.06 -83.31 -83.53 -83.84 -84.16 -84.50 -84.84 -85.16 -85.41 -85.62 -85.84 -86.03 -86.25 -86.44 -86.59 -86.75 -86.88 -87.03 -87.16
-86.62 -86.56 -86.56 -86.62 -86.69 -86.78 -86.88 -86.94 -86.97 -86.97 -86.91 -86.84 -86.72 -86.59 -86.44 -86.25 -86.06 -85.84 -85.50 -84.91 -84.56 -85.00 -85.53 -85.94 -86.19 -86.34 -86.47 -86.56 -86.62 -86.66 -86.59 -86.41 -86.12 -85.66 -85.00 -84.41 -84.25 -84.56 -85.25 -85.75 -85.84 -85.88 -85.91 -85.78 -85.59 -85.28 -84.94 -84.53 -84.06 -83.62 -83.25 -83.22 -83.41 -83.66 -83.94 -84.25 -84.59 -84.94 -85.28 -85.56 -85.81 -86.03 -86.22 -86.41 -86.59 -86.75 -86.91 -87.03 -87.16 -87.31
-86.88 -86.84 -86.88 -86.94 -87.03 -87.12 -87.22 -87.28 -87.31 -87.34 -87.31 -87.28 -87.19 -87.03 -86.88 -86.69 -86.50 -86.28 -86.06 -85.56 -85.00 -85.12 -85.72 -86.19 -86.50 -86.75 -86.91 -87.00 -87.06 -87.09 -87.06 -86.91 -86.59 -86.12 -85.53 -85.22 -85.28 -85.66 -86.28 -86.62 -86.69 -86.69 -86.66 -86.50 -86.22 -85.81 -85.31 -84.81 -84.28 -83.88 -83.66 -83.56 -83.50 -83.66 -83.94 -84.25 -84.59 -84.94 -85.28 -85.59 -85.88 -86.12 -86.34 -86.53 -86.72 -86.88 -87.03 -87.16 -87.25 -87.38
