everonasctiles/Tile22,13.asc
ncols 128
nrows 128
xllcorner 0
yllcorner 0
cellsize 2.0
NODATA_value  -9999
[rows 0 to 36 of 128, columns 0 to 82 of 128]
0.72 0.88 1.12 1.38 1.62 1.84 2.09 2.34 2.69 3.09 3.56 4.09 4.62 5.00 5.09 5.09 5.09 5.09 5.09 5.09 5.09 5.09 5.09 5.09 5.09 5.09 5.09 5.09 5.09 5.09 5.09 5.09 5.12 5.28 5.44 5.50 5.56 5.62 5.66 5.72 5.75 5.75 5.84 5.91 5.91 5.91 5.94 5.94 5.69 5.03 4.88 4.69 4.50 4.31 4.16 4.00 3.84 3.69 3.56 3.38 3.31 3.31 3.31 3.31 3.31 3.31 3.25 2.84 2.59 2.41 2.22 2.00 1.75 1.53 1.28 0.97 0.75 0.78 0.88 0.34 -0.25 -0.78 -1.75
0.69 0.88 1.06 1.31 1.56 1.81 2.03 2.28 2.56 2.94 3.34 3.84 4.41 4.91 5.09 5.09 5.09 5.09 5.09 5.09 5.09 5.09 5.09 5.09 5.09 5.09 5.09 5.09 5.09 5.09 5.09 5.09 5.09 5.22 5.41 5.47 5.53 5.59 5.66 5.72 5.78 5.81 5.84 5.91 5.94 5.94 5.97 5.97 5.88 5.22 5.03 4.81 4.59 4.41 4.22 4.03 3.88 3.72 3.53 3.38 3.31 3.31 3.31 3.31 3.31 3.31 3.31 3.00 2.75 2.56 2.38 2.19 1.97 1.72 1.44 1.16 1.00 1.00 0.56 -0.19 -0.75 -1.28 -1.94
0.66 0.81 1.00 1.22 1.50 1.72 1.97 2.19 2.47 2.78 3.16 3.59 4.12 4.72 5.06 5.09 5.09 5.09 5.09 5.09 5.09 5.09 5.09 5.09 5.09 5.09 5.09 5.09 5.09 5.09 5.09 5.09 5.09 5.12 5.31 5.44 5.53 5.59 5.66 5.72 5.78 5.84 5.88 5.94 5.97 5.97 6.00 6.00 6.00 5.53 5.16 4.94 4.72 4.50 4.31 4.09 3.91 3.69 3.47 3.31 3.31 3.31 3.31 3.31 3.31 3.31 3.31 3.16 2.91 2.75 2.56 2.38 2.16 1.94 1.66 1.38 1.16 0.81 0.19 -0.50 -1.06 -1.66 -2.22
0.59 0.72 0.91 1.12 1.41 1.69 1.91 2.12 2.38 2.66 2.97 3.34 3.81 4.38 4.88 5.06 5.09 5.09 5.09 5.09 5.09 5.09 5.09 5.09 5.09 5.09 5.09 5.09 5.09 5.09 5.09 5.09 5.09 5.09 5.19 5.38 5.47 5.53 5.62 5.69 5.75 5.88 5.91 5.97 6.00 6.00 6.00 6.03 6.03 5.81 5.31 5.09 4.84 4.62 4.44 4.25 4.06 3.75 3.41 3.31 3.31 3.31 3.31 3.31 3.31 3.31 3.31 3.28 3.09 2.91 2.72 2.56 2.34 2.12 1.88 1.59 1.25 0.84 0.25 -0.38 -1.03 -1.66 -2.31
0.53 0.62 0.78 1.03 1.28 1.59 1.81 2.03 2.28 2.50 2.78 3.12 3.56 4.03 4.56 4.97 5.09 5.09 5.09 5.09 5.09 5.09 5.09 5.09 5.09 5.09 5.09 5.09 5.09 5.09 5.09 5.09 5.09 5.09 5.12 5.25 5.41 5.47 5.53 5.62 5.75 5.88 5.94 5.97 6.03 6.03 6.03 6.06 6.06 6.03 5.56 5.22 4.97 4.75 4.53 4.38 4.25 4.16 3.81 3.34 3.31 3.31 3.31 3.31 3.31 3.31 3.31 3.31 3.28 3.06 2.91 2.75 2.56 2.34 2.12 1.88 1.56 1.12 0.47 -0.19 -0.88 -1.62 -2.53
0.56 0.56 0.72 0.94 1.19 1.47 1.75 1.97 2.16 2.41 2.66 2.94 3.31 3.75 4.22 4.72 5.03 5.09 5.09 5.09 5.09 5.09 5.09 5.09 5.09 5.09 5.09 5.09 5.09 5.09 5.09 5.09 5.09 5.09 5.09 5.16 5.34 5.47 5.53 5.66 5.78 5.88 5.97 6.00 6.03 6.06 6.06 6.09 6.09 6.09 5.91 5.38 5.09 4.84 4.56 4.41 4.31 4.19 4.12 3.94 3.31 3.31 3.31 3.31 3.31 3.31 3.31 3.31 3.31 3.28 3.12 2.97 2.78 2.59 2.41 2.22 1.81 1.75 1.75 1.75 1.75 1.75 1.75
0.62 0.59 0.69 0.88 1.06 1.38 1.69 1.88 2.06 2.28 2.50 2.78 3.09 3.44 3.88 4.31 4.72 5.03 5.09 5.09 5.09 5.09 5.09 5.09 5.09 5.09 5.09 5.09 5.09 5.09 5.09 5.09 5.09 5.09 5.09 5.09 5.25 5.47 5.59 5.69 5.81 5.94 6.00 6.03 6.06 6.09 6.09 6.09 6.12 6.12 6.09 5.66 5.22 4.91 4.59 4.34 4.19 4.09 4.03 3.97 3.34 3.31 3.31 3.31 3.31 3.31 3.31 3.31 3.31 3.31 3.31 3.25 3.12 2.97 2.81 1.84 1.75 1.75 1.75 1.75 1.75 1.75 1.75
0.69 0.62 0.66 0.78 1.00 1.22 1.56 1.78 1.97 2.16 2.38 2.59 2.88 3.19 3.53 3.94 4.34 4.72 5.03 5.09 5.09 5.09 5.09 5.09 5.09 5.09 5.09 5.09 5.09 5.09 5.09 5.09 5.09 5.09 5.09 5.09 5.16 5.44 5.59 5.72 5.84 5.94 6.03 6.06 6.09 6.09 6.12 6.12 6.12 6.16 6.16 6.03 5.44 4.97 4.59 4.25 4.00 3.88 3.88 3.88 3.56 3.34 3.31 3.31 3.31 3.31 3.31 3.31 3.31 3.31 3.31 3.31 3.31 3.28 2.03 1.75 1.75 1.75 1.75 1.75 1.75 1.75 1.75
0.78 0.66 0.62 0.72 0.91 1.09 1.44 1.69 1.88 2.06 2.25 2.44 2.66 2.94 3.25 3.62 4.00 4.41 4.81 5.09 5.09 5.09 5.09 5.09 5.09 5.09 5.09 5.09 5.09 5.09 5.09 5.09 5.09 5.09 5.09 5.09 5.09 5.28 5.56 5.72 5.84 5.94 6.03 6.09 6.09 6.12 6.12 6.16 6.16 6.16 6.19 6.19 5.84 5.06 4.56 4.19 3.91 3.66 3.66 3.72 3.75 3.69 3.34 3.31 3.31 3.31 3.31 3.31 3.31 3.31 3.31 3.31 3.31 3.31 2.34 2.22 2.00 1.97 1.91 1.84 1.78 1.75 1.75
0.84 0.72 0.62 0.69 0.81 1.00 1.28 1.56 1.78 1.94 2.12 2.31 2.50 2.75 3.03 3.34 3.69 4.09 4.53 5.03 5.09 5.09 5.09 5.09 5.09 5.09 5.09 5.09 5.09 5.09 5.09 5.09 5.09 5.09 5.09 5.09 5.09 5.16 5.47 5.69 5.88 5.97 6.06 6.09 6.12 6.16 6.16 6.16 6.19 6.19 6.22 6.22 6.16 5.31 4.56 4.25 4.00 3.62 3.59 3.62 3.72 3.81 3.38 3.31 3.31 3.31 3.31 3.31 3.31 3.31 3.31 3.31 3.31 3.31 3.31 3.12 2.72 2.44 2.25 1.97 1.84 1.75 1.75
0.72 0.75 0.66 0.66 0.78 0.94 1.12 1.41 1.62 1.78 1.97 2.16 2.31 2.56 2.84 3.12 3.47 3.81 4.28 4.84 5.06 5.09 5.09 5.09 5.09 5.09 5.09 5.09 5.09 5.09 5.09 5.09 5.09 5.09 5.09 5.09 5.09 5.09 5.31 5.69 5.81 5.97 6.06 6.12 6.16 6.16 6.16 6.19 6.19 6.22 6.22 6.25 6.25 5.78 4.84 4.50 4.12 3.72 3.69 3.66 3.75 3.84 3.50 3.31 3.31 3.31 3.31 3.31 3.31 3.31 3.31 3.31 3.31 3.31 3.31 3.31 3.09 2.88 2.66 2.31 2.03 1.81 1.78
0.59 0.81 0.72 0.72 0.81 0.97 1.12 1.22 1.38 1.50 1.75 1.97 2.16 2.41 2.69 2.97 3.25 3.56 4.00 4.50 4.97 5.09 5.09 5.09 5.09 5.09 5.09 5.09 5.09 5.09 5.09 5.09 5.09 5.09 5.09 5.09 5.09 5.09 5.16 5.62 5.84 5.97 6.09 6.16 6.19 6.19 6.19 6.19 6.22 6.25 6.25 6.25 6.28 6.19 5.34 4.78 4.47 4.03 3.97 3.88 3.91 3.97 3.78 3.34 3.31 3.31 3.31 3.31 3.31 3.31 3.31 3.31 3.31 3.31 3.31 3.31 3.22 2.84 2.81 2.56 2.16 1.84 1.81
0.66 0.78 0.75 0.84 0.91 1.03 1.16 1.25 1.25 1.22 1.44 1.75 2.03 2.28 2.53 2.81 3.06 3.38 3.75 4.19 4.75 5.06 5.09 5.09 5.09 5.09 5.09 5.09 5.09 5.09 5.09 5.09 5.09 5.09 5.09 5.09 5.09 5.09 5.09 5.44 5.81 5.97 6.06 6.16 6.19 6.22 6.22 6.19 6.25 6.25 6.28 6.28 6.28 6.28 6.00 5.19 4.88 4.44 4.28 4.16 4.09 4.16 4.16 3.56 3.31 3.31 3.31 3.31 3.31 3.31 3.31 3.31 3.31 3.31 3.31 3.31 3.28 2.88 2.75 2.56 2.22 1.94 1.88
1.06 1.03 0.97 0.97 1.03 1.12 1.19 1.25 1.22 1.22 1.31 1.62 1.91 2.19 2.44 2.69 2.94 3.22 3.53 3.94 4.50 5.06 5.09 5.09 5.09 5.09 5.09 5.09 5.09 5.09 5.09 5.09 5.09 5.09 5.09 5.09 5.09 5.09 5.09 5.19 5.66 5.94 6.09 6.22 6.22 6.25 6.25 6.22 6.25 6.28 6.28 6.28 6.28 6.31 6.28 5.78 5.12 4.78 4.47 4.31 4.31 4.34 4.38 4.19 3.41 3.31 3.31 3.31 3.31 3.31 3.31 3.34 3.31 3.31 3.31 3.31 3.31 3.03 2.88 2.62 2.31 2.03 1.94
1.09 1.09 1.09 1.09 1.12 1.19 1.22 1.22 1.22 1.19 1.19 1.47 1.81 2.06 2.31 2.56 2.81 3.09 3.41 3.78 4.34 5.03 5.09 5.09 5.09 5.09 5.09 5.09 5.09 5.09 5.09 5.09 5.09 5.09 5.09 5.09 5.09 5.09 5.09 5.09 5.31 5.78 6.12 6.22 6.25 6.25 6.25 6.25 6.28 6.28 6.28 6.31 6.31 6.31 6.31 6.25 5.53 4.94 4.69 4.59 4.59 4.56 4.53 4.53 4.00 3.47 3.53 3.56 3.50 3.41 3.44 3.41 3.34 3.31 3.31 3.31 3.31 3.25 3.34 2.97 2.41 2.16 2.00
1.34 1.34 1.25 1.19 1.16 1.19 1.19 1.19 1.19 1.16 1.16 1.25 1.66 1.94 2.19 2.44 2.69 3.00 3.31 3.66 4.22 5.06 5.09 5.09 5.09 5.09 5.09 5.09 5.09 5.09 5.09 5.09 5.09 5.09 5.09 5.09 5.09 5.09 5.09 5.09 5.12 5.38 6.03 6.25 6.25 6.28 6.28 6.28 6.28 6.28 6.31 6.31 6.31 6.31 6.31 6.34 6.12 5.22 4.94 4.84 4.84 4.84 4.78 4.72 4.53 4.16 4.00 3.97 3.84 3.62 3.50 3.41 3.34 3.31 3.31 3.31 3.31 3.28 3.50 2.97 2.44 2.28 2.06
1.62 1.62 1.47 1.25 1.16 1.16 1.16 1.16 1.16 1.12 1.12 1.16 1.47 1.75 2.00 2.28 2.59 2.91 3.22 3.56 4.28 5.09 5.09 5.09 5.09 5.09 5.09 5.09 5.09 5.09 5.09 5.09 5.09 5.09 5.09 5.09 5.09 5.09 5.09 5.09 5.09 5.12 5.53 6.19 6.28 6.28 6.31 6.31 6.31 6.31 6.31 6.31 6.31 6.31 6.34 6.34 6.34 5.97 5.19 5.19 5.16 5.12 5.09 4.97 4.62 4.38 4.19 4.09 4.03 3.88 3.56 3.44 3.34 3.31 3.31 3.31 3.31 3.25 3.00 2.72 2.50 2.38 2.19
1.72 1.72 1.56 1.28 1.12 1.12 1.12 1.12 1.12 1.09 1.09 1.06 1.28 1.62 1.91 2.19 2.50 2.81 3.09 3.50 4.41 5.09 5.09 5.09 5.09 5.09 5.09 5.09 5.09 5.09 5.09 5.09 5.09 5.09 5.09 5.09 5.09 5.09 5.09 5.09 5.09 5.09 5.19 5.81 6.25 6.31 6.31 6.31 6.31 6.31 6.31 6.31 6.34 6.34 6.34 6.34 6.34 6.31 5.91 5.44 5.47 5.38 5.31 5.09 4.62 4.38 4.19 4.12 4.09 4.00 3.62 3.50 3.34 3.31 3.31 3.31 3.31 3.25 2.88 2.62 2.41 1.84 1.78
1.72 1.72 1.50 1.22 1.06 1.06 1.06 1.06 1.06 1.06 1.03 1.03 1.03 1.38 1.72 2.03 2.34 2.66 2.94 3.41 4.56 5.09 5.09 5.09 5.09 5.09 5.09 5.09 5.09 5.09 5.09 5.09 5.09 5.09 5.09 5.09 5.09 5.09 5.09 5.09 5.09 5.09 5.09 5.31 5.88 6.16 6.28 6.31 6.31 6.31 6.31 6.31 6.31 6.34 6.34 6.34 6.34 6.34 6.31 5.94 5.75 5.62 5.53 5.22 4.69 4.47 4.44 4.31 4.16 4.06 3.72 3.31 3.31 3.31 3.31 3.31 3.31 3.28 2.94 2.59 2.34 1.81 1.78
1.59 1.56 1.34 1.12 1.03 1.03 1.00 0.97 0.97 0.97 1.00 1.00 1.03 1.16 1.50 1.81 2.12 2.44 2.72 3.03 3.94 5.09 5.09 5.09 5.09 5.09 5.09 5.09 5.09 5.09 5.09 5.09 5.09 5.09 5.09 5.09 5.09 5.09 5.09 5.09 5.09 5.09 5.09 5.09 5.31 5.84 6.09 6.25 6.34 6.34 6.34 6.34 6.31 6.34 6.34 6.34 6.34 6.34 6.34 6.31 6.03 5.84 5.69 5.34 5.00 4.75 4.59 4.50 4.25 4.19 4.06 3.31 3.31 3.31 3.31 3.31 3.31 3.31 3.16 2.72 2.38 1.97 1.78
1.47 1.41 1.28 1.09 1.00 0.97 0.91 0.88 0.84 0.88 0.94 0.94 1.00 1.19 1.41 1.62 1.88 2.19 2.50 2.81 3.34 4.56 5.09 5.09 5.09 5.09 5.09 5.09 5.09 5.09 5.09 5.09 5.09 5.09 5.09 5.09 5.09 5.09 5.09 5.09 5.09 5.09 5.09 5.09 5.09 5.31 5.75 6.09 6.31 6.34 6.34 6.34 6.34 6.34 6.34 6.34 6.34 6.34 6.34 6.34 6.31 6.06 5.94 5.66 5.16 4.84 4.66 4.50 4.38 4.28 4.16 3.31 3.31 3.31 3.31 3.31 3.31 3.31 3.31 3.09 2.59 2.28 1.94
1.50 1.47 1.31 1.09 0.94 0.91 0.84 0.78 0.78 0.81 0.88 0.91 0.97 1.19 1.41 1.59 1.84 2.12 2.41 2.66 2.94 3.69 4.81 5.09 5.09 5.09 5.09 5.09 5.09 5.09 5.09 5.09 5.09 5.09 5.09 5.09 5.09 5.09 5.09 5.09 5.09 5.09 5.09 5.09 5.09 5.12 5.38 5.88 6.19 6.34 6.34 6.34 6.34 6.34 6.34 6.34 6.34 6.34 6.34 6.34 6.34 6.31 6.12 6.00 5.41 5.00 4.78 4.50 4.56 4.41 4.22 3.88 3.31 3.31 3.31 3.31 3.31 3.34 3.34 3.31 3.00 2.50 2.31
1.50 1.50 1.34 1.09 0.91 0.88 0.81 0.75 0.75 0.81 0.84 0.88 0.91 1.19 1.41 1.59 1.81 2.03 2.25 2.50 2.69 2.97 3.84 4.44 5.09 5.09 5.09 5.09 5.09 5.09 5.09 5.09 5.09 5.09 5.09 5.09 5.09 5.09 5.09 5.09 5.09 5.09 5.09 5.09 5.09 5.09 5.19 5.62 6.12 6.34 6.34 6.34 6.34 6.34 6.34 6.34 6.34 6.34 6.34 6.34 6.34 6.34 6.31 6.22 5.91 5.50 5.28 5.00 4.84 4.50 4.25 4.12 3.31 3.31 3.31 3.31 3.34 3.34 3.34 3.34 3.34 2.88 2.56
1.44 1.44 1.28 1.06 0.91 0.84 0.78 0.75 0.75 0.78 0.81 0.84 0.91 1.16 1.38 1.56 1.75 1.94 2.09 2.28 2.44 2.59 2.88 3.19 3.56 4.09 4.62 4.84 5.09 5.09 5.09 5.09 5.09 5.09 5.09 5.09 5.09 5.09 5.09 5.09 5.09 5.09 5.09 5.09 5.09 5.09 5.16 5.50 6.09 6.38 6.34 6.34 6.34 6.34 6.34 6.34 6.34 6.34 6.34 6.34 6.34 6.34 6.34 6.31 5.97 5.53 5.31 5.25 5.19 4.66 4.38 4.22 3.75 3.34 3.31 3.31 3.34 3.34 3.34 3.34 3.34 3.25 2.81
1.44 1.50 1.38 1.09 0.91 0.81 0.75 0.72 0.75 0.78 0.81 0.81 0.88 1.12 1.34 1.50 1.66 1.81 1.97 2.09 2.22 2.34 2.62 2.81 2.94 3.06 3.41 4.19 4.72 5.09 5.09 5.09 5.09 5.09 5.09 5.09 5.09 5.09 5.09 5.09 5.09 5.09 5.09 5.09 5.09 5.09 5.12 5.47 6.16 6.38 6.38 6.34 6.34 6.34 6.34 6.34 6.34 6.34 6.34 6.34 6.34 6.34 6.34 6.34 6.16 5.66 5.41 5.31 5.22 4.97 4.69 4.50 4.34 3.91 3.34 3.31 3.34 3.34 3.34 3.34 3.34 3.31 3.19
1.41 1.53 1.56 1.31 1.00 0.81 0.75 0.69 0.69 0.72 0.78 0.88 0.94 1.06 1.28 1.47 1.62 1.78 1.88 1.97 2.03 2.16 2.38 2.53 2.69 2.84 2.97 3.03 3.53 4.53 5.06 5.09 5.09 5.09 5.09 5.09 5.09 5.09 5.09 5.09 5.09 5.09 5.09 5.09 5.09 5.09 5.16 5.50 6.19 6.41 6.41 6.38 6.38 6.34 6.34 6.34 6.34 6.34 6.34 6.34 6.34 6.34 6.34 6.31 6.31 6.03 5.59 5.44 5.34 4.97 4.56 4.50 4.41 4.34 3.78 3.38 3.34 3.34 3.34 3.31 3.31 3.31 3.34
1.34 1.50 1.62 1.53 1.16 0.88 0.78 0.72 0.69 0.75 0.88 0.97 1.03 1.09 1.22 1.41 1.56 1.69 1.78 1.84 1.91 2.03 2.16 2.28 2.41 2.56 2.72 2.78 2.78 2.97 3.75 4.62 5.09 5.09 5.09 5.09 5.09 5.09 5.09 5.09 5.09 5.09 5.09 5.09 5.09 5.09 5.19 5.56 6.06 6.28 6.41 6.38 6.38 6.38 6.34 6.34 6.38 6.38 6.34 6.34 6.34 6.34 6.31 6.31 6.31 6.31 6.06 5.69 5.56 5.19 4.66 4.47 4.41 4.38 4.28 4.06 3.56 3.38 3.31 3.31 3.31 3.34 3.38
1.31 1.44 1.56 1.59 1.22 0.91 0.88 0.81 0.78 0.84 0.91 0.97 1.03 1.09 1.16 1.25 1.38 1.47 1.62 1.78 1.91 2.06 2.19 2.25 2.31 2.41 2.47 2.53 2.66 2.91 3.22 3.62 4.53 5.09 5.09 5.09 5.09 5.09 5.09 5.09 5.09 5.09 5.09 5.09 5.09 5.12 5.25 5.66 5.94 6.12 6.31 6.34 6.38 6.38 6.38 6.38 6.38 6.38 6.38 6.38 6.34 6.31 6.31 6.31 6.31 6.31 6.31 6.22 5.94 5.53 4.84 4.50 4.41 4.34 4.28 4.25 4.16 3.69 3.34 3.31 3.34 3.38 3.41
1.25 1.38 1.47 1.56 1.22 0.94 0.91 0.88 0.84 0.88 0.88 0.94 1.00 1.06 1.12 1.19 1.22 1.31 1.50 1.72 1.94 2.19 2.38 2.41 2.38 2.34 2.31 2.34 2.50 2.78 3.16 3.47 3.81 4.72 5.09 5.09 5.09 5.09 5.09 5.09 5.09 5.09 5.09 5.09 5.09 5.09 5.25 5.50 5.78 5.97 6.12 6.22 6.31 6.34 6.38 6.38 6.38 6.38 6.38 6.38 6.38 6.34 6.31 6.31 6.31 6.31 6.31 6.31 6.22 5.88 5.41 4.78 4.44 4.34 4.31 4.28 4.28 4.22 3.56 3.38 3.38 3.41 3.44
1.22 1.31 1.41 1.50 1.31 0.97 0.91 0.88 0.84 0.84 0.84 0.88 0.97 1.00 1.06 1.12 1.16 1.22 1.41 1.66 1.97 2.31 2.53 2.59 2.56 2.47 2.34 2.28 2.41 2.69 3.03 3.31 3.56 4.09 5.09 5.09 5.09 5.09 5.09 5.09 5.09 5.09 5.09 5.09 5.06 5.00 5.06 5.31 5.62 5.84 5.97 6.09 6.22 6.31 6.38 6.41 6.41 6.38 6.38 6.38 6.38 6.34 6.31 6.31 6.31 6.31 6.28 6.28 6.28 6.19 5.66 5.31 4.62 4.38 4.34 4.34 4.34 4.31 3.97 3.44 3.41 3.44 3.47
1.16 1.28 1.34 1.44 1.38 1.06 0.91 0.88 0.84 0.81 0.84 0.88 0.91 0.94 1.00 1.06 1.09 1.16 1.28 1.47 1.81 2.22 2.53 2.66 2.66 2.59 2.50 2.41 2.47 2.66 2.88 3.16 3.34 3.72 5.09 5.09 5.09 5.09 5.09 5.09 5.09 5.09 5.09 5.09 5.09 5.06 5.06 5.19 5.41 5.66 5.81 5.94 6.06 6.19 6.25 6.34 6.41 6.41 6.38 6.38 6.38 6.38 6.34 6.31 6.31 6.28 6.28 6.28 6.28 6.28 6.09 5.56 5.12 4.50 4.38 4.38 4.38 4.34 4.19 3.62 3.50 3.47 3.47
1.09 1.22 1.31 1.38 1.38 1.09 0.91 0.88 0.84 0.81 0.84 0.84 0.88 0.88 0.91 0.97 1.00 1.06 1.16 1.31 1.59 1.94 2.25 2.50 2.69 2.81 2.72 2.62 2.56 2.62 2.75 2.97 3.12 3.44 5.09 5.09 5.09 5.09 5.09 5.09 5.09 5.09 5.09 5.09 5.09 5.09 5.09 5.09 5.19 5.47 5.62 5.75 5.81 5.94 6.03 6.16 6.28 6.31 6.34 6.38 6.41 6.41 6.38 6.34 6.31 6.28 6.28 6.28 6.28 6.25 6.25 6.00 5.38 4.94 4.56 4.41 4.38 4.34 4.22 3.75 3.62 3.56 3.50
1.06 1.19 1.28 1.38 1.38 1.16 0.91 0.84 0.81 0.81 0.84 0.84 0.84 0.84 0.84 0.88 0.94 0.97 1.03 1.16 1.34 1.62 1.91 2.19 2.44 2.81 2.88 2.81 2.69 2.66 2.69 2.78 2.94 3.12 4.53 5.09 5.09 5.09 5.09 5.09 5.09 5.09 5.09 5.09 5.09 5.09 5.09 5.09 5.06 5.22 5.38 5.44 5.53 5.66 5.81 5.88 6.06 6.19 6.25 6.31 6.38 6.38 6.41 6.34 6.34 6.28 6.28 6.28 6.25 6.25 6.25 6.22 5.81 5.19 4.91 4.78 4.69 4.53 4.34 3.91 3.72 3.69 3.59
1.03 1.16 1.28 1.34 1.41 1.25 0.91 0.84 0.81 0.84 0.84 0.84 0.84 0.81 0.81 0.81 0.84 0.88 0.91 1.00 1.09 1.28 1.59 1.97 2.28 2.69 2.94 2.91 2.78 2.62 2.56 2.59 2.72 2.84 3.72 4.44 5.09 5.09 5.09 5.09 5.09 5.09 5.09 5.09 5.09 5.09 5.09 5.09 5.09 5.03 5.06 5.12 5.22 5.44 5.59 5.72 5.91 6.00 6.09 6.16 6.16 6.19 6.28 6.38 6.38 6.31 6.28 6.28 6.25 6.25 6.25 6.25 6.22 5.84 5.19 5.25 5.22 4.91 4.62 4.31 4.00 3.88 3.75
1.00 1.12 1.25 1.34 1.44 1.31 0.94 0.84 0.81 0.84 0.84 0.84 0.84 0.81 0.81 0.81 0.81 0.84 0.88 0.91 0.94 1.03 1.31 1.62 2.03 2.41 2.75 2.88 2.75 2.56 2.44 2.41 2.44 2.66 3.16 3.84 4.62 5.09 5.09 5.09 5.09 5.09 5.09 5.09 5.09 5.09 5.09 5.09 5.09 5.06 4.84 4.94 5.16 5.31 5.44 5.59 5.75 5.88 5.91 5.94 6.00 6.09 6.16 6.28 6.34 6.38 6.31 6.28 6.25 6.25 6.25 6.22 6.22 6.22 6.03 5.69 5.41 5.16 4.88 4.56 4.31 4.06 3.97
0.97 1.12 1.25 1.38 1.44 1.28 0.94 0.84 0.88 0.97 1.06 1.03 0.91 0.84 0.81 0.81 0.81 0.84 0.88 0.91 0.91 0.94 1.09 1.41 1.75 2.12 2.47 2.69 2.66 2.47 2.31 2.19 2.25 2.53 2.88 3.16 3.59 4.56 5.09 5.09 5.09 5.09 5.09 5.09 5.09 5.09 5.09 5.09 5.09 5.09 5.03 4.94 5.03 5.16 5.31 5.47 5.56 5.69 5.78 5.84 5.94 6.03 6.09 6.19 6.28 6.38 6.34 6.31 6.25 6.25 6.22 6.22 6.22 6.22 6.22 6.06 5.59 5.28 5.06 4.78 4.53 4.28 4.00
0.94 1.12 1.25 1.38 1.44 1.22 0.97 0.88 1.00 1.16 1.25 1.19 1.03 0.88 0.88 0.84 0.81 0.84 0.88 0.88 0.91 0.91 0.97 1.19 1.47 1.81 2.16 2.44 2.53 2.44 2.28 2.12 2.12 2.38 2.66 2.88 3.06 3.50 4.16 4.88 5.09 5.09 5.09 5.09 5.09 5.09 5.09 5.09 5.09 5.09 5.09 5.06 5.03 5.06 5.19 5.31 5.44 5.53 5.66 5.78 5.88 6.00 6.09 6.12 6.22 6.31 6.38 6.38 6.28 6.22 6.22 6.22 6.22 6.22 6.19 6.19 6.00 5.59 5.25 4.97 4.72 4.50 4.03
