everonasctiles/Tile[26,34].asc
ncols 128
nrows 128
xllcorner 0
yllcorner 0
cellsize 2.0
NODATA_value  -9999
[rows 0 to 33 of 128, columns 0 to 77 of 128]
11.62 11.38 11.25 11.03 11.16 11.12 11.06 10.97 10.91 10.84 10.84 10.88 10.97 11.06 11.09 11.09 11.16 11.19 11.25 11.31 11.44 11.53 11.59 11.62 11.56 11.69 11.69 11.62 11.59 11.53 11.38 11.34 11.50 11.53 11.56 11.56 11.84 12.06 12.06 11.91 11.88 11.91 11.94 11.91 12.00 12.09 12.47 12.59 13.09 13.41 13.94 14.22 14.81 15.38 15.88 16.28 16.56 16.88 17.25 17.50 17.81 18.25 18.44 18.75 19.09 19.34 19.50 19.78 20.12 20.50 20.81 21.00 21.34 21.72 22.28 22.72 23.31 24.00
11.84 11.84 11.66 11.41 11.34 11.31 11.22 11.16 11.19 11.22 11.19 11.22 11.28 11.47 11.50 11.50 11.56 11.56 11.66 11.72 11.97 12.06 12.03 12.12 12.12 12.06 12.16 12.00 11.94 11.84 11.78 11.84 11.84 12.06 12.16 12.31 12.47 12.69 12.62 12.44 12.41 12.31 12.34 12.34 12.44 12.59 12.94 13.25 13.53 13.94 14.22 14.75 15.34 15.72 16.56 16.75 17.44 17.53 17.88 18.19 18.41 18.53 18.97 19.25 19.50 19.81 20.06 20.31 20.53 20.94 21.31 21.59 21.78 22.28 22.69 23.25 23.78 24.66
12.09 12.09 11.97 11.75 11.56 11.44 11.31 11.34 11.41 11.53 11.53 11.56 11.78 11.88 11.94 11.94 11.97 11.97 12.06 12.22 12.44 12.47 12.56 12.59 12.56 12.62 12.56 12.53 12.38 12.28 12.25 12.31 12.31 12.47 12.59 12.88 12.91 13.19 12.91 12.72 12.75 12.78 12.81 12.81 12.91 13.06 13.44 13.78 14.00 14.41 14.75 15.06 15.56 16.41 16.97 17.72 18.16 18.47 18.59 18.81 18.78 19.03 19.31 19.78 20.03 20.19 20.53 20.72 21.03 21.44 21.75 22.16 22.44 22.81 23.19 23.62 24.31 24.78
12.28 12.31 12.22 12.03 11.84 11.62 11.56 11.62 11.75 11.84 11.84 12.00 12.09 12.25 12.34 12.38 12.38 12.44 12.53 12.66 12.81 12.88 12.97 13.06 13.06 13.09 13.03 13.00 12.84 12.78 12.72 12.69 12.84 12.94 13.06 13.22 13.41 13.69 13.50 13.09 13.19 13.22 13.28 13.31 13.38 13.59 14.00 14.28 14.62 14.84 15.16 15.62 15.91 16.50 17.47 17.97 18.75 19.16 19.25 19.59 19.47 19.72 19.78 20.25 20.44 20.78 21.03 21.25 21.50 21.88 22.19 22.75 23.09 23.38 23.81 24.19 24.72 25.31
12.47 12.56 12.50 12.34 12.12 11.88 11.84 11.88 11.97 12.25 12.38 12.44 12.53 12.56 12.72 12.75 12.78 12.88 13.00 13.03 13.09 13.28 13.38 13.47 13.50 13.47 13.41 13.41 13.34 13.19 13.06 13.09 13.16 13.22 13.44 13.66 13.94 14.06 14.03 13.75 13.62 13.56 13.75 13.81 13.88 14.00 14.34 14.72 15.03 15.34 15.62 16.12 16.53 17.09 17.62 18.62 19.31 19.75 20.09 20.28 20.44 20.41 20.59 20.78 21.03 21.22 21.41 21.78 22.03 22.44 23.00 23.44 23.78 24.06 24.31 24.72 25.19 25.81
12.69 12.84 12.78 12.62 12.56 12.38 12.22 12.56 12.53 12.69 12.72 12.88 12.91 13.00 13.09 13.16 13.19 13.28 13.44 13.41 13.44 13.59 13.72 13.84 13.81 13.81 13.81 13.81 13.69 13.53 13.50 13.50 13.56 13.66 13.78 14.09 14.25 14.41 14.53 14.41 14.03 14.03 14.25 14.28 14.34 14.44 14.59 15.19 15.50 15.84 16.22 16.53 16.84 17.28 18.28 19.12 19.47 20.38 20.75 21.16 21.22 21.25 21.31 21.22 21.44 21.72 22.06 22.16 22.69 23.03 23.59 24.00 24.50 24.72 25.00 25.28 25.81 26.09
12.88 13.00 13.03 13.00 12.97 12.91 12.91 12.97 13.12 13.16 13.28 13.28 13.44 13.47 13.50 13.50 13.59 13.72 13.81 13.84 13.81 13.84 14.00 14.12 14.19 14.19 14.19 14.12 14.03 13.88 13.88 13.91 14.00 14.09 14.12 14.28 14.53 14.69 14.94 15.00 14.81 14.72 14.75 14.78 14.81 14.97 15.19 15.47 15.88 16.12 16.62 16.94 17.56 18.09 18.75 19.53 20.44 20.84 21.50 21.66 21.84 21.97 21.94 22.03 22.03 22.31 22.69 23.03 23.28 23.84 24.06 24.59 25.19 25.41 25.72 26.00 26.25 26.81
12.91 13.09 13.19 13.25 13.28 13.38 13.44 13.53 13.59 13.66 13.75 13.81 13.88 13.84 13.84 13.91 14.00 14.09 14.19 14.19 14.16 14.19 14.22 14.31 14.47 14.53 14.53 14.47 14.34 14.28 14.22 14.28 14.28 14.41 14.44 14.62 14.75 15.00 15.38 15.53 15.50 15.44 15.25 15.22 15.31 15.41 15.47 15.88 16.12 16.62 16.94 17.69 17.88 18.47 19.16 19.78 20.75 21.41 21.91 22.22 22.44 22.59 22.69 22.78 22.56 23.06 23.19 23.78 24.12 24.53 24.81 25.06 25.75 26.31 26.56 26.88 27.19 27.31
12.84 13.09 13.19 13.41 13.53 13.78 13.81 14.00 14.03 14.06 14.16 14.22 14.25 14.22 14.22 14.31 14.34 14.41 14.50 14.53 14.50 14.47 14.53 14.59 14.75 14.84 14.88 14.81 14.66 14.56 14.56 14.53 14.66 14.69 14.81 14.97 15.06 15.53 15.78 15.97 16.03 15.81 15.66 15.62 15.75 15.94 16.03 16.12 16.69 17.22 17.66 18.28 18.59 18.97 19.31 19.94 20.88 21.66 22.19 22.59 23.00 23.25 23.31 23.47 23.53 23.81 24.19 24.47 24.53 25.12 25.62 26.16 26.56 27.22 27.50 27.72 28.06 28.12
12.78 13.00 13.16 13.41 13.72 14.03 14.31 14.41 14.44 14.44 14.47 14.50 14.53 14.47 14.56 14.62 14.75 14.75 14.75 14.78 14.78 14.75 14.78 14.81 15.03 15.12 15.16 15.09 14.97 14.88 14.84 14.91 15.06 15.19 15.41 15.50 15.62 15.75 16.31 16.44 16.50 16.47 16.19 16.00 16.09 16.34 16.72 16.78 16.97 17.41 18.25 18.62 19.06 19.25 19.72 20.19 20.94 21.69 22.34 22.94 23.25 23.72 23.91 24.09 24.31 24.53 24.88 25.22 25.31 25.66 26.34 26.97 27.56 27.75 28.03 28.44 28.91 28.97
12.72 12.91 13.06 13.28 13.81 14.16 14.50 14.69 14.72 14.72 14.69 14.62 14.75 14.78 14.88 14.94 15.00 15.00 15.00 14.97 15.00 15.00 15.00 15.06 15.28 15.38 15.41 15.31 15.12 15.16 15.16 15.28 15.66 15.81 15.75 16.12 16.28 16.50 16.62 16.91 17.06 17.06 16.66 16.66 16.75 17.16 17.38 17.25 17.28 17.62 18.28 19.12 19.56 19.88 20.16 20.50 20.91 21.69 22.34 23.12 23.78 24.19 24.34 24.81 25.06 25.41 25.72 25.75 25.97 26.03 26.97 27.62 28.03 28.75 29.06 29.38 29.53 29.47
12.62 12.84 12.97 13.38 13.81 14.28 14.62 14.84 14.91 14.91 14.88 14.81 14.91 14.94 15.03 15.09 15.09 15.16 15.19 15.19 15.22 15.25 15.19 15.28 15.50 15.62 15.59 15.44 15.38 15.41 15.44 15.78 16.25 16.28 16.41 16.50 16.62 16.91 17.00 17.41 17.53 17.44 17.50 17.50 17.66 17.66 17.84 17.75 17.72 18.00 18.69 19.34 19.59 20.28 20.78 21.09 21.31 21.91 22.31 23.28 23.97 24.47 24.81 25.16 25.72 26.09 26.31 26.50 26.56 27.00 27.50 27.88 28.59 29.16 29.62 29.84 30.16 30.16
12.59 12.94 13.16 13.31 13.81 14.22 14.56 14.84 14.97 15.00 14.97 14.97 15.00 15.03 15.09 15.12 15.19 15.25 15.28 15.28 15.41 15.47 15.53 15.56 15.69 15.81 15.81 15.72 15.66 15.69 15.69 16.03 16.59 16.81 16.94 17.03 17.22 17.28 17.75 17.81 18.03 17.91 18.09 18.09 18.12 18.22 18.19 18.03 18.25 18.41 18.91 19.59 20.16 20.47 21.09 21.59 21.75 22.28 22.81 23.34 24.03 24.66 25.31 25.72 26.22 26.59 26.91 27.09 27.41 27.84 28.16 28.50 28.78 29.22 29.91 30.38 30.56 31.09
12.66 12.94 13.12 13.44 13.75 14.16 14.47 14.72 14.88 14.97 14.97 14.97 15.00 15.03 15.03 15.12 15.19 15.25 15.31 15.41 15.56 15.66 15.75 15.88 15.94 16.00 16.03 15.97 15.94 15.91 16.03 16.53 16.97 17.19 17.38 17.44 17.50 17.94 18.28 18.41 18.34 18.44 18.53 18.84 18.84 18.75 18.41 18.50 18.53 18.94 19.28 19.62 20.31 20.78 21.31 21.88 22.28 22.66 23.03 23.53 24.09 24.91 25.56 26.12 26.47 26.97 27.34 27.69 27.91 28.47 28.69 29.03 29.12 29.62 30.03 30.59 30.97 31.69
12.53 12.78 12.97 13.19 13.59 13.91 14.28 14.53 14.72 14.84 14.88 14.91 14.91 14.94 15.00 15.06 15.16 15.22 15.31 15.47 15.62 15.81 15.94 16.09 16.16 16.22 16.25 16.25 16.19 16.31 16.41 16.94 17.06 17.47 17.69 17.75 17.91 18.22 18.75 18.84 18.84 18.88 19.03 19.34 19.25 19.12 19.06 19.00 19.03 19.06 19.47 19.91 20.31 20.75 21.44 22.00 22.50 22.97 23.41 23.72 24.44 25.06 25.66 26.28 26.81 27.22 27.75 28.12 28.56 28.91 29.31 29.59 29.72 30.00 30.16 30.97 31.72 32.34
12.25 12.44 12.62 12.84 13.22 13.66 14.03 14.31 14.50 14.62 14.69 14.75 14.78 14.84 14.88 14.94 15.06 15.19 15.31 15.47 15.69 15.88 16.06 16.22 16.34 16.38 16.38 16.41 16.41 16.53 16.84 17.19 17.44 17.62 17.81 18.06 18.28 18.78 19.22 19.25 19.19 19.22 19.34 19.69 19.75 19.69 19.34 19.38 19.31 19.31 19.59 20.00 20.47 21.00 21.38 22.06 22.56 23.25 23.69 24.16 24.50 25.16 25.75 26.38 26.97 27.53 27.94 28.62 28.91 29.47 29.62 30.12 30.19 30.41 30.75 31.09 31.81 32.59
11.88 12.00 12.12 12.47 12.69 13.28 13.72 14.00 14.22 14.34 14.44 14.53 14.59 14.62 14.72 14.78 14.94 15.09 15.25 15.44 15.62 15.88 16.06 16.28 16.41 16.50 16.53 16.53 16.47 16.66 16.94 17.31 17.47 17.56 17.97 18.25 18.44 18.81 19.50 19.53 19.44 19.59 19.88 19.97 20.16 20.06 19.81 19.69 19.56 19.50 19.72 20.12 20.56 21.12 21.59 22.09 22.78 23.44 24.00 24.44 24.78 25.19 25.75 26.50 27.00 27.81 28.50 29.00 29.53 29.91 30.34 30.66 30.81 30.88 31.38 31.72 32.09 32.62
11.41 11.53 11.72 12.09 12.66 13.00 13.34 13.59 13.88 14.00 14.19 14.28 14.34 14.41 14.50 14.66 14.78 14.94 15.12 15.25 15.53 15.78 16.03 16.25 16.44 16.53 16.59 16.59 16.56 16.75 16.81 17.47 17.91 18.00 18.19 18.38 18.69 19.25 19.69 19.81 19.75 20.03 20.34 20.44 20.47 20.38 20.06 19.78 19.78 19.72 19.97 20.28 20.59 21.19 21.75 22.34 22.94 23.47 24.19 24.69 25.09 25.56 26.16 26.72 27.06 28.00 28.78 29.44 29.81 30.41 30.81 31.09 31.44 31.62 31.69 32.19 32.44 32.97
10.94 11.09 11.28 11.53 12.38 12.56 12.94 13.31 13.50 13.69 13.88 14.00 14.12 14.19 14.25 14.44 14.59 14.78 14.94 15.19 15.41 15.69 15.94 16.16 16.38 16.47 16.56 16.59 16.59 16.78 17.06 17.38 18.00 18.25 18.34 18.59 18.72 19.25 19.81 20.09 20.22 20.31 20.66 20.72 20.78 20.59 20.41 20.22 19.97 20.09 20.25 20.44 20.91 21.38 21.91 22.41 23.00 23.66 24.25 24.97 25.41 25.88 26.53 26.84 27.69 28.06 28.91 29.69 30.31 30.69 31.28 31.44 31.94 32.22 32.41 32.62 32.94 33.34
10.56 10.78 10.97 11.53 12.00 12.19 12.59 12.94 13.16 13.31 13.53 13.72 13.88 14.00 14.09 14.28 14.47 14.62 14.88 15.09 15.34 15.59 15.78 16.00 16.22 16.44 16.56 16.59 16.59 16.72 17.19 17.66 17.94 18.28 18.47 18.72 18.78 19.31 20.03 20.31 20.53 20.72 20.84 21.03 21.06 21.00 20.75 20.34 20.41 20.38 20.44 20.75 21.09 21.59 22.06 22.62 23.19 23.81 24.53 25.22 25.91 26.41 27.12 27.62 27.91 28.66 29.34 29.75 30.50 31.19 31.66 32.06 32.31 32.59 32.84 33.09 33.50 33.88
10.25 10.47 10.66 11.06 11.53 11.91 12.19 12.56 12.84 13.03 13.25 13.47 13.66 13.75 13.94 14.09 14.28 14.50 14.75 15.03 15.22 15.50 15.69 15.94 16.22 16.41 16.56 16.69 16.78 16.84 17.09 17.56 18.00 18.25 18.44 18.78 19.19 19.50 20.12 20.41 20.75 20.97 21.16 21.28 21.34 21.31 21.09 20.88 20.69 20.53 20.72 20.97 21.34 21.75 22.28 22.81 23.41 24.03 24.69 25.38 26.19 26.84 27.47 28.12 28.50 28.94 29.66 30.28 30.94 31.47 32.00 32.44 32.78 33.09 33.41 33.72 34.06 34.50
10.09 10.25 10.50 10.84 11.22 11.66 11.97 12.28 12.53 12.75 13.00 13.25 13.44 13.62 13.81 14.03 14.22 14.44 14.69 14.91 15.12 15.38 15.69 15.94 16.22 16.47 16.53 16.66 16.88 17.00 17.06 17.22 17.88 18.38 18.66 18.88 19.34 19.75 20.19 20.56 20.91 21.16 21.38 21.53 21.59 21.59 21.47 21.25 21.03 20.81 20.94 21.22 21.56 22.00 22.41 23.03 23.59 24.31 24.94 25.69 26.53 27.31 28.16 28.69 28.88 29.19 29.88 30.75 31.44 31.91 32.06 32.69 33.22 33.56 33.88 34.19 34.56 34.94
9.81 10.09 10.38 10.66 10.94 11.34 11.75 12.03 12.25 12.53 12.84 13.06 13.31 13.50 13.66 13.91 14.12 14.34 14.59 14.78 15.06 15.38 15.69 16.03 16.31 16.47 16.59 16.75 16.88 17.00 17.16 17.44 17.84 18.31 18.66 19.03 19.44 19.84 20.25 20.62 21.00 21.28 21.53 21.69 21.81 21.84 21.78 21.66 21.47 21.34 21.31 21.44 21.78 22.22 22.69 23.19 23.94 24.56 25.22 25.91 26.66 27.62 28.44 29.06 29.44 29.94 30.47 31.16 31.75 32.19 32.59 33.00 33.44 33.81 34.16 34.50 34.88 35.25
9.59 9.91 10.22 10.44 10.75 11.03 11.47 11.78 12.09 12.41 12.69 12.94 13.12 13.31 13.53 13.75 14.00 14.25 14.50 14.78 15.09 15.41 15.75 16.03 16.28 16.47 16.56 16.69 16.81 16.97 17.09 17.34 17.81 18.25 18.66 19.06 19.50 19.91 20.31 20.69 21.06 21.38 21.66 21.84 22.00 22.06 22.06 21.97 21.84 21.72 21.59 21.69 22.03 22.47 22.94 23.53 24.25 24.91 25.47 26.22 26.88 27.75 28.50 29.19 29.75 30.28 30.84 31.41 31.91 32.34 32.78 33.19 33.59 34.00 34.38 34.72 35.09 35.47
9.38 9.72 10.00 10.22 10.44 10.84 11.19 11.56 11.94 12.22 12.50 12.78 13.00 13.19 13.44 13.66 13.94 14.22 14.47 14.78 15.09 15.41 15.78 16.06 16.25 16.47 16.56 16.69 16.81 16.91 17.06 17.38 17.78 18.22 18.66 19.09 19.53 19.94 20.38 20.75 21.12 21.47 21.75 22.00 22.16 22.25 22.28 22.22 22.12 22.00 21.91 21.97 22.28 22.75 23.25 23.84 24.50 25.22 25.94 26.56 27.25 27.91 28.56 29.25 29.84 30.47 31.06 31.59 32.06 32.53 32.97 33.38 33.78 34.16 34.53 34.91 35.28 35.66
9.16 9.47 9.81 10.06 10.31 10.59 10.97 11.38 11.75 12.03 12.38 12.66 12.88 13.12 13.38 13.62 13.91 14.19 14.47 14.78 15.12 15.41 15.75 16.06 16.28 16.47 16.59 16.66 16.78 16.88 17.12 17.44 17.81 18.25 18.69 19.12 19.56 20.00 20.41 20.81 21.22 21.56 21.88 22.12 22.31 22.41 22.47 22.44 22.34 22.28 22.22 22.31 22.62 23.06 23.56 24.16 24.78 25.56 26.31 26.97 27.59 28.19 28.84 29.47 30.12 30.72 31.28 31.78 32.25 32.69 33.12 33.53 33.91 34.28 34.66 35.03 35.38 35.78
8.97 9.28 9.59 9.88 10.19 10.50 10.84 11.22 11.56 11.88 12.22 12.50 12.81 13.03 13.28 13.59 13.88 14.16 14.41 14.75 15.09 15.47 15.78 16.06 16.25 16.47 16.66 16.69 16.78 16.94 17.19 17.53 17.91 18.31 18.72 19.16 19.59 20.03 20.47 20.88 21.28 21.66 21.97 22.25 22.44 22.56 22.62 22.62 22.59 22.59 22.62 22.78 23.06 23.50 24.00 24.56 25.25 25.94 26.62 27.31 27.97 28.50 29.19 29.78 30.41 30.97 31.50 32.00 32.44 32.88 33.25 33.66 34.03 34.41 34.75 35.12 35.50 35.84
8.75 9.09 9.41 9.75 10.06 10.41 10.75 11.12 11.47 11.78 12.12 12.41 12.72 12.97 13.28 13.56 13.81 14.06 14.41 14.72 15.09 15.47 15.81 16.06 16.28 16.50 16.62 16.69 16.81 17.03 17.31 17.62 18.00 18.38 18.78 19.22 19.66 20.09 20.53 20.97 21.38 21.75 22.09 22.38 22.59 22.72 22.81 22.84 22.88 22.91 23.03 23.22 23.53 23.94 24.41 24.97 25.62 26.28 26.97 27.62 28.28 28.91 29.53 30.12 30.69 31.22 31.72 32.19 32.62 33.03 33.41 33.78 34.16 34.50 34.84 35.22 35.56 35.91
8.53 8.91 9.25 9.59 9.97 10.31 10.69 11.03 11.41 11.75 12.09 12.41 12.69 12.97 13.22 13.50 13.75 14.09 14.38 14.75 15.09 15.50 15.84 16.12 16.31 16.50 16.62 16.75 16.91 17.16 17.41 17.72 18.09 18.47 18.88 19.28 19.72 20.16 20.59 21.03 21.47 21.84 22.19 22.47 22.72 22.88 23.00 23.06 23.16 23.25 23.41 23.62 23.94 24.34 24.81 25.34 25.94 26.59 27.25 27.91 28.56 29.19 29.81 30.38 30.94 31.44 31.91 32.34 32.78 33.16 33.53 33.88 34.25 34.59 34.94 35.28 35.59 35.94
8.34 8.72 9.09 9.47 9.84 10.22 10.59 10.97 11.34 11.72 12.06 12.41 12.69 13.00 13.25 13.44 13.75 14.09 14.47 14.75 15.16 15.53 15.88 16.09 16.28 16.47 16.62 16.81 17.00 17.25 17.53 17.84 18.19 18.53 18.94 19.34 19.78 20.22 20.66 21.12 21.53 21.94 22.28 22.59 22.81 23.00 23.16 23.28 23.41 23.56 23.75 24.00 24.31 24.69 25.16 25.66 26.25 26.84 27.47 28.12 28.75 29.41 30.00 30.56 31.09 31.59 32.06 32.50 32.88 33.28 33.62 33.97 34.31 34.66 35.00 35.31 35.62 35.94
8.12 8.56 8.97 9.38 9.75 10.16 10.53 10.94 11.31 11.69 12.06 12.44 12.75 13.00 13.25 13.50 13.81 14.16 14.53 14.88 15.12 15.53 15.81 16.06 16.31 16.47 16.66 16.88 17.09 17.31 17.59 17.88 18.22 18.59 18.97 19.38 19.81 20.28 20.72 21.19 21.59 22.00 22.38 22.66 22.91 23.12 23.31 23.47 23.66 23.84 24.06 24.31 24.66 25.03 25.47 25.94 26.50 27.06 27.69 28.31 28.94 29.53 30.12 30.72 31.25 31.72 32.19 32.59 32.97 33.34 33.69 34.03 34.38 34.69 35.03 35.34 35.62 35.91
7.97 8.41 8.84 9.25 9.66 10.06 10.47 10.88 11.28 11.69 12.06 12.44 12.75 13.06 13.31 13.56 13.88 14.19 14.53 14.88 15.22 15.50 15.78 16.09 16.31 16.50 16.69 16.91 17.12 17.38 17.62 17.91 18.25 18.59 18.97 19.38 19.81 20.28 20.75 21.19 21.66 22.06 22.41 22.75 23.03 23.28 23.47 23.69 23.88 24.09 24.34 24.62 24.94 25.31 25.75 26.22 26.72 27.28 27.84 28.44 29.06 29.66 30.25 30.81 31.31 31.78 32.22 32.62 33.00 33.34 33.69 34.03 34.34 34.69 35.00 35.31 35.59 35.84
7.78 8.25 8.72 9.16 9.56 10.00 10.41 10.84 11.25 11.66 12.06 12.41 12.72 13.03 13.38 13.66 13.91 14.19 14.47 14.81 15.16 15.50 15.81 16.09 16.31 16.50 16.72 16.94 17.16 17.38 17.66 17.94 18.25 18.59 18.97 19.38 19.81 20.25 20.72 21.22 21.66 22.09 22.47 22.81 23.12 23.41 23.62 23.88 24.09 24.34 24.59 24.91 25.22 25.59 26.00 26.44 26.94 27.47 28.00 28.59 29.16 29.75 30.31 30.88 31.38 31.81 32.22 32.59 32.97 33.31 33.62 33.97 34.28 34.62 34.94 35.22 35.50 35.75
7.62 8.12 8.59 9.03 9.47 9.91 10.34 10.78 11.19 11.62 12.00 12.38 12.72 13.06 13.34 13.59 13.88 14.12 14.47 14.78 15.12 15.53 15.81 16.06 16.31 16.50 16.72 16.94 17.16 17.41 17.69 17.97 18.28 18.59 18.97 19.38 19.78 20.25 20.72 21.22 21.66 22.12 22.53 22.88 23.22 23.50 23.78 24.06 24.31 24.56 24.88 25.16 25.50 25.88 26.25 26.69 27.16 27.66 28.19 28.72 29.28 29.84 30.41 30.94 31.41 31.84 32.22 32.56 32.88 33.22 33.53 33.84 34.19 34.50 34.81 35.12 35.41 35.69
