everonasctiles/Tile40,48.asc
ncols 128
nrows 128
xllcorner 0
yllcorner 0
cellsize 2.0
NODATA_value  -9999
[rows 64 to 95 of 128, columns 0 to 70 of 128]
-47.78 -47.72 -47.69 -47.59 -47.50 -47.38 -47.25 -47.06 -46.81 -46.56 -46.28 -46.00 -45.69 -45.41 -45.16 -44.94 -44.72 -44.53 -44.34 -44.19 -44.00 -43.84 -43.72 -43.62 -43.59 -43.62 -43.72 -43.84 -44.00 -44.19 -44.38 -44.56 -44.75 -44.94 -45.09 -45.22 -45.34 -45.44 -45.53 -45.56 -45.59 -45.66 -45.84 -46.19 -46.59 -47.00 -47.38 -47.66 -47.88 -48.00 -48.03 -48.06 -48.06 -48.00 -47.94 -47.94 -47.97 -48.03 -48.03 -47.97 -47.97 -48.00 -48.03 -48.06 -48.03 -48.00 -47.94 -47.81 -47.66 -47.47 -47.28
-47.69 -47.66 -47.59 -47.53 -47.44 -47.31 -47.16 -46.97 -46.72 -46.44 -46.16 -45.84 -45.53 -45.22 -44.94 -44.69 -44.44 -44.25 -44.09 -43.91 -43.75 -43.59 -43.47 -43.34 -43.31 -43.34 -43.44 -43.53 -43.69 -43.88 -44.03 -44.22 -44.41 -44.56 -44.72 -44.84 -44.94 -45.03 -45.12 -45.16 -45.19 -45.25 -45.47 -45.84 -46.25 -46.62 -47.00 -47.28 -47.47 -47.56 -47.59 -47.62 -47.62 -47.56 -47.50 -47.47 -47.47 -47.50 -47.50 -47.44 -47.44 -47.44 -47.50 -47.50 -47.50 -47.47 -47.41 -47.28 -47.09 -46.91 -46.72
-47.62 -47.59 -47.53 -47.44 -47.34 -47.22 -47.06 -46.84 -46.59 -46.31 -46.00 -45.69 -45.34 -45.00 -44.66 -44.38 -44.12 -43.94 -43.75 -43.59 -43.47 -43.31 -43.16 -43.06 -43.03 -43.06 -43.12 -43.22 -43.34 -43.50 -43.69 -43.84 -44.03 -44.19 -44.31 -44.44 -44.53 -44.62 -44.72 -44.78 -44.81 -44.88 -45.12 -45.47 -45.88 -46.25 -46.59 -46.88 -47.03 -47.12 -47.16 -47.16 -47.16 -47.12 -47.06 -47.00 -47.00 -47.00 -46.94 -46.91 -46.88 -46.91 -46.94 -46.97 -47.00 -46.97 -46.88 -46.69 -46.50 -46.31 -46.16
-47.56 -47.50 -47.44 -47.38 -47.25 -47.12 -46.97 -46.75 -46.50 -46.22 -45.91 -45.56 -45.19 -44.81 -44.41 -44.03 -43.75 -43.56 -43.38 -43.25 -43.09 -42.97 -42.84 -42.75 -42.72 -42.72 -42.78 -42.88 -43.00 -43.16 -43.28 -43.47 -43.62 -43.78 -43.91 -44.03 -44.12 -44.22 -44.31 -44.34 -44.41 -44.50 -44.75 -45.09 -45.47 -45.84 -46.19 -46.44 -46.59 -46.66 -46.66 -46.69 -46.69 -46.66 -46.59 -46.53 -46.50 -46.47 -46.41 -46.34 -46.31 -46.31 -46.38 -46.41 -46.44 -46.44 -46.31 -46.12 -45.91 -45.69 -45.56
-47.47 -47.41 -47.34 -47.28 -47.19 -47.03 -46.88 -46.69 -46.44 -46.12 -45.81 -45.44 -45.06 -44.66 -44.22 -43.72 -43.31 -43.12 -42.97 -42.84 -42.72 -42.59 -42.50 -42.41 -42.38 -42.38 -42.41 -42.50 -42.59 -42.75 -42.88 -43.03 -43.19 -43.34 -43.47 -43.59 -43.69 -43.81 -43.88 -43.94 -44.00 -44.09 -44.34 -44.69 -45.03 -45.41 -45.72 -45.97 -46.09 -46.16 -46.19 -46.19 -46.19 -46.16 -46.12 -46.09 -46.03 -45.97 -45.88 -45.78 -45.72 -45.72 -45.78 -45.84 -45.91 -45.88 -45.75 -45.53 -45.28 -45.06 -44.94
-47.34 -47.28 -47.22 -47.16 -47.06 -46.94 -46.78 -46.59 -46.34 -46.06 -45.75 -45.38 -44.97 -44.56 -44.12 -43.66 -43.00 -42.56 -42.44 -42.38 -42.28 -42.19 -42.09 -42.03 -42.00 -42.00 -42.03 -42.09 -42.19 -42.31 -42.44 -42.59 -42.75 -42.91 -43.03 -43.16 -43.25 -43.38 -43.44 -43.50 -43.56 -43.69 -43.91 -44.22 -44.59 -44.94 -45.25 -45.47 -45.59 -45.66 -45.66 -45.66 -45.66 -45.66 -45.66 -45.62 -45.56 -45.47 -45.38 -45.25 -45.12 -45.09 -45.19 -45.28 -45.31 -45.28 -45.16 -44.94 -44.69 -44.44 -44.31
-47.22 -47.16 -47.09 -47.00 -46.94 -46.81 -46.69 -46.50 -46.28 -46.00 -45.69 -45.31 -44.91 -44.47 -44.03 -43.59 -42.94 -42.28 -41.84 -41.78 -41.81 -41.75 -41.69 -41.62 -41.56 -41.59 -41.62 -41.69 -41.75 -41.84 -41.97 -42.12 -42.31 -42.47 -42.59 -42.69 -42.78 -42.91 -43.00 -43.06 -43.12 -43.25 -43.47 -43.78 -44.12 -44.47 -44.78 -44.97 -45.06 -45.12 -45.16 -45.16 -45.16 -45.16 -45.16 -45.16 -45.09 -45.00 -44.88 -44.72 -44.56 -44.50 -44.59 -44.69 -44.72 -44.69 -44.56 -44.34 -44.09 -43.84 -43.69
-47.09 -47.00 -46.94 -46.84 -46.75 -46.66 -46.53 -46.38 -46.16 -45.91 -45.59 -45.22 -44.81 -44.38 -43.91 -43.47 -42.97 -42.19 -41.50 -41.16 -41.19 -41.28 -41.25 -41.19 -41.16 -41.16 -41.19 -41.25 -41.28 -41.34 -41.44 -41.62 -41.81 -42.00 -42.09 -42.22 -42.31 -42.44 -42.56 -42.62 -42.69 -42.81 -43.00 -43.31 -43.66 -44.00 -44.25 -44.41 -44.50 -44.56 -44.62 -44.62 -44.62 -44.62 -44.66 -44.66 -44.62 -44.53 -44.38 -44.22 -44.06 -43.94 -44.03 -44.09 -44.12 -44.06 -43.91 -43.75 -43.53 -43.31 -43.12
-46.94 -46.84 -46.75 -46.66 -46.56 -46.44 -46.31 -46.19 -46.00 -45.78 -45.47 -45.12 -44.72 -44.28 -43.81 -43.34 -42.88 -42.19 -41.38 -40.72 -40.53 -40.69 -40.78 -40.75 -40.69 -40.69 -40.75 -40.78 -40.78 -40.81 -40.94 -41.12 -41.34 -41.50 -41.62 -41.72 -41.81 -41.94 -42.06 -42.16 -42.25 -42.38 -42.56 -42.84 -43.16 -43.47 -43.72 -43.84 -43.94 -44.03 -44.09 -44.09 -44.09 -44.12 -44.16 -44.16 -44.12 -44.03 -43.91 -43.75 -43.59 -43.47 -43.47 -43.50 -43.50 -43.41 -43.28 -43.12 -42.97 -42.75 -42.53
-46.75 -46.69 -46.59 -46.47 -46.34 -46.22 -46.09 -45.97 -45.81 -45.59 -45.34 -45.00 -44.59 -44.16 -43.69 -43.22 -42.69 -42.12 -41.31 -40.53 -40.00 -40.00 -40.25 -40.28 -40.25 -40.22 -40.25 -40.28 -40.28 -40.31 -40.44 -40.66 -40.84 -41.00 -41.09 -41.19 -41.31 -41.44 -41.59 -41.69 -41.78 -41.91 -42.06 -42.34 -42.62 -42.94 -43.12 -43.28 -43.38 -43.47 -43.56 -43.56 -43.56 -43.59 -43.62 -43.66 -43.62 -43.53 -43.44 -43.28 -43.12 -43.00 -42.94 -42.94 -42.88 -42.78 -42.62 -42.50 -42.38 -42.19 -42.00
-46.53 -46.47 -46.38 -46.28 -46.16 -46.00 -45.84 -45.72 -45.56 -45.38 -45.16 -44.84 -44.47 -44.03 -43.56 -43.06 -42.53 -41.97 -41.28 -40.47 -39.78 -39.44 -39.56 -39.78 -39.78 -39.75 -39.75 -39.78 -39.81 -39.84 -39.97 -40.16 -40.31 -40.44 -40.53 -40.66 -40.78 -40.94 -41.06 -41.19 -41.28 -41.41 -41.53 -41.78 -42.09 -42.34 -42.56 -42.69 -42.81 -42.94 -43.03 -43.03 -43.03 -43.03 -43.09 -43.12 -43.09 -43.03 -42.94 -42.81 -42.69 -42.53 -42.44 -42.38 -42.28 -42.12 -41.94 -41.84 -41.75 -41.62 -41.44
-46.31 -46.25 -46.16 -46.06 -45.91 -45.78 -45.59 -45.44 -45.28 -45.09 -44.91 -44.62 -44.28 -43.91 -43.44 -42.97 -42.44 -41.88 -41.28 -40.62 -39.91 -39.25 -39.00 -39.12 -39.28 -39.28 -39.28 -39.28 -39.31 -39.38 -39.50 -39.66 -39.78 -39.88 -39.97 -40.09 -40.22 -40.41 -40.56 -40.69 -40.78 -40.84 -40.97 -41.19 -41.50 -41.78 -42.00 -42.12 -42.28 -42.41 -42.47 -42.47 -42.47 -42.47 -42.53 -42.56 -42.56 -42.50 -42.44 -42.34 -42.22 -42.06 -41.94 -41.81 -41.69 -41.47 -41.25 -41.16 -41.09 -41.03 -40.84
-46.06 -46.00 -45.91 -45.81 -45.69 -45.53 -45.34 -45.16 -44.97 -44.78 -44.59 -44.34 -44.06 -43.69 -43.28 -42.84 -42.34 -41.81 -41.28 -40.72 -40.12 -39.50 -38.88 -38.59 -38.66 -38.75 -38.78 -38.78 -38.81 -38.91 -39.00 -39.12 -39.22 -39.31 -39.41 -39.53 -39.69 -39.84 -40.00 -40.12 -40.22 -40.28 -40.38 -40.59 -40.91 -41.19 -41.41 -41.56 -41.72 -41.84 -41.91 -41.91 -41.88 -41.91 -41.94 -42.00 -42.00 -41.97 -41.91 -41.81 -41.72 -41.59 -41.44 -41.28 -41.09 -40.88 -40.59 -40.47 -40.44 -40.38 -40.25
-45.78 -45.72 -45.66 -45.53 -45.41 -45.28 -45.09 -44.91 -44.69 -44.47 -44.25 -44.03 -43.75 -43.41 -43.03 -42.62 -42.19 -41.72 -41.19 -40.66 -40.12 -39.56 -39.00 -38.41 -38.09 -38.09 -38.22 -38.28 -38.34 -38.41 -38.50 -38.59 -38.66 -38.72 -38.81 -38.94 -39.09 -39.25 -39.41 -39.56 -39.62 -39.69 -39.72 -40.00 -40.34 -40.62 -40.84 -41.00 -41.19 -41.28 -41.31 -41.31 -41.28 -41.31 -41.34 -41.41 -41.44 -41.44 -41.38 -41.28 -41.19 -41.06 -40.94 -40.78 -40.56 -40.28 -39.97 -39.81 -39.78 -39.75 -39.62
-45.44 -45.41 -45.34 -45.22 -45.12 -44.97 -44.81 -44.62 -44.38 -44.16 -43.91 -43.69 -43.41 -43.06 -42.69 -42.28 -41.88 -41.44 -40.97 -40.50 -39.97 -39.44 -38.91 -38.34 -37.78 -37.53 -37.59 -37.75 -37.84 -37.91 -38.00 -38.06 -38.09 -38.16 -38.25 -38.38 -38.50 -38.66 -38.81 -38.94 -39.00 -39.03 -39.09 -39.41 -39.75 -40.03 -40.25 -40.44 -40.62 -40.72 -40.72 -40.69 -40.66 -40.66 -40.75 -40.81 -40.88 -40.88 -40.81 -40.72 -40.62 -40.53 -40.41 -40.25 -40.03 -39.75 -39.44 -39.19 -39.16 -39.09 -38.97
-45.12 -45.09 -45.00 -44.91 -44.78 -44.66 -44.53 -44.34 -44.09 -43.84 -43.56 -43.31 -43.06 -42.72 -42.31 -41.84 -41.41 -41.00 -40.59 -40.19 -39.72 -39.22 -38.72 -38.22 -37.66 -37.12 -37.00 -37.19 -37.31 -37.38 -37.47 -37.53 -37.53 -37.59 -37.66 -37.78 -37.91 -38.03 -38.19 -38.31 -38.38 -38.41 -38.53 -38.84 -39.16 -39.44 -39.69 -39.88 -40.06 -40.12 -40.09 -40.03 -40.00 -40.00 -40.09 -40.22 -40.28 -40.31 -40.25 -40.12 -40.03 -39.94 -39.84 -39.69 -39.47 -39.22 -38.91 -38.62 -38.53 -38.47 -38.34
-44.75 -44.72 -44.66 -44.53 -44.41 -44.28 -44.16 -44.00 -43.78 -43.53 -43.25 -42.97 -42.69 -42.38 -41.97 -41.47 -40.91 -40.47 -40.12 -39.75 -39.38 -38.94 -38.47 -38.00 -37.47 -36.97 -36.56 -36.62 -36.78 -36.88 -36.94 -37.00 -37.00 -37.03 -37.09 -37.19 -37.28 -37.41 -37.53 -37.66 -37.72 -37.81 -37.97 -38.28 -38.59 -38.84 -39.09 -39.31 -39.47 -39.50 -39.44 -39.38 -39.31 -39.34 -39.47 -39.59 -39.69 -39.72 -39.66 -39.53 -39.44 -39.34 -39.25 -39.12 -38.94 -38.69 -38.38 -38.09 -37.94 -37.84 -37.72
-44.38 -44.34 -44.28 -44.16 -44.03 -43.91 -43.78 -43.62 -43.41 -43.19 -42.91 -42.59 -42.34 -42.03 -41.66 -41.19 -40.59 -40.00 -39.56 -39.28 -38.94 -38.59 -38.16 -37.72 -37.25 -36.78 -36.31 -36.12 -36.25 -36.34 -36.41 -36.47 -36.47 -36.50 -36.53 -36.59 -36.66 -36.75 -36.88 -36.97 -37.09 -37.19 -37.41 -37.69 -38.00 -38.25 -38.50 -38.72 -38.84 -38.84 -38.75 -38.66 -38.59 -38.66 -38.81 -38.97 -39.06 -39.09 -39.03 -38.94 -38.81 -38.72 -38.62 -38.50 -38.34 -38.12 -37.84 -37.56 -37.34 -37.22 -37.09
-43.97 -43.94 -43.88 -43.75 -43.62 -43.47 -43.34 -43.19 -43.03 -42.78 -42.53 -42.22 -41.94 -41.66 -41.31 -40.88 -40.38 -39.78 -39.19 -38.78 -38.47 -38.16 -37.78 -37.38 -36.97 -36.50 -36.09 -35.75 -35.72 -35.81 -35.88 -35.94 -35.97 -35.97 -35.97 -36.00 -36.03 -36.09 -36.19 -36.31 -36.44 -36.59 -36.81 -37.09 -37.38 -37.62 -37.88 -38.09 -38.19 -38.16 -38.06 -37.94 -37.84 -37.97 -38.16 -38.31 -38.44 -38.44 -38.38 -38.28 -38.19 -38.09 -38.00 -37.88 -37.75 -37.53 -37.28 -37.00 -36.78 -36.62 -36.47
-43.53 -43.53 -43.47 -43.34 -43.19 -43.03 -42.88 -42.75 -42.56 -42.38 -42.12 -41.81 -41.53 -41.25 -40.94 -40.56 -40.09 -39.56 -39.00 -38.44 -38.03 -37.69 -37.34 -37.00 -36.59 -36.19 -35.78 -35.44 -35.25 -35.28 -35.34 -35.38 -35.44 -35.44 -35.41 -35.41 -35.41 -35.47 -35.53 -35.66 -35.78 -35.97 -36.19 -36.47 -36.72 -37.00 -37.25 -37.44 -37.50 -37.44 -37.34 -37.22 -37.16 -37.28 -37.47 -37.62 -37.75 -37.78 -37.72 -37.62 -37.56 -37.47 -37.34 -37.22 -37.09 -36.94 -36.69 -36.44 -36.19 -36.00 -35.84
-43.06 -43.06 -43.03 -42.91 -42.75 -42.56 -42.41 -42.25 -42.09 -41.91 -41.69 -41.41 -41.12 -40.81 -40.53 -40.19 -39.78 -39.28 -38.75 -38.22 -37.69 -37.28 -36.94 -36.56 -36.19 -35.81 -35.44 -35.09 -34.81 -34.75 -34.78 -34.84 -34.88 -34.88 -34.88 -34.81 -34.81 -34.81 -34.91 -35.00 -35.12 -35.31 -35.56 -35.81 -36.06 -36.34 -36.59 -36.75 -36.78 -36.72 -36.62 -36.50 -36.44 -36.59 -36.78 -36.94 -37.06 -37.09 -37.03 -36.97 -36.88 -36.81 -36.69 -36.56 -36.44 -36.28 -36.06 -35.81 -35.56 -35.38 -35.19
-42.59 -42.56 -42.56 -42.47 -42.31 -42.12 -41.91 -41.75 -41.59 -41.41 -41.19 -40.94 -40.69 -40.41 -40.09 -39.78 -39.41 -38.97 -38.47 -37.97 -37.44 -36.94 -36.53 -36.16 -35.78 -35.41 -35.03 -34.69 -34.41 -34.25 -34.25 -34.28 -34.31 -34.31 -34.28 -34.22 -34.12 -34.16 -34.22 -34.22 -34.25 -34.56 -34.81 -35.12 -35.38 -35.66 -35.91 -36.03 -36.03 -35.97 -35.91 -35.81 -35.78 -35.88 -36.06 -36.22 -36.34 -36.38 -36.34 -36.25 -36.19 -36.12 -36.03 -35.91 -35.78 -35.62 -35.44 -35.19 -34.94 -34.69 -34.47
-42.09 -42.06 -42.06 -42.00 -41.88 -41.66 -41.44 -41.22 -41.03 -40.88 -40.66 -40.44 -40.19 -39.94 -39.66 -39.34 -39.00 -38.59 -38.16 -37.66 -37.16 -36.66 -36.19 -35.75 -35.34 -34.97 -34.59 -34.25 -33.94 -33.75 -33.66 -33.62 -33.69 -33.72 -33.69 -33.59 -33.44 -33.41 -33.47 -33.47 -33.47 -33.69 -33.97 -34.25 -34.50 -34.78 -35.06 -35.22 -35.25 -35.12 -35.06 -35.06 -34.97 -35.03 -35.28 -35.50 -35.62 -35.66 -35.62 -35.56 -35.50 -35.44 -35.34 -35.25 -35.09 -34.91 -34.62 -34.41 -34.16 -33.84 -33.62
-41.56 -41.56 -41.53 -41.53 -41.41 -41.22 -40.97 -40.72 -40.50 -40.28 -40.06 -39.88 -39.69 -39.47 -39.22 -38.91 -38.56 -38.19 -37.75 -37.31 -36.84 -36.38 -35.88 -35.41 -34.97 -34.53 -34.16 -33.72 -33.38 -33.16 -33.00 -32.88 -32.91 -32.97 -32.91 -32.84 -32.72 -32.69 -32.75 -32.78 -32.72 -32.81 -33.06 -33.31 -33.62 -33.94 -34.22 -34.31 -34.22 -34.16 -34.22 -34.22 -34.16 -34.06 -34.28 -34.56 -34.75 -34.81 -34.75 -34.69 -34.66 -34.59 -34.56 -34.44 -34.28 -34.06 -33.75 -33.59 -33.34 -32.97 -32.72
-41.06 -41.03 -41.03 -41.00 -40.94 -40.78 -40.53 -40.25 -39.97 -39.66 -39.44 -39.25 -39.09 -38.91 -38.72 -38.44 -38.12 -37.75 -37.34 -36.91 -36.47 -36.00 -35.53 -35.03 -34.56 -34.09 -33.62 -33.09 -32.69 -32.47 -32.31 -32.19 -32.16 -32.19 -32.16 -32.09 -31.97 -31.88 -31.91 -31.97 -32.03 -32.09 -32.28 -32.47 -32.84 -33.16 -33.34 -33.38 -33.31 -33.31 -33.44 -33.50 -33.47 -33.34 -33.44 -33.69 -33.88 -33.94 -33.91 -33.84 -33.75 -33.66 -33.66 -33.59 -33.44 -33.22 -32.97 -32.78 -32.53 -32.19 -31.78
-40.56 -40.53 -40.50 -40.50 -40.44 -40.28 -40.09 -39.81 -39.50 -39.16 -38.78 -38.59 -38.47 -38.34 -38.16 -37.94 -37.66 -37.31 -36.94 -36.50 -36.06 -35.59 -35.12 -34.66 -34.06 -33.56 -33.03 -32.50 -31.97 -31.66 -31.59 -31.47 -31.34 -31.31 -31.25 -31.12 -31.00 -31.00 -31.06 -31.12 -31.28 -31.38 -31.44 -31.59 -31.94 -32.22 -32.31 -32.25 -32.28 -32.50 -32.69 -32.75 -32.59 -32.50 -32.62 -32.81 -33.00 -33.06 -33.06 -32.97 -32.94 -32.78 -32.75 -32.78 -32.66 -32.44 -32.19 -31.91 -31.72 -31.38 -30.94
-40.03 -40.00 -40.00 -39.97 -39.91 -39.78 -39.59 -39.38 -39.09 -38.72 -38.31 -37.97 -37.84 -37.75 -37.59 -37.41 -37.16 -36.88 -36.50 -36.09 -35.66 -35.19 -34.72 -34.19 -33.66 -33.09 -32.62 -32.09 -31.62 -31.16 -30.94 -30.78 -30.53 -30.31 -30.22 -30.16 -30.09 -30.19 -30.25 -30.31 -30.34 -30.53 -30.72 -30.75 -31.00 -31.09 -31.06 -31.06 -31.22 -31.56 -31.78 -31.81 -31.78 -31.75 -31.88 -32.12 -32.22 -32.25 -32.19 -32.16 -32.09 -32.03 -32.00 -31.94 -31.81 -31.69 -31.47 -31.19 -30.97 -30.69 -30.28
-39.50 -39.50 -39.47 -39.44 -39.34 -39.22 -39.09 -38.91 -38.66 -38.34 -37.94 -37.53 -37.25 -37.12 -37.00 -36.81 -36.59 -36.38 -36.06 -35.69 -35.25 -34.78 -34.19 -33.66 -33.06 -32.53 -32.03 -31.62 -31.16 -30.66 -30.22 -29.94 -29.62 -29.47 -29.34 -29.31 -29.44 -29.47 -29.50 -29.47 -29.47 -29.69 -29.88 -29.94 -30.03 -30.09 -29.97 -30.09 -30.38 -30.69 -30.91 -31.00 -31.00 -31.03 -31.16 -31.31 -31.44 -31.44 -31.38 -31.34 -31.25 -31.22 -31.19 -31.09 -31.03 -30.88 -30.78 -30.53 -30.31 -30.03 -29.66
-38.97 -38.97 -38.94 -38.91 -38.81 -38.69 -38.53 -38.41 -38.22 -37.94 -37.56 -37.16 -36.78 -36.56 -36.38 -36.22 -36.03 -35.81 -35.53 -35.22 -34.84 -34.34 -33.66 -33.03 -32.44 -31.97 -31.47 -30.97 -30.53 -30.03 -29.41 -29.12 -29.00 -28.91 -28.78 -28.69 -28.78 -28.84 -28.78 -28.59 -28.56 -28.84 -29.03 -29.12 -29.09 -29.22 -29.12 -29.19 -29.56 -29.78 -30.06 -30.12 -30.22 -30.28 -30.38 -30.47 -30.56 -30.56 -30.56 -30.50 -30.41 -30.41 -30.25 -30.19 -30.19 -30.16 -30.00 -29.72 -29.50 -29.28 -29.00
-38.44 -38.44 -38.41 -38.34 -38.25 -38.12 -38.00 -37.84 -37.72 -37.50 -37.19 -36.81 -36.41 -36.06 -35.81 -35.62 -35.41 -35.22 -34.97 -34.72 -34.34 -33.84 -33.28 -32.72 -32.16 -31.62 -31.03 -30.47 -29.81 -29.31 -28.94 -28.59 -28.47 -28.31 -28.19 -28.00 -28.03 -28.16 -28.12 -27.94 -27.94 -28.22 -28.28 -28.34 -28.19 -28.22 -28.19 -28.34 -28.78 -29.12 -29.25 -29.31 -29.41 -29.53 -29.59 -29.62 -29.56 -29.59 -29.62 -29.72 -29.69 -29.53 -29.31 -29.22 -29.19 -29.16 -29.09 -28.84 -28.69 -28.56 -28.31
-37.91 -37.88 -37.84 -37.78 -37.69 -37.56 -37.44 -37.31 -37.22 -37.03 -36.78 -36.44 -36.06 -35.69 -35.34 -35.03 -34.81 -34.56 -34.38 -34.03 -33.66 -33.25 -32.88 -32.41 -31.84 -31.28 -30.59 -29.84 -29.16 -28.81 -28.53 -28.22 -27.91 -27.69 -27.50 -27.34 -27.19 -27.19 -27.28 -27.25 -27.25 -27.44 -27.56 -27.44 -27.34 -27.38 -27.41 -27.62 -27.97 -28.38 -28.44 -28.41 -28.47 -28.66 -28.78 -28.78 -28.66 -28.66 -28.69 -28.91 -28.91 -28.78 -28.56 -28.41 -28.34 -28.31 -28.25 -28.09 -28.00 -27.88 -27.66
-37.34 -37.31 -37.28 -37.22 -37.12 -37.00 -36.88 -36.78 -36.69 -36.56 -36.34 -36.03 -35.69 -35.28 -34.91 -34.56 -34.19 -33.84 -33.56 -33.22 -32.97 -32.75 -32.41 -31.94 -31.41 -30.78 -29.97 -29.22 -28.72 -28.44 -28.16 -27.81 -27.44 -27.03 -26.69 -26.53 -26.44 -26.47 -26.53 -26.69 -26.62 -26.72 -26.72 -26.53 -26.69 -26.81 -27.00 -27.12 -27.31 -27.50 -27.59 -27.59 -27.53 -27.59 -27.88 -27.97 -27.91 -27.94 -28.06 -28.06 -28.09 -27.94 -27.81 -27.81 -27.69 -27.56 -27.47 -27.31 -27.28 -27.19 -26.91
