everonasctiles/Tile[30,23].asc
ncols 128
nrows 128
xllcorner 0
yllcorner 0
cellsize 2.0
NODATA_value  -9999
[rows 66 to 98 of 128, columns 0 to 74 of 128]
0.75 0.69 0.62 0.56 0.53 0.47 0.38 0.31 0.25 0.19 0.12 0.03 -0.03 -0.09 -0.19 -0.28 -0.38 -0.47 -0.59 -0.72 -0.91 -1.09 -1.28 -1.50 -1.69 -1.91 -2.12 -2.38 -2.59 -2.81 -3.03 -3.25 -3.53 -3.78 -3.97 -4.25 -4.44 -4.62 -4.94 -5.12 -5.31 -5.72 -5.91 -6.22 -6.41 -6.81 -7.12 -7.53 -7.81 -8.03 -8.22 -8.41 -8.94 -9.44 -9.75 -9.97 -10.19 -10.44 -10.69 -10.94 -11.19 -11.44 -11.62 -11.84 -12.03 -12.22 -12.41 -12.59 -12.75 -12.94 -13.12 -13.31 -13.56 -13.81 -14.09
0.81 0.78 0.72 0.66 0.59 0.53 0.47 0.41 0.34 0.28 0.22 0.16 0.06 0.00 -0.09 -0.16 -0.25 -0.38 -0.47 -0.59 -0.75 -0.91 -1.09 -1.28 -1.50 -1.72 -1.94 -2.16 -2.38 -2.59 -2.81 -3.06 -3.31 -3.53 -3.75 -3.97 -4.19 -4.38 -4.66 -4.84 -5.03 -5.44 -5.62 -5.94 -6.12 -6.53 -6.84 -7.25 -7.56 -7.75 -7.97 -8.16 -8.56 -9.19 -9.38 -9.69 -9.91 -10.16 -10.41 -10.66 -10.91 -11.16 -11.38 -11.56 -11.78 -11.97 -12.16 -12.34 -12.50 -12.69 -12.84 -13.03 -13.25 -13.50 -13.78
0.91 0.84 0.81 0.75 0.69 0.62 0.56 0.50 0.44 0.38 0.31 0.25 0.16 0.09 0.00 -0.06 -0.16 -0.25 -0.38 -0.50 -0.62 -0.78 -0.94 -1.12 -1.31 -1.50 -1.72 -1.94 -2.16 -2.38 -2.62 -2.84 -3.06 -3.28 -3.50 -3.72 -3.94 -4.12 -4.38 -4.59 -4.78 -5.19 -5.38 -5.69 -5.88 -6.28 -6.59 -7.00 -7.28 -7.50 -7.69 -7.88 -8.28 -8.81 -9.09 -9.44 -9.62 -9.88 -10.16 -10.38 -10.66 -10.91 -11.09 -11.31 -11.50 -11.72 -11.91 -12.09 -12.25 -12.44 -12.59 -12.78 -12.97 -13.19 -13.47
1.00 0.97 0.91 0.84 0.78 0.72 0.66 0.59 0.53 0.47 0.41 0.34 0.28 0.19 0.12 0.03 -0.06 -0.16 -0.25 -0.38 -0.50 -0.66 -0.78 -0.94 -1.12 -1.31 -1.50 -1.72 -1.94 -2.16 -2.41 -2.62 -2.84 -3.06 -3.28 -3.47 -3.69 -3.91 -4.12 -4.34 -4.62 -4.91 -5.12 -5.41 -5.59 -6.00 -6.31 -6.72 -7.03 -7.22 -7.44 -7.62 -8.03 -8.53 -8.84 -9.16 -9.38 -9.62 -9.88 -10.12 -10.38 -10.62 -10.84 -11.06 -11.25 -11.44 -11.66 -11.84 -12.03 -12.19 -12.38 -12.53 -12.69 -12.91 -13.16
1.12 1.06 1.00 0.94 0.91 0.84 0.78 0.72 0.66 0.59 0.50 0.44 0.38 0.28 0.22 0.12 0.03 -0.06 -0.16 -0.28 -0.38 -0.50 -0.66 -0.81 -0.97 -1.12 -1.31 -1.53 -1.72 -1.94 -2.16 -2.38 -2.59 -2.81 -3.03 -3.22 -3.44 -3.66 -3.88 -4.12 -4.38 -4.66 -4.88 -5.16 -5.34 -5.75 -6.06 -6.47 -6.78 -6.97 -7.16 -7.38 -7.78 -8.28 -8.59 -8.91 -9.12 -9.38 -9.62 -9.88 -10.12 -10.38 -10.59 -10.81 -11.00 -11.19 -11.41 -11.59 -11.78 -11.97 -12.12 -12.28 -12.44 -12.62 -12.81
1.25 1.19 1.12 1.06 1.00 0.94 0.88 0.81 0.75 0.69 0.62 0.56 0.47 0.41 0.31 0.22 0.16 0.06 -0.06 -0.16 -0.28 -0.41 -0.53 -0.66 -0.81 -0.97 -1.12 -1.31 -1.53 -1.72 -1.94 -2.16 -2.38 -2.56 -2.78 -3.00 -3.22 -3.44 -3.66 -3.91 -4.12 -4.41 -4.62 -4.91 -5.19 -5.50 -5.81 -6.22 -6.50 -6.72 -6.91 -7.12 -7.53 -8.03 -8.34 -8.66 -8.88 -9.12 -9.41 -9.62 -9.88 -10.12 -10.34 -10.56 -10.75 -10.97 -11.16 -11.34 -11.53 -11.72 -11.91 -12.06 -12.22 -12.38 -12.53
1.38 1.31 1.25 1.19 1.12 1.06 1.00 0.94 0.88 0.78 0.72 0.66 0.59 0.50 0.44 0.34 0.25 0.16 0.06 -0.03 -0.16 -0.28 -0.41 -0.53 -0.66 -0.81 -0.97 -1.12 -1.31 -1.50 -1.72 -1.91 -2.12 -2.34 -2.53 -2.75 -2.97 -3.19 -3.44 -3.66 -3.91 -4.16 -4.41 -4.66 -4.94 -5.25 -5.53 -5.94 -6.25 -6.47 -6.66 -6.84 -7.28 -7.78 -8.09 -8.41 -8.62 -8.88 -9.16 -9.41 -9.66 -9.88 -10.09 -10.31 -10.50 -10.72 -10.91 -11.09 -11.31 -11.47 -11.66 -11.81 -12.00 -12.12 -12.28
1.50 1.44 1.38 1.31 1.25 1.19 1.12 1.03 0.97 0.91 0.84 0.78 0.69 0.62 0.53 0.47 0.38 0.28 0.19 0.06 -0.03 -0.16 -0.28 -0.38 -0.53 -0.66 -0.81 -0.94 -1.09 -1.28 -1.47 -1.69 -1.88 -2.09 -2.31 -2.53 -2.75 -2.97 -3.19 -3.44 -3.69 -3.94 -4.19 -4.47 -4.69 -5.00 -5.28 -5.69 -6.00 -6.22 -6.41 -6.62 -7.03 -7.53 -7.88 -8.19 -8.41 -8.66 -8.94 -9.16 -9.41 -9.66 -9.84 -10.06 -10.28 -10.47 -10.69 -10.88 -11.06 -11.25 -11.44 -11.59 -11.75 -11.91 -12.06
1.66 1.59 1.50 1.44 1.38 1.31 1.22 1.16 1.09 1.03 0.97 0.91 0.81 0.75 0.66 0.56 0.50 0.41 0.31 0.19 0.09 -0.03 -0.12 -0.25 -0.38 -0.50 -0.62 -0.78 -0.91 -1.06 -1.25 -1.44 -1.66 -1.84 -2.06 -2.28 -2.50 -2.75 -2.97 -3.22 -3.47 -3.72 -3.97 -4.22 -4.47 -4.81 -5.12 -5.44 -5.75 -5.97 -6.16 -6.38 -6.78 -7.31 -7.62 -7.94 -8.19 -8.44 -8.69 -8.94 -9.19 -9.41 -9.62 -9.84 -10.03 -10.25 -10.44 -10.66 -10.84 -11.03 -11.19 -11.38 -11.53 -11.69 -11.84
1.81 1.75 1.66 1.59 1.50 1.44 1.38 1.28 1.22 1.16 1.09 1.03 0.94 0.88 0.78 0.72 0.62 0.53 0.44 0.31 0.22 0.12 0.00 -0.12 -0.22 -0.34 -0.47 -0.59 -0.72 -0.88 -1.03 -1.22 -1.41 -1.62 -1.81 -2.03 -2.28 -2.50 -2.75 -3.00 -3.25 -3.50 -3.75 -4.00 -4.28 -4.59 -4.88 -5.19 -5.50 -5.72 -5.91 -6.12 -6.53 -7.06 -7.38 -7.72 -7.97 -8.22 -8.47 -8.72 -8.97 -9.19 -9.41 -9.59 -9.81 -10.03 -10.22 -10.41 -10.62 -10.81 -10.97 -11.16 -11.31 -11.47 -11.62
1.97 1.91 1.81 1.72 1.66 1.56 1.50 1.44 1.34 1.28 1.22 1.16 1.09 1.00 0.94 0.84 0.75 0.66 0.56 0.47 0.38 0.25 0.12 0.03 -0.09 -0.22 -0.34 -0.44 -0.56 -0.69 -0.84 -1.00 -1.19 -1.38 -1.59 -1.81 -2.03 -2.28 -2.53 -2.78 -3.03 -3.28 -3.53 -3.78 -4.09 -4.41 -4.66 -4.94 -5.25 -5.47 -5.69 -5.88 -6.31 -6.84 -7.16 -7.50 -7.75 -8.00 -8.25 -8.50 -8.72 -8.94 -9.16 -9.38 -9.59 -9.81 -10.00 -10.19 -10.41 -10.59 -10.75 -10.94 -11.09 -11.25 -11.41
2.16 2.06 1.97 1.88 1.78 1.72 1.62 1.56 1.50 1.44 1.38 1.31 1.25 1.16 1.09 1.00 0.91 0.81 0.72 0.62 0.50 0.41 0.28 0.16 0.06 -0.06 -0.19 -0.28 -0.41 -0.53 -0.66 -0.81 -0.97 -1.16 -1.38 -1.56 -1.81 -2.03 -2.28 -2.53 -2.81 -3.06 -3.31 -3.59 -3.88 -4.19 -4.44 -4.78 -5.03 -5.22 -5.44 -5.88 -6.09 -6.62 -6.94 -7.28 -7.53 -7.78 -8.03 -8.28 -8.50 -8.72 -8.94 -9.16 -9.38 -9.59 -9.78 -10.00 -10.19 -10.38 -10.56 -10.72 -10.91 -11.06 -11.22
2.41 2.28 2.19 2.06 1.97 1.88 1.81 1.75 1.66 1.59 1.53 1.47 1.41 1.34 1.25 1.19 1.09 0.97 0.88 0.78 0.66 0.53 0.44 0.31 0.19 0.09 -0.03 -0.16 -0.25 -0.38 -0.50 -0.62 -0.78 -0.97 -1.16 -1.34 -1.56 -1.81 -2.06 -2.31 -2.59 -2.84 -3.12 -3.41 -3.69 -3.97 -4.25 -4.56 -4.78 -5.00 -5.22 -5.62 -6.06 -6.38 -6.72 -7.06 -7.34 -7.56 -7.81 -8.06 -8.28 -8.50 -8.72 -8.94 -9.16 -9.38 -9.56 -9.78 -9.97 -10.16 -10.34 -10.53 -10.69 -10.84 -11.00
2.66 2.53 2.41 2.31 2.19 2.09 2.03 1.94 1.88 1.81 1.72 1.66 1.59 1.53 1.44 1.34 1.25 1.16 1.06 0.94 0.81 0.72 0.59 0.47 0.34 0.22 0.12 0.00 -0.09 -0.22 -0.34 -0.47 -0.62 -0.78 -0.94 -1.16 -1.34 -1.56 -1.81 -2.09 -2.38 -2.62 -2.91 -3.22 -3.47 -3.75 -4.06 -4.31 -4.53 -4.75 -5.19 -5.41 -5.84 -6.16 -6.50 -6.88 -7.12 -7.38 -7.59 -7.84 -8.06 -8.28 -8.53 -8.75 -8.94 -9.16 -9.38 -9.56 -9.78 -9.97 -10.16 -10.31 -10.50 -10.66 -10.81
2.94 2.81 2.69 2.56 2.44 2.34 2.25 2.19 2.09 2.03 1.97 1.88 1.81 1.72 1.62 1.56 1.44 1.34 1.25 1.12 1.00 0.88 0.75 0.62 0.50 0.38 0.25 0.16 0.03 -0.09 -0.19 -0.31 -0.47 -0.59 -0.75 -0.94 -1.12 -1.34 -1.59 -1.84 -2.12 -2.44 -2.72 -3.00 -3.28 -3.56 -3.84 -4.09 -4.31 -4.53 -4.97 -5.41 -5.72 -5.94 -6.41 -6.66 -6.91 -7.16 -7.41 -7.62 -7.84 -8.09 -8.31 -8.53 -8.75 -8.97 -9.19 -9.38 -9.56 -9.78 -9.97 -10.12 -10.31 -10.47 -10.62
3.25 3.12 2.97 2.84 2.72 2.62 2.53 2.44 2.34 2.28 2.22 2.12 2.06 1.97 1.88 1.75 1.66 1.56 1.44 1.31 1.19 1.06 0.94 0.78 0.66 0.53 0.41 0.28 0.19 0.06 -0.06 -0.16 -0.31 -0.44 -0.59 -0.75 -0.94 -1.16 -1.38 -1.62 -1.91 -2.22 -2.50 -2.78 -3.06 -3.38 -3.62 -3.84 -4.06 -4.50 -4.72 -5.16 -5.50 -5.84 -6.22 -6.47 -6.69 -6.94 -7.19 -7.41 -7.66 -7.88 -8.09 -8.34 -8.56 -8.78 -8.97 -9.19 -9.38 -9.59 -9.78 -9.94 -10.12 -10.28 -10.44
3.56 3.44 3.28 3.12 3.00 2.88 2.78 2.69 2.59 2.53 2.47 2.41 2.31 2.22 2.12 2.00 1.91 1.78 1.66 1.50 1.38 1.25 1.09 0.97 0.84 0.69 0.56 0.44 0.31 0.22 0.09 -0.03 -0.19 -0.31 -0.47 -0.62 -0.78 -0.97 -1.19 -1.41 -1.69 -1.97 -2.28 -2.59 -2.91 -3.16 -3.41 -3.62 -4.03 -4.28 -4.72 -5.06 -5.28 -5.75 -6.00 -6.25 -6.50 -6.72 -6.97 -7.22 -7.44 -7.69 -7.91 -8.12 -8.38 -8.59 -8.78 -9.00 -9.22 -9.41 -9.59 -9.78 -9.94 -10.12 -10.28
4.00 3.72 3.59 3.44 3.28 3.19 3.09 2.97 2.91 2.81 2.75 2.69 2.59 2.50 2.41 2.28 2.16 2.00 1.88 1.72 1.59 1.44 1.31 1.16 1.00 0.88 0.75 0.59 0.47 0.34 0.25 0.12 -0.03 -0.19 -0.31 -0.47 -0.62 -0.81 -1.03 -1.25 -1.47 -1.75 -2.06 -2.38 -2.69 -2.94 -3.19 -3.41 -3.81 -4.25 -4.50 -4.84 -5.19 -5.53 -5.78 -6.03 -6.28 -6.53 -6.78 -7.00 -7.25 -7.50 -7.72 -7.94 -8.19 -8.41 -8.62 -8.81 -9.03 -9.22 -9.41 -9.59 -9.78 -9.94 -10.12
4.22 4.09 3.94 3.75 3.56 3.44 3.38 3.31 3.28 3.22 3.16 3.03 2.94 2.81 2.69 2.56 2.44 2.28 2.12 1.97 1.81 1.66 1.50 1.34 1.22 1.06 0.91 0.78 0.62 0.50 0.38 0.25 0.12 -0.03 -0.19 -0.34 -0.50 -0.69 -0.88 -1.06 -1.31 -1.56 -1.84 -2.12 -2.44 -2.72 -2.97 -3.34 -3.59 -4.03 -4.38 -4.59 -5.06 -5.31 -5.56 -5.81 -6.06 -6.31 -6.56 -6.81 -7.06 -7.31 -7.53 -7.75 -8.00 -8.22 -8.44 -8.66 -8.84 -9.06 -9.25 -9.44 -9.62 -9.78 -9.97
4.31 4.25 4.19 4.06 3.94 3.81 3.75 3.72 3.75 3.75 3.69 3.56 3.41 3.28 3.16 2.94 2.75 2.59 2.41 2.25 2.06 1.91 1.72 1.56 1.41 1.25 1.06 0.91 0.78 0.66 0.53 0.44 0.28 0.12 -0.03 -0.19 -0.34 -0.53 -0.72 -0.94 -1.16 -1.41 -1.66 -1.94 -2.25 -2.53 -2.88 -3.16 -3.56 -3.91 -4.12 -4.59 -4.84 -5.09 -5.38 -5.62 -5.88 -6.12 -6.38 -6.62 -6.88 -7.12 -7.34 -7.59 -7.81 -8.03 -8.28 -8.47 -8.69 -8.91 -9.09 -9.28 -9.47 -9.66 -9.84
4.41 4.34 4.28 4.22 4.09 4.03 3.97 3.94 3.97 4.00 4.00 3.94 3.88 3.78 3.69 3.53 3.28 3.00 2.78 2.56 2.38 2.16 1.97 1.78 1.59 1.44 1.25 1.09 0.97 0.84 0.72 0.59 0.47 0.31 0.19 0.00 -0.19 -0.38 -0.56 -0.78 -1.00 -1.25 -1.50 -1.75 -2.06 -2.34 -2.69 -3.03 -3.34 -3.66 -4.00 -4.38 -4.62 -4.91 -5.16 -5.41 -5.69 -5.94 -6.19 -6.44 -6.69 -6.94 -7.19 -7.41 -7.66 -7.88 -8.09 -8.31 -8.53 -8.75 -8.94 -9.12 -9.31 -9.50 -9.72
4.50 4.47 4.41 4.38 4.28 4.25 4.22 4.19 4.19 4.19 4.19 4.16 4.09 4.03 3.94 3.84 3.78 3.72 3.56 3.22 2.81 2.53 2.31 2.06 1.84 1.62 1.41 1.25 1.12 1.00 0.88 0.75 0.62 0.50 0.34 0.19 0.00 -0.19 -0.41 -0.62 -0.84 -1.06 -1.31 -1.59 -1.88 -2.19 -2.50 -2.84 -3.16 -3.47 -3.84 -4.16 -4.44 -4.69 -4.97 -5.22 -5.47 -5.75 -6.00 -6.25 -6.50 -6.75 -7.00 -7.25 -7.47 -7.72 -7.94 -8.16 -8.38 -8.59 -8.78 -9.00 -9.19 -9.38 -9.56
4.62 4.59 4.56 4.53 4.50 4.47 4.44 4.41 4.41 4.41 4.38 4.31 4.25 4.19 4.16 4.09 4.03 3.97 3.94 3.91 3.72 3.28 2.84 2.50 2.19 1.88 1.62 1.44 1.31 1.19 1.06 0.94 0.78 0.66 0.53 0.38 0.22 0.03 -0.16 -0.41 -0.62 -0.88 -1.16 -1.41 -1.69 -2.00 -2.31 -2.62 -2.97 -3.31 -3.66 -3.94 -4.22 -4.50 -4.75 -5.03 -5.28 -5.56 -5.81 -6.09 -6.34 -6.59 -6.84 -7.09 -7.31 -7.56 -7.78 -8.03 -8.25 -8.44 -8.66 -8.88 -9.06 -9.25 -9.44
4.75 4.72 4.69 4.69 4.66 4.62 4.62 4.62 4.62 4.59 4.56 4.50 4.44 4.38 4.31 4.25 4.22 4.16 4.12 4.03 3.94 3.88 3.72 3.41 2.97 2.53 2.09 1.75 1.53 1.38 1.25 1.12 0.97 0.84 0.69 0.56 0.41 0.22 0.03 -0.19 -0.41 -0.59 -0.84 -1.09 -1.38 -1.66 -2.00 -2.38 -2.75 -3.12 -3.44 -3.75 -4.00 -4.28 -4.56 -4.84 -5.12 -5.38 -5.66 -5.91 -6.16 -6.44 -6.69 -6.94 -7.19 -7.41 -7.66 -7.88 -8.09 -8.31 -8.53 -8.75 -8.94 -9.12 -9.34
4.88 4.88 4.88 4.91 4.91 4.94 4.91 4.91 4.88 4.81 4.75 4.69 4.62 4.53 4.47 4.41 4.34 4.28 4.22 4.16 4.09 4.00 4.00 3.91 3.59 3.31 3.06 2.62 2.16 1.75 1.50 1.31 1.16 1.03 0.91 0.75 0.56 0.41 0.22 0.00 -0.22 -0.44 -0.69 -0.94 -1.19 -1.50 -1.78 -2.09 -2.47 -2.84 -3.22 -3.53 -3.81 -4.09 -4.38 -4.66 -4.94 -5.22 -5.47 -5.75 -6.00 -6.28 -6.53 -6.78 -7.03 -7.28 -7.50 -7.75 -7.97 -8.19 -8.41 -8.62 -8.81 -9.03 -9.22
5.06 5.06 5.06 5.09 5.09 5.12 5.12 5.12 5.09 5.03 4.97 4.84 4.78 4.69 4.62 4.56 4.50 4.41 4.34 4.31 4.25 4.19 4.12 3.97 3.75 3.53 3.38 3.22 3.09 2.59 2.09 1.69 1.44 1.28 1.09 0.94 0.78 0.62 0.44 0.19 -0.03 -0.25 -0.47 -0.72 -0.97 -1.25 -1.53 -1.84 -2.16 -2.53 -2.97 -3.34 -3.62 -3.91 -4.19 -4.47 -4.75 -5.03 -5.31 -5.59 -5.84 -6.12 -6.38 -6.62 -6.88 -7.12 -7.38 -7.62 -7.84 -8.06 -8.28 -8.50 -8.72 -8.91 -9.12
5.12 5.19 5.22 5.28 5.31 5.38 5.38 5.34 5.34 5.31 5.19 5.09 5.00 4.88 4.78 4.69 4.62 4.53 4.47 4.44 4.38 4.34 4.28 4.12 3.97 3.78 3.62 3.47 3.34 3.34 2.88 2.53 1.94 1.75 1.44 1.19 1.03 0.88 0.62 0.41 0.19 -0.03 -0.28 -0.53 -0.78 -1.06 -1.34 -1.62 -1.94 -2.25 -2.62 -3.12 -3.44 -3.72 -4.03 -4.31 -4.59 -4.88 -5.16 -5.44 -5.72 -5.97 -6.25 -6.50 -6.75 -7.00 -7.25 -7.50 -7.72 -7.97 -8.19 -8.41 -8.62 -8.81 -9.03
5.16 5.19 5.25 5.31 5.34 5.41 5.41 5.44 5.44 5.47 5.34 5.25 5.16 5.09 4.97 4.84 4.75 4.66 4.59 4.53 4.50 4.47 4.41 4.28 4.12 4.00 3.88 3.72 3.62 3.50 3.25 3.03 2.56 2.34 1.97 1.53 1.31 1.16 0.88 0.62 0.41 0.16 -0.09 -0.34 -0.59 -0.88 -1.16 -1.44 -1.75 -2.03 -2.34 -2.81 -3.22 -3.53 -3.84 -4.16 -4.44 -4.72 -5.00 -5.28 -5.56 -5.84 -6.09 -6.38 -6.62 -6.88 -7.12 -7.38 -7.62 -7.84 -8.09 -8.31 -8.53 -8.75 -8.94
5.47 5.38 5.34 5.38 5.41 5.44 5.44 5.44 5.47 5.47 5.44 5.34 5.25 5.19 5.12 4.94 4.88 4.81 4.75 4.69 4.62 4.59 4.53 4.41 4.28 4.16 4.03 3.94 3.84 3.69 3.47 3.25 3.03 2.88 2.56 2.03 1.66 1.47 1.12 0.88 0.62 0.34 0.09 -0.16 -0.41 -0.69 -0.97 -1.25 -1.53 -1.81 -2.09 -2.50 -2.97 -3.34 -3.66 -3.97 -4.28 -4.56 -4.88 -5.16 -5.44 -5.72 -5.97 -6.25 -6.50 -6.75 -7.00 -7.25 -7.50 -7.75 -7.97 -8.22 -8.44 -8.66 -8.88
5.84 5.72 5.62 5.56 5.50 5.47 5.41 5.41 5.44 5.44 5.44 5.34 5.28 5.22 5.19 5.03 4.97 4.91 4.84 4.78 4.72 4.69 4.62 4.56 4.44 4.31 4.19 4.09 4.00 3.84 3.69 3.50 3.34 3.12 2.97 2.69 2.19 1.84 1.44 1.16 0.84 0.56 0.31 0.06 -0.22 -0.50 -0.78 -1.03 -1.31 -1.59 -1.88 -2.22 -2.69 -3.12 -3.47 -3.81 -4.12 -4.44 -4.72 -5.00 -5.28 -5.56 -5.84 -6.12 -6.38 -6.66 -6.91 -7.16 -7.41 -7.66 -7.91 -8.12 -8.38 -8.59 -8.78
6.31 6.16 6.00 5.88 5.75 5.62 5.50 5.38 5.28 5.28 5.28 5.25 5.19 5.12 5.12 5.09 5.06 5.00 4.94 4.88 4.81 4.78 4.72 4.66 4.59 4.50 4.41 4.31 4.16 4.00 3.88 3.72 3.59 3.44 3.25 3.06 2.91 2.44 1.78 1.44 1.09 0.78 0.53 0.25 -0.03 -0.28 -0.56 -0.84 -1.12 -1.38 -1.62 -1.97 -2.44 -2.88 -3.25 -3.62 -3.94 -4.25 -4.56 -4.88 -5.16 -5.44 -5.72 -6.00 -6.25 -6.53 -6.81 -7.06 -7.31 -7.56 -7.81 -8.06 -8.28 -8.53 -8.75
6.84 6.62 6.44 6.28 6.12 5.97 5.84 5.72 5.62 5.56 5.50 5.41 5.34 5.25 5.16 5.16 5.16 5.12 5.03 4.97 4.91 4.88 4.78 4.72 4.66 4.59 4.53 4.44 4.31 4.19 4.06 3.91 3.78 3.66 3.50 3.31 3.09 2.91 2.19 1.75 1.34 1.03 0.75 0.47 0.19 -0.09 -0.38 -0.66 -0.91 -1.19 -1.41 -1.75 -2.19 -2.62 -3.03 -3.44 -3.75 -4.09 -4.41 -4.72 -5.00 -5.28 -5.59 -5.88 -6.16 -6.44 -6.69 -6.97 -7.22 -7.50 -7.75 -8.00 -8.25 -8.47 -8.69
7.41 7.19 7.00 6.81 6.62 6.47 6.31 6.19 6.09 6.03 5.94 5.84 5.72 5.62 5.47 5.34 5.28 5.22 5.16 5.06 5.00 4.94 4.88 4.81 4.75 4.69 4.62 4.53 4.44 4.31 4.19 4.09 3.94 3.78 3.62 3.44 3.25 3.03 2.66 2.03 1.59 1.25 0.97 0.66 0.38 0.09 -0.19 -0.47 -0.72 -1.00 -1.22 -1.53 -1.97 -2.38 -2.78 -3.25 -3.59 -3.91 -4.22 -4.53 -4.84 -5.16 -5.47 -5.75 -6.03 -6.31 -6.59 -6.88 -7.16 -7.44 -7.69 -7.94 -8.19 -8.44 -8.66
