everonasctiles/Tile29,21.asc
ncols 128
nrows 128
xllcorner 0
yllcorner 0
cellsize 2.0
NODATA_value  -9999
[rows 34 to 67 of 128, columns 0 to 75 of 128]
98.78 98.38 98.12 97.84 97.59 97.41 97.22 97.00 96.75 96.44 96.00 95.53 95.12 94.69 94.25 93.84 93.41 93.00 92.59 92.19 91.75 91.31 90.91 90.50 90.09 89.69 89.31 88.91 88.31 87.38 86.66 85.97 85.34 84.81 84.44 84.12 83.81 83.56 83.34 83.19 83.12 83.19 83.31 83.50 83.91 84.19 84.00 83.81 83.62 83.47 83.28 83.09 82.91 82.72 82.53 82.34 82.00 81.78 81.66 81.72 81.88 82.00 82.00 81.97 82.16 80.69 80.50 80.34 80.28 80.25 80.25 80.31 80.34 80.38 80.38 80.38
99.31 98.97 98.66 98.41 98.19 97.94 97.69 97.41 97.09 96.78 96.28 95.78 95.34 94.91 94.47 94.06 93.62 93.22 92.78 92.41 91.94 91.53 91.09 90.69 90.28 89.91 89.50 89.12 88.75 88.19 87.31 86.59 85.97 85.38 84.88 84.47 84.12 83.81 83.53 83.34 83.28 83.38 83.56 84.19 84.50 84.38 84.19 84.00 83.81 83.59 83.41 83.22 83.03 82.84 82.66 82.41 82.00 81.88 81.88 81.94 82.09 82.25 82.31 82.25 82.34 82.22 80.62 80.47 80.41 80.38 80.38 80.41 80.47 80.44 80.44 80.38
99.78 99.47 99.19 98.91 98.62 98.31 98.03 97.75 97.44 97.03 96.50 96.00 95.56 95.12 94.69 94.25 93.81 93.41 93.00 92.59 92.12 91.72 91.28 90.88 90.47 90.09 89.72 89.31 88.97 88.59 88.09 87.22 86.59 86.00 85.44 84.97 84.53 84.16 83.81 83.53 83.47 83.53 84.31 84.88 84.72 84.53 84.34 84.16 83.97 83.75 83.53 83.34 83.12 82.94 82.75 82.47 82.28 82.12 82.09 82.16 82.31 82.44 82.47 82.38 82.31 82.31 82.28 80.56 80.53 80.47 80.47 80.47 80.53 80.53 80.50 80.44
100.19 99.88 99.53 99.22 98.94 98.66 98.34 98.03 97.66 97.22 96.69 96.22 95.78 95.34 94.88 94.44 94.03 93.59 93.19 92.78 92.28 91.88 91.47 91.06 90.66 90.28 89.88 89.50 89.16 88.78 88.44 87.97 87.19 86.59 86.03 85.56 85.12 84.69 84.28 83.97 83.88 84.75 85.28 85.09 84.91 84.72 84.53 84.34 84.12 83.91 83.66 83.41 83.19 83.00 82.81 82.66 82.50 82.34 82.28 82.34 82.44 82.53 82.53 82.47 82.38 82.34 82.31 82.31 80.69 80.59 80.56 80.62 80.59 80.62 80.56 80.50
100.38 100.09 99.78 99.50 99.25 98.94 98.62 98.25 97.81 97.41 96.91 96.44 96.00 95.53 95.09 94.62 94.19 93.78 93.34 92.94 92.44 92.03 91.62 91.22 90.81 90.44 90.06 89.69 89.31 88.97 88.62 88.28 87.94 87.19 86.62 86.16 85.72 85.38 85.03 84.75 85.31 85.66 85.47 85.28 85.09 84.91 84.72 84.53 84.31 84.06 83.75 83.47 83.22 83.03 82.88 82.75 82.59 82.47 82.44 82.47 82.53 82.56 82.56 82.50 82.41 82.38 82.34 82.31 82.31 80.75 80.69 80.69 80.69 80.69 80.69 80.62
100.59 100.31 100.06 99.81 99.53 99.22 98.84 98.44 98.00 97.56 97.09 96.66 96.19 95.72 95.28 94.81 94.38 93.94 93.50 93.09 92.59 92.19 91.78 91.38 90.97 90.59 90.22 89.84 89.47 89.12 88.78 88.47 88.16 87.84 87.22 86.75 86.38 86.03 85.78 85.91 86.00 85.84 85.66 85.47 85.28 85.09 84.91 84.72 84.53 84.31 83.94 83.31 83.19 83.00 82.88 82.75 82.62 82.53 82.50 82.53 82.59 82.59 82.59 82.56 82.50 82.44 82.38 82.34 82.31 82.31 80.69 80.62 80.66 80.69 80.69 80.69
100.84 100.59 100.34 100.09 99.78 99.44 99.03 98.62 98.19 97.75 97.28 96.81 96.38 95.91 95.44 95.00 94.53 94.09 93.69 93.22 92.75 92.34 91.94 91.50 91.12 90.72 90.34 90.00 89.62 89.28 88.97 88.62 88.31 88.03 87.75 87.44 87.12 86.69 86.53 86.41 86.22 86.03 85.84 85.66 85.47 85.28 85.09 84.91 84.72 84.34 83.59 83.34 83.16 82.94 82.78 82.69 82.59 82.56 82.56 82.59 82.59 82.62 82.66 82.66 82.59 82.53 82.44 82.38 82.34 82.31 82.31 80.62 80.62 80.62 80.66 80.69
101.09 100.88 100.62 100.34 100.06 99.66 99.22 98.78 98.34 97.91 97.44 97.00 96.53 96.09 95.62 95.16 94.72 94.25 93.81 93.34 92.91 92.47 92.06 91.66 91.25 90.88 90.50 90.12 89.78 89.44 89.12 88.81 88.50 88.19 87.91 87.62 87.38 87.09 86.81 86.59 86.44 86.25 86.06 85.88 85.66 85.47 85.28 85.09 84.75 84.03 83.66 83.34 83.09 82.84 82.72 82.69 82.62 82.59 82.59 82.62 82.62 82.66 82.72 82.69 82.59 82.53 82.47 82.41 82.34 82.31 82.31 80.62 80.62 80.62 80.66 80.69
101.41 101.16 100.91 100.62 100.25 99.84 99.41 98.97 98.53 98.06 97.59 97.16 96.69 96.25 95.78 95.31 94.84 94.38 93.94 93.47 93.03 92.59 92.19 91.78 91.38 91.00 90.62 90.28 89.94 89.59 89.28 88.97 88.66 88.38 88.09 87.78 87.47 87.19 87.00 86.81 86.62 86.44 86.25 86.06 85.88 85.66 85.47 85.12 84.41 84.03 83.69 83.38 83.09 82.88 82.72 82.69 82.66 82.66 82.62 82.66 82.66 82.69 82.72 82.66 82.62 82.56 82.50 82.44 82.38 82.28 82.16 82.31 80.62 80.62 80.66 80.72
101.72 101.47 101.22 100.88 100.47 100.06 99.62 99.16 98.69 98.22 97.75 97.31 96.84 96.38 95.91 95.41 94.94 94.47 94.03 93.56 93.12 92.72 92.28 91.88 91.50 91.12 90.75 90.41 90.06 89.75 89.44 89.12 88.81 88.53 88.25 87.94 87.59 87.38 87.19 87.00 86.81 86.62 86.47 86.28 86.09 85.91 85.50 84.72 84.34 84.00 83.62 83.34 83.09 82.88 82.75 82.72 82.69 82.69 82.69 82.69 82.69 82.69 82.72 82.66 82.62 82.59 82.53 82.47 82.41 82.34 82.25 82.31 82.31 80.62 80.66 80.69
102.06 101.81 101.47 101.09 100.69 100.25 99.81 99.34 98.88 98.38 97.91 97.47 97.00 96.50 96.03 95.50 95.03 94.56 94.12 93.66 93.22 92.81 92.41 92.00 91.62 91.25 90.88 90.53 90.22 89.88 89.56 89.28 89.00 88.72 88.44 87.97 87.78 87.59 87.41 87.22 87.03 86.84 86.66 86.47 86.28 85.91 85.03 84.62 84.25 83.91 83.56 83.25 83.03 82.84 82.75 82.75 82.72 82.72 82.69 82.72 82.72 82.72 82.72 82.69 82.66 82.59 82.56 82.50 82.44 82.41 82.34 82.34 82.31 82.31 82.03 80.69
102.41 102.09 101.75 101.34 100.91 100.47 100.00 99.50 99.03 98.56 98.06 97.59 97.09 96.59 96.12 95.59 95.12 94.66 94.19 93.75 93.31 92.91 92.50 92.12 91.72 91.34 91.00 90.66 90.34 90.03 89.72 89.44 89.16 88.91 88.38 88.16 87.97 87.78 87.59 87.41 87.22 87.03 86.84 86.66 86.34 85.31 84.91 84.50 84.12 83.75 83.41 83.12 82.91 82.78 82.78 82.75 82.75 82.72 82.72 82.72 82.72 82.75 82.72 82.69 82.66 82.62 82.59 82.56 82.50 82.47 82.44 82.41 82.34 82.31 82.31 82.31
102.75 102.41 102.03 101.59 101.16 100.69 100.19 99.69 99.22 98.72 98.22 97.72 97.22 96.69 96.19 95.66 95.19 94.72 94.25 93.81 93.38 92.97 92.59 92.22 91.81 91.47 91.12 90.78 90.47 90.16 89.88 89.59 89.31 88.78 88.56 88.38 88.19 88.00 87.81 87.62 87.44 87.25 87.06 86.75 85.69 85.19 84.75 84.31 83.94 83.59 83.22 82.91 82.78 82.78 82.78 82.78 82.75 82.75 82.75 82.75 82.75 82.75 82.75 82.72 82.69 82.66 82.62 82.59 82.56 82.53 82.50 82.47 82.41 82.34 82.34 82.38
103.06 102.72 102.28 101.84 101.38 100.91 100.38 99.88 99.38 98.88 98.34 97.84 97.31 96.78 96.28 95.75 95.25 94.78 94.31 93.88 93.47 93.06 92.66 92.28 91.91 91.56 91.25 90.91 90.59 90.28 90.00 89.72 89.19 88.94 88.75 88.56 88.38 88.19 88.00 87.81 87.62 87.44 87.19 86.09 85.50 85.00 84.53 84.12 83.72 83.38 82.91 82.78 82.78 82.78 82.78 82.78 82.78 82.75 82.75 82.75 82.75 82.75 82.75 82.75 82.72 82.69 82.69 82.66 82.62 82.59 82.56 82.53 82.47 82.41 82.38 82.47
103.41 103.00 102.56 102.09 101.59 101.09 100.56 100.06 99.53 99.00 98.47 97.94 97.41 96.88 96.31 95.81 95.31 94.81 94.38 93.94 93.50 93.09 92.72 92.34 92.00 91.69 91.38 91.06 90.75 90.44 90.16 89.59 89.31 89.16 88.97 88.78 88.59 88.41 88.22 88.03 87.84 87.59 86.59 85.84 85.28 84.72 84.25 83.84 83.47 83.16 82.78 82.78 82.78 82.78 82.78 82.78 82.78 82.78 82.78 82.78 82.78 82.78 82.78 82.78 82.78 82.75 82.72 82.69 82.66 82.66 82.62 82.59 82.50 82.44 82.44 82.50
103.72 103.28 102.78 102.31 101.78 101.28 100.75 100.19 99.66 99.12 98.56 98.03 97.47 96.94 96.41 95.88 95.34 94.88 94.41 93.97 93.53 93.12 92.75 92.38 92.09 91.78 91.47 91.19 90.88 90.59 90.06 89.72 89.50 89.34 89.16 88.97 88.78 88.59 88.41 88.22 88.03 87.12 86.25 85.59 84.97 84.41 83.88 83.47 83.09 82.78 82.78 82.78 82.78 82.78 82.78 82.88 82.91 82.91 82.81 82.78 82.78 82.78 82.78 82.78 82.78 82.78 82.75 82.72 82.69 82.69 82.69 82.66 82.56 82.47 82.44 82.44
104.03 103.53 103.03 102.50 101.97 101.44 100.88 100.31 99.78 99.22 98.66 98.09 97.56 97.00 96.47 95.94 95.41 94.91 94.44 94.00 93.56 93.16 92.78 92.44 92.16 91.84 91.56 91.31 91.06 90.56 90.12 89.94 89.72 89.53 89.38 89.19 89.00 88.81 88.62 88.41 87.56 86.56 85.84 85.16 84.50 83.91 83.22 82.78 82.78 82.78 82.78 82.78 82.78 82.78 82.78 82.91 83.19 83.16 82.91 82.78 82.78 82.78 82.78 82.78 82.78 82.78 82.78 82.75 82.72 82.72 82.72 82.75 82.62 82.50 82.44 82.41
104.31 103.81 103.25 102.72 102.16 101.59 101.00 100.41 99.88 99.31 98.75 98.19 97.62 97.06 96.53 96.00 95.44 94.94 94.47 94.00 93.56 93.16 92.81 92.50 92.22 91.94 91.66 91.38 91.06 90.53 90.34 90.12 89.94 89.75 89.56 89.38 89.19 89.00 88.78 87.69 86.56 85.84 85.19 84.34 83.78 83.28 82.78 82.78 82.78 82.78 82.78 82.78 82.78 82.78 82.78 82.88 83.12 83.47 83.00 82.78 82.78 82.78 82.78 82.78 82.78 82.78 82.78 82.78 82.78 82.72 82.72 82.72 82.75 82.59 82.47 82.38
104.59 104.03 103.47 102.91 102.31 101.72 101.16 100.53 100.00 99.41 98.84 98.28 97.69 97.12 96.56 96.06 95.47 94.94 94.47 94.00 93.56 93.19 92.84 92.53 92.28 92.00 91.72 91.47 90.94 90.72 90.53 90.34 90.16 89.97 89.78 89.59 89.41 89.19 88.03 86.69 85.94 85.22 84.41 83.84 83.41 82.97 82.81 82.78 82.78 82.78 82.78 82.78 82.78 82.78 82.78 82.78 82.97 83.25 82.97 82.78 82.78 82.78 82.78 82.78 82.78 82.78 82.78 82.78 82.78 82.78 82.66 82.59 82.78 82.62 82.53 82.41
104.88 104.28 103.69 103.09 102.47 101.88 101.28 100.66 100.09 99.53 98.94 98.34 97.75 97.19 96.62 96.06 95.50 94.94 94.47 94.00 93.59 93.22 92.88 92.59 92.31 92.09 91.88 91.34 91.09 90.91 90.72 90.56 90.38 90.19 90.00 89.81 89.62 88.59 86.97 86.22 85.50 84.81 84.09 83.50 83.28 83.03 82.84 82.78 82.78 82.78 82.78 82.78 82.78 82.78 82.78 82.78 82.84 82.91 82.84 82.78 82.78 82.78 82.78 82.78 82.78 82.78 82.78 82.78 82.78 82.78 82.78 82.66 82.59 82.66 82.56 82.41
105.12 104.53 103.91 103.28 102.66 102.00 101.41 100.81 100.22 99.62 99.00 98.41 97.81 97.22 96.62 96.06 95.50 94.97 94.50 94.03 93.62 93.25 92.94 92.62 92.38 92.16 91.72 91.50 91.31 91.12 90.94 90.75 90.56 90.41 90.22 90.03 89.31 87.34 86.44 85.72 85.06 84.44 83.88 83.41 83.31 83.16 82.97 82.84 82.78 82.78 82.78 82.78 82.78 82.78 82.78 82.78 82.78 82.78 82.78 82.78 82.78 82.78 82.78 82.78 82.78 82.78 82.78 82.78 82.78 82.78 82.78 82.78 82.66 82.62 82.59 82.47
105.34 104.72 104.09 103.44 102.81 102.16 101.56 100.94 100.31 99.69 99.09 98.47 97.84 97.25 96.66 96.06 95.50 95.00 94.53 94.09 93.69 93.31 92.97 92.69 92.47 92.12 91.88 91.72 91.53 91.34 91.16 90.97 90.78 90.59 90.41 89.94 88.06 86.84 85.88 85.16 84.59 84.12 83.72 83.44 83.38 83.28 83.12 83.00 82.84 82.78 82.78 82.78 82.78 82.78 82.78 82.78 82.78 82.78 82.78 82.78 82.78 82.78 82.78 82.78 82.78 82.78 82.78 82.78 82.78 82.78 82.78 82.78 82.78 82.59 82.59 82.59
105.56 104.94 104.28 103.59 102.97 102.31 101.72 101.06 100.44 99.78 99.16 98.53 97.91 97.28 96.66 96.09 95.56 95.06 94.59 94.12 93.72 93.34 93.03 92.75 92.50 92.28 92.09 91.91 91.72 91.56 91.38 91.19 91.00 90.81 90.50 88.75 87.62 86.34 85.19 84.53 84.12 83.84 83.62 83.53 83.44 83.34 83.22 83.16 83.00 82.81 82.78 82.78 82.78 82.78 82.78 82.78 82.78 82.78 82.78 82.78 82.78 82.78 82.78 82.78 82.78 82.78 82.78 82.78 82.78 82.78 82.78 82.78 82.78 82.59 82.59 82.59
105.78 105.12 104.47 103.75 103.12 102.50 101.84 101.19 100.53 99.88 99.22 98.59 97.94 97.28 96.72 96.16 95.62 95.09 94.62 94.19 93.78 93.41 93.09 92.84 92.69 92.50 92.31 92.12 91.94 91.75 91.59 91.41 91.22 91.00 89.53 88.25 87.09 85.69 84.09 83.72 83.72 83.72 83.66 83.56 83.47 83.41 83.31 83.25 83.16 83.00 82.81 82.78 82.78 82.78 82.78 82.78 82.78 82.78 82.78 82.78 82.78 82.78 82.78 82.78 82.78 82.78 82.78 82.78 82.78 82.78 82.78 82.78 82.75 82.66 82.59 82.59
105.97 105.31 104.62 103.94 103.28 102.62 101.97 101.28 100.62 99.97 99.31 98.62 97.97 97.34 96.78 96.22 95.66 95.16 94.69 94.25 93.84 93.47 93.19 93.06 92.91 92.72 92.53 92.34 92.16 91.97 91.78 91.59 91.44 90.31 88.88 87.66 86.50 84.91 84.25 83.81 83.69 83.72 83.66 83.59 83.53 83.47 83.41 83.34 83.28 83.12 82.94 82.78 82.78 82.78 82.78 82.78 82.78 82.78 82.78 82.78 82.78 82.78 82.78 82.78 82.78 82.78 82.78 82.78 82.78 82.78 82.78 82.75 82.72 82.69 82.62 82.59
106.19 105.50 104.78 104.12 103.44 102.78 102.09 101.41 100.72 100.06 99.38 98.69 98.03 97.41 96.84 96.28 95.72 95.22 94.75 94.28 93.91 93.56 93.44 93.25 93.09 92.91 92.75 92.56 92.38 92.19 92.00 91.81 90.91 89.41 88.19 87.03 85.88 84.81 84.31 83.91 83.66 83.69 83.69 83.62 83.59 83.53 83.50 83.44 83.38 83.25 83.06 82.81 82.78 82.78 82.78 82.78 82.78 82.78 82.78 82.78 82.78 82.78 82.78 82.78 82.78 82.78 82.78 82.75 82.78 82.78 82.75 82.75 82.72 82.72 82.69 82.62
106.38 105.69 104.94 104.28 103.59 102.91 102.22 101.53 100.81 100.16 99.47 98.75 98.12 97.50 96.91 96.34 95.78 95.28 94.81 94.34 93.97 93.81 93.66 93.47 93.31 93.12 92.94 92.78 92.59 92.41 92.22 91.28 89.69 88.53 87.34 86.19 85.06 84.59 84.22 83.91 83.69 83.72 83.72 83.66 83.62 83.59 83.56 83.50 83.47 83.34 83.19 82.97 82.78 82.78 82.78 82.78 82.78 82.78 82.78 82.78 82.78 82.78 82.78 82.78 82.78 82.78 82.75 82.75 82.75 82.78 82.75 82.75 82.72 82.72 82.72 82.72
106.56 105.88 105.09 104.44 103.72 103.03 102.31 101.62 100.94 100.25 99.56 98.84 98.19 97.56 96.97 96.41 95.84 95.34 94.88 94.44 94.19 94.06 93.88 93.72 93.53 93.34 93.16 92.97 92.78 92.59 91.72 89.91 89.06 87.97 86.69 85.28 84.59 84.31 84.06 83.88 83.78 83.75 83.75 83.69 83.66 83.62 83.59 83.59 83.56 83.44 83.28 83.12 82.84 82.78 82.78 82.78 82.78 82.78 82.78 82.78 82.78 82.78 82.75 82.75 82.75 82.75 82.72 82.75 82.75 82.75 82.78 82.75 82.75 82.72 82.72 82.72
106.75 106.03 105.25 104.56 103.88 103.16 102.44 101.75 101.03 100.34 99.66 98.94 98.28 97.66 97.03 96.47 95.94 95.41 94.94 94.59 94.47 94.28 94.09 93.94 93.75 93.56 93.41 93.19 93.00 92.22 90.12 89.47 88.78 87.84 86.56 85.19 84.34 84.06 83.94 83.84 83.81 83.78 83.78 83.72 83.69 83.66 83.66 83.62 83.62 83.53 83.38 83.22 83.06 82.81 82.78 82.78 82.78 82.78 82.78 82.78 82.78 82.75 82.75 82.72 82.72 82.72 82.72 82.72 82.75 82.78 82.78 82.75 82.75 82.72 82.72 82.69
106.91 106.19 105.41 104.72 104.00 103.28 102.56 101.84 101.12 100.44 99.75 99.03 98.38 97.75 97.12 96.53 96.00 95.50 95.03 94.88 94.69 94.50 94.34 94.16 93.97 93.81 93.62 93.44 92.81 90.41 89.66 89.16 88.69 87.91 86.88 85.50 84.38 84.03 83.88 83.84 83.81 83.81 83.78 83.75 83.72 83.69 83.66 83.66 83.69 83.59 83.47 83.34 83.19 83.00 82.78 82.78 82.78 82.78 82.78 82.78 82.75 82.75 82.75 82.72 82.72 82.75 82.72 82.75 82.78 82.81 82.81 82.78 82.75 82.72 82.69 82.69
107.06 106.31 105.53 104.84 104.12 103.41 102.66 101.94 101.25 100.53 99.84 99.12 98.44 97.81 97.19 96.62 96.09 95.56 95.25 95.09 94.91 94.75 94.56 94.38 94.19 94.03 93.84 93.44 91.25 90.22 89.34 88.91 88.62 88.03 87.12 85.91 84.72 84.09 83.88 83.81 83.81 83.81 83.78 83.75 83.69 83.69 83.66 83.62 83.62 83.53 83.44 83.38 83.22 83.09 82.94 82.78 82.78 82.78 82.78 82.78 82.78 82.75 82.75 82.75 82.75 82.75 82.75 82.78 82.81 82.84 82.81 82.78 82.75 82.72 82.69 82.66
107.19 106.44 105.66 104.97 104.22 103.50 102.78 102.06 101.34 100.62 99.94 99.19 98.53 97.91 97.28 96.69 96.19 95.69 95.50 95.31 95.12 94.97 94.78 94.59 94.44 94.25 93.97 92.22 90.97 89.97 89.16 88.69 88.41 87.94 87.19 86.25 85.25 84.41 83.97 83.81 83.81 83.78 83.75 83.72 83.69 83.66 83.62 83.56 83.53 83.47 83.41 83.31 83.22 83.09 82.97 82.78 82.78 82.78 82.78 82.78 82.78 82.78 82.78 82.78 82.78 82.78 82.78 82.81 82.81 82.84 82.84 82.81 82.75 82.72 82.69 82.62
107.31 106.53 105.81 105.06 104.34 103.59 102.88 102.12 101.41 100.69 100.00 99.28 98.59 97.97 97.38 96.78 96.12 95.91 95.72 95.53 95.38 95.19 95.00 94.81 94.66 94.44 93.09 91.69 90.75 89.88 89.22 88.72 88.28 87.81 87.19 86.47 85.69 84.94 84.28 83.91 83.78 83.78 83.75 83.72 83.69 83.62 83.56 83.50 83.47 83.41 83.34 83.28 83.22 83.09 82.94 82.78 82.78 82.78 82.78 82.78 82.78 82.81 82.81 82.84 82.84 82.81 82.81 82.81 82.81 82.81 82.81 82.78 82.75 82.72 82.69 82.62
107.44 106.66 105.91 105.19 104.44 103.69 102.94 102.22 101.50 100.78 100.06 99.34 98.66 98.03 97.44 96.66 96.31 96.12 95.94 95.75 95.59 95.41 95.22 95.06 94.88 94.00 92.28 91.44 90.62 89.88 89.28 88.75 88.28 87.81 87.25 86.69 86.09 85.50 84.88 84.28 83.84 83.75 83.72 83.69 83.66 83.56 83.50 83.44 83.38 83.34 83.28 83.22 83.16 83.06 82.94 82.78 82.78 82.78 82.78 82.81 82.81 82.81 82.84 82.84 82.84 82.81 82.81 82.81 82.81 82.81 82.78 82.78 82.75 82.72 82.69 82.62
