everonasctiles/Tile[32,20].asc
ncols 128
nrows 128
xllcorner 0
yllcorner 0
cellsize 2.0
NODATA_value  -9999
[rows 0 to 33 of 128, columns 0 to 76 of 128]
13.03 11.53 10.31 9.62 9.44 9.44 9.44 9.34 8.53 7.09 6.00 5.41 5.28 5.38 5.88 6.53 6.97 7.25 7.53 7.59 7.44 7.22 6.97 6.75 6.53 6.50 6.62 6.69 6.72 6.69 6.53 6.16 5.69 5.62 5.94 6.19 6.41 6.50 6.53 6.47 6.38 6.25 6.16 5.97 5.78 5.53 5.25 5.00 4.81 4.69 4.66 4.56 4.31 4.16 4.25 4.41 4.47 4.56 4.62 4.75 4.75 4.66 5.06 5.56 5.59 5.72 6.03 6.31 6.62 7.19 7.75 7.88 7.78 7.78 8.00 8.34 8.62
15.25 12.97 11.34 10.31 9.59 9.41 9.44 9.41 8.59 7.22 5.94 5.56 5.81 6.16 7.12 7.72 8.19 8.59 9.00 8.91 8.59 8.28 7.97 7.66 7.44 7.50 7.59 7.66 7.69 7.72 7.62 7.09 6.12 6.16 6.50 6.81 7.00 7.09 7.12 7.06 6.94 6.88 6.78 6.62 6.41 6.19 5.94 5.66 5.44 5.31 5.28 5.09 4.62 4.25 4.34 4.53 4.59 4.69 4.84 5.00 5.09 5.38 6.00 6.19 5.84 6.03 6.94 7.66 8.06 8.28 8.50 8.72 8.91 9.00 9.16 9.22 9.19
16.59 13.94 12.03 10.97 10.19 9.59 9.56 9.25 8.16 6.88 6.19 6.12 6.56 7.19 7.91 8.62 9.44 9.44 9.44 9.44 9.41 9.28 8.94 8.47 8.41 8.50 8.53 8.59 8.62 8.72 8.91 9.00 7.25 6.84 7.06 7.34 7.53 7.62 7.62 7.56 7.44 7.38 7.34 7.16 6.94 6.78 6.50 6.22 6.03 5.91 5.81 5.72 5.47 5.31 5.41 5.59 5.72 5.88 6.06 6.22 6.34 6.66 7.06 7.09 6.97 7.25 7.88 8.41 8.72 8.94 9.12 9.31 9.44 9.47 9.56 9.66 9.62
17.06 14.28 12.44 11.38 10.56 10.19 10.06 9.12 7.50 6.56 6.44 7.03 8.66 9.41 9.44 9.44 9.34 9.41 9.44 9.44 9.41 9.34 9.25 9.31 9.44 9.44 9.38 9.25 9.22 9.28 9.47 9.44 8.75 7.94 7.94 8.09 8.16 8.16 8.12 8.00 7.91 7.84 7.78 7.59 7.41 7.25 6.94 6.69 6.53 6.44 6.34 6.34 6.34 6.41 6.47 6.59 6.75 6.97 7.19 7.34 7.47 7.59 7.78 7.88 8.03 8.38 8.66 8.91 9.28 9.50 9.62 9.81 9.91 9.91 10.00 10.06 10.09
16.72 14.62 12.69 11.56 10.97 10.50 10.50 9.00 7.75 7.12 7.25 8.19 9.34 9.44 9.44 9.44 9.41 9.41 9.44 9.41 9.41 9.38 9.34 9.38 9.44 9.44 9.41 9.34 9.34 9.38 9.47 9.56 9.28 9.03 8.91 8.84 8.78 8.69 8.59 8.44 8.34 8.28 8.19 7.94 7.75 7.59 7.31 7.09 7.00 6.91 6.84 6.88 6.84 6.88 6.91 6.97 7.12 7.38 7.59 7.81 7.94 8.09 8.25 8.38 8.56 8.88 9.12 9.44 9.81 10.00 10.09 10.25 10.34 10.34 10.34 10.38 10.41
16.75 15.25 13.28 12.03 11.28 10.84 10.31 9.12 8.19 7.97 8.56 9.16 9.44 9.44 9.44 9.44 9.44 9.44 9.44 9.44 9.41 9.41 9.41 9.41 9.41 9.41 9.38 9.38 9.34 9.34 9.38 9.38 9.41 9.41 9.31 9.28 9.19 9.06 8.97 8.78 8.72 8.66 8.50 8.22 8.06 7.88 7.62 7.47 7.44 7.38 7.34 7.41 7.41 7.38 7.38 7.38 7.50 7.72 7.94 8.22 8.38 8.56 8.72 8.81 9.00 9.38 9.59 9.91 10.25 10.50 10.53 10.66 10.69 10.72 10.62 10.62 10.56
16.94 15.81 14.28 12.72 11.91 11.16 10.22 9.28 8.78 8.94 9.62 10.00 9.44 9.44 9.44 9.44 9.44 9.44 9.44 9.44 9.44 9.41 9.41 9.41 9.38 9.38 9.38 9.34 9.31 9.28 9.25 9.22 9.22 9.34 9.38 9.34 9.41 9.25 9.16 9.06 9.09 9.00 8.81 8.47 8.25 8.03 7.81 7.78 7.81 7.78 7.78 7.88 7.88 7.88 7.91 7.94 8.03 8.22 8.44 8.66 8.84 9.00 9.16 9.25 9.44 9.75 10.00 10.31 10.62 10.88 10.88 10.94 10.91 10.88 10.75 10.69 10.56
17.28 16.38 15.03 13.19 12.03 10.78 10.09 9.84 9.66 10.09 10.88 11.22 10.03 9.44 9.44 9.44 9.44 9.44 9.44 9.44 9.44 9.41 9.41 9.41 9.38 9.38 9.34 9.31 9.25 9.22 9.16 9.06 8.97 8.94 9.06 9.16 9.34 9.44 9.22 9.22 9.53 9.47 9.09 8.75 8.34 8.28 8.16 8.06 8.16 8.06 8.12 8.28 8.34 8.38 8.44 8.50 8.56 8.72 8.94 9.09 9.22 9.38 9.53 9.62 9.78 10.09 10.34 10.59 10.84 11.06 11.09 11.06 10.88 10.69 10.53 10.62 10.56
18.06 16.91 15.16 13.25 11.69 10.91 10.59 10.31 10.72 11.31 11.78 12.28 12.41 11.41 9.47 9.44 9.44 9.44 9.44 9.44 9.44 9.44 9.41 9.41 9.38 9.34 9.31 9.28 9.22 9.12 9.03 8.94 8.81 8.66 8.81 9.03 9.06 9.47 9.66 9.81 9.94 9.66 9.41 9.09 9.00 8.97 8.91 8.97 8.81 8.56 8.50 8.66 8.72 8.81 8.91 9.00 9.03 9.12 9.31 9.44 9.50 9.66 9.81 9.94 10.06 10.31 10.59 10.84 11.06 11.19 11.31 11.16 10.78 10.50 10.69 10.78 10.75
18.09 16.84 15.09 13.28 11.72 11.31 11.22 11.25 11.84 12.34 12.66 12.84 13.31 13.31 11.62 9.53 9.44 9.44 9.44 9.44 9.44 9.44 9.44 9.41 9.38 9.34 9.31 9.22 9.16 9.06 8.94 8.84 8.75 8.75 8.91 9.19 9.31 9.31 9.81 10.03 10.12 9.91 9.84 9.78 9.62 9.41 9.62 9.69 9.16 8.75 9.06 9.09 9.16 9.22 9.25 9.34 9.38 9.41 9.53 9.62 9.66 9.78 9.94 10.03 10.22 10.50 10.78 11.00 11.19 11.31 11.47 11.28 10.72 10.62 10.44 10.62 10.69
17.94 16.84 15.09 13.25 12.34 12.00 12.09 12.53 12.94 13.22 13.53 13.72 13.66 13.28 12.59 11.97 10.75 9.56 9.44 9.44 9.44 9.44 9.44 9.44 9.44 9.38 9.22 9.12 9.16 9.00 8.91 8.81 8.78 8.88 9.00 9.31 9.56 9.84 9.94 10.19 10.22 10.12 10.09 10.19 9.97 9.91 9.84 9.94 9.62 9.31 9.28 9.16 9.19 9.38 9.47 9.50 9.50 9.56 9.62 9.62 9.62 9.72 9.88 9.91 10.31 10.69 10.94 11.09 11.25 11.47 11.44 11.09 10.66 10.44 10.22 10.31 10.53
18.09 16.91 15.25 13.69 13.12 12.97 13.38 13.78 14.09 14.16 14.44 14.44 14.25 13.94 13.44 12.88 12.25 11.19 9.66 9.44 9.44 9.44 9.38 9.34 9.28 9.22 9.09 9.06 9.12 9.19 8.97 8.78 8.88 9.09 9.19 9.62 9.78 10.25 10.22 10.44 10.31 10.53 10.50 10.31 10.28 10.22 10.19 10.06 9.72 9.34 9.25 9.50 9.56 9.59 9.50 9.47 9.53 9.47 9.47 9.44 9.47 9.50 9.62 10.03 10.19 10.88 10.94 11.22 11.09 11.12 11.28 10.97 10.56 10.25 9.94 9.88 10.28
18.00 17.00 15.47 14.41 13.69 14.03 14.44 14.94 14.97 15.31 15.38 15.28 15.06 14.72 14.28 13.84 13.28 12.38 11.31 9.75 9.97 9.97 9.72 9.50 9.31 9.28 9.31 9.16 9.09 9.09 9.19 9.19 9.31 9.53 9.69 10.09 10.66 10.88 10.91 10.84 10.94 10.94 10.84 10.56 10.56 10.47 10.12 9.91 9.34 9.31 9.50 9.59 9.69 9.38 9.38 9.38 9.50 9.47 9.44 9.34 9.34 9.34 9.53 9.81 10.22 10.78 11.19 11.19 11.16 11.12 11.09 10.84 10.53 10.09 10.22 10.06 9.94
18.19 16.81 15.72 14.88 14.81 15.03 15.62 15.91 16.12 16.50 16.41 16.22 15.94 15.56 15.19 14.75 14.19 13.50 12.94 12.41 11.50 10.91 10.25 9.81 9.53 9.41 9.44 9.38 9.31 9.16 9.66 9.97 10.25 10.50 10.69 10.94 11.34 11.47 11.53 11.56 11.44 11.31 11.12 10.75 10.81 10.62 10.31 9.84 9.56 9.56 9.62 9.72 9.56 9.53 9.38 9.44 9.47 9.50 9.47 9.31 9.25 9.22 9.31 9.66 9.97 10.50 10.94 11.06 11.03 11.03 10.94 10.72 10.56 10.66 10.53 10.22 10.16
17.97 17.00 16.06 15.62 15.72 16.22 16.62 17.09 17.31 17.50 17.53 17.19 16.84 16.44 16.03 15.62 15.06 14.47 14.19 13.97 12.94 12.03 11.09 10.38 10.06 9.84 9.84 9.84 9.94 10.25 10.84 11.31 11.66 11.62 11.81 11.81 11.72 11.88 12.06 12.16 12.09 11.84 11.75 11.50 11.03 10.84 10.34 10.16 10.28 10.09 9.78 9.84 9.62 9.41 9.47 9.56 9.59 9.66 9.47 9.31 9.22 9.22 9.31 9.41 9.69 10.12 10.75 10.91 10.91 10.84 10.81 10.66 10.78 10.84 10.75 10.38 10.41
18.25 17.34 16.78 16.66 17.09 17.56 17.84 18.03 18.03 18.41 18.62 18.31 17.91 17.47 16.97 16.47 15.84 15.25 15.09 14.84 14.06 13.31 12.31 11.41 11.00 10.81 10.75 10.84 11.22 11.62 12.00 12.44 12.69 12.84 12.91 12.62 12.38 12.22 12.69 12.72 12.56 12.25 12.16 11.78 11.50 11.25 10.91 11.03 11.03 10.75 10.47 10.25 9.81 9.81 9.84 9.88 9.94 9.84 9.69 9.47 9.44 9.41 9.59 9.72 10.03 10.44 10.91 11.03 10.94 11.06 11.03 10.91 10.97 11.06 11.09 10.97 10.88
18.44 17.81 17.62 17.94 18.47 18.69 18.97 19.22 19.31 19.31 19.38 19.34 19.00 18.53 17.88 17.19 16.47 15.81 15.41 15.25 15.00 14.34 13.53 12.75 12.31 12.00 11.88 11.97 12.34 12.50 12.78 13.06 13.34 13.50 13.47 13.16 13.03 13.25 13.19 13.22 12.97 12.78 12.50 12.09 11.62 11.53 11.56 11.47 11.59 11.31 10.78 10.59 10.19 10.31 10.38 10.44 10.38 10.31 10.12 9.91 9.81 9.78 9.78 10.00 10.28 10.31 11.06 11.25 11.25 11.41 11.41 11.34 11.31 11.44 11.53 11.53 11.50
19.00 18.59 18.78 19.19 19.66 19.97 19.94 20.16 20.28 20.22 20.16 20.09 19.59 19.25 18.59 17.81 16.91 16.31 15.66 15.59 15.34 14.91 14.41 13.75 13.38 13.16 13.03 13.06 13.16 13.22 13.34 13.56 13.75 13.84 13.84 13.72 13.81 13.84 13.84 13.78 13.59 13.28 12.81 12.47 12.22 11.91 12.03 11.81 11.78 11.34 11.03 10.88 10.75 10.69 10.88 10.88 10.94 10.84 10.62 10.50 10.41 10.31 10.28 10.19 10.53 10.94 11.34 11.44 11.62 11.72 11.78 11.84 11.97 12.00 12.09 12.22 12.31
19.59 19.62 20.00 20.69 21.00 21.12 21.12 21.06 21.03 21.12 20.97 20.62 20.28 19.50 18.88 18.09 17.31 16.62 16.19 15.72 15.56 15.19 14.75 14.41 14.12 13.94 13.81 13.75 13.75 13.78 13.88 13.97 14.09 14.19 14.25 14.28 14.44 14.38 14.19 14.25 14.00 13.62 13.19 12.88 12.69 12.50 12.53 12.28 11.94 11.59 11.03 10.97 11.03 11.06 11.06 11.31 11.28 11.25 11.06 11.00 10.94 10.88 10.84 10.75 10.81 11.31 11.66 11.75 11.84 11.91 12.25 12.31 12.62 12.62 12.78 12.88 13.06
20.41 20.56 21.28 21.81 21.94 22.00 22.00 22.00 21.94 21.88 21.66 21.25 20.69 19.81 19.06 18.16 17.88 17.06 16.50 16.09 15.88 15.62 15.28 15.03 14.84 14.66 14.53 14.41 14.31 14.31 14.34 14.44 14.56 14.66 14.75 14.84 14.91 15.03 14.78 14.69 14.50 14.00 13.41 13.38 13.09 12.94 12.72 12.44 12.06 11.62 11.28 11.19 11.25 11.34 11.41 11.38 11.53 11.53 11.41 11.38 11.38 11.34 11.34 11.34 11.47 11.62 11.94 12.50 12.62 12.62 13.00 13.25 13.31 13.50 13.66 13.75 13.81
21.25 21.56 22.28 22.62 22.53 22.59 22.88 22.88 22.56 22.44 22.22 21.75 21.19 20.44 19.56 19.09 18.41 17.72 16.94 16.62 16.31 15.97 15.75 15.62 15.50 15.38 15.22 15.06 14.88 14.78 14.81 14.88 15.03 15.22 15.41 15.47 15.50 15.53 15.22 15.12 15.00 14.53 14.09 13.91 13.56 13.00 12.78 12.41 12.03 11.91 11.59 11.59 11.66 11.66 11.59 11.62 11.75 11.81 11.78 11.72 11.75 11.78 11.81 11.91 11.94 12.09 12.66 13.09 13.28 13.62 13.69 14.09 14.19 14.25 14.59 14.62 14.78
21.97 22.38 23.06 23.22 23.34 23.28 23.62 23.56 23.47 23.19 22.72 22.22 21.72 21.00 20.38 19.59 18.94 18.25 17.66 17.28 16.91 16.53 16.22 16.19 16.12 16.06 15.94 15.75 15.47 15.38 15.34 15.38 15.38 15.88 16.12 16.19 16.19 15.94 15.88 15.44 15.34 15.03 14.62 14.34 13.84 13.44 13.06 12.66 12.44 12.16 12.00 11.97 12.06 12.00 12.00 12.03 12.03 12.09 12.06 12.12 12.25 12.34 12.44 12.59 12.75 12.91 13.09 13.66 14.16 14.50 14.72 14.97 15.09 15.22 15.34 15.47 15.66
22.56 22.94 23.78 24.09 24.00 24.22 24.19 24.25 24.06 23.53 23.06 22.66 22.19 21.66 21.00 20.16 19.38 18.62 18.22 17.84 17.31 17.06 16.84 16.88 16.94 16.94 16.88 16.62 16.31 16.09 16.03 16.03 15.94 16.44 16.69 16.72 16.78 16.62 16.41 16.09 15.72 15.47 15.16 14.59 14.25 13.84 13.47 13.09 12.81 12.62 12.62 12.59 12.53 12.44 12.34 12.47 12.50 12.50 12.53 12.62 12.75 12.84 13.06 13.22 13.50 13.81 14.06 14.22 14.88 15.28 15.41 15.75 16.06 16.03 16.12 16.38 16.53
23.25 23.69 24.41 24.78 24.88 24.91 24.91 24.69 24.53 24.06 23.69 22.91 22.75 22.25 21.50 20.50 19.62 19.28 18.81 18.31 18.06 17.84 17.59 17.59 17.75 17.84 17.72 17.41 17.06 16.88 16.75 16.56 16.75 17.03 17.25 17.28 17.22 16.94 16.88 16.62 16.41 15.94 15.78 15.28 14.78 14.47 13.84 13.66 13.41 13.34 13.41 13.31 13.31 13.16 13.03 13.06 12.97 13.00 13.00 13.09 13.25 13.50 13.75 14.03 14.25 14.41 14.88 15.19 15.91 16.00 16.66 16.78 16.78 16.84 16.94 17.12 17.38
23.91 24.19 25.06 25.41 25.56 25.47 25.41 25.28 25.03 24.66 24.22 23.78 23.31 22.62 21.88 20.97 20.34 19.91 19.34 19.06 18.75 18.50 18.44 18.50 18.69 18.75 18.50 18.09 17.62 17.47 17.38 17.38 17.41 17.59 17.78 17.75 17.62 17.69 17.53 17.34 17.16 16.81 16.47 15.88 15.41 15.00 14.44 14.19 14.09 14.12 14.03 14.19 14.09 13.91 13.81 13.88 13.88 13.84 13.91 14.00 14.12 14.31 14.47 14.84 15.12 15.38 15.62 15.88 16.72 17.31 17.56 17.66 17.44 17.53 17.59 17.75 18.16
24.69 25.16 25.72 26.00 26.12 26.03 25.84 25.66 25.44 25.00 24.81 24.41 23.75 22.97 22.09 21.44 20.97 20.47 20.00 19.69 19.38 19.22 19.31 19.44 19.56 19.50 19.09 18.47 18.38 18.12 18.22 18.12 17.91 18.12 18.16 18.34 18.44 18.22 18.22 17.91 17.75 17.44 17.00 16.47 16.00 15.59 15.16 14.91 14.84 14.84 14.81 14.91 14.84 14.78 14.59 14.69 14.69 14.72 14.78 14.84 14.94 15.03 15.44 15.81 15.91 16.22 16.56 16.84 17.34 17.94 18.47 18.47 18.41 18.44 18.53 18.66 19.06
25.50 26.03 26.34 26.56 26.62 26.47 26.09 26.00 25.81 25.56 25.19 24.72 23.97 23.09 22.44 21.97 21.44 21.09 20.56 20.38 19.97 19.81 19.94 20.19 20.31 19.97 19.59 19.38 19.06 18.94 18.91 18.78 18.81 18.53 18.97 19.09 19.12 18.97 18.91 18.53 18.38 18.00 17.34 16.91 16.47 16.19 15.78 15.56 15.56 15.62 15.59 15.62 15.72 15.47 15.44 15.50 15.47 15.53 15.66 15.69 15.84 15.97 16.16 16.94 17.41 17.50 17.47 17.72 17.88 18.28 19.16 19.62 19.72 19.94 19.66 19.62 20.56
26.44 26.72 26.94 27.06 27.12 26.84 26.66 26.50 26.22 26.00 25.28 24.75 23.94 23.41 22.97 22.34 22.16 21.66 21.41 21.19 20.78 20.66 20.53 20.84 20.88 20.69 20.12 20.12 19.72 19.78 19.75 19.75 19.41 19.34 19.47 19.81 19.81 19.81 19.59 19.34 18.97 18.53 18.03 17.31 17.12 16.72 16.31 16.25 16.31 16.41 16.38 16.34 16.38 16.34 16.28 16.34 16.31 16.41 16.53 16.59 16.78 16.81 17.16 17.81 18.84 18.75 18.91 18.94 18.88 19.00 19.53 20.34 20.88 21.22 21.16 21.62 22.44
27.19 27.38 27.47 27.50 27.62 27.47 27.28 27.00 26.75 26.25 25.38 24.78 24.22 23.84 23.41 23.12 22.81 22.53 22.38 22.12 21.66 21.62 21.56 21.56 21.19 21.06 21.06 20.84 20.59 20.44 20.50 20.25 20.31 20.22 20.41 20.31 20.41 20.38 20.16 19.88 19.28 19.09 18.59 18.16 17.66 17.19 16.97 17.00 17.12 17.16 17.06 17.12 17.12 17.09 17.06 17.06 17.25 17.38 17.44 17.56 17.75 17.75 18.28 18.50 20.03 20.31 20.28 20.19 20.12 20.12 20.16 20.53 21.53 22.25 22.84 23.38 23.78
27.97 27.94 27.97 28.06 28.06 27.91 27.75 27.50 27.12 26.59 25.59 25.00 24.75 24.19 24.00 23.72 23.47 23.38 23.25 23.03 22.69 22.56 22.50 22.28 21.75 21.78 21.75 21.44 21.34 21.22 21.12 21.00 21.00 21.19 21.28 21.31 21.06 20.97 20.72 20.41 20.00 19.66 19.19 18.78 18.25 18.00 17.75 17.66 17.94 18.03 17.94 17.81 17.81 17.84 17.81 17.88 18.38 18.28 18.31 18.56 18.56 19.00 19.09 20.16 21.06 21.56 21.59 21.41 21.16 21.00 21.03 21.28 22.31 22.88 24.00 24.72 25.22
28.56 28.50 28.53 28.44 28.50 28.34 28.19 27.84 27.50 27.00 26.41 25.75 25.16 24.81 24.59 24.38 24.22 24.12 24.03 23.88 23.62 23.38 23.31 23.12 22.59 22.28 22.34 22.09 21.81 21.81 21.69 21.75 21.81 22.03 22.12 22.12 22.03 21.62 21.09 20.78 20.47 20.06 19.81 19.47 19.09 18.69 18.56 18.50 18.66 18.72 18.62 18.69 18.53 18.56 18.69 18.97 19.38 19.34 19.41 19.56 19.72 19.91 20.31 20.84 21.62 22.53 22.53 22.38 21.69 21.69 22.12 22.47 23.25 24.09 24.56 25.44 26.12
29.03 29.03 29.00 29.06 28.91 28.84 28.62 28.22 27.88 27.31 26.78 26.25 25.72 25.34 25.16 24.91 24.88 24.72 24.72 24.62 24.47 24.28 24.12 23.78 23.31 23.03 22.88 22.53 22.34 22.25 22.41 22.25 22.41 22.75 22.84 22.84 22.69 22.31 21.94 21.47 20.75 20.38 20.34 19.91 19.66 19.53 19.41 19.31 19.41 19.38 19.56 19.44 19.44 19.41 19.53 19.84 20.47 20.66 20.75 20.75 21.06 21.28 21.31 21.78 22.31 23.19 23.72 23.22 22.81 22.78 23.19 23.44 23.94 24.59 25.34 26.06 26.53
29.44 29.41 29.50 29.66 29.56 29.31 29.09 28.66 28.16 27.56 27.09 26.72 26.12 25.88 25.59 25.47 25.41 25.47 25.44 25.34 25.19 25.03 24.97 24.69 24.16 23.72 23.53 23.25 23.03 23.00 23.06 23.09 23.19 23.41 23.47 23.41 23.22 22.91 22.56 22.09 21.25 21.12 20.75 20.56 20.41 20.25 20.19 20.12 20.25 20.25 20.28 20.31 20.25 20.31 20.50 20.47 21.41 22.19 22.41 22.50 22.59 22.69 22.84 23.31 23.34 23.59 24.47 24.53 24.31 24.19 24.28 24.28 24.41 24.94 25.72 26.38 26.91
30.16 30.19 30.31 30.16 30.12 29.91 29.50 28.97 28.31 27.88 27.59 27.12 26.84 26.50 26.16 26.12 26.00 26.06 26.03 26.03 25.97 25.88 25.72 25.41 24.69 24.34 24.12 23.84 23.50 23.47 23.53 23.69 23.88 24.03 24.03 23.88 23.66 23.34 23.00 22.53 22.03 21.72 21.50 21.19 21.09 21.00 20.94 20.91 20.97 20.97 21.00 21.03 21.19 21.38 21.44 21.91 22.47 23.28 23.41 23.84 24.19 24.28 24.34 24.97 24.94 24.75 25.19 25.38 25.38 25.34 25.38 25.28 25.25 25.28 25.94 26.50 26.94
