everonasctiles/Tile23,2.asc
ncols 128
nrows 128
xllcorner 0
yllcorner 0
cellsize 2.0
NODATA_value  -9999
[rows 30 to 59 of 128, columns 0 to 66 of 128]
-128.59 -128.47 -128.28 -128.09 -127.84 -127.56 -127.16 -126.69 -126.19 -125.69 -125.19 -124.72 -124.22 -123.72 -123.16 -122.53 -121.84 -121.16 -120.50 -119.84 -119.22 -118.59 -118.00 -117.41 -116.84 -116.31 -115.81 -115.31 -114.88 -114.50 -114.16 -113.91 -113.69 -113.47 -113.25 -113.06 -112.88 -112.72 -112.56 -112.38 -112.12 -111.81 -111.44 -111.03 -110.62 -110.25 -109.84 -109.44 -109.06 -108.72 -108.41 -108.22 -108.03 -107.91 -107.78 -107.59 -107.38 -107.12 -106.81 -106.50 -106.16 -105.78 -105.38 -104.97 -104.53 -104.12 -103.78
-129.12 -129.06 -128.91 -128.72 -128.47 -128.16 -127.72 -127.25 -126.75 -126.25 -125.75 -125.25 -124.72 -124.09 -123.41 -122.69 -121.91 -121.16 -120.47 -119.81 -119.22 -118.66 -118.09 -117.56 -117.03 -116.53 -116.06 -115.66 -115.31 -114.97 -114.69 -114.44 -114.22 -114.00 -113.81 -113.59 -113.41 -113.22 -113.03 -112.81 -112.50 -112.12 -111.72 -111.31 -110.88 -110.44 -110.03 -109.62 -109.25 -108.94 -108.69 -108.50 -108.34 -108.22 -108.09 -107.91 -107.69 -107.44 -107.12 -106.81 -106.47 -106.09 -105.69 -105.28 -104.88 -104.50 -104.16
-129.66 -129.62 -129.50 -129.31 -129.06 -128.72 -128.28 -127.81 -127.31 -126.81 -126.31 -125.75 -125.16 -124.44 -123.62 -122.75 -121.84 -121.09 -120.47 -119.91 -119.38 -118.81 -118.28 -117.75 -117.25 -116.78 -116.44 -116.16 -115.84 -115.53 -115.22 -115.00 -114.78 -114.56 -114.38 -114.16 -113.94 -113.72 -113.47 -113.19 -112.81 -112.44 -112.00 -111.53 -111.09 -110.62 -110.19 -109.81 -109.47 -109.19 -108.97 -108.81 -108.69 -108.56 -108.41 -108.22 -108.00 -107.72 -107.44 -107.09 -106.78 -106.41 -106.03 -105.66 -105.25 -104.88 -104.50
-130.19 -130.19 -130.09 -129.91 -129.62 -129.28 -128.84 -128.38 -127.88 -127.38 -126.84 -126.25 -125.56 -124.78 -123.88 -122.94 -122.16 -121.53 -120.94 -120.31 -119.72 -119.12 -118.50 -117.97 -117.56 -117.25 -116.97 -116.69 -116.38 -116.09 -115.78 -115.53 -115.34 -115.12 -114.91 -114.69 -114.44 -114.16 -113.88 -113.53 -113.12 -112.69 -112.22 -111.75 -111.25 -110.81 -110.38 -110.00 -109.69 -109.44 -109.25 -109.12 -109.00 -108.88 -108.75 -108.53 -108.31 -108.03 -107.75 -107.44 -107.09 -106.75 -106.38 -106.00 -105.62 -105.22 -104.75
-130.72 -130.72 -130.62 -130.44 -130.19 -129.81 -129.41 -128.94 -128.44 -127.94 -127.38 -126.75 -126.03 -125.22 -124.41 -123.62 -122.88 -122.12 -121.41 -120.72 -120.06 -119.38 -118.78 -118.38 -118.09 -117.81 -117.53 -117.25 -116.94 -116.62 -116.34 -116.09 -115.88 -115.66 -115.44 -115.16 -114.88 -114.56 -114.22 -113.81 -113.38 -112.91 -112.41 -111.91 -111.44 -111.00 -110.59 -110.25 -109.97 -109.75 -109.56 -109.44 -109.34 -109.25 -109.09 -108.88 -108.62 -108.34 -108.06 -107.78 -107.47 -107.12 -106.75 -106.34 -105.91 -105.44 -104.94
-131.25 -131.28 -131.19 -131.00 -130.72 -130.38 -129.94 -129.50 -129.00 -128.47 -127.91 -127.28 -126.59 -125.84 -125.03 -124.22 -123.38 -122.56 -121.78 -121.03 -120.28 -119.62 -119.25 -119.00 -118.72 -118.44 -118.12 -117.84 -117.50 -117.19 -116.91 -116.66 -116.41 -116.16 -115.91 -115.59 -115.25 -114.91 -114.50 -114.06 -113.56 -113.09 -112.59 -112.09 -111.62 -111.22 -110.84 -110.53 -110.28 -110.06 -109.91 -109.81 -109.72 -109.59 -109.44 -109.22 -108.97 -108.72 -108.44 -108.16 -107.81 -107.47 -107.03 -106.59 -106.09 -105.59 -105.09
-131.78 -131.78 -131.69 -131.50 -131.25 -130.88 -130.47 -130.03 -129.56 -129.03 -128.44 -127.78 -127.09 -126.31 -125.50 -124.66 -123.78 -122.91 -122.06 -121.19 -120.47 -120.16 -119.94 -119.66 -119.34 -119.03 -118.72 -118.41 -118.06 -117.72 -117.41 -117.16 -116.88 -116.62 -116.31 -115.97 -115.59 -115.19 -114.75 -114.25 -113.78 -113.25 -112.75 -112.28 -111.84 -111.44 -111.09 -110.84 -110.62 -110.44 -110.31 -110.22 -110.12 -110.00 -109.81 -109.59 -109.34 -109.09 -108.81 -108.53 -108.16 -107.75 -107.28 -106.78 -106.28 -105.75 -105.25
-132.28 -132.28 -132.19 -132.00 -131.75 -131.41 -131.00 -130.56 -130.06 -129.53 -128.94 -128.25 -127.53 -126.75 -125.91 -125.00 -124.06 -123.09 -122.06 -121.31 -121.03 -120.88 -120.59 -120.28 -119.97 -119.66 -119.31 -118.94 -118.56 -118.22 -117.91 -117.59 -117.31 -117.00 -116.66 -116.28 -115.84 -115.41 -114.94 -114.44 -113.94 -113.44 -112.94 -112.47 -112.06 -111.69 -111.41 -111.19 -111.00 -110.84 -110.75 -110.66 -110.56 -110.41 -110.22 -110.00 -109.75 -109.50 -109.22 -108.88 -108.44 -107.97 -107.47 -106.97 -106.44 -105.94 -105.50
-132.75 -132.75 -132.66 -132.50 -132.22 -131.88 -131.50 -131.06 -130.56 -130.00 -129.38 -128.69 -127.91 -127.09 -126.22 -125.28 -124.12 -123.00 -122.19 -121.84 -121.75 -121.53 -121.22 -120.91 -120.56 -120.22 -119.81 -119.41 -119.00 -118.66 -118.31 -118.03 -117.69 -117.34 -116.94 -116.53 -116.09 -115.62 -115.16 -114.66 -114.12 -113.66 -113.16 -112.69 -112.28 -112.00 -111.78 -111.59 -111.44 -111.31 -111.22 -111.12 -111.00 -110.84 -110.66 -110.41 -110.16 -109.88 -109.56 -109.12 -108.69 -108.19 -107.66 -107.16 -106.66 -106.22 -105.88
-133.22 -133.22 -133.12 -132.94 -132.69 -132.38 -132.00 -131.53 -131.03 -130.44 -129.78 -129.06 -128.28 -127.47 -126.53 -125.34 -124.12 -123.16 -122.66 -122.59 -122.44 -122.16 -121.84 -121.53 -121.12 -120.69 -120.25 -119.78 -119.41 -119.03 -118.72 -118.41 -118.03 -117.62 -117.19 -116.75 -116.31 -115.84 -115.38 -114.88 -114.38 -113.88 -113.41 -112.94 -112.59 -112.41 -112.22 -112.06 -111.94 -111.81 -111.72 -111.59 -111.47 -111.31 -111.09 -110.84 -110.56 -110.22 -109.81 -109.34 -108.84 -108.34 -107.84 -107.38 -106.97 -106.62 -106.31
-133.69 -133.69 -133.59 -133.41 -133.16 -132.84 -132.44 -131.97 -131.44 -130.81 -130.12 -129.38 -128.59 -127.75 -126.72 -125.44 -124.34 -123.59 -123.41 -123.31 -123.09 -122.81 -122.47 -122.06 -121.59 -121.06 -120.59 -120.12 -119.78 -119.44 -119.12 -118.75 -118.34 -117.91 -117.47 -117.03 -116.56 -116.09 -115.62 -115.12 -114.66 -114.16 -113.66 -113.25 -113.03 -112.88 -112.72 -112.56 -112.44 -112.34 -112.22 -112.09 -111.94 -111.75 -111.50 -111.22 -110.88 -110.47 -110.00 -109.50 -109.00 -108.50 -108.06 -107.69 -107.38 -107.06 -106.75
-134.16 -134.12 -134.03 -133.84 -133.59 -133.25 -132.84 -132.34 -131.75 -131.09 -130.38 -129.62 -128.88 -127.97 -126.81 -125.66 -124.72 -124.28 -124.19 -124.00 -123.75 -123.41 -123.00 -122.47 -121.94 -121.38 -120.91 -120.50 -120.19 -119.84 -119.50 -119.09 -118.66 -118.19 -117.75 -117.31 -116.84 -116.38 -115.88 -115.41 -114.97 -114.47 -114.06 -113.78 -113.56 -113.38 -113.22 -113.09 -112.97 -112.84 -112.72 -112.56 -112.38 -112.16 -111.88 -111.53 -111.09 -110.62 -110.16 -109.62 -109.12 -108.75 -108.44 -108.12 -107.81 -107.50 -107.16
-134.59 -134.56 -134.47 -134.28 -134.00 -133.62 -133.16 -132.62 -132.00 -131.31 -130.59 -129.84 -129.06 -128.06 -126.94 -125.94 -125.25 -125.06 -124.91 -124.66 -124.34 -123.94 -123.41 -122.84 -122.25 -121.69 -121.28 -120.97 -120.62 -120.28 -119.88 -119.44 -118.97 -118.50 -118.06 -117.59 -117.12 -116.66 -116.19 -115.75 -115.28 -114.91 -114.62 -114.38 -114.12 -113.94 -113.75 -113.62 -113.50 -113.34 -113.19 -113.00 -112.78 -112.50 -112.16 -111.72 -111.28 -110.75 -110.25 -109.78 -109.41 -109.12 -108.81 -108.50 -108.19 -107.84 -107.50
-135.06 -135.00 -134.88 -134.66 -134.34 -133.94 -133.41 -132.84 -132.19 -131.47 -130.75 -129.97 -129.12 -128.09 -127.12 -126.34 -126.00 -125.81 -125.59 -125.28 -124.88 -124.38 -123.78 -123.19 -122.59 -122.16 -121.78 -121.44 -121.06 -120.69 -120.25 -119.78 -119.31 -118.81 -118.34 -117.88 -117.41 -116.97 -116.53 -116.09 -115.75 -115.47 -115.22 -114.94 -114.69 -114.47 -114.31 -114.16 -114.00 -113.81 -113.62 -113.38 -113.09 -112.75 -112.34 -111.91 -111.38 -110.88 -110.41 -110.06 -109.78 -109.50 -109.19 -108.88 -108.53 -108.16 -107.75
-135.50 -135.41 -135.28 -135.00 -134.66 -134.19 -133.62 -133.00 -132.31 -131.56 -130.78 -129.97 -129.09 -128.22 -127.44 -126.94 -126.75 -126.53 -126.22 -125.84 -125.34 -124.78 -124.16 -123.56 -123.06 -122.66 -122.28 -121.91 -121.50 -121.09 -120.62 -120.12 -119.62 -119.12 -118.62 -118.16 -117.72 -117.34 -116.97 -116.62 -116.34 -116.06 -115.78 -115.50 -115.25 -115.03 -114.84 -114.66 -114.47 -114.25 -114.00 -113.72 -113.38 -113.00 -112.56 -112.06 -111.53 -111.06 -110.72 -110.47 -110.19 -109.88 -109.53 -109.19 -108.78 -108.41 -107.97
-135.91 -135.81 -135.62 -135.34 -134.91 -134.41 -133.81 -133.16 -132.44 -131.59 -130.75 -129.94 -129.19 -128.47 -127.94 -127.66 -127.44 -127.16 -126.78 -126.31 -125.72 -125.12 -124.53 -123.97 -123.53 -123.12 -122.72 -122.34 -121.91 -121.44 -120.97 -120.44 -119.94 -119.41 -118.91 -118.44 -118.12 -117.81 -117.53 -117.22 -116.97 -116.66 -116.38 -116.06 -115.81 -115.56 -115.34 -115.12 -114.91 -114.66 -114.34 -114.00 -113.66 -113.22 -112.78 -112.28 -111.81 -111.44 -111.16 -110.84 -110.53 -110.19 -109.81 -109.41 -109.00 -108.59 -108.16
-136.31 -136.19 -135.97 -135.62 -135.19 -134.62 -134.03 -133.31 -132.50 -131.62 -130.88 -130.22 -129.53 -128.97 -128.66 -128.41 -128.12 -127.75 -127.25 -126.69 -126.09 -125.47 -124.91 -124.41 -123.94 -123.56 -123.16 -122.72 -122.28 -121.78 -121.28 -120.75 -120.22 -119.66 -119.12 -118.84 -118.66 -118.41 -118.12 -117.84 -117.56 -117.25 -116.94 -116.62 -116.34 -116.09 -115.84 -115.59 -115.31 -115.00 -114.66 -114.31 -113.94 -113.50 -113.06 -112.59 -112.22 -111.88 -111.53 -111.19 -110.81 -110.41 -110.00 -109.59 -109.19 -108.75 -108.34
-136.69 -136.56 -136.31 -135.91 -135.44 -134.84 -134.16 -133.34 -132.59 -131.97 -131.41 -130.78 -130.16 -129.72 -129.41 -129.09 -128.72 -128.22 -127.62 -127.00 -126.41 -125.81 -125.25 -124.78 -124.34 -123.94 -123.53 -123.06 -122.59 -122.09 -121.59 -121.03 -120.47 -119.84 -119.53 -119.41 -119.25 -119.00 -118.75 -118.47 -118.16 -117.84 -117.50 -117.16 -116.84 -116.59 -116.28 -116.00 -115.66 -115.31 -114.97 -114.59 -114.22 -113.78 -113.38 -112.97 -112.59 -112.25 -111.88 -111.47 -111.06 -110.62 -110.19 -109.75 -109.31 -108.91 -108.50
-137.06 -136.91 -136.59 -136.19 -135.66 -135.00 -134.25 -133.59 -133.12 -132.75 -132.22 -131.53 -130.94 -130.53 -130.16 -129.72 -129.22 -128.59 -127.94 -127.31 -126.69 -126.09 -125.59 -125.16 -124.75 -124.31 -123.88 -123.41 -122.94 -122.44 -121.91 -121.34 -120.69 -120.25 -120.16 -120.06 -119.84 -119.62 -119.38 -119.09 -118.78 -118.41 -118.03 -117.69 -117.34 -117.03 -116.69 -116.34 -116.00 -115.66 -115.31 -114.94 -114.53 -114.12 -113.72 -113.34 -112.94 -112.56 -112.16 -111.72 -111.28 -110.81 -110.34 -109.91 -109.44 -109.03 -108.66
-137.41 -137.22 -136.91 -136.44 -135.88 -135.25 -134.72 -134.38 -134.00 -133.53 -132.91 -132.22 -131.69 -131.25 -130.78 -130.22 -129.56 -128.88 -128.19 -127.53 -126.94 -126.41 -125.94 -125.53 -125.09 -124.66 -124.22 -123.75 -123.28 -122.78 -122.25 -121.59 -121.09 -120.91 -120.81 -120.69 -120.50 -120.25 -120.00 -119.69 -119.34 -118.97 -118.56 -118.19 -117.81 -117.44 -117.06 -116.72 -116.38 -116.00 -115.66 -115.25 -114.88 -114.47 -114.06 -113.66 -113.25 -112.84 -112.41 -111.97 -111.50 -111.00 -110.53 -110.00 -109.53 -109.16 -108.88
-137.75 -137.53 -137.22 -136.75 -136.25 -135.84 -135.47 -135.09 -134.62 -134.09 -133.50 -132.91 -132.38 -131.84 -131.25 -130.56 -129.84 -129.09 -128.41 -127.75 -127.19 -126.72 -126.31 -125.88 -125.47 -125.03 -124.56 -124.12 -123.66 -123.12 -122.56 -122.00 -121.69 -121.59 -121.50 -121.31 -121.12 -120.91 -120.62 -120.28 -119.91 -119.50 -119.06 -118.66 -118.25 -117.84 -117.44 -117.09 -116.75 -116.38 -116.00 -115.62 -115.22 -114.81 -114.41 -113.97 -113.53 -113.09 -112.66 -112.19 -111.72 -111.19 -110.66 -110.09 -109.72 -109.50 -109.25
-138.09 -137.88 -137.56 -137.19 -136.78 -136.44 -136.06 -135.62 -135.12 -134.59 -134.06 -133.50 -132.91 -132.28 -131.56 -130.81 -130.03 -129.28 -128.56 -127.94 -127.47 -127.06 -126.69 -126.25 -125.84 -125.41 -124.97 -124.50 -124.03 -123.53 -122.97 -122.59 -122.41 -122.28 -122.12 -121.97 -121.75 -121.50 -121.22 -120.84 -120.44 -120.00 -119.53 -119.09 -118.66 -118.22 -117.84 -117.47 -117.12 -116.75 -116.38 -115.97 -115.53 -115.12 -114.69 -114.25 -113.81 -113.38 -112.91 -112.44 -111.91 -111.34 -110.78 -110.41 -110.19 -109.97 -109.69
-138.44 -138.22 -137.94 -137.62 -137.31 -136.94 -136.56 -136.09 -135.59 -135.06 -134.50 -133.91 -133.25 -132.53 -131.75 -130.97 -130.16 -129.38 -128.69 -128.22 -127.84 -127.47 -127.09 -126.69 -126.25 -125.81 -125.38 -124.91 -124.44 -123.94 -123.53 -123.28 -123.09 -122.94 -122.78 -122.59 -122.38 -122.09 -121.75 -121.34 -120.91 -120.44 -119.97 -119.50 -119.06 -118.62 -118.25 -117.91 -117.53 -117.12 -116.69 -116.28 -115.84 -115.38 -114.94 -114.50 -114.09 -113.62 -113.19 -112.69 -112.12 -111.56 -111.22 -111.00 -110.72 -110.44 -110.12
-138.78 -138.59 -138.34 -138.06 -137.75 -137.38 -136.97 -136.50 -135.97 -135.44 -134.81 -134.16 -133.44 -132.66 -131.81 -130.97 -130.16 -129.47 -128.97 -128.66 -128.31 -127.94 -127.53 -127.12 -126.69 -126.25 -125.78 -125.31 -124.88 -124.50 -124.22 -123.97 -123.75 -123.56 -123.38 -123.19 -122.94 -122.62 -122.25 -121.81 -121.34 -120.88 -120.38 -119.94 -119.50 -119.09 -118.69 -118.28 -117.88 -117.44 -117.00 -116.53 -116.09 -115.62 -115.19 -114.78 -114.34 -113.91 -113.44 -112.94 -112.44 -112.12 -111.88 -111.56 -111.22 -110.91 -110.56
-139.12 -138.94 -138.72 -138.44 -138.12 -137.75 -137.31 -136.81 -136.25 -135.66 -135.00 -134.28 -133.47 -132.56 -131.69 -130.88 -130.25 -129.81 -129.50 -129.19 -128.81 -128.44 -128.03 -127.59 -127.12 -126.66 -126.19 -125.75 -125.41 -125.12 -124.84 -124.56 -124.34 -124.16 -123.97 -123.72 -123.44 -123.06 -122.66 -122.22 -121.75 -121.31 -120.84 -120.38 -119.94 -119.50 -119.06 -118.62 -118.19 -117.72 -117.22 -116.75 -116.31 -115.84 -115.44 -115.03 -114.62 -114.22 -113.78 -113.34 -113.00 -112.72 -112.41 -112.06 -111.69 -111.34 -111.00
-139.47 -139.28 -139.06 -138.75 -138.41 -138.03 -137.56 -137.03 -136.47 -135.84 -135.09 -134.25 -133.31 -132.47 -131.78 -131.25 -130.81 -130.44 -130.09 -129.72 -129.34 -128.94 -128.50 -128.03 -127.53 -127.03 -126.59 -126.25 -125.97 -125.69 -125.41 -125.16 -124.91 -124.72 -124.50 -124.22 -123.88 -123.50 -123.06 -122.66 -122.22 -121.75 -121.31 -120.84 -120.34 -119.88 -119.38 -118.91 -118.41 -117.91 -117.44 -116.94 -116.47 -116.03 -115.62 -115.28 -114.97 -114.62 -114.22 -113.88 -113.59 -113.28 -112.94 -112.56 -112.16 -111.75 -111.41
-139.81 -139.59 -139.34 -139.03 -138.66 -138.25 -137.78 -137.25 -136.62 -135.94 -135.12 -134.25 -133.53 -132.94 -132.47 -132.00 -131.50 -131.06 -130.66 -130.25 -129.84 -129.44 -128.94 -128.44 -127.91 -127.41 -127.03 -126.75 -126.50 -126.22 -125.94 -125.69 -125.47 -125.25 -125.00 -124.69 -124.31 -123.91 -123.50 -123.09 -122.66 -122.19 -121.72 -121.19 -120.69 -120.16 -119.62 -119.09 -118.59 -118.06 -117.56 -117.06 -116.59 -116.19 -115.91 -115.66 -115.41 -115.09 -114.78 -114.44 -114.16 -113.81 -113.44 -113.00 -112.56 -112.19 -111.81
-140.09 -139.88 -139.59 -139.25 -138.91 -138.47 -138.00 -137.47 -136.81 -136.09 -135.34 -134.72 -134.25 -133.78 -133.22 -132.62 -132.06 -131.62 -131.19 -130.78 -130.34 -129.84 -129.31 -128.78 -128.25 -127.81 -127.50 -127.28 -127.03 -126.75 -126.47 -126.22 -126.00 -125.75 -125.47 -125.12 -124.72 -124.34 -123.94 -123.50 -123.03 -122.53 -122.00 -121.44 -120.91 -120.34 -119.81 -119.28 -118.72 -118.19 -117.59 -117.06 -116.66 -116.47 -116.34 -116.16 -115.91 -115.59 -115.28 -115.00 -114.69 -114.31 -113.88 -113.44 -113.00 -112.62 -112.25
-140.34 -140.12 -139.84 -139.50 -139.16 -138.75 -138.25 -137.72 -137.09 -136.50 -135.94 -135.44 -134.91 -134.31 -133.72 -133.12 -132.59 -132.12 -131.72 -131.25 -130.75 -130.19 -129.62 -129.06 -128.56 -128.22 -128.00 -127.78 -127.53 -127.25 -126.97 -126.75 -126.50 -126.25 -125.91 -125.53 -125.16 -124.72 -124.28 -123.81 -123.28 -122.75 -122.19 -121.62 -121.06 -120.53 -120.00 -119.44 -118.88 -118.22 -117.62 -117.25 -117.09 -117.03 -116.88 -116.66 -116.41 -116.12 -115.81 -115.50 -115.19 -114.78 -114.31 -113.88 -113.44 -113.06 -112.66
-140.59 -140.38 -140.09 -139.78 -139.44 -139.03 -138.56 -138.06 -137.50 -137.00 -136.47 -135.91 -135.34 -134.72 -134.12 -133.56 -133.06 -132.59 -132.12 -131.62 -131.06 -130.47 -129.88 -129.31 -128.91 -128.69 -128.50 -128.28 -128.03 -127.75 -127.50 -127.25 -127.00 -126.72 -126.34 -125.94 -125.50 -125.03 -124.56 -124.03 -123.50 -122.94 -122.38 -121.81 -121.28 -120.75 -120.22 -119.62 -118.97 -118.34 -117.97 -117.84 -117.78 -117.62 -117.44 -117.22 -116.94 -116.62 -116.34 -116.00 -115.62 -115.19 -114.72 -114.28 -113.88 -113.44 -113.03
