everonasctiles/Tile[22,26].asc
ncols 128
nrows 128
xllcorner 0
yllcorner 0
cellsize 2.0
NODATA_value  -9999
[rows 64 to 95 of 128, columns 0 to 70 of 128]
164.75 164.84 164.91 164.97 165.00 165.06 165.09 165.12 165.16 165.19 165.22 165.25 165.28 165.28 165.31 165.34 165.34 165.38 165.41 165.41 165.44 165.44 165.47 165.47 165.47 165.47 165.47 165.47 165.47 165.47 165.47 165.47 165.47 165.50 165.50 165.50 165.53 165.56 165.59 165.59 165.62 165.66 165.69 165.72 165.72 165.75 165.75 165.75 165.75 165.75 165.75 165.75 165.72 165.72 165.69 165.69 165.69 165.69 165.69 165.69 165.72 165.75 165.81 165.88 165.91 165.97 165.97 166.00 166.00 165.97 165.97
164.41 164.50 164.56 164.59 164.66 164.69 164.75 164.78 164.81 164.84 164.88 164.91 164.94 164.97 164.97 165.00 165.03 165.06 165.09 165.09 165.12 165.16 165.16 165.19 165.19 165.22 165.22 165.22 165.22 165.22 165.22 165.19 165.22 165.22 165.25 165.28 165.31 165.34 165.38 165.41 165.44 165.47 165.47 165.50 165.53 165.53 165.56 165.56 165.56 165.56 165.56 165.56 165.56 165.56 165.53 165.53 165.53 165.53 165.53 165.56 165.59 165.62 165.69 165.72 165.78 165.81 165.84 165.84 165.84 165.84 165.81
163.97 164.06 164.12 164.19 164.25 164.31 164.38 164.41 164.47 164.50 164.53 164.59 164.59 164.62 164.66 164.69 164.72 164.75 164.78 164.81 164.84 164.84 164.88 164.91 164.94 164.94 164.97 164.97 164.97 165.00 165.00 165.00 165.00 165.03 165.03 165.06 165.09 165.12 165.16 165.19 165.25 165.28 165.28 165.31 165.34 165.38 165.38 165.41 165.41 165.41 165.41 165.41 165.41 165.41 165.41 165.41 165.41 165.41 165.41 165.44 165.47 165.50 165.53 165.56 165.59 165.66 165.66 165.69 165.66 165.66 165.59
163.56 163.66 163.72 163.81 163.88 163.94 163.97 164.03 164.06 164.12 164.16 164.19 164.25 164.28 164.31 164.38 164.41 164.44 164.47 164.50 164.53 164.56 164.59 164.62 164.66 164.69 164.72 164.72 164.75 164.75 164.78 164.78 164.81 164.81 164.84 164.88 164.91 164.94 164.97 165.03 165.06 165.09 165.12 165.16 165.19 165.22 165.22 165.25 165.25 165.25 165.28 165.28 165.25 165.25 165.25 165.25 165.28 165.28 165.31 165.34 165.38 165.38 165.38 165.41 165.44 165.44 165.47 165.47 165.44 165.44 165.41
163.19 163.25 163.34 163.41 163.50 163.56 163.62 163.66 163.72 163.75 163.81 163.84 163.91 163.94 164.00 164.03 164.06 164.12 164.16 164.19 164.25 164.28 164.31 164.38 164.41 164.44 164.47 164.50 164.53 164.53 164.56 164.59 164.59 164.62 164.66 164.69 164.72 164.75 164.81 164.84 164.88 164.91 164.97 165.00 165.03 165.06 165.09 165.09 165.12 165.12 165.12 165.12 165.12 165.12 165.12 165.12 165.16 165.16 165.19 165.22 165.25 165.25 165.19 165.25 165.22 165.22 165.22 165.22 165.19 165.16 165.09
162.78 162.88 162.97 163.03 163.12 163.19 163.25 163.31 163.38 163.41 163.47 163.50 163.56 163.59 163.66 163.69 163.75 163.81 163.84 163.91 163.97 164.00 164.06 164.09 164.16 164.19 164.22 164.25 164.28 164.31 164.34 164.38 164.41 164.44 164.47 164.50 164.56 164.59 164.62 164.69 164.72 164.75 164.81 164.84 164.88 164.91 164.94 164.97 165.00 165.00 165.00 165.00 165.00 165.00 165.00 165.00 165.03 165.03 165.06 165.09 165.09 165.09 165.09 165.06 165.03 164.97 164.94 164.91 164.84 164.78 164.69
162.41 162.50 162.59 162.66 162.75 162.81 162.88 162.94 163.00 163.06 163.12 163.19 163.22 163.28 163.34 163.38 163.44 163.50 163.56 163.62 163.66 163.72 163.78 163.84 163.91 163.94 164.00 164.03 164.06 164.12 164.16 164.19 164.22 164.28 164.31 164.34 164.38 164.44 164.47 164.50 164.56 164.59 164.66 164.69 164.75 164.78 164.81 164.84 164.88 164.88 164.88 164.88 164.88 164.88 164.88 164.88 164.88 164.91 164.94 164.94 164.97 164.94 164.91 164.81 164.72 164.66 164.56 164.47 164.41 164.31 164.16
162.00 162.12 162.22 162.31 162.38 162.47 162.53 162.59 162.69 162.75 162.81 162.84 162.91 162.97 163.03 163.06 163.12 163.19 163.25 163.31 163.38 163.44 163.53 163.56 163.66 163.69 163.75 163.81 163.88 163.91 163.97 164.00 164.03 164.09 164.12 164.19 164.22 164.25 164.31 164.34 164.41 164.47 164.50 164.56 164.59 164.66 164.69 164.72 164.75 164.78 164.78 164.75 164.75 164.72 164.72 164.72 164.72 164.75 164.78 164.81 164.78 164.72 164.62 164.50 164.38 164.19 164.06 163.94 163.84 163.69 163.50
161.59 161.69 161.78 161.88 161.97 162.06 162.12 162.22 162.28 162.34 162.41 162.50 162.56 162.62 162.69 162.78 162.84 162.91 162.97 163.03 163.09 163.19 163.25 163.31 163.41 163.47 163.53 163.59 163.66 163.72 163.78 163.81 163.88 163.91 163.97 164.00 164.06 164.09 164.16 164.22 164.25 164.31 164.38 164.44 164.47 164.53 164.59 164.62 164.66 164.66 164.66 164.66 164.62 164.59 164.56 164.53 164.56 164.56 164.59 164.56 164.50 164.38 164.25 164.06 163.88 163.69 163.50 163.34 163.19 163.00 162.84
161.19 161.28 161.41 161.50 161.59 161.69 161.75 161.84 161.91 162.00 162.06 162.12 162.22 162.28 162.38 162.44 162.53 162.59 162.69 162.75 162.81 162.91 163.00 163.06 163.16 163.25 163.31 163.38 163.44 163.53 163.56 163.62 163.69 163.75 163.81 163.84 163.91 163.94 164.00 164.06 164.09 164.16 164.22 164.28 164.34 164.41 164.47 164.53 164.56 164.56 164.56 164.50 164.47 164.41 164.38 164.34 164.34 164.38 164.34 164.25 164.09 163.91 163.72 163.50 163.31 163.09 162.91 162.72 162.53 162.34 162.12
160.78 160.88 161.00 161.09 161.19 161.28 161.38 161.47 161.56 161.62 161.72 161.78 161.88 161.94 162.03 162.09 162.19 162.28 162.34 162.47 162.56 162.66 162.75 162.84 162.94 163.00 163.09 163.19 163.25 163.31 163.41 163.47 163.53 163.56 163.62 163.69 163.75 163.78 163.84 163.91 163.97 164.03 164.09 164.16 164.22 164.28 164.34 164.41 164.44 164.44 164.44 164.38 164.25 164.22 164.16 164.16 164.12 164.06 163.94 163.75 163.56 163.34 163.12 162.94 162.72 162.50 162.28 162.09 161.88 161.66 161.47
160.34 160.47 160.59 160.69 160.81 160.91 161.00 161.09 161.19 161.28 161.38 161.44 161.53 161.62 161.69 161.78 161.88 161.97 162.06 162.16 162.25 162.38 162.47 162.59 162.69 162.78 162.88 162.97 163.06 163.12 163.22 163.28 163.34 163.41 163.47 163.53 163.59 163.66 163.69 163.75 163.81 163.88 163.94 164.00 164.09 164.16 164.22 164.28 164.31 164.28 164.22 164.12 164.03 163.94 163.88 163.78 163.69 163.53 163.34 163.16 162.97 162.75 162.56 162.34 162.12 161.91 161.69 161.47 161.25 161.06 160.88
159.94 160.06 160.19 160.28 160.41 160.53 160.62 160.72 160.81 160.91 161.00 161.09 161.19 161.28 161.38 161.47 161.56 161.66 161.75 161.88 161.97 162.09 162.22 162.34 162.47 162.56 162.69 162.78 162.88 162.94 163.03 163.12 163.19 163.25 163.31 163.38 163.44 163.50 163.56 163.59 163.66 163.72 163.78 163.84 163.94 164.00 164.06 164.12 164.06 164.00 163.91 163.78 163.69 163.53 163.41 163.28 163.12 162.97 162.78 162.59 162.38 162.19 161.97 161.75 161.53 161.31 161.09 160.88 160.69 160.50 160.31
159.50 159.62 159.78 159.91 160.00 160.12 160.25 160.34 160.44 160.53 160.66 160.75 160.84 160.94 161.03 161.12 161.25 161.34 161.47 161.59 161.72 161.84 161.97 162.12 162.25 162.38 162.47 162.59 162.69 162.78 162.88 162.94 163.03 163.09 163.19 163.25 163.28 163.34 163.41 163.44 163.50 163.53 163.59 163.66 163.69 163.72 163.75 163.72 163.66 163.59 163.47 163.34 163.19 163.03 162.88 162.72 162.56 162.38 162.19 162.00 161.81 161.59 161.41 161.19 160.97 160.75 160.53 160.34 160.16 159.97 159.81
159.06 159.22 159.34 159.50 159.62 159.75 159.84 159.97 160.06 160.19 160.28 160.41 160.50 160.59 160.72 160.81 160.94 161.03 161.16 161.31 161.44 161.59 161.75 161.88 162.03 162.16 162.28 162.41 162.50 162.62 162.69 162.78 162.88 162.94 163.03 163.09 163.16 163.19 163.22 163.25 163.28 163.31 163.31 163.31 163.31 163.28 163.25 163.19 163.12 163.03 162.91 162.78 162.62 162.47 162.31 162.12 161.97 161.81 161.62 161.44 161.25 161.03 160.84 160.62 160.41 160.22 160.00 159.81 159.66 159.47 159.34
158.62 158.78 158.94 159.09 159.22 159.34 159.47 159.56 159.69 159.81 159.91 160.03 160.16 160.28 160.38 160.50 160.59 160.72 160.88 161.00 161.16 161.34 161.50 161.66 161.81 161.97 162.09 162.22 162.34 162.44 162.56 162.66 162.72 162.81 162.88 162.94 163.00 163.03 163.03 163.00 162.97 162.94 162.88 162.78 162.75 162.69 162.66 162.56 162.50 162.41 162.31 162.16 162.03 161.88 161.72 161.56 161.41 161.22 161.06 160.88 160.69 160.50 160.31 160.09 159.91 159.72 159.50 159.34 159.16 159.03 158.88
158.16 158.34 158.50 158.66 158.81 158.94 159.06 159.19 159.31 159.44 159.56 159.69 159.81 159.94 160.06 160.19 160.28 160.41 160.56 160.72 160.91 161.09 161.25 161.44 161.59 161.75 161.91 162.03 162.16 162.25 162.34 162.44 162.50 162.56 162.62 162.69 162.69 162.62 162.56 162.47 162.38 162.31 162.22 162.12 162.09 162.03 162.00 161.94 161.88 161.78 161.69 161.56 161.44 161.28 161.12 160.97 160.81 160.66 160.50 160.31 160.16 159.97 159.78 159.59 159.41 159.22 159.03 158.88 158.72 158.59 158.47
157.72 157.94 158.09 158.28 158.44 158.59 158.72 158.84 158.94 159.06 159.19 159.34 159.47 159.59 159.75 159.84 159.97 160.09 160.28 160.44 160.62 160.84 161.03 161.22 161.41 161.56 161.69 161.78 161.88 161.97 162.00 162.06 162.09 162.12 162.12 162.09 162.06 161.97 161.91 161.81 161.72 161.62 161.56 161.50 161.47 161.41 161.34 161.31 161.22 161.16 161.06 160.94 160.81 160.69 160.56 160.41 160.25 160.09 159.94 159.78 159.62 159.44 159.25 159.09 158.91 158.75 158.56 158.44 158.28 158.16 158.06
157.19 157.38 157.56 157.75 157.91 158.03 158.16 158.28 158.44 158.53 158.72 158.88 159.03 159.16 159.31 159.44 159.50 159.62 159.78 160.00 160.19 160.44 160.66 160.78 160.97 161.09 161.16 161.22 161.28 161.34 161.34 161.38 161.41 161.44 161.41 161.38 161.31 161.25 161.19 161.12 161.06 161.00 160.94 160.88 160.84 160.78 160.72 160.66 160.59 160.53 160.44 160.34 160.22 160.09 159.97 159.84 159.72 159.56 159.41 159.25 159.09 158.94 158.78 158.59 158.44 158.28 158.12 158.00 157.88 157.75 157.66
156.59 156.78 156.97 157.09 157.28 157.44 157.56 157.69 157.81 157.97 158.16 158.38 158.47 158.62 158.78 158.84 158.94 159.06 159.19 159.34 159.50 159.75 159.94 160.09 160.22 160.31 160.34 160.41 160.44 160.50 160.56 160.62 160.66 160.69 160.69 160.69 160.66 160.59 160.56 160.50 160.44 160.38 160.31 160.28 160.22 160.16 160.09 160.03 159.97 159.91 159.81 159.72 159.62 159.53 159.41 159.28 159.16 159.03 158.88 158.75 158.59 158.44 158.28 158.12 158.00 157.84 157.72 157.59 157.47 157.38 157.28
155.88 156.06 156.25 156.41 156.56 156.69 156.81 156.91 157.06 157.22 157.41 157.66 157.81 157.94 158.06 158.12 158.19 158.25 158.38 158.53 158.69 158.88 159.06 159.22 159.34 159.44 159.50 159.59 159.66 159.72 159.81 159.88 159.91 159.94 159.97 159.97 159.94 159.91 159.88 159.84 159.78 159.75 159.69 159.62 159.59 159.53 159.47 159.44 159.38 159.28 159.22 159.12 159.06 158.94 158.84 158.75 158.62 158.50 158.38 158.25 158.09 157.97 157.81 157.69 157.56 157.44 157.31 157.19 157.09 157.00 156.94
155.06 155.28 155.44 155.59 155.69 155.84 155.91 156.12 156.25 156.44 156.62 156.81 156.97 157.09 157.19 157.25 157.31 157.41 157.50 157.66 157.81 158.00 158.16 158.34 158.47 158.59 158.69 158.78 158.88 158.97 159.03 159.12 159.16 159.22 159.25 159.25 159.25 159.25 159.22 159.19 159.16 159.12 159.06 159.03 158.97 158.94 158.88 158.81 158.75 158.69 158.62 158.56 158.47 158.38 158.28 158.19 158.09 157.97 157.88 157.75 157.62 157.50 157.38 157.25 157.12 157.00 156.91 156.81 156.72 156.66 156.59
154.12 154.38 154.56 154.75 154.84 154.94 155.06 155.19 155.34 155.50 155.69 155.88 156.03 156.16 156.25 156.34 156.44 156.53 156.66 156.81 157.00 157.16 157.34 157.50 157.66 157.78 157.91 158.03 158.12 158.22 158.31 158.38 158.44 158.50 158.53 158.56 158.56 158.56 158.53 158.53 158.50 158.47 158.44 158.41 158.34 158.31 158.28 158.22 158.16 158.09 158.03 157.97 157.91 157.81 157.75 157.66 157.56 157.47 157.38 157.25 157.16 157.03 156.94 156.81 156.72 156.62 156.53 156.44 156.38 156.31 156.25
153.25 153.50 153.72 153.91 154.03 154.12 154.25 154.34 154.50 154.66 154.81 154.97 155.12 155.28 155.41 155.53 155.62 155.75 155.91 156.06 156.25 156.41 156.59 156.75 156.91 157.03 157.16 157.28 157.41 157.50 157.59 157.66 157.72 157.78 157.81 157.84 157.88 157.88 157.88 157.88 157.84 157.84 157.81 157.78 157.75 157.72 157.66 157.62 157.56 157.53 157.47 157.41 157.34 157.28 157.22 157.12 157.06 156.97 156.88 156.78 156.69 156.59 156.50 156.41 156.31 156.22 156.16 156.09 156.03 155.97 155.94
152.44 152.69 152.94 153.12 153.28 153.38 153.50 153.62 153.75 153.91 154.06 154.22 154.38 154.50 154.62 154.78 154.91 155.06 155.19 155.34 155.53 155.69 155.88 156.03 156.19 156.31 156.47 156.56 156.69 156.78 156.88 156.97 157.03 157.09 157.12 157.19 157.19 157.22 157.22 157.22 157.22 157.19 157.19 157.16 157.12 157.09 157.06 157.03 157.00 156.94 156.91 156.84 156.81 156.75 156.69 156.62 156.56 156.47 156.41 156.31 156.25 156.16 156.09 156.00 155.94 155.88 155.81 155.75 155.69 155.66 155.62
151.72 151.97 152.19 152.38 152.56 152.69 152.81 152.94 153.06 153.19 153.34 153.50 153.66 153.78 153.94 154.06 154.22 154.38 154.53 154.69 154.84 155.00 155.19 155.34 155.50 155.62 155.78 155.88 156.00 156.09 156.19 156.28 156.34 156.41 156.47 156.50 156.53 156.56 156.56 156.56 156.56 156.56 156.56 156.53 156.53 156.50 156.47 156.44 156.41 156.38 156.34 156.31 156.28 156.22 156.19 156.12 156.06 156.00 155.94 155.88 155.81 155.75 155.69 155.62 155.56 155.50 155.44 155.41 155.38 155.34 155.31
151.06 151.28 151.50 151.69 151.88 152.00 152.12 152.25 152.41 152.53 152.69 152.81 152.97 153.12 153.28 153.41 153.56 153.72 153.88 154.03 154.19 154.38 154.53 154.69 154.81 154.97 155.09 155.22 155.34 155.44 155.53 155.62 155.69 155.75 155.81 155.88 155.91 155.94 155.94 155.94 155.94 155.94 155.94 155.94 155.94 155.91 155.91 155.88 155.84 155.81 155.81 155.78 155.75 155.72 155.69 155.62 155.59 155.56 155.50 155.44 155.41 155.34 155.28 155.25 155.19 155.16 155.12 155.09 155.06 155.03 155.00
150.44 150.66 150.88 151.06 151.22 151.38 151.50 151.62 151.78 151.91 152.06 152.19 152.34 152.50 152.62 152.78 152.94 153.09 153.25 153.41 153.56 153.72 153.88 154.03 154.19 154.31 154.47 154.59 154.69 154.81 154.91 155.00 155.06 155.12 155.19 155.25 155.28 155.31 155.31 155.34 155.34 155.34 155.34 155.34 155.34 155.34 155.34 155.31 155.31 155.28 155.28 155.25 155.25 155.22 155.19 155.16 155.12 155.09 155.06 155.03 155.00 154.94 154.91 154.88 154.84 154.81 154.78 154.78 154.75 154.75 154.72
149.88 150.06 150.25 150.44 150.59 150.75 150.88 151.03 151.16 151.31 151.44 151.59 151.75 151.88 152.03 152.19 152.34 152.50 152.66 152.81 152.97 153.12 153.28 153.44 153.56 153.72 153.84 153.97 154.06 154.19 154.28 154.38 154.44 154.53 154.56 154.62 154.66 154.69 154.72 154.75 154.75 154.78 154.78 154.78 154.78 154.78 154.78 154.78 154.78 154.78 154.78 154.75 154.75 154.75 154.72 154.72 154.69 154.66 154.66 154.62 154.59 154.56 154.56 154.53 154.50 154.50 154.47 154.47 154.47 154.44 154.44
149.31 149.50 149.66 149.84 150.00 150.16 150.31 150.44 150.59 150.72 150.88 151.00 151.16 151.31 151.47 151.59 151.75 151.91 152.06 152.22 152.38 152.53 152.69 152.84 152.97 153.12 153.25 153.38 153.47 153.59 153.69 153.78 153.84 153.94 154.00 154.03 154.09 154.12 154.16 154.19 154.19 154.22 154.22 154.25 154.25 154.25 154.25 154.25 154.28 154.28 154.28 154.28 154.28 154.28 154.28 154.28 154.25 154.25 154.25 154.22 154.22 154.22 154.19 154.19 154.19 154.19 154.19 154.19 154.19 154.19 154.19
148.75 148.94 149.09 149.28 149.44 149.59 149.75 149.88 150.03 150.16 150.31 150.47 150.59 150.75 150.91 151.06 151.22 151.38 151.50 151.66 151.81 151.97 152.12 152.25 152.41 152.53 152.66 152.78 152.91 153.00 153.09 153.19 153.28 153.34 153.41 153.47 153.53 153.56 153.59 153.62 153.66 153.69 153.69 153.72 153.72 153.75 153.75 153.78 153.78 153.81 153.81 153.81 153.84 153.84 153.84 153.84 153.84 153.84 153.84 153.84 153.84 153.84 153.88 153.88 153.88 153.88 153.88 153.91 153.91 153.91 153.91
148.25 148.41 148.56 148.72 148.88 149.03 149.19 149.34 149.47 149.62 149.78 149.91 150.06 150.22 150.38 150.53 150.66 150.81 150.97 151.12 151.28 151.44 151.56 151.72 151.84 151.97 152.09 152.22 152.34 152.44 152.56 152.62 152.72 152.81 152.88 152.94 152.97 153.03 153.06 153.09 153.12 153.16 153.19 153.22 153.25 153.25 153.28 153.31 153.31 153.34 153.38 153.38 153.41 153.41 153.44 153.44 153.47 153.47 153.50 153.50 153.50 153.53 153.53 153.56 153.56 153.59 153.59 153.62 153.62 153.66 153.66
