everonasctiles/Tile[34,38].asc
ncols 128
nrows 128
xllcorner 0
yllcorner 0
cellsize 2.0
NODATA_value  -9999
[rows 64 to 95 of 128, columns 0 to 70 of 128]
-44.69 -44.75 -44.81 -44.88 -45.12 -45.53 -45.94 -46.34 -46.81 -47.31 -47.81 -48.28 -48.72 -49.16 -49.59 -49.97 -50.19 -50.28 -50.28 -50.41 -50.91 -51.50 -51.97 -52.34 -52.66 -52.94 -53.22 -53.50 -53.81 -54.16 -54.50 -54.81 -55.09 -55.34 -55.56 -55.81 -56.09 -56.38 -56.66 -56.94 -57.25 -57.62 -58.03 -58.44 -58.81 -59.12 -59.34 -59.53 -59.69 -59.88 -60.06 -60.25 -60.44 -60.66 -60.84 -61.03 -61.19 -61.28 -61.38 -61.47 -61.56 -61.69 -61.88 -62.03 -62.19 -62.28 -62.38 -62.47 -62.56 -62.66 -62.72
-44.41 -44.44 -44.50 -44.62 -44.94 -45.31 -45.72 -46.16 -46.59 -47.06 -47.50 -47.94 -48.34 -48.78 -49.22 -49.53 -49.66 -49.66 -49.62 -50.03 -50.69 -51.22 -51.66 -52.03 -52.34 -52.59 -52.84 -53.09 -53.41 -53.75 -54.06 -54.34 -54.59 -54.88 -55.12 -55.38 -55.69 -55.97 -56.28 -56.56 -56.91 -57.31 -57.72 -58.12 -58.47 -58.69 -58.88 -59.03 -59.19 -59.41 -59.62 -59.84 -60.06 -60.25 -60.44 -60.62 -60.75 -60.84 -60.94 -61.03 -61.12 -61.25 -61.44 -61.59 -61.75 -61.81 -61.91 -62.00 -62.09 -62.19 -62.22
-44.12 -44.16 -44.22 -44.41 -44.69 -45.06 -45.47 -45.91 -46.34 -46.78 -47.19 -47.59 -48.03 -48.44 -48.81 -49.03 -49.12 -49.09 -49.34 -49.94 -50.50 -50.97 -51.38 -51.72 -52.00 -52.22 -52.44 -52.69 -53.00 -53.31 -53.59 -53.84 -54.12 -54.41 -54.66 -54.97 -55.25 -55.56 -55.88 -56.19 -56.59 -57.00 -57.44 -57.78 -58.06 -58.25 -58.38 -58.47 -58.69 -58.94 -59.19 -59.41 -59.62 -59.81 -60.03 -60.19 -60.31 -60.38 -60.47 -60.56 -60.69 -60.81 -61.00 -61.16 -61.28 -61.34 -61.41 -61.50 -61.62 -61.69 -61.72
-43.81 -43.88 -43.97 -44.16 -44.44 -44.81 -45.22 -45.62 -46.03 -46.44 -46.84 -47.25 -47.69 -48.09 -48.38 -48.56 -48.66 -48.84 -49.31 -49.81 -50.28 -50.69 -51.06 -51.38 -51.59 -51.81 -52.03 -52.28 -52.56 -52.84 -53.09 -53.34 -53.66 -53.94 -54.22 -54.53 -54.84 -55.16 -55.50 -55.88 -56.28 -56.72 -57.09 -57.38 -57.59 -57.75 -57.84 -57.97 -58.22 -58.50 -58.75 -58.97 -59.19 -59.38 -59.56 -59.69 -59.81 -59.88 -59.97 -60.09 -60.22 -60.38 -60.56 -60.69 -60.78 -60.84 -60.91 -61.03 -61.09 -61.16 -61.19
-43.50 -43.56 -43.66 -43.84 -44.16 -44.53 -44.91 -45.31 -45.72 -46.12 -46.50 -46.94 -47.34 -47.69 -47.94 -48.16 -48.38 -48.72 -49.12 -49.56 -50.00 -50.38 -50.69 -50.97 -51.19 -51.38 -51.59 -51.84 -52.09 -52.34 -52.59 -52.88 -53.19 -53.50 -53.81 -54.12 -54.44 -54.78 -55.16 -55.56 -55.97 -56.38 -56.72 -56.94 -57.12 -57.25 -57.31 -57.50 -57.81 -58.06 -58.31 -58.50 -58.69 -58.88 -59.06 -59.19 -59.28 -59.38 -59.50 -59.62 -59.78 -59.94 -60.09 -60.22 -60.28 -60.34 -60.41 -60.50 -60.59 -60.62 -60.66
-43.19 -43.22 -43.31 -43.50 -43.84 -44.22 -44.62 -45.03 -45.41 -45.78 -46.16 -46.56 -46.94 -47.25 -47.53 -47.78 -48.09 -48.47 -48.88 -49.25 -49.66 -50.00 -50.28 -50.53 -50.75 -50.94 -51.16 -51.41 -51.62 -51.84 -52.09 -52.41 -52.72 -53.06 -53.41 -53.75 -54.06 -54.44 -54.81 -55.22 -55.62 -56.00 -56.28 -56.47 -56.62 -56.72 -56.84 -57.09 -57.41 -57.66 -57.84 -58.00 -58.19 -58.34 -58.53 -58.66 -58.75 -58.84 -58.97 -59.16 -59.31 -59.50 -59.66 -59.72 -59.78 -59.81 -59.88 -59.97 -60.03 -60.06 -60.09
-42.84 -42.88 -42.97 -43.19 -43.53 -43.94 -44.34 -44.72 -45.06 -45.44 -45.81 -46.19 -46.53 -46.81 -47.09 -47.41 -47.78 -48.16 -48.53 -48.91 -49.28 -49.56 -49.84 -50.06 -50.28 -50.50 -50.72 -50.94 -51.16 -51.34 -51.62 -51.97 -52.31 -52.66 -53.03 -53.38 -53.72 -54.06 -54.47 -54.88 -55.25 -55.59 -55.81 -56.00 -56.09 -56.22 -56.44 -56.72 -57.00 -57.19 -57.38 -57.50 -57.66 -57.81 -57.97 -58.12 -58.22 -58.31 -58.47 -58.69 -58.88 -59.06 -59.19 -59.22 -59.25 -59.28 -59.31 -59.41 -59.47 -59.53 -59.59
-42.50 -42.50 -42.59 -42.88 -43.25 -43.66 -44.03 -44.38 -44.72 -45.06 -45.44 -45.75 -46.06 -46.38 -46.69 -47.03 -47.41 -47.78 -48.16 -48.53 -48.88 -49.12 -49.38 -49.59 -49.84 -50.06 -50.28 -50.47 -50.69 -50.91 -51.19 -51.56 -51.94 -52.31 -52.66 -53.00 -53.34 -53.72 -54.12 -54.53 -54.88 -55.12 -55.34 -55.47 -55.59 -55.78 -56.03 -56.31 -56.56 -56.75 -56.84 -56.97 -57.09 -57.25 -57.41 -57.56 -57.69 -57.81 -58.00 -58.22 -58.44 -58.59 -58.69 -58.69 -58.72 -58.72 -58.75 -58.84 -58.91 -58.97 -59.09
-42.12 -42.12 -42.25 -42.56 -42.94 -43.34 -43.69 -44.03 -44.34 -44.66 -44.97 -45.28 -45.59 -45.91 -46.28 -46.66 -47.03 -47.44 -47.78 -48.16 -48.44 -48.69 -48.91 -49.16 -49.41 -49.62 -49.84 -50.03 -50.25 -50.50 -50.81 -51.19 -51.56 -51.94 -52.28 -52.62 -52.97 -53.38 -53.78 -54.16 -54.44 -54.66 -54.81 -54.94 -55.09 -55.34 -55.66 -55.94 -56.16 -56.28 -56.34 -56.38 -56.47 -56.66 -56.84 -57.00 -57.16 -57.31 -57.50 -57.75 -57.97 -58.09 -58.16 -58.16 -58.16 -58.16 -58.19 -58.25 -58.34 -58.44 -58.62
-41.72 -41.75 -41.91 -42.25 -42.59 -42.97 -43.28 -43.59 -43.91 -44.19 -44.50 -44.78 -45.09 -45.47 -45.88 -46.28 -46.69 -47.06 -47.41 -47.72 -48.00 -48.22 -48.47 -48.72 -48.97 -49.19 -49.41 -49.62 -49.84 -50.12 -50.44 -50.81 -51.19 -51.53 -51.88 -52.22 -52.59 -53.03 -53.41 -53.72 -53.94 -54.09 -54.22 -54.34 -54.62 -54.94 -55.25 -55.50 -55.69 -55.78 -55.81 -55.81 -55.88 -56.06 -56.28 -56.47 -56.62 -56.81 -57.03 -57.28 -57.47 -57.59 -57.62 -57.59 -57.59 -57.56 -57.56 -57.66 -57.78 -57.94 -58.12
-41.31 -41.34 -41.56 -41.88 -42.22 -42.56 -42.88 -43.16 -43.44 -43.72 -44.00 -44.31 -44.66 -45.09 -45.50 -45.91 -46.31 -46.66 -47.00 -47.28 -47.53 -47.78 -48.03 -48.28 -48.53 -48.75 -48.97 -49.22 -49.47 -49.75 -50.06 -50.41 -50.75 -51.09 -51.47 -51.84 -52.25 -52.66 -53.00 -53.22 -53.38 -53.44 -53.53 -53.81 -54.19 -54.50 -54.81 -55.03 -55.19 -55.25 -55.28 -55.25 -55.25 -55.47 -55.69 -55.91 -56.09 -56.28 -56.53 -56.78 -56.97 -57.06 -57.06 -57.03 -56.97 -56.94 -56.94 -57.06 -57.22 -57.41 -57.62
-40.88 -40.94 -41.16 -41.47 -41.81 -42.12 -42.44 -42.72 -42.97 -43.25 -43.53 -43.88 -44.31 -44.72 -45.16 -45.56 -45.94 -46.28 -46.59 -46.84 -47.09 -47.34 -47.62 -47.88 -48.09 -48.31 -48.56 -48.81 -49.06 -49.34 -49.66 -50.00 -50.31 -50.69 -51.03 -51.47 -51.88 -52.22 -52.47 -52.62 -52.66 -52.69 -52.91 -53.34 -53.75 -54.06 -54.34 -54.53 -54.69 -54.75 -54.75 -54.72 -54.72 -54.94 -55.16 -55.38 -55.56 -55.78 -56.00 -56.25 -56.41 -56.50 -56.47 -56.41 -56.34 -56.28 -56.31 -56.50 -56.69 -56.91 -57.09
-40.41 -40.50 -40.75 -41.03 -41.38 -41.69 -41.97 -42.25 -42.53 -42.81 -43.12 -43.53 -43.97 -44.38 -44.78 -45.19 -45.56 -45.88 -46.16 -46.44 -46.69 -46.94 -47.19 -47.41 -47.62 -47.88 -48.16 -48.41 -48.69 -48.94 -49.22 -49.53 -49.88 -50.22 -50.62 -51.03 -51.44 -51.69 -51.88 -51.94 -51.88 -51.94 -52.41 -52.91 -53.31 -53.62 -53.84 -54.00 -54.12 -54.19 -54.22 -54.19 -54.25 -54.44 -54.62 -54.84 -55.00 -55.22 -55.47 -55.69 -55.84 -55.91 -55.88 -55.75 -55.62 -55.62 -55.75 -55.97 -56.16 -56.38 -56.53
-39.94 -40.06 -40.31 -40.62 -40.91 -41.22 -41.53 -41.81 -42.09 -42.44 -42.81 -43.22 -43.62 -44.03 -44.44 -44.81 -45.16 -45.47 -45.75 -46.00 -46.25 -46.50 -46.72 -46.94 -47.19 -47.44 -47.72 -48.00 -48.25 -48.47 -48.75 -49.06 -49.41 -49.75 -50.16 -50.56 -50.91 -51.09 -51.19 -51.12 -51.03 -51.38 -52.00 -52.47 -52.81 -53.12 -53.31 -53.47 -53.56 -53.62 -53.69 -53.69 -53.78 -53.94 -54.12 -54.28 -54.44 -54.62 -54.91 -55.12 -55.28 -55.31 -55.25 -55.12 -54.94 -54.97 -55.22 -55.44 -55.66 -55.81 -55.97
-39.44 -39.59 -39.88 -40.22 -40.50 -40.81 -41.09 -41.41 -41.75 -42.12 -42.53 -42.91 -43.31 -43.69 -44.06 -44.41 -44.75 -45.03 -45.31 -45.56 -45.81 -46.06 -46.25 -46.47 -46.72 -47.00 -47.28 -47.53 -47.78 -48.00 -48.25 -48.56 -48.88 -49.25 -49.66 -50.03 -50.28 -50.44 -50.44 -50.28 -50.34 -50.94 -51.53 -51.97 -52.31 -52.56 -52.75 -52.88 -53.00 -53.06 -53.12 -53.19 -53.28 -53.44 -53.56 -53.69 -53.81 -54.00 -54.28 -54.53 -54.69 -54.72 -54.62 -54.44 -54.25 -54.44 -54.72 -54.94 -55.12 -55.25 -55.41
-38.88 -38.97 -39.28 -39.69 -40.03 -40.38 -40.69 -41.03 -41.44 -41.81 -42.22 -42.56 -42.94 -43.31 -43.66 -44.00 -44.31 -44.59 -44.88 -45.12 -45.38 -45.59 -45.78 -46.00 -46.25 -46.53 -46.81 -47.03 -47.25 -47.47 -47.69 -48.00 -48.31 -48.72 -49.09 -49.44 -49.66 -49.72 -49.62 -49.44 -49.78 -50.47 -51.00 -51.44 -51.78 -52.03 -52.19 -52.28 -52.38 -52.50 -52.59 -52.69 -52.78 -52.91 -53.00 -53.09 -53.16 -53.34 -53.66 -53.94 -54.09 -54.12 -54.03 -53.81 -53.72 -53.97 -54.22 -54.47 -54.59 -54.69 -54.84
-38.19 -38.28 -38.56 -39.00 -39.50 -39.91 -40.28 -40.72 -41.12 -41.50 -41.88 -42.19 -42.53 -42.88 -43.22 -43.56 -43.88 -44.19 -44.44 -44.69 -44.91 -45.12 -45.31 -45.53 -45.78 -46.03 -46.28 -46.47 -46.69 -46.88 -47.09 -47.38 -47.69 -48.09 -48.50 -48.78 -48.97 -48.97 -48.78 -48.75 -49.34 -49.97 -50.47 -50.88 -51.19 -51.41 -51.56 -51.66 -51.78 -51.91 -52.03 -52.16 -52.25 -52.34 -52.41 -52.44 -52.44 -52.69 -53.03 -53.31 -53.50 -53.50 -53.41 -53.28 -53.28 -53.53 -53.78 -53.97 -54.06 -54.16 -54.31
-37.44 -37.56 -37.88 -38.41 -39.03 -39.53 -39.97 -40.38 -40.81 -41.16 -41.47 -41.78 -42.09 -42.44 -42.78 -43.16 -43.47 -43.75 -44.00 -44.25 -44.44 -44.62 -44.81 -45.03 -45.25 -45.47 -45.69 -45.88 -46.06 -46.22 -46.44 -46.69 -47.03 -47.44 -47.84 -48.12 -48.25 -48.19 -47.97 -48.16 -48.84 -49.44 -49.88 -50.28 -50.56 -50.78 -50.91 -51.03 -51.16 -51.28 -51.44 -51.59 -51.69 -51.75 -51.78 -51.75 -51.78 -52.09 -52.44 -52.72 -52.88 -52.91 -52.84 -52.78 -52.91 -53.12 -53.31 -53.44 -53.53 -53.62 -53.81
-36.69 -36.88 -37.34 -38.03 -38.66 -39.19 -39.66 -40.06 -40.47 -40.78 -41.03 -41.31 -41.59 -41.94 -42.34 -42.72 -43.06 -43.31 -43.56 -43.78 -43.97 -44.16 -44.31 -44.50 -44.69 -44.88 -45.03 -45.19 -45.38 -45.53 -45.72 -45.94 -46.31 -46.78 -47.19 -47.47 -47.53 -47.41 -47.25 -47.69 -48.31 -48.84 -49.28 -49.62 -49.91 -50.12 -50.25 -50.38 -50.53 -50.69 -50.84 -51.00 -51.09 -51.16 -51.16 -51.12 -51.19 -51.50 -51.84 -52.09 -52.25 -52.31 -52.31 -52.34 -52.50 -52.69 -52.84 -52.94 -53.03 -53.16 -53.34
-36.00 -36.34 -37.03 -37.75 -38.34 -38.88 -39.34 -39.75 -40.09 -40.31 -40.53 -40.75 -41.03 -41.47 -41.91 -42.28 -42.62 -42.88 -43.09 -43.28 -43.47 -43.62 -43.78 -43.94 -44.06 -44.22 -44.34 -44.50 -44.66 -44.81 -44.97 -45.16 -45.59 -46.12 -46.53 -46.78 -46.78 -46.69 -46.66 -47.19 -47.75 -48.22 -48.59 -48.94 -49.22 -49.41 -49.56 -49.69 -49.84 -50.03 -50.22 -50.38 -50.50 -50.53 -50.53 -50.47 -50.59 -50.94 -51.25 -51.50 -51.66 -51.72 -51.81 -51.91 -52.06 -52.22 -52.34 -52.44 -52.53 -52.69 -52.88
-35.53 -36.12 -36.91 -37.53 -38.09 -38.59 -39.03 -39.38 -39.62 -39.81 -39.94 -40.12 -40.50 -41.00 -41.47 -41.84 -42.12 -42.38 -42.56 -42.75 -42.91 -43.09 -43.22 -43.31 -43.41 -43.50 -43.62 -43.78 -43.94 -44.06 -44.19 -44.44 -44.97 -45.50 -45.88 -46.06 -46.06 -45.97 -46.12 -46.66 -47.12 -47.53 -47.91 -48.22 -48.47 -48.66 -48.81 -48.94 -49.16 -49.38 -49.59 -49.75 -49.84 -49.91 -49.88 -49.84 -50.00 -50.34 -50.62 -50.88 -51.03 -51.19 -51.31 -51.44 -51.62 -51.75 -51.88 -51.97 -52.09 -52.28 -52.47
-35.34 -36.09 -36.75 -37.31 -37.84 -38.31 -38.69 -38.94 -39.09 -39.19 -39.28 -39.56 -40.06 -40.56 -41.00 -41.38 -41.62 -41.84 -42.00 -42.19 -42.34 -42.50 -42.59 -42.66 -42.69 -42.72 -42.84 -43.03 -43.19 -43.34 -43.47 -43.84 -44.38 -44.88 -45.22 -45.34 -45.38 -45.34 -45.56 -46.03 -46.44 -46.81 -47.16 -47.47 -47.72 -47.91 -48.03 -48.19 -48.44 -48.72 -48.94 -49.09 -49.19 -49.22 -49.22 -49.19 -49.34 -49.72 -50.03 -50.25 -50.47 -50.62 -50.81 -50.97 -51.12 -51.28 -51.38 -51.53 -51.69 -51.88 -52.03
-35.31 -35.94 -36.53 -37.06 -37.56 -37.94 -38.25 -38.41 -38.53 -38.56 -38.69 -39.09 -39.62 -40.09 -40.50 -40.84 -41.06 -41.25 -41.41 -41.56 -41.72 -41.88 -41.97 -41.97 -41.94 -41.88 -42.03 -42.28 -42.47 -42.62 -42.88 -43.34 -43.81 -44.25 -44.50 -44.62 -44.69 -44.72 -44.94 -45.34 -45.72 -46.06 -46.41 -46.69 -46.94 -47.09 -47.22 -47.38 -47.72 -48.03 -48.31 -48.47 -48.53 -48.53 -48.53 -48.53 -48.69 -49.09 -49.41 -49.66 -49.88 -50.09 -50.31 -50.50 -50.66 -50.78 -50.94 -51.09 -51.28 -51.47 -51.62
-35.12 -35.69 -36.22 -36.75 -37.16 -37.47 -37.72 -37.84 -37.91 -37.97 -38.19 -38.66 -39.12 -39.56 -39.97 -40.25 -40.44 -40.59 -40.72 -40.88 -41.06 -41.22 -41.28 -41.25 -41.19 -41.09 -41.25 -41.50 -41.75 -42.00 -42.38 -42.78 -43.22 -43.53 -43.78 -43.91 -44.00 -44.03 -44.19 -44.53 -44.94 -45.28 -45.62 -45.91 -46.09 -46.25 -46.38 -46.62 -47.03 -47.38 -47.66 -47.78 -47.84 -47.84 -47.84 -47.78 -48.00 -48.44 -48.81 -49.06 -49.34 -49.59 -49.84 -50.03 -50.19 -50.31 -50.47 -50.69 -50.91 -51.06 -51.16
-34.81 -35.34 -35.84 -36.31 -36.66 -36.94 -37.12 -37.25 -37.31 -37.41 -37.72 -38.16 -38.59 -39.00 -39.38 -39.59 -39.75 -39.84 -39.97 -40.19 -40.38 -40.53 -40.56 -40.53 -40.44 -40.34 -40.50 -40.81 -41.09 -41.44 -41.78 -42.19 -42.53 -42.81 -43.03 -43.22 -43.28 -43.31 -43.34 -43.66 -44.16 -44.50 -44.81 -45.06 -45.31 -45.47 -45.59 -45.94 -46.34 -46.69 -46.97 -47.12 -47.16 -47.16 -47.12 -47.06 -47.31 -47.78 -48.16 -48.47 -48.81 -49.09 -49.38 -49.56 -49.69 -49.84 -50.03 -50.28 -50.47 -50.62 -50.69
-34.41 -34.91 -35.38 -35.78 -36.09 -36.34 -36.53 -36.66 -36.72 -36.88 -37.19 -37.59 -38.00 -38.41 -38.69 -38.84 -38.94 -38.97 -39.16 -39.47 -39.69 -39.81 -39.84 -39.81 -39.72 -39.66 -39.84 -40.16 -40.50 -40.84 -41.16 -41.47 -41.78 -42.06 -42.31 -42.50 -42.59 -42.53 -42.41 -42.72 -43.34 -43.69 -44.00 -44.28 -44.50 -44.66 -44.88 -45.28 -45.69 -46.03 -46.31 -46.47 -46.50 -46.50 -46.44 -46.38 -46.66 -47.12 -47.56 -47.94 -48.31 -48.62 -48.88 -49.06 -49.19 -49.38 -49.59 -49.84 -50.03 -50.16 -50.22
-33.69 -34.28 -34.84 -35.22 -35.50 -35.75 -35.91 -36.03 -36.12 -36.28 -36.59 -36.97 -37.38 -37.72 -37.94 -38.06 -38.09 -38.09 -38.34 -38.75 -38.97 -39.09 -39.09 -39.06 -38.97 -38.97 -39.22 -39.56 -39.88 -40.19 -40.47 -40.75 -41.00 -41.28 -41.56 -41.78 -41.84 -41.75 -41.53 -41.88 -42.53 -42.94 -43.25 -43.47 -43.69 -43.91 -44.22 -44.62 -45.03 -45.38 -45.66 -45.78 -45.84 -45.81 -45.75 -45.72 -46.03 -46.50 -46.97 -47.44 -47.81 -48.16 -48.38 -48.53 -48.69 -48.91 -49.16 -49.38 -49.53 -49.62 -49.69
-33.12 -33.62 -34.09 -34.56 -34.88 -35.09 -35.25 -35.38 -35.50 -35.66 -35.97 -36.31 -36.66 -36.97 -37.16 -37.22 -37.16 -37.12 -37.56 -38.03 -38.28 -38.38 -38.34 -38.31 -38.25 -38.31 -38.62 -38.94 -39.22 -39.50 -39.72 -39.94 -40.19 -40.53 -40.84 -41.06 -41.06 -40.94 -40.72 -41.06 -41.72 -42.09 -42.25 -42.44 -42.75 -43.19 -43.59 -44.00 -44.38 -44.72 -44.97 -45.16 -45.19 -45.19 -45.09 -45.09 -45.44 -45.97 -46.44 -46.91 -47.31 -47.62 -47.81 -47.97 -48.19 -48.44 -48.69 -48.84 -49.00 -49.09 -49.12
-32.47 -32.94 -33.34 -33.78 -34.09 -34.38 -34.59 -34.69 -34.81 -35.00 -35.28 -35.59 -35.91 -36.16 -36.34 -36.38 -36.22 -36.25 -36.84 -37.31 -37.56 -37.62 -37.62 -37.56 -37.53 -37.66 -37.97 -38.28 -38.56 -38.75 -38.94 -39.12 -39.44 -39.81 -40.12 -40.31 -40.31 -40.19 -39.97 -40.25 -40.72 -40.94 -41.09 -41.44 -41.94 -42.50 -42.97 -43.38 -43.75 -44.06 -44.34 -44.50 -44.56 -44.56 -44.50 -44.53 -44.94 -45.44 -45.94 -46.41 -46.81 -47.09 -47.25 -47.44 -47.69 -47.94 -48.16 -48.28 -48.41 -48.47 -48.50
-31.62 -32.16 -32.47 -32.97 -33.28 -33.53 -33.69 -33.88 -33.94 -34.16 -34.47 -34.69 -35.00 -35.25 -35.47 -35.53 -35.34 -35.56 -36.19 -36.59 -36.84 -36.91 -36.88 -36.81 -36.75 -36.97 -37.31 -37.59 -37.84 -38.03 -38.16 -38.34 -38.72 -39.12 -39.41 -39.56 -39.53 -39.44 -39.25 -39.38 -39.62 -39.78 -40.06 -40.56 -41.28 -41.88 -42.34 -42.78 -43.12 -43.44 -43.69 -43.88 -43.94 -43.94 -43.91 -44.06 -44.44 -44.94 -45.41 -45.88 -46.25 -46.50 -46.69 -46.88 -47.12 -47.38 -47.53 -47.66 -47.75 -47.81 -47.84
-31.06 -31.53 -31.94 -32.22 -32.50 -32.69 -32.84 -32.88 -33.03 -33.41 -33.59 -33.91 -34.28 -34.53 -34.69 -34.69 -34.59 -35.03 -35.59 -35.94 -36.12 -36.19 -36.16 -36.06 -35.94 -36.16 -36.59 -36.91 -37.12 -37.31 -37.44 -37.62 -38.03 -38.41 -38.69 -38.81 -38.78 -38.69 -38.53 -38.47 -38.56 -38.78 -39.22 -39.94 -40.75 -41.31 -41.78 -42.16 -42.50 -42.81 -43.06 -43.28 -43.34 -43.34 -43.38 -43.56 -43.97 -44.41 -44.91 -45.34 -45.66 -45.88 -46.06 -46.28 -46.53 -46.72 -46.88 -46.94 -47.00 -47.09 -47.12
-30.84 -31.22 -31.47 -31.59 -31.91 -32.00 -31.88 -31.94 -32.19 -32.53 -32.78 -33.06 -33.47 -33.69 -33.78 -33.81 -33.88 -34.50 -35.03 -35.31 -35.44 -35.47 -35.44 -35.31 -35.09 -35.34 -35.84 -36.19 -36.44 -36.59 -36.72 -36.97 -37.34 -37.72 -37.97 -38.06 -38.03 -37.97 -37.78 -37.62 -37.69 -38.00 -38.69 -39.56 -40.25 -40.75 -41.19 -41.53 -41.88 -42.19 -42.47 -42.66 -42.72 -42.75 -42.84 -43.09 -43.44 -43.88 -44.34 -44.69 -44.97 -45.16 -45.38 -45.59 -45.84 -46.00 -46.09 -46.12 -46.16 -46.28 -46.34
