everonasctiles/Tile10,47.asc
ncols 128
nrows 128
xllcorner 0
yllcorner 0
cellsize 2.0
NODATA_value  -9999
[rows 0 to 31 of 128, columns 0 to 70 of 128]
-46.91 -46.88 -46.84 -46.84 -46.88 -46.94 -47.00 -47.06 -47.12 -47.19 -47.22 -47.25 -47.28 -47.31 -47.31 -47.31 -47.34 -47.34 -47.38 -47.44 -47.47 -47.53 -47.56 -47.59 -47.62 -47.62 -47.59 -47.56 -47.53 -47.47 -47.44 -47.41 -47.41 -47.41 -47.41 -47.44 -47.47 -47.53 -47.59 -47.69 -47.78 -47.88 -47.94 -47.97 -48.00 -48.00 -48.03 -48.03 -48.03 -48.06 -48.09 -48.12 -48.16 -48.22 -48.28 -48.34 -48.38 -48.41 -48.44 -48.44 -48.47 -48.47 -48.47 -48.47 -48.47 -48.44 -48.44 -48.44 -48.41 -48.41 -48.41
-46.94 -46.91 -46.88 -46.88 -46.91 -46.97 -47.03 -47.09 -47.16 -47.22 -47.25 -47.28 -47.31 -47.34 -47.38 -47.38 -47.41 -47.41 -47.44 -47.50 -47.53 -47.56 -47.62 -47.66 -47.66 -47.66 -47.66 -47.62 -47.59 -47.53 -47.50 -47.47 -47.44 -47.44 -47.47 -47.47 -47.53 -47.56 -47.66 -47.75 -47.84 -47.91 -47.97 -48.00 -48.03 -48.06 -48.06 -48.06 -48.09 -48.09 -48.09 -48.12 -48.19 -48.22 -48.28 -48.34 -48.38 -48.41 -48.44 -48.44 -48.47 -48.47 -48.47 -48.47 -48.47 -48.47 -48.44 -48.44 -48.44 -48.44 -48.44
-47.00 -46.97 -46.94 -46.94 -46.94 -47.00 -47.06 -47.12 -47.19 -47.25 -47.28 -47.34 -47.38 -47.41 -47.44 -47.44 -47.44 -47.47 -47.50 -47.53 -47.59 -47.62 -47.66 -47.69 -47.69 -47.69 -47.69 -47.66 -47.62 -47.59 -47.56 -47.53 -47.53 -47.53 -47.53 -47.53 -47.56 -47.62 -47.69 -47.78 -47.88 -47.94 -48.00 -48.03 -48.06 -48.09 -48.09 -48.12 -48.12 -48.12 -48.16 -48.16 -48.19 -48.25 -48.28 -48.34 -48.38 -48.41 -48.44 -48.44 -48.44 -48.47 -48.47 -48.47 -48.47 -48.47 -48.47 -48.44 -48.44 -48.44 -48.44
-47.06 -47.03 -47.00 -47.00 -47.00 -47.03 -47.09 -47.16 -47.22 -47.28 -47.31 -47.38 -47.41 -47.47 -47.47 -47.50 -47.50 -47.53 -47.56 -47.59 -47.62 -47.66 -47.69 -47.69 -47.72 -47.72 -47.72 -47.69 -47.66 -47.62 -47.59 -47.59 -47.59 -47.59 -47.59 -47.62 -47.62 -47.69 -47.75 -47.81 -47.88 -47.97 -48.00 -48.06 -48.09 -48.12 -48.12 -48.16 -48.16 -48.16 -48.19 -48.19 -48.22 -48.25 -48.28 -48.34 -48.38 -48.41 -48.44 -48.44 -48.44 -48.44 -48.44 -48.44 -48.44 -48.47 -48.44 -48.44 -48.44 -48.44 -48.41
-47.12 -47.09 -47.06 -47.06 -47.06 -47.09 -47.16 -47.19 -47.25 -47.28 -47.34 -47.41 -47.44 -47.50 -47.50 -47.53 -47.56 -47.56 -47.59 -47.62 -47.66 -47.69 -47.69 -47.72 -47.72 -47.72 -47.72 -47.69 -47.69 -47.66 -47.66 -47.66 -47.66 -47.66 -47.66 -47.69 -47.69 -47.75 -47.78 -47.84 -47.91 -47.97 -48.03 -48.06 -48.09 -48.12 -48.16 -48.16 -48.19 -48.19 -48.19 -48.22 -48.22 -48.25 -48.28 -48.34 -48.38 -48.41 -48.44 -48.44 -48.44 -48.44 -48.44 -48.44 -48.44 -48.44 -48.44 -48.44 -48.44 -48.41 -48.41
-47.16 -47.16 -47.12 -47.12 -47.16 -47.19 -47.22 -47.25 -47.28 -47.31 -47.38 -47.41 -47.47 -47.50 -47.53 -47.56 -47.59 -47.59 -47.62 -47.66 -47.66 -47.69 -47.72 -47.72 -47.75 -47.75 -47.72 -47.72 -47.69 -47.69 -47.66 -47.69 -47.69 -47.72 -47.72 -47.75 -47.78 -47.81 -47.84 -47.88 -47.94 -47.97 -48.03 -48.06 -48.09 -48.12 -48.16 -48.16 -48.19 -48.22 -48.22 -48.22 -48.22 -48.25 -48.28 -48.31 -48.38 -48.41 -48.44 -48.44 -48.44 -48.44 -48.44 -48.44 -48.44 -48.44 -48.44 -48.41 -48.41 -48.41 -48.41
-47.22 -47.22 -47.22 -47.22 -47.25 -47.25 -47.28 -47.28 -47.31 -47.31 -47.38 -47.41 -47.47 -47.50 -47.53 -47.56 -47.59 -47.62 -47.66 -47.66 -47.69 -47.69 -47.72 -47.75 -47.75 -47.75 -47.75 -47.72 -47.69 -47.69 -47.69 -47.72 -47.75 -47.75 -47.78 -47.81 -47.84 -47.84 -47.88 -47.94 -47.97 -48.00 -48.03 -48.06 -48.09 -48.12 -48.12 -48.16 -48.19 -48.22 -48.22 -48.22 -48.22 -48.25 -48.28 -48.31 -48.38 -48.41 -48.44 -48.44 -48.44 -48.41 -48.41 -48.41 -48.44 -48.44 -48.41 -48.41 -48.38 -48.38 -48.38
-47.28 -47.28 -47.31 -47.31 -47.31 -47.34 -47.34 -47.34 -47.34 -47.34 -47.38 -47.41 -47.44 -47.47 -47.53 -47.56 -47.59 -47.62 -47.66 -47.66 -47.69 -47.69 -47.72 -47.75 -47.75 -47.78 -47.75 -47.75 -47.72 -47.72 -47.72 -47.75 -47.78 -47.81 -47.84 -47.88 -47.91 -47.91 -47.94 -47.97 -48.00 -48.00 -48.03 -48.06 -48.09 -48.09 -48.12 -48.16 -48.19 -48.19 -48.22 -48.22 -48.22 -48.25 -48.25 -48.31 -48.34 -48.38 -48.41 -48.44 -48.41 -48.41 -48.41 -48.41 -48.41 -48.41 -48.38 -48.38 -48.34 -48.34 -48.34
-47.38 -47.38 -47.38 -47.38 -47.41 -47.41 -47.41 -47.38 -47.38 -47.38 -47.38 -47.41 -47.44 -47.47 -47.50 -47.53 -47.59 -47.62 -47.66 -47.66 -47.69 -47.72 -47.72 -47.75 -47.78 -47.78 -47.78 -47.78 -47.75 -47.75 -47.78 -47.81 -47.84 -47.88 -47.91 -47.91 -47.94 -47.97 -48.00 -48.00 -48.00 -48.03 -48.03 -48.06 -48.06 -48.09 -48.12 -48.16 -48.16 -48.19 -48.19 -48.22 -48.22 -48.22 -48.25 -48.28 -48.31 -48.38 -48.41 -48.41 -48.41 -48.38 -48.38 -48.38 -48.38 -48.38 -48.34 -48.34 -48.34 -48.34 -48.34
-47.44 -47.44 -47.44 -47.44 -47.44 -47.44 -47.44 -47.44 -47.41 -47.38 -47.38 -47.41 -47.44 -47.47 -47.50 -47.53 -47.56 -47.59 -47.62 -47.66 -47.69 -47.72 -47.75 -47.78 -47.81 -47.81 -47.81 -47.81 -47.81 -47.81 -47.84 -47.88 -47.91 -47.94 -47.94 -47.97 -48.00 -48.00 -48.03 -48.03 -48.03 -48.03 -48.03 -48.06 -48.06 -48.09 -48.09 -48.12 -48.16 -48.16 -48.19 -48.19 -48.19 -48.19 -48.22 -48.25 -48.28 -48.34 -48.38 -48.38 -48.38 -48.34 -48.34 -48.34 -48.34 -48.31 -48.31 -48.31 -48.31 -48.31 -48.34
-47.50 -47.50 -47.50 -47.50 -47.50 -47.50 -47.47 -47.47 -47.44 -47.44 -47.41 -47.44 -47.44 -47.47 -47.50 -47.53 -47.56 -47.59 -47.62 -47.66 -47.69 -47.72 -47.75 -47.78 -47.81 -47.84 -47.84 -47.84 -47.88 -47.88 -47.91 -47.94 -47.97 -47.97 -48.00 -48.00 -48.03 -48.03 -48.03 -48.03 -48.03 -48.03 -48.03 -48.03 -48.03 -48.06 -48.06 -48.09 -48.12 -48.12 -48.16 -48.16 -48.16 -48.16 -48.19 -48.22 -48.25 -48.28 -48.31 -48.31 -48.31 -48.31 -48.31 -48.31 -48.28 -48.28 -48.28 -48.28 -48.28 -48.31 -48.31
-47.56 -47.56 -47.56 -47.53 -47.53 -47.53 -47.50 -47.50 -47.47 -47.47 -47.47 -47.47 -47.47 -47.47 -47.50 -47.53 -47.56 -47.59 -47.62 -47.66 -47.69 -47.72 -47.75 -47.78 -47.84 -47.88 -47.91 -47.91 -47.94 -47.97 -47.97 -48.00 -48.03 -48.03 -48.03 -48.06 -48.06 -48.06 -48.03 -48.03 -48.03 -48.00 -48.00 -48.00 -48.00 -48.03 -48.03 -48.06 -48.06 -48.09 -48.09 -48.09 -48.09 -48.09 -48.12 -48.16 -48.19 -48.22 -48.25 -48.28 -48.28 -48.28 -48.28 -48.25 -48.25 -48.25 -48.25 -48.25 -48.25 -48.28 -48.31
-47.59 -47.59 -47.59 -47.59 -47.56 -47.53 -47.53 -47.50 -47.50 -47.50 -47.50 -47.50 -47.50 -47.50 -47.53 -47.53 -47.56 -47.59 -47.62 -47.66 -47.66 -47.72 -47.75 -47.81 -47.84 -47.91 -47.94 -47.97 -48.00 -48.03 -48.06 -48.06 -48.06 -48.09 -48.06 -48.06 -48.06 -48.06 -48.03 -48.03 -48.00 -48.00 -47.97 -47.97 -47.97 -47.97 -48.00 -48.00 -48.03 -48.03 -48.06 -48.06 -48.06 -48.06 -48.06 -48.09 -48.12 -48.16 -48.19 -48.22 -48.25 -48.25 -48.22 -48.22 -48.22 -48.22 -48.22 -48.22 -48.25 -48.28 -48.31
-47.62 -47.62 -47.62 -47.59 -47.59 -47.56 -47.56 -47.53 -47.53 -47.53 -47.53 -47.53 -47.53 -47.53 -47.53 -47.56 -47.56 -47.59 -47.59 -47.62 -47.66 -47.69 -47.75 -47.81 -47.88 -47.94 -47.97 -48.03 -48.06 -48.09 -48.09 -48.12 -48.12 -48.12 -48.09 -48.09 -48.06 -48.06 -48.03 -48.00 -47.97 -47.97 -47.94 -47.94 -47.94 -47.94 -47.94 -47.97 -47.97 -48.00 -48.00 -48.00 -48.00 -48.00 -48.03 -48.03 -48.06 -48.12 -48.12 -48.16 -48.19 -48.19 -48.19 -48.19 -48.19 -48.19 -48.19 -48.22 -48.25 -48.28 -48.28
-47.66 -47.66 -47.62 -47.62 -47.62 -47.59 -47.56 -47.56 -47.56 -47.56 -47.56 -47.56 -47.56 -47.56 -47.56 -47.56 -47.59 -47.59 -47.59 -47.59 -47.62 -47.69 -47.75 -47.81 -47.88 -47.94 -48.00 -48.06 -48.09 -48.12 -48.16 -48.16 -48.16 -48.12 -48.12 -48.09 -48.09 -48.06 -48.03 -48.00 -47.94 -47.91 -47.88 -47.88 -47.88 -47.88 -47.88 -47.91 -47.94 -47.94 -47.94 -47.94 -47.94 -47.94 -47.97 -48.00 -48.03 -48.06 -48.09 -48.12 -48.16 -48.16 -48.16 -48.16 -48.16 -48.16 -48.19 -48.19 -48.22 -48.25 -48.28
-47.66 -47.66 -47.66 -47.62 -47.62 -47.62 -47.59 -47.56 -47.56 -47.59 -47.59 -47.59 -47.59 -47.59 -47.59 -47.59 -47.59 -47.56 -47.56 -47.59 -47.62 -47.66 -47.72 -47.81 -47.88 -47.97 -48.03 -48.06 -48.12 -48.16 -48.16 -48.16 -48.16 -48.16 -48.12 -48.12 -48.09 -48.06 -48.03 -47.97 -47.94 -47.88 -47.84 -47.81 -47.81 -47.81 -47.81 -47.84 -47.88 -47.88 -47.88 -47.88 -47.88 -47.91 -47.91 -47.94 -47.97 -48.00 -48.03 -48.06 -48.09 -48.09 -48.12 -48.12 -48.12 -48.12 -48.16 -48.19 -48.22 -48.25 -48.25
-47.66 -47.66 -47.66 -47.66 -47.62 -47.62 -47.59 -47.59 -47.59 -47.59 -47.59 -47.62 -47.62 -47.59 -47.59 -47.59 -47.59 -47.56 -47.56 -47.59 -47.59 -47.66 -47.72 -47.81 -47.88 -47.97 -48.03 -48.09 -48.12 -48.16 -48.16 -48.16 -48.16 -48.16 -48.16 -48.12 -48.09 -48.06 -48.03 -47.97 -47.91 -47.84 -47.81 -47.75 -47.75 -47.75 -47.75 -47.78 -47.81 -47.81 -47.84 -47.84 -47.84 -47.84 -47.88 -47.91 -47.94 -47.94 -47.97 -48.00 -48.03 -48.03 -48.06 -48.06 -48.09 -48.09 -48.12 -48.16 -48.19 -48.22 -48.25
-47.66 -47.66 -47.66 -47.66 -47.62 -47.62 -47.59 -47.59 -47.59 -47.59 -47.59 -47.62 -47.62 -47.62 -47.62 -47.59 -47.59 -47.59 -47.59 -47.59 -47.62 -47.66 -47.72 -47.81 -47.91 -47.97 -48.03 -48.09 -48.12 -48.16 -48.16 -48.16 -48.16 -48.16 -48.16 -48.12 -48.12 -48.09 -48.03 -47.97 -47.91 -47.84 -47.78 -47.75 -47.72 -47.69 -47.69 -47.72 -47.75 -47.78 -47.78 -47.78 -47.81 -47.81 -47.84 -47.84 -47.88 -47.91 -47.91 -47.94 -47.94 -47.97 -48.00 -48.00 -48.03 -48.06 -48.09 -48.16 -48.19 -48.22 -48.22
-47.66 -47.66 -47.66 -47.66 -47.62 -47.59 -47.59 -47.59 -47.59 -47.59 -47.62 -47.62 -47.62 -47.62 -47.62 -47.59 -47.59 -47.59 -47.59 -47.59 -47.62 -47.66 -47.72 -47.81 -47.88 -47.97 -48.03 -48.06 -48.09 -48.12 -48.16 -48.16 -48.16 -48.16 -48.16 -48.16 -48.12 -48.09 -48.06 -48.00 -47.94 -47.88 -47.81 -47.75 -47.69 -47.66 -47.66 -47.66 -47.69 -47.72 -47.72 -47.75 -47.75 -47.78 -47.78 -47.81 -47.81 -47.84 -47.84 -47.84 -47.88 -47.88 -47.91 -47.94 -47.97 -48.03 -48.06 -48.09 -48.16 -48.19 -48.22
-47.66 -47.66 -47.66 -47.62 -47.62 -47.59 -47.59 -47.59 -47.59 -47.59 -47.62 -47.62 -47.62 -47.62 -47.62 -47.59 -47.59 -47.62 -47.62 -47.62 -47.66 -47.69 -47.75 -47.81 -47.88 -47.94 -48.00 -48.03 -48.06 -48.09 -48.12 -48.16 -48.16 -48.16 -48.16 -48.16 -48.16 -48.12 -48.09 -48.03 -47.97 -47.91 -47.84 -47.78 -47.72 -47.66 -47.62 -47.62 -47.62 -47.66 -47.66 -47.69 -47.69 -47.72 -47.75 -47.75 -47.75 -47.75 -47.78 -47.78 -47.78 -47.78 -47.81 -47.84 -47.91 -47.97 -48.00 -48.06 -48.12 -48.16 -48.19
-47.66 -47.66 -47.62 -47.62 -47.59 -47.59 -47.59 -47.59 -47.59 -47.62 -47.62 -47.62 -47.62 -47.62 -47.62 -47.62 -47.62 -47.62 -47.62 -47.66 -47.69 -47.72 -47.75 -47.81 -47.88 -47.94 -47.97 -48.03 -48.06 -48.09 -48.09 -48.12 -48.12 -48.16 -48.16 -48.16 -48.16 -48.12 -48.09 -48.06 -48.00 -47.94 -47.88 -47.81 -47.75 -47.69 -47.62 -47.59 -47.56 -47.56 -47.59 -47.59 -47.62 -47.62 -47.66 -47.69 -47.69 -47.69 -47.69 -47.69 -47.69 -47.69 -47.72 -47.78 -47.81 -47.88 -47.97 -48.03 -48.09 -48.12 -48.19
-47.62 -47.62 -47.62 -47.59 -47.59 -47.59 -47.59 -47.59 -47.62 -47.62 -47.62 -47.62 -47.62 -47.62 -47.62 -47.59 -47.62 -47.62 -47.66 -47.69 -47.72 -47.75 -47.78 -47.84 -47.88 -47.91 -47.97 -48.00 -48.03 -48.06 -48.09 -48.09 -48.12 -48.12 -48.16 -48.16 -48.16 -48.12 -48.09 -48.06 -48.03 -47.97 -47.94 -47.88 -47.78 -47.72 -47.62 -47.56 -47.53 -47.50 -47.50 -47.50 -47.53 -47.53 -47.56 -47.59 -47.59 -47.59 -47.59 -47.59 -47.59 -47.59 -47.62 -47.69 -47.75 -47.81 -47.91 -47.97 -48.06 -48.12 -48.16
-47.62 -47.59 -47.59 -47.59 -47.59 -47.59 -47.59 -47.59 -47.62 -47.62 -47.62 -47.62 -47.62 -47.62 -47.62 -47.59 -47.62 -47.62 -47.66 -47.72 -47.75 -47.78 -47.81 -47.84 -47.91 -47.94 -47.97 -48.00 -48.03 -48.06 -48.06 -48.09 -48.09 -48.12 -48.12 -48.12 -48.12 -48.12 -48.09 -48.06 -48.03 -48.00 -47.97 -47.91 -47.84 -47.75 -47.66 -47.56 -47.50 -47.44 -47.41 -47.41 -47.41 -47.44 -47.47 -47.50 -47.50 -47.50 -47.50 -47.50 -47.50 -47.50 -47.53 -47.59 -47.69 -47.78 -47.84 -47.94 -48.03 -48.09 -48.12
-47.56 -47.56 -47.56 -47.56 -47.56 -47.56 -47.59 -47.59 -47.59 -47.62 -47.62 -47.62 -47.62 -47.62 -47.62 -47.62 -47.62 -47.66 -47.69 -47.75 -47.78 -47.81 -47.84 -47.88 -47.91 -47.94 -47.97 -48.00 -48.03 -48.03 -48.06 -48.06 -48.09 -48.09 -48.09 -48.09 -48.09 -48.09 -48.09 -48.06 -48.03 -48.03 -48.00 -47.94 -47.88 -47.78 -47.69 -47.59 -47.50 -47.41 -47.34 -47.31 -47.31 -47.34 -47.34 -47.38 -47.41 -47.41 -47.41 -47.41 -47.41 -47.41 -47.47 -47.53 -47.62 -47.72 -47.81 -47.91 -48.00 -48.06 -48.09
-47.53 -47.53 -47.56 -47.56 -47.56 -47.56 -47.59 -47.59 -47.59 -47.59 -47.62 -47.62 -47.62 -47.62 -47.62 -47.62 -47.66 -47.69 -47.72 -47.78 -47.81 -47.84 -47.88 -47.91 -47.94 -47.94 -47.97 -48.00 -48.03 -48.03 -48.06 -48.06 -48.06 -48.06 -48.06 -48.06 -48.06 -48.06 -48.06 -48.06 -48.03 -48.03 -48.00 -47.97 -47.88 -47.81 -47.69 -47.59 -47.47 -47.38 -47.28 -47.22 -47.22 -47.22 -47.25 -47.28 -47.31 -47.31 -47.31 -47.31 -47.31 -47.34 -47.41 -47.47 -47.59 -47.69 -47.78 -47.91 -47.97 -48.03 -48.06
-47.50 -47.53 -47.53 -47.53 -47.56 -47.56 -47.56 -47.59 -47.59 -47.59 -47.59 -47.62 -47.62 -47.62 -47.66 -47.66 -47.69 -47.72 -47.75 -47.78 -47.84 -47.88 -47.91 -47.94 -47.94 -47.97 -47.97 -48.00 -48.03 -48.03 -48.03 -48.03 -48.03 -48.03 -48.03 -48.03 -48.03 -48.03 -48.03 -48.03 -48.03 -48.03 -48.00 -47.97 -47.91 -47.81 -47.72 -47.59 -47.50 -47.38 -47.25 -47.19 -47.12 -47.12 -47.16 -47.19 -47.22 -47.22 -47.22 -47.22 -47.22 -47.28 -47.34 -47.44 -47.56 -47.66 -47.75 -47.84 -47.94 -48.00 -48.03
-47.47 -47.50 -47.50 -47.53 -47.53 -47.56 -47.56 -47.59 -47.59 -47.59 -47.59 -47.62 -47.62 -47.66 -47.66 -47.69 -47.72 -47.75 -47.78 -47.81 -47.88 -47.91 -47.94 -47.94 -47.97 -47.97 -47.97 -48.00 -48.03 -48.03 -48.03 -48.03 -48.03 -48.00 -48.00 -48.00 -48.00 -47.97 -47.97 -47.97 -47.97 -47.97 -47.97 -47.94 -47.88 -47.81 -47.72 -47.59 -47.47 -47.38 -47.25 -47.12 -47.06 -47.03 -47.06 -47.09 -47.12 -47.12 -47.12 -47.12 -47.16 -47.22 -47.31 -47.41 -47.50 -47.62 -47.72 -47.81 -47.88 -47.91 -47.97
-47.47 -47.47 -47.47 -47.50 -47.53 -47.53 -47.56 -47.56 -47.56 -47.59 -47.59 -47.62 -47.62 -47.66 -47.69 -47.72 -47.75 -47.78 -47.81 -47.84 -47.88 -47.91 -47.94 -47.94 -47.97 -47.97 -47.97 -48.00 -48.00 -48.00 -48.00 -48.00 -48.00 -48.00 -47.97 -47.94 -47.94 -47.91 -47.91 -47.91 -47.91 -47.91 -47.91 -47.88 -47.84 -47.78 -47.69 -47.59 -47.47 -47.38 -47.25 -47.12 -47.03 -46.97 -46.97 -47.00 -47.00 -47.03 -47.03 -47.06 -47.09 -47.16 -47.25 -47.38 -47.47 -47.56 -47.66 -47.75 -47.78 -47.84 -47.88
-47.44 -47.44 -47.47 -47.50 -47.50 -47.53 -47.53 -47.56 -47.56 -47.56 -47.59 -47.62 -47.66 -47.69 -47.72 -47.75 -47.78 -47.81 -47.84 -47.88 -47.88 -47.91 -47.94 -47.94 -47.94 -47.97 -47.97 -48.00 -48.00 -48.00 -48.00 -47.97 -47.97 -47.94 -47.94 -47.91 -47.88 -47.84 -47.84 -47.84 -47.84 -47.84 -47.81 -47.81 -47.78 -47.72 -47.66 -47.56 -47.47 -47.34 -47.25 -47.12 -47.03 -46.94 -46.91 -46.91 -46.91 -46.94 -46.97 -47.00 -47.06 -47.12 -47.22 -47.31 -47.41 -47.50 -47.59 -47.66 -47.69 -47.72 -47.75
-47.41 -47.41 -47.44 -47.47 -47.50 -47.50 -47.50 -47.53 -47.53 -47.56 -47.59 -47.62 -47.66 -47.69 -47.72 -47.75 -47.81 -47.84 -47.88 -47.88 -47.88 -47.91 -47.91 -47.94 -47.94 -47.94 -47.97 -47.97 -47.97 -47.97 -47.97 -47.97 -47.94 -47.91 -47.88 -47.84 -47.81 -47.78 -47.75 -47.75 -47.72 -47.72 -47.72 -47.72 -47.69 -47.62 -47.56 -47.50 -47.41 -47.31 -47.22 -47.12 -47.00 -46.91 -46.84 -46.81 -46.81 -46.84 -46.88 -46.94 -47.00 -47.06 -47.16 -47.25 -47.34 -47.44 -47.50 -47.53 -47.59 -47.59 -47.62
-47.38 -47.38 -47.41 -47.44 -47.47 -47.47 -47.47 -47.50 -47.53 -47.53 -47.56 -47.59 -47.62 -47.69 -47.72 -47.75 -47.81 -47.84 -47.88 -47.88 -47.88 -47.91 -47.91 -47.91 -47.94 -47.94 -47.97 -47.97 -47.97 -47.97 -47.94 -47.94 -47.91 -47.88 -47.81 -47.78 -47.72 -47.69 -47.66 -47.62 -47.62 -47.62 -47.62 -47.59 -47.59 -47.53 -47.50 -47.44 -47.38 -47.28 -47.19 -47.09 -47.00 -46.91 -46.81 -46.75 -46.75 -46.75 -46.78 -46.84 -46.91 -47.00 -47.06 -47.16 -47.25 -47.31 -47.38 -47.44 -47.47 -47.47 -47.53
-47.31 -47.34 -47.38 -47.41 -47.41 -47.44 -47.44 -47.47 -47.47 -47.50 -47.53 -47.56 -47.62 -47.66 -47.69 -47.75 -47.78 -47.81 -47.84 -47.88 -47.88 -47.88 -47.88 -47.91 -47.91 -47.94 -47.94 -47.94 -47.94 -47.94 -47.91 -47.91 -47.88 -47.81 -47.78 -47.72 -47.66 -47.62 -47.56 -47.53 -47.53 -47.50 -47.50 -47.50 -47.47 -47.44 -47.41 -47.34 -47.28 -47.22 -47.16 -47.06 -46.97 -46.91 -46.81 -46.72 -46.69 -46.69 -46.72 -46.75 -46.81 -46.91 -46.97 -47.06 -47.12 -47.22 -47.25 -47.31 -47.31 -47.34 -47.41
