everonasctiles/Tile18,6.asc
ncols 128
nrows 128
xllcorner 0
yllcorner 0
cellsize 2.0
NODATA_value  -9999
[rows 64 to 95 of 128, columns 0 to 70 of 128]
-54.53 -54.84 -55.19 -55.56 -55.94 -56.34 -56.75 -57.19 -57.59 -57.97 -58.28 -58.56 -58.84 -59.09 -59.34 -59.56 -59.78 -59.97 -60.16 -60.34 -60.50 -60.66 -60.81 -60.94 -61.09 -61.22 -61.31 -61.41 -61.50 -61.59 -61.66 -61.72 -61.78 -61.88 -61.94 -62.00 -62.09 -62.16 -62.25 -62.31 -62.41 -62.47 -62.53 -62.59 -62.69 -62.75 -62.81 -62.88 -62.94 -63.00 -63.09 -63.16 -63.22 -63.28 -63.34 -63.38 -63.44 -63.47 -63.53 -63.56 -63.59 -63.62 -63.69 -63.72 -63.75 -63.78 -63.81 -63.84 -63.88 -63.94 -63.97
-55.00 -55.31 -55.59 -55.91 -56.25 -56.62 -57.00 -57.41 -57.81 -58.19 -58.53 -58.84 -59.12 -59.38 -59.59 -59.81 -60.00 -60.19 -60.38 -60.56 -60.72 -60.84 -60.97 -61.09 -61.22 -61.34 -61.44 -61.53 -61.62 -61.69 -61.75 -61.81 -61.88 -61.94 -62.03 -62.09 -62.16 -62.25 -62.31 -62.41 -62.47 -62.56 -62.62 -62.69 -62.78 -62.84 -62.91 -62.97 -63.03 -63.09 -63.16 -63.22 -63.28 -63.34 -63.41 -63.44 -63.50 -63.53 -63.56 -63.62 -63.66 -63.69 -63.72 -63.75 -63.81 -63.84 -63.88 -63.91 -63.97 -64.00 -64.06
-55.50 -55.81 -56.09 -56.38 -56.69 -56.97 -57.31 -57.69 -58.06 -58.41 -58.75 -59.06 -59.34 -59.59 -59.84 -60.03 -60.25 -60.41 -60.59 -60.75 -60.91 -61.03 -61.16 -61.25 -61.38 -61.47 -61.56 -61.66 -61.72 -61.78 -61.84 -61.91 -61.97 -62.03 -62.09 -62.16 -62.22 -62.28 -62.38 -62.47 -62.53 -62.62 -62.69 -62.78 -62.84 -62.91 -62.97 -63.06 -63.12 -63.19 -63.25 -63.28 -63.34 -63.41 -63.44 -63.50 -63.53 -63.59 -63.62 -63.66 -63.69 -63.72 -63.78 -63.81 -63.84 -63.88 -63.91 -63.97 -64.03 -64.09 -64.16
-55.94 -56.28 -56.59 -56.88 -57.16 -57.44 -57.72 -58.03 -58.34 -58.69 -59.00 -59.28 -59.56 -59.81 -60.03 -60.25 -60.44 -60.62 -60.78 -60.94 -61.06 -61.19 -61.31 -61.41 -61.50 -61.59 -61.69 -61.75 -61.81 -61.88 -61.94 -61.97 -62.03 -62.09 -62.16 -62.22 -62.28 -62.34 -62.41 -62.50 -62.56 -62.66 -62.75 -62.81 -62.88 -62.97 -63.03 -63.09 -63.16 -63.22 -63.28 -63.34 -63.38 -63.44 -63.47 -63.53 -63.56 -63.59 -63.66 -63.69 -63.72 -63.75 -63.78 -63.84 -63.88 -63.91 -63.94 -64.00 -64.06 -64.16 -64.22
-56.34 -56.72 -57.06 -57.38 -57.66 -57.94 -58.22 -58.47 -58.75 -59.03 -59.31 -59.56 -59.78 -60.00 -60.22 -60.41 -60.59 -60.78 -60.94 -61.09 -61.22 -61.34 -61.44 -61.56 -61.66 -61.72 -61.78 -61.84 -61.91 -61.97 -62.00 -62.06 -62.09 -62.16 -62.19 -62.25 -62.31 -62.38 -62.44 -62.53 -62.59 -62.69 -62.75 -62.84 -62.91 -63.00 -63.06 -63.12 -63.19 -63.25 -63.31 -63.34 -63.41 -63.44 -63.50 -63.53 -63.59 -63.62 -63.66 -63.72 -63.75 -63.78 -63.81 -63.84 -63.88 -63.94 -63.97 -64.06 -64.12 -64.22 -64.31
-56.69 -57.09 -57.50 -57.84 -58.12 -58.41 -58.69 -58.94 -59.19 -59.44 -59.69 -59.91 -60.09 -60.28 -60.44 -60.59 -60.75 -60.91 -61.06 -61.22 -61.38 -61.47 -61.59 -61.69 -61.78 -61.84 -61.91 -61.97 -62.03 -62.06 -62.09 -62.12 -62.19 -62.22 -62.25 -62.28 -62.34 -62.41 -62.47 -62.53 -62.62 -62.69 -62.78 -62.84 -62.94 -63.00 -63.06 -63.12 -63.19 -63.25 -63.31 -63.38 -63.41 -63.47 -63.50 -63.56 -63.59 -63.62 -63.69 -63.72 -63.75 -63.78 -63.81 -63.84 -63.91 -63.94 -64.00 -64.09 -64.16 -64.25 -64.38
-56.97 -57.44 -57.84 -58.25 -58.59 -58.88 -59.12 -59.38 -59.62 -59.84 -60.06 -60.28 -60.44 -60.59 -60.69 -60.81 -60.91 -61.06 -61.22 -61.38 -61.50 -61.62 -61.72 -61.81 -61.91 -61.97 -62.03 -62.09 -62.12 -62.16 -62.19 -62.22 -62.25 -62.28 -62.31 -62.34 -62.38 -62.44 -62.50 -62.56 -62.62 -62.69 -62.78 -62.84 -62.91 -63.00 -63.06 -63.12 -63.19 -63.25 -63.31 -63.34 -63.41 -63.47 -63.50 -63.56 -63.59 -63.62 -63.69 -63.72 -63.75 -63.78 -63.81 -63.84 -63.88 -63.94 -64.00 -64.09 -64.19 -64.31 -64.41
-57.25 -57.72 -58.16 -58.59 -58.97 -59.28 -59.56 -59.81 -60.03 -60.25 -60.47 -60.66 -60.81 -60.94 -61.03 -61.09 -61.16 -61.22 -61.38 -61.53 -61.66 -61.78 -61.91 -61.97 -62.06 -62.12 -62.16 -62.22 -62.25 -62.28 -62.31 -62.34 -62.34 -62.38 -62.38 -62.41 -62.41 -62.47 -62.50 -62.56 -62.62 -62.69 -62.75 -62.81 -62.88 -62.97 -63.03 -63.09 -63.16 -63.22 -63.28 -63.34 -63.38 -63.44 -63.50 -63.53 -63.59 -63.62 -63.66 -63.69 -63.72 -63.75 -63.78 -63.81 -63.88 -63.94 -64.00 -64.09 -64.22 -64.31 -64.44
-57.53 -58.00 -58.47 -58.88 -59.28 -59.62 -59.94 -60.22 -60.44 -60.66 -60.84 -61.03 -61.19 -61.31 -61.38 -61.44 -61.47 -61.47 -61.56 -61.69 -61.84 -61.97 -62.06 -62.16 -62.22 -62.28 -62.31 -62.38 -62.41 -62.41 -62.44 -62.44 -62.44 -62.47 -62.47 -62.47 -62.47 -62.50 -62.53 -62.56 -62.59 -62.66 -62.72 -62.78 -62.84 -62.94 -63.00 -63.06 -63.12 -63.19 -63.25 -63.28 -63.34 -63.41 -63.47 -63.50 -63.56 -63.59 -63.62 -63.66 -63.69 -63.72 -63.75 -63.78 -63.84 -63.91 -64.00 -64.09 -64.19 -64.31 -64.44
-57.81 -58.28 -58.75 -59.19 -59.56 -59.94 -60.28 -60.56 -60.81 -61.03 -61.22 -61.41 -61.56 -61.66 -61.75 -61.78 -61.78 -61.78 -61.81 -61.91 -62.03 -62.16 -62.28 -62.34 -62.41 -62.47 -62.50 -62.53 -62.56 -62.56 -62.56 -62.56 -62.56 -62.56 -62.56 -62.56 -62.56 -62.53 -62.53 -62.56 -62.59 -62.62 -62.69 -62.75 -62.81 -62.88 -62.94 -63.00 -63.06 -63.12 -63.19 -63.25 -63.31 -63.34 -63.41 -63.47 -63.50 -63.53 -63.56 -63.59 -63.62 -63.66 -63.69 -63.72 -63.78 -63.84 -63.94 -64.06 -64.16 -64.28 -64.41
-58.09 -58.56 -59.03 -59.47 -59.84 -60.22 -60.56 -60.88 -61.12 -61.34 -61.53 -61.72 -61.88 -62.00 -62.09 -62.12 -62.12 -62.12 -62.12 -62.19 -62.28 -62.38 -62.50 -62.56 -62.62 -62.66 -62.69 -62.72 -62.72 -62.72 -62.72 -62.72 -62.69 -62.69 -62.69 -62.66 -62.66 -62.62 -62.59 -62.59 -62.59 -62.59 -62.66 -62.72 -62.78 -62.81 -62.88 -62.94 -63.00 -63.06 -63.12 -63.19 -63.22 -63.28 -63.34 -63.41 -63.44 -63.47 -63.50 -63.53 -63.53 -63.56 -63.59 -63.62 -63.69 -63.78 -63.88 -64.00 -64.12 -64.25 -64.38
-58.38 -58.84 -59.31 -59.72 -60.12 -60.50 -60.84 -61.12 -61.41 -61.66 -61.84 -62.03 -62.19 -62.31 -62.41 -62.47 -62.47 -62.47 -62.47 -62.50 -62.56 -62.66 -62.72 -62.81 -62.84 -62.88 -62.91 -62.91 -62.91 -62.91 -62.88 -62.88 -62.84 -62.84 -62.81 -62.81 -62.78 -62.75 -62.69 -62.66 -62.62 -62.59 -62.62 -62.66 -62.72 -62.78 -62.84 -62.88 -62.94 -63.00 -63.03 -63.09 -63.16 -63.22 -63.25 -63.31 -63.34 -63.38 -63.41 -63.44 -63.44 -63.47 -63.50 -63.53 -63.62 -63.69 -63.81 -63.91 -64.03 -64.19 -64.31
-58.62 -59.12 -59.56 -60.00 -60.38 -60.75 -61.09 -61.41 -61.66 -61.91 -62.12 -62.31 -62.47 -62.59 -62.69 -62.78 -62.81 -62.81 -62.81 -62.81 -62.88 -62.94 -63.00 -63.06 -63.09 -63.12 -63.12 -63.12 -63.12 -63.09 -63.06 -63.03 -63.00 -63.00 -62.97 -62.94 -62.91 -62.88 -62.81 -62.75 -62.69 -62.66 -62.62 -62.66 -62.69 -62.72 -62.78 -62.81 -62.84 -62.91 -62.94 -63.00 -63.06 -63.12 -63.16 -63.22 -63.25 -63.28 -63.28 -63.31 -63.31 -63.34 -63.38 -63.44 -63.53 -63.62 -63.72 -63.84 -63.97 -64.09 -64.22
-58.91 -59.38 -59.81 -60.25 -60.62 -61.00 -61.34 -61.62 -61.91 -62.16 -62.38 -62.56 -62.72 -62.84 -62.97 -63.03 -63.09 -63.12 -63.12 -63.16 -63.19 -63.22 -63.28 -63.34 -63.38 -63.38 -63.38 -63.38 -63.34 -63.31 -63.25 -63.22 -63.19 -63.16 -63.12 -63.12 -63.06 -63.03 -62.97 -62.91 -62.81 -62.75 -62.69 -62.66 -62.66 -62.66 -62.69 -62.72 -62.75 -62.78 -62.84 -62.88 -62.94 -63.00 -63.06 -63.09 -63.12 -63.16 -63.16 -63.19 -63.22 -63.25 -63.28 -63.34 -63.44 -63.53 -63.62 -63.75 -63.88 -64.00 -64.16
-59.19 -59.62 -60.06 -60.47 -60.88 -61.25 -61.56 -61.88 -62.16 -62.38 -62.59 -62.78 -62.94 -63.09 -63.19 -63.28 -63.38 -63.41 -63.44 -63.44 -63.47 -63.53 -63.56 -63.62 -63.62 -63.66 -63.62 -63.59 -63.56 -63.53 -63.47 -63.41 -63.38 -63.34 -63.31 -63.28 -63.25 -63.22 -63.12 -63.06 -62.97 -62.88 -62.78 -62.72 -62.66 -62.62 -62.62 -62.66 -62.66 -62.69 -62.75 -62.78 -62.84 -62.91 -62.97 -63.00 -63.03 -63.03 -63.06 -63.09 -63.12 -63.16 -63.22 -63.28 -63.34 -63.47 -63.56 -63.69 -63.81 -63.94 -64.06
-59.44 -59.88 -60.31 -60.72 -61.09 -61.47 -61.78 -62.09 -62.38 -62.59 -62.81 -63.00 -63.19 -63.31 -63.44 -63.53 -63.59 -63.66 -63.69 -63.72 -63.78 -63.81 -63.84 -63.88 -63.91 -63.91 -63.88 -63.84 -63.81 -63.75 -63.69 -63.62 -63.56 -63.53 -63.50 -63.47 -63.44 -63.38 -63.31 -63.22 -63.12 -63.03 -62.91 -62.81 -62.75 -62.66 -62.62 -62.59 -62.59 -62.62 -62.66 -62.69 -62.75 -62.81 -62.88 -62.91 -62.94 -62.97 -62.97 -63.00 -63.03 -63.09 -63.16 -63.22 -63.31 -63.41 -63.53 -63.62 -63.75 -63.88 -64.00
-59.66 -60.09 -60.53 -60.94 -61.31 -61.69 -62.00 -62.31 -62.56 -62.81 -63.03 -63.22 -63.38 -63.53 -63.66 -63.75 -63.84 -63.91 -63.97 -64.00 -64.03 -64.06 -64.09 -64.12 -64.16 -64.16 -64.12 -64.09 -64.03 -63.97 -63.88 -63.81 -63.75 -63.72 -63.69 -63.66 -63.62 -63.56 -63.50 -63.44 -63.31 -63.19 -63.09 -62.97 -62.88 -62.78 -62.72 -62.62 -62.56 -62.56 -62.59 -62.66 -62.72 -62.75 -62.81 -62.84 -62.88 -62.91 -62.94 -62.97 -63.00 -63.06 -63.12 -63.22 -63.31 -63.44 -63.53 -63.62 -63.75 -63.84 -64.00
-59.84 -60.31 -60.75 -61.16 -61.53 -61.88 -62.19 -62.50 -62.75 -63.00 -63.22 -63.41 -63.59 -63.72 -63.84 -63.97 -64.06 -64.12 -64.19 -64.25 -64.28 -64.31 -64.34 -64.34 -64.38 -64.38 -64.34 -64.31 -64.25 -64.19 -64.09 -64.03 -63.97 -63.94 -63.88 -63.84 -63.81 -63.78 -63.72 -63.62 -63.53 -63.41 -63.28 -63.16 -63.06 -62.97 -62.88 -62.78 -62.69 -62.62 -62.59 -62.62 -62.72 -62.78 -62.81 -62.88 -62.91 -62.94 -62.97 -63.03 -63.09 -63.16 -63.25 -63.34 -63.47 -63.56 -63.69 -63.78 -63.88 -63.94 -64.00
-60.03 -60.47 -60.91 -61.31 -61.69 -62.03 -62.38 -62.66 -62.94 -63.19 -63.41 -63.59 -63.75 -63.91 -64.03 -64.16 -64.25 -64.31 -64.41 -64.44 -64.50 -64.53 -64.56 -64.56 -64.59 -64.56 -64.56 -64.50 -64.44 -64.38 -64.31 -64.25 -64.19 -64.12 -64.09 -64.06 -64.03 -63.97 -63.91 -63.84 -63.72 -63.62 -63.50 -63.38 -63.28 -63.19 -63.09 -63.00 -62.91 -62.81 -62.75 -62.75 -62.81 -62.88 -62.94 -63.00 -63.03 -63.09 -63.16 -63.22 -63.28 -63.34 -63.47 -63.56 -63.72 -63.81 -63.94 -64.03 -64.09 -64.16 -64.19
-60.16 -60.59 -61.03 -61.44 -61.81 -62.19 -62.50 -62.81 -63.06 -63.31 -63.53 -63.75 -63.91 -64.06 -64.22 -64.31 -64.44 -64.50 -64.59 -64.62 -64.69 -64.72 -64.75 -64.75 -64.78 -64.75 -64.75 -64.69 -64.66 -64.56 -64.50 -64.44 -64.38 -64.31 -64.28 -64.25 -64.22 -64.19 -64.12 -64.06 -63.94 -63.84 -63.72 -63.62 -63.53 -63.44 -63.34 -63.25 -63.19 -63.16 -63.09 -63.06 -63.09 -63.16 -63.22 -63.25 -63.31 -63.38 -63.44 -63.50 -63.56 -63.66 -63.75 -63.88 -64.00 -64.12 -64.25 -64.34 -64.41 -64.44 -64.47
-60.25 -60.69 -61.12 -61.53 -61.91 -62.28 -62.59 -62.91 -63.19 -63.44 -63.66 -63.88 -64.03 -64.22 -64.34 -64.47 -64.56 -64.66 -64.75 -64.81 -64.84 -64.88 -64.91 -64.94 -64.94 -64.94 -64.91 -64.88 -64.81 -64.75 -64.69 -64.62 -64.56 -64.53 -64.50 -64.47 -64.44 -64.41 -64.34 -64.28 -64.19 -64.06 -63.97 -63.88 -63.81 -63.72 -63.66 -63.59 -63.53 -63.53 -63.50 -63.50 -63.50 -63.53 -63.56 -63.62 -63.66 -63.72 -63.81 -63.88 -63.94 -64.00 -64.09 -64.22 -64.34 -64.50 -64.59 -64.69 -64.75 -64.78 -64.78
-60.31 -60.78 -61.19 -61.59 -61.97 -62.34 -62.66 -62.97 -63.25 -63.50 -63.72 -63.94 -64.16 -64.31 -64.47 -64.59 -64.72 -64.81 -64.88 -64.94 -65.00 -65.03 -65.03 -65.06 -65.06 -65.06 -65.03 -65.00 -64.97 -64.91 -64.84 -64.78 -64.72 -64.69 -64.66 -64.66 -64.62 -64.59 -64.56 -64.50 -64.41 -64.31 -64.25 -64.19 -64.12 -64.03 -64.00 -63.94 -63.91 -63.91 -63.88 -63.91 -63.91 -63.94 -63.97 -64.00 -64.06 -64.12 -64.19 -64.25 -64.31 -64.41 -64.50 -64.59 -64.75 -64.88 -65.00 -65.06 -65.12 -65.16 -65.16
-60.34 -60.81 -61.22 -61.62 -62.00 -62.34 -62.69 -62.97 -63.25 -63.53 -63.78 -64.00 -64.19 -64.38 -64.53 -64.69 -64.81 -64.91 -65.00 -65.06 -65.09 -65.12 -65.16 -65.16 -65.16 -65.16 -65.16 -65.12 -65.06 -65.03 -64.97 -64.94 -64.91 -64.84 -64.84 -64.81 -64.81 -64.81 -64.78 -64.72 -64.66 -64.59 -64.53 -64.47 -64.44 -64.38 -64.34 -64.31 -64.31 -64.31 -64.31 -64.31 -64.31 -64.34 -64.38 -64.44 -64.50 -64.56 -64.62 -64.69 -64.75 -64.81 -64.91 -65.00 -65.16 -65.28 -65.38 -65.47 -65.53 -65.53 -65.56
-60.38 -60.81 -61.22 -61.59 -61.97 -62.31 -62.66 -62.94 -63.22 -63.50 -63.75 -64.00 -64.22 -64.41 -64.59 -64.72 -64.88 -64.97 -65.06 -65.12 -65.19 -65.22 -65.25 -65.25 -65.25 -65.25 -65.22 -65.22 -65.19 -65.12 -65.09 -65.06 -65.03 -65.00 -65.00 -65.00 -65.00 -65.00 -64.97 -64.94 -64.88 -64.84 -64.81 -64.78 -64.75 -64.75 -64.72 -64.72 -64.72 -64.72 -64.72 -64.75 -64.75 -64.78 -64.81 -64.88 -64.94 -65.00 -65.06 -65.12 -65.19 -65.25 -65.31 -65.41 -65.53 -65.69 -65.78 -65.88 -65.94 -65.94 -65.94
-60.31 -60.75 -61.16 -61.53 -61.88 -62.22 -62.53 -62.84 -63.16 -63.44 -63.72 -63.97 -64.19 -64.41 -64.59 -64.75 -64.91 -65.03 -65.12 -65.19 -65.25 -65.28 -65.31 -65.31 -65.31 -65.31 -65.28 -65.28 -65.25 -65.22 -65.19 -65.19 -65.16 -65.16 -65.16 -65.16 -65.16 -65.16 -65.16 -65.16 -65.12 -65.12 -65.09 -65.09 -65.09 -65.09 -65.06 -65.09 -65.09 -65.12 -65.16 -65.16 -65.19 -65.22 -65.25 -65.31 -65.38 -65.44 -65.50 -65.56 -65.62 -65.66 -65.72 -65.81 -65.94 -66.06 -66.19 -66.25 -66.31 -66.34 -66.34
-60.22 -60.62 -61.00 -61.38 -61.75 -62.09 -62.41 -62.75 -63.06 -63.38 -63.66 -63.91 -64.16 -64.38 -64.59 -64.75 -64.91 -65.06 -65.16 -65.25 -65.31 -65.34 -65.38 -65.38 -65.38 -65.34 -65.34 -65.34 -65.31 -65.31 -65.28 -65.28 -65.25 -65.28 -65.28 -65.31 -65.31 -65.34 -65.34 -65.38 -65.38 -65.38 -65.38 -65.41 -65.41 -65.41 -65.44 -65.44 -65.47 -65.50 -65.53 -65.56 -65.59 -65.62 -65.69 -65.72 -65.78 -65.84 -65.91 -65.97 -66.03 -66.09 -66.12 -66.22 -66.31 -66.44 -66.53 -66.62 -66.69 -66.72 -66.72
-60.06 -60.47 -60.84 -61.22 -61.59 -61.94 -62.28 -62.66 -63.00 -63.31 -63.62 -63.91 -64.16 -64.41 -64.59 -64.78 -64.94 -65.09 -65.19 -65.28 -65.34 -65.41 -65.41 -65.41 -65.41 -65.41 -65.41 -65.41 -65.38 -65.38 -65.38 -65.34 -65.38 -65.38 -65.41 -65.44 -65.47 -65.50 -65.53 -65.56 -65.59 -65.62 -65.62 -65.66 -65.69 -65.72 -65.75 -65.78 -65.84 -65.88 -65.91 -65.97 -66.00 -66.03 -66.09 -66.12 -66.19 -66.22 -66.28 -66.38 -66.44 -66.47 -66.50 -66.56 -66.66 -66.78 -66.88 -66.97 -67.03 -67.06 -67.06
-59.88 -60.28 -60.69 -61.09 -61.50 -61.88 -62.28 -62.66 -63.00 -63.34 -63.66 -63.94 -64.22 -64.44 -64.66 -64.84 -65.00 -65.12 -65.25 -65.34 -65.41 -65.44 -65.47 -65.47 -65.47 -65.47 -65.47 -65.47 -65.44 -65.44 -65.44 -65.44 -65.47 -65.50 -65.53 -65.56 -65.62 -65.66 -65.72 -65.75 -65.78 -65.84 -65.88 -65.91 -65.97 -66.00 -66.06 -66.12 -66.16 -66.22 -66.28 -66.31 -66.38 -66.41 -66.47 -66.50 -66.56 -66.59 -66.66 -66.72 -66.78 -66.84 -66.88 -66.91 -67.00 -67.09 -67.19 -67.28 -67.34 -67.38 -67.38
-59.72 -60.19 -60.62 -61.09 -61.53 -61.94 -62.34 -62.72 -63.09 -63.41 -63.72 -64.00 -64.28 -64.53 -64.72 -64.91 -65.06 -65.19 -65.31 -65.38 -65.44 -65.50 -65.53 -65.53 -65.53 -65.53 -65.53 -65.53 -65.53 -65.50 -65.50 -65.53 -65.53 -65.59 -65.62 -65.69 -65.75 -65.78 -65.84 -65.91 -65.97 -66.03 -66.09 -66.16 -66.22 -66.28 -66.34 -66.41 -66.47 -66.53 -66.59 -66.62 -66.69 -66.75 -66.81 -66.84 -66.91 -66.94 -67.00 -67.06 -67.12 -67.16 -67.22 -67.25 -67.31 -67.38 -67.47 -67.56 -67.62 -67.66 -67.69
-59.75 -60.22 -60.69 -61.16 -61.62 -62.03 -62.44 -62.84 -63.19 -63.53 -63.84 -64.12 -64.38 -64.59 -64.81 -65.00 -65.12 -65.25 -65.38 -65.44 -65.50 -65.53 -65.56 -65.59 -65.59 -65.59 -65.59 -65.59 -65.59 -65.59 -65.59 -65.59 -65.62 -65.66 -65.72 -65.78 -65.84 -65.91 -65.97 -66.06 -66.12 -66.19 -66.28 -66.34 -66.44 -66.50 -66.59 -66.66 -66.72 -66.81 -66.88 -66.94 -67.00 -67.06 -67.12 -67.16 -67.22 -67.25 -67.28 -67.34 -67.44 -67.47 -67.50 -67.53 -67.59 -67.66 -67.72 -67.81 -67.88 -67.91 -67.94
-59.81 -60.31 -60.78 -61.25 -61.69 -62.12 -62.56 -62.94 -63.31 -63.66 -63.97 -64.22 -64.47 -64.69 -64.91 -65.06 -65.22 -65.34 -65.44 -65.50 -65.56 -65.59 -65.62 -65.66 -65.66 -65.66 -65.66 -65.66 -65.66 -65.66 -65.66 -65.66 -65.69 -65.72 -65.78 -65.84 -65.94 -66.00 -66.09 -66.16 -66.25 -66.34 -66.44 -66.53 -66.62 -66.72 -66.81 -66.88 -66.97 -67.03 -67.12 -67.19 -67.25 -67.31 -67.38 -67.44 -67.47 -67.53 -67.56 -67.62 -67.69 -67.75 -67.78 -67.81 -67.84 -67.91 -67.97 -68.03 -68.09 -68.12 -68.16
-59.88 -60.38 -60.84 -61.31 -61.78 -62.22 -62.62 -63.03 -63.41 -63.75 -64.03 -64.31 -64.56 -64.78 -64.97 -65.12 -65.28 -65.38 -65.47 -65.53 -65.59 -65.66 -65.66 -65.69 -65.69 -65.69 -65.69 -65.69 -65.69 -65.69 -65.72 -65.72 -65.75 -65.78 -65.84 -65.91 -66.00 -66.09 -66.19 -66.28 -66.38 -66.47 -66.59 -66.69 -66.78 -66.91 -66.97 -67.06 -67.16 -67.25 -67.34 -67.41 -67.47 -67.53 -67.62 -67.66 -67.72 -67.78 -67.81 -67.88 -67.94 -67.97 -68.00 -68.03 -68.06 -68.12 -68.16 -68.22 -68.28 -68.34 -68.34
