everonasctiles/Tile[46,24].asc
ncols 128
nrows 128
xllcorner 0
yllcorner 0
cellsize 2.0
NODATA_value  -9999
[rows 93 to 123 of 128, columns 0 to 68 of 128]
-100.66 -100.12 -99.62 -99.22 -98.91 -98.88 -99.03 -99.19 -99.34 -99.53 -99.72 -99.91 -100.03 -100.12 -100.12 -100.06 -99.97 -99.84 -99.72 -99.53 -99.34 -99.12 -98.84 -98.53 -98.19 -97.75 -97.28 -96.81 -96.31 -95.72 -94.97 -94.34 -94.25 -94.38 -94.47 -94.56 -94.66 -94.72 -94.78 -94.88 -94.94 -95.00 -95.03 -95.06 -95.06 -95.06 -95.03 -95.03 -94.97 -94.91 -94.81 -94.69 -94.50 -94.28 -94.03 -93.75 -93.19 -92.72 -92.62 -92.81 -93.19 -93.41 -93.56 -93.72 -93.84 -93.97 -94.03 -94.06 -93.97
-100.12 -99.53 -99.09 -98.72 -98.53 -98.66 -98.97 -99.16 -99.34 -99.56 -99.75 -99.94 -100.09 -100.19 -100.25 -100.19 -100.12 -100.00 -99.84 -99.66 -99.44 -99.19 -98.91 -98.59 -98.22 -97.81 -97.34 -96.84 -96.31 -95.81 -95.16 -94.47 -94.19 -94.25 -94.34 -94.44 -94.53 -94.62 -94.72 -94.81 -94.91 -95.00 -95.03 -95.06 -95.06 -95.09 -95.09 -95.06 -95.06 -95.00 -94.91 -94.78 -94.59 -94.34 -94.06 -93.78 -93.12 -92.31 -91.91 -91.94 -92.31 -92.78 -93.12 -93.28 -93.38 -93.47 -93.53 -93.50 -93.09
-100.06 -99.50 -99.06 -98.72 -98.47 -98.47 -98.81 -99.12 -99.34 -99.56 -99.78 -100.00 -100.16 -100.25 -100.31 -100.28 -100.22 -100.09 -99.94 -99.72 -99.47 -99.19 -98.88 -98.50 -98.12 -97.72 -97.28 -96.78 -96.25 -95.75 -95.16 -94.41 -94.03 -94.09 -94.19 -94.28 -94.41 -94.53 -94.66 -94.75 -94.88 -94.97 -95.03 -95.06 -95.09 -95.09 -95.12 -95.12 -95.12 -95.09 -95.00 -94.88 -94.66 -94.41 -94.12 -93.81 -93.12 -92.12 -91.34 -91.12 -91.38 -91.88 -92.50 -92.81 -92.94 -93.00 -93.03 -92.84 -92.25
-100.69 -100.22 -99.81 -99.41 -98.91 -98.56 -98.59 -98.97 -99.34 -99.62 -99.84 -100.06 -100.22 -100.34 -100.38 -100.38 -100.28 -100.16 -99.97 -99.75 -99.47 -99.12 -98.78 -98.38 -97.97 -97.56 -97.12 -96.62 -96.12 -95.62 -95.09 -94.38 -93.88 -93.91 -94.06 -94.19 -94.31 -94.44 -94.56 -94.69 -94.81 -94.91 -94.97 -95.03 -95.06 -95.09 -95.12 -95.16 -95.19 -95.19 -95.09 -94.94 -94.75 -94.47 -94.16 -93.81 -93.25 -92.19 -91.25 -90.69 -90.66 -91.00 -91.59 -92.19 -92.44 -92.47 -92.38 -91.97 -91.59
-101.75 -101.38 -100.97 -100.38 -99.66 -99.03 -98.75 -98.88 -99.28 -99.69 -99.97 -100.19 -100.34 -100.44 -100.47 -100.44 -100.34 -100.19 -100.00 -99.75 -99.44 -99.09 -98.69 -98.25 -97.81 -97.38 -96.91 -96.47 -95.97 -95.47 -95.03 -94.41 -93.81 -93.81 -93.97 -94.09 -94.25 -94.38 -94.50 -94.62 -94.75 -94.81 -94.91 -94.97 -95.03 -95.09 -95.12 -95.19 -95.22 -95.22 -95.16 -95.00 -94.78 -94.50 -94.19 -93.81 -93.31 -92.47 -91.66 -91.09 -90.66 -90.47 -90.75 -91.19 -91.50 -91.53 -91.41 -91.25 -91.44
-103.03 -102.72 -102.19 -101.31 -100.41 -99.75 -99.38 -99.28 -99.47 -99.88 -100.19 -100.38 -100.50 -100.59 -100.59 -100.50 -100.38 -100.22 -100.00 -99.75 -99.44 -99.06 -98.62 -98.19 -97.72 -97.22 -96.72 -96.25 -95.78 -95.31 -94.84 -94.28 -93.78 -93.75 -93.91 -94.03 -94.16 -94.31 -94.44 -94.53 -94.66 -94.72 -94.81 -94.88 -94.97 -95.03 -95.09 -95.16 -95.22 -95.22 -95.16 -95.00 -94.81 -94.53 -94.19 -93.84 -93.38 -92.84 -92.34 -91.88 -91.38 -90.69 -90.25 -90.38 -90.59 -90.69 -90.78 -91.09 -91.81
-104.06 -103.53 -103.00 -102.03 -101.16 -100.62 -100.28 -100.06 -100.12 -100.34 -100.59 -100.69 -100.75 -100.78 -100.72 -100.59 -100.44 -100.22 -99.97 -99.69 -99.38 -99.00 -98.56 -98.09 -97.66 -97.09 -96.47 -95.91 -95.41 -94.88 -94.38 -93.91 -93.59 -93.69 -93.81 -93.94 -94.06 -94.19 -94.31 -94.44 -94.53 -94.62 -94.69 -94.78 -94.88 -94.94 -95.03 -95.09 -95.16 -95.19 -95.12 -95.00 -94.78 -94.53 -94.22 -93.84 -93.47 -93.03 -92.59 -92.12 -91.66 -91.16 -90.34 -89.94 -90.09 -90.41 -90.88 -91.41 -91.94
-104.69 -104.09 -103.50 -102.56 -101.88 -101.56 -101.31 -101.06 -100.97 -101.06 -101.12 -101.09 -101.06 -101.03 -100.91 -100.72 -100.50 -100.25 -99.97 -99.66 -99.28 -98.91 -98.47 -98.00 -97.53 -96.81 -96.00 -95.31 -94.75 -94.28 -93.91 -93.59 -93.44 -93.56 -93.69 -93.81 -93.94 -94.06 -94.19 -94.28 -94.38 -94.47 -94.56 -94.62 -94.72 -94.81 -94.91 -95.00 -95.09 -95.12 -95.09 -94.97 -94.78 -94.53 -94.25 -93.91 -93.53 -93.12 -92.69 -92.16 -91.66 -91.19 -90.44 -89.94 -90.25 -90.69 -91.06 -91.47 -91.88
-105.31 -104.62 -103.94 -103.00 -102.62 -102.53 -102.34 -102.09 -101.88 -101.72 -101.59 -101.50 -101.41 -101.28 -101.12 -100.88 -100.62 -100.31 -99.97 -99.59 -99.22 -98.78 -98.34 -97.91 -97.34 -96.44 -95.59 -94.91 -94.47 -94.25 -94.09 -93.91 -93.62 -93.41 -93.53 -93.62 -93.75 -93.88 -94.00 -94.09 -94.19 -94.28 -94.34 -94.44 -94.53 -94.66 -94.78 -94.88 -95.00 -95.06 -95.03 -94.94 -94.75 -94.53 -94.25 -93.94 -93.56 -93.12 -92.62 -92.09 -91.53 -90.84 -90.25 -89.97 -90.41 -90.72 -91.03 -91.38 -91.72
-105.78 -105.06 -104.12 -103.50 -103.44 -103.28 -103.03 -102.75 -102.44 -102.22 -102.03 -101.91 -101.75 -101.59 -101.34 -101.06 -100.75 -100.44 -100.03 -99.62 -99.19 -98.75 -98.28 -97.81 -97.06 -96.16 -95.34 -94.91 -94.91 -94.88 -94.69 -94.44 -94.03 -93.50 -93.25 -93.41 -93.53 -93.66 -93.78 -93.88 -93.94 -94.03 -94.09 -94.19 -94.31 -94.44 -94.59 -94.75 -94.88 -94.97 -94.97 -94.88 -94.72 -94.50 -94.22 -93.88 -93.50 -93.03 -92.53 -91.88 -90.97 -90.28 -89.88 -89.97 -90.38 -90.62 -90.91 -91.19 -91.50
-106.22 -105.28 -104.47 -104.25 -104.06 -103.81 -103.50 -103.22 -102.91 -102.66 -102.44 -102.25 -102.06 -101.84 -101.59 -101.28 -100.94 -100.56 -100.19 -99.75 -99.25 -98.66 -98.00 -97.38 -96.66 -95.88 -95.41 -95.50 -95.50 -95.31 -95.03 -94.69 -94.31 -93.72 -93.16 -93.09 -93.28 -93.41 -93.53 -93.59 -93.66 -93.72 -93.81 -93.94 -94.09 -94.25 -94.41 -94.59 -94.72 -94.84 -94.88 -94.81 -94.66 -94.44 -94.16 -93.81 -93.41 -92.94 -92.34 -91.44 -90.53 -89.88 -89.59 -89.91 -90.25 -90.44 -90.69 -90.94 -91.22
-106.59 -105.69 -105.25 -104.97 -104.66 -104.31 -104.00 -103.66 -103.31 -103.03 -102.78 -102.56 -102.34 -102.09 -101.78 -101.47 -101.12 -100.75 -100.31 -99.88 -99.31 -98.44 -97.59 -96.88 -96.28 -95.91 -95.97 -96.06 -95.94 -95.66 -95.31 -94.91 -94.47 -93.94 -93.28 -92.88 -93.03 -93.16 -93.22 -93.28 -93.31 -93.38 -93.44 -93.56 -93.81 -94.03 -94.22 -94.41 -94.56 -94.69 -94.75 -94.69 -94.53 -94.31 -94.06 -93.69 -93.28 -92.81 -92.16 -91.25 -90.41 -89.91 -89.66 -89.72 -90.06 -90.22 -90.41 -90.62 -90.88
-107.06 -106.44 -105.97 -105.56 -105.16 -104.78 -104.41 -104.00 -103.62 -103.31 -103.03 -102.78 -102.53 -102.25 -101.97 -101.62 -101.28 -100.91 -100.47 -100.03 -99.41 -98.47 -97.56 -96.91 -96.56 -96.53 -96.62 -96.53 -96.31 -95.97 -95.53 -95.09 -94.62 -94.09 -93.50 -92.91 -92.78 -92.88 -92.91 -92.94 -92.94 -92.94 -92.88 -92.97 -93.38 -93.78 -94.03 -94.22 -94.41 -94.56 -94.62 -94.56 -94.41 -94.19 -93.91 -93.59 -93.19 -92.72 -92.16 -91.47 -90.81 -90.41 -90.06 -89.69 -89.78 -89.97 -90.12 -90.28 -90.50
-107.69 -107.09 -106.56 -106.06 -105.59 -105.12 -104.66 -104.22 -103.81 -103.44 -103.12 -102.88 -102.62 -102.34 -102.06 -101.75 -101.41 -101.00 -100.59 -100.19 -99.59 -98.75 -98.00 -97.56 -97.38 -97.28 -97.16 -96.94 -96.62 -96.19 -95.72 -95.19 -94.69 -94.16 -93.59 -93.03 -92.62 -92.59 -92.59 -92.56 -92.56 -92.41 -92.12 -92.31 -92.88 -93.50 -93.81 -94.06 -94.28 -94.44 -94.47 -94.41 -94.25 -94.03 -93.75 -93.44 -93.09 -92.66 -92.16 -91.59 -91.09 -90.62 -90.28 -89.78 -89.41 -89.53 -89.78 -89.94 -90.12
-108.12 -107.53 -107.00 -106.44 -105.88 -105.34 -104.78 -104.28 -103.81 -103.41 -103.09 -102.84 -102.59 -102.38 -102.09 -101.81 -101.47 -101.09 -100.72 -100.28 -99.78 -99.22 -98.72 -98.31 -98.03 -97.81 -97.56 -97.19 -96.75 -96.28 -95.75 -95.22 -94.69 -94.12 -93.56 -93.06 -92.56 -92.31 -92.28 -92.22 -92.09 -91.69 -91.47 -91.81 -92.53 -93.22 -93.62 -93.91 -94.12 -94.31 -94.34 -94.25 -94.09 -93.88 -93.62 -93.31 -92.97 -92.56 -92.12 -91.62 -91.16 -90.69 -90.31 -89.72 -89.09 -88.97 -89.22 -89.53 -89.72
-108.41 -107.81 -107.22 -106.62 -106.03 -105.44 -104.81 -104.22 -103.72 -103.28 -102.97 -102.72 -102.50 -102.28 -102.06 -101.81 -101.50 -101.16 -100.78 -100.41 -99.97 -99.53 -99.16 -98.78 -98.47 -98.12 -97.75 -97.31 -96.78 -96.25 -95.72 -95.16 -94.59 -94.03 -93.47 -92.97 -92.44 -92.00 -91.88 -91.72 -91.41 -91.09 -91.19 -91.72 -92.44 -93.06 -93.44 -93.75 -94.00 -94.19 -94.22 -94.12 -93.97 -93.78 -93.50 -93.19 -92.84 -92.47 -92.06 -91.62 -91.16 -90.72 -90.25 -89.50 -88.81 -88.47 -88.56 -88.84 -89.16
-108.44 -107.88 -107.28 -106.69 -106.09 -105.50 -104.84 -104.22 -103.59 -103.12 -102.78 -102.53 -102.34 -102.16 -101.97 -101.75 -101.50 -101.19 -100.84 -100.47 -100.09 -99.75 -99.38 -99.03 -98.69 -98.28 -97.84 -97.31 -96.75 -96.12 -95.53 -95.00 -94.44 -93.88 -93.31 -92.75 -92.09 -91.53 -91.25 -91.03 -90.84 -90.91 -91.41 -92.03 -92.53 -92.97 -93.34 -93.66 -93.91 -94.06 -94.12 -94.03 -93.88 -93.69 -93.44 -93.16 -92.81 -92.44 -92.03 -91.59 -91.12 -90.69 -90.06 -89.28 -88.56 -88.06 -87.94 -88.06 -88.28
-108.28 -107.78 -107.25 -106.72 -106.22 -105.66 -105.06 -104.34 -103.59 -102.97 -102.56 -102.31 -102.12 -101.97 -101.81 -101.66 -101.44 -101.16 -100.84 -100.53 -100.19 -99.84 -99.50 -99.12 -98.75 -98.38 -97.88 -97.31 -96.62 -95.84 -95.16 -94.56 -94.06 -93.50 -92.84 -92.12 -91.44 -90.94 -90.62 -90.47 -90.66 -91.22 -91.72 -92.16 -92.56 -92.94 -93.28 -93.56 -93.78 -93.97 -94.00 -93.94 -93.81 -93.62 -93.41 -93.12 -92.78 -92.44 -92.00 -91.56 -91.09 -90.59 -89.91 -89.19 -88.56 -88.06 -87.69 -87.53 -87.50
-108.12 -107.75 -107.34 -106.94 -106.50 -105.97 -105.31 -104.44 -103.56 -102.84 -102.41 -102.16 -101.97 -101.81 -101.66 -101.47 -101.31 -101.06 -100.78 -100.50 -100.19 -99.88 -99.53 -99.19 -98.84 -98.47 -98.06 -97.53 -96.72 -95.88 -95.12 -94.53 -93.91 -93.12 -92.28 -91.44 -90.69 -90.22 -90.03 -90.25 -90.88 -91.41 -91.75 -92.16 -92.53 -92.88 -93.19 -93.47 -93.69 -93.84 -93.91 -93.84 -93.72 -93.56 -93.34 -93.06 -92.75 -92.38 -91.97 -91.53 -91.06 -90.56 -90.00 -89.41 -88.91 -88.50 -88.09 -87.69 -87.28
-108.59 -108.12 -107.72 -107.34 -106.94 -106.38 -105.47 -104.47 -103.62 -103.03 -102.69 -102.38 -102.00 -101.72 -101.47 -101.28 -101.09 -100.91 -100.66 -100.41 -100.12 -99.84 -99.56 -99.28 -99.00 -98.72 -98.38 -97.91 -97.19 -96.44 -95.84 -95.34 -94.62 -93.50 -92.22 -91.09 -90.16 -89.59 -89.59 -90.19 -90.97 -91.41 -91.75 -92.12 -92.50 -92.81 -93.12 -93.38 -93.56 -93.69 -93.75 -93.72 -93.62 -93.44 -93.22 -92.97 -92.66 -92.31 -91.91 -91.50 -91.06 -90.59 -90.16 -89.69 -89.31 -88.94 -88.56 -88.19 -87.72
-109.09 -108.56 -108.22 -107.84 -107.44 -106.81 -105.75 -104.84 -104.22 -103.81 -103.28 -102.72 -102.19 -101.69 -101.31 -101.09 -100.88 -100.69 -100.50 -100.28 -100.06 -99.81 -99.62 -99.44 -99.22 -98.97 -98.66 -98.25 -97.72 -97.22 -96.81 -96.38 -95.53 -94.12 -92.62 -91.25 -90.12 -89.38 -89.28 -89.91 -90.75 -91.41 -91.75 -92.12 -92.47 -92.78 -93.03 -93.28 -93.44 -93.53 -93.56 -93.53 -93.44 -93.28 -93.06 -92.84 -92.56 -92.22 -91.84 -91.47 -91.03 -90.62 -90.22 -89.81 -89.44 -89.09 -88.75 -88.44 -88.12
-109.44 -109.00 -108.75 -108.41 -108.00 -107.28 -106.44 -105.75 -105.09 -104.41 -103.72 -103.03 -102.31 -101.56 -101.09 -100.84 -100.66 -100.47 -100.28 -100.12 -99.94 -99.81 -99.75 -99.66 -99.47 -99.22 -98.94 -98.56 -98.16 -97.72 -97.28 -96.88 -96.28 -94.91 -93.41 -91.97 -90.69 -89.72 -89.22 -89.62 -90.44 -91.28 -91.78 -92.12 -92.47 -92.75 -93.00 -93.19 -93.31 -93.38 -93.38 -93.34 -93.25 -93.12 -92.91 -92.69 -92.41 -92.12 -91.78 -91.41 -91.03 -90.66 -90.28 -89.91 -89.56 -89.22 -88.91 -88.62 -88.31
-109.69 -109.50 -109.34 -109.03 -108.56 -107.91 -107.19 -106.44 -105.69 -104.88 -104.06 -103.25 -102.19 -101.28 -100.66 -100.34 -100.19 -100.06 -99.97 -99.84 -99.91 -99.97 -100.00 -99.91 -99.75 -99.53 -99.22 -98.91 -98.53 -98.16 -97.72 -97.25 -96.75 -95.75 -94.38 -93.00 -91.69 -90.50 -89.69 -89.62 -90.34 -91.22 -91.84 -92.19 -92.47 -92.75 -92.97 -93.12 -93.19 -93.19 -93.16 -93.12 -93.06 -92.94 -92.72 -92.50 -92.25 -91.97 -91.66 -91.34 -91.00 -90.69 -90.34 -90.03 -89.69 -89.41 -89.09 -88.81 -88.53
-110.09 -110.19 -110.03 -109.66 -109.12 -108.47 -107.78 -106.97 -106.12 -105.22 -104.31 -103.09 -101.97 -101.03 -100.31 -99.84 -99.66 -99.62 -99.72 -99.97 -100.19 -100.28 -100.28 -100.19 -100.03 -99.81 -99.56 -99.25 -98.94 -98.56 -98.12 -97.59 -97.09 -96.44 -95.34 -94.12 -92.81 -91.53 -90.50 -90.06 -90.53 -91.34 -91.94 -92.22 -92.50 -92.78 -92.94 -93.03 -93.03 -92.97 -92.94 -92.88 -92.81 -92.72 -92.53 -92.31 -92.06 -91.81 -91.56 -91.28 -90.97 -90.69 -90.41 -90.12 -89.84 -89.56 -89.31 -89.03 -88.75
-110.81 -110.91 -110.69 -110.25 -109.66 -108.97 -108.19 -107.31 -106.31 -105.31 -104.12 -103.03 -102.03 -101.12 -100.34 -99.81 -99.62 -99.81 -100.16 -100.50 -100.62 -100.62 -100.56 -100.47 -100.31 -100.12 -99.88 -99.59 -99.28 -98.88 -98.41 -97.88 -97.34 -96.78 -96.12 -95.16 -93.97 -92.69 -91.50 -90.75 -90.81 -91.53 -92.03 -92.28 -92.56 -92.75 -92.91 -92.91 -92.84 -92.78 -92.72 -92.62 -92.56 -92.47 -92.31 -92.12 -91.91 -91.66 -91.44 -91.19 -90.94 -90.72 -90.47 -90.25 -90.00 -89.78 -89.50 -89.25 -88.94
-111.66 -111.62 -111.34 -110.81 -110.09 -109.31 -108.44 -107.44 -106.31 -105.28 -104.34 -103.41 -102.47 -101.62 -100.88 -100.34 -100.19 -100.44 -100.84 -101.00 -101.00 -100.94 -100.88 -100.75 -100.59 -100.38 -100.12 -99.84 -99.50 -99.09 -98.62 -98.12 -97.59 -97.06 -96.50 -95.91 -95.06 -93.78 -92.47 -91.47 -91.16 -91.66 -92.12 -92.38 -92.56 -92.75 -92.81 -92.78 -92.72 -92.59 -92.47 -92.38 -92.31 -92.25 -92.09 -91.94 -91.75 -91.53 -91.34 -91.12 -90.91 -90.72 -90.56 -90.38 -90.16 -89.94 -89.69 -89.41 -89.09
-112.50 -112.31 -111.88 -111.22 -110.47 -109.56 -108.62 -107.66 -106.78 -105.94 -105.00 -104.03 -103.16 -102.44 -101.75 -101.19 -101.00 -101.28 -101.47 -101.44 -101.34 -101.25 -101.12 -100.97 -100.78 -100.56 -100.31 -100.00 -99.66 -99.28 -98.84 -98.38 -97.88 -97.34 -96.75 -96.19 -95.62 -94.62 -93.28 -92.12 -91.53 -91.75 -92.25 -92.47 -92.66 -92.78 -92.78 -92.72 -92.56 -92.38 -92.22 -92.12 -92.06 -92.00 -91.91 -91.75 -91.59 -91.41 -91.22 -91.06 -90.91 -90.81 -90.69 -90.50 -90.31 -90.09 -89.84 -89.53 -89.22
-113.22 -112.88 -112.31 -111.56 -110.75 -109.94 -109.12 -108.38 -107.62 -106.75 -105.56 -104.53 -103.94 -103.44 -102.78 -102.19 -101.97 -102.09 -102.00 -101.81 -101.66 -101.53 -101.34 -101.16 -100.94 -100.69 -100.41 -100.12 -99.78 -99.41 -99.00 -98.56 -98.09 -97.59 -97.03 -96.41 -95.84 -95.06 -93.75 -92.62 -91.91 -91.91 -92.38 -92.66 -92.81 -92.94 -92.94 -92.81 -92.56 -92.22 -91.88 -91.72 -91.72 -91.75 -91.69 -91.56 -91.41 -91.25 -91.19 -91.12 -91.06 -90.97 -90.81 -90.66 -90.44 -90.19 -89.91 -89.62 -89.28
-113.78 -113.28 -112.62 -111.91 -111.16 -110.38 -109.56 -108.75 -107.94 -106.91 -105.69 -105.00 -104.84 -104.50 -103.84 -103.28 -102.97 -102.69 -102.44 -102.16 -101.91 -101.69 -101.47 -101.25 -101.00 -100.78 -100.50 -100.22 -99.91 -99.53 -99.16 -98.75 -98.28 -97.75 -97.19 -96.59 -96.03 -95.12 -94.06 -93.06 -92.38 -92.19 -92.53 -92.91 -93.06 -93.19 -93.19 -93.06 -92.81 -92.31 -91.84 -91.53 -91.47 -91.53 -91.53 -91.44 -91.34 -91.34 -91.34 -91.34 -91.25 -91.12 -90.97 -90.78 -90.53 -90.25 -89.94 -89.62 -89.28
-114.22 -113.62 -112.94 -112.22 -111.50 -110.72 -109.88 -108.97 -107.84 -106.59 -105.84 -105.78 -105.59 -105.22 -104.69 -104.12 -103.62 -103.19 -102.75 -102.34 -102.00 -101.75 -101.50 -101.28 -101.06 -100.84 -100.62 -100.34 -100.06 -99.72 -99.34 -98.91 -98.44 -97.91 -97.34 -96.78 -96.06 -95.25 -94.44 -93.62 -92.97 -92.62 -92.88 -93.28 -93.44 -93.53 -93.53 -93.41 -93.19 -92.72 -92.16 -91.88 -91.84 -91.94 -91.91 -91.78 -91.66 -91.62 -91.59 -91.53 -91.47 -91.31 -91.12 -90.88 -90.59 -90.28 -89.94 -89.56 -89.19
-114.50 -113.88 -113.19 -112.47 -111.72 -110.94 -109.97 -108.66 -107.44 -106.62 -106.53 -106.50 -106.19 -105.75 -105.22 -104.66 -104.09 -103.50 -102.88 -102.38 -101.97 -101.69 -101.47 -101.28 -101.09 -100.94 -100.78 -100.56 -100.28 -99.94 -99.56 -99.12 -98.66 -98.12 -97.53 -97.00 -96.41 -95.78 -95.16 -94.44 -93.69 -93.16 -93.28 -93.72 -93.88 -93.97 -93.94 -93.81 -93.59 -93.22 -92.69 -92.38 -92.38 -92.31 -92.22 -92.09 -91.97 -91.88 -91.81 -91.75 -91.66 -91.47 -91.22 -90.94 -90.62 -90.25 -89.88 -89.47 -89.06
