everonasctiles/Tile25,5.asc
ncols 128
nrows 128
xllcorner 0
yllcorner 0
cellsize 2.0
NODATA_value  -9999
[rows 64 to 95 of 128, columns 0 to 70 of 128]
-42.06 -42.12 -42.03 -42.12 -42.16 -42.22 -42.09 -41.91 -41.78 -41.78 -41.69 -41.56 -41.75 -41.91 -41.84 -41.62 -41.56 -41.59 -41.16 -41.06 -41.47 -41.56 -41.88 -41.84 -41.91 -41.75 -41.75 -41.88 -41.94 -41.91 -41.72 -42.06 -42.34 -42.44 -42.41 -42.34 -42.50 -42.72 -42.75 -42.91 -43.00 -43.19 -43.22 -43.38 -43.53 -43.47 -43.69 -43.72 -43.69 -43.81 -43.97 -44.25 -44.41 -44.41 -44.53 -44.62 -44.56 -44.97 -45.31 -45.56 -45.69 -45.97 -46.12 -46.34 -46.44 -46.53 -46.94 -47.34 -47.56 -47.84 -48.09
-42.09 -42.12 -42.19 -42.19 -42.22 -42.28 -42.19 -42.19 -42.03 -41.75 -41.84 -41.88 -41.78 -41.78 -41.75 -41.53 -41.66 -41.84 -41.66 -41.31 -41.69 -41.81 -41.94 -41.88 -41.91 -41.88 -42.00 -42.03 -42.03 -42.03 -42.09 -42.31 -42.44 -42.47 -42.53 -42.59 -42.56 -42.69 -42.75 -42.84 -43.00 -43.28 -43.38 -43.47 -43.66 -43.69 -43.78 -43.91 -43.88 -43.91 -44.12 -44.34 -44.47 -44.53 -44.78 -44.81 -44.94 -45.12 -45.41 -45.69 -45.84 -46.03 -46.38 -46.44 -46.75 -46.94 -47.25 -47.53 -47.69 -48.00 -48.28
-42.22 -42.03 -42.28 -42.25 -42.25 -42.41 -42.31 -42.34 -42.19 -41.97 -41.88 -41.94 -41.91 -41.84 -41.59 -41.72 -41.78 -41.84 -41.88 -41.50 -41.78 -41.75 -41.88 -42.03 -42.00 -41.94 -42.03 -42.00 -42.12 -42.19 -42.25 -42.50 -42.56 -42.56 -42.56 -42.66 -42.66 -42.81 -43.03 -43.12 -43.16 -43.34 -43.56 -43.59 -43.69 -43.78 -43.88 -43.94 -43.94 -44.03 -44.22 -44.31 -44.44 -44.69 -44.84 -45.00 -45.25 -45.34 -45.50 -45.75 -45.97 -46.22 -46.47 -46.72 -47.06 -47.25 -47.44 -47.69 -47.91 -48.16 -48.41
-42.06 -42.22 -42.19 -42.19 -42.31 -42.38 -42.44 -42.34 -42.22 -42.19 -42.06 -41.78 -41.78 -41.69 -41.81 -41.72 -41.66 -41.78 -42.03 -41.91 -41.78 -41.91 -41.94 -42.06 -41.97 -42.09 -42.00 -42.06 -42.16 -42.22 -42.47 -42.47 -42.66 -42.72 -42.59 -42.66 -42.72 -43.00 -43.16 -43.22 -43.28 -43.41 -43.56 -43.69 -43.75 -43.84 -43.94 -43.97 -44.03 -44.12 -44.25 -44.44 -44.69 -44.84 -44.81 -45.12 -45.34 -45.47 -45.72 -45.88 -46.25 -46.44 -46.66 -46.94 -47.19 -47.38 -47.59 -47.81 -48.03 -48.22 -48.50
-42.09 -42.12 -42.19 -42.19 -42.25 -42.31 -42.38 -42.44 -42.38 -42.31 -42.16 -41.91 -41.94 -41.94 -42.03 -42.06 -42.00 -42.09 -42.12 -42.03 -42.03 -41.81 -41.69 -41.88 -41.97 -42.09 -41.94 -42.09 -42.16 -42.41 -42.53 -42.56 -42.47 -42.66 -42.69 -42.81 -42.94 -42.94 -43.16 -43.19 -43.47 -43.53 -43.41 -43.62 -43.84 -43.81 -43.81 -43.97 -44.12 -44.25 -44.41 -44.53 -44.72 -44.91 -45.09 -45.22 -45.44 -45.69 -45.88 -46.12 -46.41 -46.62 -46.88 -47.09 -47.31 -47.50 -47.72 -47.91 -48.12 -48.34 -48.56
-42.28 -42.09 -42.25 -42.34 -42.34 -42.44 -42.47 -42.50 -42.47 -42.34 -42.16 -42.19 -42.22 -42.25 -42.25 -42.09 -42.06 -42.22 -42.28 -42.25 -42.16 -42.03 -42.00 -41.75 -42.09 -42.16 -42.12 -42.19 -42.16 -42.44 -42.41 -42.59 -42.75 -42.84 -42.81 -42.81 -42.84 -43.03 -43.19 -43.44 -43.62 -43.69 -43.66 -43.69 -43.81 -43.91 -44.03 -44.09 -44.22 -44.34 -44.38 -44.59 -44.78 -45.03 -45.22 -45.41 -45.56 -45.78 -46.03 -46.28 -46.50 -46.75 -46.97 -47.19 -47.41 -47.59 -47.78 -47.97 -48.19 -48.44 -48.69
-42.25 -42.38 -42.41 -42.41 -42.41 -42.50 -42.53 -42.53 -42.47 -42.34 -42.16 -42.28 -42.25 -42.34 -42.28 -42.22 -42.09 -42.31 -42.44 -42.38 -42.28 -42.22 -41.97 -42.22 -42.22 -42.16 -42.19 -42.28 -42.31 -42.50 -42.66 -42.78 -42.88 -42.81 -42.84 -42.78 -43.03 -43.06 -43.34 -43.56 -43.69 -43.81 -43.81 -43.78 -43.97 -44.00 -44.09 -44.06 -44.12 -44.25 -44.53 -44.69 -44.88 -45.06 -45.28 -45.50 -45.69 -45.91 -46.12 -46.38 -46.59 -46.84 -47.06 -47.28 -47.50 -47.69 -47.88 -48.03 -48.25 -48.50 -48.78
-42.34 -42.44 -42.44 -42.47 -42.47 -42.53 -42.53 -42.53 -42.47 -42.44 -42.34 -42.38 -42.28 -42.22 -42.28 -42.38 -42.38 -42.44 -42.44 -42.44 -42.41 -42.28 -42.06 -42.31 -42.38 -42.31 -42.34 -42.28 -42.31 -42.59 -42.75 -42.88 -42.84 -42.94 -42.94 -42.75 -43.03 -43.06 -43.47 -43.62 -43.72 -43.78 -43.91 -43.97 -44.03 -44.09 -44.16 -44.16 -44.25 -44.44 -44.59 -44.75 -44.94 -45.16 -45.34 -45.56 -45.78 -46.00 -46.22 -46.44 -46.69 -46.91 -47.16 -47.38 -47.56 -47.75 -47.91 -48.09 -48.28 -48.53 -48.81
-42.38 -42.44 -42.50 -42.50 -42.53 -42.44 -42.53 -42.56 -42.56 -42.53 -42.47 -42.44 -42.41 -42.28 -42.25 -42.34 -42.50 -42.44 -42.44 -42.41 -42.44 -42.34 -42.19 -42.34 -42.41 -42.44 -42.47 -42.47 -42.44 -42.53 -42.78 -42.84 -42.97 -43.03 -43.03 -43.03 -43.12 -43.22 -43.50 -43.66 -43.78 -43.84 -43.94 -44.00 -44.06 -44.12 -44.19 -44.22 -44.38 -44.50 -44.62 -44.81 -44.97 -45.19 -45.41 -45.66 -45.88 -46.06 -46.28 -46.50 -46.72 -46.97 -47.22 -47.44 -47.62 -47.81 -47.97 -48.12 -48.31 -48.56 -48.88
-42.38 -42.47 -42.50 -42.53 -42.53 -42.53 -42.53 -42.56 -42.56 -42.53 -42.50 -42.44 -42.38 -42.34 -42.44 -42.50 -42.56 -42.59 -42.59 -42.44 -42.56 -42.53 -42.44 -42.38 -42.50 -42.44 -42.47 -42.50 -42.59 -42.62 -42.69 -42.88 -43.00 -43.03 -43.12 -43.09 -43.12 -43.31 -43.50 -43.66 -43.78 -43.88 -43.94 -44.00 -44.06 -44.12 -44.19 -44.31 -44.44 -44.56 -44.72 -44.84 -45.03 -45.25 -45.47 -45.69 -45.94 -46.16 -46.38 -46.56 -46.78 -47.03 -47.25 -47.50 -47.69 -47.88 -48.00 -48.16 -48.34 -48.59 -48.91
-42.38 -42.44 -42.50 -42.50 -42.50 -42.53 -42.53 -42.53 -42.53 -42.50 -42.47 -42.44 -42.41 -42.41 -42.44 -42.50 -42.56 -42.59 -42.62 -42.66 -42.62 -42.59 -42.56 -42.50 -42.47 -42.53 -42.53 -42.53 -42.59 -42.69 -42.78 -42.91 -43.03 -43.09 -43.16 -43.19 -43.16 -43.34 -43.50 -43.66 -43.78 -43.88 -43.94 -44.00 -44.06 -44.12 -44.25 -44.38 -44.50 -44.66 -44.78 -44.91 -45.09 -45.28 -45.53 -45.75 -46.00 -46.22 -46.41 -46.62 -46.81 -47.06 -47.31 -47.53 -47.75 -47.91 -48.03 -48.19 -48.38 -48.62 -48.91
-42.38 -42.44 -42.47 -42.50 -42.50 -42.50 -42.50 -42.50 -42.50 -42.47 -42.44 -42.41 -42.41 -42.41 -42.44 -42.50 -42.56 -42.62 -42.66 -42.69 -42.69 -42.66 -42.62 -42.59 -42.59 -42.56 -42.56 -42.56 -42.59 -42.69 -42.78 -42.91 -43.03 -43.12 -43.19 -43.22 -43.25 -43.34 -43.50 -43.66 -43.78 -43.88 -43.94 -44.00 -44.06 -44.16 -44.28 -44.44 -44.56 -44.72 -44.84 -45.00 -45.16 -45.34 -45.56 -45.81 -46.03 -46.25 -46.47 -46.66 -46.84 -47.09 -47.31 -47.56 -47.78 -47.94 -48.09 -48.22 -48.41 -48.66 -48.94
-42.34 -42.41 -42.44 -42.47 -42.47 -42.47 -42.47 -42.47 -42.47 -42.44 -42.41 -42.38 -42.38 -42.41 -42.44 -42.50 -42.59 -42.66 -42.69 -42.72 -42.72 -42.69 -42.69 -42.66 -42.62 -42.59 -42.56 -42.56 -42.59 -42.69 -42.78 -42.91 -43.03 -43.12 -43.19 -43.25 -43.28 -43.38 -43.50 -43.62 -43.78 -43.88 -43.94 -44.03 -44.09 -44.19 -44.31 -44.47 -44.62 -44.78 -44.91 -45.06 -45.22 -45.38 -45.62 -45.84 -46.09 -46.28 -46.50 -46.69 -46.88 -47.09 -47.34 -47.59 -47.81 -47.97 -48.09 -48.25 -48.44 -48.66 -48.94
-42.31 -42.34 -42.41 -42.44 -42.44 -42.44 -42.44 -42.41 -42.41 -42.38 -42.38 -42.34 -42.38 -42.41 -42.44 -42.50 -42.59 -42.66 -42.69 -42.72 -42.72 -42.72 -42.72 -42.69 -42.66 -42.62 -42.59 -42.56 -42.59 -42.69 -42.78 -42.88 -43.00 -43.12 -43.22 -43.28 -43.31 -43.38 -43.50 -43.62 -43.75 -43.88 -43.97 -44.03 -44.09 -44.22 -44.34 -44.50 -44.69 -44.81 -44.97 -45.12 -45.28 -45.44 -45.66 -45.88 -46.12 -46.31 -46.50 -46.72 -46.91 -47.12 -47.34 -47.59 -47.81 -47.97 -48.12 -48.25 -48.44 -48.66 -48.94
-42.25 -42.31 -42.34 -42.38 -42.38 -42.38 -42.38 -42.38 -42.38 -42.34 -42.34 -42.34 -42.34 -42.38 -42.44 -42.50 -42.59 -42.66 -42.69 -42.72 -42.72 -42.75 -42.75 -42.72 -42.69 -42.66 -42.59 -42.59 -42.59 -42.66 -42.75 -42.88 -43.00 -43.12 -43.25 -43.31 -43.34 -43.41 -43.50 -43.62 -43.75 -43.88 -44.00 -44.06 -44.12 -44.22 -44.38 -44.53 -44.72 -44.88 -45.03 -45.19 -45.34 -45.50 -45.69 -45.91 -46.12 -46.34 -46.53 -46.72 -46.94 -47.12 -47.38 -47.59 -47.81 -48.00 -48.12 -48.28 -48.44 -48.66 -48.94
-42.19 -42.22 -42.28 -42.31 -42.31 -42.34 -42.34 -42.34 -42.34 -42.31 -42.31 -42.31 -42.34 -42.38 -42.44 -42.50 -42.56 -42.62 -42.66 -42.69 -42.72 -42.75 -42.75 -42.75 -42.72 -42.66 -42.62 -42.59 -42.62 -42.66 -42.75 -42.84 -43.00 -43.12 -43.25 -43.31 -43.38 -43.44 -43.53 -43.66 -43.78 -43.91 -44.03 -44.09 -44.16 -44.25 -44.41 -44.56 -44.75 -44.91 -45.06 -45.22 -45.38 -45.53 -45.72 -45.94 -46.16 -46.34 -46.53 -46.75 -46.94 -47.16 -47.34 -47.56 -47.78 -47.97 -48.12 -48.28 -48.44 -48.66 -48.91
-42.12 -42.16 -42.22 -42.25 -42.28 -42.31 -42.31 -42.31 -42.31 -42.28 -42.28 -42.28 -42.31 -42.38 -42.44 -42.50 -42.56 -42.59 -42.62 -42.66 -42.69 -42.72 -42.75 -42.75 -42.72 -42.69 -42.66 -42.62 -42.66 -42.66 -42.72 -42.84 -42.97 -43.12 -43.25 -43.34 -43.38 -43.44 -43.53 -43.69 -43.81 -43.94 -44.03 -44.12 -44.19 -44.28 -44.44 -44.59 -44.78 -44.94 -45.09 -45.25 -45.41 -45.56 -45.72 -45.94 -46.16 -46.34 -46.56 -46.75 -46.97 -47.16 -47.34 -47.56 -47.75 -47.97 -48.12 -48.28 -48.44 -48.62 -48.91
-42.09 -42.12 -42.16 -42.22 -42.25 -42.28 -42.28 -42.28 -42.25 -42.25 -42.25 -42.25 -42.28 -42.34 -42.41 -42.47 -42.53 -42.56 -42.56 -42.59 -42.66 -42.69 -42.72 -42.72 -42.72 -42.72 -42.69 -42.69 -42.69 -42.69 -42.72 -42.81 -42.94 -43.09 -43.22 -43.31 -43.41 -43.50 -43.59 -43.72 -43.84 -43.97 -44.06 -44.12 -44.22 -44.31 -44.47 -44.66 -44.81 -44.97 -45.12 -45.28 -45.44 -45.59 -45.75 -45.94 -46.12 -46.34 -46.56 -46.75 -46.94 -47.16 -47.34 -47.53 -47.72 -47.94 -48.09 -48.25 -48.44 -48.62 -48.88
-42.06 -42.09 -42.16 -42.19 -42.22 -42.22 -42.25 -42.22 -42.22 -42.22 -42.22 -42.22 -42.25 -42.31 -42.38 -42.44 -42.50 -42.50 -42.53 -42.56 -42.59 -42.66 -42.69 -42.72 -42.75 -42.72 -42.72 -42.72 -42.69 -42.69 -42.72 -42.78 -42.91 -43.06 -43.22 -43.34 -43.44 -43.53 -43.62 -43.75 -43.84 -43.97 -44.06 -44.16 -44.25 -44.38 -44.53 -44.69 -44.84 -45.00 -45.16 -45.31 -45.47 -45.62 -45.75 -45.94 -46.12 -46.31 -46.53 -46.75 -46.94 -47.12 -47.31 -47.50 -47.69 -47.88 -48.06 -48.25 -48.41 -48.62 -48.88
-42.03 -42.06 -42.12 -42.16 -42.16 -42.19 -42.19 -42.19 -42.19 -42.16 -42.16 -42.19 -42.22 -42.28 -42.34 -42.41 -42.47 -42.47 -42.50 -42.53 -42.56 -42.62 -42.69 -42.72 -42.75 -42.75 -42.72 -42.72 -42.72 -42.69 -42.69 -42.75 -42.88 -43.03 -43.19 -43.34 -43.47 -43.56 -43.66 -43.75 -43.88 -43.97 -44.09 -44.19 -44.28 -44.41 -44.56 -44.72 -44.88 -45.03 -45.19 -45.34 -45.47 -45.62 -45.78 -45.91 -46.09 -46.28 -46.50 -46.69 -46.91 -47.09 -47.28 -47.47 -47.66 -47.84 -48.03 -48.22 -48.41 -48.62 -48.84
-42.00 -42.06 -42.09 -42.12 -42.12 -42.12 -42.12 -42.12 -42.12 -42.12 -42.12 -42.16 -42.19 -42.25 -42.31 -42.38 -42.44 -42.47 -42.47 -42.50 -42.53 -42.59 -42.66 -42.72 -42.72 -42.75 -42.72 -42.72 -42.72 -42.69 -42.69 -42.75 -42.88 -43.03 -43.19 -43.34 -43.50 -43.59 -43.69 -43.78 -43.88 -44.00 -44.09 -44.22 -44.31 -44.44 -44.59 -44.75 -44.94 -45.06 -45.22 -45.34 -45.50 -45.66 -45.78 -45.91 -46.09 -46.25 -46.47 -46.66 -46.84 -47.06 -47.25 -47.44 -47.62 -47.81 -48.00 -48.19 -48.41 -48.59 -48.84
-41.97 -42.03 -42.06 -42.09 -42.06 -42.06 -42.06 -42.06 -42.06 -42.06 -42.09 -42.12 -42.19 -42.25 -42.31 -42.38 -42.44 -42.44 -42.44 -42.47 -42.50 -42.56 -42.62 -42.69 -42.72 -42.72 -42.72 -42.69 -42.69 -42.69 -42.69 -42.75 -42.88 -43.03 -43.19 -43.38 -43.50 -43.62 -43.72 -43.78 -43.91 -44.00 -44.12 -44.22 -44.34 -44.47 -44.62 -44.78 -44.94 -45.09 -45.25 -45.38 -45.50 -45.66 -45.78 -45.91 -46.06 -46.22 -46.41 -46.59 -46.81 -47.00 -47.19 -47.38 -47.56 -47.75 -47.94 -48.16 -48.38 -48.59 -48.81
-41.94 -42.00 -42.03 -42.03 -42.03 -42.00 -42.00 -42.00 -42.03 -42.03 -42.06 -42.09 -42.16 -42.22 -42.31 -42.34 -42.41 -42.41 -42.44 -42.44 -42.47 -42.53 -42.59 -42.62 -42.66 -42.66 -42.66 -42.66 -42.69 -42.69 -42.72 -42.78 -42.91 -43.06 -43.22 -43.38 -43.50 -43.62 -43.72 -43.81 -43.91 -44.03 -44.12 -44.25 -44.34 -44.47 -44.62 -44.78 -44.94 -45.09 -45.25 -45.38 -45.50 -45.66 -45.78 -45.91 -46.03 -46.19 -46.38 -46.56 -46.75 -46.94 -47.12 -47.31 -47.50 -47.69 -47.91 -48.09 -48.31 -48.53 -48.75
-41.91 -41.97 -42.00 -42.00 -41.97 -41.97 -41.94 -41.97 -41.97 -42.00 -42.03 -42.09 -42.16 -42.22 -42.28 -42.31 -42.38 -42.38 -42.41 -42.41 -42.44 -42.47 -42.53 -42.59 -42.59 -42.62 -42.62 -42.66 -42.69 -42.72 -42.78 -42.84 -42.94 -43.06 -43.22 -43.38 -43.53 -43.66 -43.75 -43.81 -43.91 -44.03 -44.12 -44.22 -44.34 -44.47 -44.62 -44.75 -44.94 -45.09 -45.25 -45.38 -45.50 -45.62 -45.75 -45.88 -46.03 -46.16 -46.34 -46.50 -46.69 -46.88 -47.06 -47.25 -47.44 -47.62 -47.84 -48.06 -48.25 -48.47 -48.69
-41.91 -41.94 -41.97 -41.97 -41.94 -41.91 -41.91 -41.94 -41.97 -42.00 -42.03 -42.06 -42.12 -42.19 -42.25 -42.28 -42.31 -42.34 -42.34 -42.38 -42.41 -42.44 -42.47 -42.53 -42.56 -42.56 -42.59 -42.62 -42.69 -42.75 -42.81 -42.88 -42.97 -43.09 -43.25 -43.38 -43.53 -43.66 -43.75 -43.81 -43.91 -44.00 -44.12 -44.22 -44.34 -44.47 -44.59 -44.75 -44.91 -45.06 -45.22 -45.34 -45.47 -45.62 -45.75 -45.88 -46.00 -46.12 -46.28 -46.47 -46.62 -46.81 -46.97 -47.16 -47.34 -47.56 -47.78 -48.00 -48.19 -48.41 -48.62
-41.88 -41.91 -41.94 -41.91 -41.91 -41.88 -41.88 -41.91 -41.94 -41.97 -42.00 -42.06 -42.09 -42.16 -42.19 -42.25 -42.28 -42.28 -42.31 -42.34 -42.34 -42.38 -42.44 -42.47 -42.50 -42.53 -42.56 -42.62 -42.69 -42.75 -42.84 -42.91 -43.00 -43.12 -43.25 -43.41 -43.53 -43.66 -43.75 -43.81 -43.88 -43.97 -44.09 -44.19 -44.31 -44.44 -44.56 -44.72 -44.84 -45.00 -45.16 -45.31 -45.47 -45.59 -45.72 -45.84 -45.97 -46.09 -46.25 -46.41 -46.56 -46.72 -46.91 -47.09 -47.28 -47.50 -47.69 -47.91 -48.12 -48.31 -48.53
-41.81 -41.88 -41.88 -41.88 -41.88 -41.84 -41.88 -41.88 -41.91 -41.94 -41.97 -42.03 -42.06 -42.12 -42.16 -42.19 -42.19 -42.22 -42.25 -42.28 -42.31 -42.34 -42.38 -42.41 -42.47 -42.50 -42.56 -42.62 -42.69 -42.78 -42.84 -42.94 -43.03 -43.12 -43.25 -43.41 -43.53 -43.62 -43.72 -43.81 -43.88 -43.94 -44.06 -44.16 -44.28 -44.41 -44.53 -44.66 -44.81 -44.97 -45.12 -45.28 -45.41 -45.56 -45.69 -45.81 -45.94 -46.06 -46.19 -46.34 -46.50 -46.66 -46.81 -47.00 -47.19 -47.41 -47.62 -47.84 -48.03 -48.22 -48.44
-41.78 -41.81 -41.81 -41.84 -41.84 -41.84 -41.84 -41.84 -41.88 -41.91 -41.94 -42.00 -42.03 -42.06 -42.09 -42.12 -42.12 -42.16 -42.22 -42.25 -42.28 -42.31 -42.34 -42.38 -42.41 -42.47 -42.53 -42.59 -42.69 -42.78 -42.88 -42.94 -43.03 -43.12 -43.25 -43.38 -43.50 -43.62 -43.72 -43.78 -43.84 -43.91 -44.03 -44.12 -44.25 -44.34 -44.47 -44.62 -44.75 -44.91 -45.06 -45.22 -45.38 -45.50 -45.66 -45.78 -45.91 -46.00 -46.12 -46.28 -46.44 -46.59 -46.75 -46.94 -47.12 -47.34 -47.53 -47.75 -47.94 -48.12 -48.31
-41.72 -41.75 -41.78 -41.78 -41.78 -41.78 -41.81 -41.81 -41.84 -41.88 -41.91 -41.94 -41.97 -42.00 -42.03 -42.06 -42.06 -42.09 -42.16 -42.22 -42.25 -42.28 -42.31 -42.34 -42.38 -42.44 -42.50 -42.56 -42.66 -42.78 -42.88 -42.97 -43.03 -43.12 -43.22 -43.34 -43.47 -43.59 -43.66 -43.75 -43.81 -43.88 -43.97 -44.09 -44.19 -44.31 -44.44 -44.56 -44.69 -44.84 -45.00 -45.16 -45.31 -45.47 -45.59 -45.72 -45.84 -45.97 -46.06 -46.19 -46.34 -46.50 -46.69 -46.84 -47.06 -47.25 -47.47 -47.66 -47.88 -48.03 -48.22
-41.66 -41.69 -41.69 -41.72 -41.72 -41.75 -41.75 -41.78 -41.78 -41.84 -41.88 -41.91 -41.94 -41.97 -42.00 -42.00 -42.03 -42.06 -42.12 -42.19 -42.22 -42.25 -42.28 -42.31 -42.34 -42.41 -42.47 -42.56 -42.66 -42.75 -42.88 -42.97 -43.03 -43.09 -43.19 -43.28 -43.41 -43.53 -43.62 -43.69 -43.75 -43.84 -43.91 -44.03 -44.12 -44.25 -44.38 -44.50 -44.62 -44.78 -44.94 -45.09 -45.25 -45.41 -45.56 -45.69 -45.78 -45.91 -46.03 -46.12 -46.28 -46.44 -46.59 -46.78 -46.97 -47.16 -47.38 -47.56 -47.75 -47.94 -48.09
-41.56 -41.59 -41.59 -41.62 -41.66 -41.66 -41.69 -41.72 -41.75 -41.78 -41.81 -41.84 -41.91 -41.94 -41.97 -41.97 -42.00 -42.03 -42.06 -42.12 -42.19 -42.22 -42.25 -42.28 -42.31 -42.38 -42.44 -42.53 -42.62 -42.75 -42.84 -42.94 -43.03 -43.09 -43.16 -43.22 -43.34 -43.47 -43.56 -43.62 -43.69 -43.78 -43.84 -43.94 -44.06 -44.19 -44.31 -44.44 -44.56 -44.72 -44.88 -45.03 -45.19 -45.34 -45.50 -45.62 -45.75 -45.84 -45.97 -46.06 -46.19 -46.34 -46.50 -46.69 -46.88 -47.06 -47.25 -47.47 -47.66 -47.84 -48.00
-41.47 -41.47 -41.50 -41.53 -41.56 -41.59 -41.62 -41.66 -41.69 -41.72 -41.78 -41.81 -41.88 -41.91 -41.91 -41.94 -41.97 -41.97 -42.03 -42.06 -42.12 -42.19 -42.22 -42.25 -42.31 -42.34 -42.41 -42.50 -42.59 -42.72 -42.81 -42.91 -43.00 -43.06 -43.09 -43.16 -43.28 -43.41 -43.50 -43.56 -43.62 -43.72 -43.78 -43.88 -44.00 -44.12 -44.25 -44.38 -44.50 -44.66 -44.78 -44.94 -45.09 -45.25 -45.41 -45.56 -45.69 -45.78 -45.91 -46.00 -46.09 -46.25 -46.41 -46.59 -46.75 -46.94 -47.16 -47.34 -47.53 -47.72 -47.88
