everonasctiles/Tile[25,25].asc
ncols 128
nrows 128
xllcorner 0
yllcorner 0
cellsize 2.0
NODATA_value  -9999
[rows 64 to 95 of 128, columns 0 to 70 of 128]
161.53 161.38 161.25 161.22 161.19 161.25 161.31 161.38 161.53 161.66 161.75 161.81 161.84 161.88 161.88 161.91 161.94 162.00 162.06 162.12 162.22 162.28 162.44 162.56 162.69 162.84 162.94 163.03 163.09 163.12 163.09 163.00 162.94 162.75 162.53 162.34 162.12 161.94 161.75 161.59 161.47 161.38 161.34 161.34 161.38 161.50 161.56 161.78 161.72 161.47 161.47 161.47 161.47 161.50 161.50 161.72 162.03 162.06 161.94 161.78 161.66 161.16 160.59 160.34 160.22 160.09 159.97 159.84 159.75 159.62 159.59
161.69 161.47 161.41 161.38 161.31 161.34 161.44 161.50 161.66 161.78 161.84 161.91 161.94 161.94 161.94 161.97 161.97 162.03 162.09 162.16 162.22 162.31 162.47 162.59 162.72 162.84 162.97 163.06 163.12 163.09 163.06 162.97 162.81 162.66 162.50 162.34 162.12 161.97 161.78 161.62 161.50 161.41 161.38 161.38 161.41 161.50 161.62 161.75 161.84 161.56 161.47 161.50 161.50 161.53 161.53 161.59 161.88 162.03 161.91 161.78 161.41 160.94 160.59 160.34 160.22 160.09 159.94 159.81 159.72 159.59 159.56
161.81 161.62 161.56 161.50 161.44 161.50 161.56 161.66 161.78 161.88 161.94 161.97 162.00 162.00 162.00 162.00 162.00 162.06 162.09 162.19 162.25 162.34 162.50 162.62 162.75 162.91 163.03 163.12 163.12 163.12 163.06 162.97 162.81 162.66 162.50 162.34 162.12 161.97 161.81 161.69 161.56 161.47 161.41 161.41 161.47 161.53 161.66 161.78 161.88 161.75 161.53 161.53 161.53 161.56 161.56 161.56 161.72 161.91 161.88 161.59 161.25 160.91 160.59 160.38 160.22 160.06 159.94 159.81 159.69 159.56 159.53
161.94 161.78 161.75 161.69 161.59 161.66 161.72 161.78 161.88 161.97 162.00 162.03 162.03 162.03 162.03 162.03 162.03 162.09 162.12 162.19 162.28 162.41 162.53 162.66 162.81 162.97 163.09 163.16 163.19 163.16 163.06 162.94 162.84 162.66 162.50 162.34 162.16 162.03 161.88 161.75 161.66 161.56 161.50 161.47 161.50 161.56 161.66 161.75 161.88 161.88 161.62 161.56 161.56 161.56 161.56 161.56 161.62 161.78 161.81 161.47 161.19 160.88 160.62 160.44 160.25 160.09 159.94 159.78 159.66 159.53 159.50
162.03 161.94 161.88 161.81 161.75 161.78 161.81 161.88 161.97 162.00 162.06 162.06 162.06 162.06 162.06 162.03 162.06 162.09 162.16 162.25 162.34 162.44 162.53 162.69 162.88 163.03 163.16 163.25 163.28 163.25 163.12 163.00 162.88 162.69 162.53 162.41 162.25 162.12 161.97 161.88 161.78 161.69 161.66 161.62 161.66 161.69 161.75 161.81 161.88 161.94 161.72 161.56 161.56 161.56 161.56 161.56 161.59 161.69 161.72 161.41 161.16 160.88 160.66 160.47 160.28 160.09 159.94 159.78 159.62 159.53 159.50
162.06 162.03 162.00 161.97 161.94 161.91 161.91 161.97 162.00 162.06 162.09 162.09 162.09 162.06 162.06 162.03 162.06 162.12 162.19 162.25 162.34 162.47 162.56 162.72 162.91 163.06 163.22 163.28 163.31 163.31 163.25 163.12 163.00 162.81 162.66 162.47 162.31 162.16 162.03 161.94 161.88 161.81 161.78 161.78 161.81 161.84 161.88 161.91 161.94 161.94 161.88 161.62 161.56 161.56 161.59 161.59 161.59 161.62 161.66 161.38 161.12 160.91 160.69 160.50 160.28 160.09 159.94 159.72 159.59 159.53 159.50
162.09 162.09 162.06 162.03 162.00 162.00 162.00 162.00 162.06 162.06 162.09 162.09 162.06 162.03 162.03 162.03 162.09 162.12 162.19 162.28 162.38 162.47 162.59 162.75 162.91 163.09 163.25 163.34 163.38 163.31 163.19 163.06 162.91 162.75 162.62 162.47 162.31 162.19 162.09 162.00 161.94 161.88 161.84 161.84 161.88 161.91 161.94 161.94 161.97 161.97 161.94 161.69 161.59 161.59 161.59 161.59 161.59 161.59 161.62 161.38 161.16 160.94 160.72 160.53 160.31 160.12 159.94 159.69 159.62 159.56 159.53
162.06 162.09 162.12 162.09 162.06 162.06 162.03 162.03 162.06 162.06 162.06 162.06 162.03 162.00 162.03 162.06 162.09 162.12 162.22 162.28 162.38 162.50 162.62 162.78 162.94 163.12 163.22 163.22 163.19 163.09 163.00 162.91 162.78 162.66 162.53 162.41 162.28 162.19 162.09 162.03 161.97 161.94 161.94 161.94 161.94 161.94 161.94 161.97 161.97 161.97 161.97 161.81 161.62 161.59 161.59 161.59 161.59 161.62 161.62 161.47 161.16 160.94 160.75 160.56 160.34 160.19 160.00 159.78 159.66 159.56 159.53
162.03 162.09 162.12 162.09 162.09 162.06 162.06 162.06 162.03 162.03 162.03 162.03 162.00 162.00 162.03 162.06 162.09 162.12 162.22 162.28 162.41 162.50 162.62 162.78 162.94 163.03 163.09 163.06 163.03 162.97 162.88 162.78 162.69 162.53 162.41 162.28 162.25 162.19 162.12 162.06 162.00 161.97 161.94 161.94 161.94 161.97 161.97 161.97 161.97 161.97 161.97 161.91 161.66 161.59 161.62 161.62 161.62 161.62 161.62 161.53 161.19 160.97 160.75 160.56 160.38 160.19 160.03 159.84 159.69 159.59 159.53
161.97 162.03 162.06 162.06 162.06 162.03 162.03 162.00 162.00 161.97 161.97 162.00 162.00 162.00 162.03 162.06 162.09 162.16 162.22 162.31 162.41 162.53 162.62 162.75 162.88 162.94 162.97 162.94 162.91 162.84 162.75 162.59 162.44 162.34 162.31 162.25 162.22 162.19 162.12 162.06 162.03 162.00 161.97 161.97 161.97 161.97 161.97 161.97 161.97 161.97 161.94 161.94 161.78 161.62 161.62 161.62 161.62 161.62 161.59 161.56 161.25 160.97 160.78 160.56 160.38 160.22 160.09 159.94 159.81 159.69 159.56
161.84 161.94 161.97 162.00 162.00 161.97 161.97 161.97 161.97 161.97 161.97 161.97 162.00 162.03 162.03 162.09 162.12 162.19 162.25 162.34 162.44 162.53 162.66 162.78 162.81 162.84 162.84 162.81 162.69 162.62 162.53 162.44 162.38 162.31 162.25 162.22 162.19 162.16 162.09 162.06 162.03 162.03 162.00 162.00 162.00 162.00 161.97 161.97 161.97 161.94 161.94 161.91 161.84 161.66 161.62 161.62 161.59 161.59 161.59 161.56 161.41 161.00 160.78 160.59 160.38 160.25 160.12 160.00 159.88 159.75 159.66
161.69 161.81 161.88 161.91 161.91 161.91 161.84 161.88 161.91 161.91 161.97 162.00 162.03 162.06 162.09 162.12 162.19 162.25 162.31 162.38 162.47 162.56 162.66 162.69 162.69 162.69 162.62 162.53 162.50 162.47 162.44 162.38 162.34 162.28 162.22 162.19 162.16 162.12 162.09 162.06 162.06 162.03 162.03 162.03 162.00 162.00 162.00 161.97 161.94 161.94 161.91 161.88 161.84 161.66 161.59 161.59 161.59 161.59 161.59 161.56 161.47 161.09 160.78 160.56 160.38 160.28 160.16 160.03 159.91 159.81 159.72
161.53 161.66 161.72 161.78 161.81 161.81 161.78 161.81 161.88 161.91 161.97 162.03 162.06 162.09 162.12 162.16 162.19 162.25 162.28 162.34 162.44 162.50 162.53 162.56 162.56 162.50 162.47 162.44 162.44 162.41 162.38 162.34 162.31 162.25 162.19 162.12 162.12 162.09 162.06 162.06 162.06 162.03 162.03 162.03 162.03 162.00 162.00 161.97 161.94 161.91 161.91 161.88 161.81 161.69 161.59 161.59 161.56 161.56 161.56 161.56 161.50 161.28 160.75 160.59 160.41 160.28 160.19 160.06 159.94 159.84 159.75
161.31 161.44 161.59 161.62 161.66 161.72 161.75 161.81 161.88 161.94 162.00 162.06 162.09 162.12 162.12 162.16 162.19 162.22 162.28 162.31 162.38 162.41 162.41 162.41 162.44 162.44 162.41 162.41 162.38 162.38 162.31 162.28 162.22 162.16 162.16 162.12 162.09 162.09 162.06 162.06 162.06 162.06 162.03 162.03 162.03 162.00 162.00 161.97 161.94 161.91 161.88 161.88 161.81 161.72 161.59 161.56 161.56 161.56 161.56 161.53 161.53 161.34 160.84 160.59 160.44 160.31 160.22 160.09 160.00 159.88 159.78
161.22 161.34 161.47 161.53 161.56 161.66 161.72 161.78 161.88 161.97 162.03 162.06 162.09 162.12 162.16 162.16 162.19 162.22 162.25 162.28 162.31 162.31 162.34 162.38 162.38 162.38 162.38 162.34 162.34 162.31 162.28 162.25 162.22 162.19 162.12 162.09 162.09 162.06 162.06 162.06 162.06 162.06 162.06 162.03 162.03 162.00 162.00 161.97 161.94 161.91 161.88 161.84 161.81 161.72 161.59 161.56 161.56 161.53 161.53 161.53 161.53 161.41 161.06 160.62 160.47 160.34 160.22 160.12 160.00 159.91 159.81
161.12 161.25 161.34 161.44 161.50 161.59 161.69 161.81 161.91 162.00 162.06 162.09 162.09 162.12 162.12 162.16 162.19 162.22 162.22 162.25 162.28 162.31 162.31 162.31 162.34 162.34 162.31 162.31 162.25 162.25 162.22 162.22 162.16 162.12 162.09 162.06 162.06 162.06 162.06 162.06 162.06 162.06 162.06 162.03 162.03 162.00 162.00 161.97 161.94 161.91 161.88 161.84 161.81 161.72 161.62 161.53 161.53 161.53 161.53 161.53 161.50 161.47 161.19 160.75 160.50 160.38 160.25 160.12 160.03 159.94 159.81
161.06 161.16 161.25 161.38 161.47 161.59 161.69 161.81 161.94 162.03 162.06 162.06 162.09 162.12 162.12 162.16 162.16 162.19 162.22 162.22 162.25 162.28 162.28 162.28 162.28 162.28 162.25 162.25 162.22 162.19 162.12 162.09 162.09 162.09 162.06 162.06 162.06 162.06 162.06 162.06 162.06 162.06 162.06 162.06 162.03 162.03 162.00 161.97 161.94 161.91 161.84 161.81 161.78 161.72 161.66 161.56 161.53 161.50 161.50 161.50 161.50 161.47 161.25 160.84 160.56 160.38 160.28 160.16 160.03 159.94 159.84
161.06 161.19 161.28 161.34 161.44 161.56 161.69 161.81 161.94 162.03 162.03 162.06 162.09 162.09 162.12 162.12 162.16 162.19 162.19 162.22 162.22 162.22 162.22 162.22 162.25 162.25 162.25 162.25 162.19 162.16 162.09 162.03 162.06 162.06 162.06 162.06 162.06 162.06 162.06 162.06 162.06 162.06 162.06 162.06 162.03 162.03 162.00 161.97 161.94 161.91 161.84 161.81 161.78 161.72 161.66 161.56 161.50 161.50 161.47 161.47 161.47 161.44 161.31 160.94 160.66 160.41 160.28 160.16 160.03 159.94 159.81
161.09 161.19 161.31 161.34 161.41 161.53 161.69 161.81 161.94 162.00 162.03 162.06 162.06 162.09 162.12 162.12 162.16 162.16 162.19 162.19 162.19 162.19 162.19 162.28 162.34 162.31 162.25 162.22 162.16 162.12 162.06 162.00 162.03 162.06 162.06 162.06 162.06 162.06 162.06 162.06 162.06 162.06 162.06 162.06 162.03 162.03 162.00 161.97 161.94 161.91 161.88 161.84 161.78 161.72 161.66 161.56 161.50 161.47 161.44 161.44 161.44 161.41 161.34 161.00 160.66 160.44 160.25 160.12 160.03 159.91 159.81
161.09 161.22 161.34 161.34 161.72 161.75 161.75 161.81 161.91 161.97 162.00 162.03 162.06 162.09 162.09 162.12 162.12 162.16 162.16 162.16 162.19 162.19 162.19 162.41 162.44 162.44 162.28 162.22 162.12 162.09 162.03 162.00 162.00 162.06 162.06 162.06 162.06 162.06 162.06 162.06 162.06 162.06 162.06 162.06 162.06 162.03 162.00 162.00 161.94 161.91 161.88 161.84 161.81 161.72 161.66 161.59 161.47 161.44 161.41 161.41 161.38 161.38 161.34 161.06 160.62 160.44 160.25 160.12 160.00 159.91 159.78
161.12 161.28 161.44 161.72 161.75 161.75 161.75 161.81 161.88 161.94 161.97 162.03 162.06 162.06 162.09 162.09 162.12 162.12 162.12 162.16 162.16 162.19 162.25 162.34 162.41 162.44 162.41 162.22 162.16 162.06 162.00 161.97 161.97 162.03 162.06 162.06 162.06 162.06 162.06 162.06 162.09 162.09 162.06 162.06 162.06 162.03 162.03 162.00 161.97 161.94 161.91 161.84 161.81 161.72 161.66 161.59 161.50 161.41 161.38 161.38 161.34 161.34 161.34 161.16 160.69 160.38 160.19 160.09 160.00 159.88 159.78
161.16 161.41 161.69 161.75 161.75 161.75 161.78 161.84 161.88 161.91 161.97 162.00 162.03 162.06 162.06 162.09 162.09 162.12 162.12 162.12 162.12 162.25 162.28 162.31 162.34 162.41 162.44 162.25 162.12 162.03 161.97 161.97 161.94 161.94 162.06 162.06 162.06 162.06 162.06 162.06 162.12 162.16 162.06 162.06 162.06 162.06 162.03 162.00 161.97 161.94 161.91 161.88 161.81 161.75 161.78 161.78 161.75 161.53 161.34 161.34 161.31 161.31 161.31 161.22 160.78 160.34 160.16 160.06 159.97 159.88 159.78
161.16 161.47 161.75 161.75 161.75 161.75 161.78 161.84 161.88 161.91 161.94 161.97 162.03 162.06 162.06 162.06 162.09 162.09 162.09 162.09 162.12 162.22 162.25 162.31 162.34 162.38 162.44 162.44 162.09 162.00 161.97 161.94 161.88 161.91 162.06 162.06 162.06 162.06 162.06 162.06 162.09 162.09 162.09 162.06 162.06 162.06 162.06 162.03 162.00 161.94 161.91 161.88 161.81 161.75 161.78 161.78 161.78 161.59 161.31 161.31 161.28 161.28 161.25 161.25 160.88 160.34 160.12 160.06 159.97 159.88 159.81
161.16 161.38 161.75 161.75 161.75 161.75 161.78 161.84 161.88 161.91 161.94 161.97 162.03 162.06 162.06 162.06 162.06 162.09 162.09 162.09 162.09 162.19 162.22 162.28 162.31 162.38 162.44 162.44 162.09 162.03 162.00 161.94 161.94 161.94 161.97 162.03 162.03 162.06 162.06 162.06 162.06 162.06 162.06 162.06 162.06 162.06 162.06 162.03 162.00 161.97 161.94 161.88 161.81 161.75 161.78 161.78 161.78 161.69 161.34 161.25 161.25 161.25 161.22 161.22 161.00 160.44 160.09 160.03 159.97 159.91 159.81
161.12 161.31 161.56 161.69 161.75 161.75 161.75 161.81 161.84 161.91 161.94 161.97 162.03 162.06 162.06 162.06 162.06 162.06 162.06 162.06 162.09 162.16 162.22 162.28 162.31 162.38 162.44 162.44 162.06 162.03 162.00 161.97 161.97 161.97 162.00 162.03 162.03 162.06 162.06 162.06 162.06 162.06 162.06 162.06 162.06 162.06 162.06 162.03 162.00 161.97 161.94 161.88 161.81 161.78 161.78 161.78 161.78 161.75 161.47 161.22 161.22 161.22 161.19 161.19 161.09 160.56 160.09 160.03 159.97 159.91 159.84
161.09 161.28 161.47 161.59 161.75 161.75 161.75 161.78 161.84 161.91 161.94 161.97 162.03 162.03 162.06 162.06 162.06 162.06 162.06 162.06 162.06 162.16 162.22 162.25 162.31 162.34 162.38 162.44 162.38 162.06 162.00 161.97 161.97 161.97 162.00 162.03 162.03 162.06 162.06 162.06 162.06 162.06 162.06 162.06 162.06 162.06 162.06 162.03 162.00 161.97 161.94 161.88 161.81 161.78 161.78 161.78 161.78 161.78 161.56 161.22 161.19 161.19 161.16 161.16 161.12 160.72 160.16 160.03 159.97 159.94 159.91
161.06 161.25 161.41 161.53 161.75 161.75 161.75 161.75 161.78 161.94 161.97 161.97 162.00 162.00 162.03 162.06 162.06 162.03 162.03 162.03 162.03 162.12 162.19 162.25 162.28 162.31 162.31 162.31 162.25 162.16 162.06 162.03 162.03 162.03 162.03 162.03 162.03 162.06 162.06 162.06 162.06 162.06 162.06 162.06 162.06 162.06 162.06 162.03 162.00 161.97 161.94 161.88 161.78 161.78 161.78 161.78 161.78 161.78 161.66 161.34 161.16 161.12 161.12 161.12 161.09 160.88 160.25 160.03 160.00 159.97 159.94
161.06 161.22 161.34 161.50 161.75 161.75 161.81 161.88 161.88 161.91 161.91 161.94 161.94 161.97 162.00 162.03 162.03 162.03 162.03 162.03 162.03 162.09 162.19 162.22 162.28 162.25 162.25 162.25 162.22 162.16 162.09 162.06 162.03 162.03 162.03 162.06 162.06 162.06 162.06 162.06 162.06 162.06 162.06 162.06 162.06 162.06 162.03 162.03 162.00 161.97 161.94 161.88 161.78 161.78 161.78 161.78 161.78 161.78 161.75 161.44 161.12 161.09 161.09 161.09 161.06 160.97 160.44 160.03 160.03 160.03 160.03
161.03 161.19 161.31 161.47 161.66 161.78 161.81 161.81 161.81 161.84 161.84 161.88 161.91 161.94 161.94 161.97 161.97 162.00 162.00 162.00 162.00 162.03 162.12 162.16 162.19 162.22 162.22 162.19 162.19 162.16 162.12 162.06 162.06 162.06 162.03 162.06 162.06 162.06 162.06 162.06 162.06 162.06 162.03 162.03 162.03 162.03 162.03 162.00 161.97 161.94 161.91 161.88 161.78 161.78 161.78 161.78 161.78 161.78 161.78 161.53 161.12 161.06 161.06 161.06 161.03 161.00 160.62 160.09 160.09 160.09 160.09
161.00 161.16 161.28 161.44 161.56 161.66 161.69 161.72 161.72 161.75 161.78 161.81 161.84 161.88 161.91 161.91 161.94 161.94 161.94 161.94 161.97 161.97 162.06 162.12 162.12 162.16 162.16 162.16 162.16 162.12 162.09 162.06 162.06 162.06 162.06 162.06 162.06 162.06 162.06 162.06 162.03 162.03 162.03 162.03 162.03 162.03 162.00 162.00 161.97 161.94 161.88 161.84 161.78 161.78 161.78 161.78 161.78 161.78 161.78 161.66 161.16 161.03 161.03 161.00 161.00 161.00 160.78 160.28 160.25 160.34 160.41
160.91 161.06 161.19 161.31 161.44 161.53 161.59 161.62 161.66 161.69 161.69 161.72 161.78 161.81 161.81 161.84 161.88 161.88 161.91 161.91 161.94 161.94 161.97 162.09 162.09 162.09 162.12 162.12 162.12 162.09 162.06 162.06 162.03 162.03 162.03 162.03 162.03 162.06 162.06 162.03 162.03 162.03 162.03 162.00 162.00 162.00 161.97 161.97 161.94 161.91 161.84 161.78 161.78 161.78 161.78 161.78 161.78 161.78 161.78 161.75 161.19 161.00 161.00 160.97 160.97 160.97 160.91 160.78 160.62 160.56 160.50
160.81 160.94 161.06 161.19 161.31 161.41 161.47 161.50 161.53 161.59 161.62 161.66 161.69 161.72 161.75 161.78 161.81 161.81 161.84 161.88 161.91 161.91 161.94 161.97 162.00 162.03 162.03 162.06 162.06 162.09 162.03 162.03 162.03 162.03 162.03 162.03 162.03 162.03 162.03 162.03 162.03 162.03 162.00 162.00 161.97 161.97 161.94 161.88 161.78 161.78 161.78 161.78 161.78 161.78 161.78 161.78 161.78 161.78 161.78 161.78 161.50 161.00 160.97 160.94 160.94 160.91 160.91 160.81 160.66 160.59 160.53
