everonasctiles/Tile24,0.asc
ncols 128
nrows 128
xllcorner 0
yllcorner 0
cellsize 2.0
NODATA_value  -9999
[rows 0 to 30 of 128, columns 0 to 69 of 128]
-109.31 -109.06 -108.78 -108.44 -108.09 -107.72 -107.34 -106.94 -106.53 -106.09 -105.69 -105.31 -104.94 -104.56 -104.19 -103.84 -103.44 -103.03 -102.62 -102.22 -101.78 -101.34 -100.84 -100.31 -99.75 -99.16 -98.59 -98.03 -97.53 -97.00 -96.47 -95.91 -95.28 -94.66 -94.00 -93.34 -92.66 -91.94 -91.25 -90.59 -89.97 -89.31 -88.69 -88.00 -87.34 -86.66 -86.00 -85.31 -84.66 -84.03 -83.41 -82.81 -82.25 -81.72 -81.22 -80.72 -80.25 -79.78 -79.34 -78.91 -78.50 -78.09 -77.69 -77.31 -76.91 -76.53 -76.12 -75.72 -75.31 -74.88
-109.53 -109.25 -108.97 -108.66 -108.31 -108.00 -107.62 -107.25 -106.84 -106.44 -106.06 -105.69 -105.34 -104.97 -104.59 -104.25 -103.84 -103.44 -103.06 -102.66 -102.22 -101.75 -101.19 -100.59 -100.00 -99.44 -98.94 -98.44 -97.94 -97.41 -96.84 -96.25 -95.62 -94.97 -94.28 -93.59 -92.91 -92.19 -91.50 -90.84 -90.16 -89.47 -88.78 -88.09 -87.38 -86.69 -86.00 -85.34 -84.69 -84.06 -83.47 -82.88 -82.34 -81.78 -81.28 -80.78 -80.28 -79.84 -79.41 -78.97 -78.56 -78.19 -77.78 -77.41 -77.03 -76.62 -76.22 -75.81 -75.41 -74.94
-109.75 -109.47 -109.19 -108.91 -108.59 -108.28 -107.94 -107.56 -107.19 -106.81 -106.44 -106.06 -105.72 -105.34 -105.00 -104.62 -104.25 -103.88 -103.50 -103.09 -102.62 -102.06 -101.50 -100.91 -100.34 -99.88 -99.41 -98.91 -98.38 -97.78 -97.19 -96.53 -95.88 -95.22 -94.50 -93.81 -93.09 -92.38 -91.69 -90.97 -90.25 -89.53 -88.81 -88.09 -87.41 -86.69 -86.00 -85.34 -84.69 -84.09 -83.50 -82.91 -82.34 -81.81 -81.28 -80.78 -80.31 -79.88 -79.47 -79.06 -78.69 -78.31 -77.94 -77.56 -77.19 -76.78 -76.41 -75.97 -75.56 -75.12
-109.97 -109.72 -109.44 -109.19 -108.91 -108.59 -108.25 -107.88 -107.50 -107.16 -106.78 -106.44 -106.06 -105.69 -105.34 -105.00 -104.62 -104.28 -103.88 -103.44 -102.94 -102.38 -101.81 -101.31 -100.84 -100.38 -99.88 -99.34 -98.75 -98.16 -97.50 -96.88 -96.19 -95.50 -94.75 -94.03 -93.31 -92.56 -91.81 -91.06 -90.31 -89.56 -88.84 -88.12 -87.41 -86.69 -86.00 -85.34 -84.69 -84.06 -83.47 -82.91 -82.34 -81.81 -81.31 -80.81 -80.38 -79.94 -79.56 -79.19 -78.84 -78.47 -78.12 -77.75 -77.38 -77.00 -76.59 -76.19 -75.78 -75.34
-110.19 -109.97 -109.72 -109.44 -109.19 -108.88 -108.53 -108.16 -107.81 -107.47 -107.09 -106.72 -106.38 -106.03 -105.69 -105.34 -105.00 -104.62 -104.22 -103.78 -103.28 -102.75 -102.28 -101.81 -101.34 -100.84 -100.31 -99.72 -99.12 -98.53 -97.91 -97.25 -96.56 -95.84 -95.09 -94.31 -93.53 -92.72 -91.91 -91.09 -90.31 -89.56 -88.81 -88.09 -87.34 -86.66 -85.94 -85.25 -84.62 -84.00 -83.44 -82.88 -82.38 -81.88 -81.38 -80.91 -80.50 -80.09 -79.75 -79.38 -79.03 -78.66 -78.31 -77.94 -77.56 -77.19 -76.81 -76.41 -76.00 -75.56
-110.44 -110.19 -109.97 -109.69 -109.41 -109.09 -108.75 -108.41 -108.06 -107.72 -107.38 -107.00 -106.66 -106.31 -106.00 -105.69 -105.34 -104.97 -104.56 -104.12 -103.66 -103.22 -102.75 -102.28 -101.78 -101.22 -100.66 -100.09 -99.53 -98.94 -98.31 -97.66 -96.94 -96.19 -95.38 -94.53 -93.66 -92.72 -91.84 -91.03 -90.25 -89.53 -88.78 -88.03 -87.28 -86.53 -85.81 -85.12 -84.50 -83.94 -83.41 -82.91 -82.44 -81.97 -81.53 -81.09 -80.69 -80.31 -79.94 -79.59 -79.22 -78.88 -78.50 -78.12 -77.75 -77.38 -77.00 -76.62 -76.22 -75.78
-110.66 -110.41 -110.16 -109.91 -109.59 -109.28 -108.94 -108.62 -108.28 -107.94 -107.59 -107.25 -106.91 -106.59 -106.31 -106.00 -105.69 -105.34 -104.94 -104.50 -104.06 -103.62 -103.16 -102.66 -102.12 -101.56 -101.03 -100.50 -99.94 -99.38 -98.75 -98.03 -97.28 -96.50 -95.62 -94.66 -93.56 -92.50 -91.62 -90.91 -90.22 -89.53 -88.75 -87.94 -87.12 -86.34 -85.62 -85.00 -84.47 -83.97 -83.50 -83.06 -82.59 -82.16 -81.72 -81.28 -80.91 -80.53 -80.16 -79.78 -79.44 -79.06 -78.69 -78.31 -77.94 -77.56 -77.19 -76.78 -76.34 -75.91
-110.84 -110.59 -110.34 -110.06 -109.75 -109.44 -109.12 -108.81 -108.47 -108.12 -107.81 -107.47 -107.19 -106.91 -106.62 -106.34 -106.03 -105.66 -105.28 -104.84 -104.44 -104.00 -103.50 -102.97 -102.44 -101.94 -101.44 -100.91 -100.38 -99.75 -99.09 -98.34 -97.56 -96.75 -95.81 -94.75 -93.66 -92.78 -92.03 -91.34 -90.56 -89.75 -88.84 -87.94 -87.09 -86.38 -85.75 -85.22 -84.72 -84.22 -83.72 -83.25 -82.78 -82.34 -81.91 -81.50 -81.09 -80.72 -80.34 -79.97 -79.59 -79.22 -78.84 -78.47 -78.09 -77.72 -77.31 -76.88 -76.44 -75.97
-111.00 -110.75 -110.50 -110.22 -109.91 -109.62 -109.31 -108.97 -108.66 -108.34 -108.03 -107.75 -107.47 -107.22 -106.97 -106.69 -106.34 -105.97 -105.59 -105.19 -104.75 -104.28 -103.81 -103.28 -102.78 -102.31 -101.81 -101.28 -100.72 -100.06 -99.34 -98.59 -97.78 -96.94 -96.00 -95.12 -94.25 -93.47 -92.69 -91.88 -91.03 -90.12 -89.12 -88.22 -87.44 -86.78 -86.16 -85.56 -85.00 -84.47 -83.97 -83.47 -83.00 -82.53 -82.09 -81.69 -81.28 -80.91 -80.53 -80.12 -79.75 -79.38 -79.00 -78.62 -78.25 -77.84 -77.41 -76.97 -76.50 -76.03
-111.12 -110.88 -110.62 -110.34 -110.06 -109.75 -109.44 -109.12 -108.84 -108.53 -108.25 -108.00 -107.78 -107.53 -107.28 -106.97 -106.62 -106.25 -105.88 -105.47 -105.03 -104.56 -104.09 -103.59 -103.12 -102.66 -102.16 -101.56 -100.94 -100.25 -99.53 -98.75 -97.94 -97.16 -96.31 -95.53 -94.75 -93.91 -93.09 -92.25 -91.41 -90.47 -89.56 -88.69 -87.91 -87.22 -86.53 -85.91 -85.31 -84.75 -84.19 -83.66 -83.19 -82.72 -82.25 -81.84 -81.44 -81.03 -80.66 -80.28 -79.91 -79.53 -79.16 -78.78 -78.38 -77.97 -77.53 -77.06 -76.59 -76.12
-111.22 -110.97 -110.69 -110.44 -110.16 -109.88 -109.59 -109.31 -109.03 -108.75 -108.50 -108.28 -108.06 -107.81 -107.53 -107.22 -106.88 -106.50 -106.12 -105.72 -105.28 -104.81 -104.38 -103.91 -103.44 -102.94 -102.38 -101.75 -101.09 -100.41 -99.66 -98.88 -98.12 -97.38 -96.66 -95.91 -95.12 -94.28 -93.44 -92.59 -91.72 -90.84 -89.97 -89.12 -88.31 -87.59 -86.88 -86.19 -85.56 -84.94 -84.38 -83.84 -83.31 -82.84 -82.38 -81.97 -81.56 -81.16 -80.78 -80.41 -80.03 -79.66 -79.28 -78.91 -78.50 -78.09 -77.66 -77.19 -76.72 -76.22
-111.28 -111.03 -110.78 -110.53 -110.25 -110.00 -109.72 -109.47 -109.22 -108.97 -108.75 -108.53 -108.31 -108.03 -107.75 -107.44 -107.06 -106.72 -106.34 -105.94 -105.50 -105.06 -104.62 -104.16 -103.66 -103.12 -102.53 -101.91 -101.25 -100.53 -99.84 -99.12 -98.41 -97.72 -97.00 -96.25 -95.44 -94.59 -93.75 -92.91 -92.06 -91.22 -90.34 -89.50 -88.66 -87.88 -87.12 -86.41 -85.72 -85.09 -84.50 -83.97 -83.44 -82.97 -82.50 -82.09 -81.69 -81.28 -80.91 -80.53 -80.16 -79.78 -79.41 -79.03 -78.62 -78.22 -77.78 -77.31 -76.84 -76.34
-111.34 -111.09 -110.84 -110.59 -110.34 -110.09 -109.84 -109.62 -109.38 -109.16 -108.94 -108.72 -108.50 -108.22 -107.91 -107.59 -107.25 -106.91 -106.53 -106.12 -105.72 -105.31 -104.84 -104.34 -103.84 -103.28 -102.69 -102.09 -101.44 -100.78 -100.12 -99.47 -98.78 -98.09 -97.34 -96.56 -95.78 -94.97 -94.12 -93.28 -92.44 -91.56 -90.66 -89.78 -88.91 -88.09 -87.31 -86.56 -85.88 -85.25 -84.66 -84.12 -83.62 -83.12 -82.69 -82.28 -81.84 -81.44 -81.03 -80.66 -80.25 -79.88 -79.50 -79.12 -78.72 -78.31 -77.88 -77.44 -76.97 -76.50
-111.41 -111.19 -110.94 -110.69 -110.47 -110.22 -110.00 -109.75 -109.53 -109.31 -109.09 -108.88 -108.62 -108.34 -108.03 -107.72 -107.41 -107.06 -106.72 -106.31 -105.94 -105.50 -105.03 -104.53 -104.00 -103.47 -102.91 -102.31 -101.72 -101.12 -100.47 -99.81 -99.12 -98.44 -97.69 -96.94 -96.16 -95.34 -94.50 -93.66 -92.75 -91.81 -90.91 -90.00 -89.12 -88.28 -87.47 -86.75 -86.09 -85.50 -84.94 -84.41 -83.91 -83.44 -82.97 -82.50 -82.03 -81.59 -81.19 -80.78 -80.41 -80.03 -79.62 -79.25 -78.84 -78.44 -78.00 -77.53 -77.09 -76.62
-111.47 -111.25 -111.03 -110.78 -110.56 -110.34 -110.09 -109.88 -109.66 -109.44 -109.22 -109.00 -108.75 -108.47 -108.19 -107.88 -107.56 -107.22 -106.88 -106.50 -106.06 -105.62 -105.16 -104.69 -104.19 -103.69 -103.16 -102.59 -102.03 -101.41 -100.78 -100.16 -99.47 -98.75 -98.03 -97.28 -96.50 -95.69 -94.81 -93.91 -92.97 -92.03 -91.09 -90.19 -89.34 -88.53 -87.78 -87.09 -86.47 -85.91 -85.34 -84.78 -84.25 -83.75 -83.25 -82.72 -82.25 -81.78 -81.34 -80.97 -80.56 -80.19 -79.81 -79.41 -78.97 -78.53 -78.09 -77.66 -77.19 -76.72
-111.56 -111.34 -111.09 -110.88 -110.66 -110.44 -110.19 -109.97 -109.75 -109.53 -109.31 -109.09 -108.84 -108.56 -108.28 -108.00 -107.69 -107.34 -107.00 -106.59 -106.19 -105.78 -105.31 -104.88 -104.44 -103.97 -103.44 -102.91 -102.31 -101.72 -101.09 -100.44 -99.75 -99.06 -98.34 -97.56 -96.78 -95.94 -95.03 -94.09 -93.16 -92.25 -91.38 -90.53 -89.72 -88.94 -88.22 -87.56 -86.94 -86.31 -85.72 -85.16 -84.59 -84.06 -83.50 -82.97 -82.47 -82.00 -81.59 -81.19 -80.81 -80.41 -79.97 -79.56 -79.09 -78.66 -78.19 -77.72 -77.28 -76.81
-111.62 -111.41 -111.19 -110.97 -110.75 -110.50 -110.28 -110.03 -109.81 -109.62 -109.41 -109.19 -108.94 -108.69 -108.41 -108.09 -107.78 -107.47 -107.09 -106.72 -106.34 -105.94 -105.56 -105.19 -104.75 -104.28 -103.75 -103.22 -102.62 -102.00 -101.38 -100.72 -100.00 -99.28 -98.53 -97.75 -96.94 -96.09 -95.19 -94.31 -93.47 -92.62 -91.81 -91.00 -90.19 -89.41 -88.69 -88.00 -87.34 -86.72 -86.09 -85.50 -84.91 -84.34 -83.78 -83.25 -82.75 -82.31 -81.88 -81.47 -81.06 -80.62 -80.16 -79.69 -79.22 -78.75 -78.28 -77.81 -77.34 -76.91
-111.69 -111.47 -111.25 -111.03 -110.78 -110.56 -110.34 -110.09 -109.88 -109.69 -109.47 -109.25 -109.03 -108.78 -108.50 -108.22 -107.91 -107.59 -107.25 -106.91 -106.56 -106.25 -105.91 -105.53 -105.06 -104.59 -104.06 -103.50 -102.91 -102.25 -101.59 -100.91 -100.19 -99.44 -98.66 -97.88 -97.06 -96.22 -95.41 -94.62 -93.84 -93.03 -92.22 -91.41 -90.62 -89.84 -89.12 -88.41 -87.72 -87.06 -86.41 -85.78 -85.22 -84.62 -84.09 -83.59 -83.09 -82.62 -82.19 -81.75 -81.28 -80.81 -80.34 -79.84 -79.34 -78.88 -78.41 -77.94 -77.50 -77.06
-111.75 -111.53 -111.31 -111.06 -110.84 -110.59 -110.38 -110.16 -109.94 -109.75 -109.53 -109.34 -109.12 -108.88 -108.62 -108.34 -108.06 -107.75 -107.47 -107.19 -106.91 -106.59 -106.25 -105.84 -105.38 -104.88 -104.31 -103.72 -103.09 -102.44 -101.75 -101.03 -100.31 -99.56 -98.78 -98.00 -97.22 -96.47 -95.72 -94.97 -94.19 -93.38 -92.56 -91.78 -91.00 -90.22 -89.47 -88.72 -88.00 -87.31 -86.69 -86.09 -85.53 -84.97 -84.44 -83.94 -83.44 -82.97 -82.53 -82.03 -81.53 -81.03 -80.50 -80.00 -79.50 -79.03 -78.56 -78.12 -77.69 -77.28
-111.81 -111.56 -111.34 -111.09 -110.84 -110.62 -110.41 -110.19 -109.97 -109.78 -109.62 -109.44 -109.25 -109.03 -108.78 -108.53 -108.28 -108.00 -107.78 -107.50 -107.25 -106.91 -106.53 -106.09 -105.59 -105.09 -104.50 -103.91 -103.25 -102.59 -101.88 -101.16 -100.41 -99.69 -98.97 -98.25 -97.53 -96.78 -96.03 -95.28 -94.47 -93.69 -92.88 -92.06 -91.25 -90.47 -89.66 -88.91 -88.22 -87.56 -86.97 -86.41 -85.88 -85.34 -84.81 -84.31 -83.84 -83.34 -82.84 -82.31 -81.78 -81.22 -80.69 -80.19 -79.69 -79.22 -78.78 -78.34 -77.94 -77.53
-111.84 -111.62 -111.38 -111.12 -110.88 -110.62 -110.41 -110.22 -110.03 -109.88 -109.72 -109.56 -109.38 -109.19 -108.97 -108.75 -108.53 -108.31 -108.06 -107.81 -107.53 -107.19 -106.78 -106.31 -105.81 -105.28 -104.69 -104.09 -103.44 -102.72 -102.03 -101.31 -100.62 -99.94 -99.25 -98.56 -97.84 -97.09 -96.34 -95.56 -94.75 -93.94 -93.09 -92.25 -91.38 -90.56 -89.75 -89.03 -88.41 -87.84 -87.31 -86.78 -86.25 -85.75 -85.22 -84.72 -84.22 -83.72 -83.19 -82.62 -82.03 -81.47 -80.91 -80.41 -79.91 -79.47 -79.03 -78.59 -78.16 -77.72
-111.91 -111.66 -111.41 -111.12 -110.88 -110.66 -110.44 -110.25 -110.09 -109.97 -109.88 -109.72 -109.56 -109.38 -109.19 -109.00 -108.81 -108.59 -108.38 -108.09 -107.78 -107.41 -106.97 -106.53 -106.03 -105.47 -104.91 -104.28 -103.66 -102.97 -102.31 -101.66 -100.97 -100.28 -99.59 -98.88 -98.16 -97.41 -96.62 -95.81 -94.97 -94.12 -93.19 -92.25 -91.34 -90.50 -89.84 -89.25 -88.75 -88.22 -87.69 -87.19 -86.66 -86.16 -85.66 -85.12 -84.59 -84.03 -83.47 -82.88 -82.28 -81.69 -81.16 -80.66 -80.16 -79.72 -79.25 -78.81 -78.38 -77.94
-111.94 -111.69 -111.44 -111.16 -110.94 -110.69 -110.50 -110.34 -110.22 -110.12 -110.03 -109.91 -109.75 -109.59 -109.41 -109.25 -109.06 -108.88 -108.62 -108.31 -107.97 -107.59 -107.16 -106.72 -106.22 -105.69 -105.12 -104.53 -103.94 -103.31 -102.66 -101.97 -101.31 -100.62 -99.91 -99.19 -98.44 -97.66 -96.84 -96.03 -95.12 -94.16 -93.12 -92.12 -91.28 -90.69 -90.19 -89.69 -89.16 -88.62 -88.09 -87.56 -87.06 -86.53 -86.00 -85.47 -84.88 -84.31 -83.69 -83.09 -82.50 -81.94 -81.41 -80.91 -80.44 -79.94 -79.47 -79.03 -78.56 -78.09
-111.97 -111.72 -111.47 -111.22 -110.97 -110.78 -110.59 -110.47 -110.38 -110.28 -110.19 -110.09 -109.94 -109.78 -109.66 -109.50 -109.31 -109.06 -108.81 -108.47 -108.12 -107.75 -107.31 -106.88 -106.38 -105.88 -105.34 -104.78 -104.19 -103.59 -102.94 -102.28 -101.62 -100.91 -100.19 -99.44 -98.66 -97.88 -97.06 -96.16 -95.19 -94.16 -93.19 -92.41 -91.81 -91.25 -90.69 -90.12 -89.56 -89.00 -88.47 -87.94 -87.41 -86.84 -86.28 -85.72 -85.09 -84.50 -83.91 -83.31 -82.75 -82.19 -81.66 -81.16 -80.69 -80.19 -79.72 -79.22 -78.75 -78.28
-111.97 -111.75 -111.50 -111.28 -111.06 -110.88 -110.72 -110.59 -110.53 -110.47 -110.38 -110.25 -110.12 -110.00 -109.84 -109.69 -109.47 -109.22 -108.94 -108.62 -108.28 -107.91 -107.47 -107.03 -106.56 -106.06 -105.53 -105.00 -104.44 -103.84 -103.19 -102.53 -101.84 -101.16 -100.41 -99.66 -98.88 -98.06 -97.19 -96.25 -95.31 -94.44 -93.72 -93.03 -92.38 -91.72 -91.09 -90.50 -89.91 -89.34 -88.78 -88.25 -87.69 -87.09 -86.50 -85.91 -85.31 -84.72 -84.12 -83.56 -83.00 -82.47 -81.97 -81.47 -80.97 -80.47 -79.97 -79.47 -79.00 -78.50
-112.00 -111.78 -111.56 -111.34 -111.12 -110.97 -110.81 -110.75 -110.69 -110.62 -110.53 -110.41 -110.28 -110.16 -110.00 -109.84 -109.62 -109.38 -109.09 -108.78 -108.44 -108.06 -107.66 -107.22 -106.75 -106.25 -105.72 -105.19 -104.62 -104.00 -103.38 -102.72 -102.03 -101.34 -100.59 -99.81 -99.03 -98.22 -97.34 -96.47 -95.66 -94.91 -94.19 -93.47 -92.78 -92.09 -91.47 -90.84 -90.25 -89.66 -89.09 -88.50 -87.94 -87.31 -86.72 -86.12 -85.56 -84.97 -84.41 -83.84 -83.31 -82.78 -82.25 -81.75 -81.22 -80.72 -80.22 -79.75 -79.25 -78.75
-112.00 -111.78 -111.56 -111.38 -111.19 -111.03 -110.94 -110.88 -110.81 -110.75 -110.66 -110.56 -110.44 -110.31 -110.16 -109.97 -109.75 -109.53 -109.25 -108.94 -108.62 -108.25 -107.84 -107.41 -106.94 -106.44 -105.91 -105.34 -104.75 -104.12 -103.47 -102.81 -102.12 -101.44 -100.72 -99.97 -99.19 -98.41 -97.59 -96.78 -96.03 -95.28 -94.56 -93.84 -93.12 -92.44 -91.78 -91.16 -90.56 -89.94 -89.34 -88.75 -88.16 -87.56 -86.97 -86.38 -85.81 -85.25 -84.69 -84.16 -83.59 -83.06 -82.53 -82.00 -81.50 -81.00 -80.50 -80.03 -79.53 -79.03
-111.97 -111.78 -111.59 -111.41 -111.25 -111.12 -111.06 -111.00 -110.97 -110.91 -110.81 -110.69 -110.56 -110.44 -110.28 -110.09 -109.91 -109.66 -109.38 -109.09 -108.75 -108.41 -108.00 -107.56 -107.09 -106.56 -106.03 -105.47 -104.84 -104.22 -103.56 -102.91 -102.22 -101.50 -100.78 -100.03 -99.31 -98.56 -97.81 -97.06 -96.31 -95.59 -94.88 -94.16 -93.44 -92.75 -92.09 -91.47 -90.84 -90.19 -89.56 -88.97 -88.34 -87.78 -87.19 -86.62 -86.06 -85.50 -84.94 -84.41 -83.84 -83.28 -82.75 -82.22 -81.72 -81.22 -80.75 -80.28 -79.78 -79.28
-111.94 -111.75 -111.56 -111.41 -111.28 -111.22 -111.19 -111.12 -111.09 -111.00 -110.91 -110.81 -110.69 -110.56 -110.41 -110.22 -110.00 -109.75 -109.50 -109.19 -108.88 -108.50 -108.09 -107.69 -107.22 -106.69 -106.16 -105.59 -105.00 -104.34 -103.69 -103.00 -102.28 -101.56 -100.84 -100.12 -99.41 -98.69 -98.00 -97.28 -96.59 -95.88 -95.16 -94.44 -93.72 -93.06 -92.38 -91.72 -91.06 -90.41 -89.78 -89.16 -88.56 -87.97 -87.41 -86.84 -86.28 -85.72 -85.16 -84.56 -84.00 -83.47 -82.94 -82.41 -81.94 -81.47 -81.00 -80.53 -80.03 -79.53
-111.88 -111.72 -111.56 -111.44 -111.38 -111.31 -111.28 -111.25 -111.19 -111.12 -111.03 -110.94 -110.81 -110.69 -110.50 -110.31 -110.09 -109.84 -109.56 -109.28 -108.94 -108.59 -108.19 -107.75 -107.31 -106.81 -106.28 -105.72 -105.12 -104.47 -103.81 -103.12 -102.44 -101.69 -100.97 -100.22 -99.53 -98.84 -98.16 -97.47 -96.78 -96.06 -95.38 -94.66 -93.97 -93.28 -92.62 -91.94 -91.28 -90.62 -90.00 -89.38 -88.78 -88.19 -87.59 -87.03 -86.44 -85.88 -85.28 -84.72 -84.16 -83.62 -83.09 -82.62 -82.16 -81.69 -81.25 -80.75 -80.28 -79.78
-111.84 -111.72 -111.59 -111.50 -111.47 -111.44 -111.41 -111.38 -111.31 -111.22 -111.16 -111.03 -110.91 -110.78 -110.59 -110.41 -110.19 -109.94 -109.66 -109.34 -109.00 -108.62 -108.25 -107.81 -107.38 -106.91 -106.38 -105.81 -105.22 -104.59 -103.94 -103.28 -102.56 -101.84 -101.12 -100.41 -99.72 -99.00 -98.31 -97.62 -96.94 -96.25 -95.53 -94.84 -94.16 -93.47 -92.78 -92.12 -91.47 -90.84 -90.22 -89.59 -89.00 -88.41 -87.78 -87.19 -86.59 -86.00 -85.44 -84.88 -84.34 -83.81 -83.31 -82.84 -82.38 -81.94 -81.47 -81.00 -80.50 -80.00
