everonasctiles/Tile[23,26].asc
ncols 128
nrows 128
xllcorner 0
yllcorner 0
cellsize 2.0
NODATA_value  -9999
[rows 64 to 95 of 128, columns 0 to 70 of 128]
159.03 158.88 158.84 158.78 158.69 158.69 158.72 158.84 159.00 159.25 159.47 159.69 159.94 160.12 160.31 160.78 161.25 161.78 162.53 162.66 162.53 162.41 162.28 162.16 162.03 161.91 161.78 162.00 162.22 162.38 162.50 162.69 162.88 163.03 163.28 163.53 163.81 164.12 164.41 164.66 164.91 165.09 165.28 165.44 165.59 165.69 165.78 165.91 166.03 166.12 166.25 166.41 166.62 166.88 167.19 167.44 167.72 167.97 168.19 168.38 168.62 168.97 169.44 170.09 170.38 170.94 171.16 171.44 170.94 170.81 171.03
158.53 158.44 158.31 158.25 158.19 158.25 158.25 158.44 158.59 158.81 159.06 159.28 159.50 159.69 159.91 160.09 160.62 161.09 161.75 162.38 162.34 162.22 162.09 161.97 161.84 161.72 161.59 161.56 161.84 162.00 162.16 162.31 162.50 162.69 162.91 163.16 163.41 163.72 164.03 164.31 164.56 164.75 164.88 165.06 165.19 165.28 165.41 165.50 165.66 165.78 165.91 166.09 166.28 166.53 166.78 167.03 167.31 167.50 167.78 168.03 168.28 168.66 169.19 169.69 170.09 170.50 170.66 170.47 170.28 170.50 170.81
158.06 157.94 157.84 157.75 157.75 157.81 157.88 158.06 158.22 158.44 158.66 158.88 159.09 159.31 159.50 159.69 159.94 160.56 161.00 161.72 162.16 162.06 161.94 161.78 161.66 161.53 161.41 161.28 161.38 161.66 161.81 161.94 162.09 162.28 162.50 162.75 163.00 163.28 163.62 163.88 164.16 164.38 164.56 164.72 164.78 164.94 165.06 165.19 165.31 165.44 165.59 165.72 165.91 166.16 166.38 166.62 166.91 167.19 167.41 167.66 168.00 168.41 168.75 169.25 169.84 169.94 169.88 169.78 169.97 170.38 170.72
157.59 157.50 157.41 157.31 157.34 157.38 157.50 157.69 157.88 158.03 158.28 158.50 158.72 158.91 159.12 159.34 159.56 160.09 160.53 160.94 161.66 161.88 161.75 161.62 161.50 161.34 161.22 161.12 161.06 161.25 161.44 161.59 161.72 161.88 162.06 162.31 162.62 162.94 163.22 163.50 163.75 163.94 164.19 164.34 164.47 164.59 164.75 164.88 165.00 165.09 165.22 165.41 165.56 165.78 166.03 166.31 166.56 166.84 167.06 167.31 167.78 168.09 168.47 169.12 169.50 169.62 169.31 169.34 169.78 170.22 170.56
157.16 157.06 157.00 156.91 156.97 157.03 157.16 157.31 157.50 157.72 157.91 158.09 158.31 158.53 158.75 159.00 159.22 159.62 160.09 160.41 160.88 161.53 161.56 161.44 161.31 161.19 161.09 161.00 160.91 160.81 161.09 161.22 161.34 161.50 161.66 161.84 162.41 162.84 162.94 163.06 163.34 163.59 163.81 163.97 164.09 164.28 164.44 164.56 164.72 164.81 164.94 165.12 165.28 165.50 165.75 165.97 166.25 166.50 166.75 167.12 167.72 168.22 168.69 168.94 169.19 168.91 168.84 169.19 169.66 169.97 170.16
156.72 156.66 156.56 156.53 156.59 156.69 156.84 157.00 157.19 157.38 157.56 157.75 157.97 158.19 158.41 158.62 158.88 159.12 159.53 159.94 160.28 160.88 161.34 161.25 161.12 161.03 160.94 160.84 160.75 160.66 160.66 160.88 160.97 161.09 161.25 161.44 161.94 162.34 162.69 162.62 162.91 163.19 163.41 163.56 163.78 163.97 164.12 164.28 164.41 164.53 164.66 164.81 165.00 165.22 165.47 165.69 165.94 166.19 166.47 167.03 167.72 168.34 168.56 168.56 168.41 168.31 168.69 169.22 169.41 169.53 169.56
156.34 156.25 156.22 156.19 156.25 156.38 156.53 156.62 156.84 157.03 157.19 157.44 157.62 157.84 158.06 158.28 158.50 158.75 159.06 159.47 159.81 160.16 160.84 161.06 160.97 160.88 160.78 160.69 160.62 160.53 160.44 160.47 160.62 160.72 160.84 161.19 161.50 162.09 162.12 162.28 162.53 162.75 162.97 163.22 163.41 163.62 163.81 163.97 164.12 164.25 164.41 164.56 164.72 164.97 165.19 165.41 165.66 165.94 166.25 167.00 167.66 168.25 168.09 168.00 167.81 168.22 168.88 169.09 169.12 168.97 169.09
155.97 155.88 155.84 155.88 155.97 156.03 156.19 156.31 156.50 156.72 156.88 157.09 157.28 157.47 157.69 157.91 158.12 158.34 158.56 158.88 159.25 159.59 160.12 160.78 160.81 160.72 160.66 160.56 160.47 160.38 160.28 160.19 160.25 160.34 160.47 160.91 161.25 161.78 161.81 162.03 162.25 162.34 162.59 162.84 163.06 163.28 163.50 163.66 163.84 164.00 164.16 164.31 164.50 164.72 164.91 165.16 165.41 165.66 166.03 166.69 167.41 167.56 167.47 167.34 167.75 168.53 168.75 168.75 168.50 168.56 168.81
155.59 155.56 155.53 155.59 155.66 155.78 155.88 156.06 156.22 156.41 156.56 156.75 156.91 157.09 157.28 157.53 157.75 157.94 158.09 158.28 158.66 159.06 159.44 160.16 160.69 160.59 160.50 160.41 160.31 160.22 160.16 160.06 159.91 160.03 160.12 160.44 161.25 161.47 161.75 161.59 161.84 161.94 162.22 162.47 162.72 162.97 163.16 163.38 163.56 163.75 163.91 164.06 164.28 164.47 164.69 164.94 165.19 165.47 166.00 166.59 166.84 166.94 166.84 166.97 167.69 168.12 168.47 168.09 168.06 168.28 168.59
155.28 155.25 155.25 155.31 155.34 155.47 155.59 155.72 155.94 156.09 156.25 156.41 156.53 156.72 156.91 157.09 157.31 157.50 157.66 157.81 158.03 158.47 158.91 159.41 160.22 160.44 160.34 160.25 160.19 160.09 160.00 159.91 159.81 159.69 159.81 159.94 160.56 161.31 161.91 161.59 161.41 161.53 161.81 162.09 162.38 162.62 162.88 163.09 163.31 163.50 163.66 163.88 164.06 164.25 164.47 164.72 164.94 165.38 165.94 166.25 166.34 166.28 166.47 166.72 167.25 167.62 167.66 167.62 167.84 168.19 168.62
154.97 154.97 155.00 155.03 155.12 155.22 155.34 155.47 155.62 155.75 155.91 156.06 156.16 156.31 156.47 156.62 156.88 157.00 157.22 157.31 157.53 157.94 158.31 158.75 159.44 160.19 160.22 160.12 160.03 159.94 159.84 159.75 159.69 159.50 159.47 159.59 159.94 161.12 161.84 161.97 161.31 161.25 161.47 161.75 162.03 162.31 162.56 162.81 163.03 163.25 163.44 163.66 163.84 164.06 164.28 164.53 164.81 165.34 165.78 165.97 165.88 165.97 166.22 166.50 166.75 166.97 167.19 167.41 167.69 168.12 168.41
154.69 154.69 154.75 154.81 154.88 154.97 155.06 155.19 155.31 155.44 155.59 155.69 155.81 155.94 156.06 156.22 156.38 156.59 156.75 156.94 157.09 157.25 157.69 158.16 158.66 159.59 160.06 159.97 159.88 159.78 159.72 159.62 159.53 159.44 159.12 159.28 159.47 160.22 161.09 161.75 161.25 161.03 161.09 161.41 161.69 161.97 162.28 162.53 162.78 163.00 163.22 163.44 163.66 163.88 164.12 164.47 165.03 165.34 165.47 165.44 165.53 165.75 165.97 166.25 166.50 166.75 167.00 167.28 167.62 167.91 168.19
154.41 154.44 154.47 154.56 154.62 154.72 154.78 154.94 155.03 155.16 155.28 155.38 155.47 155.53 155.66 155.81 155.94 156.16 156.31 156.47 156.62 156.84 157.09 157.59 158.09 158.78 159.69 159.84 159.75 159.66 159.56 159.47 159.38 159.28 159.16 158.91 159.12 159.53 160.03 160.69 160.53 160.69 160.72 161.03 161.38 161.69 161.97 162.25 162.53 162.78 163.00 163.25 163.47 163.69 163.97 164.72 165.25 165.38 165.09 165.09 165.28 165.53 165.75 166.03 166.25 166.53 166.81 167.19 167.47 167.69 167.81
154.12 154.19 154.25 154.31 154.38 154.47 154.53 154.66 154.75 154.84 154.94 155.03 155.09 155.16 155.28 155.38 155.50 155.66 155.88 156.06 156.22 156.38 156.62 157.00 157.53 158.06 158.97 159.66 159.59 159.50 159.41 159.31 159.25 159.16 159.06 158.81 158.78 158.97 159.19 159.56 159.91 160.16 160.38 160.66 161.03 161.38 161.69 161.97 162.25 162.50 162.78 163.03 163.28 163.53 163.91 164.75 165.12 165.12 164.75 164.88 165.12 165.34 165.56 165.81 166.09 166.31 166.69 167.06 167.34 167.53 167.66
153.88 153.91 154.00 154.06 154.12 154.19 154.28 154.38 154.47 154.56 154.62 154.69 154.78 154.81 154.91 155.00 155.16 155.25 155.47 155.62 155.81 156.00 156.22 156.50 157.03 157.56 158.16 159.12 159.44 159.34 159.28 159.19 159.09 159.00 158.91 158.81 158.44 158.66 158.88 159.09 159.34 159.69 159.97 160.38 160.72 161.03 161.38 161.69 161.97 162.25 162.56 162.84 163.09 163.34 163.75 164.28 164.62 164.53 164.47 164.69 164.94 165.12 165.38 165.59 165.91 166.25 166.72 167.00 167.22 167.38 167.53
153.62 153.69 153.75 153.81 153.88 153.97 154.03 154.12 154.19 154.25 154.31 154.38 154.44 154.50 154.56 154.66 154.75 154.91 155.06 155.19 155.41 155.62 155.78 156.06 156.53 157.03 157.56 158.34 159.22 159.22 159.12 159.03 158.94 158.84 158.78 158.69 158.50 158.34 158.59 158.81 159.06 159.31 159.69 160.03 160.38 160.69 161.03 161.38 161.66 162.00 162.31 162.62 162.91 163.19 163.50 163.81 163.97 164.12 164.31 164.50 164.75 164.94 165.19 165.47 165.94 166.69 167.03 167.06 166.97 167.16 167.34
153.34 153.44 153.50 153.56 153.62 153.69 153.78 153.84 153.91 153.97 154.03 154.06 154.12 154.16 154.22 154.28 154.41 154.53 154.66 154.81 155.00 155.22 155.47 155.66 155.91 156.50 157.06 157.59 158.53 159.06 158.97 158.88 158.81 158.72 158.62 158.53 158.44 158.12 158.28 158.50 158.75 159.03 159.34 159.69 160.00 160.38 160.69 161.06 161.41 161.75 162.06 162.41 162.69 163.00 163.25 163.47 163.69 163.91 164.12 164.34 164.56 164.78 165.03 165.31 165.94 166.62 167.03 166.88 166.75 166.94 167.06
153.09 153.19 153.25 153.31 153.38 153.47 153.53 153.59 153.62 153.69 153.75 153.78 153.81 153.84 153.91 153.97 154.06 154.19 154.28 154.47 154.66 154.88 155.06 155.38 155.59 155.97 156.47 157.00 157.69 158.75 158.84 158.75 158.66 158.56 158.47 158.38 158.31 158.19 157.88 158.22 158.47 158.75 159.00 159.34 159.69 160.03 160.41 160.78 161.12 161.47 161.88 162.22 162.56 162.84 163.09 163.31 163.53 163.72 163.94 164.12 164.38 164.59 164.97 165.47 166.03 166.44 166.53 166.47 166.50 166.66 166.75
152.88 152.94 153.00 153.09 153.16 153.22 153.28 153.34 153.38 153.41 153.44 153.50 153.50 153.56 153.59 153.62 153.69 153.81 153.97 154.12 154.31 154.53 154.78 155.03 155.28 155.50 155.97 156.47 157.00 157.88 158.66 158.59 158.50 158.41 158.34 158.25 158.16 158.09 157.91 157.94 158.22 158.47 158.75 159.03 159.41 159.75 160.12 160.53 160.88 161.25 161.69 162.06 162.41 162.69 162.97 163.19 163.38 163.56 163.75 163.94 164.16 164.44 164.88 165.50 165.97 166.09 166.00 166.06 166.16 166.28 166.31
152.66 152.72 152.78 152.88 152.94 153.00 153.06 153.09 153.12 153.19 153.19 153.22 153.25 153.25 153.28 153.31 153.38 153.50 153.62 153.78 153.97 154.19 154.44 154.69 154.94 155.16 155.47 155.94 156.47 157.06 158.06 158.44 158.38 158.28 158.19 158.12 158.06 158.00 157.91 157.66 157.94 158.22 158.50 158.81 159.12 159.50 159.81 160.25 160.69 161.12 161.50 161.88 162.25 162.56 162.84 163.06 163.25 163.41 163.56 163.72 163.88 164.03 164.47 165.25 165.72 165.88 165.84 165.84 165.84 165.91 165.94
152.47 152.53 152.59 152.66 152.72 152.78 152.84 152.88 152.91 152.94 152.94 152.97 152.97 152.97 153.03 153.00 153.09 153.19 153.25 153.44 153.66 153.88 154.12 154.38 154.59 154.81 155.03 155.44 155.97 156.50 157.28 158.28 158.22 158.16 158.09 158.00 157.94 157.88 157.81 157.72 157.66 157.97 158.28 158.56 158.88 159.22 159.62 160.09 160.56 160.97 161.41 161.81 162.16 162.50 162.75 162.94 163.12 163.28 163.44 163.47 163.53 163.75 164.03 164.41 164.94 165.31 165.50 165.50 165.53 165.50 165.56
152.28 152.38 152.41 152.47 152.53 152.59 152.66 152.69 152.69 152.69 152.72 152.72 152.72 152.75 152.75 152.72 152.75 152.84 152.91 153.09 153.31 153.53 153.78 154.03 154.28 154.50 154.66 154.84 155.44 155.97 156.56 157.41 158.09 158.03 157.97 157.91 157.84 157.78 157.72 157.66 157.47 157.72 158.06 158.38 158.69 159.06 159.44 159.94 160.38 160.81 161.31 161.75 162.16 162.47 162.69 162.84 163.00 163.19 163.44 163.50 163.50 163.56 163.84 164.09 164.34 164.69 165.00 165.09 165.19 165.19 165.22
152.12 152.19 152.25 152.31 152.34 152.41 152.47 152.50 152.50 152.50 152.50 152.50 152.50 152.50 152.50 152.47 152.50 152.53 152.59 152.78 152.97 153.19 153.44 153.69 153.94 154.12 154.34 154.50 154.94 155.44 155.94 156.59 157.81 157.94 157.88 157.81 157.75 157.66 157.59 157.53 157.47 157.44 157.81 158.19 158.53 158.91 159.31 159.75 160.25 160.72 161.28 161.75 162.16 162.47 162.66 162.81 162.91 163.34 163.81 163.84 163.72 163.72 163.84 163.97 164.19 164.50 164.69 164.78 164.88 164.91 164.97
152.00 152.03 152.09 152.16 152.22 152.28 152.31 152.31 152.28 152.31 152.28 152.28 152.28 152.25 152.25 152.22 152.22 152.22 152.28 152.41 152.62 152.84 153.09 153.38 153.59 153.78 154.03 154.19 154.31 154.84 155.38 155.94 156.75 157.81 157.75 157.69 157.62 157.56 157.50 157.44 157.38 157.28 157.59 158.00 158.38 158.78 159.16 159.66 160.16 160.66 161.28 161.78 162.19 162.47 162.66 162.78 162.88 163.41 163.69 164.00 163.69 163.75 163.81 164.00 164.16 164.34 164.47 164.56 164.62 164.69 164.72
151.84 151.88 151.94 152.00 152.09 152.12 152.16 152.16 152.12 152.09 152.09 152.09 152.06 152.03 152.03 151.97 151.97 151.94 151.97 152.06 152.28 152.50 152.75 153.03 153.28 153.53 153.72 153.88 154.03 154.28 154.75 155.28 155.94 157.12 157.66 157.59 157.53 157.47 157.38 157.31 157.25 157.19 157.31 157.78 158.22 158.62 159.06 159.53 160.03 160.66 161.25 161.72 162.16 162.47 162.66 162.75 162.84 163.16 163.44 163.53 163.53 163.62 163.72 163.88 164.03 164.16 164.28 164.34 164.41 164.44 164.47
151.66 151.72 151.78 151.84 151.91 151.97 151.97 151.97 151.94 151.91 151.88 151.88 151.84 151.84 151.81 151.78 151.72 151.69 151.72 151.78 151.91 152.16 152.41 152.69 152.94 153.19 153.41 153.53 153.72 153.84 154.28 154.81 155.38 156.28 157.53 157.47 157.41 157.34 157.28 157.22 157.16 157.09 157.03 157.56 158.03 158.50 158.97 159.44 160.00 160.66 161.25 161.75 162.12 162.44 162.59 162.72 162.81 162.88 163.03 163.19 163.28 163.47 163.62 163.75 163.88 164.00 164.09 164.16 164.22 164.25 164.28
151.41 151.50 151.59 151.66 151.72 151.75 151.78 151.75 151.72 151.66 151.66 151.66 151.66 151.62 151.59 151.53 151.53 151.50 151.53 151.53 151.66 151.84 152.06 152.34 152.59 152.84 153.06 153.22 153.38 153.53 153.81 154.28 154.78 155.44 156.72 157.38 157.31 157.25 157.19 157.12 157.03 156.97 156.91 157.12 157.84 158.34 158.84 159.38 159.91 160.59 161.19 161.69 162.06 162.38 162.56 162.69 162.78 162.94 163.06 163.22 163.34 163.47 163.59 163.72 163.81 163.88 163.94 164.00 164.03 164.06 164.09
151.12 151.22 151.34 151.41 151.47 151.50 151.50 151.50 151.47 151.47 151.44 151.44 151.44 151.44 151.41 151.38 151.34 151.31 151.31 151.34 151.41 151.56 151.78 152.00 152.25 152.50 152.72 152.91 153.03 153.25 153.41 153.69 154.28 155.00 155.78 156.94 157.19 157.12 157.06 157.00 156.94 156.88 156.81 156.78 157.56 158.16 158.72 159.25 159.84 160.47 161.09 161.56 161.97 162.25 162.47 162.62 162.78 162.94 163.09 163.22 163.38 163.47 163.56 163.66 163.72 163.75 163.78 163.81 163.84 163.88 163.94
150.91 151.00 151.06 151.12 151.16 151.22 151.22 151.22 151.22 151.22 151.22 151.25 151.25 151.25 151.25 151.22 151.22 151.19 151.19 151.19 151.22 151.31 151.47 151.69 151.91 152.12 152.38 152.56 152.75 152.94 153.12 153.31 153.88 154.53 155.25 156.12 156.97 157.03 156.97 156.91 156.84 156.81 156.75 156.69 156.81 158.06 158.53 159.12 159.69 160.28 160.91 161.41 161.78 162.09 162.31 162.53 162.69 162.88 163.03 163.19 163.31 163.44 163.50 163.56 163.59 163.62 163.62 163.66 163.69 163.72 163.78
150.66 150.72 150.75 150.78 150.88 150.91 150.94 150.97 150.97 151.00 151.06 151.06 151.06 151.09 151.09 151.09 151.06 151.06 151.06 151.06 151.09 151.16 151.25 151.41 151.62 151.81 152.03 152.22 152.44 152.66 152.81 153.09 153.47 154.12 154.75 155.34 156.44 156.91 156.88 156.81 156.78 156.72 156.66 156.62 156.56 157.22 158.28 158.91 159.44 160.00 160.62 161.09 161.50 161.84 162.09 162.34 162.56 162.75 162.94 163.09 163.22 163.28 163.34 163.38 163.41 163.44 163.44 163.44 163.50 163.56 163.62
150.41 150.44 150.47 150.47 150.59 150.62 150.66 150.69 150.75 150.78 150.84 150.91 150.94 150.94 150.97 150.97 150.97 150.94 150.94 150.94 150.97 151.00 151.06 151.19 151.34 151.53 151.75 151.94 152.16 152.38 152.62 152.88 153.16 153.69 154.31 154.97 155.69 156.62 156.78 156.75 156.69 156.66 156.59 156.53 156.50 156.53 158.03 158.56 159.16 159.72 160.28 160.78 161.19 161.53 161.84 162.12 162.38 162.59 162.78 162.94 163.03 163.09 163.12 163.16 163.19 163.19 163.22 163.28 163.31 163.41 163.50
150.19 150.19 150.22 150.25 150.28 150.34 150.38 150.44 150.50 150.56 150.66 150.69 150.75 150.78 150.84 150.84 150.88 150.88 150.84 150.84 150.84 150.88 150.94 151.03 151.16 151.31 151.50 151.72 151.91 152.12 152.41 152.66 152.94 153.25 153.94 154.53 155.12 156.00 156.66 156.66 156.62 156.56 156.53 156.47 156.44 156.41 156.69 158.25 158.84 159.41 159.91 160.38 160.81 161.12 161.47 161.84 162.12 162.34 162.56 162.69 162.78 162.84 162.88 162.91 162.91 162.97 163.00 163.06 163.16 163.28 163.38
