everonasctiles/Tile17,36.asc
ncols 128
nrows 128
xllcorner 0
yllcorner 0
cellsize 2.0
NODATA_value  -9999
[rows 0 to 36 of 128, columns 0 to 82 of 128]
1.12 1.28 1.50 1.69 1.88 2.12 2.38 2.62 2.88 3.16 3.44 3.75 4.09 4.44 4.84 5.50 6.28 7.12 8.03 8.97 8.97 8.97 8.97 8.97 8.97 8.97 8.97 9.06 9.12 9.12 9.06 9.03 9.00 9.00 9.00 9.03 9.06 9.06 9.06 9.19 9.34 9.50 9.66 9.56 10.22 10.50 10.81 11.31 11.81 12.34 12.97 13.47 13.56 13.56 13.59 13.59 13.59 13.56 13.59 13.56 13.50 13.56 13.62 13.62 13.66 13.66 13.59 13.59 13.59 13.59 13.59 13.59 13.56 13.56 13.66 13.75 13.75 13.78 13.81 13.84 13.91 13.97 14.06
0.91 1.06 1.25 1.41 1.62 1.81 2.06 2.31 2.56 2.84 3.16 3.47 3.78 4.16 4.53 5.00 5.72 6.53 7.38 8.22 8.94 8.94 8.97 8.97 8.97 8.97 8.97 9.00 9.09 9.06 8.97 8.94 8.94 8.94 8.94 8.94 8.97 9.00 9.00 9.16 9.31 9.47 9.47 9.53 10.19 10.44 10.78 11.22 11.69 12.16 12.69 13.31 13.53 13.53 13.53 13.53 13.53 13.47 13.50 13.47 13.50 13.53 13.62 13.62 13.66 13.62 13.53 13.53 13.53 13.53 13.53 13.53 13.53 13.53 13.59 13.72 13.72 13.75 13.78 13.81 13.88 13.94 14.00
0.72 0.84 1.00 1.19 1.34 1.53 1.75 2.00 2.28 2.56 2.84 3.16 3.47 3.81 4.19 4.62 5.19 5.88 6.62 7.41 8.50 8.94 8.97 8.97 8.97 8.97 8.97 8.97 9.00 8.97 8.94 8.94 8.94 8.94 8.94 8.94 8.94 8.94 8.97 9.09 9.28 9.47 9.66 9.91 10.16 10.41 10.75 11.12 11.53 11.97 12.44 13.19 13.44 13.53 13.53 13.50 13.47 13.47 13.47 13.47 13.50 13.56 13.62 13.62 13.66 13.59 13.50 13.50 13.50 13.47 13.47 13.47 13.47 13.47 13.56 13.69 13.69 13.72 13.75 13.78 13.84 13.91 13.97
0.50 0.62 0.78 0.94 1.09 1.28 1.47 1.72 2.00 2.25 2.53 2.84 3.16 3.47 3.84 4.22 4.62 5.22 5.78 6.34 6.81 8.88 9.00 8.97 8.97 8.97 8.97 8.97 8.97 8.94 8.94 8.94 8.94 8.97 8.94 8.94 8.94 8.94 8.94 9.06 9.25 9.44 9.66 9.88 10.09 10.38 10.66 11.00 11.41 11.81 12.28 12.81 13.25 13.47 13.53 13.53 13.47 13.47 13.47 13.47 13.47 13.47 13.62 13.62 13.66 13.59 13.44 13.44 13.44 13.44 13.44 13.44 13.44 13.44 13.53 13.66 13.66 13.69 13.72 13.75 13.81 13.88 13.94
0.25 0.44 0.56 0.72 0.88 1.03 1.22 1.47 1.72 1.97 2.25 2.53 2.81 3.12 3.47 3.78 4.16 4.53 4.94 5.25 5.34 6.41 9.00 9.00 8.97 8.97 8.97 8.97 8.97 8.97 8.94 8.94 8.94 8.94 8.94 8.94 8.94 8.94 8.94 9.06 9.22 9.75 9.66 9.84 10.06 10.31 10.56 10.88 11.25 11.66 12.09 12.62 13.09 13.38 13.50 13.53 13.47 13.47 13.47 13.47 13.47 13.47 13.62 13.59 13.59 13.53 13.41 13.41 13.41 13.41 13.41 13.41 13.41 13.41 13.50 13.62 13.62 13.66 13.69 13.72 13.78 13.84 13.91
0.12 0.22 0.38 0.53 0.69 0.81 1.00 1.22 1.47 1.72 1.97 2.22 2.50 2.78 3.06 3.38 3.69 3.97 4.22 4.38 4.50 4.66 7.41 9.00 8.97 8.97 8.97 8.97 8.97 8.97 8.94 8.94 8.94 8.94 8.94 8.94 8.94 8.94 8.94 9.06 9.22 9.91 9.75 9.69 10.00 10.22 10.47 10.75 11.12 11.53 11.97 12.50 12.94 13.25 13.44 13.41 13.44 13.47 13.47 13.47 13.47 13.47 13.62 13.41 13.22 13.41 13.38 13.38 13.38 13.38 13.38 13.38 13.38 13.38 13.44 13.59 13.62 13.62 13.66 13.69 13.75 13.81 13.88
-0.06 0.06 0.19 0.31 0.47 0.62 0.81 1.00 1.19 1.38 1.59 1.88 2.16 2.44 2.72 2.97 3.25 3.50 3.72 3.91 4.12 4.34 4.59 8.28 9.00 8.97 8.97 8.97 8.97 8.97 8.97 8.94 8.94 8.94 8.94 8.94 8.94 8.94 8.97 9.16 9.25 9.78 9.75 9.75 9.94 10.09 10.34 10.66 11.00 11.41 11.84 12.38 12.81 13.12 13.34 13.44 13.53 13.47 13.44 13.44 13.47 13.56 13.62 13.28 12.94 13.28 13.34 13.34 13.34 13.34 13.34 13.34 13.34 13.34 13.41 13.53 13.56 13.59 13.62 13.69 13.72 13.78 13.84
-0.25 -0.16 -0.03 0.12 0.28 0.44 0.62 0.72 0.84 1.00 1.22 1.47 1.75 2.06 2.38 2.59 2.84 3.06 3.31 3.56 3.78 4.03 4.28 4.59 8.97 8.97 8.97 8.97 8.97 9.00 9.00 8.94 8.94 8.94 8.94 8.94 8.94 8.94 8.97 9.25 9.31 9.41 9.53 9.69 9.84 10.00 10.19 10.53 10.88 11.25 11.72 12.25 12.75 13.16 13.31 13.47 13.53 13.47 13.44 13.44 13.44 13.62 13.62 13.44 13.31 13.38 13.31 13.31 13.31 13.31 13.31 13.31 13.31 13.31 13.38 13.50 13.53 13.59 13.62 13.69 13.72 13.78 13.81
-0.44 -0.31 -0.19 -0.06 0.09 0.25 0.34 0.41 0.53 0.69 0.88 1.09 1.34 1.66 1.97 2.22 2.44 2.66 2.88 3.25 3.44 3.69 3.91 3.97 4.56 8.97 8.97 8.97 9.00 9.00 9.00 8.97 8.94 8.94 8.94 8.94 8.94 8.94 8.97 9.16 9.34 9.41 9.50 9.69 9.78 9.78 10.06 10.34 10.69 11.06 11.56 12.16 12.69 13.00 13.25 13.44 13.53 13.50 13.47 13.44 13.44 13.62 13.62 13.62 13.59 13.34 13.31 13.31 13.31 13.31 13.31 13.31 13.31 13.31 13.34 13.50 13.53 13.59 13.62 13.69 13.72 13.78 13.81
-0.59 -0.47 -0.38 -0.22 -0.06 0.03 0.12 0.22 0.31 0.41 0.56 0.72 0.94 1.22 1.53 1.88 2.09 2.19 2.28 2.44 2.50 2.69 3.12 4.00 4.28 8.97 8.97 9.00 9.00 9.00 9.00 9.00 8.94 8.94 8.94 8.94 8.94 8.94 8.94 9.03 9.28 9.38 9.50 9.66 9.69 9.75 9.97 10.22 10.47 10.84 11.47 12.09 12.62 12.97 13.22 13.41 13.53 13.53 13.47 13.44 13.44 13.59 13.59 13.59 13.59 13.41 13.34 13.34 13.34 13.34 13.34 13.34 13.34 13.34 13.34 13.50 13.53 13.59 13.62 13.69 13.72 13.78 13.81
-0.72 -0.62 -0.50 -0.38 -0.25 -0.12 -0.03 0.06 0.12 0.22 0.41 0.53 0.62 0.81 1.16 1.53 1.75 1.78 1.84 1.81 1.53 2.16 3.00 3.75 4.09 4.25 8.97 9.00 9.00 9.00 9.00 9.00 9.00 8.94 8.94 8.94 8.94 8.94 8.94 8.94 9.19 9.34 9.50 9.62 9.62 9.72 9.84 10.19 10.34 10.75 11.44 12.06 12.62 12.91 13.16 13.38 13.53 13.53 13.47 13.44 13.44 13.56 13.59 13.59 13.59 13.44 13.34 13.34 13.34 13.34 13.34 13.34 13.34 13.34 13.34 13.50 13.53 13.59 13.62 13.69 13.72 13.78 13.81
-0.91 -0.78 -0.66 -0.53 -0.44 -0.34 -0.16 -0.03 0.03 0.12 0.28 0.41 0.50 0.59 0.88 1.19 1.38 1.44 1.41 1.38 1.22 2.00 2.91 3.53 3.97 4.66 8.72 8.97 9.00 9.00 9.00 9.00 9.00 8.97 8.94 8.94 8.94 8.94 8.94 8.94 9.09 9.41 9.50 9.47 9.66 9.84 9.97 10.25 10.56 10.94 11.47 12.03 12.56 12.84 13.12 13.34 13.53 13.53 13.44 13.44 13.44 13.53 13.53 13.53 13.56 13.38 13.28 13.28 13.28 13.28 13.25 13.25 13.25 13.25 13.25 13.50 13.53 13.59 13.62 13.69 13.72 13.78 13.81
-1.03 -0.94 -0.81 -0.69 -0.56 -0.44 -0.25 -0.12 -0.03 0.09 0.19 0.31 0.44 0.53 0.66 0.84 1.03 0.97 0.84 1.00 1.28 2.50 2.94 3.28 3.81 1.84 8.53 9.00 9.00 9.00 9.00 9.00 9.00 9.03 8.97 8.94 8.94 8.97 8.94 9.00 9.25 9.41 9.56 9.72 9.91 10.09 10.25 10.47 10.75 11.12 11.53 12.03 12.50 12.78 13.06 13.31 13.53 13.53 13.44 13.44 13.44 13.50 13.53 13.53 13.53 13.34 13.19 13.19 13.19 13.19 13.16 13.16 13.16 13.16 13.16 13.50 13.53 13.59 13.62 13.69 13.72 13.78 13.81
-1.22 -1.09 -0.94 -0.84 -0.69 -0.56 -0.41 -0.22 -0.06 0.09 0.19 0.31 0.41 0.50 0.59 0.66 0.69 0.72 0.72 0.81 1.81 2.38 2.69 3.06 3.56 4.34 5.22 9.00 9.00 9.00 9.00 9.00 9.03 9.03 9.06 9.03 8.94 8.97 9.00 9.03 9.22 9.47 9.66 9.84 10.09 10.25 10.47 10.62 10.91 11.25 11.62 12.03 12.44 12.72 13.00 13.25 13.50 13.53 13.53 13.53 13.53 13.53 13.53 13.53 13.50 13.31 13.09 13.09 13.09 13.09 13.06 13.06 13.06 13.06 13.06 13.50 13.53 13.59 13.62 13.69 13.72 13.78 13.81
-1.38 -1.25 -1.09 -0.97 -0.84 -0.75 -0.66 -0.31 -0.06 0.16 0.28 0.31 0.47 0.53 0.56 0.53 0.56 0.69 0.81 1.41 1.88 2.16 2.44 2.78 3.22 3.75 4.47 8.28 9.00 9.00 9.00 9.03 9.03 9.06 9.06 9.09 9.09 9.03 9.03 9.03 9.19 9.47 9.62 9.81 10.00 10.22 10.50 10.69 10.94 11.28 11.62 12.00 12.31 12.56 12.81 13.09 13.38 13.50 13.47 13.47 13.47 13.50 13.50 13.50 13.47 13.16 12.94 12.94 12.94 12.94 12.94 12.91 12.91 12.91 12.91 13.50 13.56 13.59 13.62 13.69 13.72 13.78 13.81
-1.50 -1.38 -1.25 -1.16 -0.97 -0.94 -0.91 -0.56 0.12 0.41 0.47 0.53 0.72 0.78 0.59 0.44 0.47 0.62 0.91 1.41 1.66 1.91 2.19 2.50 2.88 3.25 3.69 4.03 9.00 9.00 8.97 9.03 9.03 9.06 9.09 9.09 9.12 9.16 9.09 9.03 9.09 9.44 9.56 9.69 9.78 10.00 10.34 10.59 10.88 11.16 11.50 11.81 12.09 12.31 12.56 12.81 13.09 13.25 13.25 13.25 13.28 13.31 13.34 13.41 13.50 13.09 12.78 12.78 12.78 12.78 12.75 12.75 12.75 12.75 12.75 13.75 13.75 13.75 13.75 13.72 13.75 13.81 13.88
-1.62 -1.53 -1.41 -1.25 -1.12 -1.06 -1.09 -1.19 0.50 0.88 0.84 0.91 0.97 0.81 0.53 0.31 0.34 0.56 0.97 1.19 1.44 1.69 1.94 2.25 2.53 2.88 3.16 3.41 3.41 7.97 9.00 9.00 9.06 9.06 9.09 9.12 9.12 9.16 9.19 9.22 9.16 9.31 9.41 9.44 9.56 9.78 10.00 10.25 10.50 10.75 11.12 11.44 11.69 11.97 12.22 12.50 12.72 12.88 12.91 12.94 12.97 13.00 13.09 13.12 13.12 12.94 12.62 12.62 12.62 12.62 12.59 12.59 12.59 12.59 12.59 13.72 13.72 13.78 13.78 13.78 13.78 13.78 13.91
-1.78 -1.62 -1.50 -1.41 -1.28 -1.16 -1.09 -1.16 -0.47 0.81 1.09 1.06 0.72 0.31 0.22 0.19 0.25 0.47 0.78 1.00 1.22 1.47 1.72 2.00 2.28 2.56 2.84 3.09 3.34 0.56 6.34 8.84 8.97 9.09 9.09 9.12 9.16 9.19 9.22 9.25 9.25 9.28 9.41 9.47 9.56 9.72 9.88 9.84 9.94 10.09 10.38 10.78 11.16 11.50 11.81 12.09 12.31 12.44 12.53 12.56 12.62 12.69 12.75 12.88 12.94 12.78 12.50 12.47 12.47 12.47 12.44 12.44 12.44 12.44 12.41 13.69 13.72 13.78 13.78 13.78 13.78 13.78 13.91
-1.88 -1.75 -1.66 -1.56 -1.44 -1.28 -1.19 -1.06 -1.00 -0.91 -0.81 -0.69 -0.56 -0.31 -0.12 -0.03 0.09 0.34 0.59 0.81 1.03 1.25 1.50 1.75 2.03 2.31 2.59 2.88 3.16 3.41 3.62 3.84 4.06 8.84 9.09 9.16 9.19 9.19 9.22 9.25 9.28 9.31 9.34 9.44 9.56 9.69 9.81 9.91 10.00 10.12 10.22 10.28 10.56 11.00 11.34 11.62 11.81 11.97 12.09 12.16 12.22 12.25 12.38 12.50 12.56 12.34 12.28 12.31 12.28 12.28 12.28 12.28 12.25 12.25 12.25 13.59 13.72 13.78 13.78 13.78 13.78 13.78 13.91
-1.97 -1.88 -1.78 -1.69 -1.53 -1.41 -1.31 -1.22 -1.06 -0.97 -0.84 -0.72 -0.59 -0.44 -0.44 -0.22 -0.03 0.22 0.41 0.62 0.81 1.06 1.28 1.53 1.81 2.06 2.38 2.66 2.97 3.25 3.50 3.72 3.94 4.16 9.03 9.09 9.19 9.22 9.25 9.28 9.31 9.31 9.38 9.41 9.59 9.59 9.78 9.91 10.00 10.12 10.22 10.28 10.41 10.56 10.84 11.16 11.34 11.50 11.62 11.53 11.22 11.53 11.62 11.53 11.66 11.84 12.03 12.12 12.09 12.09 12.09 12.09 12.06 12.06 12.06 13.41 13.72 13.78 13.78 13.78 13.78 13.84 13.91
-2.09 -2.00 -1.91 -1.78 -1.66 -1.53 -1.44 -1.31 -1.22 -1.09 -0.97 -0.88 -0.72 -0.75 -0.47 -0.31 -0.12 0.03 0.25 0.44 0.66 0.88 1.09 1.34 1.59 1.84 2.16 2.47 2.75 3.06 3.34 3.59 3.81 4.06 4.28 7.91 9.06 9.22 9.25 9.28 9.31 9.34 9.41 9.44 9.47 9.53 9.69 9.91 10.00 10.06 10.19 10.25 10.34 10.44 10.56 10.69 10.84 10.97 11.06 11.12 11.25 11.31 11.38 11.41 11.47 11.53 11.88 11.94 11.91 11.91 11.91 11.88 11.88 11.88 11.88 13.16 13.78 13.78 13.78 13.75 13.72 13.81 13.88
-2.25 -2.12 -2.00 -1.88 -1.78 -1.69 -1.53 -1.44 -1.34 -1.25 -1.16 -1.00 -0.91 -0.75 -0.62 -0.47 -0.28 -0.12 0.06 0.25 0.47 0.69 0.91 1.12 1.38 1.66 1.94 2.22 2.53 2.84 3.16 3.47 3.72 3.94 4.19 4.44 6.16 9.12 9.22 9.31 9.34 9.38 9.41 9.47 9.50 9.56 9.69 9.81 9.91 10.00 10.12 10.25 10.38 10.47 10.59 10.69 10.81 10.94 11.03 11.16 11.25 11.31 11.34 11.41 11.47 11.53 11.69 11.75 11.72 11.72 11.72 11.69 11.69 11.69 11.69 12.94 13.78 13.78 13.78 13.72 13.69 13.78 13.84
-2.34 -2.25 -2.12 -2.00 -1.94 -1.78 -1.69 -1.59 -1.47 -1.41 -1.28 -1.19 -1.03 -0.91 -0.75 -0.59 -0.44 -0.25 -0.09 0.09 0.31 0.50 0.72 0.94 1.19 1.47 1.72 1.97 2.28 2.62 2.97 3.28 3.59 3.81 4.06 4.31 4.56 6.28 9.09 9.19 9.25 9.41 9.44 9.50 9.53 9.62 9.69 9.81 9.91 10.03 10.12 10.25 10.34 10.47 10.59 10.69 10.81 10.91 11.03 11.12 11.25 11.31 11.34 11.41 11.47 11.50 11.56 11.56 11.53 11.53 11.53 11.50 11.50 11.50 11.50 12.81 13.78 13.78 13.78 13.75 13.62 13.72 13.81
-2.50 -2.38 -2.25 -2.16 -2.03 -1.91 -1.81 -1.72 -1.62 -1.53 -1.44 -1.31 -1.19 -1.00 -0.84 -0.72 -0.56 -0.41 -0.25 -0.06 0.16 0.34 0.56 0.78 1.00 1.25 1.44 1.66 1.97 2.34 2.72 3.03 3.38 3.72 3.97 4.22 4.50 4.75 5.00 5.25 9.38 9.22 9.41 9.50 9.56 9.62 9.72 9.81 9.91 10.03 10.12 10.25 10.34 10.47 10.59 10.69 10.81 10.91 11.03 11.12 11.22 11.28 11.34 11.41 11.44 11.50 11.44 11.34 11.34 11.34 11.34 11.31 11.31 11.31 11.28 12.62 13.78 13.78 13.78 13.78 13.56 13.66 13.72
-2.59 -2.50 -2.41 -2.28 -2.12 -2.00 -1.94 -1.84 -1.75 -1.69 -1.56 -1.44 -1.28 -1.12 -0.97 -0.84 -0.72 -0.53 -0.38 -0.19 0.00 0.16 0.38 0.59 0.81 1.00 1.19 1.50 1.78 2.06 2.38 2.62 3.06 3.50 3.84 4.16 4.41 4.66 4.91 5.19 5.47 7.69 9.19 9.28 9.56 9.66 9.75 9.81 9.94 10.03 10.16 10.25 10.34 10.47 10.56 10.69 10.81 10.91 11.00 11.12 11.22 11.28 11.31 11.34 11.38 11.44 11.34 11.16 11.16 11.16 11.16 11.12 11.12 11.12 11.09 12.31 13.75 13.78 13.78 13.72 13.47 13.56 13.66
-2.72 -2.62 -2.53 -2.38 -2.25 -2.16 -2.06 -1.97 -1.88 -1.81 -1.69 -1.53 -1.38 -1.25 -1.09 -0.97 -0.81 -0.66 -0.50 -0.34 -0.16 0.06 0.38 0.50 0.59 0.78 1.06 1.31 1.56 1.84 2.09 2.44 2.91 3.28 3.66 3.97 4.28 4.56 4.84 5.09 5.41 5.69 5.97 7.94 9.50 9.56 9.53 9.72 9.78 9.84 9.94 9.97 10.00 10.03 10.06 10.12 10.19 10.22 10.25 10.22 10.22 10.38 10.53 10.75 10.91 11.09 11.12 10.97 10.97 10.97 10.97 10.94 10.94 10.94 10.91 12.00 12.88 12.38 12.38 13.75 13.03 13.03 13.03
-2.91 -2.75 -2.59 -2.47 -2.34 -2.25 -2.19 -2.06 -1.97 -1.91 -1.78 -1.69 -1.53 -1.38 -1.25 -1.09 -0.94 -0.78 -0.62 -0.47 -0.31 0.25 0.53 0.59 0.59 0.59 0.81 1.12 1.34 1.69 1.97 2.28 2.69 3.06 3.44 3.75 4.06 4.34 4.66 4.94 5.25 5.53 5.81 6.59 7.25 8.28 8.81 9.12 9.22 9.25 9.28 9.31 9.38 9.47 9.56 9.69 9.78 9.91 10.00 10.03 10.03 10.09 10.28 10.47 10.66 10.84 10.97 10.84 10.84 10.81 10.81 10.78 10.78 10.75 10.75 11.16 12.31 12.25 12.38 13.84 13.84 13.84 13.69
-2.97 -2.84 -2.69 -2.59 -2.47 -2.38 -2.25 -2.16 -2.09 -2.03 -1.91 -1.81 -1.66 -1.53 -1.38 -1.19 -1.06 -0.91 -0.75 -0.59 -0.44 0.38 0.59 0.59 0.59 0.59 0.66 1.00 1.25 1.53 1.78 2.12 2.47 2.88 3.22 3.53 3.81 4.12 4.44 4.72 5.03 5.31 5.59 6.09 6.78 7.53 8.12 8.50 8.69 8.81 8.91 9.00 9.09 9.22 9.34 9.50 9.62 9.78 9.88 9.91 9.88 9.81 10.00 10.19 10.41 10.59 10.75 10.72 10.69 10.69 10.66 10.66 10.62 10.62 10.59 10.62 12.28 12.22 12.38 13.66 13.72 13.66 13.66
-3.06 -2.94 -2.81 -2.69 -2.62 -2.47 -2.38 -2.25 -2.19 -2.12 -2.03 -1.88 -1.75 -1.62 -1.47 -1.31 -1.19 -1.03 -0.88 -0.72 -0.53 0.44 0.59 0.59 0.59 0.59 0.59 0.91 1.12 1.41 1.66 1.97 2.31 2.69 3.00 3.31 3.62 3.94 4.22 4.53 4.81 5.09 5.38 5.84 6.41 7.03 7.53 7.94 8.19 8.38 8.53 8.66 8.81 8.94 9.09 9.25 9.44 9.59 9.69 9.72 9.62 9.53 9.75 9.94 10.12 10.34 10.53 10.56 10.56 10.53 10.53 10.50 10.50 10.47 10.47 10.47 12.34 12.22 12.28 13.44 13.66 13.66 13.66
-3.19 -3.03 -2.94 -2.84 -2.69 -2.56 -2.47 -2.41 -2.31 -2.22 -2.09 -1.97 -1.84 -1.69 -1.59 -1.47 -1.31 -1.12 -0.97 -0.81 -0.69 0.53 0.59 0.59 0.59 0.59 0.59 0.75 1.00 1.25 1.50 1.81 2.12 2.44 2.78 3.12 3.41 3.72 4.00 4.31 4.59 4.84 5.12 5.56 6.03 6.53 7.00 7.41 7.69 7.91 8.12 8.28 8.47 8.62 8.81 9.00 9.16 9.31 9.44 9.44 9.19 9.28 9.50 9.69 9.91 10.09 10.28 10.44 10.41 10.41 10.38 10.38 10.34 10.34 10.34 10.34 10.88 11.44 11.47 12.06 13.62 13.66 13.66
-3.31 -3.16 -3.06 -2.91 -2.78 -2.69 -2.59 -2.53 -2.41 -2.28 -2.16 -2.03 -1.94 -1.81 -1.66 -1.53 -1.38 -1.22 -1.06 -0.94 -0.75 0.56 0.59 0.59 0.59 0.59 0.59 0.62 0.81 1.16 1.38 1.66 1.94 2.22 2.56 2.88 3.19 3.47 3.75 4.03 4.31 4.56 4.81 5.19 5.62 6.06 6.50 6.88 7.19 7.47 7.69 7.91 8.09 8.31 8.50 8.66 8.84 8.97 9.03 8.88 8.81 9.03 9.25 9.44 9.66 9.84 10.03 10.28 10.28 10.25 10.25 10.22 10.22 10.22 10.19 10.19 9.97 10.56 10.62 11.16 11.25 11.25 11.06
-3.44 -3.28 -3.12 -3.00 -2.91 -2.81 -2.72 -2.59 -2.50 -2.38 -2.25 -2.12 -2.00 -1.88 -1.72 -1.59 -1.47 -1.31 -1.16 -0.97 -0.81 0.53 0.59 0.59 0.59 0.59 0.59 0.59 0.69 1.03 1.25 1.50 1.75 2.03 2.31 2.62 2.91 3.19 3.47 3.72 4.00 4.22 4.41 4.75 5.16 5.59 6.00 6.38 6.72 7.00 7.28 7.50 7.75 7.94 8.12 8.31 8.44 8.50 8.41 8.38 8.59 8.81 9.03 9.22 9.44 9.62 9.81 10.16 10.12 10.12 10.09 10.09 10.09 10.06 10.06 10.03 9.88 10.34 10.31 10.38 10.44 10.62 10.72
-3.53 -3.38 -3.22 -3.09 -3.00 -2.94 -2.81 -2.69 -2.53 -2.41 -2.28 -2.16 -2.03 -1.91 -1.78 -1.62 -1.50 -1.34 -1.19 -1.03 -0.84 0.00 0.59 0.59 0.59 0.59 0.59 0.59 0.62 0.91 1.09 1.34 1.59 1.84 2.09 2.34 2.59 2.88 3.12 3.38 3.59 3.81 3.94 4.28 4.66 5.09 5.50 5.88 6.22 6.53 6.84 7.09 7.34 7.56 7.75 7.94 8.00 7.94 7.97 8.19 8.41 8.59 8.81 9.00 9.22 9.41 9.59 10.00 10.00 10.00 10.00 9.97 9.97 9.97 9.94 9.94 9.94 9.91 9.88 9.78 9.78 9.75 10.31
-3.62 -3.47 -3.31 -3.19 -3.12 -3.00 -2.84 -2.69 -2.56 -2.41 -2.25 -2.12 -2.03 -1.91 -1.81 -1.66 -1.50 -1.38 -1.25 -1.06 -0.91 -0.66 0.56 0.59 0.59 0.59 0.59 0.59 0.59 0.81 1.00 1.22 1.44 1.66 1.88 2.06 2.28 2.53 2.78 3.00 3.19 3.34 3.50 3.78 4.16 4.56 4.97 5.34 5.72 6.06 6.38 6.66 6.94 7.16 7.38 7.50 7.56 7.62 7.78 8.00 8.22 8.41 8.62 8.81 9.00 9.19 9.38 9.84 9.94 9.91 9.91 9.91 9.88 9.88 9.84 9.84 9.62 9.50 9.59 9.31 9.28 9.19 10.03
-3.78 -3.56 -3.44 -3.28 -3.16 -3.00 -2.84 -2.69 -2.53 -2.41 -2.25 -2.12 -2.00 -1.88 -1.75 -1.66 -1.50 -1.38 -1.25 -1.09 -0.97 -0.78 0.25 0.59 0.59 0.59 0.59 0.59 0.59 0.72 0.91 1.09 1.28 1.47 1.66 1.84 2.03 2.22 2.44 2.62 2.78 2.94 3.06 3.25 3.62 4.03 4.41 4.81 5.19 5.56 5.91 6.22 6.50 6.75 6.94 7.12 7.25 7.41 7.62 7.81 8.03 8.25 8.44 8.62 8.81 9.00 9.19 9.62 9.84 9.84 9.81 9.81 9.81 9.78 9.78 9.75 9.59 9.34 9.50 9.25 9.28 9.22 9.53
-3.88 -3.69 -3.50 -3.38 -3.16 -3.00 -2.84 -2.69 -2.56 -2.41 -2.25 -2.12 -2.00 -1.88 -1.75 -1.66 -1.53 -1.38 -1.25 -1.09 -0.97 -0.81 -0.44 0.56 0.59 0.59 0.59 0.59 0.59 0.62 0.75 0.91 1.06 1.25 1.44 1.62 1.78 1.94 2.12 2.28 2.41 2.56 2.66 2.78 3.09 3.50 3.91 4.28 4.66 5.06 5.44 5.78 6.09 6.38 6.62 6.81 7.03 7.25 7.47 7.69 7.88 8.06 8.25 8.44 8.62 8.81 9.00 9.38 9.75 9.75 9.75 9.72 9.72 9.69 9.69 9.66 9.59 9.44 9.38 9.25 9.25 9.34 9.44
-3.91 -3.72 -3.53 -3.34 -3.16 -2.97 -2.84 -2.69 -2.53 -2.41 -2.28 -2.16 -2.00 -1.88 -1.78 -1.66 -1.53 -1.41 -1.28 -1.16 -1.00 -0.84 -0.69 0.16 0.59 0.59 0.59 0.59 0.59 0.50 0.56 0.62 0.75 0.94 1.19 1.41 1.56 1.72 1.84 1.97 2.09 2.22 2.34 2.50 2.66 3.03 3.41 3.81 4.19 4.59 5.00 5.41 5.75 6.06 6.34 6.62 6.84 7.09 7.31 7.53 7.72 7.94 8.09 8.28 8.47 8.62 8.81 9.19 9.69 9.69 9.69 9.66 9.66 9.62 9.59 9.56 9.56 9.25 9.25 9.25 9.25 9.25 9.41
