everonasctiles/Tile[0,1].asc
ncols 128
nrows 128
xllcorner 0
yllcorner 0
cellsize 2.0
NODATA_value  -9999
[rows 87 to 115 of 128, columns 0 to 66 of 128]
-138.75 -138.88 -139.00 -139.12 -139.31 -139.47 -139.62 -139.75 -139.91 -140.06 -140.19 -140.31 -140.41 -140.50 -140.56 -140.66 -140.72 -140.81 -140.88 -140.94 -140.97 -141.03 -141.06 -141.12 -141.19 -141.22 -141.28 -141.31 -141.34 -141.38 -141.41 -141.47 -141.50 -141.53 -141.59 -141.69 -141.78 -141.91 -142.06 -142.22 -142.38 -142.56 -142.72 -142.91 -143.09 -143.28 -143.41 -143.53 -143.62 -143.75 -143.84 -143.94 -144.03 -144.12 -144.22 -144.31 -144.44 -144.56 -144.69 -144.78 -144.91 -145.06 -145.25 -145.41 -145.56 -145.72 -145.81
-138.75 -138.84 -138.97 -139.12 -139.25 -139.41 -139.56 -139.72 -139.84 -140.00 -140.12 -140.25 -140.38 -140.47 -140.56 -140.62 -140.69 -140.78 -140.81 -140.88 -140.94 -140.97 -141.03 -141.06 -141.12 -141.19 -141.25 -141.28 -141.34 -141.38 -141.41 -141.47 -141.50 -141.53 -141.56 -141.66 -141.75 -141.88 -142.00 -142.16 -142.34 -142.53 -142.75 -142.94 -143.16 -143.34 -143.53 -143.66 -143.81 -143.91 -144.03 -144.12 -144.22 -144.31 -144.41 -144.50 -144.62 -144.75 -144.88 -144.97 -145.09 -145.22 -145.34 -145.50 -145.66 -145.78 -145.94
-138.72 -138.81 -138.94 -139.06 -139.22 -139.34 -139.50 -139.62 -139.78 -139.94 -140.06 -140.19 -140.31 -140.41 -140.50 -140.59 -140.66 -140.72 -140.78 -140.84 -140.88 -140.91 -140.97 -141.03 -141.09 -141.16 -141.22 -141.28 -141.34 -141.41 -141.44 -141.47 -141.53 -141.56 -141.59 -141.62 -141.72 -141.81 -141.97 -142.16 -142.34 -142.56 -142.78 -143.00 -143.22 -143.44 -143.62 -143.81 -143.97 -144.09 -144.22 -144.31 -144.41 -144.50 -144.59 -144.72 -144.84 -144.97 -145.09 -145.19 -145.28 -145.38 -145.50 -145.62 -145.75 -145.91 -146.03
-138.66 -138.72 -138.84 -138.97 -139.12 -139.25 -139.41 -139.56 -139.72 -139.88 -140.00 -140.16 -140.25 -140.38 -140.47 -140.56 -140.62 -140.69 -140.75 -140.78 -140.84 -140.88 -140.94 -141.00 -141.06 -141.16 -141.22 -141.28 -141.34 -141.41 -141.47 -141.53 -141.56 -141.59 -141.66 -141.69 -141.75 -141.84 -142.00 -142.16 -142.38 -142.59 -142.81 -143.06 -143.28 -143.53 -143.72 -143.94 -144.09 -144.25 -144.41 -144.50 -144.62 -144.72 -144.81 -144.91 -145.03 -145.16 -145.28 -145.38 -145.47 -145.56 -145.66 -145.78 -145.91 -146.03 -146.16
-138.56 -138.62 -138.75 -138.88 -139.00 -139.16 -139.31 -139.47 -139.62 -139.78 -139.94 -140.06 -140.19 -140.31 -140.41 -140.50 -140.56 -140.66 -140.72 -140.75 -140.81 -140.88 -140.94 -141.00 -141.09 -141.16 -141.22 -141.31 -141.38 -141.47 -141.53 -141.56 -141.62 -141.69 -141.75 -141.81 -141.88 -141.97 -142.09 -142.25 -142.47 -142.66 -142.91 -143.12 -143.38 -143.59 -143.84 -144.03 -144.22 -144.41 -144.56 -144.69 -144.81 -144.91 -145.00 -145.09 -145.22 -145.34 -145.47 -145.56 -145.66 -145.75 -145.84 -145.94 -146.03 -146.16 -146.28
-138.44 -138.50 -138.62 -138.75 -138.88 -139.03 -139.19 -139.38 -139.56 -139.72 -139.88 -140.00 -140.12 -140.25 -140.34 -140.44 -140.53 -140.62 -140.69 -140.75 -140.81 -140.88 -140.94 -141.03 -141.12 -141.19 -141.28 -141.38 -141.44 -141.50 -141.59 -141.66 -141.72 -141.78 -141.84 -141.91 -142.00 -142.09 -142.22 -142.38 -142.56 -142.78 -143.00 -143.25 -143.47 -143.69 -143.91 -144.12 -144.34 -144.53 -144.69 -144.84 -144.97 -145.06 -145.19 -145.28 -145.41 -145.50 -145.62 -145.75 -145.84 -145.94 -146.00 -146.09 -146.19 -146.28 -146.41
-138.31 -138.38 -138.47 -138.62 -138.75 -138.94 -139.12 -139.28 -139.47 -139.62 -139.78 -139.91 -140.06 -140.19 -140.28 -140.41 -140.50 -140.59 -140.69 -140.75 -140.84 -140.91 -141.00 -141.06 -141.16 -141.25 -141.34 -141.44 -141.50 -141.59 -141.66 -141.72 -141.81 -141.88 -141.97 -142.03 -142.12 -142.22 -142.34 -142.50 -142.69 -142.88 -143.09 -143.34 -143.56 -143.78 -144.00 -144.22 -144.41 -144.62 -144.78 -144.97 -145.09 -145.22 -145.34 -145.44 -145.56 -145.66 -145.78 -145.88 -146.00 -146.06 -146.16 -146.25 -146.31 -146.41 -146.50
-138.19 -138.28 -138.38 -138.50 -138.69 -138.84 -139.03 -139.22 -139.38 -139.53 -139.69 -139.84 -139.97 -140.09 -140.22 -140.34 -140.47 -140.59 -140.69 -140.78 -140.84 -140.94 -141.03 -141.12 -141.22 -141.31 -141.41 -141.50 -141.59 -141.66 -141.72 -141.81 -141.88 -141.97 -142.06 -142.12 -142.22 -142.31 -142.44 -142.59 -142.78 -142.97 -143.19 -143.41 -143.66 -143.88 -144.06 -144.28 -144.47 -144.66 -144.84 -145.03 -145.19 -145.34 -145.47 -145.59 -145.72 -145.81 -145.91 -146.03 -146.12 -146.22 -146.28 -146.38 -146.44 -146.53 -146.59
-138.09 -138.19 -138.31 -138.44 -138.62 -138.78 -138.97 -139.12 -139.28 -139.44 -139.59 -139.75 -139.91 -140.06 -140.19 -140.31 -140.44 -140.56 -140.66 -140.78 -140.88 -140.97 -141.06 -141.16 -141.25 -141.38 -141.47 -141.56 -141.66 -141.72 -141.81 -141.88 -141.94 -142.03 -142.12 -142.19 -142.28 -142.41 -142.53 -142.69 -142.84 -143.03 -143.25 -143.47 -143.66 -143.88 -144.09 -144.28 -144.47 -144.69 -144.88 -145.09 -145.25 -145.44 -145.59 -145.72 -145.81 -145.94 -146.03 -146.16 -146.22 -146.31 -146.41 -146.47 -146.53 -146.59 -146.69
-138.06 -138.19 -138.28 -138.44 -138.59 -138.75 -138.91 -139.09 -139.22 -139.38 -139.53 -139.69 -139.84 -140.00 -140.16 -140.28 -140.41 -140.53 -140.66 -140.75 -140.88 -140.97 -141.06 -141.19 -141.28 -141.38 -141.50 -141.59 -141.69 -141.75 -141.84 -141.94 -142.00 -142.09 -142.16 -142.25 -142.34 -142.47 -142.59 -142.72 -142.88 -143.06 -143.25 -143.44 -143.66 -143.84 -144.06 -144.25 -144.47 -144.69 -144.88 -145.09 -145.28 -145.47 -145.62 -145.78 -145.91 -146.03 -146.12 -146.22 -146.31 -146.41 -146.47 -146.53 -146.62 -146.69 -146.75
-138.12 -138.19 -138.31 -138.47 -138.62 -138.78 -138.94 -139.06 -139.22 -139.38 -139.50 -139.66 -139.81 -139.97 -140.09 -140.25 -140.38 -140.50 -140.62 -140.75 -140.84 -140.94 -141.06 -141.19 -141.28 -141.41 -141.50 -141.59 -141.72 -141.81 -141.88 -141.97 -142.06 -142.12 -142.22 -142.28 -142.38 -142.50 -142.62 -142.78 -142.91 -143.09 -143.25 -143.44 -143.62 -143.81 -144.03 -144.22 -144.44 -144.66 -144.88 -145.09 -145.28 -145.47 -145.66 -145.81 -145.94 -146.06 -146.16 -146.28 -146.34 -146.44 -146.50 -146.59 -146.66 -146.72 -146.78
-138.16 -138.25 -138.38 -138.50 -138.66 -138.81 -138.97 -139.12 -139.25 -139.41 -139.53 -139.66 -139.78 -139.94 -140.09 -140.22 -140.34 -140.47 -140.59 -140.72 -140.81 -140.94 -141.06 -141.16 -141.28 -141.41 -141.50 -141.62 -141.72 -141.81 -141.91 -142.00 -142.09 -142.16 -142.25 -142.34 -142.44 -142.53 -142.66 -142.81 -142.97 -143.12 -143.28 -143.47 -143.62 -143.81 -144.03 -144.22 -144.41 -144.62 -144.84 -145.06 -145.25 -145.44 -145.59 -145.75 -145.91 -146.03 -146.16 -146.25 -146.34 -146.44 -146.50 -146.56 -146.62 -146.72 -146.78
-138.22 -138.31 -138.41 -138.56 -138.72 -138.88 -139.03 -139.19 -139.31 -139.47 -139.59 -139.72 -139.81 -139.94 -140.09 -140.22 -140.34 -140.47 -140.59 -140.69 -140.81 -140.94 -141.03 -141.16 -141.28 -141.41 -141.50 -141.62 -141.72 -141.81 -141.91 -142.00 -142.09 -142.19 -142.28 -142.38 -142.47 -142.56 -142.69 -142.84 -143.00 -143.16 -143.31 -143.50 -143.66 -143.84 -144.03 -144.22 -144.41 -144.62 -144.81 -145.00 -145.19 -145.38 -145.53 -145.69 -145.84 -145.97 -146.09 -146.19 -146.31 -146.38 -146.44 -146.50 -146.59 -146.66 -146.75
-138.28 -138.34 -138.47 -138.62 -138.75 -138.91 -139.09 -139.25 -139.41 -139.53 -139.69 -139.78 -139.91 -140.00 -140.12 -140.25 -140.38 -140.50 -140.59 -140.72 -140.81 -140.94 -141.06 -141.16 -141.28 -141.41 -141.50 -141.62 -141.72 -141.81 -141.91 -142.00 -142.09 -142.19 -142.28 -142.38 -142.47 -142.59 -142.72 -142.84 -143.00 -143.16 -143.34 -143.53 -143.72 -143.88 -144.06 -144.25 -144.44 -144.59 -144.78 -144.97 -145.16 -145.31 -145.47 -145.62 -145.75 -145.88 -146.00 -146.12 -146.22 -146.31 -146.38 -146.44 -146.50 -146.56 -146.69
-138.31 -138.41 -138.53 -138.66 -138.81 -138.97 -139.12 -139.28 -139.47 -139.59 -139.75 -139.88 -139.97 -140.09 -140.19 -140.31 -140.44 -140.56 -140.66 -140.75 -140.88 -140.97 -141.09 -141.19 -141.31 -141.41 -141.53 -141.62 -141.72 -141.81 -141.91 -142.00 -142.09 -142.16 -142.25 -142.34 -142.44 -142.56 -142.69 -142.84 -142.97 -143.16 -143.31 -143.50 -143.69 -143.91 -144.06 -144.25 -144.44 -144.59 -144.78 -144.94 -145.12 -145.25 -145.41 -145.53 -145.66 -145.81 -145.91 -146.03 -146.12 -146.19 -146.25 -146.31 -146.38 -146.47 -146.59
-138.38 -138.47 -138.56 -138.72 -138.88 -139.03 -139.19 -139.34 -139.50 -139.66 -139.81 -139.94 -140.06 -140.16 -140.28 -140.38 -140.50 -140.62 -140.72 -140.84 -140.94 -141.03 -141.12 -141.25 -141.34 -141.44 -141.53 -141.62 -141.72 -141.81 -141.91 -141.97 -142.06 -142.16 -142.25 -142.31 -142.44 -142.53 -142.66 -142.78 -142.91 -143.09 -143.25 -143.44 -143.66 -143.84 -144.06 -144.25 -144.44 -144.59 -144.75 -144.91 -145.06 -145.22 -145.34 -145.47 -145.56 -145.69 -145.81 -145.91 -146.00 -146.06 -146.12 -146.19 -146.25 -146.34 -146.50
-138.44 -138.53 -138.62 -138.78 -138.91 -139.06 -139.22 -139.38 -139.53 -139.69 -139.81 -139.97 -140.09 -140.22 -140.34 -140.47 -140.59 -140.69 -140.81 -140.91 -141.00 -141.09 -141.19 -141.28 -141.38 -141.47 -141.56 -141.66 -141.72 -141.81 -141.88 -141.97 -142.03 -142.12 -142.22 -142.28 -142.38 -142.47 -142.59 -142.72 -142.84 -143.00 -143.19 -143.38 -143.56 -143.78 -143.97 -144.19 -144.38 -144.56 -144.72 -144.88 -145.00 -145.12 -145.25 -145.34 -145.47 -145.56 -145.69 -145.78 -145.88 -145.94 -146.00 -146.03 -146.12 -146.25 -146.38
-138.50 -138.56 -138.69 -138.81 -138.97 -139.12 -139.25 -139.41 -139.53 -139.69 -139.84 -139.97 -140.09 -140.25 -140.38 -140.50 -140.62 -140.75 -140.84 -140.94 -141.03 -141.12 -141.22 -141.31 -141.41 -141.50 -141.56 -141.66 -141.72 -141.78 -141.84 -141.91 -142.00 -142.09 -142.16 -142.25 -142.31 -142.41 -142.50 -142.62 -142.75 -142.91 -143.09 -143.28 -143.47 -143.69 -143.88 -144.09 -144.28 -144.47 -144.62 -144.78 -144.91 -145.03 -145.12 -145.22 -145.31 -145.44 -145.53 -145.66 -145.72 -145.78 -145.84 -145.91 -146.00 -146.12 -146.28
-138.53 -138.62 -138.72 -138.88 -139.00 -139.12 -139.28 -139.41 -139.53 -139.66 -139.81 -139.94 -140.06 -140.22 -140.34 -140.50 -140.62 -140.75 -140.84 -140.94 -141.03 -141.12 -141.22 -141.31 -141.41 -141.47 -141.53 -141.59 -141.66 -141.72 -141.78 -141.84 -141.94 -142.00 -142.09 -142.16 -142.25 -142.34 -142.44 -142.53 -142.66 -142.81 -143.00 -143.19 -143.38 -143.59 -143.78 -143.97 -144.16 -144.34 -144.50 -144.62 -144.75 -144.88 -144.97 -145.06 -145.19 -145.28 -145.41 -145.50 -145.56 -145.62 -145.69 -145.78 -145.88 -146.03 -146.19
-138.53 -138.62 -138.75 -138.88 -139.00 -139.12 -139.25 -139.38 -139.47 -139.59 -139.72 -139.88 -140.00 -140.16 -140.28 -140.44 -140.56 -140.69 -140.78 -140.88 -140.97 -141.06 -141.16 -141.25 -141.31 -141.38 -141.44 -141.50 -141.56 -141.62 -141.69 -141.75 -141.84 -141.91 -142.00 -142.09 -142.16 -142.25 -142.34 -142.44 -142.59 -142.72 -142.91 -143.09 -143.28 -143.50 -143.69 -143.88 -144.03 -144.19 -144.34 -144.47 -144.59 -144.69 -144.81 -144.91 -145.03 -145.12 -145.25 -145.34 -145.44 -145.50 -145.56 -145.66 -145.81 -145.97 -146.12
-138.50 -138.56 -138.69 -138.81 -138.94 -139.06 -139.19 -139.28 -139.41 -139.50 -139.62 -139.75 -139.88 -140.03 -140.19 -140.34 -140.47 -140.56 -140.69 -140.78 -140.84 -140.94 -141.03 -141.12 -141.19 -141.25 -141.31 -141.38 -141.44 -141.50 -141.56 -141.66 -141.72 -141.81 -141.91 -141.97 -142.06 -142.16 -142.25 -142.38 -142.50 -142.66 -142.84 -143.03 -143.22 -143.41 -143.59 -143.75 -143.91 -144.06 -144.19 -144.31 -144.44 -144.53 -144.66 -144.75 -144.88 -145.00 -145.09 -145.22 -145.28 -145.38 -145.47 -145.62 -145.78 -145.97 -146.16
-138.41 -138.50 -138.59 -138.69 -138.81 -138.94 -139.06 -139.16 -139.25 -139.34 -139.47 -139.59 -139.72 -139.88 -140.06 -140.19 -140.31 -140.44 -140.53 -140.62 -140.69 -140.78 -140.88 -140.97 -141.03 -141.09 -141.16 -141.22 -141.28 -141.34 -141.44 -141.53 -141.59 -141.69 -141.78 -141.84 -141.94 -142.03 -142.16 -142.28 -142.44 -142.59 -142.78 -142.97 -143.16 -143.34 -143.50 -143.66 -143.81 -143.94 -144.06 -144.19 -144.28 -144.41 -144.50 -144.62 -144.75 -144.88 -144.97 -145.09 -145.19 -145.31 -145.44 -145.62 -145.81 -145.97 -146.16
-138.31 -138.38 -138.47 -138.56 -138.69 -138.81 -138.94 -139.03 -139.09 -139.19 -139.28 -139.41 -139.56 -139.72 -139.88 -140.00 -140.12 -140.25 -140.34 -140.44 -140.53 -140.59 -140.69 -140.75 -140.84 -140.91 -140.97 -141.03 -141.12 -141.22 -141.31 -141.41 -141.47 -141.56 -141.66 -141.72 -141.81 -141.94 -142.03 -142.19 -142.34 -142.53 -142.72 -142.91 -143.09 -143.25 -143.44 -143.56 -143.72 -143.81 -143.94 -144.06 -144.19 -144.28 -144.41 -144.53 -144.66 -144.78 -144.91 -145.00 -145.12 -145.28 -145.44 -145.62 -145.81 -146.00 -146.19
-138.16 -138.22 -138.31 -138.41 -138.53 -138.66 -138.75 -138.84 -138.91 -138.97 -139.06 -139.19 -139.34 -139.50 -139.66 -139.78 -139.91 -140.00 -140.12 -140.22 -140.31 -140.41 -140.47 -140.53 -140.62 -140.69 -140.75 -140.84 -140.94 -141.03 -141.16 -141.25 -141.34 -141.44 -141.50 -141.59 -141.69 -141.81 -141.94 -142.09 -142.28 -142.44 -142.66 -142.84 -143.03 -143.19 -143.34 -143.47 -143.59 -143.72 -143.84 -143.97 -144.09 -144.22 -144.34 -144.47 -144.62 -144.75 -144.88 -145.00 -145.12 -145.28 -145.44 -145.62 -145.78 -145.97 -146.16
-138.00 -138.03 -138.12 -138.25 -138.34 -138.47 -138.56 -138.62 -138.69 -138.75 -138.84 -138.94 -139.09 -139.25 -139.41 -139.53 -139.66 -139.75 -139.88 -139.97 -140.06 -140.16 -140.22 -140.31 -140.38 -140.44 -140.53 -140.62 -140.75 -140.88 -141.00 -141.12 -141.22 -141.28 -141.38 -141.47 -141.59 -141.72 -141.84 -142.03 -142.19 -142.41 -142.59 -142.78 -142.94 -143.12 -143.25 -143.41 -143.53 -143.66 -143.78 -143.91 -144.06 -144.19 -144.34 -144.50 -144.66 -144.78 -144.91 -145.03 -145.16 -145.28 -145.41 -145.59 -145.75 -145.94 -146.09
-137.81 -137.84 -137.94 -138.06 -138.16 -138.25 -138.34 -138.41 -138.44 -138.50 -138.59 -138.69 -138.84 -139.00 -139.12 -139.25 -139.38 -139.50 -139.59 -139.72 -139.81 -139.91 -139.97 -140.06 -140.12 -140.22 -140.31 -140.44 -140.56 -140.72 -140.84 -140.97 -141.06 -141.16 -141.25 -141.38 -141.50 -141.62 -141.78 -141.97 -142.16 -142.34 -142.53 -142.72 -142.91 -143.06 -143.22 -143.34 -143.50 -143.62 -143.75 -143.91 -144.09 -144.25 -144.41 -144.59 -144.75 -144.88 -145.00 -145.09 -145.19 -145.28 -145.41 -145.56 -145.69 -145.88 -146.03
-137.59 -137.66 -137.75 -137.84 -137.94 -138.03 -138.09 -138.16 -138.19 -138.25 -138.34 -138.47 -138.59 -138.72 -138.84 -138.97 -139.09 -139.22 -139.34 -139.47 -139.56 -139.66 -139.72 -139.81 -139.91 -140.00 -140.09 -140.25 -140.38 -140.53 -140.69 -140.81 -140.94 -141.03 -141.16 -141.28 -141.44 -141.59 -141.75 -141.94 -142.12 -142.31 -142.53 -142.75 -142.94 -143.12 -143.28 -143.41 -143.56 -143.69 -143.84 -144.00 -144.19 -144.34 -144.53 -144.69 -144.88 -145.00 -145.12 -145.22 -145.28 -145.38 -145.44 -145.53 -145.66 -145.81 -145.94
-137.38 -137.44 -137.53 -137.62 -137.72 -137.81 -137.88 -137.91 -137.97 -138.03 -138.12 -138.22 -138.34 -138.47 -138.56 -138.69 -138.81 -138.94 -139.09 -139.22 -139.31 -139.41 -139.50 -139.56 -139.66 -139.78 -139.91 -140.06 -140.22 -140.38 -140.53 -140.69 -140.81 -140.94 -141.09 -141.28 -141.44 -141.62 -141.78 -141.97 -142.16 -142.38 -142.62 -142.84 -143.03 -143.22 -143.41 -143.56 -143.72 -143.84 -144.00 -144.16 -144.31 -144.50 -144.69 -144.84 -145.00 -145.12 -145.25 -145.34 -145.41 -145.47 -145.53 -145.59 -145.66 -145.78 -145.91
-137.19 -137.25 -137.31 -137.41 -137.50 -137.56 -137.62 -137.69 -137.72 -137.75 -137.84 -137.97 -138.09 -138.19 -138.28 -138.38 -138.50 -138.66 -138.84 -138.97 -139.09 -139.19 -139.25 -139.34 -139.44 -139.56 -139.72 -139.88 -140.06 -140.25 -140.41 -140.59 -140.75 -140.94 -141.16 -141.34 -141.53 -141.72 -141.94 -142.12 -142.31 -142.53 -142.75 -142.97 -143.19 -143.41 -143.56 -143.75 -143.91 -144.03 -144.19 -144.34 -144.50 -144.66 -144.84 -145.00 -145.16 -145.28 -145.38 -145.47 -145.53 -145.59 -145.62 -145.66 -145.72 -145.81 -145.91
