everonasctiles/Tile[41,25].asc
ncols 128
nrows 128
xllcorner 0
yllcorner 0
cellsize 2.0
NODATA_value  -9999
[rows 30 to 59 of 128, columns 0 to 68 of 128]
-103.94 -104.12 -104.56 -105.00 -105.41 -105.97 -106.69 -107.41 -107.81 -108.06 -108.34 -108.53 -108.66 -108.78 -108.81 -108.84 -108.84 -108.84 -108.81 -108.78 -108.72 -108.62 -108.53 -108.44 -108.34 -108.28 -108.22 -108.09 -107.94 -107.69 -107.41 -107.09 -106.75 -106.41 -105.97 -105.41 -105.03 -104.88 -104.75 -104.59 -104.47 -104.34 -104.28 -104.19 -104.16 -104.34 -104.59 -104.84 -105.16 -105.50 -105.94 -106.50 -107.12 -107.81 -108.50 -109.16 -109.75 -110.28 -110.75 -111.12 -111.47 -111.78 -112.03 -112.25 -112.41 -112.53 -112.59 -112.62 -112.62
-104.03 -104.47 -105.12 -105.69 -106.09 -106.47 -107.00 -107.53 -107.91 -108.19 -108.44 -108.62 -108.78 -108.84 -108.91 -108.91 -108.91 -108.88 -108.84 -108.75 -108.66 -108.56 -108.44 -108.34 -108.25 -108.16 -108.09 -108.03 -107.88 -107.66 -107.38 -107.09 -106.75 -106.44 -106.06 -105.66 -105.38 -105.16 -104.97 -104.81 -104.66 -104.53 -104.38 -104.25 -104.03 -104.09 -104.44 -104.72 -105.03 -105.38 -105.75 -106.25 -106.88 -107.59 -108.28 -108.97 -109.59 -110.12 -110.62 -111.03 -111.38 -111.69 -111.97 -112.19 -112.34 -112.47 -112.53 -112.56 -112.56
-104.31 -105.03 -105.78 -106.19 -106.56 -106.91 -107.28 -107.69 -108.03 -108.31 -108.56 -108.75 -108.88 -108.94 -108.97 -108.97 -108.94 -108.91 -108.81 -108.72 -108.62 -108.50 -108.38 -108.22 -108.09 -108.03 -107.97 -107.88 -107.75 -107.56 -107.31 -107.03 -106.75 -106.44 -106.12 -105.84 -105.62 -105.44 -105.22 -105.03 -104.84 -104.69 -104.53 -104.34 -104.03 -103.78 -104.00 -104.44 -104.88 -105.22 -105.59 -106.06 -106.69 -107.38 -108.06 -108.75 -109.38 -109.94 -110.44 -110.88 -111.25 -111.59 -111.88 -112.09 -112.28 -112.41 -112.47 -112.50 -112.50
-104.50 -105.41 -106.03 -106.41 -106.78 -107.16 -107.50 -107.84 -108.16 -108.44 -108.66 -108.84 -108.94 -109.00 -109.00 -109.00 -108.97 -108.91 -108.81 -108.69 -108.59 -108.44 -108.31 -108.16 -108.03 -107.91 -107.84 -107.78 -107.62 -107.47 -107.25 -107.00 -106.75 -106.50 -106.25 -106.06 -105.88 -105.66 -105.44 -105.25 -105.06 -104.94 -104.75 -104.53 -104.25 -103.81 -103.66 -104.00 -104.47 -105.00 -105.50 -105.94 -106.50 -107.16 -107.84 -108.50 -109.16 -109.72 -110.25 -110.72 -111.12 -111.47 -111.75 -112.00 -112.19 -112.31 -112.41 -112.44 -112.44
-104.56 -105.47 -106.12 -106.53 -106.94 -107.34 -107.69 -108.00 -108.28 -108.53 -108.75 -108.88 -108.97 -109.00 -109.00 -109.00 -108.97 -108.88 -108.78 -108.69 -108.56 -108.44 -108.28 -108.16 -108.03 -107.94 -107.81 -107.72 -107.56 -107.41 -107.19 -106.97 -106.78 -106.59 -106.44 -106.28 -106.09 -105.91 -105.69 -105.47 -105.31 -105.16 -104.97 -104.75 -104.50 -104.12 -103.78 -103.72 -104.09 -104.66 -105.28 -105.75 -106.25 -106.84 -107.56 -108.25 -108.94 -109.53 -110.09 -110.56 -111.00 -111.38 -111.66 -111.91 -112.09 -112.22 -112.31 -112.38 -112.34
-104.53 -105.31 -106.12 -106.56 -107.00 -107.41 -107.75 -108.09 -108.38 -108.59 -108.75 -108.84 -108.91 -108.97 -108.97 -108.97 -108.94 -108.88 -108.78 -108.66 -108.53 -108.44 -108.31 -108.19 -108.09 -108.00 -107.88 -107.72 -107.56 -107.41 -107.22 -107.06 -106.91 -106.75 -106.62 -106.50 -106.34 -106.12 -105.94 -105.72 -105.56 -105.38 -105.19 -104.94 -104.72 -104.44 -104.16 -103.91 -103.94 -104.34 -104.97 -105.47 -105.91 -106.44 -107.16 -107.94 -108.75 -109.38 -109.94 -110.44 -110.91 -111.28 -111.59 -111.81 -112.00 -112.12 -112.22 -112.28 -112.25
-104.59 -105.25 -106.06 -106.56 -107.00 -107.38 -107.75 -108.09 -108.34 -108.53 -108.66 -108.75 -108.81 -108.88 -108.91 -108.94 -108.91 -108.84 -108.75 -108.66 -108.53 -108.44 -108.34 -108.25 -108.19 -108.06 -107.94 -107.81 -107.66 -107.50 -107.34 -107.19 -107.06 -106.94 -106.84 -106.72 -106.56 -106.38 -106.16 -105.97 -105.78 -105.56 -105.34 -105.09 -104.88 -104.66 -104.44 -104.25 -104.06 -104.22 -104.62 -105.06 -105.38 -105.75 -106.53 -107.59 -108.56 -109.25 -109.81 -110.34 -110.81 -111.22 -111.50 -111.72 -111.91 -112.03 -112.12 -112.19 -112.16
-104.81 -105.31 -106.03 -106.59 -107.00 -107.38 -107.72 -108.03 -108.28 -108.41 -108.53 -108.59 -108.69 -108.78 -108.84 -108.88 -108.88 -108.81 -108.72 -108.62 -108.56 -108.47 -108.41 -108.34 -108.28 -108.16 -108.03 -107.91 -107.75 -107.59 -107.47 -107.31 -107.19 -107.09 -107.00 -106.91 -106.75 -106.56 -106.34 -106.12 -105.91 -105.69 -105.47 -105.22 -104.97 -104.78 -104.59 -104.44 -104.31 -104.22 -104.41 -104.62 -104.84 -105.28 -106.16 -107.34 -108.44 -109.09 -109.69 -110.25 -110.72 -111.09 -111.38 -111.62 -111.78 -111.91 -112.00 -112.06 -112.03
-105.22 -105.53 -106.09 -106.59 -106.97 -107.34 -107.66 -107.94 -108.12 -108.22 -108.31 -108.41 -108.56 -108.69 -108.78 -108.81 -108.81 -108.75 -108.69 -108.62 -108.56 -108.50 -108.47 -108.41 -108.34 -108.25 -108.12 -108.00 -107.84 -107.72 -107.56 -107.44 -107.31 -107.25 -107.16 -107.06 -106.91 -106.69 -106.47 -106.22 -106.00 -105.75 -105.50 -105.28 -105.06 -104.88 -104.69 -104.53 -104.41 -104.31 -104.28 -104.31 -104.53 -105.03 -105.94 -107.12 -108.25 -108.94 -109.53 -110.09 -110.56 -110.94 -111.22 -111.44 -111.62 -111.75 -111.84 -111.91 -111.91
-105.53 -105.78 -106.19 -106.56 -106.94 -107.28 -107.59 -107.78 -107.88 -107.94 -108.06 -108.22 -108.41 -108.59 -108.72 -108.78 -108.78 -108.72 -108.69 -108.62 -108.59 -108.56 -108.53 -108.50 -108.44 -108.34 -108.22 -108.09 -107.94 -107.78 -107.66 -107.53 -107.41 -107.34 -107.28 -107.16 -106.97 -106.75 -106.50 -106.25 -105.97 -105.72 -105.50 -105.28 -105.09 -104.94 -104.75 -104.59 -104.47 -104.34 -104.25 -104.19 -104.38 -104.81 -105.62 -106.75 -108.00 -108.78 -109.34 -109.91 -110.34 -110.72 -111.00 -111.25 -111.44 -111.56 -111.66 -111.69 -111.69
-105.72 -105.94 -106.25 -106.59 -106.91 -107.22 -107.44 -107.56 -107.59 -107.62 -107.78 -108.06 -108.31 -108.50 -108.62 -108.72 -108.72 -108.69 -108.66 -108.62 -108.59 -108.56 -108.56 -108.53 -108.47 -108.41 -108.28 -108.16 -108.00 -107.88 -107.72 -107.59 -107.50 -107.44 -107.34 -107.22 -107.03 -106.78 -106.50 -106.22 -105.94 -105.66 -105.44 -105.25 -105.09 -104.94 -104.78 -104.66 -104.50 -104.38 -104.25 -104.16 -104.22 -104.56 -105.22 -106.25 -107.53 -108.56 -109.16 -109.66 -110.12 -110.47 -110.78 -111.03 -111.25 -111.38 -111.47 -111.47 -111.47
-105.84 -106.06 -106.31 -106.59 -106.88 -107.09 -107.22 -107.28 -107.25 -107.28 -107.59 -107.94 -108.19 -108.41 -108.56 -108.62 -108.66 -108.66 -108.66 -108.62 -108.59 -108.59 -108.56 -108.53 -108.50 -108.41 -108.31 -108.19 -108.06 -107.94 -107.81 -107.69 -107.56 -107.47 -107.34 -107.22 -107.00 -106.75 -106.47 -106.19 -105.88 -105.56 -105.34 -105.16 -105.03 -104.91 -104.78 -104.66 -104.50 -104.38 -104.25 -104.12 -104.06 -104.25 -104.81 -105.78 -107.03 -108.25 -108.97 -109.44 -109.88 -110.25 -110.56 -110.84 -111.06 -111.19 -111.22 -111.22 -111.19
-105.91 -106.12 -106.34 -106.56 -106.78 -106.91 -106.97 -106.94 -106.88 -107.06 -107.53 -107.84 -108.12 -108.34 -108.47 -108.56 -108.59 -108.62 -108.62 -108.62 -108.59 -108.56 -108.53 -108.50 -108.47 -108.41 -108.31 -108.22 -108.09 -107.97 -107.84 -107.72 -107.59 -107.44 -107.31 -107.16 -106.97 -106.72 -106.44 -106.16 -105.81 -105.50 -105.25 -105.09 -104.97 -104.84 -104.75 -104.59 -104.47 -104.34 -104.22 -104.09 -103.94 -104.06 -104.56 -105.44 -106.59 -107.75 -108.66 -109.19 -109.66 -110.06 -110.38 -110.66 -110.84 -110.94 -110.97 -110.94 -110.91
-105.88 -106.09 -106.31 -106.50 -106.62 -106.66 -106.62 -106.53 -106.53 -107.03 -107.47 -107.78 -108.03 -108.25 -108.38 -108.47 -108.53 -108.59 -108.62 -108.62 -108.59 -108.53 -108.47 -108.44 -108.38 -108.34 -108.28 -108.19 -108.06 -107.97 -107.84 -107.72 -107.56 -107.41 -107.22 -107.06 -106.88 -106.66 -106.41 -106.09 -105.78 -105.47 -105.22 -105.03 -104.88 -104.75 -104.62 -104.50 -104.38 -104.25 -104.16 -104.06 -104.09 -104.22 -104.62 -105.41 -106.41 -107.47 -108.38 -109.00 -109.50 -109.91 -110.22 -110.44 -110.59 -110.66 -110.66 -110.62 -110.56
-105.75 -106.00 -106.22 -106.38 -106.44 -106.44 -106.28 -106.09 -106.41 -106.97 -107.38 -107.69 -107.97 -108.16 -108.28 -108.38 -108.44 -108.53 -108.59 -108.59 -108.56 -108.47 -108.41 -108.34 -108.28 -108.25 -108.19 -108.09 -108.00 -107.88 -107.78 -107.66 -107.50 -107.31 -107.12 -106.91 -106.72 -106.53 -106.28 -106.03 -105.75 -105.47 -105.22 -105.00 -104.81 -104.66 -104.47 -104.34 -104.22 -104.12 -104.03 -104.12 -104.34 -104.66 -105.03 -105.72 -106.59 -107.53 -108.28 -108.88 -109.38 -109.75 -110.00 -110.16 -110.28 -110.31 -110.34 -110.28 -110.25
-105.59 -105.84 -106.06 -106.22 -106.25 -106.19 -106.00 -105.94 -106.41 -106.94 -107.28 -107.59 -107.84 -108.00 -108.12 -108.25 -108.34 -108.47 -108.53 -108.53 -108.50 -108.41 -108.34 -108.25 -108.19 -108.12 -108.06 -107.97 -107.84 -107.75 -107.66 -107.53 -107.38 -107.19 -106.97 -106.75 -106.50 -106.31 -106.12 -105.91 -105.66 -105.41 -105.16 -104.94 -104.72 -104.50 -104.31 -104.16 -104.03 -103.91 -103.88 -104.12 -104.53 -104.97 -105.53 -106.16 -106.88 -107.59 -108.25 -108.81 -109.25 -109.53 -109.72 -109.84 -109.91 -109.97 -110.00 -109.97 -109.94
-105.34 -105.62 -105.84 -106.00 -106.06 -106.00 -105.84 -106.03 -106.47 -106.88 -107.19 -107.50 -107.69 -107.84 -107.97 -108.12 -108.25 -108.34 -108.44 -108.44 -108.41 -108.34 -108.22 -108.12 -108.06 -107.97 -107.91 -107.81 -107.69 -107.56 -107.44 -107.34 -107.22 -107.03 -106.81 -106.56 -106.28 -106.06 -105.88 -105.72 -105.50 -105.25 -105.03 -104.81 -104.56 -104.34 -104.12 -103.94 -103.78 -103.62 -103.59 -104.00 -104.66 -105.19 -105.72 -106.34 -107.00 -107.62 -108.22 -108.69 -109.06 -109.28 -109.41 -109.50 -109.53 -109.59 -109.62 -109.66 -109.66
-105.09 -105.38 -105.59 -105.75 -105.84 -105.84 -105.91 -106.12 -106.47 -106.81 -107.09 -107.34 -107.53 -107.66 -107.81 -107.97 -108.09 -108.22 -108.28 -108.31 -108.28 -108.22 -108.12 -108.03 -107.91 -107.81 -107.75 -107.62 -107.47 -107.34 -107.19 -107.06 -106.97 -106.81 -106.62 -106.34 -106.06 -105.78 -105.62 -105.47 -105.28 -105.06 -104.81 -104.59 -104.34 -104.12 -103.88 -103.69 -103.50 -103.25 -103.28 -103.84 -104.69 -105.31 -105.84 -106.44 -107.03 -107.59 -108.09 -108.50 -108.78 -108.97 -109.06 -109.12 -109.16 -109.19 -109.25 -109.31 -109.38
-104.78 -105.12 -105.31 -105.50 -105.62 -105.72 -105.91 -106.16 -106.41 -106.72 -106.97 -107.16 -107.31 -107.47 -107.62 -107.78 -107.91 -108.00 -108.09 -108.12 -108.12 -108.09 -108.00 -107.91 -107.78 -107.66 -107.56 -107.41 -107.25 -107.09 -106.91 -106.78 -106.66 -106.56 -106.41 -106.16 -105.88 -105.56 -105.38 -105.19 -105.00 -104.78 -104.53 -104.31 -104.06 -103.84 -103.62 -103.41 -103.19 -102.88 -103.06 -103.75 -104.69 -105.31 -105.84 -106.44 -106.97 -107.47 -107.88 -108.22 -108.44 -108.59 -108.69 -108.75 -108.75 -108.81 -108.88 -108.94 -109.03
-104.50 -104.84 -105.06 -105.25 -105.44 -105.66 -105.88 -106.09 -106.34 -106.59 -106.78 -106.94 -107.06 -107.22 -107.38 -107.53 -107.66 -107.75 -107.84 -107.88 -107.91 -107.91 -107.84 -107.75 -107.66 -107.50 -107.38 -107.19 -107.03 -106.81 -106.59 -106.38 -106.28 -106.22 -106.12 -105.94 -105.66 -105.34 -105.12 -104.91 -104.69 -104.47 -104.22 -103.94 -103.72 -103.50 -103.31 -103.12 -102.88 -102.53 -102.84 -103.69 -104.66 -105.28 -105.78 -106.31 -106.78 -107.22 -107.56 -107.84 -108.06 -108.22 -108.31 -108.34 -108.38 -108.41 -108.47 -108.56 -108.62
-104.25 -104.56 -104.84 -105.06 -105.31 -105.56 -105.81 -106.03 -106.28 -106.44 -106.56 -106.66 -106.78 -106.94 -107.09 -107.25 -107.34 -107.47 -107.53 -107.59 -107.66 -107.69 -107.69 -107.62 -107.50 -107.34 -107.19 -106.97 -106.72 -106.44 -106.09 -105.88 -105.84 -105.84 -105.78 -105.66 -105.41 -105.12 -104.84 -104.59 -104.38 -104.12 -103.88 -103.59 -103.38 -103.16 -103.00 -102.81 -102.44 -102.19 -102.66 -103.56 -104.53 -105.12 -105.59 -106.09 -106.53 -106.88 -107.19 -107.44 -107.66 -107.78 -107.88 -107.94 -107.97 -108.00 -108.06 -108.12 -108.12
-104.06 -104.34 -104.62 -104.88 -105.16 -105.44 -105.72 -105.97 -106.16 -106.25 -106.31 -106.34 -106.47 -106.59 -106.75 -106.88 -107.00 -107.12 -107.22 -107.28 -107.38 -107.44 -107.50 -107.47 -107.41 -107.22 -107.00 -106.72 -106.38 -105.91 -105.47 -105.22 -105.31 -105.44 -105.41 -105.31 -105.09 -104.81 -104.53 -104.25 -104.00 -103.75 -103.50 -103.19 -102.94 -102.75 -102.59 -102.31 -101.91 -101.88 -102.47 -103.34 -104.31 -104.91 -105.38 -105.81 -106.22 -106.53 -106.81 -107.03 -107.19 -107.34 -107.44 -107.50 -107.53 -107.56 -107.59 -107.62 -107.59
-104.03 -104.19 -104.44 -104.72 -105.03 -105.34 -105.62 -105.88 -106.03 -106.03 -106.00 -105.97 -106.06 -106.25 -106.38 -106.50 -106.62 -106.72 -106.84 -106.94 -107.06 -107.19 -107.28 -107.31 -107.28 -107.12 -106.91 -106.56 -106.16 -105.66 -105.12 -104.75 -104.84 -105.00 -105.00 -104.91 -104.72 -104.47 -104.19 -103.88 -103.59 -103.28 -102.94 -102.47 -102.12 -101.94 -101.81 -101.62 -101.47 -101.75 -102.41 -103.22 -104.06 -104.66 -105.16 -105.56 -105.91 -106.19 -106.44 -106.59 -106.75 -106.88 -106.97 -107.03 -107.09 -107.12 -107.12 -107.09 -107.03
-104.00 -104.09 -104.31 -104.59 -104.88 -105.19 -105.50 -105.72 -105.81 -105.78 -105.66 -105.53 -105.53 -105.75 -105.97 -106.12 -106.22 -106.34 -106.47 -106.59 -106.78 -106.94 -107.03 -107.12 -107.12 -107.03 -106.81 -106.50 -106.12 -105.69 -105.22 -104.78 -104.53 -104.59 -104.56 -104.47 -104.31 -104.06 -103.78 -103.47 -103.16 -102.75 -102.16 -101.59 -101.25 -101.09 -101.09 -101.19 -101.53 -102.03 -102.66 -103.31 -103.94 -104.47 -104.94 -105.31 -105.62 -105.84 -106.03 -106.16 -106.28 -106.41 -106.50 -106.56 -106.62 -106.62 -106.56 -106.50 -106.41
-103.91 -104.00 -104.19 -104.44 -104.72 -105.03 -105.31 -105.53 -105.59 -105.50 -105.34 -105.06 -104.81 -104.91 -105.25 -105.59 -105.78 -105.91 -106.06 -106.25 -106.47 -106.66 -106.81 -106.91 -106.94 -106.88 -106.72 -106.44 -106.09 -105.72 -105.31 -104.88 -104.50 -104.22 -104.16 -104.03 -103.84 -103.59 -103.34 -103.03 -102.69 -102.28 -101.47 -100.78 -100.41 -100.44 -100.78 -101.38 -101.94 -102.38 -102.88 -103.38 -103.88 -104.31 -104.72 -105.06 -105.31 -105.50 -105.62 -105.72 -105.81 -105.94 -106.03 -106.09 -106.16 -106.09 -106.00 -105.88 -105.75
-103.78 -103.88 -104.06 -104.31 -104.56 -104.84 -105.12 -105.31 -105.34 -105.25 -105.06 -104.69 -104.22 -104.09 -104.34 -104.75 -105.12 -105.44 -105.69 -105.94 -106.19 -106.41 -106.56 -106.69 -106.75 -106.72 -106.56 -106.34 -106.03 -105.66 -105.25 -104.84 -104.41 -104.03 -103.75 -103.56 -103.38 -103.12 -102.84 -102.56 -102.22 -101.84 -101.03 -100.19 -99.81 -100.16 -100.88 -101.56 -102.00 -102.44 -102.91 -103.38 -103.81 -104.19 -104.53 -104.81 -105.00 -105.16 -105.22 -105.31 -105.38 -105.47 -105.56 -105.62 -105.66 -105.53 -105.41 -105.25 -105.06
-103.62 -103.72 -103.94 -104.19 -104.44 -104.69 -104.94 -105.09 -105.12 -105.00 -104.81 -104.41 -103.78 -103.44 -103.59 -104.00 -104.53 -105.03 -105.34 -105.62 -105.91 -106.09 -106.28 -106.44 -106.50 -106.47 -106.34 -106.16 -105.88 -105.53 -105.12 -104.69 -104.25 -103.81 -103.38 -103.12 -102.91 -102.62 -102.31 -102.00 -101.72 -101.38 -100.75 -99.81 -99.53 -100.12 -100.94 -101.50 -101.94 -102.41 -102.88 -103.31 -103.69 -104.06 -104.31 -104.53 -104.66 -104.78 -104.84 -104.91 -104.97 -105.03 -105.12 -105.16 -105.12 -104.97 -104.78 -104.59 -104.38
-103.25 -103.38 -103.72 -104.06 -104.34 -104.56 -104.75 -104.88 -104.91 -104.78 -104.59 -104.22 -103.59 -103.09 -103.06 -103.53 -104.16 -104.75 -105.03 -105.31 -105.56 -105.78 -105.97 -106.12 -106.22 -106.19 -106.06 -105.88 -105.62 -105.31 -104.91 -104.44 -103.97 -103.50 -103.03 -102.66 -102.38 -102.06 -101.69 -101.44 -101.22 -100.94 -100.38 -99.56 -99.56 -100.25 -100.91 -101.38 -101.84 -102.31 -102.75 -103.16 -103.53 -103.81 -104.03 -104.19 -104.31 -104.41 -104.47 -104.53 -104.59 -104.62 -104.66 -104.66 -104.59 -104.41 -104.16 -103.94 -103.69
-102.81 -103.03 -103.44 -103.91 -104.25 -104.47 -104.62 -104.72 -104.72 -104.66 -104.50 -104.16 -103.59 -103.00 -102.78 -103.19 -103.88 -104.50 -104.78 -105.03 -105.25 -105.44 -105.62 -105.81 -105.91 -105.88 -105.75 -105.53 -105.31 -105.00 -104.59 -104.16 -103.66 -103.16 -102.62 -102.00 -101.56 -101.16 -100.69 -100.38 -100.28 -100.19 -99.78 -99.41 -99.81 -100.38 -100.84 -101.28 -101.72 -102.16 -102.56 -102.94 -103.28 -103.56 -103.75 -103.88 -103.97 -104.06 -104.12 -104.19 -104.22 -104.22 -104.22 -104.16 -104.03 -103.84 -103.56 -103.28 -103.00
-102.53 -102.91 -103.38 -103.84 -104.25 -104.47 -104.66 -104.75 -104.78 -104.72 -104.56 -104.28 -103.75 -103.16 -102.81 -103.00 -103.56 -104.22 -104.53 -104.75 -104.94 -105.12 -105.31 -105.47 -105.56 -105.53 -105.38 -105.16 -104.91 -104.62 -104.25 -103.81 -103.28 -102.78 -102.19 -101.47 -100.81 -100.28 -99.78 -99.41 -99.25 -99.25 -99.22 -99.44 -99.88 -100.28 -100.72 -101.12 -101.53 -101.94 -102.34 -102.69 -103.03 -103.28 -103.44 -103.56 -103.66 -103.75 -103.81 -103.88 -103.88 -103.84 -103.78 -103.66 -103.53 -103.31 -103.00 -102.66 -102.34
