everonasctiles/Tile[14,43].asc
ncols 128
nrows 128
xllcorner 0
yllcorner 0
cellsize 2.0
NODATA_value  -9999
[rows 32 to 63 of 128, columns 0 to 70 of 128]
-13.81 -13.81 -14.00 -14.09 -14.16 -14.09 -14.16 -14.31 -14.38 -14.56 -14.56 -14.94 -14.94 -15.38 -15.56 -15.59 -15.75 -15.81 -15.91 -16.12 -16.31 -16.44 -16.62 -16.62 -16.66 -16.91 -16.94 -16.78 -17.00 -17.19 -17.56 -18.09 -18.53 -18.75 -18.91 -18.94 -19.19 -19.41 -19.47 -19.53 -19.81 -20.06 -20.25 -20.56 -20.56 -20.44 -20.69 -21.12 -21.44 -21.88 -22.06 -22.22 -22.50 -22.88 -23.31 -23.66 -23.91 -24.00 -24.12 -24.28 -24.38 -24.38 -24.53 -24.59 -24.66 -24.72 -24.84 -24.88 -24.97 -25.03 -25.03
-13.97 -14.12 -14.16 -14.16 -14.22 -14.41 -14.56 -14.62 -14.72 -14.81 -14.78 -14.97 -15.12 -15.31 -15.44 -15.53 -15.31 -15.50 -15.88 -16.06 -16.22 -16.47 -16.53 -16.78 -16.81 -16.88 -17.00 -17.22 -17.16 -17.47 -18.00 -18.38 -18.78 -18.94 -19.00 -19.16 -19.44 -19.56 -19.59 -19.81 -19.91 -20.03 -20.22 -20.50 -20.59 -20.75 -20.78 -21.22 -21.84 -22.16 -22.44 -22.62 -22.72 -23.12 -23.41 -23.66 -23.94 -24.12 -24.38 -24.47 -24.56 -24.59 -24.69 -24.72 -24.78 -24.88 -24.97 -25.03 -25.09 -25.06 -25.09
-13.78 -13.84 -14.25 -14.53 -14.75 -14.91 -14.81 -14.78 -14.97 -14.97 -15.19 -15.22 -15.31 -15.56 -15.44 -15.53 -15.62 -15.91 -16.09 -16.00 -16.34 -16.59 -16.56 -16.88 -17.12 -17.28 -17.38 -17.56 -17.72 -17.84 -18.16 -18.41 -18.81 -19.12 -19.25 -19.47 -19.53 -19.59 -19.81 -20.09 -20.22 -20.31 -20.38 -20.53 -20.62 -20.94 -21.41 -21.78 -22.09 -22.41 -22.75 -22.97 -23.25 -23.41 -23.66 -23.75 -23.94 -24.22 -24.41 -24.56 -24.66 -24.72 -24.78 -24.78 -24.84 -24.91 -25.00 -25.16 -25.19 -25.19 -25.22
-13.84 -14.22 -14.44 -14.62 -14.81 -14.94 -14.88 -14.88 -15.09 -15.16 -15.06 -15.50 -15.50 -15.56 -15.53 -15.50 -15.81 -15.94 -16.25 -16.31 -16.34 -16.56 -16.75 -16.97 -17.34 -17.53 -17.62 -17.78 -17.88 -18.16 -18.25 -18.44 -18.75 -19.22 -19.44 -19.47 -19.56 -19.56 -19.62 -19.91 -20.09 -20.34 -20.56 -20.78 -20.94 -21.25 -21.75 -22.09 -22.44 -22.72 -23.06 -23.41 -23.56 -23.62 -23.69 -23.91 -24.12 -24.28 -24.44 -24.62 -24.75 -24.81 -24.81 -24.88 -24.94 -25.00 -25.09 -25.19 -25.25 -25.28 -25.31
-13.94 -14.16 -14.34 -14.59 -14.75 -14.88 -14.81 -14.69 -15.00 -15.06 -15.22 -15.41 -15.62 -15.72 -15.66 -15.72 -15.75 -16.16 -16.38 -16.50 -16.69 -16.84 -17.03 -17.19 -17.50 -17.69 -17.78 -17.94 -18.00 -18.34 -18.50 -18.72 -18.81 -19.06 -19.25 -19.41 -19.59 -19.72 -19.81 -19.94 -20.16 -20.47 -20.78 -21.00 -21.22 -21.66 -21.94 -22.25 -22.69 -23.03 -23.31 -23.50 -23.72 -23.84 -23.84 -23.91 -24.16 -24.34 -24.53 -24.72 -24.91 -24.94 -24.97 -25.00 -25.06 -25.12 -25.22 -25.22 -25.25 -25.28 -25.34
-13.88 -13.94 -14.28 -14.41 -14.69 -14.84 -14.97 -14.88 -15.00 -15.22 -15.12 -15.25 -15.34 -15.53 -15.66 -15.91 -16.28 -16.47 -16.62 -16.91 -17.06 -17.16 -17.25 -17.34 -17.66 -17.84 -18.00 -18.12 -18.28 -18.47 -18.75 -19.16 -19.38 -19.50 -19.53 -19.75 -19.75 -19.97 -19.84 -19.91 -20.22 -20.47 -20.84 -21.09 -21.50 -21.72 -22.06 -22.44 -22.84 -23.16 -23.41 -23.56 -23.78 -23.91 -24.00 -24.06 -24.25 -24.50 -24.72 -24.78 -24.88 -24.94 -25.00 -25.03 -25.09 -25.19 -25.25 -25.28 -25.34 -25.38 -25.41
-14.09 -14.16 -14.19 -14.47 -14.31 -14.66 -14.88 -15.03 -15.03 -15.06 -15.25 -15.38 -15.44 -15.69 -16.06 -16.19 -16.28 -16.59 -16.84 -17.09 -17.25 -17.34 -17.41 -17.53 -17.75 -17.94 -17.94 -18.16 -18.41 -18.75 -19.03 -19.16 -19.41 -19.66 -19.72 -19.69 -19.91 -20.03 -20.09 -20.19 -20.47 -20.72 -21.06 -21.25 -21.50 -21.84 -22.12 -22.47 -22.88 -23.09 -23.41 -23.62 -23.78 -23.94 -24.09 -24.25 -24.41 -24.56 -24.78 -24.91 -25.00 -25.00 -25.06 -25.12 -25.16 -25.25 -25.31 -25.34 -25.31 -25.34 -25.44
-14.34 -14.31 -14.22 -14.31 -14.44 -14.72 -14.97 -15.12 -15.06 -15.12 -15.34 -15.59 -15.72 -15.78 -16.12 -16.28 -16.41 -16.66 -16.91 -17.16 -17.31 -17.44 -17.50 -17.78 -17.94 -18.12 -18.22 -18.31 -18.66 -18.91 -19.06 -19.31 -19.44 -19.66 -19.75 -19.91 -20.16 -20.28 -20.34 -20.53 -20.88 -21.19 -21.25 -21.59 -21.84 -22.25 -22.59 -22.91 -23.03 -23.12 -23.38 -23.56 -23.81 -23.97 -24.16 -24.34 -24.56 -24.69 -24.75 -24.91 -25.00 -25.06 -25.16 -25.19 -25.25 -25.28 -25.31 -25.34 -25.34 -25.34 -25.44
-14.38 -14.31 -14.41 -14.59 -14.81 -14.94 -15.00 -15.03 -15.19 -15.28 -15.47 -15.62 -15.78 -15.91 -15.91 -16.06 -16.50 -16.81 -16.97 -17.12 -17.38 -17.53 -17.75 -17.97 -18.44 -18.62 -18.69 -18.72 -18.88 -19.22 -19.34 -19.50 -19.53 -19.66 -19.81 -19.94 -20.12 -20.12 -20.59 -21.06 -21.38 -21.59 -21.72 -21.91 -22.16 -22.44 -22.75 -22.97 -23.16 -23.28 -23.41 -23.62 -23.88 -24.03 -24.16 -24.41 -24.62 -24.75 -24.88 -24.91 -24.94 -25.06 -25.22 -25.28 -25.34 -25.41 -25.44 -25.38 -25.38 -25.44 -25.50
-14.16 -14.44 -14.56 -14.81 -14.94 -15.19 -15.22 -15.34 -15.56 -15.69 -15.72 -15.66 -15.56 -15.91 -16.19 -16.34 -16.72 -17.00 -17.25 -17.50 -17.56 -17.81 -18.09 -18.28 -18.69 -18.94 -18.91 -19.03 -19.22 -19.41 -19.47 -19.50 -19.56 -19.69 -19.75 -20.06 -20.12 -20.41 -20.75 -21.19 -21.56 -21.66 -21.84 -22.16 -22.34 -22.62 -22.88 -23.09 -23.34 -23.56 -23.75 -23.97 -24.06 -24.19 -24.22 -24.31 -24.56 -24.78 -24.88 -24.97 -24.97 -25.06 -25.16 -25.31 -25.41 -25.44 -25.47 -25.47 -25.44 -25.50 -25.53
-14.47 -14.50 -14.50 -14.72 -14.94 -15.09 -15.31 -15.12 -15.34 -15.41 -15.56 -15.62 -15.75 -15.88 -16.03 -16.38 -16.84 -17.28 -17.69 -17.78 -17.94 -18.03 -18.19 -18.56 -18.81 -19.06 -19.16 -19.25 -19.47 -19.59 -19.59 -19.62 -19.66 -19.59 -19.84 -20.19 -20.59 -20.91 -21.19 -21.47 -21.62 -21.88 -22.09 -22.38 -22.47 -22.62 -22.75 -23.03 -23.31 -23.69 -23.97 -24.12 -24.31 -24.38 -24.47 -24.50 -24.66 -24.81 -24.88 -25.00 -25.06 -25.19 -25.22 -25.28 -25.38 -25.44 -25.50 -25.53 -25.56 -25.53 -25.56
-14.25 -14.47 -14.66 -14.84 -14.97 -15.06 -15.22 -15.31 -15.28 -15.56 -15.66 -15.78 -15.81 -15.84 -15.72 -16.25 -16.81 -17.38 -17.81 -17.88 -17.91 -18.16 -18.47 -18.72 -18.88 -19.06 -19.28 -19.38 -19.44 -19.72 -19.69 -19.81 -19.78 -19.78 -20.12 -20.53 -20.94 -21.16 -21.53 -21.69 -21.88 -22.16 -22.31 -22.56 -22.72 -22.72 -22.88 -23.12 -23.38 -23.69 -24.00 -24.19 -24.34 -24.50 -24.66 -24.75 -24.78 -24.91 -25.03 -25.09 -25.16 -25.31 -25.34 -25.41 -25.47 -25.53 -25.66 -25.69 -25.66 -25.66 -25.69
-14.41 -14.47 -14.62 -14.78 -14.91 -15.06 -15.00 -15.41 -15.69 -15.75 -15.78 -15.84 -15.91 -15.81 -16.06 -16.22 -16.75 -17.12 -17.47 -17.62 -17.88 -18.25 -18.59 -18.88 -19.16 -19.44 -19.47 -19.53 -19.53 -19.56 -19.78 -19.88 -19.88 -19.91 -20.34 -20.66 -20.91 -21.22 -21.66 -21.97 -22.25 -22.44 -22.62 -22.84 -23.00 -23.03 -23.09 -23.25 -23.41 -23.53 -23.78 -24.25 -24.53 -24.62 -24.81 -24.91 -24.97 -25.06 -25.16 -25.25 -25.25 -25.38 -25.44 -25.53 -25.62 -25.72 -25.75 -25.81 -25.84 -25.88 -25.84
-14.28 -14.28 -14.44 -14.56 -14.84 -15.06 -15.31 -15.69 -15.75 -15.84 -15.81 -15.88 -15.97 -16.19 -16.25 -16.38 -16.81 -17.53 -17.75 -17.78 -18.19 -18.53 -18.81 -19.09 -19.41 -19.62 -19.56 -19.50 -19.50 -19.59 -19.84 -20.16 -20.31 -20.22 -20.62 -21.16 -21.38 -21.75 -21.84 -22.31 -22.56 -22.72 -22.97 -23.19 -23.22 -23.34 -23.50 -23.62 -23.69 -23.75 -23.84 -24.03 -24.44 -24.69 -24.88 -24.97 -25.12 -25.19 -25.22 -25.31 -25.44 -25.50 -25.50 -25.59 -25.69 -25.78 -25.84 -25.94 -26.00 -26.00 -25.97
-14.19 -14.38 -14.56 -14.66 -14.56 -14.81 -15.19 -15.56 -15.78 -15.75 -15.72 -15.81 -16.34 -16.53 -16.72 -16.97 -17.28 -17.44 -17.88 -18.12 -18.25 -18.84 -19.19 -19.47 -19.88 -19.91 -19.88 -19.81 -19.78 -20.00 -20.09 -20.19 -20.38 -20.72 -21.00 -21.44 -21.75 -22.16 -22.34 -22.50 -22.78 -23.03 -23.28 -23.47 -23.53 -23.66 -23.84 -24.00 -24.09 -24.09 -24.19 -24.34 -24.41 -24.59 -24.81 -24.97 -25.09 -25.22 -25.28 -25.38 -25.47 -25.53 -25.59 -25.72 -25.78 -25.91 -25.94 -26.00 -26.00 -26.06 -26.06
-14.28 -14.44 -14.31 -14.66 -14.94 -14.91 -15.22 -15.66 -15.78 -15.91 -16.03 -16.16 -16.44 -16.66 -17.00 -17.31 -17.62 -17.88 -18.16 -18.53 -18.69 -19.00 -19.25 -19.66 -19.81 -20.00 -19.97 -19.97 -20.06 -20.22 -20.50 -20.50 -20.78 -21.03 -21.41 -21.69 -22.12 -22.31 -22.50 -22.75 -23.09 -23.31 -23.50 -23.62 -23.88 -23.97 -24.09 -24.28 -24.44 -24.41 -24.41 -24.47 -24.66 -24.75 -24.81 -24.97 -25.16 -25.28 -25.31 -25.47 -25.56 -25.69 -25.78 -25.84 -25.88 -25.84 -25.94 -25.97 -26.03 -26.09 -26.12
-14.31 -14.53 -14.81 -14.75 -14.75 -15.19 -15.50 -15.94 -16.16 -16.25 -16.41 -16.75 -16.94 -17.16 -17.34 -17.69 -18.12 -18.44 -18.47 -18.75 -19.03 -19.22 -19.41 -19.50 -19.78 -20.06 -20.19 -20.12 -20.41 -20.59 -20.75 -20.84 -21.09 -21.38 -21.84 -22.03 -22.16 -22.41 -22.78 -23.06 -23.25 -23.47 -23.69 -23.94 -24.09 -24.22 -24.34 -24.50 -24.59 -24.56 -24.69 -24.75 -24.88 -24.97 -25.06 -25.16 -25.25 -25.31 -25.28 -25.56 -25.78 -25.88 -25.94 -26.00 -26.00 -25.97 -25.97 -26.06 -26.12 -26.12 -26.06
-14.59 -14.66 -14.78 -14.84 -14.81 -15.19 -15.81 -16.06 -16.19 -16.47 -16.72 -17.03 -17.25 -17.41 -17.81 -18.16 -18.41 -18.66 -18.84 -19.09 -19.34 -19.41 -19.66 -19.75 -19.75 -19.97 -20.22 -20.47 -20.62 -20.78 -20.94 -21.16 -21.38 -21.72 -22.03 -22.22 -22.56 -22.81 -23.03 -23.22 -23.44 -23.72 -24.03 -24.16 -24.25 -24.38 -24.50 -24.59 -24.62 -24.78 -24.94 -25.03 -25.12 -25.12 -25.28 -25.34 -25.41 -25.47 -25.62 -25.84 -25.94 -26.03 -26.09 -26.09 -26.22 -26.28 -26.25 -26.19 -26.22 -26.28 -26.25
-14.75 -15.03 -15.00 -15.12 -15.28 -15.34 -15.78 -16.12 -16.31 -16.53 -17.00 -17.47 -17.59 -17.88 -18.22 -18.41 -18.75 -18.91 -19.06 -19.38 -19.62 -19.62 -19.62 -19.84 -20.03 -20.38 -20.62 -20.72 -20.78 -21.00 -21.19 -21.50 -21.69 -21.88 -22.28 -22.59 -22.91 -23.12 -23.38 -23.50 -23.69 -23.94 -24.09 -24.41 -24.50 -24.56 -24.59 -24.66 -24.81 -24.91 -25.03 -25.19 -25.31 -25.41 -25.53 -25.56 -25.62 -25.59 -25.84 -25.97 -26.09 -26.12 -26.16 -26.25 -26.34 -26.41 -26.50 -26.47 -26.38 -26.44 -26.47
-15.03 -15.19 -15.09 -15.19 -15.38 -15.72 -16.00 -16.34 -16.62 -16.88 -17.25 -17.62 -17.91 -18.03 -18.34 -18.66 -18.94 -19.06 -19.28 -19.50 -19.78 -19.84 -19.75 -19.81 -20.28 -20.50 -20.62 -20.88 -20.97 -21.16 -21.22 -21.56 -21.81 -22.19 -22.53 -22.81 -23.09 -23.31 -23.53 -23.75 -23.88 -24.03 -24.19 -24.34 -24.50 -24.56 -24.72 -24.88 -24.97 -25.00 -25.16 -25.31 -25.50 -25.59 -25.69 -25.81 -25.91 -25.94 -26.09 -26.22 -26.34 -26.41 -26.31 -26.31 -26.44 -26.50 -26.56 -26.62 -26.59 -26.47 -26.59
-14.81 -14.88 -15.16 -15.28 -15.66 -16.06 -16.50 -16.72 -16.97 -17.12 -17.31 -17.53 -17.88 -18.22 -18.69 -18.75 -18.94 -19.28 -19.50 -19.72 -19.88 -19.81 -20.00 -20.22 -20.47 -20.81 -21.00 -21.06 -21.28 -21.44 -21.50 -21.50 -21.94 -22.28 -22.72 -22.94 -23.19 -23.44 -23.69 -23.84 -24.03 -24.19 -24.31 -24.47 -24.56 -24.62 -24.75 -25.03 -25.06 -25.22 -25.28 -25.44 -25.66 -25.72 -25.88 -26.00 -26.12 -26.25 -26.41 -26.50 -26.56 -26.62 -26.62 -26.59 -26.59 -26.62 -26.69 -26.75 -26.75 -26.72 -26.75
-14.94 -15.16 -15.16 -15.25 -15.81 -16.38 -16.72 -17.00 -17.03 -17.31 -17.56 -17.72 -18.03 -18.44 -18.72 -18.88 -19.03 -19.38 -19.75 -19.94 -19.97 -20.00 -20.06 -20.38 -20.72 -20.91 -21.19 -21.44 -21.59 -21.56 -21.88 -22.12 -22.28 -22.50 -22.72 -23.12 -23.34 -23.53 -23.78 -24.00 -24.22 -24.41 -24.56 -24.69 -24.75 -24.94 -25.06 -25.16 -25.22 -25.38 -25.53 -25.69 -25.78 -25.91 -26.06 -26.22 -26.34 -26.53 -26.59 -26.69 -26.78 -26.84 -26.84 -26.88 -26.88 -26.88 -26.81 -26.78 -26.88 -27.00 -27.12
-14.91 -15.09 -15.25 -15.47 -15.97 -16.47 -16.81 -17.22 -17.44 -17.62 -17.78 -18.00 -18.19 -18.41 -18.66 -18.97 -19.22 -19.56 -19.78 -19.97 -20.06 -20.00 -20.34 -20.81 -21.06 -21.19 -21.31 -21.66 -21.88 -22.06 -22.12 -22.16 -22.41 -22.69 -22.84 -23.12 -23.44 -23.69 -23.97 -24.25 -24.41 -24.53 -24.62 -24.81 -24.97 -24.94 -25.03 -25.12 -25.34 -25.44 -25.62 -25.81 -25.97 -26.16 -26.31 -26.50 -26.56 -26.69 -26.78 -26.91 -26.94 -27.06 -27.03 -27.03 -27.06 -27.16 -27.12 -27.06 -27.06 -27.19 -27.31
-14.97 -15.09 -15.34 -15.59 -16.09 -16.66 -17.00 -17.16 -17.41 -17.72 -18.00 -18.12 -18.44 -18.78 -18.91 -19.22 -19.50 -19.62 -19.84 -20.00 -20.03 -20.12 -20.59 -20.88 -21.16 -21.38 -21.56 -21.81 -22.06 -22.25 -22.47 -22.50 -22.62 -22.84 -23.06 -23.25 -23.62 -23.88 -24.09 -24.38 -24.62 -24.78 -24.84 -24.94 -25.03 -25.22 -25.31 -25.25 -25.44 -25.59 -25.78 -25.97 -26.16 -26.31 -26.44 -26.59 -26.69 -26.78 -26.88 -27.03 -27.09 -27.12 -27.16 -27.19 -27.28 -27.31 -27.38 -27.41 -27.38 -27.38 -27.38
-15.25 -15.22 -15.53 -15.91 -16.34 -16.75 -17.00 -17.28 -17.66 -17.94 -18.12 -18.41 -18.69 -19.00 -19.25 -19.50 -19.72 -19.81 -20.06 -20.03 -20.16 -20.56 -20.81 -21.12 -21.56 -21.72 -21.91 -22.03 -22.25 -22.56 -22.62 -22.72 -22.94 -23.06 -23.41 -23.66 -23.91 -24.28 -24.50 -24.66 -24.81 -24.97 -25.06 -25.16 -25.28 -25.47 -25.56 -25.59 -25.72 -25.78 -25.97 -26.16 -26.31 -26.44 -26.56 -26.72 -26.84 -26.94 -27.00 -27.12 -27.25 -27.28 -27.31 -27.38 -27.47 -27.53 -27.53 -27.56 -27.53 -27.56 -27.56
-15.34 -15.84 -16.03 -16.22 -16.44 -16.69 -17.06 -17.56 -18.06 -18.31 -18.62 -18.69 -18.81 -19.00 -19.31 -19.62 -19.97 -20.03 -20.09 -20.25 -20.53 -20.72 -21.06 -21.38 -21.72 -21.88 -22.12 -22.28 -22.53 -22.69 -22.75 -23.03 -23.28 -23.50 -23.72 -23.91 -24.12 -24.38 -24.69 -24.91 -25.06 -25.25 -25.28 -25.44 -25.59 -25.66 -25.75 -25.84 -26.03 -26.12 -26.22 -26.34 -26.50 -26.59 -26.72 -26.91 -27.03 -27.12 -27.19 -27.34 -27.38 -27.41 -27.47 -27.53 -27.59 -27.59 -27.66 -27.72 -27.78 -27.81 -27.81
-15.41 -16.00 -16.16 -16.41 -16.81 -17.12 -17.41 -17.84 -18.25 -18.50 -18.78 -19.00 -19.03 -19.25 -19.50 -19.72 -20.00 -20.12 -20.28 -20.62 -20.78 -20.97 -21.09 -21.56 -21.94 -22.19 -22.38 -22.50 -22.72 -22.84 -22.97 -23.22 -23.56 -23.88 -24.03 -24.28 -24.41 -24.53 -24.72 -24.97 -25.25 -25.47 -25.62 -25.69 -25.84 -25.91 -25.91 -26.06 -26.25 -26.28 -26.44 -26.53 -26.62 -26.78 -26.94 -27.06 -27.19 -27.25 -27.34 -27.50 -27.53 -27.56 -27.66 -27.69 -27.69 -27.69 -27.81 -27.91 -28.00 -28.00 -28.03
-16.03 -16.06 -16.28 -16.69 -16.91 -17.19 -17.72 -18.16 -18.25 -18.56 -18.88 -19.06 -19.38 -19.41 -19.59 -19.75 -20.00 -20.31 -20.50 -20.88 -20.94 -21.06 -21.28 -21.66 -22.12 -22.34 -22.66 -22.66 -22.88 -22.88 -23.09 -23.47 -23.75 -24.06 -24.34 -24.62 -24.81 -24.88 -24.97 -25.06 -25.34 -25.56 -25.69 -25.81 -26.00 -26.12 -26.12 -26.34 -26.44 -26.44 -26.59 -26.75 -26.81 -26.88 -27.03 -27.16 -27.28 -27.38 -27.47 -27.59 -27.69 -27.78 -27.84 -27.88 -27.94 -27.94 -27.97 -28.09 -28.16 -28.19 -28.25
-16.03 -16.22 -16.47 -16.81 -17.03 -17.38 -17.62 -17.91 -18.22 -18.62 -18.72 -19.12 -19.50 -19.62 -19.62 -19.75 -19.97 -20.16 -20.59 -21.00 -21.22 -21.47 -21.62 -22.06 -22.47 -22.69 -22.91 -23.03 -22.88 -23.06 -23.16 -23.56 -23.91 -24.34 -24.59 -24.94 -25.09 -25.19 -25.22 -25.34 -25.50 -25.62 -25.78 -25.97 -26.12 -26.16 -26.28 -26.53 -26.62 -26.69 -26.84 -26.94 -27.00 -27.03 -27.19 -27.31 -27.44 -27.50 -27.59 -27.72 -27.84 -27.94 -28.03 -28.03 -28.03 -28.06 -28.22 -28.28 -28.38 -28.38 -28.41
-16.09 -16.41 -16.72 -16.94 -17.28 -17.53 -17.78 -18.00 -18.34 -18.72 -18.94 -19.25 -19.41 -19.69 -19.84 -20.00 -20.16 -20.38 -20.75 -21.03 -21.41 -21.75 -22.03 -22.34 -22.62 -22.91 -23.00 -23.09 -23.34 -23.38 -23.72 -24.06 -24.28 -24.50 -24.81 -25.16 -25.34 -25.47 -25.56 -25.62 -25.72 -25.78 -25.91 -26.09 -26.34 -26.47 -26.53 -26.72 -26.88 -26.94 -27.06 -27.12 -27.16 -27.25 -27.38 -27.56 -27.62 -27.69 -27.84 -27.91 -28.00 -28.06 -28.16 -28.22 -28.22 -28.31 -28.38 -28.47 -28.53 -28.53 -28.56
-16.56 -16.72 -16.84 -17.16 -17.44 -17.59 -17.88 -18.34 -18.59 -18.84 -19.12 -19.44 -19.47 -19.78 -19.97 -20.28 -20.41 -20.56 -21.00 -21.38 -21.69 -21.97 -22.19 -22.56 -22.75 -23.03 -23.22 -23.53 -23.75 -24.00 -24.12 -24.44 -24.62 -24.88 -25.09 -25.28 -25.56 -25.72 -25.81 -25.91 -25.91 -26.03 -26.22 -26.34 -26.50 -26.66 -26.84 -26.84 -26.97 -27.16 -27.25 -27.34 -27.41 -27.47 -27.56 -27.69 -27.84 -27.94 -28.03 -28.06 -28.12 -28.19 -28.25 -28.38 -28.41 -28.47 -28.56 -28.62 -28.72 -28.72 -28.72
-16.72 -17.00 -17.09 -17.28 -17.56 -17.72 -18.16 -18.38 -18.81 -19.16 -19.44 -19.69 -19.84 -20.25 -20.53 -20.62 -20.88 -21.12 -21.47 -21.81 -22.06 -22.22 -22.56 -22.91 -23.06 -23.22 -23.44 -23.78 -24.12 -24.34 -24.56 -24.62 -24.84 -25.12 -25.31 -25.47 -25.66 -25.88 -26.06 -26.16 -26.28 -26.41 -26.50 -26.72 -26.81 -26.94 -27.03 -27.12 -27.12 -27.31 -27.44 -27.53 -27.56 -27.62 -27.75 -27.84 -28.00 -28.09 -28.19 -28.22 -28.31 -28.38 -28.47 -28.53 -28.59 -28.69 -28.75 -28.81 -28.88 -28.88 -28.91
