everonasctiles/Tile40,40.asc
ncols 128
nrows 128
xllcorner 0
yllcorner 0
cellsize 2.0
NODATA_value  -9999
[rows 64 to 95 of 128, columns 0 to 70 of 128]
-35.38 -35.94 -36.22 -36.38 -36.31 -36.06 -35.72 -35.31 -34.91 -34.47 -34.03 -33.56 -33.06 -32.59 -32.12 -31.75 -31.41 -31.00 -30.59 -30.12 -29.81 -29.69 -29.41 -29.09 -28.94 -28.84 -28.69 -28.75 -28.84 -28.94 -29.03 -29.12 -29.22 -29.34 -29.50 -29.62 -29.75 -29.88 -29.97 -30.19 -30.34 -30.53 -30.72 -30.84 -30.97 -31.03 -31.06 -31.06 -31.09 -31.12 -31.28 -31.50 -31.66 -31.84 -32.00 -32.12 -32.19 -32.22 -32.22 -32.22 -32.31 -32.41 -32.53 -32.66 -32.78 -32.91 -33.06 -33.19 -33.34 -33.44 -33.53
-36.09 -36.38 -36.56 -36.66 -36.53 -36.22 -35.84 -35.47 -35.06 -34.62 -34.16 -33.69 -33.16 -32.69 -32.34 -31.94 -31.62 -31.25 -30.81 -30.31 -29.97 -29.78 -29.53 -29.28 -29.06 -28.88 -28.69 -28.66 -28.75 -28.88 -28.94 -29.03 -29.19 -29.25 -29.34 -29.41 -29.53 -29.66 -29.84 -30.03 -30.22 -30.38 -30.56 -30.69 -30.81 -30.88 -30.91 -30.94 -30.91 -30.97 -31.12 -31.34 -31.50 -31.69 -31.81 -31.94 -31.97 -31.97 -31.94 -31.97 -32.09 -32.19 -32.28 -32.44 -32.59 -32.72 -32.88 -33.03 -33.12 -33.22 -33.31
-36.56 -36.75 -36.88 -36.88 -36.69 -36.34 -35.97 -35.59 -35.16 -34.72 -34.25 -33.81 -33.31 -32.84 -32.50 -32.12 -31.69 -31.31 -30.88 -30.34 -29.97 -29.81 -29.59 -29.38 -29.16 -28.88 -28.69 -28.59 -28.62 -28.75 -28.88 -28.94 -29.03 -29.12 -29.22 -29.31 -29.38 -29.59 -29.78 -29.97 -30.12 -30.25 -30.38 -30.53 -30.66 -30.72 -30.75 -30.78 -30.78 -30.88 -31.03 -31.22 -31.34 -31.50 -31.62 -31.72 -31.75 -31.75 -31.75 -31.78 -31.84 -31.94 -32.09 -32.25 -32.41 -32.56 -32.72 -32.84 -32.94 -33.00 -33.09
-36.91 -37.06 -37.12 -37.03 -36.78 -36.44 -36.09 -35.69 -35.25 -34.81 -34.38 -33.94 -33.50 -33.06 -32.59 -32.16 -31.72 -31.25 -30.78 -30.28 -29.97 -29.78 -29.56 -29.31 -29.09 -28.88 -28.72 -28.59 -28.50 -28.53 -28.72 -28.81 -28.88 -28.97 -29.09 -29.19 -29.28 -29.47 -29.66 -29.81 -29.97 -30.12 -30.22 -30.38 -30.50 -30.56 -30.59 -30.62 -30.66 -30.75 -30.91 -31.06 -31.19 -31.28 -31.41 -31.50 -31.56 -31.56 -31.59 -31.66 -31.72 -31.78 -31.94 -32.12 -32.28 -32.41 -32.53 -32.66 -32.72 -32.78 -32.88
-37.22 -37.31 -37.31 -37.16 -36.88 -36.56 -36.22 -35.81 -35.38 -34.94 -34.50 -34.06 -33.62 -33.19 -32.75 -32.19 -31.66 -31.09 -30.62 -30.16 -30.00 -29.81 -29.53 -29.22 -29.06 -28.88 -28.75 -28.53 -28.28 -28.31 -28.47 -28.59 -28.69 -28.78 -28.94 -29.03 -29.16 -29.28 -29.53 -29.69 -29.81 -29.94 -30.06 -30.19 -30.31 -30.41 -30.44 -30.47 -30.56 -30.62 -30.75 -30.91 -30.97 -31.06 -31.16 -31.28 -31.38 -31.41 -31.44 -31.50 -31.56 -31.66 -31.78 -31.97 -32.12 -32.25 -32.38 -32.47 -32.53 -32.59 -32.66
-37.50 -37.53 -37.47 -37.25 -36.97 -36.66 -36.31 -35.91 -35.50 -35.06 -34.62 -34.19 -33.75 -33.28 -32.81 -32.22 -31.59 -31.09 -30.56 -30.19 -29.91 -29.72 -29.50 -29.22 -29.06 -28.91 -28.75 -28.53 -28.31 -28.19 -28.22 -28.41 -28.44 -28.62 -28.75 -28.91 -29.00 -29.19 -29.41 -29.56 -29.72 -29.81 -29.88 -30.00 -30.12 -30.22 -30.28 -30.31 -30.41 -30.53 -30.62 -30.72 -30.72 -30.78 -30.97 -31.09 -31.19 -31.25 -31.31 -31.38 -31.47 -31.56 -31.66 -31.81 -31.97 -32.09 -32.19 -32.28 -32.34 -32.41 -32.47
-37.72 -37.69 -37.56 -37.31 -37.03 -36.72 -36.34 -35.97 -35.56 -35.12 -34.69 -34.25 -33.81 -33.31 -32.78 -32.22 -31.66 -31.12 -30.59 -30.25 -29.94 -29.69 -29.44 -29.16 -29.03 -28.88 -28.75 -28.56 -28.31 -28.22 -28.12 -28.19 -28.25 -28.47 -28.59 -28.69 -28.91 -29.12 -29.31 -29.44 -29.59 -29.72 -29.78 -29.81 -29.91 -30.03 -30.09 -30.12 -30.25 -30.38 -30.50 -30.53 -30.50 -30.56 -30.78 -30.88 -31.00 -31.09 -31.19 -31.25 -31.34 -31.47 -31.56 -31.69 -31.81 -31.91 -32.00 -32.09 -32.16 -32.19 -32.28
-37.88 -37.78 -37.59 -37.34 -37.03 -36.69 -36.31 -35.91 -35.53 -35.12 -34.72 -34.31 -33.84 -33.38 -32.81 -32.25 -31.62 -31.06 -30.62 -30.28 -30.03 -29.66 -29.31 -29.09 -28.97 -28.78 -28.69 -28.56 -28.41 -28.31 -28.22 -28.31 -28.41 -28.56 -28.72 -28.78 -28.88 -29.03 -29.22 -29.34 -29.47 -29.59 -29.66 -29.69 -29.72 -29.81 -29.91 -29.97 -30.09 -30.22 -30.31 -30.34 -30.31 -30.38 -30.62 -30.72 -30.84 -31.00 -31.06 -31.16 -31.25 -31.34 -31.44 -31.53 -31.62 -31.72 -31.81 -31.91 -31.97 -32.03 -32.09
-37.97 -37.84 -37.62 -37.34 -37.03 -36.66 -36.25 -35.88 -35.53 -35.19 -34.78 -34.34 -33.91 -33.41 -32.81 -32.25 -31.59 -31.12 -30.75 -30.41 -30.09 -29.59 -29.25 -28.97 -28.91 -28.81 -28.69 -28.59 -28.56 -28.44 -28.41 -28.47 -28.62 -28.72 -28.81 -28.88 -28.94 -28.97 -29.09 -29.25 -29.31 -29.44 -29.50 -29.47 -29.47 -29.59 -29.75 -29.84 -29.97 -30.06 -30.12 -30.12 -30.09 -30.28 -30.53 -30.66 -30.78 -30.91 -31.00 -31.06 -31.16 -31.25 -31.31 -31.41 -31.50 -31.56 -31.62 -31.72 -31.78 -31.84 -31.91
-38.03 -37.88 -37.66 -37.38 -37.06 -36.69 -36.34 -36.03 -35.69 -35.31 -34.91 -34.44 -33.94 -33.41 -32.84 -32.12 -31.59 -31.19 -30.81 -30.44 -30.06 -29.62 -29.25 -29.00 -28.91 -28.97 -28.84 -28.75 -28.75 -28.66 -28.59 -28.62 -28.78 -28.84 -28.84 -28.91 -28.94 -28.97 -29.03 -29.16 -29.22 -29.28 -29.31 -29.28 -29.22 -29.41 -29.56 -29.66 -29.75 -29.84 -29.91 -29.94 -29.94 -30.19 -30.47 -30.62 -30.75 -30.84 -30.91 -31.00 -31.06 -31.16 -31.22 -31.31 -31.38 -31.44 -31.47 -31.53 -31.59 -31.66 -31.75
-38.03 -37.88 -37.66 -37.44 -37.16 -36.84 -36.53 -36.22 -35.88 -35.47 -35.00 -34.50 -34.00 -33.47 -32.81 -32.12 -31.53 -31.12 -30.81 -30.44 -30.09 -29.81 -29.44 -29.34 -29.25 -29.19 -29.12 -29.06 -28.97 -28.84 -28.75 -28.78 -28.88 -28.94 -28.91 -28.91 -28.97 -28.94 -29.00 -29.09 -29.16 -29.16 -29.19 -29.16 -29.06 -29.19 -29.38 -29.50 -29.59 -29.66 -29.75 -29.81 -29.88 -30.19 -30.44 -30.56 -30.69 -30.78 -30.88 -30.94 -31.00 -31.06 -31.12 -31.19 -31.22 -31.28 -31.31 -31.34 -31.41 -31.50 -31.59
-37.97 -37.84 -37.69 -37.50 -37.25 -37.00 -36.69 -36.38 -36.00 -35.56 -35.09 -34.59 -34.03 -33.44 -32.81 -32.12 -31.44 -31.09 -30.81 -30.47 -30.16 -29.94 -29.69 -29.56 -29.53 -29.44 -29.34 -29.28 -29.16 -29.06 -29.00 -29.00 -28.97 -29.00 -28.97 -28.94 -28.94 -28.94 -28.97 -29.03 -29.09 -29.12 -29.19 -29.22 -29.22 -29.19 -29.22 -29.34 -29.47 -29.56 -29.69 -29.84 -29.97 -30.19 -30.41 -30.53 -30.66 -30.72 -30.81 -30.84 -30.91 -30.97 -31.00 -31.06 -31.09 -31.09 -31.09 -31.09 -31.19 -31.31 -31.44
-37.88 -37.81 -37.72 -37.53 -37.34 -37.09 -36.81 -36.47 -36.06 -35.66 -35.19 -34.69 -34.16 -33.56 -32.91 -32.16 -31.53 -31.19 -30.94 -30.59 -30.25 -29.97 -29.84 -29.78 -29.72 -29.62 -29.53 -29.44 -29.38 -29.28 -29.22 -29.16 -29.12 -29.06 -29.00 -28.91 -28.91 -28.88 -28.94 -29.00 -29.06 -29.12 -29.16 -29.19 -29.25 -29.25 -29.25 -29.34 -29.47 -29.56 -29.69 -29.84 -30.03 -30.16 -30.34 -30.47 -30.59 -30.66 -30.72 -30.78 -30.81 -30.84 -30.88 -30.91 -30.94 -30.91 -30.88 -30.91 -31.00 -31.12 -31.25
-37.75 -37.75 -37.69 -37.56 -37.38 -37.16 -36.84 -36.53 -36.16 -35.72 -35.28 -34.78 -34.25 -33.66 -32.94 -32.25 -31.72 -31.44 -31.12 -30.75 -30.38 -30.03 -29.94 -29.97 -29.91 -29.84 -29.78 -29.69 -29.62 -29.50 -29.44 -29.34 -29.25 -29.16 -29.06 -28.94 -28.81 -28.78 -28.88 -28.94 -29.00 -29.06 -29.09 -29.16 -29.22 -29.25 -29.31 -29.38 -29.47 -29.59 -29.69 -29.84 -30.00 -30.12 -30.28 -30.41 -30.50 -30.56 -30.62 -30.66 -30.69 -30.72 -30.75 -30.75 -30.75 -30.69 -30.72 -30.72 -30.81 -30.97 -31.12
-37.62 -37.66 -37.66 -37.59 -37.41 -37.19 -36.88 -36.56 -36.19 -35.78 -35.31 -34.81 -34.25 -33.62 -33.00 -32.41 -31.88 -31.62 -31.31 -30.91 -30.56 -30.19 -30.12 -30.12 -30.09 -30.06 -30.03 -29.94 -29.81 -29.69 -29.62 -29.53 -29.41 -29.28 -29.12 -28.97 -28.72 -28.66 -28.75 -28.84 -28.94 -29.00 -29.06 -29.12 -29.22 -29.25 -29.31 -29.34 -29.47 -29.62 -29.72 -29.88 -29.97 -30.03 -30.19 -30.28 -30.38 -30.47 -30.50 -30.53 -30.56 -30.56 -30.56 -30.59 -30.50 -30.47 -30.53 -30.53 -30.66 -30.81 -30.97
-37.50 -37.53 -37.59 -37.56 -37.41 -37.19 -36.91 -36.56 -36.19 -35.75 -35.28 -34.75 -34.16 -33.59 -33.09 -32.53 -32.09 -31.78 -31.41 -31.03 -30.62 -30.44 -30.44 -30.38 -30.34 -30.31 -30.22 -30.12 -29.97 -29.84 -29.75 -29.62 -29.50 -29.34 -29.19 -29.00 -28.72 -28.47 -28.50 -28.69 -28.81 -28.94 -29.00 -29.09 -29.19 -29.25 -29.28 -29.31 -29.50 -29.66 -29.75 -29.84 -29.94 -29.97 -30.03 -30.16 -30.28 -30.31 -30.38 -30.38 -30.41 -30.41 -30.41 -30.31 -30.28 -30.31 -30.41 -30.44 -30.53 -30.66 -30.75
-37.34 -37.44 -37.50 -37.50 -37.38 -37.16 -36.88 -36.53 -36.16 -35.72 -35.22 -34.59 -33.97 -33.47 -33.03 -32.59 -32.22 -31.91 -31.53 -31.16 -30.75 -30.59 -30.66 -30.66 -30.59 -30.53 -30.41 -30.28 -30.12 -30.03 -29.88 -29.72 -29.56 -29.41 -29.19 -28.97 -28.69 -28.38 -28.38 -28.56 -28.72 -28.88 -28.94 -29.03 -29.09 -29.19 -29.25 -29.25 -29.47 -29.66 -29.78 -29.88 -29.88 -29.81 -29.84 -30.06 -30.16 -30.16 -30.12 -30.19 -30.22 -30.22 -30.22 -30.16 -30.16 -30.25 -30.31 -30.34 -30.41 -30.50 -30.59
-37.22 -37.28 -37.38 -37.41 -37.31 -37.12 -36.84 -36.53 -36.12 -35.72 -35.19 -34.53 -33.81 -33.12 -32.78 -32.56 -32.31 -32.06 -31.78 -31.44 -31.12 -30.97 -30.94 -30.88 -30.84 -30.75 -30.62 -30.41 -30.22 -30.12 -29.97 -29.81 -29.59 -29.38 -29.22 -29.00 -28.81 -28.41 -28.41 -28.53 -28.69 -28.81 -28.94 -29.03 -29.12 -29.16 -29.22 -29.31 -29.41 -29.62 -29.75 -29.88 -29.91 -29.78 -29.88 -30.03 -30.03 -29.97 -30.00 -30.06 -30.09 -30.06 -30.03 -29.97 -30.03 -30.16 -30.22 -30.28 -30.28 -30.38 -30.41
-37.06 -37.16 -37.22 -37.28 -37.25 -37.06 -36.81 -36.50 -36.16 -35.72 -35.25 -34.72 -33.88 -33.25 -32.81 -32.66 -32.47 -32.25 -32.00 -31.72 -31.41 -31.19 -31.06 -31.09 -31.03 -30.97 -30.84 -30.62 -30.44 -30.22 -30.09 -29.88 -29.66 -29.38 -29.19 -29.06 -28.88 -28.62 -28.56 -28.62 -28.69 -28.75 -28.91 -29.00 -29.09 -29.16 -29.22 -29.28 -29.44 -29.62 -29.75 -29.88 -29.91 -29.91 -30.03 -30.06 -29.97 -29.84 -29.91 -29.94 -29.94 -29.94 -29.84 -29.78 -29.91 -30.00 -30.09 -30.16 -30.22 -30.28 -30.34
-36.94 -37.00 -37.09 -37.16 -37.12 -37.00 -36.78 -36.50 -36.16 -35.75 -35.31 -34.84 -34.16 -33.59 -33.12 -32.81 -32.66 -32.47 -32.25 -32.00 -31.72 -31.47 -31.25 -31.28 -31.25 -31.16 -31.03 -30.84 -30.59 -30.41 -30.19 -29.97 -29.69 -29.38 -29.25 -29.19 -29.03 -28.88 -28.78 -28.72 -28.78 -28.81 -28.88 -28.97 -29.06 -29.22 -29.25 -29.31 -29.53 -29.72 -29.84 -29.94 -30.06 -30.19 -30.19 -30.12 -29.84 -29.75 -29.84 -29.84 -29.84 -29.81 -29.72 -29.62 -29.75 -29.88 -29.94 -29.97 -30.00 -30.12 -30.19
-36.81 -36.88 -36.94 -37.00 -37.03 -36.94 -36.75 -36.50 -36.19 -35.78 -35.38 -34.91 -34.44 -33.94 -33.50 -33.12 -32.91 -32.69 -32.50 -32.28 -32.06 -31.78 -31.56 -31.53 -31.47 -31.34 -31.19 -30.97 -30.69 -30.47 -30.22 -29.97 -29.81 -29.53 -29.34 -29.25 -29.16 -28.97 -28.84 -28.78 -28.91 -28.97 -29.00 -29.03 -29.09 -29.28 -29.38 -29.44 -29.62 -29.88 -29.97 -30.09 -30.25 -30.34 -30.31 -30.22 -29.97 -29.84 -29.78 -29.78 -29.75 -29.69 -29.59 -29.50 -29.56 -29.69 -29.75 -29.78 -29.84 -29.94 -29.97
-36.69 -36.75 -36.81 -36.88 -36.91 -36.88 -36.72 -36.50 -36.19 -35.81 -35.41 -34.97 -34.53 -34.09 -33.72 -33.41 -33.16 -32.94 -32.72 -32.53 -32.34 -32.06 -31.94 -31.81 -31.69 -31.50 -31.28 -31.00 -30.72 -30.50 -30.31 -30.06 -29.91 -29.62 -29.41 -29.22 -29.16 -29.03 -28.94 -28.91 -29.00 -29.06 -29.16 -29.22 -29.31 -29.50 -29.59 -29.59 -29.81 -30.09 -30.25 -30.34 -30.41 -30.47 -30.41 -30.25 -30.00 -29.81 -29.75 -29.72 -29.66 -29.59 -29.50 -29.41 -29.44 -29.50 -29.56 -29.56 -29.59 -29.69 -29.78
-36.56 -36.62 -36.69 -36.75 -36.81 -36.78 -36.69 -36.47 -36.19 -35.88 -35.47 -35.06 -34.66 -34.28 -33.91 -33.62 -33.38 -33.19 -32.97 -32.78 -32.59 -32.41 -32.22 -32.06 -31.88 -31.66 -31.41 -31.03 -30.78 -30.56 -30.34 -30.12 -29.94 -29.75 -29.53 -29.34 -29.19 -29.16 -29.06 -29.03 -29.12 -29.19 -29.31 -29.34 -29.47 -29.66 -29.78 -29.88 -30.06 -30.34 -30.47 -30.59 -30.62 -30.56 -30.44 -30.25 -29.97 -29.81 -29.78 -29.69 -29.56 -29.44 -29.28 -29.25 -29.31 -29.34 -29.38 -29.31 -29.22 -29.38 -29.47
-36.44 -36.50 -36.59 -36.66 -36.72 -36.72 -36.62 -36.44 -36.19 -35.88 -35.53 -35.16 -34.78 -34.41 -34.09 -33.81 -33.59 -33.41 -33.22 -33.03 -32.81 -32.62 -32.44 -32.22 -32.00 -31.75 -31.47 -31.09 -30.84 -30.59 -30.38 -30.22 -30.03 -29.88 -29.66 -29.41 -29.25 -29.28 -29.22 -29.19 -29.19 -29.28 -29.41 -29.50 -29.62 -29.78 -29.97 -30.09 -30.25 -30.53 -30.69 -30.75 -30.75 -30.62 -30.38 -30.22 -30.03 -29.78 -29.69 -29.62 -29.44 -29.09 -29.06 -29.06 -29.16 -29.19 -29.19 -29.09 -28.97 -29.06 -29.12
-36.34 -36.41 -36.50 -36.56 -36.62 -36.66 -36.59 -36.41 -36.19 -35.91 -35.56 -35.22 -34.88 -34.53 -34.25 -34.00 -33.81 -33.62 -33.44 -33.25 -33.03 -32.81 -32.59 -32.34 -32.09 -31.81 -31.50 -31.19 -30.91 -30.62 -30.44 -30.28 -30.12 -29.97 -29.75 -29.53 -29.38 -29.31 -29.31 -29.28 -29.31 -29.38 -29.50 -29.59 -29.75 -29.94 -30.12 -30.34 -30.50 -30.72 -30.81 -30.88 -30.84 -30.69 -30.50 -30.28 -29.97 -29.72 -29.59 -29.53 -29.31 -28.97 -28.97 -28.94 -28.91 -28.91 -28.91 -28.91 -28.81 -28.78 -28.75
-36.31 -36.34 -36.47 -36.56 -36.62 -36.62 -36.56 -36.41 -36.19 -35.91 -35.59 -35.25 -34.94 -34.62 -34.38 -34.19 -34.00 -33.84 -33.62 -33.41 -33.19 -32.94 -32.69 -32.44 -32.12 -31.75 -31.44 -31.16 -30.94 -30.66 -30.50 -30.31 -30.19 -30.03 -29.84 -29.66 -29.50 -29.38 -29.38 -29.34 -29.34 -29.44 -29.59 -29.69 -29.84 -30.06 -30.31 -30.50 -30.66 -30.81 -30.91 -30.97 -30.94 -30.81 -30.62 -30.31 -30.03 -29.75 -29.50 -29.38 -29.31 -29.00 -28.88 -28.81 -28.75 -28.72 -28.66 -28.66 -28.62 -28.56 -28.53
-36.34 -36.38 -36.50 -36.62 -36.69 -36.69 -36.59 -36.44 -36.19 -35.91 -35.62 -35.28 -34.97 -34.72 -34.53 -34.38 -34.19 -34.00 -33.78 -33.56 -33.31 -33.06 -32.78 -32.47 -32.16 -31.78 -31.41 -31.09 -30.94 -30.66 -30.44 -30.31 -30.25 -30.12 -29.94 -29.78 -29.62 -29.44 -29.31 -29.28 -29.34 -29.50 -29.59 -29.78 -29.94 -30.12 -30.34 -30.50 -30.66 -30.84 -30.97 -31.03 -31.03 -30.94 -30.75 -30.47 -30.16 -29.94 -29.59 -29.47 -29.28 -29.09 -28.94 -28.78 -28.69 -28.56 -28.56 -28.47 -28.34 -28.28 -28.34
-36.41 -36.47 -36.62 -36.72 -36.78 -36.81 -36.69 -36.50 -36.25 -35.97 -35.66 -35.34 -35.09 -34.91 -34.72 -34.56 -34.34 -34.16 -33.91 -33.69 -33.41 -33.12 -32.84 -32.53 -32.19 -31.81 -31.38 -31.09 -30.94 -30.69 -30.47 -30.38 -30.34 -30.22 -30.03 -29.88 -29.75 -29.56 -29.50 -29.44 -29.50 -29.59 -29.69 -29.84 -29.97 -30.12 -30.34 -30.44 -30.56 -30.72 -31.00 -31.06 -31.09 -31.03 -30.94 -30.66 -30.38 -30.09 -29.91 -29.59 -29.28 -29.19 -29.06 -28.88 -28.72 -28.59 -28.44 -28.19 -28.31 -28.22 -28.22
-36.53 -36.59 -36.75 -36.84 -36.94 -36.94 -36.81 -36.62 -36.38 -36.09 -35.81 -35.53 -35.31 -35.12 -34.94 -34.72 -34.50 -34.28 -34.03 -33.75 -33.47 -33.19 -32.88 -32.56 -32.19 -31.84 -31.44 -31.16 -30.97 -30.78 -30.62 -30.53 -30.44 -30.28 -30.12 -29.97 -29.84 -29.69 -29.62 -29.59 -29.59 -29.62 -29.69 -29.84 -29.97 -30.09 -30.19 -30.28 -30.47 -30.66 -30.97 -31.09 -31.16 -31.12 -31.03 -30.81 -30.53 -30.41 -30.16 -29.81 -29.50 -29.34 -29.25 -29.09 -28.84 -28.66 -28.31 -28.09 -28.09 -28.09 -28.09
-36.66 -36.75 -36.91 -37.00 -37.09 -37.09 -36.97 -36.75 -36.53 -36.28 -36.00 -35.75 -35.53 -35.31 -35.09 -34.88 -34.62 -34.38 -34.12 -33.84 -33.53 -33.22 -32.88 -32.56 -32.25 -31.94 -31.62 -31.28 -31.09 -30.91 -30.75 -30.62 -30.53 -30.38 -30.22 -30.09 -29.94 -29.78 -29.72 -29.66 -29.62 -29.62 -29.69 -29.78 -29.94 -30.00 -30.03 -29.97 -30.22 -30.59 -30.91 -31.09 -31.19 -31.19 -31.12 -31.03 -30.78 -30.59 -30.34 -30.06 -29.84 -29.59 -29.56 -29.34 -29.03 -28.62 -28.31 -28.19 -28.09 -27.97 -27.94
-36.88 -36.97 -37.09 -37.19 -37.28 -37.25 -37.12 -36.94 -36.72 -36.47 -36.22 -35.97 -35.72 -35.47 -35.22 -34.97 -34.69 -34.44 -34.16 -33.88 -33.56 -33.22 -32.91 -32.59 -32.25 -32.00 -31.72 -31.47 -31.22 -31.03 -30.81 -30.66 -30.56 -30.41 -30.25 -30.16 -30.03 -29.91 -29.75 -29.69 -29.66 -29.66 -29.69 -29.75 -29.88 -29.88 -29.91 -30.03 -30.28 -30.62 -30.91 -31.09 -31.19 -31.22 -31.22 -31.12 -31.00 -30.84 -30.50 -30.09 -30.00 -29.91 -29.81 -29.59 -29.19 -28.75 -28.41 -28.34 -28.25 -28.00 -27.84
-37.12 -37.19 -37.31 -37.41 -37.47 -37.44 -37.31 -37.12 -36.88 -36.66 -36.38 -36.12 -35.84 -35.56 -35.28 -35.00 -34.72 -34.44 -34.16 -33.84 -33.56 -33.25 -32.94 -32.66 -32.28 -32.00 -31.84 -31.69 -31.44 -31.16 -30.94 -30.69 -30.56 -30.41 -30.31 -30.25 -30.12 -30.00 -29.88 -29.75 -29.66 -29.66 -29.66 -29.72 -29.84 -29.97 -30.16 -30.31 -30.47 -30.75 -30.94 -31.06 -31.16 -31.22 -31.25 -31.19 -31.12 -31.00 -30.78 -30.34 -30.09 -30.12 -30.03 -29.75 -29.34 -28.91 -28.53 -28.25 -28.28 -28.09 -27.91
