everonasctiles/Tile30,34.asc
ncols 128
nrows 128
xllcorner 0
yllcorner 0
cellsize 2.0
NODATA_value  -9999
[rows 0 to 33 of 128, columns 0 to 75 of 128]
4.47 4.47 4.44 4.38 4.34 4.38 4.41 4.44 4.53 4.62 4.78 5.31 5.91 5.56 4.28 2.56 1.03 -0.09 -0.97 -1.69 -2.09 -2.31 -2.47 -2.47 -2.47 -2.44 -2.44 -2.47 -2.53 -2.56 -2.59 -2.66 -2.69 -2.72 -2.78 -2.81 -2.88 -2.94 -3.00 -3.09 -3.19 -3.31 -3.44 -3.56 -3.69 -3.84 -3.97 -4.16 -4.31 -4.47 -4.62 -4.75 -4.88 -5.00 -5.09 -5.19 -5.28 -5.34 -5.41 -5.47 -5.56 -5.62 -5.66 -5.72 -5.75 -5.81 -5.88 -5.94 -6.00 -6.06 -6.16 -6.22 -6.31 -6.38 -6.44 -6.50
4.25 4.25 4.22 4.22 4.22 4.22 4.25 4.25 4.28 4.34 4.50 4.94 5.22 4.69 3.44 1.94 0.59 -0.47 -1.22 -1.75 -2.09 -2.28 -2.34 -2.31 -2.28 -2.28 -2.31 -2.34 -2.38 -2.41 -2.47 -2.50 -2.56 -2.59 -2.66 -2.72 -2.75 -2.81 -2.91 -2.97 -3.06 -3.16 -3.28 -3.41 -3.56 -3.69 -3.81 -3.97 -4.09 -4.25 -4.38 -4.50 -4.66 -4.78 -4.88 -5.00 -5.09 -5.19 -5.28 -5.34 -5.44 -5.50 -5.56 -5.62 -5.69 -5.75 -5.81 -5.91 -5.97 -6.06 -6.16 -6.25 -6.31 -6.41 -6.47 -6.53
4.16 4.16 4.12 4.12 4.09 4.09 4.06 4.06 4.09 4.12 4.22 4.41 4.41 3.78 2.62 1.28 0.22 -0.78 -1.34 -1.88 -2.12 -2.12 -2.19 -2.16 -2.12 -2.12 -2.16 -2.19 -2.22 -2.28 -2.31 -2.38 -2.44 -2.50 -2.56 -2.62 -2.66 -2.72 -2.81 -2.88 -2.97 -3.06 -3.16 -3.28 -3.41 -3.56 -3.69 -3.81 -3.97 -4.09 -4.22 -4.38 -4.50 -4.62 -4.75 -4.84 -4.97 -5.06 -5.16 -5.22 -5.31 -5.38 -5.47 -5.56 -5.62 -5.72 -5.81 -5.88 -5.97 -6.06 -6.16 -6.25 -6.34 -6.41 -6.47 -6.53
4.09 4.06 4.03 4.03 4.00 3.97 3.97 3.97 3.94 3.94 4.06 4.09 3.78 2.91 1.75 0.69 -0.22 -0.91 -1.53 -1.94 -2.00 -1.94 -1.97 -1.97 -1.97 -2.00 -2.03 -2.06 -2.09 -2.16 -2.22 -2.28 -2.34 -2.41 -2.47 -2.53 -2.59 -2.66 -2.72 -2.81 -2.91 -3.00 -3.09 -3.22 -3.31 -3.44 -3.56 -3.69 -3.84 -3.97 -4.09 -4.25 -4.38 -4.50 -4.62 -4.72 -4.84 -4.94 -5.03 -5.12 -5.22 -5.31 -5.41 -5.50 -5.59 -5.69 -5.78 -5.88 -5.97 -6.09 -6.16 -6.25 -6.34 -6.44 -6.47 -6.53
4.03 4.00 4.00 4.00 3.97 3.94 3.91 3.88 3.81 4.00 4.09 3.97 3.31 2.28 1.16 0.19 -0.53 -1.09 -1.56 -1.84 -1.81 -1.78 -1.78 -1.81 -1.81 -1.84 -1.91 -1.94 -2.00 -2.03 -2.09 -2.19 -2.25 -2.31 -2.38 -2.47 -2.53 -2.59 -2.69 -2.75 -2.84 -2.94 -3.03 -3.16 -3.25 -3.38 -3.50 -3.62 -3.72 -3.84 -3.97 -4.09 -4.25 -4.38 -4.50 -4.62 -4.72 -4.84 -4.97 -5.06 -5.19 -5.28 -5.38 -5.47 -5.59 -5.69 -5.78 -5.88 -6.00 -6.09 -6.19 -6.28 -6.38 -6.44 -6.53 -6.56
4.06 4.03 4.06 4.03 3.97 3.91 3.84 3.78 3.84 4.19 4.38 3.94 3.06 1.84 0.66 -0.16 -0.75 -1.25 -1.69 -1.72 -1.66 -1.62 -1.66 -1.69 -1.69 -1.75 -1.78 -1.84 -1.88 -1.94 -2.03 -2.09 -2.16 -2.25 -2.31 -2.41 -2.47 -2.56 -2.62 -2.72 -2.81 -2.91 -3.00 -3.09 -3.22 -3.34 -3.44 -3.56 -3.69 -3.81 -3.94 -4.06 -4.19 -4.31 -4.44 -4.56 -4.69 -4.81 -4.91 -5.03 -5.12 -5.25 -5.38 -5.47 -5.56 -5.69 -5.78 -5.91 -6.00 -6.09 -6.19 -6.28 -6.38 -6.47 -6.53 -6.59
4.12 4.16 4.16 4.12 4.03 3.94 3.81 3.72 4.00 4.44 4.50 3.97 2.72 1.25 0.25 -0.47 -0.94 -1.34 -1.56 -1.56 -1.53 -1.50 -1.53 -1.56 -1.59 -1.62 -1.69 -1.75 -1.81 -1.88 -1.94 -2.03 -2.09 -2.19 -2.25 -2.34 -2.44 -2.50 -2.59 -2.69 -2.78 -2.88 -2.97 -3.06 -3.19 -3.31 -3.41 -3.53 -3.66 -3.78 -3.91 -4.00 -4.16 -4.28 -4.41 -4.53 -4.66 -4.78 -4.91 -5.00 -5.12 -5.25 -5.34 -5.47 -5.59 -5.69 -5.81 -5.91 -6.03 -6.12 -6.22 -6.31 -6.41 -6.47 -6.56 -6.62
4.25 4.28 4.28 4.19 4.09 3.97 3.81 3.72 4.06 4.44 4.31 3.62 2.12 0.69 -0.06 -0.69 -1.09 -1.38 -1.50 -1.44 -1.41 -1.41 -1.44 -1.47 -1.50 -1.56 -1.59 -1.66 -1.72 -1.81 -1.88 -1.97 -2.03 -2.12 -2.22 -2.31 -2.41 -2.50 -2.56 -2.66 -2.78 -2.88 -2.97 -3.06 -3.16 -3.28 -3.41 -3.50 -3.62 -3.75 -3.88 -4.00 -4.12 -4.25 -4.38 -4.50 -4.62 -4.75 -4.88 -5.00 -5.12 -5.25 -5.38 -5.47 -5.59 -5.72 -5.84 -5.94 -6.06 -6.16 -6.25 -6.34 -6.44 -6.50 -6.59 -6.66
4.41 4.44 4.41 4.31 4.19 4.03 3.84 3.72 3.94 4.12 3.88 2.94 1.41 0.28 -0.38 -0.88 -1.22 -1.38 -1.38 -1.34 -1.31 -1.31 -1.34 -1.38 -1.44 -1.47 -1.53 -1.59 -1.69 -1.75 -1.81 -1.91 -2.00 -2.09 -2.19 -2.28 -2.38 -2.47 -2.56 -2.66 -2.75 -2.84 -2.97 -3.06 -3.16 -3.28 -3.38 -3.50 -3.62 -3.75 -3.88 -4.00 -4.12 -4.25 -4.38 -4.50 -4.62 -4.75 -4.88 -5.00 -5.12 -5.25 -5.38 -5.50 -5.62 -5.75 -5.84 -5.97 -6.06 -6.19 -6.28 -6.38 -6.44 -6.53 -6.62 -6.72
4.53 4.56 4.53 4.41 4.28 4.09 3.91 3.75 3.69 3.72 3.31 2.28 0.94 0.06 -0.59 -1.03 -1.25 -1.34 -1.28 -1.25 -1.22 -1.25 -1.28 -1.31 -1.38 -1.44 -1.50 -1.56 -1.62 -1.72 -1.78 -1.88 -1.97 -2.06 -2.16 -2.25 -2.34 -2.44 -2.56 -2.66 -2.75 -2.84 -2.97 -3.06 -3.19 -3.28 -3.41 -3.53 -3.62 -3.75 -3.88 -4.00 -4.12 -4.25 -4.38 -4.50 -4.66 -4.78 -4.91 -5.03 -5.16 -5.28 -5.41 -5.53 -5.66 -5.75 -5.88 -6.00 -6.09 -6.22 -6.31 -6.41 -6.47 -6.56 -6.66 -6.72
4.69 4.72 4.66 4.56 4.41 4.22 4.00 3.78 3.59 3.41 2.84 1.78 0.72 -0.09 -0.75 -1.12 -1.25 -1.25 -1.19 -1.16 -1.19 -1.19 -1.25 -1.28 -1.34 -1.38 -1.44 -1.53 -1.59 -1.69 -1.75 -1.84 -1.94 -2.03 -2.12 -2.25 -2.34 -2.44 -2.53 -2.66 -2.75 -2.88 -2.97 -3.09 -3.19 -3.31 -3.44 -3.53 -3.66 -3.78 -3.91 -4.03 -4.16 -4.28 -4.41 -4.53 -4.66 -4.81 -4.94 -5.06 -5.19 -5.31 -5.44 -5.56 -5.66 -5.78 -5.91 -6.03 -6.12 -6.22 -6.31 -6.41 -6.50 -6.59 -6.69 -6.78
4.81 4.84 4.81 4.69 4.53 4.34 4.16 3.88 3.62 3.34 2.72 1.59 0.66 -0.19 -0.84 -1.09 -1.16 -1.16 -1.09 -1.09 -1.12 -1.16 -1.19 -1.25 -1.28 -1.34 -1.41 -1.50 -1.56 -1.66 -1.75 -1.84 -1.94 -2.03 -2.12 -2.22 -2.34 -2.44 -2.53 -2.66 -2.75 -2.88 -2.97 -3.09 -3.22 -3.31 -3.44 -3.56 -3.69 -3.81 -3.94 -4.06 -4.19 -4.31 -4.44 -4.56 -4.69 -4.81 -4.97 -5.09 -5.22 -5.34 -5.47 -5.56 -5.69 -5.81 -5.94 -6.03 -6.12 -6.25 -6.34 -6.44 -6.56 -6.66 -6.72 -6.81
5.00 5.00 5.00 4.84 4.72 4.53 4.31 4.06 3.78 3.50 2.81 1.72 0.59 -0.25 -0.84 -1.00 -1.06 -1.03 -1.03 -1.06 -1.09 -1.12 -1.16 -1.22 -1.28 -1.34 -1.41 -1.47 -1.56 -1.66 -1.72 -1.81 -1.94 -2.03 -2.12 -2.22 -2.34 -2.44 -2.56 -2.66 -2.78 -2.88 -3.00 -3.12 -3.22 -3.34 -3.47 -3.59 -3.72 -3.84 -3.97 -4.09 -4.22 -4.34 -4.47 -4.59 -4.72 -4.84 -4.97 -5.09 -5.22 -5.34 -5.47 -5.59 -5.72 -5.84 -5.94 -6.06 -6.16 -6.25 -6.38 -6.47 -6.59 -6.69 -6.78 -6.84
5.19 5.19 5.16 5.03 4.88 4.72 4.50 4.25 3.94 3.62 2.94 1.84 0.66 -0.31 -0.78 -0.94 -0.94 -0.94 -0.97 -1.00 -1.06 -1.09 -1.16 -1.22 -1.25 -1.31 -1.41 -1.47 -1.56 -1.66 -1.75 -1.84 -1.94 -2.03 -2.12 -2.25 -2.34 -2.44 -2.56 -2.69 -2.78 -2.91 -3.03 -3.12 -3.25 -3.38 -3.50 -3.62 -3.75 -3.88 -3.97 -4.12 -4.25 -4.38 -4.50 -4.62 -4.75 -4.88 -5.00 -5.16 -5.25 -5.38 -5.50 -5.62 -5.75 -5.88 -5.97 -6.09 -6.19 -6.31 -6.41 -6.50 -6.62 -6.72 -6.81 -6.88
5.56 5.50 5.38 5.22 5.06 4.91 4.69 4.44 4.12 3.78 3.00 1.84 0.62 -0.31 -0.72 -0.81 -0.84 -0.88 -0.94 -1.00 -1.03 -1.09 -1.16 -1.19 -1.25 -1.34 -1.41 -1.47 -1.56 -1.66 -1.75 -1.84 -1.94 -2.03 -2.16 -2.25 -2.34 -2.47 -2.59 -2.69 -2.81 -2.94 -3.03 -3.16 -3.28 -3.41 -3.53 -3.66 -3.78 -3.91 -4.03 -4.16 -4.28 -4.41 -4.53 -4.66 -4.78 -4.91 -5.03 -5.16 -5.28 -5.41 -5.53 -5.66 -5.78 -5.91 -6.00 -6.12 -6.22 -6.31 -6.44 -6.53 -6.62 -6.72 -6.81 -6.91
6.06 5.84 5.62 5.38 5.25 5.09 4.88 4.62 4.28 3.94 3.12 1.84 0.56 -0.31 -0.59 -0.69 -0.75 -0.81 -0.91 -0.97 -1.03 -1.09 -1.16 -1.22 -1.28 -1.34 -1.41 -1.50 -1.56 -1.66 -1.75 -1.84 -1.97 -2.06 -2.16 -2.28 -2.38 -2.50 -2.59 -2.72 -2.84 -2.94 -3.06 -3.19 -3.31 -3.44 -3.56 -3.69 -3.81 -3.94 -4.06 -4.19 -4.31 -4.44 -4.56 -4.69 -4.81 -4.94 -5.06 -5.19 -5.31 -5.44 -5.56 -5.69 -5.81 -5.91 -6.03 -6.16 -6.25 -6.38 -6.47 -6.56 -6.66 -6.75 -6.84 -6.94
6.47 6.19 5.78 5.56 5.41 5.25 5.03 4.78 4.59 4.25 3.25 1.81 0.47 -0.28 -0.50 -0.59 -0.69 -0.78 -0.91 -0.97 -1.03 -1.09 -1.16 -1.22 -1.28 -1.34 -1.44 -1.50 -1.59 -1.69 -1.78 -1.88 -1.97 -2.09 -2.19 -2.28 -2.41 -2.53 -2.62 -2.75 -2.88 -2.97 -3.09 -3.22 -3.34 -3.47 -3.59 -3.72 -3.84 -3.97 -4.09 -4.22 -4.34 -4.47 -4.59 -4.72 -4.84 -4.97 -5.12 -5.22 -5.34 -5.47 -5.59 -5.72 -5.84 -5.97 -6.06 -6.19 -6.28 -6.41 -6.50 -6.59 -6.72 -6.81 -6.91 -6.97
6.69 6.34 5.91 5.69 5.53 5.38 5.16 5.00 4.91 4.56 3.25 1.72 0.38 -0.25 -0.44 -0.53 -0.66 -0.78 -0.91 -0.97 -1.06 -1.12 -1.19 -1.25 -1.31 -1.38 -1.47 -1.53 -1.62 -1.72 -1.81 -1.91 -2.00 -2.12 -2.22 -2.31 -2.44 -2.53 -2.66 -2.78 -2.91 -3.00 -3.12 -3.25 -3.38 -3.50 -3.62 -3.75 -3.88 -4.00 -4.12 -4.25 -4.38 -4.50 -4.62 -4.75 -4.88 -5.03 -5.16 -5.25 -5.38 -5.50 -5.62 -5.75 -5.88 -6.00 -6.09 -6.22 -6.31 -6.44 -6.53 -6.66 -6.75 -6.84 -6.94 -7.00
6.56 6.28 5.94 5.78 5.59 5.44 5.25 5.31 5.28 4.53 3.03 1.47 0.28 -0.25 -0.41 -0.53 -0.69 -0.81 -0.91 -1.00 -1.06 -1.16 -1.22 -1.28 -1.34 -1.41 -1.50 -1.59 -1.66 -1.75 -1.84 -1.94 -2.03 -2.16 -2.25 -2.34 -2.47 -2.59 -2.69 -2.81 -2.94 -3.06 -3.16 -3.28 -3.41 -3.53 -3.66 -3.78 -3.91 -4.03 -4.16 -4.28 -4.41 -4.53 -4.69 -4.81 -4.91 -5.06 -5.16 -5.28 -5.41 -5.53 -5.66 -5.78 -5.91 -6.03 -6.16 -6.25 -6.38 -6.47 -6.59 -6.69 -6.78 -6.88 -6.97 -7.06
6.31 6.12 5.94 5.78 5.59 5.47 5.56 5.66 5.44 4.22 2.62 1.06 0.09 -0.28 -0.41 -0.56 -0.72 -0.84 -0.97 -1.03 -1.12 -1.19 -1.25 -1.31 -1.38 -1.47 -1.53 -1.62 -1.72 -1.78 -1.88 -1.97 -2.09 -2.19 -2.28 -2.41 -2.50 -2.62 -2.72 -2.84 -2.97 -3.09 -3.22 -3.31 -3.44 -3.56 -3.69 -3.81 -3.94 -4.06 -4.19 -4.31 -4.44 -4.56 -4.72 -4.84 -4.97 -5.09 -5.22 -5.34 -5.47 -5.56 -5.69 -5.81 -5.94 -6.06 -6.19 -6.28 -6.38 -6.50 -6.62 -6.72 -6.81 -6.91 -7.00 -7.09
6.16 6.03 5.88 5.72 5.50 5.53 5.62 5.66 4.91 3.59 1.88 0.50 -0.12 -0.34 -0.47 -0.66 -0.81 -0.91 -1.00 -1.09 -1.16 -1.22 -1.31 -1.38 -1.44 -1.50 -1.59 -1.66 -1.75 -1.84 -1.94 -2.03 -2.12 -2.22 -2.34 -2.44 -2.56 -2.66 -2.78 -2.88 -3.00 -3.12 -3.25 -3.38 -3.50 -3.59 -3.72 -3.84 -3.97 -4.09 -4.22 -4.38 -4.50 -4.62 -4.75 -4.88 -5.00 -5.12 -5.25 -5.38 -5.50 -5.59 -5.72 -5.84 -5.97 -6.09 -6.22 -6.31 -6.44 -6.53 -6.62 -6.75 -6.84 -6.94 -7.03 -7.12
6.03 5.91 5.75 5.56 5.34 5.34 5.38 4.84 3.94 2.47 1.00 0.03 -0.31 -0.44 -0.59 -0.75 -0.88 -1.00 -1.09 -1.16 -1.22 -1.28 -1.34 -1.41 -1.50 -1.56 -1.62 -1.72 -1.81 -1.88 -1.97 -2.06 -2.16 -2.28 -2.38 -2.47 -2.59 -2.72 -2.81 -2.94 -3.06 -3.16 -3.28 -3.41 -3.53 -3.66 -3.78 -3.91 -4.03 -4.16 -4.28 -4.41 -4.53 -4.66 -4.78 -4.91 -5.03 -5.16 -5.28 -5.41 -5.53 -5.66 -5.75 -5.88 -6.00 -6.12 -6.25 -6.34 -6.47 -6.56 -6.66 -6.78 -6.88 -6.97 -7.06 -7.16
5.84 5.72 5.56 5.34 5.06 4.88 4.53 3.88 2.66 1.38 0.19 -0.34 -0.50 -0.59 -0.75 -0.88 -1.00 -1.09 -1.16 -1.22 -1.28 -1.34 -1.41 -1.47 -1.53 -1.62 -1.69 -1.78 -1.84 -1.94 -2.03 -2.12 -2.22 -2.31 -2.44 -2.53 -2.62 -2.75 -2.88 -2.97 -3.09 -3.22 -3.34 -3.44 -3.56 -3.69 -3.81 -3.94 -4.06 -4.19 -4.31 -4.44 -4.56 -4.69 -4.81 -4.94 -5.06 -5.19 -5.31 -5.44 -5.56 -5.69 -5.81 -5.91 -6.06 -6.16 -6.28 -6.38 -6.50 -6.59 -6.72 -6.81 -6.91 -7.00 -7.09 -7.22
5.59 5.53 5.34 5.00 4.53 3.94 3.47 2.50 1.47 0.41 -0.38 -0.66 -0.69 -0.78 -0.91 -1.03 -1.12 -1.19 -1.25 -1.31 -1.38 -1.41 -1.47 -1.53 -1.59 -1.69 -1.75 -1.81 -1.91 -2.00 -2.09 -2.19 -2.28 -2.38 -2.47 -2.59 -2.69 -2.81 -2.91 -3.03 -3.12 -3.25 -3.38 -3.50 -3.62 -3.75 -3.84 -3.97 -4.09 -4.22 -4.38 -4.50 -4.62 -4.72 -4.84 -5.00 -5.09 -5.22 -5.34 -5.47 -5.59 -5.75 -5.84 -5.97 -6.06 -6.22 -6.31 -6.44 -6.53 -6.62 -6.72 -6.84 -6.94 -7.03 -7.12 -7.22
5.41 5.28 5.00 4.50 3.84 3.03 2.31 1.44 0.47 -0.28 -0.81 -0.91 -0.91 -0.97 -1.06 -1.16 -1.22 -1.28 -1.34 -1.38 -1.44 -1.50 -1.53 -1.59 -1.66 -1.72 -1.81 -1.88 -1.97 -2.03 -2.12 -2.22 -2.31 -2.44 -2.53 -2.62 -2.75 -2.84 -2.97 -3.06 -3.19 -3.31 -3.41 -3.53 -3.66 -3.78 -3.91 -4.03 -4.16 -4.28 -4.41 -4.53 -4.66 -4.78 -4.91 -5.03 -5.16 -5.28 -5.41 -5.50 -5.66 -5.78 -5.88 -6.00 -6.09 -6.22 -6.34 -6.44 -6.53 -6.66 -6.72 -6.84 -6.97 -7.06 -7.16 -7.25
5.12 4.81 4.38 3.91 3.16 2.25 1.44 0.59 -0.19 -0.81 -1.09 -1.09 -1.12 -1.19 -1.25 -1.31 -1.34 -1.41 -1.44 -1.47 -1.53 -1.56 -1.62 -1.66 -1.72 -1.81 -1.88 -1.94 -2.03 -2.09 -2.19 -2.28 -2.38 -2.47 -2.56 -2.69 -2.78 -2.91 -3.00 -3.12 -3.25 -3.34 -3.47 -3.59 -3.72 -3.81 -3.94 -4.06 -4.19 -4.31 -4.44 -4.56 -4.69 -4.81 -4.94 -5.06 -5.19 -5.31 -5.44 -5.56 -5.69 -5.81 -5.94 -6.06 -6.16 -6.25 -6.38 -6.47 -6.56 -6.66 -6.78 -6.88 -6.97 -7.06 -7.16 -7.28
4.59 4.31 3.66 3.09 2.38 1.50 0.69 -0.09 -0.75 -1.22 -1.31 -1.31 -1.31 -1.34 -1.41 -1.44 -1.47 -1.50 -1.53 -1.56 -1.59 -1.62 -1.69 -1.75 -1.81 -1.88 -1.94 -2.00 -2.09 -2.16 -2.25 -2.34 -2.44 -2.53 -2.62 -2.75 -2.84 -2.94 -3.06 -3.16 -3.28 -3.41 -3.53 -3.62 -3.75 -3.88 -4.00 -4.12 -4.25 -4.38 -4.50 -4.62 -4.72 -4.84 -4.97 -5.12 -5.22 -5.34 -5.50 -5.62 -5.72 -5.84 -5.97 -6.09 -6.19 -6.28 -6.41 -6.53 -6.62 -6.69 -6.81 -6.91 -7.00 -7.09 -7.22 -7.34
4.00 3.56 3.12 2.44 1.62 0.81 0.03 -0.72 -1.19 -1.47 -1.50 -1.47 -1.50 -1.50 -1.53 -1.56 -1.56 -1.59 -1.62 -1.62 -1.69 -1.72 -1.75 -1.81 -1.88 -1.94 -2.00 -2.06 -2.12 -2.22 -2.31 -2.41 -2.50 -2.59 -2.69 -2.78 -2.91 -3.00 -3.12 -3.22 -3.34 -3.44 -3.56 -3.69 -3.81 -3.91 -4.03 -4.16 -4.28 -4.41 -4.53 -4.66 -4.78 -4.91 -5.03 -5.16 -5.28 -5.41 -5.53 -5.66 -5.78 -5.88 -6.00 -6.12 -6.22 -6.31 -6.44 -6.56 -6.62 -6.72 -6.88 -6.97 -7.06 -7.12 -7.25 -7.38
3.22 2.84 2.38 1.72 0.94 0.19 -0.53 -1.12 -1.47 -1.66 -1.66 -1.62 -1.62 -1.66 -1.66 -1.66 -1.66 -1.69 -1.69 -1.72 -1.75 -1.78 -1.81 -1.88 -1.94 -2.00 -2.06 -2.12 -2.19 -2.28 -2.38 -2.47 -2.56 -2.66 -2.75 -2.84 -2.94 -3.06 -3.16 -3.28 -3.38 -3.50 -3.62 -3.72 -3.84 -3.97 -4.09 -4.22 -4.34 -4.47 -4.59 -4.72 -4.84 -4.94 -5.06 -5.19 -5.31 -5.44 -5.56 -5.69 -5.81 -5.94 -6.03 -6.16 -6.25 -6.34 -6.47 -6.56 -6.69 -6.81 -6.94 -7.03 -7.09 -7.19 -7.28 -7.41
2.56 2.22 1.66 0.97 0.31 -0.41 -1.09 -1.56 -1.69 -1.78 -1.78 -1.78 -1.78 -1.75 -1.75 -1.75 -1.75 -1.75 -1.78 -1.78 -1.81 -1.84 -1.91 -1.94 -2.00 -2.06 -2.12 -2.19 -2.25 -2.34 -2.44 -2.50 -2.59 -2.69 -2.81 -2.91 -3.00 -3.12 -3.22 -3.31 -3.44 -3.56 -3.66 -3.78 -3.91 -4.03 -4.16 -4.25 -4.38 -4.50 -4.62 -4.75 -4.88 -5.00 -5.12 -5.22 -5.34 -5.50 -5.62 -5.75 -5.88 -5.97 -6.06 -6.19 -6.28 -6.38 -6.47 -6.59 -6.69 -6.81 -6.94 -7.03 -7.12 -7.25 -7.34 -7.44
2.06 1.62 1.03 0.38 -0.34 -1.00 -1.50 -1.75 -1.84 -1.88 -1.88 -1.88 -1.88 -1.88 -1.84 -1.84 -1.84 -1.84 -1.84 -1.88 -1.88 -1.91 -1.97 -2.00 -2.06 -2.12 -2.19 -2.25 -2.31 -2.41 -2.47 -2.56 -2.66 -2.75 -2.84 -2.97 -3.06 -3.16 -3.28 -3.38 -3.50 -3.59 -3.72 -3.84 -3.94 -4.06 -4.19 -4.31 -4.44 -4.56 -4.69 -4.81 -4.91 -5.03 -5.16 -5.28 -5.38 -5.50 -5.62 -5.75 -5.88 -5.97 -6.09 -6.22 -6.31 -6.44 -6.53 -6.59 -6.75 -6.84 -6.94 -7.03 -7.16 -7.25 -7.38 -7.50
1.69 1.16 0.53 -0.16 -0.97 -1.47 -1.78 -1.91 -1.97 -2.00 -2.00 -1.97 -1.97 -1.94 -1.91 -1.91 -1.91 -1.91 -1.91 -1.94 -1.94 -1.97 -2.03 -2.06 -2.12 -2.19 -2.25 -2.31 -2.38 -2.47 -2.53 -2.62 -2.72 -2.81 -2.91 -3.00 -3.12 -3.22 -3.31 -3.44 -3.53 -3.66 -3.78 -3.88 -4.00 -4.12 -4.25 -4.38 -4.50 -4.59 -4.72 -4.84 -4.94 -5.09 -5.22 -5.34 -5.44 -5.56 -5.66 -5.78 -5.91 -6.00 -6.12 -6.25 -6.38 -6.47 -6.53 -6.62 -6.78 -6.88 -6.97 -7.06 -7.16 -7.25 -7.38 -7.50
1.34 0.69 0.00 -0.62 -1.31 -1.75 -1.94 -2.00 -2.09 -2.09 -2.06 -2.06 -2.03 -2.00 -1.97 -1.97 -1.97 -1.97 -1.97 -1.97 -2.00 -2.03 -2.06 -2.12 -2.19 -2.22 -2.28 -2.38 -2.44 -2.53 -2.59 -2.69 -2.78 -2.88 -2.97 -3.06 -3.16 -3.28 -3.38 -3.50 -3.59 -3.72 -3.81 -3.94 -4.06 -4.19 -4.31 -4.41 -4.53 -4.66 -4.78 -4.91 -5.03 -5.12 -5.25 -5.38 -5.50 -5.59 -5.72 -5.84 -5.97 -6.06 -6.16 -6.28 -6.41 -6.50 -6.56 -6.72 -6.84 -6.94 -7.03 -7.12 -7.22 -7.31 -7.41 -7.53
1.03 0.31 -0.38 -1.00 -1.53 -1.91 -2.03 -2.09 -2.16 -2.16 -2.12 -2.09 -2.06 -2.03 -2.03 -2.00 -2.00 -2.00 -2.03 -2.03 -2.06 -2.09 -2.12 -2.19 -2.22 -2.28 -2.34 -2.41 -2.50 -2.56 -2.66 -2.75 -2.84 -2.94 -3.03 -3.12 -3.22 -3.31 -3.44 -3.53 -3.66 -3.75 -3.88 -4.00 -4.09 -4.22 -4.34 -4.47 -4.59 -4.72 -4.81 -4.94 -5.06 -5.19 -5.31 -5.41 -5.53 -5.66 -5.78 -5.91 -6.00 -6.12 -6.25 -6.34 -6.47 -6.59 -6.66 -6.75 -6.88 -6.97 -7.06 -7.19 -7.31 -7.38 -7.47 -7.56
