everonasctiles/Tile17,45.asc
ncols 128
nrows 128
xllcorner 0
yllcorner 0
cellsize 2.0
NODATA_value  -9999
[rows 70 to 104 of 128, columns 0 to 78 of 128]
5.94 5.75 5.66 5.78 5.94 6.12 6.25 6.34 6.19 6.22 6.62 6.97 7.34 7.59 7.91 8.19 8.44 8.72 9.00 9.25 9.50 9.78 10.00 10.28 10.62 10.97 11.12 11.38 11.62 11.88 12.00 12.16 12.31 12.44 12.59 12.75 12.88 13.00 13.12 13.25 13.41 13.53 13.69 13.78 13.88 14.00 14.12 14.22 14.44 14.62 14.84 15.03 15.16 15.19 15.22 15.12 15.03 15.00 15.03 15.03 15.06 14.81 14.59 14.41 14.03 13.84 13.41 13.16 12.84 12.62 12.56 12.44 12.19 12.03 11.94 11.84 11.75 11.62 11.50
5.84 5.69 5.69 5.84 6.03 6.16 6.16 6.19 6.12 6.19 6.56 6.91 7.25 7.53 7.84 8.16 8.41 8.66 8.97 9.22 9.50 9.72 10.00 10.22 10.66 10.94 11.16 11.34 11.56 11.75 11.91 12.03 12.16 12.28 12.44 12.59 12.69 12.84 12.94 13.06 13.16 13.28 13.44 13.53 13.62 13.72 13.81 13.94 14.16 14.25 14.47 14.69 14.75 14.69 14.56 14.50 14.31 14.41 14.38 14.47 14.38 14.38 13.84 13.81 13.66 13.34 12.88 12.69 12.38 12.09 11.97 11.81 11.66 11.50 11.34 11.31 11.22 11.12 11.00
5.84 5.72 5.78 5.91 6.03 6.09 6.06 6.03 6.03 6.19 6.53 6.88 7.22 7.53 7.81 8.09 8.41 8.66 8.94 9.22 9.44 9.75 10.00 10.41 10.69 10.94 11.12 11.25 11.34 11.59 11.75 11.91 11.94 12.06 12.31 12.44 12.59 12.72 12.78 12.91 13.00 13.09 13.19 13.25 13.38 13.47 13.59 13.72 13.84 14.00 14.16 14.25 14.19 14.09 14.06 13.78 13.78 13.69 13.81 13.84 13.88 13.81 13.44 13.16 13.06 12.72 12.47 12.19 11.94 11.69 11.41 11.19 11.00 10.91 10.84 10.78 10.66 10.59 10.50
5.81 5.78 5.88 5.97 6.00 6.00 5.94 5.91 6.00 6.22 6.53 6.88 7.22 7.47 7.81 8.06 8.41 8.69 8.97 9.19 9.47 9.81 10.09 10.34 10.66 10.84 11.03 11.16 11.28 11.44 11.59 11.75 11.84 12.00 12.12 12.31 12.44 12.56 12.66 12.72 12.84 12.91 12.97 13.03 13.09 13.19 13.28 13.41 13.50 13.56 13.75 13.78 13.72 13.56 13.47 13.34 13.19 13.16 13.19 13.12 13.19 13.16 13.00 12.72 12.41 12.16 11.88 11.72 11.38 11.22 10.91 10.62 10.50 10.38 10.28 10.25 10.16 10.06 10.00
5.81 5.88 5.97 6.06 5.97 5.88 5.81 5.81 5.97 6.25 6.53 6.84 7.19 7.53 7.81 8.16 8.41 8.62 8.97 9.22 9.53 9.81 10.06 10.31 10.53 10.75 10.84 11.03 11.16 11.31 11.47 11.62 11.75 11.88 12.03 12.16 12.28 12.41 12.47 12.56 12.62 12.69 12.75 12.78 12.81 12.88 12.91 13.00 13.09 13.22 13.28 13.31 13.28 13.03 13.03 12.88 12.72 12.66 12.62 12.59 12.53 12.44 12.22 12.03 11.72 11.50 11.38 11.16 10.91 10.72 10.47 10.12 9.94 9.81 9.75 9.69 9.59 9.50 9.47
5.75 5.88 6.00 6.03 5.88 5.72 5.66 5.75 5.97 6.28 6.56 6.88 7.22 7.53 7.84 8.16 8.41 8.59 9.00 9.31 9.59 9.81 10.00 10.25 10.44 10.62 10.81 10.91 11.06 11.19 11.31 11.47 11.59 11.72 11.91 11.97 12.12 12.22 12.22 12.28 12.34 12.41 12.44 12.41 12.41 12.53 12.56 12.56 12.69 12.69 12.84 12.88 12.88 12.72 12.53 12.44 12.22 12.19 12.12 12.03 11.97 11.81 11.66 11.38 11.12 10.94 10.72 10.62 10.41 10.12 9.94 9.62 9.38 9.31 9.28 9.19 9.12 9.03 8.97
5.78 5.91 5.91 5.91 5.78 5.62 5.56 5.75 6.06 6.34 6.59 6.91 7.16 7.56 7.84 8.19 8.44 8.69 9.00 9.31 9.56 9.75 9.97 10.19 10.41 10.53 10.69 10.75 10.84 10.97 11.12 11.22 11.38 11.56 11.69 11.81 11.88 11.97 12.00 12.00 12.00 11.97 12.03 12.06 12.09 12.12 12.12 12.12 12.16 12.19 12.28 12.34 12.34 12.25 12.12 12.00 11.81 11.72 11.62 11.47 11.41 11.31 11.06 10.84 10.53 10.34 10.19 10.03 9.78 9.66 9.44 9.19 8.97 8.88 8.78 8.72 8.66 8.59 8.53
5.84 5.91 5.91 5.88 5.72 5.53 5.56 5.84 6.16 6.41 6.62 6.94 7.22 7.59 7.81 8.19 8.44 8.66 8.94 9.22 9.50 9.66 9.91 10.12 10.25 10.38 10.50 10.56 10.66 10.78 10.88 11.03 11.19 11.34 11.50 11.56 11.62 11.69 11.72 11.72 11.62 11.62 11.62 11.62 11.69 11.72 11.72 11.72 11.72 11.78 11.78 11.84 11.81 11.72 11.62 11.56 11.47 11.28 11.19 11.00 10.94 10.75 10.53 10.25 10.03 9.78 9.62 9.44 9.28 9.12 8.94 8.72 8.56 8.44 8.38 8.31 8.25 8.19 8.12
5.88 5.91 5.88 5.81 5.62 5.50 5.66 6.00 6.28 6.50 6.69 6.94 7.25 7.62 7.88 8.06 8.38 8.62 8.75 9.00 9.38 9.59 9.81 10.00 10.09 10.12 10.28 10.34 10.50 10.56 10.59 10.72 11.00 11.12 11.28 11.34 11.34 11.41 11.38 11.38 11.34 11.31 11.28 11.28 11.25 11.25 11.31 11.31 11.31 11.31 11.28 11.31 11.34 11.28 11.19 11.06 11.00 10.91 10.72 10.56 10.41 10.25 10.00 9.75 9.53 9.34 9.12 8.94 8.78 8.62 8.47 8.31 8.16 8.06 7.97 7.91 7.84 7.78 7.72
5.81 5.84 5.81 5.75 5.62 5.59 5.84 6.12 6.44 6.62 6.78 6.97 7.34 7.59 7.81 8.06 8.31 8.50 8.62 8.91 9.16 9.47 9.69 9.84 9.91 9.91 10.06 10.22 10.34 10.38 10.44 10.59 10.72 10.94 11.03 11.06 11.09 11.09 11.12 11.06 10.97 10.97 10.94 10.94 10.94 10.88 10.81 10.84 10.88 10.91 10.78 10.78 10.84 10.81 10.66 10.59 10.53 10.44 10.25 10.06 9.94 9.72 9.53 9.28 9.06 8.91 8.69 8.50 8.34 8.19 8.03 7.91 7.78 7.69 7.62 7.56 7.50 7.44 7.38
5.88 5.88 5.81 5.75 5.69 5.75 6.00 6.28 6.56 6.75 6.94 7.12 7.38 7.62 7.78 7.97 8.12 8.41 8.59 8.78 8.94 9.25 9.50 9.66 9.72 9.75 9.88 10.00 10.16 10.25 10.28 10.41 10.56 10.69 10.75 10.81 10.78 10.84 10.81 10.69 10.66 10.66 10.62 10.53 10.50 10.44 10.41 10.44 10.47 10.47 10.38 10.38 10.31 10.31 10.19 10.09 10.06 9.97 9.81 9.62 9.44 9.22 9.03 8.84 8.62 8.47 8.28 8.09 7.94 7.78 7.66 7.53 7.44 7.34 7.28 7.22 7.16 7.09 7.06
5.97 5.94 5.84 5.78 5.78 5.91 6.12 6.41 6.72 6.94 7.12 7.25 7.47 7.62 7.75 7.94 8.16 8.34 8.50 8.72 8.94 9.09 9.28 9.47 9.50 9.62 9.69 9.81 9.94 10.03 10.12 10.16 10.34 10.47 10.53 10.59 10.59 10.56 10.47 10.44 10.38 10.34 10.25 10.25 10.19 10.12 10.06 10.00 10.03 10.03 9.97 9.94 9.88 9.81 9.69 9.62 9.56 9.44 9.25 9.12 8.84 8.72 8.53 8.38 8.22 8.06 7.88 7.72 7.56 7.44 7.31 7.19 7.09 7.03 6.97 6.91 6.84 6.78 6.75
6.00 6.00 5.91 5.84 5.88 6.03 6.25 6.56 6.84 7.06 7.22 7.41 7.50 7.62 7.75 7.91 8.09 8.25 8.47 8.66 8.84 9.00 9.12 9.25 9.31 9.44 9.53 9.66 9.72 9.88 9.91 10.03 10.09 10.16 10.31 10.34 10.31 10.28 10.25 10.16 10.06 10.06 10.03 9.97 9.88 9.81 9.72 9.69 9.66 9.62 9.56 9.50 9.38 9.34 9.25 9.16 9.03 8.88 8.75 8.56 8.44 8.28 8.12 8.00 7.84 7.69 7.53 7.41 7.25 7.12 7.00 6.91 6.81 6.75 6.69 6.62 6.56 6.50 6.47
6.03 6.03 5.97 5.91 5.94 6.12 6.38 6.66 6.94 7.22 7.34 7.44 7.59 7.62 7.75 7.97 8.09 8.25 8.38 8.56 8.75 8.91 9.03 9.12 9.25 9.34 9.41 9.50 9.56 9.66 9.75 9.78 9.84 9.91 9.94 10.06 10.06 10.03 10.00 9.94 9.81 9.78 9.72 9.69 9.56 9.53 9.44 9.31 9.28 9.22 9.19 9.09 8.97 8.91 8.81 8.75 8.62 8.44 8.25 8.16 8.03 7.91 7.78 7.62 7.50 7.38 7.25 7.09 6.97 6.84 6.75 6.66 6.56 6.50 6.41 6.34 6.28 6.25 6.19
6.03 6.06 5.97 5.94 5.97 6.19 6.47 6.75 7.00 7.25 7.41 7.53 7.66 7.78 7.88 8.00 8.12 8.25 8.38 8.53 8.66 8.84 8.97 9.06 9.12 9.22 9.28 9.34 9.41 9.44 9.50 9.56 9.59 9.62 9.69 9.75 9.81 9.81 9.78 9.66 9.59 9.47 9.44 9.34 9.31 9.22 9.12 8.97 8.94 8.84 8.75 8.66 8.56 8.47 8.38 8.28 8.19 8.03 7.91 7.78 7.69 7.56 7.44 7.34 7.22 7.09 6.97 6.88 6.75 6.62 6.53 6.44 6.34 6.25 6.19 6.09 6.03 5.97 5.91
6.00 6.00 5.94 5.91 6.03 6.28 6.53 6.81 7.06 7.31 7.47 7.59 7.72 7.84 7.97 8.03 8.12 8.28 8.38 8.50 8.62 8.78 8.88 9.00 9.09 9.12 9.19 9.22 9.25 9.28 9.31 9.34 9.38 9.41 9.41 9.47 9.50 9.53 9.53 9.44 9.41 9.25 9.16 9.09 9.00 8.91 8.81 8.69 8.59 8.44 8.38 8.28 8.19 8.06 7.94 7.88 7.81 7.69 7.59 7.50 7.38 7.28 7.19 7.06 6.97 6.88 6.75 6.66 6.56 6.44 6.34 6.25 6.16 6.06 5.97 5.88 5.78 5.72 5.66
5.91 5.94 5.88 5.91 6.09 6.34 6.59 6.84 7.09 7.34 7.47 7.62 7.78 7.94 8.00 8.12 8.19 8.28 8.38 8.47 8.59 8.72 8.78 8.94 9.00 9.09 9.09 9.12 9.12 9.09 9.12 9.12 9.16 9.16 9.16 9.16 9.22 9.22 9.22 9.16 9.09 9.03 8.94 8.78 8.69 8.59 8.50 8.38 8.25 8.06 8.00 7.88 7.81 7.72 7.62 7.56 7.50 7.41 7.31 7.22 7.12 7.03 6.94 6.84 6.75 6.66 6.56 6.50 6.41 6.31 6.19 6.09 5.97 5.88 5.75 5.66 5.56 5.47 5.38
5.84 5.91 5.91 5.94 6.16 6.41 6.66 6.88 7.12 7.34 7.53 7.66 7.81 7.94 8.06 8.16 8.25 8.31 8.38 8.47 8.56 8.66 8.78 8.91 8.97 9.03 9.06 9.03 8.91 8.91 8.91 8.88 8.91 8.94 8.94 8.91 8.94 8.94 8.94 8.88 8.84 8.78 8.69 8.53 8.38 8.31 8.22 8.09 7.97 7.81 7.59 7.53 7.47 7.41 7.34 7.28 7.22 7.16 7.06 6.97 6.91 6.81 6.72 6.66 6.56 6.50 6.41 6.34 6.28 6.19 6.06 5.97 5.84 5.69 5.56 5.44 5.31 5.19 5.09
5.81 5.91 5.91 5.97 6.19 6.44 6.66 6.91 7.12 7.34 7.47 7.66 7.81 7.94 8.03 8.16 8.25 8.34 8.44 8.50 8.56 8.66 8.78 8.84 8.91 8.97 8.97 8.84 8.78 8.69 8.66 8.62 8.69 8.72 8.72 8.69 8.69 8.66 8.62 8.59 8.53 8.44 8.38 8.25 8.12 8.06 7.94 7.75 7.69 7.53 7.34 7.25 7.19 7.16 7.09 7.03 6.97 6.91 6.84 6.75 6.69 6.59 6.53 6.47 6.41 6.34 6.28 6.22 6.16 6.06 5.97 5.84 5.69 5.53 5.38 5.19 5.03 4.88 4.75
5.75 5.88 5.91 6.00 6.22 6.44 6.66 6.88 7.09 7.31 7.47 7.59 7.78 7.94 8.03 8.16 8.28 8.34 8.44 8.50 8.56 8.62 8.72 8.78 8.81 8.88 8.84 8.72 8.56 8.44 8.44 8.41 8.44 8.47 8.50 8.47 8.44 8.41 8.34 8.31 8.19 8.19 8.12 8.03 7.91 7.75 7.62 7.50 7.38 7.25 7.12 7.03 6.97 6.91 6.88 6.81 6.75 6.69 6.62 6.53 6.47 6.41 6.34 6.28 6.22 6.19 6.12 6.09 6.03 5.97 5.84 5.72 5.56 5.38 5.16 4.94 4.75 4.56 4.41
5.66 5.84 5.91 6.03 6.25 6.44 6.66 6.84 7.06 7.25 7.44 7.56 7.78 7.94 8.06 8.16 8.28 8.34 8.41 8.47 8.50 8.53 8.59 8.66 8.62 8.72 8.62 8.53 8.38 8.31 8.28 8.22 8.22 8.22 8.28 8.25 8.22 8.19 8.09 8.06 8.00 7.94 7.84 7.78 7.66 7.50 7.34 7.25 7.12 7.03 6.94 6.84 6.78 6.72 6.66 6.59 6.53 6.47 6.41 6.34 6.28 6.22 6.16 6.09 6.06 6.03 6.00 5.94 5.91 5.81 5.72 5.59 5.41 5.19 4.91 4.66 4.38 4.12 3.97
5.56 5.75 5.88 6.03 6.22 6.44 6.62 6.81 7.00 7.19 7.38 7.50 7.72 7.91 8.03 8.12 8.22 8.31 8.34 8.41 8.44 8.50 8.50 8.47 8.53 8.50 8.44 8.34 8.25 8.16 8.12 8.06 8.00 8.00 8.03 8.00 7.97 7.97 7.91 7.81 7.75 7.72 7.62 7.56 7.44 7.31 7.16 7.03 6.94 6.84 6.75 6.66 6.59 6.53 6.47 6.41 6.34 6.25 6.19 6.12 6.06 6.00 5.94 5.91 5.88 5.84 5.81 5.78 5.75 5.66 5.56 5.41 5.19 4.91 4.59 4.31 3.97 3.66 3.47
5.53 5.69 5.84 6.00 6.19 6.38 6.56 6.75 6.94 7.12 7.34 7.47 7.72 7.88 7.97 8.06 8.16 8.19 8.28 8.31 8.38 8.44 8.44 8.44 8.41 8.28 8.19 8.12 8.06 8.00 7.97 7.91 7.81 7.78 7.78 7.78 7.75 7.72 7.69 7.59 7.56 7.53 7.44 7.31 7.22 7.09 7.00 6.88 6.78 6.69 6.59 6.50 6.44 6.34 6.28 6.22 6.12 6.06 6.00 5.91 5.84 5.78 5.75 5.69 5.66 5.62 5.62 5.59 5.53 5.47 5.34 5.19 4.94 4.56 4.19 3.81 3.47 3.09 2.81
5.47 5.59 5.78 5.97 6.16 6.34 6.50 6.69 6.84 7.03 7.25 7.47 7.66 7.84 7.94 7.97 8.06 8.09 8.19 8.25 8.31 8.34 8.34 8.34 8.28 8.19 8.03 7.97 7.91 7.81 7.78 7.72 7.62 7.56 7.56 7.53 7.53 7.50 7.47 7.41 7.34 7.28 7.22 7.12 7.03 6.94 6.84 6.75 6.62 6.53 6.44 6.34 6.28 6.19 6.12 6.03 5.94 5.88 5.78 5.69 5.62 5.56 5.50 5.44 5.41 5.41 5.38 5.34 5.28 5.19 5.03 4.84 4.56 4.12 3.62 3.22 2.78 2.38 2.03
5.44 5.53 5.72 5.94 6.12 6.28 6.44 6.59 6.75 6.94 7.12 7.41 7.56 7.72 7.84 7.91 7.94 8.00 8.09 8.19 8.22 8.25 8.19 8.16 8.12 8.03 7.94 7.81 7.72 7.66 7.62 7.53 7.44 7.34 7.31 7.31 7.31 7.28 7.25 7.19 7.16 7.09 7.03 6.97 6.88 6.78 6.69 6.59 6.50 6.41 6.31 6.22 6.12 6.03 5.94 5.84 5.75 5.66 5.56 5.47 5.38 5.31 5.25 5.19 5.16 5.09 5.06 5.03 4.94 4.81 4.66 4.38 4.00 3.47 2.91 2.41 2.03 1.69 1.47
5.38 5.47 5.69 5.88 6.06 6.22 6.34 6.50 6.66 6.81 6.97 7.22 7.34 7.41 7.62 7.78 7.84 7.94 8.00 8.06 8.09 8.09 8.06 8.03 7.94 7.91 7.78 7.66 7.53 7.50 7.41 7.34 7.28 7.19 7.16 7.12 7.09 7.06 7.06 7.00 6.97 6.94 6.88 6.81 6.72 6.66 6.56 6.47 6.38 6.28 6.19 6.09 6.00 5.88 5.78 5.69 5.56 5.44 5.34 5.22 5.12 5.03 4.94 4.88 4.81 4.78 4.72 4.66 4.53 4.34 4.06 3.72 3.22 2.62 2.09 1.69 1.56 1.38 1.25
5.28 5.44 5.66 5.84 6.00 6.16 6.28 6.41 6.53 6.66 6.78 6.94 6.97 7.19 7.22 7.56 7.72 7.78 7.84 7.94 7.94 7.94 7.88 7.81 7.78 7.62 7.53 7.50 7.38 7.34 7.25 7.16 7.09 7.03 6.97 6.94 6.94 6.91 6.88 6.84 6.81 6.78 6.72 6.66 6.59 6.50 6.44 6.34 6.25 6.16 6.06 5.97 5.84 5.75 5.62 5.50 5.38 5.25 5.09 4.97 4.84 4.72 4.62 4.53 4.44 4.38 4.28 4.19 4.00 3.72 3.34 2.91 2.31 1.78 1.59 1.47 1.28 1.16 1.06
5.22 5.44 5.62 5.81 5.97 6.09 6.19 6.31 6.41 6.50 6.59 6.66 6.72 6.75 7.06 7.28 7.47 7.59 7.72 7.78 7.78 7.75 7.72 7.66 7.59 7.47 7.34 7.28 7.22 7.12 7.06 6.97 6.91 6.88 6.81 6.78 6.78 6.75 6.72 6.69 6.66 6.62 6.56 6.50 6.44 6.38 6.31 6.22 6.12 6.03 5.94 5.84 5.72 5.59 5.47 5.34 5.19 5.03 4.88 4.69 4.53 4.38 4.25 4.12 4.00 3.91 3.78 3.59 3.28 2.94 2.47 1.97 1.56 1.50 1.34 1.19 1.06 0.97 0.88
5.22 5.44 5.62 5.78 5.91 6.03 6.12 6.22 6.31 6.38 6.44 6.47 6.53 6.59 6.69 6.81 7.09 7.34 7.47 7.59 7.59 7.53 7.47 7.44 7.38 7.25 7.19 7.09 7.03 6.94 6.88 6.81 6.75 6.72 6.69 6.66 6.62 6.59 6.59 6.56 6.53 6.47 6.44 6.38 6.31 6.25 6.19 6.09 6.00 5.91 5.81 5.72 5.59 5.47 5.31 5.16 5.00 4.81 4.62 4.44 4.22 4.03 3.84 3.66 3.47 3.31 3.09 2.81 2.44 2.03 1.59 1.41 1.34 1.19 1.09 0.97 0.88 0.78 0.72
5.22 5.44 5.59 5.75 5.88 5.97 6.06 6.12 6.19 6.25 6.28 6.31 6.34 6.41 6.50 6.66 6.84 7.09 7.31 7.38 7.38 7.34 7.25 7.19 7.12 7.06 7.00 6.91 6.84 6.78 6.72 6.69 6.62 6.59 6.56 6.53 6.50 6.47 6.44 6.41 6.38 6.34 6.28 6.25 6.19 6.12 6.06 5.97 5.88 5.81 5.69 5.59 5.47 5.31 5.19 5.00 4.81 4.59 4.34 4.12 3.88 3.59 3.34 3.06 2.78 2.50 2.22 1.94 1.59 1.31 1.22 1.16 1.06 0.97 0.88 0.78 0.69 0.62 0.56
5.25 5.44 5.59 5.72 5.84 5.94 6.00 6.06 6.09 6.16 6.16 6.19 6.22 6.28 6.38 6.50 6.62 6.78 6.94 7.00 7.03 7.03 7.00 6.97 6.91 6.88 6.81 6.75 6.69 6.62 6.59 6.53 6.50 6.47 6.44 6.41 6.38 6.34 6.31 6.28 6.25 6.22 6.16 6.09 6.06 6.00 5.91 5.84 5.75 5.66 5.56 5.47 5.31 5.19 5.03 4.81 4.59 4.34 4.06 3.75 3.44 3.09 2.72 2.31 1.97 1.69 1.47 1.28 1.12 1.03 0.97 0.91 0.81 0.75 0.69 0.59 0.53 0.47 0.44
5.28 5.47 5.59 5.72 5.81 5.88 5.94 6.00 6.03 6.06 6.06 6.09 6.09 6.16 6.22 6.34 6.44 6.56 6.66 6.75 6.78 6.78 6.78 6.75 6.72 6.69 6.62 6.59 6.53 6.50 6.47 6.41 6.38 6.34 6.31 6.28 6.25 6.22 6.19 6.16 6.12 6.06 6.03 5.97 5.91 5.84 5.78 5.72 5.62 5.53 5.44 5.31 5.19 5.03 4.91 4.72 4.44 4.09 3.75 3.38 2.94 2.50 2.03 1.62 1.38 1.22 1.09 0.97 0.88 0.81 0.75 0.69 0.62 0.56 0.50 0.44 0.38 0.31 0.28
5.34 5.47 5.59 5.72 5.78 5.84 5.91 5.94 5.97 5.97 6.00 6.00 6.00 6.03 6.09 6.19 6.28 6.38 6.44 6.53 6.56 6.56 6.56 6.56 6.53 6.50 6.47 6.44 6.41 6.38 6.31 6.28 6.25 6.22 6.19 6.16 6.12 6.09 6.06 6.03 6.00 5.94 5.88 5.84 5.78 5.72 5.62 5.56 5.47 5.38 5.28 5.16 5.03 4.97 4.91 4.59 4.25 3.78 3.34 2.84 2.34 1.84 1.50 1.25 1.09 0.97 0.84 0.75 0.69 0.62 0.56 0.50 0.44 0.38 0.34 0.28 0.22 0.19 0.12
5.38 5.50 5.59 5.69 5.75 5.81 5.84 5.88 5.91 5.91 5.91 5.91 5.91 5.94 6.00 6.06 6.12 6.22 6.28 6.31 6.38 6.38 6.38 6.38 6.38 6.34 6.31 6.28 6.25 6.22 6.19 6.16 6.12 6.09 6.06 6.03 6.00 5.97 5.94 5.91 5.84 5.81 5.75 5.69 5.62 5.56 5.47 5.41 5.31 5.22 5.12 5.03 5.00 4.94 4.72 4.41 3.91 3.41 2.84 2.25 1.75 1.44 1.22 1.03 0.91 0.78 0.69 0.59 0.53 0.47 0.41 0.34 0.28 0.22 0.19 0.12 0.06 0.03 0.00
5.41 5.50 5.59 5.69 5.72 5.78 5.81 5.84 5.84 5.84 5.84 5.84 5.84 5.84 5.91 5.94 6.00 6.06 6.12 6.16 6.19 6.22 6.22 6.22 6.22 6.19 6.16 6.12 6.09 6.06 6.03 6.03 6.00 5.97 5.94 5.91 5.88 5.84 5.78 5.75 5.72 5.66 5.59 5.53 5.44 5.38 5.28 5.22 5.12 5.03 5.00 5.06 5.03 4.81 4.41 3.91 3.41 2.81 2.22 1.72 1.44 1.19 1.00 0.84 0.72 0.62 0.53 0.44 0.38 0.31 0.25 0.19 0.12 0.06 0.03 -0.03 -0.06 -0.12 -0.16
