everonasctiles/Tile11,9.asc
ncols 128
nrows 128
xllcorner 0
yllcorner 0
cellsize 2.0
NODATA_value  -9999
[rows 36 to 71 of 128, columns 0 to 82 of 128]
-0.94 -0.94 -0.91 -0.91 -0.91 -0.91 -0.91 -0.91 -0.88 -0.88 -0.88 -0.84 -0.84 -0.84 -0.88 -0.91 -0.97 -1.00 -1.03 -1.06 -1.09 -1.09 -1.09 -1.06 -1.03 -1.00 -1.00 -0.94 -0.94 -0.91 -0.91 -0.91 -0.91 -0.91 -0.91 -0.91 -0.94 -0.97 -1.06 -1.12 -1.19 -1.22 -1.25 -1.25 -1.25 -1.25 -1.22 -1.19 -1.16 -1.19 -1.22 -1.25 -1.28 -1.31 -1.34 -1.38 -1.41 -1.44 -1.47 -1.50 -1.53 -1.56 -1.59 -1.59 -1.56 -1.53 -1.47 -1.34 -1.22 -1.06 -0.94 -0.81 -0.72 -0.66 -0.62 -0.59 -0.69 -0.81 -0.91 -0.84 -0.72 -0.56 -0.56
-0.81 -0.81 -0.78 -0.78 -0.78 -0.78 -0.75 -0.75 -0.75 -0.72 -0.72 -0.72 -0.72 -0.72 -0.75 -0.81 -0.88 -0.94 -0.97 -1.00 -1.03 -1.03 -1.03 -1.00 -1.00 -0.97 -0.97 -0.94 -0.91 -0.88 -0.88 -0.88 -0.84 -0.84 -0.81 -0.84 -0.88 -0.97 -1.06 -1.12 -1.19 -1.25 -1.28 -1.28 -1.28 -1.25 -1.22 -1.16 -1.12 -1.09 -1.12 -1.12 -1.16 -1.19 -1.22 -1.25 -1.28 -1.31 -1.34 -1.41 -1.44 -1.44 -1.44 -1.44 -1.44 -1.44 -1.38 -1.28 -1.16 -1.00 -0.84 -0.72 -0.62 -0.59 -0.59 -0.59 -0.62 -0.78 -0.84 -0.81 -0.72 -0.66 -0.62
-0.69 -0.66 -0.66 -0.66 -0.62 -0.62 -0.62 -0.62 -0.59 -0.59 -0.56 -0.56 -0.56 -0.59 -0.66 -0.72 -0.78 -0.84 -0.88 -0.91 -0.91 -0.91 -0.94 -0.94 -0.97 -0.97 -0.97 -0.94 -0.91 -0.88 -0.84 -0.84 -0.81 -0.78 -0.78 -0.81 -0.88 -0.97 -1.09 -1.19 -1.25 -1.31 -1.34 -1.31 -1.31 -1.25 -1.22 -1.16 -1.09 -1.03 -1.03 -1.03 -1.06 -1.09 -1.09 -1.12 -1.12 -1.16 -1.19 -1.22 -1.28 -1.31 -1.31 -1.34 -1.34 -1.31 -1.31 -1.28 -1.19 -1.06 -0.94 -0.81 -0.72 -0.66 -0.62 -0.62 -0.66 -0.72 -0.78 -0.81 -0.78 -0.75 -0.75
-0.53 -0.53 -0.50 -0.50 -0.50 -0.47 -0.47 -0.47 -0.44 -0.44 -0.44 -0.41 -0.44 -0.47 -0.53 -0.59 -0.66 -0.72 -0.75 -0.78 -0.78 -0.78 -0.81 -0.88 -0.94 -0.97 -1.00 -1.00 -0.97 -0.94 -0.88 -0.84 -0.78 -0.75 -0.78 -0.81 -0.91 -1.00 -1.12 -1.22 -1.31 -1.38 -1.41 -1.38 -1.34 -1.28 -1.22 -1.12 -1.06 -1.00 -0.94 -0.94 -0.94 -0.94 -0.97 -0.97 -0.97 -0.97 -1.00 -1.03 -1.09 -1.12 -1.16 -1.19 -1.22 -1.22 -1.22 -1.19 -1.19 -1.16 -1.09 -1.00 -0.94 -0.88 -0.78 -0.78 -0.78 -0.75 -0.88 -0.91 -1.03 -1.00 -1.00
-0.22 -0.25 -0.28 -0.31 -0.31 -0.31 -0.31 -0.31 -0.28 -0.28 -0.28 -0.25 -0.28 -0.31 -0.41 -0.47 -0.53 -0.59 -0.62 -0.62 -0.62 -0.66 -0.72 -0.81 -0.94 -1.03 -1.09 -1.09 -1.06 -1.00 -0.94 -0.84 -0.81 -0.78 -0.78 -0.84 -0.88 -0.97 -1.09 -1.19 -1.31 -1.34 -1.34 -1.34 -1.34 -1.28 -1.22 -1.12 -1.03 -0.94 -0.88 -0.84 -0.84 -0.81 -0.81 -0.78 -0.78 -0.78 -0.81 -0.84 -0.88 -0.88 -0.91 -0.97 -1.03 -1.12 -1.12 -1.12 -1.09 -1.09 -1.09 -1.09 -1.12 -1.22 -1.09 -0.94 -0.94 -0.91 -0.91 -1.03 -1.03 -1.06 -0.91
0.09 0.03 0.06 0.03 0.00 -0.03 -0.06 -0.09 -0.12 -0.12 -0.09 -0.09 -0.12 -0.16 -0.25 -0.31 -0.41 -0.44 -0.47 -0.50 -0.50 -0.53 -0.66 -0.81 -1.00 -1.12 -1.19 -1.19 -1.16 -1.06 -0.97 -0.91 -0.84 -0.81 -0.81 -0.81 -0.84 -0.88 -0.91 -1.00 -1.06 -1.16 -1.22 -1.25 -1.28 -1.25 -1.19 -1.06 -0.97 -0.88 -0.78 -0.75 -0.72 -0.69 -0.66 -0.62 -0.62 -0.59 -0.59 -0.62 -0.66 -0.66 -0.66 -0.69 -0.81 -0.94 -1.00 -1.00 -1.00 -1.00 -1.03 -1.06 -1.12 -1.19 -1.22 -1.19 -1.12 -0.97 -0.97 -0.97 -1.09 -1.12 -1.06
0.44 0.38 0.41 0.41 0.34 0.28 0.22 0.12 0.09 0.06 0.06 0.06 0.03 0.00 -0.06 -0.16 -0.22 -0.28 -0.31 -0.34 -0.34 -0.47 -0.66 -0.84 -1.03 -1.19 -1.25 -1.25 -1.19 -1.09 -1.03 -0.94 -0.88 -0.84 -0.84 -0.78 -0.75 -0.72 -0.69 -0.72 -0.78 -0.84 -0.91 -0.97 -1.00 -1.03 -1.03 -0.97 -0.91 -0.78 -0.69 -0.66 -0.59 -0.53 -0.50 -0.47 -0.44 -0.41 -0.41 -0.41 -0.44 -0.44 -0.44 -0.47 -0.59 -0.72 -0.78 -0.81 -0.78 -0.84 -0.91 -1.00 -1.06 -1.09 -1.16 -1.22 -1.31 -1.22 -1.31 -1.34 -1.38 -1.34 -1.22
0.62 0.66 0.72 0.72 0.66 0.59 0.50 0.34 0.28 0.25 0.25 0.25 0.22 0.19 0.12 0.03 -0.06 -0.12 -0.16 -0.19 -0.25 -0.44 -0.66 -0.91 -1.09 -1.25 -1.34 -1.31 -1.25 -1.16 -1.06 -0.97 -0.91 -0.88 -0.84 -0.75 -0.66 -0.56 -0.47 -0.44 -0.44 -0.50 -0.56 -0.59 -0.69 -0.72 -0.72 -0.66 -0.59 -0.53 -0.50 -0.47 -0.44 -0.41 -0.31 -0.28 -0.22 -0.22 -0.22 -0.22 -0.22 -0.22 -0.22 -0.25 -0.38 -0.47 -0.53 -0.50 -0.50 -0.59 -0.78 -0.91 -1.00 -1.06 -1.09 -1.16 -1.22 -1.34 -1.41 -1.44 -1.41 -1.38 -1.38
0.75 0.84 0.91 0.94 0.88 0.81 0.69 0.56 0.47 0.44 0.41 0.41 0.41 0.38 0.31 0.22 0.16 0.09 0.03 -0.06 -0.19 -0.44 -0.72 -0.97 -1.19 -1.34 -1.38 -1.34 -1.25 -1.16 -1.06 -0.97 -0.91 -0.88 -0.81 -0.69 -0.59 -0.44 -0.31 -0.25 -0.25 -0.25 -0.28 -0.28 -0.38 -0.38 -0.38 -0.31 -0.25 -0.19 -0.16 -0.12 -0.12 -0.09 -0.09 -0.06 -0.06 -0.03 -0.03 -0.06 -0.03 0.00 -0.03 -0.09 -0.19 -0.22 -0.25 -0.19 -0.25 -0.34 -0.62 -0.84 -0.97 -1.00 -1.03 -1.09 -1.12 -1.19 -1.28 -1.38 -1.44 -1.47 -1.50
0.78 0.91 0.97 1.03 1.00 0.94 0.84 0.75 0.66 0.62 0.59 0.59 0.59 0.56 0.53 0.44 0.38 0.31 0.22 0.03 -0.16 -0.44 -0.75 -1.03 -1.25 -1.38 -1.38 -1.31 -1.22 -1.12 -1.06 -0.97 -0.91 -0.88 -0.75 -0.66 -0.53 -0.41 -0.28 -0.22 -0.19 -0.16 -0.16 -0.16 -0.16 -0.16 -0.09 0.00 0.09 0.19 0.25 0.22 0.25 0.28 0.28 0.31 0.25 0.19 0.12 0.06 0.09 0.12 0.09 0.03 0.03 0.00 0.03 0.03 0.00 -0.22 -0.53 -0.78 -0.91 -0.94 -0.97 -1.03 -1.09 -1.12 -1.19 -1.25 -1.34 -1.44 -1.56
0.88 0.97 1.03 1.06 1.06 1.03 0.97 0.88 0.84 0.81 0.81 0.78 0.78 0.78 0.72 0.66 0.59 0.50 0.38 0.16 -0.06 -0.38 -0.72 -1.00 -1.19 -1.31 -1.31 -1.25 -1.19 -1.09 -1.03 -0.97 -0.88 -0.78 -0.66 -0.56 -0.47 -0.38 -0.28 -0.28 -0.28 -0.25 -0.25 -0.22 -0.19 -0.12 -0.03 0.09 0.25 0.38 0.50 0.56 0.69 0.75 0.75 0.62 0.56 0.44 0.38 0.28 0.25 0.22 0.19 0.09 0.12 0.12 0.22 0.22 0.09 -0.19 -0.50 -0.75 -0.81 -0.88 -0.91 -0.97 -1.00 -1.06 -1.12 -1.19 -1.25 -1.31 -1.41
1.03 1.03 1.09 1.12 1.12 1.12 1.06 1.03 1.03 1.00 1.00 1.00 0.97 0.97 0.94 0.91 0.81 0.69 0.53 0.31 0.03 -0.28 -0.62 -0.91 -1.12 -1.25 -1.28 -1.25 -1.19 -1.09 -1.00 -0.91 -0.78 -0.66 -0.50 -0.41 -0.34 -0.25 -0.19 -0.19 -0.22 -0.22 -0.22 -0.19 -0.12 -0.06 0.06 0.19 0.34 0.47 0.59 0.72 0.88 1.00 1.03 0.97 0.88 0.72 0.59 0.50 0.47 0.47 0.41 0.31 0.28 0.28 0.31 0.25 0.12 -0.19 -0.50 -0.69 -0.75 -0.78 -0.84 -0.88 -0.94 -1.00 -1.03 -1.09 -1.16 -1.22 -1.25
1.31 1.28 1.28 1.28 1.28 1.25 1.25 1.22 1.22 1.22 1.22 1.19 1.19 1.16 1.16 1.12 1.00 0.88 0.72 0.44 0.16 -0.16 -0.53 -0.84 -1.06 -1.19 -1.25 -1.22 -1.19 -1.09 -0.97 -0.84 -0.69 -0.50 -0.31 -0.19 -0.09 -0.03 -0.03 -0.06 -0.06 -0.09 -0.09 -0.06 0.00 0.09 0.19 0.31 0.47 0.56 0.66 0.78 0.94 1.09 1.06 1.00 0.88 0.81 0.75 0.75 0.78 0.75 0.66 0.62 0.53 0.47 0.41 0.28 0.06 -0.22 -0.47 -0.59 -0.66 -0.69 -0.75 -0.81 -0.84 -0.91 -0.94 -1.00 -1.06 -1.12 -1.16
1.59 1.53 1.53 1.53 1.53 1.50 1.47 1.47 1.44 1.44 1.41 1.41 1.38 1.38 1.34 1.31 1.19 1.09 0.91 0.62 0.31 -0.03 -0.44 -0.72 -0.94 -1.09 -1.19 -1.19 -1.16 -1.09 -0.97 -0.75 -0.53 -0.31 -0.09 0.09 0.16 0.19 0.16 0.09 0.09 0.06 0.09 0.12 0.16 0.25 0.34 0.44 0.56 0.62 0.69 0.78 0.88 0.97 1.00 0.94 0.84 0.75 0.72 0.78 0.84 0.94 0.94 0.91 0.81 0.72 0.56 0.38 0.09 -0.16 -0.41 -0.50 -0.56 -0.59 -0.66 -0.72 -0.75 -0.81 -0.84 -0.91 -0.97 -1.00 -1.03
1.84 1.81 1.81 1.78 1.78 1.75 1.72 1.72 1.69 1.66 1.62 1.62 1.59 1.56 1.53 1.47 1.38 1.25 1.06 0.78 0.44 0.09 -0.31 -0.62 -0.88 -1.06 -1.16 -1.19 -1.16 -1.03 -0.91 -0.62 -0.34 -0.06 0.16 0.34 0.44 0.44 0.38 0.31 0.28 0.25 0.28 0.31 0.34 0.44 0.50 0.59 0.66 0.69 0.69 0.72 0.78 0.81 0.84 0.78 0.75 0.75 0.75 0.81 0.84 0.88 0.88 0.91 0.88 0.81 0.69 0.47 0.25 0.03 -0.16 -0.28 -0.41 -0.50 -0.56 -0.62 -0.66 -0.72 -0.75 -0.81 -0.84 -0.81 -0.78
2.12 2.09 2.09 2.06 2.06 2.03 2.00 1.97 1.94 1.91 1.88 1.84 1.81 1.78 1.75 1.66 1.53 1.41 1.16 0.84 0.47 0.09 -0.28 -0.59 -0.84 -1.03 -1.12 -1.19 -1.12 -0.97 -0.78 -0.47 -0.12 0.19 0.41 0.62 0.66 0.66 0.59 0.56 0.50 0.50 0.50 0.53 0.56 0.62 0.69 0.72 0.72 0.72 0.72 0.72 0.69 0.72 0.72 0.72 0.72 0.72 0.72 0.75 0.75 0.75 0.72 0.72 0.72 0.72 0.66 0.59 0.47 0.31 0.16 0.06 -0.09 -0.25 -0.38 -0.50 -0.56 -0.62 -0.66 -0.69 -0.66 -0.53 -0.44
2.41 2.41 2.38 2.34 2.31 2.28 2.25 2.22 2.19 2.16 2.12 2.09 2.06 2.00 1.97 1.84 1.72 1.53 1.28 0.88 0.47 0.09 -0.28 -0.59 -0.81 -0.97 -1.06 -1.09 -1.00 -0.81 -0.59 -0.25 0.12 0.41 0.69 0.84 0.88 0.81 0.78 0.75 0.72 0.72 0.72 0.72 0.75 0.75 0.78 0.78 0.78 0.75 0.75 0.72 0.72 0.72 0.69 0.69 0.69 0.69 0.72 0.72 0.69 0.66 0.66 0.62 0.59 0.59 0.56 0.53 0.53 0.53 0.47 0.38 0.22 0.09 -0.06 -0.25 -0.41 -0.50 -0.56 -0.53 -0.38 -0.19 -0.09
2.69 2.69 2.66 2.62 2.59 2.53 2.50 2.47 2.47 2.44 2.41 2.38 2.31 2.28 2.22 2.09 1.94 1.69 1.38 0.97 0.56 0.16 -0.19 -0.50 -0.69 -0.81 -0.91 -0.91 -0.81 -0.62 -0.38 -0.03 0.34 0.66 0.91 1.03 1.06 1.00 0.94 0.91 0.88 0.84 0.84 0.84 0.84 0.84 0.84 0.84 0.81 0.81 0.78 0.78 0.75 0.75 0.75 0.72 0.72 0.72 0.69 0.69 0.69 0.66 0.66 0.62 0.62 0.59 0.59 0.56 0.56 0.56 0.53 0.50 0.50 0.41 0.25 0.09 -0.06 -0.25 -0.38 -0.34 -0.16 0.03 0.06
3.06 3.00 3.00 2.94 2.88 2.84 2.81 2.81 2.78 2.75 2.69 2.66 2.59 2.56 2.50 2.38 2.19 1.94 1.62 1.19 0.75 0.31 -0.03 -0.31 -0.50 -0.62 -0.69 -0.69 -0.56 -0.38 -0.09 0.22 0.59 0.88 1.09 1.19 1.22 1.16 1.09 1.06 1.03 1.00 0.97 0.97 0.94 0.94 0.91 0.88 0.88 0.88 0.84 0.84 0.81 0.81 0.78 0.78 0.78 0.75 0.75 0.72 0.72 0.69 0.69 0.66 0.66 0.62 0.62 0.62 0.59 0.59 0.56 0.56 0.53 0.47 0.47 0.41 0.25 0.09 -0.03 -0.03 0.06 0.16 0.06
4.22 4.28 4.19 3.72 3.44 3.34 3.31 3.25 3.16 3.09 3.06 3.00 2.97 2.91 2.84 2.69 2.47 2.19 1.81 1.38 0.94 0.56 0.25 0.00 -0.12 -0.22 -0.31 -0.28 -0.22 -0.03 0.22 0.53 0.88 1.12 1.28 1.38 1.34 1.31 1.28 1.25 1.22 1.19 1.16 1.12 1.09 1.06 1.03 1.03 0.97 0.94 0.91 0.88 0.88 0.88 0.84 0.84 0.84 0.81 0.81 0.78 0.78 0.75 0.72 0.72 0.69 0.69 0.66 0.66 0.62 0.62 0.62 0.59 0.56 0.53 0.50 0.50 0.53 0.44 0.28 0.22 0.25 0.22 0.09
4.41 4.44 4.53 4.47 4.34 4.25 4.16 4.06 3.97 3.91 3.84 3.69 3.59 3.50 3.28 3.00 2.78 2.44 2.00 1.53 1.09 0.72 0.41 0.16 0.03 0.00 0.06 0.12 0.22 0.34 0.59 0.88 1.12 1.31 1.44 1.50 1.47 1.44 1.41 1.38 1.34 1.31 1.28 1.25 1.22 1.19 1.16 1.12 1.09 1.09 1.06 1.03 1.00 0.94 0.91 0.91 0.91 0.88 0.88 0.84 0.81 0.81 0.78 0.75 0.75 0.72 0.69 0.69 0.69 0.66 0.66 0.62 0.62 0.59 0.56 0.53 0.53 0.59 0.56 0.50 0.44 0.34 0.22
4.88 4.88 4.88 4.84 4.78 4.72 4.69 4.59 4.50 4.44 4.38 4.28 4.16 4.03 3.88 3.56 3.31 2.84 2.41 1.91 1.47 1.09 0.66 0.28 0.09 0.12 0.25 0.44 0.53 0.69 0.91 1.16 1.38 1.53 1.66 1.72 1.69 1.62 1.56 1.53 1.50 1.47 1.44 1.41 1.38 1.34 1.31 1.28 1.25 1.22 1.19 1.16 1.12 1.09 1.06 1.00 0.97 0.94 0.94 0.91 0.88 0.84 0.84 0.81 0.78 0.78 0.75 0.75 0.72 0.72 0.69 0.69 0.66 0.62 0.62 0.59 0.59 0.59 0.59 0.62 0.59 0.53 0.38
5.19 5.22 5.22 5.19 5.16 5.12 5.09 5.00 4.94 4.88 4.81 4.69 4.50 4.31 4.06 3.72 3.44 3.28 2.72 2.25 1.81 1.41 0.75 0.28 0.12 0.25 0.44 0.66 0.78 1.00 1.28 1.53 1.72 1.84 1.94 1.94 1.91 1.84 1.78 1.72 1.66 1.62 1.59 1.59 1.53 1.50 1.47 1.41 1.38 1.34 1.31 1.28 1.25 1.22 1.19 1.12 1.09 1.06 1.03 0.97 0.94 0.91 0.91 0.88 0.84 0.81 0.81 0.78 0.78 0.75 0.75 0.72 0.72 0.69 0.66 0.66 0.66 0.62 0.62 0.62 0.59 0.56 0.53
5.50 5.53 5.56 5.53 5.53 5.50 5.47 5.38 5.31 5.22 5.09 4.97 4.75 4.53 4.19 3.81 3.47 3.19 2.78 2.44 2.06 1.44 0.72 0.31 0.31 0.72 0.75 0.91 1.16 1.44 1.88 2.16 2.34 2.31 2.31 2.47 2.28 2.28 2.16 2.06 2.00 1.91 1.84 1.78 1.75 1.69 1.62 1.59 1.53 1.50 1.47 1.44 1.38 1.34 1.31 1.28 1.25 1.19 1.16 1.12 1.06 1.03 0.97 0.94 0.91 0.88 0.88 0.84 0.84 0.81 0.84 0.84 0.81 0.78 0.75 0.69 0.69 0.69 0.66 0.66 0.62 0.59 0.53
5.78 5.84 5.84 5.84 5.88 5.84 5.84 5.75 5.62 5.50 5.34 5.16 4.91 4.62 4.22 3.81 3.44 2.94 2.75 2.50 2.06 1.28 0.62 0.41 0.47 0.84 1.22 1.34 1.66 2.03 2.56 3.06 3.00 2.94 2.88 2.72 2.81 2.84 2.84 2.66 2.50 2.38 2.22 2.03 1.94 1.88 1.81 1.78 1.72 1.69 1.66 1.59 1.56 1.50 1.47 1.41 1.38 1.31 1.28 1.25 1.19 1.16 1.12 1.09 1.03 0.97 0.91 0.91 0.91 0.94 0.94 0.97 1.00 0.97 0.94 0.84 0.78 0.72 0.72 0.69 0.69 0.62 0.59
6.06 6.09 6.12 6.12 6.16 6.19 6.16 6.06 5.94 5.75 5.53 5.28 5.09 4.88 4.47 3.94 3.44 3.00 2.72 2.53 1.97 1.22 0.75 0.53 0.81 1.22 1.56 1.78 2.09 2.62 2.97 3.25 3.50 3.56 3.66 3.69 3.75 3.66 3.66 3.31 3.00 2.69 2.53 2.38 2.25 2.12 2.03 1.97 1.97 1.91 1.84 1.81 1.75 1.69 1.62 1.59 1.53 1.47 1.44 1.38 1.34 1.31 1.25 1.22 1.16 1.09 1.06 1.00 0.97 1.03 1.06 1.16 1.19 1.19 1.12 1.03 0.94 0.88 0.81 0.75 0.72 0.69 0.66
6.25 6.28 6.44 6.47 6.41 6.34 6.25 6.12 5.97 5.75 5.53 5.38 5.31 5.12 4.75 4.25 3.69 3.16 2.81 2.59 1.97 1.31 0.88 0.88 1.28 1.75 1.91 2.19 2.66 3.31 3.75 4.09 4.47 4.44 4.59 4.59 4.66 4.41 3.97 3.84 3.38 3.16 2.97 2.72 2.53 2.34 2.28 2.22 2.19 2.19 2.16 2.06 2.00 1.94 1.88 1.81 1.75 1.69 1.62 1.56 1.50 1.47 1.41 1.34 1.28 1.25 1.19 1.12 1.09 1.09 1.16 1.25 1.34 1.38 1.31 1.22 1.12 1.03 0.97 0.91 0.88 0.78 0.72
6.28 6.34 6.44 6.47 6.41 6.34 6.25 6.09 5.91 5.69 5.47 5.34 5.34 5.09 4.84 4.62 4.16 3.62 3.16 2.56 1.84 1.22 1.00 1.34 1.81 2.09 2.31 2.66 3.22 4.09 4.41 5.00 5.09 5.12 5.28 5.38 5.28 4.81 4.22 3.88 3.50 3.06 3.12 3.16 2.84 2.88 2.75 2.72 2.53 2.47 2.44 2.34 2.28 2.19 2.09 2.00 1.94 1.88 1.81 1.75 1.69 1.62 1.56 1.50 1.44 1.38 1.31 1.25 1.22 1.22 1.25 1.31 1.41 1.44 1.41 1.34 1.28 1.19 1.12 1.09 1.00 0.91 0.81
6.31 6.34 6.41 6.41 6.41 6.34 6.22 6.06 5.81 5.59 5.34 5.22 5.16 4.94 4.91 5.00 4.81 4.34 3.59 2.41 1.50 1.06 1.09 1.62 2.22 2.44 2.72 3.12 3.81 4.31 4.78 5.12 5.28 5.28 5.53 5.72 5.72 5.50 4.75 4.34 3.91 3.47 3.41 3.44 3.44 3.44 3.44 3.25 3.03 2.81 2.84 2.69 2.56 2.44 2.34 2.22 2.12 2.03 1.97 1.94 1.88 1.81 1.75 1.66 1.59 1.53 1.47 1.41 1.34 1.31 1.31 1.34 1.38 1.41 1.41 1.38 1.31 1.28 1.25 1.22 1.12 1.06 0.97
6.28 6.34 6.38 6.38 6.38 6.31 6.19 5.94 5.69 5.44 5.19 5.06 5.03 4.78 4.81 5.06 5.06 4.66 3.84 2.28 1.16 0.81 1.00 1.75 2.50 3.09 3.62 3.78 4.09 4.91 5.34 5.47 5.66 5.56 5.78 5.84 5.91 5.81 5.47 4.94 4.38 3.88 3.75 3.88 4.25 4.41 4.22 3.94 3.75 3.28 3.03 2.88 2.84 2.81 2.66 2.53 2.41 2.28 2.19 2.09 2.06 2.00 1.94 1.84 1.78 1.69 1.62 1.53 1.47 1.41 1.38 1.38 1.38 1.38 1.31 1.31 1.28 1.28 1.28 1.25 1.22 1.16 1.06
6.28 6.31 6.34 6.34 6.34 6.25 6.09 5.84 5.56 5.28 5.00 5.00 5.00 4.81 4.78 4.94 4.69 4.34 3.56 2.09 1.00 0.72 0.97 1.75 2.69 3.81 4.66 4.41 4.34 4.94 5.50 5.44 5.66 5.72 5.75 5.81 5.94 6.06 5.88 5.75 5.22 4.69 4.44 4.47 4.75 5.25 5.31 5.31 4.84 4.31 4.00 3.78 3.25 3.03 2.91 2.91 2.78 2.66 2.53 2.41 2.28 2.19 2.12 2.06 1.97 1.88 1.78 1.69 1.62 1.53 1.44 1.41 1.34 1.31 1.28 1.22 1.22 1.22 1.25 1.22 1.22 1.19 1.12
6.25 6.28 6.31 6.34 6.31 6.22 5.97 5.72 5.41 5.12 4.84 4.91 5.09 4.91 4.75 4.44 4.00 3.50 2.84 1.75 0.91 0.75 1.03 1.78 2.81 4.19 4.56 4.75 4.78 5.25 5.62 5.78 5.84 5.88 5.94 6.00 6.06 6.09 6.16 6.06 5.91 5.41 5.25 5.44 5.47 5.91 6.25 6.28 5.97 5.28 5.03 4.41 4.25 3.72 3.47 3.19 3.06 3.00 2.88 2.72 2.56 2.44 2.31 2.22 2.12 2.03 1.94 1.84 1.75 1.66 1.62 1.56 1.50 1.41 1.28 1.22 1.16 1.16 1.16 1.16 1.16 1.19 1.19
6.16 6.22 6.28 6.28 6.28 6.09 5.81 5.53 5.28 4.94 4.66 4.66 4.84 4.72 4.25 3.75 3.06 2.56 2.12 1.38 0.75 0.66 1.06 1.81 2.94 4.44 4.75 5.12 5.06 5.47 5.78 5.78 5.88 5.97 6.06 6.12 6.22 6.28 6.50 6.34 6.38 6.25 6.19 6.12 6.25 6.53 6.56 6.56 6.38 6.31 5.84 5.41 5.09 4.59 4.50 4.06 3.62 3.53 3.31 3.22 3.06 2.88 2.72 2.53 2.38 2.25 2.16 2.03 1.94 1.88 1.81 1.81 1.75 1.66 1.53 1.34 1.22 1.16 1.12 1.09 1.16 1.19 1.25
6.03 6.12 6.19 6.19 6.16 5.91 5.62 5.34 5.03 4.69 4.38 4.19 4.22 4.12 3.75 3.06 2.41 2.03 1.69 1.12 0.66 0.66 1.12 1.84 3.00 4.53 4.62 4.84 4.84 5.28 5.62 5.75 5.91 6.00 6.09 6.19 6.28 6.34 6.31 6.16 6.00 6.09 6.41 6.41 6.62 6.62 6.56 6.62 6.34 6.31 6.31 6.12 6.00 5.66 5.34 5.09 4.66 4.22 3.62 3.53 3.44 3.25 3.06 2.88 2.69 2.53 2.38 2.22 2.12 2.09 2.09 2.12 2.09 2.03 1.88 1.66 1.41 1.28 1.19 1.12 1.19 1.28 1.34
5.91 5.97 6.03 6.00 5.94 5.69 5.41 5.12 4.81 4.44 4.09 3.72 3.41 3.22 2.88 2.41 2.00 1.78 1.47 1.00 0.69 0.72 1.22 1.94 2.84 3.91 4.25 4.25 4.53 4.97 5.47 5.72 5.88 6.00 6.12 6.22 6.31 6.38 6.38 6.25 6.19 6.09 6.41 6.47 6.44 6.25 6.28 6.50 6.53 6.62 6.44 6.62 6.66 6.22 5.97 5.66 5.25 4.84 4.50 4.09 3.91 3.69 3.47 3.28 3.06 2.88 2.69 2.53 2.38 2.28 2.31 2.34 2.38 2.34 2.19 1.94 1.69 1.47 1.34 1.31 1.38 1.50 1.56
5.75 5.81 5.81 5.78 5.72 5.47 5.19 4.91 4.56 4.22 3.88 3.41 2.84 2.28 2.03 1.88 1.75 1.59 1.44 1.28 1.12 0.97 1.34 1.97 2.56 3.12 3.56 3.97 4.50 4.97 5.44 5.72 5.88 6.00 6.12 6.25 6.34 6.41 6.41 6.38 6.25 6.16 5.91 6.03 6.00 6.06 6.09 6.38 6.47 6.47 6.72 6.81 6.75 6.66 6.31 6.19 5.97 5.78 5.34 4.81 4.16 3.97 3.88 3.81 3.50 3.25 3.03 2.81 2.62 2.50 2.50 2.53 2.59 2.56 2.44 2.22 1.97 1.78 1.69 1.66 1.69 1.78 1.78
