everonasctiles/Tile19,13.asc
ncols 128
nrows 128
xllcorner 0
yllcorner 0
cellsize 2.0
NODATA_value  -9999
[rows 66 to 98 of 128, columns 0 to 74 of 128]
4.34 3.69 3.53 3.62 3.53 2.88 2.06 1.53 1.38 1.25 1.12 1.12 1.19 1.16 0.88 0.47 0.12 -0.09 -0.28 -0.47 -0.69 -0.88 -1.09 -1.31 -1.56 -1.81 -2.06 -2.31 -2.59 -2.88 -3.16 -3.44 -3.72 -4.00 -4.31 -4.59 -4.88 -5.12 -5.41 -5.69 -5.94 -6.19 -6.44 -6.66 -6.88 -7.09 -7.31 -7.56 -7.78 -8.00 -8.16 -8.25 -8.34 -8.44 -8.53 -8.62 -8.72 -8.84 -8.97 -9.09 -9.22 -9.34 -9.50 -9.62 -9.78 -9.97 -10.16 -10.38 -10.59 -10.81 -11.00 -11.19 -11.31 -11.44 -11.50
4.53 3.84 3.62 3.84 3.69 3.00 2.12 1.56 1.41 1.25 1.06 1.09 1.19 1.16 0.84 0.44 0.06 -0.12 -0.31 -0.50 -0.69 -0.91 -1.12 -1.31 -1.56 -1.78 -2.03 -2.28 -2.53 -2.84 -3.12 -3.41 -3.66 -3.94 -4.22 -4.50 -4.75 -5.03 -5.28 -5.56 -5.81 -6.06 -6.28 -6.53 -6.75 -6.97 -7.19 -7.41 -7.62 -7.84 -8.03 -8.19 -8.31 -8.41 -8.50 -8.62 -8.75 -8.88 -9.00 -9.12 -9.25 -9.41 -9.56 -9.72 -9.88 -10.03 -10.22 -10.44 -10.62 -10.84 -11.03 -11.19 -11.31 -11.41 -11.47
5.06 4.25 3.69 3.88 3.75 3.03 2.12 1.59 1.41 1.19 1.00 1.06 1.19 1.19 0.84 0.41 0.00 -0.16 -0.34 -0.53 -0.72 -0.91 -1.12 -1.31 -1.53 -1.75 -1.97 -2.22 -2.47 -2.75 -3.06 -3.34 -3.59 -3.88 -4.12 -4.41 -4.66 -4.94 -5.19 -5.44 -5.69 -5.94 -6.16 -6.41 -6.62 -6.84 -7.03 -7.25 -7.47 -7.69 -7.91 -8.09 -8.25 -8.38 -8.47 -8.59 -8.72 -8.84 -9.00 -9.12 -9.28 -9.44 -9.59 -9.75 -9.91 -10.09 -10.28 -10.47 -10.66 -10.84 -11.03 -11.19 -11.31 -11.41 -11.47
5.66 4.75 4.09 4.00 3.81 3.06 2.19 1.59 1.34 1.09 0.97 1.09 1.19 1.19 0.84 0.41 0.00 -0.16 -0.34 -0.53 -0.72 -0.91 -1.09 -1.28 -1.50 -1.72 -1.94 -2.16 -2.44 -2.69 -3.00 -3.28 -3.53 -3.81 -4.06 -4.31 -4.56 -4.84 -5.09 -5.34 -5.56 -5.81 -6.03 -6.28 -6.50 -6.72 -6.91 -7.12 -7.31 -7.53 -7.75 -7.97 -8.16 -8.28 -8.44 -8.56 -8.69 -8.84 -8.97 -9.12 -9.28 -9.44 -9.59 -9.75 -9.94 -10.09 -10.28 -10.47 -10.66 -10.81 -11.00 -11.16 -11.28 -11.38 -11.47
5.97 5.06 4.44 4.16 3.91 3.09 2.22 1.59 1.28 1.12 1.03 1.16 1.25 1.22 0.81 0.38 0.03 -0.16 -0.34 -0.50 -0.69 -0.88 -1.06 -1.25 -1.47 -1.69 -1.91 -2.09 -2.34 -2.62 -2.91 -3.22 -3.47 -3.72 -3.97 -4.22 -4.47 -4.72 -4.97 -5.22 -5.47 -5.69 -5.94 -6.16 -6.38 -6.59 -6.78 -7.00 -7.19 -7.38 -7.59 -7.84 -8.03 -8.19 -8.34 -8.50 -8.62 -8.78 -8.91 -9.06 -9.22 -9.41 -9.56 -9.72 -9.91 -10.09 -10.28 -10.44 -10.62 -10.81 -10.97 -11.12 -11.25 -11.34 -11.44
6.25 5.31 4.75 4.25 3.78 3.03 2.25 1.59 1.38 1.25 1.16 1.22 1.25 1.09 0.72 0.31 0.03 -0.12 -0.31 -0.50 -0.66 -0.84 -1.03 -1.22 -1.41 -1.59 -1.84 -2.03 -2.25 -2.53 -2.81 -3.12 -3.41 -3.66 -3.88 -4.12 -4.38 -4.62 -4.88 -5.09 -5.34 -5.56 -5.81 -6.03 -6.25 -6.47 -6.66 -6.88 -7.06 -7.25 -7.44 -7.66 -7.91 -8.09 -8.25 -8.41 -8.56 -8.72 -8.84 -9.00 -9.19 -9.34 -9.50 -9.69 -9.88 -10.03 -10.22 -10.41 -10.59 -10.75 -10.94 -11.09 -11.22 -11.31 -11.41
6.25 5.53 4.88 4.38 3.72 3.00 2.34 1.81 1.56 1.38 1.28 1.22 1.25 0.97 0.62 0.28 0.06 -0.12 -0.28 -0.47 -0.66 -0.84 -1.03 -1.22 -1.41 -1.56 -1.75 -1.97 -2.19 -2.44 -2.75 -3.06 -3.31 -3.56 -3.81 -4.06 -4.28 -4.53 -4.75 -5.00 -5.22 -5.47 -5.69 -5.91 -6.12 -6.31 -6.53 -6.75 -6.94 -7.12 -7.31 -7.50 -7.75 -7.97 -8.16 -8.31 -8.47 -8.62 -8.78 -8.94 -9.09 -9.28 -9.44 -9.62 -9.81 -9.97 -10.16 -10.34 -10.53 -10.69 -10.88 -11.03 -11.16 -11.28 -11.38
6.16 5.66 4.94 4.41 3.84 3.16 2.56 2.06 1.81 1.50 1.28 1.16 1.03 0.81 0.50 0.25 0.09 -0.09 -0.28 -0.50 -0.69 -0.88 -1.06 -1.22 -1.38 -1.53 -1.69 -1.88 -2.12 -2.31 -2.62 -3.00 -3.25 -3.50 -3.72 -3.97 -4.19 -4.44 -4.66 -4.91 -5.12 -5.34 -5.56 -5.78 -6.00 -6.19 -6.41 -6.59 -6.81 -7.00 -7.19 -7.34 -7.59 -7.81 -8.03 -8.22 -8.38 -8.53 -8.69 -8.84 -9.03 -9.19 -9.38 -9.53 -9.72 -9.91 -10.09 -10.28 -10.44 -10.62 -10.81 -10.97 -11.12 -11.25 -11.34
6.31 5.84 5.16 4.53 4.03 3.41 2.94 2.59 2.31 1.88 1.34 1.06 0.91 0.69 0.44 0.28 0.09 -0.09 -0.31 -0.50 -0.72 -0.91 -1.09 -1.25 -1.41 -1.53 -1.66 -1.81 -2.03 -2.25 -2.53 -2.91 -3.19 -3.41 -3.66 -3.88 -4.09 -4.34 -4.56 -4.78 -5.00 -5.22 -5.44 -5.66 -5.88 -6.06 -6.28 -6.47 -6.69 -6.88 -7.03 -7.22 -7.44 -7.69 -7.88 -8.06 -8.25 -8.44 -8.59 -8.75 -8.91 -9.09 -9.28 -9.44 -9.62 -9.81 -10.00 -10.19 -10.38 -10.56 -10.72 -10.91 -11.03 -11.19 -11.31
6.53 6.00 5.34 4.59 4.16 3.56 3.22 3.00 2.84 2.28 1.56 1.03 0.78 0.62 0.47 0.28 0.12 -0.09 -0.31 -0.53 -0.75 -0.97 -1.16 -1.31 -1.44 -1.53 -1.66 -1.75 -1.94 -2.16 -2.44 -2.81 -3.12 -3.34 -3.56 -3.78 -4.03 -4.25 -4.47 -4.69 -4.91 -5.12 -5.34 -5.53 -5.75 -5.97 -6.16 -6.34 -6.56 -6.72 -6.91 -7.09 -7.28 -7.53 -7.75 -7.94 -8.12 -8.31 -8.47 -8.66 -8.81 -9.00 -9.16 -9.34 -9.53 -9.72 -9.91 -10.09 -10.28 -10.47 -10.66 -10.81 -10.97 -11.12 -11.25
6.59 5.97 5.34 4.56 4.19 3.78 3.59 3.47 3.38 2.69 1.81 1.06 0.78 0.62 0.47 0.31 0.12 -0.09 -0.31 -0.56 -0.81 -1.03 -1.25 -1.41 -1.53 -1.59 -1.69 -1.75 -1.88 -2.09 -2.34 -2.72 -3.03 -3.28 -3.50 -3.72 -3.94 -4.16 -4.38 -4.59 -4.81 -5.00 -5.22 -5.44 -5.62 -5.84 -6.03 -6.22 -6.41 -6.59 -6.78 -6.97 -7.12 -7.38 -7.59 -7.78 -7.97 -8.19 -8.38 -8.53 -8.72 -8.88 -9.06 -9.25 -9.44 -9.59 -9.78 -9.97 -10.16 -10.38 -10.56 -10.72 -10.91 -11.03 -11.19
6.53 5.91 5.22 4.53 4.34 4.16 3.97 3.72 3.34 2.66 1.88 1.12 0.78 0.62 0.50 0.34 0.12 -0.09 -0.34 -0.59 -0.88 -1.12 -1.34 -1.47 -1.59 -1.69 -1.72 -1.75 -1.84 -2.03 -2.28 -2.62 -2.97 -3.19 -3.41 -3.62 -3.84 -4.06 -4.28 -4.50 -4.69 -4.91 -5.12 -5.31 -5.53 -5.72 -5.91 -6.09 -6.28 -6.47 -6.66 -6.81 -7.00 -7.22 -7.44 -7.62 -7.84 -8.06 -8.25 -8.44 -8.59 -8.78 -8.94 -9.12 -9.31 -9.50 -9.69 -9.88 -10.06 -10.25 -10.44 -10.62 -10.81 -10.97 -11.12
6.41 5.78 4.97 4.41 4.50 4.59 4.41 3.75 3.06 2.34 1.69 1.12 0.81 0.66 0.50 0.34 0.16 -0.09 -0.34 -0.62 -0.91 -1.19 -1.38 -1.56 -1.66 -1.72 -1.78 -1.81 -1.84 -1.97 -2.22 -2.56 -2.91 -3.12 -3.31 -3.53 -3.75 -3.97 -4.19 -4.38 -4.59 -4.81 -5.00 -5.22 -5.41 -5.59 -5.78 -6.00 -6.19 -6.34 -6.53 -6.69 -6.88 -7.06 -7.31 -7.50 -7.69 -7.91 -8.12 -8.31 -8.47 -8.66 -8.84 -9.03 -9.22 -9.41 -9.59 -9.78 -9.97 -10.16 -10.34 -10.53 -10.72 -10.88 -11.03
6.16 5.56 4.75 4.28 4.53 4.75 4.38 3.41 2.44 1.78 1.47 1.16 0.88 0.69 0.50 0.38 0.16 -0.09 -0.34 -0.62 -0.91 -1.19 -1.41 -1.59 -1.69 -1.75 -1.78 -1.81 -1.84 -1.91 -2.16 -2.50 -2.81 -3.03 -3.25 -3.47 -3.66 -3.88 -4.09 -4.28 -4.50 -4.69 -4.91 -5.09 -5.28 -5.50 -5.69 -5.88 -6.06 -6.25 -6.41 -6.56 -6.75 -6.94 -7.16 -7.38 -7.53 -7.75 -7.97 -8.16 -8.34 -8.53 -8.72 -8.91 -9.09 -9.28 -9.47 -9.66 -9.84 -10.03 -10.25 -10.44 -10.62 -10.78 -10.97
5.84 5.38 4.69 4.22 4.34 4.53 4.06 3.00 2.12 1.69 1.53 1.25 1.00 0.75 0.53 0.41 0.19 -0.06 -0.31 -0.59 -0.88 -1.16 -1.41 -1.56 -1.69 -1.75 -1.78 -1.81 -1.84 -1.91 -2.09 -2.44 -2.75 -2.97 -3.16 -3.38 -3.56 -3.78 -4.00 -4.19 -4.41 -4.59 -4.78 -5.00 -5.19 -5.38 -5.56 -5.75 -5.94 -6.12 -6.28 -6.47 -6.62 -6.81 -7.03 -7.22 -7.41 -7.59 -7.84 -8.03 -8.22 -8.41 -8.56 -8.75 -8.94 -9.16 -9.34 -9.53 -9.72 -9.94 -10.12 -10.31 -10.50 -10.69 -10.88
5.62 5.31 4.69 4.19 4.25 4.19 3.53 2.62 1.94 1.75 1.72 1.53 1.16 0.84 0.56 0.41 0.25 0.00 -0.28 -0.56 -0.81 -1.09 -1.31 -1.50 -1.66 -1.72 -1.78 -1.81 -1.81 -1.88 -2.03 -2.38 -2.69 -2.88 -3.09 -3.28 -3.50 -3.69 -3.91 -4.09 -4.28 -4.50 -4.69 -4.88 -5.06 -5.25 -5.44 -5.62 -5.81 -6.00 -6.16 -6.34 -6.50 -6.69 -6.88 -7.09 -7.25 -7.47 -7.72 -7.91 -8.06 -8.25 -8.44 -8.62 -8.81 -9.00 -9.22 -9.41 -9.59 -9.81 -10.00 -10.22 -10.41 -10.59 -10.78
5.41 5.12 4.59 4.28 4.28 4.09 3.34 2.53 1.97 2.00 1.97 1.81 1.34 0.94 0.59 0.44 0.28 0.06 -0.19 -0.47 -0.72 -0.97 -1.22 -1.44 -1.56 -1.66 -1.72 -1.75 -1.78 -1.84 -2.00 -2.25 -2.59 -2.81 -3.00 -3.19 -3.41 -3.59 -3.81 -4.00 -4.19 -4.41 -4.59 -4.78 -4.97 -5.16 -5.34 -5.53 -5.72 -5.88 -6.06 -6.22 -6.38 -6.56 -6.75 -6.97 -7.12 -7.31 -7.56 -7.78 -7.94 -8.12 -8.31 -8.50 -8.69 -8.88 -9.09 -9.28 -9.47 -9.69 -9.88 -10.09 -10.28 -10.50 -10.69
5.38 5.09 4.69 4.50 4.59 4.38 3.56 2.66 1.97 1.88 2.00 1.91 1.50 1.06 0.66 0.47 0.34 0.16 -0.09 -0.34 -0.59 -0.84 -1.09 -1.31 -1.47 -1.56 -1.62 -1.69 -1.75 -1.81 -1.94 -2.16 -2.50 -2.72 -2.91 -3.12 -3.31 -3.50 -3.72 -3.91 -4.09 -4.28 -4.50 -4.69 -4.88 -5.06 -5.25 -5.41 -5.59 -5.78 -5.94 -6.09 -6.28 -6.44 -6.62 -6.84 -7.00 -7.19 -7.44 -7.62 -7.81 -8.00 -8.19 -8.38 -8.56 -8.75 -8.97 -9.16 -9.38 -9.56 -9.78 -9.97 -10.19 -10.38 -10.59
5.56 5.34 5.03 4.84 4.88 4.69 4.00 2.88 1.97 1.69 1.84 1.84 1.50 1.09 0.69 0.50 0.38 0.22 0.03 -0.22 -0.47 -0.72 -0.97 -1.16 -1.31 -1.44 -1.53 -1.62 -1.72 -1.78 -1.91 -2.06 -2.34 -2.62 -2.84 -3.03 -3.22 -3.41 -3.62 -3.81 -4.00 -4.19 -4.38 -4.56 -4.75 -4.94 -5.12 -5.31 -5.50 -5.66 -5.84 -6.00 -6.16 -6.31 -6.53 -6.72 -6.88 -7.06 -7.31 -7.50 -7.69 -7.88 -8.06 -8.25 -8.44 -8.66 -8.84 -9.03 -9.25 -9.44 -9.66 -9.88 -10.06 -10.28 -10.50
5.62 5.47 5.28 5.12 5.09 4.91 4.25 3.03 1.94 1.44 1.59 1.69 1.47 1.06 0.69 0.53 0.44 0.28 0.12 -0.09 -0.34 -0.59 -0.81 -1.00 -1.19 -1.34 -1.50 -1.59 -1.69 -1.75 -1.84 -2.00 -2.25 -2.50 -2.75 -2.94 -3.12 -3.34 -3.53 -3.72 -3.91 -4.09 -4.28 -4.47 -4.66 -4.84 -5.03 -5.22 -5.38 -5.56 -5.72 -5.88 -6.06 -6.22 -6.41 -6.59 -6.75 -6.94 -7.19 -7.41 -7.56 -7.75 -7.94 -8.12 -8.34 -8.53 -8.75 -8.94 -9.16 -9.34 -9.56 -9.75 -9.97 -10.19 -10.38
5.66 5.44 5.31 5.19 5.12 4.88 4.25 3.06 1.91 1.41 1.47 1.53 1.31 1.00 0.72 0.59 0.47 0.34 0.19 0.00 -0.22 -0.47 -0.69 -0.91 -1.09 -1.28 -1.41 -1.53 -1.62 -1.75 -1.81 -1.94 -2.16 -2.41 -2.66 -2.88 -3.06 -3.25 -3.44 -3.62 -3.81 -4.00 -4.19 -4.38 -4.56 -4.75 -4.94 -5.09 -5.28 -5.47 -5.62 -5.78 -5.94 -6.12 -6.31 -6.47 -6.66 -6.84 -7.06 -7.28 -7.47 -7.62 -7.81 -8.03 -8.22 -8.44 -8.62 -8.84 -9.03 -9.25 -9.47 -9.66 -9.88 -10.06 -10.28
5.62 5.38 5.22 5.09 5.06 4.91 4.31 3.16 1.97 1.41 1.41 1.41 1.22 0.97 0.75 0.66 0.53 0.41 0.25 0.09 -0.12 -0.34 -0.56 -0.78 -1.00 -1.19 -1.34 -1.47 -1.59 -1.69 -1.78 -1.91 -2.06 -2.31 -2.56 -2.78 -2.97 -3.16 -3.34 -3.53 -3.72 -3.91 -4.09 -4.28 -4.47 -4.66 -4.81 -5.00 -5.19 -5.34 -5.53 -5.69 -5.84 -6.03 -6.19 -6.38 -6.53 -6.72 -6.94 -7.16 -7.34 -7.50 -7.72 -7.91 -8.09 -8.31 -8.53 -8.75 -8.94 -9.16 -9.34 -9.56 -9.78 -10.00 -10.19
5.81 5.44 5.16 5.03 5.00 4.94 4.47 3.38 2.16 1.47 1.38 1.31 1.16 0.97 0.81 0.69 0.59 0.47 0.31 0.16 -0.03 -0.22 -0.44 -0.69 -0.88 -1.06 -1.25 -1.41 -1.53 -1.66 -1.75 -1.88 -2.00 -2.19 -2.47 -2.69 -2.88 -3.06 -3.25 -3.44 -3.62 -3.81 -4.00 -4.19 -4.38 -4.56 -4.72 -4.91 -5.09 -5.25 -5.44 -5.59 -5.75 -5.94 -6.09 -6.25 -6.44 -6.62 -6.84 -7.03 -7.22 -7.41 -7.59 -7.78 -7.97 -8.19 -8.41 -8.62 -8.84 -9.06 -9.25 -9.47 -9.69 -9.91 -10.09
6.00 5.59 5.22 4.88 4.91 4.91 4.56 3.53 2.34 1.53 1.38 1.31 1.16 1.00 0.88 0.78 0.66 0.53 0.38 0.22 0.06 -0.16 -0.38 -0.59 -0.78 -1.00 -1.19 -1.34 -1.50 -1.62 -1.72 -1.81 -1.94 -2.09 -2.34 -2.62 -2.81 -3.00 -3.16 -3.34 -3.53 -3.72 -3.91 -4.09 -4.28 -4.47 -4.62 -4.81 -5.00 -5.16 -5.31 -5.50 -5.66 -5.84 -6.00 -6.16 -6.34 -6.53 -6.72 -6.94 -7.12 -7.28 -7.47 -7.66 -7.88 -8.06 -8.31 -8.53 -8.75 -8.97 -9.16 -9.38 -9.59 -9.81 -10.03
6.19 5.66 5.22 4.75 4.53 4.44 4.22 3.31 2.38 1.66 1.44 1.34 1.22 1.09 0.97 0.84 0.72 0.59 0.44 0.28 0.12 -0.06 -0.28 -0.50 -0.72 -0.91 -1.09 -1.28 -1.44 -1.59 -1.69 -1.78 -1.88 -2.03 -2.25 -2.50 -2.72 -2.91 -3.09 -3.28 -3.47 -3.62 -3.81 -4.00 -4.19 -4.38 -4.53 -4.72 -4.91 -5.06 -5.22 -5.41 -5.56 -5.75 -5.91 -6.06 -6.22 -6.44 -6.62 -6.84 -7.00 -7.19 -7.38 -7.56 -7.75 -7.97 -8.19 -8.44 -8.66 -8.88 -9.09 -9.31 -9.50 -9.72 -9.94
6.50 5.88 5.22 4.53 4.09 3.84 3.47 2.81 2.16 1.72 1.56 1.44 1.31 1.19 1.06 0.94 0.81 0.69 0.50 0.34 0.19 0.03 -0.19 -0.41 -0.62 -0.81 -1.03 -1.22 -1.38 -1.50 -1.62 -1.72 -1.84 -1.97 -2.16 -2.38 -2.62 -2.81 -3.00 -3.19 -3.38 -3.56 -3.72 -3.91 -4.09 -4.28 -4.44 -4.62 -4.81 -4.97 -5.16 -5.31 -5.47 -5.66 -5.81 -5.97 -6.16 -6.34 -6.53 -6.72 -6.91 -7.06 -7.25 -7.44 -7.62 -7.84 -8.06 -8.34 -8.56 -8.78 -9.00 -9.22 -9.44 -9.66 -9.88
7.41 6.44 5.56 4.62 3.84 3.31 2.81 2.31 1.84 1.78 1.69 1.56 1.44 1.28 1.16 1.03 0.94 0.81 0.62 0.44 0.25 0.09 -0.09 -0.31 -0.53 -0.72 -0.94 -1.12 -1.28 -1.41 -1.53 -1.66 -1.78 -1.91 -2.06 -2.28 -2.53 -2.72 -2.91 -3.09 -3.28 -3.47 -3.66 -3.81 -4.00 -4.19 -4.34 -4.53 -4.72 -4.88 -5.06 -5.22 -5.41 -5.56 -5.72 -5.88 -6.06 -6.25 -6.44 -6.62 -6.81 -6.97 -7.16 -7.34 -7.53 -7.72 -7.97 -8.22 -8.47 -8.69 -8.91 -9.12 -9.34 -9.56 -9.78
8.47 7.44 6.50 5.53 4.41 3.28 2.53 1.97 1.62 1.75 1.81 1.72 1.56 1.41 1.25 1.16 1.09 0.97 0.78 0.56 0.34 0.16 0.00 -0.22 -0.44 -0.62 -0.81 -1.00 -1.19 -1.34 -1.47 -1.59 -1.72 -1.84 -1.97 -2.16 -2.41 -2.66 -2.84 -3.00 -3.19 -3.38 -3.56 -3.75 -3.91 -4.09 -4.28 -4.44 -4.62 -4.78 -4.97 -5.12 -5.31 -5.47 -5.62 -5.81 -5.97 -6.16 -6.34 -6.53 -6.69 -6.88 -7.06 -7.25 -7.41 -7.62 -7.84 -8.12 -8.38 -8.59 -8.81 -9.03 -9.28 -9.50 -9.72
9.38 8.50 7.69 6.94 6.03 4.78 3.53 2.47 1.84 1.66 1.88 1.88 1.75 1.53 1.38 1.25 1.22 1.16 1.00 0.72 0.44 0.22 0.06 -0.12 -0.34 -0.53 -0.72 -0.91 -1.09 -1.25 -1.38 -1.50 -1.62 -1.75 -1.88 -2.06 -2.31 -2.56 -2.75 -2.94 -3.09 -3.28 -3.47 -3.66 -3.81 -4.00 -4.19 -4.34 -4.53 -4.72 -4.88 -5.06 -5.22 -5.38 -5.56 -5.72 -5.88 -6.06 -6.25 -6.44 -6.59 -6.78 -6.97 -7.16 -7.31 -7.53 -7.75 -8.03 -8.28 -8.50 -8.75 -8.97 -9.19 -9.41 -9.66
10.03 9.34 8.62 8.03 7.38 6.44 5.09 3.72 2.72 2.03 1.88 1.97 1.91 1.69 1.50 1.38 1.34 1.31 1.16 0.88 0.56 0.28 0.16 -0.03 -0.25 -0.44 -0.62 -0.78 -0.97 -1.12 -1.28 -1.41 -1.53 -1.66 -1.78 -1.97 -2.19 -2.44 -2.66 -2.84 -3.03 -3.19 -3.38 -3.56 -3.75 -3.91 -4.09 -4.28 -4.44 -4.62 -4.78 -4.97 -5.12 -5.31 -5.47 -5.62 -5.81 -5.97 -6.19 -6.34 -6.50 -6.69 -6.88 -7.06 -7.22 -7.41 -7.62 -7.94 -8.22 -8.44 -8.66 -8.88 -9.12 -9.34 -9.56
10.25 9.62 8.97 8.41 7.84 7.19 6.41 5.38 4.12 3.16 2.31 2.09 2.00 1.84 1.66 1.47 1.41 1.38 1.25 0.97 0.62 0.34 0.19 0.03 -0.16 -0.34 -0.53 -0.69 -0.88 -1.03 -1.19 -1.31 -1.44 -1.56 -1.72 -1.84 -2.06 -2.31 -2.56 -2.75 -2.94 -3.12 -3.28 -3.47 -3.66 -3.84 -4.00 -4.19 -4.34 -4.53 -4.72 -4.88 -5.03 -5.22 -5.38 -5.56 -5.72 -5.91 -6.09 -6.25 -6.44 -6.59 -6.78 -6.97 -7.12 -7.31 -7.53 -7.81 -8.12 -8.34 -8.59 -8.81 -9.03 -9.28 -9.50
10.31 9.78 9.09 8.50 7.94 7.38 6.81 6.28 5.50 4.53 3.50 2.53 2.19 1.94 1.75 1.56 1.44 1.34 1.25 1.06 0.72 0.44 0.25 0.09 -0.06 -0.25 -0.44 -0.59 -0.78 -0.94 -1.09 -1.22 -1.38 -1.50 -1.62 -1.75 -1.97 -2.19 -2.50 -2.69 -2.84 -3.03 -3.22 -3.38 -3.56 -3.75 -3.91 -4.09 -4.28 -4.44 -4.62 -4.78 -4.97 -5.12 -5.31 -5.47 -5.62 -5.81 -6.00 -6.16 -6.34 -6.53 -6.69 -6.88 -7.03 -7.22 -7.44 -7.75 -8.03 -8.28 -8.50 -8.75 -8.97 -9.22 -9.44
10.53 9.91 9.19 8.62 8.03 7.47 6.91 6.59 6.22 5.66 4.88 3.69 2.62 1.97 1.78 1.50 1.34 1.28 1.28 1.12 0.88 0.56 0.31 0.12 -0.03 -0.19 -0.34 -0.53 -0.69 -0.84 -1.00 -1.12 -1.28 -1.41 -1.56 -1.69 -1.88 -2.09 -2.41 -2.59 -2.78 -2.94 -3.12 -3.31 -3.47 -3.66 -3.84 -4.00 -4.19 -4.38 -4.53 -4.72 -4.88 -5.06 -5.22 -5.38 -5.56 -5.75 -5.91 -6.09 -6.25 -6.44 -6.62 -6.78 -6.94 -7.12 -7.34 -7.66 -7.97 -8.22 -8.44 -8.69 -8.91 -9.16 -9.38
