everonasctiles/Tile4,49.asc
ncols 128
nrows 128
xllcorner 0
yllcorner 0
cellsize 2.0
NODATA_value  -9999
[rows 64 to 95 of 128, columns 0 to 70 of 128]
-84.47 -84.88 -85.25 -85.62 -85.94 -86.25 -86.56 -86.91 -87.25 -87.56 -87.84 -88.03 -88.16 -88.22 -88.34 -88.50 -88.62 -88.62 -88.50 -88.59 -88.88 -89.06 -89.12 -89.09 -89.00 -88.91 -88.88 -88.91 -88.94 -88.94 -88.94 -88.91 -88.88 -88.81 -88.72 -88.66 -88.56 -88.50 -88.47 -88.44 -88.44 -88.47 -88.47 -88.50 -88.59 -88.66 -88.75 -88.88 -88.97 -89.06 -89.16 -89.28 -89.34 -89.41 -89.47 -89.56 -89.62 -89.75 -89.84 -89.94 -90.03 -90.06 -90.12 -90.16 -90.16 -90.16 -90.12 -90.12 -90.09 -90.06 -90.03
-83.94 -84.31 -84.66 -85.00 -85.31 -85.62 -85.94 -86.28 -86.59 -86.88 -87.12 -87.28 -87.41 -87.50 -87.62 -87.78 -87.88 -87.81 -87.62 -87.84 -88.19 -88.41 -88.50 -88.47 -88.38 -88.28 -88.25 -88.28 -88.34 -88.38 -88.38 -88.34 -88.31 -88.25 -88.19 -88.16 -88.09 -88.03 -88.00 -88.00 -88.03 -88.06 -88.09 -88.16 -88.25 -88.34 -88.44 -88.56 -88.69 -88.78 -88.91 -89.00 -89.09 -89.16 -89.22 -89.31 -89.41 -89.50 -89.62 -89.72 -89.81 -89.88 -89.91 -89.94 -89.94 -89.94 -89.91 -89.91 -89.88 -89.84 -89.81
-83.41 -83.72 -84.06 -84.41 -84.72 -85.00 -85.31 -85.62 -85.94 -86.19 -86.41 -86.56 -86.66 -86.78 -86.94 -87.06 -87.09 -86.94 -86.78 -87.16 -87.53 -87.78 -87.88 -87.84 -87.75 -87.66 -87.62 -87.66 -87.72 -87.78 -87.81 -87.78 -87.75 -87.72 -87.66 -87.62 -87.59 -87.56 -87.56 -87.56 -87.59 -87.62 -87.69 -87.78 -87.88 -88.00 -88.12 -88.25 -88.38 -88.50 -88.59 -88.72 -88.81 -88.91 -88.94 -89.03 -89.12 -89.25 -89.38 -89.50 -89.56 -89.62 -89.66 -89.69 -89.72 -89.69 -89.69 -89.66 -89.62 -89.56 -89.53
-82.88 -83.19 -83.50 -83.81 -84.12 -84.41 -84.69 -85.00 -85.25 -85.47 -85.66 -85.81 -85.94 -86.09 -86.25 -86.34 -86.31 -86.06 -86.06 -86.53 -86.91 -87.12 -87.25 -87.22 -87.16 -87.06 -87.00 -87.03 -87.09 -87.19 -87.22 -87.22 -87.19 -87.16 -87.12 -87.09 -87.09 -87.06 -87.09 -87.12 -87.16 -87.19 -87.28 -87.38 -87.50 -87.62 -87.75 -87.91 -88.03 -88.16 -88.28 -88.41 -88.50 -88.59 -88.66 -88.72 -88.84 -89.00 -89.12 -89.22 -89.31 -89.34 -89.41 -89.44 -89.44 -89.44 -89.41 -89.38 -89.34 -89.31 -89.25
-82.38 -82.66 -82.97 -83.25 -83.56 -83.84 -84.09 -84.34 -84.59 -84.78 -84.94 -85.09 -85.25 -85.44 -85.56 -85.59 -85.50 -85.25 -85.44 -85.94 -86.28 -86.50 -86.59 -86.59 -86.53 -86.44 -86.38 -86.41 -86.50 -86.56 -86.62 -86.66 -86.62 -86.62 -86.59 -86.59 -86.56 -86.59 -86.59 -86.66 -86.69 -86.75 -86.84 -86.97 -87.09 -87.25 -87.38 -87.53 -87.66 -87.78 -87.94 -88.06 -88.16 -88.25 -88.31 -88.41 -88.53 -88.69 -88.81 -88.91 -89.00 -89.06 -89.09 -89.12 -89.16 -89.12 -89.09 -89.06 -89.03 -89.00 -88.94
-81.94 -82.19 -82.47 -82.75 -83.00 -83.25 -83.50 -83.72 -83.91 -84.09 -84.25 -84.44 -84.62 -84.78 -84.88 -84.84 -84.69 -84.53 -84.91 -85.34 -85.66 -85.84 -85.97 -85.97 -85.94 -85.84 -85.78 -85.81 -85.88 -85.94 -86.00 -86.06 -86.06 -86.06 -86.06 -86.06 -86.06 -86.09 -86.12 -86.19 -86.22 -86.28 -86.41 -86.53 -86.69 -86.84 -87.00 -87.12 -87.25 -87.41 -87.53 -87.66 -87.78 -87.88 -87.97 -88.06 -88.22 -88.34 -88.47 -88.56 -88.66 -88.72 -88.75 -88.78 -88.81 -88.81 -88.75 -88.72 -88.69 -88.66 -88.62
-81.50 -81.75 -81.97 -82.22 -82.47 -82.69 -82.91 -83.09 -83.25 -83.44 -83.59 -83.81 -84.00 -84.16 -84.22 -84.16 -83.97 -83.97 -84.38 -84.75 -85.03 -85.22 -85.31 -85.34 -85.34 -85.28 -85.22 -85.22 -85.28 -85.34 -85.41 -85.47 -85.50 -85.53 -85.53 -85.53 -85.56 -85.59 -85.66 -85.69 -85.75 -85.81 -85.94 -86.09 -86.25 -86.41 -86.56 -86.72 -86.84 -86.97 -87.09 -87.25 -87.38 -87.50 -87.59 -87.69 -87.84 -87.97 -88.09 -88.19 -88.28 -88.34 -88.38 -88.44 -88.44 -88.44 -88.41 -88.34 -88.31 -88.28 -88.25
-81.12 -81.31 -81.53 -81.75 -81.94 -82.12 -82.31 -82.50 -82.66 -82.81 -83.00 -83.22 -83.41 -83.53 -83.56 -83.50 -83.34 -83.44 -83.84 -84.16 -84.44 -84.62 -84.72 -84.75 -84.75 -84.69 -84.66 -84.66 -84.69 -84.75 -84.81 -84.88 -84.94 -84.97 -85.00 -85.03 -85.06 -85.12 -85.16 -85.19 -85.25 -85.34 -85.47 -85.62 -85.81 -86.00 -86.16 -86.25 -86.38 -86.50 -86.66 -86.84 -86.97 -87.09 -87.19 -87.31 -87.44 -87.59 -87.69 -87.78 -87.84 -87.94 -88.00 -88.03 -88.03 -88.03 -88.00 -87.94 -87.91 -87.88 -87.84
-80.75 -80.94 -81.09 -81.25 -81.41 -81.59 -81.75 -81.94 -82.09 -82.25 -82.47 -82.66 -82.84 -82.94 -82.97 -82.91 -82.78 -82.94 -83.28 -83.59 -83.84 -84.00 -84.12 -84.16 -84.16 -84.12 -84.09 -84.09 -84.09 -84.16 -84.22 -84.31 -84.38 -84.44 -84.47 -84.50 -84.56 -84.62 -84.66 -84.69 -84.75 -84.84 -85.00 -85.16 -85.38 -85.53 -85.69 -85.78 -85.91 -86.03 -86.22 -86.41 -86.53 -86.66 -86.78 -86.91 -87.03 -87.16 -87.25 -87.31 -87.41 -87.47 -87.53 -87.59 -87.59 -87.59 -87.56 -87.50 -87.47 -87.44 -87.41
-80.38 -80.53 -80.66 -80.78 -80.91 -81.06 -81.22 -81.38 -81.56 -81.75 -81.97 -82.16 -82.31 -82.38 -82.41 -82.34 -82.25 -82.41 -82.75 -83.03 -83.25 -83.44 -83.53 -83.59 -83.62 -83.59 -83.56 -83.53 -83.56 -83.59 -83.66 -83.72 -83.81 -83.88 -83.94 -84.03 -84.09 -84.12 -84.19 -84.19 -84.25 -84.34 -84.50 -84.72 -84.91 -85.09 -85.22 -85.31 -85.41 -85.56 -85.78 -85.94 -86.09 -86.22 -86.34 -86.47 -86.59 -86.69 -86.75 -86.84 -86.91 -87.00 -87.06 -87.12 -87.12 -87.12 -87.09 -87.03 -87.00 -86.97 -86.97
-80.03 -80.16 -80.25 -80.34 -80.44 -80.59 -80.72 -80.88 -81.06 -81.28 -81.47 -81.66 -81.78 -81.84 -81.88 -81.84 -81.78 -81.94 -82.22 -82.50 -82.72 -82.88 -83.00 -83.06 -83.09 -83.06 -83.06 -83.03 -83.03 -83.06 -83.09 -83.19 -83.25 -83.34 -83.44 -83.53 -83.59 -83.66 -83.69 -83.69 -83.72 -83.84 -84.03 -84.25 -84.47 -84.62 -84.75 -84.81 -84.94 -85.12 -85.31 -85.50 -85.62 -85.75 -85.88 -86.00 -86.12 -86.22 -86.25 -86.31 -86.41 -86.47 -86.56 -86.62 -86.66 -86.66 -86.62 -86.56 -86.50 -86.47 -86.47
-79.69 -79.78 -79.88 -79.94 -80.00 -80.12 -80.25 -80.44 -80.62 -80.81 -81.00 -81.19 -81.28 -81.38 -81.38 -81.38 -81.31 -81.47 -81.72 -81.97 -82.19 -82.34 -82.47 -82.53 -82.59 -82.59 -82.56 -82.53 -82.53 -82.53 -82.59 -82.66 -82.72 -82.84 -82.94 -83.03 -83.12 -83.16 -83.19 -83.19 -83.22 -83.34 -83.56 -83.78 -84.00 -84.16 -84.25 -84.34 -84.47 -84.66 -84.84 -85.03 -85.16 -85.28 -85.41 -85.53 -85.66 -85.72 -85.75 -85.78 -85.84 -85.94 -86.00 -86.09 -86.12 -86.16 -86.12 -86.06 -86.00 -85.97 -85.94
-79.34 -79.44 -79.50 -79.53 -79.59 -79.69 -79.84 -80.00 -80.19 -80.41 -80.56 -80.72 -80.84 -80.91 -80.94 -80.94 -80.91 -81.03 -81.28 -81.50 -81.72 -81.88 -81.97 -82.06 -82.12 -82.12 -82.12 -82.09 -82.06 -82.06 -82.09 -82.12 -82.22 -82.31 -82.44 -82.53 -82.62 -82.66 -82.69 -82.69 -82.72 -82.88 -83.09 -83.31 -83.53 -83.69 -83.78 -83.88 -84.00 -84.19 -84.38 -84.56 -84.69 -84.78 -84.94 -85.06 -85.16 -85.19 -85.22 -85.22 -85.28 -85.38 -85.44 -85.53 -85.59 -85.62 -85.59 -85.53 -85.47 -85.41 -85.41
-79.03 -79.09 -79.16 -79.19 -79.25 -79.31 -79.44 -79.59 -79.78 -80.00 -80.16 -80.31 -80.41 -80.47 -80.50 -80.50 -80.50 -80.62 -80.84 -81.06 -81.28 -81.41 -81.53 -81.62 -81.69 -81.69 -81.69 -81.66 -81.66 -81.62 -81.62 -81.66 -81.72 -81.84 -81.94 -82.06 -82.16 -82.19 -82.19 -82.16 -82.22 -82.41 -82.66 -82.88 -83.06 -83.22 -83.31 -83.41 -83.56 -83.72 -83.91 -84.06 -84.19 -84.31 -84.44 -84.56 -84.62 -84.66 -84.66 -84.66 -84.69 -84.78 -84.88 -84.97 -85.06 -85.09 -85.06 -85.00 -84.94 -84.88 -84.84
-78.72 -78.78 -78.84 -78.88 -78.91 -78.97 -79.09 -79.22 -79.41 -79.59 -79.78 -79.91 -80.00 -80.09 -80.12 -80.12 -80.16 -80.28 -80.47 -80.69 -80.88 -81.00 -81.09 -81.19 -81.25 -81.28 -81.28 -81.28 -81.25 -81.22 -81.19 -81.19 -81.25 -81.38 -81.47 -81.59 -81.69 -81.72 -81.69 -81.69 -81.75 -81.97 -82.19 -82.41 -82.59 -82.75 -82.84 -82.97 -83.09 -83.28 -83.44 -83.59 -83.72 -83.81 -83.94 -84.06 -84.12 -84.16 -84.12 -84.09 -84.09 -84.19 -84.31 -84.41 -84.50 -84.53 -84.50 -84.44 -84.38 -84.34 -84.31
-78.44 -78.50 -78.53 -78.56 -78.59 -78.66 -78.75 -78.91 -79.06 -79.25 -79.41 -79.53 -79.62 -79.69 -79.72 -79.75 -79.78 -79.94 -80.12 -80.31 -80.47 -80.59 -80.72 -80.78 -80.84 -80.91 -80.91 -80.91 -80.88 -80.84 -80.78 -80.78 -80.81 -80.94 -81.03 -81.16 -81.22 -81.25 -81.25 -81.22 -81.31 -81.53 -81.75 -81.97 -82.16 -82.28 -82.41 -82.53 -82.66 -82.81 -82.97 -83.12 -83.25 -83.34 -83.47 -83.56 -83.59 -83.62 -83.59 -83.56 -83.53 -83.59 -83.72 -83.84 -83.94 -83.97 -83.94 -83.91 -83.84 -83.78 -83.75
-78.16 -78.22 -78.25 -78.28 -78.31 -78.38 -78.47 -78.59 -78.75 -78.94 -79.09 -79.19 -79.28 -79.34 -79.38 -79.41 -79.47 -79.62 -79.78 -79.97 -80.09 -80.22 -80.31 -80.41 -80.47 -80.50 -80.53 -80.53 -80.53 -80.47 -80.44 -80.41 -80.41 -80.50 -80.62 -80.75 -80.81 -80.81 -80.78 -80.78 -80.91 -81.12 -81.31 -81.53 -81.72 -81.84 -81.97 -82.09 -82.22 -82.38 -82.53 -82.66 -82.78 -82.88 -82.97 -83.03 -83.09 -83.09 -83.06 -83.00 -82.97 -83.03 -83.16 -83.28 -83.34 -83.38 -83.38 -83.34 -83.31 -83.25 -83.22
-77.91 -77.97 -78.00 -78.03 -78.06 -78.12 -78.22 -78.34 -78.50 -78.66 -78.78 -78.88 -78.94 -79.00 -79.03 -79.06 -79.16 -79.31 -79.47 -79.59 -79.72 -79.84 -79.94 -80.03 -80.09 -80.16 -80.19 -80.19 -80.19 -80.12 -80.09 -80.03 -80.03 -80.12 -80.22 -80.34 -80.41 -80.41 -80.38 -80.38 -80.50 -80.72 -80.91 -81.12 -81.28 -81.44 -81.56 -81.66 -81.81 -81.94 -82.09 -82.22 -82.31 -82.41 -82.47 -82.53 -82.56 -82.56 -82.53 -82.50 -82.44 -82.50 -82.62 -82.72 -82.78 -82.81 -82.81 -82.81 -82.78 -82.72 -82.69
-77.69 -77.72 -77.75 -77.78 -77.81 -77.88 -77.97 -78.09 -78.25 -78.38 -78.50 -78.59 -78.62 -78.69 -78.72 -78.78 -78.88 -79.00 -79.12 -79.25 -79.38 -79.47 -79.56 -79.66 -79.72 -79.78 -79.84 -79.84 -79.84 -79.81 -79.75 -79.72 -79.72 -79.78 -79.88 -79.97 -80.03 -80.03 -80.00 -80.00 -80.12 -80.31 -80.53 -80.69 -80.88 -81.03 -81.16 -81.25 -81.38 -81.53 -81.66 -81.78 -81.88 -81.94 -82.00 -82.03 -82.06 -82.06 -82.03 -82.00 -81.94 -82.00 -82.09 -82.19 -82.22 -82.25 -82.25 -82.25 -82.25 -82.22 -82.19
-77.44 -77.50 -77.53 -77.56 -77.59 -77.66 -77.75 -77.88 -78.00 -78.16 -78.25 -78.31 -78.34 -78.38 -78.41 -78.47 -78.59 -78.69 -78.81 -78.94 -79.03 -79.12 -79.22 -79.28 -79.38 -79.47 -79.50 -79.53 -79.53 -79.50 -79.44 -79.41 -79.41 -79.44 -79.53 -79.62 -79.66 -79.66 -79.66 -79.66 -79.78 -79.94 -80.12 -80.31 -80.47 -80.62 -80.75 -80.88 -81.00 -81.12 -81.25 -81.34 -81.44 -81.47 -81.53 -81.56 -81.56 -81.56 -81.56 -81.50 -81.50 -81.53 -81.59 -81.66 -81.69 -81.69 -81.69 -81.69 -81.72 -81.72 -81.69
-77.22 -77.25 -77.28 -77.34 -77.38 -77.47 -77.56 -77.66 -77.78 -77.91 -77.97 -78.03 -78.06 -78.09 -78.16 -78.22 -78.31 -78.41 -78.50 -78.59 -78.69 -78.78 -78.88 -78.97 -79.06 -79.12 -79.19 -79.22 -79.22 -79.19 -79.16 -79.09 -79.09 -79.12 -79.19 -79.28 -79.31 -79.31 -79.31 -79.31 -79.44 -79.59 -79.78 -79.94 -80.09 -80.25 -80.38 -80.47 -80.59 -80.72 -80.84 -80.94 -81.00 -81.03 -81.06 -81.09 -81.09 -81.09 -81.06 -81.06 -81.03 -81.06 -81.09 -81.16 -81.16 -81.16 -81.16 -81.19 -81.19 -81.22 -81.22
-77.00 -77.03 -77.06 -77.12 -77.19 -77.25 -77.34 -77.47 -77.59 -77.69 -77.75 -77.78 -77.81 -77.84 -77.88 -77.97 -78.06 -78.16 -78.22 -78.31 -78.38 -78.44 -78.53 -78.62 -78.72 -78.81 -78.84 -78.91 -78.91 -78.88 -78.84 -78.81 -78.81 -78.81 -78.88 -78.94 -78.97 -78.97 -78.97 -79.00 -79.12 -79.25 -79.44 -79.59 -79.75 -79.88 -80.00 -80.12 -80.22 -80.34 -80.44 -80.53 -80.56 -80.59 -80.62 -80.62 -80.66 -80.62 -80.62 -80.62 -80.59 -80.59 -80.62 -80.66 -80.69 -80.69 -80.66 -80.69 -80.69 -80.72 -80.75
-76.78 -76.81 -76.88 -76.91 -77.00 -77.06 -77.16 -77.28 -77.38 -77.47 -77.50 -77.53 -77.56 -77.59 -77.66 -77.72 -77.81 -77.88 -77.94 -78.00 -78.06 -78.16 -78.22 -78.31 -78.41 -78.50 -78.53 -78.56 -78.59 -78.56 -78.56 -78.53 -78.53 -78.53 -78.56 -78.62 -78.66 -78.66 -78.66 -78.72 -78.81 -78.97 -79.12 -79.28 -79.41 -79.53 -79.66 -79.75 -79.88 -79.97 -80.06 -80.12 -80.16 -80.19 -80.19 -80.19 -80.19 -80.22 -80.22 -80.19 -80.19 -80.19 -80.19 -80.22 -80.22 -80.22 -80.19 -80.22 -80.22 -80.28 -80.31
-76.56 -76.62 -76.66 -76.72 -76.81 -76.88 -76.97 -77.09 -77.19 -77.25 -77.31 -77.31 -77.34 -77.38 -77.44 -77.50 -77.56 -77.62 -77.69 -77.72 -77.78 -77.84 -77.94 -78.03 -78.12 -78.19 -78.22 -78.25 -78.28 -78.28 -78.25 -78.25 -78.25 -78.25 -78.28 -78.31 -78.34 -78.34 -78.38 -78.44 -78.53 -78.66 -78.81 -78.97 -79.09 -79.19 -79.28 -79.41 -79.50 -79.59 -79.69 -79.72 -79.75 -79.78 -79.78 -79.78 -79.78 -79.78 -79.81 -79.81 -79.78 -79.78 -79.78 -79.81 -79.81 -79.78 -79.78 -79.78 -79.78 -79.81 -79.88
-76.38 -76.41 -76.47 -76.53 -76.62 -76.69 -76.78 -76.88 -76.97 -77.03 -77.09 -77.12 -77.12 -77.16 -77.22 -77.28 -77.34 -77.38 -77.44 -77.47 -77.50 -77.59 -77.66 -77.75 -77.84 -77.91 -77.94 -77.97 -77.97 -77.97 -77.97 -77.97 -77.97 -78.00 -78.00 -78.03 -78.06 -78.06 -78.09 -78.16 -78.28 -78.41 -78.53 -78.66 -78.75 -78.84 -78.97 -79.06 -79.16 -79.22 -79.31 -79.34 -79.38 -79.38 -79.38 -79.38 -79.41 -79.41 -79.41 -79.44 -79.41 -79.41 -79.41 -79.41 -79.41 -79.38 -79.38 -79.34 -79.38 -79.41 -79.44
-76.19 -76.22 -76.28 -76.34 -76.44 -76.53 -76.59 -76.69 -76.78 -76.84 -76.88 -76.91 -76.94 -76.97 -77.00 -77.06 -77.09 -77.16 -77.19 -77.22 -77.25 -77.31 -77.41 -77.50 -77.56 -77.62 -77.66 -77.69 -77.69 -77.72 -77.72 -77.72 -77.72 -77.75 -77.75 -77.75 -77.78 -77.81 -77.84 -77.91 -78.00 -78.12 -78.25 -78.34 -78.44 -78.53 -78.62 -78.72 -78.81 -78.88 -78.94 -78.97 -79.00 -79.03 -79.03 -79.03 -79.03 -79.03 -79.06 -79.06 -79.03 -79.03 -79.03 -79.03 -79.03 -79.00 -78.97 -78.97 -79.00 -79.03 -79.06
-76.00 -76.03 -76.09 -76.16 -76.25 -76.34 -76.44 -76.50 -76.59 -76.62 -76.69 -76.69 -76.72 -76.75 -76.78 -76.81 -76.84 -76.88 -76.94 -76.97 -77.00 -77.06 -77.16 -77.25 -77.31 -77.38 -77.41 -77.44 -77.44 -77.47 -77.47 -77.50 -77.50 -77.50 -77.50 -77.50 -77.53 -77.53 -77.59 -77.66 -77.75 -77.84 -77.94 -78.03 -78.12 -78.22 -78.31 -78.41 -78.47 -78.53 -78.59 -78.62 -78.66 -78.66 -78.66 -78.69 -78.69 -78.69 -78.72 -78.72 -78.69 -78.69 -78.69 -78.69 -78.69 -78.66 -78.62 -78.59 -78.62 -78.66 -78.69
-75.78 -75.84 -75.91 -75.97 -76.06 -76.16 -76.25 -76.31 -76.38 -76.44 -76.47 -76.50 -76.50 -76.53 -76.53 -76.56 -76.59 -76.62 -76.66 -76.72 -76.75 -76.84 -76.94 -77.00 -77.09 -77.12 -77.19 -77.19 -77.22 -77.25 -77.28 -77.28 -77.28 -77.28 -77.25 -77.25 -77.28 -77.28 -77.31 -77.41 -77.47 -77.56 -77.66 -77.75 -77.84 -77.94 -78.00 -78.09 -78.16 -78.22 -78.25 -78.28 -78.31 -78.34 -78.34 -78.34 -78.38 -78.38 -78.41 -78.38 -78.38 -78.38 -78.38 -78.38 -78.34 -78.34 -78.28 -78.28 -78.28 -78.31 -78.34
-75.59 -75.66 -75.72 -75.78 -75.88 -75.97 -76.06 -76.12 -76.19 -76.25 -76.28 -76.28 -76.28 -76.31 -76.31 -76.31 -76.34 -76.38 -76.41 -76.47 -76.53 -76.62 -76.72 -76.78 -76.88 -76.94 -76.97 -77.00 -77.03 -77.06 -77.06 -77.09 -77.06 -77.06 -77.03 -77.03 -77.03 -77.03 -77.06 -77.12 -77.22 -77.28 -77.38 -77.47 -77.56 -77.66 -77.72 -77.81 -77.84 -77.91 -77.97 -78.00 -78.00 -78.03 -78.03 -78.06 -78.06 -78.09 -78.09 -78.09 -78.06 -78.06 -78.06 -78.06 -78.06 -78.03 -77.97 -77.94 -77.94 -77.97 -78.00
-75.38 -75.44 -75.50 -75.59 -75.69 -75.78 -75.88 -75.94 -76.00 -76.03 -76.06 -76.09 -76.09 -76.09 -76.09 -76.09 -76.12 -76.16 -76.19 -76.25 -76.31 -76.41 -76.50 -76.59 -76.66 -76.72 -76.75 -76.78 -76.81 -76.84 -76.88 -76.88 -76.88 -76.84 -76.81 -76.78 -76.78 -76.78 -76.81 -76.88 -76.94 -77.03 -77.12 -77.22 -77.31 -77.41 -77.47 -77.53 -77.59 -77.66 -77.69 -77.72 -77.75 -77.75 -77.75 -77.78 -77.81 -77.81 -77.81 -77.81 -77.81 -77.78 -77.78 -77.78 -77.78 -77.75 -77.69 -77.66 -77.62 -77.66 -77.69
-75.16 -75.22 -75.31 -75.41 -75.50 -75.59 -75.69 -75.75 -75.81 -75.84 -75.88 -75.88 -75.88 -75.88 -75.88 -75.88 -75.91 -75.94 -75.97 -76.03 -76.12 -76.22 -76.28 -76.38 -76.44 -76.50 -76.56 -76.59 -76.62 -76.66 -76.69 -76.69 -76.69 -76.66 -76.62 -76.59 -76.56 -76.56 -76.59 -76.66 -76.72 -76.81 -76.91 -77.00 -77.09 -77.19 -77.25 -77.31 -77.38 -77.44 -77.47 -77.50 -77.50 -77.50 -77.50 -77.53 -77.53 -77.56 -77.56 -77.56 -77.56 -77.56 -77.53 -77.53 -77.50 -77.47 -77.41 -77.38 -77.34 -77.34 -77.38
-74.94 -75.00 -75.09 -75.19 -75.28 -75.38 -75.47 -75.53 -75.59 -75.62 -75.66 -75.66 -75.69 -75.69 -75.69 -75.69 -75.69 -75.72 -75.78 -75.84 -75.94 -76.00 -76.09 -76.16 -76.25 -76.31 -76.34 -76.41 -76.44 -76.47 -76.50 -76.53 -76.50 -76.47 -76.41 -76.38 -76.34 -76.34 -76.38 -76.44 -76.50 -76.59 -76.69 -76.78 -76.88 -76.97 -77.03 -77.12 -77.19 -77.22 -77.28 -77.28 -77.28 -77.28 -77.28 -77.31 -77.31 -77.34 -77.34 -77.34 -77.34 -77.34 -77.31 -77.31 -77.28 -77.22 -77.16 -77.12 -77.09 -77.09 -77.09
