everonasctiles/Tile[36,49].asc
ncols 128
nrows 128
xllcorner 0
yllcorner 0
cellsize 2.0
NODATA_value  -9999
[rows 64 to 95 of 128, columns 0 to 70 of 128]
-94.19 -93.88 -93.53 -93.22 -92.94 -92.69 -92.44 -92.25 -92.09 -91.97 -91.88 -91.78 -91.72 -91.66 -91.56 -91.47 -91.31 -91.16 -90.97 -90.78 -90.59 -90.47 -90.41 -90.38 -90.41 -90.41 -90.41 -90.38 -90.34 -90.34 -90.31 -90.25 -90.19 -90.09 -90.03 -90.00 -89.97 -89.97 -89.97 -89.97 -89.97 -89.97 -89.97 -89.91 -89.88 -89.78 -89.72 -89.62 -89.53 -89.44 -89.41 -89.38 -89.38 -89.31 -89.22 -89.12 -89.00 -88.91 -88.84 -88.81 -88.81 -88.78 -88.78 -88.78 -88.81 -88.88 -88.97 -89.06 -89.16 -89.22 -89.25
-93.94 -93.62 -93.31 -92.97 -92.69 -92.41 -92.16 -91.94 -91.75 -91.62 -91.53 -91.44 -91.38 -91.31 -91.25 -91.16 -91.03 -90.84 -90.66 -90.47 -90.28 -90.16 -90.06 -90.03 -90.03 -90.06 -90.06 -90.06 -90.06 -90.03 -90.03 -90.00 -89.94 -89.84 -89.78 -89.72 -89.69 -89.66 -89.66 -89.66 -89.66 -89.66 -89.66 -89.59 -89.53 -89.47 -89.38 -89.25 -89.16 -89.06 -89.03 -89.00 -89.00 -88.94 -88.88 -88.78 -88.69 -88.59 -88.53 -88.47 -88.47 -88.44 -88.41 -88.44 -88.47 -88.56 -88.66 -88.78 -88.84 -88.88 -88.91
-93.69 -93.38 -93.03 -92.72 -92.41 -92.12 -91.84 -91.62 -91.44 -91.28 -91.16 -91.06 -91.00 -90.94 -90.91 -90.81 -90.69 -90.53 -90.34 -90.16 -89.97 -89.78 -89.69 -89.66 -89.66 -89.69 -89.69 -89.69 -89.69 -89.72 -89.72 -89.69 -89.66 -89.56 -89.50 -89.44 -89.38 -89.31 -89.31 -89.31 -89.31 -89.31 -89.31 -89.25 -89.19 -89.09 -89.00 -88.88 -88.75 -88.66 -88.59 -88.59 -88.56 -88.53 -88.47 -88.41 -88.31 -88.25 -88.19 -88.12 -88.09 -88.06 -88.03 -88.03 -88.12 -88.25 -88.34 -88.44 -88.50 -88.56 -88.59
-93.38 -93.06 -92.75 -92.41 -92.09 -91.81 -91.53 -91.31 -91.09 -90.94 -90.78 -90.69 -90.62 -90.56 -90.50 -90.44 -90.31 -90.19 -90.00 -89.81 -89.62 -89.44 -89.28 -89.22 -89.22 -89.25 -89.28 -89.28 -89.31 -89.34 -89.34 -89.34 -89.31 -89.28 -89.19 -89.12 -89.03 -88.97 -88.94 -88.94 -88.94 -88.94 -88.91 -88.88 -88.81 -88.72 -88.59 -88.47 -88.31 -88.22 -88.16 -88.12 -88.12 -88.09 -88.06 -88.00 -87.94 -87.88 -87.81 -87.78 -87.72 -87.66 -87.62 -87.66 -87.78 -87.91 -88.03 -88.12 -88.16 -88.19 -88.22
-93.03 -92.72 -92.41 -92.09 -91.75 -91.47 -91.19 -90.97 -90.75 -90.56 -90.41 -90.28 -90.22 -90.16 -90.09 -90.03 -89.94 -89.78 -89.62 -89.44 -89.25 -89.03 -88.88 -88.78 -88.75 -88.78 -88.81 -88.84 -88.88 -88.91 -88.94 -88.97 -88.97 -88.94 -88.88 -88.78 -88.72 -88.62 -88.56 -88.53 -88.53 -88.53 -88.50 -88.47 -88.41 -88.31 -88.16 -88.03 -87.88 -87.75 -87.66 -87.62 -87.62 -87.59 -87.59 -87.56 -87.56 -87.50 -87.44 -87.41 -87.34 -87.28 -87.22 -87.28 -87.44 -87.56 -87.69 -87.75 -87.81 -87.84 -87.88
-92.66 -92.38 -92.06 -91.72 -91.41 -91.09 -90.84 -90.59 -90.41 -90.22 -90.06 -89.91 -89.78 -89.72 -89.66 -89.59 -89.50 -89.38 -89.22 -89.03 -88.84 -88.66 -88.47 -88.31 -88.25 -88.25 -88.28 -88.34 -88.41 -88.47 -88.50 -88.56 -88.56 -88.56 -88.50 -88.44 -88.34 -88.25 -88.19 -88.12 -88.09 -88.09 -88.06 -88.03 -87.94 -87.84 -87.69 -87.53 -87.38 -87.22 -87.12 -87.09 -87.06 -87.06 -87.09 -87.12 -87.12 -87.09 -87.06 -87.00 -86.94 -86.88 -86.84 -86.94 -87.09 -87.22 -87.31 -87.38 -87.41 -87.44 -87.47
-92.22 -91.97 -91.66 -91.34 -91.00 -90.69 -90.44 -90.22 -90.03 -89.84 -89.69 -89.50 -89.38 -89.25 -89.19 -89.12 -89.03 -88.94 -88.78 -88.62 -88.41 -88.22 -88.03 -87.88 -87.75 -87.72 -87.75 -87.81 -87.88 -87.97 -88.03 -88.09 -88.12 -88.12 -88.09 -88.03 -87.97 -87.84 -87.75 -87.69 -87.62 -87.62 -87.59 -87.56 -87.47 -87.34 -87.19 -87.00 -86.84 -86.69 -86.56 -86.50 -86.50 -86.50 -86.56 -86.62 -86.69 -86.69 -86.66 -86.59 -86.53 -86.47 -86.47 -86.59 -86.75 -86.88 -86.94 -86.97 -87.00 -87.03 -87.06
-91.78 -91.56 -91.25 -90.94 -90.59 -90.28 -90.03 -89.81 -89.62 -89.47 -89.28 -89.09 -88.94 -88.81 -88.72 -88.62 -88.53 -88.44 -88.31 -88.16 -87.97 -87.78 -87.59 -87.41 -87.25 -87.09 -87.12 -87.25 -87.34 -87.44 -87.53 -87.56 -87.62 -87.66 -87.66 -87.62 -87.53 -87.44 -87.31 -87.22 -87.16 -87.12 -87.09 -87.03 -86.94 -86.78 -86.62 -86.44 -86.28 -86.09 -85.97 -85.91 -85.88 -85.94 -86.03 -86.12 -86.19 -86.22 -86.22 -86.19 -86.12 -86.06 -86.09 -86.25 -86.41 -86.53 -86.56 -86.59 -86.59 -86.59 -86.62
-91.31 -91.09 -90.81 -90.50 -90.16 -89.84 -89.59 -89.38 -89.22 -89.06 -88.88 -88.69 -88.53 -88.34 -88.22 -88.12 -88.03 -87.94 -87.81 -87.69 -87.50 -87.34 -87.16 -86.94 -86.75 -86.56 -86.53 -86.66 -86.78 -86.88 -86.97 -87.03 -87.09 -87.12 -87.16 -87.16 -87.09 -86.97 -86.84 -86.75 -86.66 -86.59 -86.53 -86.47 -86.38 -86.22 -86.03 -85.84 -85.69 -85.50 -85.38 -85.28 -85.25 -85.34 -85.47 -85.59 -85.69 -85.72 -85.75 -85.75 -85.72 -85.69 -85.75 -85.91 -86.06 -86.16 -86.19 -86.16 -86.16 -86.16 -86.12
-90.78 -90.62 -90.38 -90.06 -89.72 -89.41 -89.12 -88.94 -88.78 -88.62 -88.47 -88.28 -88.09 -87.91 -87.75 -87.59 -87.50 -87.41 -87.31 -87.16 -87.03 -86.84 -86.69 -86.50 -86.28 -86.09 -85.97 -86.09 -86.19 -86.28 -86.38 -86.44 -86.50 -86.56 -86.62 -86.66 -86.59 -86.50 -86.38 -86.22 -86.12 -86.03 -85.97 -85.91 -85.78 -85.62 -85.44 -85.22 -85.06 -84.88 -84.75 -84.62 -84.62 -84.75 -84.88 -85.03 -85.12 -85.22 -85.28 -85.31 -85.31 -85.31 -85.41 -85.53 -85.69 -85.78 -85.78 -85.72 -85.69 -85.66 -85.62
-90.22 -90.09 -89.88 -89.59 -89.28 -88.97 -88.69 -88.50 -88.34 -88.19 -88.00 -87.84 -87.66 -87.47 -87.28 -87.09 -86.97 -86.88 -86.78 -86.66 -86.50 -86.34 -86.22 -86.03 -85.84 -85.66 -85.53 -85.53 -85.62 -85.69 -85.78 -85.84 -85.91 -86.00 -86.06 -86.09 -86.06 -86.00 -85.84 -85.72 -85.59 -85.50 -85.41 -85.31 -85.19 -85.00 -84.81 -84.59 -84.41 -84.25 -84.12 -84.00 -84.00 -84.16 -84.31 -84.47 -84.59 -84.69 -84.78 -84.84 -84.91 -84.94 -85.03 -85.19 -85.31 -85.41 -85.38 -85.28 -85.16 -85.06 -85.03
-89.66 -89.56 -89.38 -89.09 -88.81 -88.50 -88.25 -88.03 -87.88 -87.72 -87.56 -87.38 -87.19 -87.00 -86.81 -86.62 -86.47 -86.34 -86.22 -86.09 -85.97 -85.84 -85.72 -85.59 -85.44 -85.25 -85.09 -85.03 -85.06 -85.09 -85.12 -85.19 -85.25 -85.38 -85.47 -85.53 -85.50 -85.44 -85.31 -85.16 -85.03 -84.94 -84.84 -84.72 -84.56 -84.38 -84.16 -83.94 -83.78 -83.62 -83.50 -83.41 -83.44 -83.56 -83.72 -83.88 -84.00 -84.16 -84.31 -84.41 -84.50 -84.56 -84.69 -84.81 -84.94 -85.00 -84.94 -84.81 -84.62 -84.41 -84.34
-89.03 -88.97 -88.81 -88.56 -88.28 -88.00 -87.78 -87.59 -87.44 -87.28 -87.09 -86.91 -86.72 -86.53 -86.34 -86.12 -85.94 -85.81 -85.69 -85.56 -85.44 -85.31 -85.22 -85.09 -84.97 -84.81 -84.69 -84.56 -84.50 -84.47 -84.41 -84.47 -84.59 -84.72 -84.81 -84.91 -84.91 -84.84 -84.72 -84.59 -84.47 -84.38 -84.28 -84.12 -83.97 -83.72 -83.44 -83.22 -83.09 -82.97 -82.88 -82.84 -82.88 -82.97 -83.12 -83.25 -83.41 -83.59 -83.81 -83.97 -84.09 -84.19 -84.28 -84.44 -84.53 -84.59 -84.53 -84.34 -84.09 -83.75 -83.50
-88.38 -88.34 -88.22 -88.00 -87.75 -87.47 -87.25 -87.09 -86.97 -86.81 -86.62 -86.44 -86.22 -86.03 -85.84 -85.62 -85.44 -85.28 -85.16 -85.03 -84.91 -84.81 -84.72 -84.59 -84.50 -84.38 -84.25 -84.12 -84.00 -83.88 -83.72 -83.75 -83.91 -84.06 -84.16 -84.25 -84.25 -84.22 -84.09 -84.00 -83.88 -83.78 -83.72 -83.56 -83.38 -83.06 -82.69 -82.44 -82.38 -82.34 -82.28 -82.25 -82.28 -82.38 -82.47 -82.56 -82.78 -83.09 -83.38 -83.56 -83.69 -83.78 -83.88 -84.00 -84.09 -84.16 -84.09 -83.91 -83.62 -83.22 -82.78
-87.72 -87.69 -87.59 -87.41 -87.16 -86.91 -86.72 -86.59 -86.47 -86.34 -86.16 -85.97 -85.72 -85.53 -85.31 -85.12 -84.94 -84.78 -84.62 -84.53 -84.41 -84.28 -84.19 -84.09 -84.00 -83.88 -83.78 -83.66 -83.50 -83.34 -83.12 -83.03 -83.19 -83.34 -83.47 -83.56 -83.59 -83.56 -83.44 -83.31 -83.22 -83.19 -83.16 -83.03 -82.81 -82.47 -82.00 -81.69 -81.66 -81.72 -81.69 -81.69 -81.72 -81.75 -81.78 -81.94 -82.28 -82.62 -82.94 -83.16 -83.28 -83.34 -83.41 -83.50 -83.59 -83.66 -83.59 -83.47 -83.22 -82.84 -82.34
-87.00 -87.00 -86.94 -86.78 -86.53 -86.31 -86.16 -86.06 -85.97 -85.84 -85.69 -85.47 -85.25 -85.00 -84.78 -84.59 -84.41 -84.25 -84.09 -84.00 -83.88 -83.75 -83.66 -83.56 -83.47 -83.38 -83.31 -83.19 -83.03 -82.84 -82.59 -82.41 -82.47 -82.66 -82.75 -82.84 -82.88 -82.84 -82.75 -82.62 -82.53 -82.53 -82.56 -82.47 -82.28 -81.94 -81.47 -81.03 -80.97 -81.09 -81.12 -81.12 -81.16 -81.19 -81.22 -81.47 -81.88 -82.22 -82.50 -82.72 -82.81 -82.88 -82.91 -83.00 -83.06 -83.09 -83.06 -82.97 -82.78 -82.50 -82.09
-86.25 -86.28 -86.25 -86.09 -85.91 -85.72 -85.56 -85.47 -85.41 -85.34 -85.22 -85.00 -84.75 -84.47 -84.25 -84.06 -83.88 -83.72 -83.56 -83.47 -83.34 -83.22 -83.09 -83.00 -82.91 -82.84 -82.81 -82.72 -82.56 -82.38 -82.12 -81.88 -81.81 -81.94 -82.03 -82.09 -82.16 -82.12 -82.03 -81.88 -81.78 -81.84 -81.94 -81.94 -81.75 -81.47 -81.03 -80.53 -80.38 -80.50 -80.56 -80.59 -80.66 -80.69 -80.81 -81.12 -81.47 -81.81 -82.06 -82.25 -82.31 -82.34 -82.38 -82.44 -82.50 -82.53 -82.50 -82.41 -82.28 -82.09 -81.78
-85.50 -85.53 -85.53 -85.41 -85.22 -85.06 -84.94 -84.88 -84.84 -84.81 -84.72 -84.53 -84.28 -83.97 -83.69 -83.50 -83.34 -83.16 -83.03 -82.91 -82.81 -82.69 -82.56 -82.47 -82.38 -82.31 -82.28 -82.25 -82.09 -81.91 -81.66 -81.41 -81.22 -81.22 -81.28 -81.38 -81.41 -81.41 -81.31 -81.16 -81.00 -81.16 -81.31 -81.38 -81.25 -81.00 -80.59 -80.16 -79.84 -79.94 -80.06 -80.09 -80.16 -80.28 -80.47 -80.75 -81.06 -81.34 -81.59 -81.75 -81.78 -81.78 -81.78 -81.88 -81.94 -81.94 -81.91 -81.81 -81.72 -81.59 -81.41
-84.69 -84.75 -84.75 -84.66 -84.50 -84.38 -84.28 -84.25 -84.25 -84.25 -84.19 -84.03 -83.78 -83.47 -83.16 -82.94 -82.78 -82.62 -82.47 -82.38 -82.25 -82.12 -82.00 -81.88 -81.81 -81.78 -81.78 -81.75 -81.62 -81.41 -81.19 -80.94 -80.69 -80.53 -80.50 -80.59 -80.66 -80.66 -80.56 -80.41 -80.28 -80.47 -80.69 -80.78 -80.75 -80.53 -80.22 -79.81 -79.44 -79.41 -79.53 -79.62 -79.72 -79.88 -80.06 -80.34 -80.62 -80.88 -81.09 -81.19 -81.22 -81.16 -81.12 -81.19 -81.31 -81.31 -81.28 -81.22 -81.12 -81.06 -80.94
-83.88 -83.94 -83.97 -83.88 -83.75 -83.66 -83.59 -83.56 -83.59 -83.62 -83.62 -83.53 -83.31 -83.00 -82.66 -82.38 -82.19 -82.06 -81.94 -81.81 -81.69 -81.56 -81.44 -81.31 -81.22 -81.22 -81.25 -81.22 -81.12 -80.94 -80.69 -80.44 -80.19 -79.94 -79.78 -79.84 -79.91 -79.91 -79.84 -79.69 -79.62 -79.84 -80.06 -80.22 -80.22 -80.09 -79.84 -79.50 -79.16 -78.97 -79.09 -79.19 -79.31 -79.44 -79.66 -79.88 -80.12 -80.38 -80.56 -80.66 -80.59 -80.50 -80.38 -80.38 -80.47 -80.56 -80.59 -80.53 -80.50 -80.47 -80.44
-83.00 -83.09 -83.12 -83.06 -82.94 -82.88 -82.84 -82.88 -82.94 -83.00 -83.03 -82.94 -82.78 -82.50 -82.19 -81.88 -81.62 -81.47 -81.34 -81.25 -81.12 -81.00 -80.84 -80.72 -80.62 -80.69 -80.72 -80.72 -80.59 -80.41 -80.19 -79.94 -79.69 -79.38 -79.06 -79.09 -79.16 -79.19 -79.12 -79.00 -79.00 -79.22 -79.47 -79.62 -79.69 -79.62 -79.44 -79.16 -78.88 -78.66 -78.66 -78.75 -78.88 -79.00 -79.19 -79.41 -79.62 -79.84 -80.00 -80.06 -80.00 -79.81 -79.50 -79.34 -79.38 -79.50 -79.69 -79.78 -79.84 -79.88 -79.88
-82.09 -82.25 -82.28 -82.19 -82.09 -82.03 -82.06 -82.16 -82.25 -82.31 -82.38 -82.31 -82.19 -81.97 -81.66 -81.34 -81.09 -80.91 -80.78 -80.69 -80.56 -80.41 -80.25 -80.12 -80.06 -80.12 -80.16 -80.19 -80.09 -79.91 -79.66 -79.41 -79.16 -78.78 -78.41 -78.38 -78.47 -78.47 -78.44 -78.34 -78.38 -78.62 -78.88 -79.06 -79.12 -79.12 -79.00 -78.81 -78.56 -78.34 -78.28 -78.34 -78.44 -78.56 -78.72 -78.91 -79.09 -79.31 -79.44 -79.50 -79.38 -79.12 -78.69 -78.34 -78.28 -78.41 -78.66 -78.97 -79.16 -79.25 -79.28
-81.22 -81.38 -81.41 -81.34 -81.25 -81.22 -81.28 -81.41 -81.53 -81.62 -81.69 -81.66 -81.56 -81.38 -81.12 -80.81 -80.56 -80.34 -80.22 -80.12 -80.00 -79.84 -79.69 -79.53 -79.47 -79.56 -79.62 -79.62 -79.56 -79.38 -79.12 -78.88 -78.59 -78.12 -77.69 -77.59 -77.75 -77.78 -77.75 -77.69 -77.78 -78.03 -78.28 -78.47 -78.59 -78.59 -78.53 -78.41 -78.19 -78.00 -77.91 -77.91 -78.00 -78.09 -78.25 -78.41 -78.59 -78.75 -78.88 -78.91 -78.81 -78.56 -78.09 -77.53 -77.31 -77.38 -77.69 -78.16 -78.47 -78.59 -78.69
-80.31 -80.50 -80.53 -80.47 -80.38 -80.34 -80.50 -80.62 -80.78 -80.88 -80.94 -80.94 -80.88 -80.72 -80.53 -80.25 -80.00 -79.78 -79.66 -79.53 -79.44 -79.25 -79.09 -78.94 -78.91 -78.97 -79.03 -79.06 -79.00 -78.84 -78.59 -78.31 -77.97 -77.38 -76.91 -76.84 -77.06 -77.12 -77.09 -77.09 -77.19 -77.44 -77.69 -77.91 -78.03 -78.09 -78.06 -77.97 -77.81 -77.62 -77.53 -77.50 -77.53 -77.62 -77.75 -77.88 -78.06 -78.22 -78.31 -78.34 -78.25 -78.03 -77.66 -77.06 -76.59 -76.56 -76.91 -77.47 -77.81 -78.00 -78.12
-79.44 -79.66 -79.66 -79.62 -79.53 -79.53 -79.69 -79.88 -80.00 -80.09 -80.16 -80.19 -80.16 -80.06 -79.91 -79.69 -79.44 -79.22 -79.06 -78.97 -78.84 -78.69 -78.53 -78.38 -78.31 -78.38 -78.47 -78.50 -78.44 -78.28 -78.03 -77.72 -77.31 -76.62 -76.12 -76.06 -76.38 -76.47 -76.47 -76.50 -76.62 -76.88 -77.12 -77.31 -77.47 -77.56 -77.59 -77.53 -77.41 -77.25 -77.12 -77.06 -77.09 -77.16 -77.25 -77.41 -77.56 -77.69 -77.78 -77.81 -77.75 -77.56 -77.25 -76.84 -76.28 -76.06 -76.38 -76.91 -77.22 -77.44 -77.56
-78.56 -78.81 -78.84 -78.78 -78.75 -78.78 -78.91 -79.06 -79.22 -79.28 -79.34 -79.38 -79.38 -79.34 -79.25 -79.09 -78.88 -78.66 -78.50 -78.38 -78.28 -78.12 -77.97 -77.81 -77.75 -77.78 -77.88 -77.91 -77.88 -77.72 -77.47 -77.16 -76.66 -75.88 -75.31 -75.28 -75.69 -75.84 -75.88 -75.94 -76.06 -76.31 -76.53 -76.72 -76.91 -77.03 -77.09 -77.06 -76.97 -76.84 -76.72 -76.62 -76.62 -76.69 -76.78 -76.94 -77.06 -77.19 -77.28 -77.28 -77.25 -77.12 -76.91 -76.62 -76.22 -75.84 -76.06 -76.47 -76.75 -76.94 -77.06
-77.75 -78.00 -78.06 -78.03 -78.00 -78.03 -78.16 -78.28 -78.38 -78.47 -78.53 -78.56 -78.59 -78.59 -78.56 -78.47 -78.28 -78.06 -77.91 -77.81 -77.69 -77.56 -77.41 -77.28 -77.16 -77.16 -77.25 -77.31 -77.31 -77.16 -76.91 -76.59 -76.09 -75.22 -74.59 -74.53 -75.00 -75.22 -75.31 -75.38 -75.53 -75.72 -75.94 -76.19 -76.38 -76.53 -76.59 -76.59 -76.53 -76.41 -76.28 -76.22 -76.19 -76.25 -76.34 -76.47 -76.59 -76.69 -76.78 -76.81 -76.81 -76.72 -76.56 -76.34 -76.09 -75.81 -75.88 -76.16 -76.34 -76.50 -76.59
-77.06 -77.25 -77.34 -77.31 -77.31 -77.31 -77.41 -77.47 -77.56 -77.62 -77.66 -77.72 -77.78 -77.84 -77.84 -77.78 -77.66 -77.47 -77.31 -77.19 -77.12 -77.00 -76.88 -76.72 -76.59 -76.53 -76.62 -76.72 -76.72 -76.59 -76.34 -76.03 -75.56 -74.72 -73.97 -73.84 -74.38 -74.62 -74.75 -74.84 -74.97 -75.19 -75.41 -75.66 -75.88 -76.03 -76.09 -76.12 -76.06 -75.97 -75.88 -75.81 -75.78 -75.81 -75.91 -76.03 -76.12 -76.22 -76.31 -76.34 -76.38 -76.31 -76.22 -76.06 -75.91 -75.72 -75.72 -75.84 -76.00 -76.09 -76.12
-76.53 -76.59 -76.69 -76.66 -76.66 -76.62 -76.66 -76.69 -76.72 -76.75 -76.78 -76.81 -76.97 -77.06 -77.09 -77.09 -77.03 -76.88 -76.72 -76.59 -76.53 -76.44 -76.31 -76.16 -76.00 -75.91 -76.00 -76.12 -76.16 -76.00 -75.78 -75.44 -75.03 -74.34 -73.50 -73.28 -73.81 -74.06 -74.22 -74.34 -74.47 -74.66 -74.91 -75.16 -75.38 -75.53 -75.59 -75.62 -75.59 -75.56 -75.47 -75.41 -75.38 -75.41 -75.50 -75.59 -75.66 -75.75 -75.84 -75.91 -75.97 -75.94 -75.88 -75.78 -75.66 -75.53 -75.50 -75.59 -75.66 -75.72 -75.72
-76.22 -76.06 -76.09 -76.06 -76.03 -76.00 -75.94 -75.91 -75.91 -75.91 -75.88 -75.91 -76.09 -76.25 -76.34 -76.38 -76.34 -76.25 -76.12 -76.00 -75.94 -75.84 -75.75 -75.59 -75.44 -75.31 -75.41 -75.53 -75.56 -75.44 -75.19 -74.88 -74.50 -73.97 -73.16 -72.84 -73.31 -73.56 -73.72 -73.84 -73.97 -74.16 -74.41 -74.69 -74.88 -75.03 -75.09 -75.16 -75.16 -75.16 -75.09 -75.03 -75.00 -75.03 -75.09 -75.16 -75.22 -75.31 -75.41 -75.47 -75.56 -75.59 -75.56 -75.47 -75.38 -75.31 -75.28 -75.28 -75.34 -75.34 -75.28
-75.94 -75.69 -75.59 -75.53 -75.47 -75.38 -75.28 -75.19 -75.12 -75.06 -74.91 -74.91 -75.12 -75.38 -75.53 -75.62 -75.62 -75.59 -75.50 -75.41 -75.31 -75.25 -75.12 -75.00 -74.88 -74.75 -74.81 -74.94 -74.97 -74.88 -74.62 -74.31 -73.97 -73.53 -72.84 -72.50 -72.88 -73.09 -73.25 -73.38 -73.50 -73.69 -73.94 -74.19 -74.38 -74.53 -74.62 -74.69 -74.75 -74.75 -74.72 -74.69 -74.66 -74.66 -74.69 -74.72 -74.78 -74.88 -74.97 -75.06 -75.19 -75.22 -75.25 -75.19 -75.09 -75.03 -75.00 -75.00 -74.97 -74.97 -74.91
-75.66 -75.34 -75.16 -75.03 -74.94 -74.81 -74.69 -74.53 -74.41 -74.28 -74.06 -74.00 -74.12 -74.41 -74.69 -74.84 -74.91 -74.91 -74.84 -74.78 -74.69 -74.62 -74.53 -74.41 -74.28 -74.19 -74.25 -74.34 -74.38 -74.28 -74.06 -73.78 -73.44 -73.06 -72.56 -72.22 -72.47 -72.66 -72.78 -72.91 -73.06 -73.25 -73.50 -73.72 -73.91 -74.03 -74.16 -74.28 -74.34 -74.41 -74.41 -74.38 -74.34 -74.31 -74.28 -74.31 -74.31 -74.44 -74.56 -74.69 -74.81 -74.91 -74.91 -74.88 -74.81 -74.75 -74.69 -74.66 -74.62 -74.59 -74.53
