everonasctiles/Tile[31,9].asc
ncols 128
nrows 128
xllcorner 0
yllcorner 0
cellsize 2.0
NODATA_value  -9999
[rows 0 to 31 of 128, columns 0 to 70 of 128]
251.06 250.66 250.19 249.97 249.75 249.53 249.38 249.25 249.22 249.25 249.47 249.88 250.34 250.84 251.25 251.50 251.75 251.81 252.03 251.44 252.03 252.25 252.56 252.88 253.25 253.47 253.88 253.16 253.91 254.22 254.53 254.69 254.78 254.72 254.38 254.50 254.88 255.09 254.88 255.56 255.94 256.38 256.88 257.41 257.97 258.59 259.88 261.00 261.75 262.69 263.72 264.97 266.56 268.09 269.34 270.31 271.22 272.22 273.09 273.81 274.41 274.84 275.19 275.81 276.09 276.28 276.69 276.97 277.34 278.06 278.91
250.34 249.94 249.47 249.41 249.16 248.91 248.78 248.69 248.69 248.78 249.03 249.50 249.94 250.41 250.78 251.03 251.31 251.44 251.59 251.25 251.62 251.88 251.94 252.16 252.66 253.00 253.34 252.84 253.59 253.75 253.94 254.03 254.00 253.62 253.31 253.38 253.69 253.97 254.22 254.88 255.28 255.78 256.34 257.00 257.75 258.69 259.59 260.41 261.34 262.22 263.25 264.41 265.72 267.03 268.12 268.91 269.84 271.09 272.25 273.16 273.75 274.16 274.41 274.69 274.94 275.31 275.94 276.53 277.03 277.66 278.47
249.72 249.31 248.94 248.66 248.38 248.34 248.12 248.06 248.12 248.28 248.56 249.06 249.50 249.88 250.19 250.56 250.91 251.03 251.12 250.81 251.03 251.28 251.47 251.78 252.28 252.53 252.72 252.88 253.19 253.28 253.34 253.38 253.59 252.91 252.62 252.94 253.22 253.47 253.84 254.34 254.69 255.28 255.84 256.47 257.34 258.12 258.97 259.88 260.84 261.78 262.72 263.72 264.78 265.81 266.62 266.62 266.91 268.41 271.16 272.34 273.06 273.44 273.62 273.75 274.09 274.31 275.56 276.03 277.25 277.81 278.44
249.09 248.62 248.25 247.91 247.78 247.66 247.53 247.47 247.56 247.72 247.97 248.53 249.00 249.31 249.53 250.16 250.50 250.62 250.72 250.66 250.59 250.91 251.06 251.59 251.84 252.12 252.31 252.47 252.84 252.50 252.78 252.56 252.88 252.25 252.19 252.72 252.88 253.16 253.56 254.00 254.41 254.91 255.16 255.56 256.38 257.31 258.16 259.22 260.12 261.09 262.06 262.94 263.78 264.56 265.19 265.19 265.19 265.78 267.34 271.28 272.25 272.59 272.97 273.41 273.84 274.50 276.25 276.25 277.06 277.69 278.56
248.44 247.78 247.38 247.22 247.12 246.94 246.81 246.81 246.97 247.22 247.28 247.78 248.38 248.47 248.84 249.59 250.06 250.19 250.28 250.41 250.19 250.28 250.59 251.16 251.44 251.69 251.88 251.94 251.91 252.03 252.12 252.16 251.88 251.47 252.00 252.19 252.41 252.72 253.06 253.44 253.78 254.06 254.41 255.03 255.84 256.66 257.41 258.53 259.53 260.47 261.31 262.09 262.78 263.44 263.78 264.06 264.56 265.09 265.16 267.41 271.31 271.72 272.44 273.06 273.62 274.16 275.12 275.88 276.69 277.72 278.44
247.59 246.94 246.66 246.53 246.28 246.12 246.00 246.09 246.38 246.62 246.59 246.94 247.50 247.66 248.06 248.81 249.62 249.72 249.84 249.72 250.06 249.97 250.16 250.69 250.97 251.22 251.38 251.50 251.34 251.38 251.34 251.19 251.28 251.50 251.22 251.44 251.81 252.09 252.41 252.69 253.00 253.31 253.91 254.69 255.41 256.28 257.06 257.94 258.97 259.84 260.62 261.28 261.81 261.97 262.25 262.59 263.31 264.19 264.59 264.88 267.91 271.00 271.88 272.75 273.34 273.81 274.31 275.38 276.53 277.69 278.34
246.81 246.22 246.00 245.72 245.44 245.25 245.25 245.44 245.81 246.06 246.06 246.16 246.66 246.88 247.22 248.16 249.03 249.22 249.41 248.97 249.66 249.66 249.81 250.22 250.50 250.72 250.75 251.06 251.09 250.91 250.94 250.94 250.97 250.84 250.69 250.97 251.16 251.41 251.69 252.00 252.31 252.78 253.31 254.12 254.81 255.53 256.53 257.56 258.47 259.25 259.88 260.44 260.62 261.09 261.59 261.94 262.47 263.09 263.94 264.38 265.56 268.03 272.16 272.41 272.97 273.50 274.22 275.06 276.62 277.44 278.09
246.00 245.66 245.34 244.97 244.62 244.47 244.62 244.94 245.25 245.53 245.72 245.66 245.47 246.03 246.47 247.22 248.25 248.69 248.91 248.66 249.22 249.34 249.44 249.78 250.03 250.25 250.19 250.59 250.66 250.59 250.56 250.56 250.50 250.28 250.44 250.44 250.38 250.75 251.09 251.41 251.69 252.19 252.78 253.59 254.47 255.31 256.16 257.03 257.88 258.56 259.16 259.50 259.88 260.41 260.81 261.41 262.00 262.38 263.31 264.22 265.06 265.81 270.09 271.72 272.50 273.19 274.00 274.78 275.75 277.00 277.88
245.34 244.94 244.62 244.28 243.94 243.84 243.97 244.31 244.72 245.06 245.31 245.38 244.94 245.19 245.91 246.66 247.59 248.09 248.34 248.34 248.44 248.91 249.03 249.31 249.56 249.72 249.59 249.88 250.16 250.25 250.12 250.06 250.00 250.09 249.78 249.72 250.00 250.31 250.53 250.75 251.03 251.47 252.22 253.09 254.00 254.81 255.62 256.41 257.16 257.81 258.34 258.47 259.22 259.59 260.22 260.59 261.19 261.66 262.84 263.91 264.97 266.31 267.53 271.06 272.34 272.81 273.66 274.56 275.62 276.75 277.59
244.78 244.22 243.91 243.59 243.34 243.28 243.34 243.72 244.19 244.41 244.59 244.97 244.75 244.53 245.16 246.03 246.84 247.38 247.69 247.81 247.44 248.28 248.59 248.81 249.06 249.34 249.16 249.22 249.62 249.81 249.47 249.41 249.28 249.22 249.16 249.41 249.47 249.69 249.94 250.09 250.34 250.84 251.69 252.56 253.44 254.19 254.94 255.69 256.38 256.94 257.22 257.59 258.44 258.88 259.41 259.94 260.69 261.47 262.66 263.59 264.78 266.16 267.97 269.62 271.56 272.47 273.25 274.22 275.31 276.38 276.94
244.19 243.47 243.25 242.94 242.81 242.81 243.00 243.28 243.66 243.66 243.66 244.09 244.44 244.19 244.75 245.28 246.12 246.62 247.00 247.22 246.97 247.53 247.97 248.25 248.50 248.84 248.38 248.78 249.28 249.12 248.59 248.62 248.62 248.00 248.41 248.84 248.94 249.12 249.28 249.44 249.75 250.34 251.16 252.00 252.78 253.44 254.06 254.88 255.59 256.12 256.31 256.62 257.28 257.88 258.66 259.25 260.09 260.97 261.81 263.06 264.44 265.97 267.72 269.22 270.56 271.69 272.66 273.56 274.53 275.62 276.19
243.66 242.88 242.47 242.31 242.28 242.44 242.75 243.03 243.22 243.16 243.22 243.44 243.78 243.88 244.25 244.75 245.22 245.78 246.28 246.69 246.44 246.66 247.25 247.56 247.78 248.06 247.56 247.62 248.12 248.16 248.00 247.69 247.78 247.34 247.62 248.09 248.47 248.53 248.66 248.88 249.34 249.94 250.75 251.47 251.97 252.62 253.38 254.25 254.91 255.19 255.44 255.81 256.38 257.00 257.69 258.50 259.31 260.12 260.97 262.16 263.62 265.78 267.41 268.94 270.25 271.03 272.28 273.34 274.25 275.12 276.47
243.22 242.34 241.88 241.75 241.94 242.19 242.53 242.84 243.03 243.06 243.03 243.16 243.19 243.25 243.84 244.12 244.44 244.88 245.41 245.84 245.78 246.19 246.59 246.81 247.00 247.16 246.94 246.56 246.66 246.88 247.09 246.94 247.19 247.44 246.62 247.00 247.66 247.88 248.03 248.41 249.00 249.69 250.28 250.75 251.25 252.25 252.97 253.62 254.06 254.34 254.75 255.19 255.59 256.31 257.22 257.94 258.59 259.12 260.56 261.53 262.41 264.69 267.44 268.81 270.03 271.31 272.41 273.19 274.00 275.00 276.06
242.59 241.78 241.34 241.38 241.62 242.00 242.38 242.66 242.75 242.84 242.78 242.97 242.97 242.75 243.19 243.59 243.84 244.25 244.75 245.09 245.09 245.56 245.88 246.00 246.12 246.25 246.09 245.56 245.56 246.12 246.19 245.81 245.56 245.62 246.09 246.38 246.91 247.16 247.50 248.00 248.78 249.22 249.72 250.16 250.84 251.78 252.44 253.06 253.22 253.81 254.47 254.69 255.03 255.91 256.47 257.19 257.91 258.78 259.72 260.72 261.34 263.25 266.84 268.69 269.44 270.97 272.62 272.84 273.66 274.75 275.84
241.84 241.16 240.91 241.00 241.44 241.84 242.22 242.44 242.50 242.53 242.62 242.72 242.84 242.44 242.50 242.91 243.12 243.53 244.00 244.31 244.47 244.66 244.94 245.12 245.25 245.31 245.03 244.59 244.94 245.03 244.94 244.78 244.72 245.09 245.41 245.91 246.22 246.56 246.94 247.78 248.25 248.50 249.00 249.72 250.56 251.28 251.97 252.47 252.69 253.19 253.69 253.94 254.66 255.56 255.97 256.69 257.41 258.12 259.16 259.84 260.66 262.16 264.94 266.97 267.81 268.91 270.81 272.28 273.12 274.47 275.69
241.00 240.50 240.38 240.72 241.22 241.66 242.06 242.19 242.19 242.31 242.47 242.44 242.44 242.38 242.06 242.16 242.56 242.72 243.12 243.47 243.66 243.66 243.97 244.12 244.28 244.28 244.38 243.53 244.06 244.03 243.97 244.09 244.44 244.78 245.06 245.34 245.59 245.88 246.53 246.94 247.16 247.69 248.41 249.34 250.12 250.84 251.41 251.72 251.88 252.31 252.75 253.41 254.25 255.09 255.41 256.47 256.81 257.56 258.53 259.50 260.19 261.62 262.66 263.84 265.34 266.50 267.81 270.25 273.00 274.53 275.72
240.12 239.81 239.94 240.47 240.97 241.44 241.81 241.72 241.84 242.03 242.09 242.09 242.12 242.06 242.00 241.69 242.00 242.06 242.19 242.56 242.78 242.75 242.81 243.06 243.09 243.09 243.34 242.88 242.31 243.03 242.97 243.34 244.00 244.31 244.50 244.78 244.97 245.34 245.53 245.88 246.34 246.88 247.72 248.84 249.66 250.31 250.88 251.09 251.19 251.53 251.81 252.59 253.69 254.09 254.59 255.34 256.44 257.16 258.00 259.06 259.78 260.62 261.47 262.53 263.88 265.16 266.59 269.00 271.78 274.16 275.62
239.25 239.19 239.59 240.22 240.72 241.19 241.44 241.34 241.47 241.62 241.72 241.78 241.78 241.75 241.69 241.69 241.50 241.53 241.59 241.78 241.88 241.62 241.78 241.84 241.88 241.94 242.09 242.06 241.34 241.81 242.00 242.34 242.91 243.50 243.81 244.09 244.25 244.31 244.66 245.12 245.69 246.41 247.25 248.19 248.94 249.69 250.22 250.53 250.56 250.91 251.03 251.94 252.75 253.25 253.84 254.78 255.62 256.88 257.41 258.47 259.47 260.25 261.06 262.38 263.34 264.84 266.41 268.16 270.03 271.75 273.19
238.59 238.81 239.34 239.97 240.47 240.81 241.03 241.03 241.19 241.28 241.28 241.34 241.31 241.34 241.34 241.34 241.34 241.06 241.00 241.12 240.88 240.84 240.94 240.81 240.72 240.88 240.94 240.84 240.75 240.97 241.19 241.53 242.03 242.59 242.97 243.09 243.19 243.41 243.88 244.44 245.12 245.88 246.75 247.66 248.34 248.97 249.53 249.53 249.69 250.09 250.44 251.09 251.75 252.41 253.00 253.97 254.91 256.03 256.97 257.75 258.78 259.81 260.84 262.16 263.28 264.53 266.03 267.38 268.53 269.59 270.66
238.22 238.59 239.19 239.75 240.25 240.47 240.56 240.75 240.84 240.88 240.88 240.81 240.81 240.91 240.91 240.88 240.91 240.66 240.41 240.41 240.44 240.06 240.12 240.34 240.03 239.97 239.91 239.84 239.75 240.22 240.47 240.94 241.31 241.72 241.94 242.00 242.28 242.59 243.09 243.75 244.59 245.50 246.25 247.09 247.62 248.12 248.34 248.41 248.97 249.28 250.28 250.62 250.62 251.59 252.34 253.31 254.09 255.19 256.50 257.56 258.62 259.53 260.38 261.66 262.88 264.12 265.44 266.53 267.59 268.59 269.88
237.97 238.50 239.03 239.53 239.94 240.12 240.31 240.38 240.47 240.50 240.50 240.47 240.28 240.41 240.47 240.38 240.31 239.94 239.69 239.38 239.59 239.50 238.97 239.53 239.44 239.31 239.31 239.00 238.88 239.28 239.84 240.34 240.62 240.91 241.16 241.25 241.47 241.69 242.25 243.03 244.09 245.09 245.84 246.38 246.91 247.22 247.09 247.62 248.28 248.84 248.97 249.62 250.50 251.09 251.81 252.75 253.53 254.78 256.12 257.28 258.16 258.91 259.91 261.06 262.12 263.41 264.75 265.84 266.81 268.19 269.59
237.69 238.25 238.84 239.34 239.59 239.66 239.94 240.06 240.12 240.16 240.19 240.09 239.94 239.94 240.00 239.84 239.66 239.50 239.12 238.38 238.34 238.78 238.44 238.38 238.72 238.69 238.66 238.44 238.12 238.91 239.44 239.66 239.88 240.12 240.38 240.50 240.72 240.91 241.56 242.31 243.56 244.66 245.22 245.62 246.06 246.25 246.34 247.00 248.03 248.09 248.41 249.19 249.91 250.88 251.66 252.31 253.28 254.38 255.66 256.84 258.00 258.56 259.56 260.47 261.41 262.50 263.62 264.69 266.41 267.94 269.22
237.22 237.78 238.41 239.00 239.19 239.34 239.62 239.69 239.72 239.78 239.78 239.59 239.50 239.44 239.38 239.31 239.06 238.78 238.44 237.84 237.66 237.41 237.22 237.53 237.84 238.00 238.00 237.75 237.75 238.12 238.62 238.91 239.12 239.38 239.56 239.88 240.19 240.41 240.91 241.94 242.91 243.75 244.44 244.84 245.31 245.72 246.12 246.97 247.78 247.16 248.09 249.03 249.84 250.84 251.38 252.19 253.03 254.19 255.38 256.38 257.09 257.91 258.97 260.19 261.16 262.22 263.28 264.22 266.12 267.56 268.66
236.75 237.16 237.69 238.28 238.78 238.97 239.12 239.25 239.28 239.25 239.03 239.00 238.94 238.91 238.81 238.62 238.38 238.12 237.84 237.50 237.19 236.84 236.44 236.47 236.94 237.34 237.41 237.16 237.12 237.47 237.91 238.19 238.47 238.72 239.06 239.34 239.59 239.81 240.31 241.25 242.03 242.94 243.88 244.53 245.06 245.50 246.09 247.06 246.97 247.38 248.16 248.88 249.81 250.66 251.34 252.00 253.03 254.03 255.19 255.97 256.78 257.50 258.28 259.66 260.69 261.81 262.84 263.97 265.47 266.81 268.00
236.28 236.62 237.03 237.59 238.09 238.47 238.62 238.72 238.72 238.59 238.44 238.31 238.28 238.34 238.22 238.06 237.75 237.56 237.31 236.94 236.72 236.59 236.25 235.88 236.03 236.56 236.81 236.94 236.44 236.84 237.34 237.59 237.75 238.00 238.44 238.66 238.88 239.19 239.84 240.75 241.94 242.91 243.72 244.19 244.84 245.50 246.09 246.84 246.75 247.44 248.03 248.81 249.56 250.50 251.28 252.16 253.03 253.91 254.94 255.66 256.50 257.16 257.97 259.09 260.41 261.47 262.47 263.50 264.75 266.09 267.34
235.84 236.19 236.44 236.91 237.50 237.84 238.06 238.16 238.09 237.84 237.81 237.50 237.44 237.62 237.53 237.31 237.03 236.84 236.66 236.41 236.19 236.03 235.75 235.69 235.62 235.78 236.19 236.16 236.09 236.41 236.84 236.97 237.19 237.41 237.81 238.03 238.44 238.91 239.50 240.53 241.69 242.72 243.44 243.94 244.69 245.28 245.81 246.25 246.31 246.94 247.75 248.56 249.41 250.25 251.03 251.91 252.81 253.69 254.56 255.38 256.25 256.97 257.84 259.03 260.16 261.12 262.00 263.34 264.66 265.88 266.91
235.34 235.66 235.78 236.22 236.84 237.22 237.47 237.56 237.47 237.22 237.00 236.88 236.84 236.78 236.72 236.41 236.25 236.19 236.03 235.91 235.69 235.53 235.34 235.41 235.44 235.53 235.62 235.75 235.88 236.00 236.28 236.41 236.66 236.94 237.31 237.69 238.25 238.72 239.44 240.44 241.44 242.34 243.03 243.62 244.38 244.84 245.22 245.91 246.34 246.81 247.66 248.34 249.22 249.97 250.72 251.53 252.47 253.31 254.25 255.06 255.94 256.69 257.66 258.69 259.75 260.66 261.78 263.03 264.25 265.22 266.09
234.88 235.22 235.28 235.72 236.25 236.56 236.81 236.94 236.88 236.72 236.44 236.41 236.19 236.00 235.91 235.69 235.56 235.38 235.25 235.22 235.06 235.09 235.06 235.12 235.19 235.28 235.44 235.53 235.66 235.78 235.97 236.16 236.31 236.47 236.91 237.47 238.06 238.69 239.44 240.31 241.00 241.94 242.81 243.41 243.75 244.59 245.41 245.97 246.09 246.53 247.38 248.19 248.97 249.69 250.34 251.00 251.84 252.81 253.72 254.75 255.47 256.25 257.00 257.94 258.78 260.22 261.16 262.25 263.50 265.06 265.91
234.41 234.78 234.81 235.25 235.59 235.88 236.16 236.28 236.28 236.19 235.97 235.81 235.66 235.47 235.25 235.03 234.75 234.50 234.59 234.53 234.47 234.56 234.72 234.78 234.94 235.06 235.19 235.31 235.44 235.62 235.78 235.97 236.19 236.34 236.81 237.47 238.12 238.88 239.62 240.34 241.12 242.06 242.56 243.12 243.62 244.62 245.28 245.62 245.81 246.41 247.22 247.91 248.62 249.31 249.69 250.50 251.16 252.16 253.19 253.91 254.81 255.72 256.53 257.19 258.12 259.31 260.56 261.81 263.12 264.47 265.56
234.00 234.25 234.38 234.78 234.91 235.22 235.53 235.66 235.66 235.62 235.44 235.25 235.03 234.94 234.59 234.34 234.03 233.88 234.00 234.00 234.09 234.25 234.31 234.47 234.59 234.75 234.91 235.09 235.28 235.44 235.62 235.88 236.12 236.28 236.88 237.78 238.50 239.00 239.72 240.47 241.06 241.88 242.34 243.25 243.81 244.34 244.94 245.22 245.50 246.22 247.09 247.66 248.41 248.94 249.28 250.00 250.72 251.88 252.84 253.47 254.28 255.09 256.00 256.81 257.75 258.81 259.91 260.94 262.47 263.69 265.12
233.75 233.78 234.03 234.25 234.50 234.72 234.88 234.97 235.03 235.03 234.84 234.75 234.50 234.38 234.16 233.88 233.47 233.34 233.41 233.59 233.66 233.78 233.91 234.06 234.22 234.44 234.69 234.94 235.06 235.28 235.53 235.81 236.03 236.31 237.03 237.84 238.53 239.31 239.94 240.56 241.09 241.69 242.41 243.22 243.75 244.28 244.72 245.16 245.50 246.06 246.75 247.38 248.09 248.56 248.97 249.47 250.28 251.31 252.31 252.91 253.72 254.69 255.72 256.69 257.47 258.53 259.38 260.16 261.44 262.44 264.03
233.34 233.41 233.56 233.78 233.94 234.16 234.22 234.28 234.28 234.22 233.94 234.06 233.94 233.81 233.62 233.44 233.03 232.97 233.03 233.12 233.19 233.31 233.50 233.69 233.94 234.22 234.50 234.72 234.91 235.19 235.47 235.72 235.97 236.41 237.16 237.91 238.59 239.28 239.97 240.62 241.22 241.88 242.69 243.34 243.81 244.25 244.66 245.03 245.47 246.00 246.50 247.12 247.66 248.03 248.59 249.28 249.91 250.69 251.75 252.31 253.03 254.19 255.50 256.47 257.41 258.28 259.06 259.88 260.84 262.28 263.88
