everonasctiles/Tile[44,12].asc
ncols 128
nrows 128
xllcorner 0
yllcorner 0
cellsize 2.0
NODATA_value  -9999
[rows 0 to 31 of 128, columns 0 to 70 of 128]
-74.38 -76.00 -77.19 -78.03 -78.53 -78.50 -77.97 -78.34 -80.00 -82.56 -84.09 -84.41 -83.34 -81.59 -81.31 -81.91 -82.44 -82.94 -83.44 -83.69 -83.56 -83.91 -84.81 -86.09 -87.09 -87.12 -86.50 -85.00 -84.75 -84.97 -84.84 -84.75 -85.41 -87.00 -88.56 -88.84 -88.56 -87.66 -87.06 -87.88 -88.56 -88.84 -88.81 -88.47 -88.03 -87.56 -87.09 -86.62 -86.56 -86.88 -87.16 -87.25 -87.25 -87.59 -88.28 -88.72 -88.75 -88.62 -88.47 -88.28 -87.88 -87.34 -86.78 -86.22 -85.66 -85.00 -84.56 -84.25 -83.94 -83.72 -83.69
-74.41 -75.56 -76.44 -77.00 -77.31 -76.88 -76.62 -77.59 -79.72 -82.47 -83.38 -83.28 -81.47 -79.97 -79.84 -80.81 -81.22 -81.56 -81.72 -81.53 -81.62 -82.12 -82.97 -84.16 -85.75 -86.09 -85.72 -84.03 -83.19 -83.12 -83.19 -83.56 -84.78 -86.81 -87.88 -88.03 -87.66 -86.75 -86.47 -87.19 -87.88 -88.12 -88.03 -87.62 -87.12 -86.69 -86.31 -86.00 -86.00 -86.16 -86.03 -85.75 -85.78 -86.28 -87.34 -88.03 -88.16 -87.94 -87.72 -87.75 -87.59 -87.25 -86.75 -86.22 -85.69 -85.06 -84.31 -83.72 -83.28 -82.97 -82.94
-73.91 -74.75 -75.41 -75.94 -75.94 -75.25 -75.50 -77.00 -79.47 -81.91 -82.47 -81.94 -79.88 -78.50 -78.47 -79.50 -79.91 -80.03 -79.75 -79.53 -79.78 -80.34 -81.16 -82.38 -84.41 -85.03 -84.75 -83.03 -81.78 -81.53 -81.91 -82.94 -84.72 -86.62 -87.19 -87.16 -86.38 -85.69 -85.69 -86.47 -87.16 -87.38 -87.22 -86.78 -86.25 -85.75 -85.44 -85.28 -85.12 -84.97 -84.62 -84.31 -84.47 -85.28 -86.66 -87.38 -87.50 -87.12 -86.75 -87.03 -87.12 -86.97 -86.59 -86.12 -85.56 -84.94 -84.12 -83.38 -82.78 -82.38 -82.34
-73.00 -73.59 -74.06 -74.47 -74.22 -73.84 -74.59 -76.56 -79.47 -81.12 -81.38 -80.38 -78.31 -77.09 -77.06 -78.12 -78.50 -78.53 -77.94 -77.69 -77.97 -78.56 -79.44 -80.97 -83.25 -83.91 -83.72 -81.97 -80.53 -80.34 -81.19 -82.84 -85.03 -86.12 -86.41 -85.91 -84.88 -84.50 -84.81 -85.72 -86.41 -86.62 -86.38 -85.91 -85.38 -84.91 -84.59 -84.41 -84.06 -83.69 -83.25 -83.03 -83.47 -84.69 -86.16 -86.72 -86.75 -86.16 -85.66 -86.16 -86.53 -86.50 -86.31 -85.94 -85.44 -84.81 -84.00 -83.16 -82.44 -81.94 -81.91
-71.78 -71.78 -72.16 -72.62 -72.53 -72.66 -74.00 -76.44 -79.25 -80.25 -80.16 -78.62 -76.72 -75.62 -75.59 -76.69 -77.09 -77.09 -76.31 -75.97 -76.28 -76.97 -78.12 -80.09 -82.22 -82.78 -82.59 -80.91 -79.47 -79.50 -80.84 -82.91 -84.91 -85.53 -85.41 -84.19 -83.38 -83.28 -83.84 -84.94 -85.66 -85.81 -85.50 -84.94 -84.50 -84.06 -83.75 -83.47 -82.94 -82.38 -82.00 -82.06 -82.91 -84.44 -85.62 -86.03 -85.88 -85.03 -84.66 -85.31 -85.88 -85.97 -85.91 -85.69 -85.28 -84.78 -84.09 -83.25 -82.44 -81.78 -81.59
-69.97 -69.84 -70.38 -70.88 -71.12 -72.03 -74.00 -76.78 -78.56 -79.09 -78.81 -77.06 -75.16 -74.16 -74.16 -75.31 -75.75 -75.75 -74.78 -74.38 -74.75 -75.72 -77.41 -79.84 -81.22 -81.66 -81.38 -79.72 -78.53 -78.97 -80.69 -83.03 -84.44 -84.75 -84.06 -82.56 -81.91 -82.06 -82.94 -84.19 -84.81 -84.94 -84.47 -83.72 -83.44 -83.16 -82.84 -82.56 -81.81 -81.22 -80.97 -81.44 -82.69 -84.28 -85.06 -85.28 -84.88 -83.91 -83.81 -84.59 -85.22 -85.41 -85.41 -85.31 -85.09 -84.69 -84.19 -83.53 -82.78 -82.03 -81.53
-68.00 -68.16 -68.81 -69.50 -70.50 -72.19 -74.75 -76.81 -77.66 -77.78 -77.44 -75.75 -73.78 -72.75 -72.84 -74.12 -74.53 -74.47 -73.38 -73.00 -73.62 -75.12 -77.38 -79.41 -80.22 -80.41 -79.75 -78.38 -77.69 -78.62 -80.62 -82.97 -83.84 -83.78 -82.28 -80.97 -80.47 -80.88 -82.16 -83.38 -83.91 -83.91 -83.22 -82.22 -82.03 -82.12 -81.94 -81.69 -80.84 -80.22 -80.28 -81.19 -82.66 -83.97 -84.50 -84.50 -83.66 -82.88 -83.09 -84.06 -84.62 -84.84 -84.91 -84.88 -84.78 -84.53 -84.12 -83.66 -83.09 -82.47 -81.78
-66.44 -66.88 -67.88 -69.12 -70.88 -73.22 -75.16 -76.19 -76.47 -76.38 -76.09 -74.56 -72.56 -71.47 -71.75 -73.06 -73.41 -73.28 -72.16 -72.00 -73.12 -75.19 -77.59 -78.56 -79.00 -78.53 -77.75 -76.97 -77.03 -78.50 -80.81 -82.59 -83.09 -82.44 -80.56 -79.41 -79.12 -79.88 -81.50 -82.44 -82.91 -82.75 -81.78 -80.72 -80.62 -81.09 -81.00 -80.78 -80.03 -79.50 -79.97 -81.16 -82.59 -83.50 -83.88 -83.59 -82.53 -82.00 -82.53 -83.56 -84.03 -84.25 -84.38 -84.44 -84.38 -84.25 -84.00 -83.62 -83.16 -82.66 -82.06
-65.38 -66.41 -67.94 -69.84 -71.88 -73.44 -74.59 -75.12 -75.00 -74.91 -74.78 -73.38 -71.41 -70.41 -70.88 -72.12 -72.38 -72.06 -71.09 -71.50 -73.22 -75.69 -76.88 -77.41 -76.91 -76.25 -75.91 -75.81 -76.72 -78.66 -80.94 -82.03 -82.09 -80.81 -78.91 -77.94 -77.97 -79.16 -80.81 -81.47 -81.78 -81.56 -80.31 -79.28 -79.28 -80.06 -80.12 -79.97 -79.28 -79.12 -80.00 -81.34 -82.38 -83.03 -83.16 -82.69 -81.59 -81.34 -82.19 -83.03 -83.41 -83.69 -83.88 -83.94 -83.94 -83.88 -83.75 -83.50 -83.12 -82.66 -82.12
-65.25 -66.88 -68.88 -70.41 -71.69 -72.84 -73.69 -73.84 -73.50 -73.44 -73.34 -72.00 -70.25 -69.41 -70.03 -71.22 -71.44 -70.72 -70.31 -71.44 -73.66 -75.12 -75.81 -75.50 -74.50 -74.22 -74.34 -75.06 -76.72 -79.03 -80.59 -81.25 -80.94 -79.25 -77.44 -76.59 -77.03 -78.59 -79.97 -80.44 -80.62 -80.34 -78.97 -77.94 -78.06 -79.00 -79.31 -79.19 -78.66 -79.09 -80.19 -81.31 -82.03 -82.47 -82.44 -81.91 -80.88 -80.91 -81.84 -82.47 -82.81 -83.12 -83.34 -83.44 -83.44 -83.41 -83.38 -83.25 -82.97 -82.56 -82.09
-65.91 -67.53 -68.78 -69.94 -71.03 -72.03 -72.59 -72.53 -72.00 -71.94 -71.81 -70.47 -69.00 -68.38 -68.94 -69.78 -69.91 -69.47 -69.88 -71.59 -73.41 -74.25 -74.34 -73.09 -72.44 -72.53 -73.22 -74.69 -76.81 -78.94 -79.94 -80.22 -79.72 -78.06 -76.25 -75.47 -76.16 -77.59 -78.59 -79.22 -79.47 -79.16 -77.78 -76.78 -77.06 -78.09 -78.59 -78.31 -78.34 -79.22 -80.28 -81.09 -81.62 -81.88 -81.75 -81.19 -80.34 -80.53 -81.41 -81.88 -82.22 -82.53 -82.78 -82.91 -82.94 -82.94 -82.94 -82.88 -82.72 -82.41 -81.97
-66.00 -67.09 -68.12 -69.12 -70.25 -71.12 -71.44 -71.25 -70.75 -70.44 -70.16 -68.97 -67.69 -67.22 -67.66 -68.25 -68.44 -68.56 -69.69 -71.50 -72.62 -73.09 -72.53 -71.12 -70.75 -71.25 -72.56 -74.47 -76.84 -78.47 -79.12 -79.06 -78.56 -77.22 -75.34 -74.53 -75.09 -75.97 -76.56 -77.69 -78.25 -77.97 -76.84 -75.84 -76.31 -77.31 -77.69 -77.72 -78.34 -79.31 -80.12 -80.75 -81.16 -81.19 -80.97 -80.53 -79.88 -80.19 -80.88 -81.28 -81.66 -81.97 -82.22 -82.34 -82.41 -82.47 -82.50 -82.47 -82.31 -82.09 -81.78
-65.44 -66.28 -67.00 -68.09 -69.50 -70.12 -70.28 -70.06 -69.62 -69.09 -68.59 -67.59 -66.47 -66.00 -66.31 -66.84 -67.25 -68.03 -69.56 -70.94 -71.69 -71.72 -70.53 -69.47 -69.44 -70.34 -72.03 -74.25 -76.59 -77.81 -78.12 -77.88 -77.44 -76.56 -74.75 -73.69 -73.78 -74.19 -74.75 -75.94 -76.94 -76.84 -76.06 -75.12 -75.69 -76.50 -76.88 -77.41 -78.38 -79.19 -79.84 -80.38 -80.59 -80.53 -80.28 -79.88 -79.47 -79.88 -80.34 -80.72 -81.09 -81.38 -81.59 -81.72 -81.81 -81.97 -82.03 -81.97 -81.84 -81.66 -81.47
-64.59 -65.03 -65.62 -67.34 -68.66 -69.06 -69.09 -68.91 -68.53 -67.97 -67.25 -66.34 -65.34 -64.88 -65.12 -65.72 -66.56 -67.88 -69.19 -70.16 -70.59 -70.25 -68.81 -68.06 -68.34 -69.62 -71.53 -73.94 -76.16 -77.00 -77.00 -76.62 -76.31 -75.72 -74.50 -73.00 -72.53 -72.62 -73.25 -74.50 -75.72 -75.78 -75.25 -74.47 -74.97 -75.59 -76.19 -77.06 -78.16 -78.94 -79.50 -79.88 -79.97 -79.81 -79.53 -79.28 -79.19 -79.53 -79.88 -80.19 -80.47 -80.72 -80.84 -81.00 -81.22 -81.41 -81.53 -81.47 -81.31 -81.16 -81.03
-63.44 -63.59 -64.78 -66.75 -67.72 -67.97 -67.88 -67.78 -67.47 -66.97 -66.12 -65.25 -64.38 -63.91 -64.28 -65.19 -66.47 -67.66 -68.59 -69.28 -69.41 -68.59 -67.28 -66.81 -67.41 -68.94 -71.03 -73.62 -75.47 -76.03 -75.78 -75.28 -75.12 -74.75 -74.06 -72.62 -71.59 -71.44 -72.06 -73.38 -74.66 -74.81 -74.25 -73.69 -74.06 -74.66 -75.50 -76.62 -77.84 -78.59 -79.09 -79.31 -79.31 -79.09 -78.84 -78.75 -78.91 -79.16 -79.41 -79.59 -79.75 -79.72 -79.72 -80.06 -80.59 -80.81 -80.97 -80.94 -80.78 -80.62 -80.53
-62.06 -62.75 -64.41 -66.12 -66.75 -66.81 -66.62 -66.62 -66.41 -65.97 -65.22 -64.25 -63.50 -63.28 -64.03 -65.25 -66.31 -67.12 -67.81 -68.25 -68.25 -67.03 -65.94 -65.75 -66.66 -68.38 -70.66 -73.34 -74.66 -74.91 -74.47 -73.84 -73.88 -73.69 -73.22 -72.47 -71.06 -70.59 -71.22 -72.44 -73.56 -73.75 -73.12 -72.81 -73.16 -73.94 -75.03 -76.34 -77.53 -78.19 -78.59 -78.69 -78.59 -78.34 -78.19 -78.31 -78.53 -78.75 -78.91 -79.00 -78.84 -78.53 -78.62 -79.19 -79.94 -80.22 -80.38 -80.38 -80.25 -80.12 -80.03
-61.25 -62.47 -64.28 -65.34 -65.75 -65.59 -65.47 -65.50 -65.31 -65.00 -64.38 -63.41 -62.75 -63.00 -64.09 -65.03 -65.78 -66.41 -66.91 -67.25 -67.12 -65.75 -64.81 -64.97 -66.22 -68.12 -70.62 -72.97 -73.75 -73.62 -73.06 -72.50 -72.62 -72.62 -72.38 -71.97 -70.78 -70.12 -70.66 -71.59 -72.25 -72.34 -72.09 -72.03 -72.56 -73.53 -74.84 -76.22 -77.19 -77.75 -78.00 -77.97 -77.75 -77.56 -77.62 -77.91 -78.16 -78.34 -78.44 -78.38 -77.97 -77.56 -77.72 -78.41 -79.31 -79.66 -79.75 -79.81 -79.75 -79.62 -79.53
-61.09 -62.62 -63.84 -64.53 -64.62 -64.28 -64.31 -64.38 -64.25 -64.03 -63.44 -62.59 -62.22 -62.94 -63.81 -64.50 -65.06 -65.56 -66.03 -66.34 -66.06 -64.72 -64.09 -64.75 -66.28 -68.47 -71.06 -72.28 -72.59 -72.22 -71.75 -71.31 -71.50 -71.62 -71.53 -71.22 -70.47 -69.94 -70.38 -70.97 -71.31 -71.41 -71.50 -71.84 -72.53 -73.62 -75.00 -76.09 -76.81 -77.22 -77.31 -77.19 -76.91 -76.84 -77.19 -77.50 -77.75 -77.94 -78.00 -77.88 -77.44 -76.91 -77.03 -77.72 -78.56 -79.03 -79.22 -79.28 -79.25 -79.16 -79.09
-61.31 -62.41 -63.19 -63.53 -63.41 -63.03 -63.25 -63.38 -63.28 -63.03 -62.41 -61.78 -61.84 -62.59 -63.25 -63.78 -64.25 -64.72 -65.16 -65.41 -64.84 -63.91 -64.00 -65.19 -67.06 -69.41 -70.84 -71.41 -71.22 -70.81 -70.38 -70.19 -70.34 -70.50 -70.50 -70.31 -69.94 -70.03 -70.56 -71.00 -71.34 -71.69 -72.12 -72.59 -73.25 -74.16 -75.16 -75.88 -76.38 -76.59 -76.56 -76.34 -76.12 -76.38 -76.78 -77.09 -77.38 -77.56 -77.62 -77.47 -77.16 -76.59 -76.50 -77.00 -77.59 -78.06 -78.44 -78.66 -78.75 -78.72 -78.69
-61.09 -61.91 -62.38 -62.44 -62.09 -61.75 -62.12 -62.44 -62.28 -61.78 -61.31 -61.03 -61.50 -62.03 -62.56 -63.00 -63.41 -63.81 -64.16 -64.09 -63.66 -63.56 -64.53 -66.16 -68.22 -69.53 -70.16 -70.19 -69.75 -69.38 -69.16 -69.12 -69.22 -69.31 -69.38 -69.41 -69.66 -70.16 -70.69 -71.16 -71.62 -72.09 -72.62 -73.19 -73.78 -74.44 -75.03 -75.53 -75.78 -75.91 -75.84 -75.59 -75.59 -76.03 -76.41 -76.72 -76.97 -77.16 -77.22 -77.16 -76.94 -76.53 -76.19 -76.41 -76.75 -77.16 -77.50 -77.81 -78.09 -78.22 -78.28
-60.62 -61.19 -61.41 -61.31 -60.88 -60.50 -60.88 -61.09 -60.84 -60.47 -60.25 -60.38 -60.94 -61.38 -61.81 -62.19 -62.50 -62.69 -62.78 -62.78 -62.97 -63.94 -65.44 -67.12 -68.25 -68.94 -69.12 -68.66 -68.19 -68.09 -68.12 -68.12 -68.16 -68.28 -68.53 -69.00 -69.50 -70.06 -70.59 -71.12 -71.66 -72.16 -72.72 -73.25 -73.81 -74.31 -74.72 -74.97 -75.12 -75.22 -75.16 -75.03 -75.34 -75.72 -76.06 -76.34 -76.59 -76.75 -76.84 -76.84 -76.72 -76.47 -76.22 -76.25 -76.41 -76.62 -76.91 -77.22 -77.50 -77.78 -77.94
-60.00 -60.28 -60.38 -60.25 -59.75 -59.31 -59.53 -59.66 -59.41 -59.19 -59.25 -59.69 -60.25 -60.66 -61.03 -61.34 -61.38 -61.41 -61.56 -61.97 -62.94 -64.44 -65.97 -67.00 -67.72 -68.00 -67.62 -66.94 -66.84 -67.03 -67.19 -67.19 -67.25 -67.56 -68.16 -68.72 -69.28 -69.84 -70.41 -70.88 -71.38 -71.94 -72.50 -73.03 -73.53 -73.91 -74.16 -74.34 -74.50 -74.59 -74.62 -74.75 -75.06 -75.41 -75.72 -76.00 -76.22 -76.38 -76.47 -76.50 -76.47 -76.38 -76.41 -76.50 -76.62 -76.75 -76.94 -77.12 -77.38 -77.62 -77.81
-59.22 -59.34 -59.38 -59.28 -58.75 -58.16 -58.16 -58.19 -58.03 -58.00 -58.31 -59.03 -59.53 -59.91 -60.25 -60.25 -60.16 -60.28 -60.66 -61.53 -62.91 -64.56 -65.75 -66.50 -66.88 -66.75 -65.94 -65.56 -65.81 -66.22 -66.38 -66.41 -66.69 -67.25 -67.81 -68.41 -69.00 -69.53 -70.00 -70.44 -70.91 -71.53 -72.12 -72.69 -73.06 -73.38 -73.56 -73.75 -73.94 -74.12 -74.28 -74.50 -74.78 -75.06 -75.38 -75.62 -75.88 -76.03 -76.12 -76.22 -76.25 -76.31 -76.47 -76.62 -76.81 -76.97 -77.12 -77.31 -77.50 -77.69 -77.88
-58.31 -58.28 -58.28 -58.31 -57.81 -57.09 -56.84 -56.78 -56.75 -56.94 -57.53 -58.41 -58.88 -59.19 -59.22 -59.03 -59.06 -59.38 -60.12 -61.31 -62.84 -64.34 -65.25 -65.78 -65.91 -65.31 -64.56 -64.53 -65.06 -65.44 -65.66 -65.91 -66.34 -66.91 -67.47 -68.03 -68.59 -69.06 -69.44 -69.75 -70.19 -70.94 -71.69 -72.25 -72.56 -72.81 -73.03 -73.25 -73.50 -73.72 -73.94 -74.19 -74.47 -74.75 -75.03 -75.31 -75.53 -75.69 -75.84 -75.94 -76.06 -76.25 -76.44 -76.66 -76.88 -77.09 -77.28 -77.47 -77.66 -77.81 -77.97
-57.31 -57.09 -56.88 -57.00 -56.72 -56.09 -55.66 -55.53 -55.66 -56.09 -56.88 -57.75 -58.16 -58.22 -58.00 -58.00 -58.28 -58.97 -60.03 -61.41 -62.91 -63.97 -64.66 -64.94 -64.72 -63.91 -63.50 -63.81 -64.44 -64.78 -65.06 -65.47 -65.97 -66.50 -67.06 -67.59 -68.06 -68.47 -68.72 -68.78 -69.31 -70.22 -71.22 -71.75 -72.06 -72.31 -72.56 -72.84 -73.12 -73.38 -73.62 -73.84 -74.12 -74.44 -74.75 -75.00 -75.22 -75.41 -75.56 -75.72 -75.88 -76.09 -76.31 -76.59 -76.88 -77.16 -77.41 -77.62 -77.78 -77.94 -78.06
-56.31 -55.88 -55.50 -55.59 -55.50 -55.03 -54.59 -54.53 -54.84 -55.47 -56.25 -56.94 -57.19 -57.12 -57.12 -57.47 -58.19 -59.19 -60.44 -61.72 -62.75 -63.47 -63.94 -64.03 -63.56 -62.72 -62.69 -63.31 -63.81 -64.19 -64.53 -64.94 -65.47 -66.06 -66.62 -67.12 -67.53 -67.78 -67.72 -67.94 -68.72 -69.72 -70.75 -71.28 -71.62 -71.91 -72.16 -72.47 -72.75 -73.00 -73.22 -73.44 -73.72 -74.06 -74.38 -74.62 -74.84 -75.06 -75.31 -75.50 -75.69 -75.91 -76.16 -76.47 -76.84 -77.16 -77.47 -77.72 -77.91 -78.06 -78.19
-55.44 -54.91 -54.44 -54.41 -54.38 -54.06 -53.78 -53.91 -54.41 -55.06 -55.75 -56.22 -56.47 -56.66 -57.09 -57.81 -58.75 -59.78 -60.78 -61.66 -62.38 -62.88 -63.12 -63.03 -62.31 -61.75 -62.06 -62.88 -63.25 -63.59 -63.94 -64.31 -64.69 -65.28 -66.00 -66.53 -66.78 -66.75 -66.88 -67.47 -68.44 -69.47 -70.41 -70.88 -71.25 -71.53 -71.78 -72.06 -72.38 -72.75 -73.06 -73.34 -73.56 -73.78 -74.00 -74.19 -74.41 -74.66 -75.00 -75.28 -75.47 -75.66 -75.91 -76.31 -76.78 -77.16 -77.47 -77.75 -78.00 -78.16 -78.28
-54.59 -54.16 -53.69 -53.59 -53.53 -53.38 -53.41 -53.81 -54.41 -55.06 -55.66 -56.16 -56.62 -57.09 -57.69 -58.38 -59.16 -59.97 -60.69 -61.34 -61.84 -62.12 -62.28 -62.09 -61.28 -60.97 -61.53 -62.34 -62.66 -62.97 -63.22 -63.34 -63.75 -64.38 -65.06 -65.53 -65.72 -65.94 -66.53 -67.44 -68.47 -69.44 -70.16 -70.56 -70.91 -71.16 -71.38 -71.81 -72.34 -72.84 -73.22 -73.53 -73.81 -74.03 -74.22 -74.38 -74.50 -74.59 -74.72 -74.94 -75.03 -75.12 -75.47 -76.12 -76.75 -77.16 -77.50 -77.78 -78.03 -78.22 -78.34
-53.69 -53.47 -53.22 -53.16 -53.22 -53.41 -53.75 -54.19 -54.69 -55.25 -55.75 -56.25 -56.78 -57.31 -57.88 -58.50 -59.12 -59.78 -60.38 -60.84 -61.16 -61.38 -61.47 -61.25 -60.47 -60.34 -61.06 -61.78 -62.06 -62.31 -62.31 -62.56 -63.16 -63.88 -64.50 -64.94 -65.34 -65.88 -66.69 -67.69 -68.69 -69.47 -69.97 -70.38 -70.69 -70.94 -71.28 -71.88 -72.44 -72.94 -73.34 -73.72 -74.03 -74.31 -74.53 -74.72 -74.88 -74.97 -75.00 -74.88 -74.72 -74.81 -75.25 -76.00 -76.75 -77.19 -77.50 -77.81 -78.06 -78.25 -78.38
-52.88 -52.94 -52.97 -53.16 -53.41 -53.69 -54.03 -54.38 -54.81 -55.25 -55.72 -56.22 -56.72 -57.25 -57.75 -58.28 -58.84 -59.34 -59.81 -60.19 -60.41 -60.62 -60.72 -60.53 -59.84 -59.88 -60.62 -61.22 -61.50 -61.59 -61.81 -62.44 -63.31 -64.09 -64.78 -65.41 -65.97 -66.53 -67.25 -68.03 -68.81 -69.44 -69.91 -70.31 -70.72 -71.09 -71.53 -72.00 -72.53 -73.00 -73.44 -73.84 -74.22 -74.53 -74.78 -75.00 -75.19 -75.31 -75.34 -75.25 -75.00 -74.97 -75.41 -76.06 -76.81 -77.22 -77.53 -77.81 -78.06 -78.25 -78.38
-52.44 -52.72 -52.94 -53.22 -53.47 -53.75 -54.06 -54.41 -54.75 -55.16 -55.59 -56.03 -56.47 -56.91 -57.38 -57.84 -58.31 -58.78 -59.16 -59.38 -59.50 -59.75 -59.97 -59.84 -59.38 -59.62 -60.31 -60.75 -61.03 -61.38 -62.00 -62.75 -63.53 -64.28 -65.00 -65.69 -66.34 -67.00 -67.62 -68.28 -68.88 -69.41 -69.91 -70.34 -70.81 -71.25 -71.69 -72.12 -72.59 -73.03 -73.47 -73.88 -74.25 -74.62 -74.94 -75.22 -75.44 -75.59 -75.66 -75.62 -75.47 -75.44 -75.78 -76.34 -76.91 -77.25 -77.53 -77.81 -78.06 -78.22 -78.34
-52.34 -52.66 -52.91 -53.19 -53.47 -53.75 -54.03 -54.31 -54.62 -54.97 -55.31 -55.69 -56.03 -56.44 -56.84 -57.28 -57.72 -58.09 -58.31 -58.25 -58.31 -58.62 -59.00 -59.09 -59.09 -59.53 -60.03 -60.44 -60.84 -61.38 -62.03 -62.75 -63.50 -64.25 -65.00 -65.75 -66.50 -67.16 -67.78 -68.34 -68.91 -69.41 -69.91 -70.38 -70.88 -71.34 -71.78 -72.19 -72.59 -73.00 -73.38 -73.78 -74.19 -74.59 -74.97 -75.31 -75.62 -75.84 -75.94 -75.97 -75.94 -76.00 -76.28 -76.66 -77.03 -77.28 -77.56 -77.81 -78.03 -78.16 -78.25
