everonasctiles/Tile[33,13].asc
ncols 128
nrows 128
xllcorner 0
yllcorner 0
cellsize 2.0
NODATA_value  -9999
[rows 96 to 127 of 128, columns 0 to 70 of 128]
132.94 133.03 132.94 132.81 132.78 132.78 131.91 131.47 131.59 131.59 132.16 132.72 132.75 132.78 132.03 131.06 131.00 130.94 130.88 130.81 131.56 132.09 132.25 132.47 132.88 133.19 133.34 133.50 133.69 133.84 134.00 134.12 134.25 134.34 134.38 134.34 133.97 133.38 133.12 133.06 133.06 133.03 133.03 133.03 133.03 133.03 133.03 133.38 133.78 133.97 134.16 134.38 134.59 134.91 135.22 135.56 135.97 136.47 137.00 137.56 138.16 138.91 139.47 139.81 140.09 140.28 140.44 140.56 140.69 140.81 140.91
132.84 132.81 132.81 132.81 132.78 132.78 132.78 131.66 131.50 131.50 130.81 131.62 132.91 133.03 132.50 131.22 130.88 130.81 130.75 130.69 130.91 131.84 132.00 132.16 132.38 132.94 133.22 133.38 133.50 133.62 133.75 134.00 134.16 134.19 134.12 133.94 133.56 133.00 132.97 132.91 132.91 132.91 132.91 132.91 132.91 132.88 132.88 133.19 133.66 133.88 134.03 134.22 134.47 134.78 135.09 135.44 135.84 136.38 136.97 137.59 138.19 138.88 139.44 139.81 140.09 140.31 140.47 140.59 140.72 140.81 140.91
132.81 132.84 132.81 132.81 132.84 132.81 132.81 132.81 131.88 131.41 131.41 131.34 131.75 132.84 132.59 131.50 130.75 130.69 130.62 130.56 130.50 131.31 131.78 131.94 132.09 132.41 133.09 133.25 133.38 133.47 133.59 133.78 133.81 133.78 133.66 133.44 133.09 132.59 132.78 132.78 132.78 132.78 132.75 132.75 132.75 132.75 132.75 133.00 133.59 133.72 133.88 134.09 134.31 134.62 134.97 135.31 135.75 136.31 136.94 137.56 138.19 138.88 139.44 139.81 140.12 140.34 140.50 140.62 140.72 140.81 140.91
132.84 132.84 132.84 132.84 132.81 132.81 132.81 132.81 132.81 133.03 132.25 131.34 130.94 131.81 131.94 131.69 130.88 130.56 130.50 130.41 130.34 130.66 131.56 131.69 131.84 132.06 132.88 133.16 133.25 133.31 133.34 133.41 133.41 133.34 133.22 133.03 132.72 132.25 132.59 132.62 132.62 132.62 132.62 132.62 132.62 132.62 132.59 132.91 133.47 133.56 133.69 133.88 134.16 134.50 134.81 135.19 135.66 136.25 136.88 137.53 138.16 138.84 139.44 139.84 140.16 140.38 140.53 140.66 140.75 140.84 140.91
132.84 132.84 132.88 132.84 132.81 132.81 132.81 132.81 132.81 132.94 132.94 132.16 131.03 130.78 131.22 131.94 131.22 130.41 130.34 130.28 130.22 130.16 131.06 131.47 131.59 131.75 132.19 132.91 133.12 133.06 133.09 133.06 133.03 132.97 132.84 132.62 132.44 132.03 132.44 132.50 132.50 132.50 132.50 132.47 132.47 132.47 132.47 132.81 133.34 133.31 133.44 133.69 134.00 134.31 134.69 135.06 135.59 136.19 136.81 137.47 138.12 138.78 139.41 139.91 140.19 140.44 140.59 140.69 140.78 140.84 140.91
132.88 132.88 132.88 132.88 132.88 132.81 132.81 132.81 132.81 132.81 132.84 132.34 131.75 130.81 130.91 131.34 131.28 130.44 130.19 130.12 130.06 130.00 130.38 131.16 131.25 131.44 131.69 132.16 133.00 132.94 132.84 132.78 132.72 132.66 132.53 132.34 132.19 131.94 132.28 132.38 132.34 132.34 132.34 132.34 132.34 132.34 132.34 132.59 133.03 133.00 133.19 133.50 133.78 134.12 134.50 134.94 135.50 136.09 136.75 137.41 138.09 138.75 139.38 139.97 140.28 140.47 140.62 140.75 140.81 140.88 140.94
132.88 132.88 132.88 132.91 132.91 132.88 132.81 132.84 132.84 132.84 132.81 132.50 132.12 131.59 130.47 130.38 130.56 130.47 130.06 130.00 129.94 129.84 129.78 130.50 130.81 131.03 131.28 131.66 132.75 132.75 132.69 132.59 132.50 132.41 132.28 132.19 132.03 131.84 132.12 132.22 132.22 132.22 132.22 132.22 132.19 132.19 132.19 132.28 132.47 132.59 132.91 133.25 133.59 133.94 134.31 134.81 135.38 135.97 136.66 137.34 138.03 138.69 139.34 139.97 140.34 140.53 140.69 140.78 140.81 140.88 140.94
132.88 132.91 132.91 132.91 132.91 132.91 132.84 132.84 132.84 132.84 132.81 132.84 132.31 132.44 131.44 130.44 130.16 130.12 129.94 129.84 129.78 129.69 129.62 129.75 130.34 130.59 130.88 131.22 132.25 132.56 132.50 132.44 132.34 132.28 132.19 132.09 131.97 131.81 131.97 132.09 132.09 132.06 132.06 132.06 132.06 132.06 132.06 132.06 132.06 132.19 132.66 133.03 133.38 133.72 134.12 134.66 135.25 135.88 136.53 137.25 137.94 138.62 139.28 139.94 140.38 140.56 140.69 140.78 140.81 140.88 140.94
132.97 132.91 132.91 132.94 132.94 132.94 132.94 132.88 132.84 132.84 132.75 132.59 132.78 132.25 132.09 130.78 130.12 129.62 129.69 129.72 129.62 129.56 129.47 129.41 129.69 130.19 130.50 130.84 131.62 132.31 132.28 132.22 132.19 132.16 132.09 132.00 131.97 131.72 131.78 131.94 131.94 131.94 131.94 131.94 131.94 131.91 131.91 131.88 131.88 132.06 132.47 132.81 133.16 133.66 133.97 134.47 135.12 135.78 136.44 137.16 137.84 138.56 139.22 139.88 140.31 140.53 140.66 140.72 140.81 140.84 140.91
133.16 132.97 132.94 132.94 132.94 132.94 132.94 132.94 132.84 132.78 132.84 132.84 132.84 132.41 131.75 131.06 130.28 129.66 129.97 129.69 129.50 129.41 129.34 129.25 129.22 129.75 130.12 130.47 131.19 131.97 132.00 132.03 132.03 132.03 132.00 131.97 131.72 131.50 131.66 131.81 131.81 131.81 131.78 131.78 131.78 131.78 131.78 131.78 131.81 131.94 132.31 132.66 132.94 133.28 133.72 134.28 134.94 135.62 136.34 137.06 137.75 138.47 139.16 139.78 140.25 140.44 140.56 140.66 140.75 140.84 140.88
133.38 133.09 132.97 132.94 132.94 132.94 132.97 132.97 132.94 132.84 132.84 132.81 132.75 132.53 132.12 131.34 130.97 130.38 130.25 129.75 129.34 129.28 129.19 129.09 129.00 129.12 129.78 130.22 130.78 131.31 131.66 131.81 131.88 131.91 131.94 131.53 131.44 131.47 131.56 131.69 131.66 131.66 131.66 131.66 131.66 131.66 131.62 131.62 131.88 131.84 132.19 132.50 132.75 133.28 133.56 134.09 134.75 135.47 136.19 136.94 137.69 138.41 139.06 139.72 140.19 140.41 140.50 140.62 140.72 140.81 140.88
133.44 133.34 133.12 132.97 132.97 132.97 132.97 132.97 132.97 132.94 132.84 132.84 132.84 132.81 132.53 132.19 131.62 130.78 130.44 130.00 129.31 129.12 129.03 128.97 128.88 128.78 129.31 130.00 130.38 130.81 131.25 131.59 131.72 131.72 131.44 131.44 131.44 131.44 131.50 131.56 131.56 131.53 131.53 131.50 131.50 131.47 131.47 131.47 131.75 131.69 131.91 132.25 132.56 132.97 133.31 133.88 134.53 135.28 136.03 136.81 137.56 138.31 138.97 139.56 140.06 140.31 140.44 140.53 140.66 140.75 140.84
133.66 133.47 133.31 133.12 132.97 132.97 132.97 132.97 133.00 133.00 132.94 132.88 132.97 133.09 132.81 132.59 132.34 131.06 130.69 130.22 129.62 129.03 128.91 128.81 128.72 128.62 128.66 129.44 129.97 130.44 130.97 131.38 131.53 131.50 131.47 131.44 131.44 131.44 131.44 131.44 131.41 131.41 131.38 131.38 131.34 131.34 131.31 131.31 131.66 131.47 131.62 132.00 132.25 132.62 133.06 133.66 134.31 135.03 135.81 136.62 137.41 138.19 138.81 139.31 139.75 140.09 140.28 140.44 140.59 140.72 140.81
133.78 133.59 133.44 133.31 133.09 132.97 132.97 133.00 133.00 133.00 133.00 132.97 132.97 133.03 133.09 133.16 132.78 131.56 130.91 130.44 129.97 129.19 128.78 128.69 128.59 128.50 128.41 128.66 129.53 130.16 130.84 131.50 131.50 131.50 131.47 131.44 131.44 131.41 131.41 131.28 131.25 131.25 131.25 131.22 131.22 131.19 131.19 131.16 131.50 131.38 131.34 131.81 132.06 132.44 132.91 133.47 134.09 134.81 135.56 136.38 137.22 137.94 138.50 138.97 139.38 139.75 140.03 140.28 140.50 140.69 140.81
133.91 133.72 133.56 133.41 133.25 133.06 133.00 133.00 133.00 133.00 133.00 133.00 132.97 133.00 133.00 133.00 132.97 132.44 131.19 130.62 130.12 129.50 128.69 128.53 128.44 128.34 128.25 128.12 129.00 129.91 131.34 131.47 131.50 131.50 131.50 131.47 131.44 131.41 131.38 131.12 131.12 131.09 131.09 131.06 131.06 131.03 131.03 131.03 131.34 131.22 131.22 131.72 132.00 132.34 132.81 133.34 133.94 134.59 135.31 136.09 136.94 137.62 138.12 138.59 139.03 139.41 139.75 140.06 140.38 140.66 140.81
134.06 133.88 133.69 133.53 133.38 133.25 133.06 133.00 133.00 133.03 133.03 133.03 133.00 132.97 132.94 132.88 132.75 132.56 131.78 130.81 130.22 129.66 128.94 128.41 128.28 128.19 128.09 128.00 127.84 129.59 131.47 131.47 131.47 131.50 131.50 131.50 131.44 131.41 131.31 131.00 130.97 130.97 130.94 130.94 130.91 130.91 130.88 130.84 131.12 130.97 131.19 131.59 131.88 132.25 132.69 133.22 133.78 134.38 135.06 135.81 136.59 137.25 137.75 138.22 138.66 139.09 139.47 139.84 140.25 140.62 140.84
134.19 134.00 133.81 133.66 133.50 133.38 133.19 133.03 133.03 133.03 133.03 133.00 133.00 132.97 132.88 132.78 132.62 132.44 132.06 131.12 130.44 129.88 129.31 128.50 128.16 128.06 127.97 127.84 127.75 128.09 131.47 131.47 131.47 131.50 131.50 131.50 131.50 131.41 131.34 130.88 130.84 130.84 130.81 130.78 130.75 130.75 130.72 130.69 130.78 130.69 131.00 131.31 131.69 132.09 132.56 133.09 133.62 134.22 134.84 135.50 136.25 136.88 137.38 137.84 138.31 138.75 139.22 139.66 140.09 140.56 140.91
134.34 134.12 133.94 133.75 133.56 133.47 133.34 133.19 133.03 133.03 133.00 133.00 132.97 132.94 132.88 132.72 132.56 132.34 132.09 131.47 130.62 130.09 129.56 128.97 128.06 127.91 127.81 127.72 127.62 127.47 130.44 131.47 131.47 131.47 131.50 131.50 131.50 131.41 131.28 130.75 130.69 130.69 130.66 130.62 130.62 130.59 130.56 130.53 130.41 130.38 130.53 130.97 131.44 131.94 132.44 132.97 133.50 134.06 134.66 135.25 135.91 136.50 137.00 137.50 137.97 138.44 138.91 139.38 139.88 140.34 140.78
134.47 134.25 134.06 133.88 133.72 133.59 133.47 133.34 133.16 133.03 133.00 132.97 132.94 132.88 132.78 132.72 132.56 132.34 132.12 131.78 130.84 130.31 129.81 129.25 128.50 127.72 127.66 127.56 127.47 127.38 127.34 131.25 131.47 131.47 131.50 131.34 131.09 131.12 131.09 130.66 130.56 130.53 130.50 130.47 130.47 130.44 130.41 130.41 130.28 130.06 130.19 130.59 131.19 131.75 132.28 132.81 133.38 133.91 134.50 135.09 135.66 136.19 136.66 137.12 137.56 138.06 138.56 139.03 139.50 139.97 140.34
134.62 134.41 134.19 134.00 133.84 133.69 133.56 133.44 133.31 133.12 133.00 132.94 132.88 132.78 132.72 132.66 132.59 132.41 132.19 131.84 131.22 130.62 130.12 129.59 129.09 127.19 127.50 127.41 127.31 127.22 127.12 127.06 129.53 130.41 130.47 130.59 130.75 130.84 130.88 130.56 130.41 130.38 130.34 130.34 130.31 130.28 130.25 130.22 130.16 129.88 130.09 130.34 130.97 131.56 132.12 132.69 133.22 133.75 134.31 134.88 135.44 135.94 136.34 136.69 137.16 137.66 138.12 138.59 139.03 139.44 139.78
134.81 134.56 134.34 134.12 133.97 133.81 133.66 133.53 133.41 133.28 133.09 132.91 132.78 132.69 132.62 132.56 132.53 132.47 132.31 131.84 131.41 131.09 130.78 130.50 129.88 127.94 127.03 127.28 127.19 127.06 126.97 126.81 127.34 128.91 129.88 130.22 130.47 130.59 130.66 130.47 130.25 130.25 130.22 130.19 130.16 130.12 130.09 130.06 130.03 129.94 130.06 130.16 130.78 131.41 131.97 132.50 133.03 133.53 134.03 134.56 135.06 135.56 135.97 136.25 136.69 137.19 137.66 138.09 138.50 138.88 139.16
135.00 134.72 134.50 134.28 134.09 133.91 133.75 133.62 133.50 133.38 133.28 133.00 132.69 132.62 132.56 132.50 132.44 132.34 132.19 131.75 131.56 131.50 131.38 130.91 130.34 129.53 127.12 127.06 127.03 126.94 126.84 126.72 126.53 127.81 128.94 129.91 130.19 130.38 130.47 130.38 130.12 130.09 130.06 130.03 130.00 129.97 129.94 129.91 129.88 130.16 130.16 130.16 130.53 131.19 131.78 132.31 132.78 133.22 133.69 134.16 134.62 135.06 135.47 135.75 136.19 136.66 137.12 137.56 137.94 138.25 138.50
135.16 134.91 134.66 134.44 134.25 134.06 133.88 133.72 133.59 133.47 133.34 133.22 132.81 132.53 132.47 132.41 132.34 132.28 132.09 131.66 131.47 131.50 131.44 131.00 130.62 129.78 128.59 126.78 126.88 126.78 126.69 126.59 126.47 126.41 128.34 129.22 129.94 130.16 130.28 130.25 129.97 129.94 129.91 129.88 129.84 129.81 129.78 129.75 129.72 130.00 130.19 130.09 130.38 130.97 131.53 132.03 132.47 132.88 133.31 133.72 134.16 134.56 134.94 135.28 135.69 136.12 136.56 136.97 137.31 137.59 137.81
135.31 135.06 134.84 134.62 134.41 134.22 134.06 133.88 133.69 133.53 133.41 133.28 133.06 132.59 132.38 132.31 132.25 132.22 132.12 131.88 131.53 131.41 131.56 131.12 130.62 129.78 128.69 127.47 126.50 126.62 126.53 126.44 126.34 126.22 126.62 128.66 129.50 129.88 130.03 130.09 129.84 129.78 129.75 129.72 129.69 129.66 129.62 129.59 129.56 129.59 129.91 129.94 130.22 130.75 131.31 131.75 132.12 132.53 132.91 133.28 133.69 134.06 134.44 134.81 135.16 135.59 136.00 136.34 136.66 136.91 137.06
135.56 135.22 135.00 134.78 134.59 134.41 134.22 134.03 133.84 133.66 133.50 133.34 133.22 132.81 132.31 132.25 132.19 132.12 132.06 131.94 131.66 131.50 131.41 131.47 130.69 130.00 129.12 128.06 126.72 126.44 126.38 126.28 126.19 126.09 126.06 127.16 128.62 129.44 129.66 129.81 129.72 129.62 129.59 129.56 129.53 129.50 129.47 129.44 129.41 129.31 129.50 129.81 130.12 130.53 131.03 131.44 131.78 132.12 132.47 132.81 133.19 133.56 133.91 134.28 134.66 135.03 135.41 135.72 136.00 136.19 136.31
135.81 135.41 135.12 134.94 134.72 134.53 134.34 134.16 133.97 133.75 133.53 133.34 133.16 132.84 132.41 132.16 132.09 132.03 131.97 131.88 131.72 131.59 131.50 131.47 130.84 130.38 129.50 128.75 127.41 126.31 126.25 126.16 126.03 125.94 125.84 126.12 127.75 128.47 129.22 129.62 129.62 129.47 129.44 129.41 129.38 129.34 129.31 129.22 129.16 129.09 129.22 129.56 129.94 130.31 130.78 131.09 131.41 131.72 132.03 132.34 132.69 133.03 133.38 133.72 134.09 134.44 134.78 135.09 135.28 135.47 135.53
135.66 135.38 135.16 134.94 134.72 134.50 134.31 134.12 133.91 133.72 133.47 133.28 133.09 132.84 132.59 132.19 132.00 131.94 131.91 131.88 131.75 131.47 131.12 130.94 130.69 130.31 129.97 129.03 128.25 126.84 125.97 126.00 125.91 125.78 125.69 125.59 125.97 127.62 128.25 129.06 129.50 129.31 129.28 129.25 129.25 129.19 129.12 129.06 129.00 128.94 128.69 129.31 129.69 130.09 130.44 130.75 131.03 131.28 131.56 131.84 132.16 132.47 132.81 133.16 133.50 133.81 134.09 134.31 134.53 134.66 134.69
135.59 135.34 135.12 134.94 134.69 134.50 134.31 134.09 133.91 133.72 133.50 133.31 133.09 132.91 132.72 132.50 132.22 132.06 132.03 131.84 131.50 131.12 130.88 130.62 130.44 130.16 129.97 129.59 128.84 127.59 126.22 125.78 125.75 125.66 125.53 125.44 125.28 126.09 127.09 127.97 129.25 129.19 129.19 129.12 129.09 129.03 128.97 128.91 128.84 128.78 128.69 129.00 129.44 129.78 130.09 130.38 130.62 130.88 131.09 131.34 131.59 131.91 132.22 132.53 132.88 133.16 133.41 133.59 133.75 133.81 133.81
135.50 135.31 135.12 134.91 134.72 134.50 134.31 134.09 133.91 133.72 133.53 133.31 133.12 132.97 132.78 132.66 132.47 132.22 131.91 131.50 131.19 131.00 130.78 130.59 130.34 130.09 129.88 129.59 129.09 128.25 126.81 126.09 125.59 125.50 125.41 125.31 125.19 125.38 126.00 127.41 128.47 128.53 129.03 128.97 128.94 128.88 128.81 128.75 128.69 128.56 128.50 128.53 129.09 129.44 129.75 130.03 130.25 130.44 130.59 130.81 131.03 131.28 131.59 131.91 132.22 132.50 132.72 132.88 133.00 133.03 132.97
135.47 135.28 135.09 134.88 134.72 134.50 134.31 134.12 133.91 133.72 133.53 133.34 133.16 133.00 132.81 132.59 132.28 131.94 131.62 131.38 131.16 130.94 130.72 130.50 130.28 130.06 129.81 129.53 129.06 128.53 127.53 126.38 125.91 125.34 125.25 125.16 125.06 124.94 125.25 126.41 127.78 127.44 128.88 128.84 128.78 128.72 128.66 128.59 128.50 128.44 128.34 128.25 128.59 129.09 129.41 129.69 129.91 130.03 130.06 130.22 130.41 130.66 130.94 131.22 131.53 131.81 132.00 132.12 132.16 132.22 132.16
135.34 135.22 135.00 134.84 134.69 134.50 134.28 134.09 133.88 133.69 133.50 133.31 133.09 132.88 132.66 132.38 132.12 131.84 131.56 131.38 131.09 130.81 130.59 130.41 130.22 129.94 129.72 129.50 129.09 128.53 128.16 127.19 126.19 125.22 125.09 125.00 124.91 124.81 124.66 125.59 126.59 126.81 128.56 128.69 128.62 128.59 128.53 128.44 128.38 128.28 128.16 128.06 128.00 128.59 129.03 129.28 129.53 129.66 129.66 129.66 129.78 129.97 130.25 130.53 130.81 131.06 131.25 131.38 131.41 131.41 131.34
135.16 135.00 134.88 134.69 134.41 134.34 134.12 133.94 133.75 133.53 133.34 133.09 132.91 132.72 132.56 132.38 132.09 131.84 131.59 131.31 131.00 130.78 130.50 130.25 130.12 129.91 129.72 129.44 129.19 128.84 128.59 128.03 126.62 125.34 124.97 124.84 124.75 124.66 124.56 124.47 125.38 126.75 127.69 128.62 128.53 128.47 128.38 128.31 128.22 128.12 128.03 127.94 127.84 127.91 128.53 128.91 129.12 129.25 129.22 129.19 129.16 129.31 129.56 129.84 130.12 130.34 130.53 130.62 130.69 130.69 130.59
