everonasctiles/Tile44,19.asc
ncols 128
nrows 128
xllcorner 0
yllcorner 0
cellsize 2.0
NODATA_value  -9999
[rows 87 to 115 of 128, columns 0 to 66 of 128]
-117.53 -117.12 -116.25 -114.97 -114.72 -115.66 -117.31 -119.53 -121.34 -122.56 -123.53 -124.31 -124.84 -124.97 -125.28 -125.94 -126.22 -125.69 -124.66 -124.88 -125.78 -126.91 -128.03 -129.09 -130.00 -130.62 -131.16 -132.06 -133.22 -134.34 -135.25 -136.03 -136.72 -137.19 -137.41 -137.34 -136.94 -136.31 -135.84 -135.53 -135.03 -134.47 -134.56 -135.00 -135.12 -134.75 -133.78 -132.22 -131.09 -130.41 -130.22 -130.75 -131.81 -131.88 -131.03 -130.72 -131.28 -131.88 -132.22 -132.78 -134.19 -135.53 -136.38 -136.94 -137.03 -136.31 -135.94
-118.16 -117.53 -116.06 -115.16 -115.12 -115.94 -117.31 -119.12 -121.44 -123.25 -124.50 -125.53 -126.19 -126.31 -126.38 -127.06 -127.53 -127.34 -126.56 -126.81 -127.69 -128.75 -129.75 -130.72 -131.53 -132.00 -132.22 -132.78 -133.84 -134.91 -135.69 -136.31 -136.91 -137.41 -137.72 -137.72 -137.50 -137.16 -136.84 -136.53 -135.91 -135.41 -135.62 -135.88 -135.81 -135.25 -134.03 -133.00 -132.47 -132.03 -131.81 -132.25 -133.06 -132.91 -132.03 -131.75 -132.53 -133.44 -133.72 -133.56 -133.97 -135.56 -137.03 -137.97 -138.56 -138.50 -138.09
-118.88 -117.81 -116.44 -115.84 -116.06 -116.81 -117.97 -119.44 -121.12 -123.28 -125.22 -126.50 -127.44 -127.66 -127.62 -128.09 -128.62 -128.81 -128.47 -128.72 -129.47 -130.34 -131.25 -132.12 -132.62 -133.00 -133.31 -133.53 -134.34 -135.41 -136.12 -136.66 -137.16 -137.59 -137.94 -138.06 -137.91 -137.62 -137.31 -137.03 -136.50 -136.28 -136.53 -136.66 -136.38 -135.59 -134.62 -134.44 -134.34 -134.00 -133.75 -134.06 -134.38 -134.09 -133.06 -132.88 -133.84 -135.16 -135.69 -135.16 -134.53 -135.00 -136.84 -138.59 -139.62 -140.28 -140.38
-119.69 -118.38 -117.16 -116.88 -117.44 -118.31 -119.34 -120.56 -121.88 -123.47 -125.56 -127.25 -128.38 -128.88 -128.88 -129.09 -129.59 -129.97 -130.16 -130.41 -131.00 -131.69 -132.34 -132.84 -133.25 -133.66 -134.03 -134.34 -134.81 -135.69 -136.41 -136.97 -137.44 -137.84 -138.19 -138.34 -138.31 -138.09 -137.81 -137.53 -137.16 -137.12 -137.31 -137.31 -136.94 -135.97 -135.59 -136.16 -136.44 -136.12 -135.81 -136.00 -135.72 -135.31 -134.19 -134.12 -135.19 -136.81 -137.44 -137.12 -135.72 -134.97 -136.00 -138.09 -140.12 -141.22 -141.91
-120.59 -119.16 -117.97 -118.00 -119.03 -120.22 -121.25 -122.28 -123.38 -124.59 -126.22 -128.00 -129.16 -129.78 -129.97 -130.06 -130.44 -130.84 -131.22 -131.62 -132.12 -132.59 -133.00 -133.41 -133.84 -134.31 -134.72 -135.03 -135.41 -136.00 -136.66 -137.25 -137.69 -138.09 -138.44 -138.62 -138.66 -138.53 -138.31 -138.06 -137.81 -137.88 -138.00 -137.91 -137.47 -136.62 -136.78 -137.69 -138.19 -138.00 -137.66 -137.31 -136.94 -136.44 -135.47 -135.50 -136.59 -138.12 -138.47 -138.31 -136.84 -135.44 -135.69 -137.34 -139.56 -141.56 -142.62
-121.59 -120.06 -118.81 -119.06 -120.53 -122.25 -123.47 -124.28 -125.06 -126.03 -127.34 -128.81 -129.81 -130.47 -130.78 -130.94 -131.19 -131.56 -131.94 -132.34 -132.78 -133.19 -133.56 -133.94 -134.38 -134.88 -135.31 -135.66 -136.03 -136.44 -136.97 -137.50 -137.94 -138.34 -138.66 -138.91 -138.97 -138.91 -138.75 -138.59 -138.44 -138.53 -138.62 -138.53 -138.12 -137.53 -137.88 -138.75 -139.00 -138.94 -138.69 -138.41 -138.12 -137.62 -136.91 -136.94 -138.00 -139.28 -139.53 -139.25 -137.72 -136.03 -135.94 -137.25 -139.12 -141.19 -142.91
-122.72 -121.12 -119.84 -120.00 -121.56 -123.81 -125.69 -126.50 -126.81 -127.38 -128.41 -129.56 -130.38 -130.97 -131.38 -131.62 -131.84 -132.16 -132.53 -132.91 -133.31 -133.69 -134.03 -134.41 -134.81 -135.28 -135.75 -136.19 -136.56 -136.94 -137.34 -137.78 -138.19 -138.56 -138.88 -139.12 -139.25 -139.25 -139.16 -139.06 -139.00 -139.09 -139.16 -139.16 -138.91 -138.56 -138.91 -139.53 -139.75 -139.78 -139.62 -139.44 -139.25 -138.94 -138.38 -138.41 -139.44 -140.47 -140.66 -140.22 -138.41 -136.69 -136.59 -137.84 -139.44 -141.09 -142.84
-124.00 -122.59 -121.19 -121.16 -122.47 -124.66 -127.00 -127.72 -128.25 -128.59 -129.19 -130.09 -130.81 -131.38 -131.81 -132.12 -132.38 -132.69 -133.03 -133.38 -133.78 -134.16 -134.50 -134.84 -135.22 -135.62 -136.06 -136.53 -136.94 -137.31 -137.69 -138.06 -138.44 -138.78 -139.09 -139.31 -139.47 -139.53 -139.50 -139.50 -139.50 -139.56 -139.69 -139.75 -139.72 -139.62 -139.91 -140.28 -140.50 -140.59 -140.53 -140.41 -140.31 -140.12 -139.78 -139.88 -140.84 -141.56 -141.69 -141.03 -139.06 -137.50 -137.53 -138.84 -140.41 -141.72 -142.94
-125.38 -124.62 -123.00 -122.72 -123.69 -125.50 -127.69 -128.50 -129.03 -129.44 -129.91 -130.50 -131.12 -131.66 -132.06 -132.44 -132.75 -133.06 -133.38 -133.75 -134.12 -134.50 -134.88 -135.22 -135.59 -135.94 -136.34 -136.78 -137.22 -137.59 -137.97 -138.31 -138.66 -138.94 -139.22 -139.47 -139.66 -139.75 -139.78 -139.81 -139.88 -140.00 -140.12 -140.28 -140.38 -140.44 -140.66 -140.94 -141.19 -141.34 -141.38 -141.31 -141.25 -141.19 -141.00 -141.25 -142.03 -142.59 -142.59 -141.78 -139.81 -138.44 -138.62 -140.03 -141.72 -142.97 -143.69
-126.53 -126.62 -125.28 -124.75 -125.34 -126.69 -128.44 -129.31 -129.81 -130.12 -130.50 -130.94 -131.41 -131.88 -132.28 -132.62 -132.97 -133.28 -133.62 -133.97 -134.31 -134.69 -135.06 -135.44 -135.84 -136.22 -136.59 -136.97 -137.38 -137.78 -138.16 -138.50 -138.78 -139.06 -139.31 -139.53 -139.72 -139.88 -139.97 -140.06 -140.19 -140.34 -140.53 -140.72 -140.91 -141.09 -141.31 -141.56 -141.81 -142.00 -142.09 -142.12 -142.09 -142.09 -142.09 -142.47 -143.03 -143.47 -143.44 -142.59 -140.78 -139.59 -139.75 -141.16 -142.97 -144.34 -144.94
-127.44 -128.06 -127.75 -127.00 -127.28 -128.22 -129.44 -130.06 -130.44 -130.75 -131.03 -131.34 -131.72 -132.09 -132.44 -132.75 -133.06 -133.38 -133.72 -134.03 -134.38 -134.72 -135.06 -135.47 -135.88 -136.31 -136.72 -137.12 -137.50 -137.88 -138.25 -138.59 -138.88 -139.09 -139.31 -139.50 -139.69 -139.88 -140.03 -140.22 -140.41 -140.59 -140.84 -141.09 -141.34 -141.59 -141.84 -142.09 -142.31 -142.53 -142.72 -142.81 -142.88 -142.88 -142.94 -143.31 -143.88 -144.25 -144.19 -143.50 -142.00 -140.88 -140.97 -142.25 -143.97 -145.28 -145.69
-128.12 -129.00 -129.25 -129.09 -129.12 -129.72 -130.34 -130.69 -130.97 -131.22 -131.47 -131.72 -132.00 -132.28 -132.56 -132.84 -133.12 -133.44 -133.72 -134.00 -134.31 -134.59 -134.94 -135.34 -135.78 -136.25 -136.69 -137.12 -137.53 -137.94 -138.28 -138.59 -138.84 -139.03 -139.25 -139.44 -139.62 -139.81 -140.00 -140.25 -140.50 -140.75 -141.06 -141.38 -141.66 -141.97 -142.25 -142.53 -142.78 -143.00 -143.22 -143.41 -143.50 -143.56 -143.62 -144.00 -144.56 -144.91 -144.94 -144.50 -143.28 -142.25 -142.19 -143.25 -144.81 -145.84 -146.19
-128.75 -129.69 -130.09 -130.25 -130.41 -130.72 -131.00 -131.22 -131.41 -131.62 -131.81 -132.00 -132.19 -132.41 -132.66 -132.91 -133.16 -133.41 -133.62 -133.88 -134.16 -134.44 -134.78 -135.19 -135.62 -136.09 -136.56 -137.03 -137.47 -137.88 -138.22 -138.47 -138.69 -138.91 -139.09 -139.28 -139.47 -139.69 -139.94 -140.19 -140.47 -140.78 -141.12 -141.47 -141.84 -142.19 -142.50 -142.81 -143.12 -143.38 -143.62 -143.88 -144.06 -144.22 -144.31 -144.59 -145.09 -145.47 -145.59 -145.38 -144.53 -143.59 -143.41 -144.22 -145.56 -146.38 -146.69
-129.53 -130.25 -130.66 -130.88 -131.06 -131.25 -131.44 -131.62 -131.78 -131.94 -132.09 -132.22 -132.34 -132.50 -132.69 -132.91 -133.12 -133.31 -133.50 -133.72 -133.97 -134.28 -134.62 -135.00 -135.44 -135.91 -136.41 -136.91 -137.34 -137.75 -138.03 -138.25 -138.47 -138.66 -138.88 -139.09 -139.31 -139.56 -139.81 -140.09 -140.41 -140.72 -141.06 -141.44 -141.81 -142.19 -142.56 -142.94 -143.28 -143.62 -143.97 -144.28 -144.53 -144.75 -144.94 -145.16 -145.56 -145.94 -146.16 -146.12 -145.69 -144.84 -144.59 -145.12 -146.19 -146.84 -147.16
-130.22 -130.72 -131.06 -131.31 -131.47 -131.62 -131.78 -131.94 -132.06 -132.19 -132.28 -132.34 -132.44 -132.53 -132.66 -132.81 -133.00 -133.16 -133.31 -133.50 -133.75 -134.06 -134.41 -134.81 -135.25 -135.75 -136.25 -136.75 -137.19 -137.50 -137.72 -137.91 -138.16 -138.38 -138.62 -138.88 -139.09 -139.31 -139.59 -139.88 -140.19 -140.53 -140.88 -141.28 -141.66 -142.06 -142.47 -142.88 -143.31 -143.75 -144.16 -144.56 -144.91 -145.19 -145.44 -145.69 -146.00 -146.38 -146.62 -146.69 -146.50 -146.03 -145.75 -146.06 -146.75 -147.25 -147.53
-130.75 -131.09 -131.38 -131.62 -131.78 -131.94 -132.06 -132.19 -132.28 -132.34 -132.38 -132.41 -132.44 -132.47 -132.56 -132.69 -132.81 -132.94 -133.06 -133.25 -133.47 -133.78 -134.19 -134.59 -135.06 -135.59 -136.09 -136.56 -136.88 -137.09 -137.28 -137.47 -137.78 -138.06 -138.34 -138.56 -138.75 -138.97 -139.25 -139.56 -139.88 -140.25 -140.62 -141.03 -141.44 -141.88 -142.31 -142.78 -143.28 -143.78 -144.25 -144.69 -145.09 -145.47 -145.81 -146.12 -146.44 -146.72 -147.00 -147.12 -147.12 -146.97 -146.81 -146.97 -147.34 -147.66 -147.88
-131.12 -131.38 -131.62 -131.84 -132.00 -132.16 -132.28 -132.38 -132.41 -132.44 -132.41 -132.38 -132.38 -132.38 -132.41 -132.50 -132.59 -132.69 -132.81 -132.94 -133.19 -133.50 -133.88 -134.34 -134.81 -135.34 -135.81 -136.19 -136.41 -136.56 -136.72 -137.00 -137.34 -137.69 -137.97 -138.16 -138.31 -138.50 -138.78 -139.12 -139.50 -139.88 -140.28 -140.69 -141.16 -141.59 -142.09 -142.62 -143.22 -143.75 -144.25 -144.69 -145.12 -145.56 -145.97 -146.34 -146.69 -147.00 -147.31 -147.50 -147.59 -147.59 -147.59 -147.69 -147.81 -148.00 -148.19
-131.34 -131.56 -131.78 -132.00 -132.16 -132.28 -132.41 -132.47 -132.47 -132.44 -132.38 -132.31 -132.25 -132.22 -132.22 -132.25 -132.34 -132.44 -132.50 -132.62 -132.84 -133.16 -133.53 -133.97 -134.44 -134.91 -135.34 -135.62 -135.81 -135.94 -136.16 -136.47 -136.88 -137.25 -137.50 -137.62 -137.69 -137.81 -138.09 -138.50 -138.94 -139.44 -139.91 -140.31 -140.78 -141.25 -141.78 -142.44 -143.09 -143.69 -144.19 -144.62 -145.06 -145.53 -145.97 -146.41 -146.78 -147.12 -147.44 -147.72 -147.91 -148.03 -148.12 -148.16 -148.22 -148.31 -148.47
-131.53 -131.72 -131.91 -132.09 -132.25 -132.38 -132.44 -132.50 -132.47 -132.41 -132.31 -132.22 -132.12 -132.06 -132.00 -132.00 -132.06 -132.12 -132.19 -132.28 -132.44 -132.72 -133.06 -133.47 -133.91 -134.34 -134.69 -134.94 -135.12 -135.28 -135.56 -135.91 -136.31 -136.69 -136.91 -136.94 -136.91 -136.84 -136.97 -137.34 -137.94 -138.75 -139.50 -139.88 -140.31 -140.78 -141.38 -142.22 -143.00 -143.56 -144.03 -144.44 -144.88 -145.34 -145.78 -146.22 -146.62 -147.03 -147.41 -147.75 -148.06 -148.25 -148.41 -148.50 -148.56 -148.62 -148.69
-131.69 -131.81 -131.97 -132.12 -132.28 -132.38 -132.44 -132.44 -132.41 -132.34 -132.22 -132.09 -131.97 -131.84 -131.72 -131.69 -131.72 -131.81 -131.84 -131.88 -131.97 -132.16 -132.41 -132.81 -133.28 -133.66 -133.94 -134.16 -134.38 -134.62 -134.91 -135.25 -135.62 -135.97 -136.12 -136.09 -135.94 -135.53 -135.50 -135.97 -136.81 -137.94 -139.03 -139.44 -139.78 -140.06 -140.94 -142.16 -142.91 -143.38 -143.72 -144.09 -144.50 -144.97 -145.38 -145.78 -146.25 -146.75 -147.22 -147.66 -148.03 -148.31 -148.53 -148.69 -148.78 -148.84 -148.91
-131.81 -131.91 -132.03 -132.16 -132.25 -132.34 -132.41 -132.44 -132.38 -132.28 -132.16 -131.97 -131.81 -131.62 -131.44 -131.31 -131.34 -131.41 -131.47 -131.44 -131.44 -131.44 -131.56 -132.00 -132.53 -132.91 -133.09 -133.28 -133.56 -133.88 -134.16 -134.47 -134.81 -135.12 -135.22 -135.16 -134.81 -134.03 -133.91 -134.47 -135.56 -136.97 -138.25 -138.78 -138.84 -139.56 -140.97 -142.16 -142.69 -142.91 -143.06 -143.31 -143.69 -144.03 -144.41 -145.03 -145.81 -146.47 -147.03 -147.53 -147.91 -148.22 -148.47 -148.69 -148.81 -148.94 -149.03
-131.91 -131.97 -132.06 -132.19 -132.25 -132.34 -132.41 -132.41 -132.34 -132.22 -132.06 -131.84 -131.62 -131.41 -131.16 -130.91 -130.88 -130.97 -131.00 -130.94 -130.81 -130.69 -130.62 -131.03 -131.62 -131.97 -132.06 -132.31 -132.66 -132.97 -133.22 -133.50 -133.91 -134.19 -134.22 -134.12 -133.31 -132.41 -132.19 -132.88 -134.19 -135.72 -136.94 -137.56 -138.28 -139.75 -141.25 -141.94 -142.09 -141.88 -141.53 -141.78 -142.22 -142.75 -143.56 -144.66 -145.56 -146.31 -146.91 -147.38 -147.75 -148.06 -148.31 -148.53 -148.72 -148.88 -149.03
-132.00 -132.06 -132.12 -132.22 -132.28 -132.34 -132.41 -132.41 -132.34 -132.19 -131.97 -131.72 -131.44 -131.16 -130.81 -130.47 -130.38 -130.44 -130.44 -130.38 -130.19 -129.94 -129.69 -129.72 -130.16 -130.41 -130.66 -131.22 -131.59 -131.88 -132.03 -132.25 -132.84 -133.25 -133.28 -132.91 -131.59 -130.59 -130.44 -131.25 -132.69 -134.28 -135.72 -137.00 -138.59 -140.25 -141.06 -141.28 -140.84 -139.94 -139.75 -140.16 -140.84 -141.88 -143.31 -144.53 -145.34 -146.09 -146.62 -147.06 -147.44 -147.75 -148.03 -148.28 -148.50 -148.72 -148.91
-132.03 -132.12 -132.19 -132.25 -132.28 -132.34 -132.38 -132.38 -132.28 -132.12 -131.88 -131.59 -131.25 -130.91 -130.50 -130.03 -129.78 -129.81 -129.81 -129.69 -129.47 -129.19 -128.88 -128.44 -128.41 -128.47 -129.03 -129.94 -130.31 -130.53 -130.53 -130.16 -130.75 -131.56 -131.78 -130.88 -129.53 -128.62 -128.66 -129.69 -131.38 -133.34 -135.38 -137.41 -139.09 -140.00 -140.34 -139.94 -138.59 -137.84 -137.91 -138.53 -139.72 -141.44 -143.28 -144.16 -145.00 -145.59 -146.06 -146.53 -147.00 -147.38 -147.66 -147.94 -148.19 -148.44 -148.66
-132.06 -132.16 -132.22 -132.25 -132.25 -132.25 -132.28 -132.28 -132.22 -132.06 -131.78 -131.44 -131.06 -130.66 -130.19 -129.56 -129.19 -129.16 -129.09 -128.91 -128.69 -128.38 -128.03 -127.34 -126.69 -126.53 -127.22 -128.50 -128.88 -128.94 -128.34 -127.59 -127.94 -128.62 -128.94 -128.28 -127.22 -126.59 -127.06 -128.59 -130.88 -133.53 -136.12 -137.78 -138.69 -139.16 -138.97 -137.53 -136.19 -135.66 -135.94 -136.97 -138.69 -140.88 -142.78 -143.62 -144.31 -144.81 -145.22 -145.91 -146.53 -146.94 -147.22 -147.50 -147.78 -148.06 -148.31
-132.03 -132.12 -132.16 -132.16 -132.12 -132.12 -132.12 -132.12 -132.06 -131.91 -131.66 -131.31 -130.88 -130.31 -129.62 -128.84 -128.47 -128.50 -128.41 -128.22 -127.94 -127.62 -127.22 -126.34 -125.12 -124.56 -125.12 -126.75 -127.44 -127.22 -125.66 -124.72 -124.78 -125.34 -125.69 -125.38 -124.78 -124.81 -126.06 -128.47 -131.66 -134.72 -136.38 -137.22 -137.69 -137.84 -137.22 -135.16 -133.75 -133.34 -133.91 -135.34 -137.44 -139.88 -142.12 -142.97 -143.50 -143.66 -144.41 -145.50 -146.06 -146.41 -146.69 -147.03 -147.34 -147.66 -147.97
-131.94 -132.00 -132.03 -132.00 -131.94 -131.91 -131.91 -131.91 -131.88 -131.78 -131.53 -131.16 -130.44 -129.41 -128.47 -127.75 -127.50 -127.72 -127.59 -127.12 -126.56 -126.22 -125.88 -124.94 -123.50 -122.53 -122.78 -124.12 -125.28 -124.34 -122.69 -121.66 -121.56 -122.00 -122.41 -122.44 -122.59 -123.69 -126.16 -129.66 -132.91 -134.56 -135.44 -135.69 -136.28 -136.41 -135.59 -133.00 -131.38 -131.00 -131.84 -133.56 -135.91 -138.53 -140.94 -142.12 -142.16 -142.47 -144.16 -145.00 -145.38 -145.44 -145.72 -146.28 -146.78 -147.19 -147.56
-131.81 -131.84 -131.84 -131.75 -131.69 -131.62 -131.62 -131.62 -131.62 -131.59 -131.44 -131.00 -129.88 -128.47 -127.19 -126.38 -126.16 -126.31 -126.00 -125.22 -124.38 -123.81 -123.50 -122.88 -121.59 -120.41 -120.25 -121.22 -122.06 -121.12 -119.56 -118.53 -118.41 -118.88 -119.41 -119.97 -121.22 -123.72 -127.41 -130.62 -132.31 -133.19 -132.75 -133.03 -134.53 -134.88 -134.16 -131.22 -129.19 -128.75 -129.75 -131.66 -134.12 -136.69 -138.72 -139.84 -140.59 -142.47 -143.72 -144.12 -143.50 -143.44 -144.03 -144.84 -145.59 -146.19 -146.75
-131.62 -131.62 -131.56 -131.47 -131.34 -131.31 -131.28 -131.25 -131.28 -131.34 -131.31 -130.97 -129.69 -127.88 -126.19 -125.00 -124.53 -124.53 -124.12 -123.12 -122.03 -121.22 -120.75 -120.28 -119.31 -118.16 -117.69 -118.19 -118.75 -117.91 -116.50 -115.59 -115.53 -116.09 -116.97 -118.50 -121.09 -124.81 -127.94 -129.69 -130.47 -129.75 -129.03 -130.06 -132.47 -133.12 -132.59 -129.69 -127.25 -126.66 -127.69 -129.69 -132.09 -134.38 -136.16 -137.91 -140.28 -142.25 -142.78 -141.50 -140.78 -141.12 -142.03 -143.06 -143.97 -144.81 -145.91
