everonasctiles/Tile[25,6].asc
ncols 128
nrows 128
xllcorner 0
yllcorner 0
cellsize 2.0
NODATA_value  -9999
[rows 0 to 32 of 128, columns 0 to 73 of 128]
-1.09 -1.09 -1.09 -1.06 -1.03 -1.00 -0.97 -0.97 -0.94 -0.94 -0.94 -0.94 -0.91 -0.91 -0.94 -0.94 -0.94 -0.91 -0.91 -0.88 -0.84 -0.78 -0.72 -0.69 -0.66 -0.59 -0.56 -0.50 -0.50 -0.50 -0.50 -0.50 -0.50 -0.50 -0.47 -0.41 -0.34 -0.28 -0.22 -0.12 -0.06 -0.03 -0.03 -0.03 -0.03 -0.03 -0.06 -0.12 -0.12 0.03 0.12 0.19 0.28 0.38 0.47 0.56 0.62 0.69 0.75 0.78 0.84 0.88 0.91 0.94 1.00 1.03 1.09 1.12 1.19 1.25 1.34 1.41 1.47 1.53
-1.12 -1.12 -1.12 -1.09 -1.09 -1.03 -1.03 -1.00 -0.97 -0.97 -0.97 -0.97 -0.97 -0.97 -0.97 -0.94 -0.94 -0.94 -0.94 -0.94 -0.91 -0.84 -0.78 -0.72 -0.69 -0.66 -0.62 -0.59 -0.56 -0.56 -0.56 -0.56 -0.53 -0.53 -0.50 -0.47 -0.41 -0.38 -0.28 -0.22 -0.19 -0.12 -0.09 -0.09 -0.03 0.03 -0.06 -0.09 -0.06 0.03 0.12 0.19 0.28 0.38 0.47 0.53 0.59 0.62 0.69 0.72 0.75 0.81 0.84 0.88 0.91 0.97 1.03 1.09 1.16 1.22 1.31 1.38 1.44 1.47
-1.16 -1.16 -1.16 -1.12 -1.12 -1.09 -1.06 -1.03 -1.03 -1.00 -1.00 -1.00 -1.00 -1.00 -1.00 -1.00 -0.97 -0.97 -0.97 -0.97 -0.94 -0.91 -0.84 -0.78 -0.75 -0.72 -0.69 -0.69 -0.66 -0.62 -0.62 -0.59 -0.59 -0.59 -0.56 -0.53 -0.50 -0.44 -0.38 -0.34 -0.28 -0.22 -0.22 -0.16 -0.09 -0.03 -0.06 -0.06 -0.03 0.06 0.16 0.22 0.31 0.38 0.47 0.50 0.53 0.59 0.62 0.66 0.72 0.72 0.78 0.81 0.84 0.91 0.97 1.03 1.12 1.19 1.28 1.38 1.41 1.44
-1.19 -1.19 -1.16 -1.16 -1.16 -1.12 -1.09 -1.09 -1.06 -1.06 -1.03 -1.03 -1.03 -1.03 -1.03 -1.03 -1.00 -1.00 -1.00 -1.00 -0.97 -0.94 -0.91 -0.84 -0.81 -0.78 -0.75 -0.75 -0.72 -0.69 -0.69 -0.69 -0.69 -0.66 -0.62 -0.59 -0.53 -0.50 -0.47 -0.41 -0.38 -0.31 -0.28 -0.22 -0.16 -0.09 -0.06 0.00 0.06 0.12 0.22 0.28 0.38 0.44 0.50 0.50 0.50 0.56 0.59 0.62 0.66 0.69 0.72 0.75 0.81 0.88 0.94 1.03 1.12 1.19 1.25 1.34 1.38 1.41
-1.25 -1.22 -1.19 -1.19 -1.19 -1.19 -1.16 -1.12 -1.12 -1.09 -1.06 -1.06 -1.06 -1.03 -1.03 -1.03 -1.03 -1.03 -1.03 -1.03 -1.03 -1.00 -0.94 -0.91 -0.88 -0.84 -0.81 -0.78 -0.78 -0.78 -0.78 -0.75 -0.75 -0.72 -0.66 -0.62 -0.59 -0.56 -0.50 -0.47 -0.41 -0.38 -0.31 -0.25 -0.19 -0.12 -0.03 0.03 0.12 0.22 0.28 0.38 0.44 0.50 0.59 0.53 0.50 0.50 0.53 0.72 0.50 0.50 0.53 0.56 0.75 0.84 0.84 1.06 1.12 1.19 1.28 1.31 1.38 1.41
-1.28 -1.25 -1.22 -1.22 -1.22 -1.22 -1.22 -1.19 -1.16 -1.12 -1.12 -1.09 -1.09 -1.06 -1.06 -1.06 -1.06 -1.06 -1.06 -1.06 -1.06 -1.06 -1.00 -0.97 -0.94 -0.94 -0.91 -0.88 -0.88 -0.88 -0.84 -0.84 -0.81 -0.78 -0.72 -0.69 -0.66 -0.59 -0.56 -0.50 -0.47 -0.41 -0.34 -0.28 -0.22 -0.12 -0.03 0.06 0.16 0.25 0.34 0.41 0.47 0.53 0.53 0.53 0.53 0.56 0.75 0.66 0.47 0.47 0.47 0.50 0.62 0.62 0.69 0.75 0.97 1.00 1.06 1.16 1.25 1.34
-1.31 -1.28 -1.28 -1.28 -1.25 -1.25 -1.25 -1.25 -1.22 -1.19 -1.16 -1.12 -1.12 -1.09 -1.09 -1.06 -1.06 -1.06 -1.06 -1.09 -1.09 -1.06 -1.06 -1.03 -1.00 -1.00 -1.00 -0.97 -0.97 -0.97 -0.94 -0.91 -0.88 -0.84 -0.81 -0.75 -0.72 -0.69 -0.62 -0.56 -0.53 -0.47 -0.41 -0.34 -0.25 -0.12 -0.03 0.06 0.16 0.25 0.34 0.41 0.47 0.50 0.53 0.53 0.59 0.66 0.53 0.53 0.44 0.44 0.44 0.44 0.47 0.50 0.53 0.72 0.62 0.81 1.00 0.94 1.03 1.12
-1.38 -1.38 -1.34 -1.31 -1.31 -1.31 -1.28 -1.28 -1.28 -1.25 -1.22 -1.19 -1.16 -1.16 -1.12 -1.09 -1.09 -1.09 -1.09 -1.09 -1.09 -1.09 -1.09 -1.09 -1.06 -1.06 -1.06 -1.03 -1.03 -1.03 -1.00 -0.97 -0.94 -0.91 -0.88 -0.81 -0.78 -0.72 -0.69 -0.62 -0.59 -0.53 -0.47 -0.38 -0.28 -0.16 -0.06 0.06 0.16 0.22 0.28 0.38 0.41 0.44 0.47 0.50 0.53 0.53 0.47 0.44 0.41 0.41 0.38 0.41 0.41 0.41 0.44 0.56 0.59 0.53 0.66 0.62 0.75 1.06
-1.47 -1.44 -1.41 -1.41 -1.38 -1.34 -1.34 -1.31 -1.31 -1.28 -1.25 -1.25 -1.22 -1.19 -1.16 -1.16 -1.12 -1.12 -1.12 -1.12 -1.12 -1.12 -1.12 -1.12 -1.12 -1.12 -1.09 -1.09 -1.09 -1.06 -1.06 -1.03 -1.00 -0.97 -0.91 -0.88 -0.81 -0.78 -0.72 -0.69 -0.62 -0.59 -0.53 -0.44 -0.34 -0.22 -0.09 0.00 0.12 0.19 0.25 0.31 0.34 0.38 0.41 0.44 0.44 0.44 0.41 0.38 0.38 0.34 0.34 0.38 0.38 0.38 0.38 0.41 0.38 0.38 0.44 0.50 0.59 0.78
-1.53 -1.53 -1.50 -1.47 -1.44 -1.44 -1.41 -1.38 -1.34 -1.34 -1.31 -1.28 -1.25 -1.22 -1.22 -1.19 -1.19 -1.16 -1.16 -1.16 -1.16 -1.19 -1.16 -1.16 -1.16 -1.16 -1.16 -1.16 -1.16 -1.12 -1.12 -1.09 -1.06 -1.03 -0.97 -0.94 -0.88 -0.81 -0.78 -0.72 -0.66 -0.62 -0.56 -0.47 -0.38 -0.25 -0.16 -0.06 0.06 0.12 0.22 0.25 0.28 0.31 0.34 0.34 0.38 0.38 0.34 0.31 0.31 0.31 0.34 0.34 0.38 0.38 0.34 0.31 0.28 0.28 0.34 0.41 0.50 0.59
-1.62 -1.59 -1.56 -1.56 -1.53 -1.50 -1.47 -1.44 -1.41 -1.38 -1.34 -1.31 -1.28 -1.25 -1.25 -1.25 -1.22 -1.22 -1.22 -1.22 -1.22 -1.22 -1.22 -1.22 -1.22 -1.22 -1.22 -1.22 -1.19 -1.19 -1.16 -1.16 -1.12 -1.06 -1.03 -0.97 -0.94 -0.88 -0.81 -0.75 -0.69 -0.62 -0.56 -0.50 -0.41 -0.31 -0.22 -0.12 -0.03 0.03 0.12 0.19 0.25 0.25 0.28 0.28 0.28 0.28 0.28 0.28 0.28 0.31 0.31 0.34 0.34 0.34 0.31 0.28 0.25 0.22 0.25 0.28 0.34 0.41
-1.69 -1.69 -1.66 -1.66 -1.62 -1.59 -1.56 -1.53 -1.50 -1.47 -1.44 -1.41 -1.38 -1.34 -1.34 -1.31 -1.31 -1.28 -1.28 -1.25 -1.25 -1.25 -1.25 -1.25 -1.25 -1.25 -1.25 -1.25 -1.25 -1.22 -1.22 -1.19 -1.16 -1.12 -1.06 -1.03 -0.97 -0.91 -0.88 -0.78 -0.72 -0.66 -0.56 -0.50 -0.47 -0.38 -0.31 -0.25 -0.16 -0.06 0.03 0.09 0.16 0.19 0.19 0.22 0.22 0.22 0.22 0.22 0.25 0.25 0.31 0.31 0.31 0.31 0.31 0.25 0.22 0.19 0.19 0.19 0.25 0.28
-1.78 -1.78 -1.75 -1.75 -1.72 -1.69 -1.69 -1.66 -1.62 -1.59 -1.56 -1.50 -1.47 -1.44 -1.41 -1.41 -1.38 -1.38 -1.34 -1.34 -1.31 -1.31 -1.28 -1.28 -1.28 -1.28 -1.28 -1.25 -1.25 -1.25 -1.25 -1.22 -1.22 -1.19 -1.12 -1.06 -1.00 -0.94 -0.88 -0.81 -0.75 -0.66 -0.59 -0.53 -0.50 -0.44 -0.41 -0.34 -0.28 -0.19 -0.09 -0.03 0.03 0.06 0.09 0.12 0.16 0.16 0.16 0.16 0.19 0.22 0.25 0.25 0.25 0.28 0.28 0.25 0.22 0.19 0.22 0.19 0.19 0.25
-1.88 -1.88 -1.88 -1.84 -1.84 -1.81 -1.78 -1.75 -1.72 -1.69 -1.66 -1.62 -1.59 -1.56 -1.53 -1.50 -1.47 -1.44 -1.44 -1.41 -1.38 -1.34 -1.34 -1.31 -1.31 -1.31 -1.31 -1.28 -1.28 -1.28 -1.25 -1.25 -1.22 -1.19 -1.16 -1.09 -1.03 -0.97 -0.91 -0.84 -0.75 -0.69 -0.62 -0.56 -0.53 -0.50 -0.47 -0.44 -0.38 -0.28 -0.22 -0.16 -0.09 -0.06 0.00 0.03 0.06 0.09 0.09 0.09 0.12 0.16 0.19 0.19 0.22 0.22 0.28 0.25 0.25 0.25 0.28 0.28 0.28 0.28
-1.97 -1.97 -1.94 -1.94 -1.94 -1.91 -1.91 -1.88 -1.84 -1.81 -1.78 -1.75 -1.72 -1.69 -1.66 -1.59 -1.56 -1.53 -1.50 -1.47 -1.47 -1.44 -1.41 -1.38 -1.34 -1.31 -1.31 -1.31 -1.31 -1.28 -1.28 -1.25 -1.22 -1.22 -1.19 -1.12 -1.06 -1.00 -0.94 -0.84 -0.78 -0.72 -0.69 -0.62 -0.59 -0.56 -0.53 -0.53 -0.47 -0.41 -0.34 -0.28 -0.22 -0.16 -0.12 -0.06 -0.03 0.00 0.00 0.00 0.06 0.09 0.12 0.16 0.19 0.22 0.25 0.28 0.31 0.34 0.38 0.41 0.41 0.41
-2.03 -2.03 -2.03 -2.03 -2.03 -2.03 -2.00 -2.00 -1.97 -1.94 -1.91 -1.88 -1.84 -1.81 -1.75 -1.72 -1.69 -1.62 -1.59 -1.56 -1.53 -1.50 -1.47 -1.44 -1.41 -1.38 -1.34 -1.31 -1.31 -1.31 -1.28 -1.25 -1.22 -1.22 -1.19 -1.12 -1.06 -1.00 -0.94 -0.88 -0.84 -0.78 -0.72 -0.69 -0.66 -0.62 -0.59 -0.56 -0.53 -0.47 -0.44 -0.38 -0.31 -0.28 -0.22 -0.16 -0.12 -0.09 -0.06 -0.06 -0.03 0.03 0.06 0.09 0.12 0.16 0.19 0.25 0.31 0.38 0.47 0.50 0.53 0.53
-2.09 -2.09 -2.12 -2.12 -2.12 -2.12 -2.12 -2.09 -2.09 -2.06 -2.03 -2.00 -1.97 -1.91 -1.88 -1.81 -1.78 -1.72 -1.69 -1.66 -1.62 -1.59 -1.53 -1.50 -1.47 -1.44 -1.38 -1.34 -1.34 -1.31 -1.28 -1.25 -1.25 -1.22 -1.19 -1.16 -1.09 -1.03 -1.00 -0.94 -0.91 -0.84 -0.78 -0.75 -0.72 -0.69 -0.66 -0.66 -0.59 -0.56 -0.50 -0.47 -0.41 -0.38 -0.31 -0.22 -0.19 -0.16 -0.12 -0.09 -0.06 -0.03 0.00 0.03 0.06 0.12 0.16 0.25 0.31 0.47 0.50 0.59 0.62 0.66
-2.16 -2.19 -2.19 -2.22 -2.22 -2.25 -2.25 -2.25 -2.22 -2.19 -2.19 -2.12 -2.09 -2.03 -2.00 -1.94 -1.88 -1.84 -1.78 -1.75 -1.72 -1.66 -1.62 -1.59 -1.53 -1.50 -1.44 -1.41 -1.38 -1.34 -1.31 -1.28 -1.25 -1.22 -1.19 -1.16 -1.12 -1.09 -1.06 -1.00 -0.97 -0.91 -0.88 -0.81 -0.78 -0.75 -0.72 -0.72 -0.66 -0.59 -0.56 -0.50 -0.47 -0.41 -0.34 -0.25 -0.22 -0.19 -0.16 -0.12 -0.09 -0.09 -0.06 -0.03 0.00 0.06 0.09 0.22 0.34 0.50 0.59 0.66 0.72 0.75
-2.25 -2.25 -2.25 -2.31 -2.34 -2.38 -2.38 -2.38 -2.38 -2.34 -2.31 -2.28 -2.22 -2.19 -2.12 -2.06 -2.00 -1.94 -1.91 -1.84 -1.81 -1.75 -1.72 -1.69 -1.62 -1.59 -1.53 -1.47 -1.44 -1.41 -1.34 -1.34 -1.31 -1.28 -1.22 -1.22 -1.19 -1.16 -1.12 -1.06 -1.03 -1.00 -0.94 -0.91 -0.88 -0.84 -0.81 -0.78 -0.72 -0.66 -0.59 -0.56 -0.50 -0.44 -0.38 -0.28 -0.25 -0.22 -0.16 -0.16 -0.12 -0.09 -0.06 -0.06 -0.03 0.03 0.06 0.19 0.34 0.50 0.62 0.69 0.75 0.81
-2.38 -2.25 -2.28 -2.38 -2.44 -2.47 -2.50 -2.50 -2.50 -2.50 -2.47 -2.41 -2.38 -2.31 -2.25 -2.19 -2.12 -2.06 -2.03 -1.97 -1.94 -1.88 -1.84 -1.78 -1.72 -1.69 -1.62 -1.56 -1.53 -1.47 -1.44 -1.38 -1.34 -1.31 -1.28 -1.25 -1.22 -1.19 -1.16 -1.12 -1.09 -1.06 -1.00 -0.97 -0.94 -0.91 -0.88 -0.84 -0.78 -0.72 -0.66 -0.59 -0.53 -0.47 -0.41 -0.31 -0.28 -0.22 -0.19 -0.16 -0.12 -0.09 -0.09 -0.06 0.00 0.03 0.06 0.16 0.31 0.47 0.62 0.72 0.78 0.84
-2.22 -2.44 -2.38 -2.50 -2.56 -2.59 -2.62 -2.62 -2.62 -2.62 -2.59 -2.56 -2.50 -2.44 -2.38 -2.31 -2.25 -2.19 -2.16 -2.09 -2.06 -2.00 -1.97 -1.91 -1.84 -1.78 -1.72 -1.69 -1.62 -1.56 -1.50 -1.47 -1.41 -1.38 -1.34 -1.31 -1.28 -1.25 -1.19 -1.16 -1.12 -1.09 -1.06 -1.03 -1.00 -0.94 -0.91 -0.88 -0.81 -0.75 -0.69 -0.62 -0.59 -0.53 -0.44 -0.38 -0.28 -0.25 -0.22 -0.19 -0.16 -0.12 -0.06 -0.03 0.00 0.06 0.09 0.16 0.25 0.41 0.56 0.69 0.78 0.88
-2.56 -2.56 -2.81 -2.62 -2.62 -2.69 -2.72 -2.78 -2.75 -2.75 -2.72 -2.66 -2.62 -2.56 -2.50 -2.41 -2.34 -2.31 -2.28 -2.22 -2.19 -2.12 -2.09 -2.03 -1.97 -1.91 -1.84 -1.78 -1.72 -1.69 -1.62 -1.56 -1.50 -1.47 -1.41 -1.38 -1.34 -1.31 -1.25 -1.22 -1.19 -1.16 -1.12 -1.09 -1.03 -1.00 -0.97 -0.94 -0.88 -0.81 -0.75 -0.69 -0.66 -0.59 -0.50 -0.41 -0.34 -0.31 -0.25 -0.22 -0.16 -0.12 -0.06 0.00 0.06 0.09 0.12 0.19 0.25 0.38 0.53 0.66 0.75 0.84
-2.84 -2.53 -2.91 -2.97 -3.06 -2.59 -2.97 -2.97 -2.91 -2.88 -2.81 -2.75 -2.75 -2.69 -2.59 -2.53 -2.47 -2.44 -2.41 -2.38 -2.31 -2.28 -2.22 -2.16 -2.09 -2.03 -1.97 -1.91 -1.84 -1.81 -1.75 -1.69 -1.62 -1.56 -1.50 -1.47 -1.41 -1.38 -1.34 -1.28 -1.25 -1.22 -1.19 -1.12 -1.09 -1.06 -1.00 -0.97 -0.94 -0.88 -0.81 -0.75 -0.72 -0.66 -0.56 -0.50 -0.44 -0.38 -0.31 -0.25 -0.19 -0.09 -0.03 0.03 0.09 0.16 0.19 0.25 0.31 0.41 0.53 0.66 0.75 0.81
-3.09 -2.81 -2.66 -2.81 -3.03 -2.59 -2.72 -3.06 -3.03 -3.09 -2.72 -2.81 -2.91 -2.81 -2.72 -2.66 -2.59 -2.53 -2.53 -2.53 -2.47 -2.41 -2.34 -2.28 -2.22 -2.16 -2.09 -2.03 -1.97 -1.94 -1.88 -1.81 -1.75 -1.69 -1.62 -1.56 -1.50 -1.47 -1.41 -1.38 -1.31 -1.28 -1.25 -1.19 -1.16 -1.12 -1.06 -1.03 -1.00 -0.94 -0.88 -0.81 -0.78 -0.72 -0.66 -0.59 -0.50 -0.44 -0.38 -0.31 -0.22 -0.09 0.00 0.06 0.16 0.19 0.25 0.31 0.38 0.44 0.53 0.66 0.72 0.78
-3.22 -3.38 -3.09 -3.06 -3.06 -2.84 -3.12 -3.34 -3.19 -3.03 -3.06 -3.03 -2.69 -2.94 -3.00 -2.72 -2.66 -2.69 -2.72 -2.69 -2.62 -2.56 -2.50 -2.44 -2.34 -2.28 -2.22 -2.16 -2.09 -2.06 -2.00 -1.94 -1.88 -1.81 -1.75 -1.69 -1.62 -1.56 -1.53 -1.47 -1.41 -1.38 -1.31 -1.28 -1.22 -1.19 -1.16 -1.09 -1.06 -1.03 -0.97 -0.91 -0.88 -0.81 -0.75 -0.69 -0.59 -0.53 -0.44 -0.34 -0.25 -0.12 0.00 0.09 0.16 0.25 0.31 0.38 0.44 0.50 0.56 0.66 0.69 0.72
-3.56 -3.28 -3.56 -3.41 -3.00 -2.84 -3.44 -3.53 -3.19 -2.56 -3.00 -2.97 -3.19 -3.31 -2.94 -2.78 -2.84 -3.03 -2.91 -2.88 -2.75 -2.72 -2.66 -2.56 -2.47 -2.41 -2.34 -2.31 -2.25 -2.19 -2.12 -2.09 -2.03 -1.94 -1.88 -1.81 -1.75 -1.69 -1.66 -1.59 -1.53 -1.47 -1.44 -1.38 -1.34 -1.28 -1.25 -1.19 -1.16 -1.12 -1.06 -1.00 -0.97 -0.91 -0.84 -0.78 -0.72 -0.62 -0.53 -0.44 -0.28 -0.16 -0.03 0.09 0.19 0.25 0.31 0.41 0.47 0.50 0.56 0.62 0.66 0.69
-3.69 -3.69 -3.81 -3.53 -3.66 -3.53 -3.12 -3.09 -2.94 -3.16 -3.31 -3.31 -3.50 -3.22 -3.06 -3.31 -3.22 -3.22 -3.03 -3.03 -2.97 -2.84 -2.78 -2.69 -2.59 -2.53 -2.50 -2.44 -2.41 -2.34 -2.28 -2.22 -2.16 -2.09 -2.03 -1.97 -1.91 -1.84 -1.78 -1.72 -1.66 -1.62 -1.56 -1.50 -1.44 -1.41 -1.34 -1.31 -1.25 -1.22 -1.16 -1.12 -1.06 -1.03 -0.97 -0.91 -0.84 -0.72 -0.62 -0.50 -0.34 -0.22 -0.06 0.06 0.16 0.25 0.34 0.41 0.47 0.50 0.56 0.56 0.59 0.62
-3.78 -3.78 -3.75 -3.53 -3.59 -3.56 -3.47 -3.22 -3.38 -3.69 -3.41 -3.25 -3.47 -3.38 -3.50 -3.31 -3.31 -3.38 -3.22 -3.12 -3.09 -3.00 -2.84 -2.81 -2.69 -2.62 -2.62 -2.59 -2.56 -2.50 -2.47 -2.41 -2.31 -2.25 -2.19 -2.09 -2.03 -1.97 -1.91 -1.88 -1.81 -1.75 -1.69 -1.62 -1.59 -1.53 -1.47 -1.41 -1.38 -1.31 -1.28 -1.22 -1.19 -1.12 -1.09 -1.03 -0.94 -0.81 -0.72 -0.59 -0.44 -0.28 -0.12 0.00 0.12 0.25 0.31 0.41 0.44 0.47 0.50 0.53 0.53 0.56
-4.16 -3.97 -3.94 -3.84 -3.59 -3.84 -4.19 -4.19 -3.84 -3.78 -3.81 -3.84 -3.34 -3.78 -3.59 -3.62 -3.56 -3.53 -3.38 -3.34 -3.22 -3.22 -2.97 -3.03 -2.72 -2.62 -2.78 -2.81 -2.78 -2.69 -2.62 -2.56 -2.50 -2.41 -2.34 -2.25 -2.19 -2.12 -2.06 -2.03 -1.97 -1.91 -1.84 -1.78 -1.72 -1.66 -1.59 -1.53 -1.47 -1.44 -1.38 -1.34 -1.28 -1.25 -1.19 -1.16 -1.06 -0.94 -0.84 -0.69 -0.53 -0.38 -0.22 -0.06 0.06 0.19 0.28 0.34 0.41 0.41 0.44 0.47 0.47 0.50
-4.38 -4.09 -4.12 -3.84 -3.69 -3.88 -4.38 -4.38 -4.19 -4.09 -3.81 -4.16 -3.47 -3.62 -3.66 -3.72 -3.81 -3.66 -3.47 -3.56 -3.47 -3.31 -3.19 -3.12 -3.00 -2.97 -2.97 -3.03 -2.97 -2.88 -2.78 -2.72 -2.66 -2.59 -2.50 -2.41 -2.34 -2.28 -2.22 -2.19 -2.12 -2.06 -2.00 -1.94 -1.88 -1.78 -1.72 -1.66 -1.59 -1.56 -1.50 -1.44 -1.41 -1.34 -1.31 -1.25 -1.16 -1.06 -0.94 -0.81 -0.62 -0.47 -0.31 -0.16 -0.03 0.09 0.19 0.28 0.31 0.34 0.34 0.38 0.41 0.44
-4.44 -4.34 -4.00 -4.22 -4.34 -4.09 -4.50 -4.50 -4.31 -4.19 -4.25 -4.09 -3.72 -3.75 -4.03 -3.59 -3.75 -3.81 -3.72 -3.59 -3.56 -3.53 -3.53 -3.31 -3.12 -3.25 -3.22 -3.09 -3.06 -3.06 -2.97 -2.91 -2.84 -2.78 -2.69 -2.56 -2.47 -2.44 -2.41 -2.34 -2.31 -2.25 -2.16 -2.09 -2.00 -1.94 -1.88 -1.78 -1.72 -1.66 -1.62 -1.56 -1.53 -1.47 -1.44 -1.38 -1.28 -1.19 -1.09 -0.94 -0.78 -0.59 -0.44 -0.28 -0.16 -0.03 0.09 0.16 0.22 0.25 0.28 0.31 0.34 0.34
-4.78 -4.91 -4.66 -4.44 -4.44 -4.19 -4.06 -4.41 -4.31 -4.44 -4.50 -3.91 -3.97 -4.16 -4.19 -3.97 -3.88 -3.88 -3.81 -3.81 -3.88 -3.78 -3.59 -3.47 -3.56 -3.47 -3.44 -3.34 -3.22 -3.22 -3.12 -3.03 -3.03 -2.97 -2.84 -2.72 -2.62 -2.59 -2.56 -2.53 -2.47 -2.41 -2.34 -2.25 -2.16 -2.09 -2.00 -1.94 -1.84 -1.78 -1.75 -1.69 -1.62 -1.59 -1.56 -1.50 -1.41 -1.31 -1.22 -1.06 -0.91 -0.75 -0.56 -0.41 -0.28 -0.12 0.00 0.06 0.12 0.16 0.19 0.22 0.25 0.28
-4.94 -4.94 -5.00 -4.91 -4.78 -4.78 -4.41 -4.31 -4.72 -4.59 -4.50 -4.34 -4.41 -4.25 -4.12 -4.16 -4.16 -4.16 -4.09 -4.09 -4.03 -3.91 -3.88 -3.78 -3.72 -3.66 -3.56 -3.53 -3.44 -3.28 -3.22 -3.22 -3.12 -3.12 -2.97 -2.91 -2.84 -2.75 -2.72 -2.69 -2.62 -2.56 -2.50 -2.41 -2.31 -2.22 -2.16 -2.06 -2.00 -1.94 -1.88 -1.81 -1.78 -1.72 -1.69 -1.62 -1.53 -1.44 -1.34 -1.22 -1.06 -0.88 -0.72 -0.56 -0.41 -0.25 -0.12 -0.06 0.00 0.06 0.09 0.12 0.16 0.19
