everonasctiles/Tile[14,4].asc
ncols 128
nrows 128
xllcorner 0
yllcorner 0
cellsize 2.0
NODATA_value  -9999
[rows 64 to 95 of 128, columns 0 to 70 of 128]
-20.88 -21.00 -21.09 -21.19 -21.31 -21.41 -21.47 -21.50 -21.56 -21.66 -21.75 -21.88 -22.00 -22.09 -22.19 -22.25 -22.31 -22.38 -22.47 -22.56 -22.62 -22.69 -22.75 -22.81 -22.91 -22.94 -23.00 -23.03 -23.09 -23.16 -23.19 -23.25 -23.31 -23.34 -23.41 -23.47 -23.53 -23.56 -23.59 -23.62 -23.66 -23.69 -23.72 -23.75 -23.78 -23.78 -23.81 -23.84 -23.84 -23.88 -23.88 -23.91 -23.91 -23.91 -23.91 -23.94 -23.94 -23.91 -23.91 -23.91 -23.91 -23.91 -23.88 -23.88 -23.84 -23.84 -23.84 -23.88 -23.88 -23.88 -23.91
-21.00 -21.09 -21.19 -21.28 -21.34 -21.41 -21.47 -21.56 -21.62 -21.72 -21.81 -21.94 -22.03 -22.12 -22.19 -22.25 -22.28 -22.34 -22.44 -22.50 -22.56 -22.62 -22.69 -22.75 -22.81 -22.88 -22.91 -22.97 -23.00 -23.06 -23.09 -23.16 -23.22 -23.28 -23.31 -23.38 -23.44 -23.47 -23.53 -23.56 -23.59 -23.62 -23.66 -23.66 -23.69 -23.72 -23.72 -23.75 -23.78 -23.81 -23.81 -23.84 -23.84 -23.84 -23.84 -23.84 -23.81 -23.81 -23.81 -23.84 -23.84 -23.84 -23.81 -23.78 -23.78 -23.78 -23.81 -23.81 -23.81 -23.81 -23.81
-21.03 -21.12 -21.22 -21.28 -21.38 -21.44 -21.50 -21.59 -21.69 -21.78 -21.84 -21.94 -22.00 -22.06 -22.12 -22.19 -22.25 -22.31 -22.38 -22.44 -22.50 -22.56 -22.62 -22.69 -22.75 -22.78 -22.84 -22.88 -22.94 -22.97 -23.03 -23.09 -23.12 -23.19 -23.22 -23.28 -23.34 -23.38 -23.44 -23.47 -23.50 -23.53 -23.56 -23.56 -23.59 -23.62 -23.66 -23.66 -23.69 -23.75 -23.75 -23.78 -23.78 -23.78 -23.75 -23.75 -23.75 -23.75 -23.78 -23.78 -23.78 -23.75 -23.75 -23.72 -23.72 -23.72 -23.75 -23.75 -23.75 -23.75 -23.75
-21.03 -21.12 -21.19 -21.28 -21.34 -21.41 -21.47 -21.56 -21.66 -21.75 -21.81 -21.88 -21.94 -22.00 -22.06 -22.12 -22.19 -22.25 -22.31 -22.38 -22.44 -22.50 -22.53 -22.59 -22.62 -22.69 -22.75 -22.81 -22.84 -22.91 -22.94 -23.00 -23.03 -23.09 -23.12 -23.19 -23.25 -23.31 -23.34 -23.38 -23.41 -23.44 -23.47 -23.50 -23.50 -23.53 -23.56 -23.59 -23.62 -23.66 -23.69 -23.69 -23.69 -23.69 -23.69 -23.69 -23.69 -23.72 -23.72 -23.72 -23.69 -23.69 -23.69 -23.69 -23.66 -23.66 -23.69 -23.69 -23.69 -23.69 -23.72
-21.00 -21.06 -21.12 -21.19 -21.28 -21.34 -21.44 -21.53 -21.62 -21.69 -21.75 -21.81 -21.88 -21.91 -21.97 -22.03 -22.09 -22.16 -22.22 -22.28 -22.34 -22.41 -22.44 -22.50 -22.53 -22.59 -22.66 -22.72 -22.75 -22.81 -22.88 -22.91 -22.94 -23.00 -23.06 -23.09 -23.16 -23.22 -23.25 -23.28 -23.31 -23.38 -23.41 -23.41 -23.44 -23.44 -23.47 -23.50 -23.53 -23.56 -23.59 -23.59 -23.62 -23.62 -23.62 -23.62 -23.66 -23.66 -23.66 -23.66 -23.62 -23.62 -23.62 -23.62 -23.59 -23.59 -23.59 -23.59 -23.59 -23.62 -23.62
-20.91 -20.97 -21.03 -21.06 -21.12 -21.28 -21.38 -21.47 -21.56 -21.62 -21.69 -21.75 -21.78 -21.84 -21.88 -21.97 -22.03 -22.09 -22.16 -22.22 -22.28 -22.31 -22.38 -22.41 -22.44 -22.50 -22.56 -22.59 -22.66 -22.72 -22.75 -22.81 -22.84 -22.91 -22.97 -23.00 -23.06 -23.12 -23.16 -23.22 -23.25 -23.28 -23.31 -23.34 -23.34 -23.38 -23.41 -23.44 -23.44 -23.47 -23.47 -23.50 -23.50 -23.53 -23.53 -23.56 -23.59 -23.59 -23.56 -23.56 -23.59 -23.59 -23.56 -23.56 -23.53 -23.53 -23.53 -23.53 -23.53 -23.53 -23.56
-20.78 -20.84 -20.94 -21.00 -21.09 -21.22 -21.34 -21.41 -21.47 -21.53 -21.59 -21.66 -21.69 -21.75 -21.81 -21.88 -21.94 -22.00 -22.06 -22.12 -22.19 -22.22 -22.28 -22.31 -22.34 -22.41 -22.44 -22.50 -22.56 -22.62 -22.66 -22.72 -22.75 -22.81 -22.88 -22.91 -22.97 -23.03 -23.09 -23.12 -23.19 -23.22 -23.25 -23.25 -23.28 -23.31 -23.34 -23.34 -23.38 -23.38 -23.41 -23.41 -23.41 -23.41 -23.44 -23.50 -23.50 -23.53 -23.53 -23.53 -23.53 -23.50 -23.50 -23.50 -23.50 -23.47 -23.47 -23.47 -23.47 -23.47 -23.47
-20.69 -20.81 -20.91 -21.00 -21.06 -21.19 -21.28 -21.34 -21.41 -21.47 -21.50 -21.56 -21.59 -21.66 -21.72 -21.78 -21.84 -21.91 -21.97 -22.03 -22.06 -22.12 -22.16 -22.22 -22.25 -22.31 -22.38 -22.41 -22.47 -22.53 -22.56 -22.62 -22.66 -22.72 -22.78 -22.81 -22.88 -22.94 -23.00 -23.03 -23.09 -23.12 -23.16 -23.19 -23.22 -23.25 -23.25 -23.28 -23.28 -23.31 -23.31 -23.31 -23.31 -23.31 -23.34 -23.41 -23.44 -23.44 -23.47 -23.47 -23.47 -23.44 -23.44 -23.44 -23.44 -23.44 -23.41 -23.38 -23.38 -23.38 -23.41
-20.66 -20.81 -20.91 -20.97 -21.03 -21.12 -21.19 -21.28 -21.31 -21.38 -21.41 -21.44 -21.47 -21.50 -21.56 -21.62 -21.69 -21.75 -21.81 -21.88 -21.94 -22.00 -22.06 -22.12 -22.19 -22.25 -22.28 -22.34 -22.38 -22.44 -22.50 -22.53 -22.56 -22.62 -22.69 -22.72 -22.78 -22.81 -22.88 -22.94 -22.97 -23.03 -23.06 -23.09 -23.12 -23.16 -23.19 -23.19 -23.22 -23.22 -23.22 -23.22 -23.22 -23.25 -23.28 -23.34 -23.34 -23.38 -23.38 -23.38 -23.38 -23.38 -23.38 -23.38 -23.38 -23.38 -23.34 -23.34 -23.34 -23.34 -23.34
-20.62 -20.75 -20.81 -20.91 -20.97 -21.03 -21.09 -21.19 -21.25 -21.28 -21.25 -21.25 -21.31 -21.34 -21.41 -21.47 -21.56 -21.62 -21.69 -21.78 -21.84 -21.91 -22.00 -22.06 -22.09 -22.16 -22.22 -22.25 -22.31 -22.34 -22.41 -22.47 -22.50 -22.56 -22.59 -22.66 -22.69 -22.72 -22.78 -22.84 -22.88 -22.94 -22.97 -23.03 -23.06 -23.09 -23.12 -23.12 -23.12 -23.12 -23.12 -23.16 -23.16 -23.19 -23.22 -23.25 -23.28 -23.28 -23.31 -23.31 -23.31 -23.31 -23.31 -23.31 -23.28 -23.28 -23.28 -23.31 -23.31 -23.28 -23.28
-20.56 -20.62 -20.69 -20.75 -20.81 -20.88 -20.97 -21.06 -21.12 -21.12 -21.09 -21.12 -21.19 -21.25 -21.31 -21.41 -21.47 -21.56 -21.62 -21.69 -21.78 -21.84 -21.91 -21.97 -22.03 -22.09 -22.12 -22.19 -22.22 -22.28 -22.31 -22.38 -22.44 -22.47 -22.50 -22.56 -22.59 -22.62 -22.69 -22.75 -22.81 -22.84 -22.88 -22.94 -22.97 -23.00 -23.03 -23.03 -23.06 -23.06 -23.06 -23.09 -23.09 -23.12 -23.16 -23.19 -23.19 -23.22 -23.22 -23.25 -23.25 -23.25 -23.25 -23.25 -23.22 -23.22 -23.22 -23.22 -23.22 -23.25 -23.22
-20.41 -20.41 -20.47 -20.53 -20.59 -20.69 -20.81 -20.94 -20.97 -20.97 -20.97 -21.03 -21.09 -21.16 -21.25 -21.31 -21.41 -21.47 -21.53 -21.62 -21.69 -21.75 -21.81 -21.88 -21.94 -22.00 -22.06 -22.09 -22.16 -22.19 -22.25 -22.28 -22.34 -22.41 -22.44 -22.47 -22.50 -22.53 -22.59 -22.66 -22.72 -22.78 -22.81 -22.88 -22.91 -22.91 -22.94 -22.94 -22.97 -22.97 -23.00 -23.03 -23.03 -23.06 -23.09 -23.09 -23.12 -23.12 -23.16 -23.16 -23.19 -23.19 -23.19 -23.16 -23.16 -23.16 -23.16 -23.16 -23.19 -23.16 -23.12
-20.19 -20.22 -20.25 -20.34 -20.44 -20.53 -20.66 -20.72 -20.78 -20.81 -20.84 -20.91 -21.00 -21.06 -21.16 -21.22 -21.31 -21.38 -21.47 -21.53 -21.59 -21.66 -21.72 -21.78 -21.84 -21.91 -21.97 -22.00 -22.06 -22.12 -22.16 -22.22 -22.25 -22.31 -22.34 -22.38 -22.44 -22.47 -22.53 -22.56 -22.62 -22.69 -22.75 -22.78 -22.81 -22.81 -22.84 -22.88 -22.91 -22.94 -22.97 -22.97 -22.97 -23.00 -23.03 -23.03 -23.06 -23.06 -23.06 -23.09 -23.09 -23.09 -23.09 -23.09 -23.12 -23.12 -23.12 -23.12 -23.12 -23.09 -23.06
-20.03 -20.09 -20.12 -20.22 -20.31 -20.41 -20.50 -20.56 -20.62 -20.69 -20.75 -20.84 -20.91 -20.97 -21.06 -21.16 -21.22 -21.31 -21.38 -21.44 -21.50 -21.56 -21.62 -21.69 -21.75 -21.81 -21.88 -21.94 -22.00 -22.03 -22.09 -22.16 -22.19 -22.25 -22.28 -22.34 -22.38 -22.41 -22.44 -22.50 -22.56 -22.59 -22.66 -22.69 -22.72 -22.75 -22.78 -22.81 -22.84 -22.88 -22.91 -22.91 -22.94 -22.94 -22.97 -22.97 -23.00 -23.00 -23.00 -23.00 -23.03 -23.03 -23.03 -23.03 -23.06 -23.06 -23.06 -23.06 -23.06 -23.03 -23.03
-19.88 -19.97 -20.00 -20.12 -20.22 -20.31 -20.38 -20.44 -20.53 -20.59 -20.69 -20.75 -20.81 -20.91 -20.97 -21.06 -21.12 -21.22 -21.28 -21.34 -21.44 -21.50 -21.56 -21.62 -21.66 -21.72 -21.81 -21.88 -21.91 -21.97 -22.03 -22.06 -22.12 -22.19 -22.22 -22.28 -22.31 -22.34 -22.41 -22.44 -22.47 -22.50 -22.56 -22.59 -22.62 -22.66 -22.69 -22.75 -22.78 -22.81 -22.84 -22.88 -22.88 -22.91 -22.91 -22.94 -22.94 -22.94 -22.94 -22.94 -22.94 -22.97 -22.97 -23.00 -23.00 -23.00 -23.00 -23.00 -23.00 -22.97 -22.97
-19.75 -19.88 -19.94 -20.03 -20.09 -20.19 -20.28 -20.34 -20.44 -20.50 -20.56 -20.66 -20.72 -20.81 -20.88 -20.97 -21.06 -21.12 -21.19 -21.28 -21.34 -21.41 -21.47 -21.53 -21.59 -21.66 -21.72 -21.78 -21.84 -21.91 -21.97 -22.00 -22.06 -22.09 -22.16 -22.19 -22.25 -22.28 -22.31 -22.38 -22.41 -22.44 -22.47 -22.50 -22.53 -22.56 -22.62 -22.66 -22.69 -22.72 -22.78 -22.81 -22.84 -22.84 -22.88 -22.88 -22.88 -22.88 -22.88 -22.88 -22.91 -22.94 -22.94 -22.97 -22.97 -22.97 -22.94 -22.94 -22.94 -22.94 -22.94
-19.66 -19.75 -19.84 -19.91 -20.00 -20.09 -20.19 -20.25 -20.31 -20.41 -20.47 -20.56 -20.66 -20.72 -20.81 -20.88 -20.97 -21.06 -21.12 -21.19 -21.28 -21.34 -21.38 -21.44 -21.50 -21.56 -21.66 -21.72 -21.75 -21.81 -21.88 -21.94 -21.97 -22.03 -22.09 -22.12 -22.19 -22.22 -22.25 -22.28 -22.31 -22.34 -22.41 -22.44 -22.47 -22.50 -22.53 -22.59 -22.62 -22.66 -22.69 -22.75 -22.78 -22.78 -22.81 -22.81 -22.81 -22.84 -22.84 -22.84 -22.88 -22.88 -22.91 -22.91 -22.91 -22.91 -22.88 -22.88 -22.88 -22.91 -22.91
-19.53 -19.66 -19.72 -19.81 -19.91 -20.00 -20.06 -20.16 -20.22 -20.31 -20.41 -20.47 -20.56 -20.66 -20.72 -20.81 -20.88 -20.97 -21.03 -21.12 -21.19 -21.25 -21.31 -21.34 -21.44 -21.50 -21.56 -21.62 -21.69 -21.75 -21.81 -21.84 -21.91 -21.94 -22.00 -22.03 -22.09 -22.12 -22.16 -22.19 -22.25 -22.28 -22.31 -22.34 -22.41 -22.44 -22.50 -22.53 -22.56 -22.62 -22.66 -22.66 -22.72 -22.72 -22.75 -22.75 -22.78 -22.81 -22.81 -22.81 -22.81 -22.81 -22.81 -22.84 -22.84 -22.84 -22.84 -22.84 -22.84 -22.84 -22.84
-19.47 -19.56 -19.62 -19.72 -19.81 -19.91 -19.97 -20.06 -20.12 -20.22 -20.31 -20.41 -20.50 -20.56 -20.66 -20.72 -20.78 -20.88 -20.94 -21.00 -21.09 -21.16 -21.22 -21.28 -21.34 -21.41 -21.47 -21.56 -21.62 -21.66 -21.72 -21.75 -21.81 -21.88 -21.91 -21.94 -22.00 -22.03 -22.09 -22.12 -22.16 -22.22 -22.25 -22.28 -22.34 -22.38 -22.44 -22.47 -22.50 -22.53 -22.56 -22.59 -22.62 -22.66 -22.69 -22.69 -22.72 -22.75 -22.75 -22.78 -22.78 -22.78 -22.78 -22.78 -22.78 -22.81 -22.78 -22.78 -22.78 -22.78 -22.78
-19.31 -19.44 -19.53 -19.62 -19.72 -19.81 -19.81 -19.88 -20.06 -20.12 -20.22 -20.31 -20.41 -20.47 -20.56 -20.62 -20.69 -20.78 -20.84 -20.91 -21.00 -21.06 -21.12 -21.22 -21.28 -21.34 -21.41 -21.47 -21.53 -21.59 -21.62 -21.69 -21.72 -21.78 -21.84 -21.88 -21.94 -21.97 -22.00 -22.06 -22.09 -22.16 -22.19 -22.22 -22.28 -22.31 -22.38 -22.41 -22.44 -22.47 -22.47 -22.53 -22.56 -22.56 -22.59 -22.66 -22.69 -22.69 -22.72 -22.72 -22.72 -22.72 -22.72 -22.72 -22.72 -22.72 -22.72 -22.72 -22.72 -22.72 -22.69
-19.22 -19.34 -19.41 -19.50 -19.62 -19.72 -19.78 -19.88 -19.97 -20.06 -20.12 -20.22 -20.31 -20.38 -20.47 -20.53 -20.62 -20.69 -20.75 -20.84 -20.91 -21.00 -21.06 -21.12 -21.22 -21.28 -21.34 -21.41 -21.44 -21.50 -21.56 -21.59 -21.66 -21.69 -21.75 -21.81 -21.84 -21.91 -21.94 -22.00 -22.03 -22.09 -22.16 -22.19 -22.22 -22.25 -22.31 -22.34 -22.41 -22.41 -22.44 -22.44 -22.47 -22.50 -22.53 -22.56 -22.59 -22.62 -22.62 -22.66 -22.66 -22.69 -22.66 -22.69 -22.69 -22.69 -22.66 -22.66 -22.66 -22.69 -22.66
-19.03 -19.25 -19.34 -19.44 -19.53 -19.62 -19.69 -19.78 -19.88 -19.97 -20.06 -20.12 -20.22 -20.31 -20.38 -20.47 -20.53 -20.62 -20.69 -20.75 -20.84 -20.91 -20.97 -21.06 -21.12 -21.19 -21.25 -21.31 -21.38 -21.41 -21.47 -21.53 -21.56 -21.62 -21.69 -21.75 -21.78 -21.84 -21.88 -21.94 -21.97 -22.03 -22.09 -22.16 -22.19 -22.22 -22.28 -22.31 -22.34 -22.38 -22.38 -22.38 -22.41 -22.44 -22.47 -22.50 -22.53 -22.53 -22.56 -22.59 -22.59 -22.59 -22.59 -22.62 -22.62 -22.62 -22.59 -22.62 -22.62 -22.62 -22.62
-19.03 -19.16 -19.25 -19.34 -19.44 -19.53 -19.59 -19.69 -19.78 -19.88 -19.97 -20.06 -20.16 -20.22 -20.31 -20.41 -20.47 -20.56 -20.62 -20.69 -20.75 -20.84 -20.91 -21.00 -21.06 -21.12 -21.19 -21.25 -21.28 -21.34 -21.41 -21.44 -21.50 -21.56 -21.62 -21.66 -21.72 -21.78 -21.81 -21.88 -21.94 -21.97 -22.03 -22.09 -22.16 -22.19 -22.25 -22.28 -22.31 -22.31 -22.34 -22.34 -22.38 -22.38 -22.38 -22.41 -22.44 -22.47 -22.50 -22.50 -22.50 -22.53 -22.53 -22.56 -22.59 -22.59 -22.59 -22.59 -22.56 -22.56 -22.53
-18.94 -19.06 -19.16 -19.25 -19.34 -19.44 -19.50 -19.59 -19.69 -19.78 -19.88 -19.97 -20.06 -20.16 -20.25 -20.31 -20.41 -20.50 -20.56 -20.62 -20.72 -20.78 -20.84 -20.91 -21.00 -21.06 -21.12 -21.16 -21.22 -21.28 -21.34 -21.38 -21.44 -21.50 -21.56 -21.62 -21.66 -21.72 -21.75 -21.81 -21.88 -21.94 -21.97 -22.03 -22.09 -22.12 -22.19 -22.22 -22.25 -22.28 -22.28 -22.31 -22.34 -22.34 -22.34 -22.34 -22.38 -22.41 -22.44 -22.44 -22.47 -22.47 -22.53 -22.53 -22.56 -22.56 -22.53 -22.53 -22.56 -22.56 -22.53
-18.88 -18.97 -19.06 -19.16 -19.25 -19.31 -19.41 -19.50 -19.59 -19.69 -19.78 -19.88 -19.97 -20.09 -20.19 -20.25 -20.34 -20.44 -20.50 -20.59 -20.66 -20.72 -20.78 -20.88 -20.94 -20.97 -21.03 -21.09 -21.16 -21.19 -21.25 -21.31 -21.38 -21.44 -21.50 -21.56 -21.59 -21.66 -21.72 -21.78 -21.81 -21.88 -21.91 -21.97 -22.03 -22.09 -22.12 -22.16 -22.19 -22.22 -22.25 -22.28 -22.28 -22.31 -22.31 -22.31 -22.34 -22.38 -22.38 -22.41 -22.41 -22.44 -22.47 -22.50 -22.50 -22.50 -22.50 -22.50 -22.53 -22.53 -22.53
-18.78 -18.88 -18.97 -19.06 -19.12 -19.22 -19.34 -19.44 -19.53 -19.62 -19.72 -19.81 -19.91 -20.03 -20.12 -20.19 -20.28 -20.38 -20.44 -20.53 -20.59 -20.66 -20.72 -20.78 -20.84 -20.91 -20.97 -21.03 -21.06 -21.12 -21.19 -21.25 -21.31 -21.38 -21.44 -21.50 -21.56 -21.62 -21.66 -21.72 -21.75 -21.81 -21.88 -21.91 -21.97 -22.03 -22.06 -22.09 -22.12 -22.16 -22.19 -22.25 -22.25 -22.25 -22.28 -22.28 -22.31 -22.31 -22.31 -22.34 -22.38 -22.41 -22.44 -22.44 -22.44 -22.44 -22.44 -22.47 -22.47 -22.50 -22.50
-18.62 -18.75 -18.88 -18.97 -19.06 -19.16 -19.25 -19.38 -19.47 -19.56 -19.66 -19.78 -19.88 -19.97 -20.06 -20.16 -20.22 -20.31 -20.38 -20.47 -20.53 -20.59 -20.66 -20.72 -20.78 -20.84 -20.91 -20.94 -21.00 -21.06 -21.12 -21.19 -21.25 -21.31 -21.38 -21.44 -21.50 -21.56 -21.59 -21.66 -21.69 -21.75 -21.81 -21.84 -21.91 -21.94 -22.00 -22.03 -22.06 -22.09 -22.16 -22.19 -22.22 -22.22 -22.25 -22.25 -22.28 -22.31 -22.31 -22.31 -22.31 -22.34 -22.38 -22.38 -22.38 -22.41 -22.41 -22.41 -22.41 -22.44 -22.44
-18.56 -18.66 -18.84 -18.91 -19.00 -19.06 -19.22 -19.34 -19.44 -19.53 -19.66 -19.75 -19.84 -19.94 -20.03 -20.12 -20.19 -20.25 -20.31 -20.38 -20.44 -20.53 -20.59 -20.66 -20.72 -20.78 -20.81 -20.88 -20.94 -21.00 -21.06 -21.12 -21.19 -21.25 -21.31 -21.38 -21.44 -21.50 -21.53 -21.59 -21.62 -21.69 -21.72 -21.78 -21.84 -21.88 -21.94 -21.97 -22.03 -22.06 -22.09 -22.12 -22.16 -22.19 -22.22 -22.22 -22.25 -22.28 -22.28 -22.28 -22.31 -22.34 -22.34 -22.38 -22.34 -22.34 -22.34 -22.34 -22.34 -22.34 -22.38
-18.50 -18.69 -18.78 -18.75 -18.97 -19.06 -19.19 -19.31 -19.44 -19.53 -19.66 -19.75 -19.81 -19.91 -20.00 -20.06 -20.12 -20.16 -20.22 -20.31 -20.38 -20.44 -20.53 -20.59 -20.62 -20.69 -20.75 -20.81 -20.88 -20.94 -21.00 -21.06 -21.12 -21.19 -21.25 -21.31 -21.34 -21.41 -21.47 -21.50 -21.56 -21.62 -21.66 -21.72 -21.78 -21.81 -21.88 -21.94 -21.97 -22.00 -22.03 -22.06 -22.09 -22.16 -22.19 -22.22 -22.22 -22.25 -22.25 -22.28 -22.31 -22.31 -22.34 -22.34 -22.31 -22.31 -22.31 -22.31 -22.31 -22.31 -22.34
-18.56 -18.66 -18.75 -18.78 -18.97 -19.09 -19.19 -19.31 -19.41 -19.50 -19.62 -19.69 -19.78 -19.84 -19.91 -19.97 -20.03 -20.06 -20.12 -20.22 -20.28 -20.38 -20.44 -20.50 -20.56 -20.62 -20.69 -20.75 -20.81 -20.88 -20.94 -21.00 -21.06 -21.12 -21.16 -21.22 -21.28 -21.31 -21.38 -21.44 -21.50 -21.56 -21.59 -21.66 -21.72 -21.78 -21.81 -21.88 -21.91 -21.97 -22.00 -22.03 -22.06 -22.12 -22.16 -22.19 -22.19 -22.19 -22.22 -22.25 -22.28 -22.31 -22.34 -22.31 -22.31 -22.31 -22.31 -22.31 -22.31 -22.31 -22.34
-18.56 -18.62 -18.72 -18.81 -18.94 -19.06 -19.16 -19.28 -19.38 -19.47 -19.56 -19.62 -19.69 -19.78 -19.84 -19.88 -19.94 -20.00 -20.06 -20.12 -20.19 -20.28 -20.38 -20.41 -20.47 -20.53 -20.59 -20.66 -20.72 -20.78 -20.84 -20.91 -20.97 -21.03 -21.09 -21.16 -21.19 -21.25 -21.31 -21.34 -21.41 -21.47 -21.53 -21.59 -21.66 -21.72 -21.75 -21.81 -21.84 -21.91 -21.94 -21.97 -22.03 -22.09 -22.12 -22.16 -22.16 -22.16 -22.19 -22.19 -22.22 -22.25 -22.28 -22.28 -22.28 -22.31 -22.31 -22.31 -22.31 -22.31 -22.31
-18.47 -18.56 -18.66 -18.78 -18.94 -19.03 -19.12 -19.22 -19.31 -19.41 -19.47 -19.53 -19.59 -19.66 -19.72 -19.78 -19.84 -19.91 -20.00 -20.06 -20.16 -20.22 -20.28 -20.31 -20.38 -20.44 -20.47 -20.53 -20.62 -20.69 -20.75 -20.81 -20.88 -20.94 -21.03 -21.06 -21.12 -21.19 -21.25 -21.28 -21.34 -21.41 -21.44 -21.50 -21.56 -21.62 -21.69 -21.75 -21.81 -21.88 -21.94 -21.97 -22.00 -22.03 -22.06 -22.09 -22.12 -22.16 -22.16 -22.19 -22.19 -22.22 -22.25 -22.25 -22.25 -22.28 -22.28 -22.28 -22.28 -22.31 -22.31
