everonasctiles/Tile37,8.asc
ncols 128
nrows 128
xllcorner 0
yllcorner 0
cellsize 2.0
NODATA_value  -9999
[rows 64 to 95 of 128, columns 0 to 70 of 128]
111.84 112.12 112.59 113.00 113.44 113.88 114.34 114.81 115.28 115.72 116.16 116.62 117.06 117.53 118.00 118.44 118.84 119.19 119.47 119.72 120.00 120.31 120.69 121.00 121.31 121.69 121.62 121.47 121.31 122.47 123.16 123.53 123.91 124.28 124.59 124.84 125.03 125.22 125.31 125.53 125.69 125.88 126.16 126.34 126.47 126.72 126.91 127.28 127.75 128.06 128.62 129.12 129.44 129.59 129.91 130.03 130.00 130.22 130.66 131.09 131.50 131.84 132.19 132.50 132.81 133.06 133.06 133.03 133.09 133.53 133.84
111.31 111.69 112.09 112.53 112.97 113.44 113.91 114.34 114.81 115.25 115.66 116.09 116.53 117.00 117.50 117.94 118.34 118.72 119.00 119.25 119.53 119.88 120.25 120.53 120.81 121.16 121.44 121.28 121.12 121.03 122.62 123.00 123.38 123.69 123.97 124.19 124.34 124.50 124.62 124.84 125.03 125.22 125.41 125.62 125.75 125.97 126.16 126.44 126.88 127.34 127.72 128.06 128.25 128.22 128.16 128.41 128.66 129.03 129.59 130.06 130.47 130.84 131.19 131.53 131.81 132.00 132.06 132.06 132.16 132.59 132.00
110.81 111.19 111.62 112.06 112.50 112.97 113.44 113.88 114.31 114.75 115.16 115.59 116.03 116.50 117.00 117.44 117.88 118.22 118.50 118.78 119.03 119.38 119.72 120.03 120.34 120.66 120.97 121.09 120.91 120.75 120.97 122.47 122.78 123.06 123.31 123.50 123.66 123.78 123.97 124.16 124.38 124.56 124.72 124.91 125.03 125.28 125.50 125.75 126.12 126.47 126.78 127.00 127.09 126.94 126.75 126.94 127.38 127.97 128.50 129.03 129.50 129.88 130.25 130.53 130.78 131.00 131.19 131.22 130.75 130.41 130.81
110.28 110.69 111.12 111.56 112.03 112.47 112.94 113.38 113.81 114.25 114.69 115.09 115.56 116.03 116.50 116.94 117.34 117.69 117.97 118.25 118.53 118.84 119.16 119.53 119.88 120.16 120.47 120.78 120.72 120.56 120.41 121.12 122.22 122.44 122.66 122.84 123.00 123.09 123.28 123.44 123.69 123.88 124.06 124.19 124.31 124.50 124.75 125.00 125.28 125.56 125.81 125.91 125.94 125.72 125.66 126.00 126.44 126.94 127.47 127.97 128.41 128.88 129.25 129.56 129.81 129.94 129.38 128.97 129.38 129.88 130.44
109.75 110.19 110.62 111.06 111.53 111.97 112.44 112.88 113.31 113.75 114.19 114.62 115.09 115.53 115.97 116.44 116.81 117.16 117.41 117.66 117.97 118.28 118.66 119.00 119.34 119.69 120.00 120.31 120.56 120.34 120.19 120.03 121.25 121.84 122.00 122.16 122.28 122.41 122.56 122.75 122.97 123.19 123.34 123.53 123.56 123.66 123.94 124.25 124.50 124.72 124.88 124.91 124.81 124.81 124.97 125.25 125.59 126.00 126.47 126.91 127.34 127.88 128.28 128.16 127.59 127.69 128.19 128.69 129.19 129.69 130.41
109.22 109.66 110.09 110.53 111.00 111.44 111.91 112.34 112.81 113.25 113.69 114.12 114.56 115.03 115.47 115.91 116.28 116.59 116.81 117.03 117.34 117.69 118.09 118.50 118.84 119.16 119.47 119.78 120.06 120.22 120.00 119.84 119.69 121.12 121.31 121.41 121.53 121.69 121.84 122.03 122.28 122.47 122.62 122.72 122.81 122.88 123.09 123.53 123.78 123.94 124.00 124.03 123.97 124.06 124.28 124.50 124.81 125.19 125.59 126.00 126.25 126.00 126.00 126.47 126.97 127.50 128.00 128.59 129.56 130.34 130.81
108.69 109.09 109.56 110.00 110.47 110.91 111.38 111.81 112.28 112.72 113.16 113.62 114.06 114.50 114.94 115.34 115.72 116.00 116.19 116.41 116.72 117.12 117.50 117.91 118.28 118.56 118.81 119.09 119.41 119.69 119.84 119.59 119.41 119.38 120.62 120.69 120.78 120.94 121.12 121.31 121.53 121.78 121.94 122.03 122.12 122.19 122.28 122.62 123.00 123.19 123.22 123.25 123.22 123.34 123.56 123.81 124.12 124.28 124.12 124.16 124.62 125.19 125.72 126.25 126.78 127.56 128.53 129.31 129.88 130.38 130.88
108.09 108.53 108.97 109.44 109.91 110.34 110.81 111.28 111.75 112.19 112.62 113.09 113.53 113.97 114.38 114.75 115.09 115.38 115.56 115.75 116.00 116.34 116.75 117.19 117.56 117.88 118.12 118.41 118.69 119.03 119.34 119.38 119.16 118.97 119.12 120.00 120.06 120.19 120.31 120.56 120.75 121.00 121.25 121.38 121.47 121.56 121.59 121.88 122.22 122.34 122.38 122.38 122.34 122.53 122.75 122.47 122.34 122.78 123.34 123.91 124.44 125.00 125.69 126.56 127.44 128.19 128.88 129.62 130.19 130.62 131.12
107.47 107.94 108.38 108.84 109.31 109.78 110.25 110.72 111.19 111.62 112.09 112.53 112.97 113.38 113.78 114.12 114.44 114.69 114.88 115.06 115.28 115.56 115.91 116.31 116.69 117.03 117.41 117.69 118.00 118.31 118.62 118.91 118.94 118.72 118.53 118.84 119.38 119.44 119.53 119.72 120.00 120.19 120.44 120.69 120.78 120.84 120.91 121.12 121.28 121.34 121.41 121.44 121.09 120.66 120.88 121.44 122.03 122.62 123.16 123.78 124.59 125.50 126.28 126.91 127.56 128.38 129.19 129.94 130.41 130.81 131.22
106.81 107.28 107.78 108.25 108.72 109.19 109.69 110.16 110.62 111.06 111.53 111.94 112.38 112.78 113.16 113.47 113.75 113.97 114.16 114.34 114.53 114.72 115.00 115.41 115.78 116.06 116.44 116.66 116.97 117.31 117.62 117.94 118.38 118.50 118.28 118.09 118.38 118.72 118.81 118.97 119.19 119.31 119.59 119.81 120.09 120.22 120.19 120.25 120.12 120.00 120.19 119.34 119.50 120.06 120.66 121.22 121.88 122.72 123.44 124.03 124.75 125.56 126.31 126.97 127.66 128.44 129.22 129.88 130.53 130.94 131.25
106.16 106.66 107.12 107.62 108.12 108.59 109.09 109.56 110.03 110.47 110.91 111.34 111.75 112.12 112.47 112.78 113.03 113.25 113.44 113.59 113.78 113.97 114.12 114.34 114.72 115.03 115.31 115.47 115.59 115.81 116.03 116.47 116.81 117.75 118.06 117.78 117.53 117.84 118.12 118.22 118.38 118.47 118.66 118.94 119.12 119.19 119.03 118.88 118.69 118.72 118.38 118.56 119.16 119.88 120.72 121.62 122.25 122.78 123.31 124.03 124.81 125.56 126.22 126.75 127.41 128.19 128.97 129.62 130.31 130.78 131.06
105.50 105.97 106.50 107.00 107.50 108.00 108.47 108.94 109.41 109.88 110.31 110.72 111.09 111.44 111.78 112.06 112.28 112.50 112.69 112.84 113.00 113.19 113.38 113.56 113.72 113.97 114.31 114.50 114.59 114.62 114.97 115.25 115.53 115.97 117.41 117.50 117.25 116.94 117.22 117.53 117.53 117.66 117.72 117.84 118.06 117.97 117.78 117.44 117.31 117.59 117.38 117.91 118.75 120.12 120.78 121.41 122.06 122.62 123.25 124.03 124.81 125.56 126.06 126.56 127.19 127.94 128.56 129.25 129.94 130.47 130.75
104.81 105.31 105.84 106.34 106.84 107.38 107.84 108.34 108.78 109.22 109.66 110.03 110.41 110.72 111.03 111.31 111.53 111.72 111.91 112.09 112.25 112.44 112.66 112.84 113.03 113.19 113.34 113.50 113.72 113.84 114.09 114.50 114.72 115.19 115.62 117.00 116.94 116.59 116.25 116.56 116.84 116.81 116.91 117.00 117.09 116.81 116.66 116.34 116.12 116.38 116.69 117.16 118.91 119.53 120.34 121.06 121.75 122.38 123.12 123.97 124.84 125.56 126.03 126.50 127.03 127.69 128.34 128.94 129.50 130.06 130.41
104.12 104.66 105.19 105.72 106.22 106.72 107.22 107.69 108.12 108.56 108.97 109.34 109.69 110.00 110.28 110.53 110.75 110.94 111.12 111.31 111.50 111.69 111.88 112.09 112.28 112.44 112.56 112.69 112.81 112.97 113.31 113.75 114.06 114.41 114.88 115.34 116.41 116.28 115.94 115.59 115.84 116.16 116.12 116.12 116.03 115.78 115.78 115.38 114.91 115.56 115.91 116.56 118.19 118.91 119.72 120.50 121.28 121.97 122.78 123.75 124.69 125.47 126.03 126.44 126.91 127.53 128.19 128.75 129.31 129.75 130.09
103.47 103.97 104.53 105.06 105.56 106.09 106.56 107.03 107.47 107.88 108.28 108.62 108.97 109.25 109.53 109.78 109.97 110.19 110.38 110.56 110.75 110.94 111.16 111.31 111.50 111.69 111.78 111.91 112.06 112.22 112.50 112.94 113.34 113.66 114.09 114.50 114.84 115.72 115.59 115.25 114.91 115.00 115.47 115.38 115.12 114.81 114.91 114.00 114.09 114.78 115.00 114.56 116.88 118.31 119.06 119.97 120.78 121.44 122.31 123.28 124.28 125.19 125.78 126.22 126.69 127.34 128.00 128.62 129.12 129.38 129.66
102.78 103.31 103.84 104.41 104.94 105.44 105.91 106.38 106.78 107.19 107.56 107.91 108.22 108.53 108.78 109.03 109.22 109.44 109.62 109.81 110.00 110.22 110.38 110.56 110.72 110.88 111.00 111.16 111.31 111.47 111.72 112.06 112.53 112.91 113.25 113.66 113.97 114.22 115.00 114.97 114.53 114.09 114.00 114.78 114.41 114.09 113.94 113.00 113.19 113.53 113.66 113.75 115.69 117.75 118.72 119.59 120.31 121.06 121.84 122.81 123.78 124.69 125.34 125.88 126.41 127.06 127.72 128.31 128.66 128.84 129.03
102.12 102.66 103.19 103.75 104.28 104.78 105.25 105.69 106.12 106.50 106.88 107.19 107.50 107.78 108.06 108.28 108.50 108.69 108.91 109.09 109.28 109.44 109.62 109.78 109.94 110.09 110.25 110.41 110.56 110.69 110.91 111.16 111.62 112.03 112.50 112.81 113.06 113.22 113.75 114.31 114.19 113.75 113.31 113.03 113.66 113.53 112.97 112.31 112.50 112.69 112.88 113.06 115.22 117.12 118.31 119.25 119.97 120.69 121.44 122.34 123.19 124.03 124.78 125.53 126.12 126.69 127.22 127.62 127.81 128.00 128.19
101.44 102.00 102.56 103.09 103.62 104.12 104.59 105.03 105.44 105.81 106.16 106.50 106.78 107.06 107.31 107.56 107.78 107.97 108.19 108.34 108.53 108.72 108.88 109.03 109.19 109.34 109.50 109.66 109.81 109.94 110.12 110.38 110.78 111.16 111.62 111.94 112.19 112.38 112.91 113.38 113.53 113.38 112.97 112.53 112.16 112.75 111.84 111.56 111.78 112.00 112.19 112.59 114.88 116.47 117.97 118.94 119.72 120.47 121.16 121.84 122.56 123.31 124.16 125.00 125.62 126.09 126.41 126.59 126.78 126.97 127.25
100.78 101.34 101.91 102.44 103.00 103.47 103.94 104.38 104.75 105.12 105.47 105.78 106.09 106.34 106.62 106.84 107.06 107.28 107.47 107.66 107.81 108.00 108.16 108.31 108.47 108.59 108.75 108.91 109.03 109.22 109.41 109.62 109.91 110.34 110.78 111.09 111.25 111.47 111.88 112.25 112.50 112.62 112.59 112.19 111.72 111.25 110.75 110.88 111.09 111.31 111.53 112.50 114.78 116.25 117.69 118.75 119.56 120.22 120.88 121.44 122.03 122.72 123.47 124.16 124.72 125.12 125.34 125.53 125.72 126.00 126.38
100.12 100.69 101.25 101.81 102.34 102.84 103.28 103.69 104.09 104.44 104.78 105.09 105.38 105.66 105.91 106.16 106.38 106.56 106.78 106.94 107.12 107.28 107.44 107.59 107.75 107.88 108.03 108.19 108.31 108.50 108.72 108.97 109.31 109.66 109.97 110.19 110.31 110.44 110.72 111.06 111.41 111.75 112.12 111.81 111.34 110.88 110.09 110.19 110.41 110.62 110.84 112.59 114.69 116.09 117.31 118.47 119.38 120.06 120.66 121.19 121.69 122.25 122.81 123.31 123.72 124.09 124.34 124.59 124.94 125.38 125.75
99.47 100.03 100.62 101.16 101.69 102.19 102.62 103.03 103.41 103.75 104.09 104.41 104.69 104.97 105.22 105.47 105.69 105.88 106.09 106.28 106.44 106.59 106.75 106.91 107.03 107.19 107.31 107.47 107.59 107.78 108.03 108.31 108.62 108.94 109.09 109.19 109.12 109.28 109.53 109.88 110.25 110.72 111.09 110.59 110.34 110.03 109.28 109.50 109.72 109.94 110.31 112.31 113.59 115.12 116.72 117.91 118.97 119.78 120.31 120.91 121.41 121.91 122.28 122.59 122.91 123.25 123.62 124.00 124.41 124.84 125.19
98.84 99.41 99.97 100.53 101.06 101.53 101.97 102.34 102.72 103.09 103.41 103.72 104.00 104.28 104.53 104.78 105.00 105.22 105.41 105.59 105.78 105.94 106.06 106.22 106.34 106.50 106.62 106.75 106.88 107.06 107.31 107.59 107.88 108.06 108.16 107.84 107.88 108.09 108.41 108.72 109.12 109.62 110.03 109.94 109.28 108.47 108.59 108.81 109.03 109.25 110.16 111.50 112.38 114.12 115.91 117.09 118.16 119.03 119.81 120.47 121.06 121.53 121.94 122.25 122.50 122.84 123.25 123.59 123.97 124.38 124.62
98.22 98.78 99.34 99.88 100.41 100.88 101.28 101.69 102.06 102.41 102.75 103.03 103.34 103.59 103.88 104.12 104.34 104.56 104.75 104.94 105.12 105.25 105.41 105.56 105.69 105.81 105.94 106.03 106.19 106.34 106.53 106.75 106.91 106.97 107.00 106.56 106.81 107.16 107.44 107.72 108.06 108.53 109.00 109.19 108.50 107.69 107.91 108.12 108.34 108.56 110.44 111.19 112.19 113.44 114.94 116.09 117.03 118.00 118.94 119.81 120.53 121.09 121.59 121.94 122.19 122.56 122.81 123.16 123.50 123.81 124.06
97.56 98.16 98.72 99.25 99.75 100.22 100.62 101.03 101.41 101.75 102.06 102.38 102.66 102.94 103.22 103.47 103.69 103.91 104.12 104.31 104.47 104.62 104.78 104.91 105.00 105.12 105.25 105.34 105.44 105.56 105.66 105.78 105.75 105.66 105.69 105.75 106.00 106.34 106.62 106.88 107.06 107.38 107.72 108.00 107.03 106.91 107.19 107.47 107.66 108.12 110.72 111.19 111.69 112.84 114.12 115.16 116.00 117.03 118.06 119.03 119.88 120.59 121.16 121.56 121.84 122.12 122.38 122.72 123.03 123.31 123.44
96.94 97.50 98.06 98.59 99.09 99.56 99.97 100.38 100.72 101.06 101.41 101.72 102.03 102.28 102.56 102.81 103.06 103.28 103.47 103.66 103.84 103.97 104.12 104.25 104.34 104.47 104.56 104.62 104.69 104.69 104.72 104.69 104.44 104.47 104.72 104.94 105.22 105.59 105.88 106.00 106.00 106.06 106.28 106.53 105.97 106.25 106.50 106.78 107.06 108.09 111.09 111.56 112.06 112.47 113.38 114.59 115.41 116.31 117.38 118.38 119.25 120.00 120.62 121.12 121.41 121.66 121.84 122.19 122.50 122.69 122.88
96.31 96.88 97.44 97.94 98.44 98.91 99.31 99.69 100.06 100.41 100.75 101.06 101.38 101.66 101.91 102.16 102.41 102.62 102.84 103.03 103.19 103.34 103.50 103.59 103.72 103.78 103.84 103.88 103.84 103.72 103.66 103.66 103.69 103.81 104.03 104.28 104.59 104.91 105.06 104.97 104.88 104.91 105.31 105.34 105.28 105.56 105.84 106.12 106.41 108.59 110.72 111.91 112.44 112.81 113.16 114.00 115.03 115.91 116.91 117.78 118.62 119.38 120.06 120.59 120.88 121.03 121.28 121.59 121.88 122.03 122.19
95.66 96.22 96.78 97.28 97.78 98.22 98.66 99.03 99.41 99.78 100.09 100.44 100.72 101.03 101.28 101.53 101.78 102.00 102.22 102.41 102.56 102.72 102.84 102.97 103.06 103.12 103.12 103.12 103.06 103.00 102.91 102.94 102.97 103.12 103.38 103.62 103.91 104.06 104.03 103.84 103.72 103.88 104.38 104.41 104.62 104.91 105.19 105.44 106.03 109.53 111.03 111.75 112.62 113.16 113.50 113.88 114.47 115.53 116.41 117.19 117.97 118.69 119.38 119.94 120.22 120.44 120.62 120.91 121.16 121.38 121.53
95.03 95.59 96.12 96.62 97.12 97.56 98.00 98.41 98.78 99.12 99.47 99.78 100.09 100.41 100.66 100.91 101.16 101.38 101.59 101.78 101.94 102.09 102.22 102.34 102.41 102.41 102.38 102.31 102.31 102.25 102.19 102.22 102.31 102.47 102.66 102.97 103.12 103.19 102.97 102.75 102.69 103.06 103.41 103.50 103.88 104.22 104.50 104.78 106.09 108.72 110.09 111.09 112.16 113.34 113.84 114.16 114.38 115.22 115.97 116.66 117.31 118.00 118.66 119.19 119.53 119.69 119.91 120.16 120.44 120.69 120.88
94.38 94.94 95.47 95.97 96.47 96.91 97.34 97.75 98.12 98.50 98.81 99.16 99.47 99.78 100.03 100.31 100.53 100.75 100.97 101.16 101.28 101.41 101.53 101.62 101.69 101.56 101.53 101.53 101.50 101.50 101.44 101.47 101.59 101.78 101.94 102.06 101.97 101.91 101.75 101.81 101.91 102.09 102.31 102.88 103.25 103.59 103.94 104.22 106.28 108.12 109.53 110.53 112.06 113.38 114.09 114.47 114.62 114.81 115.69 116.28 116.81 117.44 118.06 118.56 118.78 118.97 119.19 119.47 119.81 120.06 120.22
93.72 94.28 94.81 95.31 95.81 96.25 96.69 97.09 97.47 97.84 98.19 98.50 98.84 99.12 99.41 99.69 99.91 100.12 100.31 100.44 100.56 100.69 100.75 100.81 100.81 100.78 100.75 100.75 100.75 100.72 100.69 100.75 100.88 101.00 101.03 100.97 100.78 100.72 100.81 100.88 101.03 101.09 101.75 102.19 102.62 102.97 103.31 104.50 106.28 107.44 108.78 110.12 111.69 113.09 113.75 114.72 114.84 114.94 115.44 116.03 116.50 117.09 117.66 118.03 118.22 118.38 118.59 118.94 119.22 119.41 119.50
93.06 93.62 94.16 94.66 95.12 95.59 96.03 96.44 96.84 97.19 97.56 97.88 98.19 98.50 98.78 99.03 99.25 99.41 99.59 99.78 99.97 100.09 100.12 100.09 100.03 99.97 99.94 99.94 99.94 99.91 99.88 99.97 100.03 100.06 99.94 99.84 99.66 99.56 99.69 99.91 100.16 100.66 101.12 101.62 102.06 102.50 103.00 105.12 106.28 107.41 108.69 109.97 111.22 112.47 113.59 114.50 115.03 115.16 115.28 115.94 116.38 116.88 117.31 117.56 117.72 117.88 118.09 118.34 118.59 118.75 118.78
92.41 92.97 93.50 94.00 94.47 94.94 95.38 95.78 96.19 96.56 96.91 97.25 97.56 97.84 98.12 98.34 98.53 98.69 98.91 99.16 99.47 99.66 99.59 99.41 99.25 99.16 99.09 99.09 99.09 99.06 99.06 99.06 99.06 99.06 98.88 98.81 98.81 98.72 98.78 99.09 99.72 100.19 100.69 101.19 101.62 102.00 103.78 105.28 106.38 107.59 108.81 109.97 111.00 112.09 113.50 114.50 115.19 115.34 115.34 115.66 116.22 116.59 116.88 117.06 117.22 117.34 117.53 117.78 117.97 118.06 118.06
