everonasctiles/Tile49,29.asc
ncols 128
nrows 128
xllcorner 0
yllcorner 0
cellsize 2.0
NODATA_value  -9999
[rows 29 to 57 of 128, columns 0 to 66 of 128]
-109.81 -109.84 -109.84 -109.81 -109.78 -109.75 -109.72 -109.69 -109.72 -109.75 -109.81 -109.91 -110.00 -110.12 -110.22 -110.28 -110.38 -110.44 -110.50 -110.56 -110.59 -110.69 -110.94 -111.34 -111.72 -112.06 -112.41 -112.66 -112.88 -113.03 -113.19 -113.31 -113.47 -113.59 -113.72 -113.81 -113.94 -114.03 -114.19 -114.34 -114.50 -114.62 -114.75 -114.88 -115.00 -115.12 -115.22 -115.31 -115.38 -115.41 -115.41 -115.41 -115.34 -115.31 -115.22 -115.16 -115.06 -114.97 -114.84 -114.69 -114.50 -114.25 -114.03 -113.88 -113.78 -113.75 -113.72
-109.59 -109.62 -109.59 -109.59 -109.53 -109.50 -109.44 -109.41 -109.44 -109.44 -109.50 -109.59 -109.69 -109.78 -109.88 -109.94 -110.03 -110.09 -110.12 -110.16 -110.19 -110.34 -110.72 -111.09 -111.44 -111.78 -112.06 -112.31 -112.50 -112.66 -112.78 -112.91 -113.03 -113.19 -113.31 -113.41 -113.53 -113.66 -113.81 -114.00 -114.16 -114.31 -114.44 -114.56 -114.72 -114.84 -114.97 -115.06 -115.09 -115.12 -115.16 -115.12 -115.06 -115.00 -114.94 -114.88 -114.78 -114.69 -114.59 -114.47 -114.28 -114.06 -113.84 -113.62 -113.50 -113.47 -113.44
-109.41 -109.41 -109.38 -109.34 -109.31 -109.25 -109.19 -109.16 -109.16 -109.16 -109.22 -109.31 -109.41 -109.47 -109.56 -109.62 -109.69 -109.75 -109.78 -109.78 -109.84 -110.12 -110.47 -110.81 -111.16 -111.47 -111.75 -111.97 -112.12 -112.22 -112.34 -112.47 -112.62 -112.75 -112.88 -113.00 -113.09 -113.25 -113.44 -113.62 -113.81 -113.97 -114.12 -114.25 -114.41 -114.56 -114.66 -114.75 -114.81 -114.81 -114.84 -114.81 -114.78 -114.72 -114.62 -114.56 -114.47 -114.38 -114.28 -114.19 -114.03 -113.84 -113.62 -113.44 -113.25 -113.16 -113.12
-109.19 -109.19 -109.16 -109.12 -109.06 -109.00 -108.94 -108.91 -108.88 -108.91 -108.97 -109.03 -109.12 -109.19 -109.25 -109.31 -109.38 -109.41 -109.44 -109.50 -109.62 -109.91 -110.22 -110.53 -110.84 -111.12 -111.38 -111.56 -111.72 -111.81 -111.94 -112.06 -112.19 -112.34 -112.47 -112.56 -112.69 -112.88 -113.06 -113.25 -113.44 -113.62 -113.78 -113.94 -114.09 -114.22 -114.34 -114.44 -114.47 -114.50 -114.50 -114.47 -114.44 -114.38 -114.31 -114.22 -114.16 -114.06 -113.97 -113.88 -113.75 -113.59 -113.41 -113.19 -113.03 -112.91 -112.81
-109.00 -109.00 -108.97 -108.91 -108.84 -108.78 -108.72 -108.69 -108.66 -108.69 -108.72 -108.78 -108.88 -108.94 -109.00 -109.03 -109.06 -109.12 -109.16 -109.22 -109.41 -109.69 -109.97 -110.25 -110.53 -110.81 -111.03 -111.19 -111.31 -111.41 -111.50 -111.62 -111.78 -111.91 -112.03 -112.16 -112.28 -112.47 -112.66 -112.88 -113.06 -113.25 -113.41 -113.59 -113.72 -113.88 -113.97 -114.06 -114.09 -114.09 -114.09 -114.09 -114.06 -114.00 -113.97 -113.91 -113.81 -113.72 -113.62 -113.56 -113.47 -113.31 -113.16 -112.97 -112.78 -112.62 -112.53
-108.84 -108.84 -108.78 -108.75 -108.66 -108.59 -108.53 -108.47 -108.44 -108.47 -108.53 -108.59 -108.66 -108.72 -108.75 -108.78 -108.81 -108.84 -108.91 -109.00 -109.19 -109.44 -109.69 -109.97 -110.22 -110.44 -110.66 -110.81 -110.91 -111.00 -111.09 -111.22 -111.38 -111.50 -111.62 -111.75 -111.88 -112.06 -112.28 -112.50 -112.69 -112.88 -113.06 -113.19 -113.34 -113.47 -113.59 -113.66 -113.69 -113.69 -113.69 -113.66 -113.62 -113.62 -113.59 -113.56 -113.47 -113.41 -113.31 -113.22 -113.12 -113.03 -112.88 -112.72 -112.53 -112.34 -112.25
-108.69 -108.69 -108.66 -108.59 -108.53 -108.44 -108.38 -108.31 -108.28 -108.31 -108.34 -108.41 -108.47 -108.53 -108.56 -108.56 -108.59 -108.62 -108.69 -108.81 -108.97 -109.19 -109.44 -109.66 -109.91 -110.12 -110.28 -110.44 -110.53 -110.59 -110.69 -110.81 -110.97 -111.09 -111.22 -111.34 -111.47 -111.69 -111.91 -112.12 -112.34 -112.50 -112.66 -112.78 -112.94 -113.06 -113.16 -113.22 -113.25 -113.25 -113.25 -113.22 -113.22 -113.19 -113.19 -113.19 -113.12 -113.06 -112.97 -112.88 -112.81 -112.72 -112.59 -112.44 -112.28 -112.09 -111.97
-108.59 -108.59 -108.56 -108.50 -108.44 -108.38 -108.28 -108.22 -108.19 -108.19 -108.25 -108.28 -108.34 -108.38 -108.38 -108.41 -108.41 -108.44 -108.50 -108.62 -108.78 -108.97 -109.16 -109.38 -109.59 -109.78 -109.94 -110.06 -110.16 -110.22 -110.31 -110.44 -110.56 -110.69 -110.81 -110.94 -111.09 -111.31 -111.53 -111.75 -111.94 -112.09 -112.22 -112.34 -112.50 -112.62 -112.72 -112.78 -112.78 -112.81 -112.81 -112.78 -112.78 -112.75 -112.78 -112.78 -112.78 -112.72 -112.62 -112.53 -112.47 -112.38 -112.31 -112.19 -112.03 -111.84 -111.69
-108.50 -108.53 -108.53 -108.50 -108.44 -108.38 -108.34 -108.28 -108.25 -108.25 -108.22 -108.22 -108.25 -108.25 -108.28 -108.25 -108.25 -108.28 -108.34 -108.44 -108.56 -108.72 -108.91 -109.12 -109.31 -109.50 -109.62 -109.72 -109.78 -109.84 -109.94 -110.06 -110.16 -110.31 -110.44 -110.56 -110.75 -110.97 -111.19 -111.41 -111.56 -111.69 -111.78 -111.91 -112.03 -112.16 -112.25 -112.31 -112.31 -112.31 -112.34 -112.34 -112.31 -112.34 -112.38 -112.41 -112.41 -112.34 -112.28 -112.19 -112.12 -112.06 -112.00 -111.91 -111.78 -111.59 -111.44
-108.50 -108.56 -108.56 -108.53 -108.50 -108.47 -108.41 -108.38 -108.34 -108.31 -108.28 -108.25 -108.25 -108.22 -108.22 -108.19 -108.19 -108.16 -108.19 -108.28 -108.38 -108.53 -108.69 -108.88 -109.06 -109.22 -109.31 -109.41 -109.47 -109.50 -109.56 -109.69 -109.78 -109.91 -110.06 -110.22 -110.41 -110.59 -110.81 -111.03 -111.16 -111.28 -111.34 -111.44 -111.56 -111.72 -111.78 -111.81 -111.81 -111.84 -111.88 -111.88 -111.88 -111.91 -111.94 -112.00 -112.00 -112.00 -111.94 -111.88 -111.78 -111.75 -111.69 -111.62 -111.53 -111.38 -111.22
-108.53 -108.59 -108.62 -108.62 -108.59 -108.56 -108.50 -108.47 -108.44 -108.41 -108.38 -108.31 -108.31 -108.28 -108.25 -108.22 -108.16 -108.12 -108.09 -108.12 -108.22 -108.34 -108.50 -108.66 -108.81 -108.94 -109.03 -109.09 -109.12 -109.19 -109.25 -109.31 -109.44 -109.56 -109.69 -109.84 -110.03 -110.25 -110.47 -110.62 -110.78 -110.84 -110.91 -111.00 -111.12 -111.25 -111.31 -111.34 -111.34 -111.38 -111.41 -111.44 -111.44 -111.50 -111.53 -111.59 -111.62 -111.59 -111.56 -111.53 -111.47 -111.44 -111.38 -111.34 -111.25 -111.16 -111.00
-108.59 -108.66 -108.69 -108.69 -108.69 -108.66 -108.62 -108.59 -108.56 -108.50 -108.47 -108.41 -108.38 -108.34 -108.28 -108.25 -108.19 -108.12 -108.06 -108.03 -108.09 -108.19 -108.31 -108.44 -108.56 -108.69 -108.78 -108.81 -108.84 -108.88 -108.91 -109.00 -109.09 -109.19 -109.34 -109.50 -109.69 -109.91 -110.09 -110.25 -110.38 -110.44 -110.50 -110.56 -110.69 -110.78 -110.84 -110.88 -110.88 -110.91 -110.97 -111.00 -111.06 -111.09 -111.16 -111.22 -111.25 -111.25 -111.22 -111.19 -111.16 -111.12 -111.09 -111.06 -111.00 -110.91 -110.78
-108.66 -108.75 -108.78 -108.81 -108.81 -108.78 -108.75 -108.72 -108.69 -108.62 -108.59 -108.53 -108.47 -108.41 -108.38 -108.31 -108.25 -108.16 -108.09 -108.06 -108.03 -108.09 -108.19 -108.28 -108.38 -108.44 -108.53 -108.56 -108.59 -108.59 -108.62 -108.69 -108.78 -108.88 -109.03 -109.19 -109.38 -109.56 -109.75 -109.88 -109.97 -110.03 -110.06 -110.16 -110.22 -110.31 -110.38 -110.41 -110.44 -110.50 -110.56 -110.62 -110.69 -110.72 -110.78 -110.84 -110.88 -110.88 -110.88 -110.88 -110.84 -110.81 -110.81 -110.78 -110.75 -110.69 -110.56
-108.78 -108.84 -108.88 -108.91 -108.91 -108.91 -108.88 -108.84 -108.81 -108.75 -108.72 -108.66 -108.56 -108.50 -108.44 -108.38 -108.31 -108.22 -108.16 -108.09 -108.06 -108.03 -108.06 -108.12 -108.19 -108.25 -108.28 -108.34 -108.34 -108.38 -108.38 -108.44 -108.50 -108.59 -108.75 -108.91 -109.06 -109.22 -109.38 -109.50 -109.59 -109.66 -109.69 -109.72 -109.81 -109.88 -109.94 -110.00 -110.03 -110.12 -110.19 -110.28 -110.34 -110.41 -110.47 -110.50 -110.53 -110.56 -110.56 -110.56 -110.56 -110.53 -110.53 -110.53 -110.50 -110.44 -110.34
-108.91 -108.97 -109.00 -109.03 -109.03 -109.03 -109.00 -109.00 -108.94 -108.91 -108.84 -108.75 -108.69 -108.62 -108.53 -108.47 -108.38 -108.31 -108.25 -108.19 -108.12 -108.06 -108.00 -108.00 -108.03 -108.06 -108.12 -108.12 -108.16 -108.16 -108.19 -108.22 -108.28 -108.38 -108.50 -108.62 -108.78 -108.91 -109.06 -109.16 -109.22 -109.25 -109.28 -109.34 -109.41 -109.47 -109.53 -109.59 -109.69 -109.78 -109.88 -109.94 -110.03 -110.09 -110.16 -110.19 -110.25 -110.28 -110.28 -110.28 -110.28 -110.28 -110.28 -110.28 -110.25 -110.19 -110.12
-109.03 -109.09 -109.12 -109.16 -109.16 -109.16 -109.16 -109.12 -109.06 -109.03 -108.94 -108.88 -108.81 -108.72 -108.66 -108.56 -108.47 -108.41 -108.34 -108.28 -108.22 -108.12 -108.06 -108.00 -107.94 -107.91 -107.97 -107.97 -108.00 -108.00 -108.00 -108.03 -108.09 -108.19 -108.28 -108.38 -108.50 -108.62 -108.72 -108.81 -108.88 -108.91 -108.94 -108.97 -109.03 -109.09 -109.16 -109.25 -109.34 -109.44 -109.56 -109.66 -109.75 -109.81 -109.88 -109.91 -109.97 -110.00 -110.03 -110.06 -110.06 -110.06 -110.03 -110.03 -110.00 -109.94 -109.88
-109.16 -109.22 -109.28 -109.28 -109.28 -109.28 -109.28 -109.25 -109.19 -109.12 -109.06 -109.00 -108.91 -108.84 -108.75 -108.66 -108.59 -108.53 -108.44 -108.38 -108.31 -108.25 -108.16 -108.09 -108.03 -107.97 -107.94 -107.91 -107.91 -107.91 -107.91 -107.91 -107.94 -108.03 -108.09 -108.19 -108.28 -108.38 -108.44 -108.50 -108.56 -108.56 -108.59 -108.62 -108.69 -108.75 -108.84 -108.94 -109.06 -109.19 -109.28 -109.38 -109.47 -109.53 -109.59 -109.66 -109.72 -109.78 -109.81 -109.84 -109.84 -109.84 -109.81 -109.78 -109.75 -109.72 -109.66
-109.28 -109.34 -109.41 -109.41 -109.41 -109.41 -109.38 -109.34 -109.31 -109.25 -109.16 -109.09 -109.03 -108.94 -108.88 -108.78 -108.72 -108.66 -108.59 -108.50 -108.44 -108.38 -108.31 -108.22 -108.16 -108.09 -108.03 -108.00 -108.00 -107.97 -107.97 -107.94 -107.94 -107.94 -108.00 -108.03 -108.09 -108.16 -108.22 -108.25 -108.28 -108.28 -108.31 -108.31 -108.38 -108.47 -108.56 -108.69 -108.81 -108.94 -109.03 -109.16 -109.22 -109.31 -109.38 -109.44 -109.50 -109.56 -109.59 -109.62 -109.66 -109.66 -109.62 -109.59 -109.53 -109.47 -109.41
-109.41 -109.47 -109.50 -109.53 -109.53 -109.53 -109.50 -109.44 -109.41 -109.34 -109.28 -109.22 -109.12 -109.06 -109.00 -108.91 -108.84 -108.78 -108.72 -108.66 -108.59 -108.53 -108.47 -108.38 -108.31 -108.22 -108.16 -108.12 -108.09 -108.06 -108.03 -108.03 -108.00 -107.97 -107.97 -107.94 -107.97 -108.00 -108.03 -108.03 -108.03 -108.06 -108.06 -108.09 -108.16 -108.25 -108.34 -108.47 -108.59 -108.72 -108.84 -108.94 -109.03 -109.12 -109.19 -109.25 -109.31 -109.38 -109.41 -109.47 -109.47 -109.47 -109.44 -109.41 -109.34 -109.28 -109.22
-109.50 -109.56 -109.59 -109.62 -109.62 -109.62 -109.59 -109.56 -109.50 -109.44 -109.38 -109.31 -109.25 -109.19 -109.12 -109.06 -109.00 -108.94 -108.88 -108.84 -108.78 -108.72 -108.66 -108.56 -108.47 -108.41 -108.34 -108.28 -108.25 -108.19 -108.16 -108.12 -108.09 -108.06 -108.00 -107.97 -107.91 -107.88 -107.88 -107.88 -107.84 -107.84 -107.84 -107.91 -108.00 -108.09 -108.22 -108.31 -108.44 -108.56 -108.66 -108.75 -108.84 -108.94 -109.03 -109.09 -109.16 -109.22 -109.25 -109.31 -109.31 -109.31 -109.28 -109.25 -109.19 -109.12 -109.06
-109.59 -109.66 -109.69 -109.72 -109.72 -109.72 -109.69 -109.62 -109.59 -109.53 -109.47 -109.44 -109.38 -109.31 -109.28 -109.22 -109.16 -109.12 -109.06 -109.03 -108.97 -108.91 -108.84 -108.75 -108.66 -108.59 -108.50 -108.44 -108.38 -108.34 -108.28 -108.25 -108.19 -108.16 -108.09 -108.03 -107.94 -107.91 -107.84 -107.78 -107.72 -107.72 -107.75 -107.84 -107.94 -108.03 -108.12 -108.22 -108.34 -108.44 -108.53 -108.62 -108.72 -108.81 -108.91 -108.97 -109.03 -109.09 -109.12 -109.16 -109.19 -109.19 -109.16 -109.12 -109.09 -109.03 -108.97
-109.69 -109.75 -109.78 -109.81 -109.81 -109.81 -109.78 -109.72 -109.69 -109.62 -109.59 -109.53 -109.50 -109.47 -109.44 -109.38 -109.34 -109.28 -109.25 -109.22 -109.19 -109.12 -109.06 -108.97 -108.88 -108.78 -108.69 -108.59 -108.53 -108.50 -108.44 -108.38 -108.31 -108.25 -108.19 -108.09 -108.03 -107.97 -107.91 -107.88 -107.84 -107.81 -107.84 -107.91 -107.97 -108.03 -108.12 -108.22 -108.28 -108.38 -108.47 -108.56 -108.66 -108.75 -108.81 -108.88 -108.94 -108.97 -109.03 -109.06 -109.06 -109.09 -109.06 -109.06 -109.00 -108.97 -108.91
-109.78 -109.84 -109.88 -109.91 -109.91 -109.88 -109.84 -109.81 -109.75 -109.72 -109.69 -109.66 -109.66 -109.62 -109.59 -109.56 -109.53 -109.47 -109.44 -109.41 -109.38 -109.34 -109.25 -109.16 -109.06 -108.94 -108.84 -108.75 -108.69 -108.62 -108.59 -108.53 -108.47 -108.41 -108.31 -108.22 -108.16 -108.09 -108.03 -108.00 -107.97 -107.94 -107.94 -107.97 -108.03 -108.09 -108.16 -108.25 -108.31 -108.41 -108.50 -108.56 -108.66 -108.72 -108.78 -108.84 -108.88 -108.94 -108.97 -109.00 -109.03 -109.03 -109.03 -109.03 -109.00 -108.97 -108.94
-109.88 -109.94 -109.97 -110.00 -110.00 -109.97 -109.94 -109.91 -109.84 -109.81 -109.81 -109.81 -109.81 -109.78 -109.78 -109.75 -109.72 -109.69 -109.66 -109.62 -109.59 -109.53 -109.47 -109.34 -109.25 -109.12 -109.00 -108.91 -108.84 -108.81 -108.75 -108.69 -108.62 -108.56 -108.47 -108.38 -108.31 -108.25 -108.19 -108.16 -108.12 -108.09 -108.09 -108.09 -108.16 -108.19 -108.25 -108.34 -108.41 -108.47 -108.56 -108.62 -108.72 -108.78 -108.84 -108.88 -108.94 -108.97 -109.00 -109.03 -109.06 -109.06 -109.09 -109.09 -109.06 -109.03 -109.00
-109.97 -110.03 -110.06 -110.09 -110.09 -110.06 -110.03 -110.00 -109.94 -109.94 -109.94 -109.97 -109.97 -109.97 -109.97 -109.94 -109.91 -109.88 -109.84 -109.81 -109.78 -109.72 -109.66 -109.53 -109.41 -109.28 -109.16 -109.09 -109.00 -108.97 -108.94 -108.88 -108.81 -108.72 -108.66 -108.56 -108.50 -108.44 -108.38 -108.34 -108.31 -108.28 -108.25 -108.25 -108.28 -108.31 -108.38 -108.44 -108.50 -108.56 -108.66 -108.72 -108.81 -108.88 -108.94 -108.97 -109.00 -109.03 -109.06 -109.09 -109.12 -109.16 -109.19 -109.19 -109.16 -109.12 -109.09
-110.12 -110.19 -110.22 -110.22 -110.22 -110.19 -110.16 -110.09 -110.06 -110.06 -110.09 -110.12 -110.16 -110.19 -110.16 -110.16 -110.09 -110.06 -110.03 -110.00 -109.97 -109.91 -109.81 -109.72 -109.59 -109.44 -109.34 -109.25 -109.19 -109.16 -109.09 -109.06 -109.00 -108.91 -108.84 -108.75 -108.69 -108.62 -108.59 -108.53 -108.50 -108.47 -108.44 -108.44 -108.47 -108.47 -108.50 -108.56 -108.62 -108.69 -108.78 -108.84 -108.91 -108.97 -109.03 -109.06 -109.09 -109.12 -109.16 -109.19 -109.22 -109.25 -109.28 -109.28 -109.25 -109.22 -109.19
-110.28 -110.34 -110.38 -110.38 -110.38 -110.34 -110.31 -110.25 -110.22 -110.22 -110.28 -110.31 -110.38 -110.38 -110.38 -110.34 -110.31 -110.28 -110.22 -110.19 -110.16 -110.09 -110.00 -109.88 -109.75 -109.62 -109.50 -109.41 -109.34 -109.31 -109.28 -109.22 -109.16 -109.09 -109.03 -108.97 -108.91 -108.84 -108.78 -108.75 -108.72 -108.69 -108.66 -108.62 -108.62 -108.66 -108.66 -108.72 -108.75 -108.84 -108.91 -108.97 -109.06 -109.12 -109.16 -109.19 -109.22 -109.25 -109.28 -109.31 -109.34 -109.38 -109.38 -109.38 -109.38 -109.34 -109.31
-110.47 -110.53 -110.56 -110.56 -110.56 -110.53 -110.47 -110.41 -110.41 -110.41 -110.47 -110.53 -110.59 -110.62 -110.62 -110.56 -110.53 -110.47 -110.44 -110.41 -110.38 -110.28 -110.19 -110.06 -109.91 -109.78 -109.66 -109.59 -109.53 -109.50 -109.47 -109.41 -109.34 -109.28 -109.22 -109.16 -109.09 -109.06 -109.00 -108.97 -108.94 -108.88 -108.84 -108.84 -108.81 -108.81 -108.84 -108.88 -108.91 -108.97 -109.03 -109.12 -109.19 -109.25 -109.31 -109.34 -109.34 -109.38 -109.41 -109.44 -109.47 -109.50 -109.50 -109.50 -109.47 -109.44 -109.44
-110.66 -110.75 -110.78 -110.78 -110.78 -110.72 -110.66 -110.59 -110.59 -110.62 -110.69 -110.75 -110.81 -110.84 -110.84 -110.81 -110.75 -110.69 -110.66 -110.62 -110.56 -110.50 -110.38 -110.22 -110.09 -109.94 -109.84 -109.78 -109.72 -109.69 -109.62 -109.59 -109.53 -109.47 -109.41 -109.34 -109.31 -109.25 -109.22 -109.19 -109.12 -109.09 -109.06 -109.03 -109.00 -109.00 -109.00 -109.03 -109.06 -109.12 -109.19 -109.28 -109.34 -109.41 -109.47 -109.50 -109.50 -109.50 -109.53 -109.56 -109.59 -109.62 -109.62 -109.62 -109.59 -109.56 -109.56
