everonasctiles/Tile[17,0].asc
ncols 128
nrows 128
xllcorner 0
yllcorner 0
cellsize 2.0
NODATA_value  -9999
[rows 0 to 28 of 128, columns 0 to 66 of 128]
-114.59 -114.47 -114.38 -114.25 -114.16 -114.03 -113.94 -113.84 -113.75 -113.66 -113.53 -113.44 -113.34 -113.22 -113.12 -113.00 -112.91 -112.78 -112.69 -112.59 -112.53 -112.47 -112.41 -112.34 -112.28 -112.16 -112.06 -111.94 -111.81 -111.69 -111.59 -111.47 -111.34 -111.25 -111.12 -111.03 -110.91 -110.81 -110.69 -110.59 -110.50 -110.44 -110.41 -110.41 -110.41 -110.44 -110.47 -110.47 -110.47 -110.44 -110.41 -110.34 -110.28 -110.19 -110.06 -109.97 -109.88 -109.78 -109.69 -109.59 -109.50 -109.41 -109.31 -109.22 -109.12 -109.03 -108.91
-114.72 -114.59 -114.50 -114.38 -114.28 -114.16 -114.06 -113.94 -113.84 -113.75 -113.62 -113.53 -113.44 -113.31 -113.22 -113.12 -113.00 -112.91 -112.81 -112.72 -112.66 -112.62 -112.56 -112.50 -112.41 -112.31 -112.22 -112.09 -112.00 -111.88 -111.75 -111.62 -111.50 -111.41 -111.28 -111.19 -111.06 -110.97 -110.84 -110.75 -110.66 -110.59 -110.56 -110.56 -110.59 -110.62 -110.62 -110.66 -110.66 -110.62 -110.59 -110.53 -110.47 -110.38 -110.28 -110.19 -110.12 -110.00 -109.91 -109.81 -109.75 -109.66 -109.56 -109.47 -109.38 -109.25 -109.12
-114.84 -114.72 -114.62 -114.50 -114.38 -114.28 -114.16 -114.06 -113.94 -113.84 -113.75 -113.62 -113.53 -113.44 -113.31 -113.22 -113.12 -113.00 -112.91 -112.84 -112.78 -112.75 -112.69 -112.66 -112.56 -112.47 -112.38 -112.28 -112.16 -112.06 -111.94 -111.81 -111.69 -111.56 -111.44 -111.34 -111.25 -111.12 -111.03 -110.91 -110.84 -110.75 -110.75 -110.75 -110.75 -110.78 -110.81 -110.81 -110.84 -110.81 -110.78 -110.72 -110.66 -110.59 -110.50 -110.44 -110.34 -110.25 -110.16 -110.06 -109.97 -109.91 -109.81 -109.72 -109.59 -109.47 -109.31
-114.97 -114.84 -114.72 -114.59 -114.50 -114.38 -114.25 -114.16 -114.06 -113.94 -113.84 -113.75 -113.66 -113.53 -113.44 -113.31 -113.22 -113.12 -113.03 -112.97 -112.94 -112.88 -112.84 -112.78 -112.72 -112.62 -112.56 -112.44 -112.34 -112.22 -112.09 -111.97 -111.84 -111.72 -111.59 -111.50 -111.41 -111.28 -111.19 -111.09 -111.00 -110.94 -110.91 -110.91 -110.94 -110.97 -111.00 -111.00 -111.03 -111.00 -110.97 -110.94 -110.88 -110.78 -110.72 -110.66 -110.56 -110.47 -110.38 -110.28 -110.22 -110.12 -110.03 -109.94 -109.81 -109.66 -109.50
-115.06 -114.97 -114.84 -114.72 -114.59 -114.50 -114.38 -114.25 -114.16 -114.06 -113.97 -113.84 -113.75 -113.62 -113.53 -113.44 -113.31 -113.25 -113.16 -113.09 -113.06 -113.03 -113.00 -112.94 -112.88 -112.81 -112.72 -112.62 -112.50 -112.38 -112.25 -112.12 -111.97 -111.88 -111.78 -111.66 -111.56 -111.47 -111.34 -111.25 -111.16 -111.09 -111.06 -111.09 -111.12 -111.16 -111.19 -111.19 -111.22 -111.19 -111.16 -111.12 -111.06 -111.00 -110.94 -110.88 -110.78 -110.69 -110.59 -110.53 -110.44 -110.34 -110.25 -110.12 -110.00 -109.84 -109.66
-115.19 -115.06 -114.94 -114.84 -114.72 -114.59 -114.47 -114.38 -114.25 -114.16 -114.06 -113.94 -113.84 -113.72 -113.62 -113.53 -113.44 -113.38 -113.31 -113.25 -113.22 -113.19 -113.16 -113.12 -113.06 -112.97 -112.88 -112.78 -112.66 -112.53 -112.41 -112.25 -112.12 -112.03 -111.94 -111.81 -111.72 -111.59 -111.50 -111.41 -111.31 -111.25 -111.25 -111.25 -111.28 -111.31 -111.34 -111.38 -111.41 -111.41 -111.38 -111.31 -111.28 -111.22 -111.16 -111.06 -111.00 -110.91 -110.81 -110.72 -110.66 -110.56 -110.44 -110.31 -110.16 -110.00 -109.84
-115.28 -115.16 -115.06 -114.94 -114.81 -114.69 -114.56 -114.47 -114.34 -114.25 -114.16 -114.03 -113.91 -113.81 -113.72 -113.66 -113.56 -113.50 -113.44 -113.41 -113.38 -113.34 -113.31 -113.28 -113.22 -113.12 -113.06 -112.94 -112.81 -112.69 -112.56 -112.44 -112.31 -112.19 -112.09 -111.97 -111.88 -111.75 -111.66 -111.53 -111.47 -111.44 -111.41 -111.44 -111.47 -111.50 -111.53 -111.56 -111.56 -111.56 -111.56 -111.53 -111.47 -111.41 -111.34 -111.28 -111.19 -111.09 -111.00 -110.94 -110.84 -110.75 -110.62 -110.50 -110.34 -110.16 -110.00
-115.38 -115.28 -115.16 -115.03 -114.91 -114.78 -114.66 -114.53 -114.44 -114.31 -114.22 -114.09 -114.00 -113.91 -113.84 -113.78 -113.72 -113.66 -113.59 -113.56 -113.53 -113.50 -113.47 -113.44 -113.38 -113.31 -113.22 -113.09 -113.00 -112.84 -112.72 -112.59 -112.47 -112.38 -112.25 -112.12 -112.00 -111.91 -111.78 -111.69 -111.62 -111.59 -111.56 -111.59 -111.62 -111.66 -111.69 -111.72 -111.75 -111.75 -111.75 -111.72 -111.66 -111.62 -111.53 -111.47 -111.38 -111.28 -111.22 -111.12 -111.03 -110.91 -110.78 -110.66 -110.50 -110.34 -110.19
-115.47 -115.38 -115.25 -115.12 -115.00 -114.88 -114.75 -114.62 -114.50 -114.41 -114.28 -114.19 -114.09 -114.00 -113.94 -113.91 -113.84 -113.81 -113.78 -113.72 -113.69 -113.69 -113.62 -113.59 -113.53 -113.47 -113.38 -113.28 -113.16 -113.03 -112.91 -112.78 -112.66 -112.53 -112.41 -112.28 -112.16 -112.03 -111.94 -111.84 -111.78 -111.75 -111.75 -111.75 -111.78 -111.81 -111.84 -111.88 -111.91 -111.91 -111.91 -111.88 -111.84 -111.78 -111.72 -111.66 -111.56 -111.47 -111.38 -111.28 -111.19 -111.09 -110.97 -110.81 -110.66 -110.50 -110.34
-115.56 -115.44 -115.34 -115.22 -115.06 -114.94 -114.81 -114.72 -114.59 -114.50 -114.38 -114.28 -114.19 -114.12 -114.06 -114.03 -114.00 -113.97 -113.94 -113.91 -113.88 -113.84 -113.78 -113.75 -113.69 -113.62 -113.53 -113.44 -113.31 -113.19 -113.06 -112.94 -112.81 -112.69 -112.56 -112.44 -112.31 -112.19 -112.06 -112.00 -111.94 -111.91 -111.91 -111.91 -111.94 -111.97 -112.00 -112.03 -112.06 -112.06 -112.06 -112.06 -112.00 -111.97 -111.91 -111.81 -111.72 -111.66 -111.56 -111.47 -111.38 -111.25 -111.12 -110.97 -110.81 -110.69 -110.53
-115.62 -115.53 -115.41 -115.28 -115.16 -115.03 -114.94 -114.81 -114.72 -114.59 -114.50 -114.38 -114.31 -114.25 -114.19 -114.16 -114.12 -114.12 -114.09 -114.06 -114.03 -113.97 -113.94 -113.88 -113.81 -113.75 -113.69 -113.56 -113.47 -113.34 -113.22 -113.09 -112.97 -112.81 -112.69 -112.56 -112.44 -112.34 -112.22 -112.16 -112.09 -112.06 -112.06 -112.06 -112.09 -112.12 -112.16 -112.19 -112.19 -112.22 -112.22 -112.19 -112.19 -112.12 -112.06 -111.97 -111.91 -111.81 -111.72 -111.62 -111.53 -111.41 -111.28 -111.12 -110.97 -110.84 -110.69
-115.69 -115.59 -115.47 -115.34 -115.25 -115.12 -115.03 -114.94 -114.81 -114.72 -114.59 -114.50 -114.44 -114.38 -114.34 -114.31 -114.28 -114.25 -114.25 -114.19 -114.16 -114.12 -114.06 -114.03 -113.97 -113.88 -113.81 -113.69 -113.59 -113.47 -113.34 -113.22 -113.09 -112.94 -112.81 -112.72 -112.59 -112.50 -112.41 -112.31 -112.25 -112.22 -112.22 -112.22 -112.25 -112.28 -112.31 -112.31 -112.34 -112.34 -112.34 -112.34 -112.31 -112.28 -112.22 -112.16 -112.06 -111.97 -111.88 -111.78 -111.66 -111.53 -111.41 -111.28 -111.12 -111.00 -110.88
-115.75 -115.66 -115.53 -115.44 -115.34 -115.25 -115.16 -115.03 -114.94 -114.81 -114.72 -114.62 -114.56 -114.50 -114.47 -114.44 -114.41 -114.41 -114.38 -114.34 -114.31 -114.25 -114.19 -114.16 -114.09 -114.00 -113.94 -113.81 -113.72 -113.59 -113.47 -113.34 -113.19 -113.06 -112.97 -112.84 -112.75 -112.66 -112.56 -112.47 -112.44 -112.41 -112.38 -112.38 -112.41 -112.44 -112.47 -112.47 -112.50 -112.50 -112.50 -112.50 -112.47 -112.44 -112.38 -112.31 -112.22 -112.12 -112.03 -111.94 -111.81 -111.69 -111.56 -111.41 -111.28 -111.19 -111.06
-115.81 -115.72 -115.62 -115.53 -115.44 -115.34 -115.25 -115.16 -115.03 -114.94 -114.81 -114.72 -114.66 -114.62 -114.59 -114.56 -114.53 -114.53 -114.50 -114.47 -114.44 -114.38 -114.31 -114.25 -114.19 -114.12 -114.03 -113.94 -113.81 -113.69 -113.56 -113.44 -113.31 -113.19 -113.09 -113.00 -112.91 -112.81 -112.72 -112.66 -112.59 -112.56 -112.53 -112.53 -112.56 -112.59 -112.62 -112.62 -112.62 -112.66 -112.66 -112.66 -112.62 -112.59 -112.53 -112.47 -112.38 -112.28 -112.19 -112.09 -111.97 -111.84 -111.72 -111.59 -111.47 -111.38 -111.28
-115.91 -115.81 -115.72 -115.62 -115.53 -115.44 -115.34 -115.22 -115.12 -115.00 -114.91 -114.84 -114.78 -114.72 -114.69 -114.69 -114.66 -114.66 -114.62 -114.59 -114.56 -114.50 -114.44 -114.38 -114.31 -114.22 -114.12 -114.03 -113.91 -113.78 -113.66 -113.53 -113.44 -113.31 -113.25 -113.16 -113.06 -112.97 -112.88 -112.81 -112.75 -112.72 -112.69 -112.69 -112.72 -112.75 -112.75 -112.78 -112.78 -112.78 -112.81 -112.78 -112.78 -112.75 -112.69 -112.62 -112.53 -112.44 -112.34 -112.25 -112.12 -112.00 -111.88 -111.75 -111.66 -111.56 -111.50
-116.03 -115.94 -115.84 -115.72 -115.62 -115.53 -115.41 -115.31 -115.19 -115.09 -115.00 -114.94 -114.88 -114.84 -114.81 -114.81 -114.78 -114.78 -114.75 -114.72 -114.66 -114.59 -114.53 -114.47 -114.41 -114.31 -114.22 -114.09 -114.00 -113.88 -113.75 -113.66 -113.56 -113.47 -113.38 -113.28 -113.22 -113.12 -113.03 -112.97 -112.91 -112.88 -112.84 -112.84 -112.88 -112.91 -112.91 -112.94 -112.94 -112.94 -112.94 -112.94 -112.94 -112.88 -112.84 -112.78 -112.69 -112.59 -112.50 -112.41 -112.28 -112.16 -112.03 -111.94 -111.88 -111.78 -111.72
-116.12 -116.03 -115.94 -115.81 -115.72 -115.59 -115.50 -115.38 -115.28 -115.16 -115.09 -115.00 -114.97 -114.94 -114.91 -114.91 -114.91 -114.88 -114.84 -114.81 -114.78 -114.72 -114.66 -114.56 -114.50 -114.41 -114.28 -114.19 -114.06 -113.97 -113.84 -113.75 -113.69 -113.59 -113.53 -113.44 -113.34 -113.28 -113.19 -113.12 -113.09 -113.03 -113.03 -113.03 -113.03 -113.06 -113.06 -113.09 -113.09 -113.09 -113.09 -113.09 -113.06 -113.03 -112.97 -112.94 -112.84 -112.75 -112.66 -112.53 -112.44 -112.34 -112.22 -112.16 -112.06 -112.00 -111.94
-116.25 -116.12 -116.03 -115.91 -115.81 -115.69 -115.56 -115.44 -115.34 -115.22 -115.16 -115.09 -115.06 -115.03 -115.00 -115.00 -115.00 -114.97 -114.94 -114.91 -114.84 -114.78 -114.72 -114.66 -114.56 -114.47 -114.38 -114.25 -114.16 -114.06 -113.97 -113.88 -113.81 -113.75 -113.66 -113.59 -113.50 -113.44 -113.34 -113.31 -113.25 -113.22 -113.19 -113.19 -113.19 -113.22 -113.22 -113.25 -113.25 -113.25 -113.22 -113.22 -113.19 -113.16 -113.12 -113.06 -113.00 -112.91 -112.81 -112.69 -112.59 -112.50 -112.41 -112.34 -112.28 -112.22 -112.19
-116.34 -116.22 -116.09 -116.00 -115.88 -115.75 -115.62 -115.50 -115.38 -115.28 -115.22 -115.19 -115.16 -115.12 -115.09 -115.09 -115.06 -115.06 -115.03 -114.97 -114.94 -114.88 -114.78 -114.72 -114.62 -114.53 -114.44 -114.34 -114.25 -114.16 -114.09 -114.00 -113.94 -113.88 -113.81 -113.72 -113.66 -113.59 -113.53 -113.47 -113.41 -113.38 -113.38 -113.34 -113.34 -113.38 -113.38 -113.38 -113.38 -113.38 -113.38 -113.34 -113.34 -113.31 -113.25 -113.19 -113.12 -113.03 -112.94 -112.84 -112.75 -112.69 -112.62 -112.56 -112.50 -112.47 -112.41
-116.41 -116.28 -116.19 -116.06 -115.94 -115.81 -115.69 -115.56 -115.44 -115.38 -115.31 -115.25 -115.25 -115.22 -115.19 -115.19 -115.16 -115.12 -115.09 -115.03 -115.00 -114.94 -114.84 -114.78 -114.69 -114.59 -114.50 -114.44 -114.34 -114.25 -114.19 -114.12 -114.06 -114.00 -113.94 -113.88 -113.78 -113.72 -113.69 -113.62 -113.56 -113.53 -113.53 -113.50 -113.50 -113.50 -113.50 -113.53 -113.53 -113.50 -113.50 -113.50 -113.47 -113.44 -113.41 -113.34 -113.28 -113.19 -113.09 -113.00 -112.94 -112.84 -112.78 -112.75 -112.72 -112.69 -112.66
-116.47 -116.34 -116.22 -116.09 -115.97 -115.84 -115.72 -115.62 -115.53 -115.44 -115.41 -115.34 -115.31 -115.31 -115.28 -115.25 -115.22 -115.19 -115.16 -115.09 -115.03 -114.97 -114.91 -114.84 -114.75 -114.69 -114.59 -114.50 -114.44 -114.38 -114.31 -114.25 -114.19 -114.12 -114.06 -114.00 -113.94 -113.88 -113.81 -113.78 -113.72 -113.69 -113.66 -113.66 -113.62 -113.62 -113.66 -113.66 -113.66 -113.62 -113.62 -113.62 -113.59 -113.56 -113.53 -113.47 -113.41 -113.31 -113.25 -113.16 -113.06 -113.00 -112.97 -112.94 -112.94 -112.91 -112.88
-116.50 -116.38 -116.25 -116.12 -116.00 -115.88 -115.78 -115.69 -115.59 -115.53 -115.50 -115.44 -115.41 -115.38 -115.34 -115.31 -115.28 -115.25 -115.19 -115.16 -115.09 -115.03 -114.97 -114.91 -114.81 -114.75 -114.69 -114.59 -114.53 -114.47 -114.41 -114.34 -114.28 -114.22 -114.16 -114.12 -114.06 -114.00 -113.97 -113.94 -113.88 -113.84 -113.81 -113.78 -113.78 -113.75 -113.75 -113.75 -113.75 -113.75 -113.75 -113.75 -113.72 -113.69 -113.66 -113.59 -113.53 -113.47 -113.38 -113.28 -113.22 -113.16 -113.12 -113.12 -113.09 -113.09 -113.06
-116.50 -116.38 -116.28 -116.16 -116.03 -115.94 -115.84 -115.78 -115.69 -115.62 -115.59 -115.53 -115.50 -115.47 -115.44 -115.38 -115.34 -115.28 -115.22 -115.19 -115.12 -115.09 -115.03 -114.97 -114.91 -114.84 -114.78 -114.69 -114.62 -114.56 -114.50 -114.44 -114.38 -114.31 -114.28 -114.22 -114.19 -114.12 -114.09 -114.06 -114.03 -114.00 -113.94 -113.91 -113.91 -113.88 -113.88 -113.88 -113.88 -113.88 -113.88 -113.88 -113.84 -113.81 -113.78 -113.72 -113.66 -113.59 -113.50 -113.44 -113.38 -113.31 -113.28 -113.28 -113.28 -113.28 -113.25
-116.53 -116.41 -116.28 -116.19 -116.09 -116.00 -115.94 -115.88 -115.81 -115.75 -115.69 -115.62 -115.59 -115.53 -115.50 -115.44 -115.38 -115.34 -115.28 -115.22 -115.19 -115.12 -115.09 -115.03 -114.97 -114.91 -114.84 -114.78 -114.72 -114.66 -114.59 -114.53 -114.47 -114.41 -114.38 -114.31 -114.28 -114.25 -114.22 -114.19 -114.16 -114.12 -114.09 -114.06 -114.03 -114.00 -114.00 -114.00 -114.00 -114.00 -114.00 -113.97 -113.94 -113.94 -113.88 -113.84 -113.78 -113.69 -113.62 -113.56 -113.50 -113.47 -113.44 -113.44 -113.44 -113.44 -113.41
-116.53 -116.44 -116.31 -116.22 -116.16 -116.09 -116.03 -115.97 -115.91 -115.84 -115.78 -115.72 -115.66 -115.62 -115.56 -115.50 -115.44 -115.38 -115.31 -115.28 -115.22 -115.19 -115.16 -115.09 -115.06 -115.00 -114.94 -114.88 -114.81 -114.72 -114.66 -114.59 -114.53 -114.50 -114.47 -114.44 -114.41 -114.38 -114.34 -114.31 -114.28 -114.25 -114.22 -114.19 -114.16 -114.12 -114.12 -114.12 -114.12 -114.09 -114.09 -114.06 -114.06 -114.03 -113.97 -113.94 -113.88 -113.81 -113.75 -113.69 -113.66 -113.62 -113.59 -113.59 -113.56 -113.56 -113.53
-116.59 -116.47 -116.38 -116.28 -116.22 -116.19 -116.12 -116.06 -116.00 -115.94 -115.88 -115.78 -115.72 -115.66 -115.59 -115.53 -115.47 -115.41 -115.38 -115.31 -115.28 -115.25 -115.22 -115.16 -115.12 -115.06 -115.00 -114.94 -114.88 -114.78 -114.72 -114.66 -114.62 -114.59 -114.56 -114.53 -114.50 -114.47 -114.47 -114.44 -114.41 -114.38 -114.31 -114.28 -114.25 -114.25 -114.22 -114.22 -114.22 -114.22 -114.19 -114.16 -114.12 -114.09 -114.06 -114.03 -113.97 -113.94 -113.88 -113.81 -113.78 -113.75 -113.75 -113.72 -113.69 -113.69 -113.66
-116.62 -116.53 -116.44 -116.38 -116.31 -116.28 -116.22 -116.16 -116.09 -116.00 -115.94 -115.88 -115.78 -115.72 -115.66 -115.59 -115.53 -115.47 -115.41 -115.38 -115.34 -115.31 -115.25 -115.22 -115.16 -115.12 -115.06 -115.00 -114.94 -114.84 -114.78 -114.75 -114.69 -114.66 -114.66 -114.62 -114.59 -114.59 -114.56 -114.53 -114.50 -114.47 -114.44 -114.41 -114.38 -114.34 -114.34 -114.34 -114.31 -114.31 -114.28 -114.25 -114.22 -114.19 -114.16 -114.12 -114.06 -114.03 -113.97 -113.94 -113.91 -113.88 -113.88 -113.84 -113.81 -113.78 -113.75
-116.69 -116.59 -116.53 -116.47 -116.41 -116.38 -116.31 -116.25 -116.16 -116.09 -116.00 -115.94 -115.84 -115.75 -115.69 -115.62 -115.56 -115.53 -115.47 -115.44 -115.38 -115.34 -115.31 -115.25 -115.22 -115.16 -115.12 -115.06 -114.97 -114.91 -114.84 -114.81 -114.78 -114.75 -114.75 -114.72 -114.69 -114.66 -114.66 -114.62 -114.59 -114.56 -114.53 -114.50 -114.47 -114.47 -114.44 -114.44 -114.41 -114.38 -114.34 -114.31 -114.28 -114.28 -114.25 -114.22 -114.16 -114.12 -114.09 -114.03 -114.03 -114.00 -113.97 -113.94 -113.91 -113.88 -113.84
-116.75 -116.69 -116.62 -116.56 -116.50 -116.47 -116.41 -116.31 -116.25 -116.16 -116.06 -115.97 -115.91 -115.81 -115.75 -115.69 -115.62 -115.56 -115.53 -115.47 -115.44 -115.41 -115.34 -115.31 -115.25 -115.22 -115.16 -115.09 -115.03 -114.97 -114.94 -114.91 -114.88 -114.84 -114.81 -114.81 -114.78 -114.75 -114.72 -114.69 -114.66 -114.62 -114.62 -114.59 -114.56 -114.56 -114.53 -114.53 -114.50 -114.47 -114.44 -114.41 -114.38 -114.34 -114.31 -114.28 -114.25 -114.22 -114.16 -114.12 -114.09 -114.09 -114.06 -114.03 -114.00 -113.97 -113.91
