everonasctiles/Tile29,24.asc
ncols 128
nrows 128
xllcorner 0
yllcorner 0
cellsize 2.0
NODATA_value  -9999
[rows 34 to 67 of 128, columns 0 to 75 of 128]
13.00 12.25 11.75 11.28 10.78 10.28 9.69 8.56 8.03 7.94 7.88 7.78 7.62 7.09 6.56 6.16 5.62 4.97 4.91 4.91 4.53 3.97 3.41 2.50 1.91 1.53 1.22 0.94 0.69 0.47 0.31 0.16 0.06 -0.06 -0.19 -0.38 -0.53 -0.69 -0.91 -1.19 -1.62 -2.06 -2.47 -2.88 -3.28 -3.72 -4.12 -4.56 -5.00 -5.53 -5.97 -6.44 -6.91 -7.38 -7.88 -8.47 -8.94 -9.44 -9.94 -10.44 -10.94 -11.69 -12.19 -12.78 -13.25 -14.12 -14.91 -15.41 -16.03 -16.62 -17.31 -17.97 -18.59 -19.25 -19.91 -20.66
13.09 12.53 11.97 11.50 11.00 10.47 9.97 9.09 8.06 7.81 7.72 7.66 7.56 7.25 6.53 6.06 5.69 5.25 4.91 4.91 4.78 4.16 3.53 2.62 2.19 1.81 1.44 1.12 0.84 0.62 0.41 0.25 0.09 -0.03 -0.16 -0.31 -0.50 -0.66 -0.88 -1.12 -1.50 -1.94 -2.38 -2.69 -3.09 -3.47 -3.88 -4.28 -4.72 -5.12 -5.56 -6.00 -6.47 -6.94 -7.53 -8.00 -8.59 -9.09 -9.56 -10.03 -10.62 -11.09 -11.59 -12.28 -12.81 -13.56 -14.31 -14.78 -15.38 -15.91 -16.56 -17.25 -17.81 -18.41 -19.00 -19.78
13.47 12.81 12.25 11.75 11.22 10.69 10.16 9.56 8.41 7.66 7.59 7.53 7.47 7.38 6.84 6.06 5.81 5.44 5.06 4.88 4.91 4.41 3.69 2.84 2.44 2.03 1.66 1.31 1.03 0.75 0.53 0.31 0.12 0.00 -0.12 -0.28 -0.44 -0.59 -0.81 -1.03 -1.38 -1.78 -2.16 -2.53 -2.91 -3.31 -3.69 -4.09 -4.50 -4.91 -5.31 -5.75 -6.28 -6.72 -7.19 -7.66 -8.12 -8.59 -9.19 -9.75 -10.22 -10.66 -11.22 -11.66 -12.31 -12.81 -13.53 -14.16 -14.75 -15.22 -15.81 -16.47 -17.09 -17.66 -18.25 -18.94
13.78 13.12 12.59 12.03 11.47 10.94 10.38 9.66 8.84 7.75 7.50 7.44 7.38 7.31 7.12 6.44 5.88 5.56 5.22 4.88 4.91 4.72 3.91 3.06 2.69 2.28 1.88 1.50 1.19 0.91 0.62 0.41 0.16 0.06 -0.06 -0.22 -0.41 -0.56 -0.78 -0.97 -1.28 -1.66 -2.03 -2.38 -2.75 -3.09 -3.47 -3.84 -4.25 -4.62 -5.16 -5.56 -6.00 -6.44 -6.91 -7.34 -7.78 -8.31 -8.78 -9.25 -9.81 -10.34 -10.78 -11.28 -11.69 -12.28 -12.78 -13.56 -14.09 -14.59 -15.12 -15.75 -16.41 -16.97 -17.59 -18.31
14.06 13.62 13.03 12.34 11.75 11.19 10.62 9.78 9.03 8.28 7.53 7.34 7.28 7.19 7.12 6.81 6.09 5.69 5.38 4.94 4.91 4.84 4.19 3.34 2.91 2.50 2.06 1.69 1.34 1.03 0.75 0.50 0.22 0.09 -0.03 -0.19 -0.34 -0.53 -0.72 -0.91 -1.19 -1.53 -1.91 -2.28 -2.66 -2.94 -3.28 -3.66 -4.03 -4.41 -4.78 -5.19 -5.59 -6.00 -6.44 -6.88 -7.44 -7.88 -8.41 -8.84 -9.28 -9.94 -10.34 -10.84 -11.31 -11.78 -12.25 -12.78 -13.50 -13.94 -14.44 -15.06 -15.72 -16.31 -16.97 -17.69
14.62 14.03 13.28 12.59 12.06 11.47 10.91 10.06 9.31 8.59 7.81 7.22 7.16 7.09 7.03 6.97 6.47 5.81 5.56 5.16 4.91 4.91 4.44 3.66 3.16 2.69 2.25 1.84 1.47 1.16 0.84 0.56 0.28 0.16 0.03 -0.12 -0.31 -0.50 -0.69 -0.88 -1.09 -1.44 -1.78 -2.12 -2.47 -2.78 -3.12 -3.50 -3.84 -4.22 -4.59 -4.97 -5.34 -5.75 -6.25 -6.66 -7.06 -7.50 -7.97 -8.38 -9.00 -9.41 -9.91 -10.38 -10.84 -11.19 -11.72 -12.03 -12.91 -13.31 -13.81 -14.44 -15.12 -15.78 -16.53 -17.28
15.06 14.28 13.59 12.94 12.25 11.84 11.25 10.41 9.62 8.88 8.12 7.25 7.06 7.00 6.94 6.91 6.75 6.16 5.75 5.50 5.03 4.91 4.75 4.03 3.41 2.88 2.41 2.00 1.59 1.25 0.97 0.66 0.34 0.22 0.06 -0.09 -0.28 -0.44 -0.62 -0.84 -1.03 -1.34 -1.66 -2.00 -2.31 -2.62 -2.97 -3.31 -3.62 -4.00 -4.34 -4.69 -5.19 -5.56 -5.97 -6.38 -6.78 -7.16 -7.56 -8.09 -8.50 -9.00 -9.47 -9.94 -10.41 -10.72 -11.12 -11.50 -12.34 -12.72 -13.22 -13.81 -14.50 -15.22 -16.06 -16.84
15.28 14.66 14.00 13.12 12.84 12.28 11.66 10.94 10.09 9.03 8.44 7.66 7.09 6.94 6.88 6.81 6.78 6.50 5.97 5.75 5.44 4.94 4.88 4.34 3.72 3.09 2.59 2.12 1.72 1.38 1.03 0.78 0.47 0.25 0.09 -0.06 -0.22 -0.41 -0.59 -0.78 -0.97 -1.25 -1.56 -1.91 -2.22 -2.56 -2.81 -3.16 -3.47 -3.81 -4.16 -4.50 -4.84 -5.22 -5.56 -5.94 -6.31 -6.81 -7.22 -7.72 -8.09 -8.59 -8.97 -9.50 -9.84 -10.34 -10.62 -11.00 -11.59 -12.16 -12.62 -13.22 -13.88 -14.62 -15.56 -16.31
15.84 15.22 14.47 13.81 13.31 12.78 12.22 11.41 10.50 9.53 8.78 8.31 7.50 6.88 6.78 6.75 6.69 6.62 6.25 5.84 5.62 5.03 4.91 4.50 3.91 3.28 2.75 2.28 1.88 1.50 1.16 0.91 0.66 0.31 0.16 0.00 -0.19 -0.34 -0.53 -0.72 -0.91 -1.19 -1.47 -1.78 -2.09 -2.38 -2.69 -3.00 -3.34 -3.66 -4.00 -4.31 -4.66 -5.00 -5.34 -5.69 -6.16 -6.50 -6.88 -7.25 -7.72 -8.19 -8.66 -9.00 -9.31 -9.91 -10.19 -10.41 -11.09 -11.62 -12.06 -12.62 -13.28 -14.03 -15.09 -15.94
16.28 15.88 15.22 14.53 14.03 13.53 12.72 11.75 10.75 9.97 9.28 8.78 8.12 7.09 6.72 6.66 6.59 6.56 6.44 6.00 5.72 5.25 4.94 4.66 3.97 3.41 2.94 2.47 2.03 1.66 1.31 1.00 0.78 0.34 0.22 0.03 -0.12 -0.31 -0.47 -0.62 -0.81 -1.09 -1.38 -1.66 -1.97 -2.25 -2.56 -2.84 -3.16 -3.47 -3.78 -4.09 -4.41 -4.75 -5.19 -5.53 -5.88 -6.22 -6.56 -7.03 -7.34 -7.81 -8.16 -8.56 -8.97 -9.25 -9.72 -9.97 -10.59 -11.09 -11.53 -12.06 -12.72 -13.41 -14.50 -15.53
17.12 16.44 15.88 15.16 14.66 13.97 13.09 12.16 10.94 10.31 9.69 9.09 8.56 7.62 6.75 6.56 6.53 6.50 6.47 6.19 5.75 5.50 4.94 4.78 4.06 3.53 3.06 2.59 2.16 1.78 1.44 1.12 0.88 0.47 0.25 0.06 -0.09 -0.25 -0.41 -0.59 -0.75 -1.00 -1.28 -1.56 -1.84 -2.12 -2.41 -2.59 -2.91 -3.19 -3.50 -3.81 -4.22 -4.53 -4.84 -5.16 -5.50 -5.94 -6.25 -6.59 -7.03 -7.44 -7.75 -8.06 -8.56 -8.84 -9.06 -9.50 -10.03 -10.59 -11.00 -11.56 -12.16 -12.81 -13.75 -15.00
17.34 16.84 16.28 15.69 15.16 14.22 13.59 12.56 11.12 10.56 9.97 9.34 8.81 8.22 7.09 6.53 6.50 6.47 6.44 6.31 5.94 5.66 5.00 4.91 4.16 3.66 3.19 2.72 2.28 1.91 1.56 1.22 0.97 0.62 0.28 0.12 -0.03 -0.19 -0.34 -0.53 -0.69 -0.94 -1.19 -1.47 -1.75 -2.00 -2.31 -2.59 -2.88 -3.16 -3.47 -3.75 -4.03 -4.34 -4.66 -4.94 -5.34 -5.66 -5.97 -6.28 -6.69 -7.00 -7.41 -7.78 -8.06 -8.31 -8.66 -9.06 -9.59 -10.12 -10.50 -11.06 -11.62 -12.22 -13.09 -14.47
17.81 17.31 16.78 16.25 15.59 14.94 14.03 13.03 11.84 11.00 10.31 9.62 9.03 8.47 7.66 6.62 6.44 6.41 6.38 6.34 6.12 5.72 5.00 4.91 4.31 3.75 3.28 2.84 2.41 2.00 1.66 1.31 1.03 0.75 0.34 0.16 0.00 -0.16 -0.31 -0.47 -0.62 -0.88 -1.09 -1.34 -1.62 -1.91 -2.19 -2.47 -2.75 -3.03 -3.31 -3.59 -3.88 -4.16 -4.56 -4.84 -5.12 -5.44 -5.72 -6.09 -6.41 -6.69 -7.06 -7.34 -7.69 -7.91 -8.16 -8.44 -9.16 -9.69 -10.03 -10.59 -11.09 -11.66 -12.44 -13.72
18.56 17.72 17.34 16.84 16.00 15.56 15.03 14.16 12.47 11.75 10.75 9.91 9.25 8.69 8.12 7.00 6.38 6.34 6.31 6.28 6.22 5.84 5.00 4.91 4.47 3.84 3.38 2.94 2.50 2.09 1.72 1.38 1.06 0.81 0.44 0.22 0.06 -0.09 -0.25 -0.41 -0.56 -0.78 -1.03 -1.25 -1.53 -1.78 -2.06 -2.31 -2.47 -2.75 -3.00 -3.28 -3.66 -3.94 -4.22 -4.47 -4.78 -5.16 -5.47 -5.75 -6.00 -6.38 -6.75 -7.00 -7.22 -7.56 -7.75 -8.03 -8.62 -9.25 -9.56 -10.12 -10.59 -11.12 -11.81 -12.94
19.31 18.59 17.91 17.25 16.91 16.41 15.84 14.88 13.38 12.31 11.22 10.22 9.44 8.88 8.31 7.53 6.50 6.28 6.28 6.25 6.22 5.97 5.03 4.91 4.66 3.97 3.47 3.03 2.56 2.16 1.78 1.44 1.12 0.88 0.53 0.25 0.09 -0.03 -0.19 -0.34 -0.50 -0.72 -0.94 -1.16 -1.41 -1.69 -1.94 -2.19 -2.44 -2.69 -2.94 -3.22 -3.47 -3.72 -4.00 -4.25 -4.62 -4.91 -5.16 -5.44 -5.72 -6.09 -6.34 -6.69 -6.91 -7.09 -7.28 -7.66 -8.12 -8.84 -9.12 -9.66 -10.09 -10.59 -11.22 -12.16
19.78 19.00 18.34 17.75 17.47 17.00 16.19 15.38 14.19 12.97 11.44 10.47 9.62 9.03 8.47 7.94 6.81 6.25 6.22 6.22 6.19 6.06 5.28 4.91 4.81 4.16 3.56 3.09 2.66 2.22 1.81 1.47 1.16 0.91 0.59 0.31 0.16 0.00 -0.16 -0.28 -0.44 -0.66 -0.84 -1.06 -1.31 -1.56 -1.81 -2.06 -2.31 -2.56 -2.81 -3.06 -3.31 -3.56 -3.91 -4.16 -4.41 -4.66 -4.91 -5.19 -5.53 -5.78 -6.03 -6.28 -6.50 -6.78 -7.06 -7.19 -7.66 -8.34 -8.72 -9.22 -9.62 -10.09 -10.66 -11.41
20.06 19.38 18.78 18.28 17.72 17.09 16.38 15.44 14.38 13.12 11.94 10.62 9.78 9.16 8.59 8.06 7.22 6.31 6.19 6.16 6.16 6.12 5.59 4.91 4.91 4.41 3.72 3.19 2.72 2.25 1.88 1.50 1.19 0.94 0.66 0.38 0.22 0.06 -0.09 -0.25 -0.38 -0.56 -0.75 -0.97 -1.19 -1.44 -1.69 -1.94 -2.19 -2.31 -2.53 -2.75 -3.09 -3.34 -3.56 -3.81 -4.03 -4.28 -4.62 -4.88 -5.12 -5.38 -5.75 -5.97 -6.19 -6.38 -6.75 -6.88 -7.19 -7.84 -8.31 -8.78 -9.19 -9.62 -10.12 -10.78
20.12 19.56 18.94 18.47 17.81 17.06 16.16 15.28 14.09 13.09 11.91 10.78 9.81 9.22 8.69 8.16 7.59 6.53 6.16 6.12 6.09 6.09 5.81 4.97 4.91 4.59 4.00 3.28 2.75 2.28 1.88 1.50 1.22 1.00 0.78 0.44 0.28 0.12 -0.03 -0.19 -0.31 -0.50 -0.66 -0.88 -1.09 -1.34 -1.69 -1.81 -2.03 -2.25 -2.47 -2.69 -2.94 -3.16 -3.38 -3.59 -3.84 -4.16 -4.41 -4.62 -4.84 -5.09 -5.31 -5.53 -5.88 -6.19 -6.34 -6.69 -6.88 -7.50 -7.81 -8.34 -8.75 -9.16 -9.62 -10.22
20.06 19.59 18.97 18.53 17.94 17.09 15.84 14.66 13.97 12.97 11.59 10.53 9.81 9.28 8.78 8.25 7.72 6.84 6.12 6.09 6.06 6.06 5.94 5.19 4.91 4.75 4.19 3.47 2.81 2.28 1.88 1.53 1.28 1.06 0.84 0.56 0.34 0.16 0.03 -0.12 -0.28 -0.41 -0.59 -0.78 -1.00 -1.22 -1.47 -1.69 -1.91 -2.12 -2.34 -2.56 -2.78 -3.00 -3.22 -3.53 -3.75 -3.97 -4.19 -4.41 -4.62 -4.84 -5.06 -5.25 -5.56 -5.78 -6.06 -6.41 -6.47 -7.09 -7.31 -7.91 -8.34 -8.72 -9.16 -9.69
20.06 19.69 19.19 18.59 18.03 17.12 16.00 14.78 13.88 12.75 11.69 10.66 9.94 9.41 8.88 8.34 7.81 7.16 6.25 6.03 6.03 6.00 6.00 5.44 4.94 4.84 4.28 3.66 2.97 2.34 1.94 1.66 1.41 1.16 0.91 0.69 0.47 0.25 0.09 -0.06 -0.22 -0.34 -0.50 -0.69 -0.88 -1.09 -1.34 -1.56 -1.78 -2.00 -2.09 -2.31 -2.50 -2.81 -3.03 -3.22 -3.44 -3.62 -3.84 -4.06 -4.25 -4.47 -4.69 -5.00 -5.31 -5.50 -5.88 -6.12 -6.22 -6.69 -6.91 -7.47 -7.94 -8.28 -8.72 -9.16
20.12 19.72 19.28 18.84 18.16 17.12 15.97 14.88 14.06 12.84 11.69 10.91 10.19 9.56 9.00 8.44 7.88 7.31 6.44 6.00 5.97 5.97 5.94 5.69 5.03 4.91 4.41 3.81 3.16 2.44 2.09 1.81 1.50 1.25 1.00 0.78 0.56 0.34 0.12 0.00 -0.12 -0.28 -0.41 -0.56 -0.78 -1.00 -1.34 -1.56 -1.66 -1.84 -2.06 -2.25 -2.44 -2.66 -2.84 -3.06 -3.25 -3.44 -3.66 -3.84 -4.03 -4.25 -4.44 -4.75 -4.94 -5.25 -5.62 -5.78 -6.09 -6.44 -6.62 -7.00 -7.56 -7.91 -8.28 -8.69
20.03 19.66 19.19 18.72 18.12 17.25 16.19 15.06 14.31 13.22 12.19 11.38 10.47 9.78 9.16 8.53 7.91 7.38 6.69 6.03 5.94 5.94 5.91 5.84 5.25 4.91 4.56 3.97 3.34 2.59 2.25 1.94 1.62 1.34 1.09 0.84 0.62 0.44 0.19 0.06 -0.06 -0.22 -0.34 -0.50 -0.66 -0.88 -1.12 -1.31 -1.53 -1.72 -1.91 -2.12 -2.31 -2.50 -2.72 -2.91 -3.09 -3.28 -3.47 -3.69 -3.88 -4.06 -4.34 -4.53 -4.72 -5.12 -5.28 -5.56 -5.88 -6.16 -6.28 -6.62 -7.16 -7.53 -7.91 -8.25
19.62 19.41 19.03 18.56 17.97 17.16 16.34 15.31 13.97 13.31 12.41 11.62 10.75 10.03 9.31 8.62 7.94 7.44 6.94 6.16 5.91 5.88 5.88 5.88 5.50 4.97 4.78 4.09 3.47 2.72 2.38 2.06 1.72 1.44 1.19 0.94 0.72 0.50 0.22 0.06 -0.03 -0.16 -0.28 -0.41 -0.56 -0.75 -0.97 -1.22 -1.41 -1.59 -1.78 -1.88 -2.06 -2.25 -2.44 -2.62 -2.81 -3.00 -3.19 -3.34 -3.66 -3.84 -4.03 -4.22 -4.72 -4.91 -5.09 -5.44 -5.69 -6.00 -6.03 -6.31 -6.84 -7.19 -7.53 -7.84
19.66 19.00 18.75 18.31 17.78 17.09 16.38 15.44 14.16 13.50 12.81 12.00 11.12 10.28 9.50 8.69 8.03 7.50 7.00 6.53 6.00 5.84 5.84 5.84 5.69 5.12 4.94 4.25 3.59 2.88 2.47 2.16 1.81 1.53 1.25 1.00 0.78 0.56 0.28 0.09 0.00 -0.09 -0.22 -0.31 -0.47 -0.62 -0.84 -1.06 -1.28 -1.38 -1.56 -1.75 -1.94 -2.09 -2.28 -2.47 -2.66 -2.84 -3.00 -3.31 -3.47 -3.66 -3.84 -4.00 -4.41 -4.59 -4.88 -5.25 -5.50 -5.72 -5.91 -6.19 -6.50 -6.91 -7.19 -7.47
19.62 19.00 18.41 17.94 17.47 16.88 16.25 15.47 14.34 13.69 13.03 12.31 11.47 10.53 9.66 8.78 8.12 7.59 7.12 6.66 6.19 5.81 5.81 5.81 5.78 5.34 4.97 4.53 3.78 3.03 2.56 2.22 1.88 1.56 1.31 1.06 0.81 0.59 0.34 0.12 0.03 -0.06 -0.16 -0.25 -0.38 -0.53 -0.69 -0.91 -1.09 -1.25 -1.44 -1.50 -1.69 -1.88 -1.94 -2.12 -2.31 -2.59 -2.78 -2.94 -3.12 -3.28 -3.47 -3.84 -4.12 -4.31 -4.69 -4.97 -5.31 -5.56 -5.66 -5.97 -6.25 -6.62 -6.88 -7.12
19.75 18.97 18.16 17.56 17.12 16.56 15.88 15.34 14.56 13.62 13.09 12.44 11.69 10.78 9.84 8.88 8.22 7.69 7.22 6.78 6.28 5.78 5.78 5.78 5.75 5.53 5.06 4.78 4.03 3.28 2.62 2.28 1.94 1.62 1.34 1.09 0.88 0.66 0.41 0.19 0.03 -0.03 -0.09 -0.19 -0.31 -0.44 -0.59 -0.75 -0.94 -1.06 -1.22 -1.41 -1.47 -1.66 -1.72 -2.00 -2.16 -2.34 -2.50 -2.66 -2.84 -3.00 -3.41 -3.56 -3.75 -4.12 -4.41 -4.78 -4.97 -5.41 -5.53 -5.75 -6.03 -6.47 -6.56 -6.81
19.88 19.00 18.28 17.59 16.88 16.28 15.69 15.06 14.34 13.78 13.25 12.62 11.88 11.00 10.06 9.09 8.41 7.81 7.31 6.84 6.34 5.78 5.75 5.75 5.72 5.62 5.19 4.94 4.31 3.50 2.75 2.28 1.94 1.66 1.38 1.12 0.94 0.72 0.50 0.28 0.12 0.00 -0.06 -0.12 -0.25 -0.34 -0.50 -0.62 -0.81 -0.97 -1.09 -1.28 -1.34 -1.53 -1.69 -1.84 -2.03 -2.19 -2.38 -2.53 -2.91 -3.09 -3.25 -3.44 -3.59 -3.97 -4.16 -4.41 -4.69 -5.06 -5.19 -5.66 -5.97 -6.25 -6.41 -6.53
20.12 19.25 18.41 17.56 16.97 16.28 15.62 15.06 14.47 13.91 13.38 12.81 12.09 11.19 10.25 9.34 8.62 7.97 7.44 6.94 6.47 5.84 5.72 5.72 5.72 5.69 5.31 4.94 4.69 3.75 3.03 2.34 1.94 1.66 1.44 1.22 1.00 0.81 0.59 0.41 0.22 0.06 0.00 -0.09 -0.19 -0.28 -0.41 -0.53 -0.66 -0.81 -0.94 -1.06 -1.22 -1.41 -1.56 -1.72 -1.91 -2.06 -2.25 -2.62 -2.78 -2.97 -3.12 -3.31 -3.69 -3.84 -4.12 -4.28 -4.56 -4.81 -4.97 -5.31 -5.78 -6.09 -6.34 -6.34
20.34 19.41 18.53 17.72 17.06 16.44 15.84 15.25 14.66 14.06 13.47 12.88 12.19 11.31 10.41 9.56 8.81 8.16 7.59 7.12 6.59 5.97 5.69 5.69 5.69 5.69 5.44 4.97 4.81 4.00 3.31 2.59 2.03 1.75 1.56 1.31 1.09 0.91 0.72 0.53 0.34 0.16 0.03 -0.03 -0.12 -0.22 -0.31 -0.44 -0.56 -0.69 -0.81 -0.97 -1.12 -1.28 -1.44 -1.62 -1.69 -2.06 -2.22 -2.41 -2.56 -2.72 -2.91 -3.28 -3.44 -3.72 -3.91 -4.06 -4.34 -4.59 -4.78 -5.12 -5.50 -5.81 -6.34 -6.34
20.75 19.78 18.84 17.91 17.31 16.72 16.12 15.50 14.91 14.28 13.62 13.00 12.25 11.44 10.59 9.78 9.06 8.41 7.81 7.31 6.78 6.16 5.69 5.69 5.69 5.69 5.53 5.06 4.69 4.22 3.69 2.91 2.25 1.94 1.72 1.47 1.25 1.03 0.81 0.62 0.44 0.25 0.09 0.00 -0.06 -0.16 -0.25 -0.34 -0.47 -0.59 -0.75 -0.88 -1.03 -1.19 -1.25 -1.62 -1.78 -1.94 -2.12 -2.28 -2.44 -2.81 -3.00 -3.16 -3.34 -3.59 -3.78 -4.06 -4.22 -4.41 -4.56 -4.94 -5.31 -5.66 -6.12 -6.38
21.22 20.16 19.16 18.28 17.72 17.09 16.47 15.84 15.19 14.53 13.84 13.19 12.41 11.59 10.78 10.00 9.28 8.62 8.03 7.50 7.03 6.41 5.75 5.69 5.69 5.66 5.62 5.16 4.78 4.38 3.88 3.34 2.59 2.12 1.91 1.62 1.38 1.12 0.91 0.72 0.53 0.34 0.16 0.06 -0.03 -0.09 -0.19 -0.28 -0.41 -0.53 -0.69 -0.84 -1.00 -1.16 -1.34 -1.50 -1.66 -1.84 -2.00 -2.16 -2.56 -2.72 -2.88 -3.06 -3.34 -3.50 -3.69 -3.97 -4.12 -4.31 -4.59 -4.75 -5.03 -5.50 -5.88 -6.31
21.88 20.69 19.50 18.81 18.22 17.56 16.91 16.25 15.56 14.84 14.12 13.44 12.59 11.75 10.94 10.19 9.47 8.84 8.28 7.75 7.28 6.81 5.91 5.66 5.66 5.66 5.66 5.22 4.88 4.50 4.09 3.66 3.03 2.38 2.09 1.78 1.50 1.25 1.03 0.81 0.62 0.44 0.22 0.09 0.03 -0.06 -0.12 -0.22 -0.34 -0.47 -0.62 -0.78 -0.91 -1.06 -1.22 -1.41 -1.56 -1.62 -2.00 -2.19 -2.34 -2.53 -2.69 -2.97 -3.16 -3.31 -3.59 -3.78 -3.97 -4.12 -4.53 -4.69 -4.97 -5.38 -5.75 -6.22
22.62 21.34 20.31 19.44 18.78 18.09 17.41 16.69 15.97 15.19 14.41 13.69 12.81 11.97 11.12 10.41 9.69 9.06 8.47 7.97 7.53 7.16 6.25 5.66 5.66 5.66 5.66 5.31 5.00 4.66 4.28 3.84 3.38 2.66 2.25 1.94 1.62 1.34 1.09 0.88 0.69 0.53 0.31 0.12 0.06 0.00 -0.09 -0.19 -0.28 -0.41 -0.56 -0.69 -0.84 -1.00 -1.16 -1.25 -1.56 -1.75 -1.91 -2.09 -2.25 -2.53 -2.69 -2.88 -3.03 -3.31 -3.50 -3.69 -3.88 -4.16 -4.34 -4.53 -4.94 -5.25 -5.62 -6.00
23.41 22.09 21.06 20.12 19.41 18.69 17.97 17.22 16.44 15.59 14.75 13.94 13.09 12.22 11.34 10.56 9.88 9.25 8.69 8.19 7.75 7.38 6.66 5.72 5.62 5.62 5.62 5.53 5.09 4.75 4.44 4.06 3.62 3.12 2.44 2.12 1.75 1.44 1.19 0.97 0.75 0.59 0.41 0.22 0.12 0.03 -0.03 -0.12 -0.22 -0.34 -0.50 -0.62 -0.78 -0.94 -1.12 -1.28 -1.47 -1.62 -1.81 -1.97 -2.25 -2.41 -2.59 -2.78 -2.97 -3.25 -3.44 -3.62 -3.81 -4.09 -4.31 -4.59 -4.81 -5.12 -5.53 -5.91
