everonasctiles/Tile45,37.asc
ncols 128
nrows 128
xllcorner 0
yllcorner 0
cellsize 2.0
NODATA_value  -9999
[rows 64 to 95 of 128, columns 0 to 70 of 128]
-66.81 -66.88 -66.94 -67.03 -67.12 -67.22 -67.34 -67.47 -67.59 -67.69 -67.84 -67.97 -68.09 -68.22 -68.31 -68.41 -68.50 -68.59 -68.69 -68.75 -68.81 -68.91 -69.00 -69.09 -69.19 -69.31 -69.41 -69.50 -69.59 -69.69 -69.78 -69.88 -69.97 -70.03 -70.09 -70.16 -70.22 -70.28 -70.34 -70.38 -70.44 -70.47 -70.50 -70.53 -70.59 -70.62 -70.66 -70.66 -70.69 -70.72 -70.78 -70.84 -70.91 -70.94 -71.00 -71.03 -71.06 -71.06 -71.06 -71.06 -71.06 -71.06 -71.09 -71.09 -71.16 -71.22 -71.28 -71.38 -71.47 -71.56 -71.66
-66.81 -66.88 -66.94 -67.00 -67.09 -67.22 -67.31 -67.44 -67.56 -67.69 -67.81 -67.94 -68.06 -68.19 -68.31 -68.41 -68.47 -68.56 -68.62 -68.69 -68.75 -68.84 -68.94 -69.03 -69.12 -69.22 -69.34 -69.44 -69.56 -69.66 -69.75 -69.84 -69.94 -70.00 -70.06 -70.09 -70.16 -70.22 -70.25 -70.31 -70.34 -70.34 -70.38 -70.41 -70.44 -70.50 -70.53 -70.53 -70.56 -70.59 -70.66 -70.72 -70.78 -70.84 -70.88 -70.91 -70.94 -70.94 -70.94 -70.94 -70.94 -70.94 -70.94 -70.97 -71.00 -71.06 -71.12 -71.22 -71.31 -71.41 -71.53
-66.84 -66.91 -66.97 -67.03 -67.12 -67.22 -67.34 -67.44 -67.56 -67.69 -67.81 -67.94 -68.06 -68.19 -68.28 -68.38 -68.44 -68.50 -68.56 -68.62 -68.72 -68.78 -68.88 -68.97 -69.06 -69.16 -69.28 -69.41 -69.53 -69.62 -69.72 -69.81 -69.88 -69.94 -70.00 -70.03 -70.09 -70.16 -70.19 -70.22 -70.25 -70.25 -70.28 -70.31 -70.34 -70.38 -70.38 -70.41 -70.44 -70.47 -70.53 -70.62 -70.66 -70.72 -70.75 -70.78 -70.81 -70.81 -70.81 -70.81 -70.81 -70.81 -70.81 -70.84 -70.88 -70.94 -71.00 -71.06 -71.19 -71.28 -71.41
-66.94 -66.97 -67.03 -67.12 -67.19 -67.28 -67.38 -67.47 -67.59 -67.72 -67.84 -67.94 -68.06 -68.16 -68.25 -68.34 -68.41 -68.47 -68.53 -68.59 -68.66 -68.72 -68.81 -68.91 -69.00 -69.12 -69.22 -69.34 -69.47 -69.56 -69.69 -69.75 -69.84 -69.88 -69.94 -70.00 -70.03 -70.06 -70.12 -70.16 -70.16 -70.19 -70.19 -70.19 -70.22 -70.25 -70.25 -70.28 -70.31 -70.38 -70.44 -70.50 -70.56 -70.59 -70.62 -70.66 -70.66 -70.69 -70.69 -70.69 -70.69 -70.69 -70.69 -70.72 -70.75 -70.78 -70.88 -70.94 -71.03 -71.16 -71.25
-67.03 -67.06 -67.12 -67.22 -67.28 -67.38 -67.44 -67.53 -67.62 -67.75 -67.84 -67.97 -68.06 -68.16 -68.25 -68.31 -68.38 -68.41 -68.47 -68.56 -68.62 -68.69 -68.78 -68.84 -68.97 -69.06 -69.19 -69.31 -69.41 -69.53 -69.62 -69.69 -69.78 -69.81 -69.88 -69.91 -69.97 -70.00 -70.03 -70.06 -70.09 -70.09 -70.09 -70.09 -70.12 -70.12 -70.16 -70.16 -70.22 -70.25 -70.34 -70.41 -70.44 -70.47 -70.47 -70.50 -70.53 -70.56 -70.56 -70.53 -70.53 -70.53 -70.53 -70.56 -70.59 -70.66 -70.75 -70.81 -70.94 -71.03 -71.12
-67.12 -67.16 -67.22 -67.31 -67.38 -67.47 -67.53 -67.59 -67.69 -67.78 -67.88 -67.97 -68.06 -68.16 -68.22 -68.28 -68.34 -68.41 -68.44 -68.53 -68.59 -68.66 -68.75 -68.81 -68.91 -69.03 -69.12 -69.25 -69.38 -69.47 -69.56 -69.62 -69.69 -69.75 -69.81 -69.84 -69.91 -69.94 -69.97 -70.00 -70.03 -70.03 -70.03 -70.03 -70.00 -70.03 -70.03 -70.06 -70.09 -70.16 -70.22 -70.28 -70.31 -70.34 -70.34 -70.38 -70.41 -70.41 -70.41 -70.41 -70.41 -70.41 -70.41 -70.44 -70.47 -70.56 -70.62 -70.72 -70.81 -70.91 -71.00
-67.22 -67.25 -67.31 -67.41 -67.47 -67.53 -67.62 -67.69 -67.75 -67.84 -67.91 -68.00 -68.06 -68.16 -68.22 -68.28 -68.31 -68.38 -68.44 -68.50 -68.56 -68.62 -68.72 -68.78 -68.88 -68.97 -69.06 -69.19 -69.28 -69.38 -69.47 -69.56 -69.62 -69.69 -69.72 -69.78 -69.81 -69.88 -69.91 -69.94 -69.94 -69.94 -69.94 -69.94 -69.91 -69.91 -69.91 -69.94 -70.00 -70.06 -70.12 -70.16 -70.19 -70.22 -70.22 -70.22 -70.25 -70.28 -70.28 -70.28 -70.25 -70.25 -70.25 -70.31 -70.38 -70.44 -70.53 -70.62 -70.69 -70.78 -70.84
-67.31 -67.34 -67.41 -67.47 -67.56 -67.62 -67.69 -67.75 -67.81 -67.91 -67.97 -68.03 -68.09 -68.16 -68.19 -68.25 -68.31 -68.34 -68.41 -68.47 -68.53 -68.59 -68.69 -68.75 -68.84 -68.91 -69.00 -69.09 -69.19 -69.28 -69.38 -69.47 -69.53 -69.59 -69.66 -69.72 -69.75 -69.81 -69.84 -69.84 -69.88 -69.84 -69.84 -69.81 -69.81 -69.81 -69.81 -69.84 -69.88 -69.94 -70.00 -70.06 -70.09 -70.09 -70.09 -70.09 -70.12 -70.12 -70.12 -70.12 -70.12 -70.12 -70.12 -70.19 -70.25 -70.34 -70.44 -70.50 -70.56 -70.62 -70.69
-67.41 -67.44 -67.50 -67.53 -67.62 -67.69 -67.75 -67.84 -67.91 -67.94 -68.00 -68.06 -68.09 -68.16 -68.19 -68.25 -68.28 -68.34 -68.41 -68.47 -68.50 -68.56 -68.66 -68.72 -68.78 -68.84 -68.94 -69.00 -69.09 -69.19 -69.28 -69.38 -69.44 -69.53 -69.56 -69.62 -69.69 -69.72 -69.75 -69.78 -69.78 -69.78 -69.75 -69.72 -69.72 -69.69 -69.69 -69.72 -69.78 -69.84 -69.88 -69.94 -69.94 -69.97 -69.97 -69.97 -69.97 -70.00 -70.00 -70.00 -70.00 -70.00 -70.03 -70.09 -70.16 -70.25 -70.31 -70.38 -70.44 -70.47 -70.50
-67.47 -67.50 -67.56 -67.59 -67.66 -67.72 -67.81 -67.88 -67.94 -68.00 -68.03 -68.09 -68.12 -68.16 -68.19 -68.25 -68.28 -68.34 -68.38 -68.44 -68.50 -68.56 -68.62 -68.69 -68.72 -68.78 -68.84 -68.91 -69.00 -69.09 -69.19 -69.28 -69.34 -69.44 -69.50 -69.53 -69.59 -69.62 -69.66 -69.69 -69.69 -69.66 -69.66 -69.62 -69.59 -69.59 -69.59 -69.62 -69.66 -69.72 -69.75 -69.81 -69.81 -69.81 -69.81 -69.81 -69.84 -69.84 -69.84 -69.84 -69.88 -69.88 -69.94 -70.00 -70.09 -70.16 -70.22 -70.25 -70.31 -70.31 -70.34
-67.53 -67.56 -67.59 -67.66 -67.69 -67.75 -67.84 -67.91 -67.97 -68.03 -68.06 -68.09 -68.16 -68.19 -68.22 -68.25 -68.28 -68.34 -68.38 -68.44 -68.47 -68.53 -68.59 -68.62 -68.69 -68.72 -68.75 -68.81 -68.91 -69.00 -69.09 -69.19 -69.25 -69.34 -69.41 -69.47 -69.50 -69.56 -69.59 -69.59 -69.59 -69.56 -69.56 -69.53 -69.50 -69.50 -69.50 -69.50 -69.53 -69.59 -69.62 -69.66 -69.66 -69.66 -69.69 -69.69 -69.69 -69.69 -69.72 -69.72 -69.75 -69.78 -69.84 -69.94 -70.00 -70.06 -70.09 -70.12 -70.16 -70.16 -70.16
-67.56 -67.59 -67.62 -67.69 -67.72 -67.78 -67.84 -67.91 -67.97 -68.03 -68.09 -68.12 -68.16 -68.19 -68.22 -68.25 -68.31 -68.34 -68.38 -68.41 -68.47 -68.50 -68.56 -68.59 -68.62 -68.66 -68.69 -68.75 -68.81 -68.88 -68.97 -69.06 -69.16 -69.22 -69.28 -69.34 -69.41 -69.44 -69.47 -69.47 -69.47 -69.47 -69.44 -69.41 -69.41 -69.38 -69.38 -69.38 -69.41 -69.47 -69.50 -69.50 -69.50 -69.53 -69.53 -69.53 -69.53 -69.56 -69.56 -69.59 -69.62 -69.69 -69.75 -69.81 -69.88 -69.94 -69.97 -69.97 -70.00 -70.00 -70.00
-67.59 -67.62 -67.66 -67.69 -67.75 -67.78 -67.84 -67.91 -67.97 -68.03 -68.09 -68.12 -68.19 -68.22 -68.25 -68.28 -68.31 -68.34 -68.38 -68.41 -68.44 -68.50 -68.53 -68.56 -68.59 -68.59 -68.62 -68.66 -68.72 -68.78 -68.88 -68.94 -69.03 -69.09 -69.16 -69.22 -69.28 -69.34 -69.34 -69.34 -69.34 -69.34 -69.31 -69.31 -69.28 -69.25 -69.25 -69.25 -69.28 -69.31 -69.31 -69.34 -69.34 -69.34 -69.38 -69.38 -69.41 -69.41 -69.44 -69.47 -69.50 -69.56 -69.62 -69.69 -69.75 -69.78 -69.81 -69.84 -69.84 -69.84 -69.84
-67.62 -67.66 -67.69 -67.72 -67.75 -67.78 -67.84 -67.91 -67.97 -68.03 -68.09 -68.12 -68.19 -68.22 -68.25 -68.28 -68.31 -68.34 -68.38 -68.41 -68.44 -68.47 -68.50 -68.50 -68.53 -68.53 -68.56 -68.56 -68.62 -68.69 -68.75 -68.81 -68.91 -68.97 -69.03 -69.09 -69.16 -69.19 -69.22 -69.22 -69.22 -69.19 -69.19 -69.16 -69.16 -69.12 -69.12 -69.12 -69.16 -69.16 -69.16 -69.19 -69.19 -69.19 -69.22 -69.22 -69.25 -69.25 -69.28 -69.31 -69.38 -69.44 -69.50 -69.56 -69.59 -69.62 -69.66 -69.69 -69.72 -69.72 -69.69
-67.62 -67.66 -67.69 -67.72 -67.75 -67.78 -67.84 -67.88 -67.94 -68.00 -68.06 -68.12 -68.19 -68.22 -68.25 -68.25 -68.28 -68.31 -68.34 -68.38 -68.41 -68.44 -68.44 -68.47 -68.47 -68.47 -68.47 -68.47 -68.50 -68.56 -68.62 -68.69 -68.75 -68.81 -68.88 -68.97 -69.00 -69.06 -69.06 -69.06 -69.06 -69.06 -69.03 -69.03 -69.00 -69.00 -69.00 -69.00 -69.00 -69.00 -69.00 -69.03 -69.03 -69.03 -69.03 -69.06 -69.06 -69.09 -69.12 -69.16 -69.22 -69.28 -69.34 -69.41 -69.44 -69.50 -69.53 -69.56 -69.56 -69.56 -69.56
-67.66 -67.66 -67.69 -67.72 -67.75 -67.78 -67.84 -67.88 -67.94 -68.00 -68.06 -68.12 -68.16 -68.19 -68.22 -68.25 -68.28 -68.31 -68.34 -68.34 -68.38 -68.41 -68.41 -68.41 -68.41 -68.41 -68.38 -68.41 -68.41 -68.44 -68.47 -68.53 -68.59 -68.66 -68.75 -68.81 -68.88 -68.91 -68.94 -68.94 -68.91 -68.91 -68.88 -68.88 -68.88 -68.88 -68.88 -68.84 -68.84 -68.84 -68.84 -68.88 -68.88 -68.88 -68.88 -68.88 -68.91 -68.94 -68.97 -69.00 -69.06 -69.12 -69.19 -69.25 -69.31 -69.34 -69.38 -69.41 -69.44 -69.44 -69.41
-67.66 -67.69 -67.69 -67.72 -67.75 -67.78 -67.84 -67.88 -67.94 -68.00 -68.06 -68.12 -68.16 -68.19 -68.22 -68.25 -68.28 -68.28 -68.31 -68.34 -68.34 -68.34 -68.34 -68.34 -68.34 -68.31 -68.31 -68.31 -68.31 -68.31 -68.34 -68.38 -68.44 -68.53 -68.59 -68.66 -68.72 -68.75 -68.78 -68.78 -68.78 -68.75 -68.75 -68.72 -68.72 -68.72 -68.72 -68.72 -68.69 -68.69 -68.72 -68.72 -68.72 -68.72 -68.72 -68.72 -68.72 -68.75 -68.78 -68.84 -68.91 -68.97 -69.03 -69.09 -69.16 -69.22 -69.25 -69.28 -69.31 -69.28 -69.28
-67.66 -67.66 -67.69 -67.72 -67.75 -67.78 -67.84 -67.91 -67.97 -68.03 -68.06 -68.12 -68.16 -68.19 -68.22 -68.25 -68.28 -68.28 -68.31 -68.31 -68.31 -68.31 -68.31 -68.28 -68.28 -68.25 -68.22 -68.22 -68.22 -68.19 -68.22 -68.25 -68.31 -68.38 -68.47 -68.53 -68.59 -68.62 -68.66 -68.66 -68.62 -68.62 -68.59 -68.56 -68.56 -68.56 -68.56 -68.56 -68.56 -68.56 -68.56 -68.59 -68.59 -68.56 -68.56 -68.53 -68.53 -68.53 -68.59 -68.66 -68.72 -68.81 -68.91 -68.97 -69.03 -69.06 -69.12 -69.16 -69.16 -69.16 -69.16
-67.62 -67.66 -67.69 -67.72 -67.75 -67.78 -67.84 -67.91 -67.97 -68.03 -68.09 -68.12 -68.16 -68.19 -68.22 -68.25 -68.25 -68.28 -68.28 -68.28 -68.28 -68.28 -68.25 -68.25 -68.22 -68.19 -68.16 -68.12 -68.12 -68.09 -68.09 -68.12 -68.19 -68.25 -68.34 -68.41 -68.44 -68.50 -68.50 -68.50 -68.50 -68.47 -68.44 -68.44 -68.44 -68.44 -68.44 -68.44 -68.41 -68.41 -68.44 -68.44 -68.44 -68.44 -68.41 -68.38 -68.34 -68.34 -68.41 -68.47 -68.56 -68.66 -68.75 -68.84 -68.91 -68.94 -69.00 -69.03 -69.03 -69.03 -69.00
-67.62 -67.66 -67.66 -67.69 -67.75 -67.78 -67.84 -67.91 -67.97 -68.03 -68.09 -68.12 -68.16 -68.19 -68.22 -68.22 -68.25 -68.25 -68.25 -68.28 -68.25 -68.25 -68.22 -68.19 -68.16 -68.12 -68.09 -68.06 -68.03 -68.00 -68.00 -68.00 -68.06 -68.12 -68.19 -68.25 -68.31 -68.34 -68.38 -68.38 -68.34 -68.34 -68.31 -68.31 -68.31 -68.31 -68.31 -68.28 -68.28 -68.28 -68.31 -68.31 -68.31 -68.28 -68.25 -68.19 -68.16 -68.19 -68.22 -68.31 -68.41 -68.53 -68.62 -68.72 -68.78 -68.81 -68.84 -68.88 -68.91 -68.88 -68.88
-67.59 -67.62 -67.66 -67.69 -67.72 -67.78 -67.84 -67.91 -67.97 -68.03 -68.06 -68.12 -68.16 -68.16 -68.19 -68.22 -68.22 -68.22 -68.25 -68.22 -68.22 -68.19 -68.16 -68.12 -68.09 -68.06 -68.03 -67.97 -67.94 -67.91 -67.88 -67.88 -67.94 -68.00 -68.06 -68.12 -68.16 -68.22 -68.22 -68.22 -68.22 -68.19 -68.19 -68.19 -68.19 -68.19 -68.19 -68.16 -68.16 -68.16 -68.19 -68.19 -68.19 -68.16 -68.09 -68.06 -68.00 -68.00 -68.06 -68.16 -68.28 -68.38 -68.50 -68.59 -68.66 -68.69 -68.72 -68.75 -68.75 -68.75 -68.72
-67.59 -67.59 -67.62 -67.66 -67.69 -67.75 -67.81 -67.88 -67.94 -68.00 -68.06 -68.09 -68.12 -68.16 -68.16 -68.19 -68.19 -68.19 -68.19 -68.19 -68.16 -68.12 -68.09 -68.06 -68.03 -68.00 -67.94 -67.91 -67.84 -67.81 -67.78 -67.78 -67.81 -67.88 -67.94 -67.97 -68.03 -68.06 -68.06 -68.09 -68.06 -68.06 -68.03 -68.03 -68.03 -68.03 -68.03 -68.03 -68.03 -68.03 -68.06 -68.06 -68.03 -68.00 -67.97 -67.91 -67.84 -67.84 -67.91 -68.00 -68.12 -68.25 -68.38 -68.47 -68.53 -68.56 -68.59 -68.59 -68.59 -68.59 -68.59
-67.56 -67.56 -67.59 -67.62 -67.69 -67.72 -67.78 -67.84 -67.91 -67.97 -68.03 -68.06 -68.09 -68.12 -68.12 -68.12 -68.12 -68.12 -68.12 -68.12 -68.09 -68.06 -68.03 -68.00 -67.97 -67.91 -67.88 -67.81 -67.78 -67.72 -67.69 -67.66 -67.69 -67.72 -67.78 -67.81 -67.88 -67.91 -67.94 -67.94 -67.91 -67.91 -67.91 -67.91 -67.91 -67.91 -67.91 -67.91 -67.91 -67.91 -67.91 -67.91 -67.91 -67.88 -67.81 -67.75 -67.72 -67.69 -67.75 -67.88 -68.00 -68.12 -68.25 -68.34 -68.38 -68.41 -68.44 -68.44 -68.44 -68.44 -68.44
-67.56 -67.56 -67.56 -67.62 -67.66 -67.72 -67.75 -67.81 -67.88 -67.94 -67.97 -68.03 -68.06 -68.06 -68.06 -68.06 -68.06 -68.06 -68.06 -68.03 -68.03 -68.00 -67.97 -67.91 -67.88 -67.84 -67.78 -67.72 -67.66 -67.62 -67.56 -67.56 -67.56 -67.59 -67.62 -67.69 -67.72 -67.75 -67.75 -67.78 -67.78 -67.78 -67.78 -67.78 -67.78 -67.78 -67.78 -67.78 -67.78 -67.78 -67.78 -67.78 -67.75 -67.72 -67.69 -67.62 -67.56 -67.56 -67.62 -67.75 -67.88 -68.00 -68.09 -68.19 -68.25 -68.28 -68.28 -68.28 -68.28 -68.28 -68.28
-67.53 -67.53 -67.56 -67.59 -67.62 -67.66 -67.72 -67.75 -67.81 -67.88 -67.91 -67.97 -68.00 -68.00 -68.00 -68.00 -68.00 -67.97 -67.97 -67.97 -67.94 -67.91 -67.88 -67.84 -67.78 -67.75 -67.69 -67.62 -67.56 -67.50 -67.47 -67.44 -67.44 -67.47 -67.50 -67.53 -67.56 -67.59 -67.62 -67.62 -67.62 -67.62 -67.66 -67.66 -67.69 -67.69 -67.66 -67.66 -67.66 -67.62 -67.62 -67.62 -67.59 -67.56 -67.53 -67.47 -67.44 -67.44 -67.53 -67.62 -67.75 -67.88 -67.97 -68.03 -68.09 -68.12 -68.12 -68.12 -68.12 -68.12 -68.12
-67.53 -67.53 -67.53 -67.56 -67.59 -67.62 -67.66 -67.69 -67.75 -67.78 -67.84 -67.88 -67.91 -67.94 -67.94 -67.91 -67.91 -67.88 -67.88 -67.88 -67.84 -67.81 -67.78 -67.72 -67.69 -67.62 -67.56 -67.50 -67.44 -67.41 -67.34 -67.34 -67.34 -67.34 -67.38 -67.38 -67.41 -67.44 -67.47 -67.47 -67.50 -67.50 -67.53 -67.56 -67.56 -67.56 -67.56 -67.53 -67.53 -67.50 -67.50 -67.47 -67.47 -67.41 -67.38 -67.34 -67.31 -67.34 -67.41 -67.53 -67.62 -67.72 -67.81 -67.88 -67.94 -67.94 -67.97 -67.97 -67.97 -67.97 -67.97
-67.50 -67.50 -67.53 -67.53 -67.56 -67.56 -67.59 -67.62 -67.66 -67.72 -67.75 -67.81 -67.81 -67.84 -67.81 -67.81 -67.81 -67.78 -67.78 -67.78 -67.75 -67.72 -67.66 -67.62 -67.56 -67.50 -67.44 -67.38 -67.31 -67.28 -67.25 -67.22 -67.22 -67.22 -67.25 -67.25 -67.28 -67.31 -67.34 -67.34 -67.38 -67.41 -67.41 -67.44 -67.47 -67.47 -67.44 -67.41 -67.38 -67.38 -67.34 -67.31 -67.31 -67.25 -67.22 -67.19 -67.19 -67.22 -67.31 -67.41 -67.50 -67.56 -67.66 -67.72 -67.75 -67.78 -67.78 -67.78 -67.78 -67.78 -67.78
-67.50 -67.50 -67.50 -67.50 -67.50 -67.50 -67.53 -67.56 -67.59 -67.62 -67.69 -67.72 -67.72 -67.72 -67.72 -67.69 -67.69 -67.66 -67.66 -67.66 -67.66 -67.62 -67.56 -67.50 -67.41 -67.34 -67.31 -67.25 -67.22 -67.16 -67.16 -67.12 -67.12 -67.12 -67.12 -67.12 -67.16 -67.19 -67.19 -67.22 -67.25 -67.28 -67.31 -67.31 -67.34 -67.34 -67.31 -67.28 -67.25 -67.22 -67.19 -67.19 -67.12 -67.09 -67.06 -67.06 -67.06 -67.12 -67.19 -67.28 -67.38 -67.44 -67.50 -67.53 -67.59 -67.59 -67.59 -67.59 -67.59 -67.59 -67.59
-67.50 -67.47 -67.47 -67.44 -67.44 -67.44 -67.44 -67.47 -67.50 -67.53 -67.56 -67.59 -67.59 -67.59 -67.59 -67.56 -67.56 -67.53 -67.53 -67.53 -67.50 -67.47 -67.41 -67.34 -67.28 -67.22 -67.16 -67.12 -67.09 -67.06 -67.03 -67.03 -67.03 -67.03 -67.03 -67.03 -67.03 -67.06 -67.06 -67.09 -67.12 -67.16 -67.19 -67.19 -67.19 -67.19 -67.19 -67.16 -67.12 -67.06 -67.03 -67.00 -66.97 -66.94 -66.91 -66.91 -66.94 -67.00 -67.09 -67.16 -67.22 -67.28 -67.34 -67.38 -67.41 -67.44 -67.44 -67.41 -67.41 -67.41 -67.38
-67.47 -67.44 -67.41 -67.38 -67.38 -67.34 -67.34 -67.38 -67.41 -67.44 -67.47 -67.50 -67.50 -67.47 -67.44 -67.44 -67.41 -67.38 -67.38 -67.38 -67.38 -67.31 -67.25 -67.19 -67.12 -67.06 -67.00 -67.00 -66.97 -66.97 -66.94 -66.94 -66.94 -66.94 -66.94 -66.91 -66.91 -66.94 -66.94 -66.97 -67.00 -67.03 -67.06 -67.06 -67.06 -67.06 -67.03 -67.00 -66.97 -66.94 -66.88 -66.84 -66.81 -66.78 -66.78 -66.78 -66.81 -66.91 -67.00 -67.06 -67.09 -67.16 -67.19 -67.22 -67.25 -67.25 -67.25 -67.25 -67.22 -67.19 -67.19
-67.44 -67.41 -67.34 -67.31 -67.28 -67.25 -67.22 -67.25 -67.28 -67.34 -67.34 -67.38 -67.34 -67.34 -67.31 -67.28 -67.25 -67.22 -67.22 -67.22 -67.19 -67.16 -67.09 -67.00 -66.94 -66.91 -66.88 -66.84 -66.84 -66.84 -66.84 -66.84 -66.84 -66.81 -66.81 -66.81 -66.78 -66.81 -66.81 -66.84 -66.88 -66.91 -66.94 -66.94 -66.94 -66.91 -66.88 -66.84 -66.81 -66.78 -66.72 -66.69 -66.66 -66.62 -66.62 -66.66 -66.72 -66.78 -66.88 -66.94 -66.97 -67.00 -67.03 -67.06 -67.09 -67.09 -67.09 -67.09 -67.06 -67.03 -67.00
-67.41 -67.34 -67.28 -67.22 -67.16 -67.12 -67.12 -67.12 -67.16 -67.22 -67.22 -67.22 -67.22 -67.19 -67.16 -67.12 -67.09 -67.06 -67.06 -67.03 -67.00 -66.94 -66.88 -66.81 -66.78 -66.72 -66.72 -66.72 -66.72 -66.72 -66.75 -66.75 -66.72 -66.72 -66.72 -66.69 -66.69 -66.69 -66.69 -66.75 -66.78 -66.78 -66.81 -66.81 -66.78 -66.75 -66.75 -66.69 -66.66 -66.62 -66.56 -66.53 -66.50 -66.47 -66.47 -66.50 -66.59 -66.66 -66.75 -66.81 -66.84 -66.88 -66.91 -66.94 -66.94 -66.97 -66.94 -66.94 -66.88 -66.84 -66.81
