everonasctiles/Tile38,49.asc
ncols 128
nrows 128
xllcorner 0
yllcorner 0
cellsize 2.0
NODATA_value  -9999
[rows 0 to 31 of 128, columns 0 to 70 of 128]
-97.31 -97.31 -97.34 -97.34 -97.38 -97.41 -97.41 -97.41 -97.44 -97.47 -97.50 -97.56 -97.59 -97.62 -97.62 -97.66 -97.69 -97.72 -97.72 -97.75 -97.75 -97.78 -97.78 -97.75 -97.75 -97.75 -97.75 -97.75 -97.72 -97.66 -97.62 -97.59 -97.59 -97.59 -97.62 -97.62 -97.62 -97.62 -97.59 -97.59 -97.62 -97.62 -97.66 -97.69 -97.69 -97.75 -97.78 -97.88 -97.97 -98.09 -98.22 -98.34 -98.44 -98.53 -98.62 -98.72 -98.81 -98.91 -98.97 -99.06 -99.12 -99.19 -99.28 -99.38 -99.47 -99.56 -99.66 -99.75 -99.84 -99.97 -100.09
-97.34 -97.34 -97.34 -97.34 -97.38 -97.41 -97.41 -97.41 -97.44 -97.44 -97.50 -97.53 -97.56 -97.59 -97.62 -97.66 -97.69 -97.72 -97.75 -97.75 -97.78 -97.78 -97.78 -97.75 -97.75 -97.75 -97.75 -97.72 -97.69 -97.66 -97.62 -97.59 -97.59 -97.59 -97.62 -97.62 -97.62 -97.59 -97.59 -97.59 -97.59 -97.62 -97.62 -97.66 -97.69 -97.72 -97.78 -97.84 -97.94 -98.06 -98.19 -98.31 -98.44 -98.53 -98.62 -98.72 -98.81 -98.88 -98.97 -99.03 -99.12 -99.19 -99.28 -99.38 -99.47 -99.56 -99.66 -99.75 -99.84 -99.97 -100.09
-97.34 -97.34 -97.34 -97.38 -97.38 -97.38 -97.41 -97.41 -97.41 -97.44 -97.47 -97.50 -97.56 -97.59 -97.62 -97.66 -97.69 -97.72 -97.75 -97.75 -97.78 -97.78 -97.75 -97.75 -97.75 -97.72 -97.72 -97.69 -97.66 -97.62 -97.59 -97.59 -97.56 -97.56 -97.59 -97.59 -97.59 -97.59 -97.56 -97.56 -97.56 -97.59 -97.62 -97.62 -97.66 -97.69 -97.75 -97.81 -97.91 -98.03 -98.16 -98.28 -98.38 -98.50 -98.59 -98.69 -98.78 -98.84 -98.94 -99.03 -99.09 -99.19 -99.28 -99.34 -99.44 -99.53 -99.62 -99.75 -99.84 -99.94 -100.06
-97.38 -97.38 -97.38 -97.38 -97.38 -97.38 -97.38 -97.41 -97.41 -97.44 -97.47 -97.50 -97.53 -97.59 -97.62 -97.66 -97.72 -97.75 -97.75 -97.75 -97.75 -97.75 -97.75 -97.75 -97.72 -97.72 -97.69 -97.66 -97.62 -97.59 -97.56 -97.56 -97.53 -97.53 -97.56 -97.56 -97.56 -97.56 -97.53 -97.53 -97.53 -97.56 -97.56 -97.59 -97.62 -97.66 -97.72 -97.78 -97.88 -97.97 -98.09 -98.22 -98.34 -98.47 -98.56 -98.66 -98.72 -98.81 -98.91 -99.00 -99.06 -99.16 -99.22 -99.31 -99.41 -99.50 -99.62 -99.72 -99.81 -99.91 -100.03
-97.41 -97.41 -97.41 -97.41 -97.38 -97.38 -97.38 -97.38 -97.41 -97.41 -97.44 -97.50 -97.53 -97.56 -97.62 -97.66 -97.72 -97.75 -97.75 -97.75 -97.75 -97.75 -97.72 -97.72 -97.69 -97.66 -97.66 -97.62 -97.59 -97.56 -97.53 -97.53 -97.50 -97.50 -97.50 -97.50 -97.50 -97.50 -97.50 -97.50 -97.50 -97.50 -97.53 -97.53 -97.56 -97.62 -97.66 -97.72 -97.81 -97.91 -98.03 -98.19 -98.31 -98.41 -98.50 -98.59 -98.69 -98.78 -98.84 -98.94 -99.00 -99.09 -99.19 -99.25 -99.34 -99.47 -99.56 -99.66 -99.78 -99.88 -99.97
-97.47 -97.44 -97.41 -97.41 -97.41 -97.38 -97.38 -97.38 -97.41 -97.41 -97.44 -97.47 -97.53 -97.56 -97.59 -97.66 -97.69 -97.72 -97.75 -97.75 -97.75 -97.72 -97.69 -97.69 -97.66 -97.62 -97.59 -97.59 -97.56 -97.53 -97.50 -97.50 -97.47 -97.44 -97.44 -97.44 -97.44 -97.44 -97.44 -97.44 -97.44 -97.44 -97.47 -97.50 -97.53 -97.56 -97.59 -97.69 -97.75 -97.88 -98.00 -98.12 -98.25 -98.38 -98.47 -98.56 -98.62 -98.72 -98.78 -98.88 -98.94 -99.03 -99.09 -99.19 -99.28 -99.38 -99.50 -99.59 -99.72 -99.81 -99.91
-97.50 -97.47 -97.44 -97.44 -97.41 -97.41 -97.38 -97.38 -97.41 -97.44 -97.47 -97.50 -97.53 -97.56 -97.59 -97.62 -97.69 -97.72 -97.75 -97.72 -97.72 -97.69 -97.66 -97.62 -97.62 -97.59 -97.56 -97.53 -97.50 -97.50 -97.47 -97.44 -97.44 -97.41 -97.38 -97.38 -97.38 -97.38 -97.38 -97.38 -97.38 -97.38 -97.41 -97.44 -97.47 -97.50 -97.56 -97.62 -97.72 -97.81 -97.94 -98.06 -98.19 -98.28 -98.41 -98.50 -98.56 -98.66 -98.72 -98.78 -98.84 -98.94 -99.03 -99.09 -99.19 -99.31 -99.41 -99.53 -99.62 -99.72 -99.81
-97.53 -97.50 -97.47 -97.44 -97.41 -97.41 -97.38 -97.38 -97.41 -97.44 -97.47 -97.47 -97.50 -97.53 -97.56 -97.59 -97.66 -97.69 -97.72 -97.72 -97.69 -97.66 -97.62 -97.59 -97.56 -97.53 -97.50 -97.47 -97.47 -97.44 -97.41 -97.41 -97.38 -97.34 -97.31 -97.31 -97.28 -97.28 -97.28 -97.31 -97.31 -97.31 -97.34 -97.38 -97.41 -97.47 -97.53 -97.59 -97.66 -97.78 -97.88 -98.00 -98.09 -98.22 -98.31 -98.41 -98.50 -98.56 -98.62 -98.69 -98.78 -98.84 -98.94 -99.03 -99.12 -99.22 -99.34 -99.44 -99.56 -99.66 -99.72
-97.53 -97.50 -97.47 -97.44 -97.44 -97.41 -97.41 -97.38 -97.41 -97.41 -97.44 -97.47 -97.50 -97.50 -97.53 -97.56 -97.59 -97.62 -97.66 -97.66 -97.66 -97.62 -97.59 -97.53 -97.50 -97.47 -97.44 -97.41 -97.41 -97.38 -97.34 -97.31 -97.31 -97.28 -97.25 -97.22 -97.22 -97.22 -97.22 -97.25 -97.25 -97.25 -97.28 -97.31 -97.38 -97.41 -97.47 -97.53 -97.62 -97.69 -97.78 -97.91 -98.00 -98.12 -98.22 -98.31 -98.41 -98.47 -98.53 -98.59 -98.69 -98.75 -98.84 -98.94 -99.06 -99.16 -99.25 -99.38 -99.47 -99.53 -99.62
-97.56 -97.53 -97.50 -97.47 -97.44 -97.41 -97.38 -97.38 -97.38 -97.41 -97.41 -97.44 -97.44 -97.47 -97.47 -97.50 -97.53 -97.56 -97.59 -97.59 -97.59 -97.56 -97.53 -97.47 -97.44 -97.41 -97.34 -97.34 -97.31 -97.28 -97.25 -97.25 -97.22 -97.19 -97.16 -97.12 -97.12 -97.12 -97.16 -97.16 -97.19 -97.22 -97.25 -97.28 -97.31 -97.38 -97.44 -97.50 -97.53 -97.59 -97.69 -97.78 -97.91 -98.00 -98.12 -98.22 -98.28 -98.34 -98.41 -98.47 -98.56 -98.66 -98.78 -98.88 -98.97 -99.09 -99.19 -99.28 -99.34 -99.44 -99.53
-97.56 -97.53 -97.50 -97.47 -97.44 -97.41 -97.38 -97.38 -97.38 -97.38 -97.38 -97.38 -97.41 -97.41 -97.41 -97.41 -97.44 -97.47 -97.47 -97.50 -97.50 -97.47 -97.44 -97.38 -97.34 -97.31 -97.25 -97.22 -97.19 -97.19 -97.16 -97.12 -97.12 -97.09 -97.06 -97.03 -97.03 -97.03 -97.06 -97.09 -97.12 -97.16 -97.19 -97.25 -97.28 -97.34 -97.38 -97.41 -97.47 -97.50 -97.56 -97.66 -97.78 -97.88 -97.97 -98.06 -98.12 -98.22 -98.28 -98.34 -98.47 -98.56 -98.69 -98.81 -98.91 -99.00 -99.09 -99.16 -99.25 -99.31 -99.41
-97.59 -97.56 -97.50 -97.47 -97.44 -97.38 -97.34 -97.34 -97.31 -97.31 -97.31 -97.34 -97.34 -97.34 -97.31 -97.31 -97.34 -97.34 -97.38 -97.38 -97.38 -97.34 -97.31 -97.28 -97.22 -97.19 -97.12 -97.09 -97.06 -97.06 -97.03 -97.03 -97.00 -96.97 -96.94 -96.94 -96.94 -96.97 -97.00 -97.03 -97.09 -97.12 -97.16 -97.19 -97.22 -97.28 -97.31 -97.31 -97.34 -97.41 -97.44 -97.53 -97.62 -97.72 -97.81 -97.91 -97.97 -98.03 -98.12 -98.22 -98.34 -98.47 -98.59 -98.72 -98.84 -98.94 -99.00 -99.06 -99.12 -99.22 -99.31
-97.59 -97.56 -97.50 -97.47 -97.41 -97.38 -97.31 -97.28 -97.28 -97.25 -97.28 -97.28 -97.28 -97.25 -97.25 -97.22 -97.22 -97.25 -97.25 -97.25 -97.25 -97.22 -97.19 -97.12 -97.09 -97.03 -97.00 -96.97 -96.94 -96.91 -96.91 -96.91 -96.91 -96.88 -96.84 -96.81 -96.81 -96.88 -96.91 -96.97 -97.03 -97.06 -97.12 -97.16 -97.16 -97.19 -97.22 -97.22 -97.25 -97.28 -97.31 -97.38 -97.47 -97.56 -97.62 -97.72 -97.78 -97.88 -97.97 -98.06 -98.19 -98.34 -98.47 -98.62 -98.72 -98.81 -98.88 -98.94 -99.00 -99.09 -99.19
-97.59 -97.53 -97.50 -97.44 -97.38 -97.31 -97.28 -97.22 -97.19 -97.19 -97.19 -97.19 -97.19 -97.19 -97.16 -97.12 -97.12 -97.12 -97.12 -97.12 -97.09 -97.06 -97.03 -96.97 -96.91 -96.88 -96.84 -96.81 -96.78 -96.78 -96.78 -96.78 -96.78 -96.75 -96.72 -96.72 -96.72 -96.78 -96.81 -96.88 -96.94 -97.00 -97.03 -97.06 -97.09 -97.09 -97.09 -97.09 -97.12 -97.16 -97.19 -97.25 -97.31 -97.38 -97.44 -97.50 -97.59 -97.69 -97.78 -97.91 -98.06 -98.22 -98.34 -98.50 -98.59 -98.69 -98.75 -98.81 -98.91 -99.00 -99.09
-97.56 -97.53 -97.47 -97.41 -97.34 -97.28 -97.22 -97.16 -97.12 -97.09 -97.09 -97.12 -97.12 -97.09 -97.09 -97.06 -97.03 -97.00 -97.00 -96.97 -96.94 -96.91 -96.84 -96.81 -96.75 -96.69 -96.66 -96.62 -96.62 -96.62 -96.62 -96.62 -96.62 -96.62 -96.62 -96.59 -96.62 -96.69 -96.72 -96.78 -96.84 -96.91 -96.94 -96.97 -96.97 -96.97 -96.97 -96.97 -96.97 -97.00 -97.03 -97.09 -97.12 -97.19 -97.22 -97.28 -97.38 -97.50 -97.62 -97.75 -97.91 -98.06 -98.22 -98.34 -98.47 -98.56 -98.62 -98.72 -98.81 -98.91 -99.03
-97.53 -97.50 -97.44 -97.38 -97.31 -97.22 -97.16 -97.09 -97.03 -97.00 -97.00 -97.03 -97.03 -97.03 -97.00 -96.97 -96.94 -96.91 -96.88 -96.84 -96.81 -96.75 -96.69 -96.62 -96.56 -96.50 -96.47 -96.44 -96.44 -96.47 -96.47 -96.50 -96.50 -96.50 -96.50 -96.50 -96.53 -96.56 -96.62 -96.66 -96.72 -96.78 -96.81 -96.84 -96.84 -96.84 -96.84 -96.84 -96.84 -96.88 -96.88 -96.91 -96.94 -96.97 -97.03 -97.09 -97.19 -97.31 -97.47 -97.62 -97.78 -97.94 -98.09 -98.22 -98.34 -98.44 -98.56 -98.66 -98.78 -98.91 -99.03
-97.50 -97.44 -97.38 -97.31 -97.25 -97.16 -97.06 -97.00 -96.94 -96.91 -96.88 -96.91 -96.94 -96.94 -96.94 -96.91 -96.84 -96.81 -96.75 -96.72 -96.66 -96.59 -96.53 -96.44 -96.34 -96.31 -96.28 -96.25 -96.28 -96.28 -96.31 -96.31 -96.34 -96.34 -96.34 -96.38 -96.41 -96.44 -96.50 -96.53 -96.56 -96.59 -96.66 -96.69 -96.69 -96.69 -96.69 -96.69 -96.69 -96.72 -96.75 -96.78 -96.78 -96.81 -96.84 -96.91 -97.03 -97.19 -97.34 -97.50 -97.66 -97.81 -97.97 -98.12 -98.25 -98.38 -98.53 -98.66 -98.78 -98.91 -99.03
-97.44 -97.38 -97.31 -97.25 -97.16 -97.06 -96.97 -96.88 -96.81 -96.78 -96.75 -96.78 -96.81 -96.81 -96.81 -96.78 -96.75 -96.69 -96.62 -96.56 -96.50 -96.44 -96.34 -96.25 -96.16 -96.09 -96.06 -96.06 -96.06 -96.09 -96.12 -96.12 -96.16 -96.19 -96.19 -96.22 -96.28 -96.31 -96.34 -96.38 -96.41 -96.44 -96.47 -96.50 -96.53 -96.53 -96.53 -96.53 -96.56 -96.59 -96.59 -96.62 -96.62 -96.66 -96.69 -96.81 -96.97 -97.12 -97.28 -97.44 -97.59 -97.75 -97.91 -98.06 -98.22 -98.38 -98.53 -98.69 -98.81 -98.94 -99.06
-97.38 -97.31 -97.25 -97.16 -97.09 -96.97 -96.88 -96.78 -96.69 -96.62 -96.62 -96.62 -96.66 -96.69 -96.69 -96.69 -96.62 -96.56 -96.50 -96.44 -96.38 -96.28 -96.16 -96.06 -95.97 -95.88 -95.84 -95.84 -95.88 -95.91 -95.94 -95.94 -95.97 -96.00 -96.03 -96.06 -96.12 -96.16 -96.19 -96.19 -96.22 -96.25 -96.28 -96.31 -96.34 -96.38 -96.38 -96.41 -96.41 -96.44 -96.47 -96.50 -96.53 -96.59 -96.72 -96.84 -97.00 -97.19 -97.31 -97.47 -97.59 -97.75 -97.91 -98.06 -98.22 -98.41 -98.56 -98.72 -98.88 -99.00 -99.09
-97.28 -97.25 -97.16 -97.09 -97.00 -96.88 -96.78 -96.69 -96.56 -96.50 -96.47 -96.47 -96.50 -96.53 -96.56 -96.53 -96.50 -96.44 -96.38 -96.31 -96.22 -96.09 -95.97 -95.88 -95.75 -95.66 -95.62 -95.62 -95.66 -95.69 -95.72 -95.75 -95.78 -95.81 -95.84 -95.91 -95.94 -96.00 -96.03 -96.03 -96.03 -96.06 -96.09 -96.12 -96.16 -96.19 -96.22 -96.25 -96.28 -96.34 -96.38 -96.41 -96.47 -96.59 -96.75 -96.91 -97.06 -97.25 -97.41 -97.53 -97.69 -97.81 -97.97 -98.12 -98.28 -98.44 -98.59 -98.75 -98.88 -99.00 -99.12
-97.19 -97.12 -97.06 -97.00 -96.88 -96.78 -96.69 -96.56 -96.44 -96.34 -96.31 -96.31 -96.34 -96.38 -96.41 -96.41 -96.38 -96.31 -96.25 -96.16 -96.06 -95.94 -95.81 -95.69 -95.56 -95.47 -95.44 -95.44 -95.44 -95.47 -95.50 -95.53 -95.56 -95.62 -95.66 -95.72 -95.78 -95.84 -95.88 -95.88 -95.88 -95.88 -95.88 -95.94 -95.97 -96.03 -96.06 -96.12 -96.16 -96.22 -96.28 -96.38 -96.47 -96.62 -96.78 -96.97 -97.12 -97.31 -97.47 -97.62 -97.78 -97.91 -98.03 -98.19 -98.31 -98.47 -98.62 -98.75 -98.88 -99.00 -99.09
-97.09 -97.03 -96.97 -96.88 -96.78 -96.69 -96.56 -96.44 -96.31 -96.19 -96.12 -96.12 -96.16 -96.19 -96.22 -96.25 -96.22 -96.19 -96.12 -96.03 -95.91 -95.78 -95.66 -95.53 -95.41 -95.28 -95.25 -95.22 -95.25 -95.28 -95.31 -95.34 -95.38 -95.44 -95.50 -95.56 -95.62 -95.69 -95.72 -95.72 -95.69 -95.69 -95.69 -95.75 -95.78 -95.84 -95.91 -95.97 -96.03 -96.09 -96.19 -96.31 -96.47 -96.62 -96.81 -97.00 -97.19 -97.38 -97.56 -97.72 -97.84 -98.00 -98.12 -98.25 -98.38 -98.50 -98.62 -98.75 -98.88 -99.00 -99.09
-96.97 -96.91 -96.84 -96.75 -96.66 -96.56 -96.44 -96.31 -96.19 -96.06 -95.97 -95.94 -95.97 -96.00 -96.06 -96.06 -96.09 -96.06 -95.97 -95.91 -95.78 -95.66 -95.53 -95.41 -95.28 -95.16 -95.09 -95.06 -95.06 -95.09 -95.12 -95.16 -95.22 -95.25 -95.31 -95.38 -95.44 -95.50 -95.53 -95.53 -95.53 -95.53 -95.53 -95.56 -95.62 -95.69 -95.75 -95.84 -95.91 -96.00 -96.12 -96.25 -96.44 -96.59 -96.78 -97.00 -97.19 -97.41 -97.59 -97.75 -97.91 -98.06 -98.19 -98.31 -98.41 -98.53 -98.66 -98.75 -98.88 -99.00 -99.09
-96.88 -96.78 -96.69 -96.59 -96.50 -96.41 -96.31 -96.19 -96.03 -95.91 -95.78 -95.75 -95.78 -95.81 -95.88 -95.91 -95.94 -95.91 -95.84 -95.75 -95.66 -95.53 -95.41 -95.31 -95.19 -95.06 -95.00 -94.94 -94.94 -94.94 -94.97 -95.00 -95.06 -95.09 -95.16 -95.22 -95.28 -95.34 -95.38 -95.38 -95.38 -95.38 -95.38 -95.41 -95.47 -95.53 -95.62 -95.69 -95.81 -95.91 -96.03 -96.19 -96.38 -96.56 -96.78 -97.00 -97.19 -97.41 -97.59 -97.78 -97.94 -98.09 -98.22 -98.34 -98.44 -98.53 -98.66 -98.75 -98.88 -99.00 -99.12
-96.78 -96.66 -96.56 -96.47 -96.38 -96.25 -96.16 -96.03 -95.88 -95.75 -95.62 -95.56 -95.59 -95.66 -95.69 -95.75 -95.78 -95.78 -95.72 -95.62 -95.53 -95.44 -95.34 -95.22 -95.12 -95.03 -94.94 -94.88 -94.84 -94.84 -94.84 -94.88 -94.91 -94.97 -95.03 -95.06 -95.12 -95.19 -95.22 -95.22 -95.22 -95.22 -95.22 -95.25 -95.31 -95.41 -95.50 -95.59 -95.72 -95.84 -96.00 -96.16 -96.34 -96.53 -96.75 -96.97 -97.19 -97.41 -97.59 -97.78 -97.94 -98.09 -98.22 -98.34 -98.44 -98.53 -98.66 -98.78 -98.88 -99.00 -99.12
-96.69 -96.56 -96.44 -96.31 -96.22 -96.09 -96.00 -95.88 -95.72 -95.59 -95.47 -95.38 -95.41 -95.47 -95.56 -95.62 -95.66 -95.62 -95.56 -95.50 -95.44 -95.34 -95.25 -95.19 -95.09 -95.00 -94.91 -94.84 -94.78 -94.75 -94.75 -94.78 -94.78 -94.84 -94.88 -94.94 -95.00 -95.03 -95.06 -95.09 -95.09 -95.09 -95.09 -95.12 -95.19 -95.28 -95.38 -95.53 -95.66 -95.81 -95.97 -96.16 -96.34 -96.53 -96.75 -96.97 -97.19 -97.41 -97.59 -97.78 -97.94 -98.09 -98.22 -98.31 -98.44 -98.53 -98.66 -98.78 -98.91 -99.03 -99.16
-96.62 -96.47 -96.34 -96.19 -96.06 -95.94 -95.81 -95.69 -95.56 -95.41 -95.31 -95.25 -95.28 -95.34 -95.41 -95.47 -95.50 -95.50 -95.44 -95.38 -95.31 -95.25 -95.19 -95.12 -95.06 -94.97 -94.91 -94.81 -94.75 -94.72 -94.69 -94.69 -94.69 -94.72 -94.75 -94.81 -94.88 -94.91 -94.94 -94.97 -94.97 -94.97 -94.97 -95.03 -95.12 -95.25 -95.41 -95.59 -95.75 -95.91 -96.06 -96.22 -96.41 -96.59 -96.78 -97.00 -97.19 -97.38 -97.56 -97.75 -97.91 -98.06 -98.19 -98.31 -98.44 -98.56 -98.69 -98.81 -98.94 -99.06 -99.19
-96.56 -96.41 -96.22 -96.06 -95.91 -95.75 -95.62 -95.50 -95.38 -95.25 -95.19 -95.12 -95.16 -95.25 -95.31 -95.34 -95.38 -95.34 -95.31 -95.28 -95.22 -95.19 -95.12 -95.06 -95.00 -94.94 -94.88 -94.81 -94.75 -94.69 -94.62 -94.62 -94.62 -94.62 -94.66 -94.72 -94.75 -94.81 -94.84 -94.84 -94.84 -94.88 -94.97 -95.06 -95.22 -95.38 -95.53 -95.72 -95.88 -96.06 -96.19 -96.34 -96.50 -96.66 -96.84 -97.03 -97.22 -97.38 -97.56 -97.75 -97.91 -98.03 -98.19 -98.31 -98.44 -98.56 -98.69 -98.81 -98.94 -99.06 -99.19
-96.47 -96.28 -96.12 -95.94 -95.75 -95.59 -95.44 -95.31 -95.22 -95.12 -95.06 -95.03 -95.09 -95.16 -95.19 -95.22 -95.22 -95.22 -95.19 -95.16 -95.12 -95.09 -95.06 -95.03 -94.97 -94.91 -94.84 -94.78 -94.72 -94.66 -94.62 -94.56 -94.56 -94.56 -94.59 -94.62 -94.66 -94.72 -94.75 -94.75 -94.81 -94.88 -95.00 -95.16 -95.34 -95.50 -95.69 -95.88 -96.06 -96.22 -96.38 -96.53 -96.66 -96.78 -96.94 -97.09 -97.25 -97.41 -97.56 -97.72 -97.88 -98.03 -98.16 -98.31 -98.44 -98.56 -98.69 -98.81 -98.94 -99.03 -99.16
-96.34 -96.19 -96.00 -95.81 -95.59 -95.44 -95.25 -95.12 -95.06 -94.97 -94.94 -94.97 -95.00 -95.06 -95.09 -95.09 -95.09 -95.06 -95.06 -95.03 -95.03 -95.00 -94.97 -94.94 -94.91 -94.88 -94.81 -94.75 -94.69 -94.66 -94.59 -94.56 -94.53 -94.50 -94.53 -94.56 -94.59 -94.62 -94.66 -94.72 -94.81 -94.94 -95.09 -95.25 -95.47 -95.66 -95.84 -96.03 -96.22 -96.41 -96.56 -96.69 -96.84 -96.97 -97.06 -97.19 -97.31 -97.47 -97.59 -97.72 -97.88 -98.03 -98.16 -98.28 -98.44 -98.56 -98.66 -98.78 -98.88 -99.00 -99.12
-96.19 -96.03 -95.84 -95.66 -95.47 -95.28 -95.12 -95.00 -94.91 -94.88 -94.84 -94.88 -94.94 -94.97 -94.97 -94.97 -94.94 -94.94 -94.94 -94.94 -94.91 -94.91 -94.91 -94.88 -94.84 -94.81 -94.78 -94.72 -94.69 -94.62 -94.59 -94.53 -94.50 -94.47 -94.47 -94.50 -94.53 -94.56 -94.62 -94.69 -94.81 -94.97 -95.16 -95.38 -95.59 -95.81 -96.00 -96.19 -96.38 -96.56 -96.72 -96.88 -97.00 -97.12 -97.25 -97.34 -97.47 -97.56 -97.66 -97.78 -97.88 -98.03 -98.16 -98.28 -98.41 -98.53 -98.66 -98.75 -98.84 -98.97 -99.09
-96.00 -95.88 -95.69 -95.53 -95.34 -95.16 -95.00 -94.88 -94.78 -94.75 -94.78 -94.81 -94.84 -94.88 -94.84 -94.84 -94.81 -94.81 -94.81 -94.81 -94.81 -94.81 -94.81 -94.78 -94.78 -94.75 -94.72 -94.69 -94.66 -94.59 -94.56 -94.53 -94.47 -94.44 -94.44 -94.44 -94.47 -94.53 -94.59 -94.72 -94.84 -95.03 -95.22 -95.47 -95.69 -95.94 -96.16 -96.34 -96.53 -96.72 -96.88 -97.03 -97.19 -97.31 -97.41 -97.53 -97.62 -97.69 -97.78 -97.88 -97.94 -98.06 -98.16 -98.28 -98.41 -98.50 -98.62 -98.72 -98.81 -98.94 -99.06
