everonasctiles/Tile[38,3].asc
ncols 128
nrows 128
xllcorner 0
yllcorner 0
cellsize 2.0
NODATA_value  -9999
[rows 68 to 101 of 128, columns 0 to 75 of 128]
111.12 110.44 109.94 109.47 108.97 108.44 107.88 107.16 106.75 106.31 105.69 104.94 104.12 103.31 102.69 102.06 101.38 100.56 99.66 98.59 97.47 96.44 95.69 94.91 94.09 93.31 92.56 91.78 90.94 90.06 89.19 88.28 87.41 86.59 85.81 85.00 84.06 83.12 82.19 81.31 80.38 79.41 78.12 76.72 75.78 74.91 74.06 73.25 72.50 71.94 71.41 70.81 70.12 69.34 68.56 68.03 67.50 67.06 66.66 66.34 66.00 65.81 65.62 65.41 65.00 64.47 63.50 62.69 62.12 61.66 61.19 60.31 59.28 58.34 57.09 55.78
111.44 110.78 110.31 109.81 109.28 108.75 108.06 107.41 106.94 106.34 105.72 105.00 104.16 103.56 102.84 102.12 101.31 100.47 99.56 98.34 97.19 96.44 95.66 94.81 93.97 93.19 92.47 91.69 90.88 90.00 89.16 88.31 87.44 86.56 85.78 84.97 84.12 83.19 82.34 81.50 80.62 79.72 78.53 77.22 76.22 75.25 74.38 73.59 72.84 72.28 71.81 71.28 70.62 69.88 69.25 68.75 68.28 67.81 67.41 67.09 66.91 66.75 66.72 66.47 66.00 65.34 64.66 63.69 63.22 62.94 62.22 61.34 60.53 59.50 58.34 57.06
111.78 111.12 110.62 110.12 109.62 109.06 108.44 107.69 107.22 106.62 106.00 105.16 104.28 103.66 102.91 102.31 101.28 99.81 98.72 97.97 97.22 96.56 95.75 94.81 94.00 93.19 92.41 91.66 90.84 90.03 89.16 88.31 87.50 86.72 85.88 85.06 84.28 83.34 82.53 81.72 80.84 79.91 78.88 77.84 76.88 75.81 74.84 73.91 73.34 72.69 72.22 71.72 71.06 70.44 69.88 69.41 68.88 68.44 68.12 67.81 67.78 67.81 67.78 67.44 66.94 66.25 65.34 64.66 64.38 64.06 63.34 62.56 61.66 60.59 59.38 57.78
112.12 111.47 110.97 110.50 110.00 109.44 108.84 108.09 107.50 106.94 106.34 105.28 104.69 104.00 103.03 102.03 100.56 99.41 98.72 98.00 97.38 96.62 95.78 94.91 94.06 93.28 92.50 91.69 90.88 90.06 89.19 88.38 87.62 86.84 86.00 85.12 84.25 83.44 82.66 81.91 81.09 80.19 79.25 78.34 77.50 76.47 75.41 74.62 73.94 73.28 72.72 72.16 71.53 70.88 70.38 70.03 69.56 69.22 68.88 68.69 68.78 68.88 68.75 68.31 67.78 67.16 66.22 65.75 65.44 64.84 64.22 63.47 62.56 61.53 60.53 58.78
112.66 111.94 111.38 110.91 110.38 109.78 109.12 108.41 107.75 107.16 106.53 105.66 104.91 104.12 103.16 101.84 100.06 99.44 98.84 98.19 97.53 96.78 95.88 95.03 94.19 93.38 92.56 91.75 90.94 90.09 89.28 88.44 87.66 86.88 86.06 85.22 84.38 83.59 82.81 82.09 81.28 80.56 79.78 78.88 77.94 77.03 76.12 75.28 74.53 73.88 73.31 72.62 71.97 71.34 70.97 70.66 70.38 70.06 69.84 69.81 69.88 69.84 69.56 69.03 68.38 67.72 67.12 66.69 66.12 65.56 64.94 64.16 63.28 62.22 61.09 59.91
113.09 112.41 111.78 111.25 110.66 110.00 109.34 108.66 108.03 107.34 106.66 105.88 105.03 104.22 103.28 101.78 100.34 99.78 99.06 98.41 97.69 96.88 96.03 95.12 94.28 93.47 92.66 91.78 91.00 90.12 89.34 88.59 87.72 86.91 86.19 85.38 84.56 83.72 83.00 82.31 81.56 80.81 80.09 79.25 78.38 77.47 76.62 75.81 75.09 74.41 73.78 73.12 72.53 71.97 71.62 71.31 71.09 70.94 70.88 70.81 70.81 70.62 70.22 69.62 69.06 68.34 67.78 67.19 66.66 66.03 65.34 64.53 63.66 62.66 61.56 60.47
113.59 112.78 112.16 111.50 110.78 110.06 109.47 108.72 108.09 107.50 106.84 106.00 105.09 104.22 103.12 101.72 100.78 100.06 99.38 98.66 97.84 96.94 96.16 95.31 94.47 93.59 92.81 91.97 91.19 90.38 89.53 88.72 87.88 87.03 86.19 85.44 84.66 83.88 83.16 82.47 81.78 81.06 80.34 79.53 78.69 77.84 77.06 76.31 75.62 74.88 74.28 73.75 73.19 72.66 72.31 72.00 71.84 71.75 71.69 71.72 71.59 71.28 70.78 70.09 69.41 68.84 68.22 67.59 66.94 66.22 65.44 64.62 63.75 62.84 61.94 61.19
114.06 113.19 112.38 111.66 110.84 110.09 109.47 108.75 108.25 107.72 107.00 106.00 105.03 104.16 103.09 102.03 101.25 100.47 99.62 98.72 97.88 97.06 96.31 95.53 94.66 93.81 93.03 92.25 91.50 90.66 89.81 88.91 88.00 87.12 86.28 85.47 84.69 83.94 83.25 82.59 81.94 81.28 80.56 79.78 79.00 78.16 77.38 76.69 76.03 75.41 74.81 74.31 73.81 73.31 72.91 72.69 72.53 72.47 72.47 72.41 72.16 71.75 71.31 70.56 69.88 69.25 68.56 67.84 67.06 66.22 65.41 64.62 63.88 63.16 62.41 61.06
114.56 113.56 112.66 111.66 111.00 110.28 109.62 108.97 108.44 107.84 107.09 106.00 104.97 104.19 103.34 102.47 101.62 100.75 99.91 99.00 98.09 97.25 96.50 95.69 94.97 94.12 93.41 92.62 91.84 90.94 90.03 89.06 88.16 87.19 86.31 85.47 84.69 84.00 83.31 82.69 82.03 81.38 80.72 80.06 79.31 78.53 77.78 77.09 76.44 75.88 75.34 74.84 74.41 73.94 73.62 73.44 73.38 73.19 73.12 72.91 72.59 72.16 71.66 71.12 70.44 69.72 68.91 68.00 67.16 66.25 65.38 64.62 63.97 63.16 62.38 61.72
115.12 113.97 113.03 112.06 111.38 110.75 110.03 109.34 108.66 108.00 107.12 105.91 105.09 104.31 103.56 102.78 102.00 101.03 100.09 99.16 98.34 97.53 96.75 95.94 95.19 94.53 93.84 93.06 92.22 91.28 90.25 89.25 88.25 87.28 86.34 85.47 84.69 84.00 83.34 82.75 82.12 81.56 80.97 80.38 79.69 79.03 78.34 77.72 77.06 76.50 75.94 75.47 74.97 74.53 74.25 74.09 73.91 73.78 73.59 73.31 72.91 72.44 71.94 71.38 70.78 70.03 69.19 68.25 67.41 66.28 65.53 64.84 64.09 63.53 62.91 62.25
115.72 114.34 113.44 112.56 111.72 110.91 110.19 109.50 108.81 108.09 106.91 106.06 105.25 104.50 103.75 103.03 102.28 101.41 100.44 99.47 98.69 97.97 97.09 96.34 95.69 95.00 94.34 93.53 92.66 91.62 90.56 89.44 88.38 87.38 86.41 85.50 84.72 84.03 83.44 82.88 82.28 81.69 81.12 80.53 79.94 79.31 78.69 78.06 77.50 76.94 76.41 75.91 75.47 75.06 74.81 74.62 74.41 74.22 73.94 73.56 73.09 72.62 72.12 71.59 70.97 70.22 69.38 68.47 67.59 66.47 65.75 65.12 64.59 64.22 63.41 62.72
116.06 114.66 113.62 112.72 111.84 111.00 110.31 109.66 109.00 108.25 107.19 106.25 105.47 104.72 104.00 103.28 102.56 101.69 100.75 99.91 99.09 98.38 97.66 96.94 96.25 95.59 94.91 94.09 93.19 92.12 91.00 89.78 88.62 87.53 86.47 85.56 84.81 84.16 83.56 82.94 82.38 81.81 81.25 80.69 80.09 79.53 78.97 78.41 77.88 77.34 76.84 76.38 75.94 75.56 75.31 75.03 74.78 74.50 74.12 73.69 73.22 72.75 72.22 71.69 71.06 70.38 69.50 68.47 67.69 67.03 66.25 65.59 65.16 64.53 63.91 63.16
116.34 114.97 113.84 112.84 111.91 110.97 110.41 109.88 109.12 108.38 107.53 106.66 105.78 105.06 104.28 103.56 102.81 102.09 101.38 100.50 99.69 98.91 98.22 97.56 96.88 96.25 95.53 94.72 93.81 92.75 91.56 90.25 88.94 87.72 86.59 85.59 84.88 84.31 83.66 83.06 82.53 81.97 81.44 80.84 80.28 79.72 79.16 78.62 78.09 77.62 77.16 76.75 76.31 75.97 75.62 75.31 75.00 74.66 74.25 73.81 73.34 72.84 72.31 71.78 71.19 70.56 69.56 68.78 68.09 67.34 66.72 66.12 65.56 64.97 64.31 63.56
117.72 115.44 114.12 112.97 112.06 111.25 110.62 110.03 109.34 108.56 107.78 107.00 106.09 105.28 104.56 103.84 103.12 102.41 101.69 100.94 100.09 99.41 98.78 98.09 97.53 96.88 96.16 95.34 94.47 93.41 92.19 90.88 89.38 88.06 86.81 85.72 85.06 84.47 83.84 83.28 82.78 82.19 81.62 81.03 80.44 79.88 79.31 78.78 78.28 77.84 77.41 77.00 76.59 76.22 75.88 75.50 75.16 74.78 74.38 73.94 73.44 72.94 72.44 71.91 71.31 70.59 69.78 69.16 68.53 67.75 67.16 66.59 66.00 65.38 64.72 64.00
119.00 116.78 114.41 113.16 112.19 111.56 110.91 110.25 109.53 108.81 108.03 107.22 106.44 105.66 104.94 104.19 103.44 102.69 101.94 101.22 100.50 99.84 99.25 98.69 98.06 97.41 96.69 95.91 95.03 94.03 92.84 91.47 89.88 88.44 87.09 85.97 85.25 84.69 84.09 83.56 82.97 82.41 81.81 81.22 80.62 80.06 79.50 79.00 78.56 78.09 77.66 77.25 76.84 76.44 76.06 75.69 75.31 74.91 74.50 74.06 73.59 73.06 72.53 71.84 71.25 70.72 70.22 69.53 68.84 68.16 67.56 67.00 66.44 65.81 65.16 64.28
119.56 118.47 115.41 113.72 112.47 111.78 111.12 110.47 109.81 109.06 108.38 107.62 106.81 106.06 105.28 104.53 103.78 103.03 102.31 101.59 100.91 100.31 99.72 99.16 98.50 97.84 97.12 96.38 95.53 94.62 93.53 92.16 90.44 88.84 87.44 86.31 85.53 84.94 84.34 83.78 83.19 82.62 82.03 81.41 80.78 80.22 79.72 79.25 78.78 78.31 77.88 77.47 77.03 76.66 76.25 75.88 75.47 75.06 74.66 74.19 73.66 73.12 72.56 72.12 71.72 71.06 70.44 69.78 69.12 68.50 68.00 67.44 66.84 66.28 65.62 64.84
119.81 118.81 117.59 115.06 112.75 112.09 111.47 110.78 110.09 109.44 108.72 108.00 107.25 106.44 105.62 104.81 104.06 103.34 102.62 101.97 101.38 100.78 100.16 99.56 98.91 98.25 97.53 96.81 96.00 95.16 94.22 93.25 91.22 89.12 87.75 86.69 85.81 85.19 84.59 84.00 83.44 82.84 82.19 81.53 80.91 80.41 79.91 79.44 78.97 78.50 78.06 77.66 77.25 76.84 76.44 76.03 75.59 75.19 74.78 74.31 73.81 73.31 72.88 72.50 71.94 71.34 70.72 70.09 69.44 68.94 68.44 67.88 67.31 66.72 66.06 65.25
119.97 119.06 118.34 116.19 113.03 112.41 111.78 111.12 110.41 109.69 109.03 108.31 107.53 106.78 105.97 105.19 104.44 103.72 103.03 102.38 101.84 101.19 100.56 99.94 99.31 98.62 97.94 97.22 96.47 95.66 94.72 93.50 90.75 89.12 87.97 86.97 86.12 85.47 84.84 84.25 83.62 83.00 82.41 81.75 81.16 80.62 80.19 79.72 79.22 78.69 78.22 77.75 77.34 76.94 76.56 76.22 75.84 75.41 74.97 74.50 74.03 73.69 73.28 72.78 72.25 71.66 71.06 70.44 69.84 69.41 68.88 68.34 67.78 67.22 66.50 65.78
119.84 119.06 118.22 116.34 113.28 112.66 112.00 111.34 110.66 110.00 109.31 108.59 107.84 107.06 106.28 105.50 104.78 104.03 103.38 102.81 102.19 101.56 100.94 100.31 99.66 99.00 98.31 97.59 96.88 96.09 95.06 93.09 90.19 89.12 88.19 87.25 86.41 85.69 85.09 84.47 83.81 83.22 82.62 82.06 81.56 81.00 80.47 80.00 79.44 78.94 78.50 78.09 77.72 77.31 76.94 76.50 76.06 75.62 75.19 74.88 74.47 74.03 73.59 73.12 72.59 72.00 71.41 70.88 70.34 69.88 69.34 68.81 68.25 67.59 66.91 66.25
119.34 118.88 118.03 116.12 113.53 112.94 112.28 111.56 110.91 110.25 109.59 108.88 108.16 107.38 106.56 105.81 105.09 104.38 103.72 103.25 102.59 101.97 101.31 100.69 100.03 99.34 98.62 97.94 97.22 96.47 95.56 93.09 90.47 89.44 88.50 87.59 86.72 86.03 85.44 84.78 84.19 83.56 83.00 82.44 81.91 81.34 80.78 80.31 79.88 79.34 78.91 78.47 78.03 77.62 77.19 76.78 76.41 75.94 75.62 75.22 74.81 74.41 73.97 73.47 72.97 72.44 71.84 71.38 70.88 70.38 69.88 69.31 68.69 68.06 67.50 67.00
118.91 118.62 117.97 116.06 113.84 113.22 112.53 111.88 111.25 110.59 109.88 109.16 108.41 107.62 106.84 106.09 105.38 104.66 104.16 103.59 103.00 102.34 101.66 101.03 100.34 99.62 98.91 98.19 97.47 96.69 95.81 93.03 91.00 89.88 88.91 88.00 87.16 86.47 85.84 85.19 84.59 84.00 83.41 82.72 82.22 81.69 81.16 80.66 80.16 79.66 79.19 78.75 78.31 77.88 77.44 77.16 76.75 76.31 75.97 75.59 75.19 74.78 74.34 73.91 73.44 72.91 72.38 71.97 71.44 70.91 70.38 69.78 69.19 68.72 68.22 67.69
118.78 118.38 117.78 116.19 114.25 113.53 112.88 112.22 111.56 110.88 110.12 109.38 108.66 107.88 107.09 106.34 105.62 105.06 104.59 104.00 103.41 102.72 101.97 101.34 100.62 99.88 99.12 98.38 97.62 96.72 95.03 92.66 91.38 90.28 89.28 88.41 87.59 86.88 86.25 85.59 85.06 84.44 83.78 83.22 82.72 82.12 81.53 81.06 80.59 80.09 79.59 79.16 78.75 78.38 77.97 77.53 77.09 76.75 76.38 76.00 75.59 75.19 74.81 74.34 73.84 73.41 73.03 72.50 71.97 71.50 70.94 70.34 69.84 69.38 68.91 68.41
118.81 118.06 117.34 116.12 114.62 113.88 113.19 112.56 111.84 111.09 110.31 109.59 108.88 108.09 107.31 106.59 105.97 105.53 104.94 104.38 103.78 103.06 102.25 101.53 100.81 100.03 99.25 98.44 97.66 96.72 94.81 92.91 91.72 90.66 89.66 88.75 87.94 87.25 86.59 86.09 85.50 84.81 84.22 83.75 83.25 82.72 82.03 81.59 81.09 80.53 80.03 79.66 79.25 78.84 78.38 77.94 77.56 77.22 76.88 76.50 76.06 75.66 75.22 74.84 74.47 74.03 73.53 73.03 72.56 72.06 71.50 70.97 70.53 70.03 69.62 69.12
118.97 117.84 117.03 116.06 115.03 114.25 113.56 112.81 112.09 111.31 110.62 109.94 109.16 108.34 107.56 106.88 106.38 105.84 105.28 104.69 104.09 103.31 102.44 101.66 100.91 100.16 99.34 98.47 97.56 96.47 95.00 93.31 92.09 91.06 90.03 89.19 88.34 87.72 87.03 86.50 86.00 85.34 84.88 84.28 83.72 83.22 82.66 82.00 81.62 81.09 80.62 80.22 79.72 79.22 78.84 78.44 78.06 77.81 77.41 77.03 76.59 76.16 75.78 75.44 75.03 74.59 74.12 73.66 73.19 72.75 72.22 71.66 71.16 70.75 70.34 69.84
118.94 117.91 117.12 116.28 115.38 114.69 113.97 113.09 112.34 111.62 110.91 110.19 109.41 108.59 107.88 107.25 106.75 106.16 105.59 104.97 104.31 103.56 102.59 101.75 101.00 100.31 99.56 98.59 97.50 96.28 94.94 93.66 92.41 91.41 90.44 89.62 88.91 88.19 87.50 86.94 86.38 85.81 85.19 84.66 84.16 83.72 83.25 82.50 82.19 81.78 81.31 80.88 80.25 79.81 79.47 79.03 78.69 78.38 78.00 77.59 77.19 76.72 76.41 76.06 75.66 75.28 74.81 74.31 73.84 73.41 72.94 72.38 71.88 71.47 71.03 70.69
119.44 118.16 117.38 116.62 115.78 115.16 114.25 113.34 112.56 111.81 111.06 110.38 109.62 108.84 108.19 107.59 107.06 106.47 105.88 105.22 104.53 103.50 102.72 101.91 101.09 100.44 99.81 98.75 97.62 96.44 95.06 93.75 92.66 91.75 90.94 90.12 89.47 88.69 87.97 87.38 86.78 86.19 85.69 85.16 84.59 84.12 83.69 83.06 82.72 82.38 81.94 81.53 80.97 80.53 80.12 79.72 79.34 79.03 78.66 78.25 77.81 77.38 77.03 76.75 76.34 75.97 75.50 74.94 74.62 74.22 73.75 73.16 72.66 72.28 71.88 71.62
120.00 118.69 117.66 116.91 116.28 115.38 114.47 113.69 112.81 112.03 111.28 110.56 109.84 109.16 108.53 107.97 107.38 106.75 106.12 105.47 104.78 103.72 102.97 102.19 101.25 100.47 99.69 98.75 97.72 96.62 95.34 94.16 93.12 92.25 91.47 90.75 90.03 89.28 88.56 87.88 87.34 86.81 86.28 85.69 85.19 84.69 84.22 83.69 83.34 82.91 82.56 82.19 81.78 81.34 80.91 80.47 80.06 79.72 79.34 78.97 78.50 78.03 77.81 77.47 77.09 76.69 76.28 75.81 75.44 74.97 74.50 73.97 73.50 73.12 72.81 72.53
120.62 119.19 118.16 117.38 116.69 115.78 114.97 114.25 113.38 112.47 111.59 110.75 110.03 109.47 108.88 108.28 107.69 107.03 106.38 105.69 104.88 104.00 103.22 102.38 101.56 100.59 99.62 98.66 97.72 96.69 95.62 94.56 93.66 92.81 92.09 91.41 90.69 89.94 89.19 88.50 87.94 87.41 86.88 86.38 85.94 85.44 84.81 84.50 83.88 83.59 83.22 82.84 82.44 82.03 81.66 81.25 80.84 80.47 80.09 79.69 79.28 78.75 78.59 78.22 77.84 77.50 77.09 76.72 76.28 75.81 75.31 74.84 74.34 74.00 73.66 73.38
121.22 119.84 118.94 118.22 117.38 116.38 115.62 114.81 113.94 113.00 111.97 111.03 110.34 109.78 109.16 108.59 107.97 107.34 106.62 105.91 105.12 104.34 103.47 102.66 101.81 100.88 99.88 98.84 97.91 96.94 95.97 95.12 94.19 93.44 92.72 92.00 91.25 90.47 89.78 89.16 88.59 88.09 87.56 87.12 86.62 86.09 85.56 85.16 84.66 84.25 83.91 83.53 83.16 82.78 82.41 82.06 81.62 81.22 80.88 80.47 80.06 79.56 79.34 79.00 78.62 78.25 77.91 77.53 77.12 76.72 76.22 75.72 75.28 74.94 74.59 74.34
122.25 120.69 119.88 118.94 118.03 117.09 116.19 115.34 114.59 113.53 112.41 111.44 110.66 110.12 109.50 108.91 108.28 107.59 106.94 106.22 105.44 104.66 103.81 102.97 102.12 101.22 100.25 99.22 98.25 97.38 96.62 95.62 94.84 94.06 93.34 92.66 91.97 91.25 90.56 89.91 89.34 88.88 88.34 87.84 87.34 86.84 86.31 85.81 85.53 84.97 84.62 84.25 83.94 83.53 83.22 82.84 82.47 82.03 81.66 81.31 80.88 80.38 80.03 79.78 79.41 79.03 78.69 78.38 78.03 77.69 77.12 76.66 76.31 75.94 75.59 75.38
122.72 121.47 120.56 119.69 118.56 117.72 116.97 116.00 115.16 114.12 113.03 111.88 111.16 110.53 109.94 109.31 108.66 107.97 107.31 106.56 105.81 105.06 104.22 103.38 102.50 101.59 100.66 99.66 98.75 97.88 97.09 96.16 95.44 94.66 94.00 93.38 92.69 92.03 91.38 90.81 90.25 89.75 89.16 88.59 88.06 87.56 87.12 86.66 86.06 85.91 85.50 85.12 84.66 84.34 84.03 83.69 83.28 82.88 82.53 82.12 81.75 81.22 80.81 80.53 80.16 79.81 79.53 79.22 78.91 78.53 78.09 77.69 77.34 76.97 76.69 76.47
123.09 121.91 121.09 120.28 119.28 118.34 117.50 116.66 115.72 114.72 113.56 112.44 111.62 110.94 110.38 109.72 109.06 108.38 107.66 106.94 106.19 105.41 104.59 103.72 102.81 101.94 101.06 100.19 99.25 98.44 97.59 96.84 96.06 95.34 94.69 94.06 93.44 92.84 92.25 91.72 91.16 90.56 89.94 89.34 88.78 88.28 87.81 87.38 86.88 86.53 86.31 85.91 85.47 85.19 84.88 84.50 84.12 83.78 83.41 83.00 82.59 82.09 81.56 81.38 81.03 80.75 80.38 80.06 79.81 79.53 79.22 78.81 78.38 78.00 77.69 77.56
123.53 122.53 121.81 121.00 120.06 118.97 118.06 117.12 116.22 115.12 113.97 112.88 112.03 111.41 110.78 110.12 109.47 108.78 108.03 107.28 106.53 105.81 104.97 104.09 103.19 102.31 101.44 100.59 99.72 98.94 98.22 97.50 96.75 96.06 95.47 94.81 94.22 93.66 93.12 92.59 92.03 91.41 90.69 90.03 89.47 88.97 88.53 88.09 87.66 87.22 86.94 86.66 86.31 85.97 85.69 85.38 85.03 84.66 84.28 83.88 83.50 83.00 82.44 82.19 81.97 81.72 81.44 80.97 80.72 80.59 80.34 80.06 79.75 79.34 79.12 79.03
123.75 123.00 122.31 121.59 120.72 119.69 118.78 117.78 116.56 115.41 114.25 113.16 112.53 111.88 111.22 110.56 109.91 109.19 108.38 107.62 106.91 106.19 105.34 104.50 103.66 102.81 101.97 101.12 100.34 99.56 98.91 98.25 97.53 96.94 96.28 95.62 95.06 94.53 94.06 93.53 92.97 92.31 91.66 90.84 90.19 89.75 89.31 88.81 88.38 88.00 87.66 87.34 87.06 86.81 86.56 86.25 85.88 85.53 85.16 84.75 84.34 83.84 83.41 83.00 82.97 82.69 82.41 82.03 81.69 81.56 81.41 81.25 81.06 80.91 80.66 80.53
