everonasctiles/Tile41,8.asc
ncols 128
nrows 128
xllcorner 0
yllcorner 0
cellsize 2.0
NODATA_value  -9999
[rows 0 to 31 of 128, columns 0 to 70 of 128]
181.94 180.84 181.25 181.78 182.09 182.00 181.72 181.34 180.56 179.75 179.06 178.41 177.47 176.56 176.12 175.62 174.53 173.53 172.94 172.16 171.66 171.16 170.50 169.94 169.28 168.34 168.00 167.94 167.28 165.84 165.25 164.69 163.97 163.00 162.12 161.19 160.31 159.50 158.50 157.38 156.53 155.84 155.44 155.06 154.72 154.34 154.00 153.84 153.69 153.38 153.28 153.44 153.38 153.16 152.69 152.19 151.84 151.34 150.91 150.41 150.00 149.62 149.28 148.41 147.25 147.25 147.38 147.50 147.44 146.97 146.78
181.81 180.66 181.00 181.34 181.72 181.78 181.56 181.19 180.78 179.91 179.22 178.53 177.59 176.78 176.19 175.28 174.31 173.53 172.88 172.41 172.00 171.34 170.44 169.84 169.22 168.28 167.97 167.91 167.25 165.88 165.38 164.94 164.28 163.44 162.53 161.19 160.47 159.88 158.91 158.09 157.56 156.66 155.69 155.03 154.53 154.19 153.84 153.47 153.12 152.75 152.56 152.56 152.62 152.78 152.75 152.34 151.91 151.38 150.94 150.44 150.03 149.62 149.09 147.88 146.88 146.88 146.88 147.03 147.06 146.72 146.31
181.81 181.12 180.84 180.81 181.09 181.38 181.44 181.03 180.66 179.97 179.25 178.66 177.72 176.91 176.12 175.16 174.34 173.69 173.22 173.03 172.69 171.75 170.62 169.88 169.19 168.38 168.16 168.09 166.81 166.12 165.72 165.34 164.59 163.53 162.56 161.53 160.25 159.78 159.12 158.34 157.62 156.91 156.59 156.16 155.12 154.41 153.72 153.34 153.00 152.62 152.28 151.91 151.53 151.22 151.12 151.12 151.19 151.09 150.88 150.50 149.94 149.31 148.53 147.12 146.16 146.16 146.16 146.16 146.03 145.56 145.09
182.12 181.03 180.53 180.41 180.38 180.78 181.16 180.84 180.22 179.53 179.03 178.66 177.88 177.06 176.22 175.41 174.72 174.16 173.69 173.38 173.19 172.22 170.84 169.97 169.03 168.69 168.47 168.16 167.28 167.12 166.50 165.62 164.78 163.69 162.69 161.94 161.06 160.16 159.06 158.50 157.88 157.44 156.88 156.69 155.62 154.72 154.62 154.31 153.22 152.56 152.16 151.81 151.44 151.09 150.72 150.34 150.00 149.59 149.31 148.97 148.50 148.06 147.62 146.91 145.72 145.44 145.44 145.47 145.41 144.97 144.59
182.22 181.50 180.50 179.72 179.59 180.06 180.59 180.38 179.59 178.97 178.81 178.66 178.06 177.31 176.53 175.84 175.28 174.56 173.91 173.28 173.06 172.41 171.06 169.94 169.31 169.03 168.78 168.12 168.03 167.81 167.16 166.12 165.38 164.22 163.06 162.41 161.78 161.09 159.75 158.84 158.25 157.78 157.41 156.69 155.75 155.56 155.34 155.03 154.62 153.81 152.88 152.16 151.53 151.03 150.62 150.28 149.91 149.53 149.16 148.75 148.38 148.00 147.62 147.25 146.22 145.31 145.06 145.19 145.28 145.00 144.59
182.22 181.53 180.91 180.31 179.38 179.44 179.88 179.59 179.12 178.81 178.75 178.59 178.06 177.38 176.62 175.97 175.34 174.53 173.69 172.91 172.53 171.97 170.91 169.78 169.12 169.31 168.62 168.19 167.78 167.50 167.41 167.16 166.00 164.81 163.41 162.66 161.97 161.22 160.44 160.09 159.16 158.19 157.41 156.47 156.28 156.22 156.34 155.41 155.03 154.50 153.88 153.34 152.88 152.28 151.62 150.72 150.12 149.56 149.09 148.78 148.41 148.03 147.69 147.34 147.00 146.44 145.91 145.75 145.62 145.44 145.28
182.25 181.59 180.97 180.44 179.97 179.06 179.22 179.09 179.03 178.78 178.38 178.06 177.62 177.00 176.22 175.44 174.81 174.06 173.25 172.44 171.78 171.09 170.38 169.62 169.38 169.09 168.31 167.22 166.91 166.72 166.44 166.31 165.78 164.81 163.56 162.34 161.53 161.38 161.00 160.16 159.28 157.97 157.25 157.16 157.53 157.34 156.59 156.09 155.47 154.84 154.12 153.53 153.28 152.56 152.25 151.69 150.97 150.53 150.25 149.56 149.03 148.69 148.31 147.72 147.41 146.84 146.69 146.16 145.53 145.97 146.19
182.41 181.72 181.12 180.59 180.09 179.53 178.47 178.72 178.72 178.25 177.72 177.38 177.00 176.38 175.62 174.88 174.22 173.50 172.72 171.97 171.25 170.62 170.06 169.47 168.41 165.88 167.97 167.66 167.31 166.81 166.34 165.69 164.94 164.03 163.22 162.12 161.34 160.75 160.28 158.97 158.22 157.75 158.09 157.88 157.94 157.78 157.03 156.53 156.00 155.31 154.66 154.06 153.50 152.94 152.38 151.78 151.12 150.75 150.34 149.69 149.16 148.69 147.91 147.53 147.03 146.84 146.62 146.53 146.28 146.47 146.50
182.59 181.91 181.25 180.69 180.16 179.16 178.16 178.25 177.97 177.50 177.03 176.81 176.38 175.78 175.09 174.44 173.75 173.03 172.28 171.69 170.94 170.16 169.56 169.06 169.06 168.97 168.53 168.91 168.28 167.81 167.34 166.72 165.19 164.22 162.88 161.56 160.72 160.00 159.25 158.84 159.19 159.09 158.97 158.81 158.66 158.28 157.47 156.97 156.56 155.88 155.22 154.56 153.91 153.31 152.66 151.97 151.28 150.97 150.28 149.91 149.38 148.81 148.25 147.69 147.16 147.25 146.97 146.94 146.91 146.81 146.66
182.66 181.91 181.09 180.22 179.56 179.25 178.88 177.72 177.62 177.28 176.62 176.25 175.81 175.28 174.69 174.03 173.38 172.75 171.75 171.12 170.94 170.59 170.31 169.81 169.31 169.22 169.06 168.53 168.22 167.81 167.25 166.94 165.44 164.47 163.50 162.56 161.84 161.28 160.66 159.97 159.59 159.56 159.75 159.69 159.47 158.69 158.12 157.97 157.16 156.47 155.78 155.09 154.38 153.69 152.97 152.22 151.53 151.00 150.62 150.16 149.59 149.00 148.41 147.91 147.47 147.28 147.12 147.00 146.91 146.84 146.66
182.38 181.00 180.91 180.62 180.03 179.44 178.84 177.97 176.75 177.06 176.53 176.00 175.47 174.94 174.38 173.84 172.91 172.00 172.22 171.94 171.53 171.09 170.69 169.88 169.56 169.47 169.28 168.84 168.53 168.06 167.53 166.81 165.81 164.75 163.78 162.94 162.22 161.75 161.38 160.88 160.62 160.56 160.41 160.19 159.94 159.28 159.06 158.31 157.69 157.00 156.34 155.66 154.94 154.19 153.34 152.53 151.66 151.38 150.94 150.38 149.75 149.09 148.50 148.03 147.78 147.47 147.25 147.09 146.94 146.78 146.59
182.09 181.78 181.16 180.56 180.00 179.41 178.84 178.28 177.12 176.28 176.50 176.09 175.53 174.94 174.41 173.62 172.91 172.84 172.66 172.28 171.88 171.44 170.97 169.94 169.84 169.75 169.47 169.12 168.78 168.28 167.78 167.12 166.28 165.19 164.19 163.44 162.84 162.47 162.12 161.59 161.53 161.28 160.97 160.47 160.09 159.50 159.22 158.69 158.12 157.53 156.91 156.22 155.53 154.81 153.97 152.94 152.50 152.19 151.12 150.50 149.88 149.28 148.25 148.09 147.75 147.53 147.31 147.12 146.94 146.75 146.53
182.44 181.75 181.16 180.56 179.97 179.38 178.84 178.28 177.75 177.06 175.72 175.28 175.19 174.66 174.00 173.81 173.75 173.38 173.00 172.56 172.09 171.62 170.91 170.22 170.12 170.00 169.69 169.41 169.03 168.53 168.00 167.41 166.62 165.69 164.84 164.03 163.38 163.00 162.41 161.91 161.59 161.25 160.81 160.59 160.12 159.62 159.38 158.94 158.47 157.94 157.41 156.84 156.19 155.50 155.09 154.25 152.78 152.12 151.38 150.59 150.12 149.16 148.47 148.06 147.81 147.56 147.34 147.12 146.94 146.72 146.50
182.38 181.81 181.22 180.56 179.97 179.38 178.84 178.28 177.78 177.25 176.75 176.25 175.75 175.31 174.88 174.97 174.09 173.69 173.25 172.75 172.19 171.69 170.72 170.50 170.38 170.16 169.91 169.59 169.16 168.69 168.16 167.50 166.72 165.91 165.12 164.16 163.22 163.06 162.28 162.06 161.47 161.38 160.91 160.41 160.12 160.19 159.50 159.09 158.69 158.25 157.84 157.53 156.81 156.47 155.41 154.06 153.16 152.41 151.75 150.78 150.03 149.16 148.72 148.09 147.81 147.59 147.38 147.16 146.91 146.69 146.47
182.50 181.88 181.22 180.56 179.94 179.38 178.84 178.34 177.78 177.28 176.78 176.31 175.91 175.56 175.19 174.81 174.38 173.84 173.38 172.88 172.25 171.53 170.97 170.81 170.66 170.28 169.91 169.47 169.03 168.59 168.09 167.47 166.66 165.78 165.12 163.88 163.22 162.59 162.03 162.12 161.50 161.22 160.84 160.72 160.09 159.75 159.53 159.16 158.78 158.44 158.09 157.72 157.12 156.81 155.50 154.12 153.19 152.78 151.81 150.91 150.06 149.16 149.06 148.16 147.84 147.56 147.34 147.09 146.88 146.66 146.41
182.59 181.97 181.31 180.69 180.06 179.44 178.84 178.31 177.81 177.28 176.81 176.41 176.06 175.72 175.34 174.97 174.50 173.94 173.41 172.88 172.34 171.56 171.28 171.12 170.81 170.22 169.91 169.41 168.97 168.50 168.00 167.34 166.41 165.72 164.69 163.88 163.34 162.94 162.34 161.81 161.62 161.03 160.78 160.47 160.09 159.81 159.66 159.12 158.72 158.41 158.19 157.72 156.97 156.59 155.47 154.59 154.06 153.50 152.38 150.72 149.94 149.22 148.75 148.25 147.88 147.53 147.28 147.06 146.84 146.59 146.34
182.66 182.03 181.38 180.75 180.16 179.50 178.91 178.34 177.84 177.28 176.81 176.44 176.12 175.72 175.38 175.00 174.53 174.03 173.50 173.00 172.50 172.00 171.62 171.31 170.69 170.16 169.97 169.38 169.09 168.72 168.28 167.06 166.22 165.12 164.41 163.53 163.28 162.78 162.69 161.88 161.59 161.22 160.84 160.44 160.19 159.72 159.41 159.19 158.38 158.19 158.06 157.97 157.38 156.28 155.22 154.34 153.88 152.28 152.00 150.94 149.72 149.16 148.94 148.31 147.91 147.53 147.22 147.03 146.78 146.56 146.31
182.75 182.09 181.44 180.81 180.19 179.59 179.00 178.44 177.91 177.34 176.88 176.47 176.12 175.78 175.47 175.12 174.62 174.12 173.62 173.12 172.62 172.12 171.69 171.19 170.78 170.25 169.66 169.62 168.75 168.31 167.97 166.81 165.81 164.97 164.22 163.69 163.31 162.84 162.34 162.09 161.66 161.25 160.88 160.56 160.06 159.72 159.34 158.97 158.62 158.28 158.16 157.62 157.44 155.81 155.22 154.25 153.41 153.06 152.12 151.09 150.25 149.22 148.69 148.50 147.91 147.53 147.19 146.94 146.72 146.47 146.25
182.78 182.16 181.50 180.84 180.25 179.69 179.12 178.62 178.09 177.62 177.22 176.81 176.34 175.97 175.69 175.22 174.75 174.25 173.75 173.22 172.59 172.06 171.62 171.19 170.75 170.12 169.91 169.09 168.81 167.81 166.97 166.34 165.50 164.91 164.09 163.88 163.03 163.00 162.28 162.06 161.62 161.31 160.91 160.47 160.06 159.66 159.28 158.94 158.53 158.22 157.50 157.59 157.25 156.25 154.75 153.38 153.03 152.66 151.97 151.00 149.97 149.09 148.34 148.44 147.91 147.53 147.16 146.88 146.66 146.41 146.19
182.88 182.25 181.53 180.91 180.31 179.78 179.31 178.91 178.44 178.03 177.62 177.06 176.50 176.22 175.97 175.50 174.72 174.16 173.59 173.12 172.59 172.09 171.62 171.12 170.62 170.06 169.50 169.00 168.31 167.31 166.94 166.28 165.56 164.97 164.56 164.25 163.19 163.28 162.16 162.06 161.59 161.25 161.12 160.44 160.06 159.62 159.22 158.84 158.78 158.12 157.81 157.22 157.03 156.28 155.59 153.81 153.06 152.03 152.03 151.06 150.28 149.78 149.03 148.31 147.91 147.50 147.16 146.84 146.53 146.31 146.09
183.00 182.34 181.62 181.00 180.44 179.94 179.56 179.16 178.75 178.34 177.88 176.91 176.72 176.50 176.09 175.22 174.62 174.12 173.62 173.06 172.53 172.00 171.47 170.91 170.34 169.78 169.25 168.66 167.94 167.56 166.47 166.41 165.69 165.03 164.75 163.88 163.50 163.41 162.88 162.16 161.78 161.31 161.00 160.56 160.09 159.59 159.09 158.59 158.25 158.09 157.50 156.97 156.59 156.12 155.38 154.09 152.94 151.97 151.44 150.84 150.31 149.84 148.94 148.22 147.81 147.44 147.16 146.78 146.47 146.25 146.00
183.09 182.41 181.75 181.19 180.69 180.22 179.78 179.34 178.94 178.53 177.56 177.12 176.97 176.75 175.88 175.19 174.62 174.06 173.47 172.91 172.34 171.78 171.22 170.66 170.16 169.66 169.16 168.62 168.00 167.16 166.97 166.19 165.84 165.16 164.53 163.97 163.38 163.25 162.53 162.19 161.75 161.19 161.16 160.78 160.06 159.56 159.03 158.47 158.19 157.75 157.09 156.78 155.97 155.88 155.31 154.31 153.16 152.75 151.59 150.88 150.12 149.72 148.81 148.12 147.69 147.41 147.09 146.78 146.41 146.12 145.88
183.25 182.62 182.03 181.44 180.97 180.50 180.03 179.53 179.09 178.59 177.50 177.38 177.22 176.53 175.84 175.19 174.53 173.94 173.31 172.62 172.06 171.53 171.00 170.53 170.09 169.53 169.12 168.56 168.19 167.34 166.66 166.19 165.69 165.12 164.59 164.06 163.62 163.09 162.62 162.19 161.84 161.19 160.78 160.31 160.00 159.56 159.09 158.47 158.00 157.47 156.97 156.44 156.22 155.66 155.09 154.31 153.16 152.75 151.66 150.81 150.28 149.38 148.62 148.00 147.56 147.28 147.00 146.72 146.34 146.03 145.75
183.41 182.84 182.25 181.69 181.22 180.69 180.16 179.66 179.19 178.19 177.75 177.62 177.28 176.28 175.66 175.00 174.38 173.75 173.16 172.59 172.09 171.59 171.09 170.56 170.06 169.56 169.03 168.50 167.94 167.34 166.78 166.22 165.69 165.16 164.62 164.09 163.59 163.09 162.59 162.12 161.75 161.12 160.72 160.44 160.06 159.91 159.25 158.41 157.88 157.34 156.94 156.16 155.94 155.50 154.72 154.09 153.03 152.25 151.47 150.53 149.84 149.19 148.47 147.88 147.44 147.12 146.84 146.59 146.28 145.94 145.66
183.66 183.09 182.56 182.00 181.44 180.88 180.31 179.78 179.22 178.06 177.97 177.91 176.75 176.06 175.47 174.91 174.34 173.81 173.22 172.72 172.22 171.72 171.19 170.69 170.16 169.72 169.12 168.59 167.69 167.38 166.78 166.22 165.69 165.09 164.62 164.09 163.53 163.03 162.47 162.06 161.66 161.25 160.56 160.69 160.12 159.69 158.72 158.38 158.00 157.44 156.72 156.12 155.53 155.03 154.44 153.84 152.62 152.09 151.16 150.16 149.53 148.97 148.28 147.69 147.31 146.97 146.72 146.47 146.22 145.84 145.56
183.97 183.47 182.91 182.28 181.66 181.06 180.47 179.84 179.16 178.25 178.19 178.06 176.66 176.09 175.56 175.03 174.47 173.94 173.38 172.81 172.28 171.75 171.22 170.75 170.22 169.56 169.22 168.62 168.09 167.34 166.84 166.28 165.72 165.19 164.62 164.09 163.53 162.97 162.41 162.22 161.59 161.19 160.97 160.53 160.03 159.62 159.31 158.50 157.91 157.00 156.44 155.81 155.12 154.56 153.97 153.44 152.62 151.69 150.72 150.16 149.44 148.78 148.09 147.50 147.16 146.81 146.56 146.31 146.09 145.75 145.47
184.34 183.81 183.19 182.56 181.91 181.25 180.59 180.00 179.16 178.41 178.41 178.03 176.84 176.25 175.69 175.12 174.66 174.06 173.47 172.94 172.41 171.91 171.34 170.81 170.22 169.69 169.28 168.56 168.12 167.62 166.88 166.34 165.81 165.25 164.66 164.12 163.53 162.91 162.28 162.09 161.59 160.97 160.88 160.28 159.94 159.44 159.44 158.34 157.59 157.28 156.31 155.69 155.12 154.41 154.00 153.22 152.16 151.41 150.91 150.00 149.25 148.59 147.91 147.31 146.97 146.66 146.38 146.19 145.97 145.69 145.38
184.66 184.09 183.47 182.78 182.09 181.44 180.78 180.16 179.22 178.56 178.56 178.09 177.09 176.53 175.94 175.34 174.78 174.22 173.62 173.06 172.50 172.00 171.47 170.91 170.28 169.75 169.19 168.62 168.09 167.56 166.97 166.38 165.81 165.25 164.66 164.06 163.53 163.03 162.53 162.09 161.69 161.25 160.72 160.25 159.78 159.41 158.88 157.97 157.50 157.06 156.28 155.44 154.84 154.12 153.47 152.78 151.91 151.62 150.56 149.88 149.12 148.41 147.72 147.12 146.78 146.50 146.19 145.97 145.81 145.59 145.28
184.94 184.38 183.78 183.09 182.38 181.59 180.84 180.25 179.25 178.72 178.72 178.19 177.34 176.78 176.16 175.53 174.91 174.34 173.81 173.28 172.78 172.22 171.59 171.06 170.41 169.88 169.22 168.75 168.19 167.50 166.97 166.41 165.84 165.28 164.66 164.03 163.47 162.97 162.53 161.91 161.47 161.03 160.62 160.19 159.62 159.09 159.12 158.34 157.78 157.09 156.38 155.56 154.81 153.53 153.28 153.09 152.22 151.44 150.44 149.69 148.97 148.22 147.53 146.94 146.59 146.31 146.06 145.81 145.62 145.41 145.19
185.22 184.69 184.06 183.41 182.62 181.75 180.94 180.25 179.22 178.88 178.88 178.31 177.56 177.00 176.41 175.78 175.16 174.66 174.12 173.62 173.03 172.44 171.84 171.31 170.78 170.12 169.44 168.81 168.22 167.59 166.97 166.41 165.84 165.28 164.66 164.03 163.53 163.00 162.50 162.00 161.31 161.09 160.56 160.00 159.78 159.44 158.78 158.34 157.47 156.91 156.22 155.56 154.81 154.38 152.88 152.88 151.62 151.50 150.47 149.66 148.81 148.06 147.38 146.75 146.38 146.16 145.91 145.66 145.47 145.25 145.06
185.50 184.94 184.28 183.59 182.75 181.84 180.84 180.19 179.31 179.00 179.03 178.59 177.91 177.34 176.72 176.06 175.47 174.94 174.38 173.81 173.22 172.66 172.06 171.53 170.62 170.31 169.81 168.78 168.22 167.78 166.97 166.41 165.91 165.25 164.91 163.91 163.50 162.97 162.56 162.03 161.53 161.12 160.38 160.12 159.78 158.97 158.53 158.03 157.69 156.91 156.22 155.28 154.47 153.66 152.94 152.94 151.59 151.06 150.25 149.44 148.66 147.91 147.22 146.59 146.19 146.00 145.75 145.53 145.31 145.09 144.91
185.81 185.16 184.41 183.56 182.72 181.84 180.94 180.25 179.41 179.12 179.12 178.94 178.16 177.66 177.00 176.34 175.66 175.06 174.53 174.00 173.41 172.84 172.25 171.56 170.97 170.50 169.69 168.97 168.38 167.78 166.91 166.47 165.81 164.91 164.62 163.97 163.56 163.03 162.41 162.06 161.69 160.84 160.66 160.31 159.56 159.44 158.81 158.22 157.81 156.97 156.19 155.53 154.69 154.12 153.44 152.06 151.41 150.78 150.06 149.38 148.53 147.62 146.81 146.16 145.72 145.69 145.62 145.41 145.19 144.97 144.78
