everonasctiles/Tile[26,44].asc
ncols 128
nrows 128
xllcorner 0
yllcorner 0
cellsize 2.0
NODATA_value  -9999
[rows 32 to 63 of 128, columns 0 to 70 of 128]
-70.22 -70.09 -70.03 -69.97 -69.91 -69.88 -69.81 -69.75 -69.69 -69.59 -69.50 -69.38 -69.22 -69.06 -68.91 -68.75 -68.56 -68.38 -68.19 -68.09 -68.09 -68.12 -68.12 -68.09 -67.97 -67.84 -67.72 -67.59 -67.47 -67.34 -67.22 -67.09 -66.97 -66.84 -66.75 -66.66 -66.56 -66.41 -66.19 -65.91 -65.59 -65.25 -64.88 -64.47 -64.06 -63.69 -63.38 -63.06 -62.81 -62.53 -62.25 -62.00 -61.69 -61.38 -61.00 -60.59 -60.12 -59.62 -59.06 -58.53 -58.00 -57.50 -57.06 -56.69 -56.34 -56.00 -55.69 -55.38 -55.06 -54.78 -54.53
-70.16 -70.03 -69.97 -69.91 -69.88 -69.84 -69.78 -69.75 -69.72 -69.66 -69.56 -69.47 -69.34 -69.22 -69.06 -68.91 -68.72 -68.59 -68.47 -68.41 -68.38 -68.38 -68.34 -68.31 -68.19 -68.06 -67.91 -67.75 -67.66 -67.53 -67.38 -67.25 -67.12 -67.00 -66.91 -66.81 -66.69 -66.50 -66.25 -65.97 -65.66 -65.34 -64.94 -64.47 -64.00 -63.53 -63.22 -62.97 -62.78 -62.56 -62.34 -62.06 -61.78 -61.47 -61.06 -60.62 -60.12 -59.56 -59.00 -58.38 -57.78 -57.25 -56.81 -56.47 -56.12 -55.81 -55.50 -55.19 -54.91 -54.59 -54.31
-70.06 -69.97 -69.91 -69.88 -69.84 -69.81 -69.78 -69.75 -69.69 -69.66 -69.62 -69.53 -69.44 -69.28 -69.16 -69.03 -68.88 -68.78 -68.69 -68.62 -68.59 -68.56 -68.53 -68.47 -68.34 -68.22 -68.06 -67.91 -67.78 -67.66 -67.53 -67.38 -67.25 -67.12 -67.03 -66.91 -66.75 -66.56 -66.31 -66.06 -65.75 -65.41 -65.03 -64.59 -64.12 -63.69 -63.38 -63.16 -62.94 -62.69 -62.44 -62.16 -61.84 -61.50 -61.09 -60.59 -60.06 -59.50 -58.88 -58.25 -57.59 -57.00 -56.53 -56.16 -55.84 -55.56 -55.25 -54.97 -54.66 -54.38 -54.06
-69.97 -69.88 -69.81 -69.81 -69.78 -69.78 -69.75 -69.72 -69.69 -69.66 -69.59 -69.56 -69.47 -69.34 -69.25 -69.12 -69.03 -68.94 -68.88 -68.84 -68.78 -68.75 -68.69 -68.59 -68.47 -68.31 -68.19 -68.03 -67.91 -67.75 -67.59 -67.47 -67.34 -67.22 -67.09 -66.97 -66.81 -66.59 -66.38 -66.09 -65.81 -65.47 -65.12 -64.75 -64.34 -63.97 -63.66 -63.38 -63.09 -62.81 -62.53 -62.22 -61.88 -61.47 -61.03 -60.53 -59.97 -59.34 -58.72 -58.06 -57.41 -56.78 -56.25 -55.84 -55.53 -55.25 -54.97 -54.69 -54.41 -54.09 -53.78
-69.84 -69.75 -69.72 -69.72 -69.75 -69.75 -69.75 -69.69 -69.66 -69.62 -69.56 -69.53 -69.47 -69.38 -69.28 -69.22 -69.12 -69.06 -69.03 -69.00 -68.94 -68.88 -68.78 -68.69 -68.56 -68.41 -68.28 -68.12 -67.97 -67.81 -67.66 -67.50 -67.38 -67.25 -67.12 -67.00 -66.81 -66.62 -66.41 -66.12 -65.84 -65.53 -65.19 -64.84 -64.50 -64.16 -63.84 -63.53 -63.22 -62.91 -62.56 -62.19 -61.81 -61.38 -60.88 -60.38 -59.81 -59.19 -58.50 -57.81 -57.16 -56.53 -55.97 -55.56 -55.22 -54.91 -54.62 -54.34 -54.06 -53.78 -53.44
-69.66 -69.59 -69.59 -69.62 -69.66 -69.69 -69.69 -69.66 -69.59 -69.56 -69.53 -69.50 -69.44 -69.38 -69.31 -69.25 -69.22 -69.16 -69.12 -69.09 -69.03 -68.94 -68.84 -68.75 -68.62 -68.47 -68.34 -68.19 -68.03 -67.88 -67.69 -67.53 -67.38 -67.22 -67.09 -66.97 -66.81 -66.62 -66.41 -66.16 -65.88 -65.56 -65.25 -64.94 -64.59 -64.28 -63.97 -63.66 -63.31 -62.94 -62.53 -62.09 -61.62 -61.16 -60.66 -60.09 -59.53 -58.94 -58.28 -57.56 -56.88 -56.25 -55.72 -55.25 -54.91 -54.59 -54.28 -54.00 -53.72 -53.44 -53.06
-69.44 -69.41 -69.44 -69.47 -69.53 -69.56 -69.59 -69.56 -69.53 -69.50 -69.47 -69.44 -69.41 -69.34 -69.31 -69.28 -69.25 -69.22 -69.19 -69.16 -69.06 -69.00 -68.88 -68.78 -68.66 -68.53 -68.41 -68.25 -68.09 -67.88 -67.69 -67.50 -67.31 -67.16 -67.00 -66.84 -66.72 -66.56 -66.38 -66.12 -65.88 -65.56 -65.28 -64.97 -64.66 -64.38 -64.06 -63.72 -63.34 -62.91 -62.44 -61.94 -61.41 -60.88 -60.31 -59.69 -59.09 -58.50 -57.91 -57.25 -56.59 -55.97 -55.41 -54.94 -54.56 -54.25 -53.94 -53.62 -53.34 -53.03 -52.69
-69.22 -69.22 -69.25 -69.31 -69.38 -69.44 -69.47 -69.47 -69.44 -69.41 -69.38 -69.38 -69.34 -69.31 -69.25 -69.22 -69.22 -69.19 -69.19 -69.12 -69.06 -68.97 -68.88 -68.78 -68.66 -68.56 -68.44 -68.28 -68.09 -67.91 -67.69 -67.47 -67.25 -67.03 -66.84 -66.72 -66.59 -66.44 -66.25 -66.06 -65.81 -65.56 -65.28 -65.00 -64.72 -64.44 -64.12 -63.75 -63.31 -62.84 -62.31 -61.75 -61.16 -60.56 -59.91 -59.19 -58.47 -57.84 -57.31 -56.78 -56.19 -55.59 -55.06 -54.59 -54.22 -53.88 -53.56 -53.25 -52.97 -52.62 -52.25
-68.97 -68.97 -69.03 -69.09 -69.19 -69.25 -69.31 -69.31 -69.31 -69.31 -69.28 -69.25 -69.22 -69.19 -69.16 -69.16 -69.12 -69.09 -69.09 -69.03 -68.97 -68.91 -68.81 -68.72 -68.62 -68.53 -68.44 -68.28 -68.09 -67.91 -67.66 -67.44 -67.19 -66.94 -66.72 -66.53 -66.38 -66.25 -66.09 -65.91 -65.72 -65.50 -65.25 -65.03 -64.75 -64.47 -64.12 -63.72 -63.25 -62.72 -62.12 -61.53 -60.88 -60.22 -59.53 -58.75 -57.84 -56.97 -56.56 -56.12 -55.66 -55.12 -54.62 -54.22 -53.84 -53.53 -53.19 -52.88 -52.56 -52.22 -51.84
-68.69 -68.72 -68.78 -68.88 -68.97 -69.03 -69.09 -69.16 -69.16 -69.16 -69.12 -69.09 -69.06 -69.06 -69.03 -69.00 -69.00 -68.97 -68.94 -68.91 -68.81 -68.75 -68.66 -68.59 -68.53 -68.47 -68.38 -68.25 -68.06 -67.88 -67.66 -67.38 -67.12 -66.84 -66.56 -66.34 -66.16 -66.00 -65.84 -65.69 -65.50 -65.31 -65.12 -64.94 -64.69 -64.41 -64.06 -63.62 -63.16 -62.59 -61.94 -61.28 -60.56 -59.84 -59.12 -58.34 -57.47 -56.38 -55.62 -55.41 -55.03 -54.59 -54.16 -53.78 -53.44 -53.12 -52.81 -52.50 -52.16 -51.81 -51.41
-68.41 -68.44 -68.53 -68.62 -68.72 -68.81 -68.88 -68.94 -68.97 -68.97 -68.94 -68.91 -68.88 -68.88 -68.88 -68.84 -68.81 -68.78 -68.75 -68.69 -68.59 -68.53 -68.44 -68.38 -68.34 -68.31 -68.25 -68.16 -68.00 -67.81 -67.59 -67.34 -67.03 -66.72 -66.44 -66.12 -65.88 -65.69 -65.53 -65.38 -65.22 -65.03 -64.88 -64.72 -64.50 -64.25 -63.91 -63.47 -63.00 -62.44 -61.78 -61.03 -60.22 -59.38 -58.59 -57.81 -57.03 -56.16 -55.25 -54.69 -54.41 -54.03 -53.66 -53.31 -53.00 -52.72 -52.41 -52.09 -51.75 -51.41 -51.00
-68.09 -68.16 -68.25 -68.34 -68.44 -68.53 -68.62 -68.69 -68.72 -68.72 -68.69 -68.66 -68.66 -68.66 -68.66 -68.62 -68.59 -68.53 -68.47 -68.41 -68.31 -68.22 -68.16 -68.09 -68.09 -68.06 -68.06 -68.00 -67.88 -67.72 -67.53 -67.25 -66.94 -66.62 -66.28 -65.94 -65.59 -65.34 -65.19 -65.00 -64.84 -64.66 -64.50 -64.38 -64.19 -63.97 -63.66 -63.25 -62.72 -62.16 -61.50 -60.75 -59.91 -59.00 -57.97 -57.12 -56.41 -55.72 -54.97 -54.34 -53.84 -53.47 -53.12 -52.78 -52.50 -52.25 -51.97 -51.69 -51.34 -50.97 -50.59
-67.75 -67.84 -67.94 -68.06 -68.16 -68.25 -68.34 -68.41 -68.44 -68.44 -68.41 -68.38 -68.38 -68.38 -68.41 -68.41 -68.34 -68.25 -68.16 -68.06 -67.97 -67.88 -67.81 -67.78 -67.78 -67.78 -67.81 -67.78 -67.72 -67.59 -67.41 -67.16 -66.84 -66.47 -66.12 -65.72 -65.22 -64.91 -64.75 -64.56 -64.41 -64.25 -64.09 -63.94 -63.78 -63.62 -63.34 -62.91 -62.38 -61.75 -61.09 -60.34 -59.53 -58.62 -57.56 -56.28 -55.59 -55.03 -54.50 -53.94 -53.44 -53.03 -52.62 -52.28 -52.00 -51.78 -51.50 -51.22 -50.91 -50.53 -50.16
-67.41 -67.53 -67.62 -67.72 -67.81 -67.94 -68.03 -68.09 -68.12 -68.09 -68.06 -68.03 -68.03 -68.09 -68.12 -68.09 -68.03 -67.91 -67.78 -67.66 -67.53 -67.44 -67.38 -67.38 -67.41 -67.44 -67.47 -67.47 -67.47 -67.41 -67.25 -67.00 -66.69 -66.31 -65.94 -65.47 -64.75 -64.19 -64.00 -64.00 -63.91 -63.75 -63.59 -63.44 -63.31 -63.19 -62.97 -62.53 -61.94 -61.22 -60.47 -59.75 -59.00 -58.16 -57.22 -55.78 -54.62 -54.25 -53.84 -53.44 -53.03 -52.59 -52.22 -51.84 -51.53 -51.28 -51.03 -50.75 -50.44 -50.09 -49.72
-67.09 -67.19 -67.28 -67.38 -67.47 -67.59 -67.69 -67.75 -67.75 -67.72 -67.69 -67.69 -67.69 -67.72 -67.78 -67.75 -67.66 -67.50 -67.38 -67.22 -67.06 -66.94 -66.91 -66.91 -66.97 -67.00 -67.06 -67.12 -67.16 -67.16 -67.03 -66.81 -66.50 -66.12 -65.69 -65.25 -64.44 -63.59 -63.12 -63.06 -63.19 -63.19 -63.06 -62.91 -62.75 -62.66 -62.50 -62.12 -61.50 -60.69 -59.50 -58.41 -57.62 -57.00 -56.25 -55.09 -53.91 -53.31 -53.09 -52.81 -52.53 -52.19 -51.81 -51.47 -51.09 -50.78 -50.50 -50.25 -49.94 -49.62 -49.28
-66.78 -66.88 -66.94 -67.03 -67.12 -67.25 -67.34 -67.38 -67.34 -67.31 -67.28 -67.28 -67.28 -67.34 -67.38 -67.34 -67.25 -67.06 -66.91 -66.72 -66.50 -66.38 -66.34 -66.41 -66.47 -66.53 -66.59 -66.72 -66.81 -66.84 -66.81 -66.62 -66.31 -65.91 -65.47 -65.00 -64.31 -63.25 -62.41 -62.03 -62.09 -62.31 -62.41 -62.31 -62.16 -62.06 -61.94 -61.66 -61.06 -60.22 -58.91 -57.41 -56.16 -55.25 -54.56 -53.84 -53.00 -52.41 -52.31 -52.16 -51.97 -51.72 -51.41 -51.06 -50.72 -50.38 -50.03 -49.72 -49.44 -49.16 -48.84
-66.50 -66.56 -66.59 -66.66 -66.75 -66.88 -66.94 -66.97 -66.94 -66.91 -66.88 -66.84 -66.88 -66.91 -66.91 -66.88 -66.75 -66.59 -66.38 -66.12 -65.84 -65.72 -65.75 -65.81 -65.91 -65.97 -66.09 -66.25 -66.41 -66.50 -66.53 -66.38 -66.06 -65.66 -65.22 -64.75 -64.19 -63.09 -61.97 -61.19 -60.97 -61.09 -61.44 -61.59 -61.56 -61.44 -61.28 -61.03 -60.53 -59.75 -58.66 -56.97 -55.38 -54.06 -53.09 -52.41 -51.84 -51.47 -51.47 -51.50 -51.38 -51.19 -50.97 -50.69 -50.38 -50.00 -49.62 -49.22 -48.88 -48.62 -48.38
-66.22 -66.25 -66.28 -66.31 -66.38 -66.47 -66.53 -66.56 -66.53 -66.50 -66.44 -66.44 -66.44 -66.44 -66.41 -66.34 -66.25 -66.06 -65.81 -65.47 -65.03 -64.94 -65.09 -65.19 -65.28 -65.38 -65.50 -65.72 -65.94 -66.12 -66.19 -66.09 -65.81 -65.41 -64.94 -64.47 -63.88 -62.88 -61.69 -60.62 -60.03 -59.97 -60.31 -60.84 -60.91 -60.81 -60.59 -60.31 -59.91 -59.25 -58.31 -56.94 -55.12 -53.53 -52.25 -51.31 -50.75 -50.47 -50.62 -50.84 -50.81 -50.69 -50.50 -50.28 -50.00 -49.69 -49.31 -48.88 -48.47 -48.12 -47.91
-66.00 -65.97 -65.97 -66.00 -66.03 -66.09 -66.16 -66.16 -66.16 -66.09 -66.06 -66.03 -66.00 -65.97 -65.88 -65.81 -65.69 -65.50 -65.25 -64.81 -64.19 -64.12 -64.41 -64.50 -64.59 -64.59 -64.72 -65.12 -65.47 -65.69 -65.84 -65.81 -65.56 -65.16 -64.62 -64.03 -63.34 -62.41 -61.34 -60.25 -59.41 -59.06 -59.34 -60.06 -60.25 -60.16 -59.91 -59.53 -59.12 -58.59 -57.81 -56.81 -55.25 -53.47 -51.97 -50.78 -49.97 -49.66 -49.81 -50.25 -50.28 -50.19 -50.03 -49.84 -49.62 -49.38 -49.03 -48.62 -48.25 -47.84 -47.56
-65.81 -65.75 -65.72 -65.69 -65.72 -65.75 -65.78 -65.78 -65.78 -65.75 -65.69 -65.62 -65.56 -65.50 -65.38 -65.25 -65.12 -64.91 -64.66 -64.19 -63.47 -63.34 -63.72 -63.81 -63.84 -63.62 -63.91 -64.53 -64.97 -65.25 -65.44 -65.47 -65.28 -64.91 -64.38 -63.72 -62.97 -62.03 -61.06 -60.09 -59.19 -58.56 -58.66 -59.41 -59.59 -59.50 -59.22 -58.75 -58.28 -57.78 -57.12 -56.31 -55.31 -53.69 -52.09 -50.78 -49.75 -49.16 -49.16 -49.66 -49.81 -49.72 -49.56 -49.41 -49.22 -49.03 -48.75 -48.41 -48.06 -47.72 -47.41
-65.66 -65.59 -65.53 -65.44 -65.41 -65.41 -65.41 -65.44 -65.41 -65.38 -65.31 -65.25 -65.19 -65.06 -64.84 -64.66 -64.56 -64.41 -64.16 -63.59 -62.84 -62.66 -63.06 -63.19 -62.94 -62.78 -63.19 -63.97 -64.44 -64.78 -65.00 -65.09 -64.97 -64.66 -64.19 -63.59 -62.91 -62.09 -61.31 -60.41 -59.50 -58.69 -58.31 -58.81 -58.97 -58.84 -58.56 -58.06 -57.44 -56.91 -56.31 -55.62 -54.84 -53.88 -52.38 -51.06 -49.97 -49.16 -48.75 -49.00 -49.34 -49.31 -49.16 -49.00 -48.81 -48.66 -48.44 -48.16 -47.88 -47.56 -47.28
-65.56 -65.47 -65.38 -65.28 -65.16 -65.09 -65.09 -65.12 -65.09 -65.06 -65.00 -64.91 -64.81 -64.62 -64.25 -63.91 -63.72 -63.66 -63.47 -62.94 -62.28 -62.03 -62.34 -62.44 -62.09 -62.06 -62.62 -63.44 -63.94 -64.31 -64.56 -64.66 -64.56 -64.34 -63.97 -63.47 -62.88 -62.19 -61.50 -60.75 -60.03 -59.25 -58.50 -58.31 -58.41 -58.25 -57.94 -57.41 -56.59 -55.91 -55.41 -54.91 -54.25 -53.53 -52.47 -51.34 -50.34 -49.50 -48.91 -48.66 -48.75 -48.88 -48.78 -48.59 -48.44 -48.25 -48.06 -47.88 -47.66 -47.41 -47.19
-65.53 -65.41 -65.31 -65.19 -65.06 -64.94 -64.88 -64.84 -64.84 -64.78 -64.69 -64.56 -64.38 -64.12 -63.75 -63.31 -62.94 -62.69 -62.47 -62.12 -61.66 -61.47 -61.66 -61.69 -61.41 -61.56 -62.22 -62.97 -63.44 -63.84 -64.09 -64.19 -64.12 -63.94 -63.62 -63.22 -62.72 -62.12 -61.47 -60.78 -60.09 -59.44 -58.78 -58.22 -57.94 -57.69 -57.34 -56.81 -56.00 -55.16 -54.50 -54.09 -53.62 -53.03 -52.31 -51.50 -50.72 -50.00 -49.44 -48.97 -48.56 -48.38 -48.38 -48.22 -48.06 -47.88 -47.72 -47.53 -47.38 -47.22 -47.03
-65.50 -65.41 -65.31 -65.19 -65.06 -64.97 -64.88 -64.81 -64.75 -64.66 -64.53 -64.34 -64.09 -63.81 -63.47 -63.03 -62.56 -62.12 -61.75 -61.41 -61.09 -60.94 -61.00 -61.00 -60.88 -61.12 -61.75 -62.50 -62.97 -63.38 -63.66 -63.72 -63.62 -63.47 -63.19 -62.84 -62.41 -61.88 -61.28 -60.62 -60.00 -59.34 -58.75 -58.19 -57.69 -57.25 -56.81 -56.28 -55.56 -54.78 -54.12 -53.66 -53.25 -52.78 -52.25 -51.62 -51.03 -50.44 -49.88 -49.38 -48.88 -48.31 -47.94 -47.75 -47.62 -47.50 -47.38 -47.22 -47.09 -46.97 -46.88
-65.53 -65.44 -65.34 -65.22 -65.12 -65.03 -64.94 -64.91 -64.81 -64.72 -64.56 -64.38 -64.16 -63.91 -63.59 -63.22 -62.75 -62.19 -61.66 -61.25 -60.94 -60.69 -60.50 -60.41 -60.38 -60.66 -61.28 -62.03 -62.50 -62.91 -63.16 -63.22 -63.12 -62.97 -62.72 -62.38 -61.94 -61.44 -60.91 -60.34 -59.72 -59.12 -58.56 -58.00 -57.50 -56.97 -56.47 -55.88 -55.28 -54.72 -54.22 -53.75 -53.28 -52.81 -52.28 -51.72 -51.16 -50.59 -50.03 -49.53 -49.03 -48.50 -47.88 -47.41 -47.09 -46.97 -46.94 -46.91 -46.84 -46.78 -46.69
-65.59 -65.50 -65.41 -65.28 -65.19 -65.12 -65.06 -65.00 -64.94 -64.81 -64.66 -64.50 -64.28 -64.03 -63.75 -63.41 -63.00 -62.53 -62.09 -61.69 -61.34 -60.97 -60.56 -60.12 -59.94 -60.19 -60.84 -61.59 -62.06 -62.41 -62.66 -62.72 -62.62 -62.47 -62.22 -61.84 -61.44 -60.97 -60.47 -59.94 -59.41 -58.84 -58.31 -57.78 -57.25 -56.75 -56.22 -55.69 -55.19 -54.72 -54.28 -53.81 -53.34 -52.84 -52.34 -51.81 -51.25 -50.69 -50.12 -49.59 -49.09 -48.62 -47.94 -47.28 -46.78 -46.50 -46.41 -46.47 -46.53 -46.53 -46.53
-65.66 -65.56 -65.47 -65.38 -65.31 -65.25 -65.19 -65.12 -65.06 -64.94 -64.81 -64.62 -64.44 -64.19 -63.91 -63.56 -63.19 -62.78 -62.34 -61.94 -61.53 -61.12 -60.75 -60.19 -59.69 -59.78 -60.41 -61.19 -61.56 -61.88 -62.09 -62.19 -62.12 -62.00 -61.78 -61.41 -60.94 -60.44 -59.97 -59.50 -59.03 -58.53 -58.03 -57.56 -57.06 -56.56 -56.06 -55.59 -55.16 -54.75 -54.31 -53.84 -53.38 -52.84 -52.31 -51.78 -51.25 -50.69 -50.16 -49.62 -49.12 -48.69 -48.00 -47.25 -46.66 -46.31 -46.25 -46.34 -46.41 -46.44 -46.41
-65.72 -65.66 -65.56 -65.50 -65.44 -65.38 -65.34 -65.28 -65.22 -65.09 -64.97 -64.81 -64.59 -64.31 -64.03 -63.69 -63.31 -62.94 -62.50 -62.06 -61.62 -61.16 -60.75 -60.28 -59.62 -59.41 -59.94 -60.72 -61.12 -61.34 -61.53 -61.62 -61.62 -61.56 -61.38 -61.03 -60.59 -60.06 -59.59 -59.12 -58.72 -58.28 -57.81 -57.34 -56.91 -56.44 -56.00 -55.59 -55.19 -54.78 -54.31 -53.81 -53.28 -52.75 -52.22 -51.69 -51.16 -50.62 -50.09 -49.59 -49.12 -48.66 -47.97 -47.25 -46.78 -46.59 -46.69 -46.75 -46.72 -46.62 -46.56
-65.78 -65.72 -65.66 -65.59 -65.53 -65.50 -65.47 -65.44 -65.34 -65.25 -65.09 -64.94 -64.72 -64.44 -64.12 -63.78 -63.41 -63.03 -62.59 -62.12 -61.62 -61.16 -60.69 -60.25 -59.62 -59.06 -59.31 -59.97 -60.56 -60.84 -61.00 -61.06 -61.09 -61.09 -61.00 -60.72 -60.34 -59.91 -59.44 -58.97 -58.53 -58.09 -57.66 -57.22 -56.81 -56.38 -56.00 -55.62 -55.22 -54.75 -54.25 -53.72 -53.12 -52.56 -52.00 -51.47 -50.97 -50.47 -50.00 -49.53 -49.06 -48.53 -47.88 -47.38 -47.12 -47.16 -47.12 -47.06 -46.94 -46.84 -46.72
-65.84 -65.78 -65.75 -65.69 -65.66 -65.62 -65.59 -65.53 -65.47 -65.34 -65.22 -65.03 -64.78 -64.50 -64.19 -63.81 -63.44 -62.97 -62.50 -62.00 -61.50 -61.03 -60.56 -60.16 -59.59 -58.78 -58.62 -59.03 -59.59 -60.09 -60.38 -60.50 -60.56 -60.62 -60.59 -60.44 -60.09 -59.72 -59.31 -58.88 -58.44 -58.00 -57.59 -57.16 -56.78 -56.41 -56.03 -55.62 -55.19 -54.72 -54.19 -53.56 -52.88 -52.25 -51.72 -51.22 -50.75 -50.31 -49.84 -49.38 -48.88 -48.31 -47.91 -47.72 -47.69 -47.59 -47.47 -47.34 -47.19 -47.06 -46.91
-65.91 -65.84 -65.78 -65.75 -65.72 -65.72 -65.69 -65.62 -65.53 -65.41 -65.25 -65.06 -64.81 -64.53 -64.19 -63.81 -63.38 -62.84 -62.28 -61.72 -61.22 -60.78 -60.34 -59.97 -59.44 -58.53 -58.00 -58.09 -58.50 -59.03 -59.50 -59.84 -60.03 -60.16 -60.22 -60.12 -59.88 -59.56 -59.19 -58.78 -58.38 -57.97 -57.56 -57.16 -56.78 -56.44 -56.06 -55.66 -55.22 -54.69 -54.06 -53.25 -52.34 -51.59 -51.06 -50.69 -50.38 -50.03 -49.62 -49.16 -48.72 -48.38 -48.25 -48.22 -48.09 -47.97 -47.81 -47.62 -47.47 -47.28 -47.09
-65.94 -65.88 -65.84 -65.81 -65.78 -65.75 -65.72 -65.66 -65.56 -65.44 -65.28 -65.09 -64.84 -64.53 -64.19 -63.78 -63.28 -62.69 -61.97 -61.22 -60.75 -60.41 -60.06 -59.72 -59.12 -58.22 -57.47 -57.25 -57.50 -58.03 -58.59 -59.16 -59.50 -59.72 -59.84 -59.84 -59.66 -59.41 -59.06 -58.72 -58.31 -57.94 -57.53 -57.19 -56.84 -56.50 -56.12 -55.69 -55.22 -54.69 -53.94 -52.94 -51.97 -51.12 -50.53 -50.19 -49.97 -49.81 -49.62 -49.31 -48.94 -48.75 -48.72 -48.62 -48.47 -48.31 -48.12 -47.91 -47.69 -47.47 -47.28
