everonasctiles/Tile[44,24].asc
ncols 128
nrows 128
xllcorner 0
yllcorner 0
cellsize 2.0
NODATA_value  -9999
[rows 32 to 63 of 128, columns 0 to 70 of 128]
-91.81 -91.75 -91.66 -91.62 -91.56 -91.56 -91.59 -91.59 -91.59 -91.53 -91.41 -91.25 -91.09 -90.91 -90.69 -90.44 -90.19 -89.88 -89.59 -89.34 -89.09 -88.91 -88.69 -88.50 -88.31 -88.16 -88.00 -87.91 -87.88 -87.78 -87.59 -87.12 -86.50 -85.84 -85.12 -83.94 -82.47 -81.09 -80.19 -79.78 -79.56 -79.25 -79.16 -79.41 -79.44 -79.38 -79.31 -78.91 -78.34 -77.44 -76.88 -76.41 -75.56 -73.91 -71.56 -70.00 -68.94 -68.16 -67.53 -67.00 -66.62 -66.50 -66.78 -67.56 -68.75 -70.06 -71.38 -72.12 -72.09 -71.75 -71.34
-91.66 -91.59 -91.50 -91.44 -91.41 -91.38 -91.41 -91.44 -91.44 -91.38 -91.25 -91.06 -90.88 -90.66 -90.44 -90.19 -89.91 -89.59 -89.28 -88.94 -88.69 -88.44 -88.22 -88.03 -87.81 -87.44 -87.16 -87.09 -87.16 -87.31 -87.22 -86.88 -86.25 -85.59 -84.88 -83.62 -81.94 -80.22 -78.78 -77.94 -77.47 -77.06 -76.88 -77.06 -77.22 -77.22 -77.59 -77.72 -77.31 -76.53 -75.19 -75.12 -74.81 -74.03 -72.53 -70.38 -68.88 -67.75 -66.84 -66.16 -65.66 -65.38 -65.50 -66.12 -67.06 -68.16 -69.38 -70.66 -70.91 -70.69 -70.19
-91.50 -91.41 -91.34 -91.25 -91.19 -91.19 -91.22 -91.25 -91.25 -91.19 -91.06 -90.88 -90.66 -90.41 -90.12 -89.88 -89.59 -89.25 -88.91 -88.53 -88.22 -87.97 -87.75 -87.53 -87.12 -86.41 -85.94 -85.81 -86.12 -86.56 -86.72 -86.47 -85.91 -85.22 -84.38 -82.91 -81.03 -79.09 -77.41 -76.22 -75.44 -74.84 -74.53 -74.66 -74.88 -74.97 -75.25 -75.88 -76.12 -75.31 -73.81 -73.16 -73.62 -73.38 -72.69 -71.56 -70.03 -68.59 -67.53 -66.72 -66.03 -65.47 -65.06 -65.12 -65.66 -66.47 -67.53 -68.81 -69.59 -69.50 -68.91
-91.31 -91.25 -91.16 -91.03 -90.97 -90.94 -91.00 -91.03 -91.00 -90.94 -90.84 -90.72 -90.50 -90.22 -89.91 -89.56 -89.25 -88.94 -88.56 -88.06 -87.53 -87.28 -87.16 -86.75 -86.00 -85.19 -84.56 -84.38 -84.81 -85.69 -86.09 -85.97 -85.41 -84.66 -83.75 -81.94 -79.84 -77.75 -75.91 -74.50 -73.50 -72.75 -72.34 -72.34 -72.56 -72.72 -72.97 -73.47 -73.97 -73.47 -72.28 -71.50 -71.84 -72.34 -72.12 -71.56 -70.75 -69.78 -68.81 -68.00 -67.16 -66.38 -65.66 -65.09 -64.88 -65.19 -65.94 -66.97 -67.88 -67.94 -67.28
-91.12 -91.06 -90.94 -90.81 -90.72 -90.72 -90.72 -90.72 -90.69 -90.62 -90.56 -90.47 -90.31 -90.09 -89.75 -89.38 -89.00 -88.59 -88.19 -87.66 -86.88 -86.34 -86.00 -85.47 -84.62 -83.72 -83.06 -82.94 -83.62 -84.84 -85.41 -85.38 -84.81 -84.00 -83.09 -81.25 -78.81 -76.53 -74.50 -72.94 -71.78 -70.97 -70.47 -70.34 -70.47 -70.62 -70.84 -71.25 -71.66 -71.41 -70.59 -69.94 -70.16 -71.06 -71.22 -71.03 -70.56 -69.97 -69.28 -68.59 -67.94 -67.31 -66.62 -65.91 -65.12 -64.69 -64.84 -65.44 -66.00 -65.97 -65.50
-90.91 -90.88 -90.78 -90.62 -90.47 -90.44 -90.44 -90.41 -90.34 -90.28 -90.22 -90.16 -90.06 -89.91 -89.62 -89.22 -88.78 -88.34 -87.84 -87.31 -86.59 -85.66 -84.91 -84.16 -83.19 -82.22 -81.56 -81.69 -82.81 -84.09 -84.62 -84.66 -84.12 -83.28 -82.38 -81.19 -78.53 -75.94 -73.72 -71.94 -70.59 -69.69 -69.12 -68.88 -68.84 -68.94 -69.09 -69.34 -69.56 -69.41 -68.88 -68.44 -68.78 -69.81 -70.22 -70.16 -70.00 -69.66 -69.19 -68.62 -68.09 -67.53 -67.00 -66.38 -65.75 -65.09 -64.50 -64.44 -64.50 -64.31 -63.84
-90.66 -90.66 -90.56 -90.41 -90.25 -90.16 -90.09 -90.03 -89.97 -89.91 -89.78 -89.72 -89.69 -89.59 -89.41 -89.09 -88.62 -88.09 -87.56 -87.00 -86.41 -85.44 -84.31 -83.19 -82.00 -80.91 -80.31 -80.81 -82.34 -83.34 -83.78 -83.84 -83.38 -82.44 -81.50 -80.44 -79.09 -76.50 -73.88 -71.84 -70.31 -69.31 -68.69 -68.28 -68.03 -67.94 -67.91 -67.91 -67.84 -67.62 -67.25 -67.09 -67.59 -68.62 -69.19 -69.28 -69.19 -69.00 -68.72 -68.31 -67.88 -67.41 -66.94 -66.44 -65.94 -65.38 -64.78 -64.25 -63.84 -63.31 -62.69
-90.31 -90.38 -90.34 -90.22 -90.03 -89.91 -89.78 -89.69 -89.56 -89.44 -89.22 -89.09 -89.06 -89.12 -89.06 -88.88 -88.47 -87.91 -87.31 -86.72 -86.16 -85.25 -83.97 -82.59 -81.16 -79.88 -79.38 -80.22 -81.91 -82.56 -82.84 -82.94 -82.66 -81.69 -80.31 -79.28 -78.28 -77.00 -75.19 -72.72 -71.06 -70.06 -69.50 -69.03 -68.62 -68.22 -67.69 -67.19 -66.72 -66.28 -65.91 -65.88 -66.47 -67.47 -68.22 -68.38 -68.38 -68.22 -68.03 -67.72 -67.38 -66.97 -66.59 -66.19 -65.75 -65.28 -64.78 -64.28 -63.72 -63.16 -62.47
-89.97 -90.03 -90.06 -89.97 -89.81 -89.62 -89.47 -89.31 -89.12 -88.88 -88.41 -88.09 -88.16 -88.47 -88.62 -88.56 -88.25 -87.72 -87.12 -86.50 -85.88 -84.91 -83.53 -82.00 -80.41 -79.06 -78.59 -79.66 -81.25 -81.78 -81.88 -82.00 -81.81 -81.00 -79.56 -77.78 -76.88 -76.19 -75.22 -74.00 -72.62 -71.62 -70.91 -70.28 -69.69 -69.09 -68.41 -67.44 -66.47 -65.59 -64.94 -64.81 -65.38 -66.25 -66.94 -67.31 -67.47 -67.44 -67.25 -67.03 -66.69 -66.28 -65.94 -65.59 -65.25 -64.88 -64.47 -64.00 -63.53 -63.00 -62.41
-89.53 -89.66 -89.72 -89.69 -89.59 -89.41 -89.19 -88.97 -88.72 -88.38 -87.69 -87.19 -87.16 -87.69 -88.09 -88.12 -87.94 -87.50 -86.94 -86.31 -85.59 -84.44 -82.94 -81.25 -79.59 -78.22 -77.81 -78.78 -79.94 -80.25 -80.16 -80.50 -80.72 -80.19 -79.06 -77.41 -75.59 -74.97 -74.53 -73.81 -72.97 -72.09 -71.34 -70.62 -69.97 -69.38 -68.75 -67.84 -66.66 -65.47 -64.47 -63.94 -64.25 -64.91 -65.47 -65.81 -66.22 -66.56 -66.50 -66.31 -65.88 -65.38 -65.06 -64.84 -64.56 -64.25 -63.91 -63.53 -63.06 -62.56 -62.09
-88.94 -89.19 -89.31 -89.34 -89.28 -89.12 -88.91 -88.62 -88.34 -87.97 -87.31 -86.56 -86.34 -86.91 -87.47 -87.62 -87.53 -87.22 -86.72 -86.09 -85.25 -83.81 -82.16 -80.38 -78.66 -77.31 -76.88 -77.50 -78.12 -78.09 -78.00 -78.31 -79.06 -79.09 -78.28 -77.09 -75.62 -74.19 -73.69 -73.28 -72.72 -72.09 -71.41 -70.72 -70.06 -69.41 -68.81 -68.06 -66.94 -65.66 -64.41 -63.47 -63.19 -63.53 -63.91 -64.25 -64.66 -65.22 -65.62 -65.41 -64.62 -63.94 -63.81 -63.97 -63.81 -63.56 -63.25 -62.84 -62.31 -61.84 -61.44
-88.25 -88.72 -88.88 -88.94 -88.91 -88.78 -88.59 -88.31 -88.00 -87.62 -87.06 -86.22 -85.78 -86.28 -86.88 -87.09 -87.06 -86.88 -86.47 -85.81 -84.62 -83.03 -81.25 -79.41 -77.66 -76.38 -75.84 -76.06 -76.25 -76.09 -75.94 -76.09 -76.62 -77.38 -77.19 -76.31 -75.25 -74.09 -73.12 -72.62 -72.22 -71.72 -71.16 -70.59 -69.97 -69.34 -68.72 -68.06 -67.25 -66.00 -64.69 -63.47 -62.59 -62.34 -62.44 -62.66 -63.03 -63.56 -64.03 -63.81 -63.03 -62.34 -62.28 -62.88 -63.06 -62.84 -62.41 -61.66 -60.94 -60.47 -60.38
-87.56 -88.16 -88.34 -88.44 -88.44 -88.38 -88.25 -88.00 -87.69 -87.25 -86.75 -85.97 -85.41 -85.72 -86.31 -86.50 -86.56 -86.47 -86.16 -85.50 -84.00 -82.22 -80.34 -78.50 -76.88 -75.66 -75.00 -74.84 -74.75 -74.47 -74.22 -74.12 -74.34 -74.72 -75.16 -75.16 -74.44 -73.56 -72.75 -72.03 -71.59 -71.16 -70.72 -70.22 -69.72 -69.16 -68.56 -67.97 -67.31 -66.38 -65.12 -63.84 -62.69 -61.84 -61.44 -61.34 -61.50 -61.81 -62.12 -61.94 -61.28 -60.69 -60.69 -61.38 -62.03 -61.75 -60.94 -60.09 -59.38 -58.94 -58.94
-86.88 -87.59 -87.78 -87.88 -87.88 -87.88 -87.84 -87.66 -87.34 -86.91 -86.38 -85.75 -85.09 -85.19 -85.72 -85.94 -85.97 -85.97 -85.78 -85.22 -83.78 -81.81 -79.91 -78.12 -76.69 -75.69 -75.06 -74.66 -74.25 -73.78 -73.25 -72.84 -72.62 -72.59 -72.66 -72.97 -73.25 -72.75 -72.12 -71.50 -70.84 -70.41 -70.03 -69.69 -69.31 -68.88 -68.34 -67.78 -67.22 -66.56 -65.69 -64.53 -63.34 -62.34 -61.50 -60.88 -60.50 -60.38 -60.38 -60.09 -59.56 -59.09 -59.19 -59.78 -60.28 -60.03 -59.34 -58.53 -57.91 -57.59 -57.72
-86.12 -86.94 -87.16 -87.25 -87.28 -87.31 -87.31 -87.25 -87.03 -86.62 -86.09 -85.53 -84.88 -84.69 -85.12 -85.31 -85.38 -85.41 -85.34 -84.97 -84.16 -82.34 -80.41 -78.84 -77.72 -77.00 -76.47 -76.00 -75.44 -74.72 -73.88 -72.94 -72.00 -71.31 -70.94 -70.94 -71.59 -71.75 -71.38 -70.88 -70.19 -69.47 -69.12 -68.94 -68.72 -68.41 -68.03 -67.53 -67.03 -66.50 -65.91 -65.16 -64.28 -63.34 -62.44 -61.56 -60.69 -59.91 -59.31 -58.81 -58.28 -57.88 -57.91 -58.28 -58.53 -58.34 -57.81 -57.19 -56.72 -56.56 -56.84
-85.22 -86.22 -86.47 -86.56 -86.59 -86.66 -86.72 -86.72 -86.59 -86.28 -85.84 -85.34 -84.78 -84.34 -84.56 -84.72 -84.78 -84.81 -84.78 -84.59 -84.12 -83.34 -82.03 -80.78 -79.84 -79.19 -78.59 -77.94 -77.16 -76.34 -75.34 -74.06 -72.62 -71.25 -70.16 -69.62 -70.03 -70.69 -70.56 -70.16 -69.56 -68.66 -68.06 -67.97 -67.97 -67.81 -67.53 -67.16 -66.72 -66.28 -65.81 -65.25 -64.62 -63.94 -63.25 -62.50 -61.53 -60.47 -59.50 -58.66 -57.97 -57.47 -57.22 -57.25 -57.25 -57.06 -56.72 -56.34 -56.09 -56.09 -56.38
-84.25 -85.41 -85.81 -85.88 -85.91 -86.00 -86.06 -86.09 -86.03 -85.84 -85.50 -85.03 -84.59 -84.19 -84.06 -84.16 -84.19 -84.19 -84.12 -84.03 -83.75 -83.31 -82.66 -81.81 -80.94 -80.12 -79.31 -78.47 -77.59 -76.69 -75.81 -74.75 -73.31 -71.59 -70.06 -68.97 -68.94 -69.69 -69.75 -69.44 -68.94 -68.00 -67.22 -66.94 -67.12 -67.16 -66.97 -66.69 -66.28 -65.88 -65.50 -65.06 -64.56 -64.00 -63.41 -62.78 -62.09 -61.22 -60.22 -59.34 -58.62 -58.12 -57.72 -57.38 -57.03 -56.75 -56.56 -56.47 -56.41 -56.41 -56.53
-83.25 -84.38 -85.12 -85.19 -85.19 -85.28 -85.34 -85.41 -85.38 -85.22 -84.97 -84.62 -84.25 -83.91 -83.66 -83.66 -83.62 -83.56 -83.44 -83.25 -83.03 -82.75 -82.28 -81.66 -80.88 -80.03 -79.19 -78.34 -77.47 -76.59 -75.69 -74.69 -73.41 -71.62 -69.94 -68.66 -68.19 -68.81 -68.97 -68.75 -68.31 -67.53 -66.59 -66.12 -66.25 -66.47 -66.38 -66.16 -65.81 -65.38 -64.97 -64.62 -64.25 -63.81 -63.31 -62.78 -62.19 -61.56 -60.88 -60.19 -59.59 -59.09 -58.62 -58.12 -57.66 -57.38 -57.25 -57.19 -57.16 -57.09 -57.03
-82.31 -83.31 -84.12 -84.22 -84.34 -84.53 -84.62 -84.66 -84.62 -84.53 -84.34 -84.09 -83.81 -83.44 -83.22 -83.12 -83.06 -82.94 -82.72 -82.34 -81.88 -81.47 -81.22 -80.88 -80.25 -79.44 -78.50 -77.62 -76.88 -76.09 -75.28 -74.38 -73.22 -71.62 -69.81 -68.38 -67.56 -67.97 -68.25 -68.09 -67.72 -67.06 -66.12 -65.47 -65.44 -65.78 -65.78 -65.62 -65.34 -64.94 -64.47 -64.09 -63.78 -63.44 -63.06 -62.62 -62.16 -61.62 -61.06 -60.53 -60.00 -59.53 -59.09 -58.69 -58.28 -58.03 -57.88 -57.78 -57.66 -57.56 -57.50
-81.50 -82.16 -82.78 -82.97 -83.34 -83.72 -83.84 -83.88 -83.84 -83.75 -83.66 -83.47 -83.19 -82.81 -82.62 -82.56 -82.50 -82.31 -81.97 -81.31 -80.47 -79.72 -79.41 -79.62 -79.38 -78.72 -77.69 -76.56 -75.78 -75.22 -74.59 -73.84 -72.88 -71.66 -70.00 -68.31 -67.16 -67.06 -67.50 -67.50 -67.22 -66.62 -65.81 -64.97 -64.75 -65.09 -65.19 -65.06 -64.88 -64.53 -64.09 -63.66 -63.28 -63.00 -62.72 -62.41 -62.00 -61.59 -61.12 -60.62 -60.12 -59.69 -59.28 -58.91 -58.59 -58.38 -58.19 -58.06 -57.94 -57.81 -57.75
-80.94 -81.00 -81.41 -81.72 -82.22 -82.84 -83.03 -83.03 -83.00 -82.94 -82.88 -82.62 -82.22 -81.84 -81.81 -81.91 -81.88 -81.66 -81.19 -80.25 -79.22 -78.19 -77.50 -77.62 -78.09 -77.78 -76.97 -75.84 -74.66 -74.00 -73.53 -73.00 -72.25 -71.25 -70.09 -68.53 -67.00 -66.34 -66.72 -66.88 -66.69 -66.28 -65.62 -64.75 -64.19 -64.31 -64.53 -64.50 -64.31 -64.06 -63.72 -63.31 -62.94 -62.59 -62.31 -62.06 -61.78 -61.41 -61.03 -60.59 -60.19 -59.78 -59.41 -59.09 -58.81 -58.62 -58.47 -58.34 -58.22 -58.09 -57.97
-80.78 -80.09 -80.16 -80.47 -81.03 -81.81 -82.16 -82.19 -82.12 -82.06 -81.88 -81.41 -80.88 -80.59 -80.84 -81.12 -81.16 -80.94 -80.44 -79.34 -77.97 -76.75 -75.81 -75.56 -76.34 -76.50 -76.00 -75.09 -73.97 -72.88 -72.34 -71.88 -71.34 -70.56 -69.59 -68.50 -67.03 -65.91 -66.00 -66.19 -66.16 -65.88 -65.38 -64.69 -63.91 -63.56 -63.69 -63.81 -63.75 -63.53 -63.25 -62.94 -62.59 -62.25 -61.97 -61.72 -61.47 -61.19 -60.84 -60.50 -60.12 -59.78 -59.50 -59.22 -59.03 -58.88 -58.72 -58.59 -58.47 -58.31 -58.16
-80.88 -79.62 -79.16 -79.31 -79.84 -80.62 -81.22 -81.31 -81.25 -81.12 -80.75 -80.00 -79.47 -79.31 -79.72 -80.22 -80.34 -80.22 -79.69 -78.56 -76.84 -75.38 -74.25 -73.75 -74.25 -74.94 -74.75 -74.12 -73.19 -72.12 -71.25 -70.75 -70.25 -69.62 -68.81 -67.91 -66.78 -65.59 -65.34 -65.50 -65.53 -65.38 -65.03 -64.50 -63.81 -63.06 -62.75 -62.81 -63.00 -62.94 -62.72 -62.44 -62.19 -61.88 -61.62 -61.41 -61.19 -60.94 -60.66 -60.34 -60.06 -59.78 -59.53 -59.34 -59.19 -59.06 -58.94 -58.78 -58.62 -58.47 -58.28
-80.88 -79.38 -78.44 -78.28 -78.69 -79.44 -80.19 -80.41 -80.41 -80.19 -79.59 -78.66 -78.09 -78.03 -78.50 -79.12 -79.41 -79.41 -78.94 -77.88 -75.94 -74.16 -72.78 -72.06 -72.22 -73.00 -73.31 -72.88 -72.16 -71.25 -70.34 -69.62 -69.09 -68.53 -67.88 -67.12 -66.22 -65.19 -64.78 -64.84 -64.84 -64.78 -64.56 -64.16 -63.59 -62.88 -62.06 -61.78 -61.88 -62.12 -62.12 -61.94 -61.69 -61.44 -61.25 -61.06 -60.91 -60.69 -60.44 -60.19 -59.94 -59.72 -59.56 -59.44 -59.31 -59.19 -59.06 -58.91 -58.72 -58.53 -58.34
-80.97 -79.25 -78.06 -77.50 -77.69 -78.41 -79.22 -79.53 -79.56 -79.34 -78.72 -77.59 -76.91 -76.81 -77.19 -77.72 -78.22 -78.44 -78.09 -77.16 -75.22 -73.12 -71.47 -70.47 -70.25 -70.69 -71.34 -71.53 -71.00 -70.16 -69.28 -68.53 -67.97 -67.44 -66.91 -66.25 -65.41 -64.59 -64.22 -64.19 -64.12 -64.09 -63.97 -63.72 -63.25 -62.62 -61.72 -60.94 -60.72 -60.88 -61.06 -61.19 -61.09 -60.97 -60.84 -60.72 -60.62 -60.47 -60.28 -60.06 -59.84 -59.69 -59.56 -59.47 -59.38 -59.28 -59.12 -58.94 -58.75 -58.56 -58.38
-81.50 -79.50 -78.00 -77.09 -76.97 -77.56 -78.44 -78.75 -78.81 -78.59 -78.06 -77.06 -76.06 -75.69 -75.81 -76.09 -76.78 -77.25 -77.19 -76.38 -74.69 -72.28 -70.31 -68.91 -68.28 -68.34 -68.75 -69.19 -69.19 -68.72 -67.94 -67.28 -66.78 -66.31 -65.84 -65.19 -64.38 -63.81 -63.59 -63.50 -63.41 -63.38 -63.31 -63.16 -62.84 -62.31 -61.56 -60.53 -59.84 -59.69 -59.84 -60.03 -60.22 -60.38 -60.41 -60.38 -60.34 -60.28 -60.16 -59.97 -59.81 -59.66 -59.56 -59.47 -59.41 -59.28 -59.16 -58.97 -58.78 -58.59 -58.38
-81.69 -80.22 -78.53 -77.31 -76.69 -77.03 -77.81 -78.09 -78.12 -77.94 -77.50 -76.84 -75.88 -75.00 -74.66 -74.62 -75.09 -75.88 -76.06 -75.47 -74.22 -71.62 -69.31 -67.47 -66.38 -66.00 -66.12 -66.44 -66.50 -66.25 -65.97 -65.81 -65.47 -65.16 -64.72 -63.88 -63.22 -62.97 -62.88 -62.75 -62.69 -62.66 -62.59 -62.50 -62.31 -61.91 -61.38 -60.53 -59.47 -58.88 -58.81 -59.03 -59.38 -59.72 -59.97 -60.06 -60.09 -60.09 -60.03 -59.91 -59.78 -59.66 -59.53 -59.47 -59.38 -59.25 -59.12 -58.97 -58.78 -58.59 -58.38
-81.06 -80.19 -79.12 -78.06 -77.12 -76.81 -77.34 -77.53 -77.50 -77.31 -76.97 -76.47 -75.84 -75.06 -74.19 -73.66 -73.72 -74.50 -74.81 -74.53 -73.59 -71.12 -68.50 -66.25 -64.59 -63.75 -63.53 -63.69 -63.78 -63.72 -63.78 -64.09 -64.06 -63.91 -63.50 -62.62 -62.12 -62.06 -62.09 -62.00 -61.94 -61.94 -61.88 -61.81 -61.69 -61.41 -61.00 -60.47 -59.50 -58.59 -58.25 -58.44 -58.84 -59.31 -59.62 -59.78 -59.88 -59.94 -59.91 -59.84 -59.72 -59.62 -59.50 -59.41 -59.28 -59.19 -59.06 -58.91 -58.75 -58.56 -58.38
-79.81 -79.50 -78.88 -78.19 -77.53 -77.00 -76.94 -77.03 -76.94 -76.75 -76.44 -76.03 -75.56 -75.00 -74.41 -73.62 -73.00 -73.34 -73.66 -73.53 -72.81 -70.56 -67.84 -65.28 -63.12 -61.72 -61.12 -61.09 -61.19 -61.38 -61.75 -62.38 -62.62 -62.66 -62.06 -61.34 -61.03 -61.09 -61.16 -61.22 -61.22 -61.22 -61.22 -61.16 -61.03 -60.84 -60.53 -60.16 -59.47 -58.59 -58.22 -58.41 -58.81 -59.19 -59.44 -59.59 -59.72 -59.81 -59.81 -59.78 -59.69 -59.56 -59.44 -59.31 -59.19 -59.09 -58.97 -58.84 -58.69 -58.53 -58.34
-77.75 -78.44 -78.28 -77.88 -77.41 -76.97 -76.69 -76.56 -76.41 -76.19 -75.91 -75.56 -75.16 -74.72 -74.22 -73.69 -73.06 -72.66 -72.69 -72.56 -71.88 -69.78 -67.19 -64.50 -62.00 -60.09 -59.09 -58.81 -58.97 -59.34 -60.00 -60.94 -61.25 -61.19 -60.53 -60.06 -59.94 -60.03 -60.19 -60.34 -60.50 -60.56 -60.56 -60.53 -60.44 -60.31 -60.06 -59.75 -59.19 -58.59 -58.41 -58.69 -58.91 -59.12 -59.31 -59.50 -59.62 -59.72 -59.75 -59.69 -59.59 -59.50 -59.38 -59.25 -59.09 -58.97 -58.84 -58.72 -58.56 -58.44 -58.25
-76.22 -77.16 -77.50 -77.34 -77.03 -76.69 -76.34 -76.12 -75.91 -75.62 -75.34 -75.03 -74.62 -74.22 -73.81 -73.41 -72.91 -72.38 -71.97 -71.53 -70.62 -68.81 -66.47 -63.81 -61.19 -58.97 -57.53 -57.00 -57.19 -57.75 -58.69 -59.72 -59.91 -59.56 -59.00 -58.75 -58.81 -59.00 -59.25 -59.53 -59.84 -59.97 -60.03 -60.00 -59.94 -59.81 -59.59 -59.28 -58.84 -58.56 -58.62 -58.81 -58.97 -59.12 -59.31 -59.44 -59.56 -59.62 -59.66 -59.62 -59.56 -59.44 -59.34 -59.19 -59.03 -58.88 -58.72 -58.56 -58.44 -58.28 -58.03
-75.22 -76.03 -76.69 -76.72 -76.56 -76.28 -75.97 -75.66 -75.38 -75.06 -74.78 -74.41 -73.91 -73.41 -73.12 -72.88 -72.53 -72.06 -71.47 -70.78 -69.59 -67.91 -65.75 -63.22 -60.59 -58.22 -56.50 -55.75 -55.94 -56.69 -57.81 -58.62 -58.72 -58.19 -57.69 -57.56 -57.75 -58.06 -58.47 -58.94 -59.28 -59.47 -59.56 -59.56 -59.50 -59.38 -59.19 -58.94 -58.69 -58.59 -58.72 -58.88 -59.00 -59.16 -59.31 -59.44 -59.56 -59.59 -59.62 -59.59 -59.53 -59.44 -59.34 -59.19 -59.03 -58.81 -58.56 -58.38 -58.16 -57.88 -57.72
