everonasctiles/Tile9,10.asc
ncols 128
nrows 128
xllcorner 0
yllcorner 0
cellsize 2.0
NODATA_value  -9999
[rows 68 to 101 of 128, columns 0 to 76 of 128]
-7.75 -7.59 -7.44 -7.38 -7.16 -6.94 -6.88 -6.81 -6.69 -6.66 -6.78 -6.81 -6.84 -6.62 -6.59 -6.41 -6.06 -5.94 -5.88 -5.78 -5.66 -5.66 -5.59 -5.59 -5.56 -5.59 -5.69 -5.81 -5.94 -5.91 -5.78 -5.56 -5.44 -5.50 -5.78 -5.81 -5.72 -5.66 -5.59 -5.72 -5.75 -5.72 -5.66 -5.53 -5.44 -5.47 -5.53 -5.62 -5.59 -5.50 -5.56 -5.62 -5.56 -5.62 -5.59 -5.59 -5.62 -5.66 -5.47 -5.22 -5.06 -5.19 -5.41 -5.34 -5.28 -5.34 -5.19 -5.50 -5.44 -5.62 -5.78 -5.84 -5.81 -5.50 -5.22 -5.12 -5.53
-7.56 -7.38 -7.25 -7.16 -7.00 -6.84 -6.72 -6.69 -6.50 -6.44 -6.31 -6.28 -6.34 -6.47 -6.53 -6.47 -6.41 -6.16 -5.97 -5.81 -5.72 -5.59 -5.53 -5.56 -5.50 -5.44 -5.41 -5.50 -5.72 -5.94 -5.97 -5.75 -5.53 -5.50 -5.66 -5.75 -5.66 -5.50 -5.53 -5.44 -5.47 -5.47 -5.44 -5.41 -5.28 -5.16 -5.06 -5.00 -5.09 -5.25 -5.19 -5.16 -5.16 -5.16 -5.19 -5.31 -5.47 -5.44 -5.44 -5.34 -5.25 -5.22 -5.44 -5.56 -5.56 -5.31 -5.19 -5.12 -4.97 -5.22 -5.44 -5.59 -5.50 -5.31 -5.09 -5.03 -5.06
-7.25 -7.12 -7.00 -6.81 -6.75 -6.59 -6.47 -6.44 -6.47 -6.38 -6.25 -6.00 -5.84 -5.81 -5.97 -6.16 -6.25 -6.25 -6.03 -5.84 -5.81 -5.69 -5.53 -5.47 -5.47 -5.41 -5.38 -5.31 -5.41 -5.53 -5.56 -5.59 -5.59 -5.53 -5.53 -5.56 -5.44 -5.28 -5.12 -5.03 -5.03 -5.03 -5.06 -5.03 -5.06 -5.06 -4.94 -4.81 -4.78 -4.81 -4.81 -4.78 -4.78 -4.88 -4.84 -4.88 -5.00 -5.06 -4.97 -4.91 -4.91 -5.09 -5.22 -5.47 -5.59 -5.50 -5.31 -5.09 -4.97 -4.91 -5.12 -5.41 -5.44 -5.28 -4.91 -4.88 -4.97
-7.22 -7.00 -6.69 -6.56 -6.34 -6.25 -6.12 -6.12 -6.12 -6.19 -6.09 -5.84 -5.62 -5.59 -5.50 -5.59 -5.75 -5.94 -5.91 -5.81 -5.69 -5.62 -5.59 -5.47 -5.41 -5.31 -5.31 -5.25 -5.16 -5.28 -5.44 -5.50 -5.47 -5.34 -5.31 -5.53 -5.62 -5.38 -5.00 -4.81 -4.75 -4.75 -4.78 -4.81 -4.84 -4.84 -4.81 -4.78 -4.75 -4.72 -4.66 -4.69 -4.72 -4.75 -4.69 -4.66 -4.69 -4.66 -4.59 -4.59 -4.59 -4.62 -4.72 -4.88 -5.28 -5.44 -5.44 -5.03 -4.88 -4.78 -4.97 -5.19 -5.38 -5.31 -5.09 -4.84 -4.66
-7.03 -6.91 -6.78 -6.59 -6.41 -6.31 -6.12 -6.06 -6.06 -5.97 -5.97 -5.94 -5.81 -5.62 -5.59 -5.56 -5.47 -5.53 -5.62 -5.69 -5.62 -5.50 -5.53 -5.41 -5.25 -5.28 -5.28 -5.16 -5.03 -5.00 -5.06 -5.25 -5.38 -5.38 -5.38 -5.44 -5.47 -5.34 -5.09 -4.84 -4.78 -4.72 -4.69 -4.72 -4.88 -4.94 -4.75 -4.69 -4.66 -4.62 -4.66 -4.62 -4.66 -4.69 -4.62 -4.56 -4.59 -4.59 -4.50 -4.47 -4.44 -4.50 -4.53 -4.62 -4.69 -5.03 -5.28 -5.00 -4.53 -4.53 -4.66 -4.75 -4.69 -4.75 -4.88 -4.94 -4.62
-6.84 -6.75 -6.62 -6.41 -6.44 -6.38 -6.28 -6.19 -6.06 -5.97 -5.81 -5.78 -5.69 -5.66 -5.56 -5.47 -5.47 -5.38 -5.25 -5.38 -5.44 -5.44 -5.34 -5.28 -5.22 -5.19 -4.97 -4.91 -4.84 -4.81 -4.88 -4.97 -5.03 -5.09 -5.16 -5.25 -5.34 -5.34 -5.25 -5.06 -4.97 -4.91 -4.75 -4.72 -4.84 -4.88 -4.88 -4.72 -4.59 -4.59 -4.62 -4.62 -4.56 -4.47 -4.47 -4.56 -4.56 -4.56 -4.56 -4.50 -4.44 -4.44 -4.62 -4.72 -4.97 -5.06 -5.09 -5.06 -4.81 -4.38 -4.25 -4.16 -4.12 -3.97 -4.03 -4.31 -4.44
-6.56 -6.47 -6.47 -6.41 -6.22 -6.28 -6.25 -6.22 -6.09 -5.91 -5.84 -5.69 -5.47 -5.38 -5.28 -5.34 -5.28 -5.19 -5.25 -5.09 -5.16 -5.31 -5.28 -5.22 -5.09 -5.00 -4.84 -4.75 -4.78 -4.81 -4.75 -4.84 -4.91 -4.97 -5.06 -5.12 -5.25 -5.19 -5.16 -5.16 -5.06 -4.91 -4.91 -4.88 -4.84 -4.75 -4.72 -4.69 -4.62 -4.56 -4.53 -4.50 -4.53 -4.53 -4.47 -4.47 -4.38 -4.41 -4.44 -4.66 -4.66 -4.72 -4.66 -4.69 -4.84 -5.09 -5.00 -4.84 -4.66 -4.47 -4.44 -4.25 -3.91 -3.84 -3.81 -3.84 -4.06
-6.47 -6.41 -6.31 -6.22 -6.03 -5.88 -5.75 -5.81 -5.81 -5.75 -5.72 -5.50 -5.38 -5.25 -5.25 -5.06 -5.06 -5.19 -5.25 -5.22 -5.16 -5.12 -5.06 -5.09 -4.97 -4.88 -4.84 -4.81 -4.75 -4.72 -4.72 -4.69 -4.81 -5.00 -5.12 -5.22 -5.25 -5.06 -4.91 -4.91 -4.91 -4.78 -4.72 -4.75 -4.78 -4.75 -4.66 -4.62 -4.59 -4.56 -4.53 -4.50 -4.44 -4.50 -4.50 -4.44 -4.50 -4.56 -4.59 -4.62 -4.56 -4.66 -4.62 -4.66 -4.72 -4.78 -4.69 -4.62 -4.28 -4.22 -4.19 -4.25 -4.03 -3.88 -3.81 -3.84 -3.84
-6.44 -6.38 -6.25 -6.12 -6.00 -5.81 -5.66 -5.56 -5.50 -5.53 -5.47 -5.47 -5.38 -5.19 -5.00 -4.88 -4.97 -5.16 -5.22 -5.12 -5.09 -4.94 -4.91 -4.94 -4.91 -4.88 -4.81 -4.81 -4.75 -4.72 -4.69 -4.69 -4.75 -4.88 -5.00 -5.19 -5.19 -4.97 -4.75 -4.69 -4.72 -4.69 -4.62 -4.62 -4.56 -4.59 -4.62 -4.59 -4.62 -4.62 -4.59 -4.59 -4.50 -4.47 -4.59 -4.72 -4.88 -4.88 -4.91 -4.75 -4.53 -4.34 -4.34 -4.22 -4.34 -4.50 -4.53 -4.44 -4.31 -4.22 -4.12 -4.03 -3.94 -3.88 -3.81 -3.78 -3.78
-6.31 -6.34 -6.25 -6.09 -5.97 -5.84 -5.78 -5.56 -5.50 -5.56 -5.44 -5.38 -5.44 -5.28 -5.09 -4.88 -4.97 -5.03 -5.00 -4.94 -4.91 -4.91 -4.81 -4.81 -4.81 -4.81 -4.81 -4.75 -4.75 -4.69 -4.62 -4.62 -4.62 -4.62 -4.81 -5.00 -5.09 -5.06 -4.81 -4.66 -4.75 -4.81 -4.72 -4.62 -4.53 -4.50 -4.50 -4.47 -4.53 -4.53 -4.59 -4.62 -4.56 -4.66 -4.84 -4.84 -4.81 -4.84 -4.88 -4.81 -4.72 -4.41 -4.06 -4.06 -4.22 -4.34 -4.31 -4.28 -4.19 -4.12 -4.06 -3.97 -3.91 -3.88 -3.81 -3.78 -3.78
-6.53 -6.50 -6.41 -6.25 -6.06 -5.97 -5.81 -5.75 -5.62 -5.69 -5.62 -5.41 -5.22 -5.06 -5.03 -5.00 -4.94 -4.91 -4.88 -4.84 -4.91 -4.91 -4.88 -4.84 -4.84 -4.81 -4.78 -4.75 -4.72 -4.69 -4.62 -4.59 -4.59 -4.56 -4.59 -4.66 -4.91 -5.06 -5.06 -4.94 -4.84 -4.91 -4.94 -4.78 -4.59 -4.53 -4.47 -4.44 -4.44 -4.47 -4.50 -4.53 -4.59 -4.69 -4.75 -4.78 -4.75 -4.66 -4.59 -4.56 -4.53 -4.44 -4.41 -4.34 -4.34 -4.28 -4.22 -4.16 -4.12 -4.06 -4.00 -3.94 -3.88 -3.84 -3.81 -3.78 -3.78
-6.69 -6.56 -6.38 -6.28 -6.19 -6.06 -5.94 -5.78 -5.78 -5.72 -5.69 -5.41 -5.31 -5.19 -5.09 -5.00 -4.91 -5.00 -5.06 -5.00 -4.97 -4.97 -4.81 -4.75 -4.72 -4.72 -4.69 -4.66 -4.56 -4.56 -4.59 -4.53 -4.53 -4.53 -4.50 -4.50 -4.59 -4.81 -5.00 -5.03 -5.03 -4.97 -5.00 -4.94 -4.88 -4.75 -4.59 -4.47 -4.44 -4.44 -4.44 -4.50 -4.59 -4.59 -4.56 -4.59 -4.59 -4.56 -4.50 -4.62 -4.69 -4.62 -4.56 -4.41 -4.25 -4.19 -4.12 -4.09 -4.03 -4.00 -3.94 -3.91 -3.84 -3.81 -3.81 -3.78 -3.78
-6.75 -6.62 -6.47 -6.22 -6.06 -5.91 -5.91 -5.88 -5.81 -5.72 -5.62 -5.59 -5.34 -5.34 -5.19 -5.09 -5.06 -5.09 -5.09 -5.12 -5.09 -5.03 -4.88 -4.75 -4.72 -4.66 -4.59 -4.53 -4.53 -4.50 -4.44 -4.44 -4.44 -4.44 -4.44 -4.44 -4.47 -4.50 -4.69 -4.88 -4.91 -4.94 -5.06 -5.09 -5.03 -4.97 -4.88 -4.75 -4.69 -4.69 -4.69 -4.69 -4.69 -4.66 -4.47 -4.41 -4.38 -4.38 -4.41 -4.56 -4.66 -4.75 -4.56 -4.31 -4.19 -4.12 -4.06 -4.03 -3.97 -3.94 -3.91 -3.88 -3.84 -3.81 -3.78 -3.78 -3.78
-6.62 -6.50 -6.34 -6.22 -6.06 -5.91 -5.75 -5.72 -5.69 -5.62 -5.62 -5.47 -5.50 -5.38 -5.28 -5.12 -5.06 -5.06 -5.09 -5.09 -5.06 -5.06 -4.94 -4.78 -4.69 -4.66 -4.59 -4.50 -4.47 -4.44 -4.41 -4.38 -4.34 -4.34 -4.38 -4.38 -4.41 -4.53 -4.69 -4.78 -4.88 -4.88 -4.81 -4.88 -4.94 -4.84 -4.69 -4.66 -4.66 -4.66 -4.69 -4.72 -4.69 -4.56 -4.56 -4.44 -4.34 -4.53 -4.72 -4.69 -4.62 -4.56 -4.47 -4.25 -4.12 -4.06 -4.00 -3.97 -3.94 -3.91 -3.88 -3.84 -3.81 -3.81 -3.78 -3.78 -3.81
-6.31 -6.19 -6.16 -6.09 -5.91 -5.69 -5.50 -5.50 -5.41 -5.34 -5.31 -5.31 -5.41 -5.41 -5.28 -5.16 -5.12 -5.03 -5.06 -5.12 -5.12 -5.16 -5.06 -4.91 -4.72 -4.66 -4.59 -4.53 -4.47 -4.38 -4.34 -4.34 -4.31 -4.31 -4.34 -4.34 -4.47 -4.66 -4.78 -4.88 -4.91 -4.88 -4.75 -4.72 -4.69 -4.59 -4.44 -4.28 -4.22 -4.19 -4.22 -4.19 -4.19 -4.22 -4.25 -4.22 -4.31 -4.41 -4.44 -4.59 -4.50 -4.47 -4.28 -4.12 -4.06 -4.00 -3.97 -3.91 -3.91 -3.88 -3.84 -3.81 -3.81 -3.78 -3.78 -3.81 -3.81
-6.22 -5.94 -5.81 -5.62 -5.59 -5.41 -5.19 -5.06 -5.03 -4.91 -5.03 -5.03 -5.12 -5.22 -5.12 -5.22 -5.16 -5.06 -5.03 -4.97 -4.91 -5.06 -5.06 -5.03 -4.94 -4.81 -4.72 -4.59 -4.50 -4.44 -4.41 -4.41 -4.41 -4.38 -4.34 -4.41 -4.53 -4.69 -4.78 -4.84 -4.84 -4.78 -4.62 -4.53 -4.47 -4.50 -4.41 -4.19 -4.12 -4.09 -4.06 -4.06 -3.97 -3.94 -4.09 -4.22 -4.25 -4.38 -4.41 -4.28 -4.25 -4.38 -4.19 -4.06 -4.00 -3.94 -3.91 -3.88 -3.88 -3.84 -3.81 -3.81 -3.78 -3.78 -3.81 -3.81 -3.84
-5.91 -5.59 -5.50 -5.31 -5.06 -4.94 -5.03 -5.06 -5.00 -5.00 -5.03 -4.94 -4.88 -4.97 -5.03 -5.12 -5.16 -5.06 -5.06 -5.00 -4.88 -4.84 -4.91 -4.94 -4.84 -4.81 -4.78 -4.75 -4.66 -4.62 -4.59 -4.50 -4.44 -4.34 -4.38 -4.47 -4.56 -4.66 -4.69 -4.72 -4.72 -4.59 -4.34 -4.09 -4.06 -4.16 -4.19 -4.06 -3.94 -3.84 -3.91 -3.97 -4.00 -4.03 -4.12 -4.22 -4.34 -4.41 -4.38 -4.34 -4.09 -3.94 -4.03 -4.00 -3.97 -3.91 -3.88 -3.84 -3.84 -3.81 -3.81 -3.81 -3.81 -3.81 -3.81 -3.84 -3.88
-5.75 -5.53 -5.28 -5.16 -4.94 -4.69 -4.78 -4.94 -4.88 -4.91 -4.88 -5.00 -5.06 -5.03 -5.06 -5.16 -5.16 -5.16 -5.00 -4.88 -4.75 -4.75 -4.69 -4.72 -4.75 -4.59 -4.50 -4.59 -4.56 -4.56 -4.53 -4.53 -4.47 -4.34 -4.38 -4.53 -4.62 -4.59 -4.53 -4.50 -4.44 -4.31 -4.12 -3.81 -3.56 -3.47 -3.44 -3.50 -3.41 -3.50 -3.62 -3.75 -3.88 -4.00 -3.91 -3.97 -4.16 -4.19 -4.16 -4.12 -4.12 -4.09 -3.94 -3.94 -3.94 -3.91 -3.88 -3.84 -3.84 -3.81 -3.81 -3.81 -3.81 -3.81 -3.84 -3.88 -3.94
-5.56 -5.53 -5.47 -5.31 -5.09 -4.78 -4.62 -4.81 -4.91 -4.91 -4.94 -5.16 -5.12 -5.06 -5.12 -5.00 -5.06 -5.06 -5.03 -4.81 -4.59 -4.56 -4.53 -4.69 -4.81 -4.78 -4.69 -4.59 -4.56 -4.62 -4.56 -4.47 -4.44 -4.41 -4.47 -4.56 -4.59 -4.50 -4.34 -4.19 -4.06 -4.00 -3.84 -3.56 -3.34 -3.16 -3.12 -3.06 -3.06 -3.19 -3.31 -3.47 -3.66 -3.84 -4.00 -3.97 -3.91 -4.03 -4.06 -4.09 -4.12 -4.16 -4.09 -3.91 -3.94 -3.91 -3.88 -3.84 -3.81 -3.81 -3.81 -3.81 -3.84 -3.84 -3.88 -3.91 -3.97
-5.59 -5.22 -5.16 -5.06 -4.97 -4.88 -4.78 -4.62 -4.62 -4.75 -4.91 -4.97 -5.06 -5.06 -4.81 -4.72 -4.94 -5.03 -4.84 -4.66 -4.53 -4.47 -4.53 -4.62 -4.75 -4.81 -4.84 -4.88 -4.75 -4.66 -4.62 -4.56 -4.53 -4.56 -4.59 -4.59 -4.59 -4.47 -4.25 -3.97 -3.72 -3.62 -3.62 -3.47 -3.16 -2.94 -2.88 -2.91 -2.94 -3.03 -3.12 -3.25 -3.38 -3.53 -3.72 -4.03 -4.06 -3.97 -3.97 -4.22 -4.38 -4.44 -4.34 -4.22 -4.00 -3.91 -3.88 -3.84 -3.84 -3.81 -3.81 -3.84 -3.84 -3.88 -3.91 -3.97 -4.03
-5.47 -5.34 -5.22 -5.22 -5.12 -5.00 -4.81 -4.66 -4.62 -4.72 -4.66 -4.66 -4.69 -4.56 -4.56 -4.62 -4.56 -4.53 -4.69 -4.84 -4.84 -4.69 -4.66 -4.56 -4.44 -4.62 -4.69 -4.75 -4.75 -4.75 -4.75 -4.78 -4.81 -4.78 -4.78 -4.72 -4.69 -4.53 -4.25 -3.84 -3.56 -3.34 -3.19 -3.12 -3.12 -2.84 -2.75 -2.78 -2.81 -2.91 -3.03 -3.12 -3.25 -3.41 -3.53 -3.62 -3.78 -3.91 -3.78 -4.00 -4.25 -4.34 -4.38 -4.41 -4.16 -3.94 -3.91 -3.88 -3.84 -3.84 -3.84 -3.88 -3.88 -3.94 -3.97 -4.03 -4.09
-5.62 -5.59 -5.50 -5.28 -5.16 -4.94 -4.75 -4.56 -4.47 -4.38 -4.44 -4.41 -4.38 -4.41 -4.38 -4.28 -4.22 -4.16 -4.22 -4.38 -4.66 -4.66 -4.59 -4.53 -4.56 -4.53 -4.56 -4.56 -4.56 -4.59 -4.59 -4.78 -4.91 -5.03 -5.00 -4.88 -4.72 -4.53 -4.25 -3.94 -3.53 -3.22 -2.97 -2.78 -2.62 -2.59 -2.62 -2.66 -2.75 -2.84 -2.94 -3.06 -3.19 -3.28 -3.41 -3.53 -3.66 -3.81 -3.53 -3.66 -3.78 -4.16 -4.28 -4.12 -4.19 -4.12 -3.91 -3.91 -3.88 -3.84 -3.88 -3.88 -3.91 -3.97 -4.03 -4.09 -4.19
-5.41 -5.44 -5.25 -5.09 -4.97 -4.75 -4.62 -4.53 -4.44 -4.28 -4.31 -4.41 -4.44 -4.41 -4.47 -4.28 -4.12 -3.91 -4.06 -4.19 -4.19 -4.25 -4.31 -4.47 -4.59 -4.62 -4.59 -4.59 -4.53 -4.47 -4.41 -4.50 -4.69 -4.81 -4.84 -4.84 -4.69 -4.38 -4.03 -3.59 -3.28 -2.97 -2.66 -2.38 -2.38 -2.44 -2.53 -2.59 -2.69 -2.78 -2.91 -3.03 -3.12 -3.25 -3.34 -3.44 -3.53 -3.62 -3.72 -3.66 -3.69 -3.84 -3.97 -3.97 -4.09 -4.16 -4.19 -3.88 -3.91 -4.00 -4.00 -3.97 -4.00 -4.03 -4.09 -4.16 -4.25
-5.34 -5.31 -5.31 -5.25 -5.12 -5.00 -4.84 -4.88 -4.69 -4.50 -4.41 -4.38 -4.28 -4.44 -4.38 -4.25 -4.16 -3.94 -3.84 -3.84 -3.88 -4.06 -4.28 -4.34 -4.41 -4.56 -4.66 -4.69 -4.62 -4.50 -4.38 -4.44 -4.53 -4.56 -4.53 -4.44 -4.41 -4.28 -3.97 -3.50 -3.06 -2.72 -2.44 -2.19 -2.25 -2.38 -2.47 -2.56 -2.66 -2.78 -2.91 -3.00 -3.12 -3.22 -3.31 -3.41 -3.50 -3.56 -3.66 -3.72 -3.72 -3.75 -3.97 -4.16 -4.22 -4.03 -3.91 -3.94 -3.88 -3.97 -4.03 -4.16 -4.16 -4.25 -4.31 -4.44 -4.44
-5.31 -5.34 -5.22 -5.22 -5.09 -5.03 -5.00 -4.91 -4.81 -4.59 -4.47 -4.47 -4.38 -4.38 -4.41 -4.38 -4.22 -4.06 -3.97 -3.88 -3.91 -4.09 -4.25 -4.38 -4.47 -4.50 -4.59 -4.66 -4.66 -4.56 -4.41 -4.41 -4.41 -4.38 -4.38 -4.34 -4.25 -4.12 -3.81 -3.41 -2.97 -2.56 -2.25 -2.09 -2.22 -2.34 -2.44 -2.56 -2.66 -2.78 -2.91 -3.00 -3.12 -3.22 -3.31 -3.41 -3.50 -3.56 -3.62 -3.66 -3.69 -3.97 -4.06 -4.06 -4.19 -4.22 -4.25 -4.16 -4.00 -4.06 -3.91 -4.03 -4.22 -4.34 -4.50 -4.53 -4.62
-5.19 -5.34 -5.47 -5.44 -5.28 -5.09 -4.91 -4.81 -4.75 -4.69 -4.62 -4.62 -4.62 -4.56 -4.47 -4.41 -4.41 -4.47 -4.44 -4.31 -4.25 -4.25 -4.25 -4.34 -4.41 -4.50 -4.59 -4.59 -4.62 -4.62 -4.56 -4.47 -4.44 -4.34 -4.28 -4.22 -4.19 -4.06 -3.75 -3.47 -3.12 -2.72 -2.38 -2.12 -2.25 -2.34 -2.47 -2.59 -2.69 -2.81 -2.94 -3.06 -3.16 -3.25 -3.34 -3.41 -3.50 -3.56 -3.62 -3.72 -3.75 -3.84 -3.94 -3.97 -3.84 -3.97 -4.28 -4.41 -4.38 -4.22 -4.38 -4.28 -4.31 -4.47 -4.62 -4.69 -4.69
-4.94 -5.19 -5.31 -5.34 -5.28 -5.16 -4.97 -4.88 -4.81 -4.78 -4.78 -4.72 -4.59 -4.53 -4.53 -4.56 -4.50 -4.44 -4.41 -4.47 -4.38 -4.38 -4.31 -4.34 -4.41 -4.47 -4.50 -4.56 -4.62 -4.69 -4.72 -4.62 -4.59 -4.41 -4.28 -4.12 -4.03 -3.97 -3.84 -3.59 -3.25 -2.94 -2.72 -2.31 -2.31 -2.41 -2.53 -2.62 -2.75 -2.88 -3.00 -3.09 -3.19 -3.28 -3.34 -3.44 -3.50 -3.56 -3.62 -3.69 -3.78 -3.84 -3.88 -3.81 -3.91 -3.91 -3.94 -4.12 -4.31 -4.38 -4.47 -4.75 -4.78 -4.75 -4.88 -4.88 -4.97
-4.56 -4.84 -5.03 -5.16 -5.19 -5.19 -5.03 -4.88 -4.78 -4.72 -4.66 -4.62 -4.66 -4.66 -4.66 -4.53 -4.47 -4.41 -4.38 -4.38 -4.31 -4.28 -4.31 -4.34 -4.41 -4.47 -4.44 -4.44 -4.47 -4.56 -4.62 -4.62 -4.56 -4.50 -4.41 -4.28 -4.12 -4.00 -3.84 -3.56 -3.25 -2.97 -2.78 -2.59 -2.44 -2.50 -2.59 -2.72 -2.84 -2.97 -3.06 -3.16 -3.25 -3.31 -3.38 -3.47 -3.50 -3.56 -3.62 -3.69 -3.75 -3.81 -3.88 -3.94 -3.97 -3.94 -4.00 -4.00 -4.22 -4.38 -4.56 -4.81 -4.94 -4.94 -5.00 -5.12 -5.31
-4.28 -4.53 -4.88 -4.97 -5.09 -5.03 -5.00 -4.84 -4.59 -4.44 -4.44 -4.44 -4.50 -4.41 -4.47 -4.44 -4.38 -4.44 -4.38 -4.38 -4.34 -4.25 -4.25 -4.28 -4.31 -4.41 -4.44 -4.47 -4.50 -4.53 -4.53 -4.44 -4.41 -4.31 -4.28 -4.25 -4.25 -4.19 -3.97 -3.66 -3.31 -3.03 -2.81 -2.62 -2.56 -2.62 -2.69 -2.81 -2.94 -3.06 -3.16 -3.22 -3.31 -3.38 -3.44 -3.47 -3.53 -3.56 -3.62 -3.69 -3.75 -3.78 -3.84 -3.91 -3.97 -4.03 -4.12 -4.22 -4.34 -4.44 -4.56 -4.81 -4.91 -4.81 -4.94 -5.09 -5.25
-4.00 -4.00 -4.34 -4.59 -4.84 -4.94 -4.84 -4.66 -4.66 -4.56 -4.34 -4.22 -4.31 -4.22 -4.22 -4.31 -4.31 -4.38 -4.41 -4.38 -4.34 -4.25 -4.09 -4.16 -4.19 -4.28 -4.38 -4.41 -4.41 -4.44 -4.47 -4.41 -4.41 -4.34 -4.28 -4.25 -4.22 -4.16 -3.94 -3.72 -3.44 -3.28 -3.03 -2.88 -2.72 -2.75 -2.81 -2.94 -3.06 -3.16 -3.25 -3.31 -3.38 -3.41 -3.47 -3.50 -3.53 -3.59 -3.62 -3.66 -3.72 -3.78 -3.84 -3.88 -3.94 -4.03 -4.09 -4.22 -4.31 -4.44 -4.56 -4.66 -4.72 -4.75 -4.78 -4.72 -4.69
-3.75 -3.72 -3.75 -4.12 -4.38 -4.56 -4.56 -4.59 -4.53 -4.44 -4.22 -4.06 -3.97 -4.12 -4.19 -4.25 -4.31 -4.25 -4.31 -4.31 -4.28 -4.19 -4.16 -4.06 -4.00 -4.00 -4.16 -4.34 -4.47 -4.47 -4.47 -4.41 -4.44 -4.50 -4.47 -4.34 -4.28 -4.19 -4.03 -3.81 -3.66 -3.53 -3.38 -3.19 -3.06 -2.91 -2.97 -3.06 -3.19 -3.28 -3.34 -3.41 -3.44 -3.47 -3.50 -3.53 -3.56 -3.59 -3.62 -3.66 -3.69 -3.75 -3.81 -3.88 -3.94 -4.00 -4.09 -4.19 -4.28 -4.41 -4.50 -4.62 -4.69 -4.72 -4.75 -4.78 -4.78
-3.50 -3.44 -3.34 -3.53 -3.91 -4.16 -4.25 -4.22 -4.22 -4.34 -4.31 -4.00 -3.94 -4.03 -4.03 -4.00 -4.12 -4.03 -4.03 -4.19 -4.22 -4.09 -4.03 -3.97 -3.91 -3.97 -4.06 -4.12 -4.34 -4.47 -4.50 -4.53 -4.53 -4.69 -4.69 -4.59 -4.44 -4.31 -4.12 -3.91 -3.69 -3.56 -3.44 -3.25 -3.16 -3.03 -3.09 -3.22 -3.34 -3.41 -3.47 -3.50 -3.53 -3.53 -3.53 -3.56 -3.56 -3.59 -3.59 -3.62 -3.69 -3.72 -3.78 -3.84 -3.91 -3.97 -4.06 -4.16 -4.25 -4.34 -4.47 -4.53 -4.62 -4.69 -4.78 -4.78 -4.75
-3.25 -3.38 -3.34 -3.28 -3.47 -3.66 -3.84 -4.00 -4.19 -4.19 -4.19 -4.22 -4.19 -4.22 -4.16 -4.09 -4.06 -4.00 -3.97 -3.91 -3.91 -3.91 -3.97 -3.97 -4.00 -4.03 -4.09 -4.09 -4.16 -4.25 -4.34 -4.44 -4.56 -4.66 -4.78 -4.81 -4.69 -4.53 -4.28 -4.06 -3.88 -3.75 -3.69 -3.50 -3.31 -3.25 -3.25 -3.38 -3.50 -3.56 -3.59 -3.59 -3.59 -3.59 -3.56 -3.56 -3.56 -3.56 -3.59 -3.62 -3.66 -3.69 -3.75 -3.81 -3.88 -3.94 -4.00 -4.09 -4.19 -4.28 -4.38 -4.47 -4.53 -4.59 -4.66 -4.53 -4.47
-3.00 -3.19 -3.44 -3.75 -3.91 -4.06 -4.16 -4.22 -4.19 -4.16 -4.12 -4.19 -4.25 -4.22 -4.25 -4.19 -4.16 -4.03 -4.03 -4.06 -4.00 -3.94 -3.94 -3.97 -4.00 -4.03 -4.06 -4.12 -4.12 -4.16 -4.28 -4.41 -4.41 -4.50 -4.62 -4.69 -4.69 -4.59 -4.50 -4.38 -4.25 -4.12 -4.00 -3.84 -3.78 -3.75 -3.69 -3.78 -3.69 -3.72 -3.72 -3.69 -3.69 -3.62 -3.59 -3.56 -3.56 -3.56 -3.56 -3.59 -3.62 -3.66 -3.69 -3.75 -3.81 -3.88 -3.97 -4.03 -4.12 -4.22 -4.31 -4.38 -4.47 -4.50 -4.56 -4.53 -4.47
