everonasctiles/Tile31,49.asc
ncols 128
nrows 128
xllcorner 0
yllcorner 0
cellsize 2.0
NODATA_value  -9999
[rows 58 to 86 of 128, columns 0 to 66 of 128]
-102.81 -102.81 -102.81 -102.81 -102.81 -102.81 -102.81 -102.84 -102.84 -102.88 -102.91 -102.91 -102.94 -102.94 -102.94 -102.97 -102.97 -102.97 -102.97 -102.94 -102.94 -102.94 -102.94 -102.94 -102.97 -102.97 -103.00 -103.03 -103.03 -103.06 -103.06 -103.06 -103.09 -103.09 -103.09 -103.09 -103.09 -103.12 -103.12 -103.16 -103.16 -103.19 -103.19 -103.19 -103.22 -103.22 -103.22 -103.22 -103.22 -103.22 -103.22 -103.22 -103.22 -103.22 -103.22 -103.19 -103.19 -103.19 -103.19 -103.22 -103.22 -103.22 -103.25 -103.25 -103.28 -103.28 -103.28
-102.81 -102.78 -102.78 -102.78 -102.78 -102.78 -102.78 -102.81 -102.81 -102.84 -102.88 -102.88 -102.91 -102.91 -102.94 -102.94 -102.94 -102.94 -102.94 -102.94 -102.94 -102.94 -102.94 -102.94 -102.97 -102.97 -103.00 -103.00 -103.03 -103.03 -103.06 -103.06 -103.06 -103.06 -103.06 -103.09 -103.09 -103.12 -103.12 -103.16 -103.16 -103.19 -103.19 -103.19 -103.19 -103.19 -103.22 -103.22 -103.22 -103.22 -103.22 -103.22 -103.22 -103.22 -103.19 -103.19 -103.19 -103.19 -103.19 -103.22 -103.22 -103.22 -103.25 -103.25 -103.25 -103.28 -103.28
-102.78 -102.78 -102.75 -102.75 -102.75 -102.75 -102.75 -102.78 -102.81 -102.81 -102.84 -102.88 -102.88 -102.91 -102.91 -102.91 -102.91 -102.91 -102.91 -102.91 -102.91 -102.94 -102.94 -102.94 -102.97 -102.97 -103.00 -103.00 -103.00 -103.03 -103.03 -103.03 -103.03 -103.06 -103.06 -103.09 -103.09 -103.12 -103.12 -103.16 -103.16 -103.19 -103.19 -103.19 -103.19 -103.19 -103.19 -103.22 -103.22 -103.22 -103.22 -103.22 -103.19 -103.19 -103.19 -103.19 -103.19 -103.19 -103.19 -103.22 -103.22 -103.22 -103.25 -103.25 -103.25 -103.25 -103.25
-102.75 -102.75 -102.72 -102.72 -102.72 -102.72 -102.72 -102.75 -102.78 -102.78 -102.81 -102.84 -102.84 -102.88 -102.88 -102.88 -102.88 -102.91 -102.91 -102.91 -102.91 -102.91 -102.91 -102.94 -102.94 -102.97 -102.97 -103.00 -103.00 -103.00 -103.00 -103.00 -103.03 -103.03 -103.06 -103.09 -103.09 -103.12 -103.12 -103.16 -103.16 -103.16 -103.19 -103.19 -103.19 -103.19 -103.19 -103.19 -103.19 -103.19 -103.19 -103.19 -103.19 -103.19 -103.16 -103.16 -103.19 -103.19 -103.19 -103.22 -103.22 -103.22 -103.25 -103.25 -103.25 -103.25 -103.25
-102.72 -102.72 -102.69 -102.69 -102.69 -102.69 -102.72 -102.72 -102.75 -102.78 -102.78 -102.81 -102.81 -102.84 -102.84 -102.88 -102.88 -102.88 -102.88 -102.88 -102.88 -102.91 -102.91 -102.91 -102.94 -102.94 -102.97 -102.97 -102.97 -102.97 -103.00 -103.00 -103.03 -103.03 -103.06 -103.09 -103.12 -103.12 -103.12 -103.16 -103.16 -103.16 -103.16 -103.19 -103.19 -103.19 -103.19 -103.19 -103.19 -103.19 -103.19 -103.19 -103.16 -103.16 -103.16 -103.19 -103.19 -103.19 -103.22 -103.22 -103.22 -103.25 -103.25 -103.25 -103.25 -103.25 -103.25
-102.69 -102.66 -102.66 -102.66 -102.66 -102.66 -102.69 -102.69 -102.72 -102.75 -102.75 -102.78 -102.81 -102.81 -102.84 -102.84 -102.84 -102.84 -102.84 -102.84 -102.88 -102.88 -102.88 -102.91 -102.91 -102.91 -102.94 -102.94 -102.94 -102.97 -102.97 -103.00 -103.00 -103.03 -103.06 -103.09 -103.12 -103.12 -103.12 -103.16 -103.16 -103.16 -103.16 -103.16 -103.19 -103.19 -103.19 -103.19 -103.19 -103.19 -103.19 -103.16 -103.16 -103.16 -103.16 -103.19 -103.19 -103.22 -103.22 -103.22 -103.25 -103.25 -103.25 -103.25 -103.25 -103.25 -103.25
-102.62 -102.62 -102.62 -102.62 -102.62 -102.62 -102.66 -102.69 -102.69 -102.72 -102.75 -102.75 -102.78 -102.78 -102.81 -102.81 -102.81 -102.81 -102.84 -102.84 -102.84 -102.84 -102.84 -102.88 -102.88 -102.88 -102.91 -102.91 -102.94 -102.94 -102.97 -102.97 -103.00 -103.03 -103.06 -103.09 -103.09 -103.12 -103.12 -103.12 -103.16 -103.16 -103.16 -103.16 -103.16 -103.16 -103.16 -103.16 -103.16 -103.16 -103.16 -103.16 -103.16 -103.16 -103.16 -103.19 -103.22 -103.22 -103.22 -103.25 -103.25 -103.25 -103.25 -103.25 -103.25 -103.25 -103.25
-102.59 -102.59 -102.59 -102.59 -102.59 -102.59 -102.62 -102.66 -102.66 -102.69 -102.72 -102.72 -102.75 -102.75 -102.78 -102.78 -102.78 -102.81 -102.81 -102.81 -102.81 -102.81 -102.81 -102.84 -102.84 -102.84 -102.88 -102.88 -102.91 -102.91 -102.94 -102.97 -103.00 -103.03 -103.06 -103.06 -103.09 -103.12 -103.12 -103.12 -103.12 -103.12 -103.16 -103.16 -103.16 -103.16 -103.16 -103.16 -103.16 -103.16 -103.16 -103.16 -103.16 -103.16 -103.19 -103.19 -103.22 -103.22 -103.25 -103.25 -103.25 -103.25 -103.25 -103.25 -103.25 -103.25 -103.25
-102.53 -102.53 -102.53 -102.53 -102.56 -102.56 -102.59 -102.62 -102.62 -102.66 -102.69 -102.69 -102.72 -102.72 -102.75 -102.75 -102.75 -102.78 -102.78 -102.78 -102.78 -102.78 -102.78 -102.78 -102.81 -102.81 -102.84 -102.84 -102.88 -102.91 -102.91 -102.94 -102.97 -103.00 -103.03 -103.06 -103.06 -103.09 -103.09 -103.12 -103.12 -103.12 -103.12 -103.12 -103.12 -103.16 -103.16 -103.12 -103.12 -103.12 -103.12 -103.12 -103.16 -103.16 -103.19 -103.19 -103.22 -103.22 -103.25 -103.25 -103.25 -103.25 -103.25 -103.25 -103.25 -103.25 -103.25
-102.50 -102.50 -102.50 -102.50 -102.50 -102.53 -102.56 -102.56 -102.59 -102.62 -102.62 -102.66 -102.69 -102.69 -102.69 -102.72 -102.72 -102.72 -102.75 -102.75 -102.75 -102.75 -102.75 -102.75 -102.75 -102.78 -102.81 -102.81 -102.84 -102.88 -102.91 -102.94 -102.94 -102.97 -103.00 -103.03 -103.06 -103.06 -103.09 -103.09 -103.09 -103.12 -103.12 -103.12 -103.12 -103.12 -103.12 -103.12 -103.12 -103.12 -103.12 -103.12 -103.12 -103.16 -103.16 -103.19 -103.22 -103.22 -103.22 -103.25 -103.25 -103.25 -103.25 -103.25 -103.25 -103.25 -103.25
-102.44 -102.44 -102.44 -102.44 -102.47 -102.47 -102.50 -102.53 -102.56 -102.56 -102.59 -102.62 -102.62 -102.66 -102.66 -102.69 -102.69 -102.69 -102.69 -102.69 -102.69 -102.69 -102.69 -102.72 -102.72 -102.75 -102.75 -102.78 -102.81 -102.84 -102.88 -102.91 -102.94 -102.94 -102.97 -103.00 -103.03 -103.03 -103.06 -103.06 -103.09 -103.09 -103.09 -103.09 -103.12 -103.12 -103.12 -103.12 -103.09 -103.09 -103.12 -103.12 -103.12 -103.16 -103.16 -103.19 -103.19 -103.22 -103.22 -103.22 -103.25 -103.25 -103.25 -103.25 -103.25 -103.25 -103.22
-102.38 -102.41 -102.41 -102.41 -102.44 -102.44 -102.47 -102.50 -102.50 -102.53 -102.56 -102.59 -102.59 -102.62 -102.62 -102.66 -102.66 -102.66 -102.66 -102.66 -102.66 -102.66 -102.66 -102.66 -102.69 -102.69 -102.72 -102.75 -102.78 -102.81 -102.84 -102.88 -102.91 -102.94 -102.94 -102.97 -103.00 -103.00 -103.03 -103.06 -103.06 -103.06 -103.09 -103.09 -103.09 -103.09 -103.09 -103.09 -103.09 -103.09 -103.09 -103.12 -103.12 -103.16 -103.16 -103.19 -103.19 -103.19 -103.22 -103.22 -103.22 -103.22 -103.22 -103.25 -103.25 -103.22 -103.22
-102.34 -102.38 -102.38 -102.38 -102.41 -102.41 -102.44 -102.47 -102.47 -102.50 -102.53 -102.56 -102.56 -102.59 -102.59 -102.62 -102.62 -102.62 -102.62 -102.62 -102.62 -102.62 -102.62 -102.62 -102.66 -102.66 -102.69 -102.72 -102.75 -102.78 -102.81 -102.84 -102.88 -102.88 -102.91 -102.94 -102.97 -102.97 -103.00 -103.03 -103.03 -103.06 -103.06 -103.06 -103.06 -103.06 -103.06 -103.09 -103.09 -103.09 -103.09 -103.12 -103.12 -103.12 -103.16 -103.16 -103.19 -103.19 -103.19 -103.22 -103.22 -103.22 -103.22 -103.22 -103.22 -103.22 -103.22
-102.34 -102.34 -102.34 -102.38 -102.38 -102.41 -102.44 -102.44 -102.47 -102.50 -102.50 -102.53 -102.56 -102.56 -102.56 -102.59 -102.59 -102.59 -102.59 -102.59 -102.59 -102.59 -102.59 -102.59 -102.62 -102.62 -102.66 -102.69 -102.72 -102.75 -102.78 -102.81 -102.84 -102.84 -102.88 -102.91 -102.94 -102.94 -102.97 -103.00 -103.00 -103.03 -103.03 -103.03 -103.06 -103.06 -103.06 -103.06 -103.06 -103.09 -103.09 -103.09 -103.12 -103.12 -103.16 -103.16 -103.16 -103.19 -103.19 -103.19 -103.22 -103.22 -103.22 -103.22 -103.22 -103.22 -103.22
-102.34 -102.34 -102.38 -102.38 -102.41 -102.41 -102.44 -102.44 -102.47 -102.47 -102.50 -102.53 -102.53 -102.56 -102.56 -102.56 -102.56 -102.56 -102.56 -102.53 -102.56 -102.56 -102.56 -102.56 -102.59 -102.62 -102.62 -102.66 -102.69 -102.72 -102.75 -102.78 -102.81 -102.81 -102.84 -102.88 -102.91 -102.94 -102.94 -102.97 -103.00 -103.00 -103.00 -103.03 -103.03 -103.03 -103.03 -103.06 -103.06 -103.06 -103.09 -103.09 -103.09 -103.12 -103.12 -103.16 -103.16 -103.16 -103.19 -103.19 -103.19 -103.19 -103.19 -103.19 -103.19 -103.19 -103.22
-102.38 -102.38 -102.38 -102.41 -102.41 -102.44 -102.44 -102.44 -102.47 -102.47 -102.50 -102.50 -102.53 -102.53 -102.53 -102.53 -102.53 -102.53 -102.53 -102.53 -102.53 -102.53 -102.53 -102.56 -102.59 -102.59 -102.62 -102.66 -102.69 -102.72 -102.72 -102.75 -102.78 -102.81 -102.81 -102.84 -102.88 -102.91 -102.94 -102.94 -102.97 -102.97 -103.00 -103.00 -103.00 -103.03 -103.03 -103.03 -103.06 -103.06 -103.09 -103.09 -103.09 -103.12 -103.12 -103.12 -103.16 -103.16 -103.16 -103.19 -103.19 -103.19 -103.19 -103.19 -103.19 -103.19 -103.19
-102.38 -102.41 -102.41 -102.44 -102.44 -102.44 -102.47 -102.47 -102.47 -102.50 -102.50 -102.50 -102.53 -102.53 -102.53 -102.53 -102.53 -102.53 -102.50 -102.50 -102.53 -102.53 -102.56 -102.56 -102.59 -102.59 -102.62 -102.66 -102.69 -102.69 -102.72 -102.75 -102.78 -102.78 -102.81 -102.84 -102.88 -102.91 -102.91 -102.94 -102.97 -102.97 -102.97 -103.00 -103.00 -103.00 -103.03 -103.03 -103.03 -103.06 -103.06 -103.09 -103.09 -103.09 -103.12 -103.12 -103.12 -103.16 -103.16 -103.16 -103.16 -103.19 -103.19 -103.19 -103.19 -103.19 -103.19
-102.41 -102.41 -102.44 -102.44 -102.47 -102.47 -102.47 -102.47 -102.50 -102.50 -102.50 -102.53 -102.53 -102.53 -102.53 -102.53 -102.53 -102.53 -102.53 -102.53 -102.53 -102.53 -102.56 -102.59 -102.59 -102.62 -102.62 -102.66 -102.69 -102.69 -102.72 -102.75 -102.78 -102.78 -102.81 -102.84 -102.88 -102.91 -102.91 -102.94 -102.94 -102.97 -102.97 -103.00 -103.00 -103.00 -103.03 -103.03 -103.03 -103.06 -103.06 -103.09 -103.09 -103.09 -103.09 -103.12 -103.12 -103.12 -103.12 -103.16 -103.16 -103.16 -103.16 -103.16 -103.16 -103.16 -103.16
-102.44 -102.44 -102.44 -102.47 -102.47 -102.47 -102.50 -102.50 -102.50 -102.53 -102.53 -102.53 -102.53 -102.53 -102.53 -102.53 -102.53 -102.53 -102.53 -102.53 -102.56 -102.56 -102.59 -102.59 -102.62 -102.62 -102.66 -102.66 -102.69 -102.72 -102.72 -102.75 -102.78 -102.81 -102.81 -102.84 -102.88 -102.91 -102.91 -102.94 -102.94 -102.97 -102.97 -103.00 -103.00 -103.00 -103.00 -103.03 -103.03 -103.03 -103.06 -103.06 -103.09 -103.09 -103.09 -103.09 -103.09 -103.12 -103.12 -103.12 -103.12 -103.12 -103.16 -103.16 -103.16 -103.16 -103.16
-102.44 -102.44 -102.47 -102.47 -102.47 -102.50 -102.50 -102.50 -102.53 -102.53 -102.53 -102.53 -102.56 -102.53 -102.53 -102.53 -102.56 -102.56 -102.56 -102.56 -102.56 -102.59 -102.59 -102.62 -102.62 -102.66 -102.66 -102.69 -102.69 -102.72 -102.75 -102.78 -102.78 -102.81 -102.84 -102.84 -102.88 -102.91 -102.91 -102.94 -102.94 -102.97 -102.97 -103.00 -103.00 -103.00 -103.00 -103.03 -103.03 -103.03 -103.06 -103.06 -103.06 -103.09 -103.09 -103.09 -103.09 -103.09 -103.09 -103.09 -103.12 -103.12 -103.12 -103.12 -103.16 -103.16 -103.16
-102.44 -102.44 -102.47 -102.47 -102.50 -102.50 -102.50 -102.53 -102.53 -102.53 -102.53 -102.56 -102.56 -102.56 -102.56 -102.56 -102.56 -102.56 -102.56 -102.56 -102.59 -102.59 -102.62 -102.62 -102.66 -102.66 -102.66 -102.69 -102.72 -102.72 -102.75 -102.78 -102.81 -102.81 -102.84 -102.84 -102.88 -102.91 -102.91 -102.94 -102.94 -102.97 -102.97 -103.00 -103.00 -103.00 -103.00 -103.03 -103.03 -103.03 -103.03 -103.06 -103.06 -103.09 -103.09 -103.09 -103.09 -103.09 -103.09 -103.09 -103.09 -103.12 -103.12 -103.12 -103.16 -103.16 -103.16
-102.47 -102.47 -102.47 -102.47 -102.50 -102.50 -102.53 -102.53 -102.53 -102.53 -102.53 -102.56 -102.56 -102.56 -102.56 -102.56 -102.56 -102.56 -102.59 -102.59 -102.59 -102.62 -102.62 -102.66 -102.66 -102.66 -102.69 -102.69 -102.72 -102.72 -102.75 -102.78 -102.81 -102.81 -102.84 -102.84 -102.88 -102.88 -102.91 -102.94 -102.94 -102.97 -102.97 -102.97 -103.00 -103.00 -103.00 -103.03 -103.03 -103.03 -103.03 -103.06 -103.06 -103.06 -103.06 -103.06 -103.06 -103.06 -103.06 -103.06 -103.09 -103.09 -103.12 -103.16 -103.16 -103.16 -103.19
-102.47 -102.47 -102.47 -102.50 -102.50 -102.50 -102.53 -102.53 -102.53 -102.53 -102.53 -102.56 -102.56 -102.56 -102.56 -102.56 -102.59 -102.59 -102.59 -102.62 -102.62 -102.62 -102.66 -102.66 -102.66 -102.69 -102.69 -102.72 -102.72 -102.75 -102.75 -102.78 -102.81 -102.81 -102.84 -102.84 -102.88 -102.88 -102.91 -102.94 -102.94 -102.97 -102.97 -102.97 -103.00 -103.00 -103.00 -103.03 -103.03 -103.03 -103.03 -103.06 -103.06 -103.06 -103.06 -103.06 -103.06 -103.06 -103.06 -103.06 -103.09 -103.09 -103.12 -103.16 -103.16 -103.19 -103.19
-102.47 -102.47 -102.47 -102.50 -102.50 -102.53 -102.53 -102.53 -102.53 -102.53 -102.53 -102.56 -102.56 -102.56 -102.56 -102.59 -102.59 -102.62 -102.62 -102.62 -102.66 -102.66 -102.66 -102.69 -102.69 -102.69 -102.72 -102.72 -102.72 -102.75 -102.75 -102.78 -102.81 -102.81 -102.84 -102.84 -102.84 -102.88 -102.91 -102.91 -102.94 -102.97 -102.97 -102.97 -103.00 -103.00 -103.00 -103.03 -103.03 -103.03 -103.03 -103.06 -103.06 -103.06 -103.06 -103.06 -103.06 -103.06 -103.06 -103.06 -103.09 -103.12 -103.12 -103.16 -103.16 -103.19 -103.19
-102.47 -102.47 -102.50 -102.50 -102.50 -102.53 -102.53 -102.53 -102.53 -102.53 -102.53 -102.56 -102.56 -102.56 -102.59 -102.59 -102.62 -102.62 -102.62 -102.66 -102.66 -102.66 -102.69 -102.69 -102.69 -102.72 -102.72 -102.72 -102.75 -102.75 -102.78 -102.78 -102.81 -102.81 -102.84 -102.84 -102.84 -102.88 -102.91 -102.91 -102.94 -102.94 -102.97 -102.97 -102.97 -103.00 -103.00 -103.03 -103.03 -103.03 -103.03 -103.03 -103.06 -103.06 -103.06 -103.06 -103.06 -103.06 -103.06 -103.06 -103.09 -103.12 -103.16 -103.16 -103.16 -103.19 -103.19
-102.47 -102.50 -102.50 -102.50 -102.50 -102.53 -102.53 -102.53 -102.53 -102.53 -102.53 -102.53 -102.56 -102.56 -102.59 -102.62 -102.62 -102.62 -102.66 -102.66 -102.69 -102.69 -102.69 -102.69 -102.72 -102.72 -102.72 -102.75 -102.75 -102.75 -102.78 -102.78 -102.81 -102.81 -102.84 -102.84 -102.84 -102.88 -102.88 -102.91 -102.94 -102.94 -102.94 -102.97 -102.97 -103.00 -103.00 -103.03 -103.03 -103.03 -103.03 -103.03 -103.03 -103.06 -103.06 -103.06 -103.06 -103.06 -103.06 -103.06 -103.09 -103.12 -103.16 -103.16 -103.16 -103.19 -103.19
-102.50 -102.50 -102.50 -102.50 -102.53 -102.53 -102.53 -102.53 -102.53 -102.53 -102.53 -102.53 -102.56 -102.56 -102.59 -102.62 -102.62 -102.66 -102.66 -102.69 -102.69 -102.69 -102.72 -102.72 -102.72 -102.72 -102.75 -102.75 -102.75 -102.75 -102.78 -102.78 -102.81 -102.81 -102.84 -102.84 -102.84 -102.88 -102.88 -102.91 -102.91 -102.94 -102.94 -102.97 -102.97 -103.00 -103.00 -103.03 -103.03 -103.03 -103.03 -103.03 -103.03 -103.03 -103.06 -103.06 -103.06 -103.06 -103.06 -103.06 -103.09 -103.09 -103.12 -103.16 -103.16 -103.19 -103.19
-102.50 -102.50 -102.50 -102.53 -102.53 -102.53 -102.53 -102.53 -102.53 -102.53 -102.53 -102.53 -102.56 -102.56 -102.59 -102.62 -102.66 -102.66 -102.66 -102.69 -102.69 -102.69 -102.72 -102.72 -102.72 -102.72 -102.75 -102.75 -102.75 -102.78 -102.78 -102.78 -102.81 -102.81 -102.84 -102.84 -102.84 -102.88 -102.88 -102.88 -102.91 -102.91 -102.94 -102.94 -102.97 -102.97 -103.00 -103.00 -103.03 -103.03 -103.03 -103.03 -103.03 -103.03 -103.03 -103.06 -103.06 -103.06 -103.06 -103.06 -103.09 -103.09 -103.12 -103.12 -103.16 -103.16 -103.19
-102.50 -102.50 -102.53 -102.53 -102.53 -102.53 -102.53 -102.53 -102.53 -102.53 -102.53 -102.56 -102.56 -102.56 -102.59 -102.62 -102.66 -102.66 -102.69 -102.69 -102.69 -102.69 -102.72 -102.72 -102.72 -102.72 -102.75 -102.75 -102.75 -102.78 -102.78 -102.78 -102.81 -102.81 -102.81 -102.84 -102.84 -102.88 -102.88 -102.88 -102.91 -102.91 -102.91 -102.94 -102.97 -102.97 -103.00 -103.00 -103.03 -103.03 -103.03 -103.03 -103.03 -103.03 -103.03 -103.03 -103.03 -103.06 -103.06 -103.06 -103.06 -103.09 -103.12 -103.12 -103.12 -103.16 -103.16
