everonasctiles/Tile14,35.asc
ncols 128
nrows 128
xllcorner 0
yllcorner 0
cellsize 2.0
NODATA_value  -9999
[rows 66 to 98 of 128, columns 0 to 73 of 128]
-11.16 -11.03 -10.97 -11.06 -10.97 -10.94 -11.03 -10.97 -11.06 -11.47 -11.72 -11.66 -11.34 -11.12 -10.97 -10.50 -10.22 -10.38 -10.41 -10.53 -10.62 -10.69 -10.81 -10.69 -10.62 -10.62 -10.56 -10.56 -10.59 -10.44 -10.50 -10.56 -10.34 -10.16 -10.16 -10.09 -10.16 -10.06 -9.91 -9.91 -9.91 -9.94 -9.88 -9.78 -9.72 -9.66 -9.69 -9.88 -10.00 -10.12 -10.34 -10.38 -10.50 -10.62 -10.59 -10.66 -10.66 -10.66 -10.69 -10.81 -10.91 -10.88 -10.88 -10.88 -10.84 -10.78 -10.75 -10.72 -10.69 -10.66 -10.66 -10.69 -10.72 -10.75
-11.06 -10.62 -10.41 -10.50 -10.75 -10.78 -10.66 -10.41 -10.41 -10.91 -11.31 -11.53 -11.50 -11.16 -11.06 -10.91 -10.56 -10.59 -10.81 -10.81 -10.88 -10.81 -10.75 -10.72 -10.59 -10.47 -10.50 -10.75 -11.00 -10.75 -10.69 -10.84 -10.72 -10.53 -10.44 -10.47 -10.47 -10.41 -10.28 -10.22 -10.25 -10.22 -10.12 -10.00 -9.94 -9.91 -10.03 -10.12 -10.16 -10.38 -10.59 -10.78 -10.84 -10.97 -10.91 -10.88 -10.78 -10.78 -10.78 -10.84 -10.91 -10.88 -10.84 -10.88 -10.91 -10.81 -10.72 -10.69 -10.66 -10.56 -10.53 -10.59 -10.62 -10.69
-11.19 -11.09 -10.91 -10.78 -10.38 -10.12 -10.00 -9.91 -10.16 -10.53 -10.72 -11.09 -11.12 -11.09 -11.22 -11.19 -10.75 -10.78 -11.19 -11.22 -11.22 -11.19 -11.19 -11.19 -11.12 -10.88 -10.97 -11.03 -11.19 -11.12 -11.06 -11.16 -11.22 -11.12 -11.00 -11.00 -11.06 -10.94 -10.88 -10.78 -10.72 -10.50 -10.34 -10.41 -10.31 -10.31 -10.41 -10.34 -10.44 -10.62 -10.72 -10.84 -10.94 -10.97 -11.06 -10.97 -10.81 -10.84 -10.72 -10.59 -10.69 -10.72 -10.75 -10.75 -10.75 -10.69 -10.62 -10.62 -10.59 -10.53 -10.53 -10.53 -10.56 -10.59
-11.19 -11.09 -11.03 -11.09 -10.75 -10.31 -9.84 -9.44 -9.53 -9.84 -10.12 -10.78 -10.94 -10.97 -11.09 -11.25 -11.38 -11.31 -11.19 -11.12 -11.19 -11.19 -11.19 -11.22 -11.28 -11.22 -11.22 -11.22 -11.25 -11.31 -11.12 -11.12 -11.31 -11.38 -11.28 -11.28 -11.44 -11.38 -11.28 -11.03 -10.91 -10.84 -10.88 -10.81 -10.69 -10.75 -10.81 -10.72 -10.75 -10.78 -10.72 -10.81 -10.91 -10.78 -10.81 -10.69 -10.59 -10.62 -10.56 -10.56 -10.62 -10.69 -10.69 -10.69 -10.66 -10.50 -10.47 -10.47 -10.47 -10.44 -10.47 -10.53 -10.50 -10.44
-11.22 -11.16 -11.09 -10.56 -10.09 -9.97 -10.00 -9.94 -9.88 -9.56 -9.59 -10.00 -10.56 -10.75 -11.06 -11.16 -11.22 -11.22 -11.03 -10.88 -10.75 -10.75 -10.88 -11.00 -11.06 -11.03 -10.97 -10.91 -10.97 -10.91 -10.62 -10.50 -10.94 -11.09 -11.06 -11.22 -11.28 -11.16 -11.06 -11.00 -10.97 -10.91 -10.91 -10.78 -10.66 -10.81 -10.94 -11.00 -11.00 -10.94 -10.88 -10.81 -10.75 -10.59 -10.53 -10.47 -10.41 -10.50 -10.56 -10.53 -10.59 -10.56 -10.53 -10.56 -10.53 -10.44 -10.22 -10.12 -10.19 -10.19 -10.25 -10.31 -10.31 -10.31
-11.09 -10.69 -10.56 -10.38 -10.16 -10.06 -10.06 -10.00 -10.09 -9.97 -10.09 -10.31 -10.28 -10.50 -10.88 -11.06 -10.88 -10.84 -10.38 -10.19 -10.22 -10.34 -10.62 -10.56 -10.47 -10.47 -10.41 -10.31 -10.22 -10.09 -10.16 -10.22 -10.28 -10.19 -10.53 -10.84 -10.75 -10.59 -10.72 -10.78 -10.72 -10.44 -10.41 -10.66 -10.78 -10.84 -11.06 -11.03 -10.97 -10.91 -10.88 -10.66 -10.53 -10.47 -10.44 -10.44 -10.44 -10.44 -10.50 -10.47 -10.44 -10.47 -10.53 -10.53 -10.38 -10.16 -10.09 -10.03 -9.94 -9.91 -10.00 -10.09 -10.12 -10.19
-10.81 -10.59 -10.50 -10.34 -10.34 -10.38 -10.19 -9.91 -9.84 -10.00 -10.34 -10.72 -11.00 -11.12 -10.84 -10.59 -10.47 -10.31 -10.03 -9.72 -9.69 -9.81 -9.81 -9.75 -9.81 -9.91 -9.81 -9.69 -9.72 -9.69 -9.62 -9.69 -9.75 -9.62 -9.94 -10.38 -10.28 -10.22 -10.16 -10.09 -9.97 -10.00 -10.25 -10.41 -10.38 -10.53 -10.88 -10.81 -10.78 -10.78 -10.66 -10.38 -10.25 -10.44 -10.59 -10.56 -10.50 -10.41 -10.25 -10.25 -10.12 -10.22 -10.38 -10.28 -10.00 -9.91 -9.88 -9.84 -9.88 -9.91 -9.91 -9.94 -10.00 -10.00
-10.91 -10.69 -10.47 -10.34 -10.34 -10.47 -10.50 -10.47 -10.66 -10.56 -10.56 -10.75 -11.00 -11.06 -10.81 -10.69 -10.56 -10.44 -10.41 -10.16 -10.00 -9.88 -9.75 -9.66 -9.69 -9.50 -9.38 -9.25 -9.44 -9.56 -9.62 -9.50 -9.56 -9.62 -9.69 -10.06 -10.00 -9.75 -9.62 -9.69 -9.72 -9.84 -9.91 -10.06 -10.16 -10.31 -10.41 -10.41 -10.41 -10.31 -10.31 -10.31 -10.31 -10.47 -10.56 -10.47 -10.25 -10.06 -9.97 -9.84 -9.75 -9.78 -9.84 -9.78 -9.69 -9.75 -9.78 -9.75 -9.75 -9.81 -9.84 -9.88 -9.91 -9.91
-11.12 -11.06 -10.88 -10.72 -10.62 -10.78 -10.75 -10.84 -11.19 -11.28 -11.41 -11.50 -10.97 -10.62 -10.59 -10.47 -10.31 -10.31 -10.47 -10.56 -10.41 -10.31 -10.06 -9.69 -9.62 -9.59 -9.41 -9.31 -9.44 -9.75 -9.88 -9.88 -9.72 -9.47 -9.62 -9.84 -9.72 -9.66 -9.72 -9.69 -9.62 -9.69 -9.59 -9.62 -9.78 -10.03 -10.09 -10.00 -10.03 -10.09 -10.09 -10.00 -10.16 -10.34 -10.41 -10.25 -9.91 -9.78 -9.78 -9.69 -9.56 -9.50 -9.47 -9.47 -9.53 -9.59 -9.66 -9.72 -9.72 -9.75 -9.81 -9.84 -9.84 -9.84
-11.28 -11.38 -11.31 -11.22 -11.00 -11.03 -11.16 -11.41 -11.75 -11.91 -12.03 -11.94 -11.34 -11.00 -10.47 -9.97 -9.97 -10.06 -10.00 -9.75 -9.78 -9.62 -9.59 -9.44 -9.12 -9.09 -8.97 -9.06 -9.25 -9.41 -9.47 -9.44 -9.56 -9.66 -9.81 -9.72 -9.56 -9.41 -9.56 -9.78 -9.62 -9.56 -9.59 -9.62 -9.69 -9.69 -9.72 -9.75 -9.88 -9.91 -9.88 -9.91 -10.06 -10.16 -10.19 -10.00 -9.78 -9.75 -9.72 -9.59 -9.59 -9.56 -9.50 -9.38 -9.41 -9.50 -9.59 -9.66 -9.66 -9.72 -9.78 -9.81 -9.88 -9.88
-11.19 -11.34 -11.59 -11.56 -11.41 -11.41 -11.59 -11.91 -12.16 -12.31 -12.44 -12.12 -11.34 -11.00 -10.78 -10.44 -10.19 -10.00 -9.84 -9.41 -9.06 -8.59 -8.56 -8.88 -8.72 -8.81 -9.00 -8.94 -8.97 -9.22 -9.31 -9.41 -9.50 -9.53 -9.66 -9.66 -9.66 -9.59 -9.78 -10.00 -9.91 -9.72 -9.75 -9.53 -9.38 -9.38 -9.56 -9.56 -9.62 -9.59 -9.62 -9.81 -9.97 -9.94 -9.84 -9.72 -9.66 -9.66 -9.59 -9.50 -9.47 -9.56 -9.47 -9.31 -9.31 -9.44 -9.56 -9.72 -9.78 -9.75 -9.75 -9.78 -9.81 -9.81
-11.81 -11.72 -11.72 -11.56 -11.72 -12.09 -12.38 -12.53 -12.62 -12.62 -12.53 -12.28 -11.56 -11.28 -11.34 -10.53 -10.06 -9.88 -9.66 -9.41 -9.19 -8.94 -8.91 -9.16 -8.97 -8.88 -9.16 -9.44 -9.47 -9.56 -9.56 -9.62 -9.91 -9.88 -9.72 -9.59 -9.66 -9.72 -9.72 -9.66 -9.84 -9.84 -9.81 -9.75 -9.62 -9.66 -9.66 -9.50 -9.50 -9.53 -9.56 -9.72 -9.91 -9.84 -9.78 -9.72 -9.50 -9.41 -9.56 -9.47 -9.50 -9.59 -9.47 -9.38 -9.34 -9.44 -9.44 -9.56 -9.72 -9.75 -9.72 -9.75 -9.75 -9.72
-11.81 -11.97 -12.03 -11.88 -12.00 -12.31 -12.41 -12.56 -12.72 -12.75 -12.69 -12.16 -11.44 -11.28 -11.06 -10.31 -10.12 -10.03 -9.53 -9.34 -9.31 -9.34 -9.50 -9.78 -9.72 -9.41 -9.47 -9.81 -9.97 -10.00 -9.94 -9.94 -9.88 -9.75 -9.75 -9.75 -9.84 -9.53 -9.41 -9.41 -9.59 -9.84 -9.81 -9.94 -9.97 -9.97 -9.84 -9.75 -9.66 -9.72 -9.78 -9.88 -9.91 -9.78 -9.62 -9.53 -9.31 -9.41 -9.50 -9.41 -9.50 -9.56 -9.56 -9.56 -9.47 -9.41 -9.38 -9.41 -9.50 -9.56 -9.66 -9.69 -9.62 -9.59
-11.66 -11.66 -11.72 -11.66 -11.94 -12.28 -12.56 -12.47 -12.44 -12.12 -11.69 -11.28 -10.94 -10.59 -10.16 -10.00 -9.94 -9.75 -9.53 -9.41 -9.66 -9.94 -9.75 -9.97 -10.25 -10.41 -10.31 -10.06 -10.09 -10.00 -9.78 -9.81 -9.84 -9.88 -9.97 -10.00 -9.72 -9.47 -9.53 -9.59 -9.56 -9.78 -9.84 -10.03 -10.16 -10.03 -10.09 -10.00 -10.12 -10.09 -10.00 -10.00 -9.81 -9.66 -9.59 -9.41 -9.31 -9.38 -9.44 -9.41 -9.50 -9.59 -9.62 -9.56 -9.56 -9.50 -9.41 -9.28 -9.31 -9.41 -9.44 -9.56 -9.53 -9.53
-12.12 -12.03 -11.91 -11.94 -12.25 -12.62 -12.66 -12.41 -12.12 -11.81 -11.16 -10.53 -10.28 -9.94 -9.78 -9.84 -9.78 -9.66 -9.72 -9.66 -9.72 -9.88 -9.91 -9.97 -10.06 -9.78 -9.44 -9.62 -9.94 -9.91 -9.59 -9.59 -9.62 -9.56 -9.62 -9.72 -9.50 -9.41 -9.53 -9.69 -9.69 -9.72 -9.81 -9.84 -9.91 -9.91 -10.03 -10.06 -10.12 -10.19 -10.28 -10.19 -10.03 -9.91 -9.75 -9.38 -9.25 -9.34 -9.41 -9.44 -9.53 -9.56 -9.50 -9.38 -9.47 -9.56 -9.53 -9.44 -9.41 -9.50 -9.50 -9.53 -9.62 -9.66
-12.44 -12.34 -12.44 -12.78 -13.00 -13.06 -12.91 -12.59 -12.00 -11.47 -10.97 -10.44 -10.12 -9.91 -9.88 -9.75 -9.66 -9.66 -9.69 -9.75 -9.62 -9.62 -9.66 -9.75 -9.88 -9.78 -9.62 -9.75 -9.97 -9.78 -9.50 -9.41 -9.28 -9.19 -9.22 -9.25 -9.28 -9.28 -9.34 -9.59 -9.78 -9.72 -9.75 -9.81 -9.78 -9.88 -9.94 -9.94 -10.03 -10.19 -10.28 -10.19 -10.00 -10.03 -9.81 -9.50 -9.31 -9.41 -9.34 -9.28 -9.34 -9.41 -9.28 -9.22 -9.41 -9.56 -9.53 -9.50 -9.47 -9.53 -9.56 -9.66 -9.72 -9.69
-12.47 -12.66 -13.03 -13.00 -13.16 -13.25 -13.09 -12.56 -11.91 -11.31 -11.06 -10.66 -10.19 -10.06 -10.03 -9.94 -10.00 -10.00 -10.00 -10.00 -10.00 -9.81 -9.78 -9.75 -9.72 -9.66 -9.66 -9.62 -9.69 -9.81 -9.69 -9.31 -9.12 -9.12 -9.03 -8.94 -8.97 -9.12 -9.19 -9.41 -9.62 -9.78 -9.78 -9.75 -9.81 -9.75 -9.72 -9.78 -9.88 -9.94 -10.03 -10.00 -9.75 -9.81 -9.69 -9.47 -9.34 -9.25 -9.31 -9.16 -9.16 -9.22 -9.19 -9.22 -9.34 -9.41 -9.41 -9.47 -9.50 -9.50 -9.56 -9.69 -9.72 -9.66
-12.78 -12.94 -13.16 -13.22 -13.12 -13.12 -12.69 -12.12 -11.47 -10.94 -10.66 -10.53 -10.28 -10.09 -10.12 -10.06 -10.19 -10.09 -10.09 -10.09 -10.22 -10.16 -10.12 -10.06 -9.81 -9.66 -9.66 -9.66 -9.97 -10.19 -9.78 -9.19 -9.06 -9.19 -8.94 -8.88 -9.06 -9.12 -9.19 -9.28 -9.44 -9.47 -9.53 -9.50 -9.66 -9.59 -9.56 -9.59 -9.62 -9.62 -9.78 -9.81 -9.53 -9.59 -9.56 -9.38 -9.25 -9.19 -9.22 -9.19 -9.16 -9.16 -9.22 -9.28 -9.31 -9.41 -9.44 -9.47 -9.47 -9.47 -9.56 -9.62 -9.66 -9.62
-12.53 -12.72 -12.97 -13.22 -13.09 -12.91 -12.28 -11.88 -11.50 -10.97 -10.50 -10.31 -10.12 -10.00 -10.06 -10.00 -10.03 -9.97 -9.91 -9.91 -10.00 -10.06 -10.03 -9.91 -9.94 -10.16 -10.22 -10.28 -10.31 -10.03 -9.81 -9.38 -9.12 -9.19 -9.09 -9.06 -9.22 -9.16 -9.00 -9.03 -9.16 -9.16 -9.31 -9.41 -9.38 -9.34 -9.38 -9.41 -9.44 -9.56 -9.78 -9.94 -9.69 -9.66 -9.66 -9.38 -9.25 -9.28 -9.22 -9.19 -9.19 -9.28 -9.38 -9.34 -9.34 -9.47 -9.53 -9.53 -9.50 -9.44 -9.47 -9.53 -9.53 -9.47
-12.12 -12.31 -12.84 -13.09 -13.09 -12.81 -12.34 -11.91 -11.41 -10.94 -10.59 -10.41 -10.34 -10.19 -10.16 -9.94 -10.09 -10.12 -9.97 -9.97 -10.03 -10.03 -10.03 -10.19 -10.31 -10.31 -10.41 -10.34 -10.34 -10.03 -9.78 -9.22 -9.12 -9.22 -9.25 -9.31 -9.22 -9.22 -9.16 -9.19 -9.44 -9.53 -9.53 -9.38 -9.34 -9.44 -9.44 -9.47 -9.50 -9.66 -9.94 -9.91 -9.62 -9.69 -9.72 -9.38 -9.28 -9.25 -9.28 -9.22 -9.12 -9.22 -9.28 -9.31 -9.44 -9.53 -9.56 -9.53 -9.50 -9.44 -9.34 -9.34 -9.31 -9.28
-11.78 -12.12 -12.59 -12.84 -12.72 -12.38 -12.03 -11.66 -11.16 -10.94 -10.91 -10.56 -10.41 -10.41 -10.06 -10.12 -10.38 -10.53 -10.38 -10.34 -10.22 -10.12 -10.06 -10.03 -10.16 -10.25 -10.25 -10.31 -10.41 -10.00 -9.59 -9.19 -8.97 -9.09 -9.28 -9.28 -9.22 -9.28 -9.28 -9.44 -9.84 -9.97 -9.84 -9.53 -9.56 -9.69 -9.66 -9.53 -9.56 -9.62 -9.88 -10.03 -9.88 -9.75 -9.69 -9.50 -9.41 -9.28 -9.22 -9.06 -9.06 -9.19 -9.22 -9.25 -9.38 -9.47 -9.47 -9.47 -9.41 -9.34 -9.25 -9.22 -9.16 -9.16
-12.25 -12.56 -12.94 -12.78 -12.56 -12.19 -11.94 -11.62 -11.19 -11.09 -11.12 -11.16 -10.91 -10.84 -10.56 -10.66 -11.06 -11.22 -10.78 -10.62 -10.53 -10.34 -10.28 -10.31 -10.25 -10.25 -10.12 -10.25 -10.25 -10.00 -9.69 -9.56 -9.12 -8.84 -8.97 -9.00 -8.97 -9.19 -9.34 -9.41 -9.56 -9.62 -9.69 -9.69 -9.66 -9.72 -9.66 -9.62 -9.59 -9.72 -9.88 -9.84 -9.69 -9.69 -9.66 -9.56 -9.38 -9.28 -9.19 -9.09 -9.16 -9.22 -9.19 -9.25 -9.28 -9.34 -9.38 -9.41 -9.44 -9.31 -9.19 -9.16 -9.16 -9.19
-12.91 -13.12 -13.09 -12.94 -12.62 -12.16 -12.12 -11.84 -11.19 -11.19 -11.38 -11.47 -11.38 -11.31 -11.25 -11.44 -11.28 -11.03 -10.88 -10.72 -10.53 -10.34 -10.25 -10.25 -10.22 -10.28 -10.44 -10.34 -10.19 -9.91 -9.75 -9.78 -9.62 -9.22 -9.00 -9.00 -9.09 -9.19 -9.28 -9.47 -9.44 -9.41 -9.41 -9.34 -9.38 -9.53 -9.62 -9.66 -9.59 -9.69 -9.75 -9.62 -9.59 -9.47 -9.47 -9.41 -9.38 -9.25 -9.06 -9.19 -9.28 -9.25 -9.22 -9.28 -9.31 -9.31 -9.31 -9.28 -9.28 -9.28 -9.25 -9.25 -9.25 -9.19
-12.78 -13.00 -12.75 -12.53 -12.25 -12.06 -12.03 -11.75 -11.22 -11.06 -10.91 -11.09 -11.09 -11.06 -11.16 -11.16 -11.09 -10.97 -10.72 -10.44 -10.22 -10.19 -10.25 -10.16 -10.22 -10.22 -10.31 -10.34 -10.19 -9.88 -9.69 -9.81 -9.72 -9.50 -9.38 -9.19 -9.28 -9.12 -9.16 -9.31 -9.31 -9.19 -9.09 -9.12 -9.25 -9.28 -9.44 -9.47 -9.44 -9.50 -9.66 -9.50 -9.53 -9.50 -9.31 -9.19 -9.19 -9.19 -9.06 -9.16 -9.22 -9.25 -9.31 -9.31 -9.34 -9.22 -9.16 -9.25 -9.31 -9.31 -9.41 -9.38 -9.25 -9.09
-12.78 -12.31 -12.03 -11.84 -11.47 -10.88 -10.69 -11.06 -10.91 -10.59 -10.69 -10.84 -10.75 -10.72 -10.81 -10.78 -10.78 -10.97 -10.75 -10.53 -10.38 -10.28 -10.22 -10.22 -10.19 -10.16 -10.31 -10.62 -10.25 -9.94 -9.69 -9.59 -9.44 -9.28 -9.47 -9.34 -9.34 -9.28 -9.19 -9.25 -9.38 -9.22 -9.28 -9.38 -9.41 -9.34 -9.28 -9.28 -9.25 -9.56 -9.75 -9.47 -9.31 -9.44 -9.16 -9.00 -9.00 -8.97 -8.94 -9.12 -9.25 -9.25 -9.25 -9.31 -9.25 -9.16 -9.12 -9.28 -9.34 -9.31 -9.34 -9.28 -9.09 -8.94
-12.25 -11.84 -11.47 -11.16 -10.56 -10.09 -10.41 -10.72 -10.91 -10.78 -10.84 -10.84 -10.56 -10.69 -10.81 -11.06 -11.03 -10.91 -10.97 -10.72 -10.31 -10.25 -10.25 -10.25 -10.38 -10.47 -10.50 -10.53 -10.00 -9.69 -9.72 -9.62 -9.53 -9.50 -9.50 -9.38 -9.34 -9.41 -9.38 -9.19 -9.09 -9.28 -9.31 -9.34 -9.38 -9.41 -9.38 -9.34 -9.25 -9.56 -9.62 -9.41 -9.38 -9.31 -9.03 -8.94 -8.94 -9.00 -8.84 -8.97 -9.09 -9.12 -9.12 -9.06 -9.09 -9.09 -9.16 -9.19 -9.22 -9.19 -9.16 -9.09 -8.94 -8.88
-12.00 -11.97 -11.56 -11.06 -10.81 -10.88 -10.72 -10.56 -10.72 -10.72 -10.72 -10.72 -10.69 -10.81 -10.91 -10.84 -10.97 -10.97 -11.00 -10.94 -10.44 -10.25 -10.44 -10.53 -10.59 -10.56 -10.28 -10.28 -9.94 -9.72 -9.72 -9.69 -9.50 -9.41 -9.31 -9.12 -9.22 -9.34 -9.41 -9.25 -9.22 -9.38 -9.44 -9.31 -9.25 -9.31 -9.34 -9.28 -9.47 -9.56 -9.25 -9.28 -9.31 -9.12 -9.03 -8.97 -8.94 -9.00 -8.84 -8.91 -9.03 -9.03 -8.97 -8.91 -8.97 -9.00 -9.12 -9.16 -9.19 -9.16 -9.03 -8.88 -8.75 -8.75
-11.94 -12.03 -11.88 -11.38 -11.16 -11.03 -10.81 -10.62 -10.66 -10.66 -10.50 -10.47 -10.62 -10.62 -10.56 -10.62 -10.75 -10.84 -10.69 -10.94 -10.91 -10.59 -10.56 -10.66 -10.56 -10.31 -10.22 -10.25 -9.91 -9.56 -9.53 -9.56 -9.53 -9.56 -9.56 -9.28 -9.28 -9.50 -9.50 -9.28 -9.12 -9.25 -9.41 -9.25 -9.19 -9.22 -9.19 -9.31 -9.47 -9.56 -9.22 -9.28 -9.28 -9.09 -9.06 -9.00 -9.06 -9.12 -8.88 -8.75 -8.94 -8.94 -8.88 -8.88 -8.94 -9.06 -9.19 -9.22 -9.19 -8.97 -8.81 -8.75 -8.69 -8.72
-11.84 -11.75 -11.62 -11.56 -11.44 -11.22 -11.22 -10.97 -10.91 -10.59 -10.31 -10.34 -10.28 -10.25 -10.22 -10.28 -10.50 -11.00 -10.97 -10.97 -11.25 -10.91 -10.66 -10.56 -10.34 -10.16 -10.16 -10.12 -9.53 -9.53 -9.62 -9.69 -9.81 -9.81 -9.59 -9.47 -9.44 -9.47 -9.38 -9.44 -9.47 -9.38 -9.50 -9.50 -9.31 -9.28 -9.25 -9.28 -9.53 -9.69 -9.28 -9.09 -9.25 -9.06 -8.94 -8.81 -8.88 -8.97 -8.78 -8.78 -8.91 -8.84 -8.84 -8.81 -8.91 -9.06 -9.19 -9.12 -9.00 -8.88 -8.78 -8.81 -8.81 -8.81
-11.84 -11.72 -11.53 -11.59 -11.75 -11.44 -11.16 -10.84 -10.47 -10.38 -10.44 -10.47 -10.44 -10.34 -10.47 -10.62 -10.91 -11.19 -11.16 -10.94 -11.19 -10.94 -10.66 -10.56 -10.38 -9.94 -9.72 -9.78 -9.62 -9.66 -9.66 -9.69 -9.75 -9.78 -9.78 -9.84 -9.84 -9.81 -9.81 -9.72 -9.72 -9.62 -9.50 -9.56 -9.59 -9.47 -9.38 -9.31 -9.50 -9.69 -9.38 -9.25 -9.28 -8.97 -8.75 -8.62 -8.69 -8.81 -8.75 -8.66 -8.81 -8.81 -8.75 -8.91 -9.00 -9.12 -9.12 -9.00 -8.88 -8.78 -8.75 -8.78 -8.78 -8.81
-11.75 -11.69 -11.66 -11.62 -11.53 -11.16 -10.75 -10.50 -10.53 -10.72 -10.50 -10.47 -10.56 -10.38 -10.22 -10.44 -10.69 -10.78 -10.84 -11.03 -11.12 -10.97 -10.72 -10.47 -10.28 -9.94 -9.94 -10.03 -9.84 -9.84 -9.81 -9.78 -9.69 -9.66 -9.72 -9.91 -9.97 -10.00 -10.09 -10.00 -9.88 -9.75 -9.50 -9.41 -9.41 -9.34 -9.25 -9.25 -9.56 -9.78 -9.59 -9.34 -9.28 -8.94 -8.69 -8.69 -8.78 -8.75 -8.59 -8.62 -8.69 -8.84 -8.91 -9.03 -9.09 -9.03 -8.94 -8.88 -8.75 -8.66 -8.69 -8.62 -8.62 -8.72
-11.31 -11.19 -11.31 -11.47 -11.53 -11.12 -10.75 -10.50 -10.78 -10.75 -10.66 -10.62 -10.81 -10.88 -10.78 -10.59 -10.59 -10.62 -10.56 -10.62 -10.53 -10.62 -10.78 -10.62 -10.75 -10.81 -10.69 -10.47 -10.19 -10.00 -9.91 -9.72 -9.59 -9.59 -9.59 -9.75 -9.81 -9.84 -10.00 -10.12 -10.00 -9.72 -9.28 -9.19 -9.22 -9.28 -9.19 -9.22 -9.53 -9.53 -9.34 -9.59 -9.41 -8.97 -8.72 -8.69 -8.66 -8.59 -8.66 -8.66 -8.66 -8.72 -8.88 -8.94 -8.91 -8.91 -8.84 -8.75 -8.66 -8.62 -8.62 -8.56 -8.50 -8.47
-11.84 -11.50 -11.53 -11.62 -11.59 -11.41 -11.12 -10.75 -10.88 -11.00 -10.66 -10.75 -10.88 -10.84 -10.94 -11.03 -11.06 -10.94 -10.81 -11.00 -11.09 -10.75 -10.69 -10.72 -10.91 -11.19 -11.19 -10.97 -10.62 -10.19 -9.88 -9.78 -9.81 -9.78 -9.72 -9.75 -9.78 -9.81 -9.84 -9.94 -9.94 -9.78 -9.41 -9.22 -9.31 -9.34 -9.28 -9.22 -9.44 -9.47 -9.22 -9.28 -9.12 -8.78 -8.66 -8.53 -8.56 -8.56 -8.66 -8.72 -8.62 -8.66 -8.75 -8.78 -8.81 -8.81 -8.78 -8.62 -8.47 -8.50 -8.56 -8.50 -8.41 -8.34
