everonasctiles/Tile30,21.asc
ncols 128
nrows 128
xllcorner 0
yllcorner 0
cellsize 2.0
NODATA_value  -9999
[rows 34 to 67 of 128, columns 0 to 76 of 128]
64.66 64.09 63.53 63.00 62.47 61.97 61.47 60.97 60.53 60.06 59.62 59.22 58.84 58.47 58.06 57.69 57.25 56.81 56.34 55.88 55.34 54.84 54.34 53.78 53.41 53.03 52.62 52.25 51.72 51.22 50.62 50.06 49.56 49.09 48.59 48.16 47.69 47.25 46.81 46.44 46.03 45.59 45.22 44.88 44.56 44.31 44.06 43.84 43.66 43.44 43.25 43.06 42.88 42.66 42.44 42.25 41.97 41.47 40.62 40.25 39.62 39.00 38.84 38.53 38.09 37.72 37.31 36.91 36.50 36.09 35.66 35.25 34.81 34.59 34.50 34.75 34.81
64.88 64.31 63.75 63.22 62.69 62.19 61.62 61.16 60.69 60.22 59.81 59.41 59.03 58.69 58.31 57.94 57.53 57.09 56.62 56.12 55.66 55.16 54.53 54.09 53.69 53.25 52.88 52.44 51.84 51.25 50.78 50.28 49.81 49.34 48.88 48.44 48.00 47.56 47.16 46.75 46.34 45.94 45.56 45.19 44.91 44.62 44.38 44.16 43.97 43.78 43.59 43.41 43.22 43.03 42.84 42.59 42.09 41.69 41.16 40.59 40.00 39.34 39.12 38.72 38.31 37.91 37.50 37.09 36.75 36.38 35.91 35.38 35.00 34.78 34.91 35.25 35.62
65.16 64.56 64.00 63.44 62.94 62.44 61.88 61.38 60.88 60.41 60.00 59.62 59.28 58.94 58.59 58.22 57.84 57.41 56.94 56.44 55.97 55.41 54.81 54.34 53.91 53.41 52.94 52.50 51.84 51.38 50.94 50.47 50.03 49.59 49.16 48.72 48.28 47.88 47.47 47.06 46.66 46.25 45.88 45.50 45.19 44.91 44.66 44.44 44.25 44.06 43.91 43.72 43.56 43.34 43.12 42.81 42.38 41.91 41.31 40.94 40.50 39.94 39.44 38.91 38.44 38.03 37.59 37.38 37.00 36.53 35.91 35.50 35.09 35.09 35.34 35.75 36.25
65.44 64.84 64.25 63.69 63.19 62.69 62.12 61.62 61.16 60.66 60.25 59.84 59.50 59.19 58.88 58.53 58.12 57.69 57.22 56.59 56.19 55.62 55.06 54.53 53.91 53.44 52.91 52.44 52.06 51.59 51.16 50.69 50.25 49.84 49.41 49.00 48.59 48.19 47.78 47.38 47.00 46.59 46.19 45.81 45.50 45.22 44.97 44.72 44.53 44.34 44.16 44.00 43.81 43.62 43.38 43.03 42.56 42.06 41.62 41.19 40.75 40.28 39.53 39.16 38.66 38.19 37.97 37.59 37.12 36.72 36.25 35.69 35.53 35.62 35.91 36.28 36.75
65.72 65.12 64.53 63.97 63.44 62.94 62.41 61.94 61.41 60.94 60.47 60.09 59.75 59.47 59.16 58.78 58.38 57.81 57.41 56.88 56.34 55.78 55.19 54.53 54.06 53.56 53.09 52.62 52.22 51.81 51.34 50.88 50.50 50.09 49.69 49.31 48.91 48.50 48.09 47.72 47.31 46.91 46.50 46.12 45.78 45.50 45.22 45.00 44.78 44.59 44.41 44.22 44.03 43.84 43.56 43.22 42.78 42.28 41.81 41.34 40.88 40.44 39.91 39.50 39.00 38.66 38.28 37.81 37.38 36.78 36.47 36.22 36.00 36.00 36.44 36.66 37.16
65.97 65.38 64.81 64.22 63.66 63.16 62.66 62.16 61.59 61.06 60.62 60.34 59.94 59.72 59.34 58.97 58.50 58.06 57.41 57.03 56.47 55.75 55.25 54.72 54.31 53.72 53.31 52.81 52.44 52.00 51.56 51.09 50.75 50.38 50.00 49.59 49.19 48.81 48.41 48.03 47.62 47.22 46.81 46.44 46.06 45.75 45.47 45.22 45.00 44.81 44.62 44.44 44.25 44.03 43.75 43.41 42.97 42.47 42.00 41.53 41.09 40.66 40.28 39.81 39.34 38.91 38.50 38.06 37.41 36.88 36.66 36.53 36.44 36.59 36.84 37.06 37.44
66.22 65.62 65.06 64.47 63.91 63.34 62.84 62.31 61.75 61.25 60.91 60.53 60.19 59.78 59.47 58.94 58.56 57.97 57.59 57.16 56.66 56.03 55.59 55.12 54.56 54.06 53.47 53.06 52.69 52.22 51.78 51.47 51.06 50.72 50.31 49.94 49.53 49.12 48.72 48.31 47.94 47.53 47.12 46.72 46.34 46.00 45.72 45.47 45.22 45.00 44.81 44.62 44.44 44.19 43.91 43.56 43.12 42.69 42.22 41.75 41.31 40.94 40.53 39.97 39.50 39.09 38.72 38.09 37.56 37.06 36.91 36.94 36.88 37.06 37.22 37.31 37.84
66.47 65.88 65.28 64.69 64.12 63.56 63.03 62.50 61.97 61.50 61.09 60.66 60.25 59.88 59.44 59.06 58.56 58.09 57.62 57.16 56.84 56.34 55.81 55.44 54.91 54.22 53.97 53.53 53.03 52.66 52.28 51.88 51.44 51.06 50.69 50.28 49.88 49.47 49.06 48.62 48.22 47.81 47.41 47.00 46.59 46.25 45.94 45.66 45.41 45.19 45.00 44.81 44.59 44.38 44.06 43.72 43.31 42.88 42.41 41.97 41.53 41.09 40.66 40.06 39.72 39.34 38.81 38.34 37.62 37.28 37.25 37.34 37.44 37.56 37.75 38.25 38.03
66.69 66.09 65.50 64.94 64.34 63.78 63.22 62.66 62.16 61.69 61.25 60.78 60.34 59.91 59.47 59.03 58.56 58.09 57.75 57.44 56.91 56.50 56.09 55.84 55.25 54.69 54.41 53.91 53.50 53.09 52.66 52.28 51.84 51.44 51.06 50.66 50.22 49.78 49.38 48.94 48.53 48.09 47.69 47.25 46.84 46.47 46.12 45.84 45.59 45.34 45.16 44.97 44.75 44.50 44.22 43.88 43.47 43.03 42.62 42.19 41.75 41.28 40.72 40.28 39.91 39.53 39.09 38.41 37.78 37.66 37.66 37.81 38.09 38.28 38.72 38.56 38.31
66.88 66.31 65.72 65.12 64.56 63.97 63.38 62.84 62.31 61.81 61.34 60.88 60.44 59.97 59.53 59.12 58.69 58.28 58.00 57.66 57.28 56.84 56.62 56.25 55.75 55.31 54.84 54.44 54.00 53.50 53.09 52.62 52.25 51.84 51.50 51.06 50.62 50.16 49.72 49.28 48.81 48.38 47.97 47.53 47.09 46.69 46.31 46.00 45.72 45.50 45.28 45.09 44.91 44.66 44.34 44.00 43.62 43.19 42.78 42.34 41.94 41.47 41.00 40.53 40.16 39.69 39.06 38.41 38.12 38.09 38.31 38.31 38.84 39.25 39.16 38.91 38.62
67.09 66.50 65.94 65.34 64.75 64.16 63.56 63.00 62.44 61.94 61.44 60.97 60.53 60.09 59.69 59.25 58.84 58.50 58.25 57.94 57.62 57.25 57.00 56.59 56.22 55.75 55.31 54.91 54.47 53.97 53.50 53.06 52.66 52.28 51.88 51.47 51.00 50.50 50.03 49.59 49.12 48.66 48.22 47.78 47.31 46.88 46.47 46.12 45.84 45.59 45.41 45.25 45.03 44.81 44.50 44.12 43.75 43.34 42.94 42.53 42.12 41.69 41.25 40.78 40.31 39.75 39.16 38.69 38.50 38.72 39.03 39.28 39.84 39.88 39.56 39.25 39.22
67.28 66.69 66.12 65.53 64.94 64.34 63.75 63.16 62.59 62.06 61.56 61.09 60.66 60.22 59.84 59.44 59.09 58.81 58.53 58.25 57.94 57.66 57.31 56.94 56.59 56.12 55.75 55.34 54.84 54.38 53.88 53.44 53.06 52.69 52.28 51.84 51.34 50.88 50.38 49.91 49.44 48.94 48.47 48.00 47.53 47.06 46.59 46.22 45.91 45.69 45.53 45.41 45.19 44.94 44.62 44.25 43.84 43.47 43.06 42.69 42.28 41.88 41.47 41.03 40.50 39.91 39.34 39.09 39.03 39.38 39.78 40.34 40.31 40.09 39.84 39.78 39.81
67.47 66.88 66.31 65.72 65.12 64.53 63.91 63.31 62.75 62.19 61.69 61.22 60.78 60.38 60.00 59.66 59.34 59.06 58.78 58.50 58.22 57.91 57.59 57.25 56.88 56.50 56.09 55.66 55.16 54.69 54.22 53.81 53.44 53.09 52.66 52.19 51.66 51.19 50.69 50.22 49.72 49.22 48.75 48.25 47.78 47.25 46.75 46.31 46.00 45.78 45.69 45.56 45.38 45.06 44.69 44.31 43.91 43.56 43.19 42.84 42.44 41.97 41.41 40.91 40.44 39.94 39.66 39.44 39.56 40.38 40.62 40.50 40.41 40.28 40.25 40.38 40.00
67.62 67.06 66.50 65.91 65.31 64.69 64.09 63.47 62.91 62.34 61.84 61.38 60.94 60.56 60.19 59.88 59.56 59.28 59.00 58.72 58.44 58.12 57.81 57.47 57.09 56.72 56.31 55.88 55.41 54.97 54.53 54.16 53.81 53.50 53.03 52.53 52.00 51.50 51.00 50.50 50.00 49.50 49.00 48.50 48.00 47.47 46.94 46.44 46.06 45.91 45.88 45.81 45.53 45.16 44.72 44.31 43.94 43.59 43.28 42.94 42.50 41.88 41.28 40.81 40.53 40.44 40.66 40.94 40.97 40.81 40.69 40.59 40.47 40.75 40.91 40.56 40.06
67.81 67.25 66.66 66.09 65.50 64.88 64.25 63.66 63.06 62.50 62.00 61.53 61.09 60.72 60.38 60.06 59.75 59.47 59.22 58.94 58.62 58.31 58.00 57.62 57.25 56.84 56.47 56.06 55.62 55.22 54.84 54.50 54.16 53.84 53.38 52.84 52.31 51.81 51.31 50.78 50.28 49.75 49.25 48.75 48.22 47.72 47.16 46.66 46.25 46.06 46.06 46.03 45.66 45.16 44.66 44.22 43.88 43.56 43.28 42.94 42.31 41.78 41.59 41.56 41.50 41.41 41.25 41.12 41.00 40.88 40.75 40.78 41.31 41.34 41.12 40.69 40.03
67.97 67.41 66.84 66.25 65.66 65.06 64.44 63.81 63.22 62.66 62.16 61.69 61.25 60.91 60.56 60.25 59.94 59.66 59.41 59.12 58.81 58.50 58.16 57.78 57.41 57.03 56.62 56.22 55.84 55.47 55.12 54.78 54.47 54.19 53.72 53.16 52.66 52.12 51.59 51.03 50.50 50.00 49.47 48.97 48.44 47.94 47.38 46.84 46.34 46.16 46.19 46.03 45.62 45.03 44.50 44.06 43.66 43.28 42.97 42.62 42.28 42.09 41.91 41.75 41.59 41.44 41.31 41.19 41.03 41.06 41.41 41.66 41.62 41.50 41.25 40.78 40.00
68.16 67.59 67.03 66.44 65.84 65.25 64.62 64.00 63.41 62.84 62.31 61.84 61.44 61.06 60.72 60.41 60.12 59.84 59.56 59.28 59.00 58.66 58.31 57.97 57.59 57.19 56.81 56.44 56.06 55.75 55.41 55.09 54.78 54.47 54.03 53.47 52.94 52.44 51.88 51.25 50.75 50.25 49.72 49.19 48.66 48.12 47.56 46.91 46.38 46.22 46.22 45.91 45.31 44.84 44.47 44.03 43.62 43.25 42.91 42.59 42.31 42.16 41.97 41.81 41.62 41.53 41.56 41.72 42.03 42.06 42.03 41.91 41.72 41.53 41.28 40.81 40.25
68.31 67.75 67.19 66.62 66.03 65.44 64.81 64.19 63.59 63.03 62.50 62.03 61.59 61.22 60.88 60.59 60.31 60.03 59.75 59.47 59.16 58.84 58.50 58.12 57.78 57.41 57.03 56.66 56.31 56.00 55.69 55.38 55.06 54.75 54.34 53.75 53.25 52.72 52.12 51.53 51.00 50.47 49.94 49.38 48.84 48.31 47.69 47.00 46.69 46.47 46.19 45.78 45.34 44.94 44.53 44.06 43.66 43.25 42.94 42.62 42.38 42.25 42.19 42.28 42.56 42.59 42.47 42.44 42.56 42.50 42.28 42.16 41.78 41.47 41.19 40.72 40.25
68.50 67.94 67.38 66.81 66.22 65.62 65.00 64.38 63.78 63.22 62.69 62.19 61.75 61.38 61.06 60.75 60.47 60.19 59.94 59.66 59.34 59.03 58.69 58.34 57.97 57.62 57.25 56.91 56.59 56.28 55.94 55.62 55.31 55.00 54.59 54.06 53.53 52.97 52.38 51.81 51.25 50.69 50.12 49.56 49.00 48.44 47.75 47.12 46.97 46.72 46.34 45.94 45.50 45.06 44.59 44.09 43.62 43.28 43.00 42.81 42.75 42.84 43.00 43.19 43.19 43.03 42.88 42.94 42.91 42.91 42.75 42.47 41.88 41.53 41.22 40.84 40.47
68.66 68.12 67.56 66.97 66.41 65.81 65.19 64.56 63.97 63.41 62.88 62.38 61.94 61.56 61.22 60.91 60.62 60.38 60.09 59.81 59.53 59.22 58.91 58.56 58.22 57.88 57.53 57.19 56.84 56.53 56.22 55.88 55.56 55.22 54.84 54.34 53.81 53.25 52.62 52.06 51.47 50.91 50.34 49.75 49.16 48.53 47.84 47.53 47.28 46.94 46.53 46.09 45.53 44.91 44.50 44.12 43.75 43.50 43.25 43.12 43.25 43.50 43.62 43.66 43.59 43.47 43.31 43.25 43.28 43.31 43.06 42.72 42.25 41.94 41.47 41.06 40.78
68.84 68.28 67.72 67.16 66.56 66.00 65.41 64.78 64.19 63.62 63.09 62.56 62.12 61.72 61.38 61.06 60.81 60.53 60.28 60.00 59.72 59.44 59.12 58.78 58.44 58.12 57.78 57.44 57.12 56.81 56.47 56.16 55.81 55.47 55.09 54.62 54.09 53.50 52.88 52.31 51.72 51.12 50.50 49.91 49.28 48.56 47.97 47.81 47.50 47.16 46.62 45.81 45.28 44.97 44.62 44.38 44.09 43.84 43.69 43.69 43.84 43.97 44.03 44.03 43.97 43.91 43.81 43.75 43.78 43.69 43.38 42.97 42.56 42.38 41.94 41.44 41.19
69.00 68.47 67.91 67.34 66.75 66.19 65.59 64.97 64.38 63.81 63.28 62.78 62.31 61.88 61.53 61.25 60.97 60.72 60.47 60.19 59.91 59.62 59.31 59.00 58.69 58.38 58.03 57.72 57.38 57.06 56.75 56.41 56.06 55.69 55.31 54.88 54.34 53.75 53.12 52.53 51.94 51.31 50.69 50.03 49.38 48.44 48.22 48.00 47.75 47.09 46.25 45.69 45.38 45.06 44.97 44.81 44.56 44.28 44.16 44.22 44.31 44.38 44.41 44.41 44.41 44.38 44.34 44.16 44.28 44.19 43.81 43.53 43.22 42.91 42.41 41.88 41.69
69.16 68.62 68.06 67.50 66.94 66.34 65.78 65.19 64.59 64.03 63.50 62.97 62.50 62.06 61.69 61.41 61.12 60.88 60.62 60.38 60.12 59.84 59.53 59.25 58.94 58.62 58.28 57.97 57.66 57.34 57.00 56.66 56.31 55.94 55.56 55.12 54.59 53.97 53.38 52.75 52.16 51.50 50.84 50.12 49.09 48.62 48.44 48.22 47.62 46.84 46.31 45.81 45.53 45.47 45.44 45.31 45.12 44.88 44.78 44.75 44.75 44.75 44.75 44.78 44.81 44.88 44.81 44.78 44.75 44.56 44.50 43.91 43.94 43.50 42.84 42.38 42.19
69.34 68.78 68.25 67.69 67.12 66.53 65.94 65.38 64.78 64.22 63.69 63.19 62.69 62.25 61.88 61.56 61.28 61.06 60.81 60.56 60.31 60.03 59.75 59.47 59.16 58.84 58.53 58.22 57.91 57.59 57.25 56.91 56.56 56.19 55.78 55.34 54.78 54.19 53.59 52.97 52.34 51.69 51.00 50.00 49.19 48.91 48.69 48.00 47.34 46.88 46.41 46.25 45.97 46.00 46.06 45.97 45.59 45.31 45.31 45.25 45.19 45.12 45.09 45.16 45.28 45.38 45.34 45.25 45.22 45.25 45.06 44.78 44.53 44.12 43.66 43.22 43.09
69.50 68.97 68.41 67.84 67.28 66.72 66.12 65.56 64.97 64.41 63.88 63.38 62.88 62.44 62.03 61.72 61.44 61.22 60.97 60.72 60.47 60.22 59.97 59.66 59.38 59.06 58.78 58.47 58.16 57.81 57.50 57.16 56.78 56.41 56.00 55.53 54.97 54.38 53.78 53.16 52.53 51.84 51.06 49.81 49.47 49.22 48.59 47.75 47.47 47.19 46.81 46.56 46.72 46.81 46.78 46.59 46.44 46.12 45.97 45.88 45.78 45.47 45.47 45.50 45.72 45.72 45.78 45.78 45.78 45.69 45.59 45.25 45.19 44.88 44.03 43.97 43.84
69.66 69.12 68.56 68.00 67.44 66.88 66.31 65.72 65.16 64.59 64.06 63.56 63.06 62.62 62.19 61.88 61.59 61.38 61.12 60.91 60.66 60.41 60.16 59.88 59.59 59.28 59.00 58.69 58.38 58.06 57.72 57.38 57.03 56.62 56.19 55.69 55.09 54.53 53.94 53.31 52.69 51.97 50.66 50.09 49.78 49.38 48.22 47.88 47.75 47.69 47.41 47.56 47.66 47.62 47.44 47.28 47.16 47.00 46.72 46.53 46.34 46.09 45.91 46.03 46.16 46.22 46.16 46.22 46.16 46.16 46.03 46.03 45.75 45.47 44.91 44.75 44.53
69.81 69.28 68.72 68.19 67.62 67.03 66.47 65.91 65.34 64.78 64.25 63.72 63.25 62.78 62.34 62.03 61.75 61.53 61.28 61.06 60.81 60.56 60.31 60.03 59.75 59.47 59.19 58.88 58.56 58.25 57.94 57.59 57.22 56.81 56.38 55.78 55.22 54.62 54.06 53.47 52.78 51.78 50.75 50.38 50.06 48.94 48.31 48.09 48.06 48.25 48.47 48.50 48.50 48.12 48.16 47.94 47.81 47.66 47.31 47.12 46.88 46.66 46.44 46.47 46.59 46.66 46.66 46.72 46.62 46.56 46.66 46.53 46.44 46.09 45.75 45.41 45.00
69.97 69.44 68.88 68.31 67.75 67.19 66.62 66.06 65.50 64.94 64.41 63.91 63.41 62.94 62.53 62.19 61.91 61.69 61.44 61.22 60.97 60.72 60.47 60.22 59.94 59.66 59.34 59.06 58.75 58.44 58.09 57.78 57.38 56.94 56.47 55.88 55.31 54.72 54.12 53.53 52.78 51.47 51.00 50.69 50.00 49.00 48.47 48.34 48.53 48.78 49.06 49.03 49.03 48.88 48.66 48.56 48.41 48.25 48.00 47.66 47.34 47.22 47.09 47.00 47.03 47.06 47.16 47.16 47.19 47.28 47.19 47.16 46.97 46.66 46.19 45.75 45.25
70.19 69.59 69.03 68.47 67.91 67.34 66.78 66.22 65.66 65.09 64.56 64.06 63.56 63.12 62.69 62.31 62.03 61.81 61.59 61.38 61.12 60.88 60.62 60.34 60.09 59.81 59.50 59.22 58.91 58.59 58.25 57.91 57.47 57.03 56.47 55.91 55.31 54.72 54.12 53.50 52.41 51.62 51.31 50.88 49.75 49.09 48.66 48.62 49.16 49.28 49.53 49.53 49.34 49.34 49.19 49.03 48.94 48.72 48.44 48.09 47.91 47.81 47.69 47.56 47.56 47.53 47.62 47.81 47.75 47.88 47.88 47.75 47.16 46.94 46.28 45.84 45.19
70.44 69.78 69.16 68.59 68.03 67.47 66.91 66.34 65.78 65.25 64.72 64.22 63.75 63.28 62.84 62.47 62.19 61.94 61.72 61.50 61.25 61.00 60.75 60.50 60.22 59.94 59.66 59.34 59.03 58.72 58.41 58.00 57.53 57.06 56.41 55.84 55.25 54.66 54.03 53.41 52.25 51.94 51.59 50.56 49.59 49.22 48.97 49.34 49.66 49.84 49.81 49.91 49.84 49.75 49.62 49.50 49.34 49.09 48.75 48.62 48.50 48.41 48.12 48.09 48.19 48.09 48.12 48.44 48.53 48.44 48.38 48.12 47.59 46.91 46.47 46.06 45.41
70.69 70.00 69.34 68.72 68.16 67.59 67.03 66.47 65.91 65.38 64.88 64.38 63.88 63.44 63.00 62.62 62.31 62.06 61.84 61.62 61.38 61.12 60.88 60.59 60.34 60.06 59.75 59.47 59.16 58.84 58.50 58.06 57.53 57.03 56.34 55.75 55.12 54.50 53.88 52.97 52.53 52.28 51.78 50.25 49.72 49.53 49.59 49.94 50.16 50.25 50.25 50.25 50.22 50.19 50.06 49.94 49.72 49.44 49.34 49.22 49.06 48.94 48.88 48.81 48.88 48.97 49.00 49.09 49.16 49.06 48.81 48.25 47.50 47.03 46.72 46.16 45.94
70.88 70.19 69.53 68.84 68.28 67.69 67.12 66.56 66.03 65.50 65.00 64.50 64.03 63.59 63.16 62.78 62.44 62.19 61.97 61.72 61.50 61.25 61.00 60.72 60.44 60.16 59.88 59.56 59.25 58.94 58.53 58.06 57.53 56.97 56.28 55.62 55.00 54.34 53.69 52.97 52.84 52.66 51.41 50.41 50.06 49.97 50.22 50.47 50.50 50.69 50.72 50.69 50.69 50.59 50.50 50.31 50.09 50.03 49.88 49.75 49.66 49.53 49.53 49.41 49.50 49.59 49.59 49.69 49.75 49.72 49.47 48.88 47.78 47.25 46.97 46.75 46.44
71.03 70.34 69.66 68.94 68.38 67.78 67.22 66.66 66.12 65.62 65.09 64.62 64.16 63.72 63.28 62.91 62.56 62.31 62.06 61.84 61.59 61.34 61.09 60.81 60.53 60.25 59.97 59.66 59.34 59.00 58.56 58.03 57.47 56.91 56.19 55.56 54.91 54.22 53.53 53.28 53.16 52.94 51.00 50.59 50.44 50.47 50.75 50.91 51.03 51.09 51.12 51.16 51.12 51.03 50.88 50.72 50.62 50.50 50.34 50.38 50.31 50.28 50.25 50.16 50.22 50.09 50.25 50.38 50.38 50.31 50.03 49.47 48.66 47.81 47.56 47.25 46.97
71.09 70.44 69.75 69.06 68.44 67.88 67.31 66.75 66.22 65.69 65.19 64.72 64.25 63.84 63.41 63.00 62.69 62.44 62.19 61.94 61.69 61.44 61.19 60.91 60.66 60.34 60.06 59.75 59.44 59.03 58.53 58.00 57.41 56.81 56.12 55.47 54.81 54.12 53.50 53.50 53.47 52.34 51.47 50.94 50.84 51.03 51.25 51.25 51.44 51.47 51.56 51.59 51.53 51.44 51.31 51.22 51.09 50.94 50.94 50.94 51.03 50.84 51.19 51.28 51.22 51.12 51.00 51.00 50.97 50.84 50.53 49.91 49.41 48.41 48.31 47.88 47.53
