everonasctiles/Tile[47,22].asc
ncols 128
nrows 128
xllcorner 0
yllcorner 0
cellsize 2.0
NODATA_value  -9999
[rows 87 to 115 of 128, columns 0 to 66 of 128]
-108.12 -108.03 -107.97 -107.88 -107.84 -107.78 -107.72 -107.69 -107.62 -107.59 -107.53 -107.47 -107.44 -107.38 -107.34 -107.31 -107.34 -107.38 -107.44 -107.50 -107.56 -107.59 -107.66 -107.69 -107.75 -107.75 -107.78 -107.78 -107.78 -107.75 -107.75 -107.69 -107.66 -107.59 -107.56 -107.50 -107.47 -107.44 -107.44 -107.44 -107.44 -107.47 -107.47 -107.47 -107.44 -107.41 -107.41 -107.41 -107.47 -107.53 -107.66 -107.78 -107.88 -107.97 -108.09 -108.25 -108.41 -108.59 -108.75 -108.88 -109.00 -109.09 -109.16 -109.22 -109.22 -109.25 -109.25
-108.25 -108.16 -108.06 -108.00 -107.94 -107.88 -107.84 -107.78 -107.75 -107.72 -107.66 -107.59 -107.53 -107.50 -107.44 -107.44 -107.44 -107.47 -107.53 -107.56 -107.62 -107.69 -107.75 -107.78 -107.81 -107.84 -107.84 -107.84 -107.84 -107.84 -107.84 -107.81 -107.78 -107.72 -107.69 -107.66 -107.62 -107.62 -107.59 -107.59 -107.62 -107.62 -107.66 -107.66 -107.62 -107.59 -107.59 -107.62 -107.66 -107.75 -107.81 -107.94 -108.03 -108.09 -108.19 -108.31 -108.44 -108.56 -108.72 -108.88 -109.00 -109.09 -109.16 -109.22 -109.25 -109.25 -109.25
-108.34 -108.25 -108.19 -108.09 -108.03 -108.00 -107.94 -107.91 -107.88 -107.81 -107.75 -107.72 -107.66 -107.59 -107.53 -107.53 -107.53 -107.56 -107.62 -107.69 -107.72 -107.78 -107.81 -107.84 -107.88 -107.91 -107.91 -107.91 -107.94 -107.94 -107.94 -107.91 -107.91 -107.88 -107.84 -107.81 -107.78 -107.75 -107.75 -107.75 -107.75 -107.78 -107.78 -107.78 -107.78 -107.78 -107.78 -107.81 -107.84 -107.94 -108.00 -108.09 -108.19 -108.25 -108.31 -108.38 -108.47 -108.56 -108.69 -108.84 -108.97 -109.06 -109.16 -109.22 -109.25 -109.25 -109.25
-108.47 -108.34 -108.28 -108.19 -108.12 -108.09 -108.06 -108.00 -107.97 -107.91 -107.88 -107.81 -107.75 -107.69 -107.66 -107.62 -107.66 -107.69 -107.72 -107.78 -107.81 -107.88 -107.91 -107.94 -107.97 -107.97 -108.00 -108.00 -108.00 -108.03 -108.03 -108.03 -108.03 -108.00 -107.97 -107.94 -107.91 -107.91 -107.88 -107.88 -107.88 -107.88 -107.91 -107.91 -107.94 -107.94 -107.97 -108.00 -108.06 -108.12 -108.19 -108.25 -108.34 -108.41 -108.44 -108.47 -108.53 -108.59 -108.69 -108.81 -108.94 -109.03 -109.12 -109.19 -109.22 -109.25 -109.25
-108.53 -108.44 -108.34 -108.28 -108.22 -108.19 -108.12 -108.09 -108.06 -108.00 -107.97 -107.91 -107.84 -107.78 -107.75 -107.75 -107.75 -107.78 -107.84 -107.88 -107.94 -107.97 -108.00 -108.03 -108.03 -108.06 -108.06 -108.06 -108.09 -108.09 -108.12 -108.12 -108.12 -108.12 -108.09 -108.09 -108.06 -108.03 -108.00 -108.00 -107.97 -107.97 -108.00 -108.03 -108.06 -108.09 -108.12 -108.19 -108.22 -108.28 -108.34 -108.41 -108.47 -108.53 -108.56 -108.56 -108.59 -108.62 -108.72 -108.81 -108.91 -109.00 -109.09 -109.19 -109.22 -109.22 -109.22
-108.62 -108.53 -108.44 -108.38 -108.31 -108.25 -108.22 -108.19 -108.16 -108.09 -108.03 -108.00 -107.94 -107.88 -107.84 -107.84 -107.88 -107.91 -107.94 -108.00 -108.03 -108.06 -108.09 -108.09 -108.12 -108.16 -108.16 -108.16 -108.16 -108.19 -108.19 -108.22 -108.25 -108.25 -108.22 -108.22 -108.16 -108.12 -108.09 -108.09 -108.06 -108.06 -108.09 -108.12 -108.16 -108.22 -108.28 -108.31 -108.38 -108.44 -108.47 -108.53 -108.59 -108.62 -108.66 -108.69 -108.69 -108.69 -108.72 -108.78 -108.88 -108.97 -109.06 -109.12 -109.16 -109.19 -109.19
-108.69 -108.59 -108.50 -108.44 -108.38 -108.34 -108.31 -108.25 -108.22 -108.16 -108.12 -108.06 -108.03 -108.00 -107.97 -107.97 -107.97 -108.00 -108.03 -108.09 -108.12 -108.16 -108.19 -108.19 -108.22 -108.22 -108.22 -108.22 -108.25 -108.25 -108.28 -108.31 -108.34 -108.34 -108.34 -108.31 -108.28 -108.22 -108.19 -108.19 -108.16 -108.16 -108.19 -108.22 -108.28 -108.34 -108.41 -108.47 -108.53 -108.56 -108.62 -108.66 -108.69 -108.75 -108.78 -108.78 -108.78 -108.75 -108.75 -108.78 -108.84 -108.94 -109.03 -109.09 -109.12 -109.12 -109.12
-108.75 -108.66 -108.59 -108.50 -108.47 -108.41 -108.38 -108.34 -108.28 -108.25 -108.22 -108.19 -108.12 -108.09 -108.09 -108.09 -108.09 -108.12 -108.16 -108.19 -108.19 -108.25 -108.28 -108.28 -108.31 -108.31 -108.31 -108.31 -108.31 -108.31 -108.38 -108.41 -108.44 -108.47 -108.44 -108.41 -108.38 -108.31 -108.28 -108.25 -108.25 -108.25 -108.28 -108.31 -108.38 -108.44 -108.53 -108.59 -108.66 -108.69 -108.75 -108.78 -108.81 -108.84 -108.88 -108.88 -108.88 -108.81 -108.78 -108.78 -108.84 -108.91 -108.97 -109.03 -109.06 -109.06 -109.06
-108.84 -108.75 -108.66 -108.59 -108.53 -108.50 -108.47 -108.44 -108.38 -108.34 -108.31 -108.28 -108.25 -108.22 -108.22 -108.19 -108.22 -108.22 -108.25 -108.28 -108.31 -108.34 -108.34 -108.38 -108.41 -108.41 -108.38 -108.38 -108.38 -108.41 -108.44 -108.47 -108.53 -108.53 -108.53 -108.50 -108.47 -108.41 -108.38 -108.34 -108.34 -108.34 -108.38 -108.41 -108.47 -108.56 -108.62 -108.69 -108.78 -108.81 -108.88 -108.91 -108.94 -108.94 -108.97 -108.97 -108.94 -108.91 -108.84 -108.84 -108.84 -108.88 -108.94 -108.97 -109.00 -109.00 -108.97
-108.97 -108.88 -108.78 -108.72 -108.66 -108.59 -108.56 -108.53 -108.50 -108.47 -108.44 -108.41 -108.38 -108.34 -108.34 -108.31 -108.31 -108.34 -108.34 -108.38 -108.41 -108.44 -108.47 -108.47 -108.50 -108.47 -108.47 -108.44 -108.44 -108.47 -108.50 -108.56 -108.59 -108.62 -108.62 -108.59 -108.56 -108.50 -108.47 -108.44 -108.41 -108.44 -108.44 -108.50 -108.56 -108.62 -108.72 -108.81 -108.88 -108.94 -109.00 -109.03 -109.03 -109.03 -109.03 -109.03 -109.03 -109.00 -108.94 -108.91 -108.91 -108.91 -108.91 -108.94 -108.94 -108.94 -108.91
-109.12 -109.03 -108.94 -108.84 -108.78 -108.75 -108.72 -108.69 -108.66 -108.59 -108.56 -108.53 -108.50 -108.47 -108.44 -108.44 -108.44 -108.44 -108.47 -108.47 -108.50 -108.53 -108.56 -108.56 -108.56 -108.56 -108.53 -108.53 -108.50 -108.53 -108.56 -108.62 -108.69 -108.69 -108.72 -108.69 -108.66 -108.59 -108.56 -108.53 -108.50 -108.50 -108.50 -108.56 -108.62 -108.72 -108.81 -108.91 -109.00 -109.06 -109.12 -109.16 -109.16 -109.16 -109.16 -109.12 -109.12 -109.09 -109.03 -109.00 -108.97 -108.97 -108.94 -108.94 -108.91 -108.91 -108.88
-109.28 -109.19 -109.09 -109.00 -108.94 -108.91 -108.88 -108.84 -108.78 -108.75 -108.72 -108.69 -108.62 -108.59 -108.56 -108.56 -108.53 -108.53 -108.56 -108.56 -108.59 -108.62 -108.66 -108.66 -108.66 -108.66 -108.62 -108.59 -108.59 -108.59 -108.66 -108.69 -108.75 -108.78 -108.78 -108.78 -108.75 -108.69 -108.66 -108.59 -108.56 -108.56 -108.56 -108.62 -108.69 -108.78 -108.91 -109.00 -109.09 -109.19 -109.22 -109.25 -109.28 -109.25 -109.25 -109.22 -109.22 -109.19 -109.16 -109.09 -109.06 -109.03 -109.00 -109.00 -108.97 -108.94 -108.91
-109.47 -109.38 -109.28 -109.22 -109.12 -109.09 -109.03 -109.00 -108.97 -108.91 -108.88 -108.81 -108.78 -108.72 -108.69 -108.66 -108.66 -108.66 -108.66 -108.69 -108.69 -108.72 -108.75 -108.75 -108.75 -108.75 -108.72 -108.69 -108.66 -108.69 -108.72 -108.75 -108.81 -108.84 -108.84 -108.84 -108.81 -108.78 -108.72 -108.69 -108.62 -108.59 -108.62 -108.69 -108.78 -108.88 -109.00 -109.09 -109.19 -109.28 -109.34 -109.38 -109.38 -109.38 -109.34 -109.31 -109.28 -109.25 -109.22 -109.19 -109.16 -109.12 -109.09 -109.06 -109.03 -109.00 -108.97
-109.66 -109.56 -109.50 -109.41 -109.34 -109.28 -109.22 -109.16 -109.12 -109.06 -109.03 -108.97 -108.91 -108.88 -108.81 -108.78 -108.75 -108.75 -108.75 -108.78 -108.81 -108.81 -108.84 -108.88 -108.88 -108.84 -108.81 -108.78 -108.75 -108.75 -108.78 -108.81 -108.88 -108.91 -108.91 -108.91 -108.91 -108.84 -108.81 -108.75 -108.69 -108.66 -108.69 -108.75 -108.84 -108.97 -109.06 -109.19 -109.28 -109.38 -109.44 -109.47 -109.50 -109.47 -109.44 -109.41 -109.38 -109.34 -109.28 -109.25 -109.22 -109.19 -109.16 -109.16 -109.12 -109.09 -109.06
-109.84 -109.78 -109.69 -109.59 -109.53 -109.47 -109.38 -109.31 -109.28 -109.22 -109.16 -109.09 -109.03 -108.97 -108.94 -108.91 -108.88 -108.84 -108.88 -108.88 -108.91 -108.94 -108.94 -108.97 -108.97 -108.94 -108.91 -108.84 -108.84 -108.84 -108.88 -108.91 -108.94 -108.97 -108.97 -108.97 -108.97 -108.91 -108.88 -108.81 -108.75 -108.72 -108.75 -108.81 -108.91 -109.03 -109.16 -109.28 -109.38 -109.44 -109.53 -109.56 -109.56 -109.56 -109.53 -109.50 -109.44 -109.41 -109.34 -109.31 -109.28 -109.25 -109.25 -109.22 -109.19 -109.16 -109.12
-110.03 -109.97 -109.88 -109.81 -109.72 -109.62 -109.56 -109.47 -109.41 -109.34 -109.28 -109.22 -109.16 -109.09 -109.06 -109.00 -108.97 -108.97 -108.97 -109.00 -109.00 -109.03 -109.06 -109.06 -109.06 -109.03 -109.00 -108.94 -108.94 -108.94 -108.94 -108.97 -109.00 -109.00 -109.03 -109.03 -109.00 -108.97 -108.94 -108.88 -108.81 -108.78 -108.81 -108.88 -109.00 -109.12 -109.25 -109.34 -109.44 -109.53 -109.59 -109.62 -109.66 -109.62 -109.62 -109.56 -109.53 -109.47 -109.44 -109.38 -109.34 -109.31 -109.31 -109.28 -109.25 -109.22 -109.19
-110.22 -110.16 -110.06 -109.97 -109.88 -109.78 -109.69 -109.62 -109.53 -109.47 -109.41 -109.34 -109.28 -109.22 -109.16 -109.12 -109.09 -109.06 -109.09 -109.09 -109.12 -109.16 -109.16 -109.16 -109.16 -109.12 -109.06 -109.03 -109.00 -109.00 -109.03 -109.06 -109.06 -109.09 -109.09 -109.09 -109.06 -109.03 -108.97 -108.91 -108.84 -108.84 -108.88 -108.94 -109.06 -109.19 -109.31 -109.41 -109.50 -109.59 -109.66 -109.69 -109.72 -109.72 -109.69 -109.66 -109.62 -109.56 -109.50 -109.47 -109.44 -109.41 -109.38 -109.34 -109.31 -109.28 -109.22
-110.41 -110.34 -110.25 -110.16 -110.06 -109.94 -109.84 -109.75 -109.66 -109.59 -109.53 -109.47 -109.38 -109.31 -109.25 -109.22 -109.19 -109.19 -109.19 -109.19 -109.22 -109.25 -109.25 -109.28 -109.25 -109.22 -109.16 -109.12 -109.09 -109.09 -109.12 -109.12 -109.16 -109.16 -109.16 -109.12 -109.12 -109.09 -109.03 -108.97 -108.91 -108.91 -108.94 -109.03 -109.16 -109.28 -109.41 -109.50 -109.59 -109.66 -109.72 -109.75 -109.78 -109.78 -109.78 -109.75 -109.69 -109.66 -109.59 -109.53 -109.50 -109.47 -109.44 -109.41 -109.38 -109.31 -109.25
-110.56 -110.50 -110.41 -110.31 -110.22 -110.09 -110.00 -109.91 -109.81 -109.72 -109.66 -109.56 -109.50 -109.44 -109.38 -109.31 -109.28 -109.28 -109.28 -109.31 -109.34 -109.34 -109.38 -109.38 -109.34 -109.31 -109.28 -109.22 -109.22 -109.19 -109.22 -109.22 -109.25 -109.25 -109.22 -109.19 -109.16 -109.12 -109.06 -109.00 -108.97 -108.97 -109.03 -109.12 -109.25 -109.38 -109.50 -109.59 -109.69 -109.75 -109.78 -109.84 -109.88 -109.88 -109.84 -109.81 -109.78 -109.72 -109.69 -109.62 -109.59 -109.53 -109.50 -109.47 -109.41 -109.34 -109.28
-110.72 -110.66 -110.56 -110.47 -110.34 -110.25 -110.12 -110.03 -109.94 -109.88 -109.78 -109.69 -109.62 -109.53 -109.47 -109.41 -109.38 -109.38 -109.38 -109.41 -109.44 -109.47 -109.50 -109.50 -109.47 -109.44 -109.38 -109.34 -109.31 -109.31 -109.31 -109.34 -109.34 -109.31 -109.31 -109.25 -109.22 -109.16 -109.09 -109.03 -109.00 -109.03 -109.09 -109.22 -109.34 -109.47 -109.59 -109.69 -109.78 -109.84 -109.88 -109.91 -109.94 -109.94 -109.94 -109.88 -109.84 -109.81 -109.75 -109.72 -109.66 -109.62 -109.56 -109.53 -109.47 -109.41 -109.31
-110.88 -110.78 -110.69 -110.59 -110.50 -110.38 -110.28 -110.19 -110.09 -110.00 -109.91 -109.84 -109.75 -109.66 -109.56 -109.50 -109.47 -109.47 -109.50 -109.53 -109.56 -109.59 -109.59 -109.59 -109.56 -109.53 -109.50 -109.47 -109.44 -109.44 -109.44 -109.44 -109.44 -109.41 -109.38 -109.31 -109.28 -109.22 -109.16 -109.09 -109.09 -109.12 -109.19 -109.31 -109.44 -109.56 -109.69 -109.78 -109.88 -109.94 -109.97 -110.00 -110.00 -110.00 -110.00 -109.97 -109.91 -109.88 -109.84 -109.78 -109.75 -109.69 -109.66 -109.56 -109.50 -109.44 -109.34
-111.03 -110.94 -110.81 -110.72 -110.62 -110.50 -110.41 -110.31 -110.22 -110.16 -110.06 -109.97 -109.88 -109.75 -109.66 -109.59 -109.59 -109.59 -109.62 -109.66 -109.69 -109.72 -109.72 -109.72 -109.69 -109.66 -109.62 -109.59 -109.59 -109.56 -109.56 -109.56 -109.53 -109.50 -109.47 -109.41 -109.34 -109.28 -109.25 -109.19 -109.19 -109.22 -109.31 -109.41 -109.56 -109.69 -109.81 -109.91 -109.97 -110.03 -110.06 -110.06 -110.09 -110.09 -110.06 -110.03 -110.00 -109.97 -109.91 -109.88 -109.81 -109.78 -109.69 -109.62 -109.53 -109.44 -109.34
-111.16 -111.03 -110.94 -110.84 -110.75 -110.66 -110.56 -110.47 -110.38 -110.28 -110.19 -110.09 -109.97 -109.88 -109.78 -109.72 -109.72 -109.72 -109.75 -109.78 -109.84 -109.84 -109.88 -109.84 -109.84 -109.81 -109.78 -109.75 -109.72 -109.72 -109.69 -109.66 -109.66 -109.59 -109.56 -109.50 -109.44 -109.41 -109.38 -109.34 -109.34 -109.34 -109.44 -109.53 -109.66 -109.78 -109.88 -109.97 -110.06 -110.09 -110.12 -110.16 -110.16 -110.16 -110.16 -110.12 -110.09 -110.03 -110.00 -109.94 -109.91 -109.81 -109.75 -109.66 -109.56 -109.47 -109.38
-111.28 -111.19 -111.06 -110.97 -110.88 -110.78 -110.69 -110.62 -110.53 -110.44 -110.31 -110.22 -110.09 -110.00 -109.91 -109.88 -109.88 -109.88 -109.91 -109.94 -109.97 -110.00 -110.00 -110.00 -109.97 -109.97 -109.94 -109.91 -109.88 -109.84 -109.84 -109.81 -109.75 -109.72 -109.69 -109.62 -109.59 -109.56 -109.53 -109.53 -109.53 -109.56 -109.59 -109.69 -109.78 -109.88 -109.97 -110.06 -110.12 -110.16 -110.19 -110.22 -110.25 -110.22 -110.22 -110.19 -110.16 -110.12 -110.06 -110.03 -109.97 -109.88 -109.78 -109.69 -109.56 -109.47 -109.38
-111.44 -111.31 -111.19 -111.09 -111.00 -110.94 -110.84 -110.75 -110.66 -110.56 -110.44 -110.34 -110.22 -110.12 -110.06 -110.03 -110.03 -110.03 -110.06 -110.09 -110.12 -110.12 -110.16 -110.12 -110.12 -110.09 -110.06 -110.06 -110.03 -110.00 -109.97 -109.94 -109.91 -109.88 -109.81 -109.78 -109.75 -109.75 -109.75 -109.75 -109.78 -109.81 -109.84 -109.88 -109.94 -110.00 -110.06 -110.12 -110.19 -110.22 -110.25 -110.28 -110.31 -110.31 -110.28 -110.28 -110.25 -110.19 -110.16 -110.09 -110.00 -109.94 -109.81 -109.72 -109.59 -109.47 -109.34
-111.56 -111.44 -111.34 -111.25 -111.16 -111.09 -111.00 -110.91 -110.81 -110.72 -110.59 -110.47 -110.38 -110.28 -110.22 -110.19 -110.19 -110.19 -110.22 -110.25 -110.25 -110.28 -110.28 -110.28 -110.25 -110.25 -110.22 -110.19 -110.16 -110.16 -110.12 -110.09 -110.06 -110.03 -110.00 -109.97 -109.94 -109.97 -110.00 -110.03 -110.06 -110.06 -110.06 -110.09 -110.09 -110.16 -110.19 -110.22 -110.25 -110.28 -110.31 -110.34 -110.34 -110.38 -110.34 -110.34 -110.31 -110.25 -110.22 -110.16 -110.06 -109.97 -109.84 -109.72 -109.59 -109.47 -109.34
-111.72 -111.59 -111.47 -111.38 -111.31 -111.25 -111.16 -111.06 -110.97 -110.84 -110.75 -110.62 -110.53 -110.44 -110.41 -110.38 -110.38 -110.38 -110.38 -110.38 -110.41 -110.41 -110.41 -110.41 -110.38 -110.38 -110.34 -110.34 -110.31 -110.28 -110.28 -110.25 -110.22 -110.19 -110.16 -110.16 -110.16 -110.19 -110.25 -110.28 -110.31 -110.34 -110.34 -110.31 -110.31 -110.31 -110.31 -110.34 -110.34 -110.38 -110.41 -110.41 -110.44 -110.44 -110.41 -110.41 -110.38 -110.31 -110.25 -110.19 -110.12 -110.00 -109.88 -109.75 -109.62 -109.47 -109.34
-111.84 -111.72 -111.62 -111.53 -111.47 -111.38 -111.31 -111.22 -111.12 -111.00 -110.91 -110.78 -110.69 -110.62 -110.56 -110.56 -110.53 -110.53 -110.53 -110.53 -110.53 -110.50 -110.50 -110.50 -110.50 -110.50 -110.50 -110.47 -110.47 -110.44 -110.44 -110.44 -110.41 -110.38 -110.34 -110.34 -110.38 -110.41 -110.50 -110.53 -110.59 -110.59 -110.59 -110.56 -110.53 -110.50 -110.47 -110.47 -110.47 -110.47 -110.50 -110.50 -110.50 -110.50 -110.50 -110.47 -110.44 -110.38 -110.31 -110.25 -110.16 -110.06 -109.94 -109.81 -109.66 -109.53 -109.38
-111.97 -111.88 -111.78 -111.69 -111.59 -111.53 -111.44 -111.38 -111.28 -111.19 -111.06 -110.97 -110.88 -110.78 -110.75 -110.72 -110.72 -110.69 -110.69 -110.66 -110.62 -110.59 -110.59 -110.59 -110.62 -110.62 -110.62 -110.62 -110.62 -110.62 -110.62 -110.62 -110.59 -110.59 -110.56 -110.53 -110.59 -110.66 -110.72 -110.78 -110.84 -110.84 -110.81 -110.78 -110.72 -110.69 -110.66 -110.62 -110.62 -110.59 -110.59 -110.59 -110.59 -110.59 -110.56 -110.53 -110.50 -110.44 -110.38 -110.31 -110.22 -110.12 -110.00 -109.88 -109.72 -109.59 -109.44
