everonasctiles/Tile[20,42].asc
ncols 128
nrows 128
xllcorner 0
yllcorner 0
cellsize 2.0
NODATA_value  -9999
[rows 0 to 33 of 128, columns 0 to 76 of 128]
33.19 33.28 33.38 33.47 33.59 33.72 33.84 33.97 34.09 34.19 34.25 34.31 34.38 34.41 34.41 34.44 34.44 34.44 34.44 34.44 34.44 34.47 34.50 34.53 34.59 34.66 34.75 34.81 34.91 34.97 35.06 35.12 35.19 35.28 35.34 35.44 35.53 35.62 35.72 35.84 35.97 36.12 36.22 36.31 36.38 36.47 36.47 36.56 36.62 36.72 36.75 36.78 36.88 37.00 37.16 37.38 37.72 38.03 38.41 38.78 39.19 39.53 40.09 40.47 40.84 41.12 41.38 41.56 41.84 42.06 42.31 42.59 42.84 43.16 43.44 43.75 44.03
33.00 33.09 33.19 33.31 33.41 33.53 33.62 33.72 33.81 33.91 33.97 34.03 34.09 34.12 34.16 34.16 34.19 34.19 34.19 34.19 34.19 34.22 34.25 34.28 34.34 34.41 34.47 34.53 34.59 34.69 34.75 34.81 34.88 34.97 35.03 35.09 35.19 35.25 35.34 35.44 35.56 35.69 35.75 35.84 35.88 35.94 35.97 35.97 36.09 36.16 36.22 36.28 36.31 36.44 36.56 36.78 37.09 37.38 37.66 38.03 38.28 38.59 39.06 39.31 39.69 40.06 40.25 40.59 40.91 41.19 41.44 41.78 42.06 42.41 42.72 43.03 43.34
32.84 32.94 33.03 33.12 33.22 33.31 33.41 33.50 33.59 33.66 33.72 33.78 33.81 33.88 33.88 33.91 33.91 33.94 33.94 33.94 33.94 33.97 34.00 34.03 34.09 34.16 34.22 34.28 34.34 34.41 34.47 34.53 34.59 34.66 34.72 34.78 34.84 34.94 35.00 35.06 35.16 35.25 35.31 35.34 35.38 35.38 35.41 35.44 35.56 35.66 35.72 35.78 35.84 35.91 36.06 36.22 36.50 36.78 37.00 37.25 37.53 37.81 38.09 38.47 38.78 39.03 39.31 39.66 39.94 40.31 40.62 40.97 41.28 41.66 41.94 42.38 42.72
32.69 32.78 32.84 32.94 33.03 33.09 33.19 33.28 33.34 33.41 33.47 33.53 33.56 33.59 33.62 33.62 33.66 33.66 33.66 33.66 33.69 33.69 33.75 33.78 33.84 33.91 33.97 34.03 34.09 34.16 34.22 34.28 34.34 34.41 34.47 34.50 34.56 34.62 34.66 34.72 34.78 34.81 34.84 34.88 34.88 34.91 34.91 34.94 35.03 35.12 35.25 35.31 35.38 35.44 35.62 35.78 35.97 36.16 36.34 36.59 36.78 37.00 37.25 37.53 37.84 38.16 38.44 38.81 39.16 39.53 39.88 40.19 40.53 40.91 41.31 41.78 42.22
32.53 32.59 32.69 32.75 32.81 32.91 32.97 33.03 33.09 33.16 33.22 33.25 33.28 33.31 33.31 33.34 33.34 33.38 33.38 33.41 33.44 33.47 33.53 33.59 33.62 33.69 33.75 33.81 33.88 33.94 34.00 34.06 34.09 34.16 34.19 34.25 34.28 34.31 34.34 34.38 34.41 34.41 34.44 34.41 34.44 34.41 34.44 34.50 34.56 34.66 34.78 34.88 34.97 35.03 35.19 35.31 35.47 35.59 35.75 35.94 36.09 36.25 36.44 36.72 37.03 37.34 37.66 38.00 38.41 38.81 39.22 39.62 40.06 40.50 40.97 41.41 41.84
32.38 32.44 32.50 32.56 32.62 32.69 32.75 32.81 32.88 32.91 32.97 33.00 33.00 33.03 33.06 33.06 33.09 33.12 33.12 33.16 33.22 33.25 33.31 33.38 33.44 33.50 33.56 33.62 33.69 33.72 33.78 33.84 33.88 33.91 33.94 33.97 34.00 34.03 34.03 34.03 34.03 34.03 34.03 34.00 33.97 33.94 33.97 34.06 34.16 34.28 34.34 34.47 34.53 34.69 34.81 34.91 35.00 35.06 35.12 35.28 35.41 35.59 35.72 36.00 36.28 36.59 36.94 37.28 37.81 38.28 38.78 39.28 39.75 40.22 40.69 41.12 41.53
32.19 32.25 32.31 32.38 32.44 32.47 32.53 32.59 32.62 32.66 32.69 32.72 32.75 32.78 32.78 32.81 32.84 32.88 32.91 32.97 33.00 33.06 33.12 33.19 33.25 33.31 33.38 33.41 33.47 33.53 33.56 33.62 33.66 33.69 33.72 33.75 33.75 33.75 33.75 33.75 33.72 33.69 33.62 33.56 33.56 33.53 33.59 33.62 33.72 33.88 33.97 34.12 34.25 34.41 34.47 34.50 34.53 34.53 34.56 34.62 34.78 34.91 35.16 35.34 35.66 36.00 36.50 37.03 37.53 38.06 38.56 39.03 39.50 39.97 40.41 40.84 41.25
32.03 32.09 32.12 32.19 32.22 32.28 32.31 32.34 32.38 32.41 32.44 32.47 32.50 32.53 32.56 32.59 32.62 32.69 32.72 32.78 32.81 32.88 32.94 33.00 33.06 33.12 33.16 33.22 33.28 33.31 33.38 33.41 33.44 33.47 33.50 33.50 33.50 33.50 33.47 33.47 33.41 33.34 33.28 33.22 33.16 33.12 33.22 33.25 33.38 33.47 33.59 33.81 33.97 34.09 34.16 34.12 34.09 34.03 34.09 34.19 34.34 34.59 34.91 35.22 35.59 36.00 36.44 36.91 37.38 37.88 38.34 38.84 39.28 39.75 40.19 40.59 41.00
31.88 31.91 31.94 32.00 32.03 32.06 32.09 32.12 32.16 32.19 32.19 32.22 32.25 32.28 32.34 32.38 32.44 32.50 32.53 32.59 32.66 32.72 32.75 32.81 32.88 32.94 32.97 33.03 33.09 33.12 33.19 33.22 33.25 33.28 33.28 33.28 33.28 33.28 33.25 33.19 33.16 33.06 32.97 32.88 32.81 32.81 32.84 32.94 33.06 33.16 33.28 33.47 33.66 33.81 33.84 33.81 33.75 33.81 33.94 34.12 34.34 34.59 34.88 35.19 35.56 35.94 36.34 36.81 37.25 37.72 38.19 38.66 39.09 39.53 39.97 40.34 40.62
31.69 31.72 31.78 31.81 31.81 31.84 31.88 31.91 31.91 31.94 31.97 32.00 32.03 32.09 32.12 32.19 32.25 32.31 32.38 32.44 32.47 32.53 32.59 32.66 32.69 32.75 32.81 32.84 32.91 32.94 33.00 33.03 33.06 33.06 33.09 33.09 33.09 33.06 33.03 32.97 32.91 32.81 32.72 32.56 32.50 32.53 32.59 32.72 32.84 32.97 33.12 33.25 33.41 33.53 33.59 33.66 33.69 33.78 33.94 34.09 34.31 34.56 34.84 35.16 35.50 35.88 36.28 36.69 37.12 37.56 38.03 38.56 39.06 39.47 39.75 40.03 40.28
31.50 31.53 31.56 31.59 31.59 31.62 31.66 31.66 31.69 31.72 31.75 31.78 31.84 31.91 31.97 32.03 32.09 32.16 32.22 32.25 32.31 32.38 32.44 32.47 32.53 32.56 32.62 32.69 32.72 32.78 32.81 32.84 32.88 32.91 32.91 32.91 32.88 32.88 32.84 32.78 32.72 32.66 32.56 32.50 32.44 32.47 32.53 32.62 32.72 32.84 32.97 33.09 33.25 33.34 33.44 33.53 33.62 33.75 33.91 34.06 34.28 34.53 34.81 35.12 35.47 35.88 36.47 37.12 37.78 38.31 38.62 38.91 39.16 39.44 39.69 39.97 40.22
31.34 31.34 31.38 31.38 31.41 31.41 31.44 31.47 31.50 31.53 31.56 31.62 31.66 31.72 31.81 31.88 31.94 32.00 32.06 32.12 32.16 32.22 32.25 32.31 32.34 32.41 32.44 32.50 32.56 32.59 32.66 32.69 32.72 32.72 32.72 32.72 32.72 32.69 32.66 32.62 32.59 32.53 32.47 32.44 32.41 32.44 32.47 32.56 32.66 32.75 32.88 33.00 33.09 33.22 33.31 33.44 33.56 33.69 33.84 34.03 34.41 35.00 35.69 36.34 36.88 37.19 37.47 37.75 38.03 38.31 38.56 38.84 39.09 39.38 39.62 39.91 40.16
31.16 31.16 31.19 31.19 31.22 31.22 31.25 31.28 31.31 31.38 31.41 31.47 31.53 31.59 31.66 31.72 31.81 31.88 31.91 31.97 32.03 32.06 32.12 32.16 32.19 32.25 32.28 32.34 32.38 32.44 32.50 32.53 32.56 32.56 32.56 32.56 32.56 32.53 32.50 32.50 32.47 32.44 32.41 32.38 32.38 32.38 32.44 32.50 32.56 32.66 32.75 32.88 32.97 33.09 33.25 33.53 33.97 34.53 35.06 35.47 35.75 36.03 36.31 36.59 36.84 37.12 37.41 37.69 37.97 38.25 38.50 38.78 39.06 39.31 39.59 39.84 40.09
30.97 31.00 31.00 31.03 31.03 31.06 31.09 31.12 31.19 31.22 31.28 31.34 31.41 31.47 31.53 31.62 31.69 31.75 31.78 31.84 31.88 31.94 31.97 32.00 32.03 32.09 32.12 32.19 32.25 32.28 32.34 32.38 32.41 32.44 32.44 32.41 32.41 32.41 32.38 32.38 32.34 32.34 32.31 32.31 32.31 32.31 32.38 32.41 32.50 32.62 32.81 33.09 33.41 33.72 34.00 34.28 34.56 34.84 35.12 35.41 35.69 35.97 36.25 36.53 36.81 37.09 37.38 37.66 37.94 38.19 38.47 38.62 38.72 38.88 39.19 39.56 39.97
30.81 30.84 30.84 30.88 30.88 30.91 30.94 31.00 31.03 31.09 31.19 31.25 31.31 31.38 31.47 31.53 31.59 31.62 31.69 31.72 31.75 31.81 31.84 31.88 31.91 31.94 31.97 32.03 32.09 32.16 32.22 32.25 32.28 32.31 32.31 32.28 32.28 32.25 32.25 32.25 32.25 32.22 32.16 32.09 32.06 32.09 32.19 32.38 32.59 32.81 33.03 33.25 33.47 33.69 33.97 34.25 34.53 34.78 35.06 35.34 35.62 35.91 36.19 36.47 36.75 37.03 37.12 37.06 37.00 37.03 37.28 37.72 38.16 38.59 39.03 39.47 39.88
30.66 30.69 30.69 30.72 30.75 30.78 30.81 30.88 30.94 31.00 31.09 31.19 31.25 31.31 31.41 31.44 31.50 31.56 31.59 31.62 31.66 31.69 31.69 31.72 31.75 31.78 31.81 31.88 31.97 32.03 32.09 32.00 31.88 31.72 31.56 31.44 31.31 31.25 31.25 31.31 31.38 31.47 31.56 31.69 31.81 31.97 32.12 32.34 32.56 32.78 33.00 33.22 33.44 33.66 33.91 34.19 34.47 34.75 35.03 35.31 35.50 35.47 35.31 35.12 35.09 35.28 35.59 35.94 36.31 36.72 37.12 37.56 38.00 38.47 38.94 39.38 39.81
30.50 30.53 30.56 30.59 30.62 30.66 30.72 30.78 30.84 30.94 31.03 31.12 31.22 31.31 31.38 31.41 31.44 31.47 31.50 31.53 31.53 31.56 31.56 31.59 31.59 31.47 31.31 31.12 30.97 30.88 30.88 30.88 30.91 30.97 31.00 31.03 31.06 31.09 31.19 31.28 31.38 31.47 31.56 31.66 31.81 31.97 32.12 32.31 32.53 32.75 32.97 33.19 33.41 33.62 33.84 34.00 33.97 33.81 33.69 33.66 33.84 34.09 34.31 34.56 34.84 35.16 35.47 35.78 36.16 36.53 36.94 37.41 37.88 38.38 38.88 39.34 39.78
30.38 30.41 30.44 30.47 30.50 30.56 30.62 30.69 30.78 30.88 31.00 31.12 31.22 31.31 31.34 31.38 31.41 31.41 31.41 31.44 31.44 31.31 31.00 30.78 30.72 30.75 30.78 30.81 30.81 30.84 30.88 30.88 30.91 30.94 31.00 31.03 31.06 31.09 31.19 31.28 31.38 31.47 31.56 31.66 31.78 31.94 32.09 32.28 32.50 32.66 32.72 32.72 32.66 32.62 32.69 32.84 33.00 33.16 33.34 33.56 33.75 33.97 34.22 34.44 34.72 35.00 35.28 35.62 35.97 36.34 36.75 37.22 37.72 38.25 38.81 39.38 39.84
30.25 30.28 30.31 30.34 30.41 30.47 30.53 30.59 30.69 30.81 30.97 31.12 31.25 31.34 31.38 31.38 31.34 31.34 31.09 30.75 30.56 30.59 30.66 30.69 30.72 30.75 30.78 30.78 30.81 30.84 30.88 30.88 30.91 30.94 31.00 31.03 31.06 31.09 31.19 31.28 31.38 31.47 31.59 31.69 31.81 31.91 31.97 32.00 32.03 32.06 32.16 32.22 32.34 32.44 32.59 32.75 32.91 33.06 33.25 33.47 33.66 33.88 34.09 34.31 34.56 34.84 35.09 35.41 35.75 36.09 36.50 37.00 37.62 38.25 38.88 39.34 39.69
30.12 30.16 30.22 30.25 30.31 30.38 30.44 30.53 30.66 30.78 30.97 31.12 31.28 31.41 31.41 31.25 30.75 30.44 30.47 30.50 30.53 30.59 30.62 30.66 30.72 30.75 30.78 30.78 30.81 30.84 30.88 30.94 31.09 31.25 31.44 31.56 31.69 31.78 31.81 31.81 31.81 31.78 31.78 31.78 31.78 31.81 31.84 31.88 31.94 31.97 32.03 32.12 32.22 32.34 32.47 32.62 32.81 33.00 33.19 33.38 33.56 33.78 33.97 34.19 34.44 34.69 34.97 35.25 35.56 35.91 36.25 36.88 37.59 38.31 38.84 39.22 39.50
30.00 30.06 30.12 30.19 30.22 30.31 30.38 30.47 30.59 30.75 30.94 31.16 31.28 30.91 30.38 30.31 30.38 30.41 30.44 30.50 30.53 30.56 30.62 30.66 30.69 30.75 30.84 30.97 31.09 31.28 31.41 31.53 31.66 31.78 31.84 31.91 31.91 31.84 31.81 31.75 31.69 31.66 31.66 31.66 31.69 31.72 31.75 31.78 31.81 31.88 31.91 32.00 32.09 32.22 32.38 32.53 32.72 32.94 33.12 33.34 33.53 33.75 33.91 34.09 34.38 34.62 34.91 35.28 35.69 35.97 36.53 37.16 37.75 38.34 38.78 39.12 39.34
29.91 29.97 30.06 30.12 30.19 30.25 30.34 30.44 30.56 30.72 30.75 30.38 30.19 30.22 30.25 30.31 30.34 30.38 30.44 30.47 30.53 30.56 30.50 30.44 30.50 30.62 30.75 30.88 31.00 31.12 31.28 31.44 31.59 31.75 31.84 31.91 31.88 31.81 31.72 31.62 31.56 31.50 31.50 31.53 31.59 31.66 31.69 31.72 31.72 31.75 31.78 31.84 31.97 32.12 32.28 32.50 32.72 32.91 33.22 33.44 33.62 33.88 34.19 34.41 34.66 35.00 35.19 35.59 35.91 36.34 36.69 37.28 37.88 38.38 38.84 39.16 39.41
29.81 29.91 30.00 30.06 30.16 30.22 30.31 30.41 30.31 30.12 30.09 30.12 30.16 30.22 30.25 30.28 30.34 30.38 30.41 30.22 29.97 29.97 30.06 30.16 30.28 30.41 30.53 30.66 30.78 30.91 31.09 31.28 31.50 31.72 31.84 31.91 31.91 31.78 31.59 31.47 31.38 31.34 31.34 31.41 31.50 31.59 31.66 31.66 31.69 31.69 31.72 31.81 31.94 32.16 32.34 32.53 32.84 33.16 33.38 33.59 33.75 34.00 34.44 34.81 35.19 35.44 35.59 35.91 36.22 36.53 36.81 37.28 37.84 38.41 38.88 39.19 39.50
29.75 29.88 29.97 30.06 30.16 30.19 30.09 30.00 30.03 30.06 30.09 30.12 30.16 30.19 30.22 30.28 30.19 29.91 29.72 29.69 29.72 29.75 29.84 29.94 30.09 30.22 30.31 30.41 30.47 30.66 30.84 30.81 31.41 31.53 31.69 31.72 31.78 31.59 31.38 31.16 31.19 31.16 31.19 31.28 31.47 31.62 31.69 31.69 31.62 31.72 31.78 31.94 32.09 32.31 32.53 32.78 33.06 33.28 33.50 33.72 33.88 34.16 34.69 35.09 35.44 35.75 36.00 36.25 36.44 36.72 36.91 37.41 37.91 38.41 38.84 39.22 39.62
29.72 29.88 30.00 30.03 29.97 29.94 29.97 30.00 30.03 30.06 30.09 30.09 30.12 30.16 30.06 29.88 29.78 29.69 29.59 29.56 29.53 29.56 29.59 29.69 29.81 30.00 30.03 30.12 30.12 30.28 30.56 30.88 31.12 31.22 31.25 31.28 31.34 31.12 31.06 31.03 31.06 31.06 31.12 31.22 31.41 31.53 31.56 31.66 31.72 31.78 31.88 32.03 32.25 32.44 32.75 32.97 33.22 33.44 33.59 33.88 34.09 34.38 34.94 35.34 35.62 35.97 36.25 36.50 36.69 36.88 37.06 37.44 37.81 38.41 38.66 39.25 39.72
29.72 29.84 29.84 29.88 29.91 29.94 29.94 29.97 30.00 30.03 30.06 30.19 30.28 30.19 30.03 29.91 29.75 29.62 29.50 29.41 29.34 29.34 29.38 29.53 29.72 29.84 29.91 29.97 30.06 30.25 30.47 30.69 30.75 30.94 30.81 30.94 31.06 31.03 30.97 30.97 31.00 31.03 31.09 31.22 31.34 31.53 31.62 31.72 31.75 31.88 32.00 32.19 32.38 32.66 32.91 33.22 33.44 33.69 33.78 34.03 34.44 34.78 35.19 35.56 35.84 36.16 36.44 36.69 36.84 37.03 37.19 37.47 37.97 38.41 38.78 39.28 39.81
29.78 29.78 29.81 29.84 29.88 29.91 29.94 29.97 30.03 30.41 30.66 30.59 30.47 30.31 30.12 29.94 29.72 29.56 29.41 29.28 29.22 29.22 29.31 29.47 29.59 29.72 29.78 29.94 30.06 30.19 30.41 30.50 30.69 30.75 30.78 30.75 30.88 30.94 30.91 30.94 30.97 31.00 31.06 31.19 31.38 31.50 31.66 31.75 31.84 31.97 32.12 32.28 32.53 32.78 33.06 33.50 33.78 34.03 34.16 34.47 34.75 34.97 35.41 35.78 36.09 36.38 36.62 36.78 36.97 37.09 37.31 37.59 38.06 38.38 38.75 39.22 40.03
29.78 29.78 29.81 29.84 29.88 29.91 30.09 30.66 30.97 31.00 30.94 30.84 30.69 30.50 30.25 29.97 29.72 29.50 29.31 29.19 29.16 29.19 29.22 29.34 29.47 29.59 29.75 29.88 29.97 30.16 30.28 30.44 30.53 30.62 30.66 30.69 30.75 30.81 30.81 30.84 30.91 30.94 31.00 31.16 31.31 31.50 31.62 31.75 31.88 32.03 32.25 32.47 32.69 32.97 33.34 33.75 33.94 34.38 34.56 34.78 35.00 35.34 35.72 36.00 36.28 36.50 36.75 36.94 37.09 37.31 37.53 37.81 38.19 38.53 39.00 39.59 40.25
29.78 29.78 29.81 29.84 30.16 30.72 30.97 31.12 31.25 31.28 31.22 31.12 30.97 30.69 30.38 30.00 29.75 29.47 29.31 29.22 29.16 29.12 29.19 29.25 29.44 29.56 29.69 29.78 29.88 30.06 30.22 30.34 30.47 30.53 30.56 30.59 30.62 30.69 30.72 30.75 30.78 30.84 30.94 31.06 31.25 31.41 31.56 31.72 31.88 32.06 32.28 32.59 32.84 33.16 33.56 33.97 34.41 34.72 34.91 35.12 35.41 35.72 35.97 36.22 36.41 36.69 36.94 37.09 37.31 37.53 37.81 38.16 38.50 38.91 39.31 39.91 40.44
29.78 29.81 30.03 30.38 30.59 30.84 31.06 31.28 31.44 31.53 31.50 31.44 31.28 30.94 30.47 30.06 29.81 29.47 29.31 29.19 29.12 29.12 29.16 29.22 29.38 29.50 29.62 29.72 29.84 29.94 30.09 30.25 30.34 30.44 30.47 30.50 30.50 30.56 30.56 30.59 30.66 30.75 30.88 31.00 31.22 31.38 31.59 31.75 31.91 32.16 32.41 32.69 33.03 33.38 33.84 34.12 34.66 35.00 35.22 35.44 35.72 35.97 36.22 36.44 36.66 36.88 37.09 37.31 37.53 37.84 38.19 38.53 38.88 39.25 39.72 40.19 40.75
29.84 29.91 30.00 30.16 30.56 30.81 31.09 31.31 31.47 31.56 31.56 31.47 31.28 31.00 30.69 30.28 29.88 29.53 29.31 29.22 29.16 29.16 29.12 29.22 29.38 29.47 29.56 29.69 29.78 29.94 30.06 30.19 30.31 30.38 30.41 30.44 30.44 30.44 30.41 30.44 30.53 30.62 30.78 30.97 31.19 31.38 31.59 31.81 32.00 32.22 32.47 32.78 33.09 33.50 33.97 34.38 34.81 35.19 35.53 35.75 36.00 36.22 36.41 36.59 36.81 37.03 37.28 37.50 37.84 38.19 38.50 38.88 39.22 39.59 40.06 40.47 40.88
29.72 29.78 29.88 30.16 30.44 30.75 30.97 31.19 31.44 31.53 31.50 31.41 31.22 30.97 30.66 30.31 29.91 29.50 29.34 29.22 29.12 29.16 29.16 29.25 29.38 29.50 29.56 29.69 29.84 29.94 30.06 30.19 30.25 30.31 30.38 30.38 30.34 30.31 30.28 30.38 30.47 30.59 30.78 30.97 31.22 31.41 31.66 31.84 32.06 32.28 32.53 32.81 33.19 33.59 33.97 34.38 34.81 35.22 35.59 35.91 36.16 36.38 36.56 36.75 36.97 37.22 37.44 37.75 38.06 38.47 38.81 39.19 39.53 39.84 40.22 40.66 41.03
29.56 29.66 29.75 29.81 30.06 30.53 30.56 31.03 31.28 31.38 31.38 31.25 31.09 30.84 30.62 30.25 29.81 29.47 29.31 29.19 29.16 29.12 29.22 29.38 29.50 29.59 29.69 29.75 29.94 30.06 30.09 30.16 30.25 30.31 30.34 30.31 30.28 30.25 30.25 30.34 30.47 30.59 30.81 31.03 31.19 31.41 31.66 31.88 32.09 32.31 32.56 32.91 33.22 33.56 33.94 34.31 34.56 35.09 35.50 35.91 36.16 36.47 36.72 36.88 37.09 37.38 37.69 37.97 38.34 38.72 39.09 39.47 39.78 40.06 40.44 40.78 41.09
29.44 29.50 29.53 29.66 29.78 30.25 30.56 30.66 31.00 31.12 31.16 31.03 30.91 30.72 30.50 30.19 29.56 29.47 29.25 29.19 29.12 29.12 29.25 29.41 29.56 29.66 29.72 29.91 30.12 30.19 30.22 30.25 30.22 30.28 30.28 30.28 30.22 30.25 30.25 30.34 30.47 30.66 30.84 31.06 31.25 31.47 31.69 31.88 32.09 32.34 32.62 32.94 33.22 33.56 33.91 34.25 34.59 35.00 35.44 35.88 36.22 36.53 36.84 37.06 37.25 37.53 37.88 38.19 38.56 38.94 39.34 39.66 39.94 40.22 40.50 40.81 41.16
