everonasctiles/Tile10,20.asc
ncols 128
nrows 128
xllcorner 0
yllcorner 0
cellsize 2.0
NODATA_value  -9999
[rows 0 to 32 of 128, columns 0 to 74 of 128]
92.19 92.19 92.19 92.16 91.38 91.19 90.97 90.75 90.44 89.97 90.12 90.22 90.25 90.31 90.44 90.56 90.69 90.78 90.88 90.97 91.06 91.16 91.22 91.31 91.38 91.47 91.56 91.62 91.72 91.81 91.88 91.97 92.00 92.03 92.06 92.06 92.06 92.03 92.00 91.97 91.94 91.97 92.22 92.62 92.78 92.84 93.12 93.25 93.25 93.16 93.12 93.16 93.19 93.28 93.41 93.59 93.88 94.34 94.78 94.97 95.09 95.19 95.25 95.25 95.22 95.19 95.22 95.31 95.44 95.56 95.69 95.81 95.97 96.12 96.25
92.19 92.19 91.97 91.22 90.62 90.19 89.88 89.66 89.72 89.91 89.97 90.03 90.12 90.19 90.31 90.41 90.50 90.62 90.72 90.81 90.94 91.03 91.12 91.19 91.25 91.34 91.44 91.50 91.59 91.69 91.78 91.84 91.91 91.94 91.97 92.00 92.00 92.00 91.97 91.97 91.94 91.94 91.91 92.00 92.31 92.47 92.62 92.78 92.78 92.81 92.91 92.97 93.03 93.12 93.28 93.44 93.72 94.28 94.69 94.88 95.06 95.25 95.31 95.25 95.19 95.12 95.16 95.25 95.38 95.50 95.62 95.78 95.91 96.06 96.22
90.69 90.53 90.31 89.94 89.59 89.41 89.44 89.56 89.66 89.75 89.84 89.91 90.00 90.09 90.19 90.31 90.38 90.50 90.62 90.72 90.81 90.94 91.00 91.09 91.16 91.22 91.31 91.41 91.47 91.59 91.66 91.75 91.81 91.84 91.91 91.94 91.97 91.97 91.97 91.97 91.97 91.97 92.03 91.97 91.94 92.19 92.31 92.44 92.56 92.66 92.72 92.78 92.91 93.00 93.16 93.31 93.66 94.28 94.66 94.81 94.97 95.16 95.25 95.22 95.16 95.09 95.12 95.19 95.31 95.44 95.59 95.72 95.88 96.03 96.16
90.03 89.84 89.53 89.25 89.22 89.31 89.38 89.47 89.56 89.66 89.72 89.81 89.91 90.00 90.12 90.22 90.34 90.47 90.56 90.66 90.75 90.84 90.94 91.00 91.06 91.12 91.22 91.28 91.38 91.50 91.59 91.66 91.72 91.78 91.81 91.88 91.91 91.94 91.94 91.97 91.97 92.00 92.00 92.03 92.06 92.12 92.16 92.25 92.41 92.47 92.56 92.66 92.78 92.91 93.03 93.19 93.56 94.22 94.59 94.66 94.81 95.03 95.16 95.16 95.12 95.06 95.09 95.16 95.28 95.41 95.53 95.69 95.84 95.97 96.12
89.34 89.25 89.06 89.12 89.16 89.22 89.28 89.41 89.47 89.56 89.66 89.72 89.81 89.94 90.06 90.19 90.28 90.47 90.53 90.66 90.72 90.81 90.94 91.00 91.06 91.16 91.22 91.28 91.38 91.44 91.53 91.59 91.66 91.72 91.78 91.81 91.88 91.91 91.91 91.94 91.97 92.00 92.03 92.06 92.09 92.12 92.19 92.25 92.28 92.31 92.34 92.47 92.66 92.78 92.91 93.03 93.41 94.06 94.50 94.62 94.72 94.88 95.00 95.06 95.06 95.06 95.09 95.16 95.28 95.38 95.50 95.66 95.81 95.97 96.12
88.81 88.91 88.97 89.00 89.06 89.12 89.22 89.31 89.41 89.47 89.56 89.69 89.81 89.91 90.03 90.12 90.25 90.34 90.47 90.19 90.19 90.38 90.34 90.44 90.72 90.44 90.75 91.03 91.38 91.44 91.50 91.56 91.62 91.66 91.69 91.75 91.78 91.81 91.84 91.88 91.94 91.97 92.03 92.06 92.12 92.19 92.25 92.25 92.28 92.31 92.31 92.34 92.44 92.66 92.81 92.91 93.22 93.81 94.25 94.53 94.66 94.78 94.84 94.94 95.00 95.03 95.06 95.16 95.25 95.38 95.47 95.62 95.78 95.94 96.12
88.69 88.75 88.81 88.91 88.97 89.03 89.12 89.22 89.34 89.44 89.53 89.66 89.75 89.88 89.75 89.62 89.62 89.47 89.50 89.56 89.62 89.66 89.69 89.69 89.72 89.72 89.75 89.88 90.06 90.78 91.38 91.47 91.50 91.53 91.59 91.66 91.75 91.75 91.78 91.81 91.88 91.94 92.00 92.06 92.12 92.22 92.25 92.28 92.28 92.31 92.34 92.38 92.38 92.44 92.62 92.81 93.00 93.44 93.97 94.41 94.59 94.69 94.78 94.88 94.94 94.97 95.03 95.12 95.22 95.34 95.47 95.59 95.75 95.91 96.12
88.56 88.62 88.72 88.78 88.88 88.97 89.06 89.19 89.28 89.41 89.50 89.59 89.56 89.12 89.09 89.19 89.28 89.38 89.47 89.62 89.75 89.81 89.84 89.78 89.72 89.72 89.75 89.75 89.75 89.91 91.09 91.16 91.34 91.41 91.44 91.53 91.56 91.62 91.69 91.75 91.81 91.91 92.00 92.06 92.16 92.25 92.25 92.28 92.31 92.34 92.34 92.38 92.41 92.47 92.53 92.62 92.81 93.09 93.56 94.06 94.47 94.62 94.75 94.91 94.94 94.91 94.94 95.06 95.19 95.31 95.44 95.56 95.72 95.91 96.09
88.47 88.53 88.59 88.69 88.81 88.91 89.03 89.12 89.25 89.34 89.16 88.81 88.84 88.94 89.06 89.22 89.69 90.19 90.44 90.47 90.50 90.53 90.56 90.59 90.62 90.66 90.66 90.25 90.47 90.78 91.00 91.06 91.19 91.25 91.31 91.38 91.44 91.50 91.56 91.66 91.75 91.84 91.94 92.06 92.16 92.25 92.28 92.31 92.31 92.34 92.38 92.38 92.44 92.50 92.56 92.62 92.69 92.81 93.12 93.62 94.09 94.41 94.62 94.91 94.94 94.88 94.91 95.00 95.12 95.25 95.38 95.53 95.72 95.94 96.19
88.41 88.47 88.53 88.66 88.75 88.88 88.97 89.09 88.88 88.56 88.59 88.69 88.81 89.38 90.00 90.16 90.22 90.25 90.31 90.34 90.38 90.41 90.44 90.47 90.50 90.50 90.47 90.47 90.53 90.66 90.81 90.94 91.06 91.09 91.12 91.19 91.28 91.38 91.47 91.53 91.59 91.69 91.78 91.91 92.06 92.25 92.28 92.31 92.34 92.34 92.38 92.41 92.47 92.53 92.59 92.66 92.72 92.78 92.84 93.03 93.44 93.91 94.31 94.75 94.88 94.84 94.84 94.91 95.03 95.16 95.31 95.50 95.69 95.97 96.38
88.34 88.44 88.50 88.59 88.72 88.81 88.62 88.31 88.38 88.47 88.62 89.38 89.84 89.91 89.97 90.03 90.09 90.16 90.19 90.22 90.25 90.28 90.31 90.34 90.38 90.41 90.44 90.44 90.50 90.56 90.69 90.78 90.91 90.97 91.03 91.12 91.19 91.28 91.34 91.44 91.50 91.59 91.69 91.78 91.91 92.19 92.31 92.31 92.34 92.38 92.41 92.44 92.50 92.56 92.62 92.69 92.75 92.81 92.88 92.91 93.00 93.25 93.78 94.38 94.75 94.88 94.88 94.91 94.97 95.06 95.22 95.44 95.72 96.12 96.38
88.31 88.38 88.47 88.56 88.44 88.09 88.16 88.25 88.44 89.16 89.59 89.66 89.72 89.78 89.84 89.91 89.94 90.06 90.09 90.09 90.09 90.12 90.16 90.19 90.22 90.25 90.28 90.34 90.44 90.50 90.53 90.62 90.62 90.75 90.94 91.03 91.12 91.19 91.28 91.34 91.44 91.53 91.62 91.72 91.78 91.97 92.22 92.34 92.34 92.38 92.44 92.50 92.53 92.59 92.66 92.72 92.78 92.84 92.91 92.97 93.00 93.06 93.22 93.69 94.50 94.91 94.94 94.91 94.91 94.97 95.12 95.38 95.66 95.94 96.09
88.19 88.25 88.28 87.81 87.91 88.00 88.19 88.97 89.31 89.38 89.44 89.50 89.59 89.66 89.75 89.81 89.91 90.06 90.09 90.09 90.09 90.09 90.09 90.09 90.09 90.16 90.16 90.28 90.34 90.44 90.50 90.53 90.59 90.62 90.84 90.94 91.03 91.12 91.19 91.28 91.38 91.47 91.53 91.62 91.69 91.81 91.94 92.16 92.34 92.41 92.47 92.53 92.59 92.62 92.69 92.75 92.81 92.88 92.94 93.00 93.06 93.09 93.16 93.22 93.56 94.34 94.94 94.91 94.84 94.91 95.12 95.44 95.66 95.84 96.00
88.16 88.16 87.69 87.62 87.94 88.62 89.06 89.12 89.16 89.25 89.31 89.38 89.47 89.53 89.62 89.75 89.84 90.00 90.09 90.09 90.09 90.09 90.09 90.09 90.09 90.09 90.12 90.22 90.31 90.41 90.47 90.50 90.53 90.59 90.78 90.84 90.94 91.03 91.09 91.19 91.28 91.38 91.47 91.56 91.62 91.75 91.81 91.91 92.09 92.31 92.47 92.56 92.62 92.69 92.72 92.78 92.84 92.91 92.97 93.03 93.09 93.16 93.19 93.25 93.31 93.44 93.94 94.53 94.81 94.97 95.31 95.50 95.69 95.84 95.97
88.16 88.16 88.16 88.31 88.78 88.88 88.94 89.00 89.03 89.12 89.16 89.25 89.34 89.44 89.53 89.66 89.75 89.91 90.09 90.09 90.09 90.09 90.09 90.09 90.09 90.09 90.09 90.19 90.31 90.41 90.44 90.44 90.50 90.53 90.69 90.78 90.88 90.94 91.03 91.12 91.22 91.31 91.41 91.47 91.38 91.50 91.75 91.84 91.94 92.03 92.25 92.50 92.66 92.72 92.75 92.81 92.88 92.94 93.00 93.06 93.12 93.19 93.22 93.28 93.34 93.41 93.50 93.78 94.34 95.00 95.41 95.56 95.72 95.84 95.97
88.16 88.16 88.16 88.66 88.66 88.72 88.78 88.84 88.91 88.97 89.03 89.09 89.19 89.31 89.44 89.53 89.66 89.81 89.94 89.94 89.97 90.06 90.09 90.09 90.09 90.09 90.09 90.09 90.22 90.38 90.41 90.41 90.47 90.53 90.62 90.69 90.78 90.88 90.94 91.03 91.12 91.09 90.97 90.94 90.81 91.19 91.41 91.78 91.88 91.97 92.06 92.22 92.44 92.69 92.81 92.84 92.91 92.97 93.03 93.09 93.16 93.22 93.28 93.31 93.38 93.47 93.59 93.69 93.81 94.28 95.12 95.62 95.75 95.88 96.00
88.16 88.16 88.16 88.50 88.56 88.56 88.62 88.72 88.78 88.84 88.91 88.97 89.03 89.19 89.31 89.44 89.56 89.75 89.81 89.84 89.88 89.97 90.09 90.09 90.09 90.09 90.09 90.09 90.12 90.19 90.25 90.31 90.38 90.47 90.53 90.62 90.72 90.78 90.88 90.94 91.06 90.69 90.62 90.62 90.62 90.81 91.19 91.44 91.62 91.81 92.00 92.09 92.22 92.38 92.66 92.84 92.94 93.00 93.06 93.12 93.19 93.25 93.31 93.38 93.44 93.53 93.66 93.75 93.88 94.00 94.22 94.94 95.62 95.91 96.00
88.16 88.16 88.16 88.38 88.41 88.44 88.50 88.56 88.62 88.69 88.75 88.84 88.91 89.03 89.16 89.28 89.41 89.56 89.69 89.81 89.84 89.94 90.09 90.09 90.09 90.09 90.09 90.09 90.09 90.12 90.16 90.22 90.28 90.34 90.47 90.53 90.62 90.69 90.81 90.91 91.00 90.62 90.62 90.62 90.66 90.84 91.09 91.31 91.50 91.69 91.88 92.06 92.16 92.28 92.38 92.59 92.84 93.03 93.09 93.16 93.22 93.28 93.34 93.41 93.50 93.59 93.72 93.84 93.94 94.06 94.16 94.28 94.72 95.41 95.97
88.03 88.19 88.28 88.28 88.28 88.31 88.38 88.44 88.50 88.56 88.62 88.69 88.78 88.88 89.00 89.12 89.25 89.38 89.50 89.66 89.81 89.88 89.94 89.94 89.97 90.00 90.03 90.09 90.09 90.09 90.12 90.16 90.22 90.28 90.38 90.47 90.56 90.66 90.75 90.84 90.94 90.62 90.62 90.62 90.69 90.84 91.03 91.22 91.41 91.59 91.78 92.00 92.12 92.22 92.31 92.44 92.59 92.84 93.06 93.19 93.25 93.31 93.38 93.44 93.56 93.69 93.78 93.91 94.00 94.12 94.25 94.34 94.47 94.62 95.19
87.88 87.94 88.00 88.06 88.12 88.19 88.22 88.28 88.38 88.44 88.50 88.56 88.66 88.75 88.84 88.97 89.09 89.19 89.25 89.44 89.53 89.66 89.75 89.78 89.84 89.91 89.97 90.03 90.06 90.06 90.09 90.12 90.16 90.22 90.28 90.41 90.50 90.59 90.69 90.78 90.88 90.62 90.62 90.62 90.69 90.81 91.00 91.16 91.34 91.53 91.72 91.94 92.09 92.19 92.28 92.41 92.53 92.66 92.81 93.06 93.25 93.34 93.41 93.53 93.62 93.75 93.84 93.97 94.09 94.19 94.31 94.41 94.53 94.66 94.75
87.72 87.78 87.84 87.91 87.97 88.03 88.09 88.16 88.22 88.28 88.38 88.44 88.53 88.62 88.72 88.78 88.91 88.84 89.03 89.22 89.34 89.44 89.56 89.62 89.72 89.78 89.88 89.94 90.00 90.03 90.06 90.06 90.12 90.16 90.22 90.31 90.44 90.53 90.62 90.75 90.84 90.62 90.62 90.62 90.69 90.81 90.94 91.12 91.31 91.47 91.66 91.84 92.03 92.16 92.28 92.38 92.50 92.62 92.78 92.88 93.06 93.28 93.47 93.59 93.69 93.81 93.94 94.03 94.16 94.25 94.38 94.50 94.59 94.72 94.84
87.56 87.66 87.72 87.78 87.84 87.91 87.97 88.03 88.09 88.16 88.25 88.31 88.41 88.50 88.56 88.62 88.69 88.75 88.88 89.00 89.12 89.25 89.38 89.47 89.56 89.69 89.75 89.84 89.94 90.00 90.00 90.03 90.06 90.06 90.19 90.25 90.38 90.47 90.59 90.69 90.78 90.62 90.62 90.62 90.66 90.78 90.91 91.09 91.25 91.44 91.62 91.81 92.03 92.12 92.25 92.38 92.50 92.62 92.75 92.88 93.03 93.22 93.50 93.47 93.75 93.88 94.00 94.09 94.22 94.34 94.44 94.56 94.66 94.78 94.97
87.41 87.50 87.56 87.62 87.69 87.75 87.81 87.88 87.97 88.03 88.12 88.19 88.28 88.38 88.44 88.47 88.50 88.56 88.59 88.75 88.91 89.06 89.19 89.31 89.44 89.56 89.66 89.75 89.84 89.97 89.97 89.97 90.00 90.00 90.09 90.22 90.31 90.44 90.53 90.62 90.75 90.62 90.62 90.62 90.62 90.72 90.88 91.06 91.25 91.44 91.62 91.78 91.97 92.12 92.22 92.34 92.47 92.59 92.75 92.88 93.00 93.34 92.31 92.00 92.81 93.69 94.06 94.19 94.28 94.41 94.50 94.62 94.75 94.91 95.06
87.28 87.34 87.41 87.47 87.56 87.62 87.69 87.78 87.84 87.91 88.00 88.06 88.16 88.25 88.34 88.34 88.31 88.28 88.28 88.47 88.72 88.88 89.03 89.19 89.31 89.44 89.56 89.66 89.78 89.91 89.91 89.91 89.94 89.97 90.06 90.16 90.28 90.38 90.50 90.59 90.69 90.62 90.62 90.62 90.62 90.66 90.88 91.06 91.25 91.44 91.59 91.78 91.97 92.09 92.22 92.34 92.44 92.59 92.72 92.84 93.00 93.19 92.59 92.25 92.34 92.72 93.41 94.19 94.34 94.47 94.59 94.69 94.84 95.00 95.16
87.12 87.19 87.28 87.34 87.41 87.50 87.56 87.66 87.72 87.81 87.88 87.97 88.03 88.28 88.31 88.31 88.28 88.31 88.31 88.41 88.59 88.75 88.91 89.03 89.19 89.31 89.44 89.56 89.69 89.84 89.84 89.84 89.84 89.91 90.03 90.12 90.22 90.34 90.44 90.56 90.66 90.62 90.62 90.62 90.62 90.62 90.84 91.06 91.25 91.44 91.62 91.78 91.94 92.06 92.22 92.34 92.44 92.59 92.72 92.88 93.00 92.97 92.81 92.69 92.38 92.62 92.88 93.50 94.31 94.53 94.66 94.78 94.94 95.09 95.28
86.97 87.03 87.12 87.19 87.28 87.34 87.44 87.53 87.59 87.69 87.75 87.84 87.91 88.31 88.31 88.31 88.31 88.31 88.34 88.38 88.53 88.66 88.78 88.94 89.06 89.19 89.34 89.47 89.62 89.75 89.75 89.72 89.72 89.72 90.00 90.09 90.19 90.31 90.41 90.50 90.62 90.62 90.62 90.62 90.62 90.62 90.88 91.06 91.28 91.44 91.62 91.78 91.94 92.06 92.19 92.31 92.44 92.59 92.72 92.88 93.00 92.94 92.97 93.19 93.09 92.75 93.00 93.22 93.59 94.47 94.72 94.88 95.06 95.22 95.38
86.81 86.91 86.97 87.06 87.16 87.25 87.31 87.41 87.47 87.56 87.66 87.78 87.94 88.09 88.25 88.31 88.31 88.34 88.38 88.41 88.44 88.56 88.66 88.81 88.94 89.09 89.25 89.38 89.50 89.69 89.62 89.62 89.72 89.84 89.94 90.06 90.19 90.28 90.38 90.47 90.56 90.62 90.62 90.62 90.62 90.62 90.91 91.12 91.31 91.47 91.66 91.81 91.94 92.06 92.19 92.31 92.47 92.59 92.72 92.88 93.00 93.03 93.19 93.28 93.38 93.47 93.62 93.44 93.56 93.75 94.41 94.91 95.16 95.31 95.47
86.66 86.75 86.84 86.91 87.00 87.12 87.19 87.28 87.38 87.47 87.59 87.72 87.84 88.00 88.12 88.25 88.31 88.34 88.38 88.41 88.41 88.41 88.53 88.66 88.84 89.00 89.16 89.28 89.38 89.47 89.47 89.59 89.69 89.78 89.91 90.03 90.12 90.25 90.34 90.44 90.53 90.62 90.62 90.62 90.62 90.69 90.97 91.19 91.38 91.53 91.66 91.81 91.94 92.06 92.19 92.34 92.47 92.62 92.75 92.91 93.03 93.16 93.28 93.38 93.50 93.59 93.75 94.03 94.19 93.88 94.09 94.38 95.03 95.38 95.59
86.53 86.62 86.69 86.81 86.91 86.97 87.06 87.16 87.25 87.38 87.47 87.59 87.75 87.88 88.03 88.16 88.28 88.34 88.38 88.38 88.38 88.38 88.34 88.53 88.75 88.91 89.03 89.16 89.25 89.31 89.44 89.56 89.66 89.78 89.88 90.00 90.09 90.22 90.31 90.41 90.53 90.62 90.72 90.84 90.94 91.06 91.19 91.31 91.44 91.56 91.69 91.81 91.94 92.09 92.22 92.34 92.50 92.66 92.78 92.94 93.09 93.22 93.34 93.47 93.59 93.72 93.88 94.03 94.28 94.69 94.31 94.41 94.59 95.06 95.53
86.41 86.50 86.59 86.69 86.78 86.88 86.97 87.06 87.16 87.25 87.38 87.50 87.62 87.78 87.91 88.03 88.19 88.31 88.34 88.34 88.34 88.34 88.31 88.47 88.66 88.81 88.97 89.09 89.19 89.28 89.41 89.50 89.59 89.75 89.88 89.97 90.06 90.16 90.31 90.41 90.50 90.62 90.75 90.84 90.97 91.06 91.19 91.31 91.47 91.59 91.72 91.84 91.97 92.12 92.25 92.38 92.53 92.66 92.84 93.00 93.12 93.28 93.41 93.56 93.69 93.81 93.97 94.16 94.34 94.56 94.88 94.97 94.72 94.94 95.16
86.28 86.38 86.47 86.56 86.66 86.75 86.81 86.94 87.06 87.16 87.28 87.41 87.50 87.66 87.78 87.94 88.09 88.25 88.31 88.31 88.31 88.31 88.31 88.38 88.59 88.75 88.91 89.03 89.12 89.22 89.34 89.47 89.59 89.72 89.84 89.94 90.03 90.16 90.28 90.38 90.50 90.62 90.75 90.84 90.97 91.09 91.22 91.34 91.47 91.59 91.72 91.84 92.00 92.16 92.28 92.44 92.56 92.72 92.91 93.06 93.19 93.34 93.47 93.62 93.75 93.88 94.03 94.25 94.44 94.66 94.84 95.06 95.34 95.16 95.22
86.16 86.25 86.34 86.44 86.53 86.59 86.72 86.84 86.97 87.06 87.16 87.28 87.41 87.56 87.69 87.81 88.00 88.16 88.31 88.31 88.31 88.31 88.31 88.31 88.59 88.72 88.84 88.97 89.09 89.22 89.31 89.44 89.56 89.66 89.81 89.91 90.03 90.16 90.25 90.41 90.50 90.62 90.75 90.88 91.00 91.12 91.25 91.38 91.50 91.62 91.75 91.91 92.06 92.19 92.34 92.47 92.59 92.78 92.97 93.09 93.25 93.41 93.53 93.69 93.81 93.97 94.09 94.31 94.53 94.72 94.94 95.09 95.28 95.53 95.69
86.03 86.12 86.22 86.31 86.41 86.50 86.59 86.72 86.84 86.97 87.06 87.22 87.31 87.44 87.59 87.72 87.91 88.09 88.31 88.31 88.31 88.31 88.31 88.31 88.56 88.69 88.81 88.94 89.06 89.16 89.31 89.44 89.56 89.69 89.78 89.91 90.03 90.16 90.25 90.41 90.53 90.62 90.75 90.91 91.03 91.16 91.28 91.41 91.53 91.66 91.78 91.94 92.09 92.22 92.38 92.50 92.66 92.84 93.00 93.16 93.31 93.47 93.62 93.75 93.91 94.03 94.16 94.41 94.59 94.78 94.97 95.16 95.34 95.53 95.69
