everonasctiles/Tile[33,12].asc
ncols 128
nrows 128
xllcorner 0
yllcorner 0
cellsize 2.0
NODATA_value  -9999
[rows 32 to 63 of 128, columns 0 to 70 of 128]
135.56 135.31 135.03 134.78 134.53 134.38 134.19 134.06 133.94 133.81 133.72 133.66 133.56 133.47 133.34 133.19 133.00 132.91 132.75 132.62 132.47 132.25 132.06 131.78 131.56 131.25 130.97 130.84 130.59 130.38 130.06 129.81 129.56 129.25 129.03 128.59 128.28 128.06 128.03 127.84 127.72 127.59 127.44 127.25 127.06 126.81 126.50 126.28 126.00 125.84 125.56 125.38 125.19 125.09 124.88 124.66 124.47 124.25 124.12 123.91 123.62 123.47 123.22 123.09 122.97 122.59 121.88 121.16 120.97 120.03 119.91
135.56 135.31 135.00 134.75 134.50 134.31 134.12 134.03 133.91 133.81 133.75 133.66 133.59 133.47 133.34 133.19 133.03 132.88 132.75 132.62 132.47 132.25 131.94 131.75 131.56 131.28 130.97 130.69 130.59 130.31 130.12 129.94 129.66 129.34 128.84 128.69 128.38 128.19 128.06 127.94 127.81 127.69 127.53 127.38 127.22 126.91 126.62 126.38 126.12 125.91 125.69 125.41 125.19 125.00 124.84 124.66 124.47 124.28 124.12 124.00 123.75 123.59 123.44 123.34 123.16 123.00 122.41 121.75 121.41 120.25 119.81
135.50 135.25 134.97 134.72 134.47 134.28 134.16 134.00 133.88 133.81 133.75 133.66 133.59 133.50 133.38 133.22 133.06 132.91 132.75 132.62 132.47 132.22 131.97 131.72 131.53 131.25 130.97 130.75 130.59 130.38 130.16 129.94 129.66 129.28 128.91 128.59 128.38 128.19 128.06 127.94 127.81 127.72 127.56 127.47 127.31 127.06 126.75 126.41 126.12 125.94 125.66 125.38 125.19 124.97 124.81 124.66 124.50 124.34 124.19 124.03 123.84 123.69 123.59 123.47 123.34 123.16 122.91 122.28 121.47 120.53 119.72
135.47 135.25 135.00 134.72 134.50 134.28 134.09 134.00 133.91 133.81 133.75 133.66 133.56 133.50 133.34 133.22 133.03 132.91 132.72 132.62 132.44 132.16 131.91 131.72 131.47 131.25 131.00 130.75 130.38 130.28 129.97 129.81 129.56 129.28 128.88 128.56 128.34 128.22 128.09 127.94 127.88 127.78 127.66 127.53 127.38 127.12 126.81 126.50 126.22 125.88 125.59 125.38 125.06 124.88 124.66 124.59 124.44 124.28 124.12 123.97 123.91 123.78 123.66 123.53 123.38 123.28 123.12 122.59 121.47 120.38 119.66
135.44 135.19 134.94 134.69 134.47 134.25 134.09 133.97 133.88 133.78 133.66 133.59 133.56 133.41 133.34 133.19 133.00 132.91 132.72 132.56 132.34 132.16 131.91 131.66 131.44 131.16 130.94 130.69 130.34 130.03 129.91 129.69 129.44 129.12 128.84 128.59 128.34 128.12 128.06 127.97 127.88 127.81 127.66 127.56 127.38 127.19 126.91 126.59 126.12 125.91 125.59 125.34 125.09 124.88 124.69 124.44 124.38 124.25 124.12 124.03 123.91 123.75 123.69 123.56 123.44 123.31 123.19 122.78 121.84 120.47 119.56
135.38 135.16 134.91 134.66 134.41 134.22 134.06 133.91 133.78 133.69 133.59 133.56 133.44 133.34 133.28 133.16 133.00 132.84 132.66 132.47 132.31 132.06 131.84 131.59 131.38 131.16 130.91 130.59 130.34 130.03 129.72 129.50 129.38 129.09 128.84 128.56 128.28 128.16 128.06 127.97 127.88 127.78 127.69 127.56 127.38 127.16 126.94 126.56 126.22 125.81 125.47 125.28 125.06 124.81 124.62 124.44 124.28 124.16 124.09 123.97 123.94 123.75 123.59 123.53 123.41 123.28 123.19 122.84 122.00 120.56 119.53
135.25 135.06 134.84 134.62 134.38 134.16 133.94 133.81 133.66 133.56 133.53 133.44 133.31 133.28 133.16 133.03 132.91 132.78 132.59 132.41 132.09 131.94 131.78 131.56 131.34 131.09 130.88 130.59 130.28 130.00 129.75 129.53 129.19 128.97 128.75 128.47 128.28 128.12 128.00 127.94 127.81 127.72 127.66 127.53 127.31 127.06 126.81 126.50 126.09 125.66 125.47 125.19 124.97 124.78 124.62 124.47 124.34 124.19 124.12 124.03 123.94 123.75 123.59 123.38 123.34 123.22 123.12 122.69 121.84 120.50 119.47
135.16 134.94 134.75 134.53 134.31 134.09 133.88 133.66 133.50 133.47 133.38 133.22 133.22 133.09 133.09 133.00 132.84 132.66 132.53 132.34 132.12 131.97 131.66 131.53 131.28 131.06 130.84 130.59 130.31 130.03 129.75 129.53 129.28 128.94 128.56 128.38 128.22 128.06 127.94 127.81 127.75 127.66 127.50 127.41 127.22 127.00 126.72 126.38 126.00 125.66 125.38 125.16 124.94 124.75 124.62 124.47 124.31 124.25 124.09 124.00 123.88 123.75 123.59 123.41 123.19 123.16 123.03 122.62 121.88 120.44 119.44
135.09 134.81 134.59 134.41 134.19 134.00 133.78 133.62 133.47 133.34 133.16 133.09 133.00 132.97 132.91 132.88 132.75 132.62 132.50 132.31 132.16 131.94 131.75 131.56 131.34 131.12 130.88 130.56 130.25 129.97 129.69 129.53 129.25 128.97 128.72 128.41 128.12 127.91 127.75 127.59 127.56 127.53 127.44 127.31 127.12 126.91 126.66 126.38 126.03 125.69 125.41 125.09 124.94 124.78 124.62 124.47 124.31 124.19 124.09 123.94 123.81 123.59 123.50 123.34 123.19 123.06 122.94 122.75 122.06 120.75 119.41
134.97 134.75 134.50 134.25 134.06 133.88 133.66 133.50 133.38 133.19 133.09 132.97 132.91 132.88 132.75 132.69 132.59 132.50 132.34 132.28 132.09 131.91 131.75 131.53 131.38 131.16 130.88 130.62 130.34 130.03 129.78 129.34 129.19 128.94 128.66 128.38 128.09 127.84 127.66 127.50 127.47 127.34 127.31 127.19 126.94 126.78 126.50 126.25 125.97 125.66 125.38 125.09 124.81 124.72 124.62 124.50 124.38 124.19 123.97 123.81 123.66 123.56 123.31 123.22 123.06 122.94 122.84 122.81 122.22 121.03 119.53
134.84 134.62 134.38 134.16 133.94 133.75 133.56 133.38 133.22 133.09 132.97 132.88 132.78 132.72 132.59 132.50 132.44 132.38 132.28 132.16 132.03 131.88 131.72 131.56 131.34 131.12 130.91 130.56 130.38 130.03 129.66 129.41 129.06 128.78 128.50 128.25 128.00 127.75 127.59 127.31 127.25 127.19 127.12 127.00 126.81 126.62 126.34 126.06 125.78 125.53 125.25 124.94 124.78 124.56 124.50 124.44 124.28 124.12 123.91 123.72 123.41 123.44 123.28 123.03 122.81 122.75 122.78 122.69 122.38 121.41 120.47
134.75 134.50 134.25 134.03 133.81 133.62 133.44 133.28 133.16 133.00 132.88 132.72 132.62 132.53 132.38 132.28 132.25 132.19 132.12 132.03 131.91 131.78 131.66 131.47 131.31 131.12 130.88 130.59 130.31 130.03 129.59 129.28 128.81 128.59 128.34 128.09 127.91 127.66 127.50 127.31 127.00 126.97 126.94 126.81 126.66 126.44 126.16 125.81 125.44 125.34 125.03 124.78 124.59 124.44 124.38 124.28 124.19 124.00 123.75 123.59 123.44 123.22 123.16 123.03 122.84 122.69 122.69 122.62 122.50 121.97 121.34
134.62 134.38 134.16 133.91 133.72 133.50 133.38 133.19 133.00 132.88 132.75 132.62 132.50 132.34 132.22 132.06 132.00 131.94 131.91 131.81 131.72 131.62 131.50 131.41 131.28 131.03 130.88 130.59 130.31 129.94 129.62 129.22 128.81 128.41 128.12 127.94 127.75 127.56 127.38 127.19 127.03 126.69 126.69 126.59 126.38 126.19 125.94 125.50 125.28 124.97 124.88 124.66 124.50 124.31 124.19 124.12 124.03 123.81 123.69 123.44 123.34 123.19 123.00 122.91 122.78 122.66 122.53 122.47 122.44 122.28 121.94
134.50 134.28 134.06 133.81 133.59 133.41 133.25 133.06 132.91 132.72 132.62 132.47 132.34 132.19 132.03 131.94 131.84 131.78 131.72 131.59 131.44 131.31 131.34 131.28 131.19 131.00 130.69 130.47 130.06 129.81 129.44 129.06 128.69 128.28 128.00 127.81 127.59 127.44 127.25 127.06 126.91 126.72 126.28 126.28 126.12 125.91 125.66 125.41 125.09 124.88 124.72 124.50 124.34 124.22 124.06 123.94 123.84 123.72 123.53 123.38 123.25 123.09 123.00 122.81 122.62 122.53 122.47 122.28 122.25 122.22 122.16
134.44 134.12 133.88 133.69 133.50 133.31 133.12 132.94 132.78 132.62 132.47 132.34 132.16 132.06 131.91 131.75 131.69 131.62 131.53 131.44 131.22 131.16 131.16 131.12 131.03 130.78 130.59 130.03 129.72 129.53 129.12 128.78 128.53 128.25 127.97 127.69 127.53 127.28 127.12 126.97 126.78 126.59 126.38 125.94 125.88 125.69 125.50 125.28 125.00 124.81 124.66 124.41 124.22 124.06 123.91 123.84 123.69 123.56 123.47 123.31 123.19 123.03 122.84 122.62 122.47 122.38 122.31 122.22 122.06 122.03 122.06
134.25 134.06 133.84 133.59 133.38 133.19 133.00 132.81 132.66 132.50 132.34 132.19 132.03 131.84 131.75 131.62 131.47 131.47 131.38 131.25 131.09 131.00 130.97 130.94 130.84 130.72 130.38 130.06 129.50 129.22 129.00 128.69 128.41 128.16 127.91 127.69 127.44 127.22 126.91 126.81 126.62 126.47 126.25 125.97 125.56 125.47 125.28 125.16 124.91 124.69 124.53 124.34 124.12 123.94 123.84 123.69 123.59 123.50 123.28 123.19 123.06 122.88 122.66 122.56 122.38 122.22 122.19 122.06 121.91 121.94 121.94
134.22 133.97 133.72 133.50 133.25 133.06 132.84 132.69 132.53 132.34 132.19 132.03 131.81 131.72 131.53 131.44 131.28 131.25 131.16 131.09 131.00 130.94 130.88 130.81 130.72 130.59 130.31 129.97 129.44 129.09 128.72 128.53 128.31 128.09 127.84 127.59 127.34 127.12 126.84 126.59 126.44 126.34 126.12 125.91 125.62 125.22 125.00 124.88 124.81 124.66 124.41 124.19 124.00 123.84 123.69 123.59 123.47 123.34 123.19 123.06 122.91 122.78 122.62 122.41 122.31 122.16 122.00 121.97 121.88 121.81 121.84
134.12 133.88 133.62 133.41 133.19 132.97 132.81 132.62 132.44 132.22 132.03 131.88 131.69 131.50 131.38 131.22 131.09 131.00 130.94 130.88 130.81 130.72 130.72 130.62 130.53 130.34 130.09 129.72 129.22 128.91 128.66 128.41 128.19 128.00 127.78 127.53 127.25 127.00 126.75 126.53 126.38 126.12 126.00 125.78 125.56 125.34 125.09 124.75 124.47 124.47 124.31 124.09 123.91 123.75 123.62 123.44 123.38 123.22 123.09 122.84 122.78 122.66 122.47 122.34 122.22 122.03 121.88 121.88 121.75 121.75 121.72
134.00 133.81 133.53 133.28 133.09 132.88 132.69 132.50 132.31 132.09 131.88 131.72 131.53 131.34 131.19 131.03 130.88 130.75 130.69 130.62 130.56 130.47 130.47 130.41 130.31 130.16 129.91 129.47 129.00 128.75 128.53 128.31 128.09 127.88 127.69 127.44 127.12 126.88 126.66 126.47 126.25 126.06 125.81 125.59 125.38 125.22 125.00 124.81 124.62 124.28 124.06 123.97 123.78 123.62 123.47 123.31 123.19 123.09 122.97 122.81 122.62 122.53 122.38 122.19 122.09 121.97 121.84 121.72 121.66 121.62 121.59
133.94 133.69 133.47 133.22 132.97 132.78 132.56 132.38 132.19 132.03 131.81 131.53 131.38 131.19 131.03 130.88 130.69 130.50 130.41 130.38 130.31 130.22 130.16 130.09 130.09 129.97 129.66 129.16 128.75 128.53 128.41 128.19 128.00 127.75 127.50 127.31 127.06 126.78 126.56 126.38 126.16 125.91 125.72 125.50 125.28 125.06 124.91 124.72 124.47 124.28 124.06 123.75 123.47 123.47 123.34 123.25 123.03 122.94 122.84 122.72 122.53 122.41 122.28 122.09 121.94 121.88 121.75 121.66 121.47 121.47 121.47
133.84 133.62 133.38 133.16 132.94 132.72 132.53 132.28 132.06 131.88 131.66 131.44 131.22 131.00 130.84 130.69 130.44 130.31 130.09 130.09 130.00 129.94 129.78 129.81 129.84 129.72 129.38 128.91 128.69 128.44 128.22 128.03 127.84 127.66 127.41 127.12 126.91 126.69 126.50 126.22 126.03 125.81 125.59 125.38 125.19 125.00 124.72 124.62 124.38 124.12 123.97 123.78 123.56 123.22 123.25 123.12 123.00 122.81 122.69 122.59 122.47 122.28 122.16 122.00 121.88 121.78 121.66 121.53 121.44 121.28 121.34
133.75 133.59 133.31 133.06 132.88 132.66 132.41 132.22 132.06 131.78 131.56 131.38 131.09 130.88 130.66 130.50 130.31 130.09 129.88 129.81 129.72 129.59 129.56 129.50 129.47 129.44 129.19 128.94 128.59 128.25 128.00 127.84 127.69 127.50 127.28 127.00 126.75 126.50 126.38 126.12 125.94 125.69 125.53 125.28 125.03 124.91 124.75 124.47 124.28 124.03 123.78 123.62 123.47 123.28 123.00 123.03 122.88 122.72 122.56 122.44 122.34 122.19 121.97 121.91 121.78 121.69 121.50 121.41 121.28 121.16 121.12
133.72 133.44 133.28 133.03 132.78 132.56 132.34 132.16 131.91 131.75 131.47 131.25 131.06 130.81 130.53 130.31 130.12 129.91 129.69 129.50 129.44 129.31 129.25 129.19 129.16 129.09 129.06 128.84 128.50 128.22 127.94 127.62 127.50 127.25 127.09 126.88 126.62 126.41 126.12 126.00 125.84 125.62 125.44 125.22 124.97 124.75 124.59 124.31 124.12 123.94 123.72 123.47 123.34 123.19 123.00 122.75 122.75 122.50 122.47 122.34 122.12 122.06 121.88 121.81 121.69 121.53 121.34 121.19 121.09 121.00 120.97
133.66 133.47 133.19 133.00 132.75 132.56 132.34 132.12 131.91 131.62 131.41 131.16 130.91 130.69 130.44 130.22 129.97 129.75 129.53 129.38 129.19 129.09 129.03 128.97 128.94 128.84 128.84 128.66 128.34 128.09 127.84 127.56 127.31 127.06 126.91 126.66 126.47 126.22 126.00 125.75 125.69 125.53 125.34 125.16 124.91 124.66 124.47 124.25 124.00 123.81 123.66 123.44 123.22 123.03 122.91 122.75 122.50 122.44 122.31 122.22 122.09 121.88 121.72 121.66 121.50 121.31 121.19 121.06 120.97 120.91 120.81
133.59 133.38 133.16 132.94 132.72 132.50 132.28 132.06 131.81 131.59 131.34 131.12 130.91 130.59 130.38 130.12 129.88 129.66 129.44 129.28 129.12 129.00 128.88 128.78 128.72 128.72 128.59 128.50 128.22 128.00 127.78 127.53 127.25 126.94 126.62 126.50 126.28 126.06 125.81 125.66 125.44 125.41 125.22 125.03 124.84 124.59 124.31 124.03 123.88 123.69 123.44 123.31 123.12 122.91 122.84 122.72 122.50 122.25 122.09 122.03 121.88 121.75 121.59 121.44 121.28 121.16 121.03 120.94 120.84 120.78 120.69
133.66 133.47 133.22 132.94 132.75 132.50 132.28 132.03 131.84 131.56 131.31 131.09 130.78 130.56 130.25 130.06 129.81 129.59 129.41 129.22 129.06 128.94 128.81 128.72 128.59 128.56 128.41 128.28 128.12 127.91 127.72 127.47 127.12 126.88 126.56 126.22 126.09 125.91 125.66 125.53 125.38 125.12 125.06 124.91 124.72 124.44 124.25 123.91 123.62 123.50 123.28 123.12 123.00 122.78 122.69 122.59 122.44 122.25 122.03 121.81 121.66 121.56 121.41 121.25 121.12 121.00 120.91 120.81 120.72 120.66 120.56
133.69 133.47 133.16 132.94 132.72 132.50 132.28 132.03 131.78 131.53 131.28 131.03 130.78 130.50 130.25 129.97 129.75 129.53 129.34 129.16 129.00 128.88 128.78 128.66 128.56 128.41 128.19 128.06 127.88 127.78 127.50 127.41 127.09 126.78 126.50 126.22 125.84 125.69 125.53 125.41 125.25 125.06 124.88 124.72 124.53 124.25 124.03 123.81 123.56 123.31 123.09 122.97 122.84 122.69 122.53 122.44 122.31 122.16 121.97 121.72 121.56 121.38 121.25 121.09 121.00 120.88 120.78 120.69 120.59 120.53 120.44
133.62 133.41 133.22 132.97 132.72 132.53 132.25 132.03 131.81 131.53 131.28 131.03 130.72 130.44 130.22 129.94 129.69 129.47 129.28 129.12 128.94 128.84 128.72 128.62 128.50 128.38 128.22 128.03 127.81 127.56 127.44 126.97 126.91 126.62 126.41 126.09 125.84 125.53 125.41 125.22 125.06 124.88 124.69 124.47 124.25 124.03 123.81 123.59 123.41 123.16 122.91 122.84 122.72 122.62 122.44 122.25 122.16 122.00 121.81 121.59 121.41 121.25 121.09 120.97 120.88 120.75 120.66 120.56 120.50 120.41 120.31
133.72 133.53 133.25 133.03 132.78 132.53 132.28 132.03 131.78 131.53 131.25 131.00 130.72 130.50 130.16 129.97 129.66 129.47 129.25 129.06 128.94 128.81 128.69 128.56 128.47 128.34 128.19 128.06 127.88 127.62 127.28 127.06 126.72 126.50 126.22 125.97 125.72 125.44 125.22 125.03 124.88 124.69 124.47 124.28 124.06 123.84 123.62 123.41 123.19 123.00 122.81 122.66 122.56 122.47 122.34 122.19 122.03 121.84 121.66 121.47 121.28 121.12 121.00 120.88 120.75 120.66 120.56 120.47 120.38 120.28 120.19
133.78 133.50 133.25 133.03 132.78 132.56 132.28 132.06 131.78 131.56 131.28 131.03 130.78 130.47 130.22 129.91 129.66 129.41 129.22 129.06 128.91 128.78 128.66 128.50 128.38 128.25 128.09 127.97 127.78 127.56 127.25 126.94 126.66 126.34 126.09 125.81 125.56 125.31 125.06 124.88 124.69 124.47 124.28 124.06 123.88 123.66 123.44 123.22 123.00 122.81 122.69 122.56 122.38 122.38 122.25 122.09 121.88 121.69 121.50 121.34 121.19 121.03 120.91 120.78 120.69 120.56 120.47 120.38 120.28 120.19 120.09
133.75 133.56 133.34 133.09 132.84 132.62 132.38 132.12 131.84 131.59 131.31 131.06 130.78 130.50 130.22 129.94 129.66 129.41 129.19 129.03 128.88 128.75 128.59 128.44 128.31 128.16 128.00 127.84 127.66 127.41 127.12 126.81 126.50 126.22 125.97 125.69 125.41 125.16 124.91 124.69 124.50 124.28 124.09 123.88 123.69 123.47 123.25 123.06 122.84 122.66 122.53 122.41 122.31 122.19 122.12 121.97 121.75 121.56 121.38 121.22 121.09 120.97 120.84 120.72 120.59 120.50 120.41 120.28 120.19 120.09 119.97
133.91 133.66 133.41 133.16 132.91 132.66 132.41 132.12 131.84 131.59 131.31 131.03 130.75 130.47 130.19 129.94 129.66 129.41 129.19 129.03 128.84 128.69 128.53 128.38 128.22 128.03 127.88 127.69 127.50 127.25 126.97 126.69 126.38 126.09 125.84 125.56 125.28 125.00 124.75 124.53 124.31 124.09 123.91 123.69 123.50 123.28 123.09 122.88 122.69 122.50 122.41 122.28 122.19 122.09 122.00 121.81 121.59 121.41 121.25 121.12 121.00 120.88 120.78 120.66 120.56 120.44 120.34 120.22 120.09 119.97 119.88
