everonasctiles/Tile36,2.asc
ncols 128
nrows 128
xllcorner 0
yllcorner 0
cellsize 2.0
NODATA_value  -9999
[rows 34 to 67 of 128, columns 0 to 76 of 128]
61.22 61.41 62.56 62.56 62.81 64.19 65.03 65.22 65.38 65.50 65.53 65.62 65.84 65.84 65.72 65.47 64.28 63.81 63.81 63.81 64.00 64.12 64.22 64.25 64.38 64.66 64.81 64.97 65.09 65.03 64.78 64.66 64.84 65.12 65.50 65.88 65.91 66.16 66.53 67.12 68.34 70.50 72.44 73.09 72.97 72.47 72.34 72.22 71.97 71.59 71.59 71.50 71.12 70.84 70.03 69.53 69.69 70.03 70.25 70.44 70.53 70.78 71.19 71.66 72.09 72.38 72.59 72.72 72.81 72.91 72.88 72.78 72.12 71.19 71.00 71.25 71.44
60.19 60.59 60.97 61.12 61.53 62.28 63.69 64.19 64.47 64.53 64.59 64.62 64.69 64.84 64.72 64.31 63.44 63.19 62.97 62.88 62.94 62.97 62.91 62.97 63.19 63.47 63.81 64.03 64.16 64.12 64.09 64.09 64.25 64.47 64.66 64.84 65.19 65.47 65.66 65.91 66.53 68.22 69.62 70.56 70.72 70.47 69.69 69.16 69.22 69.66 69.91 69.22 68.94 68.44 67.88 67.88 68.00 68.16 68.31 68.56 69.00 69.47 69.94 70.38 70.75 71.06 71.28 71.47 71.66 71.75 71.50 70.91 70.28 69.38 69.16 69.47 69.78
59.09 59.47 59.88 60.00 60.28 61.19 62.34 63.12 63.50 63.59 63.69 63.66 63.75 63.78 63.66 63.28 62.91 62.38 62.16 61.91 61.84 61.81 61.75 61.78 62.03 62.16 62.69 63.31 63.53 63.66 63.72 63.66 63.84 64.16 64.09 64.00 64.25 64.56 64.81 65.06 65.47 66.62 67.94 68.72 69.19 69.22 68.94 68.69 68.56 68.28 68.19 67.47 67.16 66.34 65.78 66.00 66.16 66.28 66.41 66.78 67.47 68.09 68.62 69.03 69.28 69.50 69.88 70.25 70.72 70.91 70.00 68.78 68.34 67.81 67.97 68.28 68.56
57.88 57.91 58.00 58.91 59.25 60.03 61.19 61.94 62.41 62.69 62.81 62.91 62.81 62.75 62.62 62.28 61.84 61.50 61.31 61.00 60.81 60.69 60.56 60.59 60.56 60.72 61.28 62.25 62.94 63.19 63.31 63.22 63.28 63.59 63.75 63.78 63.84 63.97 64.19 64.53 64.94 65.72 66.81 67.69 68.19 68.25 68.12 68.09 67.31 66.78 65.84 64.94 64.47 63.88 63.91 64.12 64.31 64.44 64.56 64.91 65.56 66.44 67.16 67.59 68.09 68.47 68.59 69.00 69.28 68.94 67.81 66.81 66.50 66.38 66.72 67.09 67.44
56.47 56.69 56.28 56.38 56.53 59.16 59.78 60.56 61.25 61.66 61.84 61.88 61.88 61.81 61.66 61.38 61.03 60.69 60.44 59.94 59.69 59.53 59.31 59.16 59.00 59.22 59.50 60.38 61.50 62.22 62.47 62.53 62.56 62.75 63.06 63.41 63.66 63.84 63.97 64.22 64.59 65.19 65.97 66.66 67.12 67.22 67.03 66.75 66.00 64.28 62.59 62.22 62.12 62.28 62.22 62.41 62.59 62.75 62.81 62.94 63.34 64.50 65.44 65.94 66.62 67.22 66.69 66.25 65.94 65.59 65.19 64.94 64.75 65.03 65.59 65.97 66.28
55.25 55.31 55.47 55.47 55.59 57.38 58.22 59.06 59.66 60.22 60.72 60.84 60.91 60.84 60.78 60.53 60.12 59.69 59.31 58.69 58.53 58.31 58.09 57.97 57.81 57.78 58.00 58.16 58.88 59.44 60.47 61.53 61.97 62.25 62.59 63.00 63.31 63.56 63.81 64.00 64.28 64.69 65.22 65.75 66.16 66.28 66.03 65.41 63.97 61.94 61.25 61.03 60.66 60.56 60.53 60.84 61.09 61.22 61.25 61.22 61.22 61.78 62.28 62.47 62.62 62.94 63.41 62.84 62.69 62.84 62.88 63.03 63.47 63.91 64.44 64.81 65.00
54.34 54.50 54.59 54.66 54.66 55.12 56.03 57.19 57.56 58.31 59.38 59.59 59.78 59.78 59.66 59.38 59.03 58.56 58.12 57.44 57.25 57.06 56.84 56.66 56.62 56.66 56.62 56.53 56.41 56.50 58.16 60.66 61.56 61.94 62.28 62.66 62.97 63.25 63.50 63.72 63.94 64.19 64.56 64.97 65.31 65.47 65.19 64.25 62.16 60.59 60.03 59.62 58.78 58.94 59.31 59.56 59.78 59.91 59.94 59.88 59.84 59.94 59.91 60.09 60.22 60.34 60.38 60.66 60.81 60.97 61.28 61.75 62.31 62.84 63.31 63.72 63.66
53.44 53.59 53.66 53.81 53.78 54.03 54.47 55.03 55.50 55.66 57.41 58.16 58.53 58.56 58.62 57.72 57.78 57.28 56.75 56.25 56.06 55.81 55.62 55.28 55.12 55.38 55.38 55.31 55.38 55.31 56.50 59.19 60.97 61.44 61.88 62.25 62.50 62.75 63.00 63.28 63.50 63.69 64.06 64.41 64.62 64.69 64.44 63.12 61.16 59.25 58.44 57.94 57.47 58.00 58.28 58.38 58.56 58.69 58.78 58.75 58.81 58.84 58.84 58.84 58.97 59.12 59.19 59.25 59.44 59.91 60.41 60.84 61.28 61.72 62.31 62.53 62.69
52.50 52.69 52.75 52.88 52.94 52.81 52.88 53.62 54.00 54.44 55.56 56.78 57.16 57.09 56.53 56.31 56.25 55.88 55.47 55.06 54.84 54.59 54.38 54.09 53.88 54.00 54.09 54.09 54.12 54.19 54.62 56.03 58.50 60.44 61.16 61.62 61.84 61.91 62.06 62.44 62.72 63.12 63.66 63.94 63.97 63.78 63.47 61.34 59.22 57.75 56.59 56.59 56.31 56.75 57.00 57.12 57.34 57.50 57.62 57.72 57.78 57.84 57.94 57.91 58.16 58.31 58.44 58.59 58.81 59.19 59.47 59.75 60.12 60.53 60.94 61.28 61.75
51.59 51.69 51.78 51.88 51.84 51.81 51.72 52.00 52.62 53.41 54.59 55.44 55.66 55.47 54.91 54.41 54.41 54.44 54.16 53.78 53.56 53.41 53.16 52.91 52.72 52.66 52.53 52.62 52.91 53.03 53.06 53.38 54.75 57.66 59.91 60.72 60.94 60.50 60.06 60.47 61.09 62.25 63.16 63.41 63.09 62.31 60.97 58.66 57.03 55.66 55.28 55.06 55.09 55.41 55.69 55.88 56.09 56.31 56.50 56.59 56.75 56.81 56.94 57.06 57.34 57.53 57.72 57.94 58.19 58.28 58.44 58.72 58.94 59.25 59.78 60.41 61.03
50.62 50.69 50.75 50.84 50.88 50.91 50.97 51.03 51.38 52.50 53.44 54.03 54.09 53.56 53.19 53.12 53.12 53.00 52.81 52.53 52.41 52.19 51.97 51.72 51.59 51.56 51.44 51.44 51.53 51.56 51.44 51.56 52.16 53.53 56.25 59.22 60.03 58.06 56.09 56.00 56.75 60.00 62.06 62.38 61.50 59.84 57.56 55.56 54.66 54.09 53.91 53.91 53.72 53.72 54.19 54.59 54.84 55.03 55.25 55.50 55.75 55.75 56.09 56.38 56.53 56.75 56.94 57.06 57.06 57.06 57.19 57.41 57.78 58.28 58.97 59.84 60.66
49.59 49.69 49.75 49.78 49.84 50.00 50.22 50.34 50.78 51.50 52.19 52.53 52.53 52.25 52.09 52.28 52.16 51.84 51.66 51.41 51.25 51.03 50.78 50.53 50.44 50.41 50.34 50.34 50.31 50.25 50.19 50.38 50.47 50.84 52.09 54.19 55.09 54.16 51.94 51.44 52.78 55.84 59.22 59.94 58.66 56.44 54.34 53.41 52.72 52.47 52.50 52.41 52.47 52.66 52.81 53.25 53.66 53.84 54.12 54.47 54.66 54.94 55.22 55.41 55.66 55.91 56.06 56.00 55.91 55.78 55.97 56.44 56.97 57.62 58.53 59.53 60.50
48.66 48.69 48.69 48.72 48.81 49.00 49.28 49.69 49.94 50.41 50.78 50.97 50.91 50.78 50.72 50.78 50.78 50.62 50.53 50.28 50.12 49.91 49.72 49.56 49.47 49.41 49.34 49.19 49.09 49.09 49.06 49.16 49.28 49.47 49.78 50.22 50.34 50.00 49.34 49.16 50.66 51.81 54.06 55.00 54.41 53.28 52.38 51.59 50.94 50.94 51.19 51.16 51.31 51.72 51.94 52.22 52.53 52.75 52.97 53.38 53.62 53.97 54.25 54.50 54.75 54.94 55.03 54.94 54.81 54.75 55.09 55.75 56.50 57.28 58.25 59.31 60.41
47.69 47.69 47.62 47.62 47.75 48.00 48.25 48.53 48.81 49.06 49.25 49.31 49.38 49.47 49.50 49.50 49.50 49.44 49.38 49.22 49.06 48.84 48.78 48.75 48.69 48.59 48.47 48.28 48.00 47.84 47.91 47.91 47.97 48.12 48.25 48.41 48.34 48.31 48.44 48.03 47.94 48.06 50.78 51.34 51.44 51.16 49.97 49.09 49.56 49.84 50.00 50.12 50.25 50.66 50.88 51.16 51.41 51.59 51.97 52.38 52.69 53.06 53.31 53.53 53.72 53.84 53.91 53.97 53.94 54.25 54.75 55.44 56.19 57.16 58.25 59.31 60.25
46.72 46.66 46.53 46.50 46.62 46.84 47.03 47.28 47.47 47.59 47.66 47.62 47.97 48.31 48.41 48.34 48.28 48.28 48.31 48.22 48.03 47.78 47.81 47.94 48.00 47.97 47.88 47.69 47.44 46.84 46.53 46.56 46.56 46.62 46.75 46.97 47.12 47.16 47.38 47.00 47.03 47.12 48.69 49.34 49.50 49.22 48.59 48.09 48.59 48.81 48.97 49.16 49.22 49.44 49.84 50.09 50.31 50.66 50.94 51.44 51.78 52.06 52.28 52.47 52.59 52.72 52.94 53.19 53.53 54.09 54.69 55.44 56.06 57.09 58.19 58.94 59.66
45.75 45.66 45.47 45.41 45.50 45.59 45.69 45.88 45.97 45.94 46.00 46.28 47.25 47.56 47.50 47.34 47.19 47.12 47.16 47.12 47.06 47.06 47.12 47.34 47.59 47.69 47.66 47.25 46.94 45.75 45.06 45.06 45.03 45.00 45.03 45.41 45.38 45.69 45.84 46.16 45.94 46.09 46.84 47.41 47.53 47.31 47.25 47.28 47.66 47.88 48.03 48.25 48.25 48.50 48.84 49.09 49.34 49.62 50.03 50.50 50.81 51.06 51.22 51.34 51.41 51.69 52.09 52.59 53.25 54.00 54.72 55.41 56.19 57.12 57.94 58.62 59.16
44.81 44.62 44.38 44.28 44.19 44.28 44.22 44.25 44.19 44.16 44.03 44.50 46.38 46.78 46.56 46.34 46.19 45.91 45.81 45.69 45.97 46.53 46.69 46.84 47.22 47.34 46.72 45.78 45.00 44.12 43.56 43.53 43.50 43.47 43.44 43.38 43.22 43.56 44.06 44.97 44.75 44.78 45.50 45.72 45.84 46.06 46.34 46.44 46.69 46.91 47.06 47.25 47.41 47.53 47.88 48.16 48.41 48.72 49.06 49.53 49.91 50.09 50.16 50.25 50.38 50.81 51.44 52.12 52.94 53.78 54.59 55.22 56.16 56.81 57.38 57.97 58.56
43.81 43.56 43.31 43.16 42.94 43.00 42.75 42.56 42.34 42.19 41.75 41.84 43.34 44.41 44.75 45.00 44.88 44.34 44.06 43.94 44.31 45.03 45.53 45.22 45.12 44.88 44.03 43.19 42.59 42.19 42.12 42.03 41.94 41.97 42.09 42.06 42.16 42.31 42.88 43.50 43.56 43.59 44.09 44.25 44.81 44.81 45.06 45.50 45.69 45.91 46.12 46.31 46.56 46.69 46.81 47.16 47.59 47.81 48.12 48.56 48.94 49.09 49.16 49.28 49.56 49.94 50.78 51.66 52.62 53.53 54.22 54.94 55.62 56.16 56.69 57.31 58.00
42.81 42.59 42.34 42.06 41.81 41.78 41.62 41.19 40.59 40.03 39.47 39.12 39.22 40.12 40.78 41.06 41.88 41.88 41.72 41.78 42.12 42.34 42.62 42.38 41.91 41.56 41.28 41.12 40.94 40.75 40.75 40.72 40.50 40.53 40.59 40.69 40.75 41.12 41.62 41.94 42.25 42.31 42.81 43.09 43.41 43.78 43.91 44.34 44.66 44.88 45.16 45.41 45.62 45.88 46.03 46.16 46.59 47.06 47.31 47.56 47.91 48.06 48.12 48.38 48.69 49.44 50.28 51.22 52.22 53.03 53.62 54.34 54.94 55.44 56.03 56.66 57.41
41.84 41.59 41.38 41.16 40.94 40.78 40.44 39.84 39.38 38.88 38.31 38.16 38.06 38.03 38.12 38.28 38.94 39.25 39.28 39.25 39.41 39.91 40.28 40.16 39.94 40.00 39.94 39.75 39.62 39.25 39.31 39.41 39.22 39.09 39.22 39.19 39.31 39.56 39.84 40.09 40.72 41.03 41.25 41.34 42.22 42.47 42.78 43.28 43.59 43.88 44.16 44.44 44.72 44.97 45.22 45.38 45.53 46.03 46.16 46.66 46.91 47.06 47.25 47.47 48.28 49.00 49.84 50.78 51.78 52.47 53.12 53.69 54.25 54.84 55.34 55.91 56.59
40.53 39.53 38.66 38.06 37.47 36.94 36.47 36.19 36.03 35.91 35.75 35.66 35.53 35.44 35.41 35.41 35.50 35.66 35.88 36.16 36.53 37.47 38.09 38.59 38.66 38.75 38.66 38.50 38.19 38.00 37.88 37.91 37.78 37.53 37.53 37.66 37.88 38.19 38.41 38.56 39.09 39.50 39.50 39.50 40.78 41.62 41.78 42.16 42.53 42.84 43.09 43.34 43.75 44.09 44.38 44.56 44.69 44.94 45.31 45.69 45.94 46.09 46.41 46.84 47.78 48.59 49.44 50.28 51.16 51.81 52.59 53.16 53.69 54.19 54.56 55.09 55.72
36.53 36.16 36.16 36.09 36.06 36.03 36.00 35.97 35.88 35.78 35.69 35.56 35.41 35.25 35.09 34.91 34.72 34.53 34.31 34.12 33.94 33.81 33.88 34.28 34.91 35.66 36.38 36.94 37.22 37.12 36.97 36.88 36.75 36.66 36.56 36.56 36.59 36.75 37.16 37.44 37.59 37.91 38.16 38.25 39.00 39.78 40.31 40.78 41.19 41.56 41.97 42.38 42.75 43.09 43.44 43.66 43.84 44.00 44.38 44.62 44.97 45.16 45.66 46.41 47.31 48.12 49.03 49.81 50.59 51.38 52.12 52.66 53.09 53.38 53.78 54.25 54.91
36.12 36.16 36.16 36.12 36.06 36.03 36.00 35.97 35.88 35.78 35.69 35.56 35.41 35.25 35.09 34.91 34.69 34.50 34.31 34.09 33.94 33.75 33.53 33.31 33.09 32.88 32.66 32.69 33.41 34.47 35.50 36.03 35.97 35.88 35.81 35.78 35.78 35.84 36.06 36.28 36.47 36.66 36.88 37.12 37.56 38.41 38.91 39.41 39.84 40.19 40.75 41.22 41.66 42.06 42.38 42.59 42.81 43.16 43.47 43.69 43.94 44.31 45.03 46.03 46.94 47.81 48.69 49.41 50.09 50.84 51.56 52.09 52.34 52.56 53.00 53.56 54.41
36.12 36.16 36.16 36.12 36.09 36.03 36.00 35.97 35.88 35.78 35.69 35.53 35.41 35.25 35.06 34.88 34.69 34.47 34.28 34.09 33.91 33.69 33.47 33.25 33.03 32.81 32.59 32.41 32.25 32.06 32.00 32.56 33.53 34.47 35.09 35.12 35.09 35.16 35.19 35.38 35.50 35.91 36.19 36.41 36.81 37.19 37.72 38.12 38.50 38.94 39.47 39.97 40.44 40.88 41.19 41.47 41.75 42.19 42.59 42.81 43.09 43.72 44.66 45.66 46.56 47.47 48.19 48.81 49.41 50.16 50.84 51.34 51.56 51.84 52.34 53.00 53.69
36.12 36.16 36.16 36.12 36.09 36.06 36.00 35.97 35.91 35.78 35.69 35.53 35.41 35.25 35.06 34.84 34.66 34.47 34.25 34.06 33.88 33.66 33.44 33.22 33.00 32.78 32.56 32.41 32.19 32.00 31.81 31.59 31.41 31.31 31.81 33.12 34.34 34.62 34.62 34.69 34.84 35.12 35.44 35.72 36.03 36.38 36.72 37.03 37.44 37.78 38.22 38.72 39.19 39.69 40.06 40.38 40.78 41.25 41.84 42.09 42.53 43.19 44.22 45.25 46.16 46.94 47.59 48.06 48.62 49.31 49.97 50.44 50.78 51.16 51.72 52.31 52.94
36.12 36.12 36.16 36.12 36.09 36.06 36.03 35.97 35.91 35.78 35.69 35.53 35.38 35.25 35.03 34.84 34.62 34.44 34.25 34.06 33.84 33.62 33.41 33.19 32.97 32.75 32.53 32.34 32.12 31.94 31.72 31.53 31.34 31.12 30.97 30.84 31.16 32.41 33.72 34.12 34.25 34.50 34.75 35.09 35.38 35.62 35.88 36.16 36.47 36.75 37.12 37.56 38.06 38.59 39.03 39.44 39.84 40.41 41.06 41.47 42.03 42.75 43.75 44.66 45.53 46.22 46.81 47.28 47.84 48.47 49.06 49.53 49.97 50.44 51.03 51.59 52.19
36.12 36.12 36.16 36.12 36.09 36.06 36.03 36.00 35.91 35.78 35.69 35.53 35.38 35.25 35.00 34.81 34.62 34.44 34.22 34.03 33.78 33.56 33.34 33.12 32.91 32.69 32.47 32.25 32.06 31.88 31.66 31.47 31.28 31.06 30.94 30.78 30.62 30.47 30.72 32.09 33.50 33.81 34.03 34.31 34.56 34.88 35.12 35.34 35.59 35.78 36.06 36.34 36.84 37.41 38.12 38.66 39.12 39.59 40.19 40.81 41.44 42.25 43.16 44.06 44.81 45.47 46.00 46.50 47.06 47.62 48.19 48.69 49.16 49.69 50.25 50.81 51.50
36.12 36.12 36.16 36.12 36.09 36.06 36.03 36.00 35.91 35.78 35.69 35.53 35.38 35.19 35.00 34.81 34.59 34.41 34.22 34.00 33.75 33.53 33.31 33.09 32.88 32.66 32.41 32.19 32.00 31.81 31.59 31.41 31.22 31.00 30.88 30.72 30.53 30.41 30.28 30.16 30.56 31.94 33.31 33.50 33.81 34.22 34.41 34.59 34.75 34.91 35.06 35.25 35.62 36.16 37.09 37.75 38.38 38.81 39.34 39.97 40.72 41.62 42.53 43.41 44.09 44.72 45.28 45.81 46.31 46.88 47.41 47.91 48.41 48.94 49.53 50.12 50.88
36.12 36.12 36.16 36.03 35.84 35.59 35.28 34.91 34.56 34.34 34.12 34.00 33.91 33.84 33.94 34.00 34.06 34.06 34.00 33.91 33.69 33.47 33.25 33.06 32.84 32.62 32.34 32.12 31.94 31.75 31.53 31.34 31.16 30.94 30.78 30.62 30.47 30.34 30.22 30.09 29.97 29.88 30.66 32.31 33.25 33.62 33.78 33.94 34.03 34.12 34.28 34.31 34.41 35.00 35.88 36.84 37.50 37.91 38.47 39.09 39.97 40.88 41.84 42.69 43.38 43.97 44.53 45.06 45.59 46.09 46.59 47.12 47.66 48.22 48.84 49.50 50.25
35.88 35.41 34.72 34.09 33.69 33.44 33.22 33.03 32.84 32.62 32.47 32.22 32.00 31.88 31.78 31.69 31.62 31.62 31.69 31.81 32.12 32.44 32.69 32.78 32.72 32.56 32.28 32.06 31.88 31.69 31.47 31.28 31.06 30.88 30.72 30.56 30.41 30.28 30.16 30.03 29.91 29.81 29.72 29.81 31.19 32.91 33.19 33.31 33.38 33.50 33.53 33.53 33.50 33.97 34.81 35.75 36.38 37.00 37.56 38.28 39.19 40.09 41.03 41.84 42.53 43.16 43.75 44.31 44.84 45.34 45.88 46.41 46.97 47.56 48.19 48.88 49.66
34.28 33.88 33.56 33.31 33.06 32.84 32.66 32.44 32.25 32.03 31.84 31.66 31.44 31.28 31.16 31.06 31.00 30.91 30.84 30.84 30.84 30.88 30.94 31.06 31.28 31.53 31.78 31.91 31.81 31.59 31.41 31.22 31.00 30.81 30.66 30.50 30.34 30.22 30.09 29.97 29.84 29.75 29.66 29.56 29.47 30.09 31.78 32.75 32.78 32.75 32.62 32.62 32.66 33.12 33.81 34.62 35.34 36.00 36.66 37.47 38.34 39.22 40.06 40.88 41.59 42.28 42.88 43.47 44.03 44.59 45.12 45.69 46.28 46.91 47.56 48.25 49.03
33.62 33.28 33.03 32.81 32.53 32.28 32.09 31.91 31.69 31.50 31.28 31.09 30.88 30.72 30.56 30.50 30.41 30.25 30.12 30.09 30.09 30.16 30.19 30.25 30.31 30.41 30.47 30.62 31.03 31.25 31.28 31.16 30.88 30.72 30.56 30.41 30.28 30.16 30.03 29.91 29.81 29.69 29.59 29.50 29.41 29.31 29.31 30.47 31.84 31.78 31.47 31.41 31.75 32.38 33.06 33.69 34.34 35.12 35.81 36.56 37.38 38.19 39.03 39.81 40.59 41.31 41.97 42.59 43.19 43.78 44.38 44.97 45.59 46.22 46.91 47.62 48.38
33.00 32.69 32.47 32.44 32.03 31.91 31.72 31.41 31.31 30.91 30.72 30.53 30.41 30.16 30.06 30.03 29.81 29.56 29.44 29.34 29.34 29.34 29.38 29.44 29.47 29.50 29.59 29.72 29.91 30.16 30.41 30.62 30.75 30.69 30.50 30.31 30.19 30.06 29.94 29.84 29.75 29.66 29.53 29.44 29.34 29.25 29.16 29.06 29.44 30.38 30.41 30.38 30.69 31.31 32.19 32.94 33.59 34.31 34.94 35.62 36.38 37.16 37.97 38.75 39.53 40.28 41.00 41.69 42.34 42.97 43.62 44.25 44.91 45.56 46.25 47.00 47.75
32.41 32.16 32.03 31.94 31.44 31.25 31.25 31.16 30.84 30.69 30.12 30.16 30.00 29.69 29.56 29.19 29.03 29.03 28.75 28.62 28.56 28.50 28.53 28.53 28.59 28.62 28.75 28.88 29.03 29.22 29.47 29.69 29.94 30.19 30.38 30.28 30.12 30.00 29.88 29.78 29.69 29.59 29.50 29.41 29.28 29.19 29.09 29.03 28.97 28.97 29.38 29.59 29.91 30.50 31.34 32.22 32.94 33.59 34.16 34.78 35.47 36.19 36.94 37.72 38.50 39.25 40.03 40.75 41.47 42.16 42.84 43.50 44.19 44.91 45.62 46.38 47.12
