everonasctiles/Tile[34,36].asc
ncols 128
nrows 128
xllcorner 0
yllcorner 0
cellsize 2.0
NODATA_value  -9999
[rows 32 to 63 of 128, columns 0 to 70 of 128]
-21.00 -20.94 -21.03 -21.22 -21.41 -21.72 -21.84 -22.22 -22.25 -22.97 -23.62 -23.91 -23.97 -24.03 -23.91 -23.69 -23.91 -24.00 -24.00 -23.59 -23.28 -23.34 -23.62 -23.94 -23.88 -23.69 -23.50 -23.09 -23.00 -23.22 -23.44 -23.53 -23.34 -23.59 -24.16 -24.31 -24.22 -24.41 -24.47 -24.44 -24.41 -24.25 -24.09 -23.88 -23.53 -23.28 -23.00 -22.91 -22.69 -22.44 -22.03 -21.75 -21.62 -21.53 -21.34 -21.19 -21.09 -21.00 -20.81 -20.50 -20.25 -20.09 -19.88 -19.62 -19.38 -19.16 -19.00 -18.75 -18.47 -18.19 -17.91
-21.03 -21.28 -21.34 -21.47 -21.41 -21.56 -21.94 -22.28 -22.72 -23.62 -23.84 -24.00 -24.06 -24.09 -24.00 -23.75 -23.62 -23.56 -23.56 -23.38 -23.47 -23.75 -23.72 -23.97 -23.59 -23.03 -23.06 -23.22 -23.22 -23.22 -23.53 -23.88 -23.94 -24.16 -24.31 -24.34 -24.31 -24.38 -24.38 -24.34 -24.28 -24.19 -23.94 -23.66 -23.38 -23.06 -22.84 -22.69 -22.41 -22.09 -21.75 -21.66 -21.56 -21.50 -21.31 -21.16 -20.94 -20.69 -20.53 -20.25 -19.91 -19.84 -19.69 -19.50 -19.31 -19.12 -18.91 -18.72 -18.41 -18.09 -17.88
-20.56 -20.94 -21.03 -21.44 -21.88 -21.88 -22.25 -22.62 -22.69 -23.69 -24.09 -24.16 -24.16 -24.06 -23.94 -23.94 -23.41 -23.25 -23.06 -22.81 -23.47 -23.66 -23.75 -23.72 -22.78 -22.44 -23.03 -23.47 -23.41 -23.31 -23.47 -23.84 -24.03 -24.19 -24.19 -24.19 -24.22 -24.22 -24.25 -24.22 -24.09 -24.06 -23.84 -23.50 -23.16 -22.97 -22.75 -22.53 -22.12 -21.78 -21.75 -21.62 -21.62 -21.50 -21.31 -21.06 -20.72 -20.59 -20.38 -20.06 -19.62 -19.44 -19.34 -19.22 -19.19 -19.03 -18.84 -18.62 -18.38 -18.03 -17.84
-20.12 -20.47 -21.16 -21.69 -22.00 -22.09 -22.47 -22.66 -22.91 -23.84 -24.12 -24.09 -24.00 -24.06 -23.97 -23.75 -23.53 -23.12 -22.62 -23.03 -23.50 -23.59 -23.66 -23.38 -22.22 -22.12 -23.12 -23.34 -23.19 -23.50 -23.72 -23.81 -24.00 -23.94 -24.00 -23.88 -24.03 -24.00 -23.97 -24.00 -23.88 -23.94 -23.81 -23.53 -23.34 -23.03 -22.72 -22.31 -21.97 -21.72 -21.72 -21.72 -21.56 -21.28 -21.06 -20.84 -20.56 -20.44 -20.22 -19.84 -19.47 -19.16 -19.09 -19.09 -19.00 -19.00 -18.81 -18.53 -18.25 -18.03 -17.91
-20.25 -20.88 -21.25 -21.78 -22.09 -22.28 -22.66 -22.81 -23.47 -23.88 -23.94 -24.00 -24.06 -24.03 -23.56 -23.34 -23.41 -23.28 -22.44 -22.72 -23.41 -23.66 -23.56 -22.94 -22.38 -22.53 -22.69 -22.56 -22.88 -23.44 -23.75 -23.75 -23.78 -23.78 -23.88 -23.84 -23.94 -23.75 -23.69 -23.69 -23.84 -23.75 -23.69 -23.56 -23.31 -23.06 -22.59 -22.28 -21.97 -21.72 -21.72 -21.56 -21.28 -20.97 -20.78 -20.69 -20.47 -20.25 -19.94 -19.62 -19.41 -19.19 -19.09 -18.94 -18.88 -18.88 -18.81 -18.56 -18.28 -18.22 -18.22
-20.56 -21.19 -21.31 -21.28 -21.84 -22.31 -22.72 -22.97 -23.72 -24.03 -24.09 -24.16 -24.16 -24.00 -23.34 -22.88 -23.09 -23.34 -23.09 -22.91 -23.44 -23.62 -22.97 -22.47 -22.31 -22.25 -22.72 -22.72 -22.53 -23.22 -23.59 -23.66 -23.62 -23.81 -23.84 -23.69 -23.78 -23.66 -23.66 -23.69 -23.75 -23.75 -23.56 -23.41 -23.34 -23.00 -22.53 -22.19 -21.91 -21.59 -21.53 -21.38 -21.09 -20.72 -20.50 -20.47 -20.38 -20.16 -19.97 -19.66 -19.25 -19.19 -19.00 -18.88 -18.94 -18.84 -18.78 -18.62 -18.53 -18.62 -18.66
-20.94 -21.16 -20.81 -21.47 -22.28 -22.41 -22.34 -22.78 -23.78 -24.12 -24.22 -24.25 -24.00 -23.31 -22.91 -22.66 -22.69 -23.12 -22.94 -22.72 -22.97 -23.31 -23.09 -22.34 -22.16 -21.84 -22.53 -22.53 -22.75 -23.25 -23.44 -23.47 -23.81 -23.81 -23.84 -23.78 -23.59 -23.22 -23.25 -23.50 -23.66 -23.72 -23.50 -23.38 -23.22 -23.00 -22.75 -22.22 -21.84 -21.56 -21.41 -21.19 -20.81 -20.50 -20.34 -20.31 -20.25 -20.09 -19.97 -19.56 -19.25 -19.28 -19.19 -19.38 -19.34 -19.12 -18.91 -18.78 -18.84 -18.97 -18.97
-20.22 -21.06 -21.50 -21.78 -22.50 -22.62 -22.59 -22.97 -23.81 -24.16 -24.28 -24.34 -24.06 -23.41 -23.28 -23.31 -23.25 -22.97 -22.94 -22.81 -22.78 -22.88 -22.16 -22.22 -22.53 -22.12 -21.91 -21.91 -22.84 -23.28 -23.19 -23.34 -23.75 -23.78 -23.75 -23.66 -23.31 -23.31 -23.28 -23.28 -23.53 -23.53 -23.47 -23.38 -23.06 -22.56 -22.16 -21.94 -21.84 -21.81 -21.41 -20.97 -20.69 -20.28 -20.12 -20.28 -20.25 -20.00 -19.75 -19.41 -19.34 -19.38 -19.59 -19.69 -19.56 -19.44 -19.28 -19.12 -19.16 -19.16 -19.06
-20.06 -20.66 -21.12 -22.06 -22.44 -22.81 -22.97 -23.22 -23.97 -24.31 -24.38 -24.34 -23.94 -23.59 -23.41 -23.41 -23.34 -23.47 -23.28 -22.28 -22.50 -22.50 -22.06 -22.00 -22.41 -22.38 -21.91 -22.31 -22.88 -23.16 -22.69 -22.84 -23.56 -23.69 -23.72 -23.53 -22.91 -22.72 -23.03 -23.31 -23.25 -23.28 -23.44 -23.12 -22.88 -22.34 -22.00 -22.00 -21.97 -21.78 -21.28 -20.72 -20.44 -19.97 -20.12 -20.28 -20.19 -19.84 -19.66 -19.53 -19.50 -19.66 -19.78 -19.88 -19.78 -19.75 -19.53 -19.31 -19.31 -19.28 -19.22
-20.41 -20.84 -21.66 -22.16 -22.88 -23.31 -23.34 -23.56 -23.97 -24.38 -24.44 -24.38 -24.25 -24.00 -23.84 -23.72 -23.62 -23.44 -22.78 -23.00 -23.09 -22.50 -22.44 -21.88 -21.59 -21.41 -21.88 -22.88 -23.19 -23.16 -22.84 -22.97 -23.47 -23.41 -23.38 -22.91 -22.12 -22.56 -22.97 -23.28 -23.28 -23.38 -23.38 -22.94 -22.69 -22.06 -22.00 -22.06 -22.06 -21.56 -21.09 -20.72 -20.44 -20.19 -20.31 -20.38 -20.19 -19.97 -19.69 -19.69 -19.69 -19.88 -19.97 -19.91 -19.97 -19.88 -19.69 -19.66 -19.41 -19.28 -19.25
-20.88 -21.53 -22.19 -22.38 -22.84 -23.31 -23.66 -23.94 -24.25 -24.44 -24.41 -24.25 -24.16 -24.03 -23.88 -23.47 -23.12 -22.72 -22.31 -23.09 -23.09 -22.78 -22.22 -21.47 -20.91 -21.03 -22.06 -22.72 -23.03 -23.09 -22.84 -23.06 -23.31 -23.31 -23.28 -22.72 -22.69 -22.91 -22.94 -23.16 -23.47 -23.62 -23.44 -23.19 -22.72 -22.22 -22.06 -22.19 -22.09 -21.66 -21.41 -21.16 -20.78 -20.78 -20.81 -20.56 -20.22 -19.97 -19.66 -19.59 -19.69 -20.00 -19.94 -19.88 -19.91 -19.91 -19.88 -19.69 -19.69 -19.53 -19.38
-20.91 -21.34 -22.16 -22.75 -23.16 -23.44 -23.69 -24.25 -24.47 -24.56 -24.47 -24.34 -24.19 -24.03 -23.41 -23.03 -23.28 -23.09 -22.09 -22.66 -23.06 -22.78 -21.84 -21.09 -20.38 -21.09 -21.72 -22.31 -22.84 -22.84 -23.00 -23.06 -23.00 -23.12 -23.12 -23.00 -22.91 -22.69 -22.91 -23.34 -23.59 -23.62 -23.50 -23.44 -23.06 -22.72 -22.69 -22.50 -22.19 -21.69 -21.75 -21.69 -21.22 -20.91 -20.84 -20.62 -20.34 -20.12 -19.81 -19.91 -20.06 -20.00 -19.94 -20.06 -19.97 -19.84 -19.88 -19.75 -19.78 -19.66 -19.53
-21.12 -21.62 -22.72 -22.94 -23.34 -23.72 -23.91 -24.22 -24.38 -24.50 -24.50 -24.41 -24.28 -24.12 -23.84 -23.72 -23.44 -22.44 -22.06 -22.66 -22.66 -22.53 -21.88 -21.00 -20.75 -21.31 -22.09 -22.00 -22.62 -23.06 -23.25 -23.22 -22.78 -22.97 -23.25 -23.44 -23.25 -22.84 -23.06 -23.38 -23.56 -23.62 -23.62 -23.56 -23.31 -23.19 -23.16 -23.03 -22.50 -21.97 -21.97 -21.88 -21.47 -21.16 -21.03 -20.69 -20.44 -20.34 -20.03 -20.31 -20.41 -20.44 -20.28 -20.22 -20.16 -19.91 -19.88 -19.81 -19.78 -19.84 -19.75
-20.22 -21.25 -22.69 -23.09 -23.47 -23.66 -24.12 -24.38 -24.44 -24.41 -24.44 -24.41 -24.31 -24.12 -23.91 -23.84 -23.06 -22.50 -22.56 -22.75 -22.72 -22.78 -22.47 -21.88 -20.97 -21.59 -21.53 -21.19 -21.84 -23.00 -23.31 -23.34 -22.97 -23.34 -23.72 -23.78 -23.47 -23.28 -23.41 -23.50 -23.94 -23.94 -23.78 -23.78 -23.44 -23.22 -23.34 -23.31 -23.06 -22.53 -22.28 -21.81 -21.62 -21.41 -21.34 -21.22 -20.72 -20.44 -20.50 -20.47 -20.34 -20.41 -20.28 -20.16 -20.06 -19.94 -19.62 -19.59 -19.88 -19.88 -19.75
-19.69 -21.44 -22.56 -23.22 -23.44 -23.75 -24.00 -24.16 -24.28 -24.41 -24.44 -24.41 -24.25 -24.09 -23.91 -23.88 -23.56 -23.16 -22.91 -22.31 -22.69 -22.91 -22.69 -22.31 -21.78 -21.47 -21.75 -21.34 -21.47 -22.59 -23.53 -23.53 -23.53 -23.84 -23.97 -23.81 -23.62 -23.72 -23.66 -23.69 -23.97 -24.09 -24.12 -23.97 -23.66 -23.62 -23.69 -23.66 -23.41 -22.97 -22.62 -22.09 -21.91 -21.66 -21.69 -21.66 -21.44 -20.88 -20.81 -20.69 -20.59 -20.44 -20.22 -20.09 -20.03 -19.81 -19.34 -19.47 -19.81 -19.84 -19.66
-21.50 -22.28 -22.53 -22.84 -23.00 -23.44 -23.84 -23.88 -24.03 -24.19 -24.28 -24.19 -24.09 -23.97 -23.88 -23.81 -23.50 -23.38 -22.91 -22.47 -22.69 -22.84 -23.16 -22.78 -22.44 -22.31 -22.12 -21.78 -21.66 -22.59 -23.59 -23.69 -23.97 -24.09 -24.06 -23.91 -23.91 -23.94 -23.81 -23.72 -23.81 -24.06 -24.16 -24.03 -23.81 -23.88 -23.91 -23.78 -23.41 -23.09 -22.62 -22.28 -22.12 -21.81 -21.66 -21.78 -21.69 -21.34 -21.19 -20.84 -20.56 -20.19 -20.19 -20.12 -19.81 -19.62 -19.28 -19.38 -19.66 -19.78 -19.72
-21.41 -22.00 -22.19 -22.56 -22.66 -22.97 -23.16 -23.47 -23.88 -24.06 -24.12 -24.16 -24.06 -23.88 -23.78 -23.62 -23.44 -23.28 -23.09 -22.47 -23.00 -23.31 -23.50 -23.44 -23.28 -23.03 -22.47 -22.69 -23.00 -23.47 -23.88 -23.81 -23.91 -24.19 -24.06 -24.06 -23.81 -23.91 -23.78 -23.78 -24.09 -24.12 -24.09 -23.94 -23.28 -23.44 -24.12 -23.94 -23.56 -23.34 -22.94 -22.38 -22.12 -22.00 -22.00 -21.97 -21.78 -21.50 -21.16 -20.75 -20.34 -20.03 -20.00 -19.84 -19.59 -19.25 -18.94 -19.16 -19.50 -19.59 -19.56
-21.34 -21.31 -21.56 -21.94 -22.41 -22.44 -22.22 -22.59 -23.28 -23.72 -23.97 -24.00 -24.00 -23.91 -23.88 -23.84 -23.62 -23.25 -23.03 -22.56 -23.09 -23.25 -23.59 -23.56 -23.34 -23.31 -22.91 -23.03 -23.56 -23.88 -23.88 -23.84 -24.03 -24.16 -24.06 -24.22 -24.12 -24.25 -24.16 -24.12 -24.06 -23.62 -24.00 -24.09 -23.25 -23.66 -24.38 -24.12 -23.88 -23.59 -23.09 -22.59 -22.25 -21.81 -21.91 -22.06 -21.88 -21.66 -21.06 -20.69 -20.25 -20.00 -19.91 -19.62 -19.03 -18.72 -18.50 -18.50 -19.00 -19.16 -19.00
-20.19 -20.22 -21.56 -22.44 -22.69 -22.69 -22.22 -22.16 -22.50 -23.19 -23.72 -23.66 -23.84 -23.88 -23.97 -23.94 -23.66 -23.56 -23.34 -23.31 -23.62 -23.75 -23.81 -23.69 -23.47 -23.41 -23.25 -23.34 -23.97 -24.09 -23.84 -23.75 -24.12 -23.94 -23.94 -23.84 -23.84 -24.09 -24.00 -24.09 -23.88 -23.38 -23.66 -24.06 -24.22 -24.56 -24.59 -24.34 -23.97 -23.53 -23.19 -22.88 -22.25 -21.97 -22.22 -22.03 -21.69 -21.56 -21.00 -20.22 -20.06 -20.12 -19.84 -19.25 -18.53 -18.38 -18.09 -18.22 -18.56 -18.53 -18.38
-19.50 -20.81 -21.75 -22.09 -22.44 -22.34 -22.34 -22.28 -22.66 -23.03 -23.31 -23.53 -23.78 -23.78 -23.81 -23.75 -23.53 -23.53 -23.47 -23.81 -24.06 -23.91 -23.75 -23.84 -23.66 -23.28 -23.38 -23.38 -23.97 -23.75 -23.28 -23.69 -23.84 -23.81 -23.84 -23.91 -23.84 -23.88 -24.00 -23.97 -23.69 -23.31 -23.47 -23.69 -24.59 -24.88 -24.69 -24.38 -23.97 -23.34 -23.34 -22.84 -22.34 -22.41 -22.62 -22.22 -22.00 -21.44 -20.81 -20.41 -20.12 -19.94 -19.53 -19.19 -18.62 -18.16 -17.88 -18.12 -18.12 -18.00 -17.97
-20.66 -21.44 -21.81 -21.88 -21.94 -22.00 -22.09 -22.09 -22.16 -22.75 -23.28 -23.44 -23.53 -23.72 -23.62 -23.69 -23.66 -23.69 -23.72 -24.03 -24.09 -23.62 -23.22 -23.44 -23.94 -24.00 -23.88 -23.91 -24.16 -24.00 -23.56 -23.91 -23.81 -23.88 -23.97 -24.22 -23.81 -23.97 -24.22 -23.75 -23.34 -23.31 -23.56 -24.06 -24.94 -25.06 -24.97 -24.66 -24.16 -23.84 -23.59 -23.22 -22.91 -23.03 -22.78 -22.47 -22.09 -21.41 -20.91 -20.25 -19.88 -19.62 -19.25 -18.88 -18.34 -18.00 -17.53 -17.56 -17.88 -17.81 -17.22
-20.78 -21.34 -21.59 -21.78 -21.78 -21.56 -21.94 -21.94 -22.25 -22.69 -23.22 -23.38 -23.59 -23.78 -23.78 -23.84 -23.81 -23.81 -23.97 -24.22 -24.22 -24.03 -23.88 -24.00 -24.19 -24.34 -24.31 -24.38 -24.44 -24.03 -23.69 -23.78 -24.00 -24.09 -23.94 -23.88 -24.00 -24.34 -24.22 -23.88 -23.50 -23.56 -24.09 -24.97 -25.25 -25.28 -25.22 -24.88 -24.41 -24.03 -23.88 -23.62 -23.31 -23.22 -22.94 -22.69 -22.31 -21.62 -20.88 -20.22 -19.41 -18.97 -18.91 -18.66 -18.16 -17.69 -17.44 -17.31 -17.50 -17.50 -17.00
-20.19 -20.59 -20.91 -21.69 -21.47 -21.00 -21.69 -21.88 -22.03 -22.44 -22.69 -23.19 -23.44 -23.69 -23.69 -23.72 -23.69 -23.91 -24.09 -24.19 -24.22 -24.25 -24.25 -24.22 -24.47 -24.41 -24.41 -24.44 -24.38 -23.91 -23.28 -23.19 -23.75 -24.22 -24.22 -24.28 -24.41 -24.31 -24.38 -24.59 -24.41 -23.91 -24.88 -25.28 -25.38 -25.34 -25.28 -24.97 -24.44 -24.09 -24.12 -23.97 -23.69 -23.34 -23.09 -22.81 -22.28 -21.62 -21.06 -20.19 -19.38 -18.88 -18.56 -18.19 -18.00 -17.62 -17.66 -17.50 -17.38 -17.53 -17.44
-20.38 -20.31 -20.84 -21.53 -21.66 -21.28 -20.53 -20.56 -20.69 -20.94 -21.69 -22.19 -22.88 -23.28 -23.56 -23.69 -23.84 -23.97 -24.03 -24.06 -24.12 -24.16 -24.34 -24.41 -24.53 -24.47 -24.44 -24.53 -24.34 -24.19 -24.16 -24.03 -24.31 -24.44 -24.56 -24.50 -24.81 -24.81 -24.84 -24.84 -24.66 -24.38 -25.12 -25.38 -25.50 -25.50 -25.47 -25.19 -24.72 -24.41 -24.28 -24.06 -23.84 -23.47 -23.19 -22.84 -22.31 -21.53 -20.72 -19.97 -19.31 -18.84 -18.06 -17.69 -17.62 -17.47 -17.41 -17.38 -16.91 -17.16 -17.56
-20.25 -20.06 -20.44 -20.59 -21.44 -21.09 -19.84 -19.28 -20.03 -21.44 -22.28 -22.47 -23.00 -23.34 -23.34 -23.38 -23.59 -23.97 -24.00 -24.00 -24.12 -24.19 -24.28 -24.44 -24.56 -24.56 -24.47 -24.53 -24.50 -24.53 -24.41 -24.25 -24.41 -24.75 -24.69 -24.69 -25.03 -25.06 -24.97 -24.84 -24.91 -25.22 -25.47 -25.50 -25.53 -25.47 -25.50 -25.31 -25.03 -24.69 -24.50 -24.28 -24.06 -23.75 -23.44 -22.81 -22.16 -21.41 -20.56 -19.69 -18.91 -18.19 -17.59 -17.56 -17.44 -17.41 -17.56 -17.25 -17.12 -17.47 -17.91
-19.69 -20.25 -20.81 -20.25 -20.22 -19.59 -20.06 -21.22 -21.53 -21.91 -22.25 -22.56 -22.78 -22.75 -23.03 -23.25 -23.44 -23.72 -23.81 -23.84 -23.97 -24.06 -24.25 -24.34 -24.38 -24.44 -24.34 -24.62 -24.62 -24.59 -24.62 -24.56 -24.50 -24.69 -24.59 -24.66 -24.94 -25.09 -25.06 -24.75 -25.12 -25.44 -25.50 -25.53 -25.53 -25.53 -25.50 -25.34 -25.25 -25.00 -24.78 -24.50 -24.25 -23.75 -23.41 -22.91 -22.12 -21.12 -20.16 -19.53 -18.72 -17.62 -17.62 -17.78 -17.53 -17.69 -17.81 -18.03 -18.03 -18.12 -18.16
-19.62 -20.12 -20.34 -19.47 -18.62 -18.59 -19.97 -21.22 -21.84 -22.44 -22.53 -22.84 -22.78 -22.59 -22.72 -23.00 -23.31 -23.41 -23.41 -23.56 -23.91 -24.06 -24.06 -24.34 -24.38 -24.50 -24.62 -24.72 -24.78 -24.81 -24.88 -24.81 -24.75 -24.91 -24.81 -24.50 -24.59 -24.97 -24.81 -24.75 -25.25 -25.44 -25.41 -25.44 -25.59 -25.62 -25.59 -25.44 -25.19 -24.88 -24.94 -24.62 -24.09 -23.59 -23.09 -22.75 -22.09 -21.28 -20.16 -19.41 -18.53 -17.84 -17.81 -17.84 -17.81 -17.97 -18.00 -18.38 -18.41 -18.41 -18.06
-19.69 -19.53 -19.50 -19.00 -17.81 -18.69 -19.91 -20.72 -21.91 -22.31 -22.41 -22.69 -22.88 -22.81 -22.97 -22.88 -23.09 -22.97 -22.84 -23.16 -23.66 -23.97 -24.16 -24.34 -24.59 -24.66 -24.81 -24.75 -24.78 -24.91 -24.88 -24.81 -24.91 -24.88 -24.81 -24.75 -24.81 -24.78 -24.66 -25.00 -25.34 -25.47 -25.41 -25.44 -25.53 -25.56 -25.59 -25.50 -25.25 -25.09 -24.94 -24.53 -24.06 -23.38 -23.00 -22.59 -22.06 -21.16 -20.25 -19.31 -18.34 -18.31 -18.34 -17.97 -18.03 -17.97 -18.12 -18.47 -18.44 -18.28 -18.06
-19.59 -19.53 -18.94 -17.66 -17.31 -18.56 -20.00 -20.53 -21.53 -22.00 -22.25 -22.66 -22.56 -22.75 -22.81 -22.88 -23.03 -22.94 -22.06 -22.09 -23.03 -23.28 -23.84 -24.22 -24.47 -24.59 -24.66 -24.78 -24.94 -24.97 -24.75 -24.91 -24.97 -24.81 -24.91 -25.00 -24.69 -24.88 -24.97 -25.25 -25.31 -25.41 -25.31 -25.44 -25.50 -25.50 -25.53 -25.50 -25.38 -25.38 -25.06 -24.56 -23.81 -23.16 -22.94 -22.31 -21.59 -20.78 -20.22 -19.34 -18.72 -18.69 -18.34 -17.91 -18.16 -18.25 -18.38 -18.53 -18.56 -18.31 -18.03
-19.69 -19.12 -18.44 -17.28 -17.38 -17.75 -18.72 -20.00 -20.66 -21.28 -22.00 -22.25 -22.25 -22.34 -22.47 -22.72 -22.66 -22.28 -22.06 -22.53 -22.84 -23.00 -23.72 -24.03 -24.34 -24.53 -24.62 -24.81 -24.88 -24.97 -24.97 -24.97 -25.06 -25.03 -24.97 -25.03 -24.91 -24.84 -25.06 -25.22 -25.28 -25.25 -25.34 -25.41 -25.47 -25.47 -25.53 -25.50 -25.47 -25.41 -25.09 -24.56 -23.84 -23.00 -22.38 -22.16 -21.66 -20.75 -19.66 -18.56 -18.28 -18.34 -18.25 -18.00 -18.19 -18.56 -18.56 -18.44 -18.69 -18.16 -17.94
-19.69 -19.16 -17.56 -17.66 -17.88 -17.81 -17.78 -18.84 -19.81 -20.44 -21.19 -22.06 -22.28 -22.31 -22.28 -22.25 -22.34 -22.25 -22.09 -22.72 -22.72 -22.91 -23.47 -24.00 -24.28 -24.41 -24.75 -24.78 -24.84 -24.94 -24.91 -24.81 -24.94 -25.03 -25.03 -24.91 -24.97 -24.97 -25.16 -25.22 -25.31 -25.28 -25.34 -25.44 -25.44 -25.44 -25.50 -25.47 -25.41 -25.25 -25.00 -24.62 -24.12 -23.38 -22.88 -22.19 -21.38 -20.44 -19.00 -18.25 -18.22 -18.25 -18.00 -18.12 -18.28 -18.56 -18.66 -18.91 -18.78 -18.41 -17.97
-19.22 -18.34 -17.84 -18.19 -18.06 -17.78 -16.81 -17.94 -19.09 -19.66 -20.41 -21.25 -21.91 -22.41 -22.28 -21.94 -21.72 -21.59 -22.44 -22.88 -22.75 -22.91 -23.00 -23.62 -24.12 -24.25 -24.53 -24.62 -24.59 -24.62 -24.69 -24.66 -24.75 -24.97 -25.03 -25.00 -24.94 -25.03 -25.12 -25.22 -25.19 -25.19 -25.31 -25.41 -25.41 -25.44 -25.41 -25.31 -25.19 -25.16 -24.97 -24.56 -24.06 -23.56 -22.88 -22.03 -20.97 -19.97 -18.78 -18.25 -18.06 -17.91 -17.88 -18.09 -18.28 -18.50 -18.84 -19.16 -19.03 -19.12 -18.66
