everonasctiles/Tile43,30.asc
ncols 128
nrows 128
xllcorner 0
yllcorner 0
cellsize 2.0
NODATA_value  -9999
[rows 0 to 30 of 128, columns 0 to 70 of 128]
-82.47 -82.72 -82.91 -83.03 -83.19 -83.38 -83.53 -83.75 -83.94 -84.19 -84.44 -84.66 -84.88 -85.06 -85.22 -85.34 -85.44 -85.56 -85.69 -85.88 -86.03 -86.16 -86.22 -86.22 -86.12 -86.00 -85.84 -85.56 -85.09 -84.78 -84.94 -85.19 -85.28 -85.12 -84.62 -83.72 -82.31 -81.47 -81.06 -80.78 -80.28 -79.78 -79.44 -79.12 -78.78 -78.41 -78.03 -77.72 -78.00 -78.94 -80.31 -81.88 -83.28 -83.97 -84.41 -84.72 -84.62 -84.06 -83.12 -81.66 -80.25 -79.12 -78.53 -78.94 -79.94 -80.72 -81.12 -81.56 -82.31 -83.31 -84.31
-82.31 -82.50 -82.66 -82.78 -82.91 -83.09 -83.28 -83.47 -83.72 -84.00 -84.28 -84.56 -84.84 -85.09 -85.28 -85.44 -85.56 -85.72 -85.88 -86.06 -86.25 -86.41 -86.50 -86.50 -86.47 -86.41 -86.25 -86.06 -85.75 -85.53 -85.62 -85.84 -85.97 -85.78 -85.28 -84.53 -83.81 -83.31 -82.56 -81.69 -80.88 -80.25 -79.81 -79.50 -79.22 -79.12 -78.88 -78.62 -78.97 -79.91 -81.28 -82.81 -84.03 -84.62 -85.06 -85.34 -85.19 -84.56 -83.66 -82.28 -81.03 -79.94 -79.19 -79.47 -80.66 -81.84 -82.38 -82.81 -83.28 -83.94 -84.66
-82.12 -82.28 -82.34 -82.44 -82.56 -82.75 -82.94 -83.16 -83.44 -83.78 -84.12 -84.47 -84.78 -85.09 -85.34 -85.53 -85.72 -85.88 -86.06 -86.25 -86.44 -86.62 -86.75 -86.81 -86.81 -86.78 -86.69 -86.56 -86.38 -86.22 -86.28 -86.47 -86.53 -86.34 -85.91 -85.34 -84.75 -83.97 -83.06 -82.06 -81.22 -80.72 -80.25 -79.78 -79.47 -79.81 -79.91 -79.69 -80.03 -80.94 -82.25 -83.69 -84.72 -85.25 -85.69 -85.91 -85.69 -85.06 -84.25 -83.16 -82.06 -80.88 -79.94 -79.88 -80.94 -82.25 -82.81 -83.38 -83.94 -84.53 -85.06
-81.91 -82.00 -82.03 -82.06 -82.19 -82.38 -82.56 -82.81 -83.16 -83.56 -83.94 -84.34 -84.72 -85.06 -85.34 -85.62 -85.84 -86.03 -86.22 -86.44 -86.66 -86.84 -86.97 -87.09 -87.12 -87.12 -87.09 -87.00 -86.94 -86.81 -86.88 -87.00 -87.03 -86.84 -86.47 -85.97 -85.31 -84.47 -83.47 -82.44 -81.88 -81.31 -80.62 -79.72 -79.69 -80.38 -80.75 -81.03 -81.25 -82.06 -83.25 -84.53 -85.31 -85.81 -86.22 -86.38 -86.12 -85.56 -84.94 -84.16 -83.12 -81.84 -80.69 -80.28 -81.12 -82.44 -83.16 -83.75 -84.31 -84.84 -85.34
-81.66 -81.69 -81.69 -81.69 -81.81 -81.97 -82.12 -82.38 -82.84 -83.34 -83.75 -84.19 -84.59 -85.00 -85.34 -85.66 -85.94 -86.19 -86.44 -86.66 -86.88 -87.06 -87.22 -87.34 -87.44 -87.47 -87.44 -87.41 -87.41 -87.34 -87.38 -87.47 -87.47 -87.31 -86.97 -86.47 -85.78 -84.94 -84.03 -83.28 -82.56 -81.78 -80.34 -79.22 -79.56 -80.78 -81.38 -81.97 -82.62 -83.31 -84.28 -85.16 -85.81 -86.31 -86.69 -86.78 -86.50 -86.03 -85.59 -85.09 -84.09 -82.72 -81.38 -80.69 -81.34 -82.53 -83.47 -84.00 -84.56 -85.09 -85.56
-81.41 -81.41 -81.34 -81.31 -81.41 -81.50 -81.53 -81.69 -82.25 -83.00 -83.53 -84.00 -84.47 -84.91 -85.31 -85.69 -86.03 -86.34 -86.59 -86.84 -87.09 -87.31 -87.47 -87.59 -87.69 -87.75 -87.78 -87.78 -87.81 -87.81 -87.84 -87.88 -87.88 -87.75 -87.44 -86.91 -86.25 -85.50 -84.75 -84.00 -83.09 -81.38 -79.72 -78.75 -79.19 -80.59 -81.88 -82.66 -83.38 -84.19 -84.97 -85.69 -86.28 -86.78 -87.12 -87.16 -86.88 -86.47 -86.03 -85.59 -84.84 -83.41 -82.00 -81.09 -81.50 -82.66 -83.72 -84.25 -84.75 -85.28 -85.75
-81.16 -81.12 -81.06 -81.00 -81.00 -81.00 -80.78 -80.84 -81.34 -82.06 -82.81 -83.53 -84.28 -84.88 -85.38 -85.78 -86.16 -86.50 -86.78 -87.06 -87.28 -87.50 -87.69 -87.81 -87.94 -88.00 -88.06 -88.12 -88.16 -88.19 -88.22 -88.25 -88.25 -88.12 -87.81 -87.31 -86.69 -86.03 -85.31 -84.47 -82.88 -80.91 -79.34 -78.44 -78.81 -80.09 -81.78 -83.16 -84.00 -84.75 -85.47 -86.12 -86.69 -87.19 -87.50 -87.50 -87.25 -86.88 -86.41 -85.97 -85.31 -83.91 -82.44 -81.44 -81.59 -82.69 -83.84 -84.47 -84.94 -85.44 -85.88
-80.94 -80.91 -80.81 -80.72 -80.66 -80.47 -80.09 -80.00 -80.34 -81.00 -81.88 -82.84 -83.91 -84.84 -85.47 -85.94 -86.34 -86.69 -86.97 -87.25 -87.47 -87.69 -87.88 -88.03 -88.16 -88.25 -88.34 -88.41 -88.47 -88.50 -88.53 -88.56 -88.56 -88.47 -88.16 -87.66 -87.06 -86.41 -85.69 -84.56 -82.66 -80.84 -79.28 -78.34 -78.66 -79.81 -81.34 -83.12 -84.44 -85.22 -85.94 -86.53 -87.09 -87.53 -87.81 -87.84 -87.59 -87.25 -86.78 -86.31 -85.59 -84.22 -82.84 -81.78 -81.62 -82.53 -83.75 -84.62 -85.12 -85.56 -86.03
-80.72 -80.69 -80.59 -80.50 -80.38 -80.09 -79.59 -79.31 -79.47 -80.16 -81.19 -82.44 -83.75 -84.94 -85.59 -86.06 -86.50 -86.91 -87.19 -87.44 -87.66 -87.88 -88.06 -88.22 -88.34 -88.44 -88.53 -88.66 -88.72 -88.78 -88.84 -88.84 -88.84 -88.72 -88.41 -87.91 -87.31 -86.69 -85.88 -84.50 -82.81 -81.06 -79.47 -78.50 -78.84 -80.00 -81.41 -83.00 -84.66 -85.66 -86.31 -86.91 -87.44 -87.88 -88.12 -88.16 -87.91 -87.56 -87.12 -86.62 -85.88 -84.66 -83.41 -82.28 -81.69 -82.31 -83.44 -84.62 -85.25 -85.72 -86.12
-80.50 -80.47 -80.41 -80.31 -80.16 -79.88 -79.31 -78.94 -79.03 -79.75 -80.91 -82.34 -83.78 -85.06 -85.72 -86.22 -86.69 -87.09 -87.41 -87.66 -87.84 -88.03 -88.22 -88.38 -88.50 -88.62 -88.72 -88.84 -88.94 -89.03 -89.09 -89.12 -89.09 -88.94 -88.59 -88.09 -87.53 -86.91 -86.12 -84.72 -83.06 -81.28 -79.69 -78.78 -79.38 -80.62 -82.00 -83.38 -84.81 -86.00 -86.69 -87.25 -87.75 -88.16 -88.41 -88.44 -88.22 -87.84 -87.41 -86.91 -86.28 -85.28 -84.12 -82.88 -81.97 -82.22 -83.28 -84.47 -85.38 -85.84 -86.25
-80.28 -80.25 -80.22 -80.12 -80.00 -79.72 -79.31 -79.03 -79.12 -79.81 -81.00 -82.47 -83.97 -85.22 -85.81 -86.31 -86.84 -87.28 -87.62 -87.88 -88.06 -88.25 -88.41 -88.56 -88.69 -88.78 -88.88 -88.97 -89.09 -89.22 -89.28 -89.34 -89.31 -89.12 -88.78 -88.31 -87.78 -87.22 -86.44 -84.94 -83.16 -81.31 -79.78 -79.09 -79.97 -81.44 -82.94 -84.19 -85.34 -86.38 -87.03 -87.56 -88.03 -88.44 -88.66 -88.66 -88.44 -88.09 -87.62 -87.16 -86.69 -86.03 -84.84 -83.41 -82.31 -82.41 -83.41 -84.59 -85.53 -86.00 -86.38
-80.03 -80.03 -80.03 -79.97 -79.91 -79.81 -79.72 -79.59 -79.62 -80.16 -81.25 -82.69 -84.12 -85.31 -85.88 -86.41 -86.94 -87.41 -87.78 -88.06 -88.28 -88.44 -88.59 -88.72 -88.84 -88.94 -89.03 -89.12 -89.25 -89.34 -89.44 -89.50 -89.47 -89.31 -88.97 -88.53 -88.03 -87.50 -86.66 -84.91 -83.03 -81.28 -79.88 -79.44 -80.44 -82.09 -83.84 -85.22 -86.12 -86.75 -87.31 -87.81 -88.28 -88.66 -88.88 -88.88 -88.66 -88.28 -87.84 -87.41 -86.94 -86.44 -85.28 -83.81 -82.66 -82.72 -83.72 -84.88 -85.72 -86.12 -86.47
-79.78 -79.81 -79.84 -79.88 -79.97 -80.12 -80.31 -80.41 -80.38 -80.69 -81.56 -82.81 -84.16 -85.31 -85.94 -86.47 -87.00 -87.47 -87.88 -88.22 -88.44 -88.62 -88.78 -88.91 -89.00 -89.06 -89.16 -89.25 -89.34 -89.47 -89.56 -89.62 -89.62 -89.44 -89.16 -88.75 -88.28 -87.78 -86.75 -85.00 -83.19 -81.47 -80.19 -79.91 -80.91 -82.53 -84.31 -85.88 -86.53 -87.06 -87.56 -88.06 -88.50 -88.84 -89.06 -89.06 -88.84 -88.47 -88.06 -87.59 -87.12 -86.66 -85.53 -84.09 -83.00 -83.09 -84.09 -85.25 -85.91 -86.25 -86.62
-79.53 -79.59 -79.69 -79.81 -80.06 -80.34 -80.66 -81.00 -81.28 -81.47 -82.03 -83.00 -84.16 -85.22 -85.97 -86.53 -87.06 -87.53 -87.94 -88.31 -88.56 -88.78 -88.91 -89.03 -89.12 -89.19 -89.28 -89.38 -89.47 -89.56 -89.66 -89.72 -89.72 -89.56 -89.28 -88.91 -88.50 -88.03 -87.03 -85.47 -83.78 -82.16 -80.88 -80.59 -81.47 -82.97 -84.62 -86.16 -86.84 -87.34 -87.84 -88.28 -88.69 -89.03 -89.22 -89.22 -88.97 -88.62 -88.22 -87.78 -87.28 -86.81 -85.69 -84.31 -83.28 -83.44 -84.44 -85.50 -86.03 -86.38 -86.75
-79.31 -79.41 -79.53 -79.78 -80.09 -80.50 -80.91 -81.38 -81.81 -82.31 -82.81 -83.50 -84.41 -85.31 -86.00 -86.59 -87.12 -87.59 -88.00 -88.34 -88.66 -88.88 -89.03 -89.12 -89.22 -89.28 -89.38 -89.47 -89.56 -89.66 -89.75 -89.81 -89.78 -89.66 -89.41 -89.06 -88.69 -88.28 -87.56 -86.31 -84.78 -83.19 -81.84 -81.44 -82.22 -83.59 -85.09 -86.47 -87.19 -87.66 -88.12 -88.53 -88.88 -89.19 -89.38 -89.31 -89.09 -88.75 -88.34 -87.88 -87.41 -86.91 -85.78 -84.44 -83.56 -83.81 -84.72 -85.66 -86.12 -86.47 -86.84
-79.12 -79.22 -79.41 -79.72 -80.12 -80.59 -81.09 -81.66 -82.22 -82.81 -83.41 -84.06 -84.78 -85.50 -86.16 -86.72 -87.22 -87.66 -88.06 -88.38 -88.66 -88.88 -89.06 -89.19 -89.28 -89.38 -89.44 -89.53 -89.62 -89.69 -89.78 -89.84 -89.84 -89.75 -89.53 -89.22 -88.88 -88.53 -88.09 -87.28 -85.97 -84.38 -82.94 -82.34 -83.03 -84.38 -85.78 -86.94 -87.53 -87.97 -88.41 -88.78 -89.09 -89.34 -89.47 -89.41 -89.16 -88.84 -88.44 -87.97 -87.50 -86.84 -85.69 -84.50 -83.81 -84.19 -85.03 -85.81 -86.22 -86.56 -86.94
-78.97 -79.06 -79.22 -79.56 -80.03 -80.62 -81.22 -81.81 -82.47 -83.12 -83.78 -84.44 -85.09 -85.75 -86.31 -86.84 -87.34 -87.75 -88.09 -88.41 -88.66 -88.84 -89.03 -89.19 -89.31 -89.41 -89.50 -89.56 -89.66 -89.75 -89.81 -89.88 -89.88 -89.78 -89.62 -89.38 -89.09 -88.75 -88.41 -88.00 -87.06 -85.56 -84.06 -83.22 -83.75 -85.09 -86.47 -87.38 -87.84 -88.25 -88.69 -89.03 -89.28 -89.47 -89.56 -89.47 -89.22 -88.91 -88.50 -88.06 -87.53 -86.59 -85.47 -84.47 -84.06 -84.62 -85.41 -86.00 -86.34 -86.69 -87.03
-78.88 -78.94 -79.03 -79.31 -79.84 -80.53 -81.22 -81.91 -82.59 -83.28 -84.00 -84.66 -85.31 -85.91 -86.44 -86.94 -87.38 -87.75 -88.06 -88.34 -88.56 -88.78 -88.97 -89.12 -89.28 -89.41 -89.50 -89.59 -89.66 -89.75 -89.81 -89.88 -89.91 -89.84 -89.72 -89.53 -89.28 -88.97 -88.66 -88.31 -87.84 -86.59 -85.06 -84.03 -84.38 -85.69 -87.00 -87.72 -88.09 -88.53 -88.94 -89.25 -89.47 -89.62 -89.69 -89.56 -89.31 -88.97 -88.56 -88.12 -87.56 -86.53 -85.41 -84.53 -84.31 -84.94 -85.72 -86.16 -86.47 -86.81 -87.12
-78.84 -78.91 -79.00 -79.19 -79.66 -80.38 -81.09 -81.81 -82.53 -83.28 -84.00 -84.69 -85.34 -85.91 -86.44 -86.91 -87.31 -87.62 -87.94 -88.19 -88.44 -88.69 -88.91 -89.09 -89.25 -89.38 -89.47 -89.56 -89.66 -89.75 -89.81 -89.88 -89.91 -89.88 -89.81 -89.66 -89.47 -89.19 -88.91 -88.56 -88.22 -87.41 -85.94 -84.78 -84.94 -86.16 -87.41 -87.97 -88.38 -88.78 -89.16 -89.44 -89.66 -89.78 -89.78 -89.66 -89.41 -89.06 -88.66 -88.25 -87.72 -86.78 -85.62 -84.75 -84.56 -85.19 -85.91 -86.28 -86.59 -86.94 -87.25
-78.88 -78.94 -79.03 -79.22 -79.53 -80.16 -80.84 -81.56 -82.25 -83.00 -83.75 -84.44 -85.09 -85.72 -86.25 -86.69 -87.06 -87.38 -87.72 -88.03 -88.31 -88.59 -88.81 -89.00 -89.16 -89.28 -89.41 -89.53 -89.62 -89.72 -89.81 -89.88 -89.91 -89.91 -89.88 -89.78 -89.62 -89.41 -89.12 -88.81 -88.47 -87.94 -86.66 -85.47 -85.41 -86.53 -87.72 -88.22 -88.59 -88.97 -89.34 -89.62 -89.81 -89.94 -89.91 -89.75 -89.50 -89.16 -88.78 -88.31 -87.88 -87.19 -86.00 -85.03 -84.88 -85.44 -86.03 -86.38 -86.69 -87.03 -87.31
-78.91 -78.97 -79.09 -79.25 -79.53 -79.94 -80.56 -81.19 -81.88 -82.56 -83.28 -84.00 -84.72 -85.38 -85.91 -86.31 -86.69 -87.06 -87.47 -87.81 -88.16 -88.44 -88.69 -88.88 -89.06 -89.19 -89.34 -89.47 -89.59 -89.69 -89.78 -89.84 -89.91 -89.94 -89.94 -89.88 -89.75 -89.56 -89.31 -89.00 -88.69 -88.28 -87.25 -86.06 -85.84 -86.84 -87.94 -88.41 -88.78 -89.16 -89.50 -89.75 -89.97 -90.06 -90.03 -89.84 -89.59 -89.25 -88.84 -88.41 -87.94 -87.38 -86.19 -85.25 -85.22 -85.78 -86.22 -86.50 -86.81 -87.12 -87.41
-78.97 -79.03 -79.12 -79.25 -79.47 -79.81 -80.25 -80.78 -81.38 -82.00 -82.62 -83.31 -84.16 -84.91 -85.44 -85.84 -86.28 -86.75 -87.19 -87.56 -87.91 -88.22 -88.50 -88.72 -88.91 -89.09 -89.25 -89.41 -89.56 -89.69 -89.78 -89.84 -89.91 -89.94 -89.97 -89.94 -89.84 -89.69 -89.47 -89.16 -88.81 -88.47 -87.75 -86.62 -86.19 -87.06 -88.09 -88.56 -88.91 -89.28 -89.59 -89.88 -90.06 -90.16 -90.09 -89.91 -89.66 -89.28 -88.88 -88.41 -87.94 -87.19 -86.06 -85.31 -85.59 -86.09 -86.38 -86.62 -86.91 -87.22 -87.50
-79.03 -79.06 -79.16 -79.25 -79.41 -79.62 -79.94 -80.31 -80.69 -80.97 -81.50 -82.34 -83.38 -84.31 -84.88 -85.44 -85.97 -86.44 -86.84 -87.25 -87.62 -87.97 -88.25 -88.50 -88.75 -88.97 -89.19 -89.34 -89.50 -89.62 -89.75 -89.84 -89.91 -89.97 -90.00 -90.00 -89.91 -89.78 -89.56 -89.28 -88.94 -88.59 -88.09 -87.12 -86.50 -87.16 -88.19 -88.66 -89.00 -89.38 -89.66 -89.94 -90.12 -90.22 -90.16 -89.97 -89.66 -89.31 -88.88 -88.41 -87.72 -86.62 -85.66 -85.28 -85.91 -86.28 -86.53 -86.78 -87.06 -87.31 -87.56
-79.06 -79.09 -79.16 -79.22 -79.31 -79.44 -79.59 -79.69 -79.69 -79.97 -80.66 -81.62 -82.75 -83.78 -84.47 -85.09 -85.59 -85.97 -86.38 -86.81 -87.28 -87.66 -87.97 -88.28 -88.59 -88.84 -89.09 -89.28 -89.47 -89.59 -89.72 -89.81 -89.91 -89.97 -90.00 -90.03 -89.97 -89.81 -89.59 -89.31 -88.97 -88.62 -88.25 -87.47 -86.69 -87.12 -88.12 -88.72 -89.06 -89.41 -89.72 -89.97 -90.16 -90.25 -90.19 -89.97 -89.69 -89.31 -88.91 -88.28 -87.19 -86.03 -85.22 -85.28 -86.00 -86.38 -86.66 -86.94 -87.19 -87.44 -87.66
-79.09 -79.12 -79.16 -79.19 -79.22 -79.25 -79.25 -79.06 -79.00 -79.38 -80.19 -81.28 -82.50 -83.41 -84.09 -84.66 -85.00 -85.28 -85.62 -86.22 -86.84 -87.31 -87.69 -88.06 -88.38 -88.72 -88.97 -89.22 -89.41 -89.53 -89.66 -89.78 -89.88 -89.94 -90.00 -90.03 -89.94 -89.78 -89.56 -89.25 -88.94 -88.59 -88.25 -87.59 -86.69 -86.91 -87.88 -88.72 -89.12 -89.47 -89.78 -90.03 -90.19 -90.28 -90.22 -90.00 -89.69 -89.34 -88.97 -88.12 -86.84 -85.62 -84.91 -85.19 -85.97 -86.47 -86.75 -87.03 -87.31 -87.53 -87.75
-79.12 -79.16 -79.16 -79.16 -79.12 -79.09 -79.00 -78.72 -78.66 -79.16 -80.09 -81.25 -82.31 -83.03 -83.66 -84.06 -84.22 -84.22 -84.47 -85.19 -86.06 -86.84 -87.34 -87.78 -88.16 -88.53 -88.81 -89.09 -89.28 -89.44 -89.56 -89.69 -89.78 -89.88 -89.94 -89.97 -89.88 -89.72 -89.44 -89.12 -88.81 -88.50 -88.12 -87.28 -86.44 -86.69 -87.69 -88.72 -89.19 -89.53 -89.81 -90.06 -90.25 -90.31 -90.22 -90.03 -89.72 -89.41 -89.03 -88.09 -86.72 -85.47 -84.78 -85.16 -85.88 -86.50 -86.84 -87.12 -87.38 -87.62 -87.81
-79.12 -79.16 -79.19 -79.16 -79.09 -79.03 -78.91 -78.62 -78.66 -79.22 -80.19 -81.22 -82.00 -82.62 -83.12 -83.31 -83.25 -82.91 -83.22 -84.06 -85.19 -86.34 -86.97 -87.44 -87.88 -88.28 -88.59 -88.88 -89.12 -89.28 -89.44 -89.59 -89.69 -89.78 -89.84 -89.84 -89.75 -89.56 -89.28 -88.97 -88.66 -88.28 -87.62 -86.69 -86.12 -86.66 -87.72 -88.78 -89.28 -89.59 -89.88 -90.12 -90.28 -90.34 -90.25 -90.06 -89.78 -89.44 -89.06 -88.19 -86.81 -85.56 -84.97 -85.34 -86.06 -86.66 -86.97 -87.22 -87.47 -87.69 -87.91
-79.12 -79.19 -79.19 -79.16 -79.09 -79.00 -78.91 -78.81 -78.88 -79.41 -80.25 -81.00 -81.59 -82.12 -82.44 -82.53 -82.28 -81.72 -82.09 -83.16 -84.56 -85.91 -86.56 -87.06 -87.53 -87.97 -88.31 -88.62 -88.88 -89.09 -89.28 -89.44 -89.56 -89.66 -89.72 -89.69 -89.59 -89.38 -89.09 -88.81 -88.44 -87.69 -86.78 -86.06 -86.09 -86.94 -88.03 -88.94 -89.34 -89.66 -89.94 -90.16 -90.31 -90.38 -90.28 -90.09 -89.81 -89.47 -89.12 -88.34 -87.06 -85.91 -85.38 -85.78 -86.44 -86.88 -87.12 -87.34 -87.59 -87.78 -87.97
-79.09 -79.16 -79.19 -79.16 -79.09 -79.00 -78.97 -78.97 -79.12 -79.53 -80.09 -80.66 -81.16 -81.50 -81.69 -81.69 -81.28 -80.72 -81.22 -82.50 -84.12 -85.47 -86.06 -86.62 -87.12 -87.56 -87.94 -88.28 -88.59 -88.84 -89.06 -89.28 -89.44 -89.53 -89.56 -89.53 -89.38 -89.16 -88.88 -88.56 -87.91 -86.88 -86.03 -85.81 -86.50 -87.47 -88.47 -89.03 -89.41 -89.72 -90.00 -90.22 -90.38 -90.41 -90.31 -90.12 -89.84 -89.53 -89.16 -88.59 -87.44 -86.34 -85.91 -86.25 -86.81 -87.06 -87.28 -87.50 -87.72 -87.91 -88.06
-79.03 -79.09 -79.12 -79.12 -79.06 -79.00 -78.97 -79.00 -79.16 -79.44 -79.81 -80.25 -80.59 -80.84 -80.94 -80.88 -80.28 -79.88 -80.53 -82.00 -83.72 -84.94 -85.53 -86.09 -86.59 -87.03 -87.47 -87.91 -88.25 -88.59 -88.84 -89.09 -89.28 -89.41 -89.44 -89.34 -89.16 -88.94 -88.62 -88.12 -87.06 -86.06 -85.56 -86.09 -87.12 -88.09 -88.69 -89.09 -89.47 -89.78 -90.06 -90.25 -90.41 -90.44 -90.34 -90.16 -89.91 -89.56 -89.22 -88.78 -87.88 -86.88 -86.44 -86.72 -87.03 -87.22 -87.44 -87.66 -87.84 -88.00 -88.16
-78.97 -79.03 -79.06 -79.06 -79.03 -78.97 -78.94 -78.97 -79.06 -79.22 -79.47 -79.75 -80.03 -80.16 -80.19 -79.97 -79.28 -79.06 -79.88 -81.34 -83.03 -84.25 -84.84 -85.44 -85.94 -86.41 -86.91 -87.41 -87.91 -88.31 -88.62 -88.88 -89.09 -89.28 -89.31 -89.19 -88.94 -88.66 -88.19 -87.22 -86.16 -85.34 -85.50 -86.50 -87.66 -88.31 -88.75 -89.16 -89.53 -89.84 -90.09 -90.28 -90.41 -90.44 -90.34 -90.19 -89.94 -89.62 -89.25 -88.88 -88.28 -87.34 -86.88 -87.06 -87.25 -87.38 -87.56 -87.78 -87.97 -88.09 -88.22
