everonasctiles/Tile19,19.asc
ncols 128
nrows 128
xllcorner 0
yllcorner 0
cellsize 2.0
NODATA_value  -9999
[rows 0 to 33 of 128, columns 0 to 76 of 128]
62.88 62.84 62.84 62.75 62.72 62.66 62.66 62.62 62.62 62.66 62.66 62.72 62.72 62.72 62.72 62.75 62.84 62.97 63.19 63.41 63.62 63.75 63.69 63.50 63.22 62.84 62.72 62.72 62.66 62.41 62.38 62.47 62.59 62.66 62.59 62.62 62.97 63.38 63.59 63.56 63.56 63.44 63.34 63.22 63.34 63.50 63.69 63.78 64.03 64.28 64.53 64.78 65.00 65.12 65.22 65.25 65.25 65.25 65.22 65.25 65.31 65.47 65.91 66.44 66.81 67.28 67.66 67.78 67.88 67.97 68.00 68.16 68.25 68.38 68.72 68.91 69.00
63.38 63.22 63.22 63.16 63.09 63.06 63.00 63.00 63.00 63.00 63.03 63.06 63.06 63.06 63.06 63.09 63.19 63.31 63.62 63.91 64.03 64.16 64.12 63.94 63.66 63.41 63.22 63.06 63.09 62.91 62.66 62.78 62.88 63.00 63.00 62.94 63.06 63.62 63.81 63.81 63.84 63.75 63.59 63.53 63.56 63.81 64.00 64.16 64.25 64.50 64.66 64.84 65.03 65.12 65.19 65.25 65.25 65.25 65.41 65.88 66.50 67.03 67.75 68.03 68.16 68.31 68.38 68.44 68.50 68.56 68.56 68.66 68.81 68.78 69.03 69.16 69.25
63.75 63.72 63.66 63.53 63.50 63.44 63.38 63.38 63.38 63.38 63.44 63.44 63.44 63.41 63.41 63.44 63.50 63.75 64.03 64.28 64.56 64.62 64.53 64.41 64.25 63.97 63.78 63.66 63.56 63.44 63.03 63.09 63.19 63.31 63.34 63.28 63.22 63.72 64.06 64.03 64.00 64.03 63.91 63.78 63.88 64.12 64.31 64.59 64.75 64.66 64.78 64.88 65.06 65.09 65.19 65.31 65.66 66.34 66.97 67.50 67.91 67.97 68.28 68.53 68.69 68.78 68.84 68.91 68.94 68.91 68.94 69.03 69.03 69.16 69.12 69.31 69.38
64.22 64.16 64.16 64.03 63.94 63.84 63.78 63.75 63.75 63.81 63.81 63.84 63.88 63.81 63.88 63.88 63.91 64.06 64.44 64.69 64.97 64.97 64.84 64.88 64.75 64.50 64.31 64.12 64.03 63.88 63.47 63.38 63.50 63.62 63.72 63.59 63.47 63.72 64.28 64.22 64.25 64.25 64.19 64.19 64.19 64.38 64.69 64.94 65.19 65.47 65.53 65.50 65.56 65.88 66.34 66.75 67.50 67.81 68.03 68.12 68.28 68.56 68.66 68.94 69.06 69.12 69.22 69.22 69.22 69.28 69.28 69.28 69.28 69.31 69.34 69.41 69.44
64.75 64.75 64.62 64.53 64.41 64.22 64.22 64.16 64.16 64.25 64.22 64.34 64.31 64.38 64.31 64.41 64.38 64.50 64.84 65.06 65.31 65.38 65.22 65.28 65.22 64.97 64.72 64.59 64.47 64.25 64.06 63.75 63.84 63.97 64.06 63.97 63.62 63.97 64.22 64.38 64.41 64.41 64.47 64.47 64.62 64.69 65.00 65.25 65.56 65.91 66.12 66.59 66.84 67.31 67.66 67.91 68.12 68.31 68.50 68.59 68.69 68.88 68.91 69.16 69.28 69.34 69.41 69.38 69.41 69.44 69.47 69.44 69.44 69.41 69.47 69.50 69.50
65.28 65.22 65.06 65.00 64.91 64.66 64.69 64.59 64.66 64.72 64.78 64.81 64.91 64.88 64.88 64.94 64.88 65.00 65.25 65.47 65.62 65.78 65.66 65.69 65.62 65.44 65.19 65.06 64.94 64.72 64.62 64.16 64.19 64.28 64.34 64.38 63.88 64.00 64.38 64.59 64.62 64.72 64.78 64.91 65.03 65.16 65.34 65.59 65.97 66.34 66.66 67.06 67.44 67.69 68.09 68.34 68.53 68.72 68.84 68.91 69.00 69.09 69.19 69.16 69.31 69.41 69.44 69.44 69.47 69.50 69.53 69.53 69.53 69.56 69.56 69.59 69.59
65.75 65.69 65.59 65.47 65.38 65.25 65.19 65.16 65.06 65.16 65.28 65.34 65.47 65.41 65.44 65.41 65.41 65.44 65.56 65.72 65.84 65.97 65.97 65.97 65.94 65.75 65.59 65.50 65.38 65.19 65.03 64.72 64.66 64.72 64.75 64.78 64.31 64.22 64.47 64.88 64.94 65.06 65.19 65.34 65.44 65.53 65.81 66.00 66.25 66.72 67.09 67.41 67.81 68.12 68.41 68.62 68.81 68.91 69.03 69.12 69.16 69.25 69.25 69.31 69.28 69.38 69.41 69.41 69.47 69.50 69.56 69.59 69.62 69.66 69.69 69.69 69.72
66.09 66.09 66.06 66.00 65.84 65.75 65.66 65.56 65.53 65.62 65.75 65.88 65.94 65.91 65.91 65.88 65.84 65.88 65.88 66.00 66.00 66.19 66.16 66.16 66.19 66.03 65.94 65.91 65.75 65.69 65.53 65.22 65.09 65.12 65.16 65.16 64.94 64.62 64.69 65.22 65.31 65.47 65.66 65.75 65.91 66.00 66.16 66.41 66.62 66.91 67.44 67.78 68.12 68.41 68.66 68.84 68.97 69.09 69.19 69.25 69.31 69.31 69.38 69.41 69.34 69.41 69.41 69.47 69.50 69.56 69.62 69.69 69.72 69.75 69.78 69.81 69.81
66.28 66.34 66.44 66.44 66.28 66.19 66.09 66.03 66.00 66.12 66.19 66.28 66.34 66.34 66.34 66.31 66.25 66.25 66.25 66.25 66.16 66.31 66.38 66.41 66.41 66.34 66.31 66.25 66.19 66.09 65.97 65.66 65.50 65.56 65.59 65.59 65.47 65.06 65.16 65.41 65.78 65.91 66.09 66.22 66.38 66.41 66.62 66.81 67.03 67.44 67.75 68.12 68.41 68.66 68.84 69.00 69.12 69.25 69.31 69.38 69.41 69.38 69.44 69.47 69.47 69.41 69.47 69.47 69.56 69.66 69.72 69.78 69.84 69.88 69.91 69.91 69.94
66.44 66.53 66.62 66.75 66.72 66.59 66.47 66.47 66.47 66.50 66.53 66.62 66.66 66.69 66.69 66.62 66.59 66.56 66.53 66.50 66.41 66.47 66.56 66.59 66.66 66.66 66.62 66.59 66.53 66.44 66.34 66.03 65.84 65.91 65.97 66.03 65.88 65.44 65.47 65.75 66.19 66.28 66.50 66.69 66.84 66.97 66.97 67.25 67.50 67.72 68.09 68.38 68.62 68.84 69.03 69.16 69.28 69.38 69.44 69.50 69.50 69.47 69.53 69.53 69.53 69.53 69.50 69.59 69.69 69.75 69.84 69.91 69.94 70.00 70.03 70.03 70.06
66.53 66.66 66.75 66.91 67.06 66.97 66.84 66.81 66.81 66.84 66.88 66.94 66.94 66.94 66.94 66.91 66.88 66.78 66.72 66.72 66.72 66.72 66.84 66.81 66.91 66.91 66.94 66.88 66.81 66.72 66.62 66.41 66.19 66.25 66.31 66.41 66.31 66.00 65.91 65.91 66.50 66.62 66.88 67.09 67.28 67.47 67.50 67.66 67.91 68.12 68.44 68.66 68.88 69.06 69.19 69.31 69.44 69.53 69.59 69.62 69.62 69.62 69.59 69.62 69.62 69.62 69.66 69.72 69.81 69.88 69.97 70.03 70.09 70.12 70.16 70.19 70.19
66.59 66.69 66.75 66.84 67.09 67.25 67.25 67.19 67.16 67.16 67.16 67.19 67.16 67.16 67.12 67.09 67.06 67.00 66.94 66.94 66.91 66.97 67.03 67.09 67.09 67.16 67.16 67.09 67.03 66.97 66.84 66.75 66.53 66.59 66.69 66.78 66.72 66.56 66.25 66.44 66.66 67.09 67.28 67.53 67.75 67.91 68.03 68.16 68.38 68.47 68.72 68.91 69.09 69.25 69.38 69.47 69.56 69.66 69.72 69.75 69.75 69.75 69.75 69.75 69.75 69.78 69.75 69.88 69.94 70.03 70.12 70.19 70.22 70.28 70.28 70.31 70.31
66.72 66.59 66.66 66.69 66.72 66.78 66.94 67.28 67.31 67.31 67.34 67.34 67.31 67.28 67.25 67.22 67.19 67.16 67.12 67.12 67.12 67.16 67.22 67.28 67.31 67.34 67.34 67.28 67.22 67.16 67.06 67.03 66.91 66.97 67.06 67.12 67.16 67.09 66.72 66.75 67.12 67.44 67.69 67.91 68.16 68.38 68.47 68.62 68.75 68.88 69.03 69.19 69.28 69.44 69.53 69.66 69.72 69.81 69.88 69.91 69.91 69.91 69.91 69.91 69.94 69.94 69.97 70.06 70.12 70.22 70.28 70.34 70.41 70.44 70.47 70.47 70.50
67.75 67.72 67.06 66.72 66.78 67.03 67.12 67.22 67.28 67.31 67.41 67.50 67.47 67.41 67.38 67.34 67.34 67.34 67.31 67.31 67.38 67.41 67.38 67.47 67.50 67.50 67.50 67.44 67.38 67.34 67.34 67.31 67.28 67.31 67.44 67.59 67.69 67.62 67.22 67.19 67.22 67.88 67.97 68.22 68.53 68.75 68.91 69.03 69.12 69.19 69.31 69.41 69.53 69.62 69.72 69.81 69.84 69.97 70.03 70.06 70.06 70.09 70.09 70.06 70.12 70.16 70.19 70.25 70.34 70.41 70.47 70.53 70.59 70.62 70.66 70.66 70.69
68.41 68.03 68.00 68.00 68.00 67.56 67.41 67.28 67.22 67.22 67.28 67.56 67.62 67.53 67.50 67.50 67.50 67.53 67.56 67.59 67.62 67.66 67.66 67.69 67.72 67.72 67.72 67.66 67.66 67.66 67.66 67.66 67.75 67.78 67.91 68.03 68.16 68.12 67.91 67.66 67.50 68.19 68.41 68.59 68.88 69.12 69.28 69.38 69.47 69.44 69.56 69.62 69.69 69.81 69.91 69.97 70.03 70.12 70.19 70.25 70.25 70.28 70.28 70.28 70.34 70.38 70.44 70.50 70.56 70.62 70.69 70.75 70.78 70.81 70.84 70.88 70.88
68.50 68.53 68.50 68.47 68.41 68.06 67.69 67.44 67.25 67.09 67.19 67.44 67.66 67.72 67.72 67.75 67.78 67.84 67.84 67.88 67.91 67.94 67.94 67.97 68.00 68.00 68.00 68.00 68.00 68.00 68.03 68.09 68.22 68.25 68.28 68.38 68.56 68.69 68.56 68.19 67.91 68.28 68.81 68.97 69.19 69.41 69.56 69.62 69.69 69.66 69.78 69.81 69.88 69.97 70.06 70.16 70.22 70.28 70.38 70.44 70.44 70.50 70.50 70.56 70.59 70.62 70.69 70.75 70.81 70.88 70.94 70.97 71.03 71.06 71.09 71.12 71.12
68.53 68.59 68.62 68.59 68.56 68.41 67.91 67.56 67.38 67.28 67.09 67.44 67.69 67.97 68.03 68.09 68.12 68.16 68.19 68.19 68.22 68.22 68.25 68.28 68.31 68.31 68.34 68.38 68.38 68.41 68.47 68.53 68.75 68.75 68.81 68.97 69.16 69.28 69.06 68.75 68.44 68.66 69.12 69.25 69.50 69.66 69.81 69.84 69.91 69.88 69.94 70.00 70.06 70.16 70.22 70.31 70.41 70.47 70.56 70.59 70.69 70.72 70.75 70.78 70.84 70.88 70.97 71.03 71.09 71.12 71.19 71.22 71.28 71.31 71.31 71.34 71.34
68.53 68.66 68.69 68.69 68.66 68.50 68.09 67.84 67.72 67.69 67.78 67.62 67.72 67.97 68.34 68.38 68.47 68.50 68.53 68.53 68.56 68.59 68.62 68.62 68.66 68.69 68.72 68.75 68.78 68.84 68.94 69.06 69.25 69.34 69.38 69.53 69.69 69.81 69.59 69.22 68.81 69.12 69.34 69.56 69.75 69.88 70.00 70.00 70.06 70.06 70.09 70.19 70.22 70.28 70.41 70.50 70.53 70.66 70.69 70.78 70.84 70.91 70.97 71.06 71.09 71.19 71.22 71.28 71.34 71.41 71.44 71.47 71.50 71.50 71.56 71.56 71.59
68.56 68.66 68.75 68.75 68.72 68.59 68.25 68.06 68.00 68.06 68.28 68.06 67.78 68.19 68.41 68.69 68.84 68.91 68.94 68.97 68.91 68.97 68.94 68.97 69.00 69.09 69.12 69.22 69.25 69.38 69.56 69.66 69.78 69.94 69.88 69.97 70.16 70.28 69.97 69.41 69.34 69.56 69.72 69.88 69.97 70.09 70.19 70.19 70.22 70.19 70.28 70.34 70.41 70.50 70.53 70.66 70.72 70.84 70.94 70.97 71.06 71.16 71.22 71.28 71.38 71.44 71.50 71.56 71.62 71.66 71.69 71.72 71.75 71.78 71.81 71.81 71.81
68.56 68.69 68.75 68.78 68.75 68.66 68.31 68.22 68.25 68.38 68.50 68.50 68.28 68.28 68.59 68.91 69.12 69.28 69.34 69.41 69.34 69.34 69.34 69.41 69.47 69.53 69.62 69.75 69.88 70.03 70.12 70.19 70.41 70.50 70.53 70.34 70.44 70.56 70.44 69.97 69.56 70.12 70.03 70.19 70.22 70.31 70.38 70.38 70.38 70.34 70.44 70.50 70.56 70.66 70.75 70.84 70.94 71.03 71.12 71.19 71.28 71.34 71.44 71.56 71.59 71.66 71.78 71.81 71.88 71.91 71.97 72.00 72.00 72.03 72.06 72.06 72.06
68.53 68.69 68.78 68.78 68.78 68.69 68.47 68.41 68.47 68.62 68.69 68.69 68.62 68.66 68.84 69.12 69.38 69.56 69.75 69.84 69.84 69.88 69.81 69.84 69.97 69.97 70.19 70.34 70.50 70.56 70.78 70.84 70.94 70.97 71.00 70.81 70.69 70.78 70.84 70.28 70.00 70.31 70.41 70.44 70.47 70.47 70.56 70.56 70.56 70.53 70.62 70.69 70.75 70.84 70.94 71.00 71.09 71.25 71.34 71.44 71.50 71.59 71.72 71.81 71.88 71.94 72.00 72.09 72.16 72.22 72.25 72.28 72.31 72.34 72.34 72.34 72.34
68.53 68.66 68.72 68.78 68.78 68.75 68.72 68.72 68.75 68.84 68.91 68.91 68.91 68.94 69.09 69.34 69.59 69.84 70.09 70.28 70.41 70.38 70.38 70.41 70.50 70.62 70.69 70.91 71.06 71.22 71.31 71.38 71.44 71.44 71.44 71.41 70.91 71.00 71.09 70.66 70.41 70.72 70.72 70.72 70.81 70.81 70.78 70.81 70.78 70.78 70.81 70.84 70.97 71.00 71.12 71.22 71.34 71.44 71.56 71.66 71.75 71.81 71.94 72.06 72.12 72.25 72.28 72.38 72.44 72.50 72.53 72.56 72.56 72.59 72.59 72.59 72.59
68.69 68.78 68.78 68.84 68.84 68.84 68.84 68.88 68.94 69.03 69.09 69.16 69.16 69.22 69.38 69.59 69.84 70.12 70.44 70.72 70.94 71.00 71.00 71.03 71.09 71.16 71.28 71.47 71.56 71.72 71.78 71.81 71.84 71.84 71.81 71.72 71.28 71.19 71.25 71.09 70.91 71.09 71.09 71.03 71.16 71.19 71.09 71.09 71.06 71.00 71.06 71.09 71.19 71.22 71.34 71.44 71.56 71.66 71.78 71.88 71.97 72.06 72.19 72.31 72.41 72.47 72.59 72.66 72.69 72.78 72.81 72.84 72.88 72.84 72.88 72.88 72.88
68.81 68.88 68.91 68.94 68.94 68.97 68.97 69.03 69.16 69.25 69.34 69.38 69.44 69.50 69.66 69.88 70.16 70.47 70.81 71.16 71.44 71.59 71.62 71.66 71.66 71.78 71.88 71.94 72.00 72.12 72.16 72.19 72.19 72.16 72.09 72.00 71.75 71.34 71.38 71.38 71.28 71.53 71.41 71.38 71.47 71.53 71.47 71.41 71.44 71.38 71.31 71.38 71.44 71.50 71.59 71.69 71.78 71.91 72.00 72.12 72.22 72.34 72.47 72.59 72.72 72.78 72.91 72.97 73.03 73.06 73.12 73.12 73.16 73.16 73.16 73.19 73.19
68.94 68.97 68.97 69.03 69.06 69.09 69.16 69.22 69.38 69.50 69.56 69.66 69.69 69.78 69.94 70.19 70.50 70.84 71.22 71.56 71.91 72.06 72.16 72.22 72.25 72.28 72.31 72.38 72.44 72.44 72.50 72.50 72.47 72.41 72.31 72.19 72.03 71.53 71.50 71.50 71.56 71.81 71.81 71.88 71.91 71.88 71.88 71.81 71.84 71.78 71.78 71.75 71.78 71.84 71.91 71.97 72.03 72.16 72.25 72.31 72.47 72.62 72.78 72.91 73.00 73.09 73.19 73.28 73.34 73.34 73.44 73.47 73.47 73.50 73.50 73.47 73.47
69.09 69.09 69.09 69.16 69.22 69.28 69.38 69.50 69.62 69.75 69.81 69.91 69.97 70.06 70.25 70.53 70.84 71.22 71.59 71.97 72.31 72.53 72.66 72.69 72.75 72.78 72.81 72.78 72.81 72.78 72.75 72.72 72.66 72.59 72.50 72.34 72.03 71.88 71.72 71.62 71.91 72.09 72.19 72.25 72.28 72.25 72.19 72.16 72.19 72.16 72.16 72.16 72.19 72.22 72.28 72.34 72.41 72.50 72.56 72.69 72.81 72.97 73.09 73.22 73.34 73.44 73.53 73.59 73.66 73.69 73.78 73.81 73.84 73.84 73.81 73.84 73.78
69.25 69.22 69.25 69.34 69.41 69.47 69.62 69.75 69.88 70.00 70.09 70.16 70.25 70.34 70.56 70.84 71.22 71.59 72.00 72.38 72.72 73.00 73.12 73.19 73.28 73.28 73.25 73.19 73.09 73.03 72.94 72.84 72.78 72.69 72.56 72.38 72.22 72.06 71.94 72.00 72.25 72.41 72.50 72.56 72.56 72.53 72.50 72.53 72.53 72.53 72.53 72.53 72.56 72.59 72.66 72.72 72.78 72.84 72.94 73.06 73.19 73.31 73.47 73.59 73.69 73.81 73.91 73.97 74.03 74.06 74.12 74.16 74.19 74.19 74.19 74.16 74.12
69.44 69.41 69.44 69.53 69.56 69.72 69.88 70.03 70.16 70.25 70.34 70.41 70.50 70.59 70.84 71.19 71.56 71.94 72.34 72.75 73.12 73.41 73.59 73.66 73.66 73.66 73.59 73.50 73.34 73.19 73.09 72.94 72.91 72.75 72.62 72.50 72.41 72.25 72.28 72.28 72.53 72.66 72.75 72.81 72.84 72.84 72.84 72.84 72.84 72.88 72.88 72.91 72.91 72.97 73.03 73.09 73.16 73.25 73.34 73.44 73.56 73.72 73.84 73.97 74.06 74.16 74.22 74.34 74.41 74.47 74.50 74.53 74.56 74.56 74.56 74.50 74.53
69.66 69.62 69.66 69.75 69.81 69.97 70.12 70.28 70.41 70.53 70.59 70.66 70.72 70.81 71.09 71.47 71.88 72.28 72.72 73.12 73.50 73.81 73.97 74.03 74.03 73.97 73.91 73.78 73.59 73.41 73.19 73.03 72.91 72.84 72.75 72.66 72.56 72.41 72.66 72.50 72.78 72.91 73.00 73.06 73.09 73.12 73.16 73.16 73.19 73.22 73.25 73.28 73.31 73.34 73.44 73.50 73.56 73.66 73.75 73.84 73.97 74.09 74.22 74.34 74.47 74.56 74.62 74.72 74.78 74.84 74.88 74.91 74.94 74.94 74.91 74.91 74.88
69.91 69.91 69.88 69.97 70.03 70.22 70.38 70.53 70.66 70.75 70.81 70.84 70.88 71.00 71.38 71.75 72.19 72.62 73.03 73.47 73.84 74.19 74.34 74.34 74.34 74.25 74.12 73.97 73.75 73.53 73.31 73.12 73.03 72.94 72.88 72.78 72.72 72.84 72.84 72.75 72.91 73.12 73.22 73.31 73.38 73.41 73.44 73.47 73.50 73.56 73.59 73.62 73.69 73.75 73.81 73.88 73.97 74.06 74.16 74.28 74.38 74.50 74.62 74.75 74.84 74.94 75.03 75.12 75.19 75.22 75.25 75.28 75.28 75.31 75.28 75.22 75.25
70.19 70.19 70.12 70.22 70.28 70.44 70.62 70.75 70.88 70.94 71.00 71.00 71.03 71.22 71.62 72.03 72.50 72.94 73.38 73.78 74.16 74.47 74.56 74.59 74.53 74.47 74.31 74.09 73.84 73.62 73.41 73.25 73.16 73.09 73.00 72.94 73.09 73.03 73.16 73.09 73.16 73.41 73.47 73.56 73.62 73.69 73.72 73.78 73.84 73.88 73.94 74.00 74.03 74.12 74.22 74.28 74.38 74.47 74.56 74.69 74.81 74.94 75.03 75.16 75.25 75.34 75.44 75.50 75.56 75.62 75.66 75.66 75.66 75.69 75.69 75.66 75.62
70.50 70.47 70.44 70.50 70.59 70.69 70.81 70.97 71.06 71.12 71.16 71.16 71.19 71.44 71.88 72.31 72.78 73.22 73.66 74.06 74.44 74.69 74.75 74.75 74.69 74.59 74.44 74.25 74.00 73.78 73.59 73.38 73.31 73.22 73.12 73.22 73.34 73.19 73.34 73.38 73.53 73.47 73.69 73.81 73.88 73.97 74.03 74.09 74.16 74.22 74.28 74.34 74.44 74.50 74.56 74.69 74.78 74.91 75.00 75.12 75.25 75.34 75.47 75.56 75.66 75.75 75.84 75.94 76.00 76.03 76.06 76.06 76.09 76.09 76.09 76.06 76.03
70.84 70.75 70.72 70.75 70.81 70.91 71.03 71.16 71.25 71.28 71.28 71.28 71.34 71.66 72.09 72.59 73.03 73.50 73.91 74.31 74.66 74.81 74.84 74.84 74.78 74.66 74.53 74.34 74.12 73.91 73.69 73.53 73.44 73.34 73.31 73.53 73.56 73.62 73.44 73.69 73.75 73.72 74.00 74.06 74.16 74.22 74.31 74.38 74.47 74.53 74.62 74.69 74.78 74.91 75.00 75.09 75.22 75.28 75.44 75.53 75.69 75.78 75.91 76.00 76.09 76.19 76.28 76.38 76.41 76.47 76.50 76.47 76.47 76.50 76.47 76.44 76.41
71.19 71.09 71.06 71.06 71.06 71.12 71.25 71.34 71.41 71.44 71.41 71.41 71.50 71.88 72.34 72.81 73.28 73.72 74.12 74.50 74.78 74.88 74.91 74.91 74.84 74.72 74.59 74.44 74.22 74.00 73.75 73.62 73.53 73.47 73.66 73.72 73.81 73.81 73.75 73.75 74.06 74.00 74.19 74.31 74.41 74.47 74.59 74.66 74.75 74.84 74.94 75.06 75.16 75.25 75.38 75.50 75.59 75.72 75.84 76.00 76.12 76.25 76.38 76.50 76.59 76.66 76.75 76.81 76.84 76.88 76.91 76.88 76.88 76.91 76.84 76.84 76.81
