everonasctiles/Tile[42,8].asc
ncols 128
nrows 128
xllcorner 0
yllcorner 0
cellsize 2.0
NODATA_value  -9999
[rows 0 to 31 of 128, columns 0 to 70 of 128]
147.06 146.81 146.78 146.53 146.41 146.34 146.03 145.75 145.53 145.34 144.38 144.47 144.31 144.31 144.56 144.59 145.28 146.00 145.97 146.09 146.69 147.88 147.88 148.00 147.84 147.88 147.97 148.69 148.56 149.09 149.00 149.12 149.78 150.12 151.00 151.50 152.41 153.72 154.47 155.31 156.03 156.84 158.09 159.47 160.31 160.97 161.25 161.31 161.34 161.69 161.75 161.59 161.38 161.22 161.84 162.75 163.38 164.84 166.38 166.97 167.78 168.50 169.06 169.28 169.22 168.88 169.00 169.62 170.53 171.25 171.88
146.00 146.00 145.81 145.41 145.38 145.62 145.25 144.88 144.84 143.88 143.72 143.56 142.88 143.81 143.84 143.88 144.50 144.88 145.62 146.09 146.47 146.94 147.47 147.44 147.56 147.41 147.31 147.78 147.59 147.66 148.12 148.84 149.38 149.47 150.41 151.19 152.12 153.00 154.09 154.97 155.59 156.59 157.66 159.06 159.75 160.31 160.41 160.19 160.34 160.19 160.50 160.50 160.72 160.75 160.97 161.25 161.50 162.97 165.44 166.28 166.94 167.53 167.97 168.22 168.38 167.78 168.25 168.78 169.69 170.31 170.81
145.00 144.75 144.56 144.69 144.56 144.50 144.31 144.06 144.03 143.53 143.00 142.53 142.31 142.41 143.28 143.31 143.59 144.72 145.09 145.66 146.12 146.97 147.03 146.94 147.09 147.50 146.91 147.25 147.16 147.50 147.59 147.59 148.88 149.44 149.75 151.12 152.06 152.62 153.72 154.66 155.66 156.41 157.28 158.66 158.84 159.22 159.28 159.53 159.34 159.47 159.75 160.12 160.34 160.50 160.72 160.91 161.16 162.31 164.34 165.38 166.09 166.59 166.91 167.28 167.28 167.25 167.50 167.94 168.66 169.19 169.62
144.31 144.56 144.00 143.31 143.56 143.25 143.69 143.09 142.75 142.62 142.03 141.94 141.81 142.06 142.56 142.78 143.34 144.41 145.00 145.94 146.28 146.22 146.22 146.44 147.03 146.75 146.44 145.78 146.56 147.16 147.28 147.59 148.12 148.44 149.38 150.62 151.62 152.00 153.22 154.50 155.28 156.00 156.88 157.56 158.19 158.34 158.44 158.62 158.78 159.31 159.44 159.62 159.84 160.16 160.41 160.62 160.88 161.62 164.00 164.59 165.25 165.66 165.78 166.38 166.50 166.44 166.28 166.84 167.38 167.94 168.34
143.19 142.94 142.66 142.59 142.41 142.22 142.47 142.09 142.41 141.97 141.66 141.31 141.31 141.31 141.97 142.50 142.94 143.78 144.50 145.44 145.38 145.56 145.97 145.66 146.19 146.41 146.41 145.97 145.75 146.34 146.50 147.53 147.78 147.94 149.31 149.81 150.56 152.22 153.16 154.12 155.03 155.81 156.00 156.62 156.94 157.53 158.00 158.06 158.19 158.59 158.91 159.12 159.38 159.69 160.00 160.38 160.66 161.59 163.06 163.91 164.41 164.53 164.94 165.41 165.56 165.69 165.44 165.47 165.62 166.06 166.81
141.53 141.69 141.59 141.62 140.94 141.72 141.84 141.19 141.56 141.28 141.00 140.62 141.00 140.56 141.84 142.09 142.94 143.81 144.25 144.78 144.84 145.22 144.62 145.50 145.59 145.59 145.50 145.91 145.81 145.50 146.53 147.12 147.09 148.06 148.75 149.84 150.78 151.84 152.47 153.59 154.22 154.94 155.06 155.22 155.78 157.00 157.34 157.50 157.69 158.03 158.38 158.56 158.88 159.16 159.56 160.06 160.53 161.66 162.62 163.22 163.53 163.59 164.22 164.44 164.59 164.72 164.19 164.09 164.12 164.62 165.06
141.09 140.62 140.59 140.31 140.50 140.31 140.81 140.72 140.72 140.59 140.34 140.44 139.94 140.75 141.22 141.81 142.66 143.25 143.88 144.22 144.25 144.44 144.25 144.44 145.00 145.19 144.94 145.00 144.78 145.78 145.59 146.72 146.78 147.50 148.50 149.41 149.81 151.06 151.97 153.06 153.31 154.03 154.38 155.09 155.12 155.84 156.28 156.56 157.06 157.25 157.72 158.00 158.25 158.59 159.09 159.53 160.31 161.34 162.12 162.53 162.56 162.88 163.31 163.41 163.53 163.50 163.16 162.94 162.81 162.88 163.03
139.47 139.44 139.53 139.78 139.94 139.94 139.78 139.75 139.97 140.09 139.72 140.06 140.03 140.41 140.91 141.53 142.47 143.16 143.38 143.62 143.38 143.28 143.19 143.47 143.94 144.00 144.16 144.53 144.38 145.09 145.94 145.78 146.44 146.84 147.56 148.09 149.47 150.44 151.41 152.03 152.84 153.25 153.78 153.78 153.94 154.88 155.66 156.72 156.44 156.34 157.03 157.31 157.53 158.06 158.59 159.03 159.91 160.84 161.47 161.78 161.66 161.91 162.16 162.31 162.34 162.12 162.12 162.06 161.66 161.41 161.53
138.56 138.75 139.28 138.94 139.34 138.69 139.12 138.66 138.72 139.16 139.25 139.38 139.72 140.09 140.56 141.31 142.31 142.31 142.94 142.56 142.53 142.25 142.84 143.16 142.91 143.03 143.25 143.28 143.78 144.19 144.94 145.41 145.84 146.25 146.78 147.94 148.91 149.66 150.75 150.88 151.78 152.28 152.19 152.47 153.69 154.50 155.03 155.56 156.09 156.38 155.91 156.88 157.00 157.53 157.97 158.72 159.38 160.38 160.72 161.22 160.91 160.84 160.78 161.22 160.59 160.59 160.97 160.94 160.41 159.97 160.28
138.00 138.28 138.19 138.47 138.62 138.22 137.88 138.00 138.44 138.50 138.59 139.38 139.34 139.72 140.19 141.03 141.78 142.31 142.00 142.47 141.66 141.53 141.62 141.97 142.00 142.84 142.41 143.31 143.03 144.00 144.03 145.00 145.28 145.72 146.25 146.81 147.66 148.66 149.69 150.22 150.31 150.84 151.25 152.28 152.53 153.53 154.28 154.47 155.12 155.34 155.59 156.28 156.66 157.12 157.31 158.09 158.59 159.44 159.88 159.97 159.97 159.62 160.09 159.38 158.91 159.66 159.66 159.62 159.12 159.03 159.22
137.28 137.28 137.38 137.78 137.62 137.31 137.03 137.56 137.41 137.50 138.22 138.53 138.66 139.03 139.69 140.94 141.72 141.41 141.41 141.00 140.56 140.69 141.00 141.09 141.12 141.53 141.97 142.47 142.56 143.19 143.88 144.09 144.47 145.16 145.53 146.28 146.84 147.56 148.97 149.41 149.72 150.34 151.25 151.91 152.25 152.94 152.59 153.81 154.22 154.88 155.53 155.72 155.97 156.16 156.69 157.38 157.88 158.53 158.75 158.97 158.91 158.41 158.00 157.88 158.00 158.12 158.25 157.91 157.75 158.03 158.38
136.66 136.50 136.72 136.88 136.72 136.84 136.84 136.31 136.84 137.09 137.31 137.66 137.94 138.34 139.03 140.12 139.97 140.34 140.03 140.12 140.19 140.28 140.47 140.56 140.47 140.88 141.09 141.59 141.97 142.38 142.81 143.44 143.81 144.75 145.16 145.94 146.44 147.19 147.59 147.72 149.28 149.56 150.56 150.78 150.88 151.62 152.34 152.56 153.47 153.97 154.09 154.81 155.22 155.59 155.94 156.38 156.81 156.97 157.41 157.66 157.78 157.38 157.16 156.47 156.78 156.84 156.81 156.88 157.22 157.56 157.91
135.72 136.00 136.22 135.72 135.88 135.84 135.69 135.69 135.91 136.22 136.56 136.81 137.16 137.56 138.22 139.22 139.12 139.06 139.16 138.94 139.12 139.44 139.16 139.84 139.97 140.00 140.94 140.56 141.16 141.69 142.44 142.97 143.47 144.06 144.91 145.19 145.75 146.50 147.12 147.59 148.47 148.44 149.66 150.03 150.78 151.06 151.62 151.69 152.47 152.97 153.66 154.03 154.59 154.75 155.59 155.41 155.38 155.69 156.16 156.00 156.19 156.06 155.72 155.72 155.66 155.81 156.00 156.38 156.66 157.00 157.38
135.97 134.97 135.34 135.09 134.94 134.81 134.84 134.94 135.16 135.47 135.78 136.06 136.50 136.94 138.06 138.62 138.03 137.50 138.03 138.25 138.62 138.50 138.81 138.75 139.28 139.09 139.59 139.97 140.44 141.28 141.53 142.44 142.88 143.62 144.06 144.91 145.06 145.53 146.53 147.00 147.38 148.28 148.75 149.56 150.44 149.59 150.50 151.50 151.88 152.31 153.25 153.62 153.94 154.34 154.31 154.41 154.62 154.28 155.06 154.47 154.66 154.59 154.59 154.31 154.88 154.97 155.38 155.72 156.03 156.41 156.81
134.84 134.69 134.56 134.38 134.19 134.06 134.06 134.16 134.34 134.59 134.88 135.19 135.66 136.28 137.09 136.94 136.78 136.69 137.31 137.81 137.28 137.81 137.97 138.12 138.06 138.72 139.22 139.34 139.62 140.81 141.25 141.75 142.16 143.09 143.84 144.31 144.94 145.59 146.34 147.16 147.94 148.12 148.59 148.94 149.69 150.03 150.22 151.16 151.19 152.25 153.00 152.94 153.34 153.34 153.62 153.12 153.62 153.34 152.69 152.56 153.03 153.50 153.44 154.03 153.81 154.31 154.69 155.03 155.41 155.78 156.19
134.66 134.78 134.03 133.75 133.50 133.41 133.41 133.47 133.62 133.84 134.09 134.44 134.84 135.44 135.97 136.00 135.88 136.12 136.41 137.03 136.94 137.12 137.09 137.62 138.06 137.72 138.62 139.12 139.38 140.03 140.84 141.22 141.81 142.56 143.12 144.09 144.66 145.00 145.66 146.38 146.62 147.16 147.81 148.69 148.50 149.50 149.62 150.00 151.31 151.50 151.84 152.41 152.78 152.81 152.78 152.41 152.72 151.97 151.88 152.03 152.16 152.53 152.25 152.88 153.00 153.59 154.03 154.50 154.78 155.19 155.56
134.28 133.84 133.47 133.16 132.94 132.81 132.78 132.84 132.97 133.12 133.25 133.53 134.09 134.66 135.22 135.16 135.12 135.97 135.88 136.22 136.12 136.50 136.50 136.69 137.12 137.75 137.75 138.44 138.97 139.59 140.03 140.56 141.56 142.25 142.88 143.75 143.91 144.69 145.06 146.03 146.75 146.62 146.84 147.72 147.75 148.56 149.22 149.72 150.75 151.34 151.44 151.75 151.84 151.97 151.78 151.72 151.72 151.31 150.78 150.69 150.97 151.38 152.25 152.06 152.50 152.97 153.56 153.84 154.16 154.47 154.88
133.84 133.31 132.94 132.62 132.41 132.25 132.22 132.25 132.38 132.44 132.69 132.91 133.56 134.31 134.25 134.44 134.66 135.06 135.38 135.44 135.31 135.84 135.75 136.19 136.41 136.84 137.38 137.69 138.47 138.66 139.53 140.56 140.94 141.91 142.31 143.22 143.50 144.12 143.97 145.16 145.88 146.56 146.69 147.22 147.53 148.09 148.72 149.22 149.94 150.62 150.62 151.00 151.16 151.25 151.16 151.03 150.84 150.25 149.53 149.62 149.53 150.09 151.22 151.31 151.75 152.28 152.22 152.47 153.47 153.69 154.16
133.25 132.81 132.44 132.12 131.88 131.75 131.69 131.72 131.81 131.97 132.25 132.50 133.12 133.62 133.59 133.84 134.53 134.66 134.78 134.62 134.97 135.12 135.34 135.41 136.00 136.22 136.69 137.50 137.66 138.72 139.31 140.12 140.50 141.25 141.91 142.91 143.41 143.97 144.41 144.56 145.22 145.59 145.97 146.34 147.22 147.31 147.75 148.91 149.31 150.00 150.28 150.31 150.41 150.31 150.53 149.66 149.50 149.56 148.84 149.16 149.47 149.84 150.28 150.50 151.12 151.53 152.25 152.34 152.66 153.03 153.44
132.88 132.31 131.91 131.62 131.41 131.25 131.19 131.22 131.28 131.38 131.69 132.03 132.75 132.84 133.09 133.41 133.97 134.41 134.38 134.53 134.59 134.88 134.69 135.22 135.38 135.75 136.38 136.81 137.31 138.31 138.84 139.84 140.03 141.28 141.75 142.38 143.09 143.34 143.81 143.91 144.62 144.97 145.19 145.78 146.31 146.81 147.44 147.97 148.28 149.00 149.47 149.81 149.53 149.56 149.22 149.00 148.38 148.28 147.91 148.44 148.66 149.12 149.56 150.03 150.44 150.78 151.22 151.50 152.09 152.22 152.66
132.28 131.78 131.41 131.12 130.91 130.78 130.72 130.72 130.72 130.81 131.03 131.66 132.09 132.19 132.53 132.94 133.28 133.50 133.69 133.56 133.84 134.38 134.31 134.47 135.09 135.56 135.81 136.34 136.81 137.56 138.34 139.41 140.56 140.72 141.56 141.75 142.84 142.75 142.91 143.44 143.78 144.31 145.09 145.19 146.16 146.25 146.72 147.09 148.03 148.03 148.28 148.53 147.50 148.34 148.19 148.22 147.03 147.31 147.72 147.94 147.81 148.62 148.94 149.25 149.59 149.53 150.56 150.91 151.00 151.47 151.84
131.69 131.22 130.91 130.62 130.41 130.28 130.22 130.22 130.25 130.47 130.69 131.31 131.41 131.56 131.81 132.50 132.91 132.84 132.94 133.12 133.44 133.72 133.78 134.28 134.72 134.72 135.44 135.84 136.50 137.38 137.75 138.75 139.72 140.22 141.25 141.47 141.78 142.44 142.53 143.09 143.47 143.47 144.22 144.69 145.16 145.91 146.50 146.66 146.72 146.19 147.03 146.91 147.00 146.72 146.66 146.88 146.16 146.81 147.34 147.53 147.38 147.84 148.28 148.31 148.50 148.94 149.41 149.84 150.28 150.62 150.97
131.06 130.66 130.34 130.12 129.94 129.81 129.78 129.75 129.78 130.03 130.31 130.91 130.75 130.69 131.12 131.56 131.97 131.78 132.09 132.47 132.75 133.31 133.59 133.69 133.97 134.44 134.91 135.69 136.16 136.84 137.97 138.88 139.06 140.09 140.62 141.19 141.59 142.22 141.94 142.19 142.47 143.12 143.59 144.28 144.47 144.88 144.72 144.84 145.12 144.91 145.62 145.81 145.56 145.09 145.72 145.62 145.88 146.06 146.06 146.38 146.69 146.97 147.00 146.97 148.03 148.16 148.66 149.00 149.44 149.88 150.38
130.28 130.06 129.81 129.62 129.47 129.38 129.31 129.25 129.22 129.47 129.94 130.12 130.03 130.03 130.50 131.22 131.75 132.00 131.97 132.06 132.34 132.59 132.81 133.09 133.41 133.75 134.25 134.97 136.00 136.72 137.47 138.25 138.94 139.69 140.25 140.16 141.16 141.44 141.78 141.94 142.38 142.88 143.38 143.50 143.50 143.41 143.56 143.44 143.28 144.09 144.16 143.75 144.00 143.75 144.28 144.41 144.75 145.12 145.38 145.69 145.81 145.94 146.12 146.56 147.09 147.28 147.91 148.06 148.59 149.00 149.22
129.59 129.44 129.25 129.12 129.00 128.94 128.88 128.75 128.66 129.06 129.66 129.56 129.62 129.66 130.06 130.75 131.06 131.41 131.56 131.91 132.03 132.19 132.44 132.50 132.91 133.84 133.84 134.22 135.50 136.25 136.84 137.91 138.59 139.31 140.09 140.31 140.59 140.97 141.06 141.28 141.72 142.25 142.31 142.72 142.25 142.69 142.69 142.44 142.47 142.94 142.66 143.41 142.62 143.62 143.38 143.97 143.66 144.44 144.84 144.78 144.84 145.62 145.44 145.69 146.31 146.84 147.41 147.38 147.78 148.06 148.22
128.91 128.84 128.72 128.62 128.53 128.47 128.41 128.22 128.16 128.69 129.22 129.06 129.16 129.19 129.59 129.97 130.41 130.78 130.91 131.22 131.56 131.72 132.12 132.22 132.25 133.12 133.34 134.16 135.00 135.88 136.72 137.56 138.22 138.72 139.53 139.94 139.59 140.06 140.09 141.06 141.06 141.00 141.91 142.19 142.03 141.72 141.56 141.56 141.88 141.94 142.50 142.38 142.16 141.97 142.84 143.09 142.94 143.75 143.59 143.97 144.50 144.50 144.91 145.12 145.03 145.69 146.12 146.59 146.91 147.16 147.59
128.09 128.25 128.25 128.16 128.09 128.03 127.88 127.66 127.78 128.38 128.66 128.47 128.56 128.69 129.06 129.34 129.62 129.91 130.25 130.59 130.97 131.25 131.50 131.75 132.00 132.66 133.06 134.12 134.84 135.69 136.62 137.25 137.91 138.44 139.06 139.03 139.28 139.81 139.72 140.34 140.75 140.88 140.94 141.56 140.62 141.09 140.91 140.81 141.09 140.81 141.53 141.53 141.56 141.59 141.66 142.09 142.38 142.28 142.59 143.28 143.53 143.84 143.84 144.03 144.81 145.00 145.38 145.56 145.88 146.59 146.88
127.81 127.75 127.81 127.72 127.66 127.56 127.41 127.31 127.62 128.19 127.97 128.00 128.12 128.25 128.53 128.78 129.03 129.31 129.62 129.94 130.31 130.56 131.44 131.16 131.69 132.19 132.72 133.66 134.47 135.31 136.12 137.28 137.50 138.03 138.59 139.12 139.06 139.38 139.12 139.62 140.12 140.03 140.06 140.53 140.56 139.94 140.62 140.44 140.50 140.00 140.34 140.12 140.50 140.81 140.94 141.28 141.41 141.94 142.00 142.31 142.47 142.97 143.28 143.72 143.69 144.31 144.53 144.75 145.09 145.62 146.28
127.47 127.47 127.34 127.25 127.22 127.03 127.03 127.06 127.44 127.94 127.50 127.53 127.56 127.84 128.06 128.25 128.50 128.75 129.03 129.34 129.72 130.12 130.53 131.00 131.44 132.09 133.25 133.84 134.59 135.31 135.91 136.53 137.12 137.75 138.09 138.12 138.34 138.72 139.06 139.34 139.44 139.22 138.97 139.38 139.25 139.75 139.12 139.50 139.00 139.28 139.81 138.88 139.78 139.84 140.03 140.41 141.22 141.34 141.31 141.25 141.75 141.94 142.16 142.41 143.03 143.41 143.59 144.12 144.09 145.03 145.38
126.91 126.84 126.66 126.72 126.72 126.59 126.66 126.75 127.16 127.28 127.12 127.12 127.12 127.44 127.59 127.81 128.00 128.25 128.53 128.84 129.19 129.59 130.06 130.53 131.09 131.75 132.56 133.56 134.19 134.97 135.72 136.19 136.62 137.12 137.31 137.62 137.81 138.25 137.97 138.88 138.75 138.88 138.75 138.41 138.09 138.72 138.34 138.28 137.66 137.84 138.19 138.81 138.94 139.25 139.50 140.00 140.38 139.72 140.62 140.12 141.12 141.47 141.22 141.66 142.03 142.22 142.94 143.31 143.62 144.22 144.47
126.44 126.19 126.09 126.12 126.22 126.16 126.28 126.44 126.88 126.81 126.78 126.78 126.81 127.03 127.19 127.41 127.59 127.81 128.09 128.41 128.72 129.12 129.56 130.16 130.62 131.81 132.34 133.25 133.84 134.66 135.50 135.88 136.34 136.50 136.94 137.25 137.34 137.25 137.34 137.50 137.44 138.06 137.50 137.12 137.31 137.66 137.34 136.84 136.66 136.59 137.16 137.59 138.03 138.44 138.69 139.03 139.16 139.44 139.75 140.47 140.09 140.53 140.28 140.50 141.12 141.62 142.06 142.38 142.84 143.41 143.91
125.97 125.75 125.62 125.69 125.72 125.66 125.81 126.12 126.59 126.44 126.44 126.44 126.50 126.66 126.84 127.03 127.22 127.47 127.72 128.00 128.34 128.72 129.09 129.69 130.44 131.56 132.31 132.94 133.94 134.81 135.22 135.44 135.72 135.94 136.03 136.56 136.59 136.78 136.88 136.78 136.81 136.41 136.44 135.97 135.94 136.19 136.12 135.69 136.00 136.22 136.91 137.00 137.50 137.44 137.72 138.06 138.06 138.62 138.75 139.38 139.34 139.44 139.53 140.16 140.50 140.34 141.31 141.88 142.41 142.53 142.84
