everonasctiles/Tile[10,29].asc
ncols 128
nrows 128
xllcorner 0
yllcorner 0
cellsize 2.0
NODATA_value  -9999
[rows 0 to 34 of 128, columns 0 to 78 of 128]
-0.84 -0.91 -1.00 -1.12 -1.28 -1.50 -1.78 -2.09 -2.41 -2.69 -3.00 -3.28 -3.56 -3.81 -4.16 -4.56 -4.94 -5.28 -5.47 -5.75 -6.22 -6.94 -7.62 -8.31 -9.16 -9.84 -10.50 -11.19 -11.84 -12.41 -12.91 -13.41 -13.88 -14.38 -14.81 -15.16 -15.56 -16.06 -16.38 -16.78 -17.09 -17.34 -17.59 -17.91 -18.19 -18.47 -18.72 -18.97 -19.19 -19.34 -19.59 -19.81 -20.03 -20.28 -20.47 -20.66 -20.75 -20.84 -20.94 -21.00 -21.03 -21.06 -21.00 -20.97 -20.97 -20.88 -20.81 -20.69 -20.59 -20.50 -20.47 -20.47 -20.62 -20.72 -20.81 -20.81 -20.72 -20.62 -20.56
-0.81 -0.91 -0.97 -1.09 -1.22 -1.41 -1.66 -1.97 -2.25 -2.50 -2.78 -3.03 -3.28 -3.56 -3.88 -4.28 -4.62 -4.94 -5.06 -5.38 -6.00 -6.78 -7.34 -8.22 -9.00 -9.56 -10.38 -11.12 -11.72 -12.28 -12.75 -13.22 -13.78 -14.09 -14.50 -14.94 -15.38 -15.81 -16.25 -16.59 -16.91 -17.22 -17.53 -17.78 -18.06 -18.34 -18.59 -18.84 -19.03 -19.22 -19.47 -19.75 -19.97 -20.19 -20.34 -20.44 -20.50 -20.59 -20.66 -20.69 -20.72 -20.78 -20.75 -20.62 -20.59 -20.59 -20.53 -20.41 -20.28 -20.19 -20.19 -20.25 -20.38 -20.50 -20.66 -20.66 -20.56 -20.47 -20.41
-0.81 -0.88 -0.97 -1.06 -1.16 -1.31 -1.53 -1.78 -2.03 -2.28 -2.50 -2.75 -3.00 -3.28 -3.62 -3.84 -4.16 -4.44 -4.69 -5.19 -5.75 -6.34 -6.97 -7.84 -8.59 -9.38 -10.00 -10.75 -11.47 -12.06 -12.59 -13.06 -13.47 -13.88 -14.31 -14.78 -15.22 -15.66 -16.09 -16.44 -16.81 -17.09 -17.34 -17.62 -17.91 -18.19 -18.47 -18.69 -18.91 -19.12 -19.38 -19.62 -19.81 -20.03 -20.12 -20.19 -20.22 -20.31 -20.38 -20.41 -20.41 -20.41 -20.38 -20.28 -20.25 -20.22 -20.19 -20.09 -20.03 -20.00 -20.00 -20.06 -20.22 -20.41 -20.47 -20.44 -20.38 -20.31 -20.25
-0.81 -0.84 -0.91 -1.00 -1.09 -1.22 -1.38 -1.56 -1.72 -1.91 -2.16 -2.41 -2.66 -2.97 -3.31 -3.50 -3.69 -3.94 -4.41 -4.94 -5.50 -6.16 -6.75 -7.69 -8.34 -9.03 -9.88 -10.56 -11.34 -11.94 -12.44 -12.84 -13.28 -13.72 -14.16 -14.62 -15.09 -15.50 -15.94 -16.31 -16.62 -16.91 -17.22 -17.50 -17.75 -18.03 -18.28 -18.53 -18.75 -18.97 -19.25 -19.47 -19.66 -19.75 -19.84 -19.88 -19.94 -20.03 -20.09 -20.12 -20.06 -20.00 -19.94 -19.91 -19.88 -19.84 -19.81 -19.78 -19.75 -19.78 -19.81 -19.91 -20.00 -20.16 -20.19 -20.22 -20.16 -20.09 -20.06
-0.78 -0.81 -0.88 -0.94 -1.00 -1.09 -1.19 -1.31 -1.44 -1.53 -1.69 -1.88 -2.25 -2.66 -3.00 -3.09 -3.28 -3.69 -4.31 -4.75 -5.34 -5.97 -6.72 -7.34 -8.28 -8.88 -9.66 -10.41 -11.09 -11.72 -12.19 -12.66 -13.12 -13.56 -14.03 -14.50 -14.94 -15.38 -15.81 -16.12 -16.44 -16.78 -17.03 -17.31 -17.62 -17.88 -18.12 -18.38 -18.62 -18.88 -19.12 -19.31 -19.41 -19.47 -19.50 -19.59 -19.66 -19.75 -19.78 -19.78 -19.75 -19.66 -19.59 -19.50 -19.50 -19.50 -19.47 -19.47 -19.50 -19.53 -19.62 -19.66 -19.75 -19.88 -19.94 -20.00 -20.00 -19.91 -19.91
-0.78 -0.81 -0.81 -0.88 -0.91 -0.97 -1.03 -1.12 -1.19 -1.25 -1.34 -1.50 -1.72 -2.03 -2.53 -2.81 -3.00 -3.56 -3.94 -4.47 -5.12 -5.78 -6.47 -7.22 -8.03 -8.88 -9.53 -10.31 -10.91 -11.44 -12.03 -12.53 -13.00 -13.44 -13.94 -14.38 -14.81 -15.25 -15.59 -15.97 -16.28 -16.59 -16.91 -17.16 -17.41 -17.69 -17.97 -18.25 -18.50 -18.75 -18.94 -19.06 -19.09 -19.16 -19.22 -19.31 -19.38 -19.44 -19.50 -19.44 -19.41 -19.28 -19.22 -19.16 -19.16 -19.16 -19.19 -19.19 -19.25 -19.28 -19.38 -19.50 -19.59 -19.72 -19.78 -19.78 -19.75 -19.69 -19.72
-0.75 -0.78 -0.78 -0.78 -0.81 -0.84 -0.91 -0.94 -1.00 -1.03 -1.12 -1.25 -1.44 -1.69 -1.91 -2.19 -2.59 -3.16 -3.78 -4.38 -5.00 -5.69 -6.38 -7.16 -8.06 -8.75 -9.47 -10.06 -10.59 -11.25 -11.81 -12.34 -12.88 -13.34 -13.78 -14.19 -14.66 -15.00 -15.34 -15.78 -16.06 -16.44 -16.72 -16.94 -17.19 -17.50 -17.81 -18.06 -18.31 -18.56 -18.62 -18.69 -18.75 -18.81 -18.91 -19.00 -19.06 -19.09 -19.09 -19.12 -18.94 -18.84 -18.81 -18.84 -18.84 -18.91 -18.94 -18.97 -19.06 -19.12 -19.19 -19.31 -19.44 -19.56 -19.56 -19.56 -19.50 -19.53 -19.56
-0.75 -0.75 -0.75 -0.72 -0.75 -0.75 -0.78 -0.81 -0.84 -0.91 -1.00 -1.12 -1.28 -1.47 -1.69 -1.94 -2.34 -2.91 -3.62 -4.34 -5.00 -5.72 -6.47 -7.16 -7.81 -8.53 -9.22 -9.75 -10.41 -11.03 -11.56 -12.16 -12.69 -13.22 -13.62 -14.03 -14.44 -14.75 -15.16 -15.56 -15.94 -16.16 -16.47 -16.69 -16.97 -17.31 -17.62 -17.88 -18.12 -18.22 -18.28 -18.31 -18.38 -18.47 -18.59 -18.69 -18.72 -18.78 -18.75 -18.72 -18.59 -18.53 -18.50 -18.53 -18.56 -18.59 -18.69 -18.78 -18.88 -18.97 -19.06 -19.19 -19.31 -19.34 -19.34 -19.31 -19.34 -19.34 -19.38
-0.75 -0.72 -0.72 -0.69 -0.66 -0.66 -0.69 -0.69 -0.75 -0.78 -0.91 -1.06 -1.22 -1.44 -1.69 -2.00 -2.38 -2.91 -3.59 -4.25 -4.94 -5.66 -6.41 -7.03 -7.72 -8.41 -8.94 -9.56 -10.28 -10.81 -11.47 -12.06 -12.53 -13.03 -13.38 -13.81 -14.22 -14.56 -14.91 -15.34 -15.62 -15.94 -16.25 -16.53 -16.81 -17.12 -17.47 -17.66 -17.78 -17.84 -17.91 -17.97 -18.00 -18.09 -18.28 -18.31 -18.34 -18.41 -18.41 -18.34 -18.31 -18.28 -18.25 -18.25 -18.31 -18.34 -18.41 -18.50 -18.59 -18.72 -18.88 -19.06 -19.16 -19.19 -19.19 -19.16 -19.16 -19.22 -19.19
-0.78 -0.75 -0.69 -0.66 -0.62 -0.62 -0.62 -0.62 -0.66 -0.75 -0.88 -1.06 -1.25 -1.47 -1.75 -2.06 -2.47 -2.97 -3.56 -4.19 -4.88 -5.56 -6.25 -6.94 -7.56 -8.19 -8.81 -9.47 -10.00 -10.62 -11.31 -11.78 -12.34 -12.75 -13.16 -13.56 -14.00 -14.34 -14.69 -15.19 -15.41 -15.69 -16.03 -16.34 -16.69 -16.94 -17.19 -17.31 -17.41 -17.47 -17.53 -17.56 -17.62 -17.62 -17.78 -17.84 -17.91 -17.97 -17.94 -18.00 -18.00 -17.97 -17.97 -17.97 -18.00 -18.09 -18.19 -18.28 -18.41 -18.53 -18.72 -18.88 -18.97 -19.00 -19.00 -18.97 -19.00 -19.00 -19.03
-0.81 -0.81 -0.75 -0.69 -0.62 -0.59 -0.59 -0.59 -0.62 -0.72 -0.88 -1.06 -1.28 -1.53 -1.81 -2.16 -2.56 -3.03 -3.53 -4.12 -4.78 -5.44 -6.09 -6.75 -7.38 -8.00 -8.59 -9.22 -9.81 -10.47 -11.03 -11.56 -12.06 -12.56 -12.94 -13.31 -13.81 -14.09 -14.53 -14.84 -15.19 -15.53 -15.84 -16.19 -16.50 -16.69 -16.84 -16.94 -17.00 -17.03 -17.09 -17.12 -17.12 -17.16 -17.19 -17.31 -17.44 -17.59 -17.56 -17.56 -17.59 -17.66 -17.69 -17.72 -17.75 -17.84 -17.97 -18.06 -18.25 -18.38 -18.53 -18.69 -18.78 -18.81 -18.81 -18.75 -18.78 -18.78 -18.84
-0.84 -0.84 -0.81 -0.75 -0.69 -0.62 -0.56 -0.59 -0.62 -0.72 -0.88 -1.06 -1.28 -1.53 -1.84 -2.19 -2.59 -3.03 -3.50 -4.03 -4.62 -5.28 -5.91 -6.56 -7.19 -7.78 -8.41 -9.03 -9.62 -10.22 -10.78 -11.34 -11.84 -12.34 -12.69 -13.12 -13.53 -13.94 -14.28 -14.62 -15.00 -15.31 -15.66 -15.97 -16.19 -16.34 -16.44 -16.50 -16.53 -16.59 -16.66 -16.62 -16.62 -16.66 -16.69 -16.81 -17.03 -17.09 -17.12 -17.16 -17.19 -17.28 -17.38 -17.44 -17.47 -17.59 -17.75 -17.88 -18.03 -18.25 -18.34 -18.47 -18.56 -18.62 -18.66 -18.59 -18.59 -18.62 -18.66
-0.88 -0.91 -0.91 -0.84 -0.78 -0.72 -0.66 -0.66 -0.69 -0.78 -0.88 -1.06 -1.28 -1.56 -1.88 -2.19 -2.56 -3.00 -3.44 -3.94 -4.53 -5.12 -5.75 -6.38 -6.97 -7.56 -8.19 -8.81 -9.41 -9.97 -10.59 -11.06 -11.53 -12.03 -12.50 -12.88 -13.28 -13.69 -14.09 -14.50 -14.84 -15.12 -15.44 -15.66 -15.81 -15.94 -16.00 -16.03 -16.03 -16.12 -16.12 -16.16 -16.16 -16.16 -16.22 -16.34 -16.53 -16.56 -16.72 -16.72 -16.81 -16.88 -16.94 -17.06 -17.22 -17.38 -17.56 -17.69 -17.88 -18.00 -18.12 -18.25 -18.34 -18.41 -18.47 -18.44 -18.44 -18.47 -18.53
-0.84 -0.91 -0.94 -0.94 -0.91 -0.84 -0.78 -0.78 -0.78 -0.84 -0.94 -1.09 -1.28 -1.53 -1.84 -2.16 -2.53 -2.94 -3.38 -3.84 -4.41 -5.00 -5.59 -6.19 -6.78 -7.38 -8.00 -8.62 -9.19 -9.78 -10.34 -10.88 -11.38 -11.94 -12.28 -12.69 -13.06 -13.56 -13.91 -14.25 -14.56 -14.84 -15.12 -15.28 -15.44 -15.50 -15.53 -15.53 -15.53 -15.53 -15.56 -15.66 -15.62 -15.69 -15.75 -15.94 -16.00 -16.09 -16.22 -16.34 -16.44 -16.50 -16.59 -16.75 -17.00 -17.12 -17.34 -17.47 -17.62 -17.75 -17.88 -18.00 -18.12 -18.22 -18.25 -18.25 -18.28 -18.31 -18.41
-0.81 -0.88 -0.94 -0.94 -0.94 -0.94 -0.91 -0.88 -0.91 -0.94 -1.03 -1.16 -1.31 -1.53 -1.81 -2.12 -2.50 -2.88 -3.31 -3.78 -4.31 -4.88 -5.44 -6.00 -6.62 -7.22 -7.84 -8.41 -9.03 -9.62 -10.19 -10.72 -11.25 -11.69 -12.09 -12.53 -13.00 -13.34 -13.69 -14.00 -14.28 -14.56 -14.72 -14.94 -15.00 -15.06 -15.03 -15.03 -15.06 -15.00 -15.06 -15.06 -15.12 -15.19 -15.34 -15.44 -15.56 -15.69 -15.88 -15.94 -16.06 -16.16 -16.28 -16.44 -16.66 -16.91 -17.03 -17.22 -17.34 -17.50 -17.66 -17.75 -17.91 -18.00 -18.03 -18.09 -18.12 -18.22 -18.28
-0.69 -0.78 -0.88 -0.94 -0.97 -0.97 -0.97 -0.97 -1.00 -1.03 -1.09 -1.22 -1.38 -1.56 -1.81 -2.12 -2.47 -2.84 -3.28 -3.72 -4.22 -4.75 -5.31 -5.91 -6.50 -7.09 -7.69 -8.28 -8.88 -9.47 -10.03 -10.56 -11.09 -11.53 -11.97 -12.38 -12.78 -13.16 -13.41 -13.69 -13.97 -14.12 -14.31 -14.44 -14.53 -14.56 -14.50 -14.53 -14.44 -14.38 -14.41 -14.47 -14.56 -14.69 -14.81 -15.00 -15.09 -15.28 -15.44 -15.59 -15.69 -15.84 -16.00 -16.16 -16.41 -16.56 -16.78 -16.94 -17.06 -17.22 -17.38 -17.53 -17.66 -17.78 -17.84 -17.91 -18.03 -18.12 -18.22
-0.56 -0.66 -0.75 -0.84 -0.94 -0.97 -1.00 -1.03 -1.06 -1.09 -1.19 -1.28 -1.44 -1.62 -1.88 -2.16 -2.47 -2.84 -3.25 -3.66 -4.12 -4.66 -5.22 -5.78 -6.38 -6.94 -7.53 -8.12 -8.75 -9.31 -9.88 -10.44 -10.91 -11.38 -11.81 -12.19 -12.59 -12.81 -13.09 -13.31 -13.62 -13.72 -13.84 -13.97 -14.03 -14.06 -14.00 -13.94 -13.81 -13.75 -13.75 -13.84 -14.03 -14.22 -14.31 -14.47 -14.69 -14.94 -15.12 -15.25 -15.38 -15.53 -15.69 -15.88 -16.06 -16.25 -16.44 -16.66 -16.75 -16.91 -17.12 -17.31 -17.41 -17.53 -17.66 -17.78 -17.91 -18.03 -18.19
-0.41 -0.50 -0.59 -0.69 -0.78 -0.91 -0.97 -1.03 -1.06 -1.12 -1.22 -1.34 -1.50 -1.69 -1.91 -2.19 -2.47 -2.81 -3.22 -3.62 -4.06 -4.59 -5.12 -5.69 -6.25 -6.81 -7.41 -8.00 -8.59 -9.16 -9.72 -10.22 -10.72 -11.16 -11.59 -11.94 -12.19 -12.44 -12.69 -12.94 -13.16 -13.25 -13.38 -13.47 -13.53 -13.50 -13.41 -13.34 -13.19 -13.19 -13.19 -13.34 -13.50 -13.66 -13.81 -13.97 -14.34 -14.59 -14.75 -14.91 -15.03 -15.22 -15.41 -15.53 -15.75 -15.91 -16.12 -16.25 -16.41 -16.59 -16.88 -17.03 -17.12 -17.31 -17.47 -17.66 -17.81 -18.00 -18.19
-0.25 -0.34 -0.44 -0.53 -0.62 -0.75 -0.84 -0.97 -1.06 -1.16 -1.25 -1.34 -1.50 -1.72 -1.94 -2.19 -2.47 -2.81 -3.19 -3.56 -3.97 -4.47 -5.00 -5.53 -6.09 -6.66 -7.25 -7.84 -8.41 -8.97 -9.50 -10.00 -10.47 -10.88 -11.28 -11.56 -11.84 -12.06 -12.34 -12.50 -12.62 -12.78 -12.91 -13.03 -13.03 -12.97 -12.84 -12.75 -12.62 -12.62 -12.69 -12.81 -13.09 -13.12 -13.28 -13.53 -14.00 -14.12 -14.31 -14.50 -14.72 -14.91 -15.06 -15.22 -15.41 -15.59 -15.72 -15.94 -16.12 -16.31 -16.56 -16.72 -16.88 -17.06 -17.31 -17.53 -17.75 -17.97 -18.19
-0.12 -0.19 -0.28 -0.38 -0.47 -0.56 -0.69 -0.81 -0.94 -1.06 -1.22 -1.34 -1.50 -1.69 -1.91 -2.16 -2.44 -2.75 -3.09 -3.47 -3.84 -4.31 -4.81 -5.34 -5.91 -6.47 -7.06 -7.62 -8.19 -8.72 -9.22 -9.69 -10.12 -10.53 -10.88 -11.16 -11.44 -11.69 -11.88 -12.03 -12.16 -12.34 -12.50 -12.53 -12.47 -12.44 -12.28 -12.12 -12.06 -12.09 -12.06 -12.25 -12.44 -12.56 -12.72 -13.03 -13.28 -13.53 -13.84 -14.19 -14.41 -14.53 -14.72 -14.84 -15.03 -15.22 -15.41 -15.62 -15.84 -16.09 -16.22 -16.38 -16.62 -16.88 -17.16 -17.44 -17.66 -17.94 -18.12
0.00 -0.06 -0.12 -0.22 -0.28 -0.41 -0.50 -0.62 -0.75 -0.91 -1.06 -1.25 -1.41 -1.62 -1.81 -2.06 -2.34 -2.62 -2.94 -3.31 -3.69 -4.09 -4.56 -5.09 -5.62 -6.19 -6.75 -7.34 -7.91 -8.41 -8.91 -9.34 -9.75 -10.12 -10.44 -10.75 -11.00 -11.22 -11.38 -11.56 -11.69 -11.94 -11.97 -12.03 -11.91 -11.81 -11.78 -11.56 -11.47 -11.44 -11.50 -11.75 -11.84 -12.00 -12.19 -12.44 -12.66 -12.94 -13.41 -13.75 -13.94 -14.12 -14.31 -14.56 -14.75 -14.88 -15.12 -15.34 -15.56 -15.72 -15.88 -16.09 -16.41 -16.69 -17.00 -17.25 -17.53 -17.81 -18.06
0.12 0.09 0.03 -0.06 -0.12 -0.22 -0.31 -0.44 -0.56 -0.72 -0.88 -1.06 -1.25 -1.44 -1.69 -1.91 -2.16 -2.44 -2.75 -3.09 -3.47 -3.84 -4.31 -4.81 -5.31 -5.88 -6.41 -6.97 -7.50 -8.03 -8.53 -8.94 -9.34 -9.69 -9.97 -10.28 -10.50 -10.72 -10.91 -11.06 -11.22 -11.44 -11.50 -11.50 -11.34 -11.25 -11.22 -11.06 -10.97 -10.91 -11.06 -11.19 -11.22 -11.44 -11.62 -11.84 -12.09 -12.44 -12.88 -13.31 -13.53 -13.75 -13.97 -14.25 -14.41 -14.62 -14.84 -15.09 -15.22 -15.41 -15.59 -15.88 -16.19 -16.53 -16.78 -17.09 -17.38 -17.69 -17.97
0.25 0.19 0.16 0.09 0.03 -0.06 -0.16 -0.25 -0.38 -0.50 -0.66 -0.84 -1.03 -1.22 -1.44 -1.66 -1.94 -2.22 -2.53 -2.84 -3.22 -3.59 -4.00 -4.47 -4.97 -5.47 -6.03 -6.56 -7.09 -7.59 -8.06 -8.50 -8.84 -9.19 -9.47 -9.75 -9.97 -10.19 -10.38 -10.56 -10.72 -10.88 -10.97 -11.00 -10.88 -10.72 -10.62 -10.44 -10.34 -10.38 -10.50 -10.56 -10.59 -10.75 -11.03 -11.34 -11.56 -11.94 -12.56 -12.72 -13.03 -13.34 -13.69 -13.84 -14.12 -14.34 -14.56 -14.72 -14.94 -15.12 -15.38 -15.69 -16.03 -16.31 -16.66 -16.94 -17.25 -17.53 -17.81
0.34 0.31 0.28 0.22 0.16 0.09 0.03 -0.06 -0.19 -0.31 -0.44 -0.59 -0.78 -0.97 -1.16 -1.41 -1.66 -1.94 -2.25 -2.56 -2.94 -3.31 -3.72 -4.12 -4.56 -5.06 -5.53 -6.06 -6.56 -7.06 -7.53 -7.97 -8.34 -8.66 -8.94 -9.22 -9.44 -9.66 -9.84 -10.03 -10.19 -10.34 -10.44 -10.44 -10.34 -10.22 -10.09 -9.84 -9.81 -9.94 -9.88 -9.94 -10.06 -10.25 -10.50 -10.81 -11.16 -11.53 -11.97 -12.28 -12.62 -13.09 -13.31 -13.59 -13.78 -14.09 -14.22 -14.41 -14.62 -14.91 -15.19 -15.50 -15.81 -16.12 -16.47 -16.78 -17.09 -17.38 -17.69
0.44 0.41 0.38 0.34 0.31 0.25 0.19 0.09 0.00 -0.12 -0.25 -0.41 -0.56 -0.75 -0.94 -1.12 -1.38 -1.62 -1.97 -2.28 -2.66 -3.00 -3.38 -3.75 -4.12 -4.56 -5.03 -5.50 -6.00 -6.47 -6.94 -7.38 -7.78 -8.09 -8.41 -8.66 -8.88 -9.09 -9.31 -9.50 -9.66 -9.78 -9.88 -9.84 -9.69 -9.53 -9.38 -9.28 -9.47 -9.47 -9.41 -9.44 -9.56 -9.72 -10.00 -10.34 -10.66 -11.22 -11.56 -11.94 -12.28 -12.59 -13.00 -13.22 -13.44 -13.66 -13.88 -14.12 -14.41 -14.69 -15.00 -15.31 -15.66 -16.00 -16.28 -16.59 -16.91 -17.22 -17.53
0.53 0.53 0.50 0.47 0.44 0.38 0.31 0.25 0.16 0.03 -0.06 -0.22 -0.38 -0.53 -0.72 -0.91 -1.12 -1.38 -1.66 -2.00 -2.31 -2.66 -3.00 -3.34 -3.69 -4.06 -4.50 -4.94 -5.38 -5.84 -6.31 -6.75 -7.16 -7.50 -7.81 -8.09 -8.31 -8.53 -8.75 -8.94 -9.09 -9.22 -9.28 -9.22 -9.06 -8.91 -8.81 -8.78 -8.91 -9.00 -9.00 -9.00 -9.09 -9.25 -9.56 -9.88 -10.34 -10.91 -11.25 -11.78 -11.91 -12.28 -12.59 -12.88 -13.09 -13.28 -13.56 -13.88 -14.22 -14.53 -14.84 -15.16 -15.47 -15.81 -16.12 -16.41 -16.72 -17.03 -17.28
0.69 0.62 0.62 0.62 0.59 0.53 0.50 0.41 0.31 0.22 0.09 -0.03 -0.19 -0.34 -0.50 -0.69 -0.91 -1.12 -1.38 -1.66 -1.97 -2.28 -2.59 -2.91 -3.25 -3.59 -3.94 -4.34 -4.78 -5.22 -5.69 -6.09 -6.50 -6.88 -7.19 -7.47 -7.72 -7.94 -8.16 -8.34 -8.50 -8.59 -8.66 -8.59 -8.50 -8.38 -8.31 -8.31 -8.44 -8.56 -8.59 -8.59 -8.69 -8.91 -9.31 -9.66 -10.12 -10.50 -11.03 -11.25 -11.50 -11.88 -12.31 -12.56 -12.72 -13.03 -13.34 -13.72 -14.06 -14.38 -14.69 -15.00 -15.25 -15.59 -15.88 -16.22 -16.53 -16.78 -17.03
0.97 0.91 0.81 0.78 0.75 0.69 0.66 0.56 0.47 0.38 0.25 0.12 0.00 -0.16 -0.31 -0.50 -0.69 -0.88 -1.09 -1.34 -1.59 -1.88 -2.19 -2.50 -2.81 -3.16 -3.50 -3.84 -4.22 -4.62 -5.03 -5.47 -5.84 -6.22 -6.53 -6.84 -7.12 -7.34 -7.56 -7.72 -7.88 -7.97 -8.00 -7.97 -7.91 -7.84 -7.84 -7.91 -8.06 -8.19 -8.22 -8.25 -8.34 -8.56 -8.88 -9.34 -9.75 -10.25 -10.50 -10.81 -11.16 -11.69 -11.84 -12.12 -12.44 -12.78 -13.19 -13.53 -13.84 -14.19 -14.50 -14.78 -15.06 -15.34 -15.66 -15.94 -16.22 -16.50 -16.72
0.97 0.94 0.91 0.88 0.88 0.84 0.78 0.72 0.62 0.53 0.44 0.31 0.16 0.03 -0.12 -0.28 -0.47 -0.66 -0.84 -1.03 -1.28 -1.50 -1.78 -2.09 -2.41 -2.72 -3.06 -3.41 -3.72 -4.06 -4.47 -4.84 -5.22 -5.56 -5.91 -6.19 -6.50 -6.75 -6.94 -7.12 -7.25 -7.34 -7.41 -7.38 -7.38 -7.34 -7.41 -7.53 -7.69 -7.84 -7.88 -7.91 -8.03 -8.22 -8.56 -9.00 -9.47 -9.78 -10.12 -10.47 -10.94 -11.12 -11.44 -11.84 -12.25 -12.59 -12.94 -13.34 -13.72 -14.00 -14.31 -14.56 -14.84 -15.12 -15.38 -15.69 -15.91 -16.16 -16.38
0.97 0.97 0.94 0.94 0.94 0.91 0.88 0.81 0.75 0.69 0.59 0.47 0.34 0.19 0.03 -0.12 -0.25 -0.44 -0.59 -0.78 -0.97 -1.19 -1.41 -1.69 -2.00 -2.31 -2.62 -2.97 -3.28 -3.59 -3.91 -4.28 -4.62 -4.94 -5.25 -5.56 -5.84 -6.09 -6.31 -6.50 -6.62 -6.72 -6.78 -6.81 -6.84 -6.88 -6.97 -7.12 -7.31 -7.44 -7.53 -7.66 -7.78 -7.97 -8.28 -8.75 -9.12 -9.53 -9.81 -10.22 -10.44 -10.75 -11.16 -11.59 -12.00 -12.41 -12.78 -13.16 -13.50 -13.84 -14.09 -14.34 -14.62 -14.88 -15.16 -15.38 -15.59 -15.81 -16.03
0.97 0.97 0.97 0.97 0.97 0.94 0.94 0.91 0.84 0.78 0.72 0.62 0.50 0.34 0.22 0.06 -0.09 -0.22 -0.38 -0.53 -0.69 -0.88 -1.09 -1.34 -1.62 -1.91 -2.22 -2.53 -2.81 -3.12 -3.44 -3.75 -4.03 -4.31 -4.59 -4.91 -5.19 -5.47 -5.69 -5.88 -6.00 -6.12 -6.19 -6.28 -6.34 -6.41 -6.53 -6.69 -6.88 -7.06 -7.22 -7.38 -7.56 -7.81 -8.09 -8.47 -8.88 -9.22 -9.53 -9.84 -10.19 -10.59 -11.00 -11.50 -12.00 -12.34 -12.69 -12.97 -13.28 -13.56 -13.88 -14.12 -14.38 -14.62 -14.84 -15.03 -15.25 -15.47 -15.69
0.97 0.97 0.97 0.97 0.97 0.97 0.94 0.94 0.91 0.88 0.81 0.75 0.62 0.50 0.38 0.25 0.09 -0.03 -0.19 -0.31 -0.47 -0.62 -0.81 -1.03 -1.28 -1.53 -1.81 -2.09 -2.38 -2.66 -2.97 -3.25 -3.53 -3.75 -3.97 -4.25 -4.53 -4.81 -5.06 -5.25 -5.38 -5.53 -5.62 -5.75 -5.84 -5.97 -6.12 -6.31 -6.53 -6.75 -6.97 -7.19 -7.44 -7.69 -8.00 -8.31 -8.62 -8.94 -9.34 -9.72 -10.12 -10.50 -10.94 -11.38 -11.78 -12.16 -12.44 -12.78 -13.03 -13.31 -13.59 -13.88 -14.16 -14.31 -14.50 -14.69 -14.88 -15.09 -15.34
0.97 0.97 0.97 0.97 0.97 0.97 0.97 0.94 0.94 0.94 0.88 0.84 0.75 0.66 0.53 0.41 0.28 0.12 0.00 -0.12 -0.25 -0.38 -0.56 -0.78 -1.00 -1.25 -1.50 -1.75 -2.00 -2.25 -2.53 -2.78 -3.03 -3.25 -3.47 -3.69 -3.94 -4.19 -4.44 -4.62 -4.78 -4.94 -5.09 -5.25 -5.38 -5.56 -5.75 -5.97 -6.22 -6.47 -6.75 -7.03 -7.31 -7.62 -7.91 -8.22 -8.56 -8.88 -9.28 -9.66 -10.09 -10.47 -10.84 -11.25 -11.59 -11.94 -12.25 -12.53 -12.81 -13.03 -13.31 -13.62 -13.84 -14.00 -14.12 -14.31 -14.53 -14.75 -15.00
0.97 0.97 0.97 0.97 0.97 0.97 0.97 0.97 0.97 0.94 0.94 0.88 0.84 0.75 0.66 0.53 0.44 0.31 0.19 0.06 -0.06 -0.19 -0.34 -0.53 -0.75 -0.97 -1.19 -1.41 -1.66 -1.88 -2.09 -2.31 -2.56 -2.78 -2.97 -3.19 -3.44 -3.66 -3.88 -4.06 -4.22 -4.38 -4.56 -4.75 -4.94 -5.16 -5.38 -5.62 -5.91 -6.22 -6.53 -6.88 -7.19 -7.53 -7.84 -8.19 -8.53 -8.91 -9.25 -9.62 -10.00 -10.38 -10.72 -11.06 -11.41 -11.72 -11.97 -12.25 -12.50 -12.78 -13.06 -13.31 -13.50 -13.62 -13.81 -13.97 -14.19 -14.41 -14.62
0.94 0.97 0.97 0.97 0.97 0.97 0.97 0.97 0.97 0.97 0.94 0.94 0.88 0.81 0.75 0.66 0.56 0.47 0.34 0.22 0.09 -0.03 -0.16 -0.34 -0.50 -0.72 -0.91 -1.12 -1.31 -1.53 -1.72 -1.91 -2.09 -2.31 -2.50 -2.72 -2.94 -3.16 -3.38 -3.56 -3.69 -3.88 -4.03 -4.25 -4.50 -4.75 -5.03 -5.31 -5.62 -5.97 -6.31 -6.69 -7.03 -7.41 -7.75 -8.09 -8.47 -8.81 -9.16 -9.47 -9.81 -10.19 -10.50 -10.84 -11.16 -11.44 -11.69 -11.97 -12.28 -12.53 -12.78 -12.97 -13.12 -13.25 -13.41 -13.59 -13.78 -14.03 -14.28
