everonasctiles/Tile[27,4].asc
ncols 128
nrows 128
xllcorner 0
yllcorner 0
cellsize 2.0
NODATA_value  -9999
[rows 96 to 127 of 128, columns 0 to 70 of 128]
-43.31 -43.34 -43.38 -43.38 -43.41 -43.41 -43.38 -43.38 -43.34 -43.34 -43.34 -43.34 -43.34 -43.34 -43.38 -43.41 -43.44 -43.44 -43.44 -43.47 -43.47 -43.47 -43.47 -43.47 -43.47 -43.47 -43.47 -43.47 -43.47 -43.47 -43.47 -43.47 -43.47 -43.47 -43.44 -43.44 -43.44 -43.41 -43.38 -43.38 -43.34 -43.34 -43.31 -43.31 -43.31 -43.28 -43.28 -43.28 -43.25 -43.22 -43.19 -43.16 -43.09 -43.06 -43.00 -42.91 -42.84 -42.78 -42.69 -42.62 -42.53 -42.47 -42.38 -42.28 -42.19 -42.06 -41.97 -41.84 -41.72 -41.56 -41.44
-43.31 -43.34 -43.34 -43.38 -43.38 -43.38 -43.34 -43.34 -43.31 -43.31 -43.31 -43.31 -43.31 -43.34 -43.38 -43.38 -43.41 -43.41 -43.44 -43.44 -43.44 -43.47 -43.47 -43.47 -43.47 -43.47 -43.44 -43.44 -43.44 -43.44 -43.44 -43.44 -43.44 -43.44 -43.44 -43.41 -43.41 -43.41 -43.38 -43.34 -43.34 -43.31 -43.31 -43.28 -43.28 -43.28 -43.25 -43.25 -43.22 -43.19 -43.16 -43.12 -43.09 -43.03 -42.97 -42.91 -42.81 -42.75 -42.66 -42.59 -42.50 -42.44 -42.34 -42.25 -42.16 -42.03 -41.94 -41.81 -41.69 -41.56 -41.44
-43.31 -43.31 -43.34 -43.34 -43.34 -43.34 -43.31 -43.31 -43.28 -43.28 -43.28 -43.28 -43.31 -43.31 -43.34 -43.38 -43.38 -43.41 -43.41 -43.41 -43.44 -43.44 -43.44 -43.44 -43.44 -43.44 -43.44 -43.41 -43.41 -43.41 -43.41 -43.41 -43.41 -43.41 -43.41 -43.41 -43.38 -43.38 -43.38 -43.34 -43.34 -43.31 -43.28 -43.28 -43.25 -43.25 -43.22 -43.22 -43.19 -43.16 -43.16 -43.09 -43.06 -43.00 -42.94 -42.88 -42.81 -42.72 -42.66 -42.56 -42.50 -42.41 -42.31 -42.22 -42.12 -42.00 -41.91 -41.78 -41.69 -41.56 -41.44
-43.28 -43.31 -43.31 -43.31 -43.31 -43.31 -43.31 -43.28 -43.28 -43.25 -43.25 -43.25 -43.28 -43.31 -43.34 -43.34 -43.38 -43.38 -43.38 -43.41 -43.41 -43.41 -43.44 -43.44 -43.44 -43.41 -43.41 -43.41 -43.41 -43.41 -43.41 -43.41 -43.41 -43.38 -43.38 -43.38 -43.38 -43.38 -43.34 -43.34 -43.31 -43.31 -43.28 -43.25 -43.25 -43.22 -43.22 -43.19 -43.19 -43.16 -43.12 -43.09 -43.06 -43.00 -42.94 -42.88 -42.81 -42.72 -42.62 -42.56 -42.47 -42.38 -42.28 -42.19 -42.06 -41.97 -41.88 -41.75 -41.66 -41.53 -41.41
-43.28 -43.28 -43.31 -43.31 -43.31 -43.28 -43.28 -43.25 -43.25 -43.22 -43.22 -43.25 -43.28 -43.28 -43.31 -43.34 -43.34 -43.34 -43.38 -43.38 -43.38 -43.41 -43.41 -43.41 -43.41 -43.41 -43.38 -43.38 -43.38 -43.38 -43.38 -43.38 -43.38 -43.38 -43.38 -43.34 -43.34 -43.34 -43.34 -43.31 -43.31 -43.28 -43.28 -43.25 -43.22 -43.22 -43.19 -43.19 -43.16 -43.12 -43.12 -43.09 -43.03 -43.00 -42.94 -42.88 -42.81 -42.72 -42.62 -42.56 -42.47 -42.34 -42.25 -42.16 -42.06 -41.94 -41.84 -41.75 -41.62 -41.50 -41.38
-43.25 -43.25 -43.28 -43.28 -43.28 -43.28 -43.25 -43.25 -43.22 -43.22 -43.22 -43.22 -43.25 -43.28 -43.28 -43.31 -43.31 -43.34 -43.34 -43.34 -43.38 -43.38 -43.38 -43.38 -43.38 -43.38 -43.38 -43.38 -43.34 -43.34 -43.34 -43.34 -43.34 -43.34 -43.34 -43.34 -43.34 -43.31 -43.31 -43.31 -43.28 -43.28 -43.25 -43.25 -43.22 -43.19 -43.19 -43.16 -43.16 -43.12 -43.09 -43.06 -43.03 -42.97 -42.94 -42.88 -42.78 -42.72 -42.62 -42.53 -42.44 -42.34 -42.25 -42.12 -42.03 -41.94 -41.84 -41.72 -41.59 -41.47 -41.34
-43.22 -43.25 -43.25 -43.25 -43.25 -43.25 -43.25 -43.22 -43.22 -43.19 -43.19 -43.22 -43.22 -43.25 -43.28 -43.28 -43.31 -43.31 -43.31 -43.34 -43.34 -43.34 -43.38 -43.38 -43.38 -43.34 -43.34 -43.34 -43.34 -43.34 -43.34 -43.34 -43.34 -43.34 -43.34 -43.31 -43.31 -43.31 -43.28 -43.28 -43.28 -43.25 -43.25 -43.22 -43.22 -43.19 -43.16 -43.16 -43.12 -43.09 -43.09 -43.06 -43.00 -42.97 -42.91 -42.84 -42.78 -42.69 -42.62 -42.53 -42.41 -42.31 -42.22 -42.12 -42.03 -41.91 -41.81 -41.69 -41.56 -41.44 -41.31
-43.19 -43.22 -43.22 -43.22 -43.22 -43.22 -43.22 -43.22 -43.19 -43.19 -43.19 -43.19 -43.22 -43.25 -43.25 -43.28 -43.28 -43.28 -43.31 -43.31 -43.34 -43.34 -43.34 -43.34 -43.34 -43.34 -43.34 -43.31 -43.31 -43.31 -43.31 -43.31 -43.31 -43.31 -43.31 -43.31 -43.28 -43.28 -43.25 -43.25 -43.25 -43.22 -43.22 -43.22 -43.19 -43.16 -43.16 -43.12 -43.09 -43.09 -43.06 -43.03 -43.00 -42.94 -42.88 -42.81 -42.75 -42.69 -42.59 -42.50 -42.41 -42.28 -42.19 -42.09 -42.00 -41.88 -41.78 -41.66 -41.53 -41.41 -41.28
-43.16 -43.19 -43.19 -43.22 -43.22 -43.22 -43.22 -43.19 -43.19 -43.16 -43.16 -43.19 -43.19 -43.22 -43.22 -43.25 -43.25 -43.28 -43.28 -43.31 -43.31 -43.31 -43.31 -43.31 -43.31 -43.31 -43.31 -43.31 -43.28 -43.28 -43.28 -43.28 -43.28 -43.28 -43.28 -43.28 -43.25 -43.25 -43.22 -43.22 -43.22 -43.22 -43.19 -43.19 -43.16 -43.16 -43.12 -43.12 -43.09 -43.06 -43.03 -43.00 -42.97 -42.91 -42.88 -42.81 -42.72 -42.66 -42.56 -42.47 -42.38 -42.28 -42.16 -42.06 -41.97 -41.84 -41.75 -41.62 -41.50 -41.38 -41.22
-43.12 -43.16 -43.16 -43.19 -43.19 -43.19 -43.19 -43.16 -43.16 -43.16 -43.12 -43.16 -43.16 -43.19 -43.19 -43.22 -43.22 -43.25 -43.25 -43.28 -43.28 -43.28 -43.28 -43.28 -43.28 -43.28 -43.28 -43.28 -43.28 -43.28 -43.28 -43.28 -43.28 -43.25 -43.25 -43.25 -43.22 -43.22 -43.19 -43.19 -43.19 -43.19 -43.19 -43.16 -43.16 -43.12 -43.12 -43.09 -43.06 -43.03 -43.00 -42.97 -42.94 -42.88 -42.84 -42.78 -42.69 -42.62 -42.56 -42.47 -42.38 -42.25 -42.16 -42.03 -41.94 -41.81 -41.69 -41.56 -41.44 -41.31 -41.19
-43.09 -43.09 -43.12 -43.12 -43.16 -43.16 -43.16 -43.16 -43.12 -43.12 -43.12 -43.12 -43.12 -43.16 -43.16 -43.19 -43.19 -43.22 -43.22 -43.25 -43.25 -43.25 -43.25 -43.25 -43.25 -43.25 -43.25 -43.25 -43.25 -43.25 -43.25 -43.25 -43.25 -43.22 -43.22 -43.22 -43.19 -43.19 -43.19 -43.16 -43.16 -43.16 -43.16 -43.16 -43.12 -43.09 -43.09 -43.06 -43.06 -43.03 -43.00 -42.94 -42.91 -42.84 -42.81 -42.75 -42.69 -42.62 -42.53 -42.44 -42.34 -42.25 -42.16 -42.03 -41.91 -41.78 -41.66 -41.53 -41.41 -41.28 -41.12
-43.06 -43.06 -43.09 -43.09 -43.12 -43.12 -43.12 -43.12 -43.09 -43.09 -43.09 -43.09 -43.09 -43.12 -43.12 -43.16 -43.16 -43.19 -43.19 -43.22 -43.22 -43.22 -43.22 -43.22 -43.22 -43.22 -43.22 -43.22 -43.22 -43.22 -43.22 -43.22 -43.22 -43.19 -43.19 -43.19 -43.16 -43.16 -43.16 -43.16 -43.16 -43.12 -43.12 -43.12 -43.09 -43.09 -43.06 -43.06 -43.03 -43.00 -42.97 -42.94 -42.88 -42.84 -42.78 -42.72 -42.66 -42.59 -42.53 -42.44 -42.34 -42.25 -42.12 -42.00 -41.88 -41.75 -41.62 -41.47 -41.34 -41.22 -41.06
-43.03 -43.03 -43.06 -43.06 -43.09 -43.09 -43.09 -43.09 -43.06 -43.06 -43.06 -43.06 -43.06 -43.09 -43.09 -43.12 -43.12 -43.16 -43.16 -43.19 -43.19 -43.19 -43.19 -43.19 -43.19 -43.19 -43.19 -43.19 -43.19 -43.19 -43.19 -43.19 -43.19 -43.16 -43.16 -43.16 -43.16 -43.12 -43.12 -43.12 -43.12 -43.12 -43.09 -43.09 -43.06 -43.06 -43.03 -43.03 -43.00 -42.97 -42.94 -42.91 -42.88 -42.81 -42.75 -42.69 -42.62 -42.56 -42.50 -42.41 -42.31 -42.22 -42.09 -41.97 -41.84 -41.72 -41.59 -41.44 -41.31 -41.16 -41.00
-43.00 -43.00 -43.03 -43.03 -43.06 -43.06 -43.06 -43.06 -43.06 -43.03 -43.03 -43.03 -43.03 -43.06 -43.06 -43.09 -43.09 -43.12 -43.12 -43.16 -43.16 -43.16 -43.16 -43.16 -43.16 -43.16 -43.16 -43.16 -43.16 -43.16 -43.12 -43.12 -43.12 -43.12 -43.12 -43.12 -43.12 -43.12 -43.12 -43.12 -43.09 -43.09 -43.09 -43.06 -43.06 -43.03 -43.03 -43.00 -42.97 -42.97 -42.94 -42.88 -42.84 -42.81 -42.75 -42.69 -42.62 -42.56 -42.47 -42.41 -42.28 -42.19 -42.06 -41.94 -41.84 -41.69 -41.56 -41.44 -41.28 -41.12 -40.94
-42.97 -42.97 -43.00 -43.00 -43.03 -43.03 -43.03 -43.03 -43.03 -43.03 -43.00 -43.00 -43.03 -43.03 -43.06 -43.06 -43.06 -43.09 -43.09 -43.09 -43.12 -43.12 -43.12 -43.12 -43.12 -43.12 -43.12 -43.12 -43.12 -43.09 -43.09 -43.09 -43.09 -43.09 -43.09 -43.12 -43.12 -43.09 -43.09 -43.09 -43.09 -43.06 -43.06 -43.03 -43.03 -43.00 -43.00 -42.97 -42.97 -42.94 -42.91 -42.88 -42.81 -42.78 -42.72 -42.66 -42.59 -42.53 -42.44 -42.38 -42.28 -42.16 -42.06 -41.94 -41.81 -41.69 -41.53 -41.41 -41.25 -41.06 -40.91
-42.94 -42.94 -42.97 -42.97 -43.00 -43.00 -43.00 -43.00 -43.00 -43.00 -43.00 -43.00 -43.00 -43.00 -43.03 -43.03 -43.03 -43.03 -43.06 -43.06 -43.09 -43.09 -43.09 -43.09 -43.09 -43.09 -43.09 -43.09 -43.09 -43.06 -43.06 -43.06 -43.06 -43.06 -43.06 -43.09 -43.09 -43.09 -43.06 -43.06 -43.06 -43.06 -43.03 -43.03 -43.00 -43.00 -42.97 -42.94 -42.94 -42.91 -42.88 -42.84 -42.81 -42.75 -42.69 -42.66 -42.56 -42.50 -42.44 -42.34 -42.25 -42.12 -42.03 -41.91 -41.78 -41.62 -41.50 -41.34 -41.19 -41.03 -40.84
-42.91 -42.94 -42.94 -42.94 -42.97 -42.97 -42.97 -42.97 -42.97 -42.97 -42.97 -42.97 -42.97 -42.97 -42.97 -43.00 -43.00 -43.00 -43.03 -43.03 -43.03 -43.06 -43.06 -43.06 -43.06 -43.06 -43.06 -43.06 -43.06 -43.03 -43.03 -43.03 -43.03 -43.03 -43.06 -43.06 -43.06 -43.06 -43.06 -43.03 -43.03 -43.03 -43.00 -43.00 -42.97 -42.97 -42.94 -42.91 -42.91 -42.88 -42.84 -42.81 -42.78 -42.72 -42.69 -42.62 -42.56 -42.47 -42.41 -42.31 -42.22 -42.12 -42.00 -41.88 -41.75 -41.59 -41.44 -41.31 -41.16 -40.97 -40.81
-42.88 -42.91 -42.91 -42.91 -42.94 -42.94 -42.94 -42.94 -42.94 -42.94 -42.94 -42.94 -42.94 -42.94 -42.94 -42.94 -42.97 -42.97 -42.97 -43.00 -43.00 -43.03 -43.03 -43.03 -43.03 -43.06 -43.03 -43.03 -43.03 -43.00 -43.00 -43.00 -43.00 -43.00 -43.03 -43.03 -43.03 -43.03 -43.03 -43.00 -43.00 -43.00 -42.97 -42.97 -42.94 -42.91 -42.91 -42.88 -42.88 -42.84 -42.81 -42.78 -42.75 -42.69 -42.66 -42.59 -42.53 -42.44 -42.38 -42.28 -42.19 -42.09 -41.97 -41.84 -41.69 -41.56 -41.41 -41.25 -41.09 -40.94 -40.78
-42.84 -42.88 -42.88 -42.88 -42.88 -42.88 -42.91 -42.91 -42.91 -42.91 -42.91 -42.91 -42.91 -42.91 -42.91 -42.91 -42.94 -42.94 -42.97 -42.97 -43.00 -43.00 -43.00 -43.00 -43.03 -43.03 -43.00 -43.00 -43.00 -42.97 -42.97 -42.97 -42.97 -42.97 -43.00 -43.00 -43.00 -43.00 -42.97 -42.97 -42.97 -42.94 -42.94 -42.91 -42.91 -42.88 -42.84 -42.84 -42.81 -42.78 -42.78 -42.75 -42.72 -42.66 -42.59 -42.53 -42.47 -42.41 -42.34 -42.25 -42.16 -42.03 -41.94 -41.81 -41.66 -41.53 -41.38 -41.22 -41.06 -40.88 -40.72
-42.81 -42.84 -42.84 -42.84 -42.84 -42.84 -42.84 -42.88 -42.88 -42.88 -42.88 -42.84 -42.88 -42.88 -42.88 -42.88 -42.91 -42.91 -42.94 -42.94 -42.97 -42.97 -42.97 -42.97 -43.00 -43.00 -42.97 -42.97 -42.97 -42.94 -42.94 -42.94 -42.94 -42.94 -42.94 -42.97 -42.97 -42.97 -42.94 -42.94 -42.94 -42.91 -42.91 -42.88 -42.88 -42.84 -42.81 -42.78 -42.78 -42.75 -42.72 -42.69 -42.66 -42.62 -42.56 -42.50 -42.44 -42.38 -42.28 -42.19 -42.09 -42.00 -41.88 -41.78 -41.62 -41.50 -41.34 -41.19 -41.00 -40.84 -40.69
-42.78 -42.81 -42.81 -42.81 -42.81 -42.81 -42.81 -42.81 -42.84 -42.84 -42.84 -42.84 -42.84 -42.84 -42.84 -42.88 -42.88 -42.88 -42.91 -42.91 -42.94 -42.94 -42.94 -42.94 -42.97 -42.97 -42.94 -42.94 -42.94 -42.91 -42.91 -42.91 -42.91 -42.91 -42.91 -42.94 -42.94 -42.94 -42.91 -42.91 -42.91 -42.88 -42.88 -42.84 -42.81 -42.81 -42.78 -42.75 -42.72 -42.69 -42.66 -42.66 -42.59 -42.56 -42.50 -42.44 -42.38 -42.31 -42.25 -42.16 -42.06 -41.94 -41.84 -41.72 -41.59 -41.44 -41.28 -41.12 -40.97 -40.81 -40.62
-42.75 -42.75 -42.78 -42.78 -42.78 -42.78 -42.78 -42.81 -42.81 -42.81 -42.81 -42.81 -42.81 -42.81 -42.81 -42.84 -42.84 -42.88 -42.88 -42.91 -42.91 -42.91 -42.91 -42.91 -42.94 -42.91 -42.91 -42.91 -42.91 -42.88 -42.88 -42.88 -42.88 -42.88 -42.88 -42.91 -42.91 -42.91 -42.91 -42.88 -42.88 -42.84 -42.84 -42.81 -42.78 -42.75 -42.72 -42.69 -42.66 -42.62 -42.62 -42.59 -42.56 -42.50 -42.47 -42.41 -42.34 -42.25 -42.19 -42.09 -42.00 -41.88 -41.78 -41.66 -41.53 -41.38 -41.25 -41.09 -40.91 -40.75 -40.59
-42.72 -42.72 -42.75 -42.75 -42.75 -42.75 -42.75 -42.78 -42.78 -42.78 -42.78 -42.78 -42.78 -42.78 -42.81 -42.81 -42.81 -42.84 -42.84 -42.88 -42.88 -42.88 -42.88 -42.91 -42.91 -42.88 -42.88 -42.88 -42.88 -42.84 -42.84 -42.84 -42.84 -42.84 -42.88 -42.88 -42.88 -42.88 -42.88 -42.84 -42.84 -42.81 -42.81 -42.78 -42.75 -42.72 -42.69 -42.66 -42.62 -42.59 -42.56 -42.53 -42.47 -42.44 -42.41 -42.34 -42.25 -42.19 -42.09 -42.00 -41.91 -41.81 -41.69 -41.59 -41.44 -41.31 -41.16 -41.00 -40.84 -40.69 -40.50
-42.69 -42.69 -42.69 -42.72 -42.72 -42.72 -42.72 -42.75 -42.75 -42.75 -42.75 -42.75 -42.75 -42.75 -42.78 -42.78 -42.81 -42.81 -42.84 -42.84 -42.88 -42.88 -42.88 -42.88 -42.88 -42.84 -42.84 -42.84 -42.84 -42.81 -42.81 -42.81 -42.81 -42.81 -42.84 -42.84 -42.84 -42.84 -42.84 -42.81 -42.81 -42.78 -42.78 -42.75 -42.72 -42.69 -42.66 -42.62 -42.56 -42.53 -42.50 -42.47 -42.41 -42.38 -42.31 -42.25 -42.19 -42.12 -42.03 -41.94 -41.84 -41.75 -41.62 -41.50 -41.38 -41.22 -41.06 -40.91 -40.75 -40.59 -40.44
-42.62 -42.66 -42.66 -42.66 -42.69 -42.69 -42.72 -42.72 -42.72 -42.72 -42.72 -42.72 -42.72 -42.72 -42.75 -42.75 -42.78 -42.78 -42.81 -42.81 -42.84 -42.84 -42.84 -42.84 -42.84 -42.81 -42.81 -42.81 -42.81 -42.78 -42.78 -42.78 -42.78 -42.78 -42.81 -42.81 -42.81 -42.81 -42.81 -42.78 -42.78 -42.75 -42.72 -42.72 -42.69 -42.66 -42.62 -42.56 -42.53 -42.47 -42.44 -42.41 -42.34 -42.31 -42.25 -42.19 -42.12 -42.03 -41.94 -41.84 -41.75 -41.66 -41.53 -41.41 -41.28 -41.12 -40.97 -40.81 -40.66 -40.50 -40.31
-42.59 -42.59 -42.62 -42.62 -42.66 -42.66 -42.69 -42.69 -42.69 -42.72 -42.72 -42.72 -42.72 -42.72 -42.72 -42.72 -42.72 -42.75 -42.78 -42.78 -42.81 -42.81 -42.81 -42.81 -42.81 -42.78 -42.78 -42.78 -42.75 -42.75 -42.75 -42.75 -42.75 -42.75 -42.78 -42.78 -42.78 -42.78 -42.75 -42.75 -42.72 -42.72 -42.69 -42.66 -42.66 -42.62 -42.56 -42.53 -42.50 -42.44 -42.41 -42.34 -42.31 -42.25 -42.19 -42.12 -42.03 -41.94 -41.88 -41.78 -41.69 -41.56 -41.44 -41.31 -41.19 -41.03 -40.88 -40.69 -40.53 -40.38 -40.22
-42.56 -42.56 -42.59 -42.59 -42.62 -42.62 -42.66 -42.66 -42.69 -42.69 -42.69 -42.69 -42.69 -42.69 -42.69 -42.69 -42.69 -42.72 -42.75 -42.75 -42.78 -42.78 -42.78 -42.78 -42.78 -42.75 -42.75 -42.75 -42.72 -42.72 -42.72 -42.72 -42.72 -42.75 -42.75 -42.75 -42.75 -42.75 -42.72 -42.72 -42.69 -42.69 -42.66 -42.62 -42.59 -42.56 -42.53 -42.50 -42.44 -42.41 -42.34 -42.31 -42.25 -42.19 -42.12 -42.06 -41.97 -41.88 -41.78 -41.69 -41.59 -41.47 -41.34 -41.22 -41.06 -40.91 -40.75 -40.59 -40.41 -40.25 -40.06
-42.50 -42.53 -42.56 -42.56 -42.59 -42.59 -42.62 -42.62 -42.66 -42.66 -42.66 -42.66 -42.66 -42.66 -42.66 -42.66 -42.69 -42.69 -42.72 -42.72 -42.75 -42.75 -42.75 -42.75 -42.75 -42.72 -42.72 -42.69 -42.69 -42.69 -42.69 -42.69 -42.72 -42.72 -42.72 -42.72 -42.72 -42.72 -42.69 -42.69 -42.66 -42.66 -42.62 -42.59 -42.56 -42.53 -42.50 -42.47 -42.41 -42.38 -42.31 -42.25 -42.22 -42.16 -42.06 -42.00 -41.91 -41.81 -41.72 -41.62 -41.50 -41.38 -41.25 -41.12 -40.97 -40.81 -40.66 -40.47 -40.28 -40.09 -39.94
-42.47 -42.50 -42.53 -42.53 -42.56 -42.56 -42.59 -42.59 -42.62 -42.62 -42.62 -42.62 -42.62 -42.62 -42.62 -42.62 -42.66 -42.66 -42.69 -42.69 -42.72 -42.72 -42.72 -42.72 -42.72 -42.69 -42.69 -42.69 -42.66 -42.66 -42.69 -42.69 -42.69 -42.69 -42.69 -42.69 -42.69 -42.69 -42.66 -42.66 -42.62 -42.62 -42.59 -42.56 -42.53 -42.50 -42.47 -42.41 -42.38 -42.31 -42.28 -42.22 -42.16 -42.09 -42.03 -41.94 -41.84 -41.75 -41.66 -41.56 -41.44 -41.31 -41.16 -41.03 -40.88 -40.72 -40.53 -40.34 -40.16 -39.97 -39.78
-42.44 -42.47 -42.47 -42.50 -42.53 -42.53 -42.56 -42.56 -42.59 -42.59 -42.59 -42.62 -42.62 -42.62 -42.62 -42.62 -42.62 -42.62 -42.66 -42.66 -42.69 -42.69 -42.69 -42.69 -42.69 -42.66 -42.66 -42.66 -42.66 -42.66 -42.66 -42.66 -42.66 -42.66 -42.66 -42.66 -42.66 -42.66 -42.66 -42.62 -42.62 -42.59 -42.56 -42.53 -42.50 -42.47 -42.44 -42.38 -42.34 -42.28 -42.22 -42.16 -42.09 -42.03 -41.97 -41.88 -41.78 -41.69 -41.59 -41.47 -41.34 -41.22 -41.06 -40.94 -40.78 -40.59 -40.41 -40.22 -40.03 -39.84 -39.66
-42.41 -42.44 -42.44 -42.47 -42.47 -42.50 -42.50 -42.53 -42.56 -42.56 -42.59 -42.59 -42.59 -42.59 -42.59 -42.59 -42.59 -42.59 -42.62 -42.62 -42.66 -42.66 -42.66 -42.66 -42.66 -42.66 -42.62 -42.62 -42.62 -42.62 -42.62 -42.62 -42.62 -42.62 -42.62 -42.62 -42.62 -42.62 -42.62 -42.59 -42.59 -42.56 -42.53 -42.50 -42.47 -42.44 -42.38 -42.34 -42.28 -42.22 -42.19 -42.12 -42.03 -41.97 -41.91 -41.81 -41.72 -41.62 -41.53 -41.41 -41.28 -41.12 -40.97 -40.81 -40.66 -40.47 -40.31 -40.12 -39.91 -39.72 -39.50
-42.38 -42.38 -42.41 -42.44 -42.44 -42.47 -42.47 -42.50 -42.53 -42.53 -42.56 -42.56 -42.56 -42.56 -42.56 -42.56 -42.56 -42.56 -42.59 -42.59 -42.62 -42.62 -42.62 -42.62 -42.62 -42.62 -42.59 -42.59 -42.59 -42.62 -42.62 -42.62 -42.59 -42.59 -42.59 -42.59 -42.59 -42.59 -42.56 -42.56 -42.56 -42.53 -42.50 -42.47 -42.44 -42.38 -42.34 -42.28 -42.25 -42.19 -42.12 -42.06 -41.97 -41.91 -41.81 -41.75 -41.66 -41.56 -41.44 -41.31 -41.19 -41.03 -40.88 -40.72 -40.53 -40.38 -40.19 -39.97 -39.78 -39.59 -39.38
