everonasctiles/Tile20,9.asc
ncols 128
nrows 128
xllcorner 0
yllcorner 0
cellsize 2.0
NODATA_value  -9999
[rows 0 to 31 of 128, columns 0 to 70 of 128]
-9.22 -9.31 -9.50 -9.34 -9.25 -9.31 -9.34 -9.28 -9.41 -9.38 -9.44 -9.56 -9.62 -9.53 -9.41 -9.28 -9.59 -9.56 -9.44 -9.28 -9.16 -9.16 -9.25 -9.19 -8.94 -8.94 -9.12 -9.25 -9.31 -9.31 -9.38 -9.59 -9.84 -10.09 -9.88 -10.00 -10.22 -10.41 -10.56 -10.75 -11.09 -11.34 -11.53 -11.75 -11.44 -11.88 -12.31 -12.50 -12.62 -12.75 -13.06 -12.84 -13.25 -13.56 -14.00 -14.03 -14.75 -15.28 -15.59 -15.72 -16.16 -16.56 -17.03 -17.47 -17.62 -18.44 -18.50 -18.66 -19.34 -19.78 -19.91
-9.28 -9.09 -9.25 -9.16 -9.50 -9.31 -9.31 -9.34 -9.28 -9.16 -8.94 -9.25 -9.44 -9.34 -9.19 -9.22 -9.34 -9.44 -9.41 -9.28 -8.88 -8.94 -9.03 -8.91 -8.94 -8.97 -9.06 -9.31 -9.47 -9.47 -9.56 -9.56 -9.66 -9.84 -9.66 -9.78 -9.88 -10.06 -10.34 -10.62 -10.97 -11.16 -11.25 -11.41 -11.34 -11.75 -12.09 -12.44 -12.62 -12.75 -13.06 -13.06 -13.38 -13.56 -13.84 -14.09 -14.62 -15.47 -15.78 -15.97 -16.22 -16.75 -17.19 -17.56 -17.72 -18.22 -18.56 -18.72 -19.81 -20.19 -20.28
-9.00 -8.94 -9.06 -9.25 -9.22 -8.94 -9.06 -9.16 -9.16 -9.09 -9.00 -8.94 -8.91 -8.94 -8.97 -8.84 -9.19 -9.28 -9.31 -9.16 -8.91 -8.84 -8.91 -9.19 -9.19 -9.12 -9.25 -9.19 -9.22 -9.44 -9.59 -9.69 -9.69 -9.78 -9.53 -9.81 -9.94 -10.09 -10.41 -10.44 -10.81 -10.94 -11.16 -11.34 -11.16 -11.47 -12.12 -12.19 -12.72 -12.91 -12.91 -12.78 -13.06 -13.41 -13.50 -14.66 -14.97 -15.72 -15.91 -16.06 -16.22 -16.75 -17.28 -17.62 -17.97 -18.41 -18.62 -19.03 -20.00 -20.16 -20.91
-8.22 -8.44 -8.81 -8.84 -8.72 -8.91 -8.84 -9.00 -9.12 -9.06 -8.97 -9.09 -9.19 -9.09 -9.09 -9.16 -9.12 -9.03 -9.00 -8.94 -8.84 -8.59 -8.88 -9.06 -9.22 -9.12 -9.31 -9.16 -9.12 -9.38 -9.59 -9.66 -9.72 -9.78 -9.59 -9.88 -10.03 -10.19 -10.41 -10.38 -10.78 -10.94 -11.12 -11.28 -11.25 -11.50 -11.94 -12.12 -12.62 -12.69 -12.91 -13.22 -13.34 -13.75 -14.06 -14.66 -15.00 -15.56 -15.97 -15.88 -16.47 -16.75 -17.25 -17.81 -18.53 -18.78 -19.25 -19.44 -20.06 -20.47 -21.12
-8.22 -8.31 -8.66 -8.72 -8.88 -8.78 -8.78 -8.94 -8.81 -8.72 -8.59 -8.88 -8.97 -9.12 -9.00 -8.91 -9.00 -8.88 -9.12 -9.22 -9.22 -9.03 -8.81 -8.84 -9.12 -9.28 -9.31 -9.25 -9.34 -9.50 -9.59 -9.66 -9.66 -9.72 -9.31 -9.88 -10.12 -10.34 -10.59 -10.44 -10.56 -10.91 -11.19 -11.34 -11.44 -11.84 -11.97 -12.25 -12.56 -12.91 -13.28 -13.34 -13.25 -13.91 -14.50 -14.44 -14.94 -15.00 -15.34 -16.09 -16.94 -17.16 -17.44 -17.78 -18.44 -18.62 -19.28 -19.16 -19.78 -20.62 -21.50
-8.03 -8.28 -8.38 -8.69 -8.66 -8.62 -8.84 -8.88 -8.56 -8.53 -8.78 -8.91 -8.81 -8.78 -8.97 -8.91 -9.28 -9.22 -9.31 -9.28 -9.16 -9.03 -8.78 -8.81 -8.91 -8.97 -9.09 -9.09 -9.22 -9.34 -9.47 -9.44 -9.44 -9.53 -9.50 -10.09 -10.47 -10.69 -10.62 -10.78 -10.56 -10.78 -10.88 -11.16 -11.62 -11.78 -11.94 -12.50 -12.62 -12.94 -13.25 -13.34 -13.66 -13.94 -14.53 -14.75 -14.81 -15.22 -15.59 -16.19 -17.09 -17.34 -17.75 -17.88 -18.44 -18.69 -19.38 -19.38 -19.84 -20.62 -21.28
-7.91 -7.97 -8.38 -8.41 -8.66 -9.03 -9.22 -9.00 -8.88 -9.00 -8.97 -8.84 -8.72 -8.91 -9.00 -8.94 -9.16 -9.16 -9.31 -9.31 -9.16 -9.12 -8.91 -8.88 -8.84 -8.75 -8.88 -8.97 -8.97 -9.19 -9.19 -9.31 -9.50 -9.66 -9.62 -10.19 -10.38 -10.56 -10.69 -10.69 -10.41 -10.81 -11.06 -11.59 -12.00 -12.12 -12.19 -12.44 -12.62 -12.75 -13.50 -13.84 -13.91 -14.03 -14.41 -14.88 -15.09 -15.31 -15.72 -16.31 -16.97 -17.38 -17.94 -18.28 -18.38 -18.94 -19.44 -19.97 -20.47 -20.72 -21.38
-7.47 -7.56 -8.22 -8.75 -8.97 -9.03 -9.06 -9.00 -8.81 -8.88 -8.81 -8.84 -8.78 -8.75 -9.09 -9.25 -9.31 -9.44 -9.38 -9.34 -9.03 -9.00 -9.09 -8.94 -8.88 -8.75 -9.03 -9.00 -9.09 -9.16 -9.19 -9.44 -9.53 -9.75 -9.66 -10.00 -10.22 -10.41 -10.72 -10.69 -10.59 -11.34 -11.66 -11.94 -12.00 -11.97 -12.25 -12.69 -12.88 -12.81 -13.78 -14.00 -14.00 -13.91 -14.75 -15.22 -15.41 -15.53 -15.94 -16.22 -16.56 -17.16 -17.66 -18.22 -18.12 -18.47 -18.91 -19.75 -20.72 -20.22 -21.03
-7.38 -7.31 -7.69 -8.28 -8.47 -8.59 -8.56 -8.53 -8.84 -8.91 -8.41 -8.31 -8.56 -8.88 -9.28 -9.19 -9.22 -9.25 -9.22 -9.09 -8.84 -8.81 -8.84 -9.06 -9.09 -9.09 -9.09 -8.88 -8.91 -9.25 -9.38 -9.62 -9.78 -10.00 -9.91 -10.34 -10.59 -10.75 -10.75 -10.53 -10.94 -11.56 -11.75 -11.94 -12.09 -11.88 -12.56 -12.84 -13.12 -13.22 -13.91 -14.34 -14.38 -14.31 -14.94 -15.31 -15.47 -15.94 -16.22 -16.44 -16.75 -17.34 -17.97 -18.44 -18.09 -18.19 -19.09 -19.50 -19.91 -20.19 -20.81
-7.94 -7.75 -8.19 -8.50 -8.50 -8.31 -8.28 -8.38 -8.62 -8.81 -8.72 -8.75 -8.53 -8.66 -8.94 -8.97 -9.03 -9.03 -9.09 -8.97 -8.75 -8.66 -8.75 -8.94 -9.22 -9.09 -9.03 -9.06 -8.94 -9.22 -9.28 -9.59 -9.88 -10.22 -10.16 -10.62 -10.59 -10.72 -10.91 -10.91 -10.91 -11.62 -11.88 -12.09 -12.25 -12.12 -12.62 -13.19 -13.56 -13.72 -14.09 -14.31 -14.72 -14.81 -15.19 -15.38 -15.53 -16.09 -16.44 -16.62 -17.28 -17.53 -17.91 -18.09 -17.97 -18.50 -19.00 -19.59 -19.59 -20.44 -20.97
-8.06 -7.81 -8.19 -8.25 -8.59 -8.72 -8.56 -8.47 -8.75 -8.66 -8.59 -8.62 -8.44 -8.72 -8.81 -8.69 -8.91 -9.03 -8.91 -8.78 -8.78 -8.94 -9.09 -8.91 -8.91 -8.94 -9.00 -9.09 -9.16 -9.16 -9.47 -9.72 -9.97 -10.28 -10.31 -10.88 -11.06 -11.19 -11.41 -11.47 -11.16 -11.50 -12.00 -12.25 -12.56 -12.62 -13.00 -13.34 -13.84 -14.09 -14.31 -14.84 -14.88 -15.06 -15.44 -15.62 -15.88 -16.47 -16.56 -16.78 -17.19 -17.72 -17.84 -17.91 -18.00 -18.91 -19.00 -19.94 -20.19 -20.53 -21.00
-8.12 -8.22 -8.12 -8.34 -8.56 -8.69 -8.59 -8.81 -8.88 -8.91 -8.62 -8.41 -8.78 -8.78 -8.81 -8.75 -8.69 -8.59 -8.72 -8.72 -8.94 -9.06 -9.03 -9.06 -9.09 -9.12 -9.03 -9.31 -9.38 -9.53 -9.78 -10.09 -10.06 -10.44 -10.59 -11.06 -11.31 -11.41 -11.56 -11.31 -11.06 -11.25 -12.16 -12.41 -12.59 -12.69 -13.25 -13.62 -13.66 -13.75 -14.34 -14.91 -15.00 -15.34 -15.44 -15.78 -16.50 -16.97 -17.06 -17.50 -17.69 -18.19 -18.19 -17.88 -18.19 -18.66 -18.81 -19.31 -20.44 -20.72 -21.22
-7.72 -7.91 -8.09 -8.44 -8.50 -8.25 -8.66 -8.75 -8.84 -8.69 -8.75 -8.88 -8.56 -8.66 -8.72 -8.75 -8.69 -8.47 -8.59 -8.91 -9.19 -9.19 -9.22 -9.38 -9.34 -9.34 -9.34 -9.25 -9.62 -9.75 -9.81 -9.66 -10.06 -10.31 -10.56 -10.84 -11.16 -11.16 -11.12 -11.28 -11.44 -11.25 -11.97 -12.59 -12.81 -12.69 -13.22 -13.69 -13.94 -13.69 -14.56 -15.25 -15.50 -15.69 -15.44 -16.00 -16.66 -17.09 -17.16 -17.62 -17.88 -17.94 -18.31 -18.53 -18.62 -19.19 -19.41 -19.81 -20.34 -20.94 -21.22
-7.62 -8.03 -8.34 -8.47 -8.41 -8.56 -8.66 -8.66 -8.97 -9.03 -8.97 -8.91 -8.88 -8.81 -8.53 -8.34 -8.47 -8.88 -8.84 -9.03 -9.16 -9.34 -9.34 -9.41 -9.28 -9.41 -9.56 -9.69 -9.62 -10.03 -10.16 -10.12 -10.22 -10.19 -10.59 -11.00 -11.25 -11.53 -11.66 -11.94 -11.88 -11.53 -11.75 -12.66 -12.84 -12.75 -13.31 -13.78 -14.41 -14.50 -14.53 -15.28 -15.66 -15.91 -16.06 -16.22 -16.50 -17.09 -17.44 -17.53 -18.03 -18.12 -18.25 -18.97 -19.47 -19.97 -19.72 -19.81 -20.31 -20.69 -21.12
-7.97 -7.97 -8.34 -8.28 -8.22 -8.75 -8.78 -8.88 -8.84 -8.97 -8.84 -8.84 -8.78 -8.81 -8.59 -8.75 -8.91 -8.94 -8.94 -8.84 -8.91 -9.16 -9.41 -9.41 -9.41 -9.47 -9.66 -9.88 -9.75 -10.25 -10.06 -10.25 -10.38 -10.53 -10.88 -11.25 -11.47 -11.47 -11.88 -12.12 -12.22 -12.47 -12.06 -12.28 -13.06 -13.16 -13.81 -14.12 -14.62 -14.91 -14.78 -15.19 -15.66 -16.22 -16.31 -16.69 -16.72 -17.16 -17.56 -17.66 -17.69 -18.16 -18.66 -19.06 -19.28 -19.56 -19.84 -20.00 -20.62 -20.91 -20.91
-8.50 -8.44 -8.09 -8.25 -8.09 -8.59 -8.88 -8.69 -8.53 -8.66 -8.97 -9.16 -9.28 -9.09 -8.94 -9.09 -9.03 -8.81 -8.88 -9.19 -9.22 -9.31 -9.31 -9.59 -9.78 -9.84 -9.97 -10.12 -10.16 -10.47 -10.59 -10.84 -10.94 -10.84 -10.84 -11.06 -11.59 -12.00 -12.22 -12.44 -12.69 -12.84 -12.34 -12.59 -13.19 -13.25 -13.97 -14.34 -14.66 -15.00 -14.97 -15.47 -15.78 -16.34 -16.53 -16.78 -16.59 -17.19 -17.56 -17.66 -17.88 -18.47 -18.94 -19.19 -19.19 -19.78 -20.12 -20.03 -20.72 -21.12 -20.97
-8.81 -8.88 -8.81 -8.66 -8.34 -8.56 -8.81 -8.84 -8.75 -8.69 -8.75 -8.94 -8.97 -8.97 -9.00 -9.00 -9.09 -9.09 -9.19 -9.19 -9.41 -9.53 -9.34 -9.75 -9.94 -10.09 -10.28 -10.50 -10.38 -10.50 -10.88 -10.97 -11.09 -10.66 -10.97 -10.88 -11.47 -11.97 -12.38 -12.41 -12.56 -12.62 -12.72 -12.41 -12.97 -13.38 -14.31 -14.75 -14.94 -15.00 -15.19 -15.91 -16.12 -16.34 -16.19 -16.47 -17.16 -17.34 -17.81 -18.00 -18.00 -18.56 -19.06 -19.16 -19.41 -19.75 -19.84 -19.91 -20.50 -20.97 -21.12
-8.72 -9.06 -8.94 -9.03 -8.41 -8.31 -8.69 -9.03 -8.88 -8.78 -8.84 -8.97 -8.94 -8.97 -8.75 -8.88 -8.94 -9.12 -9.34 -9.12 -9.34 -9.50 -9.50 -9.84 -10.03 -10.22 -10.28 -10.44 -10.66 -10.66 -10.91 -11.19 -11.25 -11.03 -11.38 -11.19 -11.41 -12.19 -12.50 -12.66 -12.91 -13.06 -12.97 -13.03 -13.41 -13.62 -14.28 -14.84 -14.97 -15.03 -15.38 -15.72 -16.22 -16.47 -16.59 -17.03 -17.56 -17.81 -17.78 -18.19 -18.34 -18.84 -19.25 -19.28 -19.81 -20.09 -20.12 -20.12 -20.44 -20.84 -21.31
-8.81 -9.12 -9.09 -9.25 -9.03 -8.72 -9.06 -9.12 -8.69 -8.34 -8.50 -8.84 -8.78 -8.62 -8.62 -8.72 -8.91 -9.00 -9.12 -9.22 -9.25 -9.44 -9.59 -9.94 -10.09 -10.47 -10.72 -10.84 -10.91 -10.66 -10.72 -11.16 -11.44 -11.34 -11.75 -11.62 -11.53 -11.97 -12.34 -12.72 -13.03 -13.19 -13.09 -13.50 -13.53 -13.47 -14.12 -14.78 -15.09 -15.22 -15.47 -15.47 -16.25 -16.69 -17.03 -17.50 -17.88 -17.88 -17.75 -17.81 -18.19 -18.50 -19.31 -19.50 -20.09 -20.09 -20.38 -20.69 -20.88 -20.84 -21.34
-8.84 -9.28 -9.09 -9.22 -8.84 -8.78 -9.09 -8.94 -8.81 -8.97 -8.91 -8.88 -8.66 -9.00 -9.19 -9.16 -9.03 -9.12 -9.25 -9.16 -9.25 -9.47 -9.62 -9.69 -10.00 -10.41 -10.53 -10.59 -10.75 -10.78 -10.84 -10.62 -11.53 -11.41 -11.81 -11.62 -11.94 -12.16 -12.22 -12.59 -13.09 -13.16 -13.34 -13.66 -13.53 -14.00 -14.09 -14.56 -15.16 -15.34 -15.28 -15.69 -16.28 -16.84 -17.06 -17.59 -17.69 -17.75 -18.03 -18.28 -18.00 -18.56 -19.03 -19.69 -19.94 -20.22 -20.59 -20.59 -20.75 -21.00 -21.38
-8.47 -9.12 -9.06 -9.16 -8.56 -8.78 -8.94 -8.69 -8.66 -8.78 -8.88 -9.16 -9.12 -9.25 -9.22 -9.31 -9.50 -9.44 -9.44 -9.38 -9.44 -9.78 -9.66 -9.88 -10.28 -10.34 -10.69 -10.81 -10.84 -10.84 -11.06 -10.69 -11.16 -11.25 -11.81 -11.69 -12.16 -12.19 -12.16 -12.50 -12.97 -13.28 -13.34 -13.59 -13.66 -14.09 -14.12 -14.16 -15.03 -15.31 -15.56 -15.72 -16.69 -16.91 -17.25 -17.66 -17.84 -17.91 -18.31 -18.50 -18.56 -18.84 -19.09 -19.69 -19.91 -20.38 -20.47 -20.62 -20.91 -21.03 -21.44
-8.81 -8.75 -8.69 -9.16 -8.66 -8.88 -8.84 -8.78 -9.00 -9.09 -8.91 -9.12 -9.41 -9.41 -9.28 -9.16 -9.31 -9.22 -9.25 -9.59 -9.69 -9.97 -9.69 -9.88 -10.31 -10.50 -10.44 -10.59 -10.97 -11.03 -11.41 -11.16 -11.34 -11.47 -12.16 -12.00 -12.34 -12.25 -12.34 -12.84 -12.94 -13.53 -13.44 -13.62 -13.62 -14.31 -14.66 -14.31 -14.69 -15.88 -16.12 -15.88 -16.56 -17.28 -17.66 -17.88 -17.91 -18.16 -18.56 -18.91 -18.69 -19.19 -19.34 -19.88 -20.06 -20.41 -20.53 -20.81 -21.03 -21.22 -21.62
-9.31 -9.19 -8.56 -8.53 -8.62 -8.78 -8.59 -8.53 -9.03 -9.12 -9.19 -9.53 -9.66 -9.59 -9.44 -9.34 -9.28 -9.38 -9.28 -9.50 -9.78 -9.81 -9.72 -10.16 -10.28 -10.47 -10.50 -10.53 -10.53 -11.03 -11.25 -11.19 -11.38 -11.31 -11.75 -11.88 -12.25 -12.09 -12.31 -12.84 -12.97 -12.91 -13.12 -13.75 -14.09 -14.72 -14.84 -14.44 -14.81 -15.81 -16.25 -16.31 -16.94 -17.31 -17.78 -17.94 -18.00 -18.22 -18.91 -19.03 -19.28 -19.50 -19.69 -19.56 -20.00 -20.59 -20.69 -20.94 -21.28 -21.62 -21.62
-9.41 -9.06 -8.69 -9.03 -8.94 -9.06 -8.97 -8.88 -8.97 -9.31 -9.66 -9.69 -9.78 -9.69 -9.56 -9.53 -9.56 -9.88 -9.72 -9.81 -10.06 -10.09 -10.03 -10.44 -10.59 -10.72 -10.84 -10.81 -10.81 -10.88 -11.22 -11.34 -11.38 -11.00 -11.41 -11.75 -11.97 -12.00 -12.41 -12.78 -13.00 -13.03 -13.34 -14.00 -14.50 -14.56 -14.66 -15.06 -14.97 -15.56 -16.34 -16.81 -16.91 -17.22 -17.53 -17.91 -18.34 -18.59 -18.72 -18.94 -19.03 -19.56 -19.78 -19.53 -19.81 -20.34 -20.72 -21.22 -21.41 -21.62 -21.69
-9.38 -8.88 -9.06 -9.09 -8.81 -9.00 -8.69 -9.12 -9.56 -9.66 -9.53 -9.78 -9.81 -9.81 -9.69 -10.06 -10.16 -10.12 -10.06 -10.06 -10.38 -10.38 -10.03 -10.47 -10.44 -10.69 -11.00 -11.06 -10.97 -10.91 -11.28 -11.38 -11.34 -11.22 -11.56 -11.25 -11.88 -11.88 -12.47 -12.56 -12.69 -13.16 -13.53 -13.66 -14.16 -14.38 -14.62 -15.44 -15.44 -15.41 -16.47 -17.06 -17.12 -17.16 -17.75 -17.97 -18.34 -18.62 -19.03 -19.12 -19.19 -19.59 -20.03 -20.16 -20.44 -20.56 -20.81 -20.97 -21.31 -21.66 -21.94
-9.34 -8.81 -8.91 -8.84 -8.75 -8.69 -8.53 -8.81 -9.31 -9.47 -9.44 -9.53 -9.59 -9.62 -9.62 -10.09 -10.25 -10.34 -10.38 -10.28 -10.41 -10.22 -10.25 -10.41 -10.62 -10.75 -10.81 -11.03 -11.28 -11.03 -11.09 -11.28 -11.28 -10.91 -11.34 -11.09 -11.91 -11.66 -12.31 -12.66 -12.72 -12.84 -13.00 -13.12 -13.84 -14.66 -14.94 -15.09 -15.28 -15.84 -16.28 -17.06 -17.34 -17.62 -17.81 -18.12 -18.41 -18.75 -18.91 -19.00 -19.31 -19.88 -20.28 -20.03 -20.59 -20.75 -20.78 -21.03 -21.38 -21.53 -21.47
-9.12 -8.94 -8.78 -8.94 -8.97 -8.88 -8.97 -9.25 -9.53 -9.34 -9.25 -9.28 -9.31 -9.72 -9.75 -10.09 -10.25 -10.28 -10.44 -10.41 -10.34 -10.41 -10.38 -10.75 -10.91 -10.84 -10.88 -11.16 -11.31 -11.28 -11.31 -11.47 -11.28 -11.22 -11.00 -10.78 -11.72 -11.97 -12.44 -12.62 -12.81 -12.69 -13.03 -13.50 -14.19 -14.75 -14.84 -15.03 -15.38 -15.81 -15.94 -16.59 -17.31 -17.47 -18.06 -18.03 -18.59 -19.00 -19.12 -19.31 -19.62 -19.72 -20.34 -20.38 -20.28 -20.56 -21.12 -21.19 -21.25 -21.25 -21.34
-9.44 -9.09 -9.03 -8.91 -8.91 -8.94 -9.06 -9.22 -9.47 -9.66 -9.53 -9.41 -9.50 -9.69 -9.84 -10.16 -10.25 -10.44 -10.34 -10.22 -10.16 -10.47 -10.34 -10.72 -10.88 -10.66 -10.78 -11.06 -11.31 -11.41 -11.50 -11.50 -11.34 -11.66 -11.72 -11.31 -11.41 -11.94 -12.53 -12.59 -12.69 -13.00 -13.19 -13.66 -14.28 -14.44 -14.88 -15.53 -15.66 -15.84 -15.88 -16.44 -17.06 -17.69 -18.00 -18.44 -18.91 -19.12 -19.28 -19.38 -19.88 -19.62 -20.06 -20.16 -20.47 -20.56 -20.97 -21.28 -21.28 -21.50 -21.75
-9.59 -9.47 -9.44 -8.97 -8.84 -9.06 -9.22 -9.22 -9.50 -9.56 -9.66 -9.56 -9.69 -9.97 -10.06 -10.16 -10.06 -10.03 -10.28 -10.31 -10.53 -10.56 -10.41 -10.81 -10.78 -10.53 -10.91 -10.94 -11.06 -11.41 -11.53 -11.41 -11.50 -11.78 -11.72 -11.56 -11.62 -11.56 -12.59 -12.53 -12.81 -13.19 -13.34 -13.59 -14.41 -14.78 -15.03 -15.62 -15.72 -16.19 -16.25 -16.12 -16.97 -17.91 -18.03 -18.69 -19.00 -18.84 -19.28 -19.31 -19.94 -19.75 -19.62 -20.31 -20.47 -20.50 -20.94 -21.34 -21.41 -21.94 -22.03
-9.59 -9.44 -9.25 -9.12 -9.03 -9.03 -9.09 -9.47 -9.47 -9.41 -9.47 -9.69 -10.00 -9.84 -9.81 -10.03 -10.06 -10.25 -10.25 -10.44 -10.44 -10.47 -10.34 -10.66 -10.66 -10.50 -10.75 -10.84 -10.88 -10.91 -11.19 -11.31 -11.44 -11.59 -11.66 -11.53 -11.59 -11.31 -12.41 -12.59 -13.03 -13.22 -13.50 -13.81 -14.59 -15.12 -15.22 -15.72 -15.88 -16.31 -16.53 -16.56 -17.06 -18.06 -18.34 -18.72 -18.97 -19.06 -19.31 -19.59 -19.84 -19.97 -19.69 -20.16 -20.69 -20.88 -21.28 -21.25 -21.31 -22.00 -22.12
-9.72 -9.31 -9.12 -9.06 -8.91 -9.56 -9.59 -9.31 -9.31 -9.38 -9.44 -9.69 -9.94 -10.00 -10.09 -10.03 -10.19 -10.12 -10.25 -10.19 -10.31 -10.50 -10.28 -10.62 -10.69 -10.41 -10.84 -10.84 -10.78 -10.81 -11.44 -11.62 -11.81 -11.72 -11.81 -11.59 -11.88 -11.44 -12.19 -12.59 -13.03 -13.34 -13.59 -13.88 -14.59 -15.00 -15.38 -15.59 -15.94 -16.19 -16.66 -16.81 -17.25 -17.75 -18.53 -18.78 -18.84 -19.09 -19.12 -19.56 -19.59 -19.69 -20.38 -20.03 -20.56 -20.78 -20.88 -21.22 -21.75 -22.34 -22.47
-9.59 -9.22 -9.50 -9.34 -9.12 -9.38 -9.59 -9.44 -9.16 -9.44 -9.78 -9.91 -9.94 -10.06 -10.00 -10.28 -10.22 -10.22 -10.31 -10.28 -10.00 -10.28 -10.16 -10.44 -10.56 -10.34 -10.59 -10.69 -10.41 -10.91 -11.47 -11.62 -11.69 -11.84 -11.66 -11.84 -11.91 -11.97 -11.91 -12.50 -13.06 -13.38 -13.69 -13.97 -14.28 -14.97 -15.47 -15.56 -15.97 -16.09 -16.84 -17.31 -17.09 -17.44 -17.94 -18.53 -19.06 -19.22 -19.50 -19.62 -19.66 -19.84 -20.00 -19.94 -20.69 -20.88 -20.88 -21.19 -22.00 -22.44 -22.50
