everonasctiles/Tile48,6.asc
ncols 128
nrows 128
xllcorner 0
yllcorner 0
cellsize 2.0
NODATA_value  -9999
[rows 64 to 95 of 128, columns 0 to 70 of 128]
-9.84 -9.91 -10.06 -10.09 -10.34 -10.53 -10.72 -11.03 -11.31 -11.34 -11.50 -11.66 -11.66 -11.69 -11.94 -12.16 -12.09 -12.44 -12.62 -13.06 -13.62 -13.75 -14.28 -14.75 -15.16 -15.81 -16.91 -17.25 -17.75 -18.19 -18.59 -19.44 -20.06 -20.44 -21.00 -21.69 -22.41 -23.06 -23.47 -24.59 -25.94 -27.16 -28.41 -29.72 -31.03 -32.34 -33.72 -35.53 -37.28 -38.53 -39.72 -40.91 -42.16 -43.44 -44.78 -46.12 -47.44 -48.69 -49.94 -51.16 -52.31 -53.41 -54.38 -55.25 -56.03 -56.75 -57.41 -58.09 -58.88 -59.72 -60.44
-9.97 -10.03 -10.25 -10.38 -10.44 -10.47 -10.91 -11.09 -11.22 -11.44 -11.56 -11.81 -11.94 -12.00 -12.28 -12.53 -12.38 -12.59 -12.84 -12.94 -13.25 -13.75 -14.22 -14.59 -15.06 -15.91 -16.53 -17.16 -17.53 -18.06 -18.75 -19.47 -20.25 -20.56 -21.25 -22.09 -22.69 -23.28 -23.66 -24.94 -26.50 -27.50 -28.56 -29.84 -30.97 -32.47 -34.47 -36.28 -37.75 -38.97 -40.19 -41.38 -42.56 -43.75 -44.94 -46.16 -47.34 -48.56 -49.78 -51.03 -52.25 -53.41 -54.53 -55.50 -56.38 -57.12 -57.81 -58.53 -59.22 -59.91 -60.59
-9.84 -10.09 -10.28 -10.44 -10.78 -10.81 -10.81 -11.16 -11.34 -11.47 -11.41 -11.84 -12.22 -12.44 -12.69 -12.88 -13.00 -13.16 -13.22 -13.31 -13.41 -13.84 -14.50 -15.12 -15.66 -16.16 -16.69 -17.34 -17.81 -18.34 -19.09 -19.59 -20.38 -20.84 -21.22 -22.09 -22.81 -23.72 -24.19 -25.25 -26.53 -27.69 -29.09 -30.47 -31.69 -33.25 -35.12 -36.84 -38.19 -39.38 -40.59 -41.75 -42.88 -43.97 -45.00 -46.00 -47.03 -48.12 -49.28 -50.53 -51.84 -53.19 -54.44 -55.56 -56.56 -57.38 -58.12 -58.81 -59.47 -60.12 -60.75
-10.06 -10.00 -10.09 -10.53 -10.69 -10.81 -10.91 -11.19 -11.47 -11.59 -11.75 -11.97 -12.34 -12.41 -12.66 -12.97 -13.06 -13.28 -13.62 -14.03 -14.19 -14.47 -15.12 -15.69 -16.25 -16.69 -16.94 -17.56 -18.22 -18.62 -19.16 -19.84 -20.50 -20.84 -21.44 -22.47 -23.19 -23.94 -24.25 -25.19 -26.88 -28.06 -29.69 -31.12 -32.38 -33.84 -35.62 -37.41 -38.66 -39.84 -41.00 -42.16 -43.25 -44.31 -45.28 -46.12 -46.94 -47.91 -49.09 -50.41 -51.78 -53.16 -54.50 -55.62 -56.66 -57.53 -58.28 -59.00 -59.66 -60.28 -60.88
-10.12 -10.22 -10.31 -10.72 -10.88 -11.00 -11.28 -11.41 -11.44 -11.59 -11.91 -12.25 -12.44 -12.75 -12.72 -13.06 -13.19 -13.25 -13.59 -14.22 -14.62 -14.88 -14.94 -15.34 -16.12 -16.84 -17.31 -17.72 -18.16 -18.78 -19.22 -19.84 -20.50 -20.81 -21.75 -22.75 -23.31 -23.97 -24.56 -25.00 -26.50 -28.16 -29.78 -31.47 -32.84 -34.34 -36.31 -37.88 -39.12 -40.34 -41.50 -42.66 -43.78 -44.84 -45.91 -46.94 -47.97 -48.94 -49.94 -51.12 -52.41 -53.75 -54.94 -55.97 -56.88 -57.69 -58.41 -59.12 -59.75 -60.38 -60.91
-10.22 -10.53 -10.69 -10.94 -11.16 -11.25 -11.31 -11.62 -11.75 -11.84 -12.25 -12.44 -12.47 -12.75 -12.94 -13.00 -13.16 -13.53 -13.91 -14.31 -14.75 -15.22 -15.34 -15.69 -16.09 -16.53 -17.09 -17.75 -18.09 -18.75 -19.28 -19.81 -20.47 -20.88 -21.84 -22.88 -23.84 -24.69 -25.41 -26.12 -26.84 -28.25 -30.16 -31.97 -33.47 -34.88 -36.75 -38.22 -39.50 -40.75 -41.97 -43.16 -44.31 -45.47 -46.56 -47.72 -48.81 -49.91 -50.97 -52.06 -53.16 -54.28 -55.28 -56.22 -57.06 -57.81 -58.53 -59.22 -59.88 -60.47 -61.03
-10.88 -10.81 -10.78 -10.94 -11.41 -11.53 -11.53 -11.78 -11.94 -12.09 -12.41 -12.62 -12.81 -13.06 -13.09 -13.34 -13.69 -14.06 -14.38 -14.91 -15.09 -15.69 -16.03 -16.38 -16.75 -16.91 -17.44 -18.16 -18.59 -18.88 -19.47 -19.88 -20.34 -20.84 -21.78 -23.03 -24.22 -25.16 -26.06 -26.88 -28.03 -29.31 -31.22 -32.97 -34.41 -35.66 -37.12 -38.53 -39.78 -41.00 -42.25 -43.47 -44.72 -45.91 -47.09 -48.25 -49.38 -50.47 -51.53 -52.56 -53.56 -54.50 -55.41 -56.28 -57.09 -57.88 -58.62 -59.31 -59.97 -60.59 -61.16
-11.06 -11.09 -11.06 -11.38 -11.44 -11.62 -11.72 -11.94 -12.16 -12.34 -12.53 -12.59 -12.97 -13.31 -13.53 -13.88 -14.25 -14.47 -14.88 -15.44 -15.62 -16.06 -16.38 -16.81 -17.25 -17.50 -17.88 -18.31 -18.59 -19.19 -19.88 -20.19 -20.72 -21.16 -22.06 -23.38 -24.62 -25.69 -26.56 -27.81 -29.28 -30.59 -31.75 -33.78 -35.22 -36.59 -37.91 -38.97 -40.06 -41.16 -42.28 -43.44 -44.66 -45.94 -47.22 -48.44 -49.59 -50.72 -51.78 -52.78 -53.75 -54.66 -55.50 -56.31 -57.12 -57.91 -58.66 -59.38 -60.03 -60.69 -61.31
-10.97 -11.16 -11.19 -11.28 -11.47 -11.75 -12.00 -12.25 -12.31 -12.41 -12.72 -12.97 -13.09 -13.41 -13.69 -14.06 -14.59 -14.94 -15.25 -15.75 -16.06 -16.44 -16.78 -17.22 -17.44 -17.84 -18.12 -18.41 -18.81 -19.53 -20.16 -20.56 -21.38 -22.00 -22.50 -23.38 -24.81 -26.00 -27.00 -28.12 -29.72 -31.28 -32.12 -33.84 -35.50 -36.94 -38.19 -39.25 -40.28 -41.25 -42.22 -43.22 -44.31 -45.59 -46.94 -48.25 -49.50 -50.69 -51.78 -52.81 -53.81 -54.72 -55.59 -56.38 -57.16 -57.91 -58.66 -59.38 -60.06 -60.75 -61.38
-10.91 -11.09 -11.38 -11.47 -11.69 -11.91 -12.19 -12.59 -12.75 -12.94 -13.00 -13.09 -13.25 -13.66 -13.91 -14.38 -14.88 -15.19 -15.59 -15.94 -16.34 -16.81 -17.28 -17.59 -17.84 -18.03 -18.12 -18.56 -19.22 -19.91 -20.47 -21.09 -21.94 -22.53 -23.03 -23.78 -24.94 -26.25 -27.44 -28.47 -29.75 -31.12 -32.56 -33.91 -35.22 -36.59 -38.06 -39.22 -40.31 -41.34 -42.25 -43.09 -43.91 -45.00 -46.38 -47.91 -49.25 -50.53 -51.69 -52.75 -53.78 -54.72 -55.62 -56.47 -57.25 -57.97 -58.72 -59.41 -60.12 -60.78 -61.44
-11.12 -11.38 -11.47 -11.62 -11.97 -12.22 -12.56 -12.72 -12.91 -12.94 -13.22 -13.47 -13.56 -13.91 -14.16 -14.69 -15.16 -15.56 -15.94 -16.38 -16.88 -17.28 -17.47 -17.94 -18.09 -18.38 -18.59 -18.97 -19.44 -19.88 -20.50 -21.22 -22.16 -23.06 -23.62 -24.28 -25.31 -26.50 -27.75 -28.81 -29.91 -30.97 -32.31 -33.62 -34.81 -36.00 -37.56 -38.78 -40.06 -41.34 -42.47 -43.44 -44.38 -45.38 -46.53 -47.91 -49.22 -50.47 -51.59 -52.66 -53.66 -54.62 -55.56 -56.47 -57.28 -58.06 -58.78 -59.50 -60.19 -60.84 -61.50
-11.31 -11.59 -11.75 -11.91 -12.12 -12.41 -12.81 -12.84 -12.91 -13.00 -13.44 -13.72 -13.75 -14.06 -14.53 -14.72 -15.16 -15.53 -16.00 -16.66 -17.09 -17.41 -17.81 -18.06 -18.34 -18.78 -19.16 -19.41 -19.62 -20.31 -20.91 -21.50 -22.41 -23.28 -24.25 -24.94 -25.72 -26.59 -27.75 -28.75 -29.75 -30.53 -31.38 -32.72 -33.94 -35.16 -36.69 -38.03 -39.44 -40.94 -42.53 -43.72 -44.69 -45.72 -46.88 -48.06 -49.25 -50.38 -51.44 -52.47 -53.50 -54.47 -55.44 -56.38 -57.25 -58.09 -58.88 -59.59 -60.28 -60.94 -61.56
-11.72 -11.91 -12.12 -12.06 -12.16 -12.31 -12.66 -12.94 -13.16 -13.41 -13.66 -13.88 -14.00 -14.38 -14.62 -15.06 -15.50 -15.84 -16.25 -16.84 -17.25 -17.59 -18.00 -18.44 -18.81 -19.12 -19.53 -19.75 -19.91 -20.62 -20.94 -21.72 -22.78 -23.69 -24.69 -25.59 -26.31 -26.97 -27.62 -28.50 -29.34 -30.09 -30.88 -32.19 -33.69 -35.19 -36.69 -38.03 -39.41 -40.84 -42.38 -43.81 -44.88 -45.91 -46.97 -48.06 -49.16 -50.22 -51.25 -52.25 -53.28 -54.28 -55.28 -56.25 -57.19 -58.09 -58.94 -59.72 -60.41 -61.06 -61.66
-11.84 -11.97 -12.16 -12.47 -12.59 -12.69 -12.81 -12.91 -13.28 -13.62 -13.91 -14.03 -14.16 -14.62 -14.81 -15.28 -15.84 -16.06 -16.22 -16.75 -17.44 -17.88 -18.28 -18.69 -19.06 -19.53 -19.97 -20.28 -20.50 -20.91 -21.41 -22.31 -23.19 -24.03 -24.94 -25.88 -26.59 -27.31 -27.84 -28.50 -29.25 -30.22 -31.09 -32.22 -33.94 -35.66 -37.16 -38.56 -39.94 -41.31 -42.66 -43.91 -44.94 -45.94 -47.00 -48.00 -49.00 -50.00 -51.00 -52.03 -53.03 -54.06 -55.09 -56.12 -57.12 -58.06 -58.94 -59.78 -60.53 -61.22 -61.84
-12.03 -12.09 -12.25 -12.47 -12.75 -13.03 -13.06 -13.25 -13.28 -13.50 -13.94 -14.22 -14.31 -14.75 -15.22 -15.72 -15.97 -16.31 -16.62 -17.12 -17.59 -18.06 -18.56 -18.81 -19.28 -19.94 -20.56 -20.97 -21.31 -21.66 -22.28 -23.34 -24.09 -24.78 -25.56 -26.31 -26.91 -27.69 -28.44 -29.31 -29.84 -30.75 -31.53 -32.47 -33.84 -35.59 -37.31 -38.88 -40.34 -41.75 -42.97 -44.00 -45.00 -46.00 -46.97 -47.94 -48.88 -49.78 -50.72 -51.72 -52.78 -53.88 -54.97 -56.03 -57.06 -58.03 -58.94 -59.81 -60.59 -61.34 -62.00
-12.25 -12.19 -12.47 -12.53 -12.72 -13.12 -13.22 -13.19 -13.19 -13.69 -14.19 -14.31 -14.34 -14.78 -15.47 -15.94 -16.47 -16.62 -17.06 -17.44 -17.91 -18.56 -19.03 -19.28 -19.75 -20.25 -21.03 -21.72 -22.25 -22.69 -23.41 -24.19 -24.97 -25.62 -26.12 -26.84 -27.50 -28.47 -29.66 -30.47 -31.00 -31.78 -32.50 -33.06 -34.03 -35.59 -37.16 -38.72 -40.28 -41.81 -43.12 -44.16 -45.12 -46.12 -47.06 -47.97 -48.84 -49.78 -50.81 -51.84 -52.94 -54.00 -55.06 -56.09 -57.09 -58.06 -58.97 -59.81 -60.62 -61.41 -62.09
-12.56 -12.62 -12.66 -12.84 -13.22 -13.38 -13.47 -13.53 -13.62 -13.88 -14.22 -14.56 -14.97 -15.22 -15.53 -16.06 -16.59 -16.97 -17.31 -17.72 -18.03 -18.69 -19.38 -19.88 -20.34 -20.53 -21.03 -22.28 -23.25 -23.66 -23.94 -24.56 -25.50 -26.41 -27.00 -27.78 -28.56 -29.66 -30.81 -31.66 -32.44 -33.31 -33.88 -34.41 -34.97 -36.03 -37.19 -38.56 -40.06 -41.56 -43.03 -44.34 -45.41 -46.41 -47.34 -48.25 -49.16 -50.09 -51.16 -52.22 -53.22 -54.22 -55.19 -56.19 -57.12 -58.03 -58.94 -59.78 -60.59 -61.38 -62.09
-12.62 -12.94 -13.00 -13.09 -13.38 -13.53 -13.75 -13.75 -13.62 -13.91 -14.44 -14.88 -15.28 -15.62 -15.88 -16.19 -16.50 -16.94 -17.34 -17.91 -18.41 -18.84 -19.34 -19.97 -20.41 -20.94 -21.44 -22.56 -23.41 -24.16 -24.81 -25.44 -26.25 -27.22 -28.03 -28.88 -29.69 -30.69 -31.84 -32.72 -33.47 -34.62 -35.41 -36.00 -36.41 -37.00 -37.72 -38.75 -40.03 -41.44 -42.84 -44.25 -45.62 -46.78 -47.72 -48.66 -49.53 -50.47 -51.44 -52.44 -53.44 -54.38 -55.31 -56.22 -57.09 -57.97 -58.81 -59.66 -60.50 -61.28 -62.03
-12.88 -13.09 -13.34 -13.53 -13.66 -13.88 -14.06 -13.84 -13.81 -13.94 -14.31 -14.94 -15.31 -15.69 -16.06 -16.28 -16.56 -16.88 -17.41 -18.03 -18.47 -19.03 -19.78 -20.16 -20.81 -21.72 -22.09 -22.72 -23.66 -24.56 -25.53 -26.25 -26.84 -27.75 -28.69 -29.66 -30.47 -31.44 -32.69 -33.66 -34.59 -35.72 -36.69 -37.69 -38.25 -38.53 -38.94 -39.56 -40.47 -41.62 -42.91 -44.28 -45.69 -47.12 -48.16 -49.09 -50.00 -50.88 -51.78 -52.69 -53.66 -54.56 -55.44 -56.28 -57.09 -57.88 -58.66 -59.50 -60.34 -61.16 -61.94
-12.88 -13.25 -13.59 -13.81 -13.97 -14.09 -14.12 -14.28 -14.50 -14.53 -14.69 -15.00 -15.34 -15.69 -16.09 -16.22 -16.69 -17.16 -17.47 -18.16 -18.66 -19.25 -20.06 -20.66 -21.19 -22.09 -22.38 -23.00 -24.22 -25.34 -26.19 -26.84 -27.47 -28.22 -29.19 -30.09 -30.91 -31.97 -33.25 -34.44 -35.59 -36.78 -37.78 -38.69 -39.47 -40.19 -40.72 -41.09 -41.59 -42.34 -43.34 -44.53 -45.84 -47.25 -48.62 -49.56 -50.47 -51.34 -52.19 -53.03 -53.88 -54.75 -55.59 -56.41 -57.19 -57.94 -58.66 -59.41 -60.22 -61.06 -61.84
-13.09 -13.41 -13.75 -14.03 -13.91 -14.00 -14.34 -14.53 -14.66 -14.88 -14.88 -15.06 -15.44 -15.78 -16.19 -16.50 -16.91 -17.38 -17.78 -18.47 -19.16 -19.88 -20.41 -20.94 -21.47 -22.38 -22.88 -23.41 -24.38 -25.53 -26.53 -27.41 -28.19 -28.84 -29.66 -30.62 -31.53 -32.56 -33.66 -34.94 -36.28 -37.62 -38.62 -39.56 -40.44 -41.31 -42.12 -42.84 -43.34 -43.75 -44.34 -45.12 -46.16 -47.41 -48.78 -50.00 -50.91 -51.78 -52.62 -53.41 -54.16 -54.97 -55.78 -56.59 -57.38 -58.16 -58.91 -59.62 -60.38 -61.12 -61.84
-13.31 -13.66 -13.97 -13.94 -14.03 -14.28 -14.47 -14.72 -14.75 -14.88 -15.00 -15.34 -15.69 -15.97 -16.50 -16.81 -17.09 -17.66 -18.22 -18.91 -19.53 -20.03 -20.66 -21.38 -22.00 -22.62 -23.38 -24.00 -24.81 -25.81 -26.66 -27.72 -28.44 -29.19 -30.16 -30.94 -31.91 -32.88 -33.97 -35.22 -36.59 -37.94 -39.03 -40.09 -41.09 -42.06 -42.97 -43.88 -44.69 -45.41 -45.91 -46.31 -46.88 -47.72 -48.84 -50.12 -51.31 -52.22 -53.06 -53.81 -54.53 -55.25 -56.00 -56.81 -57.59 -58.38 -59.12 -59.84 -60.53 -61.22 -61.91
-13.66 -13.91 -14.25 -14.47 -14.34 -14.34 -14.53 -14.62 -15.00 -15.06 -15.22 -15.41 -15.84 -16.09 -16.34 -16.72 -17.22 -17.88 -18.41 -18.94 -19.62 -20.16 -20.88 -21.53 -22.03 -22.75 -23.56 -24.22 -25.09 -26.09 -27.09 -27.78 -28.78 -29.75 -30.50 -31.22 -32.09 -32.91 -34.09 -35.28 -36.66 -37.97 -39.16 -40.34 -41.47 -42.53 -43.50 -44.47 -45.38 -46.22 -46.97 -47.62 -48.12 -48.53 -49.25 -50.25 -51.47 -52.62 -53.50 -54.28 -55.03 -55.72 -56.38 -57.06 -57.81 -58.59 -59.31 -60.00 -60.69 -61.31 -61.94
-13.75 -14.12 -14.31 -14.59 -14.75 -14.56 -14.84 -15.09 -15.25 -15.38 -15.50 -15.53 -15.78 -16.19 -16.56 -16.94 -17.41 -17.81 -18.25 -18.91 -19.53 -20.22 -20.88 -21.41 -22.09 -22.88 -23.72 -24.41 -25.47 -26.09 -27.16 -28.03 -29.00 -30.03 -30.97 -31.84 -32.69 -33.44 -34.31 -35.47 -36.69 -37.81 -39.03 -40.31 -41.53 -42.72 -43.81 -44.84 -45.81 -46.75 -47.59 -48.38 -49.03 -49.62 -50.12 -50.78 -51.81 -52.97 -53.94 -54.75 -55.53 -56.22 -56.88 -57.50 -58.12 -58.78 -59.47 -60.16 -60.78 -61.41 -62.00
-13.66 -14.22 -14.53 -14.75 -15.00 -15.00 -15.16 -15.34 -15.44 -15.47 -15.62 -15.75 -16.09 -16.50 -16.78 -17.22 -17.53 -18.03 -18.38 -19.03 -19.53 -20.16 -20.84 -21.44 -22.16 -22.97 -23.84 -24.34 -25.59 -26.34 -27.22 -28.00 -29.03 -30.19 -31.41 -32.41 -33.34 -34.34 -35.25 -36.31 -37.16 -37.97 -38.88 -40.00 -41.28 -42.56 -43.81 -45.00 -46.06 -47.09 -48.03 -48.91 -49.66 -50.38 -51.03 -51.69 -52.44 -53.34 -54.28 -55.12 -55.94 -56.69 -57.38 -58.03 -58.59 -59.16 -59.75 -60.34 -60.94 -61.50 -62.03
-14.22 -14.31 -14.72 -15.00 -15.19 -15.25 -15.31 -15.50 -15.72 -15.78 -15.88 -15.97 -16.47 -16.75 -17.06 -17.50 -17.84 -18.31 -18.75 -19.16 -19.50 -20.12 -20.81 -21.59 -22.31 -23.12 -23.88 -24.44 -25.44 -26.38 -27.22 -28.22 -29.19 -30.56 -31.78 -33.00 -34.19 -35.34 -36.34 -37.25 -38.00 -38.72 -39.38 -39.94 -40.72 -41.88 -43.16 -44.50 -45.84 -47.09 -48.22 -49.19 -50.09 -50.88 -51.59 -52.31 -53.00 -53.72 -54.53 -55.38 -56.22 -57.03 -57.78 -58.50 -59.09 -59.66 -60.16 -60.72 -61.25 -61.75 -62.25
-14.75 -14.94 -15.00 -15.12 -15.34 -15.31 -15.44 -15.56 -15.81 -16.03 -16.09 -16.25 -16.50 -16.78 -17.19 -17.72 -18.16 -18.56 -18.78 -19.34 -19.69 -20.34 -21.19 -21.69 -22.34 -23.28 -23.94 -24.38 -25.09 -26.12 -27.25 -28.28 -29.47 -30.91 -32.12 -33.38 -34.75 -35.97 -37.00 -37.88 -38.72 -39.47 -40.16 -40.62 -40.88 -41.22 -42.06 -43.25 -44.66 -46.25 -47.91 -49.19 -50.25 -51.16 -51.97 -52.72 -53.41 -54.09 -54.75 -55.47 -56.31 -57.19 -58.00 -58.81 -59.50 -60.09 -60.62 -61.16 -61.66 -62.12 -62.56
-14.69 -14.97 -15.16 -15.34 -15.50 -15.50 -15.75 -15.81 -16.00 -16.00 -16.22 -16.50 -16.84 -16.94 -17.34 -17.84 -18.22 -18.69 -18.97 -19.47 -19.81 -20.47 -21.22 -21.69 -22.78 -23.66 -24.25 -24.66 -25.19 -26.03 -27.22 -28.16 -29.59 -31.06 -32.41 -33.72 -35.00 -36.19 -37.31 -38.25 -39.16 -40.00 -40.75 -41.44 -41.91 -41.94 -42.03 -42.72 -43.94 -45.41 -47.00 -48.59 -50.03 -51.16 -52.09 -52.91 -53.69 -54.38 -55.03 -55.66 -56.34 -57.19 -58.09 -58.97 -59.75 -60.41 -61.00 -61.50 -62.00 -62.47 -62.91
-14.78 -15.03 -15.22 -15.44 -15.50 -15.56 -15.88 -16.00 -16.06 -16.16 -16.44 -16.84 -17.03 -17.31 -17.50 -18.00 -18.50 -18.84 -19.19 -19.31 -19.94 -20.84 -21.44 -22.44 -23.28 -24.03 -24.66 -25.16 -25.81 -26.41 -27.22 -28.22 -29.34 -30.97 -32.34 -33.59 -34.88 -36.12 -37.28 -38.38 -39.38 -40.34 -41.22 -42.00 -42.66 -43.06 -43.09 -43.19 -44.00 -45.25 -46.62 -48.03 -49.41 -50.75 -51.94 -52.94 -53.81 -54.59 -55.34 -55.97 -56.59 -57.25 -58.09 -59.03 -59.88 -60.59 -61.22 -61.78 -62.28 -62.75 -63.19
-14.94 -15.22 -15.34 -15.50 -15.66 -15.81 -15.94 -16.03 -16.16 -16.38 -16.72 -17.09 -17.25 -17.47 -17.84 -18.09 -18.56 -18.88 -19.22 -19.53 -20.28 -21.09 -21.97 -22.72 -23.44 -24.25 -24.94 -25.59 -26.28 -26.78 -27.41 -28.28 -29.38 -30.69 -32.00 -33.28 -34.50 -35.88 -37.19 -38.38 -39.47 -40.56 -41.53 -42.44 -43.25 -43.88 -44.22 -44.25 -44.59 -45.59 -46.84 -48.09 -49.28 -50.44 -51.62 -52.81 -53.81 -54.72 -55.53 -56.31 -56.97 -57.62 -58.28 -59.09 -59.94 -60.72 -61.34 -61.94 -62.44 -62.91 -63.38
-15.06 -15.28 -15.38 -15.72 -15.91 -16.00 -16.16 -16.41 -16.44 -16.62 -17.03 -17.31 -17.38 -17.69 -18.09 -18.28 -18.53 -18.97 -19.62 -20.16 -20.69 -21.31 -21.88 -22.78 -23.59 -24.34 -25.06 -25.81 -26.66 -27.34 -28.03 -28.62 -29.44 -30.66 -31.94 -33.12 -34.19 -35.53 -36.78 -38.09 -39.38 -40.59 -41.72 -42.75 -43.69 -44.50 -45.03 -45.28 -45.38 -46.06 -47.25 -48.47 -49.59 -50.62 -51.59 -52.59 -53.69 -54.69 -55.66 -56.50 -57.31 -58.00 -58.69 -59.34 -60.06 -60.78 -61.44 -62.03 -62.53 -63.00 -63.44
-15.06 -15.41 -15.66 -15.91 -16.22 -16.31 -16.31 -16.41 -16.56 -16.84 -17.22 -17.50 -17.62 -17.88 -18.16 -18.38 -18.72 -19.22 -19.69 -20.47 -21.12 -21.62 -22.25 -23.09 -24.03 -24.84 -25.62 -26.44 -27.22 -28.16 -29.00 -29.56 -30.00 -31.12 -32.25 -33.41 -34.47 -35.38 -36.38 -37.53 -38.78 -40.16 -41.59 -42.88 -44.00 -44.94 -45.69 -46.12 -46.25 -46.47 -47.41 -48.62 -49.88 -50.91 -51.78 -52.53 -53.38 -54.41 -55.59 -56.62 -57.50 -58.28 -58.97 -59.62 -60.28 -60.94 -61.56 -62.12 -62.62 -63.06 -63.50
