everonasctiles/Tile[19,48].asc
ncols 128
nrows 128
xllcorner 0
yllcorner 0
cellsize 2.0
NODATA_value  -9999
[rows 33 to 65 of 128, columns 0 to 74 of 128]
-26.09 -26.12 -25.94 -26.03 -26.12 -26.12 -26.12 -26.06 -26.00 -25.94 -25.72 -25.56 -25.31 -25.09 -24.69 -24.75 -24.75 -24.59 -24.47 -24.28 -23.94 -23.72 -23.53 -23.22 -22.97 -22.66 -22.38 -22.12 -21.72 -21.31 -20.78 -20.44 -20.19 -19.91 -19.69 -19.47 -19.28 -19.00 -18.81 -18.75 -18.78 -18.66 -18.53 -18.34 -18.50 -18.28 -18.19 -18.22 -18.38 -18.53 -18.50 -18.59 -18.62 -18.72 -18.53 -18.47 -18.56 -18.31 -18.06 -17.91 -17.56 -17.19 -16.84 -16.59 -16.62 -16.72 -16.88 -16.91 -16.81 -16.69 -16.28 -15.78 -15.12 -14.47 -13.75
-25.81 -25.91 -25.88 -25.78 -25.75 -25.72 -25.78 -25.59 -25.59 -25.62 -25.56 -25.47 -25.28 -24.97 -24.72 -24.47 -24.53 -24.31 -24.16 -24.03 -23.69 -23.41 -23.25 -23.12 -22.91 -22.50 -22.09 -21.72 -21.31 -20.97 -20.59 -20.25 -20.03 -19.69 -19.47 -19.31 -19.19 -18.88 -18.78 -18.59 -18.62 -18.56 -18.38 -18.28 -18.47 -18.34 -18.19 -18.06 -18.16 -18.53 -18.62 -18.66 -18.66 -18.59 -18.44 -18.56 -18.62 -18.50 -18.28 -18.06 -17.66 -17.38 -16.94 -16.56 -16.44 -16.66 -16.69 -16.59 -16.47 -16.12 -15.69 -15.03 -14.44 -13.84 -13.44
-25.47 -25.44 -25.50 -25.47 -25.22 -25.31 -25.59 -25.38 -25.34 -25.22 -25.12 -24.94 -24.91 -24.66 -24.28 -24.25 -24.25 -24.00 -23.84 -23.66 -23.38 -23.19 -23.06 -22.88 -22.62 -22.25 -22.00 -21.72 -21.31 -20.81 -20.53 -20.12 -19.88 -19.47 -19.44 -19.28 -19.09 -18.72 -18.53 -18.38 -18.50 -18.50 -18.44 -18.44 -18.50 -18.34 -18.09 -18.00 -18.22 -18.53 -18.59 -18.59 -18.50 -18.47 -18.34 -18.31 -18.22 -18.22 -18.12 -17.81 -17.59 -17.34 -16.72 -16.44 -16.53 -16.56 -16.59 -16.34 -15.97 -15.69 -15.06 -14.47 -13.94 -13.50 -13.09
-25.16 -25.12 -25.06 -25.00 -24.88 -25.06 -25.19 -24.97 -24.97 -25.06 -25.03 -24.91 -24.75 -24.38 -24.09 -24.03 -23.91 -23.75 -23.56 -23.28 -23.12 -22.94 -22.78 -22.62 -22.41 -22.06 -21.84 -21.50 -21.19 -20.81 -20.34 -20.03 -19.94 -19.56 -19.38 -19.12 -18.78 -18.53 -18.50 -18.47 -18.47 -18.56 -18.56 -18.56 -18.50 -18.34 -18.09 -18.09 -18.28 -18.50 -18.56 -18.47 -18.41 -18.50 -18.50 -18.47 -18.34 -18.25 -18.03 -17.91 -17.72 -17.31 -17.00 -16.66 -16.66 -16.56 -16.44 -16.09 -15.66 -15.22 -14.66 -14.19 -13.69 -13.09 -12.69
-24.75 -24.78 -24.66 -24.59 -24.62 -24.72 -24.78 -24.62 -24.59 -24.72 -24.62 -24.59 -24.41 -24.09 -23.75 -23.81 -23.66 -23.44 -23.25 -23.06 -22.81 -22.72 -22.59 -22.41 -22.16 -21.81 -21.53 -21.34 -21.03 -20.78 -20.44 -20.00 -19.81 -19.59 -19.34 -19.03 -18.62 -18.28 -18.28 -18.28 -18.25 -18.31 -18.41 -18.41 -18.41 -18.50 -18.25 -18.31 -18.44 -18.59 -18.50 -18.44 -18.59 -18.50 -18.38 -18.25 -17.97 -17.88 -17.78 -17.56 -17.50 -17.44 -16.94 -16.75 -16.56 -16.31 -16.16 -15.91 -15.41 -14.78 -14.25 -13.75 -13.25 -12.69 -12.34
-24.38 -24.34 -24.38 -24.22 -24.22 -24.38 -24.53 -24.41 -24.44 -24.41 -24.25 -24.16 -24.06 -23.69 -23.62 -23.50 -23.38 -23.31 -23.09 -22.88 -22.56 -22.41 -22.25 -22.06 -21.91 -21.44 -21.28 -21.09 -20.88 -20.69 -20.34 -19.88 -19.62 -19.34 -19.06 -18.84 -18.56 -18.19 -18.00 -18.19 -18.28 -18.25 -18.34 -18.38 -18.44 -18.38 -18.16 -18.25 -18.47 -18.66 -18.75 -18.66 -18.66 -18.44 -18.44 -18.38 -18.09 -17.84 -17.88 -17.69 -17.44 -17.41 -17.06 -16.88 -16.59 -16.25 -15.97 -15.66 -15.16 -14.75 -14.19 -13.75 -13.28 -12.59 -12.22
-24.16 -24.16 -24.16 -24.00 -24.03 -24.25 -24.28 -24.16 -24.16 -24.06 -23.94 -23.88 -23.88 -23.50 -23.41 -23.34 -23.12 -23.09 -22.91 -22.72 -22.44 -22.09 -22.00 -21.91 -21.69 -21.44 -21.25 -20.97 -20.75 -20.50 -20.34 -20.00 -19.62 -19.12 -19.00 -18.81 -18.50 -18.25 -18.09 -18.06 -18.22 -18.31 -18.25 -18.38 -18.41 -18.19 -17.97 -18.16 -18.41 -18.59 -18.62 -18.72 -18.84 -18.78 -18.72 -18.62 -18.47 -18.12 -17.94 -17.62 -17.53 -17.44 -17.28 -17.28 -16.91 -16.44 -16.00 -15.53 -14.78 -14.38 -13.91 -13.56 -13.03 -12.50 -11.91
-24.00 -23.97 -23.84 -23.72 -23.81 -23.94 -23.94 -23.78 -23.69 -23.53 -23.53 -23.56 -23.56 -23.41 -23.06 -23.00 -22.94 -22.88 -22.72 -22.38 -22.19 -21.94 -21.69 -21.56 -21.38 -21.19 -20.94 -20.72 -20.44 -20.31 -20.19 -19.91 -19.59 -19.25 -18.97 -18.66 -18.47 -18.31 -18.22 -18.16 -18.28 -18.28 -18.16 -18.22 -18.28 -18.03 -17.84 -17.94 -18.28 -18.53 -18.72 -18.78 -18.84 -18.88 -18.88 -18.66 -18.41 -18.19 -17.88 -17.66 -17.59 -17.34 -17.25 -17.28 -17.00 -16.25 -15.75 -15.38 -14.81 -14.28 -13.81 -13.16 -12.72 -12.31 -11.78
-23.72 -23.69 -23.50 -23.31 -23.38 -23.59 -23.75 -23.59 -23.38 -23.28 -23.25 -23.19 -23.09 -22.94 -22.81 -22.81 -22.78 -22.59 -22.44 -22.25 -21.97 -21.66 -21.44 -21.31 -21.41 -21.09 -20.81 -20.59 -20.31 -20.12 -19.91 -19.59 -19.50 -19.19 -18.97 -18.81 -18.62 -18.47 -18.34 -18.28 -18.25 -18.25 -18.25 -18.12 -18.06 -17.84 -17.66 -17.78 -18.06 -18.44 -18.56 -18.59 -18.59 -18.66 -18.56 -18.44 -18.31 -18.22 -17.97 -17.59 -17.47 -17.66 -17.41 -17.12 -16.78 -16.12 -15.56 -15.00 -14.47 -13.94 -13.59 -12.94 -12.31 -12.00 -11.44
-23.56 -23.62 -23.53 -23.31 -23.12 -23.25 -23.41 -23.31 -23.16 -23.19 -22.94 -22.81 -22.78 -22.62 -22.56 -22.50 -22.56 -22.47 -22.31 -22.09 -21.81 -21.53 -21.44 -21.22 -21.12 -20.88 -20.62 -20.41 -20.19 -20.09 -19.84 -19.56 -19.41 -19.19 -18.97 -18.75 -18.62 -18.38 -18.28 -18.16 -18.22 -18.22 -18.16 -18.19 -18.06 -17.91 -17.72 -17.78 -17.97 -18.31 -18.34 -18.41 -18.41 -18.50 -18.44 -18.41 -17.97 -18.06 -18.06 -18.03 -17.97 -17.94 -17.53 -17.06 -16.56 -15.81 -15.22 -14.78 -14.19 -13.50 -13.06 -12.50 -11.88 -11.44 -11.06
-23.16 -23.19 -23.06 -23.03 -22.94 -23.00 -23.03 -22.88 -22.78 -22.72 -22.56 -22.50 -22.44 -22.47 -22.38 -22.38 -22.28 -22.25 -22.12 -22.00 -21.72 -21.47 -21.25 -21.00 -21.03 -20.78 -20.56 -20.28 -20.09 -19.84 -19.75 -19.50 -19.34 -18.94 -18.66 -18.59 -18.53 -18.44 -18.28 -18.12 -18.09 -18.09 -18.16 -18.25 -18.38 -17.94 -17.88 -17.88 -17.97 -18.28 -18.50 -18.53 -18.38 -18.38 -18.28 -18.19 -18.06 -18.09 -17.97 -17.97 -18.09 -18.16 -17.69 -17.09 -16.31 -15.62 -14.97 -14.50 -13.91 -13.03 -12.53 -12.19 -11.59 -11.22 -10.81
-22.88 -22.94 -22.81 -22.69 -22.69 -22.75 -22.69 -22.53 -22.38 -22.50 -22.47 -22.44 -22.38 -22.22 -22.00 -21.91 -22.03 -21.94 -21.84 -21.66 -21.38 -21.00 -21.00 -20.88 -20.75 -20.56 -20.44 -20.25 -20.03 -19.84 -19.66 -19.44 -19.16 -18.91 -18.66 -18.72 -18.62 -18.66 -18.47 -18.31 -18.19 -18.19 -18.16 -18.22 -18.25 -18.28 -18.03 -18.00 -17.97 -18.06 -18.22 -18.38 -18.34 -18.44 -18.19 -17.94 -17.69 -17.84 -17.75 -17.97 -18.06 -17.84 -17.50 -16.94 -16.16 -15.69 -15.09 -14.38 -13.44 -12.59 -12.03 -11.75 -11.28 -10.84 -10.22
-22.44 -22.50 -22.38 -22.41 -22.41 -22.56 -22.53 -22.31 -22.31 -22.31 -22.38 -22.31 -22.25 -21.94 -21.84 -21.75 -21.75 -21.75 -21.66 -21.53 -21.28 -20.88 -20.62 -20.41 -20.44 -20.41 -20.28 -20.09 -19.94 -19.81 -19.59 -19.34 -19.19 -19.00 -18.62 -18.69 -18.69 -18.59 -18.56 -18.53 -18.12 -17.94 -18.03 -18.06 -18.16 -18.19 -18.09 -18.03 -18.03 -18.03 -18.22 -18.28 -18.12 -18.22 -18.06 -17.91 -17.75 -17.34 -17.47 -17.62 -17.56 -17.47 -17.12 -16.56 -16.19 -15.53 -14.81 -14.00 -13.19 -12.34 -11.56 -11.34 -11.16 -10.66 -10.25
-22.12 -22.19 -22.22 -22.25 -22.16 -22.06 -22.06 -22.19 -22.16 -22.09 -22.12 -22.16 -22.09 -21.88 -21.66 -21.41 -21.34 -21.38 -21.44 -21.25 -21.06 -20.84 -20.69 -20.50 -20.34 -20.28 -20.09 -19.91 -19.75 -19.47 -19.22 -19.19 -19.12 -19.00 -18.88 -18.72 -18.59 -18.56 -18.47 -18.34 -18.31 -18.03 -17.88 -17.97 -18.19 -18.38 -18.34 -18.22 -18.12 -18.22 -18.34 -18.22 -17.97 -18.09 -17.91 -17.78 -17.62 -17.44 -17.25 -17.09 -16.97 -17.03 -16.75 -16.19 -15.88 -15.25 -14.56 -13.66 -12.69 -11.91 -11.34 -11.12 -10.62 -10.41 -10.12
-22.03 -21.94 -21.88 -21.81 -21.75 -21.84 -21.78 -21.97 -21.94 -21.97 -21.97 -21.88 -21.81 -21.66 -21.44 -21.38 -21.31 -21.22 -21.16 -21.06 -20.84 -20.59 -20.38 -20.28 -20.06 -20.12 -20.09 -19.94 -19.88 -19.72 -19.34 -19.09 -19.03 -18.91 -18.78 -18.75 -18.66 -18.56 -18.50 -18.41 -18.22 -18.06 -17.97 -18.09 -18.22 -18.22 -18.25 -18.38 -18.16 -18.03 -18.00 -17.88 -17.72 -17.78 -17.69 -17.56 -17.44 -17.22 -16.88 -16.78 -16.69 -16.59 -16.41 -15.84 -15.25 -14.81 -13.97 -13.25 -12.41 -11.56 -10.78 -10.59 -10.50 -10.12 -9.75
-21.59 -21.50 -21.62 -21.62 -21.66 -21.62 -21.47 -21.62 -21.47 -21.69 -21.69 -21.62 -21.53 -21.44 -21.22 -21.28 -21.25 -21.06 -21.00 -20.91 -20.75 -20.66 -20.41 -20.12 -20.12 -20.16 -20.12 -19.97 -19.81 -19.72 -19.53 -19.25 -19.03 -18.84 -18.69 -18.62 -18.62 -18.62 -18.47 -18.34 -18.25 -18.31 -18.31 -18.28 -18.34 -18.19 -18.12 -18.12 -18.03 -17.97 -17.88 -17.62 -17.59 -17.56 -17.53 -17.44 -17.28 -16.88 -16.62 -16.44 -16.38 -16.22 -16.03 -15.62 -14.91 -14.47 -13.66 -12.81 -11.94 -11.16 -10.72 -10.50 -10.19 -9.75 -9.28
-21.66 -21.66 -21.66 -21.56 -21.38 -21.34 -21.31 -21.34 -21.50 -21.50 -21.38 -21.41 -21.41 -21.28 -21.38 -21.22 -21.03 -20.91 -20.88 -20.75 -20.69 -20.62 -20.44 -20.28 -20.22 -20.19 -20.12 -20.06 -19.88 -19.75 -19.53 -19.38 -19.25 -19.06 -18.84 -18.84 -18.94 -18.81 -18.78 -18.62 -18.44 -18.59 -18.66 -18.59 -18.50 -18.22 -18.12 -18.06 -18.16 -17.91 -17.81 -17.66 -17.38 -17.28 -17.16 -16.94 -16.69 -16.41 -16.06 -15.81 -15.81 -15.94 -15.56 -15.12 -14.56 -13.94 -13.25 -12.34 -11.66 -11.03 -10.44 -10.16 -9.78 -9.47 -8.94
-21.38 -21.56 -21.50 -21.44 -21.34 -21.28 -21.22 -21.12 -21.31 -21.31 -21.28 -21.31 -21.19 -21.12 -21.28 -21.12 -20.88 -20.84 -20.84 -20.81 -20.72 -20.72 -20.59 -20.50 -20.34 -20.31 -20.22 -20.16 -20.09 -19.94 -19.84 -19.72 -19.47 -19.47 -19.25 -19.06 -19.00 -19.03 -18.91 -18.81 -18.75 -18.59 -18.53 -18.66 -18.66 -18.59 -18.34 -18.12 -18.12 -17.91 -17.72 -17.62 -17.31 -16.97 -16.88 -16.41 -16.16 -15.97 -15.72 -15.47 -15.44 -15.31 -15.25 -14.75 -14.06 -13.31 -12.69 -12.03 -11.47 -10.91 -10.44 -10.03 -9.72 -9.16 -8.62
-21.16 -21.28 -21.31 -21.31 -21.22 -21.16 -21.12 -21.00 -21.19 -21.22 -21.16 -21.16 -21.12 -21.16 -21.19 -21.06 -20.97 -20.84 -20.81 -20.91 -20.78 -20.69 -20.66 -20.50 -20.47 -20.41 -20.34 -20.38 -20.28 -20.22 -20.19 -20.03 -19.88 -19.78 -19.69 -19.53 -19.28 -19.16 -19.03 -18.97 -18.72 -18.59 -18.50 -18.59 -18.59 -18.59 -18.50 -18.56 -18.44 -18.34 -17.94 -17.69 -17.34 -16.97 -16.72 -16.31 -15.88 -15.75 -15.69 -15.50 -15.25 -14.97 -14.59 -14.16 -13.28 -12.62 -12.09 -11.59 -11.00 -10.75 -10.19 -9.81 -9.34 -8.94 -8.25
-21.12 -21.28 -21.25 -21.19 -21.00 -20.94 -20.78 -20.75 -20.91 -21.00 -20.97 -21.03 -21.12 -21.12 -21.12 -21.03 -21.03 -21.00 -20.91 -20.78 -20.66 -20.62 -20.56 -20.50 -20.53 -20.53 -20.59 -20.53 -20.56 -20.41 -20.44 -20.41 -20.25 -20.25 -20.09 -20.00 -19.88 -19.59 -19.56 -19.38 -19.16 -18.91 -18.72 -18.78 -18.62 -18.81 -18.62 -18.56 -18.53 -18.34 -17.97 -17.75 -17.41 -16.91 -16.56 -16.50 -16.16 -15.75 -15.53 -15.28 -14.94 -14.56 -13.81 -13.12 -12.59 -11.97 -11.41 -11.03 -10.62 -10.25 -9.88 -9.50 -9.16 -8.62 -7.78
-21.12 -21.19 -21.12 -21.00 -20.94 -20.72 -20.59 -20.56 -20.66 -20.81 -20.94 -21.03 -21.03 -20.94 -20.88 -20.88 -20.97 -20.91 -20.88 -20.78 -20.78 -20.69 -20.72 -20.72 -20.72 -20.66 -20.69 -20.66 -20.91 -20.84 -20.72 -20.62 -20.62 -20.56 -20.44 -20.19 -20.06 -20.00 -20.00 -19.91 -19.72 -19.38 -19.16 -19.00 -18.88 -18.94 -18.66 -18.34 -18.44 -18.44 -18.09 -18.00 -17.44 -16.84 -16.66 -16.59 -16.44 -16.03 -15.94 -15.31 -14.62 -14.06 -13.28 -12.69 -12.00 -11.44 -10.91 -10.59 -10.19 -9.88 -9.38 -9.09 -8.59 -8.19 -7.78
-21.16 -21.00 -20.75 -20.72 -20.81 -20.75 -20.69 -20.66 -20.75 -20.75 -20.72 -20.78 -20.84 -20.84 -20.88 -20.91 -21.06 -20.97 -20.88 -20.72 -20.81 -20.78 -21.03 -21.09 -21.12 -21.03 -21.03 -21.16 -20.94 -20.75 -20.78 -20.91 -20.94 -20.94 -20.84 -20.69 -20.50 -20.56 -20.28 -20.22 -20.22 -19.97 -19.62 -19.25 -19.03 -19.06 -18.88 -18.50 -18.47 -18.34 -18.06 -17.88 -17.50 -17.16 -16.91 -16.62 -16.56 -16.38 -16.03 -15.59 -14.59 -13.81 -12.91 -12.16 -11.44 -10.97 -10.50 -10.09 -9.72 -9.38 -9.03 -8.44 -8.16 -7.94 -7.34
-21.09 -20.91 -20.81 -20.81 -20.78 -20.59 -20.78 -20.72 -20.72 -20.72 -20.62 -20.47 -20.66 -20.75 -20.78 -20.78 -20.94 -20.97 -20.81 -20.78 -20.84 -20.91 -21.06 -21.12 -21.25 -21.25 -21.22 -21.16 -21.22 -21.19 -21.03 -21.16 -21.09 -21.16 -21.09 -20.91 -20.75 -20.91 -20.78 -20.53 -20.41 -20.09 -19.81 -19.66 -19.41 -19.28 -19.25 -18.88 -18.50 -18.47 -18.34 -18.03 -17.78 -17.25 -16.91 -16.84 -16.66 -16.28 -15.88 -15.19 -14.34 -13.53 -12.88 -11.91 -11.00 -10.38 -9.91 -9.81 -9.50 -9.22 -8.81 -8.44 -7.91 -7.34 -6.72
-20.94 -20.72 -20.66 -20.75 -20.66 -20.59 -20.72 -20.66 -20.62 -20.53 -20.56 -20.47 -20.44 -20.56 -20.72 -20.72 -20.75 -20.69 -20.69 -20.66 -20.78 -20.97 -21.09 -21.28 -21.38 -21.44 -21.47 -21.41 -21.47 -21.41 -21.38 -21.50 -21.47 -21.41 -21.47 -21.34 -21.12 -21.03 -20.88 -20.69 -20.44 -20.28 -19.94 -19.81 -19.69 -19.66 -19.44 -19.09 -18.69 -18.59 -18.41 -18.12 -17.91 -17.47 -17.06 -16.94 -16.53 -16.09 -15.53 -14.84 -14.00 -13.28 -12.66 -11.84 -10.78 -10.09 -9.62 -9.41 -9.19 -9.00 -8.56 -8.06 -7.50 -6.81 -6.25
-20.72 -20.66 -20.44 -20.44 -20.59 -20.69 -20.72 -20.59 -20.41 -20.41 -20.53 -20.53 -20.50 -20.62 -20.72 -20.69 -20.72 -20.81 -20.69 -20.69 -20.66 -20.81 -21.03 -21.31 -21.50 -21.66 -21.72 -21.78 -21.72 -21.78 -21.78 -21.78 -21.59 -21.47 -21.47 -21.34 -21.16 -21.12 -21.03 -20.69 -20.62 -20.47 -20.19 -19.91 -19.62 -19.47 -19.47 -19.34 -19.19 -18.75 -18.47 -18.31 -18.06 -17.59 -17.19 -16.81 -16.50 -15.88 -15.19 -14.53 -13.78 -12.91 -12.19 -11.38 -10.50 -9.66 -8.97 -8.88 -8.56 -8.47 -8.09 -7.69 -7.06 -6.38 -5.75
-20.75 -20.34 -20.25 -20.47 -20.50 -20.50 -20.53 -20.50 -20.47 -20.31 -20.22 -20.47 -20.56 -20.62 -20.62 -20.69 -20.78 -20.75 -20.66 -20.66 -20.75 -20.81 -21.03 -21.34 -21.66 -21.75 -21.88 -21.94 -22.06 -22.03 -22.06 -21.94 -21.91 -21.84 -21.78 -21.56 -21.44 -21.19 -21.09 -20.88 -20.75 -20.53 -20.22 -19.94 -19.66 -19.53 -19.34 -19.28 -19.12 -18.81 -18.56 -18.38 -17.97 -17.66 -17.28 -16.78 -16.25 -15.81 -15.12 -14.31 -13.50 -12.56 -11.72 -10.91 -9.97 -9.16 -8.62 -8.41 -8.03 -7.78 -7.47 -7.03 -6.41 -6.00 -5.44
-20.69 -20.31 -20.28 -20.38 -20.25 -20.31 -20.34 -20.38 -20.31 -20.31 -20.34 -20.44 -20.53 -20.53 -20.47 -20.47 -20.59 -20.72 -20.88 -20.84 -21.00 -21.06 -21.31 -21.53 -21.69 -22.00 -22.12 -22.16 -22.38 -22.34 -22.25 -22.31 -22.16 -22.09 -21.91 -21.84 -21.66 -21.25 -21.25 -21.31 -20.97 -20.59 -20.47 -20.22 -19.91 -19.62 -19.31 -19.09 -19.12 -19.09 -18.88 -18.44 -18.09 -17.44 -16.81 -16.47 -16.06 -15.56 -14.75 -13.88 -12.97 -12.06 -11.12 -10.22 -9.41 -8.78 -8.53 -8.06 -7.72 -7.19 -6.91 -6.47 -5.91 -5.44 -5.03
-20.59 -20.34 -20.16 -20.06 -20.00 -20.12 -20.19 -20.12 -20.22 -20.22 -20.25 -20.34 -20.47 -20.44 -20.38 -20.41 -20.56 -20.66 -20.91 -20.84 -20.84 -21.00 -21.31 -21.53 -21.72 -21.97 -22.16 -22.16 -22.25 -22.41 -22.38 -22.31 -22.22 -22.22 -22.12 -21.97 -21.75 -21.44 -21.31 -21.22 -21.06 -20.78 -20.72 -20.41 -19.91 -19.62 -19.47 -19.31 -18.97 -18.84 -18.75 -18.50 -18.03 -17.62 -17.12 -16.38 -15.62 -15.03 -14.28 -13.34 -12.41 -11.41 -10.38 -9.28 -8.94 -8.66 -8.25 -7.72 -7.25 -6.81 -6.44 -5.94 -5.50 -5.03 -4.66
-20.59 -20.38 -20.22 -19.91 -19.88 -19.97 -20.09 -20.06 -20.03 -20.06 -19.97 -20.12 -20.16 -20.12 -20.19 -20.25 -20.31 -20.56 -20.78 -20.84 -21.00 -21.12 -21.22 -21.59 -21.84 -22.12 -22.34 -22.47 -22.47 -22.59 -22.53 -22.38 -22.44 -22.38 -22.19 -22.06 -21.78 -21.59 -21.41 -21.31 -21.06 -20.88 -20.66 -20.38 -20.12 -19.75 -19.56 -19.25 -19.09 -18.84 -18.62 -18.38 -18.09 -17.56 -17.19 -16.53 -15.53 -14.66 -13.75 -12.69 -11.78 -10.78 -9.78 -9.06 -8.66 -8.19 -7.69 -7.25 -6.75 -6.38 -6.06 -5.56 -5.19 -4.81 -4.41
-20.34 -20.06 -20.00 -19.75 -19.69 -19.62 -19.59 -19.72 -19.78 -19.91 -19.94 -19.88 -19.84 -19.88 -20.00 -20.06 -20.19 -20.44 -20.72 -20.75 -20.84 -21.12 -21.34 -21.59 -21.81 -22.12 -22.34 -22.56 -22.59 -22.56 -22.56 -22.53 -22.38 -22.34 -22.22 -22.09 -21.97 -21.75 -21.47 -21.38 -21.12 -20.91 -20.62 -20.31 -20.00 -19.81 -19.69 -19.44 -19.06 -18.81 -18.66 -18.41 -18.06 -17.62 -17.28 -16.75 -15.72 -14.53 -13.34 -12.09 -11.12 -10.22 -9.16 -8.66 -8.16 -7.62 -7.12 -6.66 -6.16 -5.88 -5.53 -5.09 -4.91 -4.62 -4.25
-20.16 -19.91 -19.88 -19.75 -19.62 -19.53 -19.47 -19.59 -19.72 -19.84 -19.78 -19.72 -19.66 -19.72 -19.72 -19.94 -20.06 -20.31 -20.53 -20.62 -20.94 -21.12 -21.38 -21.50 -21.69 -22.00 -22.22 -22.41 -22.62 -22.59 -22.59 -22.47 -22.44 -22.50 -22.34 -22.19 -22.06 -21.75 -21.53 -21.22 -21.03 -20.81 -20.59 -20.41 -20.00 -19.78 -19.44 -19.09 -18.78 -18.81 -18.56 -18.31 -17.94 -17.66 -17.25 -16.59 -15.59 -14.53 -13.22 -12.03 -10.75 -9.72 -9.00 -8.44 -7.72 -7.03 -6.44 -6.00 -5.69 -5.44 -5.03 -4.66 -4.47 -4.31 -4.00
-20.19 -19.94 -19.84 -19.66 -19.56 -19.28 -19.25 -19.31 -19.31 -19.41 -19.38 -19.38 -19.38 -19.47 -19.47 -19.56 -19.72 -19.91 -20.47 -20.81 -20.91 -21.03 -21.34 -21.44 -21.50 -21.72 -21.91 -22.25 -22.56 -22.69 -22.62 -22.56 -22.38 -22.44 -22.31 -22.22 -22.16 -21.97 -21.56 -21.31 -20.94 -20.69 -20.50 -20.03 -19.72 -19.47 -19.16 -18.84 -18.59 -18.38 -18.25 -17.94 -17.56 -17.38 -16.94 -16.34 -15.41 -14.28 -13.03 -11.72 -10.69 -9.59 -8.66 -7.94 -7.25 -6.53 -5.97 -5.59 -5.34 -5.00 -4.72 -4.28 -4.03 -3.97 -3.66
-20.03 -19.84 -19.59 -19.31 -19.19 -18.88 -18.84 -18.91 -19.12 -19.12 -19.12 -19.06 -18.94 -19.00 -19.22 -19.31 -19.78 -20.00 -20.25 -20.50 -20.91 -21.22 -21.38 -21.38 -21.41 -21.56 -21.84 -22.06 -22.31 -22.50 -22.59 -22.50 -22.22 -22.16 -22.22 -22.16 -21.97 -21.91 -21.72 -21.50 -21.06 -20.59 -20.22 -19.94 -19.53 -19.38 -18.88 -18.56 -18.09 -17.91 -17.75 -17.56 -17.25 -17.00 -16.50 -15.84 -15.03 -14.16 -13.22 -12.06 -10.62 -9.53 -8.44 -7.72 -7.09 -6.44 -5.84 -5.44 -5.06 -4.69 -4.44 -3.97 -3.66 -3.56 -3.31
