everonasctiles/Tile[16,15].asc
ncols 128
nrows 128
xllcorner 0
yllcorner 0
cellsize 2.0
NODATA_value  -9999
[rows 68 to 101 of 128, columns 0 to 76 of 128]
90.03 90.75 91.19 91.47 91.69 91.81 91.91 91.81 91.62 91.62 91.66 91.66 91.66 91.41 91.16 90.91 90.56 90.25 89.84 89.47 89.09 88.66 88.28 87.88 87.41 87.00 86.56 86.16 85.69 85.28 84.88 83.97 83.94 83.94 83.41 82.94 82.59 82.19 81.84 81.50 81.12 80.75 80.47 80.06 79.72 79.41 79.06 78.78 78.50 78.16 77.94 77.66 77.41 77.19 76.97 76.78 76.62 76.47 76.31 76.19 76.06 75.97 75.84 75.72 75.62 75.50 75.38 75.25 75.09 74.94 74.78 74.59 74.41 74.19 74.00 73.78 73.59
89.72 90.44 90.62 91.16 91.31 91.41 91.62 91.56 91.41 91.41 91.44 91.44 91.41 91.09 90.84 90.53 90.25 89.88 89.53 89.16 88.78 88.34 87.94 87.53 87.12 86.66 86.28 85.81 85.41 84.97 84.53 83.69 83.59 83.59 83.06 82.59 82.22 81.88 81.47 81.09 80.72 80.28 80.00 79.66 79.28 78.94 78.62 78.31 78.00 77.72 77.44 77.19 76.94 76.72 76.53 76.38 76.22 76.09 75.97 75.84 75.75 75.66 75.56 75.47 75.41 75.31 75.19 75.09 74.97 74.81 74.66 74.47 74.28 74.06 73.84 73.66 73.44
89.22 89.94 90.41 90.69 90.78 91.03 91.19 91.25 91.19 91.19 91.22 91.22 91.16 90.81 90.53 90.22 89.91 89.56 89.19 88.84 88.41 88.06 87.62 87.19 86.78 86.38 85.94 85.53 85.09 84.66 84.28 83.38 83.28 83.25 82.78 82.25 81.88 81.50 81.09 80.72 80.31 79.94 79.59 79.19 78.88 78.53 78.16 77.88 77.56 77.28 76.97 76.75 76.50 76.31 76.12 75.97 75.81 75.72 75.62 75.53 75.44 75.38 75.31 75.22 75.16 75.09 75.00 74.91 74.81 74.66 74.50 74.34 74.12 73.94 73.72 73.50 73.28
88.97 89.31 89.84 90.12 90.34 90.59 90.78 90.97 90.97 90.97 91.00 91.00 90.91 90.53 90.22 89.91 89.59 89.25 88.88 88.53 88.12 87.72 87.34 86.91 86.47 86.06 85.66 85.19 84.75 84.38 83.94 83.06 82.94 82.91 82.50 81.91 81.50 81.12 80.72 80.34 80.00 79.53 79.19 78.78 78.41 78.09 77.75 77.41 77.12 76.84 76.56 76.31 76.09 75.91 75.72 75.56 75.47 75.38 75.28 75.19 75.12 75.09 75.03 74.97 74.94 74.88 74.81 74.75 74.62 74.50 74.38 74.19 74.00 73.78 73.56 73.34 73.12
88.56 88.94 89.25 89.44 89.69 90.06 90.34 90.72 90.78 90.78 90.78 90.81 90.66 90.25 89.97 89.62 89.28 88.94 88.56 88.22 87.84 87.44 87.00 86.62 86.19 85.75 85.38 84.94 84.50 84.03 83.59 82.81 82.59 82.56 82.22 81.56 81.19 80.75 80.34 80.00 79.59 79.22 78.72 78.41 78.00 77.62 77.31 76.97 76.69 76.38 76.12 75.91 75.69 75.50 75.34 75.19 75.09 75.00 74.94 74.88 74.84 74.78 74.75 74.72 74.69 74.66 74.59 74.53 74.47 74.34 74.19 74.03 73.84 73.62 73.41 73.16 72.94
88.19 88.47 88.75 88.97 89.44 89.78 90.00 90.50 90.59 90.59 90.59 90.62 90.44 89.97 89.69 89.34 89.00 88.66 88.28 87.91 87.56 87.12 86.72 86.34 85.91 85.47 85.06 84.66 84.22 83.78 83.34 82.56 82.25 82.22 82.00 81.25 80.81 80.41 80.00 79.59 79.22 78.78 78.44 77.97 77.66 77.28 76.88 76.59 76.25 75.97 75.69 75.50 75.28 75.12 74.97 74.84 74.75 74.66 74.62 74.56 74.53 74.50 74.47 74.44 74.44 74.41 74.38 74.34 74.25 74.16 74.00 73.84 73.66 73.44 73.22 73.00 72.75
87.75 88.03 88.44 88.75 89.09 89.19 89.66 90.31 90.41 90.41 90.44 90.44 90.19 89.72 89.44 89.09 88.75 88.41 88.03 87.62 87.25 86.84 86.44 86.06 85.62 85.22 84.78 84.34 83.94 83.47 83.06 82.38 81.91 81.88 81.72 80.94 80.50 80.09 79.69 79.25 78.84 78.47 78.06 77.66 77.25 76.88 76.56 76.16 75.84 75.62 75.31 75.12 74.94 74.78 74.62 74.47 74.38 74.31 74.28 74.22 74.19 74.16 74.16 74.16 74.16 74.16 74.12 74.09 74.03 73.94 73.81 73.66 73.47 73.25 73.03 72.78 72.53
87.34 87.66 88.06 88.41 88.62 89.12 89.53 90.12 90.22 90.22 90.25 90.25 89.94 89.50 89.19 88.81 88.47 88.09 87.72 87.38 86.97 86.56 86.19 85.78 85.34 84.94 84.53 84.06 83.66 83.22 82.75 82.19 81.56 81.53 81.44 80.59 80.19 79.78 79.34 78.94 78.50 78.09 77.69 77.34 76.94 76.56 76.09 75.84 75.47 75.25 75.00 74.75 74.56 74.47 74.31 74.16 74.00 73.97 73.94 73.88 73.84 73.84 73.84 73.84 73.88 73.88 73.88 73.84 73.78 73.69 73.59 73.44 73.25 73.03 72.78 72.56 72.31
86.97 87.25 87.62 88.00 88.44 88.84 89.22 89.91 90.03 90.06 90.06 90.06 89.69 89.28 88.94 88.56 88.28 87.88 87.50 87.09 86.72 86.31 85.91 85.50 85.09 84.66 84.25 83.81 83.34 82.91 82.47 81.97 81.22 81.19 81.12 80.34 79.91 79.44 79.03 78.59 78.19 77.75 77.34 76.97 76.59 76.25 75.88 75.41 75.22 74.84 74.66 74.38 74.22 74.09 74.00 73.84 73.66 73.62 73.56 73.53 73.50 73.50 73.50 73.53 73.56 73.56 73.56 73.56 73.53 73.44 73.34 73.19 73.00 72.78 72.53 72.31 72.06
86.50 86.72 87.34 87.78 88.16 88.53 88.91 89.78 89.84 89.88 89.88 89.88 89.50 89.06 88.72 88.34 88.00 87.66 87.25 86.84 86.50 86.06 85.66 85.25 84.84 84.41 83.97 83.56 83.12 82.69 82.22 81.75 80.88 80.84 80.81 80.06 79.59 79.16 78.72 78.31 77.84 77.41 77.03 76.62 76.25 75.88 75.53 75.19 74.78 74.56 74.28 74.06 73.84 73.75 73.66 73.53 73.34 73.25 73.22 73.19 73.16 73.12 73.16 73.19 73.22 73.25 73.28 73.28 73.22 73.16 73.06 72.91 72.75 72.53 72.28 72.03 71.78
85.97 86.50 86.97 87.38 87.84 88.28 88.78 89.59 89.66 89.69 89.69 89.69 89.31 88.91 88.56 88.19 87.78 87.44 87.03 86.62 86.25 85.84 85.41 85.00 84.56 84.16 83.72 83.28 82.84 82.38 81.97 81.47 80.56 80.53 80.47 79.84 79.34 78.91 78.44 78.00 77.56 77.12 76.69 76.34 75.91 75.56 75.19 74.88 74.53 74.22 74.00 73.75 73.53 73.41 73.34 73.16 73.09 72.84 72.88 72.84 72.78 72.78 72.81 72.84 72.91 72.94 72.97 72.97 72.94 72.88 72.78 72.66 72.47 72.25 72.03 71.75 71.50
85.66 86.09 86.50 87.09 87.53 87.97 88.53 89.44 89.50 89.50 89.53 89.53 89.16 88.72 88.38 88.00 87.62 87.22 86.81 86.41 86.00 85.56 85.16 84.75 84.31 83.88 83.44 83.00 82.56 82.12 81.66 81.22 80.28 80.19 80.16 79.59 79.06 78.56 78.16 77.72 77.28 76.94 76.44 76.00 75.62 75.25 74.91 74.56 74.31 73.94 73.66 73.41 73.16 73.09 73.00 72.88 72.84 72.66 72.44 72.47 72.44 72.41 72.47 72.53 72.59 72.62 72.66 72.66 72.62 72.56 72.50 72.38 72.19 71.97 71.75 71.50 71.22
85.16 85.69 86.22 86.50 87.06 87.59 88.25 89.31 89.34 89.38 89.38 89.38 89.00 88.56 88.19 87.81 87.41 87.00 86.59 86.19 85.81 85.34 84.94 84.50 84.06 83.66 83.22 82.75 82.31 81.88 81.41 80.94 80.03 79.88 79.84 79.41 78.75 78.31 77.88 77.44 76.97 76.59 76.19 75.78 75.31 74.91 74.62 74.28 74.00 73.75 73.44 73.12 72.97 72.72 72.69 72.59 72.56 72.34 72.25 72.09 72.03 72.06 72.16 72.22 72.28 72.31 72.34 72.34 72.31 72.28 72.19 72.06 71.91 71.69 71.44 71.19 70.94
84.97 85.44 85.75 86.28 86.72 87.22 88.06 89.19 89.22 89.22 89.22 89.22 88.84 88.41 88.03 87.62 87.22 86.81 86.41 85.97 85.56 85.12 84.72 84.28 83.88 83.38 82.97 82.53 82.06 81.59 81.16 80.72 79.84 79.59 79.56 79.22 78.50 78.03 77.56 77.12 76.75 76.28 75.91 75.50 75.12 74.72 74.28 74.03 73.72 73.47 73.19 72.94 72.59 72.47 72.31 72.28 72.19 72.12 71.91 71.81 71.69 71.75 71.84 71.88 71.94 72.06 72.09 72.09 72.03 71.97 71.91 71.78 71.59 71.41 71.16 70.88 70.62
84.72 85.16 85.56 86.09 86.62 87.19 88.09 89.06 89.06 89.06 89.06 89.06 88.72 88.25 87.84 87.44 87.03 86.62 86.19 85.78 85.34 84.94 84.50 84.06 83.59 83.19 82.72 82.25 81.84 81.38 80.91 80.44 79.69 79.28 79.25 79.06 78.22 77.75 77.34 76.88 76.44 76.03 75.66 75.25 74.84 74.44 74.06 73.62 73.44 73.16 72.94 72.72 72.50 72.09 71.97 71.88 71.84 71.75 71.66 71.44 71.38 71.44 71.50 71.50 71.66 71.78 71.84 71.81 71.78 71.72 71.62 71.50 71.34 71.12 70.84 70.59 70.31
84.41 84.94 85.44 85.94 86.44 86.94 88.00 88.91 88.94 88.94 88.94 88.94 88.56 88.09 87.66 87.25 86.81 86.41 86.00 85.56 85.16 84.72 84.28 83.84 83.44 82.97 82.50 82.03 81.62 81.16 80.69 80.22 79.53 79.00 78.97 78.88 77.97 77.50 77.06 76.66 76.19 75.78 75.31 74.97 74.59 74.19 73.84 73.53 73.12 72.91 72.66 72.44 72.19 71.94 71.59 71.50 71.44 71.41 71.25 71.19 71.09 71.16 71.09 71.22 71.34 71.44 71.59 71.59 71.53 71.47 71.38 71.25 71.03 70.81 70.56 70.28 69.97
84.19 84.72 85.22 85.62 86.19 86.78 87.75 88.78 88.78 88.78 88.78 88.78 88.41 87.91 87.47 87.03 86.62 86.19 85.78 85.38 84.94 84.53 84.09 83.62 83.22 82.75 82.31 81.84 81.38 80.91 80.44 80.00 79.41 78.72 78.72 78.66 77.75 77.28 76.81 76.38 75.94 75.50 75.09 74.69 74.31 73.97 73.59 73.25 72.94 72.59 72.44 72.16 71.94 71.66 71.41 71.09 71.16 71.09 70.97 70.78 70.75 70.81 70.78 70.91 71.06 71.25 71.38 71.38 71.31 71.22 71.09 70.97 70.75 70.50 70.22 69.97 69.66
84.00 84.47 84.94 85.44 86.09 86.59 87.84 88.62 88.62 88.66 88.66 88.62 88.12 87.66 87.22 86.81 86.38 85.97 85.59 85.16 84.75 84.31 83.91 83.44 83.00 82.56 82.12 81.62 81.19 80.66 80.22 79.75 79.19 78.47 78.44 78.41 77.53 77.03 76.56 76.16 75.72 75.25 74.88 74.47 74.06 73.72 73.34 72.97 72.69 72.41 72.09 71.88 71.66 71.41 71.16 70.81 70.69 70.72 70.62 70.41 70.41 70.44 70.44 70.59 70.75 70.91 71.03 71.03 71.00 70.88 70.78 70.66 70.44 70.19 69.91 69.62 69.34
83.78 84.28 84.81 85.38 86.06 86.88 87.88 88.50 88.50 88.50 88.50 88.47 87.88 87.38 86.97 86.56 86.16 85.75 85.38 84.94 84.53 84.12 83.72 83.25 82.81 82.38 81.94 81.47 81.00 80.50 80.03 79.56 79.00 78.16 78.19 78.19 77.44 77.06 76.50 75.91 75.47 75.06 74.59 74.22 73.84 73.44 73.12 72.81 72.41 72.16 71.88 71.59 71.34 71.16 70.91 70.66 70.34 70.28 70.25 70.16 70.06 70.00 70.00 70.25 70.22 70.53 70.53 70.62 70.56 70.50 70.41 70.28 70.09 69.84 69.56 69.31 69.03
83.56 84.06 84.62 85.28 86.06 86.94 87.88 88.34 88.34 88.34 88.38 88.28 87.53 87.06 86.66 86.31 85.91 85.50 85.12 84.75 84.34 83.94 83.53 83.09 82.62 82.19 81.72 81.28 80.81 80.31 79.84 79.38 78.81 77.97 78.00 78.00 77.41 77.06 76.56 75.78 75.28 74.84 74.41 74.00 73.62 73.22 72.88 72.53 72.22 71.88 71.62 71.38 71.06 70.84 70.62 70.44 70.16 69.91 69.91 69.88 69.72 69.50 69.75 69.88 69.97 70.09 70.16 70.12 70.06 70.06 70.00 69.88 69.69 69.47 69.22 68.91 68.62
83.31 83.78 84.50 85.22 85.75 86.53 87.72 88.16 88.16 88.19 88.19 88.06 87.12 86.69 86.31 85.97 85.62 85.28 84.91 84.53 84.16 83.75 83.34 82.94 82.50 82.06 81.56 81.12 80.66 80.16 79.66 79.22 78.59 77.88 77.84 77.78 77.19 76.84 76.41 75.66 75.09 74.62 74.19 73.78 73.34 73.00 72.62 72.28 71.97 71.66 71.34 71.09 70.84 70.53 70.28 70.16 69.94 69.62 69.50 69.59 69.34 69.16 69.47 69.50 69.53 69.50 69.62 69.59 69.56 69.59 69.53 69.44 69.31 69.06 68.81 68.56 68.28
83.12 83.66 84.34 84.91 85.75 86.50 87.44 87.84 87.88 87.88 87.91 87.69 86.66 86.31 85.97 85.66 85.34 85.03 84.69 84.34 84.00 83.59 83.19 82.78 82.34 81.91 81.41 80.94 80.50 80.00 79.50 79.06 78.53 77.66 77.59 77.56 76.94 76.59 76.09 75.53 74.88 74.41 73.97 73.56 73.16 72.78 72.41 72.06 71.69 71.41 71.09 70.84 70.53 70.31 70.06 69.78 69.69 69.44 69.19 69.16 69.03 68.81 69.06 69.12 69.16 69.09 69.12 69.16 69.09 69.09 69.06 68.97 68.81 68.62 68.44 68.19 67.94
82.94 83.47 84.03 84.72 85.62 86.47 87.25 87.56 87.56 87.59 87.59 87.25 86.06 85.84 85.62 85.38 85.09 84.78 84.47 84.12 83.78 83.41 83.06 82.62 82.19 81.75 81.31 80.81 80.34 79.84 79.38 78.91 78.41 77.41 77.34 77.31 76.88 76.28 75.78 75.25 74.66 74.19 73.78 73.34 72.91 72.56 72.19 71.78 71.50 71.12 70.84 70.53 70.28 70.00 69.81 69.59 69.34 69.06 69.00 68.72 68.72 68.44 68.69 68.69 68.66 68.72 68.75 68.69 68.59 68.62 68.59 68.50 68.38 68.19 67.97 67.78 67.53
82.81 83.50 83.88 84.84 85.50 86.44 87.09 87.25 87.28 87.28 87.31 86.84 85.72 85.47 85.28 85.09 84.88 84.56 84.28 83.94 83.59 83.25 82.88 82.47 82.03 81.62 81.16 80.66 80.22 79.72 79.22 78.75 78.25 77.28 77.09 77.03 76.84 76.19 75.59 75.03 74.44 73.91 73.50 73.12 72.72 72.31 71.97 71.59 71.22 70.91 70.56 70.31 70.00 69.75 69.50 69.34 69.09 68.91 68.59 68.44 68.25 68.16 68.19 68.22 68.19 68.25 68.28 68.22 68.16 68.12 68.09 68.00 67.88 67.75 67.56 67.38 67.12
83.09 83.72 84.34 84.91 85.81 86.41 86.88 86.88 86.91 86.94 86.97 86.50 85.47 85.22 85.00 84.81 84.62 84.38 84.09 83.78 83.44 83.09 82.72 82.31 81.91 81.47 81.03 80.56 80.09 79.56 79.09 78.62 78.12 77.34 76.84 76.78 76.69 76.00 75.50 74.94 74.28 73.78 73.31 72.88 72.47 72.12 71.69 71.38 71.00 70.62 70.34 70.00 69.75 69.47 69.22 69.03 68.75 68.56 68.44 68.16 67.94 67.84 67.84 67.84 67.81 67.81 67.84 67.75 67.69 67.59 67.59 67.53 67.41 67.28 67.12 66.94 66.72
83.34 83.88 84.41 85.09 85.78 86.31 86.59 86.47 86.50 86.53 86.53 86.22 85.22 85.03 84.81 84.59 84.41 84.16 83.91 83.59 83.28 82.94 82.56 82.19 81.78 81.34 80.91 80.44 79.97 79.50 79.00 78.50 77.97 77.38 76.59 76.50 76.41 75.84 75.31 74.78 74.16 73.69 73.16 72.72 72.25 71.84 71.50 71.09 70.78 70.44 70.06 69.75 69.44 69.19 68.94 68.69 68.53 68.22 68.16 67.94 67.62 67.44 67.47 67.47 67.38 67.38 67.38 67.31 67.22 67.12 67.09 67.03 66.94 66.78 66.66 66.50 66.31
83.38 83.88 84.34 84.88 85.59 86.09 86.22 86.06 86.06 86.09 86.12 85.97 85.22 84.91 84.62 84.41 84.22 83.97 83.72 83.44 83.12 82.75 82.41 82.03 81.62 81.22 80.78 80.31 79.84 79.34 78.88 78.38 77.84 77.34 76.38 76.22 76.12 75.81 75.19 74.66 74.03 73.50 72.97 72.53 72.09 71.69 71.28 70.84 70.47 70.19 69.84 69.50 69.16 68.88 68.62 68.44 68.16 68.06 67.75 67.62 67.44 67.06 66.94 67.03 66.94 66.91 66.88 66.81 66.72 66.62 66.59 66.53 66.44 66.34 66.19 66.06 65.91
83.28 83.59 84.22 84.72 85.19 85.75 85.81 85.62 85.66 85.69 85.72 85.75 85.31 84.75 84.44 84.25 84.03 83.81 83.56 83.28 82.97 82.62 82.28 81.91 81.50 81.09 80.69 80.22 79.75 79.25 78.78 78.25 77.75 77.22 76.41 75.97 75.84 75.72 75.06 74.53 73.91 73.31 72.81 72.34 71.94 71.50 71.06 70.69 70.25 69.84 69.56 69.22 68.94 68.56 68.28 68.09 67.81 67.72 67.47 67.28 67.03 66.72 66.50 66.53 66.44 66.41 66.34 66.28 66.22 66.12 66.09 66.00 65.94 65.84 65.72 65.56 65.41
83.06 83.44 83.84 84.25 84.78 85.12 85.28 85.22 85.25 85.28 85.28 85.50 85.22 84.88 84.38 84.12 83.88 83.66 83.41 83.12 82.84 82.53 82.16 81.78 81.41 80.97 80.53 80.09 79.66 79.16 78.69 78.19 77.62 77.12 76.53 75.69 75.56 75.50 74.91 74.38 73.81 73.16 72.62 72.16 71.72 71.31 70.88 70.47 70.06 69.66 69.25 68.94 68.59 68.31 68.00 67.66 67.53 67.31 67.16 66.94 66.72 66.38 66.09 66.03 66.00 65.91 65.84 65.75 65.69 65.59 65.59 65.53 65.44 65.34 65.22 65.12 64.94
82.59 82.94 83.22 83.41 84.03 84.44 84.69 84.72 84.75 84.78 84.81 85.25 85.19 84.81 84.25 84.03 83.72 83.50 83.22 82.97 82.69 82.41 82.06 81.69 81.31 80.88 80.44 80.03 79.56 79.06 78.56 78.06 77.56 77.03 76.50 75.50 75.31 75.22 74.81 74.12 73.59 72.97 72.50 72.00 71.53 71.06 70.66 70.28 69.88 69.44 69.06 68.69 68.31 67.97 67.69 67.44 67.00 66.91 66.78 66.56 66.38 66.16 65.72 65.56 65.56 65.47 65.34 65.25 65.16 65.12 65.06 65.00 64.94 64.84 64.75 64.62 64.50
82.00 82.09 82.34 82.62 83.22 83.56 84.09 84.22 84.28 84.31 84.34 84.91 85.00 84.66 84.09 83.91 83.59 83.38 83.12 82.91 82.59 82.31 81.97 81.59 81.22 80.81 80.41 79.94 79.47 79.00 78.50 78.00 77.47 76.97 76.41 75.56 75.06 74.97 74.84 73.97 73.28 72.81 72.31 71.84 71.34 70.88 70.44 70.03 69.62 69.22 68.78 68.38 68.00 67.69 67.38 67.03 66.84 66.44 66.44 66.25 66.00 65.72 65.56 65.09 64.97 65.00 64.91 64.78 64.66 64.62 64.56 64.47 64.44 64.31 64.25 64.16 64.00
81.00 81.28 81.75 82.03 82.19 82.50 83.53 83.75 83.78 83.81 83.84 84.38 84.56 84.12 84.03 83.75 83.44 83.22 83.06 82.84 82.56 82.25 81.91 81.53 81.16 80.72 80.28 79.88 79.41 78.91 78.41 77.88 77.34 76.84 76.31 75.75 74.81 74.72 74.69 73.75 73.16 72.62 72.12 71.59 71.12 70.66 70.19 69.75 69.31 68.88 68.50 68.09 67.72 67.34 67.09 66.78 66.50 66.34 65.94 65.84 65.62 65.44 65.19 64.91 64.44 64.50 64.44 64.28 64.19 64.12 64.06 63.97 63.91 63.81 63.75 63.62 63.50
80.41 80.62 81.03 81.16 81.31 81.75 83.12 83.25 83.28 83.31 83.38 83.66 83.75 83.81 83.75 83.59 83.44 83.22 83.03 82.75 82.47 82.16 81.81 81.47 81.06 80.66 80.25 79.78 79.28 78.84 78.31 77.84 77.31 76.72 76.22 75.66 74.59 74.53 74.50 73.62 73.00 72.47 71.97 71.47 70.94 70.47 70.00 69.53 69.06 68.62 68.19 67.78 67.41 67.03 66.75 66.41 66.22 65.91 65.75 65.34 65.19 65.00 64.78 64.38 64.00 63.78 63.91 63.84 63.72 63.62 63.56 63.47 63.41 63.31 63.22 63.12 63.00
79.88 80.06 80.28 80.59 80.78 81.38 82.66 82.78 82.81 82.84 82.88 82.75 82.91 83.22 83.41 83.38 83.31 83.19 83.00 82.75 82.47 82.09 81.75 81.38 81.00 80.59 80.19 79.72 79.25 78.75 78.25 77.72 77.19 76.66 76.12 75.53 74.50 74.34 74.31 73.66 72.84 72.31 71.81 71.31 70.78 70.25 69.75 69.31 68.84 68.38 67.94 67.53 67.09 66.72 66.44 66.19 65.78 65.69 65.44 65.16 64.78 64.50 64.28 63.97 63.62 63.28 63.38 63.31 63.19 63.12 63.06 62.94 62.88 62.81 62.72 62.62 62.50
