everonasctiles/Tile[49,3].asc
ncols 128
nrows 128
xllcorner 0
yllcorner 0
cellsize 2.0
NODATA_value  -9999
[rows 87 to 115 of 128, columns 0 to 66 of 128]
-112.34 -112.53 -112.69 -112.91 -113.12 -113.38 -113.59 -113.84 -114.06 -114.28 -114.53 -114.81 -115.06 -115.38 -115.66 -115.97 -116.31 -116.69 -117.06 -117.47 -117.84 -118.19 -118.53 -118.88 -119.25 -119.66 -120.09 -120.50 -120.91 -121.28 -121.66 -121.97 -122.22 -122.47 -122.69 -122.94 -123.19 -123.44 -123.72 -124.00 -124.28 -124.59 -124.94 -125.28 -125.66 -126.06 -126.44 -126.81 -127.19 -127.56 -127.91 -128.22 -128.53 -128.84 -129.12 -129.38 -129.62 -129.84 -130.12 -130.41 -130.72 -131.09 -131.44 -131.78 -132.12 -132.47 -132.78
-112.62 -112.78 -112.94 -113.12 -113.31 -113.53 -113.78 -114.00 -114.25 -114.50 -114.78 -115.03 -115.34 -115.62 -115.94 -116.28 -116.62 -116.97 -117.34 -117.72 -118.09 -118.47 -118.84 -119.19 -119.56 -119.94 -120.34 -120.75 -121.12 -121.50 -121.88 -122.19 -122.47 -122.72 -122.97 -123.22 -123.47 -123.72 -123.97 -124.22 -124.50 -124.78 -125.09 -125.41 -125.75 -126.12 -126.50 -126.91 -127.28 -127.66 -128.00 -128.34 -128.69 -129.00 -129.28 -129.56 -129.84 -130.06 -130.31 -130.56 -130.84 -131.19 -131.53 -131.88 -132.22 -132.56 -132.88
-112.91 -113.03 -113.19 -113.34 -113.50 -113.69 -113.91 -114.16 -114.41 -114.69 -114.97 -115.25 -115.56 -115.88 -116.22 -116.56 -116.91 -117.25 -117.62 -118.00 -118.38 -118.75 -119.09 -119.47 -119.81 -120.19 -120.59 -120.97 -121.34 -121.72 -122.06 -122.38 -122.69 -122.94 -123.22 -123.47 -123.72 -123.97 -124.22 -124.47 -124.75 -125.03 -125.31 -125.59 -125.94 -126.25 -126.62 -127.00 -127.38 -127.75 -128.12 -128.47 -128.81 -129.16 -129.47 -129.75 -130.03 -130.28 -130.53 -130.75 -131.03 -131.31 -131.62 -131.97 -132.31 -132.62 -132.94
-113.16 -113.31 -113.44 -113.59 -113.72 -113.88 -114.06 -114.28 -114.53 -114.81 -115.12 -115.44 -115.75 -116.09 -116.44 -116.81 -117.16 -117.53 -117.88 -118.25 -118.62 -119.00 -119.38 -119.75 -120.09 -120.44 -120.84 -121.22 -121.56 -121.91 -122.25 -122.56 -122.84 -123.16 -123.41 -123.69 -123.94 -124.19 -124.44 -124.72 -125.00 -125.28 -125.56 -125.84 -126.16 -126.47 -126.78 -127.16 -127.50 -127.88 -128.25 -128.59 -128.97 -129.28 -129.59 -129.91 -130.22 -130.50 -130.75 -130.97 -131.22 -131.47 -131.75 -132.06 -132.38 -132.69 -133.00
-113.47 -113.59 -113.75 -113.88 -114.00 -114.12 -114.25 -114.41 -114.62 -114.94 -115.25 -115.56 -115.91 -116.28 -116.62 -117.00 -117.38 -117.75 -118.12 -118.50 -118.88 -119.28 -119.66 -120.00 -120.34 -120.72 -121.06 -121.44 -121.78 -122.12 -122.44 -122.75 -123.03 -123.31 -123.59 -123.88 -124.16 -124.41 -124.69 -124.94 -125.22 -125.50 -125.78 -126.09 -126.38 -126.69 -127.00 -127.34 -127.69 -128.03 -128.41 -128.75 -129.12 -129.44 -129.75 -130.06 -130.38 -130.66 -130.94 -131.19 -131.44 -131.66 -131.91 -132.16 -132.44 -132.75 -133.03
-113.75 -113.91 -114.03 -114.16 -114.28 -114.41 -114.50 -114.62 -114.75 -115.00 -115.31 -115.69 -116.03 -116.41 -116.78 -117.19 -117.56 -117.97 -118.34 -118.72 -119.09 -119.50 -119.88 -120.25 -120.59 -120.97 -121.31 -121.66 -122.03 -122.34 -122.69 -122.97 -123.25 -123.53 -123.78 -124.06 -124.34 -124.59 -124.88 -125.16 -125.44 -125.72 -126.00 -126.31 -126.62 -126.94 -127.25 -127.56 -127.91 -128.25 -128.59 -128.94 -129.28 -129.62 -129.94 -130.25 -130.53 -130.81 -131.12 -131.41 -131.62 -131.84 -132.06 -132.31 -132.56 -132.81 -133.09
-114.06 -114.22 -114.34 -114.47 -114.59 -114.69 -114.81 -114.91 -115.00 -115.09 -115.38 -115.75 -116.12 -116.53 -116.91 -117.31 -117.72 -118.12 -118.53 -118.91 -119.28 -119.69 -120.06 -120.44 -120.81 -121.19 -121.53 -121.88 -122.22 -122.56 -122.91 -123.19 -123.47 -123.72 -124.00 -124.25 -124.53 -124.78 -125.06 -125.34 -125.59 -125.91 -126.19 -126.50 -126.84 -127.16 -127.47 -127.78 -128.12 -128.44 -128.78 -129.12 -129.47 -129.81 -130.12 -130.44 -130.72 -131.00 -131.31 -131.59 -131.84 -132.06 -132.28 -132.47 -132.69 -132.94 -133.19
-114.34 -114.53 -114.66 -114.78 -114.91 -115.03 -115.12 -115.22 -115.31 -115.34 -115.41 -115.75 -116.19 -116.62 -117.03 -117.44 -117.88 -118.28 -118.69 -119.09 -119.47 -119.84 -120.22 -120.56 -120.94 -121.31 -121.69 -122.03 -122.41 -122.75 -123.09 -123.41 -123.69 -123.94 -124.19 -124.47 -124.72 -124.97 -125.25 -125.50 -125.78 -126.06 -126.38 -126.69 -127.00 -127.34 -127.66 -128.00 -128.31 -128.66 -129.00 -129.31 -129.66 -130.00 -130.31 -130.62 -130.94 -131.22 -131.50 -131.78 -132.03 -132.28 -132.50 -132.69 -132.88 -133.09 -133.31
-114.66 -114.84 -115.00 -115.12 -115.25 -115.34 -115.47 -115.56 -115.66 -115.69 -115.66 -115.75 -116.19 -116.69 -117.12 -117.56 -117.97 -118.41 -118.81 -119.22 -119.59 -119.97 -120.31 -120.69 -121.03 -121.41 -121.78 -122.16 -122.53 -122.91 -123.25 -123.56 -123.88 -124.16 -124.41 -124.66 -124.94 -125.19 -125.44 -125.69 -125.94 -126.22 -126.50 -126.81 -127.12 -127.47 -127.81 -128.16 -128.47 -128.81 -129.16 -129.50 -129.84 -130.16 -130.47 -130.81 -131.09 -131.41 -131.69 -131.97 -132.22 -132.50 -132.72 -132.91 -133.09 -133.28 -133.50
-114.97 -115.16 -115.31 -115.44 -115.56 -115.69 -115.81 -115.94 -116.00 -116.06 -116.06 -116.00 -116.19 -116.69 -117.25 -117.69 -118.09 -118.53 -118.94 -119.31 -119.69 -120.06 -120.41 -120.78 -121.12 -121.50 -121.84 -122.25 -122.62 -123.00 -123.34 -123.72 -124.03 -124.34 -124.62 -124.88 -125.16 -125.41 -125.66 -125.91 -126.12 -126.38 -126.66 -126.94 -127.25 -127.56 -127.91 -128.25 -128.56 -128.94 -129.28 -129.62 -129.97 -130.28 -130.62 -130.94 -131.25 -131.53 -131.84 -132.12 -132.41 -132.66 -132.91 -133.12 -133.31 -133.50 -133.69
-115.31 -115.50 -115.66 -115.81 -115.94 -116.06 -116.19 -116.28 -116.38 -116.44 -116.47 -116.50 -116.47 -116.75 -117.31 -117.81 -118.25 -118.66 -119.06 -119.44 -119.81 -120.16 -120.53 -120.88 -121.25 -121.59 -121.94 -122.31 -122.69 -123.06 -123.44 -123.81 -124.16 -124.47 -124.78 -125.06 -125.34 -125.59 -125.84 -126.09 -126.34 -126.56 -126.81 -127.09 -127.38 -127.69 -128.00 -128.31 -128.62 -128.97 -129.31 -129.69 -130.03 -130.38 -130.69 -131.03 -131.34 -131.66 -131.94 -132.25 -132.53 -132.81 -133.06 -133.31 -133.53 -133.72 -133.91
-115.66 -115.88 -116.03 -116.16 -116.28 -116.41 -116.56 -116.66 -116.75 -116.81 -116.88 -116.97 -117.00 -117.03 -117.41 -117.97 -118.44 -118.81 -119.22 -119.59 -119.97 -120.31 -120.69 -121.03 -121.38 -121.72 -122.09 -122.44 -122.78 -123.16 -123.53 -123.91 -124.25 -124.59 -124.91 -125.22 -125.50 -125.78 -126.03 -126.28 -126.53 -126.75 -126.97 -127.22 -127.50 -127.78 -128.09 -128.41 -128.72 -129.03 -129.38 -129.72 -130.06 -130.41 -130.75 -131.09 -131.41 -131.72 -132.03 -132.34 -132.62 -132.91 -133.19 -133.44 -133.69 -133.91 -134.12
-116.03 -116.22 -116.41 -116.53 -116.66 -116.78 -116.91 -117.03 -117.12 -117.19 -117.28 -117.38 -117.47 -117.53 -117.69 -118.12 -118.62 -119.03 -119.41 -119.78 -120.16 -120.50 -120.88 -121.22 -121.56 -121.91 -122.25 -122.56 -122.94 -123.28 -123.62 -124.00 -124.38 -124.72 -125.06 -125.38 -125.66 -125.94 -126.22 -126.47 -126.72 -126.94 -127.16 -127.41 -127.66 -127.94 -128.22 -128.50 -128.81 -129.09 -129.44 -129.78 -130.12 -130.47 -130.81 -131.12 -131.47 -131.78 -132.09 -132.41 -132.69 -133.00 -133.25 -133.53 -133.78 -134.03 -134.25
-116.41 -116.59 -116.78 -116.91 -117.03 -117.16 -117.28 -117.41 -117.53 -117.59 -117.69 -117.78 -117.91 -118.03 -118.12 -118.38 -118.84 -119.28 -119.66 -120.03 -120.41 -120.75 -121.09 -121.44 -121.78 -122.09 -122.44 -122.75 -123.06 -123.41 -123.78 -124.12 -124.50 -124.84 -125.19 -125.50 -125.81 -126.09 -126.38 -126.66 -126.91 -127.12 -127.38 -127.59 -127.84 -128.09 -128.38 -128.62 -128.91 -129.19 -129.50 -129.84 -130.16 -130.50 -130.84 -131.19 -131.53 -131.84 -132.16 -132.47 -132.75 -133.06 -133.34 -133.59 -133.88 -134.12 -134.38
-116.75 -116.97 -117.16 -117.31 -117.44 -117.53 -117.69 -117.81 -117.91 -118.00 -118.09 -118.19 -118.31 -118.44 -118.59 -118.81 -119.12 -119.53 -119.91 -120.28 -120.66 -121.03 -121.38 -121.69 -122.03 -122.34 -122.66 -122.94 -123.25 -123.56 -123.91 -124.25 -124.59 -124.97 -125.31 -125.62 -125.94 -126.25 -126.53 -126.81 -127.06 -127.31 -127.56 -127.78 -128.03 -128.28 -128.53 -128.78 -129.06 -129.31 -129.59 -129.91 -130.25 -130.59 -130.94 -131.25 -131.59 -131.91 -132.22 -132.50 -132.81 -133.09 -133.38 -133.66 -133.94 -134.19 -134.44
-117.12 -117.34 -117.53 -117.69 -117.81 -117.94 -118.06 -118.19 -118.31 -118.41 -118.50 -118.59 -118.69 -118.81 -119.00 -119.22 -119.47 -119.81 -120.16 -120.53 -120.91 -121.28 -121.62 -121.97 -122.28 -122.59 -122.91 -123.19 -123.47 -123.75 -124.06 -124.38 -124.72 -125.06 -125.41 -125.72 -126.06 -126.38 -126.66 -126.94 -127.22 -127.47 -127.75 -127.97 -128.22 -128.47 -128.72 -128.94 -129.19 -129.47 -129.72 -130.03 -130.34 -130.69 -131.00 -131.34 -131.66 -131.97 -132.28 -132.56 -132.88 -133.16 -133.44 -133.69 -133.97 -134.22 -134.50
-117.53 -117.72 -117.91 -118.09 -118.22 -118.34 -118.44 -118.59 -118.72 -118.81 -118.91 -118.97 -119.06 -119.19 -119.38 -119.59 -119.84 -120.12 -120.44 -120.78 -121.16 -121.53 -121.88 -122.22 -122.53 -122.84 -123.16 -123.44 -123.69 -123.94 -124.22 -124.53 -124.84 -125.16 -125.50 -125.81 -126.16 -126.47 -126.78 -127.06 -127.34 -127.62 -127.88 -128.12 -128.38 -128.62 -128.88 -129.12 -129.34 -129.59 -129.84 -130.16 -130.44 -130.78 -131.09 -131.44 -131.75 -132.06 -132.34 -132.62 -132.91 -133.19 -133.47 -133.72 -133.97 -134.25 -134.50
-117.91 -118.09 -118.31 -118.47 -118.62 -118.72 -118.84 -119.00 -119.12 -119.25 -119.31 -119.41 -119.47 -119.56 -119.75 -119.97 -120.22 -120.47 -120.72 -121.03 -121.34 -121.72 -122.09 -122.44 -122.75 -123.06 -123.38 -123.66 -123.94 -124.19 -124.44 -124.72 -125.00 -125.31 -125.62 -125.94 -126.25 -126.56 -126.84 -127.16 -127.44 -127.72 -128.00 -128.25 -128.53 -128.78 -129.03 -129.25 -129.50 -129.72 -130.00 -130.25 -130.56 -130.88 -131.19 -131.53 -131.84 -132.16 -132.44 -132.72 -133.00 -133.25 -133.50 -133.75 -134.00 -134.25 -134.50
-118.28 -118.50 -118.69 -118.88 -119.00 -119.12 -119.25 -119.41 -119.56 -119.69 -119.78 -119.84 -119.88 -119.94 -120.12 -120.34 -120.59 -120.81 -121.03 -121.28 -121.56 -121.91 -122.25 -122.59 -122.94 -123.28 -123.59 -123.88 -124.16 -124.41 -124.66 -124.91 -125.19 -125.47 -125.75 -126.06 -126.34 -126.66 -126.94 -127.22 -127.50 -127.81 -128.06 -128.34 -128.62 -128.88 -129.12 -129.38 -129.62 -129.88 -130.12 -130.41 -130.69 -131.00 -131.31 -131.62 -131.94 -132.25 -132.53 -132.81 -133.09 -133.34 -133.59 -133.81 -134.06 -134.31 -134.56
-118.66 -118.88 -119.09 -119.28 -119.44 -119.56 -119.69 -119.84 -119.97 -120.12 -120.22 -120.31 -120.34 -120.38 -120.50 -120.72 -120.97 -121.19 -121.38 -121.59 -121.81 -122.09 -122.41 -122.75 -123.09 -123.44 -123.75 -124.06 -124.34 -124.62 -124.88 -125.12 -125.41 -125.69 -125.94 -126.22 -126.50 -126.78 -127.03 -127.31 -127.59 -127.88 -128.16 -128.44 -128.69 -128.97 -129.22 -129.50 -129.75 -130.00 -130.28 -130.56 -130.84 -131.12 -131.44 -131.75 -132.06 -132.34 -132.62 -132.91 -133.19 -133.44 -133.72 -133.94 -134.19 -134.41 -134.62
-119.00 -119.28 -119.50 -119.69 -119.88 -120.00 -120.12 -120.28 -120.44 -120.56 -120.69 -120.78 -120.81 -120.84 -120.91 -121.09 -121.31 -121.53 -121.75 -121.94 -122.12 -122.31 -122.59 -122.91 -123.22 -123.56 -123.91 -124.22 -124.53 -124.81 -125.09 -125.34 -125.59 -125.88 -126.16 -126.41 -126.69 -126.94 -127.19 -127.44 -127.69 -127.97 -128.22 -128.50 -128.78 -129.03 -129.31 -129.59 -129.88 -130.16 -130.41 -130.72 -131.00 -131.31 -131.59 -131.91 -132.19 -132.50 -132.78 -133.03 -133.31 -133.59 -133.84 -134.09 -134.31 -134.56 -134.75
-119.31 -119.62 -119.91 -120.12 -120.31 -120.44 -120.59 -120.72 -120.88 -121.03 -121.16 -121.25 -121.28 -121.31 -121.38 -121.50 -121.69 -121.91 -122.09 -122.28 -122.44 -122.62 -122.84 -123.09 -123.41 -123.72 -124.03 -124.34 -124.66 -124.97 -125.25 -125.53 -125.78 -126.06 -126.34 -126.59 -126.88 -127.12 -127.38 -127.59 -127.84 -128.09 -128.34 -128.59 -128.88 -129.12 -129.41 -129.69 -129.97 -130.25 -130.56 -130.84 -131.16 -131.47 -131.78 -132.09 -132.38 -132.66 -132.94 -133.19 -133.47 -133.72 -134.00 -134.25 -134.50 -134.72 -134.94
-119.62 -119.94 -120.25 -120.53 -120.72 -120.91 -121.06 -121.19 -121.34 -121.47 -121.59 -121.69 -121.75 -121.78 -121.81 -121.91 -122.06 -122.25 -122.44 -122.59 -122.75 -122.94 -123.12 -123.34 -123.62 -123.91 -124.19 -124.50 -124.81 -125.09 -125.38 -125.69 -125.94 -126.22 -126.50 -126.78 -127.06 -127.34 -127.59 -127.81 -128.03 -128.28 -128.50 -128.75 -129.00 -129.25 -129.53 -129.81 -130.09 -130.38 -130.69 -130.97 -131.31 -131.62 -131.94 -132.28 -132.56 -132.84 -133.12 -133.38 -133.66 -133.91 -134.16 -134.41 -134.66 -134.88 -135.09
-119.94 -120.28 -120.59 -120.91 -121.12 -121.34 -121.50 -121.66 -121.78 -121.94 -122.03 -122.12 -122.19 -122.22 -122.25 -122.31 -122.44 -122.59 -122.78 -122.94 -123.09 -123.25 -123.41 -123.59 -123.84 -124.09 -124.38 -124.66 -124.94 -125.22 -125.53 -125.81 -126.09 -126.38 -126.66 -126.94 -127.25 -127.53 -127.78 -128.03 -128.28 -128.50 -128.72 -128.94 -129.19 -129.44 -129.69 -129.97 -130.22 -130.53 -130.81 -131.12 -131.44 -131.78 -132.12 -132.47 -132.78 -133.06 -133.34 -133.59 -133.84 -134.09 -134.34 -134.59 -134.84 -135.06 -135.28
-120.25 -120.56 -120.91 -121.22 -121.53 -121.75 -121.94 -122.09 -122.25 -122.38 -122.47 -122.56 -122.59 -122.62 -122.66 -122.72 -122.84 -122.97 -123.12 -123.25 -123.38 -123.53 -123.69 -123.88 -124.09 -124.31 -124.56 -124.84 -125.09 -125.38 -125.66 -125.94 -126.22 -126.50 -126.78 -127.09 -127.38 -127.69 -127.97 -128.25 -128.50 -128.72 -128.94 -129.16 -129.38 -129.62 -129.88 -130.12 -130.41 -130.69 -130.97 -131.28 -131.62 -131.97 -132.31 -132.62 -132.97 -133.28 -133.56 -133.81 -134.06 -134.31 -134.56 -134.78 -135.03 -135.25 -135.47
-120.59 -120.91 -121.22 -121.53 -121.84 -122.12 -122.34 -122.50 -122.66 -122.78 -122.88 -122.97 -123.00 -123.03 -123.06 -123.12 -123.22 -123.34 -123.47 -123.59 -123.69 -123.81 -123.97 -124.12 -124.31 -124.53 -124.78 -125.03 -125.28 -125.53 -125.78 -126.06 -126.34 -126.62 -126.91 -127.19 -127.50 -127.81 -128.09 -128.41 -128.69 -128.94 -129.16 -129.38 -129.59 -129.81 -130.06 -130.31 -130.59 -130.88 -131.16 -131.47 -131.81 -132.12 -132.47 -132.81 -133.12 -133.44 -133.75 -134.03 -134.28 -134.53 -134.78 -135.00 -135.22 -135.44 -135.66
-120.94 -121.22 -121.53 -121.84 -122.16 -122.44 -122.69 -122.88 -123.03 -123.19 -123.28 -123.34 -123.41 -123.44 -123.47 -123.53 -123.59 -123.72 -123.84 -123.94 -124.03 -124.12 -124.22 -124.38 -124.53 -124.72 -124.94 -125.19 -125.44 -125.69 -125.94 -126.19 -126.47 -126.75 -127.03 -127.31 -127.59 -127.91 -128.22 -128.53 -128.84 -129.09 -129.38 -129.59 -129.84 -130.06 -130.28 -130.50 -130.78 -131.06 -131.38 -131.69 -132.00 -132.34 -132.66 -133.00 -133.31 -133.62 -133.91 -134.22 -134.47 -134.72 -134.97 -135.19 -135.44 -135.62 -135.84
-121.28 -121.56 -121.84 -122.12 -122.44 -122.72 -122.97 -123.22 -123.38 -123.53 -123.66 -123.72 -123.78 -123.81 -123.84 -123.91 -123.97 -124.09 -124.19 -124.28 -124.38 -124.44 -124.53 -124.62 -124.75 -124.94 -125.12 -125.38 -125.59 -125.84 -126.09 -126.34 -126.59 -126.88 -127.12 -127.44 -127.72 -128.03 -128.34 -128.66 -128.97 -129.25 -129.53 -129.81 -130.06 -130.28 -130.53 -130.75 -131.00 -131.28 -131.56 -131.91 -132.22 -132.53 -132.88 -133.19 -133.50 -133.78 -134.06 -134.38 -134.62 -134.91 -135.16 -135.38 -135.62 -135.81 -136.03
-121.62 -121.91 -122.19 -122.44 -122.72 -123.00 -123.25 -123.50 -123.69 -123.84 -123.97 -124.06 -124.12 -124.16 -124.22 -124.28 -124.34 -124.44 -124.53 -124.62 -124.69 -124.75 -124.81 -124.91 -125.00 -125.12 -125.31 -125.53 -125.75 -126.03 -126.28 -126.53 -126.78 -127.03 -127.28 -127.56 -127.84 -128.16 -128.44 -128.75 -129.06 -129.41 -129.69 -130.00 -130.25 -130.53 -130.78 -131.00 -131.22 -131.50 -131.78 -132.12 -132.44 -132.78 -133.09 -133.38 -133.69 -133.97 -134.25 -134.53 -134.78 -135.06 -135.31 -135.56 -135.78 -136.00 -136.22
