everonasctiles/Tile[7,19].asc
ncols 128
nrows 128
xllcorner 0
yllcorner 0
cellsize 2.0
NODATA_value  -9999
[rows 34 to 67 of 128, columns 0 to 76 of 128]
61.19 61.38 61.53 61.62 61.75 61.91 62.12 62.44 62.75 63.00 63.09 63.09 63.06 63.03 63.06 63.09 63.00 63.03 63.09 63.44 64.03 64.53 64.91 65.16 65.75 66.38 66.75 67.00 67.16 67.31 67.44 67.50 67.56 67.62 67.66 67.78 67.84 67.88 68.00 68.00 68.03 68.09 68.12 68.16 68.12 68.22 68.38 68.44 68.53 68.53 68.66 68.66 68.72 68.97 69.16 69.25 69.69 69.91 70.00 70.00 69.91 69.88 69.94 69.97 69.91 69.91 69.91 69.88 69.84 69.84 69.81 69.75 69.50 69.12 68.84 68.69 68.41
61.19 61.41 61.59 61.72 61.84 62.00 62.25 62.56 62.88 63.16 63.31 63.34 63.31 63.28 63.25 63.22 63.22 63.12 63.44 63.59 63.88 64.38 64.75 65.19 65.72 66.22 66.59 66.84 67.06 67.16 67.28 67.34 67.38 67.38 67.53 67.62 67.66 67.66 67.75 67.84 67.84 67.91 67.94 67.88 67.91 67.97 68.09 68.19 68.25 68.25 68.38 68.38 68.56 68.72 68.75 69.09 69.25 69.53 69.53 69.53 69.59 69.53 69.59 69.62 69.56 69.53 69.56 69.53 69.53 69.50 69.53 69.41 69.12 68.91 68.62 68.31 68.16
61.12 61.31 61.50 61.66 61.78 61.97 62.25 62.59 62.94 63.25 63.44 63.53 63.59 63.59 63.53 63.47 63.44 63.47 63.69 64.00 64.25 64.53 64.84 65.25 65.62 66.12 66.53 66.75 66.88 66.91 67.09 67.22 67.22 67.31 67.34 67.47 67.47 67.53 67.59 67.62 67.66 67.69 67.72 67.62 67.62 67.75 67.84 67.91 67.94 68.00 68.03 68.22 68.34 68.44 68.56 68.69 68.91 69.06 68.97 69.09 69.22 69.25 69.31 69.34 69.25 69.16 69.22 69.19 69.16 69.19 69.16 69.06 68.88 68.62 68.38 68.09 67.66
61.06 61.25 61.44 61.59 61.72 61.94 62.25 62.62 62.97 63.31 63.59 63.72 63.88 63.94 63.91 63.88 63.88 63.88 64.03 64.25 64.44 64.62 64.91 65.25 65.69 66.12 66.44 66.62 66.72 66.84 66.97 67.06 67.12 67.09 67.25 67.25 67.31 67.31 67.38 67.41 67.44 67.47 67.50 67.38 67.44 67.50 67.59 67.66 67.72 67.75 67.91 67.97 68.06 68.12 68.19 68.34 68.47 68.53 68.56 68.66 68.81 68.81 69.00 68.97 68.94 68.84 68.84 68.84 68.81 68.88 68.84 68.75 68.59 68.31 68.16 67.78 67.47
61.28 61.38 61.47 61.56 61.72 61.94 62.22 62.66 63.06 63.41 63.72 63.94 64.12 64.28 64.31 64.31 64.38 64.41 64.44 64.56 64.66 64.78 65.00 65.38 65.75 66.09 66.34 66.50 66.62 66.75 66.81 66.94 66.97 67.03 67.06 67.12 67.12 67.06 67.09 67.19 67.22 67.25 67.28 67.16 67.16 67.22 67.34 67.38 67.44 67.53 67.62 67.72 67.78 67.75 67.88 67.94 68.03 68.06 68.09 68.25 68.31 68.53 68.66 68.62 68.56 68.50 68.47 68.47 68.50 68.59 68.59 68.50 68.38 68.19 67.81 67.50 67.19
61.53 61.59 61.62 61.69 61.81 62.06 62.38 62.81 63.22 63.53 63.88 64.16 64.38 64.56 64.69 64.72 64.75 64.81 64.78 64.81 64.84 64.94 65.16 65.44 65.78 66.09 66.25 66.34 66.50 66.62 66.72 66.78 66.81 66.78 66.84 66.88 66.88 66.88 66.84 66.91 66.97 66.97 66.97 66.94 66.88 66.97 67.09 67.16 67.16 67.28 67.47 67.47 67.44 67.41 67.50 67.53 67.62 67.66 67.66 67.78 67.91 68.12 68.19 68.22 68.12 68.16 68.12 68.16 68.25 68.31 68.31 68.25 68.06 67.94 67.59 67.16 66.81
61.84 61.84 61.88 61.94 62.06 62.31 62.62 63.03 63.41 63.72 64.03 64.34 64.56 64.78 64.91 64.94 64.97 65.03 64.94 64.97 65.03 65.09 65.25 65.50 65.75 65.97 66.16 66.25 66.34 66.44 66.56 66.59 66.62 66.59 66.53 66.59 66.59 66.56 66.59 66.62 66.69 66.69 66.66 66.66 66.56 66.78 66.91 66.94 66.97 67.19 67.28 67.28 67.06 67.03 67.16 67.19 67.16 67.25 67.22 67.31 67.53 67.66 67.75 67.75 67.78 67.75 67.78 67.91 67.97 67.94 67.97 67.91 67.84 67.66 67.34 66.91 66.50
62.19 62.19 62.22 62.25 62.34 62.53 62.84 63.22 63.59 63.91 64.19 64.50 64.72 64.84 64.97 65.03 65.06 65.06 65.00 65.03 65.09 65.12 65.28 65.41 65.56 65.72 65.97 66.09 66.19 66.31 66.38 66.44 66.41 66.34 66.34 66.25 66.34 66.34 66.34 66.38 66.41 66.41 66.38 66.31 66.38 66.53 66.72 66.72 66.94 67.03 67.06 66.97 66.78 66.72 66.75 66.78 66.69 66.78 66.84 66.97 67.03 67.25 67.34 67.28 67.31 67.38 67.56 67.72 67.72 67.72 67.66 67.56 67.53 67.34 67.06 66.53 66.19
62.53 62.56 62.56 62.56 62.62 62.75 63.00 63.31 63.66 64.00 64.28 64.53 64.75 64.91 64.97 65.00 65.03 64.94 64.91 64.84 64.94 65.00 65.09 65.19 65.28 65.53 65.69 65.88 65.88 66.09 66.19 66.25 66.22 66.06 66.06 66.06 66.06 66.09 66.06 66.12 66.12 66.12 66.16 65.97 66.28 66.44 66.50 66.66 66.78 66.84 66.78 66.69 66.41 66.38 66.38 66.38 66.28 66.38 66.47 66.50 66.69 66.78 66.81 66.91 66.94 67.16 67.38 67.50 67.53 67.50 67.41 67.31 67.16 66.91 66.62 66.22 65.94
62.84 62.84 62.88 62.88 62.91 63.03 63.19 63.44 63.69 64.00 64.25 64.50 64.75 64.91 64.94 64.94 64.91 64.84 64.69 64.72 64.72 64.78 64.84 64.94 65.12 65.19 65.41 65.56 65.78 65.88 65.91 65.97 65.91 65.91 65.84 65.84 65.84 65.88 65.88 65.91 65.91 65.91 65.91 65.81 66.09 66.22 66.25 66.47 66.53 66.56 66.50 66.34 66.09 65.91 65.97 65.97 65.88 65.97 66.03 66.22 66.31 66.31 66.38 66.41 66.62 66.91 67.06 67.19 67.34 67.31 67.12 66.91 66.78 66.56 66.34 65.91 65.62
63.03 63.06 63.06 63.06 63.03 63.09 63.28 63.44 63.72 63.97 64.19 64.44 64.69 64.78 64.81 64.81 64.81 64.75 64.53 64.47 64.47 64.47 64.53 64.72 64.91 65.09 65.25 65.41 65.50 65.56 65.59 65.53 65.62 65.62 65.47 65.53 65.66 65.62 65.72 65.72 65.69 65.69 65.53 65.75 65.94 65.97 66.06 66.25 66.25 66.19 66.09 65.97 65.69 65.56 65.59 65.62 65.53 65.53 65.72 65.81 65.84 65.88 65.94 66.03 66.19 66.44 66.53 66.88 67.00 67.03 66.94 66.69 66.19 66.00 65.91 65.53 65.34
63.00 63.00 63.06 63.00 63.06 63.09 63.22 63.44 63.66 63.78 64.12 64.31 64.41 64.59 64.62 64.66 64.59 64.50 64.34 64.22 64.16 64.16 64.31 64.47 64.59 64.88 65.06 65.19 65.31 65.31 65.28 65.31 65.31 65.25 65.19 65.25 65.34 65.44 65.47 65.50 65.44 65.38 65.25 65.66 65.72 65.81 65.91 66.03 65.94 65.69 65.66 65.41 65.38 65.28 65.16 65.12 65.16 65.19 65.31 65.38 65.34 65.41 65.47 65.53 65.84 66.00 66.16 66.41 66.59 66.72 66.62 66.41 65.88 65.59 65.62 65.38 65.03
62.75 62.75 62.78 62.91 62.94 63.03 63.16 63.38 63.53 63.69 63.88 64.00 64.16 64.31 64.25 64.31 64.31 64.22 64.09 63.91 63.94 63.97 64.03 64.22 64.31 64.47 64.78 64.97 65.00 64.97 65.00 65.03 64.81 64.91 64.97 65.03 65.09 65.16 65.12 65.19 65.12 65.09 64.94 65.47 65.53 65.56 65.59 65.69 65.62 65.22 65.12 65.00 64.84 64.84 64.75 64.75 64.69 64.84 64.91 64.97 64.97 64.97 65.06 65.22 65.38 65.53 65.53 65.66 66.03 66.31 66.31 66.12 65.84 65.62 65.44 65.31 64.97
62.47 62.47 62.53 62.59 62.72 62.72 62.94 63.12 63.19 63.38 63.53 63.56 63.75 64.00 64.03 64.06 64.03 63.91 63.75 63.72 63.66 63.66 63.81 63.97 64.06 64.19 64.53 64.66 64.66 64.66 64.69 64.69 64.56 64.59 64.62 64.75 64.75 64.78 64.84 64.81 64.88 64.53 65.06 65.31 65.34 65.22 65.25 65.25 65.19 64.88 64.56 64.47 64.38 64.44 64.41 64.25 64.34 64.38 64.50 64.56 64.50 64.53 64.59 64.75 64.88 65.00 65.06 65.25 65.62 65.84 65.88 65.81 65.66 65.50 65.38 65.16 64.97
62.25 62.22 62.19 62.25 62.34 62.47 62.72 62.81 62.91 63.06 63.19 63.34 63.53 63.72 63.81 63.84 63.75 63.59 63.56 63.50 63.44 63.38 63.50 63.62 63.75 63.94 64.25 64.31 64.28 64.28 64.34 64.31 64.28 64.31 64.34 64.41 64.47 64.47 64.44 64.41 64.34 64.62 64.84 65.03 65.12 64.88 64.81 64.78 64.59 64.31 64.22 64.12 64.09 64.09 64.06 63.94 63.88 63.97 64.09 64.00 64.00 64.03 64.22 64.28 64.38 64.53 64.69 64.88 65.12 65.31 65.41 65.41 65.34 65.28 65.16 65.03 64.78
61.94 61.94 61.91 61.91 62.12 62.22 62.38 62.50 62.62 62.75 62.91 63.09 63.28 63.41 63.50 63.53 63.50 63.38 63.22 63.22 63.16 63.19 63.16 63.38 63.47 63.72 63.91 63.97 63.81 63.88 63.91 63.94 63.94 64.03 64.03 64.06 64.06 64.09 64.09 64.06 64.09 64.34 64.53 64.62 64.81 64.75 64.28 64.38 64.16 63.97 63.78 63.75 63.75 63.75 63.72 63.62 63.44 63.50 63.59 63.56 63.50 63.69 63.72 63.81 63.94 64.06 64.22 64.41 64.59 64.78 64.91 64.94 64.97 64.94 64.84 64.72 64.53
61.69 61.69 61.66 61.78 61.91 62.03 62.12 62.19 62.38 62.50 62.59 62.81 62.88 63.09 63.16 63.09 63.16 63.06 62.94 62.91 62.91 62.84 62.97 63.12 63.28 63.41 63.56 63.50 63.50 63.44 63.53 63.62 63.66 63.69 63.59 63.62 63.72 63.66 63.78 63.72 63.69 64.00 64.00 64.16 64.44 64.41 64.25 63.81 63.84 63.59 63.53 63.44 63.34 63.34 63.34 63.25 63.12 63.06 63.16 63.09 63.09 63.22 63.31 63.38 63.50 63.62 63.75 63.94 64.09 64.25 64.38 64.47 64.50 64.50 64.47 64.34 64.16
61.44 61.41 61.47 61.53 61.69 61.72 61.88 61.97 62.09 62.25 62.28 62.53 62.62 62.72 62.81 62.72 62.78 62.72 62.66 62.59 62.56 62.66 62.78 62.81 63.00 63.03 63.25 63.19 63.12 63.12 63.19 63.28 63.31 63.34 63.34 63.28 63.34 63.34 63.38 63.22 63.53 63.66 63.59 63.56 63.88 63.97 63.88 63.66 63.31 63.31 63.19 63.06 63.00 62.97 62.94 62.88 62.59 62.69 62.72 62.62 62.72 62.78 62.88 62.97 63.06 63.19 63.31 63.47 63.62 63.78 63.88 63.97 64.03 64.03 64.00 63.88 63.72
61.19 61.19 61.25 61.31 61.47 61.53 61.59 61.72 61.81 61.91 62.06 62.16 62.25 62.41 62.41 62.41 62.38 62.41 62.31 62.22 62.25 62.44 62.56 62.62 62.72 62.81 62.81 62.81 62.88 62.84 62.88 62.94 63.00 63.03 63.03 63.00 63.00 63.00 62.84 63.00 63.12 63.31 63.28 63.41 63.53 63.59 63.50 63.16 62.94 62.94 62.84 62.75 62.66 62.53 62.53 62.47 62.12 62.28 62.19 62.22 62.28 62.34 62.47 62.53 62.66 62.75 62.88 63.00 63.16 63.28 63.38 63.47 63.50 63.53 63.47 63.38 63.19
60.88 61.00 61.00 61.12 61.22 61.28 61.41 61.50 61.53 61.62 61.69 61.91 61.97 62.06 62.09 62.06 62.06 62.09 61.97 61.97 61.97 62.22 62.34 62.41 62.47 62.50 62.50 62.44 62.56 62.56 62.53 62.59 62.62 62.66 62.66 62.66 62.59 62.56 62.44 62.78 62.75 62.91 62.84 62.97 63.09 63.06 63.03 62.88 62.53 62.53 62.47 62.41 62.31 62.19 62.12 62.03 61.88 61.69 61.81 61.84 61.91 62.00 62.06 62.12 62.22 62.28 62.44 62.53 62.66 62.75 62.84 62.94 62.97 62.97 62.94 62.84 62.66
60.75 60.78 60.84 60.94 60.97 61.06 61.12 61.22 61.31 61.41 61.47 61.59 61.69 61.75 61.75 61.81 61.81 61.81 61.69 61.72 61.75 62.03 62.09 62.16 62.28 62.28 62.22 62.12 62.19 62.22 62.22 62.16 62.22 62.31 62.25 62.19 62.22 62.16 62.28 62.38 62.38 62.41 62.38 62.47 62.56 62.59 62.53 62.50 62.41 62.06 62.12 62.00 61.91 61.81 61.72 61.62 61.50 61.31 61.44 61.50 61.47 61.59 61.62 61.72 61.81 61.91 62.00 62.09 62.19 62.28 62.34 62.41 62.44 62.44 62.41 62.31 62.16
60.56 60.53 60.66 60.72 60.75 60.84 60.88 61.00 61.03 61.16 61.19 61.34 61.38 61.47 61.44 61.50 61.53 61.50 61.41 61.38 61.69 61.88 61.91 61.97 61.97 61.97 61.84 61.84 61.81 61.81 61.84 61.78 61.91 61.97 61.94 61.84 61.81 61.78 61.94 62.00 62.00 61.94 62.00 62.03 62.09 62.06 62.12 62.12 62.09 61.94 61.66 61.66 61.47 61.41 61.31 61.16 61.06 60.97 61.06 61.12 61.09 61.22 61.25 61.31 61.34 61.44 61.53 61.59 61.69 61.75 61.81 61.88 61.91 61.91 61.84 61.78 61.66
60.31 60.38 60.47 60.53 60.56 60.56 60.62 60.75 60.75 60.84 61.00 61.03 61.12 61.19 61.19 61.22 61.22 61.19 61.19 61.28 61.44 61.69 61.69 61.75 61.75 61.66 61.53 61.47 61.47 61.44 61.47 61.50 61.59 61.59 61.59 61.41 61.47 61.47 61.50 61.59 61.62 61.59 61.56 61.62 61.66 61.69 61.62 61.62 61.66 61.66 61.47 61.25 61.16 60.97 60.91 60.78 60.75 60.69 60.69 60.72 60.75 60.81 60.81 60.91 60.97 61.00 61.09 61.16 61.22 61.28 61.31 61.31 61.38 61.34 61.31 61.25 61.12
60.16 60.22 60.28 60.31 60.34 60.34 60.44 60.47 60.56 60.62 60.66 60.78 60.84 60.91 60.91 60.91 60.84 60.88 60.81 61.09 61.28 61.41 61.38 61.44 61.44 61.22 61.16 61.12 61.03 61.06 61.06 61.25 61.28 61.28 61.22 61.03 61.06 61.00 61.19 61.22 61.16 61.19 61.12 61.12 61.22 61.16 61.25 61.25 61.25 61.28 61.16 60.88 60.78 60.62 60.53 60.47 60.38 60.38 60.31 60.31 60.41 60.38 60.41 60.47 60.53 60.56 60.62 60.66 60.72 60.75 60.81 60.81 60.84 60.84 60.78 60.72 60.62
59.91 60.03 60.09 60.09 60.12 60.16 60.25 60.25 60.28 60.31 60.38 60.50 60.56 60.56 60.59 60.50 60.50 60.53 60.78 60.91 61.00 61.03 60.84 61.03 61.00 60.84 60.81 60.75 60.62 60.72 60.78 60.88 60.97 60.88 60.81 60.69 60.59 60.69 60.84 60.75 60.78 60.72 60.69 60.66 60.78 60.75 60.81 60.84 60.91 60.91 60.72 60.59 60.41 60.34 60.19 60.16 60.06 59.97 59.97 59.94 60.00 60.00 60.03 60.06 60.09 60.12 60.16 60.19 60.22 60.28 60.28 60.31 60.31 60.31 60.25 60.19 60.12
59.75 59.84 59.88 59.91 59.94 60.00 60.03 60.03 60.03 60.03 60.12 60.16 60.25 60.25 60.25 60.19 60.19 60.22 60.50 60.66 60.69 60.56 60.47 60.50 60.59 60.44 60.41 60.38 60.25 60.38 60.38 60.44 60.59 60.59 60.44 60.38 60.19 60.25 60.44 60.38 60.34 60.19 60.28 60.25 60.31 60.38 60.44 60.47 60.59 60.53 60.41 60.28 60.09 59.97 59.88 59.78 59.69 59.62 59.62 59.56 59.62 59.56 59.59 59.59 59.62 59.66 59.69 59.72 59.75 59.78 59.78 59.78 59.81 59.78 59.75 59.69 59.62
59.56 59.62 59.66 59.62 59.78 59.81 59.81 59.81 59.81 59.81 59.91 59.91 59.94 59.94 59.94 59.84 59.84 60.09 60.19 60.34 60.31 60.25 60.19 60.19 60.22 60.16 60.03 60.00 59.97 59.97 60.03 60.12 60.22 60.25 60.19 60.06 59.75 59.81 59.97 59.97 59.91 59.75 59.84 59.81 59.84 59.94 60.06 60.06 60.12 60.12 60.06 59.94 59.81 59.66 59.59 59.44 59.38 59.28 59.22 59.22 59.19 59.16 59.19 59.16 59.19 59.16 59.22 59.25 59.25 59.28 59.28 59.28 59.28 59.28 59.25 59.19 59.12
59.34 59.41 59.44 59.50 59.59 59.62 59.62 59.59 59.59 59.59 59.66 59.66 59.66 59.62 59.59 59.56 59.66 59.81 59.91 59.94 59.88 59.88 59.84 59.81 59.78 59.78 59.69 59.59 59.56 59.59 59.66 59.75 59.88 59.81 59.91 59.69 59.31 59.50 59.50 59.50 59.47 59.28 59.34 59.41 59.44 59.50 59.59 59.66 59.72 59.69 59.69 59.59 59.50 59.38 59.22 59.09 59.00 58.84 58.78 58.84 58.75 58.72 58.75 58.72 58.72 58.72 58.75 58.75 58.75 58.78 58.78 58.78 58.78 58.78 58.75 58.69 58.66
59.16 59.22 59.25 59.25 59.38 59.44 59.44 59.41 59.38 59.38 59.31 59.38 59.38 59.34 59.28 59.28 59.41 59.56 59.59 59.59 59.53 59.47 59.47 59.44 59.38 59.38 59.31 59.22 59.19 59.28 59.25 59.41 59.53 59.53 59.50 59.50 58.97 59.06 58.94 59.06 59.00 58.78 58.88 58.91 58.97 59.00 59.09 59.22 59.28 59.31 59.31 59.22 59.12 58.97 58.84 58.75 58.59 58.47 58.41 58.38 58.34 58.28 58.31 58.28 58.25 58.22 58.25 58.25 58.28 58.28 58.28 58.28 58.28 58.28 58.25 58.22 58.16
59.00 59.03 59.00 59.00 59.12 59.22 59.25 59.22 59.22 59.09 59.09 59.09 59.06 59.00 58.97 59.03 59.22 59.31 59.31 59.25 59.16 59.16 59.06 59.06 59.03 59.00 58.94 58.91 58.84 58.84 58.97 58.97 59.16 59.12 59.19 59.09 58.94 58.22 58.56 58.56 58.50 58.34 58.41 58.41 58.47 58.50 58.66 58.78 58.88 58.91 58.91 58.84 58.75 58.62 58.47 58.34 58.16 58.12 57.91 58.00 57.88 57.84 57.84 57.81 57.78 57.75 57.78 57.78 57.75 57.78 57.78 57.78 57.78 57.78 57.75 57.72 57.69
58.81 58.81 58.81 58.88 58.97 59.00 59.03 59.00 59.00 58.94 58.81 58.84 58.78 58.75 58.69 58.84 58.97 59.00 59.00 58.94 58.84 58.78 58.72 58.66 58.66 58.62 58.56 58.56 58.50 58.47 58.62 58.66 58.72 58.78 58.78 58.62 58.53 58.22 57.69 58.06 57.97 57.88 57.84 57.91 58.00 58.09 58.22 58.34 58.41 58.50 58.50 58.44 58.38 58.22 58.12 57.91 57.78 57.72 57.53 57.50 57.44 57.41 57.38 57.34 57.31 57.25 57.25 57.28 57.25 57.28 57.28 57.28 57.25 57.28 57.28 57.25 57.22
58.66 58.66 58.66 58.66 58.78 58.78 58.81 58.81 58.78 58.75 58.66 58.56 58.50 58.44 58.56 58.62 58.69 58.72 58.72 58.62 58.56 58.47 58.41 58.34 58.28 58.22 58.19 58.19 58.12 58.19 58.25 58.16 58.19 58.16 58.34 58.28 58.12 57.81 57.19 57.66 57.59 57.44 57.38 57.47 57.56 57.69 57.75 57.91 58.03 58.06 58.09 58.03 57.94 57.84 57.66 57.56 57.34 57.25 57.16 57.03 56.97 56.91 56.88 56.88 56.81 56.81 56.78 56.78 56.78 56.75 56.78 56.78 56.75 56.78 56.78 56.78 56.78
58.50 58.47 58.53 58.50 58.59 58.59 58.59 58.62 58.59 58.53 58.47 58.34 58.22 58.25 58.34 58.41 58.44 58.41 58.38 58.31 58.22 58.12 58.03 57.97 57.94 57.91 57.78 57.81 57.75 57.75 57.84 57.72 57.75 57.69 57.78 57.78 57.41 57.38 56.91 57.28 57.19 57.06 56.97 57.06 57.19 57.28 57.41 57.50 57.59 57.66 57.66 57.59 57.53 57.41 57.28 57.09 56.94 56.78 56.59 56.59 56.53 56.41 56.38 56.38 56.31 56.28 56.28 56.25 56.25 56.25 56.28 56.25 56.25 56.31 56.31 56.31 56.31
58.31 58.34 58.31 58.38 58.41 58.41 58.41 58.41 58.41 58.34 58.25 58.03 58.00 57.94 58.12 58.12 58.16 58.09 58.03 58.03 57.91 57.84 57.78 57.66 57.62 57.56 57.50 57.44 57.38 57.41 57.38 57.34 57.28 57.28 57.28 57.28 56.97 56.97 56.62 56.84 56.72 56.69 56.56 56.69 56.75 56.91 56.97 57.09 57.16 57.22 57.22 57.16 57.09 56.97 56.81 56.69 56.44 56.38 56.09 56.12 56.03 55.94 55.88 55.88 55.75 55.75 55.75 55.75 55.75 55.75 55.78 55.78 55.81 55.81 55.84 55.84 55.88
