everonasctiles/Tile[38,26].asc
ncols 128
nrows 128
xllcorner 0
yllcorner 0
cellsize 2.0
NODATA_value  -9999
[rows 0 to 28 of 128, columns 0 to 66 of 128]
-120.84 -120.50 -120.22 -119.97 -119.78 -119.62 -119.53 -119.44 -119.41 -119.41 -119.47 -119.66 -120.03 -120.47 -120.91 -121.38 -121.88 -122.41 -122.91 -123.34 -123.69 -123.97 -124.25 -124.56 -124.97 -125.38 -125.72 -126.03 -126.28 -126.50 -126.66 -126.72 -126.72 -126.66 -126.59 -126.53 -126.47 -126.47 -126.41 -126.31 -126.19 -126.03 -125.84 -125.66 -125.44 -125.19 -124.84 -124.50 -124.16 -123.78 -123.19 -122.81 -122.91 -123.09 -123.19 -123.22 -123.22 -123.22 -123.19 -123.16 -123.12 -123.09 -123.09 -123.19 -123.31 -123.44 -123.59
-120.50 -120.16 -119.84 -119.59 -119.41 -119.28 -119.22 -119.16 -119.16 -119.16 -119.22 -119.53 -120.03 -120.56 -121.06 -121.59 -122.12 -122.69 -123.22 -123.72 -124.12 -124.44 -124.72 -125.03 -125.38 -125.72 -126.03 -126.28 -126.53 -126.72 -126.88 -126.97 -126.97 -126.91 -126.84 -126.78 -126.75 -126.72 -126.66 -126.56 -126.44 -126.31 -126.12 -125.94 -125.66 -125.34 -124.97 -124.59 -124.19 -123.69 -123.12 -122.91 -123.12 -123.25 -123.31 -123.38 -123.41 -123.44 -123.41 -123.38 -123.34 -123.28 -123.28 -123.31 -123.44 -123.59 -123.72
-120.09 -119.75 -119.44 -119.25 -119.09 -118.97 -118.91 -118.91 -118.91 -118.91 -118.97 -119.34 -119.94 -120.66 -121.25 -121.81 -122.38 -122.97 -123.53 -124.06 -124.53 -124.88 -125.19 -125.47 -125.75 -126.06 -126.31 -126.56 -126.78 -126.94 -127.09 -127.19 -127.19 -127.16 -127.09 -127.03 -127.00 -126.97 -126.91 -126.81 -126.72 -126.56 -126.38 -126.12 -125.81 -125.44 -125.06 -124.66 -124.22 -123.59 -123.19 -123.19 -123.31 -123.41 -123.50 -123.56 -123.62 -123.66 -123.62 -123.59 -123.53 -123.47 -123.44 -123.47 -123.59 -123.72 -123.88
-119.59 -119.22 -118.97 -118.84 -118.75 -118.69 -118.66 -118.66 -118.59 -118.53 -118.75 -119.25 -119.91 -120.66 -121.41 -122.03 -122.62 -123.19 -123.78 -124.34 -124.84 -125.25 -125.59 -125.88 -126.12 -126.38 -126.62 -126.84 -127.03 -127.19 -127.28 -127.38 -127.41 -127.38 -127.34 -127.28 -127.22 -127.19 -127.12 -127.06 -126.94 -126.78 -126.56 -126.25 -125.91 -125.53 -125.16 -124.75 -124.25 -123.69 -123.44 -123.47 -123.53 -123.59 -123.69 -123.75 -123.81 -123.84 -123.84 -123.81 -123.72 -123.66 -123.59 -123.62 -123.72 -123.88 -124.03
-119.31 -118.84 -118.53 -118.38 -118.34 -118.31 -118.31 -118.25 -118.19 -118.38 -118.78 -119.41 -120.12 -120.88 -121.59 -122.22 -122.78 -123.38 -123.97 -124.53 -125.06 -125.53 -125.91 -126.22 -126.47 -126.69 -126.91 -127.09 -127.25 -127.38 -127.50 -127.56 -127.59 -127.56 -127.53 -127.47 -127.44 -127.38 -127.34 -127.25 -127.12 -126.94 -126.66 -126.34 -126.00 -125.62 -125.22 -124.84 -124.41 -123.97 -123.78 -123.72 -123.72 -123.78 -123.84 -123.94 -124.00 -124.03 -124.03 -123.97 -123.88 -123.81 -123.75 -123.78 -123.91 -124.03 -124.19
-119.12 -118.69 -118.31 -118.03 -117.94 -117.91 -117.88 -117.97 -118.19 -118.59 -119.16 -119.84 -120.62 -121.41 -122.09 -122.56 -123.00 -123.47 -124.06 -124.69 -125.25 -125.75 -126.16 -126.47 -126.75 -126.97 -127.16 -127.34 -127.47 -127.59 -127.66 -127.72 -127.75 -127.75 -127.69 -127.66 -127.59 -127.56 -127.50 -127.38 -127.22 -127.00 -126.72 -126.41 -126.06 -125.69 -125.28 -124.91 -124.53 -124.19 -124.03 -123.94 -123.94 -123.97 -124.03 -124.09 -124.16 -124.19 -124.16 -124.09 -124.03 -123.97 -123.94 -123.97 -124.06 -124.19 -124.34
-118.91 -118.53 -118.19 -117.91 -117.69 -117.72 -117.94 -118.25 -118.66 -119.16 -119.72 -120.41 -121.22 -121.94 -122.56 -123.09 -123.53 -123.88 -124.28 -124.88 -125.47 -125.97 -126.34 -126.69 -126.97 -127.19 -127.38 -127.53 -127.69 -127.78 -127.84 -127.88 -127.88 -127.88 -127.84 -127.81 -127.75 -127.69 -127.59 -127.44 -127.25 -127.00 -126.75 -126.44 -126.09 -125.72 -125.31 -124.97 -124.62 -124.38 -124.22 -124.12 -124.09 -124.12 -124.19 -124.25 -124.28 -124.31 -124.28 -124.22 -124.16 -124.09 -124.09 -124.12 -124.22 -124.34 -124.47
-118.62 -118.31 -118.03 -117.78 -117.62 -117.91 -118.22 -118.62 -119.12 -119.66 -120.25 -120.91 -121.56 -122.25 -122.94 -123.50 -124.00 -124.44 -124.84 -125.25 -125.78 -126.22 -126.59 -126.91 -127.16 -127.38 -127.56 -127.72 -127.84 -127.91 -127.97 -128.00 -128.00 -127.97 -127.97 -127.91 -127.84 -127.75 -127.62 -127.44 -127.25 -127.00 -126.72 -126.41 -126.06 -125.69 -125.34 -125.00 -124.72 -124.50 -124.38 -124.28 -124.25 -124.28 -124.31 -124.34 -124.41 -124.41 -124.38 -124.34 -124.28 -124.25 -124.25 -124.28 -124.38 -124.47 -124.62
-118.25 -118.00 -117.78 -117.59 -117.62 -117.94 -118.31 -118.75 -119.28 -119.91 -120.53 -121.19 -121.88 -122.56 -123.22 -123.84 -124.44 -124.94 -125.34 -125.72 -126.12 -126.50 -126.84 -127.12 -127.34 -127.56 -127.72 -127.84 -127.97 -128.03 -128.06 -128.09 -128.09 -128.06 -128.03 -127.97 -127.88 -127.75 -127.62 -127.44 -127.19 -126.94 -126.66 -126.34 -126.03 -125.69 -125.34 -125.03 -124.78 -124.62 -124.50 -124.41 -124.41 -124.41 -124.44 -124.47 -124.50 -124.50 -124.47 -124.44 -124.41 -124.38 -124.38 -124.44 -124.50 -124.62 -124.75
-117.78 -117.59 -117.44 -117.34 -117.50 -117.81 -118.22 -118.72 -119.31 -119.97 -120.66 -121.38 -122.12 -122.81 -123.50 -124.16 -124.75 -125.28 -125.75 -126.12 -126.50 -126.81 -127.09 -127.34 -127.53 -127.72 -127.84 -127.97 -128.03 -128.09 -128.12 -128.12 -128.12 -128.09 -128.06 -128.00 -127.88 -127.75 -127.59 -127.38 -127.16 -126.91 -126.59 -126.28 -125.97 -125.62 -125.34 -125.06 -124.88 -124.72 -124.59 -124.53 -124.50 -124.50 -124.53 -124.53 -124.56 -124.56 -124.53 -124.53 -124.50 -124.50 -124.53 -124.56 -124.66 -124.75 -124.88
-117.28 -117.16 -117.06 -117.06 -117.25 -117.56 -117.97 -118.50 -119.09 -119.78 -120.50 -121.31 -122.09 -122.91 -123.66 -124.31 -124.94 -125.50 -126.00 -126.41 -126.75 -127.06 -127.31 -127.53 -127.69 -127.84 -127.94 -128.03 -128.09 -128.12 -128.16 -128.16 -128.16 -128.12 -128.06 -127.97 -127.84 -127.72 -127.53 -127.31 -127.09 -126.81 -126.53 -126.22 -125.91 -125.59 -125.31 -125.09 -124.94 -124.78 -124.69 -124.62 -124.59 -124.56 -124.59 -124.59 -124.62 -124.62 -124.59 -124.59 -124.59 -124.59 -124.66 -124.69 -124.78 -124.88 -124.97
-116.78 -116.72 -116.66 -116.72 -116.94 -117.28 -117.66 -118.12 -118.69 -119.38 -120.09 -120.91 -121.75 -122.62 -123.47 -124.28 -124.97 -125.56 -126.09 -126.53 -126.91 -127.22 -127.47 -127.66 -127.78 -127.91 -128.00 -128.06 -128.09 -128.12 -128.12 -128.12 -128.12 -128.09 -128.03 -127.94 -127.81 -127.66 -127.47 -127.25 -127.00 -126.72 -126.41 -126.09 -125.81 -125.53 -125.28 -125.09 -124.97 -124.84 -124.75 -124.69 -124.62 -124.62 -124.62 -124.62 -124.66 -124.66 -124.66 -124.66 -124.69 -124.72 -124.75 -124.84 -124.91 -125.00 -125.09
-116.12 -116.06 -116.03 -116.12 -116.41 -116.78 -117.12 -117.44 -117.78 -118.28 -118.94 -119.72 -120.59 -121.56 -122.69 -123.91 -124.81 -125.47 -126.03 -126.50 -126.91 -127.22 -127.44 -127.62 -127.78 -127.88 -127.94 -128.00 -128.03 -128.03 -128.03 -128.03 -128.03 -128.03 -128.00 -127.91 -127.78 -127.62 -127.41 -127.19 -126.91 -126.62 -126.31 -126.00 -125.69 -125.44 -125.25 -125.09 -124.97 -124.84 -124.78 -124.69 -124.66 -124.66 -124.66 -124.66 -124.69 -124.69 -124.72 -124.75 -124.75 -124.81 -124.88 -124.94 -125.03 -125.12 -125.19
-115.22 -115.22 -115.25 -115.38 -115.59 -115.88 -116.12 -116.31 -116.62 -117.09 -117.75 -118.53 -119.44 -120.47 -121.72 -123.06 -124.41 -125.25 -125.84 -126.34 -126.75 -127.06 -127.28 -127.47 -127.62 -127.72 -127.81 -127.84 -127.88 -127.88 -127.88 -127.91 -127.91 -127.91 -127.91 -127.84 -127.72 -127.56 -127.34 -127.12 -126.88 -126.56 -126.25 -125.94 -125.62 -125.41 -125.22 -125.06 -124.94 -124.81 -124.75 -124.66 -124.62 -124.62 -124.66 -124.66 -124.69 -124.72 -124.75 -124.78 -124.84 -124.91 -124.97 -125.06 -125.12 -125.22 -125.28
-114.25 -114.31 -114.38 -114.53 -114.75 -115.00 -115.22 -115.50 -115.94 -116.50 -117.22 -118.06 -119.00 -120.03 -121.22 -122.56 -123.97 -124.97 -125.62 -126.12 -126.53 -126.81 -127.03 -127.22 -127.38 -127.50 -127.59 -127.62 -127.66 -127.66 -127.66 -127.69 -127.72 -127.72 -127.72 -127.69 -127.62 -127.47 -127.31 -127.09 -126.81 -126.56 -126.25 -125.94 -125.66 -125.38 -125.19 -125.00 -124.88 -124.75 -124.66 -124.59 -124.59 -124.59 -124.62 -124.66 -124.69 -124.72 -124.78 -124.84 -124.91 -124.97 -125.06 -125.16 -125.22 -125.31 -125.38
-113.41 -113.53 -113.72 -113.97 -114.25 -114.59 -115.00 -115.53 -116.16 -116.88 -117.69 -118.56 -119.50 -120.47 -121.50 -122.72 -123.91 -124.78 -125.41 -125.88 -126.22 -126.47 -126.72 -126.94 -127.12 -127.28 -127.34 -127.38 -127.38 -127.38 -127.38 -127.41 -127.44 -127.47 -127.50 -127.47 -127.44 -127.34 -127.19 -127.00 -126.78 -126.53 -126.25 -125.94 -125.66 -125.38 -125.12 -124.94 -124.78 -124.66 -124.56 -124.50 -124.50 -124.53 -124.56 -124.59 -124.66 -124.72 -124.78 -124.88 -124.94 -125.03 -125.12 -125.22 -125.31 -125.38 -125.47
-113.19 -113.50 -113.88 -114.28 -114.69 -115.12 -115.62 -116.25 -117.00 -117.78 -118.62 -119.56 -120.50 -121.34 -122.22 -123.09 -123.94 -124.62 -125.16 -125.53 -125.81 -126.06 -126.31 -126.59 -126.84 -127.00 -127.09 -127.06 -127.03 -127.03 -127.03 -127.06 -127.09 -127.12 -127.16 -127.16 -127.16 -127.09 -127.00 -126.88 -126.69 -126.50 -126.22 -125.91 -125.59 -125.31 -125.03 -124.81 -124.66 -124.53 -124.44 -124.41 -124.38 -124.41 -124.47 -124.53 -124.59 -124.69 -124.78 -124.88 -124.97 -125.06 -125.16 -125.28 -125.38 -125.47 -125.53
-113.78 -114.19 -114.59 -115.06 -115.53 -115.97 -116.47 -117.09 -117.88 -118.69 -119.41 -120.12 -120.88 -121.62 -122.41 -123.16 -123.81 -124.34 -124.75 -125.09 -125.34 -125.62 -125.97 -126.28 -126.56 -126.72 -126.78 -126.72 -126.66 -126.62 -126.62 -126.66 -126.69 -126.72 -126.75 -126.75 -126.75 -126.75 -126.69 -126.59 -126.47 -126.31 -126.09 -125.84 -125.50 -125.19 -124.91 -124.69 -124.50 -124.38 -124.28 -124.25 -124.25 -124.31 -124.38 -124.44 -124.53 -124.62 -124.72 -124.84 -124.97 -125.09 -125.22 -125.31 -125.44 -125.53 -125.62
-114.62 -115.00 -115.41 -115.88 -116.31 -116.72 -117.19 -117.75 -118.38 -118.97 -119.59 -120.28 -120.97 -121.69 -122.34 -122.97 -123.47 -123.91 -124.25 -124.56 -124.84 -125.22 -125.66 -126.00 -126.28 -126.41 -126.44 -126.34 -126.25 -126.19 -126.19 -126.19 -126.22 -126.25 -126.28 -126.28 -126.28 -126.28 -126.28 -126.22 -126.12 -126.03 -125.88 -125.66 -125.38 -125.06 -124.78 -124.53 -124.34 -124.19 -124.09 -124.06 -124.09 -124.16 -124.22 -124.31 -124.44 -124.53 -124.69 -124.81 -124.97 -125.09 -125.22 -125.34 -125.47 -125.56 -125.69
-115.34 -115.69 -116.00 -116.38 -116.75 -117.12 -117.53 -118.00 -118.53 -119.09 -119.69 -120.31 -120.94 -121.53 -122.09 -122.59 -123.03 -123.41 -123.75 -124.09 -124.53 -125.00 -125.41 -125.72 -125.94 -126.06 -126.06 -125.94 -125.81 -125.69 -125.66 -125.69 -125.72 -125.78 -125.78 -125.78 -125.75 -125.78 -125.78 -125.72 -125.66 -125.62 -125.53 -125.41 -125.19 -124.91 -124.62 -124.38 -124.16 -124.00 -123.91 -123.91 -123.94 -124.00 -124.09 -124.19 -124.31 -124.44 -124.59 -124.75 -124.94 -125.09 -125.25 -125.38 -125.50 -125.62 -125.72
-115.72 -116.03 -116.38 -116.72 -117.09 -117.44 -117.81 -118.22 -118.69 -119.16 -119.69 -120.22 -120.78 -121.28 -121.78 -122.19 -122.59 -122.97 -123.41 -123.88 -124.34 -124.78 -125.16 -125.41 -125.56 -125.66 -125.66 -125.53 -125.38 -125.22 -125.12 -125.12 -125.16 -125.19 -125.19 -125.19 -125.19 -125.19 -125.19 -125.16 -125.12 -125.12 -125.09 -125.00 -124.88 -124.66 -124.41 -124.16 -123.94 -123.78 -123.69 -123.69 -123.75 -123.84 -123.94 -124.06 -124.19 -124.34 -124.50 -124.72 -124.91 -125.06 -125.25 -125.41 -125.53 -125.66 -125.78
-116.06 -116.38 -116.75 -117.09 -117.44 -117.81 -118.16 -118.47 -118.84 -119.22 -119.62 -120.09 -120.53 -120.97 -121.41 -121.81 -122.28 -122.78 -123.25 -123.72 -124.16 -124.53 -124.84 -125.06 -125.19 -125.25 -125.22 -125.12 -124.94 -124.75 -124.56 -124.47 -124.34 -124.19 -124.16 -124.34 -124.56 -124.59 -124.59 -124.59 -124.56 -124.56 -124.56 -124.53 -124.44 -124.31 -124.12 -123.94 -123.72 -123.56 -123.47 -123.50 -123.56 -123.69 -123.78 -123.88 -124.03 -124.25 -124.44 -124.66 -124.88 -125.09 -125.25 -125.41 -125.56 -125.69 -125.81
-116.41 -116.75 -117.09 -117.44 -117.78 -118.16 -118.47 -118.78 -119.06 -119.34 -119.66 -119.97 -120.34 -120.72 -121.12 -121.59 -122.12 -122.62 -123.09 -123.53 -123.91 -124.25 -124.53 -124.69 -124.78 -124.81 -124.78 -124.69 -124.53 -124.28 -124.06 -123.81 -123.44 -123.16 -123.03 -123.22 -123.69 -123.97 -124.00 -123.94 -123.94 -123.97 -123.97 -123.97 -123.94 -123.88 -123.78 -123.62 -123.47 -123.31 -123.25 -123.31 -123.38 -123.50 -123.59 -123.72 -123.91 -124.16 -124.41 -124.66 -124.88 -125.09 -125.28 -125.44 -125.59 -125.72 -125.84
-116.75 -117.06 -117.38 -117.72 -118.06 -118.41 -118.75 -119.03 -119.31 -119.56 -119.84 -120.12 -120.41 -120.72 -121.09 -121.56 -122.03 -122.50 -122.91 -123.31 -123.66 -123.97 -124.19 -124.31 -124.38 -124.38 -124.34 -124.25 -124.09 -123.84 -123.56 -123.28 -122.78 -122.28 -122.03 -122.16 -122.56 -122.97 -123.00 -122.94 -123.09 -123.31 -123.38 -123.41 -123.41 -123.41 -123.34 -123.28 -123.16 -123.06 -123.03 -123.09 -123.19 -123.28 -123.41 -123.59 -123.84 -124.12 -124.41 -124.66 -124.91 -125.12 -125.31 -125.47 -125.62 -125.75 -125.84
-117.06 -117.34 -117.66 -117.97 -118.28 -118.62 -118.97 -119.28 -119.56 -119.81 -120.06 -120.31 -120.59 -120.88 -121.22 -121.56 -121.97 -122.38 -122.75 -123.09 -123.41 -123.66 -123.84 -123.94 -123.97 -123.97 -123.91 -123.81 -123.66 -123.41 -123.12 -122.84 -122.38 -121.72 -121.28 -121.22 -121.50 -121.78 -121.88 -121.91 -122.12 -122.53 -122.75 -122.81 -122.88 -122.91 -122.91 -122.91 -122.84 -122.81 -122.81 -122.91 -123.00 -123.09 -123.25 -123.50 -123.81 -124.12 -124.41 -124.66 -124.91 -125.12 -125.31 -125.50 -125.62 -125.75 -125.84
-117.38 -117.66 -117.91 -118.22 -118.50 -118.81 -119.12 -119.44 -119.75 -120.00 -120.25 -120.50 -120.78 -121.03 -121.31 -121.62 -121.94 -122.25 -122.59 -122.88 -123.16 -123.34 -123.50 -123.59 -123.59 -123.56 -123.50 -123.41 -123.25 -123.03 -122.75 -122.44 -122.03 -121.38 -120.81 -120.53 -120.59 -120.75 -120.84 -120.94 -121.25 -121.66 -122.03 -122.25 -122.34 -122.41 -122.50 -122.53 -122.53 -122.53 -122.59 -122.69 -122.81 -122.97 -123.19 -123.50 -123.81 -124.12 -124.41 -124.69 -124.94 -125.16 -125.34 -125.50 -125.62 -125.75 -125.84
-117.69 -117.94 -118.19 -118.47 -118.72 -119.03 -119.31 -119.62 -119.91 -120.16 -120.44 -120.69 -120.94 -121.19 -121.44 -121.69 -121.94 -122.22 -122.47 -122.69 -122.91 -123.06 -123.19 -123.25 -123.25 -123.22 -123.12 -123.03 -122.88 -122.66 -122.41 -122.09 -121.72 -121.19 -120.66 -120.25 -120.03 -119.97 -120.00 -120.16 -120.47 -120.91 -121.31 -121.66 -121.84 -121.97 -122.09 -122.19 -122.22 -122.28 -122.38 -122.50 -122.69 -122.91 -123.22 -123.53 -123.84 -124.16 -124.44 -124.72 -124.94 -125.16 -125.34 -125.50 -125.62 -125.72 -125.81
-117.94 -118.19 -118.44 -118.72 -118.97 -119.22 -119.50 -119.78 -120.03 -120.31 -120.56 -120.81 -121.09 -121.34 -121.56 -121.78 -122.00 -122.22 -122.41 -122.56 -122.72 -122.81 -122.91 -122.91 -122.88 -122.81 -122.75 -122.69 -122.56 -122.38 -122.12 -121.84 -121.50 -121.16 -120.81 -120.44 -120.00 -119.62 -119.44 -119.56 -119.91 -120.34 -120.78 -121.19 -121.44 -121.59 -121.75 -121.88 -121.94 -122.03 -122.19 -122.38 -122.62 -122.94 -123.22 -123.56 -123.88 -124.19 -124.47 -124.72 -124.97 -125.16 -125.34 -125.47 -125.59 -125.69 -125.78
-118.19 -118.44 -118.69 -118.94 -119.19 -119.44 -119.69 -119.94 -120.19 -120.44 -120.69 -120.97 -121.22 -121.47 -121.69 -121.91 -122.09 -122.28 -122.44 -122.56 -122.66 -122.69 -122.69 -122.66 -122.62 -122.56 -122.50 -122.41 -122.31 -122.16 -121.97 -121.72 -121.47 -121.22 -120.94 -120.69 -120.28 -119.72 -119.28 -119.31 -119.62 -120.03 -120.47 -120.88 -121.12 -121.28 -121.47 -121.59 -121.69 -121.81 -122.03 -122.31 -122.59 -122.91 -123.25 -123.59 -123.91 -124.22 -124.50 -124.75 -124.97 -125.16 -125.31 -125.47 -125.56 -125.66 -125.72
