everonasctiles/Tile[27,22].asc
ncols 128
nrows 128
xllcorner 0
yllcorner 0
cellsize 2.0
NODATA_value  -9999
[rows 0 to 32 of 128, columns 0 to 73 of 128]
110.09 110.12 110.16 110.19 110.22 110.25 110.28 110.31 110.34 110.38 110.41 110.44 110.47 110.41 110.09 110.00 109.91 109.81 109.72 109.66 109.62 109.62 109.62 109.66 109.72 109.75 109.78 109.81 109.84 109.88 109.91 109.97 110.00 110.03 110.06 110.50 110.88 110.88 110.81 110.72 110.66 110.59 110.66 110.94 111.06 110.97 110.97 110.97 110.94 110.94 110.91 110.91 110.91 110.91 110.91 110.91 110.91 110.91 110.91 110.91 110.88 110.78 110.69 110.62 110.62 110.66 110.72 110.78 110.81 110.88 110.94 110.94 110.94 110.94
109.94 109.97 110.00 110.00 110.03 110.06 110.06 110.09 110.12 110.16 110.19 110.12 109.88 109.72 109.69 109.62 109.59 109.53 109.50 109.44 109.44 109.44 109.44 109.47 109.53 109.56 109.59 109.62 109.69 109.72 109.72 109.75 109.78 109.81 109.81 109.88 110.34 110.72 110.72 110.66 110.56 110.50 110.44 110.53 110.69 110.81 110.84 110.84 110.81 110.81 110.78 110.75 110.75 110.75 110.75 110.75 110.75 110.72 110.69 110.59 110.50 110.47 110.50 110.53 110.59 110.66 110.69 110.75 110.81 110.84 110.91 110.94 110.88 110.75
109.75 109.78 109.81 109.81 109.84 109.84 109.88 109.91 109.91 109.84 109.56 109.41 109.41 109.38 109.38 109.34 109.31 109.31 109.28 109.25 109.25 109.25 109.28 109.31 109.34 109.38 109.41 109.47 109.50 109.53 109.56 109.59 109.59 109.59 109.62 109.66 109.72 110.22 110.59 110.56 110.50 110.41 110.34 110.34 110.34 110.62 110.69 110.72 110.69 110.69 110.69 110.62 110.59 110.62 110.62 110.56 110.47 110.38 110.34 110.34 110.38 110.44 110.47 110.53 110.56 110.62 110.69 110.72 110.78 110.81 110.78 110.62 110.38 110.09
109.56 109.59 109.62 109.62 109.62 109.66 109.66 109.53 109.31 109.16 109.09 109.06 109.09 109.09 109.09 109.09 109.09 109.09 109.09 109.09 109.09 109.09 109.12 109.16 109.19 109.22 109.25 109.31 109.34 109.38 109.41 109.41 109.44 109.44 109.44 109.44 109.47 109.62 110.09 110.44 110.41 110.34 110.25 110.19 110.09 110.22 110.50 110.53 110.59 110.59 110.56 110.59 110.47 110.38 110.31 110.22 110.22 110.22 110.28 110.31 110.38 110.41 110.47 110.50 110.53 110.59 110.66 110.66 110.53 110.31 110.06 109.88 109.78 109.72
109.38 109.41 109.41 109.41 109.41 109.38 109.19 108.97 108.88 108.81 108.81 108.81 108.81 108.84 108.88 108.88 108.91 108.91 108.91 108.94 108.94 108.97 109.00 109.00 109.06 109.09 109.12 109.16 109.19 109.25 109.25 109.25 109.25 109.25 109.25 109.25 109.25 109.31 109.47 109.94 110.25 110.28 110.19 110.12 110.06 110.03 110.06 110.31 110.50 110.56 110.38 110.25 110.12 110.12 110.12 110.16 110.19 110.22 110.25 110.28 110.34 110.38 110.44 110.47 110.53 110.44 110.22 109.94 109.69 109.56 109.53 109.50 109.47 109.41
109.19 109.19 109.19 109.09 108.94 108.75 108.66 108.59 108.56 108.56 108.56 108.59 108.59 108.62 108.66 108.69 108.72 108.75 108.78 108.78 108.81 108.84 108.88 108.91 108.94 108.97 109.00 109.03 109.06 109.12 109.12 109.12 109.09 109.09 109.06 109.06 109.06 109.09 109.19 109.28 109.69 110.06 110.12 110.06 110.00 109.97 109.97 110.03 110.19 110.22 110.16 110.03 110.00 110.03 110.09 110.12 110.16 110.19 110.22 110.28 110.31 110.38 110.34 110.22 109.94 109.62 109.38 109.31 109.28 109.25 109.25 109.22 109.19 109.16
108.97 108.88 108.72 108.53 108.41 108.38 108.34 108.34 108.34 108.34 108.34 108.38 108.41 108.44 108.47 108.53 108.56 108.59 108.62 108.66 108.69 108.72 108.78 108.81 108.84 108.88 108.94 108.97 109.00 109.00 109.00 108.97 108.94 108.94 108.91 108.88 108.88 108.88 108.91 108.94 109.00 109.41 109.84 110.00 109.94 109.91 109.91 109.91 109.97 110.00 110.00 109.94 109.97 110.03 110.06 110.12 110.16 110.19 110.22 110.25 110.19 110.03 109.75 109.50 109.31 109.22 109.12 109.09 109.06 109.03 109.03 109.00 108.97 108.94
108.53 108.34 108.22 108.16 108.12 108.09 108.09 108.09 108.12 108.12 108.16 108.19 108.22 108.28 108.31 108.38 108.41 108.47 108.50 108.56 108.59 108.66 108.69 108.75 108.78 108.84 108.88 108.94 108.97 108.94 108.91 108.84 108.81 108.78 108.75 108.72 108.69 108.69 108.69 108.69 108.69 108.75 109.09 109.62 109.91 109.84 109.84 109.84 109.84 109.88 109.88 109.91 109.94 110.00 110.06 110.12 110.12 110.09 110.03 109.88 109.66 109.47 109.34 109.22 109.12 109.03 108.97 108.91 108.88 108.84 108.84 108.81 108.78 108.75
108.09 108.00 107.94 107.91 107.88 107.88 107.88 107.91 107.91 107.94 107.97 108.03 108.06 108.12 108.16 108.22 108.28 108.34 108.41 108.47 108.53 108.59 108.66 108.69 108.75 108.81 108.88 108.91 108.88 108.81 108.78 108.72 108.66 108.62 108.59 108.56 108.53 108.53 108.50 108.50 108.53 108.59 108.72 108.94 109.34 109.66 109.81 109.81 109.81 109.81 109.84 109.88 109.94 109.97 109.94 109.84 109.72 109.56 109.47 109.41 109.31 109.22 109.12 109.03 108.94 108.88 108.81 108.75 108.72 108.69 108.66 108.62 108.59 108.56
107.78 107.75 107.72 107.69 107.69 107.69 107.69 107.72 107.75 107.78 107.81 107.88 107.91 107.97 108.03 108.09 108.16 108.25 108.31 108.38 108.47 108.53 108.62 108.69 108.78 108.81 108.81 108.78 108.75 108.72 108.66 108.62 108.56 108.53 108.47 108.44 108.41 108.38 108.38 108.38 108.44 108.53 108.59 108.69 108.81 109.03 109.34 109.56 109.62 109.69 109.69 109.66 109.59 109.41 109.22 109.06 109.06 109.09 109.06 109.06 109.03 108.97 108.91 108.84 108.75 108.69 108.62 108.59 108.53 108.50 108.47 108.47 108.44 108.41
107.50 107.50 107.47 107.47 107.47 107.47 107.50 107.53 107.56 107.59 107.66 107.72 107.78 107.84 107.91 108.00 108.06 108.16 108.25 108.31 108.41 108.56 108.66 108.69 108.69 108.69 108.69 108.66 108.62 108.59 108.56 108.53 108.47 108.44 108.38 108.34 108.31 108.28 108.28 108.34 108.38 108.44 108.50 108.56 108.66 108.75 108.81 108.91 108.94 108.94 108.91 108.84 108.78 108.75 108.69 108.66 108.66 108.69 108.69 108.72 108.72 108.69 108.66 108.62 108.56 108.50 108.47 108.41 108.38 108.34 108.31 108.28 108.25 108.22
107.25 107.25 107.25 107.28 107.28 107.31 107.31 107.34 107.41 107.44 107.50 107.56 107.62 107.72 107.81 107.91 108.00 108.09 108.19 108.31 108.44 108.47 108.50 108.53 108.53 108.53 108.56 108.53 108.53 108.53 108.50 108.47 108.41 108.38 108.31 108.25 108.22 108.22 108.25 108.28 108.31 108.34 108.41 108.44 108.50 108.56 108.62 108.62 108.59 108.53 108.50 108.47 108.47 108.44 108.38 108.31 108.25 108.28 108.31 108.34 108.38 108.41 108.41 108.38 108.34 108.31 108.28 108.25 108.22 108.19 108.16 108.12 108.09 108.06
107.03 107.03 107.06 107.06 107.09 107.12 107.16 107.19 107.25 107.31 107.38 107.44 107.53 107.59 107.69 107.81 107.91 108.03 108.16 108.22 108.25 108.31 108.34 108.38 108.38 108.41 108.44 108.44 108.44 108.44 108.41 108.41 108.38 108.34 108.28 108.25 108.22 108.25 108.25 108.25 108.25 108.28 108.31 108.34 108.38 108.38 108.38 108.34 108.28 108.25 108.22 108.22 108.12 108.03 108.03 108.06 107.97 107.94 107.97 108.03 108.09 108.12 108.16 108.16 108.16 108.12 108.09 108.06 108.03 108.00 107.97 107.94 107.91 107.88
106.81 106.84 106.84 106.88 106.91 106.94 107.00 107.03 107.09 107.16 107.22 107.31 107.41 107.50 107.59 107.72 107.84 107.94 107.97 108.03 108.06 108.12 108.16 108.22 108.25 108.28 108.31 108.31 108.34 108.34 108.34 108.34 108.34 108.34 108.31 108.31 108.28 108.28 108.25 108.22 108.22 108.19 108.16 108.12 108.09 108.06 108.06 108.03 107.97 107.94 107.91 107.94 107.84 107.56 107.56 107.72 107.75 107.69 107.69 107.72 107.81 107.88 107.91 107.94 107.94 107.94 107.91 107.88 107.88 107.84 107.81 107.78 107.72 107.69
106.62 106.62 106.66 106.69 106.75 106.78 106.81 106.88 106.94 107.00 107.09 107.19 107.28 107.41 107.53 107.59 107.66 107.72 107.78 107.84 107.91 107.94 108.00 108.03 108.09 108.12 108.16 108.19 108.22 108.25 108.28 108.28 108.31 108.31 108.31 108.28 108.25 108.25 108.22 108.19 108.09 108.00 107.94 107.91 107.84 107.81 107.78 107.75 107.69 107.66 107.62 107.59 107.56 107.44 107.19 107.34 107.50 107.50 107.47 107.50 107.56 107.62 107.69 107.72 107.75 107.75 107.72 107.72 107.69 107.66 107.62 107.59 107.56 107.53
106.41 106.44 106.50 106.53 106.56 106.62 106.66 106.72 106.81 106.88 106.97 107.06 107.19 107.28 107.34 107.41 107.47 107.53 107.59 107.66 107.72 107.78 107.81 107.88 107.94 108.00 108.03 108.06 108.12 108.16 108.19 108.19 108.22 108.22 108.25 108.22 108.22 108.19 108.12 108.03 107.91 107.81 107.75 107.72 107.66 107.62 107.56 107.50 107.44 107.38 107.34 107.31 107.28 107.28 107.22 107.06 107.19 107.25 107.28 107.28 107.34 107.44 107.50 107.53 107.56 107.56 107.56 107.53 107.50 107.47 107.44 107.41 107.38 107.34
106.25 106.28 106.31 106.34 106.41 106.44 106.50 106.59 106.66 106.75 106.84 106.94 107.00 107.06 107.12 107.19 107.25 107.31 107.38 107.47 107.53 107.59 107.66 107.72 107.78 107.84 107.88 107.94 107.97 108.03 108.06 108.09 108.12 108.16 108.16 108.16 108.16 108.09 107.94 107.81 107.75 107.69 107.62 107.56 107.53 107.47 107.41 107.34 107.28 107.19 107.12 107.06 107.03 107.03 107.06 106.97 106.81 106.97 107.09 107.12 107.16 107.25 107.31 107.34 107.38 107.38 107.38 107.34 107.34 107.31 107.28 107.22 107.19 107.16
106.06 106.09 106.12 106.19 106.25 106.28 106.38 106.44 106.53 106.59 106.66 106.72 106.78 106.84 106.91 106.97 107.06 107.12 107.19 107.25 107.34 107.41 107.47 107.53 107.59 107.66 107.72 107.78 107.84 107.88 107.91 107.91 107.91 107.94 107.97 107.97 107.88 107.81 107.72 107.66 107.59 107.56 107.50 107.47 107.44 107.38 107.31 107.25 107.16 107.06 106.94 106.88 106.81 106.78 106.81 106.81 106.62 106.59 106.84 106.94 107.00 107.06 107.12 107.16 107.19 107.19 107.19 107.19 107.16 107.12 107.09 107.03 107.00 106.97
105.91 105.94 105.97 106.03 106.06 106.12 106.22 106.28 106.34 106.38 106.44 106.50 106.56 106.62 106.69 106.75 106.84 106.91 107.00 107.06 107.16 107.22 107.28 107.34 107.44 107.50 107.56 107.59 107.59 107.56 107.53 107.50 107.50 107.56 107.59 107.62 107.62 107.56 107.53 107.50 107.47 107.47 107.44 107.41 107.38 107.31 107.28 107.19 107.09 106.97 106.84 106.72 106.62 106.59 106.59 106.59 106.56 106.38 106.47 106.72 106.81 106.88 106.94 107.00 107.03 107.03 107.03 107.00 106.97 106.94 106.91 106.84 106.81 106.78
105.72 105.75 105.78 105.84 105.91 105.97 106.00 106.06 106.09 106.16 106.22 106.28 106.34 106.41 106.47 106.56 106.62 106.72 106.78 106.88 106.94 107.03 107.09 107.16 107.25 107.31 107.34 107.28 107.12 106.94 106.81 106.88 107.03 107.19 107.28 107.31 107.34 107.34 107.38 107.38 107.38 107.38 107.38 107.34 107.31 107.28 107.25 107.16 107.06 106.94 106.78 106.62 106.50 106.38 106.38 106.41 106.41 106.34 106.16 106.31 106.56 106.72 106.78 106.81 106.84 106.84 106.84 106.81 106.78 106.75 106.72 106.66 106.62 106.56
105.53 105.56 105.62 105.66 105.72 105.75 105.78 105.84 105.88 105.94 106.00 106.06 106.12 106.19 106.25 106.34 106.41 106.50 106.59 106.66 106.75 106.81 106.91 106.97 107.03 107.03 106.91 106.69 106.47 106.34 106.31 106.50 106.72 106.84 106.94 107.03 107.09 107.16 107.22 107.28 107.28 107.28 107.31 107.31 107.28 107.25 107.22 107.16 107.06 106.94 106.78 106.59 106.41 106.25 106.22 106.22 106.25 106.22 106.09 105.94 106.19 106.44 106.53 106.56 106.59 106.62 106.62 106.62 106.59 106.56 106.53 106.47 106.44 106.38
105.34 105.38 105.41 105.44 105.47 105.53 105.56 105.62 105.66 105.72 105.78 105.81 105.91 105.97 106.03 106.12 106.22 106.28 106.38 106.47 106.53 106.62 106.69 106.69 106.59 106.47 106.28 106.06 105.97 106.03 106.16 106.31 106.44 106.53 106.66 106.78 106.88 107.00 107.09 107.16 107.22 107.22 107.25 107.25 107.25 107.22 107.19 107.12 107.03 106.91 106.75 106.56 106.38 106.19 106.09 106.06 106.09 106.09 106.00 105.81 105.69 106.00 106.22 106.28 106.31 106.34 106.41 106.41 106.41 106.38 106.34 106.28 106.22 106.19
105.12 105.16 105.19 105.22 105.25 105.31 105.34 105.38 105.44 105.50 105.53 105.59 105.69 105.75 105.81 105.91 106.00 106.09 106.16 106.25 106.34 106.34 106.25 106.06 105.88 105.81 105.78 105.72 105.78 105.88 105.97 106.09 106.19 106.28 106.41 106.53 106.69 106.81 106.94 107.06 107.09 107.12 107.19 107.19 107.19 107.19 107.12 107.06 107.00 106.88 106.72 106.56 106.38 106.16 106.03 105.94 105.94 105.94 105.91 105.75 105.41 105.41 105.72 105.97 106.00 106.06 106.12 106.19 106.19 106.16 106.12 106.09 106.03 105.97
104.91 104.94 104.97 105.00 105.03 105.09 105.12 105.16 105.22 105.28 105.31 105.38 105.47 105.53 105.62 105.69 105.78 105.88 105.97 105.97 105.88 105.69 105.44 105.31 105.34 105.44 105.50 105.56 105.62 105.72 105.81 105.88 105.97 106.06 106.16 106.31 106.47 106.66 106.78 106.91 107.00 107.03 107.09 107.12 107.12 107.09 107.06 107.03 106.97 106.84 106.72 106.56 106.38 106.16 106.00 105.88 105.81 105.78 105.75 105.69 105.44 105.03 105.19 105.50 105.66 105.75 105.84 105.94 105.97 105.97 105.94 105.88 105.81 105.78
104.69 104.72 104.75 104.78 104.81 104.88 104.91 104.94 105.00 105.06 105.09 105.16 105.25 105.31 105.41 105.50 105.59 105.62 105.59 105.44 105.16 104.88 104.78 104.91 105.09 105.22 105.31 105.38 105.47 105.53 105.62 105.69 105.78 105.84 105.94 106.06 106.25 106.44 106.59 106.75 106.84 106.94 107.00 107.03 107.03 107.03 107.03 107.00 106.91 106.81 106.72 106.56 106.41 106.19 106.03 105.88 105.75 105.66 105.62 105.56 105.44 105.16 104.84 105.00 105.25 105.44 105.56 105.69 105.75 105.75 105.72 105.66 105.59 105.56
104.47 104.50 104.53 104.59 104.62 104.66 104.69 104.72 104.78 104.81 104.88 104.97 105.03 105.12 105.19 105.28 105.28 105.22 105.03 104.78 104.56 104.50 104.62 104.78 104.91 105.03 105.12 105.22 105.28 105.38 105.44 105.50 105.56 105.62 105.69 105.84 106.03 106.19 106.38 106.56 106.69 106.78 106.88 106.91 106.97 106.97 106.97 106.94 106.88 106.78 106.69 106.56 106.41 106.22 106.03 105.88 105.72 105.59 105.50 105.44 105.38 105.25 104.88 104.59 104.78 105.09 105.28 105.44 105.50 105.53 105.50 105.44 105.38 105.31
104.28 104.31 104.34 104.38 104.41 104.44 104.47 104.50 104.56 104.62 104.69 104.75 104.78 104.75 104.69 104.59 104.47 104.47 104.41 104.31 104.31 104.41 104.53 104.66 104.78 104.88 104.97 105.06 105.12 105.19 105.25 105.31 105.34 105.41 105.47 105.59 105.72 105.88 106.06 106.25 106.44 106.59 106.72 106.81 106.84 106.88 106.88 106.88 106.81 106.75 106.66 106.56 106.41 106.28 106.09 105.91 105.72 105.53 105.44 105.34 105.28 105.22 104.97 104.56 104.41 104.69 105.00 105.22 105.31 105.31 105.28 105.22 105.16 105.09
104.06 104.09 104.12 104.16 104.19 104.22 104.25 104.31 104.34 104.41 104.38 104.28 104.12 103.94 103.81 103.72 103.66 103.75 103.97 104.09 104.22 104.31 104.41 104.53 104.62 104.72 104.81 104.91 104.97 105.03 105.06 105.12 105.16 105.19 105.22 105.28 105.41 105.50 105.69 105.88 106.09 106.31 106.50 106.62 106.72 106.78 106.81 106.78 106.75 106.72 106.62 106.53 106.44 106.31 106.19 106.00 105.78 105.59 105.44 105.28 105.19 105.09 104.97 104.69 104.38 104.38 104.72 105.00 105.09 105.09 105.06 105.00 104.94 104.88
103.84 103.88 103.91 103.94 103.97 104.00 104.06 104.09 104.12 104.06 103.88 103.62 103.38 103.19 103.12 103.19 103.38 103.62 103.78 103.94 104.06 104.19 104.31 104.41 104.50 104.59 104.69 104.75 104.81 104.84 104.88 104.94 104.94 104.97 104.97 105.00 105.06 105.16 105.31 105.47 105.72 105.94 106.19 106.38 106.56 106.66 106.69 106.72 106.69 106.62 106.56 106.53 106.47 106.38 106.25 106.06 105.88 105.66 105.47 105.28 105.12 105.00 104.91 104.75 104.50 104.34 104.50 104.75 104.88 104.88 104.84 104.78 104.72 104.66
103.66 103.69 103.72 103.75 103.78 103.81 103.78 103.72 103.59 103.44 103.25 103.09 102.97 102.91 102.97 103.16 103.34 103.50 103.69 103.84 103.97 104.06 104.19 104.28 104.38 104.47 104.53 104.59 104.66 104.69 104.72 104.75 104.75 104.75 104.75 104.75 104.78 104.81 104.94 105.09 105.28 105.53 105.78 106.06 106.31 106.50 106.56 106.59 106.59 106.56 106.53 106.50 106.47 106.38 106.25 106.09 105.94 105.72 105.50 105.31 105.09 104.94 104.78 104.66 104.56 104.41 104.34 104.44 104.62 104.69 104.62 104.56 104.47 104.41
103.47 103.50 103.53 103.53 103.50 103.41 103.22 103.03 102.88 102.81 102.78 102.78 102.81 102.88 102.97 103.12 103.28 103.44 103.56 103.72 103.84 103.97 104.06 104.16 104.25 104.34 104.41 104.47 104.50 104.53 104.56 104.56 104.56 104.53 104.50 104.50 104.50 104.53 104.59 104.72 104.88 105.09 105.34 105.66 105.97 106.22 106.41 106.47 106.47 106.47 106.47 106.47 106.41 106.34 106.25 106.12 105.97 105.75 105.56 105.31 105.09 104.88 104.69 104.56 104.44 104.38 104.25 104.16 104.28 104.41 104.41 104.34 104.25 104.19
103.28 103.31 103.31 103.22 103.03 102.75 102.47 102.38 102.41 102.50 102.59 102.69 102.78 102.84 102.97 103.09 103.22 103.34 103.50 103.62 103.75 103.84 103.94 104.03 104.12 104.19 104.25 104.31 104.34 104.38 104.41 104.41 104.41 104.38 104.31 104.28 104.25 104.25 104.28 104.38 104.50 104.66 104.91 105.19 105.56 105.91 106.12 106.25 106.31 106.34 106.38 106.38 106.34 106.28 106.22 106.09 105.97 105.78 105.56 105.34 105.09 104.84 104.62 104.44 104.31 104.22 104.19 104.06 103.97 104.09 104.16 104.12 104.06 103.97
103.09 103.03 102.84 102.56 102.28 102.06 102.03 102.16 102.28 102.41 102.53 102.62 102.72 102.81 102.91 103.03 103.16 103.28 103.41 103.53 103.62 103.72 103.81 103.91 104.00 104.06 104.12 104.19 104.22 104.25 104.25 104.25 104.25 104.19 104.16 104.09 104.06 104.03 104.03 104.06 104.16 104.28 104.50 104.75 105.09 105.50 105.81 106.00 106.12 106.19 106.22 106.22 106.22 106.19 106.09 106.00 105.88 105.75 105.56 105.38 105.12 104.88 104.62 104.41 104.22 104.06 104.03 103.97 103.84 103.78 103.84 103.88 103.84 103.78
