everonasctiles/Tile[11,3].asc
ncols 128
nrows 128
xllcorner 0
yllcorner 0
cellsize 2.0
NODATA_value  -9999
[rows 0 to 31 of 128, columns 0 to 70 of 128]
-9.53 -9.41 -9.31 -9.19 -9.09 -8.97 -8.88 -8.81 -8.75 -8.72 -8.69 -8.72 -8.75 -8.78 -8.84 -8.91 -9.00 -9.12 -9.25 -9.44 -9.66 -9.88 -10.22 -10.44 -10.69 -10.53 -10.75 -10.75 -10.91 -10.72 -11.00 -11.03 -11.25 -11.31 -11.59 -12.00 -11.91 -11.81 -12.09 -11.94 -11.94 -11.75 -11.66 -11.62 -11.62 -11.44 -11.59 -11.50 -11.34 -11.47 -11.53 -11.19 -10.47 -10.03 -9.88 -9.62 -9.56 -9.28 -8.72 -8.50 -8.47 -8.22 -7.91 -7.75 -7.38 -7.19 -7.03 -7.25 -7.81 -7.69 -7.44
-9.56 -9.47 -9.34 -9.25 -9.16 -9.06 -8.97 -8.91 -8.84 -8.81 -8.81 -8.84 -8.88 -8.97 -9.03 -9.12 -9.25 -9.38 -9.53 -9.75 -10.00 -10.28 -10.62 -10.47 -10.62 -10.62 -10.81 -10.78 -10.97 -11.22 -11.16 -11.41 -11.66 -11.91 -12.25 -12.62 -12.56 -12.50 -12.66 -12.50 -12.44 -12.22 -12.09 -12.06 -11.91 -12.12 -12.25 -12.12 -11.97 -12.22 -12.06 -11.44 -10.94 -10.72 -10.50 -10.31 -10.03 -9.91 -9.31 -9.09 -8.72 -8.50 -8.22 -7.91 -7.56 -7.28 -7.19 -7.53 -7.69 -7.44 -7.38
-9.59 -9.47 -9.38 -9.28 -9.19 -9.09 -9.03 -8.97 -8.94 -8.94 -8.94 -8.97 -9.03 -9.12 -9.22 -9.31 -9.47 -9.66 -9.91 -10.00 -10.16 -10.69 -10.59 -10.78 -10.84 -10.84 -10.91 -11.00 -11.16 -11.47 -11.62 -12.09 -12.31 -12.41 -12.66 -12.97 -13.25 -13.41 -13.31 -13.09 -13.03 -12.88 -12.69 -12.47 -12.66 -12.78 -12.81 -12.59 -12.91 -12.84 -12.41 -11.94 -11.75 -11.47 -11.31 -11.16 -10.75 -10.25 -9.91 -9.62 -9.28 -8.88 -8.66 -8.28 -7.88 -7.38 -7.34 -7.88 -8.16 -7.94 -7.69
-9.62 -9.50 -9.38 -9.28 -9.22 -9.16 -9.12 -9.06 -9.03 -9.03 -9.06 -9.09 -9.19 -9.28 -9.44 -9.59 -9.84 -9.94 -10.00 -10.25 -10.53 -10.56 -10.50 -10.75 -11.00 -11.16 -11.19 -11.59 -11.75 -11.72 -12.16 -12.41 -12.72 -12.91 -13.12 -13.38 -13.75 -13.84 -13.75 -13.50 -13.56 -13.41 -13.28 -13.31 -13.25 -13.38 -13.31 -13.62 -13.62 -13.25 -12.84 -12.47 -12.41 -12.25 -12.03 -11.81 -11.53 -11.06 -10.53 -10.16 -9.91 -9.34 -9.38 -8.78 -8.41 -8.03 -7.75 -8.38 -8.34 -8.34 -7.78
-9.66 -9.50 -9.38 -9.28 -9.22 -9.19 -9.16 -9.19 -9.19 -9.22 -9.25 -9.31 -9.38 -9.41 -9.72 -9.75 -9.66 -9.97 -10.00 -10.25 -10.41 -10.62 -10.50 -10.94 -11.12 -11.25 -11.47 -11.81 -11.84 -12.06 -12.25 -12.50 -12.81 -13.31 -13.69 -13.66 -13.72 -13.88 -13.91 -13.84 -13.81 -13.88 -13.97 -13.91 -13.97 -13.97 -14.09 -14.34 -14.25 -13.72 -13.19 -13.06 -13.03 -12.94 -12.66 -12.41 -11.94 -11.53 -11.03 -10.69 -10.19 -10.09 -9.69 -9.25 -9.06 -8.94 -8.84 -8.72 -8.50 -8.09 -7.62
-9.62 -9.31 -9.31 -9.25 -9.22 -9.19 -9.19 -9.25 -9.31 -9.34 -9.41 -9.34 -9.19 -9.28 -9.91 -9.91 -9.91 -10.00 -10.03 -10.16 -10.44 -10.62 -10.94 -11.19 -11.41 -11.69 -11.59 -11.81 -12.16 -12.28 -12.50 -12.69 -13.09 -13.62 -14.09 -14.19 -14.16 -14.25 -14.34 -14.41 -14.41 -14.50 -14.50 -14.41 -14.56 -14.81 -14.97 -15.12 -14.62 -14.09 -13.72 -13.72 -13.69 -13.69 -13.38 -13.03 -12.53 -12.03 -11.59 -11.25 -10.81 -10.78 -10.34 -10.06 -9.69 -9.41 -9.19 -8.31 -7.94 -8.00 -7.75
-9.88 -9.66 -9.12 -9.03 -9.19 -9.16 -9.22 -9.34 -9.47 -9.53 -9.59 -9.56 -9.41 -9.44 -9.84 -10.09 -10.06 -10.12 -10.59 -10.50 -10.69 -10.69 -11.06 -11.16 -11.56 -11.75 -11.81 -11.91 -12.28 -12.72 -12.97 -13.19 -13.66 -14.25 -14.59 -15.00 -15.16 -15.19 -15.00 -15.12 -15.22 -15.19 -15.12 -15.16 -15.19 -15.59 -15.78 -15.44 -15.00 -14.69 -14.72 -14.69 -14.59 -14.47 -14.12 -13.94 -13.47 -12.88 -12.44 -12.09 -11.78 -11.34 -10.97 -10.69 -10.28 -9.66 -8.97 -8.44 -8.19 -8.06 -7.97
-9.78 -9.47 -9.47 -9.09 -8.91 -9.06 -8.97 -9.56 -9.69 -10.00 -10.09 -9.91 -9.72 -9.62 -9.62 -10.03 -10.41 -10.56 -10.59 -10.78 -10.81 -10.78 -10.78 -11.22 -11.50 -11.69 -12.12 -12.31 -12.59 -12.81 -13.25 -13.72 -14.03 -14.66 -15.09 -15.66 -15.88 -15.97 -15.97 -16.12 -16.34 -16.62 -16.56 -16.25 -16.41 -16.53 -16.19 -15.81 -15.38 -15.34 -15.38 -15.34 -15.31 -15.12 -14.81 -14.56 -14.03 -13.47 -13.06 -12.47 -12.31 -11.66 -11.56 -11.44 -10.91 -9.97 -9.03 -8.56 -8.75 -8.47 -7.72
-9.56 -9.19 -9.53 -9.62 -9.44 -8.91 -9.06 -9.25 -9.34 -9.66 -9.53 -9.81 -9.59 -9.56 -9.69 -10.06 -10.44 -10.56 -10.59 -10.84 -10.91 -11.09 -11.12 -11.28 -11.47 -12.09 -12.56 -12.53 -12.88 -13.25 -13.75 -14.06 -14.78 -15.25 -15.56 -15.72 -15.97 -16.56 -17.06 -17.22 -17.34 -17.50 -17.53 -17.44 -17.38 -17.22 -16.84 -16.53 -16.28 -16.06 -16.09 -16.03 -15.84 -15.47 -15.25 -14.91 -14.44 -13.97 -13.47 -13.16 -12.84 -12.28 -12.19 -11.94 -11.53 -10.50 -9.75 -9.06 -9.28 -9.03 -8.31
-8.75 -8.44 -9.12 -9.16 -9.16 -9.00 -9.00 -8.94 -8.78 -9.06 -9.34 -9.41 -9.38 -9.56 -9.78 -10.25 -10.34 -10.50 -10.56 -10.69 -11.09 -11.44 -11.59 -11.72 -11.97 -12.34 -12.72 -12.97 -13.16 -13.44 -13.94 -14.47 -15.12 -15.72 -15.94 -16.06 -16.22 -16.66 -16.91 -16.94 -17.16 -17.41 -17.53 -17.78 -17.84 -17.50 -17.28 -17.28 -17.16 -17.00 -16.69 -16.50 -16.25 -15.84 -15.66 -15.19 -15.06 -14.59 -13.91 -13.69 -13.50 -13.16 -13.19 -12.69 -12.25 -11.41 -10.59 -10.06 -9.78 -9.66 -9.12
-8.53 -8.38 -8.56 -8.50 -8.38 -8.41 -8.62 -8.75 -8.34 -8.66 -9.00 -9.19 -9.28 -9.62 -10.28 -10.28 -10.69 -10.69 -11.03 -11.12 -11.62 -11.81 -11.97 -12.00 -12.12 -12.59 -12.88 -13.16 -13.44 -13.56 -13.94 -14.56 -15.34 -15.91 -16.03 -16.09 -16.22 -16.16 -16.09 -16.28 -16.62 -17.00 -17.44 -17.78 -17.66 -17.59 -17.62 -17.66 -17.66 -17.44 -17.16 -16.81 -16.59 -16.44 -16.25 -15.91 -15.59 -15.19 -14.84 -14.50 -14.44 -14.00 -13.88 -13.59 -13.03 -12.25 -11.59 -11.00 -10.50 -10.28 -9.81
-8.72 -8.69 -8.44 -8.44 -8.50 -8.25 -8.06 -8.09 -8.41 -8.66 -8.88 -8.81 -9.00 -9.38 -9.94 -10.28 -10.41 -10.66 -11.00 -11.31 -11.41 -11.72 -12.38 -12.41 -12.75 -12.81 -13.16 -13.34 -13.59 -13.84 -14.34 -14.62 -15.28 -15.47 -15.72 -15.56 -15.69 -15.97 -16.41 -16.56 -16.84 -17.06 -17.38 -17.66 -17.88 -18.09 -18.12 -18.00 -17.78 -17.59 -17.47 -17.38 -17.16 -17.16 -16.94 -16.69 -16.34 -15.97 -15.66 -15.72 -15.53 -15.00 -14.59 -14.16 -13.66 -13.00 -12.38 -11.75 -11.28 -10.88 -9.97
-8.72 -8.59 -8.38 -8.41 -8.31 -8.28 -8.28 -8.19 -8.19 -8.31 -8.44 -8.59 -9.00 -9.47 -9.56 -9.91 -10.12 -10.44 -10.72 -11.19 -11.34 -11.75 -11.91 -12.50 -12.78 -12.97 -13.31 -13.44 -13.81 -14.28 -14.38 -14.84 -15.09 -15.41 -15.34 -15.50 -15.78 -16.31 -16.47 -17.09 -17.25 -17.56 -17.81 -17.84 -18.09 -18.50 -18.47 -18.38 -18.28 -18.16 -18.16 -18.06 -17.94 -17.75 -17.69 -17.50 -17.12 -16.69 -16.69 -16.53 -16.38 -15.84 -15.12 -14.75 -14.16 -13.59 -12.84 -12.09 -11.81 -11.41 -11.09
-8.69 -8.22 -7.97 -7.88 -8.22 -8.19 -7.84 -7.94 -8.19 -8.25 -8.50 -8.53 -8.78 -9.19 -9.34 -9.62 -9.66 -10.12 -10.47 -10.91 -10.97 -11.44 -12.03 -12.34 -12.69 -13.00 -13.22 -13.34 -13.75 -14.16 -14.88 -14.97 -15.59 -15.81 -15.72 -15.78 -16.25 -16.56 -16.97 -17.47 -17.81 -18.22 -18.22 -18.34 -18.72 -18.91 -18.78 -18.66 -18.78 -18.62 -18.72 -18.72 -18.59 -18.44 -18.31 -18.12 -17.84 -17.62 -17.69 -17.56 -17.38 -16.50 -15.81 -15.19 -14.59 -13.88 -13.28 -12.53 -12.16 -11.94 -11.97
-9.09 -8.81 -8.56 -8.25 -8.06 -7.75 -7.66 -7.88 -7.88 -8.03 -8.53 -8.75 -9.09 -9.34 -9.59 -9.88 -10.16 -10.41 -10.66 -10.94 -11.25 -11.62 -12.06 -12.41 -12.69 -13.06 -13.31 -13.78 -14.09 -14.56 -15.06 -15.56 -16.06 -16.44 -16.31 -16.25 -16.56 -17.06 -17.47 -18.00 -18.47 -18.81 -18.94 -19.06 -19.34 -19.62 -19.47 -19.41 -19.41 -19.31 -19.25 -19.28 -19.28 -19.28 -19.12 -18.81 -18.75 -18.62 -18.56 -18.50 -18.12 -17.28 -16.44 -15.72 -15.16 -14.50 -14.06 -13.72 -13.00 -12.50 -12.25
-9.28 -9.06 -8.88 -8.69 -8.53 -8.44 -8.38 -8.44 -8.59 -8.78 -9.00 -9.25 -9.47 -9.72 -9.97 -10.22 -10.47 -10.75 -11.03 -11.31 -11.59 -11.94 -12.31 -12.66 -13.03 -13.38 -13.72 -14.12 -14.56 -15.06 -15.38 -15.94 -16.47 -16.69 -16.44 -16.66 -16.97 -17.22 -17.88 -18.47 -18.81 -19.22 -19.50 -19.72 -19.84 -20.00 -20.16 -20.41 -20.38 -20.31 -20.12 -20.00 -20.09 -20.03 -20.09 -20.06 -20.00 -19.69 -19.56 -19.31 -18.81 -17.94 -17.25 -16.56 -15.94 -15.41 -15.00 -14.53 -13.91 -13.50 -12.94
-9.47 -9.28 -9.12 -8.97 -8.84 -8.75 -8.69 -8.75 -8.88 -9.03 -9.28 -9.53 -9.78 -10.00 -10.25 -10.50 -10.78 -11.06 -11.34 -11.59 -11.91 -12.22 -12.56 -12.91 -13.28 -13.62 -14.00 -14.44 -14.88 -15.34 -15.91 -16.53 -16.81 -16.62 -16.75 -17.06 -17.44 -17.78 -18.31 -18.78 -19.12 -19.56 -19.84 -20.16 -20.28 -20.31 -20.59 -20.72 -20.94 -21.16 -21.00 -21.03 -20.81 -20.75 -20.88 -21.00 -20.88 -20.69 -20.38 -20.00 -19.50 -18.81 -18.28 -17.69 -17.00 -16.31 -15.75 -15.12 -14.62 -14.28 -13.81
-9.69 -9.53 -9.41 -9.25 -9.12 -9.03 -9.00 -9.03 -9.12 -9.28 -9.50 -9.75 -10.03 -10.31 -10.56 -10.81 -11.09 -11.38 -11.66 -11.94 -12.22 -12.53 -12.84 -13.19 -13.53 -13.91 -14.28 -14.69 -15.16 -15.66 -16.19 -16.84 -17.19 -17.28 -17.19 -17.47 -17.88 -18.19 -18.56 -19.16 -19.62 -19.97 -20.31 -20.62 -20.81 -21.03 -21.28 -21.25 -21.34 -21.56 -21.84 -22.00 -21.59 -21.59 -21.62 -21.66 -21.69 -21.50 -21.16 -20.75 -20.25 -19.78 -19.19 -18.66 -18.06 -17.25 -16.69 -16.06 -15.47 -15.00 -14.75
-9.91 -9.78 -9.66 -9.53 -9.41 -9.31 -9.25 -9.28 -9.38 -9.53 -9.72 -10.00 -10.25 -10.56 -10.84 -11.12 -11.41 -11.69 -11.97 -12.28 -12.56 -12.88 -13.19 -13.50 -13.84 -14.22 -14.56 -14.97 -15.44 -15.91 -16.41 -16.94 -17.50 -17.84 -18.03 -18.31 -18.53 -18.66 -18.94 -19.41 -19.88 -20.25 -20.81 -21.16 -21.50 -21.72 -21.88 -22.00 -22.09 -22.16 -22.41 -22.66 -22.75 -22.62 -22.56 -22.66 -22.62 -22.41 -21.97 -21.44 -20.97 -20.53 -20.09 -19.56 -18.88 -18.00 -17.41 -17.06 -16.81 -16.16 -15.94
-10.06 -9.97 -9.88 -9.75 -9.66 -9.56 -9.50 -9.50 -9.59 -9.75 -9.94 -10.19 -10.47 -10.78 -11.12 -11.41 -11.72 -12.03 -12.34 -12.66 -12.94 -13.25 -13.56 -13.88 -14.22 -14.53 -14.91 -15.28 -15.75 -16.19 -16.66 -17.06 -17.56 -18.12 -18.59 -18.97 -19.06 -19.34 -19.34 -19.66 -20.19 -20.72 -21.09 -21.66 -21.97 -22.25 -22.59 -22.75 -22.81 -23.06 -23.16 -23.22 -23.41 -23.53 -23.53 -23.56 -23.47 -23.22 -22.91 -22.38 -21.94 -21.53 -20.84 -20.00 -19.31 -18.56 -18.03 -17.78 -17.66 -17.28 -16.81
-10.19 -10.09 -10.03 -9.94 -9.88 -9.84 -9.81 -9.81 -9.81 -9.94 -10.12 -10.38 -10.69 -11.03 -11.38 -11.69 -12.03 -12.38 -12.72 -13.03 -13.34 -13.69 -14.00 -14.31 -14.62 -14.94 -15.25 -15.62 -16.06 -16.47 -16.91 -17.25 -17.62 -18.16 -18.81 -19.22 -19.62 -19.72 -19.91 -20.31 -20.81 -21.12 -21.53 -22.06 -22.28 -22.81 -23.12 -23.38 -23.50 -23.66 -23.75 -23.84 -24.00 -24.19 -24.38 -24.31 -24.25 -24.03 -23.72 -23.38 -23.03 -22.28 -21.47 -20.66 -19.97 -19.25 -18.84 -18.75 -18.56 -18.00 -17.19
-10.34 -10.25 -10.16 -10.09 -10.03 -10.00 -10.00 -10.03 -10.06 -10.12 -10.28 -10.56 -10.88 -11.22 -11.62 -11.97 -12.38 -12.75 -13.09 -13.47 -13.78 -14.16 -14.47 -14.78 -15.06 -15.34 -15.62 -15.97 -16.38 -16.81 -17.19 -17.44 -17.78 -18.28 -18.75 -19.41 -19.94 -20.28 -20.66 -20.91 -21.28 -21.62 -22.09 -22.44 -22.84 -23.38 -23.66 -23.88 -23.97 -24.25 -24.47 -24.66 -24.81 -24.97 -25.06 -25.09 -24.97 -24.62 -24.31 -24.06 -23.62 -22.94 -22.16 -21.38 -20.59 -20.19 -19.97 -19.84 -19.31 -18.53 -17.56
-10.47 -10.38 -10.28 -10.22 -10.19 -10.16 -10.19 -10.25 -10.31 -10.41 -10.50 -10.69 -11.03 -11.44 -11.84 -12.25 -12.69 -13.06 -13.47 -13.88 -14.25 -14.62 -14.97 -15.28 -15.56 -15.81 -16.03 -16.34 -16.72 -17.12 -17.50 -17.88 -18.28 -18.75 -19.12 -19.78 -20.25 -20.84 -21.00 -21.44 -21.81 -22.16 -22.50 -22.97 -23.44 -23.78 -24.06 -24.41 -24.72 -24.88 -25.12 -25.28 -25.31 -25.41 -25.53 -25.59 -25.47 -25.28 -24.94 -24.59 -24.03 -23.38 -22.56 -21.91 -21.44 -21.19 -21.19 -20.94 -20.22 -19.22 -18.41
-10.59 -10.50 -10.41 -10.34 -10.31 -10.31 -10.38 -10.47 -10.59 -10.72 -10.88 -11.00 -11.16 -11.59 -12.03 -12.50 -12.94 -13.38 -13.81 -14.28 -14.72 -15.12 -15.50 -15.81 -16.09 -16.31 -16.47 -16.69 -17.00 -17.38 -17.78 -18.28 -18.84 -19.25 -19.72 -20.12 -20.62 -21.16 -21.38 -22.03 -22.34 -22.75 -23.09 -23.44 -23.94 -24.28 -24.66 -25.03 -25.28 -25.47 -25.72 -25.78 -25.81 -25.81 -25.91 -26.03 -26.00 -25.84 -25.50 -25.06 -24.56 -23.94 -23.31 -22.75 -22.44 -22.38 -22.34 -21.94 -21.03 -20.19 -19.50
-10.72 -10.62 -10.53 -10.47 -10.44 -10.47 -10.56 -10.66 -10.75 -10.88 -11.03 -11.22 -11.41 -11.72 -12.25 -12.69 -13.16 -13.59 -14.12 -14.66 -15.16 -15.66 -16.03 -16.41 -16.72 -16.91 -16.94 -16.97 -17.16 -17.50 -18.16 -18.75 -19.25 -19.66 -20.25 -20.91 -21.34 -21.72 -22.38 -22.84 -23.28 -23.56 -23.72 -24.12 -24.62 -24.94 -25.22 -25.59 -25.81 -25.91 -26.09 -26.19 -26.28 -26.28 -26.38 -26.56 -26.62 -26.47 -26.06 -25.56 -25.03 -24.53 -24.12 -23.78 -23.53 -23.41 -23.19 -22.59 -21.78 -20.91 -20.22
-10.88 -10.75 -10.66 -10.59 -10.59 -10.62 -10.69 -10.78 -10.91 -11.03 -11.16 -11.31 -11.53 -11.69 -12.22 -12.56 -13.22 -13.75 -14.28 -15.12 -15.81 -16.41 -16.94 -17.31 -17.56 -17.84 -17.50 -17.25 -17.41 -17.97 -18.47 -19.03 -19.47 -20.09 -20.94 -21.56 -22.09 -22.56 -23.12 -23.59 -23.84 -24.22 -24.47 -24.81 -25.09 -25.44 -25.75 -26.06 -26.28 -26.47 -26.53 -26.62 -26.72 -26.78 -26.88 -27.03 -27.09 -26.94 -26.56 -26.09 -25.66 -25.22 -24.78 -24.59 -24.44 -24.22 -23.81 -23.19 -22.28 -21.34 -20.62
-11.06 -10.88 -10.78 -10.69 -10.72 -10.78 -10.84 -10.94 -11.06 -11.19 -11.31 -11.44 -11.59 -11.75 -11.69 -11.81 -12.72 -13.72 -14.34 -14.91 -15.72 -16.34 -17.12 -17.72 -17.97 -18.09 -18.06 -17.88 -18.03 -18.38 -18.97 -19.44 -20.03 -20.75 -21.47 -21.94 -22.44 -22.91 -23.50 -23.84 -24.22 -24.47 -24.84 -25.16 -25.53 -25.84 -26.12 -26.44 -26.62 -26.84 -27.00 -27.09 -27.19 -27.25 -27.34 -27.41 -27.47 -27.38 -27.09 -26.75 -26.31 -25.91 -25.50 -25.38 -25.22 -24.78 -24.25 -23.53 -22.78 -22.03 -21.50
-11.22 -11.03 -10.91 -10.81 -10.84 -10.91 -10.97 -11.09 -11.19 -11.34 -11.47 -11.62 -11.75 -11.84 -11.84 -11.31 -12.19 -13.12 -14.38 -15.19 -15.75 -16.41 -17.12 -17.78 -18.41 -18.59 -18.72 -18.69 -18.72 -18.81 -19.31 -19.91 -20.59 -21.25 -21.84 -22.09 -22.62 -23.12 -23.53 -24.06 -24.47 -24.91 -25.19 -25.44 -25.81 -26.12 -26.47 -26.78 -27.06 -27.25 -27.41 -27.56 -27.62 -27.66 -27.62 -27.66 -27.78 -27.75 -27.59 -27.38 -27.06 -26.66 -26.34 -26.06 -25.78 -25.28 -24.69 -24.03 -23.34 -22.69 -22.12
-11.44 -11.22 -11.06 -10.97 -11.00 -11.03 -11.12 -11.22 -11.34 -11.47 -11.62 -11.81 -11.97 -12.09 -12.16 -11.97 -12.03 -12.56 -13.75 -14.78 -15.81 -16.50 -17.28 -18.00 -18.75 -19.22 -19.56 -19.44 -19.28 -19.31 -19.66 -20.28 -21.12 -21.75 -22.12 -22.59 -22.88 -23.34 -23.78 -24.34 -24.78 -25.19 -25.59 -25.94 -26.25 -26.53 -26.91 -27.19 -27.47 -27.66 -27.81 -27.97 -28.00 -28.00 -27.97 -28.00 -28.06 -28.03 -27.97 -27.81 -27.56 -27.25 -26.94 -26.56 -26.12 -25.59 -25.00 -24.41 -23.84 -23.25 -22.69
-11.88 -11.41 -11.22 -11.12 -11.12 -11.19 -11.25 -11.34 -11.47 -11.62 -11.81 -12.00 -12.22 -12.41 -12.56 -12.62 -12.81 -12.84 -13.38 -14.34 -15.62 -16.78 -17.56 -18.34 -19.06 -19.59 -20.19 -20.31 -20.06 -20.00 -20.28 -20.94 -21.81 -22.19 -22.56 -22.97 -23.28 -23.69 -24.16 -24.69 -25.12 -25.62 -26.00 -26.34 -26.72 -27.03 -27.31 -27.56 -27.78 -27.94 -28.09 -28.22 -28.38 -28.41 -28.38 -28.38 -28.41 -28.31 -28.25 -28.19 -28.00 -27.72 -27.44 -27.03 -26.66 -26.06 -25.47 -24.88 -24.31 -23.84 -23.28
-11.97 -11.38 -11.25 -11.22 -11.25 -11.31 -11.38 -11.47 -11.59 -11.78 -11.97 -12.19 -12.44 -12.72 -12.97 -13.50 -13.78 -13.81 -14.19 -14.75 -15.81 -16.78 -17.69 -18.59 -19.44 -20.22 -20.72 -21.12 -21.12 -20.91 -21.00 -21.62 -22.19 -22.56 -23.03 -23.31 -23.75 -24.22 -24.69 -25.09 -25.62 -26.09 -26.44 -26.78 -27.12 -27.41 -27.62 -27.81 -28.06 -28.22 -28.38 -28.56 -28.72 -28.81 -28.81 -28.84 -28.78 -28.62 -28.53 -28.47 -28.31 -28.12 -27.78 -27.47 -27.03 -26.47 -25.97 -25.34 -24.84 -24.25 -23.72
-11.69 -11.91 -11.81 -11.19 -11.34 -11.44 -11.50 -11.56 -11.69 -11.88 -12.09 -12.34 -12.66 -12.97 -13.56 -14.34 -14.56 -14.66 -15.09 -15.66 -16.47 -17.12 -17.94 -18.94 -19.97 -20.69 -21.28 -21.78 -21.88 -21.84 -22.00 -22.19 -22.56 -23.06 -23.44 -23.84 -24.38 -24.69 -25.12 -25.62 -26.03 -26.44 -26.88 -27.19 -27.47 -27.72 -27.94 -28.12 -28.28 -28.50 -28.69 -28.91 -29.06 -29.19 -29.22 -29.19 -29.09 -28.97 -28.84 -28.69 -28.59 -28.38 -28.09 -27.75 -27.34 -26.81 -26.38 -25.88 -25.31 -24.84 -24.25
