everonasctiles/Tile37,3.asc
ncols 128
nrows 128
xllcorner 0
yllcorner 0
cellsize 2.0
NODATA_value  -9999
[rows 0 to 31 of 128, columns 0 to 70 of 128]
164.56 163.97 163.53 163.19 162.94 162.81 162.72 162.50 162.25 162.12 162.03 161.91 161.84 161.88 161.75 161.62 161.50 161.34 161.25 161.12 161.00 160.88 160.75 160.62 160.50 160.38 160.22 160.03 159.81 159.50 159.06 158.53 157.97 157.44 156.88 156.28 155.72 154.97 154.12 153.25 152.41 151.59 150.78 149.97 149.19 148.41 147.62 146.91 146.19 145.50 144.72 143.91 143.03 141.69 140.22 138.78 137.62 137.00 136.28 135.38 134.50 133.59 132.56 131.44 130.19 129.19 128.38 127.50 126.56 125.59 124.66
164.72 164.09 163.53 163.12 162.81 162.59 162.50 162.41 162.12 161.97 161.88 161.78 161.69 161.66 161.56 161.47 161.34 161.22 161.09 160.97 160.84 160.72 160.62 160.50 160.41 160.28 160.12 159.94 159.72 159.47 159.03 158.50 157.94 157.38 156.81 156.25 155.72 155.00 154.28 153.53 152.75 151.97 151.19 150.41 149.59 148.81 148.03 147.28 146.53 145.78 144.91 144.03 143.06 141.84 140.53 139.16 138.12 137.38 136.59 135.62 134.75 133.84 132.75 131.59 130.41 129.44 128.62 127.75 126.81 125.84 124.88
164.69 164.16 163.53 163.00 162.62 162.34 162.25 162.16 162.06 161.81 161.72 161.66 161.56 161.47 161.38 161.25 161.12 161.03 160.91 160.81 160.69 160.59 160.47 160.38 160.28 160.16 159.97 159.75 159.56 159.31 159.00 158.44 157.84 157.28 156.72 156.16 155.62 155.00 154.34 153.69 153.00 152.22 151.47 150.69 149.91 149.16 148.38 147.59 146.81 146.00 145.12 144.19 143.22 141.78 140.44 139.47 138.59 137.81 136.94 136.00 135.09 134.16 133.12 131.88 130.78 129.69 128.91 128.00 127.09 126.19 125.28
164.62 164.09 163.47 162.88 162.41 162.06 161.94 161.84 161.81 161.72 161.59 161.50 161.44 161.34 161.28 161.06 160.94 160.84 160.72 160.62 160.53 160.41 160.31 160.22 160.09 159.94 159.75 159.53 159.28 158.97 158.66 158.22 157.75 157.16 156.59 156.03 155.47 154.91 154.34 153.75 153.16 152.41 151.69 150.94 150.16 149.38 148.59 147.81 147.03 146.22 145.34 144.41 143.41 141.88 140.69 139.84 139.03 138.22 137.31 136.38 135.47 134.53 133.47 132.34 131.31 130.31 129.25 128.28 127.41 126.56 125.69
164.53 163.97 163.31 162.66 162.16 161.78 161.59 161.50 161.47 161.47 161.47 161.38 161.28 161.22 161.12 160.94 160.75 160.66 160.53 160.44 160.34 160.25 160.16 160.03 159.91 159.72 159.50 159.28 159.00 158.72 158.38 157.84 157.31 156.94 156.44 155.81 155.22 154.72 154.25 153.75 153.25 152.59 151.91 151.19 150.38 149.62 148.81 148.06 147.25 146.41 145.53 144.56 143.59 142.22 141.16 140.34 139.47 138.59 137.66 136.72 135.84 134.94 133.88 132.78 131.72 130.62 129.53 128.50 127.62 126.84 126.03
164.38 163.84 163.12 162.47 161.94 161.53 161.25 161.16 161.12 161.16 161.19 161.25 161.16 161.06 161.00 160.91 160.59 160.47 160.38 160.25 160.16 160.06 159.97 159.81 159.69 159.50 159.28 159.03 158.78 158.50 158.16 157.66 157.16 156.81 156.38 155.81 155.38 154.88 154.28 153.72 153.31 152.81 152.06 151.34 150.59 149.81 149.00 148.22 147.44 146.62 145.75 144.75 143.75 142.75 141.59 140.81 139.84 138.94 138.03 137.09 136.28 135.41 134.34 133.19 132.06 130.88 129.72 128.66 127.81 127.06 126.34
164.22 163.69 162.97 162.34 161.81 161.38 161.12 160.94 160.84 160.78 160.84 161.09 161.03 160.94 160.84 160.78 160.62 160.31 160.19 160.09 160.00 159.88 159.75 159.62 159.47 159.28 159.06 158.81 158.56 158.31 158.03 157.69 157.22 156.91 156.50 156.06 155.59 155.06 154.28 153.69 153.22 152.81 152.19 151.50 150.78 149.91 149.06 148.34 147.66 146.94 145.97 144.97 144.06 143.06 142.09 141.25 140.25 139.38 138.41 137.50 136.72 135.78 134.75 133.66 132.44 131.19 129.94 128.81 128.09 127.47 126.84
164.06 163.53 162.91 162.31 161.78 161.31 161.06 160.84 160.66 160.59 160.62 160.78 160.88 160.81 160.72 160.62 160.56 160.19 160.06 159.97 159.84 159.72 159.56 159.44 159.28 159.09 158.88 158.66 158.44 158.22 157.94 157.62 157.34 157.09 156.75 156.25 155.69 155.00 154.25 153.72 153.31 152.81 152.19 151.66 151.00 150.12 149.09 148.41 147.75 147.06 146.16 145.22 144.28 143.31 142.50 141.62 140.66 139.75 138.81 137.97 137.12 136.22 135.09 134.06 132.78 131.50 130.28 129.28 128.56 127.97 127.44
163.91 163.38 162.88 162.38 161.91 161.41 161.12 160.81 160.59 160.47 160.50 160.53 160.62 160.66 160.59 160.50 160.44 160.34 159.94 159.81 159.69 159.59 159.44 159.28 159.09 158.91 158.72 158.53 158.34 158.12 157.88 157.62 157.44 157.12 156.78 156.31 155.78 155.16 154.41 153.84 153.28 152.75 152.16 151.50 150.88 150.09 149.28 148.53 147.97 147.31 146.50 145.56 144.69 143.66 142.88 141.97 141.06 140.19 139.31 138.41 137.56 136.69 135.84 134.59 133.19 131.78 130.50 129.69 129.03 128.50 128.00
163.69 163.25 162.84 162.44 162.03 161.59 161.31 160.84 160.53 160.44 160.41 160.38 160.38 160.53 160.44 160.38 160.31 160.25 159.88 159.72 159.59 159.47 159.31 159.16 159.00 158.81 158.66 158.47 158.28 158.06 157.88 157.69 157.44 157.16 156.81 156.34 155.81 155.22 154.56 153.94 153.31 152.66 152.00 151.44 150.81 150.22 149.53 148.84 148.25 147.56 146.72 145.88 145.00 144.03 143.19 142.41 141.50 140.75 139.81 138.84 138.03 137.31 136.59 135.66 134.53 132.97 131.25 130.03 129.47 128.94 128.47
163.50 163.12 162.78 162.50 162.19 161.91 161.62 161.12 160.72 160.47 160.34 160.22 160.16 160.22 160.31 160.25 160.19 160.12 160.03 159.59 159.50 159.38 159.25 159.09 158.97 158.78 158.62 158.44 158.28 158.06 157.91 157.66 157.41 157.09 156.72 156.28 155.75 155.22 154.59 154.00 153.44 152.78 152.12 151.62 151.00 150.38 149.66 149.09 148.50 147.78 147.03 146.16 145.28 144.34 143.53 142.78 142.03 141.28 140.28 139.44 138.44 137.97 137.19 136.47 136.25 134.94 133.34 130.69 129.88 129.38 128.88
163.25 162.97 162.72 162.56 162.38 162.19 162.00 161.62 161.06 160.78 160.44 160.12 160.00 160.00 160.16 160.12 160.06 160.00 159.94 159.62 159.44 159.31 159.19 159.06 158.94 158.78 158.62 158.44 158.25 158.06 157.81 157.62 157.41 157.03 156.47 155.97 155.59 155.19 154.59 154.06 153.50 152.84 152.28 151.75 151.06 150.38 149.84 149.31 148.75 148.09 147.38 146.56 145.53 144.66 143.94 143.25 142.56 141.97 141.19 140.31 139.44 138.59 137.78 137.12 136.41 135.53 134.72 132.75 130.59 129.81 129.25
163.00 162.78 162.62 162.56 162.59 162.47 162.41 162.12 161.62 161.19 160.84 160.47 159.75 159.97 160.00 160.00 159.94 159.88 159.81 159.75 159.34 159.25 159.12 159.00 158.88 158.75 158.59 158.44 158.25 158.03 157.78 157.53 157.22 156.81 156.31 155.88 155.47 155.09 154.50 154.03 153.56 152.91 152.44 152.03 151.34 150.62 150.12 149.62 149.06 148.50 147.88 147.03 145.88 145.00 144.38 143.84 143.25 142.69 141.88 141.25 140.25 139.47 138.53 137.62 136.66 135.72 134.72 133.59 131.91 130.34 129.62
162.69 162.56 162.53 162.59 162.69 162.69 162.69 162.38 162.03 161.69 161.28 160.97 160.69 160.19 160.19 159.91 159.81 159.75 159.69 159.62 159.31 159.16 159.06 158.97 158.84 158.72 158.59 158.41 158.22 158.00 157.72 157.44 157.03 156.66 156.25 155.84 155.44 155.00 154.50 154.06 153.62 153.16 152.69 152.16 151.59 150.84 150.41 150.00 149.44 149.00 148.38 147.62 146.53 145.84 145.12 144.44 143.84 143.34 142.84 142.03 141.31 140.38 139.41 138.12 137.00 135.97 134.97 133.88 132.75 130.88 130.00
162.38 162.38 162.38 162.50 162.62 162.75 162.75 162.66 162.41 162.12 161.84 161.62 161.38 160.91 160.56 160.03 159.69 159.62 159.56 159.50 159.44 159.06 159.00 158.91 158.78 158.66 158.53 158.38 158.19 158.00 157.75 157.44 156.97 156.53 156.19 155.78 155.41 155.00 154.56 154.19 153.75 153.25 152.78 152.38 151.88 151.12 150.72 150.38 150.06 149.44 148.91 148.09 147.47 146.66 145.84 145.09 144.41 143.84 143.47 142.75 142.09 141.28 140.25 138.81 137.53 136.44 135.41 134.28 133.00 131.62 130.62
162.03 162.09 162.22 162.34 162.47 162.56 162.62 162.75 162.75 162.59 162.47 162.38 162.16 161.69 160.78 160.00 159.56 159.50 159.44 159.38 159.31 159.09 158.94 158.84 158.72 158.59 158.47 158.31 158.16 157.94 157.72 157.50 157.03 156.50 156.06 155.69 155.34 155.06 154.62 154.22 153.78 153.38 152.91 152.53 152.22 151.59 151.12 150.84 150.34 149.88 149.34 148.72 148.03 147.28 146.44 145.59 144.81 144.28 143.91 143.47 142.75 142.00 141.19 139.56 138.28 137.19 136.00 134.81 133.56 132.38 131.41
161.62 161.78 161.97 162.09 162.22 162.34 162.53 162.69 162.94 163.03 163.12 163.28 163.59 162.56 160.75 159.81 159.28 159.41 159.31 159.25 159.19 159.12 158.84 158.75 158.62 158.50 158.31 158.22 158.06 157.88 157.66 157.38 157.03 156.66 156.16 155.72 155.31 155.00 154.62 154.25 153.84 153.50 153.16 152.75 152.41 152.09 151.59 151.12 150.69 150.22 149.69 149.06 148.41 147.62 146.75 145.88 145.06 144.62 144.31 143.84 143.28 142.59 141.62 140.44 139.31 137.97 136.72 135.47 134.25 133.19 132.25
161.19 161.44 161.69 161.84 162.00 162.19 162.44 162.66 163.06 163.38 163.62 164.00 164.34 163.69 159.91 159.47 159.09 159.16 159.22 159.12 159.09 159.03 158.88 158.69 158.56 158.44 158.28 158.09 157.94 157.78 157.59 157.34 157.03 156.62 156.19 155.69 155.28 154.94 154.62 154.25 153.91 153.56 153.28 152.91 152.56 152.22 151.84 151.38 150.88 150.34 149.78 149.19 148.50 147.72 146.88 145.94 145.31 144.91 144.56 144.16 143.66 142.97 142.03 140.88 139.66 138.47 137.25 136.06 134.94 133.97 133.09
160.78 161.09 161.41 161.66 161.91 162.19 162.47 162.72 163.19 163.53 163.84 164.31 164.69 164.50 160.66 159.53 159.19 159.03 159.06 159.03 158.97 158.91 158.84 158.62 158.50 158.38 158.22 158.03 157.88 157.72 157.56 157.25 156.97 156.59 156.16 155.59 155.25 154.91 154.56 154.22 153.91 153.59 153.25 152.94 152.69 152.38 151.97 151.50 150.97 150.38 149.78 149.19 148.56 147.81 146.88 145.94 145.53 145.12 144.75 144.34 143.88 143.19 142.25 141.12 139.97 138.78 137.59 136.47 135.47 134.69 133.91
160.53 160.88 161.28 161.62 162.06 162.41 162.75 163.03 163.38 163.78 164.09 164.44 164.75 164.94 164.53 159.44 159.34 159.16 158.97 158.91 158.84 158.78 158.72 158.69 158.47 158.31 158.19 158.06 157.84 157.62 157.41 157.12 156.81 156.56 156.12 155.62 155.25 154.91 154.59 154.25 153.97 153.62 153.31 152.97 152.78 152.47 152.03 151.50 150.97 150.28 149.66 149.12 148.53 147.78 146.97 146.16 145.69 145.25 144.81 144.41 143.91 143.25 142.34 141.28 140.16 139.00 137.81 136.72 135.81 135.09 134.44
160.34 160.75 161.22 161.75 162.31 162.78 163.19 163.47 163.72 164.03 164.38 164.50 164.59 164.59 164.28 161.59 159.66 159.34 159.09 158.78 158.72 158.66 158.62 158.56 158.47 158.31 158.19 158.00 157.78 157.50 157.25 156.88 156.56 156.25 156.12 155.88 155.56 155.19 154.72 154.31 153.97 153.66 153.41 153.16 152.84 152.53 152.03 151.50 151.00 150.00 149.50 149.16 148.66 147.91 146.97 146.28 145.78 145.34 144.91 144.38 143.81 143.19 142.34 141.38 140.28 139.12 138.00 136.91 136.03 135.31 134.66
160.25 160.69 161.34 162.00 162.62 163.16 163.59 163.88 164.09 164.19 164.41 164.44 164.22 163.91 163.59 162.94 160.81 159.47 159.12 158.72 158.59 158.53 158.50 158.44 158.53 158.31 158.19 158.03 157.84 157.56 157.19 156.84 156.53 156.25 156.03 155.88 155.66 155.28 154.81 154.34 154.00 153.72 153.44 153.25 152.94 152.56 151.78 151.03 150.44 149.91 149.41 149.06 148.66 148.03 147.12 146.41 145.88 145.34 144.78 144.28 143.69 143.09 142.34 141.41 140.38 139.28 138.12 137.06 136.19 135.47 134.78
160.12 160.72 161.44 162.12 162.75 163.28 163.78 164.12 164.34 164.31 164.22 164.16 164.06 163.81 163.34 162.78 162.06 159.16 159.09 158.94 158.47 158.44 158.38 158.31 158.31 158.53 158.41 158.28 158.09 157.88 157.44 156.94 156.66 156.38 156.09 155.88 155.59 155.19 154.88 154.50 154.16 153.88 153.56 153.25 152.94 152.50 151.72 150.84 150.34 149.84 149.44 149.00 148.59 148.12 147.47 146.62 146.00 145.44 144.84 144.22 143.59 142.94 142.25 141.41 140.50 139.47 138.25 137.19 136.31 135.56 134.88
160.12 160.72 161.47 162.16 162.72 163.19 163.62 164.09 164.38 164.28 164.00 163.78 163.72 163.66 163.28 162.69 162.16 159.44 159.16 158.97 158.44 158.31 158.25 158.19 158.12 158.56 158.47 158.31 158.12 157.91 157.47 157.12 156.84 156.53 156.31 156.03 155.72 155.34 154.94 154.59 154.28 154.00 153.66 153.34 152.97 152.50 151.75 150.94 150.38 149.94 149.44 148.91 148.53 148.16 147.62 146.88 146.16 145.50 144.88 144.22 143.56 142.91 142.16 141.41 140.66 139.69 138.41 137.34 136.41 135.62 134.91
160.12 160.75 161.41 162.03 162.47 162.88 163.31 163.75 164.00 163.97 163.69 163.44 163.31 163.28 162.97 162.44 161.94 159.84 159.34 159.03 158.84 158.19 158.12 158.06 158.03 158.06 158.47 158.34 158.19 158.00 157.81 157.47 157.22 157.03 156.66 156.19 155.91 155.66 155.25 154.88 154.53 154.12 153.91 153.66 153.22 152.59 151.75 151.09 150.53 150.09 149.56 148.88 148.44 148.09 147.69 147.16 146.41 145.62 144.97 144.25 143.56 142.91 142.22 141.47 140.62 139.62 138.56 137.56 136.62 135.75 134.97
160.19 160.75 161.38 161.84 162.22 162.53 162.88 163.22 163.44 163.50 163.25 162.97 162.88 162.75 162.44 161.94 161.34 159.97 159.41 159.09 158.97 158.12 158.00 157.97 157.91 157.84 158.34 158.25 158.16 158.03 157.88 157.69 157.53 157.25 156.97 156.62 156.12 155.78 155.53 155.31 154.97 154.59 154.25 153.88 153.34 152.75 152.09 151.31 150.84 150.22 149.69 148.97 148.44 148.03 147.62 147.25 146.56 145.84 145.03 144.31 143.62 142.97 142.31 141.56 140.59 139.66 138.72 137.75 136.81 135.91 135.03
160.16 160.69 161.19 161.62 161.94 162.19 162.38 162.62 162.84 162.94 162.81 162.56 162.38 162.16 161.81 161.41 160.78 159.91 159.38 159.09 158.94 158.62 157.88 157.84 157.78 157.72 157.88 158.09 158.00 157.94 157.84 157.75 157.62 157.41 157.16 156.84 156.44 156.06 155.72 155.47 155.16 154.84 154.47 154.06 153.56 152.97 152.41 151.75 151.12 150.50 150.03 149.34 148.62 148.09 147.69 147.31 146.88 146.16 145.34 144.53 143.84 143.12 142.38 141.53 140.62 139.66 138.78 137.88 136.97 136.09 135.22
160.03 160.53 160.97 161.38 161.69 161.91 162.03 162.25 162.44 162.47 162.44 162.22 161.91 161.62 161.28 160.78 160.31 159.72 159.25 159.00 158.81 158.69 157.78 157.69 157.66 157.59 157.56 157.75 157.84 157.78 157.69 157.62 157.59 157.47 157.28 156.97 156.62 156.25 155.91 155.59 155.31 155.00 154.62 154.19 153.72 153.22 152.56 151.94 151.34 150.81 150.28 149.69 149.03 148.41 147.88 147.47 147.03 146.44 145.62 144.91 144.16 143.38 142.47 141.56 140.56 139.72 138.84 138.00 137.09 136.25 135.44
159.84 160.28 160.66 161.06 161.38 161.56 161.75 161.94 162.16 162.25 162.12 161.88 161.53 161.19 160.81 160.25 159.81 159.41 159.03 158.75 158.53 158.34 157.84 157.56 157.53 157.47 157.44 157.41 157.44 157.41 157.38 157.50 157.47 157.44 157.28 157.06 156.72 156.38 156.00 155.69 155.38 155.09 154.72 154.34 153.91 153.31 152.56 151.97 151.44 150.91 150.38 149.84 149.31 148.78 148.22 147.81 147.25 146.62 145.94 145.22 144.47 143.62 142.59 141.66 140.69 139.81 138.94 138.09 137.25 136.44 135.69
159.75 160.09 160.41 160.72 161.03 161.25 161.50 161.69 162.00 162.06 161.88 161.56 161.19 160.81 160.38 159.78 159.34 158.94 158.66 158.41 158.22 158.03 157.84 157.44 157.41 157.34 157.31 157.25 157.22 157.22 157.22 157.25 157.31 157.34 157.28 157.06 156.81 156.47 156.06 155.66 155.38 155.00 154.69 154.44 154.03 153.38 152.31 151.81 151.28 150.88 150.41 149.91 149.47 149.00 148.53 148.00 147.41 146.81 146.12 145.44 144.69 143.78 142.72 141.62 140.72 139.84 139.03 138.19 137.41 136.59 135.81
159.56 159.94 160.19 160.38 160.66 160.88 161.22 161.47 161.75 161.81 161.66 161.28 160.88 160.38 160.00 159.34 158.88 158.47 158.25 158.09 157.94 157.75 157.56 157.31 157.25 157.22 157.19 157.12 157.09 157.06 157.06 157.09 157.19 157.22 157.19 157.03 156.81 156.47 156.00 155.59 155.31 155.09 154.81 154.41 154.00 153.53 152.88 152.03 151.38 150.81 150.28 149.91 149.50 149.16 148.72 148.28 147.62 146.94 146.19 145.47 144.78 143.91 142.62 141.66 140.81 139.91 139.09 138.31 137.59 136.84 136.06
159.25 159.62 159.88 160.03 160.31 160.53 160.91 161.22 161.50 161.56 161.41 161.00 160.50 159.91 159.56 158.97 158.53 158.19 157.97 157.81 157.62 157.47 157.28 157.12 157.12 157.09 157.03 157.00 156.94 156.94 156.94 156.94 157.03 157.09 157.09 157.03 156.81 156.44 156.09 155.75 155.44 155.19 154.94 154.53 154.09 153.56 152.91 152.22 151.38 150.72 150.22 149.91 149.59 149.25 148.88 148.38 147.75 147.03 146.38 145.41 144.66 143.88 142.62 141.66 140.91 140.09 139.31 138.56 137.75 136.97 136.25
