everonasctiles/Tile26,35.asc
ncols 128
nrows 128
xllcorner 0
yllcorner 0
cellsize 2.0
NODATA_value  -9999
[rows 36 to 71 of 128, columns 0 to 81 of 128]
-8.16 -8.09 -7.91 -7.81 -7.72 -7.59 -7.59 -7.16 -6.56 -6.09 -5.78 -5.44 -5.09 -4.84 -4.59 -4.28 -4.03 -4.06 -3.97 -3.91 -3.84 -3.41 -3.09 -2.91 -2.69 -2.44 -2.19 -2.09 -1.81 -1.47 -1.22 -1.06 -0.84 -0.44 -0.12 0.19 0.38 0.41 0.34 0.09 -0.25 -0.59 -0.88 -1.16 -1.34 -1.47 -1.62 -1.75 -1.91 -2.06 -2.19 -2.41 -2.62 -2.91 -2.94 -2.72 -2.16 -1.69 -1.31 -1.19 -1.25 -1.62 -2.19 -2.94 -3.44 -3.91 -4.19 -4.38 -4.56 -5.00 -5.38 -5.56 -5.56 -5.66 -5.81 -5.97 -6.12 -6.31 -6.53 -6.62 -6.56 -6.09
-7.94 -7.84 -7.75 -7.56 -7.38 -7.25 -7.22 -7.00 -6.41 -5.88 -5.47 -4.97 -4.38 -3.91 -3.81 -3.88 -3.78 -3.91 -4.16 -4.47 -4.38 -3.75 -3.25 -3.03 -2.84 -2.56 -2.28 -2.28 -2.16 -1.78 -1.47 -1.25 -1.06 -0.78 -0.44 -0.09 0.16 0.31 0.22 0.00 -0.31 -0.59 -0.84 -1.09 -1.25 -1.38 -1.47 -1.53 -1.53 -1.56 -1.62 -1.69 -1.84 -2.09 -2.34 -2.28 -1.78 -1.50 -0.94 -0.88 -1.22 -1.66 -2.09 -2.78 -3.12 -3.53 -3.81 -3.97 -4.19 -4.53 -5.00 -5.38 -5.62 -5.78 -5.94 -6.06 -6.12 -6.19 -6.16 -6.06 -5.88 -5.34
-7.44 -7.25 -7.12 -7.00 -6.84 -6.66 -6.59 -6.56 -6.25 -5.72 -5.25 -4.78 -4.22 -3.75 -3.69 -3.72 -3.69 -3.84 -4.47 -5.00 -4.75 -4.03 -3.44 -3.19 -3.00 -2.72 -2.47 -2.47 -2.19 -1.91 -1.66 -1.44 -1.25 -1.00 -0.72 -0.41 -0.12 0.06 0.09 -0.06 -0.28 -0.53 -0.78 -1.00 -1.16 -1.25 -1.28 -1.31 -1.28 -1.25 -1.25 -1.28 -1.31 -1.34 -1.53 -1.75 -1.50 -1.28 -0.88 -0.72 -1.03 -1.56 -1.88 -2.50 -2.97 -3.12 -3.56 -3.69 -4.03 -4.28 -4.72 -5.25 -5.47 -5.75 -5.88 -5.97 -6.00 -6.00 -5.88 -5.62 -5.44 -5.03
-6.69 -6.50 -6.34 -6.22 -6.12 -6.03 -5.97 -5.97 -5.81 -5.44 -5.06 -4.72 -4.28 -3.97 -3.78 -3.78 -3.97 -4.34 -4.88 -5.06 -4.59 -3.94 -3.50 -3.22 -3.09 -3.00 -2.94 -2.75 -2.09 -1.81 -1.62 -1.47 -1.31 -1.09 -0.84 -0.59 -0.38 -0.12 0.03 -0.06 -0.25 -0.44 -0.66 -0.88 -1.03 -1.12 -1.16 -1.12 -1.12 -1.12 -1.09 -1.09 -1.09 -1.09 -1.12 -1.19 -1.22 -1.03 -0.88 -0.91 -1.12 -1.50 -1.78 -2.06 -2.41 -2.69 -3.12 -3.44 -3.78 -4.31 -4.62 -4.75 -5.06 -5.31 -5.59 -5.69 -5.78 -5.72 -5.59 -5.47 -5.22 -5.00
-5.91 -5.81 -5.75 -5.69 -5.62 -5.56 -5.44 -5.28 -5.19 -4.97 -4.75 -4.66 -4.44 -4.22 -4.06 -4.16 -4.53 -4.91 -5.06 -4.72 -4.06 -3.69 -3.41 -3.25 -3.25 -3.47 -3.34 -2.69 -2.00 -1.78 -1.59 -1.44 -1.28 -1.09 -0.94 -0.75 -0.50 -0.25 -0.09 -0.06 -0.16 -0.31 -0.53 -0.75 -0.94 -1.03 -1.03 -1.03 -1.03 -1.00 -0.97 -0.97 -0.97 -0.97 -1.00 -1.03 -1.06 -1.12 -1.12 -1.16 -1.28 -1.50 -1.75 -2.03 -2.34 -2.62 -2.94 -3.38 -3.66 -3.97 -4.03 -4.19 -4.66 -4.84 -5.16 -5.28 -5.44 -5.34 -5.25 -5.16 -4.91 -4.69
-5.19 -5.19 -5.31 -5.38 -5.34 -5.22 -4.97 -4.62 -4.56 -4.59 -4.47 -4.56 -4.66 -4.56 -4.53 -4.69 -4.94 -5.06 -4.75 -4.09 -3.59 -3.31 -3.19 -3.25 -3.41 -3.62 -3.16 -2.38 -1.91 -1.72 -1.56 -1.41 -1.25 -1.09 -0.94 -0.78 -0.62 -0.38 -0.12 -0.03 -0.09 -0.19 -0.41 -0.62 -0.84 -0.91 -0.94 -0.94 -0.94 -0.91 -0.91 -0.91 -0.94 -0.97 -0.97 -1.03 -1.06 -1.12 -1.19 -1.25 -1.31 -1.50 -1.75 -2.03 -2.34 -2.75 -3.09 -3.34 -3.41 -3.47 -3.56 -3.81 -4.25 -4.47 -4.69 -4.94 -5.12 -5.19 -5.09 -4.88 -4.66 -4.53
-4.59 -4.56 -4.97 -5.31 -5.19 -5.00 -4.62 -4.28 -4.16 -4.25 -4.22 -4.41 -4.84 -5.06 -5.03 -5.06 -5.09 -4.81 -4.22 -3.59 -3.25 -3.03 -3.00 -3.12 -3.31 -3.28 -2.66 -2.03 -1.81 -1.69 -1.53 -1.38 -1.25 -1.09 -0.94 -0.81 -0.69 -0.50 -0.22 -0.03 -0.03 -0.09 -0.31 -0.50 -0.75 -0.81 -0.84 -0.84 -0.84 -0.84 -0.84 -0.88 -0.91 -0.94 -0.97 -1.00 -1.06 -1.12 -1.19 -1.25 -1.34 -1.50 -1.75 -2.06 -2.41 -2.72 -3.03 -3.31 -3.16 -3.25 -3.44 -3.66 -4.00 -4.16 -4.44 -4.66 -4.91 -5.06 -5.19 -4.97 -4.81 -4.84
-4.16 -4.16 -4.72 -5.28 -5.25 -4.94 -4.50 -4.09 -3.91 -3.88 -3.97 -4.16 -4.72 -5.12 -5.16 -5.06 -4.94 -4.41 -3.62 -3.16 -2.91 -2.75 -2.69 -2.84 -2.94 -2.69 -2.09 -1.88 -1.75 -1.62 -1.50 -1.38 -1.22 -1.09 -0.94 -0.81 -0.72 -0.56 -0.34 -0.06 0.06 0.00 -0.16 -0.38 -0.66 -0.72 -0.75 -0.75 -0.78 -0.78 -0.81 -0.84 -0.84 -0.88 -0.94 -0.97 -1.03 -1.09 -1.16 -1.25 -1.31 -1.44 -1.72 -2.09 -2.47 -2.75 -3.06 -3.06 -3.06 -3.28 -3.34 -3.59 -3.81 -4.06 -4.31 -4.53 -4.84 -5.28 -5.47 -5.50 -5.34 -5.16
-4.12 -4.19 -4.88 -5.50 -5.50 -5.28 -4.84 -4.28 -3.81 -3.66 -3.72 -3.88 -4.31 -4.88 -5.00 -4.91 -4.69 -4.00 -3.25 -2.75 -2.50 -2.22 -2.06 -2.28 -2.44 -2.16 -1.84 -1.78 -1.69 -1.59 -1.47 -1.34 -1.19 -1.06 -0.94 -0.84 -0.72 -0.62 -0.44 -0.09 0.09 0.09 -0.03 -0.22 -0.53 -0.62 -0.66 -0.69 -0.69 -0.72 -0.75 -0.78 -0.81 -0.84 -0.88 -0.94 -0.97 -1.06 -1.12 -1.22 -1.28 -1.38 -1.62 -2.06 -2.50 -2.75 -2.81 -2.94 -3.06 -3.28 -3.44 -3.50 -3.75 -4.12 -4.41 -4.69 -5.03 -5.41 -5.69 -5.84 -5.56 -5.28
-4.38 -4.56 -5.00 -5.44 -5.62 -5.56 -5.22 -4.50 -3.78 -3.44 -3.53 -3.75 -4.00 -4.47 -4.78 -4.69 -4.44 -3.72 -3.00 -2.47 -1.88 -1.34 -1.25 -1.69 -2.06 -1.91 -1.75 -1.72 -1.62 -1.53 -1.41 -1.28 -1.16 -1.03 -0.91 -0.81 -0.72 -0.62 -0.53 -0.16 0.12 0.12 0.06 -0.09 -0.38 -0.53 -0.56 -0.59 -0.62 -0.66 -0.69 -0.75 -0.78 -0.81 -0.84 -0.88 -0.94 -1.00 -1.06 -1.16 -1.25 -1.31 -1.53 -1.88 -2.41 -2.72 -2.81 -2.88 -3.12 -3.38 -3.41 -3.66 -4.06 -4.50 -4.62 -4.84 -5.12 -5.19 -5.34 -5.25 -5.12 -4.97
-4.44 -4.47 -4.69 -4.94 -5.31 -5.44 -5.31 -4.72 -3.94 -3.59 -3.50 -3.56 -3.78 -4.12 -4.56 -4.50 -4.25 -3.62 -2.88 -2.22 -1.47 -0.88 -0.81 -1.28 -1.72 -1.72 -1.72 -1.66 -1.56 -1.47 -1.31 -1.19 -1.09 -1.00 -0.88 -0.78 -0.72 -0.62 -0.53 -0.22 0.06 0.12 0.16 0.06 -0.16 -0.41 -0.47 -0.53 -0.56 -0.59 -0.62 -0.69 -0.72 -0.75 -0.78 -0.84 -0.88 -0.94 -1.03 -1.09 -1.19 -1.22 -1.38 -1.69 -2.09 -2.50 -2.94 -3.03 -3.16 -3.38 -3.62 -4.03 -4.47 -4.72 -4.62 -4.75 -4.75 -4.81 -4.94 -4.94 -4.66 -4.59
-4.41 -4.31 -4.34 -4.47 -4.81 -5.12 -5.12 -4.69 -4.16 -3.75 -3.44 -3.22 -3.25 -3.66 -4.16 -4.22 -4.09 -3.66 -2.91 -2.12 -1.47 -1.16 -1.06 -1.19 -1.47 -1.72 -1.72 -1.59 -1.53 -1.34 -1.25 -1.12 -1.03 -0.97 -0.88 -0.78 -0.69 -0.59 -0.53 -0.31 0.03 0.12 0.16 0.12 0.06 -0.25 -0.38 -0.44 -0.47 -0.53 -0.56 -0.62 -0.66 -0.69 -0.75 -0.78 -0.84 -0.88 -0.97 -1.03 -1.09 -1.16 -1.28 -1.53 -1.84 -2.22 -2.75 -3.19 -3.38 -3.56 -3.84 -4.16 -4.41 -4.41 -4.34 -4.38 -4.56 -4.41 -4.34 -4.28 -4.31 -4.22
-4.41 -4.19 -4.09 -4.12 -4.34 -4.69 -4.91 -4.72 -4.09 -3.59 -3.28 -3.03 -2.88 -3.06 -3.53 -3.84 -3.91 -3.69 -3.00 -2.22 -1.69 -1.47 -1.38 -1.34 -1.50 -1.94 -1.75 -1.53 -1.41 -1.28 -1.19 -1.09 -0.97 -0.88 -0.81 -0.72 -0.66 -0.56 -0.50 -0.34 -0.09 0.09 0.12 0.16 0.12 0.09 -0.25 -0.34 -0.41 -0.44 -0.50 -0.56 -0.59 -0.62 -0.69 -0.72 -0.78 -0.81 -0.88 -0.97 -1.00 -1.06 -1.19 -1.41 -1.66 -1.91 -2.38 -2.94 -3.28 -3.53 -3.81 -4.00 -4.16 -4.31 -4.19 -4.16 -4.25 -4.28 -3.97 -3.97 -3.88 -3.84
-4.38 -4.06 -3.91 -3.88 -3.97 -4.25 -4.59 -4.59 -4.06 -3.50 -3.16 -2.91 -2.75 -2.75 -3.09 -3.44 -3.62 -3.62 -3.22 -2.53 -2.06 -1.81 -1.72 -1.69 -1.91 -2.38 -1.84 -1.47 -1.31 -1.22 -1.12 -1.00 -0.94 -0.88 -0.78 -0.72 -0.62 -0.56 -0.50 -0.41 -0.22 0.00 0.09 0.16 0.19 0.16 0.12 -0.25 -0.31 -0.38 -0.44 -0.50 -0.53 -0.59 -0.62 -0.66 -0.72 -0.78 -0.81 -0.88 -0.91 -0.97 -1.06 -1.25 -1.47 -1.69 -2.06 -2.56 -2.94 -3.22 -3.47 -3.69 -3.88 -3.94 -3.97 -3.81 -3.72 -3.75 -3.81 -3.62 -3.56 -3.53
-4.41 -3.97 -3.75 -3.59 -3.59 -3.78 -4.16 -4.44 -4.12 -3.53 -3.09 -2.81 -2.69 -2.78 -2.94 -3.25 -3.31 -3.47 -3.41 -2.97 -2.50 -2.19 -2.06 -2.19 -2.44 -2.62 -1.97 -1.44 -1.25 -1.16 -1.03 -0.97 -0.91 -0.84 -0.78 -0.72 -0.66 -0.56 -0.50 -0.44 -0.34 -0.09 0.03 0.12 0.22 0.25 0.22 0.12 -0.22 -0.28 -0.34 -0.41 -0.47 -0.53 -0.56 -0.59 -0.66 -0.72 -0.75 -0.78 -0.81 -0.88 -0.97 -1.12 -1.28 -1.47 -1.78 -2.22 -2.59 -2.84 -3.09 -3.31 -3.50 -3.62 -3.59 -3.50 -3.34 -3.28 -3.34 -3.31 -3.22 -3.25
-4.44 -3.91 -3.56 -3.34 -3.34 -3.47 -3.75 -4.09 -4.09 -3.59 -3.22 -2.94 -2.78 -2.81 -2.97 -3.12 -3.22 -3.31 -3.38 -3.19 -2.81 -2.47 -2.25 -2.19 -2.19 -2.06 -1.72 -1.41 -1.19 -1.09 -1.00 -0.97 -0.91 -0.84 -0.78 -0.72 -0.66 -0.59 -0.50 -0.44 -0.41 -0.25 -0.03 0.09 0.28 0.38 0.31 0.19 0.06 -0.16 -0.28 -0.34 -0.41 -0.47 -0.50 -0.56 -0.59 -0.62 -0.66 -0.69 -0.69 -0.75 -0.84 -0.97 -1.12 -1.28 -1.56 -1.91 -2.25 -2.47 -2.69 -2.91 -3.06 -3.22 -3.31 -3.19 -3.06 -2.97 -2.81 -2.94 -2.88 -2.81
-4.47 -3.97 -3.53 -3.19 -3.12 -3.16 -3.31 -3.72 -4.00 -3.72 -3.34 -3.03 -2.88 -2.88 -2.97 -3.09 -3.19 -3.25 -3.12 -2.81 -2.50 -2.12 -1.88 -1.69 -1.47 -1.28 -1.28 -1.28 -1.16 -1.06 -1.00 -0.97 -0.91 -0.84 -0.78 -0.72 -0.66 -0.59 -0.53 -0.47 -0.41 -0.34 -0.09 0.06 0.28 0.44 0.44 0.28 0.16 0.03 -0.12 -0.25 -0.31 -0.38 -0.44 -0.47 -0.50 -0.53 -0.53 -0.53 -0.56 -0.62 -0.72 -0.84 -0.97 -1.09 -1.31 -1.59 -1.84 -2.06 -2.25 -2.44 -2.62 -2.75 -2.81 -2.81 -2.56 -2.38 -2.25 -2.16 -2.12 -2.09
-4.53 -4.12 -3.50 -3.00 -2.78 -2.78 -3.00 -3.31 -3.69 -3.75 -3.53 -3.31 -3.12 -3.03 -3.06 -3.12 -3.16 -3.09 -2.75 -2.25 -1.81 -1.53 -1.31 -1.22 -1.06 -0.94 -0.97 -1.12 -1.12 -1.03 -1.00 -0.97 -0.91 -0.84 -0.81 -0.75 -0.66 -0.59 -0.53 -0.50 -0.44 -0.38 -0.12 0.03 0.19 0.38 0.47 0.44 0.31 0.16 0.03 -0.06 -0.12 -0.16 -0.19 -0.22 -0.25 -0.31 -0.34 -0.41 -0.44 -0.53 -0.59 -0.72 -0.81 -0.91 -1.06 -1.25 -1.44 -1.59 -1.75 -1.91 -2.06 -2.19 -2.28 -2.28 -2.09 -1.88 -1.75 -1.69 -1.62 -1.59
-4.41 -4.06 -3.31 -2.69 -2.50 -2.56 -2.78 -3.03 -3.44 -3.69 -3.59 -3.47 -3.38 -3.22 -3.16 -3.16 -3.03 -2.72 -2.22 -1.78 -1.44 -1.22 -0.97 -0.91 -0.88 -0.84 -0.88 -1.03 -1.12 -1.03 -1.00 -0.97 -0.91 -0.88 -0.81 -0.75 -0.69 -0.62 -0.56 -0.50 -0.47 -0.41 -0.19 -0.03 0.09 0.28 0.41 0.47 0.41 0.34 0.25 0.12 0.03 -0.03 -0.09 -0.12 -0.16 -0.22 -0.25 -0.31 -0.34 -0.41 -0.50 -0.56 -0.62 -0.72 -0.81 -0.94 -1.06 -1.19 -1.28 -1.38 -1.47 -1.53 -1.59 -1.62 -1.50 -1.34 -1.22 -1.16 -1.09 -1.06
-4.06 -3.72 -3.03 -2.44 -2.34 -2.44 -2.66 -2.91 -3.34 -3.56 -3.44 -3.38 -3.31 -3.22 -3.16 -3.00 -2.62 -2.16 -1.72 -1.41 -1.25 -1.03 -0.84 -0.81 -0.88 -0.94 -0.97 -1.06 -1.12 -1.03 -1.00 -0.97 -0.91 -0.88 -0.81 -0.75 -0.69 -0.62 -0.56 -0.53 -0.47 -0.44 -0.22 -0.09 0.03 0.19 0.34 0.44 0.44 0.44 0.44 0.41 0.31 0.19 0.09 0.00 -0.03 -0.09 -0.12 -0.16 -0.22 -0.28 -0.34 -0.38 -0.41 -0.47 -0.53 -0.62 -0.72 -0.81 -0.91 -0.97 -1.00 -1.03 -1.03 -1.00 -0.91 -0.78 -0.69 -0.59 -0.53 -0.50
-3.47 -3.06 -2.53 -2.31 -2.31 -2.41 -2.56 -2.91 -3.31 -3.44 -3.34 -3.28 -3.19 -3.12 -3.00 -2.66 -2.16 -1.72 -1.41 -1.22 -1.12 -1.00 -0.97 -1.03 -1.16 -1.28 -1.28 -1.25 -1.16 -1.06 -1.00 -0.97 -0.94 -0.88 -0.81 -0.75 -0.72 -0.66 -0.59 -0.53 -0.50 -0.44 -0.22 -0.09 0.03 0.16 0.28 0.41 0.44 0.47 0.50 0.50 0.44 0.34 0.28 0.28 0.25 0.19 0.09 0.03 -0.03 -0.06 -0.09 -0.09 -0.12 -0.19 -0.25 -0.31 -0.41 -0.47 -0.50 -0.53 -0.56 -0.56 -0.53 -0.44 -0.34 -0.22 -0.12 -0.03 0.03 0.06
-2.75 -2.41 -2.22 -2.19 -2.19 -2.31 -2.59 -3.03 -3.28 -3.28 -3.25 -3.16 -3.06 -3.00 -2.81 -2.31 -1.81 -1.50 -1.31 -1.16 -1.12 -1.28 -1.50 -1.69 -1.78 -1.81 -1.78 -1.66 -1.38 -1.09 -1.03 -1.00 -0.94 -0.91 -0.84 -0.78 -0.72 -0.66 -0.59 -0.53 -0.50 -0.41 -0.19 -0.06 0.06 0.16 0.28 0.44 0.47 0.50 0.53 0.53 0.47 0.44 0.47 0.50 0.53 0.53 0.50 0.44 0.38 0.31 0.25 0.19 0.16 0.12 0.03 -0.03 -0.06 -0.12 -0.16 -0.16 -0.16 -0.09 -0.03 0.06 0.19 0.31 0.41 0.50 0.59 0.62
-2.34 -2.19 -2.12 -2.16 -2.16 -2.41 -2.88 -3.19 -3.25 -3.22 -3.16 -3.03 -2.97 -2.91 -2.59 -2.06 -1.62 -1.38 -1.22 -1.09 -1.34 -1.78 -2.09 -2.22 -2.22 -2.12 -1.91 -1.62 -1.44 -1.19 -1.06 -1.00 -0.97 -0.91 -0.84 -0.78 -0.72 -0.66 -0.62 -0.56 -0.50 -0.31 -0.16 -0.03 0.09 0.19 0.31 0.44 0.50 0.53 0.56 0.53 0.53 0.56 0.62 0.66 0.69 0.72 0.72 0.69 0.66 0.62 0.56 0.50 0.44 0.38 0.31 0.28 0.25 0.22 0.19 0.22 0.25 0.28 0.38 0.50 0.66 0.81 0.94 1.03 1.12 1.19
-2.28 -2.22 -2.12 -2.12 -2.31 -2.75 -3.12 -3.25 -3.19 -3.12 -3.03 -2.97 -2.88 -2.81 -2.47 -1.97 -1.53 -1.12 -0.88 -0.94 -1.50 -2.12 -2.28 -2.25 -2.16 -2.00 -1.75 -1.56 -1.41 -1.22 -1.09 -1.03 -0.97 -0.94 -0.88 -0.81 -0.75 -0.69 -0.62 -0.56 -0.41 -0.25 -0.12 0.00 0.12 0.25 0.38 0.47 0.53 0.56 0.56 0.59 0.62 0.69 0.75 0.81 0.88 0.91 0.91 0.91 0.88 0.81 0.78 0.72 0.69 0.62 0.59 0.56 0.53 0.50 0.53 0.53 0.59 0.66 0.75 0.88 1.03 1.22 1.44 1.69 1.91 2.00
-2.34 -2.25 -2.28 -2.41 -2.69 -2.97 -3.16 -3.19 -3.12 -3.03 -2.94 -2.81 -2.78 -2.72 -2.44 -1.91 -1.38 -0.94 -0.72 -0.78 -1.31 -1.94 -2.22 -2.22 -2.09 -1.84 -1.66 -1.47 -1.34 -1.22 -1.09 -1.03 -1.00 -0.94 -0.88 -0.84 -0.78 -0.69 -0.62 -0.53 -0.38 -0.25 -0.12 0.00 0.16 0.31 0.44 0.50 0.56 0.62 0.62 0.66 0.75 0.84 0.91 1.00 1.03 1.09 1.09 1.09 1.09 1.03 1.00 0.94 0.91 0.88 0.84 0.81 0.81 0.81 0.81 0.84 0.91 1.00 1.09 1.22 1.38 1.53 1.75 1.97 2.19 2.31
-2.62 -2.53 -2.56 -2.72 -2.97 -3.09 -3.12 -3.09 -3.03 -2.94 -2.88 -2.78 -2.72 -2.66 -2.50 -1.94 -1.31 -1.00 -0.81 -0.69 -0.88 -1.41 -1.91 -2.12 -1.91 -1.66 -1.50 -1.38 -1.28 -1.22 -1.16 -1.09 -1.06 -1.09 -1.06 -1.00 -0.91 -0.81 -0.69 -0.59 -0.47 -0.31 -0.16 0.03 0.25 0.47 0.62 0.66 0.72 0.75 0.75 0.78 0.88 0.97 1.06 1.16 1.22 1.28 1.31 1.31 1.28 1.25 1.22 1.16 1.12 1.09 1.06 1.06 1.06 1.06 1.09 1.12 1.19 1.28 1.38 1.50 1.66 1.81 1.97 2.16 2.31 2.44
-3.12 -3.06 -3.03 -3.03 -3.12 -3.12 -3.06 -2.97 -2.91 -2.84 -2.78 -2.72 -2.66 -2.59 -2.50 -2.03 -1.44 -1.09 -0.81 -0.66 -0.59 -0.91 -1.41 -1.59 -1.56 -1.50 -1.41 -1.31 -1.25 -1.22 -1.22 -1.19 -1.22 -1.28 -1.44 -1.47 -1.31 -1.12 -0.94 -0.78 -0.62 -0.44 -0.22 0.09 0.44 0.72 0.88 0.94 0.94 0.94 0.94 0.94 1.03 1.12 1.25 1.34 1.41 1.47 1.50 1.50 1.47 1.44 1.41 1.38 1.34 1.31 1.31 1.28 1.28 1.31 1.34 1.38 1.44 1.53 1.62 1.75 1.88 2.00 2.16 2.28 2.41 2.47
-3.44 -3.31 -3.25 -3.16 -3.12 -3.03 -2.97 -2.88 -2.84 -2.78 -2.72 -2.66 -2.59 -2.56 -2.50 -2.19 -1.66 -1.22 -0.81 -0.66 -0.69 -0.91 -1.12 -1.16 -1.38 -1.34 -1.34 -1.31 -1.28 -1.28 -1.28 -1.31 -1.44 -1.69 -1.72 -1.59 -1.44 -1.25 -1.06 -0.88 -0.69 -0.53 -0.22 0.12 0.50 0.81 1.00 1.12 1.12 1.06 1.06 1.06 1.16 1.28 1.41 1.50 1.59 1.62 1.69 1.69 1.66 1.62 1.59 1.56 1.53 1.53 1.50 1.50 1.53 1.53 1.56 1.62 1.69 1.75 1.84 1.94 2.06 2.16 2.28 2.38 2.44 2.47
-3.31 -3.25 -3.16 -3.09 -3.03 -2.97 -2.84 -2.72 -2.75 -2.69 -2.66 -2.59 -2.53 -2.50 -2.47 -2.34 -2.03 -1.53 -1.00 -0.81 -0.94 -1.16 -1.28 -1.28 -1.47 -1.50 -1.41 -1.34 -1.31 -1.38 -1.53 -1.72 -1.81 -1.75 -1.62 -1.47 -1.31 -1.12 -0.97 -0.81 -0.66 -0.50 -0.22 0.12 0.44 0.75 0.97 1.09 1.12 1.16 1.16 1.19 1.28 1.44 1.56 1.66 1.72 1.78 1.84 1.84 1.84 1.81 1.78 1.75 1.72 1.72 1.72 1.72 1.72 1.75 1.78 1.81 1.88 1.94 2.03 2.09 2.19 2.28 2.38 2.44 2.47 2.50
-3.28 -3.16 -3.09 -3.03 -2.97 -2.88 -2.78 -2.69 -2.59 -2.59 -2.56 -2.53 -2.47 -2.44 -2.44 -2.44 -2.31 -2.00 -1.59 -1.38 -1.41 -1.50 -1.66 -1.66 -1.81 -1.81 -1.62 -1.50 -1.50 -1.72 -1.88 -1.91 -1.78 -1.66 -1.47 -1.31 -1.19 -1.00 -0.84 -0.69 -0.53 -0.38 -0.19 0.12 0.41 0.66 0.88 1.03 1.12 1.19 1.22 1.31 1.44 1.56 1.69 1.78 1.88 1.94 2.00 2.00 2.00 1.97 1.94 1.94 1.91 1.91 1.88 1.91 1.91 1.94 1.97 2.00 2.03 2.09 2.16 2.25 2.31 2.38 2.44 2.47 2.50 2.50
-3.22 -3.06 -3.00 -2.94 -2.88 -2.81 -2.72 -2.62 -2.56 -2.47 -2.47 -2.47 -2.44 -2.41 -2.41 -2.44 -2.50 -2.47 -2.28 -2.12 -1.91 -1.88 -2.03 -2.22 -2.19 -2.06 -1.94 -1.91 -1.94 -2.03 -2.03 -1.88 -1.72 -1.53 -1.34 -1.19 -1.03 -0.88 -0.72 -0.56 -0.41 -0.25 -0.09 0.12 0.38 0.62 0.81 0.97 1.09 1.19 1.25 1.38 1.56 1.69 1.78 1.91 2.00 2.06 2.12 2.16 2.12 2.12 2.09 2.09 2.06 2.06 2.06 2.06 2.06 2.09 2.09 2.12 2.19 2.22 2.28 2.34 2.41 2.47 2.50 2.53 2.53 2.53
-3.16 -3.03 -2.94 -2.84 -2.78 -2.72 -2.62 -2.59 -2.53 -2.47 -2.38 -2.38 -2.41 -2.41 -2.41 -2.47 -2.53 -2.66 -2.69 -2.69 -2.66 -2.56 -2.56 -2.62 -2.59 -2.44 -2.41 -2.38 -2.31 -2.22 -2.00 -1.81 -1.59 -1.41 -1.22 -1.06 -0.91 -0.75 -0.59 -0.47 -0.31 -0.16 0.00 0.16 0.38 0.59 0.78 0.94 1.06 1.19 1.31 1.47 1.66 1.78 1.88 2.00 2.09 2.19 2.25 2.25 2.25 2.25 2.22 2.22 2.22 2.19 2.19 2.19 2.19 2.22 2.22 2.25 2.28 2.34 2.38 2.44 2.47 2.50 2.53 2.56 2.56 2.56
-3.06 -2.94 -2.84 -2.75 -2.72 -2.62 -2.59 -2.53 -2.47 -2.44 -2.41 -2.38 -2.31 -2.34 -2.41 -2.50 -2.62 -2.78 -2.97 -3.06 -3.16 -3.19 -3.16 -3.06 -2.97 -2.88 -2.75 -2.56 -2.34 -2.12 -1.91 -1.69 -1.47 -1.25 -1.09 -0.94 -0.78 -0.62 -0.50 -0.34 -0.19 -0.03 0.12 0.25 0.41 0.59 0.75 0.91 1.06 1.22 1.38 1.56 1.72 1.84 1.97 2.06 2.19 2.28 2.31 2.34 2.34 2.34 2.34 2.34 2.34 2.34 2.34 2.31 2.31 2.31 2.31 2.34 2.38 2.41 2.44 2.47 2.50 2.53 2.56 2.56 2.56 2.56
-3.00 -2.88 -2.78 -2.66 -2.59 -2.50 -2.50 -2.47 -2.41 -2.38 -2.38 -2.34 -2.31 -2.31 -2.34 -2.53 -2.72 -3.00 -3.19 -3.28 -3.44 -3.41 -3.41 -3.31 -3.16 -2.94 -2.72 -2.47 -2.25 -2.00 -1.78 -1.53 -1.31 -1.12 -0.94 -0.78 -0.66 -0.50 -0.38 -0.22 -0.06 0.06 0.22 0.34 0.50 0.66 0.81 0.97 1.12 1.28 1.47 1.66 1.78 1.91 2.03 2.16 2.22 2.28 2.31 2.34 2.38 2.38 2.41 2.41 2.44 2.41 2.41 2.38 2.38 2.38 2.41 2.41 2.44 2.47 2.50 2.50 2.53 2.56 2.59 2.59 2.59 2.59
-2.91 -2.81 -2.66 -2.56 -2.50 -2.47 -2.44 -2.38 -2.38 -2.34 -2.34 -2.31 -2.34 -2.34 -2.41 -2.59 -2.84 -3.09 -3.34 -3.50 -3.56 -3.56 -3.44 -3.28 -3.09 -2.84 -2.59 -2.34 -2.09 -1.84 -1.62 -1.38 -1.12 -0.97 -0.81 -0.66 -0.53 -0.38 -0.25 -0.09 0.03 0.19 0.31 0.44 0.59 0.75 0.91 1.03 1.19 1.38 1.53 1.69 1.81 1.94 2.06 2.16 2.19 2.25 2.28 2.31 2.34 2.38 2.41 2.44 2.44 2.44 2.41 2.41 2.38 2.41 2.41 2.44 2.44 2.47 2.50 2.53 2.56 2.56 2.59 2.59 2.59 2.59
-2.78 -2.69 -2.59 -2.53 -2.44 -2.38 -2.38 -2.34 -2.28 -2.28 -2.28 -2.31 -2.31 -2.38 -2.47 -2.69 -2.94 -3.19 -3.50 -3.66 -3.72 -3.59 -3.44 -3.22 -3.00 -2.72 -2.47 -2.22 -1.94 -1.69 -1.44 -1.22 -0.97 -0.81 -0.66 -0.53 -0.38 -0.25 -0.12 0.00 0.16 0.28 0.41 0.56 0.69 0.81 0.97 1.12 1.28 1.44 1.59 1.72 1.84 1.94 2.03 2.12 2.19 2.25 2.31 2.38 2.41 2.41 2.44 2.41 2.41 2.41 2.38 2.38 2.38 2.38 2.41 2.41 2.44 2.47 2.50 2.53 2.56 2.56 2.59 2.59 2.59 2.59
