everonasctiles/Tile19,37.asc
ncols 128
nrows 128
xllcorner 0
yllcorner 0
cellsize 2.0
NODATA_value  -9999
[rows 34 to 67 of 128, columns 0 to 76 of 128]
21.06 21.06 21.19 21.41 21.59 21.59 21.50 21.44 21.34 21.31 21.25 21.22 21.25 21.28 21.38 21.44 21.53 21.66 21.72 21.75 21.78 21.78 21.75 21.72 21.72 21.69 21.69 21.69 21.78 21.97 22.03 22.06 21.97 22.00 22.09 22.19 22.22 22.25 22.28 22.25 22.25 22.16 22.06 21.97 21.91 21.81 21.75 21.69 21.62 21.56 21.53 21.47 21.50 21.56 21.62 21.75 21.91 22.06 22.25 22.44 22.62 22.78 22.97 23.12 23.28 23.44 23.56 23.69 23.75 23.75 23.75 23.75 23.75 23.69 23.66 23.62 23.59
21.06 21.06 21.22 21.44 21.59 21.56 21.50 21.41 21.31 21.25 21.22 21.19 21.22 21.28 21.34 21.44 21.53 21.62 21.72 21.75 21.78 21.78 21.75 21.75 21.72 21.72 21.72 21.75 21.75 22.09 22.16 22.22 22.22 22.12 22.22 22.28 22.34 22.34 22.34 22.31 22.25 22.19 22.12 22.03 21.97 21.91 21.81 21.78 21.72 21.66 21.62 21.62 21.62 21.72 21.81 21.94 22.09 22.28 22.47 22.69 22.88 23.06 23.22 23.41 23.53 23.69 23.81 23.91 23.97 24.00 24.03 24.00 24.00 23.97 23.91 23.91 23.84
21.06 21.09 21.25 21.47 21.56 21.53 21.47 21.38 21.31 21.25 21.19 21.19 21.22 21.25 21.34 21.44 21.53 21.59 21.69 21.72 21.75 21.75 21.75 21.75 21.75 21.75 21.75 21.78 21.81 22.09 22.31 22.34 22.41 22.28 22.38 22.44 22.47 22.47 22.47 22.44 22.34 22.25 22.19 22.09 22.03 22.00 21.91 21.84 21.81 21.78 21.75 21.75 21.81 21.88 22.00 22.16 22.34 22.53 22.75 22.94 23.16 23.34 23.50 23.66 23.81 23.94 24.06 24.16 24.22 24.28 24.31 24.31 24.28 24.28 24.25 24.19 24.12
21.06 21.12 21.28 21.47 21.56 21.50 21.44 21.38 21.31 21.25 21.22 21.22 21.25 21.28 21.38 21.44 21.53 21.56 21.66 21.69 21.72 21.72 21.72 21.75 21.75 21.78 21.78 21.84 21.88 22.00 22.44 22.50 22.56 22.53 22.56 22.66 22.69 22.69 22.62 22.56 22.50 22.41 22.31 22.22 22.16 22.09 22.03 22.00 21.97 21.91 21.91 21.94 22.00 22.09 22.22 22.38 22.59 22.81 23.03 23.25 23.47 23.69 23.84 24.00 24.12 24.25 24.34 24.47 24.53 24.59 24.62 24.62 24.59 24.59 24.56 24.50 24.44
21.06 21.12 21.31 21.50 21.56 21.50 21.44 21.38 21.31 21.28 21.25 21.25 21.28 21.31 21.38 21.47 21.53 21.59 21.62 21.66 21.69 21.72 21.72 21.72 21.75 21.81 21.88 21.91 22.00 22.09 22.53 22.62 22.69 22.75 22.81 22.88 22.94 22.91 22.84 22.72 22.66 22.56 22.47 22.41 22.34 22.28 22.22 22.19 22.16 22.12 22.16 22.19 22.25 22.38 22.50 22.69 22.88 23.12 23.34 23.59 23.81 24.00 24.19 24.34 24.47 24.56 24.69 24.78 24.88 24.94 24.97 24.97 24.94 24.94 24.91 24.84 24.78
21.06 21.16 21.34 21.50 21.53 21.50 21.44 21.41 21.38 21.34 21.31 21.31 21.34 21.38 21.41 21.47 21.53 21.59 21.62 21.66 21.69 21.69 21.72 21.75 21.78 21.84 21.94 22.00 22.12 22.25 22.47 22.78 22.84 22.91 23.00 23.12 23.16 23.16 23.09 23.00 22.88 22.78 22.72 22.62 22.56 22.50 22.44 22.41 22.38 22.38 22.41 22.47 22.53 22.66 22.81 23.00 23.22 23.44 23.69 23.94 24.19 24.38 24.56 24.69 24.81 24.91 25.03 25.12 25.25 25.31 25.34 25.38 25.38 25.34 25.31 25.22 25.16
21.09 21.19 21.38 21.53 21.53 21.50 21.47 21.44 21.44 21.44 21.41 21.41 21.41 21.44 21.47 21.50 21.56 21.62 21.66 21.66 21.69 21.69 21.72 21.78 21.84 21.91 22.00 22.12 22.28 22.41 22.56 22.91 23.00 23.06 23.19 23.38 23.44 23.41 23.38 23.28 23.19 23.09 23.00 22.94 22.88 22.81 22.72 22.69 22.69 22.69 22.72 22.75 22.84 22.97 23.16 23.34 23.53 23.81 24.06 24.31 24.56 24.75 24.91 25.03 25.16 25.28 25.41 25.53 25.66 25.75 25.78 25.81 25.81 25.78 25.75 25.69 25.62
21.09 21.25 21.44 21.56 21.56 21.53 21.56 21.53 21.53 21.53 21.50 21.50 21.50 21.50 21.53 21.56 21.62 21.66 21.69 21.69 21.72 21.75 21.75 21.81 21.88 22.00 22.12 22.28 22.44 22.59 22.78 23.00 23.12 23.22 23.31 23.50 23.66 23.69 23.62 23.56 23.47 23.38 23.28 23.25 23.16 23.09 23.03 23.00 23.00 23.00 23.03 23.09 23.19 23.31 23.50 23.69 23.88 24.12 24.41 24.69 24.91 25.09 25.25 25.41 25.53 25.69 25.81 25.97 26.09 26.19 26.28 26.28 26.28 26.22 26.19 26.16 26.09
21.12 21.28 21.47 21.59 21.62 21.62 21.62 21.66 21.66 21.66 21.62 21.62 21.62 21.59 21.62 21.66 21.69 21.72 21.72 21.75 21.78 21.78 21.81 21.91 21.97 22.12 22.28 22.41 22.59 22.78 22.97 23.16 23.28 23.38 23.47 23.56 23.88 23.94 23.94 23.91 23.84 23.75 23.69 23.56 23.47 23.41 23.38 23.38 23.34 23.34 23.38 23.47 23.56 23.69 23.84 24.03 24.28 24.50 24.78 25.03 25.25 25.44 25.59 25.75 25.88 26.06 26.25 26.44 26.56 26.69 26.78 26.78 26.78 26.75 26.69 26.62 26.59
21.16 21.34 21.53 21.69 21.69 21.72 21.72 21.75 21.78 21.78 21.78 21.75 21.72 21.72 21.75 21.75 21.78 21.81 21.84 21.84 21.88 21.88 21.94 22.00 22.09 22.25 22.41 22.53 22.75 22.94 23.16 23.34 23.53 23.53 23.62 23.72 23.84 24.22 24.25 24.25 24.22 24.16 24.06 23.97 23.84 23.81 23.78 23.75 23.75 23.72 23.78 23.84 23.94 24.09 24.25 24.41 24.62 24.91 25.16 25.38 25.59 25.75 25.94 26.06 26.25 26.44 26.66 26.84 27.03 27.16 27.25 27.28 27.25 27.25 27.19 27.09 27.09
21.19 21.41 21.62 21.75 21.78 21.81 21.84 21.88 21.94 21.94 21.91 21.91 21.84 21.84 21.88 21.88 21.91 21.94 21.94 21.97 21.97 22.00 22.03 22.12 22.25 22.38 22.53 22.69 22.88 23.06 23.25 23.44 23.69 23.78 23.75 23.88 24.00 24.28 24.56 24.56 24.56 24.50 24.38 24.31 24.25 24.22 24.16 24.12 24.12 24.12 24.19 24.25 24.34 24.50 24.62 24.81 25.03 25.25 25.50 25.72 25.91 26.06 26.22 26.38 26.59 26.81 27.03 27.28 27.47 27.59 27.69 27.72 27.72 27.72 27.69 27.62 27.56
21.22 21.47 21.72 21.84 21.88 21.94 21.97 22.06 22.09 22.09 22.09 22.09 22.06 22.06 22.06 22.06 22.06 22.09 22.09 22.09 22.12 22.12 22.16 22.25 22.34 22.47 22.62 22.75 22.97 23.12 23.28 23.56 23.78 24.03 23.97 24.06 24.19 24.31 24.75 24.91 24.88 24.84 24.75 24.69 24.66 24.59 24.53 24.50 24.50 24.53 24.59 24.66 24.75 24.91 25.06 25.22 25.44 25.62 25.84 26.06 26.25 26.38 26.56 26.75 26.94 27.19 27.44 27.66 27.88 28.00 28.12 28.19 28.22 28.22 28.19 28.16 28.09
21.28 21.56 21.81 21.94 21.97 22.06 22.12 22.22 22.28 22.28 22.28 22.28 22.28 22.25 22.25 22.28 22.28 22.31 22.28 22.25 22.25 22.25 22.28 22.34 22.47 22.59 22.72 22.88 23.03 23.16 23.34 23.59 23.84 24.12 24.38 24.25 24.38 24.50 24.59 25.19 25.19 25.16 25.12 25.09 25.03 25.00 24.94 24.91 24.94 24.97 25.03 25.12 25.19 25.31 25.47 25.62 25.81 26.03 26.22 26.41 26.59 26.75 26.94 27.12 27.34 27.56 27.78 28.03 28.25 28.41 28.53 28.62 28.66 28.69 28.69 28.66 28.66
21.34 21.66 21.94 22.03 22.09 22.19 22.28 22.38 22.44 22.47 22.47 22.47 22.47 22.47 22.47 22.50 22.50 22.50 22.47 22.44 22.38 22.38 22.41 22.47 22.56 22.69 22.81 22.97 23.09 23.25 23.44 23.59 23.84 24.22 24.53 24.66 24.59 24.66 24.75 25.38 25.47 25.47 25.44 25.44 25.38 25.34 25.31 25.34 25.38 25.41 25.47 25.53 25.62 25.72 25.88 26.03 26.22 26.41 26.59 26.78 26.97 27.12 27.31 27.50 27.72 27.94 28.12 28.38 28.62 28.78 28.91 29.00 29.06 29.12 29.16 29.19 29.19
21.41 21.75 22.03 22.12 22.22 22.34 22.41 22.50 22.56 22.62 22.62 22.66 22.69 22.69 22.72 22.72 22.72 22.69 22.62 22.56 22.50 22.53 22.53 22.56 22.69 22.78 22.91 23.06 23.19 23.34 23.53 23.75 23.94 24.25 24.59 24.91 24.78 24.88 24.94 25.28 25.72 25.75 25.75 25.75 25.72 25.72 25.72 25.75 25.78 25.81 25.88 25.94 26.03 26.16 26.28 26.44 26.62 26.81 26.97 27.16 27.34 27.53 27.72 27.94 28.09 28.34 28.53 28.75 28.97 29.12 29.28 29.38 29.47 29.56 29.59 29.66 29.69
21.50 21.88 22.12 22.25 22.34 22.47 22.56 22.66 22.72 22.75 22.78 22.84 22.88 22.91 22.91 22.91 22.91 22.84 22.78 22.72 22.62 22.62 22.66 22.69 22.78 22.88 23.00 23.12 23.28 23.44 23.62 23.84 24.06 24.38 24.69 25.06 25.09 25.06 25.12 25.25 25.94 25.97 26.03 26.03 26.03 26.09 26.12 26.16 26.19 26.25 26.31 26.38 26.47 26.59 26.72 26.88 27.03 27.22 27.41 27.59 27.75 27.94 28.12 28.31 28.50 28.69 28.91 29.09 29.28 29.44 29.62 29.75 29.88 29.97 30.03 30.09 30.12
21.59 22.00 22.25 22.38 22.50 22.59 22.69 22.78 22.84 22.91 22.97 23.00 23.03 23.06 23.09 23.06 23.03 22.97 22.88 22.81 22.75 22.72 22.75 22.78 22.88 22.97 23.09 23.22 23.38 23.56 23.75 23.94 24.19 24.50 24.78 25.09 25.41 25.28 25.41 25.53 25.97 26.16 26.25 26.31 26.38 26.44 26.47 26.53 26.59 26.66 26.72 26.81 26.94 27.03 27.16 27.31 27.47 27.66 27.84 28.03 28.19 28.34 28.53 28.72 28.91 29.12 29.31 29.50 29.66 29.81 30.00 30.16 30.28 30.38 30.44 30.50 30.56
21.72 22.16 22.38 22.50 22.62 22.75 22.84 22.91 23.00 23.09 23.12 23.19 23.22 23.22 23.22 23.22 23.16 23.09 23.03 22.94 22.84 22.84 22.84 22.91 22.97 23.06 23.19 23.34 23.50 23.69 23.91 24.12 24.38 24.66 24.94 25.25 25.53 25.59 25.72 25.81 26.00 26.34 26.47 26.56 26.66 26.72 26.78 26.88 26.97 27.06 27.12 27.25 27.38 27.50 27.66 27.78 27.94 28.12 28.31 28.47 28.62 28.78 28.97 29.12 29.31 29.53 29.72 29.91 30.06 30.25 30.41 30.56 30.66 30.75 30.81 30.91 30.94
21.88 22.28 22.50 22.66 22.75 22.88 22.97 23.06 23.16 23.25 23.31 23.34 23.38 23.38 23.34 23.31 23.28 23.19 23.06 23.00 22.97 22.94 22.97 23.03 23.09 23.19 23.31 23.50 23.66 23.81 24.03 24.28 24.53 24.81 25.12 25.38 25.62 25.84 26.00 26.12 26.34 26.50 26.66 26.81 26.94 27.03 27.12 27.25 27.34 27.44 27.56 27.69 27.84 28.00 28.16 28.31 28.47 28.62 28.78 28.94 29.09 29.25 29.41 29.56 29.75 29.97 30.16 30.31 30.50 30.69 30.84 30.94 31.03 31.12 31.19 31.22 31.31
22.03 22.47 22.62 22.75 22.91 23.03 23.12 23.22 23.31 23.41 23.44 23.50 23.50 23.50 23.47 23.44 23.34 23.25 23.19 23.12 23.09 23.06 23.09 23.16 23.22 23.34 23.50 23.66 23.81 24.00 24.25 24.50 24.72 25.00 25.25 25.53 25.75 25.97 26.28 26.47 26.75 27.03 26.91 27.06 27.22 27.38 27.50 27.62 27.75 27.88 28.03 28.19 28.34 28.53 28.69 28.84 29.00 29.12 29.28 29.44 29.56 29.72 29.88 30.03 30.22 30.41 30.59 30.78 30.94 31.09 31.25 31.34 31.44 31.53 31.59 31.62 31.66
22.22 22.62 22.78 22.91 23.03 23.12 23.25 23.38 23.47 23.53 23.59 23.62 23.62 23.59 23.56 23.50 23.41 23.34 23.28 23.22 23.22 23.22 23.22 23.28 23.38 23.50 23.66 23.81 24.00 24.22 24.44 24.69 24.94 25.22 25.47 25.69 25.91 26.16 26.47 26.88 27.16 27.44 27.56 27.38 27.53 27.72 27.84 28.00 28.16 28.31 28.50 28.69 28.91 29.09 29.25 29.44 29.59 29.69 29.81 29.94 30.03 30.19 30.34 30.50 30.69 30.88 31.03 31.22 31.38 31.50 31.62 31.72 31.81 31.91 31.94 32.00 32.06
22.41 22.72 22.88 23.00 23.09 23.22 23.38 23.47 23.59 23.66 23.72 23.72 23.72 23.69 23.66 23.56 23.47 23.41 23.38 23.34 23.31 23.31 23.34 23.44 23.53 23.66 23.81 24.00 24.22 24.41 24.66 24.88 25.16 25.44 25.69 25.94 26.16 26.41 26.62 27.16 27.53 27.81 28.09 27.97 27.88 28.06 28.25 28.41 28.59 28.78 29.00 29.22 29.44 29.66 29.84 30.03 30.16 30.25 30.38 30.47 30.56 30.69 30.84 31.00 31.12 31.31 31.47 31.62 31.78 31.91 32.03 32.12 32.22 32.25 32.31 32.38 32.44
22.53 22.81 22.94 23.06 23.16 23.28 23.44 23.56 23.69 23.75 23.81 23.84 23.81 23.78 23.72 23.59 23.56 23.50 23.47 23.44 23.44 23.50 23.50 23.62 23.72 23.88 24.06 24.22 24.44 24.66 24.91 25.19 25.47 25.72 25.97 26.22 26.47 26.72 26.94 27.19 27.94 28.22 28.50 28.81 28.34 28.44 28.62 28.84 29.06 29.28 29.53 29.78 30.00 30.28 30.47 30.66 30.78 30.84 30.97 31.06 31.12 31.25 31.38 31.47 31.59 31.75 31.88 32.00 32.12 32.28 32.41 32.50 32.59 32.66 32.72 32.78 32.84
22.59 22.81 22.97 23.06 23.19 23.31 23.47 23.59 23.72 23.81 23.91 23.94 23.91 23.88 23.81 23.75 23.69 23.62 23.59 23.59 23.62 23.66 23.72 23.84 23.97 24.09 24.31 24.50 24.69 24.97 25.19 25.50 25.78 26.03 26.31 26.56 26.81 27.03 27.28 27.50 27.91 28.62 28.94 29.25 29.47 28.81 29.03 29.28 29.56 29.81 30.06 30.38 30.62 31.00 31.22 31.41 31.53 31.59 31.66 31.69 31.72 31.81 31.91 32.00 32.06 32.16 32.28 32.41 32.53 32.66 32.78 32.88 32.97 33.03 33.12 33.19 33.22
22.62 22.81 22.94 23.06 23.19 23.31 23.47 23.62 23.75 23.88 23.97 24.03 24.00 23.97 23.91 23.84 23.78 23.75 23.75 23.75 23.78 23.84 23.94 24.06 24.19 24.34 24.56 24.78 25.03 25.28 25.53 25.78 26.09 26.38 26.66 26.91 27.16 27.41 27.66 27.88 28.12 28.75 29.34 29.66 29.97 29.97 29.50 29.78 30.06 30.34 30.66 31.03 31.41 31.69 31.97 32.16 32.28 32.31 32.31 32.31 32.41 32.41 32.50 32.53 32.56 32.62 32.72 32.84 32.94 33.03 33.12 33.22 33.31 33.41 33.50 33.56 33.66
22.59 22.72 22.88 22.97 23.12 23.28 23.44 23.62 23.78 23.94 24.06 24.12 24.12 24.09 24.00 23.97 23.97 23.94 23.94 23.97 24.00 24.06 24.16 24.31 24.47 24.66 24.88 25.09 25.34 25.62 25.91 26.16 26.44 26.75 27.03 27.28 27.56 27.81 28.06 28.28 28.50 28.75 29.66 30.09 30.41 30.72 30.38 30.28 30.59 30.94 31.31 31.72 32.09 32.41 32.72 32.88 33.03 33.16 33.09 33.16 33.12 33.03 33.06 33.06 33.09 33.12 33.19 33.28 33.34 33.47 33.53 33.62 33.72 33.81 33.91 33.97 34.03
22.50 22.62 22.75 22.94 23.06 23.25 23.44 23.66 23.81 24.03 24.19 24.28 24.31 24.25 24.22 24.16 24.16 24.16 24.19 24.19 24.25 24.31 24.41 24.59 24.78 24.97 25.19 25.47 25.72 26.00 26.28 26.53 26.84 27.12 27.41 27.66 27.94 28.22 28.47 28.72 28.94 29.19 29.44 30.50 30.81 31.12 31.34 30.81 31.19 31.56 31.97 32.41 32.81 33.12 33.41 33.62 33.81 33.94 33.94 33.94 33.91 33.81 33.66 33.66 33.62 33.66 33.69 33.75 33.81 33.88 33.97 34.06 34.12 34.22 34.31 34.38 34.44
22.41 22.56 22.72 22.91 23.06 23.22 23.44 23.66 23.91 24.12 24.31 24.41 24.47 24.47 24.34 24.38 24.38 24.38 24.41 24.44 24.50 24.59 24.69 24.88 25.06 25.28 25.53 25.81 26.06 26.38 26.69 26.97 27.25 27.53 27.84 28.09 28.38 28.69 28.94 29.19 29.38 29.59 29.84 30.38 31.31 31.56 31.81 31.72 31.72 32.22 32.56 33.03 33.47 33.81 34.09 34.34 34.53 34.69 34.75 34.72 34.66 34.53 34.41 34.31 34.25 34.19 34.22 34.25 34.28 34.38 34.44 34.50 34.56 34.66 34.72 34.78 34.84
22.41 22.53 22.69 22.88 23.06 23.25 23.47 23.72 24.00 24.22 24.44 24.59 24.66 24.72 24.69 24.59 24.62 24.66 24.69 24.72 24.75 24.88 25.00 25.12 25.38 25.59 25.88 26.16 26.44 26.78 27.09 27.41 27.69 27.97 28.25 28.56 28.88 29.16 29.41 29.62 29.84 30.06 30.28 30.59 31.66 32.03 32.28 32.53 32.38 32.84 33.28 33.69 34.09 34.47 34.81 35.06 35.28 35.44 35.53 35.50 35.41 35.28 35.12 34.97 34.81 34.72 34.72 34.75 34.78 34.84 34.91 34.97 35.03 35.09 35.16 35.22 35.28
22.34 22.50 22.66 22.88 23.06 23.28 23.50 23.78 24.06 24.34 24.59 24.78 24.91 24.94 24.97 24.94 24.94 24.91 24.94 24.97 25.06 25.16 25.31 25.44 25.66 25.91 26.16 26.47 26.81 27.16 27.47 27.81 28.12 28.41 28.72 29.03 29.34 29.62 29.88 30.12 30.31 30.53 30.75 31.03 31.56 32.50 32.75 33.03 33.19 33.47 33.91 34.31 34.69 35.03 35.47 35.75 35.97 36.12 36.22 36.16 36.12 36.00 35.81 35.62 35.44 35.34 35.31 35.28 35.31 35.34 35.38 35.44 35.50 35.53 35.62 35.69 35.75
22.34 22.50 22.66 22.88 23.06 23.31 23.56 23.88 24.16 24.47 24.75 24.94 25.09 25.16 25.22 25.25 25.22 25.22 25.22 25.25 25.34 25.44 25.59 25.75 25.94 26.19 26.44 26.75 27.09 27.47 27.84 28.22 28.53 28.84 29.16 29.44 29.81 30.09 30.38 30.56 30.81 31.00 31.22 31.50 31.81 32.81 33.19 33.47 33.72 34.00 34.44 34.91 35.31 35.72 36.06 36.38 36.59 36.75 36.81 36.81 36.75 36.62 36.44 36.28 36.09 35.94 35.88 35.81 35.81 35.81 35.88 35.91 35.94 36.03 36.09 36.16 36.22
22.38 22.53 22.66 22.88 23.09 23.34 23.59 23.88 24.25 24.59 24.88 25.09 25.25 25.38 25.47 25.50 25.47 25.50 25.47 25.56 25.62 25.75 25.88 26.03 26.22 26.47 26.72 27.03 27.38 27.78 28.19 28.53 28.97 29.31 29.66 29.97 30.31 30.59 30.88 31.12 31.31 31.53 31.72 32.00 32.28 32.69 33.62 33.88 34.16 34.44 35.00 35.44 35.91 36.31 36.66 36.97 37.19 37.34 37.41 37.38 37.31 37.19 36.97 36.78 36.69 36.53 36.41 36.34 36.31 36.31 36.31 36.34 36.41 36.47 36.53 36.59 36.62
22.41 22.56 22.72 22.88 23.09 23.34 23.66 23.94 24.28 24.66 24.97 25.22 25.41 25.56 25.66 25.72 25.72 25.75 25.81 25.88 25.94 26.06 26.19 26.34 26.53 26.75 27.00 27.31 27.69 28.06 28.53 28.97 29.38 29.78 30.16 30.47 30.81 31.12 31.38 31.62 31.81 32.00 32.22 32.47 32.75 33.09 33.78 34.31 34.56 34.84 35.34 35.97 36.44 36.84 37.22 37.50 37.72 37.88 37.94 37.91 37.78 37.66 37.50 37.34 37.19 37.06 36.97 36.88 36.81 36.78 36.78 36.78 36.81 36.91 36.94 37.00 37.03
22.50 22.62 22.75 22.94 23.12 23.38 23.69 23.97 24.34 24.69 25.00 25.28 25.50 25.69 25.81 25.91 25.97 26.03 26.12 26.22 26.31 26.38 26.47 26.62 26.81 27.03 27.31 27.59 27.97 28.38 28.88 29.34 29.75 30.19 30.62 31.00 31.34 31.62 31.88 32.12 32.31 32.56 32.75 32.97 33.25 33.53 33.94 34.72 35.00 35.28 35.59 36.19 36.91 37.31 37.66 37.97 38.19 38.34 38.38 38.34 38.25 38.12 37.97 37.84 37.69 37.56 37.44 37.38 37.28 37.22 37.22 37.22 37.22 37.28 37.34 37.38 37.41
