everonasctiles/Tile3,24.asc
ncols 128
nrows 128
xllcorner 0
yllcorner 0
cellsize 2.0
NODATA_value  -9999
[rows 68 to 101 of 128, columns 0 to 74 of 128]
-26.69 -26.06 -25.44 -24.66 -23.66 -22.59 -21.75 -21.06 -20.56 -20.28 -20.19 -20.25 -20.44 -20.81 -21.41 -22.06 -22.84 -23.69 -24.44 -25.03 -25.41 -25.72 -25.97 -26.06 -26.03 -25.72 -25.06 -23.94 -22.66 -21.22 -20.19 -19.56 -19.41 -19.53 -19.91 -20.38 -20.84 -21.34 -21.81 -22.19 -22.47 -22.69 -22.72 -22.62 -22.31 -21.88 -21.34 -20.78 -20.19 -19.53 -18.84 -18.06 -17.25 -16.41 -15.53 -14.62 -13.72 -12.81 -11.94 -11.09 -10.31 -9.56 -8.91 -8.34 -7.88 -7.56 -7.28 -6.97 -6.69 -6.44 -6.16 -5.88 -5.50 -5.03 -4.44
-26.75 -26.06 -25.06 -23.84 -22.56 -21.41 -20.53 -19.81 -19.31 -19.03 -18.97 -19.06 -19.34 -19.78 -20.44 -21.19 -22.09 -23.03 -23.97 -24.78 -25.31 -25.66 -25.88 -25.97 -25.84 -25.47 -24.84 -23.81 -22.56 -21.19 -19.75 -18.94 -18.75 -18.88 -19.22 -19.66 -20.16 -20.69 -21.16 -21.56 -21.91 -22.19 -22.28 -22.22 -22.03 -21.69 -21.22 -20.69 -20.09 -19.44 -18.69 -17.88 -17.00 -16.09 -15.16 -14.19 -13.25 -12.31 -11.41 -10.59 -9.81 -9.12 -8.50 -7.97 -7.66 -7.38 -7.06 -6.75 -6.41 -6.09 -5.72 -5.34 -4.97 -4.47 -3.81
-26.88 -25.97 -24.50 -22.84 -21.34 -20.19 -19.25 -18.53 -18.03 -17.75 -17.69 -17.81 -18.19 -18.72 -19.44 -20.28 -21.25 -22.28 -23.34 -24.41 -25.09 -25.53 -25.75 -25.84 -25.69 -25.28 -24.62 -23.75 -22.59 -21.31 -20.00 -18.81 -18.38 -18.41 -18.69 -19.12 -19.59 -20.16 -20.62 -21.06 -21.44 -21.72 -21.88 -21.88 -21.75 -21.50 -21.09 -20.59 -20.03 -19.34 -18.56 -17.69 -16.75 -15.78 -14.75 -13.75 -12.75 -11.81 -10.91 -10.06 -9.34 -8.69 -8.12 -7.72 -7.44 -7.16 -6.81 -6.47 -6.12 -5.75 -5.34 -4.91 -4.44 -3.91 -3.19
-26.97 -25.59 -23.66 -21.72 -20.12 -18.91 -17.94 -17.19 -16.66 -16.41 -16.38 -16.56 -17.00 -17.59 -18.41 -19.34 -20.38 -21.47 -22.69 -23.84 -24.78 -25.34 -25.59 -25.66 -25.53 -25.09 -24.47 -23.69 -22.66 -21.44 -20.19 -19.00 -18.16 -18.03 -18.34 -18.72 -19.19 -19.72 -20.22 -20.62 -21.03 -21.31 -21.50 -21.53 -21.47 -21.28 -20.97 -20.50 -19.94 -19.25 -18.44 -17.50 -16.47 -15.41 -14.34 -13.28 -12.25 -11.28 -10.38 -9.56 -8.88 -8.25 -7.78 -7.47 -7.22 -6.91 -6.56 -6.19 -5.81 -5.38 -4.94 -4.44 -3.94 -3.38 -2.59
-26.94 -25.03 -22.72 -20.66 -19.12 -17.88 -16.81 -15.94 -15.38 -15.12 -15.12 -15.38 -15.81 -16.50 -17.34 -18.34 -19.44 -20.66 -21.94 -23.19 -24.38 -25.03 -25.34 -25.44 -25.31 -24.94 -24.38 -23.62 -22.72 -21.59 -20.41 -19.25 -18.22 -17.88 -18.09 -18.44 -18.91 -19.38 -19.84 -20.28 -20.62 -20.91 -21.09 -21.16 -21.19 -21.03 -20.78 -20.38 -19.81 -19.12 -18.28 -17.28 -16.16 -15.03 -13.88 -12.75 -11.72 -10.72 -9.84 -9.06 -8.41 -7.84 -7.47 -7.25 -6.97 -6.66 -6.28 -5.91 -5.47 -5.00 -4.50 -3.97 -3.41 -2.84 -2.06
-26.75 -24.44 -22.06 -20.12 -18.56 -17.25 -16.25 -15.47 -14.97 -14.66 -14.56 -14.72 -15.12 -15.78 -16.59 -17.53 -18.66 -19.84 -21.12 -22.44 -23.78 -24.66 -25.06 -25.25 -25.12 -24.81 -24.25 -23.56 -22.72 -21.75 -20.66 -19.53 -18.44 -17.81 -17.88 -18.22 -18.66 -19.12 -19.56 -19.94 -20.28 -20.56 -20.75 -20.81 -20.88 -20.78 -20.56 -20.19 -19.66 -18.91 -18.03 -17.00 -15.81 -14.59 -13.38 -12.22 -11.12 -10.16 -9.31 -8.59 -7.97 -7.53 -7.25 -7.03 -6.75 -6.41 -6.03 -5.62 -5.16 -4.62 -4.06 -3.44 -2.84 -2.25 -1.53
-26.31 -24.06 -21.75 -19.88 -18.31 -17.12 -16.19 -15.44 -14.91 -14.59 -14.50 -14.62 -14.91 -15.44 -16.12 -16.97 -17.97 -19.09 -20.31 -21.62 -22.97 -24.03 -24.72 -24.94 -24.91 -24.66 -24.16 -23.47 -22.72 -21.81 -20.81 -19.75 -18.72 -17.84 -17.69 -17.97 -18.41 -18.84 -19.25 -19.66 -19.97 -20.25 -20.41 -20.50 -20.53 -20.47 -20.25 -19.88 -19.38 -18.62 -17.72 -16.59 -15.38 -14.06 -12.78 -11.56 -10.50 -9.56 -8.75 -8.09 -7.62 -7.31 -7.06 -6.81 -6.53 -6.16 -5.78 -5.31 -4.81 -4.25 -3.59 -2.91 -2.25 -1.62 -0.78
-25.94 -23.81 -21.59 -19.81 -18.41 -17.22 -16.28 -15.56 -15.06 -14.75 -14.62 -14.69 -14.91 -15.31 -15.91 -16.62 -17.53 -18.53 -19.62 -20.78 -22.03 -23.22 -24.06 -24.53 -24.62 -24.44 -24.00 -23.38 -22.66 -21.81 -20.91 -19.91 -18.94 -17.94 -17.59 -17.78 -18.19 -18.59 -18.97 -19.34 -19.62 -19.84 -20.00 -20.06 -20.06 -20.00 -19.84 -19.47 -18.94 -18.22 -17.25 -16.09 -14.78 -13.41 -12.09 -10.88 -9.81 -8.91 -8.19 -7.66 -7.38 -7.16 -6.88 -6.62 -6.31 -5.94 -5.50 -5.03 -4.47 -3.84 -3.12 -2.38 -1.62 -0.88 0.44
-25.62 -23.59 -21.53 -19.91 -18.53 -17.38 -16.50 -15.81 -15.28 -14.94 -14.75 -14.75 -14.94 -15.25 -15.75 -16.41 -17.16 -18.06 -19.03 -20.09 -21.16 -22.22 -23.16 -23.88 -24.22 -24.16 -23.78 -23.22 -22.53 -21.75 -20.91 -19.97 -19.03 -18.06 -17.62 -17.72 -18.00 -18.34 -18.69 -18.97 -19.22 -19.44 -19.53 -19.56 -19.53 -19.41 -19.22 -18.91 -18.38 -17.62 -16.62 -15.44 -14.06 -12.66 -11.31 -10.09 -9.06 -8.25 -7.62 -7.31 -7.12 -6.88 -6.59 -6.31 -5.97 -5.62 -5.22 -4.72 -4.09 -3.41 -2.62 -1.81 -1.06 0.00 1.50
-25.41 -23.41 -21.56 -20.03 -18.75 -17.69 -16.81 -16.09 -15.56 -15.16 -14.94 -14.88 -14.97 -15.22 -15.62 -16.19 -16.84 -17.62 -18.50 -19.44 -20.41 -21.34 -22.22 -22.97 -23.59 -23.78 -23.50 -22.97 -22.34 -21.66 -20.84 -19.97 -19.06 -18.16 -17.69 -17.62 -17.88 -18.12 -18.38 -18.62 -18.81 -18.94 -19.00 -18.97 -18.84 -18.69 -18.44 -18.06 -17.59 -16.81 -15.84 -14.62 -13.25 -11.78 -10.47 -9.31 -8.38 -7.62 -7.22 -7.09 -6.91 -6.69 -6.41 -6.09 -5.72 -5.31 -4.88 -4.38 -3.75 -2.97 -2.16 -1.31 -0.38 1.12 2.53
-25.19 -23.25 -21.62 -20.22 -19.06 -18.03 -17.16 -16.41 -15.84 -15.41 -15.16 -15.03 -15.06 -15.25 -15.56 -16.00 -16.59 -17.25 -18.03 -18.84 -19.72 -20.56 -21.38 -22.09 -22.69 -23.16 -23.12 -22.69 -22.12 -21.47 -20.69 -19.88 -19.03 -18.19 -17.72 -17.62 -17.72 -17.88 -18.06 -18.22 -18.34 -18.38 -18.38 -18.25 -18.06 -17.81 -17.47 -17.03 -16.50 -15.81 -14.84 -13.69 -12.31 -10.84 -9.59 -8.53 -7.72 -7.19 -7.03 -6.91 -6.72 -6.47 -6.19 -5.88 -5.47 -5.06 -4.59 -4.06 -3.44 -2.62 -1.78 -0.84 0.91 2.28 2.75
-24.94 -23.19 -21.75 -20.47 -19.38 -18.34 -17.47 -16.75 -16.16 -15.69 -15.38 -15.22 -15.16 -15.28 -15.50 -15.88 -16.34 -16.94 -17.59 -18.31 -19.09 -19.84 -20.59 -21.28 -21.84 -22.34 -22.59 -22.31 -21.81 -21.22 -20.50 -19.72 -18.91 -18.16 -17.72 -17.56 -17.56 -17.62 -17.72 -17.78 -17.81 -17.75 -17.66 -17.44 -17.16 -16.81 -16.41 -15.91 -15.31 -14.56 -13.66 -12.56 -11.28 -9.94 -8.81 -7.91 -7.25 -6.94 -6.84 -6.72 -6.53 -6.28 -6.00 -5.62 -5.22 -4.75 -4.25 -3.72 -3.12 -2.38 -1.47 0.16 2.19 2.75 2.75
-24.78 -23.19 -21.91 -20.75 -19.66 -18.69 -17.81 -17.06 -16.47 -15.97 -15.62 -15.38 -15.28 -15.31 -15.50 -15.78 -16.16 -16.66 -17.22 -17.84 -18.53 -19.22 -19.88 -20.53 -21.06 -21.53 -21.88 -21.88 -21.47 -20.91 -20.25 -19.53 -18.72 -18.09 -17.69 -17.47 -17.38 -17.38 -17.34 -17.31 -17.25 -17.09 -16.88 -16.62 -16.25 -15.81 -15.31 -14.75 -14.09 -13.31 -12.44 -11.41 -10.22 -9.09 -8.16 -7.41 -6.91 -6.75 -6.66 -6.53 -6.31 -6.09 -5.81 -5.44 -5.00 -4.47 -3.88 -3.28 -2.72 -2.03 -0.78 1.47 2.75 2.75 2.75
-24.69 -23.25 -22.06 -20.97 -19.94 -19.00 -18.16 -17.41 -16.78 -16.25 -15.88 -15.59 -15.44 -15.41 -15.50 -15.69 -16.00 -16.41 -16.88 -17.44 -18.03 -18.62 -19.25 -19.81 -20.34 -20.81 -21.16 -21.31 -21.03 -20.56 -19.97 -19.25 -18.53 -17.97 -17.56 -17.31 -17.19 -17.06 -16.97 -16.84 -16.66 -16.44 -16.12 -15.75 -15.31 -14.81 -14.25 -13.59 -12.91 -12.16 -11.31 -10.38 -9.41 -8.44 -7.62 -7.06 -6.78 -6.66 -6.50 -6.34 -6.12 -5.88 -5.59 -5.25 -4.75 -4.16 -3.47 -2.81 -2.16 -1.38 0.50 2.25 2.75 2.75 2.75
-24.66 -23.34 -22.25 -21.22 -20.22 -19.31 -18.47 -17.75 -17.09 -16.56 -16.12 -15.78 -15.56 -15.47 -15.50 -15.62 -15.88 -16.19 -16.59 -17.06 -17.56 -18.09 -18.66 -19.19 -19.69 -20.12 -20.47 -20.69 -20.59 -20.19 -19.66 -18.97 -18.31 -17.81 -17.44 -17.16 -16.94 -16.75 -16.56 -16.34 -16.06 -15.75 -15.38 -14.91 -14.41 -13.81 -13.19 -12.53 -11.81 -11.09 -10.31 -9.50 -8.69 -7.94 -7.31 -6.97 -6.75 -6.59 -6.41 -6.22 -6.00 -5.72 -5.41 -5.00 -4.53 -3.84 -3.06 -2.31 -1.56 -0.44 1.62 2.66 2.75 2.75 2.75
-24.69 -23.47 -22.44 -21.47 -20.50 -19.62 -18.78 -18.06 -17.41 -16.84 -16.38 -16.00 -15.72 -15.56 -15.53 -15.59 -15.75 -16.03 -16.34 -16.75 -17.19 -17.66 -18.12 -18.59 -19.03 -19.47 -19.81 -20.06 -20.12 -19.81 -19.31 -18.66 -18.09 -17.62 -17.25 -16.94 -16.66 -16.41 -16.12 -15.84 -15.50 -15.09 -14.62 -14.09 -13.53 -12.88 -12.22 -11.53 -10.84 -10.16 -9.47 -8.78 -8.09 -7.50 -7.09 -6.88 -6.69 -6.47 -6.28 -6.06 -5.84 -5.59 -5.22 -4.81 -4.28 -3.53 -2.62 -1.78 -0.88 0.62 2.50 2.75 2.75 2.75 2.75
-24.69 -23.62 -22.62 -21.69 -20.78 -19.91 -19.09 -18.34 -17.69 -17.12 -16.62 -16.22 -15.91 -15.69 -15.59 -15.59 -15.69 -15.88 -16.16 -16.47 -16.84 -17.25 -17.66 -18.06 -18.47 -18.84 -19.19 -19.47 -19.59 -19.41 -18.94 -18.31 -17.81 -17.41 -17.03 -16.69 -16.38 -16.06 -15.72 -15.34 -14.94 -14.47 -13.94 -13.34 -12.72 -12.03 -11.38 -10.69 -10.00 -9.34 -8.72 -8.16 -7.62 -7.22 -7.00 -6.78 -6.56 -6.34 -6.12 -5.88 -5.66 -5.41 -5.06 -4.59 -4.06 -3.25 -2.22 -1.25 0.09 1.88 2.75 2.75 2.75 2.75 2.75
-24.72 -23.75 -22.81 -21.91 -21.00 -20.16 -19.38 -18.66 -18.00 -17.38 -16.88 -16.44 -16.09 -15.84 -15.69 -15.66 -15.69 -15.81 -16.00 -16.25 -16.56 -16.88 -17.22 -17.59 -17.94 -18.28 -18.59 -18.88 -19.03 -18.94 -18.53 -18.00 -17.56 -17.16 -16.78 -16.41 -16.06 -15.69 -15.28 -14.88 -14.41 -13.88 -13.28 -12.66 -12.00 -11.31 -10.62 -9.97 -9.34 -8.75 -8.19 -7.69 -7.31 -7.09 -6.91 -6.66 -6.44 -6.19 -5.94 -5.69 -5.44 -5.19 -4.88 -4.41 -3.78 -3.00 -1.88 -0.34 1.38 2.53 2.75 2.75 2.75 2.75 2.75
-24.72 -23.81 -22.94 -22.06 -21.22 -20.41 -19.62 -18.91 -18.25 -17.66 -17.12 -16.69 -16.31 -16.03 -15.84 -15.72 -15.72 -15.78 -15.91 -16.09 -16.31 -16.59 -16.88 -17.16 -17.44 -17.75 -18.00 -18.25 -18.47 -18.44 -18.09 -17.62 -17.25 -16.88 -16.50 -16.12 -15.75 -15.31 -14.88 -14.41 -13.88 -13.31 -12.69 -12.03 -11.38 -10.69 -10.03 -9.38 -8.78 -8.25 -7.78 -7.38 -7.16 -6.97 -6.72 -6.47 -6.22 -5.97 -5.69 -5.44 -5.19 -4.91 -4.62 -4.19 -3.53 -2.81 -1.16 0.94 2.25 2.75 2.75 2.75 2.75 2.75 2.72
-24.69 -23.84 -23.03 -22.19 -21.38 -20.59 -19.84 -19.16 -18.50 -17.91 -17.38 -16.91 -16.53 -16.22 -16.00 -15.84 -15.78 -15.78 -15.84 -15.97 -16.12 -16.34 -16.53 -16.78 -17.00 -17.25 -17.47 -17.69 -17.88 -17.91 -17.62 -17.28 -16.94 -16.59 -16.22 -15.81 -15.41 -14.97 -14.47 -13.97 -13.41 -12.81 -12.16 -11.50 -10.81 -10.16 -9.50 -8.91 -8.38 -7.88 -7.47 -7.12 -7.00 -6.78 -6.56 -6.28 -6.03 -5.75 -5.44 -5.16 -4.88 -4.56 -4.25 -3.91 -3.28 -2.66 0.38 2.09 2.75 2.75 2.75 2.75 2.75 2.75 2.12
-24.56 -23.81 -23.06 -22.28 -21.50 -20.75 -20.03 -19.38 -18.72 -18.16 -17.62 -17.16 -16.75 -16.41 -16.16 -15.97 -15.88 -15.81 -15.81 -15.88 -16.00 -16.12 -16.28 -16.44 -16.59 -16.78 -16.97 -17.12 -17.31 -17.38 -17.22 -16.94 -16.62 -16.28 -15.91 -15.50 -15.06 -14.59 -14.09 -13.53 -12.97 -12.34 -11.69 -11.03 -10.34 -9.72 -9.09 -8.53 -8.03 -7.59 -7.22 -7.00 -6.84 -6.66 -6.41 -6.12 -5.84 -5.53 -5.22 -4.88 -4.53 -4.19 -3.81 -3.50 -3.09 -1.09 2.22 2.75 2.75 2.75 2.75 2.75 2.75 2.56 1.50
-24.41 -23.72 -23.03 -22.31 -21.56 -20.88 -20.19 -19.53 -18.94 -18.34 -17.84 -17.38 -16.97 -16.62 -16.34 -16.12 -15.97 -15.88 -15.84 -15.84 -15.91 -15.97 -16.06 -16.16 -16.25 -16.38 -16.50 -16.62 -16.75 -16.84 -16.75 -16.56 -16.28 -15.97 -15.59 -15.19 -14.75 -14.25 -13.72 -13.16 -12.53 -11.91 -11.28 -10.62 -9.97 -9.34 -8.75 -8.22 -7.78 -7.38 -7.06 -6.88 -6.72 -6.50 -6.22 -5.94 -5.62 -5.28 -4.94 -4.56 -4.19 -3.78 -3.31 -3.00 -2.03 1.69 2.75 2.75 2.75 2.75 2.75 2.97 2.91 2.12 1.66
-24.16 -23.56 -22.94 -22.25 -21.59 -20.91 -20.28 -19.66 -19.06 -18.53 -18.03 -17.56 -17.16 -16.81 -16.53 -16.28 -16.09 -15.97 -15.88 -15.84 -15.81 -15.84 -15.88 -15.91 -15.94 -16.00 -16.06 -16.16 -16.25 -16.34 -16.34 -16.19 -15.97 -15.66 -15.28 -14.88 -14.38 -13.84 -13.28 -12.72 -12.09 -11.50 -10.84 -10.22 -9.62 -9.03 -8.47 -8.00 -7.56 -7.22 -6.91 -6.78 -6.56 -6.31 -6.03 -5.72 -5.41 -5.03 -4.66 -4.25 -3.78 -3.34 -2.81 -2.31 0.81 2.56 2.75 2.75 2.75 2.75 2.75 3.25 2.41 1.78 1.56
-23.88 -23.34 -22.75 -22.16 -21.53 -20.91 -20.31 -19.72 -19.19 -18.66 -18.19 -17.75 -17.34 -17.00 -16.69 -16.44 -16.22 -16.06 -15.94 -15.84 -15.78 -15.75 -15.72 -15.69 -15.69 -15.69 -15.69 -15.72 -15.78 -15.91 -15.94 -15.81 -15.56 -15.25 -14.84 -14.44 -13.94 -13.44 -12.91 -12.34 -11.75 -11.16 -10.53 -9.94 -9.34 -8.78 -8.28 -7.81 -7.41 -7.09 -6.81 -6.66 -6.44 -6.19 -5.91 -5.59 -5.25 -4.84 -4.44 -3.97 -3.44 -2.88 -2.28 -1.03 2.28 2.75 2.75 2.75 2.75 2.75 2.75 3.31 2.19 1.38 1.19
-23.59 -23.06 -22.53 -22.00 -21.44 -20.88 -20.31 -19.75 -19.25 -18.75 -18.28 -17.88 -17.47 -17.12 -16.81 -16.56 -16.34 -16.16 -16.00 -15.88 -15.75 -15.66 -15.59 -15.53 -15.47 -15.41 -15.34 -15.34 -15.38 -15.47 -15.50 -15.41 -15.16 -14.81 -14.44 -14.00 -13.53 -13.03 -12.50 -11.97 -11.41 -10.84 -10.25 -9.69 -9.12 -8.59 -8.12 -7.69 -7.28 -6.97 -6.72 -6.56 -6.34 -6.09 -5.81 -5.50 -5.12 -4.69 -4.22 -3.72 -3.12 -2.44 -1.78 0.56 2.75 2.75 2.75 2.75 2.75 2.75 2.72 2.66 1.81 1.28 0.28
-23.28 -22.78 -22.28 -21.78 -21.28 -20.75 -20.25 -19.75 -19.25 -18.78 -18.34 -17.97 -17.59 -17.25 -16.94 -16.66 -16.44 -16.22 -16.03 -15.88 -15.75 -15.62 -15.50 -15.41 -15.28 -15.19 -15.06 -15.03 -15.03 -15.09 -15.09 -14.97 -14.72 -14.44 -14.06 -13.66 -13.19 -12.72 -12.19 -11.66 -11.12 -10.56 -10.03 -9.47 -8.94 -8.44 -7.97 -7.56 -7.19 -6.88 -6.66 -6.47 -6.28 -6.03 -5.72 -5.41 -5.00 -4.56 -4.06 -3.50 -2.88 -2.12 -1.22 1.94 2.75 2.75 2.75 2.75 2.75 2.75 2.50 0.97 0.69 0.12 -0.94
-22.91 -22.47 -22.00 -21.53 -21.06 -20.59 -20.12 -19.66 -19.22 -18.78 -18.38 -18.00 -17.62 -17.31 -17.00 -16.75 -16.50 -16.28 -16.09 -15.91 -15.75 -15.59 -15.44 -15.28 -15.12 -14.97 -14.84 -14.75 -14.75 -14.78 -14.72 -14.59 -14.34 -14.06 -13.69 -13.28 -12.84 -12.38 -11.91 -11.38 -10.88 -10.34 -9.81 -9.28 -8.78 -8.28 -7.81 -7.44 -7.09 -6.78 -6.59 -6.41 -6.22 -5.97 -5.66 -5.34 -4.94 -4.47 -3.97 -3.34 -2.69 -1.91 -0.53 2.56 2.75 2.75 2.75 2.75 2.75 2.72 1.44 -0.19 -0.41 -0.84 -1.50
-22.50 -22.09 -21.66 -21.22 -20.81 -20.38 -19.97 -19.53 -19.12 -18.72 -18.34 -17.97 -17.62 -17.31 -17.03 -16.75 -16.53 -16.31 -16.09 -15.91 -15.75 -15.56 -15.38 -15.19 -15.00 -14.81 -14.66 -14.56 -14.53 -14.47 -14.34 -14.16 -13.91 -13.59 -13.25 -12.88 -12.47 -12.06 -11.59 -11.09 -10.59 -10.09 -9.59 -9.09 -8.62 -8.16 -7.72 -7.34 -7.00 -6.72 -6.53 -6.38 -6.16 -5.91 -5.62 -5.31 -4.91 -4.44 -3.88 -3.28 -2.59 -1.84 0.28 2.75 2.75 2.75 2.75 2.75 2.75 2.31 0.09 -0.62 -1.03 -1.50 -2.12
-22.16 -21.72 -21.25 -20.88 -20.50 -20.12 -19.75 -19.34 -18.97 -18.59 -18.25 -17.91 -17.56 -17.28 -17.00 -16.75 -16.53 -16.31 -16.09 -15.91 -15.72 -15.53 -15.34 -15.12 -14.91 -14.69 -14.53 -14.41 -14.28 -14.16 -14.00 -13.78 -13.53 -13.22 -12.88 -12.53 -12.12 -11.69 -11.25 -10.81 -10.34 -9.88 -9.41 -8.94 -8.47 -8.06 -7.66 -7.28 -6.94 -6.66 -6.50 -6.34 -6.12 -5.91 -5.62 -5.31 -4.91 -4.44 -3.88 -3.25 -2.59 -1.97 1.00 2.75 2.75 2.75 2.75 2.72 2.34 0.44 -0.56 -1.00 -1.91 -3.75 -4.97
-21.91 -21.34 -20.84 -20.50 -20.16 -19.81 -19.47 -19.12 -18.78 -18.41 -18.09 -17.75 -17.47 -17.19 -16.91 -16.69 -16.47 -16.25 -16.06 -15.88 -15.69 -15.47 -15.28 -15.06 -14.81 -14.59 -14.41 -14.22 -14.06 -13.88 -13.66 -13.41 -13.12 -12.81 -12.50 -12.16 -11.78 -11.38 -10.97 -10.53 -10.09 -9.62 -9.19 -8.75 -8.34 -7.94 -7.56 -7.22 -6.91 -6.62 -6.47 -6.31 -6.12 -5.91 -5.66 -5.34 -4.94 -4.47 -3.91 -3.31 -2.69 -2.22 0.69 2.69 2.75 2.75 2.66 1.66 0.19 -0.53 -0.91 -2.31 -4.56 -4.75 -5.00
-21.66 -21.09 -20.53 -20.06 -19.75 -19.47 -19.16 -18.84 -18.50 -18.19 -17.88 -17.56 -17.28 -17.00 -16.78 -16.56 -16.34 -16.16 -15.97 -15.78 -15.59 -15.41 -15.19 -14.97 -14.72 -14.47 -14.22 -14.00 -13.78 -13.56 -13.31 -13.06 -12.78 -12.47 -12.16 -11.81 -11.44 -11.06 -10.66 -10.25 -9.84 -9.41 -9.00 -8.59 -8.19 -7.81 -7.47 -7.12 -6.84 -6.59 -6.44 -6.31 -6.12 -5.94 -5.69 -5.38 -5.00 -4.53 -4.00 -3.41 -2.84 -2.38 -1.16 1.44 2.06 1.84 0.66 -0.06 -0.50 -0.91 -2.50 -4.34 -4.19 -4.41 -4.78
-21.44 -20.84 -20.25 -19.78 -19.34 -19.09 -18.81 -18.50 -18.19 -17.91 -17.59 -17.31 -17.03 -16.78 -16.56 -16.34 -16.16 -15.97 -15.81 -15.66 -15.47 -15.28 -15.06 -14.81 -14.56 -14.25 -14.00 -13.72 -13.47 -13.22 -12.97 -12.69 -12.41 -12.09 -11.78 -11.44 -11.09 -10.75 -10.38 -9.97 -9.59 -9.19 -8.78 -8.41 -8.03 -7.69 -7.38 -7.06 -6.81 -6.56 -6.41 -6.28 -6.09 -5.81 -5.47 -5.16 -4.88 -4.53 -4.09 -3.53 -2.94 -2.38 -1.78 -1.16 -0.59 -0.16 -0.09 -0.50 -1.00 -2.97 -4.25 -3.94 -4.12 -4.44 -4.78
-21.25 -20.62 -20.00 -19.53 -19.06 -18.72 -18.44 -18.16 -17.84 -17.53 -17.25 -16.94 -16.69 -16.47 -16.25 -16.06 -15.88 -15.72 -15.59 -15.44 -15.28 -15.09 -14.84 -14.59 -14.28 -13.97 -13.66 -13.38 -13.12 -12.84 -12.59 -12.31 -12.03 -11.72 -11.44 -11.09 -10.78 -10.44 -10.06 -9.72 -9.34 -8.97 -8.59 -8.25 -7.91 -7.56 -7.28 -7.00 -6.75 -6.53 -6.38 -6.22 -5.97 -5.62 -5.28 -4.97 -4.72 -4.50 -4.12 -3.53 -2.81 -2.03 -1.41 -0.88 -0.47 -0.25 -0.53 -1.16 -3.25 -4.34 -3.97 -4.03 -4.28 -4.53 -4.78
-21.12 -20.50 -19.88 -19.34 -18.84 -18.41 -18.06 -17.78 -17.44 -17.09 -16.78 -16.47 -16.22 -16.00 -15.81 -15.62 -15.47 -15.34 -15.22 -15.09 -14.94 -14.75 -14.47 -14.19 -13.88 -13.56 -13.25 -13.00 -12.72 -12.44 -12.19 -11.91 -11.62 -11.34 -11.06 -10.75 -10.44 -10.12 -9.78 -9.44 -9.09 -8.75 -8.41 -8.06 -7.75 -7.44 -7.16 -6.91 -6.69 -6.50 -6.34 -6.16 -5.84 -5.44 -5.12 -4.84 -4.62 -4.47 -4.28 -3.12 -2.12 -1.50 -1.03 -0.72 -0.59 -0.59 -2.12 -4.22 -4.50 -4.16 -4.06 -4.19 -4.38 -4.56 -4.75
