everonasctiles/Tile[29,48].asc
ncols 128
nrows 128
xllcorner 0
yllcorner 0
cellsize 2.0
NODATA_value  -9999
[rows 30 to 59 of 128, columns 0 to 67 of 128]
-91.25 -91.31 -91.38 -91.44 -91.50 -91.56 -91.56 -91.53 -91.50 -91.44 -91.41 -91.41 -91.44 -91.56 -91.69 -91.81 -92.00 -92.31 -92.75 -93.28 -93.78 -94.31 -94.88 -95.44 -96.00 -96.53 -97.03 -97.50 -97.97 -98.44 -98.88 -99.31 -99.72 -100.09 -100.47 -100.81 -101.12 -101.41 -101.66 -101.88 -102.03 -102.19 -102.31 -102.44 -102.50 -102.56 -102.59 -102.56 -102.53 -102.50 -102.44 -102.41 -102.38 -102.31 -102.28 -102.22 -102.16 -102.09 -102.03 -101.94 -101.84 -101.78 -101.72 -101.72 -101.75 -101.78 -101.81 -101.88
-91.41 -91.44 -91.50 -91.56 -91.62 -91.66 -91.66 -91.66 -91.59 -91.56 -91.50 -91.53 -91.62 -91.75 -91.88 -92.00 -92.19 -92.44 -92.84 -93.31 -93.81 -94.31 -94.84 -95.38 -95.94 -96.47 -96.97 -97.44 -97.91 -98.34 -98.81 -99.25 -99.66 -100.06 -100.44 -100.78 -101.09 -101.34 -101.59 -101.81 -102.00 -102.12 -102.25 -102.34 -102.44 -102.47 -102.47 -102.47 -102.44 -102.41 -102.34 -102.31 -102.28 -102.25 -102.22 -102.19 -102.12 -102.06 -102.00 -101.91 -101.81 -101.72 -101.66 -101.62 -101.62 -101.66 -101.69 -101.75
-91.56 -91.59 -91.62 -91.69 -91.75 -91.78 -91.78 -91.75 -91.72 -91.66 -91.62 -91.66 -91.78 -91.91 -92.06 -92.25 -92.44 -92.69 -93.00 -93.41 -93.81 -94.28 -94.78 -95.34 -95.91 -96.44 -96.97 -97.47 -97.94 -98.38 -98.84 -99.28 -99.69 -100.06 -100.44 -100.78 -101.06 -101.34 -101.56 -101.75 -101.94 -102.06 -102.19 -102.28 -102.34 -102.38 -102.38 -102.34 -102.31 -102.28 -102.25 -102.22 -102.22 -102.19 -102.19 -102.16 -102.09 -102.03 -101.97 -101.88 -101.78 -101.72 -101.62 -101.56 -101.53 -101.56 -101.59 -101.66
-91.72 -91.75 -91.78 -91.81 -91.84 -91.88 -91.88 -91.88 -91.81 -91.78 -91.75 -91.81 -91.94 -92.09 -92.28 -92.47 -92.66 -92.94 -93.22 -93.59 -93.97 -94.34 -94.78 -95.31 -95.88 -96.44 -97.00 -97.50 -98.00 -98.44 -98.88 -99.31 -99.72 -100.12 -100.47 -100.78 -101.06 -101.31 -101.50 -101.69 -101.84 -102.00 -102.09 -102.16 -102.22 -102.25 -102.25 -102.22 -102.19 -102.19 -102.16 -102.16 -102.16 -102.12 -102.12 -102.09 -102.06 -102.00 -101.94 -101.88 -101.78 -101.69 -101.59 -101.53 -101.47 -101.47 -101.50 -101.62
-91.91 -91.91 -91.91 -91.94 -91.97 -92.00 -92.00 -91.97 -91.91 -91.88 -91.84 -91.91 -92.06 -92.25 -92.47 -92.66 -92.91 -93.16 -93.44 -93.78 -94.16 -94.53 -94.94 -95.38 -95.91 -96.47 -97.00 -97.53 -98.03 -98.50 -98.94 -99.38 -99.75 -100.12 -100.47 -100.75 -101.03 -101.25 -101.44 -101.62 -101.75 -101.88 -101.97 -102.03 -102.09 -102.12 -102.12 -102.12 -102.09 -102.09 -102.06 -102.09 -102.09 -102.09 -102.09 -102.06 -102.03 -101.97 -101.91 -101.84 -101.75 -101.66 -101.59 -101.50 -101.47 -101.44 -101.50 -101.59
-92.03 -92.06 -92.06 -92.06 -92.06 -92.09 -92.09 -92.06 -92.00 -91.97 -91.94 -92.03 -92.16 -92.38 -92.59 -92.84 -93.09 -93.34 -93.66 -93.97 -94.34 -94.72 -95.12 -95.53 -96.00 -96.50 -97.03 -97.53 -98.03 -98.53 -98.97 -99.38 -99.75 -100.09 -100.41 -100.69 -100.94 -101.16 -101.34 -101.50 -101.66 -101.75 -101.84 -101.91 -101.97 -102.00 -102.00 -102.00 -102.00 -102.00 -102.00 -102.03 -102.03 -102.06 -102.06 -102.03 -102.00 -101.94 -101.88 -101.81 -101.75 -101.66 -101.59 -101.53 -101.47 -101.47 -101.50 -101.59
-92.16 -92.19 -92.19 -92.16 -92.16 -92.16 -92.16 -92.12 -92.09 -92.03 -92.03 -92.09 -92.25 -92.47 -92.69 -92.97 -93.22 -93.50 -93.81 -94.12 -94.50 -94.88 -95.25 -95.69 -96.09 -96.56 -97.06 -97.53 -98.03 -98.50 -98.91 -99.31 -99.66 -100.00 -100.31 -100.59 -100.81 -101.03 -101.22 -101.41 -101.53 -101.62 -101.72 -101.78 -101.84 -101.88 -101.91 -101.94 -101.97 -101.97 -101.97 -101.97 -102.00 -102.00 -102.00 -102.00 -101.97 -101.91 -101.88 -101.81 -101.75 -101.69 -101.62 -101.56 -101.53 -101.50 -101.53 -101.62
-92.28 -92.28 -92.28 -92.28 -92.25 -92.25 -92.22 -92.19 -92.12 -92.09 -92.09 -92.16 -92.28 -92.50 -92.75 -93.00 -93.28 -93.59 -93.91 -94.22 -94.56 -94.94 -95.34 -95.75 -96.16 -96.62 -97.06 -97.50 -97.97 -98.38 -98.78 -99.19 -99.53 -99.88 -100.16 -100.44 -100.69 -100.91 -101.09 -101.25 -101.41 -101.50 -101.59 -101.69 -101.75 -101.81 -101.84 -101.88 -101.91 -101.94 -101.94 -101.97 -101.97 -101.97 -101.97 -101.97 -101.94 -101.91 -101.84 -101.81 -101.78 -101.72 -101.66 -101.62 -101.56 -101.53 -101.56 -101.62
-92.38 -92.38 -92.38 -92.34 -92.31 -92.28 -92.25 -92.22 -92.19 -92.12 -92.12 -92.19 -92.31 -92.50 -92.75 -93.00 -93.28 -93.59 -93.91 -94.22 -94.56 -94.94 -95.31 -95.72 -96.16 -96.56 -96.97 -97.41 -97.81 -98.22 -98.62 -99.00 -99.38 -99.72 -100.03 -100.31 -100.56 -100.78 -100.97 -101.12 -101.28 -101.38 -101.50 -101.59 -101.66 -101.75 -101.81 -101.84 -101.88 -101.91 -101.94 -101.94 -101.94 -101.94 -101.94 -101.94 -101.91 -101.91 -101.88 -101.84 -101.81 -101.78 -101.72 -101.66 -101.62 -101.59 -101.59 -101.66
-92.44 -92.44 -92.44 -92.41 -92.38 -92.31 -92.28 -92.25 -92.19 -92.16 -92.12 -92.19 -92.28 -92.47 -92.69 -92.97 -93.25 -93.56 -93.88 -94.19 -94.53 -94.88 -95.25 -95.66 -96.06 -96.44 -96.81 -97.22 -97.59 -98.00 -98.44 -98.84 -99.22 -99.56 -99.91 -100.19 -100.44 -100.66 -100.84 -101.00 -101.12 -101.28 -101.41 -101.50 -101.62 -101.69 -101.78 -101.84 -101.88 -101.91 -101.91 -101.94 -101.94 -101.94 -101.94 -101.94 -101.91 -101.91 -101.88 -101.88 -101.84 -101.81 -101.78 -101.72 -101.69 -101.62 -101.62 -101.66
-92.50 -92.50 -92.47 -92.44 -92.41 -92.34 -92.28 -92.25 -92.19 -92.16 -92.12 -92.16 -92.25 -92.41 -92.62 -92.88 -93.19 -93.50 -93.81 -94.16 -94.50 -94.84 -95.19 -95.56 -95.94 -96.28 -96.62 -96.97 -97.38 -97.81 -98.25 -98.69 -99.06 -99.44 -99.75 -100.03 -100.28 -100.50 -100.69 -100.84 -101.03 -101.16 -101.31 -101.44 -101.56 -101.66 -101.75 -101.81 -101.84 -101.88 -101.91 -101.91 -101.91 -101.94 -101.94 -101.94 -101.94 -101.94 -101.91 -101.91 -101.91 -101.88 -101.81 -101.78 -101.72 -101.72 -101.69 -101.72
-92.53 -92.53 -92.53 -92.47 -92.44 -92.38 -92.31 -92.25 -92.19 -92.16 -92.12 -92.12 -92.19 -92.31 -92.53 -92.81 -93.09 -93.44 -93.78 -94.12 -94.47 -94.81 -95.16 -95.50 -95.84 -96.16 -96.50 -96.84 -97.22 -97.69 -98.16 -98.56 -98.94 -99.31 -99.59 -99.88 -100.09 -100.31 -100.53 -100.72 -100.91 -101.09 -101.25 -101.41 -101.53 -101.62 -101.72 -101.78 -101.81 -101.84 -101.88 -101.91 -101.91 -101.94 -101.94 -101.94 -101.94 -101.97 -101.97 -101.94 -101.94 -101.91 -101.88 -101.84 -101.81 -101.78 -101.78 -101.81
-92.56 -92.56 -92.53 -92.50 -92.47 -92.38 -92.31 -92.25 -92.19 -92.12 -92.09 -92.06 -92.12 -92.25 -92.44 -92.72 -93.00 -93.34 -93.72 -94.06 -94.41 -94.78 -95.12 -95.47 -95.81 -96.16 -96.50 -96.88 -97.28 -97.69 -98.06 -98.47 -98.81 -99.12 -99.41 -99.69 -99.94 -100.19 -100.41 -100.62 -100.84 -101.03 -101.22 -101.38 -101.50 -101.59 -101.69 -101.75 -101.81 -101.84 -101.88 -101.88 -101.91 -101.94 -101.97 -101.97 -101.97 -102.00 -102.00 -102.00 -101.97 -101.94 -101.91 -101.91 -101.88 -101.88 -101.88 -101.91
-92.56 -92.56 -92.56 -92.53 -92.47 -92.41 -92.34 -92.25 -92.19 -92.12 -92.06 -92.03 -92.03 -92.16 -92.34 -92.59 -92.91 -93.25 -93.59 -93.97 -94.34 -94.69 -95.06 -95.44 -95.81 -96.19 -96.56 -96.91 -97.28 -97.66 -98.00 -98.34 -98.66 -98.97 -99.25 -99.53 -99.81 -100.06 -100.31 -100.56 -100.81 -101.03 -101.22 -101.38 -101.50 -101.59 -101.69 -101.75 -101.78 -101.81 -101.84 -101.88 -101.91 -101.94 -101.97 -102.00 -102.00 -102.03 -102.03 -102.03 -102.03 -102.00 -101.97 -101.97 -101.97 -101.97 -102.00 -102.00
-92.56 -92.56 -92.56 -92.53 -92.47 -92.41 -92.34 -92.25 -92.19 -92.12 -92.06 -92.00 -92.00 -92.06 -92.25 -92.50 -92.78 -93.12 -93.47 -93.84 -94.22 -94.59 -94.97 -95.38 -95.75 -96.16 -96.56 -96.94 -97.28 -97.62 -97.94 -98.25 -98.56 -98.84 -99.16 -99.47 -99.75 -100.03 -100.31 -100.56 -100.81 -101.03 -101.22 -101.38 -101.53 -101.62 -101.69 -101.75 -101.78 -101.81 -101.84 -101.88 -101.91 -101.94 -101.97 -102.00 -102.03 -102.06 -102.06 -102.09 -102.06 -102.06 -102.06 -102.06 -102.09 -102.09 -102.12 -102.12
-92.53 -92.56 -92.56 -92.53 -92.47 -92.41 -92.34 -92.25 -92.19 -92.09 -92.03 -91.97 -91.94 -92.00 -92.12 -92.34 -92.62 -92.97 -93.31 -93.66 -94.06 -94.44 -94.84 -95.28 -95.69 -96.09 -96.50 -96.91 -97.25 -97.59 -97.94 -98.25 -98.56 -98.88 -99.19 -99.50 -99.81 -100.09 -100.34 -100.59 -100.84 -101.06 -101.25 -101.41 -101.53 -101.62 -101.69 -101.75 -101.78 -101.81 -101.84 -101.88 -101.91 -101.94 -101.97 -102.03 -102.06 -102.09 -102.12 -102.12 -102.12 -102.16 -102.16 -102.19 -102.22 -102.25 -102.25 -102.25
-92.53 -92.53 -92.53 -92.50 -92.47 -92.41 -92.34 -92.25 -92.16 -92.09 -92.03 -91.97 -91.91 -91.91 -92.03 -92.22 -92.47 -92.78 -93.12 -93.47 -93.88 -94.28 -94.72 -95.16 -95.59 -96.03 -96.44 -96.84 -97.22 -97.59 -97.97 -98.31 -98.62 -98.97 -99.28 -99.59 -99.88 -100.16 -100.41 -100.66 -100.88 -101.09 -101.28 -101.44 -101.56 -101.66 -101.72 -101.75 -101.78 -101.81 -101.84 -101.88 -101.91 -101.94 -102.00 -102.03 -102.09 -102.12 -102.19 -102.19 -102.22 -102.25 -102.28 -102.31 -102.34 -102.38 -102.38 -102.41
-92.50 -92.53 -92.50 -92.47 -92.44 -92.41 -92.31 -92.25 -92.19 -92.09 -92.03 -91.94 -91.88 -91.84 -91.91 -92.06 -92.28 -92.56 -92.91 -93.28 -93.72 -94.16 -94.59 -95.03 -95.50 -95.91 -96.34 -96.75 -97.19 -97.59 -97.97 -98.34 -98.69 -99.03 -99.34 -99.66 -99.94 -100.22 -100.47 -100.72 -100.94 -101.12 -101.28 -101.44 -101.56 -101.66 -101.72 -101.75 -101.78 -101.81 -101.84 -101.88 -101.91 -101.97 -102.00 -102.06 -102.12 -102.19 -102.25 -102.28 -102.31 -102.38 -102.41 -102.44 -102.50 -102.53 -102.53 -102.56
-92.50 -92.50 -92.50 -92.47 -92.44 -92.38 -92.34 -92.25 -92.19 -92.09 -92.03 -91.94 -91.84 -91.78 -91.81 -91.91 -92.09 -92.38 -92.72 -93.12 -93.53 -94.00 -94.47 -94.91 -95.38 -95.81 -96.25 -96.69 -97.12 -97.53 -97.94 -98.34 -98.72 -99.06 -99.41 -99.72 -100.00 -100.28 -100.53 -100.75 -100.97 -101.12 -101.28 -101.44 -101.56 -101.66 -101.72 -101.78 -101.81 -101.84 -101.84 -101.91 -101.94 -102.00 -102.06 -102.12 -102.22 -102.28 -102.34 -102.38 -102.44 -102.50 -102.53 -102.59 -102.66 -102.69 -102.69 -102.72
-92.47 -92.47 -92.47 -92.44 -92.44 -92.41 -92.34 -92.28 -92.19 -92.09 -92.00 -91.91 -91.81 -91.72 -91.69 -91.72 -91.84 -92.12 -92.53 -92.94 -93.38 -93.84 -94.31 -94.75 -95.22 -95.69 -96.16 -96.59 -97.03 -97.44 -97.88 -98.28 -98.66 -99.03 -99.41 -99.72 -100.03 -100.28 -100.53 -100.75 -100.94 -101.12 -101.28 -101.41 -101.53 -101.62 -101.72 -101.78 -101.81 -101.88 -101.91 -101.94 -101.97 -102.03 -102.12 -102.22 -102.28 -102.38 -102.44 -102.50 -102.56 -102.62 -102.69 -102.75 -102.78 -102.84 -102.88 -102.88
-92.47 -92.47 -92.44 -92.44 -92.41 -92.38 -92.34 -92.28 -92.19 -92.09 -91.97 -91.84 -91.72 -91.62 -91.53 -91.53 -91.59 -91.88 -92.31 -92.78 -93.22 -93.66 -94.12 -94.59 -95.09 -95.56 -96.03 -96.47 -96.91 -97.34 -97.75 -98.19 -98.59 -99.00 -99.34 -99.69 -100.00 -100.25 -100.50 -100.72 -100.91 -101.09 -101.25 -101.38 -101.50 -101.62 -101.72 -101.81 -101.84 -101.91 -101.94 -102.00 -102.06 -102.12 -102.22 -102.31 -102.41 -102.50 -102.56 -102.62 -102.69 -102.75 -102.81 -102.88 -102.94 -103.00 -103.03 -103.06
-92.44 -92.44 -92.41 -92.41 -92.38 -92.34 -92.31 -92.22 -92.12 -92.03 -91.88 -91.75 -91.62 -91.50 -91.41 -91.34 -91.38 -91.66 -92.09 -92.56 -93.00 -93.47 -93.94 -94.44 -94.94 -95.41 -95.88 -96.34 -96.78 -97.22 -97.69 -98.12 -98.53 -98.94 -99.31 -99.62 -99.94 -100.19 -100.44 -100.66 -100.84 -101.03 -101.19 -101.31 -101.47 -101.59 -101.72 -101.81 -101.91 -101.97 -102.03 -102.09 -102.16 -102.25 -102.31 -102.44 -102.53 -102.59 -102.69 -102.75 -102.81 -102.88 -102.94 -103.00 -103.06 -103.16 -103.19 -103.25
-92.38 -92.38 -92.38 -92.38 -92.34 -92.31 -92.25 -92.16 -92.06 -91.94 -91.78 -91.66 -91.50 -91.38 -91.25 -91.19 -91.16 -91.41 -91.88 -92.34 -92.78 -93.25 -93.75 -94.25 -94.75 -95.25 -95.75 -96.19 -96.66 -97.12 -97.59 -98.06 -98.47 -98.88 -99.22 -99.53 -99.84 -100.09 -100.34 -100.56 -100.78 -100.94 -101.12 -101.28 -101.44 -101.59 -101.72 -101.84 -101.94 -102.03 -102.12 -102.19 -102.28 -102.38 -102.47 -102.56 -102.66 -102.72 -102.81 -102.88 -102.94 -102.97 -103.06 -103.12 -103.22 -103.31 -103.38 -103.44
-92.34 -92.34 -92.31 -92.31 -92.28 -92.25 -92.16 -92.06 -91.94 -91.81 -91.66 -91.50 -91.34 -91.22 -91.09 -91.00 -90.94 -91.16 -91.66 -92.12 -92.56 -93.03 -93.53 -94.06 -94.56 -95.06 -95.56 -96.03 -96.53 -97.03 -97.50 -97.97 -98.38 -98.78 -99.12 -99.44 -99.72 -99.97 -100.25 -100.47 -100.69 -100.88 -101.06 -101.25 -101.41 -101.59 -101.75 -101.88 -102.00 -102.12 -102.22 -102.31 -102.44 -102.53 -102.62 -102.69 -102.78 -102.88 -102.94 -103.00 -103.06 -103.09 -103.19 -103.28 -103.38 -103.47 -103.56 -103.66
-92.28 -92.28 -92.25 -92.22 -92.19 -92.16 -92.06 -91.97 -91.84 -91.69 -91.50 -91.34 -91.19 -91.03 -90.91 -90.78 -90.69 -90.91 -91.44 -91.88 -92.31 -92.78 -93.31 -93.81 -94.31 -94.84 -95.34 -95.88 -96.41 -96.91 -97.41 -97.84 -98.28 -98.66 -99.00 -99.31 -99.59 -99.88 -100.12 -100.38 -100.59 -100.81 -101.00 -101.22 -101.41 -101.59 -101.78 -101.94 -102.09 -102.22 -102.34 -102.44 -102.56 -102.69 -102.78 -102.84 -102.94 -103.00 -103.09 -103.16 -103.19 -103.25 -103.31 -103.41 -103.53 -103.66 -103.75 -103.84
-92.25 -92.22 -92.19 -92.12 -92.09 -92.03 -91.94 -91.84 -91.69 -91.53 -91.34 -91.16 -91.00 -90.84 -90.69 -90.59 -90.47 -90.66 -91.19 -91.59 -92.03 -92.50 -93.00 -93.50 -94.03 -94.56 -95.16 -95.72 -96.28 -96.81 -97.28 -97.75 -98.16 -98.53 -98.88 -99.22 -99.50 -99.78 -100.03 -100.28 -100.53 -100.75 -100.97 -101.22 -101.44 -101.62 -101.84 -102.03 -102.19 -102.34 -102.47 -102.59 -102.72 -102.84 -102.94 -103.03 -103.09 -103.19 -103.25 -103.31 -103.34 -103.41 -103.47 -103.56 -103.69 -103.81 -103.94 -104.06
-92.19 -92.16 -92.09 -92.03 -91.97 -91.88 -91.81 -91.69 -91.56 -91.38 -91.16 -90.97 -90.78 -90.59 -90.47 -90.34 -90.19 -90.34 -90.88 -91.31 -91.69 -92.16 -92.66 -93.16 -93.72 -94.34 -95.00 -95.62 -96.16 -96.69 -97.19 -97.62 -98.03 -98.44 -98.78 -99.12 -99.44 -99.69 -99.97 -100.22 -100.47 -100.75 -101.00 -101.25 -101.47 -101.69 -101.91 -102.12 -102.31 -102.47 -102.59 -102.75 -102.88 -103.00 -103.12 -103.22 -103.28 -103.34 -103.41 -103.47 -103.53 -103.59 -103.66 -103.72 -103.84 -103.97 -104.12 -104.28
-92.16 -92.09 -92.00 -91.91 -91.81 -91.72 -91.62 -91.53 -91.41 -91.22 -91.00 -90.75 -90.53 -90.38 -90.22 -90.06 -89.88 -90.00 -90.50 -90.97 -91.34 -91.75 -92.16 -92.72 -93.47 -94.19 -94.88 -95.47 -96.03 -96.56 -97.06 -97.50 -97.94 -98.34 -98.69 -99.03 -99.34 -99.62 -99.91 -100.19 -100.47 -100.75 -101.03 -101.28 -101.53 -101.78 -102.00 -102.22 -102.44 -102.62 -102.78 -102.91 -103.03 -103.19 -103.28 -103.38 -103.47 -103.53 -103.59 -103.66 -103.72 -103.78 -103.84 -103.91 -104.03 -104.16 -104.31 -104.47
-92.09 -92.00 -91.91 -91.78 -91.66 -91.53 -91.44 -91.34 -91.22 -91.03 -90.81 -90.56 -90.34 -90.12 -89.97 -89.78 -89.53 -89.62 -90.00 -90.41 -90.72 -91.09 -91.69 -92.53 -93.34 -94.06 -94.72 -95.31 -95.88 -96.41 -96.88 -97.34 -97.78 -98.19 -98.56 -98.91 -99.22 -99.53 -99.88 -100.19 -100.50 -100.81 -101.09 -101.38 -101.62 -101.88 -102.12 -102.34 -102.56 -102.78 -102.94 -103.09 -103.22 -103.34 -103.47 -103.56 -103.66 -103.72 -103.78 -103.84 -103.91 -103.97 -104.03 -104.12 -104.22 -104.34 -104.50 -104.69
-92.03 -91.94 -91.78 -91.66 -91.50 -91.34 -91.22 -91.09 -91.00 -90.84 -90.62 -90.38 -90.12 -89.91 -89.72 -89.50 -89.25 -89.22 -89.53 -89.88 -90.28 -90.84 -91.66 -92.47 -93.22 -93.88 -94.53 -95.09 -95.66 -96.16 -96.66 -97.12 -97.59 -98.00 -98.38 -98.75 -99.09 -99.47 -99.84 -100.19 -100.53 -100.88 -101.16 -101.47 -101.72 -101.97 -102.22 -102.47 -102.72 -102.94 -103.12 -103.28 -103.41 -103.53 -103.66 -103.75 -103.84 -103.94 -104.00 -104.06 -104.12 -104.19 -104.25 -104.31 -104.41 -104.53 -104.69 -104.88
