everonasctiles/Tile[41,29].asc
ncols 128
nrows 128
xllcorner 0
yllcorner 0
cellsize 2.0
NODATA_value  -9999
[rows 0 to 28 of 128, columns 0 to 66 of 128]
-93.53 -93.25 -92.97 -92.72 -92.50 -92.31 -92.16 -92.00 -91.84 -91.69 -91.56 -91.59 -91.72 -91.91 -92.12 -92.34 -92.56 -92.78 -92.97 -93.16 -93.31 -93.47 -93.62 -93.78 -93.94 -94.09 -94.25 -94.41 -94.56 -94.69 -94.88 -95.06 -95.28 -95.50 -95.69 -95.81 -95.91 -95.97 -96.03 -96.09 -96.19 -96.28 -96.38 -96.47 -96.53 -96.59 -96.62 -96.62 -96.56 -96.44 -96.28 -96.09 -95.84 -95.56 -95.28 -95.03 -94.72 -94.53 -94.50 -94.44 -94.38 -94.25 -94.09 -93.91 -93.69 -93.44 -93.41
-93.72 -93.44 -93.19 -92.94 -92.69 -92.50 -92.28 -92.09 -91.91 -91.72 -91.56 -91.47 -91.59 -91.81 -92.00 -92.19 -92.41 -92.59 -92.78 -92.94 -93.12 -93.25 -93.41 -93.56 -93.72 -93.88 -94.03 -94.19 -94.28 -94.44 -94.59 -94.81 -95.03 -95.25 -95.44 -95.59 -95.69 -95.78 -95.84 -95.94 -96.03 -96.16 -96.25 -96.34 -96.41 -96.47 -96.50 -96.47 -96.41 -96.31 -96.16 -95.97 -95.78 -95.56 -95.31 -95.09 -94.91 -94.91 -94.97 -94.94 -94.84 -94.75 -94.59 -94.41 -94.12 -93.69 -93.38
-93.75 -93.47 -93.22 -93.00 -92.75 -92.53 -92.31 -92.09 -91.91 -91.72 -91.53 -91.38 -91.47 -91.69 -91.88 -92.06 -92.25 -92.41 -92.59 -92.75 -92.91 -93.06 -93.22 -93.38 -93.50 -93.66 -93.78 -93.91 -94.03 -94.16 -94.34 -94.56 -94.81 -95.03 -95.22 -95.34 -95.47 -95.56 -95.66 -95.78 -95.91 -96.03 -96.12 -96.22 -96.31 -96.34 -96.38 -96.34 -96.28 -96.16 -96.03 -95.84 -95.69 -95.50 -95.31 -95.12 -95.16 -95.31 -95.38 -95.41 -95.38 -95.31 -95.16 -94.94 -94.62 -94.03 -93.66
-93.59 -93.38 -93.16 -92.91 -92.69 -92.47 -92.25 -92.03 -91.84 -91.66 -91.47 -91.41 -91.50 -91.62 -91.75 -91.88 -92.06 -92.25 -92.41 -92.56 -92.75 -92.88 -93.03 -93.19 -93.31 -93.44 -93.56 -93.69 -93.78 -93.94 -94.12 -94.34 -94.56 -94.75 -94.97 -95.12 -95.28 -95.41 -95.53 -95.66 -95.78 -95.91 -96.03 -96.12 -96.19 -96.25 -96.28 -96.22 -96.16 -96.03 -95.91 -95.75 -95.59 -95.41 -95.22 -95.16 -95.44 -95.66 -95.81 -95.91 -95.94 -95.88 -95.75 -95.53 -95.16 -94.53 -94.19
-93.41 -93.19 -92.97 -92.75 -92.56 -92.34 -92.16 -91.94 -91.75 -91.56 -91.50 -91.66 -91.78 -91.88 -91.91 -91.91 -91.91 -92.03 -92.19 -92.38 -92.56 -92.75 -92.88 -93.00 -93.12 -93.25 -93.38 -93.47 -93.59 -93.72 -93.91 -94.12 -94.31 -94.53 -94.72 -94.91 -95.09 -95.25 -95.44 -95.59 -95.72 -95.84 -95.94 -96.03 -96.09 -96.16 -96.16 -96.12 -96.03 -95.94 -95.81 -95.66 -95.50 -95.31 -95.09 -95.28 -95.66 -95.97 -96.22 -96.38 -96.47 -96.47 -96.34 -96.16 -95.78 -95.22 -94.91
-93.16 -93.00 -92.81 -92.59 -92.41 -92.22 -92.00 -91.81 -91.59 -91.56 -91.72 -91.88 -92.00 -92.09 -92.16 -92.16 -92.19 -92.22 -92.25 -92.38 -92.50 -92.62 -92.75 -92.88 -92.97 -93.09 -93.22 -93.31 -93.44 -93.59 -93.72 -93.91 -94.12 -94.34 -94.56 -94.75 -94.97 -95.16 -95.34 -95.53 -95.66 -95.78 -95.88 -95.97 -96.03 -96.06 -96.06 -96.00 -95.94 -95.84 -95.72 -95.59 -95.47 -95.28 -95.09 -95.41 -95.84 -96.19 -96.53 -96.81 -96.97 -97.03 -96.97 -96.81 -96.50 -96.06 -95.78
-92.94 -92.78 -92.59 -92.44 -92.22 -92.03 -91.84 -91.69 -91.72 -91.88 -92.00 -92.12 -92.25 -92.34 -92.41 -92.44 -92.44 -92.47 -92.53 -92.59 -92.66 -92.69 -92.75 -92.81 -92.91 -93.06 -93.19 -93.31 -93.44 -93.50 -93.56 -93.69 -93.94 -94.19 -94.44 -94.69 -94.91 -95.12 -95.31 -95.47 -95.59 -95.72 -95.81 -95.91 -95.97 -96.00 -95.97 -95.94 -95.88 -95.81 -95.72 -95.59 -95.50 -95.38 -95.25 -95.47 -95.94 -96.34 -96.75 -97.12 -97.41 -97.56 -97.56 -97.47 -97.25 -97.00 -96.72
-92.66 -92.50 -92.38 -92.22 -92.12 -92.03 -91.97 -91.91 -92.03 -92.16 -92.28 -92.38 -92.50 -92.59 -92.66 -92.69 -92.72 -92.72 -92.75 -92.81 -92.84 -92.88 -92.91 -92.97 -93.06 -93.19 -93.31 -93.44 -93.53 -93.59 -93.62 -93.59 -93.78 -94.12 -94.41 -94.62 -94.88 -95.09 -95.28 -95.44 -95.56 -95.69 -95.78 -95.88 -95.91 -95.94 -95.94 -95.91 -95.88 -95.84 -95.78 -95.72 -95.66 -95.59 -95.53 -95.53 -95.94 -96.44 -96.88 -97.31 -97.72 -98.03 -98.12 -98.09 -98.00 -97.81 -97.62
-92.62 -92.47 -92.38 -92.31 -92.31 -92.28 -92.22 -92.19 -92.25 -92.38 -92.50 -92.66 -92.78 -92.88 -92.94 -92.97 -92.97 -92.97 -93.00 -93.03 -93.06 -93.06 -93.09 -93.16 -93.22 -93.34 -93.44 -93.56 -93.69 -93.78 -93.81 -93.81 -93.81 -94.06 -94.41 -94.66 -94.88 -95.09 -95.28 -95.47 -95.59 -95.72 -95.84 -95.94 -95.97 -96.00 -96.00 -96.00 -96.00 -95.97 -95.91 -95.88 -95.84 -95.81 -95.78 -95.69 -95.88 -96.38 -96.91 -97.44 -97.91 -98.34 -98.62 -98.69 -98.66 -98.50 -98.34
-92.84 -92.72 -92.59 -92.53 -92.50 -92.47 -92.44 -92.41 -92.47 -92.59 -92.75 -92.91 -93.03 -93.12 -93.19 -93.22 -93.22 -93.25 -93.25 -93.28 -93.28 -93.28 -93.31 -93.38 -93.44 -93.50 -93.62 -93.75 -93.88 -93.97 -94.03 -94.06 -94.06 -94.12 -94.44 -94.69 -94.94 -95.16 -95.34 -95.53 -95.69 -95.84 -95.97 -96.06 -96.12 -96.16 -96.16 -96.16 -96.16 -96.12 -96.09 -96.06 -96.03 -96.03 -96.03 -96.00 -95.91 -96.19 -96.75 -97.38 -98.00 -98.56 -98.97 -99.22 -99.25 -99.16 -98.97
-93.00 -92.91 -92.81 -92.75 -92.72 -92.69 -92.66 -92.62 -92.66 -92.81 -92.97 -93.16 -93.28 -93.38 -93.44 -93.47 -93.50 -93.50 -93.50 -93.50 -93.50 -93.53 -93.56 -93.59 -93.66 -93.75 -93.84 -93.94 -94.09 -94.19 -94.28 -94.34 -94.38 -94.41 -94.56 -94.81 -95.06 -95.28 -95.47 -95.66 -95.81 -95.97 -96.12 -96.22 -96.28 -96.34 -96.34 -96.34 -96.34 -96.31 -96.28 -96.25 -96.25 -96.28 -96.28 -96.31 -96.25 -96.28 -96.59 -97.16 -97.91 -98.62 -99.19 -99.62 -99.78 -99.75 -99.62
-93.19 -93.09 -93.03 -92.97 -92.97 -92.94 -92.91 -92.88 -92.91 -93.00 -93.19 -93.34 -93.50 -93.59 -93.69 -93.72 -93.75 -93.75 -93.75 -93.75 -93.75 -93.78 -93.81 -93.88 -93.94 -94.00 -94.06 -94.19 -94.31 -94.47 -94.56 -94.66 -94.72 -94.75 -94.84 -95.03 -95.25 -95.44 -95.66 -95.84 -96.00 -96.16 -96.31 -96.41 -96.50 -96.53 -96.56 -96.53 -96.53 -96.50 -96.50 -96.50 -96.50 -96.53 -96.56 -96.59 -96.69 -96.81 -96.94 -97.22 -97.78 -98.59 -99.31 -99.88 -100.22 -100.28 -100.22
-93.41 -93.31 -93.25 -93.22 -93.19 -93.16 -93.12 -93.12 -93.16 -93.22 -93.34 -93.53 -93.69 -93.81 -93.91 -93.94 -93.97 -94.00 -94.00 -94.00 -94.00 -94.03 -94.09 -94.16 -94.22 -94.25 -94.34 -94.44 -94.56 -94.72 -94.88 -94.97 -95.06 -95.12 -95.22 -95.31 -95.50 -95.69 -95.88 -96.06 -96.22 -96.38 -96.53 -96.62 -96.72 -96.75 -96.75 -96.72 -96.72 -96.69 -96.72 -96.72 -96.75 -96.78 -96.81 -96.91 -97.06 -97.31 -97.56 -97.78 -98.06 -98.66 -99.38 -100.03 -100.50 -100.75 -100.75
-93.62 -93.53 -93.47 -93.44 -93.41 -93.41 -93.38 -93.38 -93.38 -93.44 -93.53 -93.69 -93.84 -94.00 -94.09 -94.16 -94.22 -94.22 -94.25 -94.25 -94.25 -94.28 -94.34 -94.41 -94.50 -94.56 -94.59 -94.69 -94.81 -94.97 -95.16 -95.28 -95.41 -95.50 -95.59 -95.69 -95.78 -95.94 -96.09 -96.28 -96.47 -96.62 -96.75 -96.88 -96.94 -96.97 -96.94 -96.94 -96.91 -96.91 -96.94 -96.97 -97.00 -97.06 -97.09 -97.19 -97.38 -97.66 -97.97 -98.34 -98.72 -99.12 -99.62 -100.22 -100.75 -101.09 -101.22
-93.84 -93.75 -93.69 -93.66 -93.66 -93.62 -93.62 -93.59 -93.62 -93.66 -93.72 -93.84 -94.00 -94.16 -94.28 -94.38 -94.41 -94.44 -94.47 -94.47 -94.50 -94.53 -94.59 -94.69 -94.78 -94.84 -94.91 -94.97 -95.09 -95.25 -95.44 -95.59 -95.75 -95.84 -95.97 -96.06 -96.12 -96.25 -96.38 -96.56 -96.72 -96.88 -97.00 -97.09 -97.16 -97.16 -97.16 -97.12 -97.09 -97.12 -97.19 -97.22 -97.28 -97.31 -97.38 -97.47 -97.66 -97.94 -98.31 -98.69 -99.12 -99.56 -100.03 -100.50 -100.97 -101.34 -101.59
-94.03 -93.97 -93.91 -93.88 -93.88 -93.84 -93.84 -93.84 -93.84 -93.84 -93.91 -93.97 -94.12 -94.28 -94.41 -94.53 -94.59 -94.66 -94.69 -94.69 -94.72 -94.78 -94.84 -94.94 -95.06 -95.12 -95.19 -95.25 -95.38 -95.53 -95.72 -95.91 -96.06 -96.22 -96.34 -96.41 -96.50 -96.56 -96.69 -96.84 -96.97 -97.12 -97.25 -97.31 -97.38 -97.38 -97.34 -97.31 -97.31 -97.34 -97.41 -97.47 -97.53 -97.56 -97.62 -97.72 -97.91 -98.19 -98.56 -98.97 -99.41 -99.88 -100.31 -100.78 -101.19 -101.59 -101.88
-94.25 -94.16 -94.12 -94.09 -94.06 -94.06 -94.03 -94.03 -94.06 -94.06 -94.06 -94.12 -94.22 -94.38 -94.53 -94.66 -94.75 -94.84 -94.88 -94.91 -94.94 -95.00 -95.06 -95.19 -95.31 -95.41 -95.50 -95.56 -95.66 -95.81 -96.00 -96.22 -96.41 -96.56 -96.72 -96.81 -96.84 -96.94 -97.03 -97.12 -97.25 -97.38 -97.50 -97.56 -97.56 -97.56 -97.53 -97.50 -97.53 -97.56 -97.62 -97.72 -97.78 -97.81 -97.91 -98.00 -98.16 -98.41 -98.75 -99.16 -99.59 -100.06 -100.50 -100.97 -101.38 -101.78 -102.12
-94.41 -94.34 -94.31 -94.28 -94.25 -94.25 -94.25 -94.25 -94.25 -94.22 -94.22 -94.25 -94.31 -94.47 -94.59 -94.75 -94.91 -95.00 -95.06 -95.09 -95.12 -95.19 -95.28 -95.41 -95.56 -95.69 -95.78 -95.84 -95.94 -96.09 -96.28 -96.50 -96.72 -96.91 -97.06 -97.16 -97.22 -97.28 -97.38 -97.44 -97.56 -97.66 -97.75 -97.78 -97.78 -97.75 -97.72 -97.72 -97.72 -97.78 -97.84 -97.94 -98.00 -98.06 -98.16 -98.25 -98.41 -98.62 -98.91 -99.28 -99.69 -100.16 -100.62 -101.06 -101.50 -101.91 -102.28
-94.56 -94.53 -94.50 -94.47 -94.44 -94.44 -94.41 -94.44 -94.41 -94.41 -94.38 -94.38 -94.44 -94.56 -94.69 -94.84 -95.00 -95.12 -95.22 -95.28 -95.31 -95.38 -95.47 -95.59 -95.78 -95.94 -96.06 -96.12 -96.22 -96.34 -96.56 -96.78 -97.03 -97.22 -97.38 -97.50 -97.59 -97.66 -97.72 -97.78 -97.84 -97.91 -97.97 -98.00 -98.00 -97.94 -97.91 -97.91 -97.94 -97.97 -98.06 -98.16 -98.22 -98.31 -98.38 -98.50 -98.62 -98.81 -99.06 -99.41 -99.78 -100.22 -100.69 -101.16 -101.59 -102.00 -102.38
-94.72 -94.69 -94.66 -94.62 -94.59 -94.59 -94.59 -94.59 -94.59 -94.56 -94.53 -94.53 -94.56 -94.69 -94.81 -94.97 -95.12 -95.25 -95.34 -95.44 -95.47 -95.53 -95.62 -95.78 -95.97 -96.16 -96.31 -96.44 -96.50 -96.62 -96.81 -97.06 -97.28 -97.50 -97.69 -97.81 -97.91 -98.00 -98.06 -98.12 -98.16 -98.19 -98.19 -98.19 -98.19 -98.12 -98.09 -98.06 -98.09 -98.16 -98.25 -98.34 -98.44 -98.50 -98.59 -98.72 -98.84 -99.00 -99.25 -99.53 -99.88 -100.28 -100.72 -101.19 -101.59 -102.03 -102.41
-94.84 -94.81 -94.81 -94.78 -94.75 -94.75 -94.75 -94.75 -94.72 -94.69 -94.66 -94.62 -94.69 -94.81 -94.94 -95.09 -95.25 -95.41 -95.50 -95.59 -95.66 -95.72 -95.81 -95.94 -96.16 -96.38 -96.56 -96.72 -96.81 -96.91 -97.09 -97.34 -97.56 -97.78 -97.97 -98.12 -98.22 -98.34 -98.41 -98.44 -98.47 -98.44 -98.44 -98.41 -98.34 -98.28 -98.25 -98.22 -98.22 -98.28 -98.38 -98.50 -98.59 -98.69 -98.81 -98.91 -99.03 -99.19 -99.38 -99.66 -99.97 -100.34 -100.72 -101.16 -101.59 -102.00 -102.38
-94.97 -94.97 -94.94 -94.94 -94.91 -94.91 -94.91 -94.88 -94.88 -94.81 -94.75 -94.75 -94.81 -94.94 -95.09 -95.25 -95.41 -95.56 -95.69 -95.78 -95.84 -95.91 -96.00 -96.12 -96.34 -96.56 -96.81 -97.00 -97.12 -97.25 -97.38 -97.59 -97.84 -98.06 -98.25 -98.41 -98.53 -98.62 -98.72 -98.78 -98.75 -98.72 -98.69 -98.62 -98.53 -98.44 -98.38 -98.31 -98.31 -98.38 -98.47 -98.56 -98.69 -98.81 -98.94 -99.06 -99.22 -99.34 -99.53 -99.75 -100.03 -100.34 -100.72 -101.12 -101.53 -101.94 -102.31
-95.09 -95.09 -95.09 -95.06 -95.06 -95.03 -95.03 -95.03 -95.00 -94.94 -94.88 -94.84 -94.91 -95.03 -95.22 -95.41 -95.59 -95.75 -95.88 -95.97 -96.06 -96.12 -96.22 -96.31 -96.50 -96.78 -97.03 -97.28 -97.44 -97.56 -97.72 -97.91 -98.09 -98.31 -98.50 -98.66 -98.78 -98.91 -99.03 -99.06 -99.06 -99.00 -98.94 -98.84 -98.72 -98.59 -98.50 -98.44 -98.41 -98.44 -98.50 -98.59 -98.72 -98.88 -99.03 -99.19 -99.34 -99.50 -99.66 -99.84 -100.09 -100.38 -100.69 -101.06 -101.47 -101.84 -102.22
-95.25 -95.25 -95.22 -95.22 -95.19 -95.19 -95.19 -95.16 -95.12 -95.06 -95.00 -94.97 -95.00 -95.16 -95.31 -95.53 -95.72 -95.91 -96.03 -96.16 -96.25 -96.34 -96.44 -96.56 -96.72 -96.97 -97.25 -97.50 -97.72 -97.88 -98.03 -98.19 -98.38 -98.59 -98.78 -98.94 -99.06 -99.19 -99.28 -99.34 -99.34 -99.28 -99.19 -99.06 -98.91 -98.75 -98.62 -98.53 -98.50 -98.50 -98.56 -98.66 -98.75 -98.91 -99.06 -99.25 -99.44 -99.62 -99.78 -99.94 -100.16 -100.38 -100.66 -101.00 -101.38 -101.78 -102.19
-95.44 -95.41 -95.38 -95.34 -95.31 -95.31 -95.31 -95.31 -95.28 -95.22 -95.16 -95.09 -95.09 -95.25 -95.44 -95.66 -95.84 -96.06 -96.22 -96.34 -96.44 -96.56 -96.66 -96.78 -96.97 -97.19 -97.47 -97.75 -98.00 -98.19 -98.34 -98.50 -98.66 -98.84 -99.00 -99.19 -99.31 -99.44 -99.53 -99.62 -99.62 -99.56 -99.44 -99.28 -99.12 -98.94 -98.78 -98.69 -98.62 -98.59 -98.62 -98.72 -98.84 -98.97 -99.12 -99.31 -99.50 -99.69 -99.88 -100.06 -100.25 -100.47 -100.69 -101.00 -101.38 -101.75 -102.16
-95.62 -95.56 -95.53 -95.50 -95.47 -95.47 -95.47 -95.47 -95.44 -95.38 -95.31 -95.25 -95.22 -95.34 -95.53 -95.75 -95.97 -96.19 -96.34 -96.50 -96.62 -96.75 -96.88 -97.03 -97.22 -97.44 -97.69 -97.97 -98.25 -98.47 -98.62 -98.78 -98.94 -99.09 -99.25 -99.41 -99.53 -99.69 -99.78 -99.88 -99.88 -99.81 -99.69 -99.53 -99.34 -99.16 -98.97 -98.88 -98.81 -98.78 -98.78 -98.84 -98.94 -99.06 -99.25 -99.41 -99.59 -99.78 -100.00 -100.22 -100.41 -100.62 -100.88 -101.16 -101.50 -101.84 -102.22
-95.81 -95.75 -95.69 -95.66 -95.62 -95.62 -95.62 -95.62 -95.59 -95.53 -95.47 -95.41 -95.38 -95.47 -95.66 -95.88 -96.09 -96.31 -96.50 -96.66 -96.81 -96.94 -97.09 -97.25 -97.44 -97.66 -97.94 -98.19 -98.47 -98.72 -98.91 -99.06 -99.22 -99.34 -99.47 -99.62 -99.75 -99.91 -100.03 -100.09 -100.12 -100.06 -99.94 -99.75 -99.56 -99.34 -99.19 -99.06 -99.00 -98.94 -98.94 -99.00 -99.09 -99.22 -99.38 -99.53 -99.72 -99.91 -100.12 -100.34 -100.59 -100.81 -101.06 -101.34 -101.69 -102.00 -102.34
-96.03 -95.94 -95.84 -95.81 -95.81 -95.81 -95.81 -95.78 -95.75 -95.72 -95.66 -95.59 -95.59 -95.66 -95.84 -96.03 -96.25 -96.47 -96.62 -96.81 -96.97 -97.12 -97.28 -97.47 -97.69 -97.91 -98.16 -98.44 -98.72 -98.94 -99.16 -99.34 -99.47 -99.59 -99.72 -99.84 -99.97 -100.12 -100.25 -100.34 -100.34 -100.28 -100.16 -99.97 -99.78 -99.59 -99.41 -99.28 -99.19 -99.16 -99.12 -99.16 -99.25 -99.38 -99.53 -99.69 -99.88 -100.06 -100.28 -100.50 -100.75 -101.00 -101.28 -101.53 -101.84 -102.16 -102.47
-96.25 -96.16 -96.06 -96.00 -95.97 -96.00 -95.97 -95.97 -95.94 -95.88 -95.81 -95.78 -95.78 -95.88 -96.03 -96.22 -96.41 -96.62 -96.81 -96.97 -97.12 -97.28 -97.47 -97.69 -97.91 -98.16 -98.41 -98.66 -98.94 -99.19 -99.41 -99.56 -99.72 -99.84 -99.97 -100.06 -100.19 -100.34 -100.47 -100.56 -100.56 -100.50 -100.38 -100.22 -100.00 -99.81 -99.62 -99.50 -99.41 -99.34 -99.34 -99.34 -99.41 -99.53 -99.66 -99.84 -100.03 -100.22 -100.44 -100.66 -100.94 -101.19 -101.47 -101.72 -102.03 -102.31 -102.62
