everonasctiles/Tile[5,20].asc
ncols 128
nrows 128
xllcorner 0
yllcorner 0
cellsize 2.0
NODATA_value  -9999
[rows 32 to 63 of 128, columns 0 to 71 of 128]
-13.62 -14.00 -14.19 -14.91 -15.25 -15.09 -15.19 -15.62 -15.88 -16.00 -16.16 -16.44 -16.47 -16.25 -16.53 -17.03 -17.28 -17.34 -17.16 -17.00 -17.09 -17.12 -17.16 -17.34 -17.38 -17.25 -17.00 -16.81 -16.84 -16.88 -16.78 -16.53 -16.28 -16.09 -16.00 -16.06 -16.72 -16.78 -16.66 -16.44 -16.22 -16.03 -15.84 -15.66 -15.53 -15.56 -15.69 -15.84 -16.00 -16.16 -16.34 -16.44 -16.41 -16.38 -16.84 -17.09 -17.16 -17.34 -17.56 -17.69 -17.72 -17.62 -17.56 -17.59 -17.59 -17.50 -17.41 -17.28 -17.16 -16.97 -16.75 -16.50
-13.66 -14.31 -14.84 -14.91 -14.91 -14.62 -15.25 -15.88 -16.34 -16.38 -16.69 -16.88 -16.78 -17.00 -17.28 -17.59 -17.66 -17.59 -17.16 -16.81 -16.94 -16.91 -17.06 -17.44 -17.34 -17.28 -17.25 -17.31 -17.50 -17.62 -17.47 -17.06 -16.69 -16.47 -16.38 -16.22 -16.81 -16.94 -16.91 -16.69 -16.47 -16.28 -16.06 -15.81 -15.56 -15.72 -15.81 -15.94 -16.06 -16.25 -16.34 -16.28 -16.22 -16.41 -16.88 -17.00 -16.84 -16.94 -17.19 -17.53 -17.50 -17.38 -17.38 -17.56 -17.62 -17.56 -17.50 -17.41 -17.28 -17.12 -16.91 -16.66
-14.81 -15.12 -15.22 -15.00 -14.78 -14.75 -15.38 -16.06 -16.50 -16.50 -17.00 -17.22 -17.25 -17.59 -17.75 -17.88 -17.88 -17.75 -17.22 -16.88 -16.53 -16.34 -17.34 -17.50 -16.88 -17.12 -17.22 -17.50 -17.81 -18.00 -17.94 -17.59 -17.25 -17.16 -16.97 -17.03 -16.91 -16.88 -17.06 -16.78 -16.59 -16.41 -16.19 -15.91 -15.56 -15.66 -15.81 -15.81 -16.00 -16.25 -16.34 -16.41 -16.06 -16.44 -16.75 -16.72 -16.59 -16.81 -17.06 -17.28 -17.44 -17.06 -17.09 -17.41 -17.50 -17.41 -17.47 -17.44 -17.34 -17.19 -17.00 -16.75
-15.59 -15.56 -15.97 -15.38 -15.22 -16.12 -16.00 -16.47 -16.41 -16.34 -17.06 -17.50 -17.66 -18.00 -18.12 -18.12 -18.06 -18.03 -17.66 -17.38 -16.81 -16.81 -17.22 -17.50 -17.31 -16.75 -17.25 -17.47 -17.94 -18.19 -18.25 -18.03 -17.91 -18.00 -17.78 -17.50 -17.22 -17.00 -17.00 -16.84 -16.66 -16.50 -16.25 -15.78 -15.53 -15.38 -15.53 -15.50 -15.84 -16.19 -16.19 -16.09 -16.12 -16.59 -16.53 -16.41 -16.34 -16.72 -17.00 -17.16 -17.06 -16.94 -16.91 -17.34 -17.22 -17.12 -17.28 -17.38 -17.31 -17.19 -17.00 -16.78
-15.88 -16.00 -16.34 -16.56 -16.53 -16.97 -16.94 -17.00 -16.62 -16.44 -17.19 -17.84 -18.09 -18.19 -18.25 -18.19 -18.12 -18.19 -18.31 -18.03 -17.91 -17.50 -17.44 -17.66 -17.53 -16.88 -17.25 -18.16 -18.09 -18.56 -18.56 -18.41 -18.28 -17.88 -17.69 -17.53 -16.78 -16.78 -16.84 -16.84 -16.69 -16.53 -16.34 -15.88 -15.72 -15.53 -15.28 -15.19 -15.50 -16.00 -16.06 -16.00 -16.50 -16.59 -16.59 -16.00 -15.91 -16.28 -16.69 -16.78 -16.50 -16.72 -16.91 -17.28 -16.84 -16.75 -17.03 -17.25 -17.25 -17.09 -16.94 -16.75
-16.12 -16.47 -16.75 -17.09 -17.22 -17.41 -17.53 -17.59 -17.44 -16.88 -17.56 -18.19 -18.28 -18.34 -18.28 -18.28 -18.34 -18.34 -18.50 -18.66 -18.75 -18.53 -18.22 -18.25 -18.03 -17.62 -17.84 -18.47 -18.22 -18.34 -18.50 -18.38 -18.03 -17.38 -17.28 -16.88 -16.66 -16.81 -16.88 -16.81 -16.66 -16.53 -16.34 -16.00 -16.09 -15.81 -15.41 -15.19 -15.09 -15.59 -15.84 -16.00 -16.28 -16.38 -16.22 -15.75 -16.00 -16.25 -16.25 -15.97 -16.00 -16.69 -16.97 -17.12 -17.00 -16.53 -16.94 -17.09 -16.97 -16.78 -16.78 -16.66
-16.50 -16.81 -17.03 -17.31 -17.56 -17.75 -17.88 -18.00 -18.06 -17.94 -18.19 -18.53 -18.59 -18.50 -18.28 -18.22 -18.34 -18.47 -18.72 -19.00 -19.16 -19.16 -19.00 -18.97 -18.50 -17.72 -18.47 -18.47 -18.00 -18.06 -18.25 -18.12 -17.56 -17.22 -17.22 -16.88 -16.56 -16.78 -16.88 -16.69 -16.59 -16.47 -16.38 -16.25 -16.19 -16.06 -15.56 -15.34 -15.31 -15.19 -15.44 -15.53 -16.03 -16.31 -16.03 -15.94 -16.12 -16.47 -15.94 -15.22 -15.59 -16.47 -16.78 -17.00 -17.06 -16.88 -16.81 -16.81 -16.53 -16.41 -16.56 -16.53
-16.94 -16.97 -17.44 -17.72 -17.88 -17.88 -18.03 -18.09 -18.12 -18.41 -18.66 -18.62 -18.81 -18.56 -18.34 -18.34 -18.44 -18.72 -19.03 -19.25 -19.34 -19.34 -19.28 -19.12 -18.59 -18.56 -18.81 -18.19 -17.41 -18.00 -18.19 -17.97 -17.47 -17.16 -17.12 -16.91 -16.66 -16.75 -16.75 -16.62 -16.50 -16.41 -16.31 -16.25 -16.19 -16.06 -15.81 -15.78 -15.62 -15.50 -15.34 -15.16 -15.69 -16.12 -16.22 -16.03 -16.03 -16.38 -15.97 -15.22 -15.53 -15.94 -16.22 -16.59 -16.91 -16.91 -16.84 -16.78 -16.06 -15.94 -16.28 -16.41
-17.31 -17.31 -17.59 -17.88 -18.09 -18.09 -18.16 -18.41 -18.47 -18.50 -18.69 -18.81 -18.69 -18.72 -18.62 -18.38 -18.47 -18.78 -19.19 -19.38 -19.47 -19.38 -19.28 -19.00 -18.78 -18.78 -18.12 -17.03 -17.38 -17.88 -18.03 -17.69 -17.38 -17.19 -17.16 -16.81 -16.75 -16.75 -16.62 -16.50 -16.38 -16.25 -16.22 -16.09 -16.09 -16.06 -16.03 -15.91 -15.94 -15.72 -15.25 -15.12 -15.12 -15.66 -15.97 -16.06 -16.22 -16.03 -15.41 -15.25 -16.09 -16.06 -15.94 -16.19 -16.50 -16.59 -16.62 -16.59 -16.25 -15.78 -16.34 -16.22
-17.59 -17.66 -17.84 -17.91 -18.06 -18.09 -18.22 -18.53 -18.78 -18.72 -18.75 -18.84 -18.59 -18.72 -18.66 -18.91 -19.03 -19.25 -19.19 -19.38 -19.47 -19.31 -19.12 -18.66 -18.47 -18.41 -16.84 -16.56 -17.28 -17.75 -17.53 -17.31 -17.25 -17.19 -17.06 -16.84 -16.69 -16.59 -16.47 -16.34 -16.12 -15.84 -15.78 -15.75 -15.81 -15.97 -16.03 -16.00 -16.00 -15.91 -15.25 -15.09 -15.00 -15.09 -15.69 -16.03 -16.25 -16.19 -15.66 -15.62 -16.16 -16.34 -16.12 -15.66 -15.84 -16.06 -16.22 -16.34 -16.38 -16.16 -16.16 -16.03
-17.75 -18.06 -18.00 -17.75 -17.81 -18.03 -18.34 -18.59 -18.66 -18.56 -18.62 -18.59 -18.75 -19.16 -19.44 -19.41 -19.66 -19.38 -19.06 -19.16 -19.25 -19.12 -18.91 -18.38 -18.28 -17.69 -16.72 -16.94 -17.19 -17.22 -16.81 -16.59 -16.91 -17.03 -16.88 -16.66 -16.53 -16.41 -16.25 -16.03 -15.78 -15.56 -15.50 -15.53 -15.69 -15.81 -15.81 -15.91 -15.91 -15.81 -15.22 -15.16 -15.00 -15.16 -15.59 -15.97 -16.22 -16.25 -16.06 -15.94 -15.94 -16.28 -15.72 -15.66 -15.69 -15.56 -15.56 -15.94 -16.19 -16.09 -16.00 -15.84
-17.84 -18.09 -17.94 -17.12 -17.44 -17.91 -18.47 -18.84 -18.78 -18.53 -18.72 -18.72 -18.84 -19.53 -19.59 -19.66 -19.72 -19.50 -19.00 -18.91 -18.84 -18.88 -18.72 -18.28 -18.44 -17.94 -17.22 -16.94 -16.59 -16.69 -16.59 -16.31 -16.56 -16.88 -16.66 -16.47 -16.34 -16.22 -16.06 -15.78 -15.50 -15.47 -15.53 -15.50 -15.31 -15.28 -15.38 -15.50 -15.78 -15.66 -15.38 -15.28 -15.38 -15.31 -15.59 -15.81 -15.97 -16.06 -16.16 -16.06 -16.06 -15.94 -15.44 -15.66 -15.88 -15.62 -15.34 -15.81 -16.00 -15.91 -15.78 -15.62
-17.69 -18.03 -17.66 -16.75 -17.25 -17.94 -18.44 -18.84 -18.81 -18.84 -19.38 -18.75 -19.06 -19.38 -19.41 -19.50 -19.47 -18.94 -18.59 -19.06 -18.69 -18.50 -18.53 -18.38 -18.22 -17.97 -17.56 -17.09 -16.50 -16.56 -16.81 -16.22 -16.34 -16.62 -16.41 -16.25 -16.12 -16.00 -15.91 -15.69 -15.50 -15.44 -15.50 -15.28 -15.06 -14.97 -15.09 -15.31 -15.50 -15.56 -15.62 -15.59 -15.69 -15.50 -15.19 -15.19 -15.09 -15.28 -15.59 -15.84 -15.97 -15.97 -15.69 -15.16 -15.72 -15.81 -15.78 -15.81 -15.78 -15.69 -15.59 -15.44
-17.38 -17.34 -16.81 -16.44 -17.19 -17.94 -18.56 -19.12 -18.84 -19.03 -18.91 -18.72 -19.41 -19.66 -19.19 -19.06 -18.88 -17.97 -18.28 -19.06 -19.00 -18.16 -18.47 -18.22 -18.03 -17.84 -17.81 -17.44 -16.69 -16.66 -16.91 -16.56 -16.41 -16.38 -16.19 -16.03 -15.91 -15.81 -15.75 -15.59 -15.53 -15.47 -15.28 -15.03 -14.94 -15.00 -15.12 -15.19 -15.25 -15.44 -15.44 -15.59 -15.50 -15.28 -15.06 -15.03 -15.03 -14.97 -15.12 -15.31 -15.38 -15.81 -15.53 -15.44 -15.56 -15.75 -15.72 -15.66 -15.59 -15.50 -15.38 -15.25
-17.09 -17.06 -16.31 -16.81 -17.66 -18.00 -18.81 -18.78 -18.84 -19.44 -19.12 -19.06 -19.06 -19.66 -19.41 -18.50 -18.19 -17.72 -18.25 -18.97 -18.72 -18.25 -18.16 -18.03 -17.81 -17.88 -17.75 -17.50 -16.94 -16.81 -16.78 -16.56 -16.31 -16.16 -15.97 -15.81 -15.72 -15.62 -15.56 -15.53 -15.47 -15.22 -15.16 -15.00 -14.91 -15.12 -15.16 -15.06 -14.81 -14.88 -14.97 -15.16 -15.38 -15.34 -15.19 -15.31 -15.44 -15.12 -14.94 -14.50 -14.53 -15.06 -15.47 -15.50 -15.50 -15.50 -15.53 -15.47 -15.38 -15.28 -15.19 -15.03
-17.16 -16.84 -16.56 -18.22 -18.50 -19.19 -19.25 -18.97 -19.50 -19.34 -19.34 -18.88 -18.38 -19.34 -18.97 -18.59 -18.28 -18.53 -18.44 -18.50 -18.12 -17.66 -17.69 -17.78 -17.75 -17.75 -17.56 -17.28 -17.00 -16.75 -16.56 -16.34 -16.12 -15.94 -15.75 -15.59 -15.50 -15.44 -15.41 -15.38 -15.31 -15.28 -15.19 -15.09 -15.03 -15.03 -15.03 -14.69 -14.47 -14.44 -14.62 -15.06 -15.25 -15.31 -15.38 -15.41 -15.44 -14.97 -14.38 -14.38 -13.91 -14.34 -14.72 -14.84 -15.03 -15.22 -15.31 -15.25 -15.19 -15.09 -15.00 -14.88
-18.03 -17.72 -18.59 -19.16 -19.41 -19.56 -19.22 -19.25 -19.09 -19.25 -19.34 -18.75 -18.69 -19.19 -18.62 -18.69 -19.03 -19.12 -18.47 -18.41 -18.19 -17.62 -17.44 -17.56 -17.44 -17.44 -17.38 -17.12 -16.88 -16.62 -16.38 -16.12 -15.91 -15.72 -15.53 -15.41 -15.31 -15.25 -15.22 -15.22 -15.19 -15.19 -15.16 -15.09 -14.88 -14.94 -14.78 -14.47 -14.44 -14.41 -14.62 -14.88 -15.00 -15.16 -15.19 -15.22 -15.09 -14.69 -14.53 -14.72 -14.56 -14.53 -14.41 -14.31 -14.16 -14.75 -15.12 -15.00 -14.91 -14.91 -14.81 -14.69
-18.78 -19.22 -19.53 -19.75 -19.97 -19.44 -19.34 -19.25 -18.66 -19.03 -19.41 -19.28 -19.25 -19.78 -19.31 -18.41 -19.31 -19.47 -19.22 -18.91 -18.53 -17.75 -17.62 -17.47 -17.16 -17.16 -17.22 -16.94 -16.69 -16.44 -16.19 -15.97 -15.75 -15.53 -15.38 -15.22 -15.12 -15.09 -15.06 -15.06 -15.03 -15.03 -15.03 -15.00 -14.97 -14.88 -14.75 -14.59 -14.50 -14.47 -14.47 -14.50 -14.59 -14.97 -15.09 -14.69 -14.62 -14.75 -14.94 -15.12 -15.06 -14.94 -14.78 -14.09 -13.94 -14.16 -14.47 -14.41 -14.56 -14.66 -14.66 -14.53
-19.66 -19.81 -19.88 -20.06 -19.84 -19.19 -19.50 -19.75 -19.34 -18.91 -19.88 -20.06 -19.50 -20.00 -19.69 -19.44 -19.47 -19.53 -19.28 -19.00 -18.69 -18.19 -17.94 -17.66 -17.03 -17.00 -17.03 -16.75 -16.50 -16.25 -16.03 -15.78 -15.59 -15.38 -15.22 -15.06 -14.97 -14.91 -14.91 -14.88 -14.88 -14.88 -14.91 -14.91 -14.91 -14.91 -14.75 -14.75 -14.75 -14.53 -14.41 -14.31 -14.47 -14.62 -14.75 -14.84 -14.47 -14.81 -14.91 -15.03 -15.03 -15.00 -14.91 -14.72 -14.03 -13.91 -13.75 -13.62 -14.06 -14.44 -14.47 -14.38
-19.53 -19.66 -19.72 -19.72 -19.91 -19.62 -19.28 -20.03 -19.97 -19.81 -20.00 -19.78 -19.78 -20.09 -20.12 -19.84 -19.66 -19.41 -19.16 -18.88 -18.59 -18.28 -17.97 -17.66 -17.25 -17.00 -16.84 -16.59 -16.34 -16.09 -15.88 -15.66 -15.44 -15.25 -15.09 -14.94 -14.84 -14.78 -14.75 -14.75 -14.75 -14.75 -14.75 -14.78 -14.78 -14.78 -14.78 -14.81 -14.50 -14.72 -14.56 -14.41 -14.12 -14.19 -14.16 -14.19 -14.31 -14.53 -14.41 -14.47 -14.66 -14.88 -14.84 -14.75 -14.44 -14.09 -13.69 -13.62 -13.91 -14.22 -14.28 -14.16
-19.31 -19.62 -19.72 -19.59 -19.78 -19.59 -19.41 -19.88 -20.12 -19.91 -19.66 -19.59 -19.66 -19.97 -20.09 -19.88 -19.59 -19.31 -19.03 -18.75 -18.44 -18.16 -17.84 -17.53 -17.25 -16.97 -16.69 -16.44 -16.19 -15.94 -15.72 -15.50 -15.31 -15.12 -14.97 -14.84 -14.72 -14.66 -14.62 -14.59 -14.62 -14.62 -14.62 -14.59 -14.56 -14.53 -14.62 -14.62 -14.66 -14.72 -14.69 -14.66 -14.28 -13.97 -13.81 -13.84 -13.84 -14.28 -14.44 -14.06 -14.38 -14.59 -14.69 -14.66 -14.50 -14.31 -14.19 -14.00 -14.16 -14.19 -14.03 -13.75
-19.56 -19.75 -19.72 -19.62 -19.47 -19.66 -19.56 -19.56 -19.62 -19.34 -19.59 -20.00 -19.88 -20.12 -20.06 -19.78 -19.34 -19.19 -18.91 -18.62 -18.31 -18.00 -17.69 -17.41 -17.09 -16.81 -16.56 -16.28 -16.03 -15.81 -15.59 -15.38 -15.19 -15.03 -14.88 -14.72 -14.62 -14.53 -14.50 -14.50 -14.50 -14.50 -14.50 -14.50 -14.38 -14.31 -14.41 -14.53 -14.59 -14.62 -14.66 -14.66 -14.59 -14.16 -13.94 -13.69 -13.44 -13.94 -14.00 -13.94 -14.06 -14.34 -14.34 -14.41 -14.41 -14.41 -14.34 -14.25 -14.22 -14.09 -13.84 -13.50
-19.78 -19.50 -19.44 -19.41 -20.00 -20.28 -19.97 -20.09 -20.09 -19.88 -20.03 -20.44 -20.41 -20.09 -19.94 -19.34 -18.75 -18.44 -18.47 -18.41 -18.19 -17.88 -17.56 -17.25 -16.94 -16.66 -16.41 -16.16 -15.91 -15.69 -15.47 -15.28 -15.09 -14.94 -14.78 -14.66 -14.53 -14.47 -14.41 -14.38 -14.38 -14.41 -14.41 -14.38 -14.16 -14.03 -14.12 -14.28 -14.34 -14.44 -14.53 -14.56 -14.53 -14.44 -14.22 -13.81 -13.50 -13.59 -13.41 -13.47 -13.94 -14.12 -13.91 -13.91 -14.09 -14.28 -14.28 -14.25 -14.19 -14.06 -13.84 -13.75
-20.09 -19.91 -20.16 -20.28 -20.81 -21.09 -21.00 -20.75 -20.91 -20.41 -20.09 -19.97 -19.72 -19.50 -19.25 -19.22 -18.44 -18.03 -17.81 -17.78 -18.03 -17.72 -17.41 -17.06 -16.78 -16.53 -16.28 -16.00 -15.78 -15.56 -15.34 -15.16 -15.00 -14.84 -14.69 -14.56 -14.47 -14.41 -14.31 -14.28 -14.28 -14.28 -14.31 -14.28 -14.19 -14.00 -13.91 -14.00 -14.06 -14.19 -14.34 -14.44 -14.47 -14.44 -14.34 -14.19 -13.81 -13.44 -13.19 -13.34 -13.88 -14.03 -13.91 -13.69 -13.97 -14.16 -14.22 -14.19 -14.16 -14.09 -14.00 -13.97
-20.44 -20.66 -21.12 -21.28 -21.47 -21.44 -21.03 -20.59 -20.53 -20.62 -20.09 -19.81 -19.56 -18.91 -18.91 -18.66 -18.31 -18.25 -17.75 -17.56 -17.69 -17.59 -17.28 -16.84 -16.59 -16.41 -16.16 -15.91 -15.66 -15.44 -15.25 -15.06 -14.91 -14.75 -14.62 -14.50 -14.41 -14.34 -14.28 -14.22 -14.22 -14.22 -14.22 -14.25 -14.19 -14.00 -13.84 -13.81 -13.81 -13.91 -14.12 -14.28 -14.34 -14.34 -14.34 -14.28 -14.03 -13.44 -13.28 -13.50 -13.81 -13.91 -13.72 -13.56 -13.81 -14.06 -14.16 -14.12 -14.12 -14.09 -14.06 -14.03
-21.41 -21.41 -21.66 -21.72 -21.72 -21.59 -21.28 -20.34 -19.88 -19.94 -20.00 -20.25 -19.72 -19.41 -19.03 -18.56 -18.12 -18.19 -18.22 -17.81 -17.69 -17.41 -17.00 -16.28 -16.28 -16.28 -16.06 -15.81 -15.56 -15.34 -15.16 -14.97 -14.81 -14.69 -14.56 -14.47 -14.38 -14.28 -14.22 -14.19 -14.19 -14.16 -14.19 -14.19 -14.19 -14.19 -14.03 -14.03 -13.75 -13.62 -13.84 -14.03 -14.09 -14.16 -14.22 -14.16 -13.91 -13.66 -13.69 -13.75 -13.81 -13.75 -13.53 -13.50 -13.78 -14.03 -14.09 -14.09 -14.09 -14.03 -14.00 -13.97
-21.94 -21.78 -21.72 -21.69 -21.62 -21.31 -21.12 -20.62 -19.91 -19.66 -19.78 -20.28 -20.25 -19.62 -19.09 -18.94 -18.31 -18.16 -18.22 -17.84 -17.16 -17.00 -16.66 -15.84 -15.84 -16.22 -15.97 -15.72 -15.47 -15.28 -15.06 -14.91 -14.75 -14.62 -14.50 -14.41 -14.31 -14.25 -14.19 -14.16 -14.16 -14.16 -14.12 -14.16 -14.16 -14.16 -14.16 -14.09 -13.84 -13.66 -13.75 -13.84 -13.84 -13.97 -14.06 -14.06 -13.88 -13.78 -13.84 -13.84 -13.69 -13.59 -13.44 -13.47 -13.84 -14.03 -14.09 -14.06 -14.06 -13.97 -13.88 -13.88
-22.00 -21.84 -21.59 -21.56 -21.53 -21.09 -20.97 -20.41 -19.66 -19.84 -19.66 -19.91 -20.28 -19.72 -18.28 -18.19 -18.22 -18.00 -17.81 -17.62 -16.75 -16.62 -16.62 -16.25 -16.12 -16.09 -15.88 -15.62 -15.41 -15.19 -15.00 -14.84 -14.69 -14.56 -14.44 -14.34 -14.28 -14.22 -14.16 -14.16 -14.12 -14.12 -14.12 -14.12 -14.12 -14.09 -14.09 -14.06 -14.03 -13.88 -13.84 -13.69 -13.59 -13.72 -13.91 -13.97 -13.91 -13.84 -13.81 -13.69 -13.56 -13.50 -13.50 -13.66 -13.91 -14.00 -14.03 -14.03 -13.97 -13.88 -13.75 -13.78
-21.94 -21.88 -21.53 -21.50 -21.31 -20.69 -20.78 -20.44 -19.44 -19.75 -19.72 -19.66 -19.53 -19.03 -18.31 -17.72 -18.50 -18.38 -18.06 -17.56 -17.16 -16.97 -16.84 -16.53 -16.31 -16.03 -15.78 -15.53 -15.31 -15.12 -14.94 -14.78 -14.62 -14.53 -14.41 -14.31 -14.25 -14.19 -14.16 -14.12 -14.12 -14.12 -14.12 -14.12 -14.09 -14.03 -13.97 -13.81 -13.81 -14.03 -13.94 -13.81 -13.53 -13.56 -13.81 -13.97 -13.94 -13.88 -13.75 -13.59 -13.50 -13.56 -13.69 -13.81 -13.84 -13.88 -13.91 -13.91 -13.78 -13.66 -13.66 -13.72
-21.78 -21.75 -21.53 -21.62 -21.38 -20.66 -20.41 -20.34 -20.56 -20.16 -20.25 -20.00 -19.25 -19.00 -18.44 -18.00 -18.47 -18.53 -18.25 -17.84 -17.47 -17.22 -16.88 -16.56 -16.28 -16.00 -15.72 -15.50 -15.25 -15.06 -14.88 -14.72 -14.59 -14.47 -14.38 -14.28 -14.22 -14.19 -14.12 -14.12 -14.12 -14.12 -14.12 -14.09 -14.09 -14.03 -13.88 -13.66 -13.69 -13.94 -13.97 -13.75 -13.53 -13.56 -13.81 -13.97 -13.97 -13.84 -13.66 -13.50 -13.50 -13.62 -13.75 -13.75 -13.62 -13.66 -13.75 -13.66 -13.38 -13.28 -13.44 -13.69
-21.78 -21.75 -21.94 -21.84 -21.59 -21.22 -20.59 -20.69 -20.72 -20.59 -20.44 -20.00 -19.31 -19.03 -18.75 -18.47 -18.69 -18.56 -18.22 -17.88 -17.50 -17.19 -16.84 -16.53 -16.25 -15.97 -15.72 -15.47 -15.25 -15.03 -14.84 -14.69 -14.56 -14.44 -14.34 -14.28 -14.19 -14.16 -14.12 -14.12 -14.12 -14.12 -14.12 -14.12 -14.09 -14.06 -13.84 -13.66 -13.84 -13.88 -13.72 -13.47 -13.50 -13.66 -13.88 -13.91 -13.88 -13.75 -13.56 -13.41 -13.50 -13.62 -13.69 -13.53 -13.47 -13.59 -13.62 -13.34 -12.91 -12.81 -13.19 -13.59
-22.03 -22.03 -22.12 -21.97 -21.66 -21.28 -20.97 -21.00 -20.94 -20.88 -20.66 -20.06 -19.56 -19.44 -19.09 -18.50 -18.78 -18.56 -18.22 -17.84 -17.50 -17.19 -16.88 -16.53 -16.25 -15.97 -15.72 -15.47 -15.22 -15.03 -14.84 -14.66 -14.53 -14.41 -14.31 -14.25 -14.19 -14.16 -14.12 -14.12 -14.12 -14.12 -14.12 -14.12 -14.09 -14.09 -14.03 -13.94 -13.94 -13.81 -13.53 -13.31 -13.41 -13.66 -13.75 -13.66 -13.56 -13.50 -13.41 -13.34 -13.44 -13.56 -13.59 -13.47 -13.47 -13.59 -13.50 -13.06 -12.62 -12.59 -13.09 -13.56
