everonasctiles/Tile[32,36].asc
ncols 128
nrows 128
xllcorner 0
yllcorner 0
cellsize 2.0
NODATA_value  -9999
[rows 96 to 127 of 128, columns 0 to 70 of 128]
-37.22 -36.81 -36.41 -36.00 -35.53 -35.03 -34.50 -33.94 -33.38 -32.91 -32.50 -32.16 -31.88 -31.56 -31.34 -31.16 -30.97 -30.78 -30.56 -30.34 -30.16 -30.00 -29.88 -29.81 -29.66 -29.44 -29.28 -29.09 -28.97 -28.81 -28.69 -28.50 -28.41 -28.34 -28.16 -27.94 -27.78 -27.69 -27.47 -27.16 -26.75 -26.38 -26.00 -25.84 -25.72 -25.75 -26.00 -26.16 -26.31 -26.44 -26.62 -26.97 -27.16 -27.38 -27.41 -27.62 -27.84 -27.75 -27.91 -28.22 -28.41 -28.56 -28.66 -28.75 -28.88 -28.97 -29.03 -29.03 -29.16 -29.25 -29.25
-37.34 -36.94 -36.50 -36.06 -35.59 -35.06 -34.50 -33.94 -33.41 -32.97 -32.66 -32.34 -31.97 -31.81 -31.62 -31.44 -31.19 -31.00 -30.75 -30.53 -30.31 -30.19 -30.09 -29.97 -29.78 -29.56 -29.34 -29.09 -28.91 -28.91 -28.75 -28.59 -28.47 -28.31 -28.16 -28.03 -27.91 -27.69 -27.47 -27.19 -26.75 -26.44 -26.12 -25.94 -25.81 -25.81 -25.97 -26.09 -26.38 -26.50 -26.62 -26.91 -27.12 -27.34 -27.47 -27.56 -27.69 -27.78 -27.97 -28.03 -28.31 -28.44 -28.56 -28.66 -28.75 -28.84 -28.94 -28.94 -29.06 -29.12 -29.31
-37.47 -37.06 -36.62 -36.16 -35.66 -35.12 -34.59 -34.09 -33.59 -33.28 -32.97 -32.66 -32.34 -32.06 -31.91 -31.62 -31.41 -31.19 -30.97 -30.72 -30.53 -30.41 -30.22 -30.06 -29.84 -29.62 -29.47 -29.25 -29.06 -28.97 -28.81 -28.72 -28.50 -28.34 -28.22 -28.09 -27.94 -27.75 -27.53 -27.25 -26.69 -26.38 -26.19 -26.06 -25.94 -25.84 -26.00 -26.09 -26.31 -26.66 -26.81 -26.91 -27.12 -27.19 -27.34 -27.53 -27.62 -27.81 -27.94 -28.03 -28.22 -28.41 -28.47 -28.47 -28.56 -28.56 -28.66 -28.84 -28.88 -29.06 -29.19
-37.59 -37.19 -36.75 -36.25 -35.78 -35.25 -34.75 -34.28 -33.88 -33.53 -33.22 -32.94 -32.66 -32.41 -32.12 -31.88 -31.66 -31.34 -31.16 -30.94 -30.69 -30.53 -30.31 -30.09 -29.91 -29.72 -29.47 -29.31 -29.16 -29.00 -28.84 -28.75 -28.59 -28.47 -28.31 -28.09 -27.94 -27.75 -27.47 -27.25 -26.53 -26.22 -26.28 -26.12 -26.03 -25.84 -26.00 -26.16 -26.41 -26.69 -26.88 -26.84 -27.00 -27.22 -27.38 -27.47 -27.62 -27.84 -27.88 -28.00 -28.22 -28.28 -28.28 -28.34 -28.47 -28.44 -28.53 -28.66 -28.78 -28.97 -29.03
-37.69 -37.28 -36.84 -36.34 -35.88 -35.41 -34.94 -34.50 -34.12 -33.75 -33.44 -33.16 -32.88 -32.62 -32.38 -32.12 -31.81 -31.62 -31.38 -31.06 -30.84 -30.59 -30.41 -30.22 -29.97 -29.72 -29.53 -29.31 -29.19 -29.03 -28.88 -28.75 -28.66 -28.53 -28.31 -28.16 -27.94 -27.66 -27.38 -27.00 -26.50 -26.16 -26.00 -26.03 -25.94 -25.84 -26.00 -26.19 -26.34 -26.66 -26.88 -26.88 -27.12 -27.31 -27.47 -27.56 -27.69 -27.72 -27.81 -27.97 -28.16 -28.19 -28.22 -28.34 -28.28 -28.22 -28.25 -28.38 -28.59 -28.84 -29.00
-37.78 -37.34 -36.91 -36.44 -35.97 -35.53 -35.09 -34.69 -34.31 -33.97 -33.66 -33.34 -33.06 -32.78 -32.53 -32.28 -32.00 -31.78 -31.56 -31.22 -30.94 -30.69 -30.47 -30.25 -30.00 -29.75 -29.53 -29.41 -29.22 -29.03 -28.91 -28.81 -28.72 -28.50 -28.31 -28.16 -27.91 -27.59 -27.31 -26.78 -26.38 -26.16 -26.03 -25.94 -25.78 -25.75 -25.94 -26.12 -26.28 -26.69 -26.72 -26.75 -26.97 -27.22 -27.31 -27.41 -27.59 -27.69 -27.81 -28.00 -28.00 -28.09 -28.09 -28.06 -27.97 -28.00 -28.12 -28.25 -28.53 -28.66 -28.81
-37.84 -37.41 -36.94 -36.50 -36.06 -35.62 -35.22 -34.84 -34.47 -34.12 -33.78 -33.50 -33.19 -32.94 -32.66 -32.41 -32.16 -31.94 -31.62 -31.34 -31.06 -30.75 -30.53 -30.31 -30.00 -29.78 -29.56 -29.41 -29.25 -29.06 -28.91 -28.81 -28.72 -28.50 -28.25 -28.06 -27.72 -27.44 -27.09 -26.56 -26.31 -26.06 -25.91 -25.78 -25.75 -25.72 -25.78 -26.03 -26.22 -26.50 -26.59 -26.75 -26.94 -27.09 -27.19 -27.31 -27.44 -27.59 -27.69 -27.81 -27.81 -27.88 -27.84 -27.78 -27.88 -27.97 -28.03 -28.22 -28.47 -28.56 -28.75
-37.84 -37.41 -36.97 -36.56 -36.12 -35.72 -35.34 -34.94 -34.56 -34.22 -33.91 -33.59 -33.31 -33.03 -32.78 -32.53 -32.28 -32.03 -31.75 -31.44 -31.16 -30.78 -30.50 -30.28 -29.97 -29.81 -29.59 -29.38 -29.22 -29.03 -28.81 -28.78 -28.62 -28.41 -28.19 -27.97 -27.66 -27.25 -26.78 -26.31 -26.16 -26.22 -26.00 -25.88 -25.72 -25.81 -25.84 -25.91 -26.22 -26.44 -26.59 -26.66 -26.75 -26.91 -27.12 -27.12 -27.31 -27.38 -27.50 -27.59 -27.66 -27.66 -27.59 -27.59 -27.78 -27.81 -27.97 -28.16 -28.38 -28.56 -28.75
-37.81 -37.38 -36.97 -36.56 -36.16 -35.75 -35.38 -35.00 -34.62 -34.28 -33.97 -33.66 -33.38 -33.12 -32.88 -32.62 -32.34 -32.09 -31.81 -31.47 -31.16 -30.81 -30.50 -30.25 -30.06 -29.81 -29.53 -29.38 -29.12 -28.97 -28.75 -28.62 -28.44 -28.28 -27.97 -27.75 -27.34 -26.94 -26.69 -26.50 -26.31 -26.22 -26.06 -25.94 -25.88 -25.88 -25.88 -25.91 -26.19 -26.44 -26.53 -26.75 -26.91 -26.91 -27.03 -27.16 -27.16 -27.38 -27.44 -27.41 -27.47 -27.41 -27.44 -27.62 -27.72 -27.78 -27.97 -28.16 -28.34 -28.50 -28.62
-37.75 -37.34 -36.94 -36.53 -36.12 -35.75 -35.38 -35.00 -34.62 -34.28 -34.00 -33.72 -33.44 -33.19 -32.94 -32.66 -32.41 -32.12 -31.81 -31.50 -31.22 -30.91 -30.56 -30.25 -30.00 -29.81 -29.53 -29.34 -29.12 -28.94 -28.62 -28.38 -28.25 -28.12 -27.72 -27.44 -27.03 -26.78 -26.69 -26.44 -26.28 -26.12 -26.00 -25.97 -25.88 -25.97 -25.91 -25.97 -26.12 -26.34 -26.56 -26.72 -26.84 -27.06 -27.03 -27.09 -27.22 -27.28 -27.34 -27.34 -27.38 -27.41 -27.34 -27.44 -27.44 -27.75 -27.91 -28.12 -28.25 -28.47 -28.56
-37.72 -37.31 -36.91 -36.50 -36.12 -35.72 -35.34 -34.97 -34.62 -34.31 -34.03 -33.78 -33.53 -33.28 -33.00 -32.69 -32.41 -32.09 -31.78 -31.44 -31.09 -30.81 -30.47 -30.22 -29.94 -29.75 -29.50 -29.28 -29.03 -28.84 -28.53 -28.28 -28.19 -27.91 -27.66 -27.28 -27.03 -26.81 -26.56 -26.47 -26.25 -26.09 -26.03 -26.03 -26.06 -26.00 -26.00 -26.06 -26.22 -26.34 -26.56 -26.78 -26.84 -26.91 -26.97 -27.09 -27.16 -27.22 -27.34 -27.44 -27.28 -27.31 -27.31 -27.38 -27.38 -27.69 -27.88 -28.09 -28.25 -28.34 -28.41
-37.75 -37.38 -36.97 -36.59 -36.19 -35.81 -35.44 -35.06 -34.75 -34.47 -34.22 -33.97 -33.69 -33.41 -33.06 -32.75 -32.28 -32.00 -31.66 -31.28 -30.97 -30.62 -30.22 -29.97 -29.91 -29.66 -29.50 -29.22 -29.03 -28.78 -28.56 -28.34 -28.19 -27.91 -27.62 -27.41 -27.09 -26.91 -26.78 -26.47 -26.34 -26.22 -26.12 -26.12 -26.09 -26.09 -26.19 -26.22 -26.22 -26.28 -26.66 -26.75 -26.94 -27.00 -27.09 -27.09 -27.19 -27.22 -27.28 -27.31 -27.28 -27.34 -27.34 -27.41 -27.56 -27.75 -27.91 -28.06 -28.16 -28.25 -28.31
-37.91 -37.53 -37.16 -36.78 -36.41 -36.03 -35.69 -35.34 -35.03 -34.75 -34.50 -34.22 -33.91 -33.56 -33.19 -32.72 -32.31 -32.03 -31.59 -31.16 -30.88 -30.53 -30.22 -29.97 -29.78 -29.69 -29.47 -29.22 -29.03 -28.88 -28.69 -28.47 -28.22 -28.03 -27.69 -27.44 -27.28 -27.12 -26.84 -26.62 -26.62 -26.59 -26.53 -26.50 -26.47 -26.41 -26.28 -26.31 -26.31 -26.41 -26.66 -26.78 -26.94 -26.97 -27.16 -27.22 -27.25 -27.31 -27.34 -27.31 -27.31 -27.50 -27.53 -27.56 -27.59 -27.78 -27.91 -27.97 -28.09 -28.22 -28.28
-38.09 -37.72 -37.38 -37.00 -36.66 -36.31 -35.97 -35.66 -35.38 -35.06 -34.78 -34.47 -34.12 -33.75 -33.38 -32.84 -32.44 -32.12 -31.66 -31.09 -30.78 -30.62 -30.31 -30.12 -29.97 -29.84 -29.56 -29.38 -29.09 -29.03 -28.81 -28.47 -28.28 -28.12 -27.75 -27.56 -27.28 -27.28 -27.12 -26.97 -26.94 -26.94 -26.75 -26.69 -26.66 -26.69 -26.59 -26.59 -26.53 -26.62 -26.78 -26.91 -27.00 -27.09 -27.16 -27.25 -27.31 -27.44 -27.47 -27.38 -27.50 -27.62 -27.69 -27.69 -27.78 -27.84 -27.88 -28.00 -28.06 -28.16 -28.22
-38.31 -37.97 -37.62 -37.28 -36.94 -36.62 -36.31 -36.00 -35.69 -35.38 -35.06 -34.72 -34.34 -33.97 -33.56 -33.16 -32.69 -32.31 -31.78 -31.31 -31.03 -30.91 -30.69 -30.50 -30.25 -30.06 -29.88 -29.66 -29.41 -29.19 -28.88 -28.69 -28.31 -28.28 -28.09 -27.91 -27.62 -27.44 -27.47 -27.38 -27.12 -27.06 -27.03 -26.81 -26.84 -26.88 -26.88 -26.78 -26.62 -26.72 -26.78 -26.94 -27.03 -27.12 -27.19 -27.31 -27.28 -27.47 -27.53 -27.59 -27.78 -27.78 -27.81 -27.84 -27.88 -27.91 -27.91 -27.94 -28.03 -28.03 -28.22
-38.53 -38.22 -37.88 -37.56 -37.22 -36.94 -36.62 -36.31 -36.00 -35.69 -35.34 -34.97 -34.59 -34.19 -33.81 -33.41 -33.03 -32.59 -32.06 -31.69 -31.47 -31.22 -31.09 -30.84 -30.66 -30.44 -30.19 -29.97 -29.78 -29.44 -29.19 -28.88 -28.66 -28.53 -28.38 -28.28 -28.06 -27.88 -27.88 -27.72 -27.59 -27.38 -27.19 -27.12 -27.00 -26.88 -26.94 -26.91 -26.91 -26.88 -26.81 -26.91 -27.03 -27.16 -27.19 -27.31 -27.38 -27.53 -27.56 -27.69 -27.84 -27.84 -27.94 -27.97 -27.97 -27.97 -28.00 -27.91 -27.91 -28.03 -28.16
-38.78 -38.47 -38.16 -37.84 -37.53 -37.25 -36.94 -36.62 -36.31 -35.97 -35.59 -35.22 -34.84 -34.44 -34.06 -33.66 -33.25 -32.88 -32.44 -32.09 -31.84 -31.59 -31.44 -31.09 -31.00 -30.84 -30.56 -30.38 -29.97 -29.78 -29.56 -29.28 -29.03 -28.75 -28.69 -28.44 -28.38 -28.22 -28.19 -28.00 -27.84 -27.62 -27.50 -27.44 -27.22 -27.03 -27.00 -26.94 -27.09 -27.03 -26.88 -26.94 -27.06 -27.12 -27.16 -27.31 -27.41 -27.53 -27.62 -27.78 -27.88 -27.91 -28.03 -28.09 -28.06 -27.97 -27.97 -27.94 -27.91 -28.12 -28.25
-39.06 -38.75 -38.44 -38.16 -37.84 -37.53 -37.25 -36.91 -36.56 -36.22 -35.88 -35.50 -35.09 -34.69 -34.28 -33.88 -33.53 -33.19 -32.84 -32.53 -32.31 -32.09 -31.88 -31.50 -31.19 -31.09 -30.88 -30.62 -30.38 -30.06 -29.94 -29.69 -29.44 -29.22 -29.00 -28.94 -28.59 -28.53 -28.44 -28.28 -28.03 -27.94 -27.88 -27.69 -27.44 -27.31 -27.22 -27.06 -27.19 -27.03 -26.84 -26.94 -27.06 -27.06 -27.16 -27.28 -27.28 -27.53 -27.62 -27.78 -27.88 -27.97 -28.09 -28.12 -28.06 -28.06 -28.03 -28.00 -28.09 -28.22 -28.31
-39.31 -39.03 -38.72 -38.41 -38.12 -37.81 -37.50 -37.19 -36.84 -36.50 -36.12 -35.75 -35.34 -34.94 -34.53 -34.16 -33.84 -33.53 -33.19 -32.97 -32.69 -32.50 -32.25 -31.94 -31.59 -31.34 -31.22 -30.97 -30.75 -30.38 -30.22 -30.06 -29.84 -29.66 -29.41 -29.25 -29.09 -28.91 -28.78 -28.66 -28.31 -28.09 -27.91 -27.78 -27.75 -27.59 -27.44 -27.25 -27.12 -26.94 -26.81 -26.88 -26.84 -27.00 -27.16 -27.25 -27.34 -27.56 -27.69 -27.84 -27.94 -28.03 -28.16 -28.22 -28.19 -28.16 -28.09 -28.19 -28.25 -28.25 -28.44
-39.56 -39.28 -38.97 -38.69 -38.41 -38.09 -37.78 -37.47 -37.12 -36.78 -36.41 -36.00 -35.59 -35.16 -34.78 -34.47 -34.19 -33.88 -33.59 -33.31 -33.03 -32.81 -32.59 -32.28 -32.00 -31.84 -31.50 -31.31 -31.03 -30.78 -30.56 -30.41 -30.16 -29.88 -29.72 -29.53 -29.38 -29.22 -29.06 -28.84 -28.53 -28.44 -28.16 -28.12 -27.97 -27.78 -27.59 -27.44 -27.25 -27.00 -26.88 -26.81 -26.91 -26.97 -27.12 -27.16 -27.31 -27.47 -27.69 -27.88 -28.00 -28.16 -28.25 -28.34 -28.34 -28.31 -28.19 -28.28 -28.41 -28.50 -28.50
-39.81 -39.53 -39.25 -38.97 -38.69 -38.38 -38.06 -37.72 -37.38 -37.03 -36.66 -36.25 -35.84 -35.47 -35.12 -34.81 -34.53 -34.22 -33.91 -33.59 -33.34 -33.09 -32.91 -32.69 -32.47 -32.25 -31.97 -31.59 -31.28 -31.16 -30.97 -30.69 -30.38 -30.16 -29.94 -29.75 -29.50 -29.44 -29.25 -28.94 -28.72 -28.62 -28.44 -28.34 -28.12 -27.78 -27.69 -27.50 -27.31 -27.12 -27.00 -26.97 -27.06 -27.12 -27.28 -27.28 -27.31 -27.53 -27.72 -28.00 -28.12 -28.28 -28.31 -28.44 -28.50 -28.38 -28.34 -28.47 -28.56 -28.59 -28.59
-40.06 -39.81 -39.53 -39.25 -38.97 -38.66 -38.31 -38.00 -37.66 -37.28 -36.91 -36.53 -36.16 -35.81 -35.47 -35.19 -34.84 -34.53 -34.19 -33.88 -33.62 -33.41 -33.22 -33.00 -32.78 -32.53 -32.22 -31.84 -31.56 -31.38 -31.25 -30.97 -30.59 -30.31 -30.16 -29.97 -29.84 -29.69 -29.34 -29.09 -29.00 -28.81 -28.66 -28.56 -28.28 -27.97 -27.75 -27.56 -27.38 -27.25 -27.00 -26.94 -26.94 -27.16 -27.31 -27.34 -27.31 -27.66 -27.88 -28.12 -28.25 -28.34 -28.41 -28.50 -28.53 -28.56 -28.50 -28.62 -28.72 -28.75 -28.72
-40.34 -40.09 -39.81 -39.53 -39.25 -38.91 -38.59 -38.25 -37.94 -37.56 -37.22 -36.84 -36.47 -36.16 -35.81 -35.50 -35.12 -34.78 -34.47 -34.16 -33.94 -33.72 -33.53 -33.31 -33.06 -32.78 -32.50 -32.06 -31.81 -31.59 -31.34 -31.16 -30.81 -30.44 -30.28 -30.16 -30.09 -29.91 -29.56 -29.25 -29.12 -28.91 -28.81 -28.75 -28.56 -28.28 -28.06 -27.84 -27.66 -27.47 -27.25 -27.03 -27.12 -27.25 -27.34 -27.41 -27.47 -27.69 -27.91 -28.19 -28.31 -28.31 -28.41 -28.56 -28.69 -28.72 -28.72 -28.81 -28.84 -28.94 -28.84
-40.62 -40.38 -40.09 -39.81 -39.50 -39.19 -38.88 -38.56 -38.22 -37.88 -37.50 -37.16 -36.81 -36.47 -36.12 -35.78 -35.41 -35.06 -34.75 -34.47 -34.22 -34.03 -33.81 -33.56 -33.28 -33.00 -32.69 -32.38 -32.03 -31.72 -31.53 -31.34 -31.09 -30.75 -30.44 -30.25 -30.16 -30.03 -29.72 -29.44 -29.31 -29.22 -29.09 -29.03 -28.91 -28.59 -28.31 -28.06 -27.84 -27.59 -27.34 -27.34 -27.38 -27.44 -27.56 -27.53 -27.66 -27.84 -28.09 -28.28 -28.38 -28.38 -28.50 -28.59 -28.69 -28.84 -28.91 -28.97 -28.97 -28.97 -29.03
-40.88 -40.62 -40.38 -40.09 -39.78 -39.47 -39.19 -38.84 -38.50 -38.16 -37.78 -37.44 -37.09 -36.75 -36.41 -36.06 -35.72 -35.38 -35.06 -34.78 -34.53 -34.31 -34.06 -33.78 -33.47 -33.16 -32.88 -32.59 -32.28 -32.03 -31.78 -31.59 -31.28 -31.00 -30.69 -30.56 -30.44 -30.25 -29.91 -29.53 -29.53 -29.41 -29.31 -29.28 -29.06 -28.78 -28.56 -28.22 -27.94 -27.81 -27.66 -27.56 -27.66 -27.78 -27.88 -27.91 -28.06 -28.03 -28.28 -28.38 -28.53 -28.56 -28.62 -28.66 -28.81 -28.97 -29.06 -29.09 -29.09 -29.12 -29.19
-41.12 -40.91 -40.66 -40.38 -40.06 -39.78 -39.47 -39.12 -38.75 -38.41 -38.06 -37.72 -37.38 -37.03 -36.69 -36.34 -36.00 -35.69 -35.38 -35.06 -34.81 -34.53 -34.25 -33.94 -33.62 -33.34 -33.06 -32.78 -32.47 -32.22 -32.00 -31.88 -31.66 -31.28 -30.97 -30.81 -30.66 -30.44 -30.06 -29.88 -29.81 -29.78 -29.59 -29.53 -29.22 -29.06 -28.75 -28.50 -28.31 -28.31 -28.19 -27.97 -28.00 -28.09 -28.12 -28.16 -28.16 -28.25 -28.44 -28.47 -28.66 -28.72 -28.75 -28.69 -29.00 -29.06 -29.06 -29.16 -29.12 -29.25 -29.34
-41.41 -41.19 -40.91 -40.62 -40.34 -40.03 -39.69 -39.34 -38.97 -38.62 -38.31 -37.97 -37.62 -37.28 -36.94 -36.59 -36.28 -35.94 -35.62 -35.31 -35.03 -34.75 -34.44 -34.12 -33.78 -33.50 -33.25 -33.00 -32.78 -32.56 -32.34 -32.16 -31.94 -31.69 -31.38 -31.06 -30.97 -30.69 -30.44 -30.28 -30.16 -30.16 -29.97 -29.88 -29.56 -29.34 -28.91 -28.72 -28.62 -28.72 -28.62 -28.34 -28.34 -28.34 -28.34 -28.41 -28.38 -28.44 -28.66 -28.66 -28.72 -28.84 -28.88 -28.94 -29.09 -29.19 -29.19 -29.22 -29.31 -29.31 -29.41
-41.66 -41.44 -41.16 -40.88 -40.56 -40.25 -39.91 -39.53 -39.22 -38.88 -38.56 -38.22 -37.91 -37.56 -37.22 -36.88 -36.50 -36.16 -35.84 -35.53 -35.25 -34.94 -34.62 -34.31 -34.03 -33.75 -33.50 -33.25 -33.00 -32.78 -32.62 -32.47 -32.25 -32.03 -31.75 -31.50 -31.28 -31.22 -31.03 -30.75 -30.62 -30.41 -30.25 -29.97 -29.72 -29.59 -29.22 -29.16 -29.09 -29.12 -29.00 -28.97 -28.88 -28.66 -28.75 -28.66 -28.75 -28.81 -28.75 -28.72 -28.75 -29.03 -29.06 -29.16 -29.19 -29.28 -29.31 -29.31 -29.38 -29.38 -29.50
-41.91 -41.66 -41.38 -41.09 -40.75 -40.44 -40.09 -39.78 -39.47 -39.16 -38.84 -38.50 -38.16 -37.81 -37.44 -37.09 -36.72 -36.38 -36.03 -35.75 -35.44 -35.12 -34.81 -34.53 -34.25 -34.00 -33.75 -33.50 -33.28 -33.03 -32.91 -32.69 -32.59 -32.38 -32.12 -31.88 -31.75 -31.78 -31.59 -31.41 -31.12 -30.94 -30.62 -30.22 -30.06 -29.84 -29.47 -29.59 -29.41 -29.44 -29.28 -29.31 -29.22 -29.19 -28.97 -28.94 -29.19 -29.12 -29.03 -28.88 -29.06 -29.12 -29.22 -29.25 -29.31 -29.41 -29.31 -29.41 -29.41 -29.50 -29.56
-42.16 -41.91 -41.59 -41.31 -41.00 -40.66 -40.34 -40.03 -39.75 -39.44 -39.12 -38.78 -38.41 -38.06 -37.69 -37.28 -36.91 -36.56 -36.25 -35.94 -35.62 -35.31 -35.03 -34.75 -34.50 -34.22 -34.00 -33.78 -33.56 -33.38 -33.22 -33.00 -32.94 -32.75 -32.59 -32.41 -32.28 -32.25 -32.12 -31.81 -31.69 -31.38 -31.16 -30.94 -30.75 -30.34 -30.06 -29.94 -29.91 -29.91 -29.78 -29.78 -29.72 -29.53 -29.56 -29.59 -29.47 -29.50 -29.41 -29.28 -29.16 -29.22 -29.25 -29.47 -29.44 -29.50 -29.53 -29.53 -29.53 -29.56 -29.59
-42.38 -42.12 -41.84 -41.53 -41.25 -40.94 -40.66 -40.34 -40.06 -39.75 -39.41 -39.06 -38.69 -38.28 -37.88 -37.50 -37.12 -36.75 -36.44 -36.09 -35.81 -35.53 -35.25 -34.97 -34.72 -34.47 -34.25 -34.03 -33.84 -33.69 -33.53 -33.41 -33.28 -33.16 -33.03 -32.91 -32.75 -32.69 -32.59 -32.25 -32.12 -31.81 -31.62 -31.44 -31.19 -31.00 -30.66 -30.62 -30.69 -30.50 -30.47 -30.22 -30.09 -29.97 -30.03 -30.09 -29.94 -29.88 -29.56 -29.53 -29.41 -29.53 -29.59 -29.62 -29.62 -29.69 -29.69 -29.66 -29.59 -29.59 -29.59
-42.59 -42.34 -42.09 -41.81 -41.53 -41.25 -40.97 -40.69 -40.38 -40.06 -39.69 -39.31 -38.91 -38.50 -38.09 -37.69 -37.31 -36.97 -36.62 -36.31 -36.00 -35.72 -35.47 -35.22 -34.97 -34.75 -34.53 -34.34 -34.16 -34.00 -33.88 -33.75 -33.66 -33.53 -33.41 -33.28 -33.12 -33.09 -32.97 -32.78 -32.59 -32.19 -32.12 -32.03 -31.75 -31.53 -31.28 -31.28 -31.25 -31.12 -30.91 -30.69 -30.53 -30.41 -30.50 -30.44 -30.31 -30.09 -29.97 -29.81 -29.59 -29.78 -29.81 -29.84 -29.84 -29.84 -29.81 -29.75 -29.69 -29.62 -29.59
