everonasctiles/Tile3,31.asc
ncols 128
nrows 128
xllcorner 0
yllcorner 0
cellsize 2.0
NODATA_value  -9999
[rows 32 to 63 of 128, columns 0 to 70 of 128]
-55.44 -55.38 -55.31 -55.25 -55.19 -55.12 -55.06 -55.06 -55.06 -55.06 -55.09 -55.12 -55.19 -55.19 -55.22 -55.25 -55.25 -55.28 -55.34 -55.41 -55.47 -55.56 -55.59 -55.62 -55.62 -55.59 -55.56 -55.50 -55.47 -55.47 -55.44 -55.41 -55.34 -55.28 -55.19 -55.12 -55.03 -55.00 -54.97 -54.97 -54.97 -54.94 -54.88 -54.81 -54.75 -54.69 -54.62 -54.53 -54.44 -54.34 -54.25 -54.19 -54.09 -54.03 -54.00 -53.97 -53.97 -53.97 -53.97 -53.94 -53.91 -53.88 -53.81 -53.72 -53.59 -53.44 -53.28 -53.06 -52.84 -52.56 -52.12
-55.47 -55.41 -55.34 -55.28 -55.19 -55.12 -55.06 -55.03 -55.03 -55.03 -55.06 -55.12 -55.16 -55.22 -55.25 -55.25 -55.31 -55.34 -55.41 -55.47 -55.56 -55.62 -55.66 -55.66 -55.66 -55.62 -55.56 -55.53 -55.47 -55.47 -55.44 -55.41 -55.38 -55.31 -55.22 -55.12 -55.03 -54.97 -54.91 -54.91 -54.91 -54.88 -54.84 -54.78 -54.75 -54.69 -54.62 -54.53 -54.47 -54.38 -54.28 -54.16 -54.06 -53.97 -53.94 -53.91 -53.91 -53.94 -53.94 -53.94 -53.94 -53.91 -53.84 -53.75 -53.62 -53.47 -53.31 -53.09 -52.88 -52.50 -52.09
-55.53 -55.44 -55.38 -55.31 -55.25 -55.16 -55.09 -55.06 -55.03 -55.03 -55.09 -55.16 -55.22 -55.25 -55.31 -55.34 -55.41 -55.44 -55.53 -55.59 -55.66 -55.72 -55.75 -55.75 -55.72 -55.66 -55.59 -55.53 -55.50 -55.50 -55.47 -55.47 -55.41 -55.34 -55.25 -55.16 -55.03 -54.94 -54.91 -54.88 -54.84 -54.84 -54.81 -54.78 -54.75 -54.72 -54.66 -54.59 -54.53 -54.44 -54.34 -54.22 -54.12 -54.03 -53.97 -53.94 -53.94 -53.97 -54.00 -54.00 -54.00 -53.97 -53.91 -53.81 -53.72 -53.56 -53.41 -53.22 -52.97 -52.66 -52.38
-55.56 -55.50 -55.44 -55.38 -55.28 -55.22 -55.16 -55.09 -55.06 -55.09 -55.16 -55.22 -55.31 -55.38 -55.41 -55.47 -55.53 -55.59 -55.69 -55.75 -55.81 -55.88 -55.88 -55.84 -55.78 -55.72 -55.66 -55.59 -55.56 -55.56 -55.56 -55.56 -55.50 -55.44 -55.31 -55.19 -55.09 -55.00 -54.91 -54.88 -54.88 -54.88 -54.84 -54.84 -54.81 -54.78 -54.75 -54.69 -54.59 -54.53 -54.44 -54.31 -54.22 -54.12 -54.06 -54.03 -54.03 -54.03 -54.06 -54.09 -54.09 -54.09 -54.03 -53.97 -53.88 -53.72 -53.59 -53.44 -53.25 -53.09 -52.94
-55.62 -55.56 -55.50 -55.44 -55.38 -55.31 -55.25 -55.19 -55.16 -55.16 -55.25 -55.31 -55.41 -55.50 -55.56 -55.62 -55.69 -55.78 -55.88 -55.94 -56.00 -56.03 -56.03 -55.97 -55.91 -55.81 -55.72 -55.66 -55.66 -55.66 -55.69 -55.69 -55.62 -55.53 -55.44 -55.28 -55.16 -55.06 -55.00 -54.97 -54.94 -54.94 -54.94 -54.91 -54.91 -54.88 -54.81 -54.78 -54.69 -54.62 -54.53 -54.44 -54.34 -54.28 -54.22 -54.16 -54.16 -54.16 -54.19 -54.22 -54.22 -54.22 -54.22 -54.16 -54.06 -53.94 -53.81 -53.69 -53.59 -53.53 -53.50
-55.69 -55.66 -55.59 -55.53 -55.47 -55.41 -55.34 -55.31 -55.25 -55.28 -55.34 -55.44 -55.56 -55.66 -55.72 -55.78 -55.88 -55.97 -56.06 -56.12 -56.19 -56.22 -56.19 -56.12 -56.00 -55.91 -55.81 -55.78 -55.81 -55.81 -55.84 -55.84 -55.78 -55.69 -55.56 -55.44 -55.28 -55.19 -55.09 -55.06 -55.03 -55.03 -55.03 -55.00 -54.97 -54.94 -54.91 -54.88 -54.81 -54.75 -54.66 -54.59 -54.50 -54.44 -54.38 -54.31 -54.31 -54.28 -54.31 -54.34 -54.38 -54.41 -54.41 -54.38 -54.28 -54.19 -54.06 -53.97 -53.91 -53.84 -53.84
-55.78 -55.75 -55.69 -55.62 -55.59 -55.53 -55.50 -55.44 -55.41 -55.41 -55.47 -55.59 -55.69 -55.81 -55.88 -55.97 -56.06 -56.16 -56.25 -56.31 -56.38 -56.41 -56.34 -56.25 -56.16 -56.06 -56.00 -55.97 -56.00 -56.03 -56.03 -56.03 -55.97 -55.84 -55.72 -55.59 -55.44 -55.34 -55.25 -55.19 -55.16 -55.12 -55.09 -55.09 -55.06 -55.03 -55.00 -54.97 -54.91 -54.84 -54.81 -54.75 -54.66 -54.59 -54.53 -54.50 -54.47 -54.44 -54.47 -54.53 -54.56 -54.59 -54.59 -54.59 -54.53 -54.44 -54.34 -54.25 -54.19 -54.16 -54.12
-55.91 -55.84 -55.81 -55.75 -55.72 -55.69 -55.62 -55.56 -55.53 -55.56 -55.62 -55.72 -55.84 -55.97 -56.06 -56.16 -56.25 -56.34 -56.44 -56.50 -56.56 -56.56 -56.50 -56.41 -56.31 -56.25 -56.22 -56.22 -56.22 -56.22 -56.25 -56.22 -56.12 -56.03 -55.91 -55.75 -55.62 -55.50 -55.41 -55.34 -55.28 -55.22 -55.19 -55.16 -55.12 -55.09 -55.06 -55.03 -55.00 -54.97 -54.91 -54.88 -54.81 -54.78 -54.72 -54.66 -54.62 -54.62 -54.66 -54.69 -54.75 -54.78 -54.81 -54.78 -54.75 -54.66 -54.59 -54.53 -54.50 -54.44 -54.44
-56.00 -55.97 -55.94 -55.88 -55.84 -55.81 -55.78 -55.72 -55.69 -55.69 -55.75 -55.88 -56.00 -56.12 -56.25 -56.34 -56.44 -56.53 -56.62 -56.69 -56.72 -56.72 -56.66 -56.59 -56.50 -56.47 -56.44 -56.44 -56.47 -56.47 -56.44 -56.41 -56.31 -56.22 -56.09 -55.94 -55.81 -55.69 -55.56 -55.47 -55.41 -55.31 -55.25 -55.19 -55.16 -55.12 -55.12 -55.09 -55.06 -55.06 -55.03 -55.00 -54.97 -54.91 -54.88 -54.81 -54.78 -54.78 -54.81 -54.88 -54.94 -54.97 -55.00 -55.00 -54.97 -54.91 -54.84 -54.81 -54.75 -54.72 -54.72
-56.12 -56.09 -56.06 -56.03 -56.00 -55.97 -55.91 -55.88 -55.84 -55.81 -55.88 -56.00 -56.12 -56.28 -56.41 -56.50 -56.62 -56.72 -56.81 -56.88 -56.91 -56.88 -56.84 -56.78 -56.72 -56.69 -56.69 -56.69 -56.69 -56.69 -56.66 -56.59 -56.50 -56.38 -56.25 -56.09 -55.97 -55.84 -55.72 -55.59 -55.50 -55.41 -55.31 -55.25 -55.19 -55.16 -55.12 -55.12 -55.12 -55.12 -55.12 -55.09 -55.09 -55.03 -55.00 -54.97 -54.94 -54.94 -55.00 -55.06 -55.12 -55.16 -55.19 -55.19 -55.16 -55.12 -55.06 -55.03 -55.00 -54.97 -54.94
-56.28 -56.25 -56.22 -56.19 -56.16 -56.09 -56.06 -56.00 -55.97 -55.97 -56.00 -56.09 -56.25 -56.41 -56.53 -56.66 -56.78 -56.88 -56.97 -57.00 -57.03 -57.03 -57.00 -56.94 -56.91 -56.91 -56.91 -56.94 -56.94 -56.91 -56.84 -56.75 -56.66 -56.53 -56.41 -56.25 -56.09 -55.97 -55.81 -55.69 -55.56 -55.47 -55.38 -55.28 -55.22 -55.19 -55.16 -55.12 -55.12 -55.16 -55.16 -55.19 -55.19 -55.16 -55.16 -55.12 -55.12 -55.12 -55.19 -55.22 -55.28 -55.34 -55.34 -55.34 -55.34 -55.31 -55.28 -55.25 -55.19 -55.16 -55.16
-56.41 -56.41 -56.38 -56.34 -56.31 -56.25 -56.19 -56.16 -56.09 -56.09 -56.12 -56.19 -56.34 -56.50 -56.66 -56.81 -56.94 -57.03 -57.09 -57.16 -57.16 -57.19 -57.16 -57.12 -57.12 -57.12 -57.12 -57.12 -57.12 -57.09 -57.03 -56.94 -56.81 -56.66 -56.50 -56.34 -56.19 -56.06 -55.91 -55.75 -55.62 -55.50 -55.38 -55.31 -55.25 -55.19 -55.12 -55.09 -55.12 -55.16 -55.19 -55.22 -55.25 -55.28 -55.28 -55.28 -55.28 -55.31 -55.34 -55.41 -55.47 -55.50 -55.53 -55.50 -55.50 -55.47 -55.44 -55.41 -55.38 -55.34 -55.31
-56.56 -56.53 -56.53 -56.47 -56.44 -56.38 -56.34 -56.28 -56.22 -56.22 -56.22 -56.28 -56.41 -56.56 -56.75 -56.91 -57.03 -57.12 -57.22 -57.25 -57.28 -57.31 -57.31 -57.31 -57.31 -57.31 -57.31 -57.31 -57.31 -57.25 -57.19 -57.06 -56.91 -56.75 -56.59 -56.41 -56.25 -56.09 -55.94 -55.78 -55.62 -55.50 -55.38 -55.28 -55.22 -55.16 -55.09 -55.06 -55.09 -55.12 -55.19 -55.25 -55.31 -55.34 -55.38 -55.41 -55.44 -55.50 -55.53 -55.59 -55.62 -55.66 -55.66 -55.66 -55.66 -55.62 -55.59 -55.53 -55.50 -55.47 -55.44
-56.69 -56.69 -56.66 -56.62 -56.56 -56.50 -56.44 -56.41 -56.34 -56.31 -56.31 -56.38 -56.50 -56.66 -56.81 -56.97 -57.09 -57.22 -57.28 -57.34 -57.41 -57.44 -57.47 -57.47 -57.47 -57.47 -57.50 -57.47 -57.47 -57.41 -57.28 -57.16 -57.00 -56.81 -56.62 -56.44 -56.28 -56.12 -55.94 -55.78 -55.62 -55.47 -55.38 -55.25 -55.16 -55.09 -55.03 -55.00 -55.03 -55.09 -55.16 -55.25 -55.34 -55.41 -55.50 -55.53 -55.59 -55.66 -55.72 -55.75 -55.81 -55.81 -55.81 -55.78 -55.78 -55.72 -55.69 -55.62 -55.59 -55.56 -55.56
-56.78 -56.78 -56.75 -56.72 -56.69 -56.62 -56.56 -56.50 -56.47 -56.44 -56.41 -56.44 -56.56 -56.69 -56.84 -57.00 -57.16 -57.28 -57.38 -57.44 -57.50 -57.56 -57.59 -57.59 -57.62 -57.62 -57.62 -57.62 -57.56 -57.50 -57.38 -57.22 -57.06 -56.88 -56.69 -56.50 -56.31 -56.12 -55.97 -55.78 -55.62 -55.47 -55.34 -55.22 -55.09 -55.00 -54.94 -54.94 -54.97 -55.03 -55.12 -55.25 -55.34 -55.47 -55.56 -55.66 -55.72 -55.81 -55.88 -55.91 -55.94 -55.94 -55.94 -55.91 -55.88 -55.81 -55.75 -55.72 -55.66 -55.66 -55.62
-56.84 -56.84 -56.84 -56.81 -56.75 -56.72 -56.66 -56.59 -56.56 -56.50 -56.50 -56.50 -56.59 -56.72 -56.88 -57.03 -57.19 -57.31 -57.44 -57.53 -57.59 -57.66 -57.69 -57.72 -57.75 -57.75 -57.75 -57.72 -57.66 -57.56 -57.44 -57.28 -57.12 -56.94 -56.75 -56.56 -56.38 -56.19 -56.00 -55.81 -55.62 -55.44 -55.31 -55.16 -55.03 -54.94 -54.88 -54.88 -54.91 -55.00 -55.09 -55.22 -55.34 -55.50 -55.62 -55.72 -55.84 -55.91 -55.97 -56.03 -56.06 -56.06 -56.03 -56.00 -55.94 -55.88 -55.81 -55.75 -55.72 -55.72 -55.72
-56.91 -56.91 -56.88 -56.84 -56.81 -56.78 -56.72 -56.66 -56.62 -56.56 -56.53 -56.56 -56.62 -56.75 -56.91 -57.06 -57.22 -57.38 -57.50 -57.59 -57.69 -57.75 -57.81 -57.84 -57.84 -57.84 -57.81 -57.78 -57.72 -57.62 -57.50 -57.34 -57.19 -57.03 -56.84 -56.66 -56.44 -56.25 -56.03 -55.84 -55.62 -55.47 -55.28 -55.12 -55.00 -54.91 -54.81 -54.78 -54.84 -54.94 -55.06 -55.22 -55.38 -55.50 -55.66 -55.78 -55.91 -56.00 -56.06 -56.12 -56.16 -56.12 -56.09 -56.06 -56.00 -55.94 -55.88 -55.81 -55.81 -55.81 -55.84
-56.94 -56.94 -56.91 -56.88 -56.84 -56.81 -56.75 -56.69 -56.66 -56.62 -56.59 -56.59 -56.66 -56.78 -56.94 -57.09 -57.28 -57.41 -57.56 -57.66 -57.75 -57.81 -57.88 -57.91 -57.91 -57.91 -57.88 -57.81 -57.75 -57.66 -57.53 -57.41 -57.25 -57.09 -56.91 -56.72 -56.53 -56.31 -56.09 -55.88 -55.69 -55.50 -55.31 -55.16 -55.00 -54.88 -54.75 -54.72 -54.81 -54.94 -55.09 -55.25 -55.41 -55.53 -55.69 -55.81 -55.94 -56.03 -56.12 -56.16 -56.19 -56.19 -56.16 -56.09 -56.03 -55.97 -55.91 -55.91 -55.91 -55.91 -55.94
-56.94 -56.94 -56.91 -56.91 -56.84 -56.81 -56.78 -56.72 -56.69 -56.62 -56.62 -56.66 -56.72 -56.84 -56.97 -57.16 -57.31 -57.47 -57.59 -57.72 -57.81 -57.88 -57.94 -57.97 -57.97 -57.94 -57.91 -57.84 -57.78 -57.69 -57.56 -57.44 -57.31 -57.16 -57.00 -56.78 -56.59 -56.38 -56.16 -55.94 -55.75 -55.56 -55.38 -55.22 -55.06 -54.94 -54.81 -54.75 -54.84 -54.97 -55.09 -55.28 -55.44 -55.56 -55.72 -55.84 -55.97 -56.06 -56.16 -56.22 -56.25 -56.25 -56.22 -56.16 -56.09 -56.03 -56.00 -55.97 -56.00 -56.03 -56.06
-56.94 -56.94 -56.91 -56.88 -56.84 -56.81 -56.78 -56.72 -56.69 -56.66 -56.66 -56.69 -56.75 -56.88 -57.03 -57.19 -57.38 -57.50 -57.66 -57.78 -57.88 -57.94 -58.00 -58.00 -58.00 -57.97 -57.91 -57.88 -57.78 -57.72 -57.62 -57.50 -57.38 -57.22 -57.06 -56.84 -56.66 -56.44 -56.22 -56.03 -55.84 -55.69 -55.50 -55.31 -55.16 -55.03 -54.91 -54.84 -54.91 -55.00 -55.16 -55.31 -55.47 -55.59 -55.75 -55.84 -55.97 -56.06 -56.16 -56.22 -56.28 -56.28 -56.25 -56.19 -56.16 -56.09 -56.06 -56.06 -56.09 -56.12 -56.19
-56.94 -56.91 -56.91 -56.88 -56.84 -56.81 -56.78 -56.72 -56.69 -56.66 -56.69 -56.72 -56.81 -56.94 -57.09 -57.25 -57.41 -57.56 -57.69 -57.81 -57.91 -57.97 -58.00 -58.00 -58.00 -57.97 -57.94 -57.88 -57.81 -57.75 -57.66 -57.56 -57.44 -57.28 -57.12 -56.91 -56.72 -56.50 -56.31 -56.12 -55.97 -55.81 -55.62 -55.44 -55.28 -55.12 -55.00 -54.94 -54.94 -55.06 -55.19 -55.31 -55.47 -55.62 -55.75 -55.88 -56.00 -56.09 -56.19 -56.25 -56.31 -56.31 -56.28 -56.25 -56.22 -56.19 -56.16 -56.19 -56.22 -56.25 -56.28
-56.91 -56.91 -56.91 -56.88 -56.81 -56.78 -56.75 -56.69 -56.66 -56.66 -56.69 -56.75 -56.84 -56.97 -57.12 -57.28 -57.44 -57.56 -57.69 -57.81 -57.91 -57.97 -58.00 -58.00 -58.00 -57.97 -57.94 -57.91 -57.84 -57.75 -57.66 -57.56 -57.47 -57.34 -57.16 -56.97 -56.78 -56.59 -56.41 -56.25 -56.09 -55.91 -55.75 -55.56 -55.41 -55.25 -55.09 -55.00 -55.00 -55.09 -55.22 -55.34 -55.47 -55.62 -55.75 -55.91 -56.03 -56.12 -56.22 -56.31 -56.34 -56.34 -56.31 -56.31 -56.28 -56.25 -56.25 -56.28 -56.31 -56.34 -56.41
-56.91 -56.91 -56.88 -56.84 -56.78 -56.72 -56.69 -56.66 -56.62 -56.59 -56.66 -56.72 -56.84 -57.00 -57.12 -57.28 -57.44 -57.56 -57.69 -57.78 -57.88 -57.94 -57.97 -58.00 -57.97 -57.97 -57.94 -57.88 -57.84 -57.75 -57.69 -57.59 -57.47 -57.34 -57.19 -57.03 -56.84 -56.66 -56.50 -56.34 -56.19 -56.03 -55.84 -55.66 -55.50 -55.34 -55.19 -55.06 -55.03 -55.09 -55.22 -55.34 -55.47 -55.62 -55.78 -55.94 -56.06 -56.19 -56.28 -56.34 -56.38 -56.38 -56.38 -56.34 -56.34 -56.34 -56.34 -56.38 -56.41 -56.47 -56.50
-56.88 -56.88 -56.81 -56.78 -56.72 -56.66 -56.59 -56.56 -56.53 -56.53 -56.59 -56.69 -56.81 -56.97 -57.12 -57.28 -57.41 -57.53 -57.66 -57.75 -57.81 -57.88 -57.94 -57.94 -57.94 -57.94 -57.91 -57.88 -57.81 -57.75 -57.66 -57.56 -57.47 -57.34 -57.22 -57.06 -56.88 -56.72 -56.56 -56.41 -56.25 -56.09 -55.91 -55.75 -55.56 -55.41 -55.25 -55.12 -55.03 -55.09 -55.22 -55.34 -55.50 -55.66 -55.81 -55.97 -56.12 -56.25 -56.34 -56.41 -56.44 -56.44 -56.41 -56.41 -56.41 -56.41 -56.44 -56.47 -56.50 -56.53 -56.56
-56.81 -56.81 -56.75 -56.69 -56.62 -56.56 -56.50 -56.44 -56.44 -56.44 -56.53 -56.62 -56.78 -56.94 -57.09 -57.22 -57.34 -57.44 -57.53 -57.62 -57.72 -57.78 -57.84 -57.88 -57.91 -57.91 -57.88 -57.84 -57.81 -57.72 -57.66 -57.53 -57.44 -57.34 -57.22 -57.06 -56.94 -56.78 -56.62 -56.47 -56.31 -56.12 -55.97 -55.78 -55.62 -55.44 -55.28 -55.16 -55.06 -55.12 -55.22 -55.34 -55.50 -55.69 -55.84 -56.03 -56.19 -56.28 -56.38 -56.44 -56.47 -56.47 -56.47 -56.47 -56.44 -56.47 -56.50 -56.53 -56.56 -56.62 -56.62
-56.72 -56.72 -56.66 -56.59 -56.50 -56.44 -56.38 -56.31 -56.31 -56.34 -56.44 -56.56 -56.72 -56.84 -57.00 -57.12 -57.22 -57.31 -57.41 -57.50 -57.59 -57.69 -57.75 -57.78 -57.81 -57.84 -57.84 -57.81 -57.78 -57.72 -57.62 -57.53 -57.44 -57.31 -57.22 -57.09 -56.97 -56.81 -56.66 -56.50 -56.31 -56.16 -55.97 -55.81 -55.62 -55.47 -55.31 -55.19 -55.09 -55.12 -55.25 -55.38 -55.53 -55.72 -55.91 -56.06 -56.22 -56.34 -56.44 -56.47 -56.50 -56.50 -56.50 -56.50 -56.50 -56.53 -56.53 -56.59 -56.62 -56.66 -56.69
-56.62 -56.59 -56.53 -56.47 -56.38 -56.31 -56.25 -56.19 -56.19 -56.25 -56.34 -56.47 -56.62 -56.75 -56.88 -57.00 -57.06 -57.16 -57.25 -57.38 -57.47 -57.53 -57.62 -57.69 -57.72 -57.78 -57.81 -57.78 -57.75 -57.69 -57.59 -57.53 -57.44 -57.31 -57.22 -57.09 -56.97 -56.84 -56.69 -56.50 -56.31 -56.12 -55.94 -55.78 -55.62 -55.47 -55.31 -55.19 -55.12 -55.19 -55.28 -55.44 -55.59 -55.78 -55.94 -56.12 -56.25 -56.38 -56.47 -56.50 -56.53 -56.53 -56.53 -56.53 -56.53 -56.56 -56.59 -56.62 -56.66 -56.69 -56.69
-56.47 -56.44 -56.38 -56.31 -56.22 -56.16 -56.09 -56.06 -56.06 -56.16 -56.25 -56.41 -56.53 -56.66 -56.75 -56.84 -56.91 -57.00 -57.09 -57.22 -57.31 -57.41 -57.47 -57.56 -57.62 -57.69 -57.72 -57.75 -57.72 -57.66 -57.59 -57.50 -57.44 -57.34 -57.22 -57.12 -56.97 -56.84 -56.66 -56.47 -56.28 -56.09 -55.94 -55.75 -55.59 -55.44 -55.31 -55.19 -55.16 -55.25 -55.34 -55.50 -55.66 -55.84 -56.00 -56.16 -56.31 -56.41 -56.50 -56.53 -56.53 -56.56 -56.56 -56.56 -56.56 -56.59 -56.59 -56.62 -56.66 -56.69 -56.72
-56.31 -56.28 -56.22 -56.16 -56.06 -56.00 -55.97 -55.94 -55.97 -56.06 -56.19 -56.31 -56.44 -56.56 -56.62 -56.69 -56.75 -56.81 -56.94 -57.03 -57.16 -57.25 -57.31 -57.41 -57.50 -57.59 -57.66 -57.69 -57.66 -57.62 -57.56 -57.50 -57.44 -57.34 -57.22 -57.09 -56.97 -56.81 -56.66 -56.47 -56.28 -56.09 -55.91 -55.72 -55.56 -55.41 -55.28 -55.19 -55.22 -55.31 -55.41 -55.56 -55.72 -55.88 -56.06 -56.22 -56.34 -56.44 -56.50 -56.53 -56.53 -56.56 -56.56 -56.56 -56.59 -56.59 -56.62 -56.66 -56.66 -56.69 -56.72
-56.09 -56.09 -56.03 -55.97 -55.91 -55.84 -55.84 -55.84 -55.91 -56.00 -56.12 -56.25 -56.34 -56.44 -56.47 -56.53 -56.56 -56.66 -56.75 -56.88 -56.97 -57.06 -57.16 -57.28 -57.38 -57.50 -57.56 -57.62 -57.62 -57.59 -57.56 -57.50 -57.41 -57.31 -57.22 -57.09 -56.94 -56.78 -56.62 -56.44 -56.25 -56.09 -55.91 -55.72 -55.53 -55.38 -55.28 -55.28 -55.31 -55.38 -55.47 -55.62 -55.78 -55.94 -56.09 -56.25 -56.38 -56.47 -56.53 -56.53 -56.53 -56.53 -56.56 -56.56 -56.59 -56.59 -56.62 -56.62 -56.66 -56.69 -56.72
-55.91 -55.88 -55.84 -55.81 -55.75 -55.72 -55.72 -55.75 -55.84 -55.94 -56.06 -56.16 -56.25 -56.31 -56.34 -56.38 -56.41 -56.50 -56.59 -56.69 -56.78 -56.88 -57.00 -57.12 -57.25 -57.38 -57.50 -57.56 -57.59 -57.56 -57.53 -57.47 -57.41 -57.31 -57.19 -57.06 -56.94 -56.78 -56.62 -56.44 -56.25 -56.06 -55.88 -55.72 -55.53 -55.41 -55.38 -55.41 -55.44 -55.50 -55.56 -55.69 -55.81 -55.97 -56.12 -56.25 -56.38 -56.47 -56.50 -56.53 -56.53 -56.53 -56.53 -56.53 -56.56 -56.56 -56.59 -56.59 -56.62 -56.66 -56.69
-55.66 -55.69 -55.66 -55.66 -55.62 -55.62 -55.62 -55.69 -55.78 -55.88 -56.00 -56.06 -56.12 -56.16 -56.19 -56.22 -56.28 -56.34 -56.41 -56.50 -56.56 -56.69 -56.81 -56.97 -57.12 -57.28 -57.41 -57.50 -57.53 -57.50 -57.47 -57.44 -57.34 -57.25 -57.16 -57.03 -56.91 -56.78 -56.62 -56.44 -56.25 -56.06 -55.88 -55.72 -55.56 -55.47 -55.50 -55.53 -55.56 -55.62 -55.69 -55.78 -55.88 -56.00 -56.12 -56.25 -56.34 -56.44 -56.47 -56.50 -56.50 -56.50 -56.53 -56.53 -56.53 -56.53 -56.53 -56.56 -56.59 -56.62 -56.66
