everonasctiles/Tile41,16.asc
ncols 128
nrows 128
xllcorner 0
yllcorner 0
cellsize 2.0
NODATA_value  -9999
[rows 0 to 31 of 128, columns 0 to 70 of 128]
-42.94 -43.25 -43.53 -43.78 -44.00 -44.19 -44.38 -44.53 -44.69 -44.84 -44.97 -45.06 -45.16 -45.19 -45.19 -45.19 -45.12 -45.09 -45.03 -45.00 -45.00 -45.03 -45.12 -45.22 -45.34 -45.47 -45.56 -45.69 -45.84 -45.97 -46.06 -46.16 -46.22 -46.25 -46.25 -46.25 -46.22 -46.22 -46.25 -46.25 -46.28 -46.25 -46.22 -46.19 -46.12 -46.06 -46.00 -45.91 -45.84 -45.75 -45.62 -45.50 -45.38 -45.25 -45.09 -44.94 -44.75 -44.59 -44.41 -44.25 -44.09 -43.97 -43.84 -43.75 -43.69 -43.72 -43.78 -43.84 -43.94 -44.06 -44.19
-43.03 -43.31 -43.59 -43.84 -44.06 -44.25 -44.44 -44.59 -44.75 -44.88 -45.03 -45.12 -45.22 -45.28 -45.28 -45.28 -45.25 -45.22 -45.16 -45.12 -45.09 -45.12 -45.22 -45.34 -45.47 -45.56 -45.69 -45.78 -45.91 -46.03 -46.16 -46.25 -46.31 -46.31 -46.34 -46.31 -46.31 -46.31 -46.34 -46.34 -46.34 -46.34 -46.31 -46.28 -46.22 -46.16 -46.09 -46.00 -45.91 -45.81 -45.72 -45.59 -45.44 -45.31 -45.12 -44.97 -44.78 -44.59 -44.44 -44.25 -44.12 -43.97 -43.88 -43.75 -43.69 -43.69 -43.72 -43.78 -43.88 -44.00 -44.09
-43.16 -43.41 -43.66 -43.91 -44.12 -44.31 -44.50 -44.66 -44.78 -44.94 -45.06 -45.19 -45.28 -45.34 -45.38 -45.38 -45.34 -45.31 -45.28 -45.22 -45.19 -45.22 -45.31 -45.44 -45.56 -45.69 -45.78 -45.88 -46.00 -46.12 -46.22 -46.31 -46.38 -46.41 -46.41 -46.41 -46.41 -46.41 -46.41 -46.44 -46.44 -46.44 -46.41 -46.34 -46.31 -46.25 -46.16 -46.06 -45.97 -45.88 -45.75 -45.62 -45.50 -45.34 -45.19 -45.00 -44.81 -44.62 -44.47 -44.28 -44.16 -44.00 -43.91 -43.78 -43.69 -43.62 -43.66 -43.72 -43.81 -43.91 -44.03
-43.25 -43.50 -43.72 -43.97 -44.16 -44.34 -44.53 -44.69 -44.81 -44.97 -45.09 -45.19 -45.31 -45.38 -45.44 -45.44 -45.44 -45.41 -45.38 -45.31 -45.28 -45.31 -45.38 -45.50 -45.62 -45.75 -45.88 -45.97 -46.09 -46.19 -46.31 -46.38 -46.44 -46.47 -46.47 -46.47 -46.47 -46.47 -46.50 -46.50 -46.50 -46.47 -46.47 -46.41 -46.38 -46.28 -46.22 -46.12 -46.00 -45.91 -45.78 -45.66 -45.53 -45.38 -45.19 -45.03 -44.84 -44.66 -44.47 -44.31 -44.19 -44.03 -43.91 -43.81 -43.69 -43.62 -43.59 -43.66 -43.72 -43.81 -43.91
-43.31 -43.53 -43.78 -44.00 -44.19 -44.38 -44.53 -44.69 -44.84 -44.97 -45.09 -45.22 -45.31 -45.41 -45.47 -45.50 -45.50 -45.47 -45.44 -45.41 -45.38 -45.38 -45.44 -45.56 -45.69 -45.81 -45.94 -46.06 -46.16 -46.28 -46.38 -46.44 -46.50 -46.53 -46.53 -46.53 -46.53 -46.53 -46.53 -46.56 -46.53 -46.53 -46.50 -46.47 -46.41 -46.34 -46.25 -46.12 -46.03 -45.91 -45.78 -45.66 -45.50 -45.34 -45.19 -45.00 -44.84 -44.66 -44.50 -44.34 -44.19 -44.06 -43.94 -43.81 -43.72 -43.59 -43.56 -43.56 -43.59 -43.69 -43.75
-43.31 -43.56 -43.81 -44.00 -44.22 -44.41 -44.56 -44.72 -44.84 -44.97 -45.09 -45.22 -45.31 -45.41 -45.47 -45.53 -45.56 -45.53 -45.53 -45.50 -45.47 -45.47 -45.53 -45.62 -45.72 -45.88 -46.00 -46.12 -46.22 -46.34 -46.44 -46.50 -46.56 -46.59 -46.59 -46.59 -46.59 -46.59 -46.59 -46.59 -46.59 -46.56 -46.53 -46.50 -46.44 -46.34 -46.25 -46.16 -46.03 -45.91 -45.78 -45.62 -45.47 -45.31 -45.16 -44.97 -44.81 -44.66 -44.50 -44.34 -44.22 -44.09 -43.97 -43.84 -43.72 -43.59 -43.50 -43.47 -43.50 -43.53 -43.62
-43.34 -43.59 -43.81 -44.03 -44.25 -44.41 -44.59 -44.72 -44.88 -45.00 -45.12 -45.22 -45.34 -45.41 -45.50 -45.53 -45.59 -45.59 -45.59 -45.56 -45.56 -45.56 -45.59 -45.69 -45.78 -45.91 -46.03 -46.16 -46.28 -46.38 -46.47 -46.53 -46.59 -46.62 -46.62 -46.62 -46.62 -46.62 -46.62 -46.62 -46.59 -46.59 -46.56 -46.50 -46.44 -46.34 -46.25 -46.12 -46.03 -45.88 -45.75 -45.59 -45.44 -45.28 -45.12 -44.97 -44.81 -44.66 -44.53 -44.38 -44.25 -44.12 -43.97 -43.84 -43.69 -43.56 -43.47 -43.38 -43.38 -43.41 -43.47
-43.38 -43.62 -43.84 -44.06 -44.28 -44.44 -44.62 -44.75 -44.91 -45.03 -45.16 -45.25 -45.34 -45.44 -45.50 -45.56 -45.62 -45.62 -45.62 -45.62 -45.62 -45.62 -45.69 -45.75 -45.84 -45.97 -46.06 -46.19 -46.31 -46.41 -46.50 -46.56 -46.59 -46.66 -46.66 -46.66 -46.66 -46.66 -46.66 -46.62 -46.62 -46.59 -46.56 -46.50 -46.44 -46.34 -46.25 -46.12 -46.00 -45.88 -45.75 -45.59 -45.44 -45.31 -45.16 -45.00 -44.84 -44.72 -44.59 -44.47 -44.31 -44.16 -44.00 -43.84 -43.69 -43.56 -43.44 -43.31 -43.28 -43.28 -43.34
-43.41 -43.66 -43.88 -44.09 -44.28 -44.47 -44.66 -44.78 -44.94 -45.06 -45.16 -45.25 -45.34 -45.44 -45.53 -45.59 -45.66 -45.69 -45.69 -45.69 -45.69 -45.72 -45.75 -45.81 -45.91 -46.03 -46.12 -46.25 -46.34 -46.44 -46.50 -46.56 -46.62 -46.66 -46.66 -46.69 -46.69 -46.66 -46.66 -46.66 -46.62 -46.59 -46.53 -46.47 -46.41 -46.31 -46.22 -46.12 -46.00 -45.88 -45.75 -45.62 -45.47 -45.34 -45.22 -45.09 -44.94 -44.81 -44.69 -44.53 -44.38 -44.22 -44.06 -43.88 -43.72 -43.56 -43.44 -43.31 -43.22 -43.19 -43.25
-43.38 -43.62 -43.88 -44.09 -44.31 -44.50 -44.66 -44.81 -44.94 -45.06 -45.19 -45.28 -45.38 -45.47 -45.53 -45.59 -45.66 -45.72 -45.75 -45.75 -45.75 -45.78 -45.81 -45.88 -45.97 -46.06 -46.19 -46.28 -46.38 -46.44 -46.50 -46.56 -46.59 -46.62 -46.66 -46.66 -46.66 -46.66 -46.66 -46.66 -46.62 -46.59 -46.53 -46.47 -46.41 -46.31 -46.22 -46.12 -46.03 -45.91 -45.81 -45.69 -45.56 -45.44 -45.31 -45.19 -45.06 -44.94 -44.78 -44.62 -44.47 -44.28 -44.09 -43.94 -43.75 -43.59 -43.47 -43.34 -43.25 -43.16 -43.25
-43.31 -43.59 -43.84 -44.06 -44.28 -44.50 -44.66 -44.81 -44.97 -45.09 -45.19 -45.28 -45.38 -45.47 -45.53 -45.62 -45.69 -45.75 -45.78 -45.81 -45.81 -45.84 -45.88 -45.94 -46.03 -46.12 -46.22 -46.31 -46.38 -46.44 -46.50 -46.56 -46.59 -46.62 -46.62 -46.66 -46.66 -46.66 -46.66 -46.62 -46.62 -46.59 -46.53 -46.47 -46.41 -46.34 -46.25 -46.16 -46.06 -45.97 -45.84 -45.75 -45.62 -45.50 -45.41 -45.28 -45.16 -45.00 -44.84 -44.69 -44.53 -44.34 -44.16 -44.00 -43.81 -43.69 -43.53 -43.41 -43.31 -43.22 -43.25
-43.25 -43.50 -43.78 -44.03 -44.25 -44.47 -44.66 -44.81 -44.94 -45.06 -45.19 -45.28 -45.38 -45.47 -45.53 -45.62 -45.72 -45.78 -45.81 -45.84 -45.88 -45.91 -45.94 -46.00 -46.06 -46.16 -46.22 -46.31 -46.38 -46.44 -46.50 -46.53 -46.59 -46.59 -46.62 -46.62 -46.66 -46.66 -46.66 -46.62 -46.62 -46.59 -46.56 -46.50 -46.44 -46.38 -46.31 -46.22 -46.12 -46.03 -45.91 -45.81 -45.69 -45.59 -45.47 -45.34 -45.22 -45.09 -44.94 -44.75 -44.59 -44.41 -44.22 -44.06 -43.91 -43.75 -43.62 -43.50 -43.38 -43.28 -43.25
-43.19 -43.44 -43.72 -43.94 -44.19 -44.41 -44.59 -44.75 -44.91 -45.03 -45.16 -45.25 -45.34 -45.44 -45.53 -45.62 -45.72 -45.78 -45.84 -45.88 -45.91 -45.94 -45.97 -46.03 -46.09 -46.16 -46.22 -46.28 -46.34 -46.41 -46.47 -46.50 -46.56 -46.59 -46.59 -46.62 -46.62 -46.66 -46.66 -46.62 -46.62 -46.59 -46.56 -46.53 -46.47 -46.41 -46.34 -46.28 -46.19 -46.06 -45.97 -45.88 -45.75 -45.66 -45.56 -45.44 -45.28 -45.16 -45.00 -44.81 -44.66 -44.47 -44.28 -44.12 -43.97 -43.81 -43.69 -43.56 -43.44 -43.34 -43.28
-43.12 -43.38 -43.62 -43.88 -44.09 -44.31 -44.50 -44.66 -44.81 -44.97 -45.09 -45.19 -45.31 -45.41 -45.53 -45.62 -45.72 -45.78 -45.84 -45.91 -45.94 -45.97 -46.03 -46.06 -46.12 -46.19 -46.25 -46.28 -46.31 -46.38 -46.41 -46.47 -46.50 -46.56 -46.56 -46.59 -46.62 -46.62 -46.62 -46.62 -46.62 -46.59 -46.59 -46.56 -46.50 -46.44 -46.38 -46.31 -46.22 -46.12 -46.03 -45.91 -45.81 -45.72 -45.62 -45.50 -45.34 -45.22 -45.06 -44.88 -44.72 -44.53 -44.38 -44.19 -44.03 -43.88 -43.75 -43.62 -43.50 -43.38 -43.31
-43.03 -43.31 -43.56 -43.78 -44.00 -44.22 -44.41 -44.56 -44.72 -44.88 -45.00 -45.12 -45.25 -45.38 -45.50 -45.59 -45.69 -45.78 -45.84 -45.91 -45.97 -46.00 -46.06 -46.12 -46.16 -46.22 -46.25 -46.28 -46.31 -46.34 -46.38 -46.44 -46.47 -46.53 -46.56 -46.56 -46.59 -46.62 -46.62 -46.62 -46.62 -46.59 -46.59 -46.56 -46.50 -46.44 -46.38 -46.31 -46.25 -46.16 -46.03 -45.94 -45.84 -45.75 -45.66 -45.53 -45.41 -45.25 -45.09 -44.94 -44.78 -44.62 -44.44 -44.28 -44.09 -43.94 -43.81 -43.69 -43.56 -43.44 -43.34
-42.94 -43.19 -43.44 -43.69 -43.91 -44.09 -44.28 -44.47 -44.66 -44.81 -44.94 -45.09 -45.22 -45.34 -45.47 -45.56 -45.66 -45.75 -45.81 -45.91 -45.97 -46.03 -46.09 -46.16 -46.19 -46.22 -46.25 -46.28 -46.31 -46.31 -46.34 -46.41 -46.44 -46.47 -46.53 -46.56 -46.56 -46.59 -46.59 -46.59 -46.59 -46.59 -46.56 -46.53 -46.47 -46.44 -46.38 -46.31 -46.22 -46.12 -46.06 -45.97 -45.88 -45.78 -45.69 -45.56 -45.44 -45.28 -45.16 -45.00 -44.84 -44.66 -44.50 -44.31 -44.16 -44.00 -43.84 -43.72 -43.59 -43.47 -43.38
-42.84 -43.09 -43.34 -43.56 -43.78 -43.97 -44.19 -44.38 -44.56 -44.72 -44.91 -45.03 -45.19 -45.31 -45.44 -45.53 -45.62 -45.72 -45.81 -45.91 -45.97 -46.06 -46.12 -46.19 -46.22 -46.25 -46.28 -46.28 -46.31 -46.31 -46.34 -46.38 -46.41 -46.44 -46.50 -46.53 -46.56 -46.56 -46.59 -46.59 -46.59 -46.56 -46.56 -46.50 -46.44 -46.38 -46.31 -46.25 -46.19 -46.12 -46.03 -45.97 -45.88 -45.78 -45.69 -45.56 -45.44 -45.31 -45.16 -45.03 -44.88 -44.69 -44.53 -44.34 -44.19 -44.03 -43.88 -43.75 -43.62 -43.50 -43.41
-42.72 -42.97 -43.19 -43.44 -43.62 -43.84 -44.06 -44.28 -44.47 -44.66 -44.84 -45.00 -45.12 -45.25 -45.38 -45.50 -45.62 -45.72 -45.81 -45.91 -46.00 -46.06 -46.16 -46.19 -46.25 -46.25 -46.28 -46.28 -46.31 -46.31 -46.31 -46.34 -46.38 -46.41 -46.47 -46.50 -46.53 -46.56 -46.56 -46.59 -46.56 -46.56 -46.53 -46.47 -46.41 -46.34 -46.28 -46.22 -46.16 -46.09 -46.03 -45.94 -45.88 -45.78 -45.69 -45.56 -45.44 -45.31 -45.16 -45.03 -44.88 -44.69 -44.53 -44.38 -44.19 -44.06 -43.91 -43.78 -43.66 -43.53 -43.41
-42.59 -42.81 -43.06 -43.28 -43.50 -43.75 -43.97 -44.19 -44.41 -44.59 -44.78 -44.94 -45.06 -45.19 -45.34 -45.47 -45.59 -45.69 -45.81 -45.91 -46.00 -46.09 -46.16 -46.22 -46.25 -46.28 -46.28 -46.28 -46.28 -46.28 -46.31 -46.31 -46.34 -46.38 -46.41 -46.47 -46.50 -46.53 -46.53 -46.56 -46.56 -46.53 -46.50 -46.44 -46.41 -46.34 -46.28 -46.22 -46.16 -46.09 -46.03 -45.94 -45.88 -45.78 -45.66 -45.56 -45.44 -45.31 -45.16 -45.03 -44.88 -44.69 -44.53 -44.38 -44.22 -44.06 -43.94 -43.81 -43.69 -43.56 -43.44
-42.41 -42.66 -42.91 -43.12 -43.38 -43.62 -43.84 -44.09 -44.31 -44.50 -44.69 -44.84 -45.00 -45.16 -45.28 -45.44 -45.56 -45.69 -45.78 -45.91 -46.00 -46.09 -46.16 -46.22 -46.25 -46.28 -46.28 -46.28 -46.28 -46.28 -46.28 -46.28 -46.31 -46.34 -46.38 -46.41 -46.44 -46.50 -46.50 -46.53 -46.53 -46.50 -46.47 -46.44 -46.38 -46.34 -46.28 -46.22 -46.16 -46.09 -46.03 -45.94 -45.88 -45.78 -45.66 -45.56 -45.44 -45.31 -45.16 -45.03 -44.88 -44.72 -44.56 -44.41 -44.25 -44.12 -43.97 -43.84 -43.72 -43.59 -43.47
-42.22 -42.47 -42.75 -43.00 -43.25 -43.50 -43.72 -43.97 -44.19 -44.41 -44.59 -44.75 -44.94 -45.09 -45.25 -45.38 -45.53 -45.66 -45.78 -45.88 -45.97 -46.06 -46.16 -46.19 -46.25 -46.25 -46.28 -46.28 -46.28 -46.28 -46.25 -46.25 -46.25 -46.28 -46.31 -46.34 -46.41 -46.44 -46.47 -46.47 -46.47 -46.47 -46.44 -46.41 -46.38 -46.34 -46.28 -46.22 -46.16 -46.09 -46.03 -45.97 -45.88 -45.78 -45.69 -45.56 -45.44 -45.31 -45.19 -45.03 -44.88 -44.72 -44.56 -44.44 -44.28 -44.16 -44.00 -43.88 -43.75 -43.62 -43.53
-42.03 -42.31 -42.56 -42.81 -43.09 -43.34 -43.59 -43.84 -44.09 -44.28 -44.50 -44.69 -44.84 -45.03 -45.19 -45.34 -45.50 -45.62 -45.75 -45.84 -45.97 -46.06 -46.12 -46.19 -46.22 -46.25 -46.25 -46.28 -46.25 -46.25 -46.22 -46.22 -46.19 -46.22 -46.25 -46.28 -46.31 -46.38 -46.41 -46.41 -46.41 -46.41 -46.38 -46.38 -46.38 -46.31 -46.28 -46.22 -46.16 -46.09 -46.03 -45.97 -45.88 -45.78 -45.69 -45.56 -45.44 -45.31 -45.19 -45.06 -44.91 -44.75 -44.59 -44.47 -44.31 -44.19 -44.06 -43.94 -43.81 -43.69 -43.59
-41.84 -42.12 -42.41 -42.66 -42.94 -43.22 -43.47 -43.72 -43.97 -44.19 -44.38 -44.59 -44.78 -44.97 -45.16 -45.31 -45.44 -45.59 -45.72 -45.84 -45.94 -46.03 -46.09 -46.16 -46.19 -46.22 -46.22 -46.25 -46.22 -46.22 -46.19 -46.16 -46.16 -46.16 -46.16 -46.22 -46.25 -46.28 -46.31 -46.34 -46.34 -46.34 -46.34 -46.34 -46.34 -46.31 -46.28 -46.22 -46.16 -46.09 -46.03 -45.97 -45.88 -45.78 -45.69 -45.59 -45.47 -45.34 -45.22 -45.06 -44.94 -44.78 -44.66 -44.50 -44.38 -44.22 -44.09 -43.97 -43.88 -43.75 -43.69
-41.72 -41.97 -42.25 -42.53 -42.81 -43.06 -43.34 -43.59 -43.81 -44.06 -44.28 -44.50 -44.69 -44.91 -45.09 -45.25 -45.41 -45.56 -45.69 -45.81 -45.91 -46.00 -46.06 -46.12 -46.16 -46.19 -46.22 -46.22 -46.19 -46.19 -46.16 -46.12 -46.09 -46.09 -46.09 -46.12 -46.19 -46.22 -46.25 -46.28 -46.28 -46.28 -46.28 -46.31 -46.31 -46.28 -46.25 -46.19 -46.16 -46.09 -46.03 -45.97 -45.88 -45.78 -45.69 -45.59 -45.47 -45.34 -45.22 -45.09 -44.97 -44.81 -44.69 -44.53 -44.41 -44.28 -44.16 -44.03 -43.94 -43.84 -43.75
-41.59 -41.88 -42.12 -42.41 -42.66 -42.94 -43.19 -43.44 -43.69 -43.91 -44.16 -44.38 -44.62 -44.81 -45.03 -45.19 -45.38 -45.50 -45.66 -45.78 -45.88 -45.97 -46.03 -46.09 -46.12 -46.16 -46.19 -46.19 -46.16 -46.16 -46.12 -46.09 -46.06 -46.03 -46.03 -46.06 -46.12 -46.16 -46.19 -46.22 -46.22 -46.25 -46.25 -46.28 -46.28 -46.25 -46.22 -46.19 -46.16 -46.09 -46.03 -45.94 -45.88 -45.78 -45.69 -45.59 -45.47 -45.38 -45.25 -45.12 -45.00 -44.84 -44.72 -44.59 -44.47 -44.34 -44.22 -44.09 -44.00 -43.91 -43.81
-41.50 -41.75 -42.03 -42.28 -42.53 -42.78 -43.03 -43.28 -43.50 -43.75 -44.03 -44.28 -44.50 -44.75 -44.94 -45.16 -45.31 -45.47 -45.62 -45.75 -45.84 -45.94 -46.03 -46.06 -46.12 -46.12 -46.16 -46.16 -46.12 -46.09 -46.06 -46.03 -46.00 -45.97 -45.97 -46.00 -46.06 -46.09 -46.12 -46.16 -46.16 -46.19 -46.22 -46.25 -46.25 -46.22 -46.22 -46.16 -46.12 -46.06 -46.00 -45.94 -45.84 -45.78 -45.69 -45.59 -45.47 -45.38 -45.25 -45.16 -45.03 -44.91 -44.75 -44.62 -44.50 -44.38 -44.25 -44.16 -44.03 -43.97 -43.88
-41.38 -41.62 -41.88 -42.12 -42.34 -42.59 -42.84 -43.09 -43.34 -43.62 -43.91 -44.16 -44.41 -44.66 -44.88 -45.09 -45.28 -45.44 -45.59 -45.72 -45.81 -45.91 -46.00 -46.03 -46.09 -46.09 -46.12 -46.09 -46.09 -46.06 -46.03 -45.97 -45.94 -45.91 -45.91 -45.94 -46.00 -46.03 -46.06 -46.09 -46.12 -46.16 -46.19 -46.19 -46.22 -46.22 -46.19 -46.16 -46.12 -46.06 -46.00 -45.91 -45.84 -45.75 -45.66 -45.56 -45.47 -45.38 -45.28 -45.16 -45.03 -44.94 -44.78 -44.66 -44.53 -44.41 -44.31 -44.19 -44.09 -44.00 -43.94
-41.25 -41.50 -41.69 -41.91 -42.12 -42.38 -42.62 -42.91 -43.19 -43.47 -43.78 -44.06 -44.34 -44.59 -44.81 -45.03 -45.25 -45.41 -45.56 -45.69 -45.78 -45.88 -45.94 -46.00 -46.03 -46.06 -46.06 -46.06 -46.03 -46.00 -45.97 -45.94 -45.88 -45.84 -45.84 -45.88 -45.91 -45.94 -46.00 -46.03 -46.06 -46.09 -46.12 -46.16 -46.19 -46.19 -46.16 -46.12 -46.09 -46.03 -45.97 -45.91 -45.81 -45.75 -45.66 -45.56 -45.47 -45.38 -45.28 -45.16 -45.06 -44.94 -44.81 -44.69 -44.56 -44.44 -44.31 -44.22 -44.12 -44.03 -44.00
-41.12 -41.31 -41.50 -41.69 -41.91 -42.16 -42.44 -42.75 -43.03 -43.34 -43.66 -43.97 -44.25 -44.53 -44.78 -45.00 -45.19 -45.38 -45.50 -45.62 -45.72 -45.81 -45.88 -45.94 -46.00 -46.03 -46.03 -46.03 -46.00 -45.97 -45.91 -45.88 -45.81 -45.78 -45.78 -45.81 -45.84 -45.88 -45.94 -45.97 -46.00 -46.06 -46.09 -46.12 -46.12 -46.16 -46.16 -46.12 -46.06 -46.03 -45.94 -45.88 -45.78 -45.72 -45.62 -45.56 -45.47 -45.38 -45.28 -45.16 -45.06 -44.94 -44.81 -44.69 -44.56 -44.44 -44.31 -44.22 -44.12 -44.06 -44.03
-40.94 -41.09 -41.28 -41.47 -41.66 -41.94 -42.25 -42.59 -42.91 -43.25 -43.59 -43.91 -44.19 -44.47 -44.72 -44.94 -45.12 -45.31 -45.44 -45.56 -45.66 -45.72 -45.81 -45.88 -45.91 -45.97 -45.97 -45.97 -45.97 -45.91 -45.88 -45.81 -45.75 -45.72 -45.72 -45.75 -45.78 -45.84 -45.88 -45.94 -45.97 -46.00 -46.03 -46.06 -46.09 -46.12 -46.09 -46.09 -46.06 -46.00 -45.94 -45.84 -45.78 -45.69 -45.62 -45.53 -45.44 -45.34 -45.25 -45.16 -45.03 -44.94 -44.81 -44.66 -44.53 -44.44 -44.31 -44.22 -44.16 -44.12 -44.09
-40.75 -40.91 -41.06 -41.22 -41.44 -41.72 -42.06 -42.44 -42.81 -43.16 -43.50 -43.84 -44.12 -44.41 -44.66 -44.88 -45.06 -45.22 -45.34 -45.44 -45.53 -45.62 -45.69 -45.78 -45.84 -45.88 -45.91 -45.94 -45.91 -45.88 -45.81 -45.75 -45.69 -45.66 -45.66 -45.69 -45.72 -45.78 -45.84 -45.91 -45.94 -45.97 -46.00 -46.03 -46.06 -46.06 -46.06 -46.06 -46.03 -45.97 -45.91 -45.84 -45.78 -45.69 -45.59 -45.53 -45.44 -45.34 -45.25 -45.12 -45.03 -44.91 -44.78 -44.66 -44.53 -44.44 -44.34 -44.25 -44.19 -44.16 -44.16
-40.56 -40.72 -40.88 -41.06 -41.31 -41.62 -42.00 -42.38 -42.75 -43.12 -43.47 -43.78 -44.06 -44.34 -44.56 -44.75 -44.94 -45.06 -45.19 -45.31 -45.41 -45.50 -45.59 -45.69 -45.75 -45.81 -45.84 -45.84 -45.84 -45.81 -45.75 -45.69 -45.62 -45.59 -45.59 -45.62 -45.69 -45.75 -45.81 -45.88 -45.91 -45.94 -45.97 -46.00 -46.00 -46.03 -46.03 -46.03 -46.00 -45.94 -45.88 -45.81 -45.75 -45.69 -45.59 -45.50 -45.41 -45.31 -45.22 -45.12 -45.00 -44.91 -44.78 -44.66 -44.53 -44.44 -44.34 -44.28 -44.22 -44.19 -44.19
