everonasctiles/Tile[7,46].asc
ncols 128
nrows 128
xllcorner 0
yllcorner 0
cellsize 2.0
NODATA_value  -9999
[rows 64 to 95 of 128, columns 0 to 70 of 128]
-33.72 -33.69 -33.62 -33.56 -33.47 -33.38 -33.25 -33.12 -33.00 -32.88 -32.75 -32.62 -32.50 -32.34 -32.19 -32.06 -31.91 -31.75 -31.66 -31.56 -31.53 -31.53 -31.53 -31.53 -31.56 -31.62 -31.72 -31.81 -31.91 -31.97 -32.06 -32.12 -32.16 -32.22 -32.28 -32.34 -32.41 -32.50 -32.56 -32.62 -32.69 -32.72 -32.75 -32.81 -32.88 -32.94 -33.00 -33.06 -33.12 -33.22 -33.31 -33.38 -33.44 -33.50 -33.56 -33.62 -33.69 -33.72 -33.75 -33.75 -33.78 -33.75 -33.75 -33.72 -33.66 -33.59 -33.53 -33.47 -33.41 -33.41 -33.44
-33.62 -33.59 -33.56 -33.50 -33.41 -33.31 -33.19 -33.03 -32.91 -32.78 -32.66 -32.53 -32.44 -32.31 -32.16 -32.00 -31.88 -31.75 -31.62 -31.53 -31.47 -31.44 -31.47 -31.50 -31.56 -31.66 -31.75 -31.84 -31.97 -32.06 -32.16 -32.22 -32.28 -32.34 -32.38 -32.44 -32.53 -32.62 -32.69 -32.78 -32.81 -32.88 -32.91 -32.97 -33.00 -33.06 -33.09 -33.16 -33.19 -33.25 -33.31 -33.38 -33.44 -33.50 -33.56 -33.59 -33.62 -33.66 -33.69 -33.69 -33.69 -33.69 -33.66 -33.62 -33.56 -33.50 -33.44 -33.38 -33.31 -33.28 -33.28
-33.56 -33.50 -33.44 -33.38 -33.31 -33.19 -33.09 -32.94 -32.81 -32.66 -32.56 -32.44 -32.31 -32.22 -32.09 -31.94 -31.81 -31.69 -31.56 -31.47 -31.41 -31.38 -31.41 -31.47 -31.56 -31.66 -31.78 -31.91 -32.03 -32.16 -32.25 -32.34 -32.41 -32.47 -32.53 -32.59 -32.66 -32.75 -32.81 -32.91 -32.97 -33.00 -33.06 -33.09 -33.16 -33.19 -33.22 -33.25 -33.28 -33.31 -33.34 -33.38 -33.44 -33.47 -33.53 -33.56 -33.59 -33.62 -33.66 -33.66 -33.62 -33.59 -33.56 -33.53 -33.50 -33.44 -33.34 -33.28 -33.22 -33.16 -33.16
-33.47 -33.41 -33.34 -33.28 -33.19 -33.09 -32.97 -32.84 -32.69 -32.56 -32.44 -32.31 -32.19 -32.09 -31.97 -31.84 -31.72 -31.59 -31.50 -31.41 -31.34 -31.31 -31.38 -31.44 -31.56 -31.69 -31.81 -31.97 -32.09 -32.25 -32.34 -32.44 -32.53 -32.59 -32.66 -32.72 -32.78 -32.84 -32.94 -33.00 -33.06 -33.16 -33.19 -33.25 -33.28 -33.31 -33.34 -33.34 -33.34 -33.38 -33.38 -33.38 -33.41 -33.47 -33.50 -33.53 -33.56 -33.59 -33.59 -33.56 -33.56 -33.53 -33.50 -33.47 -33.41 -33.34 -33.28 -33.19 -33.12 -33.06 -33.00
-33.38 -33.31 -33.22 -33.16 -33.06 -32.97 -32.88 -32.72 -32.59 -32.44 -32.28 -32.16 -32.06 -31.97 -31.84 -31.75 -31.62 -31.50 -31.41 -31.31 -31.28 -31.28 -31.31 -31.44 -31.56 -31.69 -31.84 -32.03 -32.16 -32.31 -32.44 -32.56 -32.66 -32.72 -32.78 -32.84 -32.91 -32.97 -33.03 -33.12 -33.19 -33.25 -33.31 -33.38 -33.41 -33.44 -33.44 -33.44 -33.44 -33.44 -33.41 -33.41 -33.44 -33.44 -33.47 -33.50 -33.53 -33.53 -33.53 -33.50 -33.50 -33.47 -33.44 -33.41 -33.34 -33.28 -33.22 -33.12 -33.06 -32.97 -32.91
-33.28 -33.22 -33.12 -33.03 -32.94 -32.84 -32.75 -32.62 -32.47 -32.31 -32.12 -32.00 -31.91 -31.81 -31.72 -31.59 -31.47 -31.38 -31.31 -31.25 -31.19 -31.22 -31.28 -31.41 -31.53 -31.72 -31.91 -32.06 -32.25 -32.41 -32.53 -32.66 -32.78 -32.84 -32.91 -32.97 -33.03 -33.09 -33.16 -33.22 -33.28 -33.34 -33.41 -33.47 -33.53 -33.53 -33.53 -33.53 -33.50 -33.50 -33.47 -33.44 -33.44 -33.44 -33.47 -33.47 -33.50 -33.50 -33.47 -33.47 -33.44 -33.41 -33.38 -33.34 -33.28 -33.22 -33.16 -33.06 -33.00 -32.91 -32.81
-33.22 -33.12 -33.03 -32.94 -32.84 -32.72 -32.62 -32.50 -32.34 -32.19 -32.03 -31.88 -31.75 -31.69 -31.59 -31.47 -31.34 -31.25 -31.16 -31.12 -31.12 -31.16 -31.25 -31.38 -31.56 -31.75 -31.97 -32.16 -32.31 -32.47 -32.62 -32.75 -32.88 -32.97 -33.03 -33.09 -33.16 -33.22 -33.28 -33.34 -33.41 -33.47 -33.53 -33.56 -33.62 -33.62 -33.62 -33.62 -33.59 -33.56 -33.53 -33.50 -33.47 -33.47 -33.47 -33.47 -33.47 -33.44 -33.44 -33.41 -33.38 -33.38 -33.34 -33.28 -33.25 -33.19 -33.12 -33.03 -32.94 -32.88 -32.78
-33.16 -33.06 -32.97 -32.84 -32.75 -32.62 -32.50 -32.38 -32.22 -32.06 -31.91 -31.75 -31.62 -31.53 -31.44 -31.34 -31.25 -31.16 -31.03 -31.03 -31.06 -31.16 -31.25 -31.41 -31.59 -31.81 -32.03 -32.22 -32.41 -32.56 -32.72 -32.84 -32.97 -33.06 -33.12 -33.19 -33.25 -33.31 -33.38 -33.44 -33.50 -33.56 -33.59 -33.66 -33.69 -33.72 -33.72 -33.69 -33.66 -33.62 -33.56 -33.53 -33.53 -33.50 -33.50 -33.47 -33.44 -33.41 -33.38 -33.38 -33.34 -33.31 -33.28 -33.25 -33.22 -33.16 -33.09 -33.00 -32.91 -32.84 -32.75
-33.09 -33.00 -32.88 -32.78 -32.66 -32.53 -32.41 -32.25 -32.12 -31.97 -31.81 -31.66 -31.50 -31.41 -31.31 -31.22 -31.16 -31.06 -30.97 -31.00 -31.12 -31.22 -31.34 -31.53 -31.75 -31.94 -32.12 -32.31 -32.50 -32.66 -32.81 -32.94 -33.06 -33.16 -33.22 -33.28 -33.34 -33.41 -33.47 -33.53 -33.59 -33.62 -33.69 -33.72 -33.75 -33.78 -33.78 -33.75 -33.72 -33.69 -33.62 -33.59 -33.56 -33.53 -33.53 -33.50 -33.44 -33.41 -33.34 -33.31 -33.28 -33.28 -33.25 -33.22 -33.19 -33.12 -33.06 -32.97 -32.91 -32.81 -32.72
-33.00 -32.91 -32.81 -32.69 -32.56 -32.44 -32.31 -32.16 -32.03 -31.88 -31.69 -31.53 -31.34 -31.25 -31.19 -31.12 -31.06 -31.00 -30.97 -31.09 -31.19 -31.34 -31.50 -31.66 -31.84 -32.03 -32.22 -32.41 -32.59 -32.75 -32.88 -33.03 -33.12 -33.22 -33.28 -33.38 -33.44 -33.50 -33.56 -33.59 -33.66 -33.69 -33.75 -33.78 -33.81 -33.84 -33.84 -33.81 -33.78 -33.75 -33.72 -33.66 -33.62 -33.59 -33.53 -33.50 -33.44 -33.38 -33.34 -33.28 -33.25 -33.22 -33.19 -33.16 -33.12 -33.09 -33.03 -32.94 -32.88 -32.78 -32.72
-32.91 -32.81 -32.72 -32.59 -32.47 -32.34 -32.22 -32.09 -31.94 -31.78 -31.59 -31.41 -31.25 -31.16 -31.06 -31.03 -30.97 -30.94 -30.97 -31.09 -31.25 -31.41 -31.56 -31.75 -31.91 -32.09 -32.28 -32.47 -32.66 -32.81 -32.94 -33.06 -33.19 -33.28 -33.34 -33.44 -33.50 -33.56 -33.62 -33.69 -33.72 -33.78 -33.81 -33.84 -33.88 -33.91 -33.91 -33.88 -33.88 -33.81 -33.78 -33.72 -33.69 -33.62 -33.56 -33.53 -33.44 -33.38 -33.31 -33.25 -33.19 -33.16 -33.12 -33.09 -33.06 -33.03 -32.97 -32.91 -32.81 -32.75 -32.66
-32.78 -32.72 -32.62 -32.53 -32.41 -32.28 -32.16 -32.03 -31.88 -31.72 -31.53 -31.31 -31.19 -31.06 -31.00 -30.94 -30.88 -30.88 -30.97 -31.09 -31.28 -31.47 -31.62 -31.81 -31.97 -32.16 -32.31 -32.50 -32.69 -32.84 -32.97 -33.09 -33.22 -33.31 -33.41 -33.47 -33.53 -33.62 -33.69 -33.75 -33.78 -33.81 -33.88 -33.88 -33.91 -33.94 -33.94 -33.94 -33.91 -33.88 -33.84 -33.78 -33.72 -33.69 -33.62 -33.53 -33.47 -33.38 -33.28 -33.22 -33.16 -33.09 -33.06 -33.03 -33.00 -32.94 -32.91 -32.84 -32.75 -32.69 -32.59
-32.69 -32.62 -32.53 -32.44 -32.34 -32.25 -32.12 -31.97 -31.84 -31.69 -31.50 -31.28 -31.12 -31.00 -30.94 -30.88 -30.84 -30.88 -30.97 -31.12 -31.28 -31.50 -31.66 -31.84 -32.03 -32.19 -32.38 -32.53 -32.69 -32.84 -33.00 -33.12 -33.25 -33.34 -33.44 -33.50 -33.59 -33.66 -33.72 -33.78 -33.84 -33.88 -33.91 -33.94 -33.97 -33.97 -34.00 -33.97 -33.97 -33.94 -33.88 -33.84 -33.78 -33.72 -33.66 -33.59 -33.50 -33.38 -33.28 -33.19 -33.12 -33.06 -33.00 -32.97 -32.91 -32.84 -32.78 -32.72 -32.66 -32.56 -32.50
-32.59 -32.53 -32.47 -32.38 -32.31 -32.22 -32.09 -31.97 -31.81 -31.69 -31.50 -31.28 -31.09 -31.00 -30.91 -30.81 -30.81 -30.91 -31.00 -31.12 -31.31 -31.53 -31.72 -31.88 -32.06 -32.22 -32.41 -32.56 -32.72 -32.88 -33.03 -33.16 -33.25 -33.38 -33.44 -33.53 -33.62 -33.69 -33.78 -33.84 -33.88 -33.94 -33.97 -33.97 -34.00 -34.00 -34.03 -34.03 -34.00 -33.97 -33.94 -33.91 -33.84 -33.78 -33.72 -33.62 -33.50 -33.41 -33.28 -33.19 -33.09 -33.00 -32.94 -32.88 -32.81 -32.75 -32.69 -32.59 -32.53 -32.47 -32.38
-32.50 -32.44 -32.38 -32.34 -32.25 -32.19 -32.09 -31.97 -31.84 -31.69 -31.50 -31.31 -31.09 -30.97 -30.88 -30.81 -30.81 -30.91 -31.00 -31.12 -31.34 -31.53 -31.72 -31.94 -32.09 -32.28 -32.44 -32.59 -32.75 -32.91 -33.03 -33.16 -33.28 -33.38 -33.47 -33.56 -33.66 -33.72 -33.81 -33.88 -33.94 -33.97 -34.00 -34.03 -34.03 -34.03 -34.06 -34.06 -34.03 -34.03 -34.00 -33.94 -33.91 -33.84 -33.75 -33.66 -33.56 -33.44 -33.31 -33.19 -33.06 -32.97 -32.88 -32.78 -32.69 -32.62 -32.53 -32.47 -32.41 -32.31 -32.22
-32.44 -32.38 -32.34 -32.31 -32.25 -32.19 -32.09 -31.97 -31.84 -31.69 -31.53 -31.38 -31.16 -31.00 -30.88 -30.81 -30.78 -30.88 -30.97 -31.12 -31.31 -31.56 -31.75 -31.94 -32.12 -32.31 -32.47 -32.62 -32.78 -32.94 -33.06 -33.22 -33.31 -33.44 -33.53 -33.59 -33.69 -33.78 -33.84 -33.91 -33.97 -34.00 -34.03 -34.03 -34.06 -34.06 -34.06 -34.06 -34.06 -34.06 -34.03 -34.00 -33.94 -33.88 -33.78 -33.69 -33.56 -33.44 -33.31 -33.19 -33.06 -32.91 -32.78 -32.69 -32.56 -32.50 -32.41 -32.34 -32.25 -32.16 -32.06
-32.41 -32.38 -32.34 -32.31 -32.25 -32.19 -32.12 -32.00 -31.88 -31.72 -31.53 -31.38 -31.22 -31.06 -30.94 -30.81 -30.78 -30.84 -30.94 -31.12 -31.34 -31.56 -31.75 -31.94 -32.12 -32.31 -32.50 -32.66 -32.81 -32.97 -33.12 -33.25 -33.38 -33.47 -33.56 -33.66 -33.72 -33.81 -33.88 -33.94 -33.97 -34.03 -34.06 -34.06 -34.06 -34.09 -34.09 -34.09 -34.09 -34.09 -34.06 -34.00 -33.94 -33.88 -33.81 -33.69 -33.59 -33.47 -33.31 -33.19 -33.03 -32.88 -32.72 -32.59 -32.47 -32.38 -32.28 -32.19 -32.09 -32.00 -31.91
-32.41 -32.38 -32.34 -32.31 -32.28 -32.22 -32.12 -32.03 -31.88 -31.72 -31.53 -31.38 -31.25 -31.09 -30.97 -30.84 -30.81 -30.88 -30.97 -31.16 -31.34 -31.53 -31.75 -31.97 -32.16 -32.34 -32.50 -32.69 -32.84 -33.00 -33.16 -33.28 -33.41 -33.53 -33.62 -33.69 -33.78 -33.84 -33.91 -33.97 -34.00 -34.03 -34.06 -34.09 -34.09 -34.09 -34.09 -34.12 -34.09 -34.09 -34.06 -34.00 -33.94 -33.88 -33.78 -33.69 -33.56 -33.44 -33.31 -33.16 -33.00 -32.81 -32.66 -32.50 -32.38 -32.25 -32.16 -32.06 -31.94 -31.84 -31.72
-32.41 -32.41 -32.38 -32.38 -32.31 -32.25 -32.16 -32.06 -31.91 -31.75 -31.56 -31.38 -31.25 -31.09 -30.97 -30.88 -30.88 -30.94 -31.03 -31.22 -31.38 -31.56 -31.78 -31.97 -32.16 -32.34 -32.53 -32.69 -32.88 -33.03 -33.19 -33.31 -33.47 -33.56 -33.66 -33.75 -33.81 -33.88 -33.94 -34.00 -34.03 -34.06 -34.06 -34.09 -34.09 -34.09 -34.09 -34.12 -34.09 -34.09 -34.03 -33.97 -33.91 -33.84 -33.75 -33.66 -33.53 -33.41 -33.28 -33.12 -32.94 -32.75 -32.59 -32.41 -32.25 -32.12 -32.03 -31.91 -31.81 -31.69 -31.56
-32.44 -32.44 -32.44 -32.41 -32.34 -32.28 -32.19 -32.09 -31.94 -31.81 -31.62 -31.44 -31.28 -31.12 -31.00 -30.91 -30.88 -30.97 -31.12 -31.31 -31.47 -31.62 -31.81 -32.00 -32.19 -32.34 -32.53 -32.72 -32.88 -33.03 -33.19 -33.34 -33.47 -33.59 -33.69 -33.78 -33.84 -33.91 -33.97 -34.00 -34.03 -34.06 -34.09 -34.09 -34.09 -34.09 -34.09 -34.09 -34.09 -34.06 -34.00 -33.94 -33.88 -33.78 -33.69 -33.59 -33.47 -33.34 -33.19 -33.03 -32.88 -32.66 -32.47 -32.31 -32.12 -32.00 -31.88 -31.78 -31.66 -31.53 -31.41
-32.50 -32.47 -32.47 -32.44 -32.38 -32.31 -32.22 -32.12 -32.00 -31.88 -31.72 -31.53 -31.34 -31.22 -31.12 -31.03 -30.97 -31.09 -31.22 -31.38 -31.53 -31.69 -31.88 -32.03 -32.19 -32.38 -32.53 -32.69 -32.88 -33.03 -33.19 -33.34 -33.50 -33.62 -33.72 -33.81 -33.88 -33.94 -33.97 -34.03 -34.06 -34.06 -34.09 -34.09 -34.09 -34.09 -34.09 -34.06 -34.06 -34.03 -33.97 -33.91 -33.81 -33.72 -33.62 -33.50 -33.38 -33.25 -33.09 -32.94 -32.75 -32.56 -32.34 -32.12 -31.97 -31.81 -31.69 -31.59 -31.50 -31.38 -31.25
-32.53 -32.50 -32.50 -32.47 -32.41 -32.34 -32.25 -32.16 -32.06 -31.94 -31.78 -31.66 -31.50 -31.34 -31.25 -31.19 -31.12 -31.19 -31.31 -31.44 -31.59 -31.75 -31.91 -32.06 -32.22 -32.38 -32.53 -32.69 -32.88 -33.03 -33.19 -33.34 -33.50 -33.62 -33.72 -33.81 -33.88 -33.94 -34.00 -34.03 -34.06 -34.06 -34.06 -34.06 -34.06 -34.06 -34.06 -34.03 -34.03 -33.97 -33.91 -33.84 -33.75 -33.66 -33.53 -33.41 -33.28 -33.16 -33.00 -32.81 -32.62 -32.41 -32.19 -31.94 -31.75 -31.62 -31.50 -31.41 -31.31 -31.19 -31.06
-32.56 -32.53 -32.53 -32.50 -32.44 -32.38 -32.31 -32.22 -32.12 -32.00 -31.88 -31.75 -31.62 -31.50 -31.41 -31.34 -31.31 -31.31 -31.38 -31.53 -31.66 -31.81 -31.97 -32.12 -32.25 -32.41 -32.56 -32.72 -32.88 -33.03 -33.19 -33.34 -33.47 -33.62 -33.72 -33.81 -33.88 -33.94 -33.97 -34.00 -34.03 -34.03 -34.03 -34.06 -34.06 -34.03 -34.03 -34.00 -33.97 -33.94 -33.84 -33.78 -33.66 -33.56 -33.44 -33.31 -33.16 -33.03 -32.84 -32.69 -32.47 -32.25 -31.94 -31.75 -31.53 -31.34 -31.25 -31.19 -31.09 -30.97 -30.84
-32.56 -32.56 -32.53 -32.50 -32.47 -32.41 -32.34 -32.28 -32.19 -32.09 -31.97 -31.84 -31.75 -31.62 -31.53 -31.47 -31.44 -31.44 -31.47 -31.59 -31.72 -31.88 -32.03 -32.16 -32.31 -32.44 -32.56 -32.72 -32.88 -33.03 -33.19 -33.31 -33.47 -33.59 -33.69 -33.78 -33.84 -33.91 -33.94 -33.97 -34.00 -34.00 -34.00 -34.00 -34.00 -34.00 -33.97 -33.97 -33.91 -33.88 -33.78 -33.69 -33.56 -33.44 -33.31 -33.16 -33.03 -32.88 -32.72 -32.53 -32.34 -32.09 -31.81 -31.56 -31.34 -31.12 -31.00 -30.94 -30.84 -30.72 -30.56
-32.59 -32.59 -32.56 -32.53 -32.50 -32.47 -32.41 -32.34 -32.25 -32.16 -32.06 -31.97 -31.84 -31.75 -31.66 -31.59 -31.53 -31.53 -31.56 -31.62 -31.75 -31.91 -32.03 -32.19 -32.31 -32.44 -32.56 -32.72 -32.88 -33.00 -33.16 -33.28 -33.44 -33.53 -33.66 -33.75 -33.81 -33.84 -33.91 -33.94 -33.97 -33.97 -33.97 -33.97 -33.97 -33.94 -33.94 -33.91 -33.84 -33.78 -33.72 -33.59 -33.47 -33.31 -33.19 -33.03 -32.88 -32.72 -32.56 -32.38 -32.16 -31.91 -31.62 -31.31 -31.06 -30.84 -30.69 -30.66 -30.56 -30.44 -30.31
-32.59 -32.59 -32.59 -32.56 -32.53 -32.50 -32.47 -32.41 -32.31 -32.25 -32.16 -32.06 -31.94 -31.84 -31.75 -31.69 -31.62 -31.59 -31.59 -31.69 -31.78 -31.91 -32.03 -32.16 -32.28 -32.41 -32.56 -32.69 -32.81 -32.97 -33.09 -33.22 -33.38 -33.47 -33.59 -33.66 -33.72 -33.78 -33.84 -33.88 -33.91 -33.91 -33.91 -33.91 -33.91 -33.88 -33.84 -33.81 -33.75 -33.69 -33.62 -33.50 -33.38 -33.22 -33.06 -32.88 -32.72 -32.53 -32.38 -32.19 -31.94 -31.69 -31.44 -31.12 -30.78 -30.53 -30.34 -30.28 -30.28 -30.22 -30.09
-32.62 -32.62 -32.62 -32.59 -32.59 -32.56 -32.50 -32.44 -32.38 -32.31 -32.22 -32.12 -32.03 -31.94 -31.84 -31.78 -31.72 -31.69 -31.66 -31.69 -31.78 -31.88 -32.00 -32.09 -32.25 -32.38 -32.50 -32.62 -32.75 -32.88 -33.00 -33.16 -33.28 -33.41 -33.50 -33.56 -33.62 -33.69 -33.75 -33.78 -33.81 -33.84 -33.84 -33.84 -33.81 -33.78 -33.75 -33.72 -33.66 -33.59 -33.50 -33.38 -33.25 -33.09 -32.94 -32.75 -32.56 -32.31 -32.19 -31.97 -31.72 -31.44 -31.16 -30.84 -30.53 -30.25 -30.00 -29.91 -29.94 -29.88 -29.78
-32.66 -32.66 -32.66 -32.66 -32.62 -32.59 -32.56 -32.50 -32.44 -32.38 -32.28 -32.19 -32.09 -32.00 -31.91 -31.84 -31.78 -31.75 -31.69 -31.69 -31.75 -31.84 -31.94 -32.06 -32.16 -32.28 -32.41 -32.53 -32.66 -32.78 -32.91 -33.03 -33.19 -33.28 -33.38 -33.47 -33.53 -33.59 -33.62 -33.69 -33.72 -33.75 -33.75 -33.75 -33.72 -33.69 -33.66 -33.59 -33.53 -33.44 -33.38 -33.25 -33.12 -32.97 -32.81 -32.59 -32.41 -32.12 -31.94 -31.69 -31.50 -31.25 -30.94 -30.59 -30.28 -30.06 -29.72 -29.53 -29.53 -29.47 -29.50
-32.69 -32.69 -32.69 -32.69 -32.66 -32.62 -32.59 -32.53 -32.50 -32.41 -32.34 -32.25 -32.16 -32.06 -31.97 -31.91 -31.84 -31.78 -31.75 -31.72 -31.75 -31.81 -31.88 -31.97 -32.09 -32.19 -32.31 -32.41 -32.53 -32.66 -32.78 -32.94 -33.06 -33.19 -33.28 -33.34 -33.41 -33.47 -33.53 -33.56 -33.62 -33.66 -33.66 -33.66 -33.62 -33.56 -33.53 -33.47 -33.38 -33.31 -33.22 -33.09 -32.97 -32.81 -32.66 -32.47 -32.28 -32.00 -31.75 -31.50 -31.25 -31.03 -30.72 -30.34 -30.06 -29.78 -29.50 -29.28 -29.22 -29.25 -29.22
-32.72 -32.72 -32.72 -32.69 -32.69 -32.66 -32.62 -32.56 -32.53 -32.44 -32.38 -32.28 -32.19 -32.09 -32.03 -31.94 -31.88 -31.81 -31.75 -31.72 -31.72 -31.75 -31.84 -31.91 -32.00 -32.09 -32.19 -32.28 -32.41 -32.53 -32.69 -32.81 -32.94 -33.06 -33.12 -33.22 -33.25 -33.31 -33.38 -33.44 -33.50 -33.53 -33.56 -33.53 -33.50 -33.44 -33.38 -33.31 -33.22 -33.12 -33.03 -32.94 -32.81 -32.66 -32.50 -32.31 -32.09 -31.88 -31.66 -31.41 -31.09 -30.81 -30.47 -30.25 -29.94 -29.59 -29.31 -29.06 -29.03 -29.00 -29.00
-32.75 -32.75 -32.75 -32.72 -32.72 -32.69 -32.66 -32.59 -32.53 -32.47 -32.38 -32.28 -32.22 -32.12 -32.06 -31.97 -31.91 -31.84 -31.78 -31.72 -31.69 -31.72 -31.78 -31.84 -31.91 -32.00 -32.09 -32.19 -32.28 -32.41 -32.56 -32.69 -32.81 -32.94 -33.00 -33.06 -33.12 -33.19 -33.25 -33.31 -33.38 -33.44 -33.44 -33.44 -33.38 -33.31 -33.25 -33.16 -33.06 -32.94 -32.84 -32.75 -32.62 -32.50 -32.34 -32.19 -31.97 -31.78 -31.56 -31.38 -31.09 -30.72 -30.38 -30.09 -29.81 -29.53 -29.28 -29.06 -28.91 -28.84 -28.84
-32.78 -32.75 -32.75 -32.72 -32.72 -32.69 -32.66 -32.62 -32.56 -32.47 -32.41 -32.31 -32.22 -32.16 -32.06 -32.00 -31.94 -31.84 -31.78 -31.75 -31.72 -31.69 -31.72 -31.78 -31.84 -31.91 -31.97 -32.06 -32.19 -32.31 -32.47 -32.59 -32.72 -32.81 -32.84 -32.91 -32.97 -33.03 -33.09 -33.16 -33.22 -33.28 -33.31 -33.28 -33.25 -33.16 -33.09 -32.97 -32.88 -32.75 -32.66 -32.56 -32.44 -32.31 -32.16 -32.03 -31.84 -31.66 -31.47 -31.25 -30.97 -30.59 -30.22 -29.88 -29.66 -29.38 -29.16 -28.94 -28.78 -28.75 -28.66
