everonasctiles/Tile4,19.asc
ncols 128
nrows 128
xllcorner 0
yllcorner 0
cellsize 2.0
NODATA_value  -9999
[rows 0 to 31 of 128, columns 0 to 70 of 128]
-34.81 -34.78 -34.72 -34.69 -34.66 -34.66 -34.66 -34.66 -34.62 -34.59 -34.56 -34.50 -34.44 -34.38 -34.28 -34.16 -34.03 -33.91 -33.78 -33.62 -33.50 -33.34 -33.19 -33.03 -32.88 -32.69 -32.53 -32.34 -32.16 -31.97 -31.78 -31.59 -31.41 -31.19 -31.03 -30.91 -30.81 -30.72 -30.62 -30.53 -30.41 -30.31 -30.25 -30.12 -30.03 -29.91 -29.78 -29.66 -29.50 -29.41 -29.34 -29.25 -29.12 -29.00 -28.94 -28.84 -28.75 -28.66 -28.59 -28.47 -28.38 -28.31 -28.25 -28.19 -28.12 -28.00 -27.88 -27.62 -27.28 -27.16 -27.31
-34.97 -34.91 -34.88 -34.84 -34.84 -34.81 -34.81 -34.78 -34.75 -34.72 -34.69 -34.62 -34.56 -34.47 -34.34 -34.25 -34.09 -33.94 -33.81 -33.66 -33.50 -33.34 -33.19 -33.03 -32.88 -32.69 -32.53 -32.38 -32.19 -32.00 -31.81 -31.62 -31.47 -31.31 -31.19 -31.03 -30.91 -30.78 -30.72 -30.62 -30.50 -30.41 -30.31 -30.22 -30.12 -30.03 -29.91 -29.81 -29.69 -29.59 -29.50 -29.41 -29.31 -29.19 -29.09 -29.00 -28.84 -28.78 -28.72 -28.62 -28.53 -28.47 -28.41 -28.34 -28.22 -28.03 -27.88 -27.66 -27.38 -27.12 -27.22
-35.12 -35.06 -35.03 -35.00 -35.00 -34.97 -34.94 -34.91 -34.88 -34.84 -34.78 -34.72 -34.66 -34.53 -34.44 -34.28 -34.12 -33.97 -33.81 -33.66 -33.50 -33.34 -33.19 -33.03 -32.88 -32.72 -32.56 -32.41 -32.25 -32.09 -31.91 -31.72 -31.56 -31.44 -31.31 -31.16 -31.00 -30.88 -30.78 -30.69 -30.59 -30.50 -30.41 -30.34 -30.25 -30.12 -30.03 -29.94 -29.84 -29.75 -29.66 -29.53 -29.44 -29.31 -29.22 -29.12 -29.00 -28.91 -28.81 -28.75 -28.72 -28.62 -28.56 -28.44 -28.31 -28.16 -27.97 -27.66 -27.31 -27.00 -26.91
-35.25 -35.22 -35.19 -35.16 -35.12 -35.09 -35.06 -35.03 -35.00 -34.94 -34.91 -34.81 -34.72 -34.59 -34.47 -34.31 -34.16 -34.00 -33.84 -33.66 -33.50 -33.34 -33.19 -33.03 -32.91 -32.75 -32.62 -32.47 -32.31 -32.16 -32.00 -31.84 -31.69 -31.53 -31.38 -31.25 -31.12 -30.97 -30.84 -30.78 -30.69 -30.59 -30.53 -30.47 -30.38 -30.25 -30.12 -30.03 -29.94 -29.88 -29.78 -29.66 -29.53 -29.41 -29.34 -29.25 -29.12 -29.03 -28.97 -28.94 -28.88 -28.78 -28.66 -28.53 -28.38 -28.25 -28.12 -27.84 -27.38 -26.88 -26.69
-35.41 -35.38 -35.34 -35.31 -35.28 -35.25 -35.22 -35.16 -35.09 -35.06 -34.97 -34.91 -34.78 -34.66 -34.50 -34.34 -34.19 -34.03 -33.84 -33.69 -33.50 -33.34 -33.22 -33.06 -32.94 -32.81 -32.69 -32.56 -32.41 -32.25 -32.09 -31.94 -31.78 -31.62 -31.44 -31.34 -31.22 -31.06 -30.94 -30.84 -30.78 -30.69 -30.62 -30.56 -30.47 -30.38 -30.25 -30.12 -30.03 -29.97 -29.91 -29.78 -29.66 -29.53 -29.47 -29.34 -29.25 -29.16 -29.09 -29.03 -28.97 -28.84 -28.72 -28.59 -28.47 -28.34 -28.19 -27.94 -27.44 -26.81 -26.69
-35.53 -35.50 -35.47 -35.44 -35.41 -35.38 -35.31 -35.28 -35.22 -35.16 -35.06 -34.97 -34.84 -34.69 -34.56 -34.38 -34.22 -34.06 -33.88 -33.72 -33.56 -33.41 -33.28 -33.12 -33.03 -32.91 -32.75 -32.62 -32.47 -32.34 -32.19 -32.03 -31.88 -31.72 -31.59 -31.44 -31.31 -31.19 -31.06 -30.94 -30.88 -30.81 -30.75 -30.69 -30.59 -30.47 -30.34 -30.25 -30.16 -30.09 -30.00 -29.94 -29.81 -29.69 -29.59 -29.47 -29.34 -29.22 -29.16 -29.09 -29.00 -28.88 -28.75 -28.66 -28.53 -28.44 -28.22 -27.88 -27.41 -26.88 -26.69
-35.66 -35.62 -35.59 -35.56 -35.53 -35.47 -35.44 -35.38 -35.31 -35.22 -35.12 -35.03 -34.88 -34.75 -34.59 -34.44 -34.28 -34.09 -33.94 -33.78 -33.62 -33.47 -33.34 -33.22 -33.09 -32.97 -32.81 -32.69 -32.53 -32.41 -32.25 -32.09 -31.94 -31.81 -31.66 -31.53 -31.41 -31.28 -31.16 -31.06 -31.00 -30.94 -30.88 -30.78 -30.69 -30.56 -30.47 -30.38 -30.28 -30.19 -30.12 -30.06 -29.94 -29.84 -29.72 -29.53 -29.34 -29.22 -29.09 -29.03 -28.97 -28.84 -28.72 -28.62 -28.56 -28.47 -28.25 -27.88 -27.47 -27.09 -26.88
-35.78 -35.75 -35.72 -35.69 -35.62 -35.59 -35.53 -35.47 -35.38 -35.28 -35.19 -35.06 -34.94 -34.81 -34.66 -34.50 -34.34 -34.19 -34.03 -33.88 -33.72 -33.59 -33.44 -33.31 -33.19 -33.03 -32.88 -32.72 -32.59 -32.44 -32.28 -32.16 -32.00 -31.88 -31.75 -31.62 -31.50 -31.38 -31.28 -31.19 -31.12 -31.06 -30.97 -30.88 -30.78 -30.69 -30.56 -30.47 -30.41 -30.31 -30.25 -30.19 -30.06 -29.94 -29.78 -29.59 -29.34 -29.12 -28.97 -28.91 -28.84 -28.75 -28.62 -28.56 -28.50 -28.44 -28.28 -28.00 -27.62 -27.22 -27.12
-35.91 -35.88 -35.81 -35.78 -35.75 -35.69 -35.62 -35.53 -35.44 -35.34 -35.22 -35.12 -35.00 -34.88 -34.72 -34.56 -34.44 -34.28 -34.12 -33.97 -33.81 -33.69 -33.56 -33.41 -33.25 -33.09 -32.94 -32.78 -32.62 -32.47 -32.31 -32.19 -32.06 -31.94 -31.81 -31.69 -31.59 -31.50 -31.41 -31.34 -31.25 -31.19 -31.09 -31.00 -30.91 -30.78 -30.69 -30.59 -30.50 -30.47 -30.41 -30.28 -30.16 -30.00 -29.84 -29.62 -29.34 -29.03 -28.88 -28.81 -28.69 -28.56 -28.44 -28.38 -28.34 -28.38 -28.31 -28.12 -27.91 -27.59 -27.28
-36.03 -35.97 -35.94 -35.88 -35.81 -35.75 -35.69 -35.59 -35.50 -35.38 -35.28 -35.16 -35.06 -34.94 -34.81 -34.66 -34.53 -34.38 -34.22 -34.06 -33.91 -33.78 -33.62 -33.47 -33.31 -33.16 -32.97 -32.81 -32.62 -32.47 -32.34 -32.22 -32.09 -31.97 -31.88 -31.78 -31.69 -31.59 -31.53 -31.44 -31.38 -31.31 -31.22 -31.12 -31.03 -30.91 -30.81 -30.72 -30.66 -30.59 -30.50 -30.41 -30.25 -30.12 -29.97 -29.72 -29.38 -28.97 -28.78 -28.62 -28.50 -28.34 -28.19 -28.09 -28.16 -28.25 -28.28 -28.19 -28.03 -27.75 -27.34
-36.12 -36.09 -36.03 -35.97 -35.91 -35.81 -35.75 -35.62 -35.53 -35.44 -35.31 -35.22 -35.09 -35.00 -34.88 -34.75 -34.59 -34.47 -34.31 -34.16 -34.00 -33.84 -33.69 -33.53 -33.34 -33.19 -33.00 -32.84 -32.66 -32.50 -32.38 -32.25 -32.12 -32.03 -31.94 -31.88 -31.78 -31.72 -31.66 -31.56 -31.50 -31.44 -31.34 -31.25 -31.16 -31.06 -30.94 -30.84 -30.78 -30.72 -30.62 -30.53 -30.38 -30.25 -30.06 -29.81 -29.41 -28.91 -28.62 -28.41 -28.09 -27.94 -27.91 -27.94 -28.00 -28.09 -28.19 -28.16 -27.97 -27.69 -27.28
-36.25 -36.19 -36.12 -36.03 -35.97 -35.88 -35.78 -35.66 -35.56 -35.44 -35.34 -35.25 -35.16 -35.03 -34.94 -34.81 -34.69 -34.53 -34.38 -34.22 -34.03 -33.88 -33.72 -33.56 -33.38 -33.22 -33.06 -32.88 -32.72 -32.56 -32.41 -32.28 -32.19 -32.09 -32.03 -31.97 -31.91 -31.84 -31.75 -31.69 -31.62 -31.53 -31.47 -31.38 -31.28 -31.19 -31.09 -31.00 -30.94 -30.84 -30.75 -30.62 -30.47 -30.31 -30.16 -29.88 -29.44 -28.94 -28.47 -28.16 -27.84 -27.69 -27.75 -27.84 -27.91 -27.94 -28.06 -28.12 -27.91 -27.59 -27.28
-36.34 -36.25 -36.19 -36.09 -36.00 -35.91 -35.81 -35.69 -35.59 -35.47 -35.38 -35.28 -35.19 -35.06 -34.97 -34.84 -34.72 -34.56 -34.41 -34.25 -34.06 -33.91 -33.75 -33.59 -33.44 -33.28 -33.09 -32.94 -32.78 -32.62 -32.50 -32.38 -32.28 -32.19 -32.12 -32.06 -32.00 -31.94 -31.88 -31.81 -31.75 -31.69 -31.59 -31.53 -31.41 -31.34 -31.25 -31.16 -31.09 -30.97 -30.88 -30.72 -30.56 -30.41 -30.22 -29.94 -29.50 -28.94 -28.41 -27.97 -27.72 -27.69 -27.69 -27.78 -27.81 -27.88 -27.97 -28.00 -27.88 -27.62 -27.34
-36.41 -36.31 -36.22 -36.12 -36.03 -35.91 -35.81 -35.72 -35.59 -35.50 -35.41 -35.31 -35.19 -35.09 -35.00 -34.88 -34.72 -34.59 -34.44 -34.25 -34.09 -33.94 -33.78 -33.62 -33.47 -33.34 -33.19 -33.03 -32.88 -32.72 -32.59 -32.47 -32.38 -32.31 -32.25 -32.19 -32.16 -32.09 -32.03 -31.97 -31.91 -31.81 -31.75 -31.66 -31.56 -31.47 -31.38 -31.31 -31.19 -31.09 -30.94 -30.78 -30.62 -30.47 -30.31 -30.06 -29.66 -29.12 -28.53 -28.03 -27.88 -27.84 -27.81 -27.78 -27.69 -27.69 -27.78 -27.84 -27.81 -27.69 -27.53
-36.47 -36.38 -36.28 -36.16 -36.03 -35.94 -35.84 -35.72 -35.62 -35.53 -35.41 -35.31 -35.22 -35.12 -35.00 -34.88 -34.72 -34.56 -34.41 -34.25 -34.09 -33.94 -33.81 -33.69 -33.53 -33.41 -33.25 -33.12 -32.97 -32.81 -32.72 -32.59 -32.53 -32.47 -32.41 -32.34 -32.28 -32.22 -32.19 -32.12 -32.06 -31.97 -31.88 -31.81 -31.72 -31.62 -31.53 -31.41 -31.28 -31.16 -31.00 -30.84 -30.69 -30.53 -30.38 -30.16 -29.84 -29.31 -28.69 -28.16 -28.00 -27.97 -27.91 -27.78 -27.56 -27.50 -27.62 -27.72 -27.75 -27.72 -27.66
-36.53 -36.41 -36.31 -36.19 -36.06 -35.94 -35.84 -35.75 -35.62 -35.53 -35.44 -35.31 -35.22 -35.12 -35.00 -34.84 -34.72 -34.56 -34.41 -34.25 -34.09 -33.97 -33.84 -33.72 -33.62 -33.50 -33.38 -33.22 -33.09 -32.97 -32.84 -32.75 -32.66 -32.59 -32.53 -32.50 -32.44 -32.41 -32.34 -32.28 -32.22 -32.12 -32.03 -31.94 -31.84 -31.75 -31.62 -31.50 -31.38 -31.22 -31.06 -30.91 -30.72 -30.59 -30.41 -30.22 -29.94 -29.47 -28.88 -28.22 -28.03 -27.84 -27.59 -27.59 -27.50 -27.50 -27.59 -27.69 -27.75 -27.75 -27.72
-36.56 -36.44 -36.31 -36.19 -36.06 -35.97 -35.84 -35.75 -35.62 -35.53 -35.44 -35.31 -35.22 -35.09 -34.97 -34.84 -34.72 -34.56 -34.41 -34.25 -34.12 -34.00 -33.88 -33.78 -33.69 -33.56 -33.47 -33.34 -33.22 -33.09 -33.00 -32.91 -32.84 -32.78 -32.72 -32.66 -32.59 -32.56 -32.50 -32.44 -32.34 -32.25 -32.16 -32.06 -31.97 -31.84 -31.72 -31.56 -31.41 -31.25 -31.09 -30.94 -30.78 -30.59 -30.44 -30.25 -29.97 -29.53 -28.97 -28.41 -28.06 -27.84 -27.59 -27.59 -27.59 -27.69 -27.66 -27.69 -27.81 -27.81 -27.75
-36.56 -36.44 -36.31 -36.19 -36.09 -35.97 -35.88 -35.75 -35.66 -35.53 -35.44 -35.31 -35.19 -35.09 -34.97 -34.84 -34.69 -34.56 -34.41 -34.28 -34.16 -34.03 -33.94 -33.84 -33.75 -33.66 -33.56 -33.44 -33.34 -33.25 -33.16 -33.06 -33.00 -32.94 -32.88 -32.81 -32.78 -32.72 -32.66 -32.59 -32.50 -32.41 -32.31 -32.19 -32.06 -31.91 -31.78 -31.62 -31.44 -31.28 -31.12 -30.97 -30.78 -30.59 -30.44 -30.25 -30.03 -29.66 -29.19 -28.62 -28.25 -28.06 -27.91 -27.88 -27.88 -27.94 -27.84 -27.84 -27.91 -27.88 -27.75
-36.56 -36.44 -36.34 -36.22 -36.09 -36.00 -35.88 -35.75 -35.66 -35.53 -35.41 -35.31 -35.19 -35.06 -34.94 -34.81 -34.69 -34.56 -34.44 -34.31 -34.19 -34.09 -34.00 -33.91 -33.84 -33.75 -33.66 -33.56 -33.47 -33.38 -33.31 -33.22 -33.16 -33.09 -33.03 -33.00 -32.94 -32.91 -32.81 -32.75 -32.62 -32.53 -32.41 -32.28 -32.12 -31.97 -31.81 -31.66 -31.50 -31.34 -31.16 -31.00 -30.81 -30.62 -30.41 -30.25 -30.06 -29.81 -29.47 -29.06 -28.56 -28.38 -28.19 -28.16 -28.22 -28.19 -28.03 -28.00 -27.97 -27.91 -27.78
-36.59 -36.47 -36.34 -36.22 -36.12 -36.00 -35.88 -35.78 -35.66 -35.53 -35.41 -35.31 -35.19 -35.06 -34.94 -34.81 -34.69 -34.56 -34.44 -34.31 -34.22 -34.12 -34.06 -34.00 -33.91 -33.84 -33.75 -33.69 -33.59 -33.53 -33.47 -33.41 -33.31 -33.25 -33.19 -33.12 -33.09 -33.03 -32.97 -32.88 -32.75 -32.62 -32.50 -32.34 -32.22 -32.03 -31.88 -31.69 -31.53 -31.34 -31.19 -31.03 -30.84 -30.66 -30.47 -30.25 -30.06 -29.88 -29.66 -29.25 -28.84 -28.56 -28.41 -28.38 -28.41 -28.28 -28.16 -28.09 -28.00 -27.91 -27.78
-36.62 -36.50 -36.38 -36.25 -36.12 -36.00 -35.88 -35.78 -35.66 -35.53 -35.44 -35.31 -35.22 -35.09 -34.97 -34.84 -34.72 -34.59 -34.47 -34.38 -34.28 -34.19 -34.12 -34.06 -34.00 -33.94 -33.84 -33.78 -33.72 -33.66 -33.59 -33.53 -33.47 -33.38 -33.28 -33.22 -33.12 -33.09 -33.06 -33.00 -32.88 -32.72 -32.59 -32.44 -32.28 -32.09 -31.94 -31.75 -31.56 -31.34 -31.19 -31.03 -30.88 -30.69 -30.50 -30.28 -30.06 -29.88 -29.69 -29.34 -28.97 -28.56 -28.44 -28.47 -28.47 -28.34 -28.22 -28.06 -27.91 -27.84 -27.78
-36.66 -36.53 -36.38 -36.25 -36.12 -36.03 -35.91 -35.78 -35.69 -35.56 -35.44 -35.34 -35.22 -35.09 -35.00 -34.88 -34.75 -34.62 -34.50 -34.41 -34.34 -34.28 -34.22 -34.16 -34.09 -34.03 -33.94 -33.91 -33.84 -33.78 -33.72 -33.69 -33.59 -33.50 -33.38 -33.34 -33.19 -33.19 -33.16 -33.06 -32.94 -32.81 -32.66 -32.50 -32.31 -32.16 -31.97 -31.78 -31.56 -31.34 -31.16 -31.03 -30.88 -30.72 -30.53 -30.31 -30.09 -29.91 -29.62 -29.25 -28.81 -28.53 -28.47 -28.47 -28.47 -28.34 -28.19 -28.03 -27.88 -27.84 -27.78
-36.69 -36.53 -36.41 -36.28 -36.16 -36.03 -35.94 -35.81 -35.69 -35.56 -35.47 -35.34 -35.22 -35.12 -35.00 -34.91 -34.78 -34.66 -34.56 -34.50 -34.44 -34.38 -34.31 -34.25 -34.19 -34.12 -34.06 -34.00 -33.97 -33.91 -33.84 -33.81 -33.72 -33.59 -33.50 -33.47 -33.38 -33.28 -33.19 -33.06 -32.97 -32.88 -32.72 -32.53 -32.38 -32.19 -32.00 -31.78 -31.59 -31.38 -31.16 -31.00 -30.88 -30.69 -30.50 -30.28 -30.09 -29.81 -29.50 -29.09 -28.75 -28.56 -28.50 -28.47 -28.44 -28.34 -28.22 -28.06 -28.00 -27.94 -27.81
-36.69 -36.56 -36.44 -36.31 -36.19 -36.06 -35.97 -35.84 -35.72 -35.59 -35.47 -35.34 -35.25 -35.12 -35.03 -34.91 -34.81 -34.75 -34.66 -34.59 -34.53 -34.50 -34.44 -34.38 -34.31 -34.22 -34.19 -34.12 -34.06 -34.00 -33.97 -33.91 -33.84 -33.78 -33.66 -33.59 -33.47 -33.34 -33.25 -33.09 -33.00 -32.88 -32.75 -32.59 -32.47 -32.25 -32.03 -31.84 -31.59 -31.38 -31.16 -30.97 -30.81 -30.62 -30.44 -30.22 -30.00 -29.66 -29.28 -28.91 -28.62 -28.47 -28.50 -28.50 -28.44 -28.34 -28.25 -28.12 -28.03 -27.94 -27.81
-36.72 -36.59 -36.47 -36.34 -36.22 -36.09 -36.00 -35.88 -35.75 -35.62 -35.47 -35.34 -35.25 -35.12 -35.03 -34.97 -34.88 -34.81 -34.78 -34.72 -34.66 -34.59 -34.56 -34.47 -34.41 -34.34 -34.28 -34.22 -34.19 -34.12 -34.06 -34.03 -33.94 -33.84 -33.75 -33.66 -33.50 -33.41 -33.31 -33.16 -33.00 -32.94 -32.78 -32.62 -32.47 -32.31 -32.09 -31.88 -31.62 -31.38 -31.16 -30.94 -30.72 -30.53 -30.31 -30.12 -29.88 -29.59 -29.22 -28.88 -28.53 -28.41 -28.47 -28.41 -28.38 -28.28 -28.25 -28.16 -28.03 -27.88 -27.75
-36.72 -36.59 -36.50 -36.38 -36.25 -36.12 -36.00 -35.88 -35.75 -35.62 -35.50 -35.38 -35.25 -35.16 -35.09 -35.03 -35.00 -34.94 -34.88 -34.84 -34.78 -34.72 -34.66 -34.56 -34.50 -34.44 -34.38 -34.34 -34.28 -34.22 -34.16 -34.12 -34.03 -33.88 -33.81 -33.66 -33.53 -33.44 -33.31 -33.16 -33.03 -32.91 -32.72 -32.56 -32.50 -32.31 -32.12 -31.91 -31.66 -31.41 -31.16 -30.88 -30.66 -30.44 -30.22 -30.00 -29.81 -29.53 -29.19 -28.81 -28.50 -28.38 -28.31 -28.22 -28.22 -28.25 -28.22 -28.09 -27.97 -27.75 -27.59
-36.72 -36.59 -36.50 -36.38 -36.25 -36.12 -36.00 -35.88 -35.78 -35.66 -35.53 -35.41 -35.31 -35.22 -35.19 -35.12 -35.09 -35.06 -35.03 -34.97 -34.91 -34.84 -34.75 -34.62 -34.53 -34.50 -34.44 -34.41 -34.41 -34.25 -34.22 -34.16 -34.09 -33.97 -33.91 -33.72 -33.59 -33.50 -33.34 -33.16 -33.00 -32.84 -32.69 -32.56 -32.50 -32.34 -32.12 -31.91 -31.69 -31.41 -31.12 -30.88 -30.56 -30.34 -30.12 -29.91 -29.72 -29.47 -29.19 -28.88 -28.53 -28.31 -28.12 -28.12 -28.12 -28.16 -28.12 -28.03 -27.88 -27.72 -27.56
-36.72 -36.56 -36.47 -36.38 -36.25 -36.12 -36.03 -35.91 -35.81 -35.69 -35.59 -35.47 -35.38 -35.34 -35.28 -35.25 -35.22 -35.19 -35.16 -35.09 -35.03 -34.97 -34.81 -34.62 -34.53 -34.41 -34.38 -34.47 -34.50 -34.34 -34.28 -34.25 -34.09 -34.03 -33.94 -33.78 -33.62 -33.50 -33.31 -33.16 -33.00 -32.84 -32.75 -32.62 -32.53 -32.38 -32.16 -31.91 -31.66 -31.41 -31.12 -30.84 -30.50 -30.25 -30.06 -29.88 -29.69 -29.50 -29.28 -28.97 -28.62 -28.28 -28.16 -28.03 -28.03 -28.12 -28.09 -28.03 -27.88 -27.78 -27.69
-36.69 -36.53 -36.47 -36.38 -36.22 -36.16 -36.03 -35.94 -35.84 -35.75 -35.66 -35.56 -35.47 -35.44 -35.41 -35.38 -35.34 -35.31 -35.28 -35.22 -35.16 -35.06 -34.88 -34.62 -34.59 -34.25 -34.38 -34.53 -34.53 -34.41 -34.38 -34.31 -34.19 -34.09 -33.97 -33.84 -33.62 -33.44 -33.31 -33.19 -33.03 -32.84 -32.78 -32.69 -32.59 -32.41 -32.19 -31.94 -31.69 -31.41 -31.12 -30.84 -30.50 -30.22 -30.03 -29.84 -29.69 -29.56 -29.34 -29.00 -28.66 -28.31 -28.12 -28.00 -28.06 -28.22 -28.25 -28.12 -27.97 -27.84 -27.75
-36.66 -36.50 -36.41 -36.31 -36.19 -36.09 -36.06 -36.00 -35.94 -35.84 -35.75 -35.69 -35.59 -35.56 -35.53 -35.50 -35.47 -35.44 -35.38 -35.31 -35.25 -35.12 -34.91 -34.69 -34.66 -34.47 -34.41 -34.41 -34.34 -34.38 -34.44 -34.31 -34.22 -34.16 -33.97 -33.78 -33.66 -33.47 -33.31 -33.16 -33.00 -32.84 -32.69 -32.66 -32.62 -32.44 -32.22 -31.97 -31.72 -31.41 -31.12 -30.84 -30.53 -30.25 -29.97 -29.81 -29.72 -29.59 -29.34 -29.06 -28.69 -28.38 -28.12 -28.03 -28.16 -28.34 -28.34 -28.19 -28.06 -27.94 -27.81
-36.56 -36.50 -36.31 -36.25 -36.16 -36.09 -36.06 -36.03 -35.97 -35.91 -35.78 -35.78 -35.72 -35.69 -35.66 -35.62 -35.59 -35.53 -35.47 -35.41 -35.38 -35.25 -35.09 -34.88 -34.84 -34.66 -34.47 -34.38 -34.22 -34.28 -34.31 -34.31 -34.28 -34.31 -34.09 -33.81 -33.66 -33.50 -33.25 -33.12 -33.00 -32.88 -32.72 -32.62 -32.62 -32.44 -32.25 -32.00 -31.66 -31.41 -31.12 -30.81 -30.53 -30.25 -30.03 -29.88 -29.69 -29.53 -29.34 -29.00 -28.66 -28.34 -28.16 -28.12 -28.31 -28.47 -28.38 -28.25 -28.12 -28.00 -27.88
-36.66 -36.50 -36.31 -36.19 -36.22 -36.12 -36.12 -36.16 -36.09 -36.00 -35.91 -35.88 -35.84 -35.81 -35.75 -35.72 -35.69 -35.62 -35.56 -35.53 -35.47 -35.38 -35.19 -34.97 -34.94 -34.66 -34.53 -34.44 -34.25 -34.16 -34.28 -34.28 -34.31 -34.38 -34.31 -33.94 -33.66 -33.56 -33.28 -33.12 -33.06 -32.91 -32.75 -32.69 -32.59 -32.44 -32.25 -32.00 -31.75 -31.41 -31.16 -30.94 -30.59 -30.31 -30.12 -29.91 -29.66 -29.50 -29.34 -29.00 -28.75 -28.38 -28.28 -28.25 -28.47 -28.47 -28.38 -28.28 -28.16 -28.03 -27.91
