everonasctiles/Tile40,30.asc
ncols 128
nrows 128
xllcorner 0
yllcorner 0
cellsize 2.0
NODATA_value  -9999
[rows 96 to 127 of 128, columns 0 to 70 of 128]
-87.38 -87.59 -87.78 -87.94 -88.12 -88.28 -88.47 -88.69 -88.91 -89.12 -89.31 -89.53 -89.84 -90.28 -90.72 -91.09 -91.41 -91.75 -92.16 -92.56 -92.91 -93.19 -93.47 -93.72 -93.91 -94.09 -94.22 -94.28 -94.31 -94.31 -94.25 -94.12 -93.91 -93.56 -93.16 -92.69 -92.06 -91.16 -90.44 -90.12 -90.00 -89.88 -89.75 -89.56 -89.34 -89.09 -88.84 -88.59 -88.31 -88.03 -87.72 -87.41 -87.06 -86.75 -86.44 -86.12 -85.81 -85.50 -85.16 -84.81 -84.50 -84.25 -84.09 -84.03 -83.97 -83.97 -84.00 -84.09 -84.19 -84.31 -84.38
-87.47 -87.72 -87.94 -88.12 -88.31 -88.50 -88.72 -88.97 -89.22 -89.50 -89.78 -90.09 -90.47 -90.84 -91.25 -91.59 -91.91 -92.22 -92.53 -92.88 -93.19 -93.47 -93.72 -93.94 -94.16 -94.31 -94.44 -94.50 -94.53 -94.50 -94.44 -94.31 -94.06 -93.72 -93.31 -92.84 -92.25 -91.34 -90.53 -90.03 -89.88 -89.78 -89.66 -89.50 -89.31 -89.09 -88.88 -88.66 -88.41 -88.12 -87.84 -87.56 -87.28 -86.97 -86.66 -86.34 -86.00 -85.62 -85.25 -84.91 -84.59 -84.41 -84.34 -84.28 -84.22 -84.22 -84.22 -84.28 -84.34 -84.44 -84.53
-87.53 -87.81 -88.03 -88.25 -88.47 -88.66 -88.91 -89.16 -89.47 -89.81 -90.19 -90.56 -90.94 -91.31 -91.69 -92.00 -92.31 -92.59 -92.88 -93.16 -93.47 -93.72 -93.97 -94.16 -94.38 -94.53 -94.62 -94.69 -94.69 -94.66 -94.59 -94.47 -94.22 -93.88 -93.47 -93.00 -92.44 -91.62 -90.75 -90.12 -89.88 -89.75 -89.62 -89.47 -89.31 -89.12 -88.91 -88.72 -88.50 -88.25 -88.00 -87.72 -87.44 -87.16 -86.84 -86.50 -86.12 -85.72 -85.34 -84.97 -84.69 -84.62 -84.56 -84.53 -84.47 -84.44 -84.44 -84.47 -84.53 -84.59 -84.69
-87.62 -87.91 -88.12 -88.34 -88.56 -88.78 -89.03 -89.31 -89.66 -90.03 -90.47 -90.94 -91.38 -91.75 -92.12 -92.44 -92.72 -92.97 -93.22 -93.47 -93.72 -93.97 -94.19 -94.38 -94.56 -94.69 -94.78 -94.84 -94.84 -94.81 -94.72 -94.56 -94.31 -94.00 -93.59 -93.12 -92.56 -91.88 -91.12 -90.50 -90.09 -89.84 -89.62 -89.47 -89.31 -89.12 -88.94 -88.75 -88.56 -88.34 -88.09 -87.84 -87.59 -87.28 -86.94 -86.59 -86.19 -85.81 -85.41 -85.00 -84.81 -84.84 -84.81 -84.78 -84.75 -84.69 -84.66 -84.66 -84.72 -84.78 -84.84
-87.69 -87.97 -88.22 -88.44 -88.66 -88.88 -89.12 -89.41 -89.78 -90.22 -90.69 -91.22 -91.69 -92.16 -92.50 -92.81 -93.09 -93.31 -93.53 -93.75 -93.97 -94.19 -94.38 -94.56 -94.72 -94.84 -94.94 -94.97 -94.97 -94.91 -94.81 -94.66 -94.44 -94.09 -93.69 -93.22 -92.69 -92.06 -91.41 -90.78 -90.31 -89.94 -89.66 -89.47 -89.28 -89.09 -88.94 -88.75 -88.56 -88.38 -88.16 -87.91 -87.62 -87.34 -87.00 -86.62 -86.25 -85.84 -85.41 -85.03 -85.03 -85.06 -85.09 -85.06 -85.00 -84.91 -84.88 -84.88 -84.91 -84.94 -85.00
-87.78 -88.06 -88.31 -88.53 -88.72 -88.91 -89.12 -89.41 -89.81 -90.31 -90.88 -91.44 -91.97 -92.44 -92.84 -93.16 -93.44 -93.66 -93.84 -94.00 -94.19 -94.41 -94.56 -94.72 -94.88 -94.97 -95.06 -95.06 -95.06 -95.00 -94.91 -94.75 -94.50 -94.19 -93.81 -93.34 -92.81 -92.22 -91.56 -90.94 -90.41 -89.97 -89.66 -89.41 -89.19 -89.03 -88.84 -88.69 -88.50 -88.31 -88.09 -87.88 -87.59 -87.31 -86.97 -86.62 -86.28 -85.91 -85.47 -85.19 -85.25 -85.31 -85.34 -85.31 -85.22 -85.16 -85.09 -85.09 -85.09 -85.12 -85.16
-87.84 -88.12 -88.38 -88.56 -88.75 -88.91 -89.06 -89.25 -89.59 -90.25 -90.97 -91.62 -92.19 -92.69 -93.09 -93.44 -93.72 -93.94 -94.09 -94.25 -94.44 -94.59 -94.75 -94.88 -95.00 -95.09 -95.16 -95.16 -95.12 -95.06 -94.94 -94.81 -94.59 -94.28 -93.94 -93.47 -92.94 -92.34 -91.69 -91.00 -90.38 -89.88 -89.53 -89.25 -89.06 -88.88 -88.72 -88.56 -88.38 -88.22 -88.00 -87.75 -87.50 -87.22 -86.91 -86.59 -86.28 -85.91 -85.53 -85.41 -85.50 -85.56 -85.59 -85.56 -85.47 -85.38 -85.31 -85.28 -85.28 -85.28 -85.28
-87.84 -88.16 -88.38 -88.59 -88.78 -89.00 -89.12 -89.16 -89.47 -90.12 -90.94 -91.78 -92.41 -92.94 -93.34 -93.66 -93.94 -94.16 -94.34 -94.50 -94.62 -94.78 -94.91 -95.03 -95.12 -95.19 -95.22 -95.19 -95.16 -95.09 -95.00 -94.88 -94.66 -94.38 -94.03 -93.56 -93.03 -92.44 -91.75 -90.97 -90.22 -89.66 -89.31 -89.06 -88.84 -88.69 -88.50 -88.38 -88.22 -88.06 -87.84 -87.62 -87.38 -87.12 -86.84 -86.53 -86.28 -85.97 -85.62 -85.62 -85.75 -85.81 -85.84 -85.81 -85.72 -85.62 -85.53 -85.47 -85.44 -85.44 -85.44
-87.81 -88.09 -88.34 -88.56 -88.88 -89.22 -89.53 -89.72 -90.06 -90.66 -91.38 -92.09 -92.72 -93.19 -93.59 -93.88 -94.16 -94.38 -94.53 -94.69 -94.81 -94.94 -95.06 -95.16 -95.22 -95.28 -95.28 -95.25 -95.22 -95.16 -95.06 -94.94 -94.72 -94.47 -94.09 -93.66 -93.12 -92.50 -91.78 -90.81 -89.81 -89.28 -88.97 -88.75 -88.59 -88.44 -88.28 -88.12 -88.00 -87.84 -87.69 -87.47 -87.25 -87.00 -86.75 -86.50 -86.25 -85.97 -85.78 -85.88 -86.00 -86.06 -86.12 -86.06 -85.97 -85.84 -85.72 -85.66 -85.62 -85.62 -85.59
-87.75 -88.00 -88.25 -88.53 -88.94 -89.47 -90.03 -90.62 -91.12 -91.69 -92.25 -92.78 -93.22 -93.59 -93.88 -94.16 -94.38 -94.56 -94.72 -94.88 -95.00 -95.09 -95.22 -95.28 -95.34 -95.34 -95.34 -95.31 -95.28 -95.22 -95.12 -94.97 -94.78 -94.50 -94.12 -93.69 -93.16 -92.56 -91.69 -90.34 -89.19 -88.62 -88.53 -88.41 -88.28 -88.16 -88.00 -87.88 -87.75 -87.62 -87.47 -87.28 -87.09 -86.84 -86.62 -86.41 -86.19 -85.97 -85.97 -86.12 -86.25 -86.31 -86.38 -86.31 -86.19 -86.06 -85.94 -85.88 -85.84 -85.81 -85.78
-87.66 -87.91 -88.12 -88.41 -88.84 -89.66 -90.56 -91.28 -91.94 -92.53 -93.03 -93.41 -93.72 -94.00 -94.25 -94.47 -94.66 -94.78 -94.94 -95.03 -95.16 -95.25 -95.34 -95.41 -95.44 -95.44 -95.44 -95.41 -95.34 -95.28 -95.16 -95.00 -94.78 -94.50 -94.12 -93.69 -93.19 -92.56 -91.34 -89.81 -88.53 -87.91 -87.97 -88.00 -87.94 -87.84 -87.72 -87.56 -87.47 -87.34 -87.22 -87.06 -86.88 -86.69 -86.50 -86.28 -86.06 -86.03 -86.22 -86.38 -86.50 -86.56 -86.59 -86.53 -86.41 -86.28 -86.16 -86.09 -86.03 -85.97 -85.94
-87.59 -87.84 -88.03 -88.41 -89.16 -90.12 -91.19 -91.94 -92.50 -93.06 -93.50 -93.88 -94.16 -94.41 -94.59 -94.78 -94.94 -95.06 -95.16 -95.25 -95.31 -95.41 -95.47 -95.53 -95.53 -95.56 -95.53 -95.47 -95.41 -95.31 -95.19 -95.03 -94.78 -94.47 -94.09 -93.69 -93.19 -92.41 -90.97 -89.38 -88.00 -87.25 -87.28 -87.56 -87.59 -87.53 -87.41 -87.28 -87.16 -87.06 -86.97 -86.84 -86.69 -86.50 -86.34 -86.12 -85.97 -86.22 -86.47 -86.62 -86.75 -86.84 -86.88 -86.78 -86.66 -86.53 -86.41 -86.31 -86.22 -86.16 -86.12
-87.62 -87.91 -88.25 -88.94 -89.88 -90.97 -91.94 -92.56 -93.09 -93.59 -94.00 -94.31 -94.56 -94.78 -94.97 -95.12 -95.25 -95.34 -95.41 -95.44 -95.50 -95.56 -95.59 -95.62 -95.66 -95.66 -95.62 -95.56 -95.47 -95.34 -95.22 -95.03 -94.78 -94.47 -94.09 -93.69 -93.19 -92.28 -90.84 -89.22 -87.75 -86.78 -86.69 -87.09 -87.25 -87.25 -87.12 -87.00 -86.88 -86.78 -86.72 -86.59 -86.47 -86.31 -86.12 -85.91 -86.12 -86.50 -86.72 -86.88 -87.00 -87.09 -87.12 -87.03 -86.91 -86.78 -86.62 -86.53 -86.44 -86.34 -86.28
-87.75 -88.25 -88.88 -89.78 -90.91 -91.94 -92.66 -93.19 -93.62 -94.09 -94.47 -94.75 -95.00 -95.19 -95.34 -95.44 -95.53 -95.62 -95.66 -95.66 -95.69 -95.72 -95.72 -95.75 -95.75 -95.75 -95.69 -95.62 -95.53 -95.41 -95.25 -95.06 -94.81 -94.50 -94.12 -93.69 -93.22 -92.50 -91.12 -89.50 -87.88 -86.66 -86.25 -86.69 -86.91 -86.97 -86.88 -86.72 -86.59 -86.53 -86.44 -86.34 -86.22 -86.06 -85.81 -85.97 -86.41 -86.75 -86.94 -87.12 -87.28 -87.38 -87.38 -87.31 -87.16 -87.00 -86.88 -86.72 -86.62 -86.53 -86.44
-87.91 -88.91 -89.81 -90.78 -91.75 -92.59 -93.22 -93.69 -94.12 -94.53 -94.91 -95.16 -95.38 -95.56 -95.69 -95.78 -95.84 -95.88 -95.88 -95.88 -95.88 -95.88 -95.88 -95.84 -95.84 -95.81 -95.75 -95.66 -95.56 -95.44 -95.28 -95.09 -94.84 -94.56 -94.19 -93.75 -93.28 -92.72 -91.62 -90.00 -88.28 -86.84 -86.12 -86.38 -86.62 -86.69 -86.59 -86.47 -86.34 -86.25 -86.19 -86.12 -85.94 -85.66 -85.75 -86.19 -86.72 -87.00 -87.22 -87.41 -87.53 -87.62 -87.62 -87.56 -87.41 -87.25 -87.06 -86.94 -86.81 -86.72 -86.62
-88.31 -89.75 -90.75 -91.53 -92.31 -93.03 -93.62 -94.16 -94.56 -94.97 -95.28 -95.53 -95.72 -95.88 -95.97 -96.06 -96.09 -96.12 -96.09 -96.09 -96.06 -96.03 -96.00 -95.97 -95.94 -95.88 -95.81 -95.72 -95.59 -95.47 -95.34 -95.16 -94.94 -94.62 -94.28 -93.81 -93.31 -92.75 -92.03 -90.56 -88.81 -87.28 -86.31 -86.19 -86.38 -86.41 -86.31 -86.19 -86.09 -86.03 -85.97 -85.81 -85.53 -85.56 -85.94 -86.50 -87.03 -87.28 -87.50 -87.69 -87.81 -87.91 -87.88 -87.78 -87.62 -87.47 -87.28 -87.12 -87.03 -86.94 -86.84
-88.84 -90.53 -91.44 -92.06 -92.78 -93.44 -94.03 -94.53 -94.97 -95.31 -95.59 -95.84 -96.00 -96.16 -96.25 -96.31 -96.34 -96.31 -96.31 -96.28 -96.22 -96.16 -96.12 -96.06 -96.00 -95.94 -95.84 -95.75 -95.62 -95.50 -95.38 -95.19 -94.97 -94.69 -94.34 -93.88 -93.34 -92.75 -92.09 -91.03 -89.41 -87.88 -86.84 -86.28 -86.16 -86.12 -86.03 -85.94 -85.84 -85.78 -85.66 -85.41 -85.44 -85.84 -86.41 -86.97 -87.34 -87.59 -87.81 -88.00 -88.12 -88.16 -88.12 -88.03 -87.88 -87.69 -87.50 -87.38 -87.25 -87.16 -87.06
-89.38 -91.09 -91.88 -92.53 -93.19 -93.81 -94.41 -94.88 -95.28 -95.62 -95.88 -96.09 -96.25 -96.38 -96.47 -96.53 -96.53 -96.50 -96.47 -96.44 -96.34 -96.28 -96.22 -96.16 -96.06 -95.97 -95.88 -95.75 -95.66 -95.53 -95.38 -95.19 -94.97 -94.69 -94.34 -93.91 -93.38 -92.75 -92.06 -91.28 -90.00 -88.59 -87.38 -86.41 -85.88 -85.81 -85.75 -85.62 -85.50 -85.34 -85.16 -85.22 -85.75 -86.41 -87.00 -87.38 -87.66 -87.91 -88.12 -88.31 -88.41 -88.44 -88.41 -88.28 -88.09 -87.91 -87.75 -87.62 -87.53 -87.41 -87.31
-89.81 -91.44 -92.19 -92.84 -93.53 -94.12 -94.66 -95.12 -95.53 -95.84 -96.12 -96.31 -96.47 -96.56 -96.66 -96.72 -96.72 -96.69 -96.62 -96.56 -96.47 -96.38 -96.31 -96.22 -96.12 -96.03 -95.91 -95.78 -95.66 -95.50 -95.34 -95.12 -94.91 -94.62 -94.28 -93.88 -93.34 -92.75 -92.06 -91.34 -90.47 -89.09 -87.59 -86.28 -85.44 -85.16 -85.03 -84.94 -84.81 -84.72 -84.75 -85.22 -86.06 -86.97 -87.41 -87.72 -88.00 -88.25 -88.47 -88.62 -88.72 -88.72 -88.66 -88.50 -88.34 -88.19 -88.03 -87.91 -87.81 -87.69 -87.56
-90.06 -91.62 -92.38 -93.00 -93.66 -94.25 -94.78 -95.25 -95.66 -96.00 -96.28 -96.47 -96.62 -96.72 -96.81 -96.84 -96.84 -96.81 -96.75 -96.66 -96.56 -96.47 -96.38 -96.28 -96.19 -96.09 -95.97 -95.84 -95.69 -95.53 -95.31 -95.09 -94.84 -94.56 -94.22 -93.81 -93.31 -92.75 -92.09 -91.41 -90.66 -89.19 -87.47 -85.97 -84.97 -84.53 -84.38 -84.38 -84.47 -84.59 -84.84 -85.41 -86.25 -87.22 -87.72 -88.06 -88.38 -88.62 -88.81 -88.97 -89.03 -89.00 -88.91 -88.78 -88.62 -88.47 -88.34 -88.22 -88.09 -87.94 -87.81
-90.19 -91.56 -92.41 -93.00 -93.59 -94.19 -94.75 -95.25 -95.69 -96.06 -96.38 -96.59 -96.75 -96.84 -96.94 -96.97 -96.97 -96.94 -96.84 -96.75 -96.66 -96.53 -96.44 -96.34 -96.25 -96.16 -96.03 -95.91 -95.75 -95.56 -95.34 -95.09 -94.78 -94.47 -94.16 -93.75 -93.28 -92.75 -92.12 -91.53 -90.69 -89.03 -87.25 -85.72 -84.75 -84.50 -84.66 -84.94 -85.22 -85.41 -85.59 -85.97 -86.59 -87.41 -88.03 -88.41 -88.72 -88.97 -89.16 -89.28 -89.31 -89.28 -89.19 -89.06 -88.91 -88.78 -88.62 -88.50 -88.34 -88.19 -88.06
-90.22 -91.41 -92.38 -92.94 -93.50 -94.06 -94.62 -95.22 -95.69 -96.12 -96.44 -96.69 -96.88 -96.97 -97.03 -97.09 -97.09 -97.06 -96.97 -96.88 -96.75 -96.62 -96.53 -96.44 -96.34 -96.25 -96.16 -96.03 -95.84 -95.66 -95.44 -95.16 -94.84 -94.53 -94.19 -93.81 -93.34 -92.81 -92.22 -91.62 -90.53 -88.81 -87.06 -85.69 -85.16 -85.34 -85.81 -86.22 -86.53 -86.72 -86.81 -87.00 -87.31 -87.81 -88.38 -88.72 -89.03 -89.28 -89.47 -89.56 -89.59 -89.56 -89.47 -89.34 -89.22 -89.06 -88.94 -88.78 -88.59 -88.44 -88.31
-90.34 -91.62 -92.66 -93.25 -93.72 -94.25 -94.75 -95.31 -95.78 -96.19 -96.53 -96.78 -96.97 -97.09 -97.16 -97.19 -97.19 -97.16 -97.09 -97.00 -96.88 -96.75 -96.66 -96.53 -96.44 -96.34 -96.25 -96.16 -96.00 -95.81 -95.56 -95.31 -95.03 -94.72 -94.38 -93.94 -93.47 -92.91 -92.31 -91.59 -90.22 -88.50 -86.94 -86.00 -86.09 -86.66 -87.22 -87.66 -87.94 -88.03 -88.06 -88.12 -88.28 -88.53 -88.81 -89.06 -89.34 -89.56 -89.75 -89.84 -89.88 -89.84 -89.75 -89.62 -89.50 -89.38 -89.22 -89.03 -88.88 -88.72 -88.59
-90.53 -91.94 -92.94 -93.50 -94.06 -94.56 -95.06 -95.53 -95.94 -96.34 -96.66 -96.88 -97.06 -97.19 -97.25 -97.31 -97.31 -97.28 -97.22 -97.12 -97.00 -96.91 -96.78 -96.69 -96.56 -96.47 -96.41 -96.28 -96.12 -95.97 -95.75 -95.50 -95.25 -94.94 -94.56 -94.09 -93.56 -93.00 -92.38 -91.34 -89.81 -88.19 -86.94 -86.66 -87.22 -87.91 -88.34 -88.50 -88.62 -88.72 -88.78 -88.91 -89.00 -89.12 -89.28 -89.47 -89.66 -89.84 -90.00 -90.09 -90.12 -90.09 -90.03 -89.91 -89.78 -89.66 -89.50 -89.31 -89.12 -89.00 -88.91
-90.72 -92.09 -93.00 -93.62 -94.28 -94.84 -95.31 -95.75 -96.16 -96.47 -96.75 -97.00 -97.19 -97.31 -97.38 -97.41 -97.44 -97.41 -97.34 -97.25 -97.16 -97.06 -96.94 -96.81 -96.72 -96.62 -96.53 -96.44 -96.31 -96.12 -95.94 -95.72 -95.44 -95.12 -94.69 -94.19 -93.66 -93.06 -92.31 -90.91 -89.34 -87.91 -87.12 -87.50 -88.25 -88.62 -88.81 -88.94 -89.03 -89.12 -89.22 -89.28 -89.38 -89.47 -89.62 -89.81 -89.97 -90.12 -90.28 -90.34 -90.38 -90.34 -90.28 -90.19 -90.06 -89.91 -89.75 -89.56 -89.41 -89.28 -89.22
-90.94 -92.06 -92.94 -93.62 -94.34 -94.97 -95.50 -95.94 -96.28 -96.62 -96.88 -97.09 -97.28 -97.41 -97.50 -97.53 -97.56 -97.53 -97.47 -97.41 -97.31 -97.22 -97.09 -96.97 -96.88 -96.78 -96.69 -96.56 -96.44 -96.31 -96.12 -95.88 -95.59 -95.22 -94.78 -94.25 -93.72 -93.09 -91.94 -90.41 -88.88 -87.72 -87.53 -88.25 -88.78 -89.00 -89.19 -89.34 -89.47 -89.56 -89.62 -89.69 -89.72 -89.81 -89.94 -90.09 -90.25 -90.41 -90.50 -90.56 -90.59 -90.56 -90.50 -90.41 -90.28 -90.16 -90.00 -89.84 -89.69 -89.59 -89.53
-91.12 -92.00 -92.78 -93.50 -94.22 -94.91 -95.47 -95.97 -96.34 -96.69 -96.97 -97.19 -97.38 -97.53 -97.62 -97.66 -97.69 -97.66 -97.62 -97.56 -97.47 -97.38 -97.25 -97.12 -97.00 -96.91 -96.81 -96.69 -96.56 -96.44 -96.25 -96.00 -95.69 -95.28 -94.84 -94.31 -93.78 -93.06 -91.66 -90.00 -88.50 -87.66 -88.00 -88.78 -89.12 -89.34 -89.56 -89.72 -89.88 -89.97 -90.00 -90.03 -90.06 -90.09 -90.22 -90.34 -90.50 -90.62 -90.72 -90.78 -90.81 -90.78 -90.72 -90.62 -90.53 -90.41 -90.25 -90.09 -89.97 -89.88 -89.81
-91.16 -91.81 -92.53 -93.31 -94.06 -94.75 -95.34 -95.88 -96.31 -96.69 -97.00 -97.25 -97.44 -97.59 -97.72 -97.78 -97.81 -97.78 -97.75 -97.72 -97.62 -97.53 -97.41 -97.25 -97.12 -97.00 -96.91 -96.78 -96.66 -96.50 -96.28 -96.03 -95.72 -95.31 -94.84 -94.34 -93.81 -93.09 -91.53 -89.78 -88.38 -87.81 -88.44 -89.12 -89.38 -89.62 -89.84 -90.03 -90.19 -90.25 -90.31 -90.31 -90.31 -90.34 -90.44 -90.56 -90.72 -90.81 -90.91 -90.97 -90.97 -90.97 -90.91 -90.84 -90.72 -90.59 -90.47 -90.34 -90.25 -90.16 -90.09
-91.00 -91.53 -92.22 -93.03 -93.88 -94.62 -95.25 -95.78 -96.25 -96.66 -96.97 -97.25 -97.47 -97.66 -97.78 -97.88 -97.91 -97.91 -97.91 -97.84 -97.75 -97.66 -97.50 -97.34 -97.22 -97.06 -96.94 -96.81 -96.69 -96.53 -96.28 -96.00 -95.69 -95.31 -94.84 -94.31 -93.78 -93.06 -91.50 -89.75 -88.44 -88.12 -88.81 -89.38 -89.62 -89.84 -90.06 -90.25 -90.41 -90.50 -90.56 -90.56 -90.56 -90.56 -90.62 -90.72 -90.84 -90.97 -91.06 -91.09 -91.12 -91.12 -91.09 -91.00 -90.91 -90.81 -90.69 -90.59 -90.50 -90.41 -90.38
-90.75 -91.00 -91.53 -92.44 -93.50 -94.47 -95.19 -95.72 -96.16 -96.56 -96.94 -97.22 -97.47 -97.69 -97.81 -97.94 -98.00 -98.03 -98.00 -97.97 -97.88 -97.75 -97.59 -97.44 -97.28 -97.12 -96.97 -96.84 -96.69 -96.50 -96.25 -95.94 -95.59 -95.22 -94.75 -94.22 -93.72 -93.00 -91.44 -89.78 -88.59 -88.56 -89.19 -89.62 -89.84 -90.03 -90.22 -90.41 -90.56 -90.66 -90.72 -90.75 -90.72 -90.75 -90.78 -90.88 -90.97 -91.09 -91.16 -91.22 -91.25 -91.25 -91.22 -91.16 -91.09 -91.00 -90.91 -90.81 -90.72 -90.62 -90.59
-90.31 -90.44 -91.03 -92.00 -93.16 -94.25 -95.09 -95.66 -96.12 -96.53 -96.88 -97.22 -97.47 -97.69 -97.84 -97.97 -98.06 -98.09 -98.12 -98.06 -97.97 -97.84 -97.69 -97.50 -97.34 -97.19 -97.03 -96.88 -96.69 -96.44 -96.19 -95.84 -95.47 -95.06 -94.59 -94.09 -93.59 -92.78 -91.25 -89.75 -88.84 -89.06 -89.62 -89.91 -90.06 -90.22 -90.38 -90.50 -90.66 -90.78 -90.84 -90.88 -90.88 -90.91 -90.94 -91.00 -91.09 -91.19 -91.25 -91.31 -91.34 -91.38 -91.34 -91.31 -91.25 -91.16 -91.06 -91.00 -90.91 -90.84 -90.78
-89.94 -90.16 -90.81 -91.81 -92.97 -94.06 -95.00 -95.66 -96.12 -96.50 -96.88 -97.22 -97.47 -97.72 -97.91 -98.03 -98.12 -98.19 -98.22 -98.16 -98.06 -97.94 -97.78 -97.62 -97.44 -97.25 -97.09 -96.91 -96.69 -96.44 -96.12 -95.75 -95.34 -94.91 -94.41 -93.91 -93.34 -92.25 -90.88 -89.66 -89.19 -89.59 -90.00 -90.16 -90.28 -90.38 -90.50 -90.59 -90.72 -90.84 -90.94 -90.97 -91.00 -91.03 -91.06 -91.09 -91.19 -91.25 -91.34 -91.41 -91.44 -91.47 -91.47 -91.44 -91.38 -91.31 -91.22 -91.16 -91.06 -91.00 -90.97
