everonasctiles/Tile[0,20].asc
ncols 128
nrows 128
xllcorner 0
yllcorner 0
cellsize 2.0
NODATA_value  -9999
[rows 0 to 31 of 128, columns 0 to 70 of 128]
-45.88 -45.94 -46.03 -46.12 -46.25 -46.41 -46.56 -46.72 -46.91 -47.09 -47.28 -47.44 -47.62 -47.81 -47.97 -48.16 -48.31 -48.47 -48.66 -48.81 -49.00 -49.19 -49.38 -49.56 -49.75 -49.91 -50.06 -50.22 -50.38 -50.50 -50.62 -50.72 -50.78 -50.81 -50.84 -50.88 -50.91 -50.94 -51.00 -51.03 -51.09 -51.12 -51.16 -51.16 -51.19 -51.19 -51.19 -51.19 -51.19 -51.19 -51.16 -51.16 -51.12 -51.09 -51.03 -51.00 -50.94 -50.91 -50.84 -50.81 -50.75 -50.69 -50.62 -50.59 -50.59 -50.62 -50.69 -50.75 -50.81 -50.88 -50.94
-45.91 -45.97 -46.03 -46.16 -46.28 -46.41 -46.59 -46.75 -46.94 -47.12 -47.31 -47.50 -47.66 -47.84 -48.03 -48.19 -48.38 -48.56 -48.72 -48.88 -49.06 -49.22 -49.38 -49.56 -49.72 -49.84 -50.00 -50.12 -50.28 -50.41 -50.50 -50.59 -50.66 -50.72 -50.75 -50.78 -50.81 -50.84 -50.91 -50.94 -51.00 -51.03 -51.06 -51.09 -51.12 -51.12 -51.12 -51.12 -51.12 -51.12 -51.12 -51.12 -51.09 -51.06 -51.03 -51.00 -50.97 -50.94 -50.88 -50.84 -50.78 -50.75 -50.69 -50.66 -50.66 -50.66 -50.69 -50.75 -50.81 -50.88 -50.94
-45.91 -45.97 -46.06 -46.16 -46.28 -46.44 -46.59 -46.78 -46.97 -47.16 -47.34 -47.53 -47.72 -47.91 -48.06 -48.25 -48.44 -48.62 -48.78 -48.94 -49.09 -49.25 -49.41 -49.56 -49.69 -49.81 -49.94 -50.06 -50.19 -50.31 -50.41 -50.47 -50.56 -50.59 -50.66 -50.69 -50.72 -50.78 -50.81 -50.88 -50.94 -50.97 -51.00 -51.03 -51.06 -51.06 -51.06 -51.06 -51.06 -51.06 -51.06 -51.06 -51.06 -51.06 -51.06 -51.03 -51.03 -51.00 -50.94 -50.91 -50.88 -50.81 -50.75 -50.72 -50.69 -50.69 -50.72 -50.75 -50.81 -50.84 -50.91
-45.91 -45.97 -46.06 -46.16 -46.31 -46.44 -46.59 -46.78 -46.97 -47.16 -47.34 -47.56 -47.75 -47.94 -48.12 -48.28 -48.47 -48.66 -48.81 -48.97 -49.12 -49.28 -49.41 -49.53 -49.66 -49.78 -49.91 -50.00 -50.12 -50.22 -50.31 -50.38 -50.44 -50.50 -50.56 -50.59 -50.62 -50.69 -50.75 -50.81 -50.84 -50.91 -50.94 -50.97 -50.97 -51.00 -51.00 -51.00 -51.00 -51.03 -51.03 -51.06 -51.09 -51.09 -51.12 -51.09 -51.09 -51.06 -51.03 -51.00 -50.94 -50.91 -50.84 -50.81 -50.78 -50.75 -50.75 -50.75 -50.78 -50.84 -50.88
-45.91 -45.97 -46.03 -46.16 -46.28 -46.44 -46.59 -46.75 -46.94 -47.16 -47.34 -47.53 -47.75 -47.94 -48.12 -48.31 -48.50 -48.69 -48.84 -49.00 -49.12 -49.28 -49.41 -49.53 -49.66 -49.75 -49.84 -49.97 -50.06 -50.12 -50.22 -50.28 -50.34 -50.41 -50.47 -50.50 -50.56 -50.59 -50.66 -50.72 -50.78 -50.84 -50.88 -50.91 -50.91 -50.94 -50.94 -50.97 -51.00 -51.03 -51.06 -51.09 -51.12 -51.16 -51.19 -51.19 -51.16 -51.12 -51.09 -51.06 -51.03 -50.97 -50.94 -50.88 -50.84 -50.81 -50.78 -50.78 -50.78 -50.81 -50.84
-45.88 -45.94 -46.03 -46.12 -46.25 -46.38 -46.53 -46.72 -46.91 -47.12 -47.31 -47.53 -47.72 -47.94 -48.12 -48.31 -48.50 -48.66 -48.84 -48.97 -49.12 -49.25 -49.38 -49.50 -49.62 -49.72 -49.81 -49.91 -50.00 -50.09 -50.16 -50.22 -50.28 -50.34 -50.41 -50.44 -50.50 -50.56 -50.62 -50.69 -50.75 -50.78 -50.84 -50.88 -50.91 -50.94 -50.97 -51.00 -51.03 -51.09 -51.12 -51.16 -51.19 -51.22 -51.25 -51.25 -51.25 -51.22 -51.19 -51.16 -51.09 -51.03 -51.00 -50.97 -50.94 -50.88 -50.84 -50.81 -50.78 -50.78 -50.81
-45.88 -45.91 -46.00 -46.09 -46.22 -46.34 -46.50 -46.69 -46.88 -47.06 -47.28 -47.50 -47.72 -47.91 -48.12 -48.31 -48.47 -48.66 -48.81 -48.94 -49.09 -49.22 -49.34 -49.47 -49.59 -49.69 -49.78 -49.88 -49.97 -50.06 -50.12 -50.19 -50.25 -50.31 -50.38 -50.44 -50.50 -50.56 -50.62 -50.69 -50.75 -50.81 -50.88 -50.91 -50.94 -50.97 -51.03 -51.06 -51.12 -51.16 -51.22 -51.25 -51.28 -51.31 -51.31 -51.31 -51.31 -51.28 -51.25 -51.22 -51.16 -51.12 -51.06 -51.03 -51.00 -50.97 -50.91 -50.84 -50.81 -50.78 -50.81
-45.84 -45.91 -45.97 -46.06 -46.19 -46.31 -46.47 -46.66 -46.84 -47.06 -47.28 -47.50 -47.69 -47.91 -48.09 -48.28 -48.47 -48.62 -48.78 -48.91 -49.06 -49.19 -49.31 -49.44 -49.56 -49.66 -49.78 -49.88 -49.94 -50.03 -50.12 -50.19 -50.28 -50.34 -50.44 -50.50 -50.56 -50.66 -50.72 -50.78 -50.84 -50.91 -50.94 -51.00 -51.03 -51.06 -51.12 -51.19 -51.22 -51.25 -51.31 -51.34 -51.38 -51.41 -51.41 -51.41 -51.38 -51.34 -51.31 -51.28 -51.22 -51.19 -51.16 -51.12 -51.06 -51.03 -50.97 -50.91 -50.84 -50.81 -50.78
-45.84 -45.91 -45.97 -46.06 -46.19 -46.31 -46.47 -46.66 -46.84 -47.06 -47.28 -47.50 -47.69 -47.91 -48.09 -48.28 -48.44 -48.59 -48.75 -48.88 -49.03 -49.16 -49.28 -49.41 -49.53 -49.66 -49.75 -49.84 -49.94 -50.03 -50.12 -50.22 -50.31 -50.41 -50.50 -50.59 -50.66 -50.75 -50.81 -50.91 -50.97 -51.03 -51.06 -51.09 -51.16 -51.19 -51.25 -51.28 -51.34 -51.38 -51.41 -51.44 -51.47 -51.47 -51.47 -51.47 -51.47 -51.44 -51.41 -51.34 -51.31 -51.25 -51.22 -51.19 -51.12 -51.06 -51.00 -50.94 -50.88 -50.81 -50.78
-45.84 -45.91 -46.00 -46.09 -46.22 -46.38 -46.53 -46.72 -46.91 -47.09 -47.31 -47.50 -47.72 -47.91 -48.09 -48.25 -48.44 -48.59 -48.72 -48.88 -49.00 -49.16 -49.28 -49.41 -49.53 -49.66 -49.78 -49.88 -49.97 -50.06 -50.16 -50.28 -50.38 -50.47 -50.56 -50.66 -50.75 -50.84 -50.94 -51.00 -51.09 -51.16 -51.19 -51.25 -51.28 -51.31 -51.38 -51.41 -51.44 -51.47 -51.50 -51.53 -51.53 -51.56 -51.56 -51.56 -51.53 -51.50 -51.47 -51.41 -51.38 -51.31 -51.28 -51.25 -51.19 -51.12 -51.03 -50.97 -50.88 -50.81 -50.78
-45.84 -45.91 -46.00 -46.12 -46.28 -46.44 -46.59 -46.78 -46.97 -47.16 -47.34 -47.56 -47.75 -47.91 -48.09 -48.28 -48.44 -48.59 -48.75 -48.88 -49.03 -49.16 -49.31 -49.44 -49.56 -49.69 -49.81 -49.91 -50.00 -50.12 -50.22 -50.31 -50.44 -50.56 -50.66 -50.75 -50.88 -50.97 -51.03 -51.12 -51.19 -51.25 -51.31 -51.38 -51.41 -51.44 -51.47 -51.50 -51.53 -51.56 -51.59 -51.59 -51.62 -51.62 -51.62 -51.62 -51.62 -51.59 -51.53 -51.47 -51.44 -51.38 -51.31 -51.28 -51.22 -51.12 -51.06 -50.97 -50.88 -50.81 -50.75
-45.84 -45.91 -46.03 -46.16 -46.31 -46.50 -46.66 -46.84 -47.03 -47.22 -47.41 -47.59 -47.78 -47.97 -48.12 -48.28 -48.47 -48.62 -48.78 -48.94 -49.06 -49.22 -49.34 -49.50 -49.62 -49.75 -49.88 -49.97 -50.09 -50.19 -50.28 -50.41 -50.53 -50.62 -50.75 -50.88 -50.97 -51.06 -51.16 -51.25 -51.31 -51.38 -51.44 -51.47 -51.53 -51.56 -51.59 -51.62 -51.62 -51.66 -51.66 -51.69 -51.69 -51.72 -51.72 -51.72 -51.69 -51.66 -51.59 -51.56 -51.50 -51.44 -51.38 -51.28 -51.22 -51.12 -51.06 -50.97 -50.88 -50.78 -50.72
-45.84 -45.91 -46.03 -46.19 -46.34 -46.53 -46.72 -46.91 -47.09 -47.28 -47.47 -47.66 -47.84 -48.00 -48.16 -48.34 -48.50 -48.66 -48.81 -48.97 -49.12 -49.28 -49.41 -49.56 -49.69 -49.81 -49.94 -50.06 -50.16 -50.28 -50.38 -50.50 -50.62 -50.72 -50.84 -50.97 -51.06 -51.19 -51.28 -51.34 -51.44 -51.50 -51.53 -51.59 -51.62 -51.66 -51.69 -51.72 -51.72 -51.75 -51.75 -51.75 -51.78 -51.78 -51.78 -51.78 -51.75 -51.72 -51.66 -51.59 -51.53 -51.47 -51.41 -51.31 -51.25 -51.16 -51.06 -50.97 -50.88 -50.78 -50.72
-45.81 -45.94 -46.06 -46.22 -46.38 -46.56 -46.78 -46.97 -47.16 -47.34 -47.53 -47.69 -47.88 -48.03 -48.22 -48.38 -48.53 -48.72 -48.88 -49.03 -49.19 -49.34 -49.50 -49.66 -49.78 -49.91 -50.03 -50.16 -50.28 -50.38 -50.50 -50.62 -50.72 -50.84 -50.97 -51.06 -51.19 -51.28 -51.38 -51.47 -51.53 -51.59 -51.66 -51.69 -51.72 -51.75 -51.78 -51.78 -51.81 -51.81 -51.81 -51.81 -51.84 -51.84 -51.84 -51.84 -51.81 -51.78 -51.72 -51.66 -51.59 -51.53 -51.44 -51.34 -51.28 -51.19 -51.06 -50.97 -50.88 -50.78 -50.69
-45.81 -45.94 -46.06 -46.22 -46.41 -46.59 -46.78 -46.97 -47.16 -47.34 -47.53 -47.72 -47.91 -48.06 -48.25 -48.41 -48.59 -48.75 -48.94 -49.09 -49.28 -49.44 -49.56 -49.72 -49.84 -50.00 -50.12 -50.25 -50.38 -50.50 -50.59 -50.72 -50.84 -50.97 -51.06 -51.19 -51.28 -51.38 -51.47 -51.56 -51.62 -51.69 -51.72 -51.75 -51.78 -51.81 -51.84 -51.84 -51.84 -51.88 -51.88 -51.88 -51.88 -51.88 -51.88 -51.88 -51.84 -51.81 -51.78 -51.72 -51.66 -51.56 -51.50 -51.41 -51.31 -51.22 -51.12 -51.00 -50.91 -50.81 -50.72
-45.81 -45.94 -46.06 -46.22 -46.41 -46.59 -46.78 -46.97 -47.16 -47.34 -47.56 -47.72 -47.91 -48.09 -48.28 -48.47 -48.62 -48.81 -49.00 -49.16 -49.31 -49.50 -49.62 -49.78 -49.94 -50.06 -50.22 -50.34 -50.47 -50.59 -50.72 -50.81 -50.94 -51.06 -51.16 -51.28 -51.38 -51.47 -51.56 -51.66 -51.72 -51.78 -51.81 -51.84 -51.84 -51.88 -51.88 -51.91 -51.91 -51.91 -51.91 -51.91 -51.91 -51.91 -51.91 -51.91 -51.88 -51.84 -51.81 -51.75 -51.69 -51.62 -51.53 -51.44 -51.38 -51.28 -51.16 -51.06 -50.97 -50.84 -50.75
-45.84 -45.94 -46.06 -46.22 -46.38 -46.56 -46.75 -46.94 -47.16 -47.34 -47.53 -47.72 -47.91 -48.09 -48.31 -48.50 -48.66 -48.84 -49.03 -49.19 -49.38 -49.53 -49.69 -49.84 -50.00 -50.12 -50.25 -50.41 -50.53 -50.66 -50.78 -50.91 -51.03 -51.12 -51.25 -51.34 -51.44 -51.53 -51.62 -51.72 -51.78 -51.81 -51.84 -51.88 -51.91 -51.91 -51.94 -51.94 -51.94 -51.94 -51.94 -51.94 -51.94 -51.94 -51.94 -51.94 -51.91 -51.88 -51.84 -51.78 -51.72 -51.66 -51.56 -51.50 -51.41 -51.31 -51.22 -51.12 -51.00 -50.91 -50.81
-45.81 -45.91 -46.06 -46.22 -46.38 -46.56 -46.75 -46.94 -47.12 -47.31 -47.53 -47.72 -47.91 -48.09 -48.31 -48.50 -48.69 -48.88 -49.06 -49.22 -49.41 -49.56 -49.72 -49.88 -50.00 -50.16 -50.28 -50.44 -50.56 -50.72 -50.84 -50.97 -51.09 -51.19 -51.31 -51.41 -51.50 -51.59 -51.66 -51.75 -51.81 -51.84 -51.91 -51.91 -51.94 -51.94 -51.94 -51.94 -51.94 -51.94 -51.94 -51.94 -51.94 -51.94 -51.94 -51.94 -51.94 -51.91 -51.84 -51.81 -51.75 -51.69 -51.59 -51.53 -51.44 -51.38 -51.28 -51.19 -51.06 -50.97 -50.84
-45.81 -45.91 -46.03 -46.19 -46.38 -46.56 -46.72 -46.94 -47.12 -47.31 -47.50 -47.72 -47.91 -48.09 -48.31 -48.50 -48.69 -48.88 -49.06 -49.25 -49.41 -49.56 -49.72 -49.88 -50.00 -50.16 -50.31 -50.44 -50.59 -50.72 -50.88 -51.00 -51.12 -51.22 -51.34 -51.44 -51.53 -51.62 -51.69 -51.75 -51.81 -51.88 -51.91 -51.94 -51.94 -51.97 -51.97 -51.94 -51.94 -51.94 -51.94 -51.94 -51.94 -51.97 -51.97 -51.94 -51.94 -51.91 -51.88 -51.84 -51.78 -51.72 -51.62 -51.56 -51.47 -51.41 -51.31 -51.22 -51.12 -51.00 -50.88
-45.81 -45.94 -46.06 -46.19 -46.38 -46.53 -46.72 -46.91 -47.12 -47.31 -47.50 -47.72 -47.91 -48.12 -48.31 -48.50 -48.69 -48.91 -49.06 -49.25 -49.41 -49.56 -49.69 -49.84 -50.00 -50.16 -50.28 -50.44 -50.59 -50.72 -50.88 -51.00 -51.12 -51.25 -51.34 -51.44 -51.53 -51.62 -51.72 -51.78 -51.84 -51.88 -51.91 -51.94 -51.97 -51.97 -51.97 -51.97 -51.97 -51.97 -51.97 -51.97 -51.97 -51.97 -51.97 -51.94 -51.94 -51.91 -51.88 -51.84 -51.78 -51.72 -51.66 -51.59 -51.50 -51.44 -51.34 -51.25 -51.12 -51.03 -50.91
-45.84 -45.94 -46.06 -46.22 -46.38 -46.56 -46.75 -46.94 -47.12 -47.31 -47.53 -47.72 -47.94 -48.12 -48.31 -48.53 -48.72 -48.88 -49.06 -49.22 -49.38 -49.53 -49.69 -49.81 -49.97 -50.12 -50.28 -50.44 -50.56 -50.72 -50.88 -51.00 -51.12 -51.25 -51.38 -51.47 -51.56 -51.62 -51.72 -51.78 -51.84 -51.88 -51.91 -51.94 -51.97 -51.97 -51.97 -51.97 -51.97 -51.97 -51.97 -51.97 -51.97 -51.97 -51.94 -51.94 -51.94 -51.94 -51.91 -51.88 -51.81 -51.75 -51.69 -51.62 -51.53 -51.44 -51.34 -51.25 -51.16 -51.06 -50.94
-45.88 -45.97 -46.09 -46.22 -46.41 -46.56 -46.75 -46.94 -47.16 -47.34 -47.56 -47.75 -47.97 -48.16 -48.34 -48.53 -48.72 -48.88 -49.06 -49.22 -49.38 -49.50 -49.66 -49.81 -49.94 -50.09 -50.25 -50.41 -50.56 -50.72 -50.84 -51.00 -51.12 -51.25 -51.34 -51.44 -51.53 -51.62 -51.69 -51.75 -51.81 -51.88 -51.91 -51.94 -51.97 -51.97 -51.97 -51.97 -51.97 -51.97 -51.97 -51.94 -51.94 -51.94 -51.94 -51.94 -51.94 -51.91 -51.91 -51.88 -51.81 -51.78 -51.72 -51.62 -51.56 -51.47 -51.38 -51.28 -51.19 -51.09 -51.00
-45.91 -46.00 -46.12 -46.25 -46.41 -46.59 -46.78 -47.00 -47.19 -47.41 -47.59 -47.81 -48.00 -48.19 -48.38 -48.53 -48.72 -48.88 -49.03 -49.19 -49.34 -49.50 -49.62 -49.78 -49.94 -50.09 -50.25 -50.41 -50.53 -50.69 -50.84 -50.97 -51.09 -51.22 -51.34 -51.44 -51.53 -51.59 -51.69 -51.75 -51.81 -51.84 -51.91 -51.94 -51.97 -51.97 -51.97 -51.97 -51.97 -51.97 -51.94 -51.94 -51.94 -51.94 -51.94 -51.94 -51.91 -51.91 -51.88 -51.84 -51.81 -51.78 -51.72 -51.66 -51.56 -51.50 -51.41 -51.31 -51.22 -51.12 -51.03
-45.97 -46.03 -46.16 -46.28 -46.44 -46.62 -46.81 -47.03 -47.22 -47.44 -47.62 -47.81 -48.03 -48.19 -48.38 -48.53 -48.72 -48.88 -49.03 -49.19 -49.31 -49.47 -49.59 -49.75 -49.91 -50.06 -50.22 -50.38 -50.53 -50.69 -50.81 -50.94 -51.06 -51.19 -51.31 -51.41 -51.50 -51.59 -51.66 -51.72 -51.78 -51.84 -51.88 -51.91 -51.94 -51.97 -51.97 -51.97 -51.97 -51.94 -51.94 -51.94 -51.94 -51.94 -51.94 -51.91 -51.91 -51.88 -51.88 -51.84 -51.81 -51.78 -51.72 -51.66 -51.59 -51.50 -51.44 -51.34 -51.25 -51.16 -51.03
-46.00 -46.06 -46.19 -46.31 -46.50 -46.66 -46.84 -47.03 -47.25 -47.44 -47.66 -47.84 -48.03 -48.22 -48.38 -48.53 -48.69 -48.84 -49.00 -49.16 -49.31 -49.44 -49.59 -49.75 -49.91 -50.06 -50.19 -50.34 -50.50 -50.66 -50.78 -50.94 -51.03 -51.16 -51.28 -51.38 -51.47 -51.56 -51.62 -51.72 -51.78 -51.81 -51.88 -51.91 -51.94 -51.94 -51.94 -51.94 -51.94 -51.94 -51.94 -51.94 -51.94 -51.94 -51.91 -51.91 -51.88 -51.84 -51.84 -51.81 -51.78 -51.75 -51.72 -51.66 -51.59 -51.50 -51.44 -51.34 -51.25 -51.16 -51.06
-46.00 -46.09 -46.22 -46.34 -46.50 -46.69 -46.88 -47.06 -47.25 -47.47 -47.66 -47.84 -48.03 -48.22 -48.38 -48.53 -48.69 -48.84 -49.00 -49.16 -49.28 -49.44 -49.59 -49.72 -49.88 -50.03 -50.19 -50.34 -50.50 -50.62 -50.78 -50.91 -51.03 -51.12 -51.25 -51.34 -51.44 -51.53 -51.62 -51.69 -51.75 -51.81 -51.84 -51.88 -51.91 -51.94 -51.94 -51.94 -51.94 -51.94 -51.94 -51.94 -51.91 -51.91 -51.88 -51.88 -51.84 -51.81 -51.81 -51.78 -51.75 -51.72 -51.69 -51.62 -51.56 -51.50 -51.44 -51.34 -51.28 -51.19 -51.06
-46.03 -46.12 -46.22 -46.38 -46.53 -46.69 -46.88 -47.06 -47.25 -47.44 -47.62 -47.84 -48.00 -48.19 -48.38 -48.53 -48.69 -48.84 -49.00 -49.16 -49.28 -49.44 -49.59 -49.72 -49.88 -50.03 -50.19 -50.31 -50.47 -50.62 -50.75 -50.88 -51.00 -51.12 -51.22 -51.34 -51.44 -51.53 -51.59 -51.66 -51.72 -51.78 -51.81 -51.84 -51.88 -51.91 -51.91 -51.91 -51.94 -51.91 -51.91 -51.91 -51.91 -51.88 -51.88 -51.84 -51.81 -51.78 -51.75 -51.75 -51.72 -51.69 -51.66 -51.59 -51.56 -51.50 -51.44 -51.34 -51.28 -51.19 -51.06
-46.06 -46.12 -46.25 -46.38 -46.53 -46.69 -46.88 -47.06 -47.25 -47.44 -47.62 -47.81 -48.00 -48.16 -48.34 -48.53 -48.69 -48.84 -49.00 -49.16 -49.31 -49.44 -49.59 -49.72 -49.88 -50.03 -50.16 -50.31 -50.44 -50.59 -50.72 -50.84 -50.97 -51.09 -51.22 -51.31 -51.41 -51.50 -51.56 -51.66 -51.69 -51.75 -51.81 -51.84 -51.88 -51.88 -51.91 -51.91 -51.91 -51.91 -51.91 -51.91 -51.88 -51.88 -51.84 -51.81 -51.78 -51.75 -51.72 -51.69 -51.66 -51.66 -51.62 -51.56 -51.53 -51.47 -51.41 -51.31 -51.25 -51.16 -51.06
-46.09 -46.16 -46.28 -46.41 -46.56 -46.72 -46.88 -47.06 -47.22 -47.41 -47.59 -47.78 -47.97 -48.16 -48.31 -48.50 -48.66 -48.81 -48.97 -49.12 -49.28 -49.44 -49.59 -49.72 -49.88 -50.03 -50.16 -50.31 -50.44 -50.56 -50.69 -50.81 -50.97 -51.06 -51.19 -51.31 -51.41 -51.47 -51.56 -51.62 -51.69 -51.72 -51.78 -51.81 -51.84 -51.84 -51.88 -51.88 -51.88 -51.88 -51.88 -51.88 -51.84 -51.84 -51.81 -51.78 -51.75 -51.72 -51.69 -51.66 -51.62 -51.59 -51.56 -51.53 -51.47 -51.44 -51.38 -51.28 -51.22 -51.12 -51.03
-46.12 -46.19 -46.31 -46.44 -46.59 -46.75 -46.91 -47.06 -47.22 -47.41 -47.56 -47.75 -47.94 -48.12 -48.28 -48.47 -48.62 -48.78 -48.94 -49.09 -49.25 -49.41 -49.56 -49.72 -49.84 -50.00 -50.12 -50.28 -50.41 -50.53 -50.66 -50.81 -50.94 -51.06 -51.19 -51.28 -51.38 -51.47 -51.53 -51.59 -51.66 -51.69 -51.75 -51.78 -51.81 -51.84 -51.84 -51.84 -51.84 -51.84 -51.84 -51.84 -51.81 -51.81 -51.78 -51.75 -51.72 -51.66 -51.62 -51.59 -51.56 -51.56 -51.53 -51.47 -51.44 -51.38 -51.31 -51.25 -51.19 -51.09 -51.03
-46.19 -46.25 -46.34 -46.47 -46.62 -46.75 -46.91 -47.06 -47.22 -47.41 -47.56 -47.72 -47.91 -48.06 -48.25 -48.41 -48.56 -48.75 -48.91 -49.06 -49.22 -49.38 -49.53 -49.69 -49.81 -49.97 -50.12 -50.25 -50.38 -50.50 -50.66 -50.78 -50.91 -51.03 -51.16 -51.25 -51.34 -51.44 -51.50 -51.56 -51.62 -51.66 -51.72 -51.75 -51.78 -51.81 -51.81 -51.81 -51.81 -51.81 -51.81 -51.81 -51.78 -51.78 -51.75 -51.72 -51.66 -51.62 -51.59 -51.56 -51.53 -51.50 -51.47 -51.44 -51.41 -51.34 -51.28 -51.22 -51.16 -51.06 -51.00
-46.22 -46.28 -46.41 -46.50 -46.66 -46.78 -46.94 -47.09 -47.25 -47.38 -47.53 -47.72 -47.88 -48.03 -48.19 -48.34 -48.50 -48.69 -48.84 -49.00 -49.16 -49.31 -49.47 -49.62 -49.78 -49.94 -50.06 -50.22 -50.34 -50.50 -50.62 -50.78 -50.91 -51.03 -51.12 -51.22 -51.31 -51.41 -51.47 -51.53 -51.59 -51.62 -51.69 -51.72 -51.75 -51.78 -51.78 -51.78 -51.78 -51.78 -51.78 -51.75 -51.75 -51.72 -51.69 -51.66 -51.62 -51.59 -51.56 -51.53 -51.50 -51.47 -51.44 -51.41 -51.34 -51.31 -51.25 -51.19 -51.09 -51.03 -50.97
