everonasctiles/Tile7,47.asc
ncols 128
nrows 128
xllcorner 0
yllcorner 0
cellsize 2.0
NODATA_value  -9999
[rows 96 to 127 of 128, columns 0 to 70 of 128]
-46.50 -46.56 -46.59 -46.59 -46.56 -46.53 -46.50 -46.53 -46.59 -46.69 -46.81 -46.88 -46.91 -46.97 -47.06 -47.19 -47.38 -47.56 -47.75 -47.94 -48.16 -48.38 -48.56 -48.78 -49.00 -49.19 -49.41 -49.62 -49.84 -50.03 -50.22 -50.38 -50.56 -50.75 -50.97 -51.22 -51.50 -51.78 -52.12 -52.47 -52.84 -53.19 -53.53 -53.84 -54.16 -54.47 -54.78 -55.09 -55.34 -55.56 -55.75 -55.91 -56.09 -56.25 -56.34 -56.44 -56.53 -56.59 -56.62 -56.62 -56.69 -57.00 -57.34 -57.62 -57.88 -58.12 -58.31 -58.50 -58.62 -58.75 -58.84
-46.28 -46.34 -46.38 -46.34 -46.31 -46.25 -46.22 -46.22 -46.28 -46.41 -46.50 -46.56 -46.62 -46.72 -46.81 -46.97 -47.16 -47.34 -47.56 -47.78 -48.00 -48.22 -48.44 -48.62 -48.84 -49.06 -49.25 -49.47 -49.69 -49.88 -50.03 -50.19 -50.34 -50.53 -50.72 -50.97 -51.25 -51.56 -51.88 -52.25 -52.62 -52.97 -53.31 -53.62 -53.94 -54.25 -54.56 -54.81 -55.03 -55.19 -55.34 -55.53 -55.72 -55.84 -55.97 -56.06 -56.16 -56.22 -56.28 -56.31 -56.47 -56.78 -57.12 -57.41 -57.66 -57.91 -58.09 -58.28 -58.44 -58.56 -58.69
-46.06 -46.09 -46.09 -46.09 -46.03 -45.97 -45.94 -45.94 -46.00 -46.09 -46.19 -46.28 -46.38 -46.47 -46.59 -46.78 -46.97 -47.19 -47.41 -47.66 -47.84 -48.06 -48.28 -48.47 -48.66 -48.88 -49.09 -49.31 -49.50 -49.69 -49.84 -49.97 -50.12 -50.25 -50.44 -50.69 -51.00 -51.31 -51.66 -52.03 -52.41 -52.78 -53.12 -53.44 -53.75 -54.03 -54.31 -54.53 -54.69 -54.84 -55.00 -55.16 -55.31 -55.47 -55.56 -55.69 -55.78 -55.88 -55.97 -56.09 -56.34 -56.66 -56.94 -57.22 -57.47 -57.69 -57.88 -58.06 -58.25 -58.41 -58.53
-45.81 -45.81 -45.81 -45.81 -45.75 -45.69 -45.66 -45.62 -45.69 -45.81 -45.91 -46.00 -46.09 -46.22 -46.38 -46.56 -46.81 -47.03 -47.28 -47.50 -47.69 -47.91 -48.09 -48.28 -48.47 -48.69 -48.88 -49.09 -49.28 -49.47 -49.59 -49.72 -49.84 -50.00 -50.19 -50.44 -50.75 -51.12 -51.47 -51.88 -52.25 -52.59 -52.94 -53.25 -53.56 -53.81 -54.03 -54.19 -54.34 -54.47 -54.62 -54.81 -54.94 -55.09 -55.19 -55.31 -55.44 -55.56 -55.75 -56.00 -56.25 -56.53 -56.78 -57.03 -57.25 -57.47 -57.66 -57.88 -58.06 -58.25 -58.38
-45.53 -45.53 -45.53 -45.50 -45.47 -45.41 -45.34 -45.34 -45.41 -45.53 -45.62 -45.75 -45.88 -46.00 -46.19 -46.41 -46.66 -46.88 -47.12 -47.31 -47.53 -47.72 -47.91 -48.09 -48.28 -48.47 -48.66 -48.84 -49.03 -49.22 -49.34 -49.47 -49.56 -49.72 -49.91 -50.22 -50.56 -50.94 -51.34 -51.72 -52.09 -52.47 -52.78 -53.06 -53.34 -53.56 -53.72 -53.88 -54.00 -54.12 -54.28 -54.44 -54.59 -54.72 -54.88 -55.00 -55.19 -55.41 -55.62 -55.91 -56.19 -56.44 -56.69 -56.91 -57.09 -57.28 -57.50 -57.72 -57.91 -58.09 -58.22
-45.25 -45.25 -45.22 -45.19 -45.16 -45.09 -45.06 -45.06 -45.16 -45.25 -45.38 -45.53 -45.66 -45.84 -46.06 -46.28 -46.50 -46.72 -46.94 -47.16 -47.34 -47.53 -47.72 -47.88 -48.06 -48.25 -48.41 -48.59 -48.78 -48.94 -49.06 -49.19 -49.31 -49.44 -49.66 -50.03 -50.41 -50.81 -51.22 -51.59 -51.97 -52.31 -52.59 -52.88 -53.09 -53.28 -53.41 -53.53 -53.66 -53.81 -53.97 -54.09 -54.25 -54.41 -54.59 -54.78 -55.03 -55.28 -55.53 -55.81 -56.06 -56.31 -56.56 -56.75 -56.97 -57.16 -57.38 -57.59 -57.78 -57.94 -58.03
-44.94 -44.94 -44.91 -44.88 -44.84 -44.81 -44.78 -44.81 -44.91 -45.03 -45.19 -45.34 -45.50 -45.69 -45.91 -46.16 -46.38 -46.59 -46.78 -46.97 -47.16 -47.34 -47.53 -47.69 -47.84 -48.00 -48.16 -48.31 -48.50 -48.66 -48.81 -48.91 -49.03 -49.19 -49.44 -49.84 -50.25 -50.66 -51.06 -51.47 -51.81 -52.16 -52.44 -52.66 -52.84 -53.00 -53.12 -53.22 -53.34 -53.47 -53.62 -53.78 -53.94 -54.16 -54.38 -54.62 -54.88 -55.12 -55.41 -55.66 -55.94 -56.19 -56.44 -56.66 -56.84 -57.06 -57.25 -57.44 -57.62 -57.75 -57.81
-44.62 -44.62 -44.59 -44.56 -44.53 -44.50 -44.53 -44.56 -44.69 -44.84 -45.00 -45.19 -45.38 -45.59 -45.81 -46.03 -46.22 -46.44 -46.62 -46.81 -47.00 -47.19 -47.34 -47.50 -47.62 -47.75 -47.88 -48.03 -48.22 -48.38 -48.53 -48.62 -48.75 -48.88 -49.19 -49.62 -50.09 -50.50 -50.91 -51.31 -51.66 -52.00 -52.25 -52.47 -52.59 -52.72 -52.81 -52.91 -53.03 -53.16 -53.28 -53.47 -53.66 -53.91 -54.16 -54.41 -54.69 -54.94 -55.22 -55.50 -55.75 -56.03 -56.28 -56.50 -56.72 -56.94 -57.12 -57.28 -57.41 -57.53 -57.59
-44.34 -44.31 -44.28 -44.25 -44.25 -44.25 -44.28 -44.38 -44.53 -44.69 -44.88 -45.06 -45.28 -45.50 -45.69 -45.91 -46.09 -46.31 -46.50 -46.69 -46.88 -47.03 -47.19 -47.31 -47.41 -47.50 -47.62 -47.75 -47.94 -48.09 -48.25 -48.34 -48.44 -48.59 -48.97 -49.47 -49.94 -50.38 -50.75 -51.16 -51.50 -51.81 -52.06 -52.22 -52.31 -52.41 -52.50 -52.62 -52.72 -52.84 -52.97 -53.16 -53.38 -53.62 -53.91 -54.16 -54.44 -54.69 -54.97 -55.25 -55.56 -55.81 -56.09 -56.34 -56.56 -56.78 -56.97 -57.09 -57.19 -57.28 -57.34
-44.03 -44.00 -43.97 -43.97 -43.97 -44.00 -44.06 -44.22 -44.38 -44.59 -44.78 -44.97 -45.19 -45.38 -45.56 -45.75 -45.97 -46.16 -46.38 -46.56 -46.72 -46.88 -47.00 -47.12 -47.22 -47.28 -47.38 -47.50 -47.69 -47.84 -47.97 -48.06 -48.16 -48.38 -48.84 -49.34 -49.81 -50.22 -50.62 -51.00 -51.34 -51.62 -51.81 -51.94 -52.03 -52.12 -52.22 -52.31 -52.41 -52.50 -52.66 -52.84 -53.06 -53.34 -53.62 -53.88 -54.12 -54.41 -54.69 -55.00 -55.31 -55.59 -55.88 -56.16 -56.38 -56.59 -56.75 -56.84 -56.94 -57.00 -57.06
-43.72 -43.69 -43.69 -43.69 -43.72 -43.78 -43.91 -44.09 -44.28 -44.47 -44.69 -44.88 -45.06 -45.25 -45.44 -45.62 -45.84 -46.03 -46.22 -46.41 -46.56 -46.72 -46.84 -46.94 -47.00 -47.06 -47.16 -47.28 -47.44 -47.59 -47.72 -47.81 -48.00 -48.34 -48.78 -49.25 -49.69 -50.09 -50.47 -50.81 -51.12 -51.38 -51.56 -51.66 -51.75 -51.81 -51.91 -52.00 -52.09 -52.19 -52.31 -52.50 -52.75 -53.00 -53.28 -53.53 -53.78 -54.06 -54.38 -54.69 -55.00 -55.34 -55.62 -55.94 -56.19 -56.38 -56.50 -56.59 -56.66 -56.72 -56.75
-43.41 -43.41 -43.41 -43.44 -43.50 -43.62 -43.78 -43.97 -44.16 -44.38 -44.56 -44.78 -44.94 -45.09 -45.28 -45.47 -45.69 -45.88 -46.06 -46.25 -46.41 -46.53 -46.69 -46.78 -46.84 -46.88 -46.97 -47.06 -47.22 -47.34 -47.50 -47.69 -47.97 -48.34 -48.72 -49.12 -49.53 -49.94 -50.28 -50.62 -50.91 -51.12 -51.28 -51.38 -51.44 -51.50 -51.59 -51.69 -51.78 -51.84 -51.97 -52.16 -52.38 -52.62 -52.88 -53.12 -53.38 -53.69 -54.00 -54.34 -54.72 -55.06 -55.38 -55.69 -55.94 -56.12 -56.25 -56.31 -56.38 -56.41 -56.44
-43.09 -43.12 -43.16 -43.22 -43.31 -43.44 -43.62 -43.81 -44.03 -44.25 -44.44 -44.62 -44.78 -44.94 -45.12 -45.31 -45.53 -45.72 -45.91 -46.09 -46.25 -46.38 -46.50 -46.59 -46.66 -46.69 -46.78 -46.88 -47.00 -47.16 -47.34 -47.59 -47.91 -48.25 -48.62 -49.00 -49.38 -49.75 -50.06 -50.38 -50.62 -50.84 -50.97 -51.06 -51.12 -51.19 -51.28 -51.34 -51.44 -51.50 -51.62 -51.78 -51.97 -52.22 -52.44 -52.69 -52.97 -53.28 -53.62 -54.03 -54.41 -54.78 -55.12 -55.41 -55.66 -55.84 -55.97 -56.03 -56.06 -56.09 -56.09
-42.78 -42.84 -42.91 -43.00 -43.12 -43.28 -43.47 -43.69 -43.91 -44.09 -44.31 -44.47 -44.62 -44.78 -44.97 -45.16 -45.34 -45.56 -45.72 -45.91 -46.06 -46.22 -46.34 -46.41 -46.47 -46.53 -46.59 -46.69 -46.81 -46.97 -47.19 -47.44 -47.75 -48.09 -48.44 -48.78 -49.12 -49.47 -49.81 -50.09 -50.34 -50.53 -50.69 -50.75 -50.81 -50.88 -50.94 -51.00 -51.06 -51.12 -51.22 -51.38 -51.56 -51.75 -52.00 -52.25 -52.50 -52.88 -53.28 -53.69 -54.09 -54.47 -54.81 -55.09 -55.38 -55.56 -55.66 -55.72 -55.75 -55.78 -55.78
-42.50 -42.56 -42.66 -42.78 -42.94 -43.12 -43.31 -43.53 -43.75 -43.97 -44.16 -44.31 -44.44 -44.59 -44.78 -44.97 -45.16 -45.34 -45.53 -45.72 -45.91 -46.03 -46.16 -46.22 -46.28 -46.34 -46.41 -46.50 -46.62 -46.78 -46.97 -47.22 -47.50 -47.81 -48.12 -48.47 -48.84 -49.19 -49.50 -49.78 -50.03 -50.22 -50.34 -50.44 -50.47 -50.50 -50.56 -50.62 -50.69 -50.75 -50.81 -50.94 -51.09 -51.31 -51.53 -51.75 -52.06 -52.47 -52.91 -53.34 -53.72 -54.12 -54.47 -54.78 -55.03 -55.22 -55.34 -55.41 -55.44 -55.44 -55.44
-42.22 -42.31 -42.44 -42.59 -42.78 -42.97 -43.19 -43.41 -43.62 -43.81 -43.97 -44.12 -44.25 -44.41 -44.59 -44.78 -44.97 -45.16 -45.34 -45.53 -45.69 -45.84 -45.94 -46.03 -46.09 -46.16 -46.22 -46.31 -46.41 -46.56 -46.72 -46.94 -47.19 -47.47 -47.78 -48.12 -48.50 -48.84 -49.19 -49.47 -49.72 -49.91 -50.00 -50.06 -50.09 -50.12 -50.19 -50.22 -50.28 -50.34 -50.38 -50.47 -50.62 -50.81 -51.06 -51.31 -51.66 -52.09 -52.53 -52.97 -53.38 -53.78 -54.16 -54.47 -54.72 -54.91 -55.03 -55.09 -55.12 -55.12 -55.12
-41.97 -42.06 -42.22 -42.41 -42.59 -42.84 -43.06 -43.31 -43.50 -43.69 -43.81 -43.94 -44.03 -44.19 -44.34 -44.56 -44.75 -44.94 -45.16 -45.34 -45.50 -45.62 -45.72 -45.78 -45.88 -45.94 -46.00 -46.09 -46.19 -46.28 -46.44 -46.59 -46.81 -47.09 -47.41 -47.78 -48.12 -48.50 -48.81 -49.12 -49.38 -49.53 -49.62 -49.66 -49.72 -49.75 -49.75 -49.81 -49.84 -49.91 -49.94 -50.03 -50.12 -50.34 -50.59 -50.91 -51.31 -51.72 -52.16 -52.59 -53.03 -53.44 -53.84 -54.12 -54.38 -54.56 -54.69 -54.75 -54.78 -54.78 -54.81
-41.69 -41.81 -42.00 -42.22 -42.44 -42.69 -42.94 -43.16 -43.34 -43.50 -43.62 -43.72 -43.81 -43.97 -44.12 -44.31 -44.53 -44.72 -44.94 -45.09 -45.25 -45.38 -45.47 -45.56 -45.62 -45.72 -45.78 -45.88 -45.94 -46.00 -46.09 -46.22 -46.41 -46.69 -47.03 -47.38 -47.75 -48.09 -48.44 -48.72 -48.97 -49.12 -49.22 -49.28 -49.28 -49.31 -49.31 -49.34 -49.41 -49.44 -49.47 -49.53 -49.66 -49.88 -50.19 -50.56 -50.94 -51.38 -51.81 -52.25 -52.72 -53.12 -53.50 -53.78 -54.00 -54.19 -54.31 -54.41 -54.44 -54.47 -54.56
-41.44 -41.56 -41.78 -42.00 -42.25 -42.50 -42.75 -42.97 -43.16 -43.28 -43.41 -43.50 -43.59 -43.72 -43.91 -44.09 -44.28 -44.50 -44.69 -44.84 -44.97 -45.09 -45.19 -45.28 -45.38 -45.47 -45.56 -45.62 -45.69 -45.72 -45.78 -45.84 -46.00 -46.28 -46.62 -46.97 -47.34 -47.69 -48.03 -48.31 -48.53 -48.72 -48.81 -48.88 -48.88 -48.84 -48.84 -48.88 -48.91 -48.97 -49.00 -49.06 -49.16 -49.44 -49.84 -50.22 -50.62 -51.03 -51.50 -51.94 -52.41 -52.81 -53.12 -53.41 -53.59 -53.78 -53.94 -54.06 -54.12 -54.19 -54.31
-41.16 -41.34 -41.56 -41.81 -42.06 -42.31 -42.56 -42.75 -42.91 -43.03 -43.16 -43.25 -43.34 -43.50 -43.66 -43.84 -44.03 -44.25 -44.41 -44.56 -44.69 -44.81 -44.91 -45.03 -45.12 -45.25 -45.34 -45.41 -45.44 -45.44 -45.47 -45.50 -45.62 -45.88 -46.19 -46.56 -46.91 -47.25 -47.56 -47.88 -48.12 -48.31 -48.44 -48.47 -48.44 -48.38 -48.34 -48.38 -48.44 -48.47 -48.53 -48.56 -48.72 -49.06 -49.50 -49.88 -50.28 -50.72 -51.19 -51.62 -52.06 -52.44 -52.75 -53.00 -53.22 -53.41 -53.56 -53.72 -53.81 -53.94 -54.06
-40.91 -41.12 -41.34 -41.62 -41.88 -42.09 -42.31 -42.50 -42.66 -42.78 -42.88 -43.00 -43.09 -43.25 -43.41 -43.59 -43.78 -43.97 -44.12 -44.25 -44.38 -44.50 -44.62 -44.75 -44.88 -45.00 -45.09 -45.16 -45.19 -45.19 -45.19 -45.22 -45.31 -45.50 -45.81 -46.12 -46.47 -46.81 -47.12 -47.44 -47.69 -47.91 -48.00 -48.03 -47.97 -47.91 -47.84 -47.88 -47.94 -48.00 -48.06 -48.12 -48.34 -48.75 -49.16 -49.56 -50.00 -50.44 -50.88 -51.31 -51.72 -52.09 -52.38 -52.59 -52.81 -53.00 -53.19 -53.38 -53.53 -53.69 -53.84
-40.69 -40.88 -41.12 -41.41 -41.66 -41.88 -42.06 -42.22 -42.38 -42.50 -42.59 -42.72 -42.84 -43.00 -43.16 -43.31 -43.50 -43.66 -43.78 -43.94 -44.06 -44.19 -44.34 -44.47 -44.62 -44.75 -44.84 -44.91 -44.94 -44.94 -44.94 -44.94 -45.00 -45.16 -45.44 -45.72 -46.06 -46.38 -46.72 -47.03 -47.31 -47.50 -47.59 -47.59 -47.53 -47.44 -47.34 -47.34 -47.44 -47.53 -47.59 -47.72 -48.00 -48.44 -48.84 -49.28 -49.72 -50.16 -50.59 -51.00 -51.41 -51.72 -51.97 -52.19 -52.38 -52.59 -52.81 -53.03 -53.25 -53.44 -53.56
-40.44 -40.66 -40.91 -41.16 -41.41 -41.59 -41.78 -41.94 -42.06 -42.19 -42.31 -42.44 -42.56 -42.72 -42.88 -43.03 -43.19 -43.31 -43.47 -43.59 -43.72 -43.88 -44.06 -44.22 -44.38 -44.50 -44.56 -44.62 -44.62 -44.66 -44.66 -44.66 -44.72 -44.84 -45.06 -45.34 -45.66 -46.00 -46.34 -46.66 -46.91 -47.06 -47.16 -47.12 -47.06 -46.97 -46.84 -46.84 -46.97 -47.06 -47.16 -47.38 -47.75 -48.16 -48.59 -49.03 -49.47 -49.91 -50.31 -50.72 -51.06 -51.34 -51.56 -51.75 -51.94 -52.19 -52.47 -52.69 -52.94 -53.12 -53.25
-40.19 -40.41 -40.66 -40.91 -41.12 -41.31 -41.47 -41.59 -41.72 -41.84 -42.00 -42.12 -42.28 -42.41 -42.56 -42.69 -42.84 -43.00 -43.12 -43.28 -43.44 -43.59 -43.78 -43.97 -44.12 -44.22 -44.28 -44.31 -44.34 -44.34 -44.34 -44.38 -44.44 -44.53 -44.75 -45.00 -45.31 -45.66 -46.00 -46.31 -46.53 -46.66 -46.69 -46.66 -46.59 -46.50 -46.38 -46.38 -46.50 -46.62 -46.78 -47.09 -47.50 -47.91 -48.34 -48.78 -49.22 -49.62 -50.03 -50.41 -50.72 -50.94 -51.09 -51.25 -51.47 -51.78 -52.06 -52.34 -52.56 -52.78 -52.91
-39.94 -40.12 -40.38 -40.59 -40.84 -41.00 -41.12 -41.25 -41.38 -41.50 -41.66 -41.81 -41.94 -42.09 -42.22 -42.38 -42.50 -42.66 -42.81 -42.97 -43.12 -43.34 -43.53 -43.72 -43.84 -43.91 -43.97 -44.00 -44.00 -44.03 -44.06 -44.09 -44.12 -44.25 -44.44 -44.69 -45.00 -45.31 -45.66 -45.94 -46.12 -46.22 -46.22 -46.19 -46.12 -46.03 -45.94 -45.94 -46.06 -46.25 -46.50 -46.84 -47.25 -47.66 -48.09 -48.50 -48.91 -49.31 -49.72 -50.06 -50.31 -50.47 -50.59 -50.69 -50.94 -51.31 -51.66 -51.94 -52.19 -52.41 -52.53
-39.62 -39.84 -40.06 -40.31 -40.53 -40.66 -40.78 -40.88 -41.00 -41.12 -41.31 -41.44 -41.59 -41.72 -41.88 -42.00 -42.16 -42.31 -42.47 -42.66 -42.88 -43.09 -43.28 -43.44 -43.56 -43.59 -43.62 -43.66 -43.66 -43.69 -43.72 -43.78 -43.84 -43.94 -44.12 -44.38 -44.66 -45.00 -45.31 -45.56 -45.72 -45.78 -45.78 -45.72 -45.62 -45.56 -45.50 -45.53 -45.72 -45.94 -46.25 -46.59 -47.00 -47.38 -47.78 -48.19 -48.59 -49.00 -49.41 -49.72 -49.91 -50.00 -50.00 -50.03 -50.31 -50.78 -51.19 -51.50 -51.78 -52.00 -52.12
-39.34 -39.56 -39.78 -40.00 -40.19 -40.31 -40.41 -40.47 -40.59 -40.75 -40.91 -41.06 -41.19 -41.34 -41.50 -41.62 -41.78 -41.97 -42.16 -42.38 -42.59 -42.84 -43.03 -43.16 -43.22 -43.28 -43.31 -43.31 -43.31 -43.34 -43.41 -43.47 -43.53 -43.66 -43.81 -44.03 -44.34 -44.66 -44.94 -45.16 -45.28 -45.34 -45.31 -45.25 -45.16 -45.06 -45.06 -45.19 -45.41 -45.69 -46.00 -46.34 -46.72 -47.06 -47.47 -47.84 -48.28 -48.69 -49.06 -49.34 -49.47 -49.47 -49.38 -49.31 -49.59 -50.22 -50.69 -51.03 -51.34 -51.53 -51.69
-39.09 -39.31 -39.50 -39.72 -39.88 -39.97 -40.00 -40.09 -40.22 -40.38 -40.53 -40.66 -40.78 -40.94 -41.09 -41.25 -41.44 -41.66 -41.88 -42.12 -42.34 -42.56 -42.72 -42.81 -42.91 -42.94 -42.97 -42.97 -42.97 -43.00 -43.06 -43.16 -43.25 -43.34 -43.47 -43.72 -44.00 -44.28 -44.56 -44.75 -44.88 -44.91 -44.88 -44.78 -44.69 -44.62 -44.66 -44.88 -45.12 -45.41 -45.72 -46.06 -46.41 -46.75 -47.12 -47.53 -47.97 -48.38 -48.69 -48.94 -49.00 -48.97 -48.78 -48.62 -49.00 -49.69 -50.19 -50.56 -50.84 -51.06 -51.22
-38.91 -39.06 -39.25 -39.41 -39.53 -39.59 -39.62 -39.72 -39.81 -39.97 -40.09 -40.22 -40.38 -40.53 -40.69 -40.88 -41.09 -41.34 -41.59 -41.84 -42.09 -42.28 -42.41 -42.50 -42.53 -42.59 -42.62 -42.62 -42.62 -42.66 -42.72 -42.81 -42.91 -43.00 -43.16 -43.38 -43.66 -43.94 -44.19 -44.34 -44.44 -44.47 -44.41 -44.34 -44.25 -44.19 -44.31 -44.53 -44.81 -45.12 -45.44 -45.75 -46.06 -46.41 -46.81 -47.25 -47.66 -48.03 -48.31 -48.50 -48.56 -48.50 -48.28 -48.09 -48.53 -49.22 -49.72 -50.09 -50.34 -50.56 -50.72
-38.69 -38.84 -38.97 -39.09 -39.19 -39.25 -39.28 -39.34 -39.44 -39.56 -39.69 -39.78 -39.94 -40.09 -40.28 -40.50 -40.75 -41.03 -41.31 -41.59 -41.81 -41.97 -42.06 -42.12 -42.19 -42.22 -42.25 -42.28 -42.28 -42.31 -42.41 -42.50 -42.56 -42.66 -42.78 -43.03 -43.31 -43.59 -43.81 -43.97 -44.03 -44.03 -43.97 -43.91 -43.81 -43.84 -44.00 -44.22 -44.50 -44.78 -45.09 -45.41 -45.75 -46.12 -46.53 -46.94 -47.34 -47.66 -47.91 -48.06 -48.12 -48.06 -47.88 -47.72 -48.22 -48.78 -49.22 -49.59 -49.84 -50.03 -50.19
-38.47 -38.59 -38.69 -38.78 -38.84 -38.91 -38.94 -38.97 -39.03 -39.16 -39.25 -39.38 -39.50 -39.66 -39.88 -40.16 -40.47 -40.75 -41.06 -41.31 -41.50 -41.66 -41.72 -41.78 -41.81 -41.84 -41.91 -41.94 -41.94 -42.00 -42.06 -42.12 -42.22 -42.31 -42.44 -42.69 -42.97 -43.22 -43.44 -43.56 -43.59 -43.59 -43.53 -43.47 -43.44 -43.50 -43.66 -43.91 -44.16 -44.44 -44.75 -45.06 -45.44 -45.81 -46.22 -46.62 -47.00 -47.28 -47.50 -47.62 -47.69 -47.66 -47.50 -47.50 -47.91 -48.34 -48.75 -49.06 -49.28 -49.50 -49.66
-38.22 -38.31 -38.41 -38.47 -38.53 -38.59 -38.59 -38.62 -38.69 -38.75 -38.84 -38.94 -39.09 -39.28 -39.53 -39.84 -40.19 -40.50 -40.78 -41.03 -41.19 -41.31 -41.38 -41.41 -41.44 -41.47 -41.53 -41.56 -41.59 -41.66 -41.72 -41.78 -41.81 -41.91 -42.06 -42.34 -42.62 -42.88 -43.03 -43.16 -43.19 -43.16 -43.12 -43.06 -43.06 -43.16 -43.31 -43.53 -43.78 -44.09 -44.41 -44.75 -45.12 -45.50 -45.91 -46.28 -46.62 -46.88 -47.09 -47.22 -47.25 -47.22 -47.16 -47.22 -47.56 -47.94 -48.25 -48.53 -48.72 -48.94 -49.12
