everonasctiles/Tile18,48.asc
ncols 128
nrows 128
xllcorner 0
yllcorner 0
cellsize 2.0
NODATA_value  -9999
[rows 0 to 33 of 128, columns 0 to 74 of 128]
-15.84 -15.97 -15.81 -15.84 -15.44 -16.03 -16.78 -17.69 -18.12 -18.25 -18.25 -18.62 -18.69 -19.03 -19.59 -20.03 -19.97 -20.75 -21.69 -22.25 -22.88 -23.16 -22.72 -22.88 -23.12 -23.09 -23.66 -23.94 -22.62 -23.94 -24.28 -24.06 -24.44 -24.41 -24.25 -24.22 -24.44 -24.72 -25.53 -25.38 -24.81 -25.31 -25.84 -25.31 -25.34 -25.56 -25.16 -25.31 -24.91 -25.50 -25.53 -25.44 -25.62 -25.41 -26.09 -26.00 -25.94 -26.09 -26.69 -27.31 -27.72 -28.09 -28.44 -29.09 -28.94 -28.97 -29.31 -29.69 -30.00 -30.34 -30.81 -31.72 -32.31 -32.59 -32.34
-14.44 -14.62 -14.50 -14.47 -14.81 -15.84 -15.56 -16.53 -16.88 -17.34 -17.78 -17.94 -18.47 -18.50 -18.84 -18.78 -18.78 -19.34 -19.94 -21.09 -21.75 -22.19 -22.22 -22.69 -22.78 -23.03 -23.06 -23.16 -22.62 -23.09 -23.31 -23.88 -24.09 -23.97 -23.81 -24.31 -24.06 -24.53 -24.91 -25.06 -25.25 -25.03 -25.59 -24.94 -25.06 -24.81 -24.94 -24.69 -24.69 -24.97 -24.97 -24.75 -24.62 -25.12 -25.69 -25.41 -25.34 -25.53 -26.72 -26.97 -27.56 -27.84 -28.12 -28.28 -28.12 -28.06 -28.69 -29.00 -29.38 -29.78 -30.06 -30.62 -31.38 -31.97 -32.09
-12.91 -13.28 -13.12 -13.78 -14.25 -14.78 -14.75 -15.66 -16.06 -16.78 -17.19 -17.34 -17.78 -18.03 -18.53 -18.00 -19.31 -19.53 -20.28 -20.62 -21.44 -21.84 -22.12 -22.38 -22.38 -22.53 -22.16 -22.22 -22.66 -23.31 -23.22 -23.44 -23.66 -23.41 -23.62 -23.53 -23.59 -23.88 -24.47 -24.50 -24.19 -24.97 -24.72 -24.56 -24.81 -24.28 -24.34 -24.25 -24.03 -23.94 -23.69 -23.84 -24.62 -24.88 -24.69 -24.44 -25.12 -25.91 -26.59 -26.81 -27.31 -27.78 -27.84 -27.41 -27.50 -27.22 -27.88 -28.06 -28.38 -28.72 -29.19 -29.81 -30.62 -31.06 -31.25
-12.34 -12.16 -12.19 -13.19 -14.03 -14.22 -14.41 -14.56 -15.44 -15.88 -16.38 -16.56 -16.56 -17.41 -17.34 -18.00 -18.97 -19.09 -19.75 -20.22 -21.16 -21.56 -21.88 -22.06 -21.72 -21.47 -21.34 -21.84 -22.28 -22.44 -22.81 -23.25 -23.50 -23.09 -23.22 -23.53 -22.94 -23.00 -23.12 -23.09 -23.53 -23.69 -24.00 -24.00 -24.22 -23.69 -23.44 -23.47 -23.72 -23.94 -23.88 -23.84 -23.47 -23.47 -23.66 -24.09 -24.91 -25.25 -25.34 -26.41 -26.56 -27.09 -27.41 -27.19 -26.88 -26.81 -26.91 -27.38 -27.34 -28.28 -28.78 -29.75 -30.00 -30.38 -30.78
-11.72 -12.47 -12.72 -13.38 -13.78 -14.03 -14.28 -14.41 -14.84 -14.75 -15.12 -15.75 -16.03 -16.50 -16.59 -17.03 -17.19 -18.06 -19.44 -20.25 -19.81 -20.16 -20.38 -20.66 -20.22 -20.12 -20.41 -20.72 -21.00 -21.84 -22.28 -22.34 -22.44 -22.62 -22.66 -22.81 -22.47 -22.28 -22.03 -22.34 -22.66 -23.38 -23.44 -23.22 -23.09 -23.22 -22.56 -22.50 -22.88 -23.09 -23.16 -23.31 -23.31 -23.50 -24.34 -24.62 -24.69 -24.84 -24.75 -25.88 -26.03 -26.59 -26.91 -26.66 -26.81 -26.41 -26.75 -27.22 -26.94 -27.53 -28.03 -29.06 -29.31 -29.69 -29.91
-12.00 -12.72 -12.66 -12.91 -13.25 -13.81 -14.34 -14.62 -14.28 -14.78 -15.06 -15.50 -15.84 -16.00 -16.66 -16.78 -17.41 -18.28 -19.25 -19.75 -19.72 -20.31 -20.94 -20.34 -20.16 -20.31 -20.25 -20.47 -21.06 -21.72 -22.06 -22.12 -21.34 -21.38 -21.38 -20.50 -20.69 -21.03 -21.19 -21.62 -21.97 -22.56 -22.94 -23.06 -22.03 -21.66 -21.38 -21.88 -21.56 -21.53 -21.22 -22.25 -23.09 -23.28 -24.25 -24.75 -25.00 -25.06 -25.12 -25.91 -25.66 -25.78 -25.94 -26.38 -26.03 -25.62 -26.28 -26.62 -26.50 -26.91 -27.53 -28.38 -28.75 -29.34 -29.59
-11.81 -12.06 -12.31 -12.19 -12.72 -13.06 -13.16 -12.94 -13.44 -14.12 -14.12 -14.75 -15.41 -15.72 -16.69 -16.94 -17.66 -18.22 -18.69 -19.06 -19.09 -19.31 -19.81 -20.03 -20.44 -20.47 -20.81 -20.78 -21.38 -21.50 -22.03 -21.50 -21.12 -20.78 -21.06 -20.22 -20.62 -20.66 -20.88 -21.22 -22.03 -22.22 -22.03 -21.47 -21.25 -21.62 -22.00 -21.88 -21.56 -21.81 -22.19 -22.22 -22.66 -22.69 -23.53 -24.03 -24.69 -24.97 -25.19 -25.16 -25.16 -25.09 -25.22 -25.41 -25.34 -25.31 -26.16 -26.12 -26.47 -26.88 -27.31 -27.78 -28.53 -28.91 -29.31
-11.47 -11.56 -11.88 -11.84 -12.16 -12.47 -12.34 -12.72 -13.00 -13.53 -13.78 -14.06 -15.09 -15.78 -16.44 -16.31 -16.59 -16.94 -17.38 -17.56 -18.31 -18.56 -18.88 -19.38 -19.81 -20.09 -20.84 -21.03 -21.31 -21.16 -21.62 -20.62 -20.84 -20.50 -20.06 -20.16 -20.50 -20.38 -21.22 -21.56 -21.66 -21.59 -21.59 -21.03 -20.62 -20.94 -20.81 -21.56 -22.06 -21.81 -22.12 -22.16 -22.72 -23.28 -23.97 -24.22 -24.25 -24.06 -24.00 -24.50 -24.69 -24.66 -24.88 -24.75 -24.78 -25.41 -25.88 -25.75 -26.62 -26.97 -27.16 -27.47 -28.03 -28.66 -29.03
-10.88 -10.94 -11.31 -11.41 -11.59 -12.09 -11.56 -12.25 -12.94 -13.22 -13.53 -14.22 -14.56 -15.44 -16.09 -16.22 -16.66 -16.94 -17.22 -17.06 -17.59 -17.97 -18.50 -19.16 -19.44 -19.75 -20.28 -20.53 -20.84 -21.12 -20.94 -20.44 -20.03 -19.44 -19.22 -19.41 -19.53 -19.62 -20.69 -20.88 -21.22 -21.31 -20.88 -20.72 -20.50 -20.22 -20.72 -21.16 -21.19 -21.62 -21.97 -22.09 -22.16 -22.88 -23.53 -23.62 -23.94 -24.19 -24.38 -24.09 -23.84 -23.84 -23.72 -24.19 -24.53 -25.12 -25.59 -25.53 -25.69 -26.56 -26.81 -27.38 -27.75 -28.03 -28.50
-10.47 -10.72 -10.94 -11.03 -11.47 -11.38 -11.41 -12.00 -12.47 -13.09 -13.50 -14.16 -14.62 -15.09 -15.56 -15.84 -16.09 -16.69 -16.75 -17.12 -17.69 -18.28 -18.91 -19.41 -18.94 -19.50 -20.03 -20.41 -20.22 -20.44 -20.53 -19.91 -19.56 -19.47 -19.62 -19.91 -20.03 -19.97 -20.19 -20.06 -20.12 -20.44 -20.56 -20.00 -20.03 -19.75 -20.41 -20.41 -21.09 -21.16 -21.31 -21.44 -21.62 -22.56 -23.38 -23.34 -23.12 -23.03 -23.31 -23.22 -23.53 -23.53 -23.75 -24.09 -24.72 -24.88 -25.19 -25.31 -25.88 -26.38 -26.66 -27.34 -27.59 -27.69 -27.75
-9.72 -9.88 -9.88 -10.06 -10.53 -11.00 -11.44 -11.59 -12.03 -12.84 -12.94 -13.56 -13.72 -14.31 -14.97 -15.38 -15.59 -15.59 -16.25 -17.00 -17.28 -17.81 -18.09 -18.50 -18.53 -18.94 -19.41 -19.81 -19.62 -19.78 -19.81 -19.78 -19.75 -19.78 -19.97 -19.84 -19.75 -19.81 -19.81 -19.44 -19.19 -19.81 -20.09 -19.47 -19.78 -19.53 -20.00 -20.06 -20.78 -20.94 -21.28 -21.25 -21.75 -22.25 -22.69 -22.62 -22.53 -22.88 -22.94 -22.81 -22.56 -23.00 -23.38 -23.94 -24.41 -24.78 -25.19 -25.53 -26.06 -26.25 -26.50 -26.72 -26.75 -26.91 -26.84
-9.94 -10.03 -10.03 -10.28 -10.22 -10.94 -11.41 -11.62 -12.03 -12.16 -12.62 -13.12 -13.28 -13.66 -14.38 -14.50 -15.19 -15.41 -15.59 -16.12 -16.47 -17.16 -17.47 -17.56 -17.72 -18.25 -18.56 -18.88 -19.03 -18.91 -19.16 -19.44 -19.28 -19.34 -19.38 -19.06 -19.22 -19.25 -19.12 -19.09 -18.84 -19.12 -18.88 -19.12 -19.19 -19.44 -19.59 -19.88 -20.41 -20.41 -20.91 -21.44 -21.84 -22.06 -22.22 -22.12 -22.22 -21.81 -22.19 -22.66 -22.88 -23.31 -23.66 -24.06 -24.44 -25.06 -25.38 -25.78 -25.66 -25.94 -25.88 -26.50 -26.59 -26.47 -26.44
-10.12 -9.72 -9.91 -10.09 -10.25 -10.44 -10.84 -10.91 -11.34 -11.72 -12.03 -12.38 -12.66 -12.97 -13.34 -13.91 -14.41 -14.38 -14.97 -15.09 -15.78 -16.09 -16.34 -16.78 -17.25 -17.53 -17.72 -17.78 -18.25 -18.28 -18.56 -18.34 -18.50 -18.75 -18.38 -18.31 -18.62 -18.69 -18.69 -18.53 -18.44 -18.59 -18.38 -18.41 -18.94 -19.03 -19.00 -19.47 -19.91 -20.00 -20.44 -21.25 -21.41 -21.91 -21.69 -21.62 -21.62 -21.66 -21.88 -22.22 -22.53 -23.16 -23.66 -24.06 -24.59 -24.69 -25.41 -25.72 -25.22 -25.41 -25.84 -26.22 -26.06 -26.31 -26.25
-9.09 -9.16 -9.69 -9.72 -9.75 -9.56 -9.88 -10.31 -10.75 -11.00 -11.34 -11.47 -11.88 -12.34 -12.91 -13.28 -13.62 -13.34 -13.44 -13.78 -14.75 -15.00 -15.28 -15.72 -16.38 -16.84 -16.94 -17.16 -17.28 -17.06 -17.00 -16.91 -17.84 -17.75 -17.34 -17.47 -17.72 -17.72 -17.81 -18.06 -17.91 -17.59 -17.50 -18.09 -18.03 -18.22 -18.50 -19.38 -19.75 -20.16 -20.22 -20.41 -20.59 -20.88 -21.09 -21.34 -21.28 -21.41 -21.78 -22.25 -22.53 -23.12 -23.28 -23.78 -24.12 -24.66 -24.94 -25.03 -25.22 -25.12 -25.16 -25.19 -25.28 -25.66 -25.66
-8.91 -9.16 -9.25 -9.31 -9.25 -9.50 -9.53 -10.12 -10.44 -10.75 -10.94 -11.03 -11.34 -11.81 -12.06 -12.59 -12.81 -12.88 -12.59 -13.50 -13.94 -14.47 -14.56 -14.50 -15.03 -15.56 -15.72 -16.41 -16.59 -16.03 -15.81 -16.56 -17.12 -17.28 -17.22 -17.06 -17.12 -17.44 -17.41 -17.34 -17.50 -17.38 -17.25 -17.91 -17.72 -17.91 -18.34 -18.72 -19.03 -19.44 -19.69 -19.97 -20.09 -20.28 -20.62 -20.50 -21.03 -21.12 -21.56 -22.09 -22.53 -22.94 -23.19 -23.44 -24.06 -24.47 -24.25 -24.47 -24.78 -24.94 -25.06 -25.31 -25.53 -25.69 -25.56
-8.75 -8.66 -8.44 -8.44 -8.66 -8.62 -9.09 -9.56 -9.91 -10.38 -10.56 -10.97 -11.00 -11.22 -11.28 -11.69 -12.28 -12.50 -12.31 -12.94 -13.44 -13.62 -13.94 -14.06 -14.16 -14.53 -15.06 -15.47 -15.84 -15.88 -15.41 -15.97 -16.34 -16.56 -16.66 -16.75 -16.78 -16.62 -16.66 -16.62 -16.91 -16.88 -16.72 -16.78 -17.47 -17.66 -17.91 -18.09 -18.59 -18.75 -19.12 -19.44 -19.66 -19.78 -19.69 -20.38 -20.81 -21.09 -21.59 -21.97 -22.41 -22.81 -22.84 -23.22 -23.59 -23.88 -24.06 -24.22 -24.41 -24.75 -25.06 -25.34 -25.38 -25.41 -25.59
-8.31 -7.91 -8.12 -8.34 -8.28 -8.22 -8.78 -9.44 -9.50 -9.53 -10.03 -10.38 -10.47 -10.47 -10.53 -10.84 -11.41 -11.88 -12.12 -12.34 -12.47 -12.88 -13.03 -13.12 -13.53 -13.94 -14.34 -14.56 -15.06 -15.12 -15.19 -15.16 -15.16 -15.41 -15.81 -15.94 -15.97 -16.00 -15.94 -16.16 -16.09 -15.72 -15.59 -16.22 -16.53 -17.12 -17.28 -17.84 -18.06 -18.06 -18.53 -18.72 -19.28 -19.50 -19.28 -19.69 -20.34 -20.78 -21.16 -21.47 -22.00 -22.16 -22.31 -22.81 -23.41 -23.72 -23.75 -24.00 -24.41 -24.69 -24.66 -24.94 -25.06 -25.38 -25.56
-7.81 -7.72 -7.88 -8.00 -8.19 -8.25 -8.41 -8.81 -8.97 -9.38 -9.44 -9.31 -9.53 -10.03 -10.06 -10.16 -10.62 -11.03 -11.25 -11.56 -11.72 -11.84 -12.09 -12.16 -12.50 -13.03 -13.44 -13.88 -14.22 -14.25 -14.34 -14.38 -14.53 -14.62 -14.97 -14.97 -15.03 -15.44 -15.25 -15.31 -15.56 -15.47 -15.16 -15.56 -16.25 -16.56 -16.72 -16.56 -16.69 -17.44 -17.69 -18.12 -18.56 -18.66 -18.75 -19.47 -20.12 -20.28 -20.69 -20.81 -21.06 -21.50 -21.81 -22.28 -22.62 -23.38 -23.38 -23.94 -24.31 -24.47 -24.59 -24.59 -24.72 -24.97 -25.41
-7.25 -7.25 -7.38 -7.62 -7.78 -7.75 -7.94 -8.16 -8.19 -8.44 -8.72 -8.75 -9.00 -9.25 -9.44 -9.50 -9.75 -9.84 -10.16 -10.47 -10.72 -10.91 -11.28 -11.25 -11.53 -12.41 -12.66 -12.94 -13.28 -13.34 -13.53 -13.75 -13.78 -13.94 -14.12 -14.09 -13.97 -14.81 -14.88 -14.75 -14.88 -14.47 -14.59 -15.19 -15.72 -15.84 -16.00 -16.56 -16.69 -16.91 -17.25 -17.44 -18.06 -18.72 -18.91 -19.25 -19.44 -19.81 -19.75 -20.31 -20.81 -21.31 -21.75 -22.25 -22.38 -22.78 -22.81 -23.09 -23.41 -24.12 -24.41 -24.41 -24.38 -24.84 -25.22
-7.28 -7.09 -7.00 -7.19 -7.12 -7.25 -7.47 -7.59 -7.66 -7.75 -8.03 -8.03 -8.12 -8.41 -8.56 -8.69 -8.88 -8.91 -8.94 -9.38 -9.94 -10.19 -10.50 -10.72 -11.00 -11.38 -11.75 -12.12 -12.38 -12.41 -12.78 -13.06 -13.09 -13.31 -13.53 -13.78 -13.84 -13.94 -14.22 -14.47 -14.41 -14.31 -14.31 -14.81 -15.31 -15.53 -15.72 -16.00 -16.28 -16.53 -16.69 -16.88 -17.59 -17.81 -17.81 -18.12 -18.78 -19.22 -19.25 -19.69 -20.28 -20.94 -21.56 -21.91 -22.19 -22.50 -22.34 -22.53 -23.50 -24.03 -24.19 -24.28 -24.22 -24.53 -24.75
-7.22 -6.94 -6.88 -6.81 -6.62 -6.88 -6.78 -6.94 -7.53 -7.56 -7.59 -7.34 -7.50 -7.91 -8.19 -8.31 -8.28 -8.38 -8.28 -8.47 -8.94 -9.25 -9.56 -9.72 -10.12 -10.41 -10.91 -11.44 -11.47 -11.69 -11.94 -12.12 -12.25 -12.56 -12.66 -12.94 -13.19 -13.53 -13.88 -13.88 -14.09 -14.06 -14.09 -14.25 -14.72 -15.06 -15.16 -14.97 -15.28 -15.97 -16.34 -16.53 -17.22 -17.53 -17.81 -17.88 -18.31 -18.56 -19.16 -19.34 -20.16 -20.84 -21.34 -21.66 -21.81 -22.25 -22.53 -22.41 -23.25 -23.62 -24.12 -24.25 -24.31 -24.50 -24.50
-6.91 -6.78 -6.69 -6.56 -6.06 -6.47 -6.59 -6.91 -7.03 -7.06 -7.06 -7.03 -7.03 -6.72 -7.09 -7.22 -7.22 -7.75 -8.03 -8.06 -8.31 -8.59 -8.75 -8.88 -9.38 -9.72 -10.00 -10.25 -10.28 -10.72 -10.94 -11.25 -11.44 -11.66 -11.72 -11.88 -12.09 -12.56 -13.03 -13.16 -13.06 -13.47 -13.62 -13.88 -14.16 -14.50 -14.47 -14.75 -15.28 -15.53 -16.03 -16.38 -16.88 -17.16 -17.44 -17.97 -18.28 -18.53 -18.94 -19.31 -19.53 -20.56 -21.19 -21.41 -21.41 -21.69 -22.09 -22.59 -23.03 -23.34 -23.72 -23.97 -24.03 -24.31 -24.31
-6.94 -6.72 -6.50 -6.19 -5.97 -6.12 -6.19 -6.53 -6.53 -6.59 -6.50 -6.47 -6.56 -6.66 -6.81 -6.88 -6.62 -6.91 -6.97 -7.28 -7.53 -7.78 -8.00 -8.25 -8.47 -8.75 -9.00 -9.06 -9.12 -9.81 -9.97 -10.41 -10.44 -10.72 -10.97 -11.00 -11.09 -11.31 -11.69 -12.03 -12.25 -12.81 -12.97 -13.31 -13.59 -13.59 -13.88 -13.94 -14.22 -15.06 -15.41 -15.84 -16.09 -16.56 -17.16 -17.53 -18.03 -18.59 -18.81 -19.50 -19.59 -19.91 -20.56 -20.94 -20.91 -21.25 -21.75 -22.53 -22.84 -23.00 -23.41 -23.75 -24.06 -24.41 -24.41
-6.50 -6.41 -6.31 -5.97 -5.75 -5.88 -5.91 -5.84 -5.88 -5.94 -6.03 -6.06 -6.22 -6.16 -6.22 -6.38 -6.41 -6.38 -6.41 -6.44 -6.72 -6.88 -7.06 -7.16 -7.38 -7.88 -8.06 -8.16 -8.53 -8.91 -8.84 -9.41 -9.75 -9.94 -10.16 -10.16 -10.06 -10.16 -10.69 -11.28 -11.50 -11.91 -12.44 -12.59 -12.66 -12.91 -13.53 -13.75 -14.03 -14.28 -14.88 -15.34 -16.00 -16.50 -16.88 -17.31 -17.62 -18.09 -18.44 -18.91 -18.94 -19.38 -20.06 -20.25 -20.44 -21.09 -21.53 -21.88 -22.19 -22.91 -23.41 -23.56 -23.75 -24.12 -24.41
-6.28 -5.97 -5.81 -5.56 -5.38 -5.44 -5.66 -5.69 -5.59 -5.50 -5.53 -5.62 -5.75 -5.94 -5.94 -6.03 -6.12 -6.12 -6.09 -5.88 -5.81 -5.97 -6.38 -6.56 -6.69 -6.97 -7.06 -7.31 -7.78 -8.19 -8.62 -8.88 -9.06 -9.00 -9.25 -9.50 -9.53 -9.75 -10.06 -10.50 -10.59 -11.22 -11.25 -11.62 -11.88 -12.19 -12.62 -13.09 -13.50 -13.88 -14.44 -14.94 -15.47 -15.94 -16.38 -16.69 -17.06 -17.62 -17.97 -18.44 -18.78 -19.25 -19.44 -19.78 -20.09 -20.56 -21.00 -21.56 -21.94 -22.62 -23.25 -23.59 -23.81 -24.12 -24.25
-6.06 -5.62 -5.44 -5.19 -5.09 -5.31 -5.38 -5.12 -5.09 -5.16 -5.09 -5.09 -5.12 -5.28 -5.12 -5.22 -5.38 -5.38 -5.12 -5.19 -5.31 -5.28 -5.75 -5.94 -5.91 -6.16 -6.31 -6.69 -7.19 -7.41 -7.69 -7.94 -8.25 -8.53 -8.72 -9.00 -9.12 -9.03 -9.12 -9.59 -9.91 -10.25 -10.56 -11.00 -11.16 -11.44 -12.00 -12.34 -12.72 -13.50 -14.12 -14.75 -15.00 -15.56 -15.84 -16.06 -16.50 -17.25 -17.62 -17.91 -18.16 -18.62 -19.03 -19.25 -19.59 -20.22 -20.56 -21.28 -21.97 -22.41 -22.81 -23.34 -23.66 -23.72 -23.84
-5.75 -5.34 -5.00 -4.72 -4.59 -4.94 -4.97 -4.84 -4.72 -4.62 -4.75 -4.66 -4.56 -4.66 -4.62 -4.69 -4.81 -4.72 -4.56 -4.62 -4.53 -4.69 -5.00 -5.28 -5.34 -5.38 -5.75 -6.03 -6.44 -6.62 -6.72 -7.06 -7.25 -7.66 -8.00 -8.22 -8.28 -8.41 -8.38 -8.69 -8.97 -9.38 -9.78 -10.19 -10.59 -11.25 -11.78 -12.06 -12.38 -12.69 -13.53 -14.16 -14.78 -15.19 -15.28 -15.50 -15.88 -16.59 -17.09 -17.31 -17.59 -18.09 -18.41 -19.00 -19.44 -19.81 -20.31 -21.00 -21.53 -22.16 -22.53 -23.00 -23.19 -23.19 -23.47
-5.22 -4.81 -4.53 -4.44 -4.47 -4.59 -4.66 -4.47 -4.22 -4.19 -4.25 -4.06 -4.09 -4.00 -4.19 -4.25 -4.09 -4.00 -4.19 -3.91 -3.94 -4.22 -4.41 -4.59 -4.84 -5.03 -5.06 -5.28 -5.47 -5.69 -5.97 -6.25 -6.31 -6.56 -7.09 -7.22 -7.41 -7.56 -7.50 -7.84 -8.47 -8.81 -9.00 -9.25 -9.75 -10.47 -11.31 -11.62 -11.75 -12.19 -12.91 -13.53 -14.03 -14.41 -14.94 -14.91 -15.12 -15.78 -16.34 -16.78 -17.16 -17.62 -18.06 -18.72 -19.12 -19.22 -20.16 -20.94 -21.09 -21.66 -22.19 -22.47 -22.69 -23.19 -23.38
-4.69 -4.25 -3.94 -4.09 -4.06 -4.12 -4.00 -3.75 -3.66 -3.62 -3.62 -3.50 -3.38 -3.53 -3.47 -3.53 -3.44 -3.50 -3.66 -3.53 -3.50 -3.53 -3.66 -4.03 -4.25 -4.31 -4.34 -4.47 -4.72 -4.78 -5.00 -5.28 -5.47 -5.84 -6.00 -6.31 -6.62 -6.62 -6.62 -7.00 -7.62 -8.00 -8.50 -8.72 -9.16 -9.62 -10.31 -10.72 -11.31 -11.97 -12.59 -13.16 -13.56 -14.03 -14.34 -14.28 -14.66 -15.28 -15.81 -16.12 -16.69 -17.19 -17.53 -18.34 -18.88 -19.31 -19.69 -20.22 -20.81 -21.22 -21.84 -22.34 -22.50 -22.66 -22.88
-4.22 -3.84 -3.69 -3.56 -3.38 -3.38 -3.38 -3.31 -3.22 -3.16 -3.06 -2.97 -3.09 -3.00 -2.81 -3.03 -3.16 -3.03 -3.00 -2.69 -2.66 -2.97 -3.12 -3.31 -3.62 -3.62 -3.72 -3.91 -4.03 -4.25 -4.41 -4.59 -4.81 -5.22 -5.28 -5.56 -5.84 -6.09 -6.31 -6.59 -6.81 -7.25 -7.59 -8.03 -8.53 -9.16 -9.66 -10.00 -10.62 -11.38 -11.84 -12.34 -12.78 -13.31 -13.75 -14.28 -14.62 -14.84 -15.25 -15.81 -16.06 -16.59 -17.19 -18.03 -18.69 -19.16 -19.56 -20.12 -20.78 -21.19 -21.41 -21.66 -21.97 -22.25 -22.56
-3.78 -3.53 -3.44 -2.94 -2.62 -2.56 -2.56 -2.59 -2.56 -2.53 -2.50 -2.44 -2.50 -2.25 -2.34 -2.44 -2.34 -2.34 -2.34 -2.19 -2.31 -2.44 -2.62 -2.81 -3.12 -3.38 -3.38 -3.56 -3.59 -3.66 -3.75 -3.91 -4.09 -4.72 -4.97 -5.22 -5.28 -5.38 -5.62 -5.84 -6.12 -6.62 -7.09 -7.34 -7.81 -8.25 -8.81 -9.56 -10.22 -11.00 -11.44 -11.62 -12.16 -12.56 -13.12 -13.62 -14.00 -14.62 -15.06 -15.25 -15.66 -16.31 -16.66 -17.41 -17.94 -18.66 -19.47 -19.72 -20.22 -20.59 -21.09 -21.38 -21.69 -21.94 -22.31
-3.47 -3.12 -2.84 -2.47 -2.31 -2.12 -1.97 -1.88 -1.88 -1.88 -1.88 -1.81 -1.78 -1.66 -1.69 -1.62 -1.75 -1.81 -1.75 -1.81 -2.00 -2.06 -2.22 -2.47 -2.72 -2.91 -3.06 -3.09 -3.41 -3.56 -3.59 -3.47 -3.88 -3.97 -4.25 -4.56 -4.75 -4.84 -5.06 -5.28 -5.62 -6.47 -6.88 -7.25 -7.56 -7.91 -8.47 -9.12 -9.62 -10.00 -10.56 -11.00 -11.44 -12.03 -12.59 -13.28 -13.50 -13.94 -14.50 -15.06 -15.69 -16.22 -16.69 -17.03 -17.44 -18.19 -18.75 -19.03 -19.78 -20.31 -20.72 -21.06 -21.50 -21.81 -22.06
-3.12 -2.72 -2.47 -2.09 -1.81 -1.69 -1.62 -1.50 -1.44 -1.31 -1.28 -1.19 -1.16 -1.12 -1.00 -0.88 -1.00 -1.12 -1.22 -1.28 -1.38 -1.56 -1.69 -1.91 -2.09 -2.22 -2.44 -2.66 -2.91 -3.09 -3.12 -3.38 -3.50 -3.66 -3.81 -4.00 -4.38 -4.56 -4.88 -5.12 -5.38 -6.09 -6.62 -6.97 -7.53 -7.78 -8.03 -8.28 -8.75 -9.25 -9.94 -10.69 -11.22 -11.81 -12.31 -12.69 -13.16 -13.59 -14.28 -14.94 -15.28 -15.62 -16.16 -16.75 -17.16 -17.81 -18.38 -18.66 -19.19 -19.72 -20.31 -20.72 -21.06 -21.38 -21.56
-2.69 -2.31 -2.09 -1.75 -1.62 -1.44 -1.25 -1.09 -0.97 -1.00 -0.91 -0.84 -0.88 -0.62 -0.62 -0.53 -0.38 -0.53 -0.81 -0.94 -0.94 -1.19 -1.22 -1.19 -1.31 -1.38 -1.62 -1.84 -2.09 -2.34 -2.66 -3.06 -3.25 -3.31 -3.44 -3.53 -3.81 -4.09 -4.44 -4.81 -5.16 -5.66 -6.16 -6.47 -7.00 -7.28 -7.44 -7.84 -8.41 -8.72 -9.41 -9.97 -10.72 -11.41 -11.75 -12.12 -12.75 -13.41 -13.88 -14.53 -15.12 -15.75 -16.16 -16.62 -17.09 -17.75 -18.00 -18.50 -19.00 -19.50 -20.06 -20.34 -20.75 -20.78 -21.09
