everonasctiles/Tile2,14.asc
ncols 128
nrows 128
xllcorner 0
yllcorner 0
cellsize 2.0
NODATA_value  -9999
[rows 32 to 63 of 128, columns 0 to 70 of 128]
-52.41 -52.41 -52.41 -52.41 -52.38 -52.34 -52.31 -52.28 -52.28 -52.25 -52.22 -52.19 -52.16 -52.09 -52.03 -51.97 -51.91 -51.84 -51.81 -51.75 -51.72 -51.69 -51.62 -51.59 -51.53 -51.50 -51.47 -51.41 -51.38 -51.31 -51.28 -51.22 -51.12 -51.06 -50.97 -50.88 -50.78 -50.72 -50.66 -50.59 -50.53 -50.50 -50.44 -50.38 -50.34 -50.28 -50.22 -50.16 -50.09 -50.03 -49.94 -49.84 -49.78 -49.69 -49.59 -49.50 -49.41 -49.31 -49.22 -49.12 -49.06 -48.97 -48.91 -48.81 -48.72 -48.62 -48.56 -48.47 -48.38 -48.31 -48.22
-52.44 -52.47 -52.47 -52.44 -52.41 -52.41 -52.38 -52.34 -52.34 -52.31 -52.28 -52.22 -52.19 -52.12 -52.06 -52.00 -51.94 -51.88 -51.84 -51.78 -51.75 -51.72 -51.69 -51.62 -51.56 -51.53 -51.47 -51.44 -51.38 -51.34 -51.28 -51.22 -51.16 -51.09 -51.00 -50.91 -50.81 -50.72 -50.62 -50.56 -50.53 -50.47 -50.41 -50.34 -50.28 -50.25 -50.19 -50.12 -50.06 -50.00 -49.91 -49.84 -49.75 -49.66 -49.59 -49.50 -49.44 -49.34 -49.25 -49.16 -49.06 -48.97 -48.88 -48.81 -48.72 -48.62 -48.53 -48.44 -48.38 -48.28 -48.19
-52.50 -52.50 -52.50 -52.47 -52.44 -52.44 -52.41 -52.41 -52.38 -52.34 -52.31 -52.25 -52.22 -52.16 -52.09 -52.03 -51.97 -51.91 -51.84 -51.81 -51.78 -51.72 -51.69 -51.62 -51.59 -51.53 -51.47 -51.44 -51.38 -51.34 -51.28 -51.22 -51.16 -51.09 -51.00 -50.91 -50.81 -50.72 -50.62 -50.56 -50.50 -50.44 -50.38 -50.31 -50.25 -50.19 -50.16 -50.09 -50.03 -49.97 -49.88 -49.81 -49.72 -49.66 -49.56 -49.50 -49.41 -49.34 -49.25 -49.16 -49.06 -48.97 -48.88 -48.78 -48.69 -48.59 -48.50 -48.41 -48.34 -48.25 -48.19
-52.53 -52.53 -52.50 -52.50 -52.47 -52.47 -52.44 -52.44 -52.41 -52.38 -52.34 -52.28 -52.25 -52.19 -52.12 -52.06 -52.00 -51.94 -51.88 -51.81 -51.78 -51.72 -51.69 -51.62 -51.56 -51.53 -51.47 -51.44 -51.38 -51.31 -51.28 -51.22 -51.16 -51.09 -51.00 -50.91 -50.81 -50.72 -50.62 -50.56 -50.47 -50.41 -50.34 -50.28 -50.22 -50.19 -50.12 -50.06 -50.00 -49.94 -49.84 -49.78 -49.69 -49.62 -49.53 -49.47 -49.38 -49.31 -49.22 -49.16 -49.06 -48.97 -48.88 -48.78 -48.69 -48.56 -48.47 -48.38 -48.31 -48.22 -48.16
-52.56 -52.56 -52.53 -52.53 -52.53 -52.50 -52.50 -52.47 -52.44 -52.41 -52.38 -52.31 -52.28 -52.22 -52.16 -52.09 -52.00 -51.94 -51.88 -51.81 -51.78 -51.72 -51.69 -51.62 -51.56 -51.50 -51.44 -51.41 -51.34 -51.31 -51.25 -51.19 -51.16 -51.09 -51.00 -50.91 -50.81 -50.72 -50.62 -50.53 -50.47 -50.38 -50.31 -50.25 -50.22 -50.16 -50.09 -50.06 -50.00 -49.91 -49.84 -49.75 -49.69 -49.59 -49.50 -49.44 -49.34 -49.25 -49.19 -49.12 -49.03 -48.97 -48.88 -48.78 -48.66 -48.56 -48.47 -48.38 -48.28 -48.22 -48.12
-52.59 -52.56 -52.56 -52.56 -52.56 -52.56 -52.53 -52.50 -52.50 -52.44 -52.41 -52.38 -52.31 -52.25 -52.19 -52.12 -52.03 -51.97 -51.91 -51.84 -51.78 -51.72 -51.69 -51.62 -51.56 -51.50 -51.44 -51.41 -51.34 -51.28 -51.22 -51.19 -51.12 -51.06 -51.00 -50.91 -50.81 -50.69 -50.62 -50.53 -50.47 -50.38 -50.31 -50.25 -50.22 -50.16 -50.09 -50.03 -49.97 -49.91 -49.84 -49.75 -49.66 -49.56 -49.47 -49.41 -49.31 -49.22 -49.16 -49.09 -49.00 -48.94 -48.88 -48.78 -48.69 -48.56 -48.47 -48.38 -48.31 -48.22 -48.12
-52.62 -52.59 -52.59 -52.59 -52.59 -52.59 -52.59 -52.56 -52.53 -52.50 -52.44 -52.41 -52.34 -52.28 -52.22 -52.16 -52.06 -52.00 -51.94 -51.88 -51.81 -51.75 -51.69 -51.62 -51.56 -51.50 -51.47 -51.41 -51.34 -51.28 -51.25 -51.19 -51.12 -51.06 -50.97 -50.88 -50.78 -50.69 -50.62 -50.53 -50.47 -50.41 -50.34 -50.28 -50.22 -50.19 -50.12 -50.06 -49.97 -49.91 -49.81 -49.72 -49.62 -49.56 -49.47 -49.38 -49.28 -49.19 -49.12 -49.06 -49.00 -48.94 -48.84 -48.78 -48.69 -48.59 -48.50 -48.41 -48.31 -48.25 -48.16
-52.66 -52.62 -52.62 -52.62 -52.62 -52.62 -52.62 -52.59 -52.56 -52.53 -52.47 -52.44 -52.38 -52.31 -52.25 -52.19 -52.09 -52.03 -51.97 -51.91 -51.84 -51.78 -51.75 -51.69 -51.62 -51.56 -51.50 -51.44 -51.38 -51.31 -51.28 -51.19 -51.12 -51.06 -50.97 -50.91 -50.81 -50.72 -50.62 -50.56 -50.50 -50.41 -50.34 -50.28 -50.25 -50.19 -50.12 -50.03 -49.97 -49.88 -49.81 -49.72 -49.62 -49.53 -49.44 -49.34 -49.25 -49.19 -49.09 -49.03 -48.97 -48.91 -48.84 -48.75 -48.69 -48.59 -48.53 -48.44 -48.34 -48.28 -48.19
-52.69 -52.66 -52.66 -52.66 -52.66 -52.66 -52.62 -52.62 -52.59 -52.56 -52.50 -52.44 -52.38 -52.31 -52.25 -52.19 -52.12 -52.06 -52.00 -51.94 -51.91 -51.84 -51.78 -51.72 -51.69 -51.62 -51.56 -51.50 -51.44 -51.38 -51.31 -51.25 -51.16 -51.09 -51.00 -50.91 -50.84 -50.75 -50.66 -50.59 -50.53 -50.44 -50.38 -50.31 -50.25 -50.19 -50.09 -50.03 -49.94 -49.84 -49.78 -49.69 -49.59 -49.50 -49.41 -49.31 -49.25 -49.16 -49.09 -49.03 -48.94 -48.88 -48.81 -48.75 -48.69 -48.59 -48.53 -48.47 -48.38 -48.31 -48.22
-52.72 -52.69 -52.69 -52.66 -52.66 -52.66 -52.62 -52.62 -52.59 -52.53 -52.50 -52.44 -52.38 -52.31 -52.25 -52.19 -52.12 -52.09 -52.03 -51.97 -51.94 -51.88 -51.84 -51.78 -51.75 -51.69 -51.62 -51.56 -51.50 -51.44 -51.38 -51.31 -51.22 -51.12 -51.03 -50.97 -50.88 -50.78 -50.72 -50.62 -50.53 -50.44 -50.38 -50.28 -50.22 -50.16 -50.06 -50.00 -49.91 -49.81 -49.75 -49.66 -49.56 -49.47 -49.41 -49.31 -49.25 -49.16 -49.09 -49.03 -48.94 -48.88 -48.81 -48.72 -48.66 -48.59 -48.53 -48.47 -48.41 -48.31 -48.25
-52.75 -52.72 -52.69 -52.69 -52.66 -52.66 -52.62 -52.59 -52.56 -52.53 -52.47 -52.44 -52.38 -52.31 -52.25 -52.22 -52.16 -52.09 -52.06 -52.00 -51.97 -51.94 -51.88 -51.84 -51.81 -51.75 -51.69 -51.62 -51.59 -51.53 -51.47 -51.38 -51.28 -51.19 -51.09 -51.00 -50.91 -50.81 -50.75 -50.66 -50.56 -50.44 -50.34 -50.25 -50.19 -50.09 -50.03 -49.94 -49.88 -49.78 -49.72 -49.62 -49.56 -49.47 -49.41 -49.31 -49.25 -49.19 -49.09 -49.03 -48.94 -48.88 -48.78 -48.72 -48.66 -48.59 -48.53 -48.47 -48.41 -48.34 -48.25
-52.75 -52.75 -52.72 -52.69 -52.69 -52.66 -52.62 -52.59 -52.56 -52.50 -52.47 -52.44 -52.38 -52.31 -52.28 -52.22 -52.19 -52.12 -52.06 -52.03 -52.00 -51.94 -51.94 -51.91 -51.84 -51.81 -51.75 -51.72 -51.66 -51.59 -51.53 -51.44 -51.34 -51.25 -51.16 -51.03 -50.94 -50.84 -50.75 -50.66 -50.56 -50.44 -50.31 -50.22 -50.12 -50.03 -49.97 -49.91 -49.81 -49.75 -49.69 -49.62 -49.53 -49.47 -49.41 -49.34 -49.28 -49.19 -49.09 -49.03 -48.94 -48.84 -48.75 -48.69 -48.62 -48.56 -48.50 -48.47 -48.38 -48.31 -48.25
-52.75 -52.75 -52.72 -52.72 -52.69 -52.66 -52.62 -52.56 -52.53 -52.50 -52.47 -52.44 -52.38 -52.34 -52.31 -52.25 -52.22 -52.16 -52.09 -52.06 -52.00 -51.97 -51.97 -51.94 -51.91 -51.84 -51.81 -51.78 -51.72 -51.66 -51.59 -51.50 -51.41 -51.28 -51.19 -51.06 -50.97 -50.88 -50.75 -50.66 -50.53 -50.41 -50.31 -50.19 -50.09 -50.00 -49.91 -49.84 -49.78 -49.69 -49.62 -49.59 -49.53 -49.47 -49.41 -49.34 -49.28 -49.19 -49.09 -49.00 -48.91 -48.81 -48.72 -48.66 -48.59 -48.53 -48.47 -48.41 -48.38 -48.31 -48.25
-52.75 -52.75 -52.75 -52.72 -52.69 -52.66 -52.62 -52.56 -52.53 -52.50 -52.47 -52.44 -52.41 -52.38 -52.31 -52.28 -52.22 -52.19 -52.12 -52.09 -52.03 -52.00 -52.00 -51.97 -51.94 -51.91 -51.88 -51.81 -51.75 -51.69 -51.62 -51.53 -51.41 -51.31 -51.19 -51.06 -50.97 -50.84 -50.75 -50.62 -50.53 -50.41 -50.28 -50.16 -50.06 -49.97 -49.88 -49.78 -49.72 -49.66 -49.59 -49.53 -49.50 -49.44 -49.38 -49.31 -49.25 -49.16 -49.06 -48.94 -48.84 -48.75 -48.69 -48.59 -48.53 -48.47 -48.44 -48.38 -48.31 -48.25 -48.19
-52.75 -52.75 -52.75 -52.72 -52.69 -52.66 -52.62 -52.56 -52.53 -52.50 -52.47 -52.44 -52.41 -52.38 -52.34 -52.28 -52.25 -52.19 -52.16 -52.09 -52.06 -52.03 -52.03 -52.00 -51.97 -51.94 -51.91 -51.84 -51.78 -51.72 -51.62 -51.53 -51.44 -51.31 -51.19 -51.09 -50.97 -50.84 -50.75 -50.62 -50.50 -50.38 -50.25 -50.12 -50.03 -49.91 -49.84 -49.75 -49.69 -49.59 -49.56 -49.50 -49.44 -49.41 -49.34 -49.28 -49.19 -49.09 -49.00 -48.88 -48.78 -48.69 -48.62 -48.53 -48.47 -48.41 -48.34 -48.31 -48.25 -48.19 -48.16
-52.75 -52.75 -52.72 -52.69 -52.69 -52.66 -52.62 -52.59 -52.56 -52.53 -52.50 -52.47 -52.41 -52.38 -52.34 -52.28 -52.25 -52.19 -52.16 -52.12 -52.09 -52.06 -52.03 -52.00 -52.00 -51.97 -51.91 -51.84 -51.78 -51.72 -51.62 -51.53 -51.44 -51.31 -51.22 -51.09 -50.97 -50.84 -50.72 -50.62 -50.50 -50.38 -50.25 -50.12 -50.00 -49.88 -49.78 -49.69 -49.62 -49.56 -49.50 -49.47 -49.41 -49.34 -49.28 -49.22 -49.12 -49.03 -48.94 -48.81 -48.72 -48.62 -48.53 -48.47 -48.41 -48.34 -48.28 -48.22 -48.19 -48.12 -48.06
-52.72 -52.72 -52.69 -52.69 -52.66 -52.62 -52.59 -52.59 -52.56 -52.53 -52.50 -52.47 -52.41 -52.38 -52.31 -52.28 -52.25 -52.19 -52.16 -52.12 -52.09 -52.06 -52.06 -52.03 -52.00 -51.97 -51.91 -51.84 -51.78 -51.69 -51.59 -51.50 -51.41 -51.31 -51.19 -51.09 -50.97 -50.84 -50.72 -50.59 -50.47 -50.38 -50.22 -50.09 -49.97 -49.84 -49.75 -49.66 -49.56 -49.50 -49.47 -49.41 -49.38 -49.31 -49.25 -49.16 -49.06 -48.97 -48.84 -48.75 -48.62 -48.53 -48.44 -48.38 -48.31 -48.25 -48.19 -48.12 -48.09 -48.03 -48.00
-52.69 -52.66 -52.66 -52.62 -52.62 -52.59 -52.59 -52.59 -52.56 -52.53 -52.50 -52.47 -52.41 -52.38 -52.31 -52.28 -52.22 -52.19 -52.16 -52.12 -52.09 -52.06 -52.03 -52.00 -51.97 -51.94 -51.88 -51.81 -51.75 -51.66 -51.56 -51.47 -51.38 -51.28 -51.16 -51.06 -50.94 -50.81 -50.69 -50.56 -50.47 -50.34 -50.22 -50.09 -49.94 -49.84 -49.72 -49.62 -49.53 -49.47 -49.41 -49.34 -49.31 -49.25 -49.19 -49.09 -49.00 -48.91 -48.78 -48.66 -48.56 -48.44 -48.34 -48.28 -48.22 -48.16 -48.09 -48.03 -48.00 -47.97 -47.91
-52.62 -52.62 -52.59 -52.59 -52.56 -52.56 -52.56 -52.56 -52.53 -52.53 -52.47 -52.44 -52.41 -52.34 -52.28 -52.25 -52.22 -52.19 -52.12 -52.09 -52.06 -52.03 -52.00 -51.97 -51.94 -51.91 -51.84 -51.78 -51.72 -51.62 -51.53 -51.44 -51.34 -51.25 -51.12 -51.00 -50.88 -50.75 -50.62 -50.53 -50.41 -50.31 -50.19 -50.06 -49.94 -49.81 -49.69 -49.59 -49.50 -49.41 -49.34 -49.28 -49.25 -49.19 -49.09 -49.03 -48.94 -48.84 -48.72 -48.59 -48.47 -48.34 -48.25 -48.19 -48.12 -48.06 -47.97 -47.94 -47.88 -47.84 -47.81
-52.56 -52.56 -52.56 -52.53 -52.53 -52.53 -52.53 -52.53 -52.50 -52.50 -52.47 -52.41 -52.38 -52.31 -52.28 -52.22 -52.19 -52.16 -52.09 -52.06 -52.03 -52.00 -51.97 -51.94 -51.91 -51.84 -51.81 -51.75 -51.69 -51.59 -51.50 -51.41 -51.31 -51.22 -51.09 -50.97 -50.84 -50.72 -50.59 -50.47 -50.38 -50.25 -50.16 -50.03 -49.94 -49.81 -49.69 -49.56 -49.47 -49.38 -49.31 -49.25 -49.16 -49.09 -49.03 -48.94 -48.84 -48.75 -48.66 -48.53 -48.41 -48.28 -48.19 -48.09 -48.03 -47.94 -47.88 -47.84 -47.78 -47.75 -47.72
-52.53 -52.50 -52.50 -52.50 -52.50 -52.50 -52.50 -52.47 -52.47 -52.47 -52.44 -52.41 -52.38 -52.31 -52.25 -52.22 -52.16 -52.12 -52.06 -52.03 -52.00 -51.97 -51.94 -51.91 -51.88 -51.81 -51.78 -51.72 -51.66 -51.59 -51.50 -51.41 -51.31 -51.19 -51.06 -50.94 -50.81 -50.69 -50.56 -50.47 -50.34 -50.25 -50.16 -50.03 -49.91 -49.81 -49.69 -49.56 -49.44 -49.34 -49.28 -49.19 -49.09 -49.03 -48.94 -48.88 -48.78 -48.69 -48.59 -48.47 -48.34 -48.25 -48.12 -48.03 -47.97 -47.88 -47.81 -47.75 -47.69 -47.66 -47.59
-52.50 -52.50 -52.50 -52.50 -52.50 -52.50 -52.50 -52.47 -52.47 -52.47 -52.44 -52.41 -52.34 -52.31 -52.25 -52.19 -52.12 -52.09 -52.03 -52.00 -51.97 -51.94 -51.91 -51.88 -51.84 -51.81 -51.75 -51.72 -51.66 -51.59 -51.50 -51.41 -51.31 -51.19 -51.06 -50.94 -50.81 -50.69 -50.59 -50.47 -50.38 -50.25 -50.16 -50.03 -49.94 -49.81 -49.66 -49.56 -49.44 -49.34 -49.25 -49.16 -49.06 -48.97 -48.88 -48.81 -48.72 -48.62 -48.53 -48.44 -48.31 -48.22 -48.12 -48.03 -47.94 -47.88 -47.78 -47.72 -47.62 -47.56 -47.50
-52.53 -52.53 -52.53 -52.53 -52.53 -52.53 -52.53 -52.50 -52.50 -52.47 -52.44 -52.41 -52.38 -52.31 -52.25 -52.19 -52.12 -52.09 -52.03 -51.97 -51.94 -51.91 -51.88 -51.84 -51.81 -51.78 -51.75 -51.72 -51.66 -51.56 -51.50 -51.41 -51.31 -51.19 -51.06 -50.97 -50.84 -50.72 -50.62 -50.50 -50.38 -50.28 -50.16 -50.06 -49.94 -49.81 -49.69 -49.56 -49.44 -49.31 -49.22 -49.12 -49.03 -48.94 -48.84 -48.78 -48.69 -48.59 -48.50 -48.44 -48.34 -48.25 -48.16 -48.06 -48.00 -47.91 -47.81 -47.72 -47.62 -47.56 -47.47
-52.59 -52.59 -52.59 -52.59 -52.59 -52.56 -52.56 -52.56 -52.53 -52.53 -52.47 -52.44 -52.38 -52.34 -52.28 -52.22 -52.16 -52.09 -52.03 -51.97 -51.94 -51.91 -51.88 -51.84 -51.81 -51.78 -51.75 -51.69 -51.62 -51.56 -51.50 -51.41 -51.28 -51.19 -51.06 -50.97 -50.84 -50.75 -50.62 -50.53 -50.41 -50.28 -50.19 -50.06 -49.94 -49.81 -49.69 -49.56 -49.44 -49.34 -49.22 -49.12 -49.03 -48.94 -48.84 -48.78 -48.69 -48.62 -48.53 -48.44 -48.38 -48.28 -48.22 -48.12 -48.06 -47.97 -47.88 -47.78 -47.69 -47.59 -47.50
-52.62 -52.66 -52.66 -52.66 -52.62 -52.62 -52.62 -52.59 -52.59 -52.56 -52.53 -52.50 -52.44 -52.38 -52.31 -52.25 -52.19 -52.12 -52.06 -52.00 -51.94 -51.91 -51.88 -51.84 -51.78 -51.75 -51.72 -51.69 -51.62 -51.53 -51.47 -51.38 -51.28 -51.19 -51.06 -50.97 -50.84 -50.75 -50.62 -50.53 -50.41 -50.31 -50.19 -50.06 -49.94 -49.81 -49.69 -49.59 -49.47 -49.38 -49.25 -49.16 -49.06 -48.97 -48.88 -48.81 -48.72 -48.66 -48.56 -48.50 -48.44 -48.34 -48.28 -48.19 -48.12 -48.03 -47.94 -47.84 -47.75 -47.66 -47.56
-52.69 -52.69 -52.69 -52.69 -52.69 -52.66 -52.66 -52.66 -52.66 -52.62 -52.59 -52.53 -52.50 -52.44 -52.34 -52.28 -52.22 -52.16 -52.09 -52.03 -52.00 -51.94 -51.88 -51.84 -51.78 -51.75 -51.69 -51.66 -51.59 -51.53 -51.44 -51.34 -51.25 -51.16 -51.06 -50.94 -50.84 -50.72 -50.62 -50.53 -50.41 -50.31 -50.19 -50.06 -49.97 -49.84 -49.75 -49.62 -49.50 -49.41 -49.28 -49.19 -49.09 -49.00 -48.91 -48.84 -48.75 -48.69 -48.62 -48.56 -48.47 -48.41 -48.31 -48.25 -48.16 -48.06 -48.00 -47.91 -47.81 -47.72 -47.62
-52.72 -52.72 -52.72 -52.72 -52.72 -52.72 -52.72 -52.72 -52.69 -52.69 -52.66 -52.59 -52.53 -52.47 -52.41 -52.34 -52.28 -52.22 -52.16 -52.09 -52.03 -51.97 -51.91 -51.88 -51.81 -51.75 -51.69 -51.62 -51.56 -51.47 -51.41 -51.31 -51.22 -51.12 -51.03 -50.94 -50.84 -50.72 -50.62 -50.53 -50.41 -50.31 -50.19 -50.09 -50.00 -49.88 -49.78 -49.66 -49.56 -49.44 -49.31 -49.22 -49.12 -49.00 -48.94 -48.84 -48.78 -48.72 -48.66 -48.59 -48.50 -48.44 -48.38 -48.28 -48.22 -48.12 -48.03 -47.97 -47.88 -47.78 -47.66
-52.75 -52.75 -52.75 -52.75 -52.75 -52.75 -52.75 -52.75 -52.75 -52.72 -52.69 -52.66 -52.59 -52.53 -52.47 -52.41 -52.38 -52.31 -52.22 -52.16 -52.09 -52.03 -51.97 -51.88 -51.81 -51.72 -51.66 -51.59 -51.53 -51.44 -51.38 -51.28 -51.19 -51.12 -51.03 -50.94 -50.84 -50.72 -50.62 -50.53 -50.44 -50.31 -50.22 -50.12 -50.03 -49.91 -49.81 -49.69 -49.59 -49.47 -49.34 -49.25 -49.12 -49.03 -48.94 -48.88 -48.81 -48.75 -48.69 -48.62 -48.56 -48.50 -48.41 -48.34 -48.28 -48.19 -48.09 -48.00 -47.91 -47.81 -47.72
-52.78 -52.78 -52.78 -52.78 -52.78 -52.78 -52.78 -52.78 -52.75 -52.75 -52.72 -52.69 -52.66 -52.59 -52.56 -52.50 -52.44 -52.38 -52.31 -52.22 -52.16 -52.06 -52.00 -51.91 -51.81 -51.72 -51.66 -51.56 -51.50 -51.41 -51.34 -51.25 -51.19 -51.09 -51.00 -50.94 -50.84 -50.75 -50.66 -50.56 -50.44 -50.34 -50.25 -50.16 -50.06 -49.94 -49.81 -49.72 -49.59 -49.47 -49.38 -49.25 -49.12 -49.03 -48.94 -48.88 -48.81 -48.78 -48.72 -48.66 -48.59 -48.53 -48.47 -48.41 -48.34 -48.25 -48.16 -48.06 -47.97 -47.84 -47.75
-52.78 -52.78 -52.78 -52.78 -52.81 -52.81 -52.81 -52.78 -52.78 -52.78 -52.75 -52.72 -52.69 -52.66 -52.59 -52.56 -52.50 -52.44 -52.38 -52.28 -52.19 -52.09 -52.00 -51.91 -51.81 -51.72 -51.62 -51.56 -51.47 -51.38 -51.31 -51.22 -51.16 -51.06 -51.00 -50.91 -50.84 -50.75 -50.66 -50.56 -50.47 -50.38 -50.28 -50.19 -50.06 -49.97 -49.84 -49.72 -49.59 -49.47 -49.38 -49.25 -49.16 -49.06 -48.97 -48.91 -48.88 -48.81 -48.75 -48.72 -48.66 -48.59 -48.53 -48.47 -48.41 -48.31 -48.22 -48.12 -48.00 -47.88 -47.78
-52.81 -52.81 -52.81 -52.81 -52.81 -52.81 -52.81 -52.81 -52.78 -52.78 -52.78 -52.75 -52.72 -52.69 -52.66 -52.59 -52.53 -52.47 -52.41 -52.31 -52.22 -52.12 -52.03 -51.94 -51.81 -51.72 -51.62 -51.53 -51.47 -51.38 -51.28 -51.22 -51.12 -51.06 -51.00 -50.91 -50.84 -50.75 -50.66 -50.59 -50.50 -50.41 -50.28 -50.19 -50.09 -49.97 -49.84 -49.72 -49.59 -49.50 -49.38 -49.28 -49.19 -49.09 -49.03 -48.97 -48.91 -48.84 -48.81 -48.75 -48.72 -48.66 -48.59 -48.53 -48.44 -48.34 -48.25 -48.16 -48.03 -47.91 -47.78
-52.81 -52.81 -52.81 -52.81 -52.81 -52.81 -52.81 -52.81 -52.81 -52.78 -52.78 -52.78 -52.75 -52.72 -52.69 -52.62 -52.56 -52.50 -52.44 -52.34 -52.25 -52.16 -52.06 -51.94 -51.84 -51.75 -51.62 -51.56 -51.47 -51.38 -51.28 -51.22 -51.12 -51.06 -50.97 -50.91 -50.81 -50.75 -50.66 -50.59 -50.50 -50.41 -50.31 -50.19 -50.09 -49.97 -49.84 -49.72 -49.62 -49.50 -49.41 -49.31 -49.22 -49.16 -49.09 -49.00 -48.97 -48.91 -48.84 -48.81 -48.75 -48.69 -48.66 -48.56 -48.50 -48.38 -48.28 -48.16 -48.03 -47.88 -47.75
