everonasctiles/Tile[43,13].asc
ncols 128
nrows 128
xllcorner 0
yllcorner 0
cellsize 2.0
NODATA_value  -9999
[rows 64 to 95 of 128, columns 0 to 70 of 128]
-63.91 -64.12 -64.38 -64.59 -64.81 -65.06 -65.31 -65.62 -65.91 -66.19 -66.47 -66.72 -66.94 -67.12 -67.31 -67.47 -67.62 -67.84 -68.06 -68.34 -68.59 -68.88 -69.16 -69.38 -69.59 -69.75 -69.91 -70.06 -70.22 -70.41 -70.62 -70.88 -71.12 -71.31 -71.44 -71.50 -71.56 -71.66 -71.78 -71.88 -71.91 -71.81 -71.94 -72.34 -72.91 -73.59 -74.31 -75.03 -75.66 -76.38 -77.09 -77.81 -78.47 -79.09 -79.66 -80.19 -80.62 -80.91 -81.12 -81.31 -81.72 -82.28 -82.81 -83.31 -83.78 -84.22 -84.59 -84.94 -85.25 -85.56 -85.81
-63.66 -63.91 -64.16 -64.41 -64.69 -64.97 -65.25 -65.59 -65.91 -66.22 -66.53 -66.78 -67.00 -67.19 -67.38 -67.53 -67.69 -67.88 -68.06 -68.31 -68.53 -68.81 -69.03 -69.25 -69.41 -69.56 -69.69 -69.81 -69.94 -70.12 -70.31 -70.56 -70.78 -70.97 -71.06 -71.12 -71.22 -71.31 -71.44 -71.50 -71.47 -71.69 -72.25 -72.84 -73.44 -74.06 -74.72 -75.34 -75.91 -76.47 -77.03 -77.69 -78.34 -78.97 -79.50 -79.97 -80.31 -80.59 -80.81 -81.19 -81.69 -82.22 -82.69 -83.16 -83.59 -83.97 -84.31 -84.62 -84.94 -85.25 -85.53
-63.41 -63.69 -63.97 -64.22 -64.50 -64.81 -65.16 -65.50 -65.88 -66.22 -66.53 -66.78 -67.03 -67.22 -67.41 -67.56 -67.72 -67.84 -68.00 -68.22 -68.44 -68.69 -68.88 -69.06 -69.19 -69.28 -69.41 -69.50 -69.66 -69.81 -70.00 -70.25 -70.47 -70.59 -70.69 -70.78 -70.88 -70.97 -71.06 -71.12 -71.34 -71.88 -72.47 -73.06 -73.66 -74.28 -74.91 -75.53 -76.12 -76.66 -77.22 -77.78 -78.34 -78.91 -79.38 -79.78 -80.06 -80.31 -80.66 -81.12 -81.59 -82.06 -82.50 -82.91 -83.28 -83.62 -83.94 -84.28 -84.62 -84.94 -85.22
-63.19 -63.47 -63.75 -64.00 -64.31 -64.62 -65.00 -65.41 -65.78 -66.12 -66.47 -66.75 -66.97 -67.19 -67.38 -67.53 -67.66 -67.75 -67.88 -68.06 -68.28 -68.50 -68.69 -68.84 -68.94 -69.00 -69.06 -69.16 -69.28 -69.47 -69.69 -69.91 -70.09 -70.22 -70.34 -70.44 -70.53 -70.66 -70.75 -70.94 -71.34 -71.91 -72.50 -73.12 -73.75 -74.41 -75.03 -75.66 -76.25 -76.81 -77.34 -77.88 -78.38 -78.84 -79.25 -79.59 -79.88 -80.19 -80.56 -81.00 -81.41 -81.81 -82.22 -82.56 -82.91 -83.19 -83.53 -83.91 -84.28 -84.62 -84.84
-62.97 -63.25 -63.50 -63.78 -64.06 -64.44 -64.84 -65.28 -65.66 -66.03 -66.34 -66.66 -66.91 -67.12 -67.34 -67.47 -67.56 -67.62 -67.72 -67.91 -68.09 -68.31 -68.47 -68.59 -68.66 -68.69 -68.72 -68.75 -68.91 -69.09 -69.34 -69.56 -69.72 -69.84 -69.94 -70.06 -70.19 -70.31 -70.47 -70.78 -71.25 -71.81 -72.44 -73.06 -73.69 -74.34 -75.00 -75.66 -76.28 -76.88 -77.44 -77.91 -78.38 -78.78 -79.16 -79.47 -79.75 -80.09 -80.44 -80.78 -81.16 -81.50 -81.84 -82.16 -82.44 -82.75 -83.12 -83.53 -83.91 -84.22 -84.44
-62.78 -63.03 -63.28 -63.53 -63.84 -64.28 -64.72 -65.12 -65.53 -65.91 -66.25 -66.53 -66.81 -67.03 -67.25 -67.34 -67.41 -67.47 -67.56 -67.69 -67.88 -68.06 -68.22 -68.31 -68.31 -68.31 -68.31 -68.31 -68.50 -68.72 -68.97 -69.19 -69.31 -69.41 -69.53 -69.69 -69.81 -69.97 -70.16 -70.53 -71.06 -71.69 -72.31 -72.94 -73.56 -74.25 -74.94 -75.62 -76.25 -76.81 -77.38 -77.84 -78.28 -78.69 -79.03 -79.34 -79.62 -79.91 -80.22 -80.50 -80.81 -81.12 -81.41 -81.66 -81.94 -82.28 -82.69 -83.12 -83.50 -83.78 -84.00
-62.59 -62.81 -63.06 -63.34 -63.72 -64.16 -64.59 -65.03 -65.41 -65.78 -66.09 -66.41 -66.69 -66.94 -67.09 -67.19 -67.25 -67.28 -67.34 -67.47 -67.62 -67.81 -67.94 -68.00 -68.00 -67.97 -67.91 -67.91 -68.09 -68.38 -68.59 -68.78 -68.88 -68.97 -69.12 -69.31 -69.44 -69.59 -69.81 -70.09 -70.62 -71.31 -72.03 -72.72 -73.44 -74.16 -74.88 -75.56 -76.16 -76.72 -77.25 -77.72 -78.12 -78.50 -78.84 -79.16 -79.41 -79.66 -79.88 -80.12 -80.38 -80.66 -80.88 -81.09 -81.38 -81.78 -82.25 -82.66 -83.03 -83.31 -83.50
-62.44 -62.69 -62.97 -63.31 -63.69 -64.09 -64.50 -64.91 -65.28 -65.62 -65.94 -66.25 -66.53 -66.78 -66.94 -67.03 -67.06 -67.06 -67.09 -67.22 -67.38 -67.50 -67.62 -67.69 -67.66 -67.59 -67.53 -67.53 -67.75 -68.00 -68.22 -68.34 -68.41 -68.47 -68.69 -68.94 -69.12 -69.22 -69.25 -69.50 -70.16 -70.97 -71.88 -72.75 -73.53 -74.22 -74.88 -75.50 -76.06 -76.59 -77.06 -77.53 -77.94 -78.28 -78.59 -78.88 -79.12 -79.31 -79.47 -79.69 -79.91 -80.12 -80.31 -80.53 -80.84 -81.34 -81.81 -82.22 -82.56 -82.84 -83.06
-62.34 -62.62 -62.94 -63.28 -63.66 -64.03 -64.41 -64.78 -65.12 -65.44 -65.78 -66.09 -66.38 -66.62 -66.78 -66.84 -66.84 -66.84 -66.84 -66.94 -67.06 -67.22 -67.31 -67.31 -67.28 -67.25 -67.22 -67.25 -67.44 -67.66 -67.81 -67.91 -67.91 -67.88 -68.12 -68.47 -68.69 -68.66 -68.66 -69.09 -69.88 -70.88 -71.94 -72.94 -73.66 -74.28 -74.88 -75.44 -75.97 -76.44 -76.88 -77.31 -77.69 -78.00 -78.28 -78.53 -78.75 -78.91 -79.03 -79.22 -79.44 -79.59 -79.72 -79.94 -80.31 -80.84 -81.31 -81.69 -81.97 -82.31 -82.84
-62.34 -62.62 -62.94 -63.25 -63.59 -63.94 -64.25 -64.56 -64.91 -65.22 -65.56 -65.91 -66.19 -66.44 -66.59 -66.66 -66.66 -66.62 -66.59 -66.62 -66.75 -66.88 -66.97 -66.97 -66.94 -66.91 -66.88 -66.94 -67.09 -67.28 -67.41 -67.44 -67.34 -67.28 -67.56 -67.91 -68.12 -68.19 -68.38 -68.94 -69.84 -70.94 -72.09 -73.00 -73.66 -74.25 -74.81 -75.31 -75.78 -76.19 -76.62 -77.03 -77.34 -77.59 -77.84 -78.09 -78.31 -78.47 -78.59 -78.75 -78.91 -79.03 -79.16 -79.34 -79.66 -80.03 -80.41 -80.84 -81.41 -82.16 -82.78
-62.31 -62.62 -62.94 -63.25 -63.53 -63.81 -64.09 -64.34 -64.62 -65.00 -65.38 -65.72 -66.03 -66.25 -66.41 -66.47 -66.47 -66.41 -66.34 -66.34 -66.47 -66.56 -66.62 -66.62 -66.56 -66.53 -66.53 -66.62 -66.75 -66.91 -66.97 -66.97 -66.75 -66.88 -67.31 -67.78 -68.19 -68.44 -68.69 -69.22 -70.09 -71.19 -72.19 -72.97 -73.56 -74.09 -74.59 -75.03 -75.47 -75.88 -76.28 -76.66 -76.91 -77.12 -77.34 -77.62 -77.84 -78.00 -78.12 -78.28 -78.41 -78.50 -78.59 -78.69 -78.84 -79.16 -79.66 -80.41 -81.31 -82.00 -82.62
-62.31 -62.59 -62.91 -63.22 -63.47 -63.69 -63.91 -64.12 -64.41 -64.81 -65.22 -65.56 -65.84 -66.06 -66.22 -66.28 -66.28 -66.19 -66.12 -66.09 -66.16 -66.25 -66.31 -66.25 -66.19 -66.12 -66.19 -66.28 -66.41 -66.50 -66.56 -66.47 -66.47 -66.91 -67.53 -68.12 -68.62 -69.03 -69.41 -69.91 -70.62 -71.50 -72.28 -72.88 -73.38 -73.75 -74.16 -74.59 -75.03 -75.47 -75.84 -76.16 -76.34 -76.53 -76.78 -77.09 -77.34 -77.53 -77.69 -77.81 -77.91 -78.00 -78.03 -77.97 -78.12 -78.56 -79.34 -80.34 -81.22 -81.78 -82.38
-62.25 -62.56 -62.84 -63.12 -63.38 -63.59 -63.81 -64.06 -64.38 -64.75 -65.09 -65.41 -65.66 -65.84 -66.00 -66.06 -66.06 -66.00 -65.91 -65.88 -65.91 -65.94 -65.97 -65.91 -65.84 -65.78 -65.81 -65.94 -66.06 -66.16 -66.19 -66.28 -66.69 -67.22 -67.81 -68.34 -68.84 -69.34 -69.81 -70.34 -70.94 -71.56 -72.16 -72.62 -72.88 -73.09 -73.34 -73.78 -74.38 -74.94 -75.31 -75.59 -75.72 -75.84 -76.16 -76.56 -76.84 -77.06 -77.22 -77.34 -77.47 -77.50 -77.41 -77.38 -77.66 -78.34 -79.25 -80.22 -80.94 -81.50 -82.09
-62.19 -62.47 -62.75 -63.00 -63.25 -63.50 -63.78 -64.06 -64.38 -64.69 -65.00 -65.22 -65.44 -65.59 -65.72 -65.81 -65.81 -65.75 -65.69 -65.62 -65.62 -65.66 -65.66 -65.59 -65.50 -65.41 -65.44 -65.56 -65.69 -65.81 -66.06 -66.44 -66.91 -67.41 -67.91 -68.44 -68.97 -69.47 -69.97 -70.47 -70.97 -71.47 -71.91 -72.12 -72.12 -71.88 -72.09 -72.75 -73.69 -74.34 -74.72 -74.94 -75.00 -75.16 -75.56 -76.03 -76.34 -76.59 -76.78 -76.94 -77.03 -76.97 -76.84 -76.91 -77.41 -78.12 -78.94 -79.72 -80.34 -80.94 -81.66
-62.12 -62.38 -62.62 -62.84 -63.09 -63.34 -63.66 -63.97 -64.28 -64.56 -64.81 -65.00 -65.16 -65.31 -65.44 -65.50 -65.53 -65.50 -65.44 -65.38 -65.34 -65.34 -65.34 -65.28 -65.19 -65.09 -65.06 -65.19 -65.38 -65.66 -66.00 -66.44 -66.91 -67.41 -67.91 -68.41 -68.94 -69.47 -69.94 -70.38 -70.81 -71.19 -71.44 -71.47 -71.09 -70.66 -71.00 -71.88 -73.03 -73.69 -74.06 -74.22 -74.25 -74.38 -74.91 -75.47 -75.84 -76.16 -76.41 -76.59 -76.66 -76.53 -76.47 -76.75 -77.25 -77.94 -78.62 -79.31 -80.00 -80.78 -81.62
-62.03 -62.25 -62.44 -62.66 -62.88 -63.16 -63.47 -63.81 -64.12 -64.34 -64.53 -64.69 -64.84 -65.00 -65.12 -65.19 -65.22 -65.19 -65.16 -65.12 -65.06 -65.06 -65.03 -65.00 -64.91 -64.81 -64.75 -64.88 -65.16 -65.47 -65.88 -66.31 -66.78 -67.25 -67.78 -68.28 -68.81 -69.28 -69.72 -70.12 -70.47 -70.75 -70.88 -70.75 -70.12 -69.72 -70.19 -71.25 -72.47 -73.03 -73.38 -73.47 -73.47 -73.72 -74.31 -74.94 -75.41 -75.78 -76.12 -76.41 -76.59 -76.69 -76.69 -76.94 -77.41 -78.03 -78.69 -79.41 -80.19 -81.03 -81.72
-61.94 -62.09 -62.25 -62.44 -62.66 -62.94 -63.25 -63.59 -63.88 -64.06 -64.22 -64.34 -64.50 -64.66 -64.75 -64.84 -64.88 -64.88 -64.88 -64.84 -64.78 -64.75 -64.72 -64.69 -64.62 -64.53 -64.44 -64.59 -64.91 -65.25 -65.62 -66.06 -66.50 -67.00 -67.53 -68.06 -68.56 -69.00 -69.41 -69.75 -70.06 -70.25 -70.31 -70.16 -69.53 -69.12 -69.75 -70.94 -71.88 -72.41 -72.66 -72.75 -72.78 -73.25 -73.97 -74.59 -75.16 -75.62 -76.06 -76.47 -76.78 -77.00 -77.16 -77.34 -77.81 -78.41 -79.06 -79.78 -80.47 -81.09 -81.69
-61.84 -61.94 -62.06 -62.19 -62.41 -62.69 -63.00 -63.31 -63.56 -63.72 -63.84 -63.97 -64.12 -64.25 -64.38 -64.44 -64.50 -64.56 -64.56 -64.53 -64.47 -64.44 -64.41 -64.41 -64.31 -64.22 -64.16 -64.28 -64.59 -64.94 -65.31 -65.75 -66.22 -66.72 -67.25 -67.75 -68.22 -68.66 -69.03 -69.34 -69.56 -69.72 -69.78 -69.66 -69.22 -68.88 -69.66 -70.69 -71.31 -71.75 -72.00 -72.12 -72.34 -73.00 -73.78 -74.44 -75.00 -75.56 -76.09 -76.56 -76.97 -77.28 -77.50 -77.78 -78.22 -78.81 -79.41 -80.00 -80.53 -81.09 -81.66
-61.69 -61.78 -61.88 -61.97 -62.19 -62.47 -62.75 -63.00 -63.22 -63.34 -63.47 -63.59 -63.72 -63.88 -63.97 -64.06 -64.16 -64.22 -64.28 -64.22 -64.16 -64.09 -64.09 -64.09 -64.03 -63.94 -63.88 -63.91 -64.19 -64.53 -64.94 -65.41 -65.91 -66.41 -66.91 -67.38 -67.84 -68.25 -68.59 -68.88 -69.06 -69.19 -69.25 -69.19 -68.91 -68.84 -69.66 -70.28 -70.78 -71.16 -71.41 -71.62 -72.03 -72.72 -73.56 -74.28 -74.94 -75.53 -76.12 -76.66 -77.16 -77.53 -77.81 -78.12 -78.53 -79.03 -79.56 -80.09 -80.59 -81.12 -81.62
-61.53 -61.59 -61.69 -61.78 -61.97 -62.22 -62.47 -62.69 -62.84 -62.97 -63.03 -63.12 -63.28 -63.41 -63.53 -63.66 -63.78 -63.91 -63.97 -63.94 -63.84 -63.78 -63.78 -63.78 -63.72 -63.66 -63.56 -63.53 -63.72 -64.12 -64.59 -65.03 -65.53 -66.00 -66.47 -66.94 -67.41 -67.78 -68.12 -68.38 -68.56 -68.69 -68.75 -68.72 -68.59 -68.81 -69.41 -69.88 -70.28 -70.62 -70.91 -71.16 -71.47 -72.12 -72.97 -73.88 -74.75 -75.47 -76.12 -76.72 -77.28 -77.75 -78.12 -78.44 -78.81 -79.25 -79.72 -80.19 -80.69 -81.16 -81.66
-61.31 -61.38 -61.47 -61.59 -61.75 -61.94 -62.16 -62.31 -62.47 -62.56 -62.62 -62.66 -62.75 -62.91 -63.06 -63.25 -63.44 -63.59 -63.66 -63.62 -63.56 -63.50 -63.47 -63.47 -63.41 -63.34 -63.28 -63.19 -63.28 -63.69 -64.19 -64.66 -65.09 -65.53 -66.00 -66.47 -66.94 -67.31 -67.62 -67.88 -68.06 -68.19 -68.28 -68.31 -68.28 -68.62 -69.09 -69.47 -69.81 -70.12 -70.34 -70.44 -70.75 -71.41 -72.25 -73.22 -74.19 -75.22 -76.12 -76.81 -77.38 -77.91 -78.34 -78.72 -79.06 -79.47 -79.88 -80.28 -80.75 -81.19 -81.66
-61.06 -61.16 -61.25 -61.38 -61.50 -61.66 -61.81 -61.97 -62.12 -62.22 -62.28 -62.25 -62.25 -62.41 -62.66 -62.91 -63.12 -63.28 -63.38 -63.34 -63.28 -63.19 -63.16 -63.12 -63.12 -63.06 -63.00 -62.94 -62.94 -63.31 -63.78 -64.22 -64.62 -64.94 -65.44 -66.00 -66.47 -66.84 -67.12 -67.38 -67.59 -67.75 -67.84 -67.91 -68.00 -68.34 -68.75 -69.06 -69.38 -69.53 -69.59 -69.88 -70.38 -71.06 -71.91 -72.88 -73.94 -75.06 -76.16 -76.88 -77.50 -78.03 -78.53 -78.91 -79.28 -79.62 -80.00 -80.38 -80.75 -81.19 -81.59
-60.81 -60.91 -61.00 -61.09 -61.22 -61.38 -61.53 -61.69 -61.84 -61.97 -62.03 -62.03 -62.06 -62.22 -62.44 -62.69 -62.88 -63.00 -63.06 -63.06 -63.00 -62.91 -62.88 -62.84 -62.81 -62.78 -62.75 -62.69 -62.69 -62.94 -63.31 -63.66 -63.91 -64.31 -65.00 -65.59 -66.03 -66.41 -66.69 -66.94 -67.19 -67.38 -67.47 -67.53 -67.75 -68.09 -68.41 -68.59 -68.72 -68.88 -69.25 -69.88 -70.66 -71.44 -72.22 -73.16 -74.19 -75.31 -76.28 -76.97 -77.56 -78.12 -78.62 -79.03 -79.41 -79.75 -80.06 -80.38 -80.72 -81.09 -81.44
-60.56 -60.66 -60.75 -60.84 -60.97 -61.09 -61.28 -61.47 -61.66 -61.78 -61.88 -61.94 -62.03 -62.19 -62.34 -62.53 -62.66 -62.75 -62.81 -62.78 -62.72 -62.62 -62.56 -62.53 -62.53 -62.53 -62.50 -62.50 -62.50 -62.59 -62.84 -63.12 -63.53 -64.12 -64.75 -65.25 -65.66 -66.00 -66.31 -66.59 -66.84 -67.03 -67.19 -67.44 -67.75 -68.09 -68.31 -68.38 -68.41 -68.69 -69.31 -70.25 -71.28 -72.22 -73.03 -73.84 -74.75 -75.59 -76.38 -77.03 -77.62 -78.16 -78.66 -79.09 -79.44 -79.75 -80.03 -80.31 -80.59 -80.88 -81.16
-60.28 -60.41 -60.50 -60.62 -60.75 -60.91 -61.12 -61.31 -61.50 -61.66 -61.78 -61.91 -62.03 -62.16 -62.28 -62.41 -62.50 -62.53 -62.53 -62.50 -62.44 -62.34 -62.28 -62.25 -62.25 -62.28 -62.28 -62.28 -62.28 -62.31 -62.56 -62.97 -63.50 -64.06 -64.53 -64.94 -65.34 -65.69 -66.00 -66.31 -66.59 -66.84 -67.12 -67.47 -67.84 -68.19 -68.53 -68.81 -68.97 -69.09 -69.66 -70.59 -71.75 -72.81 -73.56 -74.25 -75.00 -75.72 -76.41 -77.03 -77.62 -78.16 -78.66 -79.06 -79.41 -79.69 -79.91 -80.16 -80.38 -80.59 -80.81
-60.03 -60.16 -60.31 -60.47 -60.66 -60.84 -61.03 -61.25 -61.44 -61.59 -61.75 -61.91 -62.03 -62.16 -62.25 -62.31 -62.34 -62.34 -62.31 -62.22 -62.16 -62.09 -62.03 -62.00 -62.03 -62.06 -62.09 -62.09 -62.06 -62.16 -62.47 -62.91 -63.44 -63.91 -64.31 -64.72 -65.09 -65.47 -65.81 -66.12 -66.44 -66.78 -67.12 -67.50 -67.91 -68.31 -68.75 -69.12 -69.47 -69.78 -70.19 -71.00 -72.09 -73.03 -73.72 -74.41 -75.12 -75.81 -76.47 -77.06 -77.62 -78.12 -78.59 -78.97 -79.28 -79.53 -79.72 -79.91 -80.09 -80.28 -80.44
-59.78 -59.97 -60.19 -60.41 -60.59 -60.81 -61.03 -61.22 -61.41 -61.59 -61.75 -61.91 -62.03 -62.12 -62.19 -62.22 -62.22 -62.16 -62.09 -62.00 -61.91 -61.81 -61.75 -61.75 -61.81 -61.84 -61.91 -61.94 -62.03 -62.19 -62.47 -62.84 -63.28 -63.72 -64.16 -64.56 -64.94 -65.31 -65.69 -66.03 -66.38 -66.75 -67.12 -67.50 -67.94 -68.41 -68.91 -69.38 -69.84 -70.28 -70.78 -71.47 -72.28 -73.09 -73.81 -74.53 -75.22 -75.88 -76.50 -77.06 -77.59 -78.06 -78.47 -78.81 -79.09 -79.31 -79.47 -79.66 -79.81 -79.97 -80.09
-59.62 -59.88 -60.12 -60.34 -60.59 -60.84 -61.03 -61.25 -61.44 -61.59 -61.75 -61.91 -62.00 -62.09 -62.12 -62.09 -62.06 -62.00 -61.91 -61.78 -61.62 -61.47 -61.38 -61.44 -61.56 -61.72 -61.84 -62.00 -62.19 -62.38 -62.62 -62.94 -63.28 -63.69 -64.06 -64.47 -64.88 -65.25 -65.62 -65.97 -66.34 -66.72 -67.09 -67.50 -67.94 -68.44 -68.97 -69.53 -70.09 -70.62 -71.12 -71.69 -72.38 -73.12 -73.88 -74.59 -75.28 -75.94 -76.50 -77.06 -77.53 -77.97 -78.34 -78.66 -78.91 -79.09 -79.25 -79.41 -79.56 -79.72 -79.81
-59.50 -59.78 -60.06 -60.34 -60.59 -60.84 -61.06 -61.25 -61.44 -61.59 -61.75 -61.88 -61.97 -62.00 -62.00 -62.00 -61.94 -61.84 -61.72 -61.59 -61.41 -61.16 -61.06 -61.25 -61.53 -61.75 -61.94 -62.12 -62.31 -62.53 -62.78 -63.09 -63.41 -63.78 -64.12 -64.50 -64.88 -65.22 -65.59 -65.94 -66.31 -66.69 -67.06 -67.47 -67.91 -68.44 -69.03 -69.66 -70.28 -70.88 -71.41 -71.88 -72.41 -73.09 -73.84 -74.59 -75.28 -75.88 -76.47 -76.97 -77.44 -77.84 -78.19 -78.50 -78.72 -78.91 -79.06 -79.22 -79.38 -79.50 -79.56
-59.44 -59.72 -60.03 -60.31 -60.56 -60.81 -61.03 -61.22 -61.41 -61.56 -61.69 -61.78 -61.84 -61.88 -61.88 -61.88 -61.84 -61.75 -61.59 -61.44 -61.25 -61.00 -60.97 -61.28 -61.56 -61.78 -62.03 -62.25 -62.47 -62.69 -62.97 -63.25 -63.56 -63.91 -64.22 -64.56 -64.88 -65.22 -65.53 -65.88 -66.25 -66.59 -66.94 -67.38 -67.88 -68.44 -69.09 -69.75 -70.44 -71.09 -71.66 -72.16 -72.62 -73.16 -73.81 -74.53 -75.19 -75.81 -76.38 -76.88 -77.31 -77.72 -78.03 -78.31 -78.56 -78.75 -78.94 -79.09 -79.22 -79.34 -79.47
-59.38 -59.69 -59.97 -60.25 -60.50 -60.72 -60.94 -61.16 -61.34 -61.47 -61.56 -61.62 -61.66 -61.72 -61.75 -61.75 -61.72 -61.62 -61.50 -61.34 -61.19 -60.97 -61.09 -61.34 -61.59 -61.84 -62.12 -62.38 -62.59 -62.84 -63.09 -63.38 -63.69 -64.00 -64.31 -64.59 -64.88 -65.16 -65.47 -65.78 -66.09 -66.41 -66.75 -67.22 -67.78 -68.47 -69.16 -69.84 -70.56 -71.25 -71.91 -72.47 -73.00 -73.50 -74.03 -74.62 -75.22 -75.81 -76.31 -76.78 -77.19 -77.56 -77.91 -78.19 -78.44 -78.66 -78.84 -79.00 -79.16 -79.34 -79.53
-59.28 -59.59 -59.88 -60.12 -60.34 -60.59 -60.81 -61.03 -61.19 -61.31 -61.38 -61.41 -61.44 -61.50 -61.56 -61.59 -61.59 -61.53 -61.41 -61.25 -61.12 -61.00 -61.16 -61.38 -61.62 -61.91 -62.19 -62.44 -62.69 -62.94 -63.19 -63.47 -63.75 -64.03 -64.31 -64.56 -64.81 -65.06 -65.31 -65.59 -65.88 -66.16 -66.44 -66.91 -67.59 -68.38 -69.16 -69.88 -70.59 -71.31 -72.03 -72.69 -73.25 -73.78 -74.31 -74.84 -75.34 -75.84 -76.28 -76.69 -77.09 -77.44 -77.78 -78.06 -78.34 -78.56 -78.78 -78.97 -79.16 -79.34 -79.59
