everonasctiles/Tile[24,49].asc
ncols 128
nrows 128
xllcorner 0
yllcorner 0
cellsize 2.0
NODATA_value  -9999
[rows 60 to 89 of 128, columns 0 to 66 of 128]
-100.97 -101.09 -101.25 -101.34 -101.44 -101.50 -101.53 -101.53 -101.53 -101.53 -101.56 -101.59 -101.66 -101.72 -101.81 -101.88 -101.94 -102.00 -102.06 -102.16 -102.25 -102.34 -102.44 -102.53 -102.59 -102.62 -102.62 -102.59 -102.56 -102.53 -102.50 -102.50 -102.50 -102.47 -102.47 -102.44 -102.44 -102.41 -102.41 -102.38 -102.34 -102.28 -102.22 -102.16 -102.09 -102.06 -102.03 -102.00 -102.00 -102.00 -102.00 -101.97 -101.94 -101.91 -101.91 -101.88 -101.88 -101.88 -101.88 -101.88 -101.84 -101.88 -101.88 -101.91 -101.94 -101.97 -102.00
-101.00 -101.12 -101.25 -101.34 -101.41 -101.44 -101.44 -101.44 -101.44 -101.47 -101.47 -101.50 -101.53 -101.56 -101.62 -101.69 -101.72 -101.81 -101.91 -102.00 -102.09 -102.22 -102.34 -102.44 -102.50 -102.50 -102.50 -102.50 -102.47 -102.44 -102.44 -102.44 -102.44 -102.44 -102.44 -102.41 -102.41 -102.38 -102.38 -102.34 -102.28 -102.25 -102.19 -102.12 -102.06 -102.03 -102.00 -101.97 -101.97 -101.97 -101.97 -101.94 -101.91 -101.88 -101.84 -101.84 -101.84 -101.84 -101.88 -101.88 -101.88 -101.88 -101.88 -101.91 -101.94 -101.94 -101.97
-101.00 -101.12 -101.22 -101.31 -101.34 -101.38 -101.38 -101.38 -101.38 -101.38 -101.38 -101.38 -101.38 -101.41 -101.44 -101.47 -101.53 -101.62 -101.72 -101.81 -101.94 -102.09 -102.19 -102.31 -102.38 -102.38 -102.38 -102.38 -102.34 -102.34 -102.34 -102.34 -102.38 -102.38 -102.38 -102.38 -102.38 -102.34 -102.34 -102.28 -102.25 -102.19 -102.12 -102.06 -102.00 -101.97 -101.97 -101.94 -101.94 -101.94 -101.94 -101.91 -101.88 -101.84 -101.81 -101.81 -101.81 -101.81 -101.84 -101.84 -101.84 -101.88 -101.88 -101.88 -101.88 -101.91 -101.91
-101.00 -101.09 -101.19 -101.25 -101.28 -101.31 -101.31 -101.31 -101.28 -101.25 -101.25 -101.22 -101.22 -101.22 -101.25 -101.28 -101.34 -101.44 -101.56 -101.69 -101.81 -101.94 -102.06 -102.16 -102.22 -102.25 -102.25 -102.22 -102.22 -102.25 -102.25 -102.28 -102.31 -102.34 -102.34 -102.34 -102.34 -102.31 -102.28 -102.25 -102.19 -102.12 -102.06 -102.00 -101.97 -101.94 -101.91 -101.91 -101.91 -101.91 -101.88 -101.88 -101.81 -101.78 -101.75 -101.75 -101.75 -101.78 -101.81 -101.81 -101.84 -101.84 -101.84 -101.84 -101.84 -101.84 -101.84
-100.94 -101.03 -101.12 -101.19 -101.22 -101.25 -101.25 -101.25 -101.19 -101.16 -101.12 -101.09 -101.06 -101.06 -101.06 -101.06 -101.12 -101.22 -101.38 -101.53 -101.69 -101.81 -101.91 -102.00 -102.06 -102.09 -102.09 -102.09 -102.12 -102.16 -102.19 -102.22 -102.25 -102.28 -102.31 -102.31 -102.31 -102.28 -102.22 -102.19 -102.12 -102.06 -102.03 -101.97 -101.91 -101.88 -101.84 -101.84 -101.84 -101.84 -101.84 -101.81 -101.78 -101.75 -101.72 -101.69 -101.72 -101.72 -101.75 -101.78 -101.78 -101.78 -101.78 -101.78 -101.75 -101.78 -101.78
-100.88 -100.97 -101.03 -101.09 -101.16 -101.19 -101.19 -101.16 -101.09 -101.03 -101.00 -100.94 -100.94 -100.91 -100.84 -100.81 -100.88 -101.06 -101.25 -101.44 -101.56 -101.69 -101.81 -101.88 -101.94 -101.97 -101.97 -102.00 -102.06 -102.09 -102.16 -102.19 -102.22 -102.25 -102.28 -102.28 -102.25 -102.22 -102.16 -102.12 -102.06 -102.03 -101.97 -101.91 -101.88 -101.84 -101.81 -101.78 -101.78 -101.81 -101.81 -101.78 -101.75 -101.72 -101.66 -101.66 -101.66 -101.69 -101.69 -101.72 -101.72 -101.72 -101.69 -101.69 -101.69 -101.69 -101.69
-100.78 -100.84 -100.94 -101.03 -101.06 -101.12 -101.09 -101.06 -101.00 -100.94 -100.88 -100.81 -100.75 -100.75 -100.81 -100.88 -101.03 -101.19 -101.34 -101.44 -101.56 -101.66 -101.72 -101.78 -101.81 -101.84 -101.88 -101.94 -102.00 -102.06 -102.12 -102.16 -102.19 -102.22 -102.22 -102.22 -102.19 -102.16 -102.09 -102.06 -102.00 -101.97 -101.91 -101.84 -101.81 -101.78 -101.75 -101.72 -101.72 -101.75 -101.75 -101.75 -101.72 -101.66 -101.62 -101.62 -101.62 -101.62 -101.66 -101.66 -101.66 -101.62 -101.62 -101.59 -101.59 -101.62 -101.62
-100.62 -100.72 -100.81 -100.91 -100.97 -101.00 -101.00 -100.97 -100.91 -100.81 -100.75 -100.75 -100.81 -100.91 -101.00 -101.09 -101.22 -101.34 -101.47 -101.56 -101.62 -101.69 -101.72 -101.75 -101.75 -101.78 -101.84 -101.91 -101.97 -102.03 -102.09 -102.12 -102.16 -102.16 -102.16 -102.12 -102.09 -102.06 -102.03 -102.00 -101.94 -101.91 -101.84 -101.78 -101.75 -101.72 -101.69 -101.66 -101.69 -101.69 -101.69 -101.69 -101.66 -101.62 -101.59 -101.56 -101.56 -101.59 -101.59 -101.59 -101.59 -101.56 -101.53 -101.53 -101.53 -101.53 -101.56
-100.47 -100.56 -100.66 -100.75 -100.81 -100.88 -100.88 -100.84 -100.78 -100.75 -100.78 -100.84 -100.97 -101.06 -101.19 -101.28 -101.41 -101.50 -101.59 -101.69 -101.78 -101.81 -101.81 -101.81 -101.81 -101.81 -101.84 -101.91 -101.97 -102.03 -102.06 -102.09 -102.09 -102.09 -102.09 -102.06 -102.03 -102.00 -101.94 -101.91 -101.84 -101.81 -101.75 -101.72 -101.66 -101.62 -101.59 -101.59 -101.62 -101.62 -101.66 -101.66 -101.62 -101.59 -101.56 -101.56 -101.56 -101.56 -101.56 -101.56 -101.53 -101.50 -101.47 -101.44 -101.44 -101.47 -101.50
-100.28 -100.38 -100.47 -100.56 -100.66 -100.69 -100.69 -100.69 -100.72 -100.78 -100.88 -101.00 -101.12 -101.25 -101.38 -101.47 -101.59 -101.69 -101.78 -101.88 -101.91 -101.94 -101.91 -101.91 -101.88 -101.88 -101.91 -101.94 -102.00 -102.03 -102.03 -102.06 -102.03 -102.03 -102.00 -101.97 -101.94 -101.91 -101.84 -101.81 -101.75 -101.69 -101.66 -101.59 -101.56 -101.53 -101.53 -101.53 -101.53 -101.56 -101.59 -101.59 -101.59 -101.56 -101.53 -101.53 -101.53 -101.53 -101.53 -101.53 -101.47 -101.44 -101.41 -101.38 -101.38 -101.38 -101.41
-100.06 -100.16 -100.25 -100.34 -100.44 -100.50 -100.53 -100.56 -100.66 -100.78 -100.94 -101.12 -101.28 -101.44 -101.56 -101.66 -101.78 -101.88 -101.94 -102.03 -102.06 -102.06 -102.03 -102.00 -101.97 -101.97 -101.97 -102.00 -102.03 -102.03 -102.03 -102.03 -102.00 -101.97 -101.94 -101.88 -101.84 -101.78 -101.75 -101.69 -101.62 -101.56 -101.53 -101.47 -101.47 -101.44 -101.44 -101.44 -101.47 -101.50 -101.53 -101.53 -101.53 -101.50 -101.47 -101.47 -101.47 -101.47 -101.47 -101.47 -101.44 -101.38 -101.34 -101.31 -101.28 -101.28 -101.28
-99.81 -99.88 -100.00 -100.09 -100.19 -100.25 -100.31 -100.44 -100.59 -100.78 -101.00 -101.22 -101.44 -101.59 -101.75 -101.84 -101.94 -102.03 -102.09 -102.16 -102.19 -102.16 -102.12 -102.09 -102.06 -102.06 -102.06 -102.06 -102.06 -102.06 -102.06 -102.03 -101.97 -101.94 -101.88 -101.81 -101.75 -101.69 -101.62 -101.56 -101.50 -101.44 -101.38 -101.34 -101.34 -101.34 -101.34 -101.38 -101.41 -101.44 -101.47 -101.47 -101.47 -101.44 -101.41 -101.41 -101.41 -101.41 -101.41 -101.41 -101.38 -101.31 -101.28 -101.22 -101.19 -101.16 -101.12
-99.53 -99.59 -99.72 -99.81 -99.91 -100.00 -100.12 -100.28 -100.50 -100.78 -101.03 -101.28 -101.53 -101.72 -101.88 -102.00 -102.09 -102.19 -102.22 -102.28 -102.28 -102.25 -102.22 -102.16 -102.16 -102.12 -102.12 -102.12 -102.12 -102.09 -102.09 -102.03 -102.00 -101.94 -101.84 -101.75 -101.69 -101.59 -101.53 -101.44 -101.38 -101.31 -101.25 -101.22 -101.22 -101.22 -101.25 -101.28 -101.34 -101.38 -101.41 -101.41 -101.38 -101.34 -101.31 -101.28 -101.28 -101.28 -101.31 -101.28 -101.28 -101.25 -101.22 -101.16 -101.09 -101.06 -101.00
-99.22 -99.31 -99.41 -99.53 -99.62 -99.75 -99.91 -100.16 -100.44 -100.72 -101.03 -101.31 -101.56 -101.78 -101.97 -102.12 -102.22 -102.28 -102.31 -102.34 -102.34 -102.31 -102.28 -102.25 -102.22 -102.19 -102.19 -102.19 -102.16 -102.16 -102.12 -102.06 -102.00 -101.94 -101.84 -101.75 -101.66 -101.56 -101.44 -101.34 -101.25 -101.19 -101.12 -101.12 -101.12 -101.12 -101.16 -101.22 -101.25 -101.31 -101.31 -101.31 -101.28 -101.25 -101.19 -101.16 -101.16 -101.16 -101.16 -101.19 -101.19 -101.16 -101.12 -101.09 -101.03 -100.94 -100.88
-98.94 -99.00 -99.09 -99.19 -99.31 -99.47 -99.69 -99.97 -100.31 -100.66 -100.97 -101.28 -101.56 -101.81 -102.03 -102.19 -102.28 -102.34 -102.38 -102.41 -102.38 -102.34 -102.31 -102.28 -102.28 -102.25 -102.25 -102.22 -102.22 -102.19 -102.16 -102.09 -102.03 -101.97 -101.84 -101.75 -101.62 -101.53 -101.41 -101.28 -101.19 -101.09 -101.03 -101.03 -101.03 -101.06 -101.09 -101.12 -101.19 -101.22 -101.22 -101.22 -101.16 -101.12 -101.06 -101.00 -101.00 -101.00 -101.03 -101.06 -101.06 -101.06 -101.06 -101.03 -100.94 -100.88 -100.75
-98.66 -98.69 -98.75 -98.88 -98.97 -99.12 -99.38 -99.78 -100.19 -100.56 -100.91 -101.25 -101.53 -101.81 -102.03 -102.19 -102.31 -102.38 -102.41 -102.41 -102.41 -102.38 -102.34 -102.31 -102.31 -102.28 -102.28 -102.25 -102.25 -102.22 -102.19 -102.16 -102.06 -102.00 -101.88 -101.75 -101.62 -101.50 -101.38 -101.25 -101.16 -101.06 -100.97 -100.97 -100.97 -101.00 -101.03 -101.06 -101.09 -101.12 -101.12 -101.09 -101.03 -100.97 -100.91 -100.84 -100.84 -100.84 -100.88 -100.94 -100.97 -100.97 -100.97 -100.94 -100.88 -100.78 -100.66
-98.38 -98.38 -98.44 -98.50 -98.53 -98.62 -99.03 -99.59 -100.03 -100.44 -100.84 -101.19 -101.50 -101.78 -102.00 -102.19 -102.28 -102.38 -102.41 -102.41 -102.41 -102.38 -102.38 -102.34 -102.31 -102.28 -102.28 -102.28 -102.25 -102.25 -102.22 -102.16 -102.09 -102.03 -101.91 -101.78 -101.66 -101.53 -101.38 -101.25 -101.16 -101.06 -101.00 -100.94 -100.94 -100.97 -100.97 -101.00 -101.03 -101.03 -101.03 -100.97 -100.91 -100.84 -100.75 -100.69 -100.66 -100.69 -100.75 -100.81 -100.84 -100.88 -100.88 -100.88 -100.81 -100.72 -100.59
-98.12 -98.09 -98.09 -98.03 -98.00 -98.31 -98.91 -99.50 -99.97 -100.38 -100.78 -101.16 -101.47 -101.75 -101.97 -102.12 -102.25 -102.34 -102.38 -102.41 -102.41 -102.38 -102.38 -102.34 -102.31 -102.31 -102.28 -102.25 -102.25 -102.25 -102.22 -102.16 -102.09 -102.03 -101.94 -101.81 -101.69 -101.53 -101.41 -101.28 -101.19 -101.09 -101.03 -100.97 -100.94 -100.94 -100.94 -100.94 -100.94 -100.94 -100.91 -100.88 -100.81 -100.72 -100.62 -100.56 -100.50 -100.56 -100.62 -100.69 -100.75 -100.78 -100.78 -100.78 -100.72 -100.62 -100.50
-97.84 -97.78 -97.69 -97.53 -97.72 -98.31 -98.97 -99.44 -99.91 -100.34 -100.72 -101.09 -101.41 -101.69 -101.91 -102.06 -102.19 -102.28 -102.34 -102.38 -102.38 -102.38 -102.38 -102.34 -102.31 -102.28 -102.28 -102.25 -102.22 -102.22 -102.19 -102.16 -102.09 -102.03 -101.94 -101.81 -101.69 -101.56 -101.44 -101.31 -101.22 -101.12 -101.06 -101.03 -100.97 -100.94 -100.91 -100.91 -100.91 -100.88 -100.84 -100.78 -100.69 -100.59 -100.50 -100.41 -100.38 -100.44 -100.50 -100.56 -100.62 -100.69 -100.69 -100.69 -100.62 -100.56 -100.44
-97.56 -97.47 -97.28 -97.19 -97.62 -98.38 -98.91 -99.34 -99.81 -100.25 -100.66 -101.00 -101.31 -101.59 -101.81 -102.00 -102.12 -102.22 -102.28 -102.31 -102.34 -102.34 -102.31 -102.31 -102.28 -102.25 -102.22 -102.22 -102.19 -102.16 -102.16 -102.12 -102.06 -102.00 -101.91 -101.81 -101.72 -101.59 -101.47 -101.34 -101.25 -101.19 -101.12 -101.06 -101.03 -100.97 -100.94 -100.88 -100.84 -100.81 -100.78 -100.72 -100.62 -100.50 -100.41 -100.31 -100.28 -100.31 -100.38 -100.47 -100.53 -100.56 -100.59 -100.59 -100.56 -100.47 -100.34
-97.31 -97.19 -96.91 -96.97 -97.53 -98.28 -98.75 -99.19 -99.66 -100.09 -100.50 -100.88 -101.19 -101.50 -101.72 -101.91 -102.06 -102.16 -102.22 -102.28 -102.28 -102.28 -102.25 -102.22 -102.22 -102.19 -102.16 -102.16 -102.12 -102.12 -102.09 -102.06 -102.03 -101.97 -101.91 -101.81 -101.72 -101.59 -101.50 -101.38 -101.28 -101.22 -101.12 -101.09 -101.03 -101.00 -100.94 -100.91 -100.84 -100.81 -100.75 -100.66 -100.56 -100.44 -100.34 -100.25 -100.19 -100.22 -100.28 -100.38 -100.44 -100.50 -100.53 -100.53 -100.50 -100.41 -100.28
-97.06 -96.84 -96.59 -96.75 -97.34 -98.09 -98.59 -99.00 -99.47 -99.91 -100.31 -100.72 -101.06 -101.38 -101.62 -101.81 -101.94 -102.06 -102.16 -102.19 -102.19 -102.19 -102.16 -102.12 -102.09 -102.09 -102.06 -102.06 -102.06 -102.03 -102.03 -102.00 -101.97 -101.94 -101.88 -101.78 -101.72 -101.59 -101.50 -101.41 -101.31 -101.22 -101.16 -101.09 -101.06 -101.00 -100.97 -100.91 -100.88 -100.81 -100.72 -100.62 -100.50 -100.38 -100.28 -100.19 -100.12 -100.16 -100.22 -100.28 -100.34 -100.41 -100.44 -100.44 -100.41 -100.31 -100.22
-96.81 -96.56 -96.41 -96.66 -97.16 -97.78 -98.34 -98.78 -99.25 -99.69 -100.12 -100.56 -100.91 -101.22 -101.47 -101.66 -101.81 -101.94 -102.03 -102.09 -102.09 -102.06 -102.03 -102.00 -101.97 -101.97 -101.94 -101.94 -101.94 -101.94 -101.94 -101.94 -101.91 -101.88 -101.84 -101.75 -101.69 -101.59 -101.50 -101.41 -101.31 -101.25 -101.16 -101.12 -101.06 -101.03 -100.97 -100.94 -100.88 -100.81 -100.72 -100.59 -100.47 -100.34 -100.22 -100.12 -100.09 -100.09 -100.16 -100.22 -100.25 -100.31 -100.31 -100.31 -100.28 -100.22 -100.12
-96.56 -96.44 -96.56 -96.78 -97.06 -97.53 -98.06 -98.56 -99.03 -99.47 -99.94 -100.34 -100.72 -101.00 -101.25 -101.47 -101.66 -101.81 -101.91 -101.97 -101.97 -101.91 -101.88 -101.81 -101.81 -101.78 -101.81 -101.81 -101.81 -101.81 -101.81 -101.81 -101.81 -101.81 -101.75 -101.72 -101.66 -101.56 -101.47 -101.41 -101.31 -101.25 -101.19 -101.12 -101.06 -101.03 -100.97 -100.94 -100.88 -100.81 -100.72 -100.59 -100.47 -100.31 -100.19 -100.09 -100.03 -100.03 -100.06 -100.09 -100.16 -100.19 -100.19 -100.19 -100.19 -100.12 -100.06
-96.53 -96.69 -96.84 -97.00 -97.19 -97.47 -97.88 -98.38 -98.81 -99.28 -99.72 -100.12 -100.47 -100.75 -101.03 -101.28 -101.47 -101.66 -101.75 -101.81 -101.81 -101.75 -101.69 -101.62 -101.59 -101.59 -101.62 -101.66 -101.66 -101.69 -101.69 -101.69 -101.69 -101.69 -101.69 -101.62 -101.59 -101.53 -101.44 -101.38 -101.28 -101.22 -101.19 -101.12 -101.06 -101.00 -100.97 -100.94 -100.88 -100.81 -100.72 -100.56 -100.44 -100.31 -100.19 -100.06 -100.00 -99.94 -99.97 -100.00 -100.03 -100.06 -100.06 -100.06 -100.03 -100.00 -99.97
-96.69 -96.84 -96.97 -97.12 -97.31 -97.53 -97.81 -98.22 -98.62 -99.03 -99.44 -99.81 -100.19 -100.50 -100.81 -101.06 -101.28 -101.47 -101.59 -101.62 -101.62 -101.56 -101.47 -101.44 -101.41 -101.41 -101.44 -101.47 -101.50 -101.50 -101.53 -101.53 -101.56 -101.56 -101.56 -101.53 -101.50 -101.44 -101.38 -101.31 -101.25 -101.19 -101.16 -101.12 -101.06 -101.00 -100.97 -100.94 -100.88 -100.81 -100.69 -100.56 -100.41 -100.28 -100.16 -100.03 -99.94 -99.88 -99.84 -99.84 -99.88 -99.91 -99.91 -99.91 -99.91 -99.91 -99.88
-96.84 -97.00 -97.12 -97.28 -97.41 -97.56 -97.78 -98.09 -98.44 -98.78 -99.16 -99.50 -99.88 -100.25 -100.59 -100.88 -101.12 -101.28 -101.41 -101.44 -101.41 -101.31 -101.25 -101.19 -101.19 -101.19 -101.25 -101.28 -101.31 -101.31 -101.31 -101.34 -101.38 -101.41 -101.41 -101.41 -101.38 -101.34 -101.31 -101.25 -101.19 -101.16 -101.12 -101.09 -101.06 -101.00 -100.97 -100.94 -100.88 -100.78 -100.66 -100.53 -100.38 -100.25 -100.09 -99.97 -99.84 -99.75 -99.69 -99.72 -99.72 -99.75 -99.75 -99.78 -99.78 -99.78 -99.78
-96.97 -97.12 -97.28 -97.44 -97.53 -97.66 -97.78 -98.00 -98.22 -98.50 -98.81 -99.19 -99.66 -100.03 -100.38 -100.69 -100.94 -101.09 -101.16 -101.16 -101.12 -101.06 -101.00 -100.97 -100.94 -101.00 -101.06 -101.09 -101.09 -101.09 -101.12 -101.16 -101.19 -101.22 -101.22 -101.25 -101.25 -101.22 -101.19 -101.16 -101.12 -101.09 -101.06 -101.06 -101.03 -101.00 -100.97 -100.91 -100.84 -100.75 -100.62 -100.50 -100.34 -100.19 -100.03 -99.88 -99.72 -99.59 -99.56 -99.53 -99.56 -99.59 -99.59 -99.62 -99.66 -99.69 -99.72
-97.09 -97.28 -97.44 -97.56 -97.66 -97.75 -97.84 -97.97 -98.12 -98.34 -98.69 -99.09 -99.50 -99.88 -100.19 -100.50 -100.72 -100.81 -100.88 -100.88 -100.81 -100.78 -100.75 -100.72 -100.72 -100.78 -100.84 -100.88 -100.91 -100.91 -100.91 -100.94 -101.00 -101.03 -101.06 -101.09 -101.09 -101.09 -101.06 -101.03 -101.00 -101.00 -101.00 -100.97 -100.97 -100.97 -100.94 -100.88 -100.81 -100.72 -100.59 -100.44 -100.28 -100.09 -99.91 -99.72 -99.56 -99.44 -99.38 -99.38 -99.41 -99.44 -99.47 -99.50 -99.56 -99.59 -99.66
-97.22 -97.41 -97.56 -97.72 -97.78 -97.88 -97.94 -98.03 -98.19 -98.41 -98.69 -99.03 -99.38 -99.72 -100.03 -100.28 -100.44 -100.53 -100.56 -100.53 -100.50 -100.47 -100.47 -100.47 -100.50 -100.59 -100.66 -100.69 -100.69 -100.69 -100.69 -100.75 -100.78 -100.84 -100.91 -100.94 -100.94 -100.94 -100.94 -100.91 -100.91 -100.88 -100.91 -100.91 -100.91 -100.91 -100.88 -100.84 -100.75 -100.66 -100.53 -100.38 -100.19 -99.97 -99.78 -99.59 -99.41 -99.28 -99.19 -99.19 -99.22 -99.28 -99.31 -99.41 -99.47 -99.53 -99.59
