everonasctiles/Tile12,21.asc
ncols 128
nrows 128
xllcorner 0
yllcorner 0
cellsize 2.0
NODATA_value  -9999
[rows 96 to 127 of 128, columns 0 to 70 of 128]
123.97 124.00 124.06 124.09 124.16 124.22 124.28 124.34 124.41 124.47 124.50 124.53 124.56 124.59 124.59 124.56 124.53 124.50 124.44 124.38 124.28 124.19 124.09 124.00 123.91 123.81 123.69 123.59 123.47 123.31 123.16 122.97 122.72 122.47 122.19 121.94 121.72 121.53 121.38 121.25 121.16 121.06 121.03 120.97 120.94 120.91 120.81 120.72 120.56 120.44 120.31 120.19 120.09 120.16 120.16 120.16 119.94 119.38 119.25 119.12 119.00 118.84 118.72 118.56 118.44 118.31 118.22 118.12 118.00 117.84 117.66
123.97 124.00 124.06 124.09 124.16 124.22 124.28 124.34 124.38 124.44 124.47 124.50 124.53 124.53 124.53 124.53 124.50 124.47 124.41 124.34 124.25 124.16 124.06 123.94 123.84 123.75 123.62 123.50 123.38 123.22 123.03 122.81 122.56 122.28 122.06 121.81 121.62 121.44 121.31 121.22 121.12 121.06 121.03 121.00 120.97 120.94 120.84 120.72 120.56 120.44 120.31 120.19 120.12 120.12 120.12 120.12 119.75 119.34 119.25 119.09 118.94 118.81 118.66 118.50 118.38 118.25 118.12 118.00 117.88 117.75 117.56
123.97 124.00 124.06 124.09 124.16 124.22 124.25 124.31 124.38 124.41 124.47 124.50 124.50 124.50 124.50 124.50 124.47 124.44 124.38 124.28 124.19 124.09 124.00 123.91 123.78 123.66 123.53 123.41 123.28 123.09 122.88 122.66 122.41 122.16 121.94 121.72 121.53 121.41 121.28 121.19 121.12 121.09 121.06 121.03 121.00 120.94 120.84 120.72 120.59 120.44 120.31 120.16 120.16 120.12 120.12 120.12 119.53 119.34 119.22 119.09 118.94 118.78 118.59 118.44 118.31 118.19 118.06 117.94 117.78 117.62 117.44
124.00 124.03 124.06 124.09 124.16 124.19 124.25 124.31 124.34 124.41 124.44 124.47 124.47 124.50 124.47 124.47 124.44 124.38 124.31 124.25 124.16 124.06 123.97 123.84 123.72 123.59 123.47 123.31 123.16 122.97 122.75 122.50 122.25 122.03 121.84 121.66 121.50 121.38 121.28 121.19 121.16 121.09 121.09 121.06 121.00 120.94 120.84 120.72 120.56 120.44 120.28 120.16 120.16 120.16 120.16 120.06 119.53 119.38 119.25 119.09 118.94 118.75 118.56 118.41 118.25 118.09 117.97 117.84 117.69 117.50 117.34
124.03 124.03 124.06 124.09 124.16 124.22 124.25 124.31 124.34 124.41 124.44 124.44 124.47 124.47 124.47 124.44 124.41 124.34 124.28 124.22 124.12 124.03 123.91 123.81 123.69 123.53 123.41 123.22 123.06 122.84 122.59 122.38 122.16 121.94 121.78 121.62 121.47 121.38 121.28 121.22 121.19 121.16 121.12 121.09 121.03 120.94 120.81 120.69 120.53 120.41 120.28 120.16 120.16 120.16 120.16 119.81 119.56 119.44 119.31 119.16 118.94 118.78 118.56 118.38 118.22 118.06 117.91 117.75 117.59 117.41 117.22
124.06 124.06 124.09 124.12 124.16 124.22 124.28 124.31 124.34 124.41 124.44 124.44 124.44 124.44 124.44 124.41 124.38 124.31 124.25 124.19 124.09 123.97 123.88 123.75 123.62 123.50 123.34 123.16 122.97 122.75 122.50 122.25 122.06 121.88 121.72 121.59 121.50 121.41 121.34 121.28 121.25 121.22 121.16 121.12 121.03 120.94 120.78 120.66 120.53 120.41 120.25 120.19 120.16 120.16 120.16 119.72 119.62 119.53 119.41 119.22 119.00 118.81 118.59 118.41 118.22 118.03 117.88 117.69 117.53 117.34 117.12
124.09 124.09 124.12 124.16 124.19 124.25 124.28 124.34 124.38 124.41 124.44 124.44 124.44 124.44 124.41 124.38 124.34 124.28 124.22 124.12 124.06 123.94 123.84 123.72 123.59 123.44 123.28 123.12 122.91 122.69 122.47 122.22 122.00 121.88 121.72 121.62 121.53 121.47 121.41 121.38 121.31 121.28 121.22 121.12 121.03 120.91 120.75 120.62 120.53 120.41 120.22 120.22 120.19 120.19 120.09 119.84 119.75 119.66 119.53 119.34 119.16 118.88 118.66 118.47 118.22 118.06 117.84 117.66 117.47 117.25 117.06
124.16 124.16 124.19 124.19 124.25 124.28 124.31 124.34 124.38 124.41 124.41 124.44 124.44 124.41 124.41 124.38 124.31 124.25 124.19 124.12 124.03 123.94 123.81 123.72 123.56 123.44 123.28 123.09 122.91 122.69 122.44 122.22 122.00 121.88 121.75 121.69 121.59 121.56 121.50 121.47 121.41 121.34 121.25 121.16 121.00 120.88 120.75 120.62 120.50 120.34 120.25 120.25 120.22 120.22 120.03 119.94 119.88 119.78 119.66 119.50 119.28 119.06 118.78 118.50 118.28 118.06 117.84 117.66 117.41 117.22 117.03
124.19 124.22 124.25 124.25 124.28 124.31 124.34 124.38 124.41 124.41 124.41 124.41 124.41 124.41 124.38 124.34 124.28 124.25 124.16 124.09 124.00 123.91 123.81 123.69 123.56 123.44 123.25 123.09 122.91 122.69 122.47 122.25 122.00 121.91 121.81 121.75 121.69 121.66 121.59 121.56 121.50 121.41 121.28 121.16 121.00 120.88 120.72 120.62 120.47 120.31 120.28 120.28 120.25 120.19 120.12 120.03 119.97 119.88 119.75 119.62 119.44 119.19 118.94 118.62 118.31 118.09 117.88 117.62 117.41 117.22 117.03
124.22 124.28 124.31 124.34 124.34 124.38 124.38 124.38 124.41 124.41 124.41 124.41 124.41 124.38 124.34 124.31 124.28 124.22 124.16 124.09 124.00 123.91 123.81 123.69 123.56 123.44 123.28 123.09 122.91 122.72 122.50 122.28 122.06 121.94 121.88 121.81 121.78 121.75 121.69 121.62 121.56 121.44 121.28 121.12 121.00 120.84 120.69 120.59 120.41 120.38 120.34 120.31 120.28 120.22 120.19 120.12 120.06 119.97 119.88 119.72 119.53 119.31 119.06 118.75 118.44 118.16 117.91 117.66 117.44 117.22 117.06
124.28 124.31 124.38 124.41 124.41 124.41 124.41 124.41 124.41 124.41 124.41 124.41 124.41 124.38 124.34 124.31 124.28 124.22 124.16 124.09 124.00 123.94 123.81 123.72 123.59 123.47 123.31 123.12 122.97 122.75 122.56 122.34 122.12 122.03 121.97 121.91 121.88 121.84 121.78 121.72 121.59 121.47 121.31 121.12 121.00 120.84 120.69 120.53 120.44 120.41 120.38 120.34 120.31 120.28 120.25 120.19 120.12 120.03 119.94 119.81 119.66 119.44 119.16 118.88 118.53 118.22 117.94 117.66 117.47 117.25 117.09
124.31 124.34 124.41 124.44 124.44 124.44 124.41 124.41 124.41 124.41 124.41 124.41 124.38 124.38 124.34 124.31 124.28 124.22 124.19 124.12 124.03 123.94 123.84 123.75 123.62 123.50 123.34 123.19 123.00 122.81 122.62 122.44 122.22 122.12 122.06 122.00 121.97 121.91 121.84 121.75 121.66 121.50 121.31 121.12 120.97 120.81 120.66 120.56 120.50 120.47 120.41 120.34 120.31 120.28 120.25 120.22 120.19 120.12 120.00 119.91 119.72 119.50 119.22 118.94 118.59 118.25 117.97 117.72 117.50 117.31 117.12
124.34 124.38 124.44 124.47 124.47 124.44 124.44 124.41 124.41 124.41 124.41 124.41 124.41 124.38 124.38 124.34 124.31 124.25 124.22 124.16 124.06 123.97 123.88 123.78 123.66 123.53 123.41 123.25 123.09 122.91 122.72 122.53 122.34 122.22 122.16 122.09 122.03 121.97 121.91 121.81 121.66 121.50 121.34 121.12 120.97 120.78 120.69 120.62 120.56 120.50 120.44 120.25 120.28 120.28 120.25 120.25 120.22 120.12 120.06 119.94 119.75 119.53 119.28 119.00 118.69 118.38 118.06 117.78 117.53 117.34 117.16
124.38 124.44 124.47 124.47 124.47 124.47 124.47 124.44 124.44 124.44 124.44 124.44 124.44 124.41 124.41 124.38 124.34 124.31 124.25 124.19 124.12 124.03 123.94 123.84 123.72 123.59 123.47 123.31 123.16 123.00 122.81 122.62 122.44 122.31 122.22 122.16 122.09 122.00 121.94 121.84 121.69 121.53 121.34 121.12 120.94 120.84 120.78 120.72 120.62 120.53 120.28 120.22 120.22 120.25 120.25 120.22 120.22 120.16 120.09 119.97 119.78 119.59 119.31 119.03 118.72 118.41 118.09 117.78 117.53 117.34 117.19
124.41 124.47 124.53 124.53 124.53 124.53 124.53 124.50 124.50 124.50 124.50 124.50 124.50 124.47 124.44 124.44 124.41 124.34 124.31 124.25 124.16 124.09 124.00 123.91 123.78 123.66 123.53 123.41 123.25 123.09 122.91 122.72 122.53 122.41 122.28 122.19 122.12 122.06 121.97 121.84 121.72 121.56 121.34 121.09 121.00 120.91 120.84 120.78 120.66 120.28 120.22 120.19 120.16 120.16 120.19 120.19 120.19 120.16 120.09 119.97 119.81 119.59 119.34 119.03 118.75 118.44 118.16 117.88 117.59 117.38 117.22
124.47 124.53 124.59 124.62 124.62 124.62 124.62 124.59 124.59 124.59 124.56 124.56 124.56 124.53 124.53 124.50 124.47 124.41 124.38 124.31 124.25 124.16 124.06 123.97 123.84 123.75 123.62 123.47 123.34 123.19 123.03 122.88 122.69 122.50 122.34 122.22 122.16 122.06 121.97 121.84 121.72 121.53 121.25 121.16 121.09 121.00 120.91 120.81 120.34 120.25 120.19 120.12 120.12 120.09 120.09 120.16 120.16 120.12 120.09 119.97 119.81 119.59 119.38 119.09 118.78 118.50 118.19 117.88 117.62 117.38 117.19
124.53 124.59 124.69 124.72 124.75 124.75 124.75 124.72 124.72 124.69 124.69 124.69 124.66 124.62 124.62 124.59 124.53 124.50 124.47 124.41 124.31 124.25 124.16 124.06 123.94 123.81 123.69 123.56 123.44 123.31 123.16 123.03 122.84 122.62 122.41 122.25 122.16 122.06 121.97 121.84 121.66 121.44 121.34 121.25 121.16 121.06 120.91 120.44 120.31 120.22 120.16 120.12 120.09 120.06 120.06 120.09 120.12 120.12 120.06 119.97 119.81 119.59 119.38 119.12 118.84 118.53 118.22 117.94 117.69 117.41 117.19
124.59 124.69 124.78 124.84 124.88 124.88 124.88 124.84 124.84 124.81 124.78 124.78 124.75 124.72 124.72 124.69 124.66 124.59 124.56 124.50 124.41 124.34 124.25 124.12 124.03 123.91 123.78 123.66 123.53 123.41 123.28 123.19 123.03 122.72 122.47 122.28 122.16 122.06 121.97 121.75 121.59 121.50 121.41 121.31 121.22 121.00 120.56 120.41 120.31 120.22 120.16 120.09 120.06 120.03 120.00 119.97 120.03 120.06 120.03 119.94 119.81 119.59 119.38 119.09 118.84 118.56 118.28 118.00 117.72 117.41 117.19
124.66 124.75 124.88 124.97 125.00 125.00 125.00 124.97 124.91 124.91 124.88 124.84 124.84 124.84 124.81 124.78 124.75 124.72 124.66 124.59 124.53 124.44 124.34 124.22 124.12 124.00 123.88 123.75 123.62 123.50 123.38 123.31 123.09 122.75 122.50 122.28 122.16 122.06 121.88 121.78 121.66 121.56 121.50 121.41 121.09 120.72 120.56 120.41 120.31 120.22 120.16 120.09 120.03 120.00 120.00 119.97 119.94 119.97 119.97 119.88 119.75 119.56 119.34 119.09 118.84 118.56 118.28 118.00 117.72 117.44 117.16
124.72 124.84 124.94 125.06 125.09 125.09 125.06 125.03 125.00 124.97 124.97 124.94 124.94 124.94 124.91 124.91 124.88 124.84 124.78 124.72 124.62 124.53 124.44 124.31 124.19 124.09 123.97 123.81 123.69 123.56 123.44 123.38 123.06 122.69 122.44 122.25 122.12 122.03 121.94 121.84 121.75 121.66 121.56 121.16 120.88 120.72 120.56 120.44 120.34 120.25 120.19 120.12 120.09 120.03 120.03 120.00 119.97 119.94 119.91 119.81 119.69 119.50 119.28 119.03 118.78 118.53 118.25 117.97 117.72 117.41 117.12
124.78 124.91 125.03 125.09 125.12 125.12 125.12 125.09 125.06 125.06 125.03 125.03 125.03 125.03 125.00 125.00 125.00 124.97 124.94 124.84 124.75 124.62 124.53 124.41 124.28 124.16 124.03 123.91 123.75 123.59 123.44 123.28 122.91 122.59 122.38 122.28 122.22 122.12 122.00 121.91 121.81 121.69 121.22 120.97 120.84 120.66 120.56 120.44 120.38 120.31 120.25 120.19 120.16 120.09 120.06 120.00 119.94 119.91 119.84 119.72 119.59 119.38 119.16 118.94 118.69 118.44 118.19 117.94 117.66 117.41 117.12
124.84 124.97 125.06 125.12 125.16 125.16 125.16 125.16 125.12 125.12 125.12 125.12 125.12 125.12 125.12 125.12 125.12 125.12 125.06 124.97 124.88 124.75 124.62 124.50 124.38 124.25 124.12 123.97 123.78 123.56 123.34 123.03 122.75 122.50 122.47 122.38 122.28 122.19 122.09 122.00 121.75 121.28 121.09 120.94 120.78 120.66 120.56 120.47 120.41 120.38 120.34 120.31 120.28 120.22 120.16 120.12 120.03 119.97 119.84 119.69 119.47 119.28 119.03 118.81 118.53 118.28 118.09 117.84 117.59 117.34 117.06
124.84 124.97 125.06 125.12 125.16 125.19 125.19 125.19 125.19 125.19 125.19 125.19 125.19 125.19 125.22 125.22 125.22 125.25 125.19 125.09 124.97 124.84 124.72 124.59 124.47 124.34 124.22 124.06 123.81 123.50 123.12 122.84 122.69 122.66 122.56 122.44 122.34 122.25 122.16 121.78 121.41 121.25 121.06 120.91 120.78 120.66 120.56 120.50 120.50 120.47 120.44 120.47 120.47 120.41 120.38 120.28 120.19 120.06 119.88 119.66 119.44 119.19 118.91 118.66 118.41 118.19 118.00 117.75 117.50 117.25 117.00
124.84 124.97 125.06 125.12 125.19 125.22 125.22 125.25 125.25 125.25 125.25 125.25 125.25 125.28 125.28 125.31 125.34 125.34 125.28 125.19 125.06 124.94 124.81 124.69 124.56 124.44 124.31 124.22 123.84 123.38 123.03 122.88 122.81 122.72 122.62 122.53 122.44 122.28 121.81 121.56 121.41 121.22 121.03 120.88 120.75 120.66 120.56 120.53 120.53 120.56 120.56 120.66 120.66 120.66 120.62 120.50 120.38 120.12 119.91 119.62 119.41 119.09 118.88 118.62 118.34 118.12 117.91 117.69 117.44 117.19 116.94
124.84 124.97 125.06 125.12 125.19 125.22 125.25 125.28 125.28 125.31 125.31 125.31 125.31 125.31 125.34 125.38 125.38 125.38 125.34 125.28 125.16 125.00 124.88 124.75 124.62 124.50 124.41 124.09 123.72 123.25 123.03 122.94 122.88 122.78 122.69 122.59 122.34 121.94 121.75 121.59 121.41 121.25 121.06 120.94 120.78 120.69 120.59 120.56 120.56 120.62 120.75 120.84 120.91 120.94 120.91 120.78 120.59 120.34 120.09 119.72 119.44 119.12 118.84 118.59 118.31 118.06 117.81 117.59 117.34 117.09 116.84
124.84 124.97 125.06 125.12 125.19 125.25 125.28 125.31 125.31 125.34 125.34 125.34 125.38 125.38 125.38 125.38 125.38 125.38 125.38 125.34 125.28 125.09 124.91 124.78 124.69 124.47 124.19 123.84 123.34 123.16 123.09 123.00 122.94 122.84 122.75 122.44 122.12 121.94 121.78 121.62 121.44 121.28 121.12 120.94 120.81 120.69 120.62 120.62 120.62 120.72 120.84 121.00 121.12 121.16 121.12 121.00 120.78 120.56 120.25 119.88 119.47 119.16 118.88 118.62 118.31 118.06 117.78 117.53 117.28 117.03 116.78
124.81 124.94 125.06 125.16 125.22 125.28 125.31 125.34 125.34 125.38 125.38 125.38 125.38 125.38 125.38 125.34 125.34 125.31 125.22 125.19 125.22 125.25 124.94 124.56 124.31 124.09 123.78 123.38 123.28 123.22 123.12 123.06 122.97 122.88 122.53 122.38 122.19 122.00 121.84 121.66 121.50 121.31 121.16 121.00 120.88 120.75 120.66 120.62 120.66 120.72 120.94 121.09 121.22 121.28 121.28 121.16 120.97 120.66 120.34 119.97 119.59 119.22 118.94 118.66 118.38 118.09 117.78 117.53 117.25 116.97 116.72
124.81 124.94 125.06 125.16 125.22 125.28 125.31 125.34 125.38 125.38 125.38 125.38 125.38 125.38 125.34 125.28 125.22 125.22 125.22 125.22 125.31 125.03 124.69 124.31 123.97 123.69 123.47 123.41 123.34 123.25 123.19 123.12 122.94 122.72 122.56 122.41 122.25 122.06 121.88 121.72 121.53 121.38 121.22 121.06 120.91 120.78 120.72 120.69 120.69 120.81 120.94 121.12 121.28 121.34 121.34 121.25 121.06 120.81 120.50 120.16 119.81 119.44 119.09 118.69 118.44 118.12 117.81 117.53 117.22 116.94 116.66
124.81 124.97 125.09 125.19 125.25 125.31 125.34 125.38 125.38 125.38 125.38 125.38 125.38 125.34 125.31 125.22 125.22 125.22 125.25 125.19 125.00 124.72 124.38 124.06 123.72 123.62 123.53 123.47 123.38 123.31 123.22 123.03 122.88 122.72 122.56 122.41 122.28 122.09 121.91 121.75 121.56 121.41 121.25 121.09 120.97 120.84 120.75 120.72 120.69 120.78 120.97 121.12 121.25 121.31 121.31 121.25 121.09 120.88 120.59 120.25 119.94 119.59 119.25 118.84 118.50 118.16 117.84 117.56 117.25 116.91 116.59
124.84 124.97 125.09 125.22 125.28 125.34 125.38 125.38 125.38 125.38 125.38 125.38 125.34 125.31 125.25 125.19 125.19 125.16 125.03 124.81 124.62 124.38 124.06 123.75 123.72 123.66 123.59 123.53 123.44 123.34 123.12 123.00 122.88 122.72 122.59 122.44 122.31 122.12 121.97 121.81 121.62 121.44 121.28 121.16 121.00 120.88 120.81 120.75 120.72 120.81 120.94 121.03 121.16 121.22 121.22 121.19 121.06 120.88 120.62 120.34 120.00 119.69 119.34 118.97 118.62 118.31 117.94 117.59 117.28 116.91 116.59
124.88 125.03 125.16 125.25 125.31 125.38 125.38 125.38 125.38 125.38 125.38 125.38 125.31 125.25 125.19 125.16 125.12 125.00 124.75 124.47 124.28 124.00 123.78 123.75 123.72 123.69 123.66 123.56 123.41 123.25 123.12 123.00 122.88 122.72 122.59 122.44 122.31 122.16 121.97 121.84 121.69 121.50 121.31 121.19 121.06 120.91 120.84 120.81 120.81 120.88 120.97 121.00 121.06 121.09 121.09 121.06 121.00 120.84 120.66 120.41 120.09 119.78 119.44 119.09 118.75 118.38 118.00 117.69 117.34 116.97 116.62
124.91 125.06 125.19 125.31 125.38 125.38 125.38 125.38 125.38 125.38 125.38 125.34 125.28 125.19 125.16 125.09 125.00 124.78 124.53 124.22 123.94 123.84 123.81 123.78 123.75 123.72 123.69 123.47 123.34 123.25 123.09 123.00 122.88 122.72 122.59 122.47 122.31 122.16 122.03 121.88 121.72 121.53 121.34 121.22 121.06 120.97 120.88 120.84 120.88 120.91 120.97 120.97 120.97 120.97 120.94 120.91 120.84 120.72 120.56 120.31 120.06 119.78 119.47 119.19 118.88 118.53 118.12 117.78 117.38 116.97 116.69
