everonasctiles/Tile[48,22].asc
ncols 128
nrows 128
xllcorner 0
yllcorner 0
cellsize 2.0
NODATA_value  -9999
[rows 29 to 57 of 128, columns 0 to 66 of 128]
-110.78 -110.66 -110.47 -110.25 -109.97 -109.69 -109.75 -109.91 -109.97 -110.00 -110.00 -109.97 -109.91 -109.84 -109.81 -109.81 -109.84 -109.84 -109.84 -109.84 -109.84 -109.81 -109.75 -109.69 -109.59 -109.50 -109.41 -109.28 -109.12 -109.03 -108.94 -108.84 -108.78 -108.72 -108.62 -108.50 -108.31 -108.09 -107.88 -107.62 -107.41 -107.22 -107.03 -106.88 -106.78 -106.69 -106.69 -106.75 -106.78 -106.84 -106.91 -107.00 -107.09 -107.22 -107.38 -107.53 -107.72 -107.91 -108.09 -108.44 -109.06 -109.78 -110.38 -110.94 -111.44 -111.91 -112.34
-110.94 -110.78 -110.62 -110.41 -110.16 -110.00 -110.09 -110.19 -110.22 -110.25 -110.25 -110.19 -110.12 -110.06 -110.03 -110.03 -110.06 -110.06 -110.09 -110.09 -110.09 -110.06 -110.03 -109.94 -109.84 -109.78 -109.66 -109.56 -109.44 -109.34 -109.25 -109.16 -109.09 -109.00 -108.84 -108.69 -108.44 -108.19 -107.94 -107.66 -107.44 -107.22 -107.06 -106.94 -106.84 -106.78 -106.78 -106.81 -106.88 -106.94 -106.97 -107.03 -107.09 -107.19 -107.34 -107.50 -107.72 -107.97 -108.22 -108.56 -109.16 -109.88 -110.47 -111.03 -111.56 -112.03 -112.50
-111.09 -110.97 -110.78 -110.59 -110.41 -110.34 -110.41 -110.44 -110.50 -110.50 -110.47 -110.41 -110.34 -110.28 -110.25 -110.25 -110.25 -110.28 -110.28 -110.31 -110.31 -110.28 -110.25 -110.19 -110.09 -110.00 -109.91 -109.81 -109.72 -109.62 -109.53 -109.47 -109.38 -109.25 -109.09 -108.88 -108.59 -108.31 -108.03 -107.72 -107.47 -107.28 -107.12 -107.00 -106.91 -106.88 -106.88 -106.94 -106.97 -107.03 -107.09 -107.16 -107.19 -107.22 -107.28 -107.50 -107.78 -108.09 -108.50 -108.97 -109.53 -110.09 -110.62 -111.16 -111.69 -112.16 -112.62
-111.25 -111.12 -110.97 -110.84 -110.72 -110.69 -110.69 -110.72 -110.72 -110.72 -110.66 -110.59 -110.53 -110.50 -110.44 -110.44 -110.44 -110.47 -110.47 -110.50 -110.50 -110.47 -110.44 -110.38 -110.31 -110.22 -110.16 -110.06 -109.97 -109.88 -109.81 -109.72 -109.62 -109.50 -109.31 -109.06 -108.78 -108.47 -108.16 -107.84 -107.56 -107.38 -107.22 -107.09 -107.03 -107.00 -107.00 -107.06 -107.12 -107.19 -107.25 -107.28 -107.31 -107.31 -107.28 -107.47 -107.84 -108.25 -108.72 -109.22 -109.75 -110.31 -110.84 -111.34 -111.84 -112.31 -112.75
-111.38 -111.28 -111.16 -111.06 -111.00 -110.97 -110.97 -110.97 -110.94 -110.91 -110.88 -110.81 -110.75 -110.69 -110.66 -110.62 -110.62 -110.62 -110.66 -110.66 -110.66 -110.66 -110.59 -110.53 -110.47 -110.41 -110.34 -110.28 -110.19 -110.12 -110.03 -109.97 -109.88 -109.72 -109.50 -109.25 -108.94 -108.62 -108.31 -108.03 -107.75 -107.56 -107.38 -107.25 -107.16 -107.12 -107.12 -107.19 -107.28 -107.34 -107.41 -107.47 -107.47 -107.47 -107.41 -107.34 -107.69 -108.31 -108.88 -109.41 -109.97 -110.53 -111.06 -111.53 -112.00 -112.44 -112.88
-111.53 -111.44 -111.34 -111.28 -111.22 -111.22 -111.19 -111.19 -111.16 -111.12 -111.06 -111.00 -110.94 -110.88 -110.84 -110.81 -110.81 -110.81 -110.81 -110.81 -110.81 -110.78 -110.75 -110.69 -110.66 -110.59 -110.53 -110.44 -110.38 -110.31 -110.22 -110.16 -110.06 -109.88 -109.66 -109.38 -109.09 -108.78 -108.50 -108.25 -107.97 -107.75 -107.56 -107.41 -107.31 -107.25 -107.28 -107.34 -107.44 -107.53 -107.59 -107.66 -107.69 -107.66 -107.62 -107.53 -107.69 -108.19 -108.94 -109.56 -110.12 -110.69 -111.22 -111.72 -112.19 -112.59 -113.00
-111.66 -111.59 -111.53 -111.50 -111.44 -111.44 -111.41 -111.38 -111.34 -111.28 -111.22 -111.19 -111.12 -111.06 -111.00 -110.97 -110.94 -110.94 -110.94 -110.94 -110.94 -110.91 -110.88 -110.81 -110.78 -110.72 -110.66 -110.59 -110.53 -110.47 -110.38 -110.31 -110.19 -110.00 -109.78 -109.50 -109.22 -108.94 -108.69 -108.44 -108.22 -108.00 -107.78 -107.62 -107.50 -107.44 -107.47 -107.56 -107.62 -107.72 -107.81 -107.88 -107.91 -107.91 -107.91 -107.94 -107.94 -108.25 -108.91 -109.66 -110.25 -110.78 -111.34 -111.88 -112.31 -112.75 -113.12
-111.78 -111.75 -111.69 -111.66 -111.62 -111.62 -111.59 -111.56 -111.50 -111.44 -111.41 -111.34 -111.28 -111.22 -111.16 -111.12 -111.09 -111.06 -111.06 -111.03 -111.03 -111.00 -110.97 -110.94 -110.91 -110.84 -110.81 -110.72 -110.66 -110.59 -110.50 -110.41 -110.28 -110.09 -109.88 -109.59 -109.34 -109.12 -108.91 -108.69 -108.44 -108.25 -108.03 -107.88 -107.75 -107.69 -107.72 -107.78 -107.88 -107.94 -108.03 -108.09 -108.16 -108.16 -108.22 -108.28 -108.38 -108.50 -108.94 -109.66 -110.28 -110.84 -111.41 -111.94 -112.44 -112.88 -113.28
-111.88 -111.84 -111.84 -111.81 -111.78 -111.78 -111.75 -111.69 -111.66 -111.59 -111.53 -111.47 -111.41 -111.34 -111.28 -111.22 -111.19 -111.19 -111.16 -111.12 -111.12 -111.09 -111.06 -111.03 -111.00 -110.97 -110.91 -110.84 -110.75 -110.69 -110.59 -110.50 -110.34 -110.16 -109.94 -109.69 -109.47 -109.25 -109.06 -108.88 -108.69 -108.47 -108.31 -108.16 -108.06 -108.00 -107.97 -108.03 -108.09 -108.19 -108.28 -108.34 -108.41 -108.44 -108.47 -108.56 -108.66 -108.81 -109.06 -109.62 -110.22 -110.84 -111.41 -111.94 -112.47 -112.97 -113.38
-111.94 -111.94 -111.94 -111.94 -111.91 -111.91 -111.84 -111.81 -111.78 -111.72 -111.66 -111.59 -111.53 -111.44 -111.38 -111.31 -111.28 -111.25 -111.25 -111.22 -111.19 -111.19 -111.16 -111.12 -111.09 -111.03 -110.97 -110.91 -110.84 -110.75 -110.66 -110.53 -110.38 -110.19 -109.97 -109.75 -109.56 -109.41 -109.25 -109.06 -108.91 -108.72 -108.56 -108.44 -108.31 -108.25 -108.25 -108.28 -108.34 -108.44 -108.53 -108.59 -108.66 -108.69 -108.72 -108.81 -108.91 -109.03 -109.25 -109.59 -110.16 -110.78 -111.34 -111.91 -112.47 -112.97 -113.44
-112.03 -112.03 -112.03 -112.03 -112.00 -111.97 -111.94 -111.91 -111.88 -111.81 -111.75 -111.69 -111.62 -111.53 -111.47 -111.41 -111.34 -111.31 -111.31 -111.28 -111.25 -111.25 -111.22 -111.19 -111.16 -111.12 -111.06 -110.97 -110.91 -110.81 -110.72 -110.56 -110.41 -110.19 -110.00 -109.81 -109.66 -109.50 -109.38 -109.22 -109.09 -108.94 -108.81 -108.69 -108.56 -108.53 -108.50 -108.53 -108.59 -108.69 -108.75 -108.81 -108.88 -108.91 -108.97 -109.03 -109.09 -109.19 -109.38 -109.66 -110.09 -110.69 -111.28 -111.81 -112.38 -112.91 -113.41
-112.06 -112.09 -112.09 -112.09 -112.06 -112.06 -112.00 -111.97 -111.94 -111.88 -111.81 -111.75 -111.69 -111.59 -111.53 -111.47 -111.41 -111.38 -111.34 -111.34 -111.31 -111.31 -111.28 -111.25 -111.22 -111.19 -111.12 -111.03 -110.97 -110.88 -110.75 -110.59 -110.41 -110.22 -110.03 -109.84 -109.72 -109.59 -109.47 -109.34 -109.25 -109.12 -109.00 -108.88 -108.78 -108.75 -108.72 -108.75 -108.81 -108.88 -108.94 -109.00 -109.06 -109.09 -109.16 -109.19 -109.25 -109.34 -109.50 -109.72 -110.06 -110.59 -111.16 -111.69 -112.25 -112.81 -113.31
-112.12 -112.12 -112.12 -112.12 -112.12 -112.09 -112.06 -112.00 -111.97 -111.91 -111.88 -111.78 -111.72 -111.66 -111.56 -111.50 -111.47 -111.44 -111.41 -111.41 -111.38 -111.38 -111.34 -111.31 -111.28 -111.22 -111.16 -111.09 -111.00 -110.91 -110.78 -110.59 -110.41 -110.22 -110.03 -109.88 -109.75 -109.66 -109.56 -109.47 -109.34 -109.25 -109.16 -109.03 -108.97 -108.91 -108.91 -108.94 -108.97 -109.03 -109.09 -109.16 -109.22 -109.25 -109.28 -109.34 -109.38 -109.44 -109.56 -109.75 -110.03 -110.47 -111.00 -111.56 -112.09 -112.62 -113.16
-112.16 -112.16 -112.16 -112.16 -112.12 -112.09 -112.06 -112.03 -112.00 -111.94 -111.88 -111.81 -111.75 -111.69 -111.59 -111.53 -111.50 -111.47 -111.44 -111.44 -111.44 -111.41 -111.38 -111.38 -111.31 -111.28 -111.22 -111.12 -111.03 -110.94 -110.78 -110.59 -110.41 -110.22 -110.03 -109.91 -109.78 -109.69 -109.62 -109.53 -109.44 -109.34 -109.25 -109.16 -109.09 -109.03 -109.03 -109.06 -109.09 -109.16 -109.22 -109.25 -109.31 -109.34 -109.38 -109.41 -109.47 -109.50 -109.59 -109.75 -110.00 -110.34 -110.84 -111.38 -111.91 -112.44 -112.94
-112.16 -112.16 -112.16 -112.16 -112.12 -112.09 -112.06 -112.03 -112.00 -111.94 -111.91 -111.84 -111.78 -111.69 -111.62 -111.56 -111.53 -111.50 -111.47 -111.47 -111.44 -111.44 -111.41 -111.41 -111.38 -111.31 -111.25 -111.16 -111.06 -110.94 -110.78 -110.59 -110.41 -110.22 -110.06 -109.94 -109.81 -109.75 -109.66 -109.56 -109.50 -109.41 -109.31 -109.25 -109.16 -109.12 -109.12 -109.12 -109.19 -109.22 -109.28 -109.31 -109.38 -109.41 -109.44 -109.47 -109.50 -109.53 -109.62 -109.75 -109.94 -110.25 -110.66 -111.16 -111.69 -112.22 -112.72
-112.16 -112.16 -112.16 -112.12 -112.09 -112.09 -112.06 -112.03 -111.97 -111.94 -111.88 -111.81 -111.75 -111.69 -111.62 -111.56 -111.53 -111.50 -111.50 -111.47 -111.47 -111.44 -111.44 -111.41 -111.38 -111.34 -111.28 -111.19 -111.06 -110.91 -110.75 -110.56 -110.38 -110.22 -110.06 -109.94 -109.84 -109.78 -109.69 -109.59 -109.53 -109.44 -109.38 -109.28 -109.22 -109.16 -109.16 -109.19 -109.22 -109.25 -109.31 -109.34 -109.38 -109.41 -109.44 -109.47 -109.50 -109.53 -109.62 -109.72 -109.91 -110.16 -110.50 -110.94 -111.44 -111.94 -112.44
-112.16 -112.16 -112.12 -112.12 -112.09 -112.06 -112.03 -112.00 -111.97 -111.94 -111.88 -111.81 -111.75 -111.69 -111.62 -111.56 -111.53 -111.50 -111.50 -111.47 -111.47 -111.44 -111.44 -111.41 -111.38 -111.31 -111.25 -111.16 -111.00 -110.84 -110.69 -110.50 -110.34 -110.19 -110.06 -109.97 -109.88 -109.78 -109.69 -109.62 -109.53 -109.47 -109.38 -109.31 -109.22 -109.19 -109.19 -109.19 -109.25 -109.28 -109.31 -109.34 -109.38 -109.41 -109.41 -109.44 -109.47 -109.53 -109.59 -109.69 -109.81 -110.03 -110.31 -110.69 -111.12 -111.62 -112.09
-112.16 -112.16 -112.12 -112.09 -112.09 -112.06 -112.03 -112.00 -111.94 -111.91 -111.84 -111.78 -111.72 -111.66 -111.59 -111.56 -111.50 -111.50 -111.47 -111.44 -111.44 -111.44 -111.41 -111.38 -111.34 -111.28 -111.19 -111.06 -110.91 -110.75 -110.59 -110.41 -110.28 -110.16 -110.06 -109.97 -109.88 -109.81 -109.72 -109.62 -109.56 -109.47 -109.41 -109.31 -109.25 -109.22 -109.19 -109.22 -109.25 -109.28 -109.31 -109.34 -109.34 -109.38 -109.38 -109.41 -109.44 -109.47 -109.53 -109.62 -109.75 -109.91 -110.12 -110.41 -110.81 -111.25 -111.75
-112.16 -112.16 -112.12 -112.09 -112.09 -112.06 -112.03 -111.97 -111.94 -111.88 -111.84 -111.78 -111.69 -111.62 -111.59 -111.53 -111.50 -111.47 -111.44 -111.41 -111.41 -111.41 -111.38 -111.31 -111.28 -111.19 -111.06 -110.94 -110.78 -110.62 -110.47 -110.31 -110.19 -110.09 -110.00 -109.94 -109.88 -109.78 -109.72 -109.62 -109.56 -109.47 -109.41 -109.31 -109.25 -109.22 -109.19 -109.19 -109.22 -109.25 -109.28 -109.31 -109.31 -109.31 -109.34 -109.34 -109.38 -109.44 -109.47 -109.56 -109.66 -109.75 -109.94 -110.16 -110.44 -110.84 -111.31
-112.16 -112.16 -112.12 -112.09 -112.06 -112.06 -112.00 -111.97 -111.94 -111.88 -111.81 -111.75 -111.69 -111.59 -111.56 -111.50 -111.47 -111.44 -111.41 -111.38 -111.34 -111.31 -111.28 -111.25 -111.16 -111.06 -110.94 -110.78 -110.62 -110.47 -110.31 -110.19 -110.06 -110.00 -109.94 -109.91 -109.84 -109.78 -109.69 -109.62 -109.56 -109.47 -109.41 -109.31 -109.25 -109.22 -109.19 -109.19 -109.19 -109.22 -109.25 -109.25 -109.25 -109.28 -109.28 -109.28 -109.31 -109.38 -109.44 -109.50 -109.56 -109.66 -109.78 -109.91 -110.09 -110.44 -110.91
-112.16 -112.12 -112.09 -112.09 -112.06 -112.03 -112.00 -111.97 -111.91 -111.84 -111.78 -111.72 -111.62 -111.56 -111.50 -111.44 -111.41 -111.38 -111.34 -111.31 -111.28 -111.22 -111.19 -111.09 -111.00 -110.91 -110.75 -110.59 -110.44 -110.28 -110.12 -110.03 -109.97 -109.91 -109.88 -109.84 -109.78 -109.72 -109.69 -109.59 -109.53 -109.47 -109.41 -109.31 -109.25 -109.19 -109.16 -109.16 -109.16 -109.19 -109.19 -109.22 -109.22 -109.22 -109.22 -109.25 -109.25 -109.31 -109.38 -109.44 -109.50 -109.56 -109.66 -109.78 -109.94 -110.22 -110.66
-112.16 -112.12 -112.09 -112.06 -112.03 -112.00 -111.97 -111.94 -111.88 -111.81 -111.75 -111.66 -111.59 -111.50 -111.44 -111.38 -111.34 -111.28 -111.25 -111.22 -111.16 -111.09 -111.03 -110.94 -110.84 -110.72 -110.56 -110.41 -110.22 -110.06 -109.97 -109.88 -109.84 -109.81 -109.78 -109.75 -109.72 -109.66 -109.62 -109.56 -109.50 -109.44 -109.38 -109.31 -109.25 -109.19 -109.12 -109.12 -109.12 -109.16 -109.16 -109.19 -109.19 -109.19 -109.19 -109.19 -109.22 -109.25 -109.31 -109.38 -109.44 -109.50 -109.56 -109.66 -109.84 -110.09 -110.47
-112.16 -112.12 -112.09 -112.06 -112.03 -112.00 -111.94 -111.88 -111.81 -111.75 -111.69 -111.62 -111.53 -111.44 -111.38 -111.31 -111.25 -111.19 -111.16 -111.09 -111.03 -110.94 -110.84 -110.75 -110.62 -110.47 -110.34 -110.19 -110.00 -109.88 -109.78 -109.75 -109.72 -109.69 -109.69 -109.66 -109.62 -109.56 -109.53 -109.50 -109.44 -109.41 -109.34 -109.28 -109.22 -109.16 -109.09 -109.09 -109.09 -109.12 -109.16 -109.16 -109.16 -109.16 -109.16 -109.16 -109.19 -109.22 -109.25 -109.31 -109.38 -109.41 -109.47 -109.59 -109.72 -109.94 -110.25
-112.16 -112.12 -112.06 -112.03 -112.00 -111.97 -111.91 -111.84 -111.78 -111.72 -111.62 -111.56 -111.47 -111.38 -111.28 -111.22 -111.12 -111.06 -111.00 -110.94 -110.88 -110.75 -110.66 -110.50 -110.38 -110.22 -110.09 -109.94 -109.81 -109.69 -109.59 -109.59 -109.56 -109.56 -109.53 -109.53 -109.50 -109.47 -109.44 -109.41 -109.38 -109.34 -109.28 -109.22 -109.16 -109.09 -109.06 -109.06 -109.06 -109.09 -109.12 -109.16 -109.16 -109.16 -109.16 -109.16 -109.16 -109.19 -109.19 -109.25 -109.28 -109.34 -109.41 -109.50 -109.62 -109.78 -110.03
-112.16 -112.12 -112.06 -112.03 -111.97 -111.94 -111.88 -111.81 -111.75 -111.66 -111.59 -111.50 -111.41 -111.31 -111.22 -111.09 -111.03 -110.94 -110.84 -110.78 -110.66 -110.56 -110.41 -110.25 -110.09 -109.94 -109.81 -109.69 -109.56 -109.47 -109.44 -109.41 -109.41 -109.41 -109.41 -109.38 -109.34 -109.34 -109.31 -109.31 -109.28 -109.25 -109.22 -109.16 -109.12 -109.06 -109.03 -109.03 -109.06 -109.09 -109.12 -109.16 -109.16 -109.16 -109.12 -109.12 -109.12 -109.12 -109.16 -109.19 -109.22 -109.28 -109.31 -109.41 -109.50 -109.62 -109.81
-112.16 -112.12 -112.06 -112.00 -111.97 -111.91 -111.84 -111.78 -111.69 -111.62 -111.53 -111.44 -111.34 -111.25 -111.12 -111.00 -110.91 -110.78 -110.69 -110.56 -110.44 -110.31 -110.19 -110.00 -109.84 -109.69 -109.53 -109.44 -109.34 -109.28 -109.25 -109.22 -109.22 -109.22 -109.22 -109.22 -109.19 -109.19 -109.19 -109.19 -109.19 -109.16 -109.12 -109.09 -109.06 -109.03 -109.00 -109.00 -109.03 -109.06 -109.12 -109.12 -109.12 -109.12 -109.09 -109.09 -109.09 -109.09 -109.09 -109.12 -109.16 -109.19 -109.25 -109.31 -109.38 -109.50 -109.62
-112.12 -112.09 -112.03 -111.97 -111.94 -111.88 -111.81 -111.75 -111.66 -111.59 -111.50 -111.38 -111.28 -111.16 -111.03 -110.91 -110.78 -110.62 -110.50 -110.38 -110.22 -110.09 -109.94 -109.78 -109.59 -109.44 -109.31 -109.19 -109.12 -109.06 -109.06 -109.03 -109.06 -109.06 -109.06 -109.06 -109.06 -109.06 -109.06 -109.06 -109.09 -109.06 -109.06 -109.03 -109.00 -108.97 -108.97 -108.97 -109.00 -109.06 -109.09 -109.09 -109.09 -109.09 -109.06 -109.06 -109.03 -109.03 -109.06 -109.06 -109.09 -109.12 -109.19 -109.22 -109.28 -109.38 -109.50
-112.03 -112.03 -111.97 -111.94 -111.88 -111.84 -111.78 -111.72 -111.62 -111.53 -111.44 -111.34 -111.22 -111.09 -110.94 -110.81 -110.62 -110.47 -110.31 -110.16 -110.00 -109.84 -109.72 -109.56 -109.41 -109.28 -109.12 -109.00 -108.94 -108.88 -108.88 -108.88 -108.88 -108.88 -108.88 -108.88 -108.91 -108.91 -108.94 -108.97 -108.97 -109.00 -108.97 -108.97 -108.94 -108.91 -108.91 -108.91 -108.97 -109.00 -109.03 -109.03 -109.06 -109.03 -109.03 -109.00 -109.00 -109.00 -109.00 -109.03 -109.03 -109.06 -109.12 -109.16 -109.22 -109.31 -109.44
-111.94 -111.94 -111.91 -111.84 -111.81 -111.75 -111.72 -111.66 -111.56 -111.47 -111.38 -111.25 -111.12 -110.97 -110.84 -110.66 -110.50 -110.31 -110.12 -109.97 -109.81 -109.66 -109.53 -109.41 -109.28 -109.16 -109.00 -108.91 -108.81 -108.75 -108.72 -108.72 -108.72 -108.72 -108.72 -108.75 -108.75 -108.78 -108.81 -108.88 -108.88 -108.91 -108.91 -108.88 -108.84 -108.84 -108.84 -108.84 -108.88 -108.91 -108.94 -108.97 -108.97 -109.00 -108.97 -108.97 -108.94 -108.94 -108.94 -108.97 -108.97 -109.00 -109.06 -109.09 -109.16 -109.25 -109.34
