everonasctiles/Tile14,11.asc
ncols 128
nrows 128
xllcorner 0
yllcorner 0
cellsize 2.0
NODATA_value  -9999
[rows 32 to 63 of 128, columns 0 to 70 of 128]
-36.09 -35.94 -35.88 -35.62 -35.22 -34.53 -34.25 -34.50 -34.88 -35.34 -35.66 -36.19 -36.44 -36.66 -36.50 -36.50 -36.66 -36.56 -36.84 -37.41 -37.81 -37.94 -38.28 -38.59 -38.97 -39.31 -39.72 -39.88 -40.06 -40.16 -40.34 -40.62 -40.84 -40.94 -40.94 -40.94 -40.88 -40.97 -41.09 -41.12 -40.97 -40.78 -40.53 -40.50 -40.47 -40.81 -41.41 -42.28 -42.94 -43.38 -43.69 -43.88 -43.81 -43.72 -43.72 -43.81 -43.97 -44.22 -44.44 -44.50 -44.41 -44.28 -44.38 -44.53 -44.47 -44.19 -44.19 -44.25 -44.09 -43.91 -43.75
-35.72 -35.44 -35.62 -35.25 -34.94 -34.44 -34.22 -34.28 -34.69 -34.97 -35.38 -35.97 -36.22 -36.47 -36.53 -36.72 -36.72 -36.97 -37.16 -37.28 -37.88 -38.31 -38.66 -38.88 -39.03 -39.25 -39.47 -39.69 -39.78 -39.78 -39.94 -40.25 -40.53 -40.59 -40.72 -40.84 -40.94 -40.94 -40.88 -40.91 -40.84 -40.72 -40.56 -40.56 -40.69 -41.22 -41.84 -42.44 -42.94 -43.44 -43.72 -43.94 -43.91 -43.81 -43.81 -43.84 -44.03 -44.28 -44.50 -44.62 -44.59 -44.50 -44.47 -44.59 -44.59 -44.41 -44.44 -44.44 -44.28 -44.09 -43.97
-35.34 -35.25 -35.34 -35.12 -34.88 -34.22 -33.97 -33.81 -34.16 -34.47 -34.97 -35.44 -35.84 -36.22 -36.41 -36.59 -36.56 -36.78 -37.19 -37.62 -38.00 -38.31 -38.69 -38.91 -39.06 -39.03 -38.88 -38.91 -39.12 -39.50 -39.81 -40.06 -40.31 -40.34 -40.44 -40.50 -40.66 -40.56 -40.62 -40.66 -40.56 -40.53 -40.47 -40.50 -40.81 -41.44 -41.97 -42.53 -43.09 -43.47 -43.75 -43.91 -44.00 -43.97 -43.91 -43.88 -44.09 -44.41 -44.56 -44.62 -44.69 -44.66 -44.56 -44.59 -44.62 -44.56 -44.50 -44.44 -44.31 -44.16 -44.06
-35.16 -34.97 -35.00 -35.09 -35.06 -34.59 -34.16 -33.78 -33.34 -33.50 -34.31 -34.78 -35.38 -35.78 -36.16 -36.47 -36.59 -36.81 -36.97 -37.28 -37.75 -38.12 -38.44 -38.72 -38.72 -38.72 -38.66 -38.44 -38.31 -38.62 -39.25 -39.88 -40.25 -40.22 -40.22 -40.28 -40.41 -40.44 -40.50 -40.44 -40.31 -40.28 -40.41 -40.53 -40.97 -41.59 -41.91 -42.62 -43.09 -43.44 -43.66 -43.84 -44.00 -44.03 -44.03 -44.03 -44.12 -44.44 -44.56 -44.59 -44.66 -44.69 -44.62 -44.59 -44.56 -44.50 -44.41 -44.31 -44.19 -44.03 -43.91
-34.97 -34.81 -34.78 -34.91 -34.91 -34.38 -34.25 -33.97 -33.81 -33.75 -33.75 -33.94 -34.75 -35.38 -35.88 -36.16 -36.47 -36.72 -36.88 -37.19 -37.53 -37.81 -38.12 -38.25 -38.22 -38.12 -38.00 -37.97 -37.94 -38.16 -38.59 -39.22 -39.72 -40.09 -40.22 -40.22 -40.31 -40.34 -40.47 -40.44 -40.50 -40.41 -40.47 -40.84 -41.31 -41.72 -42.12 -42.62 -42.91 -43.25 -43.41 -43.69 -43.88 -44.00 -44.09 -44.16 -44.19 -44.38 -44.50 -44.56 -44.62 -44.62 -44.56 -44.53 -44.44 -44.34 -44.25 -44.12 -43.97 -43.84 -43.69
-34.69 -34.69 -34.50 -34.53 -34.62 -34.50 -34.25 -33.69 -33.81 -33.69 -33.81 -34.09 -34.59 -35.06 -35.59 -36.06 -36.38 -36.56 -36.69 -37.06 -37.25 -37.56 -37.75 -37.78 -37.56 -37.28 -37.22 -37.16 -37.19 -37.62 -38.19 -38.78 -39.44 -39.88 -40.03 -40.22 -40.31 -40.38 -40.47 -40.28 -40.38 -40.53 -40.94 -41.25 -41.59 -41.84 -42.12 -42.41 -42.72 -43.00 -43.22 -43.44 -43.69 -43.91 -44.03 -44.12 -44.19 -44.31 -44.41 -44.47 -44.50 -44.47 -44.44 -44.34 -44.25 -44.16 -44.06 -43.91 -43.75 -43.59 -43.47
-34.38 -34.34 -34.09 -34.12 -34.16 -34.00 -33.81 -33.50 -33.34 -33.38 -33.62 -33.72 -34.25 -34.81 -35.25 -35.78 -36.19 -36.47 -36.66 -36.94 -37.09 -37.22 -37.12 -37.03 -36.84 -36.47 -36.38 -36.78 -37.22 -37.59 -38.12 -38.78 -39.38 -39.72 -39.91 -40.09 -40.28 -40.47 -40.59 -40.47 -40.47 -40.47 -40.81 -41.19 -41.59 -42.00 -42.22 -42.28 -42.28 -42.44 -42.78 -43.16 -43.50 -43.75 -43.94 -44.03 -44.12 -44.22 -44.28 -44.31 -44.34 -44.28 -44.22 -44.12 -44.03 -43.94 -43.81 -43.66 -43.47 -43.34 -43.19
-33.84 -33.97 -33.91 -33.78 -33.56 -33.31 -33.06 -32.78 -32.62 -32.66 -32.75 -33.00 -33.38 -33.69 -34.34 -35.09 -35.62 -36.22 -36.56 -36.84 -36.94 -37.00 -36.84 -36.56 -36.03 -35.56 -35.75 -36.12 -36.75 -37.66 -38.47 -38.97 -39.38 -39.75 -39.94 -40.06 -40.25 -40.44 -40.53 -40.53 -40.62 -40.66 -40.84 -41.22 -41.53 -41.75 -41.94 -42.00 -41.97 -42.06 -42.31 -42.75 -43.22 -43.53 -43.78 -43.88 -43.97 -44.06 -44.09 -44.12 -44.09 -44.06 -44.00 -43.88 -43.78 -43.66 -43.53 -43.38 -43.22 -43.06 -42.91
-33.53 -33.62 -33.56 -33.56 -33.41 -33.09 -32.59 -32.34 -32.12 -32.16 -32.28 -32.34 -32.50 -32.84 -33.38 -34.06 -34.91 -35.72 -36.25 -36.66 -36.69 -36.72 -36.31 -35.88 -35.50 -35.53 -35.84 -36.12 -36.88 -37.59 -38.28 -38.91 -39.25 -39.53 -39.72 -39.97 -40.16 -40.28 -40.44 -40.44 -40.56 -40.72 -40.94 -41.06 -41.31 -41.59 -41.75 -41.69 -41.62 -41.50 -41.78 -42.22 -42.88 -43.31 -43.53 -43.66 -43.75 -43.84 -43.88 -43.88 -43.84 -43.81 -43.72 -43.62 -43.50 -43.38 -43.25 -43.09 -42.91 -42.75 -42.59
-33.16 -33.41 -33.44 -33.34 -33.22 -32.91 -32.62 -32.44 -32.06 -32.09 -32.19 -32.28 -32.38 -32.66 -33.16 -33.81 -34.59 -35.34 -35.94 -36.38 -36.41 -36.31 -36.28 -35.78 -35.03 -34.88 -35.38 -36.22 -37.06 -37.88 -38.41 -38.75 -39.03 -39.25 -39.47 -39.72 -39.91 -40.09 -40.22 -40.31 -40.38 -40.44 -40.62 -40.62 -40.91 -40.97 -41.03 -41.12 -41.19 -41.16 -41.16 -41.34 -42.03 -42.75 -43.22 -43.44 -43.53 -43.56 -43.59 -43.59 -43.56 -43.50 -43.44 -43.31 -43.22 -43.06 -42.94 -42.75 -42.56 -42.41 -42.25
-32.53 -32.97 -33.09 -33.19 -33.12 -33.03 -32.62 -32.34 -32.41 -32.62 -32.78 -32.78 -32.78 -33.12 -33.56 -34.06 -34.66 -35.22 -35.72 -36.06 -35.91 -36.06 -35.84 -35.53 -35.38 -35.22 -35.34 -36.03 -36.75 -37.56 -38.25 -38.56 -38.75 -39.00 -39.25 -39.50 -39.69 -39.88 -39.97 -40.06 -40.16 -40.16 -40.12 -40.16 -40.25 -39.94 -40.00 -40.09 -40.19 -40.50 -40.81 -41.12 -41.50 -42.12 -42.75 -43.06 -43.22 -43.25 -43.28 -43.28 -43.28 -43.22 -43.12 -43.00 -42.88 -42.75 -42.59 -42.38 -42.22 -42.03 -41.88
-32.25 -32.59 -32.78 -32.88 -32.66 -32.56 -32.41 -32.53 -32.56 -32.78 -33.09 -33.41 -33.56 -33.75 -34.03 -34.41 -34.72 -35.06 -35.41 -35.50 -35.34 -35.28 -35.00 -34.78 -34.56 -34.88 -35.19 -35.91 -36.53 -37.25 -37.81 -38.22 -38.53 -38.78 -38.97 -39.25 -39.38 -39.59 -39.72 -39.81 -39.78 -39.78 -39.66 -39.56 -39.47 -39.34 -39.28 -39.19 -39.38 -39.72 -40.19 -40.72 -41.31 -41.94 -42.41 -42.72 -42.88 -42.94 -42.97 -42.97 -42.94 -42.88 -42.78 -42.66 -42.50 -42.34 -42.19 -42.00 -41.81 -41.62 -41.47
-32.03 -32.31 -32.22 -32.06 -31.91 -31.72 -31.91 -32.03 -32.06 -32.44 -32.84 -33.25 -33.56 -33.84 -34.12 -34.38 -34.62 -34.84 -34.81 -34.72 -34.59 -34.56 -34.28 -34.12 -34.38 -34.59 -34.84 -35.47 -36.09 -36.84 -37.41 -37.91 -38.25 -38.50 -38.75 -38.97 -39.12 -39.28 -39.34 -39.38 -39.44 -39.47 -39.41 -39.19 -38.91 -38.53 -38.53 -38.62 -38.94 -39.28 -39.72 -40.25 -40.84 -41.50 -42.00 -42.34 -42.53 -42.62 -42.62 -42.62 -42.56 -42.47 -42.38 -42.22 -42.06 -41.91 -41.75 -41.56 -41.38 -41.22 -41.06
-31.62 -31.72 -31.41 -31.06 -30.81 -30.72 -30.56 -30.56 -30.88 -31.09 -31.53 -32.22 -32.88 -33.44 -33.78 -34.03 -34.25 -34.44 -34.41 -34.06 -33.72 -33.47 -33.28 -33.34 -33.62 -34.38 -35.22 -35.75 -36.25 -36.84 -37.28 -37.69 -37.94 -38.19 -38.44 -38.66 -38.84 -38.97 -39.00 -39.12 -39.22 -39.06 -38.78 -38.84 -38.69 -38.34 -38.31 -38.31 -38.66 -38.88 -39.44 -39.84 -40.34 -40.94 -41.53 -41.91 -42.16 -42.25 -42.28 -42.25 -42.16 -42.06 -41.94 -41.78 -41.62 -41.47 -41.31 -41.12 -40.97 -40.81 -40.66
-31.56 -31.50 -31.06 -30.47 -30.09 -29.91 -29.62 -29.50 -29.53 -29.69 -30.06 -30.50 -31.31 -32.25 -33.00 -33.47 -33.78 -33.97 -33.84 -33.44 -33.09 -32.91 -32.81 -32.75 -33.56 -34.22 -34.81 -35.50 -36.19 -36.75 -37.12 -37.41 -37.66 -37.88 -38.06 -38.28 -38.38 -38.56 -38.78 -38.94 -39.00 -39.03 -38.88 -38.53 -38.16 -38.06 -38.06 -38.28 -38.66 -39.00 -39.41 -39.69 -39.88 -40.38 -41.03 -41.44 -41.69 -41.84 -41.84 -41.81 -41.72 -41.59 -41.47 -41.31 -41.16 -41.00 -40.84 -40.69 -40.53 -40.38 -40.22
-31.25 -31.25 -31.12 -30.59 -30.06 -29.75 -29.47 -29.34 -29.31 -29.38 -29.59 -30.09 -30.78 -31.53 -32.22 -32.88 -33.31 -33.50 -33.12 -32.97 -32.69 -32.12 -31.97 -32.38 -33.50 -34.22 -34.84 -35.38 -36.09 -36.50 -36.81 -37.03 -37.28 -37.50 -37.66 -37.84 -38.06 -38.12 -38.28 -38.50 -38.72 -38.72 -38.44 -38.16 -38.00 -37.72 -37.72 -37.62 -38.16 -38.75 -39.25 -39.53 -39.84 -40.22 -40.59 -40.94 -41.22 -41.38 -41.41 -41.34 -41.25 -41.12 -40.97 -40.84 -40.69 -40.53 -40.38 -40.22 -40.06 -39.94 -39.78
-30.91 -30.94 -31.00 -30.56 -30.41 -30.38 -30.12 -29.88 -29.62 -29.84 -30.09 -30.38 -30.88 -31.53 -32.19 -32.75 -33.09 -33.19 -33.09 -32.78 -32.59 -32.22 -31.81 -31.94 -32.44 -33.28 -34.44 -35.16 -35.72 -36.12 -36.44 -36.69 -36.84 -36.94 -37.09 -37.31 -37.44 -37.56 -37.84 -38.03 -38.06 -37.84 -37.59 -37.25 -37.00 -36.91 -37.16 -37.38 -37.84 -38.22 -38.75 -39.06 -39.44 -39.81 -40.34 -40.62 -40.72 -40.84 -40.91 -40.84 -40.75 -40.59 -40.47 -40.34 -40.19 -40.03 -39.88 -39.75 -39.62 -39.47 -39.34
-30.47 -30.59 -30.66 -30.62 -30.72 -30.56 -30.59 -30.72 -30.81 -30.91 -30.88 -31.06 -31.38 -31.78 -32.19 -32.53 -32.75 -32.81 -32.81 -32.62 -32.50 -32.09 -31.91 -31.75 -32.09 -32.78 -33.75 -34.50 -35.19 -35.72 -36.06 -36.31 -36.41 -36.34 -36.44 -36.38 -36.47 -36.84 -37.22 -37.38 -37.28 -37.12 -36.97 -36.41 -36.16 -36.22 -36.38 -36.78 -37.50 -38.06 -38.56 -39.03 -39.38 -39.59 -39.94 -40.19 -40.31 -40.38 -40.38 -40.31 -40.19 -40.06 -39.97 -39.81 -39.66 -39.53 -39.38 -39.25 -39.12 -39.00 -38.88
-29.97 -30.03 -30.12 -30.31 -30.41 -30.47 -30.69 -30.88 -31.03 -31.16 -31.25 -31.44 -31.62 -31.84 -32.09 -32.22 -32.34 -32.41 -32.44 -32.47 -32.47 -32.22 -31.94 -31.66 -31.81 -32.16 -32.97 -33.84 -34.66 -35.19 -35.56 -35.88 -35.94 -35.84 -35.66 -35.44 -35.59 -35.91 -36.34 -36.62 -36.69 -36.72 -36.47 -36.00 -35.88 -35.94 -36.09 -36.41 -37.12 -37.75 -38.25 -38.78 -39.22 -39.47 -39.56 -39.69 -39.78 -39.88 -39.84 -39.78 -39.66 -39.53 -39.41 -39.28 -39.12 -39.00 -38.88 -38.75 -38.62 -38.53 -38.41
-29.44 -29.44 -29.59 -29.66 -29.78 -30.00 -30.16 -30.34 -30.59 -30.81 -31.00 -31.16 -31.34 -31.53 -31.72 -31.78 -31.78 -31.81 -31.75 -31.91 -32.09 -32.19 -32.16 -31.94 -31.75 -31.88 -32.47 -33.25 -33.97 -34.59 -35.03 -35.34 -35.28 -35.19 -35.03 -34.94 -34.94 -35.16 -35.66 -35.94 -36.31 -36.47 -36.25 -35.81 -35.78 -35.91 -36.09 -36.38 -36.72 -37.31 -37.84 -38.38 -38.81 -39.09 -39.22 -39.31 -39.31 -39.31 -39.28 -39.19 -39.09 -38.97 -38.84 -38.72 -38.59 -38.47 -38.34 -38.22 -38.12 -38.03 -37.94
-29.03 -29.03 -29.09 -29.16 -29.28 -29.41 -29.53 -29.75 -29.88 -30.19 -30.50 -30.75 -31.00 -31.09 -31.16 -31.12 -30.97 -30.88 -30.94 -31.09 -31.34 -31.75 -31.72 -31.84 -31.81 -31.75 -32.03 -32.69 -33.50 -34.19 -34.59 -34.69 -34.78 -34.62 -34.25 -34.25 -34.38 -34.97 -35.59 -35.72 -35.72 -36.06 -36.19 -35.94 -36.12 -36.12 -36.31 -36.28 -36.41 -36.88 -37.34 -37.84 -38.25 -38.62 -38.78 -38.84 -38.84 -38.78 -38.72 -38.62 -38.50 -38.41 -38.28 -38.16 -38.03 -37.91 -37.81 -37.69 -37.59 -37.53 -37.47
-28.84 -28.78 -28.78 -28.84 -29.00 -29.06 -29.19 -29.34 -29.56 -29.84 -30.09 -30.34 -30.62 -30.72 -30.69 -30.34 -30.00 -29.78 -29.53 -29.56 -30.22 -30.66 -30.81 -31.31 -31.34 -31.44 -31.84 -32.47 -33.12 -33.69 -34.16 -34.31 -34.31 -34.19 -33.94 -33.69 -33.81 -34.59 -35.41 -35.69 -35.81 -35.91 -35.78 -35.91 -36.03 -36.28 -36.56 -36.47 -36.62 -37.00 -37.06 -37.19 -37.62 -38.00 -38.19 -38.28 -38.28 -38.19 -38.12 -38.03 -37.91 -37.78 -37.69 -37.56 -37.44 -37.34 -37.22 -37.16 -37.09 -37.03 -37.00
-28.66 -28.69 -28.75 -28.75 -28.84 -28.88 -29.06 -29.22 -29.41 -29.66 -29.91 -30.12 -30.31 -30.44 -30.41 -30.06 -29.59 -28.75 -28.41 -28.16 -28.44 -28.69 -29.31 -30.03 -30.41 -30.75 -31.38 -32.25 -32.97 -33.34 -33.62 -33.75 -33.75 -33.62 -33.50 -33.50 -33.53 -34.03 -34.84 -35.41 -35.53 -35.47 -35.62 -35.75 -35.91 -36.19 -36.34 -36.56 -36.53 -36.69 -36.78 -37.03 -37.22 -37.50 -37.62 -37.66 -37.66 -37.59 -37.53 -37.44 -37.31 -37.19 -37.06 -36.94 -36.84 -36.75 -36.66 -36.59 -36.56 -36.56 -36.56
-28.56 -28.62 -28.59 -28.66 -28.84 -28.94 -29.06 -29.16 -29.41 -29.59 -29.72 -29.91 -30.03 -30.16 -30.19 -30.00 -29.44 -28.66 -27.97 -27.31 -27.22 -27.31 -28.16 -28.50 -29.38 -30.22 -30.97 -31.94 -32.69 -33.12 -33.22 -32.97 -32.81 -32.72 -32.69 -32.84 -33.16 -33.69 -34.31 -34.81 -35.16 -35.19 -35.38 -35.31 -35.69 -35.97 -36.22 -36.56 -36.66 -36.66 -36.53 -36.62 -36.75 -36.97 -37.03 -37.06 -37.06 -37.03 -36.97 -36.84 -36.69 -36.53 -36.44 -36.31 -36.22 -36.12 -36.03 -36.00 -36.03 -36.09 -36.12
-28.31 -28.34 -28.41 -28.47 -28.62 -28.75 -28.91 -29.09 -29.28 -29.47 -29.56 -29.69 -29.75 -29.84 -29.88 -29.91 -29.66 -29.12 -28.19 -27.38 -26.97 -26.81 -27.19 -28.06 -29.22 -30.00 -30.84 -31.69 -32.41 -32.84 -32.66 -32.09 -32.00 -31.84 -31.78 -32.00 -32.44 -33.12 -33.97 -34.53 -34.78 -34.94 -35.09 -35.19 -35.50 -35.78 -36.12 -36.31 -36.47 -36.47 -36.34 -36.25 -36.34 -36.47 -36.47 -36.50 -36.47 -36.44 -36.38 -36.25 -36.09 -35.91 -35.78 -35.69 -35.59 -35.44 -35.38 -35.44 -35.56 -35.66 -35.69
-28.00 -28.00 -28.06 -28.12 -28.25 -28.41 -28.62 -28.81 -29.03 -29.22 -29.34 -29.44 -29.50 -29.56 -29.62 -29.59 -29.47 -29.31 -28.97 -28.16 -27.41 -26.97 -27.12 -27.88 -28.88 -30.00 -30.97 -31.56 -31.94 -32.34 -32.12 -31.69 -31.53 -31.09 -31.12 -31.34 -32.00 -32.69 -33.47 -34.16 -34.47 -34.75 -34.91 -35.09 -35.34 -35.59 -35.91 -36.12 -36.22 -36.12 -36.09 -35.97 -35.94 -35.84 -35.84 -35.84 -35.91 -35.91 -35.81 -35.66 -35.47 -35.25 -35.16 -35.03 -34.91 -34.69 -34.72 -34.94 -35.09 -35.22 -35.22
-27.66 -27.69 -27.69 -27.72 -27.81 -28.00 -28.28 -28.50 -28.72 -28.94 -29.09 -29.19 -29.19 -29.00 -29.03 -29.28 -29.22 -29.09 -29.12 -28.88 -28.28 -27.69 -27.59 -27.94 -28.81 -29.88 -30.78 -31.22 -31.44 -31.91 -31.41 -30.97 -30.75 -31.00 -31.12 -31.22 -31.84 -32.41 -33.12 -33.78 -34.25 -34.56 -34.66 -34.94 -35.12 -35.34 -35.56 -35.69 -35.81 -35.78 -35.75 -35.59 -35.47 -35.34 -35.28 -35.34 -35.38 -35.38 -35.25 -35.06 -34.81 -34.62 -34.50 -34.34 -34.06 -33.94 -34.22 -34.47 -34.66 -34.75 -34.72
-27.34 -27.31 -27.31 -27.28 -27.38 -27.59 -27.88 -28.19 -28.47 -28.69 -28.84 -28.88 -28.56 -28.12 -28.28 -28.31 -28.28 -28.44 -28.66 -28.78 -28.31 -28.09 -28.34 -28.62 -29.00 -29.69 -30.44 -31.06 -31.34 -31.44 -31.19 -30.66 -30.16 -30.66 -30.72 -30.97 -31.44 -32.12 -32.97 -33.50 -34.06 -34.38 -34.53 -34.84 -34.94 -35.16 -35.25 -35.22 -35.28 -35.31 -35.22 -35.12 -34.97 -34.81 -34.78 -34.84 -34.88 -34.84 -34.69 -34.47 -34.19 -33.97 -33.81 -33.59 -33.31 -33.44 -33.78 -34.03 -34.19 -34.22 -34.16
-26.97 -26.97 -26.94 -26.84 -26.84 -27.12 -27.50 -27.84 -28.19 -28.47 -28.66 -28.69 -28.34 -27.81 -27.41 -27.06 -27.00 -27.16 -27.41 -27.72 -27.56 -27.81 -28.28 -28.84 -29.25 -29.81 -30.38 -30.78 -31.06 -31.12 -30.81 -30.47 -30.31 -30.09 -30.31 -30.91 -31.12 -31.78 -32.53 -33.28 -33.84 -34.19 -34.41 -34.62 -34.78 -34.84 -34.88 -34.88 -34.91 -34.81 -34.72 -34.66 -34.47 -34.34 -34.38 -34.44 -34.44 -34.34 -34.16 -33.91 -33.62 -33.38 -33.16 -32.88 -32.84 -33.12 -33.38 -33.56 -33.66 -33.62 -33.59
-26.62 -26.59 -26.56 -26.47 -26.41 -26.66 -27.12 -27.53 -27.91 -28.22 -28.41 -28.53 -28.22 -27.53 -26.97 -26.41 -25.97 -26.09 -26.44 -26.69 -27.00 -27.53 -27.91 -28.47 -29.06 -29.78 -30.41 -30.69 -30.81 -30.62 -30.44 -30.16 -30.00 -30.06 -30.12 -30.28 -30.81 -31.53 -32.22 -33.00 -33.53 -33.97 -34.16 -34.38 -34.53 -34.59 -34.56 -34.47 -34.47 -34.41 -34.31 -34.22 -34.09 -34.03 -34.06 -34.09 -34.03 -33.91 -33.66 -33.38 -33.06 -32.81 -32.56 -32.47 -32.62 -32.81 -33.00 -33.09 -33.12 -33.06 -33.03
-26.28 -26.25 -26.22 -26.06 -26.00 -26.31 -26.81 -27.31 -27.69 -27.97 -28.19 -28.31 -28.16 -27.56 -26.78 -25.69 -25.09 -25.12 -25.41 -25.88 -27.06 -27.62 -28.00 -28.59 -29.25 -29.84 -30.34 -30.56 -30.41 -30.28 -30.09 -29.75 -29.47 -29.56 -30.06 -30.34 -30.62 -31.06 -31.91 -32.78 -33.28 -33.69 -33.91 -34.12 -34.25 -34.28 -34.25 -34.16 -34.06 -34.03 -33.94 -33.84 -33.78 -33.75 -33.75 -33.75 -33.62 -33.47 -33.22 -32.94 -32.62 -32.38 -32.25 -32.28 -32.41 -32.50 -32.59 -32.59 -32.59 -32.56 -32.59
-25.97 -25.94 -25.84 -25.69 -25.72 -26.12 -26.62 -27.09 -27.47 -27.75 -27.94 -28.06 -27.94 -27.44 -26.78 -25.88 -25.00 -24.28 -24.41 -25.34 -26.59 -27.62 -28.50 -29.03 -29.47 -29.81 -30.25 -30.41 -30.34 -30.16 -29.78 -29.56 -29.47 -29.59 -29.91 -30.25 -30.62 -31.06 -31.81 -32.53 -33.06 -33.44 -33.72 -33.88 -34.00 -34.03 -33.94 -33.88 -33.78 -33.69 -33.59 -33.56 -33.53 -33.50 -33.47 -33.41 -33.25 -33.06 -32.84 -32.56 -32.31 -32.16 -32.09 -32.12 -32.16 -32.19 -32.16 -32.12 -32.09 -32.12 -32.22
