everonasctiles/Tile[11,8].asc
ncols 128
nrows 128
xllcorner 0
yllcorner 0
cellsize 2.0
NODATA_value  -9999
[rows 38 to 75 of 128, columns 0 to 83 of 128]
7.12 7.12 7.16 7.22 7.25 7.31 7.41 7.47 7.53 7.59 7.66 7.69 7.72 7.75 7.78 7.75 7.72 7.69 7.62 7.56 7.53 7.47 7.41 7.34 7.31 7.28 6.94 7.19 7.19 7.16 7.09 7.06 7.03 7.00 6.97 6.97 7.00 7.03 7.06 6.31 6.12 6.19 6.22 6.25 6.28 6.28 6.28 6.28 6.28 6.28 6.28 6.25 6.25 6.22 6.22 6.19 6.16 6.12 6.09 6.03 5.97 5.88 5.78 5.69 5.56 5.44 5.28 5.16 5.00 4.75 4.75 4.59 4.31 4.25 4.12 4.00 3.75 3.72 3.84 4.03 4.16 4.38 4.50 4.59
7.09 7.12 7.16 7.12 7.22 7.28 7.31 7.44 7.50 7.56 7.56 7.66 7.66 7.69 7.69 7.69 7.66 7.62 7.59 7.53 7.47 7.44 7.38 7.34 7.31 7.28 7.25 7.03 7.16 7.12 7.09 7.03 7.00 6.97 6.97 6.97 7.00 7.03 7.06 6.56 6.12 6.16 6.19 6.22 6.25 6.25 6.28 6.28 6.28 6.28 6.28 6.25 6.25 6.22 6.22 6.19 6.16 6.12 6.06 6.03 5.97 5.88 5.81 5.69 5.59 5.47 5.34 5.22 5.09 4.97 4.84 4.81 4.72 4.66 4.66 4.50 4.19 4.06 4.12 4.09 4.34 4.50 4.59 4.69
7.09 7.09 7.12 7.12 7.19 7.25 7.31 7.38 7.41 7.50 7.53 7.56 7.62 7.62 7.62 7.59 7.59 7.56 7.53 7.47 7.44 7.38 7.34 7.31 7.28 7.25 7.22 7.00 7.03 7.09 7.06 7.00 7.00 6.97 6.97 6.97 6.97 7.00 7.03 6.94 6.16 6.09 6.16 6.19 6.22 6.25 6.25 6.28 6.28 6.28 6.28 6.25 6.25 6.25 6.22 6.19 6.16 6.12 6.09 6.03 5.97 5.91 5.81 5.72 5.62 5.53 5.44 5.31 5.22 5.12 5.03 4.91 4.88 4.81 4.78 4.75 4.50 4.38 4.12 4.34 4.53 4.66 4.72 4.78
7.16 7.16 7.19 7.22 7.19 7.22 7.28 7.28 7.34 7.41 7.44 7.47 7.50 7.50 7.53 7.53 7.50 7.50 7.47 7.41 7.38 7.34 7.31 7.28 7.25 7.22 7.19 7.16 6.97 7.06 7.03 7.00 6.97 6.97 6.97 6.97 6.97 7.00 7.00 7.06 6.41 6.03 6.09 6.16 6.19 6.22 6.25 6.25 6.28 6.28 6.28 6.28 6.25 6.25 6.22 6.19 6.19 6.12 6.09 6.03 6.00 5.91 5.84 5.75 5.69 5.59 5.50 5.41 5.31 5.22 5.12 5.03 4.94 4.81 4.72 4.72 4.47 4.19 4.44 4.66 4.75 4.81 4.88 4.91
7.22 7.22 7.22 7.25 7.22 7.22 7.22 7.28 7.31 7.31 7.34 7.41 7.38 7.44 7.41 7.44 7.44 7.41 7.41 7.34 7.34 7.31 7.28 7.25 7.22 7.19 7.16 7.12 7.03 6.97 7.00 6.97 6.97 6.97 7.00 6.97 7.00 7.00 7.00 7.00 6.84 6.12 6.06 6.12 6.19 6.22 6.22 6.25 6.28 6.28 6.28 6.28 6.28 6.25 6.25 6.22 6.19 6.16 6.09 6.06 6.00 5.94 5.88 5.81 5.72 5.66 5.56 5.47 5.41 5.31 5.25 5.16 5.06 4.97 4.84 4.50 4.41 4.56 4.81 4.91 4.97 5.00 5.03 5.06
7.25 7.25 7.25 7.25 7.22 7.22 7.25 7.25 7.25 7.25 7.28 7.28 7.28 7.31 7.31 7.31 7.34 7.34 7.31 7.31 7.28 7.25 7.22 7.19 7.16 7.12 7.09 7.06 7.06 7.00 6.94 6.97 6.97 6.97 7.00 7.00 7.00 7.00 7.00 7.00 7.06 6.62 6.03 6.09 6.16 6.19 6.22 6.25 6.28 6.28 6.28 6.31 6.28 6.28 6.25 6.25 6.22 6.16 6.12 6.09 6.03 5.97 5.91 5.84 5.78 5.69 5.62 5.56 5.50 5.41 5.34 5.28 5.22 5.12 5.06 4.97 4.97 5.12 5.16 5.19 5.19 5.19 5.19 5.19
7.25 7.28 7.28 7.25 7.25 7.25 7.25 7.22 7.22 7.19 7.19 7.22 7.22 7.19 7.22 7.22 7.25 7.25 7.25 7.22 7.22 7.19 7.16 7.16 7.12 7.09 7.06 7.03 7.03 6.97 6.94 6.97 6.97 6.97 7.00 7.00 7.00 7.00 7.00 7.00 7.03 6.97 6.28 6.12 6.12 6.16 6.22 6.25 6.28 6.31 6.31 6.31 6.31 6.31 6.28 6.25 6.22 6.19 6.16 6.09 6.06 6.00 5.94 5.88 5.81 5.75 5.69 5.62 5.56 5.50 5.47 5.41 5.34 5.31 5.28 5.25 5.28 5.44 5.47 5.41 5.38 5.38 5.34 5.34
7.28 7.28 7.25 7.25 7.25 7.25 7.25 7.19 7.16 7.12 7.12 7.12 7.09 7.06 7.09 7.12 7.16 7.19 7.19 7.19 7.16 7.16 7.12 7.09 7.09 7.06 7.03 7.03 7.00 7.00 6.97 6.97 6.97 6.97 7.00 7.00 7.00 7.00 7.00 7.00 7.03 6.97 6.72 6.38 6.22 6.16 6.16 6.25 6.28 6.31 6.34 6.34 6.34 6.34 6.31 6.28 6.25 6.22 6.19 6.12 6.09 6.03 5.97 5.94 5.88 5.81 5.75 5.69 5.66 5.59 5.56 5.50 5.47 5.44 5.44 5.44 5.50 5.59 5.66 5.62 5.56 5.53 5.50 5.47
7.31 7.28 7.22 7.22 7.22 7.22 7.19 7.16 7.12 7.09 7.03 7.06 7.00 6.97 7.00 7.03 7.06 7.09 7.09 7.12 7.09 7.12 7.09 7.06 7.06 7.03 7.03 7.00 7.00 7.03 7.00 6.97 6.97 6.97 7.00 7.00 7.00 7.00 7.00 7.03 7.03 7.00 6.88 6.69 6.50 6.38 6.25 6.19 6.34 6.38 6.38 6.41 6.38 6.38 6.34 6.31 6.28 6.25 6.22 6.16 6.12 6.06 6.03 5.97 5.91 5.88 5.81 5.78 5.72 5.69 5.66 5.62 5.59 5.56 5.56 5.59 5.62 5.72 5.81 5.78 5.72 5.66 5.62 5.59
7.28 7.22 7.19 7.19 7.19 7.16 7.16 7.09 7.06 7.03 6.97 6.94 6.94 6.88 6.91 6.94 6.94 7.00 7.03 7.06 7.06 7.06 7.06 7.03 7.03 7.00 7.00 7.03 7.03 7.03 7.03 7.00 7.00 7.00 7.00 7.00 7.03 7.03 7.03 7.03 7.03 7.00 6.94 6.84 6.75 6.62 6.50 6.31 6.34 6.44 6.44 6.44 6.44 6.41 6.38 6.34 6.31 6.28 6.25 6.19 6.16 6.09 6.06 6.03 5.97 5.94 5.88 5.84 5.81 5.78 5.75 5.72 5.69 5.69 5.69 5.72 5.75 5.81 5.88 5.91 5.84 5.81 5.75 5.72
7.28 7.19 7.16 7.12 7.12 7.12 7.09 7.06 7.06 6.97 6.91 6.88 6.84 6.81 6.81 6.84 6.84 6.88 6.94 6.97 7.00 7.03 7.00 7.03 7.03 7.00 7.03 7.03 7.03 7.03 7.03 7.03 7.00 7.00 7.00 7.00 7.03 7.03 7.03 7.03 7.03 7.03 6.97 6.94 6.88 6.81 6.72 6.59 6.50 6.53 6.53 6.53 6.50 6.47 6.44 6.41 6.34 6.31 6.28 6.25 6.19 6.16 6.09 6.06 6.03 5.97 5.94 5.91 5.88 5.84 5.81 5.81 5.81 5.81 5.81 5.81 5.84 5.91 5.94 6.00 5.97 5.91 5.88 5.84
7.25 7.16 7.12 7.09 7.06 7.06 7.06 7.06 7.00 6.97 6.88 6.78 6.78 6.72 6.72 6.72 6.72 6.75 6.84 6.91 6.97 6.97 7.00 7.00 7.00 7.03 7.03 7.03 7.03 7.03 7.03 7.03 7.00 7.00 7.00 7.03 7.03 7.03 7.03 7.03 7.03 7.03 7.00 7.00 6.97 6.91 6.84 6.84 6.81 6.72 6.66 6.62 6.56 6.53 6.47 6.44 6.38 6.34 6.31 6.28 6.22 6.19 6.16 6.09 6.06 6.03 6.00 5.97 5.94 5.94 5.91 5.91 5.91 5.91 5.91 5.94 5.94 5.97 6.00 6.03 6.03 6.00 5.97 5.97
7.22 7.12 7.09 7.06 7.03 7.03 7.00 7.00 6.94 6.88 6.81 6.72 6.72 6.62 6.62 6.59 6.62 6.69 6.75 6.84 6.88 6.94 6.97 7.00 6.97 7.03 7.03 7.03 7.03 7.03 7.03 7.03 7.06 7.00 7.03 7.03 7.03 7.03 7.03 7.03 7.03 7.03 7.06 7.03 7.00 7.00 6.97 6.97 7.00 6.97 6.84 6.75 6.66 6.59 6.53 6.47 6.44 6.38 6.34 6.31 6.28 6.22 6.19 6.16 6.12 6.09 6.06 6.03 6.03 6.00 6.00 6.00 6.00 6.00 6.00 6.03 6.03 6.06 6.06 6.06 6.06 6.09 6.06 6.06
7.19 7.12 7.06 7.00 7.03 7.03 6.97 6.94 6.91 6.84 6.75 6.69 6.62 6.56 6.50 6.50 6.53 6.59 6.62 6.72 6.78 6.91 6.94 6.97 7.00 7.00 7.03 7.03 7.03 7.03 7.03 7.06 7.06 7.03 7.03 7.03 7.03 7.03 7.03 7.03 7.06 7.06 7.03 7.06 7.03 7.00 7.03 7.06 7.09 7.06 6.94 6.84 6.75 6.69 6.59 6.53 6.50 6.44 6.38 6.34 6.31 6.28 6.22 6.19 6.16 6.12 6.12 6.09 6.09 6.09 6.09 6.09 6.09 6.09 6.12 6.12 6.12 6.12 6.12 6.12 6.09 6.06 6.12 6.19
7.19 7.09 7.06 7.03 7.00 6.97 6.97 6.94 6.88 6.78 6.72 6.62 6.53 6.41 6.38 6.41 6.44 6.47 6.56 6.59 6.75 6.84 6.91 6.94 6.97 7.00 7.00 7.03 7.03 7.06 7.06 7.06 7.06 7.06 7.03 7.03 7.03 7.03 7.03 7.03 7.03 7.03 7.06 7.06 7.06 7.03 7.06 7.06 7.09 7.09 7.03 6.91 6.84 6.75 6.66 6.62 6.53 6.47 6.47 6.38 6.34 6.31 6.28 6.22 6.19 6.19 6.16 6.16 6.16 6.16 6.16 6.19 6.19 6.22 6.22 6.22 6.25 6.25 6.25 6.25 6.19 6.09 6.31 6.41
7.12 7.06 7.03 7.00 6.97 6.94 6.94 6.91 6.81 6.72 6.62 6.50 6.44 6.34 6.31 6.28 6.31 6.41 6.44 6.50 6.66 6.78 6.84 6.91 6.94 6.97 7.00 7.03 7.06 7.06 7.06 7.06 7.06 7.06 7.03 7.03 7.03 7.03 7.03 7.06 7.06 7.06 7.06 7.06 7.06 7.06 7.06 7.09 7.12 7.09 7.03 6.97 6.88 6.81 6.75 6.69 6.62 6.56 6.50 6.44 6.38 6.34 6.31 6.28 6.25 6.22 6.22 6.22 6.22 6.25 6.25 6.28 6.28 6.31 6.34 6.34 6.38 6.41 6.41 6.41 6.38 6.50 6.62 6.59
7.09 7.00 7.00 6.97 6.94 6.91 6.91 6.84 6.78 6.69 6.53 6.44 6.47 6.25 6.25 6.25 6.22 6.28 6.34 6.44 6.56 6.69 6.78 6.88 6.91 6.97 7.03 7.03 7.06 7.06 7.06 7.06 7.06 7.03 7.03 7.03 7.03 7.06 7.06 7.06 7.06 7.06 7.06 7.06 7.06 7.06 7.06 7.09 7.09 7.09 7.06 7.00 6.94 6.84 6.78 6.72 6.66 6.59 6.53 6.50 6.44 6.38 6.34 6.28 6.28 6.28 6.28 6.28 6.28 6.31 6.34 6.38 6.41 6.44 6.47 6.50 6.50 6.53 6.56 6.62 6.78 6.88 6.84 6.75
7.00 7.00 6.97 6.94 6.91 6.88 6.88 6.78 6.69 6.59 6.50 6.34 6.44 6.34 6.22 6.19 6.19 6.19 6.25 6.34 6.44 6.56 6.69 6.81 6.88 6.97 7.00 7.03 7.03 7.06 7.06 7.03 7.03 6.97 6.97 7.00 7.06 7.06 7.06 7.06 7.06 7.06 7.06 7.06 7.06 7.06 7.06 7.06 7.09 7.09 7.09 7.03 6.97 6.88 6.84 6.75 6.72 6.66 6.62 6.56 6.50 6.47 6.41 6.34 6.31 6.31 6.31 6.34 6.38 6.41 6.44 6.47 6.50 6.56 6.59 6.62 6.66 6.69 6.75 6.84 6.94 7.00 6.94 6.88
6.97 6.94 6.94 6.91 6.84 6.84 6.78 6.72 6.62 6.50 6.41 6.31 6.25 6.31 6.19 6.16 6.19 6.19 6.19 6.22 6.28 6.47 6.59 6.72 6.84 6.91 6.97 7.00 7.03 7.03 7.03 7.06 7.00 6.94 6.91 6.94 7.00 7.06 7.06 7.06 7.06 7.06 7.06 7.06 7.06 7.06 7.06 7.09 7.09 7.09 7.06 7.03 7.00 6.94 6.88 6.81 6.75 6.69 6.69 6.59 6.56 6.50 6.47 6.44 6.41 6.34 6.38 6.41 6.44 6.47 6.53 6.59 6.62 6.69 6.72 6.75 6.81 6.84 6.94 7.00 7.06 7.00 7.03 7.00
6.88 6.88 6.88 6.84 6.81 6.78 6.72 6.66 6.56 6.47 6.31 6.25 6.22 6.22 6.22 6.19 6.19 6.25 6.16 6.19 6.16 6.31 6.47 6.66 6.78 6.88 6.94 6.97 7.00 7.03 7.06 7.03 6.94 6.91 6.91 6.91 6.94 7.06 7.09 7.06 7.06 7.06 7.06 7.06 7.09 7.09 7.09 7.09 7.09 7.09 7.06 7.03 6.97 6.94 6.91 6.88 6.81 6.78 6.72 6.69 6.62 6.59 6.56 6.53 6.50 6.47 6.47 6.44 6.50 6.56 6.62 6.69 6.75 6.81 6.84 6.91 6.94 7.00 7.06 7.09 7.06 7.06 7.06 7.03
6.88 6.84 6.84 6.81 6.75 6.69 6.66 6.56 6.50 6.41 6.28 6.19 6.19 6.19 6.22 6.19 6.19 6.19 6.19 6.16 6.16 6.22 6.38 6.53 6.66 6.75 6.88 6.94 7.00 7.00 7.06 7.03 6.94 6.94 6.91 6.91 6.91 7.09 7.09 7.09 7.12 7.06 7.09 7.09 7.09 7.09 7.09 7.09 7.09 7.09 7.06 7.03 7.00 6.97 6.91 6.91 6.88 6.84 6.78 6.75 6.72 6.69 6.66 6.62 6.59 6.59 6.59 6.56 6.59 6.66 6.78 6.84 6.91 6.94 6.97 7.03 7.06 7.09 7.09 7.09 7.09 7.09 7.09 7.06
6.97 6.69 6.78 6.75 6.72 6.66 6.59 6.53 6.44 6.47 6.28 6.19 6.41 6.38 6.28 6.19 6.22 6.16 6.16 6.16 6.16 6.19 6.22 6.41 6.53 6.72 6.81 6.88 6.97 7.03 7.03 7.03 6.97 6.94 6.91 6.91 7.03 7.09 7.12 7.12 7.12 7.12 7.12 7.12 7.12 7.12 7.12 7.09 7.09 7.09 7.06 7.06 7.03 7.00 7.00 6.94 6.91 6.88 6.84 6.81 6.78 6.75 6.75 6.72 6.72 6.69 6.72 6.69 6.78 6.88 7.00 7.06 7.06 7.09 7.09 7.09 7.09 7.09 7.09 7.09 7.09 7.09 7.09 7.12
7.09 6.81 6.75 6.72 6.66 6.62 6.59 6.50 6.41 6.56 6.44 6.62 6.31 6.53 6.22 6.19 6.34 6.16 6.16 6.16 6.16 6.19 6.19 6.28 6.47 6.62 6.78 6.88 6.94 7.00 7.03 7.03 7.03 6.94 6.94 7.06 7.12 7.12 7.12 7.12 7.12 7.12 7.12 7.12 7.12 7.12 7.12 7.12 7.12 7.12 7.09 7.09 7.06 7.03 7.03 7.00 6.97 6.94 6.91 6.88 6.88 6.84 6.81 6.81 6.81 6.81 6.81 6.84 6.91 7.00 7.09 7.12 7.12 7.12 7.12 7.12 7.12 7.12 7.12 7.09 7.09 7.09 7.09 7.09
7.00 6.81 6.81 6.66 6.59 6.56 6.53 6.47 6.41 6.62 6.50 6.41 6.62 6.53 6.56 6.22 6.25 6.28 6.16 6.16 6.19 6.22 6.22 6.22 6.38 6.56 6.69 6.81 6.88 6.94 7.00 7.03 7.03 6.97 6.97 6.97 7.09 7.12 7.12 7.12 7.12 7.12 7.12 7.12 7.12 7.12 7.12 7.16 7.12 7.12 7.12 7.09 7.09 7.06 7.06 7.03 7.00 7.00 6.97 6.97 6.94 6.91 6.91 6.91 6.91 6.91 6.94 6.97 7.00 7.06 7.12 7.12 7.12 7.12 7.12 7.12 7.12 7.12 7.12 7.12 7.12 7.12 7.12 7.09
6.72 6.69 6.50 6.56 6.53 6.53 6.50 6.50 6.47 6.41 6.66 6.34 6.34 6.47 6.59 6.59 6.25 6.44 6.19 6.19 6.19 6.25 6.22 6.22 6.34 6.50 6.62 6.75 6.84 6.91 6.97 7.00 7.03 7.09 7.09 7.12 7.09 7.03 7.03 7.03 7.09 7.09 7.09 7.12 7.16 7.16 7.16 7.16 7.16 7.12 7.12 7.12 7.09 7.09 7.09 7.06 7.06 7.03 7.03 7.00 7.00 7.00 6.97 6.97 7.00 7.00 7.00 7.03 7.09 7.09 7.12 7.12 7.12 7.12 7.12 7.12 7.12 7.12 7.12 7.12 7.12 7.12 7.12 7.12
6.47 6.56 6.34 6.47 6.50 6.50 6.50 6.50 6.50 6.41 6.56 6.56 6.34 6.34 6.53 6.91 6.75 6.53 6.44 6.22 6.25 6.25 6.38 6.25 6.31 6.47 6.62 6.72 6.81 6.91 6.94 7.00 7.06 7.06 7.03 7.00 6.94 6.94 6.94 6.94 6.91 6.91 6.94 7.03 7.16 7.16 7.16 7.16 7.16 7.16 7.12 7.12 7.12 7.12 7.09 7.09 7.09 7.09 7.06 7.06 7.09 7.06 7.03 7.03 7.06 7.06 7.12 7.09 7.16 7.12 7.12 7.12 7.12 7.12 7.12 7.12 7.12 7.12 7.12 7.12 7.12 7.12 7.12 7.12
6.25 6.44 6.28 6.31 6.44 6.50 6.50 6.50 6.53 6.72 6.59 6.94 6.69 6.69 6.50 6.44 6.72 6.62 6.84 6.28 6.28 6.31 6.41 6.31 6.31 6.44 6.56 6.69 6.81 6.94 7.00 7.03 7.03 6.94 6.78 6.66 6.72 6.81 6.84 6.84 6.75 6.69 6.78 6.84 7.12 7.16 7.16 7.16 7.16 7.16 7.16 7.12 7.12 7.16 7.16 7.12 7.12 7.12 7.12 7.12 7.12 7.12 7.12 7.09 7.09 7.16 7.16 7.16 7.16 7.16 7.16 7.16 7.12 7.12 7.12 7.12 7.12 7.16 7.12 7.12 7.12 7.12 7.12 7.12
6.22 6.25 6.47 6.47 6.41 6.47 6.47 6.50 6.50 6.44 6.38 6.38 6.56 6.56 6.66 6.38 6.38 6.41 6.62 6.53 6.34 6.38 6.50 6.44 6.44 6.41 6.53 6.66 6.78 6.91 7.00 7.03 7.06 6.81 6.66 6.53 6.62 6.72 6.78 6.75 6.66 6.56 6.56 6.66 7.09 7.16 7.16 7.16 7.16 7.16 7.16 7.16 7.19 7.12 7.16 7.16 7.16 7.16 7.16 7.16 7.16 7.16 7.16 7.16 7.16 7.16 7.16 7.19 7.16 7.16 7.16 7.16 7.16 7.16 7.16 7.16 7.16 7.16 7.16 7.12 7.12 7.12 7.12 7.12
6.56 6.53 6.44 6.34 6.34 6.44 6.47 6.47 6.47 6.41 6.38 6.38 6.38 6.53 6.59 6.78 6.75 6.75 6.59 6.59 6.56 6.50 6.41 6.47 6.50 6.50 6.50 6.56 6.53 6.53 6.50 6.50 6.50 6.47 6.44 6.41 6.38 6.38 6.34 6.31 6.28 6.25 6.22 6.22 6.19 6.16 6.12 6.12 6.09 6.06 6.03 6.00 5.97 5.94 6.03 6.16 6.34 6.56 6.78 6.94 7.06 7.16 7.16 7.16 7.19 7.19 7.19 7.19 7.19 7.16 7.16 7.16 7.16 7.16 7.16 7.16 7.16 7.16 7.16 7.16 7.16 7.16 7.16 7.12
6.34 6.34 6.41 6.41 6.38 6.38 6.47 6.50 6.53 6.50 6.47 6.44 6.41 6.56 6.59 6.62 6.62 6.56 6.62 6.47 6.47 6.41 6.41 6.38 6.25 6.16 6.19 6.22 6.31 6.38 6.44 6.44 6.47 6.44 6.41 6.41 6.38 6.34 6.31 6.31 6.28 6.25 6.22 6.19 6.16 6.12 6.09 6.06 6.03 6.00 5.97 5.91 5.84 5.81 5.78 5.78 5.78 5.84 5.91 5.97 6.03 6.09 6.19 6.34 6.56 6.78 7.00 7.12 7.19 7.19 7.16 7.16 7.16 7.16 7.16 7.16 7.16 7.16 7.16 7.16 7.16 7.16 7.16 7.16
6.19 6.19 6.19 6.22 6.22 6.41 6.47 6.56 6.59 6.59 6.59 6.66 6.69 6.75 6.75 6.69 6.72 6.53 6.47 6.41 6.22 6.09 6.09 6.12 6.12 6.12 6.19 6.22 6.28 6.38 6.44 6.44 6.47 6.44 6.41 6.41 6.38 6.34 6.31 6.31 6.28 6.25 6.22 6.19 6.16 6.12 6.09 6.06 6.03 6.00 5.97 5.91 5.84 5.81 5.78 5.78 5.78 5.84 5.91 5.97 6.03 6.09 6.16 6.22 6.28 6.34 6.41 6.44 6.47 6.59 6.78 6.97 7.12 7.16 7.16 7.16 7.16 7.16 7.16 7.16 7.16 7.16 7.16 7.16
6.31 6.19 6.19 6.22 6.38 6.41 6.50 6.59 6.66 6.72 6.78 6.66 6.66 6.62 6.62 6.44 6.25 6.09 6.06 6.06 6.09 6.09 6.09 6.12 6.12 6.12 6.16 6.22 6.28 6.34 6.44 6.44 6.47 6.44 6.44 6.41 6.38 6.34 6.31 6.31 6.28 6.25 6.22 6.19 6.16 6.12 6.09 6.06 6.03 6.00 5.97 5.91 5.84 5.81 5.78 5.78 5.81 5.84 5.91 5.97 6.03 6.09 6.16 6.25 6.31 6.38 6.41 6.44 6.50 6.53 6.56 6.59 6.62 6.66 6.78 7.00 7.16 7.16 7.16 7.16 7.16 7.16 7.16 7.16
6.22 6.44 6.38 6.31 6.25 6.44 6.59 6.69 6.75 6.81 6.84 6.81 6.47 6.19 6.03 6.03 6.06 6.06 6.06 6.06 6.09 6.09 6.09 6.12 6.12 6.12 6.16 6.31 6.47 6.53 6.75 6.84 6.97 7.03 7.09 7.16 7.16 7.16 7.16 7.16 7.19 7.16 7.19 7.16 7.19 7.16 7.16 7.16 7.12 7.12 7.09 7.09 7.06 7.03 6.91 6.78 6.59 6.41 6.28 6.16 6.09 6.12 6.19 6.25 6.31 6.38 6.41 6.47 6.50 6.53 6.56 6.59 6.62 6.62 6.62 6.59 6.56 6.66 6.66 6.88 7.06 7.00 7.03 7.06
6.38 6.25 6.38 6.25 6.25 6.53 6.72 6.78 6.84 6.53 6.12 6.00 6.03 6.03 6.03 6.03 6.06 6.06 6.06 6.06 6.09 6.09 6.09 6.25 6.38 6.53 6.59 6.59 6.62 6.62 6.72 6.88 6.97 7.06 7.12 7.19 7.19 7.19 7.22 7.19 7.22 7.22 7.22 7.25 7.25 7.25 7.25 7.25 7.22 7.22 7.22 7.25 7.22 7.25 7.25 7.25 7.22 7.22 7.22 7.22 7.22 7.22 7.16 7.03 6.88 6.69 6.56 6.50 6.50 6.53 6.56 6.59 6.62 6.62 6.62 6.56 6.50 6.44 6.38 6.31 6.41 6.66 6.78 6.88
6.41 6.38 6.44 6.34 6.31 6.38 6.38 6.09 5.97 5.97 5.97 6.00 6.00 6.03 6.03 6.03 6.03 6.06 6.06 6.19 6.34 6.50 6.53 6.56 6.62 6.72 6.72 6.72 6.62 6.62 6.62 6.88 6.94 6.97 7.06 7.12 7.16 7.22 7.22 7.22 7.22 7.25 7.25 7.25 7.28 7.28 7.28 7.28 7.25 7.25 7.25 7.25 7.28 7.25 7.25 7.25 7.25 7.25 7.25 7.25 7.25 7.25 7.25 7.25 7.25 7.25 7.25 7.25 7.22 7.06 6.91 6.75 6.66 6.62 6.62 6.53 6.47 6.41 6.31 6.25 6.16 6.22 6.50 6.62
6.34 6.28 6.25 6.09 5.91 5.88 5.91 5.94 5.94 5.97 5.97 6.00 6.00 6.03 6.03 6.06 6.28 6.50 6.53 6.53 6.53 6.56 6.56 6.72 6.62 6.59 6.59 6.59 6.78 6.84 6.81 6.84 6.97 6.94 7.00 7.06 7.16 7.19 7.22 7.22 7.25 7.25 7.25 7.28 7.31 7.31 7.31 7.34 7.31 7.31 7.31 7.28 7.25 7.28 7.28 7.28 7.28 7.28 7.28 7.28 7.28 7.28 7.28 7.28 7.28 7.28 7.28 7.28 7.28 7.28 7.25 7.25 7.25 7.19 6.84 6.50 6.44 6.34 6.28 6.22 6.12 6.06 6.09 6.22
5.66 5.72 5.78 5.81 5.84 5.88 5.91 5.91 5.94 5.97 5.97 6.00 6.06 6.44 6.78 6.84 6.78 6.72 6.66 6.72 6.69 6.59 6.59 6.69 6.66 6.72 6.75 6.72 6.62 6.62 6.72 6.78 7.03 7.09 6.97 6.97 7.09 7.16 7.19 7.22 7.25 7.25 7.28 7.31 7.31 7.34 7.38 7.38 7.34 7.34 7.31 7.31 7.31 7.31 7.31 7.31 7.31 7.31 7.31 7.31 7.31 7.31 7.31 7.31 7.31 7.31 7.31 7.31 7.31 7.31 7.31 7.31 7.28 7.28 7.28 7.28 6.91 6.34 6.25 6.16 6.09 6.09 6.09 6.12
5.66 5.72 5.75 5.81 5.84 5.84 5.88 5.91 5.94 6.03 6.44 6.91 6.97 6.97 6.94 6.88 6.84 6.78 6.72 6.78 6.72 6.62 6.66 6.72 6.75 6.59 6.59 6.59 6.78 6.78 6.62 6.75 6.81 7.00 7.16 7.06 7.00 7.09 7.16 7.19 7.25 7.28 7.31 7.31 7.38 7.38 7.38 7.38 7.38 7.34 7.34 7.34 7.31 7.31 7.31 7.31 7.31 7.31 7.34 7.38 7.38 7.34 7.34 7.34 7.38 7.38 7.38 7.34 7.34 7.34 7.38 7.34 7.34 7.34 7.34 7.34 7.31 7.28 6.81 6.16 6.06 6.09 6.09 6.12
