everonasctiles/Tile34,48.asc
ncols 128
nrows 128
xllcorner 0
yllcorner 0
cellsize 2.0
NODATA_value  -9999
[rows 96 to 127 of 128, columns 0 to 70 of 128]
-80.38 -80.41 -80.47 -80.53 -80.62 -80.72 -80.84 -80.94 -81.06 -81.19 -81.28 -81.38 -81.47 -81.53 -81.56 -81.59 -81.59 -81.59 -81.56 -81.56 -81.53 -81.47 -81.44 -81.38 -81.25 -81.12 -80.97 -80.78 -80.56 -80.31 -80.06 -79.78 -79.50 -79.31 -79.34 -79.41 -79.44 -79.47 -79.44 -79.41 -79.34 -79.25 -79.16 -79.06 -78.97 -78.88 -78.81 -78.75 -78.69 -78.59 -78.47 -78.38 -78.28 -78.22 -78.19 -78.19 -78.16 -78.09 -78.03 -77.97 -77.91 -77.81 -77.69 -77.56 -77.44 -77.34 -77.28 -77.22 -77.19 -77.12 -77.09
-80.41 -80.41 -80.47 -80.53 -80.62 -80.72 -80.81 -80.94 -81.03 -81.16 -81.25 -81.34 -81.41 -81.47 -81.50 -81.50 -81.50 -81.50 -81.47 -81.44 -81.41 -81.34 -81.31 -81.22 -81.12 -81.00 -80.84 -80.66 -80.44 -80.19 -79.94 -79.69 -79.38 -79.09 -79.06 -79.12 -79.16 -79.19 -79.19 -79.12 -79.09 -79.03 -78.94 -78.84 -78.75 -78.66 -78.56 -78.50 -78.47 -78.38 -78.28 -78.16 -78.06 -78.00 -77.97 -77.94 -77.91 -77.84 -77.78 -77.72 -77.62 -77.56 -77.47 -77.34 -77.22 -77.09 -76.97 -76.91 -76.84 -76.78 -76.75
-80.47 -80.47 -80.47 -80.53 -80.62 -80.72 -80.81 -80.91 -81.00 -81.09 -81.19 -81.28 -81.31 -81.38 -81.41 -81.41 -81.41 -81.41 -81.38 -81.31 -81.28 -81.22 -81.16 -81.09 -81.00 -80.88 -80.72 -80.53 -80.31 -80.09 -79.81 -79.56 -79.28 -78.97 -78.81 -78.84 -78.88 -78.91 -78.91 -78.88 -78.81 -78.78 -78.69 -78.62 -78.53 -78.44 -78.38 -78.31 -78.25 -78.19 -78.09 -77.97 -77.88 -77.78 -77.75 -77.72 -77.66 -77.59 -77.53 -77.44 -77.38 -77.31 -77.22 -77.12 -77.00 -76.84 -76.72 -76.62 -76.53 -76.47 -76.41
-80.53 -80.50 -80.50 -80.53 -80.62 -80.69 -80.78 -80.88 -80.97 -81.06 -81.12 -81.19 -81.25 -81.28 -81.31 -81.31 -81.31 -81.31 -81.25 -81.19 -81.12 -81.06 -81.00 -80.94 -80.84 -80.72 -80.56 -80.41 -80.19 -79.97 -79.72 -79.44 -79.16 -78.84 -78.59 -78.56 -78.62 -78.62 -78.62 -78.59 -78.56 -78.53 -78.47 -78.41 -78.34 -78.25 -78.19 -78.12 -78.06 -78.00 -77.91 -77.78 -77.69 -77.59 -77.53 -77.47 -77.44 -77.38 -77.28 -77.19 -77.12 -77.03 -76.97 -76.88 -76.75 -76.62 -76.50 -76.38 -76.25 -76.19 -76.12
-80.59 -80.56 -80.53 -80.56 -80.59 -80.66 -80.75 -80.81 -80.91 -81.00 -81.06 -81.09 -81.16 -81.19 -81.19 -81.22 -81.22 -81.19 -81.16 -81.09 -81.00 -80.94 -80.84 -80.78 -80.69 -80.56 -80.41 -80.25 -80.06 -79.84 -79.59 -79.31 -79.03 -78.75 -78.44 -78.31 -78.34 -78.38 -78.38 -78.34 -78.31 -78.28 -78.22 -78.19 -78.12 -78.09 -78.03 -77.97 -77.91 -77.84 -77.72 -77.62 -77.50 -77.41 -77.31 -77.25 -77.22 -77.16 -77.06 -76.97 -76.88 -76.78 -76.69 -76.62 -76.50 -76.38 -76.25 -76.16 -76.03 -75.94 -75.84
-80.69 -80.62 -80.59 -80.56 -80.59 -80.62 -80.69 -80.78 -80.84 -80.91 -80.97 -81.00 -81.03 -81.06 -81.09 -81.09 -81.09 -81.09 -81.03 -80.97 -80.88 -80.81 -80.72 -80.62 -80.53 -80.41 -80.25 -80.09 -79.91 -79.69 -79.47 -79.22 -78.94 -78.66 -78.38 -78.12 -78.09 -78.12 -78.12 -78.09 -78.09 -78.06 -78.03 -78.00 -77.94 -77.91 -77.84 -77.81 -77.75 -77.66 -77.56 -77.47 -77.34 -77.22 -77.12 -77.06 -77.00 -76.94 -76.88 -76.78 -76.66 -76.56 -76.47 -76.38 -76.25 -76.12 -76.03 -75.91 -75.81 -75.69 -75.56
-80.75 -80.69 -80.62 -80.59 -80.56 -80.59 -80.66 -80.72 -80.78 -80.81 -80.88 -80.91 -80.94 -80.97 -80.97 -81.00 -81.00 -80.97 -80.94 -80.84 -80.78 -80.69 -80.59 -80.47 -80.38 -80.25 -80.09 -79.91 -79.72 -79.50 -79.31 -79.06 -78.81 -78.56 -78.28 -78.06 -77.91 -77.91 -77.88 -77.88 -77.88 -77.84 -77.81 -77.81 -77.78 -77.75 -77.69 -77.66 -77.59 -77.50 -77.41 -77.31 -77.19 -77.06 -76.94 -76.88 -76.81 -76.75 -76.69 -76.59 -76.47 -76.34 -76.22 -76.12 -76.00 -75.88 -75.78 -75.69 -75.56 -75.47 -75.34
-80.81 -80.75 -80.69 -80.62 -80.59 -80.56 -80.59 -80.66 -80.69 -80.75 -80.78 -80.81 -80.81 -80.84 -80.88 -80.88 -80.88 -80.88 -80.81 -80.75 -80.66 -80.56 -80.47 -80.34 -80.22 -80.09 -79.91 -79.72 -79.53 -79.31 -79.12 -78.91 -78.69 -78.44 -78.22 -78.00 -77.81 -77.72 -77.69 -77.69 -77.66 -77.66 -77.66 -77.66 -77.62 -77.59 -77.56 -77.50 -77.44 -77.34 -77.28 -77.16 -77.06 -76.94 -76.81 -76.69 -76.62 -76.56 -76.50 -76.41 -76.28 -76.16 -76.03 -75.91 -75.78 -75.66 -75.56 -75.44 -75.34 -75.25 -75.12
-80.91 -80.84 -80.75 -80.69 -80.62 -80.56 -80.56 -80.59 -80.62 -80.66 -80.69 -80.69 -80.72 -80.75 -80.75 -80.78 -80.78 -80.75 -80.69 -80.62 -80.56 -80.44 -80.34 -80.22 -80.06 -79.94 -79.75 -79.56 -79.34 -79.16 -78.94 -78.75 -78.53 -78.34 -78.12 -77.91 -77.72 -77.59 -77.53 -77.50 -77.50 -77.50 -77.53 -77.50 -77.50 -77.47 -77.41 -77.34 -77.28 -77.22 -77.12 -77.03 -76.94 -76.81 -76.66 -76.56 -76.44 -76.38 -76.28 -76.19 -76.09 -75.97 -75.81 -75.69 -75.56 -75.44 -75.34 -75.25 -75.12 -75.03 -74.91
-81.00 -80.91 -80.84 -80.75 -80.66 -80.59 -80.53 -80.53 -80.56 -80.59 -80.59 -80.59 -80.62 -80.62 -80.66 -80.66 -80.66 -80.62 -80.56 -80.50 -80.44 -80.31 -80.22 -80.06 -79.94 -79.78 -79.59 -79.41 -79.19 -78.97 -78.75 -78.56 -78.38 -78.19 -78.00 -77.81 -77.62 -77.47 -77.41 -77.38 -77.38 -77.38 -77.38 -77.38 -77.38 -77.34 -77.28 -77.22 -77.16 -77.09 -77.03 -76.94 -76.81 -76.69 -76.56 -76.44 -76.31 -76.19 -76.09 -76.00 -75.91 -75.78 -75.66 -75.50 -75.38 -75.25 -75.16 -75.06 -74.94 -74.84 -74.72
-81.06 -81.00 -80.91 -80.81 -80.69 -80.62 -80.53 -80.50 -80.53 -80.53 -80.53 -80.53 -80.53 -80.53 -80.53 -80.53 -80.50 -80.47 -80.44 -80.38 -80.28 -80.19 -80.06 -79.94 -79.78 -79.59 -79.44 -79.22 -79.03 -78.81 -78.59 -78.38 -78.19 -78.03 -77.84 -77.69 -77.53 -77.38 -77.28 -77.25 -77.25 -77.25 -77.28 -77.25 -77.25 -77.22 -77.16 -77.12 -77.06 -77.00 -76.91 -76.84 -76.72 -76.59 -76.47 -76.34 -76.19 -76.06 -75.94 -75.81 -75.72 -75.59 -75.47 -75.34 -75.22 -75.09 -75.00 -74.88 -74.78 -74.66 -74.56
-81.16 -81.06 -80.97 -80.84 -80.75 -80.66 -80.56 -80.50 -80.50 -80.47 -80.47 -80.47 -80.44 -80.44 -80.41 -80.41 -80.38 -80.34 -80.28 -80.22 -80.16 -80.06 -79.94 -79.78 -79.62 -79.47 -79.28 -79.09 -78.88 -78.66 -78.47 -78.25 -78.06 -77.88 -77.72 -77.56 -77.41 -77.28 -77.16 -77.12 -77.12 -77.12 -77.16 -77.16 -77.12 -77.09 -77.06 -77.00 -76.97 -76.91 -76.84 -76.75 -76.66 -76.53 -76.41 -76.25 -76.09 -75.94 -75.78 -75.66 -75.56 -75.44 -75.31 -75.19 -75.06 -74.94 -74.84 -74.75 -74.66 -74.53 -74.41
-81.22 -81.16 -81.03 -80.91 -80.81 -80.69 -80.62 -80.56 -80.53 -80.50 -80.50 -80.47 -80.41 -80.38 -80.34 -80.31 -80.25 -80.22 -80.16 -80.09 -80.00 -79.91 -79.78 -79.66 -79.50 -79.31 -79.16 -78.97 -78.78 -78.59 -78.38 -78.19 -78.00 -77.81 -77.62 -77.47 -77.31 -77.16 -77.06 -77.03 -77.03 -77.03 -77.03 -77.03 -77.00 -76.97 -76.94 -76.91 -76.88 -76.81 -76.75 -76.66 -76.56 -76.47 -76.34 -76.19 -76.03 -75.84 -75.69 -75.56 -75.41 -75.28 -75.16 -75.03 -74.94 -74.81 -74.72 -74.62 -74.53 -74.44 -74.31
-81.31 -81.22 -81.12 -81.00 -80.88 -80.75 -80.69 -80.62 -80.62 -80.59 -80.56 -80.53 -80.47 -80.41 -80.34 -80.25 -80.19 -80.09 -80.03 -79.97 -79.88 -79.78 -79.69 -79.56 -79.41 -79.25 -79.06 -78.91 -78.72 -78.53 -78.38 -78.19 -78.00 -77.81 -77.62 -77.44 -77.28 -77.12 -77.00 -76.94 -76.94 -76.94 -76.94 -76.94 -76.91 -76.88 -76.84 -76.81 -76.78 -76.72 -76.66 -76.59 -76.50 -76.41 -76.28 -76.12 -75.97 -75.78 -75.62 -75.47 -75.31 -75.19 -75.03 -74.91 -74.78 -74.69 -74.62 -74.53 -74.44 -74.34 -74.22
-81.41 -81.31 -81.22 -81.09 -80.97 -80.84 -80.78 -80.75 -80.72 -80.72 -80.69 -80.66 -80.59 -80.50 -80.41 -80.31 -80.19 -80.09 -79.97 -79.91 -79.81 -79.72 -79.62 -79.50 -79.34 -79.22 -79.06 -78.91 -78.72 -78.56 -78.41 -78.22 -78.03 -77.84 -77.66 -77.47 -77.31 -77.12 -77.00 -76.94 -76.88 -76.88 -76.84 -76.84 -76.81 -76.78 -76.75 -76.72 -76.69 -76.62 -76.56 -76.50 -76.44 -76.34 -76.22 -76.09 -75.94 -75.75 -75.59 -75.44 -75.25 -75.09 -74.94 -74.81 -74.69 -74.59 -74.50 -74.44 -74.34 -74.25 -74.12
-81.56 -81.44 -81.31 -81.19 -81.06 -80.97 -80.91 -80.88 -80.88 -80.88 -80.84 -80.78 -80.72 -80.62 -80.50 -80.38 -80.25 -80.16 -80.03 -79.94 -79.81 -79.72 -79.62 -79.50 -79.38 -79.22 -79.09 -78.94 -78.78 -78.62 -78.44 -78.28 -78.09 -77.91 -77.72 -77.53 -77.34 -77.19 -77.06 -76.97 -76.91 -76.84 -76.81 -76.78 -76.78 -76.72 -76.69 -76.66 -76.59 -76.56 -76.50 -76.44 -76.34 -76.28 -76.16 -76.03 -75.91 -75.75 -75.56 -75.41 -75.22 -75.03 -74.88 -74.72 -74.59 -74.50 -74.41 -74.31 -74.25 -74.16 -74.03
-81.72 -81.59 -81.47 -81.34 -81.22 -81.12 -81.09 -81.06 -81.03 -81.00 -80.97 -80.91 -80.84 -80.72 -80.59 -80.47 -80.34 -80.22 -80.12 -80.00 -79.91 -79.78 -79.69 -79.56 -79.44 -79.28 -79.12 -79.00 -78.84 -78.69 -78.50 -78.34 -78.19 -78.00 -77.78 -77.59 -77.41 -77.25 -77.12 -77.03 -76.94 -76.91 -76.84 -76.81 -76.75 -76.69 -76.62 -76.59 -76.53 -76.47 -76.41 -76.34 -76.28 -76.22 -76.12 -76.00 -75.88 -75.72 -75.53 -75.38 -75.19 -75.00 -74.84 -74.69 -74.53 -74.41 -74.31 -74.22 -74.12 -74.06 -73.97
-81.91 -81.78 -81.66 -81.53 -81.41 -81.31 -81.25 -81.22 -81.19 -81.19 -81.12 -81.03 -80.94 -80.84 -80.72 -80.59 -80.47 -80.34 -80.22 -80.09 -80.00 -79.88 -79.75 -79.62 -79.50 -79.34 -79.19 -79.03 -78.88 -78.72 -78.56 -78.41 -78.25 -78.06 -77.84 -77.66 -77.50 -77.34 -77.19 -77.09 -77.00 -76.94 -76.91 -76.84 -76.75 -76.69 -76.62 -76.56 -76.50 -76.44 -76.34 -76.28 -76.22 -76.16 -76.06 -75.97 -75.81 -75.69 -75.53 -75.34 -75.19 -75.00 -74.81 -74.66 -74.50 -74.38 -74.25 -74.16 -74.06 -73.97 -73.91
-82.09 -82.00 -81.88 -81.75 -81.62 -81.53 -81.44 -81.41 -81.38 -81.31 -81.25 -81.16 -81.06 -80.94 -80.81 -80.72 -80.59 -80.44 -80.31 -80.22 -80.09 -79.97 -79.84 -79.69 -79.56 -79.41 -79.25 -79.09 -78.94 -78.78 -78.62 -78.47 -78.28 -78.09 -77.91 -77.72 -77.56 -77.41 -77.28 -77.16 -77.06 -77.00 -76.94 -76.84 -76.78 -76.69 -76.59 -76.53 -76.47 -76.38 -76.31 -76.25 -76.19 -76.09 -76.03 -75.91 -75.78 -75.66 -75.50 -75.34 -75.19 -75.00 -74.81 -74.66 -74.50 -74.38 -74.22 -74.12 -74.00 -73.94 -73.84
-82.34 -82.22 -82.09 -81.97 -81.84 -81.72 -81.66 -81.59 -81.53 -81.47 -81.38 -81.28 -81.16 -81.03 -80.94 -80.81 -80.69 -80.56 -80.41 -80.28 -80.16 -80.03 -79.91 -79.75 -79.59 -79.44 -79.28 -79.12 -78.97 -78.81 -78.66 -78.47 -78.31 -78.12 -77.94 -77.75 -77.59 -77.44 -77.31 -77.22 -77.12 -77.03 -76.97 -76.88 -76.78 -76.69 -76.59 -76.53 -76.44 -76.38 -76.28 -76.22 -76.16 -76.06 -76.00 -75.88 -75.78 -75.66 -75.50 -75.34 -75.19 -75.03 -74.84 -74.69 -74.53 -74.38 -74.25 -74.12 -74.03 -73.94 -73.91
-82.56 -82.44 -82.31 -82.19 -82.06 -81.94 -81.84 -81.78 -81.69 -81.62 -81.50 -81.38 -81.25 -81.16 -81.03 -80.91 -80.78 -80.62 -80.50 -80.38 -80.22 -80.09 -79.94 -79.78 -79.62 -79.47 -79.31 -79.16 -78.97 -78.81 -78.62 -78.47 -78.28 -78.12 -77.94 -77.78 -77.62 -77.50 -77.38 -77.28 -77.16 -77.06 -76.97 -76.88 -76.78 -76.69 -76.59 -76.53 -76.44 -76.38 -76.28 -76.22 -76.12 -76.06 -75.97 -75.88 -75.75 -75.66 -75.50 -75.38 -75.22 -75.06 -74.91 -74.75 -74.59 -74.44 -74.28 -74.19 -74.09 -74.03 -73.97
-82.78 -82.66 -82.53 -82.41 -82.28 -82.16 -82.06 -81.97 -81.84 -81.75 -81.62 -81.50 -81.38 -81.25 -81.12 -81.00 -80.84 -80.72 -80.56 -80.44 -80.28 -80.12 -79.97 -79.81 -79.66 -79.50 -79.34 -79.16 -78.97 -78.78 -78.62 -78.44 -78.25 -78.09 -77.91 -77.78 -77.62 -77.50 -77.41 -77.31 -77.19 -77.09 -77.00 -76.91 -76.81 -76.72 -76.62 -76.53 -76.44 -76.38 -76.28 -76.22 -76.12 -76.03 -75.94 -75.88 -75.75 -75.66 -75.53 -75.41 -75.25 -75.12 -74.97 -74.81 -74.66 -74.50 -74.38 -74.28 -74.19 -74.12 -74.09
-82.97 -82.88 -82.75 -82.59 -82.47 -82.34 -82.25 -82.12 -82.00 -81.88 -81.75 -81.59 -81.47 -81.34 -81.19 -81.06 -80.91 -80.78 -80.62 -80.47 -80.31 -80.16 -80.00 -79.84 -79.69 -79.50 -79.34 -79.16 -78.97 -78.78 -78.56 -78.38 -78.22 -78.03 -77.91 -77.75 -77.62 -77.53 -77.44 -77.34 -77.22 -77.12 -77.03 -76.94 -76.84 -76.72 -76.62 -76.53 -76.44 -76.38 -76.28 -76.22 -76.12 -76.03 -75.97 -75.88 -75.78 -75.66 -75.56 -75.44 -75.31 -75.19 -75.03 -74.91 -74.75 -74.62 -74.50 -74.41 -74.31 -74.25 -74.19
-83.19 -83.06 -82.94 -82.81 -82.66 -82.53 -82.41 -82.28 -82.12 -82.00 -81.84 -81.69 -81.56 -81.41 -81.25 -81.12 -80.97 -80.81 -80.66 -80.50 -80.34 -80.19 -80.00 -79.84 -79.69 -79.50 -79.31 -79.12 -78.94 -78.75 -78.53 -78.34 -78.16 -78.00 -77.88 -77.75 -77.66 -77.56 -77.47 -77.38 -77.28 -77.19 -77.06 -76.97 -76.84 -76.75 -76.62 -76.53 -76.47 -76.38 -76.31 -76.22 -76.16 -76.06 -75.97 -75.88 -75.78 -75.69 -75.59 -75.47 -75.38 -75.25 -75.12 -75.00 -74.88 -74.75 -74.62 -74.53 -74.47 -74.41 -74.31
-83.34 -83.25 -83.12 -82.97 -82.84 -82.69 -82.56 -82.41 -82.25 -82.09 -81.94 -81.78 -81.62 -81.47 -81.31 -81.16 -81.00 -80.84 -80.69 -80.53 -80.34 -80.19 -80.00 -79.84 -79.66 -79.47 -79.31 -79.09 -78.91 -78.72 -78.50 -78.31 -78.12 -77.97 -77.84 -77.75 -77.66 -77.56 -77.50 -77.41 -77.31 -77.22 -77.12 -77.00 -76.88 -76.78 -76.66 -76.56 -76.47 -76.41 -76.34 -76.25 -76.19 -76.12 -76.03 -75.94 -75.84 -75.72 -75.62 -75.53 -75.44 -75.34 -75.25 -75.12 -75.00 -74.88 -74.78 -74.69 -74.62 -74.53 -74.41
-83.53 -83.41 -83.28 -83.12 -83.00 -82.84 -82.69 -82.53 -82.38 -82.22 -82.03 -81.88 -81.69 -81.53 -81.34 -81.19 -81.03 -80.88 -80.69 -80.53 -80.38 -80.19 -80.00 -79.81 -79.66 -79.47 -79.28 -79.09 -78.88 -78.69 -78.50 -78.31 -78.12 -77.97 -77.88 -77.78 -77.69 -77.62 -77.56 -77.47 -77.38 -77.28 -77.19 -77.06 -76.94 -76.81 -76.69 -76.59 -76.53 -76.44 -76.38 -76.31 -76.25 -76.19 -76.09 -76.00 -75.88 -75.78 -75.69 -75.62 -75.53 -75.44 -75.34 -75.22 -75.12 -75.03 -74.94 -74.84 -74.75 -74.62 -74.53
-83.69 -83.56 -83.41 -83.28 -83.12 -82.97 -82.78 -82.62 -82.47 -82.31 -82.12 -81.94 -81.75 -81.59 -81.41 -81.22 -81.06 -80.88 -80.72 -80.53 -80.38 -80.19 -80.00 -79.81 -79.62 -79.44 -79.28 -79.09 -78.88 -78.69 -78.50 -78.31 -78.16 -78.00 -77.88 -77.81 -77.75 -77.69 -77.62 -77.53 -77.44 -77.34 -77.22 -77.09 -76.97 -76.84 -76.75 -76.66 -76.56 -76.50 -76.47 -76.41 -76.31 -76.25 -76.16 -76.06 -75.94 -75.84 -75.78 -75.69 -75.62 -75.53 -75.44 -75.34 -75.25 -75.16 -75.06 -74.97 -74.88 -74.75 -74.62
-83.81 -83.69 -83.56 -83.41 -83.22 -83.06 -82.91 -82.72 -82.56 -82.41 -82.22 -82.00 -81.81 -81.62 -81.44 -81.25 -81.06 -80.91 -80.72 -80.56 -80.38 -80.19 -80.00 -79.81 -79.66 -79.47 -79.28 -79.09 -78.91 -78.72 -78.53 -78.34 -78.19 -78.03 -77.94 -77.88 -77.81 -77.75 -77.69 -77.62 -77.53 -77.41 -77.28 -77.16 -77.03 -76.91 -76.78 -76.72 -76.62 -76.59 -76.53 -76.47 -76.41 -76.31 -76.22 -76.12 -76.03 -75.94 -75.84 -75.78 -75.72 -75.62 -75.56 -75.47 -75.38 -75.28 -75.19 -75.09 -74.97 -74.84 -74.72
-83.94 -83.81 -83.66 -83.50 -83.34 -83.16 -82.97 -82.81 -82.62 -82.44 -82.25 -82.06 -81.88 -81.69 -81.47 -81.28 -81.09 -80.94 -80.75 -80.56 -80.41 -80.22 -80.03 -79.84 -79.69 -79.50 -79.34 -79.16 -78.97 -78.78 -78.56 -78.38 -78.22 -78.09 -78.00 -77.94 -77.88 -77.84 -77.75 -77.69 -77.56 -77.47 -77.34 -77.22 -77.09 -76.97 -76.84 -76.78 -76.72 -76.66 -76.62 -76.56 -76.47 -76.41 -76.31 -76.19 -76.09 -76.00 -75.91 -75.84 -75.78 -75.72 -75.66 -75.56 -75.47 -75.38 -75.28 -75.19 -75.06 -74.94 -74.81
-84.06 -83.94 -83.78 -83.59 -83.44 -83.25 -83.06 -82.88 -82.69 -82.50 -82.31 -82.12 -81.91 -81.72 -81.50 -81.31 -81.12 -80.94 -80.78 -80.59 -80.41 -80.25 -80.06 -79.88 -79.72 -79.56 -79.41 -79.22 -79.03 -78.84 -78.62 -78.44 -78.28 -78.16 -78.09 -78.03 -77.97 -77.91 -77.81 -77.72 -77.62 -77.50 -77.38 -77.25 -77.12 -77.03 -76.94 -76.84 -76.78 -76.75 -76.69 -76.62 -76.53 -76.47 -76.34 -76.25 -76.16 -76.06 -76.00 -75.94 -75.88 -75.81 -75.75 -75.66 -75.56 -75.47 -75.38 -75.28 -75.16 -75.06 -74.94
-84.19 -84.03 -83.88 -83.69 -83.50 -83.31 -83.12 -82.94 -82.75 -82.56 -82.38 -82.16 -81.97 -81.75 -81.56 -81.34 -81.16 -80.97 -80.78 -80.62 -80.44 -80.28 -80.09 -79.94 -79.78 -79.62 -79.47 -79.28 -79.09 -78.91 -78.72 -78.56 -78.41 -78.28 -78.19 -78.12 -78.06 -77.97 -77.88 -77.78 -77.66 -77.56 -77.44 -77.31 -77.19 -77.09 -77.00 -76.91 -76.84 -76.81 -76.75 -76.69 -76.59 -76.50 -76.41 -76.28 -76.19 -76.12 -76.06 -76.00 -75.94 -75.88 -75.81 -75.72 -75.62 -75.56 -75.44 -75.34 -75.25 -75.16 -75.03
-84.28 -84.12 -83.94 -83.78 -83.59 -83.41 -83.19 -83.00 -82.81 -82.62 -82.44 -82.25 -82.03 -81.84 -81.62 -81.41 -81.22 -81.00 -80.81 -80.66 -80.47 -80.31 -80.16 -80.03 -79.88 -79.72 -79.53 -79.38 -79.19 -79.00 -78.84 -78.69 -78.53 -78.41 -78.31 -78.22 -78.16 -78.06 -77.94 -77.81 -77.69 -77.59 -77.47 -77.34 -77.25 -77.16 -77.06 -76.97 -76.91 -76.88 -76.78 -76.72 -76.62 -76.53 -76.44 -76.31 -76.25 -76.16 -76.09 -76.06 -76.00 -75.94 -75.84 -75.78 -75.69 -75.59 -75.50 -75.41 -75.31 -75.22 -75.12
