everonasctiles/Tile36,18.asc
ncols 128
nrows 128
xllcorner 0
yllcorner 0
cellsize 2.0
NODATA_value  -9999
[rows 34 to 67 of 128, columns 0 to 76 of 128]
58.88 58.25 57.69 57.19 56.72 56.22 55.84 55.44 54.94 54.50 54.00 53.62 53.25 52.94 52.62 52.31 51.97 51.62 51.22 50.81 50.50 50.12 49.72 49.44 49.16 48.84 48.53 48.19 47.97 47.81 47.72 47.59 47.59 47.62 47.66 47.72 47.78 47.91 48.00 48.16 48.34 48.53 48.75 49.12 49.66 50.53 51.03 51.59 52.12 52.50 52.75 52.88 52.91 52.88 52.94 53.09 53.31 53.62 53.94 54.19 54.41 54.69 54.81 55.09 55.31 55.56 56.06 56.12 56.59 57.22 57.69 58.00 58.44 58.94 59.72 59.97 60.41
59.38 58.72 58.22 57.69 57.22 56.78 56.34 55.88 55.44 54.97 54.44 54.03 53.69 53.34 53.00 52.69 52.38 52.03 51.62 51.28 50.97 50.69 50.31 49.94 49.62 49.28 48.97 48.66 48.44 48.25 48.12 48.03 48.03 48.06 48.09 48.12 48.22 48.34 48.44 48.56 48.69 48.88 49.09 49.44 49.97 50.84 51.50 52.03 52.50 52.81 53.06 53.19 53.22 53.25 53.31 53.47 53.69 53.97 54.25 54.50 54.75 55.09 55.25 55.53 55.75 56.22 56.56 56.75 56.81 57.28 58.00 58.19 58.75 59.09 59.78 60.47 60.66
59.88 59.19 58.69 58.22 57.81 57.41 56.84 56.41 55.94 55.44 54.91 54.41 54.06 53.72 53.38 53.06 52.72 52.34 52.03 51.69 51.38 51.09 50.75 50.41 50.06 49.72 49.41 49.06 48.84 48.69 48.53 48.44 48.47 48.47 48.53 48.59 48.69 48.75 48.84 48.91 49.03 49.19 49.41 49.72 50.59 51.47 51.94 52.44 52.81 53.09 53.31 53.44 53.50 53.62 53.72 53.81 54.09 54.31 54.66 54.94 55.22 55.50 55.62 56.12 56.28 56.44 56.78 57.06 57.59 58.00 58.19 58.47 59.09 59.66 60.38 60.69 60.84
60.16 59.72 59.31 58.91 58.38 57.88 57.41 56.91 56.38 55.84 55.31 54.88 54.44 54.09 53.75 53.44 53.06 52.75 52.44 52.09 51.81 51.50 51.16 50.81 50.47 50.12 49.78 49.47 49.28 49.09 48.91 48.91 48.91 48.91 48.97 49.06 49.12 49.19 49.22 49.28 49.44 49.56 49.78 50.62 51.41 51.97 52.50 52.81 53.12 53.34 53.59 53.72 53.81 53.97 54.12 54.25 54.50 54.72 54.97 55.19 55.59 55.88 56.00 56.34 56.56 56.88 57.22 57.38 57.94 58.25 58.34 58.94 59.25 59.97 60.06 60.72 61.28
60.44 60.00 59.66 59.25 58.81 58.38 57.84 57.31 56.75 56.22 55.75 55.31 54.88 54.50 54.12 53.78 53.44 53.12 52.78 52.47 52.12 51.81 51.50 51.16 50.78 50.44 50.09 49.84 49.62 49.44 49.38 49.34 49.31 49.38 49.44 49.44 49.53 49.56 49.62 49.75 49.88 50.06 50.50 51.31 51.94 52.50 52.94 53.25 53.38 53.59 53.81 54.03 54.16 54.31 54.47 54.69 54.94 55.16 55.34 55.59 56.00 56.28 56.62 56.75 56.91 57.19 57.31 58.00 58.12 58.50 59.19 59.19 60.09 60.12 60.44 61.00 61.50
60.78 60.34 60.06 59.66 59.22 58.78 58.25 57.69 57.09 56.59 56.12 55.66 55.25 54.84 54.50 54.12 53.78 53.44 53.09 52.75 52.41 52.09 51.75 51.44 51.09 50.78 50.47 50.22 49.94 49.88 49.81 49.78 49.78 49.84 49.84 49.84 49.91 49.91 50.03 50.19 50.38 50.66 51.19 51.88 52.53 53.03 53.38 53.56 53.72 53.88 54.09 54.38 54.56 54.75 54.91 55.12 55.38 55.59 55.84 56.03 56.31 56.47 56.94 57.19 57.12 57.59 57.62 58.12 58.38 59.00 58.84 59.56 59.97 60.25 60.81 61.59 61.97
61.34 60.78 60.38 59.97 59.53 59.06 58.53 57.97 57.44 56.94 56.47 56.00 55.56 55.19 54.78 54.44 54.06 53.72 53.41 53.03 52.62 52.31 52.00 51.59 51.25 50.97 50.69 50.53 50.38 50.34 50.25 50.19 50.22 50.22 50.22 50.25 50.31 50.28 50.44 50.66 50.91 51.25 51.72 52.34 52.94 53.44 53.78 54.03 54.22 54.31 54.53 54.75 54.94 55.12 55.34 55.56 55.72 55.94 56.19 56.22 56.53 56.91 57.28 57.34 57.75 57.94 58.31 58.41 58.59 58.88 59.41 59.69 60.31 60.88 60.91 61.41 61.94
61.91 61.28 60.75 60.28 59.81 59.28 58.78 58.25 57.72 57.25 56.75 56.28 55.84 55.44 55.06 54.69 54.31 53.94 53.62 53.22 52.78 52.41 52.12 51.81 51.66 51.41 51.19 51.00 50.84 50.75 50.69 50.62 50.62 50.59 50.59 50.66 50.62 50.69 50.84 51.09 51.38 51.69 52.16 52.72 53.28 53.78 54.16 54.44 54.66 54.75 54.84 55.00 55.25 55.47 55.69 55.88 56.06 56.34 56.44 56.75 56.88 57.09 57.44 57.75 58.25 58.19 58.62 58.56 58.84 59.53 59.41 59.97 60.56 60.94 61.03 61.78 62.53
62.22 61.62 61.06 60.56 60.09 59.50 59.00 58.50 58.00 57.50 57.03 56.56 56.09 55.72 55.34 54.97 54.59 54.22 53.84 53.44 53.12 52.88 52.59 52.34 52.09 51.84 51.59 51.38 51.25 51.19 51.09 51.03 51.03 51.00 51.00 51.03 51.03 51.09 51.22 51.47 51.75 52.09 52.50 53.00 53.53 54.06 54.50 54.75 54.97 55.06 55.16 55.34 55.50 55.75 55.97 56.19 56.38 56.59 56.81 57.09 57.31 57.59 57.94 58.06 58.41 58.47 59.16 59.28 59.69 60.00 60.06 60.69 60.47 61.25 61.78 62.09 62.38
62.44 61.91 61.34 60.84 60.38 59.72 59.16 58.66 58.22 57.78 57.34 56.91 56.50 56.03 55.66 55.28 54.91 54.50 54.16 53.84 53.59 53.31 53.00 52.72 52.47 52.22 52.00 51.81 51.66 51.56 51.47 51.44 51.44 51.41 51.38 51.41 51.44 51.47 51.59 51.78 52.09 52.41 52.78 53.25 53.72 54.22 54.72 55.03 55.19 55.31 55.34 55.56 55.75 56.00 56.25 56.50 56.75 56.91 57.25 57.44 57.62 57.97 58.09 58.59 58.81 59.06 59.12 59.78 59.84 60.34 60.31 61.06 61.22 61.56 62.31 62.38 63.00
62.62 62.09 61.59 61.12 60.62 60.00 59.44 58.94 58.50 58.06 57.69 57.31 56.91 56.41 56.06 55.69 55.31 54.91 54.59 54.28 53.97 53.66 53.34 53.06 52.84 52.59 52.38 52.19 52.06 51.97 51.88 51.84 51.81 51.78 51.78 51.81 51.84 51.88 51.97 52.12 52.38 52.66 53.03 53.41 53.91 54.34 54.78 55.03 55.25 55.44 55.53 55.72 55.97 56.22 56.47 56.75 57.06 57.16 57.50 57.75 58.12 58.25 58.59 58.91 59.00 59.31 59.72 59.62 60.34 60.50 60.84 61.12 61.31 62.09 62.06 62.62 63.09
62.78 62.28 61.78 61.34 60.84 60.31 59.75 59.25 58.84 58.47 58.09 57.69 57.28 56.81 56.47 56.09 55.72 55.41 55.03 54.66 54.31 53.97 53.66 53.38 53.12 52.91 52.69 52.56 52.44 52.31 52.25 52.22 52.16 52.12 52.16 52.19 52.25 52.22 52.38 52.47 52.66 52.94 53.25 53.59 54.03 54.41 54.75 55.03 55.25 55.50 55.69 55.91 56.16 56.44 56.69 57.00 57.22 57.56 57.75 58.03 58.12 58.66 58.84 59.06 59.41 59.44 60.16 60.09 60.50 60.91 60.66 61.03 61.91 61.94 62.53 62.81 63.09
62.91 62.44 62.00 61.53 61.06 60.50 60.03 59.59 59.22 58.81 58.41 58.00 57.59 57.34 56.94 56.59 56.25 55.91 55.47 55.03 54.62 54.28 53.94 53.66 53.38 53.16 52.97 52.81 52.72 52.66 52.62 52.59 52.56 52.53 52.53 52.56 52.59 52.62 52.69 52.81 52.97 53.19 53.47 53.78 54.16 54.53 54.81 55.00 55.38 55.62 55.88 56.12 56.41 56.69 56.97 57.22 57.47 57.72 58.00 58.41 58.69 58.75 59.19 59.47 59.66 60.00 60.34 60.50 60.59 61.16 61.44 61.59 61.88 62.34 62.59 62.81 63.84
63.06 62.66 62.22 61.72 61.25 60.81 60.38 59.94 59.47 59.06 58.69 58.34 58.06 57.78 57.47 57.09 56.81 56.41 55.91 55.47 54.97 54.56 54.22 53.91 53.62 53.38 53.19 53.09 53.03 53.00 52.97 52.94 52.91 52.88 52.88 52.91 52.97 53.00 53.06 53.09 53.25 53.44 53.69 54.03 54.28 54.53 54.78 55.00 55.47 55.78 56.06 56.34 56.62 56.91 57.22 57.50 57.72 57.94 58.28 58.66 58.84 59.28 59.28 59.69 60.03 60.19 60.59 61.12 61.06 61.50 61.41 61.84 62.28 62.50 63.22 63.38 63.62
63.25 62.81 62.38 61.97 61.56 61.16 60.75 60.25 59.75 59.44 59.09 58.78 58.50 58.22 57.91 57.69 57.34 56.97 56.47 56.06 55.59 54.97 54.72 54.38 54.03 53.72 53.53 53.41 53.38 53.34 53.31 53.28 53.25 53.25 53.25 53.28 53.31 53.34 53.41 53.41 53.53 53.72 53.91 54.09 54.41 54.56 54.94 55.12 55.50 55.91 56.25 56.56 56.88 57.16 57.44 57.75 58.03 58.28 58.59 58.97 59.22 59.38 59.72 59.78 60.38 60.44 61.12 61.06 61.38 61.56 62.09 62.34 62.53 62.84 63.22 64.16 64.03
63.47 63.00 62.56 62.19 61.81 61.44 61.03 60.53 60.09 59.88 59.59 59.25 58.91 58.69 58.50 58.22 57.94 57.66 57.41 57.06 56.53 56.19 55.62 55.19 54.84 54.50 54.16 53.91 53.78 53.69 53.59 53.56 53.56 53.62 53.66 53.69 53.69 53.69 53.72 53.72 53.81 54.00 54.19 54.41 54.66 54.81 55.28 55.50 55.66 56.06 56.44 56.78 57.09 57.41 57.69 57.94 58.25 58.44 58.81 59.19 59.38 59.56 60.19 60.28 60.50 60.84 61.25 61.25 62.00 62.06 62.38 62.69 62.88 63.41 63.56 64.00 64.22
63.66 63.22 62.81 62.41 62.06 61.69 61.31 60.91 60.50 60.22 59.97 59.62 59.31 59.16 59.03 58.78 58.56 58.44 58.28 58.16 57.78 57.41 56.72 56.22 55.84 55.47 55.06 54.66 54.31 54.03 53.88 53.88 54.00 54.25 54.41 54.44 54.34 54.16 54.03 54.06 54.09 54.22 54.44 54.69 54.81 55.22 55.31 55.75 56.12 56.31 56.66 57.00 57.34 57.62 57.94 58.19 58.50 58.69 59.16 59.28 59.75 60.00 60.41 60.62 61.03 61.16 61.19 61.75 61.91 62.25 62.62 62.94 63.31 63.47 64.16 64.28 64.62
63.84 63.47 63.06 62.69 62.31 62.00 61.59 61.16 60.84 60.62 60.31 59.97 59.75 59.66 59.53 59.34 59.25 59.25 59.28 59.09 58.84 58.44 57.84 57.34 56.84 56.41 55.91 55.38 54.88 54.47 54.25 54.34 54.75 55.47 56.09 56.34 56.12 55.41 54.50 54.34 54.34 54.50 54.69 54.97 55.19 55.38 55.62 56.22 56.31 56.62 56.94 57.25 57.56 57.88 58.16 58.44 58.69 59.03 59.34 59.69 59.97 60.03 60.50 60.62 61.38 61.56 62.00 62.09 62.28 62.69 62.88 63.31 63.47 63.97 64.44 64.75 65.12
64.03 63.69 63.31 62.94 62.59 62.22 61.88 61.56 61.25 60.97 60.66 60.34 60.16 60.09 60.00 59.88 59.84 60.03 59.97 59.88 59.69 59.22 58.88 58.31 57.88 57.25 56.62 56.03 55.44 54.94 54.72 55.00 55.81 56.88 57.59 57.84 57.72 57.03 55.62 54.66 54.62 54.78 55.06 55.19 55.38 55.44 55.88 56.50 56.66 56.91 57.19 57.50 57.81 58.09 58.38 58.69 59.00 59.31 59.53 59.88 60.12 60.53 60.78 61.12 61.38 61.69 61.94 62.44 62.38 62.97 63.34 63.62 63.50 64.56 64.81 64.56 65.09
64.19 63.84 63.50 63.16 62.81 62.50 62.19 61.88 61.59 61.34 61.00 60.78 60.56 60.41 60.47 60.44 60.44 60.56 60.59 60.50 60.22 60.00 59.69 59.16 58.62 58.00 57.31 56.56 55.88 55.44 55.31 55.78 56.84 57.84 58.38 58.50 58.38 57.97 56.84 55.03 54.91 55.06 55.28 55.50 55.56 55.75 56.22 56.44 56.81 57.09 57.38 57.69 58.03 58.31 58.62 58.91 59.22 59.59 59.78 60.12 60.41 60.62 61.16 61.41 61.75 61.81 62.28 62.50 63.09 63.09 63.59 63.75 64.06 64.56 64.97 65.50 65.38
64.44 64.09 63.78 63.44 63.12 62.81 62.50 62.19 61.97 61.66 61.38 61.19 60.91 60.88 60.84 60.84 60.78 60.84 61.03 60.94 60.59 60.53 60.12 59.84 59.16 58.50 57.78 57.00 56.22 55.91 56.03 56.56 57.59 58.41 58.72 58.72 58.59 58.28 57.38 55.34 55.19 55.31 55.47 55.66 55.62 56.09 56.34 56.66 56.94 57.28 57.56 57.91 58.22 58.56 58.88 59.16 59.53 59.75 60.16 60.47 60.66 61.00 61.25 61.56 62.16 62.28 62.72 63.03 63.28 63.84 63.88 63.84 64.38 64.69 65.19 65.69 65.84
64.81 64.44 64.06 63.72 63.44 63.09 62.78 62.50 62.22 61.97 61.75 61.59 61.41 61.22 61.34 61.38 61.34 61.28 61.41 61.34 61.25 60.81 60.53 60.03 59.78 59.03 57.97 57.16 56.59 56.44 56.72 57.31 58.16 58.78 58.94 58.88 58.69 58.38 57.50 55.59 55.44 55.53 55.66 55.97 56.12 56.38 56.50 56.66 56.94 57.38 57.75 58.09 58.44 58.78 59.12 59.44 59.78 60.12 60.38 60.66 61.06 61.28 61.53 61.69 62.25 62.41 62.72 63.19 63.66 63.88 64.03 64.69 65.03 64.81 65.22 65.88 66.00
64.97 64.62 64.31 64.00 63.69 63.34 63.06 62.81 62.59 62.31 62.12 61.94 61.78 61.56 61.47 61.62 61.69 61.56 61.66 61.69 61.31 61.16 60.97 60.50 59.84 59.31 58.31 57.31 56.88 56.78 57.38 58.06 58.66 59.16 59.25 59.06 58.75 58.28 57.31 55.84 55.69 55.75 55.88 55.94 56.50 56.53 56.88 56.94 57.22 57.44 57.91 58.28 58.66 59.03 59.38 59.72 60.09 60.41 60.69 61.06 61.25 61.66 61.88 62.06 62.47 62.59 63.19 63.31 63.94 64.12 64.69 64.94 65.12 65.31 65.75 66.03 66.56
65.22 64.91 64.59 64.22 63.91 63.62 63.44 63.12 62.94 62.66 62.44 62.25 62.12 62.03 61.84 61.81 62.00 61.97 61.97 61.72 61.69 61.25 61.03 60.62 60.16 59.78 58.59 57.78 57.06 57.28 58.09 58.62 59.16 59.47 59.47 59.19 58.69 57.97 56.84 56.06 56.00 56.03 56.12 56.31 56.41 56.78 57.22 57.09 57.31 57.62 58.12 58.50 58.91 59.25 59.62 60.00 60.34 60.66 61.00 61.28 61.59 61.91 62.09 62.56 62.72 62.84 63.22 63.81 64.09 64.34 64.69 64.97 65.38 65.34 65.91 66.00 67.22
65.44 65.06 64.75 64.47 64.19 63.97 63.72 63.47 63.19 63.00 62.66 62.56 62.41 62.09 62.06 62.16 62.19 62.03 62.25 61.97 61.84 61.66 61.19 60.94 60.50 59.78 59.22 58.00 57.50 58.09 58.62 59.31 59.59 59.69 59.59 59.12 58.38 57.47 56.66 56.31 56.25 56.31 56.41 56.47 56.78 57.00 57.09 57.22 57.62 57.97 58.50 58.78 59.12 59.47 59.88 60.28 60.62 60.94 61.25 61.62 61.97 62.25 62.50 62.75 63.03 63.47 63.59 64.22 64.22 64.81 64.81 65.50 65.94 66.19 66.09 66.66 67.22
65.62 65.31 65.06 64.78 64.53 64.28 64.03 63.81 63.50 63.34 63.06 62.84 62.59 62.66 62.41 62.53 62.34 62.66 62.69 62.34 62.06 61.94 61.56 61.16 60.88 60.19 59.44 58.44 58.09 58.44 59.22 59.81 60.03 59.84 59.66 59.03 58.22 57.44 56.91 56.62 56.53 56.53 56.59 56.81 56.91 56.94 57.09 57.56 57.81 58.28 58.59 58.72 59.38 59.66 60.06 60.47 60.84 61.19 61.56 61.88 62.12 62.41 62.69 62.97 63.25 63.78 63.84 64.19 64.69 65.03 65.50 65.91 66.25 66.16 66.81 67.53 67.78
65.91 65.62 65.34 65.06 64.81 64.62 64.31 64.12 63.97 63.62 63.50 63.25 63.25 63.12 62.94 62.97 62.59 62.69 62.78 62.50 62.66 62.09 61.59 61.03 61.03 60.59 59.72 59.16 58.59 58.88 59.53 59.94 60.03 60.03 59.75 59.22 58.47 57.75 57.22 56.91 56.78 56.78 56.84 56.91 57.09 57.50 57.38 57.88 57.84 58.41 58.34 59.38 59.31 59.78 60.19 60.56 60.97 61.38 61.75 62.12 62.44 62.69 63.03 63.28 63.69 64.00 64.28 64.72 64.78 65.28 65.59 65.81 66.19 66.69 67.16 67.75 68.12
66.22 65.97 65.62 65.38 65.12 64.91 64.59 64.41 64.19 64.03 63.84 63.56 63.25 63.44 63.38 63.25 63.28 62.94 63.22 62.75 62.28 62.38 62.19 61.44 60.94 60.78 59.94 59.34 59.19 59.41 59.84 59.88 60.06 59.94 59.69 59.34 58.72 58.09 57.56 57.22 57.06 57.03 57.06 57.25 57.53 57.66 57.88 58.16 58.25 58.38 58.81 58.94 59.75 59.91 60.34 60.59 61.06 61.50 61.91 62.28 62.62 62.97 63.22 63.62 63.94 64.28 64.50 64.97 65.19 65.62 65.94 66.16 66.75 67.12 67.38 68.00 68.59
66.56 66.22 65.94 65.66 65.41 65.16 64.94 64.66 64.53 64.28 64.12 64.00 63.66 63.53 63.53 63.44 62.94 63.19 63.03 63.06 62.56 62.47 61.97 61.81 61.06 60.66 60.28 59.56 59.34 59.31 59.81 59.94 59.78 59.81 59.66 59.44 59.03 58.41 57.84 57.50 57.31 57.28 57.34 57.47 57.69 58.03 58.12 58.22 58.34 58.50 58.94 59.25 60.00 59.94 60.41 60.97 61.25 61.62 61.97 62.44 62.88 63.19 63.53 63.78 64.19 64.41 64.81 65.06 65.41 65.72 66.12 66.66 66.94 67.34 67.88 68.25 68.84
66.78 66.53 66.22 65.94 65.69 65.44 65.25 64.94 64.75 64.66 64.44 64.16 64.00 64.03 63.78 63.44 63.34 63.69 63.50 63.72 63.00 63.19 62.88 62.09 61.69 60.81 60.50 59.94 59.53 59.72 59.75 59.88 59.59 59.69 59.72 59.59 59.19 58.66 58.09 57.72 57.56 57.53 57.59 57.75 57.91 58.03 58.28 58.62 58.72 58.84 59.31 59.69 60.03 60.19 60.69 61.06 61.44 62.00 62.41 62.66 63.19 63.31 63.94 64.12 64.44 64.72 65.19 65.34 65.81 66.03 66.34 66.91 67.38 67.62 67.84 68.22 68.75
67.09 66.78 66.50 66.25 66.03 65.78 65.50 65.28 64.97 64.81 64.72 64.44 64.22 64.16 63.62 63.75 64.00 64.00 63.59 63.97 63.56 63.00 62.56 62.22 61.88 60.78 60.12 60.06 59.78 59.59 59.88 59.91 59.97 59.78 59.75 59.59 59.34 58.88 58.31 57.94 57.78 57.75 57.88 58.00 58.16 58.31 58.59 58.78 59.25 59.34 59.66 59.62 60.44 60.41 61.09 61.28 61.84 62.19 62.41 62.72 63.41 63.75 63.97 64.44 64.75 65.16 65.28 65.56 65.84 66.25 66.62 67.00 67.44 67.72 68.03 68.50 69.12
67.38 67.06 66.75 66.53 66.28 66.06 65.78 65.50 65.28 65.09 64.91 64.72 64.69 64.44 64.28 64.16 63.84 63.62 64.09 64.22 63.47 63.44 63.28 62.44 61.97 61.38 60.91 60.06 59.81 60.09 59.88 60.06 59.78 59.84 59.91 59.78 59.50 59.09 58.62 58.22 58.00 58.00 58.12 58.25 58.41 58.53 58.62 58.78 59.06 59.50 59.81 60.00 60.28 60.75 61.22 61.56 62.12 62.28 62.88 63.03 63.50 63.94 64.22 64.53 65.12 65.34 65.69 65.91 66.25 66.72 67.06 67.25 67.81 68.25 68.38 68.97 69.38
67.56 67.34 67.06 66.75 66.56 66.31 66.06 65.78 65.56 65.34 65.12 64.97 64.59 64.75 64.34 64.38 64.06 64.16 63.81 64.03 64.03 63.78 63.59 63.06 62.44 61.53 60.84 60.25 60.25 60.00 60.09 59.88 60.09 60.06 60.00 59.94 59.69 59.44 58.97 58.50 58.28 58.28 58.38 58.50 58.66 58.81 58.88 59.22 59.38 59.53 60.09 60.25 60.47 61.03 61.66 61.81 62.56 62.81 63.03 63.44 63.78 64.16 64.50 65.00 65.28 65.69 65.94 66.19 66.53 66.84 67.22 67.53 68.06 68.50 68.81 69.28 69.75
67.78 67.56 67.31 67.03 66.81 66.66 66.38 66.16 65.75 65.62 65.19 65.12 64.97 64.53 64.59 64.62 64.22 64.44 64.62 64.56 64.22 64.03 63.78 63.06 62.44 61.75 61.16 60.72 60.25 60.34 60.25 60.16 60.28 60.12 60.06 59.94 59.91 59.69 59.28 58.81 58.53 58.53 58.62 58.72 58.88 59.03 59.16 59.41 59.56 59.88 60.16 60.59 60.78 61.44 61.94 62.31 62.78 63.03 63.19 63.59 64.12 64.47 64.84 65.12 65.50 65.72 66.19 66.53 66.84 67.16 67.53 67.97 68.31 68.69 69.00 69.38 69.94
