everonasctiles/Tile3,36.asc
ncols 128
nrows 128
xllcorner 0
yllcorner 0
cellsize 2.0
NODATA_value  -9999
[rows 62 to 92 of 128, columns 0 to 69 of 128]
-101.75 -101.69 -101.59 -101.50 -101.38 -101.28 -101.19 -101.09 -101.00 -100.91 -100.78 -100.62 -100.50 -100.34 -100.19 -100.06 -99.91 -99.78 -99.66 -99.56 -99.44 -99.31 -99.16 -99.00 -98.88 -98.72 -98.59 -98.47 -98.34 -98.25 -98.16 -98.06 -98.00 -97.97 -97.91 -97.88 -97.81 -97.75 -97.69 -97.66 -97.69 -97.72 -97.78 -97.88 -97.97 -98.06 -98.12 -98.19 -98.25 -98.25 -98.19 -98.09 -97.97 -97.81 -97.59 -97.38 -97.16 -96.91 -96.66 -96.41 -96.22 -96.03 -95.88 -95.75 -95.66 -95.53 -95.44 -95.34 -95.28 -95.25
-101.81 -101.72 -101.62 -101.53 -101.41 -101.31 -101.22 -101.12 -101.03 -100.94 -100.81 -100.69 -100.53 -100.41 -100.25 -100.09 -99.97 -99.84 -99.72 -99.62 -99.53 -99.41 -99.25 -99.09 -98.97 -98.84 -98.72 -98.59 -98.47 -98.38 -98.28 -98.19 -98.16 -98.09 -98.06 -98.03 -97.94 -97.88 -97.81 -97.78 -97.75 -97.78 -97.84 -97.91 -98.00 -98.09 -98.19 -98.28 -98.31 -98.34 -98.28 -98.19 -98.03 -97.88 -97.66 -97.44 -97.19 -96.94 -96.72 -96.53 -96.38 -96.22 -96.12 -96.00 -95.88 -95.78 -95.69 -95.56 -95.50 -95.44
-101.84 -101.75 -101.66 -101.56 -101.44 -101.34 -101.25 -101.16 -101.06 -100.97 -100.84 -100.72 -100.59 -100.44 -100.31 -100.16 -100.03 -99.91 -99.78 -99.69 -99.59 -99.47 -99.31 -99.19 -99.06 -98.94 -98.84 -98.72 -98.59 -98.50 -98.41 -98.34 -98.28 -98.25 -98.22 -98.19 -98.12 -98.06 -97.97 -97.91 -97.88 -97.88 -97.91 -97.97 -98.06 -98.16 -98.28 -98.34 -98.41 -98.44 -98.38 -98.28 -98.12 -97.94 -97.72 -97.50 -97.25 -97.03 -96.84 -96.72 -96.59 -96.47 -96.34 -96.25 -96.12 -96.03 -95.94 -95.81 -95.72 -95.62
-101.88 -101.78 -101.69 -101.59 -101.47 -101.38 -101.28 -101.19 -101.09 -100.97 -100.88 -100.75 -100.59 -100.47 -100.34 -100.19 -100.06 -99.94 -99.84 -99.72 -99.62 -99.50 -99.41 -99.28 -99.16 -99.06 -98.94 -98.84 -98.72 -98.62 -98.56 -98.50 -98.47 -98.44 -98.44 -98.41 -98.34 -98.25 -98.19 -98.12 -98.06 -98.06 -98.06 -98.09 -98.16 -98.25 -98.34 -98.47 -98.53 -98.56 -98.50 -98.41 -98.25 -98.06 -97.84 -97.59 -97.38 -97.22 -97.06 -96.94 -96.81 -96.69 -96.59 -96.47 -96.38 -96.28 -96.19 -96.06 -95.94 -95.84
-101.91 -101.81 -101.72 -101.59 -101.50 -101.41 -101.28 -101.19 -101.09 -100.97 -100.88 -100.75 -100.62 -100.47 -100.34 -100.22 -100.09 -99.97 -99.88 -99.75 -99.66 -99.56 -99.44 -99.34 -99.25 -99.16 -99.06 -98.97 -98.88 -98.78 -98.72 -98.66 -98.66 -98.66 -98.62 -98.62 -98.56 -98.50 -98.44 -98.38 -98.31 -98.28 -98.25 -98.25 -98.31 -98.38 -98.47 -98.59 -98.66 -98.69 -98.66 -98.56 -98.41 -98.22 -98.03 -97.81 -97.62 -97.47 -97.31 -97.19 -97.06 -96.94 -96.81 -96.72 -96.62 -96.53 -96.44 -96.31 -96.19 -96.03
-101.91 -101.81 -101.72 -101.62 -101.50 -101.38 -101.28 -101.16 -101.06 -100.97 -100.84 -100.72 -100.59 -100.47 -100.34 -100.22 -100.09 -99.97 -99.88 -99.78 -99.69 -99.59 -99.50 -99.44 -99.34 -99.25 -99.19 -99.09 -99.00 -98.94 -98.88 -98.88 -98.88 -98.88 -98.88 -98.84 -98.81 -98.78 -98.72 -98.66 -98.59 -98.56 -98.50 -98.50 -98.50 -98.53 -98.62 -98.72 -98.81 -98.88 -98.84 -98.75 -98.62 -98.44 -98.25 -98.06 -97.91 -97.72 -97.56 -97.41 -97.28 -97.16 -97.03 -96.97 -96.88 -96.78 -96.69 -96.56 -96.41 -96.22
-101.91 -101.81 -101.72 -101.59 -101.50 -101.38 -101.25 -101.16 -101.03 -100.94 -100.81 -100.69 -100.56 -100.44 -100.31 -100.19 -100.09 -100.00 -99.91 -99.81 -99.72 -99.66 -99.56 -99.50 -99.44 -99.38 -99.28 -99.22 -99.16 -99.12 -99.09 -99.06 -99.09 -99.09 -99.12 -99.12 -99.09 -99.06 -99.03 -98.97 -98.91 -98.84 -98.78 -98.75 -98.72 -98.75 -98.84 -98.91 -99.00 -99.06 -99.06 -98.97 -98.84 -98.69 -98.50 -98.34 -98.16 -98.00 -97.81 -97.62 -97.47 -97.34 -97.25 -97.19 -97.09 -97.00 -96.91 -96.75 -96.59 -96.41
-101.94 -101.81 -101.72 -101.59 -101.47 -101.38 -101.25 -101.16 -101.03 -100.94 -100.81 -100.69 -100.56 -100.44 -100.31 -100.22 -100.12 -100.03 -99.94 -99.84 -99.78 -99.69 -99.62 -99.59 -99.53 -99.47 -99.41 -99.38 -99.31 -99.31 -99.28 -99.28 -99.31 -99.34 -99.38 -99.38 -99.38 -99.34 -99.31 -99.25 -99.19 -99.12 -99.06 -99.00 -99.00 -99.00 -99.06 -99.12 -99.22 -99.28 -99.28 -99.22 -99.09 -98.94 -98.78 -98.59 -98.41 -98.22 -98.00 -97.81 -97.66 -97.56 -97.47 -97.41 -97.31 -97.22 -97.09 -96.94 -96.75 -96.53
-101.94 -101.81 -101.69 -101.59 -101.47 -101.34 -101.25 -101.16 -101.03 -100.94 -100.81 -100.69 -100.56 -100.44 -100.34 -100.25 -100.16 -100.06 -99.97 -99.91 -99.81 -99.75 -99.72 -99.66 -99.62 -99.59 -99.56 -99.53 -99.50 -99.50 -99.50 -99.50 -99.53 -99.56 -99.59 -99.62 -99.62 -99.62 -99.59 -99.53 -99.47 -99.41 -99.34 -99.28 -99.25 -99.28 -99.31 -99.38 -99.44 -99.50 -99.53 -99.47 -99.34 -99.19 -99.03 -98.84 -98.62 -98.41 -98.19 -98.00 -97.84 -97.75 -97.66 -97.59 -97.50 -97.41 -97.25 -97.06 -96.88 -96.62
-101.94 -101.81 -101.69 -101.56 -101.47 -101.34 -101.25 -101.16 -101.03 -100.94 -100.81 -100.69 -100.59 -100.47 -100.38 -100.28 -100.19 -100.09 -100.03 -99.97 -99.88 -99.84 -99.78 -99.75 -99.75 -99.72 -99.69 -99.69 -99.69 -99.69 -99.69 -99.72 -99.75 -99.78 -99.84 -99.88 -99.88 -99.88 -99.84 -99.81 -99.75 -99.66 -99.59 -99.53 -99.53 -99.53 -99.56 -99.62 -99.69 -99.75 -99.75 -99.69 -99.59 -99.44 -99.25 -99.03 -98.81 -98.56 -98.34 -98.16 -98.03 -97.91 -97.84 -97.75 -97.66 -97.53 -97.34 -97.16 -96.94 -96.69
-101.94 -101.81 -101.69 -101.56 -101.44 -101.34 -101.25 -101.16 -101.03 -100.94 -100.81 -100.72 -100.59 -100.50 -100.41 -100.31 -100.25 -100.16 -100.09 -100.00 -99.97 -99.91 -99.88 -99.84 -99.84 -99.84 -99.84 -99.84 -99.84 -99.88 -99.88 -99.91 -99.97 -100.00 -100.03 -100.06 -100.09 -100.09 -100.09 -100.06 -100.00 -99.91 -99.84 -99.78 -99.78 -99.78 -99.81 -99.88 -99.94 -99.97 -99.97 -99.91 -99.78 -99.59 -99.41 -99.19 -98.94 -98.72 -98.50 -98.31 -98.19 -98.06 -97.97 -97.84 -97.72 -97.59 -97.41 -97.19 -96.94 -96.69
-101.94 -101.81 -101.69 -101.56 -101.44 -101.34 -101.25 -101.16 -101.03 -100.94 -100.84 -100.72 -100.62 -100.53 -100.44 -100.38 -100.28 -100.22 -100.12 -100.06 -100.03 -100.00 -99.97 -99.97 -99.97 -99.97 -100.00 -100.00 -100.03 -100.03 -100.06 -100.09 -100.16 -100.19 -100.22 -100.28 -100.31 -100.31 -100.31 -100.28 -100.22 -100.16 -100.06 -100.03 -100.00 -100.00 -100.06 -100.09 -100.16 -100.19 -100.16 -100.09 -99.94 -99.75 -99.53 -99.31 -99.09 -98.88 -98.66 -98.50 -98.34 -98.19 -98.06 -97.91 -97.75 -97.59 -97.38 -97.16 -96.91 -96.66
-101.91 -101.78 -101.66 -101.56 -101.44 -101.34 -101.22 -101.12 -101.03 -100.94 -100.84 -100.72 -100.62 -100.56 -100.47 -100.41 -100.31 -100.25 -100.19 -100.16 -100.12 -100.09 -100.09 -100.06 -100.06 -100.09 -100.12 -100.16 -100.19 -100.19 -100.22 -100.25 -100.31 -100.34 -100.41 -100.44 -100.50 -100.50 -100.50 -100.47 -100.41 -100.34 -100.28 -100.22 -100.19 -100.22 -100.25 -100.31 -100.34 -100.38 -100.34 -100.25 -100.09 -99.88 -99.66 -99.44 -99.22 -99.03 -98.84 -98.62 -98.47 -98.28 -98.09 -97.94 -97.75 -97.56 -97.34 -97.12 -96.88 -96.59
-101.84 -101.75 -101.62 -101.53 -101.44 -101.31 -101.22 -101.12 -101.03 -100.94 -100.84 -100.72 -100.62 -100.56 -100.47 -100.41 -100.34 -100.28 -100.25 -100.22 -100.22 -100.19 -100.19 -100.19 -100.19 -100.22 -100.25 -100.28 -100.31 -100.34 -100.38 -100.41 -100.44 -100.50 -100.56 -100.59 -100.66 -100.69 -100.69 -100.66 -100.59 -100.53 -100.44 -100.41 -100.38 -100.41 -100.44 -100.50 -100.53 -100.53 -100.47 -100.38 -100.22 -100.00 -99.81 -99.59 -99.38 -99.19 -98.97 -98.75 -98.56 -98.34 -98.12 -97.94 -97.72 -97.53 -97.31 -97.06 -96.81 -96.53
-101.81 -101.69 -101.59 -101.50 -101.41 -101.28 -101.19 -101.09 -101.00 -100.91 -100.81 -100.72 -100.62 -100.56 -100.47 -100.41 -100.38 -100.34 -100.31 -100.31 -100.31 -100.31 -100.31 -100.31 -100.31 -100.31 -100.34 -100.38 -100.44 -100.47 -100.50 -100.53 -100.56 -100.62 -100.69 -100.75 -100.78 -100.81 -100.84 -100.81 -100.75 -100.69 -100.59 -100.53 -100.53 -100.53 -100.59 -100.66 -100.69 -100.66 -100.59 -100.47 -100.31 -100.12 -99.94 -99.75 -99.53 -99.31 -99.09 -98.84 -98.62 -98.38 -98.16 -97.94 -97.72 -97.47 -97.25 -97.00 -96.75 -96.47
-101.75 -101.66 -101.53 -101.44 -101.34 -101.25 -101.16 -101.06 -100.97 -100.91 -100.81 -100.72 -100.62 -100.56 -100.47 -100.44 -100.44 -100.41 -100.41 -100.41 -100.44 -100.44 -100.44 -100.44 -100.41 -100.41 -100.44 -100.50 -100.53 -100.59 -100.62 -100.66 -100.69 -100.75 -100.81 -100.88 -100.94 -100.97 -100.97 -100.94 -100.88 -100.81 -100.72 -100.66 -100.66 -100.69 -100.72 -100.78 -100.78 -100.78 -100.69 -100.56 -100.41 -100.25 -100.06 -99.88 -99.66 -99.44 -99.19 -98.94 -98.66 -98.41 -98.16 -97.91 -97.66 -97.44 -97.19 -96.94 -96.69 -96.44
-101.69 -101.56 -101.47 -101.38 -101.28 -101.19 -101.12 -101.03 -100.94 -100.88 -100.78 -100.72 -100.62 -100.56 -100.50 -100.50 -100.50 -100.50 -100.53 -100.53 -100.53 -100.56 -100.56 -100.56 -100.53 -100.53 -100.56 -100.59 -100.66 -100.69 -100.72 -100.78 -100.81 -100.88 -100.94 -101.00 -101.03 -101.06 -101.06 -101.03 -100.97 -100.91 -100.81 -100.78 -100.75 -100.78 -100.84 -100.88 -100.91 -100.88 -100.78 -100.66 -100.50 -100.34 -100.16 -99.97 -99.75 -99.50 -99.25 -98.97 -98.69 -98.41 -98.16 -97.88 -97.62 -97.38 -97.16 -96.91 -96.66 -96.41
-101.62 -101.50 -101.38 -101.28 -101.22 -101.12 -101.06 -100.97 -100.91 -100.81 -100.75 -100.69 -100.62 -100.56 -100.53 -100.56 -100.59 -100.62 -100.62 -100.66 -100.66 -100.69 -100.69 -100.69 -100.66 -100.66 -100.66 -100.69 -100.75 -100.81 -100.84 -100.88 -100.94 -101.00 -101.03 -101.09 -101.16 -101.19 -101.16 -101.12 -101.06 -101.00 -100.91 -100.88 -100.88 -100.91 -100.94 -100.97 -100.97 -100.94 -100.84 -100.72 -100.56 -100.41 -100.22 -100.03 -99.81 -99.56 -99.28 -99.00 -98.69 -98.41 -98.12 -97.88 -97.62 -97.38 -97.12 -96.88 -96.62 -96.41
-101.56 -101.44 -101.31 -101.22 -101.12 -101.06 -100.97 -100.91 -100.84 -100.78 -100.72 -100.66 -100.59 -100.56 -100.59 -100.62 -100.66 -100.72 -100.75 -100.78 -100.81 -100.81 -100.81 -100.81 -100.78 -100.78 -100.78 -100.81 -100.84 -100.91 -100.94 -101.00 -101.03 -101.09 -101.16 -101.19 -101.25 -101.25 -101.25 -101.22 -101.16 -101.06 -101.00 -100.97 -101.00 -101.00 -101.03 -101.06 -101.03 -100.97 -100.88 -100.75 -100.59 -100.44 -100.25 -100.03 -99.81 -99.56 -99.28 -99.00 -98.72 -98.44 -98.16 -97.88 -97.62 -97.38 -97.16 -96.91 -96.69 -96.44
-101.47 -101.34 -101.25 -101.12 -101.06 -100.97 -100.91 -100.84 -100.75 -100.72 -100.66 -100.59 -100.56 -100.59 -100.62 -100.69 -100.75 -100.81 -100.84 -100.91 -100.94 -100.94 -100.94 -100.94 -100.91 -100.91 -100.91 -100.94 -100.97 -101.00 -101.06 -101.09 -101.16 -101.19 -101.25 -101.28 -101.31 -101.34 -101.34 -101.28 -101.22 -101.16 -101.12 -101.09 -101.09 -101.12 -101.12 -101.12 -101.09 -101.00 -100.91 -100.75 -100.59 -100.44 -100.25 -100.03 -99.81 -99.56 -99.28 -99.00 -98.72 -98.47 -98.19 -97.94 -97.69 -97.44 -97.22 -96.97 -96.75 -96.53
-101.41 -101.28 -101.19 -101.06 -100.97 -100.91 -100.81 -100.75 -100.69 -100.62 -100.59 -100.56 -100.59 -100.62 -100.69 -100.75 -100.81 -100.91 -100.97 -101.03 -101.06 -101.06 -101.06 -101.06 -101.06 -101.03 -101.03 -101.03 -101.06 -101.09 -101.16 -101.19 -101.25 -101.28 -101.31 -101.38 -101.41 -101.41 -101.41 -101.38 -101.31 -101.25 -101.22 -101.19 -101.19 -101.22 -101.22 -101.19 -101.12 -101.03 -100.91 -100.75 -100.59 -100.44 -100.22 -100.03 -99.78 -99.53 -99.28 -99.00 -98.75 -98.47 -98.22 -97.97 -97.75 -97.50 -97.28 -97.06 -96.88 -96.66
-101.34 -101.22 -101.12 -101.03 -100.94 -100.84 -100.75 -100.69 -100.62 -100.59 -100.56 -100.59 -100.62 -100.69 -100.75 -100.81 -100.91 -101.00 -101.06 -101.12 -101.19 -101.19 -101.22 -101.19 -101.19 -101.16 -101.16 -101.16 -101.16 -101.19 -101.22 -101.28 -101.31 -101.38 -101.41 -101.44 -101.47 -101.47 -101.47 -101.44 -101.41 -101.34 -101.31 -101.28 -101.28 -101.31 -101.28 -101.22 -101.12 -101.03 -100.91 -100.75 -100.59 -100.41 -100.22 -100.00 -99.78 -99.53 -99.28 -99.00 -98.75 -98.50 -98.25 -98.03 -97.81 -97.59 -97.38 -97.19 -97.00 -96.81
-101.25 -101.16 -101.06 -100.97 -100.88 -100.78 -100.72 -100.66 -100.59 -100.59 -100.62 -100.66 -100.69 -100.75 -100.81 -100.91 -101.00 -101.06 -101.16 -101.22 -101.28 -101.31 -101.31 -101.31 -101.31 -101.28 -101.28 -101.28 -101.28 -101.28 -101.31 -101.34 -101.41 -101.44 -101.47 -101.50 -101.53 -101.53 -101.53 -101.50 -101.47 -101.44 -101.41 -101.38 -101.38 -101.38 -101.31 -101.25 -101.16 -101.03 -100.88 -100.72 -100.56 -100.38 -100.19 -99.97 -99.75 -99.50 -99.25 -99.00 -98.75 -98.53 -98.28 -98.06 -97.88 -97.66 -97.47 -97.28 -97.16 -97.00
-101.19 -101.09 -101.03 -100.94 -100.84 -100.75 -100.69 -100.62 -100.62 -100.66 -100.69 -100.72 -100.78 -100.84 -100.94 -101.00 -101.09 -101.16 -101.25 -101.31 -101.38 -101.41 -101.44 -101.44 -101.44 -101.41 -101.38 -101.38 -101.38 -101.38 -101.41 -101.44 -101.47 -101.50 -101.53 -101.56 -101.56 -101.59 -101.59 -101.56 -101.53 -101.50 -101.47 -101.44 -101.44 -101.41 -101.34 -101.25 -101.12 -101.00 -100.84 -100.69 -100.50 -100.31 -100.12 -99.91 -99.69 -99.47 -99.22 -98.97 -98.75 -98.53 -98.31 -98.09 -97.91 -97.72 -97.59 -97.47 -97.34 -97.25
-101.12 -101.06 -100.97 -100.88 -100.81 -100.72 -100.66 -100.62 -100.66 -100.72 -100.78 -100.84 -100.91 -100.97 -101.03 -101.09 -101.19 -101.25 -101.34 -101.41 -101.47 -101.50 -101.53 -101.53 -101.53 -101.50 -101.50 -101.47 -101.47 -101.47 -101.47 -101.50 -101.53 -101.56 -101.56 -101.59 -101.62 -101.62 -101.62 -101.62 -101.59 -101.56 -101.53 -101.50 -101.47 -101.41 -101.34 -101.25 -101.09 -100.97 -100.81 -100.62 -100.44 -100.25 -100.06 -99.84 -99.62 -99.41 -99.16 -98.94 -98.72 -98.53 -98.31 -98.12 -97.97 -97.84 -97.75 -97.69 -97.59 -97.53
-101.06 -101.00 -100.91 -100.84 -100.75 -100.69 -100.62 -100.66 -100.72 -100.78 -100.88 -100.94 -101.00 -101.06 -101.16 -101.22 -101.28 -101.34 -101.41 -101.47 -101.53 -101.56 -101.59 -101.62 -101.59 -101.59 -101.59 -101.56 -101.56 -101.56 -101.56 -101.56 -101.59 -101.59 -101.62 -101.62 -101.66 -101.66 -101.66 -101.66 -101.62 -101.59 -101.56 -101.53 -101.47 -101.41 -101.34 -101.22 -101.06 -100.91 -100.75 -100.56 -100.38 -100.19 -99.97 -99.75 -99.53 -99.31 -99.12 -98.91 -98.69 -98.50 -98.34 -98.19 -98.09 -98.03 -97.97 -97.94 -97.91 -97.81
-101.00 -100.94 -100.84 -100.78 -100.69 -100.62 -100.62 -100.69 -100.78 -100.88 -100.94 -101.03 -101.09 -101.19 -101.25 -101.31 -101.38 -101.44 -101.50 -101.56 -101.59 -101.66 -101.66 -101.69 -101.69 -101.69 -101.66 -101.66 -101.62 -101.62 -101.66 -101.66 -101.66 -101.66 -101.66 -101.66 -101.66 -101.66 -101.66 -101.66 -101.62 -101.59 -101.56 -101.53 -101.47 -101.41 -101.31 -101.19 -101.03 -100.88 -100.72 -100.53 -100.31 -100.12 -99.91 -99.69 -99.47 -99.28 -99.06 -98.88 -98.69 -98.50 -98.34 -98.28 -98.28 -98.25 -98.25 -98.22 -98.19 -98.12
-100.94 -100.84 -100.78 -100.69 -100.62 -100.59 -100.62 -100.69 -100.81 -100.91 -101.00 -101.09 -101.19 -101.28 -101.34 -101.41 -101.47 -101.53 -101.59 -101.62 -101.69 -101.72 -101.72 -101.75 -101.75 -101.75 -101.72 -101.72 -101.72 -101.72 -101.72 -101.72 -101.72 -101.72 -101.69 -101.69 -101.69 -101.69 -101.66 -101.66 -101.62 -101.59 -101.56 -101.50 -101.44 -101.38 -101.25 -101.12 -101.00 -100.84 -100.66 -100.47 -100.28 -100.06 -99.84 -99.66 -99.44 -99.25 -99.03 -98.88 -98.69 -98.53 -98.50 -98.50 -98.50 -98.50 -98.53 -98.53 -98.50 -98.47
-100.84 -100.78 -100.69 -100.62 -100.56 -100.56 -100.62 -100.72 -100.81 -100.94 -101.06 -101.16 -101.25 -101.34 -101.44 -101.50 -101.56 -101.59 -101.66 -101.69 -101.75 -101.78 -101.78 -101.81 -101.81 -101.81 -101.78 -101.78 -101.78 -101.75 -101.75 -101.75 -101.75 -101.75 -101.75 -101.72 -101.72 -101.69 -101.66 -101.62 -101.59 -101.56 -101.50 -101.47 -101.41 -101.31 -101.19 -101.06 -100.94 -100.78 -100.62 -100.44 -100.25 -100.03 -99.81 -99.62 -99.41 -99.22 -99.03 -98.88 -98.75 -98.72 -98.75 -98.75 -98.75 -98.78 -98.81 -98.84 -98.84 -98.78
-100.75 -100.69 -100.62 -100.56 -100.50 -100.53 -100.62 -100.72 -100.84 -100.97 -101.09 -101.22 -101.31 -101.41 -101.50 -101.56 -101.62 -101.69 -101.72 -101.75 -101.78 -101.81 -101.84 -101.84 -101.84 -101.84 -101.84 -101.84 -101.81 -101.81 -101.81 -101.81 -101.78 -101.78 -101.78 -101.75 -101.72 -101.69 -101.66 -101.59 -101.53 -101.50 -101.47 -101.41 -101.31 -101.22 -101.09 -100.97 -100.81 -100.69 -100.53 -100.38 -100.19 -99.97 -99.78 -99.59 -99.38 -99.19 -99.03 -98.94 -98.97 -98.97 -99.00 -99.03 -99.06 -99.09 -99.12 -99.16 -99.16 -99.12
-100.66 -100.59 -100.56 -100.50 -100.47 -100.53 -100.62 -100.75 -100.88 -101.00 -101.12 -101.25 -101.38 -101.47 -101.56 -101.62 -101.69 -101.72 -101.78 -101.81 -101.84 -101.88 -101.91 -101.91 -101.91 -101.91 -101.88 -101.88 -101.88 -101.84 -101.84 -101.84 -101.81 -101.81 -101.81 -101.78 -101.72 -101.69 -101.62 -101.56 -101.50 -101.44 -101.41 -101.31 -101.25 -101.12 -100.97 -100.84 -100.69 -100.56 -100.41 -100.25 -100.09 -99.91 -99.72 -99.53 -99.34 -99.19 -99.12 -99.16 -99.22 -99.25 -99.28 -99.31 -99.34 -99.38 -99.44 -99.47 -99.50 -99.47
