everonasctiles/Tile18,22.asc
ncols 128
nrows 128
xllcorner 0
yllcorner 0
cellsize 2.0
NODATA_value  -9999
[rows 68 to 101 of 128, columns 0 to 76 of 128]
51.31 51.97 52.53 52.81 52.78 52.56 52.25 52.19 52.25 52.34 52.41 52.44 52.50 52.59 52.72 52.88 53.03 53.22 53.44 53.62 53.84 54.06 54.31 54.66 55.22 55.62 55.91 55.97 55.91 55.81 55.72 55.59 55.41 55.19 54.91 54.62 54.53 54.47 54.28 53.97 53.66 53.22 52.66 52.03 51.50 50.97 49.94 49.91 50.38 51.25 51.44 51.41 50.81 50.00 49.56 49.91 51.62 53.06 53.53 53.78 53.88 53.91 54.34 54.66 54.81 55.03 55.25 55.56 55.94 56.41 56.53 56.59 56.66 56.69 56.72 56.78 56.72
51.03 51.75 52.31 52.66 52.78 52.62 52.41 52.22 52.16 52.28 52.38 52.41 52.47 52.56 52.69 52.88 53.03 53.25 53.44 53.66 53.84 54.03 54.25 54.50 55.12 55.59 55.84 55.84 55.78 55.69 55.53 55.31 55.03 54.72 54.41 54.12 54.03 53.97 53.72 53.38 53.03 52.69 52.09 51.41 50.88 50.28 50.03 50.59 51.34 51.78 51.75 51.97 51.66 51.00 49.44 49.50 50.34 52.28 53.22 53.44 53.59 53.75 53.97 54.44 54.72 54.78 54.97 55.25 55.56 56.06 56.31 56.41 56.47 56.53 56.59 56.66 56.53
50.47 51.28 51.94 52.38 52.72 52.78 52.66 52.47 52.19 52.22 52.31 52.38 52.44 52.53 52.69 52.84 53.06 53.25 53.47 53.69 53.91 54.09 54.28 54.44 55.09 55.53 55.69 55.72 55.66 55.47 55.22 54.91 54.56 54.19 53.84 53.56 53.44 53.34 53.12 52.75 52.34 51.91 51.09 50.41 50.34 50.12 50.81 51.72 51.94 52.00 51.78 52.06 52.03 51.66 50.94 49.97 50.06 50.81 52.38 53.25 53.47 53.53 53.69 54.19 54.53 54.56 54.72 54.91 55.19 55.59 56.03 56.19 56.25 56.31 56.38 56.44 56.25
49.75 50.62 51.44 52.12 52.56 52.88 52.94 52.88 52.59 52.38 52.34 52.38 52.41 52.53 52.66 52.84 53.06 53.31 53.53 53.75 53.97 54.19 54.38 54.62 55.09 55.44 55.56 55.56 55.38 55.09 54.78 54.41 54.03 53.69 53.38 53.06 52.84 52.69 52.47 52.12 51.59 50.69 50.16 50.16 50.69 51.41 51.84 52.25 52.53 52.41 52.16 52.09 52.06 51.88 51.75 51.28 50.06 50.22 50.91 52.41 53.19 53.44 53.41 53.56 53.84 54.06 54.38 54.59 54.84 55.22 55.56 55.84 55.97 56.03 56.06 56.06 55.91
49.66 50.00 50.94 51.75 52.31 52.69 52.97 53.06 52.88 52.62 52.44 52.41 52.41 52.53 52.69 52.88 53.09 53.34 53.59 53.84 54.06 54.31 54.53 54.78 55.16 55.41 55.41 55.19 54.91 54.56 54.22 53.94 53.59 53.25 52.94 52.59 52.28 52.00 51.72 51.28 50.38 49.88 49.94 50.84 51.88 52.28 52.44 52.59 52.88 52.97 52.81 52.62 52.50 52.25 51.97 51.84 51.31 50.09 50.25 50.69 52.16 52.88 53.16 53.06 53.34 53.72 53.97 54.28 54.69 55.06 55.19 55.34 55.44 55.50 55.44 55.19 54.97
50.28 49.62 50.25 51.09 51.81 52.31 52.59 52.88 52.84 52.69 52.53 52.44 52.44 52.56 52.72 52.94 53.16 53.41 53.69 53.94 54.16 54.41 54.66 54.91 55.19 55.28 55.03 54.75 54.38 54.09 53.84 53.62 53.31 52.88 52.41 52.03 51.72 51.38 50.97 50.59 50.09 50.34 51.25 52.00 52.41 52.69 52.88 53.06 53.41 53.59 53.38 53.16 52.97 52.69 52.31 51.97 51.75 51.41 50.62 50.50 51.22 52.09 52.84 53.09 53.06 53.41 53.84 54.19 54.56 55.06 55.12 55.22 55.34 55.34 55.06 54.75 54.53
51.12 49.94 49.72 50.25 51.03 51.66 52.09 52.50 52.62 52.59 52.50 52.44 52.50 52.59 52.78 53.00 53.22 53.47 53.75 53.97 54.22 54.44 54.66 54.88 55.09 54.97 54.59 54.22 53.88 53.69 53.50 53.31 53.00 52.50 51.97 51.50 51.03 50.75 50.56 50.47 50.78 51.41 52.16 52.53 52.81 53.12 53.38 53.62 53.91 54.06 53.91 53.72 53.50 53.16 52.72 52.38 52.16 51.84 51.59 51.22 50.94 51.44 52.25 52.88 53.28 53.25 53.75 54.19 54.50 54.91 55.06 55.12 55.16 54.94 54.56 54.31 54.16
51.56 50.62 49.91 49.75 50.22 51.03 52.03 52.69 52.62 52.34 52.38 52.44 52.53 52.66 52.84 53.06 53.28 53.53 53.78 54.00 54.19 54.34 54.53 54.66 54.69 54.41 53.97 53.53 53.28 53.22 53.03 52.81 52.53 52.12 51.59 50.84 50.56 50.47 50.75 50.78 51.56 52.06 52.56 52.97 53.31 53.59 53.84 54.03 54.19 54.34 54.41 54.28 54.00 53.59 53.16 52.84 52.62 52.25 51.91 51.75 50.97 50.25 51.06 52.31 53.00 53.31 53.50 54.16 54.56 54.78 54.78 54.69 54.47 54.28 54.03 53.78 53.72
52.03 51.53 50.66 49.88 49.59 50.06 51.06 52.22 52.78 52.34 52.22 52.41 52.56 52.72 52.91 53.12 53.34 53.56 53.75 53.91 54.06 54.16 54.25 54.25 54.12 53.72 53.25 52.88 52.78 52.75 52.53 52.25 52.03 51.56 50.97 50.62 50.56 50.75 50.94 51.47 51.97 52.53 53.03 53.50 53.91 54.12 54.22 54.31 54.34 54.41 54.44 54.41 54.28 53.97 53.62 53.31 53.00 52.59 52.22 51.88 51.81 50.59 49.88 51.38 52.59 53.16 53.47 53.84 54.28 54.19 53.94 53.91 53.84 53.72 53.41 53.34 53.56
52.75 52.22 51.53 50.53 49.66 49.41 49.91 51.06 51.59 52.03 52.09 52.34 52.56 52.75 52.97 53.19 53.38 53.53 53.66 53.75 53.81 53.84 53.81 53.72 53.47 53.09 52.72 52.38 52.25 52.16 51.97 51.72 51.34 51.00 50.72 50.47 50.66 51.03 51.53 52.03 52.53 53.09 53.62 53.94 54.16 54.41 54.53 54.59 54.59 54.50 54.41 54.38 54.38 54.28 54.00 53.66 53.28 52.91 52.50 52.16 51.88 51.53 50.62 50.69 51.78 52.75 53.44 53.69 53.75 53.59 53.44 53.41 53.34 52.97 52.97 53.19 53.41
53.22 52.81 52.19 51.47 50.62 49.75 49.19 49.47 50.25 51.12 51.69 52.28 52.53 52.75 52.97 53.19 53.34 53.44 53.47 53.47 53.44 53.41 53.28 53.12 52.88 52.56 52.25 51.94 51.75 51.56 51.38 51.16 50.88 50.62 50.44 50.62 51.09 51.66 52.19 52.69 53.16 53.69 54.09 54.25 54.47 54.69 54.81 54.81 54.78 54.66 54.53 54.62 54.69 54.66 54.38 53.97 53.56 53.19 52.84 52.53 52.38 52.31 51.69 50.38 51.12 52.19 52.78 53.28 53.22 53.25 53.12 53.03 52.56 52.59 52.78 53.00 53.22
53.38 53.03 52.66 52.25 51.56 50.84 49.91 49.47 49.44 50.03 50.97 51.81 52.34 52.59 52.91 53.12 53.22 53.25 53.22 53.09 52.97 52.84 52.69 52.53 52.41 52.12 51.81 51.56 51.34 51.06 50.84 50.62 50.31 50.38 50.50 50.88 51.78 52.38 52.88 53.34 53.78 54.19 54.47 54.69 54.84 54.94 55.00 55.00 54.91 54.75 54.72 54.78 54.78 54.78 54.66 54.25 53.78 53.44 53.16 52.91 52.81 52.88 52.19 51.91 50.94 51.19 51.66 52.25 52.62 52.91 52.91 52.12 52.19 52.41 52.62 52.81 53.03
53.56 53.31 53.00 52.66 52.22 51.66 51.03 50.47 50.03 49.84 50.06 50.81 51.53 52.25 52.62 52.91 53.00 52.97 52.81 52.59 52.38 52.25 52.16 52.09 51.97 51.78 51.50 51.22 51.00 50.62 50.25 50.03 50.22 50.66 51.03 51.94 52.56 53.12 53.59 54.00 54.38 54.69 54.94 55.09 55.22 55.25 55.25 55.16 55.03 54.75 54.78 54.88 54.84 54.81 54.72 54.41 53.97 53.66 53.41 53.22 53.12 53.12 52.72 52.47 51.66 50.09 49.84 52.03 52.12 52.44 51.72 51.78 52.00 52.22 52.44 52.66 52.97
53.94 53.75 53.53 53.16 52.72 52.38 51.97 51.41 50.88 50.41 49.91 50.09 50.62 51.41 52.00 52.41 52.53 52.50 52.31 51.94 51.84 52.06 51.81 51.62 51.53 51.50 51.22 50.97 50.59 50.41 49.47 50.06 50.69 51.38 52.06 52.72 53.41 53.94 54.34 54.66 54.94 55.19 55.34 55.53 55.66 55.66 55.59 55.38 55.16 55.09 55.06 55.03 54.97 54.88 54.72 54.47 54.19 53.84 53.66 53.50 53.38 53.25 53.03 52.50 51.72 51.06 50.72 51.09 51.69 51.41 51.53 51.66 51.81 52.03 52.31 52.88 53.03
54.47 54.22 54.03 53.78 53.47 53.06 52.56 52.00 51.53 51.09 50.44 49.94 49.78 50.28 51.00 51.66 51.75 51.81 51.72 51.28 51.12 51.28 51.31 51.19 51.19 51.22 50.78 50.28 50.06 50.28 50.50 51.06 51.56 52.19 52.84 53.53 54.22 54.75 55.03 55.25 55.47 55.62 55.78 55.91 56.03 56.09 56.06 55.91 55.69 55.53 55.41 55.28 55.12 54.94 54.72 54.50 54.31 54.06 53.91 53.75 53.59 53.38 53.12 52.59 51.88 51.59 51.06 50.97 51.19 51.28 51.44 51.56 51.69 52.03 52.78 52.97 53.12
55.06 54.69 54.41 54.25 54.19 54.00 53.34 52.59 52.09 51.81 51.12 50.41 49.59 49.47 49.66 50.53 50.94 51.09 51.03 50.81 50.75 50.91 50.94 50.94 50.78 50.41 49.94 50.06 50.62 51.09 51.56 51.97 52.47 53.06 53.69 54.34 54.94 55.34 55.50 55.69 55.88 56.00 56.12 56.22 56.31 56.38 56.44 56.47 56.28 56.09 55.88 55.66 55.41 55.09 54.78 54.53 54.34 54.25 54.03 53.78 53.47 53.25 53.09 52.75 52.19 51.47 51.38 51.25 51.19 51.19 51.31 51.44 51.94 52.56 52.81 53.09 53.78
55.53 55.16 54.81 54.53 54.44 54.28 53.75 53.06 52.53 52.19 51.78 51.25 50.59 49.75 49.34 49.41 50.12 50.56 51.00 50.78 50.72 50.72 50.69 50.34 50.19 50.28 50.22 50.62 51.56 52.12 52.44 52.88 53.38 53.94 54.53 55.16 55.62 55.84 56.00 56.16 56.25 56.34 56.41 56.47 56.50 56.56 56.66 56.75 56.78 56.66 56.38 56.06 55.69 55.31 54.91 54.59 54.38 54.16 53.88 53.53 53.28 53.19 53.12 53.00 52.31 51.75 51.56 51.38 51.22 51.19 51.22 51.75 52.25 52.50 52.94 53.66 54.47
55.84 55.53 55.25 54.88 54.56 54.31 53.97 53.56 53.12 52.72 52.38 52.06 51.78 51.19 50.19 49.44 49.66 49.97 50.28 50.38 50.12 50.03 50.12 50.34 50.75 51.00 51.44 51.97 52.50 52.91 53.31 53.81 54.34 54.91 55.50 55.94 56.22 56.34 56.47 56.56 56.59 56.62 56.66 56.66 56.69 56.72 56.78 56.84 56.88 56.81 56.69 56.44 56.00 55.56 55.09 54.59 54.34 54.00 53.62 53.38 53.28 53.25 53.12 52.56 52.19 51.91 51.72 51.53 51.34 51.19 50.97 51.38 52.00 52.53 53.19 53.94 55.09
56.12 55.84 55.56 55.31 54.97 54.59 54.19 53.81 53.56 53.34 53.06 52.75 52.47 52.06 51.34 50.50 50.06 50.22 50.16 49.66 49.53 49.91 50.28 50.78 51.41 52.00 52.41 52.88 53.31 53.72 54.19 54.72 55.28 55.81 56.22 56.53 56.75 56.84 56.91 56.94 56.94 56.94 56.91 56.91 56.88 56.88 56.88 56.88 56.91 56.88 56.81 56.62 56.25 55.81 55.31 54.69 54.44 54.09 53.78 53.62 53.47 53.28 52.97 52.69 52.38 52.09 51.84 51.66 51.97 51.28 51.34 50.62 51.16 52.31 53.16 53.72 54.25
56.38 56.12 55.88 55.62 55.41 55.06 54.62 54.22 54.00 54.00 53.78 53.41 53.03 52.59 51.94 51.31 50.75 50.50 50.44 50.44 50.94 51.19 51.62 52.19 52.56 53.00 53.41 53.84 54.25 54.69 55.22 55.72 56.16 56.53 56.88 57.12 57.25 57.31 57.31 57.31 57.28 57.25 57.19 57.12 57.06 57.00 56.97 56.94 56.91 56.91 56.88 56.69 56.44 56.03 55.62 55.03 54.78 54.44 54.22 54.06 53.78 53.47 53.16 52.88 52.56 52.28 52.00 52.78 53.22 53.09 52.34 51.31 51.03 50.66 51.69 52.56 53.06
56.66 56.41 56.16 55.94 55.75 55.50 55.19 54.81 54.53 54.56 54.47 54.12 53.62 53.06 52.41 51.91 51.62 51.25 51.03 51.06 52.19 52.69 53.06 53.31 53.66 54.03 54.41 54.81 55.25 55.69 56.22 56.59 56.94 57.28 57.53 57.69 57.72 57.75 57.72 57.69 57.62 57.53 57.44 57.34 57.22 57.12 57.06 57.00 56.94 56.91 56.91 56.88 56.66 56.44 56.16 55.47 55.16 55.03 54.69 54.31 53.97 53.66 53.38 53.06 52.78 52.66 53.19 53.34 53.59 54.00 53.91 53.00 51.53 50.84 50.97 50.94 51.12
57.00 56.75 56.50 56.28 56.06 55.84 55.62 55.34 55.06 54.91 54.84 54.56 54.06 53.44 52.88 52.66 52.59 52.41 52.44 52.88 53.50 53.84 54.12 54.44 54.75 55.09 55.41 55.81 56.25 56.72 57.06 57.41 57.72 57.94 58.09 58.12 58.16 58.12 58.09 58.03 57.94 57.81 57.69 57.53 57.41 57.25 57.12 57.03 56.97 56.91 56.91 57.06 56.78 56.69 56.44 55.97 55.47 55.12 54.78 54.47 54.16 53.88 53.56 53.28 53.22 53.47 53.56 53.66 53.97 54.25 54.12 54.00 53.25 52.44 51.91 51.25 51.09
57.41 57.16 56.88 56.62 56.41 56.19 56.00 55.78 55.53 55.28 55.12 54.91 54.59 54.16 53.72 53.56 53.66 53.75 53.97 54.38 54.78 55.09 55.34 55.59 55.84 56.12 56.50 56.91 57.25 57.56 57.88 58.16 58.34 58.47 58.53 58.56 58.56 58.53 58.47 58.41 58.28 58.12 57.97 57.78 57.56 57.38 57.19 57.06 56.94 56.91 56.84 56.94 56.88 56.69 56.31 55.91 55.62 55.28 54.97 54.66 54.34 54.06 53.91 53.81 53.78 53.81 53.78 54.00 54.41 54.53 54.19 54.06 54.09 54.09 53.88 52.75 52.03
57.91 57.62 57.34 57.03 56.78 56.56 56.38 56.22 56.06 55.88 55.72 55.56 55.38 55.12 54.84 54.72 54.78 54.97 55.28 55.62 55.94 56.25 56.50 56.69 56.94 57.19 57.47 57.78 58.06 58.34 58.62 58.78 58.88 58.91 58.94 58.94 58.91 58.88 58.81 58.75 58.62 58.47 58.25 58.00 57.72 57.44 57.22 57.06 57.00 57.09 57.19 57.16 56.94 56.62 56.34 56.03 55.75 55.47 55.12 54.81 54.59 54.78 54.47 54.19 54.19 54.19 54.25 54.53 54.81 54.69 54.31 54.12 54.19 54.38 54.31 53.84 53.56
58.50 58.19 57.88 57.53 57.19 56.94 56.78 56.66 56.56 56.53 56.44 56.38 56.25 56.16 56.06 56.00 56.06 56.25 56.50 56.75 57.00 57.25 57.47 57.69 57.84 58.03 58.22 58.47 58.75 58.97 59.12 59.22 59.28 59.31 59.31 59.31 59.28 59.25 59.19 59.09 59.00 58.81 58.59 58.41 58.31 58.31 58.38 58.34 58.12 57.84 57.56 57.28 57.00 56.72 56.44 56.16 55.88 55.62 55.34 55.44 55.34 55.12 54.66 54.50 54.56 54.66 54.81 54.94 54.91 54.69 54.47 54.41 54.41 54.47 54.41 54.16 53.66
59.41 59.03 58.50 58.09 57.69 57.44 57.28 57.22 57.19 57.19 57.16 57.09 57.06 57.03 57.03 57.06 57.16 57.28 57.47 57.62 57.81 58.00 58.19 58.38 58.50 58.66 58.81 59.00 59.22 59.38 59.53 59.62 59.69 59.72 59.72 59.69 59.66 59.66 59.78 59.88 59.94 59.88 59.66 59.41 59.16 58.91 58.69 58.44 58.19 57.91 57.62 57.34 57.06 56.81 56.53 56.28 56.03 56.22 56.47 56.28 55.84 55.25 54.78 54.62 54.66 54.75 54.84 54.81 54.66 54.56 54.56 54.53 54.41 54.38 54.44 54.28 54.06
59.41 59.53 59.66 58.88 58.31 58.06 57.94 57.84 57.78 57.78 57.75 57.75 57.75 57.78 57.81 57.88 57.97 58.06 58.19 58.31 58.47 58.62 58.81 58.97 59.09 59.19 59.31 59.47 59.66 59.81 59.94 60.03 60.06 60.09 60.31 60.56 60.72 60.62 60.44 60.28 60.12 59.94 59.69 59.44 59.22 58.97 58.72 58.47 58.22 57.97 57.69 57.41 57.12 56.91 56.88 57.09 57.19 57.12 57.03 56.78 56.31 55.56 54.84 54.62 54.53 54.50 54.50 54.44 54.34 54.44 54.66 54.62 54.50 54.38 54.38 54.19 53.88
59.41 59.56 59.75 59.56 58.97 58.69 58.53 58.41 58.38 58.34 58.31 58.34 58.34 58.38 58.44 58.50 58.59 58.72 58.81 58.94 59.06 59.19 59.31 59.47 59.59 59.69 59.78 59.91 60.09 60.25 60.41 60.69 60.94 60.94 60.88 60.81 60.75 60.66 60.47 60.31 60.16 59.97 59.75 59.50 59.25 59.00 58.75 58.50 58.28 57.94 57.56 57.53 57.69 57.75 57.72 57.62 57.53 57.41 57.25 56.97 56.53 55.97 55.41 55.00 54.62 54.41 54.50 54.38 54.28 54.59 54.75 54.75 54.59 54.59 54.59 54.31 53.88
59.44 59.59 59.81 59.81 59.44 59.19 59.03 58.94 58.91 58.88 58.88 58.88 58.91 58.94 59.00 59.09 59.19 59.28 59.38 59.47 59.56 59.69 59.81 59.97 60.09 60.16 60.22 60.44 60.72 60.88 60.91 60.97 61.00 60.97 60.91 60.84 60.78 60.69 60.50 60.34 60.19 60.00 59.78 59.50 59.22 58.88 58.53 57.94 58.03 58.28 58.31 58.22 58.16 58.06 57.97 57.88 57.75 57.59 57.41 57.16 56.81 56.44 56.03 55.72 55.53 55.41 55.38 55.31 55.03 54.88 54.84 54.84 54.72 54.81 54.78 54.38 53.88
59.47 59.62 59.84 60.00 59.75 59.59 59.50 59.44 59.38 59.38 59.38 59.41 59.44 59.50 59.53 59.62 59.69 59.78 59.88 59.97 60.06 60.16 60.28 60.41 60.56 60.66 60.75 60.78 60.81 60.88 60.91 60.94 60.97 60.97 60.91 60.84 60.78 60.72 60.56 60.41 60.12 59.72 59.56 59.66 59.19 58.97 58.66 58.44 58.44 58.44 58.44 58.44 58.34 58.25 58.16 58.06 57.91 57.75 57.56 57.31 57.06 56.78 56.47 56.22 56.03 55.94 55.88 55.81 55.66 55.22 54.97 54.84 54.66 54.75 54.75 54.47 54.00
59.78 59.81 59.94 60.09 60.00 59.94 59.88 59.84 59.81 59.81 59.84 59.88 59.94 60.00 60.03 60.09 60.19 60.25 60.34 60.44 60.50 60.53 60.56 60.62 60.66 60.69 60.72 60.78 60.81 60.84 60.88 60.94 60.97 61.00 60.94 60.91 60.75 60.50 60.50 60.38 60.06 59.84 59.69 59.78 59.31 59.19 58.88 58.44 58.44 58.44 58.44 58.44 58.41 58.38 58.31 58.19 58.06 57.88 57.69 57.50 57.28 57.03 56.81 56.62 56.47 56.34 56.25 56.12 55.97 55.53 55.16 54.88 54.50 54.53 54.62 54.56 54.03
59.94 60.00 60.06 60.12 60.19 60.25 60.31 60.34 60.41 60.41 60.44 60.47 60.50 60.50 60.53 60.53 60.50 60.50 60.50 60.50 60.53 60.53 60.56 60.59 60.62 60.69 60.72 60.75 60.81 60.84 60.88 60.97 61.09 61.22 61.22 61.09 60.81 60.69 60.69 60.62 60.41 60.28 60.22 60.31 59.91 59.69 59.22 58.53 58.44 58.44 58.44 58.44 58.50 58.53 58.47 58.34 58.19 58.03 57.84 57.66 57.47 57.28 57.09 56.91 56.75 56.62 56.50 56.38 56.16 55.78 55.34 54.97 54.50 54.50 54.50 54.47 53.97
59.94 60.00 60.09 60.12 60.19 60.25 60.31 60.38 60.41 60.44 60.47 60.50 60.53 60.53 60.53 60.53 60.50 60.50 60.50 60.50 60.53 60.53 60.56 60.59 60.62 60.66 60.72 60.75 60.97 61.12 61.22 61.28 61.34 61.44 61.44 61.38 61.22 61.12 61.06 61.06 61.00 61.06 61.03 61.22 60.81 60.44 59.94 59.44 58.81 58.44 58.44 58.44 58.66 58.75 58.66 58.50 58.34 58.16 58.00 57.81 57.62 57.44 57.28 57.12 56.97 56.84 56.69 56.53 56.28 55.91 55.41 54.97 54.47 54.47 54.41 54.19 53.69
59.94 60.03 60.09 60.16 60.19 60.25 60.31 60.38 60.41 60.44 60.47 60.50 60.53 60.53 60.53 60.53 60.50 60.50 60.50 60.50 60.53 60.53 60.53 60.59 60.72 61.03 61.41 61.53 61.44 61.38 61.38 61.44 61.56 61.69 61.69 61.81 61.78 61.66 61.62 61.72 61.88 61.84 61.88 61.88 61.66 61.19 60.78 60.41 60.00 59.69 59.47 59.34 59.25 59.09 58.88 58.66 58.47 58.28 58.09 57.94 57.78 57.59 57.44 57.28 57.16 57.00 56.84 56.62 56.34 55.94 55.41 54.91 54.44 54.50 54.38 54.03 53.50
