everonasctiles/Tile[42,39].asc
ncols 128
nrows 128
xllcorner 0
yllcorner 0
cellsize 2.0
NODATA_value  -9999
[rows 64 to 95 of 128, columns 0 to 70 of 128]
-22.22 -22.28 -22.50 -22.62 -22.78 -23.00 -23.22 -23.59 -23.88 -24.03 -24.25 -24.34 -24.47 -24.75 -25.00 -25.28 -25.53 -25.75 -26.06 -26.31 -26.56 -26.78 -27.00 -27.41 -27.75 -28.12 -28.59 -29.03 -29.47 -29.88 -30.28 -30.81 -31.28 -31.66 -32.06 -32.53 -32.94 -33.31 -33.66 -34.03 -34.38 -34.72 -35.03 -35.38 -35.69 -36.00 -36.31 -36.59 -36.91 -37.22 -37.50 -37.78 -38.03 -38.25 -38.47 -38.66 -38.84 -39.00 -39.16 -39.28 -39.41 -39.53 -39.62 -39.69 -39.78 -39.84 -39.88 -39.94 -39.97 -40.00 -40.03
-22.28 -22.47 -22.72 -22.78 -22.91 -23.06 -23.31 -23.59 -23.81 -23.97 -24.06 -24.28 -24.44 -24.72 -25.03 -25.31 -25.62 -25.91 -26.25 -26.47 -26.75 -27.03 -27.25 -27.53 -27.88 -28.25 -28.69 -29.12 -29.62 -30.06 -30.56 -31.06 -31.53 -31.97 -32.38 -32.81 -33.16 -33.53 -33.88 -34.22 -34.59 -34.94 -35.28 -35.59 -35.91 -36.22 -36.50 -36.75 -37.03 -37.31 -37.56 -37.84 -38.09 -38.31 -38.50 -38.69 -38.84 -39.00 -39.16 -39.28 -39.41 -39.53 -39.62 -39.72 -39.78 -39.84 -39.91 -39.97 -40.00 -40.06 -40.09
-22.53 -22.62 -22.84 -22.94 -23.09 -23.22 -23.44 -23.56 -23.69 -23.81 -23.94 -24.19 -24.47 -24.78 -25.09 -25.34 -25.75 -26.12 -26.47 -26.75 -27.06 -27.34 -27.56 -27.81 -28.12 -28.41 -28.84 -29.34 -29.78 -30.28 -30.78 -31.25 -31.78 -32.25 -32.62 -33.00 -33.38 -33.72 -34.09 -34.44 -34.81 -35.16 -35.50 -35.81 -36.16 -36.44 -36.72 -36.97 -37.19 -37.44 -37.66 -37.91 -38.16 -38.38 -38.56 -38.72 -38.88 -39.03 -39.16 -39.28 -39.41 -39.53 -39.62 -39.72 -39.81 -39.88 -39.94 -40.00 -40.03 -40.09 -40.16
-22.72 -22.75 -22.88 -23.00 -23.16 -23.41 -23.62 -23.66 -23.75 -23.75 -23.88 -24.25 -24.59 -24.84 -25.09 -25.34 -25.75 -26.19 -26.66 -27.06 -27.41 -27.69 -27.91 -28.09 -28.34 -28.59 -29.06 -29.56 -29.97 -30.50 -31.00 -31.44 -31.97 -32.41 -32.78 -33.16 -33.53 -33.88 -34.25 -34.62 -35.00 -35.38 -35.72 -36.03 -36.34 -36.66 -36.94 -37.19 -37.38 -37.59 -37.81 -38.03 -38.25 -38.44 -38.62 -38.75 -38.91 -39.03 -39.19 -39.31 -39.44 -39.53 -39.62 -39.72 -39.81 -39.88 -39.94 -40.00 -40.06 -40.12 -40.19
-22.72 -22.84 -22.91 -22.97 -23.19 -23.41 -23.66 -23.78 -23.84 -23.94 -24.28 -24.59 -24.78 -24.94 -25.12 -25.38 -25.84 -26.28 -26.78 -27.19 -27.59 -27.88 -28.16 -28.41 -28.62 -28.84 -29.34 -29.78 -30.16 -30.72 -31.28 -31.75 -32.19 -32.56 -32.91 -33.28 -33.62 -34.00 -34.41 -34.78 -35.16 -35.53 -35.91 -36.22 -36.56 -36.84 -37.12 -37.41 -37.59 -37.78 -37.97 -38.19 -38.38 -38.56 -38.69 -38.84 -38.97 -39.09 -39.19 -39.31 -39.44 -39.56 -39.66 -39.75 -39.81 -39.91 -39.97 -40.03 -40.09 -40.16 -40.22
-22.78 -23.00 -23.06 -22.97 -23.09 -23.31 -23.66 -23.97 -24.09 -24.22 -24.59 -24.84 -25.09 -25.34 -25.44 -25.59 -25.88 -26.41 -26.91 -27.31 -27.66 -27.97 -28.28 -28.62 -28.97 -29.22 -29.66 -30.03 -30.47 -31.03 -31.50 -31.94 -32.31 -32.66 -33.00 -33.38 -33.72 -34.09 -34.50 -34.91 -35.31 -35.69 -36.06 -36.41 -36.72 -37.03 -37.31 -37.56 -37.81 -38.00 -38.19 -38.34 -38.53 -38.69 -38.81 -38.94 -39.03 -39.12 -39.25 -39.34 -39.47 -39.56 -39.69 -39.78 -39.84 -39.94 -40.00 -40.06 -40.12 -40.16 -40.22
-22.81 -22.97 -23.03 -23.06 -23.09 -23.31 -23.69 -23.94 -24.06 -24.31 -24.69 -24.97 -25.34 -25.62 -25.78 -25.91 -26.12 -26.50 -26.91 -27.28 -27.69 -28.03 -28.41 -28.81 -29.22 -29.56 -29.94 -30.31 -30.75 -31.22 -31.66 -32.03 -32.41 -32.75 -33.09 -33.44 -33.81 -34.22 -34.59 -35.00 -35.41 -35.81 -36.19 -36.53 -36.84 -37.16 -37.44 -37.72 -37.97 -38.19 -38.38 -38.53 -38.69 -38.84 -38.97 -39.06 -39.16 -39.22 -39.31 -39.41 -39.50 -39.62 -39.72 -39.81 -39.91 -39.97 -40.03 -40.09 -40.16 -40.19 -40.25
-22.72 -22.88 -23.06 -23.28 -23.31 -23.53 -23.91 -24.12 -24.31 -24.59 -24.97 -25.25 -25.59 -25.94 -26.12 -26.25 -26.38 -26.62 -26.97 -27.34 -27.72 -28.09 -28.53 -28.97 -29.34 -29.69 -30.06 -30.47 -30.97 -31.38 -31.75 -32.12 -32.47 -32.81 -33.16 -33.50 -33.91 -34.28 -34.69 -35.12 -35.53 -35.91 -36.28 -36.66 -36.97 -37.28 -37.56 -37.84 -38.09 -38.31 -38.50 -38.69 -38.84 -39.00 -39.09 -39.19 -39.28 -39.34 -39.41 -39.47 -39.56 -39.69 -39.78 -39.88 -39.97 -40.03 -40.09 -40.16 -40.19 -40.22 -40.25
-22.59 -22.91 -23.28 -23.50 -23.59 -23.91 -24.16 -24.25 -24.53 -24.84 -25.19 -25.44 -25.84 -26.19 -26.34 -26.50 -26.66 -26.88 -27.19 -27.47 -27.78 -28.16 -28.56 -29.00 -29.31 -29.66 -30.12 -30.56 -31.00 -31.41 -31.75 -32.09 -32.44 -32.78 -33.12 -33.53 -33.94 -34.34 -34.78 -35.19 -35.59 -36.00 -36.38 -36.72 -37.06 -37.34 -37.66 -37.91 -38.16 -38.41 -38.59 -38.81 -38.97 -39.12 -39.22 -39.31 -39.41 -39.47 -39.53 -39.59 -39.66 -39.75 -39.84 -39.94 -40.03 -40.09 -40.16 -40.22 -40.25 -40.28 -40.31
-22.69 -22.97 -23.44 -23.72 -23.91 -24.12 -24.31 -24.44 -24.66 -25.06 -25.41 -25.62 -26.03 -26.34 -26.53 -26.72 -26.88 -27.12 -27.50 -27.78 -28.06 -28.34 -28.69 -29.00 -29.28 -29.59 -30.12 -30.59 -31.00 -31.31 -31.66 -31.94 -32.25 -32.62 -33.06 -33.47 -33.91 -34.34 -34.78 -35.22 -35.62 -36.03 -36.41 -36.75 -37.09 -37.41 -37.69 -37.97 -38.22 -38.44 -38.66 -38.84 -39.03 -39.19 -39.31 -39.44 -39.53 -39.59 -39.66 -39.72 -39.78 -39.84 -39.94 -40.03 -40.12 -40.19 -40.25 -40.31 -40.34 -40.38 -40.38
-22.81 -23.09 -23.56 -23.91 -24.03 -24.22 -24.34 -24.53 -24.91 -25.38 -25.72 -25.91 -26.31 -26.72 -26.91 -27.06 -27.19 -27.41 -27.75 -28.06 -28.31 -28.62 -28.88 -29.12 -29.38 -29.75 -30.19 -30.56 -30.91 -31.19 -31.47 -31.69 -32.00 -32.41 -32.88 -33.38 -33.81 -34.28 -34.72 -35.16 -35.59 -36.00 -36.38 -36.72 -37.06 -37.38 -37.69 -37.94 -38.19 -38.44 -38.66 -38.84 -39.03 -39.22 -39.38 -39.50 -39.59 -39.69 -39.78 -39.84 -39.91 -39.97 -40.06 -40.16 -40.22 -40.28 -40.34 -40.41 -40.44 -40.47 -40.47
-22.81 -23.25 -23.62 -23.88 -23.94 -24.22 -24.44 -24.69 -25.41 -25.88 -26.09 -26.31 -26.75 -27.19 -27.41 -27.53 -27.56 -27.75 -28.00 -28.41 -28.66 -28.84 -29.09 -29.31 -29.59 -29.97 -30.31 -30.56 -30.81 -31.09 -31.31 -31.50 -31.78 -32.22 -32.75 -33.22 -33.72 -34.16 -34.62 -35.06 -35.47 -35.91 -36.28 -36.66 -37.00 -37.31 -37.62 -37.88 -38.12 -38.38 -38.59 -38.78 -38.97 -39.16 -39.31 -39.50 -39.62 -39.75 -39.88 -39.94 -40.03 -40.12 -40.19 -40.28 -40.34 -40.41 -40.47 -40.50 -40.53 -40.56 -40.59
-22.88 -23.31 -23.69 -23.91 -24.06 -24.38 -24.72 -25.00 -25.72 -26.31 -26.62 -26.94 -27.25 -27.59 -27.81 -27.91 -28.03 -28.19 -28.38 -28.72 -28.97 -29.12 -29.31 -29.50 -29.84 -30.19 -30.41 -30.56 -30.75 -30.88 -31.06 -31.31 -31.66 -32.06 -32.59 -33.09 -33.56 -34.00 -34.47 -34.91 -35.34 -35.78 -36.19 -36.56 -36.91 -37.22 -37.50 -37.78 -38.03 -38.25 -38.47 -38.69 -38.88 -39.06 -39.25 -39.44 -39.59 -39.78 -39.91 -40.03 -40.12 -40.22 -40.31 -40.41 -40.47 -40.53 -40.59 -40.62 -40.66 -40.69 -40.72
-23.03 -23.50 -23.78 -24.03 -24.22 -24.59 -25.16 -25.50 -25.97 -26.59 -26.91 -27.12 -27.41 -27.69 -27.88 -28.12 -28.44 -28.62 -28.78 -29.06 -29.31 -29.47 -29.59 -29.81 -30.12 -30.38 -30.53 -30.62 -30.69 -30.72 -30.84 -31.19 -31.62 -32.03 -32.47 -32.97 -33.41 -33.88 -34.34 -34.81 -35.25 -35.66 -36.06 -36.44 -36.78 -37.09 -37.38 -37.66 -37.91 -38.12 -38.34 -38.53 -38.75 -38.94 -39.16 -39.34 -39.53 -39.72 -39.91 -40.06 -40.19 -40.31 -40.41 -40.50 -40.56 -40.62 -40.69 -40.72 -40.75 -40.81 -40.84
-23.31 -23.56 -23.78 -24.06 -24.56 -25.09 -25.62 -25.81 -26.16 -26.53 -26.81 -27.00 -27.22 -27.53 -27.81 -28.16 -28.59 -28.84 -29.03 -29.28 -29.56 -29.81 -29.97 -30.19 -30.38 -30.56 -30.69 -30.75 -30.75 -30.81 -30.97 -31.28 -31.69 -32.06 -32.44 -32.91 -33.38 -33.81 -34.25 -34.69 -35.12 -35.56 -35.94 -36.31 -36.66 -36.97 -37.25 -37.53 -37.75 -38.00 -38.19 -38.41 -38.62 -38.84 -39.06 -39.28 -39.47 -39.69 -39.88 -40.03 -40.19 -40.34 -40.47 -40.56 -40.62 -40.72 -40.75 -40.81 -40.84 -40.91 -40.94
-23.28 -23.47 -23.66 -24.06 -24.69 -25.38 -25.84 -25.94 -25.88 -26.22 -26.50 -26.75 -26.97 -27.28 -27.62 -28.06 -28.53 -28.84 -29.12 -29.34 -29.69 -29.97 -30.19 -30.41 -30.56 -30.72 -30.81 -30.88 -30.88 -30.97 -31.16 -31.41 -31.75 -32.12 -32.53 -32.91 -33.31 -33.78 -34.19 -34.62 -35.03 -35.44 -35.81 -36.19 -36.53 -36.84 -37.12 -37.38 -37.62 -37.88 -38.09 -38.31 -38.56 -38.78 -39.00 -39.22 -39.44 -39.62 -39.84 -40.03 -40.19 -40.34 -40.47 -40.56 -40.66 -40.72 -40.78 -40.84 -40.91 -40.97 -41.03
-23.41 -23.47 -23.69 -24.19 -24.72 -25.41 -25.81 -25.88 -25.75 -26.00 -26.31 -26.56 -26.88 -27.19 -27.50 -27.97 -28.38 -28.69 -29.03 -29.34 -29.69 -29.97 -30.25 -30.47 -30.66 -30.81 -30.94 -31.00 -31.03 -31.16 -31.31 -31.53 -31.84 -32.19 -32.53 -32.91 -33.31 -33.72 -34.12 -34.56 -34.94 -35.34 -35.69 -36.06 -36.41 -36.72 -37.03 -37.31 -37.56 -37.81 -38.06 -38.31 -38.56 -38.78 -39.00 -39.22 -39.44 -39.62 -39.81 -40.00 -40.16 -40.31 -40.44 -40.53 -40.62 -40.69 -40.75 -40.81 -40.91 -40.97 -41.06
-23.56 -23.59 -23.84 -24.28 -24.81 -25.50 -25.88 -25.78 -25.66 -25.94 -26.25 -26.50 -26.78 -27.09 -27.34 -27.75 -28.19 -28.53 -28.84 -29.22 -29.53 -29.84 -30.16 -30.44 -30.69 -30.91 -31.03 -31.16 -31.19 -31.28 -31.44 -31.66 -31.94 -32.22 -32.50 -32.84 -33.28 -33.69 -34.06 -34.47 -34.84 -35.22 -35.59 -35.97 -36.31 -36.66 -36.97 -37.28 -37.56 -37.84 -38.12 -38.38 -38.62 -38.84 -39.06 -39.25 -39.47 -39.66 -39.81 -40.00 -40.16 -40.28 -40.41 -40.47 -40.56 -40.62 -40.69 -40.78 -40.84 -40.94 -41.03
-23.69 -23.78 -23.97 -24.31 -24.75 -25.41 -25.81 -25.72 -25.66 -25.81 -26.09 -26.41 -26.72 -27.03 -27.34 -27.69 -28.06 -28.50 -28.81 -29.09 -29.38 -29.62 -29.97 -30.31 -30.62 -30.91 -31.12 -31.25 -31.34 -31.44 -31.53 -31.75 -32.00 -32.25 -32.50 -32.84 -33.28 -33.66 -34.03 -34.41 -34.78 -35.16 -35.53 -35.88 -36.25 -36.59 -36.94 -37.28 -37.59 -37.91 -38.19 -38.44 -38.69 -38.94 -39.12 -39.31 -39.50 -39.69 -39.84 -40.00 -40.12 -40.25 -40.34 -40.41 -40.47 -40.53 -40.62 -40.69 -40.78 -40.88 -40.97
-23.91 -23.97 -24.19 -24.34 -24.66 -25.38 -25.84 -25.81 -25.75 -25.81 -26.06 -26.44 -26.72 -27.06 -27.41 -27.75 -28.06 -28.47 -28.78 -29.03 -29.28 -29.56 -29.91 -30.25 -30.56 -30.91 -31.16 -31.34 -31.50 -31.59 -31.72 -31.91 -32.09 -32.31 -32.56 -32.94 -33.28 -33.62 -34.00 -34.34 -34.72 -35.09 -35.47 -35.84 -36.22 -36.59 -36.94 -37.28 -37.62 -37.94 -38.25 -38.53 -38.78 -39.00 -39.22 -39.41 -39.56 -39.72 -39.84 -40.00 -40.09 -40.19 -40.25 -40.31 -40.38 -40.44 -40.53 -40.62 -40.72 -40.81 -40.91
-24.16 -24.28 -24.41 -24.53 -24.81 -25.38 -25.88 -25.94 -25.97 -26.00 -26.22 -26.62 -26.94 -27.25 -27.50 -27.78 -28.06 -28.44 -28.81 -29.09 -29.34 -29.62 -29.97 -30.25 -30.56 -30.88 -31.16 -31.41 -31.59 -31.75 -31.91 -32.03 -32.19 -32.38 -32.62 -32.97 -33.31 -33.66 -34.00 -34.34 -34.69 -35.06 -35.44 -35.81 -36.19 -36.56 -36.97 -37.31 -37.66 -38.00 -38.31 -38.59 -38.84 -39.09 -39.28 -39.47 -39.59 -39.75 -39.88 -39.97 -40.06 -40.12 -40.19 -40.22 -40.25 -40.34 -40.44 -40.53 -40.62 -40.75 -40.84
-24.38 -24.44 -24.59 -24.78 -25.00 -25.34 -25.84 -26.03 -26.09 -26.16 -26.34 -26.72 -27.06 -27.31 -27.50 -27.81 -28.09 -28.44 -28.88 -29.16 -29.44 -29.72 -30.06 -30.34 -30.59 -30.88 -31.16 -31.41 -31.69 -31.88 -32.03 -32.19 -32.31 -32.44 -32.69 -33.03 -33.38 -33.72 -34.06 -34.41 -34.72 -35.09 -35.44 -35.81 -36.19 -36.59 -36.97 -37.34 -37.69 -38.03 -38.34 -38.62 -38.88 -39.12 -39.31 -39.50 -39.66 -39.75 -39.88 -39.94 -40.00 -40.06 -40.06 -40.09 -40.16 -40.25 -40.34 -40.44 -40.56 -40.69 -40.78
-24.44 -24.66 -24.84 -24.97 -25.09 -25.34 -25.88 -26.09 -26.19 -26.28 -26.47 -26.81 -27.12 -27.41 -27.66 -27.88 -28.19 -28.50 -28.88 -29.22 -29.50 -29.78 -30.06 -30.34 -30.62 -30.91 -31.16 -31.41 -31.72 -31.97 -32.16 -32.31 -32.47 -32.59 -32.84 -33.12 -33.47 -33.78 -34.12 -34.47 -34.81 -35.16 -35.50 -35.84 -36.22 -36.59 -36.97 -37.34 -37.69 -38.03 -38.34 -38.62 -38.91 -39.12 -39.31 -39.50 -39.66 -39.75 -39.84 -39.88 -39.94 -39.94 -39.97 -40.00 -40.06 -40.12 -40.25 -40.38 -40.50 -40.62 -40.75
-24.62 -24.81 -24.94 -25.03 -25.09 -25.41 -25.81 -26.09 -26.28 -26.41 -26.62 -26.91 -27.22 -27.56 -27.88 -28.06 -28.28 -28.59 -28.91 -29.25 -29.53 -29.78 -30.03 -30.31 -30.59 -30.94 -31.22 -31.47 -31.78 -32.06 -32.28 -32.44 -32.59 -32.75 -32.97 -33.25 -33.56 -33.88 -34.22 -34.56 -34.88 -35.22 -35.56 -35.91 -36.25 -36.59 -36.97 -37.34 -37.69 -38.03 -38.31 -38.59 -38.88 -39.09 -39.28 -39.47 -39.59 -39.72 -39.78 -39.81 -39.81 -39.84 -39.88 -39.91 -39.94 -40.03 -40.16 -40.28 -40.41 -40.56 -40.69
-24.78 -24.97 -25.03 -25.12 -25.22 -25.50 -25.81 -26.12 -26.34 -26.56 -26.78 -27.06 -27.38 -27.66 -27.94 -28.16 -28.31 -28.53 -28.88 -29.19 -29.47 -29.72 -30.00 -30.28 -30.62 -30.97 -31.25 -31.53 -31.88 -32.12 -32.34 -32.53 -32.69 -32.88 -33.09 -33.34 -33.66 -33.97 -34.31 -34.62 -34.97 -35.31 -35.62 -35.94 -36.28 -36.62 -36.97 -37.31 -37.66 -38.00 -38.28 -38.56 -38.81 -39.03 -39.22 -39.41 -39.53 -39.62 -39.69 -39.72 -39.72 -39.72 -39.75 -39.78 -39.84 -39.97 -40.06 -40.22 -40.34 -40.47 -40.59
-24.94 -25.12 -25.22 -25.34 -25.47 -25.69 -26.00 -26.22 -26.38 -26.66 -26.78 -27.09 -27.44 -27.69 -27.94 -28.19 -28.38 -28.56 -28.84 -29.12 -29.41 -29.69 -30.00 -30.31 -30.69 -31.03 -31.34 -31.66 -31.97 -32.22 -32.44 -32.62 -32.78 -32.97 -33.19 -33.44 -33.72 -34.06 -34.38 -34.72 -35.03 -35.38 -35.69 -36.03 -36.34 -36.66 -37.00 -37.34 -37.66 -37.97 -38.25 -38.53 -38.75 -38.97 -39.16 -39.31 -39.47 -39.53 -39.59 -39.59 -39.62 -39.62 -39.66 -39.69 -39.78 -39.88 -40.00 -40.12 -40.25 -40.41 -40.53
-25.12 -25.22 -25.25 -25.41 -25.62 -25.88 -26.06 -26.22 -26.41 -26.59 -26.72 -26.94 -27.34 -27.59 -27.91 -28.22 -28.47 -28.69 -28.88 -29.09 -29.44 -29.75 -30.03 -30.41 -30.81 -31.12 -31.41 -31.72 -32.06 -32.31 -32.53 -32.72 -32.88 -33.03 -33.25 -33.50 -33.81 -34.09 -34.44 -34.75 -35.09 -35.44 -35.78 -36.12 -36.44 -36.75 -37.09 -37.41 -37.72 -38.00 -38.28 -38.53 -38.75 -38.94 -39.12 -39.25 -39.38 -39.47 -39.50 -39.53 -39.53 -39.53 -39.56 -39.62 -39.69 -39.81 -39.91 -40.03 -40.19 -40.31 -40.44
-25.25 -25.41 -25.47 -25.53 -25.69 -25.88 -26.09 -26.16 -26.31 -26.53 -26.78 -26.94 -27.16 -27.53 -27.91 -28.28 -28.53 -28.81 -29.03 -29.25 -29.53 -29.84 -30.06 -30.34 -30.81 -31.16 -31.47 -31.78 -32.12 -32.38 -32.59 -32.78 -32.94 -33.09 -33.31 -33.56 -33.84 -34.16 -34.47 -34.81 -35.12 -35.50 -35.88 -36.22 -36.56 -36.88 -37.19 -37.50 -37.78 -38.06 -38.31 -38.56 -38.75 -38.94 -39.09 -39.22 -39.34 -39.41 -39.47 -39.47 -39.47 -39.50 -39.53 -39.56 -39.66 -39.72 -39.84 -39.97 -40.09 -40.22 -40.34
-25.31 -25.47 -25.59 -25.72 -25.84 -26.03 -26.16 -26.25 -26.38 -26.56 -26.78 -26.97 -27.12 -27.53 -27.88 -28.22 -28.56 -28.84 -29.12 -29.44 -29.75 -30.03 -30.28 -30.50 -30.81 -31.19 -31.53 -31.88 -32.19 -32.44 -32.69 -32.88 -33.06 -33.19 -33.38 -33.62 -33.91 -34.22 -34.53 -34.84 -35.22 -35.56 -35.94 -36.31 -36.69 -37.03 -37.34 -37.62 -37.91 -38.16 -38.41 -38.62 -38.81 -38.97 -39.09 -39.22 -39.31 -39.41 -39.44 -39.47 -39.47 -39.47 -39.50 -39.53 -39.59 -39.69 -39.78 -39.88 -40.00 -40.12 -40.25
-25.53 -25.72 -25.84 -25.94 -26.00 -26.16 -26.31 -26.44 -26.50 -26.59 -26.88 -27.12 -27.28 -27.50 -27.84 -28.12 -28.38 -28.81 -29.19 -29.56 -29.88 -30.16 -30.44 -30.66 -30.91 -31.22 -31.59 -31.94 -32.25 -32.53 -32.78 -33.00 -33.16 -33.31 -33.50 -33.72 -34.00 -34.31 -34.62 -34.94 -35.31 -35.69 -36.06 -36.44 -36.78 -37.12 -37.44 -37.75 -38.00 -38.25 -38.50 -38.69 -38.88 -39.03 -39.16 -39.25 -39.34 -39.44 -39.47 -39.50 -39.50 -39.50 -39.50 -39.53 -39.59 -39.66 -39.72 -39.81 -39.91 -40.03 -40.19
-25.75 -25.94 -26.09 -26.19 -26.25 -26.41 -26.50 -26.53 -26.53 -26.72 -27.06 -27.28 -27.47 -27.66 -27.91 -28.22 -28.41 -28.81 -29.31 -29.69 -30.00 -30.31 -30.59 -30.84 -31.09 -31.38 -31.72 -32.03 -32.28 -32.59 -32.84 -33.09 -33.28 -33.47 -33.66 -33.88 -34.12 -34.44 -34.75 -35.09 -35.44 -35.81 -36.19 -36.53 -36.91 -37.25 -37.56 -37.84 -38.09 -38.34 -38.56 -38.78 -38.94 -39.09 -39.22 -39.31 -39.41 -39.47 -39.50 -39.53 -39.50 -39.50 -39.53 -39.53 -39.56 -39.62 -39.66 -39.72 -39.81 -39.94 -40.06
-26.00 -26.19 -26.31 -26.41 -26.50 -26.62 -26.75 -26.81 -26.88 -26.97 -27.22 -27.38 -27.53 -27.75 -27.97 -28.28 -28.56 -28.94 -29.41 -29.81 -30.16 -30.44 -30.75 -31.06 -31.31 -31.56 -31.84 -32.16 -32.41 -32.69 -32.94 -33.19 -33.41 -33.62 -33.81 -34.03 -34.28 -34.56 -34.88 -35.22 -35.56 -35.94 -36.31 -36.66 -37.00 -37.34 -37.66 -37.94 -38.19 -38.44 -38.66 -38.84 -39.03 -39.16 -39.28 -39.38 -39.47 -39.53 -39.53 -39.53 -39.53 -39.53 -39.53 -39.53 -39.56 -39.59 -39.62 -39.69 -39.75 -39.84 -39.97
