everonasctiles/Tile46,29.asc
ncols 128
nrows 128
xllcorner 0
yllcorner 0
cellsize 2.0
NODATA_value  -9999
[rows 32 to 63 of 128, columns 0 to 70 of 128]
-96.47 -96.50 -96.47 -96.44 -96.41 -96.41 -96.41 -96.44 -96.47 -96.50 -96.53 -96.53 -96.47 -96.41 -96.28 -96.16 -96.03 -95.91 -95.78 -95.62 -95.47 -95.28 -95.09 -94.88 -94.62 -94.34 -94.06 -93.75 -93.41 -93.06 -92.69 -92.31 -91.91 -91.50 -91.19 -90.94 -90.72 -90.47 -90.19 -89.81 -89.41 -88.97 -88.50 -88.00 -87.47 -86.94 -86.47 -86.06 -85.69 -85.31 -84.94 -84.59 -84.28 -84.12 -84.03 -83.91 -83.81 -83.69 -83.56 -83.34 -83.06 -82.69 -82.28 -81.84 -81.47 -80.97 -80.28 -79.91 -80.22 -80.56 -80.75
-96.50 -96.50 -96.47 -96.41 -96.38 -96.38 -96.38 -96.38 -96.41 -96.44 -96.47 -96.47 -96.44 -96.34 -96.22 -96.09 -95.94 -95.81 -95.69 -95.56 -95.38 -95.22 -95.00 -94.78 -94.53 -94.22 -93.88 -93.53 -93.19 -92.81 -92.44 -92.03 -91.59 -91.12 -90.69 -90.41 -90.16 -89.94 -89.66 -89.31 -88.94 -88.47 -88.03 -87.53 -87.00 -86.47 -85.97 -85.53 -85.12 -84.75 -84.38 -84.03 -83.75 -83.53 -83.41 -83.31 -83.22 -83.16 -83.03 -82.91 -82.69 -82.41 -82.03 -81.62 -81.25 -80.81 -80.19 -79.78 -80.06 -80.38 -80.56
-96.53 -96.50 -96.47 -96.41 -96.38 -96.34 -96.31 -96.31 -96.34 -96.38 -96.41 -96.41 -96.34 -96.25 -96.12 -95.97 -95.81 -95.69 -95.53 -95.41 -95.22 -95.06 -94.84 -94.62 -94.38 -94.06 -93.69 -93.31 -92.94 -92.53 -92.12 -91.72 -91.28 -90.78 -90.25 -89.84 -89.59 -89.34 -89.06 -88.75 -88.38 -87.94 -87.50 -87.00 -86.50 -86.00 -85.47 -84.97 -84.56 -84.19 -83.84 -83.50 -83.22 -82.97 -82.84 -82.72 -82.66 -82.59 -82.50 -82.41 -82.25 -82.03 -81.75 -81.38 -81.03 -80.62 -80.06 -79.72 -80.00 -80.25 -80.41
-96.56 -96.53 -96.47 -96.41 -96.34 -96.28 -96.25 -96.25 -96.25 -96.28 -96.31 -96.31 -96.25 -96.16 -96.00 -95.84 -95.69 -95.50 -95.34 -95.19 -95.03 -94.84 -94.62 -94.44 -94.19 -93.91 -93.53 -93.12 -92.72 -92.25 -91.81 -91.41 -90.94 -90.47 -89.94 -89.41 -89.00 -88.75 -88.47 -88.16 -87.78 -87.38 -86.91 -86.44 -85.97 -85.47 -84.97 -84.47 -84.03 -83.66 -83.31 -82.97 -82.72 -82.44 -82.28 -82.19 -82.09 -82.06 -82.00 -81.91 -81.78 -81.62 -81.41 -81.09 -80.78 -80.44 -79.94 -79.72 -79.97 -80.16 -80.28
-96.59 -96.56 -96.50 -96.41 -96.31 -96.25 -96.19 -96.16 -96.16 -96.19 -96.22 -96.19 -96.12 -96.00 -95.84 -95.69 -95.50 -95.31 -95.12 -94.97 -94.81 -94.59 -94.41 -94.16 -93.94 -93.69 -93.38 -92.97 -92.53 -92.06 -91.59 -91.12 -90.66 -90.16 -89.66 -89.12 -88.56 -88.16 -87.88 -87.56 -87.19 -86.78 -86.34 -85.88 -85.41 -84.94 -84.47 -84.00 -83.56 -83.16 -82.84 -82.53 -82.25 -81.97 -81.78 -81.69 -81.62 -81.56 -81.53 -81.44 -81.31 -81.19 -81.03 -80.81 -80.53 -80.22 -79.84 -79.72 -79.97 -80.09 -80.25
-96.62 -96.56 -96.50 -96.41 -96.31 -96.19 -96.12 -96.06 -96.06 -96.09 -96.09 -96.06 -95.97 -95.84 -95.69 -95.50 -95.31 -95.09 -94.88 -94.72 -94.53 -94.34 -94.12 -93.88 -93.62 -93.41 -93.12 -92.78 -92.38 -91.91 -91.38 -90.88 -90.38 -89.88 -89.38 -88.84 -88.31 -87.75 -87.34 -87.00 -86.66 -86.25 -85.81 -85.34 -84.88 -84.41 -84.00 -83.56 -83.06 -82.66 -82.38 -82.09 -81.81 -81.53 -81.34 -81.25 -81.19 -81.06 -80.94 -80.84 -80.81 -80.75 -80.66 -80.50 -80.28 -80.00 -79.72 -79.81 -80.00 -80.12 -80.25
-96.66 -96.59 -96.50 -96.38 -96.28 -96.16 -96.03 -95.97 -95.94 -95.97 -95.97 -95.94 -95.84 -95.69 -95.53 -95.31 -95.09 -94.84 -94.62 -94.41 -94.25 -94.03 -93.81 -93.53 -93.28 -93.03 -92.78 -92.50 -92.16 -91.72 -91.19 -90.66 -90.12 -89.59 -89.09 -88.56 -88.03 -87.50 -86.97 -86.53 -86.12 -85.72 -85.28 -84.84 -84.41 -83.97 -83.56 -83.09 -82.62 -82.19 -81.88 -81.62 -81.38 -81.16 -81.00 -80.88 -80.78 -80.62 -80.38 -80.19 -80.06 -80.06 -80.16 -80.09 -79.94 -79.69 -79.69 -79.91 -80.06 -80.19 -80.31
-96.62 -96.59 -96.50 -96.38 -96.22 -96.09 -95.97 -95.84 -95.81 -95.81 -95.81 -95.78 -95.69 -95.53 -95.38 -95.16 -94.91 -94.59 -94.31 -94.09 -93.91 -93.72 -93.47 -93.19 -92.88 -92.59 -92.34 -92.06 -91.78 -91.44 -90.97 -90.44 -89.88 -89.34 -88.81 -88.28 -87.75 -87.22 -86.69 -86.19 -85.72 -85.28 -84.84 -84.41 -83.97 -83.53 -83.09 -82.66 -82.22 -81.78 -81.44 -81.22 -81.03 -80.88 -80.75 -80.62 -80.47 -80.25 -79.97 -79.69 -79.47 -79.41 -79.44 -79.44 -79.44 -79.53 -79.84 -80.03 -80.16 -80.28 -80.41
-96.53 -96.53 -96.44 -96.31 -96.16 -96.00 -95.84 -95.72 -95.66 -95.62 -95.62 -95.56 -95.47 -95.34 -95.19 -94.97 -94.69 -94.38 -94.03 -93.75 -93.53 -93.34 -93.12 -92.84 -92.50 -92.12 -91.81 -91.56 -91.31 -91.06 -90.69 -90.19 -89.62 -89.06 -88.53 -88.00 -87.47 -86.94 -86.41 -85.91 -85.41 -84.94 -84.47 -83.97 -83.50 -83.06 -82.66 -82.25 -81.81 -81.44 -81.16 -80.97 -80.88 -80.84 -80.75 -80.62 -80.41 -80.12 -79.91 -79.66 -79.47 -79.28 -79.19 -79.19 -79.38 -79.69 -80.03 -80.16 -80.28 -80.41 -80.53
-96.41 -96.44 -96.38 -96.25 -96.09 -95.91 -95.72 -95.56 -95.44 -95.41 -95.34 -95.28 -95.19 -95.06 -94.94 -94.75 -94.50 -94.16 -93.78 -93.41 -93.12 -92.94 -92.75 -92.47 -92.12 -91.72 -91.34 -91.00 -90.75 -90.56 -90.28 -89.91 -89.38 -88.81 -88.28 -87.72 -87.19 -86.69 -86.16 -85.62 -85.12 -84.69 -84.19 -83.62 -83.12 -82.66 -82.22 -81.84 -81.53 -81.31 -81.19 -81.16 -81.09 -81.00 -80.88 -80.78 -80.59 -80.38 -80.28 -80.16 -80.03 -79.88 -79.72 -79.62 -79.72 -79.97 -80.25 -80.38 -80.47 -80.56 -80.66
-96.25 -96.28 -96.25 -96.16 -95.97 -95.78 -95.56 -95.38 -95.22 -95.12 -95.03 -94.94 -94.81 -94.72 -94.59 -94.44 -94.22 -93.91 -93.53 -93.09 -92.75 -92.50 -92.31 -92.06 -91.75 -91.34 -90.91 -90.50 -90.19 -90.00 -89.78 -89.50 -89.09 -88.56 -88.03 -87.47 -86.94 -86.41 -85.91 -85.38 -84.91 -84.47 -83.97 -83.34 -82.78 -82.28 -81.91 -81.69 -81.62 -81.62 -81.53 -81.41 -81.31 -81.19 -81.06 -80.94 -80.81 -80.72 -80.75 -80.78 -80.75 -80.66 -80.47 -80.28 -80.25 -80.41 -80.53 -80.59 -80.69 -80.78 -80.84
-96.03 -96.09 -96.12 -96.03 -95.84 -95.62 -95.38 -95.12 -94.94 -94.81 -94.69 -94.56 -94.44 -94.28 -94.16 -94.03 -93.84 -93.59 -93.22 -92.78 -92.38 -92.03 -91.81 -91.59 -91.31 -90.94 -90.50 -90.06 -89.66 -89.41 -89.22 -88.97 -88.66 -88.25 -87.75 -87.22 -86.69 -86.16 -85.66 -85.16 -84.69 -84.28 -83.75 -83.09 -82.53 -82.09 -81.94 -82.06 -82.03 -81.94 -81.81 -81.69 -81.56 -81.44 -81.31 -81.22 -81.12 -81.09 -81.12 -81.16 -81.16 -81.12 -81.06 -80.94 -80.84 -80.84 -80.88 -80.88 -80.94 -80.97 -81.03
-95.78 -95.91 -95.97 -95.91 -95.72 -95.44 -95.16 -94.88 -94.66 -94.47 -94.31 -94.19 -94.00 -93.81 -93.66 -93.50 -93.34 -93.12 -92.81 -92.41 -91.97 -91.56 -91.31 -91.06 -90.78 -90.47 -90.06 -89.62 -89.22 -88.84 -88.62 -88.44 -88.16 -87.81 -87.41 -86.94 -86.41 -85.91 -85.41 -84.94 -84.53 -84.09 -83.47 -82.84 -82.34 -82.25 -82.41 -82.44 -82.38 -82.25 -82.12 -82.00 -81.88 -81.72 -81.62 -81.56 -81.50 -81.50 -81.53 -81.53 -81.56 -81.50 -81.44 -81.34 -81.28 -81.22 -81.22 -81.19 -81.22 -81.22 -81.22
-95.53 -95.69 -95.78 -95.78 -95.59 -95.34 -95.00 -94.69 -94.34 -94.12 -93.94 -93.72 -93.47 -93.22 -93.00 -92.88 -92.75 -92.56 -92.31 -91.94 -91.53 -91.09 -90.78 -90.50 -90.22 -89.91 -89.56 -89.19 -88.81 -88.34 -88.06 -87.88 -87.62 -87.34 -86.97 -86.56 -86.12 -85.66 -85.19 -84.78 -84.31 -83.72 -83.09 -82.59 -82.50 -82.72 -82.81 -82.78 -82.72 -82.62 -82.50 -82.34 -82.22 -82.09 -82.03 -81.97 -81.94 -81.94 -81.94 -81.97 -81.97 -81.94 -81.84 -81.75 -81.66 -81.59 -81.53 -81.50 -81.50 -81.47 -81.41
-95.22 -95.44 -95.59 -95.66 -95.53 -95.25 -94.94 -94.59 -94.22 -93.84 -93.53 -93.25 -92.78 -92.34 -92.09 -92.12 -92.06 -91.94 -91.69 -91.38 -91.00 -90.59 -90.25 -90.00 -89.72 -89.41 -89.06 -88.72 -88.25 -87.66 -87.25 -87.09 -87.00 -86.81 -86.53 -86.19 -85.78 -85.38 -84.97 -84.53 -83.94 -83.31 -82.81 -82.66 -82.94 -83.12 -83.16 -83.12 -83.09 -83.00 -82.88 -82.75 -82.62 -82.53 -82.47 -82.44 -82.41 -82.38 -82.38 -82.41 -82.41 -82.34 -82.22 -82.12 -82.03 -81.94 -81.88 -81.81 -81.75 -81.69 -81.59
-94.91 -95.19 -95.38 -95.50 -95.44 -95.19 -94.84 -94.50 -94.09 -93.66 -93.22 -92.84 -92.28 -91.56 -91.12 -91.06 -91.25 -91.25 -91.03 -90.75 -90.41 -90.09 -89.66 -89.25 -88.94 -88.66 -88.31 -87.84 -87.31 -86.75 -86.34 -86.09 -85.97 -85.91 -85.78 -85.62 -85.31 -84.97 -84.56 -84.03 -83.47 -83.00 -82.84 -83.06 -83.38 -83.50 -83.53 -83.53 -83.50 -83.41 -83.28 -83.16 -83.06 -82.97 -82.91 -82.88 -82.84 -82.84 -82.81 -82.81 -82.78 -82.72 -82.59 -82.50 -82.38 -82.28 -82.19 -82.09 -82.00 -81.91 -81.78
-94.66 -94.97 -95.16 -95.28 -95.25 -95.03 -94.69 -94.31 -93.88 -93.44 -92.97 -92.50 -92.00 -91.09 -90.34 -90.03 -90.12 -90.38 -90.38 -90.12 -89.88 -89.53 -88.84 -88.22 -87.78 -87.41 -87.06 -86.66 -86.22 -85.75 -85.38 -85.16 -85.00 -84.91 -84.81 -84.66 -84.44 -84.16 -83.81 -83.47 -83.22 -83.19 -83.31 -83.56 -83.78 -83.88 -83.94 -83.94 -83.91 -83.81 -83.69 -83.59 -83.50 -83.44 -83.38 -83.34 -83.28 -83.25 -83.22 -83.19 -83.16 -83.06 -82.94 -82.81 -82.69 -82.56 -82.44 -82.31 -82.22 -82.09 -81.94
-94.53 -94.75 -94.94 -95.06 -95.00 -94.81 -94.47 -94.06 -93.62 -93.16 -92.69 -92.19 -91.66 -90.69 -89.78 -89.19 -89.03 -89.12 -89.28 -89.38 -89.19 -88.72 -87.97 -87.22 -86.66 -86.19 -85.84 -85.53 -85.22 -84.91 -84.69 -84.53 -84.47 -84.47 -84.44 -84.31 -84.09 -83.81 -83.56 -83.50 -83.66 -83.84 -83.97 -84.09 -84.19 -84.25 -84.31 -84.34 -84.28 -84.22 -84.09 -84.00 -83.94 -83.88 -83.81 -83.75 -83.69 -83.66 -83.59 -83.56 -83.47 -83.38 -83.25 -83.09 -82.97 -82.81 -82.66 -82.53 -82.38 -82.25 -82.06
-94.38 -94.56 -94.69 -94.75 -94.72 -94.56 -94.22 -93.81 -93.34 -92.78 -92.19 -91.62 -90.94 -90.12 -89.25 -88.53 -88.12 -88.03 -88.03 -88.06 -87.94 -87.59 -87.00 -86.28 -85.69 -85.22 -84.94 -84.78 -84.69 -84.69 -84.78 -84.88 -84.97 -85.06 -85.06 -84.94 -84.66 -84.31 -84.06 -84.09 -84.34 -84.53 -84.56 -84.53 -84.56 -84.62 -84.69 -84.72 -84.69 -84.59 -84.50 -84.41 -84.31 -84.25 -84.19 -84.12 -84.06 -84.00 -83.94 -83.84 -83.75 -83.62 -83.50 -83.34 -83.19 -83.03 -82.88 -82.69 -82.53 -82.38 -82.19
-94.22 -94.31 -94.38 -94.41 -94.38 -94.25 -94.00 -93.59 -93.06 -92.34 -91.50 -90.78 -90.12 -89.44 -88.72 -88.06 -87.59 -87.31 -87.12 -87.00 -86.78 -86.47 -86.03 -85.47 -85.00 -84.78 -84.75 -84.88 -85.00 -85.19 -85.31 -85.44 -85.50 -85.53 -85.53 -85.50 -85.34 -85.03 -84.78 -84.81 -84.97 -84.97 -84.94 -84.94 -84.94 -85.00 -85.03 -85.06 -85.03 -84.97 -84.88 -84.78 -84.69 -84.62 -84.53 -84.47 -84.38 -84.28 -84.19 -84.09 -83.97 -83.84 -83.69 -83.53 -83.38 -83.22 -83.03 -82.84 -82.66 -82.47 -82.31
-94.03 -94.06 -94.09 -94.06 -94.03 -93.94 -93.72 -93.34 -92.84 -92.19 -91.22 -90.34 -89.59 -89.00 -88.50 -88.12 -87.81 -87.50 -87.12 -86.69 -86.25 -85.81 -85.38 -85.03 -84.94 -85.09 -85.31 -85.44 -85.47 -85.53 -85.62 -85.69 -85.78 -85.81 -85.84 -85.81 -85.72 -85.59 -85.41 -85.34 -85.34 -85.34 -85.31 -85.31 -85.31 -85.34 -85.38 -85.41 -85.38 -85.31 -85.22 -85.09 -85.03 -84.94 -84.84 -84.72 -84.62 -84.50 -84.38 -84.25 -84.12 -83.97 -83.84 -83.69 -83.53 -83.34 -83.16 -82.97 -82.78 -82.59 -82.41
-93.88 -93.81 -93.78 -93.72 -93.66 -93.56 -93.41 -93.09 -92.62 -92.06 -91.28 -90.38 -89.66 -89.16 -88.88 -88.69 -88.44 -88.12 -87.78 -87.22 -86.56 -85.94 -85.50 -85.34 -85.47 -85.69 -85.75 -85.75 -85.72 -85.75 -85.81 -85.94 -86.03 -86.12 -86.16 -86.12 -86.03 -85.94 -85.81 -85.75 -85.72 -85.72 -85.72 -85.69 -85.69 -85.69 -85.69 -85.69 -85.66 -85.59 -85.50 -85.38 -85.28 -85.16 -85.06 -84.94 -84.81 -84.66 -84.53 -84.38 -84.22 -84.06 -83.94 -83.81 -83.66 -83.47 -83.28 -83.06 -82.88 -82.69 -82.50
-93.75 -93.59 -93.47 -93.34 -93.25 -93.16 -93.06 -92.84 -92.44 -91.94 -91.34 -90.66 -90.06 -89.66 -89.34 -89.03 -88.72 -88.41 -88.09 -87.72 -87.12 -86.44 -86.00 -85.94 -86.03 -86.06 -86.03 -86.00 -85.97 -85.94 -86.00 -86.12 -86.28 -86.41 -86.44 -86.44 -86.34 -86.25 -86.19 -86.09 -86.06 -86.06 -86.06 -86.03 -86.00 -86.00 -86.00 -85.97 -85.91 -85.84 -85.72 -85.59 -85.47 -85.34 -85.19 -85.03 -84.91 -84.75 -84.59 -84.44 -84.28 -84.16 -84.00 -83.88 -83.72 -83.53 -83.34 -83.16 -82.94 -82.75 -82.56
-93.62 -93.41 -93.19 -93.00 -92.84 -92.78 -92.69 -92.53 -92.25 -91.81 -91.34 -90.81 -90.34 -89.97 -89.62 -89.31 -89.00 -88.66 -88.28 -87.94 -87.50 -86.91 -86.56 -86.47 -86.44 -86.34 -86.31 -86.25 -86.19 -86.16 -86.19 -86.31 -86.47 -86.59 -86.69 -86.72 -86.66 -86.56 -86.50 -86.44 -86.41 -86.38 -86.34 -86.34 -86.31 -86.28 -86.25 -86.19 -86.12 -86.03 -85.91 -85.75 -85.59 -85.44 -85.25 -85.09 -84.94 -84.78 -84.62 -84.47 -84.34 -84.19 -84.06 -83.91 -83.75 -83.56 -83.38 -83.19 -82.97 -82.78 -82.59
-93.50 -93.28 -93.03 -92.81 -92.59 -92.44 -92.38 -92.25 -92.03 -91.69 -91.31 -90.91 -90.53 -90.19 -89.88 -89.56 -89.22 -88.84 -88.47 -88.12 -87.72 -87.28 -87.00 -86.84 -86.75 -86.66 -86.59 -86.50 -86.41 -86.34 -86.38 -86.47 -86.59 -86.75 -86.88 -86.94 -86.91 -86.88 -86.78 -86.72 -86.69 -86.66 -86.62 -86.59 -86.53 -86.50 -86.44 -86.38 -86.28 -86.16 -86.00 -85.84 -85.66 -85.47 -85.28 -85.09 -84.94 -84.78 -84.66 -84.50 -84.34 -84.22 -84.06 -83.91 -83.75 -83.56 -83.38 -83.19 -82.97 -82.81 -82.66
-93.41 -93.19 -92.94 -92.72 -92.47 -92.28 -92.12 -91.97 -91.81 -91.56 -91.28 -90.97 -90.66 -90.34 -90.03 -89.72 -89.41 -89.03 -88.66 -88.28 -87.91 -87.59 -87.34 -87.19 -87.03 -86.94 -86.81 -86.69 -86.62 -86.56 -86.56 -86.62 -86.75 -86.88 -87.00 -87.09 -87.12 -87.09 -87.03 -86.97 -86.91 -86.88 -86.81 -86.78 -86.72 -86.66 -86.59 -86.47 -86.38 -86.22 -86.06 -85.88 -85.66 -85.47 -85.28 -85.12 -84.97 -84.81 -84.66 -84.50 -84.38 -84.22 -84.06 -83.88 -83.72 -83.56 -83.38 -83.19 -83.00 -82.81 -82.66
-93.31 -93.09 -92.88 -92.66 -92.44 -92.19 -91.97 -91.78 -91.59 -91.44 -91.22 -90.97 -90.72 -90.44 -90.16 -89.88 -89.53 -89.19 -88.84 -88.47 -88.16 -87.88 -87.66 -87.47 -87.31 -87.16 -87.00 -86.88 -86.81 -86.75 -86.78 -86.81 -86.88 -87.00 -87.12 -87.22 -87.25 -87.25 -87.22 -87.16 -87.09 -87.03 -87.00 -86.94 -86.84 -86.78 -86.66 -86.53 -86.38 -86.22 -86.06 -85.88 -85.69 -85.47 -85.28 -85.12 -84.97 -84.81 -84.66 -84.53 -84.34 -84.19 -84.03 -83.84 -83.69 -83.50 -83.34 -83.16 -82.97 -82.81 -82.69
-93.19 -93.00 -92.81 -92.59 -92.34 -92.09 -91.84 -91.62 -91.44 -91.28 -91.12 -90.97 -90.75 -90.50 -90.25 -89.97 -89.66 -89.34 -89.00 -88.69 -88.38 -88.12 -87.91 -87.69 -87.53 -87.34 -87.19 -87.06 -87.00 -86.94 -86.94 -86.97 -87.03 -87.12 -87.22 -87.31 -87.38 -87.38 -87.34 -87.28 -87.22 -87.16 -87.09 -87.03 -86.94 -86.81 -86.69 -86.53 -86.38 -86.22 -86.03 -85.84 -85.66 -85.47 -85.28 -85.12 -84.97 -84.81 -84.66 -84.50 -84.34 -84.16 -83.97 -83.81 -83.62 -83.47 -83.28 -83.12 -82.97 -82.81 -82.69
-93.06 -92.88 -92.69 -92.50 -92.25 -92.00 -91.75 -91.50 -91.28 -91.12 -91.00 -90.88 -90.75 -90.56 -90.31 -90.06 -89.75 -89.47 -89.16 -88.88 -88.59 -88.34 -88.09 -87.88 -87.69 -87.50 -87.34 -87.22 -87.16 -87.12 -87.12 -87.12 -87.16 -87.22 -87.31 -87.38 -87.44 -87.47 -87.44 -87.38 -87.31 -87.25 -87.16 -87.06 -86.97 -86.84 -86.69 -86.53 -86.34 -86.19 -86.00 -85.81 -85.62 -85.44 -85.25 -85.09 -84.94 -84.78 -84.62 -84.47 -84.28 -84.09 -83.94 -83.75 -83.56 -83.41 -83.22 -83.06 -82.91 -82.78 -82.66
-92.88 -92.72 -92.53 -92.34 -92.12 -91.88 -91.62 -91.38 -91.12 -90.97 -90.84 -90.78 -90.69 -90.56 -90.34 -90.09 -89.84 -89.56 -89.28 -89.03 -88.75 -88.50 -88.25 -88.03 -87.81 -87.62 -87.47 -87.38 -87.31 -87.28 -87.28 -87.28 -87.28 -87.31 -87.38 -87.41 -87.47 -87.50 -87.50 -87.44 -87.38 -87.28 -87.19 -87.09 -86.97 -86.84 -86.69 -86.53 -86.34 -86.16 -85.97 -85.78 -85.59 -85.41 -85.22 -85.03 -84.88 -84.72 -84.56 -84.41 -84.22 -84.03 -83.88 -83.69 -83.50 -83.31 -83.16 -83.00 -82.88 -82.72 -82.62
-92.69 -92.53 -92.34 -92.19 -91.97 -91.75 -91.50 -91.25 -91.00 -90.81 -90.69 -90.62 -90.56 -90.50 -90.34 -90.12 -89.88 -89.62 -89.38 -89.12 -88.88 -88.62 -88.38 -88.12 -87.91 -87.72 -87.59 -87.50 -87.47 -87.44 -87.41 -87.41 -87.38 -87.38 -87.41 -87.44 -87.47 -87.50 -87.50 -87.47 -87.38 -87.28 -87.19 -87.09 -86.97 -86.84 -86.69 -86.53 -86.34 -86.19 -86.00 -85.78 -85.59 -85.41 -85.22 -85.03 -84.81 -84.66 -84.47 -84.31 -84.16 -83.97 -83.81 -83.62 -83.44 -83.25 -83.09 -82.94 -82.81 -82.69 -82.56
-92.50 -92.34 -92.16 -92.00 -91.81 -91.59 -91.34 -91.09 -90.88 -90.66 -90.53 -90.44 -90.41 -90.38 -90.25 -90.09 -89.88 -89.62 -89.38 -89.12 -88.88 -88.66 -88.41 -88.16 -87.94 -87.78 -87.66 -87.59 -87.59 -87.59 -87.56 -87.53 -87.47 -87.44 -87.44 -87.44 -87.47 -87.50 -87.50 -87.47 -87.38 -87.28 -87.19 -87.09 -86.97 -86.84 -86.72 -86.56 -86.41 -86.22 -86.03 -85.84 -85.66 -85.47 -85.25 -85.03 -84.81 -84.59 -84.41 -84.22 -84.06 -83.88 -83.72 -83.56 -83.38 -83.19 -83.03 -82.88 -82.75 -82.62 -82.53
