everonasctiles/Tile[18,15].asc
ncols 128
nrows 128
xllcorner 0
yllcorner 0
cellsize 2.0
NODATA_value  -9999
[rows 35 to 69 of 128, columns 0 to 78 of 128]
33.16 33.16 33.09 32.84 32.62 32.38 32.12 31.91 31.66 31.38 31.12 30.88 30.62 30.38 30.09 29.81 29.41 29.03 28.75 28.44 28.09 27.69 27.25 26.75 26.19 25.59 25.06 24.56 24.06 23.59 23.12 22.66 22.19 21.72 21.25 20.81 20.41 20.00 19.62 19.22 18.84 18.47 18.12 17.78 17.47 17.16 16.84 16.53 16.25 15.97 15.69 15.41 14.75 13.81 13.12 12.91 12.69 12.72 12.84 13.19 13.50 13.56 13.53 13.59 13.78 14.03 14.34 14.66 15.00 15.31 15.62 15.91 16.19 16.41 16.59 16.75 16.91 16.94 16.88
33.09 32.56 32.44 32.59 32.44 32.19 31.97 31.72 31.47 31.22 30.94 30.69 30.44 30.19 29.94 29.66 29.41 29.06 28.69 28.38 28.03 27.62 27.19 26.69 26.09 25.50 24.94 24.41 23.88 23.38 22.88 22.41 21.94 21.47 21.03 20.59 20.19 19.81 19.44 19.06 18.69 18.31 17.94 17.62 17.31 17.03 16.75 16.53 16.25 16.03 15.78 15.50 15.22 14.59 13.72 13.03 12.75 12.53 12.50 12.62 12.94 13.28 13.38 13.34 13.47 13.66 13.91 14.22 14.53 14.81 15.12 15.41 15.69 15.94 16.19 16.41 16.59 16.66 16.56
33.38 32.59 31.88 31.56 31.94 32.03 31.78 31.53 31.28 31.03 30.78 30.50 30.25 30.00 29.75 29.50 29.25 28.97 28.69 28.34 27.97 27.59 27.16 26.62 26.03 25.41 24.81 24.25 23.72 23.19 22.66 22.19 21.72 21.25 20.81 20.41 20.03 19.62 19.28 18.91 18.53 18.16 17.81 17.47 17.16 16.91 16.66 16.44 16.22 16.03 15.81 15.59 15.31 15.00 14.47 13.62 12.97 12.56 12.34 12.38 12.41 12.72 13.03 13.16 13.19 13.31 13.53 13.78 14.03 14.31 14.59 14.91 15.19 15.47 15.72 16.00 16.22 16.38 16.34
34.50 33.19 31.88 31.03 30.53 31.19 31.53 31.34 31.09 30.84 30.59 30.34 30.09 29.81 29.56 29.31 29.06 28.81 28.53 28.25 27.94 27.56 27.12 26.62 26.03 25.38 24.75 24.12 23.56 23.00 22.47 21.97 21.50 21.06 20.66 20.25 19.91 19.50 19.16 18.78 18.44 18.09 17.72 17.38 17.06 16.78 16.53 16.31 16.12 15.97 15.81 15.59 15.38 15.06 14.75 14.34 13.53 12.84 12.41 12.19 12.22 12.22 12.47 12.78 12.94 13.03 13.16 13.34 13.56 13.81 14.09 14.38 14.66 14.97 15.25 15.53 15.81 16.00 16.09
35.66 34.31 32.69 31.09 30.31 29.97 30.44 30.97 30.94 30.66 30.41 30.16 29.91 29.66 29.38 29.12 28.88 28.62 28.31 28.03 27.75 27.47 27.16 26.69 26.06 25.41 24.75 24.06 23.44 22.84 22.28 21.75 21.31 20.88 20.50 20.12 19.78 19.41 19.06 18.69 18.34 18.00 17.66 17.31 17.00 16.69 16.41 16.19 16.00 15.88 15.75 15.59 15.38 15.12 14.81 14.53 14.19 13.41 12.72 12.25 12.03 12.03 12.00 12.19 12.47 12.69 12.81 12.94 13.12 13.31 13.56 13.84 14.16 14.47 14.78 15.09 15.38 15.62 15.78
36.38 35.34 34.03 32.25 30.69 30.16 29.88 29.91 30.50 30.47 30.22 29.97 29.72 29.47 29.22 28.94 28.69 28.41 28.12 27.84 27.56 27.28 27.00 26.75 26.25 25.53 24.81 24.06 23.38 22.69 22.09 21.56 21.12 20.72 20.34 20.00 19.66 19.31 18.94 18.59 18.25 17.91 17.56 17.25 16.94 16.62 16.34 16.09 15.88 15.75 15.62 15.50 15.31 15.09 14.84 14.53 14.28 13.97 13.22 12.56 12.09 11.88 11.78 11.78 11.91 12.16 12.44 12.56 12.66 12.81 13.03 13.31 13.59 13.94 14.28 14.59 14.91 15.19 15.41
37.06 36.19 35.16 33.84 32.16 30.62 30.12 29.78 29.53 29.75 29.97 29.78 29.53 29.28 29.03 28.78 28.50 28.22 27.94 27.66 27.38 27.09 26.81 26.50 26.28 25.88 25.00 24.19 23.38 22.62 21.97 21.41 20.97 20.59 20.25 19.91 19.56 19.22 18.88 18.50 18.16 17.81 17.50 17.19 16.88 16.56 16.31 16.03 15.81 15.62 15.50 15.38 15.25 15.03 14.81 14.56 14.28 14.03 13.75 13.03 12.41 11.94 11.78 11.56 11.56 11.66 11.88 12.12 12.25 12.34 12.50 12.75 13.06 13.41 13.78 14.12 14.47 14.78 15.03
37.72 36.94 36.16 35.12 33.72 32.03 30.81 30.00 29.25 28.72 28.75 29.31 29.34 29.09 28.84 28.59 28.31 28.03 27.75 27.47 27.16 26.88 26.59 26.31 26.03 25.72 25.41 24.56 23.50 22.59 21.84 21.25 20.81 20.47 20.16 19.81 19.47 19.12 18.78 18.41 18.06 17.75 17.41 17.09 16.81 16.53 16.25 16.00 15.78 15.56 15.41 15.28 15.12 14.97 14.75 14.53 14.28 14.03 13.75 13.44 12.84 12.25 11.81 11.59 11.38 11.34 11.41 11.56 11.78 11.88 11.97 12.22 12.53 12.88 13.28 13.66 14.00 14.34 14.59
38.16 37.59 36.84 35.91 34.78 33.44 32.06 30.56 29.31 28.56 28.09 27.94 28.53 28.88 28.66 28.41 28.12 27.81 27.53 27.25 26.97 26.69 26.41 26.12 25.84 25.47 25.16 24.88 24.16 22.88 21.88 21.25 20.78 20.47 20.12 19.75 19.41 19.03 18.69 18.31 17.97 17.66 17.34 17.03 16.75 16.47 16.19 15.97 15.75 15.56 15.38 15.22 15.06 14.88 14.72 14.50 14.28 14.03 13.75 13.44 13.16 12.69 12.12 11.66 11.38 11.06 11.09 11.12 11.25 11.44 11.50 11.62 11.97 12.38 12.78 13.19 13.56 13.91 14.19
38.47 38.00 37.34 36.47 35.47 34.44 33.19 31.59 30.03 28.81 28.09 27.56 27.41 27.75 28.28 28.19 27.91 27.62 27.34 27.06 26.78 26.50 26.22 25.94 25.59 25.28 24.94 24.59 24.28 23.84 22.81 21.62 20.97 20.53 20.16 19.75 19.34 18.94 18.56 18.22 17.88 17.56 17.25 16.94 16.66 16.41 16.16 15.94 15.75 15.56 15.38 15.19 15.00 14.84 14.66 14.47 14.25 14.00 13.72 13.44 13.12 12.84 12.47 11.91 11.44 11.12 10.88 10.78 10.75 10.94 11.16 11.16 11.47 11.91 12.31 12.72 13.12 13.47 13.78
38.69 38.22 37.66 36.94 36.03 34.97 33.88 32.53 31.06 29.78 28.56 27.84 27.28 26.94 26.97 27.50 27.69 27.44 27.16 26.88 26.59 26.31 26.00 25.72 25.41 25.06 24.72 24.41 24.06 23.72 23.41 22.69 21.50 20.72 20.22 19.75 19.28 18.84 18.44 18.09 17.75 17.47 17.16 16.88 16.59 16.34 16.12 15.91 15.75 15.56 15.38 15.19 15.00 14.81 14.66 14.44 14.25 14.00 13.72 13.41 13.12 12.84 12.56 12.19 11.69 11.16 10.78 10.62 10.44 10.47 10.78 11.00 11.06 11.47 11.88 12.28 12.69 13.06 13.38
38.84 38.38 37.84 37.19 36.34 35.41 34.44 33.28 32.03 31.06 29.94 28.78 27.69 27.00 26.59 26.41 26.75 27.19 26.97 26.66 26.38 26.09 25.81 25.53 25.19 24.84 24.53 24.19 23.84 23.53 23.19 22.88 22.44 21.53 20.47 19.88 19.31 18.78 18.34 18.00 17.69 17.38 17.09 16.78 16.53 16.28 16.09 15.91 15.72 15.56 15.38 15.22 15.03 14.84 14.66 14.44 14.22 13.97 13.69 13.41 13.09 12.81 12.53 12.25 11.94 11.34 10.81 10.44 10.25 10.09 10.22 10.59 10.78 11.09 11.47 11.88 12.28 12.66 13.00
38.97 38.50 38.00 37.41 36.56 35.66 34.78 33.72 32.59 31.72 31.12 30.28 28.94 27.59 26.81 26.34 26.22 26.31 26.66 26.50 26.19 25.91 25.66 25.31 24.97 24.66 24.31 24.00 23.66 23.31 23.00 22.66 22.31 22.00 21.41 20.69 19.78 19.03 18.50 18.06 17.66 17.34 17.00 16.72 16.47 16.25 16.06 15.88 15.72 15.56 15.41 15.25 15.06 14.88 14.66 14.44 14.22 13.94 13.66 13.38 13.06 12.78 12.47 12.19 11.91 11.59 11.00 10.38 10.03 9.88 9.75 10.09 10.47 10.75 11.06 11.47 11.88 12.25 12.66
39.09 38.66 38.16 37.47 36.72 35.84 34.97 33.97 33.00 32.22 31.53 30.94 30.25 29.00 27.66 26.75 26.38 26.06 25.72 25.94 25.97 25.75 25.44 25.09 24.78 24.44 24.12 23.78 23.44 23.12 22.78 22.44 22.12 21.69 21.34 21.03 20.66 19.97 19.03 18.38 17.84 17.38 17.00 16.69 16.44 16.19 16.00 15.84 15.72 15.59 15.44 15.31 15.12 14.94 14.72 14.47 14.22 13.97 13.69 13.38 13.06 12.75 12.44 12.12 11.81 11.56 11.22 10.53 9.94 9.69 9.56 9.66 10.09 10.41 10.69 11.03 11.44 11.88 12.28
39.16 38.75 38.22 37.62 36.78 35.97 35.19 34.34 33.44 32.69 31.88 31.31 30.81 30.19 29.19 28.00 26.94 26.16 25.56 25.09 24.97 25.25 25.22 24.91 24.56 24.25 23.91 23.56 23.25 22.91 22.56 22.25 21.91 21.50 21.19 20.84 20.50 20.19 19.78 19.12 18.34 17.69 17.25 16.91 16.56 16.28 16.03 15.84 15.72 15.62 15.50 15.38 15.22 15.00 14.78 14.53 14.28 14.00 13.72 13.41 13.09 12.75 12.38 12.03 11.75 11.47 11.25 10.75 10.00 9.50 9.31 9.41 9.75 10.12 10.28 10.56 10.97 11.44 11.94
39.19 38.75 38.25 37.72 37.00 36.22 35.44 34.62 33.88 33.00 32.28 31.66 31.09 30.59 30.00 29.12 28.06 26.78 25.72 25.03 24.50 24.12 24.31 24.50 24.38 24.03 23.69 23.38 23.03 22.69 22.38 22.03 21.69 21.34 21.00 20.69 20.34 20.00 19.56 19.28 18.97 18.44 17.94 17.44 17.00 16.69 16.34 16.03 15.78 15.62 15.59 15.50 15.34 15.12 14.88 14.62 14.34 14.06 13.75 13.44 13.12 12.78 12.34 12.00 11.66 11.38 11.12 10.84 10.09 9.47 9.19 9.25 9.41 9.88 10.00 10.12 10.47 11.03 11.59
39.22 38.75 38.25 37.72 37.12 36.44 35.62 34.91 34.25 33.56 32.81 32.16 31.53 30.94 30.28 29.50 28.84 27.84 26.62 25.28 24.66 24.19 23.69 23.53 23.72 23.78 23.50 23.16 22.81 22.50 22.16 21.84 21.53 21.19 20.84 20.50 20.16 19.81 19.47 19.16 18.84 18.50 18.25 17.97 17.59 17.31 17.00 16.72 16.41 16.16 15.91 15.75 15.53 15.28 15.03 14.75 14.44 14.16 13.88 13.56 13.28 12.88 12.50 12.00 11.59 11.28 10.97 10.72 10.22 9.50 9.12 9.03 9.16 9.50 9.81 9.84 9.94 10.50 11.22
39.28 38.75 38.19 37.69 37.12 36.56 35.97 35.34 34.72 34.12 33.41 32.81 32.22 31.62 30.94 30.38 29.69 28.62 27.62 26.41 25.38 24.69 23.97 23.44 23.16 23.06 23.06 22.94 22.62 22.28 21.97 21.69 21.34 21.03 20.69 20.34 20.00 19.66 19.34 19.03 18.75 18.44 18.19 17.84 17.59 17.34 17.12 16.91 16.69 16.44 16.25 16.09 15.91 15.72 15.50 15.28 15.06 14.91 14.78 14.66 14.53 14.25 13.53 12.44 11.72 11.12 10.78 10.50 10.22 9.53 9.03 8.88 8.97 9.09 9.41 9.69 9.72 10.19 10.78
39.38 38.78 38.28 37.72 37.22 36.69 36.19 35.69 35.16 34.53 33.94 33.38 32.91 32.34 31.81 31.12 30.41 29.62 28.78 27.91 27.00 25.91 24.78 24.00 23.59 22.97 22.56 22.38 22.34 22.09 21.81 21.53 21.19 20.84 20.53 20.19 19.84 19.53 19.22 18.94 18.66 18.38 18.09 17.84 17.59 17.34 17.09 16.88 16.66 16.41 16.25 16.06 15.91 15.75 15.59 15.44 15.25 15.16 15.06 14.97 14.88 14.78 14.69 13.88 12.34 11.44 10.56 10.19 10.06 9.50 8.94 8.88 8.75 8.81 9.03 9.47 9.56 9.69 10.16
39.34 38.84 38.31 37.78 37.25 36.78 36.28 35.84 35.38 34.84 34.38 33.91 33.50 33.03 32.50 31.84 31.16 30.41 29.78 29.06 28.19 27.22 26.25 25.22 24.44 23.44 22.81 22.09 21.72 21.59 21.66 21.38 21.03 20.69 20.34 20.00 19.69 19.41 19.09 18.81 18.56 18.31 18.06 17.81 17.59 17.34 17.09 16.88 16.66 16.44 16.25 16.06 15.91 15.75 15.59 15.44 15.25 15.16 15.06 14.97 14.88 14.78 14.69 14.59 13.31 11.44 10.69 10.28 10.00 9.44 8.84 8.78 8.75 8.75 8.94 9.28 9.41 9.44 10.12
39.34 38.81 38.38 37.81 37.34 36.84 36.34 35.91 35.53 35.12 34.75 34.31 34.03 33.56 33.09 32.50 31.84 31.09 30.44 29.59 28.69 27.81 27.06 26.41 25.62 24.38 23.28 22.38 21.50 20.91 20.78 20.84 20.81 20.53 20.19 19.84 19.53 19.25 19.00 18.72 18.44 18.22 18.00 17.78 17.56 17.31 17.09 16.88 16.66 16.44 16.25 16.09 15.91 15.75 15.59 15.44 15.25 15.16 15.06 14.97 14.88 14.78 14.69 14.59 13.97 11.31 10.59 10.22 9.91 9.34 8.78 8.66 8.66 8.72 8.88 9.09 9.25 9.38 9.88
39.44 38.94 38.38 37.91 37.44 36.97 36.53 36.09 35.78 35.41 35.09 34.78 34.47 34.09 33.72 33.22 32.53 31.75 30.91 29.88 28.91 28.16 27.38 26.78 26.19 25.38 24.16 22.88 21.91 21.22 20.53 20.00 19.91 20.00 19.97 19.69 19.44 19.16 18.88 18.59 18.34 18.12 17.94 17.72 17.53 17.28 17.06 16.84 16.66 16.44 16.25 16.09 15.91 15.75 15.56 15.41 15.25 15.16 15.06 14.97 14.88 14.78 14.69 14.59 14.19 11.12 10.44 10.12 9.78 9.25 8.69 8.56 8.53 8.62 8.69 8.81 8.97 9.09 9.59
39.38 38.91 38.41 37.94 37.50 37.06 36.66 36.31 35.97 35.69 35.38 35.09 34.84 34.59 34.25 33.81 33.16 32.41 31.41 30.25 29.38 28.44 27.59 27.00 26.47 25.91 25.25 24.22 23.09 22.09 21.22 20.31 19.50 19.03 19.03 19.19 19.22 19.06 18.75 18.44 18.25 18.06 17.88 17.69 17.47 17.25 17.06 16.84 16.62 16.44 16.25 16.06 15.91 15.72 15.56 15.41 15.25 15.16 15.06 14.97 14.88 14.78 14.69 14.59 13.97 10.88 10.38 10.03 9.66 9.06 8.62 8.44 8.44 8.47 8.59 8.78 8.78 8.72 9.28
39.22 38.78 38.38 37.97 37.53 37.12 36.75 36.44 36.22 35.97 35.69 35.47 35.19 34.94 34.62 34.19 33.66 32.91 31.91 30.84 29.81 28.81 27.91 27.22 26.78 26.41 25.88 25.09 24.03 23.03 22.12 21.22 20.31 19.25 18.69 18.38 18.25 18.25 18.34 18.34 18.12 17.94 17.78 17.62 17.44 17.25 17.03 16.81 16.59 16.41 16.22 16.06 15.88 15.72 15.56 15.41 15.25 15.16 15.06 14.97 14.88 14.78 14.69 14.59 13.19 10.94 10.41 9.94 9.53 9.03 8.59 8.34 8.31 8.31 8.44 8.81 8.56 8.38 9.00
39.19 38.91 38.53 38.06 37.56 37.22 36.91 36.62 36.34 36.19 35.94 35.69 35.44 35.19 34.88 34.47 33.94 33.31 32.44 31.38 30.34 29.28 28.41 27.84 27.41 26.84 26.47 25.75 24.84 23.84 22.91 22.00 21.09 20.22 19.25 18.47 18.12 17.81 17.62 17.53 17.53 17.66 17.66 17.56 17.44 17.28 17.03 16.78 16.53 16.34 16.19 16.03 15.88 15.72 15.56 15.41 15.25 15.16 15.06 14.97 14.88 14.78 14.69 13.97 11.91 10.91 10.34 9.84 9.38 8.97 8.59 8.25 8.19 8.16 8.22 8.34 8.25 8.28 8.72
39.22 38.88 38.53 38.06 37.69 37.34 37.00 36.72 36.47 36.25 36.03 35.84 35.62 35.38 35.03 34.62 34.16 33.53 32.72 31.81 30.84 29.94 29.25 28.56 27.94 27.41 26.97 26.28 25.44 24.53 23.62 22.75 21.88 21.03 20.16 19.22 18.38 17.91 17.59 17.28 17.03 16.94 17.25 17.41 17.28 17.03 16.81 16.56 16.19 15.97 16.00 15.97 15.78 15.59 15.41 15.25 15.12 15.00 14.88 14.75 14.62 14.38 13.72 12.34 11.38 10.78 10.22 9.66 9.22 8.91 8.66 8.19 8.06 8.03 8.06 8.06 8.06 8.03 8.28
39.22 38.88 38.50 38.12 37.72 37.41 37.09 36.81 36.56 36.34 36.12 35.94 35.72 35.44 35.09 34.72 34.22 33.62 32.94 32.16 31.28 30.53 29.78 29.12 28.50 27.94 27.41 26.72 25.97 25.09 24.25 23.41 22.56 21.72 20.84 19.94 19.06 18.25 17.62 17.12 16.72 16.66 16.72 17.00 17.03 16.81 16.56 16.25 15.91 15.56 15.38 15.22 15.00 14.72 14.31 14.00 13.72 13.50 13.31 13.19 12.94 12.69 12.38 11.75 11.16 10.62 10.06 9.25 8.97 8.81 8.72 8.25 7.97 7.78 7.88 8.00 8.00 8.00 8.06
39.19 38.88 38.53 38.22 37.88 37.50 37.09 36.81 36.59 36.38 36.16 35.97 35.72 35.47 35.12 34.75 34.22 33.59 32.88 32.22 31.53 30.88 30.16 29.53 28.94 28.31 27.75 27.12 26.41 25.62 24.81 23.97 23.12 22.25 21.38 20.50 19.66 18.84 18.03 17.28 16.56 16.38 16.28 16.22 16.44 16.56 16.34 16.00 15.69 15.41 15.16 14.88 14.66 14.38 14.06 13.69 13.38 12.97 12.66 12.44 12.22 12.00 11.78 11.41 10.97 10.47 9.88 9.28 8.94 8.81 8.81 8.34 7.88 7.75 7.66 7.88 8.09 8.03 7.88
39.19 38.84 38.56 38.28 37.88 37.50 37.19 36.84 36.59 36.38 36.19 35.94 35.72 35.44 35.09 34.69 34.12 33.50 32.88 32.19 31.59 30.97 30.41 29.78 29.19 28.59 28.00 27.34 26.72 26.09 25.28 24.41 23.53 22.66 21.81 20.94 20.09 19.28 18.41 17.56 16.59 16.06 15.94 15.59 15.41 15.94 16.03 15.81 15.53 15.28 15.00 14.72 14.38 14.03 13.75 13.50 13.09 12.69 12.41 12.16 11.91 11.66 11.38 11.03 10.66 10.25 9.75 9.31 8.94 8.78 8.72 8.44 7.88 7.66 7.47 7.50 7.72 7.84 7.72
39.12 38.84 38.59 38.28 37.91 37.59 37.25 36.91 36.59 36.34 36.09 35.91 35.69 35.38 35.00 34.53 33.97 33.28 32.75 32.19 31.56 31.03 30.41 29.78 29.28 28.75 28.12 27.53 26.94 26.25 25.47 24.69 23.84 23.00 22.19 21.34 20.50 19.69 18.81 17.88 16.78 15.88 15.66 15.25 14.88 14.91 15.22 15.41 15.38 15.12 14.84 14.50 14.12 13.78 13.41 13.06 12.66 12.38 12.12 11.88 11.62 11.38 11.09 10.72 10.34 10.00 9.66 9.31 8.94 8.75 8.59 8.41 8.03 7.59 7.34 7.31 7.28 7.41 7.38
39.06 38.81 38.56 38.28 37.94 37.62 37.28 36.97 36.62 36.31 36.06 35.81 35.56 35.28 34.88 34.34 33.75 33.12 32.53 31.97 31.50 30.94 30.41 29.78 29.25 28.78 28.25 27.69 27.00 26.28 25.59 24.84 24.09 23.28 22.50 21.69 20.88 20.06 19.22 18.28 17.16 16.12 15.62 15.16 14.69 14.41 14.19 14.47 14.75 14.84 14.69 14.28 13.91 13.53 13.16 12.78 12.38 12.06 11.81 11.62 11.44 11.19 10.94 10.62 10.28 10.00 9.72 9.34 8.94 8.75 8.56 8.47 8.25 7.69 7.28 7.03 7.03 6.97 7.00
38.94 38.72 38.50 38.25 37.94 37.62 37.28 36.97 36.62 36.28 35.97 35.72 35.47 35.16 34.69 34.22 33.66 33.06 32.47 31.91 31.44 30.88 30.38 29.84 29.34 28.84 28.28 27.69 27.06 26.31 25.66 25.00 24.28 23.53 22.78 22.00 21.22 20.41 19.59 18.72 17.72 16.59 15.91 15.44 14.97 14.59 14.25 14.00 13.75 14.06 14.09 13.91 13.66 13.28 12.91 12.53 12.22 11.88 11.66 11.41 11.28 11.06 10.84 10.66 10.53 10.31 9.97 9.53 9.25 8.94 8.72 8.56 8.31 7.88 7.31 6.94 6.84 6.75 6.69
38.84 38.59 38.38 38.16 37.91 37.62 37.28 36.94 36.59 36.25 35.88 35.62 35.34 35.03 34.59 34.12 33.59 32.97 32.41 31.81 31.28 30.81 30.31 29.81 29.34 28.81 28.19 27.69 27.09 26.34 25.75 25.16 24.50 23.78 23.06 22.31 21.53 20.78 20.00 19.16 18.19 17.06 16.34 15.75 15.28 14.84 14.34 13.78 13.31 13.19 13.09 12.97 13.03 13.03 12.69 12.38 12.06 11.75 11.50 11.34 11.25 11.03 10.78 10.69 10.69 10.66 10.47 9.72 9.34 9.00 8.75 8.53 8.28 7.88 7.38 7.00 6.62 6.59 6.47
38.78 38.53 38.28 38.03 37.78 37.50 37.19 36.88 36.56 36.22 35.84 35.53 35.25 34.94 34.50 34.09 33.59 33.00 32.41 31.88 31.28 30.78 30.25 29.81 29.28 28.78 28.25 27.75 27.09 26.47 25.94 25.34 24.69 24.03 23.31 22.59 21.84 21.09 20.34 19.53 18.66 17.56 16.69 16.03 15.44 14.84 14.28 13.75 13.28 12.91 12.59 12.25 12.03 12.16 12.34 12.22 11.88 11.62 11.38 11.28 11.19 11.09 10.81 10.75 10.75 10.75 10.69 9.97 9.53 9.12 8.81 8.53 8.28 8.00 7.56 7.16 6.69 6.28 6.28
38.72 38.47 38.19 37.94 37.66 37.41 37.12 36.78 36.47 36.16 35.81 35.47 35.19 34.84 34.47 34.03 33.56 33.03 32.50 31.91 31.38 30.81 30.34 29.84 29.31 28.91 28.34 27.81 27.19 26.72 26.12 25.53 24.91 24.25 23.56 22.88 22.16 21.44 20.69 19.91 19.06 18.00 17.03 16.25 15.53 14.88 14.28 13.81 13.41 13.00 12.62 12.22 11.81 11.44 11.53 11.69 11.66 11.47 11.25 11.19 11.12 11.09 10.94 10.78 10.75 10.75 10.75 10.53 9.75 9.47 8.94 8.59 8.28 8.03 7.75 7.25 6.88 6.44 6.06
