everonasctiles/Tile[28,46].asc
ncols 128
nrows 128
xllcorner 0
yllcorner 0
cellsize 2.0
NODATA_value  -9999
[rows 0 to 31 of 128, columns 0 to 70 of 128]
-59.28 -59.06 -58.75 -58.31 -57.81 -57.25 -56.62 -56.06 -55.47 -54.56 -53.59 -52.75 -52.31 -52.62 -52.84 -52.91 -52.84 -52.62 -52.34 -52.00 -51.66 -51.31 -51.06 -50.84 -50.62 -50.34 -50.00 -49.69 -49.41 -49.12 -48.91 -48.69 -48.44 -48.22 -47.97 -47.75 -47.50 -47.28 -47.09 -46.91 -46.75 -46.62 -46.47 -46.28 -46.06 -45.84 -45.59 -45.31 -45.06 -44.81 -44.59 -44.50 -44.44 -44.41 -44.31 -44.22 -44.06 -43.91 -43.75 -43.59 -43.41 -43.22 -43.03 -42.88 -42.75 -42.62 -42.47 -42.25 -41.97 -41.62 -41.25
-58.72 -58.31 -58.12 -57.81 -57.41 -56.91 -56.38 -55.81 -55.22 -54.38 -53.47 -52.66 -52.16 -52.34 -52.56 -52.59 -52.50 -52.31 -52.03 -51.72 -51.38 -50.97 -50.72 -50.50 -50.28 -50.06 -49.81 -49.50 -49.22 -48.97 -48.75 -48.53 -48.31 -48.09 -47.88 -47.66 -47.44 -47.22 -47.00 -46.81 -46.66 -46.50 -46.34 -46.16 -45.94 -45.72 -45.47 -45.22 -44.94 -44.69 -44.47 -44.31 -44.25 -44.22 -44.16 -44.06 -43.94 -43.78 -43.66 -43.50 -43.34 -43.16 -43.00 -42.81 -42.66 -42.47 -42.28 -42.03 -41.72 -41.38 -40.97
-59.00 -58.28 -57.69 -57.31 -56.97 -56.56 -56.06 -55.50 -54.88 -54.09 -53.28 -52.53 -52.00 -52.06 -52.25 -52.28 -52.22 -52.03 -51.75 -51.44 -51.09 -50.69 -50.34 -50.12 -49.97 -49.78 -49.56 -49.31 -49.06 -48.81 -48.59 -48.41 -48.19 -48.00 -47.78 -47.56 -47.34 -47.12 -46.94 -46.72 -46.56 -46.38 -46.19 -46.00 -45.78 -45.56 -45.31 -45.06 -44.81 -44.56 -44.34 -44.16 -44.09 -44.03 -43.97 -43.91 -43.78 -43.66 -43.53 -43.41 -43.28 -43.12 -42.97 -42.78 -42.59 -42.38 -42.12 -41.84 -41.53 -41.16 -40.72
-59.47 -58.75 -58.03 -57.38 -56.78 -56.31 -55.81 -55.25 -54.66 -53.97 -53.22 -52.50 -51.94 -51.75 -51.97 -52.03 -51.94 -51.78 -51.50 -51.22 -50.84 -50.41 -50.03 -49.78 -49.66 -49.50 -49.34 -49.12 -48.88 -48.62 -48.41 -48.25 -48.06 -47.88 -47.66 -47.44 -47.25 -47.03 -46.81 -46.62 -46.44 -46.25 -46.06 -45.84 -45.62 -45.38 -45.12 -44.91 -44.66 -44.44 -44.22 -44.03 -43.94 -43.84 -43.78 -43.72 -43.59 -43.50 -43.41 -43.31 -43.19 -43.06 -42.91 -42.75 -42.53 -42.28 -42.00 -41.69 -41.34 -40.94 -40.53
-59.62 -58.97 -58.28 -57.62 -57.00 -56.38 -55.81 -55.22 -54.62 -54.00 -53.34 -52.69 -52.03 -51.69 -51.72 -51.78 -51.72 -51.53 -51.31 -51.00 -50.66 -50.25 -49.88 -49.56 -49.38 -49.25 -49.09 -48.91 -48.69 -48.44 -48.22 -48.06 -47.91 -47.72 -47.53 -47.31 -47.09 -46.91 -46.69 -46.50 -46.31 -46.12 -45.94 -45.72 -45.47 -45.19 -44.94 -44.69 -44.47 -44.28 -44.06 -43.91 -43.78 -43.69 -43.59 -43.53 -43.44 -43.34 -43.25 -43.19 -43.09 -43.00 -42.84 -42.66 -42.44 -42.19 -41.91 -41.56 -41.19 -40.78 -40.34
-59.56 -58.94 -58.31 -57.69 -57.06 -56.44 -55.84 -55.22 -54.59 -54.00 -53.41 -52.78 -52.25 -51.81 -51.62 -51.59 -51.50 -51.34 -51.12 -50.84 -50.53 -50.19 -49.84 -49.50 -49.25 -49.03 -48.88 -48.66 -48.47 -48.22 -48.03 -47.84 -47.69 -47.53 -47.38 -47.19 -46.97 -46.75 -46.56 -46.34 -46.19 -46.00 -45.81 -45.59 -45.31 -45.03 -44.75 -44.47 -44.22 -44.03 -43.88 -43.72 -43.59 -43.50 -43.44 -43.34 -43.25 -43.16 -43.09 -43.03 -42.97 -42.88 -42.72 -42.53 -42.34 -42.09 -41.78 -41.44 -41.06 -40.62 -40.16
-59.28 -58.66 -58.06 -57.47 -56.91 -56.31 -55.72 -55.09 -54.50 -53.88 -53.31 -52.75 -52.25 -51.84 -51.56 -51.41 -51.31 -51.16 -50.97 -50.72 -50.44 -50.12 -49.81 -49.50 -49.19 -48.91 -48.66 -48.44 -48.22 -48.00 -47.78 -47.59 -47.47 -47.31 -47.16 -47.00 -46.81 -46.59 -46.41 -46.22 -46.03 -45.84 -45.69 -45.47 -45.19 -44.88 -44.56 -44.22 -43.97 -43.78 -43.62 -43.53 -43.41 -43.31 -43.25 -43.19 -43.09 -43.00 -42.91 -42.84 -42.78 -42.72 -42.59 -42.41 -42.19 -41.94 -41.66 -41.31 -40.91 -40.47 -39.97
-58.88 -58.22 -57.59 -57.03 -56.50 -55.94 -55.38 -54.81 -54.22 -53.62 -53.06 -52.56 -52.09 -51.72 -51.44 -51.22 -51.09 -50.97 -50.78 -50.59 -50.38 -50.09 -49.78 -49.44 -49.12 -48.81 -48.50 -48.25 -48.00 -47.75 -47.53 -47.34 -47.19 -47.06 -46.91 -46.78 -46.59 -46.41 -46.22 -46.06 -45.88 -45.69 -45.53 -45.31 -45.03 -44.72 -44.38 -44.00 -43.69 -43.50 -43.38 -43.28 -43.22 -43.12 -43.06 -43.00 -42.91 -42.81 -42.75 -42.69 -42.59 -42.53 -42.44 -42.25 -42.06 -41.81 -41.50 -41.16 -40.72 -40.28 -39.78
-58.44 -57.72 -57.06 -56.41 -55.88 -55.34 -54.81 -54.28 -53.75 -53.22 -52.72 -52.22 -51.78 -51.44 -51.16 -50.97 -50.81 -50.69 -50.56 -50.41 -50.22 -50.00 -49.69 -49.34 -49.00 -48.69 -48.34 -48.03 -47.75 -47.50 -47.25 -47.06 -46.91 -46.75 -46.62 -46.50 -46.34 -46.19 -46.03 -45.84 -45.69 -45.53 -45.34 -45.12 -44.88 -44.59 -44.25 -43.88 -43.47 -43.22 -43.12 -43.06 -43.00 -42.94 -42.88 -42.81 -42.75 -42.66 -42.56 -42.50 -42.41 -42.34 -42.25 -42.09 -41.88 -41.62 -41.31 -40.97 -40.53 -40.09 -39.62
-57.88 -57.19 -56.50 -55.81 -55.19 -54.66 -54.16 -53.66 -53.19 -52.72 -52.25 -51.75 -51.31 -51.03 -50.81 -50.62 -50.50 -50.34 -50.25 -50.12 -50.00 -49.81 -49.53 -49.22 -48.88 -48.50 -48.16 -47.81 -47.50 -47.22 -46.97 -46.75 -46.56 -46.44 -46.31 -46.19 -46.06 -45.91 -45.75 -45.62 -45.47 -45.31 -45.12 -44.94 -44.72 -44.44 -44.09 -43.75 -43.41 -43.06 -42.88 -42.84 -42.81 -42.75 -42.72 -42.66 -42.56 -42.47 -42.38 -42.31 -42.22 -42.16 -42.03 -41.91 -41.72 -41.47 -41.16 -40.78 -40.38 -39.94 -39.38
-57.25 -56.53 -55.84 -55.19 -54.56 -53.72 -53.16 -52.81 -52.53 -52.19 -51.66 -51.09 -50.69 -50.50 -50.34 -50.25 -50.09 -49.97 -49.88 -49.78 -49.69 -49.53 -49.31 -49.03 -48.69 -48.31 -47.94 -47.56 -47.22 -46.91 -46.62 -46.41 -46.22 -46.06 -45.97 -45.81 -45.69 -45.53 -45.41 -45.28 -45.16 -45.03 -44.88 -44.72 -44.50 -44.25 -43.94 -43.62 -43.28 -43.00 -42.75 -42.66 -42.59 -42.56 -42.53 -42.47 -42.38 -42.28 -42.22 -42.12 -42.03 -41.97 -41.84 -41.72 -41.53 -41.28 -40.97 -40.59 -40.19 -39.69 -38.94
-56.41 -55.84 -55.12 -54.47 -53.91 -52.91 -52.06 -51.56 -51.34 -51.16 -50.69 -50.09 -49.78 -49.84 -49.84 -49.78 -49.69 -49.56 -49.47 -49.41 -49.31 -49.22 -49.06 -48.78 -48.44 -48.06 -47.66 -47.25 -46.88 -46.53 -46.25 -46.00 -45.81 -45.69 -45.53 -45.41 -45.25 -45.12 -45.00 -44.91 -44.81 -44.69 -44.56 -44.41 -44.22 -43.97 -43.69 -43.41 -43.12 -42.84 -42.62 -42.47 -42.41 -42.38 -42.34 -42.28 -42.19 -42.12 -42.03 -41.94 -41.88 -41.78 -41.66 -41.53 -41.38 -41.12 -40.78 -40.44 -40.00 -39.34 -38.44
-54.88 -54.44 -54.12 -53.78 -53.22 -52.25 -51.16 -50.44 -50.06 -49.88 -49.53 -49.06 -48.84 -49.06 -49.28 -49.31 -49.28 -49.16 -49.03 -48.97 -48.91 -48.81 -48.69 -48.50 -48.19 -47.81 -47.31 -46.84 -46.44 -46.09 -45.81 -45.56 -45.38 -45.25 -45.09 -44.94 -44.78 -44.62 -44.53 -44.44 -44.34 -44.28 -44.19 -44.03 -43.84 -43.62 -43.38 -43.12 -42.88 -42.62 -42.44 -42.31 -42.22 -42.19 -42.16 -42.09 -42.03 -41.94 -41.84 -41.78 -41.69 -41.59 -41.47 -41.34 -41.19 -40.94 -40.62 -40.28 -39.81 -39.09 -38.16
-53.34 -52.88 -52.53 -52.31 -52.09 -51.47 -50.47 -49.53 -48.97 -48.66 -48.38 -48.03 -47.94 -48.22 -48.69 -48.81 -48.84 -48.75 -48.59 -48.50 -48.41 -48.34 -48.25 -48.16 -47.91 -47.53 -47.03 -46.47 -45.91 -45.53 -45.28 -45.09 -44.91 -44.78 -44.59 -44.41 -44.22 -44.06 -43.97 -43.88 -43.84 -43.78 -43.72 -43.59 -43.44 -43.22 -43.00 -42.78 -42.56 -42.34 -42.19 -42.09 -42.03 -42.00 -41.97 -41.91 -41.84 -41.75 -41.66 -41.56 -41.47 -41.38 -41.25 -41.12 -40.97 -40.78 -40.50 -40.12 -39.69 -39.06 -38.28
-51.97 -51.41 -51.03 -50.81 -50.69 -50.41 -49.72 -48.88 -48.16 -47.72 -47.41 -47.12 -47.12 -47.47 -48.06 -48.31 -48.38 -48.31 -48.19 -48.03 -47.91 -47.81 -47.78 -47.69 -47.53 -47.22 -46.78 -46.19 -45.56 -44.97 -44.66 -44.53 -44.41 -44.28 -44.09 -43.88 -43.62 -43.44 -43.31 -43.28 -43.25 -43.22 -43.16 -43.06 -42.91 -42.75 -42.53 -42.34 -42.19 -42.03 -41.91 -41.84 -41.78 -41.78 -41.75 -41.69 -41.62 -41.53 -41.44 -41.34 -41.22 -41.09 -40.97 -40.84 -40.69 -40.53 -40.31 -40.00 -39.62 -39.12 -38.53
-50.94 -50.28 -49.88 -49.62 -49.47 -49.25 -48.88 -48.31 -47.72 -47.28 -46.91 -46.62 -46.53 -46.88 -47.50 -47.81 -47.91 -47.88 -47.75 -47.56 -47.38 -47.25 -47.19 -47.12 -47.00 -46.81 -46.44 -45.94 -45.34 -44.72 -44.16 -43.97 -43.88 -43.78 -43.59 -43.34 -43.06 -42.81 -42.66 -42.59 -42.56 -42.56 -42.53 -42.44 -42.31 -42.19 -42.03 -41.88 -41.75 -41.66 -41.56 -41.53 -41.53 -41.53 -41.53 -41.47 -41.38 -41.25 -41.16 -41.06 -40.94 -40.78 -40.66 -40.50 -40.34 -40.22 -40.06 -39.81 -39.50 -39.09 -38.62
-50.59 -49.91 -49.44 -49.09 -48.84 -48.62 -48.38 -48.19 -48.00 -47.75 -47.41 -46.97 -46.56 -46.50 -47.03 -47.31 -47.38 -47.38 -47.28 -47.09 -46.88 -46.66 -46.56 -46.53 -46.44 -46.25 -45.97 -45.56 -45.06 -44.50 -43.91 -43.50 -43.34 -43.25 -43.06 -42.84 -42.53 -42.25 -42.00 -41.88 -41.88 -41.84 -41.84 -41.75 -41.66 -41.53 -41.44 -41.38 -41.28 -41.22 -41.19 -41.22 -41.25 -41.25 -41.22 -41.16 -41.06 -40.94 -40.81 -40.72 -40.59 -40.44 -40.28 -40.09 -39.94 -39.81 -39.69 -39.53 -39.28 -38.97 -38.56
-51.03 -50.44 -50.03 -49.72 -49.41 -49.16 -49.03 -49.03 -48.97 -48.69 -48.28 -47.81 -47.19 -46.50 -46.44 -46.75 -46.84 -46.84 -46.75 -46.59 -46.34 -46.06 -45.88 -45.84 -45.81 -45.66 -45.41 -45.06 -44.62 -44.12 -43.59 -43.12 -42.84 -42.69 -42.50 -42.28 -42.03 -41.72 -41.44 -41.22 -41.09 -41.09 -41.09 -41.03 -40.94 -40.84 -40.81 -40.78 -40.75 -40.75 -40.78 -40.81 -40.88 -40.88 -40.84 -40.78 -40.69 -40.56 -40.44 -40.31 -40.19 -40.03 -39.84 -39.66 -39.47 -39.34 -39.25 -39.16 -38.94 -38.69 -38.38
-51.88 -51.44 -51.09 -50.75 -50.41 -50.16 -50.09 -49.91 -49.59 -49.12 -48.66 -48.16 -47.62 -46.78 -46.09 -46.09 -46.25 -46.28 -46.22 -46.03 -45.78 -45.34 -45.00 -45.03 -45.06 -44.97 -44.75 -44.44 -44.06 -43.62 -43.16 -42.69 -42.31 -42.09 -41.88 -41.66 -41.41 -41.16 -40.84 -40.56 -40.38 -40.28 -40.31 -40.28 -40.19 -40.16 -40.16 -40.16 -40.16 -40.19 -40.28 -40.38 -40.44 -40.44 -40.44 -40.38 -40.25 -40.12 -40.00 -39.88 -39.72 -39.56 -39.38 -39.19 -38.97 -38.81 -38.78 -38.72 -38.56 -38.34 -38.06
-52.94 -52.59 -52.25 -51.84 -51.50 -51.19 -50.88 -50.47 -49.97 -49.41 -48.81 -48.25 -47.72 -46.88 -45.94 -45.44 -45.56 -45.69 -45.66 -45.47 -45.16 -44.56 -44.06 -44.00 -44.25 -44.25 -44.09 -43.78 -43.41 -43.00 -42.59 -42.16 -41.78 -41.47 -41.22 -40.97 -40.75 -40.50 -40.22 -39.94 -39.66 -39.50 -39.47 -39.41 -39.25 -39.31 -39.44 -39.47 -39.50 -39.59 -39.69 -39.81 -39.91 -39.94 -39.94 -39.88 -39.78 -39.66 -39.53 -39.38 -39.22 -39.06 -38.88 -38.66 -38.38 -38.28 -38.28 -38.25 -38.12 -37.94 -37.72
-54.09 -53.78 -53.28 -52.75 -52.31 -51.91 -51.41 -50.84 -50.19 -49.50 -48.81 -48.19 -47.59 -46.72 -45.69 -44.91 -44.78 -45.03 -45.06 -44.91 -44.53 -43.84 -43.12 -42.94 -43.28 -43.47 -43.34 -43.09 -42.69 -42.28 -41.91 -41.56 -41.19 -40.84 -40.53 -40.22 -40.00 -39.78 -39.50 -39.22 -38.94 -38.72 -38.56 -38.31 -38.09 -38.19 -38.59 -38.81 -38.88 -39.00 -39.12 -39.25 -39.31 -39.38 -39.38 -39.31 -39.22 -39.12 -39.00 -38.84 -38.69 -38.50 -38.31 -38.00 -37.75 -37.72 -37.78 -37.78 -37.69 -37.53 -37.34
-55.06 -54.53 -54.00 -53.47 -52.94 -52.34 -51.66 -50.91 -50.16 -49.44 -48.72 -48.03 -47.41 -46.50 -45.41 -44.47 -44.03 -44.28 -44.44 -44.34 -44.00 -43.31 -42.41 -41.97 -42.19 -42.59 -42.59 -42.38 -41.97 -41.50 -41.12 -40.84 -40.56 -40.19 -39.78 -39.41 -39.19 -39.03 -38.78 -38.47 -38.19 -37.94 -37.69 -37.25 -36.94 -37.00 -37.41 -37.88 -38.16 -38.28 -38.41 -38.56 -38.69 -38.75 -38.75 -38.69 -38.59 -38.50 -38.44 -38.28 -38.09 -37.88 -37.59 -37.28 -37.06 -37.16 -37.25 -37.28 -37.22 -37.09 -36.94
-55.78 -55.19 -54.59 -53.97 -53.28 -52.50 -51.66 -50.78 -49.91 -49.16 -48.47 -47.81 -47.16 -46.41 -45.28 -44.19 -43.44 -43.44 -43.78 -43.75 -43.50 -42.97 -42.12 -41.31 -41.22 -41.69 -41.81 -41.66 -41.28 -40.75 -40.28 -40.09 -39.88 -39.53 -39.12 -38.53 -38.22 -38.22 -38.06 -37.75 -37.44 -37.19 -36.88 -36.28 -35.81 -35.56 -35.81 -36.19 -36.59 -36.75 -37.03 -37.62 -37.91 -38.03 -38.06 -37.97 -37.88 -37.84 -37.81 -37.69 -37.47 -37.19 -36.84 -36.44 -36.38 -36.59 -36.72 -36.78 -36.75 -36.66 -36.53
-56.28 -55.62 -54.94 -54.19 -53.34 -52.44 -51.50 -50.50 -49.56 -48.72 -48.03 -47.44 -46.81 -46.19 -45.31 -44.09 -43.12 -42.72 -43.03 -43.12 -43.00 -42.59 -42.00 -41.22 -40.62 -40.88 -41.06 -40.94 -40.62 -40.16 -39.59 -39.34 -39.19 -38.88 -38.47 -37.91 -37.31 -37.16 -37.06 -36.84 -36.50 -36.28 -35.97 -35.34 -34.62 -33.94 -34.31 -34.59 -34.75 -34.66 -34.91 -35.72 -36.75 -37.22 -37.19 -37.22 -37.09 -37.09 -37.09 -37.00 -36.81 -36.53 -36.06 -35.66 -35.78 -36.06 -36.22 -36.28 -36.25 -36.22 -36.16
-56.50 -55.75 -54.94 -54.06 -53.16 -52.22 -51.25 -50.28 -49.25 -48.25 -47.50 -46.97 -46.41 -45.81 -45.16 -44.16 -43.00 -42.22 -42.19 -42.47 -42.44 -42.22 -41.78 -41.22 -40.59 -40.28 -40.34 -40.25 -40.00 -39.59 -39.09 -38.72 -38.50 -38.25 -37.84 -37.38 -36.72 -36.25 -36.00 -35.75 -35.47 -35.22 -34.97 -34.41 -33.53 -33.06 -33.16 -33.28 -33.22 -33.16 -33.47 -34.28 -35.47 -36.25 -36.50 -36.41 -36.25 -36.31 -36.34 -36.28 -36.09 -35.81 -35.34 -35.03 -35.31 -35.59 -35.75 -35.81 -35.81 -35.81 -35.81
-56.38 -55.53 -54.66 -53.75 -52.81 -51.88 -50.91 -49.97 -49.00 -48.00 -47.09 -46.47 -45.97 -45.41 -44.81 -44.06 -43.00 -42.00 -41.53 -41.75 -41.84 -41.72 -41.44 -41.03 -40.53 -40.06 -39.81 -39.66 -39.38 -39.03 -38.62 -38.22 -37.91 -37.62 -37.28 -36.84 -36.34 -35.66 -35.19 -34.84 -34.56 -34.31 -34.06 -33.53 -32.84 -32.31 -32.09 -32.03 -31.91 -32.03 -32.56 -33.53 -34.66 -35.22 -35.59 -35.50 -35.25 -35.50 -35.56 -35.53 -35.38 -35.12 -34.69 -34.56 -34.91 -35.16 -35.31 -35.34 -35.38 -35.41 -35.44
-56.09 -55.25 -54.31 -53.31 -52.34 -51.34 -50.41 -49.50 -48.59 -47.69 -46.81 -46.09 -45.53 -45.00 -44.44 -43.78 -42.97 -41.97 -41.16 -41.00 -41.22 -41.19 -41.00 -40.72 -40.31 -39.91 -39.47 -39.16 -38.88 -38.53 -38.12 -37.75 -37.41 -37.09 -36.75 -36.34 -35.91 -35.31 -34.66 -34.19 -33.84 -33.56 -33.31 -32.94 -32.44 -32.03 -31.50 -31.16 -30.91 -30.97 -31.69 -32.88 -34.03 -34.53 -34.72 -34.53 -34.12 -34.44 -34.59 -34.78 -34.69 -34.25 -34.00 -34.28 -34.56 -34.78 -34.88 -34.94 -34.97 -35.06 -35.12
-55.75 -54.94 -54.03 -53.06 -52.03 -50.97 -49.97 -49.00 -48.09 -47.25 -46.47 -45.75 -45.12 -44.59 -44.06 -43.47 -42.81 -42.00 -41.09 -40.50 -40.56 -40.62 -40.50 -40.31 -40.00 -39.62 -39.22 -38.84 -38.44 -38.06 -37.69 -37.31 -36.97 -36.62 -36.28 -35.91 -35.47 -35.00 -34.41 -33.91 -33.53 -33.25 -32.94 -32.72 -32.34 -32.00 -31.56 -30.94 -30.44 -30.59 -31.56 -32.88 -33.53 -33.78 -33.72 -33.38 -33.06 -33.44 -33.72 -33.91 -34.06 -33.81 -33.78 -34.03 -34.25 -34.41 -34.50 -34.53 -34.59 -34.72 -34.78
-55.22 -54.50 -53.69 -52.78 -51.78 -50.81 -49.81 -48.81 -47.81 -46.88 -46.03 -45.31 -44.69 -44.19 -43.69 -43.16 -42.56 -41.91 -41.12 -40.34 -39.97 -40.03 -40.00 -39.84 -39.59 -39.31 -38.94 -38.53 -38.12 -37.72 -37.31 -36.94 -36.56 -36.22 -35.88 -35.53 -35.16 -34.75 -34.28 -33.91 -33.59 -33.31 -33.09 -32.84 -32.50 -32.25 -31.88 -31.03 -30.38 -30.44 -31.28 -32.31 -32.91 -32.94 -32.69 -32.47 -32.44 -32.75 -33.16 -33.44 -33.53 -33.53 -33.62 -33.78 -33.97 -34.09 -34.12 -34.19 -34.28 -34.41 -34.50
-54.56 -53.91 -53.19 -52.38 -51.47 -50.53 -49.56 -48.62 -47.62 -46.62 -45.62 -44.78 -44.19 -43.69 -43.25 -42.81 -42.28 -41.69 -41.03 -40.31 -39.62 -39.47 -39.47 -39.34 -39.16 -38.88 -38.56 -38.19 -37.78 -37.38 -37.00 -36.62 -36.25 -35.91 -35.59 -35.25 -34.94 -34.59 -34.25 -33.94 -33.66 -33.41 -33.19 -32.94 -32.62 -32.34 -31.97 -31.28 -30.62 -30.38 -30.75 -31.38 -31.75 -31.69 -31.84 -31.88 -31.88 -32.25 -32.75 -32.97 -33.09 -33.22 -33.38 -33.56 -33.69 -33.78 -33.81 -33.91 -34.00 -34.12 -34.19
-54.44 -53.44 -52.62 -51.88 -51.06 -50.16 -49.19 -48.19 -47.25 -46.22 -45.16 -44.19 -43.50 -43.06 -42.72 -42.34 -41.91 -41.38 -40.81 -40.19 -39.50 -39.00 -38.94 -38.84 -38.66 -38.44 -38.12 -37.81 -37.44 -37.06 -36.69 -36.34 -36.00 -35.69 -35.38 -35.06 -34.78 -34.50 -34.25 -34.00 -33.75 -33.53 -33.28 -33.03 -32.75 -32.38 -32.00 -31.66 -31.03 -30.56 -30.38 -30.69 -30.94 -31.06 -31.22 -31.44 -31.66 -32.00 -32.44 -32.59 -32.78 -32.94 -33.12 -33.28 -33.41 -33.47 -33.53 -33.62 -33.72 -33.81 -33.84
-54.34 -53.34 -52.34 -51.47 -50.62 -49.75 -48.78 -47.75 -46.75 -45.72 -44.69 -43.66 -42.81 -42.34 -42.09 -41.81 -41.47 -41.03 -40.53 -39.97 -39.31 -38.72 -38.44 -38.31 -38.16 -37.97 -37.69 -37.38 -37.06 -36.72 -36.38 -36.06 -35.78 -35.50 -35.22 -34.97 -34.72 -34.50 -34.28 -34.06 -33.88 -33.66 -33.41 -33.16 -32.81 -32.47 -32.28 -32.03 -31.50 -30.91 -30.59 -30.41 -30.56 -30.75 -31.03 -31.25 -31.59 -31.84 -32.12 -32.31 -32.44 -32.66 -32.84 -33.00 -33.09 -33.19 -33.25 -33.34 -33.41 -33.47 -33.50
