everonasctiles/Tile32,13.asc
ncols 128
nrows 128
xllcorner 0
yllcorner 0
cellsize 2.0
NODATA_value  -9999
[rows 32 to 63 of 128, columns 0 to 70 of 128]
203.41 202.25 200.81 199.62 198.44 197.44 196.47 195.50 194.53 193.44 192.44 191.41 190.41 189.41 188.41 187.41 186.38 185.50 184.69 183.88 183.06 182.25 181.44 180.66 179.94 179.25 178.50 177.81 177.19 176.69 176.19 175.56 174.97 174.50 173.91 173.41 172.94 172.47 172.03 171.62 171.22 170.94 170.66 170.38 170.12 169.72 169.41 169.06 168.69 168.25 167.81 167.31 166.72 166.06 165.56 164.94 164.25 163.66 163.12 162.62 162.03 161.56 161.12 160.78 160.50 160.19 160.00 159.75 159.44 159.00 158.47
203.09 201.78 200.72 199.50 198.28 197.41 196.44 195.38 194.31 193.31 192.34 191.38 190.38 189.38 188.41 187.44 186.44 185.56 184.72 183.94 183.09 182.28 181.47 180.75 180.03 179.31 178.56 177.91 177.25 176.72 176.22 175.66 175.03 174.50 173.91 173.38 172.88 172.38 172.00 171.56 171.16 170.78 170.47 170.19 169.84 169.47 169.12 168.75 168.38 168.00 167.56 167.06 166.53 165.94 165.44 164.94 164.31 163.62 163.12 162.56 162.12 161.62 161.25 160.91 160.62 160.38 160.16 159.88 159.50 159.12 158.62
203.00 201.84 200.69 199.28 198.34 197.38 196.31 195.22 194.22 193.19 192.28 191.34 190.34 189.34 188.41 187.44 186.50 185.62 184.75 183.97 183.12 182.34 181.59 180.84 180.12 179.38 178.66 177.97 177.31 176.75 176.28 175.66 175.03 174.47 173.91 173.38 172.84 172.38 171.88 171.50 171.09 170.69 170.25 170.00 169.62 169.25 168.88 168.47 168.03 167.69 167.31 166.84 166.41 165.88 165.31 164.78 164.25 163.66 163.09 162.59 162.12 161.75 161.38 161.06 160.78 160.53 160.28 159.97 159.66 159.19 158.62
202.88 201.75 200.38 199.22 198.25 197.25 196.09 195.06 194.12 193.12 192.16 191.19 190.28 189.34 188.38 187.44 186.56 185.69 184.88 184.06 183.25 182.47 181.69 180.94 180.19 179.47 178.78 178.06 177.41 176.78 176.31 175.69 175.09 174.47 173.91 173.31 172.78 172.28 171.88 171.44 171.00 170.56 170.19 169.75 169.41 169.03 168.62 168.22 167.84 167.44 167.03 166.62 166.19 165.72 165.19 164.69 164.16 163.69 163.12 162.66 162.22 161.91 161.53 161.25 160.97 160.69 160.44 160.16 159.69 159.22 158.84
202.78 201.66 200.41 199.28 198.34 197.22 196.09 195.00 193.91 193.00 192.12 191.12 190.19 189.31 188.41 187.50 186.62 185.75 184.94 184.16 183.41 182.62 181.81 181.03 180.28 179.59 178.91 178.12 177.44 176.78 176.31 175.69 175.06 174.44 173.88 173.31 172.78 172.25 171.78 171.34 170.91 170.44 170.03 169.66 169.19 168.81 168.44 168.00 167.62 167.22 166.84 166.41 165.97 165.53 165.06 164.62 164.12 163.66 163.19 162.78 162.34 162.09 161.72 161.41 161.12 160.84 160.59 160.28 159.84 159.47 159.06
203.00 201.81 200.50 199.28 198.28 197.16 196.09 195.03 193.97 192.91 192.03 191.06 190.19 189.31 188.47 187.62 186.75 185.88 185.03 184.22 183.47 182.72 181.94 181.16 180.44 179.72 179.00 178.28 177.50 176.78 176.28 175.66 175.03 174.44 173.84 173.28 172.75 172.22 171.75 171.25 170.75 170.34 169.91 169.50 169.06 168.66 168.22 167.84 167.44 167.03 166.62 166.25 165.81 165.38 164.94 164.53 164.09 163.66 163.22 162.88 162.56 162.28 161.97 161.66 161.34 161.06 160.75 160.41 159.94 159.53 159.12
203.00 201.81 200.53 199.19 198.25 197.12 196.03 195.03 194.03 193.00 191.97 191.06 190.25 189.44 188.59 187.75 186.88 186.00 185.16 184.31 183.56 182.84 182.09 181.31 180.59 179.81 179.09 178.38 177.59 176.91 176.34 175.72 175.09 174.44 173.81 173.22 172.69 172.19 171.69 171.22 170.75 170.28 169.81 169.34 168.91 168.50 168.06 167.66 167.25 166.88 166.47 166.06 165.66 165.25 164.81 164.41 164.03 163.66 163.31 162.97 162.72 162.47 162.22 161.84 161.62 161.28 160.88 160.50 160.09 159.66 159.25
202.69 201.62 200.34 199.12 198.16 197.16 196.06 195.03 194.09 193.16 192.22 191.28 190.34 189.50 188.66 187.81 187.00 186.16 185.31 184.47 183.69 182.94 182.19 181.44 180.69 179.94 179.19 178.47 177.69 176.97 176.38 175.75 175.12 174.47 173.88 173.31 172.69 172.09 171.66 171.16 170.66 170.16 169.75 169.25 168.78 168.34 167.94 167.50 167.03 166.69 166.28 165.91 165.50 165.12 164.75 164.34 163.97 163.66 163.38 163.12 162.88 162.66 162.44 162.12 161.84 161.34 161.00 160.56 160.09 159.69 159.28
202.53 201.47 200.41 199.12 198.00 197.12 196.16 195.16 194.22 193.25 192.28 191.34 190.44 189.56 188.69 187.88 187.09 186.22 185.41 184.59 183.81 183.03 182.28 181.56 180.81 180.03 179.25 178.50 177.78 177.03 176.41 175.78 175.09 174.50 173.91 173.28 172.69 172.12 171.53 171.03 170.53 170.12 169.66 169.19 168.72 168.25 167.75 167.38 166.91 166.41 166.16 165.78 165.41 165.00 164.66 164.28 163.97 163.66 163.41 163.19 163.00 162.78 162.56 162.31 162.00 161.59 161.03 160.59 160.16 159.66 159.34
202.44 201.31 200.22 198.97 197.94 197.12 196.25 195.28 194.34 193.31 192.38 191.38 190.44 189.69 188.75 187.91 187.09 186.28 185.50 184.69 183.91 183.12 182.41 181.66 180.91 180.12 179.38 178.59 177.88 177.12 176.44 175.81 175.19 174.50 173.91 173.28 172.69 172.16 171.59 171.06 170.56 170.00 169.50 169.03 168.59 168.12 167.69 167.22 166.81 166.41 165.91 165.62 165.25 164.91 164.53 164.22 163.91 163.66 163.41 163.22 163.06 162.88 162.62 162.38 162.06 161.66 161.19 160.69 160.12 159.69 159.34
202.25 201.00 199.94 198.78 197.88 197.09 196.25 195.34 194.38 193.44 192.47 191.44 190.47 189.56 188.75 188.00 187.19 186.34 185.56 184.75 183.97 183.22 182.50 181.75 181.03 180.25 179.47 178.72 178.00 177.19 176.53 175.88 175.25 174.53 173.91 173.31 172.66 172.09 171.53 171.00 170.44 169.97 169.41 168.94 168.50 168.00 167.56 167.16 166.69 166.28 165.88 165.44 165.09 164.75 164.47 164.16 163.84 163.59 163.38 163.22 163.03 162.88 162.66 162.41 162.06 161.69 161.19 160.62 160.16 159.72 159.28
202.06 200.69 199.59 198.78 197.97 197.22 196.34 195.44 194.50 193.56 192.59 191.50 190.56 189.66 188.78 187.97 187.22 186.41 185.59 184.84 184.03 183.28 182.56 181.84 181.12 180.38 179.59 178.88 178.09 177.34 176.59 175.91 175.25 174.66 174.00 173.41 172.75 172.16 171.53 171.00 170.44 169.97 169.47 168.94 168.38 168.00 167.50 167.06 166.59 166.22 165.75 165.41 164.97 164.66 164.31 164.03 163.75 163.53 163.31 163.16 163.00 162.81 162.62 162.31 161.97 161.56 161.09 160.59 160.12 159.62 159.28
201.38 200.31 199.53 198.84 198.09 197.31 196.41 195.50 194.56 193.62 192.59 191.59 190.69 189.75 188.88 188.03 187.12 186.41 185.66 184.81 184.09 183.31 182.59 181.88 181.19 180.47 179.75 179.03 178.31 177.50 176.75 176.03 175.34 174.72 174.06 173.38 172.78 172.16 171.56 171.03 170.47 169.91 169.34 168.84 168.34 167.81 167.38 166.94 166.50 166.03 165.66 165.25 164.91 164.53 164.16 163.88 163.66 163.41 163.22 163.06 162.91 162.72 162.50 162.19 161.72 161.31 160.84 160.41 159.97 159.53 159.12
201.31 200.66 200.03 199.00 198.06 197.34 196.44 195.53 194.59 193.62 192.66 191.69 190.72 189.78 188.88 188.00 187.16 186.34 185.62 184.81 184.09 183.38 182.66 181.94 181.28 180.56 179.91 179.22 178.47 177.66 176.81 176.00 175.38 174.69 174.06 173.47 172.84 172.22 171.62 171.03 170.44 169.88 169.34 168.84 168.28 167.78 167.28 166.81 166.34 165.88 165.50 165.12 164.75 164.41 164.09 163.72 163.50 163.28 163.06 162.91 162.75 162.56 162.34 162.00 161.50 161.03 160.62 160.12 159.72 159.31 158.88
201.53 200.97 200.16 199.25 198.38 197.56 196.53 195.50 194.53 193.56 192.72 191.81 190.84 189.81 188.81 187.97 187.09 186.31 185.56 184.88 184.22 183.41 182.72 182.06 181.38 180.75 180.00 179.34 178.66 177.84 176.97 176.03 175.41 174.78 174.16 173.56 172.91 172.28 171.66 171.06 170.47 169.91 169.31 168.72 168.22 167.69 167.19 166.69 166.28 165.91 165.44 165.06 164.62 164.28 163.97 163.66 163.28 163.09 162.91 162.72 162.56 162.41 162.09 161.66 161.25 160.84 160.31 159.88 159.44 159.06 158.66
201.78 201.16 200.44 199.66 198.75 197.91 196.97 195.91 195.06 193.94 192.84 191.88 191.00 189.97 188.78 187.84 187.06 186.28 185.47 184.75 184.16 183.47 182.75 182.12 181.47 180.81 180.16 179.50 178.81 177.97 176.97 176.12 175.50 174.88 174.22 173.62 172.97 172.34 171.72 171.12 170.47 169.84 169.28 168.72 168.16 167.66 167.12 166.72 166.22 165.78 165.34 164.91 164.56 164.16 163.81 163.50 163.22 162.88 162.69 162.53 162.34 162.12 161.88 161.41 161.00 160.53 160.09 159.66 159.22 158.84 158.50
201.97 201.31 200.59 199.81 198.97 198.09 197.28 196.50 195.47 194.41 193.31 192.28 191.19 190.06 188.91 187.78 186.97 186.16 185.41 184.75 184.06 183.44 182.78 182.16 181.56 180.97 180.28 179.59 178.91 178.03 177.09 176.19 175.56 174.94 174.31 173.72 173.09 172.47 171.81 171.16 170.53 169.97 169.25 168.69 168.16 167.66 167.09 166.62 166.12 165.69 165.22 164.81 164.41 164.03 163.72 163.31 163.03 162.78 162.47 162.28 162.12 161.88 161.56 161.16 160.69 160.28 159.81 159.44 159.06 158.66 158.34
202.09 201.19 200.50 199.75 198.94 198.12 197.38 196.62 195.78 194.81 193.72 192.53 191.28 190.06 188.94 187.78 186.88 186.03 185.31 184.75 184.19 183.56 182.88 182.25 181.66 181.03 180.41 179.72 179.00 178.16 177.28 176.31 175.66 175.06 174.44 173.84 173.19 172.53 171.91 171.31 170.56 169.91 169.31 168.72 168.16 167.56 167.03 166.53 166.03 165.56 165.09 164.66 164.25 163.88 163.53 163.19 162.84 162.56 162.25 162.06 161.84 161.59 161.31 160.91 160.41 160.03 159.66 159.22 158.81 158.53 158.22
202.25 201.41 200.56 199.44 198.75 198.03 197.38 196.69 195.91 195.00 193.88 192.59 191.31 190.00 188.84 187.88 186.72 185.81 185.31 184.78 184.22 183.59 182.97 182.31 181.72 181.09 180.44 179.78 179.09 178.41 177.47 176.44 175.78 175.19 174.59 173.94 173.28 172.69 172.06 171.38 170.66 169.97 169.31 168.69 168.09 167.53 166.97 166.44 165.94 165.47 165.00 164.56 164.16 163.78 163.38 163.06 162.75 162.41 162.12 161.78 161.62 161.34 161.03 160.62 160.28 159.88 159.47 159.06 158.75 158.47 158.19
202.62 201.44 200.31 199.12 198.34 197.75 197.19 196.50 195.78 194.88 193.75 192.50 191.03 189.69 188.66 187.62 186.69 185.88 185.34 184.78 184.22 183.59 182.97 182.34 181.75 181.16 180.50 179.81 179.12 178.38 177.56 176.66 175.91 175.28 174.66 174.03 173.44 172.84 172.16 171.50 170.84 169.97 169.28 168.62 168.03 167.47 166.91 166.38 165.88 165.38 164.91 164.47 164.06 163.62 163.25 162.88 162.53 162.25 161.94 161.66 161.34 161.12 160.84 160.47 160.12 159.75 159.34 159.00 158.69 158.38 158.12
202.78 201.47 200.00 199.03 198.25 197.50 196.81 196.16 195.41 194.53 193.47 192.22 190.47 189.41 188.75 187.88 186.81 186.12 185.47 184.84 184.25 183.66 183.03 182.41 181.78 181.16 180.50 179.81 179.12 178.41 177.62 176.84 176.06 175.41 174.78 174.19 173.59 172.97 172.38 171.66 170.94 170.00 169.22 168.56 168.06 167.44 166.78 166.25 165.78 165.25 164.81 164.38 163.94 163.53 163.12 162.75 162.41 162.06 161.78 161.47 161.19 160.88 160.59 160.31 160.00 159.66 159.28 158.94 158.62 158.38 158.12
203.06 201.69 200.41 199.19 198.25 197.56 196.56 195.66 194.88 193.97 192.97 191.84 190.50 189.44 188.66 187.88 186.97 186.28 185.62 184.97 184.34 183.75 183.06 182.44 181.81 181.19 180.50 179.88 179.16 178.44 177.72 176.94 176.16 175.56 174.94 174.34 173.72 173.09 172.41 171.72 170.91 170.12 169.28 168.53 167.97 167.22 166.69 166.16 165.66 165.16 164.69 164.25 163.81 163.41 163.00 162.62 162.25 161.94 161.56 161.28 161.00 160.69 160.41 160.12 159.81 159.53 159.16 158.88 158.59 158.31 158.06
203.38 202.00 200.62 199.06 198.00 197.06 195.84 194.75 193.94 193.31 192.44 191.44 190.41 189.47 188.62 187.84 187.12 186.41 185.72 185.03 184.38 183.72 183.09 182.47 181.88 181.25 180.53 179.84 179.19 178.44 177.69 176.97 176.34 175.69 175.06 174.44 173.84 173.19 172.50 171.81 171.00 170.03 169.09 168.47 167.88 167.12 166.59 166.09 165.56 165.06 164.59 164.12 163.69 163.28 162.88 162.50 162.12 161.78 161.47 161.12 160.81 160.56 160.25 159.97 159.72 159.41 159.09 158.81 158.50 158.28 158.00
203.34 201.97 200.44 198.91 197.78 196.50 195.22 193.94 193.25 192.69 192.00 191.16 190.25 189.44 188.66 187.94 187.22 186.50 185.78 185.09 184.41 183.78 183.16 182.50 181.84 181.22 180.56 179.88 179.19 178.47 177.81 177.16 176.47 175.81 175.19 174.56 173.94 173.31 172.59 171.78 170.91 169.75 169.06 168.34 167.69 167.09 166.53 166.03 165.50 165.00 164.50 164.03 163.59 163.16 162.78 162.38 162.00 161.66 161.31 161.00 160.66 160.34 160.12 159.81 159.56 159.28 159.06 158.72 158.50 158.22 157.94
203.22 201.97 200.31 198.94 197.34 196.06 194.44 193.38 192.91 192.38 191.75 191.00 190.25 189.44 188.66 187.94 187.22 186.53 185.84 185.16 184.50 183.81 183.16 182.50 181.88 181.22 180.56 179.94 179.22 178.62 177.94 177.25 176.66 175.91 175.28 174.69 173.97 173.25 172.44 171.66 170.84 170.00 169.00 168.22 167.62 167.00 166.47 165.94 165.44 164.94 164.44 163.97 163.50 163.09 162.66 162.25 161.88 161.50 161.16 160.84 160.53 160.19 159.97 159.72 159.44 159.16 158.94 158.69 158.41 158.16 157.97
202.94 201.69 200.31 198.78 197.38 195.78 194.25 193.41 192.88 192.38 191.62 190.88 190.09 189.31 188.53 187.88 187.19 186.50 185.84 185.16 184.47 183.81 183.16 182.53 181.97 181.31 180.66 180.00 179.38 178.72 178.06 177.50 176.78 175.97 175.38 174.78 174.06 173.44 172.66 171.81 170.66 169.84 169.03 168.25 167.56 166.97 166.38 165.84 165.34 164.84 164.34 163.88 163.44 163.00 162.56 162.16 161.75 161.38 161.03 160.72 160.41 160.09 159.75 159.56 159.31 159.06 158.81 158.62 158.38 158.19 157.91
202.47 201.28 200.09 198.38 197.03 195.78 194.53 193.50 192.91 192.38 191.62 190.84 190.06 189.25 188.53 187.81 187.12 186.50 185.81 185.12 184.50 183.88 183.22 182.62 182.03 181.41 180.75 180.12 179.47 178.84 178.28 177.72 176.97 176.06 175.50 174.81 173.94 173.31 172.44 171.78 170.75 169.78 168.94 168.28 167.56 166.88 166.34 165.81 165.28 164.78 164.28 163.81 163.34 162.88 162.44 162.03 161.66 161.25 160.91 160.59 160.25 159.97 159.69 159.38 159.19 158.97 158.69 158.53 158.31 158.09 157.84
202.25 200.84 199.53 197.94 196.84 195.84 194.69 193.62 193.00 192.38 191.62 190.84 190.09 189.34 188.56 187.78 187.09 186.50 185.78 185.16 184.56 183.91 183.34 182.72 182.12 181.50 180.91 180.25 179.59 178.97 178.44 177.88 177.19 176.28 175.44 174.59 173.88 173.16 172.28 171.69 170.84 169.75 168.97 168.31 167.56 166.88 166.31 165.75 165.22 164.72 164.19 163.72 163.22 162.78 162.34 161.91 161.53 161.12 160.78 160.44 160.16 159.84 159.56 159.31 159.03 158.81 158.62 158.38 158.19 158.00 157.78
201.62 200.34 199.28 197.94 196.81 195.94 194.84 193.72 193.09 192.41 191.66 190.91 190.12 189.34 188.59 187.88 187.12 186.41 185.78 185.16 184.56 183.97 183.38 182.81 182.22 181.62 180.97 180.34 179.69 179.09 178.56 178.03 177.38 176.44 175.25 174.62 173.69 172.94 172.44 171.69 170.72 169.91 169.09 168.34 167.56 166.88 166.28 165.72 165.16 164.62 164.12 163.62 163.16 162.66 162.22 161.81 161.38 161.00 160.66 160.34 160.03 159.75 159.47 159.22 158.97 158.72 158.47 158.28 158.03 157.91 157.66
201.62 200.28 199.09 197.97 196.88 195.84 194.91 193.84 193.12 192.44 191.72 190.97 190.19 189.41 188.66 187.91 187.19 186.50 185.84 185.19 184.59 184.00 183.44 182.88 182.31 181.72 181.06 180.41 179.72 179.16 178.66 178.16 177.59 176.53 175.22 174.47 173.66 173.09 172.31 171.62 170.78 169.94 169.19 168.34 167.56 166.84 166.28 165.69 165.09 164.56 164.03 163.53 163.03 162.56 162.16 161.72 161.31 160.88 160.56 160.22 159.91 159.62 159.38 159.09 158.84 158.62 158.38 158.16 157.97 157.72 157.62
201.81 200.53 199.34 198.12 196.81 195.53 194.62 193.97 193.22 192.50 191.72 190.97 190.19 189.44 188.66 187.91 187.19 186.50 185.84 185.19 184.59 184.00 183.44 182.88 182.31 181.72 181.06 180.38 179.66 179.16 178.72 178.25 177.75 176.50 175.00 174.44 173.53 173.00 172.09 171.47 170.72 169.94 169.28 168.53 167.56 166.97 166.28 165.66 165.06 164.50 163.94 163.41 162.94 162.44 162.00 161.62 161.19 160.81 160.44 160.12 159.81 159.53 159.28 159.00 158.75 158.53 158.28 158.06 157.84 157.62 157.38
201.47 200.47 199.44 198.31 196.75 195.47 194.69 194.06 193.25 192.50 191.72 190.94 190.16 189.38 188.59 187.78 187.06 186.41 185.78 185.16 184.53 183.97 183.38 182.78 182.22 181.59 180.97 180.25 179.69 179.19 178.72 178.28 177.59 176.28 175.12 174.41 173.66 172.81 172.22 171.50 170.72 170.00 169.38 168.66 167.66 167.03 166.25 165.66 165.00 164.44 163.88 163.34 162.78 162.38 161.94 161.50 161.09 160.69 160.38 160.03 159.75 159.44 159.16 158.91 158.69 158.44 158.19 157.94 157.72 157.47 157.28
