everonasctiles/Tile49,19.asc
ncols 128
nrows 128
xllcorner 0
yllcorner 0
cellsize 2.0
NODATA_value  -9999
[rows 0 to 28 of 128, columns 0 to 66 of 128]
-119.03 -119.03 -119.03 -119.03 -118.97 -118.94 -118.88 -118.78 -118.72 -118.69 -118.59 -118.53 -118.44 -118.47 -118.62 -118.75 -118.91 -119.03 -119.12 -119.22 -119.31 -119.41 -119.53 -119.62 -119.75 -119.84 -119.97 -120.09 -120.19 -120.28 -120.38 -120.47 -120.59 -120.69 -120.81 -120.97 -121.16 -121.38 -121.59 -121.78 -121.97 -122.09 -122.19 -122.25 -122.28 -122.31 -122.31 -122.31 -122.31 -122.34 -122.41 -122.47 -122.50 -122.56 -122.59 -122.62 -122.62 -122.62 -122.66 -122.69 -122.78 -122.94 -123.09 -123.22 -123.38 -123.56 -123.72
-118.84 -118.81 -118.81 -118.75 -118.72 -118.66 -118.59 -118.53 -118.47 -118.41 -118.31 -118.25 -118.28 -118.44 -118.59 -118.72 -118.88 -119.00 -119.12 -119.22 -119.31 -119.44 -119.53 -119.62 -119.75 -119.84 -119.94 -120.06 -120.16 -120.25 -120.34 -120.44 -120.53 -120.62 -120.72 -120.81 -120.97 -121.16 -121.34 -121.56 -121.75 -121.91 -122.03 -122.09 -122.16 -122.16 -122.19 -122.16 -122.19 -122.19 -122.25 -122.28 -122.34 -122.38 -122.38 -122.41 -122.41 -122.41 -122.38 -122.34 -122.47 -122.72 -122.97 -123.19 -123.41 -123.59 -123.78
-118.62 -118.56 -118.53 -118.47 -118.41 -118.38 -118.28 -118.25 -118.16 -118.09 -118.09 -118.16 -118.28 -118.44 -118.59 -118.72 -118.88 -119.00 -119.09 -119.22 -119.31 -119.44 -119.53 -119.62 -119.72 -119.81 -119.91 -120.03 -120.09 -120.19 -120.28 -120.38 -120.44 -120.50 -120.56 -120.66 -120.75 -120.91 -121.09 -121.31 -121.50 -121.69 -121.81 -121.91 -122.00 -122.03 -122.03 -122.03 -122.03 -122.06 -122.09 -122.12 -122.16 -122.16 -122.16 -122.16 -122.16 -122.12 -122.06 -122.06 -122.34 -122.69 -122.97 -123.22 -123.44 -123.66 -123.84
-118.41 -118.31 -118.25 -118.22 -118.12 -118.06 -117.97 -117.94 -117.94 -117.97 -118.06 -118.22 -118.34 -118.47 -118.59 -118.72 -118.84 -118.97 -119.09 -119.19 -119.31 -119.41 -119.53 -119.62 -119.69 -119.78 -119.88 -119.97 -120.03 -120.12 -120.19 -120.28 -120.34 -120.38 -120.41 -120.44 -120.50 -120.62 -120.84 -121.03 -121.25 -121.44 -121.59 -121.72 -121.81 -121.88 -121.88 -121.91 -121.91 -121.91 -121.91 -121.94 -121.97 -121.97 -121.94 -121.94 -121.91 -121.84 -121.84 -122.09 -122.44 -122.72 -123.00 -123.25 -123.47 -123.69 -123.84
-118.19 -118.06 -118.00 -117.88 -117.78 -117.72 -117.72 -117.78 -117.88 -118.03 -118.12 -118.28 -118.41 -118.53 -118.66 -118.78 -118.88 -118.97 -119.09 -119.19 -119.31 -119.41 -119.50 -119.59 -119.69 -119.75 -119.81 -119.88 -119.97 -120.03 -120.09 -120.16 -120.22 -120.25 -120.25 -120.25 -120.28 -120.34 -120.53 -120.75 -120.97 -121.16 -121.34 -121.50 -121.62 -121.69 -121.72 -121.75 -121.75 -121.75 -121.75 -121.75 -121.75 -121.72 -121.72 -121.69 -121.62 -121.62 -121.88 -122.22 -122.50 -122.78 -123.03 -123.28 -123.50 -123.66 -123.81
-117.97 -117.78 -117.59 -117.47 -117.41 -117.50 -117.66 -117.81 -117.94 -118.09 -118.22 -118.34 -118.47 -118.59 -118.72 -118.84 -118.94 -119.03 -119.12 -119.22 -119.31 -119.41 -119.50 -119.59 -119.66 -119.72 -119.78 -119.81 -119.88 -119.94 -119.97 -120.03 -120.09 -120.12 -120.12 -120.09 -120.06 -120.06 -120.16 -120.41 -120.66 -120.88 -121.06 -121.25 -121.41 -121.50 -121.56 -121.59 -121.59 -121.56 -121.56 -121.53 -121.50 -121.47 -121.47 -121.41 -121.38 -121.66 -121.97 -122.25 -122.53 -122.81 -123.06 -123.28 -123.47 -123.62 -123.75
-117.72 -117.47 -117.22 -117.19 -117.34 -117.53 -117.72 -117.88 -118.00 -118.16 -118.28 -118.41 -118.56 -118.69 -118.81 -118.94 -119.03 -119.12 -119.22 -119.28 -119.38 -119.47 -119.53 -119.59 -119.66 -119.72 -119.75 -119.78 -119.81 -119.84 -119.88 -119.94 -119.97 -120.00 -119.97 -119.97 -119.91 -119.88 -119.84 -120.00 -120.28 -120.56 -120.78 -120.97 -121.16 -121.28 -121.34 -121.41 -121.41 -121.38 -121.34 -121.31 -121.25 -121.22 -121.16 -121.09 -121.31 -121.72 -122.00 -122.28 -122.56 -122.81 -123.03 -123.22 -123.41 -123.53 -123.66
-117.47 -117.19 -117.06 -117.25 -117.44 -117.59 -117.75 -117.91 -118.06 -118.22 -118.34 -118.50 -118.62 -118.78 -118.91 -119.03 -119.12 -119.22 -119.31 -119.38 -119.44 -119.53 -119.56 -119.62 -119.69 -119.72 -119.75 -119.75 -119.75 -119.78 -119.81 -119.84 -119.88 -119.88 -119.88 -119.84 -119.81 -119.75 -119.69 -119.69 -119.91 -120.22 -120.50 -120.69 -120.88 -121.03 -121.12 -121.19 -121.19 -121.16 -121.09 -121.06 -121.00 -120.91 -120.78 -120.94 -121.38 -121.75 -122.03 -122.28 -122.56 -122.78 -123.00 -123.16 -123.31 -123.44 -123.56
-117.22 -117.09 -117.19 -117.34 -117.50 -117.66 -117.81 -117.94 -118.09 -118.25 -118.41 -118.56 -118.69 -118.84 -119.00 -119.12 -119.22 -119.31 -119.38 -119.47 -119.53 -119.56 -119.62 -119.66 -119.72 -119.72 -119.75 -119.75 -119.75 -119.75 -119.75 -119.78 -119.78 -119.81 -119.81 -119.78 -119.72 -119.66 -119.59 -119.59 -119.69 -119.94 -120.19 -120.41 -120.62 -120.78 -120.91 -120.94 -120.94 -120.91 -120.84 -120.81 -120.72 -120.53 -120.56 -120.97 -121.44 -121.75 -122.03 -122.31 -122.53 -122.75 -122.94 -123.09 -123.22 -123.34 -123.47
-117.12 -117.16 -117.28 -117.41 -117.56 -117.69 -117.81 -117.97 -118.09 -118.25 -118.41 -118.56 -118.72 -118.88 -119.03 -119.16 -119.28 -119.38 -119.44 -119.50 -119.56 -119.62 -119.69 -119.72 -119.72 -119.75 -119.75 -119.75 -119.75 -119.72 -119.72 -119.72 -119.72 -119.72 -119.72 -119.72 -119.69 -119.62 -119.59 -119.56 -119.62 -119.78 -119.97 -120.16 -120.34 -120.53 -120.62 -120.69 -120.66 -120.62 -120.59 -120.53 -120.38 -120.25 -120.62 -121.12 -121.47 -121.78 -122.06 -122.31 -122.53 -122.72 -122.88 -123.00 -123.16 -123.28 -123.41
-117.16 -117.25 -117.34 -117.47 -117.59 -117.72 -117.81 -117.94 -118.06 -118.22 -118.38 -118.53 -118.69 -118.88 -119.00 -119.16 -119.28 -119.38 -119.47 -119.56 -119.59 -119.66 -119.69 -119.72 -119.75 -119.75 -119.75 -119.72 -119.72 -119.69 -119.69 -119.69 -119.66 -119.66 -119.69 -119.69 -119.66 -119.62 -119.56 -119.56 -119.59 -119.69 -119.81 -119.94 -120.09 -120.25 -120.34 -120.41 -120.38 -120.38 -120.31 -120.19 -120.03 -120.31 -120.81 -121.19 -121.50 -121.81 -122.06 -122.31 -122.50 -122.66 -122.81 -122.97 -123.12 -123.25 -123.41
-117.19 -117.28 -117.38 -117.50 -117.59 -117.66 -117.75 -117.84 -117.97 -118.12 -118.28 -118.47 -118.66 -118.81 -118.97 -119.12 -119.25 -119.38 -119.47 -119.56 -119.62 -119.66 -119.69 -119.72 -119.72 -119.72 -119.72 -119.72 -119.69 -119.66 -119.66 -119.62 -119.62 -119.62 -119.62 -119.62 -119.62 -119.59 -119.56 -119.53 -119.56 -119.59 -119.66 -119.75 -119.84 -119.97 -120.06 -120.09 -120.09 -120.06 -119.94 -119.84 -120.06 -120.53 -120.91 -121.25 -121.53 -121.81 -122.06 -122.28 -122.47 -122.62 -122.78 -122.94 -123.09 -123.25 -123.41
-117.19 -117.28 -117.38 -117.44 -117.50 -117.56 -117.66 -117.75 -117.88 -118.03 -118.22 -118.41 -118.59 -118.75 -118.91 -119.06 -119.22 -119.34 -119.44 -119.53 -119.59 -119.66 -119.69 -119.72 -119.72 -119.72 -119.69 -119.69 -119.66 -119.62 -119.59 -119.56 -119.56 -119.56 -119.56 -119.56 -119.56 -119.56 -119.53 -119.53 -119.50 -119.50 -119.50 -119.53 -119.59 -119.69 -119.75 -119.78 -119.78 -119.69 -119.66 -119.91 -120.28 -120.66 -120.97 -121.25 -121.53 -121.81 -122.03 -122.22 -122.41 -122.59 -122.75 -122.91 -123.09 -123.25 -123.41
-117.16 -117.22 -117.25 -117.31 -117.38 -117.44 -117.50 -117.62 -117.75 -117.94 -118.12 -118.31 -118.50 -118.66 -118.84 -119.00 -119.16 -119.28 -119.38 -119.47 -119.53 -119.59 -119.66 -119.69 -119.69 -119.69 -119.69 -119.66 -119.62 -119.59 -119.56 -119.53 -119.50 -119.50 -119.50 -119.50 -119.50 -119.50 -119.50 -119.47 -119.44 -119.41 -119.38 -119.34 -119.34 -119.38 -119.41 -119.41 -119.44 -119.56 -119.84 -120.16 -120.44 -120.75 -121.00 -121.28 -121.53 -121.75 -121.97 -122.16 -122.34 -122.50 -122.69 -122.88 -123.06 -123.22 -123.38
-117.03 -117.06 -117.12 -117.16 -117.19 -117.25 -117.34 -117.47 -117.59 -117.78 -118.00 -118.22 -118.41 -118.59 -118.75 -118.94 -119.09 -119.22 -119.31 -119.41 -119.47 -119.53 -119.59 -119.66 -119.69 -119.69 -119.66 -119.62 -119.59 -119.56 -119.53 -119.50 -119.47 -119.44 -119.41 -119.41 -119.41 -119.41 -119.41 -119.38 -119.34 -119.28 -119.22 -119.16 -119.09 -119.03 -119.03 -119.19 -119.44 -119.72 -120.00 -120.28 -120.53 -120.78 -121.03 -121.25 -121.47 -121.66 -121.84 -122.03 -122.22 -122.41 -122.59 -122.78 -122.97 -123.16 -123.31
-116.88 -116.91 -116.94 -116.97 -117.03 -117.06 -117.16 -117.28 -117.47 -117.66 -117.88 -118.09 -118.28 -118.50 -118.69 -118.84 -119.00 -119.09 -119.19 -119.28 -119.41 -119.47 -119.56 -119.59 -119.62 -119.66 -119.62 -119.59 -119.56 -119.53 -119.50 -119.44 -119.41 -119.38 -119.34 -119.31 -119.31 -119.31 -119.31 -119.28 -119.22 -119.16 -119.06 -118.97 -118.88 -118.78 -119.00 -119.28 -119.56 -119.84 -120.09 -120.38 -120.59 -120.81 -121.03 -121.19 -121.38 -121.53 -121.72 -121.91 -122.09 -122.28 -122.50 -122.69 -122.88 -123.06 -123.22
-116.69 -116.72 -116.75 -116.78 -116.81 -116.88 -116.97 -117.12 -117.31 -117.53 -117.75 -117.97 -118.19 -118.38 -118.56 -118.72 -118.84 -118.97 -119.06 -119.19 -119.31 -119.41 -119.50 -119.53 -119.56 -119.59 -119.56 -119.53 -119.50 -119.47 -119.44 -119.41 -119.34 -119.28 -119.25 -119.22 -119.19 -119.19 -119.16 -119.16 -119.09 -119.00 -118.91 -118.81 -118.69 -118.78 -119.03 -119.31 -119.59 -119.88 -120.16 -120.41 -120.62 -120.81 -120.97 -121.09 -121.25 -121.41 -121.59 -121.78 -121.97 -122.16 -122.38 -122.59 -122.78 -122.94 -123.09
-116.50 -116.50 -116.53 -116.56 -116.59 -116.69 -116.78 -116.94 -117.16 -117.38 -117.62 -117.84 -118.03 -118.25 -118.41 -118.56 -118.69 -118.81 -118.94 -119.06 -119.22 -119.31 -119.41 -119.47 -119.47 -119.47 -119.47 -119.44 -119.41 -119.41 -119.38 -119.34 -119.28 -119.22 -119.16 -119.09 -119.06 -119.03 -119.03 -119.00 -118.94 -118.88 -118.75 -118.66 -118.56 -118.75 -119.03 -119.31 -119.59 -119.88 -120.16 -120.38 -120.56 -120.72 -120.84 -120.94 -121.09 -121.25 -121.44 -121.62 -121.84 -122.03 -122.25 -122.44 -122.62 -122.78 -122.97
-116.28 -116.31 -116.31 -116.34 -116.38 -116.47 -116.59 -116.78 -117.00 -117.25 -117.47 -117.72 -117.91 -118.06 -118.22 -118.38 -118.50 -118.66 -118.81 -118.97 -119.09 -119.22 -119.28 -119.34 -119.34 -119.34 -119.31 -119.31 -119.31 -119.31 -119.28 -119.28 -119.22 -119.12 -119.06 -119.00 -118.94 -118.91 -118.88 -118.84 -118.78 -118.72 -118.62 -118.50 -118.47 -118.69 -118.97 -119.25 -119.53 -119.81 -120.06 -120.28 -120.47 -120.59 -120.69 -120.81 -120.94 -121.09 -121.28 -121.47 -121.69 -121.88 -122.09 -122.28 -122.47 -122.66 -122.84
-116.06 -116.09 -116.09 -116.12 -116.19 -116.28 -116.41 -116.62 -116.84 -117.09 -117.34 -117.53 -117.72 -117.88 -118.03 -118.19 -118.34 -118.50 -118.69 -118.84 -119.00 -119.09 -119.16 -119.22 -119.22 -119.19 -119.16 -119.16 -119.16 -119.19 -119.19 -119.19 -119.12 -119.06 -118.97 -118.91 -118.81 -118.78 -118.72 -118.69 -118.62 -118.56 -118.47 -118.34 -118.31 -118.53 -118.84 -119.12 -119.44 -119.72 -119.94 -120.16 -120.31 -120.44 -120.53 -120.66 -120.78 -120.94 -121.12 -121.31 -121.50 -121.72 -121.91 -122.09 -122.28 -122.50 -122.72
-115.84 -115.88 -115.91 -115.91 -115.97 -116.09 -116.25 -116.47 -116.72 -116.94 -117.16 -117.34 -117.53 -117.69 -117.84 -118.00 -118.19 -118.38 -118.56 -118.72 -118.84 -118.94 -119.03 -119.06 -119.06 -119.03 -119.00 -119.00 -119.00 -119.06 -119.09 -119.09 -119.06 -119.00 -118.91 -118.81 -118.75 -118.66 -118.59 -118.53 -118.47 -118.41 -118.31 -118.19 -118.12 -118.38 -118.72 -119.00 -119.28 -119.56 -119.81 -120.00 -120.16 -120.28 -120.38 -120.47 -120.62 -120.75 -120.94 -121.12 -121.31 -121.50 -121.72 -121.94 -122.16 -122.38 -122.62
-115.66 -115.69 -115.69 -115.72 -115.81 -115.94 -116.12 -116.34 -116.56 -116.75 -116.94 -117.12 -117.28 -117.47 -117.66 -117.84 -118.03 -118.22 -118.41 -118.56 -118.69 -118.78 -118.84 -118.88 -118.88 -118.81 -118.78 -118.81 -118.88 -118.94 -118.97 -119.00 -118.97 -118.94 -118.88 -118.78 -118.69 -118.59 -118.50 -118.41 -118.31 -118.25 -118.12 -118.00 -117.91 -118.16 -118.56 -118.84 -119.16 -119.44 -119.66 -119.84 -119.97 -120.09 -120.22 -120.31 -120.44 -120.56 -120.72 -120.91 -121.09 -121.31 -121.53 -121.75 -122.00 -122.28 -122.56
-115.44 -115.50 -115.53 -115.56 -115.66 -115.81 -116.00 -116.19 -116.38 -116.56 -116.72 -116.91 -117.09 -117.28 -117.47 -117.69 -117.88 -118.06 -118.22 -118.38 -118.50 -118.59 -118.69 -118.69 -118.66 -118.62 -118.59 -118.62 -118.72 -118.81 -118.88 -118.91 -118.91 -118.88 -118.81 -118.75 -118.66 -118.53 -118.41 -118.31 -118.19 -118.06 -117.97 -117.81 -117.66 -117.97 -118.41 -118.72 -119.00 -119.28 -119.50 -119.69 -119.81 -119.94 -120.03 -120.16 -120.25 -120.38 -120.53 -120.72 -120.91 -121.12 -121.38 -121.62 -121.88 -122.16 -122.44
-115.28 -115.34 -115.38 -115.47 -115.56 -115.72 -115.88 -116.03 -116.19 -116.34 -116.53 -116.72 -116.91 -117.09 -117.31 -117.50 -117.69 -117.84 -118.03 -118.19 -118.31 -118.41 -118.47 -118.47 -118.44 -118.41 -118.38 -118.44 -118.56 -118.66 -118.75 -118.81 -118.84 -118.81 -118.78 -118.72 -118.62 -118.50 -118.34 -118.22 -118.06 -117.94 -117.81 -117.59 -117.44 -117.78 -118.25 -118.53 -118.84 -119.12 -119.34 -119.50 -119.62 -119.75 -119.88 -119.97 -120.09 -120.19 -120.34 -120.53 -120.72 -120.97 -121.22 -121.47 -121.75 -122.03 -122.31
-115.12 -115.19 -115.28 -115.34 -115.47 -115.59 -115.72 -115.88 -116.03 -116.19 -116.34 -116.56 -116.75 -116.94 -117.12 -117.31 -117.50 -117.66 -117.81 -117.97 -118.12 -118.22 -118.25 -118.22 -118.19 -118.12 -118.16 -118.28 -118.41 -118.53 -118.66 -118.72 -118.75 -118.78 -118.75 -118.69 -118.59 -118.47 -118.31 -118.16 -117.97 -117.81 -117.66 -117.41 -117.22 -117.56 -118.06 -118.38 -118.66 -118.94 -119.16 -119.31 -119.47 -119.59 -119.69 -119.81 -119.91 -120.03 -120.19 -120.34 -120.56 -120.81 -121.09 -121.38 -121.66 -121.94 -122.19
-115.00 -115.09 -115.16 -115.25 -115.38 -115.47 -115.59 -115.72 -115.88 -116.03 -116.22 -116.41 -116.59 -116.78 -116.94 -117.12 -117.28 -117.47 -117.62 -117.78 -117.91 -118.00 -118.00 -117.94 -117.91 -117.88 -117.94 -118.09 -118.25 -118.41 -118.53 -118.62 -118.69 -118.72 -118.72 -118.66 -118.56 -118.41 -118.28 -118.09 -117.91 -117.72 -117.53 -117.28 -117.00 -117.28 -117.81 -118.16 -118.44 -118.72 -118.94 -119.12 -119.28 -119.41 -119.53 -119.62 -119.75 -119.88 -120.03 -120.22 -120.47 -120.72 -121.00 -121.25 -121.53 -121.81 -122.06
-114.88 -114.97 -115.06 -115.16 -115.25 -115.38 -115.47 -115.59 -115.75 -115.91 -116.09 -116.28 -116.44 -116.62 -116.75 -116.94 -117.09 -117.28 -117.47 -117.59 -117.69 -117.72 -117.69 -117.66 -117.59 -117.59 -117.75 -117.94 -118.12 -118.28 -118.44 -118.53 -118.62 -118.66 -118.66 -118.59 -118.50 -118.38 -118.22 -118.03 -117.84 -117.62 -117.41 -117.19 -116.88 -116.94 -117.50 -117.94 -118.22 -118.47 -118.72 -118.94 -119.09 -119.22 -119.34 -119.47 -119.59 -119.75 -119.91 -120.12 -120.38 -120.62 -120.88 -121.12 -121.41 -121.66 -121.94
-114.75 -114.84 -114.94 -115.06 -115.16 -115.25 -115.34 -115.47 -115.62 -115.78 -115.97 -116.12 -116.28 -116.44 -116.56 -116.75 -116.94 -117.09 -117.28 -117.38 -117.41 -117.41 -117.34 -117.28 -117.22 -117.31 -117.53 -117.75 -117.97 -118.16 -118.31 -118.44 -118.53 -118.56 -118.56 -118.50 -118.41 -118.28 -118.12 -117.94 -117.75 -117.53 -117.31 -117.06 -116.78 -116.62 -117.09 -117.62 -117.97 -118.25 -118.50 -118.72 -118.88 -119.03 -119.16 -119.31 -119.44 -119.62 -119.81 -120.00 -120.25 -120.47 -120.72 -120.94 -121.19 -121.44 -121.72
-114.62 -114.72 -114.81 -114.94 -115.00 -115.09 -115.22 -115.34 -115.50 -115.66 -115.81 -116.00 -116.12 -116.25 -116.41 -116.56 -116.75 -116.91 -117.03 -117.09 -117.09 -117.06 -116.97 -116.88 -116.84 -117.03 -117.31 -117.56 -117.81 -118.00 -118.19 -118.31 -118.38 -118.44 -118.44 -118.38 -118.28 -118.12 -117.97 -117.81 -117.59 -117.41 -117.16 -116.91 -116.66 -116.34 -116.69 -117.31 -117.69 -117.97 -118.25 -118.50 -118.66 -118.81 -118.97 -119.12 -119.28 -119.44 -119.62 -119.81 -120.03 -120.25 -120.47 -120.69 -120.91 -121.16 -121.44
