everonasctiles/Tile49,8.asc
ncols 128
nrows 128
xllcorner 0
yllcorner 0
cellsize 2.0
NODATA_value  -9999
[rows 87 to 115 of 128, columns 0 to 66 of 128]
-103.34 -103.75 -104.12 -104.47 -104.78 -105.03 -105.28 -105.50 -105.72 -106.00 -106.34 -106.72 -107.06 -107.38 -107.72 -108.12 -108.56 -109.00 -109.44 -109.84 -110.25 -110.66 -111.06 -111.50 -111.88 -112.25 -112.59 -112.84 -113.09 -113.28 -113.50 -113.72 -114.00 -114.38 -114.75 -115.12 -115.50 -115.88 -116.25 -116.59 -116.88 -117.09 -117.31 -117.47 -117.62 -117.72 -117.78 -117.84 -117.97 -118.12 -118.34 -118.50 -118.62 -118.72 -118.78 -118.75 -118.75 -118.78 -118.81 -118.88 -118.84 -118.75 -118.62 -118.50 -118.38 -118.34 -118.34
-103.16 -103.50 -103.81 -104.12 -104.38 -104.62 -104.84 -105.03 -105.31 -105.69 -106.09 -106.47 -106.81 -107.16 -107.53 -107.94 -108.34 -108.78 -109.19 -109.59 -110.03 -110.47 -110.91 -111.31 -111.69 -112.03 -112.34 -112.56 -112.75 -112.94 -113.12 -113.38 -113.69 -114.06 -114.44 -114.84 -115.22 -115.56 -115.88 -116.16 -116.41 -116.62 -116.81 -116.97 -117.12 -117.25 -117.34 -117.44 -117.56 -117.72 -117.88 -118.03 -118.16 -118.25 -118.28 -118.28 -118.25 -118.28 -118.34 -118.38 -118.38 -118.31 -118.19 -118.03 -117.91 -117.84 -117.91
-102.84 -103.16 -103.44 -103.69 -103.94 -104.16 -104.38 -104.69 -105.09 -105.50 -105.91 -106.25 -106.62 -106.97 -107.34 -107.72 -108.16 -108.56 -109.00 -109.44 -109.91 -110.34 -110.75 -111.16 -111.50 -111.78 -112.03 -112.25 -112.41 -112.56 -112.75 -113.00 -113.38 -113.75 -114.16 -114.50 -114.84 -115.16 -115.44 -115.69 -115.91 -116.12 -116.31 -116.47 -116.62 -116.75 -116.88 -117.00 -117.12 -117.28 -117.44 -117.56 -117.69 -117.78 -117.81 -117.78 -117.78 -117.78 -117.84 -117.91 -117.91 -117.84 -117.72 -117.56 -117.41 -117.41 -117.47
-102.44 -102.72 -102.97 -103.19 -103.41 -103.69 -104.09 -104.53 -104.94 -105.34 -105.72 -106.09 -106.44 -106.78 -107.16 -107.56 -108.00 -108.44 -108.91 -109.34 -109.81 -110.22 -110.59 -110.94 -111.25 -111.50 -111.72 -111.88 -112.03 -112.19 -112.38 -112.69 -113.03 -113.44 -113.78 -114.12 -114.44 -114.72 -114.94 -115.19 -115.41 -115.59 -115.78 -115.94 -116.12 -116.28 -116.44 -116.53 -116.66 -116.81 -116.94 -117.09 -117.19 -117.28 -117.31 -117.31 -117.28 -117.31 -117.34 -117.41 -117.44 -117.41 -117.31 -117.16 -117.00 -117.00 -117.06
-101.97 -102.22 -102.41 -102.62 -103.00 -103.50 -103.97 -104.38 -104.78 -105.19 -105.56 -105.94 -106.28 -106.62 -107.00 -107.44 -107.88 -108.34 -108.81 -109.28 -109.69 -110.06 -110.38 -110.69 -110.94 -111.16 -111.34 -111.50 -111.66 -111.81 -112.03 -112.34 -112.69 -113.06 -113.38 -113.69 -113.97 -114.22 -114.44 -114.66 -114.88 -115.06 -115.25 -115.44 -115.66 -115.84 -115.97 -116.09 -116.19 -116.34 -116.47 -116.59 -116.72 -116.78 -116.81 -116.81 -116.81 -116.81 -116.88 -116.94 -116.97 -116.97 -116.88 -116.75 -116.62 -116.62 -116.66
-101.41 -101.59 -101.88 -102.31 -102.88 -103.38 -103.81 -104.22 -104.62 -105.03 -105.41 -105.75 -106.09 -106.47 -106.88 -107.31 -107.78 -108.25 -108.72 -109.12 -109.50 -109.78 -110.06 -110.34 -110.59 -110.81 -110.97 -111.12 -111.28 -111.44 -111.66 -111.97 -112.28 -112.59 -112.94 -113.25 -113.50 -113.75 -113.94 -114.16 -114.34 -114.53 -114.75 -115.00 -115.22 -115.41 -115.53 -115.62 -115.72 -115.84 -116.00 -116.12 -116.22 -116.25 -116.31 -116.34 -116.34 -116.34 -116.41 -116.50 -116.56 -116.53 -116.47 -116.38 -116.28 -116.28 -116.31
-100.84 -101.16 -101.66 -102.22 -102.78 -103.25 -103.66 -104.06 -104.47 -104.88 -105.22 -105.56 -105.91 -106.28 -106.72 -107.19 -107.66 -108.12 -108.53 -108.91 -109.19 -109.44 -109.72 -110.00 -110.22 -110.44 -110.59 -110.75 -110.91 -111.06 -111.25 -111.53 -111.84 -112.16 -112.47 -112.78 -113.03 -113.25 -113.44 -113.62 -113.81 -114.03 -114.31 -114.56 -114.81 -114.97 -115.06 -115.16 -115.25 -115.38 -115.50 -115.62 -115.69 -115.75 -115.81 -115.88 -115.91 -115.94 -116.03 -116.09 -116.16 -116.16 -116.09 -116.00 -115.97 -115.97 -115.97
-100.69 -101.16 -101.69 -102.22 -102.69 -103.16 -103.56 -103.97 -104.34 -104.72 -105.00 -105.31 -105.69 -106.09 -106.56 -107.03 -107.50 -107.91 -108.28 -108.56 -108.84 -109.09 -109.38 -109.62 -109.88 -110.06 -110.25 -110.41 -110.53 -110.66 -110.81 -111.09 -111.38 -111.72 -112.03 -112.31 -112.53 -112.75 -112.91 -113.12 -113.34 -113.62 -113.91 -114.16 -114.38 -114.50 -114.59 -114.66 -114.75 -114.88 -115.00 -115.12 -115.22 -115.28 -115.34 -115.44 -115.50 -115.59 -115.66 -115.75 -115.78 -115.78 -115.75 -115.69 -115.69 -115.69 -115.66
-100.91 -101.34 -101.81 -102.22 -102.66 -103.06 -103.47 -103.84 -104.19 -104.47 -104.75 -105.06 -105.47 -105.94 -106.38 -106.84 -107.25 -107.62 -107.94 -108.22 -108.47 -108.75 -109.03 -109.28 -109.50 -109.69 -109.88 -110.03 -110.16 -110.25 -110.41 -110.62 -110.97 -111.28 -111.59 -111.81 -112.03 -112.22 -112.41 -112.66 -112.94 -113.25 -113.53 -113.75 -113.91 -114.03 -114.12 -114.19 -114.28 -114.38 -114.50 -114.62 -114.72 -114.81 -114.94 -115.03 -115.16 -115.25 -115.34 -115.41 -115.44 -115.47 -115.44 -115.44 -115.41 -115.41 -115.31
-101.06 -101.47 -101.88 -102.25 -102.62 -103.00 -103.34 -103.66 -103.94 -104.19 -104.44 -104.81 -105.28 -105.75 -106.19 -106.59 -107.00 -107.34 -107.62 -107.91 -108.16 -108.44 -108.69 -108.94 -109.12 -109.31 -109.50 -109.66 -109.75 -109.84 -109.97 -110.25 -110.56 -110.88 -111.09 -111.31 -111.47 -111.66 -111.94 -112.25 -112.56 -112.84 -113.09 -113.31 -113.47 -113.56 -113.62 -113.72 -113.81 -113.91 -114.06 -114.19 -114.31 -114.44 -114.56 -114.69 -114.84 -114.94 -115.03 -115.09 -115.16 -115.19 -115.16 -115.09 -115.06 -115.03 -115.12
-101.16 -101.53 -101.91 -102.25 -102.59 -102.91 -103.16 -103.38 -103.59 -103.81 -104.12 -104.56 -105.06 -105.53 -105.94 -106.34 -106.72 -107.06 -107.34 -107.62 -107.88 -108.12 -108.34 -108.53 -108.75 -108.94 -109.12 -109.25 -109.34 -109.44 -109.59 -109.84 -110.16 -110.41 -110.59 -110.75 -110.91 -111.12 -111.50 -111.88 -112.19 -112.47 -112.69 -112.88 -113.00 -113.09 -113.19 -113.28 -113.38 -113.50 -113.66 -113.78 -113.94 -114.09 -114.25 -114.41 -114.53 -114.66 -114.75 -114.81 -114.84 -114.84 -114.75 -114.72 -114.75 -114.94 -115.22
-101.25 -101.59 -101.91 -102.22 -102.50 -102.72 -102.91 -103.06 -103.22 -103.44 -103.81 -104.31 -104.84 -105.28 -105.72 -106.12 -106.47 -106.81 -107.06 -107.31 -107.56 -107.78 -107.97 -108.16 -108.34 -108.53 -108.72 -108.88 -108.97 -109.06 -109.22 -109.47 -109.72 -109.91 -110.09 -110.19 -110.38 -110.72 -111.16 -111.50 -111.81 -112.06 -112.28 -112.44 -112.56 -112.66 -112.78 -112.88 -113.00 -113.12 -113.31 -113.47 -113.66 -113.81 -114.00 -114.16 -114.28 -114.38 -114.44 -114.47 -114.50 -114.56 -114.69 -114.81 -114.97 -115.19 -115.41
-101.25 -101.56 -101.88 -102.12 -102.34 -102.47 -102.59 -102.69 -102.78 -103.09 -103.62 -104.16 -104.66 -105.09 -105.50 -105.91 -106.25 -106.53 -106.75 -106.97 -107.19 -107.38 -107.56 -107.72 -107.94 -108.12 -108.31 -108.44 -108.53 -108.66 -108.81 -109.03 -109.25 -109.44 -109.53 -109.69 -110.03 -110.47 -110.84 -111.19 -111.47 -111.69 -111.84 -112.00 -112.12 -112.28 -112.41 -112.53 -112.69 -112.84 -113.03 -113.22 -113.41 -113.59 -113.78 -113.94 -114.03 -114.16 -114.31 -114.50 -114.69 -114.84 -115.03 -115.19 -115.34 -115.50 -115.66
-101.19 -101.50 -101.75 -101.97 -102.12 -102.22 -102.25 -102.28 -102.47 -102.97 -103.53 -104.03 -104.47 -104.91 -105.31 -105.66 -105.97 -106.22 -106.41 -106.59 -106.78 -106.97 -107.16 -107.34 -107.53 -107.72 -107.91 -108.03 -108.12 -108.25 -108.41 -108.59 -108.78 -108.91 -109.09 -109.41 -109.81 -110.22 -110.56 -110.88 -111.09 -111.28 -111.44 -111.59 -111.75 -111.94 -112.12 -112.31 -112.47 -112.66 -112.81 -113.00 -113.22 -113.44 -113.66 -113.88 -114.06 -114.28 -114.50 -114.72 -114.94 -115.12 -115.28 -115.47 -115.62 -115.78 -115.91
-101.06 -101.38 -101.59 -101.78 -101.91 -101.97 -101.97 -102.06 -102.44 -102.94 -103.44 -103.88 -104.31 -104.72 -105.09 -105.41 -105.66 -105.88 -106.06 -106.22 -106.41 -106.56 -106.75 -106.94 -107.12 -107.31 -107.47 -107.59 -107.72 -107.84 -107.97 -108.12 -108.28 -108.50 -108.84 -109.25 -109.62 -110.00 -110.28 -110.53 -110.72 -110.91 -111.06 -111.25 -111.44 -111.69 -111.91 -112.12 -112.31 -112.53 -112.72 -112.94 -113.19 -113.44 -113.72 -113.97 -114.22 -114.44 -114.69 -114.94 -115.16 -115.34 -115.53 -115.72 -115.91 -116.06 -116.22
-100.91 -101.19 -101.41 -101.56 -101.69 -101.75 -101.84 -102.09 -102.47 -102.88 -103.31 -103.72 -104.09 -104.47 -104.81 -105.09 -105.34 -105.53 -105.69 -105.84 -106.03 -106.19 -106.34 -106.53 -106.72 -106.88 -107.03 -107.19 -107.31 -107.41 -107.50 -107.62 -107.91 -108.31 -108.69 -109.09 -109.44 -109.75 -109.97 -110.16 -110.34 -110.53 -110.72 -110.94 -111.19 -111.47 -111.72 -111.97 -112.22 -112.44 -112.69 -112.97 -113.25 -113.53 -113.81 -114.09 -114.34 -114.59 -114.88 -115.12 -115.38 -115.59 -115.78 -116.00 -116.19 -116.38 -116.53
-100.72 -100.97 -101.19 -101.34 -101.50 -101.66 -101.84 -102.12 -102.47 -102.81 -103.16 -103.53 -103.88 -104.22 -104.53 -104.78 -105.00 -105.16 -105.34 -105.50 -105.62 -105.78 -105.94 -106.12 -106.28 -106.44 -106.62 -106.78 -106.91 -107.00 -107.06 -107.34 -107.75 -108.16 -108.53 -108.88 -109.19 -109.44 -109.62 -109.81 -110.00 -110.19 -110.44 -110.72 -111.00 -111.28 -111.56 -111.84 -112.09 -112.41 -112.69 -113.00 -113.31 -113.62 -113.94 -114.22 -114.50 -114.75 -115.03 -115.31 -115.56 -115.81 -116.03 -116.25 -116.47 -116.66 -116.84
-100.47 -100.75 -100.94 -101.16 -101.34 -101.56 -101.81 -102.06 -102.38 -102.69 -103.00 -103.31 -103.62 -103.94 -104.22 -104.44 -104.66 -104.81 -105.00 -105.12 -105.25 -105.41 -105.53 -105.72 -105.88 -106.06 -106.22 -106.41 -106.53 -106.66 -106.88 -107.25 -107.62 -108.00 -108.34 -108.66 -108.91 -109.12 -109.31 -109.47 -109.69 -109.94 -110.22 -110.50 -110.81 -111.09 -111.38 -111.66 -111.97 -112.31 -112.66 -113.00 -113.38 -113.69 -114.03 -114.34 -114.62 -114.91 -115.19 -115.47 -115.72 -115.97 -116.22 -116.47 -116.69 -116.94 -117.12
-100.22 -100.47 -100.72 -100.94 -101.19 -101.44 -101.69 -101.97 -102.22 -102.50 -102.78 -103.06 -103.38 -103.66 -103.88 -104.09 -104.31 -104.50 -104.66 -104.78 -104.91 -105.03 -105.16 -105.31 -105.50 -105.69 -105.88 -106.09 -106.25 -106.50 -106.81 -107.16 -107.50 -107.81 -108.12 -108.38 -108.59 -108.78 -108.97 -109.19 -109.41 -109.69 -110.00 -110.28 -110.59 -110.88 -111.19 -111.47 -111.81 -112.19 -112.59 -112.97 -113.38 -113.72 -114.06 -114.41 -114.72 -115.03 -115.31 -115.59 -115.84 -116.12 -116.38 -116.62 -116.91 -117.12 -117.38
-99.94 -100.22 -100.50 -100.75 -101.00 -101.28 -101.53 -101.78 -102.03 -102.25 -102.53 -102.78 -103.06 -103.31 -103.56 -103.78 -103.97 -104.16 -104.34 -104.47 -104.56 -104.69 -104.81 -104.97 -105.16 -105.38 -105.62 -105.88 -106.12 -106.41 -106.72 -107.03 -107.34 -107.62 -107.88 -108.09 -108.28 -108.47 -108.69 -108.91 -109.19 -109.47 -109.75 -110.03 -110.34 -110.62 -110.94 -111.22 -111.59 -112.03 -112.50 -112.94 -113.34 -113.72 -114.09 -114.44 -114.78 -115.09 -115.41 -115.69 -115.97 -116.25 -116.50 -116.78 -117.03 -117.31 -117.56
-99.62 -99.94 -100.25 -100.56 -100.81 -101.09 -101.31 -101.53 -101.75 -101.97 -102.22 -102.50 -102.75 -103.00 -103.25 -103.47 -103.66 -103.84 -104.03 -104.16 -104.25 -104.34 -104.47 -104.66 -104.91 -105.19 -105.47 -105.75 -106.03 -106.31 -106.59 -106.88 -107.16 -107.38 -107.59 -107.78 -107.97 -108.19 -108.41 -108.66 -108.94 -109.22 -109.50 -109.78 -110.09 -110.38 -110.66 -110.97 -111.38 -111.91 -112.41 -112.88 -113.34 -113.75 -114.12 -114.47 -114.81 -115.16 -115.47 -115.75 -116.06 -116.34 -116.62 -116.91 -117.16 -117.44 -117.72
-99.34 -99.69 -100.03 -100.34 -100.59 -100.84 -101.06 -101.25 -101.44 -101.69 -101.94 -102.19 -102.44 -102.69 -102.94 -103.16 -103.34 -103.56 -103.72 -103.84 -103.97 -104.06 -104.22 -104.47 -104.72 -105.03 -105.31 -105.59 -105.91 -106.16 -106.44 -106.69 -106.91 -107.09 -107.31 -107.50 -107.69 -107.91 -108.16 -108.41 -108.66 -108.94 -109.25 -109.56 -109.88 -110.16 -110.44 -110.78 -111.31 -111.88 -112.44 -112.91 -113.34 -113.78 -114.19 -114.53 -114.88 -115.19 -115.50 -115.81 -116.12 -116.41 -116.72 -117.00 -117.28 -117.56 -117.84
-99.06 -99.47 -99.81 -100.09 -100.34 -100.53 -100.72 -100.91 -101.12 -101.34 -101.62 -101.88 -102.12 -102.38 -102.62 -102.84 -103.03 -103.25 -103.41 -103.56 -103.69 -103.81 -104.03 -104.28 -104.56 -104.88 -105.16 -105.47 -105.72 -106.00 -106.22 -106.44 -106.62 -106.81 -107.00 -107.22 -107.44 -107.69 -107.91 -108.16 -108.41 -108.69 -109.03 -109.38 -109.72 -110.06 -110.44 -110.94 -111.47 -111.97 -112.50 -112.97 -113.44 -113.84 -114.25 -114.62 -114.94 -115.25 -115.56 -115.88 -116.16 -116.47 -116.78 -117.09 -117.38 -117.69 -117.97
-98.84 -99.25 -99.56 -99.81 -100.00 -100.19 -100.38 -100.56 -100.78 -101.03 -101.28 -101.53 -101.81 -102.06 -102.28 -102.53 -102.75 -102.94 -103.12 -103.31 -103.47 -103.62 -103.84 -104.12 -104.41 -104.72 -105.00 -105.28 -105.56 -105.81 -106.00 -106.19 -106.38 -106.53 -106.72 -106.91 -107.16 -107.41 -107.62 -107.81 -108.06 -108.41 -108.78 -109.19 -109.62 -110.12 -110.59 -111.06 -111.56 -112.06 -112.56 -113.03 -113.50 -113.94 -114.31 -114.69 -115.03 -115.34 -115.62 -115.94 -116.22 -116.53 -116.84 -117.16 -117.50 -117.81 -118.09
-98.62 -99.03 -99.28 -99.47 -99.62 -99.81 -99.97 -100.19 -100.41 -100.69 -100.94 -101.22 -101.47 -101.72 -101.97 -102.22 -102.44 -102.69 -102.88 -103.09 -103.25 -103.47 -103.69 -103.97 -104.28 -104.56 -104.84 -105.12 -105.38 -105.62 -105.81 -105.97 -106.09 -106.22 -106.34 -106.53 -106.75 -106.97 -107.22 -107.47 -107.84 -108.28 -108.75 -109.19 -109.69 -110.22 -110.72 -111.19 -111.66 -112.16 -112.62 -113.09 -113.56 -113.97 -114.38 -114.75 -115.09 -115.44 -115.72 -116.03 -116.34 -116.66 -116.97 -117.28 -117.62 -117.94 -118.25
-98.44 -98.75 -98.94 -99.06 -99.22 -99.38 -99.56 -99.81 -100.06 -100.34 -100.59 -100.88 -101.16 -101.41 -101.69 -101.94 -102.19 -102.44 -102.69 -102.88 -103.09 -103.31 -103.59 -103.88 -104.16 -104.44 -104.72 -105.00 -105.25 -105.44 -105.59 -105.72 -105.84 -106.03 -106.31 -106.56 -106.78 -106.94 -107.16 -107.53 -108.03 -108.56 -109.03 -109.44 -109.88 -110.34 -110.84 -111.31 -111.78 -112.28 -112.75 -113.19 -113.66 -114.06 -114.47 -114.84 -115.22 -115.53 -115.88 -116.19 -116.50 -116.81 -117.12 -117.44 -117.78 -118.09 -118.38
-98.19 -98.38 -98.53 -98.66 -98.78 -98.97 -99.19 -99.44 -99.72 -100.00 -100.28 -100.56 -100.84 -101.16 -101.44 -101.72 -102.00 -102.25 -102.50 -102.75 -102.97 -103.22 -103.50 -103.81 -104.09 -104.41 -104.69 -104.97 -105.22 -105.44 -105.66 -105.81 -106.00 -106.34 -106.72 -107.03 -107.25 -107.44 -107.56 -107.88 -108.41 -109.00 -109.47 -109.84 -110.19 -110.56 -111.00 -111.50 -111.97 -112.44 -112.91 -113.38 -113.81 -114.22 -114.59 -114.97 -115.34 -115.69 -116.03 -116.34 -116.69 -117.00 -117.34 -117.66 -117.94 -118.25 -118.56
-97.78 -97.94 -98.06 -98.19 -98.31 -98.53 -98.78 -99.12 -99.41 -99.69 -99.97 -100.28 -100.62 -100.94 -101.25 -101.56 -101.84 -102.12 -102.38 -102.62 -102.91 -103.19 -103.50 -103.84 -104.16 -104.47 -104.78 -105.09 -105.38 -105.66 -105.91 -106.12 -106.34 -106.66 -107.00 -107.31 -107.59 -107.84 -108.06 -108.34 -108.81 -109.34 -109.75 -110.12 -110.50 -110.88 -111.25 -111.69 -112.19 -112.66 -113.12 -113.56 -114.00 -114.41 -114.78 -115.16 -115.50 -115.88 -116.22 -116.53 -116.88 -117.22 -117.53 -117.84 -118.12 -118.44 -118.72
-97.34 -97.50 -97.59 -97.72 -97.91 -98.12 -98.47 -98.81 -99.12 -99.44 -99.78 -100.16 -100.50 -100.84 -101.19 -101.50 -101.78 -102.06 -102.34 -102.59 -102.91 -103.22 -103.56 -103.94 -104.28 -104.62 -104.97 -105.28 -105.59 -105.91 -106.16 -106.44 -106.66 -106.94 -107.25 -107.59 -107.91 -108.19 -108.47 -108.75 -109.12 -109.59 -110.00 -110.44 -110.84 -111.22 -111.59 -111.97 -112.41 -112.88 -113.31 -113.78 -114.22 -114.62 -115.00 -115.34 -115.72 -116.06 -116.41 -116.72 -117.06 -117.38 -117.69 -118.00 -118.31 -118.59 -118.88
