everonasctiles/Tile[16,43].asc
ncols 128
nrows 128
xllcorner 0
yllcorner 0
cellsize 2.0
NODATA_value  -9999
[rows 66 to 98 of 128, columns 0 to 72 of 128]
-6.38 -6.09 -5.88 -5.62 -5.34 -5.12 -4.91 -4.69 -4.47 -4.28 -4.06 -3.88 -3.72 -3.66 -3.72 -3.91 -4.16 -4.44 -4.47 -4.50 -4.50 -4.47 -4.41 -4.31 -4.22 -4.06 -3.94 -3.75 -3.56 -3.34 -3.09 -2.81 -2.53 -2.19 -1.84 -1.47 -1.03 -0.59 -0.16 0.41 1.22 -0.28 -1.38 -2.28 -4.50 -10.91 -11.97 -12.69 -13.22 -13.59 -13.84 -14.03 -14.19 -14.31 -14.38 -14.44 -14.47 -14.50 -14.53 -14.53 -14.53 -14.53 -14.53 -14.53 -14.53 -14.53 -14.53 -14.53 -14.53 -14.53 -14.53 -14.53 -14.53
-6.25 -6.00 -5.78 -5.50 -5.22 -5.00 -4.78 -4.59 -4.38 -4.19 -4.00 -3.81 -3.66 -3.56 -3.62 -3.81 -4.03 -4.22 -4.28 -4.28 -4.28 -4.25 -4.22 -4.12 -4.03 -3.91 -3.75 -3.56 -3.38 -3.16 -2.94 -2.53 -2.19 -1.88 -1.56 -1.28 -0.94 -0.50 -0.06 0.50 1.28 -0.69 -1.47 -2.22 -4.75 -11.81 -12.69 -13.28 -13.69 -13.94 -14.12 -14.25 -14.34 -14.41 -14.47 -14.50 -14.50 -14.53 -14.53 -14.53 -14.53 -14.53 -14.53 -14.53 -14.53 -14.53 -14.53 -14.53 -14.53 -14.53 -14.53 -14.53 -14.53
-6.12 -5.88 -5.66 -5.38 -5.12 -4.91 -4.69 -4.50 -4.31 -4.12 -3.94 -3.75 -3.59 -3.50 -3.56 -3.72 -3.94 -4.03 -4.06 -4.09 -4.09 -4.06 -4.00 -3.91 -3.81 -3.72 -3.56 -3.41 -3.22 -3.00 -2.53 -2.22 -1.94 -1.66 -1.38 -1.12 -0.84 -0.41 0.03 0.59 1.38 -0.41 -1.53 -2.53 -5.34 -12.59 -13.25 -13.72 -14.00 -14.19 -14.31 -14.38 -14.44 -14.47 -14.50 -14.50 -14.53 -14.53 -14.53 -14.53 -14.53 -14.53 -14.53 -14.53 -14.53 -14.53 -14.53 -14.53 -14.53 -14.53 -14.53 -14.53 -14.53
-6.00 -5.78 -5.53 -5.28 -5.03 -4.81 -4.59 -4.41 -4.25 -4.06 -3.88 -3.69 -3.53 -3.47 -3.47 -3.66 -3.81 -3.88 -3.91 -3.94 -3.94 -3.91 -3.84 -3.75 -3.66 -3.53 -3.38 -3.22 -3.03 -2.62 -2.34 -2.09 -1.81 -1.56 -1.31 -1.06 -0.75 -0.41 0.16 0.72 1.41 -0.03 -1.66 -3.00 -5.53 -12.97 -13.50 -13.91 -14.16 -14.28 -14.38 -14.44 -14.47 -14.50 -14.53 -14.53 -14.53 -14.53 -14.53 -14.53 -14.53 -14.53 -14.53 -14.53 -14.53 -14.53 -14.53 -14.53 -14.53 -14.53 -14.53 -14.53 -14.53
-5.88 -5.66 -5.44 -5.16 -4.94 -4.72 -4.53 -4.34 -4.19 -4.00 -3.81 -3.62 -3.47 -3.41 -3.50 -3.62 -3.72 -3.75 -3.78 -3.78 -3.75 -3.72 -3.66 -3.56 -3.47 -3.34 -3.22 -3.03 -2.69 -2.41 -2.19 -1.97 -1.72 -1.47 -1.25 -1.03 -0.75 -0.41 0.31 0.88 1.41 -0.56 -1.66 -2.69 -5.38 -12.84 -13.44 -13.88 -14.12 -14.31 -14.41 -14.44 -14.50 -14.50 -14.53 -14.53 -14.53 -14.53 -14.53 -14.53 -14.53 -14.53 -14.53 -14.53 -14.53 -14.53 -14.53 -14.53 -14.53 -14.53 -14.53 -14.53 -14.53
-5.75 -5.53 -5.31 -5.06 -4.84 -4.66 -4.47 -4.28 -4.12 -3.94 -3.78 -3.59 -3.44 -3.44 -3.53 -3.59 -3.62 -3.66 -3.66 -3.66 -3.62 -3.56 -3.50 -3.41 -3.31 -3.19 -3.03 -2.84 -2.47 -2.28 -2.06 -1.84 -1.62 -1.41 -1.19 -0.97 -0.75 -0.38 0.47 1.00 1.41 -0.56 -1.69 -2.88 -5.06 -12.38 -13.19 -13.72 -14.03 -14.25 -14.38 -14.44 -14.50 -14.50 -14.53 -14.53 -14.53 -14.53 -14.53 -14.53 -14.53 -14.53 -14.53 -14.53 -14.53 -14.53 -14.53 -14.53 -14.53 -14.53 -14.53 -14.53 -14.53
-5.62 -5.41 -5.19 -4.97 -4.75 -4.59 -4.41 -4.25 -4.06 -3.91 -3.72 -3.56 -3.47 -3.50 -3.53 -3.56 -3.56 -3.56 -3.56 -3.53 -3.50 -3.44 -3.38 -3.25 -3.16 -3.00 -2.84 -2.69 -2.28 -2.12 -1.94 -1.75 -1.53 -1.31 -1.12 -0.91 -0.72 -0.31 0.66 1.16 1.41 -0.50 -1.41 -2.25 -4.81 -11.78 -12.66 -13.28 -13.72 -14.06 -14.28 -14.41 -14.47 -14.50 -14.53 -14.53 -14.53 -14.53 -14.53 -14.53 -14.53 -14.53 -14.53 -14.53 -14.53 -14.53 -14.53 -14.53 -14.53 -14.53 -14.53 -14.53 -14.53
-5.50 -5.28 -5.06 -4.88 -4.69 -4.53 -4.38 -4.19 -4.03 -3.88 -3.72 -3.59 -3.53 -3.53 -3.53 -3.53 -3.53 -3.50 -3.47 -3.44 -3.38 -3.31 -3.22 -3.12 -3.00 -2.84 -2.69 -2.50 -2.12 -1.97 -1.81 -1.62 -1.44 -1.25 -1.06 -0.88 -0.69 -0.28 0.84 1.28 1.41 -0.22 -1.53 -2.56 -5.41 -11.06 -11.91 -12.56 -13.09 -13.59 -14.03 -14.31 -14.44 -14.50 -14.50 -14.53 -14.53 -14.53 -14.53 -14.53 -14.53 -14.53 -14.53 -14.53 -14.53 -14.53 -14.53 -14.53 -14.53 -14.53 -14.53 -14.53 -14.53
-5.38 -5.16 -4.97 -4.78 -4.62 -4.47 -4.34 -4.19 -4.03 -3.88 -3.72 -3.66 -3.59 -3.56 -3.53 -3.50 -3.47 -3.44 -3.38 -3.34 -3.25 -3.19 -3.09 -2.97 -2.84 -2.69 -2.50 -2.34 -1.97 -1.84 -1.72 -1.53 -1.38 -1.19 -1.00 -0.81 -0.62 -0.25 0.56 1.00 0.94 -0.44 -1.72 -2.03 -9.19 -10.03 -10.78 -11.50 -12.22 -12.94 -13.56 -14.03 -14.38 -14.47 -14.50 -14.53 -14.53 -14.53 -14.53 -14.53 -14.53 -14.53 -14.53 -14.53 -14.53 -14.53 -14.53 -14.53 -14.53 -14.53 -14.53 -14.53 -14.53
-5.25 -5.03 -4.88 -4.72 -4.56 -4.44 -4.31 -4.16 -4.00 -3.88 -3.78 -3.72 -3.66 -3.59 -3.53 -3.50 -3.44 -3.38 -3.31 -3.25 -3.16 -3.06 -2.94 -2.84 -2.69 -2.53 -2.34 -2.16 -1.84 -1.75 -1.59 -1.44 -1.28 -1.12 -0.94 -0.78 -0.53 -0.19 0.25 0.47 0.34 -1.19 -2.38 -3.22 -8.09 -8.62 -9.25 -10.03 -10.97 -12.00 -12.94 -13.66 -14.22 -14.44 -14.50 -14.53 -14.53 -14.53 -14.53 -14.53 -14.53 -14.53 -14.53 -14.53 -14.53 -14.53 -14.53 -14.53 -14.53 -14.53 -14.53 -14.53 -14.53
-5.09 -4.94 -4.78 -4.66 -4.53 -4.41 -4.28 -4.12 -4.00 -3.91 -3.81 -3.75 -3.69 -3.59 -3.53 -3.47 -3.41 -3.31 -3.25 -3.16 -3.06 -2.94 -2.81 -2.69 -2.53 -2.38 -2.19 -2.00 -1.72 -1.62 -1.50 -1.38 -1.22 -1.06 -0.91 -0.72 -0.50 -0.25 -0.06 0.00 -0.41 -1.41 -2.66 -3.69 -6.94 -7.31 -7.84 -8.62 -9.62 -10.84 -12.12 -13.25 -13.97 -14.38 -14.47 -14.50 -14.53 -14.53 -14.53 -14.53 -14.53 -14.53 -14.53 -14.53 -14.53 -14.53 -14.53 -14.53 -14.53 -14.53 -14.53 -14.53 -14.53
-5.00 -4.84 -4.72 -4.62 -4.50 -4.38 -4.25 -4.12 -4.03 -3.94 -3.84 -3.78 -3.69 -3.59 -3.53 -3.44 -3.34 -3.28 -3.19 -3.06 -2.97 -2.84 -2.69 -2.56 -2.38 -2.22 -2.03 -1.75 -1.62 -1.50 -1.38 -1.28 -1.16 -1.00 -0.84 -0.69 -0.53 -0.38 -0.34 -0.31 -0.91 -1.69 -3.22 -4.88 -6.06 -6.19 -6.81 -7.69 -8.72 -9.88 -11.34 -12.75 -13.75 -14.34 -14.44 -14.50 -14.53 -14.53 -14.53 -14.53 -14.53 -14.53 -14.53 -14.53 -14.53 -14.53 -14.53 -14.53 -14.53 -14.53 -14.53 -14.53 -14.53
-4.91 -4.78 -4.69 -4.56 -4.47 -4.38 -4.25 -4.16 -4.06 -3.97 -3.88 -3.78 -3.69 -3.59 -3.50 -3.41 -3.31 -3.22 -3.09 -2.97 -2.84 -2.72 -2.56 -2.41 -2.25 -2.06 -1.81 -1.69 -1.56 -1.47 -1.34 -1.25 -1.16 -0.97 -0.84 -0.69 -0.56 -0.56 -0.59 -0.66 -1.31 -2.25 -3.97 -4.97 -5.44 -5.56 -6.22 -7.03 -8.00 -9.22 -10.81 -12.34 -13.62 -14.28 -14.41 -14.47 -14.50 -14.53 -14.53 -14.53 -14.53 -14.53 -14.53 -14.53 -14.53 -14.53 -14.53 -14.53 -14.53 -14.53 -14.53 -14.53 -14.53
-4.84 -4.72 -4.62 -4.53 -4.44 -4.34 -4.25 -4.16 -4.06 -3.97 -3.88 -3.78 -3.69 -3.59 -3.47 -3.38 -3.25 -3.16 -3.03 -2.88 -2.75 -2.59 -2.44 -2.28 -2.09 -1.81 -1.72 -1.62 -1.50 -1.41 -1.31 -1.25 -1.16 -1.03 -0.81 -0.62 -0.62 -0.75 -0.84 -1.00 -1.78 -2.72 -4.00 -4.75 -4.97 -5.50 -6.19 -6.84 -7.62 -9.00 -10.62 -12.19 -13.59 -14.25 -14.38 -14.44 -14.50 -14.53 -14.53 -14.53 -14.53 -14.53 -14.53 -14.53 -14.53 -14.53 -14.53 -14.53 -14.53 -14.53 -14.53 -14.53 -14.53
-4.78 -4.69 -4.59 -4.53 -4.44 -4.34 -4.25 -4.16 -4.06 -3.97 -3.88 -3.78 -3.66 -3.56 -3.44 -3.34 -3.22 -3.06 -2.94 -2.78 -2.62 -2.47 -2.31 -2.12 -1.94 -1.69 -1.62 -1.53 -1.44 -1.38 -1.31 -1.25 -1.16 -1.09 -0.88 -0.56 -0.72 -0.88 -1.06 -1.47 -2.28 -3.31 -4.28 -4.75 -4.88 -5.50 -6.31 -6.97 -7.78 -9.22 -10.78 -12.31 -13.69 -14.19 -14.34 -14.44 -14.47 -14.50 -14.53 -14.53 -14.53 -14.53 -14.53 -14.53 -14.53 -14.53 -14.53 -14.53 -14.53 -14.53 -14.53 -14.53 -14.53
-4.75 -4.66 -4.59 -4.50 -4.41 -4.31 -4.25 -4.16 -4.06 -3.97 -3.88 -3.75 -3.66 -3.53 -3.41 -3.28 -3.16 -3.00 -2.84 -2.69 -2.53 -2.34 -2.16 -1.94 -1.78 -1.66 -1.53 -1.44 -1.38 -1.31 -1.28 -1.22 -1.19 -1.12 -0.97 -0.56 -0.78 -1.03 -1.34 -1.91 -2.75 -3.81 -4.72 -5.09 -5.25 -5.75 -6.56 -7.53 -8.50 -9.81 -11.25 -12.69 -13.84 -14.19 -14.31 -14.41 -14.47 -14.50 -14.53 -14.53 -14.53 -14.53 -14.53 -14.53 -14.53 -14.53 -14.53 -14.53 -14.53 -14.53 -14.53 -14.53 -14.53
-4.69 -4.62 -4.56 -4.47 -4.41 -4.31 -4.22 -4.12 -4.03 -3.94 -3.84 -3.72 -3.59 -3.47 -3.34 -3.22 -3.06 -2.91 -2.75 -2.59 -2.41 -2.22 -2.00 -1.84 -1.72 -1.62 -1.53 -1.44 -1.34 -1.28 -1.25 -1.25 -1.22 -1.19 -1.03 -0.81 -1.06 -1.38 -1.81 -2.47 -3.44 -4.50 -5.38 -5.69 -6.00 -6.47 -7.28 -8.41 -9.50 -10.69 -11.97 -13.22 -13.91 -14.16 -14.31 -14.41 -14.47 -14.50 -14.53 -14.53 -14.53 -14.53 -14.53 -14.53 -14.53 -14.53 -14.53 -14.53 -14.53 -14.53 -14.53 -14.53 -14.53
-4.66 -4.59 -4.53 -4.44 -4.38 -4.28 -4.19 -4.12 -4.03 -3.91 -3.81 -3.69 -3.56 -3.44 -3.28 -3.12 -2.97 -2.81 -2.66 -2.47 -2.25 -2.03 -1.91 -1.78 -1.69 -1.56 -1.50 -1.44 -1.34 -1.28 -1.25 -1.28 -1.28 -1.28 -1.00 -1.19 -1.41 -1.72 -2.44 -3.31 -4.38 -5.44 -6.28 -6.56 -7.06 -7.72 -8.59 -9.69 -10.72 -11.69 -12.78 -13.59 -13.97 -14.16 -14.31 -14.41 -14.47 -14.50 -14.53 -14.53 -14.53 -14.53 -14.53 -14.53 -14.53 -14.53 -14.53 -14.53 -14.53 -14.53 -14.53 -14.53 -14.53
-4.62 -4.53 -4.47 -4.41 -4.34 -4.25 -4.16 -4.06 -3.97 -3.84 -3.75 -3.62 -3.50 -3.34 -3.22 -3.06 -2.88 -2.72 -2.53 -2.34 -2.09 -1.91 -1.81 -1.69 -1.59 -1.53 -1.47 -1.41 -1.34 -1.28 -1.25 -1.28 -1.34 -1.25 -1.47 -1.78 -2.12 -2.41 -3.09 -4.16 -5.25 -6.31 -7.28 -7.66 -8.16 -8.97 -9.91 -11.00 -11.88 -12.66 -13.31 -13.75 -14.00 -14.16 -14.31 -14.41 -14.47 -14.50 -14.53 -14.53 -14.53 -14.53 -14.53 -14.53 -14.53 -14.53 -14.53 -14.53 -14.53 -14.53 -14.53 -14.53 -14.53
-4.56 -4.50 -4.44 -4.34 -4.28 -4.19 -4.12 -4.03 -3.91 -3.78 -3.69 -3.53 -3.41 -3.25 -3.09 -2.94 -2.78 -2.59 -2.41 -2.22 -1.94 -1.78 -1.69 -1.59 -1.53 -1.47 -1.41 -1.38 -1.34 -1.28 -1.25 -1.28 -1.31 -1.66 -2.12 -2.56 -3.00 -3.38 -4.12 -5.25 -6.22 -7.16 -7.97 -8.62 -9.31 -10.16 -11.09 -12.00 -12.72 -13.22 -13.59 -13.84 -14.03 -14.19 -14.31 -14.41 -14.47 -14.50 -14.53 -14.53 -14.53 -14.53 -14.53 -14.53 -14.53 -14.53 -14.53 -14.53 -14.53 -14.53 -14.53 -14.53 -14.53
-4.50 -4.44 -4.38 -4.31 -4.22 -4.16 -4.06 -3.97 -3.84 -3.72 -3.59 -3.47 -3.31 -3.16 -3.00 -2.84 -2.66 -2.47 -2.28 -2.06 -1.78 -1.66 -1.59 -1.50 -1.44 -1.41 -1.38 -1.38 -1.34 -1.31 -1.19 -1.16 -1.56 -2.12 -2.69 -3.28 -3.81 -4.31 -5.44 -6.62 -7.31 -7.97 -8.66 -9.41 -10.28 -11.16 -12.03 -12.72 -13.16 -13.44 -13.69 -13.91 -14.06 -14.22 -14.31 -14.41 -14.47 -14.50 -14.53 -14.53 -14.53 -14.53 -14.53 -14.53 -14.53 -14.53 -14.53 -14.53 -14.53 -14.53 -14.53 -14.53 -14.53
-4.44 -4.38 -4.31 -4.25 -4.19 -4.09 -4.00 -3.88 -3.78 -3.66 -3.50 -3.38 -3.22 -3.03 -2.88 -2.69 -2.50 -2.31 -2.12 -1.91 -1.66 -1.50 -1.47 -1.41 -1.38 -1.34 -1.34 -1.34 -1.34 -1.31 -1.31 -1.47 -1.84 -2.59 -3.31 -4.03 -4.66 -5.28 -6.59 -7.81 -8.44 -9.00 -9.62 -10.28 -11.00 -11.75 -12.47 -12.97 -13.31 -13.56 -13.78 -13.94 -14.09 -14.25 -14.34 -14.41 -14.47 -14.50 -14.53 -14.53 -14.53 -14.53 -14.53 -14.53 -14.53 -14.53 -14.53 -14.53 -14.53 -14.53 -14.53 -14.53 -14.53
-4.38 -4.31 -4.25 -4.19 -4.12 -4.03 -3.91 -3.81 -3.69 -3.56 -3.41 -3.25 -3.09 -2.91 -2.75 -2.56 -2.38 -2.16 -1.94 -1.72 -1.50 -1.34 -1.31 -1.28 -1.28 -1.28 -1.31 -1.34 -1.34 -1.41 -1.62 -1.88 -2.19 -3.09 -3.97 -4.81 -5.56 -6.31 -7.94 -9.03 -9.50 -10.00 -10.59 -11.16 -11.75 -12.34 -12.84 -13.19 -13.44 -13.66 -13.84 -14.03 -14.16 -14.28 -14.34 -14.44 -14.47 -14.50 -14.53 -14.53 -14.53 -14.53 -14.53 -14.53 -14.53 -14.53 -14.53 -14.53 -14.53 -14.53 -14.53 -14.53 -14.53
-4.31 -4.25 -4.19 -4.12 -4.03 -3.94 -3.84 -3.72 -3.59 -3.47 -3.31 -3.12 -2.97 -2.78 -2.59 -2.41 -2.19 -2.00 -1.78 -1.56 -1.28 -1.16 -1.12 -1.16 -1.19 -1.22 -1.25 -1.28 -1.34 -1.66 -2.03 -2.31 -2.62 -3.62 -4.62 -5.56 -6.44 -7.53 -9.06 -10.06 -10.53 -11.03 -11.53 -11.94 -12.41 -12.81 -13.12 -13.38 -13.59 -13.78 -13.94 -14.09 -14.19 -14.31 -14.38 -14.44 -14.47 -14.50 -14.53 -14.53 -14.53 -14.53 -14.53 -14.53 -14.53 -14.53 -14.53 -14.53 -14.53 -14.53 -14.53 -14.53 -14.53
-4.22 -4.19 -4.12 -4.03 -3.97 -3.88 -3.75 -3.62 -3.50 -3.34 -3.19 -3.00 -2.84 -2.62 -2.44 -2.22 -2.03 -1.81 -1.59 -1.31 -1.12 -1.03 -1.00 -1.00 -1.03 -1.06 -1.12 -1.25 -1.59 -2.00 -2.47 -2.81 -3.16 -4.09 -5.28 -6.34 -7.50 -9.03 -10.12 -10.72 -11.31 -11.81 -12.22 -12.53 -12.84 -13.09 -13.31 -13.53 -13.72 -13.88 -14.03 -14.16 -14.25 -14.34 -14.41 -14.47 -14.50 -14.50 -14.53 -14.53 -14.53 -14.53 -14.53 -14.53 -14.53 -14.53 -14.53 -14.53 -14.53 -14.53 -14.53 -14.53 -14.53
-4.16 -4.09 -4.03 -3.97 -3.88 -3.78 -3.66 -3.53 -3.38 -3.22 -3.06 -2.88 -2.69 -2.50 -2.28 -2.06 -1.84 -1.62 -1.38 -1.12 -1.00 -1.00 -0.97 -1.00 -1.06 -1.19 -1.28 -1.47 -1.91 -2.41 -2.91 -3.34 -3.84 -4.81 -6.12 -7.47 -9.16 -10.19 -10.75 -11.28 -11.78 -12.25 -12.59 -12.84 -13.09 -13.31 -13.50 -13.69 -13.84 -14.00 -14.12 -14.22 -14.31 -14.38 -14.44 -14.47 -14.50 -14.53 -14.53 -14.53 -14.53 -14.53 -14.53 -14.53 -14.53 -14.53 -14.53 -14.53 -14.53 -14.53 -14.53 -14.53 -14.53
-4.06 -4.00 -3.94 -3.88 -3.78 -3.69 -3.56 -3.44 -3.28 -3.12 -2.94 -2.75 -2.53 -2.31 -2.09 -1.88 -1.66 -1.41 -1.19 -0.97 -0.91 -0.97 -1.00 -1.09 -1.22 -1.38 -1.50 -1.72 -2.28 -2.81 -3.38 -3.94 -5.06 -6.47 -8.00 -9.12 -10.16 -10.81 -11.31 -11.81 -12.25 -12.59 -12.91 -13.12 -13.34 -13.53 -13.69 -13.84 -13.97 -14.09 -14.19 -14.28 -14.34 -14.41 -14.47 -14.50 -14.50 -14.53 -14.53 -14.53 -14.53 -14.53 -14.53 -14.53 -14.53 -14.53 -14.53 -14.53 -14.53 -14.53 -14.53 -14.53 -14.53
-3.97 -3.94 -3.84 -3.78 -3.69 -3.59 -3.47 -3.31 -3.16 -2.97 -2.78 -2.59 -2.38 -2.16 -1.91 -1.69 -1.44 -1.22 -0.97 -0.81 -0.84 -0.97 -1.06 -1.22 -1.41 -1.62 -1.78 -2.00 -2.53 -3.16 -3.88 -4.75 -5.94 -7.09 -8.50 -9.62 -10.69 -11.44 -11.88 -12.28 -12.62 -12.94 -13.16 -13.38 -13.56 -13.69 -13.84 -13.97 -14.06 -14.16 -14.25 -14.34 -14.38 -14.44 -14.47 -14.50 -14.53 -14.53 -14.53 -14.53 -14.53 -14.53 -14.53 -14.53 -14.53 -14.53 -14.53 -14.53 -14.53 -14.53 -14.53 -14.53 -14.53
-3.88 -3.81 -3.75 -3.69 -3.59 -3.47 -3.34 -3.19 -3.03 -2.84 -2.62 -2.44 -2.19 -1.97 -1.72 -1.47 -1.25 -1.00 -0.75 -0.69 -0.81 -0.97 -1.19 -1.41 -1.62 -1.84 -2.06 -2.47 -3.16 -3.94 -4.84 -5.84 -6.94 -7.94 -9.09 -10.16 -11.16 -11.88 -12.31 -12.66 -12.94 -13.19 -13.41 -13.59 -13.75 -13.88 -13.97 -14.09 -14.19 -14.25 -14.31 -14.38 -14.44 -14.47 -14.50 -14.50 -14.53 -14.53 -14.53 -14.53 -14.53 -14.53 -14.53 -14.53 -14.53 -14.53 -14.53 -14.53 -14.53 -14.53 -14.53 -14.53 -14.53
-3.78 -3.72 -3.66 -3.56 -3.47 -3.34 -3.22 -3.06 -2.88 -2.69 -2.47 -2.25 -2.00 -1.78 -1.53 -1.28 -1.03 -0.78 -0.59 -0.62 -0.84 -1.03 -1.28 -1.56 -1.88 -2.28 -2.69 -3.38 -4.19 -5.00 -5.84 -6.78 -7.72 -8.66 -9.59 -10.50 -11.38 -12.03 -12.50 -12.88 -13.16 -13.41 -13.59 -13.78 -13.91 -14.00 -14.09 -14.19 -14.25 -14.31 -14.38 -14.44 -14.47 -14.47 -14.50 -14.53 -14.53 -14.53 -14.53 -14.53 -14.53 -14.53 -14.53 -14.53 -14.53 -14.53 -14.53 -14.53 -14.53 -14.53 -14.53 -14.53 -14.53
-3.66 -3.59 -3.53 -3.44 -3.34 -3.22 -3.06 -2.91 -2.72 -2.53 -2.28 -2.06 -1.81 -1.56 -1.31 -1.06 -0.81 -0.56 -0.50 -0.66 -0.88 -1.16 -1.53 -1.94 -2.44 -3.03 -3.66 -4.34 -5.09 -5.84 -6.66 -7.47 -8.31 -9.16 -10.00 -10.78 -11.53 -12.12 -12.59 -13.00 -13.31 -13.53 -13.75 -13.91 -14.03 -14.12 -14.19 -14.28 -14.34 -14.38 -14.41 -14.47 -14.47 -14.50 -14.53 -14.53 -14.53 -14.53 -14.53 -14.53 -14.53 -14.53 -14.53 -14.53 -14.53 -14.53 -14.53 -14.53 -14.53 -14.53 -14.53 -14.53 -14.53
-3.53 -3.50 -3.41 -3.31 -3.22 -3.06 -2.94 -2.75 -2.56 -2.34 -2.09 -1.88 -1.62 -1.38 -1.12 -0.88 -0.59 -0.38 -0.38 -0.66 -1.00 -1.53 -2.09 -2.69 -3.25 -3.84 -4.44 -5.09 -5.78 -6.50 -7.22 -8.00 -8.78 -9.53 -10.28 -11.00 -11.66 -12.22 -12.69 -13.06 -13.38 -13.62 -13.84 -14.00 -14.12 -14.22 -14.28 -14.34 -14.38 -14.44 -14.47 -14.47 -14.50 -14.53 -14.53 -14.53 -14.53 -14.53 -14.53 -14.53 -14.53 -14.53 -14.53 -14.53 -14.53 -14.53 -14.53 -14.53 -14.53 -14.53 -14.53 -14.53 -14.53
-3.41 -3.34 -3.28 -3.19 -3.06 -2.91 -2.75 -2.56 -2.34 -2.12 -1.91 -1.66 -1.41 -1.16 -1.00 -0.91 -0.84 -0.81 -0.81 -0.94 -1.41 -2.12 -2.75 -3.31 -3.88 -4.47 -5.06 -5.69 -6.34 -7.03 -7.72 -8.44 -9.16 -9.84 -10.53 -11.19 -11.75 -12.28 -12.75 -13.12 -13.44 -13.69 -13.88 -14.06 -14.19 -14.28 -14.34 -14.41 -14.44 -14.47 -14.50 -14.50 -14.50 -14.53 -14.53 -14.53 -14.53 -14.53 -14.53 -14.53 -14.53 -14.53 -14.53 -14.53 -14.53 -14.53 -14.53 -14.53 -14.53 -14.53 -14.53 -14.53 -14.53
