everonasctiles/Tile7,8.asc
ncols 128
nrows 128
xllcorner 0
yllcorner 0
cellsize 2.0
NODATA_value  -9999
[rows 0 to 31 of 128, columns 0 to 71 of 128]
-16.19 -16.16 -16.16 -16.22 -16.28 -16.38 -16.50 -16.72 -16.91 -16.88 -16.94 -17.03 -17.06 -17.12 -17.12 -17.12 -17.12 -17.25 -17.31 -17.34 -17.19 -17.12 -17.03 -16.88 -16.69 -16.69 -16.62 -16.62 -16.69 -16.72 -16.72 -16.72 -16.72 -16.78 -16.72 -16.56 -16.44 -16.47 -16.53 -16.56 -16.66 -16.75 -16.81 -16.94 -17.03 -17.12 -17.12 -17.09 -17.16 -17.12 -17.03 -17.09 -17.22 -17.16 -17.06 -16.94 -16.91 -16.97 -16.91 -16.84 -16.84 -16.78 -16.66 -16.47 -16.28 -16.22 -16.00 -15.72 -15.44 -15.12 -14.88 -14.75
-16.53 -16.44 -16.44 -16.50 -16.56 -16.66 -16.72 -16.84 -16.91 -16.88 -16.88 -16.88 -16.81 -16.84 -16.81 -16.81 -16.81 -16.91 -17.03 -17.00 -16.84 -16.75 -16.62 -16.50 -16.38 -16.38 -16.34 -16.28 -16.22 -16.22 -16.22 -16.19 -16.25 -16.22 -16.16 -16.03 -15.91 -15.91 -16.00 -16.12 -16.16 -16.31 -16.50 -16.59 -16.69 -16.78 -16.88 -16.91 -17.00 -17.03 -16.97 -16.94 -16.88 -16.84 -16.78 -16.72 -16.62 -16.53 -16.47 -16.53 -16.53 -16.44 -16.38 -16.28 -16.12 -15.97 -15.78 -15.56 -15.12 -14.81 -14.62 -14.53
-16.84 -16.81 -16.75 -16.72 -16.72 -16.75 -16.75 -16.78 -16.84 -16.81 -16.75 -16.72 -16.59 -16.59 -16.53 -16.53 -16.56 -16.66 -16.75 -16.72 -16.66 -16.59 -16.47 -16.41 -16.34 -16.25 -16.12 -16.06 -16.03 -15.94 -15.91 -15.91 -16.00 -15.88 -15.84 -15.81 -15.62 -15.59 -15.56 -15.75 -15.81 -15.94 -16.16 -16.41 -16.50 -16.62 -16.66 -16.62 -16.78 -16.91 -16.91 -16.81 -16.72 -16.72 -16.62 -16.47 -16.38 -16.31 -16.25 -16.31 -16.31 -16.22 -16.22 -16.03 -15.84 -15.72 -15.56 -15.34 -14.97 -14.84 -14.62 -14.25
-17.19 -17.12 -17.03 -16.94 -16.88 -16.75 -16.72 -16.59 -16.47 -16.41 -16.38 -16.34 -16.28 -16.25 -16.16 -16.12 -16.16 -16.22 -16.28 -16.38 -16.44 -16.34 -16.22 -16.22 -16.16 -16.00 -15.91 -15.84 -15.84 -15.91 -15.81 -15.75 -15.78 -15.78 -15.75 -15.72 -15.56 -15.34 -15.28 -15.34 -15.53 -15.72 -15.97 -16.19 -16.25 -16.50 -16.53 -16.59 -16.72 -16.81 -16.84 -16.78 -16.69 -16.59 -16.31 -16.09 -16.03 -16.03 -16.03 -16.03 -16.09 -16.06 -16.00 -15.88 -15.75 -15.50 -15.34 -15.19 -14.91 -14.66 -14.28 -13.88
-17.50 -17.41 -17.28 -17.16 -17.03 -16.88 -16.66 -16.41 -16.28 -16.19 -16.06 -16.03 -15.97 -15.94 -15.84 -15.81 -15.78 -15.91 -16.03 -16.09 -16.09 -16.06 -15.97 -15.94 -15.84 -15.75 -15.69 -15.62 -15.62 -15.69 -15.59 -15.50 -15.53 -15.53 -15.41 -15.25 -15.16 -15.06 -15.00 -15.06 -15.28 -15.47 -15.72 -15.84 -15.97 -16.19 -16.28 -16.31 -16.34 -16.50 -16.62 -16.53 -16.41 -16.28 -16.16 -16.12 -16.06 -16.06 -16.00 -15.94 -15.97 -15.88 -15.81 -15.81 -15.78 -15.62 -15.44 -15.22 -14.81 -14.44 -14.03 -13.50
-17.69 -17.50 -17.34 -17.19 -17.00 -16.78 -16.56 -16.31 -16.06 -15.88 -15.78 -15.69 -15.62 -15.53 -15.50 -15.44 -15.47 -15.62 -15.84 -15.88 -15.94 -15.94 -15.84 -15.75 -15.66 -15.56 -15.50 -15.41 -15.41 -15.44 -15.44 -15.38 -15.22 -15.12 -15.03 -14.88 -14.72 -14.59 -14.62 -14.75 -14.94 -15.16 -15.38 -15.59 -15.78 -15.94 -16.12 -16.22 -16.34 -16.50 -16.53 -16.47 -16.31 -16.22 -16.19 -16.09 -16.03 -16.00 -15.97 -15.97 -15.88 -15.75 -15.78 -15.75 -15.69 -15.53 -15.34 -15.12 -14.78 -14.41 -14.06 -13.75
-17.72 -17.53 -17.28 -17.06 -16.84 -16.66 -16.50 -16.22 -15.94 -15.66 -15.47 -15.34 -15.25 -15.16 -15.12 -15.19 -15.38 -15.50 -15.69 -15.75 -15.78 -15.78 -15.75 -15.62 -15.47 -15.34 -15.34 -15.28 -15.34 -15.31 -15.28 -15.22 -15.12 -15.03 -14.91 -14.69 -14.50 -14.38 -14.44 -14.50 -14.56 -14.75 -14.94 -15.16 -15.34 -15.56 -15.84 -16.06 -16.28 -16.31 -16.28 -16.19 -16.12 -16.09 -16.00 -15.91 -15.84 -15.75 -15.72 -15.69 -15.69 -15.69 -15.66 -15.56 -15.53 -15.53 -15.41 -15.16 -14.91 -14.59 -14.38 -14.16
-17.53 -17.31 -17.06 -16.75 -16.50 -16.44 -16.25 -15.97 -15.66 -15.34 -15.19 -15.03 -15.03 -14.91 -14.88 -14.97 -15.12 -15.31 -15.44 -15.50 -15.47 -15.44 -15.50 -15.44 -15.28 -15.12 -15.06 -15.06 -15.16 -15.16 -15.09 -15.00 -14.97 -14.81 -14.62 -14.44 -14.16 -14.03 -14.03 -14.09 -14.25 -14.31 -14.47 -14.66 -14.81 -15.00 -15.25 -15.56 -15.78 -15.91 -15.94 -15.94 -15.91 -15.84 -15.75 -15.66 -15.53 -15.44 -15.41 -15.38 -15.38 -15.38 -15.41 -15.31 -15.34 -15.41 -15.28 -15.06 -14.84 -14.84 -14.69 -14.59
-17.28 -17.00 -16.75 -16.47 -16.22 -16.06 -15.91 -15.66 -15.41 -15.19 -15.00 -14.75 -14.62 -14.44 -14.34 -14.47 -14.66 -14.72 -14.81 -14.81 -14.78 -14.91 -15.03 -15.09 -14.97 -14.88 -14.94 -14.94 -14.88 -14.81 -14.78 -14.75 -14.75 -14.59 -14.47 -14.25 -13.97 -13.62 -13.59 -13.78 -14.00 -14.03 -14.22 -14.34 -14.47 -14.62 -14.88 -15.25 -15.56 -15.62 -15.66 -15.66 -15.59 -15.50 -15.41 -15.28 -15.19 -15.09 -15.03 -15.00 -14.97 -14.97 -14.97 -14.97 -14.91 -15.03 -14.94 -14.84 -14.88 -14.81 -14.66 -14.47
-17.00 -16.75 -16.53 -16.28 -16.00 -15.72 -15.53 -15.34 -15.22 -14.91 -14.78 -14.53 -14.25 -14.03 -14.00 -14.12 -14.16 -14.06 -14.19 -14.31 -14.53 -14.78 -14.94 -14.88 -14.91 -14.91 -14.84 -14.84 -14.84 -14.72 -14.53 -14.50 -14.53 -14.44 -14.28 -14.00 -13.75 -13.47 -13.41 -13.66 -13.91 -14.16 -14.38 -14.56 -14.72 -15.03 -15.25 -15.28 -15.31 -15.34 -15.34 -15.31 -15.22 -15.12 -15.00 -14.88 -14.78 -14.69 -14.66 -14.59 -14.56 -14.53 -14.53 -14.53 -14.59 -14.69 -14.66 -14.59 -14.53 -14.31 -14.19 -14.19
-16.75 -16.44 -16.22 -16.00 -15.72 -15.31 -15.12 -15.00 -14.88 -14.62 -14.47 -14.25 -14.00 -13.78 -13.78 -13.91 -14.00 -14.06 -14.16 -14.19 -14.34 -14.47 -14.53 -14.53 -14.56 -14.62 -14.53 -14.47 -14.53 -14.56 -14.38 -14.19 -14.28 -14.34 -14.16 -13.97 -13.91 -13.81 -13.66 -13.66 -13.88 -14.16 -14.38 -14.59 -14.72 -14.91 -15.19 -15.00 -15.00 -15.03 -15.03 -14.94 -14.81 -14.69 -14.59 -14.47 -14.41 -14.34 -14.31 -14.25 -14.19 -14.16 -14.09 -14.09 -14.06 -14.12 -14.06 -13.97 -13.81 -13.69 -13.66 -13.75
-16.41 -16.16 -15.91 -15.62 -15.34 -14.91 -14.69 -14.62 -14.56 -14.38 -14.12 -13.94 -13.81 -13.62 -13.59 -13.66 -13.81 -14.03 -14.12 -14.03 -14.12 -14.25 -14.31 -14.31 -14.22 -14.25 -14.22 -14.19 -14.19 -14.22 -14.12 -14.03 -14.09 -14.09 -14.06 -13.97 -13.88 -13.66 -13.62 -13.59 -13.69 -13.78 -13.88 -14.06 -14.25 -14.50 -14.69 -14.69 -14.72 -14.72 -14.66 -14.53 -14.41 -14.28 -14.19 -14.12 -14.09 -14.06 -14.00 -13.94 -13.88 -13.84 -13.78 -13.72 -13.66 -13.56 -13.47 -13.25 -13.16 -13.16 -13.25 -13.31
-16.12 -15.94 -15.66 -15.41 -15.09 -14.75 -14.53 -14.47 -14.38 -14.19 -13.91 -13.78 -13.59 -13.56 -13.69 -13.72 -13.78 -13.94 -14.03 -14.00 -14.00 -14.06 -14.12 -14.12 -14.03 -14.00 -14.00 -13.94 -13.88 -14.00 -14.03 -14.06 -14.03 -13.94 -13.81 -13.72 -13.66 -13.56 -13.41 -13.41 -13.44 -13.44 -13.41 -13.53 -13.75 -14.03 -14.34 -14.41 -14.44 -14.38 -14.28 -14.16 -14.03 -13.94 -13.88 -13.84 -13.81 -13.78 -13.75 -13.69 -13.62 -13.56 -13.50 -13.44 -13.34 -13.22 -13.06 -12.81 -12.75 -12.69 -12.75 -12.91
-15.84 -15.66 -15.38 -15.09 -14.88 -14.56 -14.34 -14.22 -14.06 -13.94 -13.72 -13.66 -13.56 -13.66 -13.75 -13.75 -13.75 -13.88 -13.91 -13.94 -13.91 -13.88 -13.97 -13.94 -13.94 -13.97 -13.94 -13.84 -13.84 -13.97 -14.06 -14.16 -14.06 -13.94 -13.81 -13.75 -13.53 -13.34 -13.25 -13.22 -13.25 -13.25 -13.31 -13.44 -13.62 -13.97 -14.12 -14.16 -14.12 -14.03 -13.91 -13.78 -13.69 -13.62 -13.59 -13.59 -13.59 -13.53 -13.47 -13.44 -13.34 -13.31 -13.25 -13.19 -13.09 -12.94 -12.75 -12.59 -12.47 -12.31 -12.25 -12.38
-15.78 -15.56 -15.28 -15.00 -14.75 -14.44 -14.22 -14.09 -13.97 -13.88 -13.72 -13.62 -13.59 -13.59 -13.59 -13.66 -13.72 -13.81 -13.81 -13.84 -13.91 -13.88 -13.84 -13.94 -13.94 -14.03 -14.03 -14.03 -13.91 -13.94 -14.03 -14.00 -13.94 -13.84 -13.69 -13.53 -13.31 -13.22 -13.16 -13.12 -13.16 -13.22 -13.31 -13.38 -13.59 -13.88 -13.88 -13.88 -13.84 -13.72 -13.56 -13.44 -13.38 -13.34 -13.38 -13.38 -13.34 -13.28 -13.22 -13.16 -13.12 -13.06 -13.03 -12.94 -12.84 -12.69 -12.50 -12.31 -12.12 -11.91 -11.94 -12.09
-15.66 -15.44 -15.16 -14.94 -14.62 -14.28 -14.06 -13.84 -13.69 -13.56 -13.50 -13.38 -13.38 -13.41 -13.56 -13.66 -13.78 -13.84 -13.84 -13.88 -13.88 -13.84 -13.81 -13.88 -13.97 -14.03 -14.09 -14.06 -14.03 -14.09 -14.09 -13.94 -13.69 -13.56 -13.34 -13.22 -13.12 -13.06 -12.97 -12.97 -12.91 -12.97 -13.12 -13.28 -13.47 -13.62 -13.66 -13.62 -13.53 -13.41 -13.28 -13.16 -13.12 -13.12 -13.16 -13.16 -13.12 -13.06 -13.00 -12.94 -12.91 -12.84 -12.81 -12.72 -12.59 -12.47 -12.28 -12.06 -11.88 -11.72 -11.66 -11.66
-15.38 -15.16 -14.88 -14.62 -14.34 -13.97 -13.66 -13.47 -13.31 -13.22 -13.16 -13.09 -13.16 -13.38 -13.53 -13.66 -13.75 -13.81 -13.78 -13.75 -13.69 -13.72 -13.75 -13.81 -13.88 -13.88 -13.94 -13.94 -13.88 -13.88 -13.81 -13.66 -13.53 -13.47 -13.38 -13.19 -13.00 -13.00 -12.97 -12.94 -12.91 -12.81 -12.94 -13.09 -13.22 -13.31 -13.41 -13.41 -13.28 -13.16 -13.03 -12.94 -12.91 -12.94 -12.97 -12.94 -12.88 -12.81 -12.75 -12.72 -12.69 -12.66 -12.59 -12.50 -12.38 -12.22 -12.06 -11.84 -11.66 -11.50 -11.38 -11.38
-15.19 -15.00 -14.72 -14.34 -14.09 -13.72 -13.41 -13.25 -13.09 -13.06 -12.97 -12.91 -13.00 -13.22 -13.31 -13.41 -13.44 -13.50 -13.53 -13.66 -13.72 -13.81 -13.84 -13.91 -13.94 -13.94 -13.91 -13.91 -13.81 -13.69 -13.62 -13.50 -13.50 -13.50 -13.44 -13.34 -13.22 -13.19 -13.03 -12.94 -12.94 -12.88 -12.81 -12.91 -12.97 -13.03 -13.16 -13.19 -13.09 -12.94 -12.81 -12.72 -12.72 -12.75 -12.75 -12.72 -12.66 -12.59 -12.53 -12.50 -12.47 -12.44 -12.38 -12.28 -12.16 -12.03 -11.84 -11.62 -11.44 -11.25 -11.12 -11.03
-15.03 -14.78 -14.47 -14.09 -13.78 -13.50 -13.06 -12.88 -12.81 -12.81 -12.66 -12.72 -12.88 -13.00 -13.03 -13.22 -13.31 -13.44 -13.47 -13.50 -13.50 -13.47 -13.47 -13.66 -13.78 -13.78 -13.72 -13.69 -13.59 -13.47 -13.47 -13.47 -13.50 -13.47 -13.47 -13.34 -13.22 -13.19 -13.00 -12.75 -12.69 -12.56 -12.56 -12.66 -12.81 -12.88 -12.97 -13.00 -12.94 -12.78 -12.62 -12.53 -12.53 -12.53 -12.53 -12.50 -12.44 -12.38 -12.31 -12.28 -12.25 -12.22 -12.16 -12.06 -11.94 -11.81 -11.62 -11.41 -11.22 -11.03 -10.88 -10.78
-14.72 -14.50 -14.25 -13.97 -13.66 -13.25 -12.97 -12.81 -12.69 -12.56 -12.41 -12.44 -12.50 -12.75 -12.94 -13.12 -13.31 -13.38 -13.38 -13.31 -13.25 -13.22 -13.22 -13.31 -13.41 -13.47 -13.53 -13.62 -13.59 -13.56 -13.47 -13.41 -13.34 -13.34 -13.38 -13.19 -13.06 -12.94 -12.78 -12.53 -12.41 -12.38 -12.41 -12.59 -12.75 -12.88 -12.97 -12.97 -12.81 -12.62 -12.47 -12.38 -12.34 -12.34 -12.34 -12.28 -12.22 -12.16 -12.09 -12.06 -12.03 -12.00 -11.94 -11.84 -11.75 -11.59 -11.41 -11.22 -11.00 -10.81 -10.66 -10.59
-14.59 -14.31 -14.12 -13.94 -13.62 -13.31 -13.12 -13.00 -12.75 -12.50 -12.41 -12.34 -12.47 -12.72 -12.91 -13.06 -13.12 -13.28 -13.31 -13.34 -13.38 -13.34 -13.28 -13.31 -13.44 -13.47 -13.50 -13.59 -13.59 -13.56 -13.53 -13.41 -13.34 -13.31 -13.16 -12.97 -12.84 -12.69 -12.56 -12.41 -12.31 -12.25 -12.34 -12.62 -12.81 -12.91 -12.97 -13.03 -12.84 -12.53 -12.34 -12.22 -12.19 -12.16 -12.12 -12.06 -12.00 -11.94 -11.88 -11.84 -11.81 -11.78 -11.72 -11.66 -11.53 -11.38 -11.22 -11.00 -10.81 -10.62 -10.47 -10.41
-14.75 -14.41 -14.00 -13.78 -13.50 -13.28 -13.09 -12.94 -12.56 -12.34 -12.28 -12.41 -12.66 -12.91 -13.12 -13.22 -13.19 -13.22 -13.28 -13.22 -13.22 -13.28 -13.28 -13.34 -13.44 -13.47 -13.50 -13.53 -13.53 -13.53 -13.50 -13.31 -13.22 -13.19 -13.00 -12.84 -12.59 -12.44 -12.34 -12.25 -12.28 -12.25 -12.44 -12.78 -13.06 -12.97 -12.91 -12.94 -12.81 -12.47 -12.22 -12.06 -12.00 -11.97 -11.94 -11.88 -11.78 -11.72 -11.66 -11.62 -11.59 -11.56 -11.53 -11.44 -11.31 -11.19 -11.03 -10.81 -10.62 -10.47 -10.31 -10.28
-14.69 -14.41 -14.09 -13.84 -13.53 -13.19 -12.94 -12.72 -12.38 -12.31 -12.41 -12.53 -12.75 -12.97 -13.16 -13.25 -13.25 -13.22 -13.31 -13.25 -13.22 -13.22 -13.31 -13.31 -13.28 -13.34 -13.38 -13.31 -13.31 -13.28 -13.22 -13.09 -13.03 -12.94 -12.84 -12.69 -12.56 -12.31 -12.12 -12.09 -12.22 -12.31 -12.41 -12.66 -12.84 -12.75 -12.69 -12.53 -12.53 -12.34 -12.09 -11.91 -11.81 -11.78 -11.72 -11.66 -11.59 -11.50 -11.47 -11.44 -11.41 -11.38 -11.31 -11.25 -11.12 -11.00 -10.84 -10.66 -10.47 -10.31 -10.19 -10.16
-14.66 -14.38 -14.03 -13.78 -13.47 -13.16 -12.94 -12.69 -12.50 -12.34 -12.41 -12.50 -12.69 -12.75 -12.91 -13.03 -13.09 -13.09 -13.09 -13.12 -13.16 -13.16 -13.12 -13.12 -13.12 -13.09 -13.19 -13.19 -13.09 -13.03 -12.97 -12.91 -12.84 -12.75 -12.78 -12.69 -12.62 -12.34 -12.28 -12.28 -12.38 -12.41 -12.38 -12.47 -12.47 -12.47 -12.47 -12.38 -12.31 -12.16 -11.97 -11.78 -11.66 -11.59 -11.53 -11.47 -11.41 -11.31 -11.28 -11.22 -11.19 -11.19 -11.12 -11.06 -10.94 -10.81 -10.66 -10.47 -10.31 -10.16 -10.09 -10.06
-14.72 -14.56 -14.19 -13.84 -13.56 -13.22 -12.97 -12.78 -12.50 -12.41 -12.44 -12.53 -12.66 -12.78 -12.94 -13.03 -13.06 -13.03 -12.91 -12.84 -12.94 -13.03 -13.06 -13.03 -13.03 -13.00 -13.09 -13.06 -12.97 -12.78 -12.62 -12.56 -12.53 -12.50 -12.53 -12.44 -12.41 -12.41 -12.38 -12.31 -12.34 -12.38 -12.38 -12.44 -12.41 -12.44 -12.31 -12.19 -12.06 -12.00 -11.84 -11.66 -11.50 -11.41 -11.34 -11.28 -11.25 -11.16 -11.09 -11.06 -11.03 -11.00 -10.94 -10.88 -10.78 -10.66 -10.50 -10.34 -10.19 -10.06 -10.03 -10.03
-14.91 -14.59 -14.34 -14.09 -13.84 -13.44 -13.09 -12.91 -12.59 -12.38 -12.38 -12.47 -12.69 -12.81 -13.00 -13.09 -13.09 -13.09 -13.12 -13.06 -12.97 -12.97 -12.94 -12.97 -12.94 -12.91 -12.91 -12.81 -12.62 -12.59 -12.34 -12.28 -12.22 -12.19 -12.25 -12.22 -12.22 -12.16 -12.12 -11.88 -11.94 -12.03 -12.16 -12.19 -12.19 -12.25 -12.31 -12.22 -12.00 -11.78 -11.78 -11.66 -11.38 -11.25 -11.19 -11.12 -11.09 -11.03 -10.97 -10.91 -10.88 -10.81 -10.78 -10.69 -10.59 -10.47 -10.34 -10.22 -10.09 -10.03 -10.00 -10.00
-15.34 -14.81 -14.50 -14.31 -14.03 -13.59 -13.19 -12.91 -12.59 -12.34 -12.31 -12.38 -12.47 -12.59 -12.69 -12.81 -12.84 -12.97 -13.09 -13.03 -13.06 -13.12 -13.09 -13.03 -13.00 -13.03 -12.94 -12.69 -12.47 -12.31 -12.06 -11.94 -11.88 -11.75 -11.78 -11.78 -11.66 -11.59 -11.53 -11.28 -11.59 -11.75 -11.81 -11.88 -12.00 -12.09 -12.16 -12.03 -11.91 -11.62 -11.44 -11.19 -11.03 -11.03 -11.03 -11.00 -10.97 -10.91 -10.84 -10.78 -10.72 -10.69 -10.59 -10.53 -10.44 -10.34 -10.22 -10.12 -10.06 -10.03 -10.03 -10.03
-15.78 -15.47 -15.03 -14.53 -14.16 -13.75 -13.47 -13.03 -12.66 -12.31 -12.28 -12.47 -12.56 -12.44 -12.53 -12.84 -12.97 -13.03 -13.03 -12.97 -13.00 -13.09 -13.16 -13.09 -12.97 -13.00 -12.81 -12.56 -12.47 -12.38 -12.00 -11.78 -11.53 -11.47 -11.47 -11.53 -11.47 -11.53 -11.41 -11.16 -11.25 -11.44 -11.50 -11.50 -11.72 -11.84 -11.81 -11.81 -11.66 -11.47 -11.16 -10.81 -10.75 -10.81 -10.88 -10.91 -10.91 -10.84 -10.78 -10.72 -10.62 -10.56 -10.47 -10.41 -10.31 -10.25 -10.16 -10.12 -10.12 -10.12 -10.12 -10.06
-16.19 -15.81 -15.44 -15.00 -14.59 -14.16 -13.81 -13.47 -13.09 -12.78 -12.72 -12.78 -12.78 -12.81 -13.00 -13.16 -13.22 -13.12 -13.09 -13.03 -12.97 -13.00 -13.00 -12.91 -12.81 -12.78 -12.56 -12.38 -12.22 -12.00 -11.75 -11.44 -11.31 -11.22 -11.19 -11.19 -11.25 -11.31 -11.25 -11.19 -11.22 -11.28 -11.25 -11.41 -11.75 -11.66 -11.72 -11.66 -11.62 -11.53 -11.38 -11.00 -10.84 -10.88 -11.00 -10.84 -10.81 -10.88 -10.81 -10.72 -10.59 -10.50 -10.41 -10.34 -10.28 -10.22 -10.19 -10.19 -10.22 -10.25 -10.22 -10.12
-16.62 -16.16 -15.66 -15.31 -14.94 -14.53 -14.16 -13.81 -13.47 -13.31 -13.38 -13.41 -13.44 -13.56 -13.66 -13.69 -13.62 -13.44 -13.34 -13.03 -12.75 -12.66 -12.69 -12.66 -12.53 -12.44 -12.31 -12.06 -11.88 -11.62 -11.44 -11.25 -11.19 -11.19 -11.34 -11.25 -11.12 -11.25 -11.31 -11.34 -11.28 -11.25 -11.16 -11.38 -11.50 -11.53 -11.62 -11.53 -11.47 -11.56 -11.41 -11.19 -11.16 -11.22 -11.12 -10.94 -10.91 -10.97 -10.91 -10.75 -10.59 -10.50 -10.44 -10.41 -10.34 -10.25 -10.16 -10.22 -10.31 -10.34 -10.34 -10.22
-16.84 -16.38 -15.91 -15.50 -15.06 -14.72 -14.44 -14.25 -14.00 -13.91 -14.06 -14.06 -13.97 -13.91 -13.81 -13.75 -13.69 -13.41 -13.25 -13.00 -12.84 -12.62 -12.47 -12.53 -12.56 -12.44 -12.22 -11.91 -11.75 -11.59 -11.53 -11.34 -11.25 -11.25 -11.25 -11.19 -11.22 -11.41 -11.34 -11.28 -11.25 -11.22 -11.28 -11.59 -11.41 -11.38 -11.44 -11.41 -11.28 -11.53 -11.62 -11.53 -11.44 -11.50 -11.41 -11.44 -11.41 -11.41 -11.34 -11.34 -11.16 -10.84 -10.59 -10.53 -10.53 -10.66 -10.81 -10.94 -10.75 -10.72 -10.62 -10.31
-16.94 -16.50 -16.16 -15.81 -15.41 -15.06 -14.94 -14.81 -14.66 -14.50 -14.41 -14.16 -13.91 -13.75 -13.72 -13.56 -13.41 -13.25 -13.19 -13.00 -12.97 -12.75 -12.50 -12.41 -12.38 -12.19 -12.03 -11.88 -11.94 -12.03 -11.91 -11.66 -11.44 -11.34 -11.34 -11.31 -11.38 -11.44 -11.44 -11.56 -11.59 -11.44 -11.41 -11.47 -11.38 -11.19 -11.06 -11.00 -10.91 -11.25 -11.53 -11.59 -11.62 -11.56 -11.62 -11.75 -11.78 -11.78 -11.81 -11.69 -11.56 -11.47 -11.25 -11.25 -11.28 -11.31 -11.56 -11.53 -11.28 -11.22 -10.88 -10.53
