everonasctiles/Tile22,29.asc
ncols 128
nrows 128
xllcorner 0
yllcorner 0
cellsize 2.0
NODATA_value  -9999
[rows 32 to 63 of 128, columns 0 to 70 of 128]
138.50 139.34 140.22 141.06 141.94 142.75 143.56 144.34 145.12 145.88 146.62 147.34 148.06 148.75 149.44 150.12 150.81 151.47 152.12 152.78 153.44 154.09 154.84 155.59 156.09 156.56 157.16 157.72 158.25 158.78 159.28 159.78 160.25 160.66 161.09 161.50 161.84 162.22 162.53 163.00 163.78 164.81 165.69 166.28 167.41 167.97 168.62 169.06 169.41 169.75 170.06 170.34 170.66 170.94 171.25 171.59 171.91 172.25 172.62 172.97 173.31 173.69 174.03 174.41 174.78 175.12 175.50 175.84 176.19 176.56 176.91
138.78 139.62 140.47 141.34 142.22 143.06 143.91 144.72 145.53 146.31 147.06 147.81 148.56 149.28 149.97 150.66 151.34 152.03 152.69 153.31 153.97 154.62 155.31 155.97 156.50 157.00 157.56 158.12 158.66 159.19 159.72 160.19 160.69 161.12 161.59 162.00 162.41 162.78 163.16 163.59 164.31 165.19 165.94 166.97 168.16 168.78 169.28 169.62 169.97 170.28 170.56 170.84 171.12 171.41 171.72 172.03 172.34 172.66 173.00 173.38 173.72 174.06 174.41 174.78 175.12 175.50 175.84 176.19 176.56 176.91 177.25
139.06 139.88 140.75 141.62 142.50 143.38 144.25 145.09 145.94 146.75 147.53 148.31 149.06 149.78 150.50 151.22 151.91 152.56 153.22 153.88 154.50 155.12 155.78 156.38 156.94 157.47 158.00 158.56 159.09 159.62 160.12 160.62 161.12 161.59 162.06 162.50 162.94 163.38 163.75 164.22 164.62 165.34 166.50 167.47 168.50 169.31 169.78 170.12 170.44 170.72 171.03 171.31 171.59 171.84 172.16 172.44 172.75 173.06 173.41 173.75 174.09 174.44 174.81 175.16 175.50 175.88 176.22 176.56 176.91 177.25 177.59
139.34 140.19 141.06 141.94 142.81 143.72 144.59 145.47 146.34 147.16 147.97 148.78 149.56 150.31 151.03 151.75 152.44 153.12 153.78 154.44 155.06 155.66 156.25 156.84 157.41 157.94 158.47 159.00 159.53 160.06 160.56 161.06 161.56 162.03 162.53 163.00 163.47 163.94 164.41 164.88 165.28 166.00 167.12 167.88 168.97 169.66 170.16 170.53 170.84 171.12 171.41 171.69 171.97 172.25 172.56 172.84 173.16 173.47 173.78 174.12 174.47 174.81 175.19 175.53 175.88 176.22 176.59 176.94 177.28 177.62 177.97
139.66 140.50 141.38 142.25 143.16 144.06 144.97 145.84 146.72 147.59 148.41 149.25 150.03 150.81 151.56 152.28 153.00 153.69 154.34 155.00 155.62 156.22 156.81 157.38 157.94 158.47 158.97 159.50 160.00 160.50 161.00 161.50 162.00 162.50 162.97 163.47 163.97 164.50 165.06 165.69 166.44 167.22 167.56 168.59 169.31 169.91 170.41 170.81 171.16 171.47 171.75 172.06 172.34 172.62 172.94 173.22 173.53 173.84 174.19 174.53 174.84 175.22 175.56 175.91 176.25 176.59 176.97 177.31 177.66 178.00 178.31
140.00 140.81 141.69 142.59 143.50 144.41 145.31 146.22 147.12 148.00 148.84 149.69 150.50 151.31 152.09 152.81 153.53 154.25 154.91 155.56 156.19 156.78 157.34 157.91 158.47 158.97 159.50 159.97 160.47 160.97 161.47 161.97 162.44 162.94 163.44 163.94 164.47 165.03 165.62 166.31 167.09 167.94 168.53 168.97 169.59 170.16 170.62 171.03 171.41 171.72 172.06 172.34 172.66 172.97 173.28 173.59 173.91 174.22 174.56 174.88 175.22 175.56 175.94 176.28 176.62 176.97 177.31 177.69 178.03 178.34 178.69
140.31 141.16 142.06 142.94 143.84 144.78 145.69 146.59 147.50 148.41 149.28 150.16 151.00 151.81 152.59 153.34 154.09 154.81 155.47 156.12 156.75 157.34 157.94 158.47 159.00 159.53 160.03 160.50 160.97 161.47 161.94 162.44 162.91 163.41 163.91 164.41 164.94 165.50 166.09 166.78 167.50 168.25 168.91 169.41 169.88 170.38 170.81 171.25 171.62 171.97 172.31 172.66 172.97 173.28 173.59 173.94 174.25 174.59 174.91 175.25 175.59 175.94 176.31 176.66 177.00 177.34 177.69 178.03 178.38 178.72 179.06
140.66 141.53 142.41 143.31 144.22 145.12 146.06 146.97 147.91 148.81 149.72 150.59 151.47 152.31 153.09 153.88 154.62 155.38 156.06 156.72 157.34 157.94 158.50 159.06 159.56 160.06 160.56 161.03 161.50 161.97 162.44 162.91 163.38 163.84 164.34 164.84 165.38 165.94 166.53 167.16 167.81 168.47 169.09 169.62 170.09 170.56 171.00 171.44 171.81 172.19 172.56 172.91 173.25 173.59 173.91 174.25 174.59 174.94 175.28 175.62 175.97 176.31 176.66 177.03 177.38 177.72 178.06 178.41 178.75 179.09 179.44
141.00 141.88 142.75 143.66 144.59 145.50 146.44 147.38 148.31 149.22 150.16 151.03 151.94 152.78 153.62 154.41 155.19 155.94 156.62 157.28 157.94 158.53 159.09 159.62 160.16 160.66 161.12 161.56 162.03 162.47 162.94 163.38 163.84 164.31 164.78 165.28 165.78 166.31 166.88 167.47 168.06 168.66 169.25 169.78 170.28 170.75 171.19 171.62 172.03 172.41 172.78 173.16 173.53 173.88 174.22 174.56 174.91 175.28 175.62 175.97 176.31 176.69 177.03 177.38 177.75 178.09 178.44 178.81 179.12 179.47 179.81
141.38 142.25 143.12 144.06 144.97 145.91 146.84 147.78 148.72 149.66 150.56 151.50 152.38 153.28 154.12 154.94 155.72 156.47 157.19 157.88 158.53 159.12 159.69 160.25 160.75 161.22 161.69 162.12 162.56 163.00 163.44 163.88 164.31 164.78 165.25 165.72 166.22 166.72 167.25 167.78 168.34 168.88 169.44 169.97 170.47 170.94 171.38 171.81 172.22 172.62 173.03 173.41 173.78 174.16 174.53 174.88 175.25 175.59 175.97 176.31 176.69 177.03 177.41 177.75 178.12 178.47 178.81 179.19 179.50 179.84 180.19
141.72 142.62 143.53 144.44 145.38 146.31 147.25 148.19 149.12 150.06 151.00 151.94 152.84 153.75 154.62 155.47 156.28 157.03 157.78 158.47 159.12 159.75 160.31 160.84 161.34 161.84 162.28 162.69 163.12 163.53 163.94 164.38 164.81 165.25 165.69 166.16 166.62 167.09 167.59 168.09 168.62 169.12 169.66 170.16 170.66 171.12 171.59 172.03 172.44 172.88 173.28 173.66 174.06 174.44 174.81 175.19 175.56 175.94 176.31 176.66 177.03 177.41 177.75 178.12 178.50 178.84 179.19 179.56 179.88 180.22 180.56
142.12 143.00 143.91 144.84 145.78 146.72 147.66 148.59 149.53 150.50 151.44 152.38 153.28 154.25 155.12 156.00 156.81 157.59 158.34 159.06 159.72 160.34 160.91 161.47 161.97 162.44 162.88 163.28 163.69 164.09 164.50 164.91 165.31 165.72 166.16 166.59 167.03 167.50 167.97 168.44 168.94 169.41 169.91 170.41 170.88 171.34 171.81 172.25 172.69 173.09 173.50 173.91 174.31 174.72 175.09 175.50 175.88 176.25 176.62 177.00 177.38 177.75 178.12 178.50 178.84 179.22 179.56 179.91 180.25 180.59 180.94
142.53 143.41 144.31 145.25 146.19 147.12 148.06 149.03 149.97 150.94 151.88 152.81 153.75 154.72 155.62 156.50 157.34 158.16 158.91 159.62 160.31 160.94 161.53 162.09 162.59 163.06 163.50 163.91 164.28 164.66 165.03 165.41 165.81 166.22 166.62 167.06 167.47 167.91 168.38 168.81 169.25 169.72 170.19 170.66 171.12 171.59 172.03 172.50 172.94 173.34 173.78 174.19 174.59 175.00 175.41 175.78 176.19 176.56 176.97 177.34 177.72 178.09 178.47 178.84 179.22 179.59 179.94 180.28 180.66 180.97 181.31
142.94 143.84 144.75 145.69 146.62 147.56 148.50 149.47 150.41 151.38 152.31 153.25 154.22 155.19 156.12 157.03 157.88 158.72 159.47 160.22 160.91 161.53 162.12 162.69 163.22 163.69 164.12 164.50 164.88 165.22 165.59 165.97 166.34 166.72 167.12 167.53 167.94 168.34 168.78 169.19 169.62 170.06 170.53 170.97 171.41 171.84 172.31 172.75 173.19 173.62 174.03 174.47 174.88 175.28 175.69 176.09 176.50 176.88 177.28 177.69 178.06 178.44 178.84 179.22 179.59 179.94 180.31 180.66 181.03 181.38 181.69
143.38 144.25 145.19 146.12 147.06 148.00 148.97 149.91 150.88 151.81 152.78 153.72 154.69 155.66 156.59 157.53 158.41 159.25 160.03 160.78 161.47 162.12 162.72 163.28 163.81 164.28 164.75 165.12 165.50 165.81 166.16 166.50 166.88 167.25 167.62 168.00 168.41 168.78 169.19 169.59 170.00 170.44 170.84 171.28 171.72 172.16 172.59 173.03 173.47 173.88 174.31 174.75 175.16 175.56 176.00 176.41 176.81 177.22 177.62 178.03 178.41 178.81 179.19 179.56 179.94 180.31 180.69 181.03 181.41 181.75 182.06
143.81 144.72 145.62 146.56 147.50 148.47 149.41 150.38 151.31 152.28 153.22 154.19 155.16 156.12 157.09 158.03 158.94 159.81 160.59 161.34 162.03 162.69 163.28 163.88 164.41 164.91 165.34 165.75 166.12 166.44 166.75 167.09 167.44 167.78 168.16 168.53 168.88 169.25 169.66 170.03 170.41 170.81 171.22 171.62 172.03 172.44 172.88 173.31 173.75 174.19 174.59 175.03 175.44 175.88 176.28 176.72 177.12 177.53 177.94 178.34 178.75 179.16 179.56 179.94 180.31 180.69 181.06 181.41 181.78 182.12 182.47
144.25 145.16 146.09 147.03 147.97 148.94 149.88 150.84 151.81 152.75 153.72 154.66 155.62 156.59 157.59 158.56 159.47 160.34 161.16 161.91 162.59 163.22 163.81 164.41 164.97 165.47 165.94 166.38 166.72 167.03 167.34 167.69 168.00 168.34 168.69 169.03 169.41 169.75 170.12 170.47 170.84 171.22 171.59 171.97 172.38 172.78 173.19 173.62 174.03 174.47 174.91 175.31 175.75 176.19 176.59 177.03 177.44 177.88 178.28 178.69 179.09 179.50 179.91 180.31 180.69 181.06 181.44 181.78 182.16 182.50 182.84
144.69 145.62 146.53 147.50 148.44 149.41 150.34 151.34 152.31 153.25 154.19 155.12 156.09 157.06 158.06 159.06 160.00 160.91 161.72 162.44 163.09 163.72 164.31 164.91 165.47 166.03 166.53 166.97 167.34 167.66 167.94 168.28 168.59 168.94 169.25 169.59 169.94 170.28 170.59 170.94 171.28 171.62 172.00 172.34 172.72 173.12 173.53 173.94 174.34 174.78 175.22 175.62 176.06 176.50 176.94 177.34 177.78 178.22 178.62 179.03 179.47 179.88 180.25 180.66 181.06 181.44 181.81 182.19 182.53 182.88 183.22
145.16 146.06 147.00 147.97 148.94 149.88 150.84 151.84 152.81 153.78 154.72 155.62 156.56 157.53 158.53 159.56 160.56 161.50 162.31 162.97 163.59 164.19 164.78 165.38 165.97 166.53 167.09 167.56 167.97 168.31 168.59 168.91 169.22 169.53 169.84 170.16 170.47 170.81 171.12 171.44 171.75 172.06 172.41 172.75 173.09 173.47 173.88 174.28 174.69 175.09 175.53 175.97 176.41 176.81 177.25 177.69 178.12 178.56 178.97 179.41 179.81 180.22 180.62 181.03 181.41 181.81 182.19 182.56 182.91 183.28 183.62
145.62 146.53 147.47 148.44 149.41 150.38 151.34 152.38 153.38 154.34 155.25 156.16 157.06 158.00 159.00 160.03 161.12 162.12 162.91 163.53 164.06 164.62 165.19 165.78 166.38 167.00 167.62 168.16 168.62 168.97 169.31 169.56 169.84 170.16 170.47 170.75 171.06 171.34 171.62 171.94 172.25 172.53 172.84 173.16 173.50 173.84 174.22 174.62 175.03 175.44 175.88 176.31 176.72 177.16 177.59 178.03 178.47 178.91 179.31 179.75 180.19 180.59 181.00 181.41 181.78 182.19 182.56 182.94 183.28 183.66 184.00
146.09 147.00 147.94 148.91 149.88 150.84 151.84 152.91 153.94 154.91 155.84 156.72 157.56 158.47 159.44 160.50 161.72 162.78 163.62 164.22 164.59 165.09 165.62 166.19 166.75 167.44 168.12 168.78 169.31 169.72 170.00 170.25 170.47 170.78 171.06 171.34 171.62 171.91 172.19 172.47 172.75 173.03 173.31 173.59 173.91 174.25 174.59 175.00 175.38 175.81 176.22 176.66 177.09 177.53 177.94 178.38 178.81 179.25 179.69 180.09 180.53 180.94 181.34 181.75 182.16 182.56 182.94 183.31 183.69 184.03 184.38
146.56 147.47 148.41 149.38 150.34 151.31 152.31 153.41 154.47 155.50 156.44 157.31 158.12 159.00 159.88 160.94 162.41 163.41 164.44 164.94 165.25 165.66 166.12 166.59 167.16 167.81 168.56 169.38 170.00 170.44 170.66 170.75 171.09 171.41 171.69 171.97 172.25 172.50 172.75 173.00 173.25 173.50 173.78 174.06 174.34 174.66 175.00 175.38 175.75 176.16 176.59 177.00 177.44 177.88 178.31 178.75 179.19 179.62 180.03 180.47 180.91 181.31 181.72 182.12 182.53 182.91 183.31 183.69 184.06 184.41 184.78
147.06 147.97 148.88 149.84 150.81 151.78 152.78 153.88 154.97 156.03 157.00 157.91 158.75 159.56 160.66 161.84 163.16 164.22 165.06 165.66 166.00 166.34 166.66 167.12 167.56 168.09 168.97 170.03 170.72 171.25 171.41 171.41 171.72 172.03 172.34 172.59 172.84 173.09 173.31 173.53 173.78 174.03 174.28 174.53 174.78 175.09 175.41 175.78 176.16 176.56 176.97 177.41 177.84 178.25 178.69 179.12 179.56 180.00 180.41 180.84 181.25 181.69 182.09 182.50 182.91 183.28 183.69 184.06 184.44 184.81 185.16
147.53 148.44 149.38 150.31 151.28 152.25 153.25 154.28 155.41 156.50 157.50 158.47 159.41 160.25 161.34 162.41 163.69 164.72 165.66 166.22 166.62 167.06 167.28 167.66 168.19 168.59 169.53 170.41 171.38 171.91 171.91 172.16 172.44 172.72 173.00 173.22 173.47 173.66 173.88 174.09 174.31 174.56 174.78 175.03 175.28 175.56 175.84 176.22 176.59 176.97 177.38 177.81 178.22 178.66 179.06 179.50 179.94 180.38 180.78 181.22 181.62 182.06 182.47 182.88 183.28 183.66 184.06 184.44 184.81 185.19 185.53
148.03 148.94 149.88 150.81 151.78 152.78 153.78 154.78 155.94 156.97 158.09 158.91 159.84 161.00 161.56 162.88 164.06 165.00 166.12 166.75 167.00 167.66 168.25 168.69 168.94 169.38 169.88 170.94 171.91 172.53 172.72 172.72 173.12 173.44 173.69 173.91 174.09 174.28 174.47 174.66 174.88 175.09 175.31 175.53 175.78 176.06 176.31 176.66 177.03 177.41 177.81 178.22 178.62 179.03 179.47 179.88 180.31 180.75 181.16 181.59 182.00 182.41 182.84 183.25 183.66 184.03 184.44 184.81 185.19 185.56 185.94
148.56 149.47 150.38 151.34 152.31 153.31 154.25 155.41 156.53 157.91 158.75 159.81 160.38 161.69 162.59 163.44 164.34 165.84 166.72 167.19 167.59 167.97 168.94 169.50 169.78 170.19 170.59 171.56 172.19 173.12 173.56 173.78 174.03 174.22 174.41 174.59 174.75 174.94 175.09 175.25 175.44 175.62 175.84 176.06 176.28 176.53 176.81 177.12 177.47 177.84 178.25 178.62 179.03 179.44 179.84 180.28 180.69 181.12 181.53 181.97 182.38 182.78 183.22 183.62 184.03 184.41 184.81 185.19 185.56 185.94 186.31
149.09 150.00 150.94 151.91 152.88 153.94 154.84 155.84 157.38 158.72 159.97 160.97 161.41 162.03 163.47 164.81 165.62 166.50 167.25 167.84 168.25 168.88 169.44 170.28 170.81 170.97 171.78 172.47 173.22 174.03 174.28 174.62 174.88 175.00 175.16 175.28 175.41 175.53 175.69 175.84 176.00 176.19 176.38 176.56 176.81 177.03 177.31 177.59 177.94 178.31 178.69 179.06 179.47 179.84 180.25 180.69 181.09 181.50 181.94 182.34 182.75 183.16 183.59 184.00 184.41 184.78 185.19 185.56 185.94 186.31 186.69
149.66 150.56 151.53 152.53 153.56 154.62 155.59 156.56 157.69 159.09 160.41 161.47 162.56 163.50 164.06 165.50 166.28 166.97 167.34 168.31 168.59 169.53 170.25 170.94 171.44 172.09 172.75 173.38 173.62 174.84 175.50 175.69 175.75 175.81 175.88 175.97 176.06 176.16 176.28 176.41 176.56 176.72 176.91 177.09 177.31 177.56 177.81 178.09 178.41 178.75 179.12 179.50 179.88 180.28 180.69 181.06 181.50 181.91 182.31 182.72 183.12 183.56 183.97 184.38 184.78 185.16 185.56 185.94 186.31 186.69 187.06
150.25 151.12 152.12 153.22 154.38 155.34 156.50 157.41 158.34 159.22 160.34 161.47 163.19 164.03 165.16 166.03 166.72 167.47 168.22 168.59 169.38 170.06 170.91 171.56 172.22 172.50 173.59 174.34 174.78 175.66 176.31 176.41 176.56 176.59 176.62 176.66 176.72 176.78 176.88 177.00 177.12 177.28 177.47 177.66 177.84 178.06 178.31 178.56 178.91 179.22 179.59 179.94 180.31 180.69 181.09 181.50 181.88 182.28 182.69 183.09 183.53 183.94 184.34 184.75 185.12 185.53 185.94 186.31 186.69 187.06 187.44
150.84 151.72 152.72 153.91 154.97 156.53 157.59 158.16 158.81 159.84 161.19 162.12 163.91 165.09 166.00 166.59 166.91 167.88 168.72 169.38 169.56 170.75 171.72 172.47 173.25 173.81 174.03 175.00 175.56 176.06 176.84 177.22 177.34 177.34 177.31 177.34 177.38 177.41 177.50 177.59 177.72 177.84 178.00 178.19 178.38 178.59 178.81 179.09 179.38 179.72 180.06 180.41 180.75 181.12 181.50 181.91 182.28 182.69 183.09 183.50 183.91 184.31 184.72 185.12 185.50 185.91 186.31 186.69 187.06 187.44 187.81
151.50 152.31 153.28 154.41 155.97 157.31 158.16 159.06 159.69 160.28 162.06 163.50 164.41 165.81 166.59 167.16 167.66 167.97 168.94 170.06 170.47 170.94 172.22 173.19 174.03 174.62 175.09 175.50 176.06 176.59 177.19 177.94 178.09 178.03 178.00 178.00 178.00 178.03 178.09 178.19 178.28 178.41 178.56 178.72 178.91 179.12 179.34 179.59 179.91 180.19 180.53 180.88 181.22 181.56 181.94 182.31 182.72 183.09 183.50 183.88 184.28 184.69 185.09 185.47 185.88 186.28 186.66 187.06 187.44 187.81 188.19
152.19 152.97 153.97 154.94 156.28 157.88 158.81 160.19 160.97 161.72 162.44 163.72 165.25 166.19 167.06 167.69 168.22 168.97 169.69 170.09 171.12 171.81 172.59 173.50 174.50 175.25 175.88 176.12 176.75 177.16 177.91 178.44 178.75 178.69 178.66 178.62 178.62 178.66 178.69 178.75 178.88 178.97 179.12 179.28 179.47 179.66 179.88 180.12 180.41 180.69 181.00 181.31 181.66 182.00 182.38 182.75 183.12 183.50 183.88 184.28 184.66 185.06 185.47 185.84 186.25 186.62 187.03 187.41 187.78 188.16 188.53
