everonasctiles/Tile[28,30].asc
ncols 128
nrows 128
xllcorner 0
yllcorner 0
cellsize 2.0
NODATA_value  -9999
[rows 0 to 33 of 128, columns 0 to 77 of 128]
72.53 71.50 70.56 69.41 68.09 67.31 66.28 65.38 64.38 63.16 62.25 61.28 60.53 59.69 58.81 57.88 57.16 56.31 55.66 55.00 54.34 53.59 52.81 51.97 51.12 50.16 49.28 48.59 47.81 47.25 46.41 45.72 45.03 44.34 43.53 42.56 42.28 41.97 41.69 41.38 41.00 40.66 40.34 40.00 39.62 39.19 38.72 38.19 37.59 36.97 36.28 35.53 34.75 33.88 32.94 31.91 30.88 29.94 29.03 28.41 27.75 27.25 26.81 26.38 25.94 25.66 25.28 24.84 24.38 23.56 23.22 22.53 21.78 21.06 20.31 19.62 18.91 18.22
72.41 71.34 70.22 69.12 68.06 67.09 66.25 65.34 64.34 63.28 62.34 61.66 60.69 59.81 58.91 58.06 57.28 56.50 55.72 55.06 54.34 53.62 52.88 52.03 51.12 50.19 49.28 48.38 47.72 46.88 46.16 45.34 44.81 44.16 43.41 42.59 41.94 41.66 41.38 41.06 40.78 40.38 40.06 39.75 39.41 39.00 38.56 38.06 37.50 36.91 36.28 35.56 34.81 33.97 33.00 32.06 30.94 30.03 29.16 28.41 27.75 27.09 26.53 26.16 25.75 25.41 25.12 24.62 23.97 23.44 22.62 22.19 21.50 20.81 20.12 19.44 18.75 18.03
71.97 70.91 69.69 68.25 67.44 66.78 65.91 65.22 64.25 63.47 62.62 61.84 61.03 60.00 58.97 58.12 57.34 56.56 55.84 55.16 54.41 53.66 52.97 52.16 51.34 50.38 49.47 48.41 47.66 46.81 46.00 45.38 44.75 44.06 43.34 42.62 41.88 41.38 41.06 40.78 40.50 40.19 39.84 39.53 39.22 38.81 38.41 37.91 37.41 36.84 36.22 35.53 34.78 33.97 33.12 31.81 30.94 30.00 29.06 28.31 27.62 27.00 26.47 25.94 25.47 25.03 24.78 24.41 23.72 23.03 22.44 21.75 21.09 20.59 19.94 19.25 18.59 17.91
71.66 70.50 69.28 68.28 67.53 66.69 65.94 65.19 64.34 63.56 62.84 62.09 61.28 60.31 59.34 58.22 57.53 56.81 56.00 55.31 54.53 53.88 53.06 52.34 51.66 50.59 49.62 48.62 47.62 46.72 46.00 45.44 44.75 44.03 43.28 42.53 41.91 41.22 40.78 40.47 40.19 39.91 39.59 39.38 39.03 38.62 38.22 37.75 37.25 36.69 36.12 35.44 34.69 33.88 33.06 32.03 30.91 29.88 29.16 28.38 27.62 26.97 26.34 25.75 25.22 24.75 24.41 24.00 23.50 22.72 22.09 21.44 20.94 20.31 19.75 19.09 18.44 17.81
71.44 70.34 69.38 68.41 67.59 66.78 66.06 65.34 64.53 63.81 63.00 62.22 61.44 60.47 59.81 58.88 58.03 57.19 56.47 55.56 55.06 54.31 53.47 52.81 51.91 50.69 49.81 48.75 47.81 46.94 46.22 45.53 44.78 44.06 43.38 42.62 41.91 41.25 40.56 40.19 39.88 39.59 39.31 39.03 38.81 38.44 38.03 37.56 37.09 36.56 36.00 35.38 34.59 33.75 32.84 31.72 30.91 29.97 29.19 28.38 27.62 26.91 26.25 25.62 25.09 24.56 24.03 23.44 23.12 22.47 21.81 21.28 20.72 20.12 19.47 18.94 18.38 17.75
71.25 70.34 69.34 68.56 67.78 67.03 66.31 65.53 64.72 63.88 63.16 62.41 61.78 61.31 60.50 59.59 58.22 57.72 56.97 56.19 55.41 54.56 53.72 52.91 52.00 50.78 49.97 48.97 47.84 46.94 46.34 45.59 44.84 44.12 43.38 42.56 41.91 41.22 40.56 39.94 39.59 39.28 39.00 38.75 38.50 38.25 37.84 37.41 36.94 36.44 35.91 35.28 34.53 33.69 32.78 31.75 30.84 29.91 29.09 28.34 27.50 26.78 26.12 25.59 25.03 24.47 23.94 23.34 22.88 22.34 21.72 21.19 20.62 19.97 19.34 18.69 18.19 17.56
71.06 70.34 69.38 68.69 67.88 67.25 66.47 65.62 64.84 64.06 63.53 63.00 62.53 61.78 60.97 59.84 59.12 58.19 57.19 56.56 55.69 54.75 53.81 52.78 52.03 51.06 50.00 49.06 48.00 47.22 46.47 45.69 44.88 44.16 43.41 42.62 41.91 41.19 40.44 39.81 39.34 39.00 38.75 38.50 38.25 38.00 37.72 37.28 36.81 36.34 35.81 35.22 34.50 33.69 32.81 31.81 30.84 29.88 29.03 28.22 27.53 26.78 26.09 25.59 25.03 24.47 23.91 23.31 22.78 22.25 21.66 21.09 20.56 19.97 19.28 18.69 18.03 17.31
70.94 70.25 69.47 68.81 68.09 67.44 66.62 65.75 64.94 64.50 63.81 63.62 62.94 62.19 61.34 60.47 59.50 58.91 57.84 56.91 55.84 54.72 53.84 52.81 52.12 51.16 50.12 49.19 48.34 47.38 46.66 45.78 45.00 44.09 43.50 42.75 41.97 41.19 40.41 39.91 39.44 38.81 38.50 38.25 38.00 37.75 37.50 37.16 36.72 36.25 35.75 35.19 34.50 33.72 32.88 31.94 30.94 29.84 28.88 28.16 27.44 26.66 26.00 25.50 24.94 24.38 23.81 23.28 22.75 22.19 21.66 21.12 20.53 19.91 19.25 18.59 17.84 17.25
70.97 70.34 69.56 68.91 68.28 67.59 66.91 66.19 65.56 64.88 64.53 64.06 63.38 62.59 61.75 60.91 60.03 59.34 57.81 56.97 55.84 54.88 53.88 53.06 52.28 51.22 50.25 49.31 48.44 47.75 46.75 45.97 45.16 44.34 43.62 42.88 42.06 41.44 40.75 40.06 39.34 38.91 38.25 38.00 37.75 37.50 37.25 37.00 36.66 36.19 35.69 35.16 34.50 33.78 32.97 32.06 31.03 29.88 28.88 28.06 27.31 26.62 25.97 25.34 24.78 24.28 23.75 23.16 22.56 22.12 21.56 20.97 20.41 19.84 19.19 18.53 17.81 17.25
71.09 70.38 69.75 68.97 68.41 67.72 67.03 66.50 65.78 65.44 65.06 64.53 63.84 63.03 62.16 61.28 60.50 59.56 58.38 57.19 55.94 55.03 54.12 53.31 52.50 51.31 50.34 49.41 48.81 47.91 47.19 46.16 45.28 44.41 43.75 43.00 42.34 41.69 40.91 40.28 39.53 38.88 38.22 37.72 37.50 37.25 37.03 36.78 36.56 36.16 35.66 35.12 34.53 33.84 33.06 32.19 31.16 30.06 29.00 28.16 27.41 26.66 25.97 25.28 24.62 24.00 23.53 22.97 22.47 21.91 21.44 20.88 20.28 19.81 19.16 18.59 17.94 17.25
71.16 70.53 69.88 69.25 68.69 67.94 67.38 66.72 66.19 65.88 65.44 65.00 64.34 63.44 62.44 61.50 60.66 59.66 58.50 57.12 56.09 55.00 54.12 53.31 52.53 51.62 50.81 49.97 48.97 48.22 47.28 46.75 45.81 44.84 44.06 43.19 42.47 41.88 41.19 40.25 39.56 38.69 37.84 37.53 37.22 37.03 36.81 36.56 36.34 36.09 35.66 35.12 34.56 33.91 33.12 32.22 31.28 30.28 29.34 28.47 27.66 26.88 26.09 25.34 24.69 24.03 23.50 22.94 22.44 21.88 21.34 20.84 20.34 19.81 19.31 18.72 18.00 17.44
71.41 70.78 70.19 69.59 69.00 68.41 67.66 67.03 66.69 66.22 65.88 65.31 64.62 63.69 62.59 61.66 60.78 59.50 58.38 57.34 56.25 55.03 54.25 53.50 52.53 51.75 51.03 50.25 49.34 48.44 48.00 47.22 46.25 45.25 44.25 43.62 42.69 41.91 41.31 40.47 39.53 38.56 37.84 37.19 36.94 36.75 36.59 36.34 36.12 35.88 35.66 35.19 34.59 33.97 33.19 32.31 31.41 30.44 29.59 28.72 27.88 27.06 26.25 25.47 24.72 24.06 23.53 22.91 22.44 21.88 21.41 20.91 20.38 19.88 19.34 18.75 18.12 17.41
71.53 71.12 70.56 69.97 69.28 68.78 68.31 67.69 66.97 66.66 66.22 65.56 64.56 63.66 62.41 61.75 60.56 59.47 58.41 57.25 56.22 55.41 54.53 53.81 53.06 52.25 51.41 50.41 49.38 48.97 48.41 47.59 46.28 45.41 44.72 43.91 43.06 42.19 41.38 40.50 39.47 38.38 37.44 36.75 36.50 36.19 36.22 36.12 35.91 35.66 35.44 35.22 34.75 34.09 33.31 32.47 31.56 30.66 29.84 29.00 28.19 27.38 26.53 25.69 24.78 24.12 23.59 23.12 22.56 22.06 21.50 20.97 20.41 19.91 19.38 18.81 18.12 17.66
72.06 71.56 70.91 70.19 69.81 69.44 68.75 67.91 67.78 67.25 66.56 65.62 64.81 63.69 62.84 62.12 61.34 60.38 59.41 58.03 56.84 55.69 54.97 54.31 53.56 52.72 51.91 51.03 50.16 49.34 48.53 47.62 46.62 45.53 44.91 44.12 43.16 42.25 41.34 40.22 39.22 38.03 37.00 36.22 36.06 35.84 35.69 35.72 35.66 35.44 35.22 35.00 34.78 34.38 33.53 32.75 31.88 31.00 30.16 29.38 28.53 27.69 26.84 25.97 25.09 24.19 23.72 23.22 22.69 22.12 21.62 21.09 20.53 19.91 19.47 18.94 18.44 17.91
72.41 71.78 71.12 70.75 70.47 70.00 69.44 68.94 68.47 67.75 66.91 66.00 64.88 64.09 63.62 62.81 62.53 61.88 60.75 59.19 57.75 56.53 55.66 54.94 54.12 53.28 52.44 51.56 50.66 49.72 48.81 47.84 46.78 45.75 44.97 44.16 43.06 42.06 41.22 40.28 39.03 37.75 36.81 36.12 35.78 35.47 35.31 35.19 35.25 35.25 35.00 34.78 34.56 34.34 33.94 33.06 32.28 31.47 30.59 29.75 28.91 28.06 27.19 26.34 25.50 24.53 23.75 23.31 22.78 22.41 21.97 21.38 20.78 20.34 19.78 19.19 18.69 18.06
72.84 72.09 71.56 71.31 70.94 70.47 69.97 69.56 68.94 68.06 67.19 66.31 65.03 64.88 64.38 63.81 63.22 62.25 61.53 59.66 58.38 57.22 56.47 55.62 54.75 53.84 52.97 52.06 51.09 50.09 49.09 48.06 47.03 45.97 45.03 44.06 43.19 42.19 41.19 40.25 39.12 37.88 36.72 36.19 35.50 35.25 35.06 34.88 34.78 34.81 34.81 34.59 34.38 34.16 33.91 33.56 32.69 32.00 31.00 30.16 29.28 28.44 27.59 26.75 25.94 25.03 24.12 23.53 23.19 22.75 22.28 21.75 21.25 20.75 19.91 19.34 18.84 18.56
73.28 72.75 72.38 71.88 71.34 70.84 70.47 70.09 69.41 68.25 67.25 66.81 66.16 65.50 64.69 63.66 63.03 62.84 61.44 60.19 59.09 58.16 57.53 56.34 55.38 54.41 53.44 52.50 51.47 50.41 49.34 48.28 47.22 46.19 45.22 44.31 43.19 42.31 41.28 40.28 39.16 37.97 36.88 36.03 35.41 35.09 34.88 34.66 34.44 34.28 34.41 34.38 34.16 33.94 33.72 33.50 33.22 32.53 31.53 30.53 29.66 28.84 28.16 27.16 26.53 25.50 24.69 24.00 23.53 23.09 22.62 22.12 21.62 21.06 20.38 19.72 19.41 18.91
73.69 73.50 73.12 72.50 71.84 71.34 71.00 70.41 69.81 68.78 67.84 67.00 66.50 65.59 64.56 63.41 63.03 62.22 60.84 59.62 58.66 58.34 57.97 57.25 56.09 55.06 53.97 52.88 51.78 50.59 49.50 48.44 47.41 46.38 45.34 44.50 43.56 42.53 41.31 40.34 39.16 38.00 37.03 36.16 35.47 35.00 34.69 34.44 34.19 33.88 33.59 33.62 33.94 33.72 33.50 33.28 33.06 32.84 31.88 30.94 30.00 29.19 28.88 27.62 27.28 26.00 25.19 24.47 23.94 23.47 23.00 22.53 22.03 21.47 20.88 20.31 19.72 19.19
74.47 74.09 73.59 73.03 72.41 71.91 71.44 70.81 70.12 69.19 68.12 67.25 66.47 65.56 64.47 63.72 62.81 61.50 60.41 59.38 59.03 58.59 58.16 57.62 56.88 55.91 54.50 53.28 52.09 50.81 49.69 48.59 47.53 46.50 45.44 44.50 43.72 42.69 41.59 40.31 39.19 38.00 37.12 36.31 35.59 34.97 34.56 34.22 33.88 33.56 33.22 33.09 33.03 33.50 33.31 33.09 32.84 32.62 32.34 31.47 30.41 29.81 29.16 28.47 27.69 26.47 25.72 24.94 24.38 23.88 23.41 22.94 22.44 21.91 21.34 20.72 20.09 19.41
75.06 74.56 74.09 73.56 72.97 72.38 71.59 70.84 69.97 69.12 67.91 67.12 66.47 65.50 64.91 64.03 62.75 61.66 60.41 59.62 59.38 58.88 58.38 57.81 57.06 56.12 55.00 53.69 52.44 51.19 50.00 48.81 47.66 46.56 45.53 44.66 43.81 42.81 41.56 40.44 39.19 38.06 37.34 36.38 35.59 34.97 34.50 34.09 33.69 33.38 33.09 32.94 32.78 32.62 33.06 32.88 32.66 32.44 32.22 31.91 31.06 30.00 29.59 29.00 28.47 28.38 26.38 25.50 24.81 24.31 23.78 23.31 22.84 22.34 21.78 21.16 20.44 19.53
75.34 74.94 74.47 73.84 73.16 72.25 71.56 70.78 69.97 69.06 67.94 67.19 66.38 65.81 65.06 64.09 62.75 61.81 61.12 60.44 59.84 59.31 58.75 58.12 57.38 56.44 55.34 54.12 52.72 51.56 50.41 49.09 47.91 46.66 45.72 44.78 43.88 42.91 41.78 40.53 39.34 38.25 37.38 36.38 35.59 35.06 34.59 34.19 33.78 33.44 33.16 32.94 32.75 32.53 32.41 32.59 32.44 32.22 32.03 31.81 31.47 30.62 29.97 29.47 29.09 28.62 27.78 26.53 25.47 24.78 24.25 23.75 23.28 22.78 22.25 21.62 20.84 19.78
75.66 75.28 74.75 74.16 73.31 72.44 71.41 70.56 69.91 69.00 67.84 67.19 66.47 65.78 65.00 64.03 62.91 62.25 61.56 60.94 60.31 59.69 59.09 58.47 57.72 56.78 55.69 54.03 53.19 52.16 50.84 49.53 48.28 47.03 45.97 45.03 44.06 43.06 41.84 40.47 39.34 38.22 37.31 36.50 35.88 35.34 34.88 34.44 34.06 33.72 33.44 33.19 33.06 32.66 32.38 32.34 32.16 32.03 31.81 31.62 31.41 31.09 30.28 29.88 29.19 28.66 27.84 26.97 26.09 25.38 24.78 24.28 23.81 23.28 22.72 22.12 21.34 20.25
76.16 75.66 75.09 74.38 73.47 72.38 71.44 70.50 69.78 68.88 67.88 67.16 66.38 65.78 64.88 64.12 63.38 62.62 61.91 61.25 60.59 59.97 59.31 58.62 57.81 56.88 55.84 54.75 53.62 52.56 51.38 50.09 48.62 47.25 46.16 45.16 44.25 43.09 41.94 40.59 39.28 38.34 37.56 36.88 36.28 35.75 35.31 34.91 34.53 34.22 33.91 33.72 33.47 33.47 33.00 32.88 32.12 31.78 31.62 31.41 31.22 31.03 30.72 29.88 29.47 28.50 27.94 27.22 26.56 26.00 25.31 24.91 24.47 23.94 23.34 22.66 21.97 20.91
76.69 75.72 75.09 74.28 73.47 72.56 71.53 70.66 69.97 69.12 68.03 67.34 66.62 65.78 65.12 64.41 63.69 62.94 62.22 61.53 60.84 60.19 59.50 58.78 58.00 57.03 55.97 54.91 53.88 52.81 51.78 50.56 49.03 47.31 46.28 45.34 44.38 43.12 42.00 40.75 39.53 38.69 37.97 37.38 36.81 36.31 35.88 35.50 35.12 35.09 34.66 34.38 34.38 34.22 33.78 33.47 32.75 31.94 31.41 31.22 31.03 30.81 30.62 30.34 29.38 28.84 28.06 27.56 27.06 26.59 26.09 25.53 25.31 24.84 24.12 23.38 22.56 21.59
77.03 75.78 75.19 74.22 73.47 72.59 71.72 70.78 70.09 69.19 68.31 67.53 66.78 66.12 65.41 64.69 63.94 63.22 62.47 61.75 61.06 60.34 59.66 58.94 58.16 57.06 56.06 55.03 54.03 53.06 52.09 50.94 49.47 47.78 46.34 45.41 44.47 43.38 42.19 40.88 39.88 39.16 38.50 37.94 37.41 36.94 36.53 36.16 35.81 35.69 35.31 35.62 35.28 35.38 35.12 34.72 33.84 32.56 31.78 31.03 30.81 30.62 30.41 30.25 29.78 28.88 28.47 28.03 27.56 27.19 26.84 26.31 26.06 25.75 24.88 23.75 23.19 22.06
77.31 76.22 75.31 74.38 73.53 72.62 71.59 70.88 70.12 69.34 68.38 67.78 67.12 66.38 65.66 64.94 64.22 63.47 62.72 61.97 61.25 60.50 59.78 59.06 58.25 57.16 56.16 55.16 54.19 53.28 52.34 51.31 49.81 48.06 46.44 45.50 44.53 43.44 42.25 41.16 40.31 39.66 39.06 38.53 38.06 37.62 37.22 36.88 36.56 36.28 36.25 36.03 36.31 36.50 36.59 36.44 35.47 33.38 32.56 31.62 30.62 30.41 30.22 30.06 29.88 29.47 28.88 28.44 28.03 27.72 27.19 26.53 26.28 25.94 25.09 24.22 22.94 21.88
77.25 76.50 75.53 74.56 73.62 72.69 71.75 71.06 70.28 69.44 68.81 68.03 67.28 66.56 65.84 65.12 64.41 63.69 62.94 62.16 61.41 60.62 59.88 59.12 58.28 57.25 56.25 55.28 54.34 53.44 52.53 51.62 49.97 48.22 46.56 45.50 44.47 43.41 42.44 41.44 40.78 40.22 39.66 39.19 38.72 38.31 37.97 37.62 37.50 37.25 37.09 36.75 36.56 36.78 36.84 37.34 35.19 34.31 33.44 32.47 31.44 30.22 30.03 29.84 29.69 29.56 29.50 28.94 28.41 28.00 27.38 26.69 26.16 25.81 25.16 23.84 22.81 21.84
77.69 76.50 75.44 74.59 73.69 72.75 71.91 71.16 70.34 69.59 68.88 68.12 67.41 66.69 66.00 65.28 64.56 63.84 63.09 62.31 61.53 60.75 59.94 59.12 58.28 57.31 56.31 55.34 54.44 53.53 52.66 51.69 49.94 48.31 46.66 45.84 44.78 43.62 42.62 41.94 41.28 40.78 40.28 39.81 39.41 39.03 38.69 38.53 38.25 38.28 37.69 37.44 37.28 37.22 37.38 37.38 36.47 35.28 34.41 33.41 32.28 31.12 29.84 29.66 29.50 29.34 29.25 29.06 28.41 28.00 27.44 26.78 26.12 25.44 24.56 23.66 22.75 21.88
77.62 76.50 75.59 74.62 73.62 72.88 72.00 71.22 70.53 69.72 68.94 68.16 67.50 66.81 66.12 65.41 64.69 63.97 63.22 62.44 61.62 60.81 59.97 59.16 58.28 57.34 56.34 55.41 54.47 53.59 52.69 51.56 49.94 48.44 47.16 46.09 45.12 44.03 43.19 42.38 41.84 41.34 40.88 40.47 40.06 39.72 39.38 39.09 38.97 39.22 39.28 38.94 38.25 37.91 37.72 37.38 36.91 36.19 35.62 34.88 33.19 32.00 30.50 29.44 29.31 29.19 29.06 28.91 28.25 27.81 27.28 26.69 26.00 25.22 24.31 23.50 22.72 21.94
77.62 76.50 75.56 74.62 73.81 72.91 72.06 71.44 70.62 69.81 68.94 68.22 67.59 66.91 66.22 65.53 64.81 64.06 63.31 62.50 61.69 60.84 59.97 59.12 58.22 57.28 56.25 55.38 54.47 53.56 52.66 51.44 49.97 48.56 47.44 46.25 45.38 44.38 43.62 43.00 42.41 41.94 41.47 41.09 40.72 40.38 40.09 39.81 39.97 40.03 39.94 39.72 39.41 38.81 38.53 38.19 37.66 36.97 36.66 35.50 34.12 32.69 31.31 29.66 29.09 29.00 28.91 28.78 28.09 27.62 27.09 26.53 25.88 25.12 24.38 23.47 22.75 22.03
77.53 76.50 75.56 74.69 73.84 72.97 72.25 71.47 70.66 69.91 69.19 68.34 67.69 67.03 66.34 65.62 64.91 64.16 63.38 62.56 61.72 60.84 59.94 59.03 58.12 57.09 56.16 55.28 54.41 53.53 52.69 51.47 50.06 48.62 47.66 46.59 45.56 44.75 43.97 43.50 42.97 42.50 42.06 41.69 41.34 41.03 40.75 40.53 40.50 40.44 40.34 40.19 40.00 39.91 40.09 39.97 38.75 37.59 36.75 35.88 34.56 33.28 31.84 30.53 28.91 28.81 28.72 28.62 28.31 27.56 27.09 26.53 25.94 25.28 24.44 23.72 22.91 22.16
77.28 76.56 75.62 74.94 73.94 73.16 72.31 71.56 70.78 70.22 69.28 68.47 67.78 67.16 66.47 65.72 64.97 64.19 63.41 62.56 61.69 60.81 59.91 58.91 57.84 56.81 56.00 55.09 54.25 53.47 52.69 51.69 50.28 48.81 47.97 46.75 46.16 45.38 44.53 43.84 43.53 43.06 42.66 42.28 41.94 41.66 41.38 41.16 41.00 40.88 40.72 40.56 40.44 40.38 40.38 40.38 39.91 38.06 37.22 36.28 35.03 33.72 32.31 30.94 29.25 28.62 28.53 28.50 28.44 27.59 27.12 26.59 26.03 25.41 24.66 23.91 23.12 22.34
77.38 76.66 75.81 74.97 74.25 73.34 72.47 71.59 71.12 70.41 69.84 69.00 67.97 67.34 66.56 65.78 65.00 64.19 63.38 62.53 61.69 60.78 59.81 58.81 57.69 56.59 55.84 54.81 53.69 53.25 52.81 52.16 51.00 49.94 48.62 47.56 46.47 45.91 45.19 44.59 43.97 43.62 43.22 42.84 42.53 42.25 41.97 41.69 41.47 41.25 41.06 40.88 40.75 40.66 40.59 40.47 40.12 38.34 37.53 36.53 35.38 34.06 32.66 31.28 29.97 28.47 28.44 28.41 28.41 27.69 27.22 26.81 26.22 25.56 24.91 24.22 23.38 22.59
77.41 76.72 76.00 75.28 74.53 73.69 72.50 72.16 71.12 70.81 70.09 69.25 68.03 67.41 66.56 65.75 64.97 64.16 63.34 62.50 61.62 60.75 59.78 58.72 57.78 56.94 56.03 55.09 54.34 53.94 53.44 52.47 51.78 50.31 49.41 48.31 47.31 46.38 45.47 44.91 44.69 44.25 43.75 43.41 43.12 42.84 42.56 42.22 41.91 41.62 41.34 41.12 40.94 40.75 40.62 40.41 40.00 38.53 37.69 36.72 35.56 34.28 32.91 31.53 30.22 28.47 28.34 28.31 28.31 27.97 27.50 26.94 26.38 25.75 25.12 24.50 23.72 22.88
