everonasctiles/Tile12,48.asc
ncols 128
nrows 128
xllcorner 0
yllcorner 0
cellsize 2.0
NODATA_value  -9999
[rows 0 to 31 of 128, columns 0 to 70 of 128]
-76.78 -76.78 -76.75 -76.66 -76.53 -76.44 -76.34 -76.28 -76.28 -76.28 -76.31 -76.34 -76.34 -76.34 -76.28 -76.16 -76.06 -75.91 -75.75 -75.59 -75.47 -75.34 -75.25 -75.19 -75.16 -75.19 -75.25 -75.34 -75.44 -75.53 -75.62 -75.72 -75.81 -75.88 -75.94 -75.97 -76.00 -76.03 -76.06 -76.09 -76.12 -76.16 -76.16 -76.19 -76.16 -76.12 -76.06 -76.03 -76.03 -76.03 -76.03 -76.06 -76.09 -76.16 -76.25 -76.34 -76.47 -76.59 -76.75 -76.88 -77.00 -77.12 -77.22 -77.38 -77.50 -77.62 -77.78 -77.91 -78.06 -78.25 -78.41
-76.59 -76.59 -76.53 -76.47 -76.34 -76.22 -76.12 -76.06 -76.06 -76.09 -76.16 -76.19 -76.22 -76.19 -76.16 -76.06 -75.94 -75.81 -75.69 -75.53 -75.41 -75.31 -75.22 -75.19 -75.19 -75.22 -75.28 -75.38 -75.47 -75.56 -75.69 -75.78 -75.88 -75.94 -76.00 -76.06 -76.09 -76.12 -76.16 -76.19 -76.22 -76.22 -76.25 -76.25 -76.22 -76.19 -76.16 -76.12 -76.09 -76.09 -76.09 -76.12 -76.12 -76.19 -76.25 -76.34 -76.47 -76.59 -76.72 -76.84 -76.97 -77.06 -77.19 -77.31 -77.44 -77.56 -77.72 -77.88 -78.03 -78.19 -78.38
-76.41 -76.41 -76.34 -76.28 -76.16 -76.03 -75.94 -75.88 -75.91 -75.94 -76.00 -76.03 -76.06 -76.06 -76.00 -75.94 -75.84 -75.72 -75.59 -75.50 -75.38 -75.28 -75.22 -75.19 -75.22 -75.25 -75.31 -75.41 -75.50 -75.62 -75.75 -75.84 -75.94 -76.03 -76.09 -76.12 -76.19 -76.22 -76.25 -76.28 -76.31 -76.31 -76.31 -76.31 -76.28 -76.28 -76.22 -76.22 -76.19 -76.19 -76.19 -76.16 -76.16 -76.19 -76.22 -76.31 -76.44 -76.56 -76.69 -76.81 -76.94 -77.03 -77.12 -77.25 -77.38 -77.50 -77.66 -77.81 -78.00 -78.16 -78.34
-76.22 -76.19 -76.16 -76.09 -76.00 -75.88 -75.78 -75.72 -75.75 -75.78 -75.84 -75.88 -75.91 -75.88 -75.84 -75.81 -75.72 -75.62 -75.53 -75.44 -75.34 -75.28 -75.25 -75.22 -75.25 -75.28 -75.38 -75.47 -75.56 -75.69 -75.81 -75.91 -76.00 -76.09 -76.16 -76.19 -76.25 -76.28 -76.34 -76.38 -76.38 -76.38 -76.38 -76.38 -76.34 -76.34 -76.31 -76.28 -76.25 -76.25 -76.22 -76.19 -76.16 -76.16 -76.19 -76.28 -76.38 -76.50 -76.62 -76.75 -76.88 -77.00 -77.09 -77.19 -77.31 -77.47 -77.59 -77.75 -77.94 -78.12 -78.31
-76.03 -76.00 -75.97 -75.91 -75.81 -75.72 -75.62 -75.59 -75.59 -75.66 -75.69 -75.72 -75.75 -75.72 -75.69 -75.66 -75.59 -75.53 -75.47 -75.41 -75.34 -75.31 -75.28 -75.28 -75.31 -75.34 -75.44 -75.53 -75.62 -75.75 -75.88 -75.97 -76.06 -76.16 -76.22 -76.25 -76.31 -76.34 -76.41 -76.44 -76.47 -76.47 -76.47 -76.44 -76.44 -76.41 -76.38 -76.34 -76.31 -76.28 -76.25 -76.22 -76.16 -76.12 -76.16 -76.22 -76.31 -76.44 -76.56 -76.72 -76.84 -76.94 -77.03 -77.16 -77.25 -77.38 -77.53 -77.72 -77.91 -78.09 -78.28
-75.84 -75.81 -75.78 -75.72 -75.66 -75.56 -75.50 -75.47 -75.50 -75.56 -75.59 -75.59 -75.59 -75.59 -75.56 -75.53 -75.50 -75.47 -75.41 -75.38 -75.34 -75.34 -75.34 -75.38 -75.38 -75.44 -75.50 -75.59 -75.72 -75.81 -75.94 -76.03 -76.12 -76.19 -76.25 -76.31 -76.34 -76.41 -76.47 -76.50 -76.53 -76.53 -76.53 -76.53 -76.50 -76.47 -76.44 -76.44 -76.38 -76.34 -76.28 -76.22 -76.16 -76.09 -76.09 -76.16 -76.25 -76.38 -76.50 -76.66 -76.78 -76.91 -77.00 -77.09 -77.19 -77.31 -77.47 -77.66 -77.84 -78.03 -78.22
-75.69 -75.62 -75.59 -75.53 -75.50 -75.44 -75.41 -75.41 -75.44 -75.47 -75.50 -75.50 -75.50 -75.47 -75.44 -75.44 -75.41 -75.41 -75.38 -75.38 -75.41 -75.41 -75.41 -75.44 -75.47 -75.50 -75.59 -75.66 -75.78 -75.88 -75.97 -76.06 -76.16 -76.22 -76.28 -76.34 -76.41 -76.47 -76.50 -76.56 -76.59 -76.59 -76.59 -76.59 -76.56 -76.53 -76.53 -76.50 -76.44 -76.38 -76.31 -76.22 -76.16 -76.09 -76.06 -76.09 -76.19 -76.31 -76.47 -76.59 -76.75 -76.84 -76.94 -77.03 -77.12 -77.25 -77.41 -77.59 -77.78 -77.97 -78.16
-75.53 -75.47 -75.44 -75.41 -75.38 -75.34 -75.34 -75.34 -75.38 -75.41 -75.41 -75.44 -75.41 -75.41 -75.38 -75.34 -75.34 -75.34 -75.38 -75.41 -75.44 -75.47 -75.47 -75.50 -75.53 -75.59 -75.66 -75.75 -75.84 -75.94 -76.03 -76.09 -76.19 -76.25 -76.31 -76.41 -76.47 -76.53 -76.56 -76.59 -76.62 -76.66 -76.66 -76.66 -76.62 -76.59 -76.56 -76.53 -76.50 -76.41 -76.34 -76.25 -76.16 -76.06 -76.03 -76.06 -76.16 -76.28 -76.41 -76.56 -76.69 -76.81 -76.91 -77.00 -77.09 -77.22 -77.38 -77.53 -77.72 -77.91 -78.09
-75.41 -75.34 -75.31 -75.28 -75.28 -75.28 -75.28 -75.31 -75.34 -75.38 -75.38 -75.38 -75.38 -75.34 -75.34 -75.34 -75.34 -75.38 -75.41 -75.44 -75.47 -75.50 -75.53 -75.56 -75.59 -75.62 -75.72 -75.78 -75.88 -75.97 -76.06 -76.12 -76.19 -76.28 -76.34 -76.44 -76.50 -76.56 -76.62 -76.66 -76.69 -76.69 -76.69 -76.69 -76.66 -76.62 -76.59 -76.56 -76.50 -76.44 -76.34 -76.25 -76.16 -76.06 -76.03 -76.06 -76.16 -76.25 -76.41 -76.53 -76.66 -76.78 -76.88 -76.97 -77.06 -77.19 -77.34 -77.50 -77.66 -77.84 -78.03
-75.28 -75.25 -75.22 -75.22 -75.22 -75.22 -75.25 -75.28 -75.31 -75.34 -75.34 -75.38 -75.34 -75.34 -75.34 -75.34 -75.38 -75.41 -75.44 -75.47 -75.50 -75.53 -75.56 -75.59 -75.62 -75.69 -75.75 -75.84 -75.91 -76.00 -76.06 -76.16 -76.22 -76.31 -76.38 -76.47 -76.53 -76.59 -76.66 -76.69 -76.72 -76.72 -76.72 -76.69 -76.69 -76.66 -76.62 -76.56 -76.50 -76.44 -76.34 -76.25 -76.16 -76.09 -76.06 -76.09 -76.19 -76.28 -76.41 -76.53 -76.66 -76.75 -76.88 -76.97 -77.09 -77.19 -77.31 -77.47 -77.62 -77.81 -77.97
-75.19 -75.16 -75.16 -75.16 -75.16 -75.19 -75.22 -75.25 -75.31 -75.34 -75.34 -75.38 -75.38 -75.38 -75.38 -75.41 -75.41 -75.44 -75.44 -75.47 -75.53 -75.56 -75.59 -75.62 -75.66 -75.72 -75.78 -75.88 -75.94 -76.03 -76.09 -76.16 -76.25 -76.31 -76.41 -76.47 -76.56 -76.62 -76.66 -76.69 -76.72 -76.72 -76.72 -76.69 -76.66 -76.62 -76.59 -76.56 -76.50 -76.41 -76.34 -76.25 -76.16 -76.09 -76.09 -76.16 -76.22 -76.31 -76.44 -76.56 -76.66 -76.78 -76.88 -77.00 -77.12 -77.22 -77.34 -77.50 -77.62 -77.78 -77.97
-75.12 -75.09 -75.09 -75.12 -75.12 -75.19 -75.22 -75.25 -75.31 -75.34 -75.34 -75.38 -75.41 -75.41 -75.44 -75.44 -75.44 -75.47 -75.47 -75.50 -75.53 -75.59 -75.62 -75.66 -75.69 -75.75 -75.81 -75.88 -75.97 -76.03 -76.12 -76.19 -76.28 -76.34 -76.44 -76.50 -76.56 -76.62 -76.66 -76.69 -76.72 -76.72 -76.69 -76.69 -76.66 -76.62 -76.56 -76.53 -76.47 -76.41 -76.31 -76.22 -76.16 -76.12 -76.16 -76.22 -76.28 -76.38 -76.47 -76.59 -76.69 -76.81 -76.91 -77.03 -77.16 -77.28 -77.41 -77.53 -77.66 -77.81 -78.00
-75.06 -75.06 -75.06 -75.09 -75.12 -75.16 -75.22 -75.25 -75.28 -75.31 -75.34 -75.38 -75.41 -75.44 -75.44 -75.47 -75.50 -75.50 -75.53 -75.53 -75.56 -75.59 -75.66 -75.69 -75.72 -75.78 -75.81 -75.91 -75.97 -76.06 -76.12 -76.22 -76.31 -76.38 -76.47 -76.53 -76.59 -76.62 -76.69 -76.69 -76.72 -76.72 -76.69 -76.69 -76.66 -76.59 -76.56 -76.50 -76.44 -76.38 -76.31 -76.22 -76.16 -76.16 -76.22 -76.28 -76.38 -76.44 -76.53 -76.66 -76.75 -76.84 -76.97 -77.06 -77.19 -77.31 -77.44 -77.59 -77.72 -77.88 -78.03
-75.06 -75.06 -75.06 -75.09 -75.12 -75.16 -75.22 -75.25 -75.28 -75.31 -75.34 -75.38 -75.41 -75.44 -75.47 -75.50 -75.53 -75.56 -75.56 -75.59 -75.59 -75.62 -75.69 -75.72 -75.75 -75.78 -75.84 -75.91 -76.00 -76.06 -76.16 -76.25 -76.34 -76.41 -76.47 -76.53 -76.59 -76.66 -76.69 -76.69 -76.69 -76.69 -76.69 -76.66 -76.62 -76.59 -76.53 -76.47 -76.41 -76.34 -76.28 -76.22 -76.19 -76.22 -76.28 -76.38 -76.47 -76.53 -76.62 -76.72 -76.81 -76.94 -77.03 -77.12 -77.25 -77.38 -77.50 -77.62 -77.75 -77.91 -78.06
-75.06 -75.06 -75.06 -75.09 -75.12 -75.19 -75.22 -75.25 -75.28 -75.31 -75.34 -75.38 -75.41 -75.44 -75.47 -75.53 -75.56 -75.59 -75.59 -75.62 -75.66 -75.69 -75.72 -75.75 -75.78 -75.81 -75.84 -75.91 -76.00 -76.09 -76.19 -76.28 -76.38 -76.44 -76.50 -76.56 -76.59 -76.66 -76.66 -76.69 -76.69 -76.69 -76.69 -76.66 -76.59 -76.56 -76.50 -76.47 -76.41 -76.34 -76.28 -76.22 -76.22 -76.28 -76.38 -76.47 -76.53 -76.62 -76.72 -76.81 -76.91 -77.00 -77.12 -77.22 -77.31 -77.41 -77.53 -77.66 -77.78 -77.91 -78.06
-75.06 -75.06 -75.09 -75.12 -75.16 -75.19 -75.22 -75.25 -75.28 -75.28 -75.31 -75.34 -75.41 -75.44 -75.50 -75.53 -75.59 -75.62 -75.66 -75.66 -75.69 -75.72 -75.75 -75.78 -75.78 -75.81 -75.84 -75.91 -76.00 -76.09 -76.19 -76.28 -76.38 -76.44 -76.50 -76.56 -76.59 -76.62 -76.66 -76.66 -76.66 -76.66 -76.66 -76.62 -76.59 -76.53 -76.47 -76.44 -76.38 -76.31 -76.25 -76.25 -76.28 -76.34 -76.44 -76.56 -76.62 -76.72 -76.78 -76.91 -77.00 -77.09 -77.19 -77.28 -77.34 -77.44 -77.53 -77.62 -77.75 -77.91 -78.03
-75.09 -75.09 -75.12 -75.12 -75.16 -75.22 -75.22 -75.25 -75.28 -75.28 -75.31 -75.34 -75.41 -75.44 -75.50 -75.56 -75.62 -75.66 -75.69 -75.72 -75.75 -75.78 -75.78 -75.81 -75.84 -75.84 -75.88 -75.94 -76.00 -76.09 -76.19 -76.28 -76.38 -76.44 -76.50 -76.56 -76.59 -76.59 -76.62 -76.62 -76.62 -76.62 -76.62 -76.59 -76.56 -76.50 -76.47 -76.41 -76.38 -76.31 -76.28 -76.28 -76.34 -76.44 -76.53 -76.62 -76.72 -76.81 -76.88 -76.97 -77.06 -77.16 -77.25 -77.34 -77.41 -77.47 -77.53 -77.62 -77.75 -77.88 -78.00
-75.12 -75.12 -75.12 -75.16 -75.19 -75.22 -75.25 -75.28 -75.28 -75.31 -75.34 -75.38 -75.41 -75.47 -75.53 -75.59 -75.62 -75.69 -75.72 -75.75 -75.78 -75.81 -75.84 -75.84 -75.88 -75.91 -75.91 -75.97 -76.03 -76.09 -76.19 -76.28 -76.38 -76.44 -76.50 -76.53 -76.56 -76.56 -76.59 -76.59 -76.59 -76.59 -76.59 -76.56 -76.53 -76.50 -76.44 -76.41 -76.34 -76.31 -76.31 -76.34 -76.41 -76.50 -76.59 -76.72 -76.81 -76.88 -76.97 -77.06 -77.16 -77.22 -77.31 -77.38 -77.44 -77.47 -77.53 -77.62 -77.72 -77.84 -77.97
-75.16 -75.16 -75.16 -75.19 -75.19 -75.25 -75.28 -75.28 -75.31 -75.34 -75.38 -75.41 -75.44 -75.47 -75.53 -75.59 -75.66 -75.72 -75.75 -75.81 -75.84 -75.88 -75.88 -75.91 -75.91 -75.94 -75.97 -76.00 -76.06 -76.12 -76.19 -76.28 -76.34 -76.41 -76.47 -76.50 -76.50 -76.53 -76.56 -76.56 -76.59 -76.59 -76.56 -76.56 -76.53 -76.50 -76.44 -76.41 -76.34 -76.31 -76.31 -76.38 -76.47 -76.56 -76.66 -76.78 -76.88 -76.94 -77.03 -77.12 -77.19 -77.28 -77.34 -77.41 -77.44 -77.47 -77.53 -77.59 -77.69 -77.81 -77.97
-75.16 -75.16 -75.19 -75.19 -75.22 -75.25 -75.28 -75.31 -75.34 -75.38 -75.41 -75.41 -75.47 -75.50 -75.56 -75.62 -75.69 -75.72 -75.78 -75.81 -75.84 -75.91 -75.91 -75.94 -75.97 -76.00 -76.03 -76.06 -76.09 -76.16 -76.22 -76.28 -76.34 -76.41 -76.44 -76.47 -76.50 -76.50 -76.53 -76.56 -76.56 -76.56 -76.56 -76.56 -76.53 -76.47 -76.44 -76.38 -76.34 -76.31 -76.34 -76.41 -76.50 -76.59 -76.72 -76.81 -76.91 -77.00 -77.09 -77.16 -77.22 -77.31 -77.38 -77.41 -77.44 -77.50 -77.53 -77.59 -77.69 -77.81 -77.94
-75.19 -75.19 -75.19 -75.22 -75.25 -75.28 -75.31 -75.34 -75.38 -75.41 -75.44 -75.44 -75.47 -75.50 -75.56 -75.62 -75.69 -75.75 -75.78 -75.84 -75.88 -75.91 -75.94 -75.97 -76.00 -76.03 -76.06 -76.09 -76.12 -76.19 -76.25 -76.31 -76.34 -76.38 -76.41 -76.44 -76.47 -76.50 -76.53 -76.53 -76.56 -76.56 -76.56 -76.53 -76.50 -76.47 -76.44 -76.38 -76.34 -76.34 -76.38 -76.44 -76.53 -76.66 -76.75 -76.84 -76.97 -77.03 -77.12 -77.19 -77.25 -77.31 -77.38 -77.44 -77.47 -77.50 -77.53 -77.59 -77.69 -77.78 -77.91
-75.19 -75.19 -75.22 -75.22 -75.25 -75.28 -75.31 -75.38 -75.41 -75.44 -75.44 -75.47 -75.50 -75.53 -75.56 -75.62 -75.69 -75.75 -75.78 -75.81 -75.88 -75.91 -75.94 -76.00 -76.03 -76.06 -76.09 -76.12 -76.19 -76.22 -76.28 -76.31 -76.38 -76.38 -76.41 -76.44 -76.44 -76.47 -76.50 -76.53 -76.56 -76.56 -76.56 -76.53 -76.50 -76.47 -76.41 -76.38 -76.34 -76.34 -76.41 -76.47 -76.56 -76.69 -76.78 -76.88 -76.97 -77.06 -77.16 -77.22 -77.28 -77.34 -77.38 -77.44 -77.47 -77.50 -77.53 -77.59 -77.69 -77.78 -77.88
-75.19 -75.22 -75.22 -75.25 -75.25 -75.31 -75.34 -75.38 -75.41 -75.44 -75.47 -75.50 -75.50 -75.53 -75.56 -75.59 -75.66 -75.72 -75.78 -75.81 -75.84 -75.91 -75.94 -76.00 -76.03 -76.09 -76.12 -76.16 -76.19 -76.25 -76.31 -76.34 -76.38 -76.41 -76.41 -76.44 -76.44 -76.47 -76.50 -76.53 -76.53 -76.53 -76.53 -76.50 -76.47 -76.44 -76.41 -76.38 -76.34 -76.38 -76.41 -76.50 -76.59 -76.69 -76.81 -76.91 -77.00 -77.09 -77.16 -77.22 -77.28 -77.34 -77.38 -77.41 -77.47 -77.50 -77.56 -77.59 -77.69 -77.75 -77.88
-75.19 -75.22 -75.22 -75.25 -75.28 -75.31 -75.34 -75.38 -75.41 -75.44 -75.47 -75.50 -75.50 -75.50 -75.53 -75.59 -75.62 -75.69 -75.75 -75.81 -75.84 -75.91 -75.94 -76.00 -76.06 -76.09 -76.16 -76.19 -76.22 -76.28 -76.31 -76.38 -76.41 -76.41 -76.41 -76.44 -76.44 -76.47 -76.47 -76.50 -76.50 -76.50 -76.50 -76.50 -76.47 -76.44 -76.41 -76.41 -76.41 -76.41 -76.47 -76.53 -76.62 -76.72 -76.81 -76.91 -77.00 -77.09 -77.19 -77.25 -77.28 -77.34 -77.38 -77.41 -77.47 -77.50 -77.56 -77.59 -77.66 -77.75 -77.84
-75.16 -75.19 -75.22 -75.25 -75.28 -75.31 -75.34 -75.38 -75.41 -75.44 -75.47 -75.47 -75.50 -75.50 -75.53 -75.56 -75.62 -75.69 -75.75 -75.78 -75.84 -75.91 -75.97 -76.03 -76.06 -76.12 -76.16 -76.19 -76.25 -76.28 -76.34 -76.38 -76.41 -76.41 -76.41 -76.44 -76.44 -76.44 -76.47 -76.47 -76.47 -76.50 -76.47 -76.47 -76.44 -76.44 -76.44 -76.44 -76.44 -76.47 -76.53 -76.56 -76.66 -76.75 -76.84 -76.94 -77.03 -77.12 -77.19 -77.25 -77.31 -77.34 -77.38 -77.41 -77.47 -77.50 -77.56 -77.59 -77.66 -77.72 -77.81
-75.16 -75.19 -75.22 -75.25 -75.28 -75.31 -75.34 -75.38 -75.41 -75.44 -75.44 -75.47 -75.47 -75.50 -75.50 -75.56 -75.59 -75.66 -75.72 -75.78 -75.84 -75.91 -75.97 -76.03 -76.09 -76.16 -76.19 -76.22 -76.25 -76.31 -76.34 -76.41 -76.41 -76.44 -76.44 -76.44 -76.44 -76.47 -76.47 -76.47 -76.47 -76.47 -76.47 -76.47 -76.47 -76.47 -76.47 -76.50 -76.53 -76.56 -76.59 -76.66 -76.69 -76.78 -76.84 -76.94 -77.03 -77.12 -77.19 -77.25 -77.31 -77.34 -77.38 -77.41 -77.47 -77.50 -77.53 -77.59 -77.66 -77.72 -77.78
-75.12 -75.16 -75.22 -75.25 -75.28 -75.31 -75.34 -75.38 -75.41 -75.44 -75.44 -75.44 -75.47 -75.47 -75.50 -75.56 -75.59 -75.69 -75.75 -75.81 -75.88 -75.94 -76.00 -76.06 -76.12 -76.16 -76.19 -76.22 -76.25 -76.31 -76.34 -76.41 -76.41 -76.44 -76.44 -76.44 -76.47 -76.47 -76.47 -76.50 -76.50 -76.50 -76.50 -76.50 -76.50 -76.53 -76.56 -76.59 -76.62 -76.66 -76.69 -76.72 -76.75 -76.81 -76.84 -76.94 -77.03 -77.09 -77.19 -77.25 -77.31 -77.34 -77.38 -77.41 -77.44 -77.50 -77.53 -77.56 -77.62 -77.69 -77.72
-75.09 -75.12 -75.19 -75.25 -75.28 -75.34 -75.38 -75.38 -75.41 -75.41 -75.44 -75.44 -75.47 -75.47 -75.50 -75.56 -75.62 -75.69 -75.75 -75.81 -75.88 -75.97 -76.03 -76.06 -76.12 -76.19 -76.19 -76.22 -76.25 -76.28 -76.34 -76.38 -76.41 -76.41 -76.44 -76.47 -76.47 -76.50 -76.50 -76.53 -76.53 -76.53 -76.53 -76.53 -76.56 -76.59 -76.62 -76.69 -76.72 -76.75 -76.78 -76.81 -76.81 -76.84 -76.88 -76.94 -77.00 -77.09 -77.16 -77.25 -77.31 -77.34 -77.34 -77.38 -77.41 -77.47 -77.50 -77.56 -77.59 -77.66 -77.69
-75.06 -75.12 -75.19 -75.25 -75.28 -75.34 -75.38 -75.41 -75.41 -75.44 -75.44 -75.44 -75.47 -75.50 -75.53 -75.59 -75.62 -75.69 -75.78 -75.84 -75.91 -75.97 -76.03 -76.06 -76.12 -76.16 -76.19 -76.19 -76.22 -76.28 -76.31 -76.34 -76.38 -76.41 -76.44 -76.47 -76.50 -76.50 -76.53 -76.56 -76.56 -76.56 -76.59 -76.59 -76.62 -76.69 -76.72 -76.78 -76.81 -76.84 -76.88 -76.88 -76.88 -76.88 -76.88 -76.94 -76.97 -77.06 -77.16 -77.22 -77.28 -77.31 -77.34 -77.38 -77.41 -77.44 -77.47 -77.53 -77.56 -77.62 -77.66
-75.03 -75.12 -75.19 -75.25 -75.28 -75.34 -75.38 -75.41 -75.44 -75.44 -75.44 -75.47 -75.47 -75.50 -75.56 -75.59 -75.66 -75.72 -75.78 -75.84 -75.91 -75.97 -76.03 -76.06 -76.09 -76.12 -76.16 -76.16 -76.19 -76.22 -76.28 -76.31 -76.38 -76.41 -76.44 -76.47 -76.50 -76.53 -76.56 -76.59 -76.59 -76.62 -76.66 -76.66 -76.72 -76.75 -76.81 -76.84 -76.91 -76.94 -76.94 -76.94 -76.94 -76.94 -76.91 -76.94 -76.97 -77.03 -77.12 -77.19 -77.25 -77.28 -77.31 -77.34 -77.38 -77.41 -77.44 -77.50 -77.53 -77.59 -77.62
-75.03 -75.12 -75.19 -75.25 -75.28 -75.34 -75.38 -75.41 -75.44 -75.44 -75.47 -75.47 -75.50 -75.53 -75.59 -75.62 -75.69 -75.75 -75.78 -75.84 -75.91 -75.94 -76.00 -76.03 -76.06 -76.09 -76.12 -76.12 -76.12 -76.16 -76.22 -76.28 -76.34 -76.41 -76.44 -76.47 -76.50 -76.53 -76.59 -76.62 -76.66 -76.69 -76.72 -76.75 -76.78 -76.84 -76.88 -76.94 -76.97 -77.00 -77.00 -77.00 -77.00 -76.97 -76.94 -76.94 -76.97 -77.00 -77.06 -77.16 -77.22 -77.25 -77.28 -77.31 -77.31 -77.38 -77.41 -77.47 -77.50 -77.53 -77.56
-75.03 -75.12 -75.19 -75.25 -75.28 -75.34 -75.38 -75.41 -75.44 -75.47 -75.47 -75.50 -75.53 -75.56 -75.59 -75.66 -75.69 -75.75 -75.78 -75.84 -75.88 -75.91 -75.97 -76.00 -76.03 -76.06 -76.06 -76.06 -76.09 -76.12 -76.16 -76.22 -76.31 -76.38 -76.44 -76.50 -76.53 -76.56 -76.59 -76.66 -76.69 -76.72 -76.78 -76.81 -76.84 -76.91 -76.97 -77.00 -77.03 -77.06 -77.06 -77.06 -77.03 -77.00 -76.97 -76.94 -76.94 -76.97 -77.03 -77.09 -77.16 -77.19 -77.22 -77.25 -77.28 -77.31 -77.38 -77.44 -77.47 -77.50 -77.53
