everonasctiles/Tile[5,47].asc
ncols 128
nrows 128
xllcorner 0
yllcorner 0
cellsize 2.0
NODATA_value  -9999
[rows 32 to 63 of 128, columns 0 to 70 of 128]
-35.25 -35.59 -36.00 -36.41 -36.81 -37.22 -37.62 -38.00 -38.38 -38.72 -39.06 -39.44 -39.84 -40.28 -40.81 -41.41 -42.03 -42.66 -43.19 -43.69 -44.16 -44.59 -45.00 -45.34 -45.69 -46.00 -46.28 -46.56 -46.78 -47.00 -47.16 -47.28 -47.41 -47.47 -47.53 -47.59 -47.66 -47.72 -47.75 -47.81 -47.88 -47.91 -47.97 -48.00 -48.03 -48.03 -48.06 -48.06 -48.03 -48.03 -48.00 -47.94 -47.91 -47.84 -47.78 -47.69 -47.59 -47.50 -47.41 -47.31 -47.22 -47.22 -47.41 -47.62 -47.91 -48.19 -48.50 -48.78 -49.03 -49.28 -49.53
-35.16 -35.53 -35.91 -36.31 -36.72 -37.09 -37.47 -37.84 -38.19 -38.53 -38.88 -39.25 -39.69 -40.22 -40.78 -41.41 -42.06 -42.66 -43.19 -43.69 -44.16 -44.56 -44.97 -45.34 -45.69 -46.00 -46.28 -46.53 -46.78 -46.97 -47.16 -47.28 -47.41 -47.50 -47.56 -47.59 -47.66 -47.72 -47.75 -47.81 -47.84 -47.91 -47.97 -48.00 -48.03 -48.03 -48.03 -48.03 -48.03 -48.00 -48.00 -47.94 -47.91 -47.84 -47.78 -47.69 -47.59 -47.50 -47.41 -47.31 -47.22 -47.19 -47.28 -47.50 -47.78 -48.06 -48.34 -48.59 -48.84 -49.12 -49.41
-35.06 -35.44 -35.81 -36.19 -36.56 -36.94 -37.28 -37.66 -38.00 -38.38 -38.81 -39.28 -39.81 -40.38 -40.94 -41.56 -42.12 -42.69 -43.19 -43.69 -44.12 -44.56 -44.97 -45.34 -45.69 -46.00 -46.28 -46.56 -46.78 -47.00 -47.16 -47.31 -47.41 -47.50 -47.56 -47.62 -47.69 -47.72 -47.78 -47.81 -47.88 -47.91 -47.97 -48.00 -48.00 -48.00 -48.00 -48.03 -48.03 -48.00 -47.97 -47.94 -47.88 -47.81 -47.75 -47.69 -47.59 -47.50 -47.41 -47.28 -47.19 -47.12 -47.19 -47.38 -47.62 -47.88 -48.16 -48.41 -48.69 -49.00 -49.31
-34.97 -35.31 -35.66 -36.00 -36.38 -36.72 -37.09 -37.47 -37.88 -38.31 -38.81 -39.34 -39.91 -40.47 -41.03 -41.62 -42.16 -42.69 -43.19 -43.66 -44.12 -44.53 -44.94 -45.31 -45.69 -46.00 -46.31 -46.56 -46.81 -47.00 -47.19 -47.31 -47.44 -47.53 -47.59 -47.66 -47.69 -47.75 -47.78 -47.84 -47.88 -47.91 -47.97 -47.97 -48.00 -48.00 -48.00 -48.00 -48.00 -48.00 -47.97 -47.94 -47.88 -47.81 -47.72 -47.66 -47.56 -47.50 -47.38 -47.25 -47.16 -47.06 -47.03 -47.22 -47.47 -47.72 -47.97 -48.25 -48.56 -48.88 -49.19
-34.84 -35.16 -35.50 -35.81 -36.16 -36.50 -36.88 -37.28 -37.75 -38.25 -38.78 -39.34 -39.94 -40.50 -41.06 -41.62 -42.16 -42.66 -43.16 -43.62 -44.09 -44.53 -44.94 -45.34 -45.69 -46.00 -46.31 -46.56 -46.81 -47.00 -47.19 -47.34 -47.47 -47.53 -47.59 -47.66 -47.72 -47.78 -47.81 -47.84 -47.91 -47.94 -47.94 -47.97 -47.97 -47.97 -47.97 -48.00 -48.00 -47.97 -47.97 -47.91 -47.84 -47.78 -47.69 -47.62 -47.53 -47.44 -47.34 -47.22 -47.09 -46.97 -46.91 -47.03 -47.31 -47.56 -47.81 -48.12 -48.44 -48.75 -49.09
-34.69 -35.00 -35.31 -35.62 -35.91 -36.25 -36.62 -37.06 -37.59 -38.16 -38.72 -39.28 -39.88 -40.44 -41.00 -41.53 -42.06 -42.56 -43.03 -43.53 -44.00 -44.47 -44.91 -45.31 -45.66 -45.97 -46.28 -46.53 -46.78 -47.00 -47.19 -47.31 -47.44 -47.53 -47.59 -47.66 -47.72 -47.78 -47.84 -47.88 -47.91 -47.94 -47.97 -47.97 -47.97 -47.97 -47.97 -47.97 -47.97 -47.97 -47.94 -47.88 -47.81 -47.75 -47.66 -47.56 -47.47 -47.38 -47.28 -47.16 -47.00 -46.91 -46.81 -46.84 -47.09 -47.41 -47.69 -48.00 -48.31 -48.66 -49.00
-34.53 -34.81 -35.09 -35.38 -35.66 -35.94 -36.28 -36.78 -37.34 -38.00 -38.59 -39.19 -39.75 -40.31 -40.88 -41.38 -41.88 -42.38 -42.88 -43.38 -43.88 -44.38 -44.81 -45.19 -45.53 -45.88 -46.16 -46.44 -46.69 -46.94 -47.12 -47.28 -47.38 -47.50 -47.56 -47.66 -47.72 -47.81 -47.84 -47.91 -47.94 -47.94 -47.97 -47.97 -47.97 -47.97 -47.97 -47.97 -47.97 -47.94 -47.91 -47.84 -47.78 -47.69 -47.59 -47.50 -47.41 -47.28 -47.19 -47.06 -46.94 -46.81 -46.72 -46.66 -46.91 -47.28 -47.59 -47.91 -48.25 -48.59 -48.91
-34.38 -34.62 -34.88 -35.12 -35.38 -35.59 -35.91 -36.47 -37.16 -37.81 -38.47 -39.06 -39.62 -40.16 -40.69 -41.19 -41.69 -42.19 -42.69 -43.22 -43.72 -44.19 -44.62 -45.00 -45.34 -45.69 -46.00 -46.31 -46.59 -46.81 -47.00 -47.16 -47.31 -47.44 -47.53 -47.62 -47.72 -47.81 -47.88 -47.91 -47.94 -47.97 -47.97 -48.00 -47.97 -47.97 -47.97 -47.97 -47.97 -47.94 -47.91 -47.84 -47.78 -47.66 -47.56 -47.44 -47.31 -47.19 -47.09 -46.97 -46.84 -46.75 -46.62 -46.56 -46.84 -47.22 -47.53 -47.84 -48.19 -48.50 -48.81
-34.19 -34.44 -34.69 -34.91 -35.12 -35.38 -35.81 -36.41 -37.09 -37.75 -38.34 -38.91 -39.44 -39.97 -40.44 -40.94 -41.44 -41.97 -42.50 -43.00 -43.50 -43.97 -44.38 -44.75 -45.12 -45.50 -45.84 -46.19 -46.44 -46.69 -46.88 -47.06 -47.22 -47.34 -47.50 -47.62 -47.72 -47.81 -47.88 -47.94 -47.97 -48.00 -48.00 -48.00 -48.00 -48.00 -48.00 -47.97 -47.97 -47.94 -47.91 -47.84 -47.75 -47.66 -47.53 -47.41 -47.25 -47.12 -47.00 -46.88 -46.75 -46.66 -46.56 -46.56 -46.84 -47.16 -47.47 -47.78 -48.09 -48.41 -48.69
-34.03 -34.28 -34.53 -34.78 -35.09 -35.47 -35.94 -36.50 -37.06 -37.66 -38.22 -38.75 -39.22 -39.72 -40.19 -40.69 -41.22 -41.78 -42.31 -42.81 -43.28 -43.72 -44.12 -44.53 -44.94 -45.34 -45.69 -46.03 -46.31 -46.53 -46.75 -46.94 -47.12 -47.28 -47.44 -47.59 -47.72 -47.84 -47.91 -47.97 -48.00 -48.03 -48.03 -48.06 -48.06 -48.03 -48.03 -48.00 -48.00 -47.97 -47.94 -47.88 -47.78 -47.66 -47.53 -47.38 -47.22 -47.06 -46.91 -46.78 -46.69 -46.59 -46.50 -46.59 -46.84 -47.12 -47.41 -47.69 -48.00 -48.28 -48.53
-33.88 -34.12 -34.41 -34.72 -35.09 -35.50 -35.97 -36.50 -37.03 -37.56 -38.06 -38.53 -39.00 -39.47 -39.94 -40.50 -41.06 -41.59 -42.12 -42.62 -43.09 -43.50 -43.94 -44.38 -44.78 -45.19 -45.56 -45.88 -46.16 -46.41 -46.62 -46.84 -47.06 -47.25 -47.44 -47.59 -47.75 -47.84 -47.94 -48.00 -48.03 -48.06 -48.09 -48.09 -48.09 -48.09 -48.06 -48.03 -48.03 -48.00 -47.97 -47.91 -47.81 -47.69 -47.53 -47.38 -47.22 -47.03 -46.88 -46.72 -46.62 -46.53 -46.53 -46.69 -46.88 -47.09 -47.34 -47.59 -47.88 -48.12 -48.34
-33.72 -34.00 -34.28 -34.62 -35.03 -35.47 -35.94 -36.44 -36.94 -37.44 -37.91 -38.34 -38.78 -39.25 -39.78 -40.34 -40.91 -41.47 -41.97 -42.44 -42.91 -43.34 -43.78 -44.22 -44.66 -45.06 -45.41 -45.72 -46.03 -46.28 -46.53 -46.78 -47.00 -47.22 -47.44 -47.59 -47.75 -47.88 -47.97 -48.03 -48.06 -48.09 -48.12 -48.12 -48.12 -48.12 -48.09 -48.06 -48.06 -48.03 -47.97 -47.91 -47.81 -47.69 -47.56 -47.41 -47.22 -47.03 -46.88 -46.72 -46.59 -46.53 -46.62 -46.75 -46.91 -47.09 -47.31 -47.53 -47.75 -47.97 -48.16
-33.56 -33.84 -34.16 -34.50 -34.94 -35.38 -35.84 -36.34 -36.81 -37.28 -37.72 -38.16 -38.59 -39.12 -39.66 -40.22 -40.78 -41.31 -41.81 -42.28 -42.75 -43.19 -43.66 -44.09 -44.53 -44.91 -45.28 -45.62 -45.94 -46.22 -46.50 -46.75 -47.00 -47.22 -47.44 -47.59 -47.75 -47.88 -47.97 -48.06 -48.09 -48.12 -48.12 -48.16 -48.16 -48.16 -48.12 -48.12 -48.09 -48.06 -48.00 -47.94 -47.81 -47.69 -47.56 -47.41 -47.22 -47.03 -46.88 -46.75 -46.62 -46.62 -46.69 -46.78 -46.94 -47.12 -47.31 -47.50 -47.66 -47.84 -48.00
-33.38 -33.66 -33.97 -34.34 -34.78 -35.25 -35.72 -36.22 -36.69 -37.12 -37.53 -37.97 -38.47 -38.97 -39.53 -40.09 -40.62 -41.16 -41.66 -42.12 -42.62 -43.06 -43.53 -43.97 -44.41 -44.78 -45.16 -45.50 -45.84 -46.16 -46.44 -46.69 -46.97 -47.19 -47.41 -47.59 -47.75 -47.88 -47.97 -48.03 -48.09 -48.12 -48.16 -48.16 -48.16 -48.16 -48.16 -48.12 -48.09 -48.06 -48.00 -47.91 -47.81 -47.69 -47.53 -47.38 -47.22 -47.06 -46.91 -46.78 -46.69 -46.69 -46.75 -46.84 -46.97 -47.16 -47.31 -47.47 -47.62 -47.75 -47.91
-33.16 -33.44 -33.78 -34.19 -34.62 -35.09 -35.59 -36.06 -36.50 -36.94 -37.34 -37.81 -38.31 -38.84 -39.41 -39.97 -40.50 -41.00 -41.50 -42.00 -42.50 -42.97 -43.44 -43.88 -44.28 -44.69 -45.06 -45.44 -45.75 -46.06 -46.38 -46.62 -46.91 -47.16 -47.38 -47.56 -47.72 -47.84 -47.94 -48.03 -48.09 -48.12 -48.16 -48.19 -48.19 -48.19 -48.19 -48.16 -48.12 -48.06 -48.00 -47.91 -47.81 -47.66 -47.50 -47.34 -47.22 -47.06 -46.94 -46.81 -46.75 -46.72 -46.78 -46.88 -47.03 -47.16 -47.31 -47.47 -47.59 -47.69 -47.81
-32.91 -33.22 -33.59 -33.97 -34.47 -34.94 -35.44 -35.88 -36.31 -36.72 -37.16 -37.62 -38.19 -38.72 -39.28 -39.84 -40.38 -40.91 -41.41 -41.91 -42.41 -42.88 -43.34 -43.78 -44.22 -44.62 -45.00 -45.34 -45.69 -46.00 -46.28 -46.59 -46.84 -47.09 -47.31 -47.50 -47.66 -47.78 -47.91 -48.00 -48.06 -48.12 -48.16 -48.19 -48.19 -48.19 -48.19 -48.16 -48.12 -48.09 -48.00 -47.91 -47.78 -47.66 -47.50 -47.34 -47.19 -47.06 -46.97 -46.88 -46.81 -46.78 -46.81 -46.91 -47.03 -47.19 -47.31 -47.44 -47.56 -47.66 -47.78
-32.69 -33.03 -33.44 -33.84 -34.31 -34.78 -35.25 -35.69 -36.09 -36.53 -37.00 -37.50 -38.06 -38.62 -39.19 -39.75 -40.28 -40.81 -41.34 -41.84 -42.34 -42.84 -43.31 -43.75 -44.19 -44.59 -44.97 -45.31 -45.66 -45.97 -46.25 -46.53 -46.78 -47.03 -47.25 -47.41 -47.56 -47.72 -47.84 -47.94 -48.03 -48.09 -48.12 -48.16 -48.16 -48.16 -48.16 -48.16 -48.12 -48.06 -48.00 -47.91 -47.78 -47.62 -47.50 -47.34 -47.22 -47.12 -47.03 -46.94 -46.88 -46.84 -46.88 -46.94 -47.06 -47.19 -47.31 -47.44 -47.53 -47.66 -47.75
-32.41 -32.84 -33.25 -33.66 -34.16 -34.62 -35.06 -35.50 -35.91 -36.38 -36.88 -37.44 -38.00 -38.56 -39.12 -39.69 -40.22 -40.75 -41.28 -41.81 -42.31 -42.81 -43.28 -43.75 -44.16 -44.56 -44.94 -45.28 -45.59 -45.94 -46.22 -46.47 -46.72 -46.94 -47.12 -47.31 -47.47 -47.62 -47.75 -47.88 -47.97 -48.06 -48.09 -48.12 -48.16 -48.12 -48.12 -48.09 -48.06 -48.03 -47.97 -47.88 -47.75 -47.62 -47.50 -47.38 -47.25 -47.16 -47.09 -47.00 -46.94 -46.88 -46.91 -46.97 -47.06 -47.16 -47.28 -47.41 -47.53 -47.62 -47.72
-32.16 -32.62 -33.09 -33.50 -33.97 -34.44 -34.88 -35.31 -35.78 -36.25 -36.78 -37.34 -37.91 -38.47 -39.06 -39.62 -40.19 -40.72 -41.28 -41.78 -42.31 -42.78 -43.25 -43.69 -44.12 -44.50 -44.88 -45.22 -45.56 -45.88 -46.16 -46.38 -46.59 -46.81 -47.00 -47.16 -47.34 -47.50 -47.69 -47.81 -47.94 -48.03 -48.06 -48.09 -48.09 -48.09 -48.06 -48.06 -48.03 -47.97 -47.94 -47.84 -47.75 -47.62 -47.50 -47.41 -47.31 -47.22 -47.12 -47.06 -47.00 -46.94 -46.94 -46.97 -47.06 -47.16 -47.28 -47.38 -47.50 -47.59 -47.69
-31.94 -32.41 -32.88 -33.34 -33.81 -34.25 -34.69 -35.16 -35.62 -36.16 -36.72 -37.28 -37.84 -38.41 -39.00 -39.56 -40.12 -40.69 -41.22 -41.75 -42.25 -42.72 -43.19 -43.62 -44.03 -44.44 -44.81 -45.16 -45.47 -45.75 -46.00 -46.22 -46.44 -46.62 -46.81 -47.00 -47.22 -47.41 -47.59 -47.75 -47.88 -47.97 -48.03 -48.06 -48.06 -48.03 -48.03 -48.00 -47.97 -47.94 -47.88 -47.81 -47.72 -47.62 -47.53 -47.41 -47.31 -47.25 -47.16 -47.09 -47.03 -46.97 -46.97 -47.00 -47.06 -47.16 -47.25 -47.38 -47.47 -47.56 -47.66
-31.62 -32.16 -32.66 -33.12 -33.66 -34.09 -34.53 -35.00 -35.50 -36.03 -36.59 -37.19 -37.75 -38.34 -38.97 -39.53 -40.12 -40.66 -41.19 -41.69 -42.16 -42.66 -43.09 -43.53 -43.97 -44.34 -44.72 -45.03 -45.34 -45.59 -45.84 -46.03 -46.22 -46.41 -46.62 -46.84 -47.09 -47.31 -47.50 -47.69 -47.81 -47.91 -47.97 -48.00 -48.00 -47.97 -47.94 -47.91 -47.88 -47.84 -47.81 -47.75 -47.69 -47.59 -47.50 -47.44 -47.34 -47.25 -47.19 -47.09 -47.03 -47.00 -46.97 -47.03 -47.06 -47.16 -47.25 -47.34 -47.44 -47.53 -47.62
-31.50 -31.97 -32.56 -33.03 -33.47 -33.91 -34.34 -34.81 -35.34 -35.91 -36.47 -37.09 -37.69 -38.31 -38.91 -39.50 -40.06 -40.59 -41.09 -41.59 -42.06 -42.56 -43.00 -43.44 -43.88 -44.25 -44.59 -44.91 -45.16 -45.41 -45.62 -45.81 -46.00 -46.19 -46.44 -46.72 -46.97 -47.22 -47.44 -47.62 -47.75 -47.84 -47.91 -47.94 -47.94 -47.91 -47.88 -47.84 -47.78 -47.75 -47.72 -47.69 -47.62 -47.56 -47.50 -47.41 -47.31 -47.25 -47.16 -47.09 -47.03 -47.00 -47.00 -47.03 -47.09 -47.16 -47.22 -47.31 -47.41 -47.47 -47.56
-31.53 -31.94 -32.41 -32.84 -33.28 -33.72 -34.19 -34.69 -35.22 -35.78 -36.41 -37.00 -37.62 -38.25 -38.84 -39.41 -39.94 -40.47 -40.97 -41.47 -41.97 -42.47 -42.91 -43.34 -43.75 -44.09 -44.41 -44.69 -44.94 -45.16 -45.38 -45.56 -45.75 -46.03 -46.31 -46.59 -46.88 -47.12 -47.34 -47.53 -47.66 -47.75 -47.81 -47.84 -47.84 -47.81 -47.78 -47.75 -47.69 -47.66 -47.62 -47.59 -47.56 -47.50 -47.44 -47.38 -47.31 -47.22 -47.16 -47.09 -47.03 -47.00 -47.03 -47.06 -47.09 -47.16 -47.22 -47.28 -47.34 -47.44 -47.50
-31.53 -31.88 -32.25 -32.69 -33.12 -33.53 -34.09 -34.66 -35.22 -35.78 -36.38 -36.97 -37.56 -38.16 -38.72 -39.25 -39.78 -40.31 -40.84 -41.34 -41.84 -42.34 -42.78 -43.19 -43.56 -43.91 -44.22 -44.47 -44.69 -44.91 -45.12 -45.31 -45.59 -45.88 -46.19 -46.50 -46.78 -47.03 -47.25 -47.44 -47.56 -47.66 -47.72 -47.75 -47.75 -47.72 -47.69 -47.62 -47.59 -47.53 -47.50 -47.47 -47.44 -47.41 -47.38 -47.31 -47.25 -47.19 -47.12 -47.06 -47.03 -47.03 -47.03 -47.06 -47.12 -47.16 -47.22 -47.25 -47.31 -47.38 -47.44
-31.47 -31.78 -32.19 -32.59 -33.00 -33.53 -34.06 -34.66 -35.22 -35.78 -36.34 -36.91 -37.47 -38.00 -38.56 -39.09 -39.62 -40.16 -40.69 -41.19 -41.69 -42.16 -42.59 -43.00 -43.38 -43.69 -43.94 -44.19 -44.41 -44.62 -44.88 -45.16 -45.44 -45.75 -46.09 -46.41 -46.69 -46.94 -47.16 -47.31 -47.44 -47.53 -47.59 -47.62 -47.66 -47.62 -47.59 -47.53 -47.47 -47.41 -47.38 -47.34 -47.34 -47.31 -47.28 -47.25 -47.19 -47.16 -47.09 -47.06 -47.03 -47.03 -47.06 -47.09 -47.12 -47.16 -47.19 -47.25 -47.28 -47.34 -47.38
-31.53 -31.91 -32.28 -32.66 -33.06 -33.59 -34.16 -34.66 -35.19 -35.72 -36.25 -36.78 -37.31 -37.84 -38.34 -38.88 -39.41 -39.94 -40.50 -41.00 -41.50 -41.97 -42.38 -42.75 -43.09 -43.41 -43.66 -43.91 -44.16 -44.41 -44.69 -45.00 -45.34 -45.66 -45.97 -46.28 -46.56 -46.81 -47.00 -47.16 -47.28 -47.41 -47.47 -47.50 -47.53 -47.50 -47.47 -47.41 -47.34 -47.28 -47.25 -47.22 -47.22 -47.22 -47.19 -47.16 -47.12 -47.09 -47.06 -47.03 -47.03 -47.03 -47.06 -47.09 -47.12 -47.16 -47.19 -47.22 -47.25 -47.28 -47.31
-31.53 -31.91 -32.31 -32.75 -33.19 -33.69 -34.16 -34.66 -35.16 -35.66 -36.16 -36.66 -37.16 -37.62 -38.16 -38.66 -39.19 -39.72 -40.25 -40.78 -41.25 -41.69 -42.12 -42.50 -42.81 -43.09 -43.34 -43.62 -43.91 -44.22 -44.56 -44.88 -45.22 -45.56 -45.88 -46.16 -46.44 -46.66 -46.84 -47.00 -47.12 -47.25 -47.31 -47.38 -47.38 -47.38 -47.31 -47.28 -47.22 -47.16 -47.12 -47.12 -47.12 -47.12 -47.12 -47.09 -47.06 -47.03 -47.03 -47.00 -47.00 -47.03 -47.03 -47.06 -47.09 -47.12 -47.16 -47.19 -47.22 -47.22 -47.25
-31.47 -31.81 -32.28 -32.78 -33.22 -33.66 -34.12 -34.56 -35.03 -35.50 -36.00 -36.47 -36.94 -37.44 -37.91 -38.44 -38.97 -39.50 -40.03 -40.50 -40.97 -41.44 -41.84 -42.19 -42.50 -42.78 -43.06 -43.38 -43.72 -44.06 -44.41 -44.75 -45.09 -45.44 -45.75 -46.03 -46.25 -46.47 -46.66 -46.81 -46.97 -47.06 -47.16 -47.22 -47.22 -47.22 -47.19 -47.12 -47.06 -47.03 -47.00 -47.00 -47.03 -47.03 -47.03 -47.03 -47.03 -47.00 -47.00 -47.00 -47.00 -47.00 -47.03 -47.03 -47.06 -47.09 -47.12 -47.12 -47.16 -47.19 -47.19
-31.44 -31.75 -32.22 -32.72 -33.16 -33.59 -34.00 -34.44 -34.91 -35.34 -35.81 -36.25 -36.72 -37.19 -37.69 -38.22 -38.72 -39.25 -39.75 -40.25 -40.72 -41.16 -41.53 -41.91 -42.19 -42.50 -42.81 -43.16 -43.53 -43.91 -44.25 -44.62 -44.97 -45.28 -45.59 -45.84 -46.06 -46.25 -46.44 -46.62 -46.78 -46.91 -46.97 -47.03 -47.06 -47.03 -47.00 -46.97 -46.91 -46.91 -46.91 -46.91 -46.94 -46.97 -46.97 -46.97 -46.97 -46.97 -46.97 -46.97 -46.97 -46.97 -47.00 -47.00 -47.03 -47.03 -47.06 -47.09 -47.09 -47.12 -47.12
-31.34 -31.69 -32.12 -32.59 -33.03 -33.47 -33.88 -34.31 -34.72 -35.16 -35.59 -36.06 -36.53 -37.00 -37.50 -38.00 -38.50 -39.00 -39.50 -39.97 -40.44 -40.88 -41.25 -41.59 -41.91 -42.22 -42.59 -42.97 -43.34 -43.72 -44.09 -44.47 -44.81 -45.12 -45.41 -45.66 -45.84 -46.06 -46.25 -46.41 -46.59 -46.72 -46.78 -46.84 -46.84 -46.84 -46.81 -46.78 -46.78 -46.78 -46.78 -46.84 -46.88 -46.91 -46.94 -46.94 -46.94 -46.94 -46.94 -46.94 -46.94 -46.94 -46.94 -46.94 -46.97 -46.97 -47.00 -47.03 -47.06 -47.06 -47.06
-31.09 -31.47 -31.91 -32.41 -32.88 -33.31 -33.75 -34.16 -34.56 -35.00 -35.44 -35.88 -36.34 -36.84 -37.31 -37.81 -38.31 -38.78 -39.25 -39.72 -40.16 -40.59 -40.97 -41.28 -41.62 -41.97 -42.34 -42.72 -43.12 -43.50 -43.91 -44.28 -44.62 -44.94 -45.19 -45.44 -45.62 -45.81 -46.03 -46.22 -46.38 -46.50 -46.59 -46.62 -46.62 -46.62 -46.62 -46.59 -46.62 -46.66 -46.69 -46.75 -46.81 -46.84 -46.88 -46.88 -46.91 -46.91 -46.88 -46.88 -46.88 -46.88 -46.88 -46.88 -46.91 -46.91 -46.94 -46.97 -47.00 -47.03 -47.03
-30.84 -31.31 -31.75 -32.22 -32.72 -33.19 -33.59 -34.03 -34.44 -34.88 -35.31 -35.78 -36.25 -36.72 -37.19 -37.66 -38.12 -38.59 -39.03 -39.47 -39.88 -40.28 -40.62 -40.94 -41.31 -41.69 -42.09 -42.50 -42.91 -43.31 -43.72 -44.09 -44.44 -44.72 -44.97 -45.19 -45.41 -45.59 -45.78 -45.97 -46.16 -46.28 -46.34 -46.41 -46.41 -46.41 -46.41 -46.41 -46.47 -46.53 -46.59 -46.66 -46.72 -46.75 -46.81 -46.81 -46.84 -46.84 -46.84 -46.81 -46.81 -46.81 -46.81 -46.81 -46.84 -46.84 -46.88 -46.91 -46.94 -46.97 -46.97
