everonasctiles/Tile44,34.asc
ncols 128
nrows 128
xllcorner 0
yllcorner 0
cellsize 2.0
NODATA_value  -9999
[rows 32 to 63 of 128, columns 0 to 70 of 128]
-31.69 -31.88 -32.06 -32.22 -32.41 -32.56 -32.72 -32.91 -33.06 -33.22 -33.38 -33.53 -33.66 -33.78 -33.91 -34.03 -34.19 -34.38 -34.56 -34.72 -34.91 -35.09 -35.28 -35.44 -35.59 -35.75 -35.91 -36.03 -36.16 -36.28 -36.41 -36.50 -36.62 -36.75 -36.88 -37.03 -37.19 -37.34 -37.50 -37.66 -37.81 -37.94 -38.12 -38.28 -38.44 -38.59 -38.75 -38.88 -39.00 -39.09 -39.19 -39.25 -39.31 -39.34 -39.38 -39.44 -39.50 -39.59 -39.72 -39.88 -40.06 -40.25 -40.41 -40.56 -40.72 -40.84 -40.94 -41.06 -41.19 -41.31 -41.44
-31.66 -31.84 -32.03 -32.19 -32.34 -32.50 -32.66 -32.81 -33.00 -33.12 -33.28 -33.44 -33.56 -33.69 -33.81 -33.97 -34.12 -34.31 -34.50 -34.69 -34.88 -35.06 -35.22 -35.41 -35.56 -35.72 -35.84 -35.97 -36.09 -36.22 -36.31 -36.41 -36.53 -36.66 -36.78 -36.94 -37.06 -37.22 -37.38 -37.53 -37.72 -37.88 -38.03 -38.22 -38.38 -38.53 -38.69 -38.81 -38.91 -39.00 -39.09 -39.16 -39.19 -39.22 -39.28 -39.31 -39.38 -39.50 -39.62 -39.75 -39.94 -40.09 -40.25 -40.41 -40.53 -40.66 -40.75 -40.88 -41.03 -41.19 -41.34
-31.59 -31.78 -31.97 -32.12 -32.28 -32.44 -32.59 -32.75 -32.91 -33.06 -33.19 -33.34 -33.50 -33.62 -33.78 -33.94 -34.12 -34.31 -34.50 -34.69 -34.88 -35.03 -35.22 -35.34 -35.50 -35.66 -35.78 -35.91 -36.00 -36.12 -36.22 -36.31 -36.44 -36.53 -36.69 -36.81 -36.97 -37.09 -37.25 -37.44 -37.59 -37.78 -37.97 -38.12 -38.31 -38.47 -38.59 -38.72 -38.81 -38.91 -38.97 -39.03 -39.09 -39.12 -39.16 -39.22 -39.28 -39.38 -39.50 -39.62 -39.78 -39.94 -40.09 -40.25 -40.38 -40.47 -40.59 -40.75 -40.91 -41.09 -41.25
-31.53 -31.72 -31.91 -32.06 -32.22 -32.38 -32.53 -32.66 -32.81 -32.97 -33.12 -33.28 -33.47 -33.66 -33.81 -34.00 -34.19 -34.34 -34.53 -34.72 -34.88 -35.03 -35.19 -35.34 -35.47 -35.59 -35.72 -35.81 -35.94 -36.03 -36.16 -36.25 -36.34 -36.47 -36.56 -36.69 -36.84 -37.00 -37.16 -37.31 -37.50 -37.69 -37.88 -38.06 -38.22 -38.38 -38.50 -38.62 -38.72 -38.81 -38.88 -38.94 -38.97 -39.00 -39.03 -39.09 -39.19 -39.28 -39.41 -39.53 -39.69 -39.81 -39.97 -40.09 -40.22 -40.34 -40.50 -40.66 -40.81 -41.00 -41.12
-31.47 -31.66 -31.81 -31.97 -32.12 -32.28 -32.44 -32.59 -32.75 -32.94 -33.09 -33.28 -33.47 -33.69 -33.88 -34.06 -34.25 -34.44 -34.59 -34.75 -34.91 -35.06 -35.19 -35.31 -35.44 -35.56 -35.69 -35.78 -35.91 -36.00 -36.09 -36.19 -36.28 -36.41 -36.50 -36.62 -36.75 -36.88 -37.06 -37.22 -37.44 -37.62 -37.81 -37.97 -38.16 -38.28 -38.41 -38.53 -38.62 -38.72 -38.78 -38.84 -38.88 -38.91 -38.94 -39.00 -39.09 -39.19 -39.31 -39.44 -39.59 -39.72 -39.88 -40.00 -40.12 -40.25 -40.41 -40.56 -40.75 -40.91 -41.03
-31.38 -31.56 -31.75 -31.88 -32.03 -32.19 -32.38 -32.56 -32.72 -32.91 -33.09 -33.28 -33.50 -33.72 -33.94 -34.16 -34.34 -34.50 -34.69 -34.81 -34.97 -35.09 -35.22 -35.34 -35.47 -35.56 -35.69 -35.78 -35.88 -36.00 -36.09 -36.19 -36.28 -36.38 -36.47 -36.56 -36.69 -36.84 -37.00 -37.19 -37.38 -37.56 -37.75 -37.94 -38.09 -38.22 -38.34 -38.47 -38.56 -38.62 -38.69 -38.75 -38.78 -38.81 -38.84 -38.91 -39.00 -39.12 -39.25 -39.38 -39.50 -39.62 -39.78 -39.91 -40.03 -40.19 -40.31 -40.47 -40.62 -40.75 -40.88
-31.28 -31.50 -31.69 -31.84 -32.00 -32.16 -32.34 -32.56 -32.75 -32.94 -33.12 -33.34 -33.56 -33.78 -34.00 -34.19 -34.41 -34.59 -34.75 -34.91 -35.03 -35.16 -35.28 -35.38 -35.50 -35.59 -35.69 -35.81 -35.91 -36.00 -36.12 -36.22 -36.31 -36.38 -36.47 -36.56 -36.69 -36.81 -36.97 -37.16 -37.34 -37.53 -37.72 -37.91 -38.06 -38.19 -38.31 -38.41 -38.50 -38.56 -38.62 -38.66 -38.69 -38.72 -38.75 -38.84 -38.94 -39.06 -39.16 -39.28 -39.44 -39.56 -39.69 -39.81 -39.97 -40.09 -40.22 -40.34 -40.50 -40.59 -40.69
-31.22 -31.44 -31.62 -31.84 -32.03 -32.22 -32.44 -32.62 -32.84 -33.03 -33.22 -33.44 -33.62 -33.84 -34.06 -34.25 -34.47 -34.66 -34.81 -34.97 -35.09 -35.22 -35.31 -35.44 -35.53 -35.62 -35.75 -35.84 -35.94 -36.06 -36.16 -36.25 -36.34 -36.44 -36.50 -36.59 -36.69 -36.81 -36.97 -37.12 -37.31 -37.50 -37.69 -37.88 -38.03 -38.16 -38.28 -38.38 -38.44 -38.50 -38.53 -38.56 -38.59 -38.62 -38.69 -38.75 -38.84 -38.97 -39.09 -39.22 -39.34 -39.47 -39.59 -39.72 -39.84 -39.97 -40.09 -40.22 -40.31 -40.44 -40.50
-31.16 -31.47 -31.69 -31.94 -32.12 -32.34 -32.50 -32.72 -32.94 -33.16 -33.34 -33.53 -33.75 -33.94 -34.12 -34.31 -34.53 -34.69 -34.88 -35.03 -35.16 -35.28 -35.38 -35.47 -35.56 -35.66 -35.75 -35.88 -35.97 -36.09 -36.19 -36.28 -36.38 -36.47 -36.56 -36.62 -36.72 -36.84 -36.97 -37.12 -37.31 -37.50 -37.69 -37.84 -38.00 -38.12 -38.22 -38.31 -38.38 -38.41 -38.44 -38.47 -38.50 -38.53 -38.59 -38.66 -38.75 -38.88 -39.00 -39.12 -39.25 -39.38 -39.50 -39.62 -39.72 -39.84 -39.94 -40.06 -40.16 -40.22 -40.31
-31.19 -31.56 -31.81 -32.03 -32.22 -32.47 -32.66 -32.88 -33.06 -33.28 -33.47 -33.66 -33.84 -34.03 -34.22 -34.41 -34.59 -34.75 -34.91 -35.06 -35.19 -35.31 -35.41 -35.50 -35.59 -35.69 -35.78 -35.91 -36.00 -36.09 -36.22 -36.31 -36.44 -36.53 -36.59 -36.69 -36.78 -36.88 -37.00 -37.12 -37.28 -37.47 -37.66 -37.81 -37.97 -38.06 -38.19 -38.25 -38.28 -38.34 -38.34 -38.38 -38.41 -38.44 -38.50 -38.56 -38.66 -38.75 -38.88 -39.00 -39.12 -39.25 -39.38 -39.47 -39.59 -39.69 -39.78 -39.88 -39.94 -40.03 -40.12
-31.19 -31.62 -31.91 -32.19 -32.41 -32.62 -32.81 -33.03 -33.22 -33.41 -33.59 -33.78 -33.97 -34.16 -34.31 -34.50 -34.66 -34.81 -34.97 -35.09 -35.22 -35.34 -35.44 -35.53 -35.62 -35.72 -35.81 -35.91 -36.03 -36.12 -36.25 -36.34 -36.47 -36.56 -36.66 -36.75 -36.84 -36.94 -37.03 -37.16 -37.28 -37.44 -37.62 -37.75 -37.91 -38.00 -38.09 -38.19 -38.22 -38.25 -38.28 -38.28 -38.31 -38.34 -38.38 -38.47 -38.56 -38.66 -38.78 -38.91 -39.03 -39.12 -39.25 -39.34 -39.44 -39.50 -39.59 -39.69 -39.75 -39.84 -39.94
-31.28 -31.72 -32.06 -32.31 -32.56 -32.78 -32.97 -33.19 -33.34 -33.53 -33.72 -33.91 -34.09 -34.25 -34.41 -34.56 -34.72 -34.84 -35.00 -35.12 -35.25 -35.34 -35.47 -35.56 -35.62 -35.72 -35.84 -35.94 -36.03 -36.16 -36.25 -36.38 -36.50 -36.59 -36.69 -36.78 -36.88 -36.97 -37.09 -37.19 -37.31 -37.44 -37.59 -37.72 -37.84 -37.94 -38.03 -38.09 -38.16 -38.19 -38.19 -38.22 -38.22 -38.25 -38.31 -38.38 -38.47 -38.56 -38.69 -38.81 -38.91 -39.03 -39.09 -39.19 -39.25 -39.34 -39.41 -39.50 -39.56 -39.69 -39.78
-31.41 -31.81 -32.16 -32.44 -32.69 -32.91 -33.12 -33.31 -33.50 -33.66 -33.84 -34.00 -34.19 -34.34 -34.50 -34.62 -34.75 -34.91 -35.03 -35.12 -35.25 -35.34 -35.44 -35.53 -35.62 -35.75 -35.84 -35.94 -36.06 -36.16 -36.28 -36.41 -36.50 -36.62 -36.72 -36.81 -36.94 -37.03 -37.12 -37.22 -37.34 -37.47 -37.59 -37.69 -37.81 -37.91 -38.00 -38.06 -38.09 -38.12 -38.16 -38.16 -38.16 -38.19 -38.22 -38.31 -38.38 -38.50 -38.59 -38.72 -38.81 -38.91 -38.97 -39.06 -39.12 -39.19 -39.25 -39.31 -39.44 -39.56 -39.69
-31.44 -31.88 -32.22 -32.50 -32.75 -33.00 -33.22 -33.41 -33.59 -33.78 -33.94 -34.12 -34.28 -34.41 -34.56 -34.69 -34.81 -34.91 -35.03 -35.12 -35.25 -35.34 -35.44 -35.53 -35.62 -35.72 -35.81 -35.94 -36.03 -36.16 -36.28 -36.41 -36.53 -36.62 -36.75 -36.84 -36.94 -37.03 -37.16 -37.25 -37.38 -37.47 -37.59 -37.69 -37.78 -37.88 -37.94 -38.00 -38.06 -38.09 -38.12 -38.12 -38.12 -38.16 -38.19 -38.25 -38.34 -38.44 -38.53 -38.62 -38.72 -38.81 -38.88 -38.94 -39.00 -39.03 -39.09 -39.19 -39.34 -39.47 -39.62
-31.59 -31.94 -32.28 -32.56 -32.81 -33.06 -33.28 -33.50 -33.69 -33.88 -34.03 -34.19 -34.34 -34.47 -34.59 -34.72 -34.81 -34.94 -35.03 -35.12 -35.22 -35.31 -35.41 -35.50 -35.59 -35.69 -35.78 -35.91 -36.03 -36.16 -36.28 -36.41 -36.53 -36.66 -36.75 -36.84 -36.94 -37.03 -37.12 -37.22 -37.34 -37.47 -37.56 -37.69 -37.78 -37.84 -37.94 -38.00 -38.03 -38.09 -38.09 -38.12 -38.12 -38.16 -38.19 -38.22 -38.28 -38.38 -38.47 -38.56 -38.66 -38.72 -38.81 -38.88 -38.91 -38.97 -39.06 -39.16 -39.31 -39.47 -39.62
-31.69 -31.94 -32.31 -32.56 -32.88 -33.12 -33.34 -33.56 -33.75 -33.94 -34.09 -34.25 -34.41 -34.53 -34.62 -34.75 -34.84 -34.94 -35.03 -35.12 -35.19 -35.28 -35.34 -35.44 -35.56 -35.66 -35.78 -35.91 -36.03 -36.16 -36.28 -36.41 -36.53 -36.62 -36.75 -36.81 -36.91 -37.00 -37.09 -37.19 -37.31 -37.44 -37.56 -37.66 -37.75 -37.84 -37.94 -38.00 -38.06 -38.09 -38.16 -38.19 -38.19 -38.19 -38.19 -38.22 -38.28 -38.34 -38.44 -38.53 -38.62 -38.72 -38.81 -38.88 -38.97 -39.03 -39.12 -39.22 -39.34 -39.50 -39.66
-31.69 -31.97 -32.31 -32.66 -32.94 -33.16 -33.41 -33.59 -33.81 -33.97 -34.12 -34.28 -34.41 -34.53 -34.62 -34.72 -34.84 -34.94 -35.00 -35.09 -35.16 -35.22 -35.28 -35.38 -35.50 -35.59 -35.72 -35.88 -36.00 -36.12 -36.25 -36.38 -36.50 -36.59 -36.69 -36.78 -36.84 -36.94 -37.03 -37.16 -37.28 -37.41 -37.53 -37.66 -37.75 -37.84 -37.94 -38.00 -38.06 -38.12 -38.19 -38.22 -38.22 -38.25 -38.25 -38.25 -38.31 -38.38 -38.47 -38.56 -38.66 -38.78 -38.88 -38.97 -39.06 -39.16 -39.22 -39.31 -39.41 -39.53 -39.72
-31.78 -32.09 -32.44 -32.72 -32.97 -33.22 -33.44 -33.62 -33.81 -33.97 -34.12 -34.25 -34.38 -34.50 -34.59 -34.72 -34.81 -34.91 -34.97 -35.03 -35.06 -35.12 -35.19 -35.28 -35.41 -35.53 -35.66 -35.81 -35.94 -36.06 -36.22 -36.31 -36.44 -36.53 -36.59 -36.69 -36.78 -36.88 -36.97 -37.09 -37.25 -37.38 -37.50 -37.62 -37.75 -37.84 -37.94 -38.03 -38.09 -38.16 -38.22 -38.25 -38.28 -38.28 -38.31 -38.31 -38.34 -38.41 -38.50 -38.62 -38.72 -38.84 -38.94 -39.06 -39.16 -39.28 -39.34 -39.44 -39.50 -39.62 -39.78
-31.75 -32.12 -32.44 -32.75 -33.00 -33.22 -33.44 -33.62 -33.78 -33.94 -34.09 -34.22 -34.34 -34.44 -34.56 -34.66 -34.75 -34.84 -34.91 -34.94 -34.97 -35.03 -35.09 -35.19 -35.28 -35.44 -35.56 -35.69 -35.84 -35.97 -36.12 -36.22 -36.31 -36.41 -36.50 -36.59 -36.69 -36.81 -36.94 -37.06 -37.22 -37.34 -37.47 -37.62 -37.72 -37.84 -37.94 -38.03 -38.12 -38.19 -38.25 -38.31 -38.34 -38.38 -38.38 -38.41 -38.44 -38.50 -38.59 -38.69 -38.81 -38.94 -39.06 -39.19 -39.28 -39.41 -39.50 -39.56 -39.62 -39.72 -39.88
-31.53 -32.03 -32.38 -32.69 -32.97 -33.19 -33.41 -33.56 -33.75 -33.88 -34.00 -34.12 -34.25 -34.34 -34.47 -34.59 -34.69 -34.75 -34.78 -34.81 -34.84 -34.91 -34.97 -35.06 -35.16 -35.28 -35.44 -35.56 -35.72 -35.88 -36.00 -36.09 -36.19 -36.28 -36.38 -36.50 -36.62 -36.75 -36.88 -37.00 -37.16 -37.31 -37.44 -37.56 -37.72 -37.81 -37.94 -38.06 -38.16 -38.25 -38.31 -38.38 -38.44 -38.47 -38.47 -38.50 -38.53 -38.59 -38.69 -38.78 -38.94 -39.06 -39.19 -39.28 -39.41 -39.53 -39.62 -39.72 -39.78 -39.88 -40.00
-31.34 -31.91 -32.25 -32.59 -32.88 -33.12 -33.31 -33.50 -33.66 -33.78 -33.91 -34.00 -34.12 -34.25 -34.38 -34.47 -34.56 -34.62 -34.66 -34.69 -34.72 -34.75 -34.81 -34.88 -35.00 -35.12 -35.28 -35.44 -35.59 -35.72 -35.88 -35.97 -36.06 -36.16 -36.28 -36.41 -36.53 -36.66 -36.81 -36.97 -37.09 -37.25 -37.41 -37.53 -37.69 -37.81 -37.94 -38.06 -38.19 -38.28 -38.38 -38.47 -38.50 -38.56 -38.59 -38.62 -38.66 -38.72 -38.78 -38.91 -39.03 -39.16 -39.31 -39.41 -39.53 -39.66 -39.75 -39.84 -39.94 -40.00 -40.12
-31.34 -31.69 -32.19 -32.50 -32.78 -33.00 -33.22 -33.38 -33.53 -33.62 -33.75 -33.84 -33.97 -34.09 -34.22 -34.31 -34.41 -34.47 -34.50 -34.53 -34.56 -34.56 -34.62 -34.72 -34.84 -34.97 -35.12 -35.28 -35.44 -35.59 -35.75 -35.84 -35.94 -36.06 -36.19 -36.31 -36.44 -36.59 -36.75 -36.91 -37.03 -37.19 -37.34 -37.50 -37.62 -37.78 -37.94 -38.06 -38.22 -38.31 -38.44 -38.53 -38.59 -38.66 -38.69 -38.72 -38.75 -38.81 -38.91 -39.03 -39.16 -39.28 -39.41 -39.53 -39.66 -39.75 -39.88 -39.97 -40.06 -40.16 -40.25
-31.16 -31.59 -32.03 -32.41 -32.66 -32.91 -33.09 -33.25 -33.38 -33.47 -33.56 -33.66 -33.78 -33.91 -34.03 -34.16 -34.22 -34.31 -34.34 -34.38 -34.38 -34.38 -34.44 -34.53 -34.66 -34.81 -34.97 -35.16 -35.31 -35.47 -35.62 -35.72 -35.84 -35.97 -36.09 -36.22 -36.38 -36.53 -36.66 -36.81 -36.97 -37.12 -37.28 -37.44 -37.59 -37.75 -37.91 -38.06 -38.22 -38.34 -38.47 -38.59 -38.66 -38.75 -38.78 -38.81 -38.88 -38.94 -39.03 -39.12 -39.25 -39.38 -39.50 -39.62 -39.75 -39.84 -39.97 -40.06 -40.16 -40.25 -40.38
-31.19 -31.62 -31.97 -32.28 -32.56 -32.78 -32.97 -33.09 -33.19 -33.25 -33.34 -33.44 -33.56 -33.69 -33.81 -33.94 -34.03 -34.09 -34.16 -34.19 -34.19 -34.19 -34.25 -34.34 -34.50 -34.66 -34.84 -35.03 -35.19 -35.34 -35.50 -35.62 -35.72 -35.88 -36.00 -36.16 -36.28 -36.44 -36.59 -36.75 -36.88 -37.03 -37.22 -37.38 -37.56 -37.72 -37.91 -38.06 -38.22 -38.38 -38.50 -38.62 -38.72 -38.81 -38.88 -38.91 -38.97 -39.03 -39.12 -39.25 -39.34 -39.47 -39.59 -39.72 -39.81 -39.94 -40.03 -40.16 -40.25 -40.34 -40.44
-31.19 -31.56 -31.88 -32.16 -32.44 -32.62 -32.78 -32.91 -32.97 -33.03 -33.12 -33.22 -33.34 -33.47 -33.59 -33.72 -33.81 -33.91 -33.97 -34.00 -34.00 -34.00 -34.06 -34.16 -34.34 -34.53 -34.72 -34.91 -35.09 -35.25 -35.38 -35.50 -35.62 -35.75 -35.91 -36.06 -36.19 -36.34 -36.50 -36.66 -36.81 -36.97 -37.16 -37.34 -37.53 -37.72 -37.88 -38.06 -38.25 -38.41 -38.53 -38.66 -38.78 -38.88 -38.94 -39.00 -39.06 -39.12 -39.22 -39.34 -39.44 -39.56 -39.69 -39.78 -39.91 -40.00 -40.09 -40.19 -40.28 -40.41 -40.50
-31.16 -31.47 -31.75 -32.03 -32.28 -32.47 -32.59 -32.69 -32.75 -32.81 -32.88 -33.00 -33.12 -33.25 -33.38 -33.50 -33.59 -33.69 -33.75 -33.78 -33.81 -33.81 -33.91 -34.03 -34.22 -34.41 -34.59 -34.78 -34.97 -35.09 -35.22 -35.34 -35.47 -35.62 -35.78 -35.94 -36.09 -36.25 -36.41 -36.56 -36.75 -36.94 -37.12 -37.34 -37.53 -37.72 -37.91 -38.09 -38.25 -38.44 -38.56 -38.69 -38.81 -38.94 -39.00 -39.06 -39.12 -39.22 -39.31 -39.41 -39.53 -39.62 -39.75 -39.84 -39.97 -40.06 -40.16 -40.25 -40.31 -40.41 -40.50
-31.12 -31.38 -31.62 -31.88 -32.09 -32.25 -32.38 -32.44 -32.50 -32.56 -32.66 -32.75 -32.88 -33.00 -33.16 -33.28 -33.38 -33.47 -33.53 -33.59 -33.59 -33.66 -33.78 -33.94 -34.12 -34.31 -34.50 -34.69 -34.81 -34.97 -35.06 -35.19 -35.34 -35.50 -35.69 -35.84 -35.97 -36.12 -36.28 -36.47 -36.69 -36.91 -37.12 -37.34 -37.56 -37.75 -37.97 -38.16 -38.31 -38.47 -38.59 -38.72 -38.84 -38.94 -39.03 -39.09 -39.19 -39.28 -39.38 -39.47 -39.59 -39.69 -39.78 -39.91 -40.00 -40.09 -40.16 -40.25 -40.34 -40.44 -40.50
-31.06 -31.31 -31.53 -31.75 -31.91 -32.03 -32.12 -32.19 -32.25 -32.34 -32.44 -32.53 -32.69 -32.81 -32.94 -33.06 -33.19 -33.28 -33.34 -33.38 -33.44 -33.53 -33.66 -33.84 -34.03 -34.22 -34.38 -34.53 -34.69 -34.81 -34.91 -35.06 -35.22 -35.38 -35.56 -35.72 -35.84 -36.00 -36.19 -36.41 -36.62 -36.88 -37.12 -37.34 -37.59 -37.81 -38.00 -38.19 -38.38 -38.53 -38.66 -38.78 -38.88 -38.97 -39.06 -39.12 -39.22 -39.31 -39.41 -39.53 -39.62 -39.72 -39.81 -39.91 -40.00 -40.09 -40.16 -40.25 -40.31 -40.41 -40.50
-30.94 -31.16 -31.38 -31.53 -31.69 -31.81 -31.88 -31.88 -31.94 -32.06 -32.22 -32.34 -32.50 -32.62 -32.78 -32.91 -33.00 -33.06 -33.12 -33.19 -33.28 -33.41 -33.56 -33.75 -33.94 -34.09 -34.25 -34.41 -34.53 -34.62 -34.78 -34.91 -35.09 -35.25 -35.44 -35.59 -35.72 -35.91 -36.09 -36.34 -36.59 -36.84 -37.09 -37.34 -37.59 -37.84 -38.06 -38.25 -38.44 -38.59 -38.72 -38.81 -38.91 -39.00 -39.06 -39.12 -39.22 -39.31 -39.44 -39.53 -39.66 -39.75 -39.81 -39.91 -39.97 -40.06 -40.12 -40.22 -40.31 -40.41 -40.50
-30.88 -31.00 -31.19 -31.19 -31.31 -31.50 -31.59 -31.62 -31.75 -31.91 -32.03 -32.16 -32.31 -32.47 -32.59 -32.72 -32.81 -32.88 -32.94 -33.03 -33.16 -33.28 -33.47 -33.62 -33.81 -33.97 -34.12 -34.25 -34.34 -34.47 -34.62 -34.78 -34.97 -35.12 -35.28 -35.47 -35.62 -35.81 -36.03 -36.28 -36.53 -36.81 -37.09 -37.34 -37.62 -37.88 -38.09 -38.31 -38.50 -38.66 -38.78 -38.88 -38.94 -39.03 -39.09 -39.16 -39.22 -39.31 -39.44 -39.53 -39.62 -39.72 -39.81 -39.88 -39.94 -40.03 -40.09 -40.19 -40.28 -40.38 -40.47
-30.75 -30.88 -30.91 -30.88 -31.00 -31.22 -31.38 -31.47 -31.53 -31.69 -31.84 -32.00 -32.16 -32.28 -32.41 -32.53 -32.59 -32.69 -32.78 -32.91 -33.03 -33.19 -33.38 -33.53 -33.69 -33.84 -33.97 -34.09 -34.19 -34.34 -34.47 -34.66 -34.81 -35.00 -35.16 -35.34 -35.53 -35.75 -35.97 -36.25 -36.50 -36.81 -37.09 -37.38 -37.66 -37.94 -38.16 -38.38 -38.56 -38.72 -38.84 -38.94 -39.00 -39.06 -39.12 -39.19 -39.25 -39.31 -39.41 -39.50 -39.59 -39.69 -39.75 -39.84 -39.91 -39.97 -40.06 -40.16 -40.25 -40.31 -40.41
-30.62 -30.72 -30.75 -30.81 -30.97 -31.09 -31.16 -31.25 -31.34 -31.47 -31.66 -31.81 -31.97 -32.09 -32.22 -32.34 -32.44 -32.53 -32.66 -32.78 -32.94 -33.09 -33.25 -33.44 -33.56 -33.72 -33.81 -33.94 -34.06 -34.19 -34.34 -34.53 -34.72 -34.91 -35.09 -35.28 -35.47 -35.69 -35.91 -36.19 -36.50 -36.84 -37.16 -37.47 -37.75 -38.03 -38.28 -38.50 -38.66 -38.81 -38.94 -39.03 -39.09 -39.16 -39.19 -39.22 -39.25 -39.31 -39.41 -39.47 -39.56 -39.62 -39.72 -39.78 -39.84 -39.94 -40.03 -40.09 -40.19 -40.25 -40.31
