everonasctiles/Tile[40,6].asc
ncols 128
nrows 128
xllcorner 0
yllcorner 0
cellsize 2.0
NODATA_value  -9999
[rows 70 to 104 of 128, columns 0 to 78 of 128]
16.97 16.91 16.75 16.53 16.41 16.28 16.12 15.94 15.78 15.62 15.47 15.31 15.19 15.06 14.97 14.91 14.75 14.66 14.69 14.62 14.59 14.53 14.47 14.44 14.38 14.31 14.22 14.19 14.16 14.09 14.06 14.06 14.03 14.00 14.00 13.97 13.94 13.91 13.88 13.81 13.78 13.75 13.69 13.59 13.53 13.47 13.38 13.28 13.19 13.09 12.97 12.94 12.91 12.88 12.78 12.72 12.69 12.62 12.56 12.47 12.34 12.22 12.09 11.97 11.84 11.69 11.53 11.38 11.19 11.03 10.84 10.66 10.50 10.34 10.19 10.03 9.88 9.72 9.56
16.66 16.50 16.31 16.19 16.06 15.94 15.78 15.66 15.50 15.34 15.19 15.03 14.88 14.75 14.62 14.56 14.47 14.41 14.41 14.38 14.34 14.31 14.25 14.19 14.16 14.09 14.03 14.00 13.94 13.91 13.91 13.91 13.88 13.88 13.84 13.81 13.81 13.78 13.75 13.72 13.69 13.66 13.59 13.50 13.44 13.34 13.25 13.16 13.06 13.00 12.88 12.78 12.78 12.75 12.66 12.59 12.53 12.47 12.41 12.31 12.22 12.09 11.97 11.84 11.72 11.59 11.47 11.31 11.12 10.97 10.78 10.62 10.47 10.31 10.16 9.97 9.81 9.69 9.53
16.34 16.19 16.06 15.91 15.78 15.62 15.47 15.34 15.19 15.06 14.91 14.75 14.59 14.44 14.34 14.25 14.19 14.16 14.16 14.16 14.09 14.06 14.00 13.97 13.94 13.88 13.84 13.81 13.75 13.75 13.75 13.72 13.72 13.72 13.69 13.69 13.69 13.66 13.66 13.62 13.59 13.56 13.50 13.44 13.34 13.25 13.16 13.06 12.97 12.88 12.81 12.69 12.66 12.62 12.56 12.47 12.38 12.31 12.25 12.19 12.06 11.97 11.88 11.75 11.62 11.50 11.34 11.25 11.06 10.91 10.78 10.62 10.47 10.28 10.16 9.97 9.81 9.69 9.53
16.00 15.84 15.72 15.59 15.44 15.31 15.16 15.03 14.88 14.75 14.59 14.47 14.34 14.16 14.03 13.94 13.91 13.91 13.91 13.88 13.88 13.81 13.78 13.75 13.72 13.69 13.66 13.59 13.59 13.56 13.56 13.56 13.56 13.56 13.56 13.56 13.56 13.56 13.56 13.53 13.50 13.47 13.41 13.34 13.22 13.12 13.03 12.94 12.88 12.78 12.69 12.62 12.53 12.50 12.44 12.38 12.28 12.22 12.12 12.06 11.97 11.88 11.78 11.66 11.53 11.41 11.31 11.16 11.03 10.91 10.78 10.62 10.47 10.34 10.19 10.00 9.81 9.66 9.53
15.66 15.50 15.38 15.25 15.12 14.97 14.84 14.72 14.53 14.44 14.31 14.16 14.03 13.88 13.75 13.69 13.66 13.66 13.66 13.66 13.62 13.56 13.56 13.53 13.50 13.47 13.44 13.44 13.41 13.41 13.41 13.41 13.41 13.44 13.44 13.44 13.44 13.47 13.47 13.44 13.44 13.38 13.31 13.22 13.12 13.00 12.91 12.81 12.75 12.69 12.62 12.53 12.44 12.41 12.34 12.28 12.22 12.12 12.06 11.97 11.88 11.78 11.69 11.56 11.47 11.34 11.25 11.12 11.03 10.94 10.81 10.69 10.53 10.41 10.06 9.81 9.66 9.56 9.47
15.31 15.16 15.03 14.91 14.75 14.62 14.47 14.34 14.22 14.12 14.00 13.88 13.72 13.59 13.50 13.41 13.41 13.44 13.41 13.41 13.38 13.34 13.31 13.31 13.28 13.28 13.25 13.22 13.22 13.22 13.25 13.25 13.28 13.28 13.28 13.25 13.28 13.34 13.34 13.31 13.31 13.25 13.19 13.06 12.91 12.75 12.59 12.47 12.34 12.28 12.22 12.16 12.09 12.06 12.03 11.97 11.97 11.94 11.91 11.84 11.78 11.72 11.62 11.50 11.44 11.34 11.25 11.16 11.06 10.94 10.84 10.75 10.62 10.16 9.81 9.59 9.50 9.44 9.41
14.94 14.81 14.69 14.56 14.41 14.25 14.12 14.03 13.94 13.81 13.69 13.56 13.41 13.28 13.22 13.16 13.19 13.19 13.19 13.16 13.16 13.12 13.09 13.09 13.09 13.06 13.06 13.03 13.06 13.06 13.06 13.09 13.12 13.09 13.09 13.09 13.09 13.06 12.81 12.53 12.22 11.94 11.78 11.69 11.59 11.56 11.56 11.56 11.59 11.59 11.56 11.56 11.53 11.53 11.47 11.44 11.38 11.31 11.25 11.19 11.16 11.12 11.09 11.06 11.06 11.06 11.06 11.06 11.03 10.97 10.91 10.81 10.50 9.84 9.53 9.41 9.34 9.31 9.38
14.56 14.41 14.28 14.19 14.06 13.94 13.81 13.69 13.59 13.50 13.38 13.25 13.12 13.03 12.94 12.94 12.97 12.94 12.94 12.94 12.94 12.94 12.91 12.91 12.88 12.88 12.84 12.88 12.84 12.88 12.88 12.75 12.56 12.28 11.97 11.69 11.41 11.19 11.12 11.16 11.25 11.34 11.38 11.41 11.47 11.50 11.53 11.56 11.59 11.59 11.56 11.56 11.53 11.53 11.47 11.44 11.38 11.28 11.22 11.12 11.03 10.97 10.84 10.72 10.59 10.47 10.34 10.25 10.22 10.19 10.19 10.22 10.00 9.56 9.34 9.25 9.25 9.25 9.31
14.22 14.06 13.91 13.81 13.72 13.59 13.50 13.38 13.28 13.16 13.06 12.97 12.84 12.75 12.72 12.72 12.72 12.72 12.69 12.69 12.69 12.72 12.72 12.69 12.69 12.69 12.62 12.41 12.00 11.53 11.09 10.78 10.62 10.59 10.69 10.78 10.88 10.97 11.06 11.16 11.25 11.34 11.38 11.41 11.47 11.50 11.53 11.56 11.59 11.59 11.56 11.56 11.53 11.53 11.47 11.44 11.38 11.28 11.19 11.12 11.03 10.97 10.84 10.72 10.59 10.47 10.34 10.19 10.06 9.94 9.81 9.69 9.56 9.44 9.34 9.19 9.06 9.03 9.06
13.88 13.72 13.59 13.47 13.38 13.28 13.16 13.09 12.97 12.88 12.78 12.69 12.56 12.47 12.47 12.50 12.47 12.47 12.50 12.47 12.50 12.50 12.38 11.97 11.44 10.91 10.47 10.19 10.12 10.22 10.31 10.41 10.50 10.59 10.69 10.75 10.84 10.94 11.03 11.12 11.22 11.31 11.38 11.41 11.44 11.50 11.53 11.56 11.59 11.59 11.56 11.56 11.53 11.53 11.47 11.44 11.34 11.28 11.19 11.12 11.03 10.94 10.81 10.69 10.56 10.44 10.31 10.19 10.06 9.94 9.81 9.69 9.56 9.44 9.31 9.16 9.03 8.88 8.75
13.53 13.41 13.28 13.16 13.03 12.94 12.84 12.75 12.66 12.56 12.50 12.41 12.28 12.25 12.25 12.25 12.25 12.25 12.25 12.16 11.56 10.72 10.00 9.72 9.72 9.81 9.91 10.00 10.09 10.19 10.28 10.38 10.47 10.56 10.66 10.75 10.84 10.94 11.03 11.12 11.22 11.31 11.38 11.41 11.44 11.47 11.53 11.56 11.59 11.59 11.56 11.56 11.53 11.53 11.47 11.44 11.34 11.28 11.19 11.09 11.03 10.94 10.81 10.69 10.56 10.44 10.31 10.16 10.03 9.91 9.78 9.66 9.53 9.41 9.28 9.16 9.00 8.84 8.72
13.16 13.06 12.97 12.84 12.72 12.62 12.53 12.44 12.34 12.28 12.19 12.12 12.03 12.00 12.03 12.00 12.00 11.75 10.72 9.84 9.47 9.53 9.59 9.66 9.72 9.81 9.91 10.00 10.09 10.19 10.28 10.38 10.47 10.56 10.62 10.72 10.81 10.91 11.00 11.09 11.19 11.28 11.38 11.41 11.44 11.47 11.53 11.56 11.59 11.59 11.56 11.56 11.53 11.53 11.47 11.44 11.34 11.25 11.19 11.09 11.03 10.91 10.78 10.66 10.53 10.41 10.28 10.16 10.03 9.91 9.78 9.66 9.53 9.41 9.25 9.12 8.97 8.84 8.69
12.81 12.72 12.59 12.50 12.41 12.31 12.22 12.12 12.06 12.00 11.94 11.84 11.78 11.78 11.78 11.47 10.44 9.50 9.31 9.34 9.41 9.50 9.56 9.62 9.69 9.78 9.88 9.97 10.06 10.16 10.25 10.34 10.44 10.53 10.62 10.72 10.81 10.91 11.00 11.09 11.19 11.28 11.38 11.41 11.44 11.47 11.50 11.56 11.59 11.59 11.56 11.56 11.56 11.53 11.47 11.44 11.34 11.25 11.19 11.09 11.00 10.91 10.78 10.66 10.53 10.41 10.25 10.12 10.00 9.88 9.75 9.62 9.50 9.38 9.25 9.09 8.94 8.81 8.66
12.44 12.34 12.22 12.16 12.09 12.00 11.91 11.81 11.78 11.72 11.66 11.59 11.56 11.16 10.12 9.25 9.12 9.19 9.25 9.34 9.41 9.47 9.53 9.62 9.69 9.75 9.84 9.94 10.03 10.12 10.22 10.31 10.44 10.50 10.59 10.69 10.78 10.88 10.97 11.06 11.16 11.28 11.44 11.53 11.59 11.62 11.69 11.72 11.78 11.81 11.84 11.88 11.91 11.94 11.91 11.91 11.75 11.62 11.47 11.34 11.22 11.06 10.88 10.69 10.53 10.38 10.25 10.12 10.00 9.88 9.75 9.62 9.50 9.34 9.22 9.06 8.94 8.78 8.66
12.09 12.00 11.91 11.84 11.75 11.69 11.56 11.50 11.50 11.41 11.38 11.22 10.09 9.06 8.94 9.00 9.09 9.16 9.22 9.31 9.38 9.44 9.50 9.59 9.66 9.75 9.84 9.94 10.03 10.12 10.22 10.31 10.41 10.50 10.59 10.69 10.75 10.81 10.88 10.97 11.12 11.28 11.41 11.47 11.50 11.53 11.53 11.56 11.62 11.66 11.72 11.78 11.81 11.88 11.88 11.94 11.91 11.84 11.78 11.62 11.53 11.44 11.41 11.34 11.19 11.03 10.84 10.62 10.38 10.16 9.91 9.69 9.50 9.34 9.19 9.06 8.91 8.75 8.62
11.75 11.66 11.56 11.50 11.44 11.34 11.28 11.19 11.19 11.16 10.34 9.16 8.78 8.84 8.91 8.97 9.03 9.12 9.19 9.25 9.34 9.41 9.50 9.56 9.66 9.72 9.81 9.91 10.00 10.09 10.22 10.31 10.44 10.50 10.56 10.56 10.56 10.59 10.69 10.81 10.94 11.06 11.16 11.22 11.25 11.28 11.31 11.34 11.41 11.44 11.50 11.56 11.62 11.66 11.69 11.72 11.69 11.62 11.56 11.50 11.41 11.34 11.28 11.28 11.22 11.16 11.12 11.03 10.91 10.88 10.78 10.62 10.44 10.19 9.88 9.50 9.16 8.84 8.62
11.38 11.31 11.25 11.19 11.12 11.03 10.97 10.94 10.53 9.34 8.59 8.66 8.72 8.81 8.88 8.94 9.00 9.09 9.16 9.22 9.31 9.41 9.47 9.53 9.62 9.72 9.84 9.94 10.00 10.03 10.09 10.16 10.22 10.28 10.31 10.34 10.41 10.47 10.56 10.66 10.75 10.84 10.91 10.97 11.00 11.03 11.06 11.09 11.16 11.22 11.28 11.34 11.41 11.44 11.50 11.47 11.44 11.34 11.28 11.19 11.16 11.12 11.03 11.00 11.06 10.94 10.88 10.78 10.69 10.66 10.62 10.50 10.44 10.38 10.25 10.09 9.81 9.50 9.12
11.03 10.97 10.91 10.84 10.81 10.72 10.56 9.56 8.59 8.47 8.53 8.62 8.69 8.75 8.84 8.91 8.97 9.06 9.12 9.19 9.28 9.38 9.50 9.72 9.88 9.88 9.81 9.75 9.75 9.78 9.81 9.91 9.97 10.03 10.12 10.19 10.25 10.34 10.44 10.50 10.59 10.66 10.69 10.75 10.78 10.78 10.81 10.88 10.94 10.97 11.06 11.09 11.12 11.19 11.22 11.16 11.19 11.09 11.00 10.97 10.91 10.84 10.78 10.78 10.75 10.75 10.66 10.66 10.50 10.47 10.34 10.25 10.22 10.16 9.97 9.78 9.53 9.28 9.03
10.69 10.62 10.56 10.53 10.47 9.81 8.66 8.28 8.34 8.44 8.50 8.56 8.66 8.72 8.78 8.84 8.94 9.00 9.09 9.16 9.38 9.66 9.78 9.72 9.62 9.53 9.50 9.47 9.47 9.50 9.59 9.66 9.75 9.84 9.94 10.03 10.12 10.22 10.31 10.38 10.44 10.47 10.50 10.53 10.53 10.56 10.59 10.62 10.69 10.75 10.78 10.84 10.94 10.94 10.91 10.88 10.78 10.81 10.72 10.66 10.62 10.53 10.53 10.53 10.50 10.50 10.53 10.41 10.19 10.12 10.22 10.12 10.12 10.06 9.91 9.66 9.44 9.25 9.06
10.31 10.28 10.25 10.09 9.06 8.19 8.19 8.25 8.31 8.38 8.47 8.53 8.59 8.66 8.75 8.81 8.91 8.97 9.19 9.47 9.56 9.50 9.41 9.34 9.28 9.22 9.19 9.19 9.22 9.28 9.34 9.44 9.53 9.66 9.78 9.88 10.00 10.09 10.19 10.25 10.31 10.31 10.34 10.34 10.31 10.34 10.34 10.38 10.44 10.50 10.53 10.59 10.69 10.62 10.59 10.56 10.53 10.38 10.38 10.31 10.34 10.38 10.25 10.22 10.25 10.12 10.09 10.03 10.06 10.06 10.00 9.94 9.91 9.88 9.91 9.81 9.69 9.44 9.06
10.00 9.97 9.50 8.41 8.00 8.06 8.12 8.19 8.28 8.34 8.41 8.50 8.56 8.62 8.69 8.78 9.00 9.28 9.34 9.25 9.19 9.09 9.03 8.97 8.94 8.91 8.91 8.91 8.97 9.03 9.12 9.22 9.34 9.47 9.62 9.75 9.88 10.00 10.09 10.16 10.19 10.19 10.16 10.16 10.12 10.09 10.09 10.16 10.22 10.28 10.31 10.38 10.41 10.41 10.31 10.28 10.12 10.06 10.09 10.00 9.97 10.03 9.97 9.84 9.97 9.84 9.72 9.78 9.78 9.72 9.72 9.75 9.84 9.84 9.88 9.78 9.56 9.41 8.91
9.66 8.81 7.91 7.88 7.94 8.00 8.09 8.16 8.22 8.31 8.38 8.44 8.50 8.59 8.72 9.00 9.12 9.03 8.97 8.88 8.81 8.72 8.69 8.62 8.59 8.59 8.59 8.62 8.69 8.78 8.88 9.00 9.16 9.31 9.47 9.62 9.78 9.91 10.00 10.06 10.09 10.06 10.03 9.97 9.91 9.88 9.88 9.88 9.97 10.03 10.12 10.19 10.19 10.12 10.03 9.91 9.81 9.81 9.72 9.81 9.66 9.81 9.78 9.75 9.66 9.59 9.56 9.66 9.59 9.69 9.69 9.72 9.78 9.72 9.69 9.69 9.53 9.12 8.75
8.16 7.69 7.75 7.81 7.91 7.97 8.03 8.09 8.19 8.25 8.31 8.41 8.47 8.72 8.91 8.84 8.75 8.69 8.59 8.50 8.44 8.38 8.34 8.28 8.28 8.28 8.31 8.34 8.44 8.53 8.66 8.81 8.97 9.16 9.34 9.53 9.72 9.84 9.97 10.03 10.03 10.00 9.91 9.78 9.66 9.59 9.59 9.62 9.72 9.84 9.91 9.94 9.97 9.97 9.84 9.66 9.59 9.56 9.53 9.62 9.62 9.66 9.59 9.59 9.38 9.38 9.44 9.56 9.50 9.50 9.59 9.69 9.75 9.72 9.75 9.62 9.44 9.06 8.72
7.56 7.62 7.72 7.78 7.84 7.91 8.00 8.06 8.12 8.22 8.28 8.47 8.66 8.66 8.59 8.50 8.41 8.31 8.25 8.16 8.09 8.03 8.00 7.97 7.97 7.97 8.00 8.06 8.16 8.28 8.44 8.59 8.78 9.00 9.22 9.44 9.66 9.84 9.94 9.97 9.94 9.88 9.78 9.59 9.44 9.38 9.47 9.59 9.69 9.72 9.78 9.78 9.88 9.81 9.69 9.53 9.44 9.41 9.47 9.50 9.44 9.38 9.47 9.53 9.31 9.31 9.34 9.31 9.41 9.47 9.47 9.50 9.59 9.66 9.78 9.62 9.66 9.41 8.91
7.53 7.59 7.66 7.72 7.81 7.88 7.94 8.00 8.09 8.19 8.44 8.50 8.41 8.31 8.25 8.16 8.06 7.97 7.91 7.84 7.78 7.72 7.66 7.66 7.62 7.66 7.69 7.75 7.88 8.00 8.19 8.41 8.62 8.88 9.09 9.28 9.41 9.56 9.66 9.69 9.69 9.69 9.66 9.62 9.59 9.56 9.62 9.69 9.69 9.75 9.72 9.69 9.69 9.66 9.66 9.59 9.50 9.31 9.38 9.31 9.12 9.16 9.31 9.41 9.31 9.34 9.28 9.25 9.22 9.47 9.28 9.53 9.47 9.47 9.44 9.53 9.28 9.16 8.88
7.47 7.53 7.59 7.69 7.75 7.81 7.88 7.97 8.12 8.34 8.31 8.22 8.09 8.00 7.91 7.81 7.72 7.62 7.56 7.50 7.44 7.41 7.38 7.28 7.28 7.31 7.44 7.53 7.62 7.78 7.94 8.16 8.41 8.59 8.75 8.91 9.03 9.12 9.25 9.34 9.41 9.44 9.44 9.47 9.59 9.72 9.72 9.75 9.75 9.78 9.75 9.66 9.56 9.50 9.44 9.47 9.38 9.41 9.31 9.09 9.03 9.09 9.12 9.06 9.09 9.03 9.22 9.19 9.25 9.34 9.25 9.28 9.53 9.44 9.31 9.38 9.25 9.06 8.88
7.41 7.50 7.56 7.62 7.69 7.78 7.84 8.06 8.19 8.12 8.03 7.94 7.81 7.72 7.62 7.56 7.41 7.25 7.22 7.22 7.28 7.22 7.19 7.19 7.19 7.22 7.31 7.47 7.53 7.66 7.78 7.91 8.06 8.19 8.34 8.47 8.59 8.72 8.84 8.91 9.00 9.09 9.19 9.28 9.38 9.50 9.53 9.59 9.66 9.69 9.66 9.56 9.50 9.44 9.41 9.41 9.34 9.22 9.28 9.22 9.16 9.03 8.94 8.91 8.94 8.88 8.91 9.06 9.00 9.00 9.28 9.25 9.31 9.31 9.34 9.22 9.06 8.91 8.75
7.38 7.44 7.50 7.59 7.66 7.78 7.94 7.97 7.94 7.69 7.34 7.28 7.38 7.50 7.47 7.44 7.22 7.19 7.19 7.19 7.19 7.19 7.19 7.19 7.19 7.19 7.25 7.41 7.47 7.53 7.62 7.72 7.84 7.94 8.00 8.09 8.19 8.31 8.44 8.53 8.62 8.72 8.84 8.94 9.06 9.22 9.28 9.38 9.41 9.47 9.47 9.41 9.34 9.31 9.28 9.31 9.19 9.09 9.09 9.19 8.97 8.81 8.81 8.91 8.91 8.72 8.81 8.88 9.06 9.00 9.25 9.28 9.16 9.16 9.22 9.06 8.88 8.69 8.62
7.31 7.38 7.44 7.53 7.69 7.81 7.81 7.78 7.75 7.47 7.25 7.25 7.25 7.16 7.22 7.22 7.22 7.19 7.19 7.19 7.19 7.19 7.19 7.19 7.19 7.19 7.25 7.34 7.41 7.44 7.50 7.56 7.66 7.72 7.81 7.88 7.94 8.00 8.09 8.19 8.25 8.38 8.50 8.59 8.75 8.91 9.03 9.09 9.19 9.19 9.28 9.31 9.28 9.28 9.19 9.16 9.09 9.06 9.12 9.06 8.97 9.03 8.75 8.81 8.75 8.94 8.84 8.88 8.94 9.06 9.09 9.22 9.06 8.91 8.94 8.69 8.66 8.50 8.41
7.25 7.34 7.44 7.62 7.69 7.66 7.66 7.62 7.59 7.44 7.25 7.25 7.25 7.25 7.25 7.25 7.25 7.19 7.19 7.19 7.19 7.19 7.19 7.19 7.19 7.19 7.28 7.31 7.34 7.41 7.44 7.47 7.53 7.56 7.62 7.69 7.72 7.78 7.81 7.88 7.97 8.03 8.16 8.28 8.44 8.62 8.75 8.91 8.94 8.97 9.06 9.16 9.19 9.12 9.09 9.12 9.09 8.97 8.88 8.75 8.75 8.84 8.91 8.62 8.66 8.72 8.88 8.75 8.84 8.97 8.91 8.78 8.75 8.66 8.66 8.50 8.56 8.50 8.28
7.22 7.34 7.53 7.56 7.56 7.56 7.53 7.50 7.44 7.41 7.25 7.25 7.25 7.25 7.25 7.25 7.25 7.19 7.19 7.19 7.19 7.19 7.19 7.19 7.19 7.22 7.28 7.28 7.31 7.34 7.41 7.44 7.47 7.50 7.53 7.56 7.59 7.62 7.66 7.69 7.72 7.78 7.88 8.03 8.16 8.31 8.50 8.66 8.75 8.84 8.94 9.03 9.19 9.06 9.06 9.09 8.97 8.88 8.88 8.72 8.81 8.72 8.56 8.59 8.66 8.59 8.66 8.66 8.72 8.72 8.59 8.44 8.41 8.44 8.31 8.31 8.28 8.31 8.25
7.28 7.44 7.47 7.47 7.47 7.44 7.44 7.41 7.34 7.31 7.28 7.25 7.25 7.25 7.25 7.25 7.25 7.19 7.19 7.19 7.19 7.19 7.19 7.19 7.22 7.22 7.25 7.25 7.28 7.31 7.34 7.38 7.41 7.44 7.47 7.50 7.53 7.53 7.56 7.56 7.56 7.59 7.66 7.75 7.91 8.06 8.25 8.41 8.59 8.72 8.81 8.91 8.97 9.00 8.88 8.97 8.84 8.75 8.72 8.69 8.59 8.44 8.44 8.66 8.62 8.50 8.59 8.56 8.38 8.47 8.34 8.25 8.12 8.12 8.03 8.19 8.19 8.16 8.03
7.34 7.34 7.38 7.38 7.38 7.34 7.34 7.28 7.28 7.25 7.25 7.25 7.25 7.25 7.25 7.25 7.22 7.19 7.19 7.19 7.19 7.19 7.19 7.19 7.19 7.22 7.22 7.25 7.25 7.28 7.31 7.31 7.34 7.38 7.41 7.44 7.44 7.47 7.47 7.50 7.50 7.47 7.50 7.56 7.69 7.84 8.00 8.19 8.38 8.56 8.66 8.78 8.88 8.94 8.91 8.84 8.75 8.69 8.72 8.69 8.47 8.50 8.47 8.47 8.31 8.28 8.50 8.19 8.09 8.03 8.00 8.00 8.03 7.88 8.03 8.00 8.12 7.97 7.91
7.25 7.25 7.28 7.28 7.28 7.25 7.25 7.22 7.22 7.22 7.22 7.22 7.22 7.22 7.22 7.19 7.19 7.16 7.16 7.16 7.16 7.16 7.16 7.16 7.16 7.19 7.19 7.22 7.22 7.25 7.25 7.28 7.31 7.31 7.34 7.34 7.38 7.38 7.41 7.41 7.44 7.44 7.41 7.41 7.50 7.62 7.78 7.97 8.19 8.38 8.47 8.59 8.75 8.81 8.78 8.75 8.69 8.69 8.69 8.53 8.44 8.41 8.53 8.38 8.28 8.12 8.16 8.06 7.94 7.88 7.66 7.69 7.78 7.78 7.72 7.78 7.78 7.78 7.56
7.16 7.19 7.19 7.19 7.19 7.19 7.16 7.16 7.16 7.16 7.16 7.16 7.16 7.16 7.16 7.16 7.16 7.16 7.12 7.12 7.12 7.12 7.12 7.12 7.16 7.16 7.16 7.19 7.19 7.22 7.22 7.25 7.25 7.25 7.28 7.28 7.31 7.31 7.34 7.34 7.34 7.34 7.38 7.34 7.34 7.44 7.62 7.81 8.00 8.25 8.41 8.50 8.59 8.72 8.75 8.69 8.66 8.66 8.66 8.50 8.47 8.31 8.19 8.12 7.91 7.91 7.91 7.59 7.56 7.50 7.47 7.34 7.38 7.50 7.56 7.50 7.47 7.59 7.31
