everonasctiles/Tile[6,16].asc
ncols 128
nrows 128
xllcorner 0
yllcorner 0
cellsize 2.0
NODATA_value  -9999
[rows 64 to 95 of 128, columns 0 to 70 of 128]
-77.09 -77.00 -76.91 -76.97 -77.06 -77.03 -77.12 -77.19 -77.00 -76.97 -77.22 -77.38 -77.50 -77.56 -77.53 -77.62 -77.72 -77.78 -77.81 -77.69 -77.72 -77.69 -77.56 -77.47 -77.34 -77.31 -77.47 -77.41 -77.22 -77.22 -77.19 -77.09 -77.03 -77.00 -76.91 -76.66 -76.44 -76.59 -76.66 -76.72 -76.94 -76.97 -76.84 -76.69 -76.72 -76.72 -77.12 -77.16 -77.19 -77.12 -76.84 -77.31 -77.00 -76.69 -76.72 -76.88 -76.75 -76.62 -76.28 -76.03 -76.44 -76.72 -76.94 -77.34 -77.34 -77.31 -77.16 -77.03 -77.16 -77.06 -77.25
-76.72 -76.47 -76.75 -76.78 -76.78 -77.12 -77.09 -77.09 -77.22 -77.19 -77.09 -77.19 -77.28 -77.34 -77.44 -77.53 -77.56 -77.59 -77.66 -77.66 -77.69 -77.72 -77.72 -77.59 -77.34 -77.28 -77.34 -77.34 -77.34 -77.25 -77.28 -77.38 -77.34 -77.25 -77.25 -77.09 -76.84 -76.75 -76.59 -76.38 -76.59 -76.88 -77.09 -77.06 -76.84 -76.69 -76.84 -77.03 -77.00 -76.69 -76.56 -77.22 -77.03 -76.56 -76.69 -76.50 -76.34 -76.22 -76.06 -75.94 -76.22 -76.44 -76.69 -76.69 -77.00 -76.81 -76.72 -76.72 -76.88 -76.94 -77.19
-76.25 -76.38 -76.62 -76.75 -77.16 -77.28 -77.25 -77.47 -77.41 -77.47 -77.34 -77.16 -77.25 -77.38 -77.44 -77.50 -77.50 -77.47 -77.50 -77.59 -77.69 -77.62 -77.66 -77.50 -77.31 -77.25 -77.28 -77.38 -77.34 -77.22 -77.22 -77.44 -77.44 -77.38 -77.31 -77.12 -76.91 -76.47 -76.47 -76.34 -76.19 -76.44 -76.97 -77.12 -77.00 -76.88 -77.00 -76.84 -76.56 -76.38 -76.38 -76.72 -76.38 -76.28 -76.28 -76.28 -76.28 -76.22 -76.38 -76.31 -76.38 -76.25 -76.09 -75.91 -75.91 -76.03 -76.25 -76.47 -76.62 -76.78 -77.00
-76.44 -76.75 -76.97 -77.31 -77.41 -77.34 -77.44 -77.53 -77.66 -77.56 -77.47 -77.28 -77.31 -77.41 -77.41 -77.44 -77.41 -77.38 -77.31 -77.50 -77.59 -77.47 -77.44 -77.47 -77.28 -77.25 -77.34 -77.34 -77.16 -77.22 -77.16 -77.28 -77.44 -77.41 -77.31 -77.12 -77.16 -76.97 -76.62 -76.47 -76.44 -76.25 -76.50 -76.59 -76.91 -76.97 -76.91 -76.47 -76.38 -76.31 -76.28 -76.22 -76.25 -75.91 -76.12 -76.25 -76.41 -76.41 -76.59 -76.47 -76.12 -75.75 -75.50 -75.34 -75.31 -75.50 -75.81 -76.19 -76.34 -76.38 -76.56
-76.88 -77.03 -77.31 -77.56 -77.72 -77.53 -77.38 -77.50 -77.66 -77.69 -77.59 -77.53 -77.47 -77.53 -77.53 -77.41 -77.31 -77.41 -77.34 -77.44 -77.50 -77.38 -77.28 -77.28 -77.28 -77.19 -77.22 -77.25 -77.16 -77.09 -77.03 -77.28 -77.47 -77.53 -77.41 -77.16 -77.31 -77.31 -76.91 -76.69 -76.50 -76.28 -76.12 -76.47 -76.59 -76.56 -76.72 -76.22 -76.16 -76.44 -76.44 -76.44 -76.03 -75.50 -76.00 -76.22 -76.03 -76.34 -76.47 -76.22 -76.03 -75.75 -75.47 -75.31 -75.16 -74.91 -74.94 -75.50 -75.81 -75.97 -76.19
-77.47 -77.38 -77.34 -77.53 -77.59 -77.50 -77.41 -77.31 -77.53 -77.69 -77.59 -77.34 -77.22 -77.44 -77.44 -77.47 -77.31 -77.31 -77.34 -77.28 -77.34 -77.25 -77.16 -77.06 -77.09 -77.03 -76.91 -77.00 -77.00 -76.91 -76.88 -77.03 -77.12 -77.19 -77.19 -77.00 -77.12 -77.12 -77.00 -76.84 -76.47 -76.38 -76.28 -76.16 -75.91 -76.06 -75.84 -75.88 -75.84 -76.41 -76.56 -76.56 -75.97 -75.38 -75.72 -75.69 -75.69 -76.00 -76.19 -76.03 -75.88 -75.59 -75.34 -75.19 -74.81 -74.34 -74.12 -74.53 -75.19 -75.69 -76.12
-77.22 -76.97 -77.25 -77.44 -77.50 -77.38 -77.41 -77.28 -77.41 -77.47 -77.34 -77.31 -76.78 -77.06 -77.34 -77.31 -77.25 -77.25 -77.28 -77.34 -77.12 -77.03 -77.06 -76.88 -76.94 -76.84 -76.75 -76.75 -76.78 -76.81 -76.78 -76.84 -76.94 -77.00 -76.88 -76.69 -76.88 -76.81 -76.75 -76.81 -76.72 -76.59 -76.59 -76.16 -75.81 -75.75 -75.56 -75.53 -75.72 -76.25 -76.31 -76.38 -75.78 -75.56 -75.59 -75.53 -75.59 -75.69 -75.88 -76.00 -75.69 -75.44 -75.28 -75.03 -74.56 -74.03 -73.84 -74.16 -74.91 -75.59 -76.22
-77.09 -76.97 -77.06 -77.16 -77.00 -76.75 -76.62 -77.03 -77.06 -77.19 -77.03 -76.94 -76.50 -76.81 -77.03 -77.22 -77.09 -77.16 -76.91 -77.25 -77.16 -77.03 -76.91 -76.47 -76.72 -76.66 -76.62 -76.53 -76.47 -76.56 -76.56 -76.72 -76.84 -76.88 -76.62 -76.34 -76.31 -76.56 -76.50 -76.41 -76.59 -76.69 -76.50 -76.22 -76.00 -75.50 -75.25 -75.19 -75.34 -75.62 -75.72 -75.81 -75.72 -75.72 -75.84 -75.78 -75.66 -75.78 -75.91 -75.91 -75.53 -75.38 -75.31 -75.03 -74.62 -74.19 -74.16 -74.47 -75.00 -75.31 -75.91
-76.94 -77.00 -77.00 -76.97 -76.62 -76.50 -76.34 -76.66 -76.78 -76.88 -76.72 -76.88 -76.28 -76.59 -76.62 -76.94 -76.88 -76.50 -76.75 -76.91 -77.09 -77.03 -76.75 -76.44 -76.50 -76.44 -76.44 -76.41 -76.41 -76.25 -76.22 -76.50 -76.59 -76.59 -76.56 -76.41 -76.44 -76.56 -76.41 -76.12 -75.91 -76.03 -76.03 -76.00 -75.66 -75.47 -75.28 -75.19 -75.28 -75.47 -75.50 -75.53 -75.75 -75.88 -76.06 -76.06 -75.94 -75.88 -75.81 -75.59 -75.34 -75.25 -75.34 -75.19 -74.88 -74.62 -74.78 -74.94 -75.03 -75.12 -75.56
-77.03 -77.16 -76.97 -76.84 -76.41 -76.09 -75.97 -76.25 -76.44 -76.81 -76.91 -76.66 -76.31 -76.38 -76.44 -76.53 -76.59 -76.12 -76.41 -76.59 -76.78 -76.88 -76.66 -76.22 -76.34 -76.31 -76.44 -76.34 -76.41 -76.22 -76.06 -76.03 -76.12 -76.22 -76.25 -76.28 -76.53 -76.53 -76.50 -76.03 -75.56 -75.81 -76.16 -76.12 -75.72 -75.69 -75.56 -75.38 -75.28 -75.28 -75.19 -75.22 -75.56 -75.91 -76.12 -76.09 -75.97 -75.84 -75.66 -75.41 -75.16 -75.22 -75.44 -75.44 -75.31 -75.25 -75.34 -75.38 -75.31 -75.31 -75.56
-77.19 -77.25 -77.31 -76.94 -76.41 -76.16 -76.19 -76.00 -76.41 -76.75 -76.81 -76.56 -76.50 -76.16 -76.22 -76.75 -76.03 -76.03 -76.12 -76.38 -76.50 -76.50 -76.50 -76.25 -76.31 -76.28 -76.19 -76.19 -76.19 -76.03 -75.88 -75.66 -75.66 -75.81 -75.78 -75.91 -76.28 -76.47 -76.41 -76.09 -75.81 -75.78 -75.88 -76.25 -76.00 -75.59 -75.47 -75.34 -75.25 -75.06 -74.94 -75.00 -75.28 -75.59 -75.78 -75.78 -75.62 -75.66 -75.50 -75.19 -75.06 -75.19 -75.31 -75.44 -75.53 -75.66 -75.81 -75.84 -75.75 -75.75 -75.88
-77.06 -77.25 -77.31 -77.12 -76.75 -76.59 -76.50 -76.53 -76.56 -76.53 -76.50 -76.66 -76.31 -76.34 -76.50 -76.34 -76.19 -76.19 -75.91 -75.94 -76.38 -76.12 -76.22 -76.41 -76.47 -76.16 -76.12 -76.00 -75.78 -75.81 -75.81 -75.59 -75.47 -75.53 -75.59 -75.69 -75.94 -76.28 -76.34 -76.06 -75.91 -76.03 -75.91 -75.81 -75.81 -75.69 -75.56 -75.47 -75.38 -75.16 -75.09 -75.03 -75.22 -75.44 -75.41 -75.19 -75.12 -75.25 -75.09 -74.81 -74.75 -74.91 -75.03 -75.16 -75.44 -75.78 -76.09 -76.16 -76.16 -76.19 -76.25
-77.06 -77.16 -77.31 -77.19 -77.00 -77.00 -77.06 -76.75 -76.72 -76.56 -76.47 -76.56 -76.53 -76.78 -76.84 -76.50 -76.47 -76.09 -75.78 -75.94 -75.91 -76.12 -76.16 -76.19 -76.38 -76.28 -76.03 -75.91 -75.78 -75.69 -75.47 -75.53 -75.34 -75.22 -75.34 -75.62 -75.84 -75.94 -76.16 -76.06 -75.88 -76.12 -75.97 -75.62 -75.59 -75.59 -75.59 -75.56 -75.50 -75.41 -75.38 -75.28 -75.28 -75.34 -75.19 -74.94 -74.88 -74.91 -74.78 -74.53 -74.47 -74.59 -74.72 -74.84 -75.09 -75.50 -75.91 -76.12 -76.31 -76.41 -76.44
-76.72 -76.84 -76.94 -77.06 -76.94 -76.97 -76.97 -76.97 -76.91 -76.72 -76.69 -76.84 -76.75 -76.97 -77.06 -76.88 -76.53 -76.38 -76.19 -76.00 -75.97 -76.19 -76.12 -76.09 -76.25 -76.25 -76.09 -75.88 -75.94 -75.94 -75.38 -75.19 -75.19 -75.09 -75.12 -75.47 -75.72 -75.75 -75.78 -75.88 -75.72 -75.66 -75.66 -75.50 -75.38 -75.38 -75.56 -75.62 -75.59 -75.56 -75.59 -75.50 -75.28 -75.16 -75.03 -74.91 -74.88 -74.84 -74.66 -74.44 -74.38 -74.41 -74.41 -74.50 -74.72 -75.00 -75.41 -75.81 -76.16 -76.31 -76.41
-76.41 -76.53 -76.66 -76.59 -76.69 -76.75 -76.91 -76.91 -76.78 -76.88 -76.97 -76.94 -76.97 -77.09 -77.19 -77.00 -76.81 -76.66 -76.47 -76.31 -76.22 -76.06 -76.28 -76.31 -76.22 -76.22 -76.28 -76.12 -76.09 -75.97 -75.66 -75.16 -74.84 -75.03 -75.12 -75.22 -75.41 -75.44 -75.44 -75.53 -75.69 -75.78 -75.56 -75.38 -75.22 -75.12 -75.31 -75.53 -75.69 -75.66 -75.59 -75.44 -75.16 -75.00 -74.97 -74.97 -75.03 -74.91 -74.62 -74.41 -74.38 -74.28 -74.16 -74.19 -74.31 -74.56 -74.94 -75.38 -75.75 -76.00 -76.16
-76.12 -76.03 -76.00 -76.19 -76.12 -76.22 -76.59 -76.66 -76.88 -76.88 -76.81 -76.97 -76.97 -77.09 -77.09 -77.03 -76.94 -76.84 -76.78 -76.66 -76.44 -76.34 -76.41 -76.38 -76.34 -76.34 -76.25 -76.22 -76.00 -75.88 -75.69 -75.41 -75.12 -75.03 -75.06 -75.06 -75.16 -75.16 -75.25 -75.38 -75.47 -75.56 -75.53 -75.31 -75.06 -74.91 -75.00 -75.31 -75.59 -75.66 -75.59 -75.41 -75.19 -75.00 -75.00 -75.06 -75.06 -74.88 -74.59 -74.41 -74.38 -74.22 -74.06 -74.03 -74.09 -74.38 -74.66 -74.91 -75.09 -75.34 -75.66
-76.00 -75.75 -75.75 -75.81 -75.97 -76.16 -76.25 -76.41 -76.75 -76.78 -76.78 -76.91 -76.94 -76.97 -76.94 -76.94 -76.91 -76.84 -76.81 -76.69 -76.56 -76.56 -76.47 -76.53 -76.53 -76.50 -76.31 -76.28 -76.09 -75.88 -75.72 -75.62 -75.25 -75.00 -75.03 -75.12 -74.94 -74.81 -75.12 -75.12 -75.12 -75.22 -75.19 -75.03 -74.81 -74.66 -74.66 -74.97 -75.34 -75.44 -75.38 -75.34 -75.25 -75.12 -75.06 -75.06 -75.00 -74.78 -74.56 -74.44 -74.44 -74.25 -74.00 -73.91 -74.00 -74.22 -74.44 -74.47 -74.47 -74.69 -75.03
-75.75 -75.56 -75.66 -75.69 -75.66 -76.06 -76.16 -76.53 -76.59 -76.66 -76.69 -76.75 -76.81 -76.81 -76.78 -76.75 -76.72 -76.69 -76.62 -76.59 -76.53 -76.53 -76.53 -76.50 -76.53 -76.47 -76.44 -76.28 -76.12 -75.97 -75.84 -75.56 -75.38 -75.25 -74.94 -74.94 -75.00 -74.91 -74.84 -74.84 -74.81 -74.75 -74.69 -74.62 -74.50 -74.41 -74.41 -74.69 -75.00 -75.03 -75.06 -75.16 -75.22 -75.16 -75.12 -75.09 -74.97 -74.78 -74.62 -74.62 -74.59 -74.38 -74.09 -73.94 -73.97 -74.22 -74.34 -74.25 -74.16 -74.28 -74.56
-75.41 -75.53 -75.56 -75.59 -75.81 -76.19 -76.44 -76.53 -76.56 -76.53 -76.56 -76.62 -76.62 -76.59 -76.59 -76.59 -76.53 -76.50 -76.38 -76.34 -76.31 -76.31 -76.34 -76.34 -76.34 -76.31 -76.31 -76.25 -76.06 -75.94 -75.75 -75.69 -75.59 -75.38 -75.03 -74.94 -74.97 -75.00 -74.62 -74.59 -74.41 -74.28 -74.25 -74.12 -74.03 -74.03 -74.12 -74.34 -74.56 -74.66 -74.78 -74.94 -75.06 -75.09 -75.09 -75.06 -74.94 -74.81 -74.72 -74.72 -74.69 -74.53 -74.31 -74.16 -74.16 -74.31 -74.38 -74.25 -74.12 -74.19 -74.34
-75.53 -75.50 -75.53 -75.66 -75.91 -76.22 -76.41 -76.44 -76.44 -76.38 -76.41 -76.41 -76.41 -76.41 -76.41 -76.38 -76.25 -76.16 -76.03 -75.97 -75.94 -76.00 -76.00 -76.03 -76.06 -76.06 -76.06 -75.94 -75.81 -75.69 -75.59 -75.50 -75.31 -75.19 -75.12 -74.94 -74.81 -74.91 -74.62 -74.31 -74.09 -73.94 -73.81 -73.59 -73.44 -73.41 -73.59 -73.94 -74.19 -74.31 -74.47 -74.69 -74.88 -74.94 -74.97 -74.94 -74.84 -74.72 -74.69 -74.66 -74.59 -74.47 -74.34 -74.34 -74.41 -74.50 -74.50 -74.34 -74.25 -74.25 -74.34
-75.62 -75.59 -75.66 -75.72 -75.94 -76.19 -76.25 -76.25 -76.19 -76.19 -76.19 -76.16 -76.19 -76.19 -76.19 -76.19 -76.09 -75.94 -75.66 -75.56 -75.44 -75.47 -75.59 -75.72 -75.69 -75.66 -75.66 -75.53 -75.38 -75.19 -75.22 -75.19 -75.09 -75.03 -74.94 -74.84 -74.91 -74.62 -74.41 -74.09 -73.78 -73.53 -73.31 -73.12 -72.97 -72.94 -73.16 -73.53 -73.81 -73.97 -74.16 -74.44 -74.59 -74.69 -74.75 -74.69 -74.59 -74.53 -74.50 -74.47 -74.31 -74.16 -74.12 -74.28 -74.44 -74.53 -74.50 -74.41 -74.41 -74.41 -74.41
-75.62 -75.69 -75.62 -75.66 -75.88 -75.97 -76.00 -76.00 -75.97 -75.94 -75.94 -75.91 -75.94 -75.94 -75.97 -76.00 -75.78 -75.62 -75.31 -75.22 -75.12 -75.06 -75.12 -75.12 -75.25 -75.22 -75.16 -75.19 -75.16 -75.06 -74.94 -74.84 -74.78 -74.84 -74.75 -74.69 -74.66 -74.41 -74.12 -73.84 -73.53 -73.28 -73.09 -72.88 -72.62 -72.56 -72.81 -73.19 -73.44 -73.66 -73.88 -74.12 -74.28 -74.34 -74.41 -74.41 -74.38 -74.34 -74.31 -74.22 -73.97 -73.81 -73.81 -74.03 -74.22 -74.38 -74.38 -74.41 -74.50 -74.53 -74.53
-75.47 -75.47 -75.38 -75.50 -75.59 -75.62 -75.69 -75.72 -75.66 -75.62 -75.59 -75.62 -75.66 -75.66 -75.69 -75.75 -75.69 -75.47 -75.22 -75.09 -74.94 -74.75 -74.75 -74.75 -74.62 -74.69 -74.69 -74.72 -74.78 -74.81 -74.78 -74.69 -74.59 -74.69 -74.66 -74.44 -74.25 -74.16 -73.88 -73.56 -73.31 -73.09 -72.94 -72.66 -72.38 -72.31 -72.56 -72.88 -73.12 -73.41 -73.69 -73.91 -74.00 -74.03 -74.12 -74.22 -74.28 -74.25 -74.19 -73.97 -73.66 -73.50 -73.56 -73.75 -73.94 -74.06 -74.22 -74.38 -74.53 -74.62 -74.66
-75.06 -75.09 -75.06 -75.19 -75.22 -75.22 -75.34 -75.34 -75.31 -75.31 -75.25 -75.28 -75.31 -75.28 -75.38 -75.47 -75.50 -75.38 -75.16 -75.28 -75.06 -74.84 -74.72 -74.50 -74.31 -74.19 -74.31 -74.50 -74.72 -74.62 -74.53 -74.44 -74.53 -74.56 -74.41 -74.16 -73.97 -73.88 -73.69 -73.41 -73.16 -72.94 -72.81 -72.59 -72.34 -72.25 -72.41 -72.69 -72.97 -73.25 -73.53 -73.69 -73.72 -73.78 -73.91 -74.06 -74.12 -74.12 -74.00 -73.78 -73.47 -73.34 -73.41 -73.59 -73.72 -73.91 -74.16 -74.34 -74.50 -74.66 -74.69
-74.69 -74.66 -74.62 -74.72 -74.69 -74.72 -74.78 -74.84 -74.84 -74.91 -74.84 -74.78 -74.81 -74.75 -74.94 -75.06 -75.09 -75.19 -75.09 -75.12 -75.16 -75.09 -74.81 -74.44 -74.38 -74.28 -74.31 -74.41 -74.56 -74.47 -74.25 -74.12 -74.22 -74.22 -73.97 -73.88 -73.78 -73.62 -73.50 -73.38 -73.12 -72.91 -72.81 -72.62 -72.41 -72.28 -72.41 -72.62 -72.91 -73.19 -73.38 -73.50 -73.50 -73.53 -73.69 -73.78 -73.84 -73.88 -73.78 -73.62 -73.47 -73.31 -73.28 -73.41 -73.62 -73.91 -74.19 -74.34 -74.50 -74.62 -74.69
-74.12 -74.12 -74.16 -74.31 -74.22 -74.16 -74.31 -74.31 -74.34 -74.38 -74.34 -74.31 -74.22 -74.22 -74.44 -74.53 -74.75 -74.91 -74.84 -74.81 -74.84 -74.84 -74.59 -74.50 -74.41 -74.38 -74.50 -74.47 -74.38 -74.19 -74.12 -74.00 -73.97 -73.97 -73.88 -73.66 -73.53 -73.47 -73.38 -73.22 -73.06 -72.91 -72.78 -72.69 -72.56 -72.47 -72.50 -72.69 -72.91 -73.09 -73.22 -73.28 -73.28 -73.31 -73.41 -73.47 -73.53 -73.53 -73.50 -73.44 -73.38 -73.25 -73.19 -73.28 -73.59 -73.97 -74.25 -74.34 -74.41 -74.53 -74.66
-73.81 -73.69 -73.69 -73.78 -73.62 -73.50 -73.66 -73.78 -73.94 -73.88 -73.81 -73.81 -73.72 -73.72 -73.81 -73.97 -74.19 -74.47 -74.34 -74.41 -74.53 -74.50 -74.47 -74.34 -74.34 -74.41 -74.25 -74.28 -74.16 -74.00 -73.84 -73.81 -73.69 -73.62 -73.59 -73.50 -73.41 -73.38 -73.28 -73.06 -72.91 -72.81 -72.72 -72.69 -72.66 -72.59 -72.59 -72.69 -72.84 -72.97 -73.06 -73.03 -73.09 -73.12 -73.16 -73.22 -73.28 -73.28 -73.25 -73.19 -73.12 -73.06 -73.09 -73.28 -73.59 -73.97 -74.22 -74.31 -74.34 -74.47 -74.66
-73.47 -73.38 -73.47 -73.47 -73.25 -73.06 -73.06 -73.31 -73.38 -73.31 -73.41 -73.50 -73.38 -73.47 -73.62 -73.53 -73.84 -73.81 -73.81 -73.81 -73.97 -73.97 -74.09 -74.16 -74.03 -74.00 -73.88 -73.84 -73.88 -73.84 -73.56 -73.50 -73.44 -73.34 -73.41 -73.41 -73.34 -73.25 -73.19 -72.97 -72.78 -72.69 -72.66 -72.66 -72.66 -72.62 -72.59 -72.66 -72.78 -72.88 -72.88 -72.84 -72.84 -72.88 -72.84 -72.91 -73.06 -73.12 -73.09 -72.97 -72.84 -72.81 -72.91 -73.16 -73.50 -73.84 -74.12 -74.25 -74.31 -74.44 -74.59
-73.25 -73.25 -73.25 -73.25 -73.06 -72.78 -72.81 -73.00 -73.00 -73.03 -73.06 -73.06 -73.34 -73.28 -73.31 -73.22 -73.31 -73.22 -73.34 -73.50 -73.44 -73.69 -73.88 -73.94 -73.88 -73.75 -73.59 -73.53 -73.56 -73.50 -73.34 -73.19 -73.16 -73.22 -73.25 -73.22 -73.19 -73.09 -72.97 -72.81 -72.69 -72.59 -72.53 -72.53 -72.56 -72.56 -72.53 -72.56 -72.69 -72.75 -72.72 -72.66 -72.59 -72.53 -72.47 -72.59 -72.78 -72.94 -72.91 -72.72 -72.59 -72.56 -72.69 -73.00 -73.38 -73.72 -74.03 -74.19 -74.25 -74.31 -74.41
-73.00 -72.97 -73.00 -73.06 -72.88 -72.72 -72.81 -72.81 -72.81 -72.81 -72.91 -73.19 -73.34 -73.25 -73.19 -73.03 -72.75 -72.94 -73.03 -73.00 -73.03 -73.25 -73.50 -73.72 -73.66 -73.53 -73.38 -73.31 -73.16 -73.12 -73.03 -72.97 -72.91 -73.00 -73.06 -73.00 -72.91 -72.81 -72.72 -72.62 -72.56 -72.47 -72.41 -72.38 -72.38 -72.41 -72.41 -72.44 -72.50 -72.59 -72.59 -72.47 -72.38 -72.28 -72.19 -72.31 -72.56 -72.72 -72.62 -72.41 -72.25 -72.28 -72.44 -72.81 -73.25 -73.62 -73.91 -74.03 -74.06 -74.09 -74.09
-72.78 -72.78 -72.75 -72.81 -72.75 -72.69 -72.59 -72.62 -72.72 -72.69 -72.81 -73.03 -73.16 -73.16 -73.06 -72.75 -72.84 -72.84 -72.84 -72.72 -72.69 -72.94 -73.25 -73.41 -73.38 -73.31 -73.19 -73.12 -73.00 -72.81 -72.72 -72.75 -72.72 -72.75 -72.78 -72.72 -72.59 -72.50 -72.44 -72.38 -72.34 -72.28 -72.19 -72.16 -72.16 -72.19 -72.19 -72.25 -72.31 -72.38 -72.38 -72.31 -72.19 -72.09 -72.03 -72.16 -72.38 -72.47 -72.28 -71.97 -71.84 -71.94 -72.12 -72.50 -73.00 -73.38 -73.62 -73.75 -73.75 -73.72 -73.62
-72.41 -72.47 -72.50 -72.53 -72.50 -72.47 -72.47 -72.47 -72.50 -72.59 -72.72 -72.78 -72.84 -72.84 -72.78 -72.78 -72.72 -72.78 -72.72 -72.53 -72.47 -72.75 -72.97 -73.03 -73.03 -73.00 -72.97 -72.84 -72.72 -72.56 -72.44 -72.41 -72.44 -72.47 -72.44 -72.41 -72.31 -72.19 -72.09 -72.06 -72.06 -72.00 -71.94 -71.88 -71.91 -71.94 -71.97 -72.03 -72.09 -72.12 -72.12 -72.12 -72.03 -71.94 -71.91 -71.97 -72.06 -72.06 -71.91 -71.56 -71.47 -71.56 -71.84 -72.16 -72.62 -73.00 -73.22 -73.31 -73.28 -73.19 -73.03
