everonasctiles/Tile19,20.asc
ncols 128
nrows 128
xllcorner 0
yllcorner 0
cellsize 2.0
NODATA_value  -9999
[rows 34 to 67 of 128, columns 0 to 76 of 128]
51.44 51.41 51.38 51.31 51.28 51.25 51.22 51.22 51.19 51.19 51.22 51.31 51.62 51.88 52.03 52.19 52.28 52.34 52.41 52.47 52.50 52.53 52.56 52.59 52.59 52.59 52.59 52.59 52.56 52.56 52.53 52.53 52.50 52.47 52.50 52.53 52.56 52.59 52.59 52.62 52.62 52.62 52.62 52.62 52.66 52.66 52.66 52.69 52.72 52.75 52.78 52.81 52.84 52.91 52.94 52.97 53.03 53.06 53.09 53.12 53.16 53.19 53.22 53.25 53.28 53.31 53.34 53.38 53.41 53.44 53.47 53.50 53.56 53.62 53.66 53.72 53.81
51.41 51.34 51.31 51.28 51.25 51.22 51.19 51.16 51.16 51.16 51.16 51.28 51.56 51.81 51.97 52.09 52.19 52.28 52.34 52.38 52.44 52.47 52.50 52.50 52.50 52.53 52.53 52.53 52.50 52.50 52.50 52.47 52.47 52.47 52.47 52.50 52.53 52.56 52.56 52.59 52.59 52.59 52.62 52.62 52.62 52.62 52.62 52.66 52.69 52.72 52.75 52.78 52.81 52.88 52.91 52.94 53.00 53.03 53.06 53.12 53.16 53.19 53.22 53.25 53.28 53.31 53.34 53.38 53.41 53.44 53.47 53.53 53.56 53.62 53.69 53.75 53.81
51.34 51.31 51.28 51.22 51.19 51.16 51.12 51.12 51.09 51.09 51.12 51.25 51.50 51.72 51.88 52.00 52.09 52.19 52.25 52.31 52.34 52.38 52.41 52.44 52.44 52.44 52.44 52.44 52.44 52.44 52.44 52.44 52.41 52.44 52.44 52.47 52.50 52.53 52.56 52.56 52.59 52.59 52.59 52.62 52.59 52.62 52.62 52.66 52.66 52.69 52.72 52.78 52.81 52.84 52.88 52.94 52.97 53.03 53.06 53.09 53.16 53.19 53.22 53.25 53.28 53.31 53.34 53.38 53.41 53.47 53.50 53.53 53.59 53.66 53.69 53.75 53.84
51.31 51.25 51.22 51.19 51.16 51.12 51.09 51.09 51.06 51.06 51.09 51.22 51.47 51.66 51.81 51.94 52.03 52.09 52.16 52.22 52.25 52.28 52.31 52.34 52.34 52.38 52.38 52.38 52.38 52.38 52.38 52.38 52.38 52.41 52.41 52.44 52.47 52.50 52.53 52.56 52.56 52.59 52.59 52.59 52.59 52.59 52.62 52.62 52.66 52.69 52.72 52.75 52.84 52.91 52.91 52.91 52.97 53.00 53.06 53.09 53.16 53.19 53.22 53.25 53.28 53.31 53.34 53.41 53.44 53.47 53.50 53.56 53.59 53.66 53.72 53.78 53.84
51.25 51.22 51.19 51.16 51.12 51.09 51.06 51.03 51.03 51.03 51.06 51.19 51.41 51.59 51.72 51.84 51.94 52.00 52.06 52.12 52.16 52.19 52.22 52.25 52.28 52.28 52.31 52.31 52.31 52.31 52.31 52.34 52.34 52.38 52.38 52.41 52.44 52.47 52.50 52.53 52.56 52.59 52.59 52.59 52.62 52.62 52.62 52.66 52.69 52.72 52.78 53.00 53.25 53.28 53.03 52.91 52.97 53.00 53.06 53.09 53.16 53.19 53.22 53.25 53.31 53.34 53.38 53.41 53.44 53.50 53.53 53.59 53.62 53.69 53.75 53.81 53.88
51.22 51.19 51.16 51.12 51.09 51.06 51.03 51.03 51.00 51.00 51.03 51.16 51.31 51.50 51.66 51.75 51.84 51.91 51.97 52.03 52.06 52.09 52.12 52.16 52.19 52.22 52.22 52.22 52.25 52.25 52.28 52.28 52.31 52.34 52.38 52.41 52.44 52.47 52.50 52.53 52.56 52.59 52.59 52.62 52.62 52.62 52.66 52.66 52.69 52.84 53.12 53.44 53.69 53.50 53.09 52.94 52.97 53.03 53.06 53.12 53.16 53.19 53.25 53.28 53.31 53.34 53.38 53.44 53.47 53.50 53.56 53.59 53.66 53.72 53.78 53.84 53.91
51.19 51.16 51.12 51.09 51.06 51.03 51.00 51.00 50.97 50.97 51.00 51.12 51.28 51.44 51.56 51.69 51.75 51.81 51.88 51.94 51.97 52.00 52.06 52.06 52.09 52.12 52.16 52.16 52.19 52.19 52.22 52.25 52.25 52.28 52.34 52.38 52.41 52.44 52.50 52.53 52.56 52.59 52.62 52.62 52.66 52.66 52.69 52.69 52.72 52.97 53.38 53.50 53.38 53.19 53.03 52.97 53.00 53.06 53.09 53.12 53.19 53.22 53.25 53.31 53.34 53.38 53.41 53.47 53.50 53.53 53.59 53.62 53.69 53.75 53.81 53.88 53.94
51.16 51.12 51.09 51.06 51.03 51.00 51.00 50.97 50.97 50.97 51.00 51.09 51.22 51.38 51.50 51.59 51.66 51.72 51.78 51.84 51.88 51.91 51.94 51.97 52.00 52.03 52.06 52.09 52.09 52.12 52.16 52.19 52.22 52.25 52.31 52.34 52.38 52.44 52.47 52.53 52.56 52.59 52.62 52.66 52.66 52.69 52.72 52.75 52.78 52.97 53.16 53.12 53.00 52.94 52.97 53.00 53.03 53.09 53.12 53.16 53.22 53.25 53.28 53.31 53.38 53.41 53.44 53.47 53.53 53.56 53.62 53.66 53.72 53.78 53.84 53.91 53.97
51.12 51.09 51.06 51.03 51.00 51.00 50.97 50.97 50.97 50.94 50.97 51.06 51.16 51.28 51.41 51.50 51.56 51.62 51.69 51.75 51.78 51.81 51.84 51.88 51.91 51.94 51.97 52.00 52.03 52.06 52.09 52.12 52.19 52.22 52.28 52.31 52.38 52.41 52.47 52.53 52.56 52.59 52.66 52.69 52.69 52.72 52.75 52.81 52.84 52.91 52.94 52.97 53.00 53.00 53.03 53.06 53.09 53.12 53.19 53.22 53.25 53.28 53.31 53.38 53.41 53.44 53.47 53.53 53.56 53.59 53.66 53.72 53.75 53.81 53.88 53.94 54.03
51.09 51.06 51.03 51.03 51.00 50.97 50.97 50.97 50.94 50.94 51.00 51.06 51.16 51.25 51.34 51.44 51.50 51.53 51.59 51.62 51.69 51.72 51.75 51.78 51.81 51.84 51.91 51.94 51.97 52.00 52.03 52.09 52.12 52.19 52.25 52.31 52.34 52.41 52.47 52.53 52.56 52.62 52.69 52.72 52.75 52.78 52.81 52.84 52.94 52.97 53.00 53.03 53.06 53.06 53.09 53.12 53.16 53.19 53.22 53.25 53.31 53.34 53.38 53.41 53.44 53.47 53.50 53.56 53.59 53.66 53.69 53.75 53.81 53.84 53.91 54.00 54.06
51.06 51.03 51.03 51.00 50.97 50.97 50.97 50.94 50.94 50.97 50.97 51.06 51.12 51.19 51.28 51.34 51.41 51.44 51.50 51.53 51.59 51.62 51.66 51.69 51.72 51.78 51.81 51.84 51.91 51.94 52.00 52.03 52.09 52.16 52.22 52.28 52.34 52.41 52.47 52.53 52.59 52.66 52.72 52.78 52.81 52.88 52.91 52.94 53.00 53.06 53.09 53.12 53.12 53.16 53.19 53.19 53.22 53.28 53.31 53.31 53.34 53.38 53.41 53.44 53.47 53.53 53.56 53.59 53.66 53.69 53.75 53.78 53.84 53.91 53.97 54.03 54.09
51.06 51.03 51.00 50.97 50.97 50.97 50.94 50.94 50.94 50.97 51.00 51.03 51.09 51.16 51.22 51.28 51.31 51.38 51.41 51.44 51.50 51.53 51.56 51.59 51.66 51.69 51.75 51.78 51.84 51.88 51.94 52.00 52.06 52.12 52.19 52.25 52.31 52.38 52.47 52.53 52.59 52.69 52.75 52.81 52.88 52.94 53.00 53.06 53.09 53.16 53.19 53.19 53.22 53.22 53.25 53.28 53.31 53.34 53.38 53.41 53.41 53.44 53.47 53.50 53.53 53.56 53.59 53.66 53.69 53.72 53.78 53.84 53.91 53.94 54.00 54.06 54.16
51.03 51.00 51.00 50.97 50.97 50.94 50.94 50.94 50.97 50.97 51.00 51.03 51.09 51.12 51.19 51.22 51.25 51.28 51.34 51.38 51.41 51.44 51.50 51.53 51.56 51.62 51.66 51.72 51.78 51.81 51.88 51.94 52.03 52.09 52.16 52.22 52.31 52.38 52.47 52.53 52.62 52.69 52.78 52.88 52.94 53.03 53.09 53.16 53.19 53.25 53.25 53.28 53.28 53.31 53.34 53.38 53.41 53.44 53.44 53.47 53.50 53.50 53.53 53.56 53.59 53.62 53.66 53.69 53.75 53.78 53.84 53.88 53.94 54.00 54.06 54.12 54.19
51.00 51.00 50.97 50.97 50.94 50.94 50.94 50.94 50.97 50.97 51.00 51.03 51.06 51.09 51.12 51.16 51.19 51.22 51.25 51.28 51.31 51.38 51.41 51.44 51.50 51.53 51.59 51.66 51.72 51.78 51.84 51.91 51.97 52.06 52.12 52.19 52.28 52.38 52.44 52.53 52.62 52.72 52.81 52.91 53.00 53.09 53.19 53.25 53.31 53.31 53.34 53.38 53.38 53.41 53.44 53.47 53.50 53.53 53.53 53.56 53.56 53.59 53.59 53.62 53.66 53.69 53.72 53.75 53.78 53.84 53.88 53.94 54.00 54.06 54.12 54.19 54.25
51.00 50.97 50.97 50.94 50.94 50.94 50.94 50.94 50.94 50.97 51.00 51.00 51.03 51.06 51.09 51.12 51.12 51.16 51.19 51.22 51.25 51.28 51.34 51.38 51.44 51.47 51.53 51.59 51.66 51.72 51.78 51.88 51.94 52.03 52.09 52.19 52.25 52.34 52.44 52.53 52.66 52.75 52.84 52.94 53.03 53.16 53.25 53.31 53.41 53.41 53.44 53.44 53.47 53.50 53.53 53.56 53.59 53.59 53.62 53.62 53.66 53.66 53.66 53.69 53.72 53.75 53.78 53.81 53.84 53.91 53.94 54.00 54.03 54.09 54.16 54.22 54.28
50.97 50.97 50.94 50.94 50.94 50.94 50.94 50.94 50.94 50.97 50.97 51.00 51.00 51.03 51.03 51.06 51.06 51.09 51.12 51.16 51.19 51.22 51.28 51.31 51.38 51.44 51.47 51.53 51.62 51.69 51.75 51.84 51.91 52.00 52.06 52.16 52.25 52.34 52.44 52.56 52.66 52.75 52.88 52.97 53.09 53.19 53.28 53.38 53.44 53.50 53.50 53.53 53.56 53.59 53.62 53.66 53.69 53.69 53.72 53.72 53.72 53.72 53.75 53.75 53.78 53.81 53.84 53.88 53.91 53.94 54.00 54.03 54.09 54.16 54.22 54.28 54.34
50.97 50.94 50.94 50.91 50.91 50.91 50.91 50.94 50.94 50.94 50.97 50.97 50.97 51.00 51.00 51.03 51.03 51.06 51.06 51.09 51.16 51.19 51.22 51.28 51.31 51.38 51.44 51.50 51.56 51.62 51.72 51.78 51.88 51.97 52.06 52.16 52.25 52.34 52.44 52.56 52.66 52.78 52.91 53.00 53.12 53.22 53.31 53.41 53.50 53.56 53.59 53.59 53.62 53.69 53.72 53.75 53.78 53.78 53.81 53.81 53.81 53.81 53.81 53.84 53.84 53.88 53.91 53.94 53.97 54.00 54.06 54.09 54.16 54.22 54.28 54.34 54.41
50.94 50.94 50.91 50.91 50.91 50.91 50.91 50.91 50.94 50.94 50.94 50.97 50.97 50.97 50.97 50.97 51.00 51.00 51.03 51.06 51.09 51.12 51.19 51.22 51.28 51.34 51.41 51.47 51.53 51.59 51.69 51.78 51.84 51.94 52.03 52.12 52.22 52.34 52.44 52.56 52.69 52.78 52.91 53.03 53.16 53.25 53.38 53.47 53.53 53.62 53.66 53.69 53.72 53.75 53.81 53.84 53.88 53.88 53.91 53.91 53.91 53.91 53.91 53.91 53.91 53.94 53.97 54.00 54.03 54.06 54.12 54.16 54.22 54.28 54.34 54.41 54.47
50.94 50.91 50.91 50.91 50.91 50.91 50.91 50.91 50.91 50.91 50.91 50.94 50.94 50.94 50.94 50.94 50.97 50.97 51.00 51.03 51.06 51.09 51.16 51.19 51.25 51.31 51.34 51.44 51.50 51.56 51.66 51.75 51.84 51.94 52.03 52.12 52.22 52.34 52.44 52.56 52.69 52.81 52.94 53.06 53.19 53.28 53.41 53.50 53.59 53.66 53.72 53.75 53.78 53.84 53.91 53.94 53.97 53.97 53.97 53.97 53.97 53.97 53.97 53.97 54.00 54.00 54.03 54.06 54.09 54.12 54.19 54.22 54.28 54.34 54.38 54.44 54.50
50.91 50.91 50.88 50.88 50.88 50.88 50.88 50.88 50.88 50.91 50.91 50.91 50.91 50.91 50.91 50.94 50.94 50.94 50.97 51.00 51.03 51.06 51.12 51.16 51.22 51.28 51.34 51.41 51.47 51.56 51.62 51.72 51.81 51.91 52.00 52.12 52.22 52.34 52.44 52.56 52.69 52.81 52.94 53.06 53.19 53.31 53.44 53.53 53.62 53.72 53.75 53.81 53.88 53.94 53.97 54.03 54.06 54.06 54.06 54.06 54.06 54.06 54.06 54.06 54.06 54.06 54.09 54.12 54.16 54.19 54.22 54.28 54.34 54.38 54.44 54.50 54.56
50.91 50.88 50.88 50.88 50.88 50.84 50.84 50.84 50.88 50.88 50.88 50.88 50.88 50.88 50.91 50.91 50.91 50.94 50.94 50.97 51.00 51.06 51.09 51.16 51.19 51.25 51.31 51.38 51.47 51.53 51.62 51.72 51.81 51.91 52.00 52.12 52.22 52.34 52.47 52.59 52.72 52.84 52.97 53.09 53.22 53.34 53.47 53.56 53.66 53.75 53.81 53.88 53.97 54.00 54.06 54.09 54.12 54.16 54.16 54.16 54.16 54.12 54.12 54.12 54.12 54.16 54.16 54.19 54.22 54.25 54.28 54.34 54.41 54.44 54.50 54.56 54.62
50.91 50.88 50.84 50.84 50.84 50.84 50.84 50.84 50.84 50.84 50.84 50.88 50.88 50.88 50.88 50.88 50.91 50.91 50.94 50.97 51.00 51.03 51.09 51.12 51.19 51.25 51.31 51.38 51.44 51.53 51.62 51.69 51.81 51.91 52.00 52.12 52.22 52.34 52.47 52.59 52.72 52.84 52.97 53.12 53.25 53.38 53.47 53.59 53.72 53.81 53.88 53.97 54.03 54.09 54.12 54.19 54.19 54.22 54.22 54.22 54.22 54.22 54.19 54.19 54.19 54.22 54.22 54.25 54.28 54.31 54.34 54.41 54.44 54.50 54.56 54.62 54.69
50.88 50.88 50.84 50.84 50.84 50.84 50.84 50.84 50.84 50.84 50.84 50.84 50.84 50.84 50.84 50.84 50.88 50.91 50.94 50.97 51.00 51.03 51.06 51.12 51.19 51.22 51.28 51.38 51.44 51.53 51.59 51.69 51.78 51.91 52.00 52.12 52.22 52.34 52.47 52.59 52.72 52.84 53.00 53.12 53.25 53.38 53.50 53.62 53.75 53.84 53.94 54.03 54.09 54.16 54.19 54.25 54.25 54.28 54.28 54.28 54.28 54.28 54.25 54.25 54.25 54.28 54.28 54.31 54.34 54.38 54.41 54.47 54.50 54.56 54.62 54.69 54.75
50.88 50.84 50.84 50.84 50.81 50.81 50.81 50.81 50.81 50.81 50.81 50.81 50.81 50.84 50.84 50.84 50.88 50.88 50.91 50.94 51.00 51.03 51.06 51.12 51.19 51.22 51.28 51.38 51.44 51.53 51.59 51.69 51.78 51.91 52.00 52.12 52.22 52.34 52.47 52.59 52.72 52.88 53.00 53.12 53.25 53.41 53.53 53.66 53.75 53.88 53.97 54.09 54.16 54.22 54.25 54.28 54.31 54.31 54.34 54.34 54.34 54.34 54.31 54.31 54.31 54.34 54.34 54.38 54.41 54.44 54.47 54.50 54.56 54.62 54.69 54.75 54.81
50.88 50.84 50.84 50.81 50.81 50.81 50.81 50.81 50.81 50.81 50.81 50.81 50.81 50.81 50.84 50.84 50.84 50.88 50.91 50.94 50.97 51.03 51.06 51.12 51.19 51.22 51.28 51.38 51.44 51.53 51.59 51.69 51.78 51.91 52.00 52.12 52.25 52.38 52.47 52.59 52.72 52.88 53.00 53.12 53.28 53.41 53.53 53.66 53.78 53.91 54.00 54.12 54.19 54.25 54.28 54.31 54.34 54.34 54.38 54.38 54.38 54.38 54.38 54.38 54.38 54.38 54.41 54.44 54.47 54.50 54.53 54.56 54.62 54.69 54.72 54.78 54.84
50.88 50.84 50.84 50.81 50.81 50.81 50.81 50.81 50.81 50.81 50.81 50.81 50.81 50.81 50.81 50.84 50.84 50.88 50.91 50.94 51.00 51.03 51.06 51.12 51.19 51.25 51.28 51.38 51.44 51.53 51.59 51.69 51.81 51.91 52.00 52.12 52.25 52.38 52.50 52.62 52.75 52.88 53.00 53.12 53.28 53.41 53.53 53.66 53.78 53.91 54.00 54.12 54.19 54.25 54.31 54.34 54.38 54.38 54.41 54.41 54.41 54.41 54.41 54.41 54.44 54.44 54.47 54.47 54.50 54.53 54.59 54.62 54.69 54.72 54.78 54.84 54.91
50.88 50.84 50.84 50.81 50.81 50.81 50.81 50.81 50.81 50.81 50.81 50.81 50.84 50.84 50.81 50.84 50.88 50.88 50.91 50.94 51.00 51.03 51.09 51.12 51.19 51.25 51.31 51.38 51.44 51.53 51.62 51.72 51.81 51.91 52.03 52.12 52.25 52.38 52.50 52.62 52.75 52.88 53.00 53.16 53.28 53.41 53.53 53.66 53.78 53.91 54.00 54.09 54.19 54.25 54.31 54.34 54.38 54.41 54.41 54.44 54.44 54.44 54.44 54.47 54.47 54.50 54.50 54.53 54.56 54.59 54.62 54.69 54.72 54.78 54.84 54.91 54.97
50.88 50.84 50.84 50.84 50.81 50.81 50.81 50.81 50.84 50.84 50.84 50.84 50.84 50.84 50.84 50.84 50.88 50.91 50.94 50.97 51.03 51.06 51.12 51.16 51.19 51.25 51.31 51.38 51.47 51.53 51.62 51.72 51.81 51.91 52.03 52.16 52.28 52.38 52.50 52.62 52.75 52.88 53.00 53.16 53.28 53.41 53.53 53.66 53.78 53.88 54.00 54.06 54.16 54.22 54.28 54.34 54.38 54.41 54.41 54.44 54.44 54.47 54.47 54.50 54.50 54.53 54.56 54.56 54.62 54.66 54.69 54.72 54.78 54.84 54.91 54.97 55.03
50.91 50.88 50.88 50.84 50.84 50.84 50.84 50.84 50.84 50.84 50.84 50.84 50.88 50.84 50.88 50.88 50.91 50.94 50.97 51.00 51.06 51.09 51.16 51.19 51.22 51.28 51.34 51.41 51.47 51.53 51.62 51.72 51.81 51.94 52.03 52.16 52.28 52.41 52.53 52.66 52.78 52.91 53.03 53.16 53.28 53.41 53.53 53.66 53.75 53.88 53.97 54.06 54.16 54.22 54.25 54.31 54.34 54.38 54.41 54.44 54.47 54.47 54.50 54.50 54.53 54.56 54.59 54.62 54.66 54.69 54.75 54.78 54.84 54.88 54.94 55.00 55.09
50.91 50.91 50.88 50.88 50.84 50.84 50.84 50.84 50.84 50.88 50.88 50.88 50.88 50.88 50.91 50.91 50.94 50.94 51.00 51.06 51.09 51.12 51.19 51.22 51.25 51.28 51.34 51.41 51.47 51.56 51.66 51.75 51.84 51.94 52.06 52.16 52.28 52.41 52.53 52.66 52.78 52.91 53.03 53.16 53.28 53.41 53.53 53.62 53.75 53.88 53.97 54.03 54.12 54.19 54.22 54.28 54.34 54.38 54.41 54.44 54.44 54.47 54.50 54.53 54.56 54.59 54.62 54.66 54.69 54.75 54.78 54.84 54.88 54.94 55.00 55.06 55.16
50.94 50.94 50.91 50.88 50.88 50.88 50.88 50.88 50.88 50.88 50.91 50.91 50.91 50.91 50.94 50.94 50.97 51.00 51.06 51.09 51.16 51.19 51.22 51.25 51.28 51.31 51.38 51.44 51.50 51.56 51.66 51.75 51.84 51.97 52.06 52.19 52.31 52.44 52.53 52.66 52.78 52.91 53.03 53.16 53.28 53.41 53.53 53.62 53.75 53.88 53.97 54.03 54.12 54.19 54.22 54.28 54.31 54.34 54.41 54.44 54.44 54.47 54.50 54.53 54.59 54.62 54.66 54.69 54.75 54.78 54.84 54.88 54.94 55.00 55.06 55.12 55.22
50.97 50.94 50.94 50.94 50.91 50.91 50.91 50.91 50.91 50.91 50.94 50.94 50.94 50.94 50.94 50.97 51.00 51.06 51.09 51.16 51.19 51.22 51.25 51.28 51.31 51.34 51.38 51.44 51.50 51.59 51.69 51.78 51.88 51.97 52.09 52.19 52.31 52.44 52.56 52.69 52.81 52.94 53.06 53.19 53.31 53.41 53.53 53.66 53.75 53.88 53.97 54.06 54.12 54.19 54.25 54.28 54.31 54.38 54.41 54.44 54.47 54.50 54.53 54.56 54.59 54.66 54.69 54.75 54.78 54.84 54.88 54.94 55.00 55.06 55.12 55.19 55.28
51.00 51.00 50.97 50.94 50.94 50.94 50.94 50.94 50.94 50.94 50.94 50.97 50.97 50.97 51.00 51.03 51.06 51.09 51.16 51.19 51.25 51.28 51.28 51.31 51.31 51.34 51.41 51.47 51.53 51.59 51.69 51.78 51.88 52.00 52.09 52.22 52.34 52.47 52.56 52.69 52.81 52.94 53.06 53.19 53.31 53.44 53.53 53.66 53.75 53.88 53.97 54.06 54.16 54.22 54.25 54.28 54.34 54.38 54.41 54.44 54.47 54.50 54.56 54.59 54.66 54.69 54.72 54.78 54.81 54.88 54.94 54.97 55.03 55.09 55.19 55.25 55.34
51.06 51.03 51.03 51.00 50.97 50.97 50.97 50.97 50.97 50.97 51.00 51.00 51.00 51.03 51.06 51.06 51.09 51.16 51.22 51.25 51.28 51.31 51.31 51.34 51.34 51.38 51.41 51.47 51.53 51.62 51.69 51.78 51.91 52.00 52.12 52.22 52.34 52.47 52.59 52.72 52.84 52.97 53.09 53.22 53.34 53.44 53.56 53.66 53.75 53.88 54.00 54.09 54.16 54.22 54.25 54.31 54.34 54.38 54.44 54.47 54.50 54.53 54.59 54.62 54.69 54.72 54.78 54.81 54.88 54.94 54.97 55.03 55.09 55.16 55.25 55.31 55.41
