everonasctiles/Tile4,32.asc
ncols 128
nrows 128
xllcorner 0
yllcorner 0
cellsize 2.0
NODATA_value  -9999
[rows 32 to 63 of 128, columns 0 to 70 of 128]
-53.62 -53.25 -52.84 -52.44 -51.97 -51.50 -51.12 -50.88 -50.72 -50.59 -50.53 -50.44 -50.38 -50.28 -50.16 -50.00 -49.81 -49.59 -49.38 -49.16 -48.91 -48.66 -48.38 -48.12 -47.88 -47.66 -47.44 -47.25 -47.03 -46.81 -46.59 -46.38 -46.16 -45.97 -45.75 -45.56 -45.34 -45.16 -44.97 -44.81 -44.66 -44.47 -44.31 -44.12 -43.94 -43.78 -43.62 -43.53 -43.47 -43.47 -43.53 -43.59 -43.66 -43.72 -43.75 -43.78 -43.81 -43.81 -43.81 -43.81 -43.81 -43.81 -43.78 -43.75 -43.72 -43.66 -43.59 -43.53 -43.47 -43.38 -43.31
-53.81 -53.44 -53.00 -52.56 -52.09 -51.56 -51.09 -50.81 -50.69 -50.56 -50.47 -50.41 -50.34 -50.25 -50.12 -49.94 -49.75 -49.53 -49.31 -49.06 -48.81 -48.56 -48.31 -48.06 -47.81 -47.59 -47.38 -47.16 -46.94 -46.72 -46.50 -46.28 -46.06 -45.88 -45.66 -45.47 -45.25 -45.06 -44.88 -44.72 -44.53 -44.38 -44.22 -44.06 -43.88 -43.72 -43.59 -43.50 -43.47 -43.50 -43.53 -43.59 -43.66 -43.69 -43.72 -43.75 -43.75 -43.75 -43.75 -43.75 -43.75 -43.72 -43.69 -43.66 -43.59 -43.53 -43.47 -43.41 -43.31 -43.25 -43.16
-54.06 -53.62 -53.19 -52.75 -52.28 -51.78 -51.34 -51.03 -50.81 -50.66 -50.56 -50.47 -50.38 -50.28 -50.12 -49.94 -49.72 -49.47 -49.25 -48.97 -48.72 -48.47 -48.22 -47.97 -47.75 -47.53 -47.31 -47.09 -46.88 -46.66 -46.41 -46.19 -45.97 -45.75 -45.53 -45.34 -45.16 -44.94 -44.75 -44.59 -44.44 -44.28 -44.12 -43.97 -43.81 -43.66 -43.56 -43.50 -43.47 -43.47 -43.50 -43.56 -43.59 -43.66 -43.66 -43.69 -43.69 -43.69 -43.66 -43.66 -43.62 -43.59 -43.56 -43.53 -43.47 -43.41 -43.34 -43.28 -43.19 -43.09 -43.00
-54.28 -53.84 -53.41 -52.94 -52.47 -52.00 -51.56 -51.25 -50.97 -50.78 -50.66 -50.56 -50.44 -50.31 -50.12 -49.91 -49.69 -49.41 -49.16 -48.88 -48.59 -48.34 -48.09 -47.88 -47.66 -47.44 -47.25 -47.00 -46.78 -46.56 -46.31 -46.09 -45.88 -45.66 -45.44 -45.22 -45.03 -44.81 -44.62 -44.47 -44.31 -44.16 -44.00 -43.88 -43.72 -43.62 -43.53 -43.47 -43.44 -43.47 -43.50 -43.53 -43.56 -43.59 -43.59 -43.59 -43.59 -43.59 -43.56 -43.56 -43.53 -43.50 -43.44 -43.41 -43.34 -43.28 -43.22 -43.16 -43.09 -42.97 -42.88
-54.50 -54.03 -53.56 -53.06 -52.59 -52.16 -51.75 -51.41 -51.12 -50.94 -50.78 -50.66 -50.53 -50.34 -50.12 -49.88 -49.62 -49.34 -49.06 -48.78 -48.50 -48.22 -47.94 -47.72 -47.53 -47.34 -47.12 -46.91 -46.69 -46.47 -46.22 -46.00 -45.75 -45.53 -45.34 -45.12 -44.94 -44.72 -44.53 -44.34 -44.19 -44.03 -43.91 -43.78 -43.66 -43.56 -43.50 -43.44 -43.44 -43.47 -43.47 -43.50 -43.50 -43.53 -43.53 -43.53 -43.50 -43.50 -43.47 -43.44 -43.44 -43.38 -43.34 -43.28 -43.22 -43.19 -43.12 -43.09 -43.06 -43.00 -42.88
-54.66 -54.19 -53.69 -53.22 -52.75 -52.31 -51.91 -51.56 -51.28 -51.06 -50.91 -50.75 -50.56 -50.34 -50.09 -49.84 -49.56 -49.28 -49.00 -48.69 -48.38 -48.09 -47.81 -47.59 -47.41 -47.22 -47.03 -46.81 -46.59 -46.38 -46.12 -45.91 -45.69 -45.47 -45.25 -45.06 -44.84 -44.62 -44.44 -44.22 -44.06 -43.91 -43.78 -43.69 -43.59 -43.53 -43.47 -43.47 -43.47 -43.47 -43.47 -43.47 -43.47 -43.47 -43.47 -43.44 -43.44 -43.41 -43.38 -43.38 -43.34 -43.31 -43.25 -43.19 -43.12 -43.16 -43.19 -43.22 -43.22 -43.19 -43.09
-54.75 -54.28 -53.81 -53.34 -52.88 -52.47 -52.06 -51.72 -51.44 -51.22 -51.03 -50.81 -50.59 -50.34 -50.06 -49.78 -49.50 -49.19 -48.91 -48.59 -48.28 -48.00 -47.72 -47.50 -47.28 -47.12 -46.94 -46.75 -46.53 -46.31 -46.06 -45.84 -45.62 -45.41 -45.19 -45.00 -44.78 -44.56 -44.31 -44.12 -43.94 -43.78 -43.69 -43.59 -43.56 -43.50 -43.47 -43.47 -43.50 -43.50 -43.50 -43.50 -43.47 -43.47 -43.44 -43.44 -43.41 -43.38 -43.34 -43.31 -43.28 -43.25 -43.22 -43.22 -43.25 -43.31 -43.41 -43.44 -43.41 -43.38 -43.31
-54.88 -54.44 -53.94 -53.50 -53.03 -52.62 -52.22 -51.88 -51.59 -51.38 -51.12 -50.91 -50.62 -50.34 -50.03 -49.72 -49.41 -49.09 -48.81 -48.50 -48.19 -47.91 -47.66 -47.41 -47.22 -47.03 -46.88 -46.69 -46.47 -46.25 -46.03 -45.81 -45.56 -45.34 -45.16 -44.91 -44.69 -44.44 -44.22 -44.00 -43.78 -43.66 -43.56 -43.50 -43.50 -43.50 -43.50 -43.53 -43.53 -43.56 -43.56 -43.53 -43.50 -43.50 -43.47 -43.47 -43.44 -43.41 -43.38 -43.34 -43.34 -43.34 -43.34 -43.41 -43.44 -43.53 -43.59 -43.66 -43.66 -43.59 -43.53
-55.03 -54.56 -54.09 -53.62 -53.19 -52.78 -52.38 -52.03 -51.75 -51.50 -51.22 -50.94 -50.66 -50.34 -50.00 -49.69 -49.34 -49.00 -48.69 -48.38 -48.09 -47.81 -47.56 -47.31 -47.12 -46.97 -46.81 -46.62 -46.44 -46.22 -46.00 -45.78 -45.53 -45.31 -45.06 -44.81 -44.56 -44.31 -44.06 -43.84 -43.66 -43.50 -43.44 -43.44 -43.44 -43.47 -43.53 -43.56 -43.59 -43.59 -43.59 -43.56 -43.56 -43.53 -43.53 -43.53 -43.50 -43.50 -43.47 -43.47 -43.47 -43.47 -43.50 -43.56 -43.62 -43.72 -43.81 -43.88 -43.88 -43.84 -43.78
-55.16 -54.69 -54.25 -53.78 -53.34 -52.91 -52.50 -52.16 -51.88 -51.59 -51.31 -51.00 -50.69 -50.34 -50.00 -49.66 -49.28 -48.91 -48.56 -48.25 -47.97 -47.69 -47.47 -47.22 -47.03 -46.88 -46.75 -46.59 -46.41 -46.22 -46.00 -45.75 -45.53 -45.25 -45.00 -44.72 -44.44 -44.16 -43.91 -43.66 -43.47 -43.34 -43.31 -43.34 -43.41 -43.47 -43.53 -43.59 -43.62 -43.62 -43.62 -43.62 -43.59 -43.59 -43.62 -43.62 -43.62 -43.59 -43.59 -43.59 -43.59 -43.62 -43.66 -43.75 -43.81 -43.94 -44.03 -44.09 -44.12 -44.09 -44.03
-55.19 -54.75 -54.31 -53.84 -53.41 -52.97 -52.59 -52.25 -51.97 -51.66 -51.38 -51.06 -50.72 -50.38 -50.03 -49.66 -49.25 -48.81 -48.44 -48.12 -47.84 -47.62 -47.41 -47.19 -47.00 -46.84 -46.72 -46.59 -46.41 -46.22 -45.97 -45.72 -45.47 -45.19 -44.88 -44.59 -44.28 -44.00 -43.75 -43.47 -43.25 -43.16 -43.22 -43.28 -43.38 -43.47 -43.53 -43.59 -43.66 -43.66 -43.66 -43.66 -43.66 -43.66 -43.69 -43.72 -43.72 -43.69 -43.69 -43.72 -43.72 -43.78 -43.84 -43.91 -44.00 -44.12 -44.22 -44.31 -44.34 -44.31 -44.28
-55.19 -54.72 -54.25 -53.81 -53.38 -52.97 -52.59 -52.28 -52.00 -51.72 -51.41 -51.12 -50.78 -50.44 -50.09 -49.72 -49.28 -48.88 -48.50 -48.19 -47.94 -47.72 -47.47 -47.25 -47.06 -46.91 -46.78 -46.62 -46.44 -46.22 -45.97 -45.69 -45.41 -45.09 -44.75 -44.44 -44.12 -43.84 -43.53 -43.22 -43.06 -43.09 -43.19 -43.25 -43.34 -43.44 -43.53 -43.59 -43.62 -43.66 -43.66 -43.66 -43.69 -43.72 -43.75 -43.78 -43.81 -43.81 -43.81 -43.81 -43.84 -43.91 -43.97 -44.06 -44.16 -44.28 -44.38 -44.50 -44.53 -44.53 -44.50
-55.12 -54.62 -54.16 -53.69 -53.25 -52.88 -52.56 -52.25 -52.00 -51.75 -51.47 -51.19 -50.91 -50.56 -50.22 -49.84 -49.47 -49.06 -48.72 -48.41 -48.12 -47.84 -47.59 -47.38 -47.19 -47.03 -46.88 -46.72 -46.50 -46.25 -45.97 -45.66 -45.31 -44.97 -44.62 -44.28 -43.94 -43.59 -43.25 -43.03 -43.03 -43.09 -43.19 -43.25 -43.34 -43.44 -43.50 -43.56 -43.59 -43.62 -43.62 -43.66 -43.72 -43.78 -43.81 -43.84 -43.88 -43.88 -43.91 -43.91 -43.97 -44.00 -44.09 -44.19 -44.28 -44.41 -44.53 -44.66 -44.72 -44.72 -44.72
-55.03 -54.47 -53.94 -53.47 -53.06 -52.72 -52.44 -52.22 -52.00 -51.81 -51.59 -51.34 -51.06 -50.72 -50.38 -50.03 -49.66 -49.28 -48.94 -48.59 -48.28 -48.00 -47.72 -47.50 -47.31 -47.16 -47.00 -46.78 -46.56 -46.28 -45.97 -45.62 -45.25 -44.84 -44.47 -44.09 -43.69 -43.34 -43.09 -43.03 -43.06 -43.12 -43.19 -43.28 -43.34 -43.41 -43.47 -43.50 -43.53 -43.56 -43.62 -43.66 -43.75 -43.81 -43.88 -43.91 -43.94 -43.94 -43.97 -44.00 -44.03 -44.09 -44.19 -44.28 -44.41 -44.53 -44.66 -44.78 -44.84 -44.91 -44.94
-55.12 -54.41 -53.72 -53.16 -52.75 -52.53 -52.41 -52.25 -52.12 -51.97 -51.75 -51.53 -51.25 -50.94 -50.56 -50.19 -49.81 -49.44 -49.09 -48.72 -48.41 -48.09 -47.84 -47.62 -47.44 -47.28 -47.09 -46.88 -46.62 -46.31 -45.97 -45.59 -45.19 -44.78 -44.38 -43.97 -43.59 -43.31 -43.19 -43.16 -43.16 -43.19 -43.22 -43.28 -43.31 -43.38 -43.41 -43.44 -43.47 -43.53 -43.59 -43.66 -43.75 -43.84 -43.91 -43.94 -43.97 -44.00 -44.00 -44.06 -44.09 -44.16 -44.25 -44.38 -44.50 -44.62 -44.75 -44.88 -45.00 -45.06 -45.12
-55.31 -54.59 -53.84 -53.22 -52.91 -52.78 -52.66 -52.50 -52.34 -52.19 -52.00 -51.75 -51.47 -51.12 -50.75 -50.38 -49.97 -49.56 -49.19 -48.81 -48.47 -48.19 -47.94 -47.72 -47.53 -47.38 -47.16 -46.91 -46.62 -46.31 -45.94 -45.56 -45.16 -44.75 -44.38 -44.03 -43.72 -43.47 -43.31 -43.28 -43.25 -43.25 -43.25 -43.28 -43.28 -43.31 -43.31 -43.34 -43.38 -43.47 -43.53 -43.62 -43.75 -43.84 -43.94 -43.97 -44.00 -44.03 -44.06 -44.09 -44.16 -44.22 -44.31 -44.44 -44.56 -44.69 -44.81 -44.97 -45.09 -45.22 -45.34
-55.47 -54.84 -54.12 -53.59 -53.38 -53.16 -52.97 -52.75 -52.56 -52.41 -52.22 -51.97 -51.66 -51.31 -50.91 -50.50 -50.06 -49.66 -49.25 -48.88 -48.56 -48.28 -48.03 -47.81 -47.62 -47.44 -47.19 -46.94 -46.62 -46.28 -45.91 -45.50 -45.12 -44.72 -44.34 -44.03 -43.75 -43.56 -43.44 -43.41 -43.38 -43.34 -43.31 -43.28 -43.25 -43.22 -43.25 -43.25 -43.31 -43.38 -43.50 -43.59 -43.72 -43.81 -43.91 -43.97 -44.00 -44.03 -44.06 -44.12 -44.19 -44.28 -44.38 -44.50 -44.62 -44.75 -44.91 -45.06 -45.22 -45.41 -45.53
-55.59 -55.03 -54.47 -54.06 -53.75 -53.50 -53.25 -53.03 -52.84 -52.66 -52.44 -52.16 -51.81 -51.44 -51.03 -50.59 -50.19 -49.75 -49.34 -49.00 -48.69 -48.38 -48.12 -47.91 -47.72 -47.47 -47.22 -46.91 -46.59 -46.22 -45.81 -45.44 -45.03 -44.62 -44.28 -44.00 -43.78 -43.66 -43.56 -43.53 -43.50 -43.44 -43.38 -43.31 -43.22 -43.19 -43.16 -43.19 -43.25 -43.34 -43.44 -43.56 -43.69 -43.78 -43.88 -43.94 -44.00 -44.03 -44.06 -44.12 -44.22 -44.31 -44.41 -44.53 -44.66 -44.81 -44.97 -45.16 -45.34 -45.56 -45.72
-55.69 -55.22 -54.78 -54.41 -54.06 -53.78 -53.53 -53.31 -53.09 -52.91 -52.62 -52.31 -51.94 -51.56 -51.16 -50.72 -50.28 -49.88 -49.50 -49.16 -48.81 -48.53 -48.25 -48.00 -47.78 -47.50 -47.22 -46.91 -46.56 -46.19 -45.75 -45.31 -44.88 -44.50 -44.19 -43.97 -43.81 -43.72 -43.66 -43.62 -43.59 -43.53 -43.47 -43.34 -43.25 -43.16 -43.12 -43.12 -43.19 -43.28 -43.41 -43.53 -43.66 -43.75 -43.84 -43.91 -43.97 -44.00 -44.06 -44.12 -44.19 -44.31 -44.41 -44.56 -44.69 -44.88 -45.06 -45.28 -45.50 -45.72 -45.91
-55.84 -55.44 -55.03 -54.69 -54.38 -54.06 -53.78 -53.56 -53.34 -53.09 -52.78 -52.44 -52.06 -51.66 -51.25 -50.81 -50.41 -50.00 -49.66 -49.31 -49.00 -48.69 -48.38 -48.09 -47.84 -47.56 -47.25 -46.91 -46.56 -46.16 -45.75 -45.28 -44.81 -44.41 -44.12 -44.00 -43.88 -43.81 -43.75 -43.72 -43.69 -43.62 -43.53 -43.41 -43.28 -43.16 -43.06 -43.09 -43.16 -43.25 -43.38 -43.50 -43.62 -43.72 -43.78 -43.84 -43.91 -43.97 -44.00 -44.09 -44.16 -44.28 -44.41 -44.56 -44.72 -44.91 -45.12 -45.38 -45.62 -45.84 -46.06
-56.00 -55.62 -55.28 -54.94 -54.59 -54.31 -54.03 -53.75 -53.50 -53.22 -52.91 -52.53 -52.16 -51.75 -51.34 -50.94 -50.53 -50.16 -49.81 -49.47 -49.16 -48.84 -48.53 -48.22 -47.91 -47.59 -47.28 -46.94 -46.59 -46.22 -45.81 -45.41 -45.00 -44.62 -44.34 -44.12 -44.00 -43.91 -43.88 -43.81 -43.78 -43.72 -43.59 -43.47 -43.31 -43.19 -43.06 -43.06 -43.12 -43.22 -43.34 -43.47 -43.56 -43.66 -43.72 -43.78 -43.84 -43.91 -43.94 -44.03 -44.09 -44.22 -44.34 -44.53 -44.72 -44.94 -45.19 -45.44 -45.72 -45.97 -46.19
-56.12 -55.81 -55.47 -55.12 -54.81 -54.50 -54.22 -53.91 -53.62 -53.31 -53.00 -52.62 -52.25 -51.88 -51.47 -51.06 -50.69 -50.31 -49.97 -49.66 -49.31 -49.00 -48.69 -48.34 -48.03 -47.69 -47.38 -47.03 -46.66 -46.28 -45.91 -45.53 -45.16 -44.78 -44.50 -44.25 -44.09 -44.00 -43.97 -43.94 -43.88 -43.78 -43.66 -43.50 -43.31 -43.16 -43.03 -43.03 -43.09 -43.19 -43.31 -43.44 -43.53 -43.59 -43.66 -43.72 -43.75 -43.81 -43.88 -43.94 -44.03 -44.16 -44.31 -44.50 -44.72 -44.97 -45.22 -45.50 -45.78 -46.06 -46.31
-56.25 -55.94 -55.59 -55.28 -54.97 -54.66 -54.34 -54.03 -53.72 -53.41 -53.06 -52.72 -52.34 -51.97 -51.59 -51.22 -50.84 -50.50 -50.12 -49.78 -49.44 -49.12 -48.81 -48.47 -48.12 -47.78 -47.47 -47.12 -46.75 -46.38 -46.00 -45.62 -45.25 -44.91 -44.62 -44.38 -44.22 -44.12 -44.06 -44.03 -43.94 -43.84 -43.69 -43.50 -43.31 -43.16 -43.00 -42.97 -43.06 -43.16 -43.28 -43.38 -43.47 -43.53 -43.59 -43.62 -43.69 -43.72 -43.78 -43.84 -43.97 -44.12 -44.28 -44.50 -44.75 -45.00 -45.28 -45.56 -45.88 -46.16 -46.44
-56.28 -56.00 -55.69 -55.38 -55.06 -54.72 -54.41 -54.09 -53.75 -53.44 -53.12 -52.78 -52.41 -52.03 -51.69 -51.31 -50.97 -50.59 -50.22 -49.88 -49.53 -49.19 -48.88 -48.53 -48.22 -47.88 -47.56 -47.19 -46.84 -46.44 -46.06 -45.69 -45.31 -45.00 -44.69 -44.47 -44.31 -44.22 -44.19 -44.09 -44.00 -43.84 -43.69 -43.50 -43.31 -43.12 -42.97 -42.97 -43.06 -43.16 -43.25 -43.34 -43.41 -43.47 -43.53 -43.56 -43.59 -43.62 -43.69 -43.78 -43.91 -44.09 -44.28 -44.53 -44.78 -45.06 -45.34 -45.66 -45.97 -46.28 -46.53
-56.22 -55.97 -55.69 -55.41 -55.09 -54.78 -54.44 -54.09 -53.78 -53.44 -53.12 -52.78 -52.41 -52.03 -51.66 -51.31 -50.97 -50.59 -50.25 -49.88 -49.50 -49.19 -48.84 -48.53 -48.22 -47.91 -47.59 -47.22 -46.84 -46.47 -46.09 -45.72 -45.34 -45.03 -44.75 -44.56 -44.41 -44.34 -44.28 -44.19 -44.06 -43.91 -43.72 -43.53 -43.34 -43.12 -43.00 -43.03 -43.12 -43.19 -43.25 -43.31 -43.38 -43.44 -43.47 -43.50 -43.53 -43.56 -43.62 -43.75 -43.88 -44.06 -44.31 -44.56 -44.84 -45.16 -45.44 -45.75 -46.06 -46.34 -46.62
-56.06 -55.88 -55.66 -55.38 -55.09 -54.78 -54.44 -54.09 -53.75 -53.41 -53.06 -52.69 -52.31 -51.94 -51.56 -51.19 -50.84 -50.50 -50.16 -49.78 -49.44 -49.09 -48.75 -48.44 -48.16 -47.84 -47.53 -47.19 -46.81 -46.44 -46.06 -45.69 -45.34 -45.03 -44.81 -44.62 -44.50 -44.44 -44.38 -44.25 -44.12 -43.97 -43.78 -43.59 -43.41 -43.25 -43.19 -43.22 -43.25 -43.28 -43.31 -43.34 -43.38 -43.41 -43.44 -43.44 -43.47 -43.50 -43.59 -43.69 -43.88 -44.06 -44.31 -44.59 -44.91 -45.19 -45.50 -45.81 -46.12 -46.44 -46.69
-55.78 -55.72 -55.53 -55.28 -55.03 -54.72 -54.41 -54.06 -53.69 -53.31 -52.94 -52.56 -52.16 -51.78 -51.41 -51.03 -50.66 -50.31 -49.97 -49.62 -49.28 -48.94 -48.59 -48.28 -47.97 -47.69 -47.38 -47.06 -46.72 -46.34 -46.00 -45.66 -45.31 -45.03 -44.84 -44.69 -44.59 -44.53 -44.47 -44.38 -44.22 -44.06 -43.91 -43.72 -43.56 -43.47 -43.44 -43.41 -43.41 -43.44 -43.44 -43.44 -43.44 -43.44 -43.44 -43.44 -43.44 -43.47 -43.53 -43.66 -43.84 -44.06 -44.31 -44.59 -44.91 -45.22 -45.53 -45.84 -46.16 -46.44 -46.72
-55.47 -55.44 -55.31 -55.12 -54.88 -54.62 -54.31 -54.00 -53.62 -53.22 -52.81 -52.41 -51.97 -51.56 -51.19 -50.81 -50.44 -50.09 -49.75 -49.41 -49.09 -48.75 -48.41 -48.09 -47.75 -47.47 -47.19 -46.88 -46.56 -46.22 -45.88 -45.56 -45.25 -45.03 -44.84 -44.75 -44.69 -44.66 -44.59 -44.50 -44.34 -44.19 -44.03 -43.88 -43.72 -43.66 -43.62 -43.59 -43.59 -43.59 -43.59 -43.56 -43.53 -43.53 -43.50 -43.47 -43.44 -43.44 -43.50 -43.62 -43.78 -44.00 -44.28 -44.56 -44.88 -45.19 -45.50 -45.81 -46.12 -46.41 -46.69
-55.09 -55.09 -55.03 -54.88 -54.69 -54.44 -54.19 -53.88 -53.53 -53.16 -52.72 -52.25 -51.78 -51.31 -50.91 -50.53 -50.19 -49.84 -49.50 -49.19 -48.88 -48.53 -48.19 -47.84 -47.50 -47.19 -46.91 -46.66 -46.34 -46.03 -45.72 -45.44 -45.19 -44.97 -44.84 -44.78 -44.78 -44.75 -44.72 -44.59 -44.47 -44.31 -44.16 -44.00 -43.91 -43.84 -43.81 -43.81 -43.78 -43.78 -43.75 -43.72 -43.66 -43.62 -43.56 -43.53 -43.47 -43.44 -43.44 -43.56 -43.75 -43.97 -44.22 -44.53 -44.84 -45.16 -45.47 -45.78 -46.09 -46.38 -46.62
-54.72 -54.72 -54.66 -54.56 -54.38 -54.19 -53.97 -53.72 -53.41 -53.06 -52.66 -52.19 -51.72 -51.22 -50.75 -50.34 -49.97 -49.59 -49.28 -48.97 -48.66 -48.31 -47.94 -47.56 -47.19 -46.88 -46.62 -46.38 -46.12 -45.84 -45.56 -45.31 -45.09 -44.94 -44.88 -44.84 -44.84 -44.84 -44.81 -44.72 -44.59 -44.44 -44.31 -44.16 -44.06 -44.00 -44.00 -44.00 -43.97 -43.94 -43.91 -43.88 -43.81 -43.75 -43.66 -43.59 -43.53 -43.47 -43.41 -43.47 -43.69 -43.94 -44.22 -44.53 -44.84 -45.16 -45.47 -45.75 -46.03 -46.31 -46.56
-54.31 -54.31 -54.28 -54.19 -54.03 -53.88 -53.69 -53.47 -53.25 -52.94 -52.56 -52.19 -51.75 -51.28 -50.84 -50.41 -50.00 -49.62 -49.25 -48.91 -48.56 -48.19 -47.78 -47.34 -46.88 -46.53 -46.31 -46.09 -45.88 -45.62 -45.41 -45.16 -45.00 -44.91 -44.88 -44.88 -44.91 -44.91 -44.91 -44.81 -44.72 -44.59 -44.44 -44.31 -44.22 -44.19 -44.16 -44.16 -44.12 -44.09 -44.06 -44.00 -43.94 -43.84 -43.78 -43.69 -43.59 -43.53 -43.47 -43.44 -43.66 -43.94 -44.25 -44.56 -44.88 -45.19 -45.50 -45.75 -46.03 -46.28 -46.50
-53.88 -53.91 -53.88 -53.81 -53.66 -53.53 -53.34 -53.19 -52.97 -52.75 -52.47 -52.12 -51.75 -51.34 -50.91 -50.50 -50.09 -49.72 -49.34 -48.97 -48.56 -48.19 -47.75 -47.31 -46.81 -46.31 -45.97 -45.81 -45.66 -45.47 -45.25 -45.09 -44.97 -44.91 -44.91 -44.94 -44.97 -44.97 -44.97 -44.91 -44.81 -44.72 -44.59 -44.47 -44.38 -44.34 -44.31 -44.31 -44.28 -44.25 -44.19 -44.12 -44.06 -43.97 -43.88 -43.81 -43.69 -43.62 -43.56 -43.53 -43.72 -44.00 -44.31 -44.62 -44.94 -45.25 -45.53 -45.78 -46.03 -46.25 -46.44
