everonasctiles/Tile1,29.asc
ncols 128
nrows 128
xllcorner 0
yllcorner 0
cellsize 2.0
NODATA_value  -9999
[rows 96 to 127 of 128, columns 0 to 70 of 128]
-53.50 -53.47 -53.47 -53.44 -53.41 -53.38 -53.38 -53.34 -53.34 -53.34 -53.34 -53.34 -53.34 -53.34 -53.34 -53.34 -53.34 -53.38 -53.38 -53.38 -53.38 -53.38 -53.41 -53.44 -53.47 -53.50 -53.56 -53.59 -53.62 -53.69 -53.75 -53.78 -53.84 -53.88 -53.91 -53.94 -53.97 -54.00 -54.03 -54.06 -54.09 -54.12 -54.19 -54.22 -54.28 -54.31 -54.38 -54.41 -54.47 -54.50 -54.53 -54.59 -54.62 -54.66 -54.69 -54.75 -54.78 -54.84 -54.88 -54.94 -54.97 -55.03 -55.06 -55.09 -55.16 -55.19 -55.22 -55.28 -55.31 -55.38 -55.44
-53.50 -53.47 -53.47 -53.44 -53.41 -53.38 -53.38 -53.38 -53.38 -53.38 -53.38 -53.38 -53.38 -53.38 -53.38 -53.38 -53.38 -53.38 -53.38 -53.41 -53.41 -53.41 -53.41 -53.44 -53.47 -53.53 -53.56 -53.62 -53.66 -53.72 -53.75 -53.81 -53.84 -53.91 -53.94 -53.97 -54.00 -54.03 -54.06 -54.09 -54.09 -54.12 -54.19 -54.22 -54.25 -54.31 -54.34 -54.41 -54.44 -54.50 -54.53 -54.59 -54.62 -54.66 -54.69 -54.75 -54.78 -54.84 -54.91 -54.94 -55.00 -55.06 -55.09 -55.16 -55.19 -55.22 -55.25 -55.28 -55.34 -55.38 -55.44
-53.50 -53.47 -53.44 -53.44 -53.41 -53.41 -53.38 -53.38 -53.41 -53.41 -53.41 -53.41 -53.41 -53.41 -53.41 -53.41 -53.41 -53.41 -53.44 -53.44 -53.44 -53.44 -53.47 -53.47 -53.53 -53.56 -53.59 -53.66 -53.69 -53.75 -53.78 -53.84 -53.88 -53.94 -53.97 -54.00 -54.03 -54.06 -54.09 -54.12 -54.12 -54.16 -54.19 -54.22 -54.25 -54.31 -54.34 -54.38 -54.44 -54.47 -54.53 -54.56 -54.62 -54.66 -54.69 -54.75 -54.78 -54.84 -54.91 -54.97 -55.03 -55.09 -55.16 -55.19 -55.22 -55.25 -55.28 -55.31 -55.34 -55.41 -55.44
-53.50 -53.47 -53.47 -53.44 -53.41 -53.41 -53.41 -53.41 -53.44 -53.44 -53.47 -53.47 -53.47 -53.44 -53.44 -53.44 -53.44 -53.47 -53.47 -53.47 -53.47 -53.47 -53.50 -53.53 -53.56 -53.62 -53.66 -53.69 -53.72 -53.78 -53.81 -53.88 -53.94 -53.97 -54.00 -54.06 -54.09 -54.12 -54.16 -54.16 -54.16 -54.19 -54.19 -54.22 -54.25 -54.28 -54.34 -54.38 -54.41 -54.47 -54.53 -54.56 -54.62 -54.66 -54.72 -54.75 -54.81 -54.84 -54.91 -55.00 -55.06 -55.12 -55.19 -55.22 -55.25 -55.28 -55.31 -55.34 -55.38 -55.41 -55.44
-53.50 -53.47 -53.47 -53.44 -53.44 -53.41 -53.44 -53.44 -53.47 -53.47 -53.47 -53.50 -53.47 -53.47 -53.47 -53.50 -53.50 -53.50 -53.50 -53.50 -53.50 -53.53 -53.56 -53.59 -53.66 -53.69 -53.72 -53.75 -53.78 -53.84 -53.88 -53.94 -53.97 -54.00 -54.06 -54.09 -54.12 -54.16 -54.19 -54.19 -54.22 -54.22 -54.22 -54.25 -54.25 -54.28 -54.34 -54.38 -54.41 -54.47 -54.53 -54.59 -54.62 -54.69 -54.72 -54.78 -54.81 -54.88 -54.94 -55.00 -55.06 -55.16 -55.19 -55.25 -55.28 -55.31 -55.31 -55.34 -55.38 -55.44 -55.47
-53.50 -53.47 -53.47 -53.44 -53.44 -53.44 -53.44 -53.47 -53.47 -53.50 -53.50 -53.50 -53.50 -53.50 -53.50 -53.53 -53.53 -53.53 -53.53 -53.53 -53.56 -53.59 -53.62 -53.66 -53.72 -53.75 -53.78 -53.81 -53.84 -53.91 -53.94 -53.97 -54.03 -54.06 -54.09 -54.12 -54.16 -54.19 -54.22 -54.25 -54.25 -54.25 -54.25 -54.28 -54.28 -54.31 -54.34 -54.38 -54.44 -54.47 -54.53 -54.59 -54.66 -54.72 -54.75 -54.81 -54.84 -54.91 -54.97 -55.03 -55.09 -55.16 -55.22 -55.25 -55.28 -55.31 -55.34 -55.38 -55.41 -55.44 -55.47
-53.50 -53.47 -53.47 -53.44 -53.44 -53.44 -53.44 -53.47 -53.47 -53.50 -53.50 -53.50 -53.53 -53.53 -53.53 -53.56 -53.56 -53.56 -53.56 -53.59 -53.62 -53.66 -53.69 -53.72 -53.78 -53.81 -53.88 -53.91 -53.94 -53.97 -54.00 -54.03 -54.06 -54.09 -54.12 -54.16 -54.19 -54.22 -54.25 -54.28 -54.28 -54.31 -54.31 -54.31 -54.34 -54.38 -54.38 -54.44 -54.47 -54.50 -54.56 -54.62 -54.69 -54.75 -54.81 -54.84 -54.91 -54.94 -55.00 -55.06 -55.09 -55.16 -55.19 -55.25 -55.25 -55.28 -55.31 -55.38 -55.41 -55.44 -55.47
-53.50 -53.50 -53.47 -53.47 -53.47 -53.47 -53.47 -53.47 -53.47 -53.50 -53.50 -53.53 -53.53 -53.56 -53.56 -53.56 -53.59 -53.59 -53.62 -53.62 -53.66 -53.69 -53.75 -53.78 -53.84 -53.88 -53.91 -53.94 -53.97 -54.00 -54.03 -54.06 -54.12 -54.16 -54.16 -54.19 -54.22 -54.25 -54.28 -54.31 -54.34 -54.34 -54.38 -54.38 -54.41 -54.41 -54.44 -54.47 -54.50 -54.56 -54.59 -54.66 -54.72 -54.78 -54.84 -54.91 -54.94 -55.00 -55.03 -55.06 -55.12 -55.16 -55.19 -55.22 -55.25 -55.28 -55.31 -55.34 -55.41 -55.44 -55.47
-53.53 -53.50 -53.47 -53.47 -53.47 -53.47 -53.47 -53.47 -53.50 -53.50 -53.50 -53.53 -53.53 -53.56 -53.59 -53.59 -53.62 -53.62 -53.66 -53.69 -53.72 -53.75 -53.78 -53.84 -53.88 -53.91 -53.94 -53.97 -54.00 -54.03 -54.06 -54.09 -54.12 -54.16 -54.19 -54.22 -54.25 -54.28 -54.31 -54.34 -54.38 -54.41 -54.44 -54.44 -54.44 -54.47 -54.47 -54.50 -54.53 -54.59 -54.66 -54.72 -54.78 -54.84 -54.91 -54.97 -55.00 -55.03 -55.06 -55.09 -55.12 -55.16 -55.19 -55.22 -55.25 -55.28 -55.31 -55.34 -55.38 -55.41 -55.44
-53.53 -53.50 -53.50 -53.47 -53.47 -53.47 -53.47 -53.47 -53.47 -53.50 -53.50 -53.53 -53.53 -53.56 -53.59 -53.62 -53.66 -53.66 -53.69 -53.72 -53.75 -53.78 -53.84 -53.88 -53.91 -53.97 -54.00 -54.03 -54.03 -54.06 -54.09 -54.12 -54.16 -54.19 -54.19 -54.22 -54.25 -54.31 -54.34 -54.38 -54.41 -54.44 -54.47 -54.47 -54.50 -54.50 -54.53 -54.53 -54.59 -54.62 -54.69 -54.75 -54.81 -54.88 -54.94 -55.00 -55.06 -55.09 -55.09 -55.12 -55.16 -55.19 -55.22 -55.25 -55.25 -55.28 -55.31 -55.34 -55.38 -55.41 -55.44
-53.53 -53.50 -53.50 -53.47 -53.47 -53.47 -53.47 -53.47 -53.47 -53.47 -53.50 -53.50 -53.53 -53.56 -53.59 -53.62 -53.66 -53.69 -53.72 -53.75 -53.78 -53.81 -53.88 -53.91 -53.94 -54.00 -54.03 -54.06 -54.06 -54.09 -54.12 -54.16 -54.19 -54.22 -54.22 -54.25 -54.28 -54.34 -54.38 -54.41 -54.44 -54.50 -54.50 -54.53 -54.53 -54.53 -54.56 -54.59 -54.62 -54.69 -54.75 -54.81 -54.88 -54.94 -55.00 -55.06 -55.09 -55.12 -55.12 -55.16 -55.19 -55.19 -55.22 -55.25 -55.28 -55.28 -55.31 -55.34 -55.38 -55.38 -55.41
-53.53 -53.50 -53.50 -53.50 -53.47 -53.47 -53.47 -53.47 -53.47 -53.47 -53.47 -53.50 -53.53 -53.56 -53.59 -53.62 -53.69 -53.72 -53.75 -53.78 -53.81 -53.84 -53.88 -53.94 -53.97 -54.03 -54.06 -54.09 -54.09 -54.12 -54.16 -54.19 -54.22 -54.25 -54.25 -54.28 -54.34 -54.38 -54.41 -54.47 -54.50 -54.53 -54.56 -54.56 -54.56 -54.59 -54.59 -54.62 -54.66 -54.72 -54.78 -54.88 -54.94 -55.00 -55.06 -55.09 -55.12 -55.16 -55.16 -55.19 -55.19 -55.22 -55.25 -55.28 -55.28 -55.31 -55.31 -55.34 -55.34 -55.38 -55.38
-53.56 -53.53 -53.50 -53.50 -53.50 -53.50 -53.47 -53.47 -53.47 -53.47 -53.47 -53.50 -53.53 -53.56 -53.59 -53.66 -53.69 -53.75 -53.78 -53.81 -53.84 -53.88 -53.91 -53.97 -54.00 -54.03 -54.09 -54.09 -54.12 -54.16 -54.19 -54.22 -54.25 -54.28 -54.31 -54.34 -54.38 -54.44 -54.47 -54.50 -54.53 -54.56 -54.59 -54.59 -54.62 -54.62 -54.66 -54.69 -54.72 -54.78 -54.84 -54.91 -55.00 -55.06 -55.09 -55.16 -55.19 -55.19 -55.19 -55.22 -55.22 -55.22 -55.25 -55.28 -55.28 -55.31 -55.31 -55.31 -55.34 -55.34 -55.34
-53.56 -53.56 -53.53 -53.53 -53.53 -53.50 -53.50 -53.47 -53.47 -53.47 -53.47 -53.50 -53.53 -53.56 -53.62 -53.66 -53.72 -53.75 -53.78 -53.81 -53.84 -53.88 -53.94 -53.97 -54.03 -54.06 -54.09 -54.12 -54.16 -54.19 -54.25 -54.28 -54.28 -54.31 -54.38 -54.41 -54.44 -54.47 -54.53 -54.56 -54.59 -54.62 -54.62 -54.66 -54.69 -54.69 -54.72 -54.75 -54.78 -54.81 -54.88 -54.97 -55.03 -55.09 -55.16 -55.19 -55.19 -55.22 -55.22 -55.22 -55.22 -55.25 -55.25 -55.28 -55.28 -55.28 -55.28 -55.31 -55.31 -55.31 -55.31
-53.62 -53.59 -53.59 -53.56 -53.56 -53.53 -53.53 -53.50 -53.47 -53.47 -53.50 -53.50 -53.53 -53.56 -53.62 -53.66 -53.72 -53.75 -53.78 -53.81 -53.84 -53.91 -53.94 -53.97 -54.03 -54.06 -54.12 -54.16 -54.19 -54.22 -54.25 -54.31 -54.34 -54.38 -54.41 -54.44 -54.47 -54.53 -54.56 -54.59 -54.62 -54.66 -54.69 -54.72 -54.72 -54.75 -54.78 -54.81 -54.84 -54.88 -54.94 -55.00 -55.06 -55.12 -55.16 -55.19 -55.22 -55.22 -55.22 -55.22 -55.22 -55.22 -55.25 -55.25 -55.25 -55.25 -55.25 -55.28 -55.28 -55.28 -55.25
-53.66 -53.66 -53.62 -53.62 -53.59 -53.56 -53.56 -53.53 -53.50 -53.50 -53.50 -53.53 -53.56 -53.59 -53.62 -53.66 -53.69 -53.72 -53.75 -53.81 -53.84 -53.88 -53.94 -53.97 -54.03 -54.06 -54.12 -54.16 -54.22 -54.25 -54.28 -54.31 -54.38 -54.41 -54.44 -54.50 -54.53 -54.56 -54.59 -54.66 -54.69 -54.72 -54.72 -54.75 -54.78 -54.81 -54.84 -54.84 -54.91 -54.94 -54.97 -55.03 -55.06 -55.12 -55.16 -55.19 -55.19 -55.19 -55.19 -55.19 -55.19 -55.19 -55.22 -55.22 -55.22 -55.22 -55.22 -55.22 -55.22 -55.22 -55.22
-53.69 -53.69 -53.66 -53.66 -53.66 -53.62 -53.59 -53.56 -53.53 -53.53 -53.53 -53.56 -53.56 -53.56 -53.59 -53.62 -53.66 -53.69 -53.72 -53.78 -53.81 -53.88 -53.94 -53.97 -54.03 -54.06 -54.12 -54.19 -54.22 -54.28 -54.31 -54.34 -54.41 -54.44 -54.47 -54.53 -54.56 -54.59 -54.62 -54.69 -54.72 -54.75 -54.78 -54.81 -54.81 -54.84 -54.88 -54.91 -54.94 -54.97 -55.00 -55.03 -55.09 -55.12 -55.16 -55.16 -55.16 -55.16 -55.16 -55.16 -55.16 -55.16 -55.19 -55.19 -55.19 -55.19 -55.19 -55.19 -55.19 -55.16 -55.16
-53.69 -53.69 -53.69 -53.69 -53.69 -53.66 -53.62 -53.59 -53.59 -53.59 -53.59 -53.59 -53.59 -53.59 -53.59 -53.59 -53.62 -53.66 -53.69 -53.75 -53.78 -53.84 -53.91 -53.97 -54.03 -54.06 -54.12 -54.19 -54.25 -54.28 -54.34 -54.38 -54.41 -54.47 -54.50 -54.56 -54.59 -54.62 -54.66 -54.72 -54.75 -54.78 -54.81 -54.84 -54.88 -54.91 -54.94 -54.97 -55.00 -55.00 -55.03 -55.06 -55.09 -55.12 -55.12 -55.16 -55.16 -55.16 -55.12 -55.12 -55.16 -55.16 -55.16 -55.16 -55.16 -55.12 -55.12 -55.12 -55.12 -55.09 -55.09
-53.72 -53.72 -53.72 -53.72 -53.72 -53.69 -53.69 -53.66 -53.62 -53.62 -53.62 -53.62 -53.59 -53.59 -53.59 -53.62 -53.62 -53.62 -53.66 -53.72 -53.75 -53.81 -53.88 -53.94 -54.03 -54.09 -54.16 -54.22 -54.28 -54.31 -54.38 -54.41 -54.47 -54.50 -54.53 -54.59 -54.62 -54.66 -54.69 -54.75 -54.78 -54.81 -54.84 -54.88 -54.91 -54.94 -54.97 -55.00 -55.03 -55.03 -55.06 -55.06 -55.09 -55.12 -55.12 -55.12 -55.12 -55.12 -55.12 -55.12 -55.12 -55.12 -55.12 -55.12 -55.09 -55.09 -55.09 -55.06 -55.06 -55.03 -55.03
-53.69 -53.72 -53.72 -53.75 -53.72 -53.72 -53.72 -53.69 -53.69 -53.66 -53.66 -53.66 -53.66 -53.62 -53.62 -53.62 -53.62 -53.66 -53.66 -53.69 -53.75 -53.81 -53.88 -53.97 -54.03 -54.09 -54.16 -54.25 -54.31 -54.34 -54.41 -54.44 -54.50 -54.53 -54.59 -54.62 -54.66 -54.69 -54.75 -54.78 -54.81 -54.84 -54.88 -54.91 -54.94 -54.97 -55.00 -55.03 -55.03 -55.06 -55.06 -55.06 -55.09 -55.09 -55.09 -55.09 -55.09 -55.09 -55.09 -55.09 -55.09 -55.09 -55.09 -55.09 -55.06 -55.06 -55.03 -55.00 -55.00 -54.97 -54.97
-53.69 -53.72 -53.72 -53.75 -53.75 -53.75 -53.72 -53.72 -53.72 -53.72 -53.72 -53.69 -53.69 -53.69 -53.69 -53.69 -53.69 -53.69 -53.69 -53.72 -53.75 -53.81 -53.91 -53.97 -54.06 -54.12 -54.19 -54.28 -54.34 -54.38 -54.44 -54.50 -54.53 -54.59 -54.62 -54.66 -54.72 -54.75 -54.78 -54.81 -54.84 -54.88 -54.91 -54.94 -54.97 -55.00 -55.03 -55.03 -55.03 -55.06 -55.06 -55.06 -55.06 -55.09 -55.09 -55.06 -55.06 -55.06 -55.06 -55.06 -55.06 -55.06 -55.06 -55.06 -55.03 -55.00 -54.97 -54.97 -54.94 -54.91 -54.91
-53.69 -53.69 -53.72 -53.72 -53.75 -53.75 -53.75 -53.75 -53.75 -53.75 -53.75 -53.75 -53.75 -53.75 -53.75 -53.75 -53.75 -53.72 -53.72 -53.75 -53.78 -53.84 -53.91 -54.00 -54.06 -54.16 -54.22 -54.31 -54.38 -54.44 -54.47 -54.53 -54.56 -54.62 -54.66 -54.72 -54.75 -54.78 -54.81 -54.84 -54.88 -54.91 -54.94 -54.97 -55.00 -55.00 -55.03 -55.03 -55.06 -55.06 -55.06 -55.06 -55.06 -55.06 -55.06 -55.06 -55.03 -55.03 -55.03 -55.03 -55.03 -55.03 -55.03 -55.00 -55.00 -54.97 -54.94 -54.91 -54.88 -54.84 -54.84
-53.69 -53.69 -53.72 -53.72 -53.72 -53.75 -53.75 -53.75 -53.78 -53.78 -53.78 -53.81 -53.81 -53.81 -53.81 -53.81 -53.78 -53.78 -53.78 -53.78 -53.84 -53.88 -53.94 -54.03 -54.09 -54.19 -54.25 -54.31 -54.38 -54.44 -54.50 -54.56 -54.59 -54.66 -54.69 -54.75 -54.78 -54.81 -54.84 -54.88 -54.91 -54.94 -54.97 -54.97 -55.00 -55.00 -55.03 -55.03 -55.06 -55.06 -55.06 -55.06 -55.06 -55.06 -55.03 -55.03 -55.03 -55.00 -55.00 -55.00 -55.00 -55.00 -55.00 -54.97 -54.94 -54.91 -54.88 -54.84 -54.81 -54.78 -54.78
-53.69 -53.69 -53.72 -53.72 -53.72 -53.75 -53.75 -53.78 -53.78 -53.81 -53.81 -53.84 -53.84 -53.84 -53.84 -53.84 -53.84 -53.84 -53.81 -53.84 -53.88 -53.91 -53.97 -54.03 -54.09 -54.19 -54.25 -54.31 -54.38 -54.44 -54.50 -54.56 -54.62 -54.66 -54.72 -54.75 -54.81 -54.84 -54.88 -54.91 -54.94 -54.97 -54.97 -55.00 -55.00 -55.00 -55.03 -55.03 -55.03 -55.03 -55.06 -55.06 -55.03 -55.03 -55.03 -55.00 -55.00 -55.00 -54.97 -54.97 -54.97 -54.97 -54.97 -54.94 -54.91 -54.88 -54.84 -54.81 -54.75 -54.72 -54.72
-53.69 -53.69 -53.69 -53.72 -53.72 -53.75 -53.78 -53.78 -53.81 -53.84 -53.84 -53.84 -53.88 -53.88 -53.88 -53.88 -53.88 -53.88 -53.88 -53.88 -53.88 -53.94 -53.97 -54.03 -54.09 -54.16 -54.22 -54.31 -54.38 -54.44 -54.50 -54.56 -54.59 -54.66 -54.69 -54.75 -54.81 -54.88 -54.91 -54.94 -54.94 -54.97 -54.97 -55.00 -55.00 -55.00 -55.00 -55.00 -55.00 -55.03 -55.03 -55.03 -55.03 -55.00 -55.00 -54.97 -54.97 -54.97 -54.94 -54.94 -54.94 -54.94 -54.94 -54.91 -54.88 -54.84 -54.81 -54.75 -54.72 -54.69 -54.66
-53.69 -53.69 -53.69 -53.72 -53.72 -53.75 -53.78 -53.81 -53.84 -53.84 -53.88 -53.88 -53.88 -53.91 -53.91 -53.91 -53.91 -53.88 -53.88 -53.91 -53.91 -53.94 -53.97 -54.03 -54.09 -54.16 -54.22 -54.28 -54.34 -54.41 -54.47 -54.53 -54.59 -54.62 -54.69 -54.75 -54.78 -54.84 -54.88 -54.91 -54.94 -54.94 -54.97 -54.97 -54.97 -55.00 -54.97 -54.97 -54.97 -54.97 -54.97 -54.97 -54.97 -54.97 -54.94 -54.94 -54.94 -54.94 -54.91 -54.91 -54.91 -54.91 -54.88 -54.88 -54.84 -54.81 -54.78 -54.72 -54.69 -54.66 -54.66
-53.69 -53.69 -53.72 -53.72 -53.75 -53.75 -53.78 -53.81 -53.84 -53.84 -53.88 -53.91 -53.91 -53.91 -53.91 -53.91 -53.91 -53.91 -53.91 -53.91 -53.91 -53.94 -53.97 -54.03 -54.09 -54.16 -54.22 -54.28 -54.34 -54.41 -54.44 -54.50 -54.56 -54.59 -54.66 -54.72 -54.75 -54.81 -54.84 -54.88 -54.88 -54.91 -54.94 -54.94 -54.94 -54.94 -54.94 -54.94 -54.94 -54.91 -54.91 -54.91 -54.91 -54.91 -54.91 -54.88 -54.88 -54.88 -54.88 -54.88 -54.84 -54.84 -54.81 -54.81 -54.78 -54.75 -54.72 -54.69 -54.66 -54.62 -54.66
-53.69 -53.72 -53.72 -53.72 -53.75 -53.78 -53.81 -53.81 -53.84 -53.88 -53.88 -53.91 -53.91 -53.91 -53.91 -53.91 -53.91 -53.91 -53.91 -53.91 -53.94 -53.94 -53.97 -54.03 -54.06 -54.12 -54.22 -54.25 -54.31 -54.38 -54.41 -54.47 -54.53 -54.56 -54.62 -54.69 -54.72 -54.75 -54.78 -54.81 -54.84 -54.84 -54.88 -54.88 -54.88 -54.88 -54.88 -54.88 -54.84 -54.84 -54.84 -54.84 -54.84 -54.84 -54.81 -54.81 -54.81 -54.81 -54.81 -54.81 -54.81 -54.78 -54.75 -54.75 -54.72 -54.72 -54.69 -54.66 -54.62 -54.62 -54.66
-53.69 -53.72 -53.72 -53.75 -53.75 -53.78 -53.81 -53.84 -53.84 -53.88 -53.91 -53.91 -53.91 -53.91 -53.91 -53.91 -53.91 -53.91 -53.91 -53.91 -53.94 -53.94 -53.97 -54.03 -54.06 -54.12 -54.19 -54.25 -54.28 -54.34 -54.38 -54.44 -54.47 -54.53 -54.59 -54.62 -54.66 -54.69 -54.72 -54.75 -54.75 -54.78 -54.78 -54.81 -54.81 -54.81 -54.81 -54.78 -54.78 -54.75 -54.75 -54.75 -54.75 -54.75 -54.75 -54.75 -54.75 -54.75 -54.75 -54.75 -54.72 -54.69 -54.69 -54.66 -54.66 -54.66 -54.66 -54.62 -54.62 -54.62 -54.66
-53.69 -53.72 -53.72 -53.75 -53.78 -53.78 -53.81 -53.84 -53.88 -53.88 -53.91 -53.91 -53.91 -53.91 -53.91 -53.91 -53.91 -53.91 -53.91 -53.91 -53.94 -53.94 -53.97 -54.00 -54.06 -54.12 -54.19 -54.22 -54.25 -54.28 -54.34 -54.38 -54.44 -54.47 -54.53 -54.56 -54.59 -54.62 -54.66 -54.66 -54.69 -54.69 -54.69 -54.72 -54.72 -54.72 -54.72 -54.69 -54.69 -54.66 -54.66 -54.66 -54.66 -54.66 -54.66 -54.66 -54.69 -54.69 -54.69 -54.66 -54.66 -54.62 -54.59 -54.59 -54.59 -54.59 -54.59 -54.59 -54.59 -54.62 -54.66
-53.69 -53.72 -53.72 -53.75 -53.78 -53.81 -53.81 -53.84 -53.88 -53.88 -53.88 -53.88 -53.88 -53.88 -53.88 -53.88 -53.88 -53.88 -53.88 -53.91 -53.91 -53.94 -53.97 -54.00 -54.06 -54.09 -54.16 -54.19 -54.22 -54.25 -54.28 -54.31 -54.34 -54.41 -54.44 -54.50 -54.53 -54.56 -54.56 -54.59 -54.59 -54.59 -54.59 -54.59 -54.59 -54.59 -54.59 -54.59 -54.56 -54.56 -54.53 -54.53 -54.53 -54.56 -54.56 -54.56 -54.59 -54.59 -54.59 -54.56 -54.56 -54.53 -54.50 -54.50 -54.53 -54.53 -54.53 -54.56 -54.56 -54.59 -54.66
-53.66 -53.69 -53.72 -53.75 -53.78 -53.81 -53.81 -53.84 -53.84 -53.88 -53.88 -53.88 -53.88 -53.88 -53.84 -53.84 -53.84 -53.88 -53.88 -53.91 -53.91 -53.94 -53.94 -54.00 -54.03 -54.06 -54.12 -54.16 -54.16 -54.19 -54.22 -54.25 -54.28 -54.31 -54.38 -54.41 -54.44 -54.47 -54.50 -54.50 -54.50 -54.50 -54.50 -54.50 -54.50 -54.47 -54.47 -54.47 -54.44 -54.44 -54.41 -54.41 -54.41 -54.44 -54.44 -54.47 -54.47 -54.47 -54.47 -54.47 -54.44 -54.44 -54.44 -54.44 -54.44 -54.47 -54.50 -54.50 -54.53 -54.56 -54.62
