everonasctiles/Tile36,0.asc
ncols 128
nrows 128
xllcorner 0
yllcorner 0
cellsize 2.0
NODATA_value  -9999
[rows 32 to 63 of 128, columns 0 to 70 of 128]
-13.75 -12.56 -10.19 -8.12 -6.38 -4.75 -3.66 -3.12 -2.88 -2.78 -2.62 -2.56 -2.62 -2.66 -2.97 -3.06 -2.94 -2.59 -2.16 -1.78 -1.50 -1.38 -1.03 -0.56 -0.25 -0.12 0.06 0.12 0.22 0.22 0.19 0.06 -0.16 -0.38 -0.66 -0.78 -0.81 -0.91 -1.16 -1.25 -1.44 -1.72 -2.09 -2.53 -3.09 -3.69 -4.00 -4.41 -4.88 -5.19 -5.56 -5.91 -6.06 -6.09 -6.12 -6.19 -6.16 -6.06 -5.94 -5.88 -5.75 -5.72 -5.66 -5.44 -5.19 -4.94 -4.72 -4.47 -4.25 -4.22 -4.09
-15.53 -13.88 -11.81 -10.22 -8.59 -6.78 -5.94 -5.03 -4.62 -4.09 -3.50 -3.41 -3.66 -3.34 -3.97 -4.09 -3.69 -3.38 -3.03 -2.72 -2.44 -2.06 -1.50 -0.97 -0.50 -0.22 0.00 0.16 0.41 0.59 0.75 0.66 0.47 0.31 0.03 -0.16 -0.28 -0.44 -0.72 -0.78 -0.88 -1.03 -1.41 -1.94 -2.66 -3.34 -3.72 -4.31 -4.81 -5.34 -5.78 -6.16 -6.25 -6.31 -6.38 -6.41 -6.38 -6.28 -6.25 -6.19 -6.06 -6.06 -5.88 -5.69 -5.44 -5.25 -5.09 -4.78 -4.53 -4.41 -4.34
-16.78 -15.44 -14.03 -12.16 -10.53 -9.59 -8.16 -8.34 -6.94 -6.72 -5.47 -4.97 -5.41 -4.81 -4.91 -4.44 -4.28 -4.06 -3.84 -3.59 -3.22 -2.66 -1.97 -1.34 -0.81 -0.47 -0.09 0.12 0.56 0.91 1.09 1.25 1.22 1.03 0.81 0.56 0.34 0.09 -0.16 -0.12 -0.19 -0.31 -0.66 -1.22 -2.03 -2.94 -3.47 -4.16 -4.78 -5.38 -5.94 -6.28 -6.41 -6.44 -6.56 -6.66 -6.59 -6.56 -6.53 -6.47 -6.38 -6.31 -6.12 -5.97 -5.75 -5.62 -5.41 -5.19 -5.00 -4.91 -4.81
-17.62 -16.72 -15.66 -14.31 -13.62 -12.75 -11.62 -11.38 -10.75 -10.25 -9.38 -8.56 -7.56 -7.59 -6.44 -6.22 -5.88 -5.12 -4.34 -3.72 -3.56 -2.72 -2.12 -1.72 -1.19 -0.66 -0.25 0.16 0.66 1.03 1.41 1.59 1.62 1.53 1.31 1.09 0.94 0.78 0.62 0.62 0.53 0.34 -0.06 -0.62 -1.38 -2.38 -3.16 -3.91 -4.69 -5.41 -6.00 -6.34 -6.50 -6.59 -6.72 -6.81 -6.84 -6.81 -6.78 -6.72 -6.62 -6.50 -6.38 -6.22 -6.09 -5.94 -5.78 -5.62 -5.53 -5.38 -5.19
-18.06 -17.62 -16.84 -16.41 -15.88 -15.53 -15.53 -14.16 -14.06 -13.38 -12.53 -11.31 -10.25 -10.03 -8.75 -7.88 -7.12 -6.00 -5.62 -4.88 -4.03 -3.44 -2.66 -1.78 -1.28 -0.97 -0.50 0.09 0.72 1.19 1.53 1.69 1.78 1.75 1.59 1.34 1.19 1.06 1.00 1.03 1.00 0.84 0.44 -0.19 -1.00 -1.88 -2.81 -3.66 -4.56 -5.34 -6.03 -6.38 -6.62 -6.75 -6.91 -6.97 -7.00 -7.00 -7.00 -6.94 -6.84 -6.75 -6.62 -6.47 -6.34 -6.25 -6.12 -5.97 -5.91 -5.72 -5.53
-18.22 -18.31 -18.19 -17.56 -17.34 -16.97 -16.81 -16.59 -15.97 -15.66 -14.53 -13.66 -12.41 -11.19 -9.91 -9.31 -8.50 -7.47 -7.19 -6.56 -5.28 -4.06 -3.34 -2.69 -1.78 -1.41 -0.75 -0.03 0.59 1.12 1.41 1.56 1.66 1.66 1.50 1.28 1.09 1.00 1.03 1.09 1.09 1.00 0.59 0.09 -0.72 -1.56 -2.53 -3.44 -4.38 -5.28 -5.97 -6.41 -6.69 -6.94 -7.12 -7.16 -7.28 -7.25 -7.25 -7.22 -7.16 -7.03 -6.84 -6.72 -6.59 -6.50 -6.38 -6.25 -6.16 -6.06 -5.91
-18.47 -18.25 -18.47 -18.38 -18.03 -17.75 -17.28 -17.44 -17.47 -16.62 -16.03 -14.81 -14.12 -13.06 -11.69 -10.59 -9.56 -8.38 -7.91 -7.69 -6.19 -5.06 -4.31 -3.41 -2.66 -1.97 -1.12 -0.41 0.31 0.84 1.12 1.28 1.34 1.34 1.19 1.00 0.88 0.84 0.94 0.91 0.91 0.84 0.53 0.06 -0.66 -1.56 -2.56 -3.41 -4.31 -5.34 -6.03 -6.50 -6.81 -7.19 -7.34 -7.44 -7.59 -7.56 -7.56 -7.53 -7.50 -7.34 -7.09 -7.00 -6.88 -6.72 -6.62 -6.50 -6.38 -6.31 -6.25
-18.06 -18.41 -18.44 -18.56 -18.31 -18.56 -18.00 -17.94 -18.16 -17.72 -16.88 -16.34 -15.03 -14.78 -13.03 -12.59 -10.88 -9.91 -9.47 -8.69 -7.69 -6.59 -5.16 -4.00 -3.47 -2.53 -1.72 -0.94 -0.19 0.31 0.66 0.78 0.88 0.78 0.69 0.53 0.47 0.50 0.53 0.50 0.50 0.41 0.22 -0.16 -0.78 -1.69 -2.59 -3.47 -4.50 -5.47 -6.19 -6.69 -7.09 -7.41 -7.62 -7.78 -8.00 -7.94 -7.94 -7.91 -7.91 -7.75 -7.50 -7.34 -7.25 -7.03 -6.91 -6.75 -6.62 -6.56 -6.53
-18.16 -18.56 -18.62 -18.34 -18.50 -18.44 -18.69 -18.44 -18.81 -18.56 -17.97 -17.81 -17.09 -15.97 -14.88 -13.81 -13.09 -12.12 -11.31 -10.38 -8.94 -8.03 -6.78 -5.53 -4.53 -3.03 -2.47 -1.66 -0.91 -0.41 -0.06 0.09 0.19 0.09 0.06 0.03 -0.06 -0.09 -0.03 -0.03 -0.06 -0.16 -0.31 -0.62 -1.16 -2.00 -2.81 -3.75 -4.88 -5.91 -6.50 -7.03 -7.38 -7.72 -7.97 -8.22 -8.47 -8.44 -8.41 -8.41 -8.34 -8.34 -8.03 -7.78 -7.62 -7.47 -7.31 -7.12 -7.00 -6.94 -6.84
-18.34 -18.56 -18.62 -18.72 -18.41 -18.62 -18.97 -18.94 -19.12 -19.16 -18.88 -18.69 -17.94 -17.50 -16.28 -15.56 -14.44 -13.81 -12.84 -12.16 -10.97 -8.56 -8.03 -6.31 -5.38 -4.00 -2.97 -2.38 -1.59 -1.09 -1.00 -0.81 -0.69 -0.53 -0.75 -0.66 -0.72 -0.75 -0.69 -0.66 -0.69 -0.81 -0.97 -1.25 -1.69 -2.41 -3.28 -4.28 -5.50 -6.41 -6.97 -7.47 -7.81 -8.16 -8.44 -8.75 -9.00 -9.06 -9.03 -9.00 -9.00 -9.00 -8.78 -8.44 -8.31 -8.16 -7.94 -7.69 -7.59 -7.53 -7.44
-18.25 -18.53 -18.53 -18.47 -18.72 -18.88 -18.81 -19.19 -19.25 -19.41 -19.28 -19.16 -18.62 -18.06 -17.56 -16.84 -15.88 -15.50 -14.22 -13.12 -12.69 -10.62 -9.72 -7.75 -6.50 -5.28 -4.12 -3.28 -2.62 -1.78 -1.38 -1.44 -1.25 -1.16 -1.09 -0.81 -1.44 -1.47 -1.47 -1.41 -1.47 -1.53 -1.66 -1.91 -2.09 -3.09 -3.88 -4.94 -6.16 -6.97 -7.62 -8.06 -8.47 -8.78 -9.09 -9.38 -9.69 -9.84 -9.88 -9.81 -9.72 -9.75 -9.62 -9.31 -9.16 -8.97 -8.75 -8.50 -8.34 -8.28 -8.22
-18.28 -18.62 -18.09 -18.41 -18.78 -18.78 -19.19 -19.12 -19.31 -19.38 -19.66 -19.38 -19.34 -18.44 -18.59 -17.97 -17.34 -16.72 -16.09 -15.03 -14.12 -13.00 -11.56 -10.12 -8.56 -7.53 -6.19 -4.62 -3.75 -3.00 -1.88 -1.91 -1.62 -2.16 -1.62 -1.59 -1.97 -2.25 -2.28 -1.88 -2.03 -1.91 -2.47 -2.66 -3.00 -3.78 -4.41 -5.78 -6.88 -7.78 -8.50 -8.88 -9.31 -9.59 -9.94 -10.22 -10.62 -10.75 -10.94 -10.78 -10.69 -10.66 -10.59 -10.34 -10.19 -10.03 -9.75 -9.50 -9.28 -9.16 -9.09
-18.50 -18.41 -18.41 -18.41 -19.19 -19.31 -19.38 -19.34 -19.47 -19.38 -19.56 -19.66 -19.31 -19.22 -19.28 -18.88 -18.53 -18.22 -17.69 -16.91 -15.69 -14.53 -13.59 -11.75 -10.38 -9.50 -8.25 -6.38 -5.62 -4.28 -2.84 -3.00 -2.31 -2.84 -3.16 -2.53 -2.59 -2.59 -2.41 -2.69 -2.97 -2.91 -3.06 -3.25 -4.31 -4.41 -5.34 -6.62 -7.88 -8.75 -9.53 -9.94 -10.41 -10.66 -11.03 -11.31 -11.69 -11.88 -12.00 -11.94 -11.78 -11.69 -11.56 -11.47 -11.31 -11.16 -10.88 -10.56 -10.34 -10.19 -10.12
-19.06 -19.00 -18.91 -19.28 -19.28 -19.47 -19.44 -19.59 -19.75 -19.75 -19.56 -19.94 -19.69 -19.78 -19.62 -19.47 -19.44 -19.12 -18.56 -18.12 -17.28 -16.34 -15.50 -14.38 -13.19 -12.06 -9.62 -7.91 -6.94 -5.31 -5.25 -4.22 -3.91 -3.34 -3.59 -3.25 -3.22 -3.12 -3.47 -3.28 -3.91 -3.97 -3.97 -3.84 -5.38 -6.53 -6.75 -7.91 -8.94 -9.66 -10.75 -11.25 -11.69 -11.91 -12.19 -12.47 -12.78 -13.00 -13.19 -13.06 -12.91 -12.81 -12.72 -12.56 -12.41 -12.19 -11.94 -11.69 -11.47 -11.34 -11.28
-18.78 -19.50 -19.38 -19.62 -19.62 -19.94 -19.94 -19.62 -19.84 -20.03 -20.12 -19.91 -20.16 -19.97 -20.12 -20.16 -19.91 -19.78 -19.41 -18.88 -18.38 -17.78 -17.31 -15.97 -15.09 -13.88 -12.06 -10.69 -9.09 -7.78 -6.53 -5.53 -4.09 -4.09 -3.84 -4.16 -4.09 -3.97 -3.75 -4.66 -5.12 -5.31 -5.81 -5.81 -6.81 -7.75 -8.34 -9.50 -9.91 -10.78 -12.09 -12.66 -13.06 -13.25 -13.44 -13.69 -13.97 -14.19 -14.41 -14.41 -14.25 -14.12 -14.03 -13.72 -13.47 -13.28 -13.03 -12.84 -12.69 -12.59 -12.50
-18.88 -19.53 -19.56 -19.81 -19.78 -20.03 -20.00 -19.69 -19.75 -19.91 -20.00 -19.75 -20.09 -20.50 -20.28 -20.34 -20.34 -20.09 -20.06 -19.88 -19.25 -18.88 -18.34 -17.91 -16.88 -15.34 -13.97 -12.06 -11.75 -9.69 -8.25 -7.31 -5.41 -5.44 -5.12 -5.66 -5.00 -5.22 -5.34 -5.75 -5.88 -6.28 -7.09 -7.53 -8.25 -9.44 -9.88 -10.53 -11.78 -12.31 -13.44 -14.06 -14.50 -14.69 -14.75 -14.97 -15.19 -15.41 -15.59 -15.69 -15.66 -15.56 -15.38 -14.97 -14.62 -14.38 -14.19 -14.03 -13.91 -13.88 -13.78
-19.69 -19.16 -19.38 -18.91 -20.16 -20.16 -20.22 -20.03 -20.00 -20.00 -20.03 -19.69 -19.94 -20.56 -20.53 -20.44 -20.50 -20.53 -20.34 -20.25 -20.06 -19.56 -19.38 -18.88 -18.16 -16.75 -15.38 -14.09 -12.81 -12.00 -11.16 -9.50 -8.59 -6.19 -7.47 -8.03 -5.72 -7.03 -6.06 -6.75 -7.19 -8.06 -8.16 -9.12 -10.00 -10.94 -11.62 -11.97 -13.16 -13.94 -14.81 -15.53 -15.88 -16.12 -16.16 -16.28 -16.47 -16.66 -16.84 -16.94 -16.97 -16.94 -16.59 -16.09 -15.75 -15.53 -15.38 -15.25 -15.22 -15.09 -15.03
-20.06 -19.62 -20.06 -19.75 -20.50 -20.69 -20.38 -20.31 -20.12 -20.31 -19.97 -20.03 -20.00 -20.38 -20.59 -20.88 -20.94 -20.66 -20.69 -20.59 -20.28 -20.31 -19.97 -19.41 -18.75 -17.56 -16.69 -15.94 -14.88 -14.09 -13.06 -12.16 -11.44 -9.28 -9.53 -9.44 -8.53 -8.06 -9.03 -9.16 -8.19 -8.75 -9.91 -10.72 -11.59 -12.06 -13.56 -13.62 -14.28 -15.06 -15.72 -16.84 -17.25 -17.53 -17.59 -17.69 -17.81 -18.00 -18.19 -18.38 -18.47 -18.22 -17.75 -17.31 -17.03 -16.81 -16.66 -16.56 -16.50 -16.38 -16.34
-20.53 -20.19 -20.38 -20.34 -20.16 -20.97 -20.38 -20.38 -20.25 -20.25 -20.16 -20.16 -20.09 -20.16 -20.81 -20.78 -20.97 -20.91 -21.03 -20.50 -20.50 -20.44 -20.28 -19.91 -19.50 -18.56 -18.12 -17.84 -17.06 -16.03 -15.69 -14.84 -13.97 -13.31 -11.97 -11.25 -11.00 -11.28 -11.00 -10.69 -11.28 -10.81 -11.88 -13.16 -13.50 -14.12 -14.62 -14.78 -15.59 -16.59 -17.25 -17.94 -18.56 -18.72 -18.84 -19.12 -19.25 -19.44 -19.59 -19.81 -19.88 -19.59 -19.06 -18.66 -18.38 -18.16 -18.03 -17.94 -17.84 -17.69 -17.72
-21.00 -21.09 -20.97 -21.25 -20.19 -20.84 -20.75 -19.91 -20.34 -20.34 -20.31 -20.50 -20.25 -20.44 -20.69 -20.84 -21.19 -21.00 -20.81 -20.84 -20.69 -20.59 -20.66 -20.22 -19.53 -19.66 -19.09 -18.78 -18.38 -17.53 -17.44 -16.50 -16.22 -15.41 -15.25 -13.97 -12.62 -13.03 -13.53 -13.34 -13.09 -13.22 -14.03 -14.62 -15.47 -16.12 -16.31 -16.84 -16.84 -17.62 -18.75 -19.22 -19.66 -20.19 -20.31 -20.28 -20.41 -20.81 -20.94 -21.16 -21.22 -20.75 -20.31 -19.97 -19.69 -19.50 -19.34 -19.28 -19.19 -19.06 -19.00
-22.88 -22.41 -22.09 -21.41 -21.03 -20.81 -21.12 -20.75 -20.44 -20.34 -20.62 -20.56 -20.81 -21.06 -21.09 -21.12 -21.28 -21.12 -20.94 -20.97 -20.53 -20.97 -20.78 -20.09 -20.25 -20.28 -19.94 -19.69 -19.69 -19.16 -18.75 -18.44 -18.09 -17.53 -17.22 -16.84 -16.44 -15.06 -15.38 -15.22 -15.16 -15.19 -16.16 -17.31 -17.66 -17.91 -18.25 -18.41 -18.84 -19.66 -20.19 -20.62 -21.12 -21.56 -21.72 -21.81 -21.75 -22.03 -22.12 -22.38 -22.34 -21.94 -21.56 -21.03 -20.97 -20.66 -20.69 -20.62 -20.56 -20.44 -20.34
-23.75 -23.16 -23.16 -22.34 -21.97 -21.31 -20.75 -21.09 -20.84 -20.97 -20.88 -20.88 -21.31 -21.50 -21.22 -21.25 -21.53 -21.34 -21.31 -21.28 -20.88 -20.84 -21.12 -20.75 -20.88 -20.75 -20.56 -20.78 -20.31 -20.19 -20.06 -19.72 -19.62 -19.31 -18.31 -18.62 -17.75 -17.50 -17.81 -17.72 -17.31 -17.81 -18.12 -19.12 -19.56 -19.47 -19.91 -20.47 -20.53 -21.09 -21.47 -21.81 -22.25 -22.72 -22.88 -22.91 -23.00 -23.12 -23.22 -23.47 -23.34 -23.00 -22.69 -22.44 -22.25 -22.09 -22.00 -21.94 -21.81 -21.53 -21.56
-24.62 -24.03 -23.72 -22.91 -22.19 -21.41 -21.09 -21.22 -21.72 -21.19 -21.16 -21.31 -21.16 -21.38 -21.22 -20.94 -21.38 -21.47 -21.28 -21.44 -20.97 -21.19 -21.53 -21.34 -21.41 -21.34 -21.19 -21.12 -21.00 -20.75 -21.00 -20.97 -20.72 -20.59 -20.12 -19.72 -20.03 -20.00 -19.69 -19.91 -19.59 -19.78 -19.41 -19.94 -20.66 -20.69 -21.34 -21.00 -21.97 -21.78 -22.53 -22.72 -23.41 -23.72 -23.84 -23.91 -23.97 -24.03 -24.28 -24.44 -24.25 -23.94 -23.75 -23.59 -23.47 -23.34 -22.88 -22.72 -22.50 -22.34 -22.75
-24.78 -24.88 -24.47 -23.19 -22.31 -21.34 -21.28 -21.50 -21.97 -22.31 -21.81 -21.81 -21.34 -21.22 -21.12 -20.81 -20.84 -21.19 -21.34 -20.91 -21.44 -20.97 -21.19 -21.72 -21.75 -21.81 -21.62 -21.59 -21.56 -21.28 -21.62 -21.69 -21.72 -21.62 -21.53 -21.06 -20.72 -21.47 -21.47 -21.31 -21.09 -21.00 -21.34 -20.75 -21.41 -21.94 -21.81 -22.25 -22.75 -23.16 -23.41 -23.78 -24.16 -24.19 -24.31 -24.38 -24.25 -24.75 -24.94 -25.19 -25.06 -24.88 -24.69 -24.59 -24.47 -24.38 -24.31 -24.12 -24.03 -23.84 -23.94
-25.94 -25.50 -24.75 -23.78 -22.47 -22.22 -22.09 -22.16 -22.22 -22.44 -22.16 -21.75 -21.94 -21.28 -21.09 -21.25 -21.25 -21.22 -21.53 -21.22 -21.53 -21.72 -21.25 -21.72 -21.88 -21.91 -21.84 -21.62 -21.62 -21.78 -21.81 -22.31 -22.22 -22.19 -22.41 -21.62 -21.53 -22.16 -22.56 -22.44 -22.56 -22.50 -22.41 -22.50 -22.78 -22.91 -23.41 -23.44 -23.78 -24.06 -24.22 -24.03 -24.41 -24.84 -24.97 -25.50 -25.09 -25.12 -25.28 -25.78 -25.84 -25.72 -25.34 -25.31 -25.12 -25.16 -25.34 -25.19 -25.12 -25.03 -24.56
-26.59 -26.03 -25.00 -24.34 -23.09 -22.62 -22.62 -22.72 -22.81 -22.78 -22.72 -22.41 -22.03 -21.66 -21.19 -21.47 -21.25 -21.69 -21.66 -21.72 -21.69 -21.62 -21.91 -21.88 -22.06 -22.19 -22.19 -22.16 -21.75 -22.06 -22.09 -22.44 -22.62 -22.66 -22.56 -22.69 -22.78 -22.84 -23.22 -23.22 -23.28 -23.22 -23.25 -23.47 -23.66 -24.12 -24.41 -24.53 -25.00 -24.78 -24.81 -25.06 -25.53 -25.62 -25.91 -25.94 -26.12 -26.47 -26.25 -26.53 -26.25 -26.25 -26.22 -26.06 -26.16 -26.03 -25.97 -25.84 -26.03 -25.94 -25.88
-26.62 -26.28 -25.38 -24.38 -23.72 -23.44 -23.47 -23.31 -23.31 -23.34 -22.97 -22.47 -21.94 -21.62 -21.16 -21.28 -21.50 -21.56 -21.91 -22.06 -21.94 -21.94 -22.19 -21.62 -22.28 -22.44 -22.53 -22.34 -22.47 -22.50 -22.31 -22.84 -22.69 -23.06 -22.81 -22.84 -23.09 -23.62 -23.53 -23.66 -23.62 -23.69 -23.97 -24.00 -24.56 -24.88 -25.19 -25.44 -25.59 -25.47 -25.50 -25.88 -26.16 -26.25 -26.47 -26.66 -26.84 -27.09 -27.22 -27.00 -26.88 -27.09 -27.12 -27.09 -27.09 -26.84 -26.75 -26.56 -26.94 -26.84 -26.97
-27.22 -26.22 -25.56 -24.66 -24.25 -24.22 -24.25 -23.88 -23.78 -23.53 -23.06 -22.56 -21.84 -20.84 -21.16 -21.56 -22.06 -22.03 -21.94 -22.28 -22.12 -22.34 -22.19 -22.16 -21.91 -22.47 -22.56 -21.97 -22.53 -22.59 -23.25 -23.22 -23.41 -23.38 -23.62 -23.62 -23.72 -23.88 -23.75 -23.75 -24.19 -24.28 -24.38 -24.41 -25.16 -25.56 -25.84 -26.00 -26.03 -25.91 -26.22 -26.56 -26.91 -26.94 -27.16 -27.31 -27.41 -27.62 -27.69 -27.44 -27.66 -27.78 -27.81 -27.84 -27.75 -27.56 -27.66 -27.53 -27.56 -27.53 -27.62
-27.34 -26.00 -25.47 -25.22 -25.28 -25.06 -24.84 -24.44 -24.16 -23.88 -23.25 -22.84 -21.81 -21.47 -21.28 -21.53 -21.84 -21.94 -21.59 -21.91 -22.09 -22.25 -22.28 -22.16 -21.81 -22.25 -22.78 -22.84 -22.53 -22.72 -23.38 -23.56 -23.81 -23.78 -23.97 -23.97 -24.00 -24.00 -23.75 -24.16 -24.56 -24.91 -24.84 -24.91 -25.38 -25.78 -25.94 -26.31 -26.50 -26.62 -26.75 -27.16 -27.41 -27.50 -27.50 -27.72 -27.91 -27.84 -28.09 -27.94 -28.09 -28.28 -28.44 -28.41 -28.41 -28.25 -28.28 -28.28 -28.22 -28.22 -28.28
-27.22 -26.56 -26.25 -26.47 -26.28 -25.69 -25.50 -24.78 -24.59 -24.03 -23.59 -23.09 -22.09 -21.53 -21.62 -22.22 -22.00 -22.19 -22.12 -21.94 -22.22 -21.94 -22.25 -22.16 -22.88 -22.66 -22.53 -22.50 -22.12 -22.38 -23.50 -23.81 -23.84 -24.03 -24.16 -24.38 -24.34 -23.91 -24.31 -24.31 -25.16 -25.50 -25.50 -25.66 -25.97 -25.97 -26.00 -26.00 -26.47 -26.72 -27.16 -27.25 -27.78 -28.09 -28.09 -28.00 -28.16 -28.38 -28.47 -28.25 -28.38 -28.75 -28.88 -28.91 -28.91 -28.81 -28.84 -28.78 -28.56 -28.56 -28.78
-28.06 -27.47 -27.50 -27.69 -27.06 -26.31 -25.94 -25.31 -24.72 -24.34 -23.69 -23.03 -22.41 -22.03 -22.09 -22.53 -22.12 -22.28 -22.41 -22.03 -22.53 -22.00 -22.47 -21.88 -23.00 -23.22 -23.12 -23.25 -23.16 -23.06 -23.19 -24.00 -23.62 -24.22 -24.28 -24.34 -23.97 -24.06 -23.94 -24.72 -25.34 -25.69 -25.66 -26.16 -26.41 -26.66 -26.84 -27.03 -27.47 -27.50 -27.81 -27.94 -28.12 -28.47 -28.41 -28.47 -28.62 -28.62 -28.69 -28.84 -28.62 -29.03 -29.19 -29.31 -29.22 -29.25 -29.28 -29.16 -28.75 -28.88 -29.25
-29.00 -28.78 -28.16 -28.34 -28.03 -27.19 -26.12 -26.00 -24.81 -24.12 -23.88 -23.00 -22.50 -22.12 -22.28 -22.59 -22.31 -22.06 -22.41 -22.09 -22.62 -22.34 -22.78 -22.31 -22.94 -23.44 -23.69 -23.75 -23.66 -23.62 -23.59 -24.12 -24.09 -24.41 -24.31 -24.16 -24.00 -24.81 -24.84 -24.69 -25.47 -25.75 -25.72 -26.38 -26.91 -26.97 -27.22 -27.28 -27.69 -27.84 -27.97 -28.31 -28.44 -28.78 -28.88 -28.84 -29.16 -29.34 -29.28 -29.44 -29.31 -29.19 -29.41 -29.59 -29.66 -29.62 -29.47 -29.28 -29.22 -29.09 -29.47
