everonasctiles/Tile23,43.asc
ncols 128
nrows 128
xllcorner 0
yllcorner 0
cellsize 2.0
NODATA_value  -9999
[rows 68 to 101 of 128, columns 0 to 75 of 128]
-6.78 -6.69 -6.94 -7.16 -7.25 -7.44 -7.56 -7.66 -7.59 -7.66 -7.75 -7.72 -7.69 -7.81 -7.88 -7.88 -7.88 -7.88 -7.97 -7.97 -8.06 -7.94 -7.78 -7.75 -7.72 -7.69 -7.88 -8.00 -8.09 -8.19 -8.19 -8.25 -8.25 -8.25 -8.28 -8.38 -8.38 -8.38 -8.38 -8.44 -8.53 -8.53 -8.62 -8.62 -8.69 -8.84 -8.97 -9.12 -9.28 -9.44 -9.62 -9.75 -9.91 -10.06 -10.22 -10.38 -10.47 -10.50 -10.62 -10.69 -10.69 -10.75 -10.66 -10.47 -10.34 -10.25 -10.06 -9.81 -9.59 -9.44 -9.28 -9.12 -8.94 -8.81 -8.56 -8.41
-6.47 -6.78 -7.00 -7.19 -7.38 -7.53 -7.56 -7.56 -7.59 -7.56 -7.56 -7.69 -7.78 -7.78 -7.88 -7.91 -7.97 -8.06 -8.03 -8.09 -8.06 -7.94 -7.69 -7.50 -7.53 -7.66 -7.81 -7.97 -8.03 -8.09 -8.12 -8.09 -8.12 -8.22 -8.34 -8.25 -8.22 -8.31 -8.31 -8.31 -8.41 -8.44 -8.44 -8.47 -8.62 -8.69 -8.72 -8.84 -9.03 -9.22 -9.44 -9.56 -9.59 -9.81 -10.06 -10.19 -10.28 -10.34 -10.47 -10.50 -10.56 -10.53 -10.47 -10.41 -10.31 -10.12 -9.91 -9.69 -9.50 -9.34 -9.22 -9.09 -8.97 -8.66 -8.41 -8.34
-6.34 -6.59 -6.66 -7.06 -7.28 -7.41 -7.53 -7.62 -7.69 -7.75 -7.75 -7.72 -7.81 -7.75 -7.72 -7.75 -7.81 -7.91 -7.91 -8.03 -7.94 -7.88 -7.75 -7.69 -7.69 -7.66 -7.69 -7.78 -7.88 -7.97 -8.12 -8.16 -8.19 -8.19 -8.19 -8.19 -8.19 -8.34 -8.38 -8.25 -8.25 -8.28 -8.34 -8.41 -8.44 -8.59 -8.66 -8.75 -8.91 -9.12 -9.22 -9.34 -9.50 -9.75 -9.91 -10.03 -10.09 -10.16 -10.25 -10.31 -10.38 -10.31 -10.25 -10.19 -10.06 -9.97 -9.91 -9.56 -9.25 -9.25 -9.22 -9.06 -8.91 -8.69 -8.53 -8.28
-6.12 -6.47 -6.62 -6.84 -7.09 -7.31 -7.50 -7.62 -7.69 -7.72 -7.69 -7.69 -7.75 -7.78 -7.78 -7.69 -7.62 -7.66 -7.69 -7.72 -7.72 -7.91 -7.97 -7.81 -7.72 -7.69 -7.81 -7.84 -7.78 -7.88 -8.00 -8.06 -8.06 -8.06 -8.09 -8.25 -8.34 -8.38 -8.47 -8.34 -8.31 -8.25 -8.25 -8.31 -8.44 -8.50 -8.56 -8.78 -8.91 -9.03 -9.12 -9.25 -9.47 -9.62 -9.75 -9.84 -9.84 -9.88 -9.97 -10.09 -10.12 -10.12 -10.06 -10.03 -9.97 -9.84 -9.69 -9.44 -9.19 -9.19 -9.06 -8.94 -8.75 -8.66 -8.41 -8.16
-6.25 -6.41 -6.53 -6.75 -7.00 -7.22 -7.34 -7.53 -7.62 -7.59 -7.62 -7.62 -7.72 -7.69 -7.72 -7.78 -7.88 -7.78 -7.81 -7.81 -7.75 -7.81 -7.84 -7.78 -7.84 -7.78 -7.75 -7.78 -7.88 -8.00 -8.09 -8.06 -8.06 -8.12 -8.12 -8.22 -8.31 -8.38 -8.44 -8.38 -8.31 -8.34 -8.31 -8.31 -8.44 -8.47 -8.53 -8.62 -8.84 -8.94 -9.03 -9.22 -9.34 -9.44 -9.53 -9.62 -9.66 -9.72 -9.81 -9.97 -10.00 -9.94 -9.94 -9.84 -9.75 -9.66 -9.53 -9.34 -9.19 -9.06 -8.91 -8.88 -8.69 -8.50 -8.28 -8.03
-6.22 -6.25 -6.62 -6.81 -6.88 -7.09 -7.25 -7.44 -7.56 -7.56 -7.53 -7.66 -7.69 -7.69 -7.75 -7.84 -7.84 -7.78 -7.88 -7.94 -7.88 -7.84 -7.84 -7.81 -7.81 -7.84 -7.88 -7.78 -7.91 -7.97 -8.00 -8.06 -8.09 -8.03 -8.06 -8.19 -8.28 -8.31 -8.44 -8.41 -8.41 -8.34 -8.38 -8.34 -8.34 -8.50 -8.53 -8.62 -8.78 -8.88 -8.94 -9.06 -9.19 -9.25 -9.38 -9.44 -9.53 -9.59 -9.66 -9.72 -9.75 -9.78 -9.69 -9.69 -9.59 -9.47 -9.41 -9.25 -9.12 -8.84 -8.84 -8.81 -8.72 -8.47 -8.25 -8.00
-6.03 -6.12 -6.47 -6.66 -6.81 -6.94 -7.12 -7.25 -7.38 -7.44 -7.47 -7.53 -7.69 -7.81 -7.84 -7.84 -7.81 -7.84 -7.91 -7.91 -7.97 -7.97 -7.84 -7.84 -7.84 -7.88 -7.88 -7.84 -7.94 -8.03 -8.06 -8.12 -8.16 -8.16 -8.03 -8.03 -8.12 -8.31 -8.47 -8.47 -8.41 -8.44 -8.44 -8.44 -8.41 -8.44 -8.56 -8.69 -8.66 -8.78 -8.88 -8.97 -9.09 -9.16 -9.19 -9.28 -9.44 -9.50 -9.50 -9.56 -9.59 -9.56 -9.47 -9.47 -9.38 -9.25 -9.19 -9.09 -8.88 -8.72 -8.59 -8.59 -8.50 -8.34 -8.19 -7.97
-5.88 -6.09 -6.25 -6.50 -6.69 -6.88 -7.09 -7.19 -7.34 -7.47 -7.47 -7.62 -7.66 -7.75 -7.81 -7.91 -7.97 -7.91 -7.97 -8.00 -8.06 -7.94 -7.97 -7.97 -8.00 -7.94 -7.94 -7.91 -8.00 -8.06 -8.12 -8.22 -8.22 -8.16 -8.09 -8.06 -8.06 -8.09 -8.25 -8.44 -8.47 -8.47 -8.44 -8.41 -8.44 -8.50 -8.56 -8.62 -8.75 -8.78 -8.88 -8.97 -9.06 -9.06 -9.06 -9.16 -9.25 -9.28 -9.34 -9.41 -9.38 -9.34 -9.31 -9.25 -9.16 -9.09 -9.09 -9.00 -8.78 -8.59 -8.44 -8.38 -8.31 -8.16 -8.03 -7.84
-5.72 -6.06 -6.31 -6.41 -6.59 -6.84 -7.00 -7.16 -7.31 -7.53 -7.66 -7.62 -7.69 -7.78 -7.81 -7.88 -7.94 -7.94 -7.94 -8.06 -8.09 -8.12 -8.16 -8.09 -8.12 -8.12 -8.09 -8.03 -8.00 -8.00 -8.09 -8.16 -8.28 -8.31 -8.19 -8.09 -8.06 -8.06 -8.09 -8.31 -8.47 -8.41 -8.50 -8.47 -8.56 -8.62 -8.56 -8.59 -8.72 -8.75 -8.81 -8.84 -8.94 -8.97 -9.03 -9.19 -9.22 -9.19 -9.19 -9.22 -9.19 -9.12 -9.12 -9.19 -9.09 -8.97 -8.88 -8.69 -8.62 -8.53 -8.41 -8.31 -8.12 -8.06 -7.97 -7.75
-5.66 -6.00 -6.28 -6.47 -6.59 -6.78 -7.00 -7.12 -7.22 -7.34 -7.53 -7.62 -7.66 -7.78 -7.78 -7.84 -8.00 -8.06 -8.12 -8.16 -8.19 -8.22 -8.03 -7.94 -8.09 -8.19 -8.12 -8.12 -8.06 -8.12 -8.19 -8.28 -8.31 -8.38 -8.34 -8.19 -8.12 -8.09 -8.19 -8.19 -8.28 -8.28 -8.38 -8.56 -8.53 -8.62 -8.62 -8.62 -8.56 -8.59 -8.66 -8.72 -8.75 -8.91 -9.06 -9.06 -9.09 -9.12 -9.19 -9.12 -9.09 -9.00 -8.88 -8.84 -8.78 -8.72 -8.62 -8.66 -8.56 -8.38 -8.34 -8.25 -7.97 -7.72 -7.69 -7.44
-5.59 -5.84 -6.16 -6.34 -6.56 -6.72 -6.91 -6.97 -7.16 -7.31 -7.47 -7.53 -7.59 -7.66 -7.81 -7.94 -8.03 -8.09 -8.19 -8.19 -8.16 -8.12 -8.22 -8.19 -8.03 -8.09 -8.12 -8.22 -8.22 -8.16 -8.25 -8.34 -8.38 -8.41 -8.38 -8.28 -8.22 -8.19 -8.16 -8.25 -8.38 -8.41 -8.44 -8.56 -8.66 -8.72 -8.62 -8.56 -8.59 -8.69 -8.78 -8.84 -8.84 -8.88 -8.94 -9.00 -9.03 -9.09 -9.12 -9.06 -8.97 -8.91 -8.94 -8.94 -8.84 -8.75 -8.69 -8.56 -8.41 -8.38 -8.25 -8.12 -7.94 -7.69 -7.44 -7.31
-5.47 -5.81 -5.94 -6.19 -6.44 -6.66 -6.81 -6.94 -7.09 -7.28 -7.34 -7.53 -7.69 -7.62 -7.78 -7.97 -8.09 -8.19 -8.22 -8.12 -8.09 -8.09 -8.12 -8.16 -8.09 -8.16 -8.19 -8.25 -8.25 -8.25 -8.28 -8.41 -8.31 -8.22 -8.25 -8.31 -8.25 -8.25 -8.22 -8.28 -8.31 -8.44 -8.44 -8.53 -8.62 -8.69 -8.69 -8.69 -8.72 -8.72 -8.72 -8.75 -8.75 -8.81 -8.91 -8.91 -8.97 -9.00 -8.94 -9.03 -9.03 -8.97 -8.97 -9.00 -8.91 -8.72 -8.62 -8.47 -8.38 -8.25 -8.09 -7.97 -7.81 -7.62 -7.41 -7.22
-5.44 -5.53 -5.78 -6.16 -6.34 -6.47 -6.66 -6.94 -7.06 -7.19 -7.34 -7.47 -7.56 -7.62 -7.62 -7.81 -8.00 -8.09 -8.19 -8.19 -8.19 -8.16 -8.12 -8.12 -8.12 -8.12 -8.03 -8.03 -8.16 -8.12 -8.22 -8.38 -8.38 -8.31 -8.25 -8.28 -8.22 -8.25 -8.28 -8.34 -8.41 -8.41 -8.44 -8.44 -8.56 -8.66 -8.56 -8.59 -8.72 -8.75 -8.72 -8.69 -8.72 -8.81 -8.81 -8.88 -8.84 -8.81 -8.81 -8.91 -8.81 -8.88 -8.88 -8.88 -8.78 -8.66 -8.53 -8.41 -8.41 -8.31 -8.06 -7.84 -7.66 -7.50 -7.28 -7.16
-5.34 -5.41 -5.62 -5.75 -6.06 -6.41 -6.62 -6.81 -7.00 -7.16 -7.31 -7.41 -7.50 -7.66 -7.66 -7.78 -7.81 -7.94 -8.06 -8.12 -8.16 -8.09 -8.03 -8.03 -8.09 -8.06 -7.94 -8.06 -8.19 -8.25 -8.25 -8.25 -8.38 -8.47 -8.34 -8.34 -8.28 -8.22 -8.22 -8.28 -8.28 -8.34 -8.47 -8.50 -8.50 -8.50 -8.59 -8.62 -8.69 -8.72 -8.72 -8.75 -8.75 -8.72 -8.72 -8.72 -8.69 -8.72 -8.81 -8.75 -8.78 -8.84 -8.72 -8.69 -8.69 -8.56 -8.47 -8.41 -8.41 -8.22 -8.09 -7.88 -7.66 -7.44 -7.22 -6.97
-5.44 -5.56 -5.59 -5.84 -6.09 -6.28 -6.50 -6.72 -6.97 -7.12 -7.22 -7.38 -7.56 -7.59 -7.69 -7.69 -7.91 -8.00 -8.03 -8.25 -8.31 -8.25 -8.22 -8.12 -8.00 -8.06 -8.06 -8.00 -8.06 -8.19 -8.28 -8.31 -8.41 -8.41 -8.34 -8.31 -8.38 -8.31 -8.22 -8.22 -8.25 -8.22 -8.34 -8.34 -8.28 -8.34 -8.50 -8.50 -8.50 -8.59 -8.59 -8.72 -8.69 -8.72 -8.72 -8.62 -8.66 -8.69 -8.59 -8.66 -8.81 -8.72 -8.69 -8.56 -8.50 -8.41 -8.34 -8.28 -8.25 -8.16 -8.00 -7.75 -7.53 -7.41 -7.09 -6.94
-5.06 -5.31 -5.56 -5.72 -5.91 -6.09 -6.28 -6.44 -6.69 -6.88 -7.03 -7.19 -7.28 -7.38 -7.66 -7.72 -7.78 -7.88 -8.00 -8.09 -8.16 -8.16 -8.16 -8.16 -8.06 -8.03 -7.97 -8.00 -8.09 -8.12 -8.16 -8.22 -8.25 -8.34 -8.41 -8.38 -8.41 -8.44 -8.38 -8.38 -8.31 -8.25 -8.22 -8.22 -8.31 -8.38 -8.44 -8.50 -8.50 -8.44 -8.44 -8.59 -8.66 -8.66 -8.66 -8.69 -8.69 -8.56 -8.66 -8.62 -8.66 -8.66 -8.59 -8.53 -8.44 -8.34 -8.22 -8.19 -8.09 -8.00 -7.81 -7.62 -7.47 -7.22 -6.94 -6.78
-5.12 -5.34 -5.47 -5.62 -5.88 -6.12 -6.34 -6.56 -6.72 -6.81 -6.97 -7.12 -7.28 -7.44 -7.59 -7.72 -7.75 -7.94 -8.06 -8.19 -8.28 -8.34 -8.31 -8.34 -8.22 -8.19 -8.19 -8.16 -8.09 -8.06 -8.03 -8.12 -8.22 -8.31 -8.34 -8.38 -8.38 -8.38 -8.44 -8.41 -8.38 -8.28 -8.19 -8.19 -8.31 -8.38 -8.44 -8.50 -8.47 -8.47 -8.47 -8.47 -8.50 -8.53 -8.56 -8.59 -8.56 -8.59 -8.66 -8.59 -8.59 -8.56 -8.53 -8.44 -8.34 -8.25 -8.12 -8.06 -7.97 -7.78 -7.72 -7.53 -7.38 -7.19 -6.94 -6.66
-4.78 -5.09 -5.44 -5.62 -5.75 -6.00 -6.25 -6.44 -6.53 -6.66 -6.81 -7.03 -7.16 -7.25 -7.44 -7.75 -7.91 -7.94 -8.06 -8.22 -8.31 -8.31 -8.34 -8.38 -8.38 -8.34 -8.31 -8.28 -8.22 -8.19 -8.16 -8.19 -8.25 -8.38 -8.41 -8.38 -8.41 -8.41 -8.41 -8.38 -8.38 -8.34 -8.31 -8.34 -8.38 -8.41 -8.47 -8.56 -8.56 -8.53 -8.50 -8.44 -8.41 -8.41 -8.38 -8.41 -8.47 -8.59 -8.62 -8.59 -8.53 -8.50 -8.41 -8.34 -8.28 -8.19 -8.12 -8.06 -7.84 -7.69 -7.56 -7.41 -7.22 -6.97 -6.81 -6.56
-4.72 -5.00 -5.25 -5.50 -5.72 -5.94 -6.06 -6.22 -6.38 -6.66 -6.72 -6.84 -6.94 -7.12 -7.38 -7.59 -7.81 -7.97 -8.12 -8.28 -8.34 -8.34 -8.38 -8.41 -8.47 -8.41 -8.41 -8.41 -8.31 -8.25 -8.31 -8.31 -8.38 -8.44 -8.47 -8.44 -8.41 -8.44 -8.44 -8.34 -8.34 -8.34 -8.28 -8.34 -8.47 -8.53 -8.56 -8.59 -8.56 -8.50 -8.44 -8.44 -8.38 -8.34 -8.34 -8.31 -8.41 -8.56 -8.56 -8.50 -8.53 -8.47 -8.41 -8.31 -8.25 -8.12 -8.06 -7.91 -7.75 -7.66 -7.44 -7.31 -7.22 -7.06 -6.78 -6.56
-4.56 -4.78 -5.06 -5.31 -5.53 -5.75 -5.97 -6.06 -6.31 -6.41 -6.62 -6.84 -7.12 -7.34 -7.34 -7.50 -7.81 -8.06 -8.22 -8.25 -8.25 -8.31 -8.38 -8.44 -8.47 -8.41 -8.44 -8.44 -8.41 -8.38 -8.41 -8.50 -8.47 -8.44 -8.50 -8.53 -8.53 -8.50 -8.47 -8.44 -8.38 -8.38 -8.34 -8.34 -8.44 -8.50 -8.47 -8.53 -8.47 -8.50 -8.50 -8.50 -8.44 -8.44 -8.34 -8.31 -8.31 -8.38 -8.47 -8.44 -8.44 -8.44 -8.41 -8.34 -8.19 -8.06 -7.91 -7.78 -7.62 -7.50 -7.38 -7.28 -7.16 -6.97 -6.75 -6.44
-4.25 -4.47 -4.78 -5.03 -5.31 -5.59 -5.75 -5.97 -6.22 -6.38 -6.81 -7.00 -7.16 -7.31 -7.53 -7.62 -7.78 -7.94 -8.09 -8.19 -8.25 -8.31 -8.41 -8.44 -8.50 -8.44 -8.41 -8.41 -8.38 -8.41 -8.47 -8.50 -8.53 -8.50 -8.50 -8.50 -8.47 -8.50 -8.56 -8.44 -8.38 -8.34 -8.25 -8.31 -8.41 -8.47 -8.50 -8.47 -8.50 -8.44 -8.41 -8.44 -8.50 -8.44 -8.31 -8.31 -8.31 -8.25 -8.38 -8.47 -8.41 -8.34 -8.31 -8.22 -8.09 -8.00 -7.88 -7.75 -7.59 -7.50 -7.38 -7.22 -7.06 -6.94 -6.66 -6.34
-4.34 -4.38 -4.50 -4.84 -5.16 -5.38 -5.72 -5.94 -5.94 -6.38 -6.62 -6.91 -7.12 -7.34 -7.50 -7.62 -7.81 -7.94 -8.03 -8.12 -8.22 -8.31 -8.41 -8.44 -8.44 -8.41 -8.41 -8.41 -8.38 -8.47 -8.50 -8.53 -8.56 -8.56 -8.53 -8.47 -8.44 -8.38 -8.34 -8.41 -8.47 -8.34 -8.31 -8.25 -8.38 -8.47 -8.50 -8.53 -8.53 -8.47 -8.34 -8.41 -8.47 -8.50 -8.47 -8.31 -8.25 -8.19 -8.34 -8.41 -8.34 -8.25 -8.22 -8.16 -8.12 -8.03 -7.81 -7.69 -7.62 -7.53 -7.38 -7.12 -7.03 -6.81 -6.56 -6.31
-4.41 -4.56 -4.75 -4.81 -5.03 -5.28 -5.44 -5.66 -5.84 -6.28 -6.59 -6.81 -7.03 -7.28 -7.50 -7.66 -7.81 -7.94 -8.09 -8.12 -8.19 -8.28 -8.38 -8.41 -8.44 -8.50 -8.47 -8.44 -8.50 -8.50 -8.53 -8.50 -8.53 -8.59 -8.56 -8.53 -8.41 -8.28 -8.34 -8.44 -8.31 -8.34 -8.38 -8.31 -8.34 -8.38 -8.47 -8.53 -8.53 -8.50 -8.47 -8.41 -8.41 -8.41 -8.34 -8.31 -8.19 -8.16 -8.19 -8.28 -8.25 -8.19 -8.12 -8.09 -8.03 -7.84 -7.75 -7.62 -7.59 -7.47 -7.34 -7.09 -6.84 -6.66 -6.50 -6.31
-4.22 -4.38 -4.59 -4.84 -5.06 -5.28 -5.47 -5.66 -5.75 -6.00 -6.41 -6.69 -6.97 -7.16 -7.31 -7.50 -7.66 -7.91 -8.03 -8.12 -8.19 -8.28 -8.34 -8.38 -8.41 -8.41 -8.44 -8.47 -8.50 -8.41 -8.50 -8.53 -8.53 -8.56 -8.53 -8.50 -8.56 -8.50 -8.47 -8.41 -8.34 -8.44 -8.41 -8.34 -8.38 -8.41 -8.47 -8.53 -8.50 -8.53 -8.50 -8.41 -8.38 -8.38 -8.41 -8.31 -8.22 -8.22 -8.16 -8.22 -8.25 -8.16 -8.09 -8.03 -7.94 -7.88 -7.75 -7.62 -7.53 -7.41 -7.22 -7.03 -6.78 -6.56 -6.44 -6.19
-4.12 -4.28 -4.47 -4.69 -4.91 -5.12 -5.34 -5.59 -5.75 -5.81 -6.28 -6.53 -6.81 -7.06 -7.28 -7.44 -7.59 -7.78 -7.94 -8.06 -8.16 -8.25 -8.28 -8.28 -8.28 -8.31 -8.38 -8.44 -8.41 -8.41 -8.44 -8.47 -8.50 -8.53 -8.47 -8.50 -8.53 -8.44 -8.47 -8.50 -8.47 -8.41 -8.34 -8.31 -8.31 -8.34 -8.34 -8.44 -8.53 -8.44 -8.44 -8.44 -8.47 -8.47 -8.44 -8.31 -8.22 -8.25 -8.22 -8.16 -8.28 -8.22 -8.12 -8.03 -7.97 -7.88 -7.75 -7.66 -7.44 -7.31 -7.12 -6.97 -6.72 -6.53 -6.22 -5.94
-3.97 -4.12 -4.34 -4.53 -4.69 -4.91 -5.19 -5.41 -5.59 -5.69 -5.97 -6.31 -6.59 -6.91 -7.16 -7.38 -7.59 -7.75 -7.94 -7.94 -8.06 -8.22 -8.25 -8.25 -8.31 -8.34 -8.38 -8.38 -8.41 -8.41 -8.44 -8.47 -8.47 -8.47 -8.41 -8.47 -8.41 -8.50 -8.50 -8.50 -8.53 -8.56 -8.47 -8.34 -8.38 -8.28 -8.31 -8.34 -8.34 -8.41 -8.47 -8.47 -8.44 -8.41 -8.31 -8.44 -8.28 -8.22 -8.19 -8.09 -8.19 -8.19 -8.09 -8.03 -7.94 -7.84 -7.78 -7.59 -7.44 -7.28 -7.06 -6.84 -6.53 -6.28 -6.09 -5.91
-3.78 -3.97 -4.12 -4.28 -4.41 -4.69 -4.94 -5.16 -5.41 -5.56 -5.72 -6.03 -6.28 -6.66 -7.00 -7.28 -7.50 -7.66 -7.75 -7.84 -8.00 -8.09 -8.09 -8.22 -8.28 -8.28 -8.31 -8.34 -8.44 -8.47 -8.50 -8.47 -8.47 -8.44 -8.44 -8.38 -8.44 -8.50 -8.53 -8.56 -8.59 -8.62 -8.59 -8.53 -8.41 -8.38 -8.31 -8.34 -8.34 -8.38 -8.38 -8.50 -8.47 -8.41 -8.47 -8.41 -8.34 -8.25 -8.19 -8.09 -8.06 -8.09 -8.06 -7.97 -7.88 -7.81 -7.75 -7.53 -7.38 -7.19 -7.00 -6.75 -6.56 -6.25 -6.16 -5.94
-3.69 -3.91 -4.12 -4.19 -4.34 -4.59 -4.75 -5.00 -5.28 -5.47 -5.75 -5.97 -6.28 -6.47 -6.72 -7.00 -7.28 -7.56 -7.78 -7.94 -7.84 -7.94 -8.09 -8.31 -8.38 -8.38 -8.38 -8.34 -8.31 -8.38 -8.44 -8.50 -8.50 -8.44 -8.41 -8.38 -8.50 -8.56 -8.59 -8.59 -8.59 -8.62 -8.59 -8.56 -8.50 -8.47 -8.34 -8.25 -8.28 -8.34 -8.34 -8.44 -8.47 -8.38 -8.38 -8.34 -8.34 -8.25 -8.16 -8.06 -7.97 -7.94 -7.97 -7.91 -7.84 -7.81 -7.72 -7.56 -7.38 -7.25 -7.00 -6.81 -6.59 -6.44 -6.16 -6.00
-3.53 -3.66 -3.81 -4.03 -4.28 -4.50 -4.72 -4.97 -5.22 -5.56 -5.78 -5.91 -6.06 -6.41 -6.66 -6.84 -7.19 -7.50 -7.72 -7.75 -7.78 -7.97 -8.19 -8.31 -8.34 -8.38 -8.41 -8.41 -8.34 -8.38 -8.44 -8.47 -8.47 -8.44 -8.34 -8.44 -8.47 -8.50 -8.53 -8.59 -8.59 -8.56 -8.56 -8.53 -8.56 -8.50 -8.47 -8.31 -8.31 -8.31 -8.25 -8.31 -8.41 -8.44 -8.31 -8.31 -8.31 -8.25 -8.16 -8.06 -7.94 -7.91 -7.84 -7.78 -7.75 -7.62 -7.56 -7.47 -7.34 -7.22 -6.97 -6.81 -6.62 -6.47 -6.22 -6.00
-3.28 -3.38 -3.59 -3.88 -3.94 -4.19 -4.56 -4.81 -5.16 -5.41 -5.66 -5.94 -6.12 -6.25 -6.38 -6.69 -6.97 -7.16 -7.34 -7.62 -7.78 -7.94 -8.12 -8.25 -8.38 -8.41 -8.41 -8.41 -8.41 -8.38 -8.34 -8.34 -8.34 -8.38 -8.28 -8.38 -8.44 -8.44 -8.50 -8.56 -8.56 -8.53 -8.53 -8.56 -8.53 -8.53 -8.53 -8.47 -8.38 -8.38 -8.28 -8.28 -8.34 -8.38 -8.31 -8.28 -8.22 -8.19 -8.16 -8.06 -7.97 -7.94 -7.91 -7.78 -7.69 -7.62 -7.56 -7.50 -7.31 -7.16 -7.03 -6.78 -6.56 -6.38 -6.12 -5.88
-3.22 -3.38 -3.50 -3.69 -4.00 -4.31 -4.53 -4.78 -5.06 -5.28 -5.53 -5.78 -6.03 -6.22 -6.44 -6.75 -6.94 -7.25 -7.50 -7.62 -7.75 -7.94 -8.12 -8.19 -8.31 -8.41 -8.41 -8.44 -8.47 -8.47 -8.47 -8.47 -8.34 -8.34 -8.38 -8.44 -8.41 -8.47 -8.47 -8.50 -8.56 -8.56 -8.53 -8.53 -8.53 -8.56 -8.56 -8.53 -8.50 -8.41 -8.34 -8.31 -8.31 -8.25 -8.28 -8.22 -8.16 -8.16 -8.09 -8.03 -8.06 -7.97 -7.94 -7.84 -7.75 -7.59 -7.47 -7.38 -7.22 -7.03 -6.91 -6.75 -6.53 -6.28 -6.06 -5.84
-3.25 -3.34 -3.47 -3.75 -3.91 -4.09 -4.31 -4.62 -4.88 -5.12 -5.38 -5.66 -5.94 -6.19 -6.38 -6.59 -6.97 -7.22 -7.41 -7.56 -7.69 -7.81 -7.94 -8.09 -8.16 -8.31 -8.41 -8.44 -8.47 -8.50 -8.50 -8.44 -8.41 -8.34 -8.41 -8.47 -8.47 -8.41 -8.38 -8.47 -8.50 -8.53 -8.56 -8.56 -8.59 -8.56 -8.56 -8.53 -8.53 -8.50 -8.41 -8.31 -8.25 -8.22 -8.16 -8.12 -8.09 -8.12 -8.09 -7.97 -7.97 -7.94 -7.91 -7.81 -7.72 -7.59 -7.47 -7.31 -7.16 -7.00 -6.88 -6.69 -6.47 -6.28 -5.97 -5.72
-3.12 -3.28 -3.50 -3.69 -3.91 -4.03 -4.25 -4.47 -4.75 -5.03 -5.28 -5.56 -5.84 -6.09 -6.25 -6.47 -6.84 -7.06 -7.28 -7.44 -7.59 -7.78 -7.91 -8.12 -8.19 -8.25 -8.34 -8.41 -8.44 -8.47 -8.47 -8.44 -8.41 -8.31 -8.41 -8.50 -8.50 -8.50 -8.53 -8.53 -8.50 -8.50 -8.50 -8.50 -8.53 -8.53 -8.50 -8.53 -8.53 -8.50 -8.47 -8.44 -8.38 -8.25 -8.16 -8.09 -8.09 -8.09 -8.09 -8.00 -7.88 -7.91 -7.81 -7.72 -7.69 -7.66 -7.50 -7.31 -7.16 -7.00 -6.81 -6.66 -6.50 -6.25 -6.00 -5.72
-2.97 -3.16 -3.34 -3.62 -3.81 -3.94 -4.12 -4.34 -4.62 -4.94 -5.12 -5.38 -5.66 -5.91 -6.16 -6.44 -6.69 -6.94 -7.12 -7.25 -7.50 -7.78 -7.94 -8.06 -8.19 -8.22 -8.31 -8.38 -8.41 -8.44 -8.47 -8.47 -8.34 -8.31 -8.47 -8.50 -8.53 -8.53 -8.53 -8.53 -8.53 -8.53 -8.53 -8.53 -8.53 -8.53 -8.50 -8.47 -8.53 -8.53 -8.47 -8.47 -8.34 -8.31 -8.25 -8.22 -8.22 -8.19 -8.06 -8.00 -7.88 -7.81 -7.81 -7.75 -7.69 -7.56 -7.44 -7.25 -7.12 -6.94 -6.81 -6.66 -6.44 -6.22 -6.03 -5.72
