everonasctiles/Tile[21,18].asc
ncols 128
nrows 128
xllcorner 0
yllcorner 0
cellsize 2.0
NODATA_value  -9999
[rows 0 to 32 of 128, columns 0 to 72 of 128]
102.09 102.00 101.88 101.69 101.53 101.31 101.16 100.97 100.81 100.66 100.50 100.38 100.28 100.22 100.06 100.00 100.00 99.91 99.84 99.75 99.69 99.66 99.59 99.53 99.50 99.44 99.28 99.09 98.81 98.47 98.16 97.88 97.56 97.31 97.03 96.75 96.50 96.22 95.94 95.69 95.41 95.16 94.91 94.66 94.41 94.19 93.97 93.75 93.56 93.38 93.19 93.03 92.88 92.72 92.59 92.47 92.34 92.22 92.12 92.00 91.91 91.78 91.69 91.56 91.47 91.34 91.25 91.12 91.03 90.94 90.84 90.75 90.62
102.25 102.09 101.94 101.78 101.59 101.41 101.22 101.09 100.91 100.75 100.62 100.53 100.44 100.34 100.28 100.22 100.25 100.16 100.12 100.09 100.09 100.06 100.00 99.94 99.88 99.81 99.66 99.38 99.06 98.75 98.41 98.09 97.78 97.50 97.25 96.97 96.69 96.44 96.16 95.91 95.66 95.41 95.16 94.91 94.66 94.44 94.22 94.00 93.78 93.59 93.41 93.25 93.09 92.94 92.78 92.66 92.53 92.41 92.28 92.19 92.06 91.94 91.84 91.72 91.59 91.47 91.38 91.25 91.16 91.06 90.94 90.84 90.75
102.34 102.19 102.03 101.88 101.66 101.47 101.31 101.16 101.03 100.88 100.75 100.66 100.59 100.50 100.50 100.47 100.50 100.47 100.47 100.44 100.44 100.44 100.34 100.31 100.28 100.22 99.97 99.72 99.38 99.00 98.66 98.31 98.00 97.72 97.44 97.19 96.91 96.66 96.38 96.12 95.88 95.62 95.38 95.12 94.91 94.66 94.44 94.22 94.03 93.81 93.66 93.47 93.31 93.12 93.00 92.84 92.72 92.59 92.47 92.34 92.22 92.09 92.00 91.88 91.75 91.62 91.50 91.38 91.28 91.16 91.06 90.97 90.84
102.50 102.31 102.09 101.94 101.75 101.59 101.44 101.28 101.12 101.00 100.88 100.78 100.72 100.66 100.66 100.69 100.72 100.78 100.78 100.75 100.75 100.75 100.69 100.72 100.66 100.53 100.31 100.06 99.69 99.28 98.91 98.53 98.22 97.91 97.62 97.38 97.09 96.84 96.59 96.34 96.09 95.84 95.59 95.34 95.12 94.88 94.66 94.44 94.25 94.06 93.84 93.69 93.50 93.34 93.19 93.03 92.91 92.78 92.66 92.53 92.41 92.28 92.16 92.03 91.91 91.75 91.62 91.53 91.41 91.28 91.19 91.06 90.94
102.62 102.41 102.25 102.09 101.91 101.72 101.56 101.41 101.28 101.16 101.03 100.94 100.84 100.81 100.81 100.88 100.94 101.00 101.03 101.03 101.03 101.06 101.03 101.03 100.97 100.78 100.59 100.31 99.97 99.56 99.12 98.75 98.41 98.09 97.81 97.56 97.28 97.03 96.78 96.53 96.28 96.03 95.81 95.56 95.34 95.09 94.88 94.66 94.47 94.25 94.06 93.88 93.72 93.53 93.38 93.22 93.09 92.94 92.81 92.69 92.56 92.44 92.31 92.19 92.06 91.91 91.78 91.66 91.53 91.41 91.31 91.19 91.06
102.75 102.56 102.41 102.22 102.06 101.91 101.75 101.62 101.44 101.31 101.19 101.09 101.00 101.00 101.00 101.03 101.09 101.16 101.22 101.22 101.25 101.28 101.25 101.25 101.19 101.06 100.88 100.62 100.25 99.81 99.38 98.97 98.62 98.28 98.00 97.72 97.47 97.22 96.97 96.72 96.47 96.25 96.00 95.78 95.53 95.31 95.09 94.88 94.69 94.47 94.28 94.09 93.91 93.75 93.56 93.41 93.28 93.12 93.00 92.88 92.75 92.59 92.47 92.34 92.22 92.06 91.94 91.81 91.69 91.56 91.44 91.31 91.19
102.91 102.72 102.56 102.41 102.22 102.06 101.94 101.78 101.66 101.53 101.41 101.25 101.19 101.16 101.16 101.16 101.22 101.28 101.34 101.38 101.44 101.47 101.50 101.47 101.41 101.28 101.09 100.84 100.47 100.06 99.62 99.19 98.81 98.47 98.16 97.88 97.62 97.38 97.16 96.91 96.66 96.44 96.19 95.97 95.75 95.53 95.31 95.09 94.88 94.69 94.47 94.28 94.09 93.94 93.78 93.59 93.47 93.31 93.19 93.03 92.91 92.78 92.62 92.50 92.38 92.22 92.09 91.94 91.81 91.69 91.56 91.44 91.28
103.03 102.88 102.72 102.56 102.47 102.28 102.12 102.03 101.91 101.75 101.62 101.47 101.38 101.31 101.31 101.31 101.38 101.41 101.44 101.50 101.56 101.59 101.66 101.62 101.53 101.41 101.22 100.97 100.66 100.25 99.81 99.38 98.97 98.62 98.31 98.03 97.78 97.56 97.31 97.06 96.84 96.62 96.41 96.16 95.94 95.72 95.50 95.31 95.09 94.88 94.69 94.50 94.31 94.12 93.97 93.78 93.62 93.50 93.34 93.22 93.06 92.94 92.81 92.66 92.53 92.38 92.25 92.09 91.97 91.81 91.69 91.56 91.41
103.22 103.06 102.94 102.81 102.72 102.53 102.41 102.31 102.19 102.03 101.84 101.69 101.56 101.47 101.47 101.47 101.47 101.50 101.53 101.59 101.66 101.69 101.72 101.69 101.62 101.50 101.28 101.06 100.75 100.38 99.97 99.53 99.12 98.78 98.47 98.19 97.94 97.72 97.47 97.25 97.03 96.81 96.59 96.38 96.16 95.94 95.72 95.50 95.28 95.09 94.88 94.69 94.50 94.31 94.12 93.97 93.81 93.66 93.53 93.38 93.25 93.09 92.97 92.81 92.69 92.53 92.38 92.25 92.09 91.97 91.81 91.69 91.53
103.38 103.25 103.19 103.06 103.00 102.88 102.75 102.62 102.44 102.25 102.03 101.88 101.75 101.66 101.62 101.59 101.59 101.62 101.66 101.66 101.69 101.72 101.75 101.72 101.66 101.53 101.34 101.09 100.81 100.47 100.06 99.62 99.25 98.91 98.62 98.34 98.09 97.88 97.66 97.41 97.19 96.97 96.75 96.56 96.34 96.12 95.91 95.69 95.50 95.28 95.06 94.88 94.69 94.50 94.31 94.16 94.00 93.84 93.69 93.56 93.41 93.28 93.12 93.00 92.84 92.69 92.53 92.38 92.25 92.09 91.94 91.81 91.69
103.56 103.50 103.44 103.31 103.28 103.16 103.03 102.88 102.62 102.50 102.28 102.09 101.94 101.84 101.78 101.75 101.69 101.69 101.72 101.72 101.75 101.75 101.75 101.75 101.66 101.53 101.38 101.16 100.88 100.53 100.16 99.75 99.38 99.06 98.78 98.53 98.28 98.03 97.81 97.59 97.38 97.16 96.94 96.75 96.53 96.31 96.09 95.91 95.69 95.47 95.28 95.06 94.88 94.69 94.50 94.34 94.19 94.03 93.88 93.72 93.59 93.44 93.28 93.16 93.00 92.84 92.69 92.53 92.38 92.22 92.09 91.94 91.81
103.78 103.75 103.66 103.59 103.53 103.41 103.28 103.09 102.91 102.75 102.50 102.28 102.09 102.03 101.94 101.88 101.81 101.78 101.78 101.78 101.78 101.75 101.75 101.72 101.66 101.53 101.38 101.19 100.94 100.62 100.25 99.88 99.56 99.25 98.97 98.69 98.44 98.22 97.97 97.75 97.53 97.34 97.12 96.94 96.72 96.50 96.31 96.09 95.88 95.66 95.47 95.25 95.06 94.88 94.69 94.53 94.34 94.19 94.06 93.91 93.75 93.59 93.44 93.31 93.16 93.00 92.84 92.69 92.53 92.38 92.22 92.06 91.94
104.03 103.97 103.91 103.78 103.75 103.62 103.50 103.34 103.16 102.91 102.62 102.44 102.31 102.19 102.09 102.03 101.94 101.91 101.84 101.84 101.81 101.78 101.75 101.69 101.62 101.53 101.41 101.19 101.00 100.69 100.38 100.06 99.78 99.47 99.16 98.88 98.62 98.38 98.16 97.94 97.72 97.53 97.31 97.12 96.91 96.72 96.50 96.28 96.09 95.88 95.66 95.44 95.25 95.06 94.88 94.69 94.53 94.38 94.22 94.06 93.91 93.75 93.59 93.44 93.28 93.12 92.97 92.81 92.66 92.50 92.38 92.22 92.06
104.28 104.22 104.12 104.03 103.94 103.81 103.69 103.53 103.34 103.09 102.84 102.59 102.47 102.38 102.22 102.12 102.06 102.00 101.94 101.88 101.84 101.81 101.75 101.69 101.62 101.53 101.41 101.22 101.03 100.78 100.56 100.28 99.97 99.69 99.38 99.09 98.84 98.59 98.34 98.12 97.91 97.72 97.53 97.31 97.12 96.91 96.72 96.50 96.28 96.06 95.84 95.62 95.44 95.25 95.06 94.88 94.72 94.56 94.38 94.22 94.06 93.91 93.75 93.59 93.44 93.28 93.12 92.97 92.81 92.66 92.50 92.34 92.19
104.53 104.44 104.34 104.25 104.09 104.00 103.91 103.72 103.50 103.28 103.00 102.84 102.66 102.50 102.38 102.28 102.19 102.09 102.00 101.94 101.88 101.81 101.75 101.69 101.62 101.53 101.41 101.25 101.09 100.91 100.69 100.47 100.19 99.94 99.62 99.34 99.06 98.81 98.56 98.34 98.12 97.91 97.72 97.53 97.31 97.12 96.91 96.69 96.47 96.25 96.03 95.84 95.62 95.44 95.25 95.06 94.88 94.72 94.56 94.41 94.25 94.06 93.91 93.75 93.59 93.44 93.28 93.09 92.94 92.78 92.62 92.50 92.34
104.81 104.69 104.56 104.44 104.31 104.19 104.03 103.88 103.69 103.50 103.28 103.00 102.81 102.66 102.53 102.41 102.28 102.19 102.09 102.00 101.94 101.84 101.78 101.69 101.62 101.53 101.41 101.28 101.16 101.00 100.84 100.59 100.44 100.19 99.91 99.59 99.31 99.06 98.81 98.59 98.34 98.16 97.94 97.72 97.53 97.31 97.12 96.91 96.69 96.47 96.25 96.03 95.81 95.62 95.44 95.25 95.06 94.91 94.72 94.56 94.41 94.22 94.06 93.91 93.75 93.56 93.41 93.25 93.09 92.94 92.78 92.62 92.47
105.12 104.97 104.81 104.66 104.53 104.38 104.22 104.06 103.84 103.59 103.38 103.19 102.97 102.81 102.66 102.53 102.41 102.28 102.16 102.06 101.97 101.91 101.81 101.72 101.62 101.53 101.44 101.31 101.22 101.09 100.97 100.84 100.62 100.44 100.22 99.91 99.62 99.38 99.12 98.84 98.62 98.38 98.16 97.94 97.75 97.53 97.31 97.09 96.88 96.66 96.44 96.22 96.00 95.81 95.59 95.41 95.25 95.06 94.91 94.72 94.56 94.38 94.22 94.06 93.88 93.72 93.56 93.41 93.22 93.06 92.91 92.75 92.59
105.44 105.25 105.03 104.88 104.72 104.53 104.38 104.22 103.94 103.78 103.56 103.34 103.16 102.97 102.81 102.66 102.50 102.38 102.25 102.12 102.03 101.94 101.84 101.75 101.66 101.56 101.47 101.38 101.28 101.22 101.16 101.03 100.91 100.69 100.50 100.25 100.00 99.72 99.47 99.19 98.91 98.62 98.38 98.16 97.94 97.72 97.50 97.28 97.06 96.84 96.62 96.41 96.19 95.97 95.78 95.59 95.41 95.25 95.06 94.88 94.72 94.53 94.38 94.19 94.03 93.88 93.69 93.53 93.38 93.22 93.06 92.91 92.75
105.75 105.53 105.38 105.16 104.97 104.75 104.56 104.34 104.12 103.91 103.72 103.50 103.31 103.12 102.94 102.78 102.62 102.50 102.34 102.22 102.09 101.97 101.88 101.78 101.69 101.59 101.50 101.44 101.38 101.31 101.31 101.25 101.16 101.00 100.81 100.59 100.38 100.12 99.84 99.53 99.19 98.88 98.62 98.38 98.12 97.91 97.69 97.47 97.25 97.03 96.81 96.59 96.38 96.16 95.97 95.78 95.59 95.41 95.22 95.06 94.88 94.69 94.53 94.34 94.19 94.00 93.84 93.69 93.53 93.38 93.22 93.03 92.88
106.03 105.88 105.66 105.47 105.16 104.97 104.78 104.50 104.31 104.12 103.91 103.72 103.50 103.28 103.09 102.91 102.75 102.59 102.44 102.31 102.16 102.03 101.91 101.81 101.69 101.62 101.53 101.50 101.47 101.44 101.44 101.41 101.38 101.25 101.09 100.94 100.75 100.50 100.19 99.84 99.47 99.12 98.84 98.56 98.31 98.09 97.88 97.66 97.44 97.22 97.00 96.78 96.56 96.34 96.16 95.97 95.75 95.56 95.41 95.22 95.03 94.84 94.69 94.50 94.34 94.16 94.00 93.84 93.69 93.50 93.34 93.19 93.03
106.28 106.12 105.94 105.66 105.44 105.16 104.91 104.69 104.53 104.34 104.12 103.91 103.72 103.47 103.25 103.09 102.91 102.72 102.56 102.44 102.28 102.12 102.00 101.88 101.75 101.66 101.59 101.53 101.53 101.56 101.59 101.59 101.59 101.50 101.38 101.22 101.03 100.81 100.47 100.09 99.75 99.38 99.03 98.72 98.47 98.25 98.03 97.81 97.59 97.38 97.16 96.94 96.72 96.53 96.31 96.12 95.94 95.75 95.56 95.38 95.19 95.03 94.84 94.66 94.50 94.31 94.16 94.00 93.81 93.66 93.50 93.34 93.19
106.50 106.34 106.12 105.94 105.62 105.38 105.09 104.97 104.72 104.56 104.34 104.16 103.94 103.72 103.50 103.34 103.16 102.97 102.78 102.62 102.47 102.31 102.16 102.00 101.88 101.75 101.69 101.62 101.62 101.66 101.72 101.75 101.75 101.72 101.59 101.44 101.25 101.00 100.69 100.31 99.94 99.53 99.19 98.88 98.62 98.41 98.19 97.97 97.75 97.53 97.34 97.12 96.91 96.72 96.50 96.31 96.09 95.91 95.72 95.53 95.38 95.19 95.00 94.81 94.66 94.47 94.31 94.16 93.97 93.81 93.66 93.50 93.34
106.66 106.47 106.28 106.03 105.78 105.53 105.38 105.12 105.00 104.78 104.56 104.38 104.16 103.97 103.75 103.62 103.41 103.22 103.03 102.88 102.72 102.53 102.34 102.16 102.03 101.91 101.81 101.75 101.72 101.72 101.84 101.88 101.88 101.84 101.75 101.59 101.38 101.12 100.78 100.41 100.00 99.66 99.28 99.03 98.78 98.56 98.34 98.12 97.91 97.72 97.50 97.31 97.09 96.88 96.69 96.47 96.28 96.06 95.91 95.72 95.53 95.34 95.16 94.97 94.81 94.62 94.44 94.31 94.16 94.00 93.84 93.69 93.50
106.75 106.59 106.38 106.19 106.03 105.81 105.59 105.38 105.25 105.03 104.81 104.66 104.44 104.22 104.06 103.88 103.72 103.50 103.31 103.12 102.97 102.75 102.53 102.34 102.19 102.06 101.94 101.88 101.84 101.88 101.91 101.94 101.94 101.91 101.81 101.66 101.44 101.16 100.84 100.50 100.09 99.72 99.44 99.19 98.94 98.72 98.50 98.28 98.09 97.88 97.69 97.47 97.28 97.06 96.84 96.66 96.44 96.28 96.09 95.91 95.69 95.50 95.31 95.12 94.94 94.75 94.59 94.47 94.31 94.19 94.03 93.88 93.69
106.91 106.72 106.59 106.44 106.25 106.09 105.84 105.66 105.47 105.28 105.12 104.91 104.75 104.47 104.38 104.16 103.97 103.84 103.59 103.41 103.22 103.00 102.75 102.56 102.34 102.19 102.09 102.03 101.97 101.97 101.97 101.97 101.97 101.94 101.81 101.66 101.47 101.19 100.84 100.47 100.16 99.84 99.59 99.34 99.12 98.88 98.66 98.47 98.25 98.06 97.88 97.66 97.44 97.25 97.03 96.81 96.66 96.47 96.25 96.06 95.88 95.69 95.47 95.28 95.09 94.91 94.75 94.66 94.53 94.38 94.22 94.06 93.91
107.00 106.91 106.75 106.62 106.47 106.25 106.12 105.91 105.75 105.56 105.41 105.22 104.97 104.88 104.66 104.47 104.34 104.19 104.00 103.78 103.56 103.31 103.06 102.84 102.59 102.41 102.25 102.16 102.09 102.06 102.03 102.00 101.97 101.91 101.81 101.66 101.44 101.16 100.88 100.50 100.22 99.97 99.75 99.50 99.25 99.00 98.81 98.62 98.44 98.25 98.03 97.84 97.62 97.41 97.22 97.06 96.88 96.62 96.44 96.25 96.06 95.84 95.66 95.44 95.28 95.09 95.00 94.88 94.75 94.59 94.47 94.31 94.12
107.16 107.03 106.91 106.81 106.62 106.53 106.34 106.19 105.97 105.81 105.66 105.47 105.41 105.25 105.03 104.94 104.75 104.59 104.44 104.28 104.06 103.72 103.44 103.12 102.84 102.62 102.47 102.31 102.19 102.16 102.09 102.06 102.00 101.94 101.81 101.66 101.44 101.19 100.91 100.62 100.38 100.12 99.88 99.62 99.41 99.22 99.03 98.84 98.62 98.41 98.22 98.03 97.81 97.62 97.44 97.28 97.03 96.88 96.66 96.44 96.22 96.00 95.84 95.62 95.50 95.34 95.25 95.12 95.00 94.81 94.69 94.53 94.31
107.31 107.19 107.06 106.97 106.88 106.72 106.56 106.44 106.25 106.06 105.94 105.78 105.75 105.59 105.53 105.38 105.22 105.09 104.94 104.78 104.53 104.19 103.91 103.50 103.12 102.88 102.66 102.50 102.34 102.28 102.19 102.12 102.06 101.94 101.81 101.66 101.47 101.25 100.97 100.72 100.50 100.22 99.97 99.81 99.62 99.44 99.22 99.00 98.81 98.59 98.41 98.19 98.03 97.84 97.66 97.44 97.28 97.09 96.88 96.66 96.47 96.28 96.06 95.91 95.78 95.62 95.50 95.41 95.25 95.06 94.91 94.72 94.50
107.47 107.34 107.25 107.16 107.06 106.97 106.81 106.62 106.47 106.34 106.22 106.16 106.12 106.06 106.00 105.88 105.72 105.59 105.47 105.25 105.03 104.69 104.28 103.91 103.47 103.16 102.91 102.72 102.53 102.41 102.31 102.25 102.12 102.03 101.88 101.69 101.50 101.28 101.09 100.84 100.62 100.38 100.19 100.00 99.81 99.59 99.41 99.19 98.97 98.78 98.56 98.41 98.22 98.06 97.84 97.69 97.53 97.31 97.09 96.94 96.72 96.53 96.38 96.22 96.06 95.94 95.84 95.69 95.50 95.34 95.16 94.94 94.75
107.59 107.50 107.41 107.31 107.25 107.16 107.03 106.84 106.72 106.59 106.47 106.50 106.50 106.47 106.47 106.38 106.25 106.06 105.97 105.75 105.47 105.16 104.72 104.34 103.88 103.47 103.12 102.94 102.72 102.59 102.47 102.38 102.25 102.12 101.97 101.81 101.59 101.41 101.22 101.00 100.78 100.59 100.38 100.19 100.00 99.78 99.56 99.38 99.16 98.97 98.81 98.62 98.44 98.25 98.09 97.97 97.78 97.56 97.38 97.19 97.00 96.84 96.72 96.56 96.41 96.28 96.16 95.94 95.81 95.59 95.34 95.12 95.00
107.78 107.66 107.56 107.50 107.41 107.31 107.19 107.03 106.91 106.84 106.75 106.81 106.84 106.84 106.84 106.78 106.69 106.56 106.38 106.16 105.88 105.50 105.06 104.66 104.22 103.78 103.44 103.16 102.97 102.75 102.66 102.53 102.38 102.25 102.06 101.91 101.72 101.56 101.38 101.16 100.97 100.78 100.56 100.38 100.16 99.97 99.75 99.53 99.34 99.19 99.00 98.81 98.66 98.47 98.38 98.19 98.03 97.84 97.66 97.47 97.31 97.16 97.06 96.91 96.81 96.66 96.47 96.28 96.06 95.84 95.62 95.41 95.28
107.91 107.81 107.72 107.66 107.56 107.47 107.31 107.22 107.12 107.03 107.06 107.09 107.12 107.16 107.16 107.16 107.06 106.94 106.75 106.47 106.16 105.78 105.34 104.94 104.53 104.06 103.72 103.50 103.25 103.00 102.84 102.69 102.56 102.38 102.22 102.06 101.88 101.72 101.53 101.34 101.16 100.94 100.75 100.56 100.34 100.16 99.94 99.75 99.56 99.41 99.22 99.03 98.88 98.75 98.59 98.44 98.28 98.12 97.94 97.75 97.62 97.53 97.44 97.28 97.16 97.00 96.81 96.59 96.38 96.09 95.84 95.69 95.56
108.09 107.94 107.84 107.78 107.72 107.59 107.44 107.34 107.28 107.22 107.28 107.31 107.38 107.41 107.41 107.41 107.31 107.19 106.94 106.66 106.38 105.94 105.53 105.09 104.69 104.31 104.03 103.78 103.50 103.28 103.09 102.91 102.72 102.56 102.41 102.22 102.06 101.91 101.72 101.53 101.31 101.12 100.94 100.75 100.56 100.34 100.16 99.97 99.78 99.62 99.44 99.28 99.09 98.97 98.81 98.66 98.53 98.38 98.22 98.09 97.97 97.91 97.78 97.66 97.50 97.38 97.16 96.94 96.66 96.38 96.12 95.94 95.88
