everonasctiles/Tile31,32.asc
ncols 128
nrows 128
xllcorner 0
yllcorner 0
cellsize 2.0
NODATA_value  -9999
[rows 33 to 65 of 128, columns 0 to 73 of 128]
-8.91 -9.09 -9.47 -9.78 -9.91 -10.06 -10.34 -10.62 -10.88 -11.12 -11.44 -11.69 -11.84 -12.03 -12.22 -12.44 -12.62 -12.84 -12.97 -13.09 -13.25 -13.41 -13.56 -13.62 -13.66 -13.62 -13.59 -13.62 -13.50 -13.41 -13.25 -13.00 -12.69 -12.38 -12.06 -11.69 -11.19 -10.59 -9.88 -9.31 -8.69 -8.16 -7.47 -6.84 -6.22 -5.66 -5.06 -4.88 -4.88 -5.03 -5.28 -5.34 -5.59 -6.03 -6.50 -7.12 -7.94 -8.56 -9.47 -10.03 -10.88 -11.28 -11.91 -12.75 -13.47 -14.09 -14.62 -15.09 -15.56 -15.94 -16.22 -16.41 -16.59 -16.66
-8.94 -9.16 -9.56 -9.72 -10.06 -10.28 -10.50 -10.62 -10.88 -11.25 -11.50 -11.72 -11.88 -12.09 -12.34 -12.66 -12.88 -12.94 -13.03 -13.22 -13.47 -13.59 -13.62 -13.72 -13.75 -13.75 -13.72 -13.69 -13.59 -13.53 -13.31 -13.09 -12.75 -12.41 -12.16 -11.66 -11.12 -10.66 -9.91 -9.28 -8.69 -8.00 -7.19 -6.53 -5.88 -5.47 -4.78 -4.69 -4.84 -4.88 -5.12 -5.38 -5.66 -6.25 -6.84 -7.44 -8.06 -8.94 -9.59 -10.28 -10.97 -11.53 -12.22 -12.97 -13.66 -14.28 -14.75 -15.22 -15.69 -16.03 -16.28 -16.38 -16.53 -16.66
-8.97 -9.28 -9.44 -9.72 -9.91 -10.31 -10.62 -10.78 -10.97 -11.25 -11.62 -11.81 -11.94 -12.34 -12.59 -12.78 -12.84 -13.06 -13.25 -13.47 -13.59 -13.66 -13.78 -13.81 -13.84 -13.84 -13.84 -13.81 -13.75 -13.56 -13.41 -13.12 -12.81 -12.50 -12.22 -11.72 -11.16 -10.59 -10.00 -9.19 -8.47 -7.72 -6.97 -6.03 -5.41 -5.00 -4.56 -4.44 -4.66 -4.78 -4.97 -5.41 -5.69 -6.25 -7.00 -7.62 -8.25 -8.91 -9.88 -10.56 -11.34 -11.91 -12.53 -13.22 -13.84 -14.38 -14.88 -15.38 -15.75 -16.03 -16.19 -16.31 -16.50 -16.59
-9.09 -9.38 -9.59 -9.78 -9.97 -10.28 -10.66 -10.81 -11.03 -11.38 -11.66 -11.78 -12.16 -12.47 -12.66 -12.78 -13.03 -13.19 -13.31 -13.50 -13.66 -13.78 -13.88 -13.91 -13.94 -13.97 -13.97 -13.91 -13.81 -13.69 -13.38 -13.06 -12.78 -12.44 -12.03 -11.66 -11.16 -10.62 -10.03 -9.22 -8.47 -7.47 -6.81 -6.00 -5.12 -4.84 -4.50 -4.44 -4.59 -4.78 -5.03 -5.44 -5.97 -6.44 -7.19 -8.00 -8.66 -9.50 -10.31 -10.94 -11.59 -12.00 -12.66 -13.31 -13.94 -14.47 -14.91 -15.44 -15.78 -15.97 -16.09 -16.31 -16.50 -16.62
-9.06 -9.28 -9.53 -9.97 -10.19 -10.44 -10.62 -10.84 -11.09 -11.38 -11.66 -11.97 -12.31 -12.50 -12.69 -12.91 -13.06 -13.25 -13.44 -13.56 -13.72 -13.84 -13.94 -14.00 -14.03 -14.06 -14.03 -14.00 -13.88 -13.75 -13.47 -13.16 -12.81 -12.41 -12.06 -11.56 -11.09 -10.62 -9.94 -9.28 -8.47 -7.56 -6.78 -5.84 -5.16 -4.75 -4.41 -4.41 -4.53 -4.78 -5.19 -5.66 -6.25 -6.84 -7.41 -8.19 -9.19 -9.94 -10.72 -11.28 -11.81 -12.19 -12.88 -13.50 -14.03 -14.53 -14.94 -15.25 -15.59 -15.81 -16.06 -16.22 -16.44 -16.59
-8.97 -9.25 -9.59 -9.88 -10.22 -10.56 -10.84 -11.06 -11.38 -11.62 -11.88 -12.06 -12.19 -12.53 -12.78 -13.00 -13.22 -13.31 -13.50 -13.66 -13.81 -13.94 -14.03 -14.06 -14.06 -14.09 -14.09 -14.06 -13.97 -13.88 -13.59 -13.25 -12.81 -12.53 -12.06 -11.56 -11.09 -10.66 -10.03 -9.31 -8.47 -7.53 -6.59 -5.78 -5.28 -4.50 -4.28 -4.25 -4.62 -5.00 -5.50 -6.06 -6.75 -7.44 -8.06 -8.84 -9.69 -10.41 -11.12 -11.69 -12.19 -12.47 -13.03 -13.59 -14.09 -14.50 -14.78 -15.09 -15.31 -15.66 -15.97 -16.16 -16.41 -16.56
-9.09 -9.34 -9.69 -9.97 -10.28 -10.59 -10.84 -11.12 -11.34 -11.56 -11.81 -12.06 -12.22 -12.62 -12.88 -13.06 -13.28 -13.44 -13.50 -13.75 -13.91 -14.03 -14.03 -14.06 -14.12 -14.16 -14.12 -14.03 -13.97 -13.91 -13.69 -13.41 -13.00 -12.72 -12.19 -11.62 -11.12 -10.62 -10.03 -9.09 -8.16 -7.12 -6.34 -5.50 -4.62 -4.09 -3.84 -3.94 -4.38 -5.06 -5.69 -6.34 -7.19 -8.03 -8.78 -9.50 -10.19 -10.78 -11.47 -12.00 -12.50 -12.84 -13.28 -13.72 -14.12 -14.38 -14.62 -14.84 -15.16 -15.44 -15.78 -16.06 -16.31 -16.56
-9.09 -9.34 -9.56 -9.91 -10.28 -10.59 -10.88 -11.09 -11.34 -11.62 -11.84 -12.12 -12.25 -12.56 -12.81 -13.12 -13.28 -13.44 -13.66 -13.84 -13.91 -13.97 -14.06 -14.12 -14.16 -14.19 -14.16 -14.06 -13.94 -13.84 -13.72 -13.41 -13.00 -12.59 -12.19 -11.72 -11.09 -10.38 -9.59 -8.66 -7.84 -6.81 -5.72 -4.94 -4.28 -3.81 -3.69 -4.06 -4.41 -5.06 -5.81 -6.59 -7.44 -8.19 -8.97 -9.72 -10.41 -11.12 -11.84 -12.25 -12.78 -13.03 -13.31 -13.66 -13.91 -14.12 -14.41 -14.69 -15.00 -15.28 -15.62 -15.88 -16.12 -16.44
-9.09 -9.38 -9.59 -9.91 -10.25 -10.56 -10.81 -11.00 -11.34 -11.69 -11.94 -12.12 -12.31 -12.56 -12.84 -12.97 -13.34 -13.56 -13.75 -13.84 -13.91 -14.00 -14.06 -14.12 -14.16 -14.09 -14.06 -14.06 -14.00 -13.88 -13.69 -13.41 -12.94 -12.53 -12.06 -11.53 -11.12 -10.34 -9.31 -8.44 -7.50 -6.47 -5.53 -4.72 -4.12 -3.97 -3.94 -4.28 -4.66 -5.34 -6.03 -6.97 -7.72 -8.31 -9.19 -9.84 -10.72 -11.50 -12.12 -12.66 -12.94 -13.09 -13.28 -13.41 -13.66 -13.91 -14.19 -14.44 -14.78 -15.12 -15.47 -15.78 -16.03 -16.25
-9.12 -9.47 -9.78 -10.00 -10.25 -10.50 -10.81 -11.12 -11.50 -11.75 -12.06 -12.25 -12.41 -12.56 -12.81 -13.09 -13.28 -13.56 -13.75 -13.88 -14.00 -14.09 -14.16 -14.12 -14.12 -14.12 -14.19 -14.12 -14.06 -13.94 -13.75 -13.38 -12.97 -12.50 -11.97 -11.44 -11.00 -10.19 -9.12 -8.25 -7.28 -6.34 -5.50 -4.81 -4.53 -4.50 -4.66 -4.88 -5.38 -5.69 -6.31 -7.16 -7.84 -8.50 -9.38 -10.00 -10.78 -11.56 -12.25 -12.62 -12.94 -13.00 -13.09 -13.22 -13.47 -13.72 -13.97 -14.31 -14.62 -14.94 -15.31 -15.66 -15.94 -16.06
-9.16 -9.44 -9.78 -10.06 -10.28 -10.50 -10.78 -11.12 -11.53 -11.81 -12.03 -12.19 -12.47 -12.78 -12.94 -13.09 -13.28 -13.56 -13.75 -13.91 -14.03 -14.09 -14.09 -14.12 -14.22 -14.22 -14.22 -14.16 -14.09 -13.94 -13.78 -13.53 -12.97 -12.50 -12.06 -11.53 -10.91 -10.03 -9.25 -8.31 -7.38 -6.47 -5.81 -5.44 -5.12 -5.19 -5.16 -5.34 -5.84 -6.22 -6.56 -7.44 -8.06 -8.75 -9.47 -10.12 -10.78 -11.41 -12.03 -12.47 -12.78 -12.84 -13.00 -13.12 -13.34 -13.59 -13.84 -14.16 -14.44 -14.84 -15.19 -15.53 -15.72 -15.84
-9.06 -9.34 -9.66 -9.97 -10.28 -10.56 -10.94 -11.16 -11.44 -11.72 -11.91 -12.25 -12.53 -12.81 -13.03 -13.16 -13.31 -13.47 -13.66 -13.84 -13.94 -14.03 -14.12 -14.19 -14.25 -14.28 -14.19 -14.16 -14.12 -13.97 -13.78 -13.53 -13.12 -12.62 -12.09 -11.59 -10.78 -9.94 -9.31 -8.50 -7.62 -6.84 -6.34 -5.88 -5.56 -5.53 -5.59 -5.62 -6.00 -6.44 -6.81 -7.44 -8.19 -8.81 -9.41 -9.97 -10.59 -11.19 -11.75 -12.19 -12.59 -12.69 -12.88 -13.12 -13.34 -13.59 -13.78 -14.06 -14.38 -14.75 -15.09 -15.25 -15.50 -15.62
-9.06 -9.41 -9.66 -9.88 -10.12 -10.47 -10.75 -11.19 -11.50 -11.78 -12.03 -12.31 -12.59 -12.81 -13.00 -13.12 -13.38 -13.53 -13.69 -13.78 -13.97 -14.09 -14.19 -14.22 -14.22 -14.25 -14.16 -14.16 -14.09 -13.94 -13.78 -13.53 -13.28 -12.91 -12.31 -11.56 -10.91 -10.22 -9.50 -8.75 -8.03 -7.47 -6.97 -6.56 -6.22 -6.06 -6.00 -6.19 -6.44 -6.84 -7.22 -7.66 -8.19 -8.75 -9.28 -9.75 -10.28 -10.94 -11.47 -11.88 -12.28 -12.47 -12.72 -13.06 -13.34 -13.56 -13.81 -14.06 -14.38 -14.62 -14.88 -15.06 -15.28 -15.41
-9.03 -9.34 -9.62 -9.97 -10.22 -10.34 -10.75 -11.03 -11.38 -11.66 -12.03 -12.34 -12.62 -12.81 -12.94 -13.12 -13.34 -13.50 -13.62 -13.78 -13.91 -14.03 -14.09 -14.12 -14.06 -14.06 -14.09 -14.06 -14.06 -13.97 -13.81 -13.59 -13.41 -13.03 -12.38 -11.66 -10.91 -10.25 -9.62 -9.03 -8.41 -7.94 -7.59 -7.19 -6.94 -6.81 -6.84 -6.94 -7.31 -7.44 -7.50 -7.81 -8.12 -8.62 -9.12 -9.56 -10.00 -10.56 -11.19 -11.59 -12.03 -12.28 -12.66 -13.00 -13.28 -13.53 -13.81 -14.09 -14.31 -14.50 -14.75 -14.91 -15.09 -15.22
-8.91 -9.25 -9.59 -9.88 -10.19 -10.47 -10.72 -11.09 -11.44 -11.72 -11.94 -12.28 -12.59 -12.81 -12.94 -13.09 -13.31 -13.44 -13.50 -13.75 -13.88 -13.94 -13.97 -14.03 -14.03 -14.00 -14.06 -14.06 -14.00 -14.03 -13.91 -13.69 -13.41 -13.00 -12.44 -11.72 -11.00 -10.47 -9.94 -9.44 -9.09 -8.72 -8.28 -8.00 -7.69 -7.53 -7.53 -7.62 -7.75 -7.84 -7.72 -7.91 -8.19 -8.56 -8.97 -9.34 -9.81 -10.31 -10.84 -11.25 -11.72 -12.09 -12.44 -12.81 -13.22 -13.47 -13.78 -14.00 -14.28 -14.44 -14.59 -14.72 -14.97 -15.09
-8.84 -9.25 -9.56 -9.88 -10.16 -10.47 -10.84 -11.16 -11.47 -11.78 -12.03 -12.19 -12.44 -12.72 -12.84 -13.00 -13.22 -13.41 -13.53 -13.62 -13.75 -13.84 -13.84 -13.91 -13.91 -14.00 -14.16 -14.19 -14.12 -14.06 -13.97 -13.69 -13.34 -12.94 -12.44 -11.78 -11.12 -10.69 -10.22 -9.81 -9.50 -9.19 -8.84 -8.53 -8.31 -8.16 -8.06 -8.00 -7.88 -7.91 -7.84 -7.97 -8.12 -8.41 -8.81 -9.12 -9.56 -10.09 -10.59 -11.00 -11.38 -11.81 -12.28 -12.66 -13.09 -13.53 -13.78 -14.00 -14.25 -14.44 -14.53 -14.59 -14.78 -14.94
-8.81 -9.16 -9.59 -9.91 -10.16 -10.53 -10.88 -11.19 -11.50 -11.78 -12.03 -12.25 -12.34 -12.56 -12.81 -13.00 -13.19 -13.31 -13.41 -13.50 -13.56 -13.59 -13.69 -13.72 -13.81 -14.06 -14.25 -14.31 -14.22 -14.09 -13.88 -13.62 -13.25 -12.78 -12.34 -11.88 -11.28 -10.75 -10.34 -9.94 -9.78 -9.50 -9.12 -8.88 -8.69 -8.41 -8.19 -8.00 -7.78 -7.75 -7.78 -7.91 -8.12 -8.47 -8.78 -9.03 -9.34 -9.75 -10.25 -10.66 -11.09 -11.44 -11.94 -12.50 -13.03 -13.44 -13.66 -13.94 -14.12 -14.34 -14.47 -14.59 -14.69 -14.78
-8.91 -9.19 -9.47 -9.81 -10.12 -10.53 -10.88 -11.19 -11.50 -11.78 -12.00 -12.12 -12.28 -12.50 -12.81 -12.97 -13.09 -13.16 -13.19 -13.28 -13.41 -13.47 -13.47 -13.59 -13.78 -14.00 -14.38 -14.34 -14.28 -14.03 -13.78 -13.50 -13.19 -12.66 -12.19 -11.78 -11.16 -10.62 -10.22 -9.84 -9.69 -9.53 -9.25 -9.03 -8.69 -8.31 -8.06 -7.84 -7.78 -7.62 -7.69 -7.84 -8.12 -8.44 -8.72 -8.94 -9.19 -9.62 -10.03 -10.44 -10.84 -11.28 -11.78 -12.38 -12.91 -13.28 -13.59 -13.84 -14.03 -14.19 -14.38 -14.47 -14.53 -14.59
-8.84 -9.16 -9.53 -9.88 -10.22 -10.56 -10.91 -11.19 -11.47 -11.72 -11.88 -12.00 -12.22 -12.53 -12.69 -12.81 -12.88 -12.94 -12.94 -13.03 -13.25 -13.31 -13.34 -13.41 -13.69 -14.00 -14.28 -14.34 -14.19 -13.84 -13.53 -13.31 -12.97 -12.50 -11.97 -11.47 -10.81 -10.44 -10.06 -9.84 -9.62 -9.41 -9.28 -9.00 -8.59 -8.22 -7.91 -7.66 -7.53 -7.50 -7.62 -7.78 -8.00 -8.25 -8.56 -8.75 -9.03 -9.47 -9.81 -10.28 -10.59 -11.03 -11.62 -12.19 -12.78 -13.12 -13.50 -13.72 -13.84 -14.00 -14.19 -14.28 -14.28 -14.28
-8.91 -9.19 -9.53 -9.84 -10.19 -10.53 -10.84 -11.09 -11.34 -11.59 -11.81 -11.97 -12.22 -12.41 -12.44 -12.50 -12.56 -12.59 -12.66 -12.81 -12.97 -13.09 -13.19 -13.34 -13.56 -13.84 -14.12 -14.06 -13.97 -13.62 -13.28 -13.06 -12.72 -12.16 -11.56 -10.97 -10.44 -10.00 -9.72 -9.56 -9.53 -9.28 -9.06 -8.78 -8.44 -8.16 -7.81 -7.50 -7.31 -7.22 -7.34 -7.53 -7.72 -7.81 -8.06 -8.34 -8.81 -9.22 -9.59 -10.00 -10.38 -10.91 -11.44 -12.06 -12.62 -13.03 -13.31 -13.56 -13.75 -13.97 -14.09 -14.16 -14.06 -13.97
-8.81 -9.16 -9.47 -9.78 -10.16 -10.50 -10.78 -11.06 -11.31 -11.53 -11.66 -11.91 -12.09 -12.25 -12.25 -12.31 -12.34 -12.38 -12.41 -12.56 -12.69 -12.91 -13.03 -13.28 -13.53 -13.75 -13.81 -13.78 -13.53 -13.22 -12.94 -12.62 -12.06 -11.66 -11.00 -10.53 -10.00 -9.72 -9.47 -9.28 -9.19 -9.00 -8.84 -8.59 -8.22 -7.94 -7.66 -7.34 -7.16 -6.97 -7.03 -7.06 -7.22 -7.44 -7.75 -8.06 -8.53 -8.91 -9.31 -9.62 -10.12 -10.69 -11.25 -11.94 -12.53 -12.97 -13.25 -13.47 -13.66 -13.78 -13.91 -13.94 -13.94 -13.81
-8.78 -9.12 -9.44 -9.75 -10.12 -10.47 -10.78 -11.00 -11.22 -11.41 -11.66 -11.75 -11.91 -12.06 -12.09 -12.09 -12.16 -12.19 -12.25 -12.41 -12.50 -12.66 -12.84 -13.09 -13.41 -13.59 -13.59 -13.44 -13.16 -12.78 -12.31 -11.78 -11.19 -10.78 -10.44 -10.12 -9.66 -9.28 -9.09 -9.03 -8.88 -8.66 -8.59 -8.28 -8.03 -7.75 -7.50 -7.22 -7.03 -6.91 -6.66 -6.69 -6.88 -7.09 -7.41 -7.84 -8.22 -8.66 -9.06 -9.38 -9.91 -10.41 -11.06 -11.78 -12.34 -12.81 -13.16 -13.41 -13.56 -13.72 -13.81 -13.88 -13.84 -13.72
-8.78 -9.12 -9.44 -9.75 -10.12 -10.44 -10.69 -10.88 -11.19 -11.38 -11.56 -11.62 -11.75 -11.88 -11.94 -11.97 -12.00 -12.06 -12.12 -12.28 -12.44 -12.59 -12.88 -13.16 -13.38 -13.44 -13.41 -13.06 -12.66 -12.22 -11.72 -11.06 -10.50 -10.06 -9.84 -9.56 -9.19 -8.91 -8.66 -8.59 -8.47 -8.34 -8.38 -8.12 -7.94 -7.62 -7.34 -7.09 -6.72 -6.34 -6.09 -6.16 -6.25 -6.44 -6.88 -7.41 -7.75 -8.19 -8.56 -9.09 -9.66 -10.25 -11.03 -11.69 -12.28 -12.75 -13.09 -13.34 -13.56 -13.72 -13.78 -13.81 -13.78 -13.62
-8.84 -9.16 -9.47 -9.75 -10.09 -10.38 -10.66 -10.91 -11.06 -11.25 -11.38 -11.47 -11.59 -11.69 -11.81 -11.88 -11.97 -12.03 -12.09 -12.28 -12.47 -12.69 -13.00 -13.22 -13.38 -13.22 -13.00 -12.66 -12.09 -11.50 -10.97 -10.31 -9.72 -9.44 -9.22 -8.97 -8.75 -8.59 -8.44 -8.28 -8.38 -8.25 -8.16 -7.97 -7.75 -7.44 -7.00 -6.56 -6.16 -5.84 -5.75 -5.53 -5.66 -5.91 -6.31 -6.78 -7.09 -7.59 -8.12 -8.69 -9.28 -10.09 -10.88 -11.62 -12.22 -12.75 -13.09 -13.34 -13.59 -13.72 -13.69 -13.62 -13.62 -13.47
-8.81 -9.16 -9.50 -9.81 -10.06 -10.38 -10.62 -10.78 -10.88 -11.00 -11.09 -11.25 -11.38 -11.53 -11.69 -11.75 -11.94 -11.94 -12.06 -12.31 -12.53 -12.72 -12.84 -13.03 -13.03 -12.91 -12.66 -12.22 -11.53 -10.81 -10.12 -9.59 -9.09 -8.81 -8.62 -8.44 -8.31 -8.31 -8.28 -8.19 -8.16 -8.03 -7.97 -7.78 -7.50 -7.06 -6.62 -6.12 -5.66 -5.31 -5.09 -5.00 -5.03 -5.31 -5.72 -6.12 -6.53 -7.03 -7.56 -8.31 -9.12 -9.84 -10.78 -11.53 -12.16 -12.62 -13.00 -13.28 -13.44 -13.47 -13.53 -13.44 -13.47 -13.31
-8.84 -9.19 -9.47 -9.78 -10.09 -10.34 -10.56 -10.69 -10.78 -10.81 -10.91 -11.03 -11.19 -11.38 -11.47 -11.59 -11.78 -12.00 -12.09 -12.34 -12.41 -12.53 -12.62 -12.75 -12.56 -12.56 -12.28 -11.72 -10.94 -10.16 -9.59 -8.97 -8.53 -8.31 -8.16 -8.09 -7.91 -7.97 -8.00 -7.97 -7.91 -7.84 -7.66 -7.41 -7.06 -6.66 -6.16 -5.66 -5.12 -4.66 -4.31 -4.31 -4.41 -4.62 -4.94 -5.38 -5.84 -6.38 -7.12 -8.09 -8.91 -9.78 -10.53 -11.28 -11.94 -12.47 -12.84 -13.09 -13.22 -13.25 -13.31 -13.19 -13.12 -13.16
-8.94 -9.28 -9.53 -9.84 -10.06 -10.25 -10.47 -10.56 -10.69 -10.72 -10.75 -10.88 -10.97 -11.19 -11.38 -11.50 -11.75 -12.06 -12.03 -12.12 -12.28 -12.34 -12.38 -12.34 -12.25 -12.06 -11.84 -11.12 -10.41 -9.56 -8.88 -8.50 -8.16 -7.97 -7.88 -7.81 -7.78 -7.88 -7.84 -7.78 -7.75 -7.59 -7.31 -7.03 -6.62 -6.19 -5.72 -5.22 -4.69 -4.22 -3.78 -3.78 -3.81 -4.00 -4.31 -4.72 -5.25 -5.97 -6.81 -7.78 -8.66 -9.56 -10.34 -11.03 -11.66 -12.19 -12.66 -12.88 -13.00 -13.06 -13.16 -13.09 -13.06 -13.16
-8.91 -9.25 -9.56 -9.88 -10.09 -10.25 -10.31 -10.38 -10.44 -10.53 -10.56 -10.69 -10.88 -11.06 -11.25 -11.41 -11.50 -11.75 -11.88 -11.94 -12.12 -12.19 -12.19 -12.09 -12.00 -11.72 -11.22 -10.59 -9.91 -9.09 -8.50 -8.22 -7.91 -7.69 -7.72 -7.66 -7.62 -7.59 -7.69 -7.62 -7.44 -7.16 -6.81 -6.53 -6.06 -5.72 -5.28 -4.84 -4.38 -3.94 -3.66 -3.47 -3.38 -3.59 -3.88 -4.19 -4.81 -5.66 -6.59 -7.59 -8.56 -9.28 -10.12 -10.78 -11.31 -11.88 -12.25 -12.69 -12.84 -13.00 -12.94 -13.03 -13.00 -13.00
-8.97 -9.25 -9.47 -9.78 -10.00 -10.09 -10.16 -10.09 -10.25 -10.31 -10.31 -10.47 -10.66 -10.91 -11.12 -11.25 -11.38 -11.53 -11.62 -11.78 -11.97 -12.06 -12.00 -11.91 -11.78 -11.31 -10.78 -10.09 -9.41 -8.88 -8.53 -8.25 -7.91 -7.72 -7.59 -7.50 -7.50 -7.41 -7.38 -7.25 -7.03 -6.69 -6.31 -6.09 -5.62 -5.19 -4.88 -4.38 -3.97 -3.72 -3.41 -3.31 -3.12 -3.16 -3.50 -3.84 -4.50 -5.44 -6.38 -7.47 -8.38 -9.12 -9.91 -10.56 -11.12 -11.59 -12.03 -12.41 -12.69 -12.75 -12.78 -12.84 -12.97 -12.94
-9.12 -9.31 -9.53 -9.69 -9.88 -9.97 -9.88 -9.88 -10.09 -10.06 -10.16 -10.25 -10.41 -10.66 -10.91 -11.00 -11.16 -11.34 -11.50 -11.66 -11.88 -11.88 -11.88 -11.69 -11.34 -10.94 -10.53 -9.94 -9.34 -8.94 -8.75 -8.34 -8.16 -7.97 -7.78 -7.59 -7.47 -7.31 -7.25 -7.03 -6.69 -6.38 -5.94 -5.66 -5.28 -4.84 -4.44 -4.09 -3.84 -3.56 -3.34 -3.12 -2.97 -2.97 -3.34 -3.81 -4.50 -5.41 -6.28 -7.28 -8.22 -8.97 -9.69 -10.34 -10.81 -11.34 -11.81 -12.22 -12.41 -12.56 -12.56 -12.66 -12.75 -12.81
-9.16 -9.28 -9.53 -9.75 -9.62 -9.50 -9.53 -9.62 -9.72 -9.84 -9.88 -10.03 -10.19 -10.41 -10.59 -10.66 -10.88 -11.22 -11.38 -11.72 -11.75 -11.78 -11.69 -11.44 -11.09 -10.75 -10.44 -10.00 -9.50 -9.06 -8.84 -8.62 -8.31 -8.16 -7.91 -7.69 -7.44 -7.38 -7.22 -6.84 -6.41 -6.09 -5.69 -5.31 -4.91 -4.56 -4.16 -3.88 -3.62 -3.50 -3.19 -3.00 -3.03 -3.03 -3.38 -3.81 -4.47 -5.38 -6.19 -7.06 -7.97 -8.72 -9.50 -10.06 -10.50 -11.03 -11.62 -11.97 -12.09 -12.28 -12.44 -12.53 -12.66 -12.62
-9.16 -9.25 -9.44 -9.50 -9.31 -9.22 -9.19 -9.41 -9.47 -9.44 -9.53 -9.69 -9.88 -10.00 -10.16 -10.34 -10.66 -10.91 -11.12 -11.44 -11.69 -11.69 -11.59 -11.38 -11.12 -10.75 -10.41 -10.06 -9.72 -9.28 -9.06 -8.78 -8.47 -8.25 -8.06 -7.78 -7.56 -7.41 -7.03 -6.62 -6.19 -5.81 -5.47 -5.12 -4.66 -4.31 -4.00 -3.72 -3.47 -3.22 -2.97 -2.75 -2.75 -2.88 -3.34 -3.75 -4.44 -5.28 -6.09 -6.91 -7.75 -8.44 -9.22 -9.84 -10.22 -10.72 -11.22 -11.50 -11.69 -11.91 -12.16 -12.28 -12.34 -12.53
-9.12 -9.22 -9.31 -9.38 -9.09 -9.09 -9.03 -9.19 -9.25 -9.28 -9.22 -9.38 -9.56 -9.75 -9.88 -10.16 -10.41 -10.69 -11.06 -11.31 -11.47 -11.41 -11.34 -11.19 -11.00 -10.72 -10.41 -10.06 -9.81 -9.53 -9.31 -9.06 -8.72 -8.38 -8.25 -8.12 -7.81 -7.38 -6.94 -6.50 -6.03 -5.72 -5.34 -4.94 -4.41 -4.19 -4.00 -3.72 -3.34 -3.09 -2.84 -2.69 -2.66 -2.84 -3.25 -3.75 -4.38 -5.22 -6.03 -6.91 -7.72 -8.28 -8.88 -9.47 -9.84 -10.34 -10.78 -11.06 -11.28 -11.66 -12.00 -12.12 -12.25 -12.22
