everonasctiles/Tile[41,19].asc
ncols 128
nrows 128
xllcorner 0
yllcorner 0
cellsize 2.0
NODATA_value  -9999
[rows 64 to 95 of 128, columns 0 to 70 of 128]
-51.25 -51.47 -51.72 -51.97 -52.25 -52.50 -52.78 -53.03 -53.25 -53.44 -53.66 -53.91 -54.16 -54.44 -54.69 -54.97 -55.19 -55.41 -55.62 -55.81 -55.97 -56.12 -56.28 -56.44 -56.56 -56.72 -56.88 -57.06 -57.22 -57.38 -57.53 -57.66 -57.81 -58.03 -58.34 -58.69 -59.09 -59.47 -59.88 -60.28 -60.69 -61.09 -61.50 -61.88 -62.22 -62.53 -62.81 -63.06 -63.25 -63.44 -63.62 -63.81 -64.00 -64.19 -64.38 -64.53 -64.69 -64.81 -64.94 -65.03 -65.12 -65.16 -65.12 -65.06 -64.94 -64.81 -64.66 -64.50 -64.38 -64.28 -64.19
-51.22 -51.41 -51.66 -51.91 -52.16 -52.41 -52.66 -52.88 -53.09 -53.28 -53.53 -53.81 -54.09 -54.38 -54.66 -54.94 -55.19 -55.44 -55.62 -55.84 -56.03 -56.19 -56.34 -56.50 -56.66 -56.81 -57.00 -57.19 -57.34 -57.53 -57.69 -57.84 -58.03 -58.25 -58.53 -58.91 -59.31 -59.72 -60.12 -60.53 -60.94 -61.34 -61.72 -62.09 -62.44 -62.75 -63.03 -63.28 -63.50 -63.69 -63.88 -64.06 -64.25 -64.41 -64.56 -64.72 -64.84 -64.97 -65.06 -65.12 -65.19 -65.22 -65.19 -65.12 -65.03 -64.91 -64.78 -64.69 -64.59 -64.56 -64.56
-51.25 -51.44 -51.66 -51.84 -52.06 -52.31 -52.53 -52.72 -52.94 -53.16 -53.41 -53.69 -54.00 -54.31 -54.59 -54.91 -55.16 -55.41 -55.62 -55.84 -56.03 -56.22 -56.38 -56.53 -56.72 -56.88 -57.06 -57.25 -57.47 -57.69 -57.88 -58.06 -58.28 -58.50 -58.78 -59.12 -59.53 -59.97 -60.38 -60.78 -61.19 -61.56 -61.94 -62.31 -62.66 -62.97 -63.25 -63.50 -63.72 -63.94 -64.12 -64.31 -64.50 -64.66 -64.78 -64.91 -65.03 -65.12 -65.19 -65.25 -65.28 -65.28 -65.28 -65.22 -65.12 -65.03 -64.94 -64.88 -64.84 -64.84 -64.94
-51.34 -51.53 -51.72 -51.88 -52.06 -52.25 -52.44 -52.62 -52.81 -53.03 -53.28 -53.62 -53.94 -54.25 -54.56 -54.84 -55.12 -55.38 -55.59 -55.81 -56.03 -56.22 -56.38 -56.56 -56.72 -56.91 -57.09 -57.31 -57.56 -57.81 -58.06 -58.31 -58.56 -58.81 -59.12 -59.44 -59.81 -60.22 -60.66 -61.06 -61.44 -61.81 -62.19 -62.56 -62.88 -63.19 -63.47 -63.72 -63.94 -64.16 -64.34 -64.53 -64.72 -64.91 -65.03 -65.12 -65.22 -65.28 -65.34 -65.38 -65.41 -65.41 -65.38 -65.31 -65.25 -65.16 -65.09 -65.06 -65.09 -65.16 -65.28
-51.44 -51.66 -51.81 -51.97 -52.12 -52.31 -52.47 -52.66 -52.84 -53.06 -53.31 -53.59 -53.91 -54.22 -54.50 -54.81 -55.06 -55.34 -55.56 -55.78 -56.00 -56.19 -56.38 -56.53 -56.69 -56.91 -57.12 -57.34 -57.62 -57.91 -58.22 -58.53 -58.84 -59.16 -59.47 -59.84 -60.19 -60.56 -60.94 -61.34 -61.72 -62.09 -62.47 -62.81 -63.12 -63.44 -63.69 -63.94 -64.16 -64.38 -64.56 -64.75 -64.97 -65.12 -65.25 -65.38 -65.44 -65.50 -65.53 -65.56 -65.56 -65.53 -65.50 -65.44 -65.38 -65.31 -65.28 -65.28 -65.34 -65.47 -65.62
-51.53 -51.75 -51.94 -52.09 -52.25 -52.44 -52.62 -52.81 -53.00 -53.19 -53.41 -53.66 -53.94 -54.22 -54.50 -54.78 -55.03 -55.28 -55.53 -55.75 -55.97 -56.16 -56.31 -56.47 -56.66 -56.88 -57.09 -57.38 -57.69 -58.03 -58.38 -58.75 -59.09 -59.47 -59.81 -60.19 -60.53 -60.91 -61.28 -61.66 -62.00 -62.38 -62.72 -63.03 -63.34 -63.66 -63.91 -64.16 -64.34 -64.56 -64.75 -64.94 -65.16 -65.34 -65.50 -65.59 -65.66 -65.72 -65.72 -65.72 -65.72 -65.69 -65.62 -65.59 -65.56 -65.50 -65.50 -65.53 -65.62 -65.75 -65.97
-51.59 -51.84 -52.03 -52.22 -52.41 -52.56 -52.75 -52.94 -53.16 -53.34 -53.56 -53.78 -54.00 -54.25 -54.53 -54.78 -55.03 -55.28 -55.50 -55.72 -55.91 -56.09 -56.25 -56.44 -56.59 -56.81 -57.09 -57.38 -57.72 -58.09 -58.50 -58.91 -59.31 -59.72 -60.12 -60.50 -60.88 -61.25 -61.59 -61.94 -62.31 -62.62 -62.97 -63.28 -63.56 -63.84 -64.09 -64.34 -64.53 -64.72 -64.91 -65.09 -65.31 -65.50 -65.69 -65.81 -65.91 -65.94 -65.94 -65.94 -65.91 -65.88 -65.84 -65.81 -65.78 -65.75 -65.72 -65.78 -65.88 -66.03 -66.25
-51.62 -51.88 -52.09 -52.28 -52.50 -52.69 -52.91 -53.09 -53.28 -53.50 -53.69 -53.91 -54.12 -54.34 -54.56 -54.81 -55.03 -55.28 -55.47 -55.69 -55.88 -56.03 -56.19 -56.34 -56.53 -56.75 -57.00 -57.31 -57.69 -58.09 -58.53 -59.00 -59.47 -59.94 -60.38 -60.78 -61.16 -61.53 -61.88 -62.22 -62.56 -62.91 -63.19 -63.50 -63.78 -64.03 -64.28 -64.50 -64.69 -64.88 -65.06 -65.25 -65.44 -65.66 -65.84 -66.00 -66.12 -66.19 -66.19 -66.19 -66.16 -66.09 -66.06 -66.06 -66.03 -66.00 -66.00 -66.03 -66.12 -66.31 -66.53
-51.66 -51.91 -52.12 -52.34 -52.59 -52.81 -53.03 -53.25 -53.44 -53.62 -53.81 -54.03 -54.22 -54.44 -54.66 -54.88 -55.06 -55.28 -55.47 -55.62 -55.78 -55.94 -56.06 -56.22 -56.41 -56.62 -56.88 -57.22 -57.59 -58.03 -58.50 -59.00 -59.50 -60.03 -60.50 -60.94 -61.38 -61.75 -62.12 -62.47 -62.81 -63.12 -63.44 -63.69 -63.97 -64.22 -64.44 -64.66 -64.88 -65.06 -65.22 -65.41 -65.59 -65.81 -66.00 -66.19 -66.31 -66.44 -66.47 -66.47 -66.44 -66.41 -66.38 -66.34 -66.31 -66.28 -66.28 -66.28 -66.38 -66.56 -66.78
-51.66 -51.91 -52.16 -52.41 -52.66 -52.91 -53.16 -53.38 -53.56 -53.78 -53.94 -54.12 -54.31 -54.53 -54.72 -54.91 -55.09 -55.28 -55.44 -55.56 -55.69 -55.81 -55.94 -56.06 -56.25 -56.47 -56.72 -57.03 -57.41 -57.84 -58.34 -58.88 -59.44 -59.97 -60.50 -61.00 -61.47 -61.88 -62.28 -62.62 -62.97 -63.31 -63.62 -63.91 -64.16 -64.38 -64.62 -64.84 -65.06 -65.25 -65.44 -65.62 -65.81 -66.00 -66.16 -66.38 -66.53 -66.69 -66.78 -66.78 -66.75 -66.72 -66.69 -66.69 -66.62 -66.59 -66.53 -66.53 -66.59 -66.78 -67.03
-51.62 -51.91 -52.19 -52.44 -52.72 -52.97 -53.25 -53.47 -53.69 -53.88 -54.06 -54.22 -54.41 -54.59 -54.78 -54.94 -55.09 -55.25 -55.34 -55.47 -55.56 -55.66 -55.78 -55.91 -56.06 -56.28 -56.50 -56.81 -57.12 -57.53 -58.03 -58.62 -59.25 -59.84 -60.44 -60.97 -61.47 -61.94 -62.34 -62.75 -63.09 -63.44 -63.78 -64.06 -64.31 -64.56 -64.81 -65.03 -65.25 -65.47 -65.69 -65.91 -66.09 -66.25 -66.41 -66.59 -66.78 -66.97 -67.06 -67.12 -67.09 -67.06 -67.03 -67.00 -66.97 -66.88 -66.81 -66.78 -66.84 -67.00 -67.25
-51.62 -51.91 -52.19 -52.47 -52.75 -53.03 -53.28 -53.53 -53.75 -53.94 -54.12 -54.28 -54.47 -54.62 -54.78 -54.94 -55.06 -55.16 -55.25 -55.34 -55.41 -55.50 -55.62 -55.72 -55.88 -56.06 -56.28 -56.53 -56.78 -57.09 -57.62 -58.34 -59.06 -59.75 -60.34 -60.91 -61.44 -61.94 -62.38 -62.78 -63.16 -63.53 -63.88 -64.19 -64.47 -64.72 -65.00 -65.22 -65.47 -65.72 -65.97 -66.19 -66.38 -66.53 -66.69 -66.88 -67.06 -67.25 -67.41 -67.47 -67.47 -67.44 -67.41 -67.34 -67.28 -67.19 -67.06 -67.03 -67.06 -67.25 -67.50
-51.59 -51.88 -52.19 -52.47 -52.75 -53.00 -53.28 -53.50 -53.75 -53.94 -54.12 -54.31 -54.47 -54.62 -54.75 -54.88 -54.97 -55.03 -55.12 -55.19 -55.28 -55.38 -55.47 -55.56 -55.69 -55.88 -56.06 -56.22 -56.50 -56.97 -57.62 -58.38 -59.06 -59.72 -60.31 -60.84 -61.38 -61.84 -62.31 -62.75 -63.16 -63.53 -63.88 -64.22 -64.53 -64.84 -65.12 -65.44 -65.69 -65.97 -66.22 -66.47 -66.69 -66.84 -67.03 -67.19 -67.38 -67.56 -67.72 -67.81 -67.81 -67.78 -67.75 -67.66 -67.56 -67.44 -67.31 -67.25 -67.31 -67.50 -67.75
-51.56 -51.84 -52.12 -52.41 -52.69 -52.97 -53.22 -53.44 -53.69 -53.88 -54.09 -54.25 -54.44 -54.56 -54.69 -54.78 -54.84 -54.91 -54.97 -55.03 -55.12 -55.22 -55.31 -55.41 -55.53 -55.72 -55.94 -56.25 -56.66 -57.19 -57.78 -58.41 -59.03 -59.62 -60.22 -60.75 -61.25 -61.72 -62.19 -62.62 -63.06 -63.47 -63.84 -64.19 -64.53 -64.91 -65.25 -65.56 -65.88 -66.16 -66.44 -66.72 -66.97 -67.16 -67.34 -67.53 -67.72 -67.91 -68.06 -68.16 -68.16 -68.12 -68.06 -67.97 -67.84 -67.69 -67.53 -67.47 -67.59 -67.81 -68.06
-51.47 -51.75 -52.03 -52.31 -52.59 -52.88 -53.12 -53.34 -53.59 -53.78 -54.00 -54.19 -54.34 -54.47 -54.56 -54.62 -54.69 -54.75 -54.78 -54.88 -54.97 -55.06 -55.16 -55.28 -55.44 -55.69 -56.00 -56.34 -56.78 -57.28 -57.81 -58.38 -58.94 -59.50 -60.06 -60.56 -61.06 -61.53 -62.03 -62.47 -62.91 -63.34 -63.72 -64.12 -64.50 -64.88 -65.25 -65.62 -65.97 -66.28 -66.59 -66.91 -67.19 -67.44 -67.66 -67.88 -68.06 -68.25 -68.38 -68.47 -68.50 -68.47 -68.38 -68.25 -68.06 -67.88 -67.72 -67.69 -67.91 -68.16 -68.44
-51.31 -51.59 -51.91 -52.19 -52.47 -52.72 -53.00 -53.22 -53.47 -53.66 -53.88 -54.06 -54.22 -54.34 -54.44 -54.47 -54.53 -54.56 -54.62 -54.69 -54.81 -54.91 -55.06 -55.25 -55.44 -55.72 -56.03 -56.41 -56.81 -57.28 -57.78 -58.31 -58.84 -59.34 -59.88 -60.34 -60.84 -61.34 -61.84 -62.28 -62.72 -63.16 -63.56 -63.97 -64.41 -64.81 -65.22 -65.59 -65.97 -66.34 -66.72 -67.06 -67.41 -67.69 -67.94 -68.19 -68.38 -68.56 -68.69 -68.78 -68.81 -68.75 -68.66 -68.50 -68.28 -68.06 -67.84 -67.97 -68.31 -68.59 -68.84
-51.06 -51.38 -51.69 -51.97 -52.28 -52.56 -52.81 -53.06 -53.31 -53.53 -53.72 -53.91 -54.06 -54.19 -54.25 -54.31 -54.34 -54.38 -54.44 -54.53 -54.66 -54.81 -55.03 -55.25 -55.50 -55.78 -56.09 -56.44 -56.84 -57.28 -57.75 -58.22 -58.69 -59.19 -59.66 -60.16 -60.66 -61.12 -61.62 -62.06 -62.47 -62.91 -63.34 -63.78 -64.22 -64.69 -65.12 -65.56 -66.00 -66.44 -66.84 -67.22 -67.59 -67.91 -68.22 -68.47 -68.69 -68.84 -69.00 -69.06 -69.09 -69.03 -68.94 -68.78 -68.56 -68.28 -68.12 -68.34 -68.75 -69.06 -69.31
-50.78 -51.09 -51.41 -51.72 -52.03 -52.34 -52.59 -52.88 -53.09 -53.34 -53.56 -53.75 -53.88 -54.00 -54.06 -54.12 -54.12 -54.19 -54.25 -54.38 -54.53 -54.75 -55.00 -55.28 -55.59 -55.88 -56.19 -56.53 -56.88 -57.28 -57.69 -58.12 -58.56 -59.00 -59.47 -59.97 -60.44 -60.91 -61.34 -61.78 -62.19 -62.62 -63.09 -63.56 -64.03 -64.56 -65.09 -65.62 -66.16 -66.62 -67.03 -67.44 -67.78 -68.12 -68.44 -68.72 -68.94 -69.12 -69.28 -69.34 -69.38 -69.31 -69.25 -69.09 -68.94 -68.69 -68.62 -68.84 -69.22 -69.53 -69.81
-50.41 -50.75 -51.09 -51.44 -51.75 -52.06 -52.34 -52.62 -52.88 -53.12 -53.34 -53.53 -53.69 -53.81 -53.88 -53.91 -53.94 -54.00 -54.06 -54.25 -54.47 -54.72 -55.03 -55.34 -55.69 -56.00 -56.31 -56.66 -57.00 -57.34 -57.69 -58.03 -58.41 -58.78 -59.25 -59.75 -60.22 -60.62 -61.00 -61.34 -61.84 -62.44 -63.12 -63.75 -64.28 -64.78 -65.31 -65.84 -66.38 -66.84 -67.28 -67.66 -68.00 -68.34 -68.66 -68.94 -69.19 -69.38 -69.53 -69.59 -69.62 -69.62 -69.59 -69.53 -69.44 -69.31 -69.25 -69.41 -69.72 -70.00 -70.28
-50.06 -50.41 -50.75 -51.12 -51.44 -51.75 -52.06 -52.34 -52.62 -52.88 -53.09 -53.28 -53.44 -53.56 -53.66 -53.72 -53.75 -53.81 -53.94 -54.12 -54.41 -54.69 -55.03 -55.41 -55.75 -56.12 -56.47 -56.81 -57.16 -57.50 -57.84 -58.16 -58.44 -58.72 -59.00 -59.38 -59.72 -60.03 -60.44 -60.97 -61.72 -62.59 -63.47 -64.06 -64.59 -65.09 -65.62 -66.12 -66.62 -67.09 -67.50 -67.88 -68.25 -68.56 -68.88 -69.16 -69.41 -69.59 -69.75 -69.81 -69.88 -69.94 -69.97 -69.97 -70.00 -69.97 -70.00 -70.09 -70.22 -70.44 -70.72
-49.69 -50.06 -50.41 -50.78 -51.09 -51.44 -51.75 -52.09 -52.38 -52.62 -52.84 -53.03 -53.19 -53.31 -53.41 -53.47 -53.53 -53.62 -53.78 -54.06 -54.34 -54.69 -55.03 -55.41 -55.81 -56.22 -56.62 -57.00 -57.38 -57.75 -58.12 -58.47 -58.78 -59.09 -59.34 -59.50 -59.62 -59.88 -60.25 -60.91 -61.75 -62.72 -63.69 -64.25 -64.78 -65.34 -65.88 -66.38 -66.84 -67.31 -67.72 -68.09 -68.44 -68.78 -69.06 -69.34 -69.59 -69.78 -69.94 -70.03 -70.12 -70.25 -70.34 -70.41 -70.47 -70.53 -70.59 -70.66 -70.75 -70.88 -71.12
-49.31 -49.69 -50.06 -50.41 -50.75 -51.12 -51.47 -51.81 -52.12 -52.38 -52.59 -52.75 -52.91 -53.03 -53.16 -53.25 -53.34 -53.47 -53.69 -53.97 -54.31 -54.66 -55.03 -55.44 -55.84 -56.28 -56.72 -57.19 -57.59 -58.00 -58.41 -58.78 -59.16 -59.53 -59.88 -60.22 -60.38 -60.47 -60.69 -61.12 -61.84 -62.75 -63.72 -64.41 -64.94 -65.53 -66.06 -66.56 -67.03 -67.50 -67.91 -68.28 -68.62 -68.94 -69.25 -69.53 -69.78 -69.97 -70.12 -70.25 -70.38 -70.53 -70.69 -70.81 -70.94 -71.03 -71.09 -71.19 -71.25 -71.34 -71.50
-48.94 -49.31 -49.69 -50.06 -50.47 -50.84 -51.22 -51.56 -51.84 -52.09 -52.28 -52.44 -52.59 -52.75 -52.88 -53.00 -53.12 -53.31 -53.59 -53.91 -54.28 -54.62 -55.03 -55.44 -55.88 -56.38 -56.84 -57.34 -57.81 -58.28 -58.72 -59.12 -59.56 -59.94 -60.34 -60.75 -61.12 -61.41 -61.53 -61.75 -62.19 -62.84 -63.66 -64.47 -65.06 -65.62 -66.16 -66.66 -67.16 -67.59 -68.03 -68.44 -68.78 -69.12 -69.44 -69.72 -69.97 -70.19 -70.34 -70.50 -70.66 -70.81 -71.00 -71.22 -71.38 -71.47 -71.56 -71.66 -71.75 -71.84 -71.94
-48.59 -48.97 -49.38 -49.78 -50.22 -50.62 -51.00 -51.31 -51.56 -51.78 -51.94 -52.12 -52.28 -52.47 -52.62 -52.78 -52.94 -53.22 -53.56 -53.91 -54.28 -54.69 -55.09 -55.50 -55.97 -56.47 -57.00 -57.53 -58.06 -58.56 -59.03 -59.50 -59.94 -60.38 -60.78 -61.22 -61.62 -62.06 -62.41 -62.69 -62.91 -63.28 -63.88 -64.53 -65.19 -65.72 -66.22 -66.72 -67.22 -67.69 -68.12 -68.56 -68.97 -69.31 -69.62 -69.91 -70.19 -70.41 -70.59 -70.75 -70.91 -71.09 -71.31 -71.53 -71.75 -71.91 -72.03 -72.12 -72.22 -72.31 -72.44
-48.25 -48.69 -49.12 -49.56 -50.00 -50.38 -50.75 -51.03 -51.25 -51.44 -51.62 -51.81 -52.00 -52.19 -52.38 -52.56 -52.81 -53.16 -53.56 -53.94 -54.38 -54.78 -55.22 -55.69 -56.16 -56.66 -57.22 -57.78 -58.34 -58.88 -59.38 -59.88 -60.34 -60.78 -61.22 -61.69 -62.12 -62.56 -62.97 -63.38 -63.72 -64.06 -64.41 -64.88 -65.44 -65.91 -66.38 -66.84 -67.31 -67.81 -68.28 -68.72 -69.16 -69.50 -69.84 -70.12 -70.41 -70.66 -70.84 -71.03 -71.19 -71.38 -71.59 -71.84 -72.09 -72.28 -72.44 -72.56 -72.66 -72.78 -72.91
-48.03 -48.44 -48.91 -49.34 -49.75 -50.12 -50.44 -50.69 -50.91 -51.09 -51.28 -51.47 -51.72 -51.94 -52.12 -52.41 -52.75 -53.16 -53.59 -54.00 -54.47 -54.94 -55.41 -55.91 -56.41 -56.97 -57.53 -58.12 -58.69 -59.25 -59.78 -60.28 -60.75 -61.22 -61.69 -62.12 -62.59 -63.06 -63.50 -63.91 -64.28 -64.62 -65.00 -65.41 -65.78 -66.22 -66.62 -67.06 -67.53 -68.00 -68.44 -68.91 -69.34 -69.72 -70.06 -70.38 -70.66 -70.88 -71.09 -71.28 -71.44 -71.62 -71.84 -72.09 -72.34 -72.59 -72.78 -72.94 -73.06 -73.19 -73.34
-47.81 -48.22 -48.66 -49.09 -49.47 -49.78 -50.09 -50.34 -50.53 -50.69 -50.88 -51.09 -51.38 -51.69 -52.00 -52.41 -52.81 -53.22 -53.62 -54.06 -54.53 -55.03 -55.56 -56.09 -56.66 -57.22 -57.81 -58.44 -59.06 -59.66 -60.22 -60.75 -61.22 -61.69 -62.12 -62.56 -63.03 -63.50 -63.97 -64.41 -64.78 -65.12 -65.47 -65.78 -66.12 -66.50 -66.88 -67.28 -67.72 -68.16 -68.62 -69.09 -69.50 -69.91 -70.28 -70.59 -70.88 -71.12 -71.31 -71.50 -71.66 -71.84 -72.06 -72.31 -72.56 -72.84 -73.06 -73.25 -73.41 -73.56 -73.75
-47.62 -48.03 -48.41 -48.81 -49.16 -49.47 -49.75 -49.97 -50.12 -50.28 -50.53 -50.88 -51.25 -51.66 -52.09 -52.47 -52.84 -53.25 -53.66 -54.12 -54.59 -55.06 -55.59 -56.19 -56.78 -57.44 -58.06 -58.72 -59.38 -60.03 -60.66 -61.22 -61.72 -62.19 -62.62 -63.03 -63.47 -63.94 -64.41 -64.84 -65.25 -65.56 -65.88 -66.19 -66.47 -66.75 -67.03 -67.41 -67.81 -68.28 -68.72 -69.19 -69.62 -70.06 -70.44 -70.78 -71.06 -71.31 -71.53 -71.72 -71.88 -72.03 -72.25 -72.47 -72.75 -73.00 -73.28 -73.50 -73.69 -73.88 -74.09
-47.34 -47.78 -48.19 -48.53 -48.88 -49.16 -49.41 -49.59 -49.84 -50.19 -50.59 -51.00 -51.41 -51.78 -52.19 -52.53 -52.91 -53.31 -53.72 -54.12 -54.56 -55.03 -55.53 -56.12 -56.78 -57.50 -58.22 -58.94 -59.62 -60.34 -61.00 -61.66 -62.22 -62.72 -63.16 -63.56 -63.94 -64.38 -64.84 -65.28 -65.69 -66.03 -66.31 -66.56 -66.81 -67.06 -67.25 -67.47 -67.81 -68.28 -68.75 -69.22 -69.69 -70.16 -70.53 -70.91 -71.19 -71.47 -71.69 -71.88 -72.03 -72.19 -72.38 -72.62 -72.88 -73.12 -73.41 -73.69 -73.91 -74.16 -74.38
-47.03 -47.44 -47.88 -48.25 -48.59 -48.94 -49.28 -49.66 -50.03 -50.44 -50.84 -51.22 -51.56 -51.91 -52.28 -52.66 -53.03 -53.41 -53.78 -54.16 -54.53 -54.94 -55.41 -56.00 -56.69 -57.44 -58.25 -59.06 -59.81 -60.56 -61.31 -62.00 -62.66 -63.22 -63.69 -64.12 -64.50 -64.88 -65.31 -65.75 -66.16 -66.47 -66.75 -67.00 -67.22 -67.44 -67.59 -67.62 -67.75 -68.16 -68.72 -69.25 -69.75 -70.22 -70.62 -71.00 -71.31 -71.59 -71.84 -72.06 -72.22 -72.38 -72.53 -72.72 -72.97 -73.25 -73.53 -73.81 -74.09 -74.34 -74.59
-47.16 -47.47 -47.84 -48.31 -48.75 -49.16 -49.53 -49.91 -50.25 -50.62 -51.03 -51.38 -51.72 -52.09 -52.44 -52.78 -53.16 -53.53 -53.91 -54.28 -54.59 -54.91 -55.34 -55.94 -56.66 -57.44 -58.28 -59.09 -59.94 -60.75 -61.50 -62.25 -62.97 -63.62 -64.19 -64.66 -65.06 -65.44 -65.81 -66.25 -66.62 -66.97 -67.22 -67.44 -67.66 -67.84 -68.03 -68.09 -68.00 -68.19 -68.66 -69.25 -69.81 -70.31 -70.72 -71.12 -71.44 -71.75 -72.03 -72.25 -72.44 -72.56 -72.69 -72.84 -73.06 -73.34 -73.62 -73.94 -74.22 -74.50 -74.81
-47.47 -47.81 -48.16 -48.56 -49.00 -49.38 -49.72 -50.09 -50.44 -50.81 -51.19 -51.56 -51.91 -52.28 -52.62 -52.97 -53.34 -53.72 -54.09 -54.47 -54.88 -55.25 -55.72 -56.31 -57.03 -57.75 -58.44 -59.19 -59.94 -60.78 -61.59 -62.38 -63.16 -63.88 -64.53 -65.09 -65.59 -66.00 -66.38 -66.75 -67.12 -67.47 -67.72 -67.94 -68.12 -68.31 -68.50 -68.62 -68.59 -68.59 -68.91 -69.38 -69.94 -70.47 -70.94 -71.31 -71.66 -71.97 -72.25 -72.50 -72.69 -72.81 -72.91 -73.00 -73.16 -73.44 -73.69 -74.00 -74.31 -74.62 -74.94
