everonasctiles/Tile[23,9].asc
ncols 128
nrows 128
xllcorner 0
yllcorner 0
cellsize 2.0
NODATA_value  -9999
[rows 96 to 127 of 128, columns 0 to 70 of 128]
-27.09 -27.00 -27.00 -26.94 -26.84 -26.75 -26.59 -26.38 -26.25 -26.19 -26.22 -26.16 -26.03 -25.91 -25.69 -25.56 -25.38 -25.28 -25.12 -24.97 -24.75 -24.56 -24.34 -24.06 -23.91 -23.81 -23.41 -23.22 -23.09 -22.84 -22.69 -22.47 -22.25 -22.12 -22.00 -21.81 -21.53 -21.31 -21.09 -21.12 -21.25 -21.19 -21.09 -21.00 -21.00 -20.97 -20.78 -20.75 -20.56 -20.28 -20.31 -20.22 -20.09 -20.12 -20.03 -19.97 -19.75 -19.44 -19.16 -19.38 -19.25 -19.16 -19.16 -19.19 -19.19 -19.28 -19.50 -19.75 -20.22 -20.78 -21.16
-27.56 -27.44 -27.31 -27.22 -27.19 -27.06 -26.97 -26.75 -26.66 -26.44 -26.28 -26.28 -26.19 -26.03 -25.91 -25.75 -25.66 -25.41 -25.19 -25.09 -24.84 -24.69 -24.44 -24.38 -24.09 -23.91 -23.53 -23.12 -23.03 -22.88 -22.62 -22.41 -22.28 -22.12 -22.03 -21.88 -21.53 -21.44 -21.16 -21.00 -21.03 -21.00 -21.06 -21.00 -20.88 -20.88 -20.69 -20.56 -20.34 -20.19 -20.41 -20.25 -20.19 -20.00 -19.88 -19.75 -19.69 -19.47 -18.97 -19.00 -18.81 -18.81 -18.88 -18.97 -19.03 -19.19 -19.62 -20.03 -20.38 -20.91 -21.25
-27.88 -27.81 -27.72 -27.62 -27.50 -27.34 -27.19 -27.16 -26.97 -26.75 -26.69 -26.50 -26.28 -26.12 -26.09 -25.84 -25.75 -25.53 -25.31 -25.12 -24.94 -24.69 -24.50 -24.41 -24.12 -23.84 -23.59 -23.28 -23.03 -22.78 -22.62 -22.38 -22.19 -22.09 -21.91 -21.78 -21.66 -21.44 -21.16 -21.03 -20.84 -20.94 -20.84 -20.81 -20.84 -20.56 -20.53 -20.28 -20.03 -19.81 -20.12 -20.09 -19.91 -19.84 -19.75 -19.62 -19.56 -19.34 -18.97 -19.06 -18.97 -18.78 -18.50 -18.44 -18.91 -19.25 -19.81 -20.25 -20.72 -21.09 -21.38
-28.16 -28.12 -28.06 -27.94 -27.88 -27.72 -27.59 -27.41 -27.28 -27.03 -26.88 -26.69 -26.47 -26.34 -26.25 -26.22 -26.06 -25.84 -25.59 -25.31 -24.97 -24.78 -24.66 -24.44 -24.16 -23.97 -23.72 -23.41 -22.94 -22.59 -22.47 -22.34 -22.28 -22.16 -21.84 -21.75 -21.62 -21.34 -20.97 -20.78 -20.78 -20.88 -20.78 -20.72 -20.69 -20.53 -20.34 -20.19 -19.66 -19.78 -19.78 -19.75 -19.75 -19.72 -19.84 -19.62 -19.50 -19.28 -18.88 -18.97 -18.91 -18.69 -18.34 -18.69 -18.97 -19.41 -20.09 -20.56 -20.97 -21.28 -21.50
-28.59 -28.47 -28.44 -28.34 -28.22 -28.06 -27.94 -27.75 -27.56 -27.41 -27.09 -26.91 -26.69 -26.62 -26.53 -26.38 -26.19 -26.06 -25.78 -25.53 -25.25 -25.00 -24.84 -24.69 -24.41 -24.12 -23.94 -23.56 -23.03 -22.62 -22.41 -22.31 -22.34 -22.19 -22.06 -21.94 -21.75 -21.38 -21.09 -20.81 -20.91 -20.75 -20.75 -20.66 -20.56 -20.50 -20.41 -20.16 -19.75 -19.53 -19.56 -19.81 -19.66 -19.69 -19.81 -19.56 -19.41 -19.31 -18.75 -18.84 -18.88 -18.62 -18.31 -18.66 -19.06 -19.59 -20.31 -20.81 -21.19 -21.38 -21.56
-28.84 -28.84 -28.75 -28.59 -28.53 -28.41 -28.31 -28.19 -27.94 -27.69 -27.38 -27.25 -27.03 -26.91 -26.72 -26.59 -26.44 -26.16 -25.94 -25.59 -25.44 -25.16 -24.91 -24.72 -24.50 -24.22 -24.00 -23.69 -23.31 -22.97 -22.72 -22.50 -22.22 -22.25 -22.09 -21.94 -21.62 -21.41 -21.03 -20.91 -20.84 -20.69 -20.56 -20.47 -20.50 -20.41 -20.22 -20.00 -19.78 -19.62 -19.62 -19.50 -19.47 -19.62 -19.56 -19.38 -19.19 -19.09 -18.78 -18.56 -18.78 -18.62 -18.56 -18.75 -19.41 -19.91 -20.47 -20.94 -21.28 -21.50 -21.59
-29.09 -29.06 -29.03 -29.03 -28.97 -28.84 -28.69 -28.56 -28.34 -28.06 -27.84 -27.47 -27.34 -27.09 -26.97 -26.84 -26.66 -26.44 -26.19 -25.84 -25.47 -25.28 -24.97 -24.84 -24.62 -24.31 -23.94 -23.66 -23.56 -23.22 -22.88 -22.53 -22.25 -22.12 -21.94 -21.75 -21.56 -21.34 -21.22 -21.06 -20.91 -20.75 -20.69 -20.41 -20.28 -20.31 -20.16 -20.03 -19.88 -19.44 -19.44 -19.47 -19.53 -19.53 -19.34 -19.22 -19.09 -18.94 -18.62 -18.56 -18.50 -18.59 -18.81 -18.97 -19.59 -20.22 -20.72 -21.12 -21.41 -21.56 -21.59
-29.41 -29.34 -29.34 -29.31 -29.28 -29.16 -29.03 -28.88 -28.62 -28.44 -28.12 -27.84 -27.59 -27.41 -27.22 -27.12 -26.91 -26.69 -26.38 -26.16 -25.81 -25.47 -25.25 -24.97 -24.72 -24.31 -24.03 -23.88 -23.72 -23.25 -22.69 -22.41 -22.22 -22.12 -22.06 -21.75 -21.53 -21.34 -21.25 -21.06 -21.06 -20.97 -20.69 -20.69 -20.31 -20.25 -20.03 -19.91 -19.75 -19.41 -19.41 -19.41 -19.34 -19.22 -19.06 -19.00 -19.00 -18.88 -18.38 -18.38 -18.47 -18.75 -18.94 -19.31 -19.75 -20.38 -20.91 -21.28 -21.50 -21.59 -21.62
-29.66 -29.69 -29.69 -29.66 -29.53 -29.44 -29.31 -29.19 -28.97 -28.69 -28.38 -28.00 -27.91 -27.72 -27.47 -27.28 -27.06 -26.81 -26.56 -26.31 -26.00 -25.69 -25.34 -25.00 -24.72 -24.47 -24.09 -23.81 -23.56 -23.19 -22.78 -22.56 -22.28 -22.12 -22.00 -21.75 -21.62 -21.47 -21.31 -21.19 -21.06 -20.88 -20.72 -20.56 -20.41 -20.22 -20.06 -19.94 -19.72 -19.44 -19.50 -19.47 -19.41 -19.06 -19.00 -18.84 -18.72 -18.50 -18.44 -18.56 -18.47 -18.66 -18.88 -19.50 -20.09 -20.66 -21.09 -21.38 -21.53 -21.59 -21.62
-30.09 -30.09 -30.00 -29.94 -29.78 -29.69 -29.59 -29.44 -29.25 -29.00 -28.72 -28.34 -28.12 -27.94 -27.69 -27.34 -27.06 -26.94 -26.72 -26.41 -26.12 -25.69 -25.44 -25.19 -24.78 -24.44 -24.06 -23.88 -23.47 -23.00 -22.59 -22.41 -22.22 -22.00 -21.91 -21.62 -21.56 -21.50 -21.41 -21.25 -21.06 -20.78 -20.72 -20.47 -20.34 -20.00 -19.97 -19.91 -19.78 -19.44 -19.50 -19.31 -19.16 -18.78 -18.81 -18.75 -18.47 -18.44 -18.47 -18.59 -18.59 -18.53 -19.00 -19.62 -20.38 -20.88 -21.22 -21.47 -21.56 -21.62 -21.62
-30.50 -30.44 -30.34 -30.22 -30.06 -29.88 -29.84 -29.69 -29.50 -29.25 -28.97 -28.66 -28.31 -28.03 -27.75 -27.47 -27.19 -26.94 -26.72 -26.50 -26.16 -25.81 -25.44 -25.16 -24.78 -24.34 -24.03 -23.69 -23.41 -23.00 -22.75 -22.47 -22.25 -22.12 -21.94 -21.78 -21.78 -21.69 -21.47 -21.25 -21.19 -21.00 -20.75 -20.56 -20.25 -20.09 -19.84 -19.78 -19.56 -19.44 -19.31 -19.22 -19.12 -18.78 -18.62 -18.59 -18.59 -18.50 -18.44 -18.16 -18.25 -18.62 -19.28 -20.00 -20.59 -21.06 -21.34 -21.53 -21.59 -21.62 -21.62
-30.88 -30.78 -30.69 -30.56 -30.44 -30.28 -30.12 -29.97 -29.78 -29.53 -29.25 -28.94 -28.56 -28.22 -27.88 -27.47 -27.19 -26.97 -26.59 -26.38 -26.03 -25.66 -25.31 -24.97 -24.72 -24.31 -23.84 -23.56 -23.31 -23.16 -23.00 -22.59 -22.34 -22.38 -22.31 -22.19 -21.94 -21.72 -21.59 -21.19 -21.03 -20.94 -20.84 -20.78 -20.38 -20.06 -19.84 -19.78 -19.69 -19.34 -19.22 -19.03 -19.03 -18.53 -18.47 -18.41 -18.59 -18.38 -18.38 -18.19 -18.50 -19.03 -19.50 -20.19 -20.78 -21.16 -21.44 -21.56 -21.59 -21.62 -21.62
-31.22 -31.09 -31.00 -30.88 -30.81 -30.66 -30.47 -30.22 -29.97 -29.75 -29.50 -29.19 -28.75 -28.34 -27.94 -27.50 -27.16 -26.97 -26.66 -26.31 -26.00 -25.59 -25.22 -24.84 -24.53 -24.25 -23.94 -23.59 -23.47 -23.47 -23.25 -22.94 -22.69 -22.59 -22.41 -22.22 -22.09 -21.88 -21.62 -21.28 -20.91 -20.78 -20.59 -20.50 -20.34 -20.16 -20.16 -20.03 -19.72 -19.34 -19.12 -18.81 -18.75 -18.56 -18.66 -18.38 -18.34 -18.41 -18.50 -18.47 -18.66 -19.19 -19.81 -20.44 -20.97 -21.28 -21.50 -21.56 -21.59 -21.59 -21.59
-31.66 -31.50 -31.38 -31.22 -31.06 -30.94 -30.72 -30.47 -30.25 -29.91 -29.62 -29.31 -28.84 -28.44 -28.03 -27.72 -27.41 -27.06 -26.78 -26.41 -26.03 -25.66 -25.25 -24.94 -24.59 -24.38 -24.19 -23.84 -23.66 -23.66 -23.50 -23.19 -23.00 -22.72 -22.53 -22.31 -22.00 -21.69 -21.53 -21.47 -21.16 -20.81 -20.62 -20.47 -20.38 -20.31 -20.19 -19.94 -19.84 -19.59 -19.34 -18.91 -18.88 -18.78 -18.69 -18.50 -18.31 -18.41 -18.50 -18.72 -19.00 -19.41 -19.97 -20.62 -21.06 -21.38 -21.53 -21.59 -21.59 -21.59 -21.59
-32.03 -31.94 -31.75 -31.53 -31.31 -31.16 -30.91 -30.66 -30.41 -30.06 -29.78 -29.41 -28.97 -28.56 -28.28 -27.88 -27.59 -27.28 -26.97 -26.53 -26.19 -25.75 -25.47 -25.22 -24.84 -24.53 -24.34 -24.22 -24.16 -23.94 -23.72 -23.38 -22.91 -22.69 -22.50 -22.41 -22.31 -22.06 -21.59 -21.41 -21.25 -20.88 -20.78 -20.69 -20.31 -20.03 -19.97 -19.88 -19.69 -19.59 -19.62 -19.44 -19.12 -18.78 -18.59 -18.38 -18.31 -18.16 -18.22 -18.62 -19.03 -19.62 -20.22 -20.78 -21.19 -21.44 -21.56 -21.59 -21.59 -21.59 -21.59
-32.47 -32.28 -32.09 -31.91 -31.66 -31.44 -31.22 -30.91 -30.56 -30.28 -29.97 -29.66 -29.34 -28.97 -28.56 -28.19 -27.75 -27.44 -27.16 -26.78 -26.22 -25.88 -25.81 -25.38 -25.09 -24.94 -24.84 -24.78 -24.44 -24.22 -23.91 -23.53 -23.16 -22.84 -22.94 -22.62 -22.31 -22.09 -21.91 -21.81 -21.47 -21.09 -20.88 -20.62 -20.59 -20.50 -20.19 -19.88 -19.62 -19.72 -19.78 -19.41 -19.09 -18.88 -18.75 -18.53 -18.31 -18.09 -18.41 -18.75 -19.22 -19.81 -20.41 -20.94 -21.28 -21.47 -21.56 -21.59 -21.59 -21.59 -21.59
-32.84 -32.69 -32.44 -32.22 -31.94 -31.72 -31.50 -31.19 -30.81 -30.44 -30.16 -29.84 -29.59 -29.25 -28.78 -28.50 -27.97 -27.50 -27.12 -26.72 -26.50 -26.25 -26.00 -25.75 -25.53 -25.38 -25.25 -25.06 -24.84 -24.44 -23.91 -23.72 -23.50 -23.41 -23.19 -22.94 -22.50 -22.31 -22.16 -22.00 -21.78 -21.66 -21.12 -20.91 -20.78 -20.62 -20.53 -20.19 -19.78 -19.53 -19.25 -19.16 -19.09 -19.19 -18.84 -18.41 -18.22 -17.97 -18.38 -18.88 -19.34 -19.94 -20.53 -21.06 -21.38 -21.50 -21.56 -21.59 -21.59 -21.59 -21.59
-33.22 -33.06 -32.88 -32.59 -32.31 -31.97 -31.66 -31.38 -31.06 -30.78 -30.47 -30.06 -29.72 -29.38 -28.94 -28.53 -28.06 -27.56 -27.22 -27.03 -26.75 -26.44 -26.31 -26.09 -25.81 -25.62 -25.44 -25.31 -25.09 -24.59 -24.16 -23.84 -23.91 -23.62 -23.28 -23.09 -22.97 -22.75 -22.44 -22.38 -22.00 -21.91 -21.53 -21.19 -21.03 -20.56 -20.56 -20.31 -20.09 -19.94 -19.53 -19.25 -19.09 -18.84 -18.69 -18.28 -18.25 -18.31 -18.38 -18.97 -19.41 -20.12 -20.69 -21.16 -21.41 -21.53 -21.56 -21.59 -21.59 -21.59 -21.59
-33.59 -33.44 -33.25 -32.97 -32.66 -32.25 -31.81 -31.53 -31.31 -31.03 -30.66 -30.28 -29.84 -29.41 -28.94 -28.53 -28.09 -27.81 -27.56 -27.28 -26.97 -26.88 -26.66 -26.47 -26.09 -25.78 -25.66 -25.44 -25.25 -24.91 -24.44 -24.28 -24.00 -23.78 -23.50 -23.50 -23.28 -23.00 -22.69 -22.53 -22.38 -22.25 -21.91 -21.62 -21.31 -21.09 -20.50 -20.22 -20.09 -19.72 -19.59 -19.47 -19.12 -18.69 -18.53 -18.38 -18.28 -18.31 -18.47 -18.88 -19.62 -20.28 -20.84 -21.22 -21.47 -21.56 -21.59 -21.59 -21.59 -21.59 -21.59
-34.00 -33.81 -33.59 -33.31 -33.00 -32.62 -32.19 -31.88 -31.59 -31.22 -30.81 -30.38 -29.91 -29.44 -28.94 -28.59 -28.31 -28.12 -27.88 -27.72 -27.34 -27.09 -26.91 -26.72 -26.53 -26.28 -26.00 -25.56 -25.25 -24.91 -24.72 -24.34 -24.16 -24.03 -23.84 -23.69 -23.53 -23.12 -22.94 -22.88 -22.62 -22.41 -21.91 -21.81 -21.53 -21.16 -20.75 -20.22 -19.81 -19.84 -19.78 -19.59 -19.34 -19.09 -18.72 -18.38 -18.12 -18.06 -18.31 -18.97 -19.75 -20.44 -21.00 -21.34 -21.50 -21.56 -21.59 -21.59 -21.59 -21.59 -21.59
-34.38 -34.19 -33.94 -33.66 -33.31 -32.97 -32.62 -32.31 -31.91 -31.56 -31.19 -30.69 -30.16 -29.72 -29.34 -29.03 -28.75 -28.59 -28.44 -28.16 -27.78 -27.50 -27.22 -26.94 -26.72 -26.53 -26.16 -25.94 -25.69 -25.41 -25.16 -24.69 -24.66 -24.47 -24.22 -23.97 -23.84 -23.53 -23.31 -23.06 -22.78 -22.41 -22.06 -21.84 -21.69 -21.41 -21.00 -20.59 -20.31 -20.19 -19.91 -19.91 -19.66 -19.38 -18.94 -18.56 -18.44 -18.41 -18.69 -19.16 -19.94 -20.66 -21.16 -21.41 -21.53 -21.56 -21.59 -21.59 -21.59 -21.59 -21.59
-34.75 -34.53 -34.28 -34.00 -33.69 -33.38 -33.00 -32.62 -32.22 -31.81 -31.38 -30.94 -30.50 -30.19 -29.88 -29.62 -29.31 -29.00 -28.84 -28.47 -28.09 -27.78 -27.66 -27.44 -27.03 -26.78 -26.56 -26.28 -25.97 -25.78 -25.56 -25.22 -25.12 -24.81 -24.53 -24.38 -24.12 -23.94 -23.59 -23.28 -22.84 -22.34 -21.94 -22.00 -21.78 -21.53 -21.28 -20.78 -20.53 -20.62 -20.19 -19.78 -19.69 -19.41 -19.00 -18.66 -18.59 -18.53 -18.88 -19.47 -20.19 -20.84 -21.28 -21.47 -21.56 -21.59 -21.59 -21.59 -21.59 -21.59 -21.59
-35.16 -34.91 -34.62 -34.34 -34.06 -33.75 -33.41 -33.00 -32.47 -32.03 -31.53 -31.19 -30.91 -30.69 -30.44 -30.09 -29.84 -29.47 -29.12 -28.84 -28.53 -28.31 -28.06 -27.91 -27.59 -27.19 -26.97 -26.69 -26.25 -26.03 -25.88 -25.59 -25.44 -25.09 -24.72 -24.47 -24.50 -24.22 -23.88 -23.56 -23.16 -22.78 -22.34 -22.19 -21.75 -21.41 -21.22 -21.06 -20.84 -20.56 -20.28 -19.88 -19.66 -19.31 -19.06 -18.84 -18.84 -18.88 -19.16 -19.72 -20.41 -21.00 -21.38 -21.53 -21.56 -21.59 -21.59 -21.59 -21.59 -21.59 -21.59
-35.53 -35.28 -35.00 -34.72 -34.44 -34.12 -33.75 -33.31 -32.84 -32.38 -31.94 -31.66 -31.41 -31.19 -30.88 -30.56 -30.25 -29.94 -29.56 -29.16 -28.94 -28.66 -28.44 -28.25 -27.97 -27.59 -27.19 -26.84 -26.56 -26.38 -26.22 -25.81 -25.66 -25.31 -25.03 -24.84 -24.59 -24.44 -24.12 -23.78 -23.16 -22.78 -22.44 -22.25 -21.84 -21.50 -21.41 -21.19 -21.00 -20.81 -20.28 -20.00 -19.69 -19.47 -19.19 -18.97 -18.84 -18.97 -19.44 -20.06 -20.66 -21.16 -21.44 -21.53 -21.59 -21.59 -21.59 -21.59 -21.59 -21.59 -21.59
-35.94 -35.66 -35.38 -35.09 -34.78 -34.47 -34.09 -33.72 -33.31 -32.88 -32.50 -32.25 -31.97 -31.69 -31.38 -31.03 -30.72 -30.28 -29.81 -29.47 -29.16 -29.00 -28.62 -28.44 -28.16 -27.94 -27.59 -27.25 -26.91 -26.62 -26.62 -26.22 -26.03 -25.62 -25.47 -25.19 -25.00 -24.59 -24.16 -23.69 -23.38 -23.12 -22.72 -22.47 -22.22 -22.00 -21.84 -21.62 -21.19 -20.91 -20.50 -20.09 -20.00 -19.75 -19.25 -19.06 -19.16 -19.25 -19.78 -20.34 -20.88 -21.25 -21.47 -21.56 -21.59 -21.59 -21.59 -21.59 -21.59 -21.59 -21.59
-36.31 -36.03 -35.75 -35.44 -35.12 -34.78 -34.44 -34.06 -33.72 -33.38 -32.97 -32.69 -32.38 -32.03 -31.75 -31.41 -31.00 -30.47 -30.12 -29.78 -29.47 -29.28 -28.97 -28.69 -28.44 -28.19 -27.84 -27.56 -27.22 -27.06 -26.84 -26.56 -26.28 -25.97 -25.72 -25.50 -25.16 -24.78 -24.31 -23.97 -23.78 -23.38 -22.91 -22.75 -22.50 -22.31 -21.97 -21.78 -21.56 -21.25 -20.81 -20.38 -20.22 -19.91 -19.56 -19.41 -19.50 -19.66 -20.06 -20.53 -21.00 -21.31 -21.50 -21.56 -21.59 -21.59 -21.59 -21.59 -21.59 -21.59 -21.62
-36.69 -36.41 -36.12 -35.81 -35.50 -35.12 -34.78 -34.41 -34.09 -33.78 -33.47 -33.12 -32.75 -32.44 -32.06 -31.66 -31.25 -30.81 -30.34 -29.94 -29.69 -29.47 -29.28 -29.06 -28.72 -28.38 -28.03 -27.81 -27.56 -27.34 -27.00 -26.72 -26.47 -26.09 -25.81 -25.44 -25.16 -24.84 -24.41 -24.12 -23.94 -23.72 -23.19 -23.03 -22.78 -22.31 -22.25 -21.97 -21.69 -21.47 -21.06 -20.59 -20.28 -20.03 -19.78 -19.72 -19.72 -19.88 -20.22 -20.66 -21.09 -21.38 -21.53 -21.59 -21.59 -21.59 -21.59 -21.59 -21.59 -21.59 -21.62
-37.09 -36.78 -36.47 -36.16 -35.84 -35.47 -35.12 -34.78 -34.47 -34.16 -33.84 -33.47 -33.09 -32.75 -32.34 -31.94 -31.53 -31.09 -30.66 -30.28 -30.12 -29.81 -29.56 -29.25 -28.94 -28.56 -28.28 -28.09 -27.84 -27.56 -27.28 -26.91 -26.59 -26.31 -26.03 -25.78 -25.38 -24.84 -24.72 -24.41 -24.22 -23.88 -23.47 -23.34 -23.12 -22.84 -22.72 -22.38 -21.91 -21.53 -21.25 -20.84 -20.44 -20.19 -20.00 -19.88 -19.88 -20.06 -20.34 -20.75 -21.16 -21.41 -21.56 -21.59 -21.59 -21.59 -21.59 -21.59 -21.59 -21.62 -21.62
-37.47 -37.16 -36.84 -36.53 -36.19 -35.84 -35.50 -35.16 -34.81 -34.50 -34.19 -33.84 -33.44 -33.06 -32.59 -32.09 -31.75 -31.34 -30.94 -30.66 -30.44 -30.16 -29.78 -29.41 -29.16 -28.91 -28.62 -28.41 -28.06 -27.72 -27.41 -27.06 -26.75 -26.47 -26.34 -25.84 -25.50 -25.31 -25.09 -24.81 -24.44 -24.09 -23.81 -23.69 -23.44 -23.31 -22.94 -22.59 -22.19 -21.75 -21.38 -20.97 -20.72 -20.53 -20.28 -20.03 -20.03 -20.22 -20.50 -20.88 -21.22 -21.44 -21.56 -21.59 -21.59 -21.59 -21.59 -21.59 -21.59 -21.62 -21.62
-37.88 -37.53 -37.22 -36.91 -36.56 -36.19 -35.84 -35.50 -35.19 -34.84 -34.50 -34.16 -33.75 -33.38 -32.84 -32.44 -32.00 -31.69 -31.34 -31.00 -30.66 -30.34 -30.03 -29.69 -29.38 -29.22 -28.84 -28.59 -28.28 -28.00 -27.56 -27.25 -26.91 -26.62 -26.56 -26.31 -25.97 -25.59 -25.38 -25.03 -24.81 -24.56 -24.09 -23.84 -23.72 -23.44 -23.06 -22.75 -22.28 -21.91 -21.62 -21.31 -21.00 -20.84 -20.62 -20.31 -20.22 -20.34 -20.62 -20.94 -21.25 -21.47 -21.56 -21.59 -21.59 -21.59 -21.59 -21.59 -21.62 -21.62 -21.62
-38.25 -37.91 -37.59 -37.25 -36.91 -36.53 -36.19 -35.84 -35.53 -35.19 -34.84 -34.50 -34.09 -33.72 -33.25 -32.78 -32.38 -32.00 -31.72 -31.34 -30.91 -30.47 -30.19 -30.00 -29.69 -29.47 -29.12 -28.84 -28.56 -28.06 -27.81 -27.56 -27.22 -27.09 -26.72 -26.34 -26.09 -25.78 -25.44 -25.22 -24.94 -24.84 -24.50 -24.16 -23.91 -23.53 -23.09 -22.88 -22.38 -22.25 -21.97 -21.59 -21.22 -21.00 -20.75 -20.44 -20.28 -20.38 -20.66 -20.97 -21.28 -21.50 -21.59 -21.59 -21.59 -21.59 -21.59 -21.62 -21.62 -21.62 -21.62
-38.62 -38.31 -37.97 -37.62 -37.25 -36.91 -36.53 -36.22 -35.88 -35.56 -35.19 -34.81 -34.41 -34.00 -33.62 -33.25 -32.78 -32.44 -32.09 -31.69 -31.16 -30.84 -30.50 -30.19 -29.84 -29.62 -29.25 -28.97 -28.69 -28.44 -28.22 -28.06 -27.62 -27.38 -27.12 -26.78 -26.34 -26.09 -25.84 -25.50 -25.34 -25.09 -24.94 -24.47 -24.09 -23.53 -23.06 -22.84 -22.66 -22.41 -22.06 -21.72 -21.41 -21.09 -20.78 -20.47 -20.25 -20.41 -20.66 -21.00 -21.31 -21.50 -21.59 -21.62 -21.62 -21.62 -21.62 -21.62 -21.62 -21.62 -21.62
