everonasctiles/Tile[8,26].asc
ncols 128
nrows 128
xllcorner 0
yllcorner 0
cellsize 2.0
NODATA_value  -9999
[rows 0 to 33 of 128, columns 0 to 76 of 128]
-41.28 -41.12 -40.97 -40.81 -40.62 -40.41 -40.16 -39.88 -39.59 -39.28 -38.94 -38.56 -38.19 -37.78 -37.34 -36.88 -36.41 -35.91 -35.38 -34.81 -34.22 -33.50 -32.72 -31.94 -31.16 -30.38 -29.72 -29.06 -28.41 -27.88 -27.28 -26.69 -26.12 -25.62 -24.91 -24.12 -23.22 -22.28 -21.03 -19.72 -18.12 -16.34 -14.00 -11.84 -9.59 -6.69 -3.69 -1.41 1.41 3.19 4.94 6.56 7.56 8.62 9.69 10.53 11.06 11.31 10.94 11.22 11.16 10.91 10.38 9.91 9.84 9.72 9.94 10.09 10.22 10.41 10.59 10.84 11.06 11.53 11.94 12.50 13.03
-40.84 -40.72 -40.59 -40.47 -40.34 -40.16 -39.94 -39.69 -39.41 -39.12 -38.81 -38.47 -38.09 -37.72 -37.28 -36.84 -36.38 -35.88 -35.34 -34.81 -34.22 -33.50 -32.69 -31.94 -31.12 -30.38 -29.69 -29.03 -28.31 -27.69 -27.00 -26.44 -25.94 -25.38 -24.75 -24.06 -23.22 -22.22 -21.12 -19.91 -18.56 -16.91 -14.69 -12.38 -10.25 -8.31 -6.25 -3.09 -1.03 1.41 3.12 5.09 6.53 7.97 9.03 9.75 10.19 10.78 10.94 10.62 10.84 10.72 10.31 9.94 9.66 9.59 9.75 9.91 10.06 10.22 10.44 10.62 10.91 11.41 11.81 12.22 13.03
-40.34 -40.25 -40.19 -40.09 -40.00 -39.88 -39.69 -39.47 -39.22 -38.91 -38.62 -38.31 -37.97 -37.59 -37.19 -36.75 -36.28 -35.81 -35.31 -34.75 -34.19 -33.50 -32.75 -31.94 -31.19 -30.47 -29.75 -28.94 -28.22 -27.56 -26.97 -26.38 -25.81 -25.25 -24.69 -24.03 -23.16 -22.22 -21.22 -20.09 -18.84 -17.28 -15.31 -13.31 -11.62 -9.94 -7.50 -4.91 -2.19 -0.09 2.22 3.88 5.25 6.91 8.22 9.16 9.56 10.25 10.50 10.50 10.69 10.22 10.03 9.59 9.47 9.50 9.53 9.69 9.81 10.00 10.22 10.50 10.78 11.19 11.56 12.28 12.91
-39.72 -39.69 -39.69 -39.69 -39.62 -39.56 -39.41 -39.22 -38.97 -38.69 -38.41 -38.09 -37.78 -37.44 -37.06 -36.62 -36.19 -35.72 -35.22 -34.72 -34.16 -33.50 -32.81 -32.00 -31.25 -30.47 -29.72 -29.03 -28.31 -27.66 -27.03 -26.47 -25.91 -25.25 -24.72 -24.03 -23.25 -22.34 -21.31 -20.25 -19.06 -17.78 -16.25 -14.47 -12.84 -10.78 -8.44 -5.81 -3.03 -0.91 0.91 2.84 4.19 5.75 6.91 8.22 8.78 9.66 10.12 10.50 10.41 10.00 9.78 9.53 9.25 9.22 9.25 9.38 9.56 9.75 10.03 10.31 10.62 10.94 11.44 12.00 12.47
-38.94 -39.06 -39.16 -39.22 -39.25 -39.19 -39.09 -38.94 -38.72 -38.47 -38.16 -37.88 -37.56 -37.22 -36.88 -36.50 -36.06 -35.59 -35.12 -34.62 -34.09 -33.47 -32.78 -32.06 -31.31 -30.50 -29.78 -29.09 -28.47 -27.91 -27.16 -26.56 -25.94 -25.44 -24.75 -24.09 -23.31 -22.50 -21.50 -20.47 -19.41 -18.25 -16.91 -15.09 -13.38 -11.31 -9.22 -6.81 -3.81 -2.00 -0.22 1.22 2.88 4.09 5.78 6.66 7.91 8.81 9.59 10.09 10.16 9.34 9.12 9.06 8.84 8.66 8.75 9.03 9.19 9.56 9.84 10.12 10.41 10.84 11.19 11.69 12.28
-38.22 -38.31 -38.59 -38.72 -38.81 -38.81 -38.75 -38.62 -38.44 -38.22 -37.94 -37.62 -37.31 -37.00 -36.66 -36.28 -35.91 -35.47 -35.00 -34.50 -34.00 -33.34 -32.69 -32.03 -31.31 -30.56 -29.81 -29.19 -28.47 -27.84 -27.22 -26.59 -26.03 -25.44 -24.78 -24.09 -23.41 -22.59 -21.75 -20.75 -19.72 -18.56 -17.31 -15.62 -13.91 -12.09 -9.81 -7.56 -5.28 -3.00 -1.44 -0.03 1.31 2.62 4.19 5.66 6.41 7.75 8.66 9.19 9.28 8.78 8.47 8.41 8.06 8.12 8.38 8.72 9.00 9.28 9.62 9.84 10.28 10.62 11.06 11.59 12.09
-37.66 -37.66 -38.03 -38.25 -38.34 -38.41 -38.41 -38.31 -38.16 -37.94 -37.69 -37.38 -37.06 -36.75 -36.41 -36.06 -35.69 -35.31 -34.84 -34.38 -33.88 -33.25 -32.59 -31.94 -31.25 -30.53 -29.84 -29.12 -28.44 -27.78 -27.22 -26.69 -26.12 -25.50 -24.84 -24.19 -23.50 -22.75 -21.91 -21.06 -20.03 -18.88 -17.56 -16.19 -14.44 -12.44 -10.41 -8.56 -6.50 -4.19 -2.41 -1.41 -0.22 1.53 3.19 4.44 5.41 6.56 7.38 7.62 8.00 7.66 7.78 7.72 7.56 7.72 7.97 8.38 8.75 9.06 9.31 9.75 10.09 10.50 10.91 11.44 11.84
-37.19 -37.12 -37.53 -37.78 -37.91 -38.00 -38.03 -37.97 -37.84 -37.66 -37.41 -37.12 -36.84 -36.50 -36.19 -35.84 -35.50 -35.09 -34.69 -34.25 -33.72 -33.09 -32.44 -31.78 -31.09 -30.44 -29.78 -29.06 -28.41 -27.81 -27.28 -26.75 -26.16 -25.56 -24.91 -24.31 -23.66 -22.91 -22.03 -21.19 -20.25 -19.09 -17.88 -16.50 -14.88 -13.22 -11.31 -9.34 -7.56 -5.94 -3.62 -2.19 -0.84 0.59 1.72 3.09 4.31 5.50 6.22 6.44 6.75 7.03 7.03 7.00 7.09 7.28 7.69 8.03 8.41 8.78 9.19 9.62 10.00 10.41 10.81 11.31 11.78
-36.72 -36.66 -37.00 -37.28 -37.44 -37.56 -37.62 -37.59 -37.50 -37.34 -37.12 -36.88 -36.59 -36.28 -35.94 -35.59 -35.25 -34.91 -34.50 -34.09 -33.59 -33.00 -32.34 -31.72 -31.06 -30.44 -29.78 -29.09 -28.50 -27.91 -27.38 -26.81 -26.25 -25.62 -25.00 -24.34 -23.72 -22.94 -22.12 -21.22 -20.31 -19.25 -18.06 -16.81 -15.53 -13.97 -12.41 -10.53 -8.78 -6.56 -4.50 -3.03 -1.75 -0.38 0.78 1.94 3.31 4.34 5.22 5.50 6.06 6.28 6.25 6.47 6.72 7.00 7.31 7.69 8.16 8.56 9.00 9.44 9.84 10.22 10.66 11.22 11.78
-36.19 -36.12 -36.38 -36.75 -37.00 -37.12 -37.22 -37.22 -37.16 -37.00 -36.81 -36.59 -36.31 -36.03 -35.69 -35.34 -35.00 -34.66 -34.31 -33.91 -33.47 -32.94 -32.34 -31.72 -31.09 -30.50 -29.88 -29.22 -28.62 -28.06 -27.50 -26.91 -26.31 -25.69 -25.06 -24.38 -23.69 -22.97 -22.09 -21.25 -20.28 -19.28 -18.28 -17.12 -15.81 -14.50 -12.84 -11.41 -9.34 -7.47 -5.50 -3.75 -2.53 -1.47 -0.19 0.72 2.28 3.34 3.94 4.97 5.47 5.66 5.72 5.97 6.22 6.59 6.97 7.47 7.88 8.34 8.78 9.19 9.62 9.97 10.62 11.25 11.81
-35.69 -35.62 -35.75 -36.12 -36.53 -36.72 -36.81 -36.84 -36.78 -36.66 -36.47 -36.28 -36.03 -35.75 -35.44 -35.09 -34.75 -34.41 -34.06 -33.69 -33.25 -32.81 -32.28 -31.72 -31.12 -30.59 -29.97 -29.44 -28.81 -28.19 -27.56 -26.94 -26.34 -25.72 -25.06 -24.38 -23.72 -22.94 -22.12 -21.28 -20.28 -19.22 -18.19 -17.22 -15.94 -14.72 -13.22 -11.81 -10.00 -8.22 -6.44 -4.75 -3.31 -2.19 -1.34 0.00 1.25 2.09 3.47 4.25 4.94 5.12 5.22 5.44 5.69 6.28 6.72 7.16 7.59 8.00 8.47 8.94 9.38 10.03 10.69 11.31 11.84
-35.47 -35.19 -35.22 -35.56 -36.06 -36.34 -36.44 -36.47 -36.41 -36.28 -36.12 -35.94 -35.72 -35.44 -35.16 -34.81 -34.47 -34.12 -33.78 -33.41 -32.97 -32.59 -32.09 -31.62 -31.09 -30.53 -30.00 -29.44 -28.84 -28.22 -27.59 -26.94 -26.31 -25.75 -25.12 -24.50 -23.78 -23.03 -22.22 -21.28 -20.31 -19.31 -18.16 -17.06 -15.94 -14.72 -13.47 -12.12 -10.62 -9.00 -7.22 -5.84 -4.00 -2.97 -1.84 -0.69 0.31 1.34 2.69 3.78 4.31 4.38 4.59 4.84 5.41 5.91 6.38 6.78 7.19 7.69 8.16 8.66 9.38 10.03 10.72 11.41 12.06
-35.59 -35.06 -34.88 -35.16 -35.69 -36.00 -36.09 -36.09 -36.03 -35.94 -35.78 -35.59 -35.38 -35.16 -34.84 -34.53 -34.19 -33.84 -33.47 -33.06 -32.62 -32.25 -31.88 -31.44 -30.97 -30.44 -29.91 -29.31 -28.72 -28.16 -27.56 -26.97 -26.34 -25.75 -25.19 -24.50 -23.84 -23.12 -22.31 -21.44 -20.44 -19.41 -18.25 -17.03 -15.81 -14.81 -13.47 -12.19 -10.84 -9.47 -7.97 -6.38 -5.09 -3.75 -2.56 -1.44 -0.25 0.81 1.91 2.81 3.38 3.69 3.97 4.44 4.97 5.41 5.94 6.38 6.88 7.28 7.84 8.53 9.25 10.06 10.69 11.28 12.06
-35.69 -35.06 -34.72 -34.94 -35.34 -35.69 -35.81 -35.81 -35.72 -35.59 -35.44 -35.28 -35.06 -34.81 -34.56 -34.25 -33.91 -33.56 -33.12 -32.72 -32.28 -31.91 -31.56 -31.16 -30.69 -30.19 -29.66 -29.09 -28.50 -27.97 -27.41 -26.84 -26.25 -25.69 -25.09 -24.56 -23.91 -23.19 -22.34 -21.50 -20.47 -19.47 -18.38 -17.06 -15.88 -14.78 -13.72 -12.50 -11.25 -9.97 -8.44 -7.12 -5.94 -4.56 -3.31 -2.16 -0.91 0.06 1.06 1.91 2.38 2.97 3.53 4.00 4.47 5.09 5.50 6.03 6.44 7.09 7.69 8.44 9.22 10.00 10.69 11.44 12.03
-35.56 -35.09 -34.94 -35.06 -35.28 -35.47 -35.56 -35.53 -35.44 -35.31 -35.16 -35.00 -34.78 -34.53 -34.25 -33.97 -33.62 -33.28 -32.81 -32.34 -31.91 -31.53 -31.22 -30.78 -30.34 -29.91 -29.38 -28.84 -28.25 -27.66 -27.12 -26.62 -26.09 -25.53 -24.97 -24.34 -23.81 -23.12 -22.31 -21.50 -20.50 -19.50 -18.41 -17.19 -16.00 -14.91 -13.81 -12.66 -11.56 -10.25 -8.97 -7.78 -6.72 -5.25 -3.84 -2.56 -1.50 -0.41 0.47 1.12 1.72 2.22 2.94 3.47 4.06 4.59 5.16 5.59 6.19 6.75 7.50 8.28 9.03 9.94 10.75 11.41 12.19
-35.53 -35.28 -35.34 -35.56 -35.66 -35.66 -35.56 -35.44 -35.28 -35.12 -34.94 -34.75 -34.53 -34.28 -34.00 -33.69 -33.34 -32.97 -32.47 -32.00 -31.53 -31.06 -30.84 -30.44 -30.00 -29.53 -29.09 -28.50 -27.88 -27.34 -26.88 -26.31 -25.72 -25.12 -24.53 -24.09 -23.44 -22.91 -22.22 -21.38 -20.47 -19.47 -18.44 -17.34 -16.25 -15.31 -14.16 -12.94 -11.84 -10.66 -9.38 -8.19 -6.94 -5.56 -4.22 -3.00 -1.97 -1.00 -0.22 0.50 0.94 1.59 2.44 2.97 3.50 4.06 4.62 5.28 5.84 6.53 7.19 7.94 8.97 9.94 10.78 11.62 12.41
-35.88 -35.75 -35.88 -35.97 -35.97 -35.88 -35.75 -35.56 -35.31 -35.09 -34.84 -34.62 -34.38 -34.09 -33.81 -33.47 -33.09 -32.62 -32.19 -31.66 -31.19 -30.62 -30.44 -30.06 -29.66 -29.22 -28.72 -28.19 -27.59 -27.03 -26.47 -25.91 -25.41 -24.75 -24.12 -23.56 -22.97 -22.44 -21.84 -21.19 -20.41 -19.44 -18.47 -17.59 -16.47 -15.47 -14.38 -13.28 -12.06 -10.88 -9.69 -8.56 -7.25 -6.12 -4.53 -3.44 -2.72 -1.78 -1.06 -0.25 0.50 1.22 1.88 2.41 2.88 3.66 4.28 4.91 5.50 6.03 6.88 7.91 8.97 10.03 10.72 11.72 12.53
-36.47 -36.34 -36.31 -36.31 -36.25 -36.12 -35.91 -35.66 -35.41 -35.12 -34.84 -34.56 -34.28 -33.97 -33.66 -33.31 -32.94 -32.44 -31.97 -31.44 -30.94 -30.31 -29.88 -29.59 -29.22 -28.81 -28.31 -27.81 -27.28 -26.69 -26.12 -25.59 -25.03 -24.41 -23.69 -23.03 -22.41 -21.91 -21.31 -20.81 -20.28 -19.44 -18.47 -17.59 -16.53 -15.53 -14.44 -13.41 -12.28 -11.06 -9.91 -8.84 -7.59 -6.28 -5.22 -3.91 -3.19 -2.56 -1.72 -0.81 -0.03 0.66 1.25 1.84 2.59 3.28 3.88 4.47 5.06 5.81 6.69 7.81 8.97 10.06 11.09 11.91 12.62
-36.94 -36.81 -36.75 -36.66 -36.53 -36.31 -36.06 -35.75 -35.47 -35.16 -34.84 -34.53 -34.22 -33.88 -33.56 -33.19 -32.81 -32.31 -31.81 -31.25 -30.69 -30.06 -29.50 -29.19 -28.78 -28.34 -27.94 -27.44 -26.91 -26.34 -25.78 -25.31 -24.69 -24.06 -23.31 -22.59 -21.94 -21.34 -20.78 -20.28 -19.81 -19.19 -18.38 -17.50 -16.47 -15.47 -14.56 -13.38 -12.25 -11.16 -10.06 -8.97 -7.81 -6.66 -5.59 -4.59 -3.75 -3.03 -2.25 -1.41 -0.62 0.03 0.78 1.38 2.09 2.78 3.41 4.12 4.88 5.62 6.75 7.84 9.25 10.50 11.44 12.09 12.72
-37.34 -37.22 -37.09 -36.97 -36.75 -36.50 -36.19 -35.88 -35.53 -35.19 -34.84 -34.50 -34.16 -33.81 -33.47 -33.12 -32.69 -32.19 -31.69 -31.09 -30.53 -29.97 -29.28 -28.72 -28.28 -27.84 -27.44 -26.97 -26.56 -26.00 -25.41 -24.88 -24.31 -23.72 -23.06 -22.25 -21.56 -20.81 -20.25 -19.81 -19.38 -18.88 -18.28 -17.44 -16.56 -15.50 -14.47 -13.44 -12.38 -11.47 -10.25 -9.31 -8.12 -7.16 -6.12 -5.19 -4.25 -3.41 -2.62 -1.84 -1.09 -0.34 0.34 1.06 1.81 2.47 3.19 3.94 4.66 5.59 6.75 8.06 9.34 10.78 11.56 12.16 12.78
-37.72 -37.59 -37.44 -37.22 -36.94 -36.62 -36.31 -35.97 -35.59 -35.25 -34.88 -34.50 -34.12 -33.78 -33.41 -33.00 -32.56 -32.12 -31.62 -31.06 -30.44 -29.72 -29.03 -28.34 -27.94 -27.38 -26.97 -26.56 -26.12 -25.62 -25.09 -24.53 -24.03 -23.41 -22.78 -22.09 -21.28 -20.44 -19.78 -19.34 -18.84 -18.53 -17.88 -17.31 -16.44 -15.62 -14.62 -13.56 -12.69 -11.50 -10.62 -9.41 -8.38 -7.47 -6.59 -5.62 -4.66 -3.75 -2.97 -2.19 -1.44 -0.69 0.06 0.78 1.53 2.25 2.97 3.72 4.50 5.47 6.84 8.16 9.53 10.59 11.47 12.12 12.72
-38.09 -37.88 -37.66 -37.38 -37.03 -36.72 -36.38 -36.00 -35.66 -35.28 -34.88 -34.50 -34.12 -33.72 -33.34 -32.94 -32.50 -32.00 -31.50 -30.94 -30.28 -29.59 -28.94 -28.00 -27.59 -27.03 -26.59 -26.09 -25.72 -25.22 -24.72 -24.28 -23.66 -23.12 -22.53 -21.88 -21.16 -20.12 -19.53 -18.66 -18.25 -17.84 -17.41 -16.84 -16.28 -15.62 -14.69 -13.88 -12.72 -11.69 -10.72 -9.69 -8.72 -7.88 -6.94 -6.00 -5.00 -4.03 -3.25 -2.47 -1.72 -0.97 -0.22 0.53 1.25 2.00 2.75 3.47 4.31 5.53 6.84 8.22 9.50 10.53 11.34 11.94 12.53
-38.34 -38.06 -37.75 -37.41 -37.06 -36.72 -36.38 -36.00 -35.66 -35.25 -34.88 -34.47 -34.09 -33.69 -33.28 -32.81 -32.38 -31.88 -31.34 -30.75 -30.12 -29.41 -28.69 -27.91 -27.03 -26.62 -26.12 -25.66 -25.09 -24.72 -24.41 -23.81 -23.31 -22.72 -22.12 -21.53 -20.53 -19.66 -18.88 -18.09 -17.56 -17.16 -16.84 -16.34 -15.91 -15.47 -14.72 -13.84 -12.91 -11.88 -11.06 -10.00 -9.09 -8.25 -7.25 -6.28 -5.31 -4.31 -3.47 -2.72 -1.94 -1.19 -0.47 0.28 1.03 1.78 2.50 3.34 4.25 5.38 6.75 8.12 9.38 10.41 11.09 11.69 12.22
-38.47 -38.09 -37.75 -37.38 -37.03 -36.66 -36.31 -35.97 -35.59 -35.22 -34.81 -34.44 -34.03 -33.59 -33.12 -32.66 -32.22 -31.72 -31.12 -30.56 -29.84 -29.19 -28.50 -27.78 -26.84 -26.28 -25.69 -25.25 -24.75 -24.28 -23.84 -23.47 -22.97 -22.38 -21.56 -20.88 -20.03 -19.38 -18.59 -17.78 -17.03 -16.47 -16.16 -15.91 -15.44 -14.94 -14.44 -13.81 -13.00 -12.19 -11.25 -10.47 -9.50 -8.50 -7.50 -6.50 -5.53 -4.56 -3.69 -2.91 -2.16 -1.41 -0.69 0.06 0.81 1.56 2.31 3.22 4.16 5.22 6.47 7.81 9.00 10.09 10.75 11.31 11.81
-38.47 -38.06 -37.66 -37.25 -36.88 -36.53 -36.19 -35.84 -35.50 -35.12 -34.75 -34.34 -33.94 -33.53 -32.97 -32.47 -31.97 -31.47 -30.88 -30.22 -29.62 -28.91 -28.25 -27.59 -26.81 -26.06 -25.53 -24.94 -24.47 -23.91 -23.34 -22.91 -22.56 -21.84 -21.22 -20.38 -19.53 -18.94 -18.34 -17.66 -16.59 -15.97 -15.47 -15.12 -14.88 -14.44 -13.97 -13.56 -13.00 -12.22 -11.44 -10.72 -9.62 -8.66 -7.66 -6.66 -5.69 -4.72 -3.84 -3.06 -2.34 -1.59 -0.88 -0.16 0.59 1.34 2.09 3.00 3.91 4.72 5.75 7.25 8.62 9.69 10.34 10.88 11.31
-38.44 -38.00 -37.53 -37.09 -36.72 -36.34 -36.00 -35.69 -35.34 -35.00 -34.62 -34.25 -33.84 -33.41 -32.91 -32.38 -31.84 -31.34 -30.66 -29.97 -29.31 -28.62 -28.00 -27.34 -26.69 -25.91 -25.28 -24.62 -24.06 -23.59 -22.94 -22.44 -22.09 -21.56 -20.66 -19.88 -19.06 -18.41 -17.91 -17.00 -16.25 -15.53 -15.16 -14.59 -14.38 -14.00 -13.53 -13.12 -12.69 -12.19 -11.47 -10.81 -9.69 -8.72 -7.72 -6.75 -5.78 -4.84 -3.94 -3.19 -2.47 -1.75 -1.03 -0.31 0.41 1.12 1.88 2.69 3.38 3.75 4.62 6.50 8.19 9.09 9.91 10.38 10.75
-38.38 -37.91 -37.41 -36.94 -36.50 -36.09 -35.75 -35.47 -35.16 -34.81 -34.50 -34.12 -33.75 -33.34 -32.91 -32.38 -31.75 -31.22 -30.59 -29.91 -29.16 -28.41 -27.72 -26.97 -26.41 -25.66 -25.09 -24.62 -23.88 -23.22 -22.69 -22.06 -21.44 -20.75 -20.16 -19.47 -18.66 -17.97 -17.31 -16.75 -15.94 -15.25 -14.62 -14.16 -13.81 -13.59 -13.12 -12.78 -12.31 -11.78 -11.28 -10.66 -9.59 -8.66 -7.69 -6.75 -5.84 -4.91 -4.03 -3.28 -2.59 -1.88 -1.19 -0.50 0.22 0.91 1.62 2.31 2.78 3.09 3.81 5.66 7.41 8.50 9.28 9.75 10.03
-38.31 -37.81 -37.31 -36.78 -36.28 -35.84 -35.50 -35.22 -34.94 -34.62 -34.31 -33.97 -33.62 -33.25 -32.78 -32.28 -31.75 -31.06 -30.53 -29.88 -29.12 -28.31 -27.53 -26.78 -26.16 -25.44 -25.00 -24.38 -23.69 -22.94 -22.47 -21.66 -21.16 -20.28 -19.66 -19.03 -18.38 -17.69 -17.00 -16.38 -15.69 -15.03 -14.47 -13.94 -13.47 -13.06 -12.72 -12.31 -11.94 -11.47 -10.78 -10.19 -9.34 -8.50 -7.59 -6.69 -5.81 -4.94 -4.06 -3.34 -2.66 -1.97 -1.31 -0.62 0.03 0.72 1.38 2.09 2.88 3.06 3.66 5.06 6.62 7.59 8.25 8.81 9.22
-38.25 -37.75 -37.25 -36.69 -36.12 -35.59 -35.25 -34.97 -34.72 -34.44 -34.12 -33.81 -33.47 -33.12 -32.66 -32.16 -31.62 -31.06 -30.44 -29.75 -29.03 -28.25 -27.47 -26.84 -26.06 -25.41 -24.84 -24.19 -23.50 -22.84 -21.94 -21.19 -20.50 -19.91 -19.38 -18.84 -18.16 -17.53 -16.88 -16.25 -15.59 -15.00 -14.44 -13.88 -13.31 -12.91 -12.34 -11.88 -11.41 -10.91 -10.38 -9.72 -9.00 -8.25 -7.41 -6.56 -5.72 -4.88 -4.06 -3.38 -2.69 -2.06 -1.41 -0.75 -0.12 0.53 1.16 1.88 2.59 3.25 3.78 4.84 5.94 6.69 7.22 7.75 8.12
-38.19 -37.69 -37.19 -36.62 -36.06 -35.50 -35.06 -34.78 -34.53 -34.25 -34.00 -33.69 -33.34 -32.97 -32.53 -32.06 -31.53 -30.97 -30.28 -29.62 -28.97 -28.19 -27.41 -26.81 -26.00 -25.44 -24.84 -24.16 -23.34 -22.56 -21.72 -20.84 -20.12 -19.47 -18.97 -18.38 -18.00 -17.41 -16.84 -16.22 -15.66 -15.03 -14.38 -13.88 -13.25 -12.69 -12.09 -11.59 -11.03 -10.50 -10.00 -9.41 -8.72 -7.97 -7.19 -6.38 -5.59 -4.78 -4.00 -3.34 -2.72 -2.09 -1.47 -0.88 -0.25 0.34 0.94 1.59 2.34 3.00 3.72 4.34 5.16 5.88 6.41 6.84 7.25
-38.12 -37.62 -37.12 -36.59 -36.06 -35.59 -35.19 -34.88 -34.53 -34.22 -33.91 -33.59 -33.28 -32.91 -32.44 -31.97 -31.47 -30.94 -30.31 -29.69 -29.03 -28.16 -27.44 -26.75 -26.12 -25.44 -24.78 -24.03 -23.25 -22.41 -21.59 -20.81 -19.94 -19.22 -18.59 -18.06 -17.56 -17.00 -16.66 -16.16 -15.53 -14.91 -14.25 -13.72 -13.12 -12.59 -11.94 -11.41 -10.72 -10.16 -9.62 -9.00 -8.41 -7.66 -6.94 -6.16 -5.41 -4.62 -3.91 -3.28 -2.69 -2.09 -1.50 -0.94 -0.38 0.19 0.75 1.31 1.84 2.59 3.28 3.88 4.41 5.06 5.62 6.09 6.50
-38.12 -37.59 -37.09 -36.59 -36.12 -35.75 -35.38 -35.03 -34.69 -34.31 -33.97 -33.62 -33.25 -32.88 -32.44 -31.94 -31.44 -30.88 -30.34 -29.69 -29.06 -28.34 -27.41 -26.72 -26.12 -25.41 -24.69 -23.97 -23.16 -22.41 -21.69 -20.84 -20.03 -19.22 -18.53 -17.81 -17.12 -16.59 -16.16 -15.72 -15.19 -14.59 -13.84 -13.38 -12.88 -12.25 -11.72 -11.06 -10.50 -9.84 -9.22 -8.69 -8.03 -7.34 -6.62 -5.91 -5.19 -4.47 -3.78 -3.19 -2.62 -2.03 -1.50 -0.97 -0.44 0.09 0.59 1.12 1.72 2.28 2.75 3.41 4.00 4.59 5.09 5.66 6.16
-38.12 -37.62 -37.16 -36.72 -36.31 -35.94 -35.56 -35.19 -34.81 -34.44 -34.06 -33.66 -33.28 -32.88 -32.41 -31.94 -31.41 -30.84 -30.31 -29.72 -29.06 -28.34 -27.44 -26.72 -26.16 -25.41 -24.69 -24.00 -23.28 -22.56 -21.81 -21.03 -20.31 -19.31 -18.44 -17.62 -16.88 -16.22 -15.75 -15.31 -14.78 -14.31 -13.41 -12.78 -12.22 -11.78 -11.38 -10.78 -10.06 -9.62 -9.03 -8.34 -7.72 -7.03 -6.34 -5.66 -4.94 -4.25 -3.62 -3.06 -2.50 -1.97 -1.44 -0.94 -0.44 0.03 0.50 1.00 1.56 2.06 2.69 3.19 3.78 4.47 5.09 5.78 6.38
-38.22 -37.75 -37.34 -36.94 -36.53 -36.16 -35.75 -35.34 -34.94 -34.53 -34.12 -33.72 -33.31 -32.84 -32.38 -31.88 -31.34 -30.81 -30.28 -29.69 -29.03 -28.34 -27.59 -26.66 -26.12 -25.44 -24.66 -24.03 -23.28 -22.59 -21.88 -21.09 -20.38 -19.38 -18.47 -17.62 -16.81 -16.06 -15.44 -14.81 -14.19 -13.56 -13.03 -12.28 -11.72 -11.16 -10.72 -10.44 -9.78 -9.09 -8.78 -8.03 -7.38 -6.72 -6.03 -5.38 -4.69 -4.03 -3.47 -2.91 -2.38 -1.84 -1.34 -0.88 -0.41 0.03 0.50 0.97 1.47 1.94 2.56 3.22 3.88 4.56 5.22 6.00 6.75
