everonasctiles/Tile[30,8].asc
ncols 128
nrows 128
xllcorner 0
yllcorner 0
cellsize 2.0
NODATA_value  -9999
[rows 32 to 63 of 128, columns 0 to 70 of 128]
149.81 150.16 150.53 150.88 151.22 151.50 151.78 152.03 152.28 152.50 152.69 152.88 153.03 153.19 153.31 153.41 153.50 153.56 153.62 153.69 153.72 153.75 153.78 153.81 153.88 153.94 154.00 154.09 154.25 154.38 154.56 154.62 154.72 154.66 154.50 154.38 154.31 154.75 155.28 155.81 156.34 156.81 157.12 157.31 157.50 157.75 158.03 158.34 158.66 159.03 159.41 159.81 160.25 160.69 161.62 162.41 162.47 162.53 162.66 163.25 163.91 164.59 165.31 166.00 166.75 167.47 167.94 168.53 168.97 169.44 169.91
149.16 149.53 149.88 150.22 150.56 150.88 151.16 151.41 151.66 151.88 152.06 152.25 152.44 152.59 152.72 152.84 152.94 153.00 153.09 153.12 153.19 153.22 153.25 153.31 153.38 153.44 153.53 153.66 153.78 153.94 154.03 154.09 153.97 154.03 153.94 153.75 154.22 154.72 155.50 155.84 156.41 156.78 156.97 157.12 157.31 157.53 157.81 158.12 158.47 158.81 159.22 159.59 160.03 160.53 161.59 162.16 162.22 162.28 162.56 163.19 163.81 164.47 165.16 165.84 166.59 167.31 167.78 168.22 168.62 169.16 169.72
148.56 148.91 149.28 149.59 149.94 150.25 150.53 150.81 151.06 151.28 151.50 151.69 151.84 152.00 152.16 152.28 152.38 152.47 152.53 152.59 152.66 152.69 152.75 152.81 152.88 152.97 153.06 153.19 153.31 153.44 153.44 153.34 153.28 153.19 153.03 153.56 154.00 154.47 155.31 155.84 156.38 156.66 156.75 156.88 157.06 157.28 157.59 157.91 158.25 158.62 159.00 159.44 159.88 160.44 161.53 161.88 161.94 162.00 162.44 163.06 163.69 164.31 164.97 165.69 166.44 167.16 167.59 167.97 168.50 169.09 169.69
148.00 148.34 148.69 149.00 149.34 149.66 149.94 150.22 150.47 150.69 150.91 151.12 151.28 151.47 151.59 151.72 151.84 151.91 152.00 152.06 152.12 152.19 152.22 152.31 152.41 152.50 152.59 152.75 152.88 152.94 152.81 152.75 152.53 152.38 152.88 153.09 153.72 154.12 155.00 155.84 156.06 156.28 156.41 156.56 156.75 157.06 157.38 157.69 158.03 158.38 158.81 159.28 159.78 160.44 161.41 161.59 161.66 161.72 162.22 162.91 163.53 164.16 164.81 165.47 166.22 167.00 167.47 167.94 168.44 169.06 169.72
147.47 147.78 148.12 148.44 148.78 149.09 149.38 149.66 149.91 150.16 150.38 150.56 150.75 150.91 151.06 151.19 151.28 151.38 151.47 151.53 151.59 151.66 151.72 151.81 151.91 152.03 152.16 152.31 152.47 152.34 152.19 152.22 151.88 152.41 152.34 152.56 153.09 153.91 154.56 155.22 155.62 155.81 155.97 156.16 156.47 156.78 157.09 157.47 157.75 158.22 158.62 159.19 159.75 160.38 161.22 161.34 161.41 161.47 161.97 162.72 163.34 163.97 164.59 165.25 166.03 166.72 167.31 167.84 168.44 169.06 169.66
146.94 147.25 147.56 147.91 148.22 148.53 148.84 149.12 149.38 149.62 149.84 150.03 150.22 150.38 150.53 150.66 150.78 150.84 150.94 151.00 151.06 151.16 151.25 151.34 151.44 151.56 151.72 151.81 151.81 151.72 151.59 151.50 151.44 152.00 152.09 152.19 152.81 153.50 153.97 154.66 154.94 155.16 155.50 155.84 156.16 156.50 156.84 157.12 157.62 158.00 158.44 159.03 159.59 160.22 161.00 161.06 161.12 161.19 161.81 162.53 163.16 163.78 164.38 165.00 165.66 166.28 166.81 167.53 168.38 169.00 169.56
146.44 146.75 147.03 147.34 147.69 148.00 148.31 148.59 148.84 149.09 149.31 149.53 149.72 149.88 150.03 150.16 150.25 150.34 150.41 150.50 150.56 150.66 150.75 150.84 150.97 151.09 151.25 151.22 151.22 151.06 151.19 151.09 151.28 151.31 151.50 152.03 152.59 153.12 153.69 153.97 154.34 154.75 155.09 155.47 155.81 156.19 156.50 156.97 157.38 157.78 158.19 158.81 159.41 160.03 160.72 160.78 160.84 160.91 161.69 162.34 162.97 163.56 164.16 164.75 165.34 166.03 166.59 167.34 168.22 168.88 169.47
145.97 146.25 146.56 146.84 147.16 147.47 147.78 148.06 148.31 148.56 148.81 149.00 149.19 149.34 149.47 149.59 149.69 149.78 149.88 149.97 150.06 150.16 150.28 150.38 150.50 150.66 150.78 150.78 150.62 150.41 150.22 150.47 150.66 151.22 151.19 151.84 152.31 152.75 153.28 153.56 153.97 154.31 154.75 155.09 155.50 155.84 156.28 156.69 157.06 157.41 157.88 158.62 159.22 159.78 160.44 160.50 160.56 160.72 161.50 162.16 162.78 163.38 163.94 164.50 165.12 165.81 166.44 167.19 167.94 168.66 169.31
145.47 145.75 146.06 146.38 146.69 146.97 147.28 147.53 147.81 148.06 148.28 148.47 148.66 148.81 148.94 149.06 149.19 149.28 149.38 149.47 149.56 149.69 149.78 149.91 150.06 150.19 150.31 150.19 150.00 150.00 149.94 150.03 150.19 150.72 151.22 151.62 152.16 152.53 152.88 153.22 153.59 154.00 154.38 154.78 155.16 155.59 155.81 156.28 156.78 157.31 157.81 158.41 158.97 159.56 160.16 160.22 160.28 160.53 161.34 162.00 162.59 163.19 163.72 164.25 164.81 165.41 166.06 166.81 167.59 168.38 169.06
145.00 145.28 145.59 145.88 146.19 146.50 146.78 147.06 147.31 147.56 147.78 147.97 148.12 148.28 148.44 148.56 148.66 148.75 148.88 148.97 149.09 149.19 149.34 149.47 149.59 149.75 149.78 149.53 149.50 149.34 149.34 149.56 149.66 150.03 150.69 151.28 151.88 152.19 152.50 152.84 153.25 153.62 154.03 154.22 154.88 155.12 155.72 156.19 156.66 157.12 157.69 158.22 158.78 159.38 159.84 159.91 160.00 160.41 161.22 161.84 162.44 163.00 163.53 164.09 164.56 165.09 165.69 166.28 167.00 167.94 168.75
144.56 144.81 145.12 145.41 145.72 146.03 146.31 146.56 146.81 147.06 147.28 147.47 147.62 147.78 147.91 148.03 148.12 148.25 148.34 148.47 148.59 148.72 148.88 149.00 149.16 149.25 149.25 148.97 148.75 148.81 148.91 149.16 149.41 150.12 150.59 151.09 151.50 151.78 152.12 152.53 152.91 153.28 153.44 154.16 154.44 155.00 155.50 155.97 156.41 156.88 157.50 158.06 158.62 159.28 159.56 159.62 159.69 160.34 161.12 161.72 162.31 162.84 163.34 163.91 164.41 164.91 165.44 165.97 166.53 167.19 168.12
144.09 144.38 144.66 144.94 145.25 145.53 145.81 146.09 146.34 146.56 146.78 146.97 147.12 147.28 147.41 147.53 147.62 147.75 147.84 147.97 148.09 148.22 148.38 148.56 148.72 148.72 148.72 148.38 148.12 148.16 148.44 148.81 149.19 149.84 150.44 150.78 151.09 151.44 151.81 152.19 152.56 152.72 153.41 153.75 154.31 154.75 155.22 155.69 156.19 156.62 157.28 157.88 158.44 159.19 159.25 159.34 159.44 160.34 161.06 161.59 162.16 162.66 163.16 163.72 164.19 164.69 165.22 165.78 166.34 166.97 167.72
143.66 143.91 144.19 144.50 144.78 145.09 145.38 145.62 145.88 146.09 146.28 146.47 146.62 146.75 146.88 147.00 147.12 147.22 147.34 147.47 147.59 147.78 147.94 148.09 148.25 148.19 148.06 147.78 147.72 147.75 148.16 148.50 148.97 149.47 150.00 150.41 150.69 151.09 151.44 151.84 152.03 152.66 153.06 153.56 154.03 154.47 154.91 155.41 155.88 156.44 157.03 157.62 158.22 158.91 158.97 159.03 159.25 160.38 161.00 161.50 162.00 162.47 162.94 163.44 163.94 164.44 164.97 165.53 166.12 166.75 167.44
143.22 143.47 143.75 144.03 144.31 144.62 144.88 145.16 145.38 145.59 145.81 145.97 146.12 146.25 146.38 146.50 146.62 146.72 146.84 146.97 147.09 147.28 147.41 147.62 147.69 147.59 147.34 147.31 147.09 147.41 147.75 148.25 148.72 149.31 149.69 150.06 150.38 150.72 151.12 151.31 151.91 152.31 152.81 153.28 153.72 154.22 154.72 155.19 155.66 156.28 156.84 157.41 158.03 158.59 158.69 158.75 159.16 160.38 160.91 161.34 161.81 162.28 162.72 163.16 163.66 164.19 164.72 165.25 165.91 166.53 167.16
142.78 143.03 143.28 143.56 143.84 144.12 144.41 144.66 144.91 145.12 145.31 145.47 145.62 145.75 145.88 146.00 146.12 146.22 146.34 146.44 146.59 146.78 146.94 147.06 147.00 146.88 146.75 146.25 146.47 146.97 147.41 147.94 148.44 148.94 149.34 149.69 150.00 150.44 150.62 151.22 151.59 152.06 152.53 153.00 153.50 153.97 154.47 154.94 155.44 156.06 156.66 157.19 157.75 158.31 158.38 158.44 159.12 160.28 160.72 161.16 161.59 162.03 162.47 162.94 163.47 163.97 164.47 165.00 165.62 166.28 166.84
142.34 142.56 142.81 143.09 143.38 143.66 143.94 144.19 144.41 144.62 144.81 145.00 145.12 145.28 145.41 145.50 145.62 145.72 145.81 145.94 146.06 146.22 146.41 146.41 146.50 146.25 145.97 145.97 146.25 146.69 147.09 147.62 148.19 148.62 148.97 149.28 149.69 149.91 150.47 150.88 151.34 151.75 152.25 152.78 153.25 153.75 154.25 154.72 155.22 155.88 156.44 157.00 157.53 158.00 158.06 158.16 159.09 159.84 160.41 160.91 161.34 161.84 162.31 162.78 163.28 163.69 164.16 164.69 165.28 165.91 166.53
141.88 142.09 142.34 142.62 142.91 143.19 143.44 143.72 143.94 144.16 144.34 144.50 144.66 144.78 144.91 145.03 145.12 145.22 145.31 145.44 145.56 145.69 145.78 145.78 145.72 145.59 145.59 145.88 145.62 146.31 146.84 147.38 147.91 148.31 148.69 148.97 149.22 149.72 150.16 150.62 151.06 151.53 152.03 152.53 153.03 153.53 154.00 154.50 154.97 155.69 156.25 156.81 157.41 157.72 157.78 158.03 158.81 159.47 160.06 160.59 161.09 161.59 162.12 162.59 163.00 163.41 163.84 164.31 164.91 165.53 166.16
141.44 141.62 141.88 142.16 142.44 142.69 142.97 143.22 143.47 143.66 143.84 144.03 144.19 144.31 144.44 144.53 144.62 144.72 144.81 144.91 145.06 145.16 145.19 145.22 145.09 144.91 145.19 145.12 145.50 146.12 146.62 147.19 147.66 147.97 148.31 148.56 149.06 149.50 149.94 150.38 150.81 151.31 151.78 152.28 152.81 153.31 153.81 154.28 154.81 155.50 156.09 156.66 157.34 157.41 157.47 157.97 158.56 159.19 159.75 160.28 160.81 161.34 161.88 162.31 162.69 163.09 163.53 164.00 164.56 165.19 165.88
140.94 141.16 141.38 141.66 141.94 142.22 142.50 142.75 142.97 143.19 143.38 143.53 143.69 143.84 143.94 144.06 144.16 144.25 144.34 144.44 144.56 144.66 144.69 144.62 144.34 144.44 144.66 145.03 145.47 145.84 146.44 146.94 147.38 147.53 147.94 148.41 148.81 149.22 149.66 150.12 150.59 151.06 151.59 152.09 152.59 153.12 153.62 154.12 154.75 155.31 155.91 156.50 157.03 157.09 157.16 157.81 158.34 158.94 159.47 160.00 160.53 161.06 161.59 161.97 162.38 162.78 163.22 163.72 164.31 164.97 165.66
140.44 140.62 140.91 141.16 141.44 141.72 142.00 142.25 142.50 142.72 142.91 143.06 143.22 143.34 143.47 143.59 143.69 143.81 143.84 143.97 144.09 144.12 144.28 144.19 144.03 144.22 144.53 144.81 145.25 145.75 146.22 146.69 146.94 147.38 147.78 148.16 148.56 149.00 149.44 149.91 150.38 150.88 151.38 151.91 152.44 152.97 153.50 153.97 154.62 155.22 155.78 156.38 156.75 156.81 156.88 157.56 158.12 158.69 159.22 159.72 160.28 160.78 161.22 161.66 162.09 162.50 162.94 163.47 164.06 164.72 165.47
140.00 140.19 140.44 140.69 140.97 141.25 141.50 141.78 142.00 142.22 142.41 142.59 142.75 142.88 143.00 143.12 143.22 143.31 143.44 143.53 143.59 143.59 143.72 143.56 143.75 143.97 144.28 144.62 145.12 145.56 146.03 146.28 146.75 147.19 147.50 147.91 148.31 148.75 149.22 149.72 150.19 150.69 151.25 151.78 152.28 152.81 153.34 153.84 154.47 155.09 155.69 156.34 156.41 156.50 156.59 157.34 157.94 158.47 158.97 159.44 159.97 160.47 160.91 161.38 161.78 162.22 162.69 163.25 163.91 164.56 165.31
139.56 139.72 139.97 140.22 140.47 140.75 141.00 141.25 141.50 141.72 141.91 142.09 142.25 142.41 142.53 142.66 142.81 142.91 143.00 143.06 143.12 142.94 143.06 143.50 143.44 143.81 144.03 144.50 144.94 145.41 145.69 146.12 146.59 146.88 147.31 147.75 148.16 148.62 149.09 149.56 150.06 150.59 151.09 151.62 152.19 152.75 153.28 153.75 154.22 154.94 155.84 156.00 156.09 156.16 156.38 157.19 157.72 158.25 158.72 159.19 159.62 160.09 160.56 161.06 161.56 162.06 162.56 163.16 163.75 164.53 165.28
139.19 139.34 139.56 139.75 139.97 140.22 140.47 140.72 140.97 141.19 141.41 141.56 141.75 141.91 142.06 142.22 142.34 142.41 142.47 142.56 142.53 142.31 142.62 142.59 142.88 143.41 143.91 144.34 144.75 145.03 145.50 145.94 146.25 146.69 147.09 147.50 147.94 148.41 148.88 149.41 149.91 150.50 151.00 151.50 152.03 152.59 153.31 153.72 154.16 154.94 155.59 155.69 155.75 155.84 156.16 157.06 157.56 158.03 158.50 158.94 159.34 159.84 160.34 160.88 161.38 161.94 162.50 163.06 163.72 164.50 165.22
138.84 138.94 139.19 139.25 139.50 139.72 139.94 140.16 140.41 140.66 140.88 141.06 141.22 141.41 141.59 141.72 141.75 141.91 141.94 141.94 142.03 141.88 142.22 142.47 142.88 143.31 143.72 144.09 144.38 144.91 145.31 145.66 146.03 146.44 146.84 147.25 147.69 148.16 148.69 149.19 149.75 150.38 150.91 151.47 151.97 152.72 153.38 153.75 154.12 154.91 155.28 155.34 155.44 155.50 156.00 156.88 157.31 157.75 158.19 158.66 159.06 159.56 160.12 160.69 161.25 161.84 162.50 163.09 163.75 164.50 165.16
138.47 138.62 138.75 138.91 139.03 139.16 139.31 139.53 139.81 140.06 140.28 140.47 140.69 140.91 141.06 141.12 141.09 141.16 141.25 141.28 141.25 141.50 141.88 142.19 142.81 143.22 143.53 143.84 144.31 144.72 145.06 145.44 145.81 146.19 146.59 147.00 147.44 147.88 148.47 149.06 149.69 150.28 150.72 151.47 152.12 152.78 153.38 153.66 154.06 154.50 154.78 155.00 155.09 155.22 155.81 156.56 157.06 157.47 157.91 158.34 158.84 159.38 160.00 160.59 161.19 161.81 162.44 163.06 163.78 164.44 165.03
138.00 138.06 138.34 138.44 138.47 138.50 138.69 138.91 139.19 139.44 139.69 139.88 140.12 140.25 140.31 140.41 140.25 140.38 140.47 140.59 140.81 141.16 141.69 141.91 142.75 143.00 143.38 143.75 144.19 144.53 144.88 145.22 145.59 145.94 146.34 146.75 147.16 147.66 148.19 148.81 149.66 150.28 150.59 151.53 152.28 152.66 152.94 153.38 153.72 154.12 154.34 154.59 154.81 155.09 155.69 156.28 156.75 157.22 157.69 158.22 158.75 159.31 159.91 160.50 161.12 161.72 162.34 163.03 163.62 164.25 164.88
137.44 137.56 137.75 137.84 137.75 137.88 138.03 138.25 138.50 138.88 139.09 139.25 139.50 139.53 139.50 139.56 139.66 139.59 139.78 140.25 140.41 141.00 141.53 142.09 142.47 143.09 143.31 143.66 144.00 144.31 144.66 145.00 145.34 145.72 146.09 146.50 146.94 147.38 147.97 148.81 149.50 150.22 151.03 151.53 151.72 152.09 152.53 152.97 153.34 153.62 153.91 154.16 154.38 154.88 155.53 156.03 156.50 157.06 157.59 158.09 158.69 159.28 159.88 160.50 161.12 161.72 162.31 162.97 163.59 164.16 164.69
136.81 136.81 136.97 137.16 137.22 137.31 137.34 137.75 137.91 138.25 138.38 138.75 138.88 138.94 139.06 138.81 138.91 139.12 139.41 139.88 140.38 140.91 141.47 141.97 142.47 142.84 143.12 143.44 143.78 144.09 144.44 144.78 145.12 145.53 145.91 146.31 146.72 147.22 148.06 148.69 149.56 150.22 150.78 150.94 151.28 151.66 152.22 152.84 152.91 153.09 153.41 153.75 154.03 154.69 155.31 155.84 156.41 156.97 157.47 158.00 158.62 159.25 159.88 160.53 161.12 161.72 162.31 162.91 163.50 164.03 164.56
136.09 136.19 136.25 136.41 136.44 136.56 136.88 137.12 137.38 137.62 137.97 138.16 138.03 138.38 137.88 138.28 138.62 138.75 139.19 139.69 140.22 140.75 141.31 141.84 142.31 142.66 142.97 143.25 143.56 143.91 144.25 144.56 144.94 145.34 145.72 146.16 146.62 147.09 147.97 148.72 149.47 149.81 150.03 150.41 150.78 151.25 151.81 152.16 152.41 152.59 152.91 153.34 153.97 154.59 155.12 155.69 156.25 156.81 157.34 157.91 158.56 159.22 159.84 160.47 161.06 161.66 162.25 162.81 163.38 163.91 164.41
135.56 135.62 135.72 135.81 135.88 136.06 136.22 136.44 136.81 137.12 137.41 137.34 137.66 137.47 137.25 137.50 138.03 138.47 138.97 139.47 140.03 140.56 141.09 141.62 142.09 142.47 142.78 143.09 143.41 143.75 144.06 144.41 144.72 145.09 145.53 146.00 146.41 146.91 147.69 148.31 148.84 149.09 149.50 149.78 150.19 150.75 151.22 151.59 151.94 152.28 152.66 153.25 153.88 154.47 155.00 155.53 156.06 156.66 157.25 157.88 158.53 159.12 159.78 160.41 161.00 161.56 162.16 162.72 163.28 163.78 164.31
135.03 135.06 135.22 135.31 135.34 135.38 135.66 135.94 136.22 136.59 136.59 136.88 136.69 137.03 136.81 137.12 137.75 138.22 138.72 139.25 139.81 140.34 140.88 141.38 141.84 142.22 142.62 142.94 143.19 143.47 143.72 144.03 144.34 144.75 145.22 145.66 146.06 146.62 147.28 147.66 147.97 148.47 148.81 149.34 149.88 150.31 150.75 151.16 151.59 152.09 152.59 153.19 153.81 154.38 154.91 155.41 155.94 156.50 157.09 157.72 158.34 158.97 159.59 160.19 160.84 161.50 162.09 162.62 163.16 163.69 164.19
134.50 134.59 134.75 134.84 134.84 134.88 135.12 135.22 135.59 136.00 135.97 135.91 136.25 136.62 136.88 137.44 137.41 137.94 138.47 139.00 139.53 140.06 140.56 141.06 141.50 141.91 142.28 142.53 142.75 143.00 143.31 143.62 143.97 144.31 144.84 145.28 145.69 146.22 146.72 147.06 147.50 147.88 148.28 149.12 149.62 150.06 150.50 150.94 151.47 152.06 152.62 153.19 153.75 154.31 154.84 155.34 155.88 156.44 157.00 157.62 158.25 158.81 159.44 160.12 160.78 161.47 162.03 162.56 163.06 163.56 164.09
