everonasctiles/Tile5,25.asc
ncols 128
nrows 128
xllcorner 0
yllcorner 0
cellsize 2.0
NODATA_value  -9999
[rows 32 to 63 of 128, columns 0 to 71 of 128]
-20.41 -20.22 -20.00 -19.66 -19.28 -18.97 -18.66 -18.44 -18.31 -18.22 -18.16 -18.16 -18.12 -18.12 -18.16 -18.22 -18.34 -18.56 -18.88 -19.31 -19.69 -20.12 -20.59 -21.09 -21.47 -21.81 -22.06 -22.38 -22.69 -23.09 -23.66 -24.38 -25.12 -25.91 -26.72 -27.56 -28.34 -29.09 -29.88 -30.66 -31.38 -32.09 -32.78 -33.41 -33.94 -34.41 -34.81 -35.19 -35.53 -35.88 -36.19 -36.53 -36.91 -37.28 -37.59 -37.91 -38.12 -38.34 -38.50 -38.66 -38.81 -39.00 -39.22 -39.56 -39.91 -40.25 -40.56 -40.88 -41.16 -41.41 -41.62 -41.81
-19.75 -19.59 -19.38 -19.03 -18.72 -18.44 -18.19 -18.00 -17.91 -17.81 -17.78 -17.81 -17.78 -17.78 -17.81 -17.91 -18.06 -18.28 -18.66 -19.00 -19.41 -19.84 -20.31 -20.78 -21.19 -21.53 -21.78 -22.12 -22.50 -22.94 -23.53 -24.25 -25.03 -25.84 -26.69 -27.56 -28.31 -29.09 -29.84 -30.56 -31.31 -32.03 -32.66 -33.28 -33.81 -34.34 -34.81 -35.22 -35.56 -35.88 -36.22 -36.53 -36.88 -37.19 -37.47 -37.69 -37.88 -38.06 -38.22 -38.34 -38.50 -38.66 -38.97 -39.34 -39.75 -40.09 -40.44 -40.75 -41.06 -41.31 -41.56 -41.72
-19.03 -18.88 -18.69 -18.44 -18.16 -17.88 -17.69 -17.53 -17.47 -17.41 -17.38 -17.44 -17.44 -17.47 -17.50 -17.66 -17.84 -18.06 -18.38 -18.75 -19.16 -19.59 -20.06 -20.56 -20.91 -21.25 -21.56 -21.91 -22.34 -22.84 -23.50 -24.25 -25.06 -25.88 -26.69 -27.56 -28.31 -29.03 -29.78 -30.50 -31.19 -31.88 -32.53 -33.12 -33.69 -34.22 -34.72 -35.12 -35.50 -35.88 -36.19 -36.53 -36.81 -37.06 -37.31 -37.50 -37.66 -37.78 -37.91 -38.03 -38.16 -38.41 -38.81 -39.25 -39.62 -39.97 -40.31 -40.66 -40.97 -41.25 -41.47 -41.62
-18.25 -18.09 -17.91 -17.72 -17.53 -17.34 -17.16 -17.06 -17.00 -16.97 -16.97 -17.06 -17.09 -17.16 -17.22 -17.41 -17.59 -17.81 -18.12 -18.53 -18.97 -19.41 -19.91 -20.38 -20.75 -21.06 -21.38 -21.78 -22.28 -22.84 -23.53 -24.28 -25.12 -25.94 -26.75 -27.59 -28.31 -29.00 -29.69 -30.41 -31.06 -31.72 -32.34 -32.94 -33.53 -34.06 -34.59 -35.06 -35.47 -35.84 -36.19 -36.47 -36.72 -36.94 -37.12 -37.28 -37.41 -37.50 -37.59 -37.72 -37.91 -38.34 -38.75 -39.16 -39.53 -39.91 -40.25 -40.59 -40.88 -41.16 -41.38 -41.53
-17.47 -17.28 -17.09 -16.94 -16.78 -16.69 -16.59 -16.53 -16.53 -16.56 -16.59 -16.66 -16.75 -16.81 -16.94 -17.09 -17.34 -17.59 -17.94 -18.34 -18.84 -19.28 -19.78 -20.22 -20.59 -20.91 -21.25 -21.69 -22.25 -22.88 -23.59 -24.34 -25.16 -25.97 -26.78 -27.56 -28.25 -28.94 -29.62 -30.28 -30.91 -31.56 -32.16 -32.75 -33.31 -33.88 -34.41 -34.91 -35.38 -35.78 -36.12 -36.38 -36.59 -36.78 -36.94 -37.06 -37.16 -37.22 -37.31 -37.44 -37.78 -38.25 -38.69 -39.06 -39.44 -39.84 -40.19 -40.53 -40.81 -41.06 -41.25 -41.41
-16.66 -16.47 -16.28 -16.09 -16.00 -15.97 -15.97 -16.00 -16.03 -16.09 -16.16 -16.25 -16.41 -16.53 -16.69 -16.88 -17.12 -17.44 -17.78 -18.25 -18.72 -19.22 -19.69 -20.12 -20.47 -20.81 -21.19 -21.69 -22.28 -22.94 -23.66 -24.44 -25.25 -26.03 -26.78 -27.50 -28.16 -28.81 -29.47 -30.12 -30.75 -31.38 -31.97 -32.56 -33.12 -33.66 -34.22 -34.75 -35.25 -35.66 -36.00 -36.25 -36.44 -36.62 -36.75 -36.88 -36.94 -36.97 -37.00 -37.31 -37.78 -38.22 -38.62 -39.00 -39.41 -39.78 -40.12 -40.47 -40.75 -40.97 -41.16 -41.28
-15.84 -15.62 -15.47 -15.28 -15.19 -15.19 -15.25 -15.41 -15.56 -15.66 -15.75 -15.91 -16.09 -16.25 -16.44 -16.69 -16.97 -17.34 -17.72 -18.16 -18.66 -19.16 -19.62 -20.03 -20.38 -20.75 -21.22 -21.72 -22.34 -23.03 -23.75 -24.53 -25.31 -26.06 -26.75 -27.41 -28.03 -28.66 -29.28 -29.94 -30.56 -31.16 -31.75 -32.34 -32.88 -33.41 -33.97 -34.53 -35.03 -35.47 -35.81 -36.09 -36.28 -36.47 -36.59 -36.69 -36.72 -36.75 -36.91 -37.31 -37.78 -38.22 -38.59 -38.97 -39.38 -39.75 -40.09 -40.41 -40.66 -40.88 -41.03 -41.16
-15.03 -14.84 -14.66 -14.50 -14.44 -14.44 -14.56 -14.75 -15.00 -15.22 -15.38 -15.56 -15.81 -16.03 -16.28 -16.56 -16.91 -17.28 -17.69 -18.16 -18.62 -19.09 -19.56 -19.94 -20.34 -20.75 -21.25 -21.81 -22.47 -23.12 -23.88 -24.62 -25.38 -26.03 -26.69 -27.28 -27.91 -28.50 -29.12 -29.75 -30.34 -30.94 -31.53 -32.09 -32.62 -33.16 -33.72 -34.28 -34.78 -35.25 -35.62 -35.91 -36.12 -36.28 -36.41 -36.53 -36.62 -36.75 -37.00 -37.38 -37.81 -38.22 -38.59 -38.97 -39.34 -39.69 -40.03 -40.31 -40.56 -40.75 -40.91 -41.03
-14.25 -14.06 -13.88 -13.72 -13.69 -13.72 -13.88 -14.12 -14.41 -14.78 -15.06 -15.31 -15.59 -15.91 -16.22 -16.53 -16.88 -17.28 -17.72 -18.16 -18.59 -19.06 -19.47 -19.88 -20.28 -20.75 -21.31 -21.91 -22.53 -23.22 -23.94 -24.66 -25.34 -26.00 -26.59 -27.19 -27.78 -28.38 -28.97 -29.53 -30.12 -30.69 -31.25 -31.81 -32.34 -32.91 -33.47 -34.03 -34.53 -35.00 -35.41 -35.72 -35.94 -36.12 -36.31 -36.47 -36.66 -36.88 -37.12 -37.47 -37.84 -38.22 -38.59 -38.97 -39.31 -39.66 -39.94 -40.19 -40.44 -40.62 -40.75 -40.88
-13.50 -13.31 -13.12 -13.00 -12.97 -13.03 -13.25 -13.53 -13.91 -14.34 -14.75 -15.09 -15.44 -15.81 -16.16 -16.56 -16.94 -17.34 -17.78 -18.22 -18.66 -19.09 -19.47 -19.84 -20.28 -20.78 -21.31 -21.91 -22.56 -23.25 -23.94 -24.59 -25.22 -25.84 -26.41 -27.00 -27.59 -28.19 -28.75 -29.34 -29.91 -30.47 -31.00 -31.53 -32.06 -32.62 -33.19 -33.75 -34.28 -34.78 -35.19 -35.53 -35.78 -36.00 -36.22 -36.47 -36.69 -36.97 -37.22 -37.53 -37.88 -38.22 -38.59 -38.94 -39.25 -39.56 -39.81 -40.06 -40.25 -40.44 -40.59 -40.72
-12.75 -12.59 -12.41 -12.28 -12.28 -12.41 -12.69 -13.03 -13.47 -13.97 -14.44 -14.88 -15.31 -15.72 -16.16 -16.56 -17.00 -17.41 -17.81 -18.25 -18.66 -19.06 -19.44 -19.84 -20.31 -20.81 -21.38 -21.97 -22.59 -23.25 -23.88 -24.50 -25.09 -25.62 -26.19 -26.75 -27.34 -27.91 -28.50 -29.06 -29.66 -30.19 -30.72 -31.28 -31.81 -32.38 -32.94 -33.47 -34.00 -34.53 -34.97 -35.34 -35.66 -35.91 -36.19 -36.47 -36.75 -37.03 -37.31 -37.59 -37.91 -38.25 -38.56 -38.88 -39.16 -39.44 -39.66 -39.88 -40.09 -40.25 -40.41 -40.53
-12.03 -11.88 -11.72 -11.66 -11.66 -11.84 -12.19 -12.59 -13.09 -13.62 -14.16 -14.69 -15.19 -15.66 -16.12 -16.56 -17.03 -17.44 -17.88 -18.28 -18.66 -19.03 -19.41 -19.84 -20.34 -20.84 -21.41 -22.00 -22.62 -23.19 -23.78 -24.34 -24.84 -25.38 -25.94 -26.50 -27.06 -27.66 -28.22 -28.78 -29.34 -29.91 -30.47 -31.03 -31.56 -32.12 -32.66 -33.22 -33.78 -34.28 -34.75 -35.16 -35.53 -35.84 -36.16 -36.44 -36.75 -37.06 -37.38 -37.66 -37.94 -38.25 -38.53 -38.78 -39.06 -39.28 -39.50 -39.72 -39.91 -40.09 -40.22 -40.34
-11.34 -11.22 -11.09 -11.03 -11.12 -11.38 -11.75 -12.19 -12.72 -13.31 -13.91 -14.47 -15.00 -15.53 -16.00 -16.50 -16.97 -17.44 -17.84 -18.22 -18.59 -19.00 -19.41 -19.88 -20.38 -20.88 -21.44 -22.00 -22.53 -23.03 -23.53 -24.00 -24.50 -25.03 -25.59 -26.19 -26.78 -27.34 -27.94 -28.53 -29.09 -29.66 -30.19 -30.78 -31.34 -31.88 -32.44 -33.00 -33.56 -34.09 -34.56 -35.00 -35.41 -35.75 -36.09 -36.41 -36.75 -37.06 -37.38 -37.69 -37.97 -38.22 -38.47 -38.72 -38.94 -39.12 -39.34 -39.56 -39.75 -39.91 -40.03 -40.16
-10.69 -10.56 -10.50 -10.53 -10.66 -10.94 -11.34 -11.84 -12.44 -13.03 -13.62 -14.19 -14.75 -15.28 -15.81 -16.31 -16.81 -17.31 -17.75 -18.12 -18.53 -18.94 -19.38 -19.88 -20.38 -20.91 -21.41 -21.88 -22.34 -22.75 -23.19 -23.66 -24.16 -24.66 -25.19 -25.75 -26.34 -26.97 -27.56 -28.16 -28.78 -29.38 -29.94 -30.50 -31.09 -31.69 -32.25 -32.81 -33.38 -33.91 -34.41 -34.88 -35.28 -35.66 -36.00 -36.34 -36.69 -37.03 -37.34 -37.62 -37.91 -38.19 -38.41 -38.62 -38.81 -39.00 -39.22 -39.41 -39.56 -39.72 -39.81 -39.94
-10.03 -9.97 -9.94 -10.03 -10.22 -10.56 -11.03 -11.56 -12.12 -12.72 -13.31 -13.91 -14.47 -15.03 -15.53 -16.06 -16.56 -17.06 -17.53 -17.97 -18.41 -18.88 -19.38 -19.84 -20.34 -20.81 -21.28 -21.69 -22.06 -22.47 -22.91 -23.34 -23.81 -24.28 -24.81 -25.34 -25.91 -26.50 -27.09 -27.75 -28.34 -28.97 -29.62 -30.25 -30.88 -31.50 -32.09 -32.66 -33.22 -33.78 -34.28 -34.75 -35.16 -35.56 -35.91 -36.25 -36.59 -36.94 -37.25 -37.53 -37.81 -38.09 -38.31 -38.50 -38.72 -38.91 -39.09 -39.25 -39.38 -39.50 -39.62 -39.75
-9.44 -9.41 -9.44 -9.56 -9.84 -10.25 -10.72 -11.28 -11.84 -12.44 -13.03 -13.59 -14.19 -14.72 -15.25 -15.75 -16.28 -16.78 -17.25 -17.75 -18.22 -18.72 -19.22 -19.72 -20.19 -20.66 -21.06 -21.44 -21.81 -22.22 -22.59 -23.03 -23.47 -23.94 -24.44 -24.94 -25.50 -26.06 -26.69 -27.31 -27.97 -28.59 -29.25 -29.94 -30.59 -31.31 -31.97 -32.56 -33.12 -33.66 -34.16 -34.62 -35.03 -35.44 -35.78 -36.12 -36.44 -36.78 -37.09 -37.41 -37.69 -37.94 -38.19 -38.41 -38.59 -38.78 -38.94 -39.06 -39.19 -39.28 -39.41 -39.53
-8.88 -8.84 -8.94 -9.16 -9.50 -9.94 -10.44 -10.97 -11.53 -12.12 -12.72 -13.28 -13.84 -14.41 -14.94 -15.44 -15.97 -16.47 -16.97 -17.47 -18.00 -18.53 -19.03 -19.53 -20.00 -20.44 -20.81 -21.19 -21.59 -21.97 -22.34 -22.78 -23.19 -23.62 -24.12 -24.66 -25.19 -25.75 -26.31 -26.91 -27.56 -28.25 -28.91 -29.62 -30.34 -31.09 -31.81 -32.47 -33.06 -33.56 -34.06 -34.50 -34.91 -35.25 -35.59 -35.94 -36.25 -36.59 -36.91 -37.22 -37.53 -37.81 -38.03 -38.25 -38.47 -38.62 -38.78 -38.88 -38.97 -39.09 -39.22 -39.31
-8.31 -8.34 -8.53 -8.81 -9.19 -9.62 -10.12 -10.66 -11.22 -11.81 -12.41 -12.97 -13.53 -14.06 -14.59 -15.09 -15.62 -16.12 -16.66 -17.19 -17.75 -18.31 -18.81 -19.31 -19.78 -20.22 -20.59 -21.00 -21.38 -21.75 -22.16 -22.53 -22.97 -23.44 -23.94 -24.44 -24.97 -25.50 -26.06 -26.62 -27.25 -27.91 -28.62 -29.38 -30.12 -30.88 -31.66 -32.38 -33.00 -33.50 -33.97 -34.38 -34.72 -35.06 -35.38 -35.69 -36.03 -36.38 -36.72 -37.03 -37.34 -37.62 -37.91 -38.12 -38.31 -38.47 -38.59 -38.69 -38.78 -38.88 -39.00 -39.09
-7.78 -7.91 -8.12 -8.47 -8.84 -9.31 -9.81 -10.34 -10.91 -11.47 -12.06 -12.62 -13.16 -13.69 -14.22 -14.75 -15.25 -15.78 -16.31 -16.88 -17.44 -18.00 -18.56 -19.06 -19.53 -19.97 -20.38 -20.75 -21.16 -21.59 -22.03 -22.47 -22.94 -23.44 -23.88 -24.34 -24.81 -25.31 -25.84 -26.38 -26.97 -27.62 -28.38 -29.12 -29.91 -30.69 -31.47 -32.22 -32.88 -33.41 -33.84 -34.22 -34.53 -34.81 -35.12 -35.44 -35.81 -36.19 -36.53 -36.88 -37.19 -37.47 -37.75 -37.97 -38.16 -38.31 -38.41 -38.50 -38.59 -38.69 -38.78 -38.88
-7.28 -7.47 -7.75 -8.12 -8.53 -9.00 -9.50 -10.00 -10.56 -11.12 -11.69 -12.22 -12.78 -13.31 -13.84 -14.34 -14.88 -15.41 -15.97 -16.50 -17.06 -17.66 -18.22 -18.72 -19.19 -19.66 -20.09 -20.53 -21.03 -21.50 -21.97 -22.50 -23.03 -23.50 -23.97 -24.41 -24.81 -25.28 -25.75 -26.25 -26.78 -27.41 -28.12 -28.91 -29.69 -30.50 -31.25 -32.00 -32.69 -33.22 -33.66 -34.00 -34.28 -34.56 -34.84 -35.22 -35.62 -36.00 -36.34 -36.69 -37.03 -37.34 -37.59 -37.81 -38.00 -38.12 -38.22 -38.31 -38.41 -38.47 -38.56 -38.62
-6.84 -7.06 -7.41 -7.78 -8.19 -8.66 -9.16 -9.66 -10.19 -10.75 -11.28 -11.84 -12.38 -12.91 -13.41 -13.94 -14.47 -15.03 -15.56 -16.12 -16.69 -17.28 -17.81 -18.34 -18.88 -19.34 -19.84 -20.34 -20.88 -21.44 -22.00 -22.56 -23.12 -23.62 -24.09 -24.50 -24.91 -25.34 -25.78 -26.22 -26.75 -27.28 -27.91 -28.66 -29.44 -30.25 -31.00 -31.72 -32.38 -32.91 -33.34 -33.66 -33.94 -34.22 -34.56 -34.97 -35.38 -35.75 -36.12 -36.50 -36.84 -37.19 -37.44 -37.66 -37.84 -37.97 -38.06 -38.12 -38.22 -38.28 -38.34 -38.38
-6.44 -6.72 -7.06 -7.44 -7.84 -8.31 -8.78 -9.28 -9.81 -10.34 -10.88 -11.41 -11.94 -12.47 -13.00 -13.53 -14.06 -14.59 -15.16 -15.72 -16.31 -16.88 -17.44 -18.00 -18.56 -19.06 -19.59 -20.16 -20.78 -21.38 -22.00 -22.62 -23.22 -23.78 -24.25 -24.69 -25.06 -25.44 -25.84 -26.22 -26.66 -27.12 -27.66 -28.34 -29.06 -29.84 -30.59 -31.31 -31.97 -32.47 -32.88 -33.16 -33.47 -33.78 -34.16 -34.59 -35.06 -35.47 -35.88 -36.28 -36.66 -36.97 -37.25 -37.50 -37.66 -37.78 -37.88 -37.97 -38.03 -38.09 -38.12 -38.16
-6.16 -6.38 -6.72 -7.09 -7.50 -7.94 -8.41 -8.91 -9.41 -9.91 -10.44 -10.97 -11.50 -12.03 -12.56 -13.09 -13.62 -14.19 -14.75 -15.31 -15.88 -16.47 -17.06 -17.66 -18.25 -18.81 -19.41 -20.03 -20.69 -21.34 -22.03 -22.69 -23.34 -23.94 -24.41 -24.84 -25.22 -25.50 -25.81 -26.12 -26.50 -26.91 -27.38 -27.97 -28.59 -29.34 -30.09 -30.81 -31.44 -31.91 -32.28 -32.59 -32.91 -33.25 -33.66 -34.12 -34.59 -35.06 -35.53 -35.97 -36.38 -36.72 -37.03 -37.28 -37.47 -37.59 -37.69 -37.78 -37.84 -37.91 -37.94 -37.94
-5.88 -6.09 -6.41 -6.75 -7.16 -7.56 -8.00 -8.50 -8.97 -9.47 -10.00 -10.53 -11.03 -11.56 -12.09 -12.62 -13.19 -13.72 -14.31 -14.88 -15.47 -16.09 -16.69 -17.31 -17.94 -18.56 -19.22 -19.91 -20.62 -21.34 -22.06 -22.75 -23.44 -24.03 -24.56 -24.97 -25.25 -25.44 -25.69 -25.91 -26.22 -26.59 -26.97 -27.47 -28.09 -28.84 -29.56 -30.28 -30.84 -31.28 -31.62 -31.97 -32.28 -32.66 -33.06 -33.56 -34.06 -34.59 -35.09 -35.59 -36.03 -36.44 -36.75 -37.03 -37.22 -37.38 -37.47 -37.56 -37.66 -37.72 -37.72 -37.72
-5.59 -5.78 -6.06 -6.41 -6.75 -7.16 -7.59 -8.06 -8.53 -9.03 -9.53 -10.06 -10.59 -11.09 -11.62 -12.19 -12.72 -13.28 -13.84 -14.44 -15.06 -15.69 -16.31 -17.00 -17.69 -18.38 -19.09 -19.81 -20.59 -21.38 -22.12 -22.84 -23.53 -24.09 -24.56 -24.84 -25.00 -25.09 -25.22 -25.38 -25.66 -25.97 -26.38 -26.88 -27.56 -28.28 -29.00 -29.62 -30.16 -30.59 -30.94 -31.31 -31.69 -32.06 -32.50 -32.97 -33.53 -34.06 -34.62 -35.12 -35.62 -36.03 -36.41 -36.72 -36.94 -37.09 -37.25 -37.34 -37.41 -37.47 -37.50 -37.50
-5.31 -5.47 -5.72 -6.00 -6.34 -6.75 -7.16 -7.62 -8.09 -8.59 -9.09 -9.59 -10.12 -10.66 -11.19 -11.72 -12.25 -12.81 -13.41 -14.03 -14.66 -15.31 -16.00 -16.75 -17.50 -18.25 -18.97 -19.75 -20.53 -21.38 -22.16 -22.88 -23.50 -23.94 -24.22 -24.34 -24.38 -24.38 -24.44 -24.59 -24.81 -25.16 -25.62 -26.16 -26.91 -27.62 -28.34 -28.97 -29.47 -29.91 -30.28 -30.66 -31.06 -31.50 -31.94 -32.41 -32.97 -33.56 -34.12 -34.69 -35.19 -35.62 -36.00 -36.34 -36.62 -36.81 -36.97 -37.06 -37.16 -37.19 -37.25 -37.25
-4.97 -5.09 -5.31 -5.56 -5.91 -6.28 -6.72 -7.16 -7.62 -8.12 -8.62 -9.16 -9.66 -10.19 -10.72 -11.25 -11.81 -12.38 -12.97 -13.59 -14.25 -14.97 -15.72 -16.50 -17.28 -18.09 -18.88 -19.69 -20.50 -21.34 -22.16 -22.78 -23.22 -23.47 -23.56 -23.59 -23.53 -23.50 -23.47 -23.62 -23.81 -24.12 -24.62 -25.28 -26.06 -26.91 -27.59 -28.25 -28.81 -29.28 -29.72 -30.12 -30.50 -30.91 -31.41 -31.91 -32.50 -33.09 -33.66 -34.22 -34.72 -35.22 -35.59 -35.94 -36.22 -36.47 -36.62 -36.78 -36.84 -36.91 -36.97 -37.00
-4.53 -4.66 -4.84 -5.09 -5.44 -5.81 -6.25 -6.69 -7.16 -7.66 -8.16 -8.69 -9.22 -9.72 -10.25 -10.78 -11.34 -11.91 -12.50 -13.12 -13.84 -14.62 -15.44 -16.22 -17.06 -17.91 -18.75 -19.59 -20.44 -21.25 -21.94 -22.44 -22.75 -22.81 -22.81 -22.75 -22.66 -22.56 -22.53 -22.59 -22.78 -23.16 -23.72 -24.38 -25.22 -26.00 -26.75 -27.53 -28.22 -28.78 -29.22 -29.66 -30.06 -30.50 -31.03 -31.53 -32.06 -32.66 -33.22 -33.78 -34.31 -34.78 -35.19 -35.53 -35.84 -36.09 -36.31 -36.44 -36.53 -36.59 -36.66 -36.72
-4.00 -4.12 -4.34 -4.59 -4.94 -5.34 -5.78 -6.22 -6.72 -7.22 -7.72 -8.25 -8.75 -9.28 -9.81 -10.34 -10.88 -11.44 -12.03 -12.66 -13.44 -14.25 -15.09 -15.94 -16.78 -17.69 -18.59 -19.47 -20.31 -20.97 -21.53 -21.94 -22.12 -22.12 -22.06 -21.94 -21.84 -21.72 -21.66 -21.72 -21.94 -22.31 -22.88 -23.56 -24.34 -25.16 -26.00 -26.78 -27.56 -28.25 -28.81 -29.25 -29.75 -30.22 -30.72 -31.22 -31.75 -32.28 -32.84 -33.38 -33.91 -34.34 -34.75 -35.09 -35.44 -35.69 -35.94 -36.06 -36.19 -36.25 -36.34 -36.44
-3.50 -3.66 -3.88 -4.12 -4.47 -4.88 -5.31 -5.78 -6.25 -6.78 -7.28 -7.81 -8.34 -8.84 -9.38 -9.88 -10.41 -10.94 -11.53 -12.22 -13.03 -13.88 -14.72 -15.59 -16.47 -17.38 -18.34 -19.25 -20.00 -20.59 -21.03 -21.38 -21.50 -21.47 -21.34 -21.22 -21.09 -21.00 -20.94 -21.00 -21.22 -21.62 -22.16 -22.88 -23.59 -24.34 -25.19 -26.06 -26.91 -27.66 -28.34 -28.94 -29.47 -30.00 -30.47 -30.97 -31.47 -32.00 -32.53 -33.03 -33.50 -33.97 -34.38 -34.72 -35.00 -35.28 -35.53 -35.69 -35.81 -35.91 -36.00 -36.12
-3.06 -3.22 -3.44 -3.72 -4.03 -4.41 -4.84 -5.31 -5.81 -6.31 -6.84 -7.38 -7.91 -8.44 -8.94 -9.44 -9.94 -10.47 -11.06 -11.78 -12.59 -13.47 -14.31 -15.22 -16.12 -17.03 -17.97 -18.88 -19.59 -20.16 -20.50 -20.81 -20.94 -20.91 -20.81 -20.66 -20.56 -20.50 -20.50 -20.59 -20.81 -21.19 -21.59 -22.25 -22.94 -23.66 -24.41 -25.28 -26.16 -27.03 -27.75 -28.56 -29.19 -29.72 -30.22 -30.72 -31.19 -31.72 -32.25 -32.72 -33.19 -33.62 -34.00 -34.34 -34.62 -34.91 -35.12 -35.31 -35.47 -35.56 -35.69 -35.81
-2.66 -2.84 -3.06 -3.34 -3.66 -4.03 -4.47 -4.91 -5.38 -5.91 -6.44 -6.97 -7.50 -8.03 -8.50 -9.00 -9.50 -10.06 -10.66 -11.34 -12.12 -13.00 -13.88 -14.78 -15.72 -16.62 -17.53 -18.34 -19.06 -19.56 -19.88 -20.19 -20.34 -20.34 -20.34 -20.34 -20.38 -20.38 -20.47 -20.50 -20.66 -20.94 -21.34 -21.81 -22.31 -22.94 -23.75 -24.59 -25.53 -26.38 -27.28 -28.16 -28.84 -29.44 -29.97 -30.44 -30.94 -31.47 -32.00 -32.44 -32.88 -33.28 -33.66 -34.00 -34.25 -34.53 -34.72 -34.94 -35.09 -35.22 -35.34 -35.47
