everonasctiles/Tile9,27.asc
ncols 128
nrows 128
xllcorner 0
yllcorner 0
cellsize 2.0
NODATA_value  -9999
[rows 0 to 33 of 128, columns 0 to 76 of 128]
45.50 45.88 46.19 46.75 47.31 47.75 48.34 48.97 49.66 50.19 50.88 51.28 51.75 52.12 52.47 52.78 53.09 53.53 53.91 54.19 54.59 55.00 55.44 55.97 56.34 56.81 57.19 57.50 57.91 58.22 58.53 58.91 59.22 59.56 59.94 60.28 60.53 60.81 61.06 61.28 61.50 61.69 61.91 62.09 62.25 62.41 62.56 62.69 62.84 62.97 63.09 63.22 63.34 63.44 63.53 63.62 63.69 63.75 63.84 63.91 64.00 64.09 64.19 64.28 64.38 64.44 64.53 64.62 64.75 64.88 65.00 65.09 65.19 65.28 65.31 65.28 65.19
45.12 45.75 46.28 46.72 47.31 47.78 48.31 49.00 49.53 50.16 50.59 51.12 51.56 52.00 52.41 52.72 53.03 53.59 53.62 54.50 54.69 55.06 55.44 55.84 56.34 56.88 57.56 58.00 58.16 58.31 58.59 58.91 59.22 59.50 59.81 60.12 60.47 60.75 61.00 61.25 61.47 61.72 61.94 62.09 62.28 62.44 62.56 62.72 62.88 63.00 63.16 63.25 63.38 63.47 63.56 63.69 63.75 63.84 63.91 64.00 64.06 64.16 64.22 64.31 64.38 64.44 64.53 64.59 64.69 64.78 64.88 65.03 65.12 65.16 65.19 65.16 65.06
45.22 45.75 46.28 46.78 47.34 47.78 48.47 48.84 49.41 50.06 50.56 50.97 51.47 52.09 52.62 53.03 53.50 53.91 54.31 54.62 54.97 55.06 55.50 55.94 56.34 57.00 57.66 58.03 58.31 58.34 58.72 58.94 59.22 59.53 59.81 60.09 60.41 60.69 60.94 61.22 61.50 61.72 61.94 62.12 62.28 62.47 62.62 62.81 62.97 63.09 63.19 63.31 63.44 63.56 63.66 63.75 63.84 63.97 64.09 64.12 64.22 64.22 64.28 64.34 64.41 64.44 64.50 64.56 64.66 64.75 64.84 64.94 65.06 65.12 65.12 65.09 65.03
45.25 45.78 46.25 46.81 47.34 47.88 48.31 48.94 49.38 50.16 50.78 51.25 51.84 52.25 52.59 53.16 53.66 53.97 54.31 54.75 55.09 55.16 55.47 55.97 56.34 56.91 57.56 58.00 58.16 58.44 58.62 58.97 59.25 59.53 59.81 60.06 60.38 60.66 60.94 61.22 61.50 61.72 61.97 62.16 62.34 62.56 62.75 62.88 63.09 63.19 63.34 63.47 63.50 63.62 63.78 63.88 63.97 64.12 64.22 64.31 64.38 64.38 64.38 64.38 64.41 64.47 64.53 64.56 64.66 64.75 64.84 64.94 65.03 65.09 65.09 65.06 65.00
45.47 45.91 46.34 46.75 47.25 47.88 48.53 48.97 49.56 50.41 51.16 51.62 52.00 52.34 52.72 53.16 53.56 53.94 54.28 54.69 55.06 55.22 55.53 56.03 56.44 56.81 57.19 57.53 57.97 58.34 58.69 59.00 59.31 59.56 59.81 60.06 60.34 60.62 60.94 61.22 61.50 61.75 61.97 62.19 62.41 62.66 62.84 63.06 63.28 63.44 63.56 63.59 63.72 63.75 63.88 64.00 64.09 64.25 64.34 64.44 64.50 64.53 64.50 64.47 64.44 64.47 64.53 64.56 64.66 64.75 64.84 64.94 65.03 65.12 65.16 65.12 65.03
45.66 46.12 46.66 47.25 47.72 48.25 48.59 49.03 49.59 50.34 50.97 51.47 51.88 52.25 52.62 53.03 53.41 53.78 54.12 54.50 54.91 55.28 55.72 56.12 56.50 56.81 57.25 57.66 58.03 58.38 58.78 59.09 59.38 59.59 59.81 60.06 60.34 60.66 60.91 61.22 61.47 61.75 61.97 62.22 62.47 62.78 63.03 63.28 63.44 63.66 63.75 63.84 63.91 63.94 64.03 64.16 64.25 64.38 64.47 64.56 64.62 64.62 64.59 64.56 64.50 64.50 64.53 64.59 64.69 64.78 64.88 65.03 65.16 65.22 65.28 65.25 65.12
45.75 46.25 46.72 47.41 47.81 48.12 48.53 48.84 49.44 50.09 50.72 51.22 51.69 52.09 52.47 52.84 53.22 53.56 53.94 54.31 54.81 55.34 55.78 56.19 56.50 56.88 57.31 57.62 58.03 58.47 58.78 59.09 59.38 59.59 59.84 60.06 60.34 60.66 60.94 61.22 61.50 61.72 62.03 62.31 62.62 62.91 63.16 63.44 63.66 63.84 63.97 64.06 64.09 64.12 64.16 64.25 64.34 64.44 64.53 64.62 64.66 64.69 64.66 64.59 64.59 64.56 64.56 64.59 64.72 64.84 64.97 65.16 65.28 65.31 65.38 65.34 65.22
45.88 46.19 46.81 47.34 47.66 48.00 48.28 48.69 49.25 49.88 50.47 50.97 51.44 51.88 52.28 52.66 53.03 53.41 53.75 54.19 54.75 55.28 55.75 56.19 56.53 56.91 57.22 57.66 58.06 58.38 58.78 59.09 59.34 59.62 59.88 60.12 60.41 60.66 60.97 61.28 61.53 61.78 62.09 62.38 62.66 62.97 63.25 63.56 63.81 64.00 64.12 64.19 64.25 64.25 64.28 64.31 64.38 64.47 64.56 64.62 64.66 64.69 64.66 64.62 64.62 64.62 64.59 64.66 64.81 64.97 65.06 65.25 65.38 65.44 65.47 65.44 65.31
45.84 46.22 46.62 46.97 47.31 47.75 48.09 48.59 49.09 49.66 50.22 50.75 51.22 51.69 52.09 52.50 52.84 53.22 53.59 54.06 54.62 55.16 55.62 56.06 56.47 56.84 57.22 57.56 57.97 58.38 58.75 59.06 59.34 59.62 59.84 60.12 60.41 60.72 61.03 61.31 61.59 61.84 62.12 62.41 62.72 63.00 63.34 63.59 63.88 64.09 64.22 64.31 64.31 64.34 64.34 64.38 64.41 64.47 64.53 64.59 64.62 64.62 64.62 64.62 64.62 64.62 64.69 64.78 64.91 65.06 65.19 65.34 65.44 65.50 65.50 65.47 65.34
45.72 46.06 46.50 46.75 47.16 47.59 48.03 48.53 48.97 49.50 50.03 50.53 51.03 51.47 51.91 52.31 52.69 53.06 53.47 53.88 54.44 55.00 55.50 55.94 56.38 56.72 57.06 57.44 57.84 58.25 58.62 58.97 59.28 59.53 59.81 60.16 60.41 60.72 61.06 61.38 61.66 61.91 62.16 62.47 62.72 63.06 63.41 63.69 63.91 64.12 64.25 64.31 64.34 64.34 64.34 64.38 64.38 64.41 64.44 64.50 64.53 64.56 64.56 64.56 64.59 64.66 64.75 64.84 64.97 65.12 65.25 65.38 65.47 65.50 65.50 65.47 65.31
45.75 46.09 46.38 46.72 47.16 47.62 48.06 48.47 48.84 49.34 49.84 50.34 50.84 51.31 51.75 52.16 52.56 52.97 53.38 53.88 54.41 54.88 55.31 55.81 56.22 56.59 56.91 57.31 57.62 58.09 58.50 58.84 59.19 59.50 59.81 60.12 60.44 60.84 61.16 61.44 61.69 61.94 62.16 62.44 62.69 63.06 63.34 63.66 63.91 64.09 64.22 64.28 64.31 64.31 64.31 64.31 64.31 64.34 64.34 64.38 64.44 64.44 64.47 64.50 64.56 64.66 64.75 64.84 64.97 65.09 65.22 65.31 65.41 65.44 65.44 65.38 65.25
45.72 45.97 46.22 46.59 47.03 47.53 47.97 48.38 48.81 49.22 49.69 50.19 50.69 51.16 51.59 52.03 52.47 52.91 53.31 53.75 54.31 54.75 55.06 55.66 56.06 56.31 56.81 57.19 57.56 57.91 58.31 58.69 59.06 59.41 59.78 60.09 60.50 60.81 61.19 61.44 61.69 61.91 62.09 62.41 62.69 63.00 63.31 63.56 63.78 63.97 64.09 64.19 64.22 64.25 64.25 64.22 64.22 64.25 64.25 64.31 64.28 64.34 64.38 64.44 64.56 64.66 64.75 64.84 64.97 65.03 65.12 65.22 65.28 65.28 65.28 65.22 65.09
45.56 45.91 46.19 46.59 46.97 47.41 47.88 48.31 48.75 49.16 49.56 50.06 50.53 51.03 51.50 51.97 52.44 52.88 53.28 53.69 54.12 54.62 55.00 55.50 55.91 56.31 56.66 57.00 57.34 57.72 58.12 58.44 58.94 59.34 59.62 60.06 60.47 60.81 61.16 61.44 61.66 61.84 62.00 62.31 62.59 62.91 63.19 63.44 63.56 63.81 63.94 64.00 64.09 64.12 64.16 64.16 64.16 64.16 64.19 64.19 64.22 64.22 64.28 64.38 64.47 64.59 64.69 64.78 64.88 64.91 64.97 65.03 65.06 65.09 65.06 65.03 64.91
45.50 45.84 46.28 46.62 47.00 47.31 47.78 48.25 48.66 49.09 49.53 49.94 50.47 50.94 51.44 51.94 52.38 52.91 53.25 53.72 54.16 54.56 54.97 55.41 55.78 56.12 56.50 56.88 57.22 57.62 58.00 58.41 58.81 59.16 59.59 60.00 60.50 60.84 61.16 61.41 61.59 61.78 61.97 62.25 62.50 62.78 63.03 63.19 63.44 63.62 63.66 63.84 63.91 63.97 64.00 64.03 64.06 64.09 64.09 64.16 64.16 64.16 64.25 64.31 64.34 64.50 64.59 64.66 64.72 64.75 64.78 64.78 64.81 64.84 64.84 64.72 64.69
45.44 45.88 46.16 46.53 46.94 47.34 47.75 48.09 48.56 48.94 49.47 49.84 50.41 50.94 51.44 51.94 52.41 52.84 53.28 53.69 54.09 54.44 54.91 55.31 55.66 56.03 56.41 56.75 57.12 57.50 57.91 58.31 58.72 59.12 59.50 60.00 60.34 60.81 61.09 61.31 61.50 61.72 61.97 62.19 62.44 62.72 62.94 63.09 63.28 63.44 63.56 63.72 63.81 63.84 63.91 63.97 64.03 64.03 64.06 64.09 64.12 64.12 64.19 64.22 64.31 64.38 64.47 64.50 64.56 64.56 64.56 64.56 64.56 64.56 64.53 64.50 64.41
45.25 45.81 46.16 46.50 46.91 47.22 47.69 48.09 48.47 48.91 49.38 49.88 50.34 50.84 51.38 51.84 52.31 52.75 53.16 53.59 54.03 54.38 54.81 55.19 55.56 55.94 56.28 56.62 57.00 57.34 57.75 58.16 58.62 59.06 59.44 59.91 60.31 60.69 61.03 61.28 61.47 61.72 61.97 62.25 62.44 62.66 62.88 63.03 63.22 63.38 63.50 63.62 63.72 63.78 63.88 63.94 63.97 64.00 64.03 64.03 64.06 64.06 64.12 64.16 64.19 64.28 64.31 64.34 64.38 64.38 64.41 64.38 64.38 64.34 64.31 64.28 64.22
45.28 45.66 46.03 46.44 46.81 47.22 47.62 48.03 48.38 48.78 49.31 49.72 50.28 50.78 51.22 51.72 52.22 52.72 53.16 53.59 53.97 54.34 54.75 55.06 55.47 55.84 56.19 56.50 56.91 57.28 57.72 58.12 58.56 58.94 59.41 59.81 60.16 60.56 60.97 61.22 61.50 61.78 62.06 62.28 62.50 62.69 62.88 63.03 63.19 63.31 63.44 63.56 63.66 63.75 63.84 63.88 63.94 63.97 63.97 64.00 64.00 64.00 64.03 64.06 64.12 64.19 64.19 64.22 64.25 64.25 64.25 64.25 64.25 64.22 64.16 64.12 64.09
45.09 45.50 45.94 46.31 46.72 47.06 47.56 47.97 48.34 48.75 49.19 49.75 50.16 50.66 51.19 51.72 52.25 52.72 53.12 53.59 54.00 54.28 54.69 55.00 55.34 55.72 56.09 56.44 56.81 57.19 57.59 58.06 58.47 58.91 59.28 59.75 60.16 60.53 60.88 61.25 61.66 61.94 62.19 62.38 62.56 62.72 62.91 63.06 63.22 63.38 63.50 63.59 63.69 63.75 63.81 63.88 63.91 63.94 63.94 63.94 63.97 63.97 64.00 64.03 64.03 64.09 64.09 64.12 64.16 64.16 64.16 64.16 64.16 64.12 64.09 64.03 63.97
44.94 45.38 45.81 46.12 46.62 47.06 47.50 47.88 48.31 48.78 49.19 49.72 50.16 50.66 51.22 51.72 52.19 52.75 53.19 53.62 53.97 54.31 54.62 54.97 55.28 55.66 56.00 56.31 56.62 57.03 57.50 57.94 58.34 58.81 59.25 59.59 60.09 60.47 60.88 61.28 61.78 62.12 62.34 62.47 62.62 62.78 62.94 63.12 63.28 63.41 63.50 63.62 63.69 63.78 63.81 63.84 63.88 63.88 63.91 63.91 63.91 63.94 63.97 64.00 64.00 64.03 64.03 64.03 64.03 64.06 64.06 64.06 64.06 64.03 64.00 63.97 63.91
44.81 45.25 45.72 46.16 46.59 47.03 47.47 47.88 48.38 48.78 49.22 49.69 50.16 50.69 51.22 51.69 52.19 52.69 53.12 53.59 53.97 54.22 54.62 54.94 55.25 55.59 55.88 56.19 56.59 57.00 57.44 57.84 58.31 58.72 59.16 59.62 60.00 60.47 61.03 61.38 61.91 62.25 62.47 62.66 62.78 62.91 63.00 63.16 63.34 63.50 63.59 63.72 63.75 63.81 63.84 63.84 63.88 63.88 63.88 63.91 63.91 63.94 63.97 63.97 64.00 64.00 64.00 64.00 64.00 64.00 64.00 64.00 64.00 63.97 63.94 63.88 63.84
44.72 45.19 45.56 46.12 46.56 46.97 47.41 47.91 48.41 48.84 49.34 49.78 50.31 50.72 51.28 51.72 52.22 52.69 53.19 53.59 53.94 54.28 54.59 54.91 55.19 55.50 55.81 56.16 56.53 56.94 57.34 57.72 58.22 58.62 59.09 59.56 60.06 60.59 61.03 61.62 62.03 62.34 62.59 62.75 62.88 63.00 63.12 63.31 63.47 63.59 63.72 63.78 63.84 63.88 63.91 63.91 63.88 63.88 63.88 63.91 63.94 63.97 64.00 64.03 64.03 64.03 64.00 64.00 63.97 63.97 63.94 63.94 63.91 63.91 63.88 63.84 63.81
44.66 45.12 45.59 46.00 46.50 47.06 47.50 48.06 48.56 49.03 49.50 49.97 50.34 50.88 51.25 51.75 52.28 52.75 53.19 53.56 53.88 54.25 54.56 54.88 55.19 55.50 55.81 56.12 56.44 56.84 57.25 57.75 58.16 58.69 59.09 59.59 60.09 60.59 61.16 61.72 62.12 62.44 62.69 62.84 62.97 63.09 63.28 63.44 63.53 63.69 63.78 63.84 63.91 63.94 63.94 63.94 63.91 63.88 63.88 63.94 63.97 64.03 64.09 64.12 64.09 64.12 64.06 64.03 64.00 63.94 63.91 63.88 63.88 63.88 63.84 63.81 63.78
44.56 45.03 45.44 46.00 46.53 47.16 47.72 48.22 48.69 49.22 49.66 50.09 50.53 50.91 51.34 51.75 52.28 52.72 53.12 53.53 53.81 54.22 54.56 54.84 55.16 55.47 55.81 56.12 56.44 56.84 57.28 57.78 58.19 58.75 59.22 59.66 60.12 60.62 61.22 61.78 62.22 62.53 62.78 62.94 63.09 63.25 63.38 63.50 63.62 63.72 63.81 63.88 63.91 63.94 63.94 63.94 63.94 63.91 63.94 64.00 64.03 64.16 64.22 64.25 64.28 64.25 64.19 64.06 64.00 63.94 63.88 63.84 63.84 63.84 63.84 63.84 63.81
44.47 44.94 45.50 45.97 46.56 47.16 47.81 48.44 48.97 49.50 49.94 50.34 50.66 50.97 51.38 51.78 52.25 52.66 53.09 53.47 53.84 54.19 54.50 54.84 55.16 55.50 55.81 56.16 56.50 56.88 57.31 57.78 58.28 58.81 59.22 59.78 60.28 60.66 61.28 61.84 62.28 62.59 62.84 63.03 63.19 63.38 63.50 63.59 63.69 63.75 63.78 63.84 63.88 63.91 63.91 63.91 63.94 63.94 64.00 64.03 64.12 64.25 64.34 64.44 64.44 64.41 64.28 64.19 64.03 63.94 63.88 63.84 63.81 63.81 63.84 63.84 63.91
44.38 44.97 45.47 46.09 46.62 47.22 48.00 48.50 49.28 49.78 50.19 50.50 50.81 51.03 51.44 51.78 52.22 52.59 52.94 53.41 53.78 54.16 54.50 54.84 55.19 55.50 55.84 56.19 56.59 56.94 57.44 57.84 58.41 58.84 59.38 59.88 60.31 60.91 61.34 61.88 62.31 62.66 62.97 63.19 63.34 63.47 63.56 63.62 63.69 63.72 63.75 63.78 63.78 63.81 63.84 63.84 63.91 63.94 64.00 64.06 64.19 64.31 64.44 64.53 64.56 64.53 64.41 64.25 64.06 63.94 63.88 63.84 63.81 63.84 63.88 63.91 64.00
44.41 44.88 45.47 46.16 46.72 47.34 48.22 48.91 49.50 50.00 50.34 50.59 50.91 51.12 51.44 51.81 52.16 52.53 52.94 53.34 53.72 54.09 54.47 54.84 55.19 55.53 55.88 56.28 56.72 57.12 57.56 57.97 58.47 58.97 59.41 59.94 60.44 60.97 61.44 61.91 62.34 62.75 63.06 63.28 63.44 63.53 63.62 63.69 63.69 63.69 63.69 63.69 63.69 63.69 63.72 63.78 63.84 63.91 63.97 64.09 64.22 64.34 64.47 64.59 64.59 64.56 64.44 64.31 64.12 63.94 63.88 63.84 63.84 63.88 63.91 64.00 64.12
44.41 45.00 45.59 46.09 46.75 47.47 48.38 49.09 49.66 50.06 50.47 50.72 50.97 51.19 51.44 51.78 52.16 52.56 52.97 53.41 53.75 54.16 54.47 54.88 55.22 55.59 56.03 56.44 56.84 57.28 57.72 58.09 58.56 59.00 59.53 59.97 60.44 61.03 61.44 61.97 62.41 62.78 63.12 63.38 63.53 63.62 63.66 63.66 63.66 63.62 63.56 63.53 63.53 63.56 63.62 63.72 63.78 63.84 63.94 64.06 64.19 64.34 64.47 64.56 64.59 64.56 64.44 64.31 64.09 63.97 63.88 63.84 63.84 63.91 64.03 64.09 64.28
44.53 45.03 45.62 46.28 46.91 47.78 48.53 49.06 49.69 50.16 50.50 50.78 51.00 51.22 51.50 51.81 52.19 52.59 53.03 53.44 53.78 54.16 54.56 54.94 55.28 55.69 56.16 56.56 57.00 57.44 57.91 58.25 58.66 59.22 59.59 60.12 60.53 60.97 61.56 62.03 62.44 62.84 63.16 63.44 63.56 63.66 63.66 63.62 63.56 63.50 63.38 63.34 63.38 63.41 63.53 63.62 63.69 63.78 63.88 64.03 64.16 64.28 64.41 64.50 64.50 64.50 64.41 64.28 64.12 63.94 63.88 63.88 63.88 64.00 64.12 64.25 64.38
44.56 45.16 45.91 46.59 47.34 48.06 48.59 49.25 49.78 50.22 50.53 50.84 51.06 51.25 51.53 51.91 52.25 52.66 53.00 53.50 53.88 54.25 54.66 54.97 55.41 55.84 56.28 56.75 57.19 57.62 58.09 58.53 58.84 59.38 59.84 60.25 60.69 61.00 61.44 62.00 62.47 62.84 63.19 63.44 63.59 63.66 63.62 63.53 63.34 63.31 63.25 63.22 63.25 63.34 63.44 63.50 63.62 63.72 63.84 63.94 64.09 64.19 64.28 64.34 64.38 64.38 64.31 64.19 64.06 63.91 63.88 63.88 63.94 64.06 64.19 64.34 64.44
44.81 45.38 46.06 46.91 47.62 48.12 48.91 49.38 49.91 50.34 50.56 50.84 51.06 51.28 51.62 51.91 52.28 52.66 53.16 53.59 54.00 54.41 54.75 55.06 55.50 55.88 56.44 56.91 57.38 57.84 58.31 58.75 59.06 59.59 60.00 60.31 60.72 61.09 61.44 61.91 62.38 62.81 63.16 63.41 63.53 63.56 63.53 63.41 63.16 63.12 63.03 63.03 63.16 63.22 63.31 63.44 63.53 63.66 63.72 63.84 63.97 64.03 64.09 64.19 64.19 64.19 64.16 64.06 64.00 63.88 63.88 63.91 63.97 64.12 64.25 64.44 64.50
45.22 45.81 46.47 47.12 47.62 48.50 49.12 49.50 50.06 50.34 50.72 51.00 51.22 51.41 51.66 51.97 52.38 52.72 53.22 53.66 54.09 54.53 54.88 55.25 55.53 56.00 56.41 57.00 57.53 58.00 58.50 58.97 59.38 59.75 60.12 60.44 60.81 61.09 61.56 61.97 62.34 62.75 63.09 63.31 63.44 63.44 63.38 63.25 63.06 62.88 62.88 62.94 63.00 63.12 63.25 63.34 63.44 63.56 63.66 63.72 63.81 63.84 63.94 64.00 64.00 64.03 64.00 63.94 63.88 63.88 63.88 63.91 64.00 64.16 64.28 64.47 64.53
45.50 46.16 46.69 47.34 47.84 48.66 49.19 49.78 50.22 50.56 50.84 51.09 51.25 51.44 51.75 52.03 52.38 52.78 53.22 53.72 54.09 54.56 55.00 55.34 55.72 56.16 56.50 57.06 57.56 58.06 58.53 59.06 59.50 59.91 60.25 60.56 60.84 61.19 61.50 61.88 62.28 62.66 62.97 63.16 63.25 63.25 63.16 63.00 62.84 62.78 62.75 62.78 62.91 63.00 63.12 63.25 63.38 63.47 63.53 63.62 63.66 63.69 63.75 63.78 63.84 63.81 63.81 63.81 63.81 63.81 63.84 63.91 64.03 64.16 64.31 64.47 64.50
45.66 46.31 46.91 47.53 48.16 48.78 49.28 49.94 50.38 50.72 51.00 51.22 51.44 51.62 51.81 52.09 52.41 52.81 53.25 53.75 54.19 54.59 55.00 55.38 55.81 56.16 56.62 57.09 57.62 58.09 58.59 59.06 59.53 59.91 60.31 60.62 60.91 61.16 61.53 61.84 62.22 62.56 62.78 62.91 63.00 63.00 62.91 62.75 62.66 62.62 62.59 62.69 62.75 62.88 63.03 63.16 63.28 63.38 63.44 63.50 63.56 63.59 63.66 63.69 63.72 63.72 63.75 63.75 63.75 63.78 63.81 63.88 64.00 64.16 64.31 64.44 64.47
45.72 46.34 46.94 47.56 48.09 48.81 49.38 49.91 50.44 50.84 51.12 51.34 51.56 51.75 51.94 52.19 52.47 52.91 53.31 53.69 54.12 54.59 55.06 55.53 55.91 56.22 56.66 57.16 57.62 58.06 58.56 59.09 59.53 59.97 60.31 60.62 60.91 61.22 61.47 61.78 62.09 62.38 62.53 62.62 62.69 62.72 62.62 62.56 62.53 62.50 62.53 62.56 62.66 62.78 62.94 63.03 63.16 63.25 63.34 63.41 63.47 63.53 63.56 63.62 63.62 63.62 63.66 63.66 63.66 63.69 63.78 63.84 63.94 64.06 64.28 64.41 64.44
