everonasctiles/Tile[3,46].asc
ncols 128
nrows 128
xllcorner 0
yllcorner 0
cellsize 2.0
NODATA_value  -9999
[rows 70 to 104 of 128, columns 0 to 78 of 128]
-17.91 -16.84 -15.88 -14.97 -14.09 -13.16 -12.41 -11.66 -11.03 -10.47 -10.16 -9.97 -9.78 -9.59 -9.41 -9.28 -9.16 -9.03 -8.94 -8.84 -8.72 -8.53 -8.50 -8.38 -8.31 -8.25 -8.25 -8.25 -8.25 -8.25 -8.25 -8.25 -8.25 -8.25 -8.25 -8.25 -8.22 -8.19 -8.16 -8.09 -7.94 -7.84 -7.72 -7.56 -7.34 -7.12 -6.91 -6.69 -6.44 -6.22 -5.97 -5.72 -5.47 -5.09 -4.22 -3.75 -3.38 -3.03 -2.69 -2.38 -2.03 -1.69 -1.28 -0.88 -0.44 0.03 0.53 1.03 1.41 1.66 1.91 2.22 2.53 2.88 3.25 3.59 3.97 4.31 4.62
-17.47 -16.44 -15.41 -14.53 -13.69 -12.78 -12.03 -11.28 -10.69 -10.16 -9.94 -9.72 -9.56 -9.38 -9.22 -9.09 -8.97 -8.84 -8.75 -8.62 -8.50 -8.38 -8.22 -8.12 -8.06 -8.06 -8.06 -8.06 -8.06 -8.09 -8.09 -8.09 -8.09 -8.09 -8.09 -8.06 -8.06 -8.03 -8.00 -7.91 -7.78 -7.66 -7.53 -7.34 -7.12 -6.91 -6.72 -6.47 -6.25 -6.03 -5.78 -5.56 -5.25 -4.56 -3.94 -3.56 -3.19 -2.84 -2.50 -2.19 -1.88 -1.50 -1.12 -0.72 -0.28 0.22 0.72 1.22 1.66 1.91 2.19 2.47 2.81 3.12 3.47 3.81 4.12 4.44 4.72
-17.09 -16.00 -15.00 -14.16 -13.28 -12.41 -11.66 -11.00 -10.38 -9.91 -9.72 -9.50 -9.34 -9.19 -9.00 -8.91 -8.75 -8.66 -8.53 -8.41 -8.31 -8.12 -7.97 -7.91 -7.88 -7.88 -7.91 -7.91 -7.94 -7.94 -7.94 -7.94 -7.94 -7.94 -7.94 -7.94 -7.91 -7.88 -7.84 -7.75 -7.62 -7.47 -7.31 -7.12 -6.94 -6.72 -6.50 -6.28 -6.06 -5.84 -5.62 -5.34 -4.81 -4.16 -3.72 -3.34 -3.00 -2.66 -2.31 -2.03 -1.72 -1.34 -0.97 -0.56 -0.09 0.38 0.88 1.44 1.88 2.19 2.47 2.78 3.09 3.44 3.75 4.06 4.38 4.62 4.88
-16.69 -15.66 -14.66 -13.72 -12.84 -12.03 -11.31 -10.72 -10.16 -9.81 -9.53 -9.28 -9.19 -9.00 -8.81 -8.72 -8.56 -8.44 -8.34 -8.22 -8.06 -7.88 -7.78 -7.72 -7.72 -7.75 -7.75 -7.78 -7.78 -7.78 -7.81 -7.81 -7.81 -7.81 -7.78 -7.78 -7.75 -7.72 -7.69 -7.59 -7.44 -7.28 -7.12 -6.91 -6.72 -6.53 -6.31 -6.09 -5.88 -5.66 -5.44 -5.00 -4.38 -3.88 -3.50 -3.12 -2.78 -2.47 -2.16 -1.88 -1.56 -1.22 -0.84 -0.44 0.03 0.53 1.06 1.59 2.12 2.47 2.78 3.12 3.44 3.78 4.09 4.38 4.66 4.91 5.09
-16.34 -15.31 -14.31 -13.41 -12.47 -11.72 -11.00 -10.34 -9.84 -9.59 -9.44 -9.19 -8.97 -8.84 -8.69 -8.56 -8.41 -8.28 -8.16 -8.03 -7.81 -7.66 -7.59 -7.56 -7.59 -7.59 -7.62 -7.62 -7.66 -7.66 -7.66 -7.69 -7.69 -7.66 -7.66 -7.62 -7.62 -7.56 -7.50 -7.41 -7.25 -7.06 -6.91 -6.72 -6.50 -6.31 -6.09 -5.91 -5.69 -5.47 -5.19 -4.56 -4.00 -3.59 -3.25 -2.91 -2.59 -2.28 -2.00 -1.72 -1.44 -1.09 -0.72 -0.31 0.16 0.66 1.19 1.75 2.34 2.75 3.12 3.47 3.84 4.16 4.50 4.78 5.03 5.25 5.41
-15.97 -14.97 -14.03 -13.09 -12.25 -11.47 -10.78 -10.16 -9.66 -9.38 -9.28 -9.16 -8.91 -8.69 -8.53 -8.41 -8.25 -8.16 -8.00 -7.81 -7.59 -7.47 -7.44 -7.44 -7.44 -7.47 -7.47 -7.50 -7.53 -7.53 -7.53 -7.53 -7.53 -7.53 -7.50 -7.50 -7.44 -7.41 -7.31 -7.19 -7.03 -6.84 -6.69 -6.50 -6.31 -6.09 -5.91 -5.72 -5.50 -5.28 -4.84 -4.12 -3.69 -3.34 -3.00 -2.69 -2.38 -2.09 -1.84 -1.56 -1.31 -1.00 -0.62 -0.19 0.28 0.78 1.31 1.91 2.50 3.03 3.47 3.88 4.25 4.62 4.94 5.22 5.47 5.66 5.81
-15.53 -14.66 -13.66 -12.84 -12.03 -11.28 -10.66 -10.12 -9.56 -9.28 -9.06 -8.94 -8.81 -8.62 -8.47 -8.34 -8.19 -8.00 -7.81 -7.62 -7.44 -7.34 -7.31 -7.31 -7.31 -7.34 -7.34 -7.38 -7.38 -7.41 -7.41 -7.41 -7.41 -7.38 -7.34 -7.31 -7.28 -7.22 -7.12 -6.97 -6.81 -6.62 -6.47 -6.28 -6.09 -5.91 -5.72 -5.50 -5.31 -5.03 -4.34 -3.81 -3.44 -3.12 -2.78 -2.50 -2.22 -1.94 -1.69 -1.44 -1.19 -0.91 -0.53 -0.12 0.38 0.88 1.44 2.03 2.66 3.28 3.81 4.28 4.72 5.09 5.44 5.75 5.97 6.16 6.28
-15.19 -14.34 -13.44 -12.62 -11.91 -11.22 -10.66 -10.09 -9.59 -9.31 -9.03 -8.81 -8.72 -8.56 -8.38 -8.22 -8.03 -7.81 -7.66 -7.44 -7.25 -7.19 -7.19 -7.19 -7.19 -7.19 -7.22 -7.22 -7.25 -7.25 -7.25 -7.22 -7.22 -7.19 -7.16 -7.12 -7.09 -7.00 -6.88 -6.75 -6.56 -6.41 -6.25 -6.06 -5.88 -5.69 -5.50 -5.31 -5.06 -4.59 -3.94 -3.56 -3.22 -2.91 -2.59 -2.31 -2.06 -1.81 -1.56 -1.34 -1.09 -0.81 -0.47 -0.06 0.44 0.97 1.53 2.16 2.78 3.44 4.09 4.66 5.19 5.66 6.03 6.34 6.56 6.69 6.81
-14.91 -14.19 -13.38 -12.56 -11.88 -11.25 -10.69 -10.16 -9.66 -9.38 -9.03 -8.72 -8.53 -8.44 -8.31 -8.16 -7.97 -7.75 -7.53 -7.22 -7.06 -7.03 -7.03 -7.03 -7.03 -7.03 -7.03 -7.06 -7.06 -7.06 -7.06 -7.06 -7.03 -7.03 -7.00 -6.97 -6.91 -6.78 -6.66 -6.50 -6.34 -6.19 -6.03 -5.84 -5.66 -5.50 -5.28 -5.09 -4.69 -4.09 -3.66 -3.31 -3.00 -2.72 -2.44 -2.16 -1.91 -1.66 -1.44 -1.22 -1.00 -0.72 -0.41 0.00 0.50 1.06 1.66 2.25 2.88 3.53 4.28 5.03 5.72 6.28 6.69 7.00 7.19 7.31 7.38
-14.72 -14.03 -13.22 -12.44 -11.75 -11.09 -10.59 -10.09 -9.75 -9.47 -9.12 -8.75 -8.47 -8.31 -8.12 -8.00 -7.88 -7.69 -7.41 -7.06 -6.94 -6.91 -6.91 -6.91 -6.91 -6.91 -6.91 -6.91 -6.91 -6.91 -6.91 -6.88 -6.88 -6.84 -6.81 -6.75 -6.69 -6.56 -6.41 -6.28 -6.12 -5.97 -5.81 -5.62 -5.44 -5.28 -5.09 -4.78 -4.19 -3.72 -3.41 -3.09 -2.78 -2.50 -2.25 -2.00 -1.78 -1.53 -1.31 -1.09 -0.88 -0.62 -0.31 0.03 0.59 1.22 1.78 2.34 2.91 3.56 4.38 5.31 6.22 6.94 7.44 7.72 7.88 7.97 8.00
-14.53 -13.84 -13.16 -12.38 -11.62 -11.00 -10.56 -10.16 -9.81 -9.53 -9.16 -8.78 -8.50 -8.25 -8.06 -7.88 -7.72 -7.59 -7.22 -6.91 -6.81 -6.78 -6.78 -6.78 -6.78 -6.78 -6.75 -6.75 -6.75 -6.75 -6.72 -6.72 -6.72 -6.69 -6.62 -6.56 -6.44 -6.31 -6.19 -6.03 -5.91 -5.75 -5.59 -5.41 -5.25 -5.06 -4.84 -4.28 -3.78 -3.41 -3.09 -2.81 -2.56 -2.31 -2.06 -1.84 -1.62 -1.41 -1.19 -0.97 -0.75 -0.53 -0.19 0.19 0.72 1.47 1.94 2.41 2.94 3.50 4.28 5.50 6.84 7.75 8.25 8.47 8.59 8.62 8.59
-14.34 -13.69 -12.97 -12.28 -11.53 -10.91 -10.50 -10.16 -9.84 -9.56 -9.22 -8.84 -8.53 -8.25 -8.03 -7.88 -7.66 -7.38 -7.00 -6.78 -6.69 -6.69 -6.69 -6.69 -6.66 -6.66 -6.66 -6.62 -6.59 -6.59 -6.59 -6.56 -6.53 -6.47 -6.41 -6.34 -6.22 -6.09 -5.97 -5.81 -5.69 -5.53 -5.38 -5.19 -5.03 -4.81 -4.38 -3.84 -3.44 -3.12 -2.84 -2.56 -2.31 -2.09 -1.91 -1.69 -1.50 -1.28 -1.06 -0.84 -0.62 -0.41 -0.06 0.41 1.03 1.66 2.06 2.50 2.94 3.41 4.09 5.53 7.75 8.75 9.09 9.22 9.25 9.22 9.12
-14.28 -13.59 -12.94 -12.28 -11.53 -10.91 -10.50 -10.12 -9.81 -9.53 -9.25 -8.97 -8.59 -8.28 -8.03 -7.81 -7.62 -7.19 -6.78 -6.62 -6.59 -6.56 -6.56 -6.56 -6.56 -6.56 -6.53 -6.50 -6.50 -6.47 -6.44 -6.38 -6.34 -6.28 -6.22 -6.09 -6.00 -5.88 -5.75 -5.59 -5.47 -5.31 -5.16 -5.00 -4.81 -4.41 -3.84 -3.44 -3.12 -2.84 -2.59 -2.34 -2.12 -1.94 -1.72 -1.53 -1.34 -1.16 -0.94 -0.72 -0.50 -0.25 0.12 0.69 1.31 1.75 2.16 2.59 3.03 3.41 4.19 6.44 8.72 9.41 9.66 9.78 9.78 9.69 9.50
-14.19 -13.56 -12.88 -12.22 -11.50 -10.94 -10.50 -10.12 -9.75 -9.44 -9.25 -8.94 -8.59 -8.28 -8.00 -7.78 -7.47 -7.03 -6.66 -6.50 -6.47 -6.47 -6.47 -6.47 -6.44 -6.44 -6.41 -6.38 -6.34 -6.28 -6.25 -6.19 -6.16 -6.06 -6.00 -5.88 -5.78 -5.66 -5.53 -5.41 -5.25 -5.09 -4.97 -4.81 -4.44 -3.84 -3.44 -3.16 -2.88 -2.59 -2.38 -2.16 -1.97 -1.75 -1.56 -1.38 -1.19 -1.00 -0.78 -0.56 -0.34 -0.06 0.34 0.91 1.44 1.81 2.22 2.66 3.03 3.44 4.91 8.03 9.19 9.56 9.72 9.78 9.78 9.62 9.44
-14.16 -13.56 -12.91 -12.22 -11.53 -10.97 -10.50 -10.09 -9.72 -9.38 -9.16 -8.84 -8.50 -8.19 -7.91 -7.69 -7.28 -6.84 -6.56 -6.41 -6.38 -6.34 -6.34 -6.34 -6.31 -6.28 -6.25 -6.22 -6.16 -6.12 -6.06 -6.00 -5.94 -5.84 -5.75 -5.66 -5.53 -5.44 -5.31 -5.19 -5.03 -4.88 -4.75 -4.47 -3.84 -3.47 -3.19 -2.91 -2.66 -2.41 -2.19 -1.97 -1.78 -1.59 -1.41 -1.22 -1.03 -0.84 -0.62 -0.38 -0.16 0.12 0.50 1.00 1.38 1.75 2.16 2.53 2.84 3.31 7.00 8.94 9.44 9.62 9.75 9.78 9.75 9.59 9.41
-14.22 -13.62 -12.91 -12.19 -11.53 -10.97 -10.50 -10.06 -9.69 -9.34 -9.06 -8.78 -8.38 -8.06 -7.75 -7.47 -7.06 -6.62 -6.41 -6.28 -6.22 -6.19 -6.16 -6.16 -6.12 -6.09 -6.06 -6.03 -5.97 -5.91 -5.84 -5.78 -5.72 -5.62 -5.53 -5.41 -5.31 -5.19 -5.09 -4.94 -4.81 -4.69 -4.47 -3.91 -3.50 -3.22 -2.94 -2.69 -2.44 -2.22 -2.00 -1.81 -1.62 -1.44 -1.25 -1.06 -0.88 -0.69 -0.47 -0.19 0.06 0.31 0.59 0.84 1.16 1.50 1.84 2.12 2.09 4.69 8.69 9.34 9.56 9.69 9.78 9.81 9.72 9.56 9.38
-14.16 -13.56 -12.94 -12.22 -11.62 -11.03 -10.50 -10.06 -9.62 -9.25 -8.94 -8.62 -8.25 -7.91 -7.59 -7.25 -6.78 -6.41 -6.19 -6.06 -6.00 -5.97 -5.97 -5.97 -5.94 -5.91 -5.88 -5.84 -5.78 -5.72 -5.66 -5.56 -5.47 -5.38 -5.28 -5.19 -5.09 -4.97 -4.84 -4.72 -4.59 -4.44 -4.00 -3.53 -3.22 -2.97 -2.69 -2.47 -2.22 -2.03 -1.84 -1.66 -1.47 -1.28 -1.12 -0.91 -0.72 -0.50 -0.25 0.03 0.28 0.53 0.66 0.72 0.84 0.97 1.25 1.50 1.16 7.91 9.22 9.50 9.62 9.75 9.81 9.81 9.72 9.56 9.38
-14.12 -13.53 -12.94 -12.31 -11.72 -11.09 -10.56 -10.03 -9.62 -9.22 -8.78 -8.41 -8.06 -7.72 -7.38 -6.94 -6.50 -6.16 -5.91 -5.78 -5.69 -5.66 -5.66 -5.72 -5.75 -5.72 -5.66 -5.59 -5.56 -5.50 -5.44 -5.34 -5.22 -5.12 -5.03 -4.94 -4.84 -4.75 -4.62 -4.50 -4.38 -4.03 -3.56 -3.22 -2.97 -2.72 -2.47 -2.25 -2.03 -1.84 -1.66 -1.50 -1.31 -1.12 -0.94 -0.75 -0.53 -0.28 -0.03 0.28 0.56 0.75 0.75 0.78 0.81 0.88 1.12 0.34 3.56 8.59 9.44 9.59 9.69 9.78 9.84 9.84 9.72 9.59 9.41
-13.97 -13.38 -12.84 -12.28 -11.66 -11.03 -10.44 -9.91 -9.50 -9.09 -8.66 -8.28 -7.94 -7.62 -7.28 -6.69 -6.22 -5.91 -5.62 -5.44 -5.31 -5.28 -5.31 -5.41 -5.50 -5.50 -5.44 -5.34 -5.28 -5.19 -5.09 -5.00 -4.94 -4.84 -4.78 -4.69 -4.62 -4.53 -4.41 -4.28 -4.06 -3.59 -3.22 -2.97 -2.72 -2.47 -2.25 -2.03 -1.84 -1.66 -1.50 -1.31 -1.16 -0.97 -0.78 -0.56 -0.34 -0.06 0.22 0.59 0.84 0.88 0.91 0.91 0.94 1.00 0.31 0.19 6.47 9.12 9.53 9.66 9.75 9.81 9.88 9.84 9.75 9.62 9.47
-13.84 -13.25 -12.78 -12.25 -11.66 -11.00 -10.31 -9.75 -9.31 -8.91 -8.50 -8.22 -7.94 -7.66 -7.06 -6.47 -6.00 -5.66 -5.34 -5.09 -4.94 -4.88 -4.94 -5.09 -5.22 -5.25 -5.16 -5.03 -4.88 -4.72 -4.62 -4.56 -4.53 -4.50 -4.47 -4.44 -4.38 -4.28 -4.19 -4.03 -3.62 -3.25 -2.97 -2.72 -2.47 -2.25 -2.03 -1.84 -1.69 -1.50 -1.31 -1.16 -0.97 -0.78 -0.59 -0.38 -0.09 0.19 0.56 0.94 1.03 1.03 1.06 1.06 1.09 0.88 -0.44 2.94 7.88 9.50 9.62 9.72 9.78 9.84 9.91 9.88 9.81 9.69 9.56
-13.84 -13.25 -12.78 -12.28 -11.72 -11.00 -10.28 -9.72 -9.25 -8.78 -8.44 -8.16 -7.84 -7.56 -6.84 -6.25 -5.81 -5.41 -5.06 -4.78 -4.53 -4.38 -4.38 -4.56 -4.75 -4.84 -4.72 -4.53 -4.34 -4.19 -4.12 -4.12 -4.16 -4.19 -4.19 -4.19 -4.16 -4.06 -3.97 -3.66 -3.28 -3.00 -2.75 -2.53 -2.28 -2.06 -1.88 -1.66 -1.50 -1.34 -1.16 -0.97 -0.78 -0.62 -0.41 -0.16 0.16 0.53 0.97 1.19 1.22 1.25 1.25 1.28 1.22 0.12 0.75 6.09 9.28 9.59 9.69 9.75 9.81 9.88 9.94 9.94 9.88 9.78 9.66
-13.88 -13.28 -12.78 -12.22 -11.66 -11.00 -10.19 -9.69 -9.22 -8.78 -8.44 -8.09 -7.78 -7.34 -6.62 -6.09 -5.69 -5.22 -4.81 -4.41 -4.09 -3.84 -3.78 -3.91 -4.06 -4.22 -4.12 -3.88 -3.69 -3.56 -3.56 -3.69 -3.78 -3.88 -3.91 -3.94 -3.94 -3.88 -3.66 -3.34 -3.03 -2.75 -2.53 -2.28 -2.06 -1.88 -1.69 -1.50 -1.31 -1.16 -1.00 -0.81 -0.62 -0.41 -0.19 0.09 0.47 0.94 1.28 1.41 1.44 1.47 1.47 1.44 0.84 0.12 3.88 8.47 9.59 9.66 9.75 9.81 9.84 9.91 9.97 9.97 9.94 9.88 9.75
-13.88 -13.31 -12.75 -12.25 -11.66 -10.97 -10.09 -9.53 -9.00 -8.62 -8.31 -8.03 -7.75 -7.16 -6.38 -6.00 -5.59 -5.09 -4.56 -4.00 -3.62 -3.34 -3.16 -3.19 -3.34 -3.44 -3.41 -3.12 -2.91 -2.88 -3.00 -3.25 -3.44 -3.56 -3.66 -3.72 -3.75 -3.62 -3.38 -3.00 -2.72 -2.47 -2.22 -2.03 -1.84 -1.66 -1.50 -1.31 -1.16 -1.00 -0.81 -0.62 -0.41 -0.19 0.06 0.41 0.84 1.31 1.53 1.66 1.72 1.72 1.69 1.22 0.16 2.50 7.53 9.62 9.69 9.75 9.78 9.84 9.88 9.94 9.97 10.00 10.00 9.94 9.88
-13.91 -13.31 -12.75 -12.16 -11.50 -10.75 -9.84 -9.28 -8.78 -8.44 -8.16 -7.91 -7.56 -6.84 -6.19 -5.91 -5.59 -5.09 -4.41 -3.78 -3.28 -2.91 -2.72 -2.59 -2.59 -2.66 -2.59 -2.41 -2.25 -2.25 -2.50 -2.81 -3.12 -3.31 -3.47 -3.53 -3.56 -3.34 -2.97 -2.69 -2.44 -2.22 -2.03 -1.81 -1.62 -1.47 -1.28 -1.12 -0.97 -0.81 -0.62 -0.44 -0.19 0.03 0.31 0.75 1.31 1.59 1.78 1.94 2.00 1.97 1.56 0.28 2.03 7.12 9.66 9.69 9.75 9.78 9.84 9.88 9.91 9.94 9.97 10.03 10.03 10.03 9.97
-13.84 -13.28 -12.62 -11.94 -11.25 -10.47 -9.59 -9.06 -8.72 -8.38 -8.09 -7.81 -7.41 -6.59 -6.06 -5.84 -5.62 -5.19 -4.47 -3.69 -3.03 -2.62 -2.34 -2.06 -1.94 -1.94 -1.94 -1.81 -1.69 -1.78 -2.09 -2.44 -2.84 -3.12 -3.34 -3.41 -3.31 -2.97 -2.72 -2.50 -2.28 -2.09 -1.88 -1.66 -1.47 -1.31 -1.12 -0.97 -0.78 -0.62 -0.44 -0.22 0.03 0.28 0.66 1.22 1.59 1.84 2.03 2.25 2.31 1.94 0.56 2.44 7.09 9.50 9.75 9.78 9.81 9.84 9.88 9.91 9.94 9.97 10.00 10.03 10.06 10.09 10.06
-13.81 -13.25 -12.59 -11.94 -11.25 -10.41 -9.56 -8.94 -8.53 -8.25 -7.97 -7.66 -7.19 -6.38 -5.97 -5.78 -5.62 -5.28 -4.59 -3.72 -2.91 -2.34 -1.97 -1.62 -1.44 -1.34 -1.38 -1.41 -1.38 -1.47 -1.78 -2.16 -2.66 -3.00 -3.22 -3.25 -3.03 -2.75 -2.53 -2.34 -2.16 -1.94 -1.75 -1.53 -1.34 -1.16 -0.97 -0.81 -0.62 -0.41 -0.22 0.00 0.28 0.59 1.09 1.44 1.72 2.09 2.31 2.53 2.25 1.09 3.47 7.22 9.31 9.78 9.81 9.84 9.84 9.88 9.88 9.91 9.94 9.94 9.97 10.00 10.03 10.06 10.09
-13.81 -13.19 -12.53 -11.84 -11.09 -10.28 -9.59 -9.09 -8.59 -8.19 -7.88 -7.56 -6.97 -6.22 -5.94 -5.75 -5.59 -5.25 -4.59 -3.66 -2.81 -2.12 -1.69 -1.25 -0.97 -0.81 -0.91 -1.09 -1.25 -1.34 -1.66 -2.03 -2.47 -2.84 -3.06 -2.97 -2.75 -2.56 -2.38 -2.19 -2.00 -1.81 -1.59 -1.38 -1.19 -1.00 -0.81 -0.62 -0.44 -0.25 0.00 0.22 0.59 1.03 1.38 1.53 1.81 2.34 2.56 2.41 2.22 4.59 7.56 9.38 9.81 9.81 9.84 9.84 9.84 9.88 9.88 9.91 9.91 9.94 9.97 10.00 10.03 10.06 10.09
-13.75 -13.03 -12.34 -11.62 -10.84 -10.12 -9.59 -9.09 -8.66 -8.22 -7.88 -7.47 -6.66 -6.12 -5.91 -5.72 -5.38 -4.97 -4.38 -3.47 -2.66 -2.00 -1.47 -1.03 -0.66 -0.50 -0.62 -0.84 -1.12 -1.38 -1.66 -2.03 -2.38 -2.66 -2.75 -2.59 -2.47 -2.34 -2.22 -2.06 -1.84 -1.66 -1.44 -1.25 -1.03 -0.81 -0.62 -0.47 -0.28 -0.03 0.22 0.53 1.00 1.34 1.50 1.69 1.97 2.50 2.41 3.31 6.41 8.50 9.59 9.78 9.81 9.81 9.81 9.84 9.84 9.84 9.84 9.88 9.88 9.91 9.94 9.97 10.00 10.03 10.06
-13.69 -12.91 -12.22 -11.50 -10.78 -10.12 -9.56 -9.09 -8.59 -8.16 -7.78 -7.25 -6.47 -6.06 -5.88 -5.47 -5.06 -4.56 -4.00 -3.25 -2.50 -1.84 -1.34 -0.94 -0.56 -0.44 -0.53 -0.78 -1.16 -1.47 -1.78 -2.06 -2.28 -2.44 -2.44 -2.28 -2.19 -2.09 -2.03 -1.88 -1.72 -1.50 -1.28 -1.06 -0.84 -0.66 -0.44 -0.25 -0.06 0.19 0.50 0.91 1.31 1.53 1.69 1.84 2.06 2.12 3.28 8.31 9.75 9.75 9.72 9.72 9.75 9.78 9.78 9.81 9.81 9.81 9.81 9.84 9.84 9.88 9.91 9.91 9.94 9.97 10.03
-13.62 -12.88 -12.12 -11.38 -10.75 -10.09 -9.50 -8.97 -8.53 -8.09 -7.59 -7.00 -6.31 -6.00 -5.72 -5.25 -4.75 -4.16 -3.59 -2.97 -2.28 -1.69 -1.22 -0.84 -0.66 -0.56 -0.66 -0.88 -1.19 -1.50 -1.78 -2.00 -2.19 -2.28 -2.19 -2.03 -1.94 -1.91 -1.84 -1.72 -1.56 -1.34 -1.12 -0.91 -0.69 -0.47 -0.25 -0.06 0.16 0.44 0.81 1.31 1.53 1.69 1.91 2.03 1.91 2.41 6.41 10.03 9.69 9.59 9.62 9.66 9.72 9.72 9.75 9.75 9.78 9.78 9.78 9.81 9.81 9.84 9.84 9.88 9.91 9.94 9.97
-13.59 -12.88 -12.16 -11.41 -10.75 -10.09 -9.47 -8.84 -8.34 -7.94 -7.38 -6.75 -6.25 -5.97 -5.62 -5.09 -4.47 -3.84 -3.38 -2.78 -2.12 -1.50 -1.00 -0.72 -0.66 -0.62 -0.78 -0.91 -1.09 -1.34 -1.56 -1.69 -1.88 -2.03 -2.03 -1.91 -1.81 -1.72 -1.66 -1.56 -1.41 -1.22 -1.00 -0.75 -0.50 -0.28 -0.03 0.16 0.41 0.72 1.22 1.59 1.78 1.94 2.12 2.09 1.66 3.81 8.59 9.59 9.47 9.50 9.56 9.62 9.66 9.69 9.72 9.72 9.72 9.75 9.75 9.75 9.78 9.78 9.81 9.84 9.88 9.91 9.94
-13.75 -13.00 -12.22 -11.50 -10.81 -10.16 -9.50 -8.81 -8.25 -7.69 -7.12 -6.59 -6.19 -5.94 -5.56 -4.97 -4.28 -3.72 -3.25 -2.75 -2.09 -1.44 -0.94 -0.72 -0.59 -0.62 -0.69 -0.81 -0.94 -1.12 -1.25 -1.34 -1.47 -1.69 -1.81 -1.81 -1.69 -1.62 -1.56 -1.44 -1.28 -1.09 -0.84 -0.59 -0.34 -0.09 0.16 0.41 0.66 1.09 1.59 1.84 2.06 2.22 2.28 1.91 2.47 6.25 9.47 9.31 9.34 9.44 9.50 9.56 9.59 9.62 9.66 9.66 9.66 9.69 9.69 9.72 9.72 9.75 9.78 9.78 9.81 9.84 9.88
-13.88 -13.09 -12.31 -11.53 -10.81 -10.12 -9.47 -8.84 -8.25 -7.56 -6.94 -6.47 -6.19 -5.94 -5.56 -5.00 -4.31 -3.72 -3.22 -2.78 -2.25 -1.56 -1.03 -0.78 -0.59 -0.53 -0.53 -0.59 -0.81 -0.97 -1.06 -1.12 -1.19 -1.41 -1.59 -1.69 -1.66 -1.56 -1.47 -1.34 -1.19 -0.97 -0.72 -0.47 -0.19 0.09 0.38 0.66 1.00 1.53 1.97 2.16 2.38 2.44 2.09 2.06 4.91 8.69 9.16 9.19 9.28 9.38 9.44 9.50 9.53 9.56 9.59 9.59 9.62 9.62 9.66 9.66 9.69 9.69 9.72 9.75 9.78 9.81 9.84
-13.88 -13.12 -12.31 -11.59 -10.88 -10.19 -9.53 -8.91 -8.28 -7.53 -6.94 -6.50 -6.22 -5.97 -5.62 -5.12 -4.47 -3.84 -3.38 -2.97 -2.44 -1.72 -1.19 -0.91 -0.69 -0.50 -0.38 -0.47 -0.72 -0.97 -1.09 -1.06 -1.06 -1.25 -1.50 -1.66 -1.62 -1.53 -1.44 -1.28 -1.09 -0.88 -0.59 -0.31 -0.03 0.28 0.59 0.94 1.44 2.00 2.31 2.53 2.66 2.38 2.12 4.62 7.72 9.00 9.03 9.16 9.25 9.34 9.41 9.44 9.47 9.50 9.53 9.53 9.56 9.56 9.59 9.59 9.62 9.66 9.66 9.69 9.72 9.75 9.78
-13.84 -13.16 -12.41 -11.69 -11.03 -10.34 -9.69 -9.06 -8.38 -7.56 -6.94 -6.50 -6.25 -6.00 -5.75 -5.31 -4.78 -4.19 -3.75 -3.28 -2.59 -1.88 -1.41 -0.97 -0.69 -0.50 -0.38 -0.50 -0.75 -0.97 -1.03 -1.06 -1.09 -1.25 -1.50 -1.66 -1.69 -1.56 -1.44 -1.25 -1.03 -0.78 -0.50 -0.22 0.12 0.47 0.84 1.31 1.94 2.38 2.66 2.81 2.66 2.78 5.03 7.38 8.84 8.91 9.00 9.12 9.22 9.28 9.34 9.38 9.41 9.44 9.47 9.47 9.50 9.50 9.53 9.53 9.56 9.59 9.62 9.62 9.66 9.69 9.72
