everonasctiles/Tile41,48.asc
ncols 128
nrows 128
xllcorner 0
yllcorner 0
cellsize 2.0
NODATA_value  -9999
[rows 96 to 127 of 128, columns 0 to 70 of 128]
-20.19 -20.53 -20.78 -20.81 -21.00 -20.94 -20.97 -20.91 -21.16 -21.56 -21.72 -21.97 -22.03 -21.91 -21.81 -21.94 -22.19 -22.50 -22.75 -22.91 -23.06 -23.28 -23.12 -22.75 -22.53 -22.81 -23.12 -23.44 -24.03 -24.50 -24.72 -24.56 -24.31 -24.34 -23.97 -23.88 -24.00 -24.34 -24.44 -24.41 -24.06 -23.66 -23.41 -23.12 -22.78 -22.41 -22.00 -21.41 -21.31 -21.66 -22.09 -22.28 -22.25 -22.16 -21.88 -21.56 -21.69 -21.69 -21.72 -21.47 -21.41 -22.00 -22.56 -22.84 -23.12 -23.41 -23.53 -23.69 -23.75 -23.69 -23.94
-19.41 -19.78 -20.12 -20.09 -20.16 -20.22 -20.19 -20.28 -20.38 -20.66 -20.91 -21.16 -21.19 -21.06 -21.03 -21.34 -21.53 -21.72 -21.97 -22.28 -22.44 -22.59 -22.44 -22.25 -22.06 -22.25 -22.53 -22.69 -23.28 -23.59 -23.94 -23.72 -23.44 -23.44 -23.28 -23.28 -23.44 -23.62 -23.81 -23.81 -23.53 -23.19 -22.97 -22.62 -22.22 -21.81 -21.44 -20.94 -20.59 -20.66 -21.31 -21.62 -21.62 -21.41 -21.19 -21.06 -21.06 -21.00 -20.69 -20.66 -20.91 -21.44 -21.91 -22.28 -22.56 -22.72 -22.84 -22.97 -23.00 -23.00 -23.34
-18.78 -19.19 -19.41 -19.25 -19.28 -19.22 -19.12 -19.34 -19.69 -20.00 -20.34 -20.47 -20.41 -20.47 -20.69 -20.88 -21.12 -21.31 -21.59 -21.91 -22.06 -22.19 -22.09 -21.94 -21.84 -21.94 -22.00 -22.03 -22.25 -22.56 -23.06 -23.00 -22.66 -22.75 -22.66 -22.84 -22.91 -23.09 -23.22 -23.25 -23.03 -22.72 -22.50 -22.06 -21.66 -21.25 -20.94 -20.34 -19.81 -19.69 -20.41 -20.84 -20.84 -20.72 -20.72 -20.72 -20.62 -20.38 -19.84 -19.97 -20.31 -20.84 -21.12 -21.34 -21.62 -21.88 -22.03 -22.09 -22.22 -22.59 -23.03
-18.09 -18.19 -18.59 -18.50 -18.28 -18.28 -18.56 -18.78 -19.16 -19.50 -19.69 -19.62 -19.72 -19.78 -20.03 -20.38 -20.62 -20.91 -21.31 -21.59 -21.75 -21.72 -21.62 -21.50 -21.47 -21.47 -21.44 -21.31 -21.44 -21.53 -21.78 -21.94 -22.03 -22.31 -22.16 -22.31 -22.47 -22.53 -22.59 -22.50 -22.34 -22.16 -22.03 -21.72 -21.38 -20.84 -20.25 -19.69 -19.12 -18.84 -19.62 -19.94 -20.16 -20.09 -19.91 -19.88 -19.97 -19.59 -19.03 -19.06 -19.41 -19.94 -20.31 -20.34 -20.50 -20.94 -21.16 -21.22 -21.41 -21.94 -22.38
-17.38 -17.62 -17.97 -17.88 -17.38 -17.25 -17.81 -18.31 -18.75 -18.94 -18.84 -18.97 -19.19 -19.44 -19.72 -19.91 -20.19 -20.41 -20.75 -21.06 -21.22 -21.22 -21.22 -21.09 -21.06 -21.19 -21.09 -21.03 -20.81 -20.84 -20.88 -21.00 -21.31 -21.75 -21.66 -21.66 -21.88 -21.88 -21.84 -21.84 -21.69 -21.41 -21.34 -21.16 -20.88 -20.44 -19.59 -19.12 -18.69 -18.25 -19.00 -19.12 -19.22 -19.19 -19.06 -19.03 -19.09 -18.75 -18.53 -18.34 -18.66 -19.03 -19.41 -19.59 -19.56 -19.81 -20.19 -20.44 -20.78 -21.19 -21.75
-16.34 -16.78 -17.00 -16.69 -16.59 -16.75 -17.00 -17.56 -17.94 -17.88 -17.94 -18.22 -18.62 -18.97 -19.25 -19.38 -19.66 -19.88 -20.09 -20.34 -20.56 -20.62 -20.62 -20.62 -20.56 -20.69 -20.66 -20.66 -20.59 -20.56 -20.50 -20.34 -20.47 -20.62 -20.94 -21.25 -21.22 -21.06 -20.97 -21.00 -21.03 -20.91 -20.75 -20.44 -20.06 -19.62 -19.03 -18.53 -18.25 -17.75 -18.16 -18.25 -18.31 -18.38 -18.38 -18.31 -18.16 -18.03 -18.03 -17.75 -17.62 -18.41 -18.75 -18.91 -18.91 -19.03 -19.34 -19.47 -20.03 -20.56 -21.19
-15.31 -15.72 -15.97 -16.12 -16.16 -16.22 -16.25 -16.50 -16.72 -16.59 -16.97 -17.50 -18.00 -18.41 -18.66 -18.84 -19.12 -19.28 -19.47 -19.72 -19.88 -19.94 -20.03 -20.09 -20.03 -20.06 -20.06 -20.22 -20.25 -20.12 -20.22 -20.00 -19.94 -19.72 -20.16 -20.72 -20.66 -20.59 -20.53 -20.41 -20.41 -20.41 -20.22 -19.84 -19.38 -19.00 -18.62 -18.16 -17.72 -17.16 -17.03 -17.16 -17.16 -17.25 -17.38 -17.53 -17.56 -17.66 -17.59 -17.38 -16.97 -17.66 -17.97 -18.06 -18.34 -18.38 -18.50 -18.53 -19.22 -19.94 -20.47
-14.50 -15.06 -15.12 -15.31 -15.66 -15.69 -15.53 -15.62 -15.38 -15.44 -16.00 -16.69 -17.38 -17.66 -17.88 -18.19 -18.53 -18.72 -18.78 -18.94 -19.12 -19.25 -19.41 -19.50 -19.47 -19.53 -19.59 -19.53 -19.59 -19.72 -19.66 -19.44 -19.09 -19.16 -19.75 -20.03 -20.12 -20.16 -20.00 -19.75 -19.75 -19.78 -19.53 -19.41 -19.12 -18.72 -18.22 -17.69 -16.97 -16.53 -16.06 -15.78 -15.91 -16.09 -16.12 -16.50 -16.78 -17.03 -17.09 -16.94 -16.84 -17.19 -17.34 -17.38 -17.41 -17.72 -18.00 -18.03 -18.78 -19.38 -19.69
-13.84 -14.25 -14.19 -14.34 -14.59 -14.62 -14.62 -15.06 -14.94 -15.19 -15.53 -16.03 -16.50 -16.75 -17.06 -17.59 -18.00 -18.25 -18.28 -18.44 -18.62 -18.81 -18.91 -18.97 -18.91 -18.88 -18.78 -18.78 -18.91 -19.19 -19.34 -19.00 -18.25 -18.44 -19.25 -19.50 -19.59 -19.59 -19.22 -18.97 -19.00 -18.91 -18.81 -18.62 -18.44 -18.22 -17.91 -17.25 -16.50 -15.84 -15.12 -14.84 -14.78 -14.59 -14.91 -15.38 -15.72 -16.03 -16.09 -15.97 -16.19 -16.56 -16.47 -16.56 -16.44 -16.94 -17.56 -17.78 -18.16 -18.50 -18.91
-13.06 -13.22 -13.28 -13.41 -13.34 -13.81 -14.16 -14.56 -14.81 -15.19 -15.34 -15.38 -15.75 -16.09 -16.62 -17.03 -17.31 -17.59 -17.72 -17.84 -18.03 -18.16 -18.22 -18.22 -18.16 -18.00 -17.91 -18.03 -18.25 -18.66 -18.91 -18.62 -17.69 -17.62 -18.59 -18.84 -18.81 -18.75 -18.69 -18.66 -18.47 -18.09 -18.03 -17.84 -17.75 -17.78 -17.66 -17.03 -16.28 -15.34 -14.56 -13.94 -13.75 -13.56 -13.84 -14.19 -14.53 -15.00 -14.97 -15.00 -15.62 -16.03 -16.25 -16.25 -16.06 -16.50 -16.69 -17.03 -17.50 -17.81 -18.22
-12.34 -12.56 -12.91 -12.94 -12.66 -13.06 -13.66 -14.00 -14.12 -14.62 -15.00 -14.88 -15.03 -15.62 -16.09 -16.41 -16.56 -16.88 -17.12 -17.25 -17.31 -17.47 -17.59 -17.44 -17.44 -17.41 -17.50 -17.69 -17.72 -17.91 -18.19 -17.84 -17.25 -17.00 -17.69 -18.09 -18.09 -18.09 -18.28 -18.16 -17.97 -17.47 -17.53 -17.53 -17.44 -17.28 -17.00 -16.47 -15.78 -14.84 -14.47 -13.84 -13.22 -13.12 -13.00 -13.28 -13.78 -14.22 -14.16 -14.50 -14.84 -15.19 -15.47 -15.31 -15.25 -15.88 -16.06 -16.12 -16.47 -16.94 -17.34
-12.16 -12.44 -12.62 -12.53 -12.41 -12.53 -12.84 -13.34 -13.47 -13.72 -14.19 -14.41 -14.22 -14.75 -15.47 -15.78 -15.94 -16.22 -16.50 -16.41 -16.50 -16.84 -16.78 -16.66 -16.72 -16.88 -17.09 -17.31 -17.44 -17.50 -17.25 -16.97 -16.72 -16.69 -16.94 -17.50 -17.62 -17.50 -17.44 -17.41 -17.38 -17.00 -17.03 -17.16 -17.03 -16.69 -16.31 -15.75 -14.84 -14.16 -13.81 -13.69 -13.09 -12.47 -12.00 -12.38 -12.66 -12.94 -13.50 -14.12 -14.28 -14.25 -14.19 -14.12 -14.34 -14.88 -15.16 -15.50 -15.91 -16.25 -16.56
-11.94 -12.09 -12.06 -12.00 -12.25 -12.31 -12.16 -12.59 -13.00 -13.03 -13.31 -13.62 -13.50 -13.78 -14.56 -15.16 -15.38 -15.62 -15.78 -15.75 -15.69 -15.91 -16.19 -16.31 -16.31 -16.44 -16.78 -16.97 -17.03 -16.97 -16.69 -16.50 -16.19 -16.16 -16.53 -16.91 -17.03 -16.88 -16.66 -16.78 -16.94 -16.84 -16.72 -16.59 -16.50 -16.06 -15.62 -15.09 -14.25 -13.75 -13.50 -13.59 -13.22 -12.66 -11.94 -11.75 -12.19 -12.16 -12.81 -13.34 -13.50 -13.34 -13.16 -13.22 -13.94 -14.41 -14.81 -15.12 -15.62 -16.00 -16.19
-11.66 -11.81 -11.69 -11.75 -12.03 -12.06 -11.91 -12.12 -12.31 -12.34 -12.50 -12.88 -12.97 -13.19 -13.72 -14.38 -14.81 -15.12 -15.28 -15.28 -15.22 -15.25 -15.41 -15.59 -15.56 -15.72 -16.12 -16.38 -16.53 -16.50 -16.16 -15.88 -15.72 -15.94 -16.19 -16.53 -16.44 -16.25 -16.19 -16.34 -16.28 -16.28 -16.31 -16.16 -15.94 -15.59 -15.28 -15.00 -14.19 -13.66 -13.47 -13.56 -13.41 -12.94 -12.34 -11.50 -11.59 -11.69 -12.03 -12.28 -12.31 -12.34 -12.53 -13.00 -13.78 -14.28 -14.66 -14.81 -14.97 -15.31 -15.69
-11.38 -11.31 -11.47 -11.78 -11.72 -11.62 -11.53 -11.81 -11.88 -11.88 -12.09 -12.62 -12.59 -12.75 -13.00 -13.69 -14.12 -14.38 -14.69 -14.84 -14.78 -14.56 -14.69 -15.12 -15.38 -15.38 -15.47 -15.62 -15.84 -15.72 -15.38 -15.12 -15.09 -15.81 -15.91 -16.12 -16.31 -16.19 -16.00 -15.81 -15.66 -15.66 -15.78 -15.69 -15.44 -15.12 -14.72 -14.34 -13.69 -13.56 -13.56 -13.53 -13.28 -12.69 -12.31 -11.97 -11.72 -11.34 -10.94 -11.34 -11.69 -11.88 -12.22 -12.72 -13.28 -13.59 -13.97 -14.16 -14.28 -14.50 -14.94
-10.91 -11.03 -11.34 -11.50 -11.25 -10.94 -11.00 -11.22 -11.66 -11.84 -11.78 -11.91 -12.12 -12.41 -12.66 -13.06 -13.66 -13.94 -14.06 -14.28 -14.28 -14.09 -14.34 -14.69 -14.97 -14.97 -14.88 -14.84 -14.97 -14.94 -15.00 -14.69 -14.69 -15.53 -15.53 -15.53 -15.84 -15.78 -15.53 -15.44 -15.16 -14.81 -14.72 -14.72 -14.69 -14.62 -14.25 -13.72 -13.47 -13.31 -13.38 -13.28 -13.09 -12.47 -11.94 -11.84 -11.78 -11.19 -10.62 -10.84 -11.59 -11.75 -11.91 -12.09 -12.69 -13.06 -13.31 -13.41 -13.53 -13.69 -13.88
-10.56 -10.62 -10.75 -10.94 -10.66 -10.19 -10.47 -10.75 -11.38 -11.59 -11.66 -11.38 -11.78 -12.34 -12.72 -12.81 -13.12 -13.38 -13.56 -13.78 -13.91 -13.84 -14.09 -14.34 -14.53 -14.62 -14.47 -14.47 -14.66 -14.88 -15.00 -14.53 -14.75 -15.31 -15.22 -15.16 -15.16 -14.97 -14.75 -14.59 -14.53 -14.12 -14.09 -14.16 -14.00 -13.91 -14.00 -13.62 -13.31 -13.03 -12.88 -12.81 -12.62 -12.19 -11.78 -11.56 -11.31 -10.97 -10.88 -11.19 -11.56 -11.41 -11.41 -11.50 -12.19 -12.72 -12.97 -13.16 -13.25 -13.16 -13.28
-10.22 -10.22 -10.19 -10.34 -10.16 -9.91 -10.22 -10.66 -11.03 -11.03 -11.06 -11.19 -11.12 -11.53 -12.16 -12.41 -12.53 -12.81 -13.03 -13.28 -13.53 -13.66 -13.81 -14.19 -14.31 -14.22 -14.00 -13.91 -14.22 -14.56 -14.78 -14.53 -14.53 -14.81 -14.75 -14.50 -14.62 -14.66 -14.28 -14.09 -14.03 -13.88 -13.69 -13.62 -13.56 -13.50 -13.34 -13.16 -13.03 -12.88 -12.50 -12.38 -12.12 -11.91 -11.62 -11.47 -11.09 -10.53 -10.59 -11.16 -11.28 -11.25 -11.12 -11.28 -11.84 -12.41 -12.53 -12.69 -12.91 -12.88 -12.94
-9.94 -10.06 -10.09 -10.00 -9.78 -9.75 -10.19 -10.38 -10.53 -10.41 -10.44 -10.78 -10.78 -11.12 -11.66 -12.06 -12.38 -12.47 -12.62 -12.81 -13.19 -13.34 -13.47 -13.88 -13.91 -13.75 -13.66 -13.41 -13.50 -14.12 -14.50 -14.28 -13.97 -14.00 -14.34 -14.03 -14.19 -14.53 -14.38 -13.91 -13.81 -13.59 -13.47 -13.34 -13.16 -13.19 -13.03 -12.66 -12.62 -12.53 -12.19 -12.06 -11.81 -11.47 -11.25 -11.16 -10.75 -10.03 -10.16 -10.59 -10.72 -10.97 -10.88 -10.97 -11.41 -12.00 -12.22 -12.34 -12.28 -12.22 -12.28
-9.50 -9.59 -9.53 -9.34 -9.28 -9.38 -9.97 -9.97 -9.88 -10.03 -10.16 -10.34 -10.16 -10.59 -11.22 -11.53 -11.81 -12.06 -12.34 -12.56 -12.72 -12.94 -13.19 -13.41 -13.47 -13.34 -13.25 -13.06 -13.25 -13.69 -13.97 -13.94 -13.72 -13.56 -14.00 -13.69 -13.78 -14.38 -14.25 -13.66 -13.38 -13.25 -12.78 -12.62 -12.59 -12.84 -12.81 -12.44 -12.31 -12.25 -12.00 -11.69 -11.47 -11.25 -11.22 -10.88 -10.31 -9.62 -9.84 -10.22 -10.34 -10.44 -10.53 -10.50 -10.75 -11.38 -11.69 -11.81 -11.75 -11.75 -11.84
-8.19 -8.50 -8.78 -8.84 -9.03 -9.22 -9.44 -9.50 -9.38 -9.41 -9.62 -9.84 -9.69 -9.84 -10.47 -10.72 -10.94 -11.28 -11.78 -11.97 -12.22 -12.47 -12.50 -12.75 -12.84 -12.72 -12.75 -12.81 -13.00 -13.38 -13.69 -13.47 -13.34 -13.16 -13.41 -13.28 -13.22 -13.75 -13.91 -13.41 -12.91 -12.69 -12.12 -12.06 -12.34 -12.38 -12.28 -12.16 -12.09 -11.84 -11.59 -11.34 -11.16 -10.91 -10.75 -10.53 -10.16 -9.53 -9.56 -10.06 -10.19 -10.09 -10.09 -10.03 -10.25 -10.78 -11.31 -11.44 -11.41 -11.47 -11.56
-7.25 -7.53 -8.09 -8.62 -9.06 -9.16 -9.06 -9.03 -8.81 -8.66 -9.03 -9.38 -9.03 -8.75 -9.38 -9.88 -10.25 -10.56 -11.09 -11.59 -11.91 -11.94 -12.09 -12.22 -12.22 -12.28 -12.44 -12.56 -12.56 -12.81 -13.03 -12.97 -13.12 -13.00 -13.09 -13.09 -12.91 -13.06 -13.09 -12.97 -12.72 -12.41 -12.09 -11.81 -11.84 -11.91 -11.88 -11.88 -11.69 -11.25 -11.03 -10.78 -10.62 -10.44 -10.19 -10.09 -10.09 -9.59 -9.31 -9.88 -9.88 -9.78 -9.84 -9.69 -9.97 -10.44 -10.84 -11.06 -11.16 -11.19 -11.34
-7.03 -7.12 -7.66 -8.47 -8.66 -8.62 -8.69 -8.69 -8.19 -8.09 -8.25 -8.47 -8.34 -8.41 -8.94 -9.44 -10.00 -10.50 -10.91 -11.16 -11.56 -11.69 -11.75 -11.78 -11.91 -11.97 -12.03 -12.06 -12.16 -12.34 -12.41 -12.50 -12.66 -12.53 -12.56 -12.50 -12.16 -12.50 -12.56 -12.44 -12.28 -12.06 -11.72 -11.62 -11.41 -11.69 -11.53 -11.31 -11.16 -10.88 -10.53 -10.22 -10.06 -9.91 -9.88 -9.84 -9.78 -9.19 -8.78 -9.50 -9.53 -9.59 -9.56 -9.25 -9.50 -10.12 -10.38 -10.53 -10.78 -10.72 -10.84
-6.94 -6.66 -7.41 -7.81 -7.69 -7.69 -7.78 -7.72 -7.59 -7.62 -8.00 -8.12 -8.09 -8.16 -8.56 -9.22 -9.81 -10.50 -10.66 -10.72 -10.84 -11.03 -11.38 -11.38 -11.56 -11.72 -11.88 -11.78 -11.72 -11.88 -11.84 -11.81 -11.91 -11.97 -12.03 -11.78 -11.38 -11.97 -12.34 -12.19 -11.88 -11.50 -11.31 -11.31 -11.22 -11.16 -11.03 -10.94 -10.78 -10.47 -10.06 -9.84 -9.78 -9.66 -9.62 -9.66 -9.53 -8.91 -8.31 -8.47 -8.81 -9.12 -8.84 -8.66 -9.09 -9.75 -9.97 -10.22 -10.34 -10.25 -10.28
-7.19 -6.97 -7.44 -7.69 -7.56 -7.34 -7.16 -7.12 -7.41 -7.56 -8.09 -8.38 -8.19 -8.12 -8.28 -8.84 -9.41 -9.97 -10.19 -10.19 -10.38 -10.72 -11.06 -11.09 -11.22 -11.47 -11.62 -11.66 -11.53 -11.31 -11.09 -10.97 -10.88 -11.28 -11.50 -11.34 -11.00 -11.56 -11.91 -12.12 -11.97 -11.66 -11.25 -11.03 -10.88 -10.75 -10.66 -10.41 -10.09 -9.72 -9.50 -9.38 -9.41 -9.41 -9.31 -9.12 -9.06 -8.78 -8.25 -7.97 -8.44 -8.69 -8.31 -8.31 -8.84 -9.25 -9.62 -9.88 -10.00 -10.03 -9.97
-7.09 -7.00 -7.41 -7.66 -7.50 -7.41 -7.38 -7.38 -7.41 -7.34 -7.69 -8.34 -8.00 -7.84 -8.06 -8.47 -8.84 -9.31 -9.66 -9.78 -10.03 -10.25 -10.59 -10.78 -10.84 -11.03 -11.22 -11.44 -11.44 -11.22 -10.75 -10.47 -10.41 -10.66 -10.78 -10.69 -10.94 -11.53 -11.69 -11.75 -11.69 -11.62 -11.22 -10.75 -10.41 -10.34 -10.22 -9.84 -9.59 -9.41 -9.22 -9.09 -8.91 -8.91 -8.84 -8.75 -8.72 -8.59 -8.16 -7.69 -8.25 -8.16 -7.72 -7.75 -8.38 -8.78 -9.03 -9.22 -9.41 -9.47 -9.38
-6.75 -6.62 -6.91 -7.22 -7.38 -7.47 -7.72 -7.62 -7.09 -6.97 -7.22 -7.75 -7.91 -7.59 -7.59 -7.91 -8.41 -9.03 -9.19 -9.38 -9.50 -9.75 -10.03 -10.16 -10.34 -10.47 -10.75 -10.94 -11.09 -10.97 -10.78 -10.06 -10.12 -10.38 -10.09 -10.03 -10.47 -11.19 -11.31 -11.34 -11.19 -11.16 -10.97 -10.56 -10.22 -10.03 -9.75 -9.41 -9.25 -9.22 -9.06 -8.91 -8.69 -8.50 -8.31 -8.25 -8.31 -8.41 -8.19 -7.56 -7.78 -8.03 -7.47 -6.91 -7.81 -8.34 -8.38 -8.59 -8.84 -8.88 -8.66
-6.81 -6.62 -6.56 -6.81 -7.12 -7.31 -7.41 -7.16 -6.91 -7.06 -7.50 -7.72 -7.88 -7.78 -7.59 -7.53 -8.00 -8.66 -9.09 -9.25 -9.38 -9.50 -9.56 -9.84 -10.00 -10.06 -10.22 -10.38 -10.50 -10.59 -10.66 -10.16 -10.09 -10.31 -9.97 -9.56 -9.41 -10.38 -10.62 -10.81 -10.75 -10.56 -10.50 -10.28 -9.97 -9.62 -9.25 -8.94 -8.84 -8.59 -8.50 -8.47 -8.47 -8.38 -8.19 -8.00 -8.06 -7.94 -7.72 -7.31 -7.38 -7.69 -7.41 -6.81 -6.91 -7.94 -8.16 -8.19 -8.06 -8.09 -7.91
-6.84 -6.38 -6.38 -6.66 -6.84 -7.06 -7.16 -6.84 -6.78 -6.81 -6.97 -7.31 -7.53 -7.62 -7.69 -7.44 -7.47 -8.03 -8.50 -8.78 -9.03 -9.06 -9.06 -9.28 -9.56 -9.59 -9.78 -9.81 -10.03 -10.28 -10.25 -10.16 -9.78 -9.84 -9.47 -9.28 -8.88 -9.12 -9.75 -9.97 -10.19 -10.06 -10.12 -9.97 -9.62 -9.31 -9.00 -8.75 -8.53 -8.22 -8.09 -8.00 -7.88 -7.94 -8.12 -8.16 -8.00 -7.69 -7.28 -6.84 -6.97 -7.28 -7.12 -6.66 -6.09 -7.06 -7.47 -7.31 -7.12 -7.22 -7.56
-6.91 -6.41 -6.19 -6.22 -6.28 -6.31 -6.44 -6.38 -6.56 -6.50 -6.53 -6.97 -7.28 -7.50 -7.66 -7.53 -7.06 -7.19 -7.66 -8.34 -8.59 -8.56 -8.69 -8.94 -9.06 -9.25 -9.31 -9.44 -9.62 -9.72 -9.69 -9.84 -9.69 -9.19 -9.12 -9.06 -8.75 -8.53 -9.00 -9.12 -9.44 -9.72 -9.78 -9.62 -9.34 -8.97 -8.72 -8.47 -8.16 -8.00 -7.97 -7.66 -7.50 -7.62 -7.69 -7.66 -7.50 -7.28 -6.91 -6.53 -6.59 -6.75 -6.91 -6.47 -6.06 -6.56 -7.03 -6.88 -6.88 -7.47 -7.53
-6.72 -6.56 -5.94 -5.88 -5.91 -5.81 -5.75 -5.91 -6.28 -6.28 -6.34 -6.72 -6.91 -6.88 -7.06 -6.81 -6.66 -7.03 -7.28 -7.50 -7.88 -8.09 -8.41 -8.44 -8.62 -9.00 -9.12 -9.28 -9.25 -9.28 -9.34 -9.50 -9.50 -9.22 -9.12 -8.66 -8.53 -8.22 -8.38 -8.38 -8.72 -9.50 -9.31 -9.00 -8.78 -8.50 -8.25 -8.09 -7.81 -7.72 -7.69 -7.44 -7.25 -7.25 -7.22 -7.22 -7.03 -6.84 -6.59 -6.34 -6.44 -6.53 -6.75 -6.53 -6.12 -6.41 -6.84 -6.97 -7.09 -7.47 -7.56
-6.59 -6.59 -6.12 -5.91 -5.69 -5.59 -5.53 -5.53 -5.84 -5.94 -6.09 -6.72 -6.66 -6.44 -6.62 -6.66 -6.69 -6.84 -6.94 -7.06 -7.25 -7.59 -7.97 -8.00 -8.16 -8.56 -8.88 -9.03 -9.06 -9.06 -9.03 -9.12 -9.25 -9.00 -8.78 -8.53 -8.31 -8.03 -7.75 -7.72 -8.12 -8.88 -8.81 -8.44 -8.16 -8.00 -7.88 -7.78 -7.56 -7.47 -7.34 -7.25 -7.06 -7.00 -6.94 -6.94 -6.91 -6.72 -6.59 -6.19 -6.06 -6.06 -6.28 -6.34 -5.91 -5.94 -6.50 -6.81 -6.94 -7.00 -7.25
