everonasctiles/Tile[29,18].asc
ncols 128
nrows 128
xllcorner 0
yllcorner 0
cellsize 2.0
NODATA_value  -9999
[rows 32 to 63 of 128, columns 0 to 70 of 128]
132.34 132.38 132.38 132.41 132.44 132.47 132.50 132.56 132.59 132.66 132.72 132.78 132.84 132.91 132.97 133.03 133.03 132.97 132.94 132.97 133.06 133.16 133.22 133.28 133.28 133.31 133.28 133.28 133.25 133.22 133.19 133.12 133.06 133.03 133.03 133.09 133.12 133.19 133.25 133.28 133.31 133.34 133.31 133.34 133.34 133.34 133.31 133.34 133.34 133.34 133.34 133.28 132.88 132.44 132.47 132.62 132.75 132.88 133.16 133.50 133.66 133.75 133.81 134.00 134.09 134.16 133.91 133.56 133.53 133.59 133.69
132.91 132.88 132.84 132.84 132.88 132.91 132.97 133.00 133.00 132.97 132.97 133.00 133.12 133.25 133.34 133.41 133.41 133.44 133.44 133.44 133.47 133.50 133.56 133.59 133.59 133.59 133.59 133.56 133.53 133.50 133.47 133.41 133.44 133.50 133.53 133.56 133.56 133.59 133.62 133.66 133.69 133.69 133.69 133.66 133.66 133.62 133.53 133.47 133.47 133.47 133.47 133.44 133.09 132.56 132.62 132.75 132.88 133.00 133.25 133.72 133.97 134.06 134.12 134.22 134.38 134.44 134.38 134.00 133.84 133.78 133.84
133.47 133.44 133.38 133.34 133.34 133.38 133.44 133.47 133.44 133.41 133.34 133.41 133.50 133.59 133.69 133.75 133.81 133.84 133.84 133.88 133.91 133.91 133.94 133.94 133.94 133.94 133.91 133.88 133.84 133.84 133.84 133.88 133.91 133.94 133.94 133.97 133.97 134.00 134.03 134.06 134.09 134.09 134.06 134.03 133.97 133.91 133.78 133.62 133.59 133.59 133.59 133.56 133.31 132.66 132.75 132.84 132.94 133.06 133.34 133.84 134.16 134.31 134.41 134.50 134.66 134.75 134.72 134.53 134.25 134.03 134.03
134.00 133.94 133.91 133.84 133.84 133.88 133.91 133.91 133.88 133.81 133.75 133.81 133.91 134.00 134.06 134.16 134.22 134.25 134.28 134.31 134.34 134.38 134.38 134.38 134.38 134.34 134.34 134.31 134.31 134.31 134.31 134.34 134.34 134.38 134.38 134.38 134.41 134.44 134.47 134.50 134.53 134.53 134.53 134.47 134.38 134.25 134.03 133.78 133.75 133.75 133.72 133.69 133.47 132.84 132.88 132.91 132.94 133.03 133.41 133.97 134.31 134.47 134.62 134.75 134.88 134.97 135.00 134.94 134.66 134.38 134.19
134.41 134.38 134.34 134.28 134.28 134.28 134.28 134.25 134.22 134.16 134.12 134.19 134.28 134.38 134.47 134.53 134.59 134.66 134.69 134.72 134.78 134.78 134.81 134.81 134.78 134.78 134.78 134.78 134.78 134.78 134.78 134.78 134.81 134.81 134.81 134.81 134.81 134.84 134.91 134.97 135.03 135.06 135.03 134.94 134.78 134.59 134.28 133.94 133.91 133.91 133.91 133.88 133.66 133.03 133.03 133.06 133.09 133.12 133.56 134.16 134.47 134.62 134.78 134.91 135.03 135.12 135.19 135.19 135.09 134.81 134.47
134.59 134.59 134.59 134.59 134.56 134.56 134.53 134.50 134.47 134.44 134.47 134.56 134.66 134.75 134.81 134.91 135.00 135.03 135.09 135.12 135.16 135.19 135.19 135.19 135.19 135.19 135.19 135.19 135.22 135.22 135.25 135.25 135.22 135.22 135.22 135.22 135.25 135.28 135.31 135.41 135.50 135.62 135.62 135.47 135.25 134.97 134.53 134.12 134.09 134.09 134.06 134.06 133.91 133.34 133.25 133.25 133.28 133.44 133.81 134.38 134.62 134.78 134.94 135.06 135.19 135.25 135.31 135.38 135.38 135.22 134.91
134.59 134.59 134.59 134.59 134.59 134.59 134.59 134.59 134.62 134.69 134.81 134.94 135.03 135.12 135.19 135.31 135.41 135.44 135.47 135.50 135.50 135.53 135.53 135.53 135.53 135.53 135.56 135.59 135.62 135.66 135.66 135.66 135.62 135.62 135.62 135.66 135.69 135.69 135.75 135.88 136.00 136.06 136.09 136.03 135.81 135.25 134.78 134.31 134.28 134.25 134.25 134.28 134.19 133.59 133.44 133.47 133.50 133.88 134.19 134.44 134.69 134.97 135.09 135.22 135.34 135.41 135.47 135.53 135.56 135.56 135.31
134.66 134.62 134.59 134.59 134.59 134.59 134.59 134.59 134.62 134.75 135.09 135.38 135.47 135.44 135.47 135.56 135.62 135.62 135.62 135.62 135.66 135.69 135.72 135.78 135.78 135.78 135.78 135.81 135.84 135.88 135.91 135.91 135.91 135.88 135.88 135.94 136.00 136.03 136.03 136.09 136.12 136.12 136.09 136.00 135.91 135.62 135.03 134.47 134.44 134.44 134.44 134.47 134.44 133.75 133.62 133.66 133.72 134.03 134.34 134.59 134.81 135.12 135.25 135.38 135.47 135.56 135.62 135.69 135.75 135.81 135.78
134.81 134.75 134.69 134.66 134.66 134.66 134.66 134.66 134.66 134.88 135.25 135.66 135.75 135.69 135.59 135.66 135.69 135.72 135.75 135.75 135.78 135.78 135.81 135.84 135.84 135.84 135.84 135.88 135.88 135.91 135.94 135.94 135.94 135.94 135.97 135.97 136.00 136.03 136.06 136.09 136.09 136.09 136.09 136.06 136.06 136.06 135.25 134.66 134.62 134.62 134.59 134.62 134.59 133.91 133.75 133.78 133.84 134.16 134.47 134.72 134.97 135.28 135.41 135.53 135.62 135.69 135.78 135.88 135.97 136.06 136.06
134.97 134.91 134.81 134.78 134.78 134.78 134.81 134.84 134.94 135.06 135.38 135.78 136.16 136.09 135.81 135.75 135.78 135.81 135.81 135.84 135.88 135.88 135.91 135.91 135.91 135.91 135.94 135.94 135.94 135.97 135.97 136.00 136.00 136.00 136.00 136.03 136.03 136.06 136.09 136.09 136.12 136.12 136.12 136.12 136.12 136.12 135.38 134.81 134.81 134.78 134.78 134.78 134.69 133.84 133.84 133.84 133.88 134.03 134.66 135.19 135.31 135.44 135.56 135.66 135.75 135.84 135.94 136.06 136.16 136.25 136.31
135.12 135.03 134.94 134.91 134.88 134.91 134.94 135.00 135.06 135.22 135.47 135.78 136.19 136.28 135.97 135.84 135.88 135.88 135.91 135.94 135.94 135.94 135.97 135.97 135.97 135.97 135.97 136.00 136.00 136.00 136.03 136.03 136.03 136.03 136.06 136.06 136.06 136.09 136.09 136.12 136.12 136.16 136.16 136.16 136.16 136.16 135.47 135.00 134.97 134.97 134.97 134.97 134.72 134.00 133.94 133.91 134.25 134.47 134.75 135.31 135.44 135.56 135.69 135.78 135.88 136.00 136.09 136.22 136.31 136.41 136.47
135.28 135.19 135.06 135.00 134.97 135.00 135.03 135.09 135.19 135.31 135.47 135.69 135.91 136.03 136.00 135.94 135.94 135.97 135.97 135.97 136.00 136.00 136.00 136.03 136.03 136.03 136.03 136.03 136.03 136.06 136.06 136.06 136.06 136.06 136.09 136.09 136.09 136.09 136.12 136.16 136.16 136.19 136.19 136.22 136.22 136.19 135.56 135.16 135.16 135.16 135.12 135.16 134.81 134.31 134.09 133.97 134.38 134.59 134.84 135.25 135.53 135.66 135.78 135.91 136.00 136.16 136.25 136.38 136.47 136.56 136.66
135.41 135.28 135.16 135.09 135.06 135.06 135.09 135.16 135.25 135.38 135.53 135.69 135.81 135.91 136.00 136.03 136.03 136.03 136.03 136.03 136.03 136.03 136.06 136.06 136.06 136.06 136.06 136.06 136.09 136.09 136.09 136.09 136.09 136.09 136.09 136.12 136.12 136.12 136.12 136.16 136.19 136.22 136.25 136.28 136.28 136.25 135.69 135.34 135.34 135.31 135.31 135.38 135.00 134.59 134.31 134.19 134.50 134.72 134.94 135.25 135.62 135.75 135.88 136.00 136.12 136.28 136.41 136.53 136.62 136.72 136.81
135.50 135.34 135.25 135.16 135.12 135.12 135.16 135.22 135.31 135.41 135.56 135.72 135.88 136.03 136.12 136.12 136.09 136.09 136.09 136.06 136.06 136.06 136.09 136.09 136.12 136.12 136.09 136.09 136.09 136.09 136.09 136.09 136.12 136.12 136.12 136.12 136.12 136.12 136.16 136.19 136.22 136.25 136.25 136.34 136.41 136.31 135.78 135.53 135.50 135.50 135.50 135.59 135.31 134.84 134.59 134.44 134.72 134.84 135.06 135.34 135.72 135.84 135.97 136.12 136.25 136.41 136.56 136.66 136.78 136.88 137.00
135.47 135.34 135.28 135.22 135.19 135.16 135.19 135.22 135.34 135.47 135.62 135.75 135.91 136.09 136.12 136.12 136.12 136.12 136.12 136.12 136.12 136.12 136.12 136.16 136.16 136.16 136.16 136.16 136.16 136.16 136.16 136.16 136.16 136.16 136.16 136.16 136.16 136.16 136.19 136.22 136.25 136.31 136.34 136.44 136.53 136.44 135.94 135.69 135.69 135.69 135.69 135.81 135.69 135.28 135.03 135.00 135.03 135.06 135.25 135.50 135.81 135.94 136.09 136.25 136.41 136.56 136.69 136.81 136.94 137.03 137.16
135.44 135.34 135.28 135.25 135.25 135.25 135.25 135.31 135.41 135.53 135.69 135.81 135.97 136.12 136.16 136.19 136.19 136.19 136.22 136.22 136.22 136.22 136.22 136.25 136.25 136.25 136.25 136.25 136.25 136.25 136.22 136.22 136.22 136.22 136.22 136.22 136.25 136.25 136.28 136.31 136.34 136.41 136.47 136.53 136.66 136.56 136.03 135.88 135.88 135.84 135.84 136.03 136.09 135.66 135.47 135.31 135.47 135.47 135.59 135.81 136.00 136.16 136.28 136.44 136.59 136.75 136.91 137.00 137.12 137.22 137.34
135.31 135.31 135.31 135.28 135.31 135.31 135.34 135.44 135.56 135.69 135.81 135.94 136.06 136.22 136.25 136.25 136.28 136.28 136.31 136.31 136.31 136.34 136.34 136.34 136.38 136.38 136.34 136.34 136.34 136.34 136.34 136.34 136.34 136.34 136.34 136.34 136.38 136.38 136.41 136.44 136.47 136.53 136.59 136.66 136.75 136.66 136.19 136.06 136.06 136.03 136.03 136.28 136.44 136.22 136.00 135.97 136.03 136.03 136.16 136.28 136.31 136.44 136.56 136.69 136.84 136.97 137.12 137.25 137.34 137.41 137.50
135.22 135.28 135.31 135.38 135.41 135.47 135.53 135.62 135.75 135.84 135.97 136.09 136.19 136.28 136.34 136.38 136.41 136.41 136.44 136.44 136.47 136.47 136.47 136.50 136.50 136.50 136.50 136.50 136.50 136.50 136.56 136.56 136.56 136.50 136.50 136.50 136.50 136.53 136.53 136.59 136.62 136.69 136.72 136.78 136.84 136.75 136.41 136.25 136.25 136.25 136.25 136.56 136.75 136.72 136.69 136.62 136.59 136.66 136.72 136.69 136.72 136.75 136.84 136.97 137.09 137.22 137.34 137.44 137.53 137.59 137.66
135.34 135.38 135.44 135.50 135.59 135.66 135.75 135.84 135.97 136.06 136.16 136.25 136.34 136.41 136.47 136.50 136.53 136.56 136.59 136.59 136.59 136.62 136.62 136.66 136.66 136.66 136.66 136.66 136.66 136.66 136.72 136.72 136.72 136.66 136.66 136.66 136.66 136.69 136.69 136.75 136.81 136.84 136.88 136.91 136.94 136.91 136.59 136.47 136.47 136.44 136.47 136.84 137.03 137.03 137.03 137.03 137.03 137.06 137.06 137.31 137.06 137.09 137.16 137.25 137.34 137.44 137.53 137.62 137.66 137.72 137.78
135.59 135.62 135.66 135.72 135.81 135.91 136.00 136.09 136.19 136.28 136.34 136.41 136.50 136.56 136.59 136.62 136.66 136.69 136.72 136.75 136.75 136.78 136.78 136.81 136.81 136.81 136.81 136.81 136.81 136.81 136.84 136.88 136.88 136.84 136.84 136.84 136.84 136.88 136.91 136.94 136.97 137.00 137.03 137.06 137.06 137.03 136.78 136.69 136.66 136.66 136.69 137.09 137.25 137.28 137.28 137.31 137.31 137.34 137.34 137.28 137.38 137.41 137.44 137.47 137.56 137.62 137.69 137.75 137.78 137.81 137.84
135.66 135.88 135.94 136.00 136.06 136.16 136.22 136.31 136.38 136.47 136.53 136.59 136.62 136.69 136.72 136.75 136.81 136.81 136.84 136.88 136.91 136.91 136.91 136.94 136.94 136.94 136.97 136.97 136.97 137.00 137.00 137.00 137.00 137.03 137.03 137.03 137.06 137.06 137.09 137.12 137.12 137.16 137.16 137.19 137.19 137.19 136.97 136.88 136.88 136.84 136.91 137.28 137.41 137.44 137.44 137.47 137.50 137.50 137.53 137.56 137.59 137.59 137.62 137.66 137.72 137.75 137.81 137.84 137.88 137.91 137.94
136.12 136.12 136.19 136.25 136.31 136.38 136.44 136.50 136.56 136.62 136.69 136.72 136.75 136.81 136.84 136.88 136.91 136.94 136.94 137.00 137.00 137.03 137.03 137.06 137.06 137.06 137.06 137.09 137.09 137.09 137.09 137.12 137.12 137.12 137.12 137.16 137.16 137.19 137.19 137.22 137.22 137.25 137.25 137.28 137.31 137.28 137.12 137.09 137.06 137.06 137.12 137.41 137.50 137.53 137.53 137.56 137.59 137.62 137.66 137.66 137.69 137.72 137.75 137.78 137.81 137.84 137.88 137.91 137.94 137.97 138.00
136.31 136.34 136.41 136.47 136.50 136.56 136.59 136.66 136.69 136.75 136.78 136.81 136.88 136.91 136.94 136.97 137.00 137.00 137.03 137.06 137.09 137.09 137.12 137.12 137.12 137.16 137.16 137.16 137.16 137.16 137.16 137.19 137.19 137.19 137.19 137.19 137.22 137.22 137.25 137.25 137.28 137.28 137.31 137.31 137.34 137.34 137.31 137.28 137.28 137.25 137.31 137.50 137.53 137.56 137.59 137.62 137.66 137.66 137.69 137.72 137.75 137.78 137.81 137.84 137.88 137.91 137.91 137.94 137.97 138.00 138.03
136.44 136.50 136.56 136.59 136.62 136.66 136.72 136.75 136.78 136.81 136.88 136.91 136.94 136.97 136.97 137.00 137.03 137.06 137.09 137.09 137.12 137.12 137.12 137.16 137.16 137.16 137.16 137.16 137.19 137.19 137.19 137.19 137.19 137.22 137.22 137.22 137.22 137.25 137.25 137.28 137.28 137.31 137.31 137.34 137.38 137.44 137.47 137.47 137.47 137.47 137.47 137.53 137.56 137.59 137.62 137.62 137.66 137.69 137.72 137.75 137.78 137.78 137.81 137.84 137.88 137.91 137.94 137.97 137.97 138.00 138.03
136.56 136.59 136.62 136.66 136.69 136.72 136.75 136.78 136.81 136.88 136.91 136.91 136.94 136.97 137.00 137.03 137.03 137.06 137.09 137.09 137.12 137.12 137.12 137.16 137.16 137.16 137.16 137.19 137.19 137.19 137.19 137.19 137.19 137.22 137.22 137.22 137.22 137.25 137.25 137.28 137.28 137.31 137.31 137.34 137.38 137.44 137.50 137.50 137.50 137.47 137.50 137.53 137.56 137.59 137.62 137.62 137.66 137.69 137.72 137.75 137.78 137.81 137.81 137.84 137.88 137.91 137.94 137.97 137.97 138.00 138.03
136.38 136.50 136.62 136.69 136.72 136.75 136.78 136.81 136.84 136.88 136.91 136.91 136.94 136.97 137.00 137.00 137.03 137.06 137.09 137.09 137.09 137.09 137.09 137.12 137.12 137.09 137.09 137.16 137.16 137.16 137.12 137.12 137.12 137.19 137.22 137.22 137.22 137.25 137.25 137.28 137.28 137.31 137.31 137.34 137.38 137.41 137.44 137.47 137.50 137.50 137.50 137.53 137.56 137.59 137.62 137.62 137.66 137.69 137.72 137.75 137.78 137.81 137.81 137.84 137.88 137.91 137.94 137.97 137.97 138.00 138.03
136.38 136.44 136.50 136.56 136.66 136.72 136.78 136.81 136.81 136.84 136.88 136.91 136.91 136.91 136.94 136.97 137.00 136.97 136.97 136.94 136.94 136.94 136.97 136.97 136.97 136.94 137.00 137.06 137.06 137.06 137.03 137.00 137.03 137.06 137.12 137.19 137.22 137.25 137.25 137.28 137.28 137.31 137.31 137.34 137.38 137.38 137.41 137.41 137.44 137.47 137.50 137.53 137.56 137.59 137.62 137.66 137.66 137.69 137.72 137.75 137.78 137.81 137.81 137.84 137.88 137.91 137.94 137.97 137.97 138.00 138.03
136.41 136.47 136.53 136.59 136.62 136.69 136.75 136.81 136.81 136.84 136.88 136.88 136.84 136.84 136.88 136.88 136.84 136.81 136.81 136.78 136.78 136.81 136.81 136.81 136.81 136.84 136.88 136.97 137.00 136.94 136.91 136.91 136.94 137.00 137.06 137.16 137.22 137.25 137.25 137.28 137.28 137.31 137.31 137.34 137.38 137.34 137.34 137.38 137.41 137.44 137.50 137.53 137.56 137.59 137.62 137.66 137.66 137.69 137.72 137.75 137.78 137.81 137.81 137.84 137.88 137.91 137.94 137.97 137.97 138.00 138.03
136.44 136.47 136.53 136.59 136.66 136.72 136.75 136.81 136.88 136.94 136.91 136.88 136.88 136.88 136.91 136.91 136.84 136.75 136.78 136.75 136.72 136.75 136.78 136.75 136.81 136.81 136.84 136.97 136.94 136.91 136.84 136.88 136.94 137.00 137.06 137.12 137.19 137.25 137.25 137.28 137.28 137.31 137.31 137.34 137.38 137.38 137.34 137.34 137.41 137.47 137.50 137.53 137.56 137.59 137.62 137.66 137.66 137.69 137.72 137.75 137.78 137.81 137.81 137.84 137.88 137.91 137.94 137.97 137.97 138.00 138.03
136.44 136.50 136.56 136.62 136.69 136.72 136.78 136.84 136.91 136.97 137.03 137.09 137.03 136.94 136.94 136.97 136.97 136.81 136.81 136.84 136.88 136.97 136.97 136.94 136.91 136.91 136.94 137.03 137.00 136.94 136.97 136.97 137.03 137.09 137.09 137.16 137.22 137.25 137.25 137.28 137.28 137.31 137.31 137.34 137.38 137.41 137.41 137.44 137.47 137.50 137.50 137.53 137.56 137.59 137.62 137.66 137.66 137.69 137.72 137.75 137.78 137.81 137.81 137.84 137.88 137.91 137.94 137.94 137.97 138.00 138.03
136.47 136.53 136.56 136.62 136.69 136.75 136.81 136.88 136.94 137.00 137.06 137.12 137.16 137.22 137.19 137.06 137.09 136.94 136.94 137.03 137.16 137.25 137.25 137.25 137.25 137.25 137.19 137.19 137.12 137.12 137.12 137.16 137.19 137.19 137.16 137.16 137.22 137.22 137.25 137.25 137.28 137.28 137.31 137.34 137.38 137.38 137.41 137.44 137.47 137.47 137.50 137.53 137.56 137.59 137.62 137.62 137.66 137.69 137.72 137.75 137.78 137.81 137.81 137.84 137.88 137.91 137.94 137.94 137.97 138.00 138.03
136.47 136.53 136.59 136.66 136.72 136.78 136.84 136.91 136.97 137.00 137.06 137.12 137.19 137.25 137.31 137.38 137.38 137.12 137.06 137.19 137.34 137.41 137.44 137.44 137.44 137.44 137.41 137.31 137.31 137.28 137.25 137.31 137.34 137.28 137.19 137.16 137.19 137.19 137.22 137.25 137.28 137.28 137.31 137.34 137.34 137.38 137.38 137.41 137.44 137.47 137.50 137.50 137.53 137.56 137.59 137.62 137.66 137.69 137.72 137.72 137.75 137.78 137.81 137.84 137.88 137.91 137.94 137.97 138.00 138.03 138.03
