everonasctiles/Tile[10,41].asc
ncols 128
nrows 128
xllcorner 0
yllcorner 0
cellsize 2.0
NODATA_value  -9999
[rows 0 to 31 of 128, columns 0 to 70 of 128]
-45.75 -45.88 -46.00 -46.09 -46.19 -46.25 -46.34 -46.44 -46.56 -46.69 -46.81 -46.94 -47.06 -47.19 -47.34 -47.47 -47.62 -47.81 -48.03 -48.28 -48.56 -48.84 -49.12 -49.38 -49.59 -49.81 -50.00 -50.16 -50.28 -50.38 -50.44 -50.50 -50.56 -50.56 -50.56 -50.56 -50.56 -50.59 -50.69 -50.78 -50.88 -51.03 -51.19 -51.34 -51.53 -51.69 -51.84 -52.00 -52.12 -52.22 -52.25 -52.28 -52.28 -52.22 -52.19 -52.12 -52.03 -51.97 -51.88 -51.78 -51.69 -51.59 -51.53 -51.47 -51.44 -51.38 -51.31 -51.25 -51.12 -51.00 -50.88
-45.94 -46.03 -46.16 -46.25 -46.34 -46.44 -46.53 -46.62 -46.75 -46.88 -46.97 -47.12 -47.25 -47.38 -47.53 -47.66 -47.81 -48.00 -48.22 -48.47 -48.75 -49.00 -49.28 -49.50 -49.75 -49.94 -50.12 -50.28 -50.41 -50.50 -50.59 -50.66 -50.69 -50.72 -50.72 -50.72 -50.72 -50.75 -50.81 -50.91 -51.03 -51.19 -51.34 -51.50 -51.66 -51.81 -51.97 -52.09 -52.22 -52.31 -52.34 -52.38 -52.38 -52.34 -52.28 -52.22 -52.16 -52.09 -52.00 -51.91 -51.81 -51.72 -51.66 -51.62 -51.56 -51.50 -51.44 -51.34 -51.25 -51.12 -50.97
-46.09 -46.19 -46.31 -46.41 -46.50 -46.59 -46.69 -46.81 -46.94 -47.06 -47.19 -47.31 -47.44 -47.56 -47.72 -47.88 -48.03 -48.19 -48.41 -48.66 -48.91 -49.19 -49.44 -49.69 -49.91 -50.09 -50.25 -50.41 -50.53 -50.62 -50.72 -50.78 -50.84 -50.88 -50.88 -50.88 -50.88 -50.88 -50.94 -51.03 -51.16 -51.31 -51.47 -51.62 -51.78 -51.94 -52.09 -52.22 -52.31 -52.41 -52.47 -52.47 -52.47 -52.44 -52.41 -52.34 -52.28 -52.19 -52.09 -52.03 -51.94 -51.88 -51.81 -51.75 -51.69 -51.62 -51.56 -51.47 -51.34 -51.22 -51.06
-46.25 -46.38 -46.44 -46.53 -46.66 -46.75 -46.88 -47.00 -47.12 -47.25 -47.38 -47.50 -47.62 -47.78 -47.91 -48.06 -48.22 -48.41 -48.59 -48.84 -49.09 -49.34 -49.59 -49.84 -50.06 -50.25 -50.44 -50.56 -50.69 -50.81 -50.88 -50.94 -51.00 -51.03 -51.06 -51.03 -51.03 -51.03 -51.06 -51.16 -51.28 -51.44 -51.59 -51.75 -51.91 -52.06 -52.19 -52.31 -52.44 -52.50 -52.56 -52.59 -52.59 -52.56 -52.50 -52.44 -52.38 -52.31 -52.22 -52.16 -52.06 -52.00 -51.94 -51.88 -51.81 -51.75 -51.66 -51.56 -51.47 -51.31 -51.19
-46.44 -46.53 -46.59 -46.69 -46.81 -46.91 -47.06 -47.19 -47.31 -47.44 -47.56 -47.72 -47.84 -48.00 -48.12 -48.28 -48.44 -48.59 -48.78 -49.00 -49.25 -49.53 -49.78 -50.03 -50.25 -50.44 -50.59 -50.75 -50.88 -50.97 -51.06 -51.12 -51.19 -51.22 -51.25 -51.22 -51.22 -51.22 -51.22 -51.28 -51.41 -51.53 -51.69 -51.88 -52.03 -52.16 -52.31 -52.41 -52.53 -52.62 -52.69 -52.69 -52.69 -52.66 -52.62 -52.56 -52.50 -52.44 -52.38 -52.28 -52.22 -52.12 -52.06 -52.00 -51.94 -51.88 -51.78 -51.69 -51.56 -51.44 -51.28
-46.62 -46.69 -46.78 -46.84 -46.97 -47.09 -47.22 -47.38 -47.50 -47.66 -47.78 -47.91 -48.06 -48.19 -48.34 -48.50 -48.66 -48.81 -49.00 -49.22 -49.44 -49.69 -49.97 -50.19 -50.44 -50.62 -50.78 -50.94 -51.06 -51.16 -51.25 -51.31 -51.38 -51.41 -51.44 -51.44 -51.41 -51.41 -51.41 -51.44 -51.53 -51.66 -51.81 -51.97 -52.12 -52.28 -52.41 -52.53 -52.62 -52.72 -52.78 -52.81 -52.81 -52.78 -52.75 -52.69 -52.62 -52.56 -52.50 -52.41 -52.34 -52.28 -52.19 -52.12 -52.06 -51.97 -51.88 -51.78 -51.66 -51.53 -51.38
-46.81 -46.88 -46.94 -47.00 -47.12 -47.25 -47.41 -47.56 -47.72 -47.84 -48.00 -48.12 -48.28 -48.41 -48.56 -48.69 -48.88 -49.03 -49.22 -49.41 -49.62 -49.88 -50.12 -50.38 -50.59 -50.81 -50.97 -51.12 -51.25 -51.34 -51.44 -51.53 -51.59 -51.62 -51.66 -51.66 -51.62 -51.62 -51.59 -51.62 -51.69 -51.78 -51.91 -52.06 -52.22 -52.38 -52.50 -52.62 -52.72 -52.81 -52.88 -52.91 -52.94 -52.91 -52.88 -52.81 -52.75 -52.69 -52.62 -52.56 -52.47 -52.41 -52.31 -52.25 -52.16 -52.06 -51.97 -51.88 -51.78 -51.62 -51.50
-47.00 -47.06 -47.12 -47.19 -47.28 -47.41 -47.56 -47.72 -47.91 -48.06 -48.22 -48.34 -48.50 -48.62 -48.78 -48.91 -49.06 -49.22 -49.41 -49.62 -49.84 -50.06 -50.31 -50.56 -50.78 -50.97 -51.16 -51.31 -51.44 -51.53 -51.66 -51.72 -51.78 -51.84 -51.88 -51.88 -51.84 -51.84 -51.81 -51.81 -51.84 -51.91 -52.03 -52.19 -52.34 -52.47 -52.59 -52.72 -52.81 -52.91 -52.97 -53.00 -53.03 -53.03 -53.00 -52.94 -52.88 -52.81 -52.75 -52.66 -52.59 -52.53 -52.44 -52.34 -52.25 -52.16 -52.06 -51.97 -51.84 -51.72 -51.56
-47.22 -47.25 -47.31 -47.38 -47.44 -47.56 -47.72 -47.88 -48.06 -48.25 -48.41 -48.56 -48.72 -48.84 -49.00 -49.12 -49.25 -49.41 -49.59 -49.81 -50.03 -50.25 -50.50 -50.72 -50.94 -51.12 -51.31 -51.47 -51.62 -51.75 -51.84 -51.94 -52.00 -52.06 -52.09 -52.09 -52.09 -52.06 -52.03 -52.00 -52.03 -52.09 -52.19 -52.31 -52.44 -52.59 -52.72 -52.81 -52.94 -53.00 -53.06 -53.12 -53.12 -53.12 -53.12 -53.06 -53.00 -52.94 -52.88 -52.78 -52.72 -52.62 -52.53 -52.44 -52.34 -52.25 -52.16 -52.06 -51.94 -51.81 -51.66
-47.41 -47.44 -47.50 -47.56 -47.62 -47.75 -47.88 -48.06 -48.25 -48.44 -48.62 -48.78 -48.94 -49.06 -49.22 -49.34 -49.47 -49.62 -49.78 -50.00 -50.22 -50.44 -50.69 -50.91 -51.09 -51.31 -51.47 -51.66 -51.78 -51.94 -52.03 -52.12 -52.22 -52.28 -52.31 -52.31 -52.31 -52.28 -52.25 -52.22 -52.22 -52.25 -52.34 -52.44 -52.56 -52.72 -52.84 -52.94 -53.03 -53.12 -53.16 -53.22 -53.25 -53.25 -53.22 -53.16 -53.12 -53.03 -52.97 -52.91 -52.81 -52.72 -52.62 -52.53 -52.44 -52.34 -52.25 -52.12 -52.00 -51.88 -51.72
-47.59 -47.62 -47.69 -47.75 -47.81 -47.94 -48.06 -48.22 -48.41 -48.59 -48.78 -48.97 -49.12 -49.28 -49.41 -49.56 -49.69 -49.81 -50.00 -50.19 -50.41 -50.62 -50.84 -51.06 -51.28 -51.47 -51.66 -51.81 -51.97 -52.12 -52.25 -52.34 -52.44 -52.50 -52.53 -52.53 -52.53 -52.50 -52.47 -52.44 -52.44 -52.47 -52.53 -52.62 -52.72 -52.84 -52.97 -53.06 -53.16 -53.22 -53.28 -53.31 -53.34 -53.34 -53.31 -53.28 -53.22 -53.16 -53.06 -53.00 -52.91 -52.81 -52.72 -52.62 -52.53 -52.41 -52.31 -52.19 -52.06 -51.94 -51.78
-47.75 -47.81 -47.88 -47.94 -48.00 -48.12 -48.25 -48.41 -48.59 -48.78 -48.97 -49.16 -49.31 -49.47 -49.62 -49.75 -49.91 -50.03 -50.19 -50.38 -50.59 -50.81 -51.03 -51.22 -51.44 -51.62 -51.81 -52.00 -52.16 -52.31 -52.44 -52.56 -52.66 -52.72 -52.75 -52.75 -52.75 -52.75 -52.72 -52.69 -52.66 -52.69 -52.72 -52.81 -52.91 -53.00 -53.12 -53.22 -53.31 -53.38 -53.41 -53.44 -53.44 -53.44 -53.41 -53.38 -53.31 -53.25 -53.16 -53.06 -52.97 -52.88 -52.78 -52.69 -52.59 -52.47 -52.38 -52.25 -52.12 -51.97 -51.81
-47.94 -48.00 -48.06 -48.12 -48.19 -48.31 -48.44 -48.59 -48.75 -48.94 -49.12 -49.31 -49.47 -49.66 -49.81 -49.97 -50.09 -50.25 -50.41 -50.59 -50.78 -51.00 -51.19 -51.41 -51.59 -51.78 -51.97 -52.16 -52.31 -52.47 -52.62 -52.75 -52.84 -52.91 -52.94 -52.97 -52.97 -52.97 -52.94 -52.91 -52.91 -52.91 -52.94 -53.00 -53.09 -53.19 -53.28 -53.38 -53.44 -53.50 -53.53 -53.56 -53.56 -53.56 -53.53 -53.47 -53.41 -53.31 -53.25 -53.16 -53.06 -52.94 -52.84 -52.75 -52.62 -52.53 -52.41 -52.28 -52.16 -52.00 -51.84
-48.09 -48.16 -48.22 -48.31 -48.41 -48.50 -48.62 -48.78 -48.94 -49.09 -49.28 -49.47 -49.66 -49.81 -50.00 -50.16 -50.31 -50.47 -50.62 -50.78 -50.97 -51.19 -51.38 -51.56 -51.78 -51.97 -52.12 -52.31 -52.50 -52.66 -52.81 -52.94 -53.03 -53.09 -53.16 -53.19 -53.19 -53.19 -53.19 -53.16 -53.12 -53.12 -53.16 -53.19 -53.28 -53.38 -53.47 -53.53 -53.59 -53.66 -53.69 -53.69 -53.69 -53.66 -53.62 -53.56 -53.50 -53.41 -53.31 -53.22 -53.12 -53.00 -52.91 -52.78 -52.66 -52.56 -52.44 -52.31 -52.19 -52.03 -51.91
-48.28 -48.34 -48.41 -48.50 -48.59 -48.72 -48.84 -48.97 -49.12 -49.28 -49.47 -49.62 -49.81 -50.00 -50.19 -50.34 -50.50 -50.66 -50.81 -50.97 -51.16 -51.34 -51.56 -51.75 -51.94 -52.12 -52.31 -52.47 -52.66 -52.81 -52.97 -53.09 -53.22 -53.28 -53.34 -53.38 -53.41 -53.41 -53.41 -53.38 -53.34 -53.34 -53.34 -53.41 -53.47 -53.56 -53.62 -53.72 -53.78 -53.81 -53.84 -53.84 -53.81 -53.78 -53.75 -53.66 -53.59 -53.47 -53.38 -53.28 -53.16 -53.06 -52.94 -52.81 -52.69 -52.56 -52.47 -52.34 -52.22 -52.06 -51.94
-48.44 -48.50 -48.59 -48.69 -48.78 -48.91 -49.03 -49.19 -49.31 -49.47 -49.66 -49.81 -50.00 -50.19 -50.34 -50.53 -50.69 -50.84 -51.00 -51.16 -51.34 -51.53 -51.72 -51.91 -52.09 -52.28 -52.47 -52.62 -52.81 -52.97 -53.12 -53.25 -53.38 -53.47 -53.53 -53.56 -53.59 -53.59 -53.59 -53.59 -53.56 -53.53 -53.56 -53.59 -53.66 -53.75 -53.81 -53.88 -53.94 -53.97 -54.00 -53.97 -53.97 -53.91 -53.84 -53.78 -53.69 -53.56 -53.47 -53.34 -53.22 -53.09 -52.97 -52.84 -52.72 -52.59 -52.47 -52.34 -52.22 -52.09 -51.97
-48.59 -48.69 -48.78 -48.88 -48.97 -49.09 -49.22 -49.38 -49.53 -49.69 -49.84 -50.00 -50.19 -50.34 -50.53 -50.69 -50.88 -51.03 -51.19 -51.34 -51.50 -51.69 -51.88 -52.06 -52.25 -52.44 -52.62 -52.78 -52.97 -53.12 -53.28 -53.41 -53.53 -53.62 -53.72 -53.75 -53.78 -53.78 -53.78 -53.78 -53.75 -53.75 -53.75 -53.78 -53.84 -53.91 -54.00 -54.06 -54.09 -54.12 -54.16 -54.12 -54.09 -54.03 -53.97 -53.88 -53.78 -53.66 -53.53 -53.41 -53.28 -53.12 -53.00 -52.88 -52.75 -52.62 -52.50 -52.38 -52.25 -52.12 -52.00
-48.78 -48.88 -48.97 -49.06 -49.16 -49.28 -49.41 -49.56 -49.72 -49.88 -50.03 -50.22 -50.38 -50.53 -50.72 -50.88 -51.06 -51.22 -51.38 -51.53 -51.69 -51.84 -52.00 -52.19 -52.38 -52.56 -52.75 -52.94 -53.12 -53.28 -53.44 -53.56 -53.69 -53.81 -53.88 -53.94 -53.97 -53.97 -53.97 -53.97 -53.94 -53.94 -53.94 -53.97 -54.03 -54.09 -54.16 -54.22 -54.25 -54.28 -54.28 -54.28 -54.22 -54.16 -54.06 -53.97 -53.88 -53.75 -53.59 -53.47 -53.31 -53.19 -53.03 -52.91 -52.75 -52.62 -52.50 -52.41 -52.28 -52.16 -52.03
-48.94 -49.03 -49.12 -49.25 -49.34 -49.47 -49.59 -49.72 -49.88 -50.06 -50.22 -50.38 -50.56 -50.72 -50.91 -51.06 -51.22 -51.41 -51.56 -51.69 -51.84 -52.00 -52.16 -52.31 -52.50 -52.72 -52.91 -53.06 -53.25 -53.41 -53.59 -53.72 -53.84 -53.97 -54.03 -54.09 -54.12 -54.16 -54.16 -54.16 -54.12 -54.12 -54.12 -54.16 -54.22 -54.25 -54.31 -54.38 -54.41 -54.44 -54.44 -54.41 -54.34 -54.28 -54.19 -54.09 -53.97 -53.84 -53.69 -53.53 -53.38 -53.22 -53.06 -52.94 -52.78 -52.66 -52.53 -52.44 -52.31 -52.19 -52.09
-49.12 -49.22 -49.31 -49.41 -49.53 -49.66 -49.78 -49.91 -50.06 -50.22 -50.38 -50.56 -50.72 -50.91 -51.06 -51.25 -51.41 -51.56 -51.72 -51.88 -52.00 -52.16 -52.28 -52.47 -52.66 -52.84 -53.03 -53.22 -53.41 -53.56 -53.72 -53.88 -54.00 -54.12 -54.22 -54.28 -54.31 -54.34 -54.34 -54.34 -54.31 -54.31 -54.31 -54.34 -54.38 -54.44 -54.47 -54.53 -54.56 -54.56 -54.56 -54.53 -54.47 -54.41 -54.31 -54.19 -54.06 -53.94 -53.78 -53.62 -53.44 -53.28 -53.12 -53.00 -52.84 -52.72 -52.59 -52.47 -52.38 -52.25 -52.12
-49.28 -49.38 -49.50 -49.59 -49.69 -49.81 -49.94 -50.06 -50.22 -50.38 -50.53 -50.72 -50.88 -51.06 -51.25 -51.41 -51.56 -51.75 -51.91 -52.03 -52.19 -52.31 -52.44 -52.59 -52.78 -52.97 -53.16 -53.34 -53.53 -53.72 -53.88 -54.03 -54.16 -54.25 -54.34 -54.41 -54.47 -54.50 -54.50 -54.50 -54.50 -54.50 -54.50 -54.50 -54.53 -54.59 -54.62 -54.66 -54.69 -54.69 -54.69 -54.66 -54.59 -54.53 -54.44 -54.31 -54.19 -54.03 -53.88 -53.72 -53.53 -53.38 -53.22 -53.06 -52.91 -52.78 -52.66 -52.53 -52.44 -52.31 -52.22
-49.47 -49.56 -49.66 -49.75 -49.88 -50.00 -50.12 -50.25 -50.38 -50.53 -50.69 -50.88 -51.03 -51.22 -51.38 -51.56 -51.72 -51.88 -52.06 -52.22 -52.34 -52.50 -52.62 -52.78 -52.94 -53.09 -53.28 -53.47 -53.66 -53.84 -54.00 -54.16 -54.28 -54.41 -54.50 -54.56 -54.62 -54.66 -54.66 -54.66 -54.66 -54.66 -54.69 -54.69 -54.72 -54.75 -54.78 -54.78 -54.81 -54.81 -54.78 -54.75 -54.72 -54.62 -54.53 -54.41 -54.28 -54.12 -53.97 -53.81 -53.62 -53.47 -53.31 -53.16 -53.00 -52.88 -52.75 -52.62 -52.53 -52.41 -52.31
-49.62 -49.72 -49.81 -49.94 -50.03 -50.16 -50.28 -50.41 -50.53 -50.69 -50.84 -51.00 -51.19 -51.34 -51.50 -51.69 -51.84 -52.03 -52.19 -52.38 -52.53 -52.69 -52.81 -52.94 -53.09 -53.25 -53.44 -53.62 -53.81 -54.00 -54.16 -54.31 -54.44 -54.56 -54.62 -54.69 -54.75 -54.78 -54.81 -54.84 -54.84 -54.84 -54.84 -54.88 -54.88 -54.91 -54.91 -54.94 -54.94 -54.91 -54.91 -54.88 -54.81 -54.72 -54.62 -54.50 -54.38 -54.25 -54.06 -53.91 -53.75 -53.56 -53.41 -53.25 -53.09 -52.97 -52.84 -52.72 -52.62 -52.53 -52.41
-49.78 -49.88 -49.97 -50.09 -50.22 -50.31 -50.44 -50.56 -50.72 -50.84 -51.00 -51.16 -51.31 -51.47 -51.66 -51.81 -51.97 -52.16 -52.34 -52.50 -52.69 -52.84 -53.00 -53.12 -53.28 -53.41 -53.56 -53.75 -53.94 -54.12 -54.28 -54.44 -54.56 -54.69 -54.78 -54.84 -54.91 -54.94 -54.97 -55.00 -55.00 -55.00 -55.03 -55.03 -55.06 -55.06 -55.06 -55.06 -55.06 -55.03 -55.00 -54.97 -54.91 -54.81 -54.72 -54.62 -54.47 -54.34 -54.19 -54.03 -53.84 -53.69 -53.53 -53.38 -53.22 -53.06 -52.97 -52.84 -52.75 -52.62 -52.53
-49.94 -50.03 -50.12 -50.25 -50.38 -50.47 -50.59 -50.72 -50.88 -51.00 -51.16 -51.28 -51.44 -51.59 -51.75 -51.94 -52.09 -52.28 -52.47 -52.66 -52.84 -53.00 -53.19 -53.31 -53.47 -53.59 -53.75 -53.91 -54.09 -54.25 -54.44 -54.56 -54.72 -54.81 -54.91 -55.00 -55.03 -55.06 -55.09 -55.12 -55.16 -55.19 -55.19 -55.19 -55.22 -55.22 -55.22 -55.19 -55.19 -55.16 -55.12 -55.06 -55.00 -54.91 -54.81 -54.72 -54.59 -54.44 -54.28 -54.12 -53.97 -53.81 -53.66 -53.47 -53.34 -53.19 -53.09 -52.97 -52.88 -52.75 -52.62
-50.09 -50.19 -50.28 -50.41 -50.50 -50.62 -50.75 -50.88 -51.03 -51.16 -51.31 -51.44 -51.56 -51.72 -51.88 -52.06 -52.22 -52.41 -52.59 -52.78 -52.97 -53.16 -53.34 -53.50 -53.66 -53.81 -53.94 -54.09 -54.25 -54.41 -54.56 -54.72 -54.84 -54.97 -55.06 -55.12 -55.19 -55.22 -55.25 -55.28 -55.31 -55.34 -55.34 -55.34 -55.38 -55.38 -55.34 -55.34 -55.31 -55.28 -55.22 -55.19 -55.09 -55.03 -54.94 -54.81 -54.69 -54.56 -54.41 -54.25 -54.09 -53.94 -53.78 -53.62 -53.47 -53.31 -53.22 -53.09 -53.00 -52.88 -52.75
-50.25 -50.34 -50.44 -50.53 -50.66 -50.78 -50.91 -51.06 -51.19 -51.34 -51.47 -51.59 -51.72 -51.84 -52.00 -52.16 -52.34 -52.53 -52.72 -52.91 -53.12 -53.31 -53.50 -53.69 -53.84 -54.00 -54.16 -54.31 -54.44 -54.59 -54.75 -54.88 -55.00 -55.09 -55.19 -55.28 -55.34 -55.38 -55.41 -55.44 -55.47 -55.47 -55.50 -55.50 -55.50 -55.50 -55.50 -55.47 -55.44 -55.41 -55.34 -55.28 -55.22 -55.16 -55.06 -54.94 -54.81 -54.69 -54.53 -54.41 -54.22 -54.06 -53.91 -53.75 -53.59 -53.44 -53.31 -53.22 -53.12 -53.00 -52.88
-50.44 -50.50 -50.59 -50.69 -50.81 -50.94 -51.09 -51.22 -51.38 -51.50 -51.62 -51.75 -51.88 -51.97 -52.12 -52.28 -52.44 -52.62 -52.84 -53.03 -53.25 -53.47 -53.66 -53.88 -54.03 -54.22 -54.38 -54.50 -54.66 -54.78 -54.94 -55.03 -55.16 -55.25 -55.34 -55.41 -55.47 -55.53 -55.56 -55.59 -55.59 -55.62 -55.66 -55.66 -55.66 -55.66 -55.66 -55.62 -55.59 -55.53 -55.50 -55.44 -55.34 -55.28 -55.19 -55.06 -54.94 -54.81 -54.66 -54.53 -54.34 -54.19 -54.03 -53.84 -53.69 -53.56 -53.44 -53.34 -53.25 -53.12 -53.00
-50.62 -50.69 -50.78 -50.88 -50.97 -51.12 -51.25 -51.41 -51.56 -51.69 -51.81 -51.94 -52.03 -52.12 -52.25 -52.41 -52.56 -52.75 -52.94 -53.16 -53.38 -53.59 -53.84 -54.03 -54.25 -54.41 -54.59 -54.72 -54.88 -55.00 -55.12 -55.25 -55.34 -55.44 -55.50 -55.56 -55.62 -55.69 -55.72 -55.72 -55.75 -55.78 -55.81 -55.81 -55.81 -55.81 -55.78 -55.75 -55.72 -55.69 -55.62 -55.56 -55.50 -55.41 -55.31 -55.19 -55.06 -54.94 -54.78 -54.62 -54.47 -54.28 -54.12 -53.97 -53.81 -53.69 -53.56 -53.47 -53.38 -53.28 -53.16
-50.81 -50.88 -50.97 -51.03 -51.16 -51.28 -51.44 -51.59 -51.75 -51.91 -52.03 -52.12 -52.22 -52.31 -52.41 -52.53 -52.69 -52.88 -53.06 -53.28 -53.50 -53.75 -54.00 -54.22 -54.44 -54.62 -54.78 -54.94 -55.09 -55.22 -55.34 -55.44 -55.53 -55.59 -55.66 -55.72 -55.78 -55.84 -55.88 -55.88 -55.91 -55.94 -55.97 -55.97 -55.97 -55.97 -55.94 -55.91 -55.88 -55.81 -55.75 -55.69 -55.62 -55.53 -55.44 -55.34 -55.19 -55.06 -54.91 -54.72 -54.56 -54.38 -54.22 -54.06 -53.91 -53.78 -53.69 -53.62 -53.53 -53.41 -53.28
-51.03 -51.09 -51.16 -51.22 -51.34 -51.47 -51.62 -51.78 -51.94 -52.09 -52.22 -52.34 -52.44 -52.50 -52.59 -52.69 -52.81 -53.00 -53.22 -53.44 -53.66 -53.91 -54.16 -54.41 -54.62 -54.84 -55.00 -55.16 -55.31 -55.44 -55.56 -55.66 -55.72 -55.78 -55.84 -55.91 -55.94 -56.00 -56.03 -56.03 -56.06 -56.09 -56.12 -56.12 -56.16 -56.12 -56.12 -56.06 -56.03 -55.97 -55.88 -55.81 -55.75 -55.69 -55.56 -55.47 -55.31 -55.16 -55.00 -54.84 -54.66 -54.47 -54.31 -54.16 -54.03 -53.94 -53.84 -53.78 -53.69 -53.56 -53.41
-51.22 -51.28 -51.34 -51.41 -51.53 -51.66 -51.81 -51.97 -52.16 -52.31 -52.44 -52.56 -52.66 -52.72 -52.78 -52.84 -52.97 -53.16 -53.34 -53.56 -53.81 -54.06 -54.31 -54.56 -54.81 -55.03 -55.22 -55.41 -55.53 -55.66 -55.75 -55.84 -55.91 -55.97 -56.03 -56.06 -56.09 -56.16 -56.19 -56.22 -56.22 -56.25 -56.28 -56.31 -56.31 -56.31 -56.28 -56.25 -56.19 -56.09 -56.03 -55.97 -55.88 -55.78 -55.69 -55.56 -55.44 -55.28 -55.09 -54.94 -54.75 -54.56 -54.41 -54.25 -54.16 -54.06 -54.00 -53.91 -53.81 -53.69 -53.56
