everonasctiles/Tile24,21.asc
ncols 128
nrows 128
xllcorner 0
yllcorner 0
cellsize 2.0
NODATA_value  -9999
[rows 0 to 33 of 128, columns 0 to 76 of 128]
83.78 83.88 83.94 84.00 84.06 84.22 84.94 84.94 84.94 84.94 84.50 84.56 84.66 84.75 84.84 84.91 85.00 85.06 85.16 85.22 85.28 85.34 85.41 85.47 85.56 85.62 85.69 85.78 85.84 85.94 86.03 86.09 86.19 86.25 86.34 86.41 86.50 86.59 86.66 86.72 86.81 86.88 86.94 87.03 87.09 87.16 87.22 87.28 87.34 87.38 87.44 87.47 87.53 87.56 87.62 87.66 87.69 87.72 87.78 87.81 87.81 87.84 87.88 87.91 87.91 87.91 87.94 87.94 87.94 87.94 87.94 87.91 87.91 87.88 87.84 87.81 87.78
83.78 83.88 83.91 83.97 84.00 84.09 85.00 85.00 85.00 85.03 84.53 84.59 84.69 84.78 84.88 84.94 85.03 85.09 85.19 85.25 85.31 85.38 85.44 85.53 85.59 85.66 85.75 85.81 85.91 86.00 86.06 86.16 86.22 86.31 86.41 86.47 86.56 86.62 86.72 86.78 86.88 86.94 87.03 87.09 87.16 87.22 87.28 87.34 87.41 87.44 87.50 87.56 87.59 87.62 87.69 87.72 87.75 87.78 87.81 87.84 87.88 87.91 87.94 87.94 87.94 87.97 87.97 87.97 87.97 87.97 87.97 87.94 87.94 87.91 87.88 87.84 87.81
83.81 83.84 83.88 83.91 83.97 84.03 85.00 85.06 85.09 85.09 84.62 84.62 84.72 84.81 84.88 84.97 85.06 85.12 85.22 85.28 85.34 85.41 85.47 85.56 85.62 85.72 85.78 85.88 85.94 86.03 86.12 86.19 86.28 86.38 86.47 86.53 86.62 86.69 86.78 86.88 86.94 87.00 87.09 87.16 87.22 87.28 87.34 87.41 87.47 87.53 87.56 87.62 87.66 87.72 87.75 87.78 87.81 87.84 87.88 87.91 87.94 87.94 87.97 88.00 88.00 88.00 88.00 88.00 88.00 88.00 88.00 87.97 87.94 87.94 87.91 87.88 87.81
83.81 83.84 83.88 83.88 83.88 83.97 84.84 85.12 85.16 85.16 84.78 84.62 84.72 84.81 84.91 85.00 85.09 85.16 85.25 85.31 85.38 85.44 85.53 85.59 85.69 85.75 85.84 85.91 86.00 86.09 86.19 86.25 86.34 86.44 86.50 86.59 86.69 86.75 86.84 86.94 87.00 87.06 87.16 87.22 87.28 87.34 87.41 87.47 87.53 87.59 87.62 87.69 87.72 87.78 87.81 87.84 87.88 87.91 87.94 87.97 88.00 88.00 88.03 88.03 88.03 88.06 88.06 88.06 88.03 88.03 88.03 88.00 87.97 87.94 87.91 87.88 87.84
83.81 83.88 83.88 83.88 83.88 83.94 84.59 85.19 85.22 85.22 85.00 84.66 84.75 84.84 84.94 85.03 85.09 85.19 85.28 85.34 85.41 85.50 85.56 85.66 85.72 85.81 85.88 85.97 86.06 86.16 86.22 86.31 86.41 86.50 86.56 86.66 86.75 86.81 86.91 87.00 87.06 87.16 87.22 87.28 87.34 87.41 87.47 87.53 87.59 87.66 87.69 87.75 87.78 87.84 87.88 87.91 87.94 87.97 88.00 88.03 88.03 88.06 88.06 88.09 88.09 88.09 88.09 88.09 88.09 88.06 88.06 88.03 88.00 87.97 87.94 87.91 87.84
83.84 83.91 83.91 83.88 83.88 83.94 84.31 85.25 85.28 85.28 85.22 84.69 84.78 84.88 84.97 85.06 85.12 85.22 85.31 85.38 85.44 85.53 85.59 85.69 85.78 85.84 85.94 86.03 86.09 86.19 86.28 86.38 86.47 86.56 86.62 86.72 86.81 86.88 86.97 87.06 87.12 87.22 87.28 87.34 87.41 87.47 87.53 87.59 87.66 87.72 87.75 87.81 87.84 87.91 87.94 87.97 88.00 88.03 88.06 88.06 88.09 88.09 88.12 88.12 88.12 88.12 88.12 88.12 88.12 88.09 88.09 88.06 88.03 88.00 87.97 87.91 87.88
83.88 83.91 83.94 83.91 83.91 83.94 84.12 85.34 85.34 85.34 85.38 84.72 84.81 84.91 85.00 85.09 85.16 85.25 85.34 85.41 85.50 85.56 85.66 85.72 85.81 85.91 86.00 86.06 86.16 86.25 86.34 86.44 86.53 86.59 86.69 86.78 86.88 86.94 87.03 87.12 87.19 87.28 87.34 87.41 87.47 87.53 87.59 87.66 87.72 87.78 87.81 87.88 87.91 87.94 88.00 88.03 88.06 88.09 88.09 88.12 88.16 88.16 88.16 88.19 88.19 88.19 88.19 88.16 88.16 88.12 88.12 88.09 88.06 88.00 87.97 87.94 87.88
83.88 83.94 83.97 83.94 83.94 83.97 84.09 85.38 85.41 85.41 85.44 84.78 84.84 84.94 85.03 85.09 85.19 85.28 85.38 85.44 85.53 85.62 85.69 85.78 85.88 85.94 86.03 86.12 86.22 86.31 86.41 86.50 86.59 86.66 86.75 86.84 86.94 87.00 87.09 87.19 87.25 87.34 87.41 87.47 87.53 87.59 87.66 87.72 87.78 87.84 87.88 87.94 87.97 88.00 88.03 88.06 88.09 88.12 88.16 88.19 88.19 88.22 88.22 88.22 88.22 88.22 88.22 88.19 88.19 88.16 88.12 88.09 88.06 88.03 88.00 87.94 87.91
83.91 83.97 83.97 83.97 83.97 84.00 84.09 85.28 85.47 85.50 85.50 84.97 84.88 84.97 85.06 85.16 85.22 85.31 85.41 85.50 85.56 85.66 85.75 85.81 85.91 86.00 86.09 86.19 86.28 86.38 86.47 86.56 86.62 86.72 86.81 86.91 87.00 87.06 87.16 87.25 87.31 87.38 87.47 87.53 87.59 87.66 87.72 87.78 87.84 87.88 87.94 87.97 88.03 88.06 88.09 88.12 88.16 88.19 88.22 88.22 88.25 88.25 88.25 88.25 88.25 88.25 88.25 88.22 88.22 88.19 88.16 88.12 88.09 88.06 88.00 87.97 87.91
83.94 84.00 84.00 84.00 84.00 84.03 84.09 85.03 85.53 85.56 85.56 85.19 84.91 85.00 85.09 85.19 85.28 85.34 85.44 85.53 85.62 85.69 85.78 85.88 85.97 86.06 86.16 86.25 86.31 86.41 86.50 86.59 86.69 86.78 86.88 86.97 87.06 87.12 87.22 87.28 87.38 87.44 87.53 87.59 87.66 87.72 87.78 87.84 87.88 87.94 88.00 88.03 88.06 88.12 88.16 88.19 88.22 88.25 88.25 88.28 88.28 88.31 88.31 88.31 88.31 88.28 88.28 88.28 88.25 88.22 88.19 88.16 88.09 88.06 88.03 87.97 87.91
84.00 84.03 84.06 84.06 84.06 84.06 84.12 84.72 85.59 85.62 85.62 85.47 84.97 85.03 85.12 85.22 85.31 85.41 85.47 85.56 85.66 85.75 85.84 85.91 86.00 86.09 86.19 86.28 86.38 86.47 86.56 86.66 86.75 86.84 86.94 87.03 87.09 87.19 87.28 87.34 87.44 87.50 87.56 87.62 87.72 87.78 87.81 87.88 87.94 88.00 88.03 88.09 88.12 88.16 88.19 88.22 88.25 88.28 88.31 88.31 88.34 88.34 88.34 88.34 88.34 88.34 88.31 88.31 88.28 88.25 88.22 88.16 88.12 88.06 88.03 87.97 87.94
84.03 84.06 84.09 84.09 84.09 84.09 84.12 84.44 85.69 85.69 85.69 85.66 85.00 85.09 85.19 85.25 85.34 85.44 85.53 85.62 85.69 85.78 85.88 85.97 86.06 86.16 86.25 86.34 86.44 86.53 86.62 86.72 86.81 86.91 87.00 87.06 87.16 87.25 87.31 87.41 87.47 87.56 87.62 87.69 87.75 87.81 87.88 87.94 88.00 88.03 88.09 88.12 88.16 88.22 88.25 88.28 88.31 88.31 88.34 88.38 88.38 88.38 88.38 88.38 88.38 88.38 88.34 88.31 88.31 88.25 88.22 88.19 88.12 88.09 88.03 88.00 87.94
84.09 84.12 84.16 84.16 84.16 84.12 84.16 84.28 85.75 85.75 85.75 85.78 85.06 85.16 85.22 85.31 85.41 85.47 85.56 85.66 85.75 85.84 85.94 86.03 86.12 86.22 86.31 86.41 86.50 86.59 86.69 86.78 86.88 86.97 87.03 87.12 87.22 87.31 87.38 87.47 87.53 87.59 87.69 87.75 87.81 87.88 87.94 87.97 88.03 88.09 88.12 88.19 88.22 88.25 88.28 88.31 88.34 88.38 88.38 88.41 88.41 88.41 88.44 88.41 88.41 88.41 88.38 88.34 88.31 88.28 88.25 88.19 88.16 88.09 88.06 88.00 87.94
84.16 84.19 84.19 84.19 84.19 84.19 84.19 84.25 85.72 85.81 85.84 85.84 85.22 85.19 85.28 85.38 85.44 85.53 85.62 85.72 85.78 85.88 85.97 86.06 86.16 86.25 86.34 86.44 86.53 86.62 86.72 86.81 86.91 87.00 87.09 87.19 87.28 87.34 87.44 87.50 87.59 87.66 87.72 87.78 87.84 87.91 87.97 88.03 88.06 88.12 88.16 88.22 88.25 88.28 88.31 88.34 88.38 88.41 88.44 88.44 88.44 88.47 88.47 88.44 88.44 88.44 88.41 88.38 88.34 88.31 88.28 88.22 88.16 88.12 88.06 88.00 87.94
84.22 84.25 84.25 84.25 84.25 84.22 84.22 84.25 85.50 85.91 85.91 85.94 85.44 85.25 85.34 85.41 85.50 85.59 85.66 85.75 85.84 85.94 86.03 86.12 86.22 86.31 86.41 86.50 86.59 86.69 86.78 86.88 86.97 87.06 87.16 87.25 87.31 87.41 87.47 87.56 87.62 87.69 87.78 87.84 87.91 87.97 88.00 88.06 88.12 88.16 88.22 88.25 88.28 88.31 88.38 88.41 88.41 88.44 88.47 88.47 88.47 88.50 88.50 88.47 88.47 88.44 88.44 88.41 88.38 88.31 88.28 88.22 88.19 88.12 88.06 88.03 87.97
84.31 84.31 84.34 84.31 84.31 84.28 84.28 84.28 85.16 85.97 86.00 86.00 85.69 85.31 85.41 85.47 85.56 85.62 85.72 85.81 85.91 86.00 86.06 86.16 86.25 86.34 86.44 86.56 86.66 86.75 86.84 86.94 87.03 87.12 87.19 87.28 87.38 87.44 87.53 87.59 87.69 87.75 87.81 87.88 87.94 88.00 88.06 88.09 88.16 88.22 88.25 88.28 88.34 88.38 88.41 88.44 88.44 88.47 88.50 88.50 88.50 88.50 88.50 88.50 88.50 88.47 88.44 88.41 88.38 88.34 88.28 88.25 88.19 88.16 88.09 88.03 87.97
84.38 84.41 84.41 84.41 84.41 84.38 84.38 84.38 84.84 86.06 86.06 86.09 85.94 85.38 85.47 85.53 85.62 85.69 85.78 85.88 85.94 86.03 86.12 86.22 86.31 86.41 86.50 86.59 86.69 86.78 86.88 86.97 87.06 87.16 87.25 87.34 87.41 87.50 87.56 87.66 87.72 87.78 87.88 87.94 87.97 88.03 88.09 88.16 88.19 88.25 88.28 88.31 88.38 88.41 88.44 88.47 88.47 88.50 88.53 88.53 88.53 88.53 88.53 88.53 88.50 88.50 88.47 88.44 88.41 88.34 88.31 88.25 88.22 88.16 88.09 88.03 87.97
84.47 84.47 84.50 84.50 84.47 84.47 84.47 84.50 84.66 86.12 86.16 86.16 86.16 85.44 85.53 85.59 85.69 85.75 85.84 85.91 86.00 86.09 86.19 86.28 86.38 86.47 86.56 86.66 86.75 86.84 86.94 87.03 87.12 87.22 87.31 87.38 87.47 87.56 87.62 87.69 87.78 87.84 87.91 87.97 88.03 88.09 88.12 88.19 88.22 88.28 88.31 88.34 88.41 88.44 88.47 88.50 88.50 88.53 88.53 88.56 88.56 88.56 88.56 88.53 88.53 88.50 88.47 88.44 88.41 88.38 88.31 88.28 88.22 88.16 88.09 88.06 88.00
84.56 84.56 84.56 84.56 84.56 84.59 84.59 84.62 84.69 86.22 86.22 86.25 86.25 85.53 85.59 85.66 85.75 85.81 85.91 85.97 86.06 86.16 86.25 86.31 86.41 86.50 86.59 86.69 86.81 86.91 87.00 87.09 87.16 87.25 87.34 87.44 87.50 87.59 87.66 87.75 87.81 87.88 87.94 88.00 88.06 88.12 88.19 88.22 88.28 88.31 88.34 88.38 88.44 88.47 88.50 88.50 88.53 88.56 88.56 88.56 88.56 88.56 88.56 88.56 88.53 88.53 88.50 88.47 88.44 88.38 88.34 88.28 88.22 88.19 88.12 88.06 88.00
84.66 84.66 84.66 84.69 84.69 84.69 84.72 84.75 84.81 86.16 86.31 86.31 86.31 85.72 85.66 85.75 85.81 85.88 85.97 86.03 86.12 86.22 86.28 86.38 86.47 86.56 86.66 86.75 86.84 86.94 87.03 87.12 87.22 87.31 87.41 87.47 87.56 87.62 87.72 87.78 87.84 87.94 88.00 88.03 88.09 88.16 88.22 88.25 88.31 88.34 88.38 88.41 88.47 88.50 88.50 88.53 88.56 88.56 88.59 88.59 88.59 88.59 88.59 88.56 88.56 88.53 88.50 88.47 88.44 88.41 88.34 88.31 88.25 88.19 88.12 88.09 88.03
84.75 84.75 84.78 84.78 84.78 84.81 84.84 84.88 84.97 85.97 86.38 86.41 86.41 85.97 85.75 85.81 85.88 85.97 86.03 86.09 86.19 86.28 86.34 86.44 86.53 86.62 86.72 86.81 86.91 87.00 87.09 87.19 87.28 87.34 87.44 87.53 87.59 87.69 87.75 87.84 87.91 87.97 88.03 88.09 88.16 88.19 88.25 88.28 88.34 88.38 88.41 88.44 88.47 88.50 88.53 88.56 88.59 88.59 88.59 88.62 88.62 88.59 88.59 88.59 88.56 88.53 88.53 88.47 88.44 88.41 88.34 88.31 88.25 88.22 88.16 88.09 88.06
84.84 84.88 84.88 84.91 84.91 84.94 84.97 85.03 85.09 85.75 86.47 86.47 86.50 86.22 85.81 85.88 85.97 86.03 86.09 86.19 86.25 86.34 86.41 86.50 86.59 86.69 86.78 86.88 86.97 87.06 87.12 87.22 87.31 87.41 87.50 87.56 87.66 87.72 87.81 87.88 87.94 88.00 88.06 88.12 88.19 88.22 88.28 88.31 88.38 88.41 88.44 88.47 88.50 88.53 88.56 88.59 88.59 88.62 88.62 88.62 88.62 88.62 88.62 88.59 88.59 88.56 88.53 88.50 88.47 88.41 88.38 88.34 88.28 88.22 88.19 88.12 88.06
84.97 84.97 85.00 85.00 85.03 85.06 85.09 85.12 85.22 85.56 86.53 86.56 86.56 86.47 85.91 85.97 86.03 86.09 86.19 86.25 86.31 86.41 86.50 86.56 86.66 86.75 86.84 86.91 87.00 87.09 87.19 87.28 87.38 87.47 87.53 87.62 87.69 87.78 87.84 87.91 88.00 88.06 88.09 88.16 88.22 88.25 88.31 88.34 88.41 88.44 88.47 88.50 88.53 88.56 88.59 88.59 88.62 88.62 88.62 88.66 88.66 88.62 88.62 88.62 88.59 88.56 88.53 88.50 88.47 88.44 88.41 88.34 88.31 88.25 88.22 88.16 88.09
85.06 85.09 85.09 85.12 85.16 85.19 85.22 85.25 85.31 85.47 86.62 86.62 86.66 86.66 85.97 86.03 86.09 86.19 86.25 86.31 86.41 86.47 86.56 86.62 86.72 86.81 86.91 86.97 87.06 87.16 87.25 87.34 87.44 87.50 87.59 87.69 87.75 87.81 87.91 87.97 88.03 88.09 88.16 88.19 88.25 88.31 88.34 88.38 88.44 88.47 88.50 88.53 88.56 88.59 88.59 88.62 88.62 88.66 88.66 88.66 88.66 88.66 88.66 88.62 88.59 88.59 88.56 88.53 88.50 88.44 88.41 88.38 88.31 88.28 88.25 88.19 88.12
85.19 85.22 85.22 85.25 85.28 85.31 85.34 85.38 85.44 85.53 86.69 86.72 86.72 86.72 86.06 86.12 86.19 86.25 86.31 86.41 86.47 86.53 86.62 86.72 86.78 86.88 86.97 87.03 87.12 87.22 87.31 87.41 87.47 87.56 87.66 87.72 87.81 87.88 87.94 88.00 88.06 88.12 88.19 88.25 88.28 88.34 88.38 88.41 88.47 88.50 88.53 88.56 88.59 88.59 88.62 88.66 88.66 88.66 88.69 88.69 88.69 88.66 88.66 88.66 88.62 88.59 88.56 88.53 88.50 88.47 88.44 88.41 88.34 88.31 88.28 88.22 88.19
85.31 85.34 85.34 85.38 85.41 85.44 85.47 85.50 85.56 85.62 86.66 86.78 86.81 86.81 86.25 86.22 86.28 86.34 86.41 86.47 86.56 86.62 86.69 86.78 86.84 86.94 87.03 87.09 87.19 87.28 87.38 87.44 87.53 87.62 87.69 87.78 87.84 87.91 88.00 88.06 88.12 88.16 88.22 88.28 88.31 88.38 88.41 88.44 88.47 88.53 88.56 88.56 88.59 88.62 88.66 88.66 88.69 88.69 88.69 88.69 88.69 88.69 88.66 88.66 88.62 88.62 88.59 88.56 88.53 88.50 88.47 88.41 88.38 88.34 88.31 88.25 88.22
85.44 85.47 85.47 85.50 85.53 85.56 85.59 85.62 85.69 85.75 86.50 86.88 86.88 86.88 86.50 86.28 86.34 86.44 86.50 86.56 86.62 86.72 86.78 86.84 86.94 87.00 87.09 87.19 87.25 87.34 87.44 87.50 87.59 87.66 87.75 87.81 87.91 87.97 88.03 88.09 88.16 88.22 88.25 88.31 88.34 88.41 88.44 88.47 88.50 88.53 88.56 88.59 88.62 88.66 88.66 88.69 88.69 88.69 88.72 88.72 88.72 88.69 88.69 88.69 88.66 88.62 88.59 88.59 88.56 88.53 88.50 88.44 88.41 88.38 88.34 88.28 88.25
85.56 85.59 85.59 85.62 85.66 85.69 85.72 85.78 85.81 85.88 86.34 86.94 86.97 86.97 86.75 86.38 86.44 86.50 86.56 86.66 86.72 86.78 86.88 86.94 87.00 87.09 87.16 87.25 87.34 87.41 87.50 87.56 87.66 87.72 87.81 87.88 87.94 88.03 88.09 88.16 88.19 88.25 88.31 88.34 88.41 88.44 88.47 88.50 88.53 88.56 88.59 88.62 88.66 88.66 88.69 88.69 88.72 88.72 88.72 88.72 88.72 88.72 88.72 88.69 88.69 88.66 88.62 88.59 88.56 88.53 88.50 88.47 88.44 88.41 88.38 88.34 88.28
85.69 85.72 85.72 85.75 85.78 85.81 85.84 85.91 85.94 86.00 86.25 87.03 87.03 87.06 86.97 86.47 86.53 86.59 86.66 86.72 86.81 86.88 86.94 87.03 87.09 87.19 87.25 87.31 87.41 87.47 87.56 87.62 87.72 87.78 87.88 87.94 88.00 88.06 88.12 88.19 88.25 88.28 88.34 88.38 88.44 88.47 88.50 88.53 88.56 88.59 88.62 88.66 88.66 88.69 88.72 88.72 88.72 88.75 88.75 88.75 88.75 88.72 88.72 88.72 88.69 88.69 88.66 88.62 88.59 88.56 88.53 88.50 88.47 88.44 88.41 88.38 88.34
85.81 85.84 85.84 85.88 85.91 85.94 86.00 86.03 86.09 86.12 86.22 87.09 87.12 87.12 87.12 86.56 86.62 86.69 86.78 86.84 86.94 87.00 87.06 87.12 87.19 87.28 87.34 87.41 87.47 87.56 87.62 87.72 87.78 87.84 87.94 88.00 88.06 88.12 88.19 88.25 88.28 88.34 88.38 88.44 88.47 88.50 88.53 88.56 88.59 88.62 88.66 88.66 88.69 88.72 88.72 88.75 88.75 88.75 88.78 88.78 88.75 88.75 88.75 88.72 88.72 88.69 88.69 88.66 88.62 88.59 88.56 88.53 88.50 88.47 88.44 88.41 88.38
85.91 85.94 86.00 86.03 86.06 86.09 86.12 86.16 86.22 86.28 86.34 87.16 87.19 87.22 87.22 86.72 86.78 86.88 86.94 87.03 87.09 87.16 87.22 87.28 87.31 87.38 87.44 87.50 87.56 87.62 87.72 87.78 87.84 87.91 88.00 88.06 88.12 88.19 88.22 88.28 88.34 88.38 88.44 88.47 88.50 88.53 88.56 88.59 88.62 88.66 88.69 88.69 88.72 88.75 88.75 88.78 88.78 88.78 88.78 88.78 88.78 88.78 88.78 88.75 88.75 88.72 88.69 88.69 88.66 88.62 88.59 88.56 88.53 88.53 88.50 88.44 88.41
86.03 86.06 86.09 86.16 86.19 86.22 86.25 86.31 86.34 86.41 86.47 87.16 87.28 87.28 87.28 86.97 86.97 87.06 87.12 87.19 87.25 87.31 87.38 87.41 87.47 87.50 87.53 87.59 87.66 87.72 87.78 87.84 87.94 88.00 88.06 88.12 88.19 88.22 88.28 88.34 88.38 88.44 88.47 88.50 88.53 88.56 88.59 88.62 88.66 88.69 88.69 88.72 88.75 88.75 88.78 88.78 88.81 88.81 88.81 88.81 88.81 88.81 88.78 88.78 88.75 88.75 88.72 88.69 88.69 88.66 88.62 88.59 88.59 88.56 88.53 88.50 88.47
86.16 86.19 86.22 86.25 86.31 86.34 86.38 86.44 86.47 86.53 86.59 87.06 87.34 87.38 87.38 87.19 87.16 87.25 87.31 87.38 87.44 87.47 87.50 87.56 87.59 87.62 87.66 87.72 87.75 87.81 87.88 87.94 88.00 88.06 88.12 88.19 88.25 88.28 88.34 88.38 88.44 88.47 88.50 88.53 88.56 88.59 88.62 88.66 88.69 88.69 88.72 88.75 88.78 88.78 88.81 88.81 88.81 88.84 88.84 88.84 88.84 88.81 88.81 88.81 88.78 88.78 88.75 88.72 88.72 88.69 88.66 88.66 88.62 88.59 88.56 88.53 88.50
86.28 86.31 86.34 86.38 86.44 86.47 86.50 86.56 86.59 86.66 86.69 87.00 87.44 87.44 87.44 87.41 87.38 87.47 87.50 87.56 87.59 87.62 87.66 87.69 87.72 87.75 87.78 87.81 87.84 87.91 87.97 88.03 88.09 88.16 88.19 88.25 88.31 88.34 88.41 88.44 88.47 88.53 88.56 88.59 88.62 88.62 88.66 88.69 88.72 88.72 88.75 88.78 88.78 88.81 88.84 88.84 88.84 88.88 88.88 88.88 88.84 88.84 88.84 88.81 88.81 88.81 88.78 88.75 88.75 88.72 88.69 88.69 88.66 88.62 88.59 88.56 88.53
