everonasctiles/Tile[33,9].asc
ncols 128
nrows 128
xllcorner 0
yllcorner 0
cellsize 2.0
NODATA_value  -9999
[rows 64 to 95 of 128, columns 0 to 70 of 128]
255.25 254.94 254.56 254.34 254.19 253.84 250.44 246.84 245.25 244.41 243.94 243.66 243.41 243.09 242.75 242.41 242.16 241.72 241.34 240.97 240.81 240.69 240.53 240.16 239.62 239.25 238.91 238.50 237.81 237.06 236.41 236.34 236.69 236.97 237.09 237.09 237.34 238.06 238.50 238.84 239.00 239.31 239.28 238.53 237.59 235.94 232.97 227.06 221.16 217.56 218.12 219.53 218.88 218.34 217.34 215.50 214.19 212.78 211.62 210.50 209.25 208.06 207.00 206.09 205.31 205.41 205.34 205.28 205.25 205.75 206.66
256.44 256.03 255.56 255.16 254.97 254.34 251.09 247.25 245.41 244.59 244.25 244.09 243.88 243.59 243.25 242.94 242.56 242.19 241.81 241.69 241.78 241.84 241.69 241.12 240.62 240.16 239.66 239.00 238.31 237.62 236.72 236.50 236.97 237.34 237.50 237.22 237.97 238.97 239.34 239.22 239.47 239.78 239.81 239.47 239.19 238.62 237.25 232.59 225.50 221.66 222.56 224.09 223.88 223.47 222.81 220.66 217.31 215.16 213.88 212.34 210.72 209.22 208.09 207.09 206.56 206.22 206.19 205.84 206.16 206.84 207.66
257.59 257.16 256.50 255.91 255.59 255.19 252.25 248.12 245.88 245.03 244.72 244.59 244.41 244.12 243.66 243.31 242.91 242.69 242.50 242.66 242.84 242.94 242.66 242.12 241.66 241.03 240.00 239.38 238.88 238.28 237.72 237.41 237.47 237.81 238.25 238.97 239.75 240.28 240.28 239.75 239.25 239.72 240.09 239.94 239.69 239.34 238.44 236.03 231.12 226.69 225.75 226.53 226.84 226.38 225.44 223.94 222.22 219.69 217.16 214.75 212.59 210.69 209.31 208.50 207.91 207.56 207.91 207.81 207.47 207.91 208.62
258.56 258.12 257.41 256.59 255.97 255.22 253.03 249.12 246.81 245.81 245.38 245.19 244.97 244.66 244.16 243.69 243.38 243.38 243.59 243.88 244.03 243.94 243.59 243.06 242.59 241.78 240.47 240.25 239.84 239.34 238.81 238.41 238.38 239.00 240.00 241.06 241.38 241.38 241.19 240.84 240.50 240.28 240.44 240.31 239.88 239.25 238.97 237.56 235.28 232.25 229.22 228.22 227.75 227.38 226.78 225.97 225.12 224.00 221.19 217.34 214.59 212.50 210.94 210.16 209.53 209.19 209.09 209.19 208.44 208.94 209.56
259.44 258.97 258.19 257.16 256.09 254.91 253.06 249.88 247.94 246.81 246.22 245.91 245.66 245.28 244.78 244.28 244.16 244.38 244.75 245.09 245.22 245.16 245.03 244.81 243.66 243.22 242.19 241.94 241.44 240.88 240.31 239.94 239.81 241.06 242.22 242.72 242.69 242.50 242.31 242.12 241.75 241.34 241.03 240.78 240.25 239.53 239.00 237.94 236.41 234.84 231.94 229.78 228.47 228.28 227.91 227.56 227.22 225.94 223.31 219.44 216.50 214.47 213.00 212.03 211.34 210.84 210.69 210.31 209.97 210.00 210.22
260.28 259.72 258.81 257.62 256.31 254.88 253.38 251.22 249.12 247.81 247.22 247.00 246.69 246.19 245.62 245.25 245.19 245.53 245.94 246.25 246.31 246.44 246.69 246.34 245.72 245.81 245.97 244.38 243.50 242.72 242.09 241.91 242.47 243.62 243.75 243.81 243.78 243.62 243.53 243.41 242.94 242.47 242.00 241.38 240.66 239.88 238.88 237.88 236.78 235.72 234.38 232.03 230.16 229.25 228.88 228.69 228.56 227.06 224.25 220.53 218.25 216.53 215.16 214.03 213.12 212.44 211.91 211.47 211.16 211.00 210.69
261.19 260.62 259.53 258.03 256.50 255.03 253.69 252.28 250.00 248.66 248.19 248.16 247.91 247.34 246.75 246.44 246.47 246.75 247.03 247.25 247.38 247.62 248.09 248.00 247.94 247.94 247.72 247.00 245.88 244.91 244.09 243.91 245.00 245.41 244.91 244.72 244.75 244.78 244.78 244.59 244.16 243.47 242.78 242.09 241.44 239.88 238.84 237.75 236.69 235.81 234.97 233.31 231.38 230.12 229.56 229.44 229.34 228.25 225.19 222.28 220.28 218.84 217.41 216.06 214.84 213.84 213.09 212.53 212.25 212.12 211.91
262.06 261.84 260.66 258.56 256.62 254.97 253.56 252.31 250.47 249.50 249.03 248.94 248.84 248.41 248.00 247.78 247.81 247.94 248.16 248.31 248.44 248.72 249.19 249.38 249.50 249.56 249.53 249.12 248.66 247.66 246.97 246.06 246.09 246.38 245.56 245.44 245.78 246.00 246.06 245.81 245.25 244.44 243.47 242.38 241.25 240.22 239.12 237.94 236.84 236.00 235.06 233.75 232.09 230.84 230.12 229.78 229.78 229.53 227.72 225.06 223.31 221.56 219.97 218.00 216.34 215.12 214.12 213.47 213.34 213.38 213.47
262.72 262.53 261.56 259.06 256.47 254.59 253.38 252.19 250.81 250.28 249.88 249.69 249.62 249.44 249.22 249.09 249.06 249.16 249.31 249.47 249.66 249.84 250.09 250.56 250.91 251.22 251.41 251.34 251.06 250.22 249.56 249.12 248.47 248.09 247.50 246.72 247.38 247.47 247.41 247.00 246.25 245.19 244.06 242.94 241.78 240.56 239.34 238.22 237.28 236.44 235.44 234.31 232.59 231.22 230.53 230.12 229.88 229.78 228.66 226.97 225.66 224.69 222.62 219.22 217.56 216.22 215.16 214.53 214.50 214.66 214.97
263.34 263.03 262.16 259.47 256.09 254.69 253.88 252.34 251.19 250.91 250.81 250.72 250.66 250.59 250.47 250.38 250.34 250.44 250.59 250.78 251.06 251.38 251.62 251.91 252.47 253.09 253.53 253.81 253.69 252.12 252.53 252.03 250.81 250.03 249.31 248.22 248.88 248.88 248.69 248.06 247.00 245.62 244.25 243.03 241.88 240.66 239.47 238.47 237.69 237.53 236.47 234.12 231.78 231.31 230.84 230.44 230.09 229.88 229.19 228.06 226.88 225.50 223.19 220.25 218.62 217.31 216.28 215.72 215.66 215.97 216.38
264.03 263.41 262.28 259.31 256.16 255.47 254.50 252.78 251.81 251.81 251.94 252.00 251.97 251.84 251.75 251.69 251.66 251.75 251.94 252.22 252.59 253.06 253.44 253.62 254.06 254.62 255.31 256.16 255.62 255.50 254.88 254.31 253.75 252.94 250.41 249.56 250.06 250.25 249.75 248.78 247.31 245.66 243.75 242.59 241.72 240.59 239.62 238.72 237.91 237.06 235.66 233.84 231.97 231.66 231.31 230.84 230.44 230.25 229.53 228.53 227.34 225.84 223.44 221.19 219.66 218.38 217.38 216.88 216.84 217.25 218.50
264.97 264.56 262.12 259.66 257.09 256.16 255.66 254.16 253.12 253.19 253.34 253.41 253.34 253.22 253.09 253.03 253.03 253.12 253.31 253.59 254.00 254.47 254.84 255.16 255.47 256.19 256.53 257.09 256.94 256.94 256.88 256.53 255.81 254.59 253.31 252.06 252.03 251.38 250.41 249.03 247.19 244.41 243.47 242.50 241.22 240.59 239.81 239.00 238.25 237.34 236.06 235.34 234.41 233.41 232.19 231.38 230.81 230.34 229.53 228.34 227.03 225.41 223.44 221.84 220.53 219.38 218.41 218.00 218.12 218.66 220.22
266.22 265.62 263.47 261.06 258.59 257.47 256.16 255.22 254.56 254.66 254.78 254.84 254.75 254.62 254.50 254.44 254.44 254.50 254.66 254.91 255.22 255.59 255.97 256.34 257.44 257.41 257.53 257.69 257.91 258.56 258.91 258.53 257.66 256.38 255.44 254.31 253.25 252.06 250.62 249.34 247.03 244.34 243.38 242.72 241.69 240.91 240.12 239.44 238.78 238.19 237.25 236.59 235.47 234.72 233.47 232.50 231.28 230.34 229.41 228.06 226.09 224.84 223.69 222.38 221.34 220.41 219.59 219.31 219.53 220.69 221.59
267.06 266.56 265.78 264.62 262.00 259.81 257.88 256.62 256.28 256.03 256.16 256.25 256.16 256.03 255.91 255.81 255.78 255.81 255.94 256.09 256.31 256.59 256.97 257.59 258.12 258.31 258.38 258.88 260.56 260.84 261.12 261.00 260.09 258.56 256.94 255.47 253.94 252.44 250.25 248.78 246.72 244.62 243.91 243.03 242.47 241.69 240.66 239.81 239.47 238.50 237.72 236.81 236.25 235.31 234.22 233.31 231.91 231.06 229.94 228.53 227.16 225.91 224.16 222.72 222.06 221.47 220.91 220.81 221.22 222.25 223.25
267.69 267.16 266.41 265.34 264.81 262.28 260.06 258.81 258.28 257.59 257.59 257.66 257.56 257.41 257.25 257.12 257.06 257.06 257.12 257.22 257.34 257.56 257.91 258.38 258.81 259.09 259.28 260.88 262.22 263.16 263.91 264.06 262.72 260.47 258.06 256.19 253.47 251.06 249.50 248.25 246.69 245.09 244.00 243.06 242.25 241.72 240.88 240.47 240.16 239.38 238.41 237.53 236.94 236.41 235.88 235.12 233.88 232.28 230.97 229.59 228.56 227.22 225.91 224.09 223.00 222.47 222.22 222.47 223.06 223.97 223.62
268.19 267.44 266.69 266.03 265.38 264.03 262.56 261.16 260.03 259.22 259.19 259.12 258.91 258.69 258.50 258.34 258.25 258.22 258.25 258.28 258.38 258.53 258.75 259.03 259.34 259.47 260.50 262.66 264.59 265.72 266.44 266.06 263.81 261.66 258.66 256.47 255.16 252.19 249.88 249.12 247.72 246.38 244.72 243.34 242.34 242.16 241.66 241.25 240.66 239.75 239.00 238.62 238.72 238.22 237.41 236.47 235.75 234.31 232.72 231.50 230.16 228.16 227.00 225.78 224.78 224.22 223.84 225.06 224.72 224.47 224.22
268.28 267.41 266.81 266.34 265.72 265.06 264.12 263.12 262.09 261.09 260.84 260.53 260.16 259.84 259.59 259.44 259.34 259.31 259.31 259.34 259.38 259.44 259.53 259.69 259.91 260.34 261.59 264.94 266.94 267.47 267.69 266.94 264.84 262.62 259.34 256.97 255.44 252.97 251.66 250.59 249.34 248.09 246.72 243.88 243.19 242.75 242.50 241.38 240.59 239.94 239.75 239.47 239.66 239.31 238.78 238.00 236.94 235.69 234.31 232.78 231.38 229.25 228.47 227.59 226.88 226.09 226.12 225.75 225.47 225.00 224.47
269.28 267.53 267.19 266.81 266.22 265.66 265.34 264.59 263.84 263.09 262.44 261.84 261.28 260.84 260.56 260.41 260.34 260.31 260.31 260.31 260.31 260.28 260.28 260.31 260.56 261.31 262.88 267.00 268.41 268.47 268.06 267.03 265.22 262.81 260.34 257.50 256.72 255.75 254.72 252.91 251.16 249.47 248.09 245.16 243.69 243.12 242.34 241.62 241.25 241.00 240.66 240.56 240.69 240.41 239.91 239.09 238.03 236.78 235.38 233.84 231.84 229.81 229.28 229.31 228.50 227.62 227.06 226.47 225.81 225.12 224.16
271.75 270.06 267.84 267.09 266.94 266.44 266.31 266.06 265.44 264.62 263.75 262.81 262.22 261.72 261.41 261.28 261.25 261.25 261.22 261.19 261.16 261.09 261.00 260.94 261.25 262.47 265.62 268.50 269.25 269.22 268.66 267.69 265.06 263.91 262.91 261.03 259.19 257.69 256.19 254.59 252.34 250.56 248.66 246.00 244.69 243.62 243.34 243.03 242.44 242.25 242.16 242.06 241.72 241.34 240.69 239.81 238.78 237.72 236.38 234.34 232.78 230.91 231.12 230.06 229.28 228.47 227.53 226.66 225.16 224.56 224.28
272.62 272.34 270.94 269.81 268.56 267.56 267.25 267.22 266.88 266.16 265.34 264.12 263.28 262.56 262.25 262.19 262.16 262.09 262.03 261.97 261.94 261.91 261.88 261.88 262.22 265.28 267.84 269.28 269.84 269.91 269.34 268.75 266.28 264.97 263.94 262.44 261.59 259.06 257.03 255.44 253.69 250.72 249.28 247.75 246.62 244.97 244.22 244.09 243.69 243.78 243.62 243.19 242.69 242.12 241.22 239.72 238.53 237.69 236.34 234.66 233.00 231.78 231.38 230.94 229.94 228.81 227.09 225.72 225.09 224.78 224.62
273.38 273.41 273.72 274.44 273.75 271.09 268.91 268.47 268.03 267.69 267.50 267.41 265.69 264.75 263.78 263.50 263.25 263.00 262.84 262.81 262.81 262.88 263.03 263.34 264.38 267.31 269.66 270.00 270.41 270.47 270.06 268.97 268.03 266.38 264.97 263.47 262.56 261.62 259.22 257.12 255.62 253.69 250.47 249.75 248.38 246.53 246.03 246.81 246.06 245.62 244.78 243.88 243.72 242.81 241.72 240.81 239.28 238.53 236.56 235.09 233.84 233.47 233.03 231.56 229.66 228.72 227.62 226.34 225.78 226.06 225.16
274.09 274.44 274.81 275.31 275.69 274.91 272.00 270.03 269.53 269.16 269.38 269.69 269.88 268.47 266.44 265.53 264.69 264.09 263.84 263.78 263.84 264.06 264.44 265.44 267.06 270.16 270.69 270.78 271.09 270.97 270.34 269.81 269.09 268.53 268.06 265.31 264.19 263.28 261.97 259.19 256.66 255.62 252.88 250.75 249.34 248.41 248.84 248.91 248.09 247.44 246.00 244.78 244.41 243.81 243.34 242.06 241.81 241.34 239.44 236.31 235.62 235.69 234.81 233.38 230.94 229.72 228.69 227.56 227.44 227.84 227.22
274.81 275.28 275.66 276.03 276.19 276.09 275.25 271.88 270.53 270.75 271.31 271.62 271.78 271.75 270.00 268.28 266.72 265.53 265.09 264.94 265.03 265.38 266.19 268.03 270.66 271.69 271.19 271.69 271.94 270.97 271.06 270.50 270.22 270.00 269.41 268.19 266.03 264.22 262.88 261.03 259.88 256.75 255.72 254.78 252.53 251.09 251.59 250.81 249.91 248.31 248.34 248.22 247.28 246.00 246.00 245.62 244.50 243.09 241.47 238.22 238.31 237.94 236.94 235.44 234.16 231.97 230.00 229.19 229.25 229.91 228.69
275.56 276.00 276.34 276.56 276.69 276.72 276.97 275.47 272.69 272.59 273.06 273.25 273.41 273.50 272.94 271.69 269.44 267.94 266.69 266.31 266.44 266.94 268.50 271.47 272.03 274.12 275.00 274.62 273.12 273.19 273.06 271.91 271.91 271.62 270.88 269.94 267.53 264.72 263.75 262.78 262.12 260.69 259.81 256.84 255.62 255.03 254.12 253.03 251.50 249.97 249.72 249.56 248.94 248.25 248.09 247.91 247.25 246.56 242.88 242.38 241.78 240.69 239.47 236.91 235.81 234.50 233.53 233.22 233.12 232.44 230.38
276.44 276.78 276.97 277.09 277.16 277.16 277.38 277.31 275.34 274.28 274.62 274.91 275.03 274.94 274.50 273.88 273.09 271.47 269.66 268.44 268.12 269.09 270.56 271.56 273.00 276.16 277.75 277.91 276.44 275.00 275.50 274.81 274.88 273.72 272.72 271.44 269.72 268.22 266.03 264.16 263.59 263.28 262.22 257.88 256.97 256.81 256.28 255.22 253.62 251.22 250.66 250.72 251.31 250.97 250.25 249.53 249.28 248.62 247.00 245.25 243.88 242.94 241.56 240.19 238.78 236.56 235.66 235.06 234.91 234.16 233.03
277.06 277.41 277.66 277.72 277.69 277.53 277.59 278.22 277.34 276.59 275.84 275.91 276.72 276.44 275.97 275.47 275.09 274.62 274.00 273.38 272.16 272.09 273.00 273.44 275.19 277.62 278.72 279.12 279.34 279.78 278.69 278.06 278.03 276.41 274.53 273.50 271.56 269.69 268.78 266.34 265.72 265.09 263.97 261.19 259.38 259.81 258.34 257.12 255.75 254.50 252.56 253.12 253.38 252.94 252.31 250.56 250.25 250.19 249.78 248.84 247.19 245.50 243.78 242.06 240.50 238.31 237.62 236.59 236.09 235.31 234.47
277.62 277.75 278.28 278.34 278.38 278.16 278.38 279.19 280.09 279.88 278.94 278.78 278.41 278.03 277.41 277.00 276.75 276.47 276.25 276.12 275.75 275.19 276.19 276.16 277.44 278.53 279.16 279.53 279.94 280.00 279.69 279.97 280.75 279.06 276.38 275.03 272.84 270.75 269.53 269.06 268.38 266.97 265.69 263.84 262.91 261.25 260.00 257.72 257.34 256.66 255.91 255.72 255.38 254.84 254.66 252.09 251.53 252.72 251.56 250.50 249.19 247.59 245.91 243.19 241.78 238.94 238.44 237.75 237.22 236.78 236.03
278.19 278.28 278.69 279.19 279.16 279.31 279.84 280.66 281.66 281.69 281.06 280.78 280.28 279.72 278.72 278.44 278.16 277.84 277.69 277.41 277.41 277.69 277.94 278.09 278.59 279.09 279.44 279.72 280.03 280.22 280.25 280.66 280.84 280.19 278.69 277.16 275.06 271.56 270.78 270.75 269.59 268.56 267.19 265.19 264.03 262.72 260.69 258.59 258.97 258.00 258.16 257.72 257.06 256.69 255.75 254.66 254.78 254.38 253.44 252.41 251.03 249.38 247.84 244.66 242.56 240.62 238.94 238.31 238.12 237.16 236.62
278.44 278.94 279.12 279.50 279.97 280.41 280.94 281.69 282.47 283.09 283.53 283.81 282.88 281.75 280.88 280.03 279.50 279.12 278.81 278.59 278.50 278.56 278.72 279.03 279.38 279.72 280.00 280.22 280.44 280.53 280.50 280.78 281.19 281.19 280.69 280.06 277.88 274.59 272.25 271.72 270.72 269.62 268.75 266.31 265.19 263.47 262.62 260.12 259.81 259.41 259.31 259.12 258.84 257.97 257.38 256.44 256.06 255.81 255.09 254.03 252.72 250.53 249.09 247.47 244.75 242.25 239.91 238.75 238.56 238.53 239.59
278.72 279.34 279.72 280.03 280.62 281.19 281.78 282.47 283.09 283.75 284.91 285.59 285.19 283.19 282.25 281.78 281.16 280.44 279.94 279.69 279.56 279.56 279.69 279.88 280.19 280.50 280.75 280.97 281.22 281.38 281.44 281.41 281.72 282.38 282.44 282.00 281.78 278.88 275.47 273.03 271.59 270.25 269.22 267.66 265.38 264.19 263.47 262.28 260.75 260.53 259.91 259.72 258.78 259.34 258.88 257.84 257.53 257.38 256.59 255.53 254.12 251.25 250.06 248.91 247.59 246.69 243.88 242.41 241.84 241.78 242.62
279.22 279.81 280.25 280.50 281.16 281.78 282.44 283.06 283.69 284.47 285.34 286.12 286.19 285.06 283.84 283.25 282.53 281.75 281.09 280.78 280.66 280.66 280.72 280.88 281.12 281.38 281.59 281.81 282.09 282.38 282.59 282.47 282.59 283.59 284.00 284.06 284.00 283.97 283.53 275.66 272.56 271.03 269.78 269.00 267.00 266.44 265.25 263.44 262.62 261.78 260.41 260.38 261.03 261.56 261.38 261.09 260.12 259.22 258.16 256.94 255.69 253.59 250.66 249.94 249.75 249.28 248.97 248.41 246.91 246.72 248.16
279.69 280.34 280.62 280.94 281.56 282.28 282.91 283.53 284.28 285.25 285.69 286.28 286.72 286.44 285.47 284.44 283.81 282.75 282.16 281.91 281.81 281.78 281.84 282.00 282.19 282.34 282.44 282.62 282.91 283.28 283.53 283.47 283.59 284.34 285.00 285.16 285.06 284.81 284.19 284.69 280.91 273.47 271.09 270.47 269.84 269.16 266.72 264.97 264.12 262.81 261.84 261.69 262.50 263.22 263.34 263.09 262.44 261.25 259.88 258.41 256.91 255.47 252.62 251.06 251.53 251.81 251.41 250.78 250.25 249.69 249.84
