everonasctiles/Tile[6,35].asc
ncols 128
nrows 128
xllcorner 0
yllcorner 0
cellsize 2.0
NODATA_value  -9999
[rows 64 to 95 of 128, columns 0 to 70 of 128]
-67.66 -67.53 -67.38 -67.19 -67.00 -66.78 -66.56 -66.38 -66.19 -66.03 -65.88 -65.72 -65.53 -65.31 -65.06 -64.81 -64.53 -64.28 -64.00 -63.72 -63.44 -63.12 -62.78 -62.41 -61.94 -61.38 -60.97 -60.78 -60.69 -60.56 -60.41 -60.25 -60.06 -59.84 -59.59 -59.28 -58.94 -58.56 -58.09 -57.59 -57.06 -56.53 -56.03 -55.53 -55.03 -54.53 -54.03 -53.56 -53.12 -52.69 -52.22 -51.75 -51.38 -51.12 -51.00 -50.94 -50.88 -50.78 -50.69 -50.53 -50.34 -50.16 -49.97 -49.75 -49.56 -49.34 -49.09 -48.84 -48.56 -48.31 -48.06
-67.44 -67.31 -67.16 -66.97 -66.75 -66.53 -66.31 -66.12 -65.97 -65.81 -65.72 -65.59 -65.44 -65.25 -65.00 -64.75 -64.47 -64.22 -63.94 -63.69 -63.41 -63.12 -62.81 -62.47 -62.09 -61.69 -61.34 -61.09 -60.91 -60.69 -60.47 -60.22 -60.00 -59.75 -59.50 -59.19 -58.84 -58.44 -57.94 -57.41 -56.81 -56.19 -55.66 -55.16 -54.69 -54.22 -53.72 -53.22 -52.75 -52.19 -51.66 -51.19 -50.91 -50.78 -50.72 -50.69 -50.66 -50.59 -50.50 -50.34 -50.19 -50.00 -49.78 -49.56 -49.38 -49.16 -48.91 -48.62 -48.34 -48.03 -47.75
-67.22 -67.12 -66.94 -66.75 -66.53 -66.31 -66.09 -65.88 -65.72 -65.62 -65.53 -65.44 -65.31 -65.12 -64.91 -64.66 -64.41 -64.12 -63.88 -63.66 -63.41 -63.12 -62.84 -62.53 -62.22 -61.91 -61.59 -61.31 -61.03 -60.75 -60.50 -60.22 -59.97 -59.72 -59.44 -59.12 -58.75 -58.34 -57.88 -57.34 -56.75 -56.12 -55.44 -54.84 -54.34 -53.88 -53.41 -52.91 -52.44 -51.91 -51.28 -50.78 -50.50 -50.47 -50.47 -50.47 -50.47 -50.44 -50.34 -50.22 -50.03 -49.84 -49.62 -49.41 -49.19 -48.97 -48.72 -48.44 -48.12 -47.69 -47.34
-67.03 -66.91 -66.75 -66.56 -66.34 -66.12 -65.88 -65.66 -65.50 -65.41 -65.31 -65.25 -65.16 -65.00 -64.78 -64.56 -64.28 -64.03 -63.81 -63.59 -63.38 -63.12 -62.88 -62.59 -62.28 -62.00 -61.69 -61.38 -61.03 -60.72 -60.44 -60.16 -59.91 -59.66 -59.38 -59.06 -58.72 -58.31 -57.84 -57.31 -56.75 -56.12 -55.44 -54.78 -54.16 -53.62 -53.12 -52.62 -52.16 -51.66 -51.03 -50.50 -50.22 -50.19 -50.25 -50.28 -50.31 -50.28 -50.22 -50.09 -49.94 -49.72 -49.50 -49.28 -49.03 -48.78 -48.50 -48.22 -47.91 -47.41 -46.84
-66.78 -66.69 -66.53 -66.34 -66.16 -65.94 -65.75 -65.53 -65.34 -65.22 -65.12 -65.06 -64.94 -64.81 -64.62 -64.41 -64.16 -63.94 -63.69 -63.47 -63.28 -63.06 -62.81 -62.56 -62.28 -61.97 -61.62 -61.28 -60.94 -60.62 -60.31 -60.03 -59.78 -59.50 -59.25 -58.97 -58.62 -58.22 -57.78 -57.25 -56.69 -56.09 -55.44 -54.75 -54.09 -53.50 -52.94 -52.41 -51.91 -51.41 -50.84 -50.28 -50.00 -50.00 -50.06 -50.09 -50.16 -50.12 -50.06 -49.97 -49.81 -49.62 -49.41 -49.19 -48.91 -48.62 -48.34 -48.03 -47.72 -47.19 -46.50
-66.56 -66.47 -66.34 -66.19 -66.00 -65.81 -65.62 -65.41 -65.25 -65.09 -64.97 -64.84 -64.72 -64.59 -64.41 -64.22 -64.00 -63.78 -63.56 -63.38 -63.16 -62.97 -62.72 -62.47 -62.16 -61.84 -61.50 -61.12 -60.75 -60.41 -60.09 -59.84 -59.59 -59.34 -59.06 -58.81 -58.50 -58.12 -57.66 -57.16 -56.59 -56.00 -55.38 -54.72 -54.06 -53.44 -52.81 -52.25 -51.72 -51.19 -50.62 -50.12 -49.84 -49.81 -49.91 -49.97 -50.00 -50.00 -49.94 -49.84 -49.72 -49.53 -49.34 -49.09 -48.81 -48.53 -48.22 -47.88 -47.53 -47.09 -46.34
-66.31 -66.22 -66.12 -66.00 -65.84 -65.69 -65.50 -65.34 -65.16 -64.97 -64.81 -64.66 -64.53 -64.38 -64.19 -64.00 -63.81 -63.62 -63.41 -63.22 -63.03 -62.84 -62.62 -62.34 -62.03 -61.69 -61.31 -60.91 -60.53 -60.19 -59.88 -59.62 -59.38 -59.12 -58.88 -58.62 -58.34 -57.97 -57.56 -57.03 -56.50 -55.91 -55.31 -54.66 -54.03 -53.38 -52.75 -52.16 -51.59 -51.00 -50.41 -49.94 -49.72 -49.69 -49.75 -49.81 -49.84 -49.84 -49.78 -49.69 -49.59 -49.44 -49.25 -49.03 -48.75 -48.47 -48.12 -47.78 -47.44 -47.03 -46.38
-66.03 -65.97 -65.91 -65.81 -65.69 -65.56 -65.41 -65.22 -65.03 -64.84 -64.66 -64.47 -64.31 -64.12 -63.94 -63.75 -63.59 -63.41 -63.22 -63.03 -62.88 -62.69 -62.47 -62.22 -61.91 -61.56 -61.16 -60.78 -60.41 -60.09 -59.81 -59.53 -59.28 -59.00 -58.72 -58.44 -58.16 -57.84 -57.44 -56.97 -56.41 -55.84 -55.22 -54.59 -53.97 -53.31 -52.72 -52.09 -51.50 -50.81 -50.19 -49.78 -49.59 -49.59 -49.62 -49.69 -49.72 -49.69 -49.62 -49.56 -49.44 -49.31 -49.16 -48.94 -48.69 -48.41 -48.06 -47.72 -47.34 -46.94 -46.44
-65.75 -65.72 -65.69 -65.59 -65.50 -65.38 -65.25 -65.06 -64.91 -64.69 -64.50 -64.31 -64.09 -63.91 -63.72 -63.53 -63.34 -63.16 -63.00 -62.81 -62.66 -62.53 -62.34 -62.12 -61.84 -61.53 -61.19 -60.84 -60.50 -60.22 -59.91 -59.59 -59.28 -58.97 -58.66 -58.34 -58.03 -57.72 -57.34 -56.91 -56.41 -55.81 -55.22 -54.56 -53.94 -53.28 -52.66 -52.00 -51.34 -50.66 -50.03 -49.62 -49.47 -49.47 -49.50 -49.53 -49.56 -49.53 -49.50 -49.41 -49.31 -49.19 -49.03 -48.84 -48.62 -48.34 -48.03 -47.66 -47.28 -46.88 -46.41
-65.47 -65.47 -65.44 -65.38 -65.28 -65.19 -65.03 -64.88 -64.72 -64.50 -64.31 -64.09 -63.91 -63.69 -63.47 -63.28 -63.09 -62.91 -62.75 -62.59 -62.44 -62.31 -62.19 -62.00 -61.78 -61.50 -61.19 -60.91 -60.59 -60.28 -59.97 -59.66 -59.31 -58.97 -58.62 -58.28 -57.97 -57.62 -57.28 -56.88 -56.41 -55.88 -55.28 -54.66 -54.00 -53.34 -52.69 -52.00 -51.34 -50.59 -49.94 -49.50 -49.34 -49.34 -49.38 -49.41 -49.41 -49.41 -49.34 -49.28 -49.19 -49.06 -48.91 -48.72 -48.53 -48.28 -47.97 -47.62 -47.22 -46.81 -46.34
-65.19 -65.19 -65.19 -65.16 -65.06 -64.94 -64.81 -64.66 -64.47 -64.28 -64.06 -63.84 -63.66 -63.44 -63.22 -63.03 -62.84 -62.66 -62.47 -62.31 -62.19 -62.06 -61.97 -61.84 -61.66 -61.44 -61.16 -60.91 -60.59 -60.28 -59.97 -59.66 -59.31 -58.97 -58.62 -58.25 -57.91 -57.56 -57.22 -56.84 -56.41 -55.91 -55.34 -54.72 -54.09 -53.41 -52.75 -52.06 -51.38 -50.66 -49.97 -49.47 -49.28 -49.22 -49.25 -49.28 -49.28 -49.25 -49.19 -49.12 -49.03 -48.91 -48.78 -48.59 -48.41 -48.16 -47.88 -47.56 -47.19 -46.75 -46.28
-64.94 -64.97 -64.94 -64.91 -64.81 -64.72 -64.56 -64.41 -64.22 -64.00 -63.78 -63.56 -63.34 -63.16 -62.94 -62.75 -62.56 -62.38 -62.19 -62.03 -61.88 -61.78 -61.72 -61.62 -61.50 -61.31 -61.06 -60.81 -60.53 -60.22 -59.91 -59.59 -59.25 -58.91 -58.56 -58.19 -57.81 -57.44 -57.06 -56.72 -56.31 -55.84 -55.34 -54.75 -54.12 -53.44 -52.75 -52.06 -51.38 -50.69 -50.03 -49.47 -49.22 -49.12 -49.12 -49.16 -49.16 -49.09 -49.03 -48.97 -48.88 -48.78 -48.62 -48.47 -48.25 -48.03 -47.78 -47.47 -47.12 -46.69 -46.22
-64.69 -64.72 -64.69 -64.66 -64.56 -64.44 -64.31 -64.16 -63.94 -63.72 -63.47 -63.25 -63.03 -62.84 -62.66 -62.44 -62.25 -62.06 -61.88 -61.72 -61.59 -61.50 -61.44 -61.38 -61.28 -61.12 -60.94 -60.69 -60.41 -60.12 -59.81 -59.50 -59.16 -58.78 -58.44 -58.03 -57.66 -57.25 -56.84 -56.44 -56.06 -55.62 -55.16 -54.59 -54.00 -53.38 -52.69 -51.97 -51.31 -50.62 -50.00 -49.44 -49.16 -49.03 -49.03 -49.03 -49.00 -48.94 -48.88 -48.81 -48.72 -48.62 -48.50 -48.31 -48.09 -47.88 -47.62 -47.34 -47.00 -46.62 -46.12
-64.47 -64.47 -64.44 -64.38 -64.28 -64.16 -64.03 -63.88 -63.66 -63.44 -63.16 -62.91 -62.69 -62.50 -62.31 -62.12 -61.91 -61.72 -61.56 -61.41 -61.28 -61.19 -61.16 -61.12 -61.06 -60.94 -60.75 -60.53 -60.28 -60.00 -59.69 -59.38 -59.03 -58.66 -58.28 -57.88 -57.47 -57.00 -56.53 -56.09 -55.69 -55.25 -54.81 -54.31 -53.75 -53.16 -52.50 -51.81 -51.16 -50.50 -49.88 -49.34 -49.03 -48.91 -48.88 -48.88 -48.84 -48.78 -48.72 -48.62 -48.53 -48.44 -48.31 -48.16 -47.94 -47.72 -47.44 -47.16 -46.84 -46.47 -46.03
-64.22 -64.22 -64.16 -64.06 -63.97 -63.84 -63.72 -63.56 -63.38 -63.12 -62.84 -62.56 -62.34 -62.16 -62.00 -61.78 -61.59 -61.38 -61.22 -61.06 -60.97 -60.88 -60.84 -60.84 -60.81 -60.72 -60.56 -60.34 -60.09 -59.84 -59.56 -59.22 -58.88 -58.53 -58.12 -57.72 -57.25 -56.78 -56.25 -55.69 -55.22 -54.78 -54.34 -53.88 -53.34 -52.78 -52.19 -51.56 -50.94 -50.28 -49.66 -49.16 -48.88 -48.78 -48.75 -48.75 -48.72 -48.62 -48.53 -48.44 -48.34 -48.25 -48.12 -47.97 -47.75 -47.50 -47.25 -46.94 -46.66 -46.28 -45.84
-63.94 -63.94 -63.88 -63.75 -63.66 -63.50 -63.38 -63.22 -63.03 -62.81 -62.53 -62.25 -62.00 -61.81 -61.66 -61.47 -61.25 -61.03 -60.84 -60.72 -60.62 -60.56 -60.56 -60.56 -60.56 -60.50 -60.34 -60.16 -59.94 -59.69 -59.41 -59.09 -58.75 -58.38 -57.97 -57.53 -57.06 -56.56 -56.03 -55.38 -54.78 -54.28 -53.81 -53.38 -52.88 -52.34 -51.81 -51.22 -50.66 -50.03 -49.41 -48.91 -48.69 -48.59 -48.59 -48.59 -48.56 -48.47 -48.34 -48.22 -48.12 -48.03 -47.94 -47.78 -47.56 -47.31 -47.00 -46.72 -46.41 -46.06 -45.62
-63.66 -63.66 -63.56 -63.44 -63.28 -63.12 -62.97 -62.81 -62.69 -62.47 -62.19 -61.91 -61.66 -61.44 -61.28 -61.09 -60.88 -60.69 -60.50 -60.38 -60.28 -60.25 -60.25 -60.28 -60.28 -60.25 -60.12 -59.97 -59.75 -59.50 -59.22 -58.94 -58.59 -58.22 -57.84 -57.41 -56.91 -56.38 -55.81 -55.19 -54.47 -53.78 -53.28 -52.81 -52.38 -51.88 -51.38 -50.84 -50.31 -49.69 -49.09 -48.62 -48.47 -48.44 -48.44 -48.47 -48.41 -48.31 -48.16 -48.00 -47.88 -47.78 -47.69 -47.56 -47.38 -47.09 -46.78 -46.47 -46.12 -45.78 -45.38
-63.31 -63.34 -63.25 -63.06 -62.84 -62.62 -62.50 -62.38 -62.28 -62.09 -61.84 -61.56 -61.31 -61.09 -60.94 -60.75 -60.53 -60.31 -60.12 -60.00 -59.94 -59.94 -59.97 -60.00 -60.03 -60.00 -59.91 -59.75 -59.53 -59.31 -59.03 -58.75 -58.44 -58.06 -57.69 -57.25 -56.75 -56.22 -55.62 -55.03 -54.31 -53.59 -52.88 -52.31 -51.88 -51.41 -50.91 -50.44 -49.94 -49.34 -48.72 -48.34 -48.25 -48.25 -48.28 -48.31 -48.25 -48.12 -47.97 -47.78 -47.62 -47.50 -47.41 -47.31 -47.16 -46.91 -46.56 -46.22 -45.84 -45.47 -45.09
-62.97 -63.00 -62.91 -62.72 -62.44 -62.09 -61.91 -61.88 -61.81 -61.69 -61.47 -61.19 -60.94 -60.72 -60.56 -60.38 -60.16 -59.97 -59.78 -59.62 -59.59 -59.59 -59.66 -59.72 -59.78 -59.78 -59.69 -59.53 -59.34 -59.09 -58.84 -58.56 -58.25 -57.91 -57.53 -57.09 -56.62 -56.06 -55.50 -54.84 -54.19 -53.50 -52.78 -52.09 -51.50 -51.00 -50.50 -50.03 -49.53 -48.88 -48.31 -48.03 -48.00 -48.06 -48.09 -48.12 -48.06 -47.94 -47.75 -47.53 -47.31 -47.16 -47.06 -47.00 -46.88 -46.66 -46.34 -46.00 -45.59 -45.19 -44.78
-62.56 -62.59 -62.56 -62.38 -62.03 -61.59 -61.28 -61.31 -61.34 -61.25 -61.06 -60.81 -60.56 -60.34 -60.19 -60.00 -59.81 -59.59 -59.41 -59.28 -59.25 -59.28 -59.34 -59.44 -59.53 -59.53 -59.47 -59.34 -59.16 -58.91 -58.66 -58.38 -58.06 -57.75 -57.38 -56.97 -56.50 -55.97 -55.38 -54.72 -54.06 -53.38 -52.66 -51.97 -51.34 -50.72 -50.19 -49.69 -49.16 -48.50 -47.94 -47.72 -47.78 -47.84 -47.91 -47.94 -47.88 -47.72 -47.53 -47.31 -47.03 -46.78 -46.69 -46.62 -46.53 -46.38 -46.12 -45.75 -45.34 -44.91 -44.47
-62.12 -62.16 -62.16 -62.03 -61.72 -61.31 -60.84 -60.75 -60.88 -60.81 -60.66 -60.44 -60.19 -59.97 -59.78 -59.62 -59.44 -59.22 -59.06 -58.94 -58.91 -58.97 -59.06 -59.19 -59.28 -59.31 -59.28 -59.12 -58.94 -58.72 -58.47 -58.19 -57.91 -57.56 -57.25 -56.88 -56.41 -55.91 -55.28 -54.66 -53.97 -53.25 -52.56 -51.84 -51.19 -50.53 -49.94 -49.41 -48.88 -48.19 -47.62 -47.44 -47.53 -47.62 -47.69 -47.72 -47.66 -47.50 -47.28 -47.06 -46.75 -46.38 -46.19 -46.16 -46.09 -46.00 -45.78 -45.50 -45.09 -44.66 -44.19
-61.56 -61.66 -61.69 -61.62 -61.44 -61.09 -60.72 -60.41 -60.44 -60.41 -60.25 -60.03 -59.81 -59.59 -59.41 -59.22 -59.06 -58.88 -58.69 -58.56 -58.56 -58.66 -58.78 -58.91 -59.03 -59.09 -59.06 -58.94 -58.75 -58.53 -58.28 -58.00 -57.69 -57.38 -57.06 -56.75 -56.34 -55.88 -55.28 -54.62 -53.94 -53.22 -52.50 -51.75 -51.06 -50.34 -49.72 -49.12 -48.59 -47.94 -47.34 -47.16 -47.25 -47.38 -47.47 -47.50 -47.44 -47.28 -47.03 -46.78 -46.44 -45.88 -45.53 -45.56 -45.59 -45.53 -45.38 -45.16 -44.78 -44.34 -43.88
-60.84 -61.09 -61.16 -61.12 -61.03 -60.81 -60.50 -60.22 -60.09 -60.00 -59.88 -59.66 -59.44 -59.19 -59.00 -58.81 -58.66 -58.50 -58.34 -58.25 -58.25 -58.34 -58.50 -58.62 -58.78 -58.84 -58.81 -58.72 -58.53 -58.31 -58.03 -57.75 -57.47 -57.16 -56.84 -56.53 -56.22 -55.81 -55.28 -54.62 -53.94 -53.22 -52.47 -51.72 -50.97 -50.19 -49.47 -48.84 -48.25 -47.59 -47.03 -46.88 -47.03 -47.16 -47.25 -47.28 -47.19 -47.03 -46.78 -46.50 -46.09 -45.41 -44.84 -44.75 -44.94 -44.97 -44.88 -44.72 -44.44 -44.06 -43.59
-59.94 -60.38 -60.56 -60.56 -60.50 -60.38 -60.19 -60.00 -59.81 -59.69 -59.53 -59.31 -59.09 -58.84 -58.62 -58.44 -58.25 -58.09 -58.00 -57.91 -57.91 -58.03 -58.22 -58.38 -58.50 -58.59 -58.56 -58.47 -58.28 -58.03 -57.75 -57.47 -57.16 -56.84 -56.50 -56.19 -55.91 -55.59 -55.16 -54.56 -53.91 -53.19 -52.44 -51.69 -50.88 -49.88 -49.00 -48.31 -47.75 -47.22 -46.75 -46.66 -46.78 -46.91 -47.00 -47.03 -46.97 -46.81 -46.53 -46.19 -45.78 -45.06 -44.28 -43.91 -44.00 -44.22 -44.28 -44.19 -44.00 -43.69 -43.28
-59.09 -59.41 -59.88 -60.00 -59.97 -59.88 -59.78 -59.66 -59.53 -59.38 -59.22 -59.00 -58.75 -58.47 -58.25 -58.06 -57.88 -57.75 -57.62 -57.53 -57.59 -57.75 -57.94 -58.09 -58.25 -58.31 -58.31 -58.19 -57.97 -57.72 -57.41 -57.12 -56.78 -56.44 -56.03 -55.62 -55.38 -55.16 -54.84 -54.38 -53.75 -53.03 -52.31 -51.56 -50.72 -49.62 -48.62 -47.84 -47.22 -46.75 -46.44 -46.47 -46.59 -46.72 -46.78 -46.78 -46.72 -46.56 -46.28 -45.94 -45.50 -44.91 -44.00 -43.28 -43.03 -43.22 -43.47 -43.53 -43.44 -43.22 -42.91
-58.41 -58.47 -58.97 -59.31 -59.41 -59.38 -59.34 -59.28 -59.22 -59.09 -58.91 -58.69 -58.41 -58.12 -57.81 -57.53 -57.38 -57.28 -57.19 -57.16 -57.25 -57.44 -57.66 -57.84 -58.00 -58.06 -58.03 -57.88 -57.62 -57.34 -57.00 -56.69 -56.34 -55.97 -55.50 -54.94 -54.59 -54.50 -54.34 -54.00 -53.50 -52.81 -52.09 -51.34 -50.50 -49.47 -48.44 -47.56 -46.84 -46.38 -46.16 -46.28 -46.41 -46.50 -46.56 -46.56 -46.47 -46.31 -46.06 -45.72 -45.28 -44.78 -44.00 -43.06 -42.38 -42.19 -42.38 -42.69 -42.75 -42.62 -42.41
-57.94 -57.66 -58.00 -58.53 -58.81 -58.88 -58.91 -58.91 -58.91 -58.81 -58.62 -58.34 -58.06 -57.75 -57.38 -56.91 -56.62 -56.53 -56.53 -56.69 -56.94 -57.16 -57.38 -57.56 -57.72 -57.78 -57.72 -57.53 -57.28 -56.94 -56.56 -56.19 -55.84 -55.47 -55.00 -54.19 -53.66 -53.69 -53.69 -53.47 -53.09 -52.53 -51.84 -51.12 -50.31 -49.47 -48.50 -47.56 -46.75 -46.19 -45.94 -46.09 -46.22 -46.31 -46.38 -46.34 -46.25 -46.09 -45.84 -45.50 -45.06 -44.59 -44.06 -43.19 -42.22 -41.50 -41.31 -41.53 -41.91 -41.97 -41.81
-57.53 -57.06 -57.25 -57.84 -58.25 -58.41 -58.53 -58.56 -58.56 -58.47 -58.28 -58.03 -57.72 -57.38 -56.91 -56.28 -55.88 -55.78 -55.94 -56.28 -56.62 -56.88 -57.12 -57.31 -57.47 -57.50 -57.44 -57.22 -56.91 -56.53 -56.09 -55.69 -55.28 -54.91 -54.44 -53.66 -52.84 -52.78 -52.91 -52.81 -52.53 -52.12 -51.53 -50.84 -50.12 -49.38 -48.59 -47.78 -46.91 -46.16 -45.78 -45.91 -46.03 -46.12 -46.19 -46.16 -46.06 -45.91 -45.62 -45.28 -44.88 -44.41 -43.94 -43.31 -42.28 -41.25 -40.53 -40.41 -40.72 -41.09 -41.12
-57.19 -56.62 -56.84 -57.50 -57.84 -58.03 -58.16 -58.22 -58.22 -58.12 -57.94 -57.66 -57.34 -57.00 -56.50 -55.75 -55.22 -55.12 -55.47 -56.00 -56.34 -56.62 -56.84 -57.03 -57.19 -57.22 -57.12 -56.88 -56.53 -56.12 -55.62 -55.12 -54.69 -54.28 -53.84 -53.25 -52.28 -51.88 -52.03 -52.06 -51.88 -51.56 -51.09 -50.50 -49.84 -49.12 -48.44 -47.75 -47.00 -46.19 -45.69 -45.72 -45.84 -45.94 -46.00 -46.00 -45.91 -45.75 -45.47 -45.12 -44.72 -44.25 -43.75 -43.25 -42.31 -41.19 -40.12 -39.53 -39.53 -39.84 -40.22
-56.97 -56.41 -56.62 -57.22 -57.47 -57.66 -57.78 -57.81 -57.81 -57.72 -57.56 -57.31 -56.97 -56.62 -56.09 -55.28 -54.69 -54.66 -55.22 -55.75 -56.09 -56.38 -56.59 -56.75 -56.88 -56.94 -56.81 -56.56 -56.16 -55.72 -55.19 -54.62 -54.09 -53.66 -53.25 -52.72 -52.03 -51.25 -51.19 -51.28 -51.19 -50.94 -50.56 -50.03 -49.44 -48.81 -48.16 -47.56 -46.88 -46.12 -45.59 -45.53 -45.66 -45.75 -45.84 -45.88 -45.78 -45.59 -45.34 -45.00 -44.59 -44.12 -43.62 -43.12 -42.25 -41.12 -39.94 -38.97 -38.53 -38.66 -39.00
-56.97 -56.34 -56.41 -56.88 -57.09 -57.25 -57.34 -57.38 -57.34 -57.28 -57.16 -56.91 -56.59 -56.25 -55.69 -54.84 -54.25 -54.38 -55.06 -55.53 -55.84 -56.09 -56.28 -56.44 -56.56 -56.62 -56.50 -56.22 -55.81 -55.34 -54.78 -54.19 -53.59 -53.09 -52.66 -52.22 -51.66 -50.94 -50.47 -50.50 -50.47 -50.28 -49.97 -49.53 -49.00 -48.44 -47.84 -47.28 -46.62 -45.94 -45.44 -45.38 -45.47 -45.56 -45.66 -45.69 -45.62 -45.47 -45.22 -44.91 -44.50 -44.03 -43.53 -43.00 -42.25 -41.09 -39.84 -38.66 -37.84 -37.59 -37.84
-57.12 -56.34 -56.06 -56.47 -56.69 -56.78 -56.84 -56.88 -56.84 -56.81 -56.72 -56.50 -56.19 -55.84 -55.19 -54.38 -53.88 -54.19 -54.88 -55.28 -55.56 -55.81 -55.97 -56.12 -56.25 -56.28 -56.16 -55.88 -55.47 -54.94 -54.38 -53.78 -53.16 -52.56 -52.12 -51.69 -51.22 -50.66 -50.09 -49.88 -49.81 -49.66 -49.38 -49.00 -48.56 -48.03 -47.47 -46.91 -46.28 -45.62 -45.22 -45.16 -45.25 -45.38 -45.47 -45.53 -45.50 -45.34 -45.12 -44.81 -44.44 -43.97 -43.44 -42.91 -42.22 -41.12 -39.84 -38.59 -37.56 -36.91 -36.88
