everonasctiles/Tile11,15.asc
ncols 128
nrows 128
xllcorner 0
yllcorner 0
cellsize 2.0
NODATA_value  -9999
[rows 70 to 104 of 128, columns 0 to 78 of 128]
5.22 5.09 5.06 5.09 5.19 5.34 5.53 5.88 6.09 6.16 6.09 6.06 6.03 5.97 5.94 6.38 7.16 7.31 7.50 7.81 8.03 8.25 8.34 8.72 8.97 9.22 9.41 9.62 9.84 9.94 10.16 10.34 10.53 10.78 11.00 11.41 11.62 11.91 12.12 12.38 12.66 12.94 13.16 13.53 13.62 13.97 14.41 14.81 15.06 15.84 16.56 17.28 17.88 18.41 18.97 20.19 20.94 21.84 22.59 24.00 22.88 22.25 21.69 21.06 20.25 19.81 19.38 18.97 19.09 19.34 19.31 19.94 20.47 21.31 21.91 22.66 23.69 24.22 24.78
5.19 5.12 5.09 5.12 5.22 5.38 5.53 5.75 5.94 6.16 6.19 6.12 6.09 6.03 5.97 5.94 6.38 7.03 7.28 7.50 7.69 7.78 8.16 8.38 8.56 8.78 8.94 9.22 9.53 9.72 9.94 10.12 10.22 10.47 10.69 10.88 11.31 11.38 11.84 11.94 12.38 12.62 12.94 13.22 13.31 13.81 14.16 14.38 14.84 15.09 15.88 16.50 17.12 17.69 18.22 18.94 19.88 20.50 21.12 21.41 21.06 20.66 20.00 19.38 18.81 18.41 17.97 17.75 18.06 18.34 18.56 19.19 19.94 20.69 21.38 22.25 23.03 23.38 24.00
5.22 5.16 5.16 5.22 5.28 5.41 5.53 5.66 5.81 5.97 6.12 6.22 6.16 6.09 6.03 5.97 5.94 6.44 7.09 7.25 7.44 7.62 7.84 8.03 8.16 8.28 8.66 8.91 9.09 9.31 9.50 9.78 9.97 10.19 10.41 10.59 11.06 11.09 11.38 11.69 12.09 12.38 12.59 12.75 13.06 13.59 13.72 14.25 14.72 14.88 15.28 15.81 16.41 16.94 17.44 17.88 18.53 19.28 19.59 19.53 19.41 18.84 18.41 17.97 17.44 17.00 16.66 16.59 17.03 17.28 17.72 18.47 19.41 20.09 20.81 21.59 22.28 22.81 23.28
5.25 5.22 5.25 5.31 5.38 5.44 5.56 5.66 5.75 5.88 6.00 6.19 6.28 6.22 6.16 6.06 5.97 5.94 6.41 7.03 7.22 7.38 7.56 7.69 7.81 8.06 8.28 8.53 8.72 8.84 9.16 9.34 9.72 10.00 10.12 10.38 10.56 10.84 11.19 11.44 11.69 11.91 12.22 12.56 12.84 13.16 13.66 13.97 14.28 14.59 14.84 15.25 15.69 16.19 16.66 17.00 17.47 17.91 18.19 18.06 17.72 17.44 17.00 16.56 16.06 15.66 15.47 15.59 15.91 16.34 17.00 17.97 18.84 19.44 20.25 20.84 21.62 21.97 22.56
5.31 5.31 5.34 5.41 5.47 5.56 5.66 5.72 5.81 5.88 5.97 6.09 6.28 6.34 6.28 6.19 6.09 6.00 5.94 6.41 7.03 7.12 7.25 7.41 7.62 7.81 7.97 8.12 8.22 8.56 8.81 9.06 9.34 9.59 9.78 10.09 10.41 10.69 10.91 11.22 11.44 11.69 12.00 12.34 12.78 13.09 13.41 13.72 14.03 14.28 14.75 14.84 15.06 15.47 15.88 16.22 16.59 16.81 16.81 16.66 16.34 16.03 15.62 15.19 14.91 14.62 14.59 14.72 14.97 15.91 16.78 17.50 18.47 19.12 19.66 20.41 21.00 21.47 21.91
5.34 5.34 5.41 5.50 5.59 5.69 5.78 5.84 5.91 5.94 6.00 6.06 6.25 6.47 6.41 6.31 6.22 6.12 6.00 5.94 6.38 6.97 7.03 7.12 7.38 7.56 7.69 7.75 7.94 8.19 8.47 8.62 8.78 9.31 9.69 9.88 10.16 10.44 10.72 10.97 11.25 11.50 11.84 12.12 12.38 12.72 13.00 13.31 13.56 14.00 14.25 14.41 14.81 14.78 15.06 15.25 15.66 15.81 15.75 15.53 15.19 14.81 14.44 14.09 13.88 14.03 14.06 14.34 14.81 15.62 16.44 17.31 18.00 18.62 19.25 19.84 20.34 20.84 21.16
5.38 5.41 5.53 5.62 5.75 5.84 5.91 5.97 6.00 6.00 6.03 6.06 6.16 6.41 6.62 6.50 6.41 6.28 6.16 6.03 5.94 6.34 6.81 7.00 7.16 7.31 7.44 7.56 7.62 7.91 8.12 8.12 8.69 9.03 9.31 9.50 9.94 10.22 10.44 10.75 11.03 11.41 11.69 11.94 12.22 12.50 12.78 13.00 13.28 13.53 13.94 14.12 14.34 14.41 14.59 14.69 14.72 14.69 14.84 14.56 14.09 13.59 13.34 13.19 13.38 13.50 13.62 14.09 14.53 15.31 16.16 16.91 17.62 18.12 18.78 19.12 19.66 20.06 20.34
5.38 5.44 5.56 5.69 5.84 5.97 6.03 6.06 6.06 6.06 6.06 6.06 6.09 6.22 6.62 6.75 6.56 6.44 6.31 6.16 6.03 5.94 6.28 6.88 6.94 7.03 7.12 7.19 7.41 7.56 7.75 8.09 8.41 8.59 8.84 9.41 9.78 9.84 10.25 10.59 10.97 11.25 11.56 11.88 12.12 12.31 12.56 12.78 13.03 13.22 13.44 13.81 13.81 13.97 14.06 14.16 14.16 14.03 13.88 13.56 13.09 12.66 12.72 12.81 12.88 12.94 13.41 13.66 14.16 14.97 15.84 16.56 17.19 17.66 18.09 18.53 18.91 19.28 19.50
5.31 5.44 5.56 5.72 5.88 6.00 6.09 6.16 6.16 6.12 6.09 6.06 6.09 6.19 6.31 6.75 6.84 6.62 6.50 6.34 6.16 6.00 5.88 6.19 6.75 6.78 6.81 7.03 7.12 7.28 7.53 7.78 8.06 8.38 8.78 9.12 9.44 9.88 9.94 10.38 10.75 11.06 11.41 11.66 12.00 12.25 12.47 12.66 12.84 13.00 13.16 13.31 13.47 13.59 13.69 13.66 13.59 13.25 12.91 12.47 12.16 12.06 12.22 12.47 12.28 12.75 12.94 13.16 13.94 14.75 15.53 16.16 16.59 16.94 17.41 17.75 18.09 18.47 18.78
5.41 5.50 5.66 5.78 5.94 6.06 6.12 6.19 6.19 6.16 6.16 6.12 6.12 6.19 6.28 6.41 6.84 6.94 6.66 6.47 6.31 6.12 5.94 5.81 6.09 6.56 6.59 6.72 6.91 7.12 7.31 7.56 7.84 8.19 8.38 8.72 9.16 9.62 10.00 10.06 10.44 10.72 11.09 11.47 11.81 12.06 12.25 12.53 12.69 12.84 12.88 13.03 13.12 13.19 13.22 13.16 12.94 12.66 12.22 11.84 11.53 11.69 11.81 11.91 12.28 12.19 12.62 12.94 13.62 14.38 15.03 15.50 15.84 16.22 16.62 17.03 17.34 17.72 17.97
5.59 5.66 5.75 5.88 6.00 6.09 6.16 6.19 6.19 6.16 6.16 6.16 6.16 6.19 6.25 6.34 6.41 6.69 6.88 6.62 6.44 6.25 6.06 5.88 5.72 5.91 6.31 6.53 6.72 6.91 7.03 7.19 7.59 7.69 8.12 8.53 8.94 9.38 9.69 9.75 10.12 10.47 10.88 11.19 11.44 11.72 12.03 12.25 12.47 12.62 12.66 12.66 12.69 12.75 12.69 12.53 12.34 11.97 11.56 11.31 11.22 11.25 11.34 11.66 11.94 11.91 12.09 12.66 13.28 13.94 14.44 14.75 15.06 15.41 15.81 16.19 16.59 17.03 17.31
5.72 5.78 5.88 5.97 6.06 6.12 6.16 6.19 6.19 6.16 6.12 6.16 6.16 6.16 6.19 6.25 6.31 6.38 6.59 6.81 6.56 6.38 6.19 6.00 5.81 5.66 5.88 6.31 6.47 6.66 6.84 7.06 7.28 7.44 7.88 8.28 8.66 8.97 9.44 9.75 9.88 10.22 10.59 10.94 11.22 11.41 11.59 11.78 11.97 12.16 12.12 12.12 12.09 12.06 12.00 11.84 11.66 11.44 11.06 10.97 10.81 10.69 11.09 11.16 11.59 11.34 11.94 12.47 13.00 13.47 13.78 14.06 14.38 14.75 15.12 15.56 16.00 16.34 16.62
5.81 5.88 5.97 6.03 6.12 6.16 6.19 6.19 6.16 6.12 6.12 6.12 6.12 6.12 6.16 6.16 6.19 6.22 6.34 6.56 6.78 6.53 6.34 6.12 5.94 5.75 5.62 5.88 6.22 6.41 6.62 6.84 7.06 7.31 7.62 7.97 8.31 8.75 9.09 9.53 9.81 10.00 10.31 10.59 10.84 11.06 11.22 11.38 11.53 11.56 11.56 11.53 11.47 11.41 11.34 11.22 11.06 10.88 10.81 10.59 10.34 10.38 10.69 10.78 11.00 11.31 11.78 12.22 12.59 12.88 13.16 13.41 13.72 14.06 14.47 14.84 15.31 15.53 15.81
5.88 5.94 6.03 6.09 6.19 6.22 6.19 6.19 6.16 6.12 6.09 6.06 6.09 6.06 6.06 6.09 6.09 6.09 6.19 6.38 6.56 6.72 6.47 6.25 6.06 5.91 5.72 5.66 5.88 6.22 6.41 6.62 6.84 7.09 7.38 7.66 8.00 8.41 8.72 9.06 9.50 9.75 10.03 10.28 10.53 10.72 10.84 10.94 11.00 10.97 10.97 10.94 10.91 10.81 10.78 10.69 10.56 10.38 10.38 10.09 9.88 10.31 10.06 10.38 10.84 11.16 11.53 11.88 12.09 12.34 12.59 12.84 13.16 13.50 13.84 14.16 14.62 14.78 15.38
5.84 5.97 6.03 6.12 6.19 6.19 6.16 6.16 6.12 6.06 6.03 6.00 6.00 6.00 6.00 5.97 5.97 6.00 6.06 6.19 6.38 6.59 6.62 6.41 6.19 6.06 5.88 5.75 5.69 5.88 6.22 6.47 6.69 6.91 7.16 7.41 7.72 8.03 8.31 8.81 9.19 9.50 9.75 10.00 10.22 10.34 10.44 10.47 10.47 10.44 10.44 10.41 10.38 10.34 10.31 10.22 10.31 9.97 10.03 9.75 9.59 9.69 10.03 10.41 10.62 10.94 11.22 11.44 11.66 11.88 12.09 12.34 12.66 12.94 13.28 13.69 14.03 14.44 14.94
5.78 5.88 5.97 6.03 6.09 6.12 6.12 6.09 6.06 6.00 5.97 5.94 5.94 5.91 5.91 5.91 5.88 5.91 5.94 6.06 6.25 6.41 6.53 6.53 6.38 6.19 6.03 5.91 5.75 5.69 5.88 6.25 6.50 6.72 6.97 7.22 7.47 7.75 8.06 8.47 8.88 9.19 9.47 9.72 9.91 10.00 10.00 10.00 9.97 9.94 9.91 9.91 9.88 9.88 9.84 9.78 9.91 9.59 9.56 9.34 9.38 9.53 9.94 10.16 10.41 10.66 10.88 11.06 11.28 11.47 11.69 11.97 12.22 12.53 12.88 13.25 13.62 14.03 14.53
5.72 5.75 5.81 5.88 5.94 5.97 6.00 6.00 5.97 5.91 5.88 5.88 5.84 5.84 5.84 5.84 5.84 5.84 5.88 5.94 6.12 6.28 6.38 6.44 6.41 6.31 6.16 6.03 5.88 5.75 5.69 5.84 6.28 6.56 6.75 7.00 7.25 7.50 7.78 8.16 8.53 8.88 9.22 9.44 9.59 9.59 9.53 9.47 9.44 9.44 9.44 9.44 9.44 9.44 9.44 9.41 9.38 9.34 9.19 9.09 9.22 9.50 9.69 9.94 10.16 10.38 10.56 10.75 10.94 11.12 11.38 11.59 11.81 12.22 12.53 12.84 13.22 13.59 13.97
5.72 5.72 5.78 5.84 5.91 5.94 5.97 5.94 5.88 5.84 5.78 5.78 5.78 5.78 5.81 5.81 5.84 5.84 5.88 5.91 6.03 6.16 6.28 6.34 6.34 6.31 6.22 6.12 6.00 5.88 5.75 5.69 5.84 6.25 6.56 6.78 7.00 7.25 7.50 7.81 8.16 8.53 8.88 9.03 9.09 9.06 9.00 8.97 8.94 8.94 8.94 9.00 9.00 9.06 9.06 9.09 9.12 9.19 8.81 9.06 9.19 9.38 9.56 9.81 9.97 10.16 10.31 10.47 10.66 10.81 11.03 11.28 11.53 11.81 12.09 12.41 12.72 13.06 13.34
5.75 5.75 5.78 5.84 5.91 5.91 5.88 5.84 5.75 5.69 5.66 5.62 5.66 5.69 5.72 5.78 5.84 5.88 5.91 5.94 6.00 6.06 6.19 6.25 6.28 6.25 6.22 6.16 6.06 5.94 5.84 5.75 5.69 5.81 6.22 6.56 6.78 7.00 7.25 7.50 7.78 8.09 8.38 8.56 8.66 8.69 8.53 8.50 8.47 8.50 8.50 8.56 8.59 8.91 8.75 8.81 8.91 8.69 9.00 9.06 9.25 9.34 9.50 9.69 9.81 9.91 10.06 10.19 10.41 10.56 10.81 11.03 11.28 11.50 11.78 12.06 12.34 12.62 12.88
5.66 5.62 5.59 5.66 5.66 5.66 5.62 5.56 5.47 5.44 5.41 5.44 5.47 5.53 5.59 5.69 5.78 5.88 5.97 6.00 6.03 6.06 6.09 6.19 6.22 6.22 6.16 6.12 6.06 6.00 5.91 5.81 5.75 5.69 5.81 6.16 6.53 6.75 6.94 7.16 7.38 7.66 7.88 8.03 8.09 8.09 8.03 8.00 8.00 8.03 8.06 8.16 8.25 8.56 8.44 8.56 8.53 8.62 8.91 9.06 9.19 9.31 9.47 9.56 9.62 9.72 9.88 10.03 10.16 10.41 10.59 10.81 11.03 11.25 11.50 11.75 12.00 12.22 12.44
5.34 5.25 5.19 5.16 5.12 5.03 5.00 5.03 5.06 5.06 5.09 5.16 5.22 5.31 5.41 5.53 5.69 5.84 5.97 6.09 6.16 6.16 6.16 6.16 6.16 6.16 6.12 6.09 6.03 5.97 5.91 5.84 5.81 5.75 5.69 5.75 6.09 6.47 6.66 6.84 7.00 7.19 7.38 7.47 7.50 7.50 7.50 7.50 7.50 7.59 7.62 7.78 7.88 8.06 8.22 8.03 8.22 8.72 8.94 9.03 9.16 9.28 9.38 9.41 9.47 9.53 9.66 9.84 10.03 10.22 10.41 10.59 10.81 11.03 11.25 11.47 11.69 11.88 12.06
4.81 4.69 4.62 4.56 4.47 4.44 4.44 4.50 4.59 4.69 4.75 4.84 4.94 5.06 5.19 5.34 5.50 5.69 5.91 6.09 6.22 6.25 6.22 6.16 6.12 6.09 6.06 6.03 6.00 5.94 5.91 5.84 5.81 5.81 5.78 5.78 5.81 6.00 6.34 6.53 6.66 6.78 6.91 6.97 7.00 6.97 6.97 7.00 7.06 7.12 7.22 7.41 7.56 7.88 7.38 7.94 8.50 8.72 8.88 9.00 9.09 9.19 9.25 9.28 9.31 9.44 9.53 9.66 9.88 10.03 10.19 10.41 10.62 10.81 11.03 11.22 11.41 11.59 11.75
4.31 4.22 4.06 3.97 3.88 3.88 4.00 4.09 4.19 4.31 4.44 4.56 4.66 4.78 4.94 5.09 5.25 5.47 5.69 5.94 6.16 6.22 6.22 6.16 6.09 6.06 6.03 6.00 5.94 5.91 5.88 5.81 5.81 5.78 5.78 5.78 5.81 5.84 5.91 6.19 6.31 6.41 6.50 6.56 6.56 6.53 6.53 6.53 6.59 6.75 6.84 7.06 7.28 6.94 7.69 8.16 8.38 8.62 8.81 8.97 9.03 9.09 9.12 9.12 9.22 9.31 9.41 9.56 9.69 9.88 10.06 10.25 10.44 10.62 10.81 11.00 11.16 11.34 11.44
3.69 3.59 3.41 3.22 3.09 3.06 3.09 3.22 3.38 3.53 3.81 4.06 4.09 4.25 4.50 4.78 4.97 5.16 5.38 5.62 5.91 6.06 6.09 6.06 6.03 6.00 6.00 5.97 5.91 5.88 5.81 5.78 5.75 5.75 5.75 5.75 5.75 5.78 5.75 5.75 5.97 6.09 6.16 6.19 6.22 6.19 6.19 6.19 6.25 6.31 6.53 6.72 6.59 7.31 7.66 7.97 8.28 8.53 8.75 8.91 9.00 9.03 9.00 9.03 9.06 9.16 9.31 9.44 9.59 9.75 9.91 10.09 10.25 10.44 10.62 10.78 10.94 11.06 11.22
2.88 2.78 2.62 2.47 2.25 2.19 2.16 2.00 1.84 2.06 2.69 3.12 3.28 3.47 3.72 4.00 4.31 4.62 4.94 5.22 5.50 5.75 5.84 5.91 5.94 5.94 5.94 5.91 5.88 5.84 5.78 5.75 5.72 5.69 5.69 5.69 5.69 5.69 5.66 5.59 5.56 5.78 5.88 5.94 5.94 5.94 5.94 5.94 5.97 6.09 6.09 6.34 6.75 7.12 7.47 7.78 8.16 8.44 8.66 8.81 8.88 8.91 8.88 8.91 8.97 9.06 9.16 9.28 9.47 9.62 9.78 9.94 10.09 10.28 10.44 10.59 10.75 10.84 11.00
2.06 2.00 1.88 1.75 1.59 1.53 1.47 1.25 1.19 1.34 1.75 2.09 2.31 2.53 2.81 3.09 3.44 3.81 4.22 4.75 5.09 5.38 5.56 5.72 5.81 5.84 5.88 5.88 5.84 5.78 5.75 5.69 5.66 5.62 5.62 5.62 5.62 5.62 5.62 5.53 5.41 5.44 5.59 5.69 5.75 5.75 5.78 5.78 5.81 5.88 5.97 6.22 6.59 6.94 7.31 7.66 8.06 8.28 8.53 8.69 8.78 8.81 8.78 8.78 8.84 9.00 9.09 9.22 9.34 9.50 9.66 9.81 9.97 10.12 10.28 10.41 10.56 10.69 10.81
1.47 1.41 1.31 1.25 1.19 1.16 1.06 1.03 1.00 1.03 1.16 1.38 1.56 1.78 2.00 2.28 2.59 3.00 3.44 4.03 4.72 5.03 5.28 5.50 5.62 5.75 5.81 5.81 5.81 5.75 5.69 5.62 5.56 5.53 5.53 5.56 5.59 5.59 5.59 5.53 5.44 5.41 5.41 5.47 5.56 5.62 5.66 5.69 5.72 5.78 5.91 6.12 6.41 6.75 7.12 7.53 7.88 8.22 8.44 8.53 8.62 8.72 8.66 8.66 8.78 8.88 9.00 9.12 9.25 9.38 9.53 9.66 9.81 9.97 10.09 10.25 10.38 10.47 10.59
1.09 1.06 1.06 1.06 1.06 1.06 0.94 0.94 0.94 0.94 0.94 1.03 1.12 1.25 1.41 1.62 1.91 2.25 2.62 3.12 3.91 4.44 4.94 5.25 5.47 5.59 5.69 5.75 5.75 5.72 5.66 5.59 5.50 5.44 5.44 5.47 5.50 5.53 5.56 5.53 5.47 5.47 5.47 5.47 5.50 5.53 5.56 5.59 5.66 5.72 5.84 6.00 6.25 6.53 6.97 7.34 7.75 8.06 8.25 8.38 8.50 8.59 8.56 8.62 8.69 8.81 8.88 9.00 9.12 9.25 9.41 9.53 9.66 9.81 9.94 10.06 10.19 10.31 10.41
0.94 0.94 0.94 0.94 0.94 0.94 0.94 0.94 0.94 0.94 0.94 0.94 0.94 0.94 1.09 1.25 1.44 1.62 1.84 2.06 2.66 3.41 4.16 4.72 5.19 5.44 5.59 5.66 5.69 5.69 5.62 5.53 5.44 5.38 5.34 5.38 5.41 5.47 5.53 5.50 5.50 5.47 5.50 5.50 5.53 5.56 5.53 5.56 5.62 5.69 5.78 5.91 6.12 6.41 6.78 7.25 7.59 7.91 8.06 8.22 8.31 8.44 8.47 8.50 8.59 8.72 8.81 8.88 9.03 9.16 9.25 9.38 9.53 9.66 9.78 9.91 10.00 10.09 10.19
0.94 0.94 0.94 0.94 0.94 0.94 0.94 0.94 0.94 0.94 0.94 0.94 0.94 0.94 0.94 1.03 1.09 1.19 1.19 1.31 1.81 2.53 3.38 4.09 4.69 5.19 5.44 5.56 5.62 5.66 5.59 5.50 5.38 5.28 5.25 5.28 5.31 5.28 5.34 5.44 5.47 5.47 5.50 5.53 5.56 5.56 5.59 5.56 5.56 5.66 5.72 5.84 6.00 6.28 6.66 7.09 7.50 7.78 7.91 8.03 8.19 8.31 8.34 8.44 8.53 8.62 8.66 8.81 8.91 9.03 9.12 9.25 9.34 9.47 9.59 9.66 9.81 9.88 9.94
0.94 0.94 0.94 0.94 0.94 0.94 0.94 0.94 0.94 0.94 0.94 0.94 0.94 0.94 0.94 0.94 0.94 0.94 0.97 1.09 1.41 1.97 2.72 3.47 4.16 4.81 5.25 5.44 5.56 5.62 5.59 5.50 5.34 5.22 5.16 5.16 5.19 5.19 5.28 5.38 5.44 5.47 5.53 5.56 5.56 5.59 5.62 5.62 5.56 5.56 5.69 5.78 5.91 6.12 6.50 6.97 7.31 7.59 7.72 7.88 8.06 8.16 8.25 8.34 8.38 8.50 8.59 8.69 8.78 8.88 8.97 9.06 9.19 9.28 9.38 9.44 9.53 9.59 9.62
0.94 0.94 0.94 0.94 0.94 0.94 0.94 0.94 0.94 0.94 0.94 0.94 0.94 0.94 0.94 0.94 0.94 0.94 0.94 0.94 1.16 1.59 2.19 2.88 3.62 4.34 4.88 5.25 5.41 5.53 5.59 5.53 5.41 5.19 5.09 5.06 5.09 5.12 5.25 5.34 5.44 5.50 5.53 5.56 5.59 5.62 5.62 5.62 5.59 5.53 5.56 5.66 5.81 6.00 6.28 6.75 7.16 7.38 7.53 7.75 7.88 7.97 8.09 8.12 8.22 8.34 8.44 8.53 8.59 8.72 8.81 8.88 8.94 9.00 9.09 9.16 9.22 9.25 9.28
0.94 0.94 0.94 0.94 0.94 0.94 0.94 0.94 0.94 0.94 0.94 0.94 0.94 0.94 0.94 0.94 0.94 0.94 0.94 0.94 0.97 1.25 1.72 2.38 3.12 3.88 4.47 4.94 5.16 5.34 5.50 5.50 5.47 5.31 5.12 5.03 5.03 5.06 5.22 5.34 5.44 5.50 5.56 5.59 5.62 5.62 5.66 5.66 5.62 5.53 5.53 5.56 5.62 5.75 5.97 6.34 6.78 7.03 7.34 7.53 7.59 7.72 7.84 7.91 8.03 8.12 8.25 8.31 8.41 8.53 8.59 8.62 8.66 8.72 8.72 8.81 8.88 8.91 8.91
0.94 0.94 0.94 0.94 0.94 0.94 0.94 0.94 0.94 0.94 0.94 0.94 0.94 0.94 0.94 0.94 0.94 0.94 0.94 0.94 0.94 0.94 1.31 1.88 2.62 3.41 4.09 4.59 4.81 5.03 5.25 5.44 5.47 5.44 5.22 5.06 5.00 5.03 5.22 5.34 5.44 5.53 5.56 5.59 5.62 5.66 5.66 5.66 5.66 5.59 5.56 5.56 5.56 5.59 5.66 5.78 6.03 6.44 6.88 7.12 7.25 7.41 7.50 7.62 7.75 7.84 7.94 8.06 8.19 8.28 8.31 8.28 8.28 8.31 8.34 8.44 8.47 8.50 8.53
0.94 0.94 0.94 0.94 0.94 0.94 0.94 0.94 0.94 0.94 0.94 0.94 0.94 0.94 0.94 0.94 0.94 0.94 0.94 0.94 0.94 0.94 1.12 1.59 2.28 3.06 3.78 4.25 4.47 4.69 4.91 5.19 5.41 5.41 5.31 5.16 5.03 5.06 5.19 5.41 5.50 5.56 5.59 5.62 5.66 5.66 5.66 5.66 5.66 5.62 5.62 5.59 5.59 5.59 5.59 5.59 5.62 5.69 5.81 5.94 6.25 6.62 6.97 7.16 7.38 7.47 7.53 7.72 7.91 7.97 7.88 7.91 7.84 7.84 7.94 7.97 8.06 8.12 8.16
