everonasctiles/Tile34,15.asc
ncols 128
nrows 128
xllcorner 0
yllcorner 0
cellsize 2.0
NODATA_value  -9999
[rows 96 to 127 of 128, columns 0 to 70 of 128]
189.50 189.84 190.03 190.25 190.47 190.44 190.22 190.38 190.53 190.91 191.38 191.72 192.00 192.09 192.25 192.44 192.69 193.06 193.47 193.94 194.44 194.88 195.28 195.66 195.97 196.28 196.50 196.69 196.88 196.97 196.97 196.97 196.97 197.00 196.94 196.81 196.81 196.81 196.81 196.94 196.69 196.62 196.59 196.59 196.59 196.59 196.59 196.59 196.59 196.62 196.66 196.66 197.34 197.34 197.34 197.34 197.34 197.38 197.41 197.44 197.56 197.69 197.88 198.06 198.25 198.44 198.50 198.50 198.47 198.56 198.84
189.31 189.59 189.72 190.00 190.03 189.91 189.97 190.03 190.38 190.81 191.28 191.62 191.81 191.94 192.06 192.25 192.53 192.94 193.38 193.88 194.34 194.75 195.12 195.50 195.81 196.12 196.34 196.56 196.72 196.88 196.94 196.97 196.97 197.00 196.91 196.72 196.75 196.75 196.75 196.88 196.66 196.62 196.62 196.59 196.59 196.59 196.59 196.59 196.59 196.62 196.62 196.66 197.12 197.16 197.16 197.16 197.19 197.22 197.25 197.31 197.38 197.53 197.69 197.84 198.06 198.25 198.38 198.47 198.56 198.78 199.25
189.06 189.22 189.44 189.44 189.50 189.72 189.91 190.06 190.41 190.88 191.31 191.50 191.62 191.75 191.91 192.09 192.38 192.81 193.28 193.78 194.22 194.62 194.97 195.31 195.62 195.94 196.19 196.41 196.59 196.69 196.78 196.84 196.88 196.91 196.78 196.66 196.69 196.69 196.69 196.81 196.66 196.62 196.59 196.59 196.59 196.59 196.59 196.59 196.59 196.59 196.59 196.62 196.94 196.97 196.97 197.00 197.03 197.09 197.12 197.19 197.25 197.38 197.53 197.69 197.88 198.06 198.28 198.50 198.72 199.09 199.97
188.72 188.78 188.81 188.94 189.31 189.56 189.88 190.22 190.50 190.91 191.12 191.31 191.44 191.59 191.75 191.97 192.22 192.66 193.16 193.66 194.06 194.47 194.81 195.12 195.44 195.72 195.97 196.19 196.44 196.50 196.56 196.59 196.62 196.69 196.66 196.59 196.59 196.62 196.62 196.75 196.72 196.66 196.59 196.59 196.59 196.59 196.59 196.59 196.59 196.59 196.59 196.59 196.75 196.78 196.81 196.84 196.91 196.94 197.00 197.06 197.12 197.25 197.41 197.56 197.75 197.97 198.28 198.69 199.09 199.66 199.97
188.09 188.03 188.22 188.66 189.00 189.50 189.97 190.19 190.53 190.78 190.94 191.09 191.28 191.44 191.62 191.81 192.06 192.56 193.03 193.50 193.91 194.28 194.62 194.94 195.22 195.50 195.75 195.97 196.19 196.34 196.38 196.44 196.47 196.50 196.53 196.53 196.53 196.56 196.56 196.66 196.69 196.66 196.59 196.59 196.59 196.59 196.59 196.59 196.59 196.59 196.59 196.59 196.59 196.62 196.66 196.72 196.75 196.81 196.88 196.94 197.00 197.16 197.28 197.47 197.66 198.00 198.47 199.03 199.59 199.75 199.72
187.44 187.38 187.72 188.22 188.91 189.44 189.78 190.12 190.38 190.56 190.75 190.94 191.09 191.31 191.47 191.72 192.00 192.44 192.88 193.34 193.72 194.09 194.41 194.72 195.00 195.25 195.50 195.72 195.91 196.12 196.19 196.25 196.31 196.38 196.44 196.47 196.47 196.50 196.50 196.59 196.62 196.62 196.59 196.59 196.59 196.59 196.59 196.59 196.59 196.59 196.59 196.59 196.47 196.50 196.53 196.56 196.59 196.66 196.75 196.81 196.91 197.03 197.19 197.34 197.66 198.19 198.72 199.25 199.38 199.41 199.53
186.97 187.16 187.50 188.12 188.84 189.38 189.72 189.97 190.16 190.41 190.59 190.75 190.97 191.12 191.44 191.69 191.97 192.31 192.78 193.19 193.56 193.88 194.19 194.50 194.78 195.03 195.25 195.44 195.62 195.84 196.00 196.09 196.16 196.25 196.38 196.41 196.41 196.44 196.44 196.53 196.56 196.56 196.59 196.59 196.59 196.59 196.59 196.59 196.59 196.59 196.59 196.50 196.31 196.34 196.38 196.41 196.47 196.53 196.62 196.69 196.81 196.94 197.06 197.22 197.72 198.38 198.91 199.03 199.03 199.16 199.38
186.88 187.06 187.50 188.19 188.72 189.22 189.53 189.78 190.06 190.25 190.34 190.59 190.84 191.06 191.34 191.62 191.91 192.22 192.62 193.06 193.41 193.72 194.00 194.28 194.56 194.81 195.00 195.22 195.38 195.62 195.81 195.94 196.00 196.16 196.31 196.34 196.34 196.34 196.38 196.44 196.47 196.50 196.53 196.56 196.59 196.59 196.59 196.59 196.59 196.59 196.56 196.25 196.19 196.22 196.25 196.28 196.34 196.41 196.50 196.59 196.69 196.81 196.94 197.09 197.69 198.34 198.56 198.56 198.78 199.00 199.19
187.00 187.41 187.88 188.19 188.66 189.03 189.31 189.59 189.81 189.97 190.25 190.50 190.75 191.06 191.31 191.59 191.88 192.19 192.56 192.94 193.22 193.53 193.81 194.09 194.38 194.62 194.84 195.00 195.16 195.44 195.62 195.78 195.84 196.09 196.25 196.28 196.28 196.28 196.31 196.34 196.41 196.41 196.44 196.44 196.44 196.44 196.47 196.53 196.53 196.47 196.31 196.12 196.09 196.12 196.12 196.19 196.25 196.34 196.44 196.53 196.62 196.72 196.88 197.16 197.56 197.97 198.16 198.41 198.62 198.84 199.03
187.19 187.53 187.84 188.19 188.50 188.84 189.16 189.41 189.59 189.91 190.16 190.44 190.72 191.00 191.25 191.50 191.84 192.16 192.50 192.81 193.09 193.34 193.66 193.97 194.25 194.50 194.69 194.84 195.09 195.28 195.44 195.62 195.75 196.06 196.19 196.22 196.22 196.22 196.22 196.28 196.28 196.31 196.31 196.34 196.34 196.34 196.31 196.28 196.22 196.12 196.06 195.97 195.97 195.97 196.03 196.06 196.16 196.25 196.34 196.44 196.56 196.72 197.00 197.31 197.59 197.81 198.03 198.28 198.50 198.72 198.91
187.00 187.38 187.78 188.12 188.44 188.72 189.00 189.22 189.53 189.81 190.09 190.31 190.59 190.91 191.19 191.47 191.78 192.09 192.44 192.72 192.94 193.22 193.53 193.84 194.16 194.38 194.53 194.66 194.78 194.91 195.16 195.44 195.69 196.03 196.12 196.09 196.09 196.09 196.09 196.09 196.12 196.12 196.09 196.06 196.03 196.00 195.94 195.91 195.88 195.81 195.81 195.78 195.81 195.84 195.91 195.97 196.03 196.12 196.25 196.38 196.53 196.78 196.97 197.25 197.47 197.69 197.94 198.16 198.34 198.59 198.97
186.56 187.00 187.44 187.84 188.22 188.56 188.84 189.16 189.47 189.75 190.03 190.28 190.59 190.84 191.12 191.41 191.72 192.06 192.34 192.59 192.78 193.06 193.41 193.75 194.06 194.28 194.41 194.47 194.47 194.56 194.97 195.41 195.66 196.03 196.03 196.00 195.97 195.97 195.97 195.97 195.94 195.94 195.94 195.91 195.88 195.84 195.81 195.78 195.78 195.78 195.78 195.75 195.81 195.84 195.91 195.97 196.03 196.09 196.22 196.34 196.50 196.72 196.91 197.12 197.34 197.59 197.81 198.03 198.25 198.72 199.31
186.31 186.69 187.06 187.44 187.84 188.25 188.62 188.97 189.34 189.69 190.00 190.31 190.53 190.78 191.03 191.34 191.66 192.00 192.28 192.47 192.62 192.94 193.28 193.62 193.94 194.16 194.28 194.28 194.34 194.59 194.88 195.25 195.66 195.97 195.97 195.97 195.97 195.97 195.97 195.97 195.94 195.94 195.94 195.91 195.88 195.84 195.81 195.78 195.78 195.78 195.78 195.75 195.81 195.84 195.91 195.97 196.03 196.12 196.22 196.34 196.50 196.66 196.84 197.03 197.25 197.47 197.69 197.91 198.25 199.00 199.47
186.31 186.62 186.94 187.28 187.66 188.03 188.41 188.81 189.22 189.56 189.91 190.16 190.50 190.72 190.97 191.31 191.66 191.97 192.19 192.31 192.47 192.75 193.12 193.47 193.81 194.03 194.12 194.12 194.25 194.53 194.88 195.22 195.69 195.94 195.97 195.97 195.97 195.97 195.97 195.97 195.94 195.94 195.94 195.91 195.88 195.84 195.81 195.78 195.78 195.78 195.78 195.78 195.81 195.84 195.91 195.97 196.03 196.12 196.22 196.34 196.47 196.59 196.78 197.00 197.19 197.44 197.62 197.78 198.22 198.94 199.50
186.34 186.62 186.91 187.22 187.56 187.91 188.31 188.69 189.09 189.47 189.81 190.12 190.41 190.72 191.03 191.31 191.66 191.94 192.03 192.19 192.31 192.59 192.94 193.31 193.66 193.88 193.97 193.97 194.19 194.50 194.88 195.25 195.72 195.91 195.97 195.97 195.97 195.97 195.97 195.97 195.94 195.94 195.94 195.91 195.88 195.84 195.81 195.78 195.78 195.78 195.78 195.78 195.81 195.81 195.91 196.00 196.06 196.12 196.25 196.38 196.47 196.66 196.97 197.19 197.31 197.44 197.56 197.75 198.28 199.03 199.62
186.44 186.66 186.94 187.22 187.53 187.88 188.25 188.62 189.00 189.38 189.72 190.03 190.34 190.66 190.97 191.28 191.56 191.72 191.88 192.00 192.16 192.41 192.78 193.19 193.53 193.75 193.88 193.94 194.16 194.50 195.00 195.31 195.84 195.88 195.91 195.94 195.97 195.91 195.88 195.88 195.88 195.91 195.91 195.88 195.84 195.81 195.78 195.78 195.78 195.78 195.78 195.78 195.78 195.94 196.28 196.47 196.56 196.69 196.84 196.97 197.00 197.16 197.34 197.38 197.38 197.41 197.47 197.75 198.41 199.34 200.09
186.38 186.66 186.94 187.22 187.53 187.88 188.22 188.56 188.94 189.28 189.59 189.91 190.19 190.47 190.75 191.06 191.34 191.53 191.69 191.84 191.97 192.25 192.62 193.03 193.41 193.66 193.81 193.97 194.22 194.50 194.84 195.47 195.78 195.78 195.81 195.81 195.84 195.84 195.53 195.56 195.59 195.62 195.75 195.78 195.78 195.78 195.78 195.78 195.78 195.78 195.78 195.81 196.62 197.31 197.41 197.44 197.47 197.47 197.44 197.41 197.38 197.34 197.38 197.38 197.38 197.38 197.38 197.59 199.00 199.72 200.94
186.34 186.62 186.94 187.22 187.53 187.84 188.19 188.53 188.88 189.16 189.47 189.75 190.00 190.25 190.53 190.78 191.03 191.28 191.50 191.66 191.81 192.09 192.50 192.91 193.28 193.53 193.78 194.00 194.34 194.59 194.66 195.59 195.69 195.69 195.72 195.72 195.72 195.75 195.50 195.50 195.50 195.56 195.56 195.56 196.34 198.41 199.84 200.44 200.53 200.56 200.72 200.56 199.50 198.97 198.66 198.47 198.28 198.12 197.94 197.78 197.62 197.50 197.41 197.41 197.41 197.41 197.38 197.44 199.09 201.28 202.91
186.38 186.62 186.91 187.19 187.50 187.81 188.12 188.44 188.75 189.03 189.31 189.56 189.81 190.03 190.28 190.53 190.78 191.03 191.22 191.41 191.62 191.97 192.38 192.81 193.22 193.50 193.75 194.03 194.31 194.53 194.66 195.56 195.59 195.62 195.62 195.62 195.66 195.66 195.47 195.47 195.53 195.56 195.59 195.62 197.44 199.88 201.34 202.16 202.62 202.69 202.56 202.12 201.25 200.53 200.03 199.62 199.28 198.97 198.69 198.38 198.12 197.84 197.69 197.59 197.59 197.62 197.72 198.00 201.03 203.00 205.06
186.41 186.66 186.94 187.19 187.47 187.75 188.03 188.34 188.62 188.88 189.12 189.38 189.59 189.84 190.06 190.28 190.50 190.75 190.97 191.19 191.44 191.81 192.25 192.75 193.16 193.50 193.75 194.00 194.25 194.50 194.62 195.50 195.50 195.53 195.53 195.53 195.56 195.56 195.41 195.47 195.56 195.62 195.56 195.81 198.28 200.81 202.31 203.38 203.97 204.03 203.66 203.31 202.75 202.03 201.41 200.88 200.44 200.06 199.69 199.31 198.94 198.53 198.28 198.16 198.22 198.41 198.91 200.28 203.16 204.84 206.50
186.44 186.69 186.97 187.22 187.47 187.72 187.94 188.22 188.47 188.72 188.97 189.19 189.44 189.66 189.88 190.09 190.31 190.50 190.72 190.97 191.25 191.66 192.16 192.66 193.09 193.47 193.72 193.97 194.25 194.50 194.66 195.41 195.41 195.44 195.44 195.44 195.47 195.47 195.38 195.47 195.56 195.66 195.56 196.03 198.72 201.41 203.00 204.31 205.09 205.09 204.50 204.31 204.12 203.47 202.78 202.22 201.75 201.34 200.97 200.59 200.16 199.72 199.38 199.28 199.47 200.03 201.34 203.47 205.88 206.91 207.53
186.44 186.75 187.00 187.25 187.53 187.75 187.94 188.16 188.38 188.59 188.84 189.06 189.28 189.50 189.72 189.91 190.12 190.34 190.56 190.81 191.09 191.53 192.03 192.56 193.03 193.41 193.69 193.94 194.31 194.50 194.72 195.31 195.31 195.31 195.34 195.34 195.38 195.38 195.34 195.38 195.44 195.62 195.62 196.16 198.97 201.81 203.66 204.94 205.66 205.84 205.59 205.44 205.41 204.88 204.19 203.62 203.16 202.78 202.47 202.19 201.88 201.53 201.22 201.25 201.75 202.78 204.56 206.09 207.25 207.84 208.47
186.41 186.72 187.00 187.25 187.47 187.72 187.94 188.12 188.31 188.53 188.75 188.94 189.16 189.38 189.56 189.78 190.00 190.19 190.41 190.66 190.97 191.41 191.91 192.44 192.91 193.31 193.69 194.03 194.44 194.62 194.81 195.19 195.22 195.22 195.25 195.25 195.28 195.28 195.34 195.38 195.47 195.72 195.75 196.25 199.00 202.22 204.22 205.16 205.78 206.16 206.28 206.25 206.28 206.03 205.53 205.00 204.59 204.31 204.16 204.03 203.94 203.94 204.00 204.34 205.34 206.12 206.81 207.41 208.31 208.97 209.28
186.34 186.69 186.97 187.25 187.50 187.72 187.91 188.09 188.28 188.47 188.69 188.88 189.06 189.25 189.47 189.66 189.88 190.06 190.28 190.53 190.84 191.28 191.78 192.31 192.81 193.25 193.69 194.16 194.50 194.56 194.88 195.09 195.12 195.12 195.16 195.16 195.16 195.22 195.34 195.38 195.56 195.84 196.00 196.31 198.78 202.53 204.56 205.41 205.94 206.28 206.50 206.69 206.78 206.81 206.69 206.34 206.03 205.88 205.75 205.62 205.66 205.91 206.44 207.31 207.69 207.66 208.12 208.72 209.22 209.47 209.59
186.28 186.62 186.94 187.19 187.44 187.66 187.88 188.06 188.25 188.44 188.62 188.81 189.00 189.19 189.38 189.56 189.75 189.97 190.19 190.44 190.75 191.16 191.66 192.16 192.69 193.19 193.66 194.09 194.41 194.53 194.88 195.00 195.03 195.03 195.03 195.06 195.06 194.97 194.81 194.94 195.47 195.94 196.28 196.75 199.31 202.84 204.84 205.69 205.97 206.38 206.56 206.72 207.06 207.41 207.56 207.41 207.19 206.97 206.81 206.81 206.97 207.31 207.94 208.88 209.38 209.34 209.53 209.81 209.78 209.78 210.06
186.16 186.53 186.84 187.12 187.38 187.62 187.81 188.00 188.19 188.38 188.56 188.72 188.91 189.09 189.28 189.47 189.66 189.88 190.09 190.34 190.69 191.06 191.53 192.06 192.56 193.09 193.59 194.09 194.34 194.47 194.84 194.91 194.91 194.94 194.94 194.97 194.97 194.72 194.59 194.62 194.84 196.12 197.12 197.66 200.91 203.53 205.25 206.06 206.38 206.59 206.78 207.09 207.41 207.88 208.12 208.09 207.88 207.69 207.62 207.69 207.94 208.41 209.06 209.84 210.47 210.66 210.62 210.56 210.53 210.53 210.75
186.03 186.41 186.72 187.03 187.31 187.56 187.75 187.94 188.12 188.31 188.50 188.66 188.84 189.03 189.19 189.38 189.56 189.78 190.00 190.28 190.62 191.03 191.47 191.97 192.47 193.00 193.56 194.06 194.28 194.41 194.78 194.81 194.81 194.84 194.84 194.88 194.88 194.62 194.59 194.59 194.62 196.00 197.25 200.41 202.31 204.12 205.44 206.03 206.38 206.72 207.06 207.41 207.91 208.38 208.53 208.53 208.38 208.25 208.22 208.38 208.69 209.22 209.91 210.59 211.09 211.28 211.31 211.34 211.34 211.38 211.50
185.94 186.28 186.62 186.94 187.22 187.47 187.69 187.91 188.06 188.28 188.44 188.59 188.78 188.94 189.12 189.28 189.47 189.69 189.94 190.25 190.59 191.00 191.44 191.91 192.41 192.94 193.53 194.06 194.19 194.34 194.69 194.72 194.72 194.75 194.75 194.75 194.78 194.59 194.59 194.59 194.59 195.34 199.00 201.50 203.03 204.25 205.16 205.81 206.25 206.69 207.19 207.75 208.31 208.69 208.84 208.88 208.78 208.69 208.72 208.91 209.28 209.81 210.47 211.09 211.59 211.88 212.00 212.03 212.06 212.09 212.22
185.84 186.19 186.53 186.84 187.12 187.41 187.62 187.84 188.03 188.22 188.38 188.53 188.72 188.88 189.03 189.22 189.38 189.62 189.88 190.22 190.59 191.00 191.44 191.91 192.41 192.94 193.53 193.97 194.16 194.31 194.59 194.62 194.62 194.62 194.66 194.66 194.69 194.59 194.59 194.59 194.59 195.09 199.91 202.06 203.22 204.03 204.69 205.25 205.78 206.34 207.03 207.78 208.44 208.84 209.03 209.09 209.09 209.06 209.09 209.31 209.69 210.19 210.81 211.44 211.94 212.34 212.56 212.62 212.62 212.66 212.78
185.75 186.09 186.44 186.75 187.06 187.31 187.56 187.78 187.97 188.12 188.31 188.47 188.66 188.81 188.97 189.12 189.28 189.56 189.84 190.19 190.56 190.97 191.44 191.91 192.44 192.97 193.56 193.91 194.06 194.28 194.47 194.50 194.53 194.53 194.56 194.56 194.59 194.59 194.59 194.59 194.59 195.22 200.06 202.22 203.28 203.91 204.31 204.75 205.31 206.06 206.88 207.62 208.31 208.84 209.12 209.28 209.34 209.38 209.41 209.59 209.94 210.38 210.91 211.53 212.16 212.56 212.88 212.97 213.00 213.03 213.16
185.66 186.03 186.34 186.69 186.97 187.25 187.50 187.72 187.88 188.06 188.22 188.41 188.56 188.69 188.88 189.03 189.22 189.47 189.78 190.12 190.53 190.97 191.44 191.91 192.44 192.97 193.66 193.84 194.00 194.25 194.38 194.38 194.41 194.44 194.47 194.47 194.53 194.59 194.59 194.59 194.59 195.41 200.06 202.25 203.28 203.78 204.03 204.28 204.94 205.78 206.62 207.44 208.16 208.72 209.12 209.38 209.53 209.62 209.66 209.78 210.06 210.44 210.94 211.53 212.12 212.59 212.94 213.09 213.16 213.19 213.28
185.59 185.94 186.28 186.59 186.91 187.19 187.44 187.62 187.81 187.97 188.12 188.28 188.47 188.66 188.81 188.97 189.16 189.41 189.72 190.09 190.50 190.94 191.41 191.91 192.44 192.94 193.56 193.78 193.94 194.22 194.25 194.28 194.31 194.31 194.34 194.38 194.53 194.59 194.59 194.59 194.72 196.03 200.19 202.25 203.19 203.66 203.75 204.03 204.75 205.59 206.41 207.22 207.97 208.59 209.09 209.44 209.66 209.81 209.88 209.94 210.12 210.44 210.88 211.41 211.97 212.47 212.84 213.00 213.09 213.16 213.25
