everonasctiles/Tile22,44.asc
ncols 128
nrows 128
xllcorner 0
yllcorner 0
cellsize 2.0
NODATA_value  -9999
[rows 0 to 32 of 128, columns 0 to 74 of 128]
-7.00 -7.22 -7.41 -7.66 -7.78 -7.88 -8.06 -8.12 -8.25 -8.25 -8.28 -8.31 -8.28 -8.31 -8.38 -8.41 -8.53 -8.59 -8.59 -8.59 -8.81 -8.97 -9.06 -9.09 -9.00 -8.94 -8.94 -8.88 -8.72 -8.59 -8.53 -8.41 -8.22 -8.00 -7.94 -7.81 -7.75 -7.62 -7.59 -7.53 -7.38 -7.22 -6.94 -6.75 -6.78 -6.62 -6.53 -6.38 -6.31 -6.12 -6.16 -5.78 -5.72 -5.72 -5.62 -5.41 -5.34 -5.16 -5.16 -5.19 -5.19 -5.38 -5.34 -5.19 -5.25 -5.41 -5.34 -5.47 -5.72 -5.94 -6.03 -6.12 -6.25 -6.19 -6.25
-6.59 -6.78 -7.06 -7.31 -7.44 -7.62 -7.75 -7.91 -8.00 -8.06 -8.12 -8.09 -7.97 -8.09 -8.19 -8.28 -8.38 -8.38 -8.56 -8.62 -8.75 -8.94 -9.03 -9.06 -9.12 -9.16 -9.09 -9.06 -8.91 -8.81 -8.72 -8.53 -8.38 -8.31 -8.19 -8.06 -8.00 -7.88 -7.69 -7.62 -7.56 -7.47 -7.34 -7.22 -7.09 -7.09 -6.88 -6.69 -6.50 -6.19 -6.19 -6.03 -6.03 -6.09 -5.97 -5.75 -5.72 -5.72 -5.53 -5.59 -5.56 -5.72 -5.69 -5.81 -5.94 -6.00 -5.91 -6.09 -6.12 -6.06 -6.09 -6.06 -6.16 -6.25 -6.41
-6.16 -6.47 -6.66 -6.88 -7.09 -7.28 -7.41 -7.56 -7.66 -7.72 -7.78 -7.81 -7.91 -7.94 -8.00 -8.09 -8.16 -8.38 -8.56 -8.69 -8.78 -8.91 -9.06 -9.12 -9.22 -9.25 -9.25 -9.22 -9.25 -9.09 -8.94 -8.78 -8.53 -8.50 -8.41 -8.34 -8.19 -8.06 -7.88 -7.88 -7.84 -7.59 -7.44 -7.38 -7.31 -7.22 -7.22 -7.12 -6.81 -6.47 -6.41 -6.44 -6.47 -6.66 -6.47 -6.38 -6.16 -6.03 -6.16 -6.22 -6.28 -6.16 -6.22 -6.16 -6.34 -6.31 -6.41 -6.59 -6.59 -6.41 -6.28 -6.19 -6.19 -6.47 -6.66
-5.81 -6.00 -6.31 -6.53 -6.69 -6.88 -7.00 -7.06 -7.25 -7.44 -7.47 -7.44 -7.62 -7.59 -7.72 -7.81 -7.97 -8.28 -8.38 -8.56 -8.78 -8.97 -9.12 -9.22 -9.31 -9.38 -9.41 -9.41 -9.41 -9.28 -9.19 -9.06 -8.97 -8.84 -8.75 -8.69 -8.44 -8.31 -8.31 -8.28 -8.12 -7.81 -7.81 -7.72 -7.62 -7.59 -7.56 -7.44 -7.25 -7.16 -6.88 -6.91 -6.81 -6.81 -6.88 -6.88 -6.91 -6.72 -6.62 -6.56 -6.47 -6.50 -6.41 -6.53 -6.75 -6.84 -6.81 -6.84 -6.81 -6.69 -6.53 -6.50 -6.53 -6.75 -6.78
-5.41 -5.62 -5.91 -6.12 -6.31 -6.47 -6.59 -6.72 -6.91 -7.00 -7.06 -7.12 -7.25 -7.31 -7.47 -7.62 -7.88 -7.97 -8.19 -8.47 -8.66 -8.91 -9.06 -9.19 -9.31 -9.44 -9.47 -9.50 -9.50 -9.47 -9.38 -9.34 -9.28 -9.25 -9.22 -9.06 -8.78 -8.69 -8.59 -8.59 -8.50 -8.19 -8.03 -8.03 -8.03 -7.78 -7.69 -7.66 -7.59 -7.47 -7.53 -7.38 -7.41 -7.34 -7.19 -7.25 -7.31 -7.12 -7.03 -6.94 -6.94 -6.75 -6.84 -7.06 -7.09 -7.19 -7.19 -7.16 -7.28 -7.16 -7.06 -7.03 -7.12 -7.22 -7.22
-5.00 -5.16 -5.44 -5.69 -5.84 -6.00 -6.12 -6.25 -6.44 -6.56 -6.69 -6.81 -6.94 -7.03 -7.16 -7.44 -7.62 -7.91 -8.12 -8.34 -8.53 -8.78 -9.00 -9.19 -9.38 -9.47 -9.56 -9.56 -9.66 -9.66 -9.66 -9.59 -9.62 -9.56 -9.44 -9.28 -9.16 -9.06 -9.03 -9.03 -8.88 -8.88 -8.84 -8.69 -8.50 -8.25 -8.22 -8.19 -8.12 -8.00 -8.00 -8.00 -8.00 -7.94 -7.84 -7.72 -7.72 -7.62 -7.50 -7.50 -7.44 -7.44 -7.53 -7.34 -7.31 -7.41 -7.47 -7.50 -7.53 -7.41 -7.47 -7.59 -7.62 -7.59 -7.62
-4.59 -4.72 -4.97 -5.19 -5.31 -5.47 -5.59 -5.72 -5.91 -6.09 -6.25 -6.41 -6.56 -6.81 -6.97 -7.19 -7.41 -7.62 -7.94 -8.19 -8.41 -8.62 -8.91 -9.12 -9.28 -9.44 -9.62 -9.69 -9.78 -9.81 -9.81 -9.88 -9.81 -9.69 -9.56 -9.56 -9.53 -9.31 -9.25 -9.31 -9.22 -9.31 -9.28 -9.16 -9.09 -8.78 -8.81 -8.75 -8.56 -8.47 -8.50 -8.56 -8.44 -8.41 -8.41 -8.22 -8.06 -8.09 -8.03 -8.03 -8.03 -7.78 -8.03 -7.97 -7.69 -7.75 -7.84 -7.91 -7.78 -7.66 -7.91 -7.94 -8.12 -7.97 -7.88
-4.22 -4.34 -4.50 -4.72 -4.91 -5.12 -5.19 -5.31 -5.50 -5.69 -5.88 -6.03 -6.22 -6.41 -6.59 -6.91 -7.16 -7.41 -7.69 -7.94 -8.16 -8.44 -8.69 -8.91 -9.12 -9.34 -9.50 -9.69 -9.81 -9.84 -9.91 -9.97 -10.03 -10.09 -9.97 -9.94 -9.91 -9.75 -9.69 -9.69 -9.69 -9.59 -9.53 -9.53 -9.56 -9.41 -9.47 -9.34 -9.22 -9.03 -8.84 -8.97 -8.88 -8.88 -8.81 -8.78 -8.66 -8.53 -8.44 -8.53 -8.44 -8.34 -8.31 -8.28 -8.19 -8.09 -8.12 -8.19 -8.12 -8.00 -8.19 -8.28 -8.44 -8.34 -8.12
-3.78 -3.94 -4.06 -4.28 -4.44 -4.66 -4.75 -4.91 -5.09 -5.31 -5.50 -5.66 -5.84 -6.00 -6.19 -6.53 -6.84 -7.09 -7.38 -7.66 -7.97 -8.19 -8.50 -8.88 -9.16 -9.41 -9.50 -9.62 -9.75 -9.81 -9.91 -10.03 -10.06 -10.12 -10.12 -10.12 -10.28 -10.16 -10.12 -10.12 -10.16 -9.97 -10.00 -9.97 -9.81 -9.97 -10.03 -9.94 -9.91 -9.66 -9.34 -9.34 -9.38 -9.38 -9.34 -9.28 -9.22 -9.09 -8.91 -8.94 -8.97 -8.97 -8.72 -8.53 -8.53 -8.59 -8.62 -8.75 -8.59 -8.44 -8.53 -8.62 -8.62 -8.56 -8.47
-3.31 -3.47 -3.59 -3.75 -3.91 -4.03 -4.25 -4.53 -4.72 -4.88 -5.00 -5.19 -5.34 -5.56 -5.78 -6.16 -6.50 -6.75 -7.06 -7.41 -7.72 -7.97 -8.38 -8.69 -9.00 -9.25 -9.50 -9.59 -9.69 -9.81 -9.97 -10.03 -10.16 -10.25 -10.41 -10.44 -10.41 -10.38 -10.34 -10.41 -10.44 -10.41 -10.38 -10.38 -10.41 -10.34 -10.41 -10.47 -10.38 -10.19 -9.97 -9.84 -9.91 -9.94 -9.78 -9.69 -9.62 -9.50 -9.53 -9.41 -9.28 -9.31 -9.22 -9.06 -9.12 -9.12 -9.28 -9.12 -9.00 -9.03 -9.03 -9.00 -8.88 -8.78 -8.72
-3.00 -3.16 -3.28 -3.34 -3.41 -3.62 -3.91 -4.09 -4.25 -4.44 -4.59 -4.78 -4.94 -5.19 -5.50 -5.75 -6.06 -6.44 -6.84 -7.25 -7.50 -7.84 -8.19 -8.53 -8.91 -9.16 -9.41 -9.56 -9.69 -9.75 -10.00 -10.19 -10.31 -10.47 -10.59 -10.62 -10.66 -10.72 -10.66 -10.81 -10.78 -10.72 -10.78 -10.78 -10.72 -10.72 -10.75 -10.72 -10.62 -10.56 -10.38 -10.31 -10.47 -10.44 -10.34 -10.22 -10.16 -10.00 -9.81 -9.72 -9.72 -9.72 -9.66 -9.56 -9.66 -9.56 -9.50 -9.47 -9.34 -9.31 -9.34 -9.28 -9.25 -9.16 -9.06
-2.66 -2.72 -2.84 -2.91 -3.00 -3.28 -3.47 -3.66 -3.78 -3.91 -4.16 -4.38 -4.59 -4.91 -5.19 -5.44 -5.72 -6.12 -6.56 -6.97 -7.28 -7.59 -7.97 -8.38 -8.66 -9.00 -9.38 -9.53 -9.69 -9.88 -10.12 -10.31 -10.41 -10.56 -10.72 -10.91 -10.97 -10.81 -10.88 -11.06 -11.09 -11.09 -11.19 -11.19 -11.25 -11.12 -11.19 -11.09 -11.00 -10.88 -10.75 -10.69 -10.84 -10.81 -10.75 -10.69 -10.44 -10.41 -10.38 -10.25 -10.06 -10.03 -10.09 -10.12 -10.00 -10.03 -10.00 -9.91 -9.72 -9.56 -9.59 -9.62 -9.53 -9.47 -9.44
-2.28 -2.38 -2.44 -2.53 -2.62 -2.84 -3.03 -3.22 -3.34 -3.53 -3.78 -3.97 -4.25 -4.50 -4.84 -5.22 -5.62 -5.91 -6.22 -6.62 -7.03 -7.38 -7.75 -8.25 -8.59 -8.94 -9.22 -9.47 -9.66 -9.91 -10.16 -10.38 -10.53 -10.53 -10.75 -10.91 -10.97 -11.09 -11.19 -11.22 -11.34 -11.41 -11.50 -11.62 -11.66 -11.62 -11.56 -11.53 -11.50 -11.31 -11.31 -11.28 -11.19 -11.22 -11.19 -11.16 -10.94 -10.94 -10.91 -10.75 -10.62 -10.53 -10.59 -10.53 -10.50 -10.38 -10.31 -10.22 -10.06 -9.81 -9.84 -9.78 -9.69 -9.69 -9.72
-1.97 -2.00 -2.06 -2.22 -2.31 -2.50 -2.62 -2.69 -2.91 -3.19 -3.31 -3.59 -3.88 -4.19 -4.50 -4.84 -5.19 -5.56 -5.97 -6.38 -6.69 -7.09 -7.53 -8.03 -8.47 -8.91 -9.19 -9.44 -9.66 -9.91 -10.16 -10.38 -10.59 -10.69 -10.81 -10.88 -11.09 -11.28 -11.38 -11.47 -11.62 -11.69 -11.88 -11.88 -11.88 -11.94 -11.91 -11.88 -11.91 -11.88 -11.88 -11.97 -11.84 -11.66 -11.50 -11.50 -11.50 -11.41 -11.38 -11.22 -11.00 -10.81 -10.81 -10.75 -10.62 -10.66 -10.59 -10.59 -10.50 -10.16 -10.03 -9.94 -10.12 -10.09 -10.12
-1.66 -1.72 -1.81 -1.91 -2.00 -2.06 -2.22 -2.31 -2.59 -2.78 -2.97 -3.19 -3.44 -3.75 -4.16 -4.50 -4.84 -5.28 -5.72 -6.06 -6.44 -6.81 -7.34 -7.81 -8.22 -8.66 -9.06 -9.44 -9.69 -10.00 -10.22 -10.41 -10.56 -10.66 -10.81 -11.16 -11.38 -11.53 -11.53 -11.62 -11.84 -11.91 -12.06 -12.16 -12.22 -12.19 -12.09 -12.22 -12.28 -12.28 -12.28 -12.25 -12.22 -12.06 -11.91 -11.84 -11.84 -11.91 -11.81 -11.59 -11.34 -11.19 -11.25 -11.12 -11.00 -10.91 -10.81 -10.66 -10.56 -10.44 -10.41 -10.34 -10.38 -10.44 -10.50
-1.41 -1.41 -1.44 -1.53 -1.62 -1.81 -1.97 -2.06 -2.31 -2.47 -2.66 -2.91 -3.16 -3.41 -3.78 -4.12 -4.53 -4.97 -5.38 -5.78 -6.16 -6.69 -7.19 -7.78 -8.16 -8.47 -8.97 -9.34 -9.72 -10.00 -10.22 -10.50 -10.56 -10.78 -11.00 -11.22 -11.44 -11.72 -11.91 -11.91 -12.03 -12.12 -12.28 -12.34 -12.41 -12.41 -12.41 -12.59 -12.59 -12.66 -12.56 -12.56 -12.47 -12.38 -12.38 -12.34 -12.28 -12.22 -12.03 -11.88 -11.75 -11.62 -11.59 -11.44 -11.31 -11.19 -11.06 -10.78 -10.78 -10.81 -10.81 -10.78 -10.78 -10.78 -10.69
-1.19 -1.22 -1.25 -1.25 -1.28 -1.50 -1.69 -1.78 -2.00 -2.25 -2.44 -2.66 -2.88 -3.12 -3.44 -3.78 -4.19 -4.72 -5.22 -5.66 -6.09 -6.56 -6.94 -7.50 -7.94 -8.38 -8.75 -9.25 -9.62 -9.88 -10.12 -10.44 -10.66 -10.94 -11.16 -11.31 -11.56 -11.75 -12.06 -12.19 -12.22 -12.28 -12.34 -12.38 -12.47 -12.56 -12.69 -12.78 -12.84 -12.81 -12.91 -12.94 -12.91 -12.75 -12.66 -12.62 -12.59 -12.56 -12.38 -12.22 -12.03 -11.91 -11.97 -11.94 -11.84 -11.66 -11.44 -11.41 -11.25 -11.12 -11.22 -11.12 -11.00 -10.97 -10.97
-1.06 -1.06 -1.12 -1.12 -1.22 -1.28 -1.38 -1.53 -1.72 -1.91 -2.12 -2.41 -2.66 -2.84 -3.19 -3.59 -4.03 -4.53 -5.03 -5.56 -6.00 -6.47 -6.94 -7.34 -7.88 -8.28 -8.72 -9.19 -9.62 -9.84 -10.12 -10.44 -10.72 -11.00 -11.25 -11.41 -11.62 -11.88 -12.03 -12.22 -12.38 -12.53 -12.66 -12.59 -12.72 -12.78 -12.94 -13.09 -13.16 -13.22 -13.25 -13.22 -13.19 -13.09 -13.03 -13.03 -12.97 -12.91 -12.75 -12.69 -12.56 -12.31 -12.16 -12.09 -12.12 -12.09 -11.97 -11.91 -11.81 -11.56 -11.53 -11.28 -11.34 -11.28 -11.22
-0.94 -0.97 -0.97 -1.03 -1.09 -1.16 -1.22 -1.25 -1.38 -1.62 -1.91 -2.22 -2.44 -2.72 -3.06 -3.34 -3.84 -4.38 -4.84 -5.38 -5.84 -6.41 -6.91 -7.19 -7.66 -8.19 -8.59 -9.06 -9.44 -9.75 -10.09 -10.38 -10.62 -10.94 -11.28 -11.53 -11.78 -11.94 -12.16 -12.31 -12.44 -12.59 -12.75 -12.94 -13.06 -13.00 -13.16 -13.34 -13.38 -13.41 -13.50 -13.56 -13.53 -13.41 -13.31 -13.28 -13.22 -13.19 -13.16 -13.09 -12.91 -12.69 -12.56 -12.44 -12.47 -12.41 -12.41 -12.22 -12.12 -11.84 -11.75 -11.66 -11.62 -11.53 -11.31
-0.91 -0.91 -0.88 -0.91 -0.97 -1.03 -1.06 -1.06 -1.22 -1.47 -1.69 -2.00 -2.31 -2.66 -3.00 -3.41 -3.75 -4.22 -4.66 -5.16 -5.69 -6.25 -6.75 -7.16 -7.56 -8.09 -8.53 -8.88 -9.28 -9.72 -10.00 -10.31 -10.66 -10.91 -11.25 -11.41 -11.69 -11.91 -12.19 -12.44 -12.66 -12.78 -12.97 -13.09 -13.25 -13.38 -13.34 -13.47 -13.69 -13.69 -13.78 -13.75 -13.62 -13.56 -13.41 -13.44 -13.44 -13.50 -13.44 -13.28 -13.16 -13.09 -13.00 -12.91 -12.91 -12.84 -12.72 -12.50 -12.44 -12.44 -12.28 -12.00 -11.97 -11.81 -11.78
-0.88 -0.84 -0.81 -0.78 -0.84 -0.91 -0.97 -1.03 -1.19 -1.41 -1.56 -1.81 -2.16 -2.47 -2.81 -3.19 -3.59 -4.00 -4.50 -5.03 -5.56 -6.06 -6.56 -7.00 -7.53 -7.97 -8.44 -8.88 -9.25 -9.56 -9.81 -10.22 -10.62 -10.97 -11.28 -11.56 -11.81 -12.09 -12.31 -12.53 -12.84 -13.03 -13.12 -13.22 -13.38 -13.53 -13.62 -13.72 -13.81 -13.88 -13.84 -13.84 -13.78 -13.72 -13.69 -13.59 -13.62 -13.66 -13.56 -13.47 -13.47 -13.44 -13.28 -13.25 -13.19 -13.12 -12.94 -12.78 -12.78 -12.75 -12.53 -12.47 -12.38 -12.22 -11.97
-0.88 -0.81 -0.75 -0.72 -0.75 -0.81 -0.84 -0.97 -1.09 -1.31 -1.50 -1.75 -2.09 -2.38 -2.62 -3.00 -3.44 -3.81 -4.25 -4.81 -5.41 -5.94 -6.41 -6.91 -7.41 -7.88 -8.38 -8.75 -9.12 -9.47 -9.91 -10.25 -10.56 -11.03 -11.34 -11.69 -11.94 -12.16 -12.38 -12.62 -12.97 -13.19 -13.31 -13.38 -13.47 -13.62 -13.66 -13.75 -13.78 -13.88 -13.91 -13.81 -13.75 -13.72 -13.81 -13.84 -13.78 -13.75 -13.78 -13.75 -13.66 -13.56 -13.50 -13.44 -13.38 -13.31 -13.22 -13.19 -13.19 -13.03 -12.94 -12.94 -12.78 -12.50 -12.28
-0.88 -0.81 -0.78 -0.75 -0.69 -0.78 -0.88 -1.03 -1.12 -1.22 -1.44 -1.72 -2.00 -2.28 -2.56 -2.97 -3.28 -3.66 -4.16 -4.72 -5.25 -5.75 -6.25 -6.75 -7.31 -7.72 -8.12 -8.56 -9.00 -9.34 -9.69 -10.22 -10.59 -10.97 -11.41 -11.78 -11.97 -12.28 -12.59 -12.91 -13.12 -13.28 -13.41 -13.44 -13.56 -13.66 -13.72 -13.75 -13.78 -13.69 -13.66 -13.66 -13.75 -13.75 -13.69 -13.75 -13.81 -13.78 -13.75 -13.72 -13.72 -13.66 -13.62 -13.53 -13.44 -13.41 -13.44 -13.47 -13.47 -13.38 -13.19 -13.12 -13.12 -12.84 -12.72
-0.97 -0.84 -0.75 -0.75 -0.78 -0.84 -0.91 -1.00 -1.12 -1.19 -1.38 -1.66 -1.91 -2.19 -2.47 -2.75 -3.12 -3.53 -4.03 -4.59 -5.12 -5.59 -6.06 -6.53 -7.12 -7.56 -8.00 -8.47 -8.81 -9.25 -9.59 -10.03 -10.47 -10.75 -11.16 -11.59 -11.97 -12.31 -12.56 -12.88 -13.12 -13.28 -13.41 -13.47 -13.56 -13.56 -13.66 -13.75 -13.69 -13.53 -13.50 -13.50 -13.62 -13.59 -13.59 -13.72 -13.75 -13.75 -13.75 -13.62 -13.72 -13.59 -13.59 -13.50 -13.56 -13.59 -13.59 -13.59 -13.59 -13.44 -13.41 -13.28 -13.22 -13.25 -13.06
-1.06 -0.94 -0.88 -0.84 -0.88 -0.94 -1.00 -1.03 -1.06 -1.16 -1.34 -1.59 -1.88 -2.19 -2.47 -2.72 -3.12 -3.56 -3.91 -4.47 -5.00 -5.50 -6.00 -6.47 -7.00 -7.50 -7.91 -8.28 -8.69 -9.12 -9.50 -9.91 -10.28 -10.66 -10.94 -11.34 -11.78 -12.12 -12.41 -12.72 -12.91 -13.12 -13.25 -13.38 -13.47 -13.41 -13.41 -13.53 -13.50 -13.44 -13.47 -13.38 -13.34 -13.44 -13.53 -13.56 -13.56 -13.59 -13.62 -13.53 -13.59 -13.53 -13.50 -13.56 -13.59 -13.66 -13.66 -13.66 -13.72 -13.66 -13.62 -13.69 -13.59 -13.53 -13.38
-1.16 -1.03 -0.97 -0.94 -0.94 -1.00 -1.03 -1.06 -1.16 -1.25 -1.44 -1.66 -1.84 -2.22 -2.50 -2.78 -3.16 -3.50 -3.88 -4.38 -4.94 -5.44 -5.91 -6.38 -6.88 -7.34 -7.78 -8.16 -8.53 -8.97 -9.38 -9.78 -10.06 -10.41 -10.78 -11.09 -11.50 -11.84 -12.19 -12.50 -12.66 -12.88 -13.03 -13.12 -13.16 -13.22 -13.22 -13.38 -13.28 -13.28 -13.31 -13.22 -13.19 -13.28 -13.34 -13.34 -13.34 -13.34 -13.34 -13.38 -13.34 -13.41 -13.50 -13.56 -13.59 -13.59 -13.62 -13.66 -13.62 -13.66 -13.78 -13.88 -13.84 -13.78 -13.59
-1.28 -1.19 -1.06 -1.00 -1.00 -1.03 -1.12 -1.19 -1.25 -1.34 -1.44 -1.62 -1.91 -2.12 -2.38 -2.75 -3.03 -3.41 -3.84 -4.28 -4.75 -5.28 -5.72 -6.19 -6.66 -7.09 -7.50 -7.91 -8.25 -8.72 -9.06 -9.50 -9.88 -10.22 -10.50 -10.78 -11.22 -11.50 -11.75 -12.00 -12.31 -12.53 -12.66 -12.78 -12.84 -12.91 -12.94 -13.00 -13.03 -12.91 -12.88 -12.97 -12.94 -12.91 -12.94 -12.94 -13.00 -12.97 -13.03 -13.12 -13.19 -13.22 -13.28 -13.34 -13.47 -13.44 -13.50 -13.59 -13.53 -13.69 -13.84 -14.00 -14.09 -14.06 -13.84
-1.41 -1.28 -1.22 -1.16 -1.12 -1.12 -1.22 -1.28 -1.34 -1.44 -1.53 -1.66 -1.91 -2.12 -2.41 -2.75 -3.00 -3.31 -3.66 -4.12 -4.62 -5.00 -5.41 -5.94 -6.41 -6.84 -7.22 -7.66 -8.06 -8.47 -8.72 -9.19 -9.66 -10.00 -10.31 -10.62 -10.97 -11.19 -11.44 -11.72 -11.97 -12.16 -12.28 -12.38 -12.47 -12.53 -12.59 -12.69 -12.66 -12.62 -12.53 -12.62 -12.47 -12.50 -12.53 -12.56 -12.56 -12.62 -12.72 -12.78 -12.91 -12.94 -12.97 -13.06 -13.16 -13.31 -13.44 -13.44 -13.50 -13.75 -13.94 -14.03 -14.12 -14.16 -14.03
-1.62 -1.50 -1.34 -1.31 -1.25 -1.22 -1.31 -1.34 -1.41 -1.50 -1.59 -1.72 -1.91 -2.12 -2.38 -2.66 -3.00 -3.34 -3.69 -4.03 -4.47 -4.81 -5.28 -5.72 -6.19 -6.59 -7.00 -7.41 -7.78 -8.16 -8.56 -9.00 -9.41 -9.72 -10.03 -10.44 -10.62 -10.97 -11.19 -11.50 -11.69 -11.81 -12.00 -12.09 -12.16 -12.19 -12.22 -12.25 -12.28 -12.28 -12.22 -12.25 -12.19 -12.09 -12.00 -12.06 -12.22 -12.25 -12.31 -12.44 -12.50 -12.53 -12.56 -12.78 -12.94 -13.00 -13.16 -13.16 -13.38 -13.53 -13.66 -13.78 -13.84 -13.97 -14.06
-1.78 -1.66 -1.53 -1.47 -1.41 -1.34 -1.38 -1.41 -1.50 -1.56 -1.62 -1.75 -1.94 -2.16 -2.34 -2.62 -2.91 -3.25 -3.56 -3.97 -4.28 -4.62 -4.97 -5.38 -5.94 -6.38 -6.72 -7.12 -7.53 -8.00 -8.44 -8.78 -9.06 -9.31 -9.72 -10.12 -10.47 -10.75 -11.06 -11.25 -11.47 -11.62 -11.81 -12.00 -12.03 -11.94 -11.94 -11.88 -11.88 -11.94 -11.91 -11.88 -11.81 -11.78 -11.72 -11.81 -11.94 -11.97 -12.00 -12.00 -12.09 -12.12 -12.06 -12.44 -12.53 -12.69 -12.78 -12.91 -13.03 -13.25 -13.44 -13.69 -13.81 -13.94 -14.09
-2.09 -1.88 -1.75 -1.66 -1.53 -1.47 -1.47 -1.50 -1.56 -1.59 -1.75 -1.84 -1.94 -2.06 -2.34 -2.59 -2.91 -3.19 -3.53 -3.94 -4.22 -4.50 -4.91 -5.25 -5.62 -6.09 -6.53 -7.00 -7.41 -7.78 -8.09 -8.44 -8.72 -9.06 -9.44 -9.84 -10.25 -10.41 -10.66 -10.94 -11.12 -11.25 -11.53 -11.69 -11.78 -11.81 -11.75 -11.72 -11.59 -11.44 -11.44 -11.28 -11.38 -11.44 -11.34 -11.47 -11.50 -11.59 -11.66 -11.62 -11.78 -11.97 -11.94 -11.94 -12.12 -12.22 -12.38 -12.47 -12.72 -12.94 -13.19 -13.47 -13.62 -13.94 -14.09
-2.41 -2.19 -2.00 -1.88 -1.72 -1.62 -1.59 -1.56 -1.56 -1.66 -1.72 -1.84 -1.97 -2.09 -2.34 -2.59 -2.88 -3.16 -3.41 -3.69 -4.03 -4.50 -4.75 -5.09 -5.44 -5.88 -6.25 -6.69 -7.03 -7.34 -7.75 -8.12 -8.41 -8.78 -9.22 -9.59 -9.88 -10.12 -10.25 -10.53 -10.81 -11.00 -11.19 -11.38 -11.44 -11.50 -11.47 -11.38 -11.22 -11.19 -11.12 -10.94 -11.06 -11.19 -11.25 -11.28 -11.22 -11.38 -11.47 -11.47 -11.44 -11.50 -11.56 -11.66 -11.66 -11.72 -11.81 -11.91 -12.25 -12.66 -12.97 -13.22 -13.50 -13.81 -14.12
-2.62 -2.41 -2.16 -2.03 -1.84 -1.78 -1.69 -1.62 -1.56 -1.53 -1.56 -1.72 -1.88 -2.00 -2.19 -2.44 -2.78 -3.06 -3.38 -3.75 -4.03 -4.31 -4.56 -5.00 -5.25 -5.59 -5.94 -6.34 -6.56 -6.97 -7.44 -7.72 -8.06 -8.53 -8.94 -9.31 -9.56 -9.84 -10.03 -10.16 -10.38 -10.59 -10.81 -11.03 -11.03 -11.09 -11.22 -11.12 -11.03 -10.84 -10.81 -10.78 -10.75 -10.75 -10.81 -10.91 -11.09 -11.03 -11.09 -11.16 -11.16 -11.09 -11.09 -11.16 -11.22 -11.25 -11.53 -11.84 -12.12 -12.34 -12.72 -13.06 -13.47 -13.78 -14.06
