everonasctiles/Tile23,16.asc
ncols 128
nrows 128
xllcorner 0
yllcorner 0
cellsize 2.0
NODATA_value  -9999
[rows 34 to 67 of 128, columns 0 to 76 of 128]
0.97 0.84 0.72 0.62 0.53 0.44 0.38 0.34 0.34 0.34 0.38 0.47 0.62 0.81 0.97 1.12 1.25 1.34 1.41 1.44 1.47 1.44 1.44 1.41 1.38 1.34 1.34 1.31 1.28 1.28 1.25 1.25 1.28 1.31 1.34 1.38 1.41 1.47 1.50 1.56 1.62 1.69 1.75 1.78 1.84 1.88 1.91 1.94 1.94 1.94 1.94 1.94 1.88 1.81 1.75 1.62 1.47 1.28 1.16 1.19 1.31 1.34 1.28 1.12 0.94 0.91 0.97 1.00 1.03 1.03 1.03 1.00 0.97 0.94 0.88 0.84 0.81
1.03 0.91 0.81 0.69 0.59 0.50 0.41 0.38 0.34 0.34 0.34 0.41 0.50 0.62 0.78 0.94 1.06 1.16 1.25 1.28 1.31 1.31 1.31 1.28 1.28 1.25 1.25 1.22 1.22 1.19 1.19 1.16 1.19 1.22 1.22 1.28 1.31 1.34 1.41 1.47 1.50 1.56 1.62 1.66 1.69 1.72 1.75 1.78 1.78 1.78 1.78 1.75 1.69 1.62 1.53 1.44 1.28 1.06 0.84 0.81 0.88 0.91 0.88 0.78 0.69 0.69 0.75 0.78 0.81 0.81 0.81 0.81 0.78 0.75 0.72 0.66 0.66
1.06 0.97 0.88 0.75 0.66 0.53 0.44 0.38 0.34 0.34 0.34 0.34 0.41 0.50 0.62 0.75 0.88 0.97 1.06 1.16 1.19 1.19 1.19 1.19 1.19 1.16 1.16 1.12 1.12 1.12 1.09 1.09 1.09 1.12 1.12 1.19 1.22 1.25 1.31 1.38 1.41 1.47 1.50 1.53 1.56 1.59 1.62 1.62 1.66 1.62 1.62 1.59 1.53 1.47 1.38 1.25 1.09 0.88 0.66 0.44 0.28 0.28 0.38 0.41 0.41 0.47 0.53 0.56 0.59 0.62 0.62 0.62 0.59 0.56 0.53 0.50 0.47
1.09 1.00 0.91 0.81 0.72 0.59 0.50 0.44 0.38 0.34 0.34 0.34 0.38 0.44 0.53 0.62 0.72 0.81 0.91 1.00 1.06 1.09 1.09 1.09 1.09 1.09 1.06 1.06 1.06 1.06 1.03 1.03 1.03 1.03 1.06 1.09 1.12 1.16 1.22 1.28 1.31 1.34 1.41 1.44 1.47 1.50 1.50 1.50 1.50 1.50 1.47 1.44 1.38 1.31 1.19 1.09 0.94 0.72 0.50 0.28 0.03 -0.16 -0.09 0.03 0.12 0.25 0.28 0.34 0.38 0.41 0.41 0.44 0.41 0.38 0.34 0.31 0.28
1.12 1.06 0.97 0.88 0.78 0.66 0.56 0.47 0.41 0.38 0.34 0.34 0.34 0.41 0.44 0.53 0.62 0.69 0.78 0.88 0.94 1.00 1.03 1.03 1.03 1.03 1.03 1.03 1.00 1.00 1.00 0.97 0.97 0.97 0.97 1.03 1.06 1.09 1.12 1.19 1.22 1.25 1.31 1.34 1.34 1.38 1.38 1.41 1.38 1.38 1.34 1.31 1.25 1.16 1.06 0.94 0.78 0.56 0.38 0.12 -0.12 -0.31 -0.38 -0.28 -0.16 0.00 0.09 0.16 0.19 0.19 0.22 0.25 0.22 0.22 0.19 0.16 0.12
1.16 1.06 1.00 0.94 0.84 0.75 0.62 0.53 0.44 0.38 0.34 0.34 0.34 0.38 0.41 0.47 0.53 0.59 0.69 0.75 0.84 0.91 0.94 1.00 1.00 1.00 1.00 1.00 1.00 0.97 0.97 0.97 0.97 0.97 0.97 0.97 1.00 1.03 1.06 1.09 1.16 1.19 1.22 1.25 1.25 1.28 1.28 1.28 1.28 1.25 1.22 1.19 1.12 1.03 0.94 0.81 0.66 0.47 0.25 0.03 -0.22 -0.44 -0.59 -0.62 -0.56 -0.25 -0.12 -0.06 -0.03 0.00 0.03 0.06 0.06 0.03 0.00 0.00 -0.03
1.16 1.09 1.03 0.97 0.91 0.81 0.72 0.62 0.53 0.44 0.41 0.38 0.38 0.38 0.41 0.44 0.47 0.53 0.59 0.66 0.75 0.81 0.88 0.94 0.97 0.97 0.97 0.97 0.97 0.97 0.97 0.97 0.97 0.97 0.97 0.97 0.97 0.97 1.00 1.03 1.09 1.12 1.12 1.16 1.19 1.19 1.19 1.19 1.19 1.16 1.12 1.06 1.00 0.91 0.81 0.69 0.53 0.38 0.16 -0.06 -0.31 -0.56 -0.75 -0.88 -1.00 -0.59 -0.34 -0.25 -0.22 -0.19 -0.16 -0.12 -0.12 -0.12 -0.16 -0.16 -0.19
1.19 1.12 1.06 1.00 0.94 0.88 0.78 0.69 0.59 0.50 0.44 0.41 0.38 0.38 0.38 0.41 0.44 0.47 0.53 0.59 0.66 0.72 0.78 0.88 0.94 0.94 0.97 0.97 0.97 0.97 0.97 0.97 0.97 0.97 0.97 0.97 0.97 0.97 0.97 1.00 1.03 1.06 1.06 1.09 1.09 1.12 1.12 1.09 1.09 1.06 1.03 0.97 0.91 0.84 0.75 0.62 0.47 0.31 0.12 -0.09 -0.34 -0.59 -0.84 -1.03 -1.06 -0.91 -0.66 -0.50 -0.41 -0.34 -0.31 -0.28 -0.28 -0.28 -0.28 -0.31 -0.31
1.19 1.12 1.06 1.03 0.97 0.91 0.84 0.78 0.69 0.59 0.50 0.47 0.41 0.41 0.41 0.41 0.41 0.44 0.47 0.53 0.59 0.66 0.72 0.78 0.88 0.94 0.94 0.97 0.97 0.97 0.97 0.97 0.97 0.97 0.97 0.97 0.97 0.97 0.97 0.97 0.97 1.00 1.00 1.03 1.03 1.03 1.03 1.03 1.03 1.00 0.97 0.91 0.84 0.78 0.69 0.56 0.44 0.28 0.09 -0.12 -0.34 -0.59 -0.88 -1.03 -1.09 -1.12 -0.94 -0.75 -0.62 -0.53 -0.50 -0.44 -0.41 -0.41 -0.41 -0.44 -0.44
1.22 1.16 1.09 1.03 1.00 0.94 0.91 0.84 0.75 0.66 0.59 0.50 0.47 0.44 0.41 0.41 0.41 0.41 0.44 0.47 0.50 0.56 0.62 0.69 0.78 0.88 0.94 0.97 0.97 0.97 0.97 0.97 0.97 0.97 0.97 0.97 0.97 0.97 0.97 0.97 0.97 0.97 0.97 0.97 0.97 0.97 0.97 0.97 0.97 0.94 0.91 0.88 0.81 0.75 0.66 0.56 0.44 0.28 0.09 -0.09 -0.28 -0.50 -0.78 -0.97 -1.09 -1.19 -1.16 -1.00 -0.88 -0.75 -0.66 -0.59 -0.56 -0.53 -0.53 -0.56 -0.56
1.22 1.16 1.09 1.06 1.03 0.97 0.94 0.88 0.81 0.75 0.66 0.56 0.50 0.47 0.44 0.41 0.38 0.38 0.38 0.41 0.41 0.47 0.50 0.59 0.66 0.78 0.88 0.94 0.97 0.97 0.97 0.97 0.97 0.97 0.97 0.97 0.97 0.97 0.97 0.97 0.97 0.94 0.94 0.94 0.94 0.94 0.91 0.91 0.88 0.88 0.84 0.81 0.75 0.72 0.66 0.56 0.44 0.31 0.16 -0.03 -0.22 -0.44 -0.69 -0.88 -1.06 -1.19 -1.25 -1.22 -1.09 -1.00 -0.91 -0.81 -0.72 -0.69 -0.66 -0.66 -0.69
1.25 1.19 1.12 1.06 1.03 1.00 0.97 0.91 0.88 0.81 0.75 0.66 0.56 0.50 0.47 0.41 0.38 0.34 0.31 0.31 0.34 0.34 0.41 0.47 0.53 0.66 0.75 0.88 0.94 0.97 0.97 0.97 0.97 0.97 0.97 0.97 0.97 0.97 0.97 0.97 0.94 0.94 0.94 0.91 0.91 0.91 0.88 0.88 0.84 0.81 0.78 0.75 0.72 0.66 0.59 0.50 0.38 0.25 0.12 -0.06 -0.22 -0.41 -0.62 -0.81 -0.97 -1.12 -1.25 -1.31 -1.28 -1.22 -1.12 -1.06 -1.00 -0.94 -0.84 -0.81 -0.81
1.25 1.19 1.12 1.09 1.03 1.00 0.97 0.94 0.91 0.88 0.81 0.72 0.62 0.56 0.50 0.44 0.38 0.31 0.28 0.25 0.25 0.25 0.28 0.34 0.41 0.50 0.59 0.72 0.84 0.94 0.94 0.97 0.97 0.97 0.97 0.97 0.97 0.97 0.94 0.94 0.94 0.91 0.91 0.91 0.88 0.88 0.84 0.81 0.81 0.78 0.75 0.69 0.66 0.59 0.53 0.44 0.34 0.22 0.06 -0.06 -0.22 -0.41 -0.56 -0.75 -0.91 -1.03 -1.16 -1.25 -1.34 -1.38 -1.31 -1.28 -1.25 -1.22 -1.22 -1.16 -1.09
1.28 1.22 1.16 1.09 1.06 1.03 1.00 0.97 0.94 0.91 0.88 0.81 0.72 0.62 0.53 0.44 0.34 0.28 0.22 0.19 0.16 0.16 0.16 0.19 0.25 0.34 0.44 0.56 0.69 0.81 0.91 0.94 0.94 0.94 0.94 0.94 0.94 0.94 0.94 0.91 0.91 0.88 0.88 0.88 0.84 0.81 0.81 0.78 0.75 0.72 0.69 0.66 0.59 0.53 0.47 0.38 0.28 0.16 0.03 -0.09 -0.25 -0.38 -0.53 -0.69 -0.81 -0.97 -1.06 -1.16 -1.22 -1.28 -1.31 -1.31 -1.31 -1.31 -1.31 -1.31 -1.31
1.31 1.22 1.16 1.09 1.06 1.03 1.00 0.97 0.97 0.94 0.91 0.88 0.81 0.69 0.59 0.47 0.38 0.25 0.19 0.09 0.06 0.03 0.03 0.06 0.12 0.19 0.28 0.38 0.50 0.62 0.75 0.84 0.88 0.91 0.91 0.94 0.91 0.91 0.91 0.88 0.88 0.84 0.84 0.81 0.81 0.78 0.75 0.72 0.72 0.66 0.62 0.59 0.53 0.47 0.41 0.31 0.22 0.12 0.00 -0.12 -0.25 -0.38 -0.53 -0.66 -0.78 -0.91 -1.00 -1.09 -1.16 -1.19 -1.22 -1.25 -1.25 -1.25 -1.25 -1.25 -1.25
1.31 1.25 1.19 1.12 1.06 1.03 1.00 0.97 0.97 0.97 0.94 0.94 0.88 0.78 0.66 0.50 0.38 0.25 0.12 0.03 -0.03 -0.06 -0.06 -0.06 -0.03 0.03 0.12 0.22 0.31 0.44 0.56 0.69 0.78 0.81 0.84 0.88 0.88 0.88 0.84 0.84 0.84 0.81 0.78 0.78 0.75 0.72 0.72 0.69 0.66 0.62 0.56 0.53 0.47 0.41 0.34 0.25 0.16 0.06 -0.03 -0.16 -0.28 -0.41 -0.50 -0.62 -0.75 -0.84 -0.94 -1.03 -1.09 -1.12 -1.16 -1.19 -1.19 -1.19 -1.19 -1.22 -1.22
1.31 1.25 1.19 1.12 1.06 1.03 1.00 1.00 0.97 0.97 0.97 0.94 0.94 0.88 0.75 0.56 0.38 0.22 0.09 -0.03 -0.09 -0.16 -0.16 -0.16 -0.16 -0.09 -0.03 0.06 0.16 0.28 0.38 0.50 0.62 0.69 0.75 0.78 0.81 0.81 0.81 0.81 0.78 0.78 0.75 0.72 0.72 0.69 0.66 0.62 0.59 0.56 0.50 0.47 0.41 0.34 0.28 0.19 0.12 0.03 -0.06 -0.19 -0.28 -0.41 -0.50 -0.62 -0.72 -0.81 -0.91 -0.97 -1.03 -1.09 -1.12 -1.12 -1.16 -1.16 -1.16 -1.19 -1.19
1.34 1.25 1.19 1.12 1.09 1.03 1.00 1.00 0.97 0.97 0.97 0.97 0.97 0.94 0.84 0.66 0.44 0.22 0.06 -0.06 -0.16 -0.22 -0.25 -0.25 -0.25 -0.22 -0.16 -0.09 0.00 0.09 0.22 0.31 0.44 0.56 0.62 0.69 0.72 0.75 0.75 0.75 0.72 0.72 0.69 0.69 0.66 0.62 0.59 0.56 0.53 0.50 0.44 0.41 0.34 0.28 0.22 0.16 0.06 -0.03 -0.12 -0.22 -0.31 -0.41 -0.53 -0.62 -0.72 -0.81 -0.88 -0.94 -1.00 -1.03 -1.09 -1.09 -1.12 -1.12 -1.16 -1.16 -1.19
1.34 1.25 1.19 1.12 1.09 1.03 1.00 1.00 0.97 0.97 0.97 0.97 0.97 0.97 0.94 0.75 0.50 0.25 0.03 -0.12 -0.22 -0.28 -0.34 -0.34 -0.34 -0.31 -0.28 -0.22 -0.12 -0.03 0.06 0.16 0.28 0.38 0.50 0.56 0.62 0.66 0.69 0.69 0.69 0.66 0.62 0.62 0.59 0.56 0.53 0.50 0.47 0.44 0.38 0.34 0.28 0.22 0.16 0.09 0.00 -0.06 -0.16 -0.25 -0.34 -0.44 -0.53 -0.62 -0.72 -0.78 -0.88 -0.94 -0.97 -1.03 -1.06 -1.09 -1.09 -1.12 -1.12 -1.16 -1.19
1.34 1.25 1.19 1.12 1.09 1.03 1.00 1.00 0.97 0.97 0.97 0.97 0.97 0.94 0.94 0.88 0.59 0.28 0.03 -0.12 -0.25 -0.34 -0.38 -0.41 -0.41 -0.41 -0.38 -0.31 -0.25 -0.19 -0.09 0.00 0.12 0.22 0.34 0.44 0.50 0.56 0.59 0.62 0.62 0.59 0.56 0.56 0.53 0.50 0.47 0.44 0.41 0.38 0.31 0.28 0.22 0.16 0.09 0.03 -0.03 -0.12 -0.19 -0.28 -0.38 -0.47 -0.53 -0.62 -0.72 -0.78 -0.84 -0.91 -0.97 -1.00 -1.03 -1.06 -1.09 -1.12 -1.12 -1.16 -1.19
1.34 1.28 1.19 1.16 1.09 1.03 1.00 0.97 0.97 0.97 0.97 0.97 0.94 0.94 0.94 0.94 0.78 0.38 0.06 -0.12 -0.28 -0.38 -0.41 -0.44 -0.47 -0.47 -0.44 -0.41 -0.38 -0.28 -0.22 -0.12 -0.03 0.06 0.19 0.28 0.38 0.44 0.50 0.53 0.53 0.53 0.50 0.50 0.47 0.44 0.41 0.38 0.31 0.28 0.22 0.19 0.12 0.09 0.03 -0.03 -0.09 -0.19 -0.25 -0.31 -0.41 -0.50 -0.56 -0.66 -0.72 -0.78 -0.84 -0.91 -0.97 -1.00 -1.03 -1.06 -1.09 -1.12 -1.12 -1.16 -1.19
1.34 1.28 1.22 1.16 1.12 1.06 1.00 0.97 0.97 0.97 0.97 0.94 0.94 0.94 0.94 0.91 0.91 0.66 0.16 -0.09 -0.25 -0.38 -0.44 -0.47 -0.50 -0.50 -0.50 -0.50 -0.47 -0.41 -0.34 -0.25 -0.19 -0.06 0.03 0.12 0.22 0.31 0.38 0.44 0.47 0.47 0.44 0.41 0.38 0.34 0.31 0.28 0.25 0.19 0.16 0.09 0.06 0.00 -0.06 -0.12 -0.16 -0.25 -0.31 -0.38 -0.44 -0.53 -0.59 -0.66 -0.75 -0.81 -0.88 -0.91 -0.97 -1.00 -1.06 -1.09 -1.09 -1.12 -1.16 -1.19 -1.22
1.38 1.31 1.25 1.19 1.12 1.09 1.03 0.97 0.97 0.97 0.97 0.94 0.94 0.94 0.91 0.91 0.88 0.88 0.47 0.00 -0.19 -0.31 -0.41 -0.47 -0.50 -0.53 -0.56 -0.56 -0.53 -0.50 -0.44 -0.38 -0.31 -0.22 -0.12 -0.03 0.09 0.19 0.25 0.31 0.34 0.38 0.38 0.34 0.31 0.28 0.22 0.19 0.16 0.12 0.06 0.03 -0.03 -0.06 -0.12 -0.19 -0.25 -0.31 -0.38 -0.44 -0.50 -0.56 -0.62 -0.69 -0.75 -0.81 -0.88 -0.94 -0.97 -1.03 -1.06 -1.09 -1.12 -1.16 -1.16 -1.22 -1.25
1.44 1.41 1.38 1.31 1.22 1.09 1.03 1.00 0.97 0.97 0.94 0.94 0.94 0.91 0.91 0.88 0.88 0.84 0.81 0.31 -0.06 -0.22 -0.34 -0.44 -0.50 -0.53 -0.59 -0.59 -0.59 -0.56 -0.53 -0.50 -0.44 -0.34 -0.25 -0.16 -0.06 0.03 0.12 0.19 0.25 0.28 0.28 0.25 0.22 0.19 0.16 0.12 0.06 0.03 0.00 -0.06 -0.09 -0.16 -0.22 -0.25 -0.31 -0.38 -0.44 -0.47 -0.53 -0.59 -0.66 -0.72 -0.78 -0.84 -0.91 -0.94 -1.00 -1.03 -1.06 -1.12 -1.16 -1.16 -1.19 -1.25 -1.28
1.53 1.47 1.44 1.38 1.31 1.25 1.06 1.00 0.97 0.94 0.94 0.94 0.91 0.91 0.88 0.88 0.84 0.81 0.78 0.72 0.25 -0.06 -0.22 -0.34 -0.47 -0.53 -0.59 -0.62 -0.62 -0.62 -0.62 -0.59 -0.53 -0.47 -0.38 -0.31 -0.19 -0.09 0.00 0.06 0.12 0.16 0.19 0.16 0.16 0.09 0.06 0.03 0.00 -0.06 -0.09 -0.12 -0.19 -0.22 -0.28 -0.34 -0.38 -0.44 -0.50 -0.53 -0.59 -0.66 -0.69 -0.75 -0.81 -0.88 -0.91 -0.97 -1.03 -1.06 -1.09 -1.12 -1.16 -1.19 -1.22 -1.28 -1.31
1.59 1.53 1.50 1.44 1.41 1.34 1.19 1.03 0.97 0.94 0.94 0.94 0.91 0.91 0.88 0.84 0.81 0.81 0.78 0.75 0.56 0.22 -0.06 -0.25 -0.38 -0.50 -0.56 -0.62 -0.66 -0.69 -0.69 -0.66 -0.62 -0.56 -0.50 -0.44 -0.34 -0.22 -0.16 -0.06 0.00 0.06 0.06 0.09 0.06 0.03 0.00 -0.06 -0.09 -0.12 -0.19 -0.22 -0.25 -0.31 -0.34 -0.41 -0.44 -0.50 -0.56 -0.59 -0.66 -0.69 -0.75 -0.78 -0.84 -0.91 -0.94 -1.00 -1.03 -1.09 -1.12 -1.16 -1.19 -1.22 -1.25 -1.31 -1.38
1.62 1.59 1.56 1.50 1.47 1.41 1.34 1.12 0.97 0.94 0.94 0.91 0.91 0.88 0.84 0.84 0.81 0.78 0.75 0.72 0.66 0.41 0.12 -0.12 -0.28 -0.44 -0.53 -0.62 -0.69 -0.72 -0.72 -0.72 -0.72 -0.66 -0.62 -0.53 -0.44 -0.38 -0.28 -0.19 -0.12 -0.06 -0.03 -0.03 -0.03 -0.06 -0.09 -0.12 -0.19 -0.22 -0.25 -0.31 -0.34 -0.38 -0.44 -0.47 -0.53 -0.56 -0.62 -0.66 -0.72 -0.75 -0.78 -0.84 -0.88 -0.94 -0.97 -1.03 -1.06 -1.12 -1.16 -1.19 -1.22 -1.28 -1.31 -1.34 -1.41
1.72 1.69 1.62 1.59 1.53 1.50 1.47 1.25 1.03 0.94 0.94 0.91 0.88 0.88 0.84 0.81 0.78 0.75 0.72 0.69 0.66 0.50 0.28 0.03 -0.19 -0.38 -0.50 -0.59 -0.69 -0.72 -0.75 -0.78 -0.75 -0.75 -0.69 -0.62 -0.56 -0.47 -0.41 -0.31 -0.25 -0.19 -0.16 -0.12 -0.12 -0.16 -0.19 -0.22 -0.25 -0.28 -0.34 -0.38 -0.41 -0.47 -0.50 -0.53 -0.59 -0.62 -0.69 -0.72 -0.75 -0.81 -0.84 -0.88 -0.94 -0.97 -1.00 -1.06 -1.09 -1.16 -1.19 -1.22 -1.28 -1.31 -1.34 -1.41 -1.47
1.75 1.72 1.69 1.62 1.59 1.56 1.53 1.34 1.09 0.94 0.91 0.91 0.88 0.84 0.81 0.81 0.78 0.75 0.72 0.69 0.62 0.53 0.38 0.16 -0.06 -0.28 -0.44 -0.56 -0.66 -0.75 -0.78 -0.78 -0.81 -0.78 -0.75 -0.72 -0.66 -0.59 -0.53 -0.44 -0.38 -0.34 -0.28 -0.25 -0.22 -0.22 -0.25 -0.28 -0.34 -0.38 -0.41 -0.47 -0.50 -0.53 -0.56 -0.62 -0.66 -0.69 -0.75 -0.78 -0.81 -0.84 -0.91 -0.94 -0.97 -1.00 -1.06 -1.09 -1.16 -1.19 -1.22 -1.28 -1.31 -1.34 -1.41 -1.47 -1.53
1.78 1.75 1.69 1.66 1.62 1.62 1.62 1.41 1.16 0.94 0.91 0.88 0.88 0.84 0.81 0.78 0.75 0.72 0.69 0.66 0.62 0.53 0.41 0.22 0.00 -0.19 -0.38 -0.53 -0.66 -0.72 -0.78 -0.81 -0.81 -0.81 -0.78 -0.75 -0.72 -0.66 -0.62 -0.56 -0.53 -0.47 -0.41 -0.38 -0.34 -0.31 -0.34 -0.38 -0.41 -0.44 -0.50 -0.53 -0.56 -0.59 -0.66 -0.69 -0.72 -0.75 -0.78 -0.84 -0.88 -0.91 -0.94 -0.97 -1.00 -1.06 -1.09 -1.12 -1.19 -1.22 -1.28 -1.31 -1.34 -1.41 -1.44 -1.50 -1.59
1.81 1.75 1.72 1.69 1.66 1.66 1.69 1.44 1.19 0.97 0.91 0.88 0.84 0.81 0.81 0.78 0.75 0.72 0.66 0.62 0.59 0.53 0.41 0.25 0.06 -0.12 -0.34 -0.50 -0.62 -0.72 -0.78 -0.81 -0.81 -0.81 -0.81 -0.78 -0.78 -0.75 -0.69 -0.66 -0.62 -0.59 -0.56 -0.50 -0.47 -0.44 -0.44 -0.44 -0.50 -0.53 -0.56 -0.59 -0.66 -0.69 -0.72 -0.75 -0.78 -0.81 -0.84 -0.88 -0.94 -0.97 -1.00 -1.03 -1.06 -1.09 -1.12 -1.19 -1.22 -1.28 -1.31 -1.38 -1.41 -1.47 -1.50 -1.56 -1.66
1.81 1.78 1.75 1.72 1.69 1.66 1.62 1.41 1.16 1.00 0.91 0.88 0.84 0.81 0.78 0.75 0.72 0.69 0.66 0.62 0.56 0.50 0.41 0.25 0.09 -0.09 -0.28 -0.47 -0.59 -0.69 -0.75 -0.81 -0.81 -0.81 -0.81 -0.81 -0.81 -0.78 -0.75 -0.75 -0.72 -0.69 -0.66 -0.62 -0.56 -0.53 -0.50 -0.53 -0.56 -0.59 -0.62 -0.66 -0.72 -0.75 -0.78 -0.81 -0.84 -0.88 -0.91 -0.94 -0.97 -1.00 -1.03 -1.06 -1.12 -1.16 -1.19 -1.22 -1.25 -1.31 -1.38 -1.41 -1.47 -1.50 -1.56 -1.62 -1.72
1.81 1.78 1.75 1.72 1.72 1.69 1.56 1.31 1.12 1.00 0.88 0.88 0.84 0.81 0.78 0.75 0.72 0.66 0.62 0.59 0.56 0.47 0.38 0.25 0.09 -0.09 -0.25 -0.44 -0.56 -0.69 -0.75 -0.78 -0.81 -0.81 -0.81 -0.81 -0.81 -0.81 -0.81 -0.78 -0.78 -0.78 -0.75 -0.72 -0.69 -0.62 -0.59 -0.59 -0.62 -0.66 -0.69 -0.72 -0.75 -0.81 -0.84 -0.88 -0.91 -0.94 -0.97 -1.00 -1.03 -1.06 -1.09 -1.12 -1.16 -1.19 -1.22 -1.28 -1.31 -1.38 -1.41 -1.47 -1.50 -1.56 -1.62 -1.72 -1.78
1.81 1.81 1.78 1.75 1.72 1.72 1.53 1.28 1.09 0.97 0.88 0.84 0.81 0.78 0.75 0.72 0.69 0.66 0.62 0.56 0.50 0.44 0.34 0.22 0.09 -0.09 -0.25 -0.41 -0.56 -0.66 -0.75 -0.78 -0.81 -0.81 -0.81 -0.81 -0.81 -0.81 -0.81 -0.81 -0.81 -0.81 -0.78 -0.78 -0.75 -0.69 -0.66 -0.66 -0.69 -0.72 -0.75 -0.78 -0.81 -0.84 -0.88 -0.91 -0.97 -1.00 -1.00 -1.03 -1.06 -1.09 -1.12 -1.16 -1.19 -1.22 -1.28 -1.31 -1.34 -1.41 -1.47 -1.50 -1.56 -1.62 -1.69 -1.78 -1.84
