everonasctiles/Tile42,21.asc
ncols 128
nrows 128
xllcorner 0
yllcorner 0
cellsize 2.0
NODATA_value  -9999
[rows 32 to 63 of 128, columns 0 to 70 of 128]
-38.31 -38.50 -38.66 -38.84 -39.03 -39.22 -39.41 -39.59 -39.78 -39.97 -40.16 -40.34 -40.53 -40.72 -40.91 -41.09 -41.28 -41.47 -41.66 -41.84 -42.00 -42.19 -42.34 -42.50 -42.66 -42.81 -42.97 -43.09 -43.22 -43.31 -43.38 -43.47 -43.53 -43.62 -43.69 -43.78 -43.84 -43.94 -44.00 -44.06 -44.12 -44.16 -44.19 -44.19 -44.22 -44.22 -44.25 -44.34 -44.47 -44.59 -44.72 -44.88 -45.00 -45.09 -45.22 -45.34 -45.47 -45.62 -45.75 -45.91 -46.06 -46.22 -46.41 -46.59 -46.75 -46.94 -47.12 -47.28 -47.44 -47.56 -47.69
-38.28 -38.47 -38.62 -38.81 -39.00 -39.19 -39.38 -39.59 -39.78 -40.00 -40.19 -40.41 -40.59 -40.78 -40.97 -41.16 -41.31 -41.50 -41.69 -41.84 -42.00 -42.16 -42.31 -42.47 -42.59 -42.72 -42.84 -42.97 -43.03 -43.12 -43.19 -43.28 -43.34 -43.44 -43.50 -43.56 -43.62 -43.72 -43.78 -43.84 -43.88 -43.91 -43.94 -43.94 -43.97 -44.00 -44.06 -44.16 -44.28 -44.41 -44.53 -44.66 -44.78 -44.94 -45.06 -45.19 -45.34 -45.47 -45.62 -45.81 -45.97 -46.16 -46.34 -46.53 -46.69 -46.88 -47.03 -47.19 -47.34 -47.47 -47.59
-38.22 -38.41 -38.56 -38.75 -38.97 -39.16 -39.38 -39.56 -39.78 -39.97 -40.19 -40.41 -40.59 -40.81 -41.00 -41.19 -41.34 -41.53 -41.69 -41.84 -41.97 -42.12 -42.25 -42.41 -42.50 -42.62 -42.72 -42.81 -42.88 -42.97 -43.03 -43.09 -43.16 -43.22 -43.28 -43.38 -43.44 -43.50 -43.56 -43.59 -43.62 -43.66 -43.69 -43.72 -43.75 -43.78 -43.88 -43.97 -44.09 -44.22 -44.34 -44.50 -44.62 -44.75 -44.88 -45.03 -45.19 -45.38 -45.53 -45.72 -45.91 -46.09 -46.28 -46.47 -46.62 -46.81 -46.97 -47.12 -47.25 -47.41 -47.53
-38.16 -38.34 -38.50 -38.72 -38.91 -39.12 -39.31 -39.53 -39.72 -39.94 -40.16 -40.38 -40.59 -40.78 -41.00 -41.19 -41.34 -41.50 -41.66 -41.78 -41.94 -42.06 -42.19 -42.31 -42.41 -42.50 -42.56 -42.66 -42.72 -42.78 -42.84 -42.91 -42.97 -43.03 -43.09 -43.16 -43.22 -43.28 -43.34 -43.38 -43.41 -43.41 -43.44 -43.47 -43.53 -43.59 -43.69 -43.78 -43.91 -44.06 -44.19 -44.31 -44.44 -44.59 -44.75 -44.91 -45.06 -45.25 -45.44 -45.62 -45.81 -46.03 -46.22 -46.38 -46.56 -46.72 -46.88 -47.03 -47.19 -47.34 -47.50
-38.06 -38.25 -38.44 -38.66 -38.84 -39.06 -39.25 -39.47 -39.69 -39.88 -40.09 -40.31 -40.53 -40.75 -40.94 -41.12 -41.28 -41.44 -41.59 -41.75 -41.88 -42.00 -42.09 -42.19 -42.25 -42.34 -42.41 -42.50 -42.56 -42.59 -42.66 -42.69 -42.75 -42.81 -42.88 -42.97 -43.03 -43.09 -43.12 -43.16 -43.16 -43.19 -43.22 -43.28 -43.34 -43.41 -43.50 -43.62 -43.75 -43.88 -44.03 -44.16 -44.28 -44.44 -44.59 -44.75 -44.94 -45.16 -45.34 -45.56 -45.75 -45.94 -46.12 -46.31 -46.47 -46.62 -46.78 -46.94 -47.09 -47.28 -47.47
-38.03 -38.22 -38.41 -38.59 -38.81 -39.00 -39.22 -39.41 -39.62 -39.81 -40.03 -40.25 -40.47 -40.69 -40.88 -41.03 -41.22 -41.38 -41.53 -41.66 -41.78 -41.88 -41.97 -42.03 -42.12 -42.19 -42.25 -42.31 -42.38 -42.41 -42.44 -42.50 -42.53 -42.59 -42.66 -42.75 -42.81 -42.88 -42.91 -42.91 -42.94 -42.97 -43.00 -43.06 -43.16 -43.25 -43.34 -43.47 -43.59 -43.72 -43.88 -44.00 -44.12 -44.28 -44.47 -44.62 -44.84 -45.03 -45.25 -45.44 -45.66 -45.84 -46.03 -46.19 -46.34 -46.53 -46.69 -46.84 -47.03 -47.22 -47.41
-38.00 -38.19 -38.38 -38.56 -38.75 -38.97 -39.16 -39.38 -39.56 -39.78 -39.97 -40.19 -40.41 -40.59 -40.78 -40.97 -41.12 -41.31 -41.44 -41.59 -41.69 -41.78 -41.84 -41.91 -41.97 -42.03 -42.09 -42.16 -42.19 -42.22 -42.25 -42.28 -42.31 -42.38 -42.44 -42.50 -42.56 -42.62 -42.66 -42.69 -42.72 -42.75 -42.81 -42.88 -42.97 -43.06 -43.19 -43.31 -43.44 -43.56 -43.72 -43.84 -44.00 -44.16 -44.31 -44.53 -44.72 -44.94 -45.16 -45.34 -45.53 -45.72 -45.91 -46.06 -46.22 -46.41 -46.56 -46.75 -46.94 -47.16 -47.34
-38.00 -38.16 -38.34 -38.56 -38.75 -38.94 -39.12 -39.34 -39.53 -39.72 -39.94 -40.12 -40.31 -40.53 -40.72 -40.88 -41.06 -41.22 -41.34 -41.47 -41.56 -41.62 -41.69 -41.75 -41.81 -41.88 -41.94 -41.97 -42.00 -42.03 -42.03 -42.06 -42.09 -42.16 -42.22 -42.28 -42.34 -42.41 -42.44 -42.50 -42.53 -42.56 -42.62 -42.69 -42.78 -42.91 -43.03 -43.16 -43.28 -43.44 -43.56 -43.72 -43.88 -44.03 -44.22 -44.41 -44.62 -44.81 -45.03 -45.22 -45.41 -45.59 -45.75 -45.91 -46.09 -46.28 -46.47 -46.66 -46.88 -47.06 -47.31
-38.03 -38.19 -38.38 -38.56 -38.75 -38.94 -39.12 -39.31 -39.47 -39.66 -39.88 -40.06 -40.25 -40.44 -40.62 -40.81 -40.97 -41.12 -41.25 -41.34 -41.44 -41.50 -41.56 -41.59 -41.66 -41.72 -41.75 -41.78 -41.81 -41.81 -41.84 -41.84 -41.88 -41.94 -41.97 -42.03 -42.09 -42.16 -42.22 -42.28 -42.31 -42.38 -42.44 -42.53 -42.62 -42.75 -42.88 -43.00 -43.16 -43.31 -43.47 -43.62 -43.78 -43.94 -44.12 -44.31 -44.53 -44.72 -44.94 -45.12 -45.28 -45.44 -45.59 -45.78 -45.97 -46.16 -46.38 -46.56 -46.78 -47.03 -47.25
-38.06 -38.22 -38.41 -38.56 -38.75 -38.91 -39.09 -39.25 -39.44 -39.62 -39.81 -40.00 -40.19 -40.38 -40.56 -40.72 -40.88 -41.00 -41.12 -41.22 -41.31 -41.38 -41.41 -41.44 -41.50 -41.53 -41.56 -41.59 -41.62 -41.62 -41.62 -41.62 -41.66 -41.72 -41.75 -41.81 -41.88 -41.97 -42.03 -42.09 -42.16 -42.19 -42.28 -42.38 -42.47 -42.59 -42.75 -42.88 -43.03 -43.19 -43.38 -43.53 -43.72 -43.88 -44.06 -44.25 -44.44 -44.62 -44.81 -45.00 -45.16 -45.31 -45.47 -45.66 -45.84 -46.06 -46.28 -46.50 -46.75 -46.97 -47.22
-38.06 -38.25 -38.41 -38.56 -38.72 -38.91 -39.06 -39.22 -39.38 -39.53 -39.72 -39.91 -40.09 -40.28 -40.47 -40.62 -40.78 -40.91 -41.00 -41.09 -41.16 -41.22 -41.25 -41.28 -41.31 -41.38 -41.41 -41.41 -41.44 -41.44 -41.44 -41.44 -41.44 -41.47 -41.53 -41.59 -41.69 -41.75 -41.84 -41.91 -41.97 -42.03 -42.12 -42.22 -42.34 -42.47 -42.62 -42.78 -42.94 -43.12 -43.28 -43.47 -43.66 -43.84 -44.03 -44.19 -44.38 -44.53 -44.72 -44.88 -45.00 -45.16 -45.34 -45.53 -45.75 -45.97 -46.22 -46.44 -46.69 -46.94 -47.19
-38.06 -38.25 -38.41 -38.56 -38.72 -38.84 -39.00 -39.16 -39.31 -39.47 -39.66 -39.81 -40.00 -40.19 -40.34 -40.50 -40.62 -40.75 -40.84 -40.94 -41.00 -41.06 -41.09 -41.12 -41.16 -41.19 -41.22 -41.22 -41.25 -41.25 -41.22 -41.22 -41.22 -41.28 -41.31 -41.41 -41.50 -41.59 -41.69 -41.75 -41.81 -41.91 -42.00 -42.09 -42.25 -42.41 -42.56 -42.72 -42.88 -43.06 -43.25 -43.44 -43.59 -43.78 -43.97 -44.12 -44.28 -44.44 -44.59 -44.72 -44.88 -45.03 -45.22 -45.44 -45.66 -45.91 -46.16 -46.41 -46.66 -46.91 -47.12
-38.06 -38.22 -38.38 -38.50 -38.66 -38.81 -38.94 -39.09 -39.22 -39.38 -39.56 -39.72 -39.91 -40.06 -40.25 -40.38 -40.50 -40.59 -40.69 -40.78 -40.84 -40.88 -40.91 -40.94 -40.97 -41.00 -41.00 -41.03 -41.03 -41.03 -41.03 -41.00 -41.03 -41.06 -41.12 -41.22 -41.34 -41.44 -41.53 -41.59 -41.69 -41.78 -41.88 -42.00 -42.16 -42.31 -42.50 -42.66 -42.84 -43.03 -43.19 -43.38 -43.56 -43.72 -43.88 -44.03 -44.19 -44.31 -44.47 -44.59 -44.75 -44.94 -45.12 -45.34 -45.59 -45.84 -46.09 -46.34 -46.59 -46.84 -47.06
-38.03 -38.16 -38.31 -38.47 -38.59 -38.72 -38.88 -39.00 -39.16 -39.31 -39.47 -39.62 -39.78 -39.94 -40.09 -40.22 -40.34 -40.44 -40.53 -40.59 -40.66 -40.72 -40.72 -40.75 -40.78 -40.81 -40.81 -40.84 -40.84 -40.84 -40.81 -40.81 -40.81 -40.88 -40.97 -41.06 -41.19 -41.28 -41.38 -41.47 -41.56 -41.66 -41.78 -41.94 -42.09 -42.25 -42.44 -42.62 -42.78 -42.97 -43.16 -43.31 -43.50 -43.66 -43.81 -43.94 -44.09 -44.22 -44.34 -44.50 -44.66 -44.84 -45.06 -45.28 -45.53 -45.78 -46.06 -46.31 -46.53 -46.78 -47.00
-37.97 -38.09 -38.25 -38.38 -38.53 -38.66 -38.78 -38.94 -39.06 -39.19 -39.34 -39.50 -39.66 -39.81 -39.97 -40.09 -40.19 -40.28 -40.34 -40.41 -40.47 -40.53 -40.53 -40.56 -40.59 -40.62 -40.62 -40.66 -40.66 -40.66 -40.62 -40.62 -40.66 -40.72 -40.81 -40.94 -41.06 -41.16 -41.25 -41.34 -41.47 -41.56 -41.72 -41.88 -42.03 -42.19 -42.38 -42.56 -42.72 -42.91 -43.09 -43.25 -43.41 -43.56 -43.72 -43.84 -43.97 -44.09 -44.22 -44.38 -44.56 -44.78 -45.00 -45.25 -45.50 -45.75 -46.00 -46.25 -46.50 -46.72 -46.94
-37.91 -38.03 -38.16 -38.31 -38.44 -38.56 -38.72 -38.84 -38.97 -39.09 -39.25 -39.41 -39.56 -39.69 -39.81 -39.94 -40.03 -40.09 -40.19 -40.25 -40.28 -40.31 -40.34 -40.38 -40.41 -40.44 -40.44 -40.47 -40.47 -40.44 -40.44 -40.44 -40.47 -40.56 -40.69 -40.81 -40.91 -41.03 -41.12 -41.25 -41.38 -41.50 -41.66 -41.81 -41.97 -42.16 -42.31 -42.50 -42.66 -42.84 -43.00 -43.19 -43.34 -43.50 -43.62 -43.75 -43.88 -44.00 -44.12 -44.31 -44.50 -44.72 -44.97 -45.22 -45.47 -45.72 -45.97 -46.22 -46.44 -46.66 -46.88
-37.81 -37.94 -38.09 -38.22 -38.34 -38.50 -38.62 -38.75 -38.88 -39.00 -39.16 -39.28 -39.44 -39.56 -39.66 -39.78 -39.84 -39.94 -40.00 -40.06 -40.12 -40.12 -40.16 -40.19 -40.22 -40.25 -40.25 -40.28 -40.28 -40.25 -40.25 -40.28 -40.34 -40.44 -40.53 -40.66 -40.78 -40.91 -41.03 -41.16 -41.28 -41.44 -41.59 -41.75 -41.91 -42.09 -42.25 -42.44 -42.59 -42.78 -42.94 -43.09 -43.25 -43.41 -43.53 -43.66 -43.75 -43.91 -44.06 -44.22 -44.44 -44.66 -44.91 -45.16 -45.44 -45.69 -45.94 -46.16 -46.41 -46.62 -46.81
-37.72 -37.88 -38.00 -38.16 -38.28 -38.41 -38.53 -38.66 -38.78 -38.91 -39.03 -39.19 -39.31 -39.41 -39.50 -39.62 -39.69 -39.78 -39.84 -39.91 -39.94 -39.94 -39.97 -40.00 -40.03 -40.03 -40.06 -40.06 -40.09 -40.09 -40.09 -40.12 -40.19 -40.28 -40.41 -40.53 -40.66 -40.78 -40.94 -41.06 -41.22 -41.38 -41.53 -41.69 -41.88 -42.03 -42.22 -42.38 -42.53 -42.72 -42.88 -43.03 -43.16 -43.28 -43.41 -43.53 -43.66 -43.81 -43.97 -44.16 -44.38 -44.62 -44.88 -45.12 -45.38 -45.62 -45.88 -46.12 -46.34 -46.56 -46.75
-37.62 -37.78 -37.91 -38.06 -38.19 -38.31 -38.44 -38.56 -38.69 -38.81 -38.94 -39.06 -39.16 -39.28 -39.38 -39.47 -39.53 -39.62 -39.69 -39.72 -39.75 -39.78 -39.78 -39.81 -39.81 -39.84 -39.88 -39.88 -39.91 -39.91 -39.94 -39.97 -40.06 -40.16 -40.28 -40.41 -40.53 -40.69 -40.81 -40.97 -41.12 -41.31 -41.47 -41.66 -41.81 -41.97 -42.16 -42.31 -42.47 -42.62 -42.78 -42.94 -43.06 -43.19 -43.31 -43.44 -43.56 -43.72 -43.91 -44.09 -44.34 -44.56 -44.84 -45.09 -45.34 -45.59 -45.81 -46.06 -46.28 -46.47 -46.66
-37.53 -37.69 -37.84 -37.97 -38.09 -38.22 -38.34 -38.47 -38.59 -38.72 -38.84 -38.94 -39.03 -39.12 -39.22 -39.31 -39.41 -39.47 -39.53 -39.56 -39.59 -39.62 -39.62 -39.62 -39.62 -39.66 -39.66 -39.69 -39.72 -39.75 -39.78 -39.84 -39.94 -40.03 -40.16 -40.28 -40.44 -40.56 -40.72 -40.88 -41.06 -41.22 -41.41 -41.59 -41.75 -41.94 -42.09 -42.25 -42.41 -42.56 -42.69 -42.81 -42.94 -43.06 -43.19 -43.31 -43.47 -43.62 -43.81 -44.03 -44.28 -44.53 -44.78 -45.03 -45.28 -45.53 -45.75 -45.97 -46.19 -46.38 -46.56
-37.47 -37.59 -37.75 -37.88 -38.00 -38.12 -38.22 -38.34 -38.47 -38.59 -38.72 -38.81 -38.91 -39.00 -39.09 -39.19 -39.25 -39.31 -39.38 -39.41 -39.44 -39.47 -39.47 -39.44 -39.44 -39.47 -39.47 -39.50 -39.53 -39.59 -39.62 -39.72 -39.81 -39.94 -40.06 -40.19 -40.31 -40.47 -40.62 -40.78 -40.97 -41.16 -41.31 -41.50 -41.69 -41.88 -42.03 -42.19 -42.34 -42.47 -42.59 -42.72 -42.84 -42.94 -43.06 -43.22 -43.38 -43.56 -43.75 -43.97 -44.22 -44.47 -44.72 -44.94 -45.19 -45.44 -45.66 -45.88 -46.09 -46.28 -46.47
-37.38 -37.50 -37.66 -37.78 -37.88 -38.00 -38.12 -38.22 -38.34 -38.47 -38.59 -38.69 -38.78 -38.88 -38.97 -39.03 -39.09 -39.16 -39.22 -39.25 -39.28 -39.31 -39.31 -39.28 -39.28 -39.28 -39.31 -39.34 -39.38 -39.44 -39.50 -39.59 -39.72 -39.84 -39.94 -40.09 -40.22 -40.38 -40.53 -40.72 -40.88 -41.06 -41.25 -41.44 -41.62 -41.81 -41.97 -42.12 -42.28 -42.41 -42.50 -42.62 -42.72 -42.84 -42.97 -43.12 -43.28 -43.47 -43.69 -43.91 -44.16 -44.38 -44.62 -44.84 -45.09 -45.31 -45.53 -45.75 -45.97 -46.16 -46.31
-37.28 -37.41 -37.53 -37.66 -37.75 -37.88 -38.00 -38.12 -38.22 -38.34 -38.44 -38.56 -38.66 -38.72 -38.81 -38.88 -38.94 -39.00 -39.06 -39.09 -39.12 -39.16 -39.12 -39.12 -39.12 -39.12 -39.16 -39.19 -39.25 -39.34 -39.44 -39.53 -39.66 -39.75 -39.88 -40.03 -40.16 -40.31 -40.47 -40.66 -40.81 -41.00 -41.19 -41.38 -41.56 -41.75 -41.91 -42.06 -42.19 -42.31 -42.41 -42.50 -42.59 -42.72 -42.88 -43.03 -43.22 -43.41 -43.62 -43.84 -44.06 -44.31 -44.53 -44.75 -44.97 -45.19 -45.41 -45.62 -45.81 -46.00 -46.19
-37.16 -37.28 -37.41 -37.53 -37.62 -37.75 -37.88 -38.00 -38.12 -38.22 -38.31 -38.41 -38.50 -38.59 -38.66 -38.72 -38.78 -38.84 -38.91 -38.94 -38.97 -38.97 -38.97 -38.97 -38.97 -39.00 -39.03 -39.09 -39.19 -39.28 -39.38 -39.50 -39.59 -39.72 -39.84 -39.97 -40.12 -40.28 -40.44 -40.59 -40.78 -40.97 -41.16 -41.34 -41.50 -41.66 -41.81 -41.97 -42.09 -42.19 -42.28 -42.38 -42.50 -42.62 -42.75 -42.94 -43.12 -43.31 -43.53 -43.75 -43.97 -44.19 -44.44 -44.66 -44.88 -45.06 -45.28 -45.47 -45.66 -45.84 -46.03
-37.03 -37.16 -37.28 -37.41 -37.53 -37.66 -37.78 -37.91 -38.00 -38.09 -38.19 -38.28 -38.38 -38.44 -38.53 -38.59 -38.62 -38.69 -38.75 -38.78 -38.81 -38.81 -38.81 -38.81 -38.84 -38.88 -38.94 -39.03 -39.12 -39.25 -39.34 -39.47 -39.59 -39.72 -39.84 -39.97 -40.12 -40.28 -40.44 -40.59 -40.75 -40.94 -41.12 -41.28 -41.44 -41.59 -41.72 -41.88 -41.97 -42.09 -42.19 -42.28 -42.38 -42.50 -42.66 -42.84 -43.03 -43.22 -43.44 -43.66 -43.88 -44.09 -44.31 -44.53 -44.72 -44.94 -45.12 -45.31 -45.50 -45.69 -45.88
-36.91 -37.03 -37.16 -37.28 -37.41 -37.53 -37.66 -37.78 -37.88 -37.97 -38.06 -38.16 -38.25 -38.31 -38.38 -38.44 -38.50 -38.53 -38.59 -38.62 -38.62 -38.66 -38.66 -38.69 -38.72 -38.78 -38.88 -38.97 -39.09 -39.22 -39.34 -39.47 -39.59 -39.72 -39.84 -39.97 -40.12 -40.28 -40.41 -40.56 -40.75 -40.91 -41.06 -41.22 -41.38 -41.50 -41.62 -41.75 -41.84 -41.94 -42.06 -42.16 -42.28 -42.41 -42.59 -42.75 -42.94 -43.16 -43.34 -43.56 -43.75 -43.97 -44.19 -44.41 -44.59 -44.81 -45.00 -45.19 -45.38 -45.56 -45.75
-36.78 -36.91 -37.03 -37.19 -37.31 -37.44 -37.56 -37.69 -37.78 -37.88 -37.94 -38.03 -38.12 -38.19 -38.25 -38.31 -38.34 -38.41 -38.44 -38.44 -38.47 -38.47 -38.50 -38.53 -38.59 -38.66 -38.78 -38.91 -39.03 -39.16 -39.28 -39.41 -39.56 -39.69 -39.81 -39.94 -40.09 -40.25 -40.41 -40.56 -40.72 -40.84 -41.00 -41.16 -41.28 -41.41 -41.53 -41.62 -41.72 -41.81 -41.94 -42.06 -42.19 -42.34 -42.53 -42.72 -42.91 -43.09 -43.28 -43.47 -43.69 -43.88 -44.09 -44.28 -44.47 -44.69 -44.88 -45.06 -45.28 -45.47 -45.69
-36.69 -36.81 -36.94 -37.09 -37.22 -37.34 -37.47 -37.56 -37.66 -37.75 -37.84 -37.91 -38.00 -38.06 -38.12 -38.19 -38.22 -38.25 -38.28 -38.28 -38.31 -38.31 -38.34 -38.38 -38.47 -38.56 -38.69 -38.81 -38.94 -39.09 -39.22 -39.34 -39.47 -39.59 -39.75 -39.88 -40.03 -40.19 -40.34 -40.50 -40.66 -40.78 -40.94 -41.06 -41.19 -41.31 -41.41 -41.50 -41.59 -41.72 -41.84 -41.97 -42.12 -42.31 -42.50 -42.69 -42.88 -43.06 -43.25 -43.44 -43.62 -43.81 -44.00 -44.19 -44.41 -44.59 -44.81 -45.03 -45.22 -45.44 -45.69
-36.59 -36.72 -36.84 -37.00 -37.12 -37.25 -37.34 -37.47 -37.56 -37.62 -37.72 -37.78 -37.88 -37.94 -38.00 -38.06 -38.09 -38.09 -38.12 -38.12 -38.16 -38.19 -38.19 -38.25 -38.34 -38.44 -38.56 -38.69 -38.84 -38.97 -39.12 -39.25 -39.38 -39.50 -39.66 -39.81 -39.94 -40.09 -40.25 -40.41 -40.56 -40.69 -40.84 -40.97 -41.09 -41.19 -41.28 -41.38 -41.50 -41.62 -41.75 -41.91 -42.09 -42.28 -42.47 -42.66 -42.84 -43.03 -43.22 -43.41 -43.59 -43.78 -43.97 -44.16 -44.34 -44.56 -44.78 -45.00 -45.22 -45.44 -45.69
-36.50 -36.66 -36.78 -36.91 -37.03 -37.16 -37.25 -37.34 -37.44 -37.53 -37.59 -37.69 -37.75 -37.81 -37.88 -37.91 -37.94 -37.97 -37.97 -38.00 -38.00 -38.03 -38.06 -38.12 -38.22 -38.31 -38.44 -38.59 -38.72 -38.88 -39.00 -39.12 -39.25 -39.41 -39.53 -39.69 -39.84 -40.00 -40.16 -40.31 -40.47 -40.59 -40.72 -40.84 -40.97 -41.06 -41.16 -41.28 -41.41 -41.56 -41.69 -41.88 -42.06 -42.25 -42.44 -42.62 -42.81 -43.00 -43.19 -43.38 -43.56 -43.75 -43.94 -44.16 -44.34 -44.56 -44.78 -45.00 -45.22 -45.47 -45.69
-36.44 -36.59 -36.72 -36.84 -36.97 -37.06 -37.16 -37.25 -37.34 -37.41 -37.50 -37.56 -37.66 -37.72 -37.75 -37.78 -37.81 -37.81 -37.81 -37.84 -37.88 -37.91 -37.94 -38.00 -38.09 -38.22 -38.31 -38.47 -38.59 -38.75 -38.88 -39.00 -39.12 -39.25 -39.41 -39.56 -39.75 -39.91 -40.06 -40.19 -40.34 -40.47 -40.59 -40.72 -40.84 -40.97 -41.06 -41.19 -41.34 -41.50 -41.66 -41.81 -42.00 -42.19 -42.38 -42.56 -42.78 -42.97 -43.16 -43.34 -43.53 -43.72 -43.94 -44.12 -44.34 -44.56 -44.78 -45.00 -45.22 -45.47 -45.69
-36.38 -36.50 -36.62 -36.75 -36.88 -36.97 -37.06 -37.16 -37.22 -37.31 -37.38 -37.47 -37.53 -37.59 -37.62 -37.66 -37.66 -37.66 -37.69 -37.69 -37.72 -37.78 -37.81 -37.91 -37.97 -38.09 -38.19 -38.34 -38.47 -38.59 -38.72 -38.84 -38.97 -39.12 -39.28 -39.44 -39.62 -39.78 -39.94 -40.09 -40.22 -40.38 -40.50 -40.62 -40.75 -40.88 -41.00 -41.12 -41.28 -41.44 -41.59 -41.75 -41.94 -42.12 -42.31 -42.53 -42.72 -42.91 -43.09 -43.28 -43.47 -43.69 -43.88 -44.09 -44.31 -44.53 -44.75 -44.97 -45.22 -45.44 -45.69
