everonasctiles/Tile[47,33].asc
ncols 128
nrows 128
xllcorner 0
yllcorner 0
cellsize 2.0
NODATA_value  -9999
[rows 0 to 31 of 128, columns 0 to 70 of 128]
-66.56 -66.69 -66.81 -66.91 -67.03 -67.16 -67.25 -67.34 -67.47 -67.56 -67.69 -67.78 -67.88 -67.97 -68.06 -68.16 -68.25 -68.34 -68.44 -68.53 -68.59 -68.69 -68.75 -68.81 -68.91 -69.00 -69.09 -69.19 -69.31 -69.41 -69.53 -69.66 -69.78 -69.88 -70.00 -70.09 -70.22 -70.31 -70.41 -70.50 -70.59 -70.69 -70.81 -71.00 -71.22 -71.47 -71.69 -71.88 -72.03 -72.22 -72.41 -72.62 -72.84 -73.06 -73.25 -73.44 -73.62 -73.75 -73.84 -73.88 -73.88 -73.88 -73.84 -73.81 -73.78 -73.78 -73.75 -73.78 -73.81 -73.88 -73.97
-66.66 -66.78 -66.88 -67.00 -67.12 -67.25 -67.38 -67.47 -67.56 -67.69 -67.78 -67.88 -67.97 -68.06 -68.12 -68.19 -68.28 -68.34 -68.44 -68.53 -68.59 -68.69 -68.75 -68.84 -68.94 -69.03 -69.12 -69.22 -69.31 -69.41 -69.53 -69.62 -69.75 -69.84 -69.97 -70.06 -70.16 -70.28 -70.41 -70.50 -70.59 -70.72 -70.91 -71.09 -71.38 -71.62 -71.84 -72.03 -72.16 -72.31 -72.47 -72.66 -72.88 -73.06 -73.25 -73.41 -73.56 -73.66 -73.72 -73.75 -73.75 -73.75 -73.72 -73.69 -73.66 -73.66 -73.66 -73.66 -73.69 -73.78 -73.88
-66.75 -66.88 -67.00 -67.12 -67.25 -67.38 -67.47 -67.56 -67.66 -67.75 -67.84 -67.94 -68.03 -68.12 -68.19 -68.25 -68.31 -68.38 -68.44 -68.50 -68.59 -68.69 -68.75 -68.84 -68.94 -69.03 -69.12 -69.19 -69.28 -69.38 -69.47 -69.56 -69.69 -69.78 -69.91 -70.00 -70.12 -70.22 -70.34 -70.47 -70.59 -70.72 -70.91 -71.16 -71.44 -71.72 -71.97 -72.16 -72.31 -72.44 -72.56 -72.72 -72.91 -73.06 -73.25 -73.38 -73.50 -73.59 -73.62 -73.62 -73.62 -73.59 -73.59 -73.56 -73.53 -73.53 -73.53 -73.56 -73.59 -73.69 -73.78
-66.91 -67.00 -67.09 -67.22 -67.34 -67.47 -67.59 -67.66 -67.75 -67.84 -67.91 -68.00 -68.09 -68.16 -68.22 -68.28 -68.34 -68.38 -68.44 -68.50 -68.56 -68.66 -68.75 -68.81 -68.91 -69.00 -69.06 -69.16 -69.25 -69.31 -69.41 -69.50 -69.62 -69.72 -69.81 -69.91 -70.03 -70.16 -70.28 -70.41 -70.53 -70.69 -70.91 -71.19 -71.47 -71.78 -72.06 -72.28 -72.44 -72.56 -72.69 -72.81 -72.94 -73.09 -73.22 -73.34 -73.44 -73.47 -73.50 -73.50 -73.47 -73.47 -73.44 -73.44 -73.41 -73.41 -73.41 -73.44 -73.50 -73.59 -73.72
-67.03 -67.12 -67.25 -67.34 -67.47 -67.59 -67.69 -67.75 -67.84 -67.91 -67.97 -68.06 -68.12 -68.22 -68.28 -68.31 -68.38 -68.41 -68.47 -68.50 -68.56 -68.66 -68.72 -68.78 -68.88 -68.94 -69.03 -69.09 -69.16 -69.25 -69.34 -69.44 -69.53 -69.62 -69.72 -69.81 -69.94 -70.06 -70.19 -70.31 -70.47 -70.62 -70.88 -71.16 -71.47 -71.78 -72.06 -72.31 -72.50 -72.66 -72.78 -72.88 -73.00 -73.09 -73.19 -73.28 -73.34 -73.38 -73.38 -73.34 -73.34 -73.31 -73.31 -73.31 -73.31 -73.31 -73.31 -73.34 -73.41 -73.53 -73.66
-67.19 -67.28 -67.41 -67.50 -67.59 -67.69 -67.78 -67.84 -67.91 -67.97 -68.03 -68.09 -68.19 -68.25 -68.31 -68.34 -68.41 -68.44 -68.50 -68.53 -68.59 -68.62 -68.72 -68.78 -68.84 -68.91 -68.97 -69.03 -69.12 -69.19 -69.28 -69.38 -69.44 -69.53 -69.62 -69.72 -69.84 -69.97 -70.09 -70.22 -70.38 -70.56 -70.81 -71.12 -71.44 -71.75 -72.03 -72.31 -72.53 -72.69 -72.84 -72.94 -73.03 -73.09 -73.16 -73.22 -73.25 -73.25 -73.25 -73.22 -73.22 -73.19 -73.19 -73.19 -73.22 -73.22 -73.22 -73.28 -73.38 -73.47 -73.62
-67.38 -67.47 -67.56 -67.62 -67.72 -67.78 -67.88 -67.94 -68.00 -68.03 -68.09 -68.16 -68.22 -68.28 -68.31 -68.38 -68.44 -68.47 -68.53 -68.56 -68.59 -68.66 -68.69 -68.75 -68.81 -68.88 -68.94 -69.00 -69.06 -69.12 -69.22 -69.28 -69.38 -69.44 -69.53 -69.62 -69.72 -69.84 -69.97 -70.12 -70.28 -70.47 -70.72 -71.03 -71.34 -71.69 -71.97 -72.25 -72.50 -72.69 -72.84 -72.97 -73.03 -73.09 -73.12 -73.16 -73.16 -73.16 -73.12 -73.12 -73.09 -73.09 -73.09 -73.12 -73.12 -73.19 -73.25 -73.31 -73.41 -73.50 -73.62
-67.53 -67.62 -67.72 -67.78 -67.84 -67.91 -67.97 -68.00 -68.06 -68.09 -68.16 -68.19 -68.25 -68.31 -68.34 -68.41 -68.47 -68.50 -68.56 -68.59 -68.62 -68.69 -68.72 -68.78 -68.81 -68.88 -68.91 -68.97 -69.03 -69.09 -69.16 -69.22 -69.28 -69.34 -69.44 -69.53 -69.62 -69.75 -69.88 -70.00 -70.16 -70.34 -70.59 -70.91 -71.28 -71.59 -71.91 -72.19 -72.44 -72.66 -72.84 -72.97 -73.03 -73.06 -73.09 -73.09 -73.09 -73.06 -73.03 -73.03 -73.00 -73.00 -73.03 -73.06 -73.16 -73.22 -73.31 -73.38 -73.47 -73.59 -73.69
-67.72 -67.81 -67.88 -67.94 -67.97 -68.00 -68.03 -68.09 -68.12 -68.16 -68.19 -68.25 -68.28 -68.34 -68.38 -68.44 -68.50 -68.56 -68.59 -68.66 -68.69 -68.75 -68.78 -68.81 -68.84 -68.91 -68.94 -68.97 -69.03 -69.06 -69.09 -69.16 -69.22 -69.28 -69.34 -69.44 -69.56 -69.66 -69.78 -69.91 -70.03 -70.19 -70.41 -70.78 -71.19 -71.53 -71.84 -72.16 -72.41 -72.62 -72.81 -72.94 -73.00 -73.06 -73.06 -73.03 -73.03 -73.00 -72.97 -72.94 -72.94 -72.94 -73.00 -73.09 -73.19 -73.28 -73.38 -73.47 -73.59 -73.69 -73.78
-67.91 -68.00 -68.06 -68.06 -68.09 -68.09 -68.12 -68.16 -68.19 -68.22 -68.25 -68.28 -68.31 -68.38 -68.41 -68.47 -68.53 -68.59 -68.66 -68.69 -68.75 -68.81 -68.84 -68.91 -68.94 -68.97 -68.97 -69.00 -69.00 -69.03 -69.06 -69.09 -69.16 -69.22 -69.28 -69.41 -69.50 -69.62 -69.75 -69.88 -70.00 -70.12 -70.34 -70.72 -71.12 -71.50 -71.81 -72.09 -72.38 -72.59 -72.78 -72.91 -73.00 -73.03 -73.03 -73.00 -72.97 -72.94 -72.91 -72.88 -72.88 -72.91 -73.00 -73.09 -73.22 -73.34 -73.44 -73.56 -73.69 -73.78 -73.91
-68.06 -68.16 -68.22 -68.22 -68.22 -68.19 -68.22 -68.22 -68.25 -68.28 -68.31 -68.31 -68.34 -68.41 -68.47 -68.53 -68.59 -68.66 -68.72 -68.78 -68.81 -68.88 -68.94 -68.97 -69.00 -69.03 -69.03 -69.06 -69.03 -69.03 -69.03 -69.06 -69.09 -69.16 -69.25 -69.38 -69.50 -69.66 -69.78 -69.94 -70.06 -70.25 -70.47 -70.78 -71.16 -71.50 -71.81 -72.09 -72.34 -72.56 -72.75 -72.88 -72.97 -73.03 -73.03 -73.00 -72.94 -72.91 -72.84 -72.81 -72.84 -72.91 -73.00 -73.12 -73.25 -73.38 -73.50 -73.62 -73.75 -73.88 -73.97
-68.25 -68.31 -68.34 -68.34 -68.31 -68.31 -68.31 -68.31 -68.31 -68.34 -68.34 -68.38 -68.41 -68.47 -68.50 -68.59 -68.66 -68.72 -68.78 -68.84 -68.91 -68.97 -69.03 -69.06 -69.09 -69.12 -69.12 -69.12 -69.09 -69.06 -69.06 -69.06 -69.09 -69.16 -69.28 -69.38 -69.53 -69.69 -69.84 -70.03 -70.19 -70.38 -70.59 -70.88 -71.19 -71.50 -71.81 -72.06 -72.31 -72.53 -72.72 -72.88 -72.97 -73.06 -73.06 -73.03 -72.97 -72.91 -72.84 -72.81 -72.81 -72.91 -73.00 -73.12 -73.25 -73.38 -73.50 -73.66 -73.78 -73.91 -74.03
-68.41 -68.47 -68.47 -68.47 -68.44 -68.41 -68.41 -68.41 -68.41 -68.41 -68.44 -68.44 -68.47 -68.50 -68.56 -68.66 -68.72 -68.81 -68.88 -68.94 -69.00 -69.06 -69.12 -69.19 -69.22 -69.22 -69.22 -69.19 -69.16 -69.12 -69.12 -69.12 -69.19 -69.25 -69.34 -69.44 -69.59 -69.75 -69.94 -70.09 -70.28 -70.50 -70.72 -70.97 -71.25 -71.53 -71.81 -72.06 -72.31 -72.53 -72.69 -72.84 -73.00 -73.06 -73.09 -73.06 -73.00 -72.94 -72.88 -72.84 -72.84 -72.88 -73.00 -73.09 -73.22 -73.38 -73.50 -73.62 -73.75 -73.91 -74.06
-68.56 -68.59 -68.59 -68.56 -68.53 -68.50 -68.47 -68.47 -68.47 -68.47 -68.50 -68.50 -68.53 -68.59 -68.66 -68.72 -68.78 -68.88 -68.94 -69.03 -69.09 -69.16 -69.25 -69.28 -69.31 -69.34 -69.31 -69.28 -69.25 -69.22 -69.19 -69.22 -69.28 -69.34 -69.44 -69.56 -69.69 -69.81 -70.00 -70.19 -70.38 -70.59 -70.81 -71.06 -71.31 -71.59 -71.84 -72.09 -72.31 -72.50 -72.69 -72.88 -73.00 -73.12 -73.16 -73.12 -73.06 -73.00 -72.94 -72.88 -72.84 -72.91 -73.00 -73.09 -73.22 -73.34 -73.47 -73.59 -73.72 -73.88 -74.03
-68.69 -68.72 -68.72 -68.69 -68.62 -68.59 -68.56 -68.56 -68.53 -68.53 -68.56 -68.56 -68.59 -68.66 -68.72 -68.78 -68.88 -68.94 -69.03 -69.09 -69.19 -69.25 -69.34 -69.41 -69.44 -69.44 -69.44 -69.38 -69.34 -69.28 -69.28 -69.34 -69.41 -69.50 -69.59 -69.69 -69.81 -69.94 -70.09 -70.28 -70.47 -70.69 -70.91 -71.12 -71.38 -71.62 -71.84 -72.09 -72.31 -72.53 -72.72 -72.88 -73.03 -73.16 -73.22 -73.19 -73.12 -73.06 -73.00 -72.94 -72.91 -72.94 -73.00 -73.09 -73.19 -73.28 -73.41 -73.53 -73.66 -73.84 -74.00
-68.84 -68.84 -68.81 -68.78 -68.75 -68.69 -68.66 -68.62 -68.62 -68.59 -68.59 -68.62 -68.66 -68.72 -68.78 -68.88 -68.94 -69.03 -69.09 -69.19 -69.28 -69.34 -69.44 -69.50 -69.56 -69.56 -69.53 -69.47 -69.44 -69.38 -69.41 -69.47 -69.56 -69.66 -69.75 -69.84 -69.97 -70.06 -70.19 -70.34 -70.53 -70.75 -70.97 -71.19 -71.41 -71.62 -71.88 -72.09 -72.31 -72.50 -72.69 -72.88 -73.06 -73.19 -73.28 -73.28 -73.22 -73.16 -73.06 -73.00 -72.97 -72.97 -73.03 -73.09 -73.16 -73.25 -73.34 -73.47 -73.62 -73.81 -74.00
-68.97 -68.97 -68.94 -68.91 -68.84 -68.81 -68.75 -68.72 -68.69 -68.69 -68.69 -68.69 -68.72 -68.78 -68.88 -68.97 -69.06 -69.12 -69.19 -69.28 -69.38 -69.47 -69.56 -69.62 -69.69 -69.69 -69.66 -69.59 -69.53 -69.50 -69.53 -69.59 -69.69 -69.81 -69.94 -70.03 -70.12 -70.22 -70.34 -70.47 -70.62 -70.81 -71.00 -71.22 -71.44 -71.62 -71.84 -72.06 -72.28 -72.47 -72.69 -72.88 -73.06 -73.22 -73.34 -73.38 -73.31 -73.25 -73.16 -73.09 -73.06 -73.06 -73.06 -73.09 -73.16 -73.22 -73.31 -73.44 -73.59 -73.78 -74.00
-69.09 -69.09 -69.06 -69.00 -68.97 -68.91 -68.88 -68.81 -68.78 -68.78 -68.75 -68.75 -68.81 -68.88 -68.97 -69.06 -69.16 -69.25 -69.31 -69.41 -69.47 -69.56 -69.66 -69.75 -69.78 -69.78 -69.75 -69.69 -69.66 -69.62 -69.66 -69.72 -69.81 -69.94 -70.06 -70.19 -70.31 -70.41 -70.50 -70.62 -70.75 -70.91 -71.09 -71.25 -71.44 -71.62 -71.84 -72.03 -72.25 -72.47 -72.69 -72.91 -73.09 -73.28 -73.41 -73.47 -73.44 -73.34 -73.28 -73.22 -73.19 -73.16 -73.16 -73.12 -73.16 -73.22 -73.31 -73.47 -73.62 -73.81 -74.03
-69.22 -69.22 -69.19 -69.12 -69.06 -69.03 -68.97 -68.94 -68.91 -68.88 -68.84 -68.84 -68.88 -68.97 -69.06 -69.19 -69.31 -69.41 -69.47 -69.53 -69.62 -69.69 -69.78 -69.88 -69.91 -69.91 -69.88 -69.81 -69.78 -69.78 -69.81 -69.88 -69.97 -70.06 -70.19 -70.34 -70.47 -70.56 -70.69 -70.78 -70.91 -71.06 -71.22 -71.38 -71.53 -71.72 -71.88 -72.06 -72.28 -72.50 -72.72 -72.94 -73.16 -73.31 -73.47 -73.56 -73.56 -73.47 -73.41 -73.34 -73.28 -73.25 -73.22 -73.19 -73.19 -73.25 -73.38 -73.53 -73.69 -73.88 -74.06
-69.38 -69.34 -69.28 -69.25 -69.19 -69.12 -69.09 -69.03 -69.00 -68.97 -68.94 -68.94 -69.00 -69.06 -69.19 -69.31 -69.44 -69.53 -69.62 -69.69 -69.75 -69.84 -69.94 -70.00 -70.03 -70.03 -70.00 -69.97 -69.94 -69.97 -70.00 -70.06 -70.12 -70.22 -70.34 -70.47 -70.59 -70.75 -70.88 -70.97 -71.09 -71.25 -71.38 -71.53 -71.69 -71.88 -72.03 -72.22 -72.38 -72.59 -72.78 -73.00 -73.22 -73.41 -73.56 -73.66 -73.69 -73.62 -73.53 -73.47 -73.41 -73.34 -73.28 -73.22 -73.25 -73.31 -73.44 -73.59 -73.78 -73.97 -74.12
-69.50 -69.47 -69.41 -69.34 -69.31 -69.25 -69.19 -69.16 -69.09 -69.06 -69.03 -69.06 -69.09 -69.19 -69.31 -69.44 -69.56 -69.69 -69.75 -69.84 -69.91 -69.97 -70.06 -70.12 -70.16 -70.12 -70.12 -70.09 -70.09 -70.12 -70.19 -70.22 -70.28 -70.34 -70.47 -70.59 -70.75 -70.88 -71.03 -71.16 -71.31 -71.44 -71.59 -71.75 -71.91 -72.06 -72.22 -72.38 -72.53 -72.72 -72.91 -73.09 -73.28 -73.47 -73.66 -73.75 -73.78 -73.75 -73.66 -73.59 -73.50 -73.41 -73.34 -73.28 -73.31 -73.41 -73.53 -73.69 -73.88 -74.03 -74.19
-69.66 -69.59 -69.53 -69.47 -69.41 -69.38 -69.31 -69.25 -69.19 -69.16 -69.12 -69.16 -69.22 -69.31 -69.41 -69.56 -69.69 -69.81 -69.91 -69.97 -70.03 -70.09 -70.19 -70.25 -70.25 -70.25 -70.25 -70.25 -70.28 -70.31 -70.34 -70.41 -70.44 -70.53 -70.59 -70.72 -70.88 -71.03 -71.19 -71.34 -71.50 -71.66 -71.78 -71.94 -72.09 -72.25 -72.41 -72.56 -72.72 -72.88 -73.03 -73.22 -73.41 -73.56 -73.72 -73.84 -73.91 -73.84 -73.78 -73.69 -73.59 -73.50 -73.41 -73.34 -73.41 -73.50 -73.62 -73.78 -73.94 -74.12 -74.28
-69.78 -69.75 -69.69 -69.59 -69.53 -69.47 -69.41 -69.34 -69.28 -69.22 -69.22 -69.25 -69.31 -69.41 -69.53 -69.66 -69.78 -69.91 -70.00 -70.09 -70.16 -70.22 -70.31 -70.34 -70.38 -70.38 -70.38 -70.38 -70.44 -70.47 -70.53 -70.56 -70.62 -70.69 -70.78 -70.88 -71.00 -71.16 -71.31 -71.50 -71.66 -71.84 -72.00 -72.12 -72.28 -72.44 -72.59 -72.78 -72.91 -73.06 -73.22 -73.38 -73.53 -73.69 -73.81 -73.94 -73.97 -73.94 -73.88 -73.78 -73.66 -73.56 -73.47 -73.44 -73.47 -73.59 -73.72 -73.88 -74.03 -74.19 -74.34
-69.91 -69.88 -69.81 -69.72 -69.66 -69.59 -69.50 -69.44 -69.34 -69.31 -69.28 -69.31 -69.41 -69.50 -69.62 -69.75 -69.88 -70.00 -70.12 -70.22 -70.28 -70.34 -70.41 -70.44 -70.47 -70.47 -70.50 -70.53 -70.56 -70.62 -70.69 -70.72 -70.78 -70.84 -70.94 -71.03 -71.16 -71.28 -71.44 -71.62 -71.81 -72.00 -72.16 -72.31 -72.47 -72.62 -72.78 -72.94 -73.09 -73.25 -73.38 -73.53 -73.69 -73.81 -73.94 -74.03 -74.06 -74.03 -73.94 -73.84 -73.75 -73.62 -73.53 -73.50 -73.56 -73.66 -73.81 -73.97 -74.12 -74.28 -74.44
-70.03 -70.00 -69.91 -69.84 -69.78 -69.69 -69.59 -69.50 -69.44 -69.38 -69.38 -69.44 -69.50 -69.59 -69.72 -69.84 -69.97 -70.09 -70.22 -70.31 -70.38 -70.44 -70.50 -70.53 -70.56 -70.59 -70.59 -70.66 -70.72 -70.78 -70.81 -70.88 -70.94 -71.00 -71.09 -71.19 -71.28 -71.41 -71.56 -71.75 -71.94 -72.12 -72.31 -72.47 -72.62 -72.78 -72.94 -73.09 -73.25 -73.41 -73.56 -73.69 -73.81 -73.94 -74.06 -74.12 -74.12 -74.09 -74.00 -73.91 -73.81 -73.69 -73.62 -73.56 -73.62 -73.75 -73.88 -74.06 -74.22 -74.38 -74.53
-70.16 -70.09 -70.03 -69.94 -69.84 -69.75 -69.66 -69.56 -69.50 -69.47 -69.50 -69.56 -69.62 -69.72 -69.84 -69.97 -70.06 -70.19 -70.28 -70.38 -70.47 -70.53 -70.59 -70.62 -70.66 -70.69 -70.72 -70.78 -70.84 -70.88 -70.94 -71.00 -71.06 -71.16 -71.25 -71.34 -71.44 -71.56 -71.69 -71.88 -72.06 -72.25 -72.44 -72.59 -72.78 -72.91 -73.06 -73.22 -73.38 -73.53 -73.69 -73.84 -73.97 -74.09 -74.16 -74.22 -74.22 -74.16 -74.06 -73.97 -73.88 -73.78 -73.72 -73.69 -73.75 -73.84 -73.97 -74.12 -74.28 -74.47 -74.62
-70.28 -70.19 -70.12 -70.00 -69.91 -69.81 -69.69 -69.59 -69.56 -69.59 -69.62 -69.69 -69.78 -69.88 -69.97 -70.09 -70.19 -70.28 -70.34 -70.44 -70.53 -70.59 -70.66 -70.72 -70.75 -70.78 -70.81 -70.88 -70.94 -71.00 -71.06 -71.12 -71.19 -71.28 -71.38 -71.47 -71.56 -71.69 -71.81 -71.97 -72.16 -72.34 -72.53 -72.72 -72.88 -73.03 -73.19 -73.34 -73.50 -73.66 -73.81 -73.97 -74.09 -74.22 -74.28 -74.31 -74.28 -74.22 -74.12 -74.03 -73.94 -73.88 -73.84 -73.84 -73.91 -73.97 -74.09 -74.22 -74.38 -74.53 -74.72
-70.38 -70.28 -70.16 -70.06 -69.94 -69.81 -69.72 -69.66 -69.66 -69.69 -69.78 -69.84 -69.94 -70.03 -70.12 -70.22 -70.28 -70.38 -70.44 -70.50 -70.56 -70.62 -70.69 -70.75 -70.81 -70.88 -70.91 -70.97 -71.03 -71.09 -71.16 -71.22 -71.31 -71.41 -71.50 -71.59 -71.69 -71.81 -71.94 -72.09 -72.25 -72.44 -72.59 -72.78 -72.94 -73.09 -73.28 -73.44 -73.59 -73.75 -73.91 -74.06 -74.22 -74.31 -74.41 -74.41 -74.38 -74.31 -74.22 -74.12 -74.03 -74.00 -74.00 -74.03 -74.06 -74.16 -74.25 -74.34 -74.50 -74.66 -74.81
-70.44 -70.34 -70.22 -70.06 -69.94 -69.81 -69.72 -69.72 -69.75 -69.84 -69.94 -70.00 -70.09 -70.19 -70.28 -70.34 -70.41 -70.47 -70.50 -70.53 -70.59 -70.66 -70.72 -70.78 -70.84 -70.94 -71.00 -71.06 -71.12 -71.16 -71.22 -71.28 -71.38 -71.47 -71.59 -71.69 -71.78 -71.91 -72.03 -72.19 -72.34 -72.50 -72.66 -72.84 -73.00 -73.16 -73.34 -73.50 -73.69 -73.84 -74.00 -74.16 -74.31 -74.44 -74.50 -74.53 -74.47 -74.41 -74.31 -74.25 -74.22 -74.19 -74.22 -74.25 -74.28 -74.34 -74.41 -74.50 -74.62 -74.75 -74.94
-70.50 -70.38 -70.22 -70.06 -69.94 -69.81 -69.75 -69.81 -69.88 -69.97 -70.09 -70.19 -70.28 -70.34 -70.44 -70.50 -70.53 -70.56 -70.59 -70.59 -70.62 -70.66 -70.72 -70.81 -70.88 -70.97 -71.03 -71.12 -71.19 -71.25 -71.31 -71.38 -71.47 -71.56 -71.66 -71.75 -71.88 -71.97 -72.09 -72.25 -72.41 -72.56 -72.72 -72.88 -73.03 -73.19 -73.38 -73.56 -73.72 -73.91 -74.06 -74.22 -74.38 -74.53 -74.62 -74.62 -74.59 -74.53 -74.50 -74.44 -74.41 -74.41 -74.44 -74.47 -74.50 -74.56 -74.62 -74.69 -74.78 -74.91 -75.03
-70.50 -70.38 -70.22 -70.06 -69.94 -69.81 -69.84 -69.91 -70.03 -70.12 -70.25 -70.34 -70.44 -70.50 -70.56 -70.62 -70.66 -70.69 -70.66 -70.66 -70.66 -70.69 -70.75 -70.81 -70.91 -70.97 -71.06 -71.16 -71.22 -71.28 -71.38 -71.44 -71.53 -71.62 -71.72 -71.81 -71.91 -72.03 -72.16 -72.28 -72.44 -72.59 -72.75 -72.91 -73.06 -73.22 -73.41 -73.56 -73.75 -73.94 -74.09 -74.28 -74.44 -74.59 -74.69 -74.75 -74.75 -74.72 -74.69 -74.66 -74.66 -74.66 -74.69 -74.69 -74.72 -74.78 -74.81 -74.88 -74.94 -75.03 -75.16
-70.53 -70.38 -70.19 -70.06 -69.91 -69.91 -69.97 -70.06 -70.16 -70.28 -70.38 -70.50 -70.56 -70.66 -70.72 -70.75 -70.78 -70.78 -70.78 -70.75 -70.72 -70.72 -70.75 -70.81 -70.91 -71.00 -71.09 -71.19 -71.25 -71.34 -71.41 -71.50 -71.59 -71.66 -71.75 -71.84 -71.94 -72.06 -72.19 -72.31 -72.47 -72.59 -72.75 -72.91 -73.06 -73.22 -73.41 -73.59 -73.75 -73.94 -74.12 -74.31 -74.50 -74.66 -74.78 -74.88 -74.88 -74.88 -74.88 -74.88 -74.88 -74.91 -74.91 -74.94 -74.97 -75.00 -75.03 -75.06 -75.12 -75.19 -75.28
