everonasctiles/Tile43,49.asc
ncols 128
nrows 128
xllcorner 0
yllcorner 0
cellsize 2.0
NODATA_value  -9999
[rows 0 to 30 of 128, columns 0 to 70 of 128]
-103.62 -103.75 -103.84 -103.97 -104.06 -104.12 -104.16 -104.19 -104.19 -104.22 -104.25 -104.34 -104.44 -104.53 -104.66 -104.75 -104.84 -104.91 -104.97 -105.06 -105.12 -105.19 -105.25 -105.31 -105.38 -105.41 -105.44 -105.47 -105.44 -105.41 -105.34 -105.28 -105.25 -105.22 -105.19 -105.16 -105.09 -105.06 -105.03 -104.97 -104.94 -104.91 -104.84 -104.78 -104.72 -104.66 -104.59 -104.53 -104.50 -104.50 -104.53 -104.62 -104.69 -104.78 -104.88 -104.97 -105.06 -105.12 -105.19 -105.25 -105.31 -105.41 -105.47 -105.50 -105.56 -105.56 -105.59 -105.59 -105.56 -105.56 -105.53
-103.75 -103.88 -104.00 -104.09 -104.19 -104.28 -104.31 -104.34 -104.34 -104.34 -104.38 -104.44 -104.50 -104.59 -104.72 -104.81 -104.91 -105.00 -105.06 -105.12 -105.19 -105.25 -105.34 -105.41 -105.47 -105.50 -105.53 -105.53 -105.53 -105.50 -105.44 -105.41 -105.34 -105.31 -105.25 -105.22 -105.19 -105.16 -105.09 -105.06 -105.03 -104.97 -104.91 -104.84 -104.78 -104.72 -104.66 -104.59 -104.56 -104.56 -104.59 -104.66 -104.75 -104.84 -104.94 -105.03 -105.12 -105.22 -105.28 -105.38 -105.44 -105.50 -105.59 -105.62 -105.69 -105.72 -105.72 -105.72 -105.72 -105.72 -105.69
-103.88 -104.03 -104.16 -104.28 -104.38 -104.44 -104.50 -104.50 -104.50 -104.50 -104.50 -104.53 -104.62 -104.72 -104.81 -104.94 -105.03 -105.12 -105.19 -105.25 -105.31 -105.38 -105.44 -105.53 -105.59 -105.62 -105.66 -105.69 -105.66 -105.62 -105.56 -105.53 -105.47 -105.44 -105.38 -105.34 -105.28 -105.25 -105.22 -105.16 -105.12 -105.06 -105.00 -104.94 -104.88 -104.78 -104.72 -104.66 -104.62 -104.62 -104.66 -104.72 -104.81 -104.91 -105.00 -105.12 -105.22 -105.31 -105.41 -105.50 -105.56 -105.66 -105.72 -105.78 -105.84 -105.88 -105.88 -105.91 -105.88 -105.88 -105.88
-104.06 -104.22 -104.34 -104.47 -104.56 -104.66 -104.69 -104.72 -104.69 -104.69 -104.69 -104.69 -104.75 -104.84 -104.94 -105.06 -105.16 -105.25 -105.34 -105.41 -105.47 -105.53 -105.59 -105.66 -105.72 -105.78 -105.81 -105.81 -105.81 -105.75 -105.72 -105.66 -105.59 -105.56 -105.50 -105.47 -105.41 -105.38 -105.31 -105.28 -105.25 -105.19 -105.12 -105.03 -104.94 -104.88 -104.78 -104.72 -104.69 -104.69 -104.72 -104.78 -104.88 -104.97 -105.06 -105.19 -105.31 -105.44 -105.53 -105.62 -105.72 -105.81 -105.91 -105.97 -106.00 -106.06 -106.06 -106.09 -106.09 -106.06 -106.06
-104.22 -104.41 -104.56 -104.69 -104.78 -104.88 -104.91 -104.94 -104.94 -104.91 -104.88 -104.88 -104.91 -104.97 -105.09 -105.19 -105.28 -105.38 -105.47 -105.53 -105.59 -105.66 -105.72 -105.81 -105.88 -105.94 -105.97 -105.97 -105.94 -105.91 -105.88 -105.81 -105.75 -105.69 -105.66 -105.59 -105.53 -105.50 -105.44 -105.41 -105.34 -105.28 -105.22 -105.12 -105.03 -104.94 -104.84 -104.78 -104.75 -104.72 -104.78 -104.84 -104.94 -105.03 -105.16 -105.25 -105.41 -105.53 -105.66 -105.78 -105.88 -105.97 -106.06 -106.12 -106.19 -106.25 -106.25 -106.28 -106.28 -106.28 -106.28
-104.38 -104.56 -104.75 -104.88 -105.00 -105.09 -105.12 -105.16 -105.16 -105.12 -105.09 -105.06 -105.09 -105.16 -105.22 -105.31 -105.44 -105.53 -105.62 -105.69 -105.75 -105.81 -105.88 -105.94 -106.00 -106.06 -106.09 -106.09 -106.09 -106.06 -106.00 -105.94 -105.91 -105.84 -105.78 -105.72 -105.66 -105.62 -105.56 -105.50 -105.44 -105.38 -105.31 -105.19 -105.09 -105.00 -104.91 -104.84 -104.78 -104.78 -104.81 -104.88 -104.97 -105.06 -105.19 -105.31 -105.47 -105.59 -105.75 -105.88 -106.00 -106.12 -106.22 -106.28 -106.38 -106.41 -106.44 -106.47 -106.47 -106.47 -106.50
-104.50 -104.72 -104.94 -105.09 -105.22 -105.28 -105.38 -105.41 -105.41 -105.38 -105.34 -105.31 -105.28 -105.34 -105.41 -105.47 -105.56 -105.66 -105.75 -105.81 -105.91 -105.94 -106.03 -106.09 -106.16 -106.22 -106.25 -106.25 -106.22 -106.19 -106.16 -106.09 -106.03 -105.97 -105.91 -105.84 -105.78 -105.72 -105.66 -105.59 -105.53 -105.47 -105.38 -105.28 -105.16 -105.06 -104.97 -104.91 -104.84 -104.81 -104.84 -104.94 -105.00 -105.12 -105.22 -105.38 -105.50 -105.66 -105.81 -105.97 -106.12 -106.25 -106.34 -106.44 -106.50 -106.56 -106.62 -106.66 -106.66 -106.69 -106.69
-104.59 -104.88 -105.09 -105.28 -105.41 -105.50 -105.59 -105.62 -105.62 -105.62 -105.56 -105.53 -105.53 -105.56 -105.59 -105.66 -105.72 -105.81 -105.88 -105.97 -106.03 -106.09 -106.16 -106.22 -106.28 -106.34 -106.38 -106.38 -106.34 -106.31 -106.28 -106.22 -106.16 -106.09 -106.03 -105.97 -105.91 -105.84 -105.78 -105.69 -105.62 -105.53 -105.44 -105.34 -105.22 -105.12 -105.03 -104.94 -104.88 -104.84 -104.88 -104.97 -105.06 -105.16 -105.28 -105.41 -105.56 -105.72 -105.88 -106.06 -106.22 -106.34 -106.47 -106.56 -106.66 -106.72 -106.78 -106.81 -106.84 -106.88 -106.88
-104.72 -105.00 -105.22 -105.44 -105.59 -105.72 -105.81 -105.84 -105.88 -105.88 -105.84 -105.81 -105.78 -105.81 -105.81 -105.88 -105.91 -105.97 -106.03 -106.09 -106.16 -106.22 -106.28 -106.34 -106.41 -106.47 -106.50 -106.50 -106.47 -106.44 -106.41 -106.34 -106.28 -106.22 -106.16 -106.09 -106.03 -105.94 -105.88 -105.78 -105.69 -105.59 -105.50 -105.41 -105.28 -105.19 -105.06 -105.00 -104.94 -104.91 -104.94 -105.00 -105.09 -105.22 -105.34 -105.47 -105.62 -105.78 -105.97 -106.12 -106.28 -106.44 -106.56 -106.69 -106.78 -106.84 -106.91 -106.97 -107.00 -107.03 -107.06
-104.81 -105.09 -105.38 -105.59 -105.78 -105.91 -106.03 -106.09 -106.12 -106.12 -106.09 -106.06 -106.06 -106.06 -106.09 -106.12 -106.12 -106.16 -106.22 -106.25 -106.31 -106.38 -106.44 -106.50 -106.53 -106.59 -106.62 -106.62 -106.59 -106.56 -106.53 -106.47 -106.41 -106.34 -106.28 -106.19 -106.12 -106.03 -105.94 -105.84 -105.75 -105.66 -105.53 -105.44 -105.31 -105.22 -105.12 -105.06 -105.00 -104.94 -104.97 -105.03 -105.12 -105.25 -105.41 -105.53 -105.69 -105.84 -106.03 -106.19 -106.34 -106.50 -106.66 -106.78 -106.91 -106.97 -107.03 -107.09 -107.16 -107.19 -107.22
-104.91 -105.22 -105.50 -105.75 -105.94 -106.12 -106.22 -106.31 -106.34 -106.38 -106.34 -106.34 -106.34 -106.34 -106.38 -106.38 -106.38 -106.38 -106.41 -106.44 -106.47 -106.53 -106.56 -106.62 -106.69 -106.72 -106.75 -106.75 -106.72 -106.69 -106.66 -106.59 -106.53 -106.47 -106.38 -106.31 -106.22 -106.12 -106.03 -105.91 -105.81 -105.69 -105.59 -105.47 -105.38 -105.28 -105.19 -105.09 -105.03 -105.00 -105.00 -105.09 -105.19 -105.31 -105.44 -105.59 -105.75 -105.91 -106.06 -106.25 -106.44 -106.59 -106.75 -106.88 -107.00 -107.09 -107.16 -107.22 -107.28 -107.31 -107.38
-105.00 -105.31 -105.62 -105.88 -106.09 -106.28 -106.41 -106.50 -106.56 -106.59 -106.59 -106.59 -106.62 -106.62 -106.66 -106.66 -106.62 -106.62 -106.62 -106.62 -106.66 -106.69 -106.75 -106.78 -106.81 -106.84 -106.88 -106.88 -106.84 -106.81 -106.78 -106.72 -106.66 -106.56 -106.50 -106.41 -106.31 -106.22 -106.09 -106.00 -105.88 -105.75 -105.62 -105.53 -105.41 -105.31 -105.25 -105.16 -105.09 -105.06 -105.06 -105.12 -105.22 -105.34 -105.50 -105.62 -105.78 -105.94 -106.12 -106.31 -106.47 -106.66 -106.81 -106.97 -107.09 -107.19 -107.28 -107.34 -107.41 -107.44 -107.50
-105.09 -105.41 -105.72 -106.00 -106.25 -106.44 -106.59 -106.69 -106.75 -106.81 -106.84 -106.84 -106.88 -106.91 -106.91 -106.91 -106.88 -106.84 -106.84 -106.84 -106.84 -106.88 -106.91 -106.94 -106.97 -107.00 -107.00 -107.00 -107.00 -106.94 -106.88 -106.81 -106.75 -106.69 -106.59 -106.50 -106.41 -106.31 -106.19 -106.06 -105.94 -105.81 -105.69 -105.56 -105.47 -105.38 -105.31 -105.22 -105.16 -105.09 -105.09 -105.16 -105.25 -105.38 -105.53 -105.66 -105.81 -105.97 -106.16 -106.31 -106.50 -106.69 -106.84 -107.03 -107.16 -107.28 -107.38 -107.44 -107.50 -107.56 -107.62
-105.19 -105.53 -105.84 -106.12 -106.38 -106.56 -106.75 -106.84 -106.94 -107.00 -107.06 -107.09 -107.12 -107.16 -107.16 -107.16 -107.12 -107.09 -107.06 -107.03 -107.06 -107.06 -107.09 -107.12 -107.12 -107.16 -107.16 -107.12 -107.09 -107.06 -107.00 -106.94 -106.88 -106.78 -106.72 -106.62 -106.50 -106.41 -106.28 -106.16 -106.00 -105.88 -105.75 -105.62 -105.53 -105.44 -105.38 -105.28 -105.19 -105.12 -105.12 -105.19 -105.28 -105.41 -105.53 -105.69 -105.84 -106.00 -106.16 -106.34 -106.53 -106.72 -106.91 -107.06 -107.22 -107.34 -107.44 -107.53 -107.59 -107.69 -107.75
-105.34 -105.66 -105.94 -106.22 -106.47 -106.69 -106.88 -107.00 -107.09 -107.19 -107.25 -107.31 -107.34 -107.41 -107.41 -107.41 -107.38 -107.31 -107.28 -107.25 -107.25 -107.25 -107.28 -107.28 -107.28 -107.28 -107.28 -107.25 -107.22 -107.19 -107.09 -107.03 -106.97 -106.88 -106.81 -106.72 -106.59 -106.47 -106.34 -106.22 -106.09 -105.97 -105.84 -105.72 -105.59 -105.50 -105.41 -105.31 -105.22 -105.16 -105.12 -105.19 -105.31 -105.44 -105.56 -105.72 -105.88 -106.03 -106.19 -106.38 -106.56 -106.72 -106.91 -107.09 -107.25 -107.38 -107.50 -107.62 -107.69 -107.78 -107.88
-105.50 -105.78 -106.06 -106.34 -106.56 -106.78 -106.97 -107.12 -107.25 -107.34 -107.41 -107.50 -107.56 -107.59 -107.62 -107.62 -107.59 -107.53 -107.50 -107.47 -107.44 -107.44 -107.44 -107.44 -107.44 -107.44 -107.41 -107.38 -107.34 -107.28 -107.22 -107.16 -107.06 -107.00 -106.91 -106.81 -106.69 -106.56 -106.44 -106.31 -106.16 -106.03 -105.91 -105.78 -105.66 -105.53 -105.44 -105.31 -105.25 -105.16 -105.16 -105.22 -105.31 -105.44 -105.59 -105.72 -105.88 -106.03 -106.22 -106.38 -106.56 -106.75 -106.94 -107.12 -107.28 -107.44 -107.56 -107.69 -107.78 -107.88 -107.97
-105.66 -105.97 -106.22 -106.47 -106.69 -106.88 -107.06 -107.25 -107.38 -107.50 -107.59 -107.66 -107.72 -107.78 -107.81 -107.81 -107.78 -107.75 -107.69 -107.66 -107.62 -107.62 -107.62 -107.62 -107.59 -107.56 -107.53 -107.50 -107.44 -107.38 -107.31 -107.25 -107.16 -107.09 -107.00 -106.88 -106.78 -106.62 -106.50 -106.38 -106.22 -106.09 -105.97 -105.81 -105.69 -105.56 -105.44 -105.34 -105.25 -105.16 -105.16 -105.22 -105.31 -105.47 -105.59 -105.75 -105.91 -106.06 -106.22 -106.41 -106.59 -106.75 -106.94 -107.12 -107.31 -107.47 -107.62 -107.75 -107.88 -107.97 -108.06
-105.84 -106.12 -106.38 -106.59 -106.81 -107.00 -107.19 -107.38 -107.53 -107.62 -107.75 -107.81 -107.91 -107.94 -107.97 -108.00 -107.97 -107.94 -107.88 -107.84 -107.81 -107.78 -107.78 -107.78 -107.75 -107.72 -107.66 -107.62 -107.56 -107.50 -107.44 -107.34 -107.25 -107.16 -107.06 -106.97 -106.84 -106.69 -106.56 -106.41 -106.28 -106.12 -106.00 -105.84 -105.72 -105.59 -105.44 -105.34 -105.22 -105.16 -105.16 -105.22 -105.34 -105.47 -105.59 -105.75 -105.91 -106.06 -106.25 -106.41 -106.59 -106.78 -106.97 -107.16 -107.34 -107.50 -107.66 -107.81 -107.94 -108.03 -108.12
-106.00 -106.28 -106.53 -106.75 -106.97 -107.12 -107.31 -107.50 -107.66 -107.78 -107.91 -107.97 -108.06 -108.09 -108.12 -108.16 -108.12 -108.09 -108.06 -108.03 -107.97 -107.94 -107.94 -107.91 -107.88 -107.84 -107.78 -107.72 -107.66 -107.59 -107.53 -107.44 -107.34 -107.25 -107.16 -107.03 -106.88 -106.75 -106.59 -106.44 -106.31 -106.16 -106.03 -105.88 -105.72 -105.59 -105.44 -105.31 -105.22 -105.12 -105.12 -105.22 -105.31 -105.44 -105.59 -105.75 -105.88 -106.06 -106.22 -106.41 -106.59 -106.78 -106.97 -107.16 -107.34 -107.53 -107.69 -107.84 -107.97 -108.09 -108.19
-106.09 -106.41 -106.66 -106.91 -107.09 -107.28 -107.47 -107.62 -107.78 -107.94 -108.03 -108.12 -108.19 -108.22 -108.25 -108.28 -108.28 -108.25 -108.22 -108.19 -108.16 -108.09 -108.06 -108.03 -108.00 -107.94 -107.91 -107.84 -107.78 -107.69 -107.62 -107.53 -107.44 -107.31 -107.19 -107.06 -106.91 -106.75 -106.59 -106.44 -106.31 -106.16 -106.00 -105.88 -105.72 -105.56 -105.44 -105.28 -105.19 -105.09 -105.09 -105.19 -105.28 -105.41 -105.56 -105.69 -105.84 -106.00 -106.19 -106.38 -106.56 -106.78 -106.97 -107.19 -107.38 -107.53 -107.72 -107.88 -108.00 -108.12 -108.22
-106.16 -106.47 -106.75 -107.00 -107.22 -107.41 -107.59 -107.75 -107.91 -108.06 -108.16 -108.25 -108.31 -108.38 -108.38 -108.41 -108.41 -108.41 -108.38 -108.34 -108.28 -108.25 -108.22 -108.19 -108.12 -108.06 -108.00 -107.94 -107.88 -107.81 -107.72 -107.62 -107.50 -107.38 -107.25 -107.09 -106.94 -106.78 -106.59 -106.44 -106.28 -106.12 -105.97 -105.84 -105.69 -105.53 -105.38 -105.25 -105.12 -105.06 -105.06 -105.12 -105.25 -105.38 -105.50 -105.62 -105.78 -105.94 -106.12 -106.31 -106.53 -106.75 -106.97 -107.16 -107.34 -107.53 -107.72 -107.88 -108.00 -108.12 -108.25
-106.19 -106.53 -106.81 -107.09 -107.34 -107.53 -107.72 -107.88 -108.03 -108.19 -108.28 -108.38 -108.44 -108.47 -108.50 -108.53 -108.53 -108.53 -108.50 -108.47 -108.44 -108.41 -108.34 -108.31 -108.25 -108.19 -108.09 -108.03 -107.97 -107.88 -107.78 -107.69 -107.56 -107.44 -107.28 -107.12 -106.97 -106.78 -106.59 -106.41 -106.25 -106.09 -105.94 -105.78 -105.62 -105.50 -105.34 -105.19 -105.06 -105.00 -105.00 -105.06 -105.16 -105.28 -105.41 -105.53 -105.69 -105.84 -106.06 -106.25 -106.50 -106.72 -106.94 -107.12 -107.31 -107.50 -107.66 -107.81 -107.97 -108.09 -108.22
-106.25 -106.59 -106.91 -107.19 -107.41 -107.62 -107.81 -108.00 -108.12 -108.28 -108.38 -108.47 -108.53 -108.56 -108.59 -108.62 -108.62 -108.62 -108.62 -108.59 -108.56 -108.53 -108.50 -108.44 -108.38 -108.28 -108.19 -108.12 -108.03 -107.94 -107.84 -107.72 -107.59 -107.47 -107.31 -107.16 -106.97 -106.78 -106.59 -106.41 -106.22 -106.06 -105.88 -105.75 -105.59 -105.44 -105.28 -105.12 -105.00 -104.94 -104.91 -104.97 -105.06 -105.16 -105.28 -105.41 -105.56 -105.75 -105.97 -106.19 -106.44 -106.66 -106.88 -107.06 -107.25 -107.41 -107.59 -107.75 -107.91 -108.06 -108.19
-106.34 -106.66 -106.97 -107.25 -107.50 -107.72 -107.91 -108.06 -108.22 -108.34 -108.47 -108.56 -108.62 -108.66 -108.69 -108.72 -108.72 -108.75 -108.72 -108.72 -108.69 -108.66 -108.59 -108.53 -108.47 -108.38 -108.28 -108.19 -108.09 -108.00 -107.88 -107.75 -107.62 -107.47 -107.34 -107.16 -107.00 -106.81 -106.59 -106.41 -106.22 -106.03 -105.84 -105.69 -105.53 -105.38 -105.19 -105.06 -104.94 -104.84 -104.81 -104.84 -104.94 -105.03 -105.12 -105.28 -105.44 -105.62 -105.84 -106.09 -106.34 -106.56 -106.75 -106.94 -107.12 -107.28 -107.47 -107.66 -107.81 -107.97 -108.09
-106.44 -106.75 -107.03 -107.31 -107.56 -107.78 -107.97 -108.12 -108.28 -108.44 -108.53 -108.62 -108.69 -108.72 -108.75 -108.78 -108.81 -108.81 -108.81 -108.81 -108.81 -108.75 -108.72 -108.66 -108.56 -108.47 -108.38 -108.25 -108.16 -108.03 -107.91 -107.78 -107.66 -107.50 -107.34 -107.16 -107.00 -106.78 -106.59 -106.38 -106.19 -106.00 -105.81 -105.66 -105.47 -105.31 -105.16 -105.00 -104.84 -104.75 -104.69 -104.72 -104.78 -104.88 -104.97 -105.12 -105.28 -105.50 -105.72 -105.97 -106.22 -106.44 -106.62 -106.78 -106.97 -107.12 -107.34 -107.53 -107.72 -107.88 -108.00
-106.50 -106.81 -107.09 -107.38 -107.59 -107.81 -108.00 -108.19 -108.34 -108.47 -108.59 -108.69 -108.72 -108.78 -108.81 -108.84 -108.88 -108.88 -108.91 -108.91 -108.88 -108.84 -108.81 -108.72 -108.66 -108.53 -108.44 -108.34 -108.22 -108.09 -107.94 -107.81 -107.66 -107.50 -107.34 -107.16 -106.97 -106.78 -106.59 -106.38 -106.16 -105.97 -105.78 -105.62 -105.44 -105.28 -105.09 -104.94 -104.78 -104.66 -104.59 -104.59 -104.62 -104.69 -104.78 -104.94 -105.12 -105.34 -105.59 -105.81 -106.03 -106.25 -106.44 -106.59 -106.78 -106.97 -107.19 -107.41 -107.59 -107.75 -107.91
-106.56 -106.88 -107.16 -107.38 -107.59 -107.81 -108.00 -108.19 -108.34 -108.50 -108.62 -108.72 -108.78 -108.81 -108.84 -108.88 -108.91 -108.94 -108.97 -108.97 -108.97 -108.94 -108.88 -108.81 -108.72 -108.62 -108.50 -108.41 -108.25 -108.12 -108.00 -107.84 -107.69 -107.50 -107.34 -107.16 -106.97 -106.75 -106.56 -106.34 -106.16 -105.94 -105.75 -105.59 -105.41 -105.22 -105.06 -104.88 -104.72 -104.56 -104.47 -104.44 -104.44 -104.50 -104.59 -104.75 -104.94 -105.16 -105.41 -105.62 -105.84 -106.03 -106.22 -106.41 -106.59 -106.81 -107.06 -107.25 -107.44 -107.62 -107.78
-106.59 -106.88 -107.12 -107.38 -107.59 -107.78 -108.00 -108.19 -108.34 -108.50 -108.62 -108.72 -108.78 -108.84 -108.88 -108.91 -108.94 -108.97 -109.00 -109.00 -109.00 -108.97 -108.94 -108.88 -108.78 -108.69 -108.56 -108.44 -108.31 -108.16 -108.03 -107.84 -107.69 -107.53 -107.34 -107.16 -106.94 -106.75 -106.53 -106.31 -106.09 -105.91 -105.72 -105.53 -105.34 -105.19 -105.00 -104.81 -104.62 -104.47 -104.38 -104.28 -104.28 -104.31 -104.41 -104.56 -104.75 -104.97 -105.19 -105.41 -105.59 -105.81 -106.00 -106.19 -106.44 -106.69 -106.91 -107.12 -107.31 -107.47 -107.66
-106.56 -106.84 -107.09 -107.31 -107.53 -107.75 -107.94 -108.16 -108.31 -108.47 -108.62 -108.72 -108.78 -108.84 -108.88 -108.91 -108.97 -109.00 -109.03 -109.06 -109.06 -109.03 -108.97 -108.91 -108.84 -108.72 -108.62 -108.50 -108.34 -108.22 -108.03 -107.88 -107.69 -107.53 -107.34 -107.16 -106.94 -106.72 -106.50 -106.28 -106.06 -105.84 -105.66 -105.44 -105.28 -105.09 -104.91 -104.72 -104.53 -104.38 -104.25 -104.16 -104.12 -104.12 -104.22 -104.34 -104.53 -104.75 -104.94 -105.16 -105.34 -105.56 -105.75 -106.00 -106.25 -106.50 -106.75 -106.94 -107.12 -107.31 -107.50
-106.50 -106.75 -106.97 -107.22 -107.44 -107.66 -107.88 -108.09 -108.28 -108.44 -108.56 -108.69 -108.75 -108.81 -108.88 -108.91 -108.97 -109.00 -109.06 -109.06 -109.06 -109.06 -109.00 -108.97 -108.88 -108.78 -108.66 -108.53 -108.41 -108.25 -108.06 -107.91 -107.72 -107.53 -107.34 -107.12 -106.94 -106.72 -106.50 -106.25 -106.03 -105.78 -105.56 -105.38 -105.16 -104.97 -104.78 -104.59 -104.41 -104.25 -104.09 -104.00 -103.94 -103.94 -104.00 -104.12 -104.28 -104.47 -104.66 -104.84 -105.06 -105.28 -105.53 -105.81 -106.06 -106.31 -106.53 -106.75 -106.94 -107.16 -107.31
-106.38 -106.59 -106.84 -107.09 -107.31 -107.56 -107.78 -108.00 -108.19 -108.34 -108.50 -108.62 -108.72 -108.78 -108.84 -108.91 -108.97 -109.03 -109.06 -109.09 -109.09 -109.06 -109.03 -109.00 -108.91 -108.81 -108.72 -108.59 -108.44 -108.28 -108.12 -107.94 -107.75 -107.56 -107.34 -107.16 -106.94 -106.72 -106.47 -106.22 -105.97 -105.72 -105.50 -105.28 -105.06 -104.84 -104.66 -104.47 -104.28 -104.09 -103.94 -103.81 -103.75 -103.72 -103.78 -103.88 -104.03 -104.19 -104.38 -104.56 -104.78 -105.03 -105.28 -105.56 -105.84 -106.06 -106.31 -106.50 -106.72 -106.94 -107.12
