everonasctiles/Tile1,11.asc
ncols 128
nrows 128
xllcorner 0
yllcorner 0
cellsize 2.0
NODATA_value  -9999
[rows 32 to 63 of 128, columns 0 to 70 of 128]
-54.78 -54.78 -54.81 -54.84 -54.88 -54.91 -54.94 -54.97 -55.00 -55.03 -55.03 -55.06 -55.09 -55.12 -55.16 -55.19 -55.22 -55.22 -55.25 -55.25 -55.25 -55.25 -55.25 -55.25 -55.25 -55.28 -55.28 -55.28 -55.28 -55.28 -55.28 -55.28 -55.28 -55.28 -55.28 -55.28 -55.28 -55.25 -55.25 -55.22 -55.22 -55.19 -55.16 -55.12 -55.09 -55.06 -55.03 -54.97 -54.91 -54.84 -54.78 -54.75 -54.69 -54.62 -54.59 -54.53 -54.50 -54.47 -54.44 -54.44 -54.44 -54.47 -54.47 -54.50 -54.53 -54.53 -54.53 -54.53 -54.50 -54.47 -54.47
-54.72 -54.72 -54.75 -54.78 -54.81 -54.84 -54.88 -54.94 -54.97 -55.00 -55.00 -55.06 -55.09 -55.12 -55.16 -55.19 -55.22 -55.22 -55.25 -55.25 -55.25 -55.25 -55.25 -55.25 -55.25 -55.25 -55.25 -55.28 -55.28 -55.28 -55.28 -55.28 -55.28 -55.28 -55.28 -55.25 -55.25 -55.25 -55.25 -55.22 -55.22 -55.19 -55.19 -55.16 -55.12 -55.09 -55.03 -55.00 -54.94 -54.88 -54.81 -54.75 -54.72 -54.66 -54.59 -54.56 -54.50 -54.47 -54.47 -54.47 -54.50 -54.53 -54.53 -54.56 -54.56 -54.59 -54.59 -54.56 -54.56 -54.56 -54.56
-54.66 -54.69 -54.69 -54.72 -54.75 -54.81 -54.84 -54.88 -54.94 -54.97 -55.00 -55.03 -55.06 -55.09 -55.16 -55.19 -55.22 -55.22 -55.22 -55.22 -55.22 -55.22 -55.22 -55.25 -55.25 -55.25 -55.25 -55.28 -55.28 -55.28 -55.28 -55.28 -55.28 -55.25 -55.25 -55.25 -55.25 -55.25 -55.25 -55.22 -55.22 -55.22 -55.19 -55.16 -55.12 -55.09 -55.03 -55.00 -54.94 -54.88 -54.81 -54.78 -54.72 -54.66 -54.62 -54.56 -54.53 -54.50 -54.50 -54.50 -54.53 -54.56 -54.59 -54.59 -54.62 -54.62 -54.62 -54.62 -54.62 -54.62 -54.62
-54.62 -54.62 -54.66 -54.69 -54.72 -54.78 -54.81 -54.84 -54.91 -54.94 -54.97 -55.00 -55.03 -55.09 -55.12 -55.16 -55.19 -55.19 -55.22 -55.22 -55.22 -55.22 -55.22 -55.22 -55.22 -55.25 -55.25 -55.28 -55.28 -55.28 -55.28 -55.28 -55.25 -55.25 -55.25 -55.25 -55.25 -55.22 -55.22 -55.22 -55.22 -55.22 -55.19 -55.16 -55.12 -55.09 -55.03 -55.00 -54.94 -54.88 -54.81 -54.78 -54.72 -54.66 -54.59 -54.56 -54.53 -54.50 -54.50 -54.53 -54.56 -54.59 -54.59 -54.62 -54.62 -54.66 -54.66 -54.69 -54.69 -54.69 -54.69
-54.59 -54.62 -54.62 -54.69 -54.72 -54.75 -54.78 -54.84 -54.88 -54.91 -54.94 -54.97 -55.03 -55.06 -55.09 -55.12 -55.16 -55.19 -55.19 -55.19 -55.19 -55.19 -55.19 -55.19 -55.22 -55.22 -55.25 -55.25 -55.25 -55.25 -55.25 -55.25 -55.25 -55.25 -55.22 -55.22 -55.22 -55.22 -55.22 -55.22 -55.22 -55.19 -55.19 -55.16 -55.12 -55.06 -55.03 -54.97 -54.94 -54.88 -54.81 -54.75 -54.69 -54.62 -54.59 -54.53 -54.50 -54.50 -54.53 -54.53 -54.56 -54.59 -54.62 -54.66 -54.66 -54.69 -54.69 -54.72 -54.72 -54.75 -54.75
-54.56 -54.59 -54.62 -54.66 -54.69 -54.72 -54.78 -54.81 -54.84 -54.91 -54.94 -54.97 -55.00 -55.03 -55.06 -55.09 -55.12 -55.12 -55.16 -55.16 -55.16 -55.16 -55.16 -55.16 -55.19 -55.19 -55.22 -55.25 -55.25 -55.25 -55.25 -55.25 -55.22 -55.22 -55.22 -55.19 -55.19 -55.22 -55.22 -55.19 -55.19 -55.19 -55.16 -55.12 -55.09 -55.06 -55.00 -54.97 -54.91 -54.84 -54.78 -54.72 -54.66 -54.59 -54.56 -54.53 -54.50 -54.50 -54.53 -54.56 -54.56 -54.59 -54.62 -54.66 -54.69 -54.69 -54.72 -54.75 -54.78 -54.78 -54.81
-54.56 -54.59 -54.59 -54.66 -54.69 -54.72 -54.75 -54.81 -54.84 -54.88 -54.91 -54.94 -54.97 -55.00 -55.03 -55.06 -55.09 -55.09 -55.09 -55.12 -55.12 -55.12 -55.12 -55.12 -55.16 -55.19 -55.19 -55.22 -55.22 -55.22 -55.22 -55.22 -55.22 -55.19 -55.19 -55.19 -55.19 -55.19 -55.19 -55.19 -55.19 -55.16 -55.12 -55.09 -55.06 -55.03 -55.00 -54.94 -54.91 -54.81 -54.75 -54.69 -54.62 -54.56 -54.53 -54.50 -54.47 -54.50 -54.53 -54.56 -54.59 -54.62 -54.66 -54.69 -54.69 -54.72 -54.75 -54.78 -54.78 -54.81 -54.84
-54.53 -54.56 -54.59 -54.62 -54.66 -54.69 -54.72 -54.78 -54.81 -54.84 -54.88 -54.91 -54.94 -54.97 -55.00 -55.03 -55.03 -55.06 -55.06 -55.06 -55.06 -55.06 -55.09 -55.09 -55.12 -55.16 -55.16 -55.19 -55.22 -55.22 -55.22 -55.22 -55.19 -55.19 -55.16 -55.16 -55.16 -55.16 -55.16 -55.16 -55.16 -55.12 -55.09 -55.06 -55.06 -55.03 -54.97 -54.94 -54.88 -54.81 -54.75 -54.69 -54.59 -54.53 -54.50 -54.47 -54.47 -54.50 -54.53 -54.56 -54.59 -54.62 -54.69 -54.69 -54.72 -54.75 -54.78 -54.78 -54.81 -54.84 -54.88
-54.53 -54.56 -54.59 -54.62 -54.62 -54.66 -54.69 -54.72 -54.78 -54.81 -54.84 -54.88 -54.91 -54.91 -54.94 -54.97 -55.00 -55.00 -55.00 -55.03 -55.03 -55.03 -55.03 -55.06 -55.06 -55.09 -55.12 -55.16 -55.19 -55.19 -55.19 -55.19 -55.19 -55.16 -55.16 -55.12 -55.12 -55.12 -55.12 -55.12 -55.12 -55.09 -55.09 -55.06 -55.03 -55.00 -54.97 -54.94 -54.88 -54.81 -54.75 -54.66 -54.59 -54.53 -54.50 -54.47 -54.47 -54.50 -54.53 -54.56 -54.62 -54.66 -54.69 -54.72 -54.75 -54.78 -54.78 -54.81 -54.84 -54.88 -54.88
-54.53 -54.53 -54.56 -54.59 -54.59 -54.62 -54.66 -54.69 -54.72 -54.75 -54.78 -54.81 -54.84 -54.88 -54.91 -54.94 -54.94 -54.97 -54.97 -54.97 -54.97 -55.00 -55.00 -55.00 -55.03 -55.06 -55.09 -55.12 -55.16 -55.16 -55.19 -55.16 -55.16 -55.16 -55.12 -55.12 -55.09 -55.09 -55.09 -55.09 -55.09 -55.06 -55.06 -55.03 -55.00 -54.97 -54.94 -54.91 -54.88 -54.81 -54.75 -54.66 -54.59 -54.56 -54.50 -54.47 -54.47 -54.50 -54.56 -54.59 -54.62 -54.69 -54.72 -54.75 -54.78 -54.81 -54.81 -54.84 -54.88 -54.88 -54.91
-54.50 -54.53 -54.53 -54.56 -54.56 -54.59 -54.62 -54.66 -54.69 -54.72 -54.75 -54.78 -54.81 -54.84 -54.88 -54.88 -54.91 -54.91 -54.94 -54.94 -54.94 -54.94 -54.97 -54.97 -55.00 -55.03 -55.06 -55.09 -55.12 -55.12 -55.16 -55.16 -55.12 -55.12 -55.09 -55.09 -55.06 -55.06 -55.06 -55.06 -55.06 -55.03 -55.03 -55.00 -54.97 -54.94 -54.94 -54.91 -54.84 -54.78 -54.72 -54.69 -54.62 -54.56 -54.53 -54.50 -54.53 -54.53 -54.56 -54.62 -54.66 -54.72 -54.75 -54.78 -54.81 -54.84 -54.84 -54.88 -54.88 -54.91 -54.94
-54.50 -54.50 -54.53 -54.53 -54.53 -54.56 -54.56 -54.59 -54.62 -54.66 -54.69 -54.72 -54.78 -54.81 -54.81 -54.84 -54.84 -54.88 -54.91 -54.91 -54.91 -54.91 -54.91 -54.94 -54.97 -55.00 -55.03 -55.06 -55.09 -55.09 -55.09 -55.09 -55.09 -55.09 -55.06 -55.06 -55.06 -55.03 -55.03 -55.03 -55.03 -55.00 -54.97 -54.97 -54.94 -54.91 -54.91 -54.88 -54.81 -54.78 -54.72 -54.69 -54.62 -54.59 -54.56 -54.53 -54.56 -54.56 -54.62 -54.66 -54.69 -54.72 -54.78 -54.81 -54.84 -54.84 -54.88 -54.88 -54.91 -54.94 -54.94
-54.47 -54.47 -54.47 -54.50 -54.50 -54.50 -54.53 -54.56 -54.59 -54.62 -54.66 -54.69 -54.72 -54.75 -54.78 -54.81 -54.81 -54.84 -54.84 -54.88 -54.88 -54.88 -54.88 -54.91 -54.94 -54.97 -55.00 -55.03 -55.03 -55.06 -55.06 -55.06 -55.06 -55.06 -55.03 -55.03 -55.03 -55.00 -55.00 -55.00 -55.00 -54.97 -54.94 -54.91 -54.91 -54.88 -54.88 -54.81 -54.78 -54.75 -54.69 -54.66 -54.62 -54.59 -54.59 -54.59 -54.59 -54.62 -54.66 -54.69 -54.72 -54.75 -54.78 -54.81 -54.84 -54.88 -54.88 -54.91 -54.91 -54.94 -54.97
-54.41 -54.44 -54.44 -54.44 -54.47 -54.47 -54.50 -54.53 -54.56 -54.59 -54.62 -54.66 -54.69 -54.72 -54.75 -54.78 -54.78 -54.81 -54.81 -54.84 -54.84 -54.84 -54.84 -54.84 -54.88 -54.91 -54.94 -54.97 -54.97 -55.00 -55.00 -55.00 -55.00 -55.00 -55.00 -55.00 -55.00 -54.97 -54.97 -54.97 -54.94 -54.94 -54.91 -54.88 -54.88 -54.84 -54.81 -54.78 -54.75 -54.72 -54.69 -54.66 -54.62 -54.59 -54.59 -54.59 -54.62 -54.66 -54.66 -54.69 -54.75 -54.78 -54.81 -54.84 -54.88 -54.88 -54.91 -54.91 -54.94 -54.94 -54.97
-54.38 -54.38 -54.41 -54.41 -54.41 -54.44 -54.44 -54.47 -54.50 -54.53 -54.56 -54.62 -54.66 -54.69 -54.72 -54.75 -54.75 -54.78 -54.78 -54.78 -54.78 -54.78 -54.78 -54.81 -54.81 -54.84 -54.88 -54.88 -54.91 -54.94 -54.94 -54.97 -54.97 -54.97 -54.97 -54.97 -54.97 -54.94 -54.94 -54.94 -54.91 -54.88 -54.88 -54.84 -54.84 -54.81 -54.78 -54.75 -54.72 -54.69 -54.66 -54.62 -54.59 -54.59 -54.62 -54.62 -54.66 -54.66 -54.69 -54.72 -54.75 -54.78 -54.81 -54.84 -54.88 -54.91 -54.91 -54.91 -54.94 -54.94 -54.94
-54.31 -54.31 -54.34 -54.34 -54.38 -54.38 -54.41 -54.44 -54.47 -54.50 -54.53 -54.56 -54.62 -54.66 -54.69 -54.69 -54.72 -54.72 -54.75 -54.75 -54.75 -54.75 -54.75 -54.75 -54.75 -54.78 -54.78 -54.81 -54.84 -54.84 -54.88 -54.91 -54.91 -54.94 -54.94 -54.94 -54.91 -54.91 -54.91 -54.91 -54.88 -54.84 -54.84 -54.84 -54.81 -54.78 -54.75 -54.72 -54.69 -54.66 -54.66 -54.62 -54.59 -54.59 -54.62 -54.62 -54.66 -54.69 -54.72 -54.75 -54.78 -54.81 -54.84 -54.84 -54.88 -54.91 -54.91 -54.91 -54.94 -54.94 -54.94
-54.25 -54.25 -54.28 -54.28 -54.31 -54.31 -54.34 -54.38 -54.41 -54.44 -54.47 -54.53 -54.56 -54.59 -54.62 -54.66 -54.66 -54.69 -54.69 -54.69 -54.69 -54.69 -54.69 -54.69 -54.69 -54.69 -54.69 -54.72 -54.75 -54.78 -54.81 -54.84 -54.88 -54.88 -54.88 -54.88 -54.88 -54.88 -54.88 -54.84 -54.84 -54.84 -54.81 -54.81 -54.81 -54.78 -54.75 -54.72 -54.69 -54.66 -54.62 -54.62 -54.59 -54.62 -54.62 -54.66 -54.69 -54.72 -54.75 -54.75 -54.78 -54.81 -54.84 -54.88 -54.88 -54.91 -54.91 -54.91 -54.91 -54.91 -54.91
-54.19 -54.22 -54.22 -54.25 -54.25 -54.28 -54.28 -54.31 -54.34 -54.38 -54.44 -54.47 -54.50 -54.53 -54.56 -54.59 -54.59 -54.62 -54.62 -54.62 -54.62 -54.62 -54.59 -54.59 -54.59 -54.59 -54.62 -54.66 -54.69 -54.72 -54.75 -54.78 -54.81 -54.81 -54.84 -54.84 -54.84 -54.84 -54.84 -54.84 -54.81 -54.81 -54.81 -54.81 -54.78 -54.75 -54.72 -54.69 -54.66 -54.66 -54.62 -54.59 -54.59 -54.62 -54.62 -54.66 -54.69 -54.72 -54.75 -54.78 -54.81 -54.81 -54.84 -54.88 -54.88 -54.91 -54.91 -54.91 -54.91 -54.91 -54.91
-54.19 -54.19 -54.22 -54.22 -54.22 -54.25 -54.25 -54.28 -54.31 -54.34 -54.38 -54.41 -54.44 -54.47 -54.50 -54.53 -54.53 -54.53 -54.56 -54.56 -54.53 -54.53 -54.53 -54.53 -54.53 -54.53 -54.56 -54.56 -54.62 -54.66 -54.69 -54.72 -54.75 -54.78 -54.78 -54.78 -54.78 -54.78 -54.78 -54.81 -54.81 -54.81 -54.81 -54.81 -54.78 -54.75 -54.72 -54.69 -54.66 -54.66 -54.62 -54.62 -54.62 -54.62 -54.62 -54.66 -54.69 -54.72 -54.75 -54.78 -54.81 -54.84 -54.84 -54.88 -54.88 -54.91 -54.91 -54.91 -54.91 -54.91 -54.91
-54.22 -54.22 -54.22 -54.22 -54.22 -54.25 -54.25 -54.28 -54.28 -54.31 -54.34 -54.38 -54.38 -54.41 -54.44 -54.44 -54.47 -54.47 -54.47 -54.50 -54.47 -54.47 -54.47 -54.47 -54.47 -54.50 -54.50 -54.53 -54.56 -54.59 -54.62 -54.66 -54.69 -54.69 -54.72 -54.72 -54.75 -54.75 -54.75 -54.78 -54.78 -54.78 -54.81 -54.78 -54.75 -54.75 -54.72 -54.69 -54.66 -54.66 -54.62 -54.62 -54.62 -54.62 -54.62 -54.66 -54.69 -54.72 -54.75 -54.78 -54.81 -54.84 -54.88 -54.88 -54.88 -54.88 -54.91 -54.91 -54.91 -54.91 -54.88
-54.25 -54.25 -54.25 -54.25 -54.25 -54.28 -54.28 -54.28 -54.28 -54.31 -54.31 -54.34 -54.34 -54.38 -54.38 -54.41 -54.41 -54.44 -54.44 -54.44 -54.44 -54.44 -54.47 -54.47 -54.47 -54.47 -54.50 -54.50 -54.53 -54.56 -54.59 -54.59 -54.62 -54.66 -54.66 -54.69 -54.69 -54.72 -54.72 -54.75 -54.75 -54.78 -54.78 -54.78 -54.75 -54.72 -54.72 -54.69 -54.69 -54.66 -54.66 -54.62 -54.62 -54.62 -54.62 -54.66 -54.69 -54.72 -54.75 -54.78 -54.81 -54.84 -54.88 -54.88 -54.88 -54.88 -54.91 -54.91 -54.91 -54.88 -54.88
-54.28 -54.28 -54.28 -54.28 -54.28 -54.31 -54.31 -54.31 -54.31 -54.31 -54.31 -54.34 -54.34 -54.34 -54.34 -54.38 -54.41 -54.41 -54.44 -54.44 -54.47 -54.47 -54.47 -54.50 -54.50 -54.50 -54.50 -54.53 -54.53 -54.53 -54.56 -54.56 -54.59 -54.59 -54.62 -54.66 -54.66 -54.69 -54.72 -54.72 -54.75 -54.75 -54.75 -54.75 -54.75 -54.72 -54.72 -54.69 -54.69 -54.66 -54.66 -54.62 -54.62 -54.62 -54.66 -54.66 -54.69 -54.72 -54.75 -54.78 -54.84 -54.84 -54.88 -54.88 -54.88 -54.91 -54.91 -54.91 -54.91 -54.88 -54.88
-54.34 -54.34 -54.31 -54.31 -54.34 -54.34 -54.34 -54.34 -54.34 -54.34 -54.34 -54.34 -54.38 -54.38 -54.38 -54.38 -54.41 -54.44 -54.44 -54.47 -54.50 -54.50 -54.50 -54.53 -54.53 -54.53 -54.56 -54.56 -54.56 -54.56 -54.56 -54.56 -54.56 -54.56 -54.59 -54.62 -54.66 -54.66 -54.69 -54.72 -54.72 -54.72 -54.72 -54.72 -54.72 -54.72 -54.72 -54.69 -54.69 -54.69 -54.66 -54.66 -54.66 -54.66 -54.66 -54.66 -54.69 -54.72 -54.75 -54.81 -54.84 -54.88 -54.88 -54.88 -54.91 -54.91 -54.91 -54.91 -54.91 -54.88 -54.88
-54.38 -54.38 -54.34 -54.34 -54.34 -54.34 -54.38 -54.38 -54.38 -54.38 -54.38 -54.38 -54.38 -54.41 -54.41 -54.41 -54.44 -54.47 -54.50 -54.50 -54.53 -54.53 -54.56 -54.56 -54.56 -54.59 -54.59 -54.56 -54.56 -54.56 -54.56 -54.56 -54.56 -54.56 -54.56 -54.59 -54.62 -54.66 -54.66 -54.69 -54.69 -54.69 -54.69 -54.72 -54.72 -54.72 -54.69 -54.69 -54.69 -54.66 -54.66 -54.66 -54.66 -54.66 -54.66 -54.69 -54.69 -54.72 -54.75 -54.81 -54.84 -54.88 -54.91 -54.91 -54.91 -54.91 -54.91 -54.91 -54.91 -54.88 -54.88
-54.38 -54.38 -54.38 -54.38 -54.38 -54.38 -54.38 -54.38 -54.38 -54.41 -54.41 -54.41 -54.41 -54.44 -54.44 -54.44 -54.47 -54.50 -54.53 -54.53 -54.56 -54.56 -54.59 -54.59 -54.62 -54.62 -54.62 -54.59 -54.59 -54.59 -54.59 -54.56 -54.56 -54.53 -54.53 -54.56 -54.59 -54.62 -54.66 -54.66 -54.66 -54.66 -54.69 -54.69 -54.69 -54.69 -54.69 -54.69 -54.66 -54.66 -54.66 -54.62 -54.62 -54.66 -54.66 -54.69 -54.69 -54.72 -54.75 -54.81 -54.84 -54.88 -54.91 -54.91 -54.91 -54.91 -54.91 -54.91 -54.91 -54.88 -54.88
-54.38 -54.38 -54.38 -54.38 -54.38 -54.38 -54.38 -54.38 -54.41 -54.41 -54.41 -54.41 -54.44 -54.44 -54.47 -54.47 -54.50 -54.53 -54.56 -54.56 -54.59 -54.59 -54.62 -54.62 -54.62 -54.62 -54.62 -54.62 -54.62 -54.62 -54.59 -54.59 -54.56 -54.53 -54.53 -54.53 -54.56 -54.59 -54.62 -54.62 -54.62 -54.66 -54.66 -54.66 -54.66 -54.66 -54.66 -54.66 -54.66 -54.62 -54.62 -54.62 -54.62 -54.62 -54.66 -54.66 -54.69 -54.72 -54.75 -54.78 -54.81 -54.84 -54.88 -54.91 -54.91 -54.91 -54.91 -54.91 -54.91 -54.88 -54.84
-54.38 -54.38 -54.38 -54.38 -54.38 -54.38 -54.38 -54.38 -54.41 -54.41 -54.41 -54.44 -54.44 -54.47 -54.47 -54.50 -54.53 -54.56 -54.56 -54.59 -54.59 -54.62 -54.62 -54.66 -54.66 -54.66 -54.66 -54.66 -54.62 -54.62 -54.62 -54.59 -54.56 -54.53 -54.53 -54.50 -54.53 -54.56 -54.59 -54.59 -54.59 -54.62 -54.62 -54.62 -54.62 -54.62 -54.62 -54.62 -54.62 -54.59 -54.59 -54.59 -54.59 -54.59 -54.62 -54.66 -54.69 -54.72 -54.75 -54.78 -54.81 -54.84 -54.84 -54.88 -54.88 -54.91 -54.91 -54.91 -54.88 -54.88 -54.84
-54.38 -54.38 -54.38 -54.38 -54.38 -54.38 -54.38 -54.41 -54.41 -54.41 -54.41 -54.44 -54.44 -54.47 -54.50 -54.53 -54.56 -54.56 -54.59 -54.59 -54.62 -54.62 -54.66 -54.66 -54.66 -54.66 -54.66 -54.66 -54.66 -54.62 -54.62 -54.59 -54.56 -54.53 -54.50 -54.50 -54.50 -54.53 -54.53 -54.56 -54.56 -54.56 -54.56 -54.56 -54.56 -54.56 -54.56 -54.56 -54.56 -54.56 -54.56 -54.56 -54.56 -54.56 -54.59 -54.62 -54.66 -54.69 -54.72 -54.75 -54.78 -54.81 -54.84 -54.84 -54.88 -54.88 -54.88 -54.88 -54.88 -54.84 -54.81
-54.38 -54.38 -54.38 -54.38 -54.38 -54.38 -54.38 -54.41 -54.41 -54.41 -54.41 -54.44 -54.44 -54.47 -54.50 -54.53 -54.56 -54.56 -54.59 -54.59 -54.62 -54.62 -54.66 -54.66 -54.66 -54.66 -54.66 -54.66 -54.66 -54.62 -54.62 -54.59 -54.56 -54.53 -54.50 -54.47 -54.47 -54.50 -54.50 -54.53 -54.53 -54.53 -54.53 -54.53 -54.53 -54.53 -54.50 -54.50 -54.50 -54.50 -54.50 -54.50 -54.53 -54.53 -54.56 -54.59 -54.59 -54.62 -54.66 -54.72 -54.75 -54.78 -54.81 -54.81 -54.84 -54.84 -54.84 -54.84 -54.84 -54.84 -54.81
-54.38 -54.38 -54.38 -54.38 -54.38 -54.38 -54.41 -54.41 -54.41 -54.41 -54.41 -54.44 -54.44 -54.47 -54.50 -54.53 -54.56 -54.56 -54.59 -54.59 -54.62 -54.62 -54.66 -54.66 -54.66 -54.66 -54.66 -54.66 -54.66 -54.62 -54.62 -54.59 -54.56 -54.50 -54.47 -54.47 -54.44 -54.47 -54.47 -54.47 -54.47 -54.47 -54.47 -54.47 -54.47 -54.47 -54.47 -54.47 -54.47 -54.44 -54.44 -54.47 -54.47 -54.50 -54.50 -54.53 -54.56 -54.59 -54.62 -54.66 -54.72 -54.75 -54.78 -54.78 -54.81 -54.81 -54.84 -54.84 -54.81 -54.81 -54.78
-54.38 -54.38 -54.38 -54.38 -54.38 -54.38 -54.38 -54.38 -54.38 -54.41 -54.41 -54.41 -54.44 -54.47 -54.50 -54.53 -54.53 -54.56 -54.56 -54.59 -54.62 -54.62 -54.66 -54.66 -54.66 -54.66 -54.66 -54.66 -54.66 -54.62 -54.62 -54.59 -54.53 -54.50 -54.47 -54.44 -54.44 -54.44 -54.44 -54.44 -54.44 -54.44 -54.44 -54.44 -54.44 -54.44 -54.41 -54.41 -54.41 -54.41 -54.41 -54.41 -54.44 -54.44 -54.47 -54.50 -54.53 -54.56 -54.59 -54.62 -54.66 -54.72 -54.75 -54.75 -54.78 -54.78 -54.81 -54.81 -54.81 -54.78 -54.78
-54.38 -54.38 -54.38 -54.38 -54.38 -54.38 -54.38 -54.38 -54.38 -54.38 -54.41 -54.41 -54.44 -54.47 -54.50 -54.50 -54.53 -54.56 -54.56 -54.59 -54.62 -54.62 -54.66 -54.66 -54.66 -54.66 -54.66 -54.66 -54.62 -54.62 -54.59 -54.56 -54.53 -54.50 -54.47 -54.44 -54.41 -54.41 -54.41 -54.41 -54.41 -54.41 -54.41 -54.41 -54.41 -54.41 -54.38 -54.38 -54.38 -54.38 -54.38 -54.38 -54.41 -54.41 -54.44 -54.47 -54.50 -54.53 -54.56 -54.59 -54.66 -54.69 -54.72 -54.72 -54.75 -54.78 -54.78 -54.78 -54.78 -54.75 -54.75
