everonasctiles/Tile[34,33].asc
ncols 128
nrows 128
xllcorner 0
yllcorner 0
cellsize 2.0
NODATA_value  -9999
[rows 96 to 127 of 128, columns 0 to 70 of 128]
-33.56 -33.91 -34.06 -34.12 -34.16 -34.19 -34.31 -34.47 -34.66 -34.84 -35.03 -35.28 -35.53 -35.75 -35.97 -36.16 -36.38 -36.69 -36.97 -37.16 -37.25 -37.28 -37.19 -37.09 -37.03 -37.00 -37.00 -37.03 -37.12 -37.22 -37.38 -37.56 -37.75 -37.94 -38.16 -38.34 -38.53 -38.69 -38.81 -38.97 -39.06 -39.16 -39.22 -39.25 -39.31 -39.41 -39.44 -39.47 -39.50 -39.50 -39.50 -39.50 -39.50 -39.47 -39.41 -39.38 -39.34 -39.31 -39.31 -39.31 -39.34 -39.41 -39.53 -39.62 -39.72 -39.84 -40.03 -40.25 -40.56 -40.88 -41.25
-33.91 -34.22 -34.38 -34.47 -34.50 -34.53 -34.62 -34.81 -35.00 -35.22 -35.44 -35.69 -35.94 -36.16 -36.38 -36.53 -36.69 -36.91 -37.19 -37.41 -37.53 -37.56 -37.50 -37.41 -37.31 -37.28 -37.28 -37.28 -37.34 -37.44 -37.59 -37.72 -37.88 -38.06 -38.22 -38.38 -38.53 -38.69 -38.81 -38.94 -39.03 -39.09 -39.12 -39.16 -39.22 -39.25 -39.31 -39.34 -39.34 -39.34 -39.34 -39.34 -39.34 -39.28 -39.25 -39.19 -39.16 -39.16 -39.12 -39.12 -39.16 -39.22 -39.28 -39.34 -39.44 -39.53 -39.72 -39.97 -40.31 -40.69 -41.06
-34.31 -34.53 -34.69 -34.78 -34.81 -34.81 -34.88 -35.03 -35.28 -35.53 -35.78 -36.03 -36.28 -36.50 -36.72 -36.91 -37.06 -37.22 -37.41 -37.59 -37.75 -37.81 -37.78 -37.72 -37.62 -37.59 -37.53 -37.53 -37.53 -37.62 -37.75 -37.91 -38.03 -38.16 -38.28 -38.41 -38.53 -38.66 -38.78 -38.91 -38.97 -39.00 -39.00 -39.03 -39.06 -39.12 -39.12 -39.16 -39.19 -39.19 -39.19 -39.19 -39.16 -39.12 -39.06 -39.00 -38.94 -38.94 -38.94 -38.94 -38.97 -39.00 -39.03 -39.06 -39.12 -39.19 -39.38 -39.72 -40.12 -40.50 -40.94
-34.66 -34.84 -35.00 -35.06 -35.09 -35.06 -35.06 -35.22 -35.47 -35.75 -36.06 -36.31 -36.56 -36.81 -37.03 -37.22 -37.38 -37.53 -37.66 -37.81 -37.94 -38.03 -38.06 -38.03 -37.94 -37.88 -37.81 -37.75 -37.72 -37.81 -37.91 -38.03 -38.16 -38.25 -38.34 -38.47 -38.56 -38.66 -38.75 -38.84 -38.88 -38.88 -38.84 -38.88 -38.91 -38.94 -38.97 -39.00 -39.00 -39.03 -39.03 -39.03 -39.00 -38.94 -38.84 -38.78 -38.72 -38.69 -38.69 -38.72 -38.75 -38.78 -38.75 -38.75 -38.78 -38.81 -39.03 -39.50 -39.94 -40.34 -40.78
-34.97 -35.19 -35.28 -35.34 -35.34 -35.31 -35.28 -35.31 -35.56 -35.91 -36.25 -36.56 -36.84 -37.06 -37.28 -37.50 -37.66 -37.81 -37.94 -38.03 -38.12 -38.22 -38.31 -38.31 -38.25 -38.19 -38.09 -38.03 -37.94 -37.97 -38.06 -38.19 -38.25 -38.34 -38.44 -38.50 -38.56 -38.66 -38.72 -38.75 -38.75 -38.72 -38.69 -38.69 -38.72 -38.75 -38.78 -38.81 -38.84 -38.88 -38.91 -38.88 -38.84 -38.78 -38.66 -38.56 -38.47 -38.44 -38.44 -38.47 -38.53 -38.53 -38.50 -38.47 -38.41 -38.41 -38.66 -39.16 -39.72 -40.19 -40.62
-35.28 -35.47 -35.56 -35.59 -35.59 -35.56 -35.50 -35.44 -35.62 -36.00 -36.38 -36.72 -37.06 -37.31 -37.50 -37.72 -37.91 -38.06 -38.19 -38.25 -38.31 -38.38 -38.50 -38.56 -38.56 -38.47 -38.38 -38.28 -38.19 -38.19 -38.25 -38.31 -38.38 -38.44 -38.50 -38.53 -38.56 -38.62 -38.66 -38.66 -38.62 -38.59 -38.53 -38.53 -38.53 -38.56 -38.59 -38.66 -38.69 -38.75 -38.78 -38.75 -38.69 -38.59 -38.47 -38.34 -38.22 -38.16 -38.19 -38.22 -38.28 -38.28 -38.25 -38.16 -38.06 -37.94 -38.16 -38.62 -39.25 -39.94 -40.44
-35.59 -35.75 -35.84 -35.84 -35.84 -35.78 -35.72 -35.59 -35.59 -36.00 -36.44 -36.84 -37.19 -37.50 -37.72 -37.94 -38.12 -38.28 -38.41 -38.50 -38.53 -38.59 -38.69 -38.75 -38.78 -38.75 -38.62 -38.56 -38.47 -38.47 -38.47 -38.50 -38.53 -38.56 -38.59 -38.62 -38.62 -38.59 -38.59 -38.56 -38.50 -38.44 -38.38 -38.34 -38.34 -38.41 -38.44 -38.50 -38.56 -38.59 -38.62 -38.59 -38.53 -38.44 -38.31 -38.16 -38.00 -37.91 -37.91 -37.97 -38.03 -38.06 -38.00 -37.91 -37.75 -37.53 -37.62 -38.09 -38.78 -39.59 -40.22
-35.84 -36.00 -36.06 -36.09 -36.06 -36.03 -35.94 -35.81 -35.66 -35.94 -36.44 -36.88 -37.28 -37.62 -37.91 -38.12 -38.31 -38.47 -38.62 -38.72 -38.75 -38.81 -38.88 -38.97 -39.00 -38.97 -38.88 -38.81 -38.75 -38.72 -38.72 -38.69 -38.69 -38.69 -38.69 -38.69 -38.66 -38.62 -38.56 -38.50 -38.44 -38.34 -38.25 -38.19 -38.19 -38.25 -38.31 -38.34 -38.41 -38.44 -38.47 -38.44 -38.38 -38.28 -38.16 -38.00 -37.84 -37.72 -37.69 -37.75 -37.81 -37.84 -37.78 -37.66 -37.47 -37.16 -37.19 -37.69 -38.44 -39.28 -39.97
-36.09 -36.22 -36.31 -36.31 -36.28 -36.22 -36.16 -36.06 -35.88 -35.94 -36.34 -36.88 -37.31 -37.69 -38.00 -38.25 -38.47 -38.66 -38.81 -38.91 -38.97 -39.03 -39.06 -39.12 -39.19 -39.19 -39.12 -39.06 -39.03 -38.97 -38.94 -38.91 -38.88 -38.84 -38.81 -38.78 -38.72 -38.66 -38.59 -38.50 -38.44 -38.34 -38.25 -38.16 -38.12 -38.16 -38.19 -38.22 -38.28 -38.28 -38.28 -38.25 -38.19 -38.09 -38.00 -37.84 -37.72 -37.56 -37.50 -37.56 -37.62 -37.66 -37.59 -37.47 -37.25 -36.91 -37.00 -37.56 -38.31 -39.09 -39.72
-36.28 -36.44 -36.50 -36.53 -36.50 -36.44 -36.34 -36.28 -36.22 -36.22 -36.44 -36.88 -37.31 -37.72 -38.03 -38.34 -38.59 -38.78 -38.97 -39.06 -39.16 -39.22 -39.28 -39.31 -39.34 -39.34 -39.31 -39.28 -39.25 -39.22 -39.16 -39.12 -39.06 -39.00 -38.94 -38.88 -38.78 -38.72 -38.66 -38.56 -38.50 -38.41 -38.31 -38.25 -38.22 -38.16 -38.16 -38.16 -38.16 -38.16 -38.16 -38.09 -38.03 -37.97 -37.84 -37.72 -37.59 -37.44 -37.34 -37.38 -37.44 -37.44 -37.41 -37.28 -37.09 -36.81 -37.12 -37.75 -38.47 -39.06 -39.56
-36.47 -36.62 -36.69 -36.72 -36.69 -36.59 -36.53 -36.50 -36.56 -36.66 -36.81 -37.06 -37.38 -37.75 -38.09 -38.38 -38.66 -38.88 -39.06 -39.22 -39.31 -39.38 -39.44 -39.47 -39.50 -39.50 -39.50 -39.47 -39.44 -39.41 -39.34 -39.28 -39.22 -39.16 -39.06 -38.97 -38.88 -38.78 -38.72 -38.66 -38.56 -38.50 -38.41 -38.34 -38.28 -38.25 -38.22 -38.19 -38.16 -38.12 -38.06 -38.00 -37.94 -37.84 -37.75 -37.62 -37.47 -37.31 -37.22 -37.19 -37.22 -37.25 -37.22 -37.12 -37.00 -37.03 -37.44 -37.97 -38.50 -39.00 -39.47
-36.66 -36.78 -36.88 -36.88 -36.84 -36.78 -36.72 -36.72 -36.81 -36.94 -37.09 -37.31 -37.53 -37.84 -38.12 -38.41 -38.69 -38.91 -39.12 -39.28 -39.41 -39.50 -39.56 -39.59 -39.62 -39.66 -39.66 -39.62 -39.62 -39.56 -39.50 -39.44 -39.34 -39.25 -39.16 -39.06 -38.94 -38.84 -38.78 -38.72 -38.66 -38.59 -38.53 -38.47 -38.41 -38.34 -38.28 -38.25 -38.22 -38.16 -38.09 -38.00 -37.91 -37.78 -37.69 -37.56 -37.41 -37.25 -37.09 -37.03 -37.00 -37.03 -37.03 -37.00 -36.97 -37.16 -37.53 -37.97 -38.44 -38.91 -39.34
-36.81 -36.94 -37.00 -37.03 -37.00 -36.94 -36.91 -36.94 -37.03 -37.16 -37.31 -37.50 -37.72 -37.94 -38.19 -38.44 -38.69 -38.91 -39.12 -39.31 -39.44 -39.56 -39.62 -39.69 -39.72 -39.75 -39.75 -39.75 -39.72 -39.69 -39.62 -39.53 -39.44 -39.34 -39.22 -39.12 -39.00 -38.91 -38.84 -38.78 -38.75 -38.69 -38.62 -38.56 -38.50 -38.47 -38.41 -38.34 -38.31 -38.22 -38.16 -38.03 -37.91 -37.78 -37.66 -37.50 -37.34 -37.16 -37.00 -36.88 -36.81 -36.81 -36.81 -36.81 -36.91 -37.16 -37.50 -37.88 -38.31 -38.72 -39.16
-36.94 -37.03 -37.12 -37.16 -37.12 -37.09 -37.09 -37.16 -37.25 -37.38 -37.53 -37.69 -37.88 -38.06 -38.25 -38.44 -38.66 -38.88 -39.09 -39.28 -39.44 -39.53 -39.66 -39.72 -39.78 -39.81 -39.84 -39.84 -39.81 -39.75 -39.69 -39.59 -39.50 -39.41 -39.28 -39.16 -39.06 -38.97 -38.88 -38.84 -38.78 -38.75 -38.72 -38.69 -38.62 -38.56 -38.50 -38.44 -38.38 -38.31 -38.22 -38.09 -37.94 -37.78 -37.62 -37.44 -37.28 -37.09 -36.91 -36.75 -36.62 -36.59 -36.59 -36.66 -36.78 -37.03 -37.34 -37.72 -38.09 -38.50 -38.88
-37.03 -37.12 -37.22 -37.25 -37.25 -37.25 -37.25 -37.31 -37.44 -37.56 -37.72 -37.88 -38.00 -38.16 -38.31 -38.47 -38.66 -38.84 -39.03 -39.22 -39.34 -39.50 -39.59 -39.69 -39.75 -39.81 -39.84 -39.84 -39.84 -39.78 -39.72 -39.62 -39.53 -39.41 -39.31 -39.19 -39.09 -39.00 -38.91 -38.88 -38.84 -38.81 -38.78 -38.75 -38.72 -38.66 -38.59 -38.53 -38.47 -38.38 -38.25 -38.12 -37.94 -37.75 -37.56 -37.34 -37.16 -36.97 -36.78 -36.59 -36.44 -36.38 -36.38 -36.44 -36.59 -36.84 -37.16 -37.50 -37.84 -38.22 -38.53
-37.12 -37.22 -37.31 -37.34 -37.38 -37.38 -37.41 -37.47 -37.59 -37.72 -37.84 -38.00 -38.12 -38.22 -38.34 -38.47 -38.62 -38.78 -38.97 -39.12 -39.28 -39.41 -39.53 -39.62 -39.72 -39.75 -39.78 -39.81 -39.78 -39.75 -39.69 -39.62 -39.53 -39.41 -39.31 -39.19 -39.09 -39.00 -38.94 -38.88 -38.84 -38.84 -38.81 -38.81 -38.78 -38.72 -38.66 -38.59 -38.50 -38.41 -38.28 -38.12 -37.94 -37.72 -37.47 -37.25 -37.00 -36.81 -36.62 -36.41 -36.25 -36.12 -36.12 -36.19 -36.34 -36.59 -36.91 -37.22 -37.56 -37.88 -38.19
-37.22 -37.31 -37.38 -37.44 -37.47 -37.50 -37.53 -37.59 -37.69 -37.81 -37.97 -38.09 -38.19 -38.28 -38.38 -38.47 -38.59 -38.75 -38.91 -39.03 -39.19 -39.31 -39.44 -39.53 -39.62 -39.69 -39.72 -39.72 -39.72 -39.69 -39.66 -39.56 -39.50 -39.41 -39.31 -39.19 -39.09 -39.00 -38.94 -38.88 -38.84 -38.84 -38.81 -38.81 -38.81 -38.75 -38.69 -38.62 -38.53 -38.44 -38.28 -38.12 -37.91 -37.66 -37.41 -37.09 -36.84 -36.59 -36.38 -36.19 -36.00 -35.88 -35.81 -35.88 -36.03 -36.28 -36.59 -36.94 -37.25 -37.53 -37.81
-37.28 -37.34 -37.44 -37.50 -37.56 -37.59 -37.62 -37.69 -37.78 -37.88 -38.00 -38.12 -38.25 -38.31 -38.41 -38.50 -38.59 -38.69 -38.81 -38.94 -39.06 -39.19 -39.31 -39.41 -39.50 -39.56 -39.59 -39.59 -39.62 -39.59 -39.56 -39.53 -39.44 -39.38 -39.28 -39.16 -39.06 -38.97 -38.88 -38.84 -38.81 -38.78 -38.78 -38.78 -38.78 -38.75 -38.69 -38.62 -38.53 -38.44 -38.28 -38.09 -37.88 -37.59 -37.31 -37.00 -36.66 -36.34 -36.09 -35.91 -35.72 -35.56 -35.50 -35.50 -35.69 -35.97 -36.28 -36.59 -36.91 -37.16 -37.44
-37.28 -37.38 -37.47 -37.53 -37.59 -37.66 -37.69 -37.75 -37.81 -37.91 -38.03 -38.16 -38.25 -38.34 -38.41 -38.50 -38.56 -38.66 -38.72 -38.81 -38.91 -39.03 -39.16 -39.25 -39.34 -39.41 -39.44 -39.47 -39.50 -39.50 -39.50 -39.44 -39.38 -39.31 -39.22 -39.12 -39.00 -38.91 -38.81 -38.75 -38.75 -38.72 -38.72 -38.72 -38.72 -38.69 -38.66 -38.59 -38.53 -38.44 -38.28 -38.06 -37.81 -37.53 -37.22 -36.88 -36.47 -36.06 -35.81 -35.59 -35.41 -35.28 -35.12 -35.06 -35.34 -35.66 -35.97 -36.28 -36.56 -36.78 -37.03
-37.28 -37.38 -37.47 -37.56 -37.66 -37.69 -37.75 -37.78 -37.84 -37.91 -38.03 -38.12 -38.25 -38.34 -38.41 -38.47 -38.50 -38.56 -38.59 -38.66 -38.72 -38.84 -38.97 -39.06 -39.16 -39.22 -39.28 -39.31 -39.38 -39.41 -39.41 -39.38 -39.31 -39.22 -39.12 -39.03 -38.94 -38.81 -38.75 -38.69 -38.66 -38.62 -38.62 -38.62 -38.62 -38.59 -38.59 -38.53 -38.47 -38.38 -38.22 -38.00 -37.75 -37.44 -37.09 -36.72 -36.09 -35.47 -35.16 -35.03 -34.84 -34.78 -34.62 -34.69 -35.06 -35.38 -35.66 -35.97 -36.19 -36.41 -36.62
-37.25 -37.38 -37.47 -37.59 -37.69 -37.75 -37.78 -37.81 -37.84 -37.91 -38.00 -38.12 -38.22 -38.31 -38.38 -38.41 -38.44 -38.44 -38.44 -38.47 -38.53 -38.62 -38.75 -38.88 -38.97 -39.03 -39.09 -39.16 -39.22 -39.25 -39.28 -39.25 -39.19 -39.12 -39.06 -38.97 -38.84 -38.75 -38.66 -38.59 -38.56 -38.53 -38.53 -38.50 -38.50 -38.47 -38.47 -38.44 -38.38 -38.28 -38.16 -37.94 -37.66 -37.34 -36.97 -36.50 -35.66 -34.78 -34.03 -34.06 -34.00 -34.12 -34.16 -34.41 -34.81 -35.09 -35.38 -35.62 -35.84 -36.03 -36.22
-37.25 -37.38 -37.50 -37.62 -37.72 -37.78 -37.81 -37.84 -37.88 -37.94 -38.00 -38.09 -38.19 -38.25 -38.31 -38.34 -38.34 -38.31 -38.31 -38.31 -38.34 -38.41 -38.53 -38.62 -38.72 -38.81 -38.88 -38.97 -39.06 -39.09 -39.12 -39.09 -39.06 -39.00 -38.94 -38.84 -38.75 -38.66 -38.59 -38.53 -38.50 -38.44 -38.41 -38.38 -38.34 -38.31 -38.31 -38.28 -38.25 -38.16 -38.03 -37.84 -37.56 -37.22 -36.88 -36.34 -35.41 -34.06 -33.09 -33.09 -33.38 -33.53 -33.75 -34.16 -34.59 -34.84 -35.06 -35.31 -35.50 -35.62 -35.72
-37.28 -37.41 -37.56 -37.66 -37.75 -37.84 -37.88 -37.91 -37.91 -37.94 -38.00 -38.06 -38.12 -38.19 -38.22 -38.22 -38.22 -38.19 -38.16 -38.16 -38.16 -38.22 -38.31 -38.41 -38.50 -38.59 -38.69 -38.78 -38.88 -38.94 -38.97 -38.97 -38.94 -38.88 -38.81 -38.75 -38.66 -38.59 -38.53 -38.47 -38.41 -38.38 -38.31 -38.25 -38.22 -38.16 -38.12 -38.09 -38.06 -38.00 -37.91 -37.72 -37.47 -37.12 -36.75 -36.28 -35.47 -34.47 -33.44 -33.09 -33.19 -33.28 -33.47 -33.84 -34.25 -34.59 -34.81 -35.00 -35.16 -35.22 -35.06
-37.34 -37.47 -37.59 -37.72 -37.81 -37.88 -37.94 -37.97 -37.97 -38.00 -38.00 -38.06 -38.09 -38.12 -38.12 -38.12 -38.12 -38.09 -38.03 -38.00 -38.00 -38.03 -38.09 -38.19 -38.28 -38.41 -38.50 -38.62 -38.72 -38.78 -38.81 -38.81 -38.78 -38.75 -38.69 -38.62 -38.56 -38.47 -38.44 -38.38 -38.34 -38.28 -38.22 -38.16 -38.06 -38.00 -37.94 -37.91 -37.88 -37.84 -37.75 -37.59 -37.34 -37.03 -36.69 -36.25 -35.75 -35.03 -34.34 -33.88 -33.75 -33.66 -33.56 -33.66 -33.91 -34.22 -34.53 -34.72 -34.78 -34.66 -34.44
-37.44 -37.56 -37.66 -37.75 -37.84 -37.94 -37.97 -38.00 -38.00 -38.00 -38.03 -38.03 -38.06 -38.06 -38.06 -38.06 -38.03 -37.97 -37.94 -37.88 -37.84 -37.88 -37.94 -38.03 -38.16 -38.25 -38.38 -38.50 -38.59 -38.66 -38.72 -38.72 -38.69 -38.62 -38.56 -38.50 -38.44 -38.38 -38.31 -38.28 -38.25 -38.19 -38.12 -38.03 -37.94 -37.84 -37.78 -37.75 -37.72 -37.69 -37.59 -37.44 -37.22 -36.94 -36.59 -36.22 -35.81 -35.38 -34.88 -34.50 -34.28 -34.16 -33.97 -33.88 -33.91 -34.06 -34.19 -34.28 -34.28 -34.19 -34.25
-37.53 -37.62 -37.72 -37.81 -37.91 -37.97 -38.03 -38.03 -38.03 -38.03 -38.03 -38.00 -38.00 -38.00 -38.00 -37.97 -37.94 -37.91 -37.84 -37.78 -37.75 -37.75 -37.84 -37.94 -38.06 -38.19 -38.31 -38.44 -38.50 -38.56 -38.59 -38.62 -38.59 -38.53 -38.47 -38.41 -38.34 -38.28 -38.22 -38.19 -38.12 -38.06 -38.00 -37.91 -37.81 -37.72 -37.66 -37.59 -37.56 -37.50 -37.41 -37.28 -37.09 -36.84 -36.53 -36.19 -35.81 -35.44 -35.06 -34.75 -34.53 -34.41 -34.31 -34.28 -34.34 -34.47 -34.56 -34.59 -34.56 -34.50 -34.62
-37.62 -37.69 -37.78 -37.84 -37.94 -38.00 -38.03 -38.06 -38.03 -38.03 -38.00 -37.97 -37.97 -37.94 -37.94 -37.91 -37.88 -37.81 -37.78 -37.72 -37.66 -37.69 -37.78 -37.91 -38.03 -38.16 -38.28 -38.38 -38.44 -38.50 -38.53 -38.53 -38.50 -38.44 -38.38 -38.31 -38.25 -38.19 -38.16 -38.09 -38.06 -37.97 -37.88 -37.81 -37.72 -37.62 -37.53 -37.47 -37.41 -37.34 -37.25 -37.12 -36.94 -36.72 -36.44 -36.12 -35.81 -35.47 -35.16 -34.91 -34.72 -34.59 -34.53 -34.56 -34.66 -34.81 -34.97 -35.09 -35.16 -35.06 -35.09
-37.66 -37.75 -37.81 -37.88 -37.94 -38.00 -38.03 -38.03 -38.00 -38.00 -37.97 -37.94 -37.91 -37.88 -37.84 -37.84 -37.81 -37.75 -37.69 -37.66 -37.59 -37.66 -37.75 -37.88 -38.00 -38.12 -38.25 -38.31 -38.38 -38.41 -38.44 -38.44 -38.41 -38.38 -38.31 -38.25 -38.19 -38.12 -38.06 -38.03 -37.97 -37.91 -37.81 -37.69 -37.59 -37.53 -37.47 -37.38 -37.31 -37.22 -37.09 -36.97 -36.81 -36.59 -36.38 -36.09 -35.81 -35.53 -35.28 -35.09 -34.91 -34.81 -34.75 -34.78 -34.91 -35.09 -35.28 -35.44 -35.62 -35.72 -35.69
-37.69 -37.75 -37.81 -37.88 -37.94 -38.00 -38.00 -38.00 -37.97 -37.94 -37.91 -37.88 -37.84 -37.81 -37.78 -37.75 -37.72 -37.69 -37.62 -37.59 -37.56 -37.62 -37.72 -37.84 -38.00 -38.09 -38.22 -38.28 -38.31 -38.34 -38.34 -38.34 -38.31 -38.28 -38.22 -38.16 -38.09 -38.03 -38.00 -37.97 -37.91 -37.81 -37.72 -37.59 -37.50 -37.44 -37.38 -37.31 -37.22 -37.12 -37.00 -36.88 -36.72 -36.53 -36.34 -36.09 -35.88 -35.66 -35.44 -35.25 -35.09 -35.00 -34.97 -35.03 -35.19 -35.38 -35.59 -35.81 -36.03 -36.28 -36.47
-37.69 -37.75 -37.81 -37.88 -37.94 -37.97 -37.97 -37.97 -37.94 -37.91 -37.84 -37.81 -37.75 -37.72 -37.69 -37.66 -37.62 -37.62 -37.59 -37.53 -37.53 -37.59 -37.69 -37.81 -37.94 -38.06 -38.16 -38.22 -38.28 -38.28 -38.28 -38.25 -38.25 -38.19 -38.12 -38.06 -38.00 -37.97 -37.91 -37.88 -37.81 -37.72 -37.62 -37.50 -37.44 -37.34 -37.31 -37.25 -37.16 -37.06 -36.97 -36.84 -36.69 -36.53 -36.34 -36.16 -35.97 -35.78 -35.59 -35.44 -35.28 -35.22 -35.19 -35.25 -35.41 -35.66 -35.94 -36.19 -36.47 -36.75 -37.09
-37.69 -37.72 -37.78 -37.84 -37.91 -37.91 -37.94 -37.91 -37.88 -37.81 -37.78 -37.72 -37.66 -37.62 -37.59 -37.56 -37.56 -37.56 -37.53 -37.53 -37.53 -37.59 -37.69 -37.78 -37.88 -38.00 -38.09 -38.16 -38.22 -38.22 -38.22 -38.19 -38.16 -38.12 -38.06 -38.00 -37.91 -37.88 -37.81 -37.75 -37.69 -37.62 -37.53 -37.44 -37.34 -37.28 -37.25 -37.22 -37.16 -37.06 -36.94 -36.81 -36.69 -36.53 -36.38 -36.22 -36.06 -35.91 -35.75 -35.59 -35.50 -35.41 -35.41 -35.44 -35.59 -35.88 -36.22 -36.56 -36.88 -37.22 -37.59
-37.62 -37.69 -37.75 -37.81 -37.84 -37.84 -37.88 -37.84 -37.81 -37.75 -37.69 -37.62 -37.56 -37.53 -37.50 -37.50 -37.50 -37.50 -37.50 -37.50 -37.53 -37.56 -37.62 -37.72 -37.81 -37.94 -38.00 -38.09 -38.12 -38.16 -38.16 -38.12 -38.09 -38.06 -38.00 -37.91 -37.84 -37.78 -37.72 -37.66 -37.59 -37.53 -37.44 -37.34 -37.31 -37.25 -37.22 -37.19 -37.12 -37.06 -36.94 -36.81 -36.69 -36.56 -36.44 -36.31 -36.16 -36.03 -35.91 -35.78 -35.69 -35.66 -35.62 -35.66 -35.72 -36.00 -36.41 -36.84 -37.25 -37.66 -38.06
