everonasctiles/Tile45,26.asc
ncols 128
nrows 128
xllcorner 0
yllcorner 0
cellsize 2.0
NODATA_value  -9999
[rows 93 to 123 of 128, columns 0 to 69 of 128]
-101.72 -101.59 -101.47 -101.41 -101.38 -101.38 -101.44 -101.47 -101.50 -101.47 -101.41 -101.34 -101.28 -101.25 -101.25 -101.31 -101.38 -101.44 -101.53 -101.62 -101.72 -101.81 -101.84 -101.84 -101.81 -101.75 -101.66 -101.53 -101.41 -101.28 -101.22 -101.16 -101.12 -101.12 -101.03 -100.94 -100.78 -100.66 -100.50 -100.31 -100.12 -99.91 -99.69 -99.41 -99.06 -98.69 -98.31 -97.88 -97.12 -96.56 -96.47 -96.75 -97.06 -97.25 -97.44 -97.62 -97.78 -97.91 -98.00 -98.09 -98.16 -98.19 -98.25 -98.31 -98.38 -98.44 -98.44 -98.44 -98.41 -98.34
-101.66 -101.53 -101.41 -101.31 -101.25 -101.22 -101.25 -101.28 -101.28 -101.25 -101.16 -101.06 -101.00 -100.97 -100.97 -101.03 -101.09 -101.19 -101.28 -101.41 -101.53 -101.62 -101.66 -101.66 -101.62 -101.59 -101.50 -101.38 -101.25 -101.12 -101.06 -101.03 -101.03 -101.03 -100.97 -100.88 -100.78 -100.66 -100.53 -100.38 -100.19 -100.00 -99.75 -99.47 -99.12 -98.78 -98.44 -98.03 -97.47 -97.06 -96.97 -97.12 -97.22 -97.34 -97.47 -97.62 -97.78 -97.91 -98.00 -98.09 -98.16 -98.22 -98.28 -98.38 -98.44 -98.50 -98.53 -98.53 -98.50 -98.47
-101.59 -101.47 -101.34 -101.22 -101.12 -101.06 -101.09 -101.12 -101.09 -101.00 -100.91 -100.81 -100.72 -100.66 -100.66 -100.72 -100.81 -100.91 -101.06 -101.22 -101.34 -101.44 -101.44 -101.44 -101.41 -101.38 -101.28 -101.19 -101.03 -100.94 -100.88 -100.88 -100.88 -100.91 -100.88 -100.81 -100.72 -100.62 -100.53 -100.41 -100.22 -100.03 -99.81 -99.53 -99.19 -98.88 -98.53 -98.22 -97.84 -97.56 -97.44 -97.41 -97.41 -97.44 -97.53 -97.66 -97.75 -97.84 -97.97 -98.06 -98.16 -98.25 -98.31 -98.41 -98.50 -98.56 -98.59 -98.62 -98.62 -98.56
-101.53 -101.38 -101.25 -101.12 -101.00 -100.94 -100.94 -100.94 -100.91 -100.78 -100.66 -100.53 -100.44 -100.31 -100.25 -100.34 -100.47 -100.66 -100.88 -101.03 -101.16 -101.22 -101.22 -101.19 -101.16 -101.12 -101.06 -100.94 -100.81 -100.72 -100.66 -100.69 -100.72 -100.75 -100.75 -100.69 -100.66 -100.59 -100.50 -100.38 -100.22 -100.03 -99.81 -99.56 -99.25 -98.94 -98.62 -98.34 -98.06 -97.84 -97.72 -97.62 -97.59 -97.56 -97.56 -97.62 -97.72 -97.81 -97.91 -98.03 -98.16 -98.25 -98.34 -98.44 -98.53 -98.62 -98.69 -98.69 -98.69 -98.66
-101.47 -101.31 -101.16 -101.00 -100.88 -100.81 -100.78 -100.78 -100.72 -100.59 -100.44 -100.28 -100.09 -99.88 -99.78 -100.00 -100.25 -100.50 -100.72 -100.88 -101.00 -101.00 -100.94 -100.91 -100.84 -100.81 -100.75 -100.66 -100.53 -100.47 -100.44 -100.47 -100.53 -100.59 -100.59 -100.56 -100.53 -100.50 -100.44 -100.34 -100.19 -100.03 -99.81 -99.56 -99.28 -99.00 -98.72 -98.47 -98.22 -98.03 -97.91 -97.81 -97.75 -97.69 -97.62 -97.59 -97.66 -97.72 -97.84 -98.00 -98.12 -98.25 -98.38 -98.50 -98.59 -98.66 -98.72 -98.78 -98.78 -98.75
-101.41 -101.25 -101.06 -100.91 -100.75 -100.66 -100.62 -100.59 -100.53 -100.38 -100.19 -100.00 -99.75 -99.47 -99.47 -99.81 -100.12 -100.38 -100.59 -100.75 -100.81 -100.78 -100.69 -100.59 -100.53 -100.47 -100.41 -100.34 -100.25 -100.19 -100.19 -100.25 -100.34 -100.41 -100.44 -100.44 -100.41 -100.41 -100.38 -100.28 -100.12 -99.97 -99.78 -99.56 -99.31 -99.06 -98.78 -98.56 -98.38 -98.22 -98.09 -98.00 -97.91 -97.81 -97.66 -97.56 -97.56 -97.66 -97.78 -97.94 -98.09 -98.25 -98.38 -98.50 -98.62 -98.72 -98.78 -98.81 -98.84 -98.81
-101.34 -101.16 -100.97 -100.81 -100.66 -100.53 -100.50 -100.44 -100.34 -100.16 -99.97 -99.75 -99.41 -99.09 -99.31 -99.69 -99.97 -100.22 -100.44 -100.59 -100.62 -100.56 -100.41 -100.25 -100.19 -100.12 -100.06 -100.00 -99.91 -99.88 -99.94 -100.03 -100.12 -100.22 -100.25 -100.28 -100.31 -100.31 -100.28 -100.19 -100.06 -99.91 -99.72 -99.53 -99.31 -99.06 -98.84 -98.66 -98.50 -98.38 -98.25 -98.16 -98.03 -97.88 -97.69 -97.53 -97.44 -97.56 -97.72 -97.88 -98.06 -98.22 -98.38 -98.50 -98.62 -98.75 -98.81 -98.88 -98.91 -98.88
-101.28 -101.09 -100.88 -100.72 -100.53 -100.44 -100.38 -100.31 -100.16 -99.97 -99.75 -99.50 -99.06 -98.81 -99.16 -99.53 -99.81 -100.06 -100.25 -100.38 -100.41 -100.28 -100.12 -99.94 -99.78 -99.72 -99.66 -99.62 -99.56 -99.59 -99.66 -99.78 -99.91 -100.00 -100.09 -100.16 -100.19 -100.19 -100.19 -100.09 -99.97 -99.84 -99.66 -99.47 -99.28 -99.06 -98.88 -98.72 -98.56 -98.47 -98.38 -98.28 -98.09 -97.91 -97.69 -97.47 -97.28 -97.44 -97.66 -97.84 -98.03 -98.22 -98.38 -98.53 -98.66 -98.75 -98.84 -98.91 -98.94 -98.94
-101.19 -101.00 -100.81 -100.62 -100.47 -100.34 -100.25 -100.16 -99.97 -99.75 -99.53 -99.22 -98.72 -98.53 -98.94 -99.34 -99.59 -99.84 -100.03 -100.12 -100.12 -100.00 -99.81 -99.56 -99.38 -99.31 -99.28 -99.25 -99.22 -99.28 -99.41 -99.53 -99.69 -99.81 -99.94 -100.03 -100.09 -100.09 -100.06 -100.00 -99.88 -99.75 -99.59 -99.41 -99.25 -99.06 -98.91 -98.75 -98.66 -98.56 -98.47 -98.34 -98.12 -97.94 -97.69 -97.41 -97.06 -97.28 -97.59 -97.81 -98.00 -98.19 -98.38 -98.53 -98.69 -98.78 -98.88 -98.97 -99.00 -99.00
-101.09 -100.88 -100.69 -100.53 -100.38 -100.28 -100.16 -100.00 -99.81 -99.56 -99.31 -98.94 -98.38 -98.22 -98.72 -99.09 -99.34 -99.56 -99.75 -99.88 -99.84 -99.69 -99.47 -99.16 -98.81 -98.75 -98.88 -98.91 -98.91 -98.97 -99.12 -99.31 -99.50 -99.66 -99.81 -99.91 -99.97 -100.00 -99.97 -99.91 -99.78 -99.66 -99.50 -99.34 -99.22 -99.06 -98.94 -98.81 -98.72 -98.62 -98.53 -98.38 -98.19 -97.94 -97.69 -97.31 -96.94 -97.12 -97.56 -97.78 -98.00 -98.19 -98.38 -98.56 -98.72 -98.84 -98.94 -99.00 -99.03 -99.03
-100.94 -100.75 -100.59 -100.41 -100.28 -100.16 -100.03 -99.84 -99.62 -99.38 -99.09 -98.72 -98.09 -97.94 -98.44 -98.84 -99.09 -99.31 -99.47 -99.56 -99.53 -99.38 -99.12 -98.75 -98.25 -98.06 -98.25 -98.38 -98.47 -98.66 -98.88 -99.09 -99.31 -99.53 -99.69 -99.78 -99.88 -99.91 -99.88 -99.81 -99.72 -99.59 -99.44 -99.31 -99.19 -99.06 -98.97 -98.88 -98.78 -98.69 -98.59 -98.41 -98.22 -97.97 -97.75 -97.28 -96.91 -97.16 -97.59 -97.84 -98.03 -98.25 -98.44 -98.62 -98.78 -98.91 -99.00 -99.03 -99.06 -99.06
-100.78 -100.59 -100.44 -100.28 -100.16 -100.03 -99.88 -99.69 -99.47 -99.19 -98.91 -98.47 -97.81 -97.66 -98.19 -98.56 -98.81 -99.00 -99.16 -99.25 -99.22 -99.03 -98.75 -98.31 -97.69 -97.41 -97.53 -97.75 -98.00 -98.38 -98.66 -98.94 -99.16 -99.38 -99.56 -99.69 -99.78 -99.81 -99.78 -99.72 -99.66 -99.53 -99.41 -99.28 -99.19 -99.09 -99.00 -98.91 -98.81 -98.75 -98.62 -98.47 -98.25 -98.03 -97.78 -97.34 -97.03 -97.34 -97.75 -97.97 -98.16 -98.34 -98.53 -98.69 -98.84 -98.97 -99.03 -99.09 -99.12 -99.09
-100.53 -100.38 -100.22 -100.09 -99.97 -99.84 -99.72 -99.53 -99.28 -99.03 -98.72 -98.25 -97.56 -97.41 -97.94 -98.28 -98.50 -98.69 -98.84 -98.91 -98.84 -98.66 -98.38 -97.91 -97.19 -96.78 -96.91 -97.25 -97.72 -98.19 -98.50 -98.78 -99.03 -99.25 -99.44 -99.59 -99.69 -99.72 -99.69 -99.66 -99.59 -99.50 -99.38 -99.28 -99.19 -99.09 -99.03 -98.94 -98.84 -98.75 -98.62 -98.47 -98.28 -98.06 -97.84 -97.44 -97.28 -97.62 -97.97 -98.12 -98.31 -98.47 -98.66 -98.81 -98.94 -99.03 -99.09 -99.12 -99.16 -99.12
-100.25 -100.09 -99.97 -99.88 -99.75 -99.66 -99.53 -99.34 -99.09 -98.81 -98.50 -98.03 -97.34 -97.19 -97.69 -98.00 -98.22 -98.38 -98.47 -98.50 -98.47 -98.28 -98.00 -97.53 -96.72 -96.25 -96.44 -96.97 -97.59 -98.03 -98.34 -98.62 -98.91 -99.16 -99.34 -99.50 -99.59 -99.62 -99.62 -99.59 -99.53 -99.47 -99.38 -99.28 -99.19 -99.12 -99.06 -98.97 -98.88 -98.78 -98.62 -98.47 -98.28 -98.09 -97.91 -97.62 -97.62 -97.94 -98.12 -98.31 -98.47 -98.62 -98.78 -98.91 -99.03 -99.09 -99.16 -99.19 -99.19 -99.16
-99.91 -99.78 -99.69 -99.59 -99.53 -99.47 -99.34 -99.12 -98.88 -98.59 -98.28 -97.81 -97.16 -97.03 -97.47 -97.72 -97.88 -98.00 -98.06 -98.06 -98.03 -97.88 -97.62 -97.16 -96.28 -95.88 -96.22 -96.88 -97.53 -97.91 -98.22 -98.53 -98.81 -99.06 -99.25 -99.41 -99.53 -99.56 -99.53 -99.50 -99.47 -99.41 -99.34 -99.25 -99.19 -99.12 -99.06 -98.97 -98.88 -98.75 -98.62 -98.47 -98.31 -98.16 -97.97 -97.88 -97.97 -98.16 -98.31 -98.47 -98.62 -98.78 -98.91 -99.03 -99.12 -99.19 -99.22 -99.22 -99.22 -99.19
-99.56 -99.44 -99.38 -99.31 -99.28 -99.25 -99.12 -98.94 -98.69 -98.41 -98.06 -97.62 -97.09 -96.88 -97.19 -97.38 -97.50 -97.59 -97.59 -97.59 -97.56 -97.44 -97.25 -96.75 -95.94 -95.66 -96.19 -96.91 -97.50 -97.84 -98.16 -98.47 -98.75 -98.97 -99.19 -99.34 -99.44 -99.47 -99.44 -99.41 -99.41 -99.34 -99.31 -99.25 -99.16 -99.09 -99.03 -98.94 -98.84 -98.72 -98.59 -98.47 -98.31 -98.19 -98.06 -98.09 -98.19 -98.34 -98.50 -98.66 -98.81 -98.94 -99.03 -99.12 -99.19 -99.25 -99.28 -99.25 -99.25 -99.22
-99.19 -99.06 -99.03 -99.00 -99.00 -98.97 -98.88 -98.72 -98.50 -98.22 -97.91 -97.53 -97.12 -96.78 -96.94 -97.06 -97.12 -97.16 -97.16 -97.12 -97.09 -97.03 -96.84 -96.31 -95.62 -95.69 -96.31 -97.03 -97.47 -97.78 -98.12 -98.41 -98.69 -98.91 -99.09 -99.25 -99.34 -99.38 -99.34 -99.34 -99.31 -99.28 -99.25 -99.19 -99.16 -99.09 -99.00 -98.91 -98.78 -98.66 -98.53 -98.41 -98.28 -98.19 -98.19 -98.25 -98.38 -98.50 -98.69 -98.81 -98.97 -99.06 -99.16 -99.22 -99.28 -99.31 -99.31 -99.28 -99.25 -99.19
-98.72 -98.59 -98.62 -98.69 -98.69 -98.69 -98.62 -98.50 -98.31 -98.09 -97.78 -97.47 -97.12 -96.78 -96.66 -96.72 -96.72 -96.75 -96.72 -96.69 -96.66 -96.62 -96.38 -95.84 -95.53 -95.91 -96.56 -97.12 -97.47 -97.78 -98.09 -98.38 -98.62 -98.84 -99.00 -99.16 -99.25 -99.25 -99.25 -99.25 -99.22 -99.22 -99.19 -99.16 -99.09 -99.03 -98.97 -98.84 -98.72 -98.59 -98.47 -98.38 -98.25 -98.25 -98.28 -98.41 -98.53 -98.69 -98.84 -98.97 -99.09 -99.19 -99.28 -99.31 -99.34 -99.38 -99.34 -99.31 -99.25 -99.19
-98.06 -98.03 -98.19 -98.31 -98.38 -98.38 -98.34 -98.22 -98.09 -97.91 -97.66 -97.34 -97.03 -96.72 -96.44 -96.38 -96.38 -96.34 -96.28 -96.09 -95.97 -95.94 -95.75 -95.59 -95.84 -96.34 -96.78 -97.16 -97.47 -97.78 -98.06 -98.31 -98.56 -98.75 -98.91 -99.06 -99.12 -99.16 -99.16 -99.12 -99.12 -99.09 -99.09 -99.09 -99.06 -99.00 -98.91 -98.78 -98.66 -98.53 -98.41 -98.31 -98.22 -98.28 -98.38 -98.50 -98.66 -98.81 -98.97 -99.09 -99.22 -99.31 -99.38 -99.41 -99.41 -99.41 -99.34 -99.31 -99.25 -99.19
-97.44 -97.44 -97.72 -97.94 -98.03 -98.06 -98.03 -97.94 -97.84 -97.69 -97.50 -97.22 -96.91 -96.59 -96.28 -96.03 -95.97 -95.91 -95.72 -95.41 -95.22 -95.28 -95.47 -95.88 -96.19 -96.53 -96.88 -97.22 -97.53 -97.81 -98.06 -98.28 -98.47 -98.66 -98.81 -98.94 -99.03 -99.03 -99.03 -99.00 -99.00 -99.00 -99.00 -99.00 -98.97 -98.94 -98.84 -98.72 -98.59 -98.44 -98.34 -98.22 -98.22 -98.31 -98.44 -98.59 -98.78 -98.94 -99.09 -99.22 -99.31 -99.38 -99.44 -99.44 -99.44 -99.41 -99.34 -99.28 -99.22 -99.16
-96.91 -96.94 -97.28 -97.56 -97.69 -97.78 -97.72 -97.62 -97.53 -97.41 -97.28 -97.06 -96.78 -96.47 -96.16 -95.88 -95.62 -95.44 -95.16 -94.84 -94.72 -95.03 -95.62 -95.97 -96.28 -96.62 -96.94 -97.28 -97.56 -97.84 -98.06 -98.25 -98.44 -98.59 -98.72 -98.84 -98.91 -98.91 -98.91 -98.88 -98.84 -98.84 -98.84 -98.88 -98.88 -98.84 -98.75 -98.62 -98.47 -98.34 -98.22 -98.12 -98.19 -98.31 -98.50 -98.69 -98.84 -99.03 -99.19 -99.28 -99.38 -99.44 -99.47 -99.47 -99.44 -99.41 -99.34 -99.28 -99.22 -99.16
-96.53 -96.53 -96.94 -97.22 -97.38 -97.47 -97.41 -97.28 -97.19 -97.09 -97.00 -96.84 -96.62 -96.34 -96.03 -95.72 -95.44 -95.12 -94.75 -94.44 -94.47 -95.00 -95.62 -95.97 -96.31 -96.66 -97.00 -97.31 -97.62 -97.88 -98.09 -98.25 -98.38 -98.53 -98.62 -98.72 -98.75 -98.78 -98.75 -98.72 -98.69 -98.69 -98.69 -98.72 -98.72 -98.69 -98.62 -98.50 -98.34 -98.22 -98.09 -98.03 -98.16 -98.31 -98.53 -98.72 -98.94 -99.09 -99.25 -99.38 -99.44 -99.50 -99.50 -99.47 -99.44 -99.41 -99.34 -99.28 -99.22 -99.16
-96.31 -96.28 -96.66 -96.91 -97.06 -97.12 -97.06 -96.94 -96.84 -96.75 -96.69 -96.59 -96.44 -96.19 -95.91 -95.59 -95.31 -95.03 -94.53 -94.16 -94.31 -94.84 -95.50 -95.97 -96.31 -96.69 -97.03 -97.38 -97.69 -97.91 -98.09 -98.25 -98.34 -98.44 -98.53 -98.56 -98.59 -98.59 -98.59 -98.56 -98.53 -98.53 -98.53 -98.53 -98.53 -98.53 -98.47 -98.34 -98.19 -98.06 -97.91 -97.91 -98.12 -98.31 -98.53 -98.75 -98.97 -99.16 -99.31 -99.41 -99.47 -99.53 -99.53 -99.50 -99.47 -99.44 -99.38 -99.31 -99.25 -99.16
-96.19 -96.12 -96.41 -96.59 -96.75 -96.78 -96.72 -96.59 -96.47 -96.38 -96.34 -96.28 -96.19 -96.00 -95.75 -95.47 -95.19 -94.91 -94.41 -93.97 -94.19 -94.78 -95.47 -96.00 -96.38 -96.75 -97.09 -97.44 -97.72 -97.94 -98.12 -98.25 -98.31 -98.38 -98.41 -98.44 -98.44 -98.44 -98.41 -98.38 -98.34 -98.31 -98.31 -98.34 -98.34 -98.34 -98.28 -98.16 -98.00 -97.84 -97.72 -97.81 -98.06 -98.31 -98.53 -98.78 -99.00 -99.19 -99.34 -99.44 -99.50 -99.53 -99.56 -99.53 -99.50 -99.47 -99.41 -99.34 -99.25 -99.16
-95.97 -95.91 -96.12 -96.25 -96.38 -96.41 -96.38 -96.25 -96.09 -96.00 -96.00 -95.97 -95.91 -95.78 -95.56 -95.31 -95.06 -94.81 -94.28 -93.88 -94.28 -94.97 -95.69 -96.12 -96.47 -96.84 -97.19 -97.50 -97.75 -97.97 -98.12 -98.22 -98.25 -98.25 -98.25 -98.25 -98.25 -98.25 -98.22 -98.19 -98.16 -98.12 -98.09 -98.12 -98.16 -98.12 -98.06 -97.94 -97.81 -97.66 -97.50 -97.72 -98.03 -98.28 -98.53 -98.78 -99.00 -99.19 -99.34 -99.44 -99.50 -99.56 -99.56 -99.56 -99.53 -99.50 -99.44 -99.38 -99.28 -99.19
-95.75 -95.69 -95.78 -95.91 -96.00 -96.03 -96.00 -95.91 -95.75 -95.66 -95.66 -95.66 -95.62 -95.53 -95.38 -95.16 -94.94 -94.66 -94.12 -93.94 -94.44 -95.22 -95.88 -96.25 -96.59 -96.94 -97.25 -97.53 -97.78 -97.94 -98.06 -98.16 -98.16 -98.16 -98.12 -98.09 -98.06 -98.06 -98.03 -98.00 -97.94 -97.91 -97.91 -97.91 -97.94 -97.94 -97.84 -97.72 -97.56 -97.41 -97.25 -97.59 -97.94 -98.19 -98.47 -98.75 -98.97 -99.16 -99.28 -99.41 -99.50 -99.56 -99.59 -99.59 -99.56 -99.53 -99.47 -99.41 -99.31 -99.22
-95.50 -95.41 -95.44 -95.53 -95.62 -95.66 -95.62 -95.56 -95.44 -95.34 -95.34 -95.34 -95.34 -95.28 -95.16 -95.00 -94.81 -94.53 -94.06 -94.09 -94.69 -95.47 -95.97 -96.31 -96.69 -97.00 -97.31 -97.56 -97.75 -97.91 -98.00 -98.06 -98.06 -98.03 -98.00 -97.94 -97.91 -97.88 -97.84 -97.81 -97.75 -97.69 -97.69 -97.72 -97.75 -97.72 -97.59 -97.47 -97.34 -97.12 -96.97 -97.41 -97.81 -98.09 -98.41 -98.69 -98.91 -99.06 -99.22 -99.34 -99.44 -99.53 -99.56 -99.59 -99.56 -99.53 -99.47 -99.41 -99.31 -99.22
-95.19 -95.09 -95.09 -95.16 -95.22 -95.28 -95.28 -95.22 -95.12 -95.06 -95.06 -95.06 -95.09 -95.06 -94.97 -94.84 -94.69 -94.41 -94.16 -94.41 -95.00 -95.62 -96.06 -96.41 -96.75 -97.06 -97.31 -97.53 -97.69 -97.81 -97.91 -97.94 -97.97 -97.94 -97.88 -97.78 -97.75 -97.69 -97.66 -97.62 -97.56 -97.50 -97.50 -97.53 -97.56 -97.47 -97.38 -97.22 -97.06 -96.75 -96.66 -97.16 -97.66 -97.97 -98.28 -98.56 -98.78 -98.94 -99.09 -99.25 -99.38 -99.47 -99.53 -99.56 -99.56 -99.53 -99.47 -99.41 -99.31 -99.22
-94.88 -94.78 -94.75 -94.81 -94.84 -94.91 -94.91 -94.91 -94.84 -94.81 -94.81 -94.84 -94.88 -94.88 -94.81 -94.72 -94.59 -94.41 -94.50 -94.84 -95.31 -95.75 -96.12 -96.47 -96.81 -97.09 -97.31 -97.47 -97.59 -97.69 -97.78 -97.84 -97.84 -97.81 -97.75 -97.66 -97.59 -97.53 -97.50 -97.44 -97.38 -97.34 -97.34 -97.38 -97.34 -97.28 -97.12 -96.97 -96.75 -96.34 -96.34 -96.94 -97.47 -97.81 -98.12 -98.41 -98.59 -98.78 -98.97 -99.12 -99.28 -99.41 -99.47 -99.50 -99.47 -99.44 -99.41 -99.34 -99.25 -99.16
-94.53 -94.44 -94.41 -94.44 -94.50 -94.53 -94.59 -94.59 -94.59 -94.59 -94.62 -94.66 -94.72 -94.72 -94.72 -94.66 -94.56 -94.59 -94.81 -95.12 -95.47 -95.81 -96.19 -96.53 -96.84 -97.06 -97.22 -97.34 -97.47 -97.56 -97.66 -97.72 -97.72 -97.69 -97.59 -97.53 -97.44 -97.38 -97.31 -97.25 -97.22 -97.19 -97.19 -97.22 -97.19 -97.06 -96.91 -96.72 -96.44 -96.00 -96.03 -96.69 -97.25 -97.59 -97.91 -98.19 -98.41 -98.59 -98.78 -99.00 -99.16 -99.28 -99.38 -99.41 -99.38 -99.34 -99.31 -99.25 -99.16 -99.06
-94.22 -94.12 -94.09 -94.09 -94.16 -94.25 -94.31 -94.38 -94.41 -94.44 -94.50 -94.56 -94.59 -94.62 -94.62 -94.59 -94.62 -94.75 -94.94 -95.19 -95.53 -95.88 -96.22 -96.53 -96.81 -97.00 -97.12 -97.22 -97.31 -97.44 -97.53 -97.59 -97.59 -97.56 -97.47 -97.41 -97.31 -97.25 -97.19 -97.12 -97.06 -97.03 -97.06 -97.06 -97.03 -96.91 -96.72 -96.53 -96.25 -95.78 -95.81 -96.44 -97.00 -97.34 -97.69 -97.94 -98.16 -98.38 -98.62 -98.84 -99.03 -99.19 -99.25 -99.28 -99.25 -99.22 -99.19 -99.12 -99.03 -98.94
