everonasctiles/Tile43,40.asc
ncols 128
nrows 128
xllcorner 0
yllcorner 0
cellsize 2.0
NODATA_value  -9999
[rows 96 to 127 of 128, columns 0 to 70 of 128]
-25.84 -25.94 -26.06 -26.12 -26.09 -26.22 -26.31 -26.44 -26.62 -26.81 -26.94 -27.09 -27.22 -27.31 -27.41 -27.50 -27.62 -27.66 -27.72 -27.72 -27.78 -27.75 -27.84 -28.00 -28.16 -28.19 -28.25 -28.47 -28.59 -28.69 -28.75 -28.84 -28.97 -29.06 -29.12 -29.19 -29.22 -29.25 -29.25 -29.25 -29.22 -29.16 -29.16 -29.16 -29.09 -29.06 -29.00 -28.94 -28.88 -28.78 -28.72 -28.78 -28.81 -28.88 -28.94 -28.97 -29.00 -29.00 -28.97 -28.94 -28.84 -28.66 -28.69 -29.00 -29.34 -29.72 -30.03 -30.31 -30.53 -30.75 -30.94
-25.88 -25.94 -26.03 -26.09 -26.19 -26.28 -26.34 -26.41 -26.53 -26.69 -26.88 -27.06 -27.22 -27.38 -27.44 -27.50 -27.62 -27.72 -27.84 -27.84 -27.91 -27.88 -27.97 -28.09 -28.19 -28.22 -28.31 -28.41 -28.56 -28.69 -28.75 -28.84 -28.97 -29.06 -29.12 -29.16 -29.22 -29.22 -29.22 -29.22 -29.19 -29.09 -29.09 -29.06 -29.00 -29.00 -28.97 -28.94 -28.84 -28.78 -28.75 -28.72 -28.75 -28.81 -28.84 -28.88 -28.91 -28.88 -28.84 -28.78 -28.78 -28.69 -28.69 -29.00 -29.47 -29.81 -30.09 -30.34 -30.59 -30.75 -30.94
-26.00 -26.06 -26.12 -26.12 -26.28 -26.41 -26.47 -26.53 -26.50 -26.56 -26.78 -27.00 -27.19 -27.34 -27.44 -27.53 -27.69 -27.81 -27.88 -27.97 -28.03 -28.06 -28.12 -28.22 -28.25 -28.31 -28.38 -28.41 -28.53 -28.62 -28.75 -28.84 -28.94 -29.03 -29.09 -29.16 -29.19 -29.22 -29.22 -29.19 -29.16 -29.09 -29.03 -28.94 -28.91 -28.91 -28.88 -28.84 -28.81 -28.75 -28.69 -28.62 -28.69 -28.72 -28.72 -28.78 -28.78 -28.72 -28.69 -28.66 -28.72 -28.75 -28.78 -29.03 -29.47 -29.84 -30.09 -30.34 -30.56 -30.75 -30.91
-26.09 -26.12 -26.19 -26.25 -26.38 -26.50 -26.56 -26.66 -26.62 -26.69 -26.81 -27.03 -27.25 -27.44 -27.53 -27.59 -27.75 -27.91 -27.97 -28.09 -28.12 -28.19 -28.22 -28.31 -28.34 -28.41 -28.47 -28.47 -28.47 -28.59 -28.69 -28.84 -28.94 -29.00 -29.03 -29.12 -29.16 -29.19 -29.19 -29.16 -29.12 -29.06 -28.97 -28.88 -28.81 -28.81 -28.78 -28.75 -28.69 -28.66 -28.59 -28.56 -28.59 -28.66 -28.66 -28.69 -28.66 -28.62 -28.62 -28.66 -28.75 -28.84 -28.81 -28.94 -29.34 -29.72 -30.00 -30.28 -30.50 -30.66 -30.84
-26.12 -26.12 -26.22 -26.34 -26.53 -26.62 -26.69 -26.69 -26.78 -26.91 -26.94 -27.06 -27.28 -27.41 -27.53 -27.62 -27.78 -27.97 -28.06 -28.19 -28.28 -28.31 -28.41 -28.44 -28.50 -28.53 -28.56 -28.47 -28.44 -28.62 -28.72 -28.84 -28.91 -28.97 -29.03 -29.09 -29.12 -29.16 -29.16 -29.12 -29.09 -29.03 -28.94 -28.88 -28.75 -28.69 -28.69 -28.69 -28.59 -28.59 -28.53 -28.44 -28.47 -28.53 -28.53 -28.53 -28.50 -28.53 -28.56 -28.59 -28.72 -28.78 -28.88 -28.97 -29.19 -29.47 -29.81 -30.12 -30.34 -30.50 -30.66
-26.19 -26.09 -26.16 -26.38 -26.53 -26.59 -26.72 -26.78 -26.94 -27.16 -27.22 -27.28 -27.44 -27.47 -27.50 -27.62 -27.81 -27.97 -28.16 -28.31 -28.41 -28.50 -28.56 -28.59 -28.66 -28.66 -28.66 -28.56 -28.53 -28.69 -28.81 -28.88 -28.91 -28.97 -28.97 -29.06 -29.12 -29.12 -29.12 -29.09 -29.06 -29.00 -28.91 -28.78 -28.66 -28.62 -28.59 -28.56 -28.56 -28.53 -28.50 -28.44 -28.41 -28.41 -28.41 -28.38 -28.44 -28.50 -28.50 -28.53 -28.59 -28.75 -28.88 -29.00 -29.09 -29.31 -29.62 -29.91 -30.09 -30.22 -30.44
-26.31 -26.22 -26.31 -26.44 -26.53 -26.62 -26.78 -26.94 -27.12 -27.31 -27.38 -27.44 -27.59 -27.72 -27.72 -27.75 -27.88 -28.09 -28.25 -28.41 -28.50 -28.59 -28.66 -28.75 -28.81 -28.81 -28.75 -28.66 -28.69 -28.78 -28.88 -28.91 -28.91 -28.97 -29.00 -29.06 -29.09 -29.12 -29.09 -29.09 -29.03 -28.97 -28.91 -28.78 -28.66 -28.59 -28.53 -28.50 -28.53 -28.50 -28.44 -28.41 -28.38 -28.31 -28.22 -28.25 -28.34 -28.41 -28.38 -28.41 -28.56 -28.72 -28.84 -28.91 -28.97 -29.12 -29.38 -29.69 -29.84 -29.97 -30.22
-26.41 -26.41 -26.53 -26.62 -26.75 -26.84 -26.97 -27.12 -27.25 -27.34 -27.41 -27.47 -27.69 -27.84 -27.88 -27.94 -28.09 -28.22 -28.34 -28.47 -28.59 -28.66 -28.78 -28.91 -28.97 -28.97 -28.84 -28.78 -28.81 -28.88 -28.94 -28.94 -28.94 -29.00 -29.03 -29.06 -29.06 -29.09 -29.06 -29.06 -29.03 -28.97 -28.91 -28.81 -28.69 -28.59 -28.56 -28.50 -28.47 -28.38 -28.31 -28.31 -28.31 -28.25 -28.12 -28.16 -28.25 -28.28 -28.22 -28.25 -28.47 -28.66 -28.78 -28.88 -28.94 -28.97 -29.16 -29.44 -29.72 -29.81 -30.00
-26.38 -26.41 -26.59 -26.78 -27.00 -27.16 -27.22 -27.28 -27.34 -27.44 -27.50 -27.59 -27.78 -27.94 -28.03 -28.16 -28.28 -28.34 -28.41 -28.56 -28.66 -28.75 -28.91 -29.03 -29.09 -29.09 -29.03 -29.00 -28.94 -28.94 -29.03 -29.03 -29.00 -29.06 -29.09 -29.09 -29.06 -29.06 -29.06 -29.06 -29.03 -29.00 -28.97 -28.88 -28.78 -28.69 -28.59 -28.53 -28.44 -28.31 -28.25 -28.22 -28.22 -28.16 -28.06 -28.09 -28.12 -28.06 -28.00 -28.03 -28.22 -28.47 -28.69 -28.84 -28.88 -28.78 -28.94 -29.25 -29.53 -29.72 -29.81
-26.50 -26.53 -26.75 -27.00 -27.22 -27.41 -27.47 -27.47 -27.56 -27.62 -27.66 -27.78 -27.97 -28.09 -28.25 -28.38 -28.44 -28.47 -28.50 -28.66 -28.78 -28.91 -29.00 -29.12 -29.19 -29.22 -29.19 -29.16 -29.09 -29.09 -29.12 -29.06 -29.06 -29.16 -29.19 -29.16 -29.06 -29.06 -29.09 -29.09 -29.06 -29.06 -29.00 -28.94 -28.88 -28.78 -28.66 -28.53 -28.47 -28.38 -28.22 -28.16 -28.12 -28.06 -28.00 -27.97 -27.97 -27.94 -27.91 -27.91 -28.06 -28.31 -28.53 -28.72 -28.75 -28.62 -28.75 -29.06 -29.38 -29.56 -29.59
-26.94 -26.97 -27.06 -27.12 -27.31 -27.56 -27.66 -27.69 -27.81 -27.94 -28.00 -28.06 -28.19 -28.28 -28.44 -28.56 -28.62 -28.62 -28.66 -28.78 -28.91 -29.00 -29.09 -29.19 -29.28 -29.34 -29.34 -29.31 -29.25 -29.28 -29.25 -29.16 -29.09 -29.19 -29.25 -29.22 -29.16 -29.09 -29.16 -29.16 -29.12 -29.09 -29.06 -29.00 -28.94 -28.81 -28.69 -28.59 -28.50 -28.41 -28.28 -28.19 -28.09 -27.97 -27.88 -27.84 -27.81 -27.84 -27.91 -27.78 -27.91 -28.16 -28.41 -28.56 -28.62 -28.59 -28.62 -28.91 -29.25 -29.38 -29.38
-27.31 -27.31 -27.31 -27.31 -27.44 -27.62 -27.75 -27.88 -28.06 -28.12 -28.25 -28.38 -28.44 -28.53 -28.66 -28.78 -28.84 -28.84 -28.84 -28.91 -28.97 -29.09 -29.16 -29.25 -29.41 -29.44 -29.47 -29.47 -29.44 -29.44 -29.44 -29.38 -29.25 -29.28 -29.34 -29.31 -29.25 -29.22 -29.25 -29.22 -29.22 -29.19 -29.12 -29.06 -29.00 -28.88 -28.72 -28.62 -28.50 -28.41 -28.34 -28.25 -28.12 -27.91 -27.69 -27.69 -27.72 -27.78 -27.81 -27.72 -27.84 -28.06 -28.25 -28.41 -28.47 -28.53 -28.62 -28.75 -29.03 -29.19 -29.19
-27.50 -27.50 -27.53 -27.50 -27.53 -27.66 -27.88 -28.09 -28.22 -28.25 -28.38 -28.53 -28.66 -28.81 -28.94 -29.00 -29.06 -29.03 -29.03 -29.00 -29.09 -29.19 -29.19 -29.31 -29.47 -29.59 -29.66 -29.66 -29.62 -29.62 -29.62 -29.59 -29.53 -29.50 -29.50 -29.41 -29.34 -29.34 -29.34 -29.31 -29.25 -29.22 -29.19 -29.12 -29.06 -28.94 -28.75 -28.59 -28.47 -28.34 -28.34 -28.22 -28.06 -27.81 -27.59 -27.53 -27.47 -27.53 -27.66 -27.66 -27.84 -28.00 -28.09 -28.16 -28.22 -28.41 -28.44 -28.47 -28.75 -29.00 -29.09
-27.66 -27.69 -27.72 -27.72 -27.69 -27.78 -27.97 -28.19 -28.31 -28.41 -28.56 -28.69 -28.81 -29.00 -29.16 -29.25 -29.31 -29.28 -29.22 -29.19 -29.22 -29.25 -29.19 -29.41 -29.59 -29.72 -29.78 -29.84 -29.84 -29.81 -29.78 -29.81 -29.75 -29.69 -29.62 -29.53 -29.47 -29.47 -29.41 -29.38 -29.31 -29.28 -29.25 -29.19 -29.09 -28.97 -28.75 -28.53 -28.34 -28.31 -28.28 -28.12 -27.91 -27.75 -27.66 -27.53 -27.41 -27.47 -27.62 -27.66 -27.75 -27.88 -27.91 -27.75 -27.97 -28.19 -28.31 -28.22 -28.44 -28.75 -28.94
-27.78 -27.84 -27.88 -27.91 -27.84 -27.94 -28.06 -28.22 -28.34 -28.56 -28.75 -28.88 -29.00 -29.22 -29.38 -29.47 -29.56 -29.56 -29.47 -29.41 -29.34 -29.34 -29.28 -29.47 -29.69 -29.84 -29.94 -30.00 -30.03 -30.00 -29.97 -29.94 -29.94 -29.88 -29.72 -29.59 -29.59 -29.59 -29.50 -29.44 -29.41 -29.38 -29.34 -29.25 -29.16 -29.00 -28.72 -28.47 -28.34 -28.31 -28.22 -28.06 -27.81 -27.62 -27.59 -27.53 -27.53 -27.50 -27.59 -27.66 -27.69 -27.66 -27.59 -27.59 -27.81 -28.06 -28.12 -28.16 -28.19 -28.47 -28.78
-27.84 -27.94 -28.00 -28.00 -28.03 -28.16 -28.25 -28.34 -28.47 -28.72 -28.91 -29.09 -29.25 -29.41 -29.53 -29.66 -29.75 -29.78 -29.72 -29.66 -29.59 -29.53 -29.53 -29.59 -29.81 -29.97 -30.06 -30.16 -30.16 -30.16 -30.12 -30.09 -30.06 -30.03 -29.91 -29.75 -29.72 -29.72 -29.59 -29.53 -29.50 -29.47 -29.41 -29.31 -29.19 -29.06 -28.75 -28.53 -28.34 -28.28 -28.16 -28.06 -27.91 -27.75 -27.72 -27.69 -27.59 -27.56 -27.62 -27.62 -27.56 -27.44 -27.47 -27.59 -27.81 -27.94 -28.03 -28.16 -28.16 -28.25 -28.56
-27.91 -27.91 -27.97 -28.06 -28.16 -28.34 -28.50 -28.56 -28.72 -28.91 -29.03 -29.25 -29.44 -29.56 -29.66 -29.75 -29.88 -29.94 -29.91 -29.88 -29.84 -29.81 -29.81 -29.84 -30.00 -30.16 -30.22 -30.28 -30.31 -30.28 -30.28 -30.28 -30.22 -30.12 -30.03 -29.97 -29.91 -29.81 -29.72 -29.66 -29.62 -29.59 -29.50 -29.41 -29.28 -29.12 -28.94 -28.72 -28.59 -28.41 -28.19 -28.00 -27.91 -27.84 -27.75 -27.69 -27.66 -27.69 -27.69 -27.69 -27.66 -27.56 -27.53 -27.62 -27.78 -27.84 -27.94 -28.09 -28.19 -28.16 -28.41
-28.03 -27.94 -28.00 -28.19 -28.38 -28.50 -28.78 -28.88 -29.00 -29.12 -29.25 -29.41 -29.56 -29.72 -29.78 -29.91 -30.03 -30.09 -30.06 -30.16 -30.16 -30.03 -30.03 -30.09 -30.19 -30.28 -30.38 -30.44 -30.47 -30.47 -30.44 -30.44 -30.34 -30.28 -30.22 -30.12 -30.06 -29.97 -29.84 -29.75 -29.72 -29.69 -29.59 -29.50 -29.34 -29.25 -29.09 -28.94 -28.75 -28.59 -28.25 -28.09 -28.12 -28.03 -27.88 -27.75 -27.75 -27.72 -27.72 -27.78 -27.75 -27.75 -27.78 -27.75 -27.78 -27.81 -27.94 -28.03 -28.09 -28.03 -28.19
-28.31 -28.19 -28.12 -28.28 -28.56 -28.69 -28.94 -29.03 -29.19 -29.31 -29.47 -29.56 -29.69 -29.81 -29.94 -30.06 -30.22 -30.31 -30.34 -30.41 -30.44 -30.31 -30.31 -30.28 -30.41 -30.50 -30.53 -30.62 -30.66 -30.66 -30.66 -30.66 -30.56 -30.47 -30.38 -30.22 -30.16 -30.09 -30.00 -29.88 -29.81 -29.78 -29.69 -29.56 -29.47 -29.38 -29.25 -29.06 -28.88 -28.66 -28.44 -28.34 -28.34 -28.22 -28.03 -27.91 -27.91 -27.78 -27.75 -27.78 -27.88 -27.91 -27.94 -27.88 -27.78 -27.81 -27.88 -27.94 -27.91 -27.84 -27.91
-28.53 -28.53 -28.41 -28.38 -28.62 -28.94 -29.09 -29.16 -29.31 -29.59 -29.72 -29.78 -29.84 -29.94 -30.03 -30.16 -30.31 -30.47 -30.59 -30.66 -30.69 -30.66 -30.56 -30.44 -30.59 -30.69 -30.78 -30.88 -30.94 -30.94 -30.91 -30.84 -30.75 -30.62 -30.44 -30.19 -30.16 -30.12 -30.09 -30.03 -30.00 -29.91 -29.81 -29.69 -29.53 -29.44 -29.34 -29.22 -29.03 -28.91 -28.72 -28.62 -28.59 -28.44 -28.22 -28.06 -28.03 -28.00 -27.94 -27.91 -28.00 -28.03 -28.03 -27.97 -27.81 -27.78 -27.81 -27.84 -27.78 -27.75 -27.75
-28.78 -28.84 -28.72 -28.62 -28.78 -29.16 -29.38 -29.50 -29.59 -29.84 -30.03 -30.09 -30.09 -30.16 -30.19 -30.22 -30.44 -30.66 -30.84 -30.91 -30.94 -30.94 -30.88 -30.72 -30.78 -30.88 -30.97 -31.06 -31.16 -31.19 -31.12 -31.06 -30.91 -30.78 -30.56 -30.41 -30.31 -30.25 -30.19 -30.22 -30.19 -30.09 -29.94 -29.81 -29.72 -29.62 -29.56 -29.44 -29.28 -29.19 -29.03 -28.91 -28.78 -28.66 -28.47 -28.34 -28.22 -28.19 -28.09 -28.03 -28.06 -28.12 -28.09 -28.00 -27.88 -27.81 -27.78 -27.78 -27.75 -27.66 -27.69
-29.06 -29.09 -29.06 -28.94 -29.03 -29.38 -29.59 -29.78 -29.91 -30.06 -30.25 -30.34 -30.41 -30.41 -30.44 -30.50 -30.69 -30.88 -31.06 -31.16 -31.19 -31.22 -31.22 -31.09 -30.97 -31.06 -31.12 -31.28 -31.38 -31.41 -31.34 -31.25 -31.12 -31.03 -30.91 -30.78 -30.62 -30.53 -30.47 -30.44 -30.41 -30.28 -30.09 -30.00 -29.91 -29.84 -29.81 -29.72 -29.53 -29.34 -29.22 -29.12 -29.00 -28.91 -28.72 -28.62 -28.47 -28.34 -28.25 -28.16 -28.12 -28.19 -28.09 -28.03 -27.94 -27.91 -27.84 -27.81 -27.78 -27.62 -27.59
-29.31 -29.31 -29.31 -29.19 -29.28 -29.53 -29.84 -30.09 -30.25 -30.34 -30.50 -30.62 -30.69 -30.72 -30.72 -30.78 -30.91 -31.09 -31.28 -31.38 -31.44 -31.47 -31.47 -31.44 -31.31 -31.28 -31.38 -31.56 -31.62 -31.59 -31.53 -31.50 -31.41 -31.34 -31.25 -31.12 -31.00 -30.94 -30.81 -30.66 -30.59 -30.47 -30.31 -30.19 -30.16 -30.12 -30.09 -29.97 -29.75 -29.47 -29.38 -29.31 -29.22 -29.16 -29.00 -28.91 -28.72 -28.53 -28.44 -28.22 -28.22 -28.22 -28.16 -28.06 -28.03 -27.97 -27.94 -27.88 -27.75 -27.66 -27.56
-29.59 -29.56 -29.56 -29.44 -29.44 -29.72 -30.06 -30.34 -30.53 -30.69 -30.81 -30.94 -31.00 -31.03 -31.03 -31.03 -31.09 -31.31 -31.50 -31.59 -31.69 -31.72 -31.72 -31.75 -31.69 -31.66 -31.72 -31.84 -31.88 -31.84 -31.78 -31.72 -31.69 -31.62 -31.59 -31.50 -31.38 -31.25 -31.12 -31.00 -30.88 -30.69 -30.53 -30.47 -30.44 -30.41 -30.34 -30.16 -29.94 -29.62 -29.56 -29.53 -29.44 -29.38 -29.25 -29.16 -28.97 -28.75 -28.56 -28.38 -28.31 -28.28 -28.22 -28.16 -28.12 -28.03 -28.00 -27.88 -27.78 -27.66 -27.47
-29.97 -29.94 -29.81 -29.62 -29.69 -30.00 -30.31 -30.59 -30.81 -31.00 -31.12 -31.22 -31.28 -31.31 -31.31 -31.34 -31.44 -31.56 -31.72 -31.81 -31.91 -31.94 -31.97 -32.00 -32.00 -32.06 -32.12 -32.16 -32.16 -32.09 -32.00 -31.94 -31.94 -31.91 -31.84 -31.78 -31.69 -31.53 -31.38 -31.31 -31.12 -30.97 -30.81 -30.78 -30.72 -30.66 -30.56 -30.38 -30.12 -29.84 -29.81 -29.69 -29.62 -29.53 -29.41 -29.34 -29.16 -28.97 -28.72 -28.47 -28.38 -28.31 -28.28 -28.25 -28.19 -28.12 -28.03 -27.91 -27.81 -27.62 -27.44
-30.38 -30.31 -30.16 -30.00 -30.06 -30.31 -30.59 -30.88 -31.09 -31.25 -31.41 -31.50 -31.56 -31.59 -31.62 -31.69 -31.78 -31.84 -31.91 -32.03 -32.12 -32.16 -32.22 -32.25 -32.31 -32.38 -32.44 -32.47 -32.44 -32.38 -32.25 -32.16 -32.16 -32.16 -32.12 -32.06 -31.94 -31.81 -31.69 -31.59 -31.41 -31.19 -31.06 -31.03 -31.00 -30.94 -30.78 -30.59 -30.41 -30.16 -30.12 -29.97 -29.81 -29.69 -29.53 -29.47 -29.31 -29.09 -28.84 -28.66 -28.56 -28.41 -28.34 -28.31 -28.25 -28.16 -28.03 -27.94 -27.84 -27.62 -27.50
-30.72 -30.66 -30.53 -30.44 -30.44 -30.59 -30.84 -31.12 -31.34 -31.53 -31.66 -31.78 -31.84 -31.84 -31.91 -32.00 -32.06 -32.09 -32.16 -32.25 -32.34 -32.41 -32.47 -32.53 -32.62 -32.69 -32.72 -32.75 -32.72 -32.66 -32.56 -32.41 -32.38 -32.38 -32.38 -32.31 -32.22 -32.09 -31.97 -31.88 -31.69 -31.44 -31.34 -31.31 -31.28 -31.19 -31.03 -30.84 -30.66 -30.44 -30.38 -30.25 -30.09 -29.91 -29.72 -29.62 -29.44 -29.19 -29.00 -28.81 -28.66 -28.50 -28.41 -28.34 -28.25 -28.16 -28.06 -28.00 -27.88 -27.66 -27.53
-31.03 -30.94 -30.94 -30.88 -30.84 -30.88 -31.09 -31.34 -31.56 -31.75 -31.94 -32.03 -32.09 -32.12 -32.19 -32.28 -32.38 -32.44 -32.47 -32.56 -32.62 -32.66 -32.75 -32.81 -32.91 -32.97 -33.00 -33.03 -33.00 -32.94 -32.84 -32.69 -32.62 -32.62 -32.59 -32.56 -32.47 -32.34 -32.25 -32.12 -31.97 -31.81 -31.69 -31.62 -31.53 -31.44 -31.31 -31.09 -30.88 -30.72 -30.62 -30.53 -30.34 -30.12 -29.97 -29.81 -29.56 -29.25 -29.09 -29.00 -28.81 -28.62 -28.47 -28.38 -28.25 -28.16 -28.03 -27.97 -27.88 -27.66 -27.56
-31.34 -31.25 -31.25 -31.28 -31.25 -31.28 -31.41 -31.59 -31.81 -32.03 -32.22 -32.31 -32.38 -32.38 -32.44 -32.56 -32.62 -32.72 -32.81 -32.91 -32.94 -33.00 -33.03 -33.09 -33.19 -33.25 -33.28 -33.31 -33.28 -33.22 -33.12 -33.03 -32.91 -32.88 -32.84 -32.81 -32.72 -32.59 -32.47 -32.34 -32.25 -32.16 -32.06 -32.00 -31.91 -31.75 -31.56 -31.31 -31.09 -31.03 -30.94 -30.81 -30.59 -30.38 -30.19 -30.00 -29.72 -29.41 -29.19 -29.16 -28.94 -28.72 -28.53 -28.41 -28.31 -28.22 -28.09 -27.97 -27.78 -27.66 -27.56
-31.66 -31.59 -31.59 -31.62 -31.62 -31.66 -31.75 -31.84 -32.00 -32.28 -32.47 -32.59 -32.66 -32.69 -32.72 -32.81 -32.94 -33.06 -33.12 -33.22 -33.25 -33.28 -33.34 -33.41 -33.47 -33.50 -33.53 -33.56 -33.56 -33.50 -33.41 -33.31 -33.22 -33.16 -33.12 -33.06 -32.97 -32.81 -32.69 -32.59 -32.50 -32.44 -32.38 -32.28 -32.19 -32.00 -31.78 -31.53 -31.34 -31.28 -31.19 -31.03 -30.78 -30.53 -30.34 -30.16 -29.88 -29.53 -29.25 -29.25 -29.00 -28.78 -28.62 -28.47 -28.41 -28.28 -28.12 -27.94 -27.69 -27.59 -27.56
-31.91 -31.94 -31.94 -32.00 -32.03 -32.03 -32.06 -32.09 -32.28 -32.53 -32.75 -32.88 -32.91 -33.03 -33.09 -33.19 -33.25 -33.34 -33.44 -33.50 -33.56 -33.59 -33.66 -33.69 -33.75 -33.78 -33.81 -33.81 -33.81 -33.78 -33.72 -33.62 -33.53 -33.44 -33.38 -33.31 -33.19 -33.03 -32.91 -32.84 -32.78 -32.72 -32.66 -32.56 -32.44 -32.25 -32.00 -31.78 -31.66 -31.56 -31.41 -31.22 -31.00 -30.78 -30.59 -30.34 -30.06 -29.75 -29.44 -29.25 -29.03 -28.84 -28.75 -28.62 -28.56 -28.44 -28.25 -28.00 -27.72 -27.62 -27.56
-32.22 -32.19 -32.28 -32.34 -32.41 -32.44 -32.44 -32.50 -32.66 -32.88 -33.06 -33.22 -33.22 -33.38 -33.44 -33.50 -33.56 -33.66 -33.75 -33.81 -33.88 -33.91 -33.97 -34.00 -34.03 -34.06 -34.09 -34.09 -34.09 -34.06 -34.00 -33.91 -33.81 -33.75 -33.66 -33.53 -33.41 -33.25 -33.16 -33.09 -33.03 -33.00 -32.94 -32.81 -32.66 -32.50 -32.31 -32.16 -32.00 -31.81 -31.59 -31.41 -31.22 -31.06 -30.84 -30.56 -30.28 -30.03 -29.69 -29.41 -29.22 -29.03 -28.84 -28.78 -28.66 -28.50 -28.34 -28.12 -27.94 -27.81 -27.72
