everonasctiles/Tile48,23.asc
ncols 128
nrows 128
xllcorner 0
yllcorner 0
cellsize 2.0
NODATA_value  -9999
[rows 29 to 57 of 128, columns 0 to 66 of 128]
-116.69 -117.09 -117.50 -117.81 -118.03 -118.16 -118.19 -118.19 -118.31 -118.53 -118.62 -118.72 -118.81 -118.88 -118.88 -118.81 -118.69 -118.69 -118.84 -119.22 -119.75 -120.22 -120.59 -120.88 -121.09 -121.25 -121.41 -121.56 -121.75 -122.03 -122.44 -122.94 -123.53 -124.12 -124.78 -125.38 -125.81 -126.16 -126.47 -126.78 -127.25 -127.88 -128.50 -129.06 -129.59 -130.16 -130.72 -131.38 -132.03 -132.62 -133.22 -133.72 -134.19 -134.62 -135.09 -135.75 -136.47 -137.09 -137.56 -137.94 -138.25 -138.53 -138.91 -139.44 -139.94 -140.44 -140.88
-116.66 -116.97 -117.25 -117.44 -117.53 -117.50 -117.38 -117.25 -117.53 -117.84 -117.97 -118.09 -118.12 -118.12 -118.09 -118.03 -118.09 -118.31 -118.78 -119.25 -119.72 -120.06 -120.34 -120.56 -120.69 -120.88 -121.06 -121.25 -121.44 -121.72 -122.09 -122.59 -123.19 -123.78 -124.38 -124.84 -125.19 -125.44 -125.72 -126.28 -127.00 -127.69 -128.31 -128.88 -129.41 -129.97 -130.53 -131.12 -131.69 -132.19 -132.66 -133.09 -133.50 -133.91 -134.47 -135.25 -136.03 -136.66 -137.09 -137.50 -137.91 -138.41 -138.94 -139.47 -139.94 -140.38 -140.78
-116.53 -116.78 -116.97 -117.06 -117.03 -116.88 -116.56 -116.50 -116.84 -117.19 -117.34 -117.44 -117.41 -117.44 -117.53 -117.72 -118.06 -118.44 -118.84 -119.22 -119.56 -119.84 -120.03 -120.16 -120.31 -120.50 -120.69 -120.91 -121.09 -121.34 -121.72 -122.22 -122.81 -123.38 -123.88 -124.25 -124.50 -124.75 -125.34 -126.12 -126.84 -127.47 -128.06 -128.59 -129.12 -129.66 -130.19 -130.69 -131.16 -131.56 -131.97 -132.34 -132.66 -133.22 -134.00 -134.81 -135.59 -136.25 -136.84 -137.41 -137.97 -138.56 -139.06 -139.53 -139.97 -140.38 -140.78
-116.34 -116.56 -116.69 -116.69 -116.59 -116.38 -116.06 -116.00 -116.34 -116.62 -116.75 -116.78 -116.88 -117.12 -117.41 -117.72 -118.06 -118.41 -118.78 -119.09 -119.38 -119.56 -119.69 -119.78 -119.91 -120.12 -120.34 -120.53 -120.72 -120.94 -121.31 -121.84 -122.41 -122.94 -123.34 -123.66 -123.94 -124.50 -125.25 -125.97 -126.59 -127.19 -127.72 -128.22 -128.72 -129.19 -129.66 -130.09 -130.50 -130.88 -131.19 -131.44 -132.06 -132.94 -133.88 -134.78 -135.59 -136.28 -136.94 -137.56 -138.12 -138.66 -139.12 -139.56 -139.94 -140.34 -140.75
-116.16 -116.31 -116.38 -116.38 -116.25 -116.09 -115.88 -115.75 -116.00 -116.19 -116.28 -116.41 -116.69 -116.97 -117.31 -117.62 -117.97 -118.31 -118.59 -118.88 -119.09 -119.22 -119.31 -119.38 -119.53 -119.75 -119.97 -120.16 -120.34 -120.56 -120.97 -121.47 -122.00 -122.44 -122.81 -123.16 -123.69 -124.38 -125.03 -125.69 -126.22 -126.72 -127.22 -127.72 -128.22 -128.66 -129.09 -129.50 -129.84 -130.12 -130.31 -130.97 -131.94 -133.06 -134.12 -134.97 -135.72 -136.41 -137.06 -137.62 -138.16 -138.62 -139.06 -139.47 -139.88 -140.28 -140.69
-115.94 -116.06 -116.12 -116.09 -116.00 -115.84 -115.72 -115.59 -115.75 -115.88 -116.03 -116.25 -116.53 -116.84 -117.16 -117.50 -117.81 -118.09 -118.38 -118.62 -118.78 -118.91 -118.97 -119.03 -119.22 -119.41 -119.59 -119.78 -119.97 -120.22 -120.66 -121.09 -121.56 -121.97 -122.34 -122.84 -123.44 -124.06 -124.66 -125.19 -125.69 -126.16 -126.69 -127.22 -127.69 -128.09 -128.50 -128.88 -129.19 -129.34 -129.84 -130.84 -132.09 -133.25 -134.16 -134.97 -135.72 -136.41 -137.03 -137.59 -138.06 -138.47 -138.84 -139.25 -139.66 -140.09 -140.59
-115.69 -115.81 -115.84 -115.84 -115.78 -115.66 -115.53 -115.44 -115.50 -115.66 -115.84 -116.09 -116.38 -116.69 -117.00 -117.31 -117.59 -117.88 -118.12 -118.34 -118.50 -118.59 -118.66 -118.72 -118.88 -119.03 -119.22 -119.38 -119.59 -119.88 -120.28 -120.72 -121.09 -121.50 -121.97 -122.50 -123.06 -123.62 -124.12 -124.59 -125.06 -125.59 -126.19 -126.69 -127.12 -127.53 -127.94 -128.28 -128.56 -128.81 -129.66 -130.91 -132.19 -133.19 -134.03 -134.84 -135.59 -136.28 -136.84 -137.34 -137.75 -138.12 -138.50 -138.94 -139.38 -139.88 -140.41
-115.44 -115.56 -115.59 -115.59 -115.56 -115.47 -115.38 -115.28 -115.34 -115.50 -115.72 -115.97 -116.25 -116.53 -116.81 -117.12 -117.41 -117.66 -117.91 -118.06 -118.19 -118.28 -118.34 -118.44 -118.56 -118.69 -118.84 -119.00 -119.19 -119.50 -119.91 -120.31 -120.69 -121.09 -121.59 -122.09 -122.62 -123.09 -123.56 -124.00 -124.53 -125.12 -125.69 -126.19 -126.59 -127.00 -127.38 -127.72 -127.94 -128.50 -129.59 -130.94 -132.03 -132.97 -133.81 -134.59 -135.34 -135.97 -136.47 -136.91 -137.28 -137.69 -138.09 -138.56 -139.06 -139.62 -140.16
-115.22 -115.31 -115.38 -115.41 -115.38 -115.31 -115.22 -115.16 -115.25 -115.44 -115.62 -115.88 -116.16 -116.41 -116.69 -116.97 -117.22 -117.47 -117.66 -117.81 -117.91 -117.97 -118.03 -118.12 -118.25 -118.34 -118.47 -118.59 -118.78 -119.09 -119.50 -119.91 -120.28 -120.72 -121.19 -121.69 -122.16 -122.59 -123.06 -123.59 -124.16 -124.72 -125.25 -125.69 -126.09 -126.47 -126.84 -127.16 -127.50 -128.34 -129.53 -130.75 -131.75 -132.62 -133.47 -134.25 -134.94 -135.50 -135.97 -136.38 -136.81 -137.22 -137.66 -138.16 -138.69 -139.28 -139.88
-115.00 -115.09 -115.16 -115.19 -115.19 -115.16 -115.09 -115.09 -115.22 -115.38 -115.59 -115.84 -116.09 -116.34 -116.59 -116.84 -117.09 -117.28 -117.47 -117.56 -117.62 -117.69 -117.78 -117.84 -117.94 -118.00 -118.09 -118.19 -118.38 -118.72 -119.16 -119.56 -119.97 -120.41 -120.84 -121.28 -121.75 -122.25 -122.75 -123.28 -123.81 -124.31 -124.78 -125.22 -125.59 -125.97 -126.31 -126.62 -127.16 -128.12 -129.41 -130.47 -131.38 -132.25 -133.06 -133.78 -134.41 -134.94 -135.44 -135.88 -136.31 -136.75 -137.19 -137.66 -138.22 -138.91 -139.53
-114.81 -114.91 -114.97 -115.00 -115.03 -115.00 -115.00 -115.03 -115.16 -115.34 -115.56 -115.81 -116.06 -116.31 -116.53 -116.75 -116.97 -117.12 -117.25 -117.31 -117.38 -117.44 -117.50 -117.56 -117.62 -117.69 -117.72 -117.81 -118.03 -118.47 -118.88 -119.28 -119.72 -120.12 -120.56 -121.00 -121.47 -121.94 -122.44 -122.91 -123.41 -123.88 -124.34 -124.75 -125.12 -125.44 -125.75 -126.09 -126.84 -127.94 -129.12 -130.12 -130.97 -131.78 -132.53 -133.19 -133.81 -134.41 -134.91 -135.38 -135.78 -136.16 -136.53 -136.91 -137.66 -138.44 -139.16
-114.59 -114.72 -114.78 -114.81 -114.84 -114.84 -114.88 -114.94 -115.09 -115.28 -115.50 -115.75 -116.03 -116.28 -116.47 -116.66 -116.81 -116.94 -117.03 -117.06 -117.09 -117.16 -117.22 -117.31 -117.34 -117.38 -117.41 -117.50 -117.84 -118.25 -118.66 -119.06 -119.50 -119.91 -120.34 -120.75 -121.19 -121.62 -122.06 -122.53 -123.00 -123.47 -123.91 -124.28 -124.62 -124.91 -125.16 -125.69 -126.59 -127.75 -128.78 -129.66 -130.47 -131.22 -131.94 -132.62 -133.28 -133.88 -134.41 -134.81 -135.19 -135.47 -135.62 -136.12 -137.09 -138.00 -138.72
-114.41 -114.50 -114.56 -114.62 -114.66 -114.66 -114.72 -114.81 -114.97 -115.16 -115.41 -115.69 -115.94 -116.19 -116.38 -116.53 -116.66 -116.75 -116.78 -116.81 -116.84 -116.88 -116.94 -117.03 -117.06 -117.09 -117.16 -117.34 -117.69 -118.06 -118.47 -118.88 -119.31 -119.72 -120.09 -120.47 -120.88 -121.25 -121.69 -122.12 -122.59 -123.06 -123.47 -123.81 -124.12 -124.34 -124.69 -125.44 -126.41 -127.44 -128.34 -129.16 -129.91 -130.66 -131.41 -132.12 -132.81 -133.38 -133.84 -134.19 -134.47 -134.59 -134.78 -135.66 -136.69 -137.53 -138.16
-114.19 -114.28 -114.34 -114.41 -114.44 -114.47 -114.53 -114.62 -114.81 -115.03 -115.28 -115.56 -115.81 -116.03 -116.22 -116.34 -116.44 -116.53 -116.53 -116.56 -116.56 -116.59 -116.66 -116.75 -116.81 -116.84 -116.97 -117.19 -117.53 -117.91 -118.28 -118.69 -119.09 -119.50 -119.84 -120.16 -120.50 -120.84 -121.31 -121.78 -122.22 -122.66 -123.03 -123.38 -123.62 -123.88 -124.47 -125.31 -126.25 -127.09 -127.91 -128.69 -129.44 -130.22 -130.97 -131.69 -132.28 -132.78 -133.16 -133.47 -133.66 -133.75 -134.38 -135.38 -136.25 -136.97 -137.44
-113.94 -114.06 -114.12 -114.19 -114.22 -114.25 -114.31 -114.41 -114.59 -114.84 -115.12 -115.41 -115.66 -115.84 -116.03 -116.16 -116.22 -116.28 -116.28 -116.28 -116.28 -116.31 -116.41 -116.47 -116.56 -116.66 -116.81 -117.06 -117.38 -117.72 -118.12 -118.50 -118.88 -119.22 -119.53 -119.81 -120.09 -120.47 -120.97 -121.44 -121.88 -122.28 -122.62 -122.94 -123.19 -123.69 -124.47 -125.25 -126.00 -126.75 -127.53 -128.28 -129.03 -129.78 -130.50 -131.12 -131.66 -132.09 -132.47 -132.69 -132.84 -133.28 -134.16 -134.97 -135.69 -136.19 -136.53
-113.72 -113.81 -113.91 -113.97 -114.00 -114.00 -114.03 -114.12 -114.34 -114.62 -114.91 -115.19 -115.44 -115.62 -115.78 -115.91 -116.00 -116.03 -116.03 -116.00 -116.00 -116.03 -116.12 -116.22 -116.31 -116.47 -116.66 -116.94 -117.25 -117.59 -117.94 -118.31 -118.66 -118.94 -119.19 -119.44 -119.75 -120.16 -120.62 -121.09 -121.50 -121.91 -122.25 -122.56 -123.03 -123.69 -124.38 -125.03 -125.72 -126.44 -127.16 -127.88 -128.59 -129.31 -129.97 -130.53 -131.03 -131.44 -131.75 -131.94 -132.28 -133.00 -133.75 -134.44 -134.94 -135.22 -135.03
-113.47 -113.59 -113.69 -113.72 -113.75 -113.72 -113.72 -113.75 -113.97 -114.34 -114.66 -114.94 -115.19 -115.38 -115.53 -115.66 -115.72 -115.75 -115.75 -115.72 -115.72 -115.78 -115.88 -116.00 -116.12 -116.31 -116.53 -116.81 -117.09 -117.44 -117.78 -118.09 -118.41 -118.66 -118.88 -119.16 -119.50 -119.91 -120.38 -120.81 -121.22 -121.62 -122.03 -122.47 -123.03 -123.59 -124.19 -124.78 -125.41 -126.06 -126.75 -127.44 -128.09 -128.78 -129.38 -129.94 -130.41 -130.75 -131.03 -131.38 -131.97 -132.62 -133.22 -133.72 -133.97 -133.69 -133.53
-113.25 -113.34 -113.44 -113.47 -113.47 -113.41 -113.31 -113.25 -113.62 -114.03 -114.34 -114.62 -114.88 -115.06 -115.22 -115.34 -115.41 -115.47 -115.47 -115.44 -115.47 -115.53 -115.62 -115.78 -115.94 -116.16 -116.38 -116.69 -116.97 -117.31 -117.59 -117.91 -118.12 -118.38 -118.62 -118.97 -119.38 -119.78 -120.22 -120.66 -121.12 -121.56 -122.03 -122.53 -123.00 -123.50 -123.97 -124.50 -125.03 -125.62 -126.25 -126.88 -127.47 -128.06 -128.66 -129.25 -129.75 -130.12 -130.53 -131.06 -131.59 -132.16 -132.62 -132.84 -132.50 -132.34 -132.59
-113.00 -113.12 -113.19 -113.22 -113.16 -113.06 -112.88 -112.75 -113.19 -113.69 -114.00 -114.31 -114.53 -114.72 -114.88 -115.00 -115.06 -115.12 -115.16 -115.16 -115.19 -115.28 -115.41 -115.56 -115.75 -115.97 -116.25 -116.53 -116.84 -117.16 -117.41 -117.66 -117.88 -118.12 -118.44 -118.81 -119.25 -119.69 -120.16 -120.62 -121.12 -121.59 -122.09 -122.56 -123.00 -123.44 -123.81 -124.19 -124.59 -125.06 -125.62 -126.22 -126.81 -127.47 -128.09 -128.69 -129.25 -129.75 -130.25 -130.75 -131.22 -131.66 -131.88 -131.53 -131.38 -131.72 -132.59
-112.75 -112.84 -112.91 -112.91 -112.81 -112.66 -112.38 -112.22 -112.78 -113.34 -113.62 -113.91 -114.12 -114.31 -114.47 -114.59 -114.72 -114.78 -114.84 -114.88 -114.94 -115.03 -115.16 -115.34 -115.56 -115.81 -116.09 -116.38 -116.69 -116.94 -117.19 -117.38 -117.59 -117.88 -118.22 -118.66 -119.09 -119.56 -120.06 -120.59 -121.09 -121.62 -122.12 -122.62 -123.06 -123.47 -123.84 -124.12 -124.41 -124.78 -125.31 -125.88 -126.53 -127.19 -127.81 -128.44 -129.00 -129.47 -129.97 -130.41 -130.78 -131.00 -130.75 -130.66 -131.06 -131.97 -133.19
-112.47 -112.56 -112.62 -112.59 -112.47 -112.28 -111.84 -111.69 -112.28 -112.91 -113.22 -113.47 -113.66 -113.84 -114.03 -114.19 -114.34 -114.44 -114.50 -114.56 -114.66 -114.75 -114.91 -115.12 -115.34 -115.62 -115.91 -116.22 -116.47 -116.69 -116.91 -117.09 -117.31 -117.62 -118.00 -118.41 -118.88 -119.38 -119.91 -120.47 -121.03 -121.59 -122.16 -122.69 -123.16 -123.59 -124.00 -124.38 -124.69 -125.06 -125.50 -125.97 -126.56 -127.19 -127.78 -128.34 -128.88 -129.34 -129.75 -130.06 -130.19 -130.22 -130.28 -130.69 -131.47 -132.56 -133.91
-112.19 -112.25 -112.31 -112.25 -112.12 -111.88 -111.38 -111.09 -111.62 -112.44 -112.78 -112.97 -113.19 -113.34 -113.56 -113.78 -113.94 -114.06 -114.16 -114.22 -114.34 -114.47 -114.66 -114.91 -115.16 -115.44 -115.75 -116.00 -116.25 -116.41 -116.59 -116.78 -117.00 -117.31 -117.69 -118.12 -118.62 -119.12 -119.72 -120.31 -120.94 -121.53 -122.12 -122.69 -123.22 -123.69 -124.16 -124.56 -124.97 -125.38 -125.78 -126.25 -126.78 -127.31 -127.84 -128.34 -128.88 -129.34 -129.78 -130.12 -130.47 -130.69 -130.91 -131.34 -132.12 -133.22 -134.47
-111.84 -111.94 -111.97 -111.91 -111.75 -111.44 -110.91 -110.47 -110.88 -111.72 -112.31 -112.53 -112.66 -112.84 -113.09 -113.34 -113.53 -113.69 -113.78 -113.88 -114.03 -114.19 -114.41 -114.69 -114.97 -115.28 -115.56 -115.78 -115.97 -116.12 -116.25 -116.44 -116.66 -116.94 -117.28 -117.72 -118.25 -118.91 -119.56 -120.22 -120.84 -121.47 -122.06 -122.66 -123.19 -123.72 -124.19 -124.66 -125.12 -125.56 -126.00 -126.44 -126.94 -127.41 -127.91 -128.41 -128.91 -129.41 -129.91 -130.38 -130.84 -131.31 -131.78 -132.28 -132.91 -133.84 -134.84
-111.47 -111.56 -111.59 -111.53 -111.34 -111.06 -110.50 -109.88 -110.06 -110.75 -111.38 -111.72 -111.94 -112.25 -112.59 -112.91 -113.12 -113.28 -113.41 -113.53 -113.72 -113.94 -114.19 -114.50 -114.78 -115.06 -115.31 -115.53 -115.69 -115.81 -115.91 -116.06 -116.25 -116.47 -116.78 -117.34 -118.09 -118.84 -119.50 -120.12 -120.78 -121.41 -122.00 -122.56 -123.12 -123.62 -124.16 -124.66 -125.12 -125.62 -126.06 -126.53 -127.00 -127.47 -127.97 -128.47 -128.97 -129.47 -129.97 -130.53 -131.09 -131.66 -132.22 -132.84 -133.50 -134.25 -135.00
-111.06 -111.12 -111.19 -111.12 -110.97 -110.69 -110.19 -109.41 -109.25 -109.72 -110.31 -110.75 -111.19 -111.75 -112.16 -112.47 -112.72 -112.88 -113.00 -113.19 -113.41 -113.69 -113.97 -114.28 -114.56 -114.84 -115.06 -115.25 -115.38 -115.47 -115.53 -115.62 -115.75 -115.91 -116.41 -117.22 -118.09 -118.72 -119.38 -120.00 -120.66 -121.28 -121.88 -122.47 -123.00 -123.50 -124.03 -124.53 -125.03 -125.53 -125.97 -126.44 -126.91 -127.41 -127.91 -128.41 -128.91 -129.41 -129.94 -130.53 -131.19 -131.84 -132.50 -133.12 -133.78 -134.44 -135.09
-110.62 -110.69 -110.75 -110.72 -110.56 -110.31 -109.91 -109.12 -108.66 -108.88 -109.41 -110.03 -110.75 -111.31 -111.72 -112.03 -112.25 -112.44 -112.62 -112.84 -113.12 -113.41 -113.72 -114.03 -114.31 -114.56 -114.81 -114.97 -115.09 -115.12 -115.16 -115.16 -115.16 -115.50 -116.19 -117.12 -117.94 -118.53 -119.16 -119.81 -120.47 -121.12 -121.72 -122.28 -122.78 -123.31 -123.84 -124.34 -124.84 -125.31 -125.75 -126.22 -126.72 -127.22 -127.72 -128.22 -128.69 -129.22 -129.78 -130.47 -131.19 -131.91 -132.59 -133.28 -133.94 -134.53 -135.09
-110.19 -110.25 -110.28 -110.28 -110.19 -109.97 -109.62 -108.97 -108.34 -108.38 -108.94 -109.72 -110.44 -110.91 -111.28 -111.56 -111.78 -112.00 -112.22 -112.50 -112.81 -113.16 -113.47 -113.78 -114.06 -114.31 -114.53 -114.69 -114.78 -114.78 -114.75 -114.66 -114.69 -115.16 -116.00 -116.94 -117.72 -118.31 -118.94 -119.56 -120.25 -120.88 -121.47 -122.00 -122.50 -123.03 -123.56 -124.06 -124.53 -125.00 -125.44 -125.94 -126.44 -126.97 -127.47 -127.97 -128.44 -128.94 -129.56 -130.38 -131.12 -131.91 -132.59 -133.28 -133.88 -134.44 -134.97
-109.72 -109.78 -109.81 -109.84 -109.78 -109.62 -109.34 -108.94 -108.28 -108.22 -108.81 -109.62 -110.12 -110.53 -110.88 -111.09 -111.34 -111.56 -111.84 -112.16 -112.53 -112.88 -113.19 -113.50 -113.81 -114.06 -114.28 -114.41 -114.47 -114.44 -114.34 -114.19 -114.25 -114.84 -115.69 -116.59 -117.38 -118.03 -118.66 -119.31 -120.00 -120.59 -121.12 -121.62 -122.12 -122.66 -123.19 -123.69 -124.16 -124.59 -125.06 -125.56 -126.09 -126.62 -127.16 -127.66 -128.22 -128.84 -129.59 -130.38 -131.12 -131.84 -132.50 -133.09 -133.66 -134.19 -134.69
-109.25 -109.31 -109.38 -109.41 -109.41 -109.31 -109.12 -108.81 -108.31 -108.28 -108.88 -109.44 -109.84 -110.19 -110.44 -110.66 -110.88 -111.12 -111.47 -111.84 -112.22 -112.59 -112.94 -113.28 -113.56 -113.81 -114.00 -114.12 -114.12 -114.06 -113.97 -113.72 -113.88 -114.50 -115.34 -116.22 -117.06 -117.75 -118.41 -119.06 -119.69 -120.22 -120.66 -121.12 -121.69 -122.25 -122.78 -123.22 -123.62 -124.03 -124.44 -124.81 -125.31 -125.91 -126.59 -127.41 -128.22 -128.91 -129.62 -130.31 -131.00 -131.66 -132.22 -132.75 -133.28 -133.78 -134.31
