everonasctiles/Tile25,29.asc
ncols 128
nrows 128
xllcorner 0
yllcorner 0
cellsize 2.0
NODATA_value  -9999
[rows 32 to 63 of 128, columns 0 to 70 of 128]
176.66 176.41 176.38 176.22 176.06 175.81 175.53 175.19 174.81 174.44 174.09 173.75 173.47 173.22 173.00 172.78 172.53 172.31 172.06 171.81 171.56 171.31 171.06 170.81 170.59 170.38 170.19 170.00 169.81 169.66 169.50 169.34 169.22 169.09 168.97 168.84 168.69 168.44 168.12 167.75 167.38 166.94 166.53 166.12 165.72 165.31 164.97 164.59 163.91 162.91 161.78 161.25 161.69 162.44 163.28 163.75 163.75 163.66 163.56 163.47 163.28 163.09 162.84 162.59 162.34 162.09 161.81 161.56 161.31 161.09 160.84
177.00 176.88 176.66 176.44 176.19 175.94 175.62 175.31 174.97 174.62 174.28 173.97 173.69 173.41 173.19 172.94 172.72 172.50 172.28 172.06 171.81 171.59 171.34 171.12 170.91 170.72 170.50 170.31 170.16 170.00 169.84 169.69 169.56 169.44 169.28 169.16 168.94 168.66 168.28 167.88 167.44 166.97 166.53 166.06 165.66 165.25 164.88 164.47 163.84 162.91 161.97 161.38 162.00 162.81 163.56 163.97 163.94 163.88 163.81 163.72 163.56 163.38 163.09 162.84 162.56 162.28 162.00 161.72 161.47 161.22 160.97
177.31 177.09 176.84 176.59 176.34 176.06 175.75 175.44 175.09 174.78 174.47 174.16 173.88 173.62 173.38 173.16 172.94 172.72 172.50 172.28 172.06 171.84 171.62 171.41 171.22 171.00 170.81 170.62 170.47 170.31 170.16 170.03 169.88 169.75 169.59 169.41 169.16 168.84 168.41 167.94 167.47 166.97 166.50 166.03 165.56 165.16 164.81 164.38 163.84 163.06 162.25 161.81 162.28 163.09 163.78 164.12 164.12 164.09 164.03 163.97 163.84 163.62 163.38 163.06 162.78 162.47 162.19 161.88 161.59 161.34 161.09
177.44 177.22 176.97 176.72 176.44 176.16 175.88 175.56 175.25 174.94 174.66 174.34 174.09 173.81 173.59 173.34 173.12 172.94 172.72 172.53 172.31 172.09 171.91 171.69 171.50 171.31 171.12 170.94 170.78 170.62 170.47 170.31 170.19 170.03 169.84 169.62 169.34 168.94 168.47 167.97 167.47 166.94 166.44 165.97 165.50 165.06 164.72 164.34 163.94 163.25 162.50 162.19 162.50 163.41 163.97 164.28 164.31 164.31 164.28 164.22 164.09 163.88 163.59 163.31 163.00 162.66 162.34 162.03 161.75 161.47 161.22
177.50 177.31 177.06 176.81 176.53 176.28 175.97 175.69 175.41 175.09 174.81 174.53 174.28 174.03 173.78 173.56 173.34 173.16 172.94 172.75 172.53 172.34 172.16 171.94 171.75 171.56 171.38 171.22 171.06 170.91 170.75 170.59 170.44 170.28 170.03 169.78 169.44 169.03 168.53 167.97 167.44 166.91 166.38 165.88 165.41 165.00 164.66 164.34 164.00 163.31 162.75 161.97 162.78 163.69 164.19 164.44 164.50 164.53 164.50 164.44 164.31 164.09 163.84 163.53 163.19 162.84 162.50 162.19 161.88 161.59 161.31
177.53 177.34 177.12 176.88 176.62 176.34 176.06 175.81 175.53 175.25 174.97 174.72 174.47 174.22 173.97 173.75 173.56 173.34 173.16 172.97 172.75 172.56 172.38 172.19 172.00 171.81 171.66 171.47 171.31 171.16 171.00 170.84 170.66 170.47 170.19 169.91 169.53 169.06 168.53 167.97 167.41 166.84 166.28 165.78 165.34 164.91 164.59 164.28 163.81 163.16 162.44 162.94 163.16 164.00 164.41 164.56 164.62 164.66 164.62 164.56 164.47 164.25 164.00 163.72 163.41 163.03 162.66 162.31 162.00 161.72 161.50
177.50 177.31 177.12 176.88 176.66 176.41 176.12 175.88 175.62 175.34 175.09 174.84 174.59 174.38 174.16 173.94 173.72 173.53 173.34 173.16 172.97 172.78 172.59 172.41 172.22 172.06 171.88 171.72 171.56 171.41 171.22 171.03 170.84 170.59 170.31 170.00 169.59 169.12 168.56 167.97 167.38 166.81 166.25 165.75 165.28 164.91 164.56 164.03 163.34 163.16 162.88 163.06 163.81 164.34 164.59 164.66 164.72 164.72 164.72 164.66 164.56 164.38 164.12 163.88 163.56 163.22 162.81 162.50 162.09 161.88 161.66
177.44 177.28 177.06 176.88 176.66 176.41 176.16 175.94 175.69 175.44 175.19 174.94 174.72 174.50 174.28 174.06 173.88 173.69 173.50 173.31 173.12 172.97 172.78 172.62 172.44 172.28 172.12 171.94 171.78 171.62 171.41 171.22 171.00 170.75 170.44 170.06 169.66 169.12 168.56 167.97 167.34 166.78 166.25 165.72 165.28 164.91 164.38 163.62 163.41 163.25 163.16 163.69 164.41 164.59 164.69 164.72 164.75 164.78 164.78 164.72 164.62 164.44 164.22 163.94 163.62 163.31 162.88 162.44 162.22 162.00 161.78
177.34 177.19 177.00 176.81 176.59 176.41 176.19 175.94 175.72 175.47 175.25 175.03 174.81 174.59 174.38 174.19 174.00 173.81 173.62 173.47 173.28 173.12 172.94 172.78 172.62 172.47 172.31 172.16 171.97 171.78 171.56 171.31 171.09 170.81 170.47 170.09 169.66 169.12 168.56 167.94 167.38 166.78 166.25 165.72 165.28 164.66 163.94 163.72 163.56 163.44 163.75 164.44 164.69 164.75 164.75 164.78 164.81 164.81 164.81 164.75 164.66 164.50 164.25 164.00 163.69 163.09 162.78 162.56 162.34 162.12 161.91
177.22 177.09 176.94 176.75 176.56 176.38 176.16 175.94 175.72 175.50 175.28 175.06 174.88 174.66 174.47 174.28 174.09 173.91 173.75 173.56 173.41 173.25 173.09 172.94 172.78 172.62 172.47 172.28 172.09 171.88 171.62 171.41 171.12 170.84 170.47 170.03 169.56 169.03 168.44 167.84 167.28 166.69 166.12 165.62 164.91 164.22 164.00 163.84 163.72 163.97 164.53 164.81 164.91 164.91 164.91 164.88 164.84 164.81 164.78 164.72 164.66 164.56 164.34 163.84 163.34 163.12 162.91 162.69 162.47 162.28 162.06
177.06 176.97 176.81 176.66 176.50 176.31 176.09 175.91 175.69 175.50 175.31 175.09 174.91 174.72 174.53 174.34 174.19 174.00 173.84 173.69 173.50 173.34 173.19 173.06 172.91 172.75 172.56 172.38 172.16 171.94 171.69 171.41 171.09 170.72 170.31 169.84 169.34 168.81 168.25 167.66 167.03 166.41 165.81 165.06 164.38 164.25 164.16 164.03 164.28 164.78 165.03 165.09 165.09 165.09 165.06 165.00 164.91 164.81 164.72 164.62 164.69 164.53 163.97 163.72 163.47 163.25 163.03 162.81 162.62 162.53 162.41
176.91 176.84 176.72 176.56 176.41 176.22 176.06 175.88 175.69 175.50 175.31 175.12 174.94 174.75 174.59 174.41 174.25 174.09 173.91 173.75 173.59 173.44 173.31 173.16 173.00 172.81 172.62 172.41 172.16 171.91 171.62 171.28 170.91 170.50 170.06 169.56 169.03 168.53 167.97 167.31 166.62 166.00 165.19 164.56 164.44 164.34 164.25 164.59 165.06 165.31 165.44 165.41 165.41 165.34 165.25 165.12 165.00 164.84 164.75 164.78 164.59 164.28 164.06 163.84 163.62 163.38 163.16 163.03 163.12 162.88 162.59
176.78 176.72 176.59 176.47 176.31 176.16 175.97 175.81 175.66 175.47 175.28 175.12 174.97 174.78 174.62 174.47 174.31 174.16 173.97 173.84 173.69 173.53 173.38 173.19 173.03 172.81 172.59 172.34 172.06 171.78 171.44 171.06 170.66 170.22 169.75 169.25 168.72 168.22 167.59 166.88 166.16 165.28 164.75 164.62 164.53 164.47 164.78 165.25 165.56 165.75 165.81 165.78 165.75 165.59 165.44 165.25 165.09 164.94 165.06 164.88 164.66 164.44 164.19 163.97 163.75 163.53 163.78 163.72 163.41 163.09 162.81
176.69 176.59 176.47 176.34 176.22 176.06 175.91 175.75 175.59 175.44 175.28 175.12 174.97 174.81 174.66 174.50 174.34 174.19 174.03 173.84 173.69 173.53 173.34 173.16 172.97 172.72 172.47 172.19 171.88 171.53 171.16 170.75 170.28 169.84 169.38 168.91 168.41 167.84 167.16 166.44 165.41 164.94 164.84 164.72 164.66 164.94 165.38 165.75 166.00 166.12 166.19 166.19 166.12 165.91 165.66 165.38 165.41 165.47 165.25 165.00 164.78 164.56 164.31 164.09 164.34 164.66 164.31 163.97 163.62 163.31 163.00
176.59 176.47 176.38 176.25 176.12 176.00 175.84 175.69 175.53 175.38 175.25 175.09 174.94 174.78 174.62 174.47 174.31 174.12 173.97 173.78 173.59 173.41 173.22 173.03 172.81 172.56 172.28 171.97 171.62 171.25 170.81 170.34 169.88 169.44 169.00 168.53 168.03 167.41 166.72 165.66 165.19 165.06 164.94 164.88 165.22 165.69 166.03 166.28 166.41 166.53 166.59 166.56 166.47 166.25 166.03 166.03 165.81 165.59 165.38 165.12 164.91 164.69 164.75 165.38 165.25 164.91 164.56 164.19 163.84 163.53 163.22
176.47 176.38 176.28 176.16 176.03 175.91 175.75 175.59 175.44 175.28 175.09 174.94 174.78 174.62 174.47 174.31 174.16 174.00 173.81 173.62 173.44 173.22 173.03 172.81 172.56 172.31 172.03 171.69 171.28 170.84 170.38 169.91 169.44 169.00 168.56 168.16 167.62 166.97 165.94 165.50 165.31 165.16 165.06 165.44 165.97 166.41 166.66 166.72 166.78 166.94 166.97 166.94 166.81 166.62 166.41 166.19 165.94 165.72 165.50 165.28 165.16 165.72 165.84 165.75 165.47 165.16 164.78 164.41 164.06 163.72 163.41
176.38 176.28 176.16 176.06 175.94 175.78 175.59 175.41 175.22 175.03 174.84 174.66 174.50 174.34 174.19 174.06 173.91 173.75 173.56 173.38 173.16 172.97 172.75 172.53 172.28 172.00 171.66 171.31 170.88 170.44 169.97 169.47 169.00 168.56 168.19 167.72 167.16 166.19 165.78 165.62 165.47 165.38 165.69 166.16 166.59 166.88 167.00 167.16 167.28 167.34 167.34 167.25 167.00 166.75 166.53 166.31 166.09 165.84 165.62 165.94 166.25 166.22 166.12 165.97 165.72 165.34 165.00 164.62 164.28 163.91 163.59
176.28 176.16 176.03 175.91 175.75 175.53 175.31 175.09 174.91 174.69 174.50 174.31 174.16 174.00 173.84 173.72 173.56 173.38 173.22 173.06 172.88 172.66 172.44 172.22 171.94 171.62 171.28 170.88 170.47 170.03 169.56 169.06 168.62 168.19 167.78 167.25 166.44 166.09 165.94 165.78 165.81 166.34 166.56 166.81 167.06 167.25 167.41 167.62 167.75 167.72 167.56 167.34 167.12 166.91 166.66 166.44 166.22 166.34 166.66 166.59 166.56 166.50 166.38 166.16 165.91 165.53 165.19 164.81 164.47 164.12 163.78
176.12 176.00 175.84 175.69 175.47 175.25 175.00 174.78 174.53 174.31 174.12 173.94 173.75 173.59 173.44 173.28 173.16 173.00 172.84 172.69 172.53 172.31 172.09 171.88 171.59 171.25 170.88 170.47 170.06 169.62 169.16 168.69 168.25 167.84 167.34 166.69 166.44 166.25 166.09 166.16 166.72 167.00 167.19 167.41 167.66 167.94 168.00 168.12 168.06 167.88 167.66 167.47 167.25 167.03 166.78 166.81 167.25 167.12 167.00 166.97 166.91 166.81 166.59 166.34 166.06 165.72 165.38 165.00 164.66 164.31 163.97
175.91 175.75 175.56 175.34 175.12 174.88 174.66 174.41 174.19 173.94 173.72 173.53 173.34 173.19 173.00 172.84 172.72 172.56 172.44 172.31 172.16 172.00 171.78 171.53 171.25 170.88 170.53 170.12 169.72 169.28 168.84 168.41 168.00 167.44 166.94 166.75 166.59 166.41 166.53 167.16 167.41 167.59 167.84 168.06 168.25 168.59 168.56 168.38 168.19 167.97 167.78 167.56 167.38 167.28 167.78 167.91 167.69 167.56 167.41 167.31 167.19 167.03 166.81 166.53 166.25 165.91 165.53 165.19 164.81 164.47 164.16
175.62 175.47 175.22 175.00 174.75 174.50 174.28 174.03 173.78 173.56 173.34 173.12 172.94 172.75 172.56 172.41 172.28 172.16 172.03 171.94 171.81 171.66 171.47 171.19 170.91 170.56 170.22 169.81 169.41 169.00 168.59 168.16 167.59 167.22 167.06 166.91 166.72 166.94 167.47 167.72 167.94 168.16 168.53 168.69 168.91 168.91 168.69 168.50 168.28 168.09 167.88 167.72 168.22 168.59 168.41 168.22 168.12 167.97 167.81 167.66 167.47 167.28 167.03 166.75 166.44 166.09 165.72 165.34 165.00 164.66 164.34
175.34 175.12 174.88 174.62 174.38 174.12 173.91 173.66 173.41 173.16 172.94 172.72 172.53 172.34 172.16 172.00 171.88 171.78 171.66 171.56 171.47 171.34 171.16 170.91 170.62 170.25 169.84 169.44 169.09 168.75 168.31 167.78 167.50 167.34 167.19 166.97 167.03 167.75 168.03 168.28 168.47 168.69 169.22 169.25 169.12 168.97 168.81 168.59 168.41 168.22 168.47 169.00 168.97 168.81 168.62 168.56 168.47 168.34 168.09 167.97 167.75 167.53 167.25 166.97 166.62 166.25 165.88 165.53 165.16 164.81 164.50
175.03 174.78 174.53 174.28 174.03 173.78 173.56 173.31 173.06 172.81 172.56 172.34 172.16 171.97 171.81 171.66 171.53 171.44 171.31 171.22 171.12 170.91 170.62 170.31 170.06 169.75 169.47 169.12 168.81 168.41 168.00 167.78 167.62 167.47 167.31 167.59 167.94 168.31 168.62 168.88 169.25 169.56 169.47 169.34 169.19 169.06 168.91 168.72 168.78 169.22 169.25 169.22 169.12 169.09 169.03 168.94 168.75 168.66 168.50 168.28 168.03 167.78 167.47 167.12 166.78 166.41 166.03 165.69 165.31 165.00 164.69
174.75 174.50 174.22 173.97 173.72 173.47 173.25 172.97 172.72 172.47 172.22 172.03 171.81 171.62 171.47 171.38 171.25 171.16 171.03 170.84 170.59 170.31 170.06 169.78 169.50 169.22 169.00 168.69 168.44 168.22 168.06 167.91 167.72 167.59 167.97 168.22 168.47 168.78 169.41 169.69 169.69 169.66 169.53 169.41 169.28 169.12 169.09 169.69 169.81 169.75 169.62 169.47 169.38 169.34 169.31 169.19 169.06 168.94 168.69 168.53 168.28 167.97 167.66 167.28 166.91 166.53 166.19 165.81 165.47 165.16 164.84
174.47 174.22 173.97 173.72 173.47 173.22 172.97 172.72 172.44 172.19 171.94 171.75 171.53 171.38 171.25 171.09 170.88 170.69 170.44 170.16 169.88 169.56 169.31 169.09 168.91 168.78 168.69 168.59 168.47 168.31 168.16 168.00 167.88 168.25 168.53 168.69 168.88 169.47 169.81 169.78 169.72 169.69 169.62 169.50 169.34 169.62 170.06 170.19 170.22 170.16 170.09 169.88 169.56 169.53 169.53 169.47 169.34 169.12 168.94 168.75 168.47 168.12 167.75 167.38 167.03 166.66 166.31 165.97 165.62 165.31 165.00
174.25 174.00 173.75 173.50 173.25 173.03 172.75 172.50 172.25 171.97 171.72 171.44 171.19 170.97 170.78 170.66 170.53 170.38 170.16 169.94 169.72 169.47 169.28 169.06 168.91 168.78 168.69 168.59 168.50 168.41 168.34 168.41 168.56 168.94 169.12 169.59 169.91 169.91 169.84 169.78 169.75 169.72 169.66 169.66 169.94 170.16 170.38 170.50 170.56 170.53 170.50 170.16 170.00 169.75 169.81 169.66 169.59 169.34 169.19 168.94 168.56 168.19 167.84 167.47 167.12 166.75 166.44 166.09 165.78 165.47 165.16
174.06 173.84 173.59 173.34 173.09 172.78 172.47 172.16 171.88 171.59 171.38 171.22 171.06 170.91 170.75 170.66 170.53 170.41 170.19 169.97 169.72 169.50 169.28 169.09 168.91 168.84 168.78 168.81 168.88 168.97 169.03 169.16 169.59 170.00 170.03 169.97 169.94 169.91 169.88 169.81 169.78 169.75 169.94 170.19 170.34 170.53 170.69 170.81 170.88 170.88 170.78 170.56 170.12 170.03 170.06 169.94 169.81 169.59 169.31 169.03 168.66 168.25 167.88 167.53 167.19 166.88 166.53 166.22 165.91 165.62 165.31
173.62 173.28 173.00 172.78 172.53 172.31 172.06 171.88 171.72 171.56 171.41 171.25 171.09 170.94 170.78 170.69 170.56 170.50 170.34 170.22 170.09 169.97 169.91 169.84 169.81 169.94 170.09 170.19 170.38 170.50 170.50 170.38 170.25 170.16 170.06 170.00 169.97 169.91 169.88 169.84 169.97 170.22 170.41 170.56 170.72 170.88 171.00 171.06 171.12 171.06 170.94 170.72 170.53 170.34 170.25 170.06 169.88 169.62 169.38 169.03 168.66 168.28 167.94 167.59 167.28 166.97 166.66 166.38 166.06 165.78 165.50
172.97 172.91 172.81 172.69 172.50 172.28 172.06 171.91 171.75 171.59 171.44 171.28 171.16 171.09 171.09 171.16 171.25 171.31 171.38 171.50 171.56 171.56 171.53 171.44 171.31 171.19 171.06 170.91 170.78 170.66 170.53 170.41 170.28 170.19 170.09 170.00 169.97 169.94 170.12 170.44 170.53 170.66 170.81 170.94 171.06 171.19 171.31 171.34 171.28 171.19 171.03 170.84 170.69 170.53 170.38 170.19 169.84 169.62 169.25 169.00 168.62 168.31 168.00 167.69 167.41 167.09 166.81 166.53 166.25 165.94 165.66
172.97 172.91 172.81 172.72 172.50 172.31 172.09 172.00 171.91 171.88 171.84 171.84 171.88 172.03 172.22 172.38 172.34 172.25 172.12 172.00 171.88 171.72 171.59 171.47 171.34 171.19 171.06 170.94 170.81 170.69 170.56 170.44 170.31 170.22 170.12 170.16 170.56 170.88 170.91 170.94 171.03 171.09 171.19 171.28 171.41 171.47 171.53 171.50 171.38 171.28 171.12 170.94 170.75 170.62 170.41 170.16 169.91 169.66 169.28 168.97 168.69 168.38 168.12 167.84 167.56 167.28 167.00 166.72 166.44 166.16 165.88
173.00 172.97 172.97 173.03 173.03 172.97 172.88 172.84 172.88 172.91 173.00 173.00 172.88 172.75 172.62 172.50 172.38 172.25 172.12 172.00 171.88 171.75 171.62 171.50 171.34 171.22 171.09 170.94 170.84 170.72 170.59 170.47 170.56 170.97 171.47 171.56 171.50 171.47 171.44 171.44 171.47 171.50 171.56 171.62 171.69 171.72 171.69 171.62 171.53 171.38 171.22 171.03 170.84 170.62 170.28 170.09 169.91 169.75 169.53 169.06 168.75 168.53 168.31 168.03 167.75 167.47 167.19 166.91 166.62 166.34 166.06
173.59 173.69 173.72 173.69 173.75 173.69 173.62 173.50 173.38 173.28 173.16 173.03 172.91 172.78 172.66 172.53 172.41 172.28 172.16 172.03 171.91 171.78 171.62 171.50 171.38 171.28 171.22 171.22 171.28 171.47 171.69 171.84 172.00 172.12 172.19 172.16 172.06 172.00 171.97 171.91 171.88 171.88 171.91 171.91 171.91 171.84 171.75 171.66 171.56 171.41 171.25 171.06 170.84 170.59 170.34 170.12 170.09 170.03 169.81 169.47 169.12 168.78 168.56 168.28 168.00 167.72 167.44 167.16 166.88 166.59 166.28
