everonasctiles/Tile44,40.asc
ncols 128
nrows 128
xllcorner 0
yllcorner 0
cellsize 2.0
NODATA_value  -9999
[rows 96 to 127 of 128, columns 0 to 70 of 128]
-34.00 -34.03 -34.00 -33.97 -33.94 -33.88 -33.78 -33.72 -33.62 -33.56 -33.47 -33.41 -33.31 -33.22 -33.12 -33.03 -32.94 -32.84 -32.75 -32.62 -32.47 -32.31 -32.16 -31.97 -31.91 -31.78 -31.66 -31.53 -31.41 -31.25 -31.16 -31.03 -30.91 -30.78 -30.69 -30.59 -30.53 -30.44 -30.41 -30.31 -30.34 -30.47 -30.59 -30.72 -30.78 -30.81 -30.97 -31.06 -31.38 -31.62 -31.97 -32.22 -32.47 -32.72 -32.97 -33.19 -33.38 -33.59 -33.81 -34.03 -34.25 -34.47 -34.69 -34.88 -35.09 -35.28 -35.47 -35.69 -35.88 -36.06 -36.25
-33.94 -33.97 -33.97 -33.94 -33.91 -33.84 -33.81 -33.75 -33.69 -33.62 -33.56 -33.50 -33.41 -33.31 -33.22 -33.12 -33.03 -32.94 -32.81 -32.66 -32.50 -32.34 -32.16 -32.03 -31.88 -31.75 -31.59 -31.44 -31.31 -31.19 -31.03 -30.94 -30.81 -30.72 -30.59 -30.53 -30.47 -30.44 -30.44 -30.41 -30.47 -30.59 -30.66 -30.75 -30.88 -30.94 -31.06 -31.19 -31.47 -31.78 -32.09 -32.38 -32.62 -32.91 -33.12 -33.38 -33.56 -33.78 -33.97 -34.16 -34.38 -34.56 -34.75 -34.94 -35.16 -35.34 -35.56 -35.78 -35.97 -36.19 -36.38
-33.88 -33.91 -33.91 -33.91 -33.88 -33.84 -33.81 -33.78 -33.75 -33.72 -33.66 -33.59 -33.50 -33.41 -33.31 -33.22 -33.12 -33.00 -32.88 -32.72 -32.56 -32.38 -32.22 -32.06 -31.91 -31.75 -31.59 -31.41 -31.25 -31.12 -30.94 -30.84 -30.78 -30.69 -30.53 -30.44 -30.41 -30.44 -30.47 -30.53 -30.62 -30.69 -30.78 -30.88 -30.97 -31.09 -31.22 -31.41 -31.62 -31.94 -32.25 -32.50 -32.78 -33.03 -33.28 -33.53 -33.75 -33.94 -34.12 -34.31 -34.47 -34.62 -34.81 -35.00 -35.19 -35.41 -35.62 -35.84 -36.06 -36.25 -36.44
-33.81 -33.84 -33.84 -33.88 -33.88 -33.88 -33.84 -33.84 -33.81 -33.78 -33.75 -33.69 -33.62 -33.53 -33.44 -33.34 -33.22 -33.09 -32.94 -32.78 -32.59 -32.44 -32.28 -32.09 -31.94 -31.75 -31.59 -31.44 -31.28 -31.12 -31.00 -30.88 -30.78 -30.69 -30.56 -30.44 -30.44 -30.44 -30.53 -30.62 -30.72 -30.81 -30.88 -30.97 -31.06 -31.19 -31.34 -31.62 -31.88 -32.16 -32.38 -32.62 -32.88 -33.12 -33.41 -33.66 -33.88 -34.09 -34.28 -34.44 -34.59 -34.75 -34.91 -35.06 -35.25 -35.47 -35.69 -35.91 -36.09 -36.28 -36.47
-33.75 -33.78 -33.81 -33.84 -33.84 -33.88 -33.88 -33.88 -33.88 -33.84 -33.81 -33.78 -33.72 -33.62 -33.53 -33.44 -33.31 -33.16 -33.00 -32.84 -32.66 -32.50 -32.31 -32.16 -31.97 -31.78 -31.62 -31.44 -31.28 -31.12 -31.03 -30.94 -30.84 -30.75 -30.59 -30.50 -30.53 -30.53 -30.56 -30.75 -30.88 -30.97 -31.00 -31.09 -31.12 -31.22 -31.44 -31.78 -32.06 -32.31 -32.56 -32.78 -33.00 -33.22 -33.47 -33.72 -33.97 -34.19 -34.41 -34.59 -34.75 -34.88 -35.03 -35.16 -35.34 -35.56 -35.75 -35.97 -36.16 -36.31 -36.50
-33.72 -33.75 -33.78 -33.81 -33.84 -33.88 -33.91 -33.91 -33.91 -33.91 -33.88 -33.84 -33.78 -33.72 -33.62 -33.50 -33.38 -33.22 -33.06 -32.88 -32.72 -32.53 -32.38 -32.19 -32.00 -31.81 -31.66 -31.47 -31.31 -31.19 -31.09 -30.97 -30.88 -30.78 -30.69 -30.66 -30.69 -30.69 -30.72 -30.91 -31.06 -31.16 -31.19 -31.25 -31.22 -31.28 -31.53 -31.88 -32.22 -32.50 -32.72 -32.94 -33.16 -33.34 -33.56 -33.81 -34.06 -34.28 -34.50 -34.72 -34.88 -35.03 -35.19 -35.31 -35.47 -35.66 -35.84 -36.06 -36.25 -36.41 -36.56
-33.69 -33.72 -33.75 -33.78 -33.84 -33.88 -33.91 -33.94 -33.94 -33.94 -33.91 -33.88 -33.84 -33.75 -33.69 -33.56 -33.44 -33.28 -33.09 -32.94 -32.75 -32.59 -32.41 -32.22 -32.03 -31.84 -31.66 -31.50 -31.34 -31.22 -31.12 -31.03 -30.94 -30.84 -30.81 -30.81 -30.84 -30.91 -31.00 -31.12 -31.25 -31.38 -31.44 -31.47 -31.38 -31.47 -31.62 -32.03 -32.38 -32.66 -32.94 -33.16 -33.34 -33.53 -33.72 -33.91 -34.12 -34.38 -34.59 -34.81 -35.03 -35.19 -35.34 -35.50 -35.62 -35.81 -35.97 -36.19 -36.38 -36.53 -36.69
-33.72 -33.72 -33.72 -33.78 -33.81 -33.88 -33.91 -33.94 -33.94 -33.94 -33.94 -33.91 -33.88 -33.78 -33.69 -33.59 -33.44 -33.31 -33.16 -32.97 -32.81 -32.62 -32.47 -32.25 -32.06 -31.84 -31.66 -31.47 -31.34 -31.22 -31.12 -31.03 -30.97 -30.94 -30.91 -30.91 -30.97 -31.03 -31.16 -31.31 -31.47 -31.59 -31.66 -31.69 -31.72 -31.84 -32.03 -32.34 -32.62 -32.88 -33.12 -33.34 -33.56 -33.75 -33.94 -34.09 -34.28 -34.47 -34.69 -34.94 -35.16 -35.34 -35.53 -35.69 -35.81 -35.97 -36.12 -36.31 -36.50 -36.69 -36.84
-33.75 -33.72 -33.75 -33.78 -33.81 -33.88 -33.91 -33.91 -33.94 -33.94 -33.94 -33.91 -33.88 -33.81 -33.72 -33.59 -33.47 -33.31 -33.19 -33.03 -32.88 -32.69 -32.50 -32.31 -32.09 -31.81 -31.59 -31.44 -31.31 -31.22 -31.12 -31.06 -31.03 -31.00 -31.00 -31.03 -31.06 -31.12 -31.28 -31.47 -31.62 -31.75 -31.88 -31.97 -32.09 -32.28 -32.44 -32.62 -32.84 -33.06 -33.31 -33.56 -33.78 -33.97 -34.16 -34.31 -34.47 -34.62 -34.81 -35.03 -35.25 -35.47 -35.66 -35.84 -36.00 -36.12 -36.28 -36.44 -36.62 -36.84 -37.00
-33.78 -33.78 -33.78 -33.78 -33.81 -33.84 -33.88 -33.91 -33.91 -33.94 -33.94 -33.91 -33.88 -33.81 -33.72 -33.59 -33.47 -33.34 -33.22 -33.06 -32.91 -32.75 -32.56 -32.34 -32.16 -31.84 -31.62 -31.53 -31.38 -31.25 -31.19 -31.12 -31.12 -31.09 -31.09 -31.12 -31.19 -31.22 -31.34 -31.56 -31.75 -31.94 -32.12 -32.28 -32.44 -32.56 -32.69 -32.88 -33.06 -33.28 -33.50 -33.75 -33.97 -34.19 -34.38 -34.50 -34.66 -34.78 -34.97 -35.16 -35.38 -35.59 -35.78 -35.97 -36.12 -36.28 -36.41 -36.56 -36.75 -36.94 -37.12
-33.84 -33.81 -33.81 -33.81 -33.81 -33.84 -33.88 -33.91 -33.91 -33.91 -33.91 -33.91 -33.84 -33.78 -33.69 -33.59 -33.47 -33.34 -33.22 -33.09 -32.97 -32.78 -32.59 -32.41 -32.19 -31.94 -31.72 -31.59 -31.44 -31.31 -31.25 -31.19 -31.19 -31.19 -31.25 -31.28 -31.31 -31.38 -31.41 -31.56 -31.81 -32.06 -32.31 -32.50 -32.69 -32.81 -32.97 -33.09 -33.25 -33.47 -33.69 -33.91 -34.16 -34.38 -34.56 -34.72 -34.84 -34.97 -35.12 -35.28 -35.50 -35.69 -35.91 -36.09 -36.25 -36.41 -36.53 -36.66 -36.81 -37.00 -37.19
-33.91 -33.88 -33.84 -33.84 -33.84 -33.84 -33.84 -33.88 -33.88 -33.88 -33.88 -33.84 -33.81 -33.75 -33.69 -33.59 -33.50 -33.38 -33.25 -33.12 -32.97 -32.81 -32.62 -32.41 -32.22 -32.00 -31.81 -31.62 -31.50 -31.38 -31.31 -31.31 -31.34 -31.34 -31.38 -31.44 -31.47 -31.53 -31.53 -31.62 -31.94 -32.25 -32.47 -32.69 -32.91 -33.06 -33.19 -33.31 -33.47 -33.66 -33.84 -34.06 -34.31 -34.53 -34.72 -34.88 -35.00 -35.12 -35.25 -35.41 -35.59 -35.78 -36.00 -36.19 -36.38 -36.50 -36.62 -36.75 -36.88 -37.03 -37.22
-33.94 -33.91 -33.88 -33.88 -33.84 -33.84 -33.84 -33.84 -33.84 -33.84 -33.84 -33.81 -33.78 -33.75 -33.69 -33.59 -33.50 -33.41 -33.28 -33.16 -33.00 -32.81 -32.62 -32.44 -32.19 -32.00 -31.84 -31.69 -31.53 -31.47 -31.47 -31.50 -31.53 -31.56 -31.59 -31.66 -31.69 -31.78 -31.84 -31.84 -32.03 -32.31 -32.59 -32.84 -33.06 -33.25 -33.41 -33.53 -33.66 -33.81 -34.00 -34.22 -34.44 -34.66 -34.84 -35.00 -35.16 -35.28 -35.41 -35.53 -35.69 -35.88 -36.09 -36.28 -36.47 -36.62 -36.75 -36.84 -36.94 -37.09 -37.25
-33.97 -33.94 -33.91 -33.91 -33.88 -33.84 -33.84 -33.84 -33.81 -33.81 -33.78 -33.78 -33.75 -33.72 -33.66 -33.59 -33.53 -33.41 -33.31 -33.16 -33.03 -32.84 -32.66 -32.44 -32.19 -32.03 -31.88 -31.75 -31.59 -31.59 -31.62 -31.66 -31.69 -31.72 -31.78 -31.84 -31.97 -32.06 -32.12 -32.19 -32.19 -32.47 -32.72 -32.97 -33.19 -33.41 -33.56 -33.72 -33.88 -34.00 -34.16 -34.34 -34.56 -34.75 -34.94 -35.12 -35.25 -35.38 -35.50 -35.62 -35.78 -35.97 -36.19 -36.38 -36.56 -36.72 -36.84 -36.97 -37.06 -37.16 -37.28
-34.00 -33.97 -33.94 -33.91 -33.88 -33.88 -33.84 -33.81 -33.81 -33.78 -33.75 -33.75 -33.72 -33.69 -33.66 -33.59 -33.53 -33.44 -33.31 -33.19 -33.03 -32.88 -32.69 -32.47 -32.25 -32.06 -31.94 -31.81 -31.72 -31.75 -31.78 -31.81 -31.88 -31.91 -31.97 -32.06 -32.19 -32.28 -32.38 -32.47 -32.50 -32.62 -32.84 -33.06 -33.28 -33.50 -33.72 -33.88 -34.03 -34.19 -34.31 -34.50 -34.69 -34.84 -35.03 -35.22 -35.34 -35.47 -35.59 -35.72 -35.91 -36.06 -36.25 -36.47 -36.66 -36.81 -36.97 -37.09 -37.19 -37.28 -37.38
-34.03 -34.00 -33.97 -33.94 -33.91 -33.91 -33.88 -33.84 -33.78 -33.75 -33.72 -33.72 -33.69 -33.69 -33.66 -33.59 -33.53 -33.44 -33.34 -33.22 -33.06 -32.91 -32.72 -32.53 -32.28 -32.12 -32.03 -31.91 -31.88 -31.88 -31.94 -31.97 -32.03 -32.09 -32.16 -32.28 -32.41 -32.53 -32.62 -32.69 -32.78 -32.88 -33.00 -33.16 -33.38 -33.59 -33.81 -34.00 -34.16 -34.31 -34.47 -34.62 -34.78 -34.94 -35.12 -35.28 -35.44 -35.56 -35.69 -35.81 -36.00 -36.16 -36.34 -36.56 -36.75 -36.91 -37.06 -37.22 -37.31 -37.41 -37.47
-34.03 -34.03 -34.00 -33.97 -33.94 -33.91 -33.88 -33.84 -33.78 -33.75 -33.72 -33.69 -33.69 -33.66 -33.62 -33.59 -33.53 -33.44 -33.34 -33.22 -33.09 -32.94 -32.78 -32.59 -32.41 -32.25 -32.09 -32.00 -31.97 -32.03 -32.09 -32.12 -32.19 -32.25 -32.34 -32.44 -32.59 -32.72 -32.84 -32.94 -33.00 -33.09 -33.19 -33.31 -33.50 -33.69 -33.91 -34.09 -34.28 -34.44 -34.59 -34.75 -34.88 -35.03 -35.19 -35.34 -35.47 -35.62 -35.75 -35.91 -36.06 -36.25 -36.44 -36.62 -36.81 -36.97 -37.16 -37.31 -37.44 -37.53 -37.59
-34.06 -34.03 -34.00 -34.00 -33.97 -33.94 -33.91 -33.84 -33.81 -33.75 -33.72 -33.69 -33.66 -33.66 -33.62 -33.56 -33.53 -33.44 -33.34 -33.25 -33.12 -32.97 -32.81 -32.66 -32.47 -32.31 -32.19 -32.09 -32.09 -32.16 -32.25 -32.31 -32.34 -32.41 -32.50 -32.59 -32.75 -32.91 -33.03 -33.12 -33.22 -33.28 -33.38 -33.47 -33.62 -33.81 -34.00 -34.19 -34.41 -34.56 -34.69 -34.84 -34.97 -35.09 -35.25 -35.41 -35.53 -35.69 -35.81 -35.97 -36.16 -36.31 -36.50 -36.66 -36.84 -37.03 -37.19 -37.38 -37.53 -37.62 -37.72
-34.06 -34.03 -34.03 -34.00 -34.00 -33.97 -33.91 -33.88 -33.81 -33.75 -33.72 -33.66 -33.66 -33.62 -33.59 -33.53 -33.50 -33.44 -33.34 -33.25 -33.12 -33.00 -32.84 -32.69 -32.53 -32.41 -32.28 -32.19 -32.22 -32.31 -32.38 -32.47 -32.53 -32.56 -32.66 -32.75 -32.91 -33.03 -33.19 -33.31 -33.41 -33.50 -33.56 -33.66 -33.78 -33.94 -34.12 -34.31 -34.50 -34.66 -34.81 -34.91 -35.03 -35.16 -35.28 -35.44 -35.56 -35.72 -35.88 -36.03 -36.22 -36.38 -36.53 -36.69 -36.88 -37.03 -37.22 -37.41 -37.59 -37.72 -37.84
-34.06 -34.03 -34.03 -34.03 -34.00 -33.97 -33.94 -33.88 -33.81 -33.78 -33.72 -33.66 -33.62 -33.59 -33.53 -33.50 -33.44 -33.38 -33.31 -33.22 -33.12 -33.00 -32.88 -32.72 -32.59 -32.44 -32.34 -32.28 -32.31 -32.41 -32.53 -32.62 -32.69 -32.75 -32.81 -32.91 -33.03 -33.19 -33.34 -33.47 -33.56 -33.66 -33.75 -33.81 -33.94 -34.09 -34.25 -34.44 -34.62 -34.78 -34.91 -35.03 -35.12 -35.22 -35.34 -35.47 -35.62 -35.78 -35.94 -36.09 -36.25 -36.41 -36.59 -36.75 -36.91 -37.09 -37.28 -37.47 -37.62 -37.78 -37.91
-34.03 -34.03 -34.03 -34.03 -34.00 -34.00 -33.94 -33.91 -33.84 -33.78 -33.72 -33.66 -33.59 -33.53 -33.50 -33.44 -33.38 -33.34 -33.25 -33.19 -33.09 -33.00 -32.88 -32.75 -32.62 -32.47 -32.38 -32.31 -32.41 -32.53 -32.66 -32.78 -32.84 -32.94 -33.00 -33.06 -33.19 -33.34 -33.47 -33.59 -33.72 -33.81 -33.88 -33.97 -34.09 -34.22 -34.38 -34.56 -34.72 -34.91 -35.03 -35.16 -35.22 -35.31 -35.41 -35.53 -35.66 -35.81 -35.97 -36.12 -36.31 -36.47 -36.66 -36.81 -36.97 -37.16 -37.31 -37.50 -37.69 -37.84 -37.97
-34.03 -34.03 -34.03 -34.03 -34.03 -34.00 -33.97 -33.94 -33.88 -33.81 -33.75 -33.69 -33.59 -33.50 -33.44 -33.38 -33.31 -33.25 -33.19 -33.12 -33.06 -32.97 -32.88 -32.75 -32.62 -32.50 -32.41 -32.34 -32.47 -32.59 -32.75 -32.91 -33.03 -33.09 -33.16 -33.25 -33.38 -33.50 -33.62 -33.75 -33.84 -33.94 -34.03 -34.12 -34.22 -34.34 -34.50 -34.66 -34.84 -35.00 -35.16 -35.28 -35.34 -35.44 -35.53 -35.62 -35.75 -35.88 -36.03 -36.19 -36.38 -36.56 -36.72 -36.91 -37.06 -37.22 -37.38 -37.56 -37.72 -37.88 -38.00
-34.00 -34.00 -34.03 -34.03 -34.03 -34.00 -33.97 -33.94 -33.91 -33.84 -33.78 -33.69 -33.59 -33.50 -33.38 -33.31 -33.22 -33.19 -33.12 -33.06 -33.00 -32.94 -32.84 -32.72 -32.59 -32.50 -32.41 -32.34 -32.53 -32.69 -32.84 -33.03 -33.16 -33.25 -33.34 -33.44 -33.53 -33.66 -33.78 -33.91 -34.00 -34.09 -34.16 -34.25 -34.34 -34.47 -34.59 -34.75 -34.91 -35.09 -35.25 -35.41 -35.50 -35.59 -35.66 -35.75 -35.84 -36.00 -36.12 -36.28 -36.47 -36.62 -36.81 -37.00 -37.16 -37.31 -37.47 -37.62 -37.75 -37.91 -38.03
-33.97 -34.00 -34.00 -34.00 -34.00 -34.00 -34.00 -33.97 -33.94 -33.88 -33.81 -33.72 -33.59 -33.47 -33.34 -33.25 -33.16 -33.09 -33.03 -33.00 -32.94 -32.84 -32.78 -32.69 -32.59 -32.47 -32.38 -32.38 -32.56 -32.72 -32.94 -33.12 -33.28 -33.41 -33.50 -33.62 -33.72 -33.84 -33.94 -34.06 -34.16 -34.22 -34.28 -34.38 -34.44 -34.56 -34.69 -34.84 -35.00 -35.19 -35.34 -35.50 -35.66 -35.75 -35.81 -35.91 -36.00 -36.12 -36.25 -36.38 -36.56 -36.72 -36.91 -37.09 -37.25 -37.41 -37.56 -37.69 -37.81 -37.94 -38.06
-33.97 -33.97 -34.00 -34.00 -34.00 -34.00 -34.00 -33.97 -33.94 -33.91 -33.81 -33.72 -33.59 -33.47 -33.34 -33.22 -33.12 -33.03 -32.97 -32.91 -32.84 -32.78 -32.72 -32.62 -32.53 -32.47 -32.38 -32.41 -32.59 -32.78 -32.97 -33.19 -33.38 -33.53 -33.66 -33.78 -33.91 -34.00 -34.12 -34.22 -34.31 -34.38 -34.44 -34.50 -34.56 -34.66 -34.78 -34.94 -35.09 -35.25 -35.44 -35.62 -35.75 -35.88 -36.00 -36.06 -36.16 -36.25 -36.38 -36.50 -36.66 -36.81 -37.00 -37.19 -37.34 -37.50 -37.62 -37.75 -37.88 -37.97 -38.09
-33.94 -33.97 -34.00 -34.00 -34.00 -34.00 -34.00 -33.97 -33.94 -33.91 -33.81 -33.72 -33.59 -33.47 -33.34 -33.22 -33.12 -33.03 -32.94 -32.88 -32.81 -32.72 -32.66 -32.59 -32.50 -32.44 -32.38 -32.47 -32.62 -32.81 -33.03 -33.25 -33.44 -33.62 -33.78 -33.94 -34.06 -34.19 -34.28 -34.38 -34.47 -34.53 -34.59 -34.62 -34.69 -34.78 -34.88 -35.03 -35.19 -35.34 -35.53 -35.72 -35.88 -36.03 -36.12 -36.25 -36.31 -36.41 -36.50 -36.62 -36.75 -36.91 -37.09 -37.25 -37.44 -37.56 -37.69 -37.81 -37.91 -38.03 -38.12
-33.91 -33.94 -33.97 -34.00 -34.00 -34.00 -34.00 -33.97 -33.94 -33.88 -33.81 -33.72 -33.59 -33.47 -33.38 -33.25 -33.12 -33.03 -32.94 -32.88 -32.78 -32.72 -32.62 -32.56 -32.50 -32.41 -32.38 -32.47 -32.66 -32.84 -33.06 -33.31 -33.50 -33.72 -33.88 -34.06 -34.22 -34.34 -34.47 -34.56 -34.66 -34.72 -34.78 -34.81 -34.84 -34.91 -35.00 -35.12 -35.28 -35.44 -35.62 -35.81 -35.97 -36.16 -36.28 -36.41 -36.47 -36.56 -36.62 -36.72 -36.84 -37.00 -37.19 -37.34 -37.50 -37.66 -37.75 -37.88 -37.97 -38.06 -38.16
-33.88 -33.94 -33.97 -34.00 -34.00 -34.00 -34.00 -33.97 -33.91 -33.84 -33.78 -33.69 -33.59 -33.50 -33.38 -33.28 -33.19 -33.09 -33.00 -32.91 -32.81 -32.75 -32.66 -32.56 -32.50 -32.44 -32.38 -32.50 -32.66 -32.88 -33.09 -33.34 -33.56 -33.78 -33.97 -34.16 -34.34 -34.50 -34.62 -34.75 -34.84 -34.91 -34.97 -35.00 -35.03 -35.09 -35.16 -35.25 -35.41 -35.56 -35.75 -35.94 -36.09 -36.28 -36.41 -36.53 -36.62 -36.69 -36.75 -36.84 -36.97 -37.09 -37.25 -37.41 -37.56 -37.69 -37.81 -37.91 -38.00 -38.06 -38.16
-33.88 -33.91 -33.97 -34.00 -34.00 -34.00 -34.00 -33.94 -33.91 -33.84 -33.75 -33.69 -33.59 -33.50 -33.41 -33.31 -33.22 -33.16 -33.06 -33.00 -32.91 -32.81 -32.72 -32.66 -32.56 -32.50 -32.44 -32.50 -32.69 -32.91 -33.12 -33.34 -33.59 -33.81 -34.03 -34.25 -34.44 -34.62 -34.78 -34.91 -35.03 -35.12 -35.19 -35.22 -35.25 -35.28 -35.34 -35.41 -35.53 -35.69 -35.88 -36.06 -36.22 -36.41 -36.56 -36.69 -36.78 -36.81 -36.88 -36.94 -37.03 -37.19 -37.31 -37.47 -37.59 -37.72 -37.81 -37.91 -38.00 -38.06 -38.16
-33.84 -33.91 -33.94 -33.97 -33.97 -33.97 -33.97 -33.94 -33.88 -33.81 -33.72 -33.66 -33.59 -33.53 -33.44 -33.38 -33.28 -33.22 -33.16 -33.09 -33.00 -32.94 -32.84 -32.75 -32.66 -32.59 -32.56 -32.59 -32.75 -32.94 -33.16 -33.38 -33.62 -33.88 -34.12 -34.34 -34.56 -34.75 -34.94 -35.09 -35.22 -35.34 -35.41 -35.44 -35.47 -35.50 -35.56 -35.62 -35.69 -35.84 -36.00 -36.19 -36.34 -36.53 -36.69 -36.81 -36.91 -36.97 -37.00 -37.06 -37.12 -37.25 -37.38 -37.50 -37.59 -37.72 -37.81 -37.91 -38.00 -38.06 -38.12
-33.84 -33.88 -33.91 -33.94 -33.97 -33.94 -33.94 -33.91 -33.84 -33.78 -33.72 -33.66 -33.59 -33.53 -33.47 -33.44 -33.38 -33.31 -33.28 -33.22 -33.12 -33.06 -32.94 -32.84 -32.78 -32.75 -32.72 -32.75 -32.84 -33.00 -33.22 -33.44 -33.69 -33.94 -34.19 -34.44 -34.69 -34.88 -35.06 -35.25 -35.41 -35.53 -35.62 -35.69 -35.72 -35.75 -35.78 -35.84 -35.91 -36.00 -36.16 -36.31 -36.47 -36.66 -36.81 -36.94 -37.03 -37.09 -37.12 -37.16 -37.22 -37.31 -37.41 -37.50 -37.59 -37.72 -37.81 -37.91 -37.97 -38.06 -38.12
-33.81 -33.84 -33.88 -33.91 -33.94 -33.91 -33.91 -33.84 -33.81 -33.75 -33.69 -33.62 -33.59 -33.56 -33.53 -33.50 -33.47 -33.44 -33.41 -33.34 -33.28 -33.19 -33.09 -33.00 -32.94 -32.91 -32.91 -32.94 -33.00 -33.09 -33.28 -33.53 -33.75 -34.03 -34.28 -34.56 -34.78 -35.03 -35.22 -35.41 -35.56 -35.72 -35.81 -35.91 -35.97 -36.00 -36.03 -36.06 -36.12 -36.22 -36.31 -36.47 -36.59 -36.75 -36.91 -37.06 -37.16 -37.22 -37.25 -37.28 -37.34 -37.41 -37.47 -37.56 -37.62 -37.72 -37.81 -37.91 -38.00 -38.06 -38.12
