everonasctiles/Tile41,10.asc
ncols 128
nrows 128
xllcorner 0
yllcorner 0
cellsize 2.0
NODATA_value  -9999
[rows 64 to 95 of 128, columns 0 to 70 of 128]
227.28 224.22 222.91 222.00 221.03 219.81 219.00 218.75 217.50 216.25 215.16 214.59 214.34 215.03 215.19 215.00 214.34 213.41 211.94 209.97 207.75 205.12 201.25 198.41 194.56 193.09 190.91 189.44 188.00 186.56 185.25 184.81 184.16 183.47 183.06 184.41 184.72 184.38 184.59 185.34 185.47 186.19 186.25 186.56 186.59 186.28 185.59 184.75 183.16 182.06 180.34 179.50 178.25 176.75 175.03 173.47 172.00 170.44 168.59 166.72 165.38 164.34 163.00 162.00 161.12 160.22 159.19 158.22 157.38 156.56 155.94
227.25 226.03 225.34 223.94 222.41 221.31 221.06 221.16 220.31 219.50 218.12 215.84 215.53 215.84 216.59 216.38 215.62 214.53 213.41 211.72 209.81 206.94 202.62 200.38 196.94 193.97 192.84 191.50 189.41 187.16 186.78 186.53 186.16 185.44 185.69 185.69 186.34 185.94 186.09 187.06 187.22 187.72 189.81 190.06 188.81 188.38 187.53 186.41 185.12 183.59 182.06 180.66 179.25 177.66 175.94 174.25 172.62 170.75 168.62 166.78 165.88 164.78 163.56 162.66 161.91 161.09 159.91 159.12 158.28 157.53 156.81
229.19 228.56 228.16 227.91 225.44 223.19 222.59 223.28 222.59 221.56 219.94 218.34 218.00 216.78 218.25 218.00 217.12 215.91 215.03 213.56 211.81 208.34 205.94 201.38 199.06 195.38 193.94 192.88 190.50 188.75 188.12 187.84 187.47 187.00 186.94 186.81 187.50 187.28 187.34 188.41 189.94 191.94 191.25 191.03 190.59 190.12 189.19 187.91 186.47 184.91 183.22 181.50 179.84 178.09 176.28 174.44 172.53 170.78 168.19 167.19 166.09 165.16 164.41 163.62 162.88 162.06 161.09 160.06 159.16 158.41 157.72
232.22 230.56 229.81 228.66 227.22 226.34 225.69 225.62 224.78 222.97 221.16 220.72 220.53 220.31 220.44 220.03 219.38 218.31 216.78 215.03 212.94 210.00 207.34 203.44 200.59 198.75 196.69 194.78 192.84 191.66 190.22 188.69 188.09 187.66 188.03 187.97 188.59 189.34 189.72 191.25 191.84 192.62 192.03 192.31 192.31 191.56 190.34 188.88 187.34 185.72 183.88 181.91 179.97 178.09 176.16 174.00 172.28 170.78 168.91 167.91 167.06 166.25 165.38 164.59 163.78 162.91 162.00 161.03 160.31 159.50 158.69
234.31 233.84 232.69 230.25 228.66 228.53 228.22 227.81 226.94 225.81 222.56 222.19 221.97 222.09 222.50 222.34 221.56 220.34 218.69 216.62 214.22 211.12 208.28 206.06 203.19 200.75 198.59 196.53 193.59 192.72 191.09 190.25 189.94 190.47 191.09 190.62 192.03 192.94 193.75 194.72 193.78 193.28 193.50 193.78 193.47 192.41 190.88 189.22 187.53 185.81 183.88 181.78 179.69 178.09 175.97 173.56 172.12 170.84 169.56 168.72 167.97 167.12 166.28 165.44 164.69 163.84 163.09 162.25 161.50 160.69 159.84
235.97 235.47 234.78 234.06 231.59 231.44 230.22 230.06 229.12 227.97 226.72 225.88 224.25 224.66 225.25 224.75 223.88 222.44 220.53 218.19 215.03 212.56 209.28 206.75 204.41 201.66 199.91 197.47 194.56 193.62 192.75 192.78 192.78 193.22 192.97 193.38 193.56 194.34 196.12 196.56 195.56 194.50 195.03 195.06 194.34 192.88 191.06 188.72 187.31 185.53 183.56 181.09 179.44 177.16 174.75 172.78 171.97 170.88 170.16 169.53 168.72 167.97 167.22 166.44 165.72 164.91 164.09 163.47 162.66 161.81 160.94
237.94 236.56 236.31 235.84 235.00 234.56 233.56 232.53 230.84 229.31 228.75 228.28 227.47 227.75 227.62 227.12 226.12 224.50 222.31 219.84 216.38 213.03 208.81 206.94 204.03 201.69 200.12 198.81 197.06 194.78 194.59 194.47 194.25 194.47 194.44 194.53 194.84 195.06 195.88 196.47 195.84 195.66 196.19 196.16 195.12 193.31 190.25 187.59 186.62 185.19 182.75 180.12 178.31 174.75 173.44 172.81 172.12 171.03 170.47 170.19 169.47 168.84 168.16 167.47 166.69 165.94 165.28 164.53 163.72 162.88 162.12
241.06 240.41 238.12 237.06 236.78 236.38 235.56 234.75 233.38 231.50 230.47 230.16 229.78 230.09 229.88 229.34 228.19 226.38 223.88 221.09 217.22 213.75 209.12 207.88 205.59 202.06 200.22 199.31 197.84 195.53 196.16 195.75 196.56 196.81 197.16 196.66 196.16 197.00 197.72 199.16 196.88 196.34 197.22 197.12 195.94 194.00 191.00 187.78 186.44 184.38 181.50 179.69 177.56 175.59 174.22 173.09 172.56 171.41 170.81 170.62 170.16 169.69 169.06 168.31 167.69 166.94 166.34 165.59 164.84 164.03 163.19
243.41 242.34 241.66 240.72 239.47 238.19 237.19 236.22 235.25 234.12 233.25 232.84 232.69 232.59 231.97 231.28 229.91 227.78 225.03 221.97 219.16 216.12 212.84 208.56 207.09 205.12 201.72 199.97 199.31 198.94 198.66 199.47 199.72 199.72 199.66 199.03 199.06 199.62 200.66 200.91 200.16 199.56 198.50 198.06 196.81 194.22 192.06 188.03 186.41 184.19 181.00 179.53 177.94 176.75 174.84 173.56 172.88 172.16 171.38 170.91 170.50 170.31 169.62 168.81 168.28 167.75 167.12 166.50 165.94 165.12 164.19
245.66 244.78 243.75 242.81 241.75 240.34 238.84 237.62 236.69 235.97 235.00 235.16 234.66 234.16 233.72 232.81 231.12 228.59 225.69 222.41 220.44 216.44 213.84 209.69 207.69 206.34 203.47 201.56 200.94 200.72 200.56 201.09 201.38 202.66 202.62 201.28 201.12 202.44 202.47 202.19 201.53 201.28 199.75 198.88 198.09 194.38 192.59 188.78 186.75 184.50 180.91 179.91 179.12 177.47 175.53 174.12 173.47 172.72 172.22 171.84 171.50 170.72 170.28 169.66 168.81 168.28 168.16 167.50 166.97 166.25 165.34
247.38 246.72 245.66 244.53 243.28 242.00 240.75 239.88 237.69 236.81 236.28 236.69 236.12 235.47 234.91 233.78 232.06 228.69 225.53 222.34 220.44 216.50 213.88 211.53 209.06 206.66 205.41 203.84 203.09 203.53 203.06 203.47 205.16 206.34 206.59 206.28 205.56 205.03 204.03 202.88 201.78 201.19 200.50 199.66 199.50 194.69 192.78 189.34 187.25 185.28 181.41 180.25 179.50 178.72 177.66 175.56 174.38 173.59 173.22 172.84 172.53 171.53 171.12 170.53 169.69 169.06 169.09 168.66 168.06 167.78 166.62
248.75 248.06 247.09 245.91 244.62 243.28 242.25 240.94 238.62 237.88 237.78 237.81 236.94 236.50 235.75 235.00 232.00 228.91 224.88 222.44 220.75 218.53 215.09 213.53 210.12 207.47 206.47 206.06 206.25 207.00 207.56 207.88 208.78 210.00 210.88 210.41 209.25 207.59 205.50 203.31 200.97 200.53 201.09 200.53 200.09 195.25 193.31 191.09 188.16 186.28 184.38 182.06 180.59 180.12 179.56 178.19 175.91 174.62 174.16 173.88 173.53 172.75 172.12 171.69 170.81 170.31 170.03 169.69 169.22 168.97 168.22
250.00 249.22 248.25 247.22 245.47 243.72 242.53 241.12 240.03 238.91 238.56 237.91 238.00 237.62 236.66 235.16 233.41 229.25 225.72 222.41 221.09 219.47 216.31 214.72 211.91 209.03 208.00 210.75 211.22 212.62 213.06 214.00 214.91 215.28 215.19 214.34 212.62 210.25 207.38 204.22 200.53 200.88 202.09 201.75 200.47 197.19 194.00 192.16 189.75 187.50 186.53 185.38 183.69 182.53 181.19 179.66 178.38 176.00 175.41 175.50 175.06 174.66 173.66 172.81 172.31 171.84 171.25 170.72 170.41 170.06 169.44
251.16 250.44 249.50 248.38 247.50 244.03 242.78 242.03 241.50 240.41 240.34 240.59 240.09 239.22 237.81 235.94 235.03 232.09 227.00 222.91 221.22 219.06 216.75 215.16 214.09 213.56 214.03 215.75 216.16 218.22 219.88 219.91 220.03 219.75 219.12 217.69 215.56 212.72 209.12 205.59 201.62 201.97 203.69 203.38 201.75 199.88 196.72 193.66 191.94 190.19 188.97 187.19 185.75 184.50 183.31 181.84 181.03 179.62 178.72 177.62 177.78 177.19 176.19 174.91 174.19 173.59 173.12 172.44 171.78 171.28 170.56
252.25 251.56 250.59 249.91 248.88 245.59 243.69 243.53 243.41 242.59 242.28 242.62 242.12 241.22 240.19 237.62 237.62 233.75 227.88 224.62 222.41 221.00 218.97 218.75 219.12 220.38 221.09 221.84 223.56 224.12 224.62 224.72 224.25 223.50 222.28 220.19 218.88 217.22 213.09 207.47 204.81 204.31 205.53 205.28 203.94 201.72 199.03 195.88 193.47 191.56 189.81 188.25 187.06 185.91 184.56 183.53 182.66 181.75 181.09 180.75 180.25 179.53 178.50 177.25 176.06 175.75 175.22 174.38 173.31 172.59 171.75
253.22 252.41 251.75 251.12 249.53 247.97 247.88 248.06 247.94 245.81 245.34 244.59 244.44 243.28 242.16 240.72 239.72 235.28 229.72 227.81 225.09 223.28 222.16 222.28 223.69 225.25 226.38 228.91 229.16 228.94 229.25 228.69 227.75 226.31 224.34 221.66 220.47 220.44 217.75 211.44 207.53 207.03 207.22 207.03 205.81 203.50 200.44 197.28 194.47 192.44 190.75 188.97 188.03 187.00 185.84 184.97 184.31 183.28 182.72 182.53 181.78 181.12 180.16 178.78 177.62 177.09 176.59 175.62 174.72 173.81 172.84
253.78 252.97 252.31 251.41 250.12 250.12 249.75 249.66 249.50 248.84 248.88 247.97 247.44 246.38 244.94 242.72 242.09 238.94 234.25 229.44 229.09 227.06 226.31 227.28 228.75 229.38 229.75 232.09 233.72 233.38 233.00 232.16 230.50 228.25 225.53 223.56 219.38 221.50 219.34 217.12 211.78 208.78 208.72 208.44 207.19 204.81 201.88 197.72 194.09 193.03 191.59 189.28 188.34 187.62 186.84 186.16 184.88 184.34 183.97 183.38 182.88 182.38 181.66 180.25 179.03 178.44 177.66 176.91 175.91 174.94 173.97
254.78 253.72 252.09 252.34 251.66 251.56 251.28 250.97 250.59 250.56 250.62 250.38 249.81 249.12 248.03 245.47 245.34 242.09 237.94 234.84 233.41 230.47 230.88 231.44 233.56 235.06 235.56 236.00 236.41 236.59 236.22 234.91 232.62 229.75 226.03 221.53 218.94 221.03 221.22 220.66 215.09 210.28 210.22 209.56 208.06 205.84 202.78 196.94 194.06 193.28 191.94 189.94 188.59 187.75 187.06 186.69 185.81 185.22 184.41 183.88 183.31 183.00 182.00 181.00 180.03 179.19 178.47 177.84 176.81 175.81 174.97
256.53 256.09 255.31 254.66 255.00 255.22 254.72 253.91 254.22 253.69 253.50 253.25 252.62 252.09 249.75 248.84 248.53 246.69 243.91 242.12 240.38 239.56 235.94 236.62 239.22 238.09 239.72 240.50 239.59 239.59 238.81 237.06 234.38 231.62 227.94 222.53 220.38 222.22 222.62 220.84 219.41 215.06 211.88 210.56 208.66 206.62 203.12 200.41 195.09 193.94 192.56 190.41 188.94 187.91 187.09 186.72 186.41 186.19 185.03 183.59 182.97 182.97 182.09 181.31 180.72 180.12 179.19 178.31 177.47 176.69 175.94
258.53 257.97 257.50 257.12 256.50 256.62 257.31 257.22 257.12 256.38 255.44 255.88 255.62 254.78 254.22 252.62 251.47 249.56 248.59 246.47 244.38 242.03 240.41 241.53 242.09 243.56 243.78 243.56 243.00 242.22 240.94 238.78 235.44 232.03 228.94 225.59 222.06 222.41 222.34 221.94 221.81 218.66 214.50 211.50 208.91 206.75 203.66 200.59 196.31 194.50 193.50 191.31 189.62 188.41 188.03 187.72 187.22 186.28 185.12 183.75 182.50 182.75 182.28 181.88 181.22 180.50 179.81 179.12 178.38 177.59 176.81
261.38 261.22 261.25 259.09 258.47 258.25 260.28 260.06 259.97 258.94 257.34 257.69 257.75 257.03 256.34 255.38 254.06 252.78 251.22 249.22 246.97 246.16 244.94 245.03 246.97 247.19 246.81 246.47 245.59 244.31 242.56 240.38 235.62 234.16 230.78 227.31 224.81 223.06 222.25 222.59 222.19 222.19 218.03 213.28 209.72 207.09 203.03 201.03 198.88 196.78 194.91 193.25 191.34 189.66 188.84 188.53 188.16 187.25 186.03 184.97 183.38 183.38 183.00 182.50 181.88 181.22 180.62 179.94 179.16 178.41 177.62
263.56 263.38 263.34 262.94 261.91 262.19 262.84 262.34 262.22 262.25 261.31 260.44 260.16 259.44 258.47 257.34 256.03 254.81 251.97 250.44 250.03 248.88 248.28 248.97 249.62 249.25 249.12 248.47 247.31 245.72 243.66 241.50 237.47 235.34 233.84 230.66 227.50 224.69 222.47 222.06 221.75 221.12 219.44 215.12 210.38 207.16 204.12 201.25 200.03 198.06 195.81 194.00 192.56 191.78 190.59 188.97 189.06 188.12 187.09 186.34 184.97 184.31 183.53 182.94 182.53 181.97 181.41 180.69 179.91 179.19 178.44
265.41 265.19 265.03 264.56 264.19 263.91 264.16 264.25 264.16 264.00 263.28 262.47 262.00 261.28 260.38 259.12 257.56 256.06 254.72 253.19 251.88 251.47 250.34 250.84 251.31 251.19 250.56 249.50 248.03 246.25 244.12 241.91 239.62 236.72 234.31 231.72 228.91 225.97 223.03 221.25 221.25 221.38 220.34 215.53 210.50 207.22 204.97 202.34 200.66 198.31 195.31 194.19 193.28 192.88 190.56 189.12 189.81 188.78 187.94 187.31 186.25 185.53 184.56 183.72 183.41 182.84 182.12 181.41 180.69 179.88 179.12
266.84 266.91 266.72 265.91 265.62 265.47 265.41 265.84 265.78 265.56 265.09 264.38 263.69 262.91 261.88 260.56 258.97 257.50 256.53 255.19 254.16 252.59 252.06 253.19 253.03 252.41 251.22 249.66 247.88 246.06 244.00 242.19 239.97 237.34 235.06 232.72 229.88 227.41 224.00 221.00 221.12 221.06 222.00 218.03 210.66 207.41 206.19 203.22 200.56 198.44 196.44 194.75 194.38 193.38 191.59 190.72 190.47 190.00 189.03 188.31 187.31 186.53 185.62 184.91 184.03 183.59 182.81 182.06 181.34 180.56 179.81
267.50 267.38 266.72 266.94 266.75 266.91 267.00 267.31 267.31 267.03 266.50 265.75 264.97 264.06 262.94 261.56 260.03 258.59 256.69 255.88 255.09 253.44 254.72 254.47 253.97 252.81 251.19 249.28 246.88 244.28 243.34 242.41 240.31 237.22 235.59 233.72 229.72 227.84 224.16 221.09 220.91 221.06 220.31 219.22 213.12 208.44 206.94 203.75 201.16 199.72 198.47 196.69 195.41 194.22 193.09 192.12 191.34 191.22 190.59 189.59 188.38 187.44 186.69 185.31 184.53 184.00 183.41 182.56 181.97 181.34 180.81
270.00 269.38 269.28 269.34 268.38 267.97 268.06 268.91 268.81 268.44 267.72 266.88 265.88 264.78 263.47 262.06 260.59 259.12 257.22 256.53 255.47 255.62 255.56 255.16 254.16 252.22 250.28 248.78 246.06 244.78 244.09 242.69 240.50 237.00 235.19 233.56 230.97 228.00 224.59 221.91 221.59 220.91 219.66 217.91 214.50 211.03 207.88 206.19 202.44 200.78 200.00 199.12 198.75 196.53 194.81 193.44 192.91 192.75 191.97 190.88 189.09 187.97 187.38 186.00 185.66 184.38 183.72 182.97 182.38 181.94 181.47
271.38 271.50 271.22 271.47 270.81 270.75 270.31 270.38 270.19 269.62 268.78 267.72 266.47 265.12 263.59 262.38 260.91 259.41 258.12 258.00 257.09 256.66 256.12 255.25 254.03 252.41 249.94 248.25 246.47 245.53 243.84 242.41 240.31 237.22 235.56 234.09 230.97 228.97 226.84 223.84 221.91 220.88 219.72 217.00 215.22 213.25 209.06 207.44 205.56 203.16 201.31 201.03 200.66 199.69 197.97 195.97 194.75 194.25 193.28 192.28 190.06 188.25 187.69 187.00 186.56 185.25 184.25 183.84 182.78 182.22 181.81
271.38 271.53 271.56 271.78 272.22 272.31 272.00 271.62 271.31 270.66 269.69 268.44 266.91 264.28 263.03 261.59 260.50 259.41 258.97 258.38 257.81 257.16 256.22 254.94 253.41 251.97 250.12 248.88 247.03 245.28 243.88 242.44 240.84 237.97 236.59 235.47 234.22 232.56 229.78 226.72 222.16 221.28 220.72 220.16 217.97 214.91 212.06 210.25 207.78 206.19 205.84 204.75 203.16 201.47 200.38 198.84 197.31 195.84 194.53 193.81 192.47 190.50 189.06 188.00 187.53 186.19 185.69 185.62 184.47 183.06 183.12
271.19 270.69 271.19 271.66 272.00 272.25 272.38 272.41 272.12 271.47 270.47 269.44 267.50 265.12 263.41 261.72 260.66 259.81 259.50 258.91 258.16 257.53 256.44 253.72 252.81 251.91 250.97 249.66 248.69 246.88 244.66 243.38 241.88 240.56 238.59 236.47 235.81 235.06 233.69 228.41 224.03 222.62 222.31 221.88 220.19 218.53 217.53 214.03 211.59 210.38 209.03 207.47 206.03 204.69 202.56 201.00 199.22 197.47 195.03 194.78 193.59 192.69 191.47 189.78 188.44 187.72 187.56 186.97 186.38 185.22 185.16
269.81 270.31 270.88 271.66 272.06 272.31 272.44 272.53 272.59 272.06 271.25 270.47 268.81 265.53 263.88 262.09 260.91 260.97 260.56 259.59 258.22 256.81 255.91 254.19 252.53 251.84 250.88 250.44 249.91 248.72 247.34 244.50 242.81 241.59 240.56 237.81 239.56 237.00 235.25 232.22 228.81 226.03 223.72 223.09 221.91 221.56 220.75 218.50 217.25 214.81 212.44 210.09 207.78 206.78 205.03 203.03 201.06 199.00 195.28 195.09 194.25 193.88 193.25 191.50 191.19 190.00 189.53 188.94 187.31 186.59 186.72
269.41 269.91 270.84 271.25 271.91 272.44 272.50 272.56 272.62 272.53 271.84 270.69 269.22 267.00 264.84 263.38 262.44 262.03 260.75 258.41 257.31 256.72 255.59 254.69 254.09 251.91 250.97 250.66 250.75 249.56 248.41 246.44 243.97 242.69 241.66 241.28 240.94 239.69 238.16 235.47 232.53 229.00 227.78 227.22 225.59 226.38 224.38 222.66 220.66 218.03 215.03 211.84 208.78 207.94 206.84 205.19 201.69 199.72 198.38 195.78 195.06 194.88 194.09 193.31 193.09 192.78 192.25 191.38 189.09 187.94 188.75
269.03 269.81 269.84 269.97 270.66 271.22 271.97 272.62 272.69 272.75 272.09 271.03 269.56 267.94 266.59 265.38 264.16 263.09 262.09 260.19 259.19 258.56 256.75 256.12 255.12 253.28 251.53 251.38 251.31 250.53 249.44 248.28 245.16 243.31 242.91 243.03 243.06 242.09 240.38 238.56 235.94 232.59 230.25 229.38 228.78 227.81 226.75 225.31 223.06 220.00 216.66 213.25 210.25 209.41 208.34 206.56 204.25 201.00 199.78 198.12 196.03 195.25 195.03 194.56 194.38 193.97 193.59 193.28 192.25 191.19 192.44
