everonasctiles/Tile[4,22].asc
ncols 128
nrows 128
xllcorner 0
yllcorner 0
cellsize 2.0
NODATA_value  -9999
[rows 70 to 104 of 128, columns 0 to 79 of 128]
-3.50 -3.31 -3.12 -3.00 -2.81 -2.69 -2.62 -2.50 -2.34 -2.22 -2.09 -1.97 -1.88 -1.78 -1.69 -1.66 -1.66 -1.66 -1.66 -1.66 -1.66 -1.66 -1.66 -1.66 -1.66 -1.66 -1.66 -1.66 -1.66 -1.66 -1.66 -1.66 -1.66 -1.66 -1.62 -1.62 -1.62 -1.62 -1.59 -1.59 -1.62 -1.62 -1.62 -1.62 -1.62 -1.62 -1.62 -1.62 -1.62 -1.62 -1.62 -1.59 -1.56 -1.53 -1.50 -1.47 -1.44 -1.41 -1.41 -1.41 -1.38 -1.34 -1.28 -1.22 -1.12 -1.06 -1.00 -0.91 -0.84 -0.75 -0.69 -0.59 -0.47 -0.34 -0.19 -0.06 0.06 0.22 0.34 0.44
-3.84 -3.66 -3.50 -3.31 -3.12 -2.97 -2.81 -2.66 -2.50 -2.38 -2.22 -2.09 -1.97 -1.84 -1.75 -1.66 -1.66 -1.66 -1.66 -1.66 -1.66 -1.66 -1.66 -1.66 -1.66 -1.66 -1.66 -1.62 -1.62 -1.62 -1.66 -1.62 -1.62 -1.62 -1.66 -1.66 -1.62 -1.62 -1.62 -1.62 -1.62 -1.62 -1.62 -1.62 -1.62 -1.62 -1.62 -1.62 -1.66 -1.66 -1.66 -1.62 -1.59 -1.59 -1.56 -1.53 -1.53 -1.50 -1.50 -1.50 -1.50 -1.47 -1.41 -1.34 -1.28 -1.22 -1.16 -1.09 -1.00 -0.94 -0.88 -0.81 -0.69 -0.56 -0.41 -0.31 -0.16 0.00 0.12 0.25
-4.03 -3.75 -3.62 -3.44 -3.19 -3.12 -3.00 -2.81 -2.69 -2.53 -2.38 -2.22 -2.06 -1.94 -1.81 -1.69 -1.66 -1.66 -1.66 -1.66 -1.66 -1.62 -1.66 -1.66 -1.66 -1.62 -1.59 -1.50 -1.47 -1.53 -1.59 -1.50 -1.47 -1.53 -1.62 -1.62 -1.62 -1.66 -1.66 -1.66 -1.66 -1.66 -1.66 -1.66 -1.66 -1.66 -1.66 -1.66 -1.66 -1.66 -1.66 -1.66 -1.62 -1.62 -1.59 -1.59 -1.59 -1.59 -1.59 -1.59 -1.59 -1.56 -1.50 -1.44 -1.38 -1.34 -1.28 -1.22 -1.16 -1.09 -1.03 -0.97 -0.88 -0.75 -0.62 -0.50 -0.38 -0.22 -0.09 0.06
-4.09 -3.72 -3.66 -3.19 -3.03 -3.19 -2.94 -2.97 -2.88 -2.72 -2.53 -2.38 -2.22 -2.03 -1.91 -1.75 -1.69 -1.66 -1.66 -1.62 -1.59 -1.56 -1.59 -1.62 -1.59 -1.56 -1.53 -1.25 -1.12 -1.34 -1.56 -1.25 -1.12 -1.38 -1.56 -1.59 -1.62 -1.66 -1.66 -1.66 -1.66 -1.66 -1.66 -1.66 -1.66 -1.66 -1.66 -1.66 -1.66 -1.66 -1.66 -1.66 -1.66 -1.62 -1.62 -1.62 -1.62 -1.62 -1.66 -1.66 -1.62 -1.59 -1.56 -1.53 -1.47 -1.44 -1.41 -1.34 -1.31 -1.25 -1.19 -1.12 -1.03 -0.91 -0.78 -0.69 -0.53 -0.41 -0.28 -0.12
-4.31 -4.00 -3.84 -3.34 -3.28 -3.25 -3.16 -3.22 -3.09 -2.91 -2.72 -2.53 -2.34 -2.16 -2.00 -1.84 -1.72 -1.62 -1.62 -1.56 -1.47 -1.41 -1.53 -1.53 -1.47 -1.41 -1.38 -1.06 -0.97 -1.44 -1.41 -1.06 -0.97 -1.41 -1.50 -1.59 -1.62 -1.62 -1.66 -1.66 -1.62 -1.62 -1.62 -1.62 -1.66 -1.66 -1.66 -1.66 -1.66 -1.66 -1.66 -1.66 -1.66 -1.66 -1.66 -1.66 -1.66 -1.66 -1.66 -1.66 -1.66 -1.62 -1.62 -1.59 -1.56 -1.53 -1.50 -1.47 -1.41 -1.38 -1.34 -1.25 -1.16 -1.06 -0.94 -0.84 -0.72 -0.56 -0.44 -0.31
-4.78 -4.59 -4.38 -3.97 -3.88 -3.81 -3.59 -3.50 -3.34 -3.12 -2.94 -2.72 -2.53 -2.31 -2.16 -1.94 -1.78 -1.66 -1.53 -1.34 -1.31 -1.31 -1.41 -1.31 -1.31 -1.28 -1.34 -1.19 -1.06 -1.41 -1.38 -1.22 -1.12 -1.38 -1.50 -1.56 -1.59 -1.62 -1.62 -1.62 -1.62 -1.62 -1.62 -1.62 -1.62 -1.62 -1.66 -1.66 -1.66 -1.66 -1.66 -1.66 -1.66 -1.66 -1.66 -1.66 -1.66 -1.66 -1.66 -1.66 -1.66 -1.66 -1.66 -1.66 -1.62 -1.59 -1.56 -1.53 -1.53 -1.50 -1.44 -1.34 -1.28 -1.19 -1.09 -0.97 -0.84 -0.75 -0.62 -0.50
-5.28 -5.09 -4.84 -4.53 -4.34 -4.25 -3.97 -3.78 -3.62 -3.41 -3.16 -2.94 -2.72 -2.50 -2.28 -2.00 -1.62 -1.47 -1.28 -1.03 -1.03 -1.22 -1.16 -1.12 -1.28 -1.47 -1.38 -1.31 -1.44 -1.47 -1.41 -1.31 -1.38 -1.41 -1.47 -1.53 -1.56 -1.59 -1.59 -1.59 -1.56 -1.56 -1.56 -1.56 -1.59 -1.62 -1.62 -1.66 -1.66 -1.66 -1.66 -1.66 -1.66 -1.66 -1.66 -1.66 -1.66 -1.66 -1.66 -1.66 -1.66 -1.66 -1.66 -1.66 -1.66 -1.66 -1.62 -1.62 -1.59 -1.56 -1.50 -1.44 -1.38 -1.28 -1.19 -1.09 -1.00 -0.88 -0.75 -0.62
-5.62 -5.50 -5.31 -5.06 -4.81 -4.62 -4.31 -4.16 -3.91 -3.66 -3.38 -3.19 -2.97 -2.69 -2.44 -2.06 -1.41 -1.22 -1.25 -1.09 -0.88 -1.09 -1.16 -1.19 -1.47 -1.72 -1.62 -1.59 -1.66 -1.66 -1.59 -1.53 -1.41 -1.41 -1.44 -1.47 -1.50 -1.53 -1.56 -1.53 -1.50 -1.47 -1.47 -1.50 -1.53 -1.59 -1.62 -1.62 -1.66 -1.66 -1.66 -1.66 -1.66 -1.66 -1.66 -1.66 -1.66 -1.66 -1.66 -1.66 -1.66 -1.66 -1.66 -1.66 -1.66 -1.66 -1.66 -1.66 -1.62 -1.59 -1.56 -1.50 -1.44 -1.38 -1.28 -1.19 -1.09 -0.97 -0.75 -0.56
-5.97 -5.91 -5.69 -5.47 -5.22 -4.97 -4.66 -4.47 -4.22 -3.97 -3.66 -3.44 -3.19 -2.94 -2.69 -2.44 -2.19 -1.84 -2.00 -1.78 -1.94 -1.66 -1.81 -1.62 -1.81 -1.84 -1.81 -1.78 -1.78 -1.69 -1.47 -1.56 -1.38 -1.34 -1.34 -1.38 -1.44 -1.47 -1.50 -1.47 -1.41 -1.38 -1.34 -1.41 -1.47 -1.56 -1.59 -1.62 -1.66 -1.66 -1.66 -1.66 -1.66 -1.66 -1.66 -1.66 -1.66 -1.66 -1.66 -1.66 -1.66 -1.66 -1.66 -1.66 -1.66 -1.66 -1.66 -1.66 -1.62 -1.59 -1.56 -1.50 -1.44 -1.38 -1.31 -1.06 -0.94 -0.88 -0.59 -0.25
-6.44 -6.28 -6.06 -5.81 -5.44 -5.19 -4.94 -4.78 -4.44 -4.16 -3.91 -3.72 -3.50 -3.22 -2.97 -2.75 -2.53 -2.47 -2.41 -2.31 -2.16 -2.16 -2.12 -2.06 -2.03 -1.97 -1.94 -1.91 -1.84 -1.66 -1.31 -1.22 -1.28 -1.25 -1.25 -1.28 -1.34 -1.44 -1.44 -1.41 -1.34 -1.25 -1.25 -1.31 -1.41 -1.50 -1.56 -1.62 -1.62 -1.66 -1.66 -1.66 -1.66 -1.66 -1.66 -1.66 -1.66 -1.66 -1.66 -1.66 -1.66 -1.66 -1.66 -1.66 -1.66 -1.62 -1.62 -1.59 -1.50 -1.44 -1.44 -1.38 -1.25 -1.34 -1.25 -0.78 -0.53 -0.59 -0.50 -0.16
-6.81 -6.66 -6.44 -6.16 -5.53 -5.28 -5.19 -5.09 -4.50 -4.22 -4.12 -4.06 -3.81 -3.53 -3.34 -3.12 -2.91 -2.72 -2.66 -2.56 -2.44 -2.31 -2.28 -2.22 -2.19 -2.16 -2.09 -2.06 -2.00 -1.69 -1.34 -1.22 -1.22 -1.19 -1.22 -1.25 -1.34 -1.41 -1.44 -1.41 -1.31 -1.22 -1.19 -1.25 -1.34 -1.47 -1.53 -1.59 -1.62 -1.66 -1.66 -1.66 -1.66 -1.66 -1.66 -1.66 -1.66 -1.66 -1.66 -1.66 -1.66 -1.66 -1.66 -1.66 -1.62 -1.53 -1.47 -1.44 -1.38 -1.31 -1.19 -1.12 -1.12 -1.31 -1.16 -0.59 -0.31 -0.78 -0.69 -0.44
-7.19 -7.00 -6.78 -6.44 -5.97 -5.66 -5.62 -5.44 -4.94 -4.62 -4.56 -4.44 -4.19 -3.97 -3.75 -3.53 -2.94 -2.56 -2.75 -2.75 -2.31 -2.06 -2.28 -2.34 -2.41 -2.38 -2.28 -2.22 -2.12 -2.00 -1.53 -1.47 -1.22 -1.19 -1.22 -1.28 -1.38 -1.44 -1.47 -1.44 -1.34 -1.25 -1.22 -1.25 -1.34 -1.44 -1.53 -1.59 -1.66 -1.69 -1.69 -1.69 -1.66 -1.66 -1.66 -1.66 -1.66 -1.62 -1.66 -1.66 -1.66 -1.66 -1.66 -1.62 -1.59 -1.38 -1.38 -1.34 -1.31 -1.25 -1.19 -0.94 -1.25 -1.34 -1.19 -0.88 -0.59 -0.94 -0.91 -0.97
-7.56 -7.38 -7.16 -6.75 -6.38 -6.25 -6.12 -5.78 -5.38 -5.22 -5.06 -4.88 -4.66 -4.41 -4.06 -3.53 -3.12 -2.94 -2.97 -2.75 -2.44 -2.34 -2.53 -2.69 -2.69 -2.59 -2.50 -2.38 -2.22 -1.94 -1.25 -1.06 -1.19 -1.22 -1.28 -1.34 -1.47 -1.53 -1.59 -1.56 -1.47 -1.38 -1.31 -1.31 -1.34 -1.44 -1.53 -1.62 -1.69 -1.72 -1.72 -1.72 -1.69 -1.66 -1.62 -1.66 -1.66 -1.59 -1.62 -1.66 -1.66 -1.62 -1.62 -1.47 -1.19 -1.22 -1.31 -1.31 -1.31 -1.28 -1.25 -1.06 -1.50 -1.50 -1.28 -1.09 -1.22 -1.28 -1.34 -1.38
-7.91 -7.72 -7.53 -7.28 -7.03 -6.81 -6.59 -6.34 -6.06 -5.81 -5.56 -5.34 -5.09 -4.78 -4.34 -3.97 -3.56 -3.44 -3.34 -3.16 -2.72 -2.81 -3.00 -3.03 -2.94 -2.84 -2.72 -2.59 -2.38 -2.09 -1.28 -0.94 -1.31 -1.34 -1.41 -1.50 -1.59 -1.69 -1.75 -1.72 -1.66 -1.56 -1.50 -1.44 -1.44 -1.47 -1.56 -1.66 -1.75 -1.78 -1.78 -1.75 -1.72 -1.66 -1.56 -1.62 -1.62 -1.56 -1.59 -1.62 -1.62 -1.62 -1.53 -1.34 -0.66 -1.19 -1.31 -1.34 -1.34 -1.34 -1.38 -1.47 -1.62 -1.62 -1.59 -1.47 -1.56 -1.59 -1.53 -1.53
-8.09 -8.03 -7.88 -7.66 -7.47 -7.25 -7.03 -6.72 -6.44 -6.25 -6.06 -5.75 -5.44 -5.00 -4.47 -4.16 -4.06 -3.84 -3.47 -3.25 -3.09 -3.31 -3.44 -3.34 -3.25 -3.09 -2.97 -2.78 -2.66 -2.53 -2.34 -1.78 -1.56 -1.53 -1.56 -1.69 -1.81 -1.91 -1.94 -1.97 -1.91 -1.84 -1.72 -1.62 -1.59 -1.59 -1.66 -1.75 -1.84 -1.88 -1.88 -1.81 -1.75 -1.72 -1.53 -1.47 -1.44 -1.44 -1.53 -1.62 -1.62 -1.62 -1.62 -1.59 -1.56 -1.25 -1.38 -1.44 -1.44 -1.44 -1.53 -1.66 -1.66 -1.62 -1.66 -1.62 -1.62 -1.56 -1.25 -1.38
-8.31 -8.25 -8.16 -8.03 -7.84 -7.66 -7.41 -7.00 -6.56 -6.50 -6.47 -6.03 -5.59 -5.34 -5.03 -4.88 -4.84 -4.50 -3.69 -3.50 -3.62 -3.81 -3.81 -3.59 -3.47 -3.38 -3.16 -2.88 -2.59 -2.44 -2.16 -2.00 -1.62 -1.66 -1.78 -1.94 -2.06 -2.16 -2.22 -2.25 -2.22 -2.12 -2.00 -1.91 -1.81 -1.78 -1.81 -1.91 -1.97 -2.03 -2.00 -1.91 -1.78 -1.69 -1.56 -1.16 -0.97 -1.16 -1.47 -1.59 -1.62 -1.66 -1.66 -1.59 -1.44 -1.34 -1.31 -1.44 -1.50 -1.53 -1.56 -1.59 -1.66 -1.66 -1.66 -1.66 -1.59 -1.41 -0.91 -0.88
-8.66 -8.47 -8.50 -8.34 -8.22 -8.03 -7.81 -7.31 -6.81 -6.78 -6.75 -6.38 -5.84 -5.69 -5.47 -5.25 -5.28 -4.97 -3.72 -3.22 -3.62 -4.16 -4.06 -3.69 -3.56 -3.56 -3.44 -3.16 -2.78 -2.59 -2.06 -1.62 -1.44 -1.78 -2.06 -2.25 -2.38 -2.47 -2.53 -2.56 -2.53 -2.47 -2.34 -2.22 -2.09 -2.03 -2.03 -2.09 -2.16 -2.19 -2.16 -2.06 -1.56 -1.41 -1.47 -1.34 -1.09 -1.25 -1.53 -1.62 -1.62 -1.66 -1.66 -1.47 -1.38 -1.28 -1.22 -1.19 -0.94 -1.03 -1.31 -1.53 -1.62 -1.66 -1.66 -1.66 -1.62 -1.25 -0.88 -0.84
-8.94 -8.81 -8.75 -8.69 -8.59 -8.44 -8.28 -7.88 -7.34 -7.09 -7.09 -6.91 -6.41 -6.09 -5.97 -5.91 -5.91 -5.38 -4.41 -3.84 -4.16 -4.44 -4.28 -3.88 -3.75 -3.81 -3.75 -3.44 -3.09 -2.84 -1.91 -1.34 -1.91 -2.09 -2.44 -2.62 -2.75 -2.84 -2.91 -2.91 -2.88 -2.81 -2.69 -2.56 -2.44 -2.38 -2.34 -2.38 -2.41 -2.44 -2.41 -2.28 -1.91 -1.69 -1.72 -1.59 -1.50 -1.50 -1.59 -1.62 -1.66 -1.62 -1.53 -1.38 -1.28 -1.19 -1.12 -1.09 -1.03 -0.94 -1.38 -1.59 -1.66 -1.66 -1.66 -1.66 -1.66 -1.62 -1.22 -1.28
-9.12 -9.03 -9.00 -9.03 -8.91 -8.78 -8.62 -8.38 -7.84 -7.38 -7.44 -7.50 -6.94 -6.41 -6.44 -6.59 -6.34 -5.69 -4.91 -4.59 -4.53 -4.44 -4.19 -4.03 -4.03 -4.06 -3.94 -3.69 -3.16 -2.56 -1.97 -1.81 -2.22 -2.84 -2.97 -3.06 -3.16 -3.22 -3.25 -3.25 -3.22 -3.16 -3.06 -2.94 -2.84 -2.75 -2.72 -2.69 -2.72 -2.72 -2.72 -2.50 -2.22 -2.25 -2.28 -2.22 -2.06 -1.91 -1.72 -1.66 -1.66 -1.53 -1.41 -1.28 -1.19 -1.12 -1.06 -1.06 -1.09 -1.19 -1.50 -1.62 -1.66 -1.66 -1.66 -1.66 -1.66 -1.66 -1.47 -1.44
-9.34 -9.25 -9.22 -9.34 -9.31 -9.16 -9.00 -8.81 -8.41 -7.88 -7.78 -8.00 -7.50 -6.91 -6.84 -7.03 -6.75 -6.38 -5.69 -5.19 -4.72 -4.56 -4.47 -4.47 -4.38 -4.28 -4.31 -3.97 -3.22 -2.81 -2.50 -2.62 -3.00 -3.06 -3.25 -3.47 -3.56 -3.62 -3.62 -3.62 -3.56 -3.47 -3.38 -3.31 -3.22 -3.16 -3.12 -3.09 -3.09 -3.12 -3.12 -3.06 -2.94 -2.84 -2.75 -2.62 -2.44 -2.22 -1.91 -1.59 -1.59 -1.44 -1.31 -1.19 -1.12 -1.06 -1.03 -1.06 -1.19 -1.41 -1.59 -1.62 -1.66 -1.66 -1.66 -1.66 -1.66 -1.66 -1.59 -1.59
-9.50 -9.50 -9.62 -9.59 -9.59 -9.47 -9.31 -9.16 -8.94 -8.53 -8.34 -8.41 -8.12 -7.62 -7.44 -7.47 -7.22 -6.84 -6.38 -5.81 -5.19 -4.84 -4.91 -4.94 -4.75 -4.69 -4.84 -4.22 -3.38 -3.16 -3.12 -3.22 -3.28 -3.25 -3.59 -3.84 -4.03 -4.06 -4.03 -3.97 -3.88 -3.78 -3.69 -3.62 -3.59 -3.59 -3.59 -3.56 -3.56 -3.56 -3.53 -3.47 -3.41 -3.28 -3.16 -2.88 -2.62 -2.44 -2.06 -1.44 -1.38 -1.34 -1.28 -1.19 -1.12 -1.09 -1.00 -1.09 -1.31 -1.53 -1.53 -1.53 -1.62 -1.66 -1.66 -1.59 -1.59 -1.56 -1.38 -1.19
-9.72 -9.84 -9.88 -9.94 -9.81 -9.69 -9.53 -9.41 -9.25 -9.06 -8.84 -8.72 -8.50 -8.25 -8.06 -7.84 -7.59 -7.22 -6.84 -6.56 -5.84 -5.31 -5.00 -5.25 -5.22 -5.22 -5.31 -4.88 -4.06 -3.81 -3.94 -3.75 -3.69 -3.56 -3.88 -4.34 -4.50 -4.50 -4.47 -4.38 -4.22 -4.06 -3.91 -3.91 -3.97 -4.09 -4.09 -4.06 -4.06 -4.03 -3.97 -3.91 -3.81 -3.69 -3.50 -3.03 -2.53 -2.53 -2.34 -1.59 -1.34 -1.34 -1.31 -1.31 -1.28 -1.19 -0.97 -1.09 -1.38 -1.47 -1.25 -1.19 -1.41 -1.56 -1.53 -1.31 -1.09 -1.06 -1.19 -1.12
-10.09 -10.12 -10.28 -10.16 -10.03 -9.91 -9.72 -9.53 -9.47 -9.34 -9.16 -8.97 -8.81 -8.66 -8.44 -8.22 -7.97 -7.72 -7.44 -7.09 -6.69 -6.03 -5.34 -5.31 -5.56 -5.69 -5.78 -5.44 -4.75 -4.38 -4.34 -4.28 -4.03 -3.78 -4.09 -4.69 -4.94 -4.94 -4.91 -4.84 -4.69 -4.34 -4.00 -4.09 -4.41 -4.62 -4.62 -4.59 -4.53 -4.47 -4.41 -4.31 -4.22 -4.12 -3.91 -3.31 -2.69 -2.75 -2.72 -2.16 -1.59 -1.50 -1.50 -1.56 -1.59 -1.59 -1.38 -1.22 -1.28 -1.38 -1.09 -0.97 -1.22 -1.47 -1.50 -1.28 -1.00 -1.03 -1.19 -1.12
-10.66 -10.50 -10.53 -10.22 -10.22 -10.09 -9.88 -9.50 -9.56 -9.53 -9.38 -8.91 -8.72 -8.62 -8.59 -8.28 -8.00 -7.78 -7.66 -7.53 -7.31 -6.72 -5.81 -5.38 -5.69 -5.91 -6.12 -5.91 -5.44 -5.12 -5.03 -4.81 -4.59 -4.25 -4.41 -4.97 -5.25 -5.38 -5.34 -5.28 -5.12 -4.72 -4.41 -4.59 -4.62 -4.88 -4.91 -4.97 -4.97 -4.94 -4.88 -4.78 -4.69 -4.59 -4.44 -4.00 -3.28 -3.00 -3.06 -2.69 -2.09 -1.97 -2.12 -2.16 -2.25 -2.09 -1.78 -1.28 -1.09 -1.16 -1.00 -0.94 -1.12 -1.31 -1.47 -1.28 -1.06 -1.16 -0.94 -1.00
-11.19 -10.81 -10.31 -9.94 -10.22 -10.09 -9.84 -9.16 -9.38 -9.62 -9.56 -9.00 -8.56 -8.59 -8.66 -8.22 -7.97 -7.81 -7.78 -7.69 -7.62 -7.19 -6.16 -5.41 -5.75 -6.31 -6.47 -6.34 -6.12 -6.00 -5.75 -5.44 -5.06 -4.66 -4.75 -5.09 -5.31 -5.69 -5.75 -5.72 -5.53 -5.00 -4.62 -4.78 -5.00 -5.16 -5.28 -5.44 -5.44 -5.41 -5.31 -5.22 -5.12 -5.00 -4.88 -4.59 -3.84 -3.19 -3.44 -3.44 -2.72 -2.44 -2.72 -2.81 -2.59 -2.31 -1.84 -1.31 -1.25 -1.28 -1.09 -1.09 -1.06 -1.28 -1.44 -1.19 -1.00 -1.19 -1.22 -1.16
-11.50 -11.06 -10.16 -10.03 -10.31 -10.38 -9.75 -9.09 -9.31 -9.62 -9.53 -9.12 -8.75 -8.56 -8.50 -8.28 -8.06 -7.81 -7.75 -7.62 -7.66 -7.47 -6.81 -5.94 -6.00 -6.69 -6.72 -6.75 -6.62 -6.47 -6.28 -6.16 -5.81 -5.34 -5.00 -5.09 -5.56 -5.97 -6.16 -6.16 -6.06 -5.69 -5.31 -5.31 -5.53 -5.62 -5.81 -5.84 -5.91 -5.84 -5.75 -5.66 -5.56 -5.44 -5.28 -5.03 -4.47 -3.69 -3.75 -4.12 -3.56 -3.25 -3.28 -3.19 -2.94 -2.72 -2.28 -1.78 -1.50 -1.44 -1.47 -1.28 -1.22 -1.53 -1.69 -1.50 -1.28 -1.34 -1.47 -1.47
-11.69 -11.06 -10.41 -10.22 -10.41 -10.34 -9.66 -9.06 -9.22 -9.56 -9.34 -9.12 -9.19 -9.12 -8.84 -8.78 -8.88 -8.59 -8.19 -8.06 -8.22 -8.00 -7.56 -6.84 -6.69 -6.94 -6.97 -7.12 -7.19 -7.12 -7.06 -6.91 -6.72 -6.16 -5.38 -5.44 -6.03 -6.31 -6.53 -6.56 -6.56 -6.31 -6.06 -6.06 -6.03 -6.12 -6.19 -6.31 -6.31 -6.25 -6.19 -6.09 -5.97 -5.81 -5.66 -5.47 -5.19 -4.56 -4.41 -4.53 -4.22 -3.97 -3.78 -3.59 -3.38 -3.12 -2.84 -2.34 -1.72 -1.75 -2.16 -1.81 -1.66 -1.91 -2.00 -1.84 -1.69 -1.75 -1.81 -1.75
-12.12 -11.53 -11.09 -10.94 -10.69 -10.31 -9.88 -9.53 -9.41 -9.41 -9.31 -9.34 -9.50 -9.59 -9.50 -9.41 -9.34 -9.16 -8.97 -8.78 -8.62 -8.38 -8.03 -7.47 -7.34 -7.28 -7.19 -7.50 -7.69 -7.62 -7.56 -7.44 -7.22 -6.88 -6.12 -6.16 -6.50 -6.72 -6.78 -6.97 -7.00 -6.81 -6.62 -6.56 -6.53 -6.59 -6.66 -6.75 -6.75 -6.69 -6.59 -6.47 -6.34 -6.19 -6.00 -5.81 -5.59 -5.25 -5.00 -4.88 -4.66 -4.41 -4.19 -3.97 -3.75 -3.47 -3.25 -3.06 -2.34 -2.38 -2.50 -2.34 -2.22 -2.25 -2.25 -2.16 -2.00 -1.97 -1.97 -1.91
-12.44 -12.16 -11.84 -11.59 -11.16 -10.84 -10.66 -10.34 -10.03 -9.88 -9.75 -9.72 -9.81 -9.81 -9.72 -9.62 -9.50 -9.22 -9.19 -9.00 -8.75 -8.53 -8.34 -7.81 -7.62 -7.50 -7.41 -7.72 -7.88 -7.94 -7.88 -7.88 -7.75 -7.41 -7.06 -6.91 -7.06 -7.03 -7.19 -7.41 -7.41 -7.31 -7.19 -7.12 -7.09 -7.09 -7.16 -7.19 -7.16 -7.06 -6.94 -6.81 -6.69 -6.50 -6.06 -5.91 -5.91 -5.66 -5.38 -5.16 -4.97 -4.78 -4.28 -3.91 -3.69 -3.62 -3.62 -3.38 -3.09 -2.97 -2.97 -2.75 -2.59 -2.53 -2.47 -2.41 -2.31 -2.22 -2.12 -2.06
-12.84 -12.59 -12.38 -12.16 -11.78 -11.56 -11.34 -11.06 -10.75 -10.53 -10.34 -10.16 -9.94 -9.97 -9.88 -9.69 -9.50 -8.81 -9.12 -9.12 -8.88 -8.59 -8.41 -8.22 -8.12 -7.56 -7.34 -7.53 -7.88 -8.09 -8.16 -8.25 -8.25 -8.03 -7.75 -7.56 -7.66 -7.50 -7.72 -7.84 -7.84 -7.75 -7.69 -7.66 -7.62 -7.59 -7.59 -7.56 -7.50 -7.09 -7.06 -6.78 -6.75 -6.50 -5.78 -5.72 -5.94 -5.94 -5.66 -4.94 -4.78 -4.66 -4.28 -3.91 -3.59 -3.62 -3.59 -3.59 -3.56 -3.38 -3.31 -3.16 -3.00 -2.88 -2.75 -2.62 -2.50 -2.38 -2.31 -2.22
-13.25 -13.00 -12.72 -12.50 -12.22 -11.97 -11.69 -11.44 -11.16 -10.88 -10.59 -10.28 -9.53 -9.94 -10.00 -9.72 -9.25 -8.28 -8.88 -9.12 -8.91 -8.53 -8.25 -8.31 -8.41 -7.75 -7.12 -7.16 -7.50 -7.66 -8.06 -8.44 -8.59 -8.62 -8.41 -8.34 -8.16 -8.12 -8.19 -8.22 -8.19 -8.16 -8.06 -8.03 -7.97 -7.97 -7.47 -7.72 -7.47 -6.69 -6.66 -6.22 -6.88 -6.66 -6.03 -5.81 -5.84 -5.94 -5.59 -4.91 -4.66 -4.56 -4.53 -4.00 -3.59 -3.41 -3.31 -3.50 -3.72 -3.75 -3.66 -3.50 -3.31 -3.19 -3.03 -2.88 -2.72 -2.59 -2.53 -2.41
-13.56 -13.28 -13.06 -12.78 -12.50 -12.25 -11.94 -11.56 -11.22 -10.91 -10.47 -9.75 -9.00 -9.56 -9.97 -10.03 -9.25 -8.47 -8.72 -8.94 -8.47 -8.00 -8.09 -8.31 -8.34 -7.97 -7.22 -6.88 -6.81 -7.06 -7.84 -8.44 -8.84 -8.94 -8.94 -8.78 -8.69 -8.62 -8.59 -8.56 -8.50 -8.47 -8.41 -8.25 -8.12 -7.72 -7.25 -7.59 -7.44 -7.03 -6.62 -6.50 -6.78 -6.69 -6.00 -5.50 -5.75 -5.81 -5.47 -5.28 -4.97 -4.53 -4.41 -4.16 -4.16 -3.94 -3.84 -4.06 -4.16 -4.09 -3.94 -3.75 -3.59 -3.44 -3.34 -3.19 -3.00 -2.81 -2.66 -2.53
-13.88 -13.50 -13.31 -13.06 -12.75 -12.50 -12.06 -11.53 -11.16 -10.97 -10.41 -9.47 -8.94 -9.56 -10.09 -9.91 -9.38 -8.59 -8.47 -8.44 -7.81 -7.62 -8.00 -8.41 -8.38 -7.91 -7.69 -7.31 -6.94 -7.25 -8.16 -8.69 -8.97 -9.12 -9.28 -9.19 -9.09 -8.97 -8.91 -8.84 -8.78 -8.75 -8.66 -8.53 -8.22 -7.62 -7.44 -7.75 -7.78 -7.44 -7.19 -6.91 -6.88 -6.81 -6.03 -5.44 -5.50 -5.69 -5.75 -5.84 -5.84 -5.50 -4.94 -4.84 -5.12 -5.03 -4.84 -4.69 -4.53 -4.41 -4.19 -3.94 -3.78 -3.66 -3.59 -3.44 -3.22 -3.00 -2.84 -2.78
-14.16 -13.84 -13.53 -13.31 -13.06 -12.62 -12.16 -11.69 -11.41 -11.22 -10.72 -9.97 -9.47 -10.00 -9.97 -9.84 -9.53 -8.62 -8.28 -7.75 -7.66 -7.94 -8.34 -8.62 -8.56 -8.41 -8.16 -7.69 -7.69 -7.84 -8.22 -8.62 -9.00 -9.16 -9.31 -9.41 -9.38 -9.25 -9.16 -9.06 -8.97 -8.84 -8.84 -8.75 -8.53 -8.03 -8.00 -8.31 -8.31 -8.06 -7.75 -7.44 -7.12 -6.88 -6.47 -6.12 -6.12 -6.34 -6.38 -6.44 -6.47 -6.28 -6.00 -5.81 -5.69 -5.50 -5.25 -4.94 -4.75 -4.56 -4.19 -3.88 -3.81 -3.72 -3.69 -3.59 -3.34 -3.16 -3.03 -3.00
-14.38 -14.16 -13.88 -13.50 -13.09 -12.69 -12.50 -12.16 -11.78 -11.47 -11.22 -10.75 -10.28 -10.09 -9.97 -10.03 -9.84 -9.28 -8.53 -8.16 -8.06 -8.25 -8.88 -8.91 -8.94 -9.09 -8.88 -8.19 -8.00 -8.16 -8.31 -8.72 -8.94 -9.16 -9.22 -9.31 -9.41 -9.47 -9.34 -9.22 -9.09 -8.97 -8.97 -8.91 -8.69 -8.53 -8.47 -8.66 -8.69 -8.66 -8.50 -8.16 -7.62 -7.44 -7.31 -7.12 -7.22 -7.25 -7.09 -6.94 -6.81 -6.62 -6.41 -6.19 -5.97 -5.72 -5.44 -5.00 -4.75 -4.59 -4.34 -4.12 -3.94 -3.78 -3.72 -3.62 -3.47 -3.28 -3.25 -3.31
