everonasctiles/Tile18,30.asc
ncols 128
nrows 128
xllcorner 0
yllcorner 0
cellsize 2.0
NODATA_value  -9999
[rows 64 to 95 of 128, columns 0 to 70 of 128]
113.72 114.03 114.31 114.66 114.97 115.28 115.62 115.97 116.34 116.69 117.06 117.47 117.84 118.25 118.66 119.06 119.47 119.88 120.31 120.72 121.16 121.59 122.03 122.50 122.91 123.31 123.72 124.12 124.53 124.91 125.25 125.50 125.69 125.81 125.94 126.09 126.56 126.88 127.28 127.78 127.78 127.78 127.78 127.78 127.81 127.81 127.81 128.12 128.72 128.97 129.22 129.47 129.59 129.59 129.44 129.19 129.06 129.12 129.16 129.22 129.28 129.31 129.38 129.41 129.56 129.94 130.38 130.75 130.88 130.91 130.91
113.88 114.19 114.47 114.78 115.09 115.41 115.75 116.09 116.44 116.81 117.19 117.56 117.97 118.38 118.78 119.19 119.62 120.06 120.50 120.94 121.38 121.84 122.31 122.75 123.19 123.56 123.97 124.38 124.78 125.19 125.50 125.72 125.94 126.03 126.16 126.28 126.69 126.97 127.38 127.88 127.91 127.91 127.91 127.91 127.91 127.91 127.91 128.22 128.78 128.94 129.03 129.06 129.03 128.94 128.94 128.97 129.03 129.09 129.16 129.19 129.25 129.28 129.44 129.84 130.38 130.78 130.91 130.94 130.97 130.97 131.00
114.06 114.34 114.62 114.91 115.22 115.53 115.88 116.22 116.56 116.94 117.31 117.69 118.09 118.50 118.94 119.34 119.78 120.22 120.66 121.12 121.59 122.06 122.56 123.00 123.41 123.81 124.19 124.59 125.00 125.44 125.75 125.94 126.12 126.28 126.38 126.50 126.81 127.06 127.44 128.00 128.00 128.00 128.00 128.00 128.00 128.00 128.00 128.22 128.62 128.66 128.69 128.75 128.81 128.88 128.91 128.97 129.00 129.06 129.12 129.16 129.28 129.66 130.19 130.66 130.88 130.94 130.97 131.00 131.03 131.06 131.06
114.22 114.50 114.78 115.06 115.38 115.69 116.00 116.34 116.69 117.06 117.44 117.81 118.22 118.66 119.06 119.50 119.94 120.41 120.84 121.31 121.78 122.28 122.78 123.25 123.66 124.03 124.38 124.78 125.16 125.59 125.94 126.12 126.31 126.50 126.59 126.69 126.94 127.16 127.50 128.09 128.09 128.09 128.09 128.09 128.12 128.12 128.12 128.25 128.56 128.62 128.69 128.75 128.78 128.84 128.91 128.94 129.00 129.06 129.22 129.50 129.91 130.31 130.59 130.75 130.88 130.94 131.00 131.06 131.09 131.12 131.16
114.41 114.69 114.94 115.25 115.53 115.84 116.16 116.50 116.84 117.19 117.56 117.97 118.38 118.81 119.22 119.66 120.12 120.56 121.03 121.50 122.00 122.50 123.00 123.50 123.88 124.25 124.59 124.94 125.38 125.75 126.12 126.31 126.50 126.69 126.81 126.91 127.09 127.25 127.59 128.19 128.22 128.22 128.22 128.22 128.22 128.22 128.22 128.31 128.56 128.62 128.69 128.72 128.78 128.84 128.88 128.94 129.19 129.50 129.81 130.12 130.31 130.44 130.62 130.78 130.91 131.00 131.06 131.09 131.16 131.19 131.22
114.59 114.84 115.12 115.41 115.69 116.00 116.31 116.66 117.00 117.34 117.72 118.12 118.53 118.97 119.38 119.84 120.28 120.75 121.22 121.69 122.19 122.69 123.22 123.72 124.09 124.47 124.81 125.19 125.53 125.94 126.28 126.53 126.72 126.88 127.00 127.09 127.25 127.38 127.66 128.31 128.31 128.31 128.31 128.31 128.31 128.31 128.31 128.38 128.56 128.62 128.66 128.72 128.81 128.97 129.28 129.59 129.84 130.03 130.12 130.25 130.38 130.50 130.66 130.81 130.94 131.03 131.09 131.16 131.22 131.25 131.28
114.75 115.03 115.31 115.59 115.88 116.19 116.50 116.81 117.16 117.50 117.88 118.28 118.69 119.12 119.56 120.00 120.47 120.94 121.41 121.88 122.38 122.88 123.38 123.91 124.31 124.69 125.06 125.44 125.81 126.19 126.53 126.81 126.94 127.09 127.19 127.28 127.41 127.47 127.72 128.41 128.41 128.41 128.41 128.41 128.44 128.44 128.44 128.47 128.59 128.62 128.69 128.78 129.09 129.47 129.84 129.97 130.00 130.09 130.19 130.31 130.44 130.56 130.72 130.88 131.00 131.09 131.16 131.22 131.28 131.31 131.38
114.94 115.19 115.47 115.75 116.06 116.34 116.66 117.00 117.34 117.69 118.06 118.44 118.88 119.28 119.72 120.19 120.66 121.09 121.59 122.06 122.56 123.06 123.56 124.06 124.56 124.94 125.31 125.72 126.09 126.50 126.84 127.12 127.22 127.31 127.38 127.47 127.56 127.56 127.78 128.50 128.53 128.53 128.53 128.53 128.53 128.53 128.53 128.56 128.69 128.69 128.72 128.62 128.97 129.41 129.75 129.94 130.06 130.16 130.28 130.41 130.53 130.66 130.78 130.91 131.03 131.16 131.22 131.28 131.34 131.41 131.44
115.09 115.38 115.66 115.94 116.25 116.53 116.84 117.19 117.53 117.88 118.25 118.62 119.03 119.47 119.91 120.38 120.81 121.28 121.75 122.25 122.72 123.22 123.72 124.19 124.69 125.19 125.59 126.00 126.44 126.81 127.19 127.47 127.50 127.53 127.59 127.66 127.72 127.66 127.84 128.62 128.62 128.62 128.62 128.62 128.62 128.62 128.62 128.66 128.72 128.72 128.72 128.62 128.84 129.31 129.66 129.94 130.12 130.25 130.34 130.47 130.59 130.72 130.84 130.97 131.09 131.19 131.28 131.34 131.41 131.44 131.47
115.25 115.56 115.84 116.12 116.44 116.75 117.06 117.38 117.72 118.06 118.44 118.81 119.22 119.66 120.09 120.56 121.00 121.47 121.94 122.44 122.91 123.38 123.88 124.34 124.84 125.34 125.84 126.31 126.78 127.19 127.56 127.78 127.81 127.78 127.78 127.84 127.91 127.78 127.91 128.72 128.72 128.72 128.72 128.72 128.75 128.75 128.75 128.75 128.72 128.72 128.72 128.69 128.75 129.25 129.66 129.97 130.19 130.34 130.44 130.56 130.69 130.78 130.91 131.03 131.12 131.25 131.34 131.41 131.44 131.47 131.50
115.44 115.75 116.03 116.34 116.62 116.94 117.25 117.59 117.91 118.28 118.62 119.03 119.44 119.84 120.28 120.75 121.19 121.66 122.12 122.59 123.06 123.56 124.03 124.53 125.00 125.50 126.00 126.53 127.03 127.47 127.84 128.09 128.09 128.00 128.00 128.03 128.06 127.88 128.00 128.81 128.84 128.84 128.84 128.84 128.84 128.84 128.84 128.88 128.75 128.75 128.75 128.78 128.72 129.22 129.69 130.09 130.31 130.44 130.56 130.66 130.75 130.88 130.97 131.09 131.19 131.28 131.38 131.44 131.47 131.50 131.50
115.62 115.94 116.25 116.53 116.84 117.16 117.47 117.81 118.12 118.50 118.84 119.22 119.62 120.06 120.47 120.94 121.38 121.84 122.31 122.78 123.25 123.72 124.19 124.69 125.19 125.69 126.19 126.72 127.25 127.72 128.09 128.38 128.38 128.22 128.19 128.19 128.22 128.00 128.06 128.94 128.94 128.94 128.94 128.94 128.94 128.94 128.94 129.00 128.78 128.81 128.84 128.84 128.75 129.28 129.75 130.16 130.44 130.56 130.66 130.75 130.84 130.94 131.03 131.16 131.25 131.31 131.41 131.44 131.50 131.53 131.53
115.84 116.12 116.44 116.75 117.06 117.38 117.72 118.03 118.38 118.72 119.06 119.44 119.84 120.25 120.69 121.12 121.56 122.03 122.50 122.97 123.41 123.88 124.38 124.84 125.34 125.84 126.38 126.91 127.44 127.91 128.28 128.56 128.59 128.44 128.38 128.34 128.38 128.12 128.12 129.03 129.03 129.03 129.03 129.03 129.06 129.06 129.06 129.12 128.84 128.91 128.91 128.91 128.81 129.34 129.84 130.22 130.50 130.69 130.75 130.84 130.94 131.03 131.12 131.22 131.28 131.38 131.44 131.47 131.53 131.53 131.56
116.03 116.34 116.66 116.97 117.31 117.62 117.94 118.28 118.59 118.94 119.31 119.66 120.06 120.47 120.88 121.31 121.75 122.22 122.66 123.12 123.59 124.06 124.53 125.00 125.50 126.00 126.53 127.06 127.56 128.03 128.44 128.69 128.78 128.59 128.50 128.50 128.50 128.25 128.25 129.12 129.12 129.16 129.16 129.16 129.16 129.16 129.16 129.22 129.00 128.97 128.97 129.00 128.91 129.44 129.94 130.34 130.59 130.78 130.88 130.94 131.03 131.09 131.19 131.25 131.34 131.41 131.47 131.50 131.56 131.56 131.59
116.22 116.56 116.88 117.22 117.53 117.84 118.19 118.50 118.84 119.19 119.53 119.91 120.28 120.66 121.09 121.50 121.94 122.41 122.84 123.28 123.75 124.22 124.69 125.16 125.66 126.16 126.66 127.19 127.69 128.12 128.53 128.78 128.88 128.72 128.62 128.59 128.62 128.41 128.34 129.25 129.25 129.25 129.25 129.25 129.25 129.28 129.28 129.31 129.19 129.03 129.06 129.06 128.94 129.47 130.03 130.47 130.75 130.91 131.00 131.03 131.09 131.19 131.25 131.31 131.41 131.47 131.50 131.56 131.59 131.59 131.62
116.44 116.75 117.09 117.44 117.75 118.09 118.44 118.75 119.09 119.41 119.75 120.12 120.50 120.88 121.28 121.72 122.12 122.56 123.00 123.47 123.91 124.34 124.81 125.28 125.78 126.28 126.78 127.28 127.78 128.22 128.59 128.84 128.94 128.81 128.72 128.69 128.72 128.53 128.47 129.34 129.34 129.34 129.34 129.38 129.38 129.38 129.38 129.41 129.34 129.12 129.12 129.12 129.00 129.50 130.09 130.62 130.97 131.09 131.09 131.12 131.19 131.25 131.31 131.38 131.44 131.50 131.56 131.59 131.62 131.66 131.66
116.62 116.97 117.31 117.66 118.00 118.34 118.66 119.00 119.31 119.66 120.00 120.34 120.72 121.09 121.50 121.91 122.31 122.75 123.19 123.62 124.06 124.50 124.94 125.41 125.88 126.38 126.88 127.38 127.84 128.28 128.66 128.91 128.97 128.84 128.78 128.78 128.81 128.69 128.56 129.44 129.47 129.47 129.47 129.47 129.47 129.47 129.50 129.50 129.53 129.22 129.22 129.25 129.12 129.47 130.16 130.78 131.19 131.28 131.25 131.25 131.28 131.34 131.41 131.47 131.53 131.56 131.62 131.66 131.69 131.69 131.69
116.81 117.16 117.50 117.88 118.22 118.56 118.91 119.25 119.56 119.91 120.25 120.59 120.94 121.31 121.69 122.09 122.50 122.91 123.34 123.78 124.19 124.62 125.06 125.53 126.00 126.47 126.97 127.44 127.91 128.34 128.69 128.97 129.03 128.91 128.84 128.84 128.91 128.81 128.72 129.56 129.56 129.56 129.56 129.56 129.59 129.59 129.59 129.59 129.69 129.31 129.31 129.34 129.31 129.59 130.28 130.94 131.38 131.41 131.34 131.34 131.38 131.41 131.47 131.53 131.59 131.66 131.69 131.72 131.75 131.75 131.75
117.00 117.38 117.72 118.06 118.44 118.78 119.12 119.47 119.81 120.16 120.47 120.81 121.16 121.53 121.91 122.28 122.69 123.09 123.50 123.94 124.34 124.75 125.19 125.62 126.09 126.56 127.03 127.50 127.97 128.41 128.75 129.00 129.06 128.97 128.94 128.94 128.97 128.94 128.84 129.66 129.66 129.69 129.69 129.69 129.69 129.69 129.69 129.69 129.91 129.41 129.41 129.44 129.44 129.75 130.41 131.06 131.50 131.53 131.44 131.44 131.47 131.50 131.56 131.62 131.69 131.72 131.78 131.78 131.81 131.81 131.78
117.22 117.56 117.91 118.28 118.66 119.00 119.38 119.72 120.06 120.38 120.72 121.06 121.41 121.75 122.12 122.50 122.88 123.28 123.69 124.09 124.47 124.91 125.31 125.75 126.19 126.62 127.09 127.59 128.03 128.47 128.81 129.06 129.12 129.06 129.03 129.03 129.06 129.06 128.97 129.75 129.78 129.78 129.78 129.78 129.78 129.81 129.81 129.81 130.16 129.53 129.53 129.53 129.53 129.88 130.53 131.22 131.62 131.66 131.56 131.53 131.56 131.62 131.69 131.72 131.78 131.81 131.84 131.88 131.88 131.88 131.84
117.41 117.75 118.12 118.50 118.88 119.25 119.59 119.94 120.28 120.62 120.94 121.28 121.62 121.97 122.31 122.69 123.09 123.47 123.84 124.25 124.62 125.03 125.44 125.84 126.28 126.72 127.19 127.66 128.09 128.53 128.91 129.12 129.19 129.16 129.09 129.12 129.16 129.16 129.09 129.84 129.88 129.88 129.91 129.91 129.91 129.91 129.91 129.91 130.41 129.72 129.62 129.62 129.62 129.97 130.62 131.34 131.81 131.81 131.72 131.69 131.69 131.75 131.78 131.84 131.91 131.94 131.97 131.97 131.97 131.94 131.91
117.59 117.94 118.31 118.72 119.09 119.47 119.84 120.19 120.53 120.84 121.19 121.53 121.84 122.19 122.56 122.91 123.28 123.66 124.03 124.41 124.78 125.16 125.56 125.94 126.34 126.78 127.25 127.72 128.16 128.59 128.97 129.22 129.28 129.25 129.19 129.22 129.25 129.28 129.22 129.91 130.00 130.00 130.00 130.00 130.00 130.00 130.03 130.03 130.66 130.00 129.72 129.75 129.78 130.09 130.75 131.44 131.97 132.06 131.91 131.84 131.84 131.88 131.94 131.97 132.03 132.06 132.06 132.06 132.06 132.03 131.97
117.78 118.16 118.53 118.91 119.31 119.69 120.06 120.41 120.75 121.09 121.44 121.75 122.09 122.44 122.78 123.16 123.53 123.88 124.25 124.59 124.97 125.31 125.69 126.06 126.44 126.88 127.31 127.78 128.22 128.66 129.06 129.31 129.38 129.34 129.31 129.28 129.31 129.38 129.38 129.97 130.09 130.09 130.09 130.12 130.12 130.12 130.12 130.12 130.88 130.28 129.88 129.88 129.91 130.19 130.84 131.53 132.12 132.25 132.16 132.09 132.03 132.06 132.09 132.12 132.16 132.19 132.19 132.19 132.12 132.09 132.03
117.97 118.34 118.72 119.12 119.50 119.91 120.28 120.66 121.00 121.34 121.66 122.00 122.34 122.69 123.03 123.38 123.75 124.09 124.44 124.78 125.12 125.47 125.81 126.16 126.53 126.94 127.38 127.81 128.28 128.72 129.12 129.41 129.50 129.47 129.41 129.38 129.41 129.47 129.50 130.06 130.19 130.22 130.22 130.22 130.22 130.22 130.22 130.25 130.94 130.41 130.00 130.03 130.06 130.22 130.84 131.66 132.28 132.44 132.34 132.31 132.25 132.25 132.28 132.28 132.31 132.31 132.31 132.28 132.22 132.16 132.09
118.16 118.53 118.91 119.31 119.72 120.12 120.50 120.88 121.22 121.56 121.91 122.22 122.56 122.91 123.28 123.62 123.97 124.31 124.66 124.97 125.31 125.62 125.94 126.28 126.62 127.03 127.44 127.88 128.31 128.78 129.19 129.47 129.59 129.56 129.50 129.47 129.47 129.53 129.56 130.09 130.28 130.31 130.31 130.31 130.34 130.34 130.34 130.38 130.94 130.47 130.16 130.16 130.19 130.25 130.75 131.81 132.59 132.59 132.56 132.56 132.53 132.47 132.47 132.47 132.47 132.47 132.44 132.38 132.28 132.22 132.12
118.34 118.72 119.12 119.53 119.94 120.34 120.72 121.09 121.44 121.78 122.12 122.47 122.81 123.16 123.50 123.88 124.22 124.53 124.88 125.19 125.47 125.78 126.06 126.38 126.72 127.09 127.50 127.94 128.38 128.81 129.22 129.56 129.72 129.69 129.62 129.56 129.56 129.59 129.66 130.06 130.41 130.41 130.41 130.44 130.44 130.47 130.47 130.47 130.91 130.56 130.28 130.31 130.34 130.38 130.91 131.78 132.53 132.81 132.84 132.81 132.75 132.69 132.69 132.66 132.62 132.59 132.53 132.44 132.34 132.25 132.19
118.53 118.91 119.31 119.72 120.12 120.56 120.94 121.31 121.66 122.00 122.34 122.69 123.03 123.38 123.75 124.09 124.44 124.75 125.06 125.34 125.62 125.91 126.22 126.50 126.81 127.19 127.56 127.97 128.41 128.84 129.25 129.59 129.81 129.81 129.72 129.69 129.66 129.69 129.72 130.03 130.50 130.53 130.53 130.53 130.56 130.56 130.59 130.59 130.88 130.66 130.44 130.47 130.50 130.53 131.12 131.84 132.50 132.94 133.03 133.06 133.00 132.94 132.88 132.81 132.75 132.69 132.59 132.50 132.41 132.31 132.22
118.72 119.09 119.50 119.94 120.34 120.75 121.16 121.53 121.88 122.22 122.56 122.91 123.25 123.59 123.94 124.28 124.62 124.94 125.25 125.53 125.81 126.06 126.34 126.62 126.94 127.25 127.62 128.00 128.44 128.84 129.25 129.62 129.88 129.91 129.84 129.81 129.78 129.78 129.81 130.00 130.62 130.62 130.66 130.66 130.66 130.69 130.69 130.69 130.88 130.84 130.62 130.62 130.62 130.66 131.25 131.91 132.56 133.06 133.25 133.25 133.22 133.16 133.09 133.00 132.88 132.78 132.66 132.56 132.47 132.34 132.25
118.94 119.31 119.72 120.12 120.56 120.97 121.34 121.72 122.09 122.44 122.78 123.12 123.47 123.81 124.16 124.50 124.81 125.12 125.41 125.69 125.94 126.22 126.47 126.75 127.03 127.34 127.69 128.06 128.47 128.88 129.28 129.69 129.97 130.03 129.97 129.94 129.91 129.91 129.91 130.00 130.72 130.75 130.75 130.75 130.78 130.78 130.81 130.81 130.91 131.09 130.88 130.75 130.78 130.81 131.31 131.94 132.62 133.19 133.41 133.41 133.38 133.34 133.22 133.09 132.97 132.84 132.72 132.59 132.50 132.38 132.28
119.12 119.53 119.94 120.34 120.75 121.16 121.53 121.91 122.28 122.62 122.97 123.31 123.66 124.00 124.34 124.69 125.00 125.28 125.56 125.84 126.09 126.34 126.59 126.88 127.16 127.44 127.78 128.12 128.50 128.91 129.31 129.72 130.03 130.16 130.09 130.06 130.06 130.06 130.00 130.00 130.84 130.84 130.88 130.88 130.88 130.91 130.91 130.94 130.94 131.47 131.16 130.91 130.94 130.97 131.19 131.94 132.72 133.25 133.44 133.47 133.47 133.44 133.31 133.19 133.06 132.91 132.78 132.62 132.53 132.41 132.28
119.38 119.75 120.16 120.56 120.97 121.34 121.72 122.09 122.44 122.81 123.16 123.50 123.84 124.19 124.53 124.84 125.16 125.44 125.72 126.00 126.25 126.50 126.75 127.00 127.28 127.56 127.88 128.22 128.56 128.97 129.38 129.75 130.12 130.28 130.25 130.22 130.22 130.22 130.12 130.03 130.94 130.97 130.97 131.00 131.00 131.00 131.03 131.06 131.06 131.81 131.44 131.06 131.09 131.12 131.19 131.97 132.66 133.22 133.50 133.56 133.56 133.50 133.41 133.31 133.16 133.00 132.84 132.69 132.56 132.44 132.31
119.56 119.97 120.38 120.78 121.16 121.53 121.91 122.25 122.62 122.97 123.31 123.66 124.00 124.34 124.69 125.00 125.31 125.59 125.88 126.16 126.41 126.66 126.91 127.16 127.41 127.69 127.97 128.28 128.66 129.03 129.41 129.81 130.19 130.41 130.41 130.38 130.38 130.38 130.25 130.09 131.00 131.06 131.06 131.09 131.12 131.12 131.16 131.16 131.19 131.97 131.69 131.22 131.25 131.28 131.28 132.03 132.66 133.19 133.53 133.66 133.66 133.59 133.53 133.38 133.25 133.09 132.91 132.75 132.59 132.47 132.31
