everonasctiles/Tile26,16.asc
ncols 128
nrows 128
xllcorner 0
yllcorner 0
cellsize 2.0
NODATA_value  -9999
[rows 0 to 34 of 128, columns 0 to 77 of 128]
-2.47 -2.41 -2.31 -2.25 -2.16 -2.06 -2.00 -1.94 -1.84 -1.78 -1.69 -1.62 -1.56 -1.50 -1.44 -1.38 -1.28 -1.22 -1.16 -1.09 -1.03 -0.91 -0.78 -0.62 -0.47 -0.25 -0.03 0.19 0.44 0.72 1.03 1.34 1.69 2.06 2.47 2.91 3.38 3.75 4.97 6.38 7.25 7.72 8.12 8.34 8.31 8.28 8.25 8.22 8.06 8.47 9.00 10.22 11.62 12.88 13.66 14.28 14.91 15.50 16.06 16.62 17.19 17.75 18.34 18.91 19.47 20.03 20.56 21.00 21.47 21.84 22.16 22.47 23.00 23.06 23.16 23.25 23.34 23.44
-2.50 -2.44 -2.34 -2.25 -2.19 -2.09 -2.03 -1.94 -1.88 -1.78 -1.72 -1.66 -1.56 -1.50 -1.44 -1.38 -1.31 -1.25 -1.19 -1.09 -1.00 -0.91 -0.75 -0.59 -0.41 -0.22 0.00 0.25 0.50 0.75 1.06 1.38 1.72 2.09 2.50 2.94 3.34 3.62 4.72 6.09 7.56 8.12 8.47 8.62 8.56 8.50 8.44 8.41 8.22 8.56 9.34 10.56 11.97 12.97 13.72 14.34 14.97 15.56 16.16 16.72 17.28 17.81 18.41 18.97 19.56 20.09 20.56 21.06 21.50 21.84 22.12 22.69 22.84 22.91 23.00 23.06 23.12 23.25
-2.53 -2.47 -2.38 -2.28 -2.22 -2.12 -2.03 -1.97 -1.88 -1.81 -1.75 -1.66 -1.59 -1.53 -1.44 -1.38 -1.31 -1.19 -1.06 -0.94 -0.78 -0.66 -0.50 -0.34 -0.19 0.00 0.19 0.38 0.59 0.81 1.09 1.41 1.75 2.12 2.53 2.97 3.41 3.75 4.94 6.44 7.91 8.47 8.81 8.84 8.78 8.75 8.69 8.62 8.50 9.00 9.75 10.97 12.28 13.16 13.84 14.50 15.12 15.66 16.22 16.78 17.38 17.94 18.50 19.09 19.62 20.19 20.69 21.09 21.44 21.78 22.12 22.62 22.69 22.78 22.84 22.91 22.97 23.06
-2.59 -2.50 -2.41 -2.31 -2.25 -2.16 -2.06 -2.00 -1.91 -1.84 -1.75 -1.69 -1.59 -1.53 -1.47 -1.38 -1.22 -1.06 -0.88 -0.72 -0.59 -0.47 -0.34 -0.19 0.00 0.19 0.38 0.56 0.75 0.94 1.16 1.47 1.78 2.16 2.59 3.06 3.53 4.16 5.50 6.91 8.31 8.81 9.09 9.09 9.03 8.97 8.94 8.84 8.81 9.31 10.16 11.41 12.62 13.34 14.03 14.56 15.16 15.78 16.34 16.84 17.44 18.00 18.59 19.12 19.72 20.25 20.66 21.03 21.41 21.72 22.25 22.50 22.56 22.62 22.69 22.75 22.81 22.91
-2.62 -2.53 -2.44 -2.34 -2.28 -2.19 -2.09 -2.00 -1.94 -1.84 -1.78 -1.69 -1.62 -1.53 -1.47 -1.31 -1.12 -0.91 -0.78 -0.66 -0.53 -0.38 -0.25 -0.09 0.09 0.28 0.47 0.69 0.88 1.06 1.25 1.50 1.84 2.22 2.66 3.16 3.69 4.56 6.03 7.44 8.72 9.09 9.34 9.31 9.28 9.22 9.16 9.06 9.16 9.59 10.56 11.78 12.91 13.59 14.22 14.81 15.38 15.84 16.41 16.94 17.44 18.03 18.69 19.28 19.81 20.25 20.66 21.03 21.41 21.75 22.31 22.38 22.44 22.47 22.53 22.59 22.66 22.78
-2.66 -2.56 -2.47 -2.38 -2.28 -2.22 -2.12 -2.03 -1.94 -1.88 -1.78 -1.72 -1.62 -1.56 -1.44 -1.25 -1.03 -0.84 -0.72 -0.56 -0.44 -0.31 -0.16 0.00 0.16 0.34 0.53 0.72 0.94 1.12 1.38 1.59 1.91 2.28 2.75 3.28 3.84 4.81 6.31 7.69 8.88 9.38 9.59 9.56 9.50 9.47 9.41 9.25 9.47 9.94 10.94 12.19 13.16 13.81 14.44 15.00 15.56 16.09 16.62 17.16 17.78 18.38 18.97 19.56 19.97 20.34 20.72 21.16 21.53 21.91 22.19 22.25 22.31 22.34 22.41 22.47 22.53 22.75
-2.69 -2.59 -2.50 -2.41 -2.31 -2.22 -2.16 -2.06 -1.97 -1.88 -1.81 -1.72 -1.66 -1.56 -1.44 -1.16 -0.94 -0.78 -0.66 -0.50 -0.38 -0.22 -0.09 0.06 0.22 0.41 0.59 0.78 0.97 1.19 1.44 1.66 1.97 2.38 2.84 3.41 4.00 4.91 6.34 7.75 9.12 9.62 9.81 9.78 9.75 9.72 9.69 9.47 9.75 10.38 11.38 12.50 13.34 14.00 14.59 15.16 15.72 16.22 16.75 17.50 18.34 19.09 19.53 19.91 20.25 20.81 21.31 21.75 21.94 22.03 22.09 22.12 22.19 22.25 22.28 22.34 22.41 22.66
-2.72 -2.62 -2.53 -2.44 -2.34 -2.25 -2.16 -2.09 -2.00 -1.91 -1.81 -1.75 -1.66 -1.59 -1.41 -1.12 -0.94 -0.75 -0.59 -0.47 -0.31 -0.19 -0.03 0.12 0.28 0.44 0.59 0.78 0.97 1.19 1.47 1.69 2.03 2.44 2.94 3.50 4.09 5.12 6.53 8.00 9.41 9.94 10.09 10.06 10.00 9.97 9.94 9.84 10.12 10.78 11.84 12.94 13.62 14.22 14.78 15.34 15.84 16.38 17.06 18.03 18.94 19.66 19.97 20.31 20.97 21.56 21.81 22.00 22.03 21.97 22.00 22.03 22.06 22.12 22.16 22.22 22.31 22.69
-2.75 -2.66 -2.56 -2.47 -2.38 -2.28 -2.19 -2.09 -2.00 -1.94 -1.84 -1.75 -1.69 -1.53 -1.34 -1.09 -0.91 -0.75 -0.59 -0.44 -0.28 -0.16 0.00 0.12 0.28 0.44 0.59 0.78 0.97 1.19 1.47 1.72 2.06 2.50 3.03 3.62 4.25 5.44 6.84 8.41 9.81 10.28 10.34 10.31 10.28 10.25 10.19 10.16 10.44 11.12 12.19 13.25 13.91 14.47 15.03 15.56 16.03 16.66 17.53 18.56 19.50 19.97 20.28 20.84 21.16 21.47 21.75 21.97 21.91 21.91 21.94 21.97 22.00 22.03 22.06 22.09 22.50 22.75
-2.78 -2.69 -2.59 -2.50 -2.41 -2.31 -2.22 -2.12 -2.03 -1.94 -1.88 -1.78 -1.66 -1.50 -1.28 -1.09 -0.91 -0.72 -0.56 -0.41 -0.28 -0.16 0.00 0.12 0.28 0.44 0.59 0.75 0.94 1.16 1.44 1.75 2.12 2.56 3.12 3.72 4.38 5.66 7.09 8.62 10.00 10.47 10.53 10.53 10.53 10.53 10.53 10.53 10.84 11.53 12.53 13.50 14.12 14.72 15.25 15.75 16.34 17.16 18.03 18.94 19.72 20.12 20.38 20.72 21.00 21.25 21.56 21.88 21.78 21.81 21.84 21.88 21.91 21.94 21.97 22.09 22.56 22.81
-2.81 -2.72 -2.62 -2.53 -2.44 -2.34 -2.25 -2.16 -2.06 -1.97 -1.88 -1.78 -1.62 -1.47 -1.28 -1.09 -0.91 -0.72 -0.56 -0.41 -0.28 -0.16 0.00 0.12 0.25 0.41 0.56 0.72 0.88 1.09 1.41 1.72 2.16 2.66 3.19 3.81 4.47 5.91 7.16 8.81 10.28 10.72 10.81 10.81 10.81 10.84 10.84 10.88 11.16 11.84 12.81 13.75 14.38 14.94 15.47 16.03 16.81 17.66 18.44 19.19 19.72 20.03 20.28 20.50 20.78 21.06 21.38 21.69 21.72 21.75 21.78 21.81 21.84 21.88 21.91 22.25 22.56 22.81
-2.84 -2.75 -2.66 -2.56 -2.47 -2.34 -2.25 -2.16 -2.06 -2.00 -1.91 -1.78 -1.62 -1.47 -1.28 -1.09 -0.91 -0.72 -0.56 -0.44 -0.28 -0.16 -0.03 0.09 0.22 0.38 0.50 0.66 0.81 1.03 1.34 1.75 2.19 2.72 3.28 3.88 4.53 6.00 7.50 8.66 10.16 10.81 11.00 11.00 11.03 11.06 11.09 11.19 11.44 12.03 12.94 13.88 14.56 15.12 15.75 16.47 17.28 18.06 18.72 19.28 19.59 19.78 20.03 20.28 20.53 20.81 21.25 21.59 21.62 21.66 21.69 21.72 21.75 21.81 21.88 22.25 22.53 22.81
-2.88 -2.78 -2.69 -2.56 -2.47 -2.38 -2.28 -2.19 -2.09 -2.00 -1.91 -1.78 -1.62 -1.47 -1.28 -1.09 -0.91 -0.75 -0.59 -0.44 -0.31 -0.19 -0.06 0.06 0.19 0.31 0.44 0.59 0.72 0.94 1.34 1.75 2.25 2.75 3.34 3.94 4.53 5.62 7.09 8.50 10.00 10.94 11.16 11.22 11.25 11.31 11.34 11.41 11.62 12.16 13.00 14.03 14.78 15.41 16.16 16.88 17.59 18.28 18.75 19.09 19.34 19.56 19.78 20.03 20.28 20.72 21.41 21.53 21.56 21.59 21.62 21.66 21.69 21.72 21.94 22.22 22.50 22.75
-2.91 -2.81 -2.72 -2.59 -2.50 -2.41 -2.31 -2.22 -2.12 -2.03 -1.94 -1.81 -1.66 -1.47 -1.31 -1.12 -0.94 -0.78 -0.62 -0.50 -0.34 -0.22 -0.12 0.00 0.12 0.25 0.34 0.47 0.59 0.94 1.34 1.78 2.28 2.81 3.41 4.00 4.59 5.53 6.94 8.47 9.88 11.00 11.38 11.41 11.47 11.50 11.56 11.59 11.88 12.31 13.09 14.06 15.06 15.72 16.56 17.22 17.75 18.19 18.62 18.84 19.06 19.31 19.53 19.78 20.06 20.66 21.41 21.44 21.50 21.53 21.56 21.59 21.62 21.66 21.97 22.19 22.44 22.72
-2.94 -2.84 -2.75 -2.62 -2.53 -2.44 -2.34 -2.22 -2.12 -2.03 -1.94 -1.81 -1.69 -1.53 -1.34 -1.19 -1.00 -0.84 -0.69 -0.56 -0.44 -0.31 -0.19 -0.09 0.03 0.16 0.22 0.28 0.56 0.94 1.34 1.81 2.31 2.84 3.44 4.06 4.66 5.62 6.81 8.22 9.66 11.12 11.56 11.62 11.69 11.72 11.81 11.91 12.00 12.38 13.06 14.47 15.31 15.88 16.62 17.31 17.72 18.03 18.38 18.59 18.81 19.06 19.28 19.53 20.00 20.62 21.38 21.41 21.44 21.44 21.47 21.50 21.53 21.69 21.94 22.16 22.41 22.69
-2.97 -2.88 -2.75 -2.66 -2.56 -2.47 -2.34 -2.25 -2.16 -2.06 -1.97 -1.84 -1.72 -1.56 -1.41 -1.25 -1.06 -0.91 -0.78 -0.62 -0.50 -0.41 -0.28 -0.16 -0.06 -0.03 0.00 0.25 0.56 0.94 1.34 1.81 2.31 2.88 3.47 4.12 4.78 5.75 6.84 8.22 9.72 11.12 11.66 11.78 11.84 11.94 12.00 12.09 12.19 12.59 13.97 14.78 15.47 15.91 16.47 17.03 17.50 17.78 18.06 18.34 18.56 18.78 19.03 19.31 19.91 20.84 21.34 21.34 21.38 21.41 21.41 21.44 21.47 21.75 21.91 22.12 22.38 22.69
-3.00 -2.91 -2.78 -2.69 -2.59 -2.47 -2.38 -2.28 -2.19 -2.06 -1.97 -1.88 -1.75 -1.62 -1.47 -1.31 -1.16 -1.00 -0.88 -0.75 -0.62 -0.50 -0.41 -0.34 -0.34 -0.25 -0.06 0.22 0.53 0.91 1.31 1.78 2.31 2.88 3.50 4.16 4.91 5.97 7.12 8.53 9.94 11.12 11.66 11.97 12.06 12.12 12.22 12.38 12.56 12.75 14.06 14.84 15.25 15.84 16.25 16.72 17.16 17.53 17.81 18.09 18.31 18.53 18.72 19.44 20.03 21.22 21.28 21.31 21.31 21.34 21.38 21.38 21.47 21.72 21.91 22.12 22.38 22.69
-3.03 -2.94 -2.81 -2.72 -2.59 -2.50 -2.41 -2.28 -2.19 -2.09 -2.00 -1.91 -1.78 -1.69 -1.53 -1.38 -1.25 -1.09 -0.97 -0.88 -0.75 -0.66 -0.62 -0.62 -0.50 -0.34 -0.09 0.16 0.50 0.84 1.28 1.75 2.28 2.88 3.50 4.19 5.03 6.06 7.34 8.75 10.09 11.12 11.69 12.16 12.25 12.31 12.47 12.62 12.78 13.41 14.12 14.81 15.22 15.75 16.12 16.53 16.94 17.28 17.56 17.84 18.12 18.22 19.12 19.78 20.31 21.22 21.25 21.25 21.28 21.28 21.31 21.34 21.53 21.72 21.91 22.12 22.38 22.72
-3.06 -2.94 -2.84 -2.72 -2.62 -2.53 -2.41 -2.31 -2.22 -2.09 -2.00 -1.91 -1.81 -1.72 -1.59 -1.47 -1.34 -1.22 -1.12 -1.03 -0.94 -0.91 -0.88 -0.75 -0.56 -0.38 -0.16 0.12 0.44 0.81 1.22 1.72 2.25 2.84 3.50 4.19 4.97 5.94 7.22 8.69 9.94 11.03 11.72 12.16 12.41 12.53 12.69 12.84 13.12 13.78 14.19 14.75 15.16 15.62 16.00 16.38 16.75 17.06 17.31 17.59 17.84 18.75 19.50 19.97 20.94 21.19 21.19 21.22 21.22 21.25 21.25 21.28 21.53 21.69 21.88 22.12 22.44 22.72
-3.09 -2.97 -2.88 -2.75 -2.66 -2.53 -2.44 -2.34 -2.22 -2.12 -2.03 -1.91 -1.81 -1.72 -1.62 -1.53 -1.44 -1.31 -1.25 -1.16 -1.09 -1.00 -0.88 -0.75 -0.59 -0.41 -0.19 0.09 0.41 0.75 1.16 1.66 2.19 2.78 3.47 4.19 5.00 5.97 7.12 8.47 9.69 10.81 11.66 12.25 12.59 12.75 12.88 13.09 13.41 13.81 14.25 14.69 15.09 15.50 15.88 16.25 16.56 16.88 17.22 17.56 18.53 19.25 19.91 20.44 21.09 21.12 21.16 21.16 21.19 21.19 21.22 21.31 21.50 21.69 21.94 22.19 22.44 22.72
-3.12 -3.00 -2.88 -2.78 -2.66 -2.56 -2.44 -2.34 -2.25 -2.12 -2.03 -1.94 -1.84 -1.72 -1.62 -1.53 -1.44 -1.34 -1.28 -1.19 -1.09 -1.00 -0.91 -0.78 -0.62 -0.44 -0.22 0.03 0.34 0.72 1.09 1.56 2.12 2.75 3.47 4.31 5.34 6.50 7.62 8.72 9.78 10.78 11.69 12.28 12.66 12.88 13.03 13.22 13.56 13.88 14.28 14.62 15.03 15.41 15.75 16.12 16.38 16.75 17.31 18.53 19.16 19.84 20.34 20.81 21.06 21.06 21.09 21.12 21.12 21.16 21.16 21.34 21.53 21.72 21.97 22.22 22.44 22.69
-3.16 -3.03 -2.91 -2.81 -2.69 -2.59 -2.47 -2.38 -2.25 -2.16 -2.03 -1.94 -1.84 -1.75 -1.66 -1.53 -1.44 -1.34 -1.25 -1.19 -1.09 -1.00 -0.91 -0.81 -0.66 -0.50 -0.25 0.03 0.31 0.66 1.03 1.47 2.00 2.66 3.50 4.47 5.66 7.12 8.44 9.50 10.38 11.06 11.69 12.19 12.44 12.81 13.19 13.38 13.62 13.91 14.34 14.56 14.97 15.34 15.56 15.94 16.41 16.94 17.78 18.81 19.75 20.28 20.53 20.94 21.00 21.03 21.03 21.06 21.09 21.09 21.12 21.34 21.53 21.75 22.00 22.22 22.44 22.69
-3.19 -3.06 -2.94 -2.81 -2.72 -2.59 -2.50 -2.38 -2.28 -2.16 -2.06 -1.97 -1.84 -1.75 -1.66 -1.56 -1.44 -1.34 -1.25 -1.16 -1.09 -1.00 -0.91 -0.81 -0.69 -0.53 -0.31 0.00 0.31 0.62 0.97 1.38 1.88 2.50 3.50 4.72 6.00 7.62 8.94 10.12 10.84 11.09 11.34 11.66 12.00 12.56 12.94 13.44 13.66 13.94 14.41 14.53 14.84 15.25 15.59 16.00 16.50 17.03 18.00 18.94 19.81 20.31 20.28 20.94 20.97 20.97 21.00 21.00 21.03 21.03 21.16 21.34 21.56 21.75 22.00 22.19 22.41 22.62
-3.19 -3.09 -2.97 -2.84 -2.75 -2.62 -2.50 -2.41 -2.28 -2.19 -2.06 -1.97 -1.84 -1.75 -1.66 -1.56 -1.44 -1.34 -1.25 -1.16 -1.06 -0.97 -0.88 -0.78 -0.72 -0.56 -0.31 0.09 0.34 0.59 0.88 1.31 1.78 2.38 3.34 4.25 5.75 7.12 8.97 10.19 10.97 11.16 11.12 11.12 11.50 12.09 12.66 13.25 13.41 13.91 14.38 14.56 14.97 15.34 15.66 16.16 16.72 17.25 18.06 18.91 19.59 20.00 20.09 20.91 20.91 20.94 20.94 20.94 20.97 20.97 21.22 21.38 21.56 21.78 22.00 22.19 22.38 22.56
-3.22 -3.09 -3.00 -2.88 -2.75 -2.62 -2.53 -2.41 -2.31 -2.19 -2.09 -1.97 -1.88 -1.75 -1.66 -1.56 -1.44 -1.34 -1.25 -1.16 -1.06 -0.97 -0.88 -0.78 -0.72 -0.59 -0.22 0.22 0.44 0.69 0.81 1.16 1.66 2.38 3.34 4.06 5.38 7.16 8.53 9.88 10.47 10.72 10.72 10.78 11.16 11.81 12.34 12.72 13.22 13.81 14.34 14.53 14.91 15.41 15.84 16.38 17.00 17.56 18.12 18.78 19.38 19.78 20.47 20.84 20.84 20.88 20.88 20.91 20.91 20.94 21.25 21.41 21.59 21.78 21.97 22.16 22.31 22.50
-3.25 -3.12 -3.00 -2.91 -2.78 -2.66 -2.53 -2.44 -2.31 -2.22 -2.09 -1.97 -1.88 -1.78 -1.66 -1.56 -1.44 -1.34 -1.25 -1.12 -1.03 -0.94 -0.84 -0.75 -0.69 -0.59 -0.19 0.38 0.59 0.66 0.78 1.00 1.62 2.66 3.31 4.44 5.66 6.97 8.16 9.06 9.62 9.94 10.22 10.50 11.06 11.56 12.09 12.69 13.22 13.75 14.19 14.59 15.00 15.47 16.03 16.59 17.22 17.78 18.28 18.75 19.28 19.78 20.69 20.78 20.81 20.81 20.84 20.84 20.84 20.97 21.28 21.44 21.59 21.78 21.97 22.09 22.25 22.41
-3.28 -3.16 -3.03 -2.91 -2.78 -2.69 -2.56 -2.44 -2.34 -2.22 -2.09 -2.00 -1.88 -1.78 -1.66 -1.56 -1.44 -1.34 -1.22 -1.12 -1.03 -0.94 -0.81 -0.75 -0.69 -0.56 -0.06 0.53 0.72 0.78 0.72 0.81 1.66 2.53 3.59 4.84 6.06 7.06 7.88 8.44 8.81 9.19 9.56 10.06 10.69 11.22 11.88 12.47 13.09 13.66 14.16 14.59 15.03 15.53 16.09 16.69 17.25 17.84 18.41 18.94 19.41 19.91 20.72 20.72 20.75 20.75 20.78 20.78 20.81 21.06 21.28 21.47 21.62 21.78 21.91 22.06 22.19 22.31
-3.31 -3.19 -3.06 -2.94 -2.81 -2.69 -2.56 -2.47 -2.34 -2.22 -2.12 -2.00 -1.88 -1.78 -1.66 -1.56 -1.44 -1.34 -1.22 -1.12 -1.00 -0.91 -0.81 -0.72 -0.66 -0.53 -0.03 0.56 0.69 0.78 0.75 0.94 1.47 2.59 3.81 5.09 6.38 7.16 7.69 7.97 8.22 8.50 9.03 9.69 10.34 11.00 11.66 12.19 12.78 13.47 13.97 14.47 14.97 15.53 16.09 16.69 17.25 17.84 18.44 19.00 19.53 20.19 20.66 20.69 20.69 20.72 20.72 20.75 20.75 21.16 21.31 21.47 21.62 21.75 21.88 22.00 22.09 22.19
-3.34 -3.22 -3.09 -2.97 -2.84 -2.72 -2.59 -2.47 -2.34 -2.25 -2.12 -2.00 -1.91 -1.78 -1.66 -1.56 -1.44 -1.34 -1.22 -1.09 -1.00 -0.88 -0.78 -0.69 -0.62 -0.47 0.03 0.56 0.69 0.78 0.81 0.91 1.53 2.62 4.00 5.28 6.44 7.28 7.56 7.66 7.75 8.06 8.75 9.44 10.09 10.72 11.41 12.03 12.62 13.22 13.78 14.34 14.91 15.50 16.09 16.69 17.28 17.84 18.44 19.03 19.62 20.38 20.62 20.62 20.62 20.66 20.66 20.69 20.72 21.12 21.31 21.47 21.62 21.75 21.88 21.94 22.00 22.06
-3.34 -3.22 -3.09 -2.97 -2.84 -2.72 -2.59 -2.50 -2.38 -2.25 -2.12 -2.00 -1.91 -1.78 -1.66 -1.56 -1.44 -1.31 -1.22 -1.09 -0.97 -0.88 -0.75 -0.66 -0.59 -0.44 0.09 0.56 0.69 0.78 0.94 1.22 2.09 3.25 4.44 5.53 6.34 7.03 7.25 7.34 7.56 7.84 8.56 9.22 9.91 10.59 11.25 12.00 12.56 13.09 13.62 14.25 14.91 15.50 16.12 16.69 17.25 17.84 18.41 18.94 19.44 20.34 20.53 20.56 20.56 20.59 20.59 20.59 20.72 21.03 21.25 21.47 21.62 21.78 21.84 21.88 21.94 21.97
-3.38 -3.25 -3.12 -3.00 -2.88 -2.75 -2.62 -2.50 -2.38 -2.25 -2.12 -2.03 -1.91 -1.78 -1.66 -1.56 -1.44 -1.31 -1.22 -1.09 -0.97 -0.84 -0.75 -0.66 -0.56 -0.34 0.16 0.56 0.69 0.81 1.22 2.06 2.62 3.97 4.91 5.41 6.25 6.91 7.12 7.22 7.31 7.72 8.44 9.12 9.81 10.53 11.31 11.97 12.53 13.06 13.62 14.28 14.88 15.50 16.09 16.72 17.28 17.88 18.41 18.88 19.34 20.41 20.47 20.50 20.50 20.50 20.53 20.53 20.72 21.00 21.25 21.44 21.66 21.78 21.91 21.94 21.94 21.97
-3.41 -3.28 -3.16 -3.00 -2.88 -2.75 -2.62 -2.50 -2.38 -2.28 -2.16 -2.03 -1.91 -1.78 -1.66 -1.56 -1.44 -1.31 -1.19 -1.09 -0.97 -0.84 -0.72 -0.62 -0.53 -0.28 0.44 0.62 0.72 0.88 1.53 2.53 3.53 4.41 4.91 5.38 6.03 6.62 6.88 6.97 7.12 7.62 8.31 9.00 9.75 10.47 11.19 11.91 12.50 13.06 13.62 14.25 14.88 15.53 16.12 16.75 17.31 17.88 18.41 18.88 19.28 20.38 20.41 20.41 20.44 20.44 20.44 20.47 20.75 21.00 21.25 21.47 21.69 21.84 21.94 21.94 21.94 21.97
-3.44 -3.28 -3.16 -3.03 -2.91 -2.78 -2.66 -2.53 -2.41 -2.28 -2.16 -2.03 -1.91 -1.78 -1.66 -1.56 -1.44 -1.31 -1.19 -1.06 -0.94 -0.81 -0.72 -0.59 -0.50 -0.28 0.44 0.62 0.78 1.06 1.91 3.06 3.97 4.41 4.69 5.16 5.72 6.22 6.56 6.72 6.97 7.56 8.22 8.91 9.59 10.25 10.97 11.72 12.41 13.03 13.59 14.22 14.88 15.53 16.19 16.78 17.38 17.91 18.44 18.88 19.34 20.31 20.31 20.34 20.34 20.38 20.38 20.41 20.78 21.03 21.28 21.50 21.72 21.91 21.94 21.94 21.97 21.97
-3.44 -3.31 -3.19 -3.06 -2.91 -2.78 -2.66 -2.53 -2.41 -2.28 -2.16 -2.03 -1.91 -1.78 -1.66 -1.56 -1.44 -1.31 -1.19 -1.06 -0.94 -0.81 -0.69 -0.59 -0.50 -0.16 0.41 0.62 0.81 1.38 2.19 3.25 3.91 4.19 4.50 5.00 5.53 6.00 6.34 6.62 6.91 7.47 8.16 8.81 9.47 10.19 10.81 11.50 12.25 12.91 13.56 14.25 14.91 15.53 16.16 16.78 17.38 17.94 18.47 18.94 19.53 20.25 20.25 20.28 20.28 20.28 20.31 20.34 20.84 21.09 21.34 21.56 21.81 21.91 21.94 21.94 21.97 21.97
-3.47 -3.34 -3.22 -3.06 -2.94 -2.81 -2.69 -2.56 -2.41 -2.28 -2.16 -2.03 -1.91 -1.81 -1.69 -1.56 -1.44 -1.31 -1.19 -1.06 -0.94 -0.81 -0.69 -0.56 -0.44 -0.19 0.28 0.62 0.84 1.50 2.41 3.53 3.78 4.06 4.41 4.88 5.38 5.84 6.25 6.59 6.94 7.47 8.09 8.75 9.44 10.09 10.75 11.44 12.16 12.81 13.50 14.16 14.84 15.50 16.19 16.78 17.41 17.94 18.44 18.91 19.66 20.16 20.16 20.19 20.19 20.19 20.22 20.34 20.97 21.16 21.41 21.66 21.84 21.94 21.94 21.97 21.97 22.00
