everonasctiles/Tile[42,47].asc
ncols 128
nrows 128
xllcorner 0
yllcorner 0
cellsize 2.0
NODATA_value  -9999
[rows 34 to 67 of 128, columns 0 to 76 of 128]
-5.97 -6.12 -6.25 -6.38 -6.47 -6.59 -6.69 -6.78 -6.88 -6.91 -6.97 -7.03 -7.09 -7.19 -7.28 -7.41 -7.50 -7.56 -7.62 -7.66 -7.69 -7.72 -7.72 -7.75 -7.75 -7.78 -7.81 -7.84 -7.88 -7.94 -7.97 -8.00 -8.03 -8.09 -8.16 -8.22 -8.28 -8.31 -8.34 -8.38 -8.41 -8.41 -8.41 -8.41 -8.44 -8.47 -8.50 -8.53 -8.56 -8.59 -8.62 -8.62 -8.59 -8.53 -8.44 -8.34 -8.22 -8.16 -8.12 -8.12 -8.19 -8.19 -8.16 -8.22 -8.28 -8.28 -8.25 -8.31 -8.47 -8.62 -8.72 -8.75 -8.59 -8.66 -8.78 -8.88 -8.94
-5.50 -5.62 -5.75 -5.84 -5.94 -6.03 -6.12 -6.19 -6.28 -6.34 -6.41 -6.50 -6.59 -6.69 -6.78 -6.91 -7.00 -7.06 -7.09 -7.12 -7.16 -7.19 -7.19 -7.22 -7.25 -7.28 -7.31 -7.34 -7.38 -7.38 -7.41 -7.44 -7.50 -7.56 -7.62 -7.66 -7.72 -7.75 -7.78 -7.78 -7.78 -7.81 -7.81 -7.84 -7.84 -7.84 -7.88 -7.91 -7.97 -7.97 -7.97 -7.94 -7.91 -7.84 -7.78 -7.66 -7.56 -7.50 -7.47 -7.50 -7.56 -7.53 -7.50 -7.53 -7.53 -7.44 -7.44 -7.53 -7.62 -7.78 -7.94 -7.97 -7.81 -7.84 -8.03 -8.09 -8.03
-5.12 -5.22 -5.31 -5.41 -5.47 -5.56 -5.62 -5.72 -5.78 -5.84 -5.94 -6.03 -6.12 -6.22 -6.31 -6.41 -6.47 -6.53 -6.59 -6.62 -6.66 -6.66 -6.69 -6.72 -6.75 -6.78 -6.81 -6.84 -6.84 -6.88 -6.91 -6.94 -6.97 -7.03 -7.09 -7.12 -7.19 -7.22 -7.22 -7.22 -7.22 -7.25 -7.25 -7.25 -7.25 -7.28 -7.28 -7.31 -7.34 -7.38 -7.34 -7.31 -7.25 -7.19 -7.09 -7.00 -6.91 -6.81 -6.75 -6.75 -6.72 -6.75 -6.72 -6.75 -6.78 -6.75 -6.78 -6.94 -7.03 -7.03 -7.09 -7.12 -7.12 -7.09 -7.28 -7.44 -7.44
-4.81 -4.91 -5.00 -5.06 -5.16 -5.22 -5.28 -5.38 -5.44 -5.50 -5.56 -5.66 -5.75 -5.84 -5.94 -6.00 -6.03 -6.06 -6.09 -6.16 -6.19 -6.19 -6.22 -6.25 -6.28 -6.34 -6.38 -6.38 -6.38 -6.41 -6.44 -6.47 -6.53 -6.56 -6.59 -6.62 -6.66 -6.69 -6.69 -6.72 -6.72 -6.72 -6.72 -6.69 -6.72 -6.72 -6.72 -6.75 -6.75 -6.75 -6.72 -6.69 -6.62 -6.56 -6.47 -6.38 -6.25 -6.16 -6.09 -6.03 -5.97 -5.97 -6.00 -6.00 -6.06 -6.12 -6.22 -6.31 -6.34 -6.34 -6.31 -6.34 -6.41 -6.44 -6.56 -6.84 -6.97
-4.66 -4.72 -4.81 -4.91 -5.00 -5.06 -5.12 -5.22 -5.28 -5.34 -5.44 -5.50 -5.59 -5.66 -5.69 -5.72 -5.75 -5.78 -5.78 -5.81 -5.81 -5.81 -5.84 -5.91 -5.94 -5.97 -6.00 -6.00 -6.03 -6.03 -6.03 -6.06 -6.09 -6.09 -6.12 -6.16 -6.19 -6.22 -6.25 -6.22 -6.22 -6.22 -6.19 -6.19 -6.19 -6.19 -6.19 -6.22 -6.19 -6.16 -6.12 -6.09 -6.03 -5.94 -5.84 -5.75 -5.62 -5.53 -5.44 -5.38 -5.34 -5.31 -5.38 -5.41 -5.44 -5.50 -5.53 -5.59 -5.69 -5.69 -5.66 -5.69 -5.75 -5.78 -5.81 -6.06 -6.16
-4.69 -4.75 -4.84 -4.94 -5.03 -5.12 -5.22 -5.28 -5.34 -5.44 -5.50 -5.56 -5.62 -5.66 -5.69 -5.66 -5.69 -5.66 -5.62 -5.62 -5.59 -5.59 -5.62 -5.66 -5.69 -5.69 -5.72 -5.72 -5.72 -5.72 -5.72 -5.75 -5.75 -5.75 -5.75 -5.75 -5.78 -5.81 -5.81 -5.81 -5.81 -5.78 -5.75 -5.75 -5.72 -5.72 -5.72 -5.69 -5.69 -5.62 -5.59 -5.53 -5.47 -5.38 -5.28 -5.19 -5.06 -4.97 -4.88 -4.78 -4.72 -4.72 -4.75 -4.75 -4.72 -4.84 -4.94 -5.00 -5.09 -5.12 -5.12 -5.09 -5.12 -5.09 -5.12 -5.28 -5.38
-4.88 -4.94 -5.06 -5.16 -5.25 -5.38 -5.47 -5.53 -5.62 -5.69 -5.78 -5.81 -5.84 -5.88 -5.84 -5.81 -5.78 -5.72 -5.66 -5.59 -5.56 -5.56 -5.59 -5.59 -5.59 -5.59 -5.59 -5.56 -5.53 -5.50 -5.50 -5.50 -5.47 -5.44 -5.44 -5.44 -5.47 -5.50 -5.53 -5.50 -5.47 -5.44 -5.41 -5.41 -5.38 -5.34 -5.31 -5.28 -5.25 -5.19 -5.12 -5.06 -5.00 -4.91 -4.78 -4.69 -4.56 -4.44 -4.34 -4.25 -4.19 -4.16 -4.16 -4.16 -4.25 -4.31 -4.41 -4.44 -4.50 -4.56 -4.56 -4.50 -4.47 -4.50 -4.56 -4.62 -4.75
-5.16 -5.25 -5.34 -5.47 -5.59 -5.72 -5.81 -5.91 -6.00 -6.06 -6.16 -6.19 -6.22 -6.22 -6.16 -6.12 -6.06 -5.97 -5.88 -5.78 -5.72 -5.69 -5.69 -5.66 -5.66 -5.62 -5.59 -5.53 -5.50 -5.44 -5.41 -5.34 -5.31 -5.28 -5.28 -5.28 -5.31 -5.31 -5.31 -5.28 -5.25 -5.25 -5.19 -5.16 -5.12 -5.09 -5.06 -5.00 -4.91 -4.84 -4.78 -4.72 -4.62 -4.50 -4.41 -4.25 -4.16 -4.03 -3.91 -3.81 -3.72 -3.69 -3.66 -3.69 -3.75 -3.81 -3.94 -4.00 -4.00 -3.94 -3.91 -3.91 -3.91 -3.97 -4.06 -4.16 -4.28
-5.56 -5.66 -5.75 -5.88 -6.00 -6.12 -6.22 -6.31 -6.41 -6.47 -6.53 -6.56 -6.56 -6.56 -6.50 -6.44 -6.38 -6.28 -6.19 -6.09 -6.03 -5.97 -5.94 -5.88 -5.84 -5.78 -5.72 -5.66 -5.56 -5.50 -5.41 -5.34 -5.28 -5.25 -5.25 -5.25 -5.25 -5.25 -5.22 -5.19 -5.16 -5.12 -5.09 -5.03 -5.00 -4.94 -4.88 -4.81 -4.72 -4.62 -4.53 -4.44 -4.31 -4.19 -4.06 -3.91 -3.78 -3.69 -3.53 -3.44 -3.34 -3.28 -3.28 -3.31 -3.34 -3.41 -3.44 -3.50 -3.50 -3.44 -3.44 -3.50 -3.59 -3.59 -3.62 -3.84 -4.06
-6.03 -6.12 -6.25 -6.38 -6.47 -6.56 -6.66 -6.75 -6.84 -6.88 -6.94 -6.94 -6.94 -6.91 -6.88 -6.81 -6.72 -6.62 -6.50 -6.41 -6.34 -6.28 -6.22 -6.16 -6.09 -6.03 -5.94 -5.84 -5.75 -5.62 -5.53 -5.47 -5.41 -5.34 -5.31 -5.31 -5.28 -5.28 -5.25 -5.22 -5.19 -5.12 -5.09 -5.03 -4.97 -4.88 -4.81 -4.72 -4.59 -4.50 -4.38 -4.25 -4.12 -3.97 -3.81 -3.66 -3.53 -3.41 -3.25 -3.16 -3.06 -3.00 -2.97 -3.00 -3.03 -3.03 -3.03 -3.03 -3.06 -3.09 -3.16 -3.22 -3.25 -3.31 -3.38 -3.56 -3.78
-6.59 -6.69 -6.78 -6.88 -6.97 -7.06 -7.16 -7.22 -7.28 -7.31 -7.34 -7.34 -7.34 -7.31 -7.25 -7.19 -7.06 -6.97 -6.88 -6.75 -6.69 -6.59 -6.53 -6.47 -6.41 -6.31 -6.19 -6.09 -6.00 -5.84 -5.75 -5.66 -5.59 -5.50 -5.47 -5.44 -5.41 -5.41 -5.38 -5.31 -5.25 -5.19 -5.16 -5.06 -5.03 -4.91 -4.81 -4.75 -4.59 -4.47 -4.34 -4.19 -4.03 -3.88 -3.69 -3.53 -3.38 -3.22 -3.06 -2.97 -2.88 -2.81 -2.78 -2.78 -2.78 -2.75 -2.75 -2.78 -2.88 -2.91 -2.94 -3.03 -3.03 -3.12 -3.22 -3.28 -3.44
-7.22 -7.28 -7.38 -7.47 -7.53 -7.59 -7.66 -7.69 -7.75 -7.75 -7.78 -7.78 -7.78 -7.72 -7.66 -7.59 -7.47 -7.38 -7.28 -7.16 -7.06 -6.97 -6.88 -6.81 -6.72 -6.62 -6.50 -6.38 -6.25 -6.12 -6.03 -5.91 -5.84 -5.75 -5.69 -5.66 -5.62 -5.59 -5.53 -5.47 -5.41 -5.34 -5.28 -5.19 -5.16 -5.03 -4.94 -4.84 -4.69 -4.56 -4.41 -4.25 -4.03 -3.84 -3.69 -3.50 -3.31 -3.16 -2.97 -2.84 -2.75 -2.69 -2.62 -2.62 -2.62 -2.59 -2.59 -2.66 -2.75 -2.72 -2.72 -2.84 -2.91 -2.94 -2.97 -3.06 -3.25
-7.84 -7.91 -7.97 -8.03 -8.09 -8.16 -8.19 -8.22 -8.25 -8.25 -8.28 -8.28 -8.25 -8.22 -8.12 -8.06 -7.94 -7.84 -7.72 -7.59 -7.47 -7.38 -7.28 -7.19 -7.06 -6.97 -6.81 -6.72 -6.59 -6.44 -6.34 -6.25 -6.16 -6.06 -6.00 -5.94 -5.88 -5.84 -5.78 -5.69 -5.59 -5.53 -5.47 -5.41 -5.34 -5.22 -5.12 -5.00 -4.84 -4.72 -4.56 -4.38 -4.16 -3.94 -3.75 -3.53 -3.34 -3.16 -2.97 -2.81 -2.69 -2.62 -2.56 -2.53 -2.53 -2.53 -2.50 -2.50 -2.53 -2.59 -2.66 -2.72 -2.81 -2.84 -2.88 -3.00 -3.19
-8.47 -8.53 -8.59 -8.62 -8.69 -8.72 -8.75 -8.78 -8.78 -8.78 -8.78 -8.78 -8.75 -8.72 -8.66 -8.56 -8.47 -8.34 -8.22 -8.09 -7.97 -7.84 -7.72 -7.59 -7.47 -7.34 -7.22 -7.09 -6.97 -6.84 -6.72 -6.62 -6.50 -6.41 -6.31 -6.25 -6.19 -6.12 -6.06 -5.97 -5.88 -5.81 -5.72 -5.66 -5.59 -5.47 -5.38 -5.25 -5.09 -4.97 -4.78 -4.59 -4.34 -4.12 -3.88 -3.66 -3.44 -3.22 -3.03 -2.84 -2.72 -2.62 -2.56 -2.53 -2.50 -2.50 -2.47 -2.50 -2.56 -2.62 -2.72 -2.75 -2.84 -2.88 -2.94 -3.09 -3.22
-9.06 -9.12 -9.16 -9.22 -9.25 -9.28 -9.31 -9.31 -9.31 -9.31 -9.31 -9.31 -9.28 -9.25 -9.19 -9.09 -9.00 -8.88 -8.78 -8.66 -8.50 -8.38 -8.25 -8.12 -7.97 -7.81 -7.69 -7.56 -7.44 -7.31 -7.19 -7.06 -6.94 -6.84 -6.75 -6.66 -6.59 -6.50 -6.41 -6.31 -6.22 -6.12 -6.06 -6.00 -5.91 -5.81 -5.69 -5.59 -5.44 -5.28 -5.09 -4.88 -4.62 -4.38 -4.12 -3.88 -3.62 -3.38 -3.16 -2.97 -2.81 -2.72 -2.66 -2.59 -2.56 -2.56 -2.53 -2.62 -2.72 -2.78 -2.81 -2.88 -2.97 -3.00 -3.09 -3.19 -3.34
-9.62 -9.66 -9.72 -9.75 -9.78 -9.81 -9.81 -9.84 -9.84 -9.84 -9.81 -9.81 -9.81 -9.75 -9.72 -9.62 -9.53 -9.44 -9.31 -9.19 -9.06 -8.94 -8.81 -8.66 -8.53 -8.38 -8.25 -8.09 -8.00 -7.84 -7.72 -7.56 -7.47 -7.34 -7.25 -7.16 -7.06 -6.91 -6.81 -6.75 -6.66 -6.59 -6.53 -6.44 -6.31 -6.25 -6.16 -6.03 -5.88 -5.69 -5.50 -5.25 -5.00 -4.72 -4.41 -4.16 -3.88 -3.59 -3.38 -3.16 -3.00 -2.88 -2.81 -2.78 -2.75 -2.72 -2.72 -2.81 -2.94 -3.00 -3.06 -3.09 -3.22 -3.31 -3.38 -3.41 -3.53
-10.16 -10.19 -10.22 -10.25 -10.28 -10.31 -10.31 -10.31 -10.31 -10.31 -10.31 -10.31 -10.28 -10.25 -10.22 -10.16 -10.06 -9.97 -9.84 -9.72 -9.59 -9.47 -9.34 -9.22 -9.09 -8.94 -8.81 -8.69 -8.56 -8.44 -8.31 -8.19 -8.06 -7.94 -7.81 -7.72 -7.59 -7.50 -7.38 -7.28 -7.19 -7.12 -7.06 -6.97 -6.88 -6.78 -6.69 -6.56 -6.41 -6.19 -5.97 -5.72 -5.44 -5.16 -4.84 -4.53 -4.22 -3.94 -3.66 -3.44 -3.28 -3.19 -3.09 -3.06 -3.06 -3.06 -3.12 -3.22 -3.28 -3.38 -3.44 -3.50 -3.59 -3.66 -3.72 -3.72 -3.78
-10.62 -10.66 -10.69 -10.72 -10.72 -10.75 -10.75 -10.75 -10.75 -10.75 -10.75 -10.75 -10.72 -10.72 -10.69 -10.62 -10.53 -10.44 -10.34 -10.22 -10.12 -10.00 -9.88 -9.75 -9.62 -9.50 -9.38 -9.25 -9.12 -9.03 -8.91 -8.78 -8.69 -8.56 -8.44 -8.34 -8.22 -8.09 -7.97 -7.88 -7.81 -7.72 -7.66 -7.56 -7.47 -7.38 -7.28 -7.12 -6.97 -6.75 -6.50 -6.22 -5.94 -5.62 -5.31 -4.97 -4.62 -4.31 -4.03 -3.81 -3.62 -3.53 -3.47 -3.44 -3.44 -3.53 -3.62 -3.69 -3.72 -3.78 -3.84 -3.91 -3.97 -4.00 -4.03 -4.06 -4.12
-10.97 -11.03 -11.06 -11.06 -11.09 -11.12 -11.12 -11.12 -11.16 -11.16 -11.16 -11.16 -11.12 -11.12 -11.09 -11.03 -10.97 -10.91 -10.81 -10.72 -10.59 -10.47 -10.34 -10.25 -10.12 -10.00 -9.91 -9.78 -9.69 -9.56 -9.47 -9.38 -9.28 -9.16 -9.06 -8.94 -8.81 -8.69 -8.56 -8.47 -8.41 -8.31 -8.22 -8.16 -8.06 -7.97 -7.84 -7.72 -7.53 -7.28 -7.03 -6.75 -6.44 -6.09 -5.75 -5.38 -5.03 -4.72 -4.44 -4.19 -4.00 -3.91 -3.84 -3.84 -3.88 -3.94 -4.03 -4.09 -4.12 -4.19 -4.25 -4.28 -4.34 -4.41 -4.41 -4.47 -4.50
-11.22 -11.28 -11.31 -11.34 -11.38 -11.41 -11.44 -11.44 -11.47 -11.47 -11.47 -11.47 -11.47 -11.44 -11.41 -11.38 -11.34 -11.28 -11.19 -11.09 -11.00 -10.91 -10.78 -10.69 -10.59 -10.47 -10.38 -10.28 -10.19 -10.09 -10.03 -9.91 -9.81 -9.72 -9.59 -9.50 -9.34 -9.25 -9.12 -9.03 -8.94 -8.88 -8.78 -8.72 -8.62 -8.53 -8.41 -8.25 -8.03 -7.78 -7.53 -7.25 -6.94 -6.56 -6.16 -5.78 -5.41 -5.06 -4.78 -4.56 -4.38 -4.28 -4.22 -4.22 -4.25 -4.31 -4.38 -4.47 -4.50 -4.56 -4.59 -4.66 -4.69 -4.72 -4.78 -4.81 -4.88
-11.44 -11.47 -11.53 -11.56 -11.59 -11.62 -11.66 -11.66 -11.69 -11.69 -11.69 -11.69 -11.69 -11.66 -11.66 -11.62 -11.56 -11.53 -11.47 -11.41 -11.31 -11.22 -11.16 -11.06 -10.97 -10.88 -10.78 -10.72 -10.62 -10.56 -10.47 -10.41 -10.31 -10.19 -10.09 -9.97 -9.88 -9.75 -9.66 -9.56 -9.47 -9.38 -9.31 -9.25 -9.16 -9.03 -8.91 -8.72 -8.50 -8.25 -7.97 -7.69 -7.34 -6.94 -6.53 -6.12 -5.75 -5.41 -5.12 -4.91 -4.72 -4.62 -4.59 -4.59 -4.62 -4.69 -4.72 -4.78 -4.81 -4.88 -4.91 -4.97 -5.00 -5.03 -5.06 -5.09 -5.16
-11.59 -11.62 -11.66 -11.69 -11.72 -11.75 -11.78 -11.81 -11.81 -11.81 -11.81 -11.81 -11.81 -11.81 -11.78 -11.75 -11.72 -11.66 -11.62 -11.56 -11.53 -11.44 -11.38 -11.31 -11.25 -11.19 -11.12 -11.03 -10.97 -10.91 -10.84 -10.78 -10.69 -10.59 -10.47 -10.38 -10.28 -10.19 -10.09 -10.00 -9.94 -9.84 -9.78 -9.72 -9.62 -9.50 -9.31 -9.12 -8.91 -8.66 -8.38 -8.03 -7.69 -7.28 -6.88 -6.47 -6.06 -5.72 -5.44 -5.19 -5.03 -4.94 -4.91 -4.91 -4.94 -5.00 -5.06 -5.09 -5.09 -5.12 -5.19 -5.22 -5.25 -5.28 -5.31 -5.31 -5.34
-11.72 -11.75 -11.78 -11.81 -11.84 -11.84 -11.88 -11.88 -11.91 -11.91 -11.91 -11.91 -11.88 -11.88 -11.84 -11.81 -11.78 -11.72 -11.69 -11.62 -11.59 -11.53 -11.47 -11.44 -11.38 -11.34 -11.28 -11.25 -11.19 -11.12 -11.03 -10.97 -10.91 -10.84 -10.75 -10.66 -10.59 -10.50 -10.44 -10.38 -10.31 -10.25 -10.16 -10.06 -9.94 -9.81 -9.62 -9.44 -9.22 -8.97 -8.66 -8.31 -7.94 -7.53 -7.12 -6.72 -6.31 -5.97 -5.66 -5.41 -5.25 -5.16 -5.12 -5.16 -5.22 -5.25 -5.28 -5.28 -5.31 -5.34 -5.38 -5.41 -5.41 -5.44 -5.44 -5.41 -5.41
-11.78 -11.81 -11.84 -11.88 -11.91 -11.91 -11.94 -11.94 -11.94 -11.97 -11.94 -11.94 -11.91 -11.91 -11.88 -11.81 -11.78 -11.75 -11.69 -11.62 -11.59 -11.53 -11.50 -11.44 -11.41 -11.34 -11.31 -11.25 -11.22 -11.19 -11.12 -11.06 -11.00 -10.94 -10.88 -10.81 -10.75 -10.69 -10.62 -10.56 -10.50 -10.41 -10.34 -10.25 -10.12 -10.00 -9.84 -9.66 -9.41 -9.12 -8.81 -8.47 -8.09 -7.69 -7.25 -6.84 -6.47 -6.12 -5.81 -5.56 -5.41 -5.34 -5.31 -5.34 -5.38 -5.38 -5.38 -5.41 -5.41 -5.41 -5.41 -5.41 -5.41 -5.41 -5.41 -5.38 -5.38
-11.84 -11.88 -11.91 -11.91 -11.94 -11.94 -11.97 -11.97 -11.97 -11.97 -11.97 -11.94 -11.94 -11.91 -11.84 -11.81 -11.78 -11.72 -11.66 -11.59 -11.53 -11.50 -11.44 -11.38 -11.34 -11.28 -11.25 -11.19 -11.16 -11.09 -11.06 -11.03 -10.97 -10.91 -10.84 -10.81 -10.75 -10.69 -10.62 -10.53 -10.47 -10.41 -10.31 -10.22 -10.12 -10.00 -9.84 -9.66 -9.44 -9.16 -8.84 -8.50 -8.12 -7.72 -7.28 -6.88 -6.47 -6.12 -5.84 -5.62 -5.50 -5.44 -5.41 -5.41 -5.44 -5.41 -5.41 -5.41 -5.41 -5.38 -5.34 -5.34 -5.34 -5.34 -5.31 -5.31 -5.28
-11.84 -11.88 -11.91 -11.91 -11.94 -11.94 -11.94 -11.97 -11.97 -11.94 -11.94 -11.94 -11.91 -11.88 -11.81 -11.78 -11.72 -11.66 -11.59 -11.53 -11.47 -11.41 -11.34 -11.28 -11.25 -11.19 -11.12 -11.09 -11.03 -11.00 -10.94 -10.88 -10.84 -10.78 -10.72 -10.66 -10.59 -10.53 -10.47 -10.41 -10.34 -10.25 -10.19 -10.09 -10.00 -9.88 -9.75 -9.56 -9.34 -9.06 -8.75 -8.41 -8.03 -7.62 -7.19 -6.78 -6.41 -6.06 -5.81 -5.59 -5.47 -5.41 -5.38 -5.38 -5.41 -5.38 -5.38 -5.38 -5.34 -5.31 -5.31 -5.28 -5.28 -5.25 -5.25 -5.22 -5.19
-11.81 -11.81 -11.84 -11.88 -11.88 -11.88 -11.91 -11.91 -11.91 -11.91 -11.88 -11.84 -11.84 -11.78 -11.75 -11.69 -11.62 -11.56 -11.50 -11.44 -11.38 -11.31 -11.25 -11.19 -11.12 -11.06 -11.00 -10.94 -10.88 -10.84 -10.78 -10.72 -10.66 -10.59 -10.53 -10.47 -10.41 -10.34 -10.28 -10.22 -10.12 -10.06 -10.00 -9.94 -9.84 -9.72 -9.59 -9.41 -9.19 -8.91 -8.62 -8.28 -7.88 -7.47 -7.03 -6.62 -6.28 -5.97 -5.72 -5.53 -5.44 -5.38 -5.34 -5.34 -5.31 -5.31 -5.31 -5.28 -5.25 -5.22 -5.22 -5.19 -5.19 -5.16 -5.12 -5.09 -5.00
-11.72 -11.72 -11.75 -11.75 -11.78 -11.78 -11.81 -11.81 -11.81 -11.78 -11.78 -11.75 -11.72 -11.69 -11.62 -11.56 -11.50 -11.44 -11.38 -11.31 -11.22 -11.16 -11.09 -11.03 -10.94 -10.88 -10.81 -10.75 -10.72 -10.66 -10.59 -10.53 -10.47 -10.41 -10.31 -10.25 -10.19 -10.09 -10.03 -9.97 -9.91 -9.84 -9.78 -9.69 -9.62 -9.50 -9.38 -9.22 -9.00 -8.72 -8.44 -8.09 -7.69 -7.28 -6.88 -6.47 -6.12 -5.81 -5.59 -5.44 -5.38 -5.34 -5.31 -5.28 -5.25 -5.22 -5.22 -5.19 -5.16 -5.12 -5.09 -5.09 -5.06 -5.00 -4.94 -4.84 -4.66
-11.53 -11.56 -11.59 -11.62 -11.62 -11.66 -11.66 -11.66 -11.66 -11.66 -11.62 -11.59 -11.56 -11.53 -11.47 -11.41 -11.34 -11.28 -11.22 -11.12 -11.06 -10.97 -10.91 -10.81 -10.75 -10.69 -10.62 -10.56 -10.50 -10.44 -10.38 -10.28 -10.22 -10.16 -10.06 -10.00 -9.91 -9.84 -9.75 -9.69 -9.62 -9.56 -9.50 -9.44 -9.34 -9.25 -9.12 -8.97 -8.75 -8.50 -8.19 -7.84 -7.47 -7.06 -6.66 -6.28 -5.94 -5.66 -5.47 -5.34 -5.31 -5.25 -5.22 -5.19 -5.16 -5.12 -5.12 -5.09 -5.06 -5.00 -4.97 -4.91 -4.81 -4.69 -4.56 -4.38 -4.09
-11.31 -11.34 -11.38 -11.41 -11.41 -11.44 -11.44 -11.47 -11.47 -11.44 -11.44 -11.41 -11.38 -11.31 -11.28 -11.22 -11.16 -11.06 -11.00 -10.91 -10.84 -10.75 -10.66 -10.59 -10.53 -10.44 -10.38 -10.31 -10.22 -10.16 -10.09 -10.00 -9.94 -9.84 -9.75 -9.69 -9.59 -9.53 -9.44 -9.38 -9.31 -9.25 -9.19 -9.09 -9.03 -8.94 -8.81 -8.69 -8.47 -8.22 -7.91 -7.59 -7.19 -6.81 -6.41 -6.06 -5.75 -5.50 -5.34 -5.25 -5.22 -5.19 -5.12 -5.09 -5.06 -5.03 -5.00 -4.97 -4.94 -4.88 -4.75 -4.56 -4.34 -4.16 -3.97 -3.75 -3.47
-11.00 -11.03 -11.09 -11.12 -11.16 -11.16 -11.19 -11.19 -11.19 -11.19 -11.19 -11.16 -11.12 -11.06 -11.03 -10.97 -10.88 -10.81 -10.72 -10.66 -10.56 -10.47 -10.41 -10.31 -10.25 -10.16 -10.09 -10.00 -9.94 -9.88 -9.78 -9.69 -9.62 -9.53 -9.44 -9.34 -9.25 -9.16 -9.09 -9.00 -8.94 -8.88 -8.81 -8.75 -8.66 -8.59 -8.47 -8.31 -8.12 -7.88 -7.59 -7.28 -6.91 -6.53 -6.16 -5.84 -5.56 -5.38 -5.22 -5.16 -5.12 -5.09 -5.03 -4.97 -4.94 -4.91 -4.88 -4.84 -4.78 -4.59 -4.31 -4.03 -3.75 -3.56 -3.34 -3.12 -2.91
-10.59 -10.66 -10.72 -10.75 -10.78 -10.81 -10.84 -10.88 -10.88 -10.88 -10.84 -10.84 -10.81 -10.75 -10.72 -10.66 -10.56 -10.50 -10.41 -10.34 -10.25 -10.16 -10.06 -10.00 -9.91 -9.84 -9.75 -9.69 -9.59 -9.53 -9.44 -9.34 -9.25 -9.12 -9.03 -8.94 -8.84 -8.75 -8.66 -8.59 -8.50 -8.44 -8.38 -8.31 -8.25 -8.16 -8.06 -7.91 -7.75 -7.50 -7.22 -6.91 -6.56 -6.22 -5.91 -5.62 -5.41 -5.25 -5.12 -5.06 -5.03 -4.97 -4.94 -4.88 -4.84 -4.78 -4.75 -4.69 -4.50 -4.16 -3.78 -3.44 -3.19 -2.97 -2.78 -2.59 -2.41
-10.06 -10.16 -10.25 -10.31 -10.34 -10.41 -10.44 -10.47 -10.47 -10.47 -10.47 -10.44 -10.44 -10.38 -10.34 -10.28 -10.22 -10.12 -10.03 -9.97 -9.88 -9.78 -9.69 -9.62 -9.53 -9.47 -9.38 -9.31 -9.22 -9.12 -9.03 -8.94 -8.81 -8.72 -8.59 -8.50 -8.41 -8.31 -8.22 -8.12 -8.03 -7.97 -7.91 -7.84 -7.78 -7.69 -7.59 -7.47 -7.28 -7.06 -6.78 -6.50 -6.22 -5.91 -5.66 -5.47 -5.28 -5.16 -5.06 -4.97 -4.91 -4.84 -4.81 -4.75 -4.69 -4.66 -4.59 -4.44 -4.06 -3.62 -3.22 -2.91 -2.66 -2.47 -2.28 -2.12 -1.94
-9.41 -9.53 -9.66 -9.75 -9.81 -9.88 -9.94 -9.97 -9.97 -10.00 -10.00 -10.00 -9.97 -9.94 -9.91 -9.84 -9.78 -9.69 -9.62 -9.53 -9.44 -9.34 -9.28 -9.19 -9.09 -9.03 -8.94 -8.88 -8.78 -8.69 -8.59 -8.47 -8.38 -8.25 -8.12 -8.00 -7.91 -7.81 -7.69 -7.59 -7.53 -7.44 -7.38 -7.31 -7.25 -7.16 -7.06 -6.94 -6.75 -6.53 -6.31 -6.06 -5.84 -5.62 -5.47 -5.31 -5.22 -5.12 -5.00 -4.91 -4.81 -4.72 -4.66 -4.62 -4.53 -4.47 -4.31 -3.97 -3.53 -3.09 -2.72 -2.44 -2.22 -2.03 -1.91 -1.75 -1.59
