everonasctiles/Tile[35,0].asc
ncols 128
nrows 128
xllcorner 0
yllcorner 0
cellsize 2.0
NODATA_value  -9999
[rows 96 to 127 of 128, columns 0 to 70 of 128]
-57.69 -57.44 -57.19 -56.94 -56.72 -56.47 -56.25 -56.00 -55.75 -55.50 -55.25 -55.00 -54.72 -54.44 -54.16 -53.88 -53.59 -53.31 -53.06 -52.81 -52.56 -52.31 -52.06 -51.81 -51.56 -51.31 -51.06 -50.81 -50.56 -50.31 -50.09 -49.88 -49.69 -49.47 -49.31 -49.12 -48.97 -48.78 -48.62 -48.44 -48.28 -48.12 -47.97 -47.81 -47.66 -47.53 -47.44 -47.38 -47.34 -47.31 -47.31 -47.34 -47.38 -47.41 -47.47 -47.56 -47.62 -47.69 -47.78 -47.88 -48.00 -48.16 -48.31 -48.47 -48.59 -48.75 -48.88 -49.03 -49.19 -49.38 -49.53
-57.91 -57.66 -57.41 -57.16 -56.94 -56.72 -56.47 -56.22 -55.97 -55.72 -55.44 -55.19 -54.91 -54.62 -54.34 -54.06 -53.78 -53.50 -53.25 -53.00 -52.75 -52.50 -52.25 -52.00 -51.75 -51.50 -51.25 -51.00 -50.75 -50.53 -50.28 -50.09 -49.91 -49.72 -49.53 -49.34 -49.19 -49.00 -48.81 -48.66 -48.47 -48.31 -48.16 -48.00 -47.84 -47.72 -47.66 -47.59 -47.56 -47.56 -47.56 -47.56 -47.59 -47.66 -47.72 -47.81 -47.88 -47.97 -48.06 -48.19 -48.31 -48.47 -48.66 -48.81 -48.97 -49.09 -49.22 -49.38 -49.53 -49.72 -49.91
-58.12 -57.88 -57.62 -57.41 -57.16 -56.94 -56.69 -56.44 -56.19 -55.91 -55.66 -55.38 -55.09 -54.81 -54.53 -54.25 -53.97 -53.69 -53.44 -53.19 -52.94 -52.69 -52.44 -52.19 -51.94 -51.66 -51.44 -51.19 -50.94 -50.72 -50.50 -50.31 -50.09 -49.94 -49.75 -49.56 -49.38 -49.19 -49.03 -48.84 -48.66 -48.50 -48.31 -48.16 -48.03 -47.94 -47.88 -47.81 -47.78 -47.78 -47.78 -47.78 -47.84 -47.88 -47.97 -48.03 -48.12 -48.22 -48.34 -48.47 -48.62 -48.78 -48.97 -49.16 -49.31 -49.47 -49.59 -49.72 -49.91 -50.06 -50.25
-58.34 -58.09 -57.88 -57.66 -57.41 -57.16 -56.91 -56.66 -56.38 -56.12 -55.84 -55.59 -55.31 -55.03 -54.72 -54.44 -54.16 -53.91 -53.66 -53.38 -53.12 -52.88 -52.62 -52.38 -52.09 -51.84 -51.62 -51.38 -51.16 -50.91 -50.72 -50.50 -50.31 -50.12 -49.94 -49.75 -49.56 -49.41 -49.22 -49.03 -48.84 -48.69 -48.50 -48.34 -48.22 -48.12 -48.06 -48.03 -48.00 -47.97 -47.97 -48.00 -48.06 -48.12 -48.19 -48.28 -48.38 -48.47 -48.59 -48.75 -48.91 -49.09 -49.28 -49.47 -49.66 -49.81 -49.94 -50.09 -50.25 -50.41 -50.59
-58.59 -58.34 -58.12 -57.88 -57.62 -57.38 -57.12 -56.88 -56.59 -56.34 -56.06 -55.78 -55.50 -55.22 -54.94 -54.66 -54.38 -54.12 -53.84 -53.59 -53.34 -53.06 -52.81 -52.56 -52.28 -52.06 -51.81 -51.56 -51.34 -51.12 -50.91 -50.72 -50.50 -50.31 -50.12 -49.94 -49.75 -49.56 -49.38 -49.19 -49.00 -48.84 -48.69 -48.53 -48.41 -48.34 -48.28 -48.22 -48.19 -48.19 -48.19 -48.19 -48.25 -48.34 -48.41 -48.50 -48.62 -48.72 -48.84 -49.03 -49.19 -49.41 -49.59 -49.78 -49.97 -50.16 -50.31 -50.44 -50.59 -50.75 -50.97
-58.84 -58.59 -58.34 -58.12 -57.84 -57.59 -57.34 -57.06 -56.81 -56.53 -56.28 -56.00 -55.72 -55.41 -55.12 -54.84 -54.59 -54.31 -54.06 -53.78 -53.53 -53.25 -53.00 -52.75 -52.47 -52.25 -52.00 -51.75 -51.53 -51.31 -51.09 -50.91 -50.69 -50.50 -50.31 -50.12 -49.94 -49.72 -49.53 -49.34 -49.16 -49.00 -48.84 -48.72 -48.62 -48.53 -48.47 -48.44 -48.38 -48.38 -48.38 -48.41 -48.47 -48.56 -48.66 -48.75 -48.84 -48.97 -49.09 -49.28 -49.47 -49.66 -49.88 -50.06 -50.28 -50.47 -50.62 -50.78 -50.94 -51.12 -51.31
-59.09 -58.84 -58.59 -58.34 -58.06 -57.81 -57.56 -57.28 -57.00 -56.75 -56.47 -56.19 -55.91 -55.62 -55.34 -55.06 -54.78 -54.50 -54.25 -53.97 -53.69 -53.44 -53.19 -52.91 -52.66 -52.44 -52.19 -51.94 -51.72 -51.50 -51.28 -51.06 -50.88 -50.66 -50.47 -50.28 -50.06 -49.88 -49.69 -49.50 -49.31 -49.19 -49.03 -48.91 -48.81 -48.75 -48.69 -48.62 -48.56 -48.53 -48.53 -48.59 -48.66 -48.75 -48.88 -48.97 -49.09 -49.22 -49.34 -49.50 -49.69 -49.91 -50.12 -50.31 -50.53 -50.72 -50.94 -51.12 -51.28 -51.47 -51.66
-59.34 -59.06 -58.81 -58.56 -58.28 -58.03 -57.75 -57.47 -57.22 -56.94 -56.66 -56.38 -56.09 -55.81 -55.53 -55.25 -54.97 -54.69 -54.41 -54.16 -53.88 -53.62 -53.34 -53.09 -52.84 -52.59 -52.38 -52.12 -51.91 -51.66 -51.44 -51.25 -51.03 -50.84 -50.62 -50.44 -50.22 -50.03 -49.84 -49.66 -49.50 -49.34 -49.22 -49.12 -49.00 -48.94 -48.84 -48.81 -48.75 -48.72 -48.72 -48.75 -48.84 -48.94 -49.06 -49.19 -49.31 -49.44 -49.59 -49.75 -49.94 -50.12 -50.34 -50.56 -50.78 -50.97 -51.19 -51.41 -51.59 -51.81 -52.00
-59.56 -59.31 -59.03 -58.75 -58.50 -58.22 -57.94 -57.66 -57.41 -57.12 -56.84 -56.56 -56.28 -56.00 -55.72 -55.44 -55.16 -54.88 -54.59 -54.31 -54.06 -53.78 -53.53 -53.28 -53.03 -52.78 -52.53 -52.28 -52.06 -51.84 -51.59 -51.41 -51.19 -50.97 -50.78 -50.56 -50.38 -50.16 -50.00 -49.81 -49.69 -49.53 -49.41 -49.31 -49.19 -49.09 -49.03 -48.97 -48.91 -48.91 -48.91 -48.94 -49.03 -49.12 -49.28 -49.41 -49.56 -49.69 -49.81 -49.97 -50.16 -50.34 -50.53 -50.75 -51.00 -51.22 -51.44 -51.66 -51.88 -52.12 -52.34
-59.78 -59.50 -59.25 -58.97 -58.69 -58.41 -58.12 -57.84 -57.56 -57.31 -57.03 -56.75 -56.47 -56.16 -55.88 -55.59 -55.31 -55.03 -54.75 -54.50 -54.22 -53.97 -53.69 -53.44 -53.19 -52.94 -52.69 -52.44 -52.22 -51.97 -51.75 -51.53 -51.31 -51.12 -50.91 -50.72 -50.50 -50.31 -50.16 -50.00 -49.84 -49.72 -49.59 -49.47 -49.38 -49.28 -49.19 -49.12 -49.06 -49.06 -49.06 -49.12 -49.22 -49.34 -49.47 -49.62 -49.78 -49.91 -50.06 -50.22 -50.38 -50.56 -50.75 -50.97 -51.19 -51.41 -51.66 -51.91 -52.16 -52.41 -52.66
-60.00 -59.72 -59.44 -59.16 -58.88 -58.59 -58.31 -58.03 -57.75 -57.47 -57.19 -56.91 -56.62 -56.34 -56.03 -55.75 -55.47 -55.22 -54.94 -54.66 -54.41 -54.12 -53.88 -53.59 -53.34 -53.09 -52.84 -52.59 -52.38 -52.12 -51.91 -51.69 -51.47 -51.25 -51.06 -50.84 -50.66 -50.50 -50.34 -50.19 -50.03 -49.91 -49.75 -49.62 -49.53 -49.41 -49.34 -49.28 -49.22 -49.19 -49.22 -49.28 -49.38 -49.53 -49.69 -49.84 -50.00 -50.16 -50.31 -50.44 -50.59 -50.78 -50.94 -51.16 -51.38 -51.62 -51.88 -52.12 -52.38 -52.66 -52.91
-60.22 -59.91 -59.62 -59.34 -59.06 -58.78 -58.50 -58.22 -57.94 -57.66 -57.38 -57.09 -56.78 -56.50 -56.22 -55.94 -55.66 -55.38 -55.09 -54.84 -54.56 -54.31 -54.03 -53.78 -53.50 -53.25 -53.00 -52.75 -52.53 -52.28 -52.06 -51.81 -51.62 -51.41 -51.22 -51.00 -50.84 -50.66 -50.50 -50.34 -50.19 -50.06 -49.91 -49.78 -49.66 -49.56 -49.47 -49.41 -49.38 -49.34 -49.38 -49.44 -49.53 -49.69 -49.88 -50.03 -50.19 -50.38 -50.53 -50.69 -50.84 -51.00 -51.16 -51.38 -51.59 -51.81 -52.06 -52.34 -52.62 -52.88 -53.16
-60.41 -60.12 -59.84 -59.53 -59.25 -58.97 -58.69 -58.41 -58.12 -57.84 -57.53 -57.25 -56.97 -56.66 -56.38 -56.09 -55.81 -55.56 -55.28 -55.00 -54.75 -54.47 -54.19 -53.94 -53.69 -53.44 -53.16 -52.91 -52.69 -52.44 -52.19 -51.97 -51.75 -51.56 -51.38 -51.19 -51.00 -50.81 -50.66 -50.50 -50.34 -50.22 -50.06 -49.94 -49.81 -49.69 -49.62 -49.53 -49.50 -49.47 -49.50 -49.59 -49.72 -49.88 -50.03 -50.22 -50.41 -50.56 -50.75 -50.91 -51.06 -51.22 -51.41 -51.59 -51.78 -52.03 -52.28 -52.56 -52.81 -53.09 -53.38
-60.59 -60.31 -60.03 -59.75 -59.47 -59.16 -58.88 -58.59 -58.31 -58.00 -57.72 -57.44 -57.12 -56.84 -56.56 -56.28 -56.00 -55.72 -55.47 -55.19 -54.91 -54.62 -54.38 -54.09 -53.84 -53.59 -53.31 -53.06 -52.81 -52.59 -52.34 -52.12 -51.94 -51.72 -51.53 -51.34 -51.16 -50.97 -50.81 -50.66 -50.50 -50.34 -50.19 -50.06 -49.94 -49.84 -49.75 -49.66 -49.62 -49.62 -49.66 -49.75 -49.88 -50.03 -50.19 -50.38 -50.56 -50.75 -50.94 -51.09 -51.28 -51.44 -51.62 -51.81 -52.00 -52.22 -52.47 -52.75 -53.03 -53.31 -53.59
-60.81 -60.53 -60.22 -59.94 -59.66 -59.38 -59.06 -58.78 -58.50 -58.19 -57.91 -57.59 -57.31 -57.03 -56.75 -56.47 -56.19 -55.91 -55.62 -55.34 -55.06 -54.81 -54.53 -54.25 -54.00 -53.75 -53.47 -53.22 -52.97 -52.75 -52.50 -52.28 -52.06 -51.88 -51.69 -51.50 -51.31 -51.12 -50.94 -50.78 -50.62 -50.47 -50.31 -50.19 -50.06 -49.94 -49.88 -49.78 -49.75 -49.75 -49.81 -49.91 -50.03 -50.19 -50.34 -50.53 -50.75 -50.94 -51.12 -51.28 -51.47 -51.66 -51.84 -52.03 -52.22 -52.44 -52.69 -52.97 -53.25 -53.53 -53.81
-61.00 -60.72 -60.41 -60.12 -59.84 -59.56 -59.25 -58.97 -58.69 -58.38 -58.06 -57.78 -57.50 -57.19 -56.91 -56.62 -56.34 -56.06 -55.78 -55.50 -55.22 -54.97 -54.69 -54.41 -54.16 -53.88 -53.62 -53.38 -53.12 -52.88 -52.66 -52.44 -52.22 -52.00 -51.81 -51.62 -51.44 -51.25 -51.06 -50.91 -50.75 -50.59 -50.44 -50.28 -50.16 -50.06 -49.97 -49.91 -49.88 -49.88 -49.94 -50.03 -50.16 -50.34 -50.50 -50.69 -50.88 -51.09 -51.28 -51.47 -51.66 -51.84 -52.03 -52.25 -52.44 -52.66 -52.91 -53.16 -53.44 -53.72 -54.00
-61.19 -60.91 -60.59 -60.31 -60.03 -59.72 -59.44 -59.16 -58.84 -58.53 -58.25 -57.94 -57.66 -57.38 -57.06 -56.78 -56.50 -56.22 -55.94 -55.66 -55.38 -55.09 -54.84 -54.56 -54.28 -54.03 -53.75 -53.50 -53.25 -53.00 -52.78 -52.56 -52.34 -52.12 -51.94 -51.75 -51.56 -51.38 -51.19 -51.00 -50.84 -50.69 -50.53 -50.41 -50.28 -50.19 -50.09 -50.03 -50.00 -50.00 -50.06 -50.16 -50.31 -50.47 -50.66 -50.84 -51.03 -51.22 -51.44 -51.62 -51.84 -52.03 -52.25 -52.44 -52.66 -52.88 -53.09 -53.34 -53.62 -53.91 -54.19
-61.34 -61.06 -60.78 -60.50 -60.19 -59.91 -59.59 -59.31 -59.00 -58.72 -58.41 -58.09 -57.81 -57.53 -57.22 -56.94 -56.66 -56.38 -56.06 -55.78 -55.50 -55.25 -54.97 -54.69 -54.41 -54.16 -53.88 -53.62 -53.38 -53.12 -52.91 -52.69 -52.47 -52.25 -52.06 -51.84 -51.66 -51.47 -51.28 -51.09 -50.94 -50.78 -50.62 -50.50 -50.38 -50.28 -50.22 -50.16 -50.12 -50.12 -50.19 -50.28 -50.44 -50.59 -50.78 -50.97 -51.16 -51.38 -51.56 -51.78 -52.00 -52.22 -52.44 -52.66 -52.88 -53.09 -53.31 -53.56 -53.81 -54.09 -54.41
-61.53 -61.25 -60.94 -60.66 -60.38 -60.06 -59.75 -59.47 -59.16 -58.84 -58.56 -58.25 -57.97 -57.66 -57.38 -57.06 -56.78 -56.50 -56.22 -55.91 -55.62 -55.38 -55.09 -54.81 -54.53 -54.28 -54.00 -53.75 -53.50 -53.25 -53.03 -52.81 -52.59 -52.38 -52.16 -51.97 -51.75 -51.56 -51.38 -51.19 -51.03 -50.88 -50.72 -50.59 -50.47 -50.38 -50.31 -50.25 -50.22 -50.25 -50.31 -50.41 -50.56 -50.72 -50.91 -51.09 -51.28 -51.50 -51.69 -51.91 -52.16 -52.38 -52.62 -52.84 -53.06 -53.28 -53.53 -53.78 -54.03 -54.31 -54.59
-61.69 -61.41 -61.12 -60.81 -60.53 -60.22 -59.91 -59.59 -59.31 -59.00 -58.69 -58.41 -58.09 -57.78 -57.50 -57.19 -56.91 -56.59 -56.31 -56.03 -55.75 -55.47 -55.19 -54.94 -54.66 -54.38 -54.12 -53.88 -53.62 -53.38 -53.12 -52.91 -52.69 -52.50 -52.28 -52.06 -51.88 -51.66 -51.47 -51.28 -51.12 -50.97 -50.81 -50.69 -50.59 -50.50 -50.41 -50.34 -50.34 -50.34 -50.44 -50.53 -50.66 -50.81 -51.00 -51.19 -51.41 -51.59 -51.81 -52.03 -52.28 -52.53 -52.78 -53.03 -53.25 -53.50 -53.72 -53.97 -54.22 -54.50 -54.78
-61.84 -61.56 -61.28 -60.97 -60.66 -60.34 -60.06 -59.75 -59.44 -59.12 -58.81 -58.53 -58.22 -57.91 -57.59 -57.31 -57.00 -56.72 -56.44 -56.16 -55.88 -55.59 -55.31 -55.03 -54.75 -54.50 -54.22 -53.97 -53.72 -53.50 -53.25 -53.03 -52.81 -52.59 -52.38 -52.16 -51.97 -51.75 -51.56 -51.41 -51.22 -51.06 -50.91 -50.78 -50.69 -50.59 -50.50 -50.44 -50.41 -50.47 -50.53 -50.62 -50.78 -50.94 -51.12 -51.31 -51.50 -51.72 -51.94 -52.16 -52.41 -52.66 -52.91 -53.16 -53.41 -53.66 -53.91 -54.16 -54.41 -54.66 -54.94
-62.00 -61.72 -61.41 -61.09 -60.81 -60.50 -60.19 -59.88 -59.56 -59.25 -58.94 -58.62 -58.34 -58.03 -57.72 -57.41 -57.12 -56.81 -56.53 -56.25 -55.97 -55.69 -55.41 -55.12 -54.88 -54.59 -54.34 -54.09 -53.84 -53.59 -53.38 -53.16 -52.91 -52.69 -52.47 -52.28 -52.06 -51.84 -51.66 -51.50 -51.31 -51.16 -51.00 -50.88 -50.75 -50.66 -50.56 -50.50 -50.50 -50.56 -50.62 -50.75 -50.88 -51.03 -51.22 -51.41 -51.62 -51.81 -52.06 -52.28 -52.53 -52.78 -53.03 -53.31 -53.56 -53.81 -54.06 -54.31 -54.56 -54.81 -55.09
-62.16 -61.84 -61.53 -61.25 -60.94 -60.62 -60.31 -60.00 -59.69 -59.38 -59.06 -58.75 -58.44 -58.12 -57.81 -57.53 -57.22 -56.94 -56.62 -56.34 -56.06 -55.78 -55.50 -55.22 -54.97 -54.69 -54.44 -54.19 -53.94 -53.69 -53.47 -53.25 -53.03 -52.78 -52.56 -52.34 -52.16 -51.94 -51.75 -51.56 -51.41 -51.25 -51.09 -50.97 -50.84 -50.75 -50.66 -50.59 -50.56 -50.62 -50.72 -50.84 -50.97 -51.12 -51.31 -51.50 -51.72 -51.94 -52.16 -52.38 -52.62 -52.91 -53.16 -53.41 -53.69 -53.94 -54.19 -54.47 -54.72 -54.97 -55.25
-62.25 -61.97 -61.66 -61.38 -61.06 -60.75 -60.44 -60.12 -59.81 -59.50 -59.19 -58.88 -58.56 -58.25 -57.94 -57.62 -57.31 -57.03 -56.75 -56.44 -56.16 -55.88 -55.59 -55.31 -55.06 -54.78 -54.53 -54.28 -54.03 -53.78 -53.56 -53.34 -53.09 -52.88 -52.66 -52.44 -52.22 -52.03 -51.84 -51.66 -51.47 -51.31 -51.16 -51.03 -50.91 -50.81 -50.72 -50.66 -50.66 -50.69 -50.81 -50.91 -51.06 -51.22 -51.41 -51.59 -51.78 -52.00 -52.22 -52.47 -52.72 -52.97 -53.25 -53.50 -53.78 -54.03 -54.31 -54.56 -54.84 -55.12 -55.38
-62.38 -62.06 -61.78 -61.47 -61.16 -60.84 -60.53 -60.22 -59.91 -59.59 -59.28 -58.97 -58.66 -58.34 -58.03 -57.72 -57.44 -57.12 -56.84 -56.53 -56.25 -55.97 -55.69 -55.41 -55.12 -54.88 -54.62 -54.34 -54.12 -53.88 -53.62 -53.41 -53.19 -52.97 -52.72 -52.50 -52.28 -52.09 -51.91 -51.72 -51.53 -51.38 -51.22 -51.09 -50.97 -50.84 -50.75 -50.69 -50.69 -50.75 -50.88 -51.00 -51.12 -51.28 -51.47 -51.66 -51.84 -52.06 -52.28 -52.53 -52.78 -53.03 -53.31 -53.56 -53.84 -54.12 -54.41 -54.66 -54.94 -55.22 -55.50
-62.47 -62.16 -61.88 -61.56 -61.25 -60.94 -60.62 -60.31 -60.00 -59.69 -59.38 -59.06 -58.75 -58.44 -58.12 -57.81 -57.50 -57.22 -56.91 -56.62 -56.34 -56.06 -55.75 -55.50 -55.22 -54.94 -54.69 -54.44 -54.19 -53.94 -53.72 -53.47 -53.25 -53.03 -52.78 -52.56 -52.34 -52.16 -51.94 -51.78 -51.59 -51.44 -51.28 -51.16 -51.00 -50.91 -50.81 -50.75 -50.75 -50.81 -50.91 -51.03 -51.19 -51.34 -51.53 -51.72 -51.91 -52.09 -52.31 -52.56 -52.81 -53.06 -53.34 -53.59 -53.88 -54.16 -54.44 -54.72 -55.00 -55.28 -55.56
-62.56 -62.25 -61.94 -61.66 -61.34 -61.03 -60.72 -60.41 -60.09 -59.78 -59.47 -59.12 -58.81 -58.50 -58.19 -57.91 -57.59 -57.28 -57.00 -56.69 -56.41 -56.12 -55.84 -55.56 -55.28 -55.00 -54.75 -54.50 -54.25 -54.00 -53.75 -53.53 -53.31 -53.06 -52.84 -52.62 -52.41 -52.19 -52.00 -51.81 -51.66 -51.50 -51.34 -51.19 -51.06 -50.94 -50.84 -50.78 -50.78 -50.84 -50.97 -51.09 -51.25 -51.41 -51.56 -51.75 -51.94 -52.12 -52.34 -52.56 -52.81 -53.06 -53.34 -53.62 -53.91 -54.19 -54.47 -54.75 -55.06 -55.34 -55.62
-62.62 -62.31 -62.03 -61.72 -61.41 -61.09 -60.78 -60.47 -60.16 -59.84 -59.53 -59.22 -58.91 -58.56 -58.28 -57.97 -57.66 -57.34 -57.06 -56.75 -56.47 -56.19 -55.88 -55.59 -55.34 -55.06 -54.81 -54.53 -54.28 -54.06 -53.81 -53.59 -53.34 -53.12 -52.91 -52.69 -52.47 -52.25 -52.06 -51.88 -51.72 -51.53 -51.38 -51.25 -51.09 -51.00 -50.88 -50.81 -50.81 -50.88 -51.00 -51.12 -51.28 -51.44 -51.59 -51.78 -51.97 -52.16 -52.34 -52.56 -52.81 -53.06 -53.31 -53.59 -53.88 -54.19 -54.47 -54.78 -55.09 -55.38 -55.69
-62.69 -62.41 -62.09 -61.78 -61.47 -61.16 -60.84 -60.53 -60.22 -59.91 -59.59 -59.28 -58.94 -58.62 -58.31 -58.00 -57.72 -57.41 -57.09 -56.81 -56.53 -56.22 -55.94 -55.66 -55.38 -55.09 -54.84 -54.59 -54.34 -54.09 -53.88 -53.62 -53.41 -53.16 -52.94 -52.72 -52.50 -52.31 -52.12 -51.94 -51.75 -51.59 -51.44 -51.28 -51.16 -51.03 -50.91 -50.84 -50.84 -50.91 -51.00 -51.12 -51.28 -51.44 -51.62 -51.78 -51.97 -52.16 -52.34 -52.56 -52.81 -53.06 -53.31 -53.59 -53.88 -54.16 -54.47 -54.78 -55.09 -55.41 -55.72
-62.75 -62.44 -62.16 -61.84 -61.53 -61.22 -60.91 -60.59 -60.28 -59.97 -59.62 -59.31 -59.00 -58.69 -58.38 -58.06 -57.75 -57.44 -57.16 -56.84 -56.56 -56.25 -55.97 -55.69 -55.41 -55.16 -54.88 -54.62 -54.38 -54.12 -53.91 -53.66 -53.44 -53.19 -52.97 -52.75 -52.56 -52.34 -52.16 -51.97 -51.78 -51.62 -51.47 -51.31 -51.19 -51.06 -50.94 -50.88 -50.84 -50.91 -51.03 -51.16 -51.28 -51.44 -51.59 -51.78 -51.97 -52.16 -52.34 -52.56 -52.78 -53.03 -53.31 -53.56 -53.88 -54.16 -54.47 -54.78 -55.09 -55.44 -55.75
-62.81 -62.50 -62.19 -61.88 -61.56 -61.25 -60.94 -60.62 -60.31 -60.00 -59.69 -59.34 -59.03 -58.72 -58.41 -58.09 -57.78 -57.47 -57.19 -56.88 -56.56 -56.28 -56.00 -55.72 -55.44 -55.16 -54.91 -54.66 -54.41 -54.16 -53.91 -53.69 -53.44 -53.22 -53.00 -52.78 -52.56 -52.38 -52.19 -52.00 -51.81 -51.66 -51.47 -51.34 -51.19 -51.06 -50.97 -50.88 -50.84 -50.91 -51.03 -51.16 -51.28 -51.44 -51.59 -51.75 -51.94 -52.12 -52.31 -52.53 -52.78 -53.03 -53.28 -53.56 -53.88 -54.16 -54.47 -54.78 -55.12 -55.44 -55.78
-62.84 -62.53 -62.22 -61.91 -61.59 -61.28 -60.97 -60.66 -60.34 -60.00 -59.69 -59.38 -59.06 -58.72 -58.41 -58.09 -57.81 -57.50 -57.19 -56.88 -56.59 -56.31 -56.00 -55.72 -55.44 -55.19 -54.91 -54.66 -54.41 -54.16 -53.94 -53.69 -53.47 -53.22 -53.00 -52.78 -52.59 -52.38 -52.19 -52.00 -51.84 -51.66 -51.50 -51.34 -51.19 -51.06 -50.97 -50.88 -50.84 -50.91 -51.00 -51.12 -51.28 -51.44 -51.59 -51.75 -51.94 -52.09 -52.31 -52.53 -52.75 -53.00 -53.28 -53.56 -53.84 -54.16 -54.47 -54.78 -55.12 -55.44 -55.78
