everonasctiles/Tile40,13.asc
ncols 128
nrows 128
xllcorner 0
yllcorner 0
cellsize 2.0
NODATA_value  -9999
[rows 35 to 69 of 128, columns 0 to 77 of 128]
36.38 35.34 33.97 32.97 33.03 32.72 32.19 31.69 31.19 30.69 30.25 29.72 29.09 28.72 28.06 26.91 25.72 24.75 24.53 23.56 22.41 21.00 19.41 17.75 16.06 14.25 12.81 11.72 10.56 9.09 8.50 7.97 7.19 6.28 5.28 4.09 2.88 1.75 0.78 0.00 -0.62 -1.12 -1.50 -1.81 -2.06 -2.28 -2.44 -2.59 -2.72 -2.81 -2.91 -3.00 -3.09 -3.19 -3.28 -3.38 -3.47 -3.59 -3.72 -3.84 -3.97 -4.09 -4.25 -4.41 -4.56 -4.78 -4.97 -5.16 -5.31 -5.53 -5.75 -5.97 -6.09 -6.22 -6.41 -6.56 -6.72 -6.88
33.91 33.56 32.84 31.91 31.62 31.44 30.81 30.50 30.25 30.00 29.47 28.72 28.38 27.97 26.91 25.31 24.22 23.47 23.12 22.31 21.19 19.84 18.47 17.06 15.62 14.19 12.81 11.66 10.59 9.59 8.94 8.41 7.62 6.72 5.62 4.38 3.00 1.78 0.78 0.00 -0.59 -1.06 -1.44 -1.72 -1.94 -2.16 -2.28 -2.41 -2.53 -2.62 -2.72 -2.78 -2.88 -2.97 -3.03 -3.12 -3.25 -3.34 -3.44 -3.56 -3.69 -3.84 -3.97 -4.12 -4.28 -4.47 -4.66 -4.81 -5.00 -5.22 -5.41 -5.56 -5.75 -5.91 -6.09 -6.22 -6.38 -6.53
33.53 33.06 32.25 31.16 30.53 30.28 30.06 29.56 29.47 29.16 28.62 28.12 27.88 26.88 25.25 24.09 23.09 22.12 21.78 20.84 19.56 18.34 17.09 15.88 14.97 13.81 12.66 11.50 10.56 9.81 9.22 8.66 7.97 7.06 5.91 4.56 3.16 1.91 0.88 0.06 -0.53 -1.00 -1.34 -1.62 -1.84 -2.00 -2.16 -2.28 -2.38 -2.47 -2.53 -2.62 -2.69 -2.78 -2.84 -2.94 -3.03 -3.12 -3.22 -3.34 -3.47 -3.56 -3.69 -3.84 -4.00 -4.16 -4.38 -4.56 -4.75 -4.91 -5.09 -5.25 -5.41 -5.59 -5.75 -5.94 -6.03 -6.19
32.94 32.44 31.88 31.31 30.41 30.00 29.62 29.22 28.81 28.44 28.06 27.69 27.12 25.75 24.12 22.53 21.91 21.06 20.75 19.78 18.56 17.12 15.75 15.22 14.25 13.31 12.34 11.38 10.53 9.84 9.28 8.72 8.09 7.22 6.16 4.75 3.34 2.06 1.03 0.22 -0.41 -0.88 -1.25 -1.50 -1.72 -1.91 -2.03 -2.16 -2.25 -2.31 -2.41 -2.47 -2.53 -2.62 -2.69 -2.78 -2.84 -2.94 -3.03 -3.12 -3.25 -3.38 -3.50 -3.62 -3.75 -3.88 -4.09 -4.28 -4.47 -4.66 -4.81 -4.97 -5.12 -5.28 -5.50 -5.66 -5.81 -5.91
31.66 31.53 31.19 30.72 30.25 29.75 29.34 28.94 28.41 27.94 27.59 27.09 26.38 24.47 22.62 21.28 20.84 20.22 19.41 18.75 17.88 16.94 15.81 14.50 13.72 12.88 12.12 11.28 10.44 9.75 9.19 8.66 8.03 7.22 6.22 4.94 3.56 2.31 1.25 0.38 -0.28 -0.75 -1.12 -1.41 -1.62 -1.81 -1.94 -2.03 -2.12 -2.22 -2.28 -2.34 -2.44 -2.50 -2.56 -2.62 -2.69 -2.78 -2.88 -2.97 -3.03 -3.16 -3.31 -3.41 -3.53 -3.69 -3.84 -4.00 -4.16 -4.31 -4.50 -4.69 -4.84 -5.00 -5.19 -5.38 -5.53 -5.56
31.56 30.91 30.56 30.22 29.91 29.44 29.00 28.53 28.00 27.50 27.09 26.47 25.22 23.25 21.41 20.69 20.03 19.41 18.62 18.00 17.06 16.22 15.31 14.28 13.38 12.62 11.78 10.94 10.25 9.59 8.91 8.38 7.81 7.06 6.16 5.00 3.75 2.53 1.44 0.56 -0.12 -0.66 -1.03 -1.31 -1.53 -1.72 -1.84 -1.97 -2.06 -2.12 -2.19 -2.25 -2.31 -2.38 -2.44 -2.50 -2.56 -2.66 -2.72 -2.78 -2.88 -3.00 -3.09 -3.22 -3.34 -3.50 -3.62 -3.75 -3.84 -4.00 -4.19 -4.38 -4.56 -4.72 -4.88 -5.03 -5.16 -5.28
32.03 30.75 30.28 29.81 29.44 29.09 28.53 28.03 27.53 27.00 26.44 25.59 24.34 22.78 21.12 20.44 19.75 19.03 18.31 17.56 16.53 15.69 14.81 14.03 13.16 12.44 11.56 10.75 10.09 9.50 8.78 8.19 7.47 6.75 5.94 4.94 3.81 2.66 1.59 0.72 0.00 -0.53 -0.94 -1.25 -1.47 -1.66 -1.78 -1.88 -1.97 -2.03 -2.09 -2.16 -2.22 -2.28 -2.31 -2.38 -2.47 -2.53 -2.59 -2.66 -2.72 -2.81 -2.94 -3.03 -3.16 -3.28 -3.41 -3.56 -3.69 -3.81 -3.91 -4.06 -4.22 -4.38 -4.53 -4.66 -4.75 -5.00
32.19 30.75 30.00 29.53 29.00 28.59 28.00 27.50 27.00 26.41 25.72 24.84 23.75 22.12 20.88 20.28 19.50 18.75 17.97 17.19 16.34 15.56 14.69 13.88 12.97 12.22 11.38 10.62 9.94 9.25 8.59 7.69 7.03 6.34 5.59 4.72 3.75 2.69 1.66 0.78 0.09 -0.47 -0.88 -1.19 -1.41 -1.56 -1.72 -1.81 -1.91 -1.97 -2.03 -2.09 -2.12 -2.19 -2.25 -2.28 -2.34 -2.44 -2.50 -2.56 -2.59 -2.66 -2.75 -2.84 -2.97 -3.09 -3.25 -3.38 -3.47 -3.59 -3.66 -3.75 -3.91 -4.06 -4.16 -4.31 -4.44 -4.75
32.22 30.97 29.91 29.25 28.62 28.06 27.50 26.94 26.41 25.75 25.06 24.22 23.28 21.78 20.75 20.03 19.28 18.47 17.69 16.88 16.06 15.28 14.50 13.66 12.78 11.94 11.22 10.47 9.66 8.78 8.06 7.44 6.59 5.88 5.25 4.44 3.56 2.59 1.62 0.78 0.12 -0.41 -0.84 -1.12 -1.38 -1.53 -1.66 -1.78 -1.84 -1.91 -1.97 -2.00 -2.06 -2.09 -2.16 -2.19 -2.25 -2.31 -2.38 -2.44 -2.50 -2.53 -2.59 -2.69 -2.78 -2.94 -3.06 -3.16 -3.28 -3.34 -3.47 -3.59 -3.75 -3.94 -4.12 -4.22 -4.31 -4.44
32.06 30.94 29.75 28.94 28.12 27.59 27.00 26.38 25.78 25.09 24.41 23.66 22.72 21.56 20.50 19.78 19.00 18.22 17.44 16.66 15.84 15.03 14.25 13.44 12.53 11.69 10.91 10.16 9.38 8.53 7.72 6.97 6.25 5.56 4.91 4.16 3.34 2.41 1.53 0.75 0.09 -0.41 -0.81 -1.12 -1.34 -1.50 -1.66 -1.75 -1.81 -1.88 -1.94 -1.97 -2.00 -2.06 -2.09 -2.12 -2.16 -2.22 -2.28 -2.34 -2.41 -2.47 -2.47 -2.56 -2.62 -2.72 -2.84 -2.97 -3.06 -3.22 -3.38 -3.53 -3.72 -3.88 -4.03 -4.09 -4.16 -4.22
31.91 30.50 29.53 28.56 27.69 27.09 26.50 25.84 25.22 24.53 23.84 23.12 22.25 21.25 20.31 19.53 18.81 18.03 17.22 16.44 15.69 14.84 13.97 13.19 12.31 11.41 10.59 9.88 9.16 8.28 7.41 6.59 5.91 5.25 4.59 3.88 3.09 2.22 1.41 0.66 0.06 -0.44 -0.81 -1.09 -1.31 -1.50 -1.62 -1.72 -1.78 -1.84 -1.88 -1.94 -1.97 -2.00 -2.06 -2.06 -2.12 -2.16 -2.22 -2.25 -2.31 -2.34 -2.41 -2.41 -2.47 -2.56 -2.69 -2.81 -2.94 -3.09 -3.28 -3.41 -3.56 -3.72 -3.81 -3.97 -4.12 -4.19
31.31 29.81 28.81 28.25 27.28 26.56 26.06 25.47 24.78 24.12 23.38 22.66 21.84 20.94 20.12 19.34 18.59 17.81 17.03 16.28 15.50 14.75 13.84 12.97 12.06 11.12 10.31 9.62 8.94 8.06 7.06 6.25 5.56 4.94 4.28 3.59 2.84 2.03 1.25 0.56 -0.03 -0.47 -0.84 -1.12 -1.31 -1.50 -1.59 -1.69 -1.75 -1.81 -1.84 -1.91 -1.94 -1.97 -2.00 -2.03 -2.06 -2.06 -2.09 -2.16 -2.22 -2.28 -2.38 -2.38 -2.41 -2.50 -2.62 -2.72 -2.88 -3.03 -3.16 -3.31 -3.44 -3.53 -3.66 -3.81 -3.94 -4.09
30.72 29.38 28.62 28.25 27.31 26.41 25.84 25.16 24.47 23.69 22.94 22.19 21.38 20.62 19.84 19.03 18.28 17.50 16.75 16.03 15.28 14.53 13.72 12.72 11.84 10.91 10.00 9.31 8.59 7.72 6.78 5.97 5.28 4.62 4.00 3.31 2.59 1.84 1.09 0.44 -0.09 -0.53 -0.88 -1.12 -1.34 -1.47 -1.59 -1.69 -1.75 -1.81 -1.84 -1.88 -1.91 -1.94 -1.94 -1.97 -1.97 -2.00 -2.06 -2.12 -2.19 -2.28 -2.34 -2.38 -2.41 -2.47 -2.59 -2.72 -2.81 -2.91 -3.00 -3.16 -3.28 -3.38 -3.50 -3.56 -3.72 -3.91
30.59 29.62 28.75 28.00 27.16 26.28 25.50 24.78 24.09 23.25 22.44 21.62 20.88 20.12 19.47 18.78 18.00 17.28 16.53 15.78 15.06 14.28 13.53 12.50 11.50 10.59 9.66 9.00 8.28 7.47 6.56 5.72 5.03 4.38 3.75 3.09 2.38 1.62 0.94 0.31 -0.19 -0.59 -0.91 -1.16 -1.34 -1.50 -1.59 -1.69 -1.75 -1.78 -1.81 -1.84 -1.91 -1.91 -1.91 -1.94 -1.97 -2.00 -2.06 -2.12 -2.16 -2.22 -2.28 -2.31 -2.38 -2.44 -2.56 -2.66 -2.75 -2.81 -2.91 -3.03 -3.12 -3.19 -3.31 -3.47 -3.66 -3.78
30.09 29.28 28.50 27.75 26.94 26.03 25.16 24.41 23.72 23.03 22.12 21.22 20.47 19.75 19.06 18.44 17.75 17.06 16.34 15.56 14.75 14.03 13.25 12.22 11.09 10.22 9.34 8.66 7.94 7.16 6.31 5.50 4.78 4.12 3.50 2.84 2.16 1.44 0.78 0.22 -0.25 -0.66 -0.94 -1.19 -1.34 -1.50 -1.59 -1.69 -1.75 -1.78 -1.81 -1.84 -1.88 -1.91 -1.91 -1.94 -1.97 -2.00 -2.03 -2.06 -2.12 -2.19 -2.22 -2.25 -2.34 -2.44 -2.47 -2.59 -2.66 -2.72 -2.78 -2.91 -3.00 -3.09 -3.25 -3.41 -3.53 -3.66
29.31 28.59 27.91 27.22 26.41 25.50 24.59 23.84 23.22 22.62 21.84 21.03 20.19 19.47 18.75 18.09 17.44 16.78 16.12 15.34 14.41 13.72 13.09 12.00 10.78 9.88 9.03 8.28 7.62 6.84 6.06 5.25 4.53 3.88 3.25 2.59 1.94 1.28 0.66 0.09 -0.34 -0.69 -0.97 -1.19 -1.38 -1.50 -1.59 -1.66 -1.72 -1.78 -1.81 -1.84 -1.88 -1.91 -1.94 -1.94 -1.97 -2.00 -2.03 -2.03 -2.06 -2.12 -2.16 -2.22 -2.28 -2.34 -2.41 -2.47 -2.56 -2.66 -2.72 -2.75 -2.91 -3.00 -3.06 -3.22 -3.38 -3.50
28.34 27.53 26.94 26.31 25.56 24.75 23.62 22.91 22.66 22.19 21.59 20.78 19.91 19.19 18.47 17.78 17.12 16.50 15.69 14.78 14.09 13.41 12.78 11.78 10.56 9.53 8.72 7.91 7.25 6.53 5.75 5.03 4.31 3.66 3.03 2.38 1.72 1.09 0.50 0.00 -0.41 -0.75 -1.03 -1.22 -1.38 -1.50 -1.59 -1.66 -1.75 -1.78 -1.81 -1.84 -1.88 -1.91 -1.91 -1.94 -1.97 -1.97 -2.00 -2.03 -2.06 -2.09 -2.12 -2.16 -2.19 -2.28 -2.31 -2.38 -2.47 -2.53 -2.59 -2.69 -2.78 -2.84 -2.97 -3.12 -3.25 -3.41
27.00 26.03 25.50 25.25 24.47 23.72 22.94 22.09 21.88 21.66 21.12 20.44 19.59 18.81 18.12 17.47 16.84 16.16 15.41 14.56 13.72 13.09 12.41 11.50 10.44 9.16 8.41 7.59 6.88 6.16 5.44 4.75 4.06 3.41 2.78 2.16 1.53 0.91 0.38 -0.09 -0.50 -0.81 -1.06 -1.25 -1.41 -1.53 -1.59 -1.69 -1.72 -1.78 -1.81 -1.84 -1.88 -1.91 -1.91 -1.94 -1.94 -1.97 -2.00 -2.03 -2.06 -2.09 -2.09 -2.12 -2.16 -2.16 -2.22 -2.31 -2.41 -2.47 -2.56 -2.59 -2.69 -2.81 -2.94 -3.06 -3.16 -3.31
25.38 24.84 24.25 23.81 23.38 22.81 22.28 21.88 21.47 21.12 20.56 19.94 19.12 18.38 17.72 17.06 16.41 15.72 14.97 14.19 13.44 12.81 12.06 11.06 10.00 8.88 8.00 7.28 6.62 5.91 5.22 4.50 3.78 3.16 2.56 1.94 1.34 0.75 0.25 -0.22 -0.56 -0.88 -1.09 -1.28 -1.44 -1.53 -1.62 -1.69 -1.72 -1.78 -1.81 -1.84 -1.84 -1.88 -1.91 -1.91 -1.94 -1.97 -1.97 -2.00 -2.03 -2.06 -2.09 -2.09 -2.12 -2.16 -2.16 -2.19 -2.31 -2.44 -2.50 -2.56 -2.66 -2.78 -2.88 -3.00 -3.09 -3.22
24.34 23.94 23.66 23.03 22.66 22.12 21.62 21.31 20.94 20.47 20.06 19.38 18.44 17.84 17.25 16.56 15.78 15.12 14.38 13.66 13.03 12.38 11.72 10.81 10.00 8.75 7.75 7.22 6.66 5.91 5.09 4.31 3.56 2.91 2.31 1.72 1.12 0.59 0.09 -0.31 -0.66 -0.94 -1.16 -1.31 -1.44 -1.56 -1.62 -1.69 -1.72 -1.78 -1.81 -1.81 -1.84 -1.88 -1.91 -1.91 -1.94 -1.94 -1.97 -1.97 -2.00 -2.03 -2.06 -2.06 -2.09 -2.09 -2.09 -2.12 -2.22 -2.34 -2.41 -2.50 -2.59 -2.69 -2.81 -2.94 -3.03 -3.09
24.06 23.31 22.88 22.41 21.88 21.50 20.72 20.44 20.34 19.91 19.47 18.97 17.97 17.22 16.50 15.84 14.91 14.25 13.59 13.03 12.44 11.91 11.28 10.53 9.75 8.69 7.81 7.34 6.69 5.91 5.03 4.19 3.34 2.59 2.03 1.50 0.94 0.44 0.00 -0.41 -0.72 -0.97 -1.19 -1.34 -1.47 -1.56 -1.62 -1.69 -1.75 -1.78 -1.81 -1.81 -1.84 -1.88 -1.91 -1.91 -1.91 -1.94 -1.94 -1.97 -2.00 -2.00 -2.03 -2.03 -2.09 -2.09 -2.09 -2.12 -2.22 -2.31 -2.34 -2.41 -2.44 -2.53 -2.66 -2.78 -2.84 -2.94
23.75 23.09 22.47 22.00 21.34 20.88 20.12 19.72 19.72 19.34 18.97 18.44 17.91 16.78 15.81 14.88 14.22 13.47 12.62 12.16 11.84 11.38 10.84 10.16 9.38 8.66 8.03 7.47 6.66 5.81 4.91 3.91 2.88 2.12 1.66 1.22 0.75 0.28 -0.12 -0.50 -0.78 -1.03 -1.22 -1.38 -1.47 -1.56 -1.66 -1.69 -1.75 -1.78 -1.81 -1.84 -1.88 -1.88 -1.91 -1.91 -1.91 -1.94 -1.94 -1.94 -1.97 -2.00 -2.03 -2.00 -2.09 -2.12 -2.12 -2.16 -2.25 -2.28 -2.34 -2.38 -2.44 -2.47 -2.56 -2.69 -2.78 -2.88
21.94 22.50 21.72 21.31 20.78 20.22 19.59 19.22 19.06 18.78 18.44 17.94 17.28 16.41 15.12 14.16 13.47 12.78 12.00 11.47 11.16 10.78 10.31 9.72 9.09 8.66 8.19 7.47 6.53 5.59 4.56 3.34 2.25 1.56 1.19 0.88 0.53 0.16 -0.25 -0.56 -0.84 -1.09 -1.25 -1.41 -1.53 -1.59 -1.66 -1.72 -1.75 -1.78 -1.81 -1.81 -1.84 -1.88 -1.88 -1.91 -1.91 -1.91 -1.94 -1.91 -1.94 -1.97 -2.00 -2.00 -2.03 -2.06 -2.09 -2.16 -2.22 -2.25 -2.31 -2.38 -2.41 -2.47 -2.53 -2.62 -2.75 -2.81
20.56 20.62 20.78 20.44 19.97 19.28 18.69 18.38 18.34 18.09 17.81 17.34 16.62 15.78 14.44 13.59 12.56 11.97 11.28 10.78 10.44 10.19 9.75 9.28 8.88 8.59 8.09 7.31 6.41 5.28 3.97 2.66 1.69 1.16 0.81 0.56 0.31 0.00 -0.34 -0.66 -0.91 -1.12 -1.28 -1.44 -1.53 -1.62 -1.69 -1.72 -1.75 -1.78 -1.81 -1.81 -1.84 -1.84 -1.88 -1.91 -1.91 -1.91 -1.91 -1.94 -1.94 -1.97 -1.97 -1.97 -2.00 -2.03 -2.06 -2.09 -2.16 -2.19 -2.25 -2.34 -2.44 -2.50 -2.62 -2.62 -2.62 -2.72
20.34 19.78 19.62 19.47 19.03 18.50 17.62 17.38 17.41 17.31 17.06 16.66 15.97 15.12 14.06 13.28 11.94 11.09 10.47 10.16 9.78 9.62 9.22 8.94 8.69 8.31 7.72 6.94 6.06 4.78 3.22 2.03 1.28 0.88 0.59 0.38 0.12 -0.16 -0.44 -0.69 -0.94 -1.16 -1.31 -1.44 -1.56 -1.62 -1.69 -1.75 -1.78 -1.78 -1.81 -1.81 -1.84 -1.84 -1.84 -1.88 -1.91 -1.91 -1.94 -1.91 -1.94 -1.94 -1.94 -1.97 -2.00 -2.00 -2.03 -2.09 -2.12 -2.19 -2.25 -2.31 -2.41 -2.50 -2.56 -2.59 -2.62 -2.72
19.59 18.88 18.25 18.09 18.03 17.50 16.91 16.19 16.50 16.50 16.19 15.81 15.22 14.41 13.53 12.72 11.72 10.62 9.91 9.56 9.25 9.06 8.81 8.75 8.62 7.97 7.19 6.38 5.47 3.97 2.47 1.53 1.12 0.75 0.47 0.25 0.00 -0.25 -0.50 -0.75 -0.97 -1.19 -1.34 -1.47 -1.56 -1.66 -1.72 -1.75 -1.78 -1.81 -1.81 -1.84 -1.84 -1.84 -1.81 -1.84 -1.88 -1.91 -1.91 -1.91 -1.91 -1.91 -1.91 -1.97 -1.97 -2.00 -2.03 -2.06 -2.12 -2.16 -2.22 -2.28 -2.34 -2.44 -2.47 -2.53 -2.59 -2.69
18.97 18.34 17.50 17.06 16.78 16.69 16.00 15.19 15.25 15.47 15.25 14.94 14.38 13.66 12.88 12.12 11.38 10.69 9.62 9.09 8.81 8.62 8.59 8.66 8.44 7.72 6.72 5.88 4.75 3.28 2.03 1.47 1.03 0.69 0.41 0.16 -0.09 -0.34 -0.59 -0.81 -1.00 -1.19 -1.34 -1.47 -1.59 -1.66 -1.72 -1.78 -1.81 -1.81 -1.84 -1.84 -1.84 -1.84 -1.84 -1.84 -1.88 -1.91 -1.91 -1.94 -1.91 -1.88 -1.94 -1.97 -2.00 -2.03 -2.06 -2.06 -2.12 -2.16 -2.19 -2.22 -2.28 -2.34 -2.44 -2.56 -2.59 -2.66
18.47 17.75 17.28 16.66 15.94 15.78 15.75 14.97 14.31 14.19 14.31 14.00 13.50 12.81 12.12 11.53 10.88 10.19 9.47 8.75 8.50 8.41 8.47 8.44 8.03 7.28 6.41 5.34 4.00 2.72 1.94 1.41 1.00 0.66 0.34 0.06 -0.19 -0.41 -0.66 -0.84 -1.06 -1.22 -1.38 -1.50 -1.59 -1.69 -1.75 -1.78 -1.81 -1.81 -1.84 -1.84 -1.84 -1.88 -1.88 -1.84 -1.84 -1.88 -1.91 -1.91 -1.91 -1.94 -1.94 -1.97 -2.00 -2.03 -2.03 -2.03 -2.09 -2.12 -2.16 -2.19 -2.25 -2.34 -2.47 -2.59 -2.62 -2.69
17.94 17.44 16.88 16.22 15.47 15.19 15.03 14.97 14.06 13.25 13.31 13.12 12.62 11.94 11.16 10.81 10.25 9.69 9.06 8.53 8.31 8.31 8.28 8.06 7.59 6.94 5.97 4.66 3.31 2.34 1.81 1.34 0.94 0.59 0.28 0.00 -0.25 -0.47 -0.69 -0.91 -1.09 -1.25 -1.41 -1.53 -1.62 -1.69 -1.75 -1.78 -1.81 -1.84 -1.84 -1.88 -1.88 -1.88 -1.88 -1.88 -1.88 -1.88 -1.91 -1.94 -1.91 -1.94 -1.97 -1.97 -2.00 -2.00 -2.03 -2.03 -2.09 -2.12 -2.19 -2.22 -2.28 -2.38 -2.50 -2.59 -2.62 -2.72
17.44 16.94 16.41 15.69 15.12 14.56 14.53 14.03 13.69 12.69 12.47 12.22 11.75 11.06 10.31 9.78 9.53 9.06 8.53 8.16 8.16 8.16 8.00 7.69 7.19 6.53 5.31 3.91 2.81 2.16 1.66 1.25 0.88 0.53 0.22 -0.06 -0.31 -0.53 -0.75 -0.97 -1.12 -1.28 -1.44 -1.53 -1.62 -1.72 -1.75 -1.81 -1.81 -1.84 -1.84 -1.88 -1.88 -1.88 -1.91 -1.91 -1.91 -1.91 -1.91 -1.91 -1.94 -1.94 -1.97 -1.97 -2.00 -2.03 -2.06 -2.03 -2.12 -2.19 -2.25 -2.25 -2.25 -2.38 -2.47 -2.59 -2.62 -2.69
16.88 16.41 15.84 15.25 14.44 13.97 13.72 13.44 12.84 12.25 11.78 11.34 11.06 10.50 9.62 9.06 8.81 8.38 8.09 7.97 7.97 7.94 7.66 7.28 6.78 5.94 4.56 3.28 2.47 1.94 1.50 1.12 0.78 0.44 0.16 -0.12 -0.38 -0.59 -0.81 -1.00 -1.19 -1.34 -1.47 -1.56 -1.66 -1.72 -1.78 -1.81 -1.84 -1.84 -1.88 -1.88 -1.88 -1.91 -1.91 -1.91 -1.91 -1.91 -1.91 -1.91 -1.94 -1.94 -1.97 -1.97 -2.00 -2.03 -2.06 -2.06 -2.09 -2.16 -2.25 -2.28 -2.28 -2.34 -2.44 -2.53 -2.62 -2.66
16.28 15.75 15.25 14.62 14.16 13.41 13.06 12.53 12.16 11.66 11.22 10.75 10.38 9.88 9.22 8.69 8.31 8.00 7.91 7.88 7.78 7.56 7.28 6.88 6.22 5.09 3.72 2.72 2.12 1.69 1.31 1.00 0.66 0.38 0.06 -0.19 -0.44 -0.66 -0.88 -1.06 -1.22 -1.38 -1.50 -1.59 -1.66 -1.75 -1.78 -1.81 -1.84 -1.84 -1.88 -1.88 -1.88 -1.88 -1.91 -1.91 -1.91 -1.88 -1.88 -1.88 -1.88 -1.94 -1.97 -1.97 -2.00 -2.03 -2.03 -2.06 -2.06 -2.12 -2.19 -2.25 -2.31 -2.38 -2.50 -2.62 -2.66 -2.66
15.47 15.09 14.53 13.97 13.44 12.84 12.56 12.16 11.72 11.31 10.88 10.38 9.94 9.41 8.91 8.47 8.09 7.88 7.81 7.72 7.47 7.19 6.84 6.34 5.34 4.06 3.00 2.31 1.88 1.50 1.16 0.84 0.56 0.25 0.00 -0.28 -0.50 -0.72 -0.94 -1.12 -1.28 -1.41 -1.50 -1.62 -1.69 -1.75 -1.81 -1.81 -1.84 -1.84 -1.88 -1.88 -1.88 -1.91 -1.91 -1.91 -1.88 -1.88 -1.88 -1.88 -1.91 -1.94 -1.97 -1.97 -2.00 -2.00 -2.00 -2.00 -2.09 -2.09 -2.12 -2.25 -2.34 -2.47 -2.53 -2.56 -2.62 -2.66
14.81 14.31 13.88 13.31 12.81 12.47 12.12 11.72 11.34 10.91 10.53 10.09 9.59 9.06 8.59 8.19 7.91 7.78 7.69 7.44 7.12 6.78 6.38 5.59 4.41 3.31 2.56 2.03 1.66 1.31 1.00 0.72 0.44 0.16 -0.09 -0.34 -0.59 -0.81 -1.00 -1.16 -1.31 -1.44 -1.53 -1.62 -1.72 -1.78 -1.81 -1.84 -1.84 -1.88 -1.88 -1.88 -1.91 -1.91 -1.91 -1.91 -1.91 -1.91 -1.88 -1.91 -1.94 -1.94 -1.94 -1.97 -1.94 -1.94 -1.94 -2.00 -2.06 -2.09 -2.12 -2.22 -2.28 -2.41 -2.50 -2.56 -2.62 -2.75
14.22 13.72 13.28 12.88 12.44 12.03 11.66 11.31 10.94 10.53 10.12 9.66 9.25 8.72 8.28 7.94 7.75 7.66 7.44 7.12 6.78 6.38 5.72 4.66 3.53 2.69 2.19 1.78 1.44 1.12 0.84 0.56 0.31 0.03 -0.22 -0.44 -0.66 -0.88 -1.06 -1.22 -1.34 -1.47 -1.59 -1.66 -1.72 -1.78 -1.81 -1.84 -1.84 -1.88 -1.88 -1.88 -1.91 -1.91 -1.91 -1.91 -1.91 -1.91 -1.88 -1.88 -1.91 -1.91 -1.94 -1.94 -1.91 -1.94 -2.00 -2.00 -2.03 -2.06 -2.09 -2.19 -2.25 -2.41 -2.50 -2.53 -2.66 -2.81
