everonasctiles/Tile[28,15].asc
ncols 128
nrows 128
xllcorner 0
yllcorner 0
cellsize 2.0
NODATA_value  -9999
[rows 0 to 31 of 128, columns 0 to 70 of 128]
145.72 146.28 146.81 147.38 147.94 148.59 149.22 149.84 150.59 151.25 151.97 152.72 153.44 154.16 154.81 155.47 156.00 156.59 157.06 157.62 158.22 158.78 159.31 159.88 160.53 161.03 161.69 162.22 162.81 163.44 163.97 164.47 164.91 165.31 165.69 166.16 166.59 166.97 167.44 167.88 168.31 168.91 169.50 170.06 170.91 171.56 172.16 172.62 172.94 173.16 173.31 173.53 174.00 174.34 174.81 175.28 175.78 176.16 176.50 176.97 177.38 177.75 178.28 178.75 179.44 180.09 180.72 181.50 182.19 182.69 183.03
145.44 146.03 146.69 147.25 147.91 148.59 149.28 149.94 150.56 151.28 151.97 152.66 153.31 153.94 154.62 155.22 155.84 156.47 157.03 157.62 158.16 158.72 159.22 159.84 160.44 161.06 161.66 162.28 162.81 163.47 164.06 164.56 164.94 165.31 165.72 166.12 166.56 167.03 167.47 167.91 168.34 168.91 169.53 170.22 171.00 171.66 172.31 172.84 173.22 173.50 173.81 174.19 174.56 175.00 175.44 175.88 176.34 176.75 177.09 177.59 178.00 178.41 178.81 179.38 180.00 180.59 181.16 181.91 182.47 182.91 183.22
145.22 145.88 146.50 147.22 147.81 148.50 149.25 149.91 150.53 151.19 151.81 152.41 153.09 153.78 154.38 155.06 155.72 156.34 156.88 157.44 158.06 158.62 159.22 159.78 160.31 160.94 161.59 162.19 162.78 163.44 164.06 164.59 165.03 165.38 165.78 166.16 166.56 167.06 167.47 167.94 168.34 168.91 169.53 170.19 171.03 171.72 172.34 172.91 173.38 173.75 174.19 174.59 175.03 175.50 175.94 176.38 176.88 177.28 177.62 178.16 178.59 179.03 179.50 179.94 180.50 181.09 181.69 182.25 182.75 183.12 183.38
144.97 145.53 146.25 146.97 147.75 148.50 149.06 149.78 150.50 151.09 151.75 152.38 152.97 153.62 154.28 154.88 155.50 156.19 156.94 157.62 158.25 158.81 159.34 159.84 160.38 160.94 161.56 162.22 163.00 163.66 164.22 164.69 165.16 165.53 165.91 166.22 166.59 167.03 167.47 167.94 168.38 168.97 169.53 170.22 170.91 171.66 172.38 172.97 173.41 173.91 174.34 174.84 175.28 175.88 176.38 176.78 177.31 177.75 178.12 178.62 179.06 179.53 180.03 180.47 180.94 181.47 182.03 182.53 182.97 183.28 183.50
144.84 145.72 146.44 147.16 147.91 148.59 149.31 149.94 150.59 151.19 151.78 152.38 153.00 153.59 154.22 154.88 155.59 156.28 157.03 157.75 158.38 158.97 159.50 160.00 160.50 161.03 161.62 162.38 163.06 163.69 164.25 164.81 165.25 165.62 165.91 166.31 166.69 167.06 167.50 167.97 168.44 168.94 169.59 170.19 170.97 171.69 172.31 172.91 173.44 173.94 174.44 174.97 175.53 176.16 176.69 177.16 177.66 178.12 178.53 179.00 179.44 179.88 180.41 180.84 181.31 181.75 182.28 182.75 183.12 183.44 183.62
144.97 145.66 146.38 147.06 147.81 148.69 149.41 150.00 150.56 151.12 151.72 152.25 152.84 153.50 154.16 154.94 155.56 156.31 157.19 157.88 158.53 159.06 159.62 160.12 160.59 161.19 161.78 162.28 163.06 163.75 164.34 164.84 165.31 165.69 166.03 166.34 166.72 167.06 167.53 167.97 168.47 169.00 169.56 170.22 171.00 171.62 172.25 172.81 173.34 173.81 174.41 175.03 175.62 176.25 176.88 177.41 177.88 178.31 178.81 179.31 179.75 180.19 180.69 181.12 181.59 182.03 182.41 182.91 183.25 183.53 183.72
144.91 145.66 146.44 147.16 148.00 148.66 149.41 150.06 150.66 151.16 151.66 152.25 152.84 153.50 154.12 154.88 155.72 156.56 157.44 158.19 158.84 159.38 159.88 160.31 160.69 161.31 161.81 162.50 163.12 163.78 164.38 164.88 165.34 165.75 166.09 166.44 166.72 167.16 167.50 167.97 168.50 169.00 169.66 170.28 170.88 171.56 172.16 172.69 173.19 173.78 174.31 174.91 175.62 176.31 176.97 177.53 178.06 178.50 179.00 179.44 179.94 180.41 180.88 181.31 181.69 182.16 182.59 183.00 183.31 183.59 183.78
145.16 145.84 146.50 147.28 148.12 148.81 149.50 150.16 150.66 151.19 151.72 152.25 152.88 153.56 154.28 155.06 155.94 156.81 157.47 158.41 159.06 159.59 160.06 160.47 160.94 161.44 162.00 162.56 163.12 163.75 164.34 164.88 165.31 165.72 166.09 166.50 166.84 167.22 167.59 168.00 168.50 168.97 169.62 170.19 170.91 171.53 172.09 172.62 173.09 173.69 174.22 174.88 175.66 176.34 176.97 177.56 178.16 178.66 179.03 179.56 180.00 180.47 180.91 181.34 181.78 182.25 182.62 183.00 183.34 183.62 183.78
145.09 146.03 146.78 147.50 148.19 148.84 149.47 150.12 150.66 151.16 151.69 152.25 152.84 153.47 154.19 155.22 156.16 157.03 157.81 158.59 159.16 159.69 160.16 160.59 161.06 161.53 162.00 162.56 163.19 163.69 164.25 164.75 165.25 165.66 166.06 166.47 166.84 167.16 167.59 168.00 168.47 168.97 169.59 170.19 170.81 171.38 171.94 172.47 173.03 173.53 174.19 174.97 175.59 176.28 176.97 177.56 178.12 178.62 179.09 179.53 180.00 180.44 180.91 181.31 181.78 182.25 182.66 183.00 183.34 183.62 183.78
145.22 146.06 146.84 147.53 148.19 148.84 149.41 149.94 150.44 151.03 151.59 152.12 152.78 153.56 154.31 155.25 156.31 157.16 158.00 158.69 159.22 159.75 160.19 160.62 161.09 161.50 162.06 162.59 163.12 163.69 164.16 164.69 165.16 165.59 166.00 166.34 166.75 167.16 167.53 167.97 168.47 168.91 169.47 170.03 170.59 171.28 171.84 172.38 172.91 173.50 174.22 174.91 175.56 176.22 176.91 177.50 178.03 178.53 178.94 179.44 179.88 180.28 180.75 181.22 181.66 182.16 182.56 182.97 183.31 183.56 183.75
145.12 146.06 146.81 147.44 148.12 148.72 149.28 149.81 150.41 150.94 151.47 152.09 152.72 153.53 154.47 155.34 156.31 157.22 158.03 158.69 159.22 159.69 160.16 160.62 161.03 161.50 161.97 162.50 163.06 163.59 164.06 164.59 165.03 165.47 165.88 166.28 166.66 167.00 167.44 167.81 168.34 168.84 169.34 169.91 170.53 171.16 171.72 172.28 172.88 173.47 174.12 174.78 175.44 176.12 176.78 177.38 177.88 178.31 178.72 179.16 179.62 179.91 180.53 181.03 181.50 182.00 182.47 182.88 183.19 183.44 183.62
145.06 145.91 146.62 147.44 148.06 148.62 149.19 149.75 150.25 150.78 151.31 151.91 152.66 153.34 154.41 155.34 156.28 157.22 158.00 158.66 159.19 159.66 160.09 160.50 160.91 161.41 162.00 162.53 163.00 163.47 164.00 164.41 164.88 165.31 165.72 166.09 166.50 166.84 167.25 167.75 168.22 168.72 169.22 169.81 170.41 170.97 171.50 172.00 172.69 173.28 173.84 174.59 175.25 175.94 176.56 177.12 177.62 178.06 178.50 178.91 179.31 179.81 180.28 180.69 181.28 181.78 182.28 182.66 183.03 183.31 183.50
145.00 145.75 146.53 147.25 147.91 148.47 149.00 149.56 149.97 150.56 151.12 151.75 152.53 153.34 154.19 155.22 156.22 157.16 157.88 158.53 159.03 159.50 159.97 160.38 160.88 161.44 161.94 162.44 162.97 163.47 163.97 164.41 164.78 165.12 165.50 165.91 166.31 166.69 167.09 167.59 168.06 168.59 169.06 169.62 170.22 170.78 171.34 171.88 172.47 173.03 173.53 174.28 175.00 175.66 176.25 176.81 177.38 177.81 178.22 178.62 179.06 179.44 180.00 180.50 180.91 181.53 182.00 182.41 182.72 183.06 183.34
144.81 145.56 146.19 146.94 147.66 148.25 148.81 149.34 149.88 150.44 151.00 151.72 152.47 153.28 154.22 155.09 156.09 156.94 157.66 158.31 158.81 159.31 159.78 160.28 160.78 161.25 161.81 162.38 162.91 163.41 163.88 164.25 164.66 165.03 165.34 165.66 166.06 166.50 166.97 167.41 167.91 168.41 168.97 169.50 170.03 170.66 171.19 171.72 172.22 172.75 173.34 174.06 174.72 175.38 176.06 176.62 177.12 177.56 177.84 178.28 178.72 179.16 179.59 180.12 180.72 181.19 181.62 182.03 182.41 182.78 183.06
144.62 145.31 145.97 146.72 147.44 148.00 148.56 149.12 149.66 150.22 150.84 151.59 152.28 153.09 154.00 154.91 155.88 156.72 157.41 158.00 158.50 159.00 159.38 159.97 160.62 161.19 161.72 162.28 162.81 163.38 163.84 164.25 164.59 164.91 165.19 165.50 165.88 166.31 166.78 167.22 167.75 168.25 168.78 169.34 169.88 170.44 170.97 171.47 171.97 172.53 173.09 173.72 174.31 175.00 175.75 176.34 176.84 177.25 177.75 178.16 178.59 179.00 179.41 179.94 180.34 180.88 181.28 181.69 182.06 182.41 182.72
144.53 145.22 145.88 146.53 147.22 147.81 148.41 148.94 149.44 150.00 150.72 151.34 152.00 152.81 153.72 154.72 155.53 156.31 156.97 157.59 158.16 158.66 159.28 159.75 160.47 160.97 161.66 162.22 162.78 163.34 163.88 164.22 164.53 164.78 165.03 165.31 165.69 166.12 166.59 167.06 167.56 168.09 168.59 169.12 169.72 170.25 170.75 171.22 171.75 172.31 172.91 173.56 174.09 174.72 175.47 176.00 176.59 177.19 177.66 178.03 178.41 178.81 179.25 179.66 180.12 180.53 180.94 181.31 181.72 182.03 182.34
144.50 145.09 145.78 146.41 147.09 147.72 148.25 148.75 149.31 149.88 150.50 151.19 151.88 152.66 153.47 154.28 154.97 155.75 156.47 157.06 157.69 158.28 158.97 159.62 160.19 160.75 161.41 162.19 162.75 163.31 163.78 164.16 164.44 164.66 164.84 165.12 165.50 165.84 166.34 166.88 167.38 167.94 168.44 169.00 169.53 170.03 170.50 171.00 171.56 172.09 172.66 173.28 173.91 174.56 175.19 175.88 176.56 177.09 177.53 177.94 178.34 178.69 179.09 179.47 179.84 180.28 180.66 181.00 181.34 181.66 181.94
144.50 145.09 145.78 146.38 147.00 147.59 148.06 148.62 149.16 149.69 150.28 150.91 151.62 152.31 153.09 153.81 154.44 155.16 155.78 156.47 157.19 157.91 158.59 159.19 159.81 160.53 161.25 162.00 162.62 163.19 163.69 164.00 164.28 164.44 164.59 164.91 165.19 165.66 166.19 166.62 167.22 167.75 168.28 168.78 169.25 169.75 170.28 170.78 171.34 171.88 172.41 173.06 173.72 174.44 175.12 175.84 176.47 177.06 177.53 177.91 178.28 178.62 178.97 179.31 179.66 180.03 180.41 180.75 181.06 181.38 181.72
144.47 145.06 145.75 146.41 146.94 147.53 148.03 148.53 149.03 149.53 150.03 150.66 151.28 152.03 152.72 153.28 154.06 154.72 155.38 156.03 156.72 157.47 158.09 158.69 159.41 160.22 160.88 161.69 162.38 163.00 163.47 163.78 164.03 164.22 164.31 164.66 165.03 165.50 166.00 166.50 167.03 167.56 168.03 168.47 169.00 169.53 170.06 170.56 171.09 171.78 172.41 173.03 173.69 174.38 175.12 175.81 176.44 176.97 177.44 177.81 178.16 178.50 178.78 179.09 179.44 179.78 180.16 180.47 180.81 181.06 181.41
144.53 145.12 145.75 146.25 146.94 147.50 147.94 148.44 148.91 149.38 149.91 150.47 151.03 151.72 152.25 152.91 153.59 154.22 154.97 155.69 156.38 157.06 157.75 158.41 159.09 159.81 160.44 161.28 162.06 162.69 163.16 163.47 163.69 163.84 164.00 164.41 164.84 165.25 165.75 166.28 166.75 167.31 167.84 168.28 168.88 169.41 169.94 170.50 171.06 171.66 172.25 172.88 173.62 174.28 175.03 175.66 176.25 176.78 177.22 177.59 177.94 178.25 178.56 178.84 179.19 179.53 179.88 180.22 180.50 180.91 181.25
144.50 145.12 145.66 146.34 146.94 147.47 147.91 148.34 148.78 149.31 149.72 150.28 150.78 151.38 152.00 152.56 153.19 153.91 154.56 155.25 156.00 156.56 157.31 158.03 158.69 159.22 160.09 160.84 161.56 162.19 162.69 163.00 163.19 163.41 163.72 164.19 164.62 165.03 165.56 166.03 166.56 167.06 167.56 168.16 168.66 169.22 169.75 170.28 170.91 171.53 172.09 172.78 173.47 174.12 174.78 175.44 176.00 176.47 176.94 177.28 177.66 177.97 178.19 178.59 178.94 179.28 179.59 179.91 180.31 180.66 181.00
144.53 145.09 145.78 146.41 146.94 147.47 147.91 148.28 148.72 149.09 149.56 150.06 150.56 151.03 151.62 152.31 152.97 153.66 154.34 155.03 155.66 156.31 156.94 157.56 158.22 158.97 159.66 160.19 160.94 161.62 162.16 162.41 162.66 163.03 163.47 163.91 164.34 164.81 165.38 165.84 166.38 166.91 167.47 167.97 168.53 169.03 169.56 170.16 170.75 171.31 171.91 172.56 173.22 173.84 174.50 175.12 175.66 176.19 176.53 176.94 177.34 177.62 177.91 178.31 178.62 178.94 179.34 179.69 180.06 180.44 180.75
144.59 145.03 145.72 146.28 146.94 147.44 147.91 148.31 148.81 149.19 149.50 149.97 150.41 150.94 151.53 152.12 152.78 153.41 154.06 154.72 155.44 156.06 156.69 157.28 157.91 158.56 159.25 159.94 160.50 161.16 161.56 161.91 162.34 162.75 163.19 163.59 164.09 164.62 165.12 165.69 166.16 166.69 167.25 167.78 168.31 168.88 169.44 169.97 170.50 171.09 171.69 172.28 172.91 173.53 174.19 174.72 175.16 175.75 176.09 176.53 177.00 177.25 177.62 177.97 178.34 178.69 179.09 179.44 179.84 180.19 180.59
144.28 145.00 145.66 146.22 146.88 147.44 147.88 148.31 148.69 149.00 149.47 150.00 150.41 150.94 151.34 151.94 152.53 153.25 153.91 154.53 155.12 155.75 156.34 157.03 157.62 158.28 158.91 159.53 160.09 160.66 161.03 161.50 161.97 162.38 162.84 163.31 163.84 164.38 164.91 165.47 165.97 166.53 167.03 167.56 168.12 168.66 169.19 169.75 170.28 170.84 171.41 172.00 172.59 173.09 173.69 174.31 174.84 175.38 175.91 176.28 176.62 176.97 177.31 177.75 178.03 178.44 178.78 179.22 179.56 179.97 180.44
144.09 144.72 145.47 146.12 146.78 147.31 147.78 148.28 148.66 149.03 149.34 149.81 150.25 150.75 151.28 151.81 152.50 153.12 153.72 154.34 154.94 155.53 156.16 156.75 157.34 157.94 158.62 159.16 159.78 160.16 160.66 161.19 161.59 162.12 162.56 163.09 163.66 164.19 164.75 165.25 165.78 166.28 166.81 167.34 167.88 168.41 168.94 169.47 170.00 170.53 171.09 171.66 172.22 172.81 173.41 173.91 174.50 175.12 175.56 175.91 176.34 176.75 177.06 177.47 177.81 178.19 178.56 178.94 179.38 179.81 180.16
144.06 144.69 145.31 145.81 146.47 147.09 147.66 148.19 148.53 148.94 149.28 149.69 150.16 150.62 151.19 151.75 152.25 152.94 153.56 154.16 154.78 155.38 155.94 156.59 157.25 157.84 158.38 158.97 159.41 159.97 160.38 160.91 161.38 161.81 162.38 162.88 163.41 163.88 164.47 164.97 165.47 166.03 166.53 167.06 167.59 168.16 168.66 169.12 169.75 170.22 170.81 171.41 172.00 172.56 173.16 173.72 174.25 174.75 175.25 175.69 176.12 176.50 176.91 177.22 177.62 177.94 178.31 178.78 179.16 179.62 180.03
143.88 144.34 145.00 145.75 146.38 146.97 147.53 148.03 148.50 148.88 149.22 149.59 150.09 150.53 151.03 151.53 152.19 152.69 153.31 153.94 154.56 155.19 155.81 156.47 157.03 157.50 158.16 158.69 159.19 159.66 160.19 160.69 161.06 161.62 162.06 162.62 163.16 163.66 164.19 164.69 165.25 165.75 166.25 166.78 167.31 167.81 168.34 168.91 169.47 170.06 170.53 171.09 171.72 172.31 172.94 173.50 174.00 174.56 175.03 175.50 175.94 176.31 176.66 177.03 177.34 177.75 178.16 178.56 178.97 179.38 179.81
143.62 144.22 144.84 145.34 146.09 146.75 147.31 147.88 148.34 148.75 149.06 149.50 149.91 150.38 150.94 151.44 151.97 152.53 153.19 153.78 154.38 155.06 155.69 156.22 156.91 157.50 157.97 158.44 158.97 159.44 159.94 160.38 160.88 161.31 161.84 162.41 162.91 163.44 163.94 164.44 164.94 165.47 165.97 166.47 166.94 167.44 168.03 168.66 169.22 169.78 170.50 171.09 171.66 172.19 172.75 173.28 173.84 174.28 174.84 175.31 175.72 176.06 176.47 176.81 177.19 177.53 177.94 178.34 178.72 179.12 179.59
143.47 144.03 144.66 145.22 145.78 146.28 147.06 147.62 148.06 148.56 148.97 149.34 149.81 150.28 150.72 151.25 151.81 152.44 153.06 153.62 154.25 154.81 155.41 156.09 156.72 157.25 157.81 158.34 158.75 159.25 159.72 160.22 160.66 161.22 161.72 162.19 162.72 163.25 163.72 164.22 164.69 165.16 165.66 166.19 166.62 167.22 167.75 168.38 168.97 169.69 170.31 171.00 171.62 172.19 172.69 173.19 173.66 174.19 174.59 175.06 175.50 175.88 176.22 176.56 176.94 177.31 177.72 178.09 178.50 178.94 179.38
143.34 143.84 144.41 144.94 145.53 146.16 146.72 147.31 147.84 148.31 148.75 149.25 149.69 150.19 150.66 151.12 151.66 152.16 152.72 153.31 154.03 154.69 155.34 155.91 156.53 156.97 157.62 158.22 158.69 159.19 159.69 160.19 160.72 161.19 161.66 162.09 162.56 163.09 163.50 163.97 164.44 164.91 165.41 165.91 166.41 166.94 167.53 168.12 168.91 169.59 170.25 171.00 171.69 172.16 172.66 173.06 173.50 173.88 174.34 174.81 175.19 175.59 175.97 176.34 176.72 177.03 177.44 177.88 178.25 178.69 179.12
143.19 143.69 144.22 144.78 145.28 145.88 146.38 146.88 147.56 148.09 148.56 149.03 149.50 149.97 150.44 151.00 151.53 152.16 152.91 153.34 153.84 154.34 155.00 155.66 156.19 156.88 157.44 158.00 158.62 159.09 159.53 160.06 160.56 161.00 161.53 161.97 162.47 162.88 163.38 163.81 164.31 164.75 165.22 165.69 166.12 166.66 167.31 167.94 168.69 169.47 170.16 171.00 171.62 172.16 172.59 172.91 173.31 173.69 174.12 174.53 174.91 175.28 175.69 176.06 176.38 176.81 177.19 177.59 177.97 178.47 178.91
143.00 143.53 144.03 144.53 145.06 145.50 146.12 146.69 147.28 147.84 148.38 148.94 149.44 149.94 150.38 150.94 151.44 151.94 152.44 153.00 153.62 154.50 155.09 155.72 156.34 156.88 157.47 158.09 158.56 159.12 159.69 160.00 160.53 161.12 161.62 162.00 162.47 162.88 163.28 163.66 164.09 164.50 165.03 165.47 166.03 166.53 167.19 167.88 168.53 169.34 170.12 170.88 171.56 172.06 172.47 172.81 173.12 173.47 173.84 174.25 174.59 175.00 175.38 175.72 176.16 176.50 176.88 177.25 177.75 178.25 178.66
