everonasctiles/Tile[11,39].asc
ncols 128
nrows 128
xllcorner 0
yllcorner 0
cellsize 2.0
NODATA_value  -9999
[rows 64 to 95 of 128, columns 0 to 70 of 128]
-84.69 -84.50 -84.31 -84.12 -84.00 -83.94 -83.97 -84.03 -84.19 -84.38 -84.59 -84.81 -85.03 -85.25 -85.47 -85.66 -85.84 -86.03 -86.19 -86.31 -86.47 -86.56 -86.62 -86.69 -86.72 -86.72 -86.72 -86.69 -86.62 -86.56 -86.47 -86.38 -86.25 -86.12 -86.00 -85.81 -85.62 -85.44 -85.19 -84.91 -84.59 -84.28 -83.97 -83.69 -83.44 -83.28 -83.12 -82.97 -82.88 -82.75 -82.66 -82.53 -82.41 -82.25 -82.09 -81.91 -81.72 -81.53 -81.34 -81.22 -81.09 -81.00 -80.94 -80.88 -80.81 -80.78 -80.72 -80.66 -80.59 -80.53 -80.47
-84.59 -84.38 -84.19 -84.00 -83.84 -83.75 -83.75 -83.81 -83.97 -84.19 -84.41 -84.66 -84.91 -85.12 -85.38 -85.59 -85.78 -85.97 -86.16 -86.28 -86.41 -86.53 -86.59 -86.66 -86.69 -86.69 -86.69 -86.66 -86.59 -86.53 -86.41 -86.31 -86.16 -86.00 -85.84 -85.69 -85.50 -85.28 -85.06 -84.81 -84.53 -84.19 -83.88 -83.53 -83.19 -82.97 -82.81 -82.69 -82.53 -82.44 -82.31 -82.22 -82.09 -81.97 -81.84 -81.66 -81.50 -81.31 -81.16 -81.00 -80.88 -80.78 -80.72 -80.69 -80.62 -80.59 -80.53 -80.50 -80.44 -80.41 -80.34
-84.44 -84.22 -84.03 -83.84 -83.69 -83.56 -83.47 -83.53 -83.72 -83.97 -84.22 -84.47 -84.75 -85.00 -85.28 -85.50 -85.75 -85.94 -86.12 -86.28 -86.38 -86.47 -86.56 -86.59 -86.62 -86.66 -86.66 -86.59 -86.56 -86.47 -86.34 -86.22 -86.03 -85.88 -85.69 -85.50 -85.31 -85.09 -84.88 -84.66 -84.38 -84.09 -83.75 -83.38 -82.97 -82.62 -82.44 -82.31 -82.22 -82.09 -81.97 -81.88 -81.78 -81.66 -81.53 -81.41 -81.22 -81.06 -80.91 -80.75 -80.66 -80.56 -80.50 -80.47 -80.41 -80.38 -80.31 -80.28 -80.25 -80.22 -80.19
-84.25 -84.06 -83.88 -83.69 -83.50 -83.34 -83.22 -83.19 -83.44 -83.75 -84.03 -84.31 -84.59 -84.88 -85.19 -85.44 -85.69 -85.94 -86.12 -86.25 -86.38 -86.44 -86.50 -86.53 -86.56 -86.59 -86.56 -86.53 -86.47 -86.38 -86.25 -86.09 -85.91 -85.72 -85.53 -85.31 -85.06 -84.84 -84.62 -84.41 -84.19 -83.94 -83.62 -83.28 -82.91 -82.53 -82.19 -82.00 -81.84 -81.75 -81.66 -81.53 -81.44 -81.34 -81.22 -81.09 -80.97 -80.81 -80.66 -80.50 -80.41 -80.31 -80.25 -80.22 -80.19 -80.12 -80.09 -80.06 -80.03 -80.03 -80.03
-84.06 -83.88 -83.72 -83.53 -83.34 -83.19 -83.00 -82.91 -83.16 -83.53 -83.84 -84.16 -84.47 -84.78 -85.09 -85.38 -85.66 -85.91 -86.09 -86.25 -86.34 -86.41 -86.44 -86.47 -86.50 -86.50 -86.47 -86.44 -86.38 -86.28 -86.16 -86.00 -85.81 -85.59 -85.34 -85.06 -84.78 -84.53 -84.34 -84.16 -83.97 -83.75 -83.50 -83.22 -82.91 -82.59 -82.25 -81.97 -81.69 -81.47 -81.31 -81.22 -81.09 -81.00 -80.91 -80.78 -80.66 -80.53 -80.38 -80.25 -80.12 -80.06 -80.00 -79.97 -79.94 -79.88 -79.84 -79.81 -79.81 -79.84 -79.88
-83.88 -83.69 -83.53 -83.38 -83.19 -83.03 -82.88 -82.72 -83.00 -83.38 -83.69 -84.03 -84.34 -84.69 -85.00 -85.31 -85.59 -85.88 -86.06 -86.22 -86.31 -86.38 -86.38 -86.38 -86.38 -86.38 -86.38 -86.31 -86.28 -86.19 -86.06 -85.88 -85.69 -85.47 -85.19 -84.84 -84.50 -84.22 -84.03 -83.91 -83.78 -83.62 -83.44 -83.19 -82.91 -82.62 -82.31 -81.97 -81.69 -81.38 -81.00 -80.84 -80.75 -80.66 -80.56 -80.47 -80.34 -80.22 -80.09 -79.97 -79.88 -79.81 -79.75 -79.72 -79.69 -79.62 -79.59 -79.59 -79.62 -79.66 -79.72
-83.72 -83.53 -83.34 -83.22 -83.06 -82.94 -82.78 -82.75 -82.97 -83.28 -83.56 -83.91 -84.22 -84.56 -84.91 -85.25 -85.53 -85.81 -86.03 -86.16 -86.25 -86.28 -86.28 -86.28 -86.25 -86.25 -86.22 -86.19 -86.12 -86.06 -85.94 -85.78 -85.59 -85.38 -85.12 -84.81 -84.53 -84.28 -84.06 -83.91 -83.78 -83.62 -83.44 -83.22 -82.94 -82.62 -82.31 -81.97 -81.66 -81.31 -80.81 -80.44 -80.28 -80.28 -80.25 -80.16 -80.06 -79.94 -79.81 -79.69 -79.59 -79.53 -79.50 -79.47 -79.44 -79.41 -79.38 -79.38 -79.44 -79.50 -79.59
-83.56 -83.38 -83.19 -83.03 -82.94 -82.81 -82.72 -82.75 -82.94 -83.16 -83.44 -83.75 -84.09 -84.44 -84.78 -85.12 -85.44 -85.72 -85.94 -86.09 -86.16 -86.19 -86.19 -86.16 -86.12 -86.09 -86.06 -86.03 -86.00 -85.94 -85.84 -85.69 -85.53 -85.34 -85.12 -84.91 -84.69 -84.47 -84.28 -84.09 -83.91 -83.72 -83.53 -83.25 -82.97 -82.62 -82.28 -81.94 -81.59 -81.16 -80.62 -80.16 -79.84 -79.75 -79.78 -79.81 -79.78 -79.69 -79.56 -79.44 -79.34 -79.28 -79.22 -79.19 -79.19 -79.16 -79.16 -79.19 -79.28 -79.38 -79.50
-83.47 -83.22 -83.03 -82.88 -82.75 -82.69 -82.62 -82.69 -82.84 -83.06 -83.31 -83.62 -83.94 -84.31 -84.69 -85.03 -85.34 -85.62 -85.81 -85.97 -86.03 -86.06 -86.06 -86.03 -85.97 -85.94 -85.91 -85.88 -85.84 -85.81 -85.72 -85.62 -85.50 -85.34 -85.19 -85.00 -84.81 -84.62 -84.41 -84.22 -84.06 -83.84 -83.59 -83.31 -83.00 -82.66 -82.31 -81.94 -81.56 -81.09 -80.59 -80.12 -79.75 -79.50 -79.41 -79.41 -79.38 -79.34 -79.28 -79.19 -79.09 -79.03 -78.97 -78.97 -78.94 -78.94 -78.97 -79.06 -79.16 -79.28 -79.41
-83.41 -83.16 -82.94 -82.75 -82.62 -82.53 -82.50 -82.59 -82.75 -82.97 -83.22 -83.53 -83.88 -84.22 -84.59 -84.94 -85.25 -85.47 -85.69 -85.81 -85.91 -85.94 -85.91 -85.88 -85.81 -85.75 -85.72 -85.72 -85.69 -85.66 -85.62 -85.56 -85.44 -85.31 -85.19 -85.06 -84.88 -84.72 -84.53 -84.34 -84.16 -83.94 -83.66 -83.38 -83.06 -82.75 -82.38 -82.03 -81.69 -81.31 -80.84 -80.41 -80.06 -79.88 -79.75 -79.62 -79.41 -79.19 -79.00 -78.88 -78.81 -78.78 -78.75 -78.72 -78.72 -78.75 -78.81 -78.91 -79.03 -79.16 -79.31
-83.41 -83.12 -82.88 -82.66 -82.50 -82.38 -82.31 -82.44 -82.66 -82.91 -83.19 -83.50 -83.84 -84.19 -84.53 -84.84 -85.09 -85.31 -85.50 -85.62 -85.69 -85.75 -85.75 -85.72 -85.66 -85.59 -85.53 -85.53 -85.50 -85.50 -85.50 -85.44 -85.38 -85.28 -85.16 -85.03 -84.91 -84.75 -84.56 -84.41 -84.19 -84.00 -83.75 -83.47 -83.16 -82.84 -82.53 -82.19 -81.88 -81.53 -81.16 -80.78 -80.47 -80.28 -80.09 -79.91 -79.69 -79.44 -79.16 -78.91 -78.66 -78.50 -78.50 -78.53 -78.53 -78.56 -78.66 -78.78 -78.91 -79.06 -79.22
-83.41 -83.12 -82.84 -82.62 -82.41 -82.16 -82.09 -82.34 -82.59 -82.84 -83.16 -83.47 -83.78 -84.12 -84.44 -84.72 -84.94 -85.12 -85.28 -85.41 -85.47 -85.53 -85.53 -85.53 -85.47 -85.41 -85.34 -85.34 -85.31 -85.34 -85.34 -85.31 -85.25 -85.16 -85.06 -84.94 -84.81 -84.66 -84.53 -84.38 -84.19 -84.00 -83.78 -83.56 -83.28 -82.97 -82.66 -82.34 -82.03 -81.69 -81.34 -81.03 -80.75 -80.53 -80.34 -80.12 -79.91 -79.66 -79.38 -79.12 -78.84 -78.59 -78.34 -78.28 -78.34 -78.41 -78.53 -78.66 -78.81 -78.97 -79.09
-83.38 -83.06 -82.78 -82.56 -82.31 -82.00 -82.00 -82.31 -82.56 -82.81 -83.12 -83.41 -83.75 -84.03 -84.31 -84.56 -84.75 -84.91 -85.03 -85.12 -85.19 -85.25 -85.28 -85.28 -85.28 -85.22 -85.19 -85.16 -85.12 -85.16 -85.16 -85.16 -85.09 -85.03 -84.91 -84.78 -84.66 -84.53 -84.41 -84.28 -84.12 -83.97 -83.81 -83.59 -83.34 -83.09 -82.81 -82.50 -82.16 -81.84 -81.53 -81.25 -81.00 -80.78 -80.59 -80.34 -80.09 -79.81 -79.53 -79.25 -79.00 -78.72 -78.44 -78.16 -78.12 -78.25 -78.38 -78.53 -78.69 -78.84 -78.97
-83.28 -83.00 -82.72 -82.50 -82.22 -81.94 -82.06 -82.31 -82.56 -82.81 -83.06 -83.38 -83.66 -83.94 -84.19 -84.38 -84.53 -84.66 -84.75 -84.84 -84.88 -84.94 -85.00 -85.03 -85.03 -85.03 -85.00 -84.94 -84.94 -84.94 -84.97 -84.97 -84.94 -84.84 -84.72 -84.59 -84.47 -84.38 -84.25 -84.12 -84.00 -83.88 -83.75 -83.59 -83.41 -83.16 -82.91 -82.59 -82.31 -82.00 -81.72 -81.47 -81.25 -81.03 -80.81 -80.56 -80.28 -80.00 -79.69 -79.38 -79.09 -78.81 -78.53 -78.22 -77.97 -78.09 -78.28 -78.41 -78.56 -78.72 -78.81
-83.19 -82.91 -82.66 -82.41 -82.19 -81.97 -82.09 -82.31 -82.50 -82.75 -83.00 -83.25 -83.53 -83.75 -83.97 -84.12 -84.25 -84.34 -84.44 -84.47 -84.53 -84.59 -84.66 -84.72 -84.78 -84.78 -84.78 -84.75 -84.75 -84.75 -84.75 -84.75 -84.72 -84.66 -84.53 -84.41 -84.28 -84.19 -84.06 -83.97 -83.84 -83.75 -83.62 -83.50 -83.34 -83.16 -82.94 -82.69 -82.41 -82.12 -81.88 -81.66 -81.44 -81.19 -80.97 -80.69 -80.41 -80.12 -79.81 -79.50 -79.16 -78.84 -78.56 -78.28 -78.00 -78.03 -78.19 -78.31 -78.44 -78.53 -78.59
-83.06 -82.81 -82.59 -82.38 -82.19 -82.00 -82.09 -82.25 -82.44 -82.62 -82.84 -83.09 -83.31 -83.53 -83.69 -83.81 -83.91 -84.00 -84.06 -84.09 -84.16 -84.22 -84.31 -84.41 -84.47 -84.53 -84.56 -84.56 -84.56 -84.53 -84.53 -84.53 -84.47 -84.41 -84.31 -84.19 -84.06 -83.97 -83.88 -83.78 -83.66 -83.56 -83.47 -83.38 -83.25 -83.09 -82.94 -82.72 -82.47 -82.22 -82.00 -81.75 -81.50 -81.25 -80.97 -80.72 -80.44 -80.16 -79.84 -79.53 -79.22 -78.91 -78.59 -78.34 -78.09 -77.97 -78.09 -78.19 -78.25 -78.31 -78.38
-82.94 -82.72 -82.53 -82.34 -82.19 -82.06 -82.06 -82.19 -82.34 -82.50 -82.69 -82.88 -83.09 -83.28 -83.41 -83.50 -83.59 -83.66 -83.69 -83.72 -83.78 -83.84 -83.94 -84.06 -84.16 -84.25 -84.31 -84.34 -84.34 -84.34 -84.31 -84.28 -84.22 -84.16 -84.06 -83.94 -83.84 -83.75 -83.66 -83.56 -83.47 -83.38 -83.28 -83.22 -83.12 -83.00 -82.84 -82.69 -82.47 -82.25 -82.00 -81.75 -81.47 -81.19 -80.88 -80.59 -80.34 -80.06 -79.78 -79.50 -79.19 -78.91 -78.62 -78.34 -78.12 -77.97 -77.97 -78.03 -78.06 -78.09 -78.12
-82.81 -82.62 -82.47 -82.31 -82.19 -82.06 -82.03 -82.09 -82.19 -82.31 -82.47 -82.66 -82.84 -82.97 -83.09 -83.16 -83.22 -83.28 -83.31 -83.34 -83.38 -83.44 -83.59 -83.72 -83.84 -83.97 -84.06 -84.12 -84.16 -84.12 -84.09 -84.03 -83.94 -83.84 -83.75 -83.66 -83.56 -83.50 -83.44 -83.34 -83.28 -83.19 -83.12 -83.03 -82.97 -82.88 -82.75 -82.62 -82.44 -82.22 -81.97 -81.69 -81.41 -81.06 -80.72 -80.44 -80.16 -79.91 -79.62 -79.34 -79.09 -78.81 -78.56 -78.31 -78.09 -77.94 -77.88 -77.88 -77.88 -77.88 -77.88
-82.69 -82.56 -82.41 -82.28 -82.16 -82.03 -81.94 -81.97 -82.03 -82.12 -82.25 -82.41 -82.56 -82.66 -82.75 -82.81 -82.88 -82.94 -82.97 -82.97 -82.97 -83.09 -83.22 -83.38 -83.53 -83.66 -83.78 -83.88 -83.94 -83.91 -83.84 -83.75 -83.66 -83.53 -83.44 -83.34 -83.28 -83.22 -83.19 -83.12 -83.06 -83.00 -82.94 -82.88 -82.81 -82.72 -82.62 -82.53 -82.38 -82.16 -81.91 -81.62 -81.31 -80.97 -80.62 -80.25 -79.94 -79.69 -79.44 -79.19 -78.94 -78.69 -78.44 -78.22 -78.03 -77.88 -77.78 -77.75 -77.69 -77.66 -77.62
-82.56 -82.47 -82.34 -82.19 -82.06 -81.94 -81.84 -81.81 -81.84 -81.91 -82.03 -82.16 -82.25 -82.34 -82.44 -82.50 -82.56 -82.59 -82.62 -82.62 -82.66 -82.78 -82.91 -83.06 -83.22 -83.34 -83.47 -83.59 -83.66 -83.66 -83.59 -83.50 -83.34 -83.22 -83.12 -83.03 -82.97 -82.94 -82.88 -82.84 -82.81 -82.78 -82.75 -82.69 -82.66 -82.56 -82.50 -82.41 -82.25 -82.09 -81.84 -81.59 -81.28 -80.97 -80.59 -80.22 -79.81 -79.50 -79.22 -78.97 -78.72 -78.50 -78.28 -78.09 -77.91 -77.78 -77.69 -77.62 -77.56 -77.47 -77.44
-82.41 -82.34 -82.22 -82.09 -81.94 -81.81 -81.69 -81.66 -81.66 -81.69 -81.78 -81.88 -81.97 -82.03 -82.09 -82.16 -82.22 -82.28 -82.31 -82.31 -82.38 -82.47 -82.62 -82.75 -82.91 -83.03 -83.16 -83.28 -83.38 -83.41 -83.34 -83.22 -83.06 -82.91 -82.78 -82.69 -82.66 -82.59 -82.59 -82.56 -82.56 -82.53 -82.53 -82.50 -82.47 -82.44 -82.34 -82.25 -82.12 -81.97 -81.78 -81.53 -81.22 -80.94 -80.59 -80.25 -79.91 -79.56 -79.25 -78.94 -78.66 -78.38 -78.16 -77.97 -77.81 -77.69 -77.59 -77.50 -77.44 -77.34 -77.25
-82.28 -82.22 -82.09 -81.94 -81.78 -81.66 -81.56 -81.47 -81.47 -81.50 -81.53 -81.59 -81.69 -81.75 -81.81 -81.88 -81.94 -81.97 -82.00 -82.03 -82.09 -82.22 -82.31 -82.44 -82.56 -82.72 -82.84 -82.97 -83.06 -83.12 -83.09 -83.00 -82.81 -82.62 -82.47 -82.34 -82.31 -82.25 -82.25 -82.25 -82.28 -82.28 -82.31 -82.31 -82.28 -82.25 -82.19 -82.09 -81.97 -81.84 -81.66 -81.44 -81.19 -80.91 -80.59 -80.28 -79.97 -79.69 -79.38 -79.09 -78.81 -78.50 -78.22 -77.97 -77.78 -77.62 -77.53 -77.44 -77.34 -77.25 -77.12
-82.19 -82.09 -81.97 -81.81 -81.66 -81.53 -81.41 -81.31 -81.28 -81.28 -81.31 -81.38 -81.41 -81.47 -81.53 -81.59 -81.62 -81.69 -81.72 -81.78 -81.84 -81.94 -82.03 -82.16 -82.25 -82.38 -82.53 -82.66 -82.78 -82.84 -82.84 -82.75 -82.56 -82.38 -82.16 -82.00 -81.94 -81.91 -81.91 -81.94 -82.00 -82.03 -82.06 -82.06 -82.06 -82.03 -82.00 -81.91 -81.81 -81.69 -81.53 -81.34 -81.12 -80.88 -80.59 -80.31 -80.06 -79.78 -79.50 -79.22 -78.94 -78.66 -78.38 -78.12 -77.88 -77.69 -77.56 -77.47 -77.38 -77.25 -77.09
-82.12 -82.00 -81.84 -81.72 -81.56 -81.41 -81.28 -81.19 -81.09 -81.09 -81.12 -81.16 -81.19 -81.22 -81.28 -81.31 -81.38 -81.41 -81.47 -81.53 -81.59 -81.69 -81.78 -81.84 -81.97 -82.06 -82.22 -82.34 -82.47 -82.56 -82.56 -82.47 -82.31 -82.09 -81.88 -81.69 -81.56 -81.53 -81.59 -81.62 -81.69 -81.75 -81.78 -81.81 -81.84 -81.81 -81.78 -81.72 -81.62 -81.53 -81.41 -81.25 -81.06 -80.84 -80.59 -80.38 -80.12 -79.88 -79.62 -79.34 -79.06 -78.78 -78.50 -78.25 -78.00 -77.81 -77.66 -77.56 -77.44 -77.28 -77.12
-82.06 -81.94 -81.78 -81.66 -81.50 -81.34 -81.22 -81.12 -81.03 -80.97 -80.94 -80.97 -80.97 -81.00 -81.03 -81.09 -81.12 -81.19 -81.25 -81.31 -81.41 -81.47 -81.56 -81.62 -81.69 -81.81 -81.94 -82.06 -82.19 -82.28 -82.25 -82.16 -82.00 -81.81 -81.59 -81.41 -81.22 -81.19 -81.25 -81.31 -81.41 -81.47 -81.53 -81.56 -81.59 -81.59 -81.56 -81.50 -81.47 -81.38 -81.28 -81.16 -81.00 -80.81 -80.62 -80.41 -80.19 -79.94 -79.72 -79.47 -79.19 -78.91 -78.62 -78.38 -78.12 -77.94 -77.81 -77.66 -77.53 -77.34 -77.19
-82.06 -81.91 -81.75 -81.62 -81.50 -81.38 -81.28 -81.19 -81.09 -81.00 -80.94 -80.88 -80.88 -80.84 -80.88 -80.91 -80.94 -81.00 -81.06 -81.16 -81.22 -81.31 -81.38 -81.44 -81.50 -81.59 -81.72 -81.84 -81.94 -81.97 -81.97 -81.84 -81.72 -81.53 -81.31 -81.12 -80.91 -80.84 -80.91 -81.00 -81.09 -81.19 -81.25 -81.28 -81.31 -81.34 -81.31 -81.31 -81.28 -81.25 -81.19 -81.09 -80.97 -80.81 -80.62 -80.44 -80.25 -80.03 -79.81 -79.59 -79.31 -79.06 -78.78 -78.50 -78.28 -78.09 -77.94 -77.78 -77.62 -77.44 -77.22
-82.06 -81.94 -81.78 -81.69 -81.56 -81.47 -81.38 -81.28 -81.19 -81.09 -81.00 -80.94 -80.88 -80.81 -80.75 -80.75 -80.81 -80.88 -80.94 -81.03 -81.09 -81.19 -81.25 -81.31 -81.38 -81.47 -81.56 -81.62 -81.69 -81.69 -81.66 -81.53 -81.41 -81.22 -81.03 -80.81 -80.62 -80.53 -80.62 -80.72 -80.81 -80.88 -80.94 -81.00 -81.03 -81.06 -81.06 -81.09 -81.09 -81.09 -81.06 -81.03 -80.94 -80.78 -80.66 -80.50 -80.31 -80.12 -79.94 -79.69 -79.44 -79.19 -78.94 -78.69 -78.47 -78.28 -78.09 -77.91 -77.69 -77.50 -77.31
-82.12 -82.00 -81.88 -81.78 -81.69 -81.59 -81.50 -81.38 -81.28 -81.19 -81.09 -81.03 -80.94 -80.88 -80.81 -80.75 -80.72 -80.78 -80.88 -80.94 -81.00 -81.09 -81.16 -81.22 -81.31 -81.38 -81.44 -81.44 -81.44 -81.41 -81.34 -81.25 -81.09 -80.94 -80.75 -80.56 -80.38 -80.28 -80.34 -80.44 -80.50 -80.56 -80.62 -80.66 -80.72 -80.78 -80.81 -80.88 -80.91 -80.94 -80.94 -80.94 -80.88 -80.78 -80.66 -80.53 -80.38 -80.22 -80.03 -79.81 -79.59 -79.34 -79.09 -78.88 -78.66 -78.44 -78.22 -78.00 -77.78 -77.59 -77.41
-82.22 -82.09 -82.00 -81.91 -81.81 -81.72 -81.62 -81.50 -81.41 -81.28 -81.19 -81.12 -81.03 -80.94 -80.84 -80.78 -80.75 -80.78 -80.81 -80.88 -80.97 -81.03 -81.09 -81.16 -81.22 -81.28 -81.31 -81.28 -81.25 -81.19 -81.09 -80.97 -80.84 -80.66 -80.47 -80.31 -80.12 -80.06 -80.09 -80.16 -80.22 -80.25 -80.28 -80.34 -80.41 -80.47 -80.56 -80.62 -80.72 -80.75 -80.78 -80.78 -80.78 -80.72 -80.66 -80.56 -80.44 -80.28 -80.12 -79.94 -79.72 -79.50 -79.28 -79.03 -78.81 -78.56 -78.31 -78.09 -77.88 -77.72 -77.53
-82.34 -82.19 -82.09 -82.03 -81.94 -81.84 -81.72 -81.59 -81.50 -81.41 -81.31 -81.22 -81.12 -81.03 -80.91 -80.84 -80.81 -80.81 -80.81 -80.88 -80.94 -81.00 -81.06 -81.12 -81.16 -81.19 -81.19 -81.16 -81.09 -81.00 -80.91 -80.75 -80.59 -80.44 -80.25 -80.09 -79.94 -79.84 -79.88 -79.88 -79.91 -79.91 -79.94 -80.00 -80.09 -80.19 -80.31 -80.41 -80.50 -80.56 -80.62 -80.66 -80.66 -80.66 -80.62 -80.56 -80.47 -80.34 -80.19 -80.03 -79.81 -79.62 -79.41 -79.16 -78.91 -78.66 -78.44 -78.22 -78.00 -77.84 -77.66
-82.44 -82.31 -82.22 -82.12 -82.03 -81.91 -81.81 -81.69 -81.59 -81.50 -81.41 -81.31 -81.22 -81.09 -81.00 -80.91 -80.88 -80.84 -80.84 -80.88 -80.91 -80.97 -81.00 -81.03 -81.06 -81.09 -81.06 -81.03 -80.97 -80.88 -80.75 -80.59 -80.44 -80.25 -80.09 -79.94 -79.78 -79.69 -79.62 -79.62 -79.59 -79.59 -79.62 -79.69 -79.78 -79.94 -80.06 -80.19 -80.31 -80.41 -80.47 -80.50 -80.53 -80.53 -80.56 -80.53 -80.47 -80.38 -80.25 -80.09 -79.91 -79.69 -79.50 -79.25 -79.03 -78.78 -78.53 -78.34 -78.16 -77.97 -77.78
-82.53 -82.41 -82.28 -82.19 -82.09 -81.97 -81.88 -81.78 -81.69 -81.59 -81.50 -81.41 -81.31 -81.19 -81.09 -81.00 -80.94 -80.91 -80.91 -80.91 -80.91 -80.94 -80.94 -80.97 -80.97 -80.97 -80.94 -80.91 -80.84 -80.75 -80.62 -80.50 -80.31 -80.16 -79.97 -79.84 -79.69 -79.56 -79.44 -79.38 -79.31 -79.28 -79.28 -79.38 -79.53 -79.69 -79.84 -79.97 -80.12 -80.22 -80.28 -80.34 -80.38 -80.41 -80.44 -80.44 -80.44 -80.38 -80.25 -80.12 -79.94 -79.75 -79.56 -79.31 -79.09 -78.88 -78.66 -78.44 -78.25 -78.06 -77.88
