everonasctiles/Tile[49,38].asc
ncols 128
nrows 128
xllcorner 0
yllcorner 0
cellsize 2.0
NODATA_value  -9999
[rows 0 to 30 of 128, columns 0 to 70 of 128]
-101.34 -101.38 -101.38 -101.41 -101.44 -101.50 -101.53 -101.59 -101.66 -101.75 -101.88 -102.03 -102.22 -102.41 -102.59 -102.75 -102.94 -103.09 -103.25 -103.41 -103.59 -103.78 -103.97 -104.16 -104.41 -104.66 -104.94 -105.22 -105.47 -105.72 -105.94 -106.16 -106.34 -106.53 -106.69 -106.81 -106.97 -107.09 -107.22 -107.31 -107.41 -107.47 -107.53 -107.56 -107.56 -107.59 -107.62 -107.66 -107.66 -107.69 -107.72 -107.75 -107.75 -107.75 -107.75 -107.75 -107.72 -107.72 -107.66 -107.62 -107.59 -107.56 -107.53 -107.50 -107.47 -107.38 -107.31 -107.19 -107.06 -106.91 -106.75
-101.41 -101.41 -101.44 -101.47 -101.50 -101.53 -101.56 -101.62 -101.72 -101.81 -101.94 -102.09 -102.28 -102.50 -102.69 -102.88 -103.06 -103.22 -103.41 -103.56 -103.75 -103.94 -104.12 -104.31 -104.53 -104.78 -105.03 -105.28 -105.53 -105.78 -106.00 -106.19 -106.38 -106.53 -106.69 -106.81 -106.94 -107.06 -107.19 -107.28 -107.34 -107.41 -107.47 -107.50 -107.50 -107.53 -107.56 -107.59 -107.62 -107.69 -107.72 -107.72 -107.75 -107.75 -107.75 -107.72 -107.72 -107.69 -107.66 -107.59 -107.56 -107.53 -107.47 -107.44 -107.38 -107.31 -107.22 -107.12 -107.00 -106.84 -106.69
-101.44 -101.44 -101.44 -101.47 -101.50 -101.53 -101.59 -101.66 -101.75 -101.88 -102.00 -102.19 -102.38 -102.56 -102.78 -102.97 -103.16 -103.34 -103.53 -103.72 -103.91 -104.06 -104.25 -104.47 -104.66 -104.88 -105.12 -105.38 -105.59 -105.81 -106.03 -106.22 -106.41 -106.56 -106.69 -106.81 -106.94 -107.03 -107.16 -107.22 -107.31 -107.38 -107.41 -107.44 -107.44 -107.47 -107.50 -107.56 -107.59 -107.66 -107.69 -107.72 -107.72 -107.72 -107.72 -107.72 -107.69 -107.66 -107.62 -107.56 -107.53 -107.47 -107.44 -107.38 -107.31 -107.25 -107.16 -107.03 -106.88 -106.75 -106.56
-101.44 -101.44 -101.47 -101.47 -101.47 -101.50 -101.56 -101.66 -101.75 -101.88 -102.06 -102.25 -102.44 -102.66 -102.88 -103.09 -103.28 -103.47 -103.66 -103.84 -104.03 -104.22 -104.41 -104.59 -104.78 -105.00 -105.22 -105.44 -105.66 -105.88 -106.06 -106.25 -106.41 -106.56 -106.69 -106.81 -106.91 -107.00 -107.09 -107.19 -107.25 -107.31 -107.34 -107.38 -107.41 -107.44 -107.50 -107.53 -107.59 -107.66 -107.69 -107.69 -107.69 -107.69 -107.69 -107.69 -107.66 -107.62 -107.59 -107.53 -107.47 -107.44 -107.38 -107.31 -107.25 -107.16 -107.06 -106.94 -106.78 -106.62 -106.47
-101.44 -101.44 -101.44 -101.44 -101.47 -101.47 -101.53 -101.62 -101.72 -101.88 -102.06 -102.28 -102.50 -102.72 -102.97 -103.19 -103.38 -103.56 -103.75 -103.94 -104.12 -104.31 -104.50 -104.69 -104.91 -105.09 -105.31 -105.50 -105.72 -105.91 -106.09 -106.28 -106.41 -106.56 -106.69 -106.78 -106.88 -106.97 -107.06 -107.12 -107.19 -107.25 -107.28 -107.31 -107.34 -107.41 -107.47 -107.53 -107.59 -107.66 -107.69 -107.69 -107.69 -107.69 -107.66 -107.66 -107.62 -107.59 -107.56 -107.50 -107.44 -107.38 -107.31 -107.25 -107.19 -107.09 -106.97 -106.84 -106.72 -106.53 -106.38
-101.41 -101.44 -101.44 -101.41 -101.44 -101.44 -101.50 -101.59 -101.72 -101.91 -102.09 -102.31 -102.56 -102.78 -103.03 -103.25 -103.44 -103.66 -103.84 -104.03 -104.22 -104.41 -104.59 -104.78 -104.97 -105.16 -105.34 -105.56 -105.75 -105.91 -106.09 -106.25 -106.41 -106.53 -106.66 -106.75 -106.84 -106.91 -107.00 -107.06 -107.12 -107.19 -107.22 -107.25 -107.31 -107.41 -107.47 -107.53 -107.59 -107.66 -107.66 -107.66 -107.66 -107.66 -107.62 -107.62 -107.59 -107.56 -107.53 -107.47 -107.41 -107.34 -107.28 -107.22 -107.12 -107.03 -106.91 -106.78 -106.62 -106.47 -106.28
-101.41 -101.41 -101.41 -101.38 -101.41 -101.41 -101.47 -101.56 -101.72 -101.91 -102.12 -102.34 -102.59 -102.81 -103.06 -103.28 -103.50 -103.69 -103.88 -104.06 -104.25 -104.44 -104.62 -104.81 -105.00 -105.19 -105.38 -105.53 -105.72 -105.88 -106.06 -106.22 -106.38 -106.50 -106.59 -106.69 -106.78 -106.88 -106.94 -107.00 -107.06 -107.09 -107.16 -107.22 -107.31 -107.38 -107.47 -107.53 -107.59 -107.66 -107.66 -107.66 -107.66 -107.62 -107.62 -107.59 -107.56 -107.53 -107.50 -107.44 -107.38 -107.31 -107.25 -107.16 -107.06 -106.97 -106.84 -106.72 -106.56 -106.41 -106.22
-101.38 -101.38 -101.38 -101.34 -101.38 -101.41 -101.47 -101.59 -101.78 -101.97 -102.19 -102.44 -102.66 -102.88 -103.06 -103.28 -103.50 -103.69 -103.88 -104.06 -104.25 -104.44 -104.62 -104.81 -104.97 -105.16 -105.31 -105.50 -105.66 -105.81 -106.00 -106.16 -106.28 -106.41 -106.53 -106.62 -106.72 -106.81 -106.88 -106.94 -106.97 -107.03 -107.09 -107.19 -107.28 -107.38 -107.47 -107.56 -107.62 -107.66 -107.66 -107.66 -107.62 -107.62 -107.59 -107.56 -107.53 -107.50 -107.47 -107.41 -107.34 -107.28 -107.22 -107.12 -107.03 -106.94 -106.81 -106.66 -106.50 -106.34 -106.16
-101.34 -101.34 -101.34 -101.31 -101.34 -101.41 -101.50 -101.66 -101.84 -102.06 -102.28 -102.50 -102.72 -102.91 -103.09 -103.28 -103.47 -103.66 -103.84 -104.03 -104.22 -104.38 -104.56 -104.75 -104.91 -105.06 -105.22 -105.38 -105.56 -105.72 -105.88 -106.06 -106.19 -106.31 -106.44 -106.56 -106.66 -106.72 -106.78 -106.84 -106.91 -107.00 -107.06 -107.19 -107.28 -107.38 -107.47 -107.56 -107.59 -107.62 -107.62 -107.62 -107.62 -107.59 -107.56 -107.53 -107.50 -107.47 -107.44 -107.38 -107.31 -107.25 -107.19 -107.09 -107.00 -106.91 -106.78 -106.62 -106.47 -106.31 -106.12
-101.31 -101.31 -101.28 -101.28 -101.31 -101.38 -101.50 -101.69 -101.91 -102.12 -102.38 -102.59 -102.78 -102.97 -103.12 -103.28 -103.47 -103.62 -103.78 -103.94 -104.12 -104.28 -104.47 -104.62 -104.78 -104.94 -105.12 -105.28 -105.44 -105.59 -105.78 -105.94 -106.09 -106.22 -106.34 -106.47 -106.56 -106.66 -106.72 -106.81 -106.88 -106.97 -107.06 -107.19 -107.28 -107.38 -107.47 -107.53 -107.59 -107.62 -107.62 -107.62 -107.59 -107.59 -107.56 -107.53 -107.50 -107.44 -107.41 -107.34 -107.31 -107.25 -107.16 -107.09 -106.97 -106.88 -106.75 -106.59 -106.44 -106.28 -106.09
-101.28 -101.25 -101.22 -101.22 -101.25 -101.34 -101.50 -101.72 -101.94 -102.19 -102.41 -102.62 -102.84 -103.00 -103.16 -103.28 -103.44 -103.56 -103.72 -103.88 -104.03 -104.19 -104.34 -104.50 -104.66 -104.81 -104.97 -105.12 -105.31 -105.47 -105.62 -105.81 -105.94 -106.09 -106.25 -106.38 -106.47 -106.59 -106.69 -106.78 -106.91 -107.00 -107.09 -107.19 -107.31 -107.41 -107.47 -107.53 -107.56 -107.59 -107.59 -107.59 -107.59 -107.56 -107.56 -107.50 -107.47 -107.44 -107.38 -107.34 -107.28 -107.22 -107.16 -107.06 -106.97 -106.84 -106.72 -106.59 -106.44 -106.25 -106.06
-101.22 -101.19 -101.16 -101.16 -101.19 -101.31 -101.50 -101.72 -101.97 -102.19 -102.44 -102.66 -102.88 -103.03 -103.16 -103.28 -103.41 -103.50 -103.62 -103.78 -103.91 -104.06 -104.25 -104.41 -104.56 -104.69 -104.84 -105.00 -105.16 -105.34 -105.50 -105.66 -105.81 -105.97 -106.16 -106.28 -106.44 -106.56 -106.72 -106.81 -106.94 -107.03 -107.12 -107.25 -107.31 -107.41 -107.47 -107.53 -107.53 -107.56 -107.56 -107.59 -107.56 -107.56 -107.53 -107.50 -107.47 -107.44 -107.38 -107.31 -107.25 -107.19 -107.12 -107.03 -106.94 -106.81 -106.69 -106.56 -106.41 -106.22 -106.03
-101.19 -101.12 -101.09 -101.09 -101.12 -101.28 -101.47 -101.69 -101.94 -102.19 -102.44 -102.66 -102.84 -103.03 -103.16 -103.25 -103.34 -103.47 -103.56 -103.69 -103.84 -103.97 -104.12 -104.28 -104.44 -104.56 -104.72 -104.88 -105.03 -105.19 -105.34 -105.53 -105.69 -105.91 -106.09 -106.25 -106.44 -106.59 -106.75 -106.88 -107.00 -107.09 -107.19 -107.28 -107.34 -107.41 -107.47 -107.50 -107.53 -107.53 -107.56 -107.56 -107.56 -107.53 -107.53 -107.50 -107.47 -107.44 -107.38 -107.31 -107.25 -107.19 -107.09 -107.03 -106.91 -106.81 -106.66 -106.53 -106.38 -106.19 -106.00
-101.12 -101.06 -101.03 -101.03 -101.06 -101.22 -101.44 -101.66 -101.91 -102.16 -102.41 -102.62 -102.81 -102.97 -103.09 -103.22 -103.31 -103.41 -103.50 -103.62 -103.75 -103.88 -104.03 -104.16 -104.31 -104.47 -104.59 -104.72 -104.88 -105.03 -105.22 -105.41 -105.62 -105.88 -106.06 -106.28 -106.47 -106.62 -106.78 -106.94 -107.03 -107.16 -107.22 -107.31 -107.34 -107.41 -107.44 -107.47 -107.50 -107.50 -107.53 -107.53 -107.53 -107.53 -107.50 -107.50 -107.47 -107.44 -107.38 -107.31 -107.25 -107.16 -107.09 -107.00 -106.91 -106.78 -106.66 -106.50 -106.34 -106.19 -106.00
-101.06 -101.00 -100.97 -100.97 -101.00 -101.16 -101.41 -101.62 -101.88 -102.12 -102.38 -102.59 -102.78 -102.94 -103.06 -103.16 -103.25 -103.34 -103.44 -103.53 -103.66 -103.81 -103.94 -104.06 -104.22 -104.34 -104.50 -104.66 -104.81 -105.00 -105.22 -105.44 -105.66 -105.88 -106.09 -106.28 -106.50 -106.66 -106.81 -106.94 -107.06 -107.16 -107.25 -107.28 -107.34 -107.38 -107.41 -107.44 -107.44 -107.47 -107.50 -107.50 -107.50 -107.50 -107.47 -107.47 -107.44 -107.41 -107.38 -107.31 -107.22 -107.16 -107.06 -106.97 -106.88 -106.75 -106.62 -106.47 -106.31 -106.16 -105.97
-101.03 -100.97 -100.91 -100.91 -100.97 -101.16 -101.38 -101.59 -101.84 -102.09 -102.34 -102.56 -102.72 -102.88 -102.97 -103.06 -103.16 -103.25 -103.34 -103.47 -103.59 -103.72 -103.88 -104.00 -104.16 -104.31 -104.47 -104.66 -104.84 -105.06 -105.28 -105.50 -105.69 -105.91 -106.12 -106.31 -106.50 -106.66 -106.81 -106.94 -107.06 -107.16 -107.22 -107.28 -107.31 -107.34 -107.38 -107.38 -107.41 -107.44 -107.44 -107.44 -107.44 -107.44 -107.44 -107.41 -107.41 -107.38 -107.34 -107.28 -107.19 -107.12 -107.03 -106.94 -106.81 -106.72 -106.59 -106.44 -106.28 -106.12 -105.94
-100.97 -100.91 -100.88 -100.88 -100.97 -101.16 -101.38 -101.62 -101.84 -102.09 -102.31 -102.50 -102.69 -102.78 -102.88 -102.97 -103.06 -103.16 -103.25 -103.38 -103.50 -103.66 -103.78 -103.97 -104.12 -104.31 -104.50 -104.69 -104.91 -105.12 -105.31 -105.53 -105.75 -105.94 -106.12 -106.31 -106.47 -106.62 -106.78 -106.91 -107.00 -107.09 -107.16 -107.22 -107.25 -107.28 -107.31 -107.34 -107.38 -107.38 -107.41 -107.41 -107.41 -107.41 -107.41 -107.38 -107.34 -107.31 -107.28 -107.22 -107.16 -107.06 -106.97 -106.88 -106.78 -106.66 -106.53 -106.41 -106.25 -106.09 -105.91
-100.94 -100.88 -100.84 -100.88 -101.00 -101.19 -101.41 -101.62 -101.88 -102.09 -102.28 -102.47 -102.62 -102.72 -102.78 -102.88 -102.94 -103.03 -103.16 -103.28 -103.41 -103.56 -103.72 -103.91 -104.09 -104.28 -104.50 -104.72 -104.94 -105.16 -105.34 -105.56 -105.75 -105.94 -106.12 -106.28 -106.44 -106.59 -106.72 -106.84 -106.94 -107.03 -107.12 -107.16 -107.22 -107.25 -107.25 -107.28 -107.31 -107.34 -107.34 -107.38 -107.38 -107.34 -107.34 -107.31 -107.28 -107.25 -107.22 -107.16 -107.09 -107.03 -106.94 -106.84 -106.72 -106.59 -106.50 -106.34 -106.19 -106.03 -105.84
-100.88 -100.81 -100.78 -100.88 -101.00 -101.19 -101.41 -101.62 -101.88 -102.06 -102.25 -102.41 -102.53 -102.62 -102.69 -102.75 -102.81 -102.91 -103.03 -103.16 -103.28 -103.44 -103.62 -103.81 -104.03 -104.25 -104.50 -104.72 -104.94 -105.12 -105.31 -105.53 -105.72 -105.91 -106.06 -106.25 -106.38 -106.53 -106.66 -106.78 -106.88 -106.97 -107.03 -107.09 -107.16 -107.19 -107.22 -107.22 -107.25 -107.28 -107.31 -107.31 -107.31 -107.31 -107.28 -107.25 -107.22 -107.19 -107.16 -107.09 -107.03 -106.94 -106.88 -106.78 -106.66 -106.56 -106.44 -106.28 -106.12 -105.97 -105.78
-100.78 -100.75 -100.75 -100.84 -101.00 -101.19 -101.41 -101.62 -101.84 -102.06 -102.22 -102.34 -102.44 -102.50 -102.56 -102.62 -102.69 -102.78 -102.91 -103.03 -103.16 -103.31 -103.53 -103.75 -103.97 -104.22 -104.47 -104.69 -104.88 -105.09 -105.28 -105.47 -105.66 -105.84 -106.00 -106.19 -106.31 -106.47 -106.56 -106.69 -106.81 -106.91 -106.97 -107.03 -107.09 -107.12 -107.16 -107.19 -107.19 -107.22 -107.25 -107.25 -107.25 -107.25 -107.22 -107.19 -107.16 -107.12 -107.06 -107.03 -106.97 -106.88 -106.81 -106.72 -106.59 -106.50 -106.38 -106.22 -106.06 -105.91 -105.72
-100.69 -100.66 -100.69 -100.81 -100.97 -101.19 -101.41 -101.62 -101.84 -102.03 -102.19 -102.28 -102.34 -102.41 -102.44 -102.50 -102.56 -102.66 -102.75 -102.91 -103.03 -103.22 -103.44 -103.66 -103.91 -104.16 -104.41 -104.62 -104.84 -105.03 -105.22 -105.41 -105.59 -105.78 -105.94 -106.09 -106.25 -106.38 -106.50 -106.62 -106.72 -106.81 -106.91 -106.97 -107.03 -107.06 -107.09 -107.12 -107.12 -107.16 -107.19 -107.19 -107.19 -107.19 -107.16 -107.12 -107.09 -107.06 -107.00 -106.94 -106.88 -106.81 -106.75 -106.66 -106.56 -106.44 -106.31 -106.16 -106.00 -105.84 -105.66
-100.59 -100.56 -100.62 -100.75 -100.94 -101.16 -101.41 -101.62 -101.81 -102.00 -102.12 -102.19 -102.25 -102.31 -102.34 -102.38 -102.44 -102.53 -102.66 -102.78 -102.94 -103.16 -103.38 -103.62 -103.88 -104.12 -104.34 -104.56 -104.78 -104.97 -105.16 -105.34 -105.53 -105.72 -105.88 -106.03 -106.19 -106.31 -106.44 -106.56 -106.66 -106.75 -106.81 -106.88 -106.94 -107.00 -107.03 -107.06 -107.09 -107.09 -107.12 -107.12 -107.09 -107.09 -107.06 -107.06 -107.03 -107.00 -106.94 -106.88 -106.81 -106.75 -106.69 -106.59 -106.50 -106.38 -106.25 -106.09 -105.97 -105.78 -105.59
-100.50 -100.47 -100.56 -100.72 -100.91 -101.16 -101.38 -101.59 -101.78 -101.94 -102.03 -102.09 -102.16 -102.19 -102.25 -102.28 -102.34 -102.44 -102.56 -102.72 -102.91 -103.12 -103.34 -103.59 -103.81 -104.06 -104.31 -104.53 -104.72 -104.91 -105.09 -105.28 -105.47 -105.66 -105.84 -106.00 -106.12 -106.28 -106.38 -106.50 -106.59 -106.66 -106.75 -106.81 -106.88 -106.91 -106.97 -107.00 -107.03 -107.03 -107.03 -107.03 -107.03 -107.00 -107.00 -106.97 -106.97 -106.94 -106.91 -106.84 -106.78 -106.69 -106.62 -106.53 -106.44 -106.31 -106.19 -106.06 -105.91 -105.72 -105.53
-100.41 -100.38 -100.50 -100.69 -100.88 -101.12 -101.34 -101.53 -101.72 -101.84 -101.94 -102.00 -102.06 -102.12 -102.16 -102.22 -102.31 -102.41 -102.53 -102.72 -102.91 -103.09 -103.31 -103.56 -103.78 -104.03 -104.25 -104.47 -104.66 -104.88 -105.06 -105.25 -105.44 -105.59 -105.78 -105.94 -106.09 -106.22 -106.31 -106.41 -106.50 -106.56 -106.62 -106.72 -106.78 -106.84 -106.91 -106.94 -106.97 -106.97 -106.97 -106.94 -106.94 -106.91 -106.91 -106.91 -106.91 -106.88 -106.84 -106.78 -106.72 -106.66 -106.56 -106.47 -106.38 -106.25 -106.12 -106.00 -105.84 -105.69 -105.50
-100.28 -100.31 -100.44 -100.62 -100.84 -101.06 -101.28 -101.50 -101.66 -101.78 -101.84 -101.94 -101.97 -102.03 -102.09 -102.19 -102.28 -102.41 -102.56 -102.72 -102.91 -103.09 -103.31 -103.53 -103.75 -103.97 -104.19 -104.41 -104.62 -104.81 -105.00 -105.19 -105.38 -105.56 -105.72 -105.88 -106.03 -106.16 -106.25 -106.31 -106.38 -106.47 -106.53 -106.62 -106.69 -106.78 -106.81 -106.88 -106.91 -106.91 -106.91 -106.88 -106.84 -106.84 -106.81 -106.81 -106.81 -106.81 -106.78 -106.72 -106.66 -106.59 -106.50 -106.38 -106.28 -106.19 -106.06 -105.94 -105.78 -105.62 -105.44
-100.19 -100.22 -100.34 -100.56 -100.78 -101.00 -101.22 -101.41 -101.56 -101.69 -101.78 -101.84 -101.91 -101.97 -102.06 -102.19 -102.31 -102.44 -102.59 -102.75 -102.94 -103.12 -103.31 -103.50 -103.72 -103.94 -104.12 -104.34 -104.56 -104.75 -104.97 -105.16 -105.34 -105.53 -105.69 -105.81 -105.94 -106.06 -106.16 -106.22 -106.28 -106.38 -106.47 -106.53 -106.62 -106.69 -106.75 -106.78 -106.81 -106.81 -106.81 -106.78 -106.75 -106.75 -106.75 -106.75 -106.75 -106.72 -106.72 -106.66 -106.59 -106.53 -106.44 -106.31 -106.22 -106.09 -105.97 -105.84 -105.72 -105.56 -105.38
-100.06 -100.12 -100.28 -100.47 -100.69 -100.94 -101.16 -101.34 -101.50 -101.59 -101.69 -101.78 -101.88 -101.97 -102.06 -102.19 -102.31 -102.47 -102.59 -102.75 -102.94 -103.09 -103.28 -103.47 -103.66 -103.84 -104.06 -104.28 -104.47 -104.69 -104.91 -105.09 -105.28 -105.47 -105.62 -105.75 -105.84 -105.97 -106.03 -106.12 -106.22 -106.28 -106.38 -106.47 -106.53 -106.62 -106.66 -106.72 -106.72 -106.75 -106.72 -106.72 -106.69 -106.66 -106.66 -106.66 -106.66 -106.66 -106.62 -106.59 -106.53 -106.47 -106.34 -106.25 -106.12 -106.00 -105.88 -105.75 -105.62 -105.47 -105.31
-99.91 -100.00 -100.16 -100.38 -100.59 -100.84 -101.06 -101.25 -101.41 -101.53 -101.62 -101.72 -101.81 -101.94 -102.06 -102.19 -102.31 -102.44 -102.59 -102.75 -102.91 -103.06 -103.22 -103.41 -103.59 -103.78 -103.97 -104.19 -104.41 -104.59 -104.81 -105.03 -105.22 -105.38 -105.50 -105.62 -105.75 -105.84 -105.94 -106.03 -106.12 -106.22 -106.31 -106.38 -106.47 -106.53 -106.59 -106.62 -106.66 -106.66 -106.66 -106.62 -106.59 -106.59 -106.56 -106.56 -106.56 -106.56 -106.53 -106.50 -106.47 -106.38 -106.28 -106.19 -106.06 -105.91 -105.78 -105.66 -105.50 -105.38 -105.19
-99.75 -99.84 -100.03 -100.25 -100.50 -100.75 -100.97 -101.19 -101.34 -101.47 -101.56 -101.69 -101.78 -101.91 -102.03 -102.16 -102.28 -102.41 -102.56 -102.69 -102.84 -103.00 -103.16 -103.31 -103.50 -103.69 -103.88 -104.09 -104.31 -104.53 -104.72 -104.94 -105.09 -105.25 -105.38 -105.50 -105.62 -105.75 -105.84 -105.94 -106.06 -106.12 -106.22 -106.31 -106.38 -106.44 -106.50 -106.53 -106.56 -106.56 -106.56 -106.56 -106.53 -106.50 -106.47 -106.47 -106.47 -106.47 -106.44 -106.41 -106.38 -106.28 -106.19 -106.09 -105.97 -105.81 -105.69 -105.53 -105.38 -105.25 -105.06
-99.53 -99.66 -99.88 -100.16 -100.41 -100.66 -100.91 -101.09 -101.25 -101.41 -101.50 -101.62 -101.72 -101.84 -101.97 -102.09 -102.22 -102.34 -102.50 -102.62 -102.75 -102.91 -103.06 -103.22 -103.41 -103.59 -103.78 -104.00 -104.22 -104.41 -104.59 -104.78 -104.94 -105.09 -105.25 -105.38 -105.50 -105.62 -105.75 -105.84 -105.97 -106.06 -106.16 -106.22 -106.31 -106.34 -106.41 -106.44 -106.47 -106.47 -106.50 -106.50 -106.47 -106.44 -106.38 -106.38 -106.34 -106.34 -106.34 -106.31 -106.25 -106.19 -106.09 -106.00 -105.88 -105.72 -105.56 -105.41 -105.28 -105.12 -104.94
-99.34 -99.50 -99.78 -100.06 -100.31 -100.59 -100.81 -101.03 -101.19 -101.31 -101.41 -101.53 -101.66 -101.78 -101.91 -102.03 -102.16 -102.25 -102.41 -102.53 -102.66 -102.78 -102.94 -103.09 -103.28 -103.47 -103.69 -103.88 -104.06 -104.28 -104.47 -104.62 -104.78 -104.94 -105.09 -105.22 -105.38 -105.50 -105.62 -105.75 -105.88 -105.97 -106.06 -106.12 -106.19 -106.25 -106.28 -106.31 -106.34 -106.38 -106.41 -106.41 -106.38 -106.34 -106.28 -106.25 -106.25 -106.22 -106.19 -106.16 -106.12 -106.03 -105.97 -105.84 -105.75 -105.59 -105.47 -105.31 -105.16 -105.00 -104.81
