everonasctiles/Tile19,45.asc
ncols 128
nrows 128
xllcorner 0
yllcorner 0
cellsize 2.0
NODATA_value  -9999
[rows 68 to 101 of 128, columns 0 to 76 of 128]
28.31 28.47 28.62 28.62 28.62 28.62 28.62 28.59 28.59 28.59 28.59 28.59 28.59 28.59 28.59 28.59 28.59 28.59 28.59 28.59 28.59 28.59 28.59 28.59 28.59 28.59 28.59 28.59 28.59 28.59 28.59 28.59 28.59 28.59 28.59 28.59 28.59 28.59 28.59 28.59 28.59 28.34 28.00 28.00 28.00 28.00 28.00 28.00 28.00 28.19 28.56 28.59 28.59 28.59 28.59 28.59 28.59 28.59 28.59 28.59 28.59 28.59 28.59 28.62 28.62 28.66 28.72 28.75 28.84 28.94 29.09 29.28 29.50 29.78 30.06 30.34 30.62
28.31 28.47 28.62 28.62 28.62 28.62 28.62 28.59 28.59 28.59 28.59 28.59 28.59 28.59 28.59 28.59 28.59 28.59 28.59 28.59 28.59 28.59 28.59 28.59 28.59 28.59 28.59 28.59 28.59 28.59 28.59 28.59 28.59 28.59 28.59 28.59 28.59 28.59 28.59 28.59 28.59 28.25 28.00 28.00 28.00 28.00 28.00 28.00 28.00 28.25 28.59 28.59 28.59 28.59 28.59 28.59 28.59 28.59 28.59 28.59 28.59 28.59 28.62 28.62 28.66 28.69 28.72 28.78 28.88 29.00 29.16 29.34 29.59 29.91 30.19 30.50 30.75
28.31 28.47 28.62 28.62 28.62 28.62 28.62 28.59 28.59 28.59 28.59 28.59 28.59 28.59 28.59 28.59 28.59 28.59 28.59 28.59 28.59 28.59 28.59 28.59 28.59 28.59 28.59 28.59 28.59 28.59 28.59 28.59 28.59 28.59 28.59 28.59 28.59 28.59 28.59 28.59 28.56 28.19 27.97 27.97 27.97 27.97 27.97 27.97 28.00 28.34 28.59 28.59 28.59 28.59 28.59 28.59 28.59 28.59 28.59 28.59 28.59 28.59 28.62 28.62 28.66 28.69 28.72 28.81 28.91 29.03 29.22 29.44 29.72 30.00 30.34 30.66 30.91
28.28 28.44 28.59 28.62 28.62 28.62 28.59 28.59 28.59 28.59 28.59 28.59 28.59 28.59 28.59 28.59 28.59 28.59 28.59 28.59 28.59 28.59 28.59 28.59 28.59 28.59 28.59 28.59 28.59 28.59 28.59 28.59 28.59 28.59 28.59 28.59 28.59 28.59 28.59 28.59 28.50 28.09 27.97 27.97 27.97 27.97 27.97 27.97 28.03 28.41 28.59 28.59 28.59 28.59 28.59 28.59 28.59 28.59 28.59 28.59 28.59 28.59 28.62 28.62 28.66 28.69 28.75 28.81 28.94 29.06 29.25 29.50 29.78 30.12 30.44 30.78 31.03
28.28 28.44 28.56 28.59 28.59 28.59 28.59 28.59 28.59 28.59 28.59 28.59 28.59 28.59 28.59 28.59 28.59 28.59 28.59 28.59 28.59 28.59 28.59 28.59 28.59 28.59 28.59 28.59 28.59 28.59 28.59 28.59 28.59 28.59 28.59 28.59 28.59 28.59 28.59 28.59 28.44 28.03 27.97 27.97 27.97 27.97 27.97 27.97 28.06 28.50 28.59 28.59 28.59 28.59 28.59 28.59 28.59 28.59 28.59 28.59 28.59 28.59 28.62 28.62 28.66 28.69 28.75 28.84 28.97 29.09 29.31 29.56 29.84 30.19 30.56 30.88 31.16
28.25 28.41 28.53 28.56 28.56 28.56 28.56 28.59 28.59 28.59 28.59 28.59 28.59 28.59 28.59 28.59 28.59 28.59 28.59 28.59 28.59 28.59 28.59 28.59 28.59 28.59 28.59 28.56 28.56 28.56 28.53 28.53 28.53 28.56 28.56 28.56 28.59 28.59 28.59 28.59 28.38 28.00 27.97 27.97 27.97 27.97 27.97 27.97 28.12 28.53 28.59 28.59 28.59 28.59 28.59 28.59 28.59 28.59 28.59 28.59 28.59 28.59 28.62 28.62 28.66 28.72 28.78 28.84 28.97 29.12 29.34 29.59 29.91 30.25 30.62 30.97 31.22
28.25 28.41 28.50 28.53 28.53 28.53 28.53 28.59 28.59 28.59 28.59 28.59 28.59 28.59 28.59 28.59 28.59 28.59 28.59 28.59 28.59 28.59 28.59 28.59 28.59 28.56 28.56 28.53 28.53 28.50 28.50 28.50 28.50 28.50 28.50 28.53 28.56 28.56 28.59 28.59 28.28 27.97 27.97 27.97 27.97 27.97 27.97 27.97 28.22 28.59 28.59 28.59 28.59 28.59 28.59 28.59 28.59 28.59 28.59 28.59 28.59 28.59 28.62 28.62 28.66 28.72 28.78 28.88 28.97 29.12 29.34 29.59 29.94 30.28 30.66 31.00 31.28
28.25 28.38 28.50 28.50 28.50 28.50 28.53 28.59 28.59 28.59 28.59 28.59 28.59 28.59 28.59 28.59 28.59 28.59 28.59 28.59 28.59 28.59 28.59 28.59 28.56 28.56 28.53 28.50 28.47 28.47 28.44 28.44 28.44 28.44 28.47 28.44 28.44 28.47 28.56 28.56 28.19 27.97 27.97 27.97 27.97 27.97 27.97 27.97 28.31 28.59 28.59 28.59 28.59 28.59 28.59 28.59 28.59 28.59 28.59 28.59 28.59 28.59 28.62 28.62 28.66 28.72 28.78 28.88 28.97 29.12 29.34 29.59 29.91 30.28 30.62 31.00 31.28
28.22 28.38 28.47 28.47 28.47 28.47 28.50 28.59 28.59 28.59 28.59 28.59 28.59 28.59 28.59 28.59 28.59 28.59 28.59 28.59 28.59 28.59 28.59 28.59 28.56 28.53 28.50 28.47 28.44 28.41 28.38 28.38 28.38 28.38 28.41 28.44 28.44 28.44 28.56 28.50 28.09 27.97 27.97 27.97 27.97 27.97 27.97 28.00 28.38 28.59 28.59 28.59 28.59 28.59 28.59 28.59 28.59 28.59 28.59 28.59 28.59 28.59 28.62 28.62 28.66 28.72 28.78 28.84 28.97 29.12 29.34 29.59 29.88 30.22 30.59 30.94 31.25
28.22 28.34 28.44 28.44 28.44 28.44 28.47 28.59 28.59 28.59 28.59 28.59 28.59 28.59 28.59 28.59 28.59 28.59 28.59 28.59 28.59 28.59 28.59 28.56 28.53 28.50 28.44 28.41 28.38 28.34 28.31 28.31 28.31 28.31 28.44 28.44 28.44 28.44 28.53 28.44 28.03 27.94 27.97 27.97 27.97 27.97 27.97 28.03 28.47 28.59 28.59 28.59 28.59 28.59 28.59 28.59 28.59 28.59 28.59 28.59 28.59 28.59 28.62 28.62 28.66 28.72 28.78 28.84 28.97 29.12 29.31 29.53 29.84 30.19 30.53 30.88 31.19
28.22 28.34 28.41 28.38 28.38 28.41 28.47 28.59 28.59 28.59 28.59 28.59 28.59 28.59 28.59 28.59 28.59 28.59 28.59 28.59 28.59 28.59 28.59 28.56 28.53 28.47 28.41 28.34 28.31 28.25 28.25 28.22 28.22 28.22 28.44 28.44 28.44 28.44 28.53 28.38 27.97 27.94 27.94 27.94 27.94 27.94 27.94 28.09 28.53 28.59 28.59 28.59 28.59 28.59 28.59 28.59 28.59 28.59 28.59 28.59 28.59 28.59 28.62 28.62 28.66 28.69 28.75 28.84 28.94 29.09 29.28 29.50 29.78 30.09 30.44 30.78 31.06
28.19 28.31 28.38 28.34 28.34 28.34 28.44 28.59 28.59 28.59 28.59 28.59 28.59 28.59 28.59 28.59 28.59 28.59 28.59 28.59 28.59 28.59 28.59 28.56 28.50 28.41 28.34 28.28 28.22 28.19 28.16 28.12 28.44 28.44 28.44 28.44 28.44 28.44 28.50 28.28 27.94 27.94 27.94 27.94 27.94 27.94 27.94 28.19 28.56 28.59 28.59 28.59 28.59 28.59 28.59 28.59 28.59 28.59 28.59 28.59 28.59 28.59 28.62 28.62 28.66 28.69 28.75 28.81 28.94 29.06 29.22 29.44 29.72 30.00 30.34 30.66 30.94
28.19 28.31 28.34 28.31 28.31 28.31 28.41 28.59 28.59 28.59 28.59 28.59 28.59 28.59 28.59 28.59 28.59 28.59 28.59 28.59 28.59 28.59 28.59 28.56 28.47 28.38 28.28 28.19 28.12 28.09 28.06 28.03 28.44 28.44 28.44 28.44 28.44 28.34 28.44 28.19 27.94 27.94 27.94 27.94 27.94 27.94 27.94 28.25 28.59 28.59 28.59 28.59 28.59 28.59 28.59 28.59 28.59 28.59 28.59 28.59 28.59 28.59 28.62 28.62 28.66 28.69 28.75 28.81 28.91 29.03 29.19 29.38 29.62 29.91 30.22 30.53 30.78
28.19 28.28 28.31 28.28 28.28 28.28 28.41 28.59 28.59 28.59 28.59 28.59 28.59 28.59 28.59 28.59 28.59 28.59 28.59 28.59 28.59 28.59 28.56 28.53 28.50 28.38 28.19 28.09 28.03 27.97 27.94 27.94 28.41 28.44 28.44 28.38 28.28 28.28 28.41 28.12 27.94 27.94 27.94 27.94 27.94 27.94 27.97 28.34 28.59 28.59 28.59 28.59 28.59 28.59 28.59 28.59 28.59 28.59 28.59 28.59 28.59 28.59 28.62 28.62 28.66 28.69 28.72 28.78 28.88 29.00 29.16 29.34 29.56 29.81 30.12 30.38 30.59
28.19 28.28 28.28 28.25 28.25 28.25 28.38 28.59 28.59 28.59 28.59 28.59 28.59 28.59 28.59 28.59 28.59 28.59 28.59 28.59 28.59 28.56 28.56 28.53 28.47 28.38 27.97 27.91 27.88 27.84 27.84 27.84 27.84 27.84 27.84 27.84 27.94 28.00 28.38 28.03 27.94 27.94 27.94 27.94 27.94 27.94 28.00 28.44 28.59 28.59 28.59 28.59 28.59 28.59 28.59 28.59 28.59 28.59 28.59 28.59 28.59 28.59 28.62 28.62 28.66 28.69 28.72 28.78 28.88 28.97 29.09 29.28 29.50 29.72 30.00 30.25 30.41
28.16 28.28 28.25 28.22 28.22 28.22 28.34 28.56 28.59 28.59 28.59 28.59 28.59 28.59 28.59 28.59 28.59 28.59 28.59 28.59 28.59 28.56 28.53 28.50 28.44 28.38 27.81 27.78 27.78 27.78 27.78 27.78 27.78 27.78 27.78 27.78 27.78 27.78 27.84 27.94 27.94 27.94 27.94 27.94 27.94 27.94 28.06 28.50 28.59 28.59 28.59 28.59 28.59 28.59 28.59 28.59 28.59 28.59 28.59 28.59 28.59 28.59 28.62 28.62 28.66 28.66 28.72 28.78 28.84 28.94 29.06 29.22 29.41 29.66 29.88 30.06 30.19
28.16 28.25 28.22 28.19 28.19 28.19 28.34 28.56 28.59 28.59 28.59 28.59 28.59 28.59 28.59 28.59 28.59 28.59 28.59 28.59 28.56 28.53 28.50 28.47 28.41 28.34 27.78 27.78 27.78 27.78 27.78 27.78 27.78 27.78 27.78 27.78 27.78 27.78 27.84 27.91 27.94 27.94 27.94 27.94 27.94 27.94 28.12 28.56 28.59 28.59 28.59 28.59 28.59 28.59 28.59 28.59 28.59 28.59 28.59 28.59 28.59 28.59 28.59 28.62 28.62 28.66 28.69 28.75 28.81 28.91 29.03 29.19 29.34 29.56 29.75 29.91 30.00
28.16 28.25 28.19 28.16 28.16 28.16 28.31 28.56 28.59 28.59 28.59 28.59 28.59 28.59 28.59 28.59 28.59 28.59 28.59 28.56 28.56 28.53 28.47 28.44 28.38 28.31 27.78 27.78 27.78 27.78 27.78 27.78 27.78 27.78 27.78 27.78 27.78 27.78 27.88 27.91 27.91 27.91 27.91 27.91 27.94 27.94 28.22 28.59 28.59 28.59 28.59 28.59 28.59 28.59 28.59 28.59 28.59 28.59 28.59 28.59 28.59 28.59 28.59 28.62 28.62 28.66 28.69 28.75 28.81 28.88 29.00 29.12 29.28 29.47 29.62 29.75 29.78
28.16 28.22 28.16 28.12 28.12 28.12 28.28 28.56 28.59 28.59 28.59 28.59 28.59 28.59 28.59 28.59 28.59 28.59 28.59 28.56 28.53 28.50 28.47 28.41 28.34 28.16 27.78 27.78 27.78 27.78 27.78 27.78 27.78 27.78 27.78 27.78 27.78 27.78 27.88 27.91 27.91 27.91 27.91 27.91 27.91 27.94 28.31 28.59 28.59 28.59 28.59 28.59 28.59 28.59 28.59 28.59 28.59 28.59 28.59 28.59 28.59 28.59 28.59 28.62 28.62 28.66 28.69 28.72 28.78 28.88 28.97 29.09 29.22 29.38 29.50 29.59 29.59
28.16 28.22 28.12 28.09 28.09 28.09 28.28 28.56 28.59 28.59 28.59 28.59 28.59 28.59 28.59 28.59 28.59 28.59 28.59 28.56 28.53 28.47 28.44 28.38 28.31 27.97 27.78 27.78 27.78 27.78 27.78 27.78 27.78 27.78 27.78 27.78 27.78 27.81 27.91 27.91 27.91 27.91 27.91 27.91 27.91 27.97 28.41 28.59 28.59 28.59 28.59 28.59 28.62 28.59 28.59 28.59 28.59 28.59 28.59 28.59 28.59 28.59 28.59 28.62 28.62 28.66 28.69 28.72 28.78 28.84 28.94 29.03 29.16 29.28 29.38 29.44 29.38
28.16 28.19 28.06 28.06 28.06 28.06 28.25 28.56 28.59 28.59 28.59 28.59 28.59 28.59 28.59 28.59 28.59 28.59 28.56 28.53 28.50 28.47 28.41 28.34 28.19 27.84 27.78 27.78 27.78 27.78 27.78 27.78 27.78 27.78 27.78 27.78 27.78 27.84 27.91 27.91 27.91 27.91 27.91 27.91 27.91 28.00 28.47 28.59 28.59 28.59 28.66 28.69 28.69 28.69 28.66 28.59 28.59 28.59 28.59 28.59 28.59 28.59 28.59 28.62 28.62 28.66 28.66 28.72 28.75 28.81 28.91 29.00 29.09 29.19 29.25 29.25 29.19
28.12 28.19 28.03 28.03 28.03 28.03 28.25 28.56 28.59 28.59 28.59 28.59 28.59 28.59 28.59 28.59 28.59 28.59 28.56 28.53 28.50 28.44 28.38 28.31 28.06 27.78 27.78 27.78 27.78 27.78 27.78 27.78 27.78 27.78 27.78 27.81 27.84 27.88 27.91 27.91 27.91 27.91 27.91 27.91 27.91 28.06 28.53 28.59 28.59 28.72 28.81 28.88 28.88 28.84 28.75 28.66 28.59 28.59 28.59 28.59 28.59 28.59 28.59 28.62 28.62 28.62 28.66 28.69 28.75 28.78 28.88 28.97 29.03 29.12 29.12 29.09 29.03
28.12 28.16 28.00 28.00 28.00 28.00 28.22 28.56 28.59 28.59 28.59 28.59 28.59 28.59 28.59 28.59 28.59 28.56 28.53 28.50 28.47 28.41 28.34 28.28 27.94 27.78 27.78 27.78 27.78 27.78 27.78 27.78 27.78 27.78 27.78 27.84 27.84 27.88 27.91 27.91 27.91 27.91 27.91 27.91 27.91 28.16 28.56 28.59 28.72 28.88 29.06 29.16 29.19 29.09 28.97 28.78 28.66 28.59 28.59 28.59 28.59 28.59 28.59 28.59 28.62 28.62 28.66 28.69 28.72 28.78 28.84 28.91 29.00 29.03 29.03 28.97 28.88
28.12 28.16 27.97 27.97 27.97 27.97 28.19 28.56 28.59 28.59 28.59 28.59 28.59 28.59 28.59 28.59 28.59 28.56 28.53 28.50 28.44 28.38 28.31 28.25 27.88 27.78 27.78 27.78 27.78 27.78 27.78 27.78 27.78 27.78 27.81 27.84 27.84 27.88 27.91 27.91 27.91 27.91 27.91 27.91 27.91 28.25 28.59 28.62 28.84 29.09 29.31 29.47 29.53 29.44 29.28 28.97 28.75 28.66 28.62 28.62 28.59 28.59 28.59 28.59 28.62 28.62 28.66 28.69 28.72 28.75 28.81 28.88 28.94 28.97 28.94 28.84 28.75
28.09 28.12 27.94 27.94 27.94 27.94 28.19 28.56 28.59 28.59 28.59 28.59 28.59 28.59 28.59 28.59 28.59 28.56 28.53 28.47 28.41 28.34 28.28 28.22 27.81 27.78 27.78 27.78 27.78 27.78 27.78 27.78 27.78 27.78 27.84 27.84 27.84 27.88 27.88 27.88 27.88 27.88 27.91 27.91 27.91 28.34 28.59 28.69 28.97 29.31 29.62 29.75 29.81 29.75 29.53 29.28 28.97 28.78 28.75 28.69 28.62 28.62 28.59 28.59 28.62 28.62 28.66 28.66 28.69 28.75 28.78 28.84 28.91 28.91 28.84 28.78 28.69
28.09 28.09 27.94 27.91 27.91 27.91 28.16 28.56 28.59 28.59 28.59 28.59 28.59 28.59 28.59 28.59 28.59 28.53 28.50 28.44 28.38 28.31 28.25 28.09 27.81 27.78 27.78 27.78 27.78 27.78 27.78 27.78 27.78 27.78 27.84 27.84 27.84 27.88 27.88 27.88 27.88 27.88 27.88 27.88 27.94 28.41 28.59 28.72 29.06 29.47 29.78 29.94 30.03 29.97 29.81 29.53 29.25 29.03 28.94 28.81 28.72 28.62 28.59 28.59 28.62 28.62 28.62 28.66 28.69 28.72 28.78 28.81 28.88 28.84 28.81 28.72 28.62
28.06 28.09 27.91 27.91 27.91 27.91 28.16 28.56 28.59 28.59 28.59 28.59 28.59 28.59 28.59 28.59 28.56 28.53 28.47 28.44 28.38 28.28 28.22 28.00 27.78 27.78 27.78 27.78 27.78 27.78 27.78 27.78 27.78 27.81 27.84 27.84 27.84 27.88 27.88 27.88 27.88 27.88 27.88 27.88 28.00 28.50 28.59 28.75 29.12 29.56 29.91 30.06 30.12 30.09 30.03 29.78 29.50 29.28 29.12 28.97 28.84 28.69 28.62 28.59 28.59 28.62 28.62 28.66 28.69 28.72 28.75 28.81 28.84 28.81 28.78 28.69 28.62
28.06 28.06 27.88 27.88 27.88 27.88 28.16 28.56 28.59 28.59 28.59 28.59 28.59 28.59 28.59 28.59 28.56 28.50 28.47 28.41 28.34 28.25 28.16 27.88 27.78 27.78 27.78 27.78 27.78 27.78 27.78 27.78 27.78 27.81 27.84 27.84 27.84 27.88 27.88 27.88 27.88 27.88 27.88 27.88 28.09 28.56 28.59 28.75 29.09 29.53 29.91 30.06 30.09 30.19 30.16 29.97 29.66 29.44 29.28 29.09 28.94 28.75 28.62 28.59 28.59 28.62 28.62 28.66 28.66 28.69 28.75 28.78 28.81 28.81 28.78 28.72 28.66
28.03 28.03 27.88 27.88 27.88 27.88 28.16 28.56 28.59 28.59 28.59 28.59 28.59 28.59 28.59 28.56 28.53 28.47 28.44 28.38 28.28 28.22 28.12 27.84 27.78 27.78 27.78 27.78 27.78 27.78 27.78 27.78 27.78 27.84 27.84 27.84 27.84 27.88 27.88 27.88 27.88 27.88 27.88 27.88 28.19 28.59 28.59 28.78 29.09 29.47 29.78 29.94 30.03 30.19 30.16 30.00 29.72 29.53 29.38 29.22 29.00 28.78 28.62 28.59 28.59 28.62 28.62 28.62 28.66 28.69 28.72 28.78 28.81 28.81 28.81 28.75 28.69
28.00 28.03 27.84 27.84 27.84 27.84 28.12 28.56 28.59 28.59 28.59 28.59 28.59 28.59 28.59 28.56 28.50 28.44 28.38 28.31 28.25 28.16 28.06 27.81 27.78 27.78 27.78 27.78 27.78 27.78 27.78 27.78 27.78 27.81 27.84 27.84 27.84 27.88 27.88 27.88 27.88 27.88 27.88 27.88 28.28 28.59 28.66 28.84 29.09 29.41 29.59 29.78 29.91 30.03 30.00 29.91 29.72 29.56 29.44 29.28 29.00 28.75 28.59 28.59 28.59 28.62 28.62 28.62 28.66 28.69 28.72 28.75 28.81 28.81 28.84 28.81 28.78
27.97 28.00 27.84 27.81 27.81 27.81 28.12 28.59 28.59 28.59 28.59 28.59 28.59 28.59 28.59 28.53 28.47 28.41 28.34 28.28 28.19 28.09 28.00 27.81 27.78 27.78 27.78 27.78 27.78 27.78 27.78 27.78 27.78 27.81 27.84 27.84 27.84 27.88 27.88 27.88 27.88 27.88 27.88 27.91 28.34 28.62 28.72 28.97 29.22 29.41 29.53 29.62 29.75 29.94 29.94 29.81 29.66 29.56 29.44 29.22 28.94 28.72 28.59 28.59 28.59 28.59 28.62 28.62 28.66 28.69 28.72 28.75 28.81 28.84 28.88 28.91 28.91
27.91 27.97 27.81 27.81 27.81 27.81 28.12 28.59 28.59 28.59 28.59 28.59 28.59 28.59 28.56 28.50 28.44 28.38 28.31 28.22 28.12 28.06 27.94 27.81 27.78 27.78 27.78 27.78 27.78 27.78 27.78 27.78 27.78 27.78 27.84 27.84 27.84 27.84 27.84 27.84 27.88 27.88 27.88 27.94 28.44 28.66 28.88 29.16 29.41 29.53 29.59 29.66 29.88 29.94 29.94 29.78 29.69 29.56 29.38 29.06 28.81 28.62 28.59 28.59 28.59 28.59 28.62 28.62 28.66 28.69 28.72 28.75 28.81 28.88 28.91 28.97 29.03
27.88 27.94 27.78 27.78 27.78 27.78 28.09 28.56 28.59 28.59 28.59 28.59 28.59 28.59 28.53 28.47 28.41 28.34 28.25 28.19 28.09 28.00 27.91 27.81 27.78 27.78 27.78 27.78 27.78 27.78 27.78 27.78 27.78 27.78 27.81 27.84 27.84 27.84 27.84 27.84 27.84 27.84 27.84 28.03 28.50 28.72 29.03 29.31 29.53 29.66 29.69 29.81 30.00 30.00 29.84 29.84 29.78 29.62 29.34 28.94 28.66 28.59 28.59 28.59 28.59 28.59 28.62 28.62 28.66 28.69 28.72 28.78 28.84 28.91 28.97 29.06 29.16
27.81 27.91 27.78 27.78 27.78 27.78 28.09 28.56 28.59 28.59 28.59 28.59 28.59 28.59 28.53 28.44 28.38 28.28 28.22 28.12 28.03 27.97 27.88 27.81 27.78 27.78 27.78 27.78 27.78 27.78 27.78 27.78 27.78 27.78 27.81 27.84 27.84 27.84 27.84 27.84 27.84 27.84 27.84 28.09 28.56 28.81 29.12 29.44 29.62 29.69 29.75 29.88 29.97 29.84 29.62 29.75 29.66 29.50 29.25 28.88 28.59 28.59 28.59 28.59 28.59 28.59 28.62 28.62 28.66 28.69 28.72 28.78 28.84 28.94 29.03 29.12 29.25
