everonasctiles/Tile[40,7].asc
ncols 128
nrows 128
xllcorner 0
yllcorner 0
cellsize 2.0
NODATA_value  -9999
[rows 66 to 98 of 128, columns 0 to 74 of 128]
137.91 138.56 139.12 139.41 139.22 138.69 137.53 136.66 134.19 130.97 129.78 129.03 128.38 127.44 127.28 126.09 126.41 125.66 124.56 123.34 121.34 118.59 117.53 117.09 116.84 116.62 116.56 116.12 116.03 115.66 115.66 115.38 114.97 114.44 113.62 112.47 111.28 110.47 109.91 109.56 109.19 108.75 108.38 108.03 107.94 107.62 106.88 105.28 103.94 102.84 102.00 101.09 100.56 100.09 99.44 98.75 98.03 97.41 96.78 96.19 95.56 94.97 94.41 93.97 93.50 93.12 92.59 92.41 92.56 92.44 92.22 91.94 91.59 91.28 90.56
136.72 137.12 137.47 137.56 137.19 136.44 135.47 133.69 130.84 128.44 126.31 125.00 124.84 124.31 124.25 124.72 124.59 124.03 123.09 122.16 119.88 117.69 117.00 116.59 116.16 115.62 114.97 114.41 113.78 113.88 114.00 113.97 113.62 112.97 112.06 110.94 109.91 109.47 109.00 108.62 108.22 107.84 107.47 107.19 107.09 106.84 106.12 104.69 103.12 102.28 101.31 100.53 99.94 99.34 98.75 98.06 97.38 96.72 96.06 95.53 95.06 94.50 93.97 93.44 92.97 92.56 92.06 91.75 91.75 91.75 91.56 91.31 91.03 90.72 90.06
135.41 135.38 135.66 135.47 135.03 133.88 132.12 130.84 129.56 126.78 124.78 123.94 123.53 123.38 123.38 123.38 123.19 122.72 121.94 120.41 118.44 117.50 116.56 115.78 115.41 114.88 114.19 113.47 113.00 112.56 112.50 112.44 112.16 111.59 110.81 109.91 109.03 108.59 108.00 107.59 107.28 106.97 106.62 106.38 106.31 106.09 105.56 104.19 102.88 101.91 100.84 100.00 99.34 98.72 98.06 97.44 96.81 96.22 95.53 94.97 94.47 93.97 93.44 92.88 92.44 92.00 91.50 91.12 90.97 91.06 90.91 90.69 90.41 89.97 89.50
134.28 133.78 133.06 132.81 132.03 130.69 130.03 129.00 127.66 125.22 123.56 122.81 122.31 122.56 122.72 122.31 122.03 121.62 120.97 120.06 118.91 117.12 115.72 115.09 114.59 114.03 113.50 112.78 112.19 111.81 111.47 111.09 110.72 110.09 109.38 108.84 108.12 107.47 107.06 106.62 106.34 106.09 105.81 105.59 105.53 105.38 105.06 104.47 103.34 101.66 100.22 99.44 98.84 98.19 97.53 96.94 96.34 95.75 95.06 94.47 94.06 93.50 92.97 92.38 91.91 91.47 91.00 90.53 90.25 90.25 90.28 90.06 89.81 89.41 88.88
133.25 132.66 132.28 131.66 130.69 129.22 128.12 126.53 124.38 123.06 122.59 121.72 120.88 120.97 121.53 121.28 120.97 120.62 120.12 119.38 118.34 117.19 115.56 114.31 113.88 113.16 112.62 111.97 111.34 110.91 110.53 110.00 109.47 108.81 108.00 107.47 106.88 106.31 105.94 105.72 105.41 105.25 105.00 104.84 104.69 104.62 104.50 104.06 103.25 101.78 99.78 98.94 98.34 97.69 97.16 96.59 95.94 95.31 94.66 93.97 93.50 93.00 92.41 91.81 91.34 90.94 90.47 90.00 89.62 89.44 89.47 89.41 89.12 88.75 88.28
132.34 131.78 131.47 130.59 129.59 127.84 125.53 124.56 123.38 122.16 121.09 120.41 120.06 120.06 120.41 120.25 120.00 119.62 119.22 118.62 117.75 116.59 115.41 113.81 112.78 112.19 111.72 111.09 110.47 109.88 109.56 108.97 108.38 107.81 107.12 106.53 105.88 105.31 105.00 104.78 104.50 104.34 104.16 104.03 103.91 103.78 103.91 103.75 103.00 101.88 99.50 98.38 97.94 97.38 96.78 96.16 95.56 94.94 94.28 93.62 92.94 92.41 91.91 91.28 90.75 90.31 89.88 89.44 89.00 88.75 88.72 88.69 88.47 88.16 87.75
131.47 130.91 129.94 129.38 128.16 126.75 124.94 123.97 122.31 121.31 120.03 119.31 119.16 118.91 118.94 118.62 118.59 118.47 118.16 117.66 116.94 115.94 114.62 113.34 111.81 111.25 110.78 110.19 109.56 108.88 108.44 107.81 107.25 106.75 106.12 105.12 104.66 104.28 104.09 103.81 103.62 103.47 103.38 103.25 103.12 103.06 103.22 103.25 102.72 101.91 98.56 97.91 97.59 97.00 96.44 95.81 95.19 94.53 93.84 93.16 92.50 91.84 91.31 90.75 90.16 89.72 89.25 88.81 88.41 88.03 87.97 88.00 87.81 87.53 87.19
130.53 130.00 129.34 128.22 127.16 125.62 124.50 123.34 122.25 119.81 119.31 118.72 118.12 117.81 117.72 117.31 117.22 117.31 117.00 116.53 115.91 115.03 113.84 112.41 111.06 110.38 109.84 109.19 108.66 108.00 107.38 106.69 106.09 105.28 104.47 103.88 103.56 103.38 103.22 102.88 102.75 102.66 102.50 102.38 102.34 102.31 102.47 102.75 102.41 101.38 97.97 97.66 97.19 96.69 96.09 95.44 94.78 94.06 93.31 92.62 91.94 91.31 90.69 90.19 89.66 89.03 88.56 88.16 87.78 87.38 87.19 87.22 87.09 86.84 86.56
129.41 128.91 128.25 125.56 125.06 124.41 123.34 122.41 121.34 120.25 119.19 118.16 117.44 117.00 116.91 116.53 116.38 116.00 115.72 115.47 114.72 113.91 112.84 111.47 110.25 109.44 108.88 108.25 107.69 107.22 106.59 105.88 105.22 104.41 103.62 103.03 102.62 102.41 102.16 101.81 101.75 101.66 101.44 101.44 101.50 101.62 101.97 102.25 102.12 101.44 99.25 97.91 96.84 96.34 95.78 95.03 94.34 93.62 92.81 92.06 91.38 90.75 90.00 89.59 89.06 88.44 88.00 87.50 87.09 86.75 86.41 86.38 86.34 86.12 85.97
128.16 127.62 125.72 123.91 123.09 122.75 122.06 121.25 120.44 119.66 118.81 118.09 117.03 116.56 116.22 115.75 115.25 114.81 114.41 114.19 113.44 112.69 111.66 110.41 109.16 108.34 107.78 107.31 106.81 106.25 105.62 104.94 104.25 103.56 102.91 102.25 101.84 101.31 101.03 100.78 100.72 100.56 100.41 100.44 100.59 100.91 101.16 101.62 101.75 101.31 100.78 99.53 97.34 96.16 95.66 94.53 93.97 93.25 92.44 91.66 90.88 90.12 89.44 88.84 88.31 87.78 87.34 86.88 86.38 86.00 85.69 85.53 85.56 85.50 85.19
126.88 125.81 124.00 123.12 121.94 120.59 120.22 119.44 119.31 118.84 118.19 117.44 116.69 116.16 115.59 114.94 114.22 113.88 113.44 112.69 111.91 111.38 110.41 109.22 108.12 107.00 106.75 106.34 105.84 105.22 104.56 103.94 103.28 102.62 101.97 101.41 101.03 100.62 100.16 99.88 99.69 99.53 99.44 99.38 99.50 99.84 100.19 100.72 101.03 101.00 100.56 99.72 98.69 96.91 95.72 94.47 93.78 92.94 92.06 91.25 90.34 89.50 88.81 88.22 87.66 87.19 86.69 86.25 85.81 85.31 84.97 84.72 84.78 84.81 84.50
125.66 124.88 123.62 122.16 120.69 119.69 119.03 118.56 118.28 118.03 117.34 116.62 116.09 115.47 114.75 113.88 113.31 112.91 112.50 111.34 110.56 109.53 109.00 108.09 107.03 106.41 105.94 105.50 104.94 104.28 103.59 102.94 102.31 101.72 101.12 100.59 100.12 99.78 99.34 99.00 98.75 98.56 98.44 98.34 98.38 98.56 99.09 99.56 100.09 100.19 100.16 99.72 98.88 97.78 96.31 94.75 93.84 92.84 91.84 90.81 89.91 88.94 88.22 87.59 87.06 86.50 86.06 85.59 85.16 84.69 84.22 83.91 83.94 84.03 83.81
124.19 123.69 122.75 121.56 120.53 119.12 118.78 118.38 117.59 117.16 116.31 115.62 115.00 114.56 113.56 112.91 112.19 111.81 111.25 110.16 109.03 108.50 107.38 106.53 106.16 105.56 104.97 104.50 104.00 103.34 102.69 102.06 101.41 100.84 100.19 99.69 99.22 98.75 98.41 98.09 97.75 97.53 97.44 97.25 97.31 97.44 97.81 98.28 98.25 98.88 99.28 99.28 98.81 97.91 96.78 95.22 93.69 92.41 91.56 90.47 89.50 88.50 87.62 86.97 86.41 85.88 85.44 84.88 84.44 84.03 83.59 83.12 83.03 83.16 83.03
122.34 122.03 121.41 120.44 119.31 118.31 118.03 117.47 116.16 116.03 115.19 114.16 113.56 113.25 112.06 111.00 110.81 110.62 110.06 108.97 107.91 107.62 106.31 105.75 105.34 104.66 103.94 103.31 102.88 102.34 101.75 101.12 100.50 99.84 99.25 98.72 98.31 97.78 97.34 97.06 96.75 96.56 96.41 96.12 95.94 96.06 96.50 97.06 97.16 97.31 98.16 98.47 98.38 97.84 96.94 95.88 94.12 91.44 90.88 90.00 88.72 87.72 87.03 86.31 85.75 85.28 84.72 84.28 83.78 83.41 82.94 82.50 82.19 82.22 82.22
119.22 119.94 119.59 118.91 118.12 117.38 116.81 116.09 115.03 114.56 113.81 112.66 111.44 111.38 110.69 109.75 109.31 109.50 109.06 108.25 107.00 106.50 105.75 104.75 104.44 103.94 102.91 102.41 101.84 101.34 100.75 100.09 99.47 98.81 98.19 97.62 97.28 96.81 96.38 96.00 95.78 95.59 95.34 94.97 94.69 94.47 94.81 95.75 96.59 96.59 97.16 97.53 97.62 97.47 96.94 95.88 94.56 92.50 90.31 89.75 88.38 87.16 86.47 85.78 85.16 84.62 84.09 83.59 83.16 82.69 82.28 81.81 81.41 81.38 81.34
117.75 117.91 117.66 117.00 116.78 116.09 115.38 114.81 113.12 112.62 111.81 110.53 110.09 109.47 109.34 108.78 108.06 108.34 108.09 107.56 106.62 105.66 104.72 104.00 103.56 102.97 102.28 101.56 100.97 100.34 99.72 99.06 98.34 97.66 97.00 96.47 96.09 95.75 95.31 95.00 94.75 94.53 94.28 94.00 93.59 93.34 93.22 94.00 94.91 95.59 96.06 96.66 96.66 96.78 96.56 95.81 94.50 92.75 90.66 89.78 88.69 86.97 85.97 85.28 84.59 83.97 83.38 82.88 82.44 82.03 81.59 81.12 80.66 80.50 80.47
116.72 116.19 116.00 115.19 115.19 114.84 114.06 112.28 111.84 110.97 110.19 109.06 108.72 108.31 107.84 107.06 106.28 107.12 107.19 106.88 106.25 105.56 104.28 103.25 102.75 102.06 101.47 100.81 100.16 99.38 98.72 98.12 97.38 96.78 96.03 95.34 95.00 94.66 94.22 93.94 93.75 93.47 93.25 92.97 92.72 92.47 92.38 92.72 93.69 94.34 94.78 95.00 95.50 95.88 95.81 95.28 94.25 92.75 90.72 89.75 88.94 87.56 86.03 84.75 84.00 83.31 82.72 82.19 81.72 81.25 80.88 80.41 79.94 79.59 79.56
114.22 114.72 114.69 112.88 111.84 112.94 112.59 111.03 110.72 109.84 109.06 107.94 107.44 107.34 106.31 106.06 105.94 106.03 106.34 106.19 105.69 104.94 104.00 103.12 102.34 101.56 100.84 100.12 99.38 98.53 97.88 97.22 96.44 95.62 94.91 94.38 93.97 93.59 93.12 92.78 92.56 92.38 92.22 92.03 91.84 91.62 91.50 91.84 92.50 92.94 92.94 93.88 94.41 94.62 94.62 94.25 93.53 92.44 91.12 89.75 88.72 87.38 85.91 84.44 83.34 82.62 82.00 81.47 81.00 80.59 80.06 79.66 79.16 78.78 78.66
111.50 113.50 113.62 112.88 111.75 111.16 110.75 110.38 109.81 109.25 108.25 106.69 106.22 106.22 105.66 105.66 105.53 105.44 105.50 105.34 104.88 104.09 103.19 102.38 101.53 100.84 100.19 99.50 98.78 97.91 96.94 96.12 95.28 94.41 93.91 93.50 93.00 92.53 92.06 91.75 91.38 91.19 91.09 91.00 90.94 90.69 90.59 90.72 91.19 91.38 92.09 92.62 93.00 93.22 93.16 92.78 92.44 91.81 90.84 89.72 88.53 87.28 85.78 84.06 82.75 81.78 81.22 80.72 80.25 79.88 79.41 78.94 78.47 77.97 77.81
110.75 112.41 112.78 112.47 111.78 111.22 110.50 109.91 109.28 108.59 107.69 106.50 105.97 105.59 105.31 105.22 105.03 104.94 104.66 104.34 103.91 103.22 102.34 101.41 100.66 99.88 99.41 98.78 98.00 97.12 96.09 95.06 94.19 93.38 92.97 92.50 92.06 91.56 91.06 90.78 90.34 90.00 89.75 89.75 89.75 89.59 89.72 89.78 89.72 89.91 90.97 90.97 90.75 90.97 90.75 90.38 91.09 90.94 90.38 89.41 88.28 87.00 85.50 83.94 82.41 81.06 80.47 79.94 79.47 79.06 78.72 78.22 77.78 77.19 76.88
110.03 111.34 111.94 111.75 111.19 110.59 109.78 109.22 108.56 107.81 107.03 106.25 105.56 105.22 104.81 104.62 104.41 104.22 103.66 103.03 102.56 101.25 99.72 97.59 98.00 98.81 98.38 97.88 97.12 96.16 95.06 93.97 93.06 92.22 91.84 91.44 91.03 90.59 90.09 89.69 89.28 88.94 88.50 88.38 88.38 88.12 88.47 88.56 88.44 88.28 89.44 89.19 89.25 89.25 89.09 88.94 89.72 89.91 89.66 88.88 87.78 86.50 84.75 83.38 81.75 80.25 79.72 79.25 78.78 78.34 77.88 77.47 77.03 76.59 76.09
109.41 110.75 111.19 110.97 110.12 109.72 109.19 108.47 107.75 107.03 106.31 105.56 105.00 104.50 104.16 103.94 103.66 103.28 102.59 101.62 100.09 97.94 97.47 97.06 96.78 96.97 97.03 96.66 95.94 94.91 93.69 92.59 91.50 91.06 90.72 90.41 90.00 89.56 89.09 88.62 88.22 87.84 87.41 87.00 87.00 86.81 86.84 86.97 86.75 87.00 87.66 87.59 87.59 87.88 87.47 87.31 88.31 88.72 88.72 88.12 87.12 85.84 84.31 82.81 81.12 79.62 79.09 78.69 78.19 77.72 77.25 76.81 76.34 75.94 75.41
109.28 110.22 110.56 110.25 108.94 108.12 107.91 107.66 106.81 106.12 105.38 104.75 104.12 103.66 103.28 103.12 102.75 102.19 101.56 100.91 98.34 97.69 97.19 96.72 96.25 96.12 96.03 95.41 94.72 93.47 92.19 90.84 90.25 89.84 89.56 89.31 88.94 88.53 88.09 87.62 87.19 86.75 86.41 86.00 85.69 85.47 85.28 85.09 84.12 84.12 84.28 84.88 85.47 86.19 84.66 84.94 86.91 87.34 87.47 87.09 86.25 85.06 83.81 82.34 81.09 79.72 78.62 78.19 77.69 77.19 76.69 76.22 75.69 75.25 74.81
108.97 109.66 109.94 109.53 108.62 106.72 106.03 105.56 105.19 104.81 104.31 103.75 103.22 102.84 102.34 102.09 101.62 101.16 100.50 99.50 98.03 97.34 96.66 96.06 95.66 95.34 94.44 92.50 91.94 91.00 90.09 89.50 89.09 88.53 88.44 88.22 87.88 87.50 87.06 86.59 86.16 85.72 85.34 85.03 84.62 84.25 83.84 83.34 83.00 82.69 82.72 82.88 83.00 83.03 82.78 83.59 85.41 85.72 85.91 85.75 85.19 84.22 83.03 81.75 80.75 79.75 78.44 77.72 77.09 76.66 76.09 75.59 75.12 74.62 74.16
108.12 108.69 109.00 108.69 107.78 105.81 104.56 103.94 103.62 103.25 102.88 102.47 102.19 101.88 101.25 100.88 100.53 100.09 99.44 98.53 97.47 96.66 95.94 95.47 94.91 94.38 92.97 91.81 90.69 89.88 89.06 88.56 88.16 87.44 87.34 87.12 86.81 86.47 86.03 85.59 85.09 84.62 84.28 83.94 83.69 83.25 82.84 82.47 82.19 81.94 81.84 81.88 81.91 81.88 82.22 82.94 83.69 83.94 83.62 84.16 83.91 83.31 82.47 81.53 80.59 79.69 78.72 77.84 76.59 76.06 75.56 75.00 74.47 73.94 73.53
107.38 107.72 107.41 107.41 106.81 105.69 103.75 102.56 102.06 101.53 101.34 101.03 100.94 100.75 100.50 100.12 99.59 99.03 98.44 97.62 96.69 95.94 95.41 94.66 93.84 93.31 92.50 91.47 90.38 89.19 88.25 87.38 86.91 86.53 86.31 86.12 85.78 85.41 84.97 84.56 84.09 83.66 83.22 82.84 82.56 82.25 81.94 81.53 81.25 80.81 80.56 80.50 80.97 81.09 81.47 81.91 82.19 82.31 82.19 82.38 82.53 82.22 81.62 80.91 80.16 79.44 78.69 77.66 76.53 75.47 74.97 74.47 73.91 73.38 72.91
103.72 103.97 105.56 105.47 105.34 104.69 103.69 102.06 101.09 100.38 100.22 100.28 100.00 99.84 99.62 99.34 98.53 98.00 97.47 96.72 95.78 94.84 94.31 93.50 92.88 92.41 91.56 90.84 89.78 88.16 87.09 86.38 86.00 85.66 85.31 85.09 84.75 84.38 83.94 83.44 83.03 82.47 82.19 81.78 81.56 81.25 81.03 80.66 80.38 80.09 79.16 79.22 79.81 80.25 80.31 80.22 80.75 80.94 81.12 81.03 81.00 80.81 80.41 79.91 79.16 78.75 78.28 77.47 76.31 74.84 74.47 73.94 73.41 72.91 72.41
101.50 102.06 102.03 102.28 103.41 103.31 102.81 102.00 101.09 100.19 99.62 99.50 99.28 99.00 98.59 98.19 97.44 96.72 96.31 95.41 94.78 93.75 93.19 92.56 92.09 91.62 90.84 90.03 89.09 87.44 86.12 85.50 85.09 84.69 84.38 84.03 83.69 83.31 82.88 82.38 81.94 81.41 81.06 80.75 80.47 80.22 80.00 79.72 79.47 79.06 78.31 78.34 78.59 78.84 78.56 78.28 79.22 79.34 79.59 79.62 79.50 79.12 79.38 78.44 76.81 77.69 77.56 77.06 76.09 74.75 74.16 73.59 73.03 72.50 71.94
99.41 99.97 98.09 99.41 101.31 101.53 101.56 101.06 100.22 99.41 98.47 98.41 98.22 97.66 97.38 96.84 96.28 95.88 95.31 94.69 93.84 93.03 92.28 91.88 91.41 90.94 90.12 89.31 88.12 86.50 85.28 84.62 84.12 83.72 83.34 82.94 82.59 82.22 81.78 81.34 80.88 80.31 79.91 79.59 79.31 79.12 78.94 78.62 78.25 77.97 77.69 77.38 77.19 76.78 76.31 76.25 77.50 77.75 77.88 77.91 77.69 77.03 76.38 75.50 76.19 76.59 76.72 76.47 75.78 74.78 73.84 73.16 72.62 72.06 71.53
97.94 97.72 97.31 96.94 97.62 99.75 99.91 99.69 99.03 97.97 97.44 97.31 97.31 96.84 96.12 95.59 95.28 94.81 94.34 93.75 92.84 92.22 91.62 91.25 90.78 90.22 89.41 88.44 87.19 85.44 84.41 83.66 83.16 82.78 82.31 81.88 81.47 81.16 80.72 80.22 79.81 79.31 78.84 78.50 78.16 77.81 77.69 77.28 77.06 76.84 76.59 75.94 75.59 75.44 74.41 74.44 75.31 75.84 76.22 76.22 75.91 75.06 74.81 75.19 75.44 75.44 75.81 75.72 75.22 74.44 73.59 72.88 72.22 71.62 71.06
97.00 97.00 97.06 96.44 96.66 97.62 98.16 98.09 97.69 96.78 96.66 96.03 95.75 95.34 95.06 94.28 94.06 93.72 93.41 92.81 92.12 91.56 91.03 90.50 90.00 89.38 88.56 87.50 86.19 84.75 83.53 82.69 82.19 81.81 81.34 80.88 80.41 80.12 79.38 78.81 78.47 78.06 77.62 77.31 76.97 76.62 76.44 75.91 75.69 75.56 75.22 74.66 73.88 73.72 72.75 72.88 73.38 74.31 74.53 74.59 74.34 73.66 73.28 74.19 74.09 74.47 74.66 74.62 74.25 73.66 73.00 72.38 71.78 71.16 70.56
95.59 95.62 96.00 95.62 95.97 96.16 96.69 96.75 96.53 96.19 95.94 95.22 94.53 93.06 92.69 92.44 91.66 92.44 92.34 91.84 91.16 90.41 90.06 89.59 89.03 88.41 87.50 86.44 85.12 83.88 82.47 81.72 81.28 80.88 80.34 79.91 79.50 79.00 78.31 77.66 77.19 76.72 76.31 76.06 75.75 75.28 74.72 74.19 73.81 73.31 73.31 73.03 72.41 71.72 70.66 70.44 70.22 72.69 72.88 72.97 72.91 71.38 72.62 72.66 72.62 73.25 73.25 73.19 73.16 72.81 72.16 71.53 71.09 70.56 70.00
94.19 94.22 94.56 94.53 94.75 95.12 95.56 95.69 95.56 95.31 94.91 94.53 92.91 91.22 90.53 90.56 90.88 91.12 91.06 90.66 89.91 89.25 88.47 88.34 87.88 87.28 86.34 85.25 84.09 82.72 81.47 80.75 80.34 79.97 79.47 79.03 78.53 78.00 77.28 76.53 76.09 75.44 74.81 74.59 74.47 73.97 73.47 72.88 72.12 71.59 71.53 71.44 71.22 71.00 70.34 69.03 68.97 71.16 71.25 71.44 70.31 70.94 71.19 71.59 70.97 71.34 71.50 71.44 70.16 69.84 69.81 70.41 70.16 69.84 69.38
