everonasctiles/Tile[17,8].asc
ncols 128
nrows 128
xllcorner 0
yllcorner 0
cellsize 2.0
NODATA_value  -9999
[rows 33 to 65 of 128, columns 0 to 74 of 128]
-6.03 -5.84 -5.62 -5.56 -5.75 -5.84 -5.56 -5.38 -5.53 -5.88 -6.12 -6.28 -6.31 -6.44 -6.41 -6.53 -6.66 -6.66 -6.59 -6.41 -6.06 -6.00 -6.03 -6.22 -6.47 -6.56 -6.62 -6.75 -6.91 -6.91 -6.81 -6.66 -6.44 -6.09 -6.12 -6.50 -6.66 -6.38 -6.16 -6.03 -5.69 -5.47 -5.66 -5.97 -6.28 -6.41 -6.47 -6.62 -6.75 -6.72 -6.59 -6.66 -6.38 -6.22 -6.25 -6.69 -6.69 -6.78 -6.84 -6.56 -6.28 -6.16 -5.97 -6.09 -6.47 -6.62 -6.59 -6.53 -6.22 -5.97 -6.00 -6.09 -5.78 -5.59 -5.44
-6.22 -6.06 -5.81 -5.81 -5.94 -5.78 -5.44 -5.25 -5.28 -5.69 -5.91 -6.03 -6.19 -6.53 -6.62 -6.66 -6.66 -6.56 -6.41 -6.28 -5.94 -5.88 -6.00 -6.16 -6.31 -6.34 -6.34 -6.47 -6.50 -6.69 -6.66 -6.41 -6.06 -5.81 -5.72 -6.00 -6.28 -6.12 -5.94 -5.69 -5.53 -5.38 -5.44 -5.78 -6.09 -6.25 -6.22 -6.44 -6.56 -6.62 -6.59 -6.53 -6.31 -6.12 -6.16 -6.38 -6.47 -6.53 -6.56 -6.31 -6.03 -5.88 -5.81 -6.12 -6.38 -6.50 -6.44 -6.34 -6.31 -6.19 -6.34 -6.44 -6.06 -5.75 -5.62
-6.16 -6.00 -6.06 -6.22 -6.12 -5.97 -5.78 -5.47 -5.38 -5.72 -6.00 -6.12 -6.12 -6.19 -6.25 -6.25 -6.44 -6.47 -6.28 -6.16 -5.94 -5.72 -5.75 -5.81 -5.97 -6.09 -6.25 -6.22 -6.31 -6.53 -6.53 -6.25 -6.00 -5.75 -5.50 -5.50 -5.78 -5.84 -5.66 -5.44 -5.41 -5.38 -5.47 -5.81 -6.19 -6.25 -6.19 -6.34 -6.56 -6.47 -6.25 -6.16 -6.22 -5.97 -5.88 -6.19 -6.22 -6.16 -6.09 -6.03 -5.94 -5.91 -5.97 -6.19 -6.25 -6.31 -6.25 -6.31 -6.41 -6.47 -6.41 -6.31 -6.09 -5.88 -5.66
-6.06 -5.75 -5.78 -5.97 -5.94 -5.88 -5.78 -5.53 -5.47 -5.97 -6.31 -6.16 -5.88 -5.84 -5.91 -5.94 -6.09 -6.16 -6.03 -5.94 -5.91 -5.84 -5.62 -5.53 -5.59 -5.69 -5.84 -5.88 -6.03 -6.19 -6.16 -5.88 -5.78 -5.53 -5.12 -5.22 -5.56 -5.88 -5.69 -5.38 -5.25 -5.38 -5.41 -5.50 -5.69 -5.75 -5.78 -5.91 -6.00 -6.00 -5.84 -5.69 -5.88 -5.78 -5.88 -5.97 -5.78 -5.56 -5.56 -5.81 -5.75 -5.81 -6.06 -6.34 -6.38 -6.28 -6.31 -6.34 -6.44 -6.62 -6.56 -6.31 -6.00 -5.66 -5.34
-6.25 -5.91 -5.66 -5.44 -5.47 -5.69 -5.88 -5.88 -5.78 -5.97 -6.00 -5.88 -5.69 -5.66 -5.59 -5.47 -5.56 -5.75 -5.78 -5.81 -5.94 -5.81 -5.53 -5.31 -5.25 -5.25 -5.28 -5.38 -5.53 -5.56 -5.38 -5.06 -5.06 -4.97 -5.00 -5.28 -5.62 -5.66 -5.34 -4.91 -4.88 -5.16 -5.28 -5.12 -5.12 -5.31 -5.53 -5.50 -5.47 -5.53 -5.66 -5.53 -5.50 -5.59 -5.69 -5.56 -5.22 -5.19 -5.62 -6.06 -6.03 -6.03 -6.44 -6.59 -6.50 -6.56 -6.75 -6.72 -6.56 -6.53 -6.59 -6.41 -6.12 -5.81 -5.25
-6.44 -5.97 -5.72 -5.47 -5.38 -5.66 -6.00 -6.12 -6.06 -5.94 -5.81 -5.78 -5.72 -5.56 -5.34 -5.25 -5.44 -5.66 -5.78 -5.84 -5.84 -5.50 -5.19 -5.03 -5.00 -4.97 -5.03 -5.28 -5.38 -5.19 -4.84 -4.66 -4.88 -5.19 -5.28 -5.44 -5.44 -5.19 -4.94 -4.81 -4.59 -4.78 -4.94 -4.94 -5.00 -5.22 -5.34 -5.19 -5.09 -5.09 -5.16 -5.03 -5.00 -5.12 -4.97 -4.94 -4.94 -5.06 -5.56 -6.12 -6.22 -6.25 -6.66 -6.66 -6.56 -6.62 -6.78 -6.75 -6.59 -6.47 -6.47 -6.25 -6.00 -5.75 -5.41
-6.44 -6.12 -5.88 -5.66 -5.81 -6.00 -6.22 -6.31 -6.09 -5.97 -5.91 -5.81 -5.78 -5.78 -5.69 -5.62 -5.59 -5.62 -5.56 -5.69 -5.53 -5.06 -4.94 -4.97 -4.88 -4.94 -5.12 -5.25 -5.28 -5.25 -5.22 -5.12 -5.34 -5.41 -5.34 -5.44 -5.34 -5.12 -5.00 -4.84 -4.78 -4.69 -4.72 -4.88 -4.91 -4.94 -5.00 -4.84 -4.78 -4.81 -4.88 -4.88 -4.97 -4.94 -4.78 -4.66 -4.81 -5.09 -5.38 -5.84 -6.06 -6.22 -6.59 -6.69 -6.69 -6.75 -6.72 -6.66 -6.56 -6.56 -6.38 -6.16 -5.94 -5.84 -5.78
-6.81 -6.50 -6.16 -6.03 -6.06 -6.16 -6.31 -6.41 -6.06 -5.81 -5.75 -5.91 -5.88 -5.81 -5.81 -5.75 -5.53 -5.31 -5.28 -5.38 -5.34 -5.22 -5.22 -5.25 -5.19 -5.19 -5.22 -5.16 -5.19 -5.47 -5.56 -5.38 -5.34 -5.28 -5.28 -5.34 -5.31 -5.22 -5.12 -5.09 -5.03 -4.97 -4.91 -5.00 -4.91 -4.78 -4.78 -4.78 -4.75 -4.72 -4.59 -4.53 -4.72 -4.81 -4.97 -4.97 -5.00 -5.16 -5.34 -5.66 -6.06 -6.41 -6.66 -6.84 -6.97 -6.78 -6.53 -6.59 -6.78 -6.78 -6.69 -6.56 -6.41 -6.12 -5.81
-7.31 -7.00 -6.81 -6.69 -6.44 -6.22 -6.19 -6.25 -6.25 -6.06 -5.91 -5.81 -5.66 -5.62 -5.84 -5.78 -5.50 -5.38 -5.34 -5.28 -5.34 -5.38 -5.38 -5.44 -5.41 -5.31 -5.28 -5.41 -5.44 -5.50 -5.41 -5.44 -5.47 -5.34 -5.16 -5.16 -5.22 -5.16 -5.28 -5.19 -5.16 -5.06 -4.94 -5.09 -5.09 -4.94 -4.78 -4.91 -5.16 -5.19 -4.91 -4.53 -4.41 -4.66 -5.06 -5.25 -5.47 -5.75 -5.91 -6.06 -6.19 -6.38 -6.56 -6.69 -6.72 -6.50 -6.34 -6.56 -6.81 -6.97 -7.00 -6.81 -6.38 -6.03 -5.75
-7.59 -7.47 -7.25 -7.09 -6.91 -6.56 -6.28 -6.12 -6.22 -6.22 -6.12 -5.78 -5.47 -5.53 -5.91 -6.03 -5.88 -5.66 -5.38 -5.25 -5.31 -5.47 -5.56 -5.66 -5.69 -5.44 -5.38 -5.50 -5.31 -5.12 -5.28 -5.56 -5.62 -5.38 -5.06 -5.06 -5.09 -5.12 -5.09 -5.12 -5.06 -4.91 -4.88 -5.03 -5.12 -5.00 -4.84 -4.94 -5.34 -5.59 -5.50 -5.16 -4.94 -5.19 -5.41 -5.56 -5.78 -6.25 -6.56 -6.59 -6.41 -6.22 -6.44 -6.47 -6.47 -6.34 -6.47 -6.62 -6.66 -6.62 -6.66 -6.69 -6.47 -6.38 -6.25
-7.75 -7.50 -7.19 -7.19 -7.25 -7.03 -6.78 -6.44 -6.38 -6.38 -6.44 -6.19 -5.75 -5.44 -5.53 -5.78 -5.88 -5.75 -5.56 -5.38 -5.38 -5.41 -5.50 -5.69 -5.94 -5.75 -5.56 -5.41 -5.19 -5.03 -4.88 -5.06 -5.34 -5.28 -5.16 -5.16 -5.03 -5.03 -5.09 -5.31 -5.25 -5.22 -5.19 -5.06 -5.06 -5.16 -5.31 -5.34 -5.56 -5.84 -5.91 -5.62 -5.56 -5.53 -5.53 -5.84 -6.12 -6.41 -6.56 -6.78 -6.59 -6.47 -6.50 -6.56 -6.62 -6.59 -6.75 -6.81 -6.53 -6.28 -6.38 -6.59 -6.72 -6.91 -6.97
-7.84 -7.50 -7.28 -7.34 -7.50 -7.53 -7.41 -7.03 -6.84 -6.75 -6.66 -6.62 -6.44 -6.06 -5.66 -5.56 -5.72 -5.97 -6.00 -5.78 -5.53 -5.34 -5.38 -5.66 -5.84 -5.66 -5.38 -5.16 -5.00 -4.91 -4.59 -4.66 -4.94 -4.97 -5.09 -5.03 -4.88 -4.91 -5.22 -5.44 -5.50 -5.50 -5.41 -5.22 -5.03 -5.09 -5.34 -5.44 -5.56 -5.84 -6.06 -6.09 -6.09 -5.94 -5.94 -6.09 -6.56 -6.62 -6.78 -7.12 -7.22 -7.16 -6.78 -6.75 -7.00 -7.09 -7.12 -6.88 -6.66 -6.53 -6.50 -6.53 -6.72 -7.12 -7.28
-8.16 -7.91 -7.59 -7.47 -7.47 -7.59 -7.69 -7.59 -7.41 -7.19 -7.09 -7.09 -7.00 -6.81 -6.50 -6.16 -6.12 -6.28 -6.34 -6.06 -5.56 -5.31 -5.41 -5.59 -5.78 -5.72 -5.53 -5.44 -5.31 -5.19 -4.88 -4.75 -4.75 -4.66 -4.78 -5.00 -5.00 -4.94 -5.12 -5.38 -5.53 -5.53 -5.38 -5.25 -5.09 -5.06 -5.16 -5.28 -5.44 -5.72 -6.06 -6.22 -6.34 -6.56 -6.66 -6.75 -7.12 -7.25 -7.34 -7.50 -7.62 -7.62 -7.44 -7.38 -7.38 -7.47 -7.38 -7.12 -6.91 -6.78 -6.78 -6.88 -6.94 -7.28 -7.47
-8.31 -8.25 -8.06 -7.75 -7.47 -7.44 -7.59 -7.62 -7.69 -7.69 -7.62 -7.56 -7.34 -7.22 -7.06 -6.84 -6.72 -6.50 -6.38 -6.16 -5.62 -5.25 -5.16 -5.34 -5.41 -5.53 -5.47 -5.50 -5.44 -5.38 -5.12 -4.94 -4.78 -4.56 -4.66 -5.03 -5.09 -5.06 -5.12 -5.34 -5.50 -5.50 -5.38 -5.16 -5.09 -5.09 -5.25 -5.50 -5.66 -5.84 -6.09 -6.19 -6.59 -7.06 -7.00 -7.03 -7.44 -7.53 -7.50 -7.66 -7.94 -7.88 -7.72 -7.75 -7.53 -7.62 -7.50 -7.34 -7.12 -7.03 -7.00 -7.06 -7.09 -7.22 -7.25
-8.16 -8.25 -8.09 -7.78 -7.50 -7.41 -7.34 -7.47 -7.75 -7.88 -7.91 -7.88 -7.62 -7.31 -7.19 -7.09 -6.94 -6.66 -6.34 -5.97 -5.59 -5.31 -5.19 -5.19 -5.19 -5.31 -5.41 -5.31 -5.19 -5.16 -4.91 -4.72 -4.66 -4.62 -4.81 -5.00 -4.81 -4.72 -4.78 -5.00 -5.19 -5.22 -5.25 -5.03 -5.00 -5.28 -5.53 -5.78 -5.97 -6.16 -6.19 -6.16 -6.53 -6.94 -7.16 -7.41 -7.66 -7.81 -7.94 -8.06 -8.19 -8.00 -7.72 -7.62 -7.56 -7.62 -7.59 -7.53 -7.47 -7.47 -7.38 -7.41 -7.31 -7.28 -7.22
-7.84 -8.00 -7.97 -7.72 -7.38 -7.25 -7.41 -7.53 -7.66 -7.78 -8.00 -8.12 -7.97 -7.53 -7.19 -7.16 -7.16 -6.81 -6.31 -5.72 -5.38 -5.12 -4.97 -4.88 -4.72 -4.72 -4.81 -5.03 -5.03 -4.62 -4.34 -4.56 -4.69 -4.88 -5.00 -4.94 -4.94 -4.97 -4.91 -4.88 -5.00 -5.12 -5.19 -5.06 -5.25 -5.69 -5.84 -5.94 -6.19 -6.50 -6.56 -6.50 -6.59 -7.06 -7.56 -7.88 -7.97 -7.97 -8.06 -8.16 -8.22 -7.97 -7.72 -7.69 -7.69 -7.66 -7.69 -7.75 -7.78 -7.88 -7.81 -7.75 -7.69 -7.59 -7.34
-7.53 -7.44 -7.69 -7.59 -7.38 -7.34 -7.38 -7.56 -7.66 -7.69 -7.81 -8.00 -7.91 -7.69 -7.44 -7.19 -6.97 -6.53 -6.09 -5.62 -5.31 -5.19 -4.91 -4.59 -4.31 -4.16 -4.38 -4.66 -4.62 -4.44 -4.28 -4.66 -4.91 -4.97 -5.00 -5.00 -5.06 -5.12 -5.03 -4.94 -4.88 -5.09 -5.28 -5.44 -5.69 -5.78 -5.94 -6.09 -6.38 -6.59 -6.66 -6.72 -7.03 -7.47 -7.69 -7.84 -7.81 -7.50 -7.56 -7.97 -8.12 -7.94 -7.69 -7.62 -7.78 -7.91 -7.91 -7.84 -7.84 -7.97 -8.00 -7.91 -7.97 -7.97 -7.78
-7.59 -7.47 -7.59 -7.62 -7.66 -7.66 -7.69 -7.81 -7.84 -7.72 -7.72 -7.75 -7.59 -7.53 -7.22 -6.75 -6.28 -6.12 -5.91 -5.50 -5.28 -5.12 -4.88 -4.41 -4.16 -4.09 -4.16 -4.22 -4.31 -4.09 -3.88 -4.28 -4.53 -4.69 -4.88 -4.91 -4.84 -4.75 -4.78 -4.81 -5.09 -5.19 -5.28 -5.47 -5.69 -5.69 -5.75 -6.16 -6.50 -6.59 -6.75 -7.06 -7.44 -7.59 -7.72 -7.88 -7.53 -7.22 -7.38 -7.81 -7.84 -7.75 -7.44 -7.47 -7.69 -7.97 -8.06 -7.97 -7.94 -7.94 -7.88 -7.88 -8.03 -8.09 -8.12
-8.06 -8.00 -8.00 -7.75 -7.78 -7.84 -7.84 -7.91 -7.88 -7.75 -7.78 -7.75 -7.47 -7.09 -6.81 -6.50 -6.03 -5.78 -5.69 -5.66 -5.56 -5.34 -4.84 -4.34 -4.06 -3.97 -3.94 -4.00 -3.97 -3.62 -3.56 -3.72 -4.06 -4.38 -4.47 -4.38 -4.38 -4.44 -4.59 -4.81 -4.88 -4.97 -5.25 -5.34 -5.59 -5.66 -5.84 -6.06 -6.34 -6.66 -6.91 -7.25 -7.44 -7.41 -7.53 -7.50 -7.22 -7.19 -7.31 -7.50 -7.47 -7.50 -7.31 -7.41 -7.69 -7.94 -8.12 -8.19 -8.09 -8.19 -8.06 -8.19 -8.28 -8.28 -8.31
-8.59 -8.50 -8.25 -7.78 -7.44 -7.50 -7.41 -7.50 -7.59 -7.53 -7.59 -7.59 -7.31 -7.03 -6.88 -6.84 -6.56 -5.81 -5.44 -5.41 -5.50 -5.28 -4.84 -4.28 -3.84 -3.62 -3.47 -3.56 -3.34 -3.19 -3.25 -3.34 -3.59 -3.97 -4.09 -4.22 -4.41 -4.53 -4.78 -4.78 -4.59 -4.78 -5.22 -5.50 -5.75 -5.91 -6.00 -5.97 -6.19 -6.34 -6.75 -7.03 -7.09 -7.06 -7.12 -7.06 -7.00 -7.09 -7.31 -7.34 -7.31 -7.41 -7.47 -7.66 -7.91 -8.09 -8.28 -8.56 -8.72 -8.78 -8.69 -8.50 -8.47 -8.44 -8.44
-8.94 -8.75 -8.38 -8.00 -7.72 -7.62 -7.56 -7.59 -7.72 -7.69 -7.59 -7.47 -7.19 -7.00 -7.03 -7.22 -6.91 -6.12 -5.50 -4.97 -4.78 -4.66 -4.31 -4.00 -3.97 -3.56 -3.12 -2.88 -2.78 -2.91 -2.91 -2.94 -3.22 -3.47 -3.84 -4.16 -4.34 -4.53 -4.69 -4.81 -4.84 -5.09 -5.34 -5.44 -5.59 -5.84 -5.91 -5.91 -6.12 -6.41 -6.91 -7.09 -7.03 -7.03 -7.09 -7.28 -7.44 -7.47 -7.59 -7.53 -7.22 -7.34 -7.69 -7.97 -8.03 -8.19 -8.53 -8.88 -9.03 -9.06 -9.03 -8.97 -8.81 -8.59 -8.50
-9.25 -9.00 -8.72 -8.47 -8.16 -8.03 -8.03 -7.88 -7.62 -7.59 -7.56 -7.41 -7.38 -7.09 -6.88 -6.69 -6.44 -6.03 -5.56 -4.88 -4.19 -3.97 -3.88 -3.81 -3.59 -3.19 -2.84 -2.53 -2.47 -2.62 -2.72 -2.75 -3.06 -3.31 -3.56 -3.78 -3.88 -4.00 -4.25 -4.81 -5.09 -5.28 -5.38 -5.53 -5.78 -6.00 -6.22 -6.44 -6.66 -6.91 -7.06 -7.09 -7.12 -7.09 -7.12 -7.41 -7.56 -7.62 -7.62 -7.53 -7.22 -7.50 -7.88 -7.94 -8.03 -8.28 -8.56 -8.81 -9.06 -9.09 -9.19 -9.34 -9.41 -9.19 -8.91
-9.62 -9.34 -8.97 -8.59 -8.44 -8.47 -8.41 -8.19 -7.75 -7.59 -7.47 -7.25 -7.03 -7.00 -6.72 -6.28 -5.81 -5.59 -5.28 -4.84 -4.34 -4.06 -3.88 -3.47 -3.06 -2.78 -2.59 -2.38 -2.44 -2.56 -2.78 -3.00 -3.12 -3.44 -3.62 -3.66 -3.75 -3.78 -3.97 -4.53 -5.03 -5.28 -5.62 -5.94 -6.19 -6.28 -6.62 -6.91 -7.09 -7.22 -7.12 -7.22 -7.41 -7.28 -7.16 -7.34 -7.59 -7.62 -7.59 -7.66 -7.59 -7.75 -8.03 -8.12 -8.22 -8.34 -8.66 -8.91 -9.06 -9.19 -9.22 -9.56 -9.84 -9.72 -9.38
-9.81 -9.56 -9.16 -8.91 -8.81 -8.75 -8.53 -8.12 -7.81 -7.69 -7.41 -6.84 -6.56 -6.56 -6.53 -6.06 -5.41 -5.09 -4.91 -4.81 -4.75 -4.59 -4.19 -3.62 -3.12 -2.81 -2.69 -2.50 -2.44 -2.50 -2.88 -3.12 -3.22 -3.50 -3.66 -3.81 -3.91 -3.88 -4.31 -5.06 -5.56 -5.62 -5.91 -6.25 -6.44 -6.69 -6.94 -6.88 -6.91 -7.22 -7.28 -7.34 -7.44 -7.41 -7.34 -7.38 -7.56 -7.59 -7.50 -7.53 -7.59 -7.81 -8.12 -8.31 -8.31 -8.44 -8.81 -9.19 -9.28 -9.31 -9.44 -9.59 -9.78 -9.75 -9.56
-9.72 -9.50 -9.06 -8.88 -8.97 -8.91 -8.56 -8.12 -7.88 -7.53 -7.28 -6.97 -6.75 -6.69 -6.59 -6.03 -5.47 -4.97 -4.75 -4.62 -4.69 -4.56 -4.41 -3.94 -3.34 -3.16 -3.09 -2.81 -2.72 -2.94 -3.31 -3.47 -3.50 -3.69 -3.84 -4.16 -4.56 -4.72 -5.09 -5.69 -6.00 -6.03 -6.22 -6.44 -6.44 -6.47 -6.69 -6.78 -6.75 -6.94 -7.22 -7.25 -7.34 -7.53 -7.47 -7.34 -7.41 -7.50 -7.50 -7.50 -7.62 -7.81 -8.06 -8.31 -8.53 -8.91 -9.16 -9.44 -9.56 -9.75 -9.91 -9.97 -9.75 -9.62 -9.59
-9.50 -9.34 -9.06 -8.88 -8.81 -8.66 -8.44 -8.16 -7.97 -7.62 -7.31 -6.97 -6.75 -6.56 -6.38 -6.25 -5.81 -5.22 -4.81 -4.50 -4.47 -4.28 -4.12 -3.84 -3.56 -3.56 -3.56 -3.38 -3.28 -3.59 -3.97 -4.16 -4.16 -4.34 -4.62 -5.03 -5.41 -5.59 -5.88 -6.31 -6.28 -6.16 -6.31 -6.56 -6.66 -6.59 -6.84 -7.06 -6.94 -6.91 -7.09 -7.47 -7.59 -7.66 -7.66 -7.53 -7.41 -7.34 -7.56 -7.97 -8.03 -8.00 -8.16 -8.44 -8.91 -9.25 -9.41 -9.56 -9.84 -10.09 -10.16 -10.06 -9.78 -9.78 -9.84
-9.28 -9.28 -9.25 -9.00 -8.72 -8.66 -8.41 -8.22 -7.91 -7.59 -7.31 -6.97 -6.72 -6.44 -6.19 -6.16 -5.91 -5.41 -5.00 -4.72 -4.69 -4.56 -4.38 -4.22 -4.00 -3.91 -3.97 -4.00 -4.12 -4.25 -4.50 -4.72 -4.78 -5.06 -5.44 -5.72 -6.03 -6.28 -6.47 -6.72 -6.88 -6.97 -6.88 -7.09 -7.31 -7.19 -7.16 -7.41 -7.41 -7.34 -7.47 -7.62 -7.66 -7.78 -7.84 -7.91 -7.62 -7.53 -7.75 -8.03 -8.12 -8.22 -8.44 -8.88 -9.34 -9.47 -9.47 -9.56 -9.78 -10.00 -10.06 -9.97 -9.91 -10.03 -10.22
-9.25 -9.09 -9.12 -9.00 -8.84 -8.78 -8.50 -8.12 -7.78 -7.56 -7.53 -7.25 -6.72 -6.34 -6.00 -5.88 -5.81 -5.69 -5.50 -5.22 -4.91 -4.88 -5.03 -4.88 -4.69 -4.66 -4.62 -4.75 -4.84 -4.81 -4.84 -5.06 -5.16 -5.53 -5.91 -6.09 -6.28 -6.53 -6.69 -6.84 -7.06 -7.25 -7.44 -7.62 -7.69 -7.53 -7.56 -7.84 -7.97 -8.06 -8.06 -8.06 -8.03 -8.12 -8.22 -8.31 -8.06 -7.75 -7.66 -7.81 -8.12 -8.38 -8.59 -9.03 -9.50 -9.62 -9.59 -9.50 -9.53 -9.75 -9.91 -9.81 -9.88 -10.06 -10.28
-9.38 -9.00 -9.00 -8.94 -8.84 -8.66 -8.34 -7.97 -7.72 -7.78 -7.72 -7.44 -7.00 -6.47 -6.03 -5.78 -5.91 -6.00 -5.81 -5.62 -5.47 -5.25 -5.25 -5.16 -4.91 -4.78 -4.78 -4.81 -4.84 -5.00 -5.09 -5.09 -5.31 -5.50 -5.88 -6.22 -6.56 -7.00 -7.06 -7.12 -7.25 -7.53 -8.03 -8.28 -8.28 -8.12 -8.16 -8.19 -8.34 -8.34 -8.47 -8.59 -8.59 -8.59 -8.62 -8.62 -8.34 -8.09 -8.09 -8.28 -8.47 -8.69 -8.84 -9.22 -9.53 -9.59 -9.47 -9.44 -9.53 -9.72 -9.91 -9.94 -9.78 -9.72 -10.00
-9.56 -9.31 -9.06 -9.06 -8.91 -8.72 -8.62 -8.34 -7.97 -7.91 -7.75 -7.47 -7.16 -6.88 -6.31 -6.12 -6.00 -6.06 -6.03 -5.94 -5.91 -5.81 -5.47 -5.38 -5.19 -5.09 -5.22 -5.38 -5.25 -5.12 -5.41 -5.69 -5.81 -5.88 -6.16 -6.59 -7.16 -7.59 -7.66 -7.62 -7.53 -7.78 -8.41 -8.75 -8.94 -8.66 -8.69 -8.78 -8.84 -8.72 -8.75 -9.00 -9.12 -9.09 -8.97 -8.78 -8.69 -8.66 -8.78 -8.81 -8.78 -9.03 -9.28 -9.50 -9.72 -9.81 -9.72 -9.69 -9.72 -9.75 -9.78 -9.88 -10.00 -9.91 -10.06
-9.72 -9.50 -9.19 -9.06 -9.03 -9.03 -8.91 -8.53 -8.16 -8.03 -7.84 -7.53 -7.28 -6.94 -6.53 -6.44 -6.34 -6.22 -6.25 -6.12 -6.00 -6.00 -5.56 -5.22 -5.31 -5.44 -5.56 -5.59 -5.69 -5.59 -5.69 -6.09 -6.47 -6.66 -6.72 -7.00 -7.47 -7.91 -7.94 -7.94 -7.97 -8.22 -8.69 -8.88 -8.91 -8.91 -9.22 -9.28 -9.06 -8.97 -9.03 -9.28 -9.47 -9.41 -9.31 -9.16 -8.97 -8.88 -9.00 -9.09 -9.12 -9.25 -9.50 -9.84 -10.22 -10.38 -10.28 -10.09 -10.06 -10.03 -10.16 -10.22 -10.38 -10.50 -10.53
-9.62 -9.44 -9.19 -9.03 -9.00 -9.16 -9.00 -8.66 -8.34 -8.00 -7.78 -7.59 -7.31 -7.12 -6.91 -6.72 -6.56 -6.31 -6.31 -6.25 -6.22 -6.09 -5.69 -5.53 -5.53 -5.66 -5.72 -5.59 -5.75 -5.91 -6.03 -6.56 -7.03 -7.38 -7.41 -7.53 -7.72 -8.00 -8.06 -8.12 -8.28 -8.56 -8.88 -8.91 -9.00 -9.34 -9.62 -9.56 -9.28 -9.03 -9.19 -9.62 -9.94 -9.97 -9.94 -9.75 -9.41 -9.22 -9.25 -9.44 -9.59 -9.53 -9.62 -9.94 -10.44 -10.69 -10.59 -10.56 -10.38 -10.38 -10.44 -10.56 -10.72 -10.75 -10.66
-9.34 -9.28 -9.16 -9.22 -9.25 -9.28 -9.16 -8.75 -8.19 -7.75 -7.47 -7.31 -7.31 -7.34 -7.31 -7.22 -6.88 -6.38 -6.31 -6.44 -6.66 -6.53 -6.25 -6.00 -5.62 -5.66 -5.78 -5.66 -6.00 -6.34 -6.47 -6.97 -7.41 -7.72 -7.94 -7.91 -7.81 -7.91 -8.22 -8.50 -8.72 -8.78 -8.91 -9.19 -9.47 -9.78 -9.94 -9.91 -9.66 -9.34 -9.41 -9.75 -10.09 -10.16 -10.19 -10.25 -9.97 -9.75 -9.59 -9.62 -9.88 -10.03 -10.00 -9.91 -10.16 -10.47 -10.50 -10.53 -10.41 -10.38 -10.50 -10.69 -10.84 -10.81 -10.66
