everonasctiles/Tile[4,45].asc
ncols 128
nrows 128
xllcorner 0
yllcorner 0
cellsize 2.0
NODATA_value  -9999
[rows 0 to 33 of 128, columns 0 to 76 of 128]
29.44 29.88 30.00 30.22 30.59 30.53 30.66 30.75 30.84 30.94 31.19 31.44 32.19 32.50 32.69 33.16 33.47 34.03 34.47 34.53 34.66 35.03 35.41 36.19 36.22 36.22 36.75 36.97 37.00 36.97 36.84 36.59 36.34 36.22 36.16 36.22 36.44 36.72 37.12 37.34 37.06 36.56 36.06 35.69 35.34 35.03 34.84 34.78 34.84 34.88 34.97 34.97 35.03 35.12 35.22 35.34 35.50 35.75 35.94 36.06 35.66 34.84 34.34 34.72 35.22 35.41 34.66 34.22 33.38 32.84 31.72 30.62 29.62 28.78 27.97 27.16 26.09
29.47 30.03 30.84 30.59 30.72 30.69 30.84 30.94 31.03 31.09 31.28 31.53 32.81 32.78 32.69 33.03 33.69 33.97 34.81 34.81 34.75 35.09 35.44 36.28 36.34 36.34 36.84 37.12 37.25 37.25 37.22 37.06 36.91 36.81 36.75 36.78 36.97 37.09 37.28 37.31 37.00 36.47 36.00 35.69 35.50 35.34 35.28 35.25 35.25 35.28 35.41 35.44 35.50 35.59 35.69 35.84 36.06 36.38 36.59 36.75 36.81 36.31 35.78 35.97 36.69 35.25 35.47 35.50 34.44 33.66 32.84 31.41 30.34 29.50 28.72 27.88 26.84
29.62 30.28 31.53 31.06 30.94 30.88 31.09 31.19 31.22 31.28 31.38 31.59 32.22 32.53 33.28 33.50 33.50 33.81 34.12 34.84 34.78 35.12 35.47 36.38 36.47 36.47 37.00 37.41 37.62 37.69 37.69 37.69 37.59 37.41 37.31 37.28 37.34 37.38 37.31 37.16 36.91 36.47 36.03 35.81 35.72 35.69 35.66 35.62 35.62 35.69 35.84 35.97 36.00 36.03 36.16 36.34 36.59 36.94 37.25 37.47 37.72 37.75 37.78 37.53 37.34 37.16 36.47 34.59 34.75 33.59 33.22 31.91 31.06 30.28 29.50 28.62 27.88
29.84 30.53 30.94 31.19 31.50 31.53 31.41 31.44 31.44 31.47 31.47 32.00 32.41 32.28 33.03 33.22 34.22 33.91 34.12 34.44 34.84 35.25 35.66 36.50 36.59 36.59 37.09 37.50 37.78 38.03 38.19 38.25 38.22 38.00 37.72 37.62 37.62 37.66 37.47 37.16 36.88 36.44 36.06 35.75 35.59 35.62 35.59 35.62 35.78 36.00 36.28 36.47 36.53 36.56 36.69 36.91 37.22 37.50 37.84 38.12 38.41 38.69 38.78 39.03 38.78 37.19 35.88 36.66 35.25 33.66 33.84 32.47 31.75 31.03 30.28 29.53 28.88
30.22 30.69 30.91 31.19 31.53 31.91 31.75 31.69 31.66 31.62 31.62 31.59 32.91 32.69 32.66 33.41 33.41 33.84 34.16 34.50 34.94 35.41 35.88 36.53 36.75 36.81 37.09 37.59 37.94 38.28 38.50 38.56 38.59 38.50 38.19 37.94 37.88 37.88 37.62 37.16 36.84 36.41 35.94 35.41 35.03 34.97 35.09 35.31 35.75 36.16 36.47 36.62 36.75 36.97 37.22 37.47 37.75 38.03 38.41 38.72 39.03 39.38 39.66 39.91 39.81 38.41 37.50 37.25 35.03 33.84 33.38 33.03 32.50 31.81 31.03 30.25 29.56
30.25 30.59 30.84 31.16 31.56 32.09 32.00 31.91 31.84 31.78 32.47 32.28 32.41 32.91 33.19 33.12 33.66 33.94 34.34 34.59 35.00 35.47 35.91 36.53 36.97 37.03 37.22 37.81 38.16 38.47 38.69 38.78 38.78 38.72 38.53 38.22 38.00 37.91 37.75 37.34 36.91 36.34 35.75 35.16 34.81 34.72 34.72 35.09 35.62 36.03 36.28 36.25 36.34 36.84 37.31 37.69 38.12 38.50 38.88 39.19 39.50 39.88 40.25 40.56 40.59 40.12 39.62 39.09 36.97 34.34 34.62 33.84 33.47 32.66 31.72 30.94 30.25
30.59 30.28 30.69 31.09 31.53 32.00 32.19 32.69 32.00 31.94 32.03 32.62 32.69 32.97 33.28 33.53 33.97 33.94 34.75 34.59 35.00 35.47 35.94 36.47 37.22 37.31 37.41 38.06 38.38 38.62 38.81 38.91 38.91 38.84 38.72 38.44 38.16 38.00 37.88 37.59 37.03 36.31 35.66 35.38 35.19 35.06 35.06 35.34 35.69 35.91 36.03 36.03 36.16 36.69 37.25 37.81 38.44 38.91 39.19 39.41 39.75 40.19 40.56 40.91 40.94 40.59 40.19 39.66 39.06 38.31 36.44 34.44 35.38 33.56 32.31 31.47 30.88
28.28 29.84 30.50 31.00 31.47 31.91 32.31 32.34 32.84 32.34 32.03 32.72 32.94 32.88 33.03 33.41 33.91 34.28 34.44 34.62 35.09 35.53 36.03 36.53 37.41 37.56 37.69 38.12 38.56 38.78 38.97 39.06 39.06 39.00 38.88 38.62 38.38 38.16 38.00 37.69 37.16 36.47 35.88 35.69 35.69 35.69 35.69 35.88 35.91 35.81 35.97 36.03 36.25 36.97 37.59 38.16 38.69 39.09 39.31 39.47 39.78 40.28 40.72 41.06 41.09 40.97 40.66 40.25 39.69 39.00 37.22 36.84 36.00 34.25 33.16 32.38 31.75
27.47 29.25 30.22 30.78 31.31 31.84 32.38 32.25 32.22 32.50 32.50 32.41 33.06 32.78 33.09 33.44 33.81 34.62 34.38 34.75 35.25 35.78 36.19 36.66 37.38 37.88 38.00 38.19 38.75 38.94 39.16 39.25 39.25 39.16 39.03 38.84 38.56 38.38 38.19 37.69 37.16 36.75 36.22 36.00 36.03 36.19 36.34 36.38 36.12 35.94 36.25 36.38 36.59 37.34 38.12 38.53 38.78 38.91 39.12 39.44 39.81 40.31 40.78 41.06 41.16 41.19 41.06 40.72 40.22 39.56 38.38 37.72 35.19 34.78 33.88 33.12 32.53
26.44 28.25 29.50 30.38 31.09 31.75 32.44 32.22 32.16 32.12 32.41 32.44 33.12 33.91 33.28 33.53 33.84 33.81 34.47 34.97 35.44 35.84 36.38 36.84 37.34 38.16 38.31 38.44 38.88 39.16 39.31 39.41 39.41 39.34 39.22 38.97 38.69 38.44 38.19 37.72 37.28 36.97 36.50 36.22 36.34 36.62 36.84 36.75 36.53 36.41 36.59 36.94 37.25 37.91 38.41 38.66 38.66 38.62 39.00 39.47 39.88 40.34 40.75 41.00 41.16 41.31 42.56 41.22 41.41 40.00 38.72 38.34 36.41 35.59 34.44 33.78 33.25
25.19 26.88 28.75 29.78 30.66 31.44 32.19 32.12 32.09 32.12 32.22 32.56 33.06 33.62 33.44 33.72 34.00 34.06 34.66 35.28 35.75 36.12 36.62 37.12 37.56 38.28 38.59 38.75 38.88 39.31 39.44 39.53 39.56 39.53 39.38 39.03 38.69 38.41 38.16 37.84 37.53 37.25 36.72 36.31 36.41 36.72 37.03 37.12 37.03 36.94 37.03 37.38 37.84 38.34 38.56 38.69 38.69 38.66 39.06 39.66 39.97 40.31 40.69 40.97 41.28 42.03 43.12 42.56 42.28 40.41 39.72 38.50 36.50 35.06 34.88 34.38 33.94
25.47 26.41 27.84 29.19 30.12 30.97 31.69 31.94 32.09 32.19 32.34 32.72 33.12 33.41 33.59 33.88 34.41 34.81 35.22 35.69 36.12 36.50 36.94 37.38 37.88 38.41 38.88 38.94 39.00 39.38 39.53 39.66 39.72 39.72 39.47 39.09 38.72 38.47 38.25 38.06 37.88 37.69 37.19 36.69 36.47 36.59 36.91 37.28 37.44 37.44 37.47 37.75 38.25 38.59 38.62 38.69 38.84 38.84 39.22 39.81 40.12 40.41 40.75 41.09 41.84 42.38 41.84 42.72 41.47 40.66 40.00 38.06 37.50 36.06 35.41 34.97 34.56
25.78 26.19 26.53 28.56 29.59 30.50 31.25 31.66 31.94 32.16 32.44 32.84 33.19 33.56 33.72 34.00 34.59 35.47 35.56 36.03 36.38 36.78 37.12 37.53 38.00 38.50 39.03 39.09 39.12 39.38 39.62 39.75 39.84 39.78 39.53 39.19 38.88 38.66 38.50 38.47 38.44 38.22 37.84 37.50 37.22 37.12 37.12 37.47 37.88 38.00 38.03 38.12 38.47 38.66 38.62 38.78 39.00 39.09 39.44 39.97 40.38 40.69 40.91 41.09 41.44 42.00 41.84 42.25 41.69 40.72 40.03 38.00 36.88 36.66 36.03 35.56 35.19
25.31 25.97 26.31 27.34 29.16 30.06 30.88 31.38 31.75 32.09 32.50 32.88 33.19 33.38 33.75 34.03 34.50 35.12 35.53 35.97 36.38 36.78 37.22 37.66 37.94 38.34 38.94 39.22 39.25 39.34 39.84 39.91 39.91 39.81 39.59 39.31 39.09 38.91 38.81 38.88 39.00 38.75 38.41 38.25 38.19 38.12 38.06 38.25 38.53 38.69 38.75 38.66 38.62 38.72 38.72 38.94 39.22 39.44 39.81 40.31 40.75 41.00 41.06 41.12 41.19 41.44 41.75 42.06 41.69 41.09 40.41 39.09 38.56 38.00 36.41 35.94 36.72
25.12 25.81 26.62 27.19 28.47 29.69 30.53 31.09 31.56 32.00 32.28 32.47 32.78 33.22 33.75 33.88 34.25 34.72 35.19 35.69 36.19 36.69 37.12 37.56 37.91 38.25 38.62 39.28 39.31 39.34 39.53 39.94 40.00 39.84 39.66 39.44 39.28 39.19 39.12 39.28 39.44 39.28 38.97 38.81 38.78 38.81 38.88 39.03 39.06 39.03 39.09 39.09 39.00 39.06 39.12 39.31 39.69 39.97 40.31 40.75 41.09 41.19 41.34 41.88 41.31 41.47 41.81 41.50 41.47 41.25 40.50 39.94 39.53 39.09 37.06 37.97 37.16
24.72 25.44 26.28 27.22 27.91 29.31 30.16 30.78 31.28 31.75 32.03 32.28 32.53 33.00 33.25 33.56 33.94 34.44 34.91 35.44 36.00 36.50 37.03 37.53 37.84 38.25 38.56 39.06 39.34 39.38 39.38 39.78 39.88 39.84 39.72 39.56 39.44 39.38 39.44 39.59 39.72 39.66 39.47 39.38 39.31 39.28 39.38 39.44 39.28 39.03 39.00 39.16 39.31 39.53 39.69 39.91 40.25 40.56 40.84 41.12 41.28 41.28 41.34 41.34 42.03 41.97 41.44 41.62 41.75 41.50 40.84 40.22 39.78 39.62 39.25 38.69 38.53
24.28 25.03 25.94 26.94 27.91 28.91 29.72 30.41 30.94 31.34 31.69 32.44 32.94 32.81 33.03 33.16 33.69 34.25 34.88 35.44 35.88 36.38 36.84 37.34 37.81 38.25 38.59 38.88 39.38 39.38 39.38 39.72 39.88 39.88 39.78 39.62 39.50 39.47 39.56 39.72 39.91 39.88 39.75 39.69 39.59 39.56 39.69 39.66 39.34 39.06 39.09 39.31 39.62 39.91 40.12 40.34 40.66 40.94 41.12 41.31 41.38 41.47 41.59 41.81 41.56 41.72 41.66 41.59 41.50 41.25 40.91 40.50 39.94 39.72 39.38 39.03 38.72
23.88 24.66 25.59 26.62 27.78 28.56 29.31 30.00 30.53 30.91 31.28 31.66 32.38 32.81 32.84 33.19 33.59 34.16 34.69 35.31 35.78 36.28 36.78 37.31 37.81 38.22 38.59 38.91 39.31 39.41 39.41 39.59 39.88 39.88 39.78 39.66 39.56 39.56 39.62 39.78 39.94 39.88 39.78 39.66 39.41 39.34 39.44 39.41 39.19 39.22 39.47 39.66 39.81 40.09 40.38 40.56 40.84 41.03 41.12 41.22 41.34 41.38 41.47 41.53 41.56 41.53 41.47 41.41 41.28 41.09 40.84 40.44 40.06 39.75 39.44 39.12 38.78
23.44 24.19 25.19 26.28 27.47 28.25 28.88 29.53 30.03 30.47 30.88 31.25 31.56 31.84 32.53 33.03 33.62 34.09 34.53 34.78 35.62 36.31 36.75 37.28 37.78 38.22 38.59 38.91 39.22 39.41 39.44 39.47 39.81 39.84 39.81 39.75 39.66 39.72 39.78 39.91 39.91 39.72 39.59 39.38 38.97 38.91 39.16 39.25 39.19 39.38 39.72 39.78 39.81 40.09 40.38 40.59 40.84 40.88 40.78 40.69 41.06 41.44 41.75 41.84 41.81 41.69 41.50 41.31 41.09 40.91 40.69 40.34 40.03 39.75 39.50 39.28 39.00
23.12 23.78 24.59 25.78 26.97 27.84 28.53 29.19 29.72 30.12 30.53 30.84 31.09 31.34 31.91 32.69 33.44 33.91 34.38 34.91 35.50 36.16 36.69 37.22 37.72 38.16 38.53 38.81 39.03 39.44 39.47 39.50 39.66 39.88 39.91 39.91 39.91 39.91 39.94 40.03 40.00 39.81 39.69 39.44 39.16 39.03 39.22 39.38 39.38 39.44 39.62 39.75 39.97 40.25 40.47 40.53 40.69 40.88 40.91 41.03 41.28 41.75 42.16 42.28 42.12 41.84 41.59 41.31 41.00 40.72 40.47 40.19 39.94 39.75 39.62 39.50 39.31
22.97 23.50 24.09 25.16 26.50 27.56 28.28 28.94 29.47 29.88 30.22 30.53 30.78 31.09 31.47 32.16 32.62 33.34 34.34 34.69 35.41 36.00 36.62 37.09 37.56 38.00 38.38 38.66 38.84 39.19 39.53 39.56 39.59 39.88 40.12 40.16 40.16 40.12 40.19 40.25 40.22 40.16 40.06 39.78 39.53 39.50 39.44 39.47 39.47 39.41 39.47 39.81 40.22 40.47 40.62 40.66 40.94 41.31 41.34 41.47 41.75 42.25 42.75 42.75 42.41 42.06 41.69 41.38 41.00 40.69 40.41 40.09 39.88 39.75 39.78 39.78 39.66
22.69 23.31 23.78 24.75 26.16 27.31 28.06 28.75 29.34 29.66 29.94 30.19 30.47 30.78 31.19 31.75 32.34 32.78 33.28 34.25 35.12 35.78 36.28 36.94 37.41 37.81 38.16 38.41 38.66 38.88 39.44 39.59 39.62 39.75 40.25 40.41 40.47 40.47 40.53 40.56 40.56 40.47 40.31 40.03 39.91 39.81 39.78 39.75 39.78 39.75 39.78 40.12 40.38 40.56 40.75 40.94 41.38 41.91 41.91 42.03 42.31 42.44 43.31 43.06 42.62 42.22 41.84 41.50 41.16 40.81 40.50 40.22 39.97 39.91 40.00 40.03 39.94
22.25 22.91 23.44 24.44 25.84 27.03 27.81 28.59 29.16 29.38 29.59 29.84 30.06 30.50 31.03 31.62 32.12 32.59 33.19 33.97 34.72 35.47 36.06 36.72 37.16 37.56 37.91 38.19 38.44 38.69 39.00 39.59 39.69 39.97 40.34 40.50 40.66 40.72 40.78 40.84 40.75 40.69 40.38 40.12 40.09 40.16 40.16 40.19 40.38 40.41 40.34 40.44 40.50 40.66 40.94 41.28 41.78 42.22 42.25 42.31 42.53 42.62 43.44 43.00 42.66 42.31 42.03 41.69 41.38 41.03 40.72 40.47 40.28 40.22 40.09 40.16 40.09
21.91 22.41 23.09 24.22 25.53 26.72 27.66 28.47 28.94 29.06 29.25 29.53 29.84 30.38 30.97 31.47 32.03 32.56 33.16 33.81 34.53 35.22 35.88 36.50 36.91 37.31 37.62 37.94 38.22 38.50 39.00 39.50 39.84 40.16 40.28 40.47 40.78 40.88 40.94 41.00 40.88 40.88 40.59 40.38 40.31 40.38 40.44 40.50 40.66 40.59 40.72 40.72 40.78 40.94 41.19 41.56 42.00 42.34 42.41 42.44 42.59 42.66 42.78 42.78 42.62 42.44 42.19 41.94 41.62 41.31 41.03 40.81 40.72 40.59 40.34 40.12 39.84
22.00 22.41 23.19 24.31 25.44 26.50 27.59 28.38 28.66 28.69 28.84 29.25 29.78 30.38 30.94 31.44 32.00 32.59 33.16 33.75 34.41 35.06 35.69 36.22 36.66 37.03 37.38 37.69 38.00 38.34 39.00 39.81 40.12 40.31 40.41 40.50 40.78 40.97 41.03 41.03 40.97 40.88 40.75 40.59 40.44 40.41 40.47 40.59 40.72 40.72 40.84 41.00 41.16 41.34 41.50 41.72 42.03 42.41 42.59 42.69 42.69 42.59 42.66 42.72 42.69 42.56 42.41 42.16 41.88 41.59 41.38 41.22 41.09 40.88 40.47 39.97 39.50
22.12 22.56 23.38 24.41 25.34 26.25 27.31 28.00 28.16 28.19 28.44 28.94 29.59 30.34 31.00 31.56 32.12 32.59 33.12 33.69 34.31 34.91 35.47 36.00 36.38 36.72 37.06 37.41 37.75 38.16 38.75 39.59 40.25 40.38 40.53 40.62 40.72 41.00 41.12 41.16 41.12 41.00 40.88 40.75 40.69 40.69 40.75 40.84 40.97 41.12 41.19 41.38 41.53 41.59 41.66 41.84 42.16 42.50 42.75 42.97 43.03 42.88 42.84 42.84 42.84 42.75 42.56 42.34 42.09 41.84 41.66 41.53 41.38 41.03 40.41 39.78 39.19
21.97 22.44 23.25 24.12 25.06 25.97 26.84 27.28 27.44 27.66 28.06 28.69 29.41 30.25 31.03 31.62 32.25 32.56 33.03 33.59 34.12 34.75 35.22 35.66 36.03 36.44 36.78 37.12 37.47 37.94 38.44 39.19 39.88 40.34 40.59 40.72 40.81 40.91 41.12 41.22 41.25 41.22 41.19 41.12 41.16 41.25 41.34 41.44 41.56 41.69 41.78 41.84 41.84 41.84 41.91 42.06 42.38 42.62 42.88 43.12 43.28 43.28 43.16 43.06 43.00 42.84 42.66 42.44 42.22 42.00 41.84 41.72 41.50 41.00 40.31 39.72 39.12
21.97 22.44 23.03 23.72 24.59 25.47 26.25 26.56 26.78 27.12 27.62 28.28 29.12 30.06 30.97 31.56 32.09 32.38 32.78 33.31 33.81 34.34 34.81 35.28 35.72 36.12 36.50 36.84 37.19 37.69 38.22 38.81 39.50 40.34 40.66 40.81 40.91 40.97 41.03 41.09 41.28 41.34 41.38 41.44 41.53 41.62 41.75 41.91 42.03 42.09 42.12 42.12 42.12 42.16 42.22 42.38 42.56 42.81 43.03 43.19 43.34 43.41 43.31 43.22 43.09 42.84 42.62 42.44 42.22 42.00 41.84 41.69 41.44 40.94 40.31 39.88 39.34
21.91 22.31 22.81 23.38 24.19 25.03 25.69 26.06 26.34 26.66 27.16 27.88 28.88 29.88 30.69 31.16 31.62 31.94 32.34 32.81 33.31 33.84 34.41 34.94 35.41 35.81 36.19 36.56 36.91 37.34 37.88 38.44 39.09 39.97 40.41 40.47 40.91 41.00 41.03 41.06 41.06 41.16 41.31 41.44 41.56 41.69 41.84 42.00 42.12 42.19 42.25 42.28 42.34 42.38 42.47 42.59 42.78 42.94 43.12 43.25 43.34 43.41 43.38 43.25 43.06 42.75 42.47 42.25 42.06 41.88 41.69 41.56 41.34 40.97 40.50 40.22 39.81
21.78 22.16 22.53 23.03 23.62 24.50 25.19 25.69 26.06 26.41 26.91 27.62 28.59 29.59 30.25 30.62 30.97 31.31 31.72 32.19 32.75 33.34 33.94 34.53 35.03 35.47 35.88 36.22 36.56 36.94 37.38 37.84 38.38 39.06 39.66 39.94 40.34 40.91 41.06 41.06 41.06 41.06 41.09 41.19 41.44 41.62 41.78 41.94 42.06 42.16 42.25 42.34 42.44 42.53 42.62 42.75 42.91 43.03 43.19 43.28 43.38 43.41 43.38 43.19 42.88 42.53 42.22 42.00 41.81 41.62 41.47 41.34 41.25 41.03 40.75 40.50 40.28
21.62 21.94 22.28 22.62 23.22 24.00 24.78 25.22 25.59 26.12 26.75 27.50 28.47 29.28 29.72 30.03 30.28 30.66 31.03 31.66 32.25 32.84 33.47 34.06 34.62 35.09 35.50 35.84 36.16 36.47 36.81 37.22 37.62 38.16 38.75 39.34 39.94 40.66 40.88 41.00 41.06 41.06 41.09 41.12 41.19 41.31 41.59 41.81 41.94 42.06 42.19 42.31 42.44 42.53 42.69 42.81 42.94 43.06 43.19 43.28 43.34 43.38 43.31 43.06 42.62 42.25 41.94 41.69 41.47 41.31 41.19 41.09 41.03 40.94 40.81 40.66 40.53
21.41 21.72 22.00 22.28 22.91 23.66 24.34 24.81 25.28 25.84 26.56 27.47 28.38 29.06 29.34 29.56 29.69 29.94 30.56 31.16 31.75 32.34 33.00 33.62 34.19 34.69 35.12 35.44 35.75 36.00 36.28 36.59 36.94 37.41 37.94 38.50 39.28 40.19 40.69 40.62 40.78 41.03 41.12 41.16 41.19 41.25 41.31 41.44 41.69 41.94 42.06 42.22 42.34 42.50 42.62 42.78 42.91 43.03 43.16 43.25 43.28 43.28 43.16 42.81 42.34 41.97 41.66 41.41 41.22 41.06 40.91 40.81 40.72 40.69 40.72 40.69 40.66
21.19 21.53 21.72 22.12 22.78 23.50 24.09 24.72 25.28 25.78 26.53 27.47 28.34 28.94 29.19 29.31 29.44 29.69 30.16 30.72 31.31 31.94 32.56 33.22 33.81 34.31 34.69 34.97 35.22 35.47 35.69 35.97 36.31 36.72 37.22 37.78 38.53 39.41 40.00 40.34 40.72 41.12 41.25 41.19 41.22 41.28 41.34 41.41 41.47 41.50 41.78 42.03 42.19 42.34 42.50 42.66 42.78 42.94 43.03 43.12 43.19 43.12 42.97 42.59 42.12 41.78 41.47 41.25 41.03 40.84 40.72 40.62 40.53 40.50 40.62 40.72 40.78
20.97 21.31 21.50 22.03 22.72 23.38 24.03 24.62 25.19 25.81 26.53 27.41 28.34 28.66 29.03 29.19 29.38 29.56 30.00 30.44 31.00 31.62 32.25 32.91 33.50 33.94 34.19 34.28 34.41 34.69 34.94 35.25 35.66 36.12 36.59 37.16 37.88 38.62 39.28 39.91 40.59 41.22 41.38 41.31 41.09 41.19 41.38 41.44 41.47 41.47 41.47 41.53 41.88 42.12 42.31 42.47 42.59 42.75 42.88 42.97 43.00 42.97 42.78 42.44 42.00 41.66 41.38 41.19 41.06 40.97 40.84 40.72 40.59 40.53 40.59 40.72 40.81
