everonasctiles/Tile[18,31].asc
ncols 128
nrows 128
xllcorner 0
yllcorner 0
cellsize 2.0
NODATA_value  -9999
[rows 64 to 95 of 128, columns 0 to 70 of 128]
120.97 121.62 121.84 121.84 121.84 121.84 121.84 121.84 121.84 121.84 122.00 123.41 123.59 123.69 123.69 123.66 123.59 123.62 123.69 123.81 123.91 124.03 124.16 124.25 124.38 124.47 124.56 124.66 124.78 124.88 124.94 125.03 125.06 125.12 125.19 125.22 125.28 125.34 125.38 125.44 125.50 125.69 126.03 126.34 126.38 126.16 125.88 125.75 125.78 125.84 125.94 126.06 126.19 126.34 126.50 126.66 126.81 126.88 126.94 126.97 126.94 126.91 126.81 126.72 126.53 126.34 126.12 125.91 125.69 125.47 125.25
120.97 121.50 121.81 121.81 121.81 121.81 121.81 121.81 121.81 121.81 121.88 123.41 123.62 123.72 123.72 123.69 123.66 123.62 123.69 123.78 123.91 124.03 124.16 124.25 124.34 124.44 124.56 124.66 124.75 124.84 124.94 125.00 125.06 125.12 125.19 125.25 125.31 125.34 125.38 125.44 125.50 125.66 126.00 126.31 126.41 126.19 125.91 125.75 125.78 125.81 125.91 126.00 126.12 126.31 126.47 126.62 126.78 126.88 126.94 126.97 126.94 126.91 126.84 126.72 126.56 126.34 126.12 125.91 125.69 125.44 125.25
120.94 121.41 121.81 121.81 121.81 121.78 121.78 121.78 121.78 121.78 121.81 123.38 123.69 123.75 123.78 123.72 123.69 123.66 123.69 123.78 123.88 124.00 124.12 124.22 124.31 124.44 124.53 124.62 124.75 124.84 124.91 125.00 125.06 125.16 125.19 125.25 125.31 125.34 125.41 125.44 125.50 125.62 125.88 126.16 126.22 126.09 125.88 125.78 125.78 125.81 125.91 125.97 126.06 126.25 126.41 126.59 126.75 126.88 126.94 127.00 127.00 126.97 126.88 126.75 126.56 126.38 126.09 125.84 125.62 125.44 125.28
120.94 121.31 121.78 121.78 121.78 121.78 121.78 121.78 121.75 121.75 121.75 123.34 123.72 123.81 123.81 123.78 123.72 123.69 123.69 123.75 123.88 123.97 124.09 124.19 124.31 124.41 124.50 124.62 124.72 124.81 124.91 125.00 125.06 125.12 125.19 125.25 125.31 125.34 125.41 125.44 125.50 125.56 125.72 125.91 126.00 126.00 125.88 125.81 125.78 125.81 125.88 125.94 126.06 126.22 126.38 126.56 126.72 126.84 126.94 127.00 127.00 126.97 126.91 126.78 126.62 126.41 126.09 125.84 125.62 125.50 125.34
120.94 121.25 121.75 121.75 121.75 121.75 121.75 121.75 121.75 121.75 121.75 123.25 123.78 123.84 123.84 123.81 123.75 123.69 123.69 123.75 123.84 123.94 124.06 124.19 124.28 124.38 124.47 124.59 124.69 124.78 124.91 124.97 125.06 125.12 125.19 125.25 125.31 125.34 125.41 125.44 125.47 125.53 125.62 125.75 125.88 125.91 125.88 125.81 125.78 125.84 125.91 125.97 126.06 126.22 126.34 126.50 126.66 126.81 126.91 126.97 127.00 127.00 126.94 126.81 126.62 126.41 126.19 125.94 125.72 125.59 125.47
120.94 121.19 121.75 121.72 121.72 121.72 121.72 121.72 121.72 121.72 121.72 123.06 123.81 123.88 123.88 123.84 123.75 123.72 123.69 123.72 123.81 123.94 124.03 124.16 124.25 124.34 124.47 124.56 124.66 124.78 124.84 124.94 125.03 125.12 125.19 125.25 125.31 125.34 125.38 125.44 125.47 125.50 125.56 125.69 125.84 125.97 125.94 125.88 125.84 125.88 125.94 125.97 126.06 126.16 126.28 126.44 126.62 126.75 126.84 126.94 126.97 126.97 126.91 126.81 126.66 126.44 126.25 125.97 125.81 125.69 125.59
120.91 121.12 121.72 121.72 121.69 121.69 121.69 121.69 121.69 121.69 121.69 122.81 123.88 123.94 123.91 123.84 123.78 123.69 123.66 123.69 123.78 123.91 124.00 124.12 124.22 124.31 124.44 124.53 124.62 124.72 124.84 124.91 125.00 125.09 125.16 125.22 125.28 125.34 125.38 125.41 125.47 125.50 125.53 125.69 125.84 125.97 125.97 125.91 125.84 125.94 125.97 126.03 126.06 126.12 126.25 126.38 126.50 126.66 126.75 126.84 126.88 126.88 126.88 126.78 126.62 126.50 126.31 126.06 125.97 125.81 125.75
120.88 121.09 121.69 121.69 121.69 121.69 121.69 121.66 121.66 121.66 121.66 122.41 123.91 123.97 123.94 123.88 123.78 123.69 123.66 123.66 123.75 123.88 124.00 124.09 124.19 124.31 124.41 124.50 124.62 124.69 124.78 124.88 124.97 125.06 125.12 125.19 125.25 125.31 125.34 125.41 125.44 125.50 125.53 125.69 125.84 125.97 125.94 125.94 125.91 125.97 126.00 126.03 126.09 126.12 126.19 126.25 126.41 126.50 126.62 126.69 126.75 126.78 126.78 126.75 126.62 126.50 126.34 126.22 126.06 126.06 126.03
120.88 121.06 121.62 121.66 121.66 121.66 121.62 121.62 121.62 121.62 121.62 121.97 123.91 123.97 123.94 123.88 123.78 123.69 123.62 123.62 123.75 123.84 123.97 124.06 124.19 124.28 124.38 124.47 124.56 124.66 124.75 124.84 124.94 125.00 125.09 125.16 125.22 125.28 125.34 125.38 125.44 125.47 125.53 125.69 125.84 125.94 125.94 125.91 125.94 126.00 126.03 126.06 126.09 126.12 126.16 126.19 126.22 126.34 126.44 126.53 126.59 126.66 126.66 126.66 126.59 126.50 126.41 126.31 126.22 126.25 126.22
120.84 121.03 121.53 121.62 121.62 121.59 121.59 121.59 121.59 121.59 121.56 121.66 123.81 123.97 123.94 123.88 123.78 123.69 123.62 123.62 123.72 123.84 123.94 124.03 124.16 124.25 124.34 124.44 124.53 124.62 124.72 124.81 124.91 124.97 125.06 125.12 125.19 125.25 125.31 125.34 125.41 125.47 125.56 125.75 125.91 126.00 125.94 125.91 125.94 126.00 126.03 126.06 126.09 126.09 126.09 126.09 126.12 126.19 126.25 126.38 126.44 126.50 126.53 126.56 126.56 126.50 126.44 126.41 126.38 126.41 126.47
120.81 121.00 121.41 121.59 121.56 121.56 121.56 121.56 121.56 121.53 121.53 121.53 123.62 123.94 123.91 123.84 123.78 123.69 123.59 123.59 123.69 123.81 123.91 124.00 124.12 124.19 124.31 124.41 124.50 124.59 124.69 124.78 124.84 124.94 125.00 125.06 125.16 125.22 125.28 125.34 125.41 125.44 125.59 125.84 126.03 126.06 125.97 125.91 125.94 125.97 126.03 126.06 126.06 126.03 126.03 126.03 126.00 126.00 126.06 126.09 126.22 126.34 126.41 126.44 126.47 126.47 126.44 126.44 126.47 126.53 126.62
120.78 120.97 121.28 121.53 121.53 121.53 121.53 121.53 121.50 121.50 121.50 121.50 123.25 123.88 123.88 123.81 123.75 123.66 123.59 123.56 123.66 123.75 123.88 123.97 124.06 124.19 124.28 124.38 124.47 124.56 124.66 124.75 124.81 124.91 124.97 125.06 125.12 125.19 125.25 125.31 125.38 125.41 125.59 125.81 126.03 126.03 125.94 125.84 125.88 125.94 125.97 126.00 126.00 126.00 125.97 125.94 125.91 125.91 125.91 125.94 126.03 126.12 126.22 126.31 126.38 126.38 126.41 126.44 126.47 126.56 126.69
120.72 120.91 121.16 121.53 121.50 121.50 121.50 121.47 121.47 121.47 121.47 121.47 122.69 123.81 123.81 123.78 123.72 123.66 123.56 123.53 123.62 123.75 123.84 123.94 124.03 124.16 124.25 124.34 124.44 124.53 124.62 124.72 124.78 124.88 124.94 125.03 125.09 125.16 125.22 125.28 125.34 125.38 125.50 125.69 125.84 125.84 125.78 125.75 125.81 125.84 125.91 125.94 125.94 125.94 125.91 125.84 125.81 125.81 125.81 125.81 125.88 125.94 126.03 126.12 126.22 126.28 126.31 126.38 126.47 126.56 126.69
120.69 120.88 121.09 121.53 121.47 121.47 121.44 121.44 121.44 121.44 121.44 121.41 122.12 123.69 123.75 123.72 123.69 123.62 123.53 123.50 123.59 123.69 123.81 123.91 124.00 124.12 124.19 124.31 124.41 124.50 124.59 124.69 124.75 124.84 124.91 125.00 125.06 125.12 125.19 125.22 125.28 125.34 125.41 125.50 125.59 125.62 125.62 125.66 125.69 125.72 125.78 125.81 125.84 125.84 125.84 125.78 125.72 125.69 125.66 125.66 125.69 125.78 125.88 125.97 126.06 126.12 126.19 126.28 126.41 126.53 126.66
120.66 120.84 121.00 121.47 121.44 121.41 121.41 121.41 121.41 121.41 121.38 121.38 121.66 123.56 123.66 123.66 123.66 123.59 123.53 123.47 123.56 123.66 123.75 123.88 123.97 124.06 124.19 124.28 124.38 124.47 124.56 124.62 124.72 124.81 124.88 124.94 125.00 125.06 125.12 125.16 125.19 125.25 125.28 125.34 125.41 125.47 125.50 125.53 125.59 125.62 125.66 125.72 125.75 125.78 125.75 125.72 125.66 125.62 125.56 125.56 125.56 125.66 125.72 125.81 125.91 125.97 126.09 126.19 126.28 126.44 126.59
120.59 120.78 120.97 121.41 121.41 121.38 121.38 121.38 121.38 121.34 121.34 121.34 121.41 123.41 123.59 123.59 123.59 123.56 123.50 123.47 123.53 123.62 123.75 123.84 123.94 124.03 124.16 124.25 124.34 124.44 124.53 124.62 124.69 124.78 124.81 124.88 124.94 125.00 125.06 125.09 125.12 125.16 125.22 125.22 125.28 125.34 125.38 125.41 125.47 125.50 125.53 125.59 125.62 125.66 125.66 125.62 125.56 125.53 125.50 125.47 125.47 125.50 125.59 125.69 125.75 125.88 125.97 126.06 126.19 126.31 126.47
120.53 120.72 120.91 121.28 121.34 121.34 121.34 121.34 121.31 121.31 121.31 121.31 121.31 123.16 123.50 123.53 123.56 123.53 123.47 123.47 123.50 123.59 123.69 123.81 123.91 124.03 124.12 124.22 124.31 124.44 124.50 124.59 124.66 124.72 124.78 124.81 124.88 124.91 124.97 125.00 125.06 125.09 125.12 125.19 125.22 125.25 125.28 125.31 125.34 125.38 125.44 125.47 125.50 125.53 125.53 125.53 125.50 125.44 125.38 125.34 125.34 125.38 125.44 125.53 125.66 125.75 125.84 125.94 126.09 126.22 126.38
120.47 120.66 120.84 121.12 121.31 121.31 121.31 121.31 121.28 121.28 121.28 121.28 121.25 122.78 123.44 123.50 123.50 123.47 123.44 123.44 123.47 123.56 123.66 123.75 123.88 123.97 124.09 124.19 124.28 124.38 124.47 124.53 124.62 124.66 124.72 124.75 124.81 124.84 124.91 124.94 124.97 125.03 125.06 125.09 125.12 125.16 125.19 125.25 125.28 125.31 125.34 125.38 125.41 125.41 125.44 125.41 125.41 125.34 125.28 125.28 125.25 125.28 125.34 125.44 125.53 125.62 125.75 125.88 126.00 126.16 126.31
120.44 120.59 120.78 121.00 121.31 121.28 121.28 121.25 121.25 121.25 121.25 121.22 121.22 122.25 123.34 123.44 123.44 123.44 123.41 123.41 123.44 123.53 123.62 123.75 123.84 123.94 124.06 124.16 124.25 124.34 124.44 124.50 124.56 124.62 124.66 124.72 124.75 124.78 124.84 124.88 124.91 124.97 125.00 125.03 125.06 125.09 125.12 125.16 125.19 125.25 125.25 125.28 125.31 125.31 125.31 125.31 125.28 125.25 125.22 125.19 125.19 125.19 125.25 125.31 125.44 125.53 125.62 125.78 125.94 126.06 126.28
120.38 120.53 120.72 120.91 121.31 121.25 121.22 121.22 121.22 121.22 121.22 121.19 121.19 121.75 123.28 123.38 123.41 123.38 123.38 123.34 123.38 123.50 123.59 123.69 123.81 123.91 124.03 124.12 124.22 124.31 124.41 124.47 124.53 124.59 124.62 124.66 124.72 124.75 124.78 124.81 124.88 124.91 124.94 124.97 125.00 125.03 125.06 125.09 125.12 125.16 125.19 125.22 125.22 125.22 125.19 125.19 125.16 125.16 125.12 125.09 125.09 125.12 125.19 125.25 125.34 125.47 125.59 125.72 125.88 126.06 126.25
120.31 120.50 120.66 120.84 121.28 121.19 121.19 121.19 121.19 121.19 121.16 121.16 121.16 121.38 123.19 123.31 123.34 123.34 123.31 123.28 123.34 123.44 123.56 123.69 123.78 123.91 124.00 124.12 124.22 124.31 124.38 124.44 124.50 124.56 124.59 124.62 124.66 124.69 124.75 124.78 124.81 124.84 124.88 124.91 124.94 124.97 125.00 125.03 125.06 125.12 125.12 125.16 125.16 125.12 125.12 125.09 125.06 125.06 125.03 125.03 125.06 125.09 125.16 125.22 125.34 125.44 125.56 125.72 125.91 126.06 126.25
120.25 120.44 120.62 120.78 121.19 121.16 121.16 121.16 121.16 121.12 121.12 121.12 121.12 121.16 123.03 123.28 123.31 123.28 123.25 123.22 123.31 123.41 123.53 123.66 123.75 123.88 124.00 124.09 124.19 124.28 124.34 124.44 124.47 124.53 124.56 124.59 124.62 124.69 124.72 124.75 124.78 124.81 124.84 124.88 124.88 124.91 124.94 125.00 125.06 125.06 125.09 125.09 125.09 125.09 125.06 125.03 125.00 124.97 124.97 125.00 125.03 125.06 125.12 125.22 125.34 125.44 125.56 125.75 125.91 126.09 126.31
120.22 120.38 120.56 120.72 121.06 121.12 121.12 121.12 121.09 121.09 121.09 121.09 121.09 121.06 122.84 123.25 123.28 123.25 123.19 123.19 123.28 123.38 123.50 123.62 123.75 123.88 123.97 124.09 124.19 124.28 124.34 124.41 124.47 124.53 124.56 124.59 124.62 124.66 124.72 124.75 124.78 124.78 124.81 124.84 124.84 124.88 124.94 124.97 125.03 125.06 125.06 125.06 125.06 125.03 125.00 125.00 124.97 124.94 124.94 124.97 125.00 125.09 125.19 125.28 125.38 125.50 125.66 125.81 125.97 126.16 126.34
120.16 120.31 120.50 120.66 120.94 121.09 121.09 121.06 121.06 121.06 121.06 121.06 121.03 121.03 122.44 123.19 123.25 123.22 123.16 123.16 123.22 123.34 123.50 123.62 123.75 123.84 123.97 124.06 124.19 124.25 124.34 124.41 124.47 124.53 124.56 124.62 124.66 124.72 124.75 124.75 124.78 124.78 124.81 124.81 124.84 124.88 124.94 125.00 125.03 125.06 125.06 125.06 125.09 125.06 125.00 125.03 124.97 124.94 124.94 124.97 125.03 125.09 125.22 125.34 125.50 125.62 125.78 125.88 126.06 126.22 126.41
120.09 120.25 120.44 120.59 120.81 121.12 121.03 121.03 121.03 121.03 121.03 121.00 121.00 121.00 121.91 123.16 123.22 123.22 123.16 123.12 123.19 123.31 123.47 123.59 123.75 123.84 123.97 124.06 124.19 124.28 124.34 124.44 124.50 124.56 124.62 124.69 124.75 124.78 124.81 124.81 124.81 124.84 124.84 124.88 124.91 124.94 124.97 125.03 125.06 125.09 125.09 125.12 125.12 125.12 125.06 125.06 125.03 125.00 125.03 125.03 125.06 125.16 125.25 125.41 125.56 125.72 125.88 126.00 126.16 126.31 126.50
120.00 120.19 120.34 120.53 120.69 121.12 121.00 121.00 121.00 121.00 120.97 120.97 120.97 120.97 121.44 123.16 123.22 123.19 123.16 123.12 123.16 123.31 123.44 123.59 123.72 123.88 123.97 124.09 124.19 124.28 124.38 124.47 124.56 124.62 124.69 124.78 124.81 124.84 124.91 124.91 124.91 124.91 124.91 124.91 124.94 125.03 125.06 125.09 125.12 125.16 125.19 125.19 125.22 125.19 125.19 125.19 125.12 125.09 125.09 125.09 125.12 125.22 125.34 125.50 125.66 125.81 125.97 126.12 126.22 126.38 126.56
119.94 120.12 120.28 120.44 120.62 121.09 120.97 120.97 120.97 120.94 120.94 120.94 120.94 120.94 121.09 123.09 123.22 123.19 123.16 123.16 123.19 123.28 123.44 123.59 123.72 123.88 124.00 124.12 124.22 124.31 124.41 124.50 124.62 124.72 124.78 124.91 124.97 124.97 125.00 125.00 125.00 124.97 125.00 125.06 125.09 125.09 125.19 125.19 125.22 125.25 125.28 125.31 125.31 125.31 125.31 125.31 125.28 125.22 125.22 125.19 125.22 125.28 125.41 125.56 125.75 125.94 126.09 126.25 126.38 126.56 126.72
119.88 120.03 120.22 120.38 120.56 120.97 120.94 120.94 120.91 120.91 120.91 120.91 120.91 120.88 120.91 122.97 123.19 123.19 123.16 123.12 123.16 123.25 123.41 123.56 123.72 123.91 124.03 124.16 124.28 124.38 124.47 124.56 124.72 124.84 124.91 125.06 125.16 125.12 125.16 125.06 125.06 125.09 125.12 125.16 125.22 125.28 125.31 125.34 125.34 125.38 125.41 125.50 125.50 125.47 125.47 125.41 125.41 125.34 125.31 125.25 125.28 125.38 125.44 125.59 125.78 126.00 126.22 126.38 126.56 126.72 126.88
119.78 119.97 120.12 120.28 120.50 120.81 120.91 120.88 120.88 120.88 120.88 120.88 120.84 120.84 120.84 122.72 123.19 123.12 123.09 123.09 123.12 123.22 123.38 123.53 123.72 123.91 124.09 124.19 124.34 124.47 124.56 124.69 124.78 124.94 125.16 125.25 125.31 125.34 125.31 125.25 125.16 125.19 125.25 125.34 125.34 125.47 125.53 125.56 125.62 125.66 125.62 125.72 125.72 125.72 125.69 125.66 125.56 125.47 125.41 125.38 125.34 125.44 125.50 125.66 125.84 126.03 126.28 126.47 126.66 126.88 127.03
119.72 119.91 120.06 120.25 120.41 120.66 120.88 120.84 120.84 120.84 120.84 120.81 120.81 120.81 120.81 122.19 123.12 123.06 123.03 123.03 123.09 123.19 123.34 123.53 123.75 123.94 124.16 124.31 124.44 124.56 124.69 124.88 124.97 125.19 125.34 125.44 125.50 125.50 125.44 125.38 125.34 125.38 125.41 125.50 125.59 125.69 125.75 125.78 125.88 125.88 125.94 125.94 125.91 125.91 125.88 125.78 125.69 125.56 125.47 125.44 125.44 125.47 125.59 125.72 125.88 126.06 126.34 126.56 126.75 126.94 127.12
119.69 119.84 120.00 120.16 120.34 120.56 120.91 120.81 120.81 120.81 120.78 120.78 120.78 120.78 120.78 121.59 123.00 122.94 122.94 122.94 123.03 123.16 123.31 123.53 123.75 124.00 124.25 124.47 124.62 124.78 124.91 125.09 125.25 125.41 125.53 125.59 125.62 125.62 125.53 125.47 125.47 125.50 125.56 125.62 125.75 125.84 125.94 126.03 126.06 126.12 126.12 126.16 126.12 126.06 126.03 125.94 125.78 125.66 125.56 125.50 125.50 125.53 125.62 125.75 125.94 126.16 126.38 126.53 126.78 126.97 127.19
119.69 119.78 119.94 120.09 120.28 120.44 120.91 120.78 120.78 120.75 120.75 120.75 120.75 120.75 120.72 121.06 122.78 122.75 122.78 122.81 122.94 123.09 123.28 123.50 123.78 124.00 124.31 124.56 124.78 124.97 125.09 125.28 125.47 125.59 125.69 125.75 125.75 125.72 125.66 125.59 125.59 125.59 125.62 125.72 125.84 125.97 126.09 126.19 126.25 126.28 126.34 126.34 126.28 126.22 126.12 126.00 125.84 125.72 125.59 125.59 125.56 125.59 125.69 125.81 125.97 126.19 126.41 126.59 126.78 127.03 127.22
