everonasctiles/Tile45,18.asc
ncols 128
nrows 128
xllcorner 0
yllcorner 0
cellsize 2.0
NODATA_value  -9999
[rows 0 to 28 of 128, columns 0 to 66 of 128]
-135.97 -136.12 -136.25 -136.31 -136.38 -136.38 -136.28 -136.12 -135.88 -135.59 -135.19 -134.72 -134.28 -134.06 -133.91 -133.72 -133.44 -133.09 -132.72 -132.22 -131.66 -131.06 -130.44 -129.78 -129.09 -128.44 -127.88 -127.12 -125.78 -124.53 -123.88 -124.19 -125.03 -125.69 -126.00 -126.19 -126.25 -126.16 -126.03 -125.88 -125.72 -125.59 -125.50 -125.41 -125.38 -125.31 -125.25 -125.12 -124.91 -124.78 -124.88 -124.88 -124.78 -124.59 -124.31 -123.84 -123.59 -123.84 -124.12 -124.34 -124.62 -124.88 -125.16 -125.38 -125.53 -125.62 -125.66
-135.81 -135.97 -136.09 -136.16 -136.19 -136.19 -136.12 -135.97 -135.75 -135.44 -135.03 -134.44 -133.69 -133.25 -133.22 -133.12 -132.91 -132.59 -132.22 -131.78 -131.22 -130.59 -129.94 -129.28 -128.62 -128.00 -127.44 -126.66 -125.34 -124.09 -123.41 -123.75 -124.66 -125.19 -125.50 -125.69 -125.72 -125.66 -125.56 -125.47 -125.34 -125.25 -125.19 -125.12 -125.03 -124.94 -124.84 -124.78 -124.94 -125.16 -125.28 -125.25 -125.12 -124.94 -124.66 -124.16 -123.72 -123.69 -124.03 -124.31 -124.62 -124.91 -125.22 -125.50 -125.75 -125.88 -125.94
-135.66 -135.81 -135.94 -135.97 -135.97 -135.97 -135.94 -135.81 -135.56 -135.28 -134.88 -134.31 -133.38 -132.59 -132.31 -132.44 -132.31 -132.03 -131.69 -131.25 -130.72 -130.09 -129.41 -128.72 -128.06 -127.44 -126.88 -125.94 -124.72 -123.56 -122.94 -123.41 -124.25 -124.72 -125.00 -125.19 -125.22 -125.19 -125.12 -125.03 -124.94 -124.91 -124.88 -124.78 -124.53 -124.41 -124.50 -124.88 -125.41 -125.66 -125.72 -125.69 -125.56 -125.34 -125.06 -124.50 -123.97 -123.78 -123.94 -124.22 -124.56 -124.91 -125.28 -125.62 -125.91 -126.12 -126.25
-135.47 -135.62 -135.72 -135.72 -135.72 -135.72 -135.72 -135.62 -135.41 -135.09 -134.69 -134.12 -133.28 -132.34 -131.72 -131.56 -131.59 -131.41 -131.12 -130.72 -130.22 -129.62 -128.94 -128.19 -127.47 -126.81 -126.25 -125.12 -123.91 -122.88 -122.41 -122.94 -123.78 -124.25 -124.50 -124.69 -124.72 -124.69 -124.66 -124.53 -124.38 -124.34 -124.34 -124.25 -124.09 -124.16 -124.56 -125.19 -125.84 -126.09 -126.19 -126.19 -126.06 -125.78 -125.47 -124.84 -124.31 -124.19 -124.31 -124.47 -124.66 -124.97 -125.38 -125.75 -126.09 -126.38 -126.53
-135.28 -135.41 -135.44 -135.44 -135.41 -135.41 -135.44 -135.38 -135.19 -134.91 -134.53 -134.03 -133.41 -132.62 -131.84 -131.25 -130.91 -130.69 -130.44 -130.09 -129.69 -129.12 -128.47 -127.66 -126.84 -126.19 -125.53 -124.34 -123.09 -122.12 -121.81 -122.38 -123.25 -123.72 -124.00 -124.16 -124.22 -124.19 -124.09 -123.91 -123.75 -123.78 -123.88 -124.00 -124.16 -124.47 -124.97 -125.69 -126.31 -126.59 -126.72 -126.75 -126.59 -126.28 -125.84 -125.16 -124.88 -124.88 -125.00 -125.09 -125.22 -125.31 -125.56 -125.97 -126.31 -126.62 -126.81
-135.03 -135.12 -135.16 -135.09 -135.00 -135.03 -135.09 -135.09 -134.97 -134.69 -134.34 -133.94 -133.50 -132.97 -132.38 -131.75 -131.09 -130.41 -129.78 -129.22 -128.66 -128.09 -127.44 -126.59 -125.72 -125.06 -124.50 -123.56 -122.34 -121.44 -121.22 -121.84 -122.78 -123.22 -123.50 -123.66 -123.72 -123.66 -123.50 -123.34 -123.38 -123.66 -124.06 -124.47 -124.78 -125.12 -125.62 -126.31 -126.78 -127.06 -127.25 -127.31 -127.12 -126.78 -126.19 -125.72 -125.69 -125.78 -125.84 -125.94 -126.00 -126.00 -126.00 -126.22 -126.56 -126.88 -127.09
-134.78 -134.84 -134.81 -134.72 -134.59 -134.59 -134.69 -134.72 -134.62 -134.38 -134.06 -133.72 -133.38 -132.97 -132.50 -131.94 -131.31 -130.59 -129.66 -128.69 -127.78 -126.88 -126.00 -125.16 -124.28 -123.62 -123.19 -122.59 -121.66 -120.88 -120.81 -121.50 -122.38 -122.78 -123.03 -123.16 -123.22 -123.09 -123.00 -123.19 -123.62 -124.09 -124.53 -124.94 -125.34 -125.78 -126.28 -126.81 -127.22 -127.53 -127.78 -127.88 -127.72 -127.38 -126.84 -126.59 -126.69 -126.78 -126.81 -126.81 -126.81 -126.72 -126.59 -126.59 -126.84 -127.16 -127.38
-134.50 -134.53 -134.47 -134.28 -134.06 -134.09 -134.19 -134.22 -134.16 -133.97 -133.69 -133.38 -133.03 -132.69 -132.34 -131.88 -131.31 -130.62 -129.75 -128.53 -127.31 -126.06 -124.88 -123.78 -122.84 -122.19 -121.78 -121.47 -120.97 -120.53 -120.78 -121.47 -122.06 -122.38 -122.59 -122.69 -122.69 -122.66 -122.97 -123.50 -123.91 -124.31 -124.75 -125.19 -125.66 -126.12 -126.66 -127.16 -127.62 -128.00 -128.28 -128.41 -128.34 -128.09 -127.78 -127.69 -127.78 -127.75 -127.59 -127.47 -127.34 -127.25 -127.12 -127.06 -127.22 -127.47 -127.69
-134.19 -134.19 -134.09 -133.84 -133.53 -133.47 -133.62 -133.66 -133.59 -133.44 -133.25 -132.97 -132.56 -132.22 -131.94 -131.66 -131.19 -130.59 -129.75 -128.56 -127.19 -125.72 -124.25 -122.88 -121.72 -120.94 -120.59 -120.47 -120.41 -120.50 -121.03 -121.47 -121.78 -122.03 -122.19 -122.22 -122.25 -122.62 -123.19 -123.56 -123.97 -124.44 -124.88 -125.38 -125.88 -126.38 -126.91 -127.44 -127.94 -128.41 -128.78 -128.97 -128.97 -128.84 -128.72 -128.66 -128.59 -128.41 -128.19 -128.03 -127.84 -127.69 -127.56 -127.56 -127.69 -127.88 -128.06
-133.88 -133.84 -133.69 -133.41 -132.97 -132.72 -132.94 -133.09 -133.03 -132.91 -132.72 -132.44 -131.94 -131.47 -131.31 -131.22 -130.94 -130.41 -129.69 -128.69 -127.34 -125.75 -124.12 -122.53 -121.19 -120.22 -119.78 -119.88 -120.22 -120.78 -121.12 -121.38 -121.62 -121.78 -121.81 -121.81 -122.16 -122.72 -123.19 -123.53 -123.97 -124.44 -124.91 -125.44 -126.00 -126.53 -127.09 -127.66 -128.22 -128.75 -129.19 -129.47 -129.56 -129.50 -129.44 -129.34 -129.22 -129.00 -128.81 -128.59 -128.34 -128.09 -127.88 -128.06 -128.22 -128.34 -128.47
-133.56 -133.47 -133.28 -132.94 -132.41 -131.91 -132.06 -132.28 -132.25 -132.00 -131.59 -131.22 -130.75 -130.34 -130.38 -130.56 -130.47 -130.12 -129.50 -128.66 -127.50 -125.91 -124.22 -122.59 -121.19 -120.16 -119.62 -119.72 -120.34 -120.88 -121.16 -121.41 -121.59 -121.72 -121.75 -121.81 -122.16 -122.66 -123.09 -123.47 -123.91 -124.34 -124.84 -125.41 -126.00 -126.59 -127.22 -127.81 -128.41 -128.97 -129.50 -129.91 -130.06 -130.09 -130.03 -129.97 -129.81 -129.62 -129.41 -129.12 -128.75 -128.34 -128.16 -128.50 -128.72 -128.81 -128.88
-133.22 -133.06 -132.88 -132.53 -131.97 -131.31 -130.94 -131.00 -130.78 -130.28 -129.78 -129.38 -129.03 -128.84 -129.28 -129.75 -129.84 -129.59 -129.16 -128.47 -127.56 -126.28 -124.59 -123.03 -121.69 -120.69 -119.97 -119.81 -120.34 -120.94 -121.22 -121.50 -121.75 -121.94 -122.06 -122.12 -122.22 -122.47 -122.91 -123.34 -123.78 -124.25 -124.78 -125.34 -125.97 -126.59 -127.22 -127.88 -128.50 -129.09 -129.69 -130.19 -130.50 -130.59 -130.59 -130.50 -130.38 -130.19 -129.91 -129.53 -129.03 -128.41 -128.44 -128.97 -129.19 -129.28 -129.31
-132.84 -132.66 -132.44 -132.16 -131.66 -130.97 -130.19 -129.62 -129.12 -128.47 -127.84 -127.38 -127.19 -127.31 -128.06 -128.91 -129.09 -128.91 -128.53 -128.06 -127.38 -126.47 -125.31 -123.97 -122.69 -121.56 -120.56 -119.94 -120.28 -120.94 -121.31 -121.62 -121.94 -122.19 -122.38 -122.47 -122.53 -122.59 -122.72 -123.09 -123.59 -124.16 -124.75 -125.34 -125.94 -126.53 -127.16 -127.78 -128.44 -129.12 -129.78 -130.34 -130.81 -131.03 -131.06 -131.00 -130.88 -130.66 -130.31 -129.84 -129.22 -128.59 -128.88 -129.44 -129.69 -129.78 -129.75
-132.47 -132.22 -131.94 -131.66 -131.28 -130.66 -129.91 -129.00 -127.94 -126.91 -126.06 -125.53 -125.44 -125.94 -127.06 -128.06 -128.31 -128.12 -127.69 -127.34 -126.91 -126.28 -125.41 -124.47 -123.59 -122.31 -120.97 -120.03 -120.12 -120.84 -121.38 -121.75 -122.12 -122.44 -122.69 -122.84 -122.97 -123.06 -123.00 -122.94 -123.34 -124.00 -124.72 -125.34 -125.94 -126.50 -127.00 -127.53 -128.19 -128.94 -129.75 -130.44 -131.00 -131.34 -131.47 -131.44 -131.28 -131.03 -130.69 -130.12 -129.38 -129.09 -129.47 -129.97 -130.19 -130.25 -130.12
-132.00 -131.69 -131.34 -131.00 -130.66 -130.19 -129.53 -128.72 -127.66 -126.09 -124.81 -124.03 -124.03 -124.84 -126.34 -127.22 -127.50 -127.25 -126.72 -126.25 -126.00 -125.62 -125.06 -124.38 -123.69 -122.62 -121.09 -120.03 -120.00 -120.62 -121.38 -121.88 -122.28 -122.69 -123.00 -123.22 -123.38 -123.50 -123.44 -123.12 -123.06 -123.59 -124.34 -125.16 -125.97 -126.62 -127.12 -127.47 -127.97 -128.75 -129.75 -130.53 -131.12 -131.56 -131.78 -131.81 -131.66 -131.41 -131.00 -130.44 -129.88 -129.84 -130.25 -130.53 -130.66 -130.62 -130.41
-131.41 -130.91 -130.47 -130.16 -129.81 -129.41 -128.94 -128.22 -127.38 -126.06 -124.31 -123.12 -123.06 -124.12 -125.66 -126.38 -126.56 -126.28 -125.66 -125.03 -124.81 -124.72 -124.41 -123.97 -123.41 -122.31 -120.88 -119.97 -119.97 -120.53 -121.19 -121.88 -122.47 -122.94 -123.34 -123.62 -123.81 -123.91 -123.84 -123.47 -122.88 -123.19 -123.91 -124.88 -125.97 -127.00 -127.56 -128.12 -128.59 -129.12 -130.00 -130.72 -131.28 -131.75 -132.03 -132.09 -131.97 -131.72 -131.34 -130.84 -130.56 -130.72 -130.94 -131.06 -131.09 -130.97 -130.66
-130.97 -130.16 -129.41 -128.84 -128.66 -128.47 -128.06 -127.47 -126.75 -125.91 -124.31 -122.75 -122.47 -123.66 -124.97 -125.47 -125.56 -125.28 -124.72 -123.81 -123.47 -123.72 -123.66 -123.38 -122.81 -121.59 -120.53 -120.12 -120.41 -120.91 -121.44 -121.97 -122.59 -123.25 -123.72 -124.09 -124.31 -124.41 -124.28 -123.78 -123.06 -123.09 -123.75 -124.72 -125.88 -127.19 -128.00 -128.59 -129.19 -129.75 -130.38 -130.97 -131.50 -131.94 -132.25 -132.34 -132.25 -132.03 -131.72 -131.44 -131.38 -131.44 -131.47 -131.47 -131.44 -131.22 -130.91
-130.84 -129.81 -128.69 -127.69 -127.12 -127.06 -127.06 -126.56 -125.91 -125.22 -124.34 -122.72 -122.12 -123.28 -124.25 -124.53 -124.53 -124.28 -123.78 -123.03 -122.41 -122.75 -122.88 -122.53 -121.62 -120.81 -120.44 -120.84 -121.38 -121.84 -122.28 -122.62 -123.03 -123.59 -124.19 -124.62 -124.88 -124.94 -124.75 -124.09 -123.41 -123.50 -124.09 -124.91 -125.91 -127.12 -128.34 -129.03 -129.66 -130.19 -130.72 -131.22 -131.69 -132.09 -132.41 -132.53 -132.47 -132.28 -132.09 -131.94 -131.91 -131.91 -131.88 -131.81 -131.72 -131.47 -131.16
-130.75 -129.75 -128.38 -126.94 -125.84 -125.38 -125.31 -125.19 -124.88 -124.38 -123.75 -122.78 -121.81 -122.78 -123.50 -123.69 -123.59 -123.31 -122.91 -122.38 -121.75 -121.91 -121.94 -121.25 -120.56 -120.34 -121.00 -121.91 -122.59 -123.03 -123.41 -123.69 -123.91 -124.25 -124.78 -125.22 -125.47 -125.50 -125.28 -124.53 -123.97 -124.16 -124.84 -125.59 -126.38 -127.31 -128.47 -129.41 -130.03 -130.56 -131.00 -131.44 -131.88 -132.25 -132.53 -132.69 -132.66 -132.56 -132.41 -132.31 -132.28 -132.25 -132.19 -132.12 -131.97 -131.72 -131.44
-130.59 -129.50 -127.97 -126.28 -124.78 -123.88 -123.50 -123.31 -123.12 -123.25 -123.03 -122.47 -121.50 -121.81 -122.31 -122.47 -122.47 -122.31 -122.00 -121.59 -121.28 -121.16 -120.81 -120.19 -119.91 -120.47 -121.59 -122.59 -123.09 -123.59 -124.09 -124.50 -124.81 -125.09 -125.47 -125.84 -126.09 -126.12 -125.94 -125.25 -124.75 -124.94 -125.78 -126.75 -127.41 -128.03 -128.84 -129.78 -130.41 -130.88 -131.31 -131.69 -132.06 -132.38 -132.66 -132.81 -132.84 -132.78 -132.69 -132.62 -132.59 -132.53 -132.47 -132.34 -132.19 -131.97 -131.69
-130.28 -128.91 -127.22 -125.44 -123.81 -122.59 -121.94 -121.62 -121.50 -121.59 -121.94 -121.66 -120.94 -120.69 -120.72 -120.69 -120.72 -120.91 -121.03 -120.84 -120.62 -120.44 -119.88 -119.44 -119.66 -120.62 -121.81 -122.69 -123.28 -123.91 -124.50 -125.03 -125.50 -125.84 -126.19 -126.50 -126.69 -126.78 -126.72 -126.22 -125.72 -125.69 -126.50 -127.81 -128.78 -129.28 -129.75 -130.28 -130.78 -131.22 -131.59 -131.94 -132.25 -132.56 -132.81 -132.94 -133.00 -132.97 -132.91 -132.88 -132.84 -132.78 -132.69 -132.56 -132.41 -132.19 -131.94
-129.81 -128.28 -126.47 -124.62 -122.94 -121.62 -120.78 -120.34 -120.16 -120.22 -120.47 -120.53 -120.09 -119.62 -119.31 -119.12 -119.16 -119.47 -120.03 -120.03 -119.94 -119.72 -119.12 -119.00 -119.69 -120.75 -121.84 -122.62 -123.31 -124.03 -124.75 -125.41 -126.00 -126.47 -126.84 -127.09 -127.28 -127.44 -127.50 -127.34 -126.81 -126.56 -127.16 -128.47 -129.50 -129.94 -130.41 -130.81 -131.22 -131.56 -131.91 -132.19 -132.47 -132.72 -132.94 -133.06 -133.12 -133.12 -133.09 -133.06 -133.03 -132.97 -132.88 -132.75 -132.56 -132.38 -132.16
-129.69 -128.06 -126.19 -124.31 -122.66 -121.38 -120.47 -119.88 -119.47 -119.31 -119.34 -119.38 -119.12 -118.66 -118.19 -117.91 -117.97 -118.47 -119.19 -119.31 -119.28 -119.06 -118.56 -118.88 -119.88 -121.00 -121.91 -122.59 -123.31 -124.06 -124.84 -125.62 -126.31 -126.88 -127.34 -127.66 -127.88 -128.06 -128.22 -128.28 -128.00 -127.47 -127.78 -128.94 -129.94 -130.41 -130.88 -131.25 -131.59 -131.91 -132.19 -132.44 -132.66 -132.88 -133.06 -133.19 -133.25 -133.28 -133.25 -133.22 -133.19 -133.09 -133.00 -132.88 -132.72 -132.56 -132.34
-129.91 -128.50 -126.66 -124.84 -123.28 -122.16 -121.38 -120.69 -120.06 -119.47 -118.97 -118.62 -118.31 -117.88 -117.41 -117.09 -117.22 -117.84 -118.53 -118.66 -118.62 -118.41 -118.22 -118.88 -119.91 -120.94 -121.81 -122.53 -123.25 -124.06 -124.88 -125.66 -126.38 -127.03 -127.62 -128.09 -128.41 -128.66 -128.84 -129.00 -128.97 -128.47 -128.41 -129.34 -130.34 -130.84 -131.31 -131.69 -131.97 -132.25 -132.47 -132.66 -132.84 -133.00 -133.16 -133.28 -133.34 -133.38 -133.38 -133.31 -133.25 -133.19 -133.06 -132.94 -132.81 -132.66 -132.47
-130.00 -129.06 -127.69 -126.03 -124.72 -123.78 -123.00 -122.19 -121.31 -120.47 -119.66 -118.88 -118.19 -117.62 -117.12 -116.81 -116.84 -117.41 -117.97 -118.12 -118.09 -117.81 -117.91 -118.56 -119.38 -120.34 -121.44 -122.38 -123.12 -123.94 -124.72 -125.47 -126.25 -127.00 -127.69 -128.28 -128.78 -129.12 -129.41 -129.59 -129.69 -129.44 -129.06 -129.62 -130.66 -131.19 -131.62 -132.03 -132.31 -132.53 -132.72 -132.88 -133.00 -133.12 -133.25 -133.34 -133.41 -133.44 -133.41 -133.38 -133.28 -133.19 -133.09 -132.97 -132.84 -132.72 -132.56
-129.84 -129.22 -128.31 -127.25 -126.22 -125.25 -124.28 -123.31 -122.38 -121.44 -120.38 -119.41 -118.56 -117.97 -117.53 -117.19 -116.94 -117.06 -117.47 -117.66 -117.53 -117.31 -117.44 -117.97 -118.72 -119.75 -121.00 -122.19 -122.88 -123.62 -124.38 -125.12 -125.91 -126.75 -127.56 -128.34 -128.94 -129.44 -129.84 -130.12 -130.31 -130.25 -129.91 -130.03 -130.81 -131.47 -131.91 -132.28 -132.56 -132.78 -132.94 -133.03 -133.12 -133.22 -133.31 -133.38 -133.44 -133.44 -133.41 -133.34 -133.28 -133.19 -133.06 -132.97 -132.84 -132.72 -132.56
-129.41 -129.00 -128.31 -127.47 -126.50 -125.50 -124.50 -123.53 -122.59 -121.66 -120.59 -119.66 -118.94 -118.53 -118.16 -117.81 -117.47 -117.12 -117.03 -117.09 -116.97 -116.81 -116.94 -117.47 -118.31 -119.47 -120.78 -121.88 -122.53 -123.19 -123.81 -124.62 -125.59 -126.62 -127.56 -128.34 -129.03 -129.59 -130.12 -130.53 -130.81 -130.94 -130.81 -130.81 -131.22 -131.78 -132.16 -132.50 -132.75 -132.94 -133.09 -133.19 -133.25 -133.28 -133.34 -133.38 -133.41 -133.41 -133.38 -133.31 -133.22 -133.12 -133.03 -132.91 -132.81 -132.72 -132.56
-128.78 -128.44 -127.97 -127.31 -126.47 -125.53 -124.56 -123.59 -122.66 -121.69 -120.69 -119.91 -119.38 -118.94 -118.50 -118.09 -117.75 -117.41 -117.12 -116.88 -116.59 -116.41 -116.59 -117.25 -118.22 -119.38 -120.50 -121.41 -122.03 -122.62 -123.50 -124.56 -125.62 -126.66 -127.50 -128.28 -129.00 -129.66 -130.25 -130.75 -131.19 -131.41 -131.50 -131.56 -131.81 -132.16 -132.44 -132.72 -132.94 -133.09 -133.22 -133.28 -133.31 -133.34 -133.34 -133.34 -133.38 -133.34 -133.31 -133.25 -133.19 -133.09 -133.00 -132.91 -132.81 -132.72 -132.59
-128.12 -127.78 -127.38 -126.88 -126.22 -125.47 -124.59 -123.69 -122.78 -121.88 -121.00 -120.25 -119.66 -119.16 -118.69 -118.25 -117.84 -117.50 -117.19 -116.94 -116.50 -116.16 -116.44 -117.22 -118.25 -119.25 -120.19 -120.97 -121.75 -122.62 -123.59 -124.62 -125.56 -126.44 -127.22 -127.97 -128.72 -129.50 -130.22 -130.81 -131.34 -131.72 -131.94 -132.09 -132.25 -132.47 -132.72 -132.91 -133.09 -133.25 -133.34 -133.38 -133.38 -133.34 -133.31 -133.31 -133.31 -133.31 -133.28 -133.22 -133.16 -133.06 -132.97 -132.88 -132.81 -132.75 -132.66
