everonasctiles/Tile36,23.asc
ncols 128
nrows 128
xllcorner 0
yllcorner 0
cellsize 2.0
NODATA_value  -9999
[rows 64 to 95 of 128, columns 0 to 70 of 128]
-18.03 -17.72 -17.31 -17.28 -17.09 -16.72 -16.31 -15.59 -15.50 -15.44 -15.19 -14.91 -14.75 -14.47 -14.31 -14.31 -13.97 -13.62 -13.66 -14.16 -14.41 -14.50 -14.59 -14.38 -13.94 -14.00 -14.06 -14.22 -14.38 -14.53 -14.62 -14.81 -14.75 -14.66 -14.91 -15.00 -14.91 -14.94 -15.12 -14.81 -14.62 -14.78 -14.66 -14.81 -14.97 -14.75 -15.12 -15.25 -15.09 -15.00 -15.06 -15.16 -15.22 -15.22 -15.50 -15.78 -15.75 -15.72 -15.78 -15.59 -15.75 -15.62 -15.59 -15.31 -15.44 -15.66 -15.75 -15.88 -15.97 -16.03 -16.09
-17.75 -17.47 -16.91 -16.44 -16.34 -16.22 -15.62 -15.19 -14.97 -14.91 -14.81 -14.78 -14.59 -14.75 -14.19 -13.97 -13.72 -13.53 -13.38 -14.06 -14.34 -14.38 -14.19 -14.09 -14.31 -14.62 -14.38 -14.53 -14.81 -14.88 -14.69 -14.81 -14.88 -14.75 -14.75 -14.94 -14.94 -14.97 -14.78 -14.72 -14.53 -14.28 -14.34 -14.41 -14.78 -14.94 -15.25 -15.03 -14.72 -14.69 -14.81 -14.94 -15.09 -15.38 -15.59 -15.69 -15.78 -15.78 -15.56 -15.47 -15.44 -15.31 -15.16 -14.94 -15.12 -15.34 -15.50 -15.59 -15.69 -15.78 -15.84
-17.22 -17.06 -16.59 -16.09 -15.62 -15.12 -14.72 -14.53 -14.47 -14.12 -14.03 -14.31 -14.38 -14.38 -14.03 -13.78 -13.81 -13.53 -13.66 -13.75 -13.94 -13.91 -13.81 -13.94 -14.09 -14.31 -14.28 -14.38 -14.59 -14.59 -14.53 -14.56 -14.72 -14.72 -14.59 -14.75 -15.09 -15.00 -14.84 -14.47 -14.28 -14.22 -14.19 -14.38 -14.38 -14.69 -14.97 -15.09 -14.94 -14.59 -14.69 -14.78 -14.81 -14.69 -15.09 -15.12 -15.34 -15.47 -15.09 -14.88 -14.75 -14.66 -14.50 -14.44 -14.72 -15.00 -15.22 -15.34 -15.44 -15.50 -15.59
-16.41 -16.22 -15.94 -15.19 -14.84 -14.44 -13.97 -13.91 -13.94 -13.91 -13.88 -13.75 -13.72 -13.78 -13.72 -13.59 -13.62 -13.47 -13.66 -13.38 -13.47 -13.44 -13.44 -13.59 -13.88 -14.09 -14.41 -14.50 -14.47 -14.34 -14.19 -14.19 -14.31 -14.22 -14.25 -14.47 -14.66 -14.62 -14.41 -14.16 -14.00 -13.97 -14.09 -14.06 -14.06 -14.31 -14.34 -14.53 -14.44 -14.38 -14.16 -14.22 -14.47 -14.56 -14.59 -14.69 -14.72 -14.66 -14.28 -14.16 -14.06 -14.03 -14.03 -14.03 -14.38 -14.69 -14.91 -15.03 -15.16 -15.25 -15.31
-15.41 -15.44 -15.09 -14.38 -14.06 -13.41 -13.16 -13.41 -13.50 -13.59 -13.53 -13.53 -13.47 -13.56 -13.50 -13.75 -13.88 -13.47 -13.75 -13.62 -13.41 -13.47 -13.38 -13.66 -13.97 -14.19 -14.28 -14.41 -14.44 -14.44 -14.25 -14.28 -14.28 -14.25 -14.25 -14.22 -14.41 -14.53 -14.41 -14.31 -14.19 -13.97 -13.91 -13.75 -13.69 -13.81 -14.03 -14.31 -14.16 -14.03 -14.09 -13.88 -13.81 -13.88 -14.03 -14.16 -14.31 -14.25 -13.91 -13.66 -13.62 -13.69 -13.78 -13.84 -14.09 -14.38 -14.59 -14.72 -14.88 -14.97 -15.06
-14.34 -14.28 -13.72 -13.53 -13.50 -13.38 -13.31 -13.31 -13.25 -13.25 -13.31 -13.16 -13.16 -13.56 -13.47 -13.41 -13.38 -13.25 -13.22 -13.53 -13.50 -13.41 -13.47 -13.59 -13.66 -13.75 -14.00 -14.12 -14.22 -14.06 -14.22 -14.31 -14.09 -13.88 -13.91 -14.03 -14.22 -14.38 -14.19 -14.16 -13.84 -13.78 -13.78 -13.75 -13.59 -13.72 -13.97 -14.09 -14.19 -14.00 -13.97 -13.62 -13.75 -13.97 -13.84 -13.62 -13.59 -13.53 -13.56 -13.72 -13.47 -13.22 -13.34 -13.53 -13.72 -13.94 -14.22 -14.44 -14.59 -14.72 -14.81
-13.84 -13.72 -13.41 -13.19 -13.28 -13.44 -13.28 -13.22 -13.09 -13.28 -13.22 -12.97 -13.25 -13.50 -13.56 -13.56 -13.47 -13.16 -13.16 -13.34 -13.34 -13.12 -13.25 -13.41 -13.41 -13.38 -13.59 -13.69 -13.78 -14.00 -13.97 -13.81 -13.97 -13.97 -13.84 -13.81 -13.91 -13.97 -14.09 -13.62 -13.31 -13.16 -13.28 -13.41 -13.53 -13.91 -13.88 -13.94 -13.69 -13.59 -13.75 -13.78 -13.50 -13.44 -13.28 -13.31 -13.34 -13.06 -13.41 -13.47 -13.34 -13.06 -13.22 -13.25 -13.34 -13.59 -13.88 -14.12 -14.28 -14.44 -14.53
-13.50 -13.41 -13.22 -13.25 -13.31 -13.44 -12.97 -12.72 -12.97 -13.41 -13.59 -13.56 -13.38 -13.41 -13.72 -13.75 -13.62 -13.12 -12.72 -13.19 -13.69 -13.31 -13.16 -13.38 -13.38 -13.38 -13.56 -13.62 -13.75 -13.84 -13.84 -13.62 -13.72 -13.84 -13.97 -13.78 -13.75 -13.84 -13.78 -13.47 -13.03 -12.84 -13.44 -13.62 -13.66 -13.75 -13.41 -13.34 -13.66 -13.59 -13.38 -13.50 -13.34 -13.06 -13.16 -12.94 -12.66 -12.59 -12.62 -12.88 -12.81 -12.91 -13.25 -13.25 -13.22 -13.44 -13.59 -13.81 -14.00 -14.16 -14.31
-12.84 -12.84 -13.00 -13.09 -13.22 -13.12 -12.91 -12.91 -13.34 -13.47 -13.56 -13.59 -13.50 -13.56 -13.59 -13.59 -13.50 -13.09 -12.78 -13.00 -13.12 -13.00 -13.06 -13.12 -13.22 -13.41 -13.75 -13.72 -13.69 -13.78 -13.59 -13.56 -13.44 -13.56 -13.62 -13.53 -13.34 -13.44 -13.53 -13.59 -12.97 -12.75 -13.03 -13.09 -13.28 -13.50 -13.25 -13.62 -13.69 -13.22 -13.06 -13.25 -13.25 -13.03 -13.03 -12.91 -12.62 -12.25 -12.34 -12.34 -12.28 -12.59 -12.91 -13.03 -13.00 -13.06 -13.31 -13.56 -13.75 -13.91 -14.06
-12.69 -12.72 -13.00 -13.38 -13.53 -13.44 -13.12 -13.06 -13.34 -13.34 -13.34 -13.31 -13.28 -13.31 -13.25 -13.22 -13.19 -12.66 -12.78 -12.97 -12.66 -12.59 -12.69 -12.94 -13.03 -13.19 -13.44 -13.53 -13.56 -13.72 -13.62 -13.50 -13.47 -13.53 -13.53 -13.59 -13.50 -13.34 -13.31 -13.47 -13.19 -12.75 -13.00 -12.72 -13.06 -13.25 -13.12 -13.44 -13.22 -12.88 -12.97 -12.81 -12.81 -12.69 -12.56 -12.50 -12.12 -12.16 -12.31 -11.88 -12.12 -12.50 -12.66 -12.78 -12.75 -12.81 -13.00 -13.19 -13.41 -13.66 -13.88
-12.81 -12.44 -12.72 -13.19 -13.22 -13.22 -13.22 -13.28 -13.28 -13.41 -13.41 -13.25 -13.12 -13.12 -12.78 -12.81 -12.56 -12.34 -12.41 -12.75 -12.62 -12.69 -12.84 -12.72 -12.56 -12.81 -13.25 -13.50 -13.47 -13.47 -13.41 -13.44 -13.34 -13.44 -13.41 -13.44 -13.28 -13.16 -13.16 -13.25 -13.00 -12.81 -12.94 -12.84 -13.00 -13.00 -12.66 -12.72 -12.75 -12.56 -12.62 -12.72 -12.47 -12.22 -12.22 -12.12 -11.97 -12.16 -12.12 -11.97 -12.22 -12.38 -12.53 -12.53 -12.56 -12.44 -12.56 -12.72 -13.03 -13.38 -13.66
-12.84 -12.72 -13.03 -12.69 -12.84 -13.19 -13.00 -13.12 -13.34 -13.34 -13.38 -13.28 -13.09 -13.09 -12.97 -12.97 -12.53 -12.25 -12.47 -12.72 -12.50 -12.34 -12.59 -12.69 -12.69 -12.75 -13.09 -13.28 -13.09 -13.25 -13.28 -13.31 -13.25 -13.19 -13.06 -13.16 -13.09 -13.16 -13.16 -13.19 -12.94 -13.00 -12.72 -12.91 -12.97 -12.72 -12.53 -12.34 -12.31 -12.09 -12.41 -12.69 -12.41 -12.12 -12.06 -11.81 -11.62 -11.56 -11.56 -11.75 -11.88 -12.31 -12.28 -12.25 -12.25 -12.06 -12.22 -12.47 -12.78 -13.12 -13.44
-12.59 -12.81 -12.66 -12.41 -12.66 -12.78 -12.81 -12.88 -13.22 -13.22 -13.22 -13.19 -13.00 -12.72 -12.81 -12.69 -12.19 -12.06 -12.22 -12.66 -12.47 -12.12 -12.19 -12.31 -12.47 -12.59 -12.91 -12.84 -12.75 -12.97 -13.00 -12.91 -13.09 -12.97 -13.09 -13.22 -13.22 -13.16 -12.91 -12.75 -12.94 -13.03 -12.72 -12.88 -12.88 -12.38 -11.97 -11.91 -12.03 -12.31 -12.12 -12.25 -12.12 -11.75 -11.59 -11.50 -11.16 -11.03 -11.31 -11.59 -11.84 -12.09 -11.94 -12.12 -12.06 -11.66 -11.88 -12.28 -12.56 -12.91 -13.25
-12.56 -12.69 -12.34 -11.78 -12.19 -12.47 -12.56 -12.56 -12.69 -12.84 -12.84 -12.75 -12.81 -12.75 -12.62 -12.38 -11.97 -11.78 -12.22 -12.50 -12.25 -12.22 -12.12 -12.06 -12.34 -12.53 -12.56 -12.50 -12.69 -12.97 -13.03 -13.12 -12.88 -12.66 -12.78 -12.84 -12.84 -12.78 -12.72 -12.44 -12.59 -12.69 -12.72 -12.59 -12.38 -11.94 -11.72 -11.31 -11.50 -11.47 -11.72 -11.72 -11.84 -11.81 -11.91 -11.50 -11.19 -11.12 -11.12 -11.47 -11.53 -11.84 -11.84 -11.97 -11.81 -11.44 -11.59 -12.00 -12.25 -12.66 -13.03
-12.31 -12.38 -12.19 -12.19 -12.16 -12.25 -12.41 -12.50 -12.59 -12.59 -12.53 -12.50 -12.62 -12.44 -12.19 -12.34 -12.16 -11.81 -12.06 -12.28 -12.19 -12.12 -11.84 -11.81 -11.94 -12.22 -12.38 -12.44 -12.44 -12.78 -13.00 -13.00 -12.94 -13.00 -12.97 -12.66 -12.72 -12.78 -12.69 -12.44 -12.84 -12.94 -12.53 -12.50 -12.41 -12.34 -11.81 -11.69 -11.72 -11.50 -11.69 -11.66 -11.69 -11.66 -11.50 -11.16 -11.06 -11.03 -11.09 -11.19 -11.25 -11.31 -11.44 -11.50 -11.28 -11.19 -11.41 -11.69 -12.06 -12.44 -12.88
-12.06 -12.06 -12.09 -12.12 -12.06 -12.16 -12.22 -12.16 -12.19 -12.38 -12.53 -12.47 -12.44 -12.41 -12.19 -12.38 -12.16 -11.94 -11.81 -12.00 -11.97 -12.19 -11.72 -11.66 -11.78 -12.00 -12.19 -12.22 -12.12 -12.41 -12.56 -12.56 -12.75 -13.00 -12.75 -12.44 -12.72 -12.69 -12.50 -12.34 -12.59 -12.34 -12.38 -12.34 -12.31 -12.41 -12.19 -11.81 -11.84 -11.62 -11.50 -11.47 -11.41 -11.22 -11.03 -11.09 -11.38 -11.19 -11.06 -11.28 -11.53 -11.38 -11.38 -11.44 -11.38 -11.38 -11.44 -11.69 -12.06 -12.28 -12.78
-11.97 -11.78 -11.81 -11.88 -11.97 -12.00 -11.88 -12.00 -11.91 -11.78 -11.88 -11.91 -12.06 -12.12 -12.06 -12.28 -12.06 -11.69 -11.66 -11.91 -11.84 -11.94 -11.91 -11.72 -11.62 -12.03 -12.09 -12.12 -12.16 -12.53 -12.62 -12.38 -12.47 -12.53 -12.38 -12.25 -12.50 -12.50 -12.34 -12.25 -12.38 -12.00 -11.72 -11.66 -12.16 -12.25 -11.84 -11.53 -11.62 -11.38 -11.25 -11.06 -11.06 -10.94 -10.69 -10.94 -11.09 -10.94 -10.97 -11.31 -11.47 -11.34 -11.34 -11.41 -11.22 -11.09 -11.25 -11.59 -11.94 -12.16 -12.50
-12.09 -12.06 -11.97 -12.28 -12.41 -12.22 -12.19 -12.03 -11.91 -11.72 -11.75 -11.66 -11.78 -11.91 -11.59 -11.56 -11.62 -11.78 -11.84 -11.72 -11.75 -11.81 -11.69 -11.69 -11.59 -12.00 -12.06 -11.75 -11.72 -11.88 -11.97 -12.00 -12.16 -11.97 -11.97 -12.16 -12.34 -12.44 -12.31 -12.31 -12.19 -11.78 -11.69 -11.91 -12.03 -12.12 -12.03 -11.91 -11.47 -11.28 -11.16 -10.91 -10.84 -10.84 -10.81 -11.00 -11.00 -10.91 -10.88 -11.00 -11.22 -11.28 -11.44 -11.47 -11.16 -11.09 -11.22 -11.59 -12.06 -12.28 -12.50
-12.50 -12.59 -12.69 -12.59 -12.50 -12.47 -12.28 -11.75 -11.62 -11.81 -11.94 -11.75 -11.62 -11.62 -11.38 -11.41 -11.41 -11.59 -11.59 -11.53 -11.72 -11.62 -11.69 -11.66 -11.81 -11.91 -11.78 -11.75 -11.62 -11.78 -11.62 -11.50 -11.69 -11.62 -11.72 -11.97 -12.06 -12.00 -11.88 -12.09 -11.81 -11.31 -11.47 -11.75 -12.00 -11.97 -11.81 -11.69 -11.25 -10.94 -11.00 -11.00 -10.75 -10.66 -10.72 -10.91 -10.91 -10.88 -10.72 -11.00 -11.25 -11.34 -11.56 -11.59 -11.53 -11.38 -11.34 -11.44 -12.00 -12.28 -12.53
-13.28 -13.16 -13.28 -12.84 -12.47 -12.53 -12.44 -12.03 -11.72 -11.53 -11.66 -11.47 -11.62 -11.41 -11.34 -11.38 -11.28 -11.56 -11.50 -11.31 -11.41 -11.34 -11.41 -11.59 -11.41 -11.47 -11.41 -11.34 -11.25 -11.38 -11.31 -11.44 -11.66 -11.81 -11.97 -11.81 -11.75 -11.66 -11.59 -11.75 -11.59 -11.62 -11.69 -11.94 -11.81 -11.59 -11.69 -11.66 -11.12 -10.94 -11.06 -11.09 -10.91 -10.62 -10.59 -10.69 -10.72 -10.50 -10.59 -10.84 -11.09 -11.16 -11.41 -11.53 -11.66 -11.66 -11.59 -11.69 -12.03 -12.47 -12.62
-13.75 -13.47 -13.31 -13.06 -12.69 -12.59 -12.38 -12.06 -11.97 -11.62 -11.72 -11.78 -11.66 -11.62 -11.38 -11.16 -11.28 -11.41 -11.19 -10.88 -11.12 -11.12 -11.28 -11.38 -11.38 -11.47 -11.38 -11.03 -10.88 -10.69 -10.72 -11.19 -11.25 -11.38 -11.56 -11.50 -11.28 -11.38 -11.47 -11.69 -11.62 -11.81 -11.81 -11.81 -11.75 -11.62 -11.69 -11.47 -10.91 -11.06 -11.09 -10.81 -10.75 -10.69 -10.47 -10.53 -10.66 -10.78 -10.75 -10.75 -10.84 -11.06 -11.22 -11.41 -11.66 -12.00 -12.25 -12.25 -12.44 -12.69 -12.69
-14.19 -14.22 -13.69 -13.34 -12.84 -12.38 -12.50 -12.25 -11.97 -11.66 -11.53 -11.44 -11.50 -11.28 -11.12 -10.94 -10.91 -11.19 -11.00 -10.88 -10.97 -10.97 -11.12 -11.19 -11.31 -11.38 -11.16 -10.91 -10.91 -11.22 -11.34 -11.56 -11.59 -11.28 -11.00 -11.19 -11.44 -11.28 -11.31 -11.53 -11.38 -11.31 -11.38 -11.34 -11.59 -11.25 -11.44 -11.12 -11.03 -10.91 -10.69 -10.69 -10.66 -10.59 -10.66 -10.28 -10.41 -10.75 -10.88 -10.81 -10.81 -10.97 -11.19 -11.34 -11.59 -11.97 -12.38 -12.53 -12.53 -12.53 -12.47
-14.50 -14.41 -14.16 -13.91 -13.38 -12.78 -12.31 -11.91 -11.94 -11.75 -11.44 -11.19 -11.62 -11.53 -11.28 -10.84 -11.03 -10.81 -10.75 -10.94 -11.12 -11.16 -11.16 -11.19 -11.25 -11.28 -11.25 -11.38 -11.25 -11.25 -11.31 -11.22 -11.41 -11.47 -11.38 -11.22 -11.09 -11.06 -11.47 -11.16 -10.69 -10.91 -11.28 -11.56 -11.47 -11.56 -11.34 -11.09 -11.00 -11.00 -10.97 -10.94 -10.47 -10.44 -10.75 -10.75 -10.75 -10.69 -10.78 -10.62 -10.56 -10.97 -11.12 -11.28 -11.56 -11.84 -12.34 -12.69 -12.84 -12.81 -12.44
-14.94 -14.56 -14.22 -13.97 -13.62 -13.22 -12.72 -11.94 -11.62 -11.41 -11.50 -11.41 -11.59 -11.66 -11.31 -10.88 -10.81 -10.81 -10.88 -10.97 -11.16 -11.19 -11.12 -10.75 -11.00 -11.25 -11.22 -11.06 -10.97 -10.88 -10.72 -10.78 -11.03 -10.94 -11.00 -11.25 -11.12 -10.94 -11.09 -11.09 -11.09 -11.34 -11.53 -11.56 -11.56 -11.44 -11.16 -11.00 -10.81 -10.81 -10.81 -10.59 -10.53 -10.59 -10.50 -10.59 -10.66 -10.59 -10.53 -10.50 -10.66 -10.88 -10.81 -11.06 -11.41 -11.84 -12.19 -12.31 -12.69 -12.75 -12.56
-15.19 -14.94 -14.56 -14.28 -13.81 -12.94 -12.53 -11.75 -11.84 -11.69 -11.56 -11.28 -11.28 -11.34 -11.12 -10.94 -10.78 -10.75 -10.75 -10.97 -11.22 -11.25 -11.22 -11.06 -10.88 -10.69 -10.81 -10.78 -10.97 -10.94 -10.88 -11.03 -10.88 -10.50 -10.50 -10.56 -10.38 -10.53 -11.19 -11.16 -10.88 -10.97 -11.19 -11.34 -11.59 -11.56 -11.44 -10.91 -10.66 -10.34 -10.41 -10.53 -10.22 -10.03 -10.34 -10.44 -10.66 -10.84 -10.69 -10.59 -10.81 -11.00 -10.78 -11.12 -11.28 -11.41 -11.66 -11.94 -12.41 -12.44 -12.16
-15.06 -14.84 -14.62 -14.28 -13.66 -13.22 -12.38 -12.12 -12.12 -11.81 -11.44 -11.22 -11.31 -11.19 -10.91 -10.75 -10.69 -10.66 -10.75 -11.09 -11.22 -11.25 -11.16 -11.06 -11.09 -11.25 -11.06 -10.91 -11.06 -11.22 -10.97 -10.91 -10.78 -10.59 -10.25 -10.25 -10.66 -10.91 -11.12 -10.94 -10.94 -11.03 -11.09 -11.28 -11.47 -11.47 -11.25 -11.00 -10.75 -10.50 -10.44 -10.78 -10.62 -10.12 -10.06 -10.16 -10.19 -10.78 -10.56 -10.62 -10.78 -10.78 -10.69 -10.81 -10.94 -11.34 -11.69 -11.84 -11.94 -11.91 -11.88
-15.12 -14.78 -14.50 -13.97 -13.53 -13.16 -12.81 -12.47 -11.97 -11.41 -11.31 -11.28 -11.03 -10.88 -10.59 -10.44 -10.50 -10.78 -10.81 -10.81 -10.88 -10.81 -10.66 -10.78 -11.09 -11.03 -10.88 -10.97 -11.12 -11.09 -10.91 -10.84 -10.50 -10.25 -10.50 -10.66 -10.66 -10.94 -11.06 -10.69 -11.00 -11.06 -11.16 -11.34 -11.41 -11.41 -11.22 -11.12 -10.88 -10.69 -10.66 -10.72 -10.72 -10.28 -10.25 -9.97 -9.97 -10.44 -10.50 -10.69 -10.75 -10.66 -10.75 -10.81 -10.91 -11.03 -11.16 -11.31 -11.59 -11.62 -11.44
-15.00 -14.72 -14.44 -14.06 -13.56 -13.09 -13.03 -12.28 -12.06 -11.59 -10.94 -10.69 -10.62 -10.25 -10.09 -10.09 -10.53 -10.81 -11.03 -10.97 -10.66 -10.56 -10.31 -10.75 -11.00 -11.06 -10.84 -10.44 -10.59 -10.81 -10.56 -10.50 -10.53 -10.59 -10.53 -10.47 -10.56 -10.75 -10.72 -10.38 -10.66 -10.84 -10.88 -11.03 -11.00 -10.97 -11.12 -11.03 -10.94 -10.50 -10.41 -10.31 -10.28 -10.19 -10.12 -9.91 -9.69 -9.88 -10.25 -10.59 -10.59 -10.41 -10.66 -10.88 -10.84 -10.91 -11.06 -11.06 -11.16 -11.03 -10.94
-14.78 -14.41 -14.25 -14.25 -13.81 -13.47 -12.91 -12.38 -11.88 -11.53 -11.16 -10.53 -10.22 -9.91 -10.25 -10.22 -10.19 -10.72 -11.03 -11.06 -11.09 -11.03 -10.56 -10.94 -10.81 -10.47 -10.50 -10.66 -10.84 -10.66 -10.56 -10.56 -10.66 -10.53 -10.41 -10.50 -10.38 -10.41 -10.34 -10.12 -10.25 -10.44 -10.56 -10.56 -10.75 -10.66 -10.66 -10.66 -10.56 -10.66 -10.47 -10.00 -9.91 -9.66 -9.88 -9.97 -9.69 -9.50 -9.53 -10.06 -10.34 -10.34 -10.41 -10.66 -10.88 -10.94 -10.94 -10.91 -10.78 -10.62 -10.44
-14.47 -14.22 -14.06 -14.16 -14.00 -13.53 -13.00 -12.59 -12.09 -11.38 -10.88 -10.41 -10.25 -10.38 -10.38 -10.62 -10.69 -10.81 -10.72 -11.03 -10.94 -10.53 -10.62 -10.75 -10.31 -10.31 -10.78 -10.78 -10.56 -10.25 -10.41 -10.44 -10.34 -10.41 -10.34 -10.28 -10.31 -10.31 -10.34 -10.44 -10.25 -10.31 -10.41 -10.41 -10.41 -10.34 -10.31 -10.31 -10.41 -10.41 -10.16 -10.06 -9.97 -9.56 -9.59 -9.69 -9.66 -9.69 -9.47 -9.69 -9.69 -9.97 -10.34 -10.69 -10.84 -10.78 -10.88 -10.88 -10.69 -10.53 -10.16
-14.25 -14.12 -14.19 -13.97 -13.62 -13.31 -12.88 -12.47 -11.94 -11.47 -11.03 -10.59 -10.38 -10.53 -10.75 -10.72 -10.62 -10.81 -10.88 -10.47 -10.12 -10.16 -10.28 -10.47 -10.97 -11.03 -11.06 -10.72 -10.59 -10.22 -10.16 -10.12 -9.97 -10.28 -10.22 -10.19 -10.38 -10.25 -10.12 -9.94 -9.75 -10.09 -10.34 -10.38 -10.25 -10.06 -10.16 -10.19 -10.12 -10.22 -10.34 -10.12 -9.97 -9.75 -9.53 -9.56 -9.12 -9.00 -9.34 -9.53 -9.72 -10.03 -10.34 -10.59 -10.59 -10.69 -10.84 -10.78 -10.72 -10.47 -10.25
-14.09 -14.06 -13.91 -13.53 -13.34 -13.25 -12.72 -12.16 -11.62 -11.31 -10.94 -10.53 -10.44 -10.62 -10.59 -10.53 -10.59 -10.81 -10.84 -10.78 -10.75 -10.81 -10.81 -10.94 -10.69 -10.97 -11.00 -10.81 -10.44 -10.06 -9.78 -9.69 -9.94 -10.12 -10.00 -9.75 -9.88 -9.91 -9.91 -9.81 -9.56 -9.69 -9.88 -10.25 -10.38 -10.03 -10.19 -10.03 -9.94 -9.97 -10.16 -10.12 -10.09 -9.78 -9.84 -9.53 -9.38 -9.03 -9.00 -8.94 -9.22 -9.62 -10.19 -10.44 -10.53 -10.59 -10.56 -10.41 -10.47 -10.28 -10.16
