everonasctiles/Tile7,20.asc
ncols 128
nrows 128
xllcorner 0
yllcorner 0
cellsize 2.0
NODATA_value  -9999
[rows 34 to 67 of 128, columns 0 to 76 of 128]
42.94 43.34 43.81 44.28 44.72 45.16 45.62 46.09 46.59 47.06 47.59 48.19 48.75 49.31 49.91 50.56 51.09 51.69 52.44 53.03 53.75 54.62 55.31 55.84 56.59 57.12 57.56 58.00 58.31 58.72 59.09 59.44 59.88 60.25 60.38 60.56 60.69 60.66 60.66 60.78 60.75 60.75 60.81 60.97 61.09 61.41 61.69 61.91 62.12 62.44 62.66 63.00 63.31 63.69 64.00 64.34 64.84 64.84 64.81 65.53 65.84 66.31 66.66 66.84 66.94 67.25 67.53 67.81 68.09 68.41 68.75 69.06 69.28 69.62 70.00 70.34 70.72
43.19 43.53 43.97 44.41 44.88 45.34 45.84 46.34 46.81 47.31 47.72 48.34 48.91 49.47 50.06 50.66 51.19 51.78 52.59 53.38 54.06 54.62 55.47 56.22 56.88 57.47 58.03 58.47 58.81 59.25 59.56 59.97 60.09 60.59 60.84 61.00 61.09 61.09 61.09 61.22 61.12 61.12 61.19 61.31 61.47 61.69 62.00 62.28 62.50 62.66 63.06 63.22 63.62 63.97 64.31 64.66 65.09 65.06 65.09 65.81 66.19 66.53 66.97 67.22 67.31 67.56 67.88 68.16 68.44 68.72 69.00 69.31 69.59 69.84 70.16 70.47 70.81
43.38 43.78 44.19 44.62 45.03 45.44 46.00 46.56 47.06 47.53 48.03 48.47 49.03 49.59 50.12 50.72 51.41 52.03 52.72 53.47 54.19 54.88 55.66 56.34 57.03 57.72 58.31 58.84 59.28 59.75 60.06 60.31 60.69 60.78 61.19 61.38 61.44 61.44 61.50 61.56 61.56 61.53 61.56 61.66 61.84 62.09 62.34 62.66 62.88 63.09 63.38 63.62 63.91 64.28 64.59 64.97 65.31 65.34 65.47 66.06 66.47 66.91 67.28 67.56 67.78 67.88 68.22 68.50 68.75 69.03 69.31 69.59 69.81 70.12 70.41 70.62 71.00
43.62 44.03 44.44 44.88 45.34 45.72 46.19 46.78 47.31 47.78 48.28 48.75 49.25 49.81 50.41 51.00 51.50 52.19 52.88 53.53 54.25 54.97 55.66 56.47 57.22 57.88 58.41 58.94 59.44 59.91 60.38 60.69 60.97 61.16 61.41 61.62 61.69 61.75 61.81 61.84 61.88 61.84 61.88 62.03 62.19 62.44 62.75 63.00 63.28 63.56 63.88 64.03 64.31 64.59 64.88 65.22 65.66 65.69 65.75 66.34 66.72 67.16 67.62 67.94 68.22 68.38 68.44 68.81 69.09 69.31 69.59 69.88 70.12 70.31 70.62 70.91 71.12
43.91 44.25 44.69 45.16 45.56 46.03 46.47 46.97 47.53 48.03 48.53 49.03 49.53 50.00 50.59 51.22 51.75 52.28 53.00 53.75 54.47 55.16 55.84 56.47 57.22 57.88 58.44 58.91 59.38 59.94 60.34 60.78 61.03 61.28 61.47 61.69 61.84 61.97 62.00 62.06 62.09 62.12 62.28 62.47 62.66 62.81 63.09 63.44 63.72 63.97 64.31 64.50 64.66 64.91 65.25 65.50 65.97 66.03 66.12 66.69 67.03 67.44 67.91 68.28 68.56 68.81 68.88 69.16 69.41 69.59 69.88 70.16 70.41 70.62 70.81 71.16 71.44
44.19 44.56 44.94 45.34 45.84 46.28 46.75 47.19 47.75 48.28 48.81 49.28 49.75 50.25 50.84 51.44 52.06 52.59 53.12 53.78 54.56 55.22 55.81 56.44 57.19 57.84 58.34 58.72 59.41 59.78 60.31 60.69 60.97 61.16 61.41 61.62 61.84 62.06 62.16 62.25 62.34 62.47 62.56 63.06 63.31 63.28 63.47 63.72 64.19 64.50 64.81 64.94 65.12 65.34 65.56 65.88 66.34 66.44 66.50 66.97 67.38 67.72 68.22 68.62 68.94 69.19 69.38 69.56 69.75 69.94 70.06 70.38 70.69 70.94 71.12 71.34 71.72
44.50 44.84 45.22 45.62 46.03 46.53 47.00 47.50 47.97 48.56 49.03 49.56 50.00 50.56 50.97 51.72 52.31 52.88 53.50 53.91 54.56 55.16 55.75 56.41 57.03 57.62 58.16 58.69 59.16 59.62 60.12 60.53 60.81 61.06 61.25 61.53 61.78 61.97 62.28 62.47 62.72 63.03 63.28 63.75 64.06 64.06 64.03 64.41 64.59 65.06 65.38 65.62 65.78 65.94 66.00 66.25 66.72 66.84 66.88 67.25 67.59 68.06 68.53 69.00 69.31 69.59 69.84 69.91 70.12 70.19 70.38 70.59 70.88 71.16 71.44 71.69 71.91
44.75 45.12 45.50 45.94 46.28 46.75 47.22 47.72 48.25 48.72 49.31 49.81 50.25 50.84 51.38 51.81 52.69 53.34 53.84 54.38 54.66 55.22 55.72 56.19 56.72 57.31 57.91 58.34 58.97 59.50 59.94 60.34 60.56 60.84 61.03 61.25 61.62 61.97 62.44 62.78 63.09 63.41 63.88 64.34 64.78 64.94 64.88 65.09 65.31 65.62 65.75 66.16 66.38 66.50 66.44 66.62 67.06 67.25 67.28 67.53 68.06 68.25 68.81 69.34 69.72 69.88 70.22 70.34 70.34 70.53 70.69 70.88 71.12 71.44 71.72 72.00 72.25
45.03 45.41 45.81 46.19 46.62 47.03 47.47 47.88 48.41 49.00 49.47 50.03 50.59 51.06 51.72 52.31 52.97 53.53 54.28 54.72 55.12 55.44 55.88 56.31 56.81 57.31 57.78 58.31 58.81 59.25 59.69 60.06 60.38 60.66 60.91 61.31 61.69 62.06 62.56 63.03 63.44 63.81 64.22 64.75 65.25 65.59 65.75 65.91 66.03 66.22 66.41 66.44 66.91 67.06 67.03 67.19 67.44 67.69 67.72 67.88 68.50 68.88 69.25 69.66 70.09 70.34 70.56 70.81 70.78 70.97 71.09 71.19 71.44 71.69 72.00 72.31 72.56
45.28 45.69 46.06 46.47 46.88 47.28 47.69 48.12 48.62 49.19 49.78 50.31 50.69 51.38 51.88 52.56 53.16 53.81 54.31 54.88 55.34 55.72 56.06 56.50 56.84 57.31 57.78 58.34 58.81 59.19 59.66 60.06 60.34 60.69 61.03 61.44 61.88 62.28 62.75 63.28 63.69 64.12 64.56 65.03 65.50 65.97 66.38 66.50 66.62 66.81 66.97 67.06 67.34 67.56 67.56 67.66 67.88 68.09 68.12 68.28 68.97 69.41 69.78 70.12 70.44 70.75 70.88 71.19 71.31 71.34 71.47 71.50 71.72 71.97 72.19 72.53 72.81
45.56 45.94 46.34 46.75 47.16 47.53 47.94 48.25 48.81 49.38 49.94 50.53 51.06 51.41 52.12 52.53 53.25 53.78 54.34 54.88 55.28 55.78 56.25 56.66 57.09 57.50 57.94 58.41 58.84 59.22 59.69 60.09 60.44 60.84 61.22 61.62 62.06 62.53 62.91 63.38 64.03 64.47 64.88 65.09 65.69 66.12 66.56 66.91 67.09 67.28 67.44 67.59 67.81 67.94 68.06 68.16 68.38 68.62 68.62 68.78 69.53 69.81 70.25 70.53 70.84 71.12 71.34 71.53 71.72 71.81 71.88 71.94 72.00 72.19 72.44 72.72 73.03
45.81 46.22 46.59 47.00 47.41 47.81 48.16 48.59 48.97 49.47 50.03 50.66 51.22 51.78 52.34 52.84 53.31 53.81 54.34 54.78 55.25 55.78 56.31 56.84 57.25 57.69 58.09 58.53 59.00 59.41 59.88 60.28 60.69 61.06 61.41 61.81 62.28 62.75 63.22 63.75 64.31 64.81 65.22 65.53 65.72 66.34 66.78 67.12 67.38 67.66 67.84 68.03 68.19 68.34 68.47 68.59 68.72 69.09 69.09 69.22 69.94 70.28 70.56 70.94 71.19 71.50 71.78 71.88 72.12 72.19 72.28 72.34 72.31 72.47 72.66 72.91 73.19
46.09 46.50 46.88 47.25 47.66 48.06 48.44 48.81 49.22 49.72 50.22 50.75 51.31 51.91 52.38 52.94 53.44 53.84 54.38 54.81 55.41 55.97 56.47 56.97 57.41 57.81 58.25 58.66 59.19 59.66 60.09 60.53 60.94 61.38 61.75 61.94 62.50 62.94 63.47 64.00 64.56 65.03 65.47 65.81 66.06 66.47 66.91 67.28 67.59 67.91 68.19 68.25 68.53 68.69 68.78 68.97 69.12 69.47 69.50 69.59 70.09 70.53 70.91 71.19 71.53 71.78 72.06 72.28 72.44 72.56 72.66 72.72 72.69 72.81 72.91 73.19 73.41
46.38 46.75 47.16 47.53 47.91 48.31 48.69 49.09 49.53 49.94 50.44 50.94 51.44 51.94 52.47 52.94 53.44 53.97 54.41 54.94 55.53 56.06 56.56 57.03 57.47 57.94 58.38 58.84 59.31 59.81 60.31 60.78 61.25 61.66 62.06 62.44 62.62 63.28 63.66 64.12 64.84 65.34 65.75 66.09 66.38 66.59 66.97 67.34 67.66 68.00 68.31 68.50 68.78 69.00 69.16 69.28 69.47 69.78 69.84 69.88 70.53 70.81 71.12 71.44 71.72 72.03 72.28 72.56 72.75 72.94 73.03 73.06 73.06 73.19 73.28 73.44 73.69
46.66 47.03 47.41 47.78 48.19 48.56 48.94 49.34 49.78 50.22 50.69 51.19 51.62 52.12 52.66 53.06 53.59 54.09 54.56 55.03 55.62 56.16 56.62 57.09 57.53 58.03 58.50 58.91 59.53 60.06 60.56 61.00 61.50 61.97 62.41 62.84 63.16 63.47 64.09 64.62 65.19 65.66 65.97 66.34 66.62 66.88 67.06 67.38 67.72 68.06 68.41 68.69 68.97 69.22 69.44 69.62 69.78 70.06 70.12 70.19 70.66 71.03 71.31 71.59 71.88 72.12 72.47 72.78 73.06 73.25 73.38 73.41 73.47 73.56 73.72 73.81 73.94
46.94 47.31 47.69 48.06 48.44 48.84 49.22 49.62 50.03 50.47 50.94 51.44 51.91 52.25 52.84 53.34 53.81 54.28 54.72 55.16 55.72 56.28 56.75 57.25 57.72 58.22 58.75 59.28 59.72 60.22 60.81 61.34 61.78 62.25 62.78 63.19 63.72 64.09 64.31 64.97 65.53 65.94 66.22 66.56 66.88 67.12 67.25 67.41 67.69 68.00 68.34 68.75 69.12 69.44 69.66 69.88 70.03 70.31 70.44 70.47 70.72 71.12 71.47 71.72 72.03 72.31 72.53 72.91 73.31 73.53 73.69 73.72 73.84 73.97 74.09 74.16 74.28
47.19 47.59 47.97 48.34 48.72 49.09 49.50 49.88 50.31 50.72 51.19 51.66 52.16 52.62 53.03 53.50 54.03 54.47 54.94 55.41 55.91 56.34 56.88 57.38 57.91 58.34 58.94 59.50 60.06 60.56 61.00 61.50 62.19 62.72 63.16 63.62 64.16 64.62 64.97 65.34 65.84 66.19 66.50 66.78 67.09 67.38 67.56 67.69 67.78 68.06 68.38 68.78 69.22 69.59 69.91 70.12 70.28 70.59 70.75 70.78 70.97 71.34 71.59 71.91 72.16 72.44 72.81 73.03 73.38 73.75 73.97 74.12 74.22 74.28 74.44 74.50 74.59
47.47 47.88 48.25 48.66 49.03 49.41 49.78 50.19 50.56 51.00 51.44 51.91 52.41 52.88 53.34 53.78 54.28 54.75 55.06 55.66 56.16 56.66 57.12 57.53 58.06 58.66 59.12 59.72 60.28 60.84 61.38 61.91 62.22 62.94 63.59 64.09 64.59 65.03 65.44 65.75 66.16 66.50 66.75 67.00 67.34 67.56 67.84 67.91 68.09 68.31 68.59 68.94 69.28 69.75 70.09 70.34 70.50 70.81 71.03 71.09 71.19 71.56 71.75 72.09 72.41 72.53 73.06 73.44 73.72 73.94 74.22 74.41 74.50 74.62 74.75 74.88 74.94
47.75 48.16 48.56 48.94 49.31 49.69 50.06 50.47 50.88 51.28 51.72 52.16 52.62 53.12 53.59 54.09 54.53 55.03 55.47 55.75 56.41 56.84 57.41 57.88 58.38 58.94 59.44 59.94 60.44 61.03 61.75 62.31 62.91 63.38 63.91 64.47 64.91 65.44 65.81 66.12 66.28 66.72 67.03 67.28 67.56 67.81 68.00 68.22 68.38 68.62 68.84 69.19 69.53 69.91 70.25 70.53 70.75 71.03 71.34 71.38 71.44 71.84 72.00 72.16 72.59 72.97 73.28 73.72 74.03 74.19 74.41 74.59 74.78 74.91 75.06 75.16 75.25
48.03 48.44 48.84 49.22 49.62 50.00 50.38 50.78 51.16 51.56 52.00 52.44 52.88 53.34 53.84 54.31 54.88 55.28 55.81 56.12 56.72 57.22 57.69 58.19 58.66 59.16 59.75 60.31 60.84 61.25 62.03 62.69 63.28 63.88 64.28 64.84 65.25 65.72 66.03 66.47 66.75 66.81 67.22 67.50 67.75 68.00 68.28 68.38 68.56 68.81 69.16 69.41 69.75 70.09 70.38 70.69 71.00 71.31 71.66 71.66 71.75 72.09 72.34 72.47 72.84 73.25 73.62 73.97 74.31 74.53 74.56 74.72 74.97 75.16 75.31 75.47 75.53
48.31 48.72 49.12 49.53 49.91 50.31 50.69 51.06 51.47 51.88 52.28 52.69 53.12 53.56 54.03 54.53 55.12 55.66 56.06 56.62 57.06 57.56 58.00 58.38 59.00 59.47 60.09 60.66 61.03 61.91 62.38 63.09 63.62 64.16 64.81 65.22 65.62 66.03 66.41 66.75 67.00 67.19 67.34 67.59 67.88 68.19 68.47 68.72 68.94 69.22 69.31 69.69 69.91 70.28 70.59 70.81 71.16 71.53 71.91 71.94 72.00 72.47 72.69 72.84 73.22 73.56 73.88 74.25 74.53 74.81 74.94 75.00 75.09 75.38 75.56 75.69 75.84
48.59 49.00 49.41 49.81 50.22 50.62 51.00 51.41 51.78 52.19 52.56 52.97 53.41 53.81 54.22 54.75 55.25 55.88 56.50 56.88 57.41 57.84 58.22 58.75 59.22 59.81 60.41 60.97 61.56 62.25 62.91 63.47 63.97 64.53 65.09 65.66 66.03 66.38 66.75 67.03 67.25 67.44 67.62 67.84 68.06 68.34 68.69 68.97 69.09 69.47 69.62 69.97 70.22 70.44 70.78 71.09 71.28 71.69 72.22 72.19 72.25 72.81 72.94 73.31 73.56 73.91 74.19 74.47 74.78 75.03 75.22 75.28 75.34 75.56 75.78 75.94 76.09
48.84 49.28 49.69 50.12 50.53 50.91 51.31 51.72 52.09 52.50 52.88 53.28 53.69 54.06 54.47 54.94 55.38 56.00 56.59 57.28 57.62 58.09 58.53 58.94 59.53 60.06 60.56 61.25 61.78 62.47 63.25 63.84 64.38 64.69 65.38 65.91 66.38 66.75 66.97 67.25 67.47 67.62 67.84 68.06 68.34 68.59 68.88 69.16 69.44 69.69 69.97 70.25 70.50 70.72 71.03 71.31 71.56 71.88 72.38 72.38 72.41 73.03 73.31 73.59 73.91 74.19 74.44 74.69 74.97 75.19 75.41 75.50 75.59 75.78 76.00 76.19 76.34
49.12 49.56 49.97 50.41 50.81 51.22 51.62 52.03 52.41 52.81 53.19 53.59 53.97 54.38 54.78 55.19 55.66 56.16 56.84 57.41 57.78 58.44 58.81 59.28 59.72 60.25 60.84 61.41 61.91 62.66 63.41 64.09 64.69 65.19 65.59 66.09 66.44 66.94 67.25 67.47 67.66 67.84 67.91 68.31 68.56 68.84 69.06 69.38 69.62 69.94 70.22 70.47 70.78 71.03 71.31 71.56 71.81 72.16 72.53 72.53 72.59 73.16 73.47 73.78 74.06 74.34 74.59 74.84 75.09 75.34 75.56 75.72 75.84 76.03 76.22 76.38 76.50
49.38 49.81 50.25 50.69 51.12 51.53 51.94 52.34 52.72 53.12 53.50 53.91 54.28 54.66 55.06 55.50 55.94 56.38 56.91 57.53 58.16 58.66 59.16 59.44 59.97 60.34 60.97 61.59 62.19 62.84 63.38 64.19 64.72 65.34 65.88 66.28 66.69 66.94 67.34 67.59 67.81 67.88 68.19 68.31 68.72 69.03 69.31 69.59 69.84 70.09 70.41 70.56 70.91 71.25 71.56 71.75 72.06 72.41 72.69 72.69 72.72 73.16 73.50 73.81 74.12 74.38 74.62 74.91 75.19 75.44 75.66 75.91 76.06 76.25 76.41 76.59 76.62
49.62 50.06 50.53 50.97 51.41 51.81 52.25 52.66 53.03 53.44 53.81 54.22 54.59 54.97 55.38 55.78 56.22 56.69 57.03 57.62 58.16 58.81 59.34 59.81 60.22 60.59 60.94 61.69 62.31 62.94 63.53 64.16 64.84 65.41 65.94 66.38 66.81 67.12 67.44 67.69 67.91 68.09 68.34 68.62 68.88 69.19 69.47 69.72 70.00 70.31 70.56 70.84 70.97 71.31 71.59 72.00 72.28 72.69 72.81 72.81 72.84 73.22 73.50 73.81 74.12 74.34 74.66 74.97 75.25 75.50 75.69 75.97 76.22 76.41 76.59 76.75 76.84
49.84 50.31 50.78 51.25 51.69 52.12 52.53 52.94 53.34 53.75 54.12 54.50 54.88 55.25 55.66 56.03 56.50 56.94 57.38 57.69 58.25 58.91 59.44 59.97 60.44 60.78 61.12 61.78 62.38 62.94 63.59 64.19 64.84 65.38 65.84 66.38 66.84 67.19 67.47 67.72 67.94 68.12 68.41 68.72 68.91 69.25 69.53 69.78 70.12 70.44 70.75 71.03 71.31 71.62 71.97 72.28 72.53 72.91 72.94 72.94 73.06 73.28 73.56 73.84 74.06 74.34 74.69 74.94 75.28 75.50 75.75 75.97 76.28 76.53 76.75 76.81 77.00
50.09 50.56 51.03 51.50 51.94 52.41 52.84 53.25 53.66 54.06 54.44 54.81 55.19 55.56 55.94 56.31 56.72 57.19 57.66 58.09 58.56 59.06 59.47 60.06 60.50 60.88 61.31 61.78 62.31 63.00 63.59 64.25 64.88 65.44 66.00 66.47 66.88 67.22 67.50 67.75 67.97 68.19 68.41 68.72 69.00 69.28 69.50 69.75 70.12 70.50 70.84 71.12 71.56 71.88 72.00 72.50 72.81 73.09 73.09 73.09 73.25 73.44 73.62 73.88 74.16 74.47 74.78 75.06 75.31 75.50 75.84 76.16 76.44 76.59 76.88 77.03 77.06
50.31 50.81 51.28 51.75 52.22 52.66 53.12 53.56 53.97 54.38 54.75 55.12 55.50 55.84 56.19 56.56 56.97 57.31 57.81 58.31 58.75 59.28 59.69 60.06 60.53 61.06 61.53 62.00 62.44 63.03 63.66 64.28 64.84 65.41 66.00 66.38 66.88 67.19 67.53 67.75 67.94 68.12 68.38 68.66 69.00 69.25 69.56 69.84 70.16 70.44 70.81 71.28 71.62 72.03 72.38 72.62 72.97 73.28 73.28 73.28 73.41 73.62 73.81 74.06 74.31 74.62 74.91 75.12 75.38 75.69 75.97 76.31 76.59 76.81 77.03 77.19 77.25
50.53 51.03 51.50 52.00 52.47 52.94 53.41 53.84 54.28 54.69 55.06 55.44 55.81 56.12 56.47 56.84 57.22 57.62 58.00 58.38 58.91 59.34 59.78 60.28 60.69 61.19 61.72 62.19 62.62 63.03 63.62 64.31 64.94 65.44 65.88 66.44 66.78 67.19 67.50 67.69 67.91 68.12 68.44 68.75 69.03 69.34 69.69 69.97 70.25 70.56 70.94 71.22 71.69 72.16 72.53 72.88 73.16 73.50 73.47 73.47 73.62 73.75 74.03 74.25 74.44 74.78 75.06 75.31 75.53 75.81 76.12 76.41 76.72 76.97 77.19 77.34 77.47
50.75 51.25 51.75 52.22 52.72 53.19 53.66 54.12 54.56 55.00 55.41 55.78 56.12 56.44 56.78 57.09 57.44 57.84 58.25 58.66 59.00 59.44 59.94 60.44 60.88 61.41 61.84 62.31 62.78 63.25 63.75 64.34 64.91 65.50 65.97 66.34 66.81 67.12 67.31 67.62 67.91 68.22 68.53 68.81 69.12 69.50 69.81 70.12 70.44 70.72 71.06 71.34 71.78 72.22 72.66 73.00 73.31 73.69 73.66 73.66 73.94 74.03 74.22 74.47 74.69 74.84 75.16 75.50 75.75 76.00 76.19 76.53 76.81 77.06 77.28 77.47 77.62
50.94 51.44 51.94 52.47 52.94 53.44 53.94 54.41 54.84 55.28 55.72 56.09 56.47 56.78 57.06 57.38 57.72 58.06 58.47 58.84 59.25 59.66 60.12 60.59 61.00 61.50 62.06 62.50 62.94 63.41 63.84 64.41 64.91 65.47 65.94 66.34 66.69 67.00 67.34 67.66 67.94 68.34 68.59 68.97 69.34 69.66 69.97 70.22 70.56 70.88 71.19 71.53 71.78 72.25 72.66 73.03 73.53 73.78 73.78 73.81 74.16 74.31 74.41 74.69 74.88 75.12 75.38 75.66 75.94 76.19 76.41 76.62 76.88 77.12 77.31 77.56 77.75
51.12 51.66 52.16 52.66 53.19 53.69 54.19 54.66 55.12 55.59 56.03 56.44 56.78 57.12 57.41 57.66 57.97 58.31 58.69 59.12 59.56 59.94 60.38 60.81 61.31 61.78 62.25 62.66 63.16 63.53 64.03 64.44 64.91 65.41 65.88 66.28 66.69 67.03 67.38 67.72 68.16 68.50 68.84 69.22 69.56 69.84 70.06 70.41 70.69 70.97 71.34 71.66 72.00 72.38 72.66 73.06 73.78 73.84 73.84 74.06 74.38 74.41 74.69 74.91 75.12 75.34 75.50 75.75 76.09 76.38 76.59 76.78 77.00 77.22 77.41 77.59 77.78
51.31 51.84 52.38 52.88 53.41 53.91 54.44 54.94 55.41 55.91 56.34 56.75 57.12 57.47 57.75 58.00 58.22 58.56 58.94 59.34 59.78 60.22 60.59 61.09 61.56 62.00 62.38 62.81 63.31 63.72 64.16 64.59 64.97 65.38 65.88 66.31 66.72 67.09 67.50 67.94 68.34 68.72 69.06 69.44 69.78 70.03 70.28 70.53 70.84 71.12 71.44 71.78 72.06 72.47 72.75 73.38 73.81 73.81 73.84 74.38 74.53 74.66 74.88 75.12 75.34 75.59 75.78 75.97 76.25 76.50 76.72 76.91 77.12 77.31 77.44 77.66 77.81
