everonasctiles/Tile[5,41].asc
ncols 128
nrows 128
xllcorner 0
yllcorner 0
cellsize 2.0
NODATA_value  -9999
[rows 96 to 127 of 128, columns 0 to 70 of 128]
-75.81 -75.62 -75.97 -76.44 -76.72 -76.97 -77.22 -77.47 -77.66 -77.84 -78.03 -78.16 -78.28 -78.34 -78.41 -78.41 -78.44 -78.44 -78.50 -78.56 -78.66 -78.75 -78.78 -78.81 -78.81 -78.81 -78.81 -78.84 -78.88 -78.88 -78.88 -78.84 -78.78 -78.69 -78.59 -78.56 -78.56 -78.59 -78.62 -78.66 -78.72 -78.81 -78.91 -79.03 -79.16 -79.25 -79.34 -79.41 -79.44 -79.50 -79.53 -79.56 -79.59 -79.62 -79.66 -79.66 -79.69 -79.72 -79.81 -79.97 -80.16 -80.41 -80.62 -80.84 -81.09 -81.31 -81.50 -81.69 -81.81 -81.94 -82.03
-76.09 -75.81 -76.09 -76.59 -76.88 -77.12 -77.38 -77.62 -77.81 -78.00 -78.16 -78.31 -78.41 -78.47 -78.53 -78.56 -78.56 -78.56 -78.62 -78.69 -78.78 -78.84 -78.94 -78.97 -78.97 -78.97 -78.97 -78.97 -79.00 -79.03 -79.03 -78.97 -78.88 -78.81 -78.75 -78.75 -78.75 -78.78 -78.81 -78.88 -78.91 -78.97 -79.06 -79.19 -79.31 -79.44 -79.53 -79.59 -79.66 -79.72 -79.75 -79.78 -79.81 -79.81 -79.84 -79.84 -79.88 -79.88 -79.91 -80.00 -80.19 -80.41 -80.62 -80.88 -81.12 -81.34 -81.56 -81.75 -81.91 -82.00 -82.09
-76.41 -76.09 -76.28 -76.75 -77.03 -77.28 -77.53 -77.78 -78.00 -78.16 -78.31 -78.44 -78.53 -78.62 -78.66 -78.69 -78.72 -78.72 -78.75 -78.78 -78.88 -78.97 -79.03 -79.09 -79.09 -79.09 -79.09 -79.09 -79.12 -79.16 -79.12 -79.09 -79.00 -78.94 -78.94 -78.94 -78.94 -78.97 -79.00 -79.06 -79.09 -79.19 -79.25 -79.34 -79.47 -79.59 -79.69 -79.78 -79.84 -79.91 -79.94 -80.00 -80.00 -80.03 -80.03 -80.03 -80.03 -80.03 -80.06 -80.12 -80.25 -80.44 -80.66 -80.91 -81.16 -81.38 -81.59 -81.81 -81.97 -82.09 -82.19
-76.69 -76.41 -76.56 -76.94 -77.19 -77.41 -77.66 -77.91 -78.12 -78.31 -78.47 -78.59 -78.69 -78.75 -78.81 -78.81 -78.84 -78.84 -78.84 -78.91 -78.97 -79.06 -79.16 -79.22 -79.22 -79.22 -79.22 -79.25 -79.25 -79.28 -79.28 -79.22 -79.19 -79.16 -79.12 -79.16 -79.16 -79.16 -79.19 -79.25 -79.31 -79.38 -79.44 -79.53 -79.62 -79.75 -79.84 -79.94 -80.03 -80.09 -80.16 -80.19 -80.19 -80.22 -80.19 -80.19 -80.19 -80.19 -80.22 -80.28 -80.38 -80.53 -80.72 -80.97 -81.22 -81.47 -81.69 -81.88 -82.03 -82.19 -82.28
-77.00 -76.75 -76.88 -77.19 -77.38 -77.59 -77.81 -78.06 -78.28 -78.50 -78.66 -78.75 -78.84 -78.91 -78.94 -78.97 -78.97 -78.97 -78.97 -79.00 -79.06 -79.16 -79.25 -79.31 -79.34 -79.38 -79.38 -79.38 -79.41 -79.41 -79.41 -79.41 -79.38 -79.34 -79.34 -79.38 -79.38 -79.34 -79.38 -79.44 -79.50 -79.56 -79.66 -79.72 -79.81 -79.91 -80.00 -80.09 -80.19 -80.25 -80.31 -80.34 -80.38 -80.38 -80.38 -80.34 -80.34 -80.38 -80.41 -80.47 -80.56 -80.69 -80.88 -81.09 -81.31 -81.56 -81.78 -81.97 -82.12 -82.28 -82.38
-77.19 -77.00 -77.19 -77.44 -77.59 -77.78 -78.00 -78.22 -78.44 -78.66 -78.81 -78.91 -79.00 -79.03 -79.06 -79.06 -79.06 -79.06 -79.06 -79.09 -79.16 -79.25 -79.31 -79.41 -79.47 -79.47 -79.50 -79.53 -79.53 -79.56 -79.56 -79.56 -79.56 -79.56 -79.56 -79.59 -79.56 -79.56 -79.56 -79.62 -79.69 -79.75 -79.84 -79.91 -79.97 -80.03 -80.12 -80.22 -80.31 -80.41 -80.47 -80.50 -80.53 -80.53 -80.50 -80.50 -80.50 -80.50 -80.56 -80.62 -80.75 -80.88 -81.06 -81.25 -81.47 -81.69 -81.88 -82.06 -82.25 -82.38 -82.47
-77.34 -77.19 -77.44 -77.66 -77.84 -78.03 -78.19 -78.41 -78.62 -78.81 -78.94 -79.06 -79.12 -79.16 -79.19 -79.19 -79.19 -79.16 -79.16 -79.19 -79.22 -79.31 -79.41 -79.47 -79.53 -79.59 -79.62 -79.66 -79.66 -79.69 -79.72 -79.72 -79.75 -79.75 -79.78 -79.78 -79.78 -79.75 -79.75 -79.78 -79.88 -79.94 -80.00 -80.06 -80.12 -80.19 -80.28 -80.38 -80.47 -80.53 -80.59 -80.66 -80.66 -80.66 -80.66 -80.62 -80.62 -80.66 -80.69 -80.78 -80.94 -81.06 -81.25 -81.44 -81.62 -81.84 -82.03 -82.19 -82.34 -82.47 -82.56
-77.44 -77.41 -77.69 -77.91 -78.12 -78.28 -78.44 -78.59 -78.78 -78.97 -79.09 -79.19 -79.25 -79.28 -79.28 -79.28 -79.28 -79.25 -79.25 -79.25 -79.31 -79.38 -79.47 -79.53 -79.62 -79.66 -79.72 -79.75 -79.78 -79.81 -79.84 -79.88 -79.91 -79.94 -79.97 -79.97 -79.97 -79.94 -79.94 -79.97 -80.03 -80.09 -80.16 -80.19 -80.25 -80.31 -80.41 -80.50 -80.59 -80.66 -80.72 -80.78 -80.81 -80.81 -80.78 -80.75 -80.75 -80.78 -80.84 -80.97 -81.09 -81.28 -81.44 -81.62 -81.84 -82.03 -82.19 -82.34 -82.47 -82.59 -82.69
-77.59 -77.66 -77.91 -78.16 -78.38 -78.53 -78.69 -78.84 -79.00 -79.12 -79.25 -79.31 -79.38 -79.38 -79.38 -79.38 -79.38 -79.34 -79.34 -79.34 -79.38 -79.44 -79.53 -79.59 -79.69 -79.75 -79.78 -79.84 -79.88 -79.94 -79.97 -80.03 -80.06 -80.09 -80.12 -80.16 -80.16 -80.12 -80.12 -80.16 -80.19 -80.25 -80.28 -80.31 -80.38 -80.44 -80.50 -80.62 -80.72 -80.78 -80.88 -80.91 -80.94 -80.94 -80.91 -80.88 -80.88 -80.91 -81.00 -81.12 -81.28 -81.44 -81.62 -81.84 -82.03 -82.19 -82.34 -82.50 -82.62 -82.72 -82.81
-77.78 -77.91 -78.16 -78.38 -78.59 -78.78 -78.94 -79.06 -79.19 -79.31 -79.41 -79.44 -79.47 -79.47 -79.47 -79.47 -79.44 -79.44 -79.41 -79.44 -79.44 -79.50 -79.56 -79.66 -79.72 -79.81 -79.84 -79.91 -79.97 -80.03 -80.06 -80.12 -80.19 -80.25 -80.28 -80.31 -80.31 -80.31 -80.31 -80.31 -80.34 -80.38 -80.41 -80.44 -80.47 -80.53 -80.59 -80.72 -80.81 -80.91 -81.00 -81.03 -81.06 -81.06 -81.03 -81.00 -81.00 -81.03 -81.12 -81.25 -81.44 -81.62 -81.81 -82.00 -82.22 -82.38 -82.53 -82.66 -82.75 -82.84 -82.91
-78.00 -78.16 -78.34 -78.56 -78.78 -79.00 -79.16 -79.28 -79.41 -79.47 -79.53 -79.56 -79.56 -79.56 -79.56 -79.56 -79.53 -79.53 -79.50 -79.50 -79.53 -79.56 -79.62 -79.69 -79.78 -79.84 -79.91 -79.97 -80.03 -80.09 -80.16 -80.22 -80.28 -80.34 -80.41 -80.44 -80.47 -80.47 -80.50 -80.50 -80.50 -80.53 -80.53 -80.53 -80.56 -80.59 -80.69 -80.78 -80.91 -81.00 -81.09 -81.16 -81.19 -81.19 -81.16 -81.12 -81.12 -81.12 -81.25 -81.41 -81.59 -81.78 -81.97 -82.16 -82.38 -82.53 -82.69 -82.81 -82.88 -82.97 -83.03
-78.22 -78.38 -78.56 -78.75 -78.97 -79.19 -79.34 -79.47 -79.56 -79.66 -79.69 -79.69 -79.66 -79.66 -79.66 -79.62 -79.62 -79.62 -79.59 -79.59 -79.59 -79.62 -79.66 -79.75 -79.81 -79.88 -79.94 -80.03 -80.09 -80.16 -80.22 -80.31 -80.38 -80.47 -80.53 -80.56 -80.59 -80.62 -80.66 -80.66 -80.66 -80.66 -80.66 -80.66 -80.66 -80.69 -80.75 -80.84 -80.97 -81.09 -81.19 -81.25 -81.28 -81.31 -81.28 -81.25 -81.25 -81.25 -81.34 -81.50 -81.72 -81.91 -82.09 -82.31 -82.50 -82.69 -82.84 -82.94 -83.03 -83.09 -83.12
-78.41 -78.56 -78.75 -78.94 -79.12 -79.31 -79.50 -79.62 -79.72 -79.78 -79.78 -79.78 -79.75 -79.75 -79.72 -79.72 -79.72 -79.72 -79.69 -79.69 -79.69 -79.69 -79.72 -79.78 -79.84 -79.91 -79.97 -80.06 -80.12 -80.22 -80.28 -80.38 -80.47 -80.56 -80.62 -80.69 -80.75 -80.78 -80.78 -80.81 -80.81 -80.78 -80.78 -80.78 -80.75 -80.78 -80.84 -80.94 -81.06 -81.16 -81.25 -81.34 -81.38 -81.41 -81.44 -81.41 -81.38 -81.34 -81.44 -81.59 -81.78 -82.00 -82.22 -82.44 -82.62 -82.81 -82.97 -83.09 -83.16 -83.22 -83.25
-78.59 -78.75 -78.94 -79.09 -79.28 -79.47 -79.62 -79.75 -79.84 -79.88 -79.91 -79.88 -79.84 -79.84 -79.81 -79.81 -79.81 -79.81 -79.78 -79.78 -79.75 -79.75 -79.78 -79.78 -79.84 -79.91 -79.97 -80.06 -80.16 -80.25 -80.34 -80.44 -80.56 -80.66 -80.75 -80.81 -80.84 -80.88 -80.91 -80.94 -80.94 -80.91 -80.91 -80.88 -80.88 -80.91 -80.97 -81.06 -81.16 -81.25 -81.34 -81.44 -81.50 -81.56 -81.56 -81.56 -81.53 -81.50 -81.50 -81.66 -81.88 -82.09 -82.31 -82.53 -82.75 -82.91 -83.09 -83.19 -83.28 -83.31 -83.34
-78.72 -78.91 -79.09 -79.28 -79.44 -79.59 -79.75 -79.88 -79.94 -79.97 -79.97 -79.97 -79.94 -79.94 -79.94 -79.94 -79.94 -79.91 -79.88 -79.88 -79.84 -79.84 -79.84 -79.84 -79.84 -79.91 -79.97 -80.06 -80.16 -80.28 -80.38 -80.50 -80.62 -80.72 -80.81 -80.91 -80.97 -81.00 -81.03 -81.03 -81.03 -81.03 -81.00 -81.00 -81.00 -81.03 -81.09 -81.16 -81.25 -81.38 -81.47 -81.56 -81.62 -81.69 -81.72 -81.69 -81.66 -81.62 -81.62 -81.72 -81.91 -82.16 -82.38 -82.62 -82.81 -83.00 -83.16 -83.31 -83.38 -83.44 -83.47
-78.84 -79.03 -79.22 -79.41 -79.59 -79.75 -79.88 -79.97 -80.03 -80.06 -80.06 -80.06 -80.03 -80.03 -80.03 -80.03 -80.03 -80.00 -80.00 -79.97 -79.94 -79.91 -79.91 -79.88 -79.84 -79.88 -79.94 -80.03 -80.16 -80.28 -80.44 -80.56 -80.66 -80.78 -80.88 -80.97 -81.03 -81.09 -81.12 -81.16 -81.16 -81.16 -81.16 -81.12 -81.16 -81.19 -81.22 -81.28 -81.38 -81.47 -81.56 -81.66 -81.75 -81.81 -81.84 -81.84 -81.84 -81.81 -81.78 -81.81 -82.00 -82.22 -82.44 -82.66 -82.84 -83.06 -83.25 -83.41 -83.50 -83.53 -83.56
-78.97 -79.16 -79.34 -79.53 -79.72 -79.88 -79.97 -80.06 -80.12 -80.16 -80.16 -80.16 -80.12 -80.12 -80.12 -80.12 -80.12 -80.09 -80.06 -80.03 -80.00 -79.97 -79.97 -79.91 -79.88 -79.88 -79.94 -80.03 -80.16 -80.31 -80.44 -80.59 -80.72 -80.81 -80.94 -81.03 -81.09 -81.19 -81.22 -81.25 -81.28 -81.28 -81.28 -81.28 -81.28 -81.31 -81.38 -81.41 -81.50 -81.56 -81.69 -81.78 -81.88 -81.94 -82.00 -82.00 -82.00 -81.97 -82.00 -82.03 -82.12 -82.31 -82.50 -82.69 -82.91 -83.09 -83.28 -83.47 -83.59 -83.62 -83.66
-79.12 -79.31 -79.50 -79.69 -79.84 -80.00 -80.09 -80.19 -80.22 -80.25 -80.25 -80.25 -80.22 -80.22 -80.19 -80.19 -80.19 -80.19 -80.16 -80.12 -80.09 -80.06 -80.00 -79.97 -79.91 -79.88 -79.91 -80.00 -80.16 -80.31 -80.47 -80.59 -80.72 -80.84 -80.94 -81.03 -81.16 -81.22 -81.28 -81.34 -81.38 -81.41 -81.41 -81.41 -81.44 -81.44 -81.47 -81.53 -81.59 -81.69 -81.78 -81.88 -81.97 -82.06 -82.12 -82.16 -82.16 -82.16 -82.16 -82.22 -82.31 -82.47 -82.62 -82.81 -82.97 -83.16 -83.38 -83.53 -83.66 -83.72 -83.75
-79.25 -79.44 -79.66 -79.84 -80.00 -80.12 -80.22 -80.28 -80.31 -80.34 -80.34 -80.31 -80.31 -80.28 -80.28 -80.25 -80.25 -80.25 -80.22 -80.19 -80.16 -80.12 -80.06 -80.00 -79.94 -79.88 -79.91 -80.00 -80.12 -80.28 -80.44 -80.59 -80.72 -80.81 -80.94 -81.03 -81.16 -81.28 -81.34 -81.44 -81.47 -81.50 -81.53 -81.53 -81.56 -81.56 -81.59 -81.62 -81.69 -81.78 -81.88 -82.00 -82.09 -82.19 -82.25 -82.28 -82.31 -82.31 -82.34 -82.41 -82.50 -82.62 -82.78 -82.94 -83.09 -83.28 -83.44 -83.59 -83.75 -83.81 -83.84
-79.38 -79.59 -79.78 -79.97 -80.16 -80.28 -80.34 -80.41 -80.44 -80.44 -80.44 -80.41 -80.38 -80.34 -80.34 -80.34 -80.34 -80.31 -80.28 -80.25 -80.22 -80.19 -80.12 -80.06 -79.97 -79.91 -79.91 -79.97 -80.09 -80.25 -80.38 -80.53 -80.66 -80.78 -80.88 -81.03 -81.16 -81.28 -81.41 -81.50 -81.56 -81.59 -81.62 -81.66 -81.66 -81.69 -81.69 -81.72 -81.78 -81.88 -81.97 -82.09 -82.22 -82.31 -82.38 -82.44 -82.47 -82.47 -82.50 -82.56 -82.66 -82.81 -82.94 -83.09 -83.25 -83.38 -83.53 -83.69 -83.81 -83.88 -83.94
-79.50 -79.72 -79.94 -80.09 -80.25 -80.38 -80.47 -80.53 -80.53 -80.53 -80.53 -80.50 -80.47 -80.44 -80.44 -80.41 -80.41 -80.38 -80.34 -80.31 -80.28 -80.25 -80.19 -80.12 -80.03 -79.94 -79.91 -79.94 -80.03 -80.16 -80.31 -80.44 -80.56 -80.69 -80.84 -81.00 -81.16 -81.31 -81.47 -81.56 -81.62 -81.66 -81.72 -81.72 -81.75 -81.78 -81.78 -81.81 -81.88 -81.97 -82.09 -82.22 -82.31 -82.41 -82.50 -82.56 -82.59 -82.62 -82.66 -82.75 -82.81 -82.94 -83.09 -83.22 -83.38 -83.50 -83.62 -83.75 -83.88 -83.94 -83.97
-79.56 -79.81 -80.03 -80.19 -80.34 -80.44 -80.53 -80.59 -80.62 -80.62 -80.59 -80.59 -80.56 -80.53 -80.50 -80.50 -80.47 -80.44 -80.44 -80.41 -80.38 -80.34 -80.28 -80.19 -80.09 -80.00 -79.91 -79.91 -79.97 -80.06 -80.19 -80.34 -80.47 -80.62 -80.81 -81.00 -81.19 -81.38 -81.50 -81.62 -81.69 -81.72 -81.78 -81.81 -81.81 -81.84 -81.88 -81.94 -82.00 -82.06 -82.19 -82.31 -82.44 -82.53 -82.59 -82.66 -82.72 -82.75 -82.81 -82.88 -82.97 -83.06 -83.22 -83.34 -83.47 -83.59 -83.72 -83.81 -83.91 -83.97 -84.00
-79.66 -79.91 -80.09 -80.25 -80.38 -80.50 -80.59 -80.69 -80.72 -80.72 -80.69 -80.69 -80.62 -80.59 -80.59 -80.56 -80.53 -80.53 -80.50 -80.47 -80.44 -80.41 -80.34 -80.25 -80.12 -80.03 -79.94 -79.88 -79.91 -80.00 -80.12 -80.25 -80.44 -80.62 -80.81 -81.03 -81.22 -81.41 -81.56 -81.66 -81.75 -81.78 -81.81 -81.84 -81.88 -81.91 -81.94 -82.00 -82.06 -82.16 -82.28 -82.41 -82.50 -82.59 -82.69 -82.75 -82.78 -82.84 -82.91 -82.97 -83.06 -83.19 -83.31 -83.44 -83.53 -83.66 -83.75 -83.88 -83.94 -84.00 -84.03
-79.78 -80.00 -80.19 -80.31 -80.44 -80.56 -80.66 -80.75 -80.78 -80.81 -80.78 -80.75 -80.72 -80.69 -80.66 -80.62 -80.62 -80.59 -80.56 -80.56 -80.53 -80.47 -80.41 -80.31 -80.19 -80.06 -79.97 -79.88 -79.81 -79.91 -80.06 -80.22 -80.44 -80.62 -80.88 -81.06 -81.28 -81.47 -81.62 -81.72 -81.78 -81.84 -81.88 -81.91 -81.94 -81.97 -82.00 -82.03 -82.12 -82.22 -82.34 -82.44 -82.56 -82.66 -82.72 -82.78 -82.84 -82.91 -82.97 -83.06 -83.16 -83.28 -83.41 -83.50 -83.59 -83.72 -83.81 -83.88 -83.94 -84.00 -84.00
-79.91 -80.09 -80.25 -80.41 -80.50 -80.62 -80.75 -80.81 -80.88 -80.91 -80.88 -80.84 -80.78 -80.75 -80.72 -80.69 -80.69 -80.66 -80.62 -80.62 -80.59 -80.53 -80.47 -80.34 -80.25 -80.12 -80.00 -79.94 -79.81 -79.84 -80.03 -80.25 -80.47 -80.69 -80.94 -81.16 -81.34 -81.53 -81.69 -81.78 -81.88 -81.91 -81.94 -81.97 -82.00 -82.03 -82.06 -82.09 -82.16 -82.25 -82.38 -82.47 -82.59 -82.66 -82.72 -82.78 -82.84 -82.94 -83.03 -83.12 -83.25 -83.38 -83.47 -83.56 -83.66 -83.75 -83.84 -83.91 -83.94 -83.97 -84.00
-80.03 -80.19 -80.34 -80.47 -80.59 -80.72 -80.81 -80.91 -80.97 -80.97 -80.97 -80.91 -80.88 -80.81 -80.78 -80.78 -80.75 -80.72 -80.69 -80.66 -80.62 -80.56 -80.50 -80.41 -80.28 -80.19 -80.06 -80.00 -79.94 -79.91 -80.09 -80.31 -80.53 -80.75 -81.00 -81.22 -81.41 -81.59 -81.75 -81.88 -81.97 -82.00 -82.03 -82.09 -82.12 -82.16 -82.16 -82.19 -82.25 -82.31 -82.41 -82.50 -82.56 -82.62 -82.69 -82.75 -82.84 -82.94 -83.03 -83.16 -83.28 -83.41 -83.53 -83.62 -83.69 -83.78 -83.84 -83.91 -83.94 -83.97 -84.00
-80.12 -80.31 -80.44 -80.56 -80.69 -80.81 -80.91 -81.00 -81.06 -81.06 -81.03 -81.00 -80.94 -80.91 -80.88 -80.84 -80.81 -80.78 -80.72 -80.69 -80.62 -80.56 -80.50 -80.41 -80.31 -80.22 -80.16 -80.09 -80.06 -80.06 -80.16 -80.38 -80.59 -80.81 -81.06 -81.28 -81.50 -81.69 -81.84 -82.00 -82.06 -82.12 -82.16 -82.22 -82.25 -82.28 -82.31 -82.31 -82.34 -82.41 -82.47 -82.50 -82.56 -82.59 -82.66 -82.72 -82.81 -82.94 -83.03 -83.16 -83.31 -83.41 -83.53 -83.62 -83.69 -83.75 -83.81 -83.88 -83.91 -83.94 -83.97
-80.22 -80.38 -80.53 -80.66 -80.78 -80.91 -81.00 -81.09 -81.12 -81.12 -81.09 -81.06 -81.03 -80.97 -80.94 -80.91 -80.84 -80.78 -80.75 -80.66 -80.59 -80.53 -80.47 -80.41 -80.31 -80.28 -80.22 -80.22 -80.22 -80.25 -80.31 -80.47 -80.66 -80.88 -81.09 -81.34 -81.56 -81.78 -81.97 -82.09 -82.19 -82.25 -82.31 -82.34 -82.41 -82.44 -82.47 -82.47 -82.47 -82.50 -82.53 -82.56 -82.56 -82.56 -82.62 -82.72 -82.81 -82.94 -83.06 -83.19 -83.28 -83.41 -83.50 -83.59 -83.66 -83.72 -83.78 -83.81 -83.84 -83.88 -83.91
-80.31 -80.44 -80.59 -80.75 -80.88 -81.00 -81.09 -81.19 -81.22 -81.22 -81.19 -81.16 -81.09 -81.06 -81.00 -80.94 -80.88 -80.81 -80.72 -80.66 -80.56 -80.50 -80.44 -80.38 -80.34 -80.34 -80.34 -80.38 -80.38 -80.44 -80.50 -80.59 -80.75 -80.97 -81.19 -81.41 -81.66 -81.88 -82.06 -82.22 -82.31 -82.38 -82.44 -82.50 -82.56 -82.59 -82.62 -82.62 -82.62 -82.62 -82.62 -82.59 -82.56 -82.56 -82.62 -82.72 -82.84 -82.94 -83.06 -83.19 -83.28 -83.38 -83.44 -83.53 -83.62 -83.66 -83.72 -83.75 -83.78 -83.81 -83.84
-80.38 -80.53 -80.69 -80.81 -80.97 -81.09 -81.19 -81.25 -81.28 -81.28 -81.25 -81.22 -81.19 -81.12 -81.06 -81.00 -80.91 -80.81 -80.72 -80.62 -80.53 -80.44 -80.38 -80.34 -80.38 -80.44 -80.50 -80.53 -80.59 -80.62 -80.69 -80.78 -80.91 -81.09 -81.28 -81.50 -81.75 -81.97 -82.16 -82.31 -82.44 -82.50 -82.56 -82.62 -82.69 -82.75 -82.78 -82.78 -82.75 -82.72 -82.69 -82.66 -82.62 -82.59 -82.66 -82.75 -82.84 -82.97 -83.06 -83.16 -83.25 -83.31 -83.41 -83.47 -83.53 -83.59 -83.62 -83.66 -83.69 -83.75 -83.78
-80.44 -80.59 -80.75 -80.91 -81.06 -81.19 -81.25 -81.31 -81.34 -81.34 -81.34 -81.31 -81.25 -81.19 -81.12 -81.03 -80.94 -80.81 -80.69 -80.59 -80.50 -80.41 -80.34 -80.38 -80.44 -80.53 -80.66 -80.72 -80.78 -80.81 -80.88 -80.97 -81.09 -81.25 -81.44 -81.62 -81.84 -82.06 -82.25 -82.41 -82.53 -82.62 -82.69 -82.75 -82.81 -82.88 -82.91 -82.91 -82.88 -82.84 -82.78 -82.72 -82.69 -82.66 -82.69 -82.78 -82.88 -83.00 -83.06 -83.16 -83.22 -83.28 -83.34 -83.41 -83.47 -83.50 -83.56 -83.59 -83.62 -83.69 -83.72
-80.47 -80.66 -80.81 -81.00 -81.12 -81.25 -81.34 -81.38 -81.44 -81.44 -81.41 -81.38 -81.31 -81.25 -81.16 -81.06 -80.94 -80.81 -80.69 -80.56 -80.47 -80.38 -80.31 -80.41 -80.53 -80.66 -80.81 -80.91 -80.97 -81.03 -81.09 -81.19 -81.31 -81.41 -81.56 -81.75 -81.94 -82.16 -82.34 -82.50 -82.62 -82.72 -82.78 -82.84 -82.91 -82.97 -83.03 -83.03 -83.00 -82.94 -82.88 -82.81 -82.75 -82.72 -82.75 -82.81 -82.88 -82.97 -83.06 -83.09 -83.16 -83.22 -83.28 -83.34 -83.41 -83.44 -83.50 -83.53 -83.59 -83.62 -83.69
