everonasctiles/Tile[32,14].asc
ncols 128
nrows 128
xllcorner 0
yllcorner 0
cellsize 2.0
NODATA_value  -9999
[rows 96 to 127 of 128, columns 0 to 70 of 128]
189.16 188.50 187.81 187.16 186.50 185.81 185.03 184.25 183.56 182.97 182.44 181.94 181.44 180.84 180.28 179.81 179.41 179.00 178.66 178.28 177.94 177.56 177.03 176.59 176.22 175.81 175.41 175.03 174.62 174.22 173.84 173.44 173.06 172.69 172.31 171.94 171.56 171.22 170.84 170.44 170.12 169.81 169.50 169.19 168.91 168.59 168.28 167.97 167.69 167.38 167.06 166.75 166.47 166.16 165.88 165.56 165.28 165.00 164.69 164.41 164.12 163.84 163.59 163.31 163.03 162.72 162.41 162.19 161.97 161.75 161.56
188.94 188.28 187.66 187.03 186.38 185.78 185.09 184.41 183.75 183.19 182.62 182.09 181.66 181.19 180.69 180.16 179.72 179.31 178.91 178.53 178.12 177.72 177.19 176.75 176.34 175.94 175.53 175.12 174.72 174.31 173.91 173.50 173.12 172.72 172.34 171.97 171.62 171.25 170.88 170.50 170.16 169.84 169.53 169.25 168.94 168.66 168.34 168.03 167.72 167.41 167.09 166.78 166.47 166.16 165.84 165.56 165.25 164.97 164.69 164.38 164.09 163.81 163.53 163.25 162.97 162.66 162.38 162.16 161.91 161.69 161.47
188.91 188.25 187.62 187.03 186.41 185.78 185.16 184.53 183.91 183.34 182.81 182.31 181.81 181.38 180.97 180.53 180.09 179.66 179.28 178.88 178.44 177.91 177.38 176.91 176.47 176.06 175.66 175.22 174.81 174.41 174.00 173.59 173.19 172.78 172.41 172.03 171.66 171.28 170.91 170.53 170.19 169.88 169.56 169.28 169.00 168.69 168.38 168.06 167.75 167.41 167.09 166.78 166.47 166.16 165.84 165.56 165.25 164.94 164.66 164.34 164.06 163.75 163.47 163.19 162.91 162.59 162.34 162.09 161.88 161.62 161.41
188.94 188.22 187.59 187.03 186.44 185.81 185.22 184.62 184.06 183.50 183.00 182.47 181.97 181.53 181.12 180.75 180.34 179.97 179.59 179.16 178.75 178.16 177.53 177.06 176.62 176.19 175.75 175.34 174.91 174.50 174.06 173.66 173.25 172.84 172.44 172.06 171.69 171.31 170.94 170.56 170.22 169.91 169.59 169.28 169.00 168.72 168.44 168.09 167.78 167.44 167.12 166.81 166.47 166.16 165.84 165.53 165.22 164.94 164.62 164.31 164.00 163.72 163.41 163.12 162.84 162.56 162.31 162.06 161.81 161.59 161.34
188.94 188.31 187.69 187.09 186.47 185.88 185.28 184.72 184.19 183.66 183.12 182.62 182.12 181.69 181.28 180.88 180.50 180.09 179.66 179.25 178.81 178.34 177.78 177.25 176.78 176.31 175.88 175.44 175.00 174.56 174.16 173.72 173.31 172.91 172.50 172.09 171.72 171.34 170.97 170.59 170.25 169.91 169.59 169.31 169.00 168.72 168.44 168.12 167.81 167.47 167.16 166.81 166.50 166.16 165.84 165.53 165.22 164.91 164.59 164.28 163.97 163.69 163.38 163.09 162.78 162.53 162.28 162.03 161.78 161.53 161.28
189.03 188.41 187.78 187.16 186.53 185.94 185.38 184.81 184.28 183.78 183.28 182.78 182.28 181.84 181.41 181.00 180.59 180.16 179.78 179.34 178.91 178.44 177.94 177.41 176.91 176.47 176.00 175.56 175.09 174.66 174.22 173.78 173.38 172.94 172.53 172.12 171.72 171.34 170.97 170.59 170.25 169.94 169.62 169.31 169.00 168.72 168.44 168.12 167.81 167.50 167.19 166.84 166.50 166.16 165.84 165.53 165.22 164.88 164.56 164.25 163.94 163.62 163.34 163.03 162.75 162.50 162.22 161.97 161.72 161.47 161.19
189.09 188.47 187.81 187.12 186.53 185.97 185.44 184.91 184.41 183.88 183.38 182.88 182.41 182.00 181.56 181.12 180.66 180.25 179.81 179.44 179.00 178.56 178.09 177.59 177.06 176.59 176.12 175.66 175.22 174.75 174.31 173.88 173.44 173.00 172.56 172.16 171.75 171.34 170.97 170.62 170.28 169.94 169.62 169.31 169.00 168.69 168.41 168.12 167.81 167.50 167.19 166.84 166.50 166.16 165.84 165.50 165.19 164.88 164.56 164.22 163.91 163.59 163.28 163.00 162.72 162.47 162.19 161.91 161.62 161.38 161.12
189.12 188.47 187.81 187.22 186.56 185.97 185.47 184.94 184.47 184.00 183.50 183.06 182.62 182.22 181.78 181.38 180.94 180.53 179.97 179.47 179.03 178.62 178.22 177.72 177.19 176.72 176.25 175.78 175.31 174.84 174.38 173.94 173.47 173.03 172.62 172.19 171.78 171.38 171.00 170.62 170.28 169.97 169.62 169.31 169.00 168.69 168.38 168.09 167.78 167.47 167.16 166.84 166.50 166.19 165.84 165.50 165.19 164.84 164.53 164.19 163.88 163.56 163.28 163.00 162.72 162.44 162.16 161.84 161.56 161.28 161.03
189.12 188.50 187.88 187.25 186.72 186.22 185.69 185.19 184.72 184.19 183.72 183.28 182.88 182.44 182.00 181.56 181.12 180.69 180.19 179.69 179.22 178.75 178.28 177.78 177.31 176.84 176.38 175.91 175.41 174.94 174.47 174.00 173.53 173.09 172.66 172.22 171.78 171.41 171.00 170.66 170.31 169.97 169.62 169.31 169.00 168.69 168.38 168.06 167.75 167.44 167.12 166.81 166.50 166.16 165.84 165.50 165.16 164.84 164.50 164.19 163.88 163.56 163.25 162.97 162.69 162.38 162.09 161.81 161.50 161.19 160.91
189.25 188.66 188.06 187.53 187.03 186.47 185.94 185.44 184.94 184.44 183.97 183.50 183.06 182.62 182.19 181.75 181.28 180.81 180.34 179.88 179.41 178.94 178.44 177.97 177.50 177.03 176.53 176.03 175.53 175.03 174.56 174.09 173.62 173.16 172.72 172.28 171.84 171.44 171.03 170.66 170.31 169.97 169.66 169.31 169.00 168.66 168.34 168.03 167.72 167.41 167.09 166.78 166.47 166.16 165.84 165.50 165.16 164.84 164.50 164.19 163.88 163.56 163.25 162.94 162.62 162.34 162.03 161.75 161.44 161.12 160.84
189.53 189.00 188.47 187.91 187.31 186.78 186.25 185.69 185.16 184.69 184.22 183.72 183.28 182.81 182.38 181.94 181.47 180.97 180.53 180.06 179.56 179.06 178.56 178.09 177.62 177.16 176.66 176.16 175.69 175.19 174.69 174.19 173.69 173.22 172.78 172.31 171.88 171.47 171.06 170.66 170.34 170.00 169.66 169.31 169.00 168.66 168.34 168.00 167.69 167.38 167.06 166.75 166.47 166.16 165.81 165.50 165.19 164.84 164.50 164.19 163.84 163.53 163.22 162.91 162.59 162.28 161.97 161.66 161.34 161.03 160.75
189.81 189.22 188.66 188.06 187.47 186.97 186.47 185.94 185.34 184.84 184.41 183.94 183.47 183.03 182.56 182.09 181.62 181.16 180.72 180.22 179.72 179.19 178.72 178.25 177.78 177.28 176.78 176.28 175.78 175.31 174.81 174.31 173.81 173.31 172.84 172.38 171.94 171.53 171.09 170.69 170.34 170.03 169.69 169.34 169.00 168.66 168.34 168.00 167.69 167.34 167.03 166.72 166.44 166.12 165.81 165.50 165.19 164.84 164.50 164.19 163.84 163.50 163.19 162.88 162.53 162.22 161.91 161.59 161.28 160.94 160.62
190.03 189.44 188.84 188.31 187.75 187.25 186.69 186.19 185.62 185.12 184.66 184.16 183.69 183.22 182.72 182.22 181.78 181.31 180.84 180.38 179.84 179.31 178.84 178.38 177.94 177.44 176.97 176.47 175.94 175.44 174.94 174.47 173.97 173.47 172.97 172.50 172.03 171.56 171.16 170.72 170.38 170.03 169.69 169.34 169.00 168.66 168.31 168.00 167.66 167.31 167.00 166.69 166.41 166.09 165.78 165.50 165.16 164.84 164.50 164.16 163.81 163.47 163.16 162.81 162.47 162.16 161.81 161.50 161.19 160.84 160.53
190.31 189.78 189.19 188.62 188.09 187.59 187.06 186.53 185.97 185.44 184.91 184.38 183.91 183.41 182.91 182.41 181.94 181.47 181.00 180.50 180.00 179.50 179.00 178.53 178.06 177.62 177.12 176.59 176.09 175.62 175.16 174.66 174.12 173.62 173.12 172.62 172.16 171.69 171.22 170.78 170.44 170.09 169.72 169.38 169.03 168.69 168.31 167.97 167.62 167.31 166.97 166.66 166.34 166.06 165.75 165.47 165.16 164.81 164.47 164.12 163.78 163.44 163.09 162.75 162.41 162.06 161.75 161.41 161.06 160.72 160.41
190.72 190.16 189.62 189.00 188.47 187.97 187.44 186.91 186.34 185.81 185.25 184.69 184.19 183.69 183.19 182.72 182.19 181.66 181.19 180.69 180.16 179.66 179.19 178.72 178.25 177.78 177.28 176.78 176.28 175.81 175.31 174.78 174.28 173.78 173.28 172.75 172.25 171.78 171.28 170.84 170.50 170.12 169.78 169.41 169.03 168.69 168.31 167.97 167.62 167.28 166.94 166.62 166.28 166.00 165.69 165.41 165.09 164.78 164.44 164.09 163.75 163.41 163.03 162.69 162.34 162.00 161.66 161.31 160.97 160.62 160.28
191.19 190.62 190.06 189.44 188.88 188.34 187.81 187.28 186.72 186.19 185.62 185.06 184.56 184.00 183.47 182.94 182.41 181.84 181.34 180.84 180.31 179.84 179.38 178.91 178.41 177.94 177.47 176.97 176.47 175.97 175.47 174.94 174.41 173.88 173.41 172.84 172.34 171.84 171.41 170.94 170.56 170.19 169.81 169.44 169.06 168.69 168.34 167.97 167.59 167.25 166.91 166.56 166.25 165.94 165.62 165.34 165.03 164.72 164.38 164.03 163.69 163.31 162.97 162.62 162.25 161.91 161.56 161.19 160.84 160.50 160.16
191.69 191.09 190.50 189.91 189.28 188.75 188.19 187.62 187.06 186.50 185.94 185.41 184.84 184.28 183.72 183.16 182.56 182.00 181.50 181.00 180.53 180.06 179.56 179.09 178.59 178.12 177.62 177.12 176.62 176.12 175.59 175.06 174.56 174.06 173.53 172.94 172.44 171.97 171.50 171.06 170.66 170.25 169.88 169.47 169.09 168.72 168.34 167.97 167.59 167.22 166.88 166.53 166.19 165.88 165.56 165.25 164.97 164.62 164.31 163.97 163.59 163.25 162.88 162.53 162.16 161.81 161.44 161.09 160.72 160.38 160.03
192.16 191.56 190.94 190.34 189.75 189.19 188.59 187.97 187.38 186.81 186.22 185.66 185.09 184.53 183.94 183.34 182.75 182.16 181.59 181.09 180.66 180.19 179.75 179.25 178.78 178.28 177.78 177.28 176.78 176.22 175.69 175.19 174.72 174.19 173.66 173.06 172.56 172.09 171.66 171.19 170.78 170.34 169.94 169.50 169.12 168.75 168.34 167.97 167.56 167.19 166.84 166.47 166.12 165.81 165.50 165.16 164.88 164.53 164.19 163.88 163.50 163.16 162.78 162.44 162.06 161.69 161.34 160.97 160.62 160.25 159.91
192.72 192.09 191.44 190.81 190.22 189.62 189.00 188.38 187.75 187.12 186.50 185.91 185.34 184.78 184.16 183.53 182.91 182.25 181.69 181.19 180.75 180.34 179.88 179.41 178.91 178.44 177.94 177.44 176.91 176.38 175.84 175.38 174.84 174.31 173.75 173.22 172.72 172.25 171.81 171.34 170.91 170.47 170.03 169.56 169.16 168.75 168.34 167.97 167.56 167.19 166.81 166.44 166.06 165.72 165.41 165.06 164.75 164.41 164.09 163.75 163.41 163.06 162.69 162.31 161.97 161.59 161.22 160.84 160.50 160.12 159.81
193.25 192.66 191.97 191.34 190.75 190.12 189.44 188.78 188.16 187.47 186.75 186.16 185.69 185.09 184.47 183.81 183.09 182.28 181.66 181.22 180.84 180.41 179.97 179.53 179.06 178.56 178.06 177.56 177.03 176.50 176.00 175.50 174.97 174.44 173.88 173.34 172.88 172.44 171.97 171.50 171.06 170.59 170.12 169.62 169.22 168.78 168.38 167.94 167.53 167.12 166.75 166.38 166.00 165.66 165.31 164.97 164.62 164.31 163.97 163.66 163.28 162.94 162.59 162.22 161.84 161.47 161.09 160.75 160.38 160.03 159.69
193.81 193.19 192.56 191.91 191.28 190.66 189.94 189.25 188.56 187.84 187.12 186.56 185.97 185.38 184.69 183.97 183.16 182.38 181.69 181.25 180.88 180.47 180.09 179.66 179.19 178.69 178.19 177.69 177.16 176.62 176.09 175.59 175.09 174.56 174.03 173.53 173.03 172.56 172.09 171.66 171.22 170.75 170.28 169.72 169.25 168.81 168.38 167.94 167.50 167.09 166.69 166.31 165.94 165.56 165.22 164.84 164.53 164.19 163.84 163.53 163.16 162.81 162.47 162.09 161.72 161.38 161.00 160.62 160.25 159.91 159.56
194.41 193.78 193.12 192.50 191.84 191.16 190.47 189.81 189.09 188.34 187.62 186.91 186.22 185.50 184.72 184.00 183.09 182.38 181.81 181.31 180.91 180.53 180.19 179.75 179.28 178.81 178.28 177.78 177.25 176.72 176.19 175.69 175.16 174.66 174.16 173.66 173.16 172.69 172.22 171.75 171.31 170.91 170.44 169.84 169.31 168.84 168.38 167.91 167.47 167.03 166.62 166.25 165.84 165.47 165.12 164.75 164.41 164.06 163.72 163.38 163.03 162.69 162.31 161.97 161.59 161.25 160.88 160.50 160.12 159.78 159.47
194.97 194.38 193.75 193.09 192.38 191.72 191.06 190.41 189.66 188.72 188.03 187.16 186.28 185.41 184.50 183.78 183.16 182.75 182.19 181.53 181.03 180.59 180.22 179.81 179.38 178.91 178.38 177.84 177.31 176.81 176.28 175.75 175.25 174.75 174.25 173.75 173.25 172.78 172.31 171.84 171.44 171.03 170.62 169.97 169.34 168.84 168.38 167.88 167.41 166.97 166.56 166.16 165.78 165.41 165.03 164.66 164.28 163.94 163.59 163.25 162.88 162.53 162.19 161.84 161.47 161.09 160.75 160.38 160.03 159.69 159.38
195.66 195.03 194.41 193.78 193.00 192.25 191.59 190.94 190.06 189.19 188.47 187.56 186.50 185.75 184.84 184.00 183.41 182.91 182.25 181.59 181.09 180.62 180.28 179.91 179.44 178.94 178.41 177.88 177.38 176.88 176.34 175.81 175.31 174.81 174.31 173.81 173.31 172.84 172.38 171.94 171.50 171.09 170.75 170.12 169.38 168.88 168.38 167.84 167.38 166.91 166.50 166.09 165.69 165.31 164.91 164.53 164.16 163.81 163.44 163.09 162.75 162.38 162.03 161.69 161.31 160.97 160.59 160.25 159.91 159.56 159.25
196.34 195.69 195.12 194.53 193.78 192.88 192.16 191.50 190.66 189.91 189.16 188.25 187.28 186.38 185.34 184.38 183.72 182.97 182.28 181.75 181.16 180.66 180.34 179.97 179.53 178.97 178.47 177.94 177.44 176.94 176.41 175.88 175.38 174.88 174.38 173.88 173.38 172.88 172.41 171.97 171.53 171.16 170.78 170.25 169.41 168.88 168.34 167.78 167.31 166.84 166.44 166.00 165.59 165.19 164.81 164.41 164.03 163.66 163.31 162.94 162.59 162.22 161.88 161.53 161.16 160.81 160.47 160.12 159.78 159.47 159.16
197.06 196.41 195.91 195.28 194.50 193.56 192.84 192.16 191.50 190.69 189.84 189.09 188.19 187.16 186.03 184.94 184.06 183.19 182.50 181.81 181.19 180.69 180.38 180.03 179.59 179.03 178.53 178.03 177.53 177.03 176.50 175.97 175.47 174.94 174.41 173.91 173.41 172.88 172.41 171.97 171.53 171.12 170.72 170.25 169.41 168.84 168.28 167.75 167.25 166.78 166.34 165.94 165.50 165.09 164.69 164.31 163.91 163.53 163.16 162.81 162.44 162.09 161.72 161.38 161.00 160.66 160.31 159.97 159.62 159.34 159.03
197.81 197.16 196.75 196.09 195.25 194.34 193.59 192.97 192.44 191.75 190.88 189.91 188.88 187.75 186.62 185.56 184.53 183.53 182.62 181.81 181.03 180.72 180.41 180.03 179.66 179.16 178.66 178.12 177.62 177.09 176.56 176.03 175.50 175.00 174.44 173.94 173.41 172.88 172.38 171.91 171.47 171.03 170.62 170.16 169.38 168.78 168.22 167.69 167.19 166.72 166.25 165.81 165.41 164.97 164.56 164.19 163.78 163.41 163.03 162.66 162.28 161.94 161.56 161.19 160.81 160.50 160.19 159.88 159.53 159.22 158.91
198.59 198.19 197.62 196.97 196.16 195.19 194.47 193.75 193.19 192.47 191.62 190.62 189.47 188.25 187.00 185.91 184.88 183.91 182.81 181.69 181.00 180.72 180.44 180.06 179.69 179.25 178.75 178.25 177.72 177.19 176.66 176.09 175.56 175.00 174.47 173.91 173.41 172.88 172.38 171.88 171.41 170.91 170.41 169.88 169.25 168.69 168.12 167.59 167.09 166.62 166.16 165.72 165.28 164.84 164.44 164.06 163.66 163.28 162.88 162.53 162.16 161.78 161.41 161.06 160.72 160.34 160.03 159.72 159.38 159.12 158.81
199.28 198.94 198.41 197.78 196.97 196.19 195.31 194.56 193.84 193.09 192.22 191.16 189.94 188.69 187.38 186.22 185.12 183.97 182.84 181.81 181.06 180.78 180.47 180.12 179.72 179.28 178.81 178.31 177.81 177.28 176.72 176.16 175.59 175.03 174.44 173.91 173.34 172.84 172.31 171.81 171.31 170.81 170.31 169.75 169.16 168.59 168.03 167.50 167.00 166.50 166.03 165.59 165.16 164.72 164.31 163.91 163.53 163.12 162.75 162.38 162.00 161.66 161.31 160.97 160.62 160.31 160.00 159.69 159.38 159.06 158.75
199.84 199.53 199.06 198.47 197.72 196.84 195.97 195.12 194.38 193.56 192.62 191.53 190.22 188.88 187.59 186.41 185.34 184.34 183.12 181.97 181.19 180.81 180.53 180.22 179.81 179.38 178.91 178.38 177.88 177.34 176.78 176.22 175.62 175.00 174.38 173.84 173.31 172.78 172.25 171.75 171.22 170.72 170.19 169.69 169.12 168.50 167.94 167.41 166.88 166.41 165.94 165.47 165.03 164.59 164.19 163.78 163.41 163.00 162.62 162.25 161.88 161.53 161.19 160.84 160.53 160.22 159.91 159.59 159.28 158.97 158.69
200.31 200.06 199.66 199.09 198.28 197.34 196.41 195.53 194.75 193.94 193.00 191.69 190.38 189.03 187.81 186.59 185.34 184.16 183.22 182.38 181.41 180.88 180.56 180.25 179.84 179.41 178.97 178.44 177.91 177.38 176.81 176.22 175.66 174.94 174.31 173.72 173.19 172.66 172.12 171.62 171.12 170.62 170.09 169.56 169.03 168.44 167.84 167.28 166.78 166.28 165.81 165.34 164.91 164.47 164.06 163.66 163.25 162.84 162.47 162.09 161.75 161.41 161.06 160.75 160.41 160.09 159.78 159.50 159.19 158.88 158.56
200.91 200.69 200.28 199.59 198.66 197.56 196.59 195.75 194.97 194.19 193.31 191.91 190.31 188.78 187.72 186.69 185.38 184.22 183.50 182.53 181.59 181.03 180.69 180.34 179.94 179.50 179.03 178.53 177.97 177.41 176.84 176.25 175.62 174.97 174.28 173.62 173.06 172.50 171.97 171.47 171.00 170.53 170.00 169.44 168.91 168.34 167.75 167.19 166.66 166.16 165.69 165.22 164.75 164.31 163.91 163.50 163.09 162.72 162.34 161.97 161.62 161.28 160.94 160.62 160.31 159.97 159.69 159.38 159.09 158.78 158.50
