everonasctiles/Tile[30,12].asc
ncols 128
nrows 128
xllcorner 0
yllcorner 0
cellsize 2.0
NODATA_value  -9999
[rows 64 to 95 of 128, columns 0 to 70 of 128]
328.44 328.69 329.25 329.41 329.41 329.41 329.34 328.72 328.41 328.28 328.19 328.03 327.91 327.75 327.59 327.47 327.38 327.22 327.00 326.84 326.72 326.53 326.50 326.59 326.59 326.59 326.56 326.62 326.78 326.91 326.94 327.06 327.31 327.56 327.81 328.03 328.16 328.28 328.25 328.31 328.62 328.75 328.84 329.00 329.03 329.16 329.31 329.53 329.72 329.97 330.09 330.22 330.28 330.47 330.78 331.19 331.56 332.16 332.53 332.91 333.22 333.47 333.69 333.94 334.12 334.44 334.75 335.03 335.19 335.41 335.59
328.78 329.38 329.56 329.56 329.56 329.56 329.50 328.88 328.53 328.41 328.28 328.12 327.97 327.81 327.66 327.53 327.41 327.41 327.25 327.06 326.97 326.94 326.91 326.97 326.97 326.94 326.66 326.72 326.94 327.03 327.09 327.19 327.38 327.81 328.06 328.31 328.47 328.59 328.66 328.75 328.78 329.03 329.16 329.34 329.38 329.38 329.47 329.72 329.91 330.09 330.22 330.34 330.50 330.66 331.00 331.53 331.97 332.38 332.75 333.09 333.34 333.53 333.78 334.00 334.22 334.56 334.88 335.19 335.41 335.59 335.78
329.06 329.44 329.72 329.75 329.75 329.75 329.69 329.09 328.72 328.56 328.41 328.22 328.06 327.88 327.72 327.62 327.53 327.47 327.41 327.31 327.31 327.25 327.22 327.28 327.34 327.34 327.28 326.97 327.03 327.34 327.47 327.53 327.78 328.16 328.44 328.62 328.72 328.91 329.00 329.12 329.19 329.19 329.41 329.53 329.59 329.62 329.66 329.84 330.00 330.09 330.31 330.53 330.78 330.94 331.25 331.81 332.19 332.56 332.94 333.25 333.50 333.66 333.84 334.06 334.31 334.56 334.88 335.22 335.56 335.84 336.00
329.12 329.44 329.84 329.94 329.94 329.94 329.88 329.28 328.94 328.75 328.56 328.38 328.19 328.03 327.88 327.75 327.69 327.69 327.56 327.47 327.50 327.53 327.53 327.62 327.75 327.81 327.75 327.78 327.56 327.69 328.00 328.12 328.19 328.41 328.66 328.84 328.97 329.19 329.38 329.50 329.53 329.53 329.53 329.62 329.75 329.81 329.88 329.94 330.03 330.22 330.38 330.69 331.00 331.28 331.44 331.91 332.38 332.69 333.06 333.38 333.62 333.78 333.94 334.16 334.41 334.69 335.03 335.44 335.78 336.06 336.28
329.28 329.59 330.06 330.12 330.09 330.09 330.00 329.50 329.19 328.97 328.75 328.53 328.34 328.16 328.03 327.94 327.84 327.81 327.56 327.69 327.72 327.78 327.81 327.97 328.16 328.28 328.28 328.31 328.16 328.28 328.38 328.56 328.56 328.72 328.94 329.12 329.28 329.50 329.72 329.78 329.81 329.91 329.84 329.81 329.91 330.00 330.06 330.19 330.31 330.56 330.66 330.81 331.16 331.50 331.62 332.03 332.59 332.91 333.16 333.44 333.69 333.88 334.09 334.31 334.59 334.97 335.34 335.72 336.09 336.31 336.56
329.53 329.91 330.31 330.31 330.28 330.25 330.16 329.69 329.41 329.19 328.94 328.72 328.53 328.34 328.22 328.16 328.16 328.19 327.88 327.88 327.88 327.91 328.06 328.28 328.56 328.75 328.78 328.84 328.69 328.72 328.91 329.09 329.16 329.31 329.50 329.50 329.62 329.91 330.09 330.16 330.12 330.25 330.16 330.19 330.22 330.25 330.31 330.41 330.62 330.81 330.97 331.00 331.31 331.69 331.94 332.22 332.66 333.06 333.34 333.53 333.81 334.12 334.28 334.50 334.84 335.19 335.69 336.03 336.53 336.66 336.94
329.78 330.28 330.50 330.47 330.41 330.38 330.22 329.84 329.62 329.41 329.19 328.94 328.72 328.56 328.44 328.38 328.34 328.31 328.25 328.25 328.00 328.16 328.22 328.56 328.91 329.12 329.19 329.22 329.16 328.97 329.44 329.59 329.72 329.84 330.03 330.09 330.03 330.34 330.47 330.50 330.44 330.47 330.47 330.50 330.47 330.50 330.59 330.66 330.78 330.97 331.19 331.28 331.47 331.88 332.12 332.41 332.72 333.19 333.47 333.72 333.97 334.25 334.50 334.75 335.16 335.56 336.06 336.50 336.88 337.12 337.31
330.19 330.62 330.66 330.59 330.56 330.50 330.28 330.00 329.81 329.62 329.41 329.16 328.94 328.78 328.66 328.59 328.56 328.62 328.62 328.62 328.44 328.38 328.41 328.91 329.28 329.44 329.53 329.53 329.53 329.41 329.50 329.84 330.03 330.22 330.38 330.56 330.75 330.81 330.84 330.84 330.75 330.72 330.72 330.78 330.81 330.81 330.84 330.91 331.00 331.25 331.47 331.62 331.75 331.91 332.28 332.62 332.94 333.19 333.56 333.84 334.19 334.44 334.62 334.97 335.38 335.91 336.44 336.91 337.25 337.50 337.69
330.59 330.81 330.75 330.72 330.66 330.56 330.38 330.19 330.03 329.84 329.66 329.41 329.19 329.03 328.91 328.84 328.81 328.84 328.88 328.84 328.78 328.78 328.84 328.94 329.47 329.69 329.78 329.81 329.81 329.75 329.84 329.97 330.25 330.53 330.75 330.91 331.06 331.12 331.16 331.16 331.09 331.00 330.91 330.97 331.06 331.03 331.09 331.28 331.31 331.53 331.72 331.88 332.09 332.25 332.44 332.75 333.09 333.41 333.72 334.09 334.44 334.69 334.81 335.09 335.56 336.31 336.84 337.25 337.62 337.84 338.00
330.91 330.94 330.88 330.81 330.75 330.66 330.53 330.41 330.25 330.09 329.88 329.66 329.44 329.28 329.19 329.12 329.06 328.97 328.97 329.00 329.03 329.25 329.44 329.50 329.66 329.94 330.03 330.06 330.09 330.03 330.12 330.34 330.59 330.84 331.00 331.19 331.28 331.38 331.47 331.47 331.41 331.31 331.16 331.16 331.22 331.31 331.41 331.56 331.69 331.84 332.09 332.25 332.47 332.62 332.75 332.94 333.28 333.69 334.03 334.34 334.62 334.97 335.12 335.34 335.62 336.44 337.22 337.56 337.84 338.09 338.25
331.09 331.03 330.97 330.91 330.84 330.78 330.72 330.62 330.47 330.31 330.12 329.91 329.72 329.56 329.47 329.38 329.31 329.19 329.09 329.06 329.12 329.50 329.78 330.06 330.00 330.00 330.22 330.28 330.34 330.38 330.41 330.62 330.91 331.09 331.16 331.34 331.53 331.59 331.69 331.75 331.75 331.56 331.44 331.47 331.50 331.56 331.69 331.75 331.94 332.16 332.31 332.53 332.75 332.97 333.09 333.22 333.53 333.94 334.34 334.59 334.88 335.22 335.44 335.59 336.12 336.91 337.53 337.81 338.06 338.28 338.47
331.19 331.12 331.06 331.00 330.97 331.00 330.94 330.84 330.69 330.53 330.34 330.16 329.97 329.84 329.75 329.69 329.59 329.47 329.34 329.28 329.41 329.75 330.06 330.31 330.38 330.16 330.50 330.47 330.59 330.72 330.72 330.94 331.19 331.31 331.50 331.47 331.56 331.78 331.91 332.00 332.03 331.94 331.78 331.84 331.84 331.91 331.97 331.91 332.03 332.28 332.53 332.78 333.00 333.22 333.47 333.66 333.91 334.22 334.59 334.81 335.09 335.47 335.75 335.97 336.53 337.34 337.75 337.97 338.22 338.47 338.69
331.28 331.25 331.19 331.09 331.19 331.22 331.16 331.06 330.91 330.75 330.53 330.34 330.19 330.09 330.00 329.94 329.91 329.78 329.72 329.69 329.88 330.09 330.41 330.47 330.69 330.31 330.50 330.66 330.75 330.91 331.09 331.09 331.38 331.50 331.66 331.81 331.72 331.75 332.06 332.22 332.28 332.34 332.28 332.31 332.28 332.19 332.16 332.12 332.09 332.41 332.72 333.00 333.19 333.47 333.72 333.97 334.28 334.53 334.84 335.12 335.41 335.78 336.25 336.47 336.91 337.53 337.84 338.09 338.34 338.62 338.91
331.38 331.34 331.31 331.38 331.25 331.28 331.25 331.16 331.03 330.88 330.69 330.53 330.41 330.31 330.25 330.22 330.22 330.16 330.12 330.12 330.38 330.50 330.78 330.75 330.75 330.56 330.50 330.72 330.91 331.06 331.19 331.28 331.50 331.69 331.84 331.94 332.06 332.12 332.28 332.41 332.50 332.56 332.62 332.66 332.62 332.56 332.38 332.34 332.38 332.50 332.75 333.09 333.38 333.62 333.91 334.16 334.56 334.97 335.19 335.50 335.81 336.16 336.69 337.03 337.41 337.66 337.91 338.22 338.53 338.88 339.16
331.47 331.44 331.44 331.31 331.28 331.31 331.31 331.22 331.12 330.97 330.81 330.69 330.56 330.50 330.50 330.50 330.53 330.53 330.59 330.66 330.78 331.06 331.12 331.03 331.00 330.91 330.59 330.69 331.03 331.22 331.31 331.47 331.59 331.81 331.97 332.12 332.22 332.31 332.41 332.56 332.66 332.78 332.84 332.88 332.91 332.84 332.62 332.62 332.72 332.84 333.09 333.31 333.59 333.88 334.25 334.53 335.00 335.28 335.59 335.84 336.25 336.56 337.03 337.41 337.69 337.84 338.03 338.38 338.69 339.06 339.38
331.56 331.53 331.56 331.25 331.31 331.38 331.38 331.31 331.19 331.06 330.94 330.81 330.72 330.69 330.69 330.75 330.84 330.91 331.00 331.12 331.12 331.41 331.47 331.41 331.38 331.25 330.78 330.88 330.97 331.19 331.44 331.56 331.78 331.81 332.09 332.25 332.38 332.44 332.50 332.66 332.72 332.91 333.00 333.09 333.12 333.19 333.12 332.97 333.09 333.31 333.50 333.81 334.16 334.38 334.53 334.88 335.31 335.66 335.97 336.25 336.69 336.97 337.34 337.62 337.81 338.00 338.25 338.56 338.97 339.25 339.59
331.69 331.62 331.34 331.22 331.34 331.41 331.41 331.34 331.25 331.12 331.00 330.91 330.84 330.84 330.91 331.00 331.12 331.25 331.41 331.59 331.84 331.84 331.84 331.81 331.75 331.62 331.38 331.28 331.12 331.31 331.59 331.75 331.91 332.03 332.12 332.38 332.50 332.62 332.69 332.78 332.84 332.88 333.03 333.25 333.34 333.41 333.50 333.50 333.59 333.94 334.28 334.31 334.59 334.75 334.84 335.09 335.50 335.97 336.28 336.62 337.00 337.28 337.56 337.75 337.91 338.09 338.56 338.88 339.28 339.59 339.78
331.78 331.69 331.22 331.28 331.41 331.47 331.47 331.41 331.31 331.19 331.06 330.97 330.94 330.97 331.06 331.19 331.38 331.56 331.72 331.97 332.25 332.31 332.28 332.22 332.16 332.03 331.91 331.81 331.41 331.38 331.69 331.88 332.03 332.16 332.31 332.44 332.66 332.81 332.94 333.03 333.12 333.19 333.19 333.44 333.53 333.66 333.81 333.94 334.12 334.47 334.72 334.81 334.94 335.06 335.22 335.47 335.75 336.16 336.56 336.88 337.16 337.53 337.75 337.94 338.06 338.28 338.91 339.31 339.66 339.84 340.12
331.84 331.56 331.22 331.34 331.50 331.53 331.53 331.44 331.34 331.22 331.09 331.03 331.00 331.06 331.22 331.41 331.62 331.84 332.09 332.34 332.62 332.62 332.62 332.56 332.47 332.34 332.19 332.00 331.78 331.47 331.59 332.00 332.16 332.31 332.44 332.50 332.81 332.94 333.12 333.25 333.38 333.47 333.41 333.53 333.62 333.91 334.12 334.31 334.47 334.75 334.97 335.12 335.25 335.38 335.62 335.84 336.09 336.41 336.69 337.12 337.44 337.72 338.00 338.12 338.28 338.78 339.25 339.69 339.97 340.22 340.59
331.78 331.34 331.31 331.44 331.56 331.59 331.59 331.50 331.38 331.25 331.12 331.06 331.06 331.16 331.34 331.59 331.88 332.16 332.44 332.72 332.84 332.97 332.91 332.84 332.72 332.59 332.41 332.22 332.06 331.75 331.75 332.06 332.28 332.47 332.56 332.62 332.84 333.09 333.28 333.44 333.56 333.66 333.72 333.72 333.75 334.16 334.41 334.62 334.84 334.94 335.09 335.34 335.50 335.72 335.91 336.03 336.31 336.56 336.91 337.44 337.78 338.00 338.19 338.34 338.72 339.19 339.66 339.97 340.31 340.53 340.91
331.53 331.38 331.41 331.50 331.66 331.69 331.66 331.53 331.41 331.28 331.16 331.09 331.12 331.25 331.47 331.75 332.09 332.44 332.75 333.03 333.19 333.19 333.12 333.03 332.91 332.75 332.62 332.47 332.34 331.97 331.88 332.25 332.44 332.59 332.75 332.84 332.97 333.16 333.44 333.59 333.75 333.84 333.97 333.94 333.91 334.28 334.59 334.88 335.12 335.31 335.50 335.69 335.91 336.03 336.28 336.44 336.62 336.88 337.28 337.72 337.97 338.22 338.47 338.84 339.22 339.53 339.84 340.19 340.69 341.03 341.41
331.56 331.53 331.53 331.62 331.75 331.78 331.72 331.59 331.44 331.28 331.16 331.12 331.19 331.34 331.56 331.91 332.28 332.69 333.00 333.25 333.38 333.34 333.28 333.19 333.09 332.94 332.81 332.66 332.56 332.22 332.00 332.28 332.56 332.75 332.91 333.06 333.22 333.31 333.50 333.78 333.91 334.03 334.12 334.19 334.22 334.28 334.69 335.03 335.31 335.56 335.78 336.00 336.22 336.38 336.59 336.91 337.12 337.34 337.56 337.78 338.09 338.44 338.84 339.34 339.69 339.88 340.09 340.44 341.16 341.50 341.88
331.69 331.72 331.69 331.78 331.88 331.88 331.78 331.62 331.44 331.25 331.16 331.12 331.22 331.41 331.69 332.03 332.47 332.91 333.25 333.44 333.50 333.47 333.41 333.31 333.25 333.12 333.00 332.84 332.72 332.38 332.22 332.25 332.56 332.84 333.09 333.28 333.44 333.56 333.62 333.84 334.06 334.19 334.31 334.38 334.47 334.56 334.62 335.03 335.47 335.75 336.00 336.22 336.44 336.62 336.88 337.09 337.31 337.56 337.84 338.03 338.34 338.75 339.31 339.75 340.09 340.34 340.53 340.75 341.25 341.84 342.28
331.88 331.84 331.84 331.94 331.97 331.94 331.81 331.66 331.44 331.28 331.16 331.16 331.25 331.47 331.78 332.16 332.62 333.12 333.47 333.59 333.62 333.59 333.53 333.47 333.41 333.31 333.19 333.03 332.81 332.53 332.47 332.47 332.69 332.94 333.19 333.44 333.66 333.84 333.94 333.91 334.16 334.38 334.50 334.66 334.75 334.88 334.78 335.03 335.56 335.91 336.16 336.41 336.59 336.78 336.97 337.22 337.47 337.72 338.00 338.34 338.72 339.12 339.69 340.19 340.56 340.91 341.12 341.19 341.44 342.09 342.62
332.03 331.97 331.97 331.97 332.00 331.94 331.84 331.66 331.47 331.31 331.22 331.19 331.31 331.53 331.88 332.31 332.81 333.38 333.66 333.69 333.75 333.72 333.69 333.59 333.56 333.47 333.34 333.19 332.97 332.72 332.66 332.78 332.94 333.19 333.41 333.72 333.94 334.09 334.22 334.16 334.25 334.50 334.69 334.84 334.94 335.09 335.06 335.34 335.78 336.06 336.31 336.53 336.75 336.97 337.19 337.41 337.59 337.75 338.12 338.59 339.06 339.47 340.00 340.62 341.03 341.34 341.59 341.53 341.88 342.41 343.00
332.16 332.09 332.06 332.03 332.00 331.94 331.81 331.69 331.56 331.44 331.34 331.34 331.44 331.69 332.06 332.50 333.06 333.56 333.75 333.81 333.88 333.84 333.81 333.75 333.72 333.62 333.50 333.34 333.19 332.88 332.81 333.00 333.22 333.53 333.72 334.00 334.19 334.34 334.47 334.53 334.53 334.69 334.84 335.06 335.16 335.19 335.28 335.25 335.91 336.22 336.47 336.69 336.91 337.12 337.34 337.56 337.72 337.97 338.28 338.78 339.34 339.88 340.53 341.03 341.44 341.72 342.00 341.94 342.19 342.66 343.31
332.31 332.25 332.19 332.12 332.06 332.00 331.91 331.81 331.72 331.62 331.56 331.59 331.72 331.97 332.34 332.78 333.28 333.62 333.84 333.94 333.97 333.97 333.94 333.91 333.84 333.75 333.66 333.47 333.28 332.97 333.09 333.25 333.53 333.78 334.03 334.22 334.44 334.62 334.75 334.91 334.88 335.00 335.09 335.28 335.41 335.47 335.38 335.38 335.88 336.25 336.47 336.81 337.06 337.25 337.47 337.72 337.94 338.09 338.44 338.91 339.50 340.12 340.84 341.34 341.75 342.03 342.25 342.34 342.62 343.06 343.50
332.53 332.44 332.38 332.28 332.22 332.16 332.06 332.00 331.94 331.91 331.88 331.97 332.12 332.38 332.69 333.09 333.47 333.75 333.94 334.03 334.09 334.09 334.06 334.03 333.97 333.91 333.78 333.59 333.34 333.09 333.19 333.50 333.72 333.97 334.19 334.41 334.62 334.84 335.03 335.16 335.28 335.28 335.34 335.44 335.59 335.78 335.69 335.69 335.88 336.25 336.56 336.75 337.00 337.34 337.56 337.84 338.22 338.53 338.75 339.22 339.88 340.56 341.22 341.62 341.97 342.25 342.50 342.69 342.97 343.38 343.66
332.81 332.72 332.62 332.53 332.47 332.38 332.31 332.28 332.25 332.25 332.28 332.38 332.53 332.78 333.06 333.38 333.66 333.91 334.06 334.16 334.19 334.22 334.19 334.16 334.09 334.00 333.84 333.72 333.38 333.25 333.38 333.69 333.91 334.09 334.34 334.50 334.75 335.00 335.22 335.41 335.50 335.56 335.59 335.72 335.81 335.94 336.09 336.03 336.28 336.56 336.78 336.97 337.03 337.25 337.59 337.97 338.44 338.84 339.16 339.53 340.19 340.84 341.34 341.72 342.12 342.44 342.72 342.97 343.28 343.56 343.88
333.16 333.06 332.97 332.88 332.78 332.72 332.66 332.62 332.62 332.66 332.72 332.84 333.00 333.22 333.44 333.69 333.91 334.09 334.22 334.31 334.34 334.34 334.31 334.25 334.19 334.06 333.91 333.66 333.44 333.44 333.59 333.78 333.94 334.22 334.47 334.59 334.75 335.16 335.38 335.59 335.72 335.78 335.88 335.94 336.12 336.19 336.44 336.44 336.69 336.81 337.03 337.12 337.25 337.38 337.59 338.00 338.62 339.12 339.59 339.94 340.41 341.06 341.41 341.88 342.31 342.59 342.88 343.19 343.47 343.78 344.12
333.56 333.47 333.38 333.28 333.19 333.12 333.06 333.06 333.06 333.12 333.22 333.31 333.47 333.66 333.84 334.03 334.22 334.34 334.44 334.47 334.50 334.47 334.44 334.38 334.28 334.16 334.00 333.78 333.66 333.62 333.75 333.91 333.94 334.22 334.56 334.81 334.81 335.16 335.56 335.78 335.97 336.03 336.12 336.22 336.41 336.50 336.59 336.78 336.91 337.16 337.28 337.38 337.56 337.66 337.78 338.09 338.75 339.38 339.88 340.25 340.75 341.22 341.69 342.00 342.38 342.66 342.97 343.31 343.59 343.94 344.31
334.00 333.91 333.84 333.75 333.66 333.59 333.56 333.56 333.59 333.66 333.75 333.88 334.00 334.12 334.28 334.44 334.53 334.62 334.69 334.69 334.69 334.66 334.59 334.53 334.41 334.28 334.12 333.97 333.88 333.81 333.91 334.06 334.16 334.25 334.66 334.94 335.03 335.16 335.59 336.00 336.25 336.41 336.38 336.56 336.72 336.94 337.06 337.22 337.28 337.22 337.50 337.66 337.81 338.00 338.28 338.50 339.06 339.47 339.84 340.22 340.78 341.34 341.78 342.16 342.47 342.72 343.03 343.34 343.66 344.00 344.38
