everonasctiles/Tile12,46.asc
ncols 128
nrows 128
xllcorner 0
yllcorner 0
cellsize 2.0
NODATA_value  -9999
[rows 64 to 95 of 128, columns 0 to 70 of 128]
-48.41 -48.59 -48.81 -49.00 -49.19 -49.34 -49.53 -49.72 -49.91 -50.09 -50.25 -50.41 -50.53 -50.66 -50.81 -50.94 -51.09 -51.22 -51.34 -51.50 -51.62 -51.75 -51.88 -51.97 -52.06 -52.16 -52.25 -52.31 -52.34 -52.41 -52.44 -52.44 -52.47 -52.47 -52.47 -52.47 -52.47 -52.44 -52.41 -52.41 -52.38 -52.34 -52.31 -52.31 -52.31 -52.31 -52.28 -52.28 -52.25 -52.25 -52.22 -52.19 -52.12 -52.03 -51.94 -51.84 -51.72 -51.59 -51.47 -51.34 -51.22 -51.09 -50.97 -50.84 -50.69 -50.56 -50.44 -50.28 -50.16 -50.00 -49.84
-48.28 -48.50 -48.69 -48.88 -49.06 -49.22 -49.38 -49.56 -49.75 -49.94 -50.09 -50.25 -50.38 -50.53 -50.69 -50.81 -50.97 -51.12 -51.25 -51.38 -51.50 -51.66 -51.78 -51.91 -52.00 -52.12 -52.19 -52.25 -52.31 -52.34 -52.38 -52.41 -52.44 -52.44 -52.47 -52.44 -52.44 -52.44 -52.41 -52.38 -52.34 -52.34 -52.31 -52.31 -52.31 -52.31 -52.31 -52.28 -52.28 -52.25 -52.22 -52.19 -52.12 -52.03 -51.94 -51.84 -51.72 -51.56 -51.44 -51.31 -51.16 -51.03 -50.91 -50.78 -50.62 -50.50 -50.38 -50.25 -50.09 -49.97 -49.81
-48.16 -48.38 -48.56 -48.75 -48.91 -49.06 -49.25 -49.44 -49.59 -49.78 -49.94 -50.09 -50.25 -50.41 -50.56 -50.72 -50.88 -51.03 -51.16 -51.28 -51.41 -51.56 -51.69 -51.84 -51.97 -52.06 -52.16 -52.22 -52.28 -52.31 -52.34 -52.38 -52.41 -52.41 -52.44 -52.41 -52.41 -52.41 -52.38 -52.38 -52.34 -52.34 -52.34 -52.31 -52.31 -52.31 -52.31 -52.28 -52.28 -52.25 -52.22 -52.19 -52.12 -52.03 -51.94 -51.81 -51.69 -51.56 -51.41 -51.25 -51.12 -50.97 -50.84 -50.72 -50.59 -50.44 -50.31 -50.19 -50.06 -49.94 -49.78
-48.06 -48.25 -48.44 -48.59 -48.78 -48.94 -49.09 -49.28 -49.47 -49.62 -49.81 -49.97 -50.16 -50.31 -50.47 -50.66 -50.78 -50.94 -51.06 -51.19 -51.34 -51.47 -51.62 -51.78 -51.91 -52.00 -52.09 -52.19 -52.22 -52.28 -52.31 -52.34 -52.38 -52.38 -52.38 -52.38 -52.38 -52.38 -52.34 -52.34 -52.34 -52.34 -52.34 -52.34 -52.31 -52.31 -52.28 -52.28 -52.28 -52.25 -52.22 -52.16 -52.09 -52.03 -51.94 -51.81 -51.69 -51.53 -51.41 -51.25 -51.09 -50.97 -50.81 -50.69 -50.56 -50.44 -50.31 -50.16 -50.03 -49.91 -49.78
-47.94 -48.12 -48.31 -48.47 -48.62 -48.81 -49.00 -49.16 -49.34 -49.53 -49.72 -49.88 -50.06 -50.25 -50.41 -50.56 -50.72 -50.84 -51.00 -51.12 -51.28 -51.44 -51.59 -51.72 -51.88 -51.97 -52.06 -52.12 -52.19 -52.22 -52.25 -52.28 -52.31 -52.34 -52.34 -52.34 -52.34 -52.34 -52.34 -52.34 -52.34 -52.38 -52.34 -52.34 -52.31 -52.31 -52.28 -52.28 -52.25 -52.25 -52.22 -52.16 -52.09 -52.00 -51.91 -51.78 -51.66 -51.53 -51.38 -51.25 -51.09 -50.97 -50.81 -50.69 -50.56 -50.44 -50.31 -50.19 -50.06 -49.94 -49.81
-47.81 -48.00 -48.19 -48.38 -48.53 -48.72 -48.91 -49.09 -49.28 -49.44 -49.62 -49.81 -50.00 -50.19 -50.34 -50.50 -50.66 -50.81 -50.97 -51.12 -51.25 -51.41 -51.56 -51.69 -51.81 -51.94 -52.03 -52.09 -52.16 -52.19 -52.22 -52.25 -52.28 -52.31 -52.31 -52.31 -52.31 -52.31 -52.31 -52.34 -52.34 -52.38 -52.38 -52.34 -52.34 -52.31 -52.28 -52.25 -52.25 -52.22 -52.19 -52.16 -52.09 -52.00 -51.91 -51.78 -51.66 -51.53 -51.38 -51.25 -51.12 -50.97 -50.84 -50.75 -50.62 -50.50 -50.38 -50.25 -50.12 -50.00 -49.88
-47.75 -47.94 -48.12 -48.31 -48.50 -48.69 -48.88 -49.06 -49.25 -49.41 -49.59 -49.75 -49.94 -50.12 -50.28 -50.44 -50.62 -50.78 -50.94 -51.09 -51.25 -51.41 -51.53 -51.66 -51.78 -51.91 -51.97 -52.03 -52.09 -52.16 -52.19 -52.22 -52.25 -52.28 -52.28 -52.28 -52.28 -52.31 -52.31 -52.34 -52.34 -52.38 -52.38 -52.38 -52.34 -52.31 -52.28 -52.25 -52.22 -52.19 -52.16 -52.12 -52.06 -52.00 -51.88 -51.78 -51.66 -51.53 -51.41 -51.28 -51.16 -51.03 -50.91 -50.78 -50.69 -50.56 -50.44 -50.34 -50.22 -50.09 -49.97
-47.69 -47.91 -48.09 -48.31 -48.50 -48.69 -48.88 -49.06 -49.25 -49.41 -49.56 -49.72 -49.91 -50.06 -50.25 -50.41 -50.59 -50.75 -50.94 -51.09 -51.25 -51.38 -51.50 -51.62 -51.75 -51.84 -51.94 -52.00 -52.06 -52.09 -52.16 -52.19 -52.22 -52.25 -52.25 -52.28 -52.28 -52.31 -52.31 -52.34 -52.34 -52.38 -52.38 -52.38 -52.34 -52.31 -52.25 -52.22 -52.19 -52.16 -52.12 -52.09 -52.03 -51.97 -51.88 -51.75 -51.66 -51.53 -51.41 -51.31 -51.19 -51.06 -50.97 -50.84 -50.75 -50.66 -50.53 -50.44 -50.31 -50.19 -50.06
-47.66 -47.88 -48.09 -48.31 -48.50 -48.72 -48.88 -49.06 -49.22 -49.41 -49.56 -49.72 -49.88 -50.06 -50.22 -50.41 -50.56 -50.75 -50.91 -51.09 -51.22 -51.34 -51.47 -51.59 -51.69 -51.81 -51.88 -51.97 -52.03 -52.09 -52.12 -52.16 -52.19 -52.22 -52.22 -52.25 -52.28 -52.31 -52.31 -52.34 -52.34 -52.38 -52.38 -52.38 -52.34 -52.31 -52.25 -52.19 -52.16 -52.09 -52.06 -52.03 -52.00 -51.94 -51.84 -51.75 -51.62 -51.53 -51.44 -51.31 -51.22 -51.12 -51.00 -50.91 -50.81 -50.72 -50.62 -50.50 -50.41 -50.28 -50.12
-47.62 -47.88 -48.09 -48.31 -48.50 -48.69 -48.88 -49.03 -49.22 -49.38 -49.53 -49.72 -49.88 -50.06 -50.22 -50.38 -50.56 -50.75 -50.91 -51.06 -51.22 -51.34 -51.44 -51.56 -51.66 -51.78 -51.84 -51.94 -52.00 -52.06 -52.09 -52.12 -52.16 -52.19 -52.22 -52.25 -52.28 -52.31 -52.31 -52.34 -52.34 -52.38 -52.38 -52.38 -52.34 -52.28 -52.25 -52.16 -52.09 -52.06 -52.00 -51.97 -51.94 -51.88 -51.81 -51.72 -51.62 -51.53 -51.44 -51.34 -51.25 -51.16 -51.06 -50.97 -50.88 -50.78 -50.69 -50.56 -50.44 -50.31 -50.16
-47.59 -47.84 -48.06 -48.28 -48.47 -48.66 -48.81 -48.97 -49.16 -49.31 -49.50 -49.69 -49.88 -50.06 -50.22 -50.41 -50.56 -50.75 -50.91 -51.06 -51.19 -51.31 -51.44 -51.53 -51.66 -51.75 -51.84 -51.94 -52.00 -52.06 -52.09 -52.12 -52.16 -52.19 -52.22 -52.25 -52.28 -52.31 -52.31 -52.34 -52.34 -52.34 -52.34 -52.34 -52.31 -52.28 -52.22 -52.16 -52.06 -52.00 -51.94 -51.91 -51.88 -51.81 -51.75 -51.66 -51.59 -51.50 -51.41 -51.34 -51.25 -51.19 -51.09 -51.00 -50.91 -50.81 -50.72 -50.59 -50.47 -50.31 -50.12
-47.56 -47.81 -48.03 -48.22 -48.41 -48.56 -48.72 -48.91 -49.09 -49.28 -49.47 -49.69 -49.88 -50.06 -50.22 -50.41 -50.56 -50.75 -50.91 -51.06 -51.19 -51.31 -51.44 -51.53 -51.62 -51.75 -51.84 -51.91 -52.00 -52.06 -52.09 -52.12 -52.16 -52.19 -52.22 -52.25 -52.28 -52.28 -52.31 -52.31 -52.31 -52.31 -52.31 -52.31 -52.28 -52.25 -52.19 -52.12 -52.03 -51.94 -51.88 -51.84 -51.78 -51.75 -51.69 -51.62 -51.53 -51.47 -51.38 -51.31 -51.25 -51.19 -51.12 -51.03 -50.94 -50.84 -50.72 -50.59 -50.44 -50.28 -50.09
-47.53 -47.75 -47.94 -48.12 -48.28 -48.44 -48.62 -48.81 -49.00 -49.22 -49.44 -49.66 -49.84 -50.03 -50.22 -50.41 -50.56 -50.75 -50.91 -51.06 -51.22 -51.34 -51.44 -51.53 -51.66 -51.72 -51.81 -51.91 -51.97 -52.03 -52.09 -52.12 -52.16 -52.19 -52.22 -52.25 -52.25 -52.28 -52.28 -52.28 -52.28 -52.28 -52.28 -52.25 -52.25 -52.22 -52.16 -52.09 -52.00 -51.91 -51.81 -51.75 -51.69 -51.66 -51.59 -51.53 -51.47 -51.41 -51.34 -51.28 -51.22 -51.16 -51.09 -51.00 -50.91 -50.81 -50.69 -50.56 -50.38 -50.22 -50.00
-47.44 -47.62 -47.81 -47.97 -48.12 -48.28 -48.47 -48.69 -48.91 -49.16 -49.38 -49.59 -49.81 -50.03 -50.22 -50.41 -50.56 -50.75 -50.91 -51.06 -51.22 -51.34 -51.47 -51.56 -51.66 -51.72 -51.81 -51.88 -51.94 -52.00 -52.06 -52.09 -52.12 -52.19 -52.22 -52.22 -52.25 -52.25 -52.25 -52.25 -52.22 -52.22 -52.22 -52.19 -52.19 -52.16 -52.09 -52.03 -51.94 -51.84 -51.75 -51.69 -51.62 -51.56 -51.50 -51.47 -51.41 -51.34 -51.28 -51.22 -51.16 -51.09 -51.03 -50.97 -50.88 -50.75 -50.62 -50.47 -50.31 -50.12 -49.91
-47.28 -47.47 -47.62 -47.78 -47.94 -48.12 -48.34 -48.59 -48.84 -49.09 -49.31 -49.56 -49.78 -50.00 -50.19 -50.38 -50.56 -50.75 -50.91 -51.09 -51.22 -51.38 -51.47 -51.56 -51.66 -51.72 -51.78 -51.84 -51.91 -51.97 -52.00 -52.06 -52.09 -52.16 -52.19 -52.22 -52.22 -52.22 -52.19 -52.19 -52.16 -52.16 -52.12 -52.12 -52.12 -52.09 -52.06 -51.97 -51.91 -51.81 -51.69 -51.59 -51.50 -51.44 -51.41 -51.34 -51.31 -51.25 -51.19 -51.12 -51.09 -51.03 -50.94 -50.88 -50.78 -50.66 -50.53 -50.38 -50.22 -50.00 -49.78
-47.06 -47.25 -47.41 -47.56 -47.72 -47.94 -48.19 -48.47 -48.75 -49.00 -49.28 -49.53 -49.75 -49.97 -50.19 -50.38 -50.56 -50.75 -50.94 -51.09 -51.22 -51.34 -51.47 -51.56 -51.62 -51.69 -51.72 -51.78 -51.84 -51.91 -51.97 -52.00 -52.06 -52.09 -52.12 -52.16 -52.19 -52.16 -52.16 -52.12 -52.09 -52.06 -52.06 -52.03 -52.03 -52.00 -51.97 -51.94 -51.84 -51.75 -51.62 -51.53 -51.41 -51.34 -51.28 -51.22 -51.19 -51.12 -51.06 -51.03 -50.97 -50.91 -50.84 -50.75 -50.66 -50.56 -50.44 -50.28 -50.09 -49.88 -49.66
-46.81 -46.97 -47.12 -47.31 -47.53 -47.78 -48.06 -48.34 -48.66 -48.94 -49.22 -49.47 -49.72 -49.97 -50.19 -50.38 -50.56 -50.75 -50.91 -51.06 -51.22 -51.31 -51.41 -51.50 -51.56 -51.59 -51.66 -51.72 -51.78 -51.84 -51.91 -51.94 -52.00 -52.06 -52.09 -52.12 -52.12 -52.09 -52.06 -52.03 -52.00 -51.97 -51.97 -51.94 -51.94 -51.94 -51.91 -51.84 -51.78 -51.69 -51.56 -51.44 -51.31 -51.22 -51.16 -51.09 -51.03 -51.00 -50.94 -50.88 -50.81 -50.75 -50.69 -50.59 -50.53 -50.41 -50.31 -50.16 -49.97 -49.75 -49.53
-46.53 -46.69 -46.88 -47.06 -47.31 -47.59 -47.91 -48.22 -48.53 -48.84 -49.12 -49.44 -49.69 -49.94 -50.16 -50.38 -50.56 -50.75 -50.88 -51.03 -51.16 -51.25 -51.34 -51.41 -51.47 -51.53 -51.56 -51.62 -51.69 -51.75 -51.81 -51.88 -51.94 -52.00 -52.03 -52.03 -52.03 -52.03 -52.00 -51.97 -51.94 -51.91 -51.88 -51.84 -51.84 -51.84 -51.81 -51.78 -51.72 -51.59 -51.47 -51.34 -51.22 -51.12 -51.03 -50.94 -50.91 -50.84 -50.78 -50.72 -50.62 -50.56 -50.50 -50.44 -50.34 -50.25 -50.12 -50.00 -49.84 -49.62 -49.41
-46.22 -46.41 -46.59 -46.84 -47.12 -47.44 -47.75 -48.09 -48.44 -48.75 -49.06 -49.38 -49.62 -49.91 -50.12 -50.34 -50.53 -50.69 -50.81 -50.94 -51.06 -51.16 -51.22 -51.28 -51.34 -51.41 -51.47 -51.53 -51.62 -51.69 -51.75 -51.81 -51.84 -51.91 -51.94 -51.94 -51.94 -51.94 -51.91 -51.88 -51.84 -51.81 -51.78 -51.75 -51.75 -51.75 -51.72 -51.69 -51.62 -51.53 -51.41 -51.28 -51.12 -51.00 -50.91 -50.81 -50.75 -50.66 -50.59 -50.53 -50.44 -50.38 -50.31 -50.25 -50.16 -50.06 -49.97 -49.84 -49.69 -49.50 -49.28
-45.91 -46.09 -46.34 -46.62 -46.94 -47.28 -47.62 -47.97 -48.31 -48.66 -49.00 -49.31 -49.56 -49.84 -50.06 -50.25 -50.44 -50.56 -50.72 -50.84 -50.94 -51.03 -51.09 -51.16 -51.22 -51.28 -51.38 -51.44 -51.50 -51.59 -51.66 -51.69 -51.75 -51.78 -51.81 -51.84 -51.84 -51.81 -51.81 -51.78 -51.75 -51.72 -51.69 -51.66 -51.62 -51.62 -51.59 -51.56 -51.50 -51.41 -51.31 -51.16 -51.03 -50.91 -50.78 -50.69 -50.59 -50.50 -50.41 -50.34 -50.25 -50.19 -50.12 -50.03 -49.97 -49.88 -49.78 -49.66 -49.53 -49.34 -49.16
-45.59 -45.84 -46.09 -46.41 -46.75 -47.12 -47.50 -47.88 -48.25 -48.59 -48.94 -49.22 -49.50 -49.75 -49.97 -50.16 -50.31 -50.44 -50.56 -50.69 -50.78 -50.88 -50.94 -51.00 -51.06 -51.16 -51.22 -51.31 -51.41 -51.47 -51.53 -51.59 -51.62 -51.66 -51.69 -51.69 -51.72 -51.69 -51.69 -51.66 -51.62 -51.59 -51.56 -51.53 -51.50 -51.47 -51.44 -51.41 -51.38 -51.31 -51.19 -51.06 -50.94 -50.78 -50.66 -50.53 -50.44 -50.34 -50.25 -50.16 -50.06 -49.97 -49.91 -49.84 -49.75 -49.66 -49.56 -49.47 -49.34 -49.19 -49.03
-45.31 -45.56 -45.88 -46.22 -46.59 -46.97 -47.38 -47.78 -48.16 -48.53 -48.84 -49.12 -49.41 -49.62 -49.81 -50.00 -50.12 -50.28 -50.41 -50.53 -50.62 -50.69 -50.75 -50.81 -50.91 -50.97 -51.06 -51.19 -51.25 -51.34 -51.41 -51.44 -51.47 -51.50 -51.53 -51.53 -51.56 -51.56 -51.53 -51.53 -51.50 -51.47 -51.44 -51.38 -51.34 -51.28 -51.28 -51.25 -51.22 -51.16 -51.06 -50.94 -50.81 -50.66 -50.53 -50.41 -50.28 -50.16 -50.06 -49.97 -49.88 -49.78 -49.72 -49.62 -49.56 -49.47 -49.38 -49.25 -49.12 -49.00 -48.84
-45.03 -45.34 -45.69 -46.03 -46.44 -46.84 -47.28 -47.69 -48.06 -48.41 -48.72 -49.00 -49.25 -49.47 -49.66 -49.81 -49.94 -50.09 -50.22 -50.31 -50.41 -50.50 -50.56 -50.62 -50.69 -50.81 -50.91 -51.00 -51.09 -51.16 -51.22 -51.28 -51.31 -51.34 -51.34 -51.38 -51.38 -51.41 -51.38 -51.38 -51.38 -51.34 -51.28 -51.22 -51.16 -51.12 -51.09 -51.06 -51.06 -51.00 -50.91 -50.81 -50.66 -50.53 -50.38 -50.25 -50.09 -50.00 -49.88 -49.78 -49.66 -49.59 -49.50 -49.44 -49.38 -49.28 -49.19 -49.06 -48.94 -48.81 -48.66
-44.78 -45.12 -45.50 -45.88 -46.31 -46.75 -47.16 -47.56 -47.94 -48.28 -48.56 -48.84 -49.06 -49.25 -49.44 -49.59 -49.72 -49.88 -50.00 -50.09 -50.19 -50.25 -50.31 -50.41 -50.50 -50.59 -50.72 -50.81 -50.91 -50.97 -51.03 -51.09 -51.12 -51.16 -51.16 -51.19 -51.19 -51.22 -51.22 -51.22 -51.19 -51.19 -51.12 -51.06 -51.00 -50.94 -50.91 -50.88 -50.84 -50.81 -50.75 -50.66 -50.50 -50.38 -50.22 -50.06 -49.94 -49.81 -49.69 -49.56 -49.47 -49.38 -49.31 -49.25 -49.16 -49.06 -48.97 -48.88 -48.75 -48.62 -48.47
-44.53 -44.94 -45.34 -45.75 -46.19 -46.62 -47.03 -47.41 -47.78 -48.09 -48.34 -48.59 -48.84 -49.03 -49.19 -49.34 -49.47 -49.62 -49.75 -49.84 -49.94 -50.00 -50.06 -50.16 -50.25 -50.38 -50.50 -50.59 -50.69 -50.78 -50.84 -50.88 -50.91 -50.94 -50.97 -50.97 -51.00 -51.00 -51.00 -51.00 -51.00 -51.00 -50.94 -50.88 -50.81 -50.72 -50.69 -50.66 -50.62 -50.59 -50.53 -50.47 -50.34 -50.22 -50.06 -49.91 -49.75 -49.59 -49.47 -49.38 -49.25 -49.19 -49.09 -49.03 -48.97 -48.88 -48.78 -48.69 -48.56 -48.44 -48.28
-44.34 -44.75 -45.19 -45.62 -46.06 -46.47 -46.84 -47.22 -47.56 -47.84 -48.09 -48.34 -48.56 -48.75 -48.91 -49.03 -49.19 -49.34 -49.47 -49.59 -49.66 -49.72 -49.81 -49.91 -50.03 -50.16 -50.25 -50.38 -50.47 -50.53 -50.59 -50.66 -50.69 -50.69 -50.72 -50.75 -50.78 -50.78 -50.78 -50.78 -50.78 -50.78 -50.75 -50.69 -50.59 -50.50 -50.44 -50.41 -50.41 -50.38 -50.31 -50.25 -50.16 -50.03 -49.88 -49.72 -49.56 -49.41 -49.28 -49.16 -49.03 -48.97 -48.88 -48.81 -48.75 -48.66 -48.56 -48.47 -48.34 -48.22 -48.09
-44.16 -44.59 -45.03 -45.44 -45.84 -46.25 -46.62 -46.97 -47.25 -47.53 -47.78 -48.03 -48.22 -48.41 -48.56 -48.72 -48.88 -49.03 -49.16 -49.28 -49.34 -49.41 -49.50 -49.62 -49.75 -49.88 -50.00 -50.12 -50.22 -50.28 -50.34 -50.38 -50.41 -50.44 -50.47 -50.53 -50.53 -50.53 -50.53 -50.50 -50.50 -50.53 -50.50 -50.44 -50.38 -50.28 -50.22 -50.16 -50.12 -50.12 -50.09 -50.03 -49.94 -49.81 -49.69 -49.56 -49.38 -49.22 -49.06 -48.94 -48.81 -48.72 -48.66 -48.56 -48.50 -48.44 -48.34 -48.25 -48.16 -48.03 -47.91
-43.97 -44.38 -44.81 -45.19 -45.56 -45.94 -46.31 -46.62 -46.91 -47.19 -47.44 -47.66 -47.88 -48.06 -48.22 -48.38 -48.53 -48.69 -48.84 -48.94 -49.00 -49.09 -49.22 -49.34 -49.47 -49.62 -49.72 -49.81 -49.91 -50.00 -50.06 -50.09 -50.12 -50.16 -50.22 -50.25 -50.28 -50.28 -50.25 -50.22 -50.22 -50.25 -50.22 -50.19 -50.12 -50.03 -49.94 -49.88 -49.88 -49.84 -49.81 -49.75 -49.69 -49.59 -49.47 -49.34 -49.19 -49.03 -48.88 -48.72 -48.59 -48.50 -48.41 -48.34 -48.25 -48.19 -48.12 -48.03 -47.94 -47.84 -47.72
-43.69 -44.09 -44.47 -44.84 -45.22 -45.59 -45.94 -46.25 -46.50 -46.78 -47.03 -47.25 -47.47 -47.66 -47.81 -48.00 -48.16 -48.34 -48.47 -48.59 -48.66 -48.75 -48.88 -49.03 -49.19 -49.31 -49.41 -49.50 -49.59 -49.69 -49.72 -49.78 -49.81 -49.84 -49.91 -49.97 -50.00 -50.00 -49.94 -49.91 -49.91 -49.94 -49.94 -49.91 -49.84 -49.72 -49.66 -49.59 -49.56 -49.53 -49.50 -49.47 -49.41 -49.34 -49.25 -49.12 -48.97 -48.81 -48.66 -48.50 -48.38 -48.25 -48.16 -48.09 -48.00 -47.94 -47.88 -47.81 -47.72 -47.62 -47.53
-43.34 -43.72 -44.09 -44.47 -44.84 -45.22 -45.53 -45.81 -46.09 -46.34 -46.59 -46.81 -47.03 -47.22 -47.41 -47.59 -47.78 -47.94 -48.09 -48.22 -48.31 -48.41 -48.56 -48.72 -48.84 -48.97 -49.06 -49.16 -49.25 -49.31 -49.38 -49.44 -49.47 -49.53 -49.59 -49.66 -49.69 -49.69 -49.62 -49.56 -49.56 -49.59 -49.62 -49.59 -49.53 -49.44 -49.34 -49.28 -49.22 -49.22 -49.19 -49.16 -49.12 -49.06 -48.97 -48.88 -48.75 -48.59 -48.44 -48.28 -48.12 -48.00 -47.91 -47.81 -47.75 -47.69 -47.62 -47.56 -47.50 -47.41 -47.31
-42.94 -43.31 -43.72 -44.09 -44.44 -44.78 -45.06 -45.34 -45.62 -45.88 -46.12 -46.34 -46.56 -46.78 -46.97 -47.16 -47.38 -47.53 -47.69 -47.81 -47.94 -48.06 -48.22 -48.34 -48.50 -48.62 -48.72 -48.78 -48.88 -48.94 -49.00 -49.06 -49.12 -49.19 -49.28 -49.34 -49.38 -49.34 -49.28 -49.22 -49.19 -49.22 -49.28 -49.28 -49.22 -49.09 -49.00 -48.91 -48.88 -48.84 -48.84 -48.84 -48.81 -48.75 -48.66 -48.56 -48.47 -48.34 -48.19 -48.03 -47.88 -47.75 -47.66 -47.56 -47.47 -47.44 -47.38 -47.31 -47.25 -47.19 -47.12
-42.53 -42.91 -43.31 -43.66 -44.00 -44.28 -44.56 -44.84 -45.12 -45.41 -45.62 -45.88 -46.09 -46.31 -46.53 -46.72 -46.94 -47.12 -47.28 -47.41 -47.53 -47.69 -47.81 -47.97 -48.12 -48.22 -48.31 -48.38 -48.47 -48.53 -48.62 -48.69 -48.75 -48.84 -48.91 -48.97 -49.00 -48.97 -48.91 -48.84 -48.81 -48.88 -48.91 -48.94 -48.84 -48.75 -48.62 -48.53 -48.50 -48.47 -48.47 -48.50 -48.47 -48.41 -48.34 -48.25 -48.16 -48.03 -47.91 -47.78 -47.62 -47.50 -47.38 -47.28 -47.22 -47.16 -47.12 -47.06 -47.03 -46.97 -46.88
