everonasctiles/Tile[18,43].asc
ncols 128
nrows 128
xllcorner 0
yllcorner 0
cellsize 2.0
NODATA_value  -9999
[rows 0 to 33 of 128, columns 0 to 76 of 128]
21.00 21.12 21.28 21.44 21.59 21.75 21.91 22.03 22.19 22.34 22.47 22.59 22.69 22.78 22.88 22.91 23.00 23.06 23.16 23.22 23.31 23.44 23.56 23.69 23.78 23.94 24.03 24.12 24.25 24.38 24.56 24.78 25.12 25.44 25.69 25.91 26.09 26.25 26.41 26.53 26.62 26.75 26.84 26.97 27.09 27.22 27.34 27.50 27.66 27.78 27.94 28.03 28.03 28.03 27.94 27.84 27.69 27.53 27.38 27.25 27.62 27.62 27.62 27.62 27.84 27.84 27.84 27.84 27.84 27.84 27.84 27.84 27.84 27.84 27.84 27.84 27.84
21.66 21.75 21.84 21.97 22.12 22.25 22.47 22.59 22.62 22.75 22.81 23.00 23.06 23.06 23.06 23.00 22.97 23.03 23.06 23.06 23.12 23.22 23.34 23.47 23.56 23.78 23.97 24.12 24.25 24.44 24.78 25.16 25.47 25.78 26.03 26.25 26.44 26.59 26.72 26.84 26.94 27.06 27.16 27.28 27.38 27.50 27.62 27.78 27.94 28.09 28.22 28.31 28.31 28.19 28.09 27.97 27.81 27.62 27.47 27.62 27.62 27.62 27.62 27.84 27.84 27.84 27.84 27.84 27.84 27.84 27.84 27.84 27.84 27.84 27.84 27.84 27.84
21.91 21.97 21.97 22.09 22.31 22.50 22.66 22.78 22.88 22.88 23.03 23.12 23.16 23.16 23.19 23.16 23.06 23.09 23.12 23.22 23.31 23.41 23.50 23.59 23.78 23.97 24.16 24.34 24.53 24.81 25.22 25.56 25.88 26.16 26.38 26.56 26.75 26.88 27.03 27.12 27.25 27.34 27.44 27.56 27.66 27.75 27.88 28.00 28.12 28.28 28.41 28.50 28.47 28.38 28.22 28.06 27.91 27.72 27.69 27.62 27.62 27.62 27.84 27.84 27.84 27.84 27.84 27.84 27.84 27.84 27.84 27.84 27.84 27.84 27.84 27.84 27.84
21.91 21.97 22.03 22.16 22.41 22.59 22.78 22.94 23.06 23.12 23.22 23.41 23.66 23.84 23.94 24.00 24.06 24.09 24.12 24.12 24.12 24.09 24.03 23.91 23.97 24.22 24.44 24.69 24.97 25.38 25.75 26.06 26.31 26.53 26.72 26.91 27.03 27.19 27.28 27.41 27.50 27.59 27.69 27.81 27.91 28.00 28.09 28.19 28.31 28.41 28.50 28.56 28.59 28.47 28.31 28.12 27.94 27.84 27.62 27.62 27.62 27.62 27.84 27.84 27.84 27.84 27.84 27.84 27.84 27.84 27.84 27.84 27.84 27.84 27.84 27.84 27.84
21.91 22.00 22.12 22.25 22.44 22.62 22.94 23.28 23.69 23.94 24.12 24.31 24.47 24.62 24.72 24.81 24.91 24.97 25.03 25.06 25.06 25.03 24.94 24.81 24.66 24.72 24.97 25.28 25.66 26.00 26.28 26.47 26.66 26.81 26.97 27.12 27.25 27.41 27.53 27.66 27.75 27.81 27.91 28.00 28.09 28.19 28.28 28.34 28.44 28.53 28.59 28.62 28.62 28.50 28.31 28.09 27.94 27.62 27.62 27.62 27.62 27.84 27.84 27.84 27.84 27.84 27.84 27.84 27.84 27.84 27.84 27.84 27.84 27.84 27.84 27.84 27.84
22.03 22.12 22.22 22.41 22.62 23.00 23.56 24.03 24.41 24.69 24.94 25.12 25.28 25.44 25.59 25.69 25.78 25.88 25.94 25.97 26.00 25.97 25.91 25.81 25.69 25.69 25.81 26.03 26.25 26.50 26.69 26.81 26.94 27.06 27.19 27.31 27.44 27.56 27.69 27.81 27.94 28.03 28.09 28.19 28.25 28.34 28.41 28.47 28.53 28.59 28.62 28.66 28.62 28.53 28.34 28.12 28.09 27.62 27.62 27.62 27.84 27.84 27.84 27.84 27.84 27.84 27.84 27.84 27.84 27.84 27.84 27.84 27.84 27.84 27.84 27.84 27.84
22.28 22.47 22.66 22.94 23.31 23.72 24.22 24.69 25.12 25.47 25.75 26.00 26.16 26.34 26.47 26.59 26.72 26.78 26.84 26.88 26.91 26.88 26.84 26.78 26.56 26.38 26.47 26.59 26.72 26.84 26.97 27.09 27.19 27.28 27.38 27.47 27.59 27.69 27.81 27.94 28.06 28.16 28.25 28.34 28.41 28.47 28.53 28.59 28.62 28.66 28.69 28.69 28.62 28.53 28.41 28.25 27.62 27.62 27.62 27.84 27.84 27.84 27.84 27.84 27.84 27.84 27.84 27.84 27.84 27.84 27.84 27.84 27.84 27.84 27.84 27.84 27.84
22.59 22.84 23.16 23.50 23.91 24.38 24.84 25.41 25.88 26.28 26.62 26.88 27.09 27.22 27.38 27.50 27.59 27.66 27.72 27.78 27.75 27.66 27.66 27.59 27.31 27.09 27.09 27.09 27.12 27.19 27.25 27.31 27.38 27.47 27.53 27.62 27.72 27.81 27.94 28.03 28.16 28.28 28.38 28.47 28.50 28.56 28.59 28.66 28.69 28.69 28.69 28.69 28.62 28.56 28.47 28.34 27.62 27.84 27.84 27.84 27.84 27.84 27.84 27.84 27.84 27.84 27.84 27.84 27.84 27.84 27.84 27.84 27.84 27.84 27.84 27.84 27.84
22.94 23.25 23.59 24.00 24.47 24.94 25.50 26.09 26.66 27.12 27.53 27.81 28.00 28.16 28.28 28.34 28.44 28.53 28.66 28.69 28.56 28.44 28.34 28.22 28.00 27.78 27.69 27.59 27.53 27.47 27.50 27.53 27.59 27.62 27.69 27.78 27.84 27.94 28.03 28.12 28.25 28.34 28.47 28.56 28.59 28.62 28.66 28.69 28.72 28.72 28.72 28.69 28.62 28.56 28.47 27.62 27.62 27.84 27.84 27.84 27.84 27.84 27.84 27.84 27.84 27.84 27.84 27.84 27.84 27.84 27.84 27.84 27.84 27.84 27.84 27.84 27.84
23.25 23.62 24.00 24.44 24.94 25.47 26.06 26.72 27.34 27.91 28.34 28.78 28.97 29.00 28.97 29.00 29.03 29.12 29.25 29.25 29.09 29.00 28.94 28.88 28.78 28.59 28.31 28.09 27.88 27.75 27.72 27.72 27.75 27.78 27.84 27.91 27.97 28.06 28.12 28.22 28.31 28.44 28.53 28.62 28.69 28.69 28.72 28.72 28.75 28.72 28.69 28.66 28.59 28.53 27.62 27.84 27.84 27.84 27.84 27.84 27.84 27.84 27.84 27.84 27.84 27.84 27.84 27.84 27.84 27.84 27.84 27.84 27.84 27.84 27.84 27.84 27.84
23.59 23.97 24.41 24.88 25.41 25.94 26.56 27.25 27.91 28.50 29.00 29.28 29.44 29.44 29.34 29.31 29.31 29.41 29.47 29.44 29.38 29.31 29.31 29.41 29.53 29.47 29.09 28.56 28.12 27.94 27.88 27.88 27.91 27.94 27.97 28.03 28.06 28.16 28.22 28.31 28.41 28.50 28.59 28.69 28.72 28.72 28.75 28.75 28.75 28.72 28.69 28.62 28.56 27.62 27.84 27.84 27.84 27.84 27.84 27.84 27.84 27.84 27.84 27.84 27.84 27.84 27.84 27.84 27.84 27.84 27.84 27.84 27.84 27.84 27.84 27.84 27.84
23.91 24.34 24.81 25.28 25.81 26.38 27.00 27.66 28.31 28.88 29.22 29.19 29.22 29.28 29.28 29.28 29.28 29.28 29.25 29.25 29.25 29.28 29.28 29.28 29.56 29.47 29.34 28.78 28.19 28.09 28.03 28.03 28.03 28.06 28.09 28.12 28.16 28.22 28.31 28.38 28.47 28.53 28.62 28.72 28.75 28.75 28.75 28.72 28.72 28.72 28.66 28.59 28.50 27.62 27.84 27.84 27.84 27.84 27.84 27.84 27.84 27.84 27.84 27.84 27.84 27.84 27.84 27.84 27.84 27.84 27.84 27.84 27.84 27.84 27.84 27.84 27.84
24.25 24.69 25.16 25.66 26.19 26.75 27.34 27.94 28.53 29.06 29.22 29.16 29.09 29.25 29.19 29.22 29.22 29.06 29.06 28.56 28.59 28.72 29.25 29.28 29.41 29.53 29.31 28.56 28.34 28.25 28.19 28.16 28.16 28.16 28.19 28.22 28.25 28.31 28.38 28.44 28.50 28.59 28.66 28.75 28.78 28.75 28.75 28.72 28.69 28.66 28.59 28.53 27.62 27.84 27.84 27.84 27.84 27.84 27.84 27.84 27.84 27.84 27.84 27.84 27.84 27.84 27.84 27.84 27.84 27.84 27.84 27.84 27.84 27.84 27.84 27.84 27.84
24.59 25.00 25.47 25.97 26.47 27.00 27.53 28.09 28.66 29.09 29.19 26.81 26.81 26.81 26.81 26.78 26.81 27.31 27.31 27.31 27.31 29.25 29.09 29.28 29.47 29.75 29.25 28.84 28.50 28.38 28.28 28.25 28.25 28.25 28.25 28.28 28.31 28.34 28.41 28.47 28.56 28.62 28.69 28.75 28.78 28.75 28.72 28.69 28.66 28.62 27.62 27.62 27.84 27.84 27.84 27.84 27.84 27.84 27.84 27.84 27.84 27.84 27.84 27.84 27.84 27.84 27.84 27.84 27.84 27.84 27.84 27.84 27.84 27.84 27.84 27.84 27.84
24.88 25.31 25.78 26.22 26.69 27.19 27.69 28.19 28.66 28.97 29.00 26.81 26.81 26.81 26.81 26.81 26.81 26.81 26.81 26.81 26.81 26.81 29.16 29.28 29.44 29.66 29.25 28.91 28.59 28.44 28.38 28.34 28.34 28.31 28.31 28.34 28.38 28.41 28.47 28.53 28.59 28.66 28.72 28.75 28.75 28.72 28.69 28.62 28.59 28.56 27.62 27.62 27.84 27.84 27.84 27.84 27.84 27.84 27.84 27.84 27.84 27.84 27.84 27.84 27.84 27.84 27.84 27.84 27.84 27.84 27.84 27.84 27.84 27.84 27.84 27.84 27.84
25.16 25.59 26.03 26.44 26.88 27.31 27.75 28.19 28.56 28.66 28.47 27.06 26.81 26.81 26.81 26.81 26.81 26.81 26.81 26.81 26.81 26.81 29.25 29.28 29.38 29.44 29.00 28.84 28.66 28.50 28.44 28.41 28.41 28.38 28.38 28.38 28.41 28.44 28.47 28.53 28.59 28.66 28.72 28.75 28.72 28.66 28.62 28.56 28.53 27.62 27.62 27.62 27.84 27.84 27.84 27.84 27.84 27.84 27.84 27.84 27.84 27.84 27.84 27.84 27.84 27.84 27.84 27.84 27.84 27.84 27.84 27.84 27.84 27.84 27.84 27.84 27.84
25.41 25.84 26.28 26.66 27.03 27.41 27.78 28.12 28.34 28.38 28.19 27.06 26.81 26.81 26.81 26.81 26.81 26.81 26.81 26.81 26.81 26.81 29.03 29.16 29.34 29.34 28.91 28.81 28.66 28.53 28.50 28.44 28.44 28.44 28.41 28.41 28.41 28.44 28.50 28.56 28.62 28.66 28.72 28.69 28.66 28.59 28.56 28.50 27.62 27.62 27.62 27.62 27.84 27.84 27.84 27.84 27.84 27.84 27.84 27.84 27.84 27.84 27.84 27.84 27.84 27.84 27.84 27.84 27.84 27.84 27.84 27.84 27.84 27.84 27.84 27.84 27.84
25.66 26.09 26.50 26.84 27.19 27.50 27.78 28.03 28.16 28.16 28.00 27.06 26.81 26.81 26.81 26.81 26.91 26.81 26.81 26.81 26.81 26.81 28.41 28.94 29.06 29.06 28.78 28.75 28.62 28.53 28.50 28.47 28.47 28.47 28.44 28.38 28.38 28.41 28.47 28.56 28.62 28.66 28.69 28.62 28.56 28.53 28.47 28.44 27.62 27.62 27.62 27.62 27.84 27.84 27.84 27.84 27.84 27.84 27.84 27.84 27.84 27.84 27.84 27.84 27.84 27.84 27.84 27.84 27.84 27.84 27.84 27.84 27.84 27.84 27.84 27.84 27.84
25.91 26.38 26.75 27.06 27.31 27.56 27.75 27.91 28.00 28.00 27.91 27.06 26.81 26.81 26.81 27.16 27.16 26.81 26.81 26.81 26.81 26.81 27.94 28.56 28.69 28.84 28.62 28.59 28.53 28.50 28.50 28.47 28.47 28.44 28.38 28.28 28.31 28.38 28.47 28.53 28.59 28.62 28.59 28.53 28.50 28.44 28.38 28.31 27.62 27.62 27.62 27.84 27.84 27.84 27.84 27.84 27.84 27.84 27.84 27.84 27.84 27.84 27.84 27.84 27.84 27.84 27.84 27.84 27.84 27.84 27.84 27.84 27.84 27.84 27.84 27.84 27.84
26.12 26.62 27.00 27.28 27.47 27.62 27.75 27.81 27.88 27.88 27.84 27.84 27.84 27.66 27.84 27.59 27.62 27.81 27.75 27.75 27.84 27.84 27.84 28.12 28.31 28.41 28.41 28.38 28.34 28.38 28.41 28.16 28.00 27.91 27.84 28.06 28.16 28.31 28.41 28.50 28.53 28.53 28.50 28.44 28.38 28.34 28.28 27.62 27.62 27.84 27.84 27.84 27.84 27.84 27.84 27.84 27.84 27.84 27.84 27.84 27.84 27.84 27.84 27.84 27.84 27.84 27.84 27.84 27.84 27.84 27.84 27.84 27.84 27.84 27.84 27.84 27.84
26.38 26.91 27.22 27.44 27.59 27.72 27.78 27.78 27.81 27.81 27.84 27.84 27.84 27.84 27.84 27.84 27.84 27.84 27.84 27.84 27.84 27.84 27.88 27.97 28.09 28.19 28.19 28.19 28.16 28.12 28.03 27.88 27.81 27.81 27.81 27.84 28.00 28.19 28.38 28.47 28.47 28.44 28.38 28.34 28.28 28.22 28.16 27.62 27.84 27.84 27.84 27.84 27.84 27.84 27.84 27.84 27.84 27.84 27.84 27.84 27.84 27.84 27.84 27.84 27.84 27.84 27.84 27.84 27.84 27.84 27.84 27.84 27.84 27.84 27.84 27.84 27.84
26.44 26.91 27.22 27.44 27.66 27.75 27.78 27.78 27.78 27.78 27.84 27.84 27.84 27.84 27.84 27.84 27.84 27.84 27.84 27.84 27.84 27.84 27.81 27.91 28.00 28.03 28.06 28.06 28.03 27.97 27.91 27.84 27.81 27.81 27.81 27.81 27.81 28.03 28.41 28.38 28.34 28.31 28.25 28.22 28.16 28.09 27.84 27.84 27.84 27.84 27.84 27.84 27.84 27.84 27.84 27.84 27.84 27.84 27.84 27.84 27.84 27.84 27.84 27.84 27.84 27.84 27.84 27.84 27.84 27.84 27.84 27.84 27.84 27.84 27.84 27.84 27.84
26.44 26.88 27.09 27.25 27.44 27.62 27.72 27.78 27.78 27.78 27.84 27.84 27.84 27.84 27.84 27.84 27.84 27.84 27.84 27.84 27.84 27.84 27.81 27.88 27.94 27.97 27.97 27.97 27.94 27.91 27.88 27.84 27.81 27.81 27.81 27.81 27.81 27.88 28.25 28.22 28.19 28.16 28.12 28.09 28.03 27.84 27.84 27.84 27.84 27.84 27.84 27.84 27.84 27.84 27.84 27.84 27.84 27.84 27.84 27.84 27.84 27.84 27.84 27.84 27.84 27.84 27.84 27.84 27.84 27.84 27.84 27.84 27.84 27.84 27.84 27.84 27.84
26.12 26.44 26.72 26.88 27.12 27.44 27.66 27.75 27.78 27.78 27.78 27.78 27.78 27.78 27.78 27.78 27.78 27.78 27.78 27.78 27.78 27.78 27.81 27.84 27.88 27.91 27.91 27.91 27.91 27.88 27.84 27.81 27.81 27.81 27.81 27.81 27.81 27.91 28.09 28.06 28.06 28.03 28.00 27.97 27.94 27.84 27.84 27.84 27.84 27.84 27.84 27.84 27.84 27.84 27.84 27.84 27.84 27.84 27.84 27.84 27.84 27.84 27.84 27.84 27.84 27.84 27.84 27.84 27.84 27.84 27.84 27.84 27.84 27.84 27.84 27.84 27.84
25.81 26.06 26.19 26.31 26.53 26.81 27.44 27.66 27.75 27.78 27.81 27.78 27.78 27.78 27.78 27.78 27.78 27.78 27.78 27.78 27.78 27.78 27.81 27.84 27.84 27.88 27.88 27.88 27.88 27.84 27.84 27.81 27.81 27.81 27.81 27.81 27.81 27.91 27.94 27.94 27.94 27.94 27.91 27.88 27.84 27.84 27.84 27.84 27.84 27.84 27.84 27.84 27.84 27.84 27.84 27.84 27.84 27.84 27.84 27.84 27.84 27.84 27.84 27.84 27.84 27.84 27.84 27.84 27.84 27.84 27.84 27.84 27.84 27.84 27.84 27.84 27.84
25.62 25.75 25.78 25.81 25.94 26.09 26.00 26.03 26.69 27.09 27.66 27.75 27.62 27.78 27.78 27.78 27.78 27.78 27.78 27.78 27.78 27.78 27.81 27.81 27.84 27.84 27.84 27.84 27.84 27.84 27.84 27.81 27.81 27.81 27.81 27.78 27.78 27.81 27.84 27.84 27.81 27.88 27.88 27.88 27.84 27.84 27.84 27.84 27.84 27.84 27.84 27.84 27.84 27.84 27.84 27.84 27.84 27.84 27.84 27.84 27.84 27.84 27.84 27.84 27.84 27.84 27.84 27.84 27.84 27.84 27.84 27.84 27.84 27.84 27.84 27.84 27.84
25.59 25.69 25.69 25.69 25.72 25.72 25.69 25.69 25.69 25.69 25.69 25.72 27.03 27.69 27.78 27.78 27.78 27.78 27.78 27.78 27.78 27.78 27.81 27.81 27.81 27.84 27.84 27.84 27.84 27.84 27.81 27.81 27.81 27.81 27.81 27.78 27.78 27.81 27.81 27.81 27.81 27.81 27.91 27.91 27.88 27.84 27.84 27.84 27.84 27.84 27.84 27.84 27.84 27.84 27.84 27.84 27.84 27.84 27.84 27.84 27.84 27.84 27.84 27.84 27.84 27.84 27.84 27.84 27.84 27.84 27.84 27.84 27.84 27.84 27.84 27.84 27.84
25.34 25.69 25.69 25.69 25.69 25.69 25.69 25.69 25.69 25.69 25.69 25.72 26.75 27.75 27.78 27.78 27.78 27.78 27.78 27.78 27.78 27.78 27.81 27.81 27.81 27.81 27.81 27.84 27.81 27.81 27.81 27.81 27.81 27.81 27.78 27.78 27.78 27.78 27.81 27.81 27.81 27.81 27.91 27.91 27.88 27.84 27.84 27.84 27.84 27.84 27.84 27.84 27.84 27.84 27.84 27.84 27.84 27.84 27.84 27.84 27.84 27.84 27.84 27.84 27.84 27.84 27.84 27.84 27.84 27.84 27.84 27.84 27.84 27.84 27.84 27.84 27.84
25.34 25.69 25.69 25.69 25.69 25.69 25.69 25.69 25.69 25.69 25.69 25.69 26.78 27.69 27.78 27.78 27.78 27.78 27.75 27.75 27.78 27.78 27.78 27.81 27.81 27.81 27.81 27.81 27.81 27.81 27.81 27.81 27.81 27.81 27.81 27.78 27.78 27.78 27.81 27.81 27.81 27.81 27.88 27.88 27.88 27.84 27.84 27.84 27.84 27.84 27.84 27.84 27.84 27.84 27.84 27.84 27.84 27.84 27.84 27.84 27.84 27.84 27.84 27.84 27.84 27.84 27.84 27.84 27.84 27.84 27.84 27.84 27.84 27.84 27.84 27.84 27.84
25.34 25.69 25.69 25.69 25.69 25.69 25.69 25.69 25.69 25.69 25.69 25.69 26.75 27.69 27.78 27.78 27.78 27.78 27.75 27.75 27.75 27.78 27.81 27.81 27.81 27.81 27.81 27.81 27.81 27.81 27.81 27.81 27.81 27.81 27.81 27.78 27.78 27.78 27.81 27.81 27.81 27.81 27.88 27.88 27.88 27.84 27.84 27.84 27.84 27.84 27.84 27.84 27.84 27.84 27.84 27.84 27.84 27.84 27.84 27.84 27.84 27.84 27.84 27.84 27.84 27.84 27.84 27.84 27.62 27.62 27.84 27.84 27.84 27.84 27.84 27.84 27.84
25.38 25.69 25.69 25.69 25.69 25.69 25.69 25.69 25.94 25.69 25.69 25.69 26.75 27.69 27.78 27.78 27.81 27.75 27.75 27.75 27.75 27.78 27.81 27.81 27.81 27.81 27.81 27.81 27.81 27.81 27.81 27.81 27.81 27.81 27.81 27.78 27.78 27.78 27.81 27.81 27.84 27.84 27.91 27.91 27.88 27.88 27.84 27.84 27.84 27.84 27.84 27.84 27.84 27.84 27.84 27.84 27.84 27.84 27.84 27.84 27.84 27.84 27.84 27.84 27.84 27.84 27.84 27.62 27.62 27.62 27.84 27.84 27.84 27.84 27.84 27.84 27.84
25.34 25.69 25.69 25.69 25.69 25.69 25.69 25.69 25.81 25.69 25.69 25.69 26.75 27.44 27.84 27.84 27.84 27.75 27.72 27.72 27.78 27.81 27.81 27.81 27.81 27.81 27.81 27.81 27.81 27.81 27.81 27.81 27.81 27.81 27.78 27.78 27.78 27.81 27.81 27.84 27.88 27.91 27.97 27.91 27.88 27.88 27.84 27.84 27.84 27.84 27.84 27.84 27.84 27.84 27.84 27.84 27.84 27.84 27.84 27.84 27.84 27.84 27.84 27.84 27.84 27.84 27.84 27.62 27.62 27.62 27.84 27.84 27.84 27.84 27.84 27.84 27.84
25.34 25.69 25.69 25.69 25.69 25.69 25.69 25.69 25.69 25.69 25.69 25.69 26.75 27.41 27.84 27.84 27.84 27.75 27.72 27.72 27.81 27.81 27.81 27.81 27.81 27.81 27.81 27.81 27.81 27.81 27.81 27.81 27.81 27.81 27.78 27.78 27.78 27.81 27.81 27.84 27.88 27.97 28.00 27.91 27.88 27.88 27.84 27.84 27.84 27.84 27.84 27.84 27.84 27.84 27.84 27.84 27.84 27.84 27.84 27.84 27.84 27.84 27.84 27.84 27.84 27.84 27.62 27.62 27.62 27.84 27.84 27.84 27.84 27.84 27.84 27.84 27.84
25.34 25.69 25.69 25.69 25.69 25.69 25.69 25.69 25.69 25.69 25.69 25.69 26.75 27.38 27.84 27.84 27.84 27.72 27.72 27.72 27.81 27.81 27.81 27.81 27.81 27.81 27.81 27.81 27.81 27.81 27.81 27.81 27.81 27.81 27.81 27.78 27.78 27.81 27.81 27.84 27.91 27.97 28.00 27.91 27.88 27.88 27.84 27.84 27.84 27.84 27.84 27.84 27.84 27.84 27.84 27.84 27.84 27.84 27.84 27.84 27.84 27.84 27.84 27.84 27.84 27.62 27.62 27.62 27.62 27.84 27.84 27.84 27.84 27.84 27.84 27.84 27.84
