everonasctiles/Tile[38,35].asc
ncols 128
nrows 128
xllcorner 0
yllcorner 0
cellsize 2.0
NODATA_value  -9999
[rows 32 to 63 of 128, columns 0 to 70 of 128]
-68.62 -68.50 -68.38 -68.22 -68.06 -67.88 -67.66 -67.38 -67.03 -66.69 -66.25 -65.78 -65.25 -64.72 -64.28 -64.03 -64.06 -64.25 -64.44 -64.62 -64.75 -64.81 -64.78 -64.62 -64.31 -63.88 -63.28 -62.56 -61.72 -60.81 -60.00 -59.28 -58.75 -58.34 -58.00 -57.75 -57.50 -57.28 -57.06 -56.84 -56.59 -56.31 -55.91 -55.47 -54.94 -54.38 -53.75 -53.03 -52.19 -51.22 -50.00 -48.66 -47.25 -46.03 -45.09 -44.56 -44.34 -44.28 -44.25 -44.16 -44.03 -43.94 -43.91 -43.97 -44.09 -44.25 -44.34 -44.41 -44.44 -44.38 -44.25
-68.69 -68.59 -68.47 -68.31 -68.16 -67.97 -67.72 -67.44 -67.09 -66.72 -66.31 -65.88 -65.31 -64.75 -64.28 -64.06 -64.19 -64.44 -64.69 -64.91 -65.03 -65.09 -65.03 -64.81 -64.50 -64.03 -63.44 -62.72 -61.94 -61.16 -60.47 -59.88 -59.44 -59.09 -58.78 -58.50 -58.22 -57.97 -57.72 -57.47 -57.19 -56.84 -56.44 -56.00 -55.50 -54.94 -54.31 -53.59 -52.75 -51.69 -50.34 -48.81 -47.19 -45.72 -44.59 -43.91 -43.66 -43.66 -43.75 -43.84 -43.91 -43.97 -44.06 -44.22 -44.41 -44.56 -44.72 -44.81 -44.84 -44.81 -44.72
-68.66 -68.56 -68.44 -68.31 -68.16 -67.94 -67.72 -67.44 -67.12 -66.75 -66.38 -65.97 -65.47 -64.91 -64.44 -64.25 -64.38 -64.66 -64.94 -65.16 -65.28 -65.31 -65.19 -64.97 -64.62 -64.19 -63.59 -62.94 -62.25 -61.56 -60.97 -60.50 -60.09 -59.78 -59.47 -59.19 -58.88 -58.59 -58.31 -58.03 -57.69 -57.34 -56.94 -56.47 -55.97 -55.44 -54.81 -54.06 -53.16 -52.00 -50.53 -48.81 -47.00 -45.38 -44.12 -43.38 -43.12 -43.16 -43.34 -43.56 -43.75 -43.94 -44.12 -44.34 -44.56 -44.78 -44.97 -45.12 -45.19 -45.19 -45.12
-68.53 -68.41 -68.31 -68.19 -68.03 -67.84 -67.62 -67.38 -67.09 -66.75 -66.44 -66.06 -65.62 -65.16 -64.75 -64.56 -64.69 -64.94 -65.19 -65.38 -65.47 -65.47 -65.31 -65.06 -64.72 -64.28 -63.75 -63.19 -62.56 -62.00 -61.47 -61.03 -60.69 -60.34 -60.03 -59.72 -59.41 -59.09 -58.78 -58.47 -58.12 -57.75 -57.34 -56.91 -56.41 -55.84 -55.19 -54.41 -53.41 -52.09 -50.47 -48.62 -46.72 -45.00 -43.75 -43.00 -42.75 -42.81 -43.03 -43.31 -43.59 -43.81 -44.06 -44.31 -44.59 -44.88 -45.12 -45.31 -45.44 -45.50 -45.47
-68.31 -68.19 -68.06 -67.94 -67.81 -67.66 -67.47 -67.25 -67.03 -66.75 -66.47 -66.19 -65.84 -65.47 -65.12 -64.97 -65.06 -65.28 -65.44 -65.59 -65.62 -65.56 -65.38 -65.09 -64.75 -64.31 -63.84 -63.31 -62.78 -62.28 -61.84 -61.44 -61.06 -60.75 -60.41 -60.09 -59.78 -59.47 -59.12 -58.81 -58.44 -58.06 -57.66 -57.22 -56.72 -56.16 -55.47 -54.59 -53.47 -52.00 -50.25 -48.28 -46.34 -44.66 -43.44 -42.75 -42.53 -42.62 -42.88 -43.12 -43.41 -43.66 -43.94 -44.22 -44.53 -44.84 -45.16 -45.41 -45.59 -45.72 -45.75
-68.06 -67.94 -67.81 -67.69 -67.59 -67.47 -67.31 -67.16 -66.97 -66.75 -66.53 -66.31 -66.06 -65.78 -65.53 -65.44 -65.47 -65.59 -65.69 -65.75 -65.72 -65.59 -65.34 -65.00 -64.62 -64.16 -63.69 -63.22 -62.78 -62.38 -61.97 -61.62 -61.28 -60.94 -60.62 -60.28 -59.97 -59.62 -59.31 -58.97 -58.62 -58.25 -57.84 -57.41 -56.91 -56.31 -55.59 -54.62 -53.34 -51.75 -49.84 -47.81 -45.91 -44.34 -43.25 -42.69 -42.53 -42.62 -42.81 -43.06 -43.28 -43.53 -43.81 -44.09 -44.44 -44.78 -45.09 -45.41 -45.66 -45.84 -45.94
-67.78 -67.62 -67.50 -67.41 -67.34 -67.28 -67.19 -67.06 -66.94 -66.78 -66.62 -66.44 -66.25 -66.06 -65.91 -65.84 -65.84 -65.88 -65.91 -65.88 -65.75 -65.53 -65.19 -64.75 -64.28 -63.75 -63.28 -62.84 -62.47 -62.16 -61.84 -61.53 -61.25 -60.94 -60.59 -60.28 -59.94 -59.62 -59.28 -58.94 -58.59 -58.22 -57.84 -57.41 -56.91 -56.31 -55.50 -54.44 -53.06 -51.31 -49.34 -47.31 -45.50 -44.09 -43.19 -42.78 -42.69 -42.78 -42.94 -43.09 -43.28 -43.50 -43.75 -44.06 -44.38 -44.72 -45.06 -45.38 -45.69 -45.94 -46.09
-67.41 -67.22 -67.16 -67.12 -67.12 -67.09 -67.06 -67.00 -66.91 -66.81 -66.69 -66.56 -66.44 -66.31 -66.22 -66.12 -66.12 -66.09 -66.06 -65.94 -65.72 -65.38 -64.91 -64.31 -63.66 -63.06 -62.53 -62.12 -61.84 -61.62 -61.44 -61.25 -61.00 -60.72 -60.41 -60.06 -59.75 -59.41 -59.06 -58.72 -58.38 -58.00 -57.62 -57.22 -56.72 -56.09 -55.28 -54.12 -52.62 -50.81 -48.78 -46.81 -45.12 -43.94 -43.25 -42.97 -42.97 -43.06 -43.19 -43.31 -43.47 -43.66 -43.91 -44.16 -44.44 -44.75 -45.06 -45.38 -45.69 -46.00 -46.19
-66.91 -66.78 -66.84 -66.88 -66.94 -66.97 -66.97 -66.97 -66.91 -66.84 -66.78 -66.69 -66.59 -66.50 -66.44 -66.38 -66.31 -66.25 -66.12 -65.91 -65.59 -65.12 -64.47 -63.69 -62.84 -62.09 -61.53 -61.16 -60.97 -60.91 -60.84 -60.75 -60.56 -60.31 -60.00 -59.66 -59.31 -59.00 -58.66 -58.31 -57.97 -57.59 -57.25 -56.84 -56.38 -55.75 -54.88 -53.69 -52.16 -50.28 -48.28 -46.41 -44.91 -43.91 -43.41 -43.28 -43.34 -43.47 -43.56 -43.69 -43.81 -44.00 -44.22 -44.44 -44.69 -44.91 -45.16 -45.44 -45.75 -46.06 -46.31
-66.31 -66.34 -66.53 -66.66 -66.75 -66.84 -66.91 -66.94 -66.91 -66.88 -66.81 -66.75 -66.69 -66.66 -66.59 -66.53 -66.44 -66.31 -66.12 -65.84 -65.38 -64.75 -63.91 -62.94 -61.97 -61.12 -60.53 -60.16 -60.06 -60.09 -60.19 -60.19 -60.06 -59.81 -59.50 -59.12 -58.78 -58.44 -58.09 -57.75 -57.41 -57.06 -56.69 -56.31 -55.84 -55.25 -54.41 -53.22 -51.66 -49.84 -47.94 -46.22 -44.88 -44.06 -43.72 -43.69 -43.78 -43.94 -44.03 -44.16 -44.28 -44.47 -44.66 -44.84 -45.03 -45.19 -45.38 -45.59 -45.88 -46.16 -46.41
-65.75 -66.00 -66.22 -66.41 -66.59 -66.72 -66.81 -66.88 -66.88 -66.88 -66.84 -66.81 -66.78 -66.75 -66.69 -66.62 -66.50 -66.34 -66.09 -65.69 -65.12 -64.34 -63.34 -62.25 -61.22 -60.38 -59.75 -59.44 -59.34 -59.44 -59.56 -59.59 -59.50 -59.28 -58.94 -58.56 -58.16 -57.78 -57.44 -57.09 -56.75 -56.41 -56.06 -55.69 -55.25 -54.66 -53.81 -52.69 -51.19 -49.50 -47.75 -46.22 -45.06 -44.38 -44.12 -44.12 -44.25 -44.41 -44.53 -44.66 -44.78 -44.97 -45.16 -45.31 -45.44 -45.56 -45.69 -45.88 -46.06 -46.31 -46.53
-65.31 -65.69 -65.94 -66.16 -66.38 -66.53 -66.66 -66.75 -66.78 -66.81 -66.78 -66.78 -66.78 -66.78 -66.75 -66.66 -66.53 -66.31 -66.00 -65.53 -64.88 -63.97 -62.91 -61.81 -60.84 -60.03 -59.47 -59.12 -59.00 -59.03 -59.12 -59.16 -59.03 -58.78 -58.44 -58.03 -57.62 -57.22 -56.88 -56.50 -56.16 -55.81 -55.44 -55.06 -54.59 -53.97 -53.16 -52.09 -50.78 -49.25 -47.75 -46.41 -45.41 -44.84 -44.59 -44.59 -44.72 -44.84 -44.97 -45.09 -45.25 -45.41 -45.59 -45.72 -45.84 -45.94 -46.03 -46.16 -46.31 -46.53 -46.69
-64.94 -65.41 -65.66 -65.91 -66.12 -66.31 -66.47 -66.56 -66.62 -66.66 -66.66 -66.69 -66.72 -66.75 -66.72 -66.66 -66.50 -66.28 -65.94 -65.41 -64.69 -63.75 -62.75 -61.78 -60.94 -60.25 -59.69 -59.28 -59.06 -58.97 -58.94 -58.88 -58.72 -58.47 -58.09 -57.69 -57.25 -56.84 -56.47 -56.09 -55.75 -55.34 -54.94 -54.47 -53.91 -53.25 -52.44 -51.44 -50.28 -49.03 -47.78 -46.69 -45.84 -45.34 -45.09 -45.06 -45.12 -45.22 -45.34 -45.47 -45.62 -45.78 -45.94 -46.06 -46.19 -46.28 -46.38 -46.47 -46.59 -46.72 -46.88
-64.56 -65.06 -65.38 -65.62 -65.88 -66.06 -66.22 -66.31 -66.38 -66.41 -66.47 -66.53 -66.59 -66.62 -66.66 -66.59 -66.47 -66.22 -65.88 -65.34 -64.62 -63.81 -62.94 -62.16 -61.47 -60.81 -60.28 -59.81 -59.47 -59.25 -59.09 -58.91 -58.69 -58.41 -58.03 -57.62 -57.19 -56.78 -56.38 -55.97 -55.56 -55.09 -54.59 -53.97 -53.25 -52.47 -51.56 -50.62 -49.66 -48.69 -47.75 -46.91 -46.22 -45.78 -45.53 -45.44 -45.47 -45.53 -45.62 -45.75 -45.91 -46.03 -46.19 -46.34 -46.47 -46.56 -46.62 -46.72 -46.81 -46.91 -47.00
-64.12 -64.66 -65.03 -65.34 -65.59 -65.78 -65.91 -66.00 -66.06 -66.12 -66.22 -66.31 -66.41 -66.50 -66.53 -66.53 -66.41 -66.22 -65.88 -65.41 -64.78 -64.06 -63.41 -62.75 -62.12 -61.53 -60.97 -60.47 -60.03 -59.69 -59.44 -59.19 -58.94 -58.59 -58.22 -57.81 -57.38 -56.94 -56.50 -56.06 -55.59 -55.03 -54.38 -53.59 -52.69 -51.66 -50.62 -49.69 -48.84 -48.12 -47.50 -46.91 -46.44 -46.06 -45.81 -45.72 -45.69 -45.72 -45.81 -45.91 -46.06 -46.19 -46.34 -46.50 -46.62 -46.75 -46.84 -46.91 -46.97 -47.03 -47.09
-63.66 -64.25 -64.72 -65.03 -65.28 -65.44 -65.53 -65.59 -65.66 -65.75 -65.88 -66.03 -66.19 -66.31 -66.41 -66.44 -66.38 -66.19 -65.91 -65.50 -65.00 -64.47 -63.91 -63.31 -62.75 -62.19 -61.59 -61.06 -60.59 -60.22 -59.94 -59.66 -59.34 -59.00 -58.59 -58.19 -57.75 -57.28 -56.81 -56.31 -55.72 -55.06 -54.28 -53.31 -52.16 -50.91 -49.69 -48.66 -47.91 -47.38 -47.00 -46.69 -46.38 -46.09 -45.91 -45.78 -45.75 -45.75 -45.81 -45.94 -46.06 -46.22 -46.41 -46.56 -46.72 -46.84 -46.94 -47.00 -47.06 -47.09 -47.09
-63.25 -63.84 -64.38 -64.69 -64.91 -65.03 -65.09 -65.12 -65.12 -65.25 -65.47 -65.72 -65.94 -66.12 -66.25 -66.34 -66.31 -66.19 -65.97 -65.66 -65.25 -64.78 -64.31 -63.78 -63.22 -62.66 -62.06 -61.53 -61.09 -60.75 -60.44 -60.16 -59.81 -59.47 -59.06 -58.62 -58.19 -57.69 -57.16 -56.56 -55.91 -55.12 -54.19 -53.03 -51.69 -50.22 -48.81 -47.69 -46.97 -46.56 -46.38 -46.25 -46.09 -45.91 -45.78 -45.66 -45.59 -45.59 -45.66 -45.75 -45.91 -46.09 -46.28 -46.47 -46.66 -46.81 -46.94 -47.00 -47.03 -47.03 -47.00
-62.97 -63.47 -64.03 -64.31 -64.47 -64.56 -64.56 -64.50 -64.41 -64.56 -64.94 -65.34 -65.66 -65.91 -66.09 -66.22 -66.28 -66.22 -66.03 -65.78 -65.44 -65.03 -64.59 -64.09 -63.56 -63.00 -62.47 -61.97 -61.56 -61.25 -60.94 -60.62 -60.31 -59.94 -59.53 -59.09 -58.59 -58.06 -57.47 -56.78 -56.00 -55.09 -54.00 -52.72 -51.19 -49.59 -48.06 -46.84 -46.09 -45.75 -45.69 -45.66 -45.62 -45.50 -45.41 -45.28 -45.22 -45.19 -45.22 -45.34 -45.50 -45.72 -45.97 -46.25 -46.47 -46.66 -46.81 -46.88 -46.91 -46.84 -46.78
-62.94 -63.12 -63.56 -63.88 -64.00 -64.03 -63.94 -63.69 -63.62 -63.88 -64.41 -64.97 -65.34 -65.66 -65.91 -66.09 -66.19 -66.19 -66.06 -65.84 -65.56 -65.19 -64.78 -64.31 -63.81 -63.31 -62.84 -62.41 -62.06 -61.72 -61.41 -61.09 -60.75 -60.38 -59.94 -59.47 -58.97 -58.38 -57.72 -56.94 -56.03 -54.94 -53.69 -52.25 -50.62 -48.94 -47.34 -46.09 -45.31 -45.00 -44.94 -44.97 -44.97 -44.91 -44.78 -44.66 -44.53 -44.44 -44.47 -44.56 -44.78 -45.06 -45.41 -45.78 -46.09 -46.34 -46.53 -46.59 -46.59 -46.50 -46.38
-63.44 -63.09 -63.03 -63.19 -63.25 -63.19 -63.00 -62.84 -62.91 -63.34 -63.97 -64.59 -65.06 -65.44 -65.75 -65.94 -66.06 -66.12 -66.03 -65.88 -65.62 -65.31 -64.94 -64.53 -64.09 -63.66 -63.22 -62.84 -62.50 -62.19 -61.88 -61.53 -61.16 -60.75 -60.31 -59.81 -59.25 -58.62 -57.88 -57.00 -55.94 -54.69 -53.25 -51.69 -49.97 -48.28 -46.69 -45.44 -44.62 -44.25 -44.16 -44.16 -44.12 -44.03 -43.88 -43.69 -43.47 -43.31 -43.25 -43.34 -43.62 -44.03 -44.53 -45.06 -45.53 -45.91 -46.09 -46.16 -46.09 -45.94 -45.72
-64.31 -63.62 -62.97 -62.59 -62.38 -62.22 -62.09 -62.12 -62.47 -63.09 -63.78 -64.41 -64.91 -65.28 -65.59 -65.78 -65.91 -65.97 -65.94 -65.84 -65.62 -65.38 -65.06 -64.72 -64.34 -63.97 -63.59 -63.25 -62.91 -62.59 -62.25 -61.88 -61.50 -61.06 -60.56 -60.03 -59.44 -58.78 -57.97 -57.00 -55.81 -54.41 -52.81 -51.12 -49.38 -47.66 -46.12 -44.84 -43.97 -43.50 -43.28 -43.16 -43.06 -42.91 -42.66 -42.34 -42.00 -41.72 -41.59 -41.66 -42.00 -42.59 -43.34 -44.12 -44.78 -45.25 -45.50 -45.50 -45.34 -45.06 -44.72
-64.84 -64.16 -63.34 -62.47 -61.84 -61.47 -61.44 -61.75 -62.38 -63.12 -63.78 -64.34 -64.78 -65.12 -65.38 -65.56 -65.69 -65.75 -65.78 -65.72 -65.59 -65.41 -65.16 -64.88 -64.56 -64.22 -63.91 -63.56 -63.22 -62.91 -62.53 -62.16 -61.72 -61.25 -60.72 -60.16 -59.50 -58.78 -57.97 -56.97 -55.72 -54.22 -52.53 -50.75 -49.00 -47.31 -45.78 -44.47 -43.47 -42.78 -42.34 -42.06 -41.78 -41.50 -41.12 -40.69 -40.22 -39.81 -39.56 -39.66 -40.06 -40.88 -41.88 -42.97 -43.88 -44.47 -44.69 -44.59 -44.28 -43.78 -43.28
-64.94 -64.25 -63.56 -62.62 -61.66 -61.12 -61.19 -61.78 -62.50 -63.16 -63.75 -64.22 -64.59 -64.88 -65.09 -65.22 -65.34 -65.44 -65.50 -65.53 -65.50 -65.41 -65.22 -64.97 -64.72 -64.41 -64.12 -63.78 -63.47 -63.09 -62.72 -62.31 -61.84 -61.34 -60.75 -60.09 -59.38 -58.59 -57.75 -56.78 -55.56 -54.12 -52.50 -50.75 -49.03 -47.38 -45.81 -44.41 -43.19 -42.25 -41.53 -40.97 -40.47 -40.00 -39.50 -38.94 -38.34 -37.81 -37.50 -37.56 -38.09 -39.06 -40.38 -41.72 -42.81 -43.50 -43.69 -43.44 -42.88 -42.16 -41.44
-64.72 -64.09 -63.44 -62.62 -61.59 -61.00 -61.25 -61.91 -62.53 -63.09 -63.56 -63.97 -64.25 -64.47 -64.62 -64.78 -64.91 -65.06 -65.19 -65.28 -65.31 -65.28 -65.19 -65.00 -64.78 -64.53 -64.25 -63.94 -63.59 -63.22 -62.81 -62.38 -61.88 -61.25 -60.56 -59.78 -58.94 -58.06 -57.22 -56.31 -55.28 -54.03 -52.59 -51.00 -49.38 -47.78 -46.19 -44.66 -43.28 -42.03 -40.97 -40.09 -39.31 -38.66 -38.00 -37.34 -36.66 -36.09 -35.75 -35.81 -36.41 -37.53 -39.00 -40.50 -41.72 -42.41 -42.50 -42.06 -41.25 -40.28 -39.41
-64.28 -63.69 -63.09 -62.41 -61.44 -60.91 -61.31 -61.84 -62.34 -62.84 -63.22 -63.53 -63.75 -63.91 -64.06 -64.22 -64.38 -64.56 -64.75 -64.91 -65.06 -65.12 -65.09 -64.97 -64.78 -64.56 -64.28 -63.97 -63.66 -63.25 -62.84 -62.34 -61.75 -61.06 -60.22 -59.25 -58.22 -57.25 -56.34 -55.50 -54.66 -53.66 -52.53 -51.22 -49.78 -48.28 -46.75 -45.19 -43.62 -42.12 -40.78 -39.59 -38.59 -37.72 -36.97 -36.25 -35.56 -34.97 -34.62 -34.69 -35.31 -36.47 -37.97 -39.47 -40.66 -41.25 -41.19 -40.56 -39.56 -38.44 -37.44
-63.62 -63.12 -62.56 -62.00 -61.12 -60.69 -61.12 -61.53 -61.97 -62.34 -62.66 -62.91 -63.09 -63.22 -63.34 -63.47 -63.69 -63.94 -64.22 -64.50 -64.69 -64.84 -64.91 -64.84 -64.72 -64.50 -64.25 -63.97 -63.62 -63.22 -62.78 -62.25 -61.56 -60.72 -59.72 -58.56 -57.38 -56.25 -55.25 -54.38 -53.66 -52.88 -52.03 -51.00 -49.84 -48.56 -47.16 -45.66 -44.06 -42.47 -40.94 -39.56 -38.38 -37.41 -36.59 -35.91 -35.25 -34.66 -34.31 -34.38 -34.97 -36.06 -37.47 -38.81 -39.78 -40.19 -39.97 -39.19 -38.06 -36.91 -35.88
-62.84 -62.41 -61.94 -61.41 -60.66 -60.31 -60.72 -61.06 -61.41 -61.69 -61.97 -62.19 -62.31 -62.34 -62.38 -62.50 -62.72 -63.12 -63.59 -64.00 -64.28 -64.50 -64.62 -64.62 -64.56 -64.41 -64.16 -63.88 -63.53 -63.16 -62.66 -62.06 -61.31 -60.38 -59.22 -57.97 -56.66 -55.38 -54.25 -53.28 -52.50 -51.78 -51.09 -50.31 -49.41 -48.38 -47.19 -45.84 -44.38 -42.81 -41.25 -39.84 -38.69 -37.75 -37.03 -36.38 -35.75 -35.16 -34.78 -34.81 -35.38 -36.41 -37.66 -38.75 -39.44 -39.53 -39.09 -38.16 -37.00 -35.84 -34.88
-61.97 -61.62 -61.19 -60.59 -59.91 -59.69 -60.03 -60.34 -60.59 -60.84 -61.06 -61.25 -61.28 -61.22 -61.16 -61.31 -61.69 -62.28 -62.94 -63.44 -63.81 -64.09 -64.25 -64.31 -64.31 -64.19 -64.00 -63.72 -63.41 -63.00 -62.50 -61.88 -61.06 -60.06 -58.91 -57.62 -56.31 -54.97 -53.72 -52.56 -51.56 -50.75 -50.03 -49.34 -48.59 -47.75 -46.78 -45.69 -44.41 -43.00 -41.62 -40.41 -39.44 -38.72 -38.16 -37.62 -36.97 -36.31 -35.84 -35.88 -36.47 -37.47 -38.56 -39.41 -39.75 -39.53 -38.78 -37.66 -36.44 -35.34 -34.47
-60.78 -60.59 -60.06 -59.44 -58.91 -58.69 -58.84 -59.06 -59.22 -59.41 -59.66 -59.84 -59.88 -59.81 -59.81 -60.06 -60.59 -61.41 -62.22 -62.78 -63.22 -63.56 -63.78 -63.94 -63.97 -63.91 -63.75 -63.50 -63.19 -62.81 -62.31 -61.69 -60.91 -59.97 -58.91 -57.72 -56.50 -55.19 -53.81 -52.47 -51.22 -50.16 -49.31 -48.56 -47.88 -47.16 -46.31 -45.38 -44.31 -43.19 -42.12 -41.25 -40.62 -40.22 -39.88 -39.38 -38.66 -37.84 -37.31 -37.34 -38.00 -39.03 -40.06 -40.69 -40.72 -40.09 -39.00 -37.69 -36.41 -35.34 -34.59
-59.28 -59.06 -58.62 -58.09 -57.62 -57.38 -57.31 -57.38 -57.50 -57.69 -57.91 -58.12 -58.25 -58.31 -58.41 -58.78 -59.47 -60.38 -61.22 -61.91 -62.44 -62.84 -63.19 -63.41 -63.53 -63.53 -63.41 -63.22 -62.97 -62.59 -62.16 -61.59 -60.91 -60.12 -59.22 -58.22 -57.09 -55.84 -54.41 -52.91 -51.50 -50.25 -49.28 -48.47 -47.75 -47.03 -46.28 -45.44 -44.56 -43.69 -43.00 -42.53 -42.31 -42.22 -42.00 -41.47 -40.53 -39.53 -38.88 -38.97 -39.75 -40.84 -41.81 -42.22 -41.94 -40.97 -39.56 -38.03 -36.72 -35.78 -35.12
-57.88 -57.53 -57.09 -56.56 -56.12 -55.81 -55.66 -55.59 -55.69 -55.88 -56.12 -56.41 -56.62 -56.81 -57.09 -57.53 -58.25 -59.09 -59.91 -60.66 -61.31 -61.91 -62.41 -62.78 -63.00 -63.09 -63.06 -62.94 -62.75 -62.50 -62.12 -61.69 -61.12 -60.47 -59.72 -58.84 -57.84 -56.62 -55.22 -53.69 -52.25 -51.03 -50.03 -49.25 -48.53 -47.81 -47.06 -46.25 -45.47 -44.81 -44.41 -44.31 -44.41 -44.50 -44.28 -43.56 -42.38 -41.16 -40.47 -40.66 -41.53 -42.69 -43.53 -43.69 -43.06 -41.78 -40.12 -38.50 -37.25 -36.44 -35.97
-56.72 -56.16 -55.62 -55.12 -54.66 -54.31 -54.09 -54.03 -54.16 -54.38 -54.69 -55.03 -55.38 -55.69 -56.03 -56.50 -57.12 -57.84 -58.59 -59.34 -60.09 -60.84 -61.53 -62.12 -62.50 -62.72 -62.81 -62.78 -62.69 -62.50 -62.28 -61.94 -61.50 -60.91 -60.22 -59.41 -58.41 -57.28 -55.94 -54.56 -53.31 -52.28 -51.47 -50.78 -50.16 -49.47 -48.72 -47.88 -47.12 -46.59 -46.41 -46.53 -46.81 -46.91 -46.50 -45.47 -44.03 -42.69 -42.06 -42.34 -43.31 -44.41 -45.06 -44.91 -43.94 -42.38 -40.59 -39.06 -37.97 -37.31 -36.94
