everonasctiles/Tile23,32.asc
ncols 128
nrows 128
xllcorner 0
yllcorner 0
cellsize 2.0
NODATA_value  -9999
[rows 34 to 67 of 128, columns 0 to 76 of 128]
39.38 39.41 39.50 39.41 39.53 39.78 40.22 40.56 41.03 41.25 41.78 42.12 42.38 42.56 42.78 42.91 43.12 43.28 43.22 43.19 43.16 42.97 42.97 43.03 42.94 42.84 43.03 43.25 43.44 43.41 43.38 43.44 43.53 43.53 43.69 43.53 43.50 43.50 43.72 43.91 44.34 44.75 45.00 45.38 45.59 45.72 45.91 46.12 46.12 46.25 46.25 46.31 46.47 46.59 46.66 46.69 46.69 46.69 46.72 46.69 46.50 46.50 46.38 46.38 46.44 46.59 46.62 46.81 47.03 47.16 47.53 47.84 48.09 48.34 48.47 48.84 49.00
40.03 40.03 39.97 39.94 39.97 40.16 40.53 40.94 41.44 41.84 42.22 42.47 42.66 42.88 43.16 43.25 43.41 43.59 43.59 43.59 43.56 43.47 43.41 43.56 43.53 43.53 43.72 43.91 44.00 43.91 43.88 43.88 43.97 44.09 44.12 44.06 44.09 44.12 44.09 44.25 44.78 45.00 45.31 45.59 45.91 46.06 46.25 46.47 46.53 46.62 46.44 46.69 46.62 46.88 46.88 46.97 46.94 47.00 47.00 47.03 47.00 46.94 46.94 46.84 46.78 46.88 47.00 47.12 47.34 47.50 47.72 48.00 48.22 48.50 48.72 49.03 49.28
40.53 40.69 40.72 40.62 40.53 40.56 40.91 41.34 41.84 42.25 42.47 42.88 43.00 43.16 43.44 43.59 43.84 43.88 43.88 43.88 43.94 43.97 43.97 44.09 44.09 44.09 44.25 44.41 44.44 44.28 44.25 44.34 44.47 44.47 44.59 44.66 44.75 44.84 44.84 44.94 44.97 45.34 45.47 45.66 46.19 46.47 46.56 46.78 46.91 47.00 47.00 47.06 47.12 47.16 47.22 47.16 47.31 47.34 47.25 47.28 47.25 47.28 47.31 47.28 47.22 47.22 47.25 47.41 47.50 47.69 47.81 48.03 48.28 48.59 48.91 49.19 49.41
41.03 41.22 41.28 41.16 41.00 41.22 41.34 41.66 42.19 42.50 42.97 43.34 43.62 43.78 44.00 44.06 44.19 44.22 44.22 44.34 44.41 44.38 44.44 44.56 44.53 44.59 44.69 44.81 44.81 44.75 44.69 44.84 44.94 45.00 45.06 45.16 45.25 45.41 45.44 45.38 45.41 45.53 45.88 46.12 46.31 46.75 46.91 47.03 47.19 47.31 47.31 47.44 47.47 47.50 47.53 47.62 47.78 47.69 47.66 47.59 47.66 47.66 47.59 47.59 47.53 47.53 47.56 47.69 47.75 47.88 48.03 48.22 48.44 48.72 49.00 49.19 49.47
41.44 41.66 41.75 41.75 42.00 42.12 42.38 42.66 43.00 43.38 43.66 43.97 44.25 44.44 44.53 44.62 44.69 44.72 44.75 44.75 44.88 44.94 44.97 45.03 45.03 45.06 45.03 45.22 45.19 45.25 45.28 45.16 45.28 45.34 45.47 45.59 45.69 45.88 45.88 45.81 45.81 46.06 46.28 46.31 46.78 46.91 47.19 47.31 47.47 47.62 47.72 47.69 47.75 47.84 47.78 47.91 48.09 48.09 48.03 48.00 48.03 47.97 47.81 47.91 47.94 47.91 47.94 48.00 48.06 48.19 48.34 48.53 48.72 48.84 49.09 49.31 49.59
41.88 42.12 42.25 42.41 42.75 43.00 43.41 43.62 43.78 44.00 44.25 44.50 44.72 44.88 45.00 45.06 45.16 45.25 45.28 45.34 45.38 45.44 45.47 45.53 45.56 45.59 45.50 45.50 45.66 45.75 45.72 45.66 45.66 45.72 45.81 46.03 46.25 46.34 46.44 46.22 46.28 46.41 46.62 46.84 47.03 47.25 47.41 47.56 47.66 47.78 48.00 48.06 48.12 48.19 48.12 48.31 48.44 48.38 48.41 48.34 48.31 48.25 48.25 48.25 48.34 48.41 48.44 48.47 48.50 48.56 48.59 48.78 49.00 49.12 49.25 49.50 49.78
42.22 42.59 42.75 43.00 43.28 43.78 44.09 44.25 44.38 44.56 44.75 44.91 45.09 45.22 45.38 45.44 45.56 45.66 45.72 45.75 45.78 45.81 45.88 45.94 45.97 46.03 46.09 46.16 46.25 46.31 46.31 46.22 46.25 46.31 46.41 46.56 46.75 46.81 46.97 46.94 46.78 46.78 46.91 47.12 47.31 47.44 47.59 47.78 47.94 47.94 48.19 48.38 48.34 48.53 48.53 48.59 48.66 48.69 48.62 48.66 48.59 48.66 48.75 48.81 48.88 48.94 48.97 49.00 49.03 49.06 49.06 49.09 49.28 49.47 49.62 49.78 50.00
42.34 42.81 43.12 43.44 43.88 44.41 44.66 44.75 44.84 45.00 45.16 45.25 45.41 45.56 45.75 45.81 45.91 46.03 46.09 46.12 46.16 46.19 46.25 46.31 46.41 46.50 46.56 46.75 46.88 46.84 46.78 46.75 46.75 46.78 46.91 47.03 47.19 47.34 47.47 47.50 47.38 47.28 47.41 47.44 47.62 47.78 47.88 48.06 48.25 48.31 48.31 48.59 48.69 48.84 48.88 48.91 48.97 49.00 49.03 49.06 49.12 49.19 49.25 49.31 49.38 49.41 49.47 49.50 49.53 49.56 49.59 49.59 49.62 49.69 49.94 50.09 50.25
42.50 42.94 43.38 43.84 44.34 44.84 44.97 45.03 45.19 45.28 45.41 45.53 45.69 45.81 45.94 46.06 46.19 46.34 46.47 46.59 46.75 46.81 46.84 46.84 46.84 46.91 47.06 47.16 47.28 47.25 47.22 47.19 47.19 47.25 47.34 47.50 47.66 47.81 47.94 47.94 47.88 47.91 47.94 47.97 48.09 48.22 48.34 48.44 48.62 48.69 48.78 48.88 49.03 49.16 49.28 49.34 49.34 49.41 49.47 49.53 49.59 49.66 49.72 49.81 49.88 49.91 49.97 50.00 50.03 50.06 50.09 50.06 49.94 50.03 50.19 50.34 50.56
42.59 43.06 43.88 44.31 44.53 44.66 44.81 45.00 45.16 45.28 45.41 45.53 45.66 45.81 45.94 46.06 46.19 46.34 46.47 46.62 46.75 46.91 47.03 47.19 47.31 47.44 47.44 47.41 47.47 47.50 47.47 47.56 47.59 47.66 47.75 47.91 48.06 48.25 48.44 48.38 48.38 48.41 48.41 48.44 48.53 48.62 48.75 48.84 48.94 49.03 49.12 49.22 49.34 49.47 49.56 49.66 49.72 49.78 49.88 49.94 50.03 50.12 50.22 50.28 50.34 50.41 50.47 50.50 50.53 50.56 50.56 50.47 50.41 50.34 50.47 50.69 51.00
43.47 43.88 44.09 44.28 44.47 44.62 44.81 44.97 45.12 45.28 45.41 45.53 45.66 45.78 45.94 46.06 46.22 46.34 46.47 46.62 46.78 46.94 47.06 47.22 47.38 47.50 47.66 47.78 47.91 47.91 47.88 47.84 47.91 47.97 48.12 48.28 48.47 48.69 48.81 48.84 48.81 48.81 48.84 48.88 48.94 49.03 49.12 49.22 49.28 49.38 49.44 49.53 49.66 49.75 49.88 49.97 50.06 50.16 50.25 50.38 50.47 50.56 50.66 50.75 50.81 50.91 50.94 51.00 51.03 51.03 51.03 50.97 50.75 50.72 50.81 51.09 51.25
43.53 43.75 44.00 44.22 44.41 44.59 44.78 44.94 45.09 45.25 45.41 45.53 45.66 45.78 45.97 46.12 46.25 46.38 46.50 46.66 46.81 46.97 47.09 47.25 47.41 47.53 47.69 47.81 47.97 48.09 48.25 48.38 48.50 48.47 48.47 48.66 48.88 49.03 49.16 49.19 49.22 49.22 49.25 49.28 49.34 49.41 49.50 49.56 49.62 49.69 49.78 49.88 49.97 50.06 50.19 50.28 50.41 50.53 50.66 50.75 50.88 51.00 51.09 51.19 51.28 51.38 51.44 51.47 51.53 51.59 51.72 51.75 51.72 51.62 51.50 51.41 51.31
43.38 43.62 43.91 44.12 44.34 44.53 44.66 44.94 45.25 45.91 45.97 46.19 46.22 46.28 46.62 46.97 47.16 47.06 47.12 47.19 47.16 47.19 47.12 47.28 47.44 47.59 47.72 47.88 48.00 48.16 48.28 48.44 48.56 48.72 48.88 49.03 49.19 49.31 49.41 49.53 49.56 49.59 49.62 49.66 49.72 49.78 49.84 49.91 49.97 50.03 50.09 50.19 50.28 50.38 50.47 50.56 50.69 50.81 50.97 51.12 51.28 51.41 51.53 51.62 51.72 51.91 52.09 52.25 52.31 52.19 52.09 51.94 51.78 51.66 51.53 51.41 51.31
43.19 43.47 43.75 43.62 43.91 44.41 44.81 45.38 45.88 46.47 46.84 47.00 46.81 46.97 47.09 47.38 47.56 47.50 47.50 47.47 47.44 47.44 47.34 47.41 47.56 47.53 47.62 47.91 48.03 48.19 48.31 48.47 48.62 48.75 48.91 49.06 49.22 49.34 49.50 49.66 49.81 49.94 50.00 50.03 50.09 50.12 50.19 50.22 50.28 50.34 50.38 50.41 50.47 50.53 50.62 50.75 50.91 51.09 51.34 51.56 51.78 51.97 52.06 52.09 52.16 52.22 52.28 52.31 52.34 52.22 52.12 51.97 51.81 51.69 51.56 51.44 51.34
43.03 43.19 43.56 43.81 44.16 44.62 45.22 46.12 47.03 47.66 47.81 47.91 47.91 47.88 47.94 47.94 48.00 48.06 48.03 47.97 47.91 48.03 48.03 47.88 48.00 47.88 47.78 47.88 48.00 48.19 48.34 48.50 48.66 48.81 48.94 49.09 49.25 49.41 49.53 49.69 49.84 49.97 50.09 50.25 50.38 50.50 50.59 50.62 50.66 50.69 50.72 50.75 50.81 50.91 51.12 51.34 51.56 51.75 51.97 52.03 52.09 52.09 52.09 52.09 52.16 52.22 52.28 52.28 52.31 52.25 52.12 52.00 51.84 51.69 51.62 51.69 51.84
43.06 43.34 43.78 44.16 44.69 45.22 46.09 47.31 47.84 48.38 48.50 48.78 48.97 48.94 48.69 48.81 48.84 48.91 48.84 48.66 48.81 48.81 48.81 48.75 48.69 48.50 48.38 48.34 48.34 48.41 48.50 48.69 48.81 48.91 49.00 49.12 49.28 49.44 49.59 49.72 49.88 50.00 50.12 50.28 50.41 50.56 50.69 50.75 50.81 50.84 50.84 50.88 50.91 50.97 51.16 51.34 51.53 51.75 51.94 52.03 52.06 52.09 52.09 52.09 52.16 52.22 52.25 52.28 52.31 52.31 52.47 52.69 52.81 52.78 52.72 52.66 52.62
43.41 43.78 44.31 44.78 45.56 46.06 47.16 47.94 48.44 48.72 49.50 50.41 50.84 50.53 49.91 49.72 49.91 50.06 49.88 49.72 49.75 49.62 49.75 49.59 49.50 49.34 49.16 48.88 48.72 48.69 48.72 48.84 48.97 49.09 49.16 49.19 49.25 49.38 49.59 49.75 49.91 50.03 50.16 50.31 50.44 50.59 50.69 50.75 50.81 50.84 50.84 50.88 50.91 50.97 51.16 51.34 51.53 51.72 51.91 52.03 52.06 52.09 52.09 52.09 52.12 52.25 52.56 52.91 53.34 53.56 53.53 53.44 53.28 53.25 53.09 53.16 53.06
43.84 44.38 44.66 45.41 46.19 46.88 47.62 48.34 48.75 49.53 51.22 52.53 53.09 53.47 52.94 51.47 51.75 51.72 51.19 50.84 50.62 50.53 50.41 50.31 50.22 50.00 49.75 49.41 49.03 48.94 48.97 49.06 49.19 49.25 49.28 49.28 49.28 49.31 49.31 49.34 49.47 49.78 50.12 50.34 50.47 50.62 50.69 50.78 50.81 50.84 50.84 50.88 50.91 50.97 51.12 51.31 51.50 51.69 51.91 52.12 52.31 52.53 52.88 53.09 53.22 53.09 53.31 53.38 53.41 53.56 53.66 53.66 53.59 53.50 53.53 53.50 53.47
44.16 44.81 45.31 45.97 46.59 47.31 48.00 48.94 49.62 50.91 52.53 53.50 53.78 53.50 53.28 53.50 53.16 52.88 52.34 51.66 51.44 51.22 51.12 50.97 51.00 50.81 50.47 50.03 49.44 49.28 49.28 49.34 49.41 49.47 49.47 49.47 49.47 49.53 49.53 49.53 49.56 49.62 49.81 50.06 50.38 50.59 50.72 50.81 50.84 50.88 50.94 51.09 51.25 51.44 51.66 51.84 52.00 52.31 52.50 52.69 53.06 53.19 53.56 53.66 53.47 53.53 53.50 53.59 53.56 53.66 53.72 53.81 53.75 53.72 53.72 53.84 53.88
44.53 45.09 45.75 46.28 46.84 47.59 48.81 49.62 50.72 52.09 53.25 53.88 53.91 53.81 53.75 53.53 53.31 53.06 52.78 52.34 52.06 51.84 51.81 51.69 51.69 51.56 51.19 50.78 50.25 49.81 49.69 49.69 49.72 49.75 49.78 49.75 49.75 49.78 49.78 49.78 49.78 49.84 49.97 50.12 50.34 50.53 50.69 50.81 50.91 50.97 51.12 51.41 51.62 51.81 51.97 52.12 52.38 52.62 52.94 53.12 53.28 53.72 53.94 53.94 53.91 53.94 54.00 53.91 53.84 53.81 53.94 53.94 54.00 53.97 54.03 54.19 54.25
44.84 45.50 46.06 46.50 47.19 48.12 49.03 50.72 52.00 53.03 53.75 53.97 53.91 53.81 53.75 53.66 53.50 53.31 53.12 52.88 52.50 52.53 52.47 52.31 52.28 52.16 52.03 51.59 51.03 50.47 50.19 50.06 50.09 50.16 50.19 50.22 50.22 50.25 50.16 50.06 50.00 50.03 50.12 50.22 50.38 50.53 50.66 50.81 50.91 51.12 51.38 51.62 51.88 52.06 52.25 52.44 52.69 53.09 53.44 53.75 53.91 54.19 54.34 54.44 54.28 54.38 54.44 54.31 54.22 54.16 54.22 54.28 54.34 54.47 54.50 54.59 54.66
45.09 45.81 46.41 46.97 47.59 48.34 50.00 52.25 53.16 53.50 53.75 53.88 53.84 53.81 53.78 53.72 53.66 53.53 53.41 53.19 53.12 53.34 53.34 53.25 53.00 52.47 52.50 52.16 51.72 51.19 50.75 50.59 50.66 50.72 50.78 50.84 50.84 50.81 50.66 50.44 50.28 50.25 50.28 50.34 50.44 50.56 50.75 50.91 51.22 51.50 51.75 51.97 52.19 52.41 52.62 52.88 53.22 53.50 53.97 54.25 54.34 54.50 54.84 54.88 54.84 54.78 54.84 54.59 54.56 54.62 54.62 54.62 54.72 54.84 54.94 54.97 55.06
45.44 46.03 46.62 47.41 48.22 49.09 52.06 52.75 52.97 53.31 53.59 53.75 53.81 53.81 53.81 53.81 53.78 53.72 53.66 53.59 53.75 53.94 54.00 53.88 53.66 53.19 52.94 52.81 52.47 52.06 51.62 51.47 51.53 51.62 51.66 51.69 51.66 51.50 51.25 50.91 50.62 50.56 50.53 50.56 50.62 50.78 51.03 51.34 51.69 51.94 52.19 52.38 52.62 52.88 53.12 53.41 53.78 54.06 54.59 54.81 54.91 54.91 55.19 55.31 55.31 55.38 55.34 55.16 55.06 55.09 55.06 55.16 55.22 55.22 55.38 55.44 55.44
45.78 46.41 47.00 47.78 48.59 49.91 52.41 52.88 53.16 53.41 53.59 53.75 53.84 53.81 53.84 53.88 53.91 53.91 53.91 54.12 54.25 54.44 54.44 54.31 54.19 53.91 53.59 53.34 53.09 52.94 52.66 52.53 52.56 52.62 52.66 52.66 52.56 52.34 52.00 51.53 51.12 51.00 51.03 51.09 51.19 51.34 51.59 51.88 52.12 52.41 52.66 52.88 53.09 53.34 53.62 53.97 54.28 54.78 55.19 55.44 55.38 55.41 55.59 55.88 55.94 55.88 55.84 55.75 55.66 55.56 55.56 55.59 55.75 55.75 55.75 55.84 55.78
46.28 46.84 47.50 48.22 49.28 50.97 52.47 53.03 53.31 53.50 53.69 53.78 53.84 53.84 53.88 54.00 54.19 54.25 54.50 54.62 54.84 54.94 54.91 54.78 54.66 54.38 54.03 53.69 53.72 53.69 53.62 53.72 53.66 53.66 53.72 53.72 53.56 53.22 52.78 52.31 52.00 51.78 51.78 51.81 51.88 52.00 52.19 52.41 52.62 52.88 53.09 53.34 53.59 53.88 54.12 54.41 54.84 55.38 55.53 55.88 55.88 55.75 56.03 56.41 56.44 56.44 56.28 56.25 56.03 56.06 56.09 56.09 56.25 56.25 56.25 56.25 56.31
46.66 47.34 47.66 48.81 50.81 52.53 52.72 53.19 53.47 53.66 53.78 53.84 53.84 53.91 54.09 54.50 54.84 54.84 54.94 55.06 55.31 55.41 55.34 55.03 54.97 54.69 54.38 54.25 54.19 54.28 54.28 54.38 54.41 54.78 54.97 55.09 54.94 54.38 53.88 53.41 53.06 52.81 52.69 52.66 52.66 52.75 52.88 53.03 53.22 53.41 53.59 53.81 54.09 54.38 54.62 55.03 55.38 55.84 56.09 56.25 56.41 56.47 56.59 56.91 56.97 56.91 56.84 56.75 56.62 56.50 56.53 56.66 56.81 56.66 56.66 56.59 56.72
46.75 47.69 48.31 49.62 51.84 52.28 52.78 53.16 53.47 53.72 53.84 53.91 53.91 54.03 54.41 54.84 55.31 55.44 55.53 55.62 55.72 55.75 55.69 55.53 55.31 55.00 54.91 54.78 54.69 54.84 54.91 54.91 55.12 55.19 55.59 55.72 55.72 55.47 55.09 54.62 54.38 53.91 53.59 53.47 53.44 53.50 53.59 53.72 53.84 53.97 54.19 54.47 54.78 54.97 55.31 55.62 55.97 56.25 56.62 56.84 57.06 57.19 57.34 57.41 57.38 57.31 57.31 57.28 57.09 57.03 57.00 57.19 57.28 57.22 57.06 57.00 57.09
47.09 47.91 48.56 50.28 51.47 52.12 52.69 53.12 53.44 53.69 53.88 53.97 54.03 54.34 54.84 55.34 55.59 55.75 55.75 55.97 56.03 56.03 55.97 55.81 55.56 55.41 55.34 55.25 55.16 55.31 55.38 55.50 55.62 56.06 56.28 56.34 56.44 56.06 55.84 55.38 55.12 54.81 54.41 54.25 54.19 54.22 54.31 54.44 54.59 54.78 55.00 55.25 55.53 55.84 56.12 56.28 56.56 56.81 57.16 57.31 57.53 57.81 57.97 58.00 57.91 57.84 57.78 57.66 57.59 57.50 57.47 57.53 57.66 57.69 57.53 57.47 57.47
47.50 48.25 48.88 50.19 51.31 52.00 52.56 53.03 53.41 53.66 53.88 54.06 54.31 54.66 55.16 55.53 55.75 55.94 56.09 56.22 56.31 56.25 56.12 56.03 55.88 55.75 55.72 55.72 55.72 55.69 55.94 55.94 56.53 56.62 57.19 57.25 57.19 56.94 56.62 56.25 55.78 55.59 55.38 55.12 55.06 55.16 55.25 55.34 55.50 55.66 55.88 56.19 56.50 56.72 56.81 56.94 57.12 57.25 57.59 57.88 58.00 58.28 58.50 58.59 58.56 58.50 58.31 58.06 58.00 57.91 57.81 57.88 58.00 57.91 57.94 57.88 57.78
47.97 48.69 49.06 49.91 51.12 51.69 52.25 52.75 53.22 53.59 53.84 54.12 54.44 54.81 55.22 55.53 55.84 56.06 56.31 56.47 56.50 56.50 56.38 56.25 56.03 55.94 55.94 56.09 56.16 56.19 56.31 56.88 57.41 57.75 57.97 57.97 57.84 57.47 57.38 57.06 56.62 56.47 56.31 56.28 56.22 56.25 56.25 56.28 56.41 56.56 56.75 56.94 57.34 57.50 57.50 57.53 57.72 57.84 57.84 58.28 58.41 58.75 59.03 59.06 59.00 58.94 58.72 58.53 58.34 58.31 58.25 58.34 58.41 58.41 58.34 58.25 58.31
48.16 49.06 49.38 49.69 50.84 51.50 52.06 52.53 52.94 53.38 53.50 53.78 54.34 54.78 55.12 55.50 55.81 56.09 56.38 56.56 56.66 56.59 56.50 56.38 56.19 56.12 56.25 56.44 56.53 56.66 56.84 57.34 57.91 58.34 58.81 58.72 58.41 58.06 57.88 57.62 57.44 57.25 57.12 57.19 57.25 57.31 57.22 57.25 57.38 57.62 57.69 57.81 57.91 58.03 58.09 58.16 58.16 58.28 58.38 58.56 58.94 59.28 59.47 59.41 59.19 59.22 59.12 58.91 58.75 58.66 58.72 58.84 58.91 58.81 58.75 58.84 58.62
48.47 49.16 49.78 49.94 50.81 51.44 51.94 52.38 52.78 53.09 53.22 53.59 54.06 54.66 54.97 55.53 55.94 56.22 56.62 56.81 56.81 56.72 56.59 56.56 56.38 56.44 56.56 56.75 56.88 57.06 57.19 57.97 58.53 59.19 59.50 59.66 59.34 59.22 58.91 58.12 58.12 57.88 58.00 57.84 57.97 58.09 58.09 58.19 58.22 58.56 58.62 58.41 58.53 58.53 58.78 58.75 58.72 58.78 58.81 59.12 59.25 59.72 59.81 59.84 59.66 59.56 59.50 59.47 59.12 59.16 59.16 59.31 59.38 59.38 59.34 59.31 59.22
48.75 49.47 50.03 50.31 50.88 51.44 51.91 52.34 52.72 53.03 53.25 53.69 54.25 54.81 55.22 55.66 56.00 56.41 56.84 57.03 57.06 57.03 56.94 56.78 56.72 56.75 56.81 57.06 57.28 57.41 57.81 58.56 59.31 59.91 60.22 60.41 60.41 60.16 59.88 59.38 58.62 58.62 58.72 58.84 58.88 58.91 59.12 59.22 59.34 59.41 59.31 59.31 59.22 59.22 59.31 59.25 59.28 59.38 59.41 59.69 59.97 60.16 60.38 60.50 60.44 60.16 60.06 59.97 59.81 59.59 59.59 59.72 59.84 59.84 59.72 59.72 59.53
49.16 49.84 50.28 50.72 50.91 51.47 51.94 52.34 52.72 53.06 53.34 53.78 54.38 54.84 55.34 55.75 56.28 56.72 57.16 57.31 57.44 57.38 57.19 57.00 57.00 57.03 57.16 57.28 57.56 57.84 58.25 58.78 59.66 60.31 60.69 61.00 61.06 61.00 60.78 60.25 59.62 59.44 59.44 59.62 59.75 59.75 59.94 60.00 60.25 60.31 60.22 59.94 59.78 59.72 59.91 59.88 59.81 59.97 60.12 60.31 60.53 60.69 60.88 61.06 61.00 61.00 60.78 60.59 60.16 60.06 60.06 60.22 60.34 60.38 60.34 60.22 60.34
