everonasctiles/Tile[9,13].asc
ncols 128
nrows 128
xllcorner 0
yllcorner 0
cellsize 2.0
NODATA_value  -9999
[rows 64 to 95 of 128, columns 0 to 70 of 128]
-39.97 -40.19 -40.41 -40.66 -40.88 -41.12 -41.38 -41.62 -41.81 -42.03 -42.25 -42.50 -42.75 -43.06 -43.34 -43.62 -43.88 -44.03 -44.09 -44.06 -44.00 -43.91 -43.97 -44.09 -44.19 -44.22 -44.28 -44.38 -44.34 -44.09 -43.94 -44.22 -44.97 -45.97 -46.81 -47.44 -47.88 -48.19 -48.38 -48.56 -48.69 -48.78 -48.81 -48.84 -48.91 -49.00 -49.09 -49.12 -49.25 -49.47 -49.66 -49.69 -49.62 -49.47 -49.25 -48.97 -48.62 -48.19 -47.72 -47.66 -47.94 -48.31 -48.75 -49.25 -49.62 -49.94 -50.16 -50.34 -50.50 -50.59 -50.62
-39.41 -39.59 -39.81 -40.03 -40.31 -40.59 -40.84 -41.06 -41.25 -41.44 -41.66 -41.94 -42.22 -42.50 -42.81 -43.09 -43.31 -43.47 -43.53 -43.50 -43.41 -43.28 -43.25 -43.34 -43.47 -43.53 -43.62 -43.69 -43.59 -43.38 -43.56 -44.28 -45.16 -45.94 -46.53 -47.03 -47.34 -47.56 -47.72 -47.88 -47.97 -48.06 -48.09 -48.09 -48.12 -48.12 -47.94 -47.91 -48.09 -48.59 -48.94 -49.06 -49.03 -48.91 -48.72 -48.47 -48.16 -47.78 -47.28 -46.97 -47.12 -47.50 -48.12 -48.62 -48.97 -49.25 -49.47 -49.66 -49.84 -50.06 -50.31
-38.78 -38.97 -39.19 -39.44 -39.75 -40.06 -40.31 -40.50 -40.66 -40.81 -41.06 -41.34 -41.66 -41.97 -42.25 -42.50 -42.72 -42.88 -42.97 -42.94 -42.81 -42.66 -42.50 -42.59 -42.75 -42.88 -43.00 -43.03 -42.94 -43.09 -43.72 -44.44 -45.12 -45.69 -46.16 -46.50 -46.72 -46.88 -47.00 -47.12 -47.22 -47.28 -47.31 -47.34 -47.31 -47.06 -46.75 -46.75 -47.03 -47.75 -48.25 -48.44 -48.44 -48.31 -48.16 -47.94 -47.66 -47.34 -46.91 -46.44 -46.47 -46.97 -47.59 -48.03 -48.38 -48.59 -48.78 -48.97 -49.28 -49.66 -50.00
-38.16 -38.31 -38.53 -38.88 -39.22 -39.53 -39.75 -39.91 -40.03 -40.19 -40.44 -40.78 -41.06 -41.38 -41.66 -41.91 -42.09 -42.25 -42.38 -42.38 -42.25 -42.06 -41.84 -41.88 -42.12 -42.28 -42.44 -42.53 -42.69 -43.16 -43.75 -44.31 -44.84 -45.31 -45.66 -45.91 -46.06 -46.16 -46.28 -46.38 -46.44 -46.47 -46.53 -46.56 -46.50 -46.06 -45.69 -45.72 -46.22 -47.09 -47.59 -47.81 -47.81 -47.69 -47.56 -47.41 -47.19 -46.88 -46.53 -46.06 -46.03 -46.59 -47.09 -47.47 -47.75 -47.97 -48.16 -48.47 -48.91 -49.34 -49.69
-37.50 -37.66 -37.97 -38.34 -38.69 -38.97 -39.19 -39.31 -39.41 -39.59 -39.88 -40.19 -40.50 -40.78 -41.06 -41.28 -41.50 -41.66 -41.78 -41.81 -41.69 -41.53 -41.31 -41.31 -41.59 -41.81 -42.00 -42.22 -42.59 -43.03 -43.53 -44.03 -44.47 -44.81 -45.06 -45.25 -45.31 -45.41 -45.53 -45.59 -45.66 -45.72 -45.75 -45.81 -45.72 -45.16 -44.75 -44.97 -45.72 -46.56 -47.00 -47.19 -47.19 -47.09 -46.97 -46.84 -46.66 -46.41 -46.12 -45.75 -45.72 -46.22 -46.59 -46.94 -47.22 -47.47 -47.75 -48.16 -48.59 -49.00 -49.34
-36.84 -37.06 -37.47 -37.84 -38.19 -38.44 -38.62 -38.75 -38.88 -39.06 -39.34 -39.66 -39.94 -40.22 -40.50 -40.72 -40.88 -41.06 -41.19 -41.25 -41.16 -41.03 -40.88 -40.94 -41.16 -41.38 -41.62 -41.94 -42.34 -42.78 -43.19 -43.59 -43.94 -44.22 -44.41 -44.53 -44.56 -44.59 -44.72 -44.81 -44.81 -44.94 -45.06 -45.12 -44.88 -44.31 -44.06 -44.53 -45.44 -46.09 -46.44 -46.59 -46.56 -46.50 -46.38 -46.28 -46.16 -45.94 -45.72 -45.44 -45.44 -45.78 -46.09 -46.44 -46.72 -47.03 -47.41 -47.81 -48.22 -48.62 -48.94
-36.28 -36.62 -37.03 -37.41 -37.69 -37.91 -38.06 -38.19 -38.34 -38.56 -38.84 -39.12 -39.41 -39.69 -39.94 -40.12 -40.31 -40.47 -40.59 -40.66 -40.62 -40.53 -40.47 -40.56 -40.75 -41.00 -41.28 -41.62 -42.00 -42.38 -42.75 -43.06 -43.31 -43.53 -43.69 -43.75 -43.75 -43.78 -43.84 -43.88 -43.81 -43.91 -44.12 -44.16 -43.84 -43.53 -43.69 -44.47 -45.19 -45.66 -45.94 -46.03 -46.00 -45.91 -45.81 -45.75 -45.62 -45.47 -45.25 -45.06 -45.06 -45.34 -45.66 -45.97 -46.28 -46.62 -47.00 -47.38 -47.78 -48.16 -48.44
-35.88 -36.22 -36.59 -36.91 -37.16 -37.31 -37.47 -37.62 -37.81 -38.06 -38.34 -38.62 -38.91 -39.16 -39.38 -39.56 -39.72 -39.88 -40.00 -40.09 -40.09 -40.06 -40.06 -40.16 -40.38 -40.62 -40.91 -41.25 -41.59 -41.91 -42.19 -42.41 -42.62 -42.78 -42.94 -43.00 -42.94 -42.91 -42.81 -42.75 -42.75 -42.84 -43.00 -43.00 -42.91 -43.00 -43.66 -44.31 -44.84 -45.22 -45.41 -45.47 -45.44 -45.34 -45.28 -45.22 -45.12 -44.97 -44.81 -44.66 -44.69 -44.91 -45.19 -45.50 -45.81 -46.16 -46.50 -46.88 -47.28 -47.66 -47.91
-35.47 -35.81 -36.12 -36.38 -36.56 -36.72 -36.88 -37.06 -37.28 -37.53 -37.81 -38.09 -38.38 -38.59 -38.78 -38.94 -39.12 -39.28 -39.41 -39.50 -39.56 -39.59 -39.62 -39.78 -39.97 -40.22 -40.50 -40.81 -41.06 -41.31 -41.53 -41.72 -41.88 -42.00 -42.12 -42.19 -42.12 -42.03 -41.75 -41.66 -41.66 -41.75 -41.88 -42.00 -42.22 -42.78 -43.53 -44.06 -44.47 -44.75 -44.91 -44.97 -44.91 -44.81 -44.75 -44.69 -44.59 -44.47 -44.31 -44.22 -44.28 -44.47 -44.72 -45.00 -45.31 -45.62 -45.97 -46.34 -46.75 -47.09 -47.34
-35.03 -35.31 -35.56 -35.75 -35.91 -36.06 -36.25 -36.47 -36.72 -36.97 -37.25 -37.50 -37.75 -37.97 -38.16 -38.31 -38.50 -38.66 -38.81 -38.94 -39.03 -39.12 -39.22 -39.38 -39.59 -39.81 -40.06 -40.28 -40.50 -40.69 -40.84 -40.97 -41.09 -41.19 -41.31 -41.38 -41.31 -41.19 -40.78 -40.59 -40.59 -40.72 -40.94 -41.31 -41.94 -42.69 -43.28 -43.72 -44.06 -44.31 -44.44 -44.47 -44.44 -44.31 -44.22 -44.16 -44.06 -43.94 -43.81 -43.75 -43.81 -43.97 -44.19 -44.44 -44.72 -45.03 -45.38 -45.78 -46.19 -46.50 -46.69
-34.53 -34.72 -34.94 -35.09 -35.22 -35.41 -35.62 -35.84 -36.09 -36.38 -36.62 -36.88 -37.12 -37.31 -37.53 -37.69 -37.88 -38.06 -38.22 -38.34 -38.47 -38.62 -38.78 -38.97 -39.19 -39.38 -39.53 -39.69 -39.84 -40.00 -40.09 -40.19 -40.31 -40.41 -40.50 -40.56 -40.56 -40.41 -39.88 -39.62 -39.62 -39.88 -40.34 -41.06 -41.88 -42.50 -42.97 -43.38 -43.66 -43.84 -43.97 -44.00 -43.94 -43.84 -43.72 -43.62 -43.53 -43.41 -43.31 -43.25 -43.28 -43.41 -43.59 -43.84 -44.12 -44.41 -44.78 -45.19 -45.56 -45.81 -46.00
-33.81 -34.03 -34.16 -34.34 -34.44 -34.59 -34.88 -35.16 -35.47 -35.72 -35.97 -36.22 -36.44 -36.66 -36.88 -37.06 -37.25 -37.41 -37.53 -37.69 -37.84 -38.09 -38.34 -38.59 -38.75 -38.88 -38.97 -39.06 -39.19 -39.28 -39.34 -39.44 -39.53 -39.62 -39.75 -39.88 -39.88 -39.59 -39.03 -38.75 -38.88 -39.41 -40.22 -41.06 -41.72 -42.22 -42.66 -42.97 -43.19 -43.34 -43.47 -43.50 -43.47 -43.34 -43.22 -43.12 -43.00 -42.88 -42.78 -42.69 -42.72 -42.81 -43.00 -43.22 -43.47 -43.75 -44.12 -44.53 -44.84 -45.09 -45.28
-33.12 -33.25 -33.38 -33.47 -33.66 -33.84 -34.09 -34.38 -34.59 -34.91 -35.25 -35.53 -35.78 -36.00 -36.19 -36.41 -36.56 -36.59 -36.66 -36.88 -37.22 -37.62 -37.97 -38.19 -38.31 -38.31 -38.31 -38.38 -38.50 -38.56 -38.62 -38.72 -38.78 -38.81 -38.88 -39.00 -38.97 -38.62 -38.19 -38.06 -38.50 -39.31 -40.25 -40.94 -41.47 -41.91 -42.25 -42.50 -42.69 -42.84 -42.94 -42.97 -42.97 -42.88 -42.75 -42.59 -42.47 -42.31 -42.22 -42.12 -42.09 -42.19 -42.34 -42.56 -42.78 -43.06 -43.47 -43.81 -44.09 -44.31 -44.53
-32.44 -32.50 -32.56 -32.62 -32.84 -33.06 -33.25 -33.56 -33.81 -34.03 -34.31 -34.59 -34.94 -35.31 -35.53 -35.69 -35.69 -35.66 -35.81 -36.19 -36.75 -37.28 -37.62 -37.78 -37.78 -37.69 -37.59 -37.59 -37.72 -37.84 -37.94 -37.97 -37.91 -37.81 -37.78 -37.88 -37.84 -37.62 -37.38 -37.59 -38.34 -39.31 -40.12 -40.72 -41.19 -41.56 -41.81 -42.00 -42.19 -42.31 -42.41 -42.44 -42.44 -42.34 -42.22 -42.06 -41.91 -41.75 -41.62 -41.53 -41.47 -41.56 -41.69 -41.88 -41.97 -42.25 -42.72 -43.03 -43.31 -43.53 -43.75
-31.81 -31.78 -31.78 -31.91 -32.06 -32.28 -32.53 -32.75 -33.03 -33.38 -33.53 -33.88 -34.19 -34.41 -34.62 -34.69 -34.69 -34.78 -35.19 -35.84 -36.47 -36.94 -37.22 -37.31 -37.25 -37.09 -36.88 -36.78 -36.81 -36.91 -37.00 -37.00 -36.88 -36.78 -36.72 -36.78 -36.78 -36.72 -36.81 -37.41 -38.31 -39.25 -39.94 -40.44 -40.84 -41.12 -41.31 -41.50 -41.66 -41.78 -41.84 -41.88 -41.84 -41.81 -41.69 -41.53 -41.34 -41.19 -41.03 -40.91 -40.84 -40.91 -41.00 -41.00 -41.00 -41.28 -41.88 -42.22 -42.50 -42.75 -42.94
-31.22 -31.12 -31.03 -31.12 -31.34 -31.53 -31.75 -32.00 -32.22 -32.47 -32.81 -33.09 -33.41 -33.62 -33.56 -33.50 -33.72 -34.19 -34.97 -35.66 -36.22 -36.56 -36.75 -36.78 -36.66 -36.47 -36.25 -35.97 -35.84 -35.91 -35.97 -35.94 -35.84 -35.75 -35.75 -35.84 -35.94 -36.19 -36.75 -37.56 -38.44 -39.16 -39.72 -40.12 -40.44 -40.62 -40.78 -40.94 -41.09 -41.19 -41.25 -41.28 -41.25 -41.22 -41.12 -40.97 -40.78 -40.62 -40.44 -40.31 -40.22 -40.19 -40.16 -40.03 -40.03 -40.34 -40.97 -41.41 -41.69 -41.94 -42.09
-30.50 -30.28 -30.19 -30.31 -30.56 -30.72 -30.94 -31.25 -31.53 -31.78 -32.12 -32.44 -32.75 -32.81 -32.53 -32.56 -33.00 -33.94 -34.88 -35.44 -35.88 -36.09 -36.19 -36.19 -36.06 -35.88 -35.66 -35.31 -35.00 -34.91 -34.94 -34.91 -34.88 -34.88 -35.00 -35.28 -35.72 -36.41 -37.12 -37.84 -38.50 -39.00 -39.44 -39.75 -39.94 -40.09 -40.25 -40.38 -40.47 -40.56 -40.62 -40.62 -40.59 -40.59 -40.53 -40.41 -40.25 -40.06 -39.88 -39.72 -39.56 -39.47 -39.31 -39.12 -39.12 -39.47 -40.19 -40.59 -40.94 -41.19 -41.22
-29.84 -29.59 -29.50 -29.62 -29.81 -30.03 -30.19 -30.50 -30.75 -31.03 -31.34 -31.69 -31.84 -31.62 -31.62 -32.09 -33.03 -33.94 -34.66 -35.12 -35.41 -35.53 -35.56 -35.53 -35.44 -35.28 -35.06 -34.75 -34.28 -34.00 -33.94 -34.00 -34.12 -34.34 -34.81 -35.47 -36.09 -36.72 -37.31 -37.84 -38.34 -38.75 -39.06 -39.25 -39.41 -39.53 -39.66 -39.75 -39.84 -39.91 -39.94 -39.97 -39.94 -39.94 -39.94 -39.84 -39.72 -39.53 -39.34 -39.16 -38.97 -38.78 -38.53 -38.34 -38.41 -38.91 -39.53 -39.91 -40.25 -40.38 -40.47
-29.19 -29.06 -28.91 -28.91 -29.09 -29.31 -29.47 -29.69 -29.97 -30.19 -30.47 -30.75 -30.88 -30.62 -30.97 -31.91 -32.97 -33.66 -34.34 -34.66 -34.81 -34.88 -34.94 -34.91 -34.81 -34.66 -34.47 -34.12 -33.62 -33.25 -33.22 -33.56 -34.00 -34.53 -35.12 -35.66 -36.22 -36.72 -37.22 -37.69 -38.09 -38.38 -38.59 -38.72 -38.81 -38.91 -39.03 -39.09 -39.16 -39.22 -39.28 -39.28 -39.25 -39.25 -39.31 -39.28 -39.19 -39.03 -38.84 -38.62 -38.44 -38.19 -37.91 -37.75 -37.97 -38.56 -38.94 -39.31 -39.53 -39.59 -39.97
-28.78 -28.53 -28.25 -28.22 -28.41 -28.62 -28.81 -29.03 -29.22 -29.41 -29.53 -29.69 -30.00 -30.06 -30.84 -31.94 -32.78 -33.31 -33.59 -33.81 -33.97 -34.06 -34.12 -34.09 -33.91 -33.88 -33.81 -33.47 -33.03 -32.75 -33.06 -33.69 -34.19 -34.69 -35.16 -35.66 -36.12 -36.56 -37.00 -37.38 -37.69 -37.91 -38.06 -38.12 -38.19 -38.28 -38.34 -38.41 -38.44 -38.47 -38.56 -38.56 -38.53 -38.59 -38.69 -38.72 -38.66 -38.53 -38.34 -38.16 -37.97 -37.75 -37.47 -37.38 -37.75 -38.16 -38.47 -38.66 -38.75 -39.09 -39.72
-28.34 -28.03 -27.66 -27.59 -27.66 -27.97 -28.16 -28.22 -28.28 -28.44 -28.66 -29.16 -29.81 -30.31 -30.75 -31.62 -32.31 -32.69 -32.72 -32.62 -32.75 -32.91 -33.09 -33.09 -33.25 -32.94 -32.91 -33.00 -32.78 -32.84 -33.28 -33.72 -34.16 -34.59 -35.03 -35.47 -35.91 -36.28 -36.66 -36.97 -37.22 -37.38 -37.47 -37.53 -37.53 -37.59 -37.66 -37.69 -37.66 -37.66 -37.75 -37.78 -37.81 -37.94 -38.06 -38.16 -38.16 -38.06 -37.91 -37.72 -37.53 -37.34 -37.16 -37.12 -37.44 -37.69 -37.84 -38.03 -38.41 -39.03 -39.75
-27.31 -27.38 -27.09 -26.94 -27.00 -27.22 -27.41 -27.44 -27.59 -27.88 -28.31 -29.06 -29.84 -30.34 -30.53 -30.91 -31.47 -32.12 -32.25 -31.88 -32.00 -32.09 -32.44 -32.44 -32.62 -32.72 -32.66 -32.59 -32.59 -32.84 -33.19 -33.59 -33.94 -34.41 -34.81 -35.19 -35.56 -35.94 -36.25 -36.47 -36.66 -36.78 -36.84 -36.84 -36.84 -36.88 -36.94 -36.94 -36.84 -36.69 -36.81 -37.00 -37.12 -37.31 -37.50 -37.62 -37.66 -37.59 -37.47 -37.31 -37.16 -37.00 -36.84 -36.81 -37.00 -37.22 -37.50 -37.97 -38.53 -39.16 -39.78
-26.75 -26.97 -26.84 -26.50 -26.50 -26.66 -26.94 -27.09 -27.41 -27.78 -28.50 -29.41 -30.03 -30.50 -30.72 -30.81 -30.97 -31.25 -31.59 -31.81 -31.75 -31.84 -31.94 -32.06 -32.19 -32.25 -32.22 -32.22 -32.31 -32.56 -32.84 -33.28 -33.72 -34.12 -34.50 -34.84 -35.16 -35.47 -35.72 -35.91 -36.03 -36.12 -36.16 -36.16 -36.12 -36.12 -36.16 -36.16 -35.91 -35.78 -35.97 -36.31 -36.56 -36.81 -37.03 -37.16 -37.19 -37.12 -37.03 -36.91 -36.78 -36.66 -36.50 -36.47 -36.72 -37.06 -37.50 -38.03 -38.56 -39.09 -39.62
-25.97 -26.09 -26.31 -26.34 -26.19 -26.53 -27.06 -27.44 -27.88 -28.38 -28.97 -29.38 -29.72 -30.00 -30.00 -30.25 -30.53 -30.75 -31.00 -31.28 -31.31 -31.28 -31.38 -31.44 -31.53 -31.66 -31.78 -31.84 -32.00 -32.31 -32.66 -33.03 -33.44 -33.78 -34.12 -34.41 -34.69 -34.94 -35.12 -35.25 -35.34 -35.41 -35.44 -35.44 -35.41 -35.25 -35.19 -35.16 -35.03 -35.06 -35.38 -35.75 -36.06 -36.34 -36.59 -36.72 -36.75 -36.69 -36.59 -36.50 -36.41 -36.31 -36.19 -36.28 -36.59 -36.97 -37.44 -37.94 -38.44 -38.91 -39.34
-25.59 -25.56 -25.56 -25.62 -25.97 -26.44 -26.66 -27.19 -27.72 -28.12 -28.69 -29.00 -29.09 -29.06 -29.16 -29.59 -29.97 -30.03 -30.16 -30.34 -30.44 -30.50 -30.53 -30.69 -30.75 -31.00 -31.22 -31.31 -31.53 -31.84 -32.25 -32.59 -32.97 -33.31 -33.59 -33.81 -34.09 -34.34 -34.50 -34.56 -34.62 -34.62 -34.66 -34.47 -34.19 -33.97 -34.00 -34.09 -34.28 -34.53 -34.94 -35.31 -35.66 -35.94 -36.16 -36.28 -36.31 -36.25 -36.19 -36.09 -36.03 -35.97 -35.94 -36.09 -36.44 -36.81 -37.25 -37.72 -38.16 -38.56 -38.94
-24.97 -25.09 -25.25 -25.34 -25.53 -26.06 -26.72 -26.69 -26.97 -27.62 -27.97 -28.00 -28.00 -28.22 -28.50 -28.72 -28.94 -29.09 -29.16 -29.16 -29.28 -29.34 -29.50 -29.56 -29.75 -30.03 -30.41 -30.69 -31.03 -31.38 -31.75 -32.12 -32.50 -32.75 -32.91 -33.16 -33.34 -33.44 -33.44 -33.22 -33.19 -33.28 -33.19 -33.44 -33.19 -32.91 -32.97 -33.22 -33.62 -34.16 -34.56 -34.94 -35.28 -35.56 -35.75 -35.84 -35.88 -35.84 -35.78 -35.72 -35.66 -35.62 -35.69 -35.91 -36.22 -36.56 -36.97 -37.34 -37.72 -38.09 -38.44
-24.34 -24.41 -24.69 -25.06 -25.47 -25.50 -25.59 -25.84 -26.16 -26.91 -27.09 -27.16 -27.38 -27.69 -27.97 -28.03 -28.16 -28.22 -28.22 -28.34 -28.31 -28.28 -28.56 -28.75 -29.09 -29.31 -29.38 -29.78 -30.31 -30.81 -31.22 -31.62 -31.94 -32.06 -32.12 -32.22 -32.31 -32.41 -32.09 -32.16 -32.19 -32.31 -32.41 -32.44 -32.25 -32.03 -32.16 -32.66 -33.19 -33.75 -34.22 -34.56 -34.91 -35.16 -35.34 -35.41 -35.44 -35.44 -35.41 -35.38 -35.31 -35.31 -35.41 -35.62 -35.91 -36.22 -36.56 -36.91 -37.25 -37.56 -37.88
-23.84 -24.03 -24.25 -24.44 -24.44 -24.62 -25.03 -25.72 -25.91 -25.94 -26.16 -26.41 -26.75 -27.00 -27.34 -27.62 -27.59 -27.69 -27.62 -27.59 -27.62 -27.75 -27.81 -28.12 -28.25 -28.34 -28.44 -28.78 -29.25 -30.03 -30.62 -31.06 -31.22 -31.00 -30.66 -30.72 -31.03 -31.47 -31.44 -31.34 -31.22 -31.19 -31.31 -31.31 -31.44 -31.69 -31.88 -32.28 -32.97 -33.44 -33.84 -34.22 -34.53 -34.78 -34.91 -34.97 -35.00 -35.03 -35.03 -35.00 -35.00 -35.00 -35.09 -35.28 -35.53 -35.78 -36.09 -36.41 -36.72 -37.03 -37.31
-23.62 -23.53 -23.56 -23.78 -23.97 -24.34 -24.97 -25.09 -25.44 -25.31 -25.50 -25.72 -25.78 -26.19 -26.44 -26.72 -26.97 -26.94 -26.84 -26.97 -27.12 -27.50 -27.72 -27.72 -27.34 -27.28 -27.53 -28.09 -29.12 -29.84 -30.19 -30.34 -30.19 -29.78 -29.53 -29.94 -30.44 -30.94 -30.75 -30.53 -30.22 -30.12 -30.31 -30.44 -30.62 -31.03 -31.69 -32.16 -32.62 -33.09 -33.47 -33.88 -34.16 -34.38 -34.50 -34.56 -34.59 -34.62 -34.66 -34.66 -34.62 -34.66 -34.72 -34.88 -35.09 -35.31 -35.56 -35.88 -36.16 -36.44 -36.72
-22.91 -23.25 -23.19 -23.44 -23.88 -24.03 -24.28 -24.66 -25.06 -25.12 -25.09 -25.16 -25.25 -25.38 -25.69 -25.91 -26.16 -26.34 -26.47 -26.62 -26.72 -26.69 -26.78 -26.78 -26.59 -26.62 -27.12 -28.09 -29.03 -29.53 -29.69 -29.62 -29.16 -28.75 -28.69 -29.00 -29.50 -30.16 -29.94 -30.06 -29.47 -29.19 -29.25 -29.78 -30.38 -30.88 -31.44 -31.91 -32.22 -32.72 -33.16 -33.50 -33.78 -33.97 -34.06 -34.12 -34.19 -34.22 -34.25 -34.25 -34.28 -34.28 -34.34 -34.44 -34.62 -34.81 -35.06 -35.34 -35.59 -35.88 -36.12
-22.38 -22.66 -22.97 -23.00 -23.19 -23.72 -23.94 -24.25 -24.12 -24.16 -24.78 -25.00 -25.22 -25.44 -25.62 -25.88 -26.09 -26.25 -26.34 -26.38 -26.12 -25.81 -25.78 -26.00 -26.09 -26.50 -27.12 -28.09 -28.78 -28.97 -28.91 -28.53 -28.22 -27.97 -27.91 -28.41 -28.78 -29.09 -28.88 -28.72 -28.44 -28.44 -28.75 -29.62 -30.16 -30.47 -30.88 -31.41 -31.81 -32.19 -32.62 -33.06 -33.41 -33.47 -33.66 -33.72 -33.75 -33.78 -33.81 -33.84 -33.88 -33.91 -33.91 -33.97 -34.09 -34.31 -34.53 -34.81 -35.09 -35.34 -35.56
-21.94 -22.16 -22.25 -22.53 -22.78 -23.16 -23.44 -23.66 -23.28 -23.41 -23.81 -24.16 -24.53 -24.75 -24.94 -25.16 -25.38 -25.62 -25.62 -25.91 -26.00 -25.50 -25.19 -25.50 -26.12 -26.72 -27.56 -28.12 -28.53 -28.50 -28.22 -27.75 -27.25 -26.91 -26.91 -27.41 -27.69 -27.84 -27.91 -27.66 -27.53 -28.00 -28.50 -29.00 -29.59 -30.03 -30.56 -30.97 -31.31 -31.72 -32.22 -32.62 -32.94 -33.16 -33.22 -33.25 -33.28 -33.31 -33.38 -33.44 -33.47 -33.50 -33.44 -33.41 -33.50 -33.66 -33.94 -34.22 -34.53 -34.75 -34.94
