everonasctiles/Tile19,39.asc
ncols 128
nrows 128
xllcorner 0
yllcorner 0
cellsize 2.0
NODATA_value  -9999
[rows 34 to 67 of 128, columns 0 to 76 of 128]
16.06 16.16 16.25 16.34 16.44 16.56 16.72 16.91 17.12 17.34 17.97 18.69 18.91 18.88 18.88 18.88 18.91 18.91 18.94 18.94 18.97 19.00 19.06 19.12 19.19 19.28 19.41 19.62 19.94 20.38 21.25 21.44 21.56 21.66 21.72 21.81 21.91 22.00 22.09 22.19 22.28 22.56 22.75 22.91 23.03 23.16 23.28 23.38 23.47 23.53 23.62 23.69 23.75 23.78 23.84 23.88 23.91 23.94 23.97 24.00 24.03 24.06 24.09 24.16 24.19 24.25 24.31 24.34 24.41 24.44 24.50 24.56 24.62 24.69 24.78 24.84 24.94
16.12 16.19 16.28 16.38 16.47 16.59 16.75 16.94 17.16 17.62 18.16 18.84 18.94 19.00 19.00 19.00 19.00 19.03 19.03 19.06 19.09 19.12 19.16 19.25 19.31 19.38 19.44 19.56 19.69 19.91 20.38 21.50 21.62 21.72 21.81 21.88 21.97 22.06 22.16 22.25 22.34 22.41 22.66 22.88 22.97 23.09 23.28 23.41 23.50 23.59 23.66 23.72 23.78 23.84 23.88 23.94 23.97 24.00 24.03 24.06 24.09 24.16 24.19 24.25 24.28 24.34 24.41 24.44 24.50 24.53 24.59 24.62 24.69 24.78 24.84 24.91 25.00
16.16 16.25 16.31 16.41 16.50 16.62 16.78 16.97 17.09 17.84 18.62 18.81 19.00 19.09 19.09 19.12 19.12 19.12 19.16 19.19 19.19 19.22 19.28 19.31 19.38 19.44 19.53 19.59 19.72 19.81 19.94 20.22 21.44 21.78 21.88 21.97 22.03 22.12 22.22 22.31 22.41 22.50 22.56 22.72 22.78 22.69 22.94 23.34 23.53 23.62 23.72 23.78 23.84 23.88 23.94 23.97 24.00 24.06 24.09 24.12 24.19 24.25 24.28 24.34 24.38 24.44 24.47 24.53 24.56 24.62 24.66 24.72 24.78 24.84 24.91 24.97 25.06
16.22 16.28 16.34 16.44 16.53 16.66 16.81 16.97 17.47 18.03 18.72 18.91 19.06 19.22 19.22 19.22 19.22 19.25 19.25 19.28 19.31 19.34 19.38 19.41 19.50 19.56 19.66 19.72 19.78 19.88 19.94 20.09 20.50 21.34 21.94 22.03 22.12 22.19 22.28 22.38 22.47 22.56 22.62 22.72 22.75 22.25 22.38 22.81 23.38 23.66 23.75 23.81 23.88 23.94 23.97 24.03 24.06 24.09 24.16 24.22 24.28 24.31 24.38 24.41 24.47 24.50 24.56 24.59 24.62 24.69 24.72 24.78 24.84 24.91 24.97 25.03 25.09
16.25 16.31 16.38 16.47 16.56 16.69 16.81 16.91 17.72 18.53 18.88 19.03 19.19 19.31 19.31 19.31 19.31 19.31 19.34 19.34 19.41 19.44 19.47 19.53 19.59 19.66 19.72 19.78 19.84 19.91 19.97 20.00 20.53 20.94 21.34 22.09 22.19 22.28 22.38 22.44 22.53 22.62 22.69 22.78 22.84 22.84 22.34 22.47 22.81 23.41 23.75 23.84 23.91 23.97 24.03 24.06 24.12 24.19 24.25 24.31 24.34 24.41 24.44 24.50 24.53 24.59 24.62 24.66 24.72 24.75 24.81 24.84 24.91 24.97 25.03 25.09 25.16
16.28 16.34 16.44 16.50 16.59 16.72 16.78 17.34 17.97 18.81 19.03 19.19 19.31 19.41 19.44 19.44 19.44 19.44 19.44 19.47 19.47 19.50 19.53 19.59 19.66 19.72 19.78 19.84 19.94 19.97 20.03 19.97 20.62 21.06 21.22 21.44 22.19 22.34 22.44 22.53 22.59 22.69 22.75 22.81 22.91 22.97 22.97 22.56 22.69 22.97 23.41 23.81 23.91 23.97 24.06 24.16 24.22 24.28 24.34 24.41 24.44 24.47 24.53 24.56 24.59 24.66 24.69 24.72 24.78 24.81 24.88 24.91 24.97 25.03 25.09 25.16 25.22
16.31 16.38 16.47 16.56 16.69 16.78 16.81 17.62 18.31 19.00 19.19 19.25 19.34 19.44 19.50 19.53 19.53 19.53 19.53 19.53 19.53 19.56 19.62 19.66 19.72 19.78 19.84 19.94 20.00 20.09 20.12 20.06 20.91 21.25 21.44 21.50 21.66 22.22 22.50 22.59 22.66 22.75 22.81 22.88 22.97 23.03 23.09 23.16 22.94 22.84 23.09 23.41 23.50 23.44 23.66 24.09 24.31 24.38 24.44 24.47 24.50 24.53 24.59 24.62 24.66 24.72 24.75 24.81 24.81 24.88 24.94 24.97 25.00 25.09 25.12 25.19 25.25
16.31 16.41 16.50 16.62 16.75 16.88 17.41 18.00 18.81 19.19 19.28 19.34 19.41 19.50 19.56 19.62 19.62 19.59 19.56 19.56 19.59 19.62 19.66 19.72 19.78 19.84 19.94 20.00 20.09 20.22 20.28 20.31 21.22 21.53 21.78 21.94 22.03 22.03 22.25 22.66 22.72 22.78 22.88 22.94 23.03 23.09 23.16 23.25 23.31 23.25 23.00 23.09 23.00 23.12 23.31 23.88 24.34 24.44 24.50 24.53 24.56 24.59 24.62 24.69 24.72 24.78 24.81 24.84 24.91 24.94 24.97 25.03 25.06 25.12 25.19 25.25 25.31
16.34 16.44 16.56 16.69 16.88 16.94 17.72 18.47 19.19 19.28 19.34 19.41 19.47 19.53 19.59 19.66 19.72 19.66 19.62 19.62 19.62 19.66 19.72 19.78 19.84 19.91 19.97 20.09 20.19 20.34 20.59 21.09 21.59 21.91 22.28 22.69 22.59 22.41 22.31 22.38 22.75 22.84 22.94 23.00 23.06 23.16 23.22 23.31 23.38 23.44 23.53 23.12 23.00 23.03 23.38 23.78 24.19 24.41 24.53 24.59 24.59 24.66 24.69 24.72 24.78 24.81 24.88 24.91 24.97 25.00 25.06 25.09 25.12 25.19 25.25 25.31 25.38
16.34 16.47 16.59 16.75 16.94 17.47 18.09 19.03 19.22 19.34 19.41 19.47 19.53 19.59 19.66 19.72 19.75 19.69 19.66 19.66 19.69 19.72 19.78 19.81 19.88 19.94 20.03 20.12 20.28 20.44 20.97 21.47 22.00 22.81 22.97 22.97 22.91 22.78 22.62 22.47 22.47 22.81 22.97 23.06 23.12 23.22 23.28 23.34 23.44 23.50 23.56 23.66 23.53 23.47 23.69 23.78 23.84 24.00 24.38 24.62 24.66 24.69 24.72 24.78 24.81 24.88 24.91 24.97 25.00 25.06 25.09 25.12 25.19 25.25 25.31 25.38 25.44
16.34 16.44 16.59 16.78 16.88 17.81 18.72 19.25 19.28 19.41 19.47 19.53 19.56 19.62 19.69 19.75 19.75 19.69 19.69 19.72 19.75 19.78 19.81 19.88 19.91 20.00 20.09 20.19 20.34 20.72 21.38 21.81 22.41 22.78 22.84 22.91 22.91 22.88 22.81 22.72 22.62 22.59 22.84 23.12 23.19 23.25 23.34 23.41 23.50 23.56 23.62 23.72 23.78 23.84 23.47 23.81 23.66 23.81 24.03 24.50 24.72 24.72 24.78 24.84 24.88 24.91 24.94 25.00 25.03 25.09 25.12 25.19 25.22 25.25 25.34 25.41 25.47
16.34 16.44 16.59 16.69 17.44 18.22 19.28 19.28 19.38 19.44 19.50 19.56 19.62 19.66 19.72 19.75 19.72 19.69 19.72 19.75 19.78 19.81 19.88 19.91 19.97 20.06 20.19 20.31 20.41 21.19 21.69 22.22 22.72 22.81 22.88 22.94 22.94 22.94 22.91 22.84 22.78 22.72 22.69 22.81 23.25 23.31 23.41 23.47 23.53 23.62 23.69 23.78 23.84 23.94 24.00 23.88 23.91 23.75 24.03 24.38 24.75 24.78 24.84 24.88 24.91 24.94 24.97 25.03 25.09 25.12 25.19 25.22 25.28 25.31 25.38 25.44 25.53
16.38 16.47 16.56 16.69 17.81 18.91 19.44 19.38 19.47 19.50 19.53 19.59 19.66 19.69 19.75 19.75 19.72 19.72 19.75 19.78 19.81 19.84 19.91 19.94 20.00 20.12 20.28 20.59 21.00 21.56 22.09 22.50 22.81 22.88 22.94 22.97 22.97 22.97 22.97 22.97 22.91 22.84 22.78 22.75 22.75 23.31 23.47 23.53 23.59 23.69 23.75 23.81 23.91 24.00 24.09 24.19 24.25 24.12 24.12 24.38 24.75 24.84 24.88 24.91 24.94 24.97 25.03 25.06 25.12 25.16 25.19 25.25 25.31 25.34 25.44 25.50 25.56
16.41 16.53 16.62 17.31 18.12 19.31 19.38 19.44 19.50 19.53 19.59 19.62 19.69 19.75 19.75 19.72 19.72 19.72 19.75 19.78 19.84 19.88 19.94 19.97 20.03 20.19 20.38 20.84 21.41 22.00 22.78 22.88 22.91 22.94 22.97 23.00 23.03 23.03 23.03 23.03 23.00 22.94 22.88 22.81 22.81 22.78 23.28 23.59 23.66 23.72 23.81 23.91 23.97 24.06 24.16 24.25 24.34 24.41 24.41 24.53 24.81 24.88 24.91 24.94 24.97 25.00 25.06 25.09 25.16 25.19 25.25 25.28 25.34 25.41 25.47 25.53 25.56
16.44 16.56 16.72 17.66 18.66 19.34 19.41 19.50 19.53 19.56 19.62 19.66 19.72 19.75 19.72 19.72 19.69 19.72 19.78 19.81 19.84 19.91 19.94 20.00 20.06 20.22 20.38 21.03 21.78 22.44 22.94 22.97 22.97 23.00 23.03 23.06 23.09 23.09 23.09 23.09 23.06 23.03 22.97 22.91 22.88 22.88 22.88 23.16 23.72 23.78 23.88 23.97 24.06 24.16 24.22 24.31 24.41 24.50 24.59 24.72 24.84 24.91 24.94 24.97 25.00 25.03 25.09 25.12 25.19 25.22 25.28 25.31 25.38 25.44 25.47 25.56 25.59
16.44 16.56 17.12 17.94 19.06 19.31 19.44 19.53 19.56 19.59 19.66 19.69 19.75 19.75 19.72 19.69 19.69 19.75 19.78 19.81 19.88 19.91 19.97 20.00 20.09 20.19 20.75 21.38 22.06 22.94 22.97 23.03 23.06 23.06 23.09 23.12 23.12 23.16 23.19 23.16 23.16 23.12 23.06 23.03 23.00 22.97 22.97 23.00 23.16 23.84 23.94 24.03 24.12 24.22 24.31 24.41 24.47 24.56 24.66 24.75 24.88 24.94 24.97 25.00 25.22 25.06 25.09 25.16 25.22 25.25 25.31 25.34 25.41 25.47 25.50 25.56 25.62
16.41 16.53 17.41 18.44 19.12 19.34 19.47 19.53 19.59 19.62 19.69 19.72 19.75 19.72 19.69 19.69 19.69 19.75 19.81 19.84 19.88 19.94 19.97 20.00 20.09 20.19 20.97 21.66 22.28 22.88 23.03 23.06 23.09 23.12 23.16 23.16 23.19 23.22 23.25 23.25 23.22 23.19 23.16 23.12 23.09 23.06 23.06 23.12 23.22 23.34 23.94 24.12 24.19 24.28 24.38 24.47 24.56 24.66 24.72 24.81 24.91 24.97 25.00 25.12 25.16 25.25 25.12 25.16 25.22 25.28 25.31 25.38 25.44 25.47 25.53 25.59 25.62
16.28 16.34 17.59 18.81 19.19 19.38 19.47 19.56 19.59 19.66 19.69 19.72 19.72 19.69 19.69 19.69 19.72 19.78 19.81 19.84 19.91 19.94 19.97 20.03 20.12 20.28 21.22 21.97 22.56 22.94 23.06 23.12 23.16 23.19 23.19 23.22 23.25 23.28 23.31 23.31 23.31 23.28 23.25 23.22 23.22 23.19 23.19 23.22 23.31 23.41 23.47 23.97 24.28 24.38 24.47 24.53 24.62 24.72 24.81 24.91 25.03 25.12 25.25 25.28 25.25 25.25 25.12 25.19 25.22 25.28 25.31 25.38 25.44 25.50 25.53 25.59 25.62
16.12 16.41 17.78 18.97 19.22 19.38 19.47 19.56 19.62 19.66 19.69 19.72 19.72 19.69 19.69 19.69 19.75 19.78 19.84 19.88 19.91 19.97 20.00 20.03 20.12 20.78 21.50 22.44 22.84 23.00 23.09 23.16 23.19 23.22 23.25 23.28 23.31 23.38 23.38 23.38 23.38 23.38 23.34 23.34 23.31 23.31 23.31 23.34 23.41 23.47 23.53 23.56 23.94 24.44 24.53 24.62 24.72 24.78 24.91 25.00 25.12 25.22 25.34 25.28 25.28 25.34 25.31 25.16 25.22 25.28 25.31 25.38 25.44 25.50 25.53 25.59 25.66
16.16 17.06 18.03 19.03 19.25 19.38 19.47 19.56 19.62 19.66 19.69 19.72 19.69 19.69 19.66 19.69 19.75 19.78 19.84 19.88 19.94 19.97 20.03 20.06 20.16 21.03 21.78 22.53 22.94 23.06 23.16 23.19 23.22 23.28 23.31 23.34 23.41 23.44 23.44 23.44 23.44 23.44 23.44 23.44 23.44 23.44 23.44 23.47 23.50 23.56 23.59 23.62 23.62 23.88 24.59 24.69 24.78 24.88 25.00 25.09 25.22 25.31 25.44 25.50 25.41 25.44 25.34 25.22 25.16 25.25 25.31 25.38 25.44 25.50 25.56 25.59 25.66
16.22 17.41 18.44 19.06 19.25 19.38 19.50 19.56 19.62 19.66 19.69 19.69 19.66 19.66 19.66 19.69 19.75 19.81 19.84 19.91 19.97 20.00 20.06 20.12 20.53 21.31 22.06 22.78 23.06 23.12 23.19 23.22 23.28 23.31 23.38 23.41 23.47 23.50 23.50 23.53 23.53 23.53 23.53 23.53 23.53 23.56 23.56 23.59 23.62 23.66 23.66 23.69 23.69 23.66 23.78 24.72 24.88 24.97 25.09 25.22 25.31 25.44 25.50 25.56 25.62 25.47 25.44 25.50 25.31 25.19 25.31 25.38 25.41 25.47 25.53 25.62 25.66
16.72 17.69 18.78 19.12 19.28 19.41 19.50 19.56 19.62 19.69 19.69 19.69 19.66 19.66 19.66 19.72 19.78 19.81 19.88 19.94 19.97 20.03 20.09 20.12 20.94 21.69 22.41 23.12 23.16 23.19 23.22 23.28 23.31 23.34 23.41 23.47 23.53 23.56 23.56 23.59 23.59 23.59 23.62 23.62 23.66 23.69 23.72 23.72 23.75 23.75 23.75 23.75 23.75 23.75 23.72 24.09 24.62 25.09 25.19 25.31 25.41 25.50 25.56 25.62 25.69 25.75 25.69 25.41 25.03 24.78 25.16 25.34 25.41 25.47 25.53 25.59 25.69
17.03 17.97 19.00 19.19 19.31 19.41 19.50 19.56 19.62 19.66 19.69 19.66 19.66 19.66 19.66 19.72 19.78 19.81 19.88 19.94 20.00 20.03 20.16 20.41 21.28 22.00 22.78 23.28 23.22 23.25 23.28 23.31 23.34 23.41 23.44 23.50 23.56 23.59 23.62 23.66 23.66 23.66 23.69 23.72 23.75 23.78 23.84 23.88 23.84 23.84 23.84 23.84 23.84 23.81 23.81 23.94 24.19 24.72 25.28 25.41 25.50 25.56 25.62 25.69 25.75 25.81 25.84 25.44 25.03 24.81 24.81 25.25 25.41 25.47 25.53 25.59 25.69
17.28 18.16 19.12 19.22 19.34 19.44 19.50 19.56 19.59 19.66 19.66 19.66 19.66 19.66 19.69 19.75 19.78 19.84 19.88 19.94 20.00 20.06 20.25 20.78 21.62 22.50 23.12 23.22 23.25 23.28 23.31 23.34 23.38 23.44 23.50 23.53 23.59 23.66 23.69 23.69 23.72 23.72 23.75 23.78 23.84 23.88 23.97 24.00 24.00 23.97 23.94 23.94 23.91 23.91 23.88 23.91 24.00 24.34 24.81 25.47 25.56 25.62 25.69 25.75 25.81 25.84 25.91 25.88 25.31 24.91 24.62 24.97 25.31 25.47 25.53 25.59 25.69
17.47 18.34 19.16 19.25 19.34 19.44 19.50 19.53 19.59 19.62 19.62 19.66 19.66 19.66 19.72 19.75 19.81 19.84 19.88 19.94 19.97 20.06 20.28 20.97 21.91 22.88 23.19 23.22 23.25 23.28 23.31 23.38 23.41 23.47 23.53 23.59 23.62 23.69 23.72 23.75 23.75 23.78 23.81 23.88 23.91 23.97 24.06 24.16 24.12 24.09 24.06 24.03 24.00 24.00 23.97 23.97 23.97 24.09 24.44 24.88 25.56 25.69 25.75 25.81 25.84 25.91 25.97 26.00 25.97 25.38 24.94 24.78 25.06 25.38 25.53 25.59 25.66
17.62 18.50 19.22 19.28 19.38 19.44 19.47 19.53 19.59 19.59 19.62 19.66 19.66 19.69 19.72 19.78 19.81 19.84 19.88 19.94 19.97 20.03 20.09 21.16 22.03 22.97 23.12 23.19 23.25 23.28 23.34 23.41 23.44 23.50 23.56 23.62 23.66 23.69 23.75 23.78 23.81 23.84 23.88 23.91 23.97 24.03 24.12 24.22 24.25 24.22 24.16 24.12 24.09 24.06 24.06 24.03 24.03 24.06 24.22 24.50 24.97 25.72 25.78 25.84 25.91 25.97 26.00 26.06 26.12 26.09 25.44 25.12 25.00 25.03 25.44 25.59 25.66
17.62 18.78 19.31 19.28 19.38 19.41 19.44 19.53 19.56 19.59 19.62 19.66 19.66 19.69 19.75 19.78 19.81 19.84 19.88 19.91 19.94 20.03 20.41 21.25 22.12 22.88 23.06 23.16 23.25 23.28 23.34 23.41 23.47 23.53 23.59 23.66 23.69 23.72 23.78 23.81 23.84 23.88 23.91 23.97 24.03 24.09 24.16 24.22 24.31 24.34 24.31 24.25 24.19 24.16 24.16 24.12 24.12 24.12 24.19 24.28 24.53 25.09 25.81 25.91 25.97 26.00 26.06 26.12 26.16 26.22 26.12 25.47 25.09 24.75 25.12 25.50 25.66
17.59 18.72 19.31 19.28 19.34 19.38 19.44 19.53 19.56 19.59 19.62 19.66 19.69 19.69 19.75 19.78 19.84 19.84 19.88 19.91 19.91 20.00 20.66 21.38 22.06 22.84 23.03 23.12 23.22 23.28 23.34 23.41 23.47 23.56 23.62 23.66 23.72 23.75 23.81 23.84 23.88 23.91 23.97 24.00 24.06 24.12 24.19 24.25 24.31 24.38 24.41 24.38 24.31 24.28 24.25 24.22 24.22 24.22 24.22 24.28 24.34 24.75 25.25 25.91 26.00 26.06 26.12 26.16 26.22 26.25 26.31 26.22 25.50 25.03 24.91 25.12 25.56
17.56 18.59 19.31 19.28 19.34 19.41 19.47 19.53 19.56 19.59 19.62 19.66 19.69 19.72 19.78 19.81 19.84 19.88 19.91 19.91 19.91 19.91 20.62 21.53 22.25 22.81 23.03 23.12 23.22 23.28 23.38 23.44 23.50 23.59 23.62 23.69 23.75 23.78 23.84 23.88 23.91 23.94 24.00 24.03 24.09 24.16 24.22 24.28 24.34 24.38 24.44 24.47 24.44 24.38 24.31 24.31 24.28 24.31 24.31 24.34 24.44 24.62 24.91 25.38 26.00 26.12 26.16 26.22 26.25 26.31 26.38 26.41 26.31 25.56 25.16 24.88 25.31
17.59 18.50 19.25 19.22 19.28 19.38 19.47 19.53 19.59 19.62 19.66 19.69 19.72 19.75 19.81 19.84 19.88 19.91 19.91 19.91 19.91 20.06 20.94 21.72 22.59 22.84 23.00 23.12 23.22 23.31 23.38 23.44 23.53 23.59 23.66 23.72 23.75 23.81 23.84 23.88 23.94 23.97 24.03 24.06 24.12 24.19 24.25 24.28 24.34 24.41 24.44 24.47 24.50 24.47 24.41 24.38 24.38 24.38 24.41 24.44 24.50 24.56 24.69 25.06 25.44 26.09 26.22 26.25 26.31 26.38 26.41 26.47 26.50 26.41 25.62 25.31 25.25
17.62 18.50 18.69 18.91 19.09 19.25 19.38 19.50 19.56 19.62 19.66 19.69 19.72 19.81 19.84 19.88 19.91 19.94 19.97 19.97 19.97 20.41 21.19 21.97 22.72 22.91 23.03 23.12 23.22 23.31 23.41 23.47 23.56 23.62 23.69 23.72 23.78 23.84 23.88 23.91 23.94 24.00 24.03 24.09 24.16 24.19 24.25 24.31 24.34 24.41 24.44 24.47 24.50 24.53 24.50 24.47 24.44 24.44 24.47 24.50 24.53 24.59 24.66 24.88 25.12 25.50 26.19 26.31 26.38 26.41 26.47 26.50 26.56 26.59 26.41 25.75 25.50
17.62 18.19 18.47 18.75 18.94 19.12 19.28 19.41 19.53 19.62 19.69 19.72 19.75 19.84 19.88 19.91 19.97 20.00 20.03 20.03 20.03 20.47 21.50 22.28 22.84 22.97 23.06 23.16 23.25 23.34 23.41 23.50 23.56 23.66 23.69 23.75 23.81 23.84 23.91 23.94 23.97 24.03 24.06 24.12 24.16 24.22 24.28 24.31 24.38 24.41 24.44 24.47 24.50 24.53 24.53 24.53 24.50 24.50 24.50 24.53 24.56 24.59 24.66 24.72 24.84 25.22 25.59 26.28 26.41 26.47 26.50 26.56 26.59 26.66 26.69 26.47 25.84
17.81 18.06 18.38 18.62 18.84 19.03 19.19 19.34 19.47 19.59 19.69 19.75 19.78 19.88 19.91 19.97 20.00 20.03 20.09 20.12 20.38 21.03 21.81 22.91 22.94 23.03 23.12 23.19 23.28 23.38 23.44 23.50 23.59 23.66 23.72 23.78 23.84 23.88 23.91 23.97 24.00 24.03 24.09 24.16 24.19 24.25 24.28 24.34 24.38 24.41 24.44 24.47 24.50 24.53 24.53 24.56 24.53 24.53 24.53 24.56 24.59 24.62 24.66 24.69 24.75 25.00 25.28 25.72 26.41 26.50 26.56 26.62 26.66 26.69 26.75 26.78 26.50
17.75 18.03 18.31 18.56 18.78 18.97 19.12 19.28 19.44 19.56 19.69 19.75 19.84 19.91 19.94 20.00 20.06 20.09 20.16 20.19 20.66 21.31 22.09 22.97 23.03 23.09 23.16 23.22 23.31 23.38 23.47 23.56 23.62 23.69 23.75 23.78 23.84 23.91 23.94 23.97 24.03 24.06 24.12 24.16 24.22 24.25 24.31 24.34 24.38 24.44 24.47 24.50 24.50 24.53 24.53 24.53 24.56 24.56 24.56 24.56 24.59 24.59 24.62 24.66 24.72 24.81 24.97 25.41 25.81 26.50 26.62 26.66 26.69 26.75 26.78 26.81 26.88
