everonasctiles/Tile[26,32].asc
ncols 128
nrows 128
xllcorner 0
yllcorner 0
cellsize 2.0
NODATA_value  -9999
[rows 0 to 33 of 128, columns 0 to 76 of 128]
34.56 35.06 35.56 36.00 36.41 36.78 37.12 37.50 37.84 38.19 38.53 38.88 39.19 39.47 39.78 40.19 40.59 41.03 41.41 41.81 42.34 42.84 43.38 43.94 44.56 45.25 45.75 46.44 47.06 47.62 48.22 48.66 49.03 49.50 49.91 50.22 50.38 50.59 50.88 51.41 51.66 52.22 52.62 53.09 53.66 54.16 54.50 54.84 55.16 55.50 55.91 56.25 56.91 57.41 57.84 58.19 58.69 59.16 59.56 60.06 60.47 60.81 61.03 61.31 61.66 61.91 62.25 62.62 63.03 63.53 64.03 64.44 65.06 65.69 66.28 66.84 67.34
34.72 35.25 35.72 36.16 36.53 36.91 37.28 37.66 38.03 38.38 38.72 39.06 39.38 39.62 39.88 40.28 40.66 41.12 41.59 42.03 42.50 42.94 43.47 44.00 44.53 45.19 45.69 46.22 46.84 47.56 48.00 48.28 48.94 49.44 49.81 50.03 50.19 50.50 50.84 51.22 51.59 52.09 52.53 53.03 53.56 54.00 54.34 54.72 54.91 55.38 55.72 56.22 56.69 57.25 57.62 58.09 58.50 58.78 59.44 59.88 60.22 60.59 60.84 61.16 61.38 61.78 62.12 62.53 63.00 63.47 63.91 64.44 64.97 65.50 66.12 66.69 67.22
34.72 35.31 35.78 36.22 36.62 37.00 37.38 37.78 38.16 38.56 38.91 39.25 39.56 39.81 40.06 40.31 40.75 41.22 41.66 42.12 42.56 43.00 43.50 44.00 44.56 45.12 45.47 45.91 46.38 47.00 47.44 48.19 48.72 49.25 49.59 49.84 50.12 50.47 50.78 51.16 51.56 52.00 52.38 52.91 53.34 53.69 53.84 54.25 54.78 55.09 55.59 56.09 56.62 57.03 57.44 57.81 58.25 58.72 59.22 59.59 59.91 60.31 60.56 60.94 61.31 61.72 62.12 62.50 62.97 63.50 64.00 64.44 64.97 65.47 65.97 66.53 67.03
34.56 35.25 35.75 36.25 36.66 37.06 37.47 37.91 38.31 38.69 39.09 39.44 39.75 40.03 40.28 40.59 40.84 41.31 41.78 42.22 42.62 43.09 43.50 44.03 44.59 45.09 45.50 45.88 46.38 46.88 47.41 48.00 48.50 49.00 49.22 49.53 50.00 50.38 50.72 51.03 51.47 51.88 52.28 52.69 53.09 53.34 53.78 54.19 54.56 55.03 55.53 56.06 56.53 56.91 57.16 57.59 58.06 58.53 58.94 59.38 59.69 60.06 60.47 60.84 61.25 61.69 62.12 62.56 63.06 63.56 64.00 64.47 64.91 65.41 65.88 66.38 66.94
34.34 35.09 35.66 36.19 36.66 37.09 37.56 38.00 38.41 38.84 39.25 39.59 39.94 40.25 40.53 40.78 41.09 41.38 41.88 42.31 42.75 43.16 43.56 44.03 44.59 45.16 45.59 45.88 46.47 46.88 47.22 47.75 48.19 48.50 48.97 49.38 49.72 50.16 50.56 50.94 51.34 51.72 52.06 52.53 52.91 53.25 53.69 54.06 54.41 54.88 55.31 55.75 56.25 56.72 57.06 57.50 57.94 58.38 58.78 59.16 59.59 60.00 60.41 60.78 61.22 61.66 62.12 62.56 63.06 63.56 63.97 64.44 64.94 65.41 65.88 66.34 66.94
34.00 34.88 35.50 36.09 36.62 37.12 37.59 38.06 38.53 38.94 39.34 39.72 40.06 40.41 40.72 41.03 41.34 41.69 41.97 42.38 42.78 43.22 43.69 44.09 44.69 45.16 45.62 45.94 46.41 46.81 47.16 47.59 48.03 48.38 48.78 49.16 49.59 50.00 50.41 50.81 51.16 51.56 51.91 52.38 52.75 53.09 53.50 53.91 54.28 54.75 55.22 55.66 56.09 56.53 56.91 57.34 57.78 58.25 58.62 59.09 59.50 59.88 60.31 60.69 61.16 61.62 62.00 62.50 63.00 63.44 63.94 64.31 64.88 65.38 65.88 66.38 66.88
33.62 34.47 35.28 35.97 36.56 37.09 37.62 38.12 38.59 39.03 39.47 39.84 40.19 40.56 40.91 41.22 41.56 41.88 42.19 42.41 42.88 43.34 43.78 44.19 44.62 45.09 45.50 45.91 46.28 46.69 47.12 47.53 47.91 48.31 48.72 49.09 49.44 49.84 50.28 50.66 51.06 51.44 51.81 52.22 52.59 52.88 53.25 53.78 54.22 54.66 55.12 55.53 55.91 56.31 56.81 57.22 57.66 58.06 58.56 59.00 59.41 59.81 60.25 60.66 61.03 61.53 61.88 62.34 62.84 63.34 63.84 64.31 64.81 65.31 65.84 66.34 66.81
33.31 34.22 35.06 35.78 36.44 37.03 37.62 38.16 38.66 39.09 39.53 39.94 40.31 40.66 41.03 41.38 41.72 42.06 42.41 42.72 43.06 43.41 43.75 44.12 44.56 45.06 45.50 45.91 46.28 46.69 47.06 47.47 47.88 48.25 48.66 49.03 49.38 49.78 50.16 50.56 50.91 51.31 51.66 52.06 52.38 52.81 53.19 53.69 54.12 54.59 54.97 55.38 55.78 56.25 56.69 57.09 57.44 57.97 58.44 58.81 59.28 59.75 60.12 60.62 61.00 61.44 61.84 62.22 62.75 63.22 63.75 64.22 64.75 65.22 65.84 66.34 66.84
33.09 33.84 34.66 35.53 36.22 36.94 37.56 38.12 38.66 39.12 39.56 40.00 40.38 40.75 41.12 41.50 41.84 42.22 42.56 42.91 43.22 43.47 43.75 44.09 44.59 45.03 45.44 45.84 46.22 46.62 47.00 47.44 47.78 48.19 48.59 48.97 49.34 49.66 50.06 50.44 50.81 51.12 51.44 51.88 52.28 52.75 53.16 53.59 54.06 54.50 54.94 55.31 55.72 56.12 56.53 56.94 57.41 57.91 58.34 58.78 59.16 59.62 60.06 60.53 60.88 61.38 61.72 62.19 62.66 63.12 63.72 64.25 64.78 65.31 65.88 66.41 66.88
33.19 33.75 34.38 35.16 35.91 36.72 37.47 38.06 38.62 39.09 39.59 40.03 40.44 40.81 41.22 41.59 41.97 42.34 42.72 43.06 43.41 43.72 43.91 44.22 44.56 45.00 45.34 45.75 46.12 46.56 47.00 47.38 47.75 48.12 48.50 48.84 49.25 49.59 49.94 50.22 50.59 50.97 51.38 51.78 52.22 52.66 53.12 53.56 53.94 54.38 54.84 55.25 55.66 56.03 56.47 56.91 57.34 57.84 58.28 58.69 59.12 59.56 60.00 60.44 60.88 61.31 61.69 62.12 62.62 63.12 63.66 64.25 64.75 65.31 65.81 66.34 66.69
33.69 33.97 34.34 34.81 35.62 36.44 37.19 37.94 38.50 39.03 39.53 40.03 40.47 40.88 41.25 41.66 42.03 42.44 42.81 43.22 43.59 43.94 44.25 44.41 44.72 45.00 45.38 45.75 46.16 46.53 46.94 47.31 47.66 48.00 48.44 48.75 49.16 49.50 49.78 50.12 50.53 50.91 51.31 51.75 52.19 52.59 53.06 53.44 53.91 54.34 54.75 55.22 55.66 56.00 56.47 56.94 57.38 57.81 58.16 58.59 59.06 59.53 59.97 60.38 60.78 61.25 61.66 62.12 62.53 63.06 63.44 64.12 64.72 65.25 65.66 66.12 66.72
34.41 34.47 34.59 34.91 35.44 36.06 36.84 37.69 38.31 38.88 39.44 39.97 40.44 40.88 41.28 41.69 42.09 42.50 42.91 43.31 43.72 44.12 44.47 44.75 44.97 45.16 45.44 45.81 46.09 46.50 46.88 47.22 47.59 47.94 48.28 48.69 49.06 49.38 49.72 50.03 50.41 50.78 51.22 51.66 52.09 52.47 52.97 53.41 53.88 54.31 54.72 55.22 55.66 56.06 56.47 56.94 57.34 57.69 58.19 58.62 59.03 59.47 59.88 60.31 60.72 61.19 61.59 62.00 62.50 62.97 63.53 63.97 64.59 65.16 65.72 66.19 66.56
35.12 35.09 35.09 35.19 35.50 35.84 36.53 37.16 37.97 38.59 39.28 39.84 40.34 40.81 41.25 41.69 42.09 42.53 42.97 43.41 43.84 44.25 44.59 44.97 45.22 45.47 45.72 46.03 46.31 46.53 46.88 47.22 47.53 47.84 48.19 48.59 48.97 49.34 49.62 50.00 50.38 50.78 51.19 51.59 52.06 52.56 53.00 53.47 53.94 54.38 54.81 55.22 55.59 56.03 56.44 56.91 57.25 57.72 58.12 58.59 59.00 59.44 59.84 60.28 60.72 61.16 61.59 62.00 62.47 62.97 63.56 64.06 64.50 65.00 65.59 66.00 66.44
35.94 35.78 35.69 35.69 35.69 35.97 36.28 36.88 37.56 38.31 39.06 39.69 40.19 40.72 41.19 41.62 42.06 42.50 42.97 43.41 43.88 44.34 44.72 45.09 45.41 45.69 45.88 46.25 46.50 46.75 47.00 47.25 47.53 47.78 48.19 48.50 48.91 49.25 49.62 50.00 50.38 50.72 51.19 51.56 52.09 52.53 53.03 53.47 53.94 54.34 54.78 55.16 55.59 56.03 56.44 56.78 57.28 57.72 58.12 58.53 58.97 59.41 59.81 60.25 60.69 61.12 61.53 62.00 62.50 63.00 63.59 64.09 64.50 64.94 65.34 65.75 66.28
36.50 36.41 36.28 36.22 36.28 36.34 36.50 36.78 37.28 37.88 38.69 39.34 39.88 40.53 41.09 41.56 42.00 42.44 42.91 43.38 43.88 44.41 44.81 45.19 45.53 45.84 46.22 46.34 46.78 47.06 47.19 47.44 47.62 47.88 48.19 48.50 48.88 49.25 49.59 49.97 50.34 50.72 51.19 51.66 52.09 52.53 52.84 53.34 53.75 54.28 54.69 55.16 55.56 56.00 56.41 56.78 57.25 57.69 58.12 58.50 58.94 59.38 59.78 60.22 60.66 61.03 61.53 61.97 62.47 63.06 63.47 64.00 64.38 64.75 65.19 65.69 66.22
36.94 36.97 36.88 36.84 36.84 36.94 37.00 37.03 37.25 37.69 38.34 39.00 39.66 40.31 40.91 41.44 41.88 42.31 42.75 43.22 43.78 44.38 44.81 45.22 45.53 46.03 46.41 46.72 47.03 47.25 47.47 47.66 47.84 47.97 48.28 48.59 48.97 49.25 49.62 50.00 50.38 50.72 51.12 51.56 52.06 52.50 52.94 53.34 53.81 54.22 54.75 55.16 55.53 55.97 56.31 56.78 57.22 57.62 58.03 58.50 58.94 59.38 59.81 60.22 60.62 61.03 61.50 62.00 62.50 62.97 63.41 63.84 64.19 64.62 65.19 65.69 66.19
37.31 37.41 37.47 37.47 37.41 37.53 37.59 37.50 37.59 37.72 38.12 38.72 39.31 39.97 40.59 41.16 41.62 42.06 42.50 42.97 43.59 44.09 44.66 45.22 45.66 46.06 46.53 46.88 47.19 47.47 47.66 47.88 48.16 48.38 48.56 48.78 49.06 49.41 49.62 50.09 50.41 50.78 51.16 51.56 52.03 52.50 52.97 53.47 53.81 54.31 54.84 55.28 55.66 56.03 56.41 56.81 57.28 57.69 58.12 58.47 58.91 59.31 59.72 60.09 60.53 60.91 61.34 61.84 62.38 62.78 63.31 63.69 64.19 64.62 65.16 65.72 66.25
37.66 37.81 37.91 38.00 37.97 38.00 38.09 38.12 38.12 38.16 38.25 38.59 39.03 39.56 40.25 40.91 41.44 41.84 42.25 42.75 43.38 43.97 44.59 45.06 45.62 46.12 46.50 46.91 47.19 47.59 47.91 48.12 48.41 48.62 48.78 49.00 49.25 49.53 49.84 50.19 50.53 50.94 51.34 51.69 52.06 52.62 53.19 53.62 54.09 54.50 54.97 55.34 55.75 56.09 56.50 56.94 57.41 57.69 58.19 58.56 58.94 59.28 59.72 60.09 60.53 60.94 61.34 61.78 62.28 62.75 63.25 63.72 64.12 64.66 65.19 65.62 66.19
37.97 38.16 38.31 38.44 38.50 38.56 38.47 38.56 38.62 38.69 38.69 38.78 39.03 39.41 39.94 40.50 41.06 41.59 42.09 42.62 43.09 43.75 44.41 44.97 45.53 46.00 46.31 46.72 47.22 47.66 48.06 48.25 48.56 48.81 48.97 49.22 49.41 49.59 49.91 50.25 50.66 50.97 51.47 51.91 52.25 52.72 53.25 53.84 54.28 54.72 55.03 55.44 55.84 56.28 56.66 57.12 57.56 57.94 58.28 58.66 59.03 59.34 59.75 60.19 60.59 60.97 61.38 61.84 62.25 62.72 63.25 63.69 64.12 64.62 65.12 65.62 66.16
38.25 38.44 38.62 38.78 38.91 39.00 38.97 39.00 39.12 39.28 39.34 39.31 39.34 39.50 39.69 40.12 40.62 41.19 41.84 42.38 42.97 43.50 44.09 44.66 45.34 45.91 46.25 46.72 47.03 47.69 48.12 48.47 48.75 48.94 49.19 49.31 49.47 49.69 50.00 50.31 50.78 51.19 51.53 52.06 52.47 52.78 53.41 53.94 54.41 55.03 55.38 55.62 56.12 56.38 56.84 57.25 57.69 58.06 58.41 58.72 59.12 59.50 59.84 60.28 60.72 61.09 61.47 61.91 62.31 62.78 63.22 63.66 64.09 64.59 65.06 65.56 66.09
38.56 38.75 38.94 39.12 39.25 39.38 39.44 39.53 39.56 39.78 39.88 39.91 39.88 39.84 39.84 39.97 40.34 40.84 41.44 42.12 42.72 43.22 43.88 44.50 45.16 45.66 46.12 46.62 47.16 47.66 48.12 48.53 48.88 49.12 49.28 49.41 49.56 49.75 50.03 50.47 50.84 51.38 51.81 52.16 52.53 53.00 53.44 54.03 54.62 55.47 55.94 56.06 56.41 56.69 57.00 57.31 57.75 58.12 58.50 58.88 59.25 59.59 60.03 60.34 60.81 61.16 61.53 61.91 62.38 62.78 63.19 63.66 64.09 64.53 65.03 65.56 66.12
38.88 39.06 39.25 39.44 39.59 39.72 39.84 39.97 40.09 40.22 40.28 40.34 40.38 40.28 40.19 40.22 40.38 40.59 41.06 41.72 42.41 43.03 43.59 44.19 44.81 45.44 45.97 46.47 47.03 47.62 48.03 48.34 48.81 49.12 49.28 49.47 49.69 49.91 50.12 50.59 51.12 51.53 52.06 52.41 52.62 53.09 53.59 54.38 55.06 55.69 56.31 56.62 56.88 57.06 57.28 57.53 57.97 58.28 58.62 58.97 59.44 59.84 60.19 60.53 60.84 61.22 61.62 61.97 62.38 62.81 63.22 63.66 64.03 64.56 65.06 65.59 66.12
39.19 39.38 39.56 39.75 39.91 40.06 40.22 40.38 40.53 40.66 40.75 40.81 40.84 40.81 40.75 40.66 40.62 40.62 40.88 41.34 42.00 42.69 43.25 43.81 44.53 45.06 45.53 46.22 46.78 47.19 47.81 48.25 48.56 49.03 49.19 49.53 49.78 50.03 50.25 50.62 51.22 51.81 52.25 52.62 53.00 53.41 53.78 54.59 55.31 56.09 56.53 56.91 57.03 57.28 57.53 58.00 58.09 58.66 58.97 59.22 59.56 60.06 60.31 60.62 61.00 61.28 61.69 62.06 62.44 62.81 63.22 63.62 64.12 64.62 65.12 65.62 66.12
39.50 39.69 39.88 40.06 40.22 40.41 40.56 40.75 40.94 41.09 41.25 41.31 41.31 41.22 41.19 41.19 41.03 40.97 40.91 41.06 41.56 42.22 42.84 43.53 44.12 44.66 45.25 45.69 46.31 46.97 47.34 48.03 48.50 48.84 49.12 49.41 49.69 50.06 50.38 50.78 51.22 51.84 52.38 52.75 53.19 53.72 54.03 54.84 55.59 56.31 56.84 57.16 57.53 57.91 58.28 58.50 58.81 58.88 59.28 59.78 60.09 60.28 60.56 60.81 61.09 61.44 61.75 62.09 62.47 62.88 63.25 63.69 64.16 64.69 65.16 65.62 66.12
39.81 40.00 40.19 40.38 40.53 40.72 40.91 41.09 41.28 41.47 41.62 41.75 41.75 41.75 41.69 41.62 41.56 41.41 41.25 41.22 41.38 41.78 42.38 43.03 43.59 44.28 44.72 45.44 45.97 46.53 47.19 47.62 48.19 48.59 48.81 49.22 49.56 50.03 50.44 50.69 51.25 51.75 52.28 52.91 53.44 54.03 54.53 55.06 55.69 56.44 57.03 57.56 58.00 58.41 58.94 59.03 59.41 59.72 59.94 60.28 60.53 60.69 60.84 61.00 61.25 61.53 61.84 62.19 62.53 62.91 63.31 63.72 64.16 64.66 65.16 65.66 66.19
40.12 40.31 40.50 40.69 40.88 41.03 41.22 41.41 41.59 41.78 41.97 42.09 42.16 42.16 42.16 42.12 42.00 41.88 41.72 41.59 41.56 41.72 42.09 42.53 43.12 43.78 44.41 45.00 45.59 46.22 46.78 47.34 47.81 48.28 48.72 49.12 49.50 50.00 50.34 50.78 51.16 51.59 52.34 52.59 53.50 54.06 54.69 55.44 56.09 56.59 57.16 57.78 58.28 58.81 59.22 59.53 59.78 60.03 60.41 60.66 60.84 61.00 61.09 61.22 61.41 61.66 61.94 62.25 62.59 62.97 63.34 63.78 64.19 64.69 65.19 65.69 66.22
40.44 40.62 40.81 41.00 41.16 41.34 41.53 41.72 41.91 42.06 42.25 42.38 42.47 42.53 42.53 42.50 42.47 42.34 42.25 42.22 42.06 42.06 42.09 42.34 42.72 43.25 43.81 44.50 45.12 45.72 46.31 46.81 47.34 48.00 48.56 49.03 49.50 49.97 50.38 50.84 51.16 51.66 52.22 52.75 53.38 54.22 54.78 55.59 56.19 56.94 57.31 58.00 58.31 58.78 59.09 59.50 59.81 60.16 60.47 60.75 61.03 61.19 61.31 61.44 61.56 61.78 62.03 62.31 62.66 63.03 63.44 63.84 64.28 64.72 65.22 65.69 66.22
40.75 40.94 41.12 41.28 41.47 41.62 41.81 42.00 42.16 42.34 42.50 42.66 42.75 42.84 42.88 42.88 42.84 42.78 42.72 42.69 42.69 42.59 42.50 42.50 42.62 42.88 43.41 44.03 44.69 45.28 45.88 46.38 47.12 47.72 48.38 48.88 49.41 49.84 50.41 50.84 51.22 51.66 52.03 52.47 53.06 54.25 55.03 55.69 56.44 57.03 57.56 57.97 58.28 58.50 58.72 59.16 59.53 59.94 60.34 60.72 61.03 61.25 61.41 61.53 61.69 61.88 62.12 62.41 62.75 63.12 63.50 63.91 64.34 64.81 65.28 65.72 66.22
41.06 41.25 41.44 41.59 41.75 41.94 42.09 42.28 42.44 42.59 42.75 42.91 43.03 43.09 43.19 43.22 43.22 43.19 43.16 43.12 43.12 43.06 43.03 42.94 42.88 42.91 43.12 43.56 44.25 44.94 45.56 46.12 46.88 47.50 48.09 48.78 49.31 49.81 50.28 50.78 51.22 51.62 51.97 52.47 53.00 53.84 55.00 55.81 56.41 57.09 57.38 57.69 57.94 58.09 58.28 58.59 59.09 59.59 60.12 60.56 60.91 61.19 61.38 61.53 61.72 61.94 62.19 62.50 62.84 63.22 63.59 64.03 64.44 64.88 65.34 65.78 66.28
41.38 41.56 41.72 41.91 42.06 42.22 42.38 42.53 42.69 42.84 43.00 43.12 43.25 43.38 43.44 43.50 43.53 43.56 43.53 43.50 43.50 43.50 43.47 43.44 43.31 43.19 43.25 43.50 43.88 44.56 45.25 45.94 46.59 47.19 47.84 48.53 49.06 49.59 50.16 50.62 51.09 51.53 51.94 52.38 52.81 53.75 54.72 55.78 56.50 57.00 57.34 57.56 57.62 57.75 57.94 58.28 58.78 59.38 59.88 60.34 60.72 61.00 61.25 61.47 61.69 61.97 62.25 62.56 62.94 63.31 63.72 64.12 64.53 64.97 65.41 65.84 66.31
41.69 41.88 42.03 42.19 42.34 42.50 42.66 42.81 42.97 43.09 43.25 43.38 43.50 43.59 43.69 43.78 43.84 43.88 43.88 43.88 43.88 43.84 43.78 43.81 43.75 43.59 43.53 43.59 43.88 44.25 44.91 45.66 46.38 46.97 47.50 48.16 48.69 49.38 49.91 50.38 50.91 51.31 51.84 52.34 52.91 53.75 54.47 55.50 56.34 56.88 57.22 57.47 57.56 57.62 57.78 58.16 58.62 59.16 59.66 60.09 60.47 60.81 61.09 61.38 61.66 61.94 62.28 62.62 63.00 63.38 63.81 64.22 64.62 65.06 65.50 65.94 66.41
42.00 42.19 42.34 42.50 42.62 42.78 42.94 43.09 43.22 43.38 43.50 43.62 43.75 43.84 43.94 44.03 44.09 44.16 44.19 44.22 44.22 44.19 44.12 44.12 44.09 44.06 43.94 43.94 44.09 44.28 44.62 45.38 46.09 46.66 47.19 47.72 48.38 48.94 49.53 50.09 50.62 51.19 51.75 52.34 52.94 53.44 54.47 55.41 56.22 56.59 57.09 57.25 57.38 57.53 57.72 58.06 58.50 58.97 59.41 59.84 60.25 60.59 60.94 61.25 61.59 61.94 62.28 62.66 63.06 63.47 63.88 64.31 64.72 65.16 65.59 66.03 66.50
42.34 42.50 42.62 42.78 42.94 43.06 43.22 43.34 43.50 43.62 43.75 43.88 43.97 44.09 44.19 44.28 44.38 44.44 44.50 44.53 44.53 44.53 44.50 44.44 44.47 44.50 44.50 44.41 44.41 44.50 44.69 45.06 45.72 46.31 46.84 47.38 47.94 48.44 49.16 49.69 50.31 50.97 51.59 52.22 52.84 53.38 54.16 54.78 55.84 56.44 56.84 57.03 57.12 57.41 57.66 57.97 58.34 58.78 59.19 59.62 60.03 60.41 60.78 61.16 61.53 61.91 62.28 62.69 63.09 63.53 63.94 64.38 64.81 65.25 65.72 66.16 66.62
42.66 42.81 42.94 43.09 43.22 43.38 43.50 43.62 43.75 43.88 44.00 44.12 44.22 44.34 44.44 44.53 44.62 44.69 44.75 44.81 44.84 44.88 44.84 44.84 44.78 44.84 45.03 44.97 44.84 44.81 44.91 45.09 45.44 46.06 46.59 47.00 47.56 48.06 48.78 49.44 50.09 50.78 51.44 52.09 52.69 53.28 53.81 54.31 55.19 56.03 56.41 56.66 57.00 57.22 57.50 57.81 58.19 58.59 59.00 59.44 59.84 60.25 60.66 61.06 61.47 61.88 62.28 62.69 63.12 63.56 64.00 64.44 64.91 65.34 65.81 66.25 66.75
