everonasctiles/Tile[17,38].asc
ncols 128
nrows 128
xllcorner 0
yllcorner 0
cellsize 2.0
NODATA_value  -9999
[rows 36 to 71 of 128, columns 0 to 79 of 128]
27.53 27.44 27.34 27.19 26.97 26.69 26.22 25.66 25.06 24.47 23.84 23.25 22.66 22.12 21.62 21.19 20.78 20.41 20.06 19.78 19.50 19.22 18.97 18.72 18.47 18.22 18.00 17.78 17.59 17.44 17.31 17.25 17.19 17.16 17.16 17.12 17.09 17.03 16.94 16.69 16.31 15.91 15.53 15.22 14.88 14.50 14.09 13.72 13.31 12.97 12.69 12.50 12.34 12.28 12.22 12.00 12.03 12.09 12.03 11.84 11.75 11.66 11.53 11.41 11.12 10.75 10.28 9.69 9.09 8.75 8.75 8.78 8.81 8.84 8.94 9.47 10.31 11.16 11.78 12.69
27.50 27.41 27.25 27.06 26.81 26.38 25.84 25.22 24.56 23.88 23.22 22.59 22.00 21.47 20.97 20.56 20.16 19.84 19.53 19.28 19.03 18.78 18.56 18.34 18.12 17.94 17.75 17.59 17.44 17.31 17.25 17.19 17.16 17.12 17.12 17.06 17.00 16.88 16.66 16.25 15.81 15.50 15.19 14.84 14.50 14.12 13.75 13.38 13.03 12.75 12.53 12.41 12.28 12.22 12.06 11.94 11.97 12.00 11.78 11.66 11.53 11.34 11.19 10.94 10.53 10.31 9.72 9.09 8.69 8.66 8.72 8.75 8.78 8.88 9.53 10.38 11.25 11.78 12.41 13.19
27.50 27.31 27.12 26.91 26.56 26.06 25.44 24.75 24.00 23.28 22.59 21.94 21.34 20.81 20.38 19.97 19.62 19.31 19.06 18.81 18.59 18.41 18.22 18.03 17.84 17.69 17.53 17.41 17.31 17.25 17.19 17.16 17.12 17.09 17.03 16.94 16.81 16.56 16.22 15.75 15.44 15.12 14.81 14.47 14.12 13.75 13.41 13.06 12.81 12.62 12.47 12.38 12.28 12.22 11.94 11.91 11.91 11.84 11.66 11.47 11.22 10.97 10.69 10.28 10.09 9.75 9.12 8.62 8.59 8.62 8.66 8.72 8.81 9.41 10.44 11.22 11.66 12.31 13.00 13.44
27.53 27.31 27.03 26.72 26.31 25.72 25.00 24.22 23.44 22.69 21.97 21.31 20.72 20.22 19.78 19.44 19.09 18.84 18.62 18.41 18.22 18.06 17.91 17.75 17.62 17.50 17.38 17.28 17.25 17.19 17.16 17.12 17.09 17.03 16.91 16.75 16.47 16.12 15.72 15.41 15.09 14.78 14.44 14.09 13.75 13.44 13.12 12.84 12.69 12.53 12.44 12.41 12.34 12.28 11.91 11.91 11.91 11.75 11.47 11.22 10.88 10.50 10.00 9.94 9.84 9.09 8.56 8.53 8.56 8.59 8.62 8.72 9.19 10.19 11.00 11.41 12.22 12.94 13.28 13.69
27.66 27.31 26.94 26.53 26.03 25.34 24.56 23.72 22.88 22.09 21.34 20.69 20.16 19.69 19.28 18.94 18.66 18.44 18.22 18.06 17.91 17.78 17.66 17.53 17.44 17.34 17.28 17.22 17.19 17.16 17.12 17.09 17.03 16.91 16.72 16.41 16.03 15.66 15.34 15.03 14.72 14.41 14.06 13.75 13.44 13.16 12.91 12.75 12.62 12.53 12.47 12.44 12.44 12.22 11.94 11.94 11.94 11.69 11.31 10.91 10.47 9.88 9.53 9.75 9.19 8.62 8.44 8.50 8.53 8.56 8.62 9.00 9.78 10.56 11.16 11.94 12.78 13.12 13.41 13.75
27.81 27.28 26.81 26.34 25.75 24.97 24.12 23.22 22.34 21.50 20.78 20.12 19.59 19.16 18.81 18.50 18.25 18.06 17.91 17.78 17.66 17.53 17.47 17.38 17.31 17.25 17.19 17.19 17.16 17.12 17.09 17.06 16.94 16.75 16.41 15.94 15.62 15.28 14.97 14.62 14.34 14.03 13.72 13.44 13.19 12.97 12.78 12.69 12.59 12.53 12.53 12.47 12.47 12.16 11.97 11.97 12.00 11.59 11.09 10.59 9.97 9.25 9.22 9.12 8.66 8.38 8.41 8.44 8.47 8.50 8.91 9.66 10.47 10.97 11.75 12.38 12.88 13.22 13.47 13.59
27.88 27.28 26.69 26.12 25.47 24.62 23.69 22.75 21.81 20.97 20.22 19.59 19.09 18.72 18.38 18.12 17.94 17.78 17.66 17.53 17.44 17.38 17.31 17.25 17.22 17.19 17.16 17.12 17.12 17.09 17.06 16.97 16.84 16.53 15.97 15.56 15.22 14.88 14.56 14.25 13.94 13.66 13.41 13.16 12.94 12.81 12.66 12.62 12.59 12.56 12.56 12.53 12.53 12.12 12.03 12.03 12.00 11.47 10.91 10.31 9.47 8.88 8.88 8.53 8.28 8.31 8.38 8.41 8.41 8.66 9.56 10.53 11.12 11.78 12.44 12.75 13.03 13.25 13.41 13.47
27.94 27.25 26.56 25.88 25.12 24.25 23.28 22.28 21.31 20.44 19.72 19.12 18.66 18.31 18.03 17.81 17.66 17.53 17.44 17.34 17.28 17.25 17.22 17.19 17.16 17.12 17.12 17.09 17.09 17.06 17.00 16.88 16.59 16.03 15.50 15.12 14.78 14.47 14.16 13.84 13.56 13.31 13.09 12.91 12.81 12.72 12.62 12.62 12.62 12.59 12.56 12.53 12.56 12.12 12.09 12.09 11.91 11.34 10.72 9.97 9.09 9.03 8.78 8.28 8.22 8.25 8.31 8.31 8.38 9.25 10.31 11.09 11.78 12.53 12.72 12.97 13.09 13.22 13.31 13.38
28.03 26.97 26.16 25.44 24.69 23.84 22.84 21.81 20.84 19.97 19.25 18.69 18.28 17.97 17.75 17.56 17.44 17.34 17.28 17.22 17.19 17.16 17.12 17.12 17.09 17.09 17.06 17.06 17.00 16.94 16.81 16.56 16.03 15.41 15.03 14.69 14.34 14.03 13.75 13.47 13.22 13.00 12.88 12.75 12.72 12.69 12.66 12.62 12.62 12.59 12.56 12.53 12.53 12.12 12.12 12.12 11.81 11.22 10.56 9.62 8.81 8.88 8.38 8.12 8.16 8.19 8.22 8.12 8.72 9.94 11.12 11.53 12.34 12.59 12.84 13.00 13.09 13.19 13.25 13.31
27.91 26.75 25.62 24.97 24.19 23.31 22.38 21.38 20.41 19.56 18.88 18.34 17.97 17.72 17.53 17.38 17.28 17.22 17.16 17.12 17.09 17.09 17.06 17.06 17.06 17.03 17.00 16.91 16.78 16.62 16.34 15.88 15.28 14.94 14.56 14.22 13.91 13.62 13.34 13.09 12.91 12.78 12.69 12.66 12.66 12.69 12.66 12.62 12.59 12.56 12.53 12.50 12.44 12.09 12.09 12.12 11.69 11.09 10.34 9.28 8.56 8.28 8.03 8.00 8.06 8.09 8.06 8.16 9.34 10.91 11.69 12.25 12.66 12.72 12.84 12.97 13.09 13.16 13.22 13.28
27.25 26.16 24.97 24.25 23.47 22.66 21.81 20.94 20.03 19.22 18.56 18.09 17.78 17.53 17.38 17.25 17.16 17.09 17.06 17.03 17.00 17.00 17.00 16.97 16.94 16.84 16.62 16.41 16.19 15.91 15.53 15.09 14.75 14.41 14.09 13.78 13.47 13.19 12.94 12.75 12.62 12.53 12.50 12.53 12.59 12.62 12.62 12.59 12.53 12.50 12.44 12.41 12.34 12.06 12.06 12.06 11.56 10.97 10.03 8.94 8.19 7.84 7.84 7.91 7.97 7.97 7.78 8.41 9.81 11.47 12.16 12.78 12.84 12.81 12.84 12.97 13.06 13.16 13.22 13.28
25.94 24.97 23.97 23.16 22.34 21.69 21.06 20.41 19.78 19.00 18.41 17.97 17.66 17.44 17.28 17.16 17.06 17.00 16.94 16.91 16.88 16.84 16.81 16.78 16.59 16.25 15.97 15.72 15.44 15.16 14.88 14.53 14.22 13.91 13.59 13.31 13.03 12.78 12.59 12.44 12.34 12.31 12.31 12.41 12.47 12.53 12.53 12.50 12.44 12.38 12.34 12.25 12.19 12.00 12.00 11.97 11.47 10.78 9.72 8.62 7.88 7.72 7.78 7.81 7.88 7.78 7.72 8.56 10.19 11.66 12.50 12.94 12.91 12.81 12.84 13.00 13.09 13.19 13.25 13.31
23.97 23.22 22.41 21.59 20.81 20.38 20.06 19.72 19.31 18.94 18.38 17.91 17.59 17.38 17.19 17.06 16.97 16.88 16.81 16.72 16.66 16.59 16.47 16.22 15.91 15.66 15.41 15.16 14.88 14.59 14.31 14.00 13.72 13.44 13.16 12.91 12.66 12.44 12.28 12.19 12.12 12.09 12.16 12.25 12.28 12.34 12.34 12.31 12.28 12.25 12.19 12.09 12.00 11.91 11.91 11.88 11.41 10.62 9.47 8.41 7.75 7.66 7.69 7.72 7.75 7.59 7.91 8.88 10.28 11.66 12.50 12.84 12.78 12.75 12.91 13.09 13.22 13.28 13.31 13.38
21.53 21.28 20.84 20.28 19.81 19.59 19.38 19.12 18.84 18.56 18.28 17.91 17.56 17.28 17.09 16.94 16.78 16.66 16.56 16.44 16.28 16.09 15.84 15.59 15.34 15.06 14.81 14.53 14.28 14.00 13.75 13.50 13.25 13.00 12.75 12.53 12.34 12.19 12.03 11.94 11.91 11.91 12.00 12.06 12.09 12.12 12.12 12.09 12.09 12.06 12.00 11.94 11.81 11.78 11.81 11.78 11.31 10.47 9.22 8.16 7.59 7.53 7.56 7.56 7.53 7.66 8.31 9.50 10.78 11.72 12.25 12.56 12.62 12.72 13.00 13.28 13.41 13.44 13.44 13.44
20.38 20.16 19.91 19.62 19.34 19.09 18.84 18.62 18.38 18.12 17.88 17.62 17.34 17.09 16.88 16.66 16.50 16.34 16.16 15.97 15.75 15.53 15.28 15.00 14.75 14.47 14.19 13.94 13.69 13.47 13.25 13.03 12.81 12.62 12.44 12.25 12.06 11.94 11.81 11.72 11.69 11.69 11.75 11.81 11.84 11.88 11.88 11.88 11.88 11.84 11.78 11.72 11.66 11.66 11.69 11.62 11.19 10.25 8.97 7.91 7.44 7.38 7.41 7.44 7.47 7.78 8.72 10.09 11.16 11.81 12.12 12.34 12.53 12.75 13.09 13.44 13.59 13.62 13.56 13.56
19.78 19.59 19.38 19.12 18.84 18.59 18.34 18.09 17.84 17.59 17.34 17.12 16.88 16.66 16.44 16.25 16.03 15.84 15.62 15.41 15.19 14.94 14.66 14.41 14.12 13.88 13.62 13.38 13.16 12.94 12.75 12.59 12.44 12.28 12.12 11.97 11.81 11.69 11.59 11.50 11.47 11.44 11.47 11.53 11.56 11.62 11.62 11.62 11.62 11.59 11.53 11.47 11.44 11.53 11.56 11.50 11.00 9.97 8.75 7.69 7.28 7.25 7.25 7.31 7.47 8.09 9.16 10.44 11.34 11.91 12.12 12.25 12.53 12.84 13.19 13.50 13.66 13.72 13.75 13.75
19.09 18.94 18.78 18.56 18.34 18.09 17.81 17.53 17.25 16.97 16.72 16.47 16.25 16.06 15.84 15.62 15.44 15.22 15.00 14.78 14.56 14.31 14.06 13.81 13.53 13.28 13.06 12.84 12.66 12.47 12.31 12.19 12.03 11.91 11.78 11.66 11.53 11.44 11.31 11.25 11.19 11.16 11.16 11.22 11.28 11.31 11.34 11.38 11.34 11.31 11.25 11.19 11.25 11.38 11.47 11.25 10.72 9.66 8.47 7.50 7.12 7.09 7.12 7.19 7.56 8.41 9.59 10.75 11.50 11.84 11.97 12.22 12.56 12.94 13.28 13.50 13.69 13.78 13.88 13.94
18.41 18.28 18.16 17.97 17.75 17.50 17.22 16.91 16.62 16.31 16.06 15.81 15.59 15.38 15.19 15.00 14.78 14.59 14.38 14.16 13.94 13.69 13.47 13.22 13.00 12.75 12.53 12.34 12.19 12.03 11.91 11.78 11.69 11.56 11.47 11.34 11.25 11.16 11.03 10.94 10.88 10.84 10.84 10.88 10.94 10.97 11.00 11.00 11.00 11.00 10.88 10.91 11.06 11.19 11.28 11.06 10.44 9.34 8.16 7.34 6.97 6.94 6.97 7.09 7.75 8.75 10.00 11.12 11.62 11.75 11.91 12.22 12.62 13.03 13.34 13.56 13.75 13.88 14.00 14.09
17.72 17.59 17.47 17.31 17.09 16.88 16.59 16.28 15.97 15.66 15.38 15.12 14.91 14.72 14.53 14.34 14.16 13.94 13.75 13.56 13.34 13.12 12.91 12.69 12.50 12.28 12.09 11.91 11.75 11.62 11.50 11.41 11.31 11.22 11.12 11.03 10.94 10.84 10.75 10.66 10.56 10.50 10.50 10.50 10.56 10.59 10.59 10.62 10.50 10.41 10.53 10.72 10.88 11.03 11.03 10.88 10.22 9.09 7.91 7.16 6.81 6.81 6.84 7.03 7.94 9.12 10.38 11.34 11.69 11.75 11.91 12.22 12.66 13.09 13.41 13.62 13.84 14.00 14.12 14.28
17.00 16.84 16.72 16.59 16.41 16.19 15.91 15.59 15.28 14.97 14.69 14.47 14.25 14.06 13.88 13.69 13.53 13.34 13.16 13.00 12.81 12.62 12.41 12.22 12.03 11.84 11.66 11.50 11.34 11.25 11.12 11.06 10.97 10.88 10.81 10.72 10.66 10.53 10.44 10.34 10.25 10.19 10.16 10.12 10.06 9.91 9.84 9.91 10.09 10.28 10.47 10.62 10.75 10.84 10.84 10.72 10.03 8.88 7.72 7.00 6.69 6.69 6.72 7.00 8.12 9.50 10.75 11.56 11.75 11.78 11.94 12.28 12.75 13.22 13.50 13.75 13.94 14.12 14.28 14.44
16.22 16.09 15.97 15.81 15.66 15.47 15.19 14.88 14.59 14.28 14.03 13.81 13.59 13.41 13.25 13.09 12.94 12.78 12.66 12.50 12.31 12.16 11.97 11.81 11.62 11.47 11.31 11.12 11.00 10.88 10.78 10.72 10.62 10.56 10.50 10.41 10.34 10.25 10.12 10.00 9.62 9.47 9.28 9.19 9.31 9.47 9.66 9.84 10.03 10.22 10.38 10.53 10.59 10.66 10.66 10.59 9.88 8.75 7.62 6.81 6.56 6.56 6.59 7.06 8.34 9.84 11.12 11.81 11.84 11.84 12.06 12.47 12.97 13.38 13.66 13.88 14.06 14.25 14.44 14.59
15.50 15.34 15.19 15.03 14.88 14.69 14.44 14.16 13.88 13.59 13.38 13.16 12.97 12.81 12.69 12.56 12.44 12.31 12.16 12.03 11.91 11.75 11.59 11.44 11.28 11.12 10.97 10.81 10.69 10.56 10.47 10.38 10.31 10.25 10.19 10.09 10.00 9.62 9.16 8.91 8.91 8.94 9.03 9.12 9.28 9.44 9.62 9.78 9.94 10.06 10.22 10.38 10.44 10.47 10.47 10.41 9.75 8.62 7.53 6.69 6.44 6.44 6.47 7.12 8.53 10.16 11.53 12.09 11.94 12.00 12.31 12.78 13.31 13.59 13.81 14.03 14.22 14.41 14.59 14.75
14.75 14.59 14.44 14.28 14.09 13.91 13.69 13.44 13.19 12.94 12.75 12.56 12.44 12.31 12.19 12.06 11.97 11.88 11.75 11.62 11.50 11.38 11.25 11.09 10.94 10.81 10.66 10.53 10.41 10.28 10.16 10.06 10.00 9.91 9.56 9.16 8.94 8.88 8.88 8.91 8.91 8.94 9.00 9.09 9.22 9.31 9.38 9.44 9.59 9.88 10.09 10.22 10.28 10.34 10.34 10.28 9.69 8.59 7.53 6.66 6.34 6.34 6.34 7.00 8.50 10.19 11.66 12.38 12.06 12.22 12.56 13.09 13.59 13.78 14.00 14.19 14.38 14.56 14.75 14.91
14.03 13.88 13.72 13.53 13.34 13.16 12.97 12.75 12.53 12.34 12.19 12.06 11.94 11.84 11.75 11.66 11.56 11.47 11.38 11.25 11.16 11.03 10.91 10.81 10.66 10.53 10.41 10.28 10.16 10.00 9.91 9.81 9.44 9.16 9.06 9.00 8.94 8.91 8.88 8.91 8.88 8.84 8.81 8.75 8.75 8.84 9.00 9.19 9.44 9.72 9.94 10.06 10.16 10.22 10.22 10.19 9.75 8.66 7.59 6.69 6.28 6.25 6.25 6.75 8.31 10.03 11.62 12.44 12.25 12.44 12.78 13.34 13.72 13.97 14.16 14.34 14.53 14.72 14.91 15.06
13.38 13.22 13.06 12.88 12.69 12.50 12.31 12.12 11.94 11.81 11.69 11.59 11.50 11.44 11.34 11.25 11.19 11.09 11.03 10.94 10.84 10.75 10.62 10.53 10.41 10.31 10.19 10.06 9.94 9.81 9.59 9.31 9.22 9.19 9.09 9.03 8.97 8.91 8.75 8.53 8.38 8.38 8.38 8.44 8.50 8.62 8.81 9.03 9.31 9.59 9.81 9.97 10.06 10.12 10.16 10.12 9.75 8.75 7.69 6.75 6.22 6.16 6.12 6.47 7.97 9.62 11.25 12.31 12.38 12.53 12.94 13.47 13.81 14.09 14.28 14.47 14.66 14.84 15.03 15.22
12.78 12.62 12.47 12.31 12.16 11.97 11.78 11.62 11.47 11.38 11.28 11.19 11.12 11.06 10.97 10.91 10.84 10.78 10.72 10.62 10.56 10.47 10.38 10.28 10.19 10.09 10.00 9.88 9.69 9.47 9.31 9.28 9.25 9.22 9.12 8.97 8.75 8.50 8.25 8.09 8.03 8.03 8.09 8.19 8.31 8.47 8.66 8.91 9.19 9.47 9.72 9.88 10.00 10.06 10.09 10.06 9.72 8.84 7.84 6.88 6.19 6.06 6.06 6.19 7.53 9.16 10.81 12.03 12.47 12.59 13.06 13.56 13.91 14.19 14.41 14.59 14.81 15.00 15.19 15.41
12.25 12.12 12.00 11.84 11.69 11.53 11.38 11.25 11.12 11.03 10.94 10.88 10.78 10.72 10.66 10.59 10.53 10.50 10.44 10.38 10.28 10.22 10.16 10.09 10.00 9.88 9.69 9.56 9.47 9.41 9.34 9.31 9.28 9.09 8.84 8.69 8.41 8.16 7.97 7.81 7.72 7.75 7.81 7.94 8.12 8.31 8.53 8.78 9.06 9.38 9.62 9.81 9.94 10.03 10.06 9.97 9.69 8.97 8.06 7.09 6.25 6.00 5.97 6.00 7.03 8.69 10.41 11.84 12.53 12.72 13.12 13.62 13.97 14.25 14.50 14.72 14.94 15.16 15.34 15.56
11.84 11.72 11.59 11.47 11.34 11.19 11.06 10.94 10.81 10.72 10.66 10.56 10.50 10.44 10.38 10.31 10.28 10.22 10.16 10.12 10.06 10.00 9.97 9.84 9.72 9.69 9.62 9.56 9.50 9.44 9.38 9.25 8.94 8.75 8.59 8.38 8.16 7.91 7.75 7.59 7.50 7.47 7.56 7.72 7.94 8.16 8.41 8.69 9.00 9.34 9.59 9.78 9.91 10.06 10.00 9.78 9.59 9.03 8.22 7.34 6.44 5.91 5.88 5.91 6.75 8.53 10.31 11.88 12.66 12.81 13.19 13.69 14.03 14.34 14.59 14.84 15.06 15.28 15.50 15.72
11.47 11.38 11.25 11.16 11.03 10.88 10.78 10.66 10.56 10.47 10.41 10.31 10.25 10.19 10.12 10.06 10.03 9.97 9.94 9.91 9.84 9.81 9.72 9.72 9.72 9.69 9.66 9.59 9.50 9.34 9.06 8.84 8.72 8.56 8.38 8.16 7.94 7.72 7.56 7.41 7.31 7.28 7.38 7.56 7.81 8.03 8.31 8.62 8.97 9.31 9.59 9.78 9.84 9.81 9.75 9.59 9.44 9.03 8.28 7.41 6.47 5.81 5.78 5.78 6.56 8.41 10.25 11.88 12.75 12.94 13.28 13.75 14.12 14.44 14.69 14.94 15.19 15.41 15.62 15.84
11.12 11.03 10.97 10.84 10.75 10.62 10.53 10.44 10.34 10.25 10.16 10.09 10.03 9.97 9.91 9.84 9.81 9.75 9.72 9.69 9.66 9.56 9.62 9.69 9.72 9.69 9.56 9.38 9.19 9.03 8.88 8.75 8.59 8.41 8.16 7.94 7.72 7.53 7.41 7.28 7.22 7.22 7.31 7.47 7.72 8.00 8.28 8.62 8.97 9.28 9.56 9.88 9.97 9.66 9.53 9.41 9.12 8.66 7.97 7.22 6.28 5.69 5.69 5.72 6.59 8.50 10.38 12.03 12.91 13.09 13.47 13.88 14.22 14.53 14.81 15.06 15.31 15.53 15.78 16.00
10.84 10.78 10.69 10.59 10.50 10.41 10.31 10.22 10.12 10.06 9.97 9.91 9.84 9.78 9.72 9.66 9.59 9.56 9.53 9.50 9.41 9.44 9.53 9.62 9.59 9.38 9.25 9.16 9.06 8.94 8.81 8.66 8.47 8.25 8.00 7.75 7.56 7.38 7.25 7.19 7.19 7.25 7.34 7.53 7.75 8.03 8.31 8.62 8.97 9.25 9.50 9.72 9.59 9.50 9.38 9.12 8.62 8.00 7.34 6.66 5.75 5.56 5.59 5.66 6.91 8.88 10.81 12.41 13.12 13.31 13.66 14.00 14.34 14.66 14.91 15.19 15.44 15.66 15.91 16.12
10.56 10.53 10.47 10.38 10.31 10.22 10.12 10.03 9.97 9.88 9.81 9.72 9.66 9.59 9.53 9.47 9.44 9.38 9.34 9.28 9.28 9.34 9.44 9.41 9.28 9.22 9.16 9.09 9.03 8.94 8.75 8.56 8.31 8.06 7.81 7.59 7.38 7.25 7.19 7.19 7.22 7.34 7.44 7.62 7.84 8.09 8.38 8.66 8.97 9.19 9.38 9.44 9.44 9.34 9.09 8.62 7.97 7.28 6.62 5.81 5.44 5.47 5.50 5.81 7.59 9.47 11.34 12.78 13.28 13.53 13.84 14.19 14.50 14.78 15.03 15.31 15.56 15.78 16.03 16.28
10.34 10.31 10.25 10.19 10.12 10.03 9.97 9.88 9.81 9.72 9.66 9.59 9.50 9.44 9.38 9.34 9.28 9.22 9.19 9.12 9.16 9.22 9.22 9.06 9.06 9.09 9.12 9.09 9.03 8.91 8.69 8.44 8.16 7.91 7.66 7.44 7.25 7.19 7.19 7.25 7.31 7.44 7.59 7.75 7.97 8.19 8.41 8.69 8.91 9.09 9.25 9.31 9.28 9.03 8.53 7.94 7.28 6.56 5.75 5.28 5.31 5.38 5.47 6.53 8.44 10.34 12.09 13.22 13.47 13.75 14.09 14.38 14.66 14.91 15.19 15.44 15.69 15.91 16.16 16.41
10.16 10.12 10.09 10.03 9.97 9.91 9.81 9.75 9.69 9.59 9.53 9.47 9.38 9.31 9.25 9.19 9.12 9.09 9.03 9.03 9.06 9.09 8.91 8.88 8.91 9.00 9.03 9.06 9.00 8.88 8.62 8.31 8.03 7.75 7.50 7.31 7.22 7.16 7.19 7.28 7.44 7.59 7.75 7.91 8.06 8.25 8.44 8.62 8.81 9.00 9.09 9.12 8.88 8.38 7.75 7.09 6.47 5.72 5.19 5.16 5.22 5.31 5.91 7.66 9.50 11.41 12.88 13.56 13.72 14.00 14.31 14.59 14.84 15.09 15.34 15.59 15.81 16.06 16.31 16.53
10.00 9.97 9.94 9.91 9.84 9.78 9.72 9.62 9.56 9.50 9.44 9.38 9.28 9.22 9.16 9.09 9.03 8.97 8.88 8.91 8.94 8.94 8.69 8.72 8.78 8.88 8.91 9.03 8.97 8.81 8.53 8.19 7.91 7.62 7.41 7.25 7.22 7.22 7.25 7.38 7.53 7.69 7.84 7.97 8.06 8.22 8.34 8.50 8.66 8.81 8.84 8.62 8.12 7.53 6.88 6.25 5.50 5.03 5.03 5.09 5.16 5.62 7.19 8.84 10.66 12.47 13.59 13.78 13.97 14.28 14.56 14.81 15.06 15.28 15.53 15.75 16.00 16.25 16.47 16.69
9.88 9.88 9.84 9.78 9.75 9.69 9.62 9.56 9.50 9.41 9.34 9.28 9.22 9.16 9.06 9.00 8.94 8.84 8.72 8.78 8.84 8.72 8.53 8.56 8.69 8.81 8.84 8.97 8.91 8.69 8.41 8.09 7.78 7.53 7.34 7.25 7.19 7.22 7.28 7.41 7.56 7.69 7.84 7.94 8.00 8.09 8.19 8.28 8.41 8.44 8.22 7.75 7.19 6.59 6.00 5.25 4.88 4.88 4.97 5.03 5.38 6.81 8.50 10.28 12.03 13.38 13.94 14.00 14.25 14.53 14.81 15.06 15.28 15.50 15.72 15.94 16.19 16.41 16.62 16.84
