everonasctiles/Tile36,3.asc
ncols 128
nrows 128
xllcorner 0
yllcorner 0
cellsize 2.0
NODATA_value  -9999
[rows 96 to 127 of 128, columns 0 to 70 of 128]
122.00 122.19 122.31 122.38 122.53 122.72 122.81 122.94 123.03 123.19 123.28 123.34 123.41 123.53 123.72 123.91 124.16 124.34 124.56 124.84 125.12 125.47 125.94 126.34 126.75 127.12 127.53 127.91 128.28 128.59 128.84 129.19 129.56 129.97 130.44 130.91 131.41 132.12 132.81 133.41 134.38 135.25 135.94 136.59 137.19 137.75 138.28 138.75 139.41 139.56 139.78 139.91 139.84 139.41 138.75 137.88 136.91 135.97 135.50 135.06 134.69 134.66 134.31 134.06 133.84 133.59 133.31 133.03 132.69 132.28 132.00
121.38 121.56 121.66 121.75 121.94 122.09 122.22 122.38 122.44 122.56 122.66 122.72 122.81 122.94 123.12 123.31 123.56 123.75 124.00 124.25 124.53 124.91 125.31 125.72 126.16 126.53 126.88 127.28 127.62 127.97 128.34 128.69 129.03 129.34 129.72 130.19 130.47 130.78 131.59 132.19 133.16 134.09 134.97 135.75 136.34 136.78 137.28 137.84 138.47 138.75 138.97 139.03 138.97 138.62 138.00 137.28 136.25 135.50 134.75 134.16 133.75 133.66 133.56 133.50 133.22 132.97 132.72 132.44 132.12 131.81 131.47
120.88 120.97 121.06 121.19 121.41 121.47 121.59 121.75 121.84 121.94 122.06 122.12 122.28 122.38 122.59 122.78 122.97 123.22 123.44 123.69 124.00 124.34 124.72 125.12 125.53 125.94 126.34 126.72 127.09 127.47 127.81 128.19 128.44 128.56 128.66 128.69 128.53 128.88 130.28 131.16 132.09 133.09 134.03 134.94 135.66 136.09 136.34 136.75 137.59 137.97 138.16 138.19 138.03 137.69 137.12 136.59 135.69 134.94 134.22 133.50 132.91 132.50 132.25 132.28 132.28 132.22 132.03 131.78 131.53 131.25 130.97
120.34 120.44 120.47 120.66 120.84 120.91 121.00 121.16 121.25 121.34 121.50 121.59 121.72 121.88 122.06 122.25 122.47 122.69 122.91 123.19 123.50 123.88 124.22 124.62 125.06 125.44 125.84 126.31 126.72 127.09 127.44 127.69 127.75 127.62 127.41 127.12 127.00 127.62 129.25 130.38 131.16 132.12 133.12 134.25 135.28 135.97 136.22 136.22 137.00 137.41 137.47 137.41 137.25 136.91 136.41 135.75 135.16 134.50 133.81 133.03 132.25 131.62 131.34 131.16 131.03 131.19 131.16 131.00 130.81 130.59 130.34
119.91 119.97 119.97 120.09 120.25 120.34 120.44 120.56 120.69 120.78 120.94 121.06 121.19 121.38 121.56 121.72 121.94 122.19 122.44 122.72 123.06 123.41 123.75 124.16 124.53 124.91 125.38 125.88 126.31 126.66 126.97 127.09 126.94 126.62 126.28 126.00 125.94 126.62 128.84 129.81 130.47 131.09 132.19 133.56 134.88 135.78 136.16 136.16 136.44 136.91 136.88 136.81 136.66 136.31 135.81 135.28 134.78 134.22 133.53 132.69 131.78 130.94 130.62 130.41 130.31 130.28 130.25 130.19 130.03 129.72 129.56
119.47 119.47 119.50 119.56 119.69 119.81 119.94 120.03 120.19 120.28 120.44 120.56 120.72 120.84 121.03 121.22 121.47 121.72 121.97 122.31 122.62 122.97 123.31 123.69 124.06 124.44 124.88 125.34 125.81 126.22 126.38 126.28 125.94 125.53 125.19 124.97 124.97 125.56 127.75 129.34 130.03 130.25 131.00 132.56 133.97 134.91 135.50 135.56 135.62 136.22 136.50 136.53 136.31 135.88 135.31 134.81 134.34 133.84 133.25 132.38 131.28 130.25 129.84 129.66 129.56 129.50 129.38 129.28 129.09 128.84 128.62
118.97 119.00 119.03 119.09 119.19 119.34 119.44 119.56 119.66 119.81 119.91 120.09 120.19 120.34 120.50 120.72 120.97 121.22 121.50 121.81 122.12 122.47 122.81 123.19 123.59 124.00 124.44 124.91 125.38 125.66 125.59 125.22 124.72 124.34 124.09 124.00 124.06 124.28 127.19 129.38 129.88 129.56 129.94 131.09 132.38 133.44 134.41 135.09 135.28 135.84 136.28 136.44 136.28 135.75 134.97 134.16 133.50 133.00 132.59 131.69 130.50 129.47 129.06 128.91 128.72 128.62 128.50 128.41 128.28 128.06 127.91
118.59 118.59 118.56 118.62 118.72 118.84 118.94 119.06 119.19 119.31 119.41 119.53 119.69 119.84 120.00 120.25 120.50 120.75 121.03 121.31 121.62 121.94 122.31 122.66 123.06 123.53 124.00 124.47 124.91 125.00 124.69 124.06 123.56 123.22 122.97 122.91 123.19 123.62 125.75 128.78 129.28 129.16 129.28 129.69 130.53 131.53 133.25 134.97 135.47 135.53 135.78 135.78 135.72 135.56 134.28 133.25 132.06 130.88 129.97 129.44 129.06 128.69 128.31 128.09 127.94 127.81 127.69 127.53 127.44 127.34 127.38
118.19 118.16 118.16 118.16 118.25 118.38 118.47 118.56 118.69 118.81 118.91 119.03 119.16 119.34 119.53 119.78 120.00 120.28 120.53 120.81 121.09 121.41 121.72 122.09 122.50 123.00 123.50 124.00 124.28 124.22 123.69 123.09 122.62 122.31 122.06 121.94 121.97 122.44 124.25 127.09 128.62 129.03 129.00 129.00 129.25 129.78 131.53 133.66 134.34 134.28 134.28 133.44 132.56 134.94 133.53 131.03 129.78 128.78 128.25 128.00 127.84 127.75 127.50 127.31 127.19 127.06 126.97 126.84 126.78 126.72 126.72
117.81 117.75 117.72 117.69 117.75 117.88 118.00 118.09 118.19 118.34 118.44 118.59 118.78 118.94 119.12 119.31 119.56 119.78 120.03 120.28 120.56 120.81 121.12 121.44 121.97 122.41 122.94 123.34 123.47 123.28 122.75 122.25 121.84 121.56 121.34 121.19 121.16 121.22 121.94 125.34 128.44 129.00 128.78 128.56 128.53 128.59 129.28 130.56 131.22 130.19 129.19 128.41 127.81 127.66 127.75 127.53 126.84 126.56 126.47 126.59 126.75 126.69 126.66 126.53 126.44 126.38 126.31 126.22 126.16 126.03 125.81
117.44 117.41 117.34 117.25 117.28 117.41 117.50 117.62 117.69 117.81 117.94 118.12 118.31 118.47 118.66 118.88 119.06 119.28 119.50 119.75 119.97 120.22 120.50 120.88 121.28 121.75 122.16 122.44 122.47 122.28 121.84 121.47 121.12 120.88 120.69 120.56 120.50 120.50 120.69 122.94 127.16 128.62 128.22 128.12 128.00 128.00 128.09 128.69 128.72 127.47 126.38 126.12 125.91 125.66 125.06 125.03 125.19 125.22 125.09 125.38 125.66 125.72 125.78 125.78 125.75 125.69 125.66 125.62 125.50 125.34 125.00
117.06 117.03 116.97 116.81 116.84 116.91 117.03 117.12 117.19 117.28 117.44 117.66 117.84 118.00 118.19 118.38 118.59 118.75 118.97 119.16 119.41 119.62 119.94 120.25 120.59 120.94 121.22 121.41 121.41 121.25 120.97 120.66 120.44 120.25 120.09 119.97 119.91 119.88 119.94 120.62 123.47 126.81 127.09 127.53 127.56 127.62 127.75 127.91 127.75 126.28 125.47 125.00 125.00 124.41 124.03 123.81 124.06 124.28 124.28 124.53 124.56 124.78 125.00 125.06 125.09 125.03 125.00 124.97 124.84 124.62 124.12
116.72 116.66 116.56 116.44 116.34 116.34 116.50 116.62 116.72 116.81 116.97 117.19 117.34 117.50 117.72 117.88 118.06 118.22 118.41 118.59 118.75 119.00 119.31 119.53 119.81 120.03 120.12 120.34 120.12 120.22 120.03 119.88 119.72 119.59 119.50 119.38 119.31 119.28 119.22 119.25 120.59 123.00 125.81 126.78 126.84 127.12 126.81 126.72 125.78 125.03 124.53 124.09 123.94 123.59 123.28 123.28 123.28 123.41 123.56 123.66 123.78 123.81 124.16 124.41 124.34 124.41 124.38 124.31 124.09 123.72 123.16
116.38 116.25 116.12 116.03 115.91 115.84 115.97 116.12 116.22 116.31 116.50 116.69 116.84 117.00 117.19 117.38 117.53 117.66 117.81 117.94 118.03 118.19 118.56 118.75 118.94 119.03 118.91 118.69 118.69 118.91 119.09 119.09 119.03 118.97 118.88 118.75 118.66 118.59 118.56 118.59 118.81 120.28 122.09 123.84 124.94 125.59 125.41 124.06 122.81 123.38 123.50 122.84 123.16 123.22 122.81 122.44 122.28 122.44 122.62 122.84 123.06 122.81 122.97 123.44 123.41 123.66 123.69 123.56 123.25 122.81 122.06
115.91 115.81 115.66 115.53 115.47 115.41 115.44 115.56 115.69 115.78 115.97 116.19 116.34 116.50 116.66 116.84 117.00 117.12 117.25 117.31 117.41 117.47 117.72 117.91 118.03 118.06 117.88 117.56 117.59 117.66 118.06 118.28 118.34 118.34 118.28 118.09 118.00 117.88 117.88 117.94 117.97 118.69 119.50 120.44 121.19 121.16 119.81 119.31 118.66 119.91 120.88 121.19 121.88 123.12 122.44 121.66 121.19 121.38 121.69 121.84 122.00 121.69 121.75 121.97 122.50 122.81 122.88 122.69 122.31 121.97 121.06
115.34 115.25 115.09 115.00 114.94 114.88 114.91 115.03 115.16 115.28 115.44 115.66 115.84 116.00 116.16 116.31 116.47 116.59 116.72 116.78 116.81 116.84 117.03 117.09 117.19 117.16 117.12 116.97 116.84 116.84 117.31 117.56 117.66 117.66 117.62 117.50 117.34 117.22 117.22 117.25 117.31 117.62 118.12 118.53 118.75 118.44 117.75 117.81 118.00 118.84 119.28 118.97 119.28 120.84 121.25 120.34 120.09 120.25 120.69 120.84 120.94 120.72 120.81 121.06 121.66 121.91 121.91 121.69 121.28 120.97 120.09
114.66 114.56 114.44 114.41 114.28 114.31 114.38 114.50 114.59 114.75 114.94 115.16 115.31 115.50 115.66 115.84 115.97 116.09 116.19 116.22 116.22 116.25 116.25 116.34 116.44 116.44 116.38 116.28 116.31 116.50 116.81 116.94 117.00 117.00 116.97 116.88 116.69 116.59 116.56 116.53 116.56 116.66 116.88 117.09 117.22 117.22 117.19 117.53 117.50 117.50 117.22 116.75 116.94 117.75 118.81 118.94 119.12 119.25 119.56 119.75 119.91 119.78 119.94 120.25 120.59 120.78 120.78 120.53 120.16 119.62 119.28
113.94 113.84 113.72 113.72 113.69 113.75 113.84 113.94 114.03 114.25 114.41 114.62 114.81 115.00 115.12 115.28 115.47 115.56 115.66 115.72 115.75 115.75 115.72 115.72 115.75 115.78 115.72 115.78 116.00 116.22 116.28 116.44 116.34 116.34 116.31 116.19 116.06 115.97 115.91 115.84 115.78 115.75 115.78 115.88 115.97 116.09 116.31 116.44 116.41 116.25 115.84 115.41 115.41 115.59 115.84 116.50 117.12 117.91 118.41 118.66 118.88 118.91 119.03 119.31 119.56 119.66 119.56 119.38 118.94 118.53 118.56
113.22 113.16 113.09 113.06 113.09 113.12 113.25 113.34 113.47 113.69 113.91 114.09 114.31 114.47 114.62 114.75 114.91 115.06 115.19 115.25 115.28 115.31 115.31 115.31 115.34 115.31 115.38 115.53 115.75 115.81 115.88 115.66 115.62 115.69 115.62 115.53 115.41 115.31 115.25 115.16 115.06 114.94 114.84 114.81 114.88 115.03 115.28 115.38 115.31 115.16 114.81 114.59 114.62 114.72 114.91 115.25 115.69 116.47 117.16 117.53 117.66 117.84 118.06 118.28 118.47 118.53 118.50 118.38 118.16 117.91 117.75
112.47 112.44 112.44 112.47 112.50 112.56 112.72 112.84 112.94 113.22 113.41 113.62 113.78 114.00 114.12 114.28 114.41 114.59 114.75 114.81 114.91 114.91 114.97 114.97 114.94 114.97 115.12 115.31 115.38 115.34 115.19 115.03 115.03 115.03 115.00 114.94 114.81 114.69 114.59 114.50 114.41 114.22 114.06 113.94 113.84 113.97 114.19 114.25 114.25 114.19 114.09 114.06 114.09 114.19 114.41 114.75 115.00 115.34 115.97 116.59 116.69 116.94 117.22 117.34 117.50 117.50 117.56 117.56 117.44 117.31 116.97
111.53 111.72 111.78 111.88 111.88 112.03 112.19 112.34 112.44 112.72 112.88 113.06 113.25 113.50 113.66 113.81 113.97 114.19 114.31 114.44 114.50 114.56 114.59 114.62 114.59 114.69 114.88 114.97 114.91 114.78 114.53 114.47 114.47 114.44 114.44 114.34 114.22 114.09 113.94 113.84 113.72 113.56 113.44 113.31 113.12 113.06 113.09 113.22 113.31 113.41 113.50 113.59 113.66 113.72 113.94 114.25 114.50 114.81 115.16 115.56 116.00 116.28 116.44 116.56 116.62 116.72 116.81 116.78 116.69 116.62 116.19
110.72 111.03 111.09 111.22 111.25 111.44 111.66 111.88 111.94 112.19 112.34 112.50 112.75 113.00 113.19 113.38 113.59 113.78 113.91 114.03 114.12 114.19 114.28 114.22 114.25 114.41 114.50 114.50 114.31 113.97 113.94 113.94 113.91 113.88 113.84 113.78 113.66 113.50 113.38 113.25 113.12 113.03 112.81 112.75 112.62 112.59 112.53 112.59 112.72 112.84 113.00 113.12 113.19 113.25 113.47 113.72 114.00 114.31 114.62 115.00 115.41 115.62 115.78 115.81 115.91 116.00 116.03 115.97 115.81 115.66 115.34
109.91 110.22 110.41 110.53 110.62 110.81 111.03 111.31 111.41 111.66 111.81 112.03 112.31 112.56 112.75 113.00 113.19 113.38 113.56 113.66 113.75 113.81 113.81 113.84 113.91 114.00 114.03 113.91 113.53 113.41 113.41 113.38 113.38 113.31 113.28 113.22 113.12 113.00 112.84 112.72 112.56 112.44 112.28 112.19 112.12 112.06 112.09 112.16 112.25 112.38 112.47 112.56 112.66 112.78 112.94 113.19 113.50 113.84 114.16 114.47 114.75 114.97 115.06 115.06 115.16 115.22 115.16 114.97 114.81 114.62 114.47
109.34 109.53 109.75 109.91 109.97 110.19 110.44 110.66 110.94 111.12 111.34 111.59 111.84 112.09 112.38 112.62 112.81 113.03 113.22 113.31 113.38 113.44 113.44 113.44 113.50 113.53 113.50 113.28 113.06 112.97 112.94 112.94 112.88 112.81 112.75 112.66 112.59 112.50 112.34 112.19 112.09 111.91 111.78 111.66 111.56 111.56 111.62 111.69 111.75 111.84 111.91 112.00 112.12 112.22 112.41 112.66 112.97 113.25 113.53 113.84 114.09 114.31 114.44 114.44 114.38 114.28 114.12 113.94 113.72 113.56 113.44
108.78 108.94 109.09 109.25 109.28 109.56 109.91 110.09 110.41 110.62 110.88 111.09 111.38 111.62 111.91 112.22 112.44 112.66 112.84 112.97 113.03 113.03 113.06 113.09 113.16 113.03 112.88 112.72 112.62 112.59 112.56 112.50 112.44 112.38 112.28 112.19 112.09 112.00 111.88 111.72 111.56 111.44 111.28 111.16 111.03 111.03 111.09 111.16 111.22 111.28 111.34 111.44 111.53 111.62 111.78 112.03 112.34 112.59 112.88 113.12 113.38 113.59 113.69 113.66 113.62 113.50 113.16 112.84 112.72 112.66 112.66
108.19 108.31 108.41 108.56 108.66 108.91 109.31 109.56 109.88 110.12 110.38 110.62 110.84 111.09 111.41 111.72 112.00 112.28 112.47 112.59 112.62 112.69 112.69 112.78 112.66 112.47 112.34 112.22 112.19 112.16 112.12 112.09 112.03 111.94 111.84 111.75 111.62 111.50 111.38 111.25 111.09 110.91 110.78 110.66 110.53 110.47 110.53 110.59 110.62 110.72 110.75 110.88 110.94 111.03 111.16 111.44 111.69 111.88 112.09 112.41 112.56 112.75 112.91 112.91 112.88 112.75 112.44 112.12 111.91 111.88 111.88
107.44 107.59 107.72 107.88 107.97 108.22 108.69 109.00 109.31 109.59 109.81 110.06 110.34 110.59 110.97 111.31 111.62 111.84 112.03 112.16 112.19 112.19 112.09 111.62 111.44 111.53 111.50 111.56 111.78 111.84 111.66 111.66 111.62 111.53 111.44 111.34 111.25 111.03 110.88 110.75 110.56 110.41 110.22 110.12 109.97 109.88 109.94 109.94 110.03 110.09 110.16 110.25 110.31 110.44 110.56 110.81 111.00 111.12 111.19 111.25 111.56 111.88 112.09 112.19 112.16 112.00 111.84 111.41 111.12 111.00 111.06
106.53 106.81 107.00 107.19 107.19 107.62 108.03 108.41 108.78 109.06 109.22 109.50 109.75 110.06 110.34 110.78 111.06 111.31 111.47 111.53 111.50 111.41 111.19 110.53 110.31 110.44 110.47 110.59 110.69 110.88 111.25 111.22 111.19 111.12 111.06 110.94 110.81 110.56 110.44 110.28 110.12 109.88 109.66 109.53 109.44 109.34 109.28 109.28 109.38 109.47 109.53 109.59 109.69 109.78 109.91 110.12 110.28 110.41 110.44 110.56 110.84 111.06 111.31 111.41 111.38 111.19 110.97 110.62 110.34 110.22 110.22
105.62 106.00 106.22 106.44 106.47 106.97 107.34 107.78 108.19 108.47 108.59 108.88 109.22 109.47 109.69 110.12 110.47 110.62 110.66 110.62 110.50 110.28 109.91 109.38 109.31 109.44 109.50 109.50 109.50 109.75 110.62 110.75 110.78 110.75 110.66 110.53 110.41 110.19 110.03 109.81 109.62 109.41 109.16 108.97 108.81 108.75 108.66 108.62 108.66 108.78 108.88 108.94 109.00 109.12 109.25 109.44 109.59 109.72 109.81 110.03 110.09 110.25 110.47 110.53 110.50 110.31 110.06 109.62 109.28 109.31 109.34
104.94 105.19 105.41 105.62 105.81 106.25 106.62 107.03 107.41 107.75 107.97 108.19 108.47 108.81 109.19 109.50 109.69 109.75 109.69 109.59 109.41 109.19 108.91 108.62 108.59 108.84 108.69 108.66 108.88 109.19 110.12 110.31 110.38 110.38 110.28 110.16 110.00 109.81 109.62 109.41 109.19 108.97 108.75 108.50 108.28 108.16 108.09 108.00 107.97 108.09 108.19 108.28 108.28 108.47 108.59 108.72 108.88 109.06 109.16 109.25 109.28 109.38 109.50 109.56 109.50 109.28 108.94 108.34 108.28 108.31 108.38
104.22 104.41 104.62 104.81 105.06 105.47 105.88 106.25 106.59 106.91 107.19 107.47 107.78 108.16 108.53 108.75 108.81 108.75 108.62 108.50 108.31 108.12 107.94 107.81 107.91 108.12 107.81 107.94 108.16 108.47 109.38 110.03 110.03 110.06 109.97 109.81 109.66 109.41 109.19 108.97 108.72 108.50 108.28 108.06 107.81 107.59 107.44 107.41 107.34 107.41 107.50 107.56 107.62 107.69 107.84 108.00 108.12 108.31 108.44 108.53 108.56 108.50 108.50 108.50 108.41 108.22 107.88 107.53 107.44 107.44 107.50
103.41 103.62 103.84 104.00 104.31 104.69 105.06 105.41 105.72 106.03 106.31 106.62 106.94 107.28 107.59 107.72 107.75 107.66 107.50 107.34 107.19 107.03 106.94 106.91 106.97 107.06 107.06 107.22 107.47 107.59 107.84 109.03 109.97 109.75 109.66 109.50 109.28 109.06 108.78 108.50 108.28 108.00 107.78 107.53 107.28 107.03 106.84 106.75 106.69 106.72 106.81 106.84 106.91 106.97 107.09 107.25 107.34 107.50 107.66 107.75 107.78 107.59 107.59 107.47 107.25 107.12 106.91 106.72 106.66 106.62 106.62
