everonasctiles/Tile37,17.asc
ncols 128
nrows 128
xllcorner 0
yllcorner 0
cellsize 2.0
NODATA_value  -9999
[rows 0 to 33 of 128, columns 0 to 75 of 128]
73.84 73.19 72.53 71.97 71.31 71.06 70.28 69.69 69.16 68.69 68.06 67.56 67.34 66.84 66.38 65.84 65.16 65.00 64.69 64.19 63.72 63.75 63.12 62.59 62.75 62.47 61.94 61.25 60.09 58.91 57.91 57.81 57.28 56.91 56.72 56.53 56.38 56.16 55.91 55.66 55.38 55.06 54.88 54.69 54.50 54.25 53.84 53.34 52.41 51.62 51.09 50.38 49.47 48.91 48.50 48.50 48.22 47.69 46.94 45.84 44.47 42.97 40.75 39.47 38.75 37.81 37.19 36.56 35.81 34.78 33.91 33.31 33.16 32.97 32.72 32.41
74.00 73.41 72.91 72.19 71.66 71.34 70.59 70.12 69.59 69.19 68.44 68.34 67.66 67.25 66.62 66.06 65.84 65.69 65.38 64.97 64.47 64.19 63.66 63.28 63.44 63.12 62.59 62.03 61.34 60.31 59.66 58.88 58.19 57.41 57.06 56.88 56.72 56.50 56.25 56.03 55.72 55.47 55.25 55.06 54.91 54.66 54.28 53.78 53.19 52.50 52.00 51.59 50.91 50.19 49.84 49.47 49.00 48.34 47.38 46.41 44.47 42.34 40.69 39.53 38.97 38.25 37.19 36.22 35.50 34.75 33.91 33.41 33.12 33.00 32.75 32.41
74.59 73.59 73.03 72.38 72.19 71.72 70.88 70.62 70.06 69.53 69.16 68.59 68.06 67.69 67.28 66.94 66.62 66.03 65.69 65.25 65.06 64.69 64.38 64.16 64.09 63.72 63.22 62.56 61.91 61.31 60.75 59.81 58.94 58.06 57.47 57.22 57.06 56.84 56.59 56.31 56.03 55.81 55.66 55.44 55.25 55.00 54.62 54.12 53.50 52.91 52.34 51.84 51.34 50.91 50.50 50.12 49.59 48.78 47.75 46.16 44.38 42.78 40.78 39.78 39.19 38.50 37.44 36.50 35.66 34.94 34.38 33.59 33.34 33.09 32.81 32.47
75.03 74.41 73.31 72.81 72.31 71.78 71.31 71.00 70.50 70.00 69.38 69.00 68.84 68.34 67.78 67.25 67.12 66.56 66.31 65.78 65.69 65.62 65.22 65.06 64.78 64.34 63.69 63.00 62.22 61.84 61.41 60.66 59.88 58.78 58.06 57.72 57.44 57.19 56.91 56.59 56.34 56.16 55.97 55.78 55.56 55.25 54.81 54.28 53.72 53.19 52.62 52.12 51.62 51.16 50.78 50.38 49.81 49.00 47.94 46.28 45.22 43.88 41.28 40.00 39.34 38.66 38.00 37.44 36.47 35.56 34.91 34.34 33.66 33.06 32.78 32.50
75.81 75.00 74.00 73.25 72.72 72.03 71.69 71.38 71.00 70.41 70.00 69.59 69.19 68.78 68.41 68.03 67.41 67.19 66.50 66.44 66.22 66.28 66.22 65.97 65.56 64.97 64.22 63.53 63.06 62.69 62.22 61.47 60.59 59.53 58.84 58.28 57.88 57.53 57.25 56.91 56.62 56.44 56.25 56.06 55.75 55.31 54.81 54.31 53.75 53.19 52.62 52.03 51.47 50.97 50.50 50.09 49.62 48.94 47.97 46.78 45.66 43.62 41.34 40.19 39.62 39.22 38.62 38.09 37.16 36.19 35.38 34.69 33.91 33.25 32.81 32.50
77.03 75.94 74.97 73.91 73.31 72.84 72.12 71.75 71.34 70.97 70.53 70.09 69.72 69.34 69.00 68.53 68.06 67.56 67.41 66.97 66.81 66.91 67.00 66.75 66.28 65.59 64.66 64.09 63.78 63.38 62.78 62.16 61.38 60.50 59.69 59.09 58.59 58.00 57.59 57.22 56.91 56.69 56.53 56.28 55.84 55.25 54.69 54.12 53.56 52.97 52.38 51.75 51.09 50.34 49.78 49.56 49.03 48.53 47.81 46.84 45.59 44.47 41.91 41.03 40.34 39.91 39.12 38.31 37.47 36.62 35.81 35.03 34.34 33.75 33.12 32.72
77.84 77.06 75.91 74.84 74.25 73.59 72.88 72.31 71.94 71.47 70.97 70.59 70.25 69.81 69.38 69.06 68.81 68.50 68.28 67.88 67.78 67.91 67.78 67.41 66.84 66.19 65.44 64.69 64.31 63.88 63.34 62.72 62.03 61.22 60.47 59.78 59.12 58.62 57.91 57.50 57.16 56.97 56.75 56.38 55.81 55.09 54.38 53.84 53.25 52.59 51.91 51.31 50.38 49.44 48.75 48.53 48.19 47.75 47.25 46.50 45.50 44.34 43.12 41.97 41.06 40.38 39.56 38.72 37.81 36.91 36.06 35.16 34.50 33.91 33.34 32.88
78.72 77.84 76.72 75.94 75.03 74.34 73.66 72.91 72.41 71.94 71.47 71.03 70.72 70.44 69.94 69.66 69.34 68.88 68.53 68.88 69.00 68.81 68.47 67.94 67.34 66.56 65.88 65.31 64.91 64.41 63.84 63.19 62.50 61.78 60.91 60.31 59.72 59.09 58.41 57.88 57.50 57.19 56.84 56.31 55.59 54.94 54.22 53.34 52.62 51.91 51.25 50.69 49.91 48.78 47.97 47.38 46.72 46.75 46.22 45.69 44.97 44.12 43.22 42.34 41.53 40.75 39.88 38.91 37.97 37.06 36.22 35.38 34.69 34.03 33.50 32.94
79.59 78.50 77.56 76.81 75.94 75.16 74.41 73.56 72.94 72.47 72.00 71.50 71.09 70.66 71.09 71.25 71.00 69.53 68.91 69.69 69.91 69.59 69.03 68.38 67.38 66.84 66.28 65.88 65.50 64.94 64.31 63.62 62.81 62.03 61.31 60.84 60.31 59.53 58.88 58.28 57.75 57.25 56.84 56.19 55.31 54.16 53.19 52.66 51.97 51.12 50.44 49.88 49.19 48.09 47.22 46.09 45.34 45.25 45.22 44.59 44.06 43.47 42.81 42.09 41.38 40.62 39.75 38.78 37.88 37.06 36.28 35.56 34.88 34.22 33.59 32.94
80.03 79.22 78.44 77.47 76.56 75.88 75.28 74.62 73.88 73.06 72.53 72.41 71.38 71.69 72.84 72.88 72.72 72.44 71.75 71.19 70.78 70.22 69.50 68.47 67.88 67.44 67.00 66.59 66.06 65.44 64.84 64.00 63.06 62.34 61.75 61.28 60.72 59.94 59.16 58.50 57.88 57.16 56.22 55.28 54.38 53.34 52.16 51.47 51.09 50.41 49.62 49.06 48.38 47.62 46.75 45.66 45.03 44.47 43.97 43.47 43.03 42.56 41.97 41.31 40.62 39.94 39.16 38.38 37.62 36.91 36.25 35.59 34.94 34.28 33.56 32.91
80.88 80.25 79.47 78.09 77.41 76.69 75.84 75.22 74.53 73.91 73.78 73.81 73.53 73.59 74.28 74.38 74.19 73.59 72.84 72.12 71.47 70.72 69.88 69.19 68.72 68.12 67.53 67.06 66.47 65.94 65.25 64.50 63.50 62.66 62.22 61.78 61.16 60.16 59.19 58.59 57.91 57.12 56.09 55.06 53.84 52.75 51.78 51.16 50.66 49.94 49.28 48.72 48.03 47.25 46.28 45.56 44.84 44.31 43.72 43.09 42.50 41.84 41.25 40.41 39.81 39.19 38.53 37.88 37.25 36.69 36.09 35.53 34.91 34.25 33.66 32.94
81.88 81.03 79.81 78.97 78.19 77.31 76.41 75.91 76.16 75.66 75.50 75.44 75.31 75.84 75.81 75.56 75.19 74.50 73.69 72.81 72.00 71.09 70.31 69.59 69.03 68.53 67.97 67.38 66.97 66.38 65.81 64.69 63.69 63.06 62.62 62.22 61.38 60.38 59.41 58.69 58.06 57.22 56.03 54.81 53.66 52.41 51.50 50.97 50.38 49.69 49.03 48.44 47.75 47.03 46.28 45.53 44.81 44.12 43.44 42.81 42.16 41.50 40.84 40.16 39.56 38.91 38.28 37.66 37.09 36.53 35.94 35.38 34.78 34.16 33.62 32.97
83.94 81.38 80.12 79.50 78.56 77.88 78.34 79.28 79.25 78.81 78.69 78.47 77.69 77.19 76.78 76.38 75.81 75.06 74.19 73.28 72.44 71.56 70.44 69.75 69.25 68.78 68.25 67.66 67.34 66.75 66.12 64.88 64.06 63.47 63.06 62.62 62.00 61.06 60.00 58.62 57.78 57.12 56.19 54.97 53.62 52.34 51.38 50.78 50.16 49.50 48.84 48.22 47.50 46.81 46.12 45.38 44.69 44.03 43.38 42.69 42.00 41.28 40.62 39.97 39.38 38.75 38.12 37.53 37.00 36.47 35.88 35.38 34.75 34.12 33.53 33.06
85.25 83.47 81.53 80.38 80.09 80.31 81.25 81.19 80.88 80.53 80.00 79.34 78.69 78.09 77.53 76.91 76.22 75.41 74.50 73.59 72.72 71.81 70.88 70.22 69.62 69.16 68.56 68.09 67.62 67.09 66.44 65.34 64.53 63.94 63.69 63.12 62.50 61.75 60.41 58.88 57.34 56.91 56.22 55.22 53.84 52.62 51.34 50.53 49.94 49.31 48.66 48.03 47.31 46.56 45.81 45.19 44.53 43.88 43.22 42.50 41.81 41.12 40.44 39.81 39.22 38.59 38.00 37.47 36.91 36.41 35.78 35.28 34.66 34.12 33.50 32.94
85.72 85.16 83.62 82.41 82.53 83.09 83.12 82.50 82.25 81.78 81.09 80.25 79.47 78.72 78.03 77.28 76.47 75.66 74.75 73.75 72.88 72.38 71.41 70.50 69.97 69.41 69.03 68.50 67.97 67.34 66.75 65.88 65.16 64.62 64.12 63.66 63.03 62.16 61.22 59.69 57.78 56.88 56.38 55.38 54.22 52.81 51.62 50.59 49.72 49.09 48.50 47.84 47.12 46.34 45.66 44.97 44.38 43.72 43.06 42.38 41.69 41.00 40.28 39.69 39.06 38.47 37.88 37.34 36.81 36.22 35.69 35.03 34.56 34.06 33.66 32.94
86.06 85.56 85.09 84.28 83.78 83.62 83.47 83.28 82.88 82.28 81.50 80.66 79.81 79.03 78.31 77.59 76.81 75.78 74.91 73.91 73.12 72.62 72.09 71.34 70.41 69.88 69.44 68.84 68.31 67.78 67.00 66.34 65.62 65.12 64.56 64.00 63.31 62.47 61.41 60.28 58.81 57.69 56.50 55.50 54.31 53.03 51.75 50.56 49.56 48.78 48.28 47.72 47.00 46.19 45.47 44.78 44.19 43.56 42.94 42.22 41.50 40.84 40.16 39.56 39.00 38.44 37.81 37.28 36.75 36.16 35.72 35.06 34.53 34.00 33.56 33.03
86.44 85.88 85.47 85.00 84.41 84.00 83.69 83.38 82.88 82.25 81.47 80.66 79.91 79.19 78.50 77.81 76.94 75.88 74.78 74.03 73.38 72.69 72.12 71.50 70.91 70.38 69.75 69.22 68.59 68.09 67.38 66.72 66.09 65.47 64.84 64.12 63.34 62.50 61.50 60.41 59.28 58.06 56.88 55.62 54.34 53.12 51.75 50.44 49.31 48.53 48.09 47.59 46.94 46.19 45.38 44.69 44.00 43.41 42.75 42.06 41.34 40.72 40.12 39.53 38.88 38.28 37.78 37.28 36.78 36.25 35.81 35.09 34.59 34.06 33.44 33.00
86.75 86.16 85.75 85.31 84.78 84.28 83.81 83.34 82.72 82.09 81.31 80.59 79.94 79.28 78.66 77.97 77.34 76.12 75.12 74.34 73.72 73.09 72.59 71.97 71.34 70.72 70.12 69.50 68.78 68.31 67.75 67.09 66.44 65.75 64.97 64.16 63.19 62.19 61.47 60.47 59.41 58.28 57.06 55.78 54.34 53.00 51.59 50.22 49.09 48.41 47.88 47.41 46.81 46.09 45.38 44.62 43.94 43.25 42.59 41.91 41.22 40.62 40.00 39.44 38.84 38.28 37.81 37.28 36.66 36.22 35.75 35.12 34.50 34.12 33.44 32.97
87.00 86.41 86.00 85.56 85.03 84.47 83.91 83.28 82.66 81.97 81.28 80.59 80.00 79.34 78.72 78.00 77.31 76.53 75.62 74.75 74.09 73.53 72.97 72.38 71.72 71.06 70.41 69.84 69.31 68.69 68.09 67.38 66.62 65.84 65.00 64.09 63.16 62.12 61.09 60.38 59.50 58.34 57.12 55.75 54.22 52.66 51.19 50.00 49.00 48.38 47.75 47.28 46.69 46.00 45.31 44.56 43.84 43.16 42.47 41.78 41.12 40.53 39.94 39.41 38.78 38.34 37.69 37.12 36.75 36.22 35.59 35.06 34.69 34.09 33.50 33.06
87.19 86.81 86.34 85.84 85.28 84.66 83.97 83.31 82.66 82.03 81.38 80.69 80.06 79.44 78.78 78.09 77.47 76.78 75.88 75.16 74.50 74.00 73.38 72.78 72.09 71.34 70.69 70.12 69.69 69.06 68.34 67.50 66.66 65.81 64.94 64.03 63.19 62.16 61.00 60.06 59.28 58.25 57.03 55.69 54.06 52.34 50.81 49.78 48.94 48.25 47.72 47.22 46.59 45.94 45.16 44.41 43.75 43.06 42.38 41.72 41.06 40.47 39.88 39.34 38.84 38.34 37.66 37.16 36.66 36.00 35.62 35.03 34.62 34.06 33.41 33.09
87.69 87.22 86.69 86.09 85.47 84.81 84.09 83.47 82.75 82.09 81.47 80.81 80.06 79.44 78.84 78.22 77.53 76.91 76.19 75.56 74.94 74.31 73.72 73.09 72.38 71.59 71.00 70.53 69.97 69.25 68.41 67.44 66.50 65.59 64.69 63.88 63.12 62.12 61.12 60.16 59.28 58.25 57.06 55.44 53.50 51.84 50.75 49.75 48.97 48.25 47.72 47.12 46.53 45.88 45.12 44.38 43.69 43.03 42.38 41.72 41.06 40.41 39.91 39.38 38.78 38.19 37.75 37.12 36.56 35.97 35.53 35.03 34.53 34.03 33.41 32.91
88.19 87.62 87.00 86.38 85.66 84.94 84.25 83.56 82.91 82.25 81.62 80.97 80.25 79.59 78.91 78.28 77.62 77.00 76.34 75.78 75.19 74.56 73.94 73.28 72.62 71.88 71.38 70.78 70.12 69.28 68.31 67.25 66.06 64.88 64.03 63.50 62.88 62.03 61.34 60.41 59.38 58.06 56.25 54.75 53.47 51.91 50.59 49.72 48.88 48.34 47.69 47.06 46.50 45.81 45.12 44.41 43.62 42.97 42.31 41.69 41.06 40.44 39.91 39.31 38.81 38.19 37.75 37.03 36.50 35.88 35.34 35.00 34.47 33.84 33.38 33.00
88.62 88.00 87.34 86.59 85.84 85.12 84.41 83.75 83.03 82.34 81.81 81.12 80.44 79.75 79.06 78.38 77.69 77.09 76.50 75.94 75.31 74.72 74.06 73.41 72.75 72.16 71.59 70.94 70.22 69.25 67.94 66.44 65.00 64.59 64.03 63.44 62.72 62.06 61.38 60.34 59.34 57.81 56.00 54.72 53.59 52.31 51.22 50.00 48.97 48.38 47.75 47.09 46.50 45.84 45.12 44.34 43.66 42.94 42.28 41.59 41.00 40.50 39.91 39.34 38.69 38.22 37.62 37.22 36.56 36.00 35.56 35.12 34.31 33.84 33.25 32.75
88.97 88.31 87.59 86.78 86.09 85.38 84.66 83.88 83.16 82.56 81.97 81.28 80.59 79.91 79.22 78.50 77.84 77.22 76.59 76.00 75.38 74.72 74.06 73.47 72.88 72.31 71.69 70.97 70.22 69.00 67.31 66.06 65.09 64.56 63.97 63.34 62.75 62.06 61.31 60.44 59.06 57.94 56.25 54.75 53.53 52.38 51.25 50.16 49.25 48.59 47.88 47.19 46.47 45.75 45.03 44.34 43.62 42.91 42.25 41.62 41.09 40.47 39.81 39.28 38.72 38.19 37.62 37.12 36.78 36.12 35.69 35.12 34.44 34.06 33.19 32.72
89.31 88.59 87.88 87.09 86.34 85.59 84.75 84.00 83.41 82.78 82.09 81.41 80.72 80.00 79.31 78.62 77.94 77.28 76.66 76.00 75.38 74.72 74.06 73.44 72.84 72.25 71.66 70.91 70.16 68.78 67.09 65.91 65.25 64.59 64.06 63.31 62.59 61.91 61.19 60.38 59.16 57.91 56.41 54.94 53.50 52.28 51.25 50.31 49.47 48.72 47.97 47.22 46.47 45.78 45.03 44.31 43.62 42.97 42.28 41.72 41.12 40.47 39.91 39.41 38.75 38.22 37.88 37.22 36.81 36.09 35.59 35.19 34.56 33.75 33.34 32.84
89.75 88.97 88.19 87.44 86.66 85.81 84.94 84.25 83.62 82.94 82.25 81.56 80.84 80.09 79.38 78.69 78.00 77.31 76.66 76.00 75.34 74.66 73.97 73.38 72.75 72.09 71.47 70.72 69.81 68.75 67.31 66.19 65.56 64.72 63.97 63.19 62.44 61.75 61.03 60.22 59.22 57.94 56.06 54.72 53.41 52.28 51.25 50.41 49.66 48.84 48.06 47.28 46.53 45.81 45.09 44.38 43.66 42.94 42.38 41.78 41.16 40.62 40.06 39.56 38.94 38.44 37.84 37.25 36.72 36.16 35.72 35.00 34.50 33.78 33.38 32.78
90.22 89.34 88.50 87.66 86.88 86.09 85.25 84.53 83.84 83.12 82.41 81.66 80.94 80.22 79.47 78.72 77.94 77.25 76.59 76.00 75.25 74.56 73.91 73.25 72.59 71.94 71.25 70.50 69.62 68.66 67.56 66.56 65.62 64.75 63.94 63.12 62.38 61.56 60.81 60.03 59.06 58.00 55.72 54.44 53.41 52.31 51.41 50.56 49.75 48.94 48.12 47.34 46.56 45.81 45.12 44.41 43.69 43.09 42.50 41.88 41.31 40.75 40.19 39.62 39.03 38.56 37.81 37.44 36.97 36.38 35.78 35.22 34.50 34.06 33.34 32.59
90.50 89.69 88.81 87.97 87.12 86.28 85.47 84.81 84.06 83.31 82.56 81.81 81.06 80.25 79.47 78.69 77.94 77.25 76.56 75.91 75.22 74.56 73.88 73.16 72.44 71.75 71.06 70.34 69.53 68.62 67.66 66.66 65.72 64.81 63.84 63.00 62.19 61.34 60.59 59.78 58.81 57.44 55.50 54.44 53.41 52.44 51.56 50.78 49.91 49.03 48.22 47.50 46.72 45.91 45.16 44.47 43.75 43.25 42.59 42.00 41.41 40.81 40.25 39.62 39.12 38.56 37.91 37.56 36.94 36.19 35.78 35.28 34.38 33.97 33.50 32.81
90.91 89.97 89.12 88.25 87.41 86.56 85.81 85.03 84.25 83.47 82.69 81.94 81.16 80.31 79.50 78.72 78.00 77.28 76.56 75.88 75.22 74.53 73.81 73.09 72.38 71.62 70.94 70.25 69.47 68.59 67.75 66.81 65.78 64.50 63.62 62.78 62.00 61.12 60.28 59.47 58.53 57.34 55.94 54.75 53.72 52.59 51.50 50.66 49.88 49.09 48.34 47.59 46.84 46.09 45.34 44.47 43.88 43.31 42.72 42.09 41.56 40.97 40.34 39.75 39.12 38.59 38.12 37.66 36.97 36.47 35.56 35.31 34.50 33.91 33.50 32.81
91.34 90.31 89.47 88.53 87.66 86.88 86.06 85.25 84.44 83.62 82.81 82.03 81.25 80.44 79.59 78.84 78.12 77.38 76.62 75.94 75.25 74.53 73.84 73.09 72.34 71.66 71.00 70.25 69.47 68.66 67.78 66.75 65.47 64.47 63.62 62.88 61.94 60.97 60.03 59.25 58.28 57.19 56.00 54.88 53.78 52.84 51.59 50.62 49.91 49.19 48.44 47.66 46.91 46.22 45.38 44.59 44.09 43.44 42.81 42.31 41.69 41.12 40.53 39.88 39.19 38.66 38.25 37.75 37.16 36.62 35.66 35.03 34.75 34.22 33.69 33.19
91.69 90.75 89.78 88.81 88.06 87.19 86.28 85.41 84.56 83.72 82.91 82.12 81.31 80.47 79.62 78.91 78.19 77.47 76.75 76.03 75.28 74.56 73.84 73.16 72.47 71.72 71.00 70.28 69.50 68.69 67.72 66.59 65.56 64.69 63.72 62.81 61.78 60.84 59.94 58.97 58.12 57.03 55.97 54.88 53.84 52.84 51.75 50.81 50.00 49.22 48.44 47.72 46.94 46.09 45.41 44.88 44.25 43.56 43.00 42.44 41.78 41.22 40.50 40.03 39.38 38.84 38.12 37.75 37.06 36.62 36.00 35.34 34.69 34.12 33.47 33.00
92.25 91.19 90.28 89.31 88.41 87.47 86.50 85.50 84.59 83.84 82.94 82.16 81.38 80.50 79.69 78.97 78.28 77.62 76.97 76.22 75.47 74.72 73.94 73.31 72.62 71.94 71.16 70.38 69.66 68.84 67.91 66.62 65.75 64.78 63.72 62.78 61.88 60.91 59.88 58.72 57.69 56.81 55.81 54.84 53.91 52.91 51.72 50.81 50.03 49.25 48.44 47.59 46.91 46.25 45.62 45.00 44.41 43.78 43.19 42.59 42.00 41.38 40.66 40.00 39.50 38.84 38.38 37.81 37.06 36.50 36.16 35.34 34.78 34.19 33.59 33.25
92.81 91.75 90.78 89.78 88.78 87.81 86.78 85.53 84.59 83.81 83.03 82.28 81.41 80.59 79.81 79.09 78.41 77.69 77.00 76.34 75.66 74.91 74.19 73.53 72.84 72.19 71.44 70.66 69.88 69.12 68.22 67.16 66.16 65.25 63.88 62.88 61.94 60.91 59.94 58.88 57.72 56.56 55.53 54.66 53.75 52.69 51.66 50.88 50.12 49.28 48.47 47.78 47.09 46.44 45.78 45.16 44.56 44.00 43.38 42.78 42.16 41.50 40.72 40.16 39.56 39.00 38.41 38.00 37.44 36.56 36.16 35.28 34.59 34.12 33.69 33.16
93.66 92.62 91.50 90.41 89.34 88.28 87.22 85.94 84.72 83.84 83.09 82.38 81.56 80.78 80.00 79.28 78.59 77.88 77.19 76.50 75.78 75.06 74.41 73.78 73.09 72.44 71.72 70.94 70.16 69.38 68.59 67.72 66.69 65.56 64.31 63.09 62.03 61.03 59.97 58.88 57.84 56.91 55.88 54.81 53.62 52.81 51.97 51.06 50.12 49.31 48.66 47.94 47.25 46.59 45.94 45.38 44.81 44.19 43.59 42.94 42.31 41.47 40.84 40.28 39.75 39.25 38.59 38.03 37.53 36.75 35.97 35.44 34.62 34.38 33.59 33.25
