everonasctiles/Tile[47,39].asc
ncols 128
nrows 128
xllcorner 0
yllcorner 0
cellsize 2.0
NODATA_value  -9999
[rows 32 to 63 of 128, columns 0 to 70 of 128]
-60.91 -60.91 -60.88 -60.78 -60.62 -60.44 -60.22 -59.97 -59.62 -59.84 -60.09 -60.28 -60.47 -60.66 -60.81 -60.94 -61.00 -60.97 -60.81 -60.59 -60.34 -60.03 -59.69 -59.31 -58.94 -58.50 -57.84 -57.34 -57.25 -57.47 -57.62 -57.78 -57.94 -58.06 -58.12 -58.09 -58.00 -57.84 -57.66 -57.44 -57.25 -57.03 -56.84 -56.72 -56.59 -56.50 -56.62 -56.78 -56.94 -57.06 -57.19 -57.31 -57.41 -57.41 -57.41 -57.38 -57.34 -57.47 -57.66 -57.88 -58.06 -58.22 -58.34 -58.53 -58.78 -59.06 -59.38 -59.72 -60.09 -60.47 -60.91
-60.84 -60.88 -60.84 -60.75 -60.62 -60.44 -60.25 -60.00 -59.66 -59.69 -59.97 -60.16 -60.31 -60.50 -60.66 -60.75 -60.84 -60.81 -60.72 -60.53 -60.25 -59.94 -59.59 -59.22 -58.78 -58.16 -57.56 -57.16 -57.19 -57.44 -57.59 -57.75 -57.91 -58.00 -58.00 -57.97 -57.84 -57.72 -57.53 -57.31 -57.09 -56.88 -56.62 -56.47 -56.38 -56.53 -56.72 -56.91 -57.09 -57.28 -57.44 -57.56 -57.66 -57.69 -57.69 -57.66 -57.62 -57.72 -57.91 -58.12 -58.31 -58.47 -58.59 -58.75 -58.91 -59.16 -59.44 -59.75 -60.09 -60.47 -60.88
-60.94 -60.94 -60.91 -60.81 -60.69 -60.50 -60.28 -60.09 -59.78 -59.56 -59.81 -60.00 -60.16 -60.31 -60.44 -60.56 -60.62 -60.66 -60.59 -60.44 -60.19 -59.91 -59.56 -59.16 -58.72 -58.09 -57.53 -57.19 -57.19 -57.41 -57.56 -57.69 -57.81 -57.88 -57.88 -57.81 -57.69 -57.56 -57.38 -57.19 -56.97 -56.72 -56.38 -56.16 -56.25 -56.59 -56.81 -57.03 -57.25 -57.47 -57.66 -57.81 -57.91 -57.97 -57.97 -57.97 -57.94 -58.00 -58.19 -58.38 -58.59 -58.75 -58.88 -59.00 -59.12 -59.28 -59.47 -59.75 -60.06 -60.41 -60.78
-61.06 -61.06 -61.03 -60.91 -60.75 -60.56 -60.38 -60.16 -59.91 -59.62 -59.62 -59.84 -59.97 -60.12 -60.25 -60.34 -60.41 -60.44 -60.41 -60.31 -60.12 -59.84 -59.56 -59.19 -58.81 -58.34 -57.84 -57.50 -57.41 -57.44 -57.50 -57.59 -57.69 -57.72 -57.69 -57.62 -57.56 -57.41 -57.25 -57.09 -56.91 -56.62 -56.28 -56.06 -56.19 -56.59 -56.88 -57.12 -57.38 -57.62 -57.88 -58.03 -58.16 -58.25 -58.28 -58.28 -58.28 -58.34 -58.47 -58.66 -58.84 -59.03 -59.16 -59.28 -59.38 -59.47 -59.56 -59.75 -60.03 -60.34 -60.66
-61.19 -61.19 -61.12 -61.03 -60.84 -60.66 -60.44 -60.22 -60.03 -59.78 -59.56 -59.69 -59.81 -59.94 -60.03 -60.09 -60.16 -60.19 -60.16 -60.12 -60.00 -59.81 -59.56 -59.25 -58.88 -58.53 -58.16 -57.84 -57.62 -57.50 -57.47 -57.50 -57.53 -57.53 -57.53 -57.47 -57.41 -57.31 -57.16 -57.03 -56.84 -56.66 -56.47 -56.28 -56.25 -56.53 -56.91 -57.19 -57.50 -57.78 -58.03 -58.25 -58.41 -58.50 -58.56 -58.59 -58.62 -58.66 -58.78 -58.97 -59.16 -59.31 -59.47 -59.59 -59.66 -59.72 -59.75 -59.78 -59.97 -60.22 -60.53
-61.34 -61.31 -61.25 -61.12 -60.94 -60.75 -60.53 -60.31 -60.12 -59.91 -59.72 -59.59 -59.69 -59.75 -59.81 -59.84 -59.88 -59.91 -59.91 -59.88 -59.84 -59.75 -59.53 -59.28 -58.97 -58.66 -58.31 -58.03 -57.78 -57.59 -57.44 -57.38 -57.38 -57.34 -57.34 -57.31 -57.25 -57.19 -57.09 -57.00 -56.97 -56.94 -56.88 -56.69 -56.50 -56.59 -56.97 -57.31 -57.59 -57.91 -58.19 -58.44 -58.62 -58.75 -58.84 -58.88 -58.94 -59.00 -59.12 -59.28 -59.44 -59.62 -59.75 -59.88 -59.97 -60.00 -60.00 -59.94 -59.91 -60.12 -60.41
-61.47 -61.41 -61.34 -61.22 -61.03 -60.84 -60.62 -60.41 -60.22 -60.03 -59.84 -59.66 -59.56 -59.56 -59.59 -59.62 -59.62 -59.62 -59.62 -59.62 -59.62 -59.59 -59.47 -59.28 -59.00 -58.72 -58.44 -58.16 -57.88 -57.62 -57.41 -57.28 -57.22 -57.19 -57.16 -57.16 -57.12 -57.12 -57.16 -57.19 -57.22 -57.19 -57.16 -57.09 -56.94 -56.88 -57.06 -57.41 -57.75 -58.06 -58.34 -58.62 -58.84 -59.00 -59.09 -59.16 -59.22 -59.31 -59.44 -59.59 -59.75 -59.91 -60.06 -60.19 -60.25 -60.25 -60.25 -60.16 -60.03 -60.19 -60.56
-61.59 -61.53 -61.44 -61.28 -61.12 -60.94 -60.72 -60.50 -60.31 -60.09 -59.91 -59.75 -59.53 -59.41 -59.38 -59.38 -59.38 -59.38 -59.34 -59.34 -59.34 -59.34 -59.31 -59.19 -59.00 -58.75 -58.47 -58.19 -57.88 -57.59 -57.34 -57.16 -57.03 -57.00 -57.00 -57.00 -57.09 -57.22 -57.34 -57.44 -57.47 -57.50 -57.47 -57.44 -57.38 -57.34 -57.38 -57.56 -57.91 -58.19 -58.50 -58.78 -59.03 -59.19 -59.31 -59.38 -59.47 -59.59 -59.75 -59.91 -60.06 -60.22 -60.38 -60.47 -60.53 -60.56 -60.50 -60.41 -60.22 -60.28 -60.78
-61.72 -61.62 -61.50 -61.34 -61.19 -61.00 -60.81 -60.59 -60.38 -60.19 -59.97 -59.78 -59.62 -59.47 -59.31 -59.25 -59.19 -59.12 -59.09 -59.09 -59.09 -59.09 -59.06 -59.00 -58.88 -58.69 -58.44 -58.16 -57.84 -57.56 -57.28 -56.94 -56.72 -56.72 -56.81 -57.00 -57.22 -57.41 -57.56 -57.69 -57.78 -57.81 -57.78 -57.75 -57.75 -57.78 -57.84 -57.88 -58.06 -58.34 -58.66 -58.94 -59.19 -59.38 -59.50 -59.59 -59.72 -59.88 -60.03 -60.22 -60.38 -60.53 -60.69 -60.78 -60.88 -60.88 -60.81 -60.69 -60.41 -60.41 -60.97
-61.81 -61.69 -61.53 -61.38 -61.22 -61.03 -60.84 -60.62 -60.44 -60.22 -60.03 -59.88 -59.72 -59.56 -59.44 -59.28 -59.16 -59.00 -58.91 -58.84 -58.81 -58.81 -58.78 -58.72 -58.66 -58.53 -58.34 -58.06 -57.78 -57.50 -57.16 -56.69 -56.41 -56.47 -56.81 -57.12 -57.38 -57.59 -57.81 -57.97 -58.09 -58.12 -58.12 -58.09 -58.09 -58.16 -58.22 -58.28 -58.31 -58.50 -58.81 -59.09 -59.38 -59.59 -59.72 -59.81 -59.94 -60.09 -60.28 -60.50 -60.69 -60.88 -61.03 -61.12 -61.19 -61.19 -61.12 -61.00 -60.69 -60.69 -61.22
-61.88 -61.72 -61.53 -61.38 -61.19 -61.03 -60.84 -60.66 -60.47 -60.28 -60.09 -59.94 -59.81 -59.69 -59.53 -59.38 -59.19 -59.00 -58.81 -58.62 -58.53 -58.50 -58.50 -58.47 -58.41 -58.31 -58.19 -57.97 -57.72 -57.44 -57.09 -56.59 -56.28 -56.50 -56.97 -57.28 -57.53 -57.78 -58.03 -58.25 -58.41 -58.47 -58.47 -58.47 -58.47 -58.53 -58.59 -58.66 -58.69 -58.75 -59.00 -59.31 -59.56 -59.81 -59.97 -60.06 -60.16 -60.31 -60.50 -60.75 -60.97 -61.19 -61.34 -61.47 -61.56 -61.56 -61.50 -61.38 -61.09 -61.16 -61.66
-61.94 -61.75 -61.53 -61.34 -61.19 -61.00 -60.81 -60.66 -60.47 -60.31 -60.16 -60.03 -59.91 -59.78 -59.62 -59.44 -59.22 -59.00 -58.75 -58.53 -58.31 -58.19 -58.16 -58.16 -58.16 -58.12 -58.03 -57.88 -57.66 -57.44 -57.12 -56.69 -56.38 -56.59 -57.09 -57.38 -57.66 -57.94 -58.22 -58.50 -58.69 -58.78 -58.81 -58.81 -58.84 -58.91 -58.97 -59.03 -59.09 -59.12 -59.25 -59.56 -59.81 -60.03 -60.22 -60.34 -60.41 -60.50 -60.69 -60.94 -61.19 -61.44 -61.66 -61.81 -61.94 -61.97 -61.94 -61.88 -61.69 -61.75 -62.22
-61.94 -61.75 -61.53 -61.34 -61.12 -60.97 -60.78 -60.62 -60.50 -60.34 -60.22 -60.12 -60.00 -59.88 -59.69 -59.47 -59.22 -58.97 -58.72 -58.47 -58.22 -57.88 -57.75 -57.84 -57.91 -57.94 -57.91 -57.81 -57.62 -57.44 -57.22 -56.91 -56.62 -56.72 -57.16 -57.47 -57.75 -58.06 -58.38 -58.69 -58.94 -59.09 -59.16 -59.19 -59.22 -59.28 -59.38 -59.44 -59.50 -59.56 -59.62 -59.84 -60.09 -60.31 -60.50 -60.62 -60.69 -60.75 -60.88 -61.09 -61.38 -61.66 -61.94 -62.16 -62.28 -62.34 -62.38 -62.41 -62.38 -62.50 -62.88
-61.94 -61.72 -61.50 -61.28 -61.09 -60.91 -60.72 -60.59 -60.47 -60.34 -60.25 -60.16 -60.06 -59.91 -59.72 -59.47 -59.22 -58.94 -58.66 -58.38 -58.12 -57.75 -57.47 -57.53 -57.72 -57.81 -57.81 -57.75 -57.62 -57.50 -57.34 -57.16 -56.94 -56.84 -57.16 -57.53 -57.84 -58.19 -58.53 -58.84 -59.16 -59.38 -59.50 -59.53 -59.56 -59.62 -59.75 -59.84 -59.94 -60.00 -60.09 -60.22 -60.44 -60.62 -60.81 -60.94 -60.97 -61.00 -61.06 -61.22 -61.53 -61.81 -62.12 -62.41 -62.59 -62.72 -62.84 -62.94 -63.09 -63.28 -63.66
-61.97 -61.72 -61.47 -61.25 -61.00 -60.78 -60.62 -60.47 -60.38 -60.28 -60.22 -60.16 -60.03 -59.91 -59.69 -59.44 -59.19 -58.88 -58.59 -58.31 -58.06 -57.72 -57.38 -57.38 -57.62 -57.72 -57.78 -57.78 -57.72 -57.62 -57.50 -57.38 -57.22 -57.06 -57.25 -57.62 -57.97 -58.31 -58.66 -59.00 -59.31 -59.59 -59.78 -59.88 -59.94 -60.00 -60.09 -60.22 -60.34 -60.44 -60.53 -60.66 -60.81 -60.97 -61.12 -61.25 -61.28 -61.28 -61.28 -61.34 -61.59 -61.94 -62.25 -62.56 -62.88 -63.09 -63.28 -63.47 -63.72 -64.06 -64.47
-61.97 -61.72 -61.44 -61.16 -60.88 -60.62 -60.44 -60.31 -60.22 -60.16 -60.09 -60.06 -59.97 -59.81 -59.62 -59.41 -59.12 -58.84 -58.53 -58.25 -58.00 -57.72 -57.41 -57.47 -57.69 -57.81 -57.88 -57.94 -57.88 -57.78 -57.69 -57.56 -57.44 -57.31 -57.41 -57.75 -58.09 -58.44 -58.78 -59.16 -59.50 -59.81 -60.03 -60.19 -60.28 -60.34 -60.47 -60.59 -60.75 -60.84 -60.97 -61.09 -61.22 -61.34 -61.47 -61.56 -61.62 -61.59 -61.56 -61.50 -61.62 -61.97 -62.34 -62.69 -63.06 -63.38 -63.66 -63.94 -64.28 -64.69 -65.12
-61.94 -61.69 -61.38 -61.06 -60.72 -60.41 -60.22 -60.09 -60.03 -59.97 -59.94 -59.91 -59.81 -59.72 -59.53 -59.31 -59.06 -58.78 -58.50 -58.22 -57.97 -57.72 -57.47 -57.62 -57.81 -57.94 -58.03 -58.09 -58.09 -58.00 -57.88 -57.75 -57.66 -57.53 -57.56 -57.88 -58.22 -58.56 -58.91 -59.28 -59.62 -59.97 -60.25 -60.47 -60.59 -60.69 -60.81 -60.97 -61.12 -61.25 -61.38 -61.50 -61.62 -61.75 -61.84 -61.94 -61.97 -61.94 -61.88 -61.75 -61.62 -61.94 -62.38 -62.78 -63.22 -63.62 -64.03 -64.41 -64.81 -65.25 -65.72
-61.91 -61.62 -61.34 -60.97 -60.50 -60.03 -59.84 -59.84 -59.81 -59.78 -59.75 -59.72 -59.66 -59.56 -59.41 -59.19 -58.97 -58.69 -58.44 -58.16 -57.94 -57.69 -57.53 -57.78 -57.94 -58.09 -58.22 -58.28 -58.28 -58.22 -58.12 -58.00 -57.88 -57.72 -57.72 -58.00 -58.34 -58.66 -59.03 -59.41 -59.75 -60.09 -60.41 -60.69 -60.88 -61.03 -61.16 -61.31 -61.47 -61.66 -61.81 -61.94 -62.03 -62.16 -62.25 -62.31 -62.31 -62.28 -62.16 -62.00 -61.72 -61.81 -62.31 -62.88 -63.38 -63.88 -64.38 -64.84 -65.34 -65.81 -66.31
-61.88 -61.59 -61.31 -60.97 -60.41 -59.81 -59.47 -59.47 -59.56 -59.56 -59.56 -59.53 -59.50 -59.41 -59.28 -59.09 -58.84 -58.59 -58.34 -58.12 -57.88 -57.59 -57.69 -57.97 -58.12 -58.25 -58.38 -58.47 -58.47 -58.44 -58.34 -58.22 -58.09 -57.91 -57.81 -58.09 -58.41 -58.72 -59.09 -59.47 -59.84 -60.19 -60.53 -60.84 -61.09 -61.31 -61.47 -61.66 -61.81 -62.00 -62.19 -62.34 -62.44 -62.56 -62.66 -62.72 -62.72 -62.62 -62.47 -62.25 -61.88 -61.81 -62.31 -62.94 -63.56 -64.12 -64.69 -65.25 -65.84 -66.41 -66.94
-61.88 -61.59 -61.28 -60.94 -60.53 -59.91 -59.38 -59.16 -59.22 -59.31 -59.38 -59.38 -59.34 -59.25 -59.12 -58.97 -58.75 -58.53 -58.31 -58.06 -57.75 -57.66 -57.94 -58.16 -58.31 -58.47 -58.59 -58.69 -58.72 -58.69 -58.59 -58.47 -58.31 -58.12 -57.84 -58.12 -58.47 -58.78 -59.12 -59.50 -59.88 -60.25 -60.59 -60.94 -61.25 -61.53 -61.75 -61.94 -62.16 -62.34 -62.56 -62.72 -62.84 -62.97 -63.09 -63.12 -63.09 -62.97 -62.78 -62.53 -62.03 -61.94 -62.47 -63.16 -63.84 -64.44 -65.00 -65.66 -66.31 -66.97 -67.59
-61.84 -61.56 -61.28 -60.94 -60.59 -60.16 -59.62 -59.25 -59.12 -59.16 -59.22 -59.25 -59.25 -59.16 -59.06 -58.88 -58.69 -58.44 -58.19 -57.91 -57.78 -57.94 -58.22 -58.41 -58.56 -58.72 -58.88 -58.97 -59.00 -58.97 -58.91 -58.78 -58.59 -58.31 -57.91 -58.03 -58.47 -58.81 -59.16 -59.50 -59.88 -60.25 -60.59 -60.97 -61.31 -61.66 -61.94 -62.19 -62.44 -62.66 -62.91 -63.09 -63.25 -63.41 -63.50 -63.56 -63.50 -63.34 -63.12 -62.81 -62.25 -62.12 -62.66 -63.41 -64.16 -64.78 -65.38 -66.00 -66.72 -67.44 -68.16
-61.81 -61.53 -61.25 -60.94 -60.59 -60.25 -59.88 -59.56 -59.41 -59.41 -59.44 -59.41 -59.34 -59.25 -59.09 -58.91 -58.66 -58.41 -58.16 -58.00 -58.06 -58.31 -58.56 -58.69 -58.88 -59.03 -59.22 -59.31 -59.38 -59.38 -59.28 -59.16 -58.94 -58.59 -58.09 -57.97 -58.38 -58.81 -59.12 -59.47 -59.81 -60.19 -60.56 -60.94 -61.31 -61.66 -62.03 -62.34 -62.66 -62.94 -63.22 -63.44 -63.62 -63.81 -63.91 -63.97 -63.91 -63.75 -63.50 -63.16 -62.53 -62.31 -62.84 -63.59 -64.34 -65.06 -65.69 -66.38 -67.09 -67.88 -68.66
-61.75 -61.50 -61.22 -60.91 -60.59 -60.28 -59.97 -59.75 -59.62 -59.62 -59.62 -59.62 -59.56 -59.47 -59.31 -59.12 -58.94 -58.72 -58.50 -58.41 -58.44 -58.69 -58.88 -59.03 -59.22 -59.44 -59.62 -59.75 -59.84 -59.84 -59.75 -59.59 -59.41 -59.03 -58.47 -58.12 -58.25 -58.69 -59.06 -59.41 -59.72 -60.06 -60.44 -60.84 -61.22 -61.62 -62.03 -62.41 -62.78 -63.12 -63.47 -63.78 -64.00 -64.22 -64.34 -64.41 -64.34 -64.19 -63.94 -63.53 -62.81 -62.59 -63.09 -63.81 -64.56 -65.25 -66.00 -66.72 -67.50 -68.31 -69.12
-61.72 -61.47 -61.19 -60.88 -60.56 -60.25 -60.00 -59.81 -59.75 -59.81 -59.88 -59.88 -59.81 -59.75 -59.62 -59.50 -59.38 -59.22 -59.06 -58.88 -58.81 -59.00 -59.22 -59.41 -59.66 -59.88 -60.09 -60.28 -60.38 -60.38 -60.28 -60.09 -59.88 -59.56 -58.97 -58.44 -58.31 -58.62 -58.94 -59.22 -59.53 -59.84 -60.22 -60.66 -61.09 -61.53 -61.97 -62.41 -62.84 -63.25 -63.66 -64.03 -64.34 -64.59 -64.78 -64.88 -64.84 -64.69 -64.41 -63.91 -63.12 -62.91 -63.44 -64.19 -64.91 -65.50 -66.16 -67.00 -67.84 -68.72 -69.56
-61.66 -61.41 -61.12 -60.81 -60.50 -60.22 -60.00 -59.84 -59.88 -60.00 -60.09 -60.12 -60.12 -60.03 -59.94 -59.84 -59.75 -59.62 -59.50 -59.34 -59.22 -59.31 -59.53 -59.81 -60.09 -60.38 -60.62 -60.81 -60.94 -60.97 -60.84 -60.62 -60.34 -60.03 -59.44 -58.78 -58.62 -58.94 -59.22 -59.38 -59.47 -59.59 -59.84 -60.25 -60.75 -61.34 -61.84 -62.34 -62.84 -63.31 -63.81 -64.25 -64.66 -65.00 -65.22 -65.38 -65.34 -65.22 -64.94 -64.28 -63.50 -63.31 -63.88 -64.72 -65.50 -66.03 -66.47 -67.12 -68.06 -69.03 -69.97
-61.56 -61.31 -61.03 -60.72 -60.44 -60.16 -59.91 -59.81 -59.97 -60.12 -60.28 -60.41 -60.41 -60.38 -60.28 -60.22 -60.09 -60.00 -59.84 -59.72 -59.59 -59.59 -59.88 -60.19 -60.50 -60.84 -61.16 -61.38 -61.53 -61.56 -61.44 -61.16 -60.81 -60.41 -59.72 -59.03 -59.00 -59.44 -59.78 -59.97 -60.06 -60.06 -60.00 -60.06 -60.38 -60.88 -61.50 -62.19 -62.81 -63.38 -63.91 -64.44 -64.91 -65.34 -65.66 -65.88 -65.91 -65.78 -65.50 -64.72 -64.00 -63.81 -64.38 -65.28 -66.19 -66.72 -67.12 -67.44 -68.12 -69.16 -70.22
-61.44 -61.19 -60.91 -60.62 -60.31 -60.03 -59.78 -59.81 -60.03 -60.22 -60.44 -60.62 -60.69 -60.72 -60.66 -60.59 -60.50 -60.38 -60.25 -60.12 -59.97 -59.91 -60.16 -60.53 -60.91 -61.31 -61.66 -61.94 -62.12 -62.16 -62.00 -61.66 -61.25 -60.72 -59.88 -59.25 -59.34 -59.91 -60.19 -60.38 -60.56 -60.72 -60.69 -60.53 -60.47 -60.69 -61.19 -61.84 -62.62 -63.38 -64.03 -64.59 -65.12 -65.66 -66.09 -66.38 -66.50 -66.41 -66.12 -65.31 -64.66 -64.44 -64.84 -65.69 -66.72 -67.19 -67.62 -68.06 -68.41 -69.16 -70.28
-61.31 -61.06 -60.78 -60.50 -60.22 -59.94 -59.69 -59.78 -60.03 -60.25 -60.50 -60.75 -60.94 -61.03 -61.03 -61.00 -60.94 -60.81 -60.66 -60.50 -60.38 -60.22 -60.41 -60.84 -61.25 -61.69 -62.12 -62.47 -62.69 -62.72 -62.53 -62.16 -61.66 -60.91 -60.06 -59.56 -59.72 -60.25 -60.53 -60.78 -61.00 -61.19 -61.31 -61.31 -61.12 -61.03 -61.22 -61.69 -62.41 -63.22 -64.03 -64.75 -65.34 -65.94 -66.47 -66.88 -67.09 -67.09 -66.88 -66.12 -65.53 -65.31 -65.41 -66.00 -67.03 -67.66 -68.19 -68.66 -69.03 -69.41 -70.34
-61.19 -60.91 -60.66 -60.38 -60.12 -59.88 -59.59 -59.72 -60.03 -60.28 -60.56 -60.84 -61.12 -61.31 -61.38 -61.41 -61.34 -61.22 -61.06 -60.91 -60.75 -60.53 -60.66 -61.09 -61.56 -62.06 -62.53 -62.94 -63.22 -63.28 -63.06 -62.62 -62.03 -61.16 -60.41 -60.06 -60.16 -60.59 -60.94 -61.19 -61.47 -61.66 -61.84 -61.94 -61.94 -61.75 -61.72 -61.88 -62.31 -62.97 -63.81 -64.75 -65.53 -66.22 -66.81 -67.34 -67.72 -67.84 -67.72 -67.16 -66.66 -66.41 -66.31 -66.44 -67.16 -68.12 -68.75 -69.28 -69.66 -69.97 -70.50
-61.09 -60.78 -60.50 -60.25 -60.03 -59.78 -59.44 -59.53 -59.91 -60.25 -60.59 -60.91 -61.25 -61.53 -61.72 -61.78 -61.75 -61.62 -61.47 -61.28 -61.09 -60.88 -60.91 -61.34 -61.84 -62.38 -62.88 -63.38 -63.72 -63.81 -63.62 -63.19 -62.50 -61.59 -61.00 -60.75 -60.75 -60.97 -61.31 -61.62 -61.91 -62.16 -62.34 -62.47 -62.59 -62.56 -62.53 -62.59 -62.72 -62.97 -63.56 -64.47 -65.56 -66.41 -67.12 -67.75 -68.28 -68.56 -68.62 -68.41 -67.97 -67.75 -67.47 -67.25 -67.50 -68.41 -69.25 -69.84 -70.31 -70.56 -70.78
-61.00 -60.69 -60.38 -60.12 -59.91 -59.59 -59.22 -59.28 -59.69 -60.19 -60.59 -61.00 -61.38 -61.72 -62.00 -62.16 -62.16 -62.03 -61.88 -61.66 -61.44 -61.16 -61.22 -61.59 -62.09 -62.66 -63.19 -63.75 -64.19 -64.34 -64.19 -63.81 -63.09 -62.31 -61.78 -61.53 -61.44 -61.44 -61.69 -62.00 -62.34 -62.62 -62.84 -63.00 -63.12 -63.28 -63.44 -63.59 -63.66 -63.59 -63.66 -64.22 -65.19 -66.38 -67.31 -68.09 -68.75 -69.22 -69.47 -69.50 -69.44 -69.22 -68.84 -68.44 -68.25 -68.69 -69.69 -70.41 -70.94 -71.22 -71.31
-60.94 -60.56 -60.22 -59.97 -59.66 -59.34 -59.09 -59.12 -59.50 -60.03 -60.62 -61.06 -61.47 -61.88 -62.25 -62.47 -62.53 -62.44 -62.25 -62.03 -61.75 -61.41 -61.53 -61.88 -62.34 -62.88 -63.50 -64.09 -64.59 -64.88 -64.81 -64.47 -63.88 -63.12 -62.62 -62.41 -62.28 -62.03 -62.03 -62.38 -62.72 -63.06 -63.31 -63.50 -63.62 -63.84 -64.19 -64.59 -64.81 -64.69 -64.38 -64.31 -64.84 -65.88 -67.16 -68.25 -69.09 -69.78 -70.22 -70.44 -70.56 -70.62 -70.31 -69.78 -69.44 -69.47 -70.03 -70.94 -71.56 -71.91 -71.97
