everonasctiles/Tile25,1.asc
ncols 128
nrows 128
xllcorner 0
yllcorner 0
cellsize 2.0
NODATA_value  -9999
[rows 32 to 63 of 128, columns 0 to 70 of 128]
-77.47 -77.25 -77.00 -76.72 -76.44 -76.12 -75.81 -75.47 -75.12 -74.75 -74.34 -73.97 -73.56 -73.16 -72.78 -72.38 -72.00 -71.66 -71.28 -70.94 -70.62 -70.34 -70.09 -69.84 -69.62 -69.41 -69.22 -69.00 -68.78 -68.56 -68.31 -68.09 -67.84 -67.62 -67.38 -67.12 -66.88 -66.62 -66.38 -66.16 -65.97 -65.78 -65.62 -65.50 -65.44 -65.41 -65.38 -65.44 -65.53 -65.69 -65.84 -66.03 -66.19 -66.38 -66.56 -66.72 -66.91 -67.06 -67.25 -67.41 -67.59 -67.78 -67.94 -68.09 -68.28 -68.44 -68.59 -68.75 -68.88 -68.97 -69.09
-77.25 -77.03 -76.78 -76.53 -76.25 -75.94 -75.62 -75.28 -74.91 -74.56 -74.19 -73.81 -73.41 -73.03 -72.66 -72.28 -71.91 -71.56 -71.19 -70.88 -70.56 -70.25 -69.97 -69.72 -69.47 -69.25 -69.06 -68.84 -68.66 -68.44 -68.22 -68.00 -67.75 -67.53 -67.28 -67.03 -66.78 -66.56 -66.31 -66.09 -65.91 -65.72 -65.56 -65.44 -65.34 -65.31 -65.38 -65.47 -65.59 -65.75 -65.94 -66.12 -66.31 -66.50 -66.69 -66.84 -67.03 -67.19 -67.34 -67.50 -67.69 -67.84 -68.00 -68.19 -68.34 -68.53 -68.69 -68.81 -68.94 -69.06 -69.19
-77.00 -76.78 -76.56 -76.28 -76.00 -75.72 -75.38 -75.06 -74.72 -74.38 -74.00 -73.62 -73.25 -72.88 -72.53 -72.16 -71.81 -71.44 -71.09 -70.78 -70.47 -70.16 -69.88 -69.59 -69.34 -69.12 -68.91 -68.69 -68.50 -68.28 -68.09 -67.88 -67.62 -67.41 -67.16 -66.94 -66.72 -66.47 -66.25 -66.03 -65.84 -65.66 -65.50 -65.38 -65.28 -65.28 -65.38 -65.50 -65.62 -65.81 -66.00 -66.19 -66.38 -66.59 -66.78 -66.94 -67.12 -67.28 -67.44 -67.59 -67.75 -67.91 -68.09 -68.25 -68.41 -68.59 -68.75 -68.88 -69.03 -69.16 -69.28
-76.75 -76.53 -76.31 -76.03 -75.75 -75.44 -75.12 -74.81 -74.50 -74.16 -73.81 -73.44 -73.09 -72.72 -72.38 -72.03 -71.69 -71.34 -71.00 -70.69 -70.38 -70.09 -69.78 -69.50 -69.22 -68.97 -68.75 -68.53 -68.31 -68.12 -67.94 -67.72 -67.50 -67.28 -67.03 -66.81 -66.59 -66.38 -66.16 -65.97 -65.75 -65.59 -65.44 -65.31 -65.25 -65.28 -65.38 -65.50 -65.66 -65.84 -66.03 -66.25 -66.44 -66.66 -66.84 -67.03 -67.22 -67.38 -67.53 -67.66 -67.81 -67.97 -68.12 -68.28 -68.47 -68.62 -68.78 -68.94 -69.06 -69.22 -69.38
-76.47 -76.25 -76.03 -75.78 -75.50 -75.19 -74.88 -74.53 -74.22 -73.91 -73.59 -73.25 -72.91 -72.56 -72.22 -71.88 -71.56 -71.22 -70.91 -70.59 -70.28 -69.97 -69.69 -69.41 -69.12 -68.84 -68.59 -68.38 -68.16 -67.94 -67.75 -67.53 -67.31 -67.12 -66.91 -66.69 -66.47 -66.25 -66.06 -65.84 -65.69 -65.50 -65.38 -65.25 -65.19 -65.28 -65.38 -65.53 -65.69 -65.88 -66.06 -66.28 -66.47 -66.69 -66.91 -67.09 -67.28 -67.44 -67.59 -67.72 -67.88 -68.03 -68.16 -68.31 -68.47 -68.62 -68.78 -68.94 -69.09 -69.25 -69.41
-76.19 -75.94 -75.72 -75.47 -75.22 -74.91 -74.56 -74.25 -73.91 -73.59 -73.31 -73.00 -72.69 -72.38 -72.03 -71.72 -71.41 -71.09 -70.78 -70.47 -70.19 -69.88 -69.56 -69.28 -69.00 -68.72 -68.47 -68.22 -67.97 -67.75 -67.53 -67.34 -67.12 -66.94 -66.72 -66.53 -66.31 -66.12 -65.94 -65.75 -65.56 -65.41 -65.28 -65.19 -65.16 -65.25 -65.38 -65.53 -65.72 -65.91 -66.09 -66.31 -66.53 -66.72 -66.94 -67.12 -67.31 -67.47 -67.62 -67.78 -67.91 -68.06 -68.19 -68.34 -68.50 -68.62 -68.78 -68.94 -69.09 -69.25 -69.38
-75.91 -75.66 -75.41 -75.16 -74.91 -74.59 -74.28 -73.94 -73.59 -73.28 -72.97 -72.69 -72.41 -72.12 -71.81 -71.53 -71.22 -70.94 -70.62 -70.34 -70.03 -69.75 -69.44 -69.16 -68.84 -68.56 -68.31 -68.03 -67.78 -67.56 -67.34 -67.12 -66.94 -66.75 -66.53 -66.34 -66.16 -65.97 -65.81 -65.62 -65.47 -65.31 -65.22 -65.12 -65.12 -65.22 -65.34 -65.53 -65.72 -65.94 -66.12 -66.34 -66.56 -66.78 -66.97 -67.16 -67.34 -67.50 -67.66 -67.81 -67.94 -68.09 -68.22 -68.38 -68.50 -68.62 -68.78 -68.91 -69.06 -69.22 -69.38
-75.62 -75.34 -75.06 -74.81 -74.56 -74.28 -73.97 -73.62 -73.25 -72.94 -72.62 -72.38 -72.09 -71.84 -71.56 -71.28 -71.00 -70.75 -70.47 -70.19 -69.91 -69.59 -69.31 -69.00 -68.72 -68.41 -68.12 -67.84 -67.59 -67.34 -67.12 -66.91 -66.72 -66.53 -66.34 -66.16 -66.00 -65.81 -65.66 -65.50 -65.34 -65.22 -65.12 -65.06 -65.06 -65.19 -65.31 -65.50 -65.72 -65.94 -66.19 -66.41 -66.62 -66.84 -67.03 -67.22 -67.38 -67.56 -67.69 -67.84 -67.97 -68.12 -68.25 -68.38 -68.53 -68.66 -68.78 -68.94 -69.06 -69.22 -69.38
-75.34 -75.03 -74.75 -74.47 -74.19 -73.94 -73.66 -73.31 -72.97 -72.59 -72.28 -72.00 -71.78 -71.53 -71.25 -71.00 -70.75 -70.50 -70.25 -70.00 -69.72 -69.44 -69.16 -68.84 -68.56 -68.25 -67.94 -67.66 -67.38 -67.12 -66.91 -66.69 -66.50 -66.31 -66.12 -65.97 -65.81 -65.66 -65.50 -65.38 -65.22 -65.12 -65.03 -64.97 -65.00 -65.12 -65.28 -65.47 -65.72 -65.94 -66.19 -66.44 -66.66 -66.88 -67.09 -67.28 -67.44 -67.59 -67.75 -67.88 -68.03 -68.16 -68.28 -68.41 -68.53 -68.66 -68.81 -68.94 -69.06 -69.22 -69.34
-75.06 -74.72 -74.41 -74.09 -73.81 -73.53 -73.28 -73.00 -72.66 -72.28 -71.97 -71.66 -71.41 -71.19 -70.94 -70.72 -70.50 -70.28 -70.03 -69.78 -69.53 -69.25 -68.97 -68.69 -68.38 -68.09 -67.78 -67.47 -67.19 -66.94 -66.69 -66.47 -66.28 -66.09 -65.94 -65.75 -65.59 -65.47 -65.34 -65.22 -65.09 -65.00 -64.91 -64.88 -64.94 -65.06 -65.25 -65.47 -65.69 -65.94 -66.22 -66.47 -66.69 -66.91 -67.12 -67.31 -67.50 -67.66 -67.81 -67.94 -68.06 -68.19 -68.31 -68.44 -68.56 -68.69 -68.81 -68.94 -69.09 -69.22 -69.38
-74.78 -74.44 -74.06 -73.72 -73.41 -73.12 -72.88 -72.59 -72.31 -71.97 -71.62 -71.34 -71.06 -70.84 -70.62 -70.44 -70.22 -70.03 -69.81 -69.56 -69.31 -69.06 -68.78 -68.50 -68.19 -67.91 -67.59 -67.31 -67.00 -66.72 -66.47 -66.25 -66.06 -65.88 -65.72 -65.56 -65.41 -65.28 -65.16 -65.03 -64.94 -64.88 -64.78 -64.78 -64.88 -65.00 -65.19 -65.44 -65.69 -65.94 -66.22 -66.47 -66.69 -66.94 -67.16 -67.34 -67.53 -67.72 -67.88 -68.00 -68.12 -68.25 -68.34 -68.47 -68.59 -68.72 -68.84 -68.97 -69.09 -69.22 -69.34
-74.53 -74.12 -73.75 -73.38 -73.00 -72.69 -72.44 -72.19 -71.91 -71.62 -71.31 -71.00 -70.75 -70.50 -70.31 -70.12 -69.94 -69.75 -69.53 -69.31 -69.09 -68.81 -68.56 -68.28 -68.00 -67.69 -67.41 -67.12 -66.84 -66.56 -66.28 -66.06 -65.84 -65.66 -65.50 -65.34 -65.19 -65.06 -64.97 -64.88 -64.78 -64.72 -64.66 -64.69 -64.78 -64.97 -65.16 -65.41 -65.66 -65.94 -66.19 -66.44 -66.69 -66.94 -67.16 -67.38 -67.56 -67.75 -67.91 -68.06 -68.19 -68.31 -68.41 -68.50 -68.62 -68.72 -68.84 -68.97 -69.09 -69.22 -69.34
-74.25 -73.84 -73.47 -73.06 -72.66 -72.31 -72.00 -71.75 -71.50 -71.25 -70.97 -70.69 -70.41 -70.19 -69.97 -69.81 -69.62 -69.47 -69.28 -69.06 -68.81 -68.59 -68.31 -68.06 -67.78 -67.47 -67.19 -66.91 -66.66 -66.38 -66.12 -65.88 -65.66 -65.44 -65.28 -65.12 -64.97 -64.84 -64.75 -64.69 -64.59 -64.56 -64.53 -64.59 -64.72 -64.91 -65.12 -65.38 -65.66 -65.91 -66.19 -66.44 -66.69 -66.94 -67.16 -67.38 -67.59 -67.78 -67.94 -68.12 -68.25 -68.38 -68.47 -68.56 -68.66 -68.78 -68.88 -68.97 -69.09 -69.22 -69.34
-74.00 -73.59 -73.19 -72.78 -72.38 -71.97 -71.62 -71.34 -71.09 -70.84 -70.59 -70.34 -70.09 -69.84 -69.66 -69.47 -69.31 -69.16 -68.97 -68.78 -68.56 -68.31 -68.06 -67.81 -67.53 -67.25 -66.97 -66.69 -66.44 -66.19 -65.94 -65.69 -65.47 -65.25 -65.06 -64.91 -64.75 -64.66 -64.56 -64.47 -64.44 -64.41 -64.41 -64.50 -64.66 -64.84 -65.09 -65.34 -65.59 -65.88 -66.16 -66.41 -66.69 -66.91 -67.16 -67.38 -67.59 -67.81 -68.00 -68.16 -68.31 -68.44 -68.53 -68.62 -68.72 -68.81 -68.91 -69.00 -69.12 -69.22 -69.34
-73.75 -73.31 -72.91 -72.47 -72.06 -71.66 -71.25 -70.94 -70.69 -70.44 -70.22 -70.00 -69.75 -69.53 -69.31 -69.16 -69.00 -68.84 -68.69 -68.50 -68.28 -68.06 -67.81 -67.56 -67.31 -67.03 -66.75 -66.47 -66.22 -66.00 -65.75 -65.53 -65.28 -65.06 -64.88 -64.69 -64.53 -64.44 -64.34 -64.28 -64.25 -64.25 -64.28 -64.41 -64.59 -64.78 -65.03 -65.28 -65.56 -65.84 -66.12 -66.41 -66.66 -66.91 -67.16 -67.38 -67.59 -67.81 -68.00 -68.19 -68.34 -68.47 -68.59 -68.69 -68.78 -68.88 -68.97 -69.06 -69.16 -69.28 -69.38
-73.50 -73.06 -72.62 -72.19 -71.78 -71.34 -70.91 -70.56 -70.28 -70.06 -69.84 -69.62 -69.41 -69.19 -69.00 -68.84 -68.69 -68.53 -68.38 -68.22 -68.00 -67.78 -67.56 -67.31 -67.06 -66.81 -66.53 -66.25 -66.00 -65.78 -65.56 -65.34 -65.12 -64.88 -64.69 -64.50 -64.34 -64.22 -64.16 -64.12 -64.09 -64.12 -64.19 -64.34 -64.53 -64.78 -65.00 -65.28 -65.56 -65.81 -66.09 -66.38 -66.62 -66.88 -67.12 -67.34 -67.59 -67.78 -68.00 -68.19 -68.34 -68.47 -68.59 -68.72 -68.81 -68.94 -69.03 -69.12 -69.22 -69.31 -69.41
-73.28 -72.88 -72.44 -71.97 -71.53 -71.09 -70.66 -70.25 -69.94 -69.69 -69.50 -69.28 -69.09 -68.88 -68.69 -68.53 -68.38 -68.25 -68.09 -67.94 -67.75 -67.53 -67.31 -67.06 -66.81 -66.56 -66.31 -66.06 -65.81 -65.56 -65.38 -65.16 -64.94 -64.72 -64.50 -64.31 -64.12 -64.03 -63.97 -63.94 -63.94 -64.00 -64.12 -64.31 -64.53 -64.78 -65.03 -65.28 -65.56 -65.84 -66.09 -66.38 -66.62 -66.88 -67.12 -67.34 -67.56 -67.78 -67.97 -68.16 -68.31 -68.47 -68.62 -68.75 -68.88 -68.97 -69.09 -69.19 -69.28 -69.38 -69.47
-73.09 -72.69 -72.28 -71.84 -71.41 -70.97 -70.56 -70.12 -69.75 -69.41 -69.19 -68.97 -68.78 -68.56 -68.38 -68.22 -68.06 -67.94 -67.78 -67.62 -67.47 -67.28 -67.06 -66.84 -66.59 -66.34 -66.09 -65.84 -65.62 -65.38 -65.16 -64.97 -64.75 -64.53 -64.31 -64.12 -63.94 -63.81 -63.75 -63.75 -63.78 -63.91 -64.06 -64.28 -64.50 -64.78 -65.06 -65.34 -65.62 -65.88 -66.16 -66.41 -66.66 -66.91 -67.12 -67.34 -67.56 -67.78 -67.97 -68.12 -68.31 -68.47 -68.62 -68.78 -68.91 -69.03 -69.12 -69.25 -69.34 -69.41 -69.50
-72.91 -72.53 -72.16 -71.75 -71.34 -70.91 -70.50 -70.09 -69.69 -69.31 -69.00 -68.72 -68.50 -68.28 -68.09 -67.94 -67.78 -67.62 -67.50 -67.34 -67.19 -67.03 -66.84 -66.62 -66.38 -66.16 -65.91 -65.66 -65.41 -65.19 -64.97 -64.75 -64.56 -64.34 -64.12 -63.94 -63.75 -63.62 -63.56 -63.59 -63.66 -63.78 -64.00 -64.22 -64.50 -64.78 -65.06 -65.38 -65.66 -65.94 -66.22 -66.47 -66.72 -66.94 -67.16 -67.38 -67.59 -67.78 -67.97 -68.16 -68.31 -68.47 -68.62 -68.78 -68.91 -69.06 -69.16 -69.28 -69.38 -69.44 -69.50
-72.69 -72.38 -72.00 -71.66 -71.25 -70.84 -70.44 -70.03 -69.62 -69.25 -68.88 -68.56 -68.28 -68.06 -67.84 -67.69 -67.50 -67.34 -67.22 -67.06 -66.91 -66.75 -66.59 -66.38 -66.19 -65.94 -65.69 -65.47 -65.22 -64.97 -64.75 -64.56 -64.34 -64.16 -63.94 -63.75 -63.59 -63.47 -63.41 -63.41 -63.53 -63.69 -63.91 -64.19 -64.47 -64.78 -65.09 -65.41 -65.72 -66.00 -66.28 -66.53 -66.75 -67.00 -67.19 -67.41 -67.62 -67.81 -68.00 -68.19 -68.34 -68.50 -68.66 -68.81 -68.94 -69.06 -69.19 -69.28 -69.38 -69.44 -69.50
-72.44 -72.12 -71.81 -71.50 -71.12 -70.75 -70.38 -69.97 -69.56 -69.16 -68.78 -68.44 -68.12 -67.84 -67.62 -67.44 -67.25 -67.09 -66.94 -66.78 -66.62 -66.47 -66.31 -66.12 -65.94 -65.72 -65.50 -65.25 -65.00 -64.78 -64.53 -64.34 -64.12 -63.94 -63.75 -63.56 -63.41 -63.28 -63.22 -63.25 -63.41 -63.59 -63.84 -64.12 -64.44 -64.78 -65.09 -65.41 -65.72 -66.03 -66.31 -66.56 -66.81 -67.03 -67.25 -67.47 -67.66 -67.84 -68.03 -68.22 -68.38 -68.53 -68.69 -68.81 -68.94 -69.06 -69.19 -69.28 -69.34 -69.41 -69.47
-72.16 -71.88 -71.56 -71.25 -70.94 -70.59 -70.25 -69.84 -69.47 -69.06 -68.69 -68.34 -68.00 -67.72 -67.44 -67.22 -67.03 -66.84 -66.69 -66.53 -66.38 -66.22 -66.03 -65.88 -65.69 -65.50 -65.28 -65.06 -64.81 -64.56 -64.31 -64.12 -63.91 -63.72 -63.53 -63.38 -63.22 -63.09 -63.03 -63.12 -63.28 -63.50 -63.78 -64.06 -64.41 -64.75 -65.09 -65.41 -65.72 -66.03 -66.34 -66.59 -66.84 -67.06 -67.28 -67.50 -67.69 -67.88 -68.06 -68.25 -68.41 -68.56 -68.69 -68.81 -68.94 -69.06 -69.16 -69.25 -69.34 -69.38 -69.44
-71.88 -71.59 -71.28 -71.00 -70.69 -70.38 -70.06 -69.72 -69.34 -68.97 -68.59 -68.25 -67.91 -67.59 -67.31 -67.06 -66.84 -66.66 -66.47 -66.28 -66.12 -65.97 -65.78 -65.62 -65.47 -65.28 -65.09 -64.84 -64.59 -64.34 -64.12 -63.88 -63.69 -63.50 -63.31 -63.16 -63.00 -62.91 -62.84 -62.97 -63.16 -63.41 -63.69 -64.00 -64.34 -64.69 -65.03 -65.38 -65.72 -66.03 -66.34 -66.59 -66.88 -67.09 -67.31 -67.53 -67.72 -67.91 -68.09 -68.25 -68.44 -68.56 -68.72 -68.84 -68.94 -69.06 -69.16 -69.22 -69.31 -69.34 -69.41
-71.66 -71.34 -71.03 -70.72 -70.44 -70.12 -69.84 -69.53 -69.19 -68.84 -68.53 -68.19 -67.84 -67.53 -67.25 -66.97 -66.72 -66.47 -66.28 -66.09 -65.91 -65.75 -65.56 -65.38 -65.22 -65.03 -64.84 -64.66 -64.41 -64.16 -63.91 -63.66 -63.47 -63.25 -63.09 -62.94 -62.81 -62.69 -62.62 -62.78 -63.03 -63.31 -63.59 -63.94 -64.28 -64.66 -65.00 -65.34 -65.69 -66.00 -66.31 -66.59 -66.88 -67.12 -67.34 -67.56 -67.75 -67.94 -68.12 -68.28 -68.44 -68.59 -68.72 -68.81 -68.94 -69.03 -69.12 -69.19 -69.25 -69.31 -69.38
-71.44 -71.12 -70.81 -70.50 -70.19 -69.91 -69.59 -69.31 -69.03 -68.72 -68.41 -68.09 -67.78 -67.47 -67.19 -66.88 -66.62 -66.38 -66.16 -65.94 -65.75 -65.56 -65.38 -65.19 -65.00 -64.81 -64.59 -64.41 -64.19 -63.94 -63.69 -63.44 -63.22 -63.03 -62.88 -62.72 -62.59 -62.47 -62.38 -62.59 -62.94 -63.22 -63.53 -63.88 -64.25 -64.59 -64.97 -65.31 -65.66 -65.97 -66.28 -66.56 -66.84 -67.12 -67.34 -67.59 -67.78 -68.00 -68.16 -68.34 -68.47 -68.59 -68.72 -68.81 -68.91 -69.00 -69.09 -69.16 -69.22 -69.28 -69.34
-71.25 -70.94 -70.62 -70.31 -70.00 -69.69 -69.41 -69.12 -68.84 -68.56 -68.28 -68.00 -67.69 -67.41 -67.12 -66.81 -66.56 -66.31 -66.06 -65.84 -65.66 -65.44 -65.22 -65.00 -64.78 -64.56 -64.34 -64.16 -63.94 -63.69 -63.47 -63.22 -63.00 -62.81 -62.66 -62.53 -62.38 -62.19 -62.28 -62.59 -62.91 -63.22 -63.53 -63.88 -64.22 -64.56 -64.94 -65.28 -65.62 -65.94 -66.25 -66.56 -66.84 -67.12 -67.38 -67.59 -67.81 -68.03 -68.22 -68.38 -68.50 -68.62 -68.75 -68.84 -68.91 -69.00 -69.06 -69.12 -69.19 -69.25 -69.31
-71.09 -70.75 -70.44 -70.16 -69.84 -69.56 -69.28 -69.00 -68.72 -68.44 -68.16 -67.88 -67.59 -67.31 -67.06 -66.78 -66.53 -66.28 -66.03 -65.81 -65.56 -65.34 -65.09 -64.88 -64.62 -64.38 -64.12 -63.91 -63.69 -63.44 -63.22 -63.00 -62.81 -62.62 -62.47 -62.31 -62.16 -62.06 -62.34 -62.62 -62.91 -63.22 -63.53 -63.88 -64.22 -64.56 -64.91 -65.25 -65.59 -65.91 -66.22 -66.53 -66.84 -67.12 -67.38 -67.62 -67.84 -68.03 -68.22 -68.41 -68.53 -68.66 -68.75 -68.84 -68.94 -69.00 -69.06 -69.12 -69.19 -69.22 -69.28
-70.97 -70.62 -70.34 -70.03 -69.75 -69.47 -69.16 -68.88 -68.59 -68.31 -68.03 -67.78 -67.53 -67.25 -67.00 -66.75 -66.50 -66.25 -66.00 -65.75 -65.50 -65.28 -65.00 -64.75 -64.50 -64.22 -63.97 -63.69 -63.47 -63.22 -63.00 -62.81 -62.59 -62.44 -62.28 -62.06 -61.91 -62.09 -62.41 -62.66 -62.94 -63.25 -63.56 -63.88 -64.19 -64.53 -64.88 -65.22 -65.53 -65.88 -66.19 -66.50 -66.81 -67.09 -67.34 -67.59 -67.84 -68.03 -68.25 -68.41 -68.56 -68.69 -68.78 -68.88 -68.94 -69.00 -69.06 -69.12 -69.16 -69.19 -69.25
-70.84 -70.53 -70.22 -69.94 -69.66 -69.34 -69.06 -68.78 -68.50 -68.22 -67.94 -67.69 -67.44 -67.19 -66.94 -66.72 -66.47 -66.22 -65.97 -65.72 -65.47 -65.22 -64.94 -64.69 -64.41 -64.12 -63.84 -63.56 -63.28 -63.03 -62.78 -62.59 -62.41 -62.22 -62.00 -61.81 -61.84 -62.16 -62.44 -62.69 -62.97 -63.25 -63.56 -63.88 -64.19 -64.50 -64.84 -65.16 -65.50 -65.84 -66.16 -66.47 -66.75 -67.03 -67.31 -67.56 -67.81 -68.03 -68.25 -68.41 -68.56 -68.69 -68.78 -68.88 -68.94 -69.00 -69.06 -69.09 -69.12 -69.16 -69.22
-70.69 -70.41 -70.09 -69.81 -69.53 -69.25 -68.97 -68.69 -68.41 -68.12 -67.84 -67.59 -67.38 -67.12 -66.91 -66.69 -66.44 -66.19 -65.94 -65.69 -65.44 -65.19 -64.91 -64.62 -64.38 -64.09 -63.81 -63.50 -63.19 -62.91 -62.69 -62.47 -62.31 -62.12 -61.94 -61.81 -61.97 -62.25 -62.47 -62.72 -63.00 -63.31 -63.62 -63.94 -64.22 -64.53 -64.84 -65.16 -65.47 -65.78 -66.09 -66.41 -66.72 -67.00 -67.28 -67.56 -67.81 -68.03 -68.22 -68.41 -68.56 -68.69 -68.78 -68.88 -68.94 -69.00 -69.03 -69.09 -69.12 -69.16 -69.19
-70.53 -70.25 -69.97 -69.69 -69.41 -69.12 -68.84 -68.56 -68.31 -68.03 -67.78 -67.53 -67.31 -67.09 -66.88 -66.66 -66.44 -66.19 -65.97 -65.72 -65.44 -65.19 -64.91 -64.62 -64.34 -64.06 -63.78 -63.50 -63.22 -62.97 -62.75 -62.56 -62.41 -62.25 -62.12 -62.06 -62.16 -62.31 -62.53 -62.75 -63.03 -63.34 -63.66 -64.00 -64.31 -64.62 -64.94 -65.25 -65.53 -65.84 -66.12 -66.41 -66.69 -67.00 -67.28 -67.56 -67.81 -68.03 -68.25 -68.41 -68.56 -68.69 -68.78 -68.88 -68.94 -69.00 -69.03 -69.06 -69.09 -69.12 -69.16
-70.31 -70.06 -69.81 -69.53 -69.28 -69.00 -68.75 -68.47 -68.22 -67.97 -67.72 -67.47 -67.25 -67.06 -66.88 -66.66 -66.44 -66.22 -66.00 -65.75 -65.50 -65.22 -64.97 -64.69 -64.41 -64.12 -63.84 -63.56 -63.31 -63.09 -62.88 -62.69 -62.53 -62.38 -62.25 -62.22 -62.28 -62.44 -62.59 -62.81 -63.09 -63.41 -63.72 -64.06 -64.41 -64.75 -65.06 -65.38 -65.69 -65.97 -66.25 -66.53 -66.78 -67.06 -67.34 -67.59 -67.81 -68.06 -68.25 -68.41 -68.56 -68.69 -68.78 -68.88 -68.94 -68.97 -69.00 -69.03 -69.06 -69.09 -69.12
