everonasctiles/Tile[5,29].asc
ncols 128
nrows 128
xllcorner 0
yllcorner 0
cellsize 2.0
NODATA_value  -9999
[rows 64 to 95 of 128, columns 0 to 70 of 128]
-67.62 -67.31 -66.97 -66.66 -66.38 -66.12 -65.88 -65.66 -65.47 -65.25 -65.06 -64.91 -64.78 -64.72 -64.72 -64.75 -64.81 -64.84 -64.81 -64.75 -64.66 -64.53 -64.41 -64.31 -64.22 -64.09 -63.94 -63.75 -63.59 -63.44 -63.28 -63.12 -62.97 -62.78 -62.59 -62.38 -62.19 -61.97 -61.78 -61.66 -61.75 -61.88 -61.94 -61.91 -61.78 -61.59 -61.31 -61.00 -60.59 -60.12 -59.56 -59.03 -58.50 -58.06 -57.72 -57.47 -57.28 -57.16 -57.06 -57.03 -57.00 -56.97 -56.97 -57.00 -57.06 -57.12 -57.19 -57.28 -57.34 -57.41 -57.44
-67.75 -67.44 -67.12 -66.84 -66.56 -66.31 -66.09 -65.88 -65.66 -65.44 -65.25 -65.09 -65.00 -64.94 -64.94 -64.97 -65.03 -65.06 -65.06 -64.97 -64.88 -64.75 -64.62 -64.53 -64.44 -64.28 -64.12 -63.94 -63.75 -63.59 -63.44 -63.25 -63.06 -62.88 -62.69 -62.47 -62.28 -62.09 -61.88 -61.81 -61.97 -62.09 -62.22 -62.22 -62.12 -61.94 -61.69 -61.34 -60.94 -60.44 -59.88 -59.31 -58.75 -58.28 -57.91 -57.62 -57.41 -57.28 -57.19 -57.12 -57.09 -57.03 -57.03 -57.06 -57.12 -57.19 -57.28 -57.34 -57.44 -57.53 -57.59
-67.88 -67.59 -67.31 -67.03 -66.78 -66.50 -66.28 -66.06 -65.84 -65.62 -65.44 -65.28 -65.22 -65.19 -65.19 -65.22 -65.28 -65.31 -65.28 -65.22 -65.09 -65.00 -64.88 -64.75 -64.59 -64.44 -64.25 -64.06 -63.88 -63.69 -63.53 -63.34 -63.16 -62.97 -62.78 -62.59 -62.38 -62.19 -61.94 -61.97 -62.16 -62.34 -62.47 -62.53 -62.44 -62.28 -62.03 -61.69 -61.22 -60.69 -60.12 -59.53 -58.97 -58.47 -58.06 -57.78 -57.56 -57.44 -57.38 -57.28 -57.19 -57.12 -57.09 -57.12 -57.16 -57.25 -57.34 -57.44 -57.56 -57.69 -57.78
-68.03 -67.75 -67.47 -67.19 -66.94 -66.69 -66.44 -66.22 -66.00 -65.81 -65.62 -65.50 -65.44 -65.44 -65.47 -65.50 -65.53 -65.56 -65.53 -65.44 -65.34 -65.19 -65.06 -64.91 -64.72 -64.53 -64.34 -64.12 -63.94 -63.75 -63.59 -63.41 -63.22 -63.06 -62.88 -62.69 -62.50 -62.31 -62.06 -62.16 -62.41 -62.59 -62.75 -62.81 -62.78 -62.62 -62.38 -62.00 -61.53 -60.97 -60.38 -59.75 -59.16 -58.72 -58.34 -58.00 -57.81 -57.69 -57.56 -57.47 -57.34 -57.25 -57.19 -57.19 -57.25 -57.34 -57.47 -57.56 -57.69 -57.81 -57.94
-68.16 -67.88 -67.59 -67.31 -67.03 -66.78 -66.59 -66.38 -66.19 -66.00 -65.84 -65.72 -65.72 -65.72 -65.75 -65.78 -65.78 -65.78 -65.75 -65.66 -65.53 -65.38 -65.22 -65.00 -64.81 -64.59 -64.38 -64.19 -64.00 -63.81 -63.62 -63.47 -63.31 -63.19 -63.03 -62.84 -62.66 -62.44 -62.25 -62.41 -62.66 -62.84 -63.00 -63.09 -63.06 -62.94 -62.66 -62.28 -61.84 -61.31 -60.75 -60.19 -59.66 -59.25 -58.81 -58.44 -58.19 -58.00 -57.84 -57.69 -57.53 -57.41 -57.31 -57.34 -57.41 -57.50 -57.62 -57.75 -57.88 -58.00 -58.12
-68.16 -67.91 -67.62 -67.34 -67.09 -66.91 -66.72 -66.56 -66.41 -66.22 -66.06 -66.00 -66.03 -66.03 -66.03 -66.06 -66.06 -66.03 -65.97 -65.88 -65.72 -65.53 -65.31 -65.09 -64.84 -64.62 -64.38 -64.19 -64.00 -63.84 -63.72 -63.59 -63.47 -63.34 -63.19 -63.00 -62.84 -62.62 -62.44 -62.66 -62.91 -63.09 -63.25 -63.38 -63.38 -63.22 -62.97 -62.62 -62.22 -61.75 -61.28 -60.75 -60.25 -59.78 -59.34 -58.94 -58.62 -58.38 -58.16 -57.97 -57.75 -57.59 -57.47 -57.53 -57.66 -57.75 -57.88 -58.00 -58.09 -58.22 -58.34
-68.12 -67.81 -67.56 -67.31 -67.12 -67.03 -66.94 -66.81 -66.66 -66.47 -66.31 -66.31 -66.34 -66.34 -66.34 -66.34 -66.31 -66.25 -66.16 -66.03 -65.84 -65.66 -65.41 -65.16 -64.91 -64.66 -64.41 -64.19 -64.03 -63.91 -63.84 -63.75 -63.66 -63.53 -63.38 -63.19 -63.03 -62.81 -62.66 -62.88 -63.12 -63.31 -63.50 -63.62 -63.62 -63.50 -63.28 -62.94 -62.59 -62.19 -61.75 -61.25 -60.78 -60.31 -59.88 -59.47 -59.12 -58.81 -58.53 -58.25 -58.03 -57.78 -57.69 -57.84 -57.97 -58.09 -58.19 -58.31 -58.41 -58.50 -58.62
-68.03 -67.62 -67.38 -67.22 -67.28 -67.28 -67.22 -67.09 -66.97 -66.75 -66.62 -66.66 -66.69 -66.69 -66.66 -66.62 -66.53 -66.44 -66.31 -66.16 -65.97 -65.75 -65.50 -65.25 -65.00 -64.75 -64.50 -64.28 -64.12 -64.06 -64.00 -63.94 -63.88 -63.75 -63.59 -63.41 -63.22 -63.00 -62.91 -63.12 -63.38 -63.56 -63.72 -63.84 -63.88 -63.78 -63.56 -63.28 -62.97 -62.56 -62.16 -61.69 -61.25 -60.81 -60.41 -59.97 -59.59 -59.25 -58.91 -58.59 -58.31 -58.00 -58.03 -58.22 -58.34 -58.47 -58.59 -58.69 -58.78 -58.88 -59.00
-68.16 -67.69 -67.38 -67.41 -67.53 -67.56 -67.53 -67.44 -67.31 -67.12 -67.03 -67.03 -67.03 -67.00 -66.94 -66.84 -66.75 -66.59 -66.44 -66.25 -66.06 -65.84 -65.59 -65.34 -65.09 -64.84 -64.62 -64.44 -64.31 -64.25 -64.19 -64.16 -64.09 -63.97 -63.81 -63.62 -63.44 -63.22 -63.12 -63.38 -63.59 -63.78 -63.97 -64.09 -64.12 -64.03 -63.88 -63.62 -63.31 -62.94 -62.56 -62.12 -61.72 -61.31 -60.88 -60.47 -60.06 -59.69 -59.28 -58.97 -58.62 -58.31 -58.44 -58.62 -58.78 -58.91 -59.03 -59.09 -59.19 -59.28 -59.41
-68.50 -68.12 -67.81 -67.75 -67.84 -67.88 -67.88 -67.78 -67.69 -67.53 -67.44 -67.41 -67.38 -67.31 -67.22 -67.06 -66.91 -66.72 -66.53 -66.34 -66.16 -65.94 -65.69 -65.44 -65.19 -64.97 -64.78 -64.62 -64.50 -64.44 -64.41 -64.38 -64.31 -64.22 -64.03 -63.84 -63.66 -63.44 -63.38 -63.62 -63.84 -64.00 -64.19 -64.31 -64.34 -64.28 -64.16 -63.91 -63.66 -63.31 -62.94 -62.59 -62.19 -61.78 -61.34 -60.91 -60.50 -60.06 -59.69 -59.31 -58.94 -58.69 -58.88 -59.06 -59.22 -59.38 -59.47 -59.56 -59.62 -59.72 -59.84
-68.81 -68.56 -68.31 -68.16 -68.16 -68.19 -68.22 -68.16 -68.06 -67.94 -67.88 -67.81 -67.72 -67.59 -67.47 -67.28 -67.09 -66.88 -66.69 -66.47 -66.25 -66.03 -65.78 -65.56 -65.31 -65.12 -64.94 -64.81 -64.72 -64.66 -64.66 -64.62 -64.59 -64.47 -64.28 -64.09 -63.91 -63.66 -63.62 -63.88 -64.06 -64.25 -64.41 -64.53 -64.56 -64.53 -64.41 -64.19 -63.94 -63.66 -63.31 -62.97 -62.59 -62.19 -61.75 -61.31 -60.88 -60.44 -60.06 -59.72 -59.28 -59.09 -59.31 -59.53 -59.69 -59.84 -59.94 -60.03 -60.09 -60.19 -60.31
-69.03 -68.84 -68.69 -68.53 -68.47 -68.50 -68.53 -68.50 -68.41 -68.31 -68.25 -68.16 -68.03 -67.91 -67.72 -67.53 -67.31 -67.06 -66.84 -66.62 -66.41 -66.16 -65.91 -65.66 -65.44 -65.25 -65.09 -65.00 -64.94 -64.91 -64.91 -64.91 -64.84 -64.69 -64.53 -64.34 -64.16 -63.91 -63.88 -64.12 -64.31 -64.50 -64.62 -64.72 -64.78 -64.72 -64.62 -64.44 -64.22 -63.94 -63.62 -63.31 -62.94 -62.53 -62.12 -61.72 -61.28 -60.84 -60.50 -60.16 -59.69 -59.50 -59.78 -59.97 -60.12 -60.28 -60.41 -60.50 -60.56 -60.66 -60.78
-69.22 -69.09 -68.97 -68.84 -68.78 -68.78 -68.81 -68.81 -68.75 -68.69 -68.59 -68.47 -68.34 -68.19 -68.00 -67.78 -67.53 -67.31 -67.06 -66.81 -66.56 -66.28 -66.03 -65.78 -65.56 -65.38 -65.22 -65.16 -65.16 -65.19 -65.19 -65.16 -65.09 -64.94 -64.78 -64.59 -64.44 -64.25 -64.22 -64.41 -64.59 -64.75 -64.88 -64.94 -64.97 -64.91 -64.81 -64.66 -64.44 -64.19 -63.91 -63.59 -63.22 -62.88 -62.47 -62.09 -61.69 -61.31 -61.00 -60.62 -60.09 -59.91 -60.22 -60.41 -60.59 -60.75 -60.88 -60.97 -61.03 -61.12 -61.22
-69.44 -69.31 -69.22 -69.12 -69.06 -69.06 -69.06 -69.06 -69.03 -68.97 -68.88 -68.75 -68.62 -68.47 -68.28 -68.06 -67.81 -67.56 -67.31 -67.03 -66.72 -66.44 -66.16 -65.91 -65.66 -65.47 -65.34 -65.34 -65.41 -65.44 -65.47 -65.44 -65.34 -65.19 -65.03 -64.91 -64.75 -64.62 -64.62 -64.75 -64.88 -65.00 -65.09 -65.16 -65.16 -65.09 -64.97 -64.81 -64.62 -64.41 -64.12 -63.81 -63.50 -63.16 -62.81 -62.44 -62.06 -61.75 -61.44 -61.09 -60.56 -60.34 -60.66 -60.84 -61.03 -61.19 -61.31 -61.41 -61.47 -61.56 -61.62
-69.59 -69.53 -69.44 -69.38 -69.34 -69.31 -69.28 -69.28 -69.28 -69.22 -69.16 -69.03 -68.88 -68.72 -68.53 -68.31 -68.06 -67.81 -67.53 -67.22 -66.91 -66.56 -66.28 -65.97 -65.72 -65.47 -65.41 -65.53 -65.66 -65.72 -65.75 -65.72 -65.62 -65.47 -65.31 -65.19 -65.09 -65.00 -65.03 -65.09 -65.19 -65.25 -65.31 -65.34 -65.31 -65.25 -65.12 -64.97 -64.75 -64.53 -64.28 -64.03 -63.75 -63.44 -63.12 -62.78 -62.47 -62.12 -61.88 -61.56 -61.12 -60.84 -61.03 -61.25 -61.44 -61.59 -61.72 -61.81 -61.88 -61.94 -62.00
-69.78 -69.72 -69.66 -69.59 -69.56 -69.53 -69.50 -69.47 -69.47 -69.41 -69.34 -69.25 -69.12 -68.97 -68.78 -68.56 -68.31 -68.03 -67.75 -67.41 -67.06 -66.69 -66.34 -66.00 -65.69 -65.34 -65.47 -65.69 -65.88 -66.00 -66.03 -66.00 -65.91 -65.78 -65.66 -65.53 -65.41 -65.38 -65.41 -65.44 -65.50 -65.53 -65.53 -65.53 -65.47 -65.34 -65.22 -65.03 -64.84 -64.66 -64.44 -64.19 -63.94 -63.69 -63.41 -63.09 -62.78 -62.50 -62.25 -62.00 -61.72 -61.41 -61.44 -61.66 -61.81 -62.00 -62.12 -62.19 -62.25 -62.31 -62.34
-69.91 -69.84 -69.81 -69.78 -69.75 -69.69 -69.66 -69.62 -69.59 -69.56 -69.50 -69.44 -69.31 -69.19 -69.00 -68.78 -68.56 -68.28 -67.97 -67.62 -67.25 -66.84 -66.44 -66.00 -65.56 -65.25 -65.50 -65.84 -66.06 -66.25 -66.31 -66.31 -66.22 -66.09 -65.97 -65.88 -65.75 -65.75 -65.75 -65.78 -65.78 -65.78 -65.75 -65.69 -65.56 -65.41 -65.25 -65.09 -64.91 -64.72 -64.53 -64.34 -64.12 -63.88 -63.62 -63.38 -63.09 -62.84 -62.59 -62.38 -62.19 -61.94 -61.84 -62.00 -62.16 -62.34 -62.47 -62.56 -62.59 -62.62 -62.66
-70.03 -69.97 -69.94 -69.91 -69.88 -69.84 -69.78 -69.75 -69.72 -69.69 -69.62 -69.56 -69.47 -69.34 -69.19 -69.00 -68.78 -68.53 -68.22 -67.91 -67.53 -67.16 -66.75 -66.22 -65.69 -65.38 -65.56 -66.03 -66.31 -66.50 -66.62 -66.62 -66.56 -66.44 -66.34 -66.22 -66.12 -66.09 -66.09 -66.09 -66.09 -66.03 -65.94 -65.78 -65.62 -65.47 -65.28 -65.12 -64.94 -64.78 -64.59 -64.44 -64.25 -64.06 -63.84 -63.59 -63.38 -63.12 -62.91 -62.72 -62.53 -62.38 -62.25 -62.31 -62.47 -62.66 -62.78 -62.84 -62.91 -62.94 -62.91
-70.12 -70.06 -70.03 -70.00 -69.97 -69.94 -69.88 -69.84 -69.78 -69.75 -69.72 -69.69 -69.59 -69.50 -69.38 -69.22 -69.03 -68.78 -68.53 -68.22 -67.91 -67.62 -67.28 -66.69 -66.09 -65.72 -65.84 -66.28 -66.59 -66.78 -66.91 -66.94 -66.91 -66.81 -66.69 -66.59 -66.50 -66.44 -66.44 -66.41 -66.34 -66.25 -66.09 -65.88 -65.69 -65.50 -65.31 -65.12 -64.97 -64.81 -64.66 -64.50 -64.38 -64.19 -64.00 -63.81 -63.59 -63.38 -63.19 -63.00 -62.84 -62.72 -62.62 -62.66 -62.78 -62.91 -63.03 -63.12 -63.16 -63.16 -63.12
-70.19 -70.12 -70.09 -70.06 -70.03 -69.97 -69.94 -69.88 -69.84 -69.81 -69.78 -69.75 -69.72 -69.66 -69.56 -69.44 -69.28 -69.06 -68.84 -68.56 -68.28 -68.03 -67.75 -67.22 -66.56 -66.19 -66.31 -66.69 -66.97 -67.12 -67.22 -67.28 -67.25 -67.16 -67.06 -66.97 -66.88 -66.81 -66.75 -66.72 -66.59 -66.41 -66.19 -65.97 -65.75 -65.53 -65.34 -65.16 -65.00 -64.84 -64.69 -64.56 -64.44 -64.28 -64.12 -63.94 -63.75 -63.56 -63.41 -63.25 -63.09 -63.00 -62.94 -62.94 -63.03 -63.12 -63.25 -63.31 -63.38 -63.34 -63.31
-70.25 -70.19 -70.12 -70.09 -70.03 -70.00 -69.94 -69.91 -69.84 -69.81 -69.81 -69.81 -69.78 -69.78 -69.72 -69.66 -69.53 -69.38 -69.16 -68.94 -68.66 -68.41 -68.16 -67.69 -67.12 -66.78 -66.88 -67.22 -67.41 -67.50 -67.59 -67.62 -67.59 -67.50 -67.41 -67.31 -67.22 -67.16 -67.09 -66.97 -66.81 -66.56 -66.34 -66.09 -65.84 -65.62 -65.41 -65.22 -65.03 -64.84 -64.72 -64.56 -64.44 -64.31 -64.19 -64.03 -63.88 -63.72 -63.59 -63.47 -63.34 -63.25 -63.19 -63.19 -63.25 -63.34 -63.44 -63.50 -63.53 -63.50 -63.44
-70.28 -70.25 -70.19 -70.12 -70.06 -70.03 -69.97 -69.91 -69.88 -69.84 -69.84 -69.84 -69.88 -69.91 -69.91 -69.88 -69.78 -69.66 -69.50 -69.28 -69.03 -68.78 -68.56 -68.25 -67.75 -67.47 -67.53 -67.75 -67.84 -67.91 -67.97 -67.97 -67.91 -67.84 -67.75 -67.66 -67.56 -67.47 -67.38 -67.22 -67.00 -66.75 -66.50 -66.25 -66.00 -65.75 -65.53 -65.28 -65.06 -64.88 -64.72 -64.56 -64.44 -64.31 -64.22 -64.09 -63.97 -63.84 -63.72 -63.62 -63.53 -63.47 -63.44 -63.41 -63.44 -63.50 -63.56 -63.62 -63.62 -63.59 -63.53
-70.34 -70.28 -70.22 -70.16 -70.09 -70.06 -70.00 -69.94 -69.91 -69.88 -69.88 -69.94 -70.00 -70.06 -70.09 -70.09 -70.06 -69.97 -69.81 -69.62 -69.41 -69.16 -68.97 -68.75 -68.44 -68.19 -68.19 -68.25 -68.28 -68.31 -68.34 -68.31 -68.25 -68.16 -68.06 -67.97 -67.88 -67.78 -67.66 -67.44 -67.22 -66.97 -66.72 -66.47 -66.19 -65.94 -65.66 -65.38 -65.12 -64.91 -64.72 -64.56 -64.41 -64.28 -64.19 -64.09 -64.00 -63.91 -63.81 -63.75 -63.69 -63.66 -63.62 -63.59 -63.62 -63.66 -63.69 -63.72 -63.72 -63.66 -63.59
-70.41 -70.38 -70.31 -70.25 -70.16 -70.09 -70.03 -70.00 -69.97 -69.94 -69.97 -70.06 -70.12 -70.22 -70.28 -70.31 -70.31 -70.22 -70.09 -69.94 -69.75 -69.53 -69.34 -69.19 -69.00 -68.81 -68.72 -68.69 -68.69 -68.72 -68.72 -68.66 -68.56 -68.47 -68.38 -68.28 -68.19 -68.06 -67.91 -67.69 -67.44 -67.19 -66.94 -66.69 -66.41 -66.09 -65.78 -65.47 -65.22 -64.97 -64.75 -64.53 -64.38 -64.25 -64.16 -64.06 -64.00 -63.94 -63.91 -63.88 -63.81 -63.78 -63.75 -63.75 -63.78 -63.78 -63.78 -63.78 -63.75 -63.72 -63.66
-70.50 -70.47 -70.41 -70.31 -70.25 -70.19 -70.12 -70.09 -70.06 -70.09 -70.12 -70.22 -70.31 -70.41 -70.50 -70.53 -70.53 -70.50 -70.38 -70.25 -70.09 -69.91 -69.72 -69.56 -69.41 -69.25 -69.16 -69.09 -69.09 -69.09 -69.06 -68.97 -68.88 -68.75 -68.66 -68.56 -68.44 -68.31 -68.12 -67.91 -67.66 -67.44 -67.19 -66.91 -66.59 -66.25 -65.91 -65.59 -65.28 -65.00 -64.75 -64.50 -64.31 -64.19 -64.09 -64.03 -64.00 -64.00 -63.97 -63.97 -63.94 -63.91 -63.88 -63.88 -63.88 -63.88 -63.88 -63.84 -63.78 -63.75 -63.72
-70.59 -70.56 -70.50 -70.44 -70.34 -70.28 -70.22 -70.22 -70.25 -70.28 -70.38 -70.47 -70.56 -70.62 -70.69 -70.75 -70.75 -70.72 -70.66 -70.53 -70.41 -70.25 -70.09 -69.94 -69.78 -69.66 -69.56 -69.50 -69.47 -69.44 -69.34 -69.28 -69.16 -69.06 -68.94 -68.81 -68.69 -68.53 -68.31 -68.09 -67.88 -67.66 -67.38 -67.06 -66.72 -66.38 -66.00 -65.69 -65.34 -65.03 -64.72 -64.47 -64.25 -64.09 -64.03 -63.97 -64.00 -64.03 -64.03 -64.03 -64.03 -64.00 -64.00 -64.00 -64.00 -63.97 -63.94 -63.88 -63.84 -63.81 -63.78
-70.72 -70.69 -70.62 -70.56 -70.47 -70.41 -70.38 -70.41 -70.47 -70.56 -70.66 -70.75 -70.81 -70.88 -70.94 -70.97 -70.97 -70.94 -70.91 -70.81 -70.69 -70.56 -70.41 -70.28 -70.16 -70.03 -69.94 -69.88 -69.81 -69.72 -69.66 -69.53 -69.44 -69.31 -69.19 -69.06 -68.91 -68.72 -68.50 -68.28 -68.06 -67.78 -67.50 -67.16 -66.78 -66.44 -66.06 -65.72 -65.34 -65.00 -64.66 -64.38 -64.16 -64.03 -63.94 -63.94 -64.00 -64.06 -64.09 -64.12 -64.12 -64.12 -64.09 -64.09 -64.09 -64.06 -64.00 -63.94 -63.91 -63.88 -63.84
-70.88 -70.81 -70.75 -70.69 -70.62 -70.56 -70.56 -70.62 -70.75 -70.84 -70.97 -71.06 -71.12 -71.19 -71.19 -71.19 -71.19 -71.19 -71.12 -71.06 -70.97 -70.84 -70.72 -70.59 -70.47 -70.38 -70.28 -70.19 -70.09 -70.00 -69.91 -69.78 -69.69 -69.53 -69.41 -69.25 -69.06 -68.88 -68.66 -68.41 -68.16 -67.88 -67.53 -67.19 -66.81 -66.44 -66.03 -65.66 -65.28 -64.91 -64.56 -64.28 -64.06 -63.91 -63.84 -63.91 -63.97 -64.06 -64.16 -64.22 -64.22 -64.25 -64.22 -64.22 -64.19 -64.16 -64.09 -64.03 -63.97 -63.94 -63.91
-71.00 -70.97 -70.94 -70.88 -70.78 -70.72 -70.75 -70.88 -71.03 -71.19 -71.31 -71.41 -71.47 -71.50 -71.50 -71.47 -71.44 -71.41 -71.34 -71.28 -71.19 -71.09 -70.97 -70.88 -70.75 -70.66 -70.56 -70.44 -70.34 -70.22 -70.12 -70.00 -69.88 -69.72 -69.53 -69.34 -69.16 -68.94 -68.69 -68.44 -68.16 -67.84 -67.47 -67.12 -66.75 -66.34 -65.94 -65.53 -65.12 -64.78 -64.44 -64.16 -63.94 -63.78 -63.78 -63.84 -63.97 -64.09 -64.19 -64.28 -64.34 -64.38 -64.38 -64.34 -64.31 -64.25 -64.19 -64.12 -64.06 -64.03 -64.00
-71.16 -71.12 -71.09 -71.06 -71.00 -70.94 -70.94 -71.12 -71.34 -71.53 -71.66 -71.75 -71.81 -71.81 -71.78 -71.75 -71.69 -71.66 -71.59 -71.50 -71.41 -71.31 -71.22 -71.12 -71.00 -70.91 -70.78 -70.69 -70.56 -70.44 -70.31 -70.16 -69.97 -69.81 -69.59 -69.38 -69.16 -68.94 -68.66 -68.38 -68.06 -67.72 -67.38 -67.00 -66.59 -66.19 -65.78 -65.38 -64.97 -64.62 -64.28 -64.00 -63.75 -63.62 -63.72 -63.81 -63.97 -64.09 -64.25 -64.38 -64.47 -64.50 -64.50 -64.47 -64.41 -64.34 -64.28 -64.22 -64.16 -64.12 -64.06
-71.28 -71.31 -71.31 -71.31 -71.28 -71.16 -71.16 -71.41 -71.66 -71.88 -72.03 -72.12 -72.16 -72.12 -72.09 -72.03 -71.97 -71.91 -71.81 -71.72 -71.62 -71.53 -71.41 -71.31 -71.22 -71.09 -71.00 -70.88 -70.72 -70.59 -70.44 -70.25 -70.03 -69.81 -69.59 -69.34 -69.09 -68.84 -68.56 -68.25 -67.91 -67.56 -67.19 -66.81 -66.41 -66.03 -65.62 -65.22 -64.78 -64.38 -64.00 -63.69 -63.47 -63.50 -63.69 -63.81 -63.97 -64.16 -64.31 -64.44 -64.56 -64.62 -64.62 -64.59 -64.53 -64.47 -64.38 -64.31 -64.25 -64.22 -64.16
-71.47 -71.53 -71.59 -71.62 -71.62 -71.53 -71.47 -71.75 -72.00 -72.22 -72.38 -72.47 -72.50 -72.47 -72.41 -72.34 -72.25 -72.16 -72.06 -71.94 -71.81 -71.69 -71.59 -71.47 -71.38 -71.25 -71.16 -71.00 -70.88 -70.69 -70.50 -70.28 -70.06 -69.81 -69.56 -69.28 -69.00 -68.72 -68.44 -68.12 -67.78 -67.41 -67.03 -66.62 -66.25 -65.84 -65.47 -65.06 -64.53 -64.03 -63.62 -63.34 -63.28 -63.50 -63.72 -63.84 -64.03 -64.19 -64.38 -64.53 -64.66 -64.72 -64.75 -64.72 -64.66 -64.56 -64.50 -64.44 -64.38 -64.31 -64.25
