everonasctiles/Tile[24,36].asc
ncols 128
nrows 128
xllcorner 0
yllcorner 0
cellsize 2.0
NODATA_value  -9999
[rows 32 to 63 of 128, columns 0 to 70 of 128]
-20.56 -20.62 -20.72 -20.91 -20.97 -21.06 -21.16 -21.09 -21.03 -21.00 -21.09 -21.16 -21.12 -21.00 -20.94 -20.91 -20.91 -20.81 -20.75 -20.72 -20.66 -20.69 -20.66 -20.53 -20.44 -20.44 -20.44 -20.47 -20.44 -20.31 -20.19 -20.03 -19.94 -19.84 -19.72 -19.53 -19.38 -19.16 -18.97 -18.84 -18.56 -18.12 -18.00 -17.91 -17.56 -17.28 -17.16 -17.12 -17.03 -17.03 -16.94 -16.75 -16.53 -16.34 -16.25 -16.19 -16.31 -16.34 -16.34 -16.22 -16.28 -16.34 -16.28 -16.31 -16.56 -16.59 -16.62 -16.69 -16.75 -16.75 -16.75
-20.53 -20.62 -20.62 -20.75 -20.81 -20.88 -20.97 -20.97 -21.03 -21.00 -21.06 -21.12 -21.16 -21.06 -20.97 -20.88 -20.84 -20.81 -20.78 -20.75 -20.66 -20.56 -20.53 -20.44 -20.38 -20.31 -20.38 -20.38 -20.41 -20.25 -20.12 -19.97 -19.78 -19.69 -19.59 -19.38 -19.16 -18.97 -18.72 -18.47 -18.34 -18.09 -17.91 -17.81 -17.50 -17.16 -17.00 -17.00 -16.97 -16.94 -16.81 -16.56 -16.56 -16.44 -16.31 -16.34 -16.41 -16.34 -16.50 -16.50 -16.56 -16.50 -16.44 -16.50 -16.72 -16.72 -16.88 -16.84 -16.78 -16.84 -16.84
-20.38 -20.50 -20.56 -20.62 -20.72 -20.72 -20.75 -20.91 -20.97 -21.00 -21.06 -21.09 -21.03 -20.97 -20.94 -20.91 -20.88 -20.84 -20.78 -20.78 -20.69 -20.56 -20.44 -20.38 -20.28 -20.19 -20.25 -20.22 -20.25 -20.19 -20.03 -19.88 -19.69 -19.59 -19.47 -19.31 -19.03 -18.81 -18.69 -18.41 -18.25 -18.00 -17.69 -17.69 -17.47 -17.19 -16.97 -16.88 -16.88 -16.91 -16.75 -16.69 -16.41 -16.25 -16.22 -16.38 -16.53 -16.47 -16.41 -16.38 -16.59 -16.62 -16.59 -16.81 -16.91 -16.97 -17.09 -17.00 -17.06 -17.06 -17.06
-20.28 -20.34 -20.44 -20.50 -20.62 -20.62 -20.72 -20.84 -20.88 -20.94 -21.00 -21.03 -20.97 -20.88 -20.94 -20.97 -20.94 -20.84 -20.78 -20.69 -20.56 -20.50 -20.47 -20.47 -20.34 -20.25 -20.22 -20.16 -20.03 -20.00 -19.91 -19.78 -19.56 -19.47 -19.31 -19.09 -18.97 -18.72 -18.53 -18.38 -18.12 -17.84 -17.72 -17.62 -17.50 -17.19 -17.09 -16.91 -16.75 -16.84 -16.81 -16.69 -16.47 -16.31 -16.28 -16.50 -16.62 -16.59 -16.56 -16.66 -16.78 -16.78 -16.84 -17.03 -17.09 -17.19 -17.22 -17.38 -17.38 -17.25 -17.06
-20.25 -20.22 -20.25 -20.31 -20.44 -20.50 -20.59 -20.66 -20.81 -20.94 -20.91 -20.91 -20.94 -20.84 -20.88 -20.88 -20.88 -20.81 -20.75 -20.62 -20.50 -20.47 -20.41 -20.31 -20.25 -20.25 -20.12 -20.00 -19.88 -19.81 -19.69 -19.62 -19.47 -19.25 -19.09 -18.94 -18.88 -18.62 -18.34 -18.22 -18.06 -17.81 -17.78 -17.62 -17.50 -17.28 -17.25 -17.06 -16.81 -16.78 -16.81 -16.81 -16.75 -16.56 -16.41 -16.44 -16.69 -16.81 -16.88 -16.97 -17.00 -16.94 -17.00 -17.09 -17.28 -17.41 -17.50 -17.44 -17.41 -17.34 -17.06
-20.03 -20.09 -20.19 -20.25 -20.25 -20.38 -20.53 -20.62 -20.75 -20.78 -20.78 -20.78 -20.84 -20.84 -20.88 -20.81 -20.78 -20.75 -20.75 -20.69 -20.56 -20.50 -20.41 -20.22 -20.06 -20.06 -20.00 -19.84 -19.69 -19.56 -19.50 -19.41 -19.31 -19.03 -18.91 -18.75 -18.59 -18.44 -18.16 -17.97 -17.81 -17.81 -17.72 -17.56 -17.34 -17.28 -17.25 -17.19 -17.03 -16.97 -16.88 -16.94 -16.97 -16.91 -16.81 -16.94 -16.91 -16.84 -16.97 -17.03 -17.00 -17.00 -17.19 -17.31 -17.50 -17.62 -17.69 -17.62 -17.50 -17.41 -17.28
-19.84 -19.97 -20.09 -20.16 -20.25 -20.31 -20.44 -20.47 -20.56 -20.66 -20.72 -20.78 -20.84 -20.81 -20.81 -20.81 -20.75 -20.69 -20.69 -20.69 -20.56 -20.47 -20.38 -20.22 -20.03 -19.91 -19.91 -19.72 -19.50 -19.41 -19.38 -19.25 -19.12 -18.91 -18.78 -18.62 -18.53 -18.25 -18.00 -17.81 -17.66 -17.59 -17.53 -17.44 -17.28 -17.38 -17.31 -17.25 -17.09 -17.09 -17.09 -17.09 -17.00 -17.06 -17.12 -17.22 -17.28 -17.19 -17.09 -17.19 -17.12 -17.19 -17.38 -17.59 -17.62 -17.75 -17.81 -17.75 -17.59 -17.50 -17.56
-19.69 -19.91 -20.00 -20.09 -20.12 -20.22 -20.25 -20.38 -20.47 -20.56 -20.62 -20.69 -20.78 -20.78 -20.75 -20.72 -20.72 -20.66 -20.59 -20.59 -20.50 -20.38 -20.31 -20.16 -19.97 -19.78 -19.62 -19.47 -19.31 -19.19 -19.12 -19.00 -18.94 -18.84 -18.69 -18.50 -18.44 -18.25 -17.84 -17.69 -17.72 -17.56 -17.50 -17.44 -17.44 -17.50 -17.41 -17.34 -17.19 -17.06 -17.12 -17.25 -17.34 -17.22 -17.28 -17.41 -17.47 -17.38 -17.25 -17.28 -17.38 -17.38 -17.44 -17.69 -17.81 -17.75 -17.75 -17.62 -17.47 -17.62 -17.72
-19.53 -19.69 -19.84 -20.00 -20.06 -20.09 -20.19 -20.31 -20.41 -20.47 -20.62 -20.72 -20.78 -20.78 -20.78 -20.75 -20.69 -20.66 -20.53 -20.50 -20.44 -20.31 -20.16 -20.19 -19.94 -19.75 -19.66 -19.41 -19.16 -19.00 -18.91 -18.88 -18.81 -18.81 -18.62 -18.53 -18.41 -18.19 -17.94 -17.88 -17.78 -17.56 -17.41 -17.44 -17.44 -17.56 -17.56 -17.53 -17.41 -17.38 -17.44 -17.47 -17.53 -17.44 -17.50 -17.56 -17.59 -17.47 -17.47 -17.50 -17.47 -17.56 -17.62 -17.75 -17.84 -17.78 -17.81 -17.59 -17.69 -17.81 -17.91
-19.44 -19.56 -19.75 -19.88 -19.94 -20.03 -20.06 -20.22 -20.31 -20.47 -20.53 -20.56 -20.69 -20.72 -20.75 -20.75 -20.59 -20.62 -20.56 -20.50 -20.44 -20.34 -20.16 -20.06 -19.84 -19.62 -19.44 -19.31 -19.16 -18.91 -18.75 -18.66 -18.66 -18.62 -18.69 -18.62 -18.47 -18.19 -17.97 -17.97 -17.84 -17.78 -17.69 -17.59 -17.59 -17.50 -17.50 -17.59 -17.72 -17.69 -17.66 -17.75 -17.88 -17.97 -18.00 -17.84 -17.84 -17.88 -17.81 -17.78 -17.84 -17.94 -17.91 -18.03 -18.09 -18.00 -17.88 -17.81 -17.94 -18.00 -18.09
-19.28 -19.53 -19.66 -19.78 -19.91 -19.97 -20.03 -20.09 -20.22 -20.38 -20.50 -20.59 -20.66 -20.72 -20.72 -20.72 -20.59 -20.59 -20.56 -20.53 -20.47 -20.22 -20.03 -19.94 -19.69 -19.56 -19.34 -19.25 -19.16 -19.00 -18.69 -18.59 -18.59 -18.66 -18.66 -18.62 -18.47 -18.28 -18.00 -17.84 -17.88 -17.88 -17.88 -17.84 -17.91 -17.94 -17.97 -17.91 -17.91 -17.88 -17.94 -18.09 -18.16 -18.16 -18.12 -18.06 -17.97 -18.06 -18.09 -18.12 -18.09 -18.19 -18.28 -18.28 -18.12 -18.09 -18.00 -18.22 -18.19 -18.19 -18.31
-19.16 -19.41 -19.59 -19.69 -19.75 -19.78 -19.88 -20.00 -20.19 -20.25 -20.38 -20.53 -20.56 -20.62 -20.72 -20.72 -20.62 -20.59 -20.53 -20.41 -20.28 -20.09 -19.88 -19.72 -19.53 -19.38 -19.22 -19.19 -19.12 -18.97 -18.94 -18.75 -18.69 -18.78 -18.69 -18.62 -18.56 -18.25 -18.12 -18.00 -17.94 -17.91 -17.81 -17.91 -18.00 -18.06 -18.09 -18.09 -18.09 -18.31 -18.44 -18.50 -18.41 -18.34 -18.41 -18.38 -18.41 -18.31 -18.22 -18.19 -18.22 -18.22 -18.25 -18.25 -18.28 -18.34 -18.31 -18.34 -18.41 -18.44 -18.47
-18.94 -19.16 -19.31 -19.38 -19.50 -19.56 -19.72 -19.94 -20.09 -20.16 -20.19 -20.28 -20.38 -20.47 -20.56 -20.62 -20.59 -20.47 -20.44 -20.31 -20.22 -19.97 -19.84 -19.56 -19.38 -19.34 -19.28 -19.25 -19.19 -19.22 -19.06 -18.94 -18.78 -18.81 -18.84 -18.72 -18.59 -18.34 -18.34 -18.25 -18.22 -18.19 -18.12 -18.19 -18.25 -18.41 -18.50 -18.50 -18.56 -18.56 -18.66 -18.78 -18.62 -18.66 -18.69 -18.75 -18.78 -18.69 -18.59 -18.62 -18.53 -18.50 -18.44 -18.41 -18.50 -18.41 -18.56 -18.66 -18.56 -18.59 -18.66
-18.84 -18.97 -19.00 -19.16 -19.25 -19.41 -19.59 -19.81 -19.91 -20.03 -20.16 -20.19 -20.25 -20.34 -20.41 -20.47 -20.44 -20.41 -20.34 -20.12 -20.00 -19.84 -19.59 -19.38 -19.31 -19.31 -19.28 -19.25 -19.12 -19.06 -19.06 -19.06 -19.00 -18.88 -18.84 -18.72 -18.59 -18.50 -18.47 -18.44 -18.44 -18.44 -18.41 -18.53 -18.69 -18.84 -18.94 -18.91 -18.88 -18.75 -18.78 -18.94 -19.00 -18.88 -19.00 -18.97 -18.97 -18.84 -18.75 -18.59 -18.50 -18.56 -18.56 -18.56 -18.56 -18.66 -18.78 -18.78 -18.81 -18.81 -18.81
-18.69 -18.75 -18.88 -19.00 -19.16 -19.34 -19.59 -19.69 -19.84 -20.06 -20.19 -20.25 -20.22 -20.28 -20.28 -20.28 -20.28 -20.22 -20.06 -19.97 -19.81 -19.66 -19.53 -19.38 -19.25 -19.09 -19.06 -19.00 -19.03 -19.09 -19.12 -19.09 -19.06 -19.09 -19.03 -19.06 -18.97 -18.91 -18.78 -18.72 -18.78 -18.78 -18.81 -18.94 -19.06 -19.28 -19.28 -19.25 -19.22 -19.16 -19.00 -19.09 -19.12 -19.12 -19.22 -19.12 -19.19 -19.12 -19.06 -18.84 -18.62 -18.62 -18.69 -18.88 -18.84 -18.78 -18.78 -18.84 -19.03 -19.06 -19.00
-18.50 -18.53 -18.69 -18.81 -19.06 -19.34 -19.53 -19.75 -19.94 -20.03 -20.06 -20.12 -20.12 -20.06 -20.19 -20.16 -20.19 -20.19 -20.12 -20.00 -19.84 -19.59 -19.44 -19.25 -19.19 -19.00 -18.97 -19.03 -19.09 -19.22 -19.22 -19.28 -19.28 -19.31 -19.25 -19.25 -19.28 -19.19 -18.97 -19.03 -19.06 -19.09 -19.25 -19.41 -19.50 -19.62 -19.72 -19.69 -19.66 -19.56 -19.38 -19.38 -19.38 -19.41 -19.41 -19.38 -19.31 -19.38 -19.28 -19.16 -18.94 -18.84 -18.91 -19.00 -19.06 -19.06 -19.03 -19.09 -19.22 -19.28 -19.34
-18.31 -18.50 -18.69 -18.78 -18.97 -19.31 -19.53 -19.72 -19.88 -19.94 -19.94 -20.00 -20.03 -20.06 -20.09 -20.22 -20.28 -20.25 -20.06 -19.94 -19.78 -19.59 -19.47 -19.19 -19.19 -19.06 -18.97 -19.06 -19.22 -19.31 -19.34 -19.41 -19.53 -19.62 -19.53 -19.47 -19.47 -19.50 -19.50 -19.41 -19.44 -19.44 -19.59 -19.72 -19.81 -19.88 -19.91 -19.91 -19.81 -19.66 -19.59 -19.59 -19.66 -19.62 -19.59 -19.53 -19.62 -19.50 -19.34 -19.25 -19.22 -19.19 -19.19 -19.22 -19.22 -19.28 -19.22 -19.16 -19.34 -19.50 -19.62
-18.22 -18.41 -18.59 -18.78 -18.97 -19.22 -19.47 -19.62 -19.75 -19.84 -19.88 -19.91 -19.97 -20.06 -20.09 -20.19 -20.19 -20.09 -20.06 -19.94 -19.72 -19.59 -19.62 -19.38 -19.22 -19.19 -19.22 -19.38 -19.50 -19.56 -19.56 -19.72 -19.81 -19.75 -19.72 -19.69 -19.66 -19.72 -19.78 -19.72 -19.78 -19.88 -19.88 -19.97 -20.09 -20.16 -20.16 -20.09 -20.03 -19.91 -19.88 -19.81 -19.84 -19.81 -19.91 -19.84 -19.78 -19.69 -19.59 -19.47 -19.50 -19.47 -19.47 -19.47 -19.47 -19.50 -19.44 -19.41 -19.34 -19.56 -19.84
-18.09 -18.25 -18.44 -18.72 -18.84 -19.19 -19.44 -19.56 -19.72 -19.81 -19.84 -19.84 -19.94 -20.09 -20.12 -20.12 -20.06 -20.00 -19.91 -19.81 -19.66 -19.47 -19.53 -19.41 -19.34 -19.25 -19.25 -19.44 -19.62 -19.72 -19.81 -19.94 -20.03 -19.97 -19.94 -20.00 -20.03 -20.09 -20.12 -20.16 -20.09 -20.09 -20.19 -20.22 -20.41 -20.41 -20.31 -20.31 -20.28 -20.19 -20.19 -20.22 -20.19 -20.19 -20.12 -20.00 -19.88 -19.88 -19.69 -19.59 -19.59 -19.66 -19.59 -19.50 -19.47 -19.56 -19.62 -19.53 -19.56 -19.78 -19.94
-18.12 -18.28 -18.50 -18.69 -18.84 -19.12 -19.31 -19.53 -19.62 -19.72 -19.72 -19.75 -19.88 -20.00 -20.06 -20.00 -19.91 -19.81 -19.81 -19.75 -19.53 -19.31 -19.41 -19.34 -19.28 -19.34 -19.44 -19.56 -19.75 -19.84 -19.94 -20.03 -20.19 -20.25 -20.31 -20.31 -20.34 -20.31 -20.41 -20.47 -20.47 -20.44 -20.53 -20.62 -20.62 -20.66 -20.66 -20.56 -20.56 -20.56 -20.53 -20.53 -20.50 -20.41 -20.28 -20.19 -20.09 -19.97 -19.78 -19.75 -19.75 -19.75 -19.75 -19.72 -19.72 -19.72 -19.66 -19.66 -19.81 -19.91 -20.09
-18.06 -18.31 -18.41 -18.59 -18.78 -19.03 -19.19 -19.34 -19.50 -19.53 -19.56 -19.62 -19.75 -19.84 -19.91 -19.91 -19.78 -19.75 -19.69 -19.72 -19.56 -19.41 -19.38 -19.25 -19.31 -19.38 -19.56 -19.84 -19.88 -19.94 -20.12 -20.31 -20.44 -20.47 -20.59 -20.66 -20.62 -20.72 -20.78 -20.81 -20.84 -20.81 -20.91 -20.91 -21.00 -20.84 -20.81 -20.88 -20.97 -20.97 -20.91 -20.81 -20.72 -20.62 -20.53 -20.50 -20.31 -20.12 -20.00 -19.88 -19.81 -19.78 -19.97 -20.06 -20.03 -20.00 -19.88 -19.81 -19.94 -20.12 -20.22
-18.00 -18.22 -18.47 -18.59 -18.72 -18.91 -19.12 -19.28 -19.38 -19.50 -19.50 -19.56 -19.59 -19.72 -19.81 -19.84 -19.75 -19.62 -19.56 -19.50 -19.47 -19.38 -19.28 -19.28 -19.41 -19.41 -19.62 -19.78 -19.91 -20.06 -20.34 -20.50 -20.69 -20.81 -20.88 -20.91 -20.91 -20.94 -21.09 -21.09 -21.00 -20.97 -21.03 -21.06 -21.12 -21.09 -21.12 -21.22 -21.22 -21.16 -21.09 -21.09 -20.97 -20.75 -20.66 -20.66 -20.59 -20.34 -20.22 -20.09 -20.00 -20.00 -19.94 -20.03 -20.09 -20.12 -20.12 -20.06 -20.12 -20.19 -20.34
-18.03 -18.19 -18.47 -18.62 -18.78 -18.94 -19.03 -19.19 -19.28 -19.41 -19.47 -19.47 -19.50 -19.56 -19.66 -19.66 -19.66 -19.53 -19.47 -19.31 -19.25 -19.31 -19.44 -19.44 -19.53 -19.56 -19.72 -20.00 -20.12 -20.22 -20.38 -20.66 -20.84 -20.97 -20.97 -21.00 -21.09 -21.19 -21.19 -21.22 -21.25 -21.31 -21.31 -21.38 -21.38 -21.38 -21.34 -21.31 -21.34 -21.31 -21.25 -21.19 -21.09 -20.94 -20.75 -20.72 -20.69 -20.53 -20.50 -20.34 -20.25 -20.19 -20.00 -19.94 -19.94 -20.09 -20.19 -20.12 -20.22 -20.22 -20.34
-18.19 -18.25 -18.41 -18.62 -18.72 -18.81 -19.03 -19.09 -19.09 -19.19 -19.28 -19.34 -19.38 -19.38 -19.47 -19.47 -19.47 -19.41 -19.34 -19.25 -19.22 -19.25 -19.38 -19.41 -19.44 -19.69 -19.97 -20.22 -20.41 -20.53 -20.56 -20.59 -20.78 -20.94 -21.00 -21.06 -21.19 -21.25 -21.28 -21.38 -21.44 -21.47 -21.53 -21.56 -21.56 -21.56 -21.53 -21.41 -21.44 -21.44 -21.34 -21.31 -21.22 -21.06 -20.97 -20.94 -20.84 -20.72 -20.56 -20.38 -20.38 -20.41 -20.34 -20.25 -20.12 -20.09 -20.19 -20.25 -20.19 -20.28 -20.50
-18.28 -18.41 -18.56 -18.62 -18.75 -18.88 -18.88 -18.97 -19.03 -19.06 -19.19 -19.22 -19.25 -19.25 -19.28 -19.34 -19.31 -19.28 -19.22 -19.31 -19.38 -19.31 -19.47 -19.53 -19.62 -19.88 -20.12 -20.31 -20.41 -20.56 -20.62 -20.69 -20.78 -20.91 -21.03 -21.22 -21.31 -21.47 -21.53 -21.56 -21.56 -21.59 -21.62 -21.66 -21.66 -21.66 -21.66 -21.66 -21.59 -21.50 -21.38 -21.28 -21.16 -21.16 -21.12 -21.09 -20.94 -20.84 -20.75 -20.59 -20.53 -20.47 -20.34 -20.31 -20.28 -20.28 -20.41 -20.44 -20.38 -20.31 -20.44
-18.53 -18.62 -18.72 -18.75 -18.75 -18.81 -18.81 -18.91 -18.91 -18.91 -18.97 -19.03 -19.03 -19.03 -19.09 -19.19 -19.31 -19.31 -19.31 -19.41 -19.47 -19.53 -19.69 -19.81 -19.84 -20.06 -20.28 -20.34 -20.34 -20.50 -20.72 -20.91 -20.94 -21.06 -21.22 -21.38 -21.41 -21.47 -21.56 -21.59 -21.62 -21.69 -21.75 -21.81 -21.81 -21.81 -21.78 -21.75 -21.72 -21.56 -21.47 -21.25 -21.16 -21.16 -21.16 -21.09 -20.91 -20.81 -20.78 -20.72 -20.66 -20.53 -20.50 -20.50 -20.41 -20.34 -20.41 -20.50 -20.41 -20.47 -20.44
-18.78 -18.78 -18.88 -18.75 -18.66 -18.72 -18.81 -18.84 -18.84 -18.91 -18.91 -18.94 -18.97 -19.06 -19.03 -19.19 -19.28 -19.22 -19.31 -19.47 -19.62 -19.69 -19.91 -19.97 -20.06 -20.25 -20.41 -20.44 -20.47 -20.47 -20.66 -20.94 -21.03 -21.12 -21.28 -21.44 -21.44 -21.50 -21.66 -21.66 -21.72 -21.78 -21.81 -21.88 -21.91 -21.88 -21.84 -21.84 -21.88 -21.78 -21.59 -21.34 -21.28 -21.31 -21.34 -21.22 -21.12 -20.97 -20.88 -20.75 -20.69 -20.69 -20.59 -20.59 -20.62 -20.50 -20.44 -20.47 -20.41 -20.44 -20.59
-18.81 -18.81 -18.81 -18.81 -18.72 -18.72 -18.69 -18.75 -18.81 -18.88 -18.94 -18.91 -18.91 -19.00 -19.16 -19.19 -19.28 -19.28 -19.31 -19.34 -19.59 -19.91 -20.09 -20.16 -20.22 -20.38 -20.44 -20.50 -20.59 -20.69 -20.84 -21.03 -21.16 -21.28 -21.38 -21.41 -21.53 -21.62 -21.75 -21.75 -21.78 -21.81 -21.84 -21.91 -21.97 -21.97 -21.97 -21.91 -21.81 -21.84 -21.75 -21.56 -21.41 -21.31 -21.28 -21.28 -21.19 -21.06 -21.09 -21.03 -20.88 -20.84 -20.78 -20.66 -20.66 -20.59 -20.50 -20.44 -20.47 -20.56 -20.78
-18.91 -18.84 -18.81 -18.75 -18.81 -18.84 -18.81 -18.81 -18.81 -18.81 -18.88 -18.97 -18.94 -19.06 -19.16 -19.19 -19.31 -19.38 -19.41 -19.50 -19.69 -19.97 -20.16 -20.25 -20.34 -20.47 -20.59 -20.59 -20.62 -20.78 -20.88 -21.06 -21.28 -21.38 -21.47 -21.50 -21.50 -21.66 -21.72 -21.75 -21.75 -21.88 -21.88 -21.91 -21.97 -21.97 -21.94 -21.91 -21.78 -21.75 -21.69 -21.62 -21.47 -21.41 -21.34 -21.28 -21.12 -21.12 -21.16 -21.12 -21.00 -20.94 -20.81 -20.72 -20.66 -20.69 -20.66 -20.69 -20.81 -20.75 -20.78
-19.16 -19.03 -18.91 -18.91 -18.94 -19.00 -18.91 -18.88 -18.84 -18.88 -18.94 -19.03 -19.00 -19.06 -19.09 -19.16 -19.28 -19.44 -19.50 -19.59 -19.91 -19.91 -20.00 -20.09 -20.31 -20.34 -20.53 -20.62 -20.69 -20.75 -20.91 -21.03 -21.25 -21.38 -21.47 -21.47 -21.53 -21.56 -21.69 -21.78 -21.84 -21.88 -21.91 -21.94 -22.00 -22.00 -21.91 -21.84 -21.81 -21.81 -21.75 -21.69 -21.56 -21.53 -21.50 -21.41 -21.25 -21.22 -21.16 -21.03 -20.94 -20.94 -20.94 -20.94 -20.84 -20.75 -20.75 -20.78 -20.75 -20.78 -20.97
-19.31 -19.25 -19.19 -19.12 -19.12 -19.12 -19.06 -19.03 -18.97 -18.97 -19.00 -19.00 -19.03 -19.06 -19.06 -19.09 -19.25 -19.41 -19.50 -19.66 -19.88 -20.03 -20.06 -20.22 -20.25 -20.34 -20.50 -20.66 -20.78 -20.78 -20.91 -21.06 -21.16 -21.28 -21.38 -21.34 -21.41 -21.50 -21.59 -21.66 -21.78 -21.84 -21.94 -21.91 -21.91 -21.91 -21.91 -21.88 -21.91 -21.97 -22.03 -21.94 -21.84 -21.69 -21.56 -21.44 -21.31 -21.12 -21.12 -21.06 -20.97 -21.06 -21.09 -21.06 -20.94 -20.88 -20.88 -20.84 -20.81 -20.84 -20.94
-19.50 -19.34 -19.34 -19.28 -19.25 -19.22 -19.12 -19.03 -19.09 -19.12 -19.06 -19.03 -19.03 -19.12 -19.12 -19.16 -19.25 -19.31 -19.47 -19.59 -19.72 -19.91 -20.06 -20.16 -20.19 -20.34 -20.53 -20.66 -20.75 -20.91 -21.03 -21.06 -21.12 -21.25 -21.28 -21.28 -21.25 -21.34 -21.50 -21.62 -21.81 -21.84 -21.84 -21.84 -21.94 -22.00 -22.00 -21.94 -21.94 -21.97 -22.06 -22.03 -21.94 -21.75 -21.66 -21.47 -21.41 -21.28 -21.22 -21.28 -21.25 -21.22 -21.16 -21.12 -21.03 -20.88 -20.84 -20.84 -20.81 -20.91 -21.06
