everonasctiles/Tile[48,17].asc
ncols 128
nrows 128
xllcorner 0
yllcorner 0
cellsize 2.0
NODATA_value  -9999
[rows 58 to 86 of 128, columns 0 to 66 of 128]
-105.59 -105.62 -105.72 -105.88 -106.09 -106.34 -106.62 -106.91 -107.25 -107.59 -108.00 -108.44 -108.94 -109.47 -110.00 -110.44 -110.78 -111.03 -111.19 -111.28 -111.28 -111.22 -111.16 -111.06 -110.97 -110.84 -110.69 -110.50 -110.56 -110.84 -111.09 -111.31 -111.44 -111.47 -111.47 -111.66 -111.94 -112.12 -112.12 -112.00 -111.91 -112.09 -112.28 -112.41 -112.44 -112.47 -112.56 -112.66 -112.66 -112.59 -112.47 -112.22 -111.88 -111.44 -110.88 -110.31 -110.34 -110.91 -111.22 -111.41 -111.44 -111.31 -111.09 -110.84 -110.94 -111.25 -111.53
-105.69 -105.66 -105.59 -105.72 -106.03 -106.38 -106.69 -107.03 -107.41 -107.81 -108.28 -108.75 -109.25 -109.75 -110.25 -110.72 -111.09 -111.38 -111.56 -111.66 -111.66 -111.59 -111.53 -111.47 -111.38 -111.25 -111.06 -110.88 -110.94 -111.28 -111.59 -111.84 -112.03 -112.09 -112.03 -112.22 -112.53 -112.78 -112.81 -112.69 -112.47 -112.62 -112.84 -113.00 -113.06 -113.12 -113.19 -113.22 -113.19 -113.09 -112.91 -112.62 -112.22 -111.72 -111.09 -110.69 -110.78 -111.41 -111.81 -112.00 -112.06 -111.94 -111.69 -111.41 -111.38 -111.69 -112.00
-105.97 -105.91 -105.75 -105.75 -105.94 -106.31 -106.75 -107.16 -107.56 -108.03 -108.50 -109.00 -109.50 -110.03 -110.53 -111.00 -111.41 -111.75 -111.94 -112.03 -112.00 -111.97 -111.94 -111.91 -111.81 -111.66 -111.47 -111.25 -111.38 -111.72 -112.06 -112.38 -112.62 -112.72 -112.66 -112.75 -113.16 -113.44 -113.53 -113.41 -113.16 -113.19 -113.44 -113.59 -113.69 -113.75 -113.78 -113.81 -113.75 -113.59 -113.38 -113.03 -112.59 -112.03 -111.59 -111.28 -111.31 -111.94 -112.41 -112.62 -112.69 -112.56 -112.34 -112.03 -111.84 -112.06 -112.44
-106.44 -106.41 -106.28 -106.22 -106.28 -106.41 -106.69 -107.12 -107.62 -108.12 -108.66 -109.19 -109.72 -110.25 -110.78 -111.28 -111.75 -112.12 -112.34 -112.44 -112.41 -112.38 -112.38 -112.34 -112.28 -112.12 -111.88 -111.62 -111.84 -112.25 -112.59 -112.94 -113.22 -113.34 -113.31 -113.38 -113.78 -114.12 -114.25 -114.12 -113.88 -113.84 -114.06 -114.19 -114.28 -114.38 -114.41 -114.41 -114.31 -114.12 -113.84 -113.50 -113.03 -112.56 -112.28 -112.03 -112.00 -112.50 -113.03 -113.25 -113.31 -113.22 -113.00 -112.72 -112.44 -112.34 -112.78
-106.94 -107.03 -107.00 -106.91 -106.94 -106.97 -107.03 -107.19 -107.53 -108.09 -108.72 -109.31 -109.91 -110.47 -111.03 -111.59 -112.09 -112.50 -112.78 -112.88 -112.84 -112.78 -112.81 -112.84 -112.75 -112.56 -112.25 -112.00 -112.34 -112.75 -113.12 -113.47 -113.78 -114.00 -114.03 -114.09 -114.47 -114.78 -114.94 -114.84 -114.69 -114.59 -114.69 -114.78 -114.88 -114.97 -115.03 -115.00 -114.88 -114.66 -114.38 -114.03 -113.56 -113.25 -113.12 -112.91 -112.81 -113.16 -113.69 -113.91 -113.97 -113.88 -113.69 -113.47 -113.12 -112.78 -113.06
-107.47 -107.62 -107.69 -107.75 -107.78 -107.78 -107.78 -107.81 -107.94 -108.19 -108.69 -109.38 -110.09 -110.72 -111.31 -111.91 -112.44 -112.91 -113.22 -113.34 -113.31 -113.25 -113.34 -113.38 -113.28 -113.03 -112.62 -112.38 -112.78 -113.25 -113.62 -114.00 -114.34 -114.59 -114.75 -114.88 -115.12 -115.44 -115.59 -115.56 -115.44 -115.38 -115.34 -115.34 -115.44 -115.56 -115.62 -115.59 -115.44 -115.22 -114.94 -114.56 -114.09 -113.94 -114.00 -113.91 -113.72 -113.94 -114.38 -114.56 -114.66 -114.56 -114.41 -114.22 -113.91 -113.44 -113.47
-108.03 -108.19 -108.31 -108.47 -108.59 -108.66 -108.69 -108.78 -108.81 -108.88 -109.09 -109.62 -110.34 -111.03 -111.66 -112.25 -112.81 -113.31 -113.69 -113.88 -113.84 -113.81 -113.91 -113.94 -113.81 -113.56 -113.03 -112.88 -113.25 -113.75 -114.12 -114.47 -114.84 -115.16 -115.38 -115.56 -115.81 -116.06 -116.22 -116.19 -116.12 -116.06 -115.97 -115.91 -116.00 -116.16 -116.22 -116.16 -116.00 -115.78 -115.50 -115.12 -114.66 -114.62 -114.94 -114.94 -114.75 -114.81 -115.09 -115.25 -115.28 -115.22 -115.09 -114.91 -114.62 -114.06 -114.03
-108.50 -108.75 -108.94 -109.06 -109.25 -109.44 -109.66 -109.84 -109.97 -109.91 -109.88 -110.19 -110.88 -111.59 -112.12 -112.62 -113.19 -113.72 -114.16 -114.38 -114.44 -114.41 -114.50 -114.53 -114.41 -114.16 -113.69 -113.53 -113.81 -114.25 -114.56 -114.91 -115.28 -115.66 -115.97 -116.19 -116.44 -116.66 -116.78 -116.81 -116.75 -116.69 -116.56 -116.44 -116.53 -116.69 -116.78 -116.75 -116.56 -116.34 -116.09 -115.72 -115.22 -115.31 -115.69 -115.81 -115.78 -115.72 -115.81 -115.91 -115.94 -115.88 -115.75 -115.56 -115.25 -114.69 -114.66
-108.91 -109.25 -109.50 -109.69 -109.88 -110.09 -110.38 -110.69 -110.94 -111.03 -110.81 -110.97 -111.59 -112.38 -112.88 -113.19 -113.62 -114.16 -114.59 -114.88 -115.00 -115.03 -115.09 -115.09 -115.00 -114.84 -114.47 -114.31 -114.53 -114.84 -115.03 -115.28 -115.66 -116.06 -116.44 -116.72 -116.97 -117.19 -117.34 -117.41 -117.38 -117.28 -117.16 -116.97 -117.03 -117.22 -117.34 -117.31 -117.16 -116.94 -116.69 -116.31 -115.84 -116.03 -116.38 -116.50 -116.56 -116.56 -116.53 -116.56 -116.59 -116.53 -116.41 -116.19 -115.84 -115.22 -115.31
-109.19 -109.66 -110.00 -110.22 -110.44 -110.69 -111.00 -111.31 -111.59 -111.84 -111.88 -111.84 -112.38 -113.22 -113.66 -113.91 -114.22 -114.66 -115.06 -115.38 -115.53 -115.62 -115.66 -115.66 -115.59 -115.50 -115.31 -115.19 -115.34 -115.47 -115.56 -115.66 -115.94 -116.38 -116.81 -117.19 -117.47 -117.72 -117.88 -117.94 -117.94 -117.84 -117.69 -117.50 -117.59 -117.78 -117.88 -117.88 -117.72 -117.53 -117.28 -116.91 -116.47 -116.75 -117.06 -117.22 -117.28 -117.31 -117.25 -117.22 -117.22 -117.16 -117.00 -116.78 -116.38 -115.78 -116.00
-109.34 -109.91 -110.38 -110.72 -110.97 -111.25 -111.56 -111.91 -112.25 -112.53 -112.72 -112.81 -113.22 -113.91 -114.28 -114.56 -114.88 -115.19 -115.56 -115.84 -116.06 -116.16 -116.22 -116.22 -116.16 -116.09 -116.00 -115.94 -116.00 -116.03 -116.06 -116.09 -116.22 -116.62 -117.09 -117.53 -117.88 -118.16 -118.34 -118.44 -118.44 -118.38 -118.22 -118.09 -118.16 -118.31 -118.41 -118.41 -118.28 -118.09 -117.88 -117.50 -117.16 -117.50 -117.78 -117.94 -118.00 -118.00 -117.94 -117.88 -117.81 -117.72 -117.59 -117.44 -116.97 -116.53 -116.75
-109.38 -110.09 -110.66 -111.09 -111.41 -111.72 -112.06 -112.47 -112.88 -113.22 -113.47 -113.69 -114.03 -114.53 -114.88 -115.16 -115.47 -115.75 -116.06 -116.31 -116.53 -116.69 -116.75 -116.75 -116.69 -116.62 -116.53 -116.50 -116.50 -116.50 -116.53 -116.53 -116.56 -116.84 -117.31 -117.78 -118.19 -118.53 -118.78 -118.91 -118.94 -118.88 -118.75 -118.69 -118.75 -118.84 -118.91 -118.91 -118.81 -118.62 -118.41 -118.06 -117.91 -118.22 -118.47 -118.62 -118.72 -118.69 -118.59 -118.47 -118.34 -118.25 -118.16 -118.09 -117.78 -117.41 -117.59
-109.41 -110.22 -110.91 -111.44 -111.78 -112.09 -112.47 -112.91 -113.38 -113.81 -114.12 -114.41 -114.72 -115.09 -115.44 -115.75 -116.00 -116.28 -116.53 -116.78 -117.00 -117.16 -117.22 -117.25 -117.19 -117.09 -117.03 -116.97 -116.97 -116.97 -116.97 -117.00 -117.00 -117.16 -117.56 -118.03 -118.47 -118.81 -119.12 -119.31 -119.38 -119.34 -119.28 -119.25 -119.28 -119.38 -119.44 -119.44 -119.34 -119.16 -118.91 -118.62 -118.66 -118.94 -119.16 -119.28 -119.38 -119.34 -119.22 -119.06 -118.88 -118.72 -118.72 -118.72 -118.59 -118.38 -118.50
-109.75 -110.44 -111.22 -111.78 -112.16 -112.44 -112.75 -113.22 -113.72 -114.25 -114.69 -115.00 -115.34 -115.66 -116.00 -116.28 -116.53 -116.78 -117.00 -117.25 -117.44 -117.59 -117.69 -117.69 -117.62 -117.53 -117.44 -117.41 -117.41 -117.41 -117.41 -117.44 -117.44 -117.50 -117.81 -118.25 -118.69 -119.06 -119.41 -119.62 -119.75 -119.78 -119.75 -119.75 -119.81 -119.88 -119.91 -119.91 -119.81 -119.66 -119.41 -119.22 -119.34 -119.59 -119.78 -119.91 -120.00 -119.94 -119.81 -119.62 -119.38 -119.19 -119.25 -119.31 -119.28 -119.19 -119.19
-110.44 -110.84 -111.53 -112.12 -112.53 -112.84 -113.09 -113.44 -113.97 -114.53 -115.09 -115.50 -115.88 -116.19 -116.50 -116.78 -117.00 -117.22 -117.44 -117.66 -117.84 -118.00 -118.09 -118.09 -118.03 -117.94 -117.84 -117.81 -117.81 -117.81 -117.84 -117.84 -117.84 -117.88 -118.06 -118.47 -118.88 -119.25 -119.62 -119.94 -120.09 -120.19 -120.22 -120.22 -120.25 -120.31 -120.38 -120.34 -120.28 -120.12 -119.91 -119.81 -119.97 -120.19 -120.34 -120.47 -120.56 -120.50 -120.38 -120.16 -119.88 -119.72 -119.78 -119.84 -119.84 -119.78 -119.78
-111.03 -111.38 -111.88 -112.47 -112.91 -113.25 -113.50 -113.75 -114.16 -114.72 -115.31 -115.84 -116.28 -116.66 -116.97 -117.25 -117.47 -117.66 -117.88 -118.06 -118.22 -118.38 -118.44 -118.47 -118.41 -118.31 -118.22 -118.16 -118.19 -118.19 -118.22 -118.22 -118.22 -118.22 -118.28 -118.62 -119.03 -119.41 -119.78 -120.12 -120.41 -120.53 -120.59 -120.62 -120.66 -120.72 -120.78 -120.78 -120.72 -120.59 -120.44 -120.38 -120.53 -120.72 -120.88 -121.00 -121.06 -121.03 -120.88 -120.66 -120.44 -120.28 -120.31 -120.34 -120.34 -120.31 -120.28
-111.56 -111.91 -112.25 -112.78 -113.25 -113.66 -113.94 -114.16 -114.41 -114.88 -115.47 -116.03 -116.53 -116.97 -117.34 -117.66 -117.88 -118.06 -118.25 -118.41 -118.56 -118.72 -118.78 -118.78 -118.72 -118.62 -118.53 -118.50 -118.50 -118.56 -118.59 -118.59 -118.59 -118.53 -118.53 -118.75 -119.12 -119.53 -119.91 -120.28 -120.59 -120.81 -120.94 -121.00 -121.03 -121.09 -121.16 -121.16 -121.12 -121.06 -121.00 -120.97 -121.09 -121.22 -121.34 -121.47 -121.53 -121.50 -121.34 -121.16 -120.97 -120.84 -120.84 -120.81 -120.78 -120.75 -120.69
-112.06 -112.41 -112.72 -113.09 -113.56 -114.00 -114.31 -114.56 -114.78 -115.09 -115.56 -116.12 -116.69 -117.16 -117.59 -117.97 -118.22 -118.44 -118.59 -118.75 -118.91 -119.03 -119.09 -119.09 -119.00 -118.91 -118.81 -118.78 -118.81 -118.88 -118.94 -118.97 -118.94 -118.91 -118.84 -118.88 -119.19 -119.56 -119.97 -120.34 -120.69 -121.00 -121.22 -121.31 -121.38 -121.44 -121.50 -121.53 -121.50 -121.50 -121.50 -121.53 -121.56 -121.69 -121.78 -121.91 -121.97 -121.94 -121.81 -121.62 -121.47 -121.38 -121.31 -121.28 -121.22 -121.16 -121.06
-112.53 -112.91 -113.19 -113.47 -113.88 -114.28 -114.66 -114.94 -115.19 -115.44 -115.75 -116.22 -116.75 -117.28 -117.75 -118.16 -118.47 -118.72 -118.91 -119.06 -119.22 -119.31 -119.38 -119.34 -119.28 -119.16 -119.06 -119.03 -119.09 -119.19 -119.28 -119.31 -119.28 -119.25 -119.22 -119.22 -119.34 -119.62 -119.97 -120.38 -120.78 -121.12 -121.41 -121.59 -121.69 -121.78 -121.84 -121.88 -121.88 -121.94 -121.97 -122.03 -122.06 -122.09 -122.19 -122.28 -122.34 -122.31 -122.22 -122.06 -121.94 -121.81 -121.75 -121.66 -121.56 -121.47 -121.31
-112.94 -113.34 -113.66 -113.91 -114.19 -114.59 -114.94 -115.28 -115.53 -115.78 -116.06 -116.41 -116.88 -117.34 -117.84 -118.28 -118.66 -118.94 -119.16 -119.34 -119.47 -119.59 -119.62 -119.62 -119.53 -119.41 -119.28 -119.28 -119.34 -119.47 -119.56 -119.62 -119.62 -119.59 -119.62 -119.69 -119.78 -119.91 -120.12 -120.47 -120.84 -121.25 -121.59 -121.84 -122.00 -122.09 -122.16 -122.19 -122.22 -122.31 -122.41 -122.47 -122.50 -122.53 -122.56 -122.66 -122.69 -122.69 -122.56 -122.44 -122.31 -122.22 -122.12 -122.00 -121.84 -121.66 -121.47
-113.28 -113.75 -114.12 -114.38 -114.59 -114.88 -115.19 -115.53 -115.84 -116.12 -116.38 -116.69 -117.06 -117.50 -117.94 -118.38 -118.75 -119.09 -119.38 -119.59 -119.72 -119.84 -119.91 -119.88 -119.78 -119.62 -119.50 -119.53 -119.66 -119.78 -119.88 -119.94 -119.97 -119.97 -120.03 -120.12 -120.25 -120.38 -120.53 -120.75 -121.03 -121.44 -121.78 -122.06 -122.28 -122.41 -122.47 -122.50 -122.56 -122.69 -122.81 -122.91 -122.94 -122.94 -122.94 -123.00 -123.03 -123.00 -122.91 -122.78 -122.69 -122.53 -122.41 -122.22 -122.00 -121.81 -121.62
-113.59 -114.09 -114.50 -114.81 -115.03 -115.25 -115.47 -115.72 -116.03 -116.34 -116.66 -116.94 -117.28 -117.66 -118.06 -118.47 -118.88 -119.25 -119.56 -119.81 -119.97 -120.09 -120.16 -120.12 -120.03 -119.84 -119.72 -119.81 -119.97 -120.09 -120.22 -120.28 -120.34 -120.38 -120.44 -120.53 -120.62 -120.78 -120.97 -121.16 -121.41 -121.69 -122.00 -122.28 -122.53 -122.69 -122.78 -122.81 -122.88 -123.00 -123.16 -123.28 -123.31 -123.31 -123.31 -123.31 -123.31 -123.28 -123.19 -123.09 -122.97 -122.78 -122.59 -122.38 -122.16 -121.94 -121.81
-113.88 -114.41 -114.88 -115.22 -115.47 -115.66 -115.78 -115.94 -116.19 -116.50 -116.84 -117.16 -117.47 -117.81 -118.19 -118.56 -118.97 -119.34 -119.72 -120.00 -120.22 -120.38 -120.44 -120.41 -120.31 -120.12 -119.97 -120.16 -120.34 -120.47 -120.59 -120.69 -120.75 -120.78 -120.84 -120.94 -121.03 -121.12 -121.31 -121.53 -121.75 -122.00 -122.25 -122.53 -122.78 -122.97 -123.06 -123.12 -123.19 -123.31 -123.47 -123.62 -123.69 -123.69 -123.66 -123.66 -123.62 -123.53 -123.44 -123.31 -123.16 -122.97 -122.75 -122.50 -122.31 -122.16 -122.09
-114.22 -114.72 -115.22 -115.59 -115.88 -116.06 -116.16 -116.19 -116.28 -116.56 -116.94 -117.31 -117.66 -117.97 -118.31 -118.69 -119.06 -119.47 -119.84 -120.16 -120.44 -120.62 -120.75 -120.72 -120.62 -120.44 -120.34 -120.53 -120.72 -120.88 -121.00 -121.09 -121.16 -121.25 -121.31 -121.38 -121.44 -121.50 -121.66 -121.84 -122.06 -122.28 -122.50 -122.75 -123.00 -123.19 -123.34 -123.44 -123.53 -123.66 -123.81 -123.94 -124.00 -124.03 -124.00 -123.97 -123.88 -123.78 -123.66 -123.50 -123.31 -123.09 -122.88 -122.66 -122.53 -122.44 -122.44
-114.72 -115.12 -115.56 -115.97 -116.28 -116.50 -116.59 -116.59 -116.47 -116.56 -116.97 -117.38 -117.75 -118.12 -118.44 -118.81 -119.19 -119.56 -119.94 -120.31 -120.62 -120.88 -121.03 -121.09 -121.03 -120.88 -120.81 -121.00 -121.16 -121.28 -121.41 -121.50 -121.62 -121.69 -121.75 -121.81 -121.84 -121.91 -122.00 -122.19 -122.38 -122.59 -122.78 -123.00 -123.22 -123.44 -123.59 -123.72 -123.84 -123.97 -124.12 -124.25 -124.31 -124.34 -124.31 -124.25 -124.12 -123.97 -123.81 -123.59 -123.38 -123.16 -122.97 -122.88 -122.81 -122.78 -122.78
-115.28 -115.62 -115.97 -116.34 -116.66 -116.91 -117.03 -117.06 -117.00 -116.88 -117.03 -117.44 -117.88 -118.25 -118.56 -118.88 -119.25 -119.62 -120.03 -120.41 -120.78 -121.09 -121.34 -121.47 -121.47 -121.38 -121.34 -121.47 -121.62 -121.72 -121.81 -121.94 -122.06 -122.16 -122.22 -122.25 -122.28 -122.28 -122.38 -122.50 -122.69 -122.88 -123.09 -123.28 -123.47 -123.66 -123.84 -124.00 -124.16 -124.28 -124.44 -124.56 -124.62 -124.66 -124.59 -124.50 -124.34 -124.16 -123.91 -123.69 -123.44 -123.22 -123.12 -123.12 -123.12 -123.12 -123.12
-115.78 -116.09 -116.41 -116.75 -117.03 -117.31 -117.47 -117.56 -117.59 -117.56 -117.50 -117.66 -118.03 -118.44 -118.72 -118.97 -119.28 -119.66 -120.06 -120.50 -120.91 -121.28 -121.59 -121.81 -121.91 -121.91 -121.91 -122.00 -122.09 -122.16 -122.25 -122.34 -122.47 -122.59 -122.66 -122.69 -122.72 -122.69 -122.72 -122.81 -122.97 -123.19 -123.38 -123.56 -123.75 -123.91 -124.09 -124.25 -124.44 -124.59 -124.72 -124.84 -124.91 -124.91 -124.84 -124.72 -124.53 -124.31 -124.06 -123.78 -123.50 -123.31 -123.34 -123.41 -123.44 -123.47 -123.47
-116.19 -116.50 -116.81 -117.12 -117.41 -117.69 -117.91 -118.03 -118.12 -118.19 -118.19 -118.22 -118.47 -118.78 -119.00 -119.19 -119.34 -119.62 -120.09 -120.56 -121.03 -121.44 -121.84 -122.12 -122.31 -122.41 -122.44 -122.50 -122.56 -122.62 -122.69 -122.78 -122.88 -123.00 -123.09 -123.12 -123.12 -123.09 -123.09 -123.16 -123.28 -123.44 -123.66 -123.84 -124.03 -124.19 -124.34 -124.50 -124.69 -124.88 -125.00 -125.09 -125.16 -125.16 -125.06 -124.94 -124.75 -124.50 -124.25 -123.97 -123.66 -123.56 -123.66 -123.72 -123.78 -123.84 -123.84
-116.56 -116.91 -117.22 -117.50 -117.75 -118.03 -118.25 -118.47 -118.59 -118.72 -118.78 -118.88 -119.03 -119.22 -119.38 -119.53 -119.59 -119.66 -120.06 -120.62 -121.16 -121.66 -122.06 -122.44 -122.69 -122.88 -122.97 -123.03 -123.06 -123.09 -123.16 -123.22 -123.31 -123.41 -123.50 -123.53 -123.53 -123.50 -123.47 -123.47 -123.56 -123.72 -123.91 -124.12 -124.31 -124.47 -124.62 -124.78 -124.97 -125.12 -125.25 -125.34 -125.38 -125.38 -125.31 -125.16 -125.00 -124.78 -124.56 -124.31 -124.06 -123.94 -123.97 -124.06 -124.12 -124.19 -124.22
