everonasctiles/Tile0,34.asc
ncols 128
nrows 128
xllcorner 0
yllcorner 0
cellsize 2.0
NODATA_value  -9999
[rows 64 to 95 of 128, columns 0 to 70 of 128]
-54.53 -54.59 -54.72 -54.88 -55.06 -55.28 -55.50 -55.72 -55.94 -56.16 -56.38 -56.59 -56.84 -57.03 -57.25 -57.44 -57.62 -57.78 -57.94 -58.06 -58.19 -58.31 -58.44 -58.53 -58.66 -58.78 -58.94 -59.06 -59.19 -59.31 -59.38 -59.47 -59.53 -59.62 -59.69 -59.78 -59.84 -59.88 -59.91 -59.94 -60.00 -60.06 -60.12 -60.22 -60.28 -60.38 -60.44 -60.50 -60.56 -60.59 -60.62 -60.62 -60.62 -60.62 -60.62 -60.62 -60.62 -60.56 -60.50 -60.44 -60.38 -60.31 -60.28 -60.28 -60.25 -60.25 -60.19 -60.12 -60.03 -59.94 -59.84
-54.38 -54.44 -54.56 -54.72 -54.91 -55.12 -55.34 -55.56 -55.78 -56.00 -56.25 -56.47 -56.69 -56.91 -57.12 -57.31 -57.50 -57.66 -57.81 -57.94 -58.06 -58.19 -58.31 -58.41 -58.53 -58.66 -58.81 -58.94 -59.06 -59.16 -59.25 -59.34 -59.41 -59.50 -59.56 -59.66 -59.72 -59.75 -59.81 -59.84 -59.91 -59.97 -60.03 -60.12 -60.19 -60.25 -60.34 -60.41 -60.44 -60.47 -60.50 -60.50 -60.50 -60.47 -60.47 -60.47 -60.44 -60.41 -60.31 -60.25 -60.19 -60.16 -60.12 -60.09 -60.09 -60.06 -60.03 -59.97 -59.88 -59.78 -59.72
-54.22 -54.28 -54.41 -54.56 -54.75 -54.94 -55.16 -55.38 -55.62 -55.84 -56.09 -56.31 -56.53 -56.75 -56.97 -57.19 -57.34 -57.53 -57.69 -57.81 -57.94 -58.06 -58.16 -58.28 -58.41 -58.53 -58.69 -58.81 -58.94 -59.03 -59.12 -59.19 -59.28 -59.34 -59.44 -59.50 -59.59 -59.62 -59.69 -59.75 -59.81 -59.88 -59.94 -60.03 -60.09 -60.16 -60.22 -60.28 -60.34 -60.38 -60.38 -60.38 -60.38 -60.34 -60.31 -60.31 -60.25 -60.22 -60.16 -60.06 -60.03 -59.97 -59.94 -59.94 -59.91 -59.91 -59.88 -59.81 -59.72 -59.62 -59.56
-54.06 -54.12 -54.22 -54.38 -54.56 -54.78 -55.00 -55.22 -55.44 -55.66 -55.91 -56.12 -56.38 -56.59 -56.81 -57.03 -57.22 -57.38 -57.53 -57.66 -57.78 -57.91 -58.00 -58.12 -58.28 -58.41 -58.56 -58.69 -58.81 -58.88 -58.97 -59.06 -59.12 -59.22 -59.31 -59.38 -59.44 -59.50 -59.59 -59.66 -59.72 -59.81 -59.88 -59.94 -60.00 -60.06 -60.12 -60.19 -60.22 -60.25 -60.25 -60.25 -60.22 -60.19 -60.16 -60.12 -60.09 -60.03 -59.97 -59.91 -59.84 -59.81 -59.78 -59.78 -59.75 -59.75 -59.72 -59.66 -59.59 -59.50 -59.44
-53.88 -53.94 -54.06 -54.22 -54.38 -54.59 -54.78 -55.00 -55.22 -55.44 -55.69 -55.91 -56.16 -56.41 -56.62 -56.84 -57.03 -57.22 -57.38 -57.50 -57.62 -57.75 -57.84 -58.00 -58.12 -58.28 -58.44 -58.56 -58.66 -58.75 -58.81 -58.91 -59.00 -59.09 -59.16 -59.25 -59.31 -59.41 -59.47 -59.56 -59.66 -59.75 -59.81 -59.88 -59.91 -59.97 -60.03 -60.06 -60.09 -60.12 -60.16 -60.12 -60.09 -60.06 -60.00 -59.97 -59.91 -59.84 -59.78 -59.75 -59.69 -59.66 -59.62 -59.62 -59.59 -59.59 -59.56 -59.50 -59.44 -59.38 -59.31
-53.69 -53.75 -53.88 -54.03 -54.19 -54.38 -54.56 -54.78 -55.00 -55.22 -55.44 -55.69 -55.97 -56.22 -56.47 -56.66 -56.88 -57.03 -57.19 -57.34 -57.44 -57.56 -57.69 -57.84 -58.00 -58.16 -58.28 -58.41 -58.50 -58.59 -58.69 -58.78 -58.84 -58.94 -59.00 -59.09 -59.19 -59.28 -59.38 -59.47 -59.56 -59.66 -59.72 -59.78 -59.81 -59.88 -59.91 -59.97 -60.00 -60.03 -60.03 -60.00 -59.94 -59.91 -59.84 -59.78 -59.72 -59.69 -59.62 -59.59 -59.56 -59.53 -59.50 -59.47 -59.47 -59.44 -59.41 -59.34 -59.31 -59.25 -59.19
-53.50 -53.56 -53.69 -53.81 -53.97 -54.16 -54.31 -54.53 -54.72 -54.94 -55.22 -55.47 -55.75 -56.03 -56.25 -56.47 -56.66 -56.84 -57.00 -57.12 -57.25 -57.38 -57.53 -57.69 -57.84 -58.00 -58.16 -58.25 -58.34 -58.44 -58.53 -58.62 -58.72 -58.78 -58.88 -58.94 -59.03 -59.16 -59.28 -59.38 -59.47 -59.56 -59.62 -59.69 -59.72 -59.78 -59.81 -59.84 -59.88 -59.91 -59.91 -59.84 -59.81 -59.75 -59.66 -59.62 -59.56 -59.53 -59.47 -59.44 -59.44 -59.41 -59.38 -59.34 -59.31 -59.31 -59.25 -59.22 -59.16 -59.09 -59.06
-53.28 -53.34 -53.47 -53.59 -53.72 -53.88 -54.03 -54.22 -54.44 -54.69 -54.97 -55.25 -55.56 -55.81 -56.06 -56.28 -56.47 -56.62 -56.78 -56.94 -57.06 -57.19 -57.34 -57.53 -57.69 -57.84 -57.97 -58.09 -58.19 -58.28 -58.38 -58.47 -58.56 -58.62 -58.72 -58.81 -58.91 -59.03 -59.16 -59.28 -59.38 -59.47 -59.53 -59.59 -59.62 -59.69 -59.72 -59.75 -59.78 -59.78 -59.75 -59.72 -59.66 -59.56 -59.50 -59.44 -59.41 -59.38 -59.34 -59.31 -59.31 -59.28 -59.25 -59.25 -59.22 -59.16 -59.12 -59.09 -59.03 -58.97 -58.94
-53.06 -53.12 -53.22 -53.34 -53.47 -53.59 -53.75 -53.94 -54.19 -54.44 -54.75 -55.06 -55.34 -55.62 -55.84 -56.06 -56.25 -56.44 -56.56 -56.72 -56.84 -57.00 -57.19 -57.34 -57.53 -57.69 -57.81 -57.94 -58.03 -58.12 -58.22 -58.31 -58.41 -58.47 -58.56 -58.69 -58.78 -58.94 -59.06 -59.16 -59.28 -59.34 -59.44 -59.47 -59.53 -59.56 -59.59 -59.62 -59.66 -59.66 -59.62 -59.56 -59.50 -59.41 -59.34 -59.28 -59.25 -59.22 -59.22 -59.19 -59.19 -59.16 -59.16 -59.12 -59.09 -59.06 -59.00 -58.97 -58.91 -58.84 -58.81
-52.81 -52.88 -52.94 -53.06 -53.16 -53.28 -53.47 -53.66 -53.91 -54.22 -54.53 -54.84 -55.16 -55.41 -55.66 -55.84 -56.03 -56.19 -56.34 -56.50 -56.66 -56.81 -57.00 -57.19 -57.34 -57.53 -57.66 -57.75 -57.84 -57.97 -58.06 -58.16 -58.25 -58.34 -58.44 -58.56 -58.69 -58.81 -58.94 -59.06 -59.16 -59.25 -59.31 -59.38 -59.41 -59.44 -59.50 -59.50 -59.53 -59.50 -59.47 -59.41 -59.31 -59.25 -59.16 -59.12 -59.09 -59.09 -59.09 -59.09 -59.09 -59.06 -59.06 -59.03 -59.00 -58.94 -58.91 -58.84 -58.81 -58.75 -58.72
-52.56 -52.59 -52.69 -52.75 -52.88 -53.00 -53.16 -53.41 -53.72 -54.03 -54.34 -54.69 -54.97 -55.22 -55.44 -55.66 -55.81 -55.97 -56.12 -56.28 -56.47 -56.62 -56.84 -57.03 -57.19 -57.34 -57.47 -57.59 -57.69 -57.81 -57.91 -58.00 -58.09 -58.19 -58.31 -58.44 -58.56 -58.69 -58.84 -58.94 -59.06 -59.12 -59.22 -59.25 -59.31 -59.34 -59.34 -59.38 -59.38 -59.38 -59.31 -59.25 -59.16 -59.06 -59.00 -58.97 -58.97 -58.97 -58.97 -59.00 -58.97 -58.97 -58.94 -58.94 -58.91 -58.84 -58.81 -58.75 -58.72 -58.66 -58.62
-52.31 -52.34 -52.41 -52.47 -52.56 -52.69 -52.88 -53.19 -53.53 -53.88 -54.19 -54.50 -54.78 -55.03 -55.25 -55.44 -55.59 -55.75 -55.94 -56.09 -56.28 -56.47 -56.66 -56.84 -57.03 -57.19 -57.31 -57.44 -57.53 -57.66 -57.75 -57.84 -57.94 -58.06 -58.19 -58.31 -58.44 -58.59 -58.72 -58.84 -58.94 -59.03 -59.09 -59.16 -59.19 -59.19 -59.22 -59.22 -59.22 -59.19 -59.12 -59.06 -58.97 -58.91 -58.84 -58.81 -58.81 -58.84 -58.88 -58.88 -58.88 -58.88 -58.84 -58.84 -58.81 -58.78 -58.72 -58.69 -58.62 -58.59 -58.56
-52.03 -52.06 -52.12 -52.19 -52.28 -52.44 -52.72 -53.03 -53.38 -53.72 -54.03 -54.31 -54.59 -54.81 -55.03 -55.22 -55.38 -55.56 -55.75 -55.94 -56.12 -56.31 -56.53 -56.72 -56.88 -57.03 -57.16 -57.28 -57.41 -57.50 -57.59 -57.69 -57.81 -57.94 -58.06 -58.22 -58.34 -58.50 -58.62 -58.75 -58.84 -58.91 -58.97 -59.03 -59.06 -59.06 -59.06 -59.06 -59.06 -59.00 -58.97 -58.88 -58.81 -58.72 -58.69 -58.69 -58.69 -58.72 -58.75 -58.78 -58.78 -58.78 -58.75 -58.75 -58.72 -58.69 -58.66 -58.62 -58.56 -58.53 -58.53
-51.78 -51.81 -51.88 -51.94 -52.03 -52.28 -52.59 -52.91 -53.25 -53.56 -53.88 -54.16 -54.41 -54.62 -54.81 -55.00 -55.19 -55.41 -55.59 -55.78 -55.97 -56.19 -56.38 -56.53 -56.72 -56.88 -57.00 -57.12 -57.25 -57.34 -57.44 -57.56 -57.69 -57.81 -57.97 -58.12 -58.25 -58.41 -58.53 -58.62 -58.72 -58.78 -58.84 -58.91 -58.91 -58.94 -58.91 -58.91 -58.88 -58.81 -58.78 -58.69 -58.62 -58.56 -58.53 -58.56 -58.59 -58.62 -58.66 -58.69 -58.69 -58.69 -58.69 -58.66 -58.66 -58.62 -58.59 -58.56 -58.53 -58.50 -58.47
-51.53 -51.56 -51.62 -51.72 -51.91 -52.19 -52.47 -52.78 -53.09 -53.41 -53.69 -53.97 -54.22 -54.44 -54.62 -54.81 -55.03 -55.25 -55.44 -55.62 -55.81 -56.00 -56.19 -56.38 -56.53 -56.69 -56.81 -56.94 -57.06 -57.19 -57.31 -57.44 -57.56 -57.72 -57.88 -58.00 -58.16 -58.28 -58.41 -58.50 -58.59 -58.66 -58.72 -58.78 -58.78 -58.78 -58.78 -58.72 -58.69 -58.66 -58.59 -58.53 -58.47 -58.41 -58.41 -58.44 -58.47 -58.53 -58.56 -58.59 -58.59 -58.59 -58.59 -58.59 -58.59 -58.56 -58.53 -58.50 -58.50 -58.47 -58.44
-51.28 -51.34 -51.41 -51.59 -51.81 -52.09 -52.38 -52.66 -52.97 -53.25 -53.53 -53.78 -54.00 -54.22 -54.44 -54.66 -54.88 -55.09 -55.28 -55.47 -55.66 -55.81 -56.00 -56.19 -56.38 -56.50 -56.66 -56.78 -56.91 -57.03 -57.16 -57.31 -57.47 -57.62 -57.75 -57.91 -58.06 -58.19 -58.31 -58.41 -58.47 -58.53 -58.59 -58.66 -58.66 -58.66 -58.62 -58.56 -58.53 -58.47 -58.41 -58.38 -58.31 -58.31 -58.31 -58.38 -58.41 -58.47 -58.50 -58.53 -58.53 -58.53 -58.53 -58.53 -58.53 -58.50 -58.50 -58.47 -58.44 -58.44 -58.41
-51.09 -51.16 -51.25 -51.47 -51.69 -51.97 -52.25 -52.53 -52.81 -53.06 -53.34 -53.56 -53.81 -54.03 -54.25 -54.47 -54.69 -54.91 -55.09 -55.28 -55.44 -55.62 -55.81 -56.00 -56.19 -56.31 -56.47 -56.59 -56.75 -56.91 -57.06 -57.22 -57.38 -57.53 -57.66 -57.81 -57.94 -58.06 -58.19 -58.28 -58.34 -58.44 -58.47 -58.53 -58.53 -58.53 -58.47 -58.44 -58.38 -58.31 -58.28 -58.25 -58.22 -58.22 -58.28 -58.34 -58.38 -58.44 -58.47 -58.50 -58.50 -58.50 -58.50 -58.50 -58.50 -58.47 -58.44 -58.44 -58.41 -58.41 -58.38
-50.91 -51.00 -51.12 -51.34 -51.56 -51.84 -52.09 -52.38 -52.62 -52.88 -53.12 -53.38 -53.59 -53.84 -54.06 -54.31 -54.53 -54.72 -54.91 -55.06 -55.25 -55.44 -55.62 -55.81 -55.97 -56.12 -56.28 -56.44 -56.59 -56.78 -56.94 -57.09 -57.25 -57.41 -57.56 -57.72 -57.84 -57.97 -58.06 -58.16 -58.25 -58.31 -58.34 -58.41 -58.41 -58.41 -58.34 -58.31 -58.25 -58.19 -58.16 -58.16 -58.16 -58.19 -58.25 -58.31 -58.38 -58.44 -58.47 -58.47 -58.47 -58.50 -58.47 -58.47 -58.47 -58.44 -58.41 -58.41 -58.38 -58.38 -58.34
-50.78 -50.88 -51.03 -51.22 -51.44 -51.69 -51.94 -52.16 -52.41 -52.66 -52.91 -53.16 -53.41 -53.66 -53.88 -54.12 -54.34 -54.50 -54.69 -54.84 -55.03 -55.22 -55.44 -55.62 -55.78 -55.97 -56.12 -56.31 -56.47 -56.66 -56.84 -57.00 -57.16 -57.31 -57.47 -57.59 -57.72 -57.84 -57.94 -58.03 -58.12 -58.19 -58.25 -58.28 -58.28 -58.28 -58.22 -58.19 -58.12 -58.09 -58.09 -58.09 -58.16 -58.19 -58.28 -58.34 -58.41 -58.44 -58.47 -58.47 -58.47 -58.47 -58.47 -58.47 -58.44 -58.41 -58.41 -58.38 -58.34 -58.34 -58.31
-50.66 -50.78 -50.91 -51.09 -51.28 -51.50 -51.72 -51.97 -52.19 -52.44 -52.69 -52.97 -53.22 -53.47 -53.72 -53.94 -54.12 -54.28 -54.47 -54.62 -54.81 -55.03 -55.22 -55.44 -55.62 -55.81 -56.00 -56.19 -56.38 -56.56 -56.72 -56.91 -57.06 -57.22 -57.34 -57.47 -57.59 -57.72 -57.84 -57.94 -58.00 -58.06 -58.12 -58.16 -58.16 -58.16 -58.12 -58.06 -58.03 -58.03 -58.03 -58.09 -58.12 -58.22 -58.28 -58.34 -58.41 -58.44 -58.47 -58.47 -58.47 -58.47 -58.47 -58.44 -58.44 -58.41 -58.38 -58.34 -58.31 -58.31 -58.28
-50.59 -50.69 -50.81 -50.97 -51.12 -51.34 -51.53 -51.75 -52.00 -52.25 -52.50 -52.75 -53.03 -53.28 -53.50 -53.72 -53.91 -54.06 -54.25 -54.44 -54.62 -54.84 -55.06 -55.25 -55.47 -55.66 -55.88 -56.06 -56.25 -56.44 -56.62 -56.78 -56.94 -57.09 -57.22 -57.34 -57.47 -57.59 -57.72 -57.81 -57.91 -57.97 -58.00 -58.03 -58.03 -58.03 -58.00 -57.97 -57.94 -57.94 -58.00 -58.06 -58.12 -58.22 -58.28 -58.38 -58.41 -58.47 -58.47 -58.47 -58.47 -58.47 -58.47 -58.44 -58.44 -58.41 -58.38 -58.34 -58.31 -58.28 -58.25
-50.50 -50.59 -50.69 -50.84 -51.00 -51.16 -51.34 -51.56 -51.78 -52.03 -52.31 -52.56 -52.81 -53.06 -53.28 -53.50 -53.69 -53.88 -54.06 -54.25 -54.47 -54.69 -54.88 -55.09 -55.31 -55.53 -55.75 -55.97 -56.16 -56.34 -56.50 -56.66 -56.81 -56.97 -57.12 -57.25 -57.38 -57.50 -57.59 -57.72 -57.81 -57.88 -57.91 -57.94 -57.94 -57.91 -57.88 -57.84 -57.84 -57.88 -57.94 -58.03 -58.12 -58.22 -58.28 -58.38 -58.41 -58.47 -58.47 -58.47 -58.47 -58.47 -58.44 -58.44 -58.41 -58.38 -58.34 -58.31 -58.28 -58.25 -58.22
-50.41 -50.50 -50.59 -50.69 -50.84 -51.00 -51.16 -51.38 -51.59 -51.84 -52.09 -52.38 -52.62 -52.88 -53.09 -53.31 -53.50 -53.69 -53.88 -54.09 -54.31 -54.53 -54.75 -54.97 -55.19 -55.41 -55.62 -55.84 -56.03 -56.22 -56.38 -56.56 -56.72 -56.88 -57.00 -57.16 -57.28 -57.41 -57.53 -57.62 -57.72 -57.78 -57.81 -57.81 -57.81 -57.78 -57.75 -57.75 -57.78 -57.81 -57.91 -58.00 -58.09 -58.19 -58.28 -58.34 -58.41 -58.44 -58.47 -58.47 -58.47 -58.44 -58.44 -58.44 -58.41 -58.38 -58.34 -58.31 -58.28 -58.22 -58.19
-50.31 -50.38 -50.47 -50.56 -50.69 -50.84 -51.00 -51.19 -51.44 -51.69 -51.94 -52.19 -52.44 -52.66 -52.91 -53.12 -53.31 -53.53 -53.75 -53.94 -54.16 -54.38 -54.62 -54.84 -55.09 -55.31 -55.53 -55.72 -55.94 -56.09 -56.28 -56.44 -56.62 -56.78 -56.94 -57.06 -57.19 -57.31 -57.44 -57.53 -57.62 -57.69 -57.72 -57.72 -57.69 -57.69 -57.66 -57.66 -57.69 -57.75 -57.84 -57.94 -58.06 -58.16 -58.25 -58.34 -58.41 -58.44 -58.44 -58.44 -58.44 -58.44 -58.41 -58.41 -58.38 -58.34 -58.31 -58.28 -58.25 -58.22 -58.16
-50.22 -50.28 -50.34 -50.44 -50.56 -50.69 -50.88 -51.06 -51.28 -51.53 -51.78 -52.03 -52.25 -52.50 -52.72 -52.94 -53.16 -53.38 -53.59 -53.81 -54.03 -54.28 -54.50 -54.75 -54.97 -55.22 -55.41 -55.62 -55.81 -56.00 -56.19 -56.34 -56.53 -56.69 -56.84 -57.00 -57.12 -57.25 -57.38 -57.47 -57.53 -57.59 -57.59 -57.59 -57.59 -57.56 -57.56 -57.56 -57.59 -57.69 -57.78 -57.88 -58.00 -58.12 -58.22 -58.31 -58.38 -58.41 -58.41 -58.41 -58.41 -58.41 -58.41 -58.38 -58.34 -58.31 -58.28 -58.25 -58.22 -58.19 -58.12
-50.12 -50.16 -50.22 -50.31 -50.44 -50.59 -50.78 -50.97 -51.19 -51.41 -51.66 -51.88 -52.12 -52.34 -52.59 -52.81 -53.03 -53.25 -53.47 -53.69 -53.94 -54.19 -54.41 -54.66 -54.88 -55.09 -55.31 -55.50 -55.69 -55.91 -56.09 -56.28 -56.44 -56.62 -56.78 -56.94 -57.06 -57.19 -57.31 -57.38 -57.44 -57.50 -57.50 -57.50 -57.47 -57.47 -57.47 -57.47 -57.53 -57.62 -57.72 -57.84 -57.97 -58.09 -58.19 -58.25 -58.31 -58.34 -58.38 -58.38 -58.38 -58.38 -58.38 -58.34 -58.31 -58.28 -58.25 -58.22 -58.19 -58.16 -58.09
-50.03 -50.06 -50.12 -50.25 -50.38 -50.53 -50.72 -50.91 -51.12 -51.34 -51.56 -51.78 -52.00 -52.22 -52.47 -52.69 -52.91 -53.12 -53.38 -53.59 -53.84 -54.09 -54.31 -54.56 -54.78 -54.97 -55.19 -55.41 -55.59 -55.78 -55.97 -56.19 -56.38 -56.53 -56.72 -56.88 -57.00 -57.12 -57.22 -57.28 -57.34 -57.38 -57.38 -57.38 -57.34 -57.34 -57.34 -57.38 -57.47 -57.56 -57.66 -57.81 -57.91 -58.03 -58.12 -58.22 -58.28 -58.31 -58.34 -58.34 -58.34 -58.34 -58.34 -58.31 -58.31 -58.28 -58.22 -58.19 -58.16 -58.09 -58.06
-49.94 -50.00 -50.06 -50.19 -50.31 -50.47 -50.66 -50.84 -51.06 -51.28 -51.50 -51.69 -51.91 -52.12 -52.38 -52.59 -52.81 -53.06 -53.28 -53.53 -53.75 -54.00 -54.22 -54.44 -54.66 -54.88 -55.06 -55.28 -55.50 -55.69 -55.88 -56.09 -56.28 -56.47 -56.62 -56.78 -56.91 -57.03 -57.09 -57.16 -57.22 -57.25 -57.25 -57.25 -57.25 -57.25 -57.25 -57.31 -57.41 -57.50 -57.62 -57.75 -57.88 -58.00 -58.09 -58.16 -58.22 -58.25 -58.28 -58.31 -58.31 -58.31 -58.31 -58.28 -58.28 -58.25 -58.19 -58.16 -58.09 -58.03 -58.00
-49.88 -49.94 -50.03 -50.16 -50.28 -50.44 -50.62 -50.81 -51.03 -51.22 -51.44 -51.62 -51.84 -52.06 -52.28 -52.53 -52.75 -52.97 -53.22 -53.44 -53.69 -53.91 -54.12 -54.31 -54.53 -54.75 -54.97 -55.19 -55.38 -55.59 -55.78 -56.00 -56.19 -56.38 -56.53 -56.69 -56.81 -56.91 -56.97 -57.03 -57.09 -57.12 -57.12 -57.12 -57.12 -57.16 -57.19 -57.28 -57.38 -57.47 -57.59 -57.72 -57.84 -57.94 -58.03 -58.09 -58.16 -58.19 -58.22 -58.25 -58.28 -58.28 -58.28 -58.25 -58.22 -58.19 -58.16 -58.09 -58.03 -57.97 -57.94
-49.84 -49.91 -50.00 -50.12 -50.25 -50.41 -50.59 -50.78 -50.97 -51.19 -51.38 -51.59 -51.78 -52.00 -52.22 -52.47 -52.69 -52.94 -53.16 -53.38 -53.59 -53.81 -54.00 -54.22 -54.44 -54.62 -54.84 -55.06 -55.28 -55.50 -55.69 -55.88 -56.09 -56.28 -56.44 -56.56 -56.69 -56.75 -56.81 -56.88 -56.94 -56.97 -57.00 -57.00 -57.03 -57.06 -57.16 -57.25 -57.34 -57.47 -57.59 -57.69 -57.78 -57.88 -57.97 -58.03 -58.09 -58.12 -58.16 -58.19 -58.22 -58.22 -58.22 -58.22 -58.19 -58.16 -58.09 -58.03 -57.97 -57.91 -57.84
-49.81 -49.91 -50.00 -50.09 -50.22 -50.38 -50.56 -50.72 -50.94 -51.12 -51.34 -51.53 -51.75 -51.97 -52.19 -52.41 -52.62 -52.88 -53.09 -53.31 -53.50 -53.72 -53.91 -54.12 -54.34 -54.53 -54.75 -54.97 -55.19 -55.38 -55.59 -55.78 -55.97 -56.16 -56.31 -56.47 -56.56 -56.62 -56.69 -56.75 -56.78 -56.84 -56.88 -56.91 -56.94 -57.03 -57.12 -57.22 -57.34 -57.44 -57.56 -57.66 -57.75 -57.81 -57.91 -57.94 -58.00 -58.06 -58.09 -58.12 -58.12 -58.16 -58.16 -58.12 -58.12 -58.06 -58.03 -57.97 -57.91 -57.84 -57.78
-49.78 -49.88 -49.97 -50.06 -50.19 -50.34 -50.50 -50.69 -50.88 -51.09 -51.31 -51.50 -51.72 -51.91 -52.12 -52.34 -52.59 -52.81 -53.03 -53.22 -53.44 -53.62 -53.81 -54.03 -54.25 -54.44 -54.66 -54.84 -55.06 -55.25 -55.47 -55.66 -55.84 -56.03 -56.19 -56.31 -56.41 -56.50 -56.53 -56.59 -56.66 -56.72 -56.75 -56.81 -56.91 -57.00 -57.12 -57.22 -57.34 -57.44 -57.53 -57.59 -57.69 -57.75 -57.81 -57.88 -57.94 -57.97 -58.00 -58.03 -58.06 -58.06 -58.06 -58.06 -58.03 -58.00 -57.97 -57.91 -57.84 -57.75 -57.69
