everonasctiles/Tile48,31.asc
ncols 128
nrows 128
xllcorner 0
yllcorner 0
cellsize 2.0
NODATA_value  -9999
[rows 31 to 61 of 128, columns 0 to 68 of 128]
-76.19 -76.25 -76.34 -76.47 -76.62 -76.78 -76.94 -77.12 -77.31 -77.53 -77.69 -77.84 -78.00 -78.12 -78.22 -78.31 -78.41 -78.50 -78.59 -78.69 -78.78 -78.88 -78.94 -79.03 -79.09 -79.19 -79.25 -79.34 -79.41 -79.50 -79.59 -79.69 -79.78 -79.88 -79.97 -80.09 -80.22 -80.38 -80.53 -80.72 -80.91 -81.09 -81.31 -81.59 -81.88 -82.16 -82.47 -82.78 -83.12 -83.44 -83.75 -84.06 -84.41 -84.78 -85.19 -85.62 -86.03 -86.44 -86.84 -87.22 -87.56 -87.91 -88.25 -88.59 -88.91 -89.22 -89.50 -89.78 -90.03
-76.34 -76.34 -76.41 -76.50 -76.62 -76.75 -76.94 -77.12 -77.34 -77.53 -77.75 -77.94 -78.09 -78.25 -78.34 -78.47 -78.56 -78.66 -78.75 -78.84 -78.94 -79.03 -79.12 -79.22 -79.31 -79.38 -79.47 -79.53 -79.59 -79.69 -79.78 -79.88 -79.97 -80.06 -80.16 -80.25 -80.38 -80.53 -80.72 -80.91 -81.09 -81.31 -81.53 -81.81 -82.09 -82.41 -82.72 -83.06 -83.41 -83.72 -84.03 -84.34 -84.69 -85.03 -85.44 -85.84 -86.25 -86.69 -87.09 -87.47 -87.81 -88.16 -88.47 -88.81 -89.09 -89.41 -89.69 -89.97 -90.25
-76.47 -76.47 -76.50 -76.56 -76.66 -76.78 -76.94 -77.16 -77.34 -77.56 -77.78 -78.00 -78.19 -78.34 -78.47 -78.59 -78.69 -78.81 -78.91 -79.00 -79.09 -79.22 -79.31 -79.41 -79.50 -79.59 -79.69 -79.75 -79.81 -79.88 -79.97 -80.06 -80.16 -80.25 -80.31 -80.41 -80.53 -80.69 -80.88 -81.09 -81.31 -81.53 -81.78 -82.06 -82.34 -82.66 -83.00 -83.34 -83.69 -84.03 -84.34 -84.69 -85.00 -85.31 -85.66 -86.03 -86.44 -86.88 -87.31 -87.69 -88.06 -88.41 -88.75 -89.06 -89.34 -89.62 -89.91 -90.19 -90.47
-76.59 -76.62 -76.66 -76.69 -76.75 -76.84 -77.00 -77.19 -77.41 -77.62 -77.84 -78.06 -78.25 -78.44 -78.59 -78.72 -78.84 -78.94 -79.06 -79.16 -79.28 -79.38 -79.50 -79.59 -79.69 -79.81 -79.91 -79.97 -80.03 -80.09 -80.19 -80.25 -80.34 -80.44 -80.50 -80.59 -80.69 -80.84 -81.06 -81.28 -81.53 -81.78 -82.03 -82.31 -82.62 -82.94 -83.28 -83.62 -83.97 -84.34 -84.69 -85.00 -85.31 -85.59 -85.91 -86.22 -86.62 -87.03 -87.47 -87.88 -88.28 -88.66 -89.00 -89.31 -89.59 -89.88 -90.16 -90.41 -90.66
-76.75 -76.78 -76.81 -76.88 -76.91 -76.97 -77.09 -77.25 -77.47 -77.69 -77.91 -78.12 -78.31 -78.50 -78.69 -78.84 -78.97 -79.09 -79.19 -79.31 -79.44 -79.56 -79.69 -79.78 -79.91 -80.00 -80.12 -80.19 -80.25 -80.31 -80.41 -80.47 -80.56 -80.66 -80.72 -80.78 -80.84 -81.00 -81.19 -81.47 -81.72 -82.03 -82.31 -82.59 -82.91 -83.22 -83.56 -83.91 -84.28 -84.62 -85.00 -85.31 -85.66 -85.94 -86.22 -86.50 -86.81 -87.22 -87.62 -88.06 -88.47 -88.84 -89.19 -89.53 -89.84 -90.12 -90.38 -90.62 -90.88
-76.91 -76.94 -77.00 -77.06 -77.09 -77.16 -77.22 -77.38 -77.56 -77.75 -77.97 -78.19 -78.38 -78.59 -78.75 -78.94 -79.09 -79.22 -79.34 -79.47 -79.62 -79.75 -79.88 -79.97 -80.09 -80.22 -80.34 -80.41 -80.50 -80.56 -80.62 -80.72 -80.81 -80.88 -80.94 -81.00 -81.06 -81.16 -81.34 -81.62 -81.91 -82.25 -82.56 -82.88 -83.22 -83.53 -83.88 -84.22 -84.56 -84.94 -85.28 -85.62 -85.97 -86.28 -86.56 -86.84 -87.12 -87.44 -87.84 -88.25 -88.66 -89.03 -89.41 -89.72 -90.03 -90.31 -90.59 -90.84 -91.09
-77.06 -77.12 -77.19 -77.25 -77.31 -77.34 -77.41 -77.50 -77.66 -77.84 -78.03 -78.25 -78.44 -78.66 -78.84 -79.00 -79.19 -79.31 -79.47 -79.62 -79.78 -79.94 -80.06 -80.19 -80.31 -80.44 -80.56 -80.66 -80.75 -80.81 -80.91 -81.00 -81.06 -81.16 -81.22 -81.28 -81.31 -81.38 -81.47 -81.75 -82.09 -82.44 -82.81 -83.16 -83.53 -83.88 -84.22 -84.53 -84.88 -85.22 -85.56 -85.91 -86.28 -86.59 -86.91 -87.19 -87.47 -87.78 -88.09 -88.47 -88.88 -89.22 -89.59 -89.94 -90.25 -90.53 -90.78 -91.03 -91.25
-77.22 -77.31 -77.38 -77.47 -77.50 -77.56 -77.59 -77.69 -77.81 -77.97 -78.12 -78.31 -78.53 -78.72 -78.91 -79.09 -79.25 -79.44 -79.59 -79.78 -79.94 -80.09 -80.25 -80.38 -80.53 -80.66 -80.78 -80.91 -81.00 -81.09 -81.19 -81.28 -81.38 -81.47 -81.53 -81.59 -81.62 -81.66 -81.72 -81.91 -82.22 -82.62 -83.03 -83.44 -83.81 -84.19 -84.56 -84.88 -85.22 -85.53 -85.84 -86.19 -86.56 -86.91 -87.22 -87.50 -87.81 -88.09 -88.41 -88.75 -89.09 -89.47 -89.81 -90.12 -90.44 -90.72 -90.97 -91.19 -91.44
-77.38 -77.47 -77.56 -77.66 -77.72 -77.78 -77.81 -77.88 -78.00 -78.12 -78.25 -78.44 -78.59 -78.78 -78.97 -79.16 -79.34 -79.53 -79.72 -79.91 -80.09 -80.28 -80.44 -80.59 -80.72 -80.88 -81.03 -81.16 -81.28 -81.38 -81.47 -81.56 -81.69 -81.78 -81.88 -81.91 -81.97 -82.00 -82.06 -82.12 -82.38 -82.78 -83.22 -83.66 -84.09 -84.50 -84.91 -85.25 -85.56 -85.88 -86.19 -86.50 -86.84 -87.19 -87.50 -87.81 -88.12 -88.41 -88.72 -89.03 -89.38 -89.72 -90.06 -90.38 -90.66 -90.94 -91.16 -91.38 -91.59
-77.53 -77.62 -77.75 -77.84 -77.94 -78.00 -78.06 -78.12 -78.22 -78.31 -78.44 -78.56 -78.72 -78.88 -79.06 -79.25 -79.47 -79.66 -79.88 -80.06 -80.28 -80.44 -80.62 -80.78 -80.94 -81.09 -81.25 -81.41 -81.53 -81.66 -81.75 -81.88 -82.00 -82.12 -82.22 -82.28 -82.31 -82.38 -82.44 -82.50 -82.62 -82.97 -83.44 -83.88 -84.34 -84.78 -85.19 -85.59 -85.94 -86.25 -86.56 -86.84 -87.16 -87.47 -87.81 -88.12 -88.41 -88.72 -89.03 -89.34 -89.66 -89.97 -90.31 -90.62 -90.91 -91.16 -91.38 -91.59 -91.78
-77.66 -77.78 -77.91 -78.03 -78.16 -78.22 -78.31 -78.38 -78.44 -78.56 -78.66 -78.78 -78.91 -79.03 -79.19 -79.38 -79.59 -79.78 -80.00 -80.22 -80.44 -80.62 -80.81 -81.00 -81.16 -81.31 -81.47 -81.66 -81.81 -81.94 -82.06 -82.19 -82.31 -82.47 -82.56 -82.66 -82.69 -82.75 -82.81 -82.88 -82.97 -83.22 -83.66 -84.12 -84.59 -85.03 -85.47 -85.88 -86.28 -86.62 -86.94 -87.22 -87.50 -87.81 -88.12 -88.41 -88.72 -89.00 -89.31 -89.62 -89.94 -90.25 -90.56 -90.84 -91.12 -91.41 -91.62 -91.81 -91.97
-77.81 -77.94 -78.09 -78.22 -78.34 -78.47 -78.53 -78.62 -78.72 -78.81 -78.94 -79.03 -79.12 -79.22 -79.38 -79.53 -79.72 -79.94 -80.16 -80.41 -80.62 -80.81 -81.03 -81.19 -81.38 -81.53 -81.72 -81.88 -82.06 -82.22 -82.38 -82.53 -82.66 -82.81 -82.94 -83.03 -83.09 -83.12 -83.19 -83.25 -83.38 -83.56 -83.94 -84.38 -84.84 -85.28 -85.72 -86.16 -86.56 -86.94 -87.25 -87.56 -87.84 -88.16 -88.44 -88.75 -89.03 -89.31 -89.59 -89.91 -90.19 -90.50 -90.81 -91.09 -91.38 -91.62 -91.84 -92.03 -92.19
-78.00 -78.12 -78.28 -78.41 -78.56 -78.69 -78.78 -78.91 -79.00 -79.09 -79.22 -79.31 -79.41 -79.50 -79.59 -79.75 -79.91 -80.12 -80.34 -80.56 -80.81 -81.03 -81.22 -81.44 -81.59 -81.75 -81.94 -82.12 -82.31 -82.50 -82.69 -82.88 -83.03 -83.19 -83.31 -83.44 -83.53 -83.56 -83.59 -83.66 -83.75 -84.00 -84.31 -84.72 -85.12 -85.56 -85.97 -86.41 -86.81 -87.22 -87.56 -87.88 -88.19 -88.47 -88.75 -89.03 -89.31 -89.59 -89.88 -90.16 -90.47 -90.75 -91.03 -91.31 -91.59 -91.81 -92.03 -92.22 -92.41
-78.19 -78.31 -78.47 -78.62 -78.75 -78.91 -79.03 -79.16 -79.28 -79.41 -79.53 -79.62 -79.72 -79.81 -79.91 -80.00 -80.16 -80.31 -80.53 -80.75 -81.00 -81.22 -81.44 -81.66 -81.84 -82.00 -82.19 -82.38 -82.59 -82.81 -83.00 -83.22 -83.41 -83.56 -83.75 -83.88 -83.97 -84.03 -84.06 -84.06 -84.12 -84.38 -84.69 -85.06 -85.44 -85.84 -86.25 -86.69 -87.09 -87.47 -87.84 -88.16 -88.47 -88.78 -89.06 -89.34 -89.62 -89.88 -90.16 -90.44 -90.72 -91.00 -91.28 -91.53 -91.78 -92.00 -92.22 -92.41 -92.56
-78.34 -78.53 -78.69 -78.84 -78.97 -79.12 -79.25 -79.41 -79.56 -79.69 -79.84 -79.97 -80.06 -80.12 -80.22 -80.31 -80.44 -80.59 -80.75 -80.97 -81.22 -81.44 -81.69 -81.91 -82.09 -82.28 -82.44 -82.66 -82.84 -83.09 -83.34 -83.56 -83.78 -84.00 -84.19 -84.34 -84.50 -84.56 -84.56 -84.53 -84.53 -84.81 -85.12 -85.44 -85.78 -86.16 -86.56 -86.94 -87.34 -87.72 -88.09 -88.44 -88.75 -89.03 -89.31 -89.59 -89.88 -90.16 -90.41 -90.69 -90.97 -91.22 -91.47 -91.72 -91.97 -92.19 -92.41 -92.59 -92.75
-78.53 -78.72 -78.88 -79.03 -79.19 -79.34 -79.50 -79.66 -79.81 -80.00 -80.16 -80.28 -80.41 -80.47 -80.56 -80.66 -80.75 -80.88 -81.03 -81.22 -81.44 -81.69 -81.94 -82.16 -82.38 -82.56 -82.75 -82.94 -83.16 -83.41 -83.69 -83.97 -84.22 -84.44 -84.66 -84.88 -85.03 -85.12 -85.12 -85.06 -85.03 -85.25 -85.59 -85.88 -86.16 -86.47 -86.84 -87.22 -87.59 -88.00 -88.34 -88.69 -89.00 -89.28 -89.56 -89.84 -90.12 -90.38 -90.66 -90.91 -91.16 -91.44 -91.69 -91.91 -92.16 -92.34 -92.56 -92.75 -92.91
-78.69 -78.91 -79.09 -79.25 -79.44 -79.59 -79.75 -79.91 -80.06 -80.25 -80.44 -80.59 -80.72 -80.84 -80.94 -81.03 -81.12 -81.22 -81.34 -81.50 -81.72 -81.97 -82.22 -82.47 -82.72 -82.91 -83.09 -83.28 -83.50 -83.75 -84.06 -84.38 -84.66 -84.91 -85.16 -85.41 -85.59 -85.72 -85.75 -85.72 -85.62 -85.81 -86.16 -86.41 -86.62 -86.84 -87.12 -87.47 -87.84 -88.22 -88.56 -88.91 -89.22 -89.53 -89.81 -90.06 -90.34 -90.59 -90.84 -91.09 -91.34 -91.59 -91.84 -92.06 -92.31 -92.50 -92.69 -92.88 -93.03
-78.84 -79.06 -79.28 -79.47 -79.66 -79.84 -80.00 -80.16 -80.34 -80.53 -80.72 -80.91 -81.06 -81.19 -81.31 -81.41 -81.50 -81.59 -81.72 -81.84 -82.03 -82.28 -82.53 -82.81 -83.06 -83.31 -83.50 -83.69 -83.88 -84.16 -84.47 -84.81 -85.12 -85.41 -85.69 -85.94 -86.19 -86.34 -86.41 -86.41 -86.34 -86.47 -86.78 -87.00 -87.19 -87.38 -87.53 -87.75 -88.09 -88.44 -88.78 -89.12 -89.44 -89.72 -90.03 -90.28 -90.53 -90.78 -91.03 -91.28 -91.50 -91.75 -92.00 -92.22 -92.44 -92.62 -92.81 -93.00 -93.16
-78.97 -79.19 -79.44 -79.66 -79.88 -80.06 -80.28 -80.44 -80.62 -80.81 -81.00 -81.22 -81.41 -81.56 -81.69 -81.81 -81.91 -82.00 -82.12 -82.25 -82.41 -82.62 -82.91 -83.19 -83.47 -83.72 -83.94 -84.16 -84.34 -84.59 -84.91 -85.28 -85.62 -85.94 -86.22 -86.50 -86.78 -87.00 -87.09 -87.16 -87.12 -87.22 -87.44 -87.62 -87.81 -87.97 -88.09 -88.22 -88.38 -88.66 -88.97 -89.28 -89.62 -89.91 -90.22 -90.47 -90.72 -90.97 -91.19 -91.41 -91.66 -91.88 -92.12 -92.34 -92.56 -92.75 -92.94 -93.12 -93.28
-79.09 -79.34 -79.59 -79.84 -80.09 -80.31 -80.53 -80.72 -80.91 -81.09 -81.28 -81.50 -81.72 -81.94 -82.09 -82.22 -82.34 -82.44 -82.56 -82.69 -82.84 -83.03 -83.31 -83.59 -83.91 -84.19 -84.44 -84.69 -84.91 -85.12 -85.41 -85.78 -86.12 -86.47 -86.81 -87.09 -87.38 -87.62 -87.78 -87.88 -87.91 -87.97 -88.16 -88.31 -88.47 -88.62 -88.75 -88.81 -88.88 -88.97 -89.19 -89.47 -89.75 -90.06 -90.34 -90.62 -90.91 -91.12 -91.34 -91.56 -91.78 -92.03 -92.25 -92.47 -92.69 -92.88 -93.06 -93.25 -93.41
-79.25 -79.47 -79.72 -80.00 -80.25 -80.50 -80.75 -80.97 -81.19 -81.38 -81.56 -81.78 -82.03 -82.28 -82.47 -82.66 -82.81 -82.91 -83.03 -83.16 -83.31 -83.50 -83.75 -84.03 -84.34 -84.69 -85.00 -85.25 -85.53 -85.75 -86.00 -86.31 -86.69 -87.03 -87.38 -87.69 -87.97 -88.25 -88.47 -88.59 -88.66 -88.72 -88.88 -89.00 -89.16 -89.31 -89.41 -89.47 -89.50 -89.50 -89.53 -89.66 -89.91 -90.19 -90.47 -90.78 -91.03 -91.28 -91.53 -91.75 -91.97 -92.16 -92.38 -92.59 -92.81 -93.00 -93.19 -93.34 -93.50
-79.44 -79.66 -79.91 -80.16 -80.44 -80.69 -80.97 -81.22 -81.44 -81.66 -81.88 -82.09 -82.34 -82.59 -82.84 -83.09 -83.28 -83.41 -83.53 -83.66 -83.84 -84.00 -84.22 -84.50 -84.81 -85.19 -85.53 -85.88 -86.16 -86.44 -86.69 -86.94 -87.25 -87.59 -87.94 -88.28 -88.59 -88.88 -89.12 -89.31 -89.41 -89.50 -89.59 -89.72 -89.84 -90.00 -90.06 -90.12 -90.12 -90.09 -90.03 -89.97 -90.06 -90.31 -90.59 -90.91 -91.19 -91.47 -91.72 -91.94 -92.16 -92.34 -92.56 -92.75 -92.94 -93.12 -93.31 -93.47 -93.62
-79.66 -79.84 -80.09 -80.34 -80.59 -80.88 -81.16 -81.44 -81.69 -81.94 -82.19 -82.41 -82.66 -82.94 -83.22 -83.50 -83.72 -83.91 -84.06 -84.22 -84.38 -84.56 -84.72 -84.97 -85.31 -85.72 -86.12 -86.50 -86.84 -87.16 -87.44 -87.69 -87.94 -88.22 -88.56 -88.88 -89.19 -89.50 -89.78 -90.00 -90.16 -90.25 -90.34 -90.44 -90.56 -90.66 -90.75 -90.78 -90.75 -90.72 -90.62 -90.50 -90.41 -90.53 -90.75 -91.06 -91.38 -91.66 -91.94 -92.16 -92.38 -92.56 -92.75 -92.94 -93.09 -93.28 -93.44 -93.62 -93.78
-79.88 -80.09 -80.31 -80.56 -80.81 -81.06 -81.34 -81.66 -81.94 -82.22 -82.50 -82.75 -83.00 -83.28 -83.56 -83.88 -84.19 -84.44 -84.62 -84.81 -85.00 -85.16 -85.31 -85.44 -85.78 -86.22 -86.69 -87.16 -87.56 -87.91 -88.19 -88.47 -88.69 -88.94 -89.19 -89.50 -89.84 -90.16 -90.44 -90.69 -90.88 -91.00 -91.06 -91.16 -91.25 -91.34 -91.41 -91.44 -91.38 -91.34 -91.25 -91.12 -91.00 -91.03 -91.12 -91.31 -91.62 -91.94 -92.19 -92.41 -92.62 -92.81 -92.97 -93.12 -93.28 -93.44 -93.59 -93.75 -93.91
-80.09 -80.31 -80.56 -80.81 -81.03 -81.28 -81.56 -81.84 -82.16 -82.47 -82.81 -83.09 -83.38 -83.66 -83.94 -84.25 -84.59 -84.94 -85.22 -85.44 -85.66 -85.81 -85.94 -85.97 -86.19 -86.72 -87.28 -87.81 -88.25 -88.66 -88.97 -89.25 -89.53 -89.72 -89.94 -90.22 -90.53 -90.84 -91.12 -91.38 -91.56 -91.72 -91.81 -91.88 -91.94 -92.03 -92.06 -92.06 -92.03 -91.94 -91.88 -91.75 -91.69 -91.72 -91.78 -91.84 -92.00 -92.25 -92.50 -92.72 -92.91 -93.09 -93.25 -93.38 -93.50 -93.62 -93.78 -93.94 -94.09
-80.31 -80.56 -80.81 -81.06 -81.31 -81.53 -81.78 -82.06 -82.38 -82.72 -83.06 -83.44 -83.75 -84.06 -84.34 -84.66 -85.03 -85.41 -85.78 -86.09 -86.34 -86.53 -86.66 -86.66 -86.62 -87.19 -87.91 -88.47 -89.00 -89.41 -89.75 -90.06 -90.34 -90.56 -90.75 -91.00 -91.28 -91.56 -91.81 -92.06 -92.28 -92.44 -92.56 -92.59 -92.66 -92.69 -92.72 -92.72 -92.62 -92.56 -92.50 -92.44 -92.44 -92.50 -92.53 -92.53 -92.53 -92.66 -92.84 -93.03 -93.22 -93.41 -93.53 -93.66 -93.78 -93.88 -94.00 -94.12 -94.28
-80.53 -80.78 -81.06 -81.34 -81.59 -81.84 -82.06 -82.25 -82.56 -82.94 -83.31 -83.75 -84.16 -84.50 -84.81 -85.09 -85.47 -85.91 -86.34 -86.75 -87.06 -87.31 -87.44 -87.44 -87.25 -87.62 -88.50 -89.22 -89.75 -90.19 -90.56 -90.88 -91.19 -91.44 -91.62 -91.81 -92.06 -92.31 -92.56 -92.75 -92.97 -93.16 -93.28 -93.31 -93.34 -93.38 -93.38 -93.34 -93.25 -93.16 -93.12 -93.12 -93.16 -93.19 -93.22 -93.19 -93.12 -93.16 -93.25 -93.41 -93.56 -93.75 -93.88 -94.00 -94.09 -94.16 -94.25 -94.34 -94.47
-80.75 -81.00 -81.31 -81.62 -81.91 -82.16 -82.38 -82.59 -82.78 -83.12 -83.56 -84.06 -84.50 -84.94 -85.31 -85.62 -85.97 -86.38 -86.88 -87.34 -87.78 -88.09 -88.28 -88.31 -88.12 -88.31 -89.09 -90.00 -90.56 -91.00 -91.34 -91.69 -92.00 -92.28 -92.50 -92.69 -92.88 -93.09 -93.31 -93.50 -93.66 -93.84 -93.97 -94.03 -94.06 -94.06 -94.03 -93.94 -93.84 -93.75 -93.75 -93.78 -93.81 -93.84 -93.84 -93.81 -93.75 -93.69 -93.72 -93.81 -93.94 -94.09 -94.22 -94.34 -94.44 -94.50 -94.56 -94.62 -94.72
-81.00 -81.28 -81.56 -81.88 -82.22 -82.53 -82.78 -83.00 -83.19 -83.41 -83.81 -84.34 -84.91 -85.38 -85.81 -86.19 -86.53 -86.91 -87.41 -87.94 -88.44 -88.84 -89.12 -89.25 -89.22 -89.28 -89.91 -90.81 -91.41 -91.84 -92.19 -92.50 -92.81 -93.12 -93.31 -93.50 -93.69 -93.88 -94.06 -94.22 -94.38 -94.53 -94.69 -94.75 -94.75 -94.75 -94.69 -94.59 -94.44 -94.34 -94.41 -94.44 -94.50 -94.50 -94.47 -94.44 -94.34 -94.25 -94.22 -94.22 -94.31 -94.44 -94.59 -94.72 -94.78 -94.84 -94.91 -94.94 -95.03
-81.31 -81.56 -81.84 -82.19 -82.53 -82.88 -83.19 -83.44 -83.69 -83.94 -84.22 -84.69 -85.31 -85.88 -86.34 -86.78 -87.12 -87.50 -87.97 -88.53 -89.09 -89.59 -89.94 -90.19 -90.34 -90.47 -90.97 -91.72 -92.25 -92.66 -93.00 -93.31 -93.62 -93.91 -94.16 -94.31 -94.50 -94.66 -94.81 -94.94 -95.09 -95.22 -95.34 -95.44 -95.44 -95.41 -95.34 -95.22 -95.06 -94.97 -95.06 -95.12 -95.16 -95.19 -95.16 -95.06 -94.94 -94.84 -94.75 -94.69 -94.69 -94.81 -94.94 -95.09 -95.19 -95.25 -95.28 -95.31 -95.34
-81.62 -81.88 -82.19 -82.50 -82.84 -83.22 -83.59 -83.91 -84.22 -84.50 -84.84 -85.25 -85.78 -86.38 -86.91 -87.38 -87.78 -88.16 -88.56 -89.12 -89.72 -90.28 -90.72 -91.03 -91.38 -91.72 -92.19 -92.66 -93.09 -93.44 -93.75 -94.09 -94.44 -94.72 -94.94 -95.12 -95.28 -95.44 -95.56 -95.69 -95.78 -95.91 -96.03 -96.09 -96.09 -96.09 -96.03 -95.88 -95.72 -95.62 -95.72 -95.81 -95.84 -95.84 -95.81 -95.69 -95.56 -95.44 -95.31 -95.19 -95.12 -95.19 -95.31 -95.47 -95.56 -95.62 -95.66 -95.69 -95.72
