everonasctiles/Tile24,43.asc
ncols 128
nrows 128
xllcorner 0
yllcorner 0
cellsize 2.0
NODATA_value  -9999
[rows 64 to 95 of 128, columns 0 to 70 of 128]
-15.53 -15.81 -16.00 -16.34 -16.53 -16.75 -16.94 -17.22 -17.47 -17.81 -18.09 -18.25 -18.41 -18.56 -18.69 -18.88 -19.06 -19.25 -19.31 -19.47 -19.53 -19.66 -19.84 -19.97 -20.00 -20.03 -20.06 -20.06 -20.12 -20.16 -20.12 -20.09 -20.03 -19.94 -19.78 -19.69 -19.56 -19.41 -19.25 -19.16 -19.19 -19.16 -19.09 -19.06 -19.03 -19.00 -18.88 -18.81 -18.78 -18.78 -18.66 -18.50 -18.41 -18.25 -18.22 -18.12 -18.06 -17.88 -18.00 -18.25 -18.28 -18.38 -18.62 -18.84 -18.91 -19.03 -18.91 -19.06 -19.31 -19.91 -20.72
-15.12 -15.38 -15.56 -15.97 -16.03 -16.34 -16.66 -17.06 -17.34 -17.62 -17.81 -17.94 -18.12 -18.31 -18.50 -18.72 -18.91 -19.06 -19.22 -19.38 -19.47 -19.72 -19.88 -19.97 -20.09 -20.12 -20.06 -20.09 -20.16 -20.28 -20.25 -20.19 -20.16 -20.12 -20.00 -19.88 -19.75 -19.56 -19.41 -19.41 -19.44 -19.38 -19.28 -19.25 -19.22 -19.31 -19.31 -19.16 -18.97 -18.84 -18.84 -18.78 -18.59 -18.44 -18.31 -18.25 -18.16 -18.25 -18.41 -18.59 -18.62 -18.66 -18.62 -18.78 -18.88 -19.03 -19.09 -19.34 -19.44 -19.81 -20.78
-14.75 -15.09 -15.12 -15.34 -15.62 -16.00 -16.44 -16.88 -17.06 -17.28 -17.38 -17.66 -17.94 -18.16 -18.31 -18.50 -18.81 -18.97 -19.12 -19.28 -19.50 -19.62 -19.88 -20.03 -20.09 -20.16 -20.22 -20.22 -20.25 -20.38 -20.34 -20.38 -20.31 -20.28 -20.19 -20.03 -19.94 -19.75 -19.53 -19.59 -19.72 -19.59 -19.53 -19.41 -19.41 -19.59 -19.59 -19.47 -19.12 -19.09 -19.03 -18.78 -18.62 -18.53 -18.38 -18.31 -18.22 -18.19 -18.50 -18.66 -18.72 -18.78 -18.75 -18.97 -19.12 -19.19 -19.38 -19.44 -19.56 -19.91 -20.81
-14.34 -14.62 -14.72 -15.03 -15.47 -15.84 -16.19 -16.50 -16.75 -17.00 -17.19 -17.44 -17.66 -17.84 -18.03 -18.28 -18.56 -18.81 -19.00 -19.12 -19.25 -19.53 -19.81 -20.03 -20.16 -20.22 -20.28 -20.41 -20.50 -20.56 -20.47 -20.47 -20.41 -20.34 -20.31 -20.28 -20.19 -19.97 -19.78 -19.72 -19.91 -20.00 -19.97 -19.72 -19.59 -19.66 -19.69 -19.66 -19.50 -19.22 -19.06 -18.94 -18.81 -18.75 -18.56 -18.41 -18.25 -18.25 -18.47 -18.53 -18.59 -18.78 -18.91 -19.03 -19.12 -19.25 -19.44 -19.47 -19.62 -20.28 -20.97
-13.78 -14.19 -14.59 -14.94 -15.25 -15.47 -15.81 -16.22 -16.50 -16.84 -17.03 -17.19 -17.28 -17.53 -17.81 -18.09 -18.28 -18.66 -18.94 -19.09 -19.31 -19.53 -19.84 -20.06 -20.12 -20.31 -20.50 -20.56 -20.66 -20.62 -20.69 -20.69 -20.66 -20.56 -20.56 -20.56 -20.44 -20.25 -20.06 -19.91 -20.03 -20.16 -20.12 -20.09 -20.03 -19.91 -19.78 -19.59 -19.47 -19.28 -19.12 -19.03 -18.84 -18.81 -18.81 -18.69 -18.59 -18.62 -18.69 -18.84 -18.72 -18.78 -18.97 -19.09 -19.41 -19.72 -19.72 -19.78 -19.97 -20.28 -21.03
-13.34 -13.72 -14.03 -14.38 -14.72 -15.06 -15.50 -15.78 -16.12 -16.50 -16.72 -16.91 -17.16 -17.28 -17.50 -17.78 -18.03 -18.41 -18.78 -18.91 -19.12 -19.38 -19.75 -20.00 -20.25 -20.47 -20.66 -20.78 -20.88 -20.84 -20.84 -20.81 -20.81 -20.75 -20.59 -20.53 -20.44 -20.44 -20.31 -20.16 -20.09 -20.12 -20.19 -20.12 -20.06 -19.91 -19.81 -19.72 -19.59 -19.47 -19.25 -19.12 -19.19 -19.16 -19.16 -19.16 -19.06 -18.97 -19.00 -18.91 -19.00 -19.06 -19.19 -19.31 -19.59 -19.72 -19.88 -20.06 -20.16 -20.41 -20.94
-13.34 -13.69 -14.00 -14.22 -14.53 -14.78 -15.22 -15.50 -15.72 -16.03 -16.38 -16.59 -16.91 -17.22 -17.38 -17.62 -18.00 -18.28 -18.44 -18.81 -19.25 -19.50 -19.75 -20.03 -20.22 -20.47 -20.72 -20.88 -20.97 -21.00 -21.00 -20.97 -20.94 -20.78 -20.56 -20.47 -20.47 -20.44 -20.34 -20.34 -20.28 -20.19 -20.09 -20.19 -20.31 -20.22 -20.00 -19.84 -19.81 -19.59 -19.50 -19.34 -19.38 -19.31 -19.31 -19.31 -19.38 -19.38 -19.34 -19.28 -19.31 -19.28 -19.22 -19.38 -19.62 -19.81 -20.16 -20.34 -20.50 -20.66 -21.03
-12.91 -13.28 -13.62 -13.97 -14.25 -14.62 -15.03 -15.25 -15.53 -15.75 -16.00 -16.31 -16.69 -16.81 -17.09 -17.31 -17.59 -17.97 -18.41 -18.84 -19.19 -19.50 -19.69 -19.91 -20.16 -20.41 -20.69 -20.81 -20.94 -21.00 -21.12 -21.12 -21.00 -21.00 -20.94 -20.84 -20.75 -20.69 -20.56 -20.47 -20.41 -20.47 -20.34 -20.31 -20.28 -20.25 -20.09 -19.97 -20.06 -19.97 -19.81 -19.72 -19.53 -19.47 -19.56 -19.59 -19.56 -19.62 -19.59 -19.47 -19.38 -19.41 -19.38 -19.56 -19.75 -20.03 -20.34 -20.50 -20.59 -20.62 -20.91
-12.59 -12.97 -13.25 -13.66 -13.91 -14.25 -14.66 -15.00 -15.28 -15.53 -15.72 -15.97 -16.31 -16.53 -16.88 -17.22 -17.50 -17.81 -18.25 -18.78 -19.16 -19.53 -19.75 -20.00 -20.22 -20.47 -20.69 -20.84 -20.94 -21.03 -21.09 -21.16 -21.12 -21.19 -21.19 -21.09 -20.97 -20.91 -20.84 -20.75 -20.62 -20.62 -20.56 -20.47 -20.44 -20.38 -20.19 -20.06 -20.09 -19.94 -19.91 -19.88 -19.81 -19.78 -19.81 -19.84 -19.66 -19.62 -19.56 -19.53 -19.56 -19.50 -19.59 -19.75 -19.91 -20.09 -20.22 -20.34 -20.44 -20.38 -20.56
-12.19 -12.69 -13.12 -13.34 -13.75 -14.06 -14.31 -14.59 -14.94 -15.25 -15.53 -15.88 -16.19 -16.44 -16.72 -17.16 -17.47 -17.69 -18.06 -18.50 -19.06 -19.44 -19.75 -20.03 -20.25 -20.41 -20.72 -20.91 -21.00 -21.12 -21.19 -21.25 -21.28 -21.41 -21.41 -21.34 -21.16 -21.06 -21.00 -21.00 -20.88 -20.78 -20.62 -20.59 -20.62 -20.56 -20.44 -20.31 -20.22 -20.12 -20.09 -20.09 -19.97 -20.00 -20.00 -20.06 -20.00 -19.97 -19.75 -19.47 -19.50 -19.72 -19.69 -19.81 -19.84 -20.06 -20.28 -20.47 -20.44 -20.62 -20.88
-11.88 -12.41 -12.75 -13.06 -13.47 -13.84 -14.03 -14.19 -14.56 -14.97 -15.22 -15.56 -15.72 -16.06 -16.38 -16.78 -17.16 -17.56 -17.88 -18.34 -18.91 -19.31 -19.62 -19.94 -20.25 -20.56 -20.75 -20.97 -21.16 -21.28 -21.34 -21.41 -21.47 -21.50 -21.50 -21.47 -21.34 -21.22 -21.25 -21.16 -21.06 -21.03 -20.84 -20.78 -20.72 -20.66 -20.59 -20.56 -20.41 -20.28 -20.22 -20.19 -20.16 -20.19 -20.22 -20.22 -20.09 -20.00 -19.88 -19.75 -19.69 -19.75 -19.69 -19.72 -19.81 -20.12 -20.41 -20.62 -20.91 -21.00 -21.16
-11.47 -12.09 -12.41 -12.75 -13.09 -13.34 -13.66 -13.91 -14.19 -14.53 -14.84 -15.28 -15.62 -15.91 -16.16 -16.56 -17.00 -17.34 -17.75 -18.22 -18.69 -19.19 -19.59 -19.91 -20.19 -20.50 -20.78 -21.00 -21.25 -21.38 -21.56 -21.66 -21.62 -21.59 -21.56 -21.56 -21.53 -21.50 -21.47 -21.44 -21.25 -21.19 -21.12 -21.03 -20.94 -20.75 -20.69 -20.59 -20.50 -20.41 -20.41 -20.31 -20.34 -20.38 -20.47 -20.44 -20.41 -20.34 -20.25 -20.12 -19.88 -19.97 -20.06 -20.09 -20.09 -20.31 -20.50 -20.69 -21.06 -21.31 -21.59
-11.19 -11.62 -12.00 -12.38 -12.84 -13.00 -13.25 -13.56 -13.88 -14.28 -14.66 -14.97 -15.25 -15.53 -15.75 -16.25 -16.78 -17.16 -17.53 -18.00 -18.56 -19.09 -19.62 -20.00 -20.22 -20.47 -20.78 -21.06 -21.28 -21.41 -21.62 -21.69 -21.75 -21.78 -21.75 -21.66 -21.62 -21.59 -21.59 -21.53 -21.38 -21.28 -21.22 -21.12 -21.12 -21.03 -20.91 -20.69 -20.69 -20.56 -20.50 -20.44 -20.53 -20.56 -20.59 -20.62 -20.59 -20.53 -20.50 -20.50 -20.31 -20.28 -20.22 -20.34 -20.41 -20.47 -20.56 -20.78 -21.16 -21.56 -21.84
-11.03 -11.34 -11.69 -12.03 -12.53 -12.84 -13.03 -13.28 -13.47 -13.88 -14.22 -14.50 -14.75 -14.97 -15.44 -15.97 -16.41 -16.81 -17.28 -17.81 -18.34 -18.91 -19.44 -19.91 -20.28 -20.62 -20.91 -21.09 -21.25 -21.47 -21.72 -21.75 -21.84 -21.88 -21.88 -21.84 -21.75 -21.75 -21.66 -21.56 -21.44 -21.34 -21.28 -21.25 -21.25 -21.16 -21.03 -20.91 -20.78 -20.72 -20.66 -20.69 -20.78 -20.84 -20.84 -20.81 -20.84 -20.88 -20.81 -20.72 -20.66 -20.47 -20.50 -20.53 -20.50 -20.56 -20.72 -20.97 -21.12 -21.53 -21.91
-10.88 -11.22 -11.59 -11.78 -12.19 -12.50 -12.75 -13.06 -13.25 -13.47 -13.81 -14.03 -14.34 -14.69 -15.16 -15.66 -16.03 -16.47 -16.97 -17.56 -17.94 -18.59 -19.28 -19.75 -20.25 -20.62 -20.91 -21.16 -21.38 -21.59 -21.75 -21.91 -21.94 -22.00 -22.00 -21.97 -21.88 -21.81 -21.75 -21.66 -21.50 -21.41 -21.47 -21.38 -21.38 -21.25 -21.06 -21.00 -20.91 -20.84 -20.84 -20.94 -21.00 -20.91 -20.88 -20.97 -21.06 -21.12 -21.03 -20.91 -20.91 -20.81 -20.69 -20.66 -20.69 -20.72 -20.88 -21.16 -21.34 -21.47 -21.78
-10.56 -10.91 -11.31 -11.66 -12.03 -12.28 -12.50 -12.78 -12.97 -13.09 -13.38 -13.88 -14.19 -14.47 -14.56 -15.09 -15.75 -16.12 -16.62 -17.19 -17.78 -18.34 -18.94 -19.53 -20.06 -20.53 -20.94 -21.19 -21.38 -21.62 -21.78 -21.91 -22.00 -22.09 -22.09 -22.06 -21.97 -21.88 -21.81 -21.75 -21.59 -21.53 -21.56 -21.53 -21.50 -21.34 -21.16 -21.09 -21.09 -21.09 -21.06 -21.00 -21.09 -21.16 -21.12 -21.16 -21.19 -21.22 -21.22 -21.19 -21.19 -21.12 -20.97 -20.84 -20.81 -20.84 -21.06 -21.28 -21.50 -21.62 -21.84
-10.12 -10.47 -10.94 -11.41 -11.66 -11.97 -12.25 -12.47 -12.72 -12.94 -13.28 -13.47 -13.84 -14.03 -14.66 -15.12 -15.59 -16.03 -16.47 -16.91 -17.47 -18.06 -18.69 -19.34 -19.94 -20.53 -20.91 -21.16 -21.47 -21.72 -21.84 -21.94 -22.03 -22.09 -22.12 -22.16 -22.09 -22.00 -21.97 -21.94 -21.81 -21.75 -21.66 -21.66 -21.53 -21.41 -21.22 -21.22 -21.25 -21.28 -21.28 -21.16 -21.16 -21.22 -21.25 -21.28 -21.28 -21.28 -21.25 -21.34 -21.38 -21.31 -21.25 -21.03 -20.94 -20.94 -21.16 -21.34 -21.53 -21.69 -21.88
-9.72 -10.22 -10.62 -11.03 -11.28 -11.66 -12.06 -12.25 -12.47 -12.72 -13.00 -13.31 -13.59 -14.00 -14.41 -14.69 -15.16 -15.78 -16.25 -16.56 -17.03 -17.62 -18.34 -19.09 -19.72 -20.34 -20.81 -21.22 -21.47 -21.75 -21.84 -22.00 -22.16 -22.19 -22.19 -22.19 -22.03 -22.09 -22.09 -22.06 -21.97 -21.91 -21.84 -21.72 -21.62 -21.53 -21.34 -21.28 -21.38 -21.44 -21.38 -21.28 -21.22 -21.22 -21.31 -21.44 -21.38 -21.31 -21.28 -21.31 -21.34 -21.31 -21.31 -21.22 -21.09 -21.06 -21.12 -21.28 -21.47 -21.62 -21.91
-9.72 -10.09 -10.41 -10.69 -11.06 -11.47 -11.72 -11.94 -12.09 -12.16 -12.47 -12.81 -13.19 -13.69 -14.00 -14.50 -14.94 -15.28 -15.69 -16.22 -16.75 -17.31 -17.94 -18.69 -19.50 -20.22 -20.72 -21.19 -21.53 -21.75 -21.94 -22.03 -22.06 -22.16 -22.25 -22.19 -22.16 -22.22 -22.19 -22.16 -22.06 -22.03 -22.00 -21.84 -21.69 -21.53 -21.41 -21.41 -21.47 -21.50 -21.53 -21.38 -21.41 -21.41 -21.44 -21.47 -21.50 -21.47 -21.50 -21.56 -21.44 -21.41 -21.34 -21.34 -21.22 -21.12 -21.19 -21.28 -21.38 -21.66 -21.88
-9.69 -10.00 -10.31 -10.59 -10.69 -11.06 -11.38 -11.56 -11.72 -11.97 -12.28 -12.44 -12.84 -13.25 -13.81 -14.28 -14.47 -14.94 -15.31 -15.81 -16.31 -16.78 -17.44 -18.31 -19.06 -19.91 -20.59 -21.09 -21.50 -21.78 -22.00 -22.16 -22.25 -22.28 -22.31 -22.25 -22.19 -22.22 -22.19 -22.12 -22.12 -22.12 -22.00 -21.88 -21.78 -21.62 -21.53 -21.53 -21.56 -21.56 -21.59 -21.56 -21.53 -21.50 -21.56 -21.50 -21.44 -21.47 -21.59 -21.62 -21.59 -21.59 -21.50 -21.44 -21.34 -21.22 -21.19 -21.22 -21.41 -21.62 -21.81
-9.44 -9.59 -9.59 -10.00 -10.50 -10.78 -11.03 -11.25 -11.47 -11.75 -11.81 -12.16 -12.53 -13.06 -13.53 -13.78 -14.22 -14.66 -14.94 -15.47 -16.12 -16.66 -17.28 -17.91 -18.69 -19.66 -20.41 -21.06 -21.47 -21.75 -22.03 -22.19 -22.28 -22.31 -22.34 -22.31 -22.28 -22.28 -22.25 -22.22 -22.19 -22.16 -22.06 -21.91 -21.84 -21.75 -21.69 -21.59 -21.66 -21.66 -21.66 -21.69 -21.62 -21.59 -21.62 -21.69 -21.69 -21.66 -21.69 -21.72 -21.72 -21.66 -21.66 -21.50 -21.38 -21.28 -21.38 -21.44 -21.50 -21.62 -21.84
-9.09 -9.31 -9.59 -9.88 -9.97 -10.22 -10.47 -10.88 -11.31 -11.62 -11.56 -11.94 -12.28 -12.56 -13.00 -13.50 -13.94 -14.22 -14.59 -15.28 -15.84 -16.41 -17.06 -17.66 -18.44 -19.50 -20.28 -20.84 -21.31 -21.62 -21.91 -22.12 -22.19 -22.25 -22.34 -22.41 -22.38 -22.41 -22.38 -22.31 -22.31 -22.28 -22.12 -21.94 -21.97 -21.94 -21.91 -21.84 -21.72 -21.66 -21.62 -21.62 -21.66 -21.69 -21.69 -21.78 -21.84 -21.84 -21.81 -21.72 -21.72 -21.81 -21.78 -21.78 -21.62 -21.41 -21.56 -21.62 -21.66 -21.81 -22.00
-8.72 -8.91 -9.16 -9.38 -9.56 -9.88 -10.16 -10.41 -10.56 -10.94 -11.16 -11.50 -11.75 -12.38 -12.81 -13.22 -13.56 -13.91 -14.34 -14.81 -15.41 -15.88 -16.44 -17.22 -18.12 -19.00 -20.12 -20.75 -21.16 -21.50 -21.84 -22.06 -22.19 -22.25 -22.25 -22.31 -22.41 -22.44 -22.41 -22.34 -22.34 -22.25 -22.09 -22.03 -22.09 -22.12 -22.03 -21.94 -21.81 -21.78 -21.69 -21.69 -21.78 -21.84 -21.91 -22.00 -22.00 -21.94 -21.84 -21.88 -21.91 -21.88 -21.97 -22.00 -21.91 -21.75 -21.66 -21.62 -21.69 -21.97 -22.19
-8.38 -8.66 -8.84 -9.31 -9.53 -9.75 -9.75 -10.03 -10.25 -10.44 -10.78 -11.16 -11.81 -12.09 -12.47 -12.84 -13.28 -13.41 -13.69 -14.38 -14.97 -15.56 -16.31 -17.09 -17.91 -18.75 -19.56 -20.50 -20.97 -21.38 -21.69 -21.94 -22.19 -22.28 -22.38 -22.38 -22.38 -22.47 -22.47 -22.44 -22.31 -22.22 -22.19 -22.25 -22.25 -22.19 -22.12 -22.00 -21.91 -21.97 -21.91 -21.97 -22.06 -22.03 -22.12 -22.22 -22.28 -22.22 -22.22 -22.22 -22.16 -22.09 -22.16 -22.19 -22.06 -21.97 -21.91 -21.81 -21.97 -22.19 -22.38
-8.41 -8.81 -8.88 -9.06 -9.41 -9.50 -9.66 -9.75 -10.09 -10.44 -10.56 -10.94 -11.47 -11.88 -12.25 -12.56 -12.72 -13.00 -13.47 -13.88 -14.66 -15.22 -16.00 -16.75 -17.53 -18.25 -19.03 -20.19 -20.78 -21.28 -21.59 -21.88 -22.03 -22.22 -22.41 -22.50 -22.53 -22.59 -22.56 -22.47 -22.38 -22.34 -22.38 -22.34 -22.31 -22.25 -22.16 -22.12 -22.03 -21.97 -22.00 -22.16 -22.22 -22.16 -22.25 -22.28 -22.34 -22.38 -22.41 -22.34 -22.34 -22.34 -22.34 -22.28 -22.16 -22.03 -22.06 -22.22 -22.28 -22.31 -22.44
-8.06 -8.38 -8.56 -8.81 -9.12 -9.41 -9.44 -9.50 -9.78 -10.19 -10.56 -10.50 -11.00 -11.38 -11.78 -12.06 -12.34 -12.62 -13.19 -13.81 -14.41 -14.97 -15.56 -16.22 -16.97 -17.59 -18.28 -19.22 -20.38 -20.97 -21.38 -21.75 -22.09 -22.25 -22.41 -22.50 -22.56 -22.56 -22.53 -22.50 -22.47 -22.50 -22.44 -22.44 -22.38 -22.34 -22.28 -22.28 -22.12 -22.16 -22.19 -22.22 -22.34 -22.38 -22.41 -22.41 -22.47 -22.53 -22.50 -22.53 -22.50 -22.47 -22.50 -22.44 -22.28 -22.25 -22.34 -22.47 -22.53 -22.56 -22.62
-7.94 -8.34 -8.53 -8.69 -8.94 -9.06 -9.16 -9.38 -9.62 -9.88 -10.22 -10.38 -10.47 -10.94 -11.47 -11.75 -11.94 -12.28 -12.75 -13.44 -13.94 -14.44 -15.03 -15.62 -16.34 -17.06 -17.72 -18.53 -19.31 -20.50 -21.06 -21.50 -21.91 -22.16 -22.31 -22.47 -22.56 -22.62 -22.66 -22.59 -22.66 -22.66 -22.59 -22.50 -22.44 -22.41 -22.34 -22.31 -22.25 -22.28 -22.28 -22.34 -22.44 -22.47 -22.50 -22.53 -22.53 -22.62 -22.62 -22.66 -22.66 -22.66 -22.62 -22.56 -22.53 -22.59 -22.69 -22.75 -22.84 -23.03 -23.12
-7.81 -8.09 -8.31 -8.53 -8.62 -9.09 -9.16 -9.38 -9.38 -9.81 -10.03 -10.28 -10.28 -10.62 -10.97 -11.25 -11.66 -12.09 -12.59 -13.16 -13.62 -14.03 -14.50 -15.19 -15.75 -16.41 -17.19 -17.88 -18.75 -20.16 -20.69 -21.28 -21.69 -22.00 -22.31 -22.47 -22.59 -22.72 -22.72 -22.69 -22.75 -22.72 -22.66 -22.56 -22.50 -22.47 -22.44 -22.34 -22.31 -22.31 -22.38 -22.47 -22.53 -22.53 -22.59 -22.59 -22.62 -22.66 -22.69 -22.66 -22.69 -22.69 -22.72 -22.72 -22.78 -22.88 -22.97 -23.06 -23.19 -23.28 -23.47
-7.72 -7.81 -8.12 -8.28 -8.47 -8.88 -8.91 -9.19 -9.41 -9.72 -9.94 -10.22 -10.22 -10.47 -10.66 -11.06 -11.38 -11.88 -12.50 -12.84 -13.16 -13.41 -13.88 -14.59 -15.09 -15.72 -16.44 -17.06 -18.09 -18.97 -20.31 -20.88 -21.41 -21.75 -22.09 -22.38 -22.53 -22.62 -22.72 -22.78 -22.84 -22.78 -22.69 -22.66 -22.62 -22.59 -22.56 -22.53 -22.44 -22.38 -22.44 -22.53 -22.62 -22.66 -22.69 -22.72 -22.75 -22.75 -22.81 -22.88 -22.88 -22.88 -22.91 -23.00 -23.03 -23.09 -23.22 -23.38 -23.47 -23.53 -23.72
-7.50 -7.72 -7.84 -7.97 -8.25 -8.53 -8.62 -8.88 -9.16 -9.38 -9.62 -9.91 -10.16 -10.22 -10.56 -10.88 -11.16 -11.44 -11.94 -12.31 -12.72 -13.19 -13.50 -13.94 -14.56 -15.19 -15.91 -16.53 -17.03 -17.88 -18.72 -20.50 -21.16 -21.56 -21.88 -22.19 -22.41 -22.56 -22.72 -22.78 -22.88 -22.81 -22.75 -22.75 -22.75 -22.75 -22.69 -22.66 -22.59 -22.59 -22.53 -22.50 -22.59 -22.69 -22.72 -22.75 -22.84 -22.91 -22.91 -22.94 -22.97 -22.97 -23.03 -23.12 -23.22 -23.38 -23.53 -23.62 -23.66 -23.78 -24.06
-7.28 -7.53 -7.66 -7.75 -7.91 -8.06 -8.38 -8.47 -8.81 -9.03 -9.31 -9.59 -9.72 -9.94 -10.28 -10.62 -10.88 -11.31 -11.53 -11.91 -12.31 -12.69 -13.09 -13.38 -13.78 -14.28 -14.94 -15.69 -16.50 -17.34 -17.94 -18.88 -20.75 -21.28 -21.56 -21.97 -22.25 -22.50 -22.66 -22.78 -22.81 -22.84 -22.84 -22.78 -22.75 -22.78 -22.78 -22.75 -22.69 -22.69 -22.66 -22.62 -22.72 -22.78 -22.78 -22.78 -22.91 -22.91 -22.97 -23.00 -23.03 -23.16 -23.25 -23.31 -23.44 -23.62 -23.72 -23.81 -23.94 -24.16 -24.38
-7.31 -7.44 -7.50 -7.59 -7.72 -8.03 -8.28 -8.44 -8.62 -8.84 -9.16 -9.44 -9.56 -9.78 -10.22 -10.66 -10.75 -11.03 -11.44 -11.47 -11.78 -12.22 -12.53 -13.03 -13.38 -13.97 -14.53 -15.00 -15.72 -16.72 -17.41 -18.09 -18.97 -20.69 -21.25 -21.69 -22.09 -22.31 -22.53 -22.66 -22.72 -22.84 -22.88 -22.84 -22.81 -22.84 -22.84 -22.78 -22.78 -22.81 -22.78 -22.78 -22.78 -22.88 -22.88 -22.91 -22.91 -22.97 -23.06 -23.22 -23.25 -23.31 -23.41 -23.53 -23.62 -23.84 -24.00 -24.12 -24.25 -24.47 -24.56
