everonasctiles/Tile16,20.asc
ncols 128
nrows 128
xllcorner 0
yllcorner 0
cellsize 2.0
NODATA_value  -9999
[rows 0 to 32 of 128, columns 0 to 75 of 128]
105.44 105.22 104.97 104.69 104.44 104.12 103.81 103.56 103.25 103.00 102.84 102.66 102.41 102.16 101.91 101.69 101.44 101.22 101.06 100.91 100.78 100.72 100.62 100.47 100.22 100.19 100.19 100.16 98.97 98.19 97.47 96.78 96.16 95.88 95.66 95.62 95.66 95.62 95.56 95.56 95.53 95.53 95.56 95.53 95.50 95.47 95.47 95.41 95.31 95.34 95.47 95.47 95.41 95.28 95.16 95.03 94.88 94.72 94.56 94.41 94.28 94.19 94.12 94.09 94.00 93.81 93.50 93.22 92.97 92.66 92.41 92.19 91.94 91.75 91.59 91.41
105.31 105.12 104.91 104.69 104.47 104.19 103.91 103.62 103.34 103.00 102.81 102.59 102.34 102.12 101.88 101.66 101.44 101.25 101.09 100.94 100.81 100.72 100.62 100.38 100.28 100.25 100.25 100.16 98.88 98.12 97.47 96.78 96.16 96.03 95.41 95.25 95.25 95.25 95.28 95.31 95.25 95.25 95.31 95.28 95.28 95.38 95.41 95.38 95.34 95.38 95.44 95.44 95.38 95.31 95.19 95.09 94.94 94.81 94.66 94.53 94.41 94.28 94.19 94.12 94.03 93.81 93.50 93.22 92.94 92.66 92.38 92.16 91.97 91.75 91.59 91.41
105.16 105.03 104.88 104.72 104.50 104.25 103.97 103.69 103.31 103.03 102.75 102.53 102.31 102.09 101.88 101.66 101.44 101.28 101.12 101.00 100.88 100.78 100.69 100.38 100.34 100.34 100.31 99.75 98.72 98.03 97.38 96.69 96.16 96.06 95.72 95.31 95.31 95.31 95.31 95.31 95.31 95.34 95.47 95.34 95.31 95.31 95.34 95.34 95.38 95.41 95.44 95.44 95.41 95.34 95.25 95.16 95.03 94.91 94.75 94.62 94.50 94.38 94.28 94.19 94.03 93.75 93.47 93.19 92.88 92.62 92.38 92.19 91.94 91.78 91.59 91.44
105.12 105.00 104.88 104.72 104.50 104.25 103.94 103.69 103.38 103.00 102.78 102.56 102.34 102.12 101.91 101.69 101.50 101.31 101.19 101.03 100.91 100.84 100.69 100.47 100.41 100.41 100.38 99.38 98.56 97.88 97.22 96.56 96.19 96.09 95.88 95.47 95.34 95.31 95.31 95.31 95.31 95.31 95.31 95.31 95.31 95.31 95.31 95.34 95.38 95.44 95.50 95.50 95.47 95.41 95.31 95.22 95.09 94.97 94.84 94.72 94.62 94.50 94.34 94.22 94.03 93.69 93.38 93.12 92.91 92.66 92.41 92.19 91.97 91.78 91.62 91.47
105.09 104.97 104.84 104.66 104.47 104.22 103.94 103.66 103.19 102.81 102.75 102.69 102.53 102.25 102.00 101.78 101.56 101.38 101.22 101.09 101.00 100.91 100.62 100.56 100.50 100.47 100.41 99.19 98.41 97.69 96.94 96.34 96.19 96.03 95.84 95.62 95.47 95.38 95.31 95.31 95.31 95.31 95.31 95.31 95.31 95.31 95.31 95.34 95.41 95.47 95.53 95.56 95.53 95.47 95.41 95.31 95.19 95.09 94.97 94.84 94.72 94.59 94.44 94.25 93.97 93.59 93.38 93.09 92.84 92.62 92.41 92.19 92.00 91.84 91.69 91.53
105.06 104.91 104.75 104.62 104.44 104.19 103.91 103.59 102.81 102.75 102.75 102.72 102.69 102.44 102.12 101.88 101.69 101.50 101.34 101.19 101.06 100.94 100.69 100.62 100.53 100.41 100.19 99.22 98.38 97.53 97.12 96.25 96.16 96.00 95.84 95.69 95.56 95.44 95.34 95.31 95.31 95.31 95.31 95.31 95.31 95.31 95.34 95.38 95.44 95.50 95.59 95.62 95.59 95.56 95.47 95.38 95.28 95.19 95.06 94.94 94.81 94.69 94.50 94.25 93.94 93.53 93.31 93.06 92.88 92.66 92.44 92.25 92.09 91.94 91.75 91.59
105.03 104.88 104.72 104.53 104.34 104.12 103.84 103.56 102.75 102.75 102.75 102.75 102.72 102.56 102.22 102.00 101.81 101.62 101.47 101.31 101.16 100.88 100.75 100.66 100.50 100.28 99.94 99.41 98.88 98.31 97.50 96.38 96.09 96.03 95.84 95.72 95.59 95.50 95.41 95.34 95.31 95.31 95.31 95.31 95.31 95.34 95.38 95.41 95.47 95.56 95.62 95.69 95.69 95.66 95.59 95.50 95.41 95.28 95.16 95.03 94.91 94.75 94.56 94.25 93.88 93.53 93.28 93.06 92.88 92.66 92.50 92.31 92.16 92.00 91.84 91.72
105.03 104.84 104.66 104.50 104.28 104.06 103.81 103.53 102.75 102.75 102.75 102.75 102.72 102.62 102.31 102.12 101.94 101.78 101.59 101.41 101.22 100.88 100.84 100.69 100.47 100.22 99.84 99.41 99.09 98.72 98.09 97.28 97.12 96.62 95.84 95.75 95.66 95.56 95.47 95.41 95.38 95.38 95.38 95.38 95.38 95.38 95.41 95.47 95.53 95.62 95.69 95.75 95.78 95.75 95.69 95.62 95.50 95.38 95.25 95.12 94.97 94.81 94.59 94.25 93.81 93.50 93.25 93.06 92.88 92.72 92.53 92.38 92.22 92.09 91.97 91.84
105.00 104.84 104.66 104.44 104.22 103.97 103.78 103.50 102.78 102.75 102.75 102.75 102.72 102.62 102.41 102.25 102.06 101.91 101.72 101.53 101.12 100.97 100.94 100.78 100.50 100.16 99.72 99.34 99.00 98.78 98.34 97.88 97.28 96.50 96.09 96.19 95.69 95.59 95.53 95.50 95.47 95.44 95.44 95.44 95.44 95.47 95.50 95.53 95.59 95.69 95.75 95.84 95.88 95.88 95.81 95.72 95.59 95.47 95.34 95.19 95.03 94.84 94.59 94.22 93.72 93.47 93.28 93.09 92.91 92.75 92.62 92.47 92.31 92.22 92.16 92.06
105.00 104.81 104.59 104.44 104.22 103.97 103.75 103.47 103.09 102.78 102.78 102.78 102.75 102.66 102.50 102.34 102.19 102.00 101.81 101.59 101.09 101.06 101.03 100.97 100.56 100.06 99.62 99.22 98.81 98.44 98.09 97.91 97.44 97.06 96.56 96.34 96.22 95.66 95.62 95.56 95.53 95.53 95.53 95.53 95.53 95.56 95.59 95.62 95.69 95.75 95.84 95.91 95.97 95.97 95.94 95.84 95.69 95.56 95.41 95.25 95.06 94.84 94.53 94.19 93.66 93.47 93.25 93.12 92.94 92.81 92.66 92.56 92.50 92.41 92.28 92.22
105.00 104.78 104.59 104.41 104.19 103.97 103.72 103.50 103.34 103.22 103.09 103.00 102.88 102.75 102.62 102.47 102.31 102.09 101.88 101.47 101.19 101.16 101.09 101.06 100.31 99.88 99.47 99.03 98.62 98.25 97.94 97.75 97.50 97.19 96.97 96.62 96.25 95.84 95.69 95.66 95.62 95.62 95.62 95.62 95.62 95.66 95.66 95.72 95.78 95.84 95.91 95.97 96.03 96.06 96.00 95.91 95.78 95.62 95.44 95.25 95.03 94.75 94.44 94.12 93.69 93.44 93.28 93.12 93.00 92.88 92.78 92.72 92.66 92.56 92.50 92.38
105.03 104.81 104.62 104.41 104.22 104.00 103.75 103.56 103.47 103.34 103.22 103.12 103.00 102.88 102.75 102.59 102.41 102.19 101.91 101.34 101.28 101.22 101.19 100.97 100.19 99.69 99.12 98.81 98.34 97.94 97.75 97.56 97.38 97.22 97.09 96.84 96.53 96.28 95.94 95.75 95.72 95.72 95.72 95.72 95.72 95.75 95.75 95.78 95.84 95.91 95.97 96.06 96.12 96.12 96.06 95.94 95.81 95.62 95.44 95.22 94.97 94.69 94.38 94.03 93.69 93.44 93.28 93.16 93.03 92.94 92.88 92.88 92.84 92.78 92.69 92.53
105.03 104.84 104.59 104.44 104.22 104.00 103.81 103.69 103.56 103.44 103.34 103.22 103.12 103.00 102.88 102.72 102.50 102.25 101.81 101.41 101.38 101.31 101.28 100.69 100.19 99.75 99.28 98.66 97.88 97.44 97.53 97.41 97.34 97.25 97.16 96.91 96.69 96.50 96.34 95.94 95.84 95.78 95.78 95.78 95.78 95.81 95.81 95.84 95.91 95.94 96.03 96.09 96.12 96.16 96.09 95.97 95.81 95.62 95.41 95.16 94.88 94.59 94.28 93.97 93.66 93.41 93.28 93.16 93.06 93.00 93.03 93.03 93.00 92.94 92.84 92.69
105.06 104.84 104.66 104.44 104.25 104.06 103.88 103.78 103.66 103.56 103.44 103.34 103.22 103.09 102.97 102.81 102.59 102.31 101.62 101.50 101.47 101.41 101.25 100.62 100.28 99.91 99.47 98.94 98.38 97.84 97.53 97.28 97.19 97.16 96.97 96.91 96.75 96.66 96.44 96.16 96.00 95.97 95.91 95.88 95.84 95.84 95.84 95.91 95.94 96.00 96.03 96.09 96.12 96.16 96.12 96.00 95.81 95.59 95.34 95.09 94.81 94.50 94.22 93.91 93.62 93.41 93.28 93.19 93.09 93.12 93.12 93.16 93.16 93.06 92.97 92.81
105.12 104.91 104.69 104.47 104.28 104.12 104.00 103.88 103.78 103.66 103.56 103.44 103.31 103.19 103.03 102.88 102.69 102.25 101.66 101.62 101.56 101.50 100.94 100.62 100.47 100.09 99.69 99.28 98.81 98.34 98.03 97.72 97.44 97.19 97.03 96.84 96.72 96.62 96.41 96.25 96.16 96.12 96.03 95.94 95.88 95.94 95.97 95.97 96.00 96.03 96.06 96.06 96.06 96.06 96.06 96.00 95.81 95.56 95.28 95.00 94.72 94.44 94.12 93.84 93.59 93.38 93.25 93.19 93.16 93.19 93.25 93.28 93.25 93.22 93.09 92.94
105.16 104.94 104.72 104.50 104.34 104.19 104.09 104.00 103.88 103.75 103.62 103.50 103.38 103.22 103.09 102.94 102.69 101.94 101.75 101.72 101.66 101.53 100.91 100.69 100.50 100.34 100.00 99.62 99.25 98.84 98.50 98.19 97.91 97.62 97.31 97.06 96.88 96.62 96.56 96.44 96.38 96.28 96.16 96.06 96.00 96.03 96.06 96.06 96.06 96.06 96.06 96.03 96.03 96.00 95.94 95.88 95.75 95.50 95.22 94.91 94.62 94.34 94.06 93.81 93.53 93.38 93.28 93.22 93.19 93.22 93.28 93.34 93.34 93.28 93.16 93.00
105.19 105.00 104.75 104.56 104.41 104.31 104.19 104.09 103.97 103.84 103.69 103.56 103.41 103.28 103.12 102.94 102.53 101.91 101.84 101.81 101.75 101.31 100.94 100.69 100.53 100.41 100.28 100.16 99.81 99.34 99.03 98.69 98.34 98.06 97.78 97.53 97.25 97.09 96.91 96.75 96.66 96.50 96.38 96.22 96.16 96.16 96.16 96.12 96.12 96.12 96.06 96.03 95.97 95.94 95.88 95.78 95.66 95.44 95.16 94.84 94.56 94.28 94.00 93.75 93.53 93.38 93.28 93.22 93.19 93.25 93.31 93.38 93.41 93.34 93.22 93.06
105.25 105.03 104.81 104.62 104.50 104.41 104.31 104.19 104.03 103.91 103.75 103.59 103.47 103.28 103.12 102.91 102.19 102.00 101.97 101.91 101.81 101.25 100.97 100.72 100.56 100.44 100.31 100.19 100.06 99.94 99.81 99.22 98.91 98.66 98.41 98.09 97.78 97.53 97.34 97.16 96.97 96.81 96.66 96.50 96.34 96.44 96.25 96.12 96.16 96.12 96.06 96.00 95.94 95.88 95.78 95.69 95.53 95.34 95.06 94.75 94.47 94.22 93.94 93.72 93.53 93.41 93.28 93.22 93.19 93.25 93.34 93.41 93.41 93.38 93.25 93.06
105.31 105.09 104.88 104.69 104.59 104.53 104.41 104.25 104.09 103.97 103.81 103.66 103.47 103.31 103.12 102.78 102.19 102.12 102.06 102.00 101.66 101.25 100.94 100.69 100.56 100.44 100.34 100.22 100.12 100.00 99.84 99.72 99.53 99.38 99.00 98.66 98.34 98.09 97.81 97.59 97.38 97.16 96.94 96.78 96.44 96.44 96.12 96.12 96.25 96.16 96.09 96.00 95.91 95.81 95.72 95.59 95.44 95.28 94.97 94.69 94.41 94.16 93.91 93.69 93.50 93.41 93.31 93.22 93.22 93.22 93.31 93.38 93.38 93.34 93.22 93.03
105.34 105.12 104.91 104.81 104.75 104.66 104.47 104.31 104.16 104.00 103.84 103.66 103.50 103.31 103.12 102.44 102.28 102.22 102.16 102.09 101.56 101.19 100.88 100.66 100.53 100.41 100.31 100.22 100.12 100.03 99.88 99.72 99.53 99.41 99.31 99.19 99.06 98.78 98.34 98.06 97.78 97.53 97.28 97.06 96.44 96.12 96.12 96.12 96.19 96.22 96.09 96.00 95.88 95.75 95.62 95.50 95.34 95.16 94.88 94.59 94.34 94.09 93.88 93.69 93.53 93.41 93.31 93.22 93.22 93.22 93.28 93.34 93.31 93.28 93.16 92.97
105.41 105.16 105.00 104.94 104.84 104.69 104.53 104.38 104.22 104.03 103.88 103.69 103.50 103.31 102.94 102.47 102.41 102.34 102.28 101.97 101.50 101.12 100.81 100.59 100.47 100.34 100.25 100.19 100.09 100.00 99.84 99.72 99.56 99.44 99.28 99.19 99.06 98.94 98.81 98.59 98.19 97.88 97.62 97.38 97.16 96.12 96.12 96.12 96.19 96.25 96.09 95.97 95.84 95.72 95.56 95.41 95.22 95.03 94.75 94.50 94.25 94.06 93.84 93.69 93.53 93.41 93.31 93.22 93.22 93.22 93.22 93.25 93.22 93.19 93.06 92.84
105.44 105.22 105.09 105.03 104.91 104.75 104.59 104.44 104.25 104.09 103.91 103.72 103.53 103.31 102.69 102.59 102.50 102.44 102.38 101.88 101.44 101.09 100.81 100.59 100.44 100.31 100.22 100.09 100.03 99.94 99.81 99.72 99.59 99.44 99.31 99.19 99.03 98.91 98.78 98.62 98.47 98.28 97.94 97.66 97.44 97.16 96.12 96.12 96.12 96.25 96.09 95.94 95.78 95.62 95.47 95.28 95.12 94.88 94.62 94.41 94.19 94.00 93.84 93.69 93.53 93.41 93.31 93.22 93.19 93.19 93.16 93.16 93.12 93.06 92.91 92.72
105.47 105.28 105.19 105.09 104.97 104.81 104.66 104.47 104.31 104.12 103.94 103.75 103.53 103.09 102.78 102.72 102.62 102.56 102.25 101.78 101.38 101.06 100.81 100.66 100.47 100.31 100.19 100.06 99.97 99.88 99.78 99.69 99.62 99.47 99.31 99.19 99.03 98.88 98.75 98.59 98.44 98.28 98.12 97.94 97.72 97.31 96.12 96.12 96.47 96.12 96.06 95.88 95.72 95.56 95.38 95.19 94.94 94.72 94.53 94.34 94.16 93.97 93.81 93.66 93.53 93.41 93.31 93.22 93.16 93.12 93.09 93.06 93.00 92.91 92.75 92.50
105.56 105.41 105.28 105.16 105.00 104.88 104.72 104.53 104.34 104.16 103.97 103.78 103.53 102.97 102.91 102.84 102.75 102.62 102.16 101.69 101.34 101.09 100.84 100.69 100.56 100.44 100.28 100.06 99.97 99.88 99.75 99.69 99.56 99.47 99.31 99.19 99.03 98.84 98.69 98.53 98.38 98.22 98.03 97.84 97.62 97.38 97.09 96.75 96.44 96.22 96.00 95.81 95.66 95.47 95.25 95.03 94.81 94.62 94.44 94.28 94.09 93.94 93.81 93.66 93.53 93.41 93.28 93.22 93.09 93.06 93.00 92.94 92.88 92.75 92.62 92.38
105.62 105.47 105.34 105.22 105.09 104.94 104.75 104.59 104.41 104.22 104.00 103.81 103.28 103.09 103.03 102.94 102.88 102.53 102.09 101.69 101.38 101.12 100.94 100.84 100.69 100.56 100.41 100.19 100.00 99.84 99.75 99.66 99.56 99.44 99.31 99.16 99.00 98.81 98.62 98.47 98.31 98.16 97.94 97.72 97.53 97.22 96.94 96.66 96.41 96.16 95.94 95.75 95.56 95.38 95.16 94.94 94.75 94.56 94.38 94.22 94.06 93.91 93.78 93.66 93.53 93.41 93.28 93.16 93.06 93.00 92.91 92.81 92.75 92.62 92.47 92.22
105.72 105.56 105.44 105.31 105.16 105.00 104.84 104.66 104.47 104.25 104.06 103.72 103.31 103.22 103.16 103.06 102.94 102.47 102.06 101.69 101.41 101.19 101.03 100.94 100.81 100.69 100.53 100.31 100.12 99.94 99.75 99.62 99.53 99.41 99.31 99.16 98.97 98.78 98.62 98.41 98.22 98.06 97.88 97.66 97.44 97.16 96.84 96.59 96.34 96.09 95.84 95.66 95.47 95.28 95.09 94.88 94.69 94.50 94.34 94.19 94.03 93.88 93.75 93.66 93.53 93.41 93.25 93.12 93.03 92.91 92.81 92.72 92.62 92.50 92.31 92.12
105.84 105.69 105.53 105.38 105.25 105.06 104.91 104.72 104.53 104.31 104.09 103.53 103.44 103.34 103.28 103.22 102.88 102.41 102.03 101.72 101.50 101.31 101.16 101.03 100.91 100.78 100.62 100.47 100.28 100.06 99.84 99.66 99.56 99.41 99.31 99.16 98.97 98.78 98.59 98.38 98.19 98.00 97.81 97.56 97.31 97.06 96.78 96.53 96.28 96.03 95.81 95.59 95.41 95.22 95.00 94.81 94.66 94.47 94.31 94.12 94.00 93.84 93.75 93.62 93.50 93.34 93.22 93.09 92.94 92.84 92.72 92.59 92.50 92.34 92.22 92.03
105.94 105.78 105.62 105.47 105.31 105.16 104.97 104.78 104.59 104.38 103.88 103.66 103.56 103.47 103.41 103.22 102.78 102.38 102.03 101.84 101.62 101.47 101.31 101.12 100.94 100.81 100.69 100.56 100.44 100.19 100.00 99.78 99.62 99.47 99.31 99.19 98.97 98.75 98.56 98.34 98.16 97.94 97.72 97.47 97.25 97.00 96.72 96.47 96.25 96.00 95.81 95.59 95.38 95.19 95.00 94.78 94.59 94.44 94.25 94.09 93.97 93.81 93.72 93.59 93.47 93.34 93.19 93.06 92.88 92.78 92.62 92.50 92.38 92.22 92.09 91.88
106.06 105.91 105.75 105.59 105.41 105.25 105.06 104.88 104.66 104.34 103.84 103.78 103.69 103.59 103.50 103.09 102.72 102.34 102.06 101.91 101.75 101.62 101.41 101.22 101.00 100.88 100.75 100.66 100.56 100.38 100.16 99.94 99.72 99.53 99.38 99.16 98.97 98.75 98.56 98.31 98.12 97.91 97.69 97.44 97.19 96.94 96.69 96.44 96.22 96.00 95.78 95.56 95.38 95.16 94.97 94.78 94.59 94.41 94.22 94.06 93.94 93.78 93.66 93.56 93.44 93.31 93.16 93.00 92.81 92.69 92.56 92.44 92.25 92.12 91.97 91.78
106.19 106.03 105.84 105.69 105.53 105.34 105.16 104.97 104.75 104.09 103.97 103.91 103.81 103.72 103.38 103.03 102.66 102.31 102.09 101.94 101.81 101.69 101.56 101.38 101.12 100.91 100.78 100.72 100.62 100.53 100.34 100.12 99.88 99.62 99.44 99.22 98.97 98.75 98.53 98.28 98.09 97.88 97.62 97.38 97.12 96.91 96.66 96.41 96.19 95.97 95.75 95.56 95.34 95.16 94.97 94.75 94.56 94.38 94.19 94.06 93.91 93.75 93.62 93.50 93.38 93.22 93.09 92.94 92.78 92.62 92.47 92.34 92.19 92.00 91.84 91.69
106.31 106.16 105.97 105.81 105.62 105.44 105.25 105.06 104.53 104.19 104.12 104.03 103.94 103.66 103.31 102.97 102.66 102.31 102.12 101.97 101.88 101.78 101.66 101.47 101.22 101.00 100.84 100.75 100.69 100.59 100.50 100.31 100.09 99.84 99.53 99.28 99.03 98.78 98.53 98.28 98.03 97.81 97.59 97.34 97.09 96.84 96.62 96.41 96.16 95.97 95.75 95.53 95.34 95.16 94.97 94.78 94.59 94.38 94.19 94.00 93.88 93.72 93.59 93.44 93.31 93.19 93.03 92.88 92.72 92.56 92.41 92.25 92.09 91.94 91.75 91.56
106.44 106.28 106.09 105.91 105.72 105.50 105.31 105.03 104.41 104.31 104.25 104.16 104.00 103.62 103.28 102.94 102.62 102.34 102.16 102.03 101.91 101.84 101.75 101.53 101.34 101.12 100.91 100.81 100.72 100.66 100.59 100.44 100.25 100.00 99.69 99.38 99.09 98.84 98.59 98.34 98.09 97.84 97.56 97.31 97.06 96.84 96.59 96.38 96.16 95.94 95.75 95.56 95.34 95.16 95.00 94.81 94.62 94.44 94.25 94.03 93.84 93.69 93.56 93.41 93.25 93.12 92.97 92.81 92.66 92.50 92.34 92.19 92.03 91.84 91.69 91.47
106.53 106.34 106.16 105.97 105.75 105.56 105.34 104.72 104.53 104.47 104.38 104.28 103.94 103.59 103.25 102.91 102.59 102.34 102.16 102.06 101.97 101.88 101.78 101.62 101.44 101.22 101.00 100.84 100.78 100.72 100.66 100.53 100.38 100.16 99.91 99.59 99.22 98.91 98.62 98.34 98.09 97.84 97.56 97.31 97.03 96.81 96.59 96.34 96.16 95.94 95.75 95.56 95.38 95.19 95.03 94.84 94.69 94.50 94.34 94.12 93.91 93.69 93.53 93.34 93.19 93.03 92.88 92.72 92.56 92.44 92.28 92.12 91.94 91.78 91.59 91.41
