everonasctiles/Tile47,42.asc
ncols 128
nrows 128
xllcorner 0
yllcorner 0
cellsize 2.0
NODATA_value  -9999
[rows 32 to 63 of 128, columns 0 to 70 of 128]
-56.59 -56.66 -56.75 -56.88 -57.00 -57.12 -57.38 -57.69 -58.16 -58.69 -59.25 -59.84 -60.50 -61.19 -61.88 -62.62 -63.34 -64.06 -64.81 -65.56 -66.25 -66.94 -67.56 -68.16 -68.72 -69.34 -69.94 -70.53 -71.09 -71.62 -72.12 -72.59 -73.03 -73.44 -73.78 -74.12 -74.44 -74.78 -75.12 -75.47 -75.75 -76.03 -76.25 -76.44 -76.62 -76.81 -77.00 -77.16 -77.34 -77.53 -77.72 -77.88 -78.06 -78.22 -78.41 -78.62 -78.88 -79.12 -79.38 -79.59 -79.78 -79.94 -80.03 -80.09 -80.16 -80.19 -80.22 -80.25 -80.31 -80.34 -80.34
-56.94 -56.94 -57.00 -57.12 -57.28 -57.41 -57.59 -57.88 -58.28 -58.75 -59.31 -59.88 -60.50 -61.16 -61.84 -62.56 -63.28 -64.00 -64.72 -65.44 -66.16 -66.84 -67.50 -68.09 -68.69 -69.31 -69.91 -70.53 -71.09 -71.66 -72.19 -72.66 -73.09 -73.47 -73.81 -74.16 -74.47 -74.81 -75.16 -75.47 -75.75 -75.97 -76.19 -76.38 -76.59 -76.78 -76.97 -77.12 -77.28 -77.47 -77.62 -77.81 -77.94 -78.09 -78.25 -78.44 -78.66 -78.91 -79.16 -79.44 -79.66 -79.84 -79.97 -80.03 -80.06 -80.03 -80.00 -80.03 -80.03 -80.06 -80.06
-57.22 -57.19 -57.25 -57.34 -57.50 -57.66 -57.81 -58.06 -58.38 -58.84 -59.38 -59.94 -60.53 -61.19 -61.84 -62.53 -63.22 -63.91 -64.62 -65.34 -66.03 -66.75 -67.41 -68.03 -68.66 -69.28 -69.91 -70.50 -71.09 -71.66 -72.19 -72.69 -73.12 -73.50 -73.84 -74.16 -74.47 -74.78 -75.12 -75.41 -75.69 -75.91 -76.12 -76.31 -76.53 -76.72 -76.91 -77.09 -77.25 -77.41 -77.56 -77.72 -77.84 -77.97 -78.09 -78.22 -78.44 -78.69 -78.97 -79.22 -79.50 -79.72 -79.88 -79.94 -79.94 -79.94 -79.88 -79.78 -79.75 -79.78 -79.78
-57.47 -57.44 -57.47 -57.56 -57.75 -57.91 -58.06 -58.25 -58.53 -58.91 -59.41 -59.97 -60.59 -61.22 -61.84 -62.50 -63.16 -63.84 -64.53 -65.22 -65.94 -66.62 -67.28 -67.94 -68.59 -69.22 -69.84 -70.44 -71.03 -71.59 -72.16 -72.66 -73.09 -73.47 -73.78 -74.09 -74.41 -74.72 -75.03 -75.34 -75.59 -75.81 -76.00 -76.22 -76.44 -76.66 -76.88 -77.03 -77.19 -77.34 -77.50 -77.62 -77.75 -77.84 -77.94 -78.09 -78.28 -78.53 -78.78 -79.06 -79.31 -79.53 -79.72 -79.81 -79.84 -79.81 -79.75 -79.66 -79.56 -79.53 -79.53
-57.75 -57.72 -57.72 -57.81 -57.94 -58.12 -58.31 -58.50 -58.75 -59.06 -59.47 -60.03 -60.62 -61.28 -61.88 -62.47 -63.12 -63.78 -64.44 -65.12 -65.81 -66.50 -67.19 -67.84 -68.50 -69.12 -69.75 -70.31 -70.88 -71.47 -72.00 -72.50 -72.94 -73.31 -73.66 -73.94 -74.25 -74.56 -74.88 -75.16 -75.41 -75.62 -75.88 -76.09 -76.34 -76.56 -76.78 -76.97 -77.12 -77.28 -77.44 -77.56 -77.66 -77.75 -77.84 -78.00 -78.22 -78.44 -78.69 -78.91 -79.16 -79.34 -79.53 -79.66 -79.72 -79.69 -79.66 -79.56 -79.47 -79.41 -79.34
-58.03 -58.00 -58.00 -58.03 -58.12 -58.31 -58.53 -58.75 -58.97 -59.25 -59.59 -60.09 -60.72 -61.34 -61.94 -62.50 -63.12 -63.72 -64.34 -65.00 -65.69 -66.34 -67.03 -67.72 -68.38 -68.97 -69.56 -70.12 -70.69 -71.25 -71.78 -72.28 -72.75 -73.12 -73.47 -73.75 -74.06 -74.34 -74.62 -74.91 -75.16 -75.41 -75.62 -75.88 -76.16 -76.41 -76.69 -76.91 -77.09 -77.28 -77.41 -77.53 -77.62 -77.69 -77.78 -77.91 -78.09 -78.34 -78.56 -78.81 -79.00 -79.19 -79.34 -79.47 -79.53 -79.53 -79.50 -79.44 -79.34 -79.25 -79.19
-58.28 -58.25 -58.25 -58.25 -58.31 -58.50 -58.72 -58.97 -59.22 -59.47 -59.78 -60.22 -60.78 -61.41 -62.00 -62.59 -63.19 -63.75 -64.31 -64.94 -65.56 -66.22 -66.88 -67.56 -68.19 -68.78 -69.38 -69.91 -70.44 -70.97 -71.53 -72.03 -72.47 -72.88 -73.22 -73.53 -73.81 -74.09 -74.38 -74.66 -74.91 -75.16 -75.41 -75.69 -75.97 -76.25 -76.53 -76.78 -77.03 -77.22 -77.41 -77.50 -77.56 -77.62 -77.69 -77.81 -78.00 -78.22 -78.47 -78.69 -78.88 -79.03 -79.16 -79.25 -79.31 -79.34 -79.31 -79.25 -79.16 -79.09 -78.97
-58.56 -58.53 -58.50 -58.50 -58.56 -58.72 -58.91 -59.16 -59.44 -59.72 -60.03 -60.41 -60.88 -61.44 -62.06 -62.66 -63.22 -63.78 -64.31 -64.88 -65.44 -66.03 -66.72 -67.38 -68.03 -68.62 -69.19 -69.72 -70.25 -70.78 -71.31 -71.81 -72.25 -72.66 -73.03 -73.34 -73.62 -73.91 -74.16 -74.38 -74.62 -74.88 -75.16 -75.44 -75.72 -76.03 -76.31 -76.62 -76.88 -77.12 -77.31 -77.44 -77.53 -77.56 -77.59 -77.69 -77.88 -78.06 -78.31 -78.53 -78.72 -78.84 -78.97 -79.03 -79.09 -79.09 -79.06 -79.00 -78.94 -78.84 -78.75
-58.88 -58.84 -58.81 -58.78 -58.81 -58.91 -59.12 -59.38 -59.66 -59.94 -60.25 -60.59 -61.03 -61.53 -62.06 -62.66 -63.25 -63.78 -64.31 -64.81 -65.31 -65.91 -66.53 -67.19 -67.81 -68.44 -69.00 -69.53 -70.06 -70.56 -71.06 -71.56 -72.03 -72.44 -72.78 -73.12 -73.41 -73.66 -73.91 -74.12 -74.34 -74.59 -74.84 -75.12 -75.47 -75.78 -76.12 -76.44 -76.72 -76.97 -77.19 -77.31 -77.41 -77.47 -77.50 -77.56 -77.72 -77.91 -78.12 -78.31 -78.50 -78.66 -78.75 -78.81 -78.84 -78.84 -78.78 -78.72 -78.66 -78.59 -78.47
-59.22 -59.16 -59.16 -59.12 -59.12 -59.16 -59.34 -59.59 -59.84 -60.16 -60.47 -60.78 -61.16 -61.59 -62.06 -62.59 -63.16 -63.72 -64.25 -64.72 -65.22 -65.78 -66.38 -67.00 -67.62 -68.25 -68.81 -69.34 -69.84 -70.34 -70.84 -71.31 -71.78 -72.19 -72.56 -72.88 -73.16 -73.41 -73.62 -73.84 -74.06 -74.31 -74.56 -74.84 -75.16 -75.50 -75.84 -76.19 -76.50 -76.78 -77.03 -77.16 -77.25 -77.31 -77.38 -77.44 -77.56 -77.72 -77.91 -78.09 -78.25 -78.41 -78.50 -78.56 -78.59 -78.56 -78.53 -78.44 -78.38 -78.28 -78.16
-59.59 -59.50 -59.47 -59.44 -59.41 -59.41 -59.53 -59.75 -60.03 -60.31 -60.62 -60.94 -61.28 -61.66 -62.06 -62.53 -63.03 -63.59 -64.12 -64.62 -65.12 -65.66 -66.22 -66.81 -67.44 -68.06 -68.62 -69.16 -69.66 -70.16 -70.62 -71.09 -71.53 -71.94 -72.31 -72.62 -72.91 -73.16 -73.38 -73.59 -73.81 -74.03 -74.28 -74.53 -74.84 -75.19 -75.53 -75.88 -76.25 -76.56 -76.81 -77.00 -77.09 -77.16 -77.22 -77.28 -77.38 -77.50 -77.69 -77.84 -78.03 -78.16 -78.25 -78.31 -78.31 -78.28 -78.25 -78.16 -78.06 -77.94 -77.81
-59.91 -59.81 -59.75 -59.72 -59.66 -59.66 -59.75 -59.91 -60.16 -60.44 -60.75 -61.06 -61.38 -61.69 -62.06 -62.47 -62.94 -63.44 -63.97 -64.47 -65.00 -65.53 -66.06 -66.62 -67.22 -67.81 -68.38 -68.94 -69.44 -69.94 -70.38 -70.81 -71.25 -71.66 -72.03 -72.34 -72.62 -72.88 -73.09 -73.31 -73.56 -73.78 -74.00 -74.25 -74.56 -74.88 -75.22 -75.56 -75.91 -76.25 -76.53 -76.75 -76.88 -76.97 -77.03 -77.09 -77.16 -77.28 -77.47 -77.62 -77.78 -77.91 -78.00 -78.03 -78.03 -78.00 -77.94 -77.84 -77.72 -77.59 -77.44
-60.25 -60.09 -60.03 -59.97 -59.94 -59.91 -59.97 -60.09 -60.28 -60.56 -60.84 -61.12 -61.44 -61.72 -62.03 -62.38 -62.81 -63.31 -63.78 -64.31 -64.84 -65.38 -65.88 -66.44 -67.00 -67.59 -68.12 -68.66 -69.16 -69.66 -70.12 -70.56 -70.97 -71.38 -71.72 -72.06 -72.31 -72.56 -72.81 -73.06 -73.28 -73.53 -73.75 -73.97 -74.25 -74.56 -74.91 -75.25 -75.59 -75.91 -76.22 -76.47 -76.62 -76.75 -76.81 -76.88 -76.91 -77.00 -77.19 -77.34 -77.47 -77.59 -77.69 -77.75 -77.75 -77.69 -77.62 -77.50 -77.38 -77.22 -77.06
-60.53 -60.38 -60.28 -60.22 -60.19 -60.19 -60.22 -60.31 -60.44 -60.66 -60.91 -61.19 -61.44 -61.72 -62.00 -62.31 -62.69 -63.12 -63.62 -64.12 -64.66 -65.16 -65.69 -66.22 -66.78 -67.34 -67.88 -68.38 -68.88 -69.34 -69.81 -70.25 -70.66 -71.06 -71.44 -71.72 -72.00 -72.25 -72.53 -72.78 -73.03 -73.25 -73.47 -73.69 -73.94 -74.25 -74.59 -74.91 -75.25 -75.59 -75.88 -76.16 -76.34 -76.50 -76.56 -76.62 -76.62 -76.69 -76.81 -77.00 -77.16 -77.28 -77.34 -77.41 -77.38 -77.34 -77.25 -77.16 -77.03 -76.88 -76.72
-60.78 -60.69 -60.56 -60.47 -60.47 -60.47 -60.47 -60.56 -60.66 -60.78 -60.97 -61.22 -61.47 -61.72 -61.97 -62.25 -62.56 -62.97 -63.47 -63.97 -64.44 -64.94 -65.44 -65.97 -66.50 -67.03 -67.56 -68.06 -68.53 -69.00 -69.47 -69.91 -70.31 -70.72 -71.09 -71.41 -71.69 -71.94 -72.22 -72.50 -72.75 -72.97 -73.19 -73.38 -73.62 -73.91 -74.25 -74.59 -74.91 -75.25 -75.53 -75.81 -76.03 -76.22 -76.31 -76.34 -76.38 -76.38 -76.47 -76.62 -76.78 -76.91 -77.00 -77.03 -77.00 -76.97 -76.88 -76.78 -76.66 -76.50 -76.34
-61.00 -60.94 -60.84 -60.78 -60.78 -60.75 -60.75 -60.84 -60.91 -60.97 -61.09 -61.28 -61.50 -61.75 -61.97 -62.22 -62.50 -62.88 -63.31 -63.78 -64.25 -64.72 -65.16 -65.69 -66.19 -66.72 -67.25 -67.72 -68.16 -68.62 -69.09 -69.53 -69.94 -70.34 -70.72 -71.03 -71.34 -71.62 -71.91 -72.22 -72.47 -72.69 -72.88 -73.06 -73.28 -73.56 -73.91 -74.25 -74.59 -74.91 -75.22 -75.47 -75.72 -75.91 -76.03 -76.09 -76.12 -76.12 -76.12 -76.25 -76.38 -76.50 -76.59 -76.66 -76.62 -76.59 -76.50 -76.41 -76.28 -76.12 -75.94
-61.22 -61.16 -61.12 -61.12 -61.09 -61.06 -61.06 -61.09 -61.12 -61.16 -61.25 -61.38 -61.56 -61.78 -61.97 -62.22 -62.47 -62.81 -63.22 -63.66 -64.09 -64.50 -64.94 -65.38 -65.84 -66.38 -66.88 -67.34 -67.78 -68.22 -68.66 -69.12 -69.53 -69.94 -70.31 -70.66 -70.97 -71.28 -71.59 -71.91 -72.19 -72.41 -72.59 -72.75 -72.94 -73.22 -73.53 -73.91 -74.25 -74.56 -74.88 -75.12 -75.38 -75.56 -75.72 -75.81 -75.84 -75.84 -75.81 -75.88 -76.00 -76.12 -76.22 -76.28 -76.28 -76.22 -76.16 -76.03 -75.88 -75.72 -75.53
-61.38 -61.38 -61.38 -61.41 -61.41 -61.38 -61.34 -61.34 -61.34 -61.38 -61.41 -61.50 -61.62 -61.81 -62.00 -62.19 -62.44 -62.78 -63.12 -63.53 -63.91 -64.31 -64.69 -65.12 -65.53 -66.00 -66.47 -66.91 -67.34 -67.78 -68.22 -68.66 -69.09 -69.50 -69.88 -70.25 -70.59 -70.94 -71.25 -71.56 -71.88 -72.09 -72.31 -72.47 -72.59 -72.81 -73.19 -73.53 -73.91 -74.22 -74.53 -74.81 -75.03 -75.22 -75.38 -75.50 -75.56 -75.56 -75.56 -75.56 -75.66 -75.75 -75.84 -75.94 -75.94 -75.88 -75.78 -75.66 -75.50 -75.31 -75.09
-61.56 -61.59 -61.62 -61.66 -61.69 -61.69 -61.59 -61.56 -61.56 -61.56 -61.59 -61.66 -61.75 -61.88 -62.03 -62.22 -62.44 -62.75 -63.06 -63.41 -63.75 -64.09 -64.47 -64.84 -65.25 -65.69 -66.09 -66.53 -66.94 -67.34 -67.78 -68.19 -68.62 -69.00 -69.41 -69.78 -70.16 -70.50 -70.84 -71.19 -71.47 -71.75 -71.94 -72.12 -72.28 -72.44 -72.78 -73.19 -73.53 -73.88 -74.19 -74.44 -74.69 -74.88 -75.06 -75.19 -75.28 -75.28 -75.28 -75.28 -75.34 -75.41 -75.47 -75.53 -75.59 -75.53 -75.44 -75.31 -75.12 -74.91 -74.69
-61.78 -61.81 -61.88 -61.94 -61.97 -61.94 -61.84 -61.78 -61.75 -61.75 -61.78 -61.84 -61.91 -62.00 -62.09 -62.25 -62.50 -62.75 -63.03 -63.31 -63.59 -63.94 -64.25 -64.59 -64.97 -65.38 -65.78 -66.16 -66.53 -66.91 -67.31 -67.72 -68.12 -68.50 -68.91 -69.31 -69.69 -70.06 -70.41 -70.75 -71.06 -71.34 -71.59 -71.78 -71.97 -72.12 -72.41 -72.81 -73.19 -73.53 -73.84 -74.12 -74.38 -74.59 -74.75 -74.91 -75.00 -75.03 -75.03 -75.00 -75.00 -75.06 -75.09 -75.16 -75.19 -75.19 -75.09 -74.94 -74.75 -74.53 -74.28
-62.00 -62.03 -62.09 -62.19 -62.22 -62.16 -62.06 -62.00 -61.94 -61.91 -61.91 -61.97 -62.03 -62.09 -62.19 -62.34 -62.53 -62.78 -63.00 -63.25 -63.50 -63.81 -64.09 -64.41 -64.72 -65.06 -65.44 -65.81 -66.16 -66.50 -66.88 -67.25 -67.66 -68.03 -68.44 -68.81 -69.22 -69.62 -69.97 -70.31 -70.66 -70.97 -71.25 -71.47 -71.69 -71.91 -72.16 -72.50 -72.88 -73.19 -73.50 -73.81 -74.06 -74.28 -74.44 -74.59 -74.69 -74.75 -74.75 -74.72 -74.72 -74.72 -74.75 -74.78 -74.78 -74.78 -74.72 -74.56 -74.38 -74.16 -73.91
-62.16 -62.22 -62.31 -62.34 -62.38 -62.31 -62.22 -62.16 -62.09 -62.03 -62.03 -62.06 -62.16 -62.22 -62.31 -62.44 -62.56 -62.78 -63.00 -63.22 -63.44 -63.69 -63.94 -64.22 -64.50 -64.81 -65.16 -65.50 -65.84 -66.19 -66.50 -66.84 -67.19 -67.56 -67.94 -68.34 -68.78 -69.19 -69.56 -69.94 -70.28 -70.62 -70.91 -71.19 -71.44 -71.69 -71.97 -72.28 -72.59 -72.91 -73.19 -73.47 -73.72 -73.94 -74.12 -74.28 -74.38 -74.47 -74.47 -74.44 -74.41 -74.38 -74.38 -74.41 -74.41 -74.38 -74.31 -74.19 -74.00 -73.78 -73.53
-62.31 -62.38 -62.44 -62.47 -62.47 -62.41 -62.34 -62.25 -62.19 -62.12 -62.09 -62.16 -62.22 -62.28 -62.38 -62.50 -62.62 -62.78 -63.00 -63.19 -63.38 -63.56 -63.78 -64.03 -64.31 -64.59 -64.88 -65.22 -65.53 -65.88 -66.16 -66.47 -66.78 -67.09 -67.47 -67.88 -68.28 -68.69 -69.12 -69.50 -69.88 -70.22 -70.59 -70.91 -71.22 -71.47 -71.75 -72.06 -72.34 -72.62 -72.88 -73.12 -73.34 -73.56 -73.75 -73.94 -74.06 -74.16 -74.16 -74.16 -74.09 -74.06 -74.03 -74.03 -74.00 -73.97 -73.91 -73.78 -73.59 -73.38 -73.12
-62.47 -62.50 -62.53 -62.53 -62.50 -62.47 -62.38 -62.28 -62.22 -62.19 -62.19 -62.22 -62.28 -62.38 -62.47 -62.56 -62.66 -62.81 -62.94 -63.12 -63.28 -63.47 -63.66 -63.88 -64.12 -64.38 -64.66 -64.97 -65.28 -65.59 -65.88 -66.12 -66.41 -66.72 -67.06 -67.41 -67.81 -68.22 -68.66 -69.06 -69.44 -69.81 -70.19 -70.56 -70.91 -71.22 -71.50 -71.78 -72.06 -72.31 -72.56 -72.78 -72.97 -73.19 -73.38 -73.53 -73.69 -73.81 -73.84 -73.84 -73.78 -73.75 -73.72 -73.66 -73.59 -73.53 -73.47 -73.34 -73.19 -72.97 -72.72
-62.62 -62.62 -62.62 -62.59 -62.53 -62.47 -62.38 -62.28 -62.25 -62.22 -62.22 -62.28 -62.38 -62.47 -62.56 -62.62 -62.69 -62.78 -62.91 -63.03 -63.19 -63.34 -63.53 -63.75 -63.97 -64.22 -64.50 -64.78 -65.06 -65.34 -65.59 -65.84 -66.09 -66.34 -66.66 -67.00 -67.38 -67.75 -68.16 -68.59 -69.00 -69.38 -69.78 -70.16 -70.53 -70.88 -71.19 -71.47 -71.75 -71.97 -72.19 -72.38 -72.59 -72.78 -72.97 -73.12 -73.28 -73.41 -73.47 -73.50 -73.47 -73.41 -73.34 -73.28 -73.22 -73.12 -73.00 -72.91 -72.75 -72.53 -72.25
-62.81 -62.78 -62.69 -62.62 -62.56 -62.47 -62.38 -62.28 -62.25 -62.25 -62.28 -62.38 -62.47 -62.56 -62.62 -62.66 -62.69 -62.75 -62.84 -62.94 -63.06 -63.22 -63.41 -63.59 -63.81 -64.06 -64.31 -64.59 -64.88 -65.12 -65.38 -65.59 -65.81 -66.06 -66.31 -66.59 -66.94 -67.34 -67.75 -68.12 -68.53 -68.94 -69.31 -69.72 -70.12 -70.47 -70.81 -71.09 -71.34 -71.59 -71.81 -72.00 -72.16 -72.34 -72.53 -72.69 -72.84 -72.97 -73.06 -73.09 -73.06 -73.03 -72.97 -72.91 -72.81 -72.69 -72.56 -72.44 -72.28 -72.06 -71.81
-63.03 -62.94 -62.81 -62.69 -62.59 -62.50 -62.41 -62.31 -62.28 -62.28 -62.34 -62.44 -62.56 -62.62 -62.66 -62.66 -62.69 -62.75 -62.81 -62.91 -63.00 -63.12 -63.28 -63.47 -63.66 -63.88 -64.12 -64.41 -64.69 -64.94 -65.16 -65.41 -65.59 -65.81 -66.03 -66.28 -66.56 -66.94 -67.31 -67.72 -68.09 -68.50 -68.88 -69.25 -69.62 -70.00 -70.34 -70.66 -70.91 -71.16 -71.38 -71.56 -71.75 -71.91 -72.09 -72.25 -72.41 -72.50 -72.59 -72.62 -72.66 -72.62 -72.59 -72.50 -72.41 -72.28 -72.12 -71.97 -71.78 -71.59 -71.34
-63.25 -63.09 -62.97 -62.81 -62.69 -62.56 -62.44 -62.34 -62.34 -62.34 -62.38 -62.50 -62.59 -62.66 -62.69 -62.69 -62.69 -62.72 -62.78 -62.88 -62.97 -63.09 -63.22 -63.34 -63.53 -63.72 -63.97 -64.22 -64.50 -64.75 -65.00 -65.22 -65.41 -65.59 -65.81 -66.00 -66.25 -66.53 -66.91 -67.31 -67.69 -68.06 -68.44 -68.81 -69.16 -69.53 -69.84 -70.16 -70.44 -70.66 -70.88 -71.09 -71.28 -71.47 -71.66 -71.81 -71.94 -72.06 -72.12 -72.19 -72.19 -72.16 -72.12 -72.06 -71.97 -71.81 -71.66 -71.50 -71.31 -71.12 -70.88
-63.47 -63.28 -63.12 -62.97 -62.78 -62.66 -62.53 -62.41 -62.38 -62.41 -62.44 -62.53 -62.59 -62.66 -62.69 -62.72 -62.72 -62.75 -62.78 -62.88 -62.94 -63.06 -63.16 -63.28 -63.44 -63.59 -63.78 -64.00 -64.28 -64.53 -64.78 -65.03 -65.22 -65.41 -65.59 -65.81 -66.00 -66.22 -66.56 -66.94 -67.31 -67.66 -68.03 -68.38 -68.72 -69.06 -69.41 -69.69 -69.94 -70.19 -70.41 -70.59 -70.81 -71.00 -71.19 -71.34 -71.50 -71.59 -71.66 -71.69 -71.72 -71.69 -71.66 -71.59 -71.50 -71.38 -71.22 -71.03 -70.88 -70.69 -70.44
-63.62 -63.47 -63.28 -63.12 -62.94 -62.78 -62.62 -62.50 -62.47 -62.47 -62.50 -62.53 -62.59 -62.62 -62.69 -62.69 -62.72 -62.78 -62.84 -62.88 -62.97 -63.06 -63.16 -63.25 -63.38 -63.50 -63.66 -63.81 -64.06 -64.31 -64.56 -64.81 -65.03 -65.22 -65.41 -65.59 -65.81 -66.00 -66.28 -66.62 -66.97 -67.31 -67.66 -68.00 -68.34 -68.66 -68.97 -69.25 -69.53 -69.75 -70.00 -70.19 -70.41 -70.59 -70.75 -70.91 -71.03 -71.12 -71.19 -71.22 -71.25 -71.22 -71.19 -71.12 -71.06 -70.94 -70.78 -70.59 -70.44 -70.25 -70.03
-63.81 -63.62 -63.44 -63.25 -63.09 -62.91 -62.75 -62.59 -62.53 -62.53 -62.53 -62.56 -62.56 -62.59 -62.66 -62.69 -62.72 -62.78 -62.88 -62.94 -63.00 -63.06 -63.16 -63.22 -63.31 -63.44 -63.56 -63.72 -63.91 -64.12 -64.34 -64.59 -64.84 -65.03 -65.25 -65.44 -65.62 -65.81 -66.06 -66.38 -66.72 -67.03 -67.38 -67.69 -68.00 -68.31 -68.59 -68.88 -69.12 -69.38 -69.59 -69.81 -70.00 -70.19 -70.38 -70.50 -70.62 -70.72 -70.78 -70.81 -70.84 -70.81 -70.78 -70.72 -70.59 -70.50 -70.34 -70.19 -70.00 -69.81 -69.59
-63.97 -63.78 -63.56 -63.38 -63.19 -63.00 -62.81 -62.66 -62.62 -62.59 -62.59 -62.59 -62.59 -62.59 -62.62 -62.66 -62.72 -62.81 -62.91 -62.97 -63.06 -63.12 -63.16 -63.22 -63.31 -63.41 -63.53 -63.66 -63.81 -63.97 -64.16 -64.38 -64.62 -64.84 -65.06 -65.25 -65.44 -65.66 -65.88 -66.16 -66.47 -66.81 -67.12 -67.44 -67.75 -68.03 -68.28 -68.53 -68.75 -69.00 -69.22 -69.44 -69.62 -69.81 -70.00 -70.16 -70.28 -70.38 -70.44 -70.50 -70.50 -70.50 -70.44 -70.38 -70.25 -70.12 -70.00 -69.84 -69.66 -69.50 -69.28
