everonasctiles/Tile[45,23].asc
ncols 128
nrows 128
xllcorner 0
yllcorner 0
cellsize 2.0
NODATA_value  -9999
[rows 87 to 115 of 128, columns 0 to 66 of 128]
-127.22 -127.41 -127.56 -127.72 -127.84 -127.94 -128.03 -128.06 -128.12 -128.12 -128.16 -128.16 -128.16 -128.16 -128.16 -128.12 -128.09 -128.06 -128.03 -128.03 -128.09 -128.19 -128.31 -128.44 -128.56 -128.69 -128.78 -128.88 -128.94 -129.03 -129.09 -129.16 -129.22 -129.28 -129.34 -129.41 -129.47 -129.53 -129.56 -129.59 -129.62 -129.69 -129.72 -129.78 -129.81 -129.88 -129.94 -130.03 -130.09 -130.19 -130.28 -130.38 -130.47 -130.59 -130.69 -130.81 -130.91 -131.03 -131.12 -131.25 -131.38 -131.47 -131.56 -131.69 -131.78 -131.88 -131.94
-127.25 -127.44 -127.59 -127.75 -127.88 -128.00 -128.06 -128.12 -128.16 -128.19 -128.22 -128.22 -128.22 -128.22 -128.22 -128.19 -128.19 -128.12 -128.09 -128.09 -128.12 -128.22 -128.31 -128.47 -128.59 -128.69 -128.81 -128.88 -128.97 -129.03 -129.12 -129.16 -129.22 -129.28 -129.34 -129.41 -129.44 -129.50 -129.53 -129.56 -129.59 -129.66 -129.69 -129.75 -129.78 -129.84 -129.91 -129.97 -130.06 -130.12 -130.22 -130.31 -130.41 -130.53 -130.62 -130.72 -130.84 -130.94 -131.06 -131.19 -131.28 -131.41 -131.50 -131.59 -131.69 -131.78 -131.88
-127.28 -127.47 -127.66 -127.81 -127.94 -128.06 -128.12 -128.19 -128.22 -128.25 -128.28 -128.28 -128.28 -128.31 -128.28 -128.28 -128.25 -128.22 -128.19 -128.16 -128.16 -128.22 -128.34 -128.47 -128.59 -128.72 -128.81 -128.91 -129.00 -129.06 -129.12 -129.16 -129.22 -129.28 -129.31 -129.38 -129.41 -129.44 -129.50 -129.53 -129.56 -129.59 -129.66 -129.69 -129.75 -129.81 -129.88 -129.94 -130.00 -130.09 -130.19 -130.25 -130.38 -130.47 -130.56 -130.66 -130.78 -130.88 -131.00 -131.09 -131.22 -131.31 -131.44 -131.53 -131.62 -131.72 -131.78
-127.34 -127.53 -127.69 -127.84 -128.00 -128.09 -128.19 -128.22 -128.25 -128.31 -128.31 -128.34 -128.34 -128.38 -128.38 -128.34 -128.34 -128.28 -128.25 -128.19 -128.19 -128.25 -128.34 -128.47 -128.59 -128.72 -128.81 -128.91 -129.00 -129.06 -129.12 -129.16 -129.19 -129.25 -129.28 -129.34 -129.38 -129.41 -129.44 -129.50 -129.53 -129.56 -129.62 -129.66 -129.72 -129.78 -129.81 -129.91 -129.97 -130.03 -130.12 -130.22 -130.31 -130.41 -130.50 -130.59 -130.69 -130.81 -130.91 -131.03 -131.12 -131.25 -131.34 -131.44 -131.53 -131.62 -131.72
-127.41 -127.56 -127.75 -127.91 -128.03 -128.12 -128.22 -128.25 -128.28 -128.34 -128.38 -128.41 -128.41 -128.44 -128.44 -128.44 -128.41 -128.38 -128.31 -128.25 -128.22 -128.25 -128.34 -128.47 -128.59 -128.72 -128.81 -128.91 -129.00 -129.06 -129.12 -129.16 -129.19 -129.22 -129.25 -129.31 -129.34 -129.38 -129.41 -129.47 -129.50 -129.53 -129.59 -129.62 -129.69 -129.75 -129.78 -129.84 -129.94 -130.00 -130.09 -130.16 -130.25 -130.34 -130.44 -130.53 -130.62 -130.75 -130.84 -130.97 -131.06 -131.16 -131.28 -131.38 -131.47 -131.56 -131.62
-127.44 -127.59 -127.75 -127.91 -128.03 -128.12 -128.19 -128.25 -128.31 -128.34 -128.41 -128.44 -128.47 -128.47 -128.50 -128.50 -128.47 -128.41 -128.34 -128.28 -128.25 -128.25 -128.34 -128.44 -128.56 -128.69 -128.78 -128.88 -128.97 -129.03 -129.09 -129.12 -129.16 -129.19 -129.22 -129.25 -129.31 -129.34 -129.38 -129.44 -129.47 -129.50 -129.56 -129.59 -129.66 -129.72 -129.75 -129.81 -129.91 -129.97 -130.03 -130.12 -130.22 -130.28 -130.38 -130.47 -130.56 -130.69 -130.78 -130.88 -130.97 -131.09 -131.19 -131.28 -131.38 -131.47 -131.53
-127.41 -127.56 -127.72 -127.84 -127.97 -128.06 -128.16 -128.22 -128.28 -128.34 -128.41 -128.44 -128.50 -128.53 -128.53 -128.56 -128.50 -128.44 -128.38 -128.28 -128.22 -128.25 -128.31 -128.41 -128.53 -128.66 -128.75 -128.84 -128.94 -129.03 -129.06 -129.09 -129.12 -129.16 -129.19 -129.22 -129.28 -129.31 -129.34 -129.41 -129.44 -129.50 -129.53 -129.59 -129.62 -129.69 -129.75 -129.81 -129.88 -129.94 -130.00 -130.06 -130.16 -130.25 -130.34 -130.41 -130.50 -130.59 -130.72 -130.81 -130.91 -131.00 -131.09 -131.19 -131.28 -131.38 -131.44
-127.34 -127.47 -127.62 -127.75 -127.84 -127.97 -128.06 -128.12 -128.22 -128.31 -128.38 -128.47 -128.50 -128.53 -128.56 -128.56 -128.53 -128.44 -128.34 -128.25 -128.19 -128.19 -128.25 -128.38 -128.50 -128.62 -128.72 -128.84 -128.94 -129.00 -129.03 -129.06 -129.09 -129.12 -129.16 -129.19 -129.22 -129.28 -129.34 -129.38 -129.44 -129.47 -129.53 -129.56 -129.62 -129.66 -129.72 -129.78 -129.84 -129.91 -129.97 -130.03 -130.12 -130.19 -130.28 -130.38 -130.44 -130.53 -130.62 -130.72 -130.81 -130.91 -131.00 -131.09 -131.19 -131.28 -131.34
-127.19 -127.31 -127.44 -127.56 -127.69 -127.81 -127.94 -128.06 -128.16 -128.28 -128.38 -128.47 -128.53 -128.56 -128.59 -128.56 -128.50 -128.41 -128.31 -128.22 -128.16 -128.16 -128.22 -128.31 -128.44 -128.56 -128.69 -128.81 -128.91 -128.97 -129.00 -129.03 -129.06 -129.06 -129.09 -129.16 -129.19 -129.25 -129.31 -129.34 -129.41 -129.47 -129.50 -129.56 -129.59 -129.66 -129.69 -129.75 -129.81 -129.88 -129.94 -130.00 -130.06 -130.16 -130.22 -130.31 -130.38 -130.47 -130.56 -130.66 -130.75 -130.81 -130.91 -131.00 -131.09 -131.19 -131.25
-126.97 -127.09 -127.22 -127.38 -127.50 -127.66 -127.81 -127.94 -128.09 -128.22 -128.34 -128.44 -128.50 -128.53 -128.56 -128.50 -128.44 -128.38 -128.25 -128.16 -128.09 -128.09 -128.16 -128.25 -128.38 -128.50 -128.62 -128.75 -128.84 -128.91 -128.97 -129.00 -129.00 -129.03 -129.06 -129.12 -129.16 -129.22 -129.28 -129.34 -129.38 -129.44 -129.50 -129.53 -129.59 -129.62 -129.69 -129.72 -129.78 -129.84 -129.91 -129.97 -130.03 -130.09 -130.16 -130.25 -130.31 -130.41 -130.47 -130.56 -130.66 -130.75 -130.81 -130.91 -131.00 -131.06 -131.16
-126.75 -126.88 -127.00 -127.12 -127.31 -127.47 -127.66 -127.84 -128.00 -128.16 -128.28 -128.38 -128.47 -128.50 -128.47 -128.44 -128.38 -128.28 -128.19 -128.09 -128.03 -128.00 -128.06 -128.16 -128.28 -128.44 -128.56 -128.66 -128.78 -128.84 -128.91 -128.94 -128.97 -129.00 -129.03 -129.06 -129.12 -129.19 -129.25 -129.31 -129.38 -129.41 -129.47 -129.53 -129.56 -129.62 -129.66 -129.72 -129.75 -129.81 -129.84 -129.91 -129.97 -130.06 -130.12 -130.19 -130.25 -130.34 -130.41 -130.50 -130.56 -130.66 -130.72 -130.81 -130.88 -130.97 -131.03
-126.50 -126.59 -126.75 -126.91 -127.09 -127.31 -127.50 -127.72 -127.91 -128.06 -128.19 -128.28 -128.38 -128.41 -128.38 -128.34 -128.28 -128.19 -128.09 -128.00 -127.94 -127.91 -127.97 -128.06 -128.19 -128.31 -128.41 -128.53 -128.66 -128.75 -128.81 -128.88 -128.91 -128.94 -128.97 -129.03 -129.09 -129.16 -129.22 -129.28 -129.34 -129.41 -129.47 -129.50 -129.56 -129.59 -129.62 -129.69 -129.72 -129.78 -129.81 -129.88 -129.94 -130.00 -130.06 -130.12 -130.19 -130.25 -130.34 -130.41 -130.47 -130.56 -130.62 -130.69 -130.78 -130.84 -130.91
-126.16 -126.19 -126.28 -126.53 -126.88 -127.16 -127.38 -127.56 -127.75 -127.91 -128.06 -128.16 -128.25 -128.28 -128.28 -128.22 -128.16 -128.06 -127.97 -127.88 -127.81 -127.78 -127.84 -127.94 -128.03 -128.12 -128.25 -128.41 -128.53 -128.66 -128.72 -128.81 -128.84 -128.91 -128.94 -129.00 -129.06 -129.12 -129.19 -129.25 -129.31 -129.38 -129.44 -129.50 -129.53 -129.56 -129.62 -129.66 -129.69 -129.75 -129.78 -129.84 -129.88 -129.94 -130.00 -130.06 -130.12 -130.19 -130.25 -130.31 -130.38 -130.44 -130.53 -130.59 -130.66 -130.72 -130.78
-125.56 -125.59 -125.78 -126.16 -126.66 -127.00 -127.22 -127.41 -127.59 -127.75 -127.91 -128.00 -128.09 -128.12 -128.12 -128.09 -128.03 -127.94 -127.81 -127.75 -127.66 -127.66 -127.69 -127.78 -127.84 -127.97 -128.09 -128.25 -128.41 -128.53 -128.66 -128.72 -128.78 -128.84 -128.91 -128.97 -129.03 -129.12 -129.19 -129.25 -129.31 -129.38 -129.44 -129.47 -129.50 -129.56 -129.59 -129.62 -129.66 -129.69 -129.75 -129.78 -129.84 -129.91 -129.94 -130.00 -130.06 -130.12 -130.16 -130.22 -130.28 -130.34 -130.41 -130.47 -130.53 -130.59 -130.66
-125.19 -125.38 -125.69 -126.06 -126.50 -126.84 -127.06 -127.25 -127.44 -127.59 -127.72 -127.84 -127.94 -127.97 -127.97 -127.94 -127.88 -127.78 -127.66 -127.56 -127.50 -127.50 -127.53 -127.59 -127.69 -127.78 -127.94 -128.09 -128.28 -128.44 -128.56 -128.66 -128.72 -128.78 -128.84 -128.94 -129.03 -129.09 -129.16 -129.22 -129.28 -129.34 -129.41 -129.44 -129.47 -129.50 -129.56 -129.59 -129.62 -129.66 -129.69 -129.75 -129.78 -129.84 -129.88 -129.94 -129.97 -130.03 -130.09 -130.12 -130.19 -130.25 -130.31 -130.34 -130.41 -130.47 -130.53
-125.50 -125.75 -126.09 -126.38 -126.56 -126.78 -126.94 -127.12 -127.28 -127.44 -127.56 -127.66 -127.75 -127.81 -127.81 -127.78 -127.72 -127.62 -127.50 -127.41 -127.34 -127.31 -127.34 -127.41 -127.50 -127.62 -127.81 -128.00 -128.16 -128.31 -128.44 -128.56 -128.62 -128.72 -128.81 -128.88 -128.97 -129.06 -129.12 -129.19 -129.25 -129.31 -129.38 -129.41 -129.44 -129.47 -129.50 -129.53 -129.56 -129.59 -129.62 -129.69 -129.72 -129.78 -129.81 -129.88 -129.91 -129.94 -130.00 -130.03 -130.09 -130.12 -130.19 -130.25 -130.28 -130.34 -130.38
-126.06 -126.28 -126.47 -126.62 -126.72 -126.84 -126.94 -127.03 -127.16 -127.28 -127.41 -127.50 -127.59 -127.62 -127.66 -127.62 -127.56 -127.47 -127.34 -127.25 -127.19 -127.16 -127.19 -127.25 -127.34 -127.50 -127.69 -127.88 -128.06 -128.22 -128.34 -128.44 -128.53 -128.62 -128.72 -128.81 -128.91 -129.00 -129.06 -129.12 -129.19 -129.25 -129.31 -129.34 -129.38 -129.41 -129.44 -129.47 -129.50 -129.53 -129.56 -129.62 -129.66 -129.69 -129.75 -129.78 -129.81 -129.84 -129.91 -129.94 -129.97 -130.03 -130.06 -130.09 -130.16 -130.19 -130.22
-126.50 -126.59 -126.69 -126.78 -126.88 -126.94 -127.00 -127.06 -127.12 -127.22 -127.31 -127.38 -127.44 -127.47 -127.50 -127.47 -127.41 -127.31 -127.19 -127.09 -127.00 -127.00 -127.00 -127.09 -127.25 -127.41 -127.59 -127.78 -127.97 -128.09 -128.22 -128.34 -128.44 -128.53 -128.62 -128.75 -128.84 -128.91 -129.00 -129.06 -129.12 -129.19 -129.25 -129.28 -129.31 -129.34 -129.38 -129.41 -129.44 -129.47 -129.50 -129.53 -129.56 -129.62 -129.66 -129.69 -129.72 -129.75 -129.78 -129.81 -129.84 -129.91 -129.94 -129.97 -130.00 -130.03 -130.06
-126.75 -126.81 -126.91 -126.97 -127.06 -127.09 -127.12 -127.16 -127.19 -127.22 -127.25 -127.31 -127.34 -127.34 -127.34 -127.31 -127.22 -127.12 -127.03 -126.94 -126.84 -126.81 -126.84 -126.97 -127.12 -127.31 -127.50 -127.66 -127.84 -127.97 -128.09 -128.22 -128.31 -128.44 -128.53 -128.66 -128.75 -128.81 -128.91 -128.97 -129.03 -129.09 -129.16 -129.19 -129.22 -129.28 -129.31 -129.34 -129.38 -129.41 -129.44 -129.47 -129.50 -129.53 -129.56 -129.59 -129.62 -129.66 -129.69 -129.72 -129.75 -129.78 -129.81 -129.84 -129.88 -129.88 -129.91
-127.00 -127.06 -127.12 -127.19 -127.22 -127.25 -127.28 -127.28 -127.28 -127.28 -127.28 -127.28 -127.28 -127.28 -127.22 -127.16 -127.06 -126.97 -126.88 -126.75 -126.69 -126.66 -126.72 -126.84 -127.00 -127.19 -127.38 -127.53 -127.69 -127.84 -127.97 -128.06 -128.19 -128.31 -128.44 -128.53 -128.62 -128.72 -128.81 -128.88 -128.94 -129.00 -129.06 -129.09 -129.16 -129.19 -129.22 -129.25 -129.28 -129.31 -129.34 -129.38 -129.41 -129.44 -129.47 -129.50 -129.53 -129.56 -129.56 -129.59 -129.62 -129.62 -129.66 -129.69 -129.72 -129.72 -129.75
-127.22 -127.28 -127.31 -127.34 -127.38 -127.38 -127.38 -127.38 -127.38 -127.38 -127.34 -127.31 -127.28 -127.22 -127.16 -127.06 -126.94 -126.81 -126.69 -126.59 -126.50 -126.47 -126.56 -126.69 -126.88 -127.06 -127.25 -127.41 -127.56 -127.69 -127.81 -127.94 -128.06 -128.19 -128.31 -128.44 -128.53 -128.62 -128.69 -128.78 -128.84 -128.91 -128.94 -129.00 -129.03 -129.09 -129.12 -129.16 -129.19 -129.22 -129.25 -129.28 -129.31 -129.34 -129.34 -129.38 -129.41 -129.44 -129.47 -129.47 -129.50 -129.50 -129.53 -129.53 -129.56 -129.56 -129.59
-127.44 -127.47 -127.50 -127.50 -127.50 -127.50 -127.47 -127.47 -127.47 -127.44 -127.41 -127.38 -127.28 -127.22 -127.09 -126.97 -126.84 -126.69 -126.56 -126.44 -126.34 -126.31 -126.41 -126.56 -126.72 -126.91 -127.09 -127.28 -127.41 -127.50 -127.62 -127.75 -127.91 -128.06 -128.19 -128.31 -128.41 -128.50 -128.56 -128.66 -128.72 -128.78 -128.84 -128.88 -128.94 -128.97 -129.00 -129.06 -129.09 -129.12 -129.16 -129.16 -129.19 -129.22 -129.25 -129.28 -129.28 -129.31 -129.34 -129.34 -129.34 -129.38 -129.38 -129.38 -129.41 -129.41 -129.41
-127.56 -127.62 -127.62 -127.62 -127.59 -127.56 -127.53 -127.53 -127.53 -127.50 -127.44 -127.38 -127.28 -127.19 -127.06 -126.94 -126.78 -126.59 -126.44 -126.28 -126.16 -126.12 -126.25 -126.41 -126.59 -126.78 -126.97 -127.09 -127.22 -127.31 -127.44 -127.59 -127.75 -127.91 -128.06 -128.19 -128.28 -128.38 -128.44 -128.53 -128.59 -128.66 -128.69 -128.75 -128.81 -128.84 -128.91 -128.94 -128.97 -129.00 -129.03 -129.06 -129.09 -129.09 -129.12 -129.16 -129.16 -129.19 -129.19 -129.22 -129.22 -129.22 -129.22 -129.22 -129.22 -129.25 -129.25
-127.66 -127.72 -127.72 -127.69 -127.66 -127.62 -127.59 -127.56 -127.53 -127.50 -127.44 -127.34 -127.25 -127.16 -127.03 -126.91 -126.72 -126.53 -126.38 -126.19 -126.03 -125.97 -126.09 -126.25 -126.44 -126.62 -126.78 -126.91 -127.00 -127.09 -127.25 -127.41 -127.56 -127.75 -127.91 -128.06 -128.16 -128.25 -128.31 -128.38 -128.44 -128.50 -128.56 -128.62 -128.66 -128.72 -128.75 -128.81 -128.84 -128.88 -128.91 -128.94 -128.97 -128.97 -129.00 -129.03 -129.03 -129.06 -129.06 -129.06 -129.06 -129.06 -129.06 -129.06 -129.06 -129.06 -129.06
-127.69 -127.75 -127.75 -127.72 -127.69 -127.66 -127.59 -127.56 -127.53 -127.47 -127.38 -127.31 -127.19 -127.09 -126.97 -126.84 -126.69 -126.50 -126.31 -126.12 -125.94 -125.84 -125.94 -126.09 -126.25 -126.41 -126.56 -126.69 -126.78 -126.88 -127.03 -127.22 -127.41 -127.59 -127.75 -127.91 -128.00 -128.09 -128.16 -128.22 -128.28 -128.34 -128.41 -128.47 -128.53 -128.56 -128.62 -128.66 -128.72 -128.75 -128.78 -128.81 -128.81 -128.84 -128.88 -128.88 -128.91 -128.91 -128.91 -128.91 -128.91 -128.91 -128.91 -128.91 -128.91 -128.88 -128.88
-127.69 -127.75 -127.75 -127.72 -127.69 -127.66 -127.62 -127.56 -127.50 -127.44 -127.34 -127.25 -127.12 -127.00 -126.88 -126.72 -126.59 -126.41 -126.22 -126.03 -125.88 -125.75 -125.78 -125.91 -126.06 -126.22 -126.34 -126.44 -126.56 -126.69 -126.84 -127.06 -127.25 -127.44 -127.59 -127.72 -127.81 -127.91 -127.97 -128.06 -128.12 -128.19 -128.25 -128.31 -128.34 -128.41 -128.47 -128.50 -128.56 -128.59 -128.62 -128.66 -128.69 -128.72 -128.72 -128.75 -128.75 -128.75 -128.75 -128.75 -128.75 -128.75 -128.75 -128.75 -128.72 -128.72 -128.69
-127.69 -127.75 -127.78 -127.75 -127.72 -127.69 -127.62 -127.56 -127.50 -127.41 -127.28 -127.19 -127.03 -126.91 -126.75 -126.59 -126.44 -126.28 -126.09 -125.91 -125.75 -125.62 -125.62 -125.72 -125.84 -125.97 -126.09 -126.22 -126.31 -126.47 -126.66 -126.88 -127.06 -127.25 -127.41 -127.53 -127.62 -127.72 -127.81 -127.88 -127.94 -128.00 -128.06 -128.12 -128.19 -128.25 -128.28 -128.34 -128.38 -128.44 -128.47 -128.50 -128.53 -128.56 -128.56 -128.59 -128.59 -128.59 -128.59 -128.59 -128.59 -128.59 -128.56 -128.56 -128.53 -128.53 -128.50
-127.72 -127.78 -127.78 -127.78 -127.75 -127.72 -127.66 -127.56 -127.47 -127.38 -127.25 -127.12 -126.97 -126.78 -126.59 -126.44 -126.25 -126.09 -125.94 -125.75 -125.59 -125.50 -125.44 -125.53 -125.62 -125.75 -125.84 -125.97 -126.09 -126.28 -126.47 -126.69 -126.88 -127.03 -127.19 -127.31 -127.44 -127.53 -127.59 -127.69 -127.75 -127.81 -127.88 -127.94 -128.00 -128.06 -128.09 -128.16 -128.22 -128.25 -128.31 -128.34 -128.38 -128.38 -128.41 -128.41 -128.44 -128.44 -128.44 -128.44 -128.44 -128.41 -128.41 -128.38 -128.38 -128.34 -128.31
-127.72 -127.78 -127.78 -127.78 -127.75 -127.69 -127.62 -127.56 -127.44 -127.31 -127.19 -127.03 -126.88 -126.69 -126.47 -126.25 -126.06 -125.88 -125.72 -125.56 -125.44 -125.31 -125.28 -125.31 -125.41 -125.50 -125.59 -125.72 -125.88 -126.06 -126.28 -126.47 -126.66 -126.81 -126.97 -127.09 -127.22 -127.31 -127.41 -127.50 -127.56 -127.62 -127.69 -127.75 -127.81 -127.84 -127.91 -127.97 -128.03 -128.06 -128.12 -128.16 -128.19 -128.22 -128.22 -128.25 -128.25 -128.25 -128.25 -128.25 -128.25 -128.25 -128.22 -128.19 -128.16 -128.16 -128.12
