everonasctiles/Tile24,6.asc
ncols 128
nrows 128
xllcorner 0
yllcorner 0
cellsize 2.0
NODATA_value  -9999
[rows 96 to 127 of 128, columns 0 to 70 of 128]
-34.91 -35.03 -35.12 -35.22 -35.28 -35.34 -35.44 -35.53 -35.62 -35.72 -35.78 -35.84 -35.88 -35.91 -35.94 -35.94 -35.97 -36.00 -36.06 -36.12 -36.16 -36.22 -36.22 -36.25 -36.25 -36.22 -36.19 -36.09 -36.00 -35.88 -35.78 -35.69 -35.56 -35.56 -35.59 -35.56 -35.50 -35.34 -35.12 -35.16 -35.12 -34.91 -34.84 -34.59 -34.38 -34.16 -33.94 -33.72 -33.53 -33.47 -33.41 -33.19 -32.75 -32.56 -32.25 -31.81 -31.53 -30.94 -30.78 -30.06 -30.78 -31.00 -30.72 -30.41 -29.91 -29.59 -29.88 -29.69 -29.59 -29.34 -28.94
-35.06 -35.19 -35.28 -35.38 -35.47 -35.53 -35.62 -35.72 -35.81 -35.88 -35.97 -36.03 -36.09 -36.12 -36.12 -36.16 -36.19 -36.25 -36.31 -36.38 -36.44 -36.47 -36.50 -36.50 -36.53 -36.50 -36.47 -36.38 -36.28 -36.19 -36.09 -36.06 -36.06 -35.97 -36.00 -35.97 -35.88 -35.78 -35.66 -35.56 -35.50 -35.41 -35.28 -35.03 -34.91 -34.72 -34.56 -34.28 -34.03 -34.09 -33.81 -33.72 -33.34 -32.72 -32.50 -32.22 -31.84 -31.75 -31.50 -31.53 -31.06 -31.34 -31.22 -31.03 -30.28 -30.47 -30.19 -29.97 -30.09 -29.75 -29.50
-35.22 -35.34 -35.47 -35.56 -35.66 -35.72 -35.81 -35.88 -35.97 -36.06 -36.12 -36.22 -36.28 -36.31 -36.34 -36.34 -36.41 -36.47 -36.53 -36.59 -36.66 -36.72 -36.75 -36.78 -36.78 -36.75 -36.72 -36.66 -36.56 -36.50 -36.47 -36.44 -36.41 -36.41 -36.34 -36.31 -36.25 -36.09 -36.00 -36.03 -35.97 -35.88 -35.72 -35.50 -35.38 -35.28 -35.12 -35.00 -34.69 -34.44 -34.38 -34.12 -34.00 -33.41 -32.94 -32.53 -32.59 -32.59 -32.44 -32.22 -31.69 -31.72 -31.56 -31.28 -31.06 -30.91 -30.69 -30.12 -30.31 -29.91 -29.75
-35.38 -35.50 -35.62 -35.72 -35.81 -35.91 -36.00 -36.06 -36.16 -36.22 -36.31 -36.38 -36.44 -36.50 -36.53 -36.56 -36.62 -36.69 -36.75 -36.84 -36.91 -36.94 -36.97 -37.00 -37.03 -37.00 -36.97 -36.91 -36.88 -36.81 -36.81 -36.78 -36.75 -36.72 -36.69 -36.66 -36.59 -36.47 -36.34 -36.41 -36.34 -36.28 -36.16 -35.97 -35.91 -35.78 -35.66 -35.53 -35.25 -34.78 -34.66 -34.41 -34.34 -34.19 -33.81 -33.09 -33.44 -33.38 -33.19 -32.97 -32.66 -32.09 -31.59 -31.59 -31.59 -31.47 -31.12 -30.56 -30.78 -30.66 -30.16
-35.53 -35.66 -35.78 -35.88 -35.97 -36.06 -36.16 -36.25 -36.31 -36.38 -36.47 -36.53 -36.59 -36.66 -36.69 -36.75 -36.81 -36.91 -36.97 -37.06 -37.12 -37.19 -37.22 -37.25 -37.25 -37.25 -37.22 -37.19 -37.19 -37.16 -37.12 -37.09 -37.06 -37.03 -37.00 -36.94 -36.88 -36.81 -36.81 -36.75 -36.72 -36.62 -36.50 -36.38 -36.28 -36.16 -36.06 -35.91 -35.62 -35.31 -35.25 -34.97 -34.81 -34.50 -34.28 -34.12 -33.91 -33.78 -33.72 -33.69 -33.22 -33.12 -32.72 -31.97 -31.72 -31.84 -31.31 -31.16 -31.03 -31.06 -30.75
-35.69 -35.81 -35.94 -36.03 -36.12 -36.25 -36.31 -36.41 -36.47 -36.53 -36.62 -36.69 -36.75 -36.81 -36.84 -36.94 -37.00 -37.09 -37.19 -37.28 -37.34 -37.38 -37.44 -37.47 -37.47 -37.50 -37.50 -37.50 -37.47 -37.44 -37.44 -37.41 -37.38 -37.31 -37.28 -37.22 -37.19 -37.16 -37.12 -37.16 -37.03 -36.94 -36.81 -36.59 -36.56 -36.50 -36.44 -36.25 -36.09 -35.97 -35.72 -35.53 -35.22 -34.91 -34.78 -34.75 -34.59 -34.12 -34.06 -34.03 -33.78 -33.50 -33.25 -32.03 -32.19 -32.31 -31.97 -31.75 -31.00 -31.44 -31.12
-35.84 -35.97 -36.09 -36.19 -36.28 -36.41 -36.50 -36.56 -36.62 -36.69 -36.75 -36.81 -36.88 -36.94 -37.00 -37.09 -37.19 -37.28 -37.38 -37.47 -37.53 -37.59 -37.66 -37.69 -37.72 -37.75 -37.75 -37.75 -37.75 -37.72 -37.69 -37.66 -37.62 -37.59 -37.56 -37.50 -37.50 -37.50 -37.47 -37.41 -37.38 -37.31 -37.19 -37.03 -37.09 -37.03 -36.94 -36.81 -36.56 -36.50 -36.09 -35.97 -35.72 -35.44 -35.38 -35.12 -34.91 -34.66 -34.50 -34.16 -34.25 -34.00 -33.47 -32.88 -32.84 -32.56 -32.34 -32.00 -31.84 -31.47 -31.53
-36.00 -36.12 -36.22 -36.34 -36.44 -36.53 -36.62 -36.72 -36.78 -36.84 -36.91 -36.97 -37.00 -37.06 -37.16 -37.25 -37.34 -37.44 -37.56 -37.66 -37.75 -37.81 -37.84 -37.91 -37.97 -38.00 -38.00 -38.00 -38.00 -38.00 -37.97 -37.94 -37.91 -37.84 -37.81 -37.81 -37.81 -37.78 -37.78 -37.72 -37.59 -37.69 -37.66 -37.59 -37.53 -37.50 -37.41 -37.28 -37.03 -36.84 -36.56 -36.38 -36.34 -36.03 -35.78 -35.72 -35.59 -35.38 -35.00 -34.81 -34.47 -34.25 -33.78 -33.38 -32.97 -32.91 -33.03 -32.69 -32.69 -32.28 -31.62
-36.12 -36.25 -36.38 -36.47 -36.56 -36.69 -36.78 -36.88 -36.94 -37.00 -37.03 -37.09 -37.16 -37.19 -37.31 -37.41 -37.50 -37.62 -37.75 -37.84 -37.94 -38.00 -38.06 -38.12 -38.19 -38.22 -38.25 -38.25 -38.25 -38.25 -38.22 -38.19 -38.16 -38.12 -38.09 -38.09 -38.09 -38.06 -38.06 -38.06 -38.06 -38.06 -38.03 -37.97 -37.94 -37.88 -37.78 -37.62 -37.44 -37.19 -37.03 -36.84 -36.81 -36.72 -36.50 -36.44 -36.06 -35.81 -35.44 -35.16 -34.75 -34.47 -34.22 -33.94 -33.47 -33.81 -33.62 -33.12 -33.12 -32.78 -32.53
-36.28 -36.38 -36.50 -36.59 -36.69 -36.81 -36.91 -37.00 -37.06 -37.12 -37.19 -37.22 -37.28 -37.34 -37.44 -37.56 -37.66 -37.78 -37.91 -38.03 -38.12 -38.19 -38.28 -38.34 -38.41 -38.44 -38.47 -38.47 -38.50 -38.50 -38.47 -38.44 -38.41 -38.38 -38.38 -38.38 -38.38 -38.38 -38.38 -38.38 -38.38 -38.38 -38.34 -38.31 -38.25 -38.19 -38.09 -37.97 -37.78 -37.59 -37.50 -37.41 -37.19 -37.03 -36.94 -36.69 -36.56 -36.31 -35.94 -35.50 -34.88 -34.59 -34.94 -34.88 -34.66 -33.88 -33.97 -33.91 -33.56 -33.22 -32.94
-36.41 -36.53 -36.62 -36.72 -36.84 -36.94 -37.06 -37.16 -37.22 -37.28 -37.31 -37.38 -37.41 -37.47 -37.59 -37.69 -37.81 -37.97 -38.09 -38.19 -38.28 -38.38 -38.47 -38.53 -38.59 -38.62 -38.69 -38.72 -38.72 -38.72 -38.72 -38.69 -38.66 -38.62 -38.62 -38.62 -38.62 -38.66 -38.66 -38.66 -38.66 -38.66 -38.66 -38.62 -38.53 -38.50 -38.38 -38.22 -38.09 -37.91 -37.91 -37.81 -37.66 -37.34 -37.25 -37.03 -37.00 -36.75 -36.38 -35.88 -35.34 -34.91 -35.34 -35.47 -35.38 -34.53 -34.25 -34.25 -34.03 -33.78 -33.53
-36.56 -36.66 -36.78 -36.88 -36.97 -37.09 -37.19 -37.28 -37.38 -37.44 -37.47 -37.53 -37.56 -37.62 -37.72 -37.84 -37.97 -38.12 -38.25 -38.38 -38.47 -38.56 -38.62 -38.72 -38.78 -38.84 -38.88 -38.91 -38.94 -38.94 -38.94 -38.91 -38.88 -38.88 -38.88 -38.88 -38.91 -38.91 -38.94 -38.94 -38.94 -38.91 -38.91 -38.88 -38.88 -38.84 -38.75 -38.62 -38.50 -38.34 -38.28 -38.22 -38.09 -37.84 -37.62 -37.62 -37.44 -37.16 -36.97 -36.41 -36.19 -35.94 -35.75 -35.91 -35.56 -35.34 -34.28 -34.16 -34.62 -34.28 -33.84
-36.72 -36.81 -36.91 -37.00 -37.12 -37.22 -37.34 -37.44 -37.50 -37.56 -37.62 -37.66 -37.69 -37.78 -37.88 -38.00 -38.12 -38.28 -38.41 -38.53 -38.62 -38.72 -38.81 -38.88 -38.97 -39.00 -39.06 -39.09 -39.12 -39.12 -39.12 -39.09 -39.09 -39.09 -39.12 -39.12 -39.16 -39.16 -39.19 -39.19 -39.19 -39.19 -39.19 -39.22 -39.19 -39.16 -39.09 -39.06 -38.94 -38.78 -38.75 -38.66 -38.50 -38.31 -38.03 -37.88 -37.84 -37.69 -37.38 -37.06 -36.62 -36.72 -36.19 -36.06 -35.97 -35.72 -35.47 -35.03 -34.56 -34.59 -34.09
-36.91 -36.97 -37.06 -37.16 -37.25 -37.38 -37.47 -37.56 -37.66 -37.72 -37.75 -37.81 -37.84 -37.94 -38.03 -38.16 -38.28 -38.41 -38.56 -38.69 -38.78 -38.88 -38.97 -39.06 -39.12 -39.19 -39.22 -39.28 -39.28 -39.28 -39.28 -39.28 -39.28 -39.31 -39.34 -39.34 -39.38 -39.41 -39.41 -39.41 -39.44 -39.47 -39.47 -39.50 -39.50 -39.47 -39.44 -39.41 -39.28 -39.19 -39.06 -38.97 -38.88 -38.81 -38.56 -38.41 -38.25 -37.88 -37.59 -37.59 -37.38 -37.12 -36.66 -36.59 -36.31 -36.09 -35.97 -35.56 -35.09 -34.38 -34.88
-37.06 -37.16 -37.22 -37.31 -37.41 -37.53 -37.62 -37.72 -37.78 -37.84 -37.91 -37.94 -38.00 -38.09 -38.19 -38.28 -38.41 -38.56 -38.69 -38.81 -38.94 -39.03 -39.12 -39.22 -39.28 -39.34 -39.38 -39.41 -39.44 -39.44 -39.44 -39.47 -39.47 -39.50 -39.53 -39.56 -39.59 -39.62 -39.62 -39.66 -39.69 -39.72 -39.75 -39.78 -39.75 -39.75 -39.75 -39.69 -39.62 -39.56 -39.44 -39.38 -39.34 -39.25 -38.97 -38.69 -38.62 -38.53 -38.38 -38.00 -37.66 -37.53 -37.41 -36.66 -36.78 -36.59 -36.34 -35.53 -35.53 -34.47 -34.75
-37.25 -37.31 -37.41 -37.47 -37.56 -37.66 -37.75 -37.84 -37.94 -38.00 -38.03 -38.09 -38.16 -38.22 -38.31 -38.44 -38.56 -38.69 -38.84 -38.97 -39.06 -39.19 -39.28 -39.34 -39.44 -39.50 -39.53 -39.56 -39.59 -39.59 -39.62 -39.62 -39.66 -39.72 -39.75 -39.78 -39.81 -39.81 -39.88 -39.91 -39.94 -40.00 -40.00 -40.03 -40.03 -40.03 -40.00 -40.00 -39.97 -39.88 -39.75 -39.75 -39.69 -39.62 -39.41 -39.25 -39.12 -38.91 -38.72 -38.44 -38.19 -37.94 -37.50 -37.22 -37.06 -36.84 -36.31 -36.03 -35.56 -35.34 -34.69
-37.44 -37.47 -37.56 -37.62 -37.72 -37.81 -37.91 -38.00 -38.06 -38.12 -38.19 -38.22 -38.28 -38.38 -38.47 -38.59 -38.69 -38.84 -38.97 -39.09 -39.22 -39.31 -39.41 -39.50 -39.56 -39.62 -39.66 -39.72 -39.72 -39.75 -39.78 -39.81 -39.84 -39.88 -39.94 -39.97 -40.00 -40.03 -40.09 -40.16 -40.19 -40.22 -40.25 -40.28 -40.28 -40.31 -40.28 -40.28 -40.25 -40.22 -40.16 -40.12 -40.03 -39.94 -39.78 -39.62 -39.31 -39.12 -39.00 -38.75 -38.47 -38.28 -38.03 -37.59 -36.94 -36.84 -36.66 -36.31 -35.97 -35.94 -35.66
-37.62 -37.66 -37.72 -37.78 -37.88 -37.97 -38.06 -38.12 -38.19 -38.25 -38.31 -38.34 -38.44 -38.53 -38.62 -38.72 -38.84 -38.97 -39.09 -39.22 -39.34 -39.44 -39.53 -39.62 -39.72 -39.75 -39.81 -39.84 -39.88 -39.91 -39.94 -39.97 -40.03 -40.06 -40.12 -40.16 -40.22 -40.25 -40.31 -40.38 -40.44 -40.47 -40.50 -40.53 -40.53 -40.53 -40.53 -40.53 -40.50 -40.50 -40.44 -40.41 -40.31 -40.19 -39.97 -39.91 -39.69 -39.44 -39.16 -38.94 -38.78 -38.47 -38.28 -37.91 -37.25 -37.22 -37.09 -36.72 -36.12 -36.31 -36.03
-37.81 -37.84 -37.88 -37.94 -38.03 -38.12 -38.19 -38.28 -38.34 -38.38 -38.44 -38.47 -38.56 -38.66 -38.75 -38.88 -38.97 -39.09 -39.22 -39.34 -39.47 -39.56 -39.69 -39.75 -39.84 -39.91 -39.94 -40.00 -40.03 -40.06 -40.09 -40.12 -40.19 -40.25 -40.31 -40.38 -40.41 -40.47 -40.53 -40.59 -40.66 -40.69 -40.72 -40.75 -40.75 -40.75 -40.75 -40.75 -40.75 -40.75 -40.72 -40.69 -40.62 -40.50 -40.38 -40.22 -39.97 -39.62 -39.41 -39.22 -38.91 -38.56 -38.25 -38.12 -37.72 -37.66 -36.81 -37.25 -36.88 -36.75 -36.81
-38.00 -38.03 -38.06 -38.12 -38.19 -38.28 -38.34 -38.41 -38.47 -38.53 -38.56 -38.62 -38.69 -38.78 -38.91 -39.00 -39.09 -39.22 -39.34 -39.47 -39.59 -39.72 -39.81 -39.88 -39.97 -40.03 -40.09 -40.12 -40.16 -40.19 -40.25 -40.31 -40.38 -40.44 -40.50 -40.56 -40.62 -40.69 -40.75 -40.78 -40.84 -40.88 -40.91 -40.94 -40.97 -40.97 -40.97 -40.97 -41.00 -41.00 -41.00 -41.00 -40.91 -40.81 -40.66 -40.41 -40.19 -39.94 -39.62 -39.38 -38.97 -39.09 -38.81 -38.66 -38.19 -37.47 -37.72 -37.59 -37.66 -37.41 -37.25
-38.22 -38.22 -38.25 -38.31 -38.38 -38.44 -38.50 -38.56 -38.62 -38.66 -38.72 -38.75 -38.84 -38.94 -39.03 -39.12 -39.25 -39.38 -39.47 -39.59 -39.72 -39.81 -39.94 -40.00 -40.09 -40.16 -40.22 -40.25 -40.28 -40.31 -40.38 -40.47 -40.53 -40.62 -40.69 -40.75 -40.81 -40.88 -40.91 -40.97 -41.00 -41.06 -41.09 -41.12 -41.12 -41.16 -41.19 -41.22 -41.25 -41.25 -41.25 -41.22 -41.16 -41.00 -40.88 -40.62 -40.44 -40.22 -40.03 -39.75 -39.50 -39.38 -39.16 -38.97 -38.69 -38.25 -38.25 -37.94 -38.41 -38.16 -37.97
-38.41 -38.44 -38.44 -38.47 -38.53 -38.59 -38.66 -38.72 -38.78 -38.81 -38.84 -38.88 -38.97 -39.06 -39.16 -39.25 -39.38 -39.50 -39.59 -39.72 -39.84 -39.94 -40.03 -40.12 -40.22 -40.28 -40.34 -40.38 -40.41 -40.47 -40.53 -40.62 -40.69 -40.78 -40.84 -40.91 -40.97 -41.03 -41.09 -41.12 -41.19 -41.22 -41.28 -41.31 -41.31 -41.34 -41.41 -41.44 -41.47 -41.50 -41.47 -41.44 -41.31 -41.19 -41.09 -40.88 -40.69 -40.56 -40.38 -40.22 -39.97 -39.66 -39.28 -39.12 -39.25 -38.91 -38.25 -38.78 -38.84 -38.75 -38.34
-38.62 -38.62 -38.66 -38.66 -38.72 -38.78 -38.81 -38.88 -38.91 -38.97 -38.97 -39.03 -39.09 -39.19 -39.28 -39.38 -39.50 -39.62 -39.72 -39.84 -39.97 -40.06 -40.16 -40.25 -40.34 -40.41 -40.47 -40.50 -40.56 -40.59 -40.69 -40.78 -40.84 -40.94 -41.00 -41.09 -41.16 -41.19 -41.25 -41.31 -41.38 -41.41 -41.47 -41.50 -41.53 -41.56 -41.62 -41.69 -41.72 -41.72 -41.69 -41.62 -41.56 -41.41 -41.31 -41.19 -41.06 -40.97 -40.84 -40.59 -40.34 -40.16 -40.00 -39.78 -39.53 -39.72 -39.06 -39.34 -39.03 -38.91 -38.72
-38.84 -38.84 -38.84 -38.84 -38.91 -38.94 -39.00 -39.03 -39.06 -39.09 -39.12 -39.16 -39.22 -39.28 -39.41 -39.50 -39.62 -39.75 -39.84 -39.97 -40.06 -40.19 -40.28 -40.38 -40.47 -40.53 -40.59 -40.66 -40.69 -40.75 -40.84 -40.91 -41.00 -41.09 -41.16 -41.25 -41.31 -41.38 -41.44 -41.50 -41.56 -41.62 -41.66 -41.69 -41.75 -41.81 -41.84 -41.91 -41.91 -41.91 -41.88 -41.81 -41.75 -41.62 -41.50 -41.41 -41.38 -41.31 -41.22 -41.00 -40.84 -40.41 -40.59 -40.41 -40.22 -40.06 -39.84 -39.47 -39.44 -39.28 -39.03
-39.03 -39.03 -39.03 -39.03 -39.06 -39.12 -39.16 -39.19 -39.22 -39.22 -39.25 -39.28 -39.31 -39.41 -39.50 -39.62 -39.75 -39.88 -39.97 -40.09 -40.19 -40.31 -40.41 -40.50 -40.59 -40.66 -40.72 -40.78 -40.84 -40.91 -40.97 -41.06 -41.16 -41.25 -41.31 -41.38 -41.47 -41.53 -41.59 -41.69 -41.75 -41.81 -41.88 -41.91 -41.97 -42.00 -42.06 -42.09 -42.09 -42.06 -42.03 -42.00 -41.94 -41.88 -41.84 -41.81 -41.69 -41.66 -41.53 -41.31 -41.22 -41.00 -41.00 -40.84 -40.66 -40.41 -40.25 -39.53 -39.75 -39.22 -39.19
-39.25 -39.22 -39.22 -39.22 -39.25 -39.28 -39.31 -39.34 -39.34 -39.38 -39.38 -39.41 -39.44 -39.53 -39.62 -39.75 -39.88 -40.00 -40.09 -40.22 -40.31 -40.41 -40.53 -40.62 -40.72 -40.81 -40.88 -40.94 -40.97 -41.06 -41.16 -41.22 -41.31 -41.38 -41.47 -41.53 -41.62 -41.72 -41.78 -41.88 -41.94 -42.00 -42.06 -42.09 -42.16 -42.22 -42.25 -42.25 -42.25 -42.25 -42.22 -42.19 -42.16 -42.12 -42.12 -42.09 -42.06 -41.94 -41.84 -41.69 -41.53 -41.34 -41.28 -41.12 -40.94 -40.66 -40.47 -39.84 -39.62 -39.47 -39.16
-39.44 -39.44 -39.44 -39.41 -39.44 -39.44 -39.47 -39.47 -39.50 -39.50 -39.50 -39.53 -39.59 -39.66 -39.78 -39.88 -40.00 -40.09 -40.22 -40.34 -40.44 -40.53 -40.62 -40.75 -40.84 -40.94 -41.00 -41.06 -41.12 -41.22 -41.31 -41.38 -41.47 -41.53 -41.62 -41.69 -41.78 -41.88 -41.97 -42.06 -42.12 -42.19 -42.25 -42.28 -42.34 -42.38 -42.41 -42.41 -42.41 -42.41 -42.41 -42.38 -42.38 -42.38 -42.38 -42.28 -42.25 -42.16 -42.03 -41.88 -41.81 -41.62 -41.53 -41.34 -41.12 -40.88 -40.53 -40.31 -39.94 -39.81 -39.31
-39.66 -39.62 -39.62 -39.59 -39.59 -39.59 -39.62 -39.62 -39.62 -39.62 -39.62 -39.66 -39.72 -39.81 -39.91 -40.00 -40.09 -40.22 -40.34 -40.44 -40.53 -40.66 -40.75 -40.88 -40.97 -41.06 -41.16 -41.22 -41.28 -41.38 -41.47 -41.56 -41.62 -41.69 -41.78 -41.88 -41.97 -42.06 -42.16 -42.25 -42.31 -42.38 -42.41 -42.47 -42.50 -42.53 -42.56 -42.56 -42.56 -42.56 -42.56 -42.59 -42.59 -42.62 -42.59 -42.56 -42.53 -42.34 -42.22 -42.06 -41.81 -41.75 -41.62 -41.47 -41.28 -41.06 -40.56 -40.59 -40.25 -40.09 -39.47
-39.84 -39.81 -39.81 -39.78 -39.75 -39.75 -39.75 -39.75 -39.75 -39.75 -39.75 -39.78 -39.84 -39.94 -40.03 -40.12 -40.25 -40.34 -40.44 -40.56 -40.66 -40.75 -40.88 -41.00 -41.09 -41.19 -41.28 -41.34 -41.44 -41.53 -41.62 -41.72 -41.78 -41.84 -41.94 -42.03 -42.16 -42.25 -42.31 -42.41 -42.47 -42.53 -42.56 -42.62 -42.66 -42.69 -42.69 -42.72 -42.72 -42.75 -42.78 -42.78 -42.81 -42.84 -42.81 -42.78 -42.62 -42.47 -42.38 -42.22 -41.97 -41.84 -41.78 -41.53 -41.47 -41.31 -40.97 -40.78 -40.50 -40.25 -40.12
-40.06 -40.03 -40.00 -39.97 -39.94 -39.94 -39.91 -39.91 -39.91 -39.91 -39.88 -39.94 -40.00 -40.09 -40.19 -40.28 -40.38 -40.47 -40.56 -40.66 -40.75 -40.88 -41.00 -41.12 -41.22 -41.31 -41.41 -41.47 -41.59 -41.69 -41.78 -41.84 -41.94 -42.03 -42.12 -42.22 -42.31 -42.41 -42.47 -42.53 -42.59 -42.66 -42.69 -42.75 -42.78 -42.81 -42.84 -42.84 -42.88 -42.94 -42.97 -43.00 -43.03 -43.03 -43.00 -42.94 -42.88 -42.75 -42.59 -42.44 -42.31 -41.97 -42.09 -42.00 -41.78 -41.59 -41.50 -41.12 -41.03 -40.72 -40.66
-40.25 -40.22 -40.19 -40.12 -40.09 -40.09 -40.09 -40.06 -40.06 -40.03 -40.03 -40.06 -40.16 -40.22 -40.31 -40.41 -40.50 -40.56 -40.66 -40.78 -40.88 -41.00 -41.12 -41.25 -41.34 -41.44 -41.53 -41.62 -41.72 -41.81 -41.91 -42.00 -42.09 -42.16 -42.25 -42.34 -42.44 -42.53 -42.59 -42.66 -42.69 -42.75 -42.81 -42.84 -42.88 -42.94 -42.97 -43.00 -43.06 -43.12 -43.16 -43.19 -43.22 -43.19 -43.16 -43.09 -43.03 -42.97 -42.78 -42.62 -42.59 -42.47 -42.22 -42.22 -42.09 -41.81 -41.53 -41.28 -41.44 -41.22 -41.16
-40.47 -40.44 -40.38 -40.31 -40.28 -40.25 -40.25 -40.25 -40.22 -40.19 -40.19 -40.22 -40.28 -40.38 -40.47 -40.53 -40.59 -40.69 -40.78 -40.88 -41.00 -41.12 -41.25 -41.38 -41.47 -41.59 -41.66 -41.75 -41.84 -41.94 -42.06 -42.12 -42.22 -42.31 -42.38 -42.47 -42.53 -42.62 -42.69 -42.75 -42.78 -42.84 -42.88 -42.94 -43.00 -43.06 -43.09 -43.19 -43.25 -43.28 -43.34 -43.34 -43.38 -43.34 -43.31 -43.28 -43.22 -43.16 -43.06 -42.94 -42.88 -42.75 -42.59 -42.47 -42.22 -42.16 -42.12 -41.84 -41.59 -41.59 -41.50
