everonasctiles/Tile[31,12].asc
ncols 128
nrows 128
xllcorner 0
yllcorner 0
cellsize 2.0
NODATA_value  -9999
[rows 0 to 31 of 128, columns 0 to 70 of 128]
324.22 323.56 323.06 322.44 321.81 321.00 319.84 318.59 317.50 316.88 316.19 315.53 314.66 313.75 313.00 312.16 312.00 311.56 311.16 310.56 309.91 309.16 308.16 307.34 306.59 305.78 304.94 304.00 302.94 301.81 300.66 299.56 298.50 297.41 296.16 294.34 293.06 291.12 290.31 289.75 288.97 288.03 287.06 286.16 285.22 284.34 283.56 282.12 280.31 278.72 277.69 276.66 275.66 274.84 273.91 273.03 272.09 270.88 269.78 269.19 268.69 267.53 264.56 262.31 261.69 260.72 258.50 257.31 256.53 255.69 254.78
323.53 322.91 322.41 321.72 321.16 320.44 319.34 318.19 317.19 316.34 315.88 315.25 314.56 313.88 312.59 312.44 312.31 311.62 311.38 310.53 309.75 308.53 307.66 306.91 306.34 305.53 304.59 303.62 302.47 301.31 300.12 299.00 297.94 296.78 295.50 294.25 292.69 290.66 289.28 288.50 287.97 286.97 286.22 285.38 284.78 284.12 283.25 282.16 280.22 278.69 277.34 276.12 274.91 274.12 273.06 272.78 271.84 270.78 269.56 269.09 269.03 267.62 263.53 262.16 261.03 259.88 258.50 257.69 256.84 255.97 255.03
322.97 322.16 321.69 321.00 320.38 319.94 319.09 318.09 317.03 316.22 315.56 315.03 314.53 313.94 312.88 312.75 312.22 311.75 311.22 310.34 309.50 307.78 307.03 306.47 306.06 305.31 304.00 302.84 301.97 300.09 298.81 298.34 297.38 296.22 294.91 293.69 292.59 290.59 287.28 287.22 286.91 286.09 285.25 284.91 284.25 283.81 283.12 282.62 280.59 279.22 277.75 276.09 274.94 273.66 273.03 272.19 271.41 270.50 269.56 268.69 267.38 264.78 262.72 261.59 260.47 259.47 258.66 257.81 256.91 256.00 255.12
322.72 321.94 321.28 320.81 320.09 319.34 318.88 317.81 316.88 316.06 315.44 314.84 314.47 313.34 313.16 313.03 311.88 311.62 310.91 310.19 309.19 306.72 306.03 305.34 304.78 304.06 303.16 301.56 300.12 298.81 297.81 297.09 296.50 294.84 294.22 293.34 292.16 290.03 288.22 287.34 286.72 286.56 285.94 285.12 284.31 283.66 282.88 281.94 280.47 279.12 277.69 276.31 275.34 274.25 273.19 272.00 271.06 270.16 269.34 268.25 266.62 263.88 262.34 261.22 260.28 259.44 258.56 257.66 256.75 255.84 255.03
322.62 322.06 321.62 321.06 320.28 319.22 318.53 317.97 317.06 316.09 315.62 315.03 314.28 313.56 313.47 313.19 312.31 311.72 310.78 310.12 308.56 307.56 306.97 306.38 305.59 303.94 302.47 301.19 299.72 298.41 297.41 296.66 295.66 294.62 294.03 292.84 291.59 290.06 288.12 287.56 287.03 286.12 285.09 284.44 283.94 283.34 282.56 281.62 280.50 279.31 278.22 277.00 275.78 274.56 273.19 272.09 271.12 270.09 269.31 268.06 266.28 263.66 262.22 261.06 260.38 259.50 258.53 257.22 256.31 255.41 254.75
323.03 322.31 321.94 321.31 320.50 319.69 318.59 317.91 317.12 316.41 315.78 315.34 314.47 313.84 313.78 312.69 312.69 311.88 310.88 310.03 308.44 307.66 306.88 306.09 305.09 303.91 302.50 301.12 299.75 298.56 297.19 296.03 294.41 293.16 292.56 292.19 291.16 289.84 288.88 287.91 287.00 286.19 285.16 284.31 283.81 283.06 282.19 281.25 280.25 279.22 278.19 277.12 275.94 274.62 273.19 272.16 271.22 270.53 268.88 266.88 265.16 263.16 261.44 260.47 259.31 258.31 257.31 256.56 255.66 255.12 254.59
323.62 322.91 322.16 321.38 320.56 319.78 318.91 318.00 317.19 316.44 315.81 315.31 314.28 314.16 314.06 312.88 312.75 311.84 310.91 309.88 308.44 307.66 306.84 305.84 304.41 303.28 302.03 301.00 299.81 298.41 297.22 295.97 294.78 293.47 292.41 291.34 290.50 289.78 288.75 287.81 286.84 285.91 285.03 283.94 282.91 282.34 281.62 280.81 279.88 278.94 278.00 277.00 275.84 274.53 273.09 272.06 271.16 270.62 268.69 266.28 264.31 262.94 261.78 260.38 259.22 258.28 257.59 256.75 255.84 255.03 254.25
323.69 323.03 322.31 321.59 320.72 319.78 318.75 317.97 317.50 316.91 316.19 315.72 314.50 314.44 314.28 313.09 312.69 311.69 310.84 309.38 308.25 307.50 306.81 305.66 304.47 303.06 301.62 300.88 299.81 298.19 296.97 295.94 294.91 293.59 292.38 291.41 290.50 289.72 288.59 287.59 286.47 285.38 284.22 283.34 282.53 281.78 281.16 280.31 279.44 278.50 277.56 276.53 275.38 274.06 273.00 272.09 271.16 270.00 268.25 266.16 264.38 263.09 261.72 260.81 259.78 258.84 258.06 257.06 255.66 254.88 254.12
323.94 323.16 322.34 321.53 320.69 319.84 318.94 318.25 317.66 317.12 316.84 316.22 314.78 314.72 313.72 313.22 312.53 311.56 310.81 309.00 308.25 307.34 306.03 305.25 304.00 302.94 301.88 301.06 299.47 297.88 296.84 296.00 294.91 293.56 292.25 291.16 289.97 288.84 287.91 286.69 285.72 284.75 283.94 283.06 282.09 281.16 280.31 279.47 278.69 277.94 277.22 275.94 274.69 273.41 272.56 272.25 270.69 268.81 267.00 265.50 264.25 263.16 261.84 260.53 260.00 259.09 257.81 256.47 255.75 254.94 254.12
324.25 323.25 322.25 321.34 320.56 319.84 319.28 318.78 318.19 317.66 317.09 316.47 315.03 315.03 313.66 313.09 312.31 311.38 310.47 308.94 308.22 307.31 306.19 304.78 303.25 302.53 301.66 300.72 299.28 298.03 297.19 296.09 294.84 293.50 292.00 290.72 289.31 288.28 287.19 286.16 285.31 284.62 284.00 283.22 282.19 280.94 280.06 279.25 278.09 276.97 276.34 274.97 273.62 272.41 271.22 270.25 268.66 267.06 265.84 264.94 264.00 262.94 261.91 261.12 260.00 258.88 257.78 257.00 256.22 255.25 254.38
324.44 323.41 322.41 321.38 320.69 319.97 319.66 319.09 318.69 318.03 317.31 316.59 315.31 315.31 314.34 313.25 312.22 311.25 310.12 309.16 308.19 307.34 305.69 304.50 303.00 302.31 301.75 300.50 299.19 298.16 297.16 296.06 294.91 293.69 292.56 291.16 289.88 288.41 287.12 286.28 285.47 284.69 284.25 283.56 282.28 280.84 279.94 278.91 277.19 276.06 275.06 274.03 272.81 271.50 270.06 268.62 267.34 266.28 265.22 264.31 263.50 262.47 262.09 261.06 260.00 258.94 258.25 257.59 256.47 255.69 254.97
324.41 323.34 322.47 321.66 321.00 320.75 320.12 319.59 319.00 318.34 317.53 316.59 315.59 315.56 314.66 313.34 312.41 311.28 310.38 309.41 308.50 306.56 304.88 303.50 302.47 302.06 301.50 300.34 299.16 298.19 297.03 295.72 294.66 293.69 292.94 291.41 289.81 288.59 287.56 286.66 285.78 285.00 284.22 283.22 281.75 280.28 279.12 277.97 276.50 275.19 274.41 273.44 272.25 270.97 269.66 268.34 267.12 266.06 265.22 264.41 263.78 262.88 261.78 261.00 260.25 259.50 258.66 258.06 257.50 256.81 255.78
324.53 323.28 322.41 321.84 321.34 320.84 320.34 319.81 319.25 318.62 317.88 316.78 315.84 315.84 314.66 313.53 312.44 311.53 310.56 309.38 307.84 306.19 304.53 303.06 302.03 301.56 300.75 299.75 298.84 297.59 296.50 295.25 294.12 293.53 292.25 291.28 290.06 289.06 288.03 287.06 286.12 285.31 284.62 283.00 280.34 278.91 278.12 277.44 276.50 275.34 274.28 273.31 272.22 270.97 269.69 268.44 267.25 266.22 265.38 264.56 263.75 262.84 261.91 261.38 260.94 260.50 259.59 258.78 258.19 257.34 256.38
324.31 323.12 322.41 322.00 321.44 320.91 320.38 319.84 319.28 318.72 318.09 316.72 316.16 316.12 314.84 313.88 312.88 312.09 310.78 309.38 307.97 306.47 305.16 303.47 302.53 301.69 300.72 299.59 298.62 297.72 296.50 295.19 294.16 293.31 292.53 291.59 290.75 289.62 288.47 287.41 286.44 285.53 284.69 283.12 280.03 278.84 278.47 277.84 276.78 275.66 274.59 273.59 272.47 271.28 270.03 268.78 267.62 266.53 265.59 264.72 263.88 263.06 262.47 262.16 261.66 260.91 260.16 259.47 258.59 257.78 256.88
324.09 323.25 322.69 322.16 321.53 320.97 320.16 319.59 319.12 318.59 318.06 316.59 316.41 316.38 315.34 314.62 313.66 312.44 311.16 309.84 308.47 307.28 305.81 304.44 303.38 302.28 301.09 299.94 298.75 297.66 296.47 295.19 294.38 293.47 292.66 291.97 291.12 289.94 288.81 287.69 286.62 285.56 284.19 281.59 279.88 279.28 278.50 277.75 276.81 275.84 274.88 273.88 272.78 271.62 270.41 269.22 268.03 266.97 265.97 265.06 264.25 263.59 263.06 262.62 262.03 261.38 260.62 259.94 259.00 258.25 257.38
324.03 323.22 322.50 322.03 321.31 320.81 320.00 319.31 318.66 318.09 317.84 316.72 316.69 316.66 315.88 315.12 314.06 312.75 311.53 310.47 309.09 307.88 306.56 305.25 303.97 302.72 301.47 300.22 298.94 297.66 296.38 295.25 294.66 294.03 292.97 291.97 291.06 290.09 289.06 287.91 286.78 285.59 284.09 280.91 279.72 279.34 278.38 277.50 276.75 275.91 275.03 274.06 273.03 271.94 270.78 269.66 268.53 267.47 266.47 265.56 264.78 264.16 263.66 263.12 262.50 261.78 261.03 260.31 259.53 258.62 257.69
323.94 323.47 322.78 322.16 321.50 320.72 319.75 319.06 318.44 317.84 317.59 317.03 317.00 316.84 316.09 315.41 314.22 313.03 312.22 310.84 309.62 308.34 307.03 305.62 304.28 302.97 301.66 300.38 299.09 297.97 296.84 295.88 295.09 294.31 293.41 292.47 291.50 290.34 289.25 288.12 286.94 285.75 284.28 280.72 279.69 279.12 278.09 277.31 276.62 275.91 275.09 274.19 273.22 272.22 271.19 270.16 269.09 268.06 267.06 266.16 265.38 264.72 264.16 263.56 262.91 262.16 261.38 260.59 259.75 258.88 257.97
323.91 323.44 322.81 322.16 321.47 320.53 319.66 319.00 318.38 317.84 317.31 317.31 317.28 316.88 316.38 315.34 314.22 313.31 312.38 311.34 310.09 308.75 307.31 305.91 304.56 303.22 301.91 300.59 299.31 298.56 297.84 296.62 295.47 294.59 293.62 292.62 291.62 290.53 289.44 288.28 287.12 285.97 285.12 282.59 279.91 279.38 278.62 277.50 276.62 275.84 275.12 274.31 273.47 272.56 271.62 270.69 269.72 268.72 267.72 266.75 265.91 265.19 264.53 263.84 263.12 262.34 261.53 260.69 259.84 258.97 258.06
324.06 323.38 322.69 322.00 321.31 320.47 319.69 318.94 318.41 318.03 317.50 317.62 317.56 317.09 316.72 315.53 314.22 313.41 312.53 311.53 310.38 309.00 307.53 306.16 304.81 303.50 302.19 300.88 299.59 299.06 298.88 297.59 296.03 294.72 293.53 292.72 291.56 290.56 289.53 288.41 287.28 286.12 284.69 284.09 282.66 279.72 279.41 278.25 277.09 276.12 275.31 274.53 273.75 272.94 272.12 271.28 270.38 269.38 268.34 267.31 266.34 265.56 264.84 263.84 263.12 262.31 261.53 260.72 259.75 258.84 258.00
324.00 323.28 322.50 321.78 321.06 320.38 319.75 319.06 318.56 318.16 317.72 317.91 317.84 317.09 316.69 315.62 314.41 313.41 312.69 311.72 310.56 309.12 307.72 306.38 305.09 304.03 302.94 301.59 300.22 299.41 298.97 298.00 296.41 294.84 293.38 292.31 291.41 290.38 289.50 288.47 287.34 286.16 284.81 283.47 282.25 281.31 279.91 278.69 277.56 276.53 275.72 274.97 274.22 273.44 272.69 271.91 271.06 270.09 269.00 267.88 266.81 265.84 264.94 263.97 262.91 261.84 260.94 260.09 259.31 258.50 257.66
324.03 323.12 322.22 321.69 321.00 320.34 319.78 319.25 318.78 318.31 318.12 318.19 318.16 317.19 316.78 315.75 314.56 313.41 312.66 311.38 310.34 309.19 307.91 306.66 305.44 304.53 303.66 302.38 301.09 300.06 299.25 298.16 296.62 294.56 293.31 292.69 291.69 290.47 289.38 288.34 287.34 286.12 284.69 283.41 282.03 281.28 280.19 279.09 278.00 277.12 276.25 275.44 274.75 274.06 273.34 272.59 271.75 270.81 269.72 268.59 267.56 266.72 265.78 264.47 263.22 262.19 261.31 260.12 258.88 258.09 257.47
323.16 322.62 322.00 321.44 320.91 320.31 319.91 319.53 319.06 318.56 318.53 318.50 318.44 317.34 316.91 315.88 314.66 313.41 312.41 311.28 310.44 309.47 308.31 307.06 305.84 304.84 303.84 303.00 301.97 301.00 300.06 298.97 297.09 294.53 293.47 292.91 292.47 291.34 290.06 288.03 286.94 285.69 284.47 283.28 282.69 281.59 280.31 279.16 278.16 277.34 276.66 276.03 275.44 274.75 274.06 273.31 272.47 271.53 270.50 269.47 268.66 267.78 266.75 265.34 263.94 262.59 261.25 259.97 258.81 257.81 257.38
323.25 322.53 322.03 321.44 320.97 320.56 320.16 319.69 319.22 318.75 318.81 318.78 318.53 317.50 316.94 315.88 314.75 313.53 312.88 312.25 311.22 310.03 308.84 307.62 306.47 305.31 304.22 303.56 302.72 301.66 300.72 299.78 299.00 296.25 295.38 293.44 292.56 291.34 289.88 288.44 287.00 285.69 284.56 283.66 282.34 281.19 280.16 279.31 278.47 277.81 277.22 276.75 276.19 275.53 274.81 274.03 273.19 272.25 271.19 270.31 269.59 268.75 267.72 266.53 264.50 263.06 261.38 260.28 259.06 258.09 257.31
323.44 322.81 322.09 321.59 321.09 320.78 320.31 319.88 319.44 318.97 319.12 319.06 318.41 317.69 316.91 315.84 315.03 314.34 313.59 312.66 311.53 310.34 309.25 308.16 307.09 306.00 304.94 304.09 303.12 302.16 301.25 300.41 299.62 299.12 297.22 297.22 292.91 291.19 289.75 288.12 287.09 285.84 284.47 282.91 281.84 281.16 280.59 279.97 279.00 278.50 277.97 277.44 276.94 276.28 275.53 274.78 273.97 272.88 271.81 271.03 270.28 269.50 268.50 267.09 265.22 263.41 261.81 260.53 259.84 258.75 257.56
323.72 322.81 322.28 321.66 321.28 320.94 320.56 320.19 319.78 319.28 319.41 319.34 318.50 318.03 317.12 316.16 315.44 314.69 314.00 312.78 311.56 310.50 309.59 308.69 307.66 306.59 305.59 304.56 303.53 302.59 301.69 300.94 300.22 299.75 299.03 296.75 295.25 292.09 290.06 287.97 286.94 286.00 284.50 283.34 282.12 281.34 281.06 280.59 279.72 279.22 278.56 277.97 277.59 277.16 276.31 275.69 274.78 273.56 272.34 271.56 270.78 270.00 269.03 267.75 266.31 264.28 262.75 261.56 260.28 259.44 258.28
323.91 323.25 322.47 321.91 321.53 321.22 320.94 320.53 320.12 319.62 319.69 319.66 318.81 318.38 317.53 316.53 315.97 315.31 314.50 313.31 312.03 310.81 310.03 309.06 308.06 306.97 306.03 305.06 304.03 303.06 302.16 301.34 300.59 299.84 298.88 297.28 295.75 295.50 291.19 288.28 286.34 285.84 285.12 284.28 283.53 282.94 282.16 281.78 280.62 279.16 278.41 278.56 278.66 278.16 277.38 276.69 275.72 274.38 273.22 271.88 271.00 270.31 269.31 268.06 266.72 265.47 264.25 263.00 261.66 260.09 259.09
324.03 323.12 322.41 321.97 321.69 321.41 321.12 320.78 320.31 320.00 319.97 319.94 318.94 318.59 317.91 317.22 316.62 315.91 315.06 314.12 312.84 311.62 310.44 309.38 308.38 307.09 306.34 305.44 304.53 303.53 302.59 301.69 300.75 299.75 298.69 297.56 296.59 295.53 294.50 292.41 290.28 286.34 285.75 285.19 284.53 283.91 283.41 282.97 282.25 282.28 281.25 280.22 279.91 279.28 278.59 277.75 276.69 275.34 273.88 272.19 271.09 270.69 269.66 268.16 266.84 265.66 264.56 263.44 262.31 261.03 259.78
324.31 323.50 322.66 322.28 322.00 321.66 321.28 320.91 320.50 320.31 320.28 320.22 319.09 318.72 318.22 317.72 317.12 316.38 315.44 314.38 313.19 311.97 310.78 309.69 308.38 307.28 306.62 305.88 305.00 304.03 303.06 302.06 301.00 299.94 298.84 297.81 296.94 296.06 294.88 293.31 292.19 290.47 287.75 285.88 285.16 284.88 284.41 283.94 283.50 283.19 282.84 281.88 281.00 280.38 279.59 278.66 277.47 276.00 274.41 272.44 271.56 270.75 269.22 268.03 266.69 265.72 264.72 263.75 262.69 261.53 260.31
324.56 323.69 323.09 322.69 322.31 321.78 321.38 321.06 320.78 320.62 320.56 320.22 319.31 318.88 318.38 317.91 317.28 316.56 315.66 314.59 313.38 312.06 310.72 309.59 308.50 307.69 307.03 306.34 305.53 304.59 303.59 302.53 301.47 300.34 299.19 298.09 297.25 296.34 295.25 294.12 293.03 292.69 292.50 287.56 286.47 285.81 285.31 284.75 284.22 283.72 283.19 282.62 281.97 281.25 280.34 279.25 277.94 276.34 274.72 272.62 271.94 270.69 269.59 268.69 266.91 265.12 264.44 263.81 262.84 261.81 260.66
324.66 323.91 323.19 322.47 322.06 321.78 321.56 321.06 320.81 320.91 320.84 320.09 319.53 318.97 318.38 317.84 317.16 316.41 315.56 314.56 313.62 312.00 310.84 309.81 308.78 308.16 307.53 306.88 306.03 305.12 304.16 303.16 302.06 300.94 299.91 298.59 297.56 296.66 295.69 294.66 293.72 292.72 291.84 290.88 288.56 286.97 286.12 285.41 284.78 284.16 283.56 283.06 282.47 281.72 280.69 279.47 278.00 276.47 274.50 273.09 272.25 270.88 269.44 268.06 266.69 265.38 264.31 263.56 262.84 261.81 260.72
324.72 323.72 322.94 322.78 322.50 322.12 321.91 321.47 320.97 321.19 321.12 320.16 319.75 319.12 318.41 317.72 316.62 315.78 315.25 314.19 313.34 312.16 310.84 309.94 309.34 308.78 308.06 307.28 306.41 305.50 304.59 303.78 302.91 301.94 300.38 299.31 298.25 297.34 296.28 295.16 294.12 293.03 292.19 291.22 290.38 287.78 286.88 286.00 285.22 284.47 283.81 283.22 282.59 281.78 280.66 279.34 277.78 276.09 274.25 273.41 272.16 271.09 269.81 268.44 267.16 265.94 264.69 263.62 262.59 261.59 260.53
324.47 323.72 323.34 323.31 322.91 322.66 322.47 322.09 321.50 321.47 321.41 320.53 320.19 319.31 318.50 317.50 316.34 315.34 314.59 313.94 313.22 312.25 311.28 310.59 309.81 309.06 308.31 307.50 306.59 305.69 304.88 304.16 303.47 302.56 301.12 300.09 299.06 297.91 296.75 295.66 294.47 293.38 292.38 291.44 290.28 288.50 287.56 286.53 285.56 284.66 283.88 283.19 282.44 281.62 280.66 279.12 277.12 275.75 274.62 273.31 272.00 270.91 269.91 268.62 267.22 266.06 265.00 263.53 262.16 261.16 259.94
