everonasctiles/Tile19,24.asc
ncols 128
nrows 128
xllcorner 0
yllcorner 0
cellsize 2.0
NODATA_value  -9999
[rows 68 to 101 of 128, columns 0 to 76 of 128]
63.09 63.19 63.28 63.38 63.47 63.56 63.69 63.84 64.03 64.19 64.41 64.59 64.81 65.00 65.19 65.41 65.59 65.81 66.03 66.25 66.44 66.66 66.84 67.03 67.22 67.38 67.53 67.66 67.75 67.88 67.94 68.00 68.06 68.09 68.19 68.25 68.31 68.38 68.44 68.50 68.56 68.62 68.72 68.75 68.81 68.84 68.88 68.91 68.97 69.00 69.06 69.16 69.22 69.28 69.34 69.38 69.44 69.47 69.53 69.56 69.59 69.62 69.66 69.66 69.69 69.69 69.72 69.72 69.75 69.75 69.75 69.78 69.78 69.78 69.78 69.78 69.78
63.09 63.19 63.25 63.34 63.44 63.56 63.69 63.84 64.00 64.19 64.38 64.56 64.75 64.94 65.16 65.34 65.56 65.78 66.00 66.22 66.44 66.66 66.88 67.06 67.25 67.41 67.56 67.72 67.81 67.91 67.97 68.00 68.03 68.09 68.16 68.25 68.28 68.34 68.41 68.47 68.56 68.62 68.72 68.78 68.81 68.88 68.91 68.94 68.97 69.03 69.09 69.19 69.25 69.31 69.38 69.41 69.47 69.50 69.56 69.59 69.59 69.62 69.66 69.66 69.66 69.69 69.69 69.69 69.72 69.72 69.72 69.72 69.72 69.72 69.72 69.72 69.72
63.06 63.16 63.25 63.34 63.44 63.56 63.69 63.81 63.97 64.16 64.31 64.50 64.69 64.88 65.06 65.28 65.50 65.75 65.97 66.22 66.44 66.66 66.88 67.09 67.28 67.47 67.62 67.75 67.84 67.94 68.00 68.03 68.06 68.09 68.16 68.22 68.28 68.31 68.41 68.47 68.56 68.66 68.72 68.78 68.81 68.84 68.88 68.91 68.97 69.06 69.12 69.19 69.28 69.34 69.41 69.44 69.50 69.53 69.56 69.59 69.59 69.62 69.62 69.62 69.66 69.66 69.66 69.66 69.69 69.69 69.69 69.66 69.66 69.66 69.66 69.62 69.62
63.09 63.19 63.28 63.38 63.47 63.56 63.69 63.81 63.97 64.12 64.28 64.44 64.62 64.78 65.00 65.22 65.47 65.69 65.94 66.19 66.44 66.69 66.91 67.12 67.34 67.53 67.69 67.81 67.91 67.97 68.03 68.09 68.09 68.12 68.12 68.19 68.22 68.31 68.41 68.47 68.56 68.66 68.72 68.78 68.81 68.84 68.88 68.91 69.00 69.06 69.16 69.22 69.31 69.38 69.44 69.47 69.53 69.56 69.56 69.59 69.59 69.59 69.59 69.59 69.59 69.59 69.62 69.62 69.62 69.62 69.62 69.62 69.59 69.59 69.56 69.56 69.53
63.09 63.22 63.31 63.41 63.50 63.59 63.72 63.81 63.94 64.09 64.22 64.38 64.53 64.72 64.94 65.16 65.41 65.69 65.94 66.19 66.44 66.69 66.91 67.16 67.38 67.56 67.75 67.88 67.94 68.03 68.09 68.12 68.12 68.12 68.16 68.19 68.25 68.31 68.41 68.47 68.56 68.66 68.72 68.75 68.78 68.81 68.84 68.91 69.00 69.09 69.19 69.25 69.31 69.41 69.44 69.50 69.53 69.56 69.56 69.56 69.56 69.53 69.53 69.53 69.53 69.56 69.56 69.56 69.59 69.56 69.56 69.56 69.53 69.50 69.47 69.47 69.44
63.12 63.25 63.34 63.44 63.53 63.62 63.72 63.81 63.94 64.06 64.16 64.28 64.44 64.66 64.88 65.12 65.41 65.66 65.94 66.19 66.44 66.69 66.94 67.19 67.41 67.59 67.78 67.91 68.00 68.06 68.12 68.16 68.16 68.19 68.19 68.22 68.25 68.31 68.41 68.47 68.56 68.62 68.69 68.72 68.72 68.75 68.84 68.94 69.03 69.12 69.22 69.28 69.34 69.41 69.47 69.50 69.50 69.53 69.53 69.50 69.50 69.47 69.47 69.47 69.50 69.50 69.53 69.53 69.53 69.53 69.50 69.50 69.47 69.44 69.41 69.38 69.38
63.19 63.28 63.38 63.47 63.56 63.66 63.75 63.84 63.94 64.03 64.12 64.25 64.44 64.66 64.91 65.16 65.41 65.69 65.94 66.22 66.47 66.72 66.97 67.19 67.41 67.62 67.78 67.94 68.03 68.06 68.12 68.16 68.19 68.22 68.22 68.22 68.25 68.31 68.41 68.47 68.53 68.59 68.62 68.62 68.62 68.72 68.81 68.94 69.06 69.16 69.25 69.34 69.38 69.44 69.47 69.47 69.50 69.47 69.47 69.47 69.44 69.41 69.41 69.41 69.44 69.47 69.47 69.47 69.47 69.47 69.44 69.44 69.41 69.38 69.31 69.28 69.25
63.22 63.31 63.41 63.50 63.59 63.69 63.78 63.84 63.94 64.06 64.19 64.31 64.50 64.72 64.97 65.22 65.47 65.72 66.00 66.25 66.50 66.75 67.00 67.22 67.44 67.62 67.81 67.94 68.03 68.09 68.16 68.19 68.22 68.25 68.25 68.25 68.28 68.31 68.41 68.44 68.50 68.50 68.50 68.47 68.59 68.72 68.84 69.00 69.12 69.22 69.31 69.38 69.41 69.44 69.44 69.44 69.44 69.44 69.41 69.38 69.38 69.34 69.38 69.38 69.41 69.41 69.41 69.41 69.38 69.38 69.38 69.34 69.31 69.28 69.25 69.22 69.16
63.25 63.34 63.47 63.56 63.62 63.72 63.81 63.91 64.00 64.12 64.25 64.44 64.59 64.81 65.06 65.28 65.56 65.81 66.06 66.31 66.56 66.81 67.06 67.28 67.50 67.66 67.84 67.97 68.06 68.12 68.16 68.22 68.25 68.28 68.28 68.25 68.25 68.31 68.38 68.41 68.41 68.34 68.34 68.47 68.59 68.72 68.84 69.00 69.16 69.25 69.31 69.38 69.41 69.41 69.41 69.38 69.38 69.38 69.31 69.31 69.28 69.28 69.28 69.31 69.31 69.31 69.31 69.34 69.31 69.28 69.28 69.25 69.22 69.19 69.16 69.09 69.06
63.25 63.38 63.50 63.59 63.69 63.78 63.88 63.97 64.09 64.22 64.38 64.53 64.72 64.94 65.16 65.41 65.66 65.91 66.16 66.41 66.66 66.91 67.12 67.34 67.53 67.72 67.88 68.00 68.06 68.12 68.19 68.22 68.25 68.28 68.28 68.25 68.22 68.25 68.31 68.31 68.25 68.22 68.28 68.44 68.59 68.72 68.84 69.03 69.16 69.25 69.31 69.34 69.38 69.34 69.31 69.28 69.25 69.25 69.22 69.22 69.22 69.19 69.19 69.22 69.22 69.22 69.25 69.25 69.22 69.22 69.19 69.12 69.09 69.06 69.06 68.97 68.94
63.25 63.38 63.50 63.62 63.72 63.84 63.94 64.06 64.19 64.31 64.47 64.66 64.84 65.06 65.28 65.53 65.78 66.00 66.25 66.50 66.75 67.00 67.22 67.41 67.59 67.78 67.91 68.03 68.12 68.16 68.22 68.25 68.25 68.25 68.22 68.22 68.22 68.22 68.22 68.22 68.09 68.16 68.22 68.41 68.53 68.69 68.84 69.00 69.09 69.19 69.25 69.25 69.25 69.25 69.22 69.16 69.09 69.09 69.09 69.09 69.09 69.09 69.09 69.09 69.12 69.12 69.12 69.12 69.12 69.09 69.06 69.03 69.00 68.97 68.94 68.88 68.81
63.25 63.38 63.53 63.66 63.78 63.88 64.00 64.12 64.28 64.44 64.59 64.78 64.97 65.19 65.41 65.66 65.91 66.12 66.38 66.62 66.88 67.09 67.31 67.50 67.69 67.84 67.97 68.06 68.16 68.19 68.22 68.25 68.25 68.22 68.19 68.19 68.12 68.09 68.06 68.06 67.97 68.03 68.19 68.38 68.50 68.66 68.81 68.94 69.00 69.06 69.09 69.09 69.09 69.06 69.03 69.00 68.94 68.94 68.94 68.97 68.97 68.97 68.97 68.97 69.00 69.00 69.03 69.03 69.00 68.97 68.97 68.94 68.88 68.84 68.78 68.78 68.69
63.22 63.38 63.53 63.69 63.81 63.94 64.06 64.22 64.34 64.53 64.69 64.91 65.09 65.31 65.53 65.78 66.03 66.28 66.50 66.75 66.97 67.22 67.41 67.59 67.78 67.94 68.06 68.12 68.19 68.25 68.25 68.25 68.22 68.19 68.16 68.12 68.03 67.97 67.94 67.91 67.88 68.00 68.16 68.31 68.44 68.59 68.72 68.81 68.84 68.91 68.94 68.91 68.88 68.81 68.81 68.78 68.75 68.78 68.81 68.81 68.81 68.81 68.81 68.84 68.88 68.88 68.91 68.88 68.88 68.88 68.84 68.81 68.75 68.72 68.69 68.66 68.59
63.19 63.38 63.53 63.69 63.81 63.97 64.12 64.28 64.44 64.62 64.81 65.00 65.22 65.44 65.69 65.91 66.16 66.41 66.66 66.88 67.12 67.34 67.53 67.72 67.88 68.03 68.12 68.22 68.25 68.28 68.25 68.22 68.19 68.16 68.09 68.00 67.91 67.88 67.75 67.75 67.78 67.97 68.09 68.22 68.34 68.47 68.56 68.62 68.66 68.69 68.69 68.66 68.66 68.62 68.56 68.53 68.56 68.53 68.62 68.62 68.66 68.66 68.69 68.69 68.72 68.72 68.75 68.75 68.72 68.75 68.72 68.69 68.62 68.59 68.53 68.53 68.47
63.16 63.34 63.53 63.69 63.84 64.00 64.16 64.31 64.50 64.69 64.88 65.09 65.31 65.56 65.81 66.06 66.31 66.56 66.78 67.03 67.25 67.47 67.69 67.84 68.00 68.12 68.22 68.28 68.31 68.31 68.28 68.22 68.12 68.06 67.97 67.91 67.81 67.75 67.59 67.66 67.72 67.91 68.03 68.12 68.19 68.34 68.41 68.44 68.44 68.47 68.41 68.38 68.38 68.34 68.31 68.31 68.38 68.38 68.41 68.44 68.50 68.47 68.50 68.53 68.59 68.62 68.62 68.62 68.62 68.59 68.56 68.53 68.50 68.44 68.41 68.34 68.31
63.12 63.31 63.50 63.66 63.81 64.00 64.16 64.34 64.53 64.75 64.97 65.19 65.41 65.66 65.91 66.19 66.44 66.69 66.94 67.19 67.41 67.62 67.81 67.97 68.12 68.22 68.31 68.34 68.34 68.31 68.25 68.16 68.06 67.97 67.88 67.81 67.69 67.62 67.50 67.59 67.69 67.84 67.94 68.03 68.09 68.19 68.22 68.25 68.25 68.25 68.19 68.16 68.16 68.12 68.09 68.12 68.16 68.19 68.22 68.28 68.34 68.34 68.34 68.41 68.47 68.50 68.50 68.50 68.50 68.47 68.44 68.38 68.34 68.31 68.25 68.22 68.19
63.06 63.25 63.44 63.62 63.78 63.97 64.16 64.34 64.56 64.78 65.00 65.25 65.50 65.75 66.03 66.28 66.56 66.84 67.09 67.34 67.56 67.78 67.97 68.12 68.25 68.34 68.41 68.44 68.41 68.31 68.22 68.09 67.97 67.88 67.78 67.72 67.59 67.47 67.41 67.50 67.66 67.78 67.84 67.91 68.00 68.06 68.06 68.06 68.09 68.03 68.03 68.00 67.97 67.94 67.91 67.94 67.94 68.00 68.06 68.09 68.16 68.19 68.22 68.28 68.34 68.38 68.38 68.38 68.34 68.31 68.28 68.22 68.16 68.12 68.09 68.06 68.00
62.97 63.16 63.34 63.53 63.72 63.91 64.09 64.31 64.53 64.78 65.03 65.28 65.56 65.84 66.12 66.41 66.69 66.97 67.22 67.47 67.72 67.91 68.09 68.25 68.38 68.47 68.50 68.50 68.44 68.34 68.16 68.03 67.91 67.81 67.69 67.62 67.50 67.34 67.31 67.41 67.59 67.69 67.78 67.81 67.91 67.94 67.94 67.94 67.91 67.88 67.88 67.81 67.78 67.72 67.69 67.72 67.75 67.81 67.88 67.91 67.97 68.03 68.09 68.16 68.22 68.22 68.25 68.22 68.19 68.12 68.09 68.06 68.00 67.97 67.94 67.91 67.84
62.84 63.03 63.22 63.41 63.59 63.78 64.00 64.25 64.50 64.75 65.03 65.31 65.59 65.91 66.19 66.50 66.78 67.06 67.34 67.59 67.84 68.03 68.19 68.34 68.47 68.56 68.59 68.59 68.47 68.31 68.09 67.94 67.84 67.72 67.66 67.56 67.44 67.25 67.25 67.34 67.53 67.62 67.69 67.75 67.81 67.84 67.84 67.84 67.78 67.75 67.72 67.66 67.59 67.56 67.50 67.50 67.50 67.59 67.66 67.72 67.81 67.88 67.94 68.03 68.09 68.12 68.12 68.09 68.00 67.97 67.94 67.88 67.81 67.78 67.75 67.72 67.69
62.69 62.88 63.03 63.22 63.41 63.62 63.84 64.12 64.38 64.69 64.97 65.28 65.59 65.91 66.25 66.56 66.84 67.16 67.41 67.66 67.91 68.09 68.25 68.41 68.56 68.66 68.69 68.66 68.50 68.31 68.12 67.94 67.81 67.66 67.56 67.50 67.38 67.19 67.19 67.25 67.44 67.53 67.59 67.66 67.72 67.75 67.78 67.72 67.69 67.62 67.56 67.50 67.41 67.38 67.31 67.28 67.31 67.38 67.47 67.53 67.59 67.72 67.78 67.88 67.94 68.00 68.00 67.94 67.84 67.81 67.75 67.66 67.66 67.59 67.56 67.53 67.53
62.44 62.59 62.75 62.94 63.12 63.34 63.59 63.88 64.19 64.50 64.84 65.19 65.53 65.88 66.22 66.53 66.84 67.16 67.44 67.69 67.91 68.09 68.28 68.44 68.59 68.69 68.72 68.69 68.56 68.38 68.12 67.88 67.75 67.62 67.53 67.44 67.31 67.12 67.09 67.16 67.34 67.44 67.50 67.59 67.66 67.69 67.69 67.62 67.56 67.47 67.41 67.34 67.25 67.19 67.09 67.12 67.09 67.19 67.25 67.34 67.41 67.53 67.62 67.72 67.81 67.88 67.88 67.81 67.75 67.62 67.53 67.50 67.44 67.41 67.38 67.34 67.34
62.06 62.25 62.41 62.59 62.81 63.06 63.31 63.62 63.94 64.28 64.62 65.00 65.38 65.75 66.09 66.44 66.78 67.09 67.38 67.62 67.88 68.09 68.28 68.47 68.59 68.72 68.75 68.69 68.56 68.34 68.09 67.91 67.72 67.56 67.50 67.41 67.28 67.06 67.03 67.03 67.25 67.34 67.38 67.47 67.56 67.56 67.56 67.53 67.44 67.34 67.28 67.19 67.09 67.03 66.94 66.94 66.94 67.00 67.06 67.12 67.28 67.38 67.50 67.62 67.75 67.78 67.75 67.69 67.59 67.50 67.38 67.28 67.25 67.19 67.19 67.16 67.16
61.75 61.91 62.09 62.31 62.53 62.81 63.09 63.38 63.72 64.06 64.44 64.81 65.22 65.59 65.97 66.34 66.69 67.00 67.31 67.59 67.84 68.06 68.28 68.44 68.59 68.72 68.75 68.72 68.59 68.38 68.16 67.91 67.69 67.56 67.44 67.34 67.22 67.00 66.97 66.97 67.16 67.22 67.28 67.38 67.41 67.47 67.44 67.38 67.31 67.19 67.12 67.03 66.94 66.84 66.78 66.75 66.75 66.81 66.88 67.00 67.12 67.28 67.41 67.50 67.66 67.72 67.69 67.62 67.47 67.34 67.25 67.16 67.03 67.00 66.97 66.97 66.94
61.50 61.69 61.88 62.09 62.34 62.62 62.91 63.22 63.53 63.91 64.28 64.69 65.09 65.47 65.88 66.25 66.59 66.94 67.25 67.53 67.78 68.03 68.25 68.44 68.59 68.69 68.72 68.69 68.56 68.31 68.09 67.88 67.66 67.50 67.41 67.28 67.19 67.00 66.94 66.91 67.03 67.12 67.19 67.22 67.28 67.31 67.31 67.25 67.16 67.03 66.94 66.88 66.78 66.69 66.62 66.59 66.59 66.62 66.72 66.88 67.00 67.12 67.28 67.47 67.59 67.66 67.66 67.56 67.44 67.22 67.09 67.00 66.88 66.81 66.78 66.75 66.75
61.31 61.53 61.72 61.94 62.19 62.47 62.75 63.06 63.41 63.78 64.16 64.56 64.97 65.38 65.78 66.16 66.53 66.88 67.19 67.47 67.75 67.97 68.19 68.38 68.50 68.62 68.66 68.59 68.47 68.22 68.03 67.81 67.62 67.47 67.34 67.25 67.16 67.03 66.84 66.81 66.88 67.00 67.06 67.09 67.12 67.12 67.12 67.09 67.00 66.88 66.78 66.72 66.62 66.56 66.47 66.44 66.47 66.50 66.62 66.75 66.88 67.06 67.28 67.47 67.56 67.62 67.59 67.50 67.38 67.19 66.97 66.88 66.75 66.62 66.56 66.53 66.50
61.12 61.38 61.59 61.81 62.06 62.34 62.66 62.97 63.31 63.69 64.06 64.47 64.88 65.28 65.69 66.06 66.44 66.78 67.12 67.41 67.66 67.91 68.09 68.25 68.41 68.50 68.50 68.47 68.31 68.12 67.94 67.75 67.56 67.41 67.28 67.19 67.09 67.00 66.84 66.72 66.72 66.84 66.94 66.97 66.97 67.00 66.97 66.94 66.88 66.75 66.66 66.56 66.47 66.41 66.34 66.28 66.31 66.38 66.47 66.62 66.78 67.03 67.25 67.41 67.50 67.53 67.50 67.44 67.31 67.12 66.94 66.72 66.59 66.50 66.41 66.34 66.28
60.97 61.22 61.47 61.69 61.97 62.28 62.56 62.91 63.25 63.59 64.00 64.41 64.81 65.22 65.62 66.00 66.38 66.72 67.03 67.31 67.56 67.78 67.97 68.12 68.25 68.31 68.31 68.28 68.12 67.97 67.81 67.62 67.44 67.31 67.22 67.12 67.06 66.97 66.84 66.66 66.62 66.69 66.78 66.81 66.84 66.88 66.88 66.81 66.75 66.66 66.53 66.44 66.34 66.22 66.19 66.12 66.16 66.25 66.38 66.53 66.72 66.97 67.16 67.28 67.38 67.41 67.38 67.31 67.22 67.03 66.84 66.62 66.44 66.31 66.22 66.16 66.09
60.81 61.06 61.34 61.59 61.91 62.19 62.50 62.84 63.19 63.56 63.94 64.34 64.75 65.16 65.56 65.94 66.31 66.66 66.94 67.22 67.47 67.66 67.84 67.97 68.06 68.09 68.09 68.03 67.88 67.81 67.62 67.50 67.34 67.25 67.16 67.06 67.00 66.91 66.81 66.66 66.53 66.50 66.62 66.69 66.72 66.75 66.75 66.72 66.66 66.53 66.41 66.31 66.19 66.06 66.00 66.00 66.00 66.12 66.25 66.47 66.66 66.88 67.03 67.12 67.19 67.22 67.19 67.12 67.03 66.91 66.72 66.50 66.31 66.16 66.03 65.94 65.84
60.62 60.94 61.22 61.50 61.81 62.12 62.47 62.81 63.16 63.53 63.91 64.31 64.72 65.12 65.53 65.88 66.25 66.56 66.84 67.12 67.34 67.53 67.69 67.78 67.84 67.88 67.84 67.78 67.69 67.59 67.50 67.38 67.28 67.19 67.12 67.06 66.97 66.84 66.75 66.62 66.44 66.41 66.47 66.56 66.62 66.62 66.66 66.62 66.56 66.47 66.28 66.16 66.03 65.91 65.84 65.84 65.84 65.97 66.16 66.34 66.53 66.69 66.84 66.94 66.94 66.94 66.94 66.91 66.78 66.66 66.50 66.34 66.16 65.94 65.81 65.72 65.66
60.47 60.78 61.09 61.41 61.75 62.09 62.44 62.78 63.12 63.50 63.88 64.28 64.66 65.09 65.47 65.81 66.16 66.47 66.75 67.00 67.19 67.38 67.50 67.56 67.62 67.62 67.59 67.53 67.44 67.38 67.31 67.25 67.19 67.12 67.06 66.97 66.91 66.81 66.66 66.53 66.31 66.28 66.25 66.41 66.50 66.53 66.56 66.56 66.47 66.34 66.19 66.03 65.88 65.75 65.69 65.62 65.66 65.81 66.00 66.19 66.34 66.47 66.59 66.62 66.66 66.66 66.62 66.56 66.47 66.41 66.28 66.09 65.91 65.75 65.56 65.47 65.41
60.31 60.66 61.00 61.34 61.69 62.03 62.38 62.75 63.12 63.47 63.88 64.25 64.62 65.06 65.41 65.75 66.09 66.38 66.62 66.84 67.03 67.19 67.28 67.34 67.38 67.38 67.34 67.28 67.22 67.19 67.16 67.12 67.09 67.03 66.94 66.91 66.78 66.69 66.56 66.41 66.19 66.12 66.09 66.25 66.34 66.41 66.44 66.44 66.38 66.25 66.06 65.88 65.69 65.56 65.47 65.47 65.47 65.66 65.81 65.91 66.12 66.22 66.28 66.34 66.38 66.34 66.34 66.28 66.22 66.09 65.97 65.81 65.62 65.50 65.34 65.22 65.12
60.16 60.50 60.88 61.25 61.59 61.97 62.34 62.72 63.09 63.47 63.84 64.22 64.59 65.00 65.34 65.69 66.00 66.25 66.50 66.69 66.88 67.00 67.09 67.12 67.16 67.12 67.09 67.03 67.00 67.00 67.00 67.03 67.00 66.94 66.88 66.78 66.69 66.56 66.44 66.28 66.03 65.97 65.94 66.12 66.22 66.28 66.28 66.28 66.22 66.09 65.91 65.75 65.56 65.41 65.31 65.31 65.34 65.50 65.62 65.69 65.88 65.91 66.00 66.06 66.03 66.06 66.00 65.94 65.84 65.72 65.66 65.47 65.38 65.25 65.09 65.03 64.88
59.97 60.34 60.75 61.12 61.53 61.91 62.28 62.69 63.06 63.44 63.81 64.19 64.56 64.97 65.28 65.59 65.88 66.12 66.34 66.53 66.69 66.78 66.88 66.91 66.91 66.88 66.84 66.81 66.78 66.75 66.84 66.88 66.88 66.84 66.75 66.66 66.53 66.41 66.28 66.12 65.88 65.78 65.78 65.97 66.06 66.09 66.09 66.12 66.03 65.88 65.75 65.59 65.38 65.28 65.19 65.16 65.19 65.31 65.38 65.47 65.56 65.62 65.69 65.72 65.72 65.72 65.69 65.62 65.53 65.38 65.31 65.16 65.06 64.94 64.81 64.78 64.72
59.75 60.16 60.59 61.03 61.44 61.84 62.25 62.62 63.03 63.41 63.78 64.16 64.53 64.91 65.22 65.50 65.75 66.00 66.19 66.38 66.50 66.59 66.62 66.66 66.66 66.66 66.62 66.59 66.56 66.62 66.69 66.72 66.75 66.69 66.62 66.50 66.38 66.22 66.09 65.94 65.69 65.66 65.62 65.78 65.84 65.88 65.91 65.91 65.81 65.69 65.56 65.41 65.25 65.09 65.03 65.00 65.03 65.09 65.12 65.19 65.25 65.25 65.31 65.38 65.38 65.41 65.34 65.28 65.19 65.09 64.94 64.81 64.72 64.66 64.56 64.53 64.47
