everonasctiles/Tile[2,49].asc
ncols 128
nrows 128
xllcorner 0
yllcorner 0
cellsize 2.0
NODATA_value  -9999
[rows 64 to 95 of 128, columns 0 to 70 of 128]
-85.12 -85.06 -84.97 -84.88 -84.75 -84.62 -84.44 -84.25 -84.06 -83.88 -83.62 -83.31 -82.94 -82.53 -82.12 -81.66 -81.09 -80.62 -80.34 -80.19 -80.00 -79.75 -79.38 -78.91 -78.38 -77.91 -77.56 -77.25 -76.91 -76.53 -76.09 -75.78 -75.69 -75.59 -75.50 -75.38 -75.31 -75.19 -74.84 -74.62 -74.81 -75.16 -75.28 -75.38 -75.47 -75.59 -75.81 -76.09 -76.34 -76.50 -76.62 -76.72 -76.81 -77.00 -77.28 -77.56 -77.88 -78.16 -78.44 -78.69 -78.88 -79.03 -79.16 -79.25 -79.25 -79.25 -79.28 -79.31 -79.41 -79.50 -79.62
-84.47 -84.41 -84.31 -84.25 -84.16 -84.03 -83.88 -83.69 -83.50 -83.28 -83.03 -82.75 -82.44 -82.03 -81.59 -81.12 -80.59 -80.06 -79.72 -79.53 -79.38 -79.16 -78.88 -78.44 -77.94 -77.44 -76.97 -76.62 -76.25 -75.88 -75.44 -75.12 -75.00 -74.94 -74.81 -74.69 -74.56 -74.28 -73.91 -73.75 -74.00 -74.41 -74.59 -74.69 -74.81 -75.03 -75.31 -75.59 -75.81 -75.97 -76.09 -76.22 -76.38 -76.62 -76.94 -77.25 -77.56 -77.84 -78.12 -78.38 -78.59 -78.72 -78.84 -78.88 -78.88 -78.84 -78.84 -78.84 -78.88 -78.97 -79.09
-83.81 -83.75 -83.66 -83.56 -83.50 -83.44 -83.31 -83.12 -82.91 -82.66 -82.44 -82.19 -81.88 -81.53 -81.09 -80.66 -80.12 -79.53 -79.06 -78.84 -78.72 -78.53 -78.28 -77.94 -77.50 -76.97 -76.47 -76.03 -75.62 -75.25 -74.84 -74.50 -74.38 -74.28 -74.16 -74.00 -73.81 -73.38 -73.03 -72.94 -73.19 -73.62 -73.91 -74.06 -74.25 -74.53 -74.84 -75.09 -75.31 -75.47 -75.62 -75.75 -75.97 -76.28 -76.59 -76.94 -77.25 -77.56 -77.84 -78.09 -78.28 -78.44 -78.50 -78.56 -78.53 -78.47 -78.41 -78.38 -78.38 -78.47 -78.56
-83.12 -83.06 -82.97 -82.91 -82.84 -82.81 -82.75 -82.59 -82.38 -82.09 -81.81 -81.56 -81.31 -81.00 -80.62 -80.16 -79.66 -79.09 -78.53 -78.19 -78.03 -77.88 -77.66 -77.38 -76.97 -76.50 -76.00 -75.50 -75.06 -74.66 -74.28 -73.97 -73.78 -73.66 -73.50 -73.34 -73.09 -72.59 -72.22 -72.19 -72.50 -72.94 -73.28 -73.50 -73.78 -74.09 -74.38 -74.59 -74.81 -75.00 -75.16 -75.38 -75.62 -75.97 -76.28 -76.62 -76.97 -77.28 -77.59 -77.84 -78.03 -78.16 -78.22 -78.22 -78.19 -78.09 -78.03 -77.94 -77.91 -77.97 -78.06
-82.44 -82.38 -82.31 -82.22 -82.19 -82.19 -82.16 -82.06 -81.84 -81.56 -81.22 -80.94 -80.69 -80.41 -80.09 -79.69 -79.22 -78.69 -78.09 -77.56 -77.34 -77.19 -77.00 -76.75 -76.41 -76.00 -75.50 -75.00 -74.53 -74.12 -73.75 -73.44 -73.22 -73.06 -72.91 -72.72 -72.44 -71.91 -71.53 -71.56 -71.97 -72.47 -72.78 -73.06 -73.38 -73.66 -73.91 -74.12 -74.34 -74.53 -74.75 -75.00 -75.31 -75.66 -76.00 -76.34 -76.69 -77.03 -77.31 -77.56 -77.75 -77.88 -77.94 -77.94 -77.88 -77.78 -77.66 -77.56 -77.47 -77.50 -77.56
-81.75 -81.69 -81.62 -81.56 -81.53 -81.56 -81.56 -81.50 -81.31 -81.06 -80.69 -80.38 -80.09 -79.84 -79.53 -79.19 -78.78 -78.28 -77.72 -77.16 -76.69 -76.50 -76.34 -76.09 -75.81 -75.44 -74.97 -74.50 -74.03 -73.56 -73.22 -72.91 -72.69 -72.50 -72.34 -72.12 -71.88 -71.34 -71.03 -71.19 -71.66 -72.09 -72.38 -72.69 -72.97 -73.25 -73.50 -73.72 -73.94 -74.16 -74.41 -74.69 -75.00 -75.34 -75.72 -76.09 -76.44 -76.78 -77.06 -77.31 -77.50 -77.62 -77.69 -77.66 -77.59 -77.50 -77.38 -77.22 -77.12 -77.06 -77.12
-81.06 -81.00 -80.97 -80.91 -80.88 -80.91 -80.97 -80.94 -80.81 -80.59 -80.25 -79.88 -79.53 -79.25 -78.97 -78.66 -78.31 -77.88 -77.38 -76.81 -76.25 -75.88 -75.69 -75.47 -75.19 -74.84 -74.44 -74.00 -73.50 -73.03 -72.69 -72.41 -72.19 -72.00 -71.81 -71.62 -71.41 -70.97 -70.72 -71.00 -71.44 -71.78 -72.06 -72.34 -72.62 -72.91 -73.12 -73.34 -73.59 -73.84 -74.09 -74.41 -74.72 -75.06 -75.47 -75.84 -76.22 -76.53 -76.81 -77.06 -77.25 -77.38 -77.44 -77.41 -77.34 -77.25 -77.09 -76.97 -76.84 -76.72 -76.72
-80.41 -80.34 -80.31 -80.28 -80.25 -80.28 -80.34 -80.38 -80.28 -80.12 -79.84 -79.47 -79.06 -78.72 -78.41 -78.12 -77.81 -77.47 -77.00 -76.50 -75.97 -75.44 -75.09 -74.88 -74.59 -74.28 -73.91 -73.47 -73.03 -72.53 -72.16 -71.91 -71.72 -71.53 -71.38 -71.19 -71.00 -70.69 -70.59 -70.94 -71.25 -71.53 -71.81 -72.09 -72.38 -72.62 -72.88 -73.12 -73.41 -73.69 -73.97 -74.28 -74.59 -74.94 -75.28 -75.66 -76.00 -76.31 -76.59 -76.84 -77.00 -77.12 -77.19 -77.16 -77.12 -77.00 -76.88 -76.75 -76.59 -76.50 -76.44
-79.75 -79.72 -79.69 -79.66 -79.62 -79.69 -79.75 -79.78 -79.75 -79.62 -79.41 -79.09 -78.72 -78.31 -77.94 -77.62 -77.31 -77.00 -76.62 -76.19 -75.69 -75.19 -74.69 -74.31 -74.03 -73.75 -73.41 -73.00 -72.59 -72.12 -71.69 -71.44 -71.28 -71.12 -70.97 -70.84 -70.69 -70.50 -70.59 -70.84 -71.09 -71.38 -71.66 -71.94 -72.25 -72.50 -72.78 -73.06 -73.34 -73.62 -73.94 -74.25 -74.56 -74.88 -75.22 -75.53 -75.84 -76.16 -76.41 -76.62 -76.78 -76.88 -76.94 -76.94 -76.88 -76.78 -76.66 -76.53 -76.41 -76.28 -76.19
-79.12 -79.09 -79.09 -79.06 -79.06 -79.09 -79.16 -79.22 -79.22 -79.16 -78.97 -78.72 -78.34 -77.97 -77.56 -77.19 -76.88 -76.56 -76.22 -75.81 -75.38 -74.91 -74.44 -73.97 -73.59 -73.28 -72.97 -72.59 -72.22 -71.81 -71.44 -71.09 -70.88 -70.75 -70.62 -70.53 -70.41 -70.41 -70.56 -70.78 -71.00 -71.28 -71.56 -71.88 -72.16 -72.47 -72.75 -73.03 -73.34 -73.62 -73.94 -74.25 -74.56 -74.84 -75.16 -75.44 -75.72 -76.00 -76.22 -76.41 -76.53 -76.62 -76.66 -76.66 -76.62 -76.53 -76.44 -76.31 -76.19 -76.06 -75.97
-78.53 -78.50 -78.50 -78.47 -78.47 -78.53 -78.59 -78.66 -78.69 -78.62 -78.53 -78.31 -78.00 -77.62 -77.25 -76.84 -76.47 -76.16 -75.81 -75.47 -75.06 -74.62 -74.16 -73.72 -73.31 -72.94 -72.59 -72.28 -71.94 -71.56 -71.22 -70.91 -70.62 -70.41 -70.28 -70.22 -70.19 -70.28 -70.47 -70.69 -70.94 -71.22 -71.50 -71.81 -72.12 -72.44 -72.72 -73.03 -73.31 -73.62 -73.94 -74.22 -74.53 -74.81 -75.09 -75.38 -75.59 -75.84 -76.03 -76.19 -76.31 -76.38 -76.41 -76.41 -76.38 -76.28 -76.19 -76.06 -75.97 -75.84 -75.75
-77.97 -77.94 -77.91 -77.91 -77.91 -77.97 -78.03 -78.09 -78.12 -78.12 -78.06 -77.88 -77.62 -77.31 -76.94 -76.56 -76.19 -75.84 -75.50 -75.12 -74.75 -74.34 -73.91 -73.50 -73.09 -72.69 -72.34 -72.00 -71.69 -71.34 -71.03 -70.72 -70.44 -70.22 -70.03 -69.97 -70.03 -70.19 -70.38 -70.59 -70.84 -71.16 -71.44 -71.75 -72.06 -72.38 -72.69 -72.97 -73.28 -73.59 -73.88 -74.19 -74.47 -74.75 -75.03 -75.25 -75.47 -75.69 -75.84 -75.97 -76.06 -76.12 -76.16 -76.16 -76.12 -76.03 -75.94 -75.81 -75.72 -75.59 -75.50
-77.44 -77.38 -77.38 -77.34 -77.38 -77.44 -77.50 -77.56 -77.59 -77.62 -77.59 -77.47 -77.22 -76.94 -76.62 -76.28 -75.94 -75.56 -75.22 -74.88 -74.50 -74.09 -73.69 -73.28 -72.88 -72.50 -72.12 -71.78 -71.44 -71.12 -70.84 -70.56 -70.28 -70.06 -69.88 -69.78 -69.88 -70.03 -70.25 -70.47 -70.75 -71.06 -71.38 -71.69 -72.00 -72.28 -72.59 -72.91 -73.19 -73.50 -73.81 -74.12 -74.41 -74.66 -74.91 -75.12 -75.34 -75.50 -75.66 -75.75 -75.84 -75.91 -75.94 -75.94 -75.88 -75.81 -75.69 -75.59 -75.47 -75.34 -75.25
-76.91 -76.84 -76.84 -76.81 -76.88 -76.94 -77.00 -77.03 -77.06 -77.12 -77.12 -77.03 -76.81 -76.56 -76.28 -76.00 -75.66 -75.31 -74.97 -74.62 -74.28 -73.91 -73.50 -73.12 -72.72 -72.31 -71.94 -71.59 -71.25 -70.94 -70.62 -70.38 -70.12 -69.91 -69.75 -69.62 -69.75 -69.91 -70.12 -70.38 -70.66 -70.97 -71.28 -71.59 -71.88 -72.19 -72.47 -72.78 -73.09 -73.41 -73.72 -74.00 -74.28 -74.53 -74.75 -74.97 -75.16 -75.31 -75.47 -75.56 -75.62 -75.69 -75.72 -75.69 -75.66 -75.56 -75.47 -75.34 -75.22 -75.09 -75.00
-76.41 -76.34 -76.31 -76.31 -76.38 -76.44 -76.50 -76.53 -76.56 -76.62 -76.62 -76.56 -76.41 -76.19 -75.94 -75.66 -75.38 -75.06 -74.75 -74.44 -74.09 -73.72 -73.34 -72.97 -72.56 -72.16 -71.78 -71.41 -71.06 -70.72 -70.44 -70.19 -69.97 -69.78 -69.62 -69.50 -69.59 -69.75 -69.97 -70.22 -70.53 -70.84 -71.16 -71.44 -71.75 -72.03 -72.34 -72.66 -73.00 -73.31 -73.59 -73.88 -74.12 -74.38 -74.59 -74.81 -75.00 -75.12 -75.25 -75.34 -75.41 -75.47 -75.50 -75.50 -75.44 -75.34 -75.25 -75.12 -75.00 -74.88 -74.75
-75.88 -75.81 -75.78 -75.81 -75.88 -75.97 -76.00 -76.03 -76.06 -76.12 -76.16 -76.12 -76.00 -75.81 -75.56 -75.31 -75.06 -74.81 -74.53 -74.22 -73.91 -73.56 -73.19 -72.81 -72.44 -72.03 -71.62 -71.25 -70.91 -70.59 -70.28 -70.03 -69.81 -69.62 -69.47 -69.38 -69.47 -69.59 -69.81 -70.06 -70.38 -70.66 -70.97 -71.28 -71.56 -71.88 -72.19 -72.53 -72.84 -73.16 -73.47 -73.72 -73.97 -74.22 -74.44 -74.62 -74.78 -74.94 -75.06 -75.16 -75.22 -75.28 -75.31 -75.28 -75.22 -75.12 -75.03 -74.91 -74.81 -74.69 -74.53
-75.38 -75.31 -75.28 -75.31 -75.41 -75.47 -75.53 -75.56 -75.62 -75.66 -75.69 -75.66 -75.56 -75.41 -75.22 -75.00 -74.75 -74.53 -74.28 -74.00 -73.72 -73.41 -73.03 -72.69 -72.28 -71.91 -71.53 -71.16 -70.78 -70.47 -70.16 -69.91 -69.69 -69.50 -69.34 -69.25 -69.31 -69.44 -69.62 -69.88 -70.16 -70.47 -70.78 -71.09 -71.41 -71.72 -72.06 -72.38 -72.69 -73.00 -73.28 -73.53 -73.78 -74.03 -74.22 -74.44 -74.59 -74.75 -74.84 -74.97 -75.03 -75.09 -75.12 -75.09 -75.03 -74.91 -74.81 -74.72 -74.59 -74.50 -74.34
-74.88 -74.78 -74.78 -74.84 -74.91 -75.00 -75.09 -75.12 -75.16 -75.19 -75.19 -75.19 -75.12 -75.00 -74.84 -74.66 -74.44 -74.22 -74.00 -73.75 -73.50 -73.22 -72.88 -72.53 -72.16 -71.78 -71.41 -71.06 -70.72 -70.38 -70.06 -69.81 -69.59 -69.38 -69.22 -69.12 -69.12 -69.25 -69.44 -69.66 -69.94 -70.25 -70.56 -70.88 -71.22 -71.56 -71.88 -72.22 -72.50 -72.78 -73.06 -73.31 -73.56 -73.81 -74.03 -74.22 -74.38 -74.53 -74.66 -74.78 -74.88 -74.94 -74.94 -74.91 -74.84 -74.72 -74.59 -74.50 -74.41 -74.31 -74.16
-74.34 -74.28 -74.28 -74.34 -74.44 -74.56 -74.66 -74.69 -74.72 -74.72 -74.72 -74.72 -74.66 -74.59 -74.47 -74.31 -74.12 -73.94 -73.72 -73.50 -73.25 -73.00 -72.69 -72.38 -72.03 -71.66 -71.31 -70.97 -70.62 -70.31 -70.00 -69.72 -69.50 -69.28 -69.12 -69.00 -68.97 -69.06 -69.22 -69.44 -69.72 -70.00 -70.34 -70.69 -71.00 -71.34 -71.69 -71.97 -72.25 -72.53 -72.78 -73.03 -73.31 -73.56 -73.78 -73.97 -74.16 -74.31 -74.47 -74.59 -74.69 -74.75 -74.78 -74.75 -74.66 -74.53 -74.41 -74.28 -74.19 -74.09 -73.97
-73.84 -73.75 -73.78 -73.88 -73.97 -74.09 -74.19 -74.25 -74.28 -74.28 -74.28 -74.25 -74.22 -74.16 -74.06 -73.94 -73.81 -73.62 -73.44 -73.22 -72.97 -72.75 -72.50 -72.19 -71.88 -71.53 -71.19 -70.84 -70.53 -70.22 -69.94 -69.66 -69.41 -69.19 -69.00 -68.88 -68.78 -68.84 -68.97 -69.19 -69.47 -69.78 -70.09 -70.44 -70.78 -71.09 -71.41 -71.69 -71.94 -72.19 -72.47 -72.75 -73.03 -73.28 -73.53 -73.72 -73.94 -74.09 -74.28 -74.41 -74.53 -74.59 -74.59 -74.56 -74.47 -74.34 -74.22 -74.09 -73.97 -73.88 -73.75
-73.31 -73.25 -73.28 -73.38 -73.50 -73.66 -73.75 -73.81 -73.84 -73.84 -73.84 -73.81 -73.81 -73.78 -73.69 -73.59 -73.47 -73.31 -73.12 -72.94 -72.72 -72.50 -72.25 -72.00 -71.72 -71.41 -71.06 -70.75 -70.44 -70.12 -69.84 -69.59 -69.34 -69.09 -68.91 -68.72 -68.62 -68.59 -68.72 -68.94 -69.22 -69.50 -69.84 -70.16 -70.47 -70.78 -71.06 -71.34 -71.59 -71.84 -72.16 -72.44 -72.72 -73.00 -73.25 -73.47 -73.69 -73.88 -74.06 -74.22 -74.34 -74.41 -74.41 -74.38 -74.31 -74.19 -74.03 -73.91 -73.75 -73.66 -73.53
-72.81 -72.75 -72.78 -72.91 -73.06 -73.19 -73.28 -73.38 -73.41 -73.44 -73.44 -73.41 -73.41 -73.41 -73.34 -73.25 -73.16 -73.03 -72.84 -72.66 -72.44 -72.22 -72.03 -71.78 -71.53 -71.25 -70.94 -70.62 -70.31 -70.03 -69.75 -69.50 -69.22 -69.00 -68.78 -68.59 -68.47 -68.38 -68.47 -68.69 -68.94 -69.25 -69.53 -69.84 -70.12 -70.44 -70.69 -70.97 -71.22 -71.50 -71.81 -72.12 -72.44 -72.72 -72.97 -73.19 -73.41 -73.62 -73.84 -74.00 -74.12 -74.22 -74.22 -74.19 -74.09 -74.00 -73.84 -73.69 -73.56 -73.44 -73.31
-72.31 -72.25 -72.31 -72.47 -72.59 -72.72 -72.84 -72.94 -73.00 -73.00 -73.03 -73.03 -73.03 -73.03 -73.00 -72.91 -72.81 -72.72 -72.56 -72.41 -72.19 -72.00 -71.78 -71.56 -71.34 -71.06 -70.78 -70.50 -70.19 -69.91 -69.66 -69.38 -69.12 -68.91 -68.69 -68.47 -68.31 -68.19 -68.25 -68.44 -68.66 -68.94 -69.22 -69.50 -69.78 -70.03 -70.31 -70.59 -70.88 -71.19 -71.50 -71.84 -72.16 -72.41 -72.66 -72.91 -73.16 -73.41 -73.62 -73.81 -73.94 -74.00 -74.00 -73.97 -73.91 -73.78 -73.66 -73.50 -73.34 -73.22 -73.06
-71.84 -71.78 -71.84 -72.00 -72.12 -72.28 -72.41 -72.50 -72.56 -72.59 -72.62 -72.66 -72.69 -72.69 -72.66 -72.59 -72.50 -72.41 -72.28 -72.12 -71.97 -71.78 -71.56 -71.38 -71.16 -70.91 -70.62 -70.34 -70.06 -69.78 -69.53 -69.28 -69.03 -68.78 -68.56 -68.38 -68.19 -68.06 -68.03 -68.19 -68.38 -68.62 -68.88 -69.12 -69.41 -69.69 -69.94 -70.22 -70.53 -70.88 -71.22 -71.56 -71.84 -72.09 -72.38 -72.66 -72.91 -73.19 -73.41 -73.59 -73.72 -73.78 -73.78 -73.75 -73.69 -73.59 -73.47 -73.31 -73.16 -73.00 -72.84
-71.34 -71.28 -71.41 -71.53 -71.69 -71.84 -71.97 -72.06 -72.12 -72.19 -72.25 -72.31 -72.34 -72.38 -72.34 -72.28 -72.19 -72.09 -71.97 -71.88 -71.72 -71.56 -71.38 -71.16 -70.97 -70.72 -70.47 -70.22 -69.94 -69.66 -69.41 -69.16 -68.91 -68.69 -68.47 -68.28 -68.09 -67.94 -67.84 -67.94 -68.09 -68.31 -68.56 -68.81 -69.06 -69.31 -69.59 -69.91 -70.25 -70.59 -70.94 -71.25 -71.53 -71.81 -72.09 -72.38 -72.69 -72.94 -73.19 -73.38 -73.50 -73.56 -73.56 -73.53 -73.47 -73.38 -73.25 -73.12 -72.97 -72.81 -72.62
-70.84 -70.81 -70.94 -71.09 -71.25 -71.41 -71.53 -71.62 -71.72 -71.81 -71.88 -71.97 -72.03 -72.03 -72.03 -71.97 -71.88 -71.78 -71.69 -71.59 -71.47 -71.31 -71.16 -70.97 -70.78 -70.56 -70.31 -70.06 -69.78 -69.53 -69.28 -69.03 -68.78 -68.56 -68.34 -68.16 -67.97 -67.81 -67.69 -67.66 -67.75 -67.94 -68.16 -68.44 -68.72 -69.00 -69.31 -69.66 -70.00 -70.34 -70.69 -70.97 -71.25 -71.56 -71.84 -72.16 -72.47 -72.75 -72.97 -73.16 -73.25 -73.31 -73.31 -73.28 -73.25 -73.16 -73.06 -72.94 -72.78 -72.62 -72.44
-70.38 -70.34 -70.50 -70.69 -70.84 -71.00 -71.09 -71.19 -71.28 -71.41 -71.53 -71.62 -71.69 -71.72 -71.72 -71.69 -71.59 -71.50 -71.41 -71.31 -71.22 -71.06 -70.91 -70.75 -70.56 -70.38 -70.16 -69.91 -69.66 -69.41 -69.16 -68.91 -68.66 -68.44 -68.22 -68.03 -67.84 -67.66 -67.53 -67.41 -67.34 -67.47 -67.75 -68.12 -68.47 -68.78 -69.12 -69.47 -69.78 -70.12 -70.44 -70.72 -71.03 -71.31 -71.62 -71.94 -72.25 -72.53 -72.75 -72.91 -73.00 -73.06 -73.06 -73.03 -73.00 -72.94 -72.88 -72.75 -72.59 -72.44 -72.25
-69.88 -69.91 -70.09 -70.28 -70.47 -70.59 -70.69 -70.78 -70.88 -71.03 -71.16 -71.28 -71.34 -71.41 -71.41 -71.38 -71.31 -71.22 -71.16 -71.06 -70.97 -70.81 -70.69 -70.50 -70.34 -70.16 -69.97 -69.75 -69.50 -69.28 -69.03 -68.78 -68.53 -68.31 -68.09 -67.91 -67.72 -67.53 -67.38 -67.22 -67.03 -67.16 -67.53 -67.94 -68.28 -68.59 -68.94 -69.28 -69.59 -69.88 -70.19 -70.50 -70.81 -71.12 -71.44 -71.75 -72.03 -72.31 -72.50 -72.66 -72.75 -72.78 -72.78 -72.78 -72.75 -72.72 -72.66 -72.56 -72.41 -72.25 -72.06
-69.44 -69.53 -69.72 -69.91 -70.06 -70.19 -70.25 -70.34 -70.50 -70.66 -70.81 -70.94 -71.03 -71.09 -71.12 -71.09 -71.06 -70.97 -70.91 -70.81 -70.72 -70.59 -70.44 -70.28 -70.12 -69.94 -69.78 -69.56 -69.38 -69.16 -68.91 -68.69 -68.44 -68.19 -67.97 -67.78 -67.59 -67.41 -67.25 -67.09 -66.88 -67.06 -67.47 -67.81 -68.12 -68.44 -68.78 -69.09 -69.38 -69.69 -69.97 -70.28 -70.59 -70.91 -71.22 -71.53 -71.81 -72.06 -72.25 -72.38 -72.44 -72.50 -72.50 -72.50 -72.50 -72.47 -72.41 -72.34 -72.22 -72.06 -71.91
-69.09 -69.19 -69.38 -69.53 -69.69 -69.78 -69.84 -69.94 -70.12 -70.31 -70.47 -70.62 -70.72 -70.78 -70.84 -70.84 -70.78 -70.72 -70.66 -70.56 -70.47 -70.34 -70.22 -70.06 -69.91 -69.75 -69.56 -69.41 -69.22 -69.03 -68.81 -68.56 -68.34 -68.09 -67.88 -67.69 -67.50 -67.31 -67.16 -67.00 -66.81 -67.06 -67.41 -67.69 -68.00 -68.31 -68.59 -68.91 -69.19 -69.50 -69.78 -70.09 -70.41 -70.72 -71.03 -71.31 -71.59 -71.78 -71.94 -72.06 -72.12 -72.19 -72.22 -72.25 -72.25 -72.22 -72.19 -72.09 -72.00 -71.88 -71.75
-68.78 -68.88 -69.03 -69.19 -69.31 -69.41 -69.47 -69.56 -69.78 -69.97 -70.16 -70.28 -70.41 -70.50 -70.56 -70.56 -70.53 -70.50 -70.41 -70.34 -70.25 -70.16 -70.00 -69.88 -69.72 -69.56 -69.38 -69.22 -69.06 -68.88 -68.69 -68.47 -68.25 -68.03 -67.81 -67.62 -67.44 -67.25 -67.09 -66.97 -66.84 -67.09 -67.34 -67.59 -67.88 -68.19 -68.47 -68.75 -69.03 -69.31 -69.59 -69.88 -70.19 -70.50 -70.81 -71.09 -71.31 -71.50 -71.62 -71.72 -71.81 -71.88 -71.94 -71.97 -72.00 -71.97 -71.91 -71.84 -71.78 -71.69 -71.56
-68.53 -68.62 -68.75 -68.84 -68.97 -69.03 -69.09 -69.25 -69.44 -69.66 -69.84 -70.00 -70.12 -70.22 -70.31 -70.31 -70.31 -70.25 -70.19 -70.12 -70.03 -69.94 -69.81 -69.69 -69.53 -69.38 -69.22 -69.06 -68.88 -68.75 -68.56 -68.38 -68.19 -67.97 -67.78 -67.59 -67.41 -67.22 -67.06 -66.94 -66.88 -67.09 -67.28 -67.53 -67.78 -68.06 -68.31 -68.59 -68.84 -69.09 -69.38 -69.66 -69.97 -70.28 -70.56 -70.81 -71.03 -71.19 -71.28 -71.38 -71.47 -71.56 -71.66 -71.72 -71.72 -71.69 -71.66 -71.59 -71.53 -71.47 -71.38
