everonasctiles/Tile25,33.asc
ncols 128
nrows 128
xllcorner 0
yllcorner 0
cellsize 2.0
NODATA_value  -9999
[rows 0 to 33 of 128, columns 0 to 77 of 128]
36.28 36.41 36.44 36.50 36.72 36.78 36.81 36.75 36.53 36.28 35.75 35.72 35.56 35.25 35.44 35.31 35.22 35.41 35.16 34.78 34.66 33.97 33.69 33.31 32.78 32.06 31.44 30.84 30.88 30.91 30.94 30.53 30.22 29.97 29.69 29.38 29.06 28.69 28.31 27.88 27.41 26.88 26.34 25.81 25.34 24.88 24.41 23.97 23.41 22.81 22.16 21.50 20.91 20.34 19.84 19.38 18.84 18.50 18.12 17.78 17.50 17.25 17.00 16.62 16.34 15.97 15.62 15.22 14.78 14.28 13.56 13.00 12.44 11.88 11.38 11.00 10.66 10.25
36.56 36.72 36.78 36.97 37.12 37.22 37.28 37.22 37.19 37.06 36.72 36.34 36.09 36.25 36.06 36.19 36.12 36.03 35.78 35.47 35.34 35.03 34.41 33.94 33.38 32.56 31.78 31.19 31.19 31.22 31.28 30.97 30.56 30.31 30.03 29.69 29.34 28.97 28.56 28.09 27.59 27.09 26.56 26.03 25.56 25.09 24.62 24.16 23.59 23.00 22.31 21.66 21.06 20.53 20.09 19.69 19.19 18.69 18.44 18.19 17.81 17.44 17.25 16.97 16.62 16.25 15.84 15.41 14.94 14.47 13.88 13.12 12.53 12.00 11.53 11.12 10.78 10.31
36.81 36.97 37.12 37.31 37.41 37.56 37.72 37.72 37.69 37.56 37.22 37.22 37.16 37.06 36.97 36.84 36.78 36.59 36.38 36.16 35.94 35.69 35.09 34.56 33.97 33.12 32.25 31.62 31.53 31.56 31.59 31.44 30.94 30.66 30.34 30.00 29.66 29.25 28.78 28.31 27.81 27.31 26.78 26.25 25.78 25.34 24.84 24.38 23.81 23.16 22.47 21.84 21.25 20.75 20.34 19.97 19.47 19.09 18.91 18.62 18.34 17.97 17.59 17.28 16.91 16.50 16.06 15.59 15.12 14.62 13.94 13.25 12.66 12.16 11.72 11.34 10.97 10.38
37.12 37.12 37.44 37.69 37.91 38.12 38.09 38.22 38.16 37.94 37.84 37.78 37.81 37.75 37.56 37.41 37.22 37.03 36.84 36.78 36.41 36.28 35.75 35.12 34.47 33.59 32.72 32.09 31.84 31.88 31.94 31.88 31.34 31.03 30.69 30.34 29.94 29.50 29.06 28.56 28.06 27.53 27.00 26.53 26.06 25.59 25.09 24.62 24.03 23.34 22.66 22.00 21.44 20.97 20.62 20.25 19.84 19.66 19.38 19.00 18.59 18.34 17.97 17.59 17.19 16.75 16.28 15.81 15.28 14.72 14.06 13.41 12.84 12.31 11.88 11.50 11.12 10.50
37.44 37.44 37.66 38.00 38.47 38.72 38.78 38.78 38.47 38.44 38.12 38.25 38.28 38.25 38.06 37.91 37.47 37.28 37.28 37.25 37.22 37.25 36.38 35.66 34.91 34.06 33.38 32.78 32.16 32.22 32.25 32.28 31.75 31.41 31.03 30.66 30.22 29.78 29.31 28.81 28.31 27.78 27.28 26.81 26.31 25.84 25.34 24.81 24.19 23.50 22.81 22.16 21.59 21.22 20.88 20.47 20.31 20.06 19.69 19.34 18.91 18.69 18.31 17.91 17.47 17.00 16.53 16.00 15.47 14.94 14.31 13.56 13.00 12.50 12.06 11.69 11.28 10.62
37.88 37.97 38.16 38.44 39.16 39.41 39.34 39.31 39.22 38.78 38.56 38.69 38.72 38.62 38.56 38.44 38.19 37.81 37.56 37.62 37.69 37.75 37.00 36.12 35.28 34.53 33.94 33.44 32.50 32.53 32.59 32.62 32.09 31.72 31.38 30.97 30.53 30.09 29.59 29.12 28.59 28.09 27.59 27.09 26.59 26.09 25.56 25.00 24.34 23.66 23.00 22.34 21.91 21.41 21.16 20.72 20.66 20.50 20.19 19.84 19.41 19.03 18.62 18.19 17.72 17.25 16.75 16.22 15.66 15.22 14.56 13.75 13.19 12.66 12.22 11.84 11.44 10.81
38.22 38.50 39.03 39.09 39.75 39.88 40.03 39.94 39.91 39.59 39.25 39.12 39.16 39.19 39.06 38.97 38.72 38.28 38.06 38.12 38.19 38.16 37.66 36.56 35.69 34.97 34.38 33.91 32.81 32.84 32.88 32.94 32.38 32.00 31.66 31.25 30.84 30.38 29.91 29.44 28.91 28.41 27.91 27.38 26.88 26.34 25.78 25.16 24.53 23.84 23.25 22.59 22.31 21.78 21.44 21.38 21.22 20.97 20.62 20.25 19.78 19.38 18.94 18.47 18.00 17.47 16.97 16.44 15.91 15.47 14.81 13.94 13.31 12.78 12.38 11.97 11.59 10.97
39.00 38.94 39.78 40.09 40.12 40.41 40.50 40.56 40.50 40.22 39.81 39.88 39.78 39.81 39.53 39.34 39.09 38.75 38.50 38.44 38.47 38.41 38.12 36.91 36.03 35.31 34.75 34.28 33.16 33.12 33.16 33.22 32.69 32.28 31.91 31.53 31.12 30.69 30.22 29.72 29.22 28.72 28.19 27.66 27.09 26.56 25.94 25.31 24.69 24.06 23.59 23.19 22.81 22.50 22.22 22.00 21.81 21.50 21.16 20.72 20.19 19.75 19.25 18.75 18.25 17.72 17.19 16.66 16.09 15.59 14.97 14.06 13.44 12.88 12.44 12.06 11.72 11.12
39.66 40.09 40.50 40.75 40.78 40.81 40.84 40.97 41.00 40.91 40.72 40.62 40.41 40.31 40.12 39.81 39.28 38.91 38.66 38.66 38.59 38.47 38.22 37.16 36.31 35.59 35.06 34.59 33.59 33.41 33.44 33.50 33.06 32.50 32.19 31.81 31.41 30.97 30.50 30.03 29.53 29.00 28.44 27.91 27.31 26.72 26.09 25.50 24.88 24.44 24.00 23.81 23.56 23.12 22.94 22.72 22.41 22.06 21.78 21.25 20.72 20.12 19.56 19.03 18.47 17.94 17.41 16.88 16.31 15.75 15.09 14.25 13.50 12.91 12.47 12.09 11.75 11.22
40.59 40.72 41.09 41.34 41.28 41.22 41.34 41.19 41.56 41.53 41.41 41.44 41.31 41.12 40.72 40.34 39.88 39.59 39.12 38.97 38.75 38.38 38.16 37.34 36.56 35.88 35.31 34.88 34.06 33.69 33.72 33.78 33.50 32.75 32.44 32.06 31.69 31.25 30.81 30.34 29.81 29.28 28.69 28.09 27.47 26.84 26.25 25.69 25.12 24.94 24.84 24.66 24.28 24.00 23.81 23.44 22.97 22.69 22.31 21.84 21.22 20.50 19.91 19.31 18.72 18.16 17.62 17.09 16.50 15.94 15.28 14.50 13.59 12.94 12.47 12.09 11.72 11.25
41.25 41.47 41.69 41.84 41.88 41.84 41.88 42.00 42.09 42.12 42.16 42.16 42.03 41.78 41.56 41.25 40.88 40.31 39.91 39.25 38.97 38.59 38.09 37.53 36.81 36.12 35.53 35.09 34.50 33.94 33.97 34.03 33.91 33.03 32.66 32.31 31.94 31.53 31.06 30.59 30.06 29.50 28.91 28.25 27.62 27.00 26.41 25.97 25.62 25.47 25.44 25.19 25.06 24.78 24.38 24.00 23.44 23.19 22.75 22.22 21.62 20.91 20.22 19.59 19.00 18.41 17.84 17.31 16.75 16.12 15.47 14.75 13.81 13.06 12.53 12.06 11.66 11.19
41.66 41.81 42.03 42.19 42.22 42.34 42.41 42.50 42.56 42.62 42.69 42.66 42.41 42.19 42.09 41.88 41.31 40.94 40.16 39.69 39.25 38.69 38.09 37.75 37.09 36.38 35.75 35.31 34.88 34.16 34.19 34.22 34.22 33.28 32.94 32.53 32.16 31.75 31.31 30.81 30.28 29.75 29.12 28.44 27.78 27.19 26.69 26.31 26.00 25.75 25.69 25.69 25.47 25.22 24.81 24.28 23.97 23.53 23.00 22.56 22.00 21.41 20.69 20.00 19.31 18.72 18.12 17.56 17.00 16.38 15.72 15.00 14.19 13.31 12.66 12.16 11.66 11.12
41.88 42.06 42.22 42.44 42.56 42.66 42.75 42.78 42.94 43.00 43.00 42.94 42.84 42.66 42.47 42.06 41.75 41.25 40.78 40.12 39.28 38.88 38.47 38.09 37.47 36.69 36.00 35.53 35.19 34.38 34.41 34.44 34.47 33.56 33.19 32.81 32.44 32.00 31.59 31.06 30.53 30.00 29.44 28.72 28.12 27.56 27.12 26.78 26.50 26.31 26.09 25.88 25.66 25.31 24.97 24.69 24.22 23.75 23.34 22.91 22.38 21.81 21.22 20.53 19.75 19.03 18.47 17.88 17.28 16.66 15.97 15.28 14.50 13.66 12.94 12.34 11.75 11.19
42.06 42.31 42.50 42.53 42.72 42.88 42.97 43.09 43.22 43.22 43.22 43.12 43.06 42.91 42.66 42.34 42.06 41.69 41.09 40.19 39.75 39.28 38.91 38.50 37.84 37.06 36.31 35.78 35.47 34.59 34.59 34.62 34.66 33.94 33.47 33.09 32.69 32.28 31.84 31.28 30.75 30.25 29.69 29.06 28.50 28.00 27.59 27.25 27.00 26.75 26.53 26.28 26.00 25.69 25.31 24.91 24.50 24.16 23.75 23.31 22.75 22.19 21.62 20.97 20.19 19.41 18.78 18.19 17.59 16.94 16.25 15.53 14.78 13.97 13.19 12.53 11.88 11.28
42.34 42.59 42.72 42.84 42.91 43.00 43.16 43.25 43.31 43.34 43.31 43.25 43.16 43.00 42.84 42.59 42.19 41.81 41.47 40.94 40.38 39.91 39.50 38.97 38.31 37.47 36.75 36.16 35.78 34.91 34.78 34.81 34.84 34.38 33.78 33.38 33.00 32.56 32.12 31.53 31.03 30.50 30.00 29.44 28.91 28.44 28.06 27.75 27.44 27.19 26.94 26.69 26.38 26.03 25.66 25.28 24.88 24.53 24.19 23.72 23.12 22.50 21.91 21.25 20.53 19.75 19.12 18.56 17.91 17.25 16.53 15.78 15.03 14.19 13.44 12.69 11.94 11.34
42.50 42.75 42.91 43.06 43.12 43.22 43.25 43.34 43.38 43.38 43.38 43.31 43.22 43.09 43.00 42.81 42.53 42.19 41.78 41.31 40.59 40.31 40.09 39.50 38.72 37.91 37.19 36.56 36.09 35.28 34.91 34.94 34.97 34.75 34.03 33.69 33.28 32.88 32.38 31.78 31.28 30.78 30.28 29.75 29.28 28.84 28.50 28.19 27.91 27.62 27.34 27.06 26.75 26.41 26.03 25.62 25.25 24.88 24.47 24.09 23.53 22.88 22.16 21.44 20.75 20.06 19.44 18.84 18.19 17.50 16.78 16.00 15.22 14.38 13.56 12.72 11.88 11.19
42.69 42.91 43.06 43.19 43.28 43.31 43.34 43.38 43.41 43.44 43.41 43.34 43.25 43.22 43.16 43.00 42.78 42.47 41.91 41.59 41.19 40.75 40.59 40.12 39.12 38.25 37.59 36.97 36.41 35.78 35.03 35.06 35.09 35.06 34.28 33.94 33.56 33.16 32.59 32.03 31.53 31.03 30.56 30.06 29.62 29.25 28.91 28.59 28.31 28.03 27.75 27.47 27.12 26.75 26.38 26.00 25.59 25.19 24.78 24.34 23.84 23.28 22.53 21.69 20.94 20.28 19.72 19.12 18.44 17.75 17.00 16.22 15.38 14.50 13.59 12.59 11.69 11.06
42.94 43.12 43.25 43.34 43.44 43.47 43.47 43.47 43.50 43.47 43.47 43.38 43.38 43.44 43.38 43.12 43.00 42.75 42.28 41.66 41.38 41.12 40.81 40.44 39.44 38.56 37.94 37.31 36.75 36.22 35.19 35.22 35.25 35.25 34.56 34.22 33.81 33.31 32.78 32.28 31.78 31.28 30.84 30.34 29.94 29.59 29.28 28.97 28.72 28.44 28.16 27.84 27.50 27.12 26.72 26.34 25.91 25.50 25.06 24.59 24.09 23.53 22.84 22.09 21.19 20.47 19.91 19.31 18.66 17.97 17.22 16.41 15.53 14.56 13.56 12.53 11.72 11.19
43.25 43.38 43.50 43.59 43.62 43.66 43.69 43.66 43.66 43.62 43.56 43.56 43.66 43.66 43.66 43.50 43.06 42.84 42.56 42.16 41.78 41.47 41.06 40.53 39.62 38.84 38.22 37.59 37.00 36.50 35.34 35.34 35.38 35.41 34.88 34.41 33.97 33.50 33.00 32.50 32.03 31.53 31.06 30.59 30.22 29.91 29.59 29.34 29.09 28.81 28.53 28.19 27.84 27.44 27.06 26.62 26.22 25.78 25.31 24.84 24.31 23.75 23.09 22.41 21.56 20.69 20.03 19.50 18.84 18.16 17.41 16.59 15.69 14.69 13.66 12.75 12.00 11.44
43.62 43.72 43.78 43.88 43.91 43.94 43.94 43.94 43.91 43.88 43.84 43.81 43.91 43.97 43.94 43.69 43.44 43.00 42.78 42.41 41.91 41.66 41.22 40.59 39.81 39.09 38.44 37.84 37.25 36.69 35.62 35.47 35.50 35.53 35.22 34.66 34.22 33.75 33.25 32.75 32.25 31.75 31.28 30.81 30.41 30.12 29.88 29.66 29.44 29.19 28.88 28.53 28.16 27.75 27.34 26.91 26.50 26.03 25.56 25.09 24.56 23.97 23.31 22.62 21.84 21.03 20.38 19.66 19.03 18.34 17.59 16.81 15.91 14.88 13.91 13.06 12.31 11.69
44.00 44.09 44.16 44.19 44.25 44.25 44.25 44.25 44.22 44.19 44.16 44.12 44.16 44.25 44.25 44.00 43.78 43.28 42.84 42.56 42.12 41.72 41.25 40.66 40.00 39.34 38.69 38.06 37.47 36.91 36.03 35.59 35.62 35.66 35.62 34.91 34.47 34.00 33.50 33.00 32.50 31.97 31.47 30.97 30.56 30.28 30.06 29.88 29.72 29.50 29.22 28.88 28.44 28.03 27.59 27.16 26.72 26.28 25.81 25.31 24.75 24.16 23.47 22.78 22.00 21.25 20.56 19.81 19.19 18.53 17.81 17.03 16.19 15.22 14.28 13.44 12.69 12.03
44.41 44.47 44.53 44.56 44.59 44.62 44.62 44.62 44.59 44.56 44.53 44.53 44.56 44.59 44.53 44.31 44.03 43.56 43.22 42.91 42.28 41.94 41.34 40.78 40.22 39.59 38.97 38.38 37.78 37.22 36.53 35.75 35.78 35.81 35.88 35.47 34.78 34.31 33.81 33.28 32.75 32.19 31.66 31.12 30.72 30.41 30.12 29.91 29.69 29.50 29.34 29.12 28.69 28.25 27.81 27.38 26.94 26.50 26.03 25.53 24.97 24.31 23.62 22.91 22.09 21.34 20.69 19.97 19.38 18.72 18.06 17.34 16.59 15.66 14.78 13.91 13.12 12.38
44.84 44.88 44.94 44.97 45.00 45.03 45.03 45.03 45.00 45.00 44.97 44.94 44.91 44.88 44.78 44.50 44.28 43.94 43.50 43.22 42.69 42.12 41.62 41.06 40.50 39.91 39.28 38.66 38.09 37.53 37.03 35.91 35.94 35.97 36.00 35.97 35.16 34.66 34.12 33.56 33.00 32.44 31.84 31.31 30.88 30.53 30.22 29.91 29.66 29.41 29.16 29.03 28.91 28.38 27.94 27.53 27.12 26.72 26.31 25.78 25.19 24.50 23.72 22.91 22.06 21.34 20.72 20.09 19.53 18.91 18.31 17.69 17.03 16.25 15.34 14.41 13.56 12.78
45.28 45.31 45.34 45.38 45.41 45.41 45.44 45.44 45.41 45.38 45.34 45.31 45.22 45.12 44.97 44.78 44.78 44.44 44.09 43.59 43.16 42.41 42.06 41.50 40.84 40.22 39.59 38.97 38.38 37.81 37.28 36.12 36.09 36.12 36.16 36.25 35.50 35.00 34.44 33.88 33.28 32.66 32.03 31.50 31.06 30.66 30.28 29.91 29.56 29.25 28.94 28.69 28.53 28.31 27.94 27.62 27.31 26.94 26.56 26.09 25.50 24.66 23.69 22.81 22.03 21.31 20.69 20.16 19.62 19.09 18.56 18.06 17.56 17.00 15.97 14.97 14.03 13.19
45.69 45.72 45.75 45.78 45.78 45.81 45.81 45.81 45.81 45.75 45.72 45.62 45.53 45.41 45.22 45.06 45.25 45.44 44.66 44.25 43.69 43.12 42.84 41.97 41.25 40.59 39.97 39.34 38.69 38.06 37.47 36.47 36.25 36.31 36.38 36.50 35.88 35.38 34.81 34.19 33.56 32.91 32.25 31.69 31.22 30.78 30.34 29.91 29.50 29.09 28.69 28.31 27.97 27.78 27.66 27.53 27.34 27.12 26.81 26.25 25.41 24.44 23.56 22.72 21.97 21.31 20.72 20.16 19.66 19.19 18.75 18.31 17.91 17.53 16.59 15.50 14.53 13.66
46.12 46.12 46.16 46.19 46.19 46.19 46.19 46.19 46.16 46.09 46.03 45.97 45.84 45.72 45.53 45.38 45.47 45.59 45.47 45.34 44.97 44.12 43.22 42.47 41.72 40.97 40.38 39.75 39.06 38.34 37.62 36.84 36.47 36.53 36.59 36.69 36.44 35.72 35.16 34.56 33.91 33.22 32.53 31.94 31.41 30.91 30.44 29.94 29.47 28.97 28.47 28.06 27.72 27.44 27.19 26.94 26.69 26.53 26.22 25.66 24.91 24.12 23.34 22.59 21.94 21.31 20.72 20.19 19.66 19.19 18.75 18.31 17.88 17.47 16.81 15.91 14.97 14.09
46.53 46.53 46.56 46.56 46.56 46.56 46.56 46.53 46.50 46.44 46.38 46.28 46.19 46.06 45.91 45.75 45.66 45.59 45.66 45.66 45.34 44.72 43.19 42.44 41.88 41.34 41.00 40.44 39.62 38.75 37.88 37.22 36.72 36.78 36.84 36.91 36.78 36.06 35.56 34.97 34.28 33.56 32.84 32.19 31.62 31.09 30.59 30.09 29.56 29.03 28.53 28.06 27.69 27.34 27.00 26.66 26.28 25.84 25.44 25.00 24.41 23.78 23.12 22.47 21.88 21.28 20.72 20.19 19.66 19.19 18.72 18.25 17.81 17.38 16.88 16.12 15.28 14.44
46.94 46.94 46.94 46.94 46.94 46.91 46.88 46.84 46.81 46.75 46.69 46.62 46.50 46.41 46.28 46.16 46.03 45.94 45.97 45.84 45.59 45.22 44.47 43.00 42.56 42.53 42.56 41.28 40.38 39.38 38.41 37.72 36.97 37.00 37.06 37.12 36.97 36.47 36.03 35.41 34.72 34.00 33.22 32.50 31.88 31.31 30.78 30.28 29.75 29.25 28.69 28.25 27.78 27.34 26.94 26.50 26.03 25.53 25.00 24.53 24.06 23.53 22.97 22.38 21.84 21.28 20.72 20.19 19.66 19.16 18.66 18.19 17.72 17.25 16.81 16.28 15.47 14.69
47.34 47.31 47.31 47.31 47.28 47.25 47.22 47.19 47.16 47.09 47.03 46.94 46.84 46.75 46.66 46.56 46.44 46.34 46.22 46.09 45.94 45.78 45.91 44.72 43.97 43.94 43.69 42.12 40.94 39.94 39.00 38.19 37.38 37.22 37.31 37.41 37.38 36.84 36.44 35.81 35.16 34.50 33.66 32.84 32.19 31.62 31.06 30.50 29.97 29.44 28.88 28.44 27.94 27.50 26.97 26.47 25.97 25.41 24.78 24.28 23.84 23.41 22.88 22.34 21.81 21.25 20.69 20.16 19.62 19.09 18.59 18.12 17.62 17.16 16.69 16.22 15.53 14.78
47.72 47.69 47.69 47.66 47.62 47.59 47.56 47.53 47.47 47.41 47.34 47.28 47.19 47.09 47.00 46.91 46.78 46.66 46.47 46.34 46.22 46.16 46.31 45.91 45.03 44.66 43.88 42.78 41.31 40.34 39.44 38.59 37.78 37.53 37.62 37.72 37.81 37.09 36.84 36.25 35.59 34.91 34.09 33.41 32.75 32.12 31.47 30.81 30.22 29.66 29.12 28.66 28.16 27.66 27.06 26.56 26.00 25.44 24.88 24.31 23.84 23.38 22.88 22.31 21.78 21.25 20.69 20.12 19.56 19.03 18.50 18.00 17.50 17.00 16.53 16.03 15.47 14.72
48.09 48.06 48.03 48.00 47.97 47.94 47.91 47.84 47.81 47.72 47.66 47.59 47.50 47.41 47.31 47.19 47.09 46.94 46.78 46.59 46.38 46.19 46.22 46.06 45.38 44.50 43.59 42.69 41.69 40.72 39.81 38.94 38.16 37.84 37.97 38.06 38.16 37.53 37.28 36.72 36.06 35.38 34.56 33.94 33.28 32.62 31.97 31.22 30.56 29.88 29.41 28.94 28.41 27.88 27.25 26.72 26.16 25.56 25.03 24.50 23.97 23.44 22.91 22.34 21.81 21.22 20.66 20.06 19.50 18.94 18.38 17.84 17.31 16.78 16.31 15.81 15.31 14.62
48.47 48.44 48.41 48.38 48.31 48.28 48.22 48.16 48.12 48.03 47.97 47.91 47.81 47.72 47.59 47.47 47.34 47.19 47.03 46.84 46.62 46.41 46.25 46.09 45.69 45.00 44.16 43.03 42.03 41.12 40.22 39.34 38.50 38.03 38.28 38.38 38.47 38.25 37.72 37.25 36.62 35.88 35.16 34.53 33.84 33.16 32.53 31.75 31.00 30.28 29.81 29.28 28.72 28.12 27.50 26.91 26.34 25.78 25.25 24.69 24.16 23.59 23.00 22.44 21.84 21.22 20.62 20.00 19.41 18.81 18.22 17.66 17.09 16.56 16.06 15.56 15.06 14.50
48.81 48.78 48.75 48.69 48.66 48.59 48.53 48.50 48.44 48.34 48.28 48.19 48.09 48.00 47.88 47.75 47.59 47.44 47.25 47.06 46.84 46.62 46.41 46.28 46.19 45.69 44.75 43.72 42.53 41.56 40.69 39.81 39.00 38.28 38.59 38.69 38.81 38.91 38.16 37.78 37.25 36.56 35.81 35.12 34.44 33.75 33.09 32.34 31.72 31.00 30.41 29.78 29.12 28.47 27.78 27.16 26.53 25.97 25.44 24.91 24.31 23.75 23.12 22.50 21.88 21.25 20.59 19.94 19.31 18.66 18.03 17.44 16.88 16.31 15.78 15.31 14.81 14.31
49.19 49.12 49.09 49.03 48.97 48.94 48.88 48.81 48.72 48.66 48.56 48.47 48.38 48.25 48.12 48.00 47.81 47.66 47.44 47.22 47.00 46.78 46.56 46.38 46.31 46.06 45.25 44.28 43.16 41.97 41.16 40.38 39.59 38.84 38.91 39.00 39.12 39.22 38.72 38.28 37.88 37.41 36.59 35.78 35.00 34.28 33.62 32.97 32.34 31.62 30.91 30.25 29.56 28.84 28.06 27.38 26.75 26.22 25.66 25.09 24.50 23.88 23.25 22.56 21.91 21.22 20.53 19.84 19.16 18.53 17.88 17.28 16.66 16.09 15.53 15.00 14.50 14.03
