everonasctiles/Tile26,7.asc
ncols 128
nrows 128
xllcorner 0
yllcorner 0
cellsize 2.0
NODATA_value  -9999
[rows 0 to 33 of 128, columns 0 to 76 of 128]
51.31 51.75 52.34 52.91 53.41 53.91 54.44 55.00 55.50 55.97 56.25 56.44 56.59 56.75 56.84 56.91 56.94 57.00 57.12 57.28 57.50 57.44 57.38 57.59 57.84 58.06 58.38 59.06 60.47 61.84 62.75 63.53 64.38 65.22 66.06 66.53 67.25 67.72 68.06 68.53 69.00 69.38 69.53 69.75 69.91 70.06 70.31 70.66 71.09 71.53 72.06 72.66 73.41 74.31 75.00 75.69 76.28 76.81 77.56 78.06 78.53 79.03 79.62 80.19 80.75 81.41 82.03 82.69 83.50 84.09 84.69 85.31 85.94 86.47 86.97 87.50 88.06
51.44 51.88 52.56 53.25 53.81 54.38 55.00 55.56 56.12 56.69 56.72 56.78 56.88 57.03 57.16 57.25 57.38 57.50 57.72 57.97 58.25 58.47 58.72 58.78 58.69 59.09 59.44 60.22 61.34 62.81 63.72 64.31 64.91 65.69 66.53 67.06 67.53 68.06 68.50 68.97 69.41 69.84 70.12 70.25 70.41 70.56 70.81 71.09 71.50 72.03 72.56 73.31 74.12 74.94 75.62 76.28 76.88 77.34 78.00 78.50 79.00 79.44 79.97 80.50 81.09 81.66 82.28 82.91 83.59 84.22 84.78 85.38 85.97 86.50 87.03 87.56 88.06
51.62 52.19 52.72 53.50 54.16 54.75 55.38 56.00 56.56 57.00 57.03 57.06 57.19 57.31 57.47 57.59 57.78 57.97 58.25 58.56 58.94 59.22 59.47 60.12 60.50 61.09 61.72 61.75 62.66 63.88 64.44 65.16 65.69 66.34 67.00 67.56 67.97 68.44 68.88 69.31 69.81 70.28 70.66 70.88 71.06 71.12 71.28 71.59 72.19 72.81 73.41 74.06 74.84 75.59 76.28 76.88 77.34 77.81 78.34 78.84 79.31 79.81 80.31 80.84 81.38 81.97 82.50 83.06 83.72 84.28 84.88 85.44 85.97 86.50 87.03 87.56 88.06
51.84 52.44 53.06 53.75 54.38 55.00 55.62 56.25 56.84 57.22 57.25 57.31 57.44 57.62 57.78 57.97 58.19 58.44 58.78 59.16 59.59 60.00 60.19 61.00 62.00 62.62 62.91 63.19 63.75 64.69 65.38 65.91 66.53 67.16 67.62 68.09 68.44 68.81 69.22 69.69 70.16 70.66 71.09 71.47 71.69 72.12 72.19 72.53 73.47 74.00 74.44 74.78 75.59 76.28 76.91 77.41 77.81 78.19 78.66 79.16 79.62 80.09 80.59 81.12 81.66 82.19 82.72 83.25 83.84 84.41 84.94 85.47 86.00 86.53 87.06 87.56 88.06
51.84 52.53 53.22 53.88 54.50 55.09 55.69 56.28 56.91 57.31 57.41 57.50 57.69 57.91 58.12 58.34 58.59 58.94 59.31 59.75 60.25 60.75 61.19 61.84 63.03 63.78 64.16 64.50 64.94 65.38 66.09 66.66 67.25 67.81 68.25 68.56 68.94 69.28 69.62 70.03 70.53 71.06 71.50 71.91 72.25 72.59 73.00 73.53 74.12 74.62 75.28 75.81 76.44 76.94 77.38 77.84 78.28 78.56 79.00 79.44 79.91 80.38 80.84 81.34 81.91 82.41 82.91 83.44 83.94 84.50 85.03 85.53 86.03 86.53 87.03 87.56 88.03
51.91 52.59 53.28 53.94 54.53 55.09 55.66 56.28 56.88 57.34 57.53 57.69 57.91 58.19 58.47 58.75 59.06 59.41 59.84 60.34 60.91 61.44 61.97 62.56 63.59 64.41 64.97 65.38 65.84 66.25 66.59 67.16 67.78 68.34 68.72 69.06 69.41 69.75 70.06 70.44 70.91 71.44 71.84 72.28 72.69 73.09 73.50 74.09 74.66 75.22 75.78 76.34 76.88 77.34 77.75 78.16 78.56 78.97 79.34 79.75 80.22 80.62 81.09 81.59 82.09 82.62 83.12 83.56 84.09 84.59 85.09 85.59 86.06 86.53 87.03 87.53 88.03
52.06 52.62 53.34 53.94 54.50 55.09 55.59 56.19 56.78 57.38 57.66 57.84 58.12 58.47 58.81 59.16 59.53 59.94 60.38 60.91 61.44 62.03 62.66 63.34 64.03 64.69 65.31 65.78 66.38 66.81 67.16 67.59 68.28 68.88 69.28 69.59 69.91 70.22 70.50 70.84 71.25 71.72 72.16 72.62 73.03 73.47 73.97 74.50 75.06 75.69 76.22 76.72 77.19 77.62 78.03 78.44 78.84 79.25 79.66 80.06 80.50 80.94 81.38 81.84 82.31 82.78 83.28 83.75 84.22 84.69 85.19 85.66 86.12 86.59 87.06 87.56 88.06
52.22 52.75 53.34 53.91 54.50 55.09 55.66 56.09 56.69 57.34 57.78 58.06 58.41 58.78 59.19 59.59 60.00 60.47 60.91 61.34 61.88 62.50 63.22 63.97 64.69 65.34 65.88 66.31 66.81 67.41 67.72 68.38 68.94 69.41 69.75 70.06 70.34 70.59 70.91 71.22 71.59 72.03 72.47 72.88 73.28 73.81 74.34 74.91 75.44 76.00 76.53 77.00 77.44 77.84 78.25 78.69 79.09 79.50 79.91 80.31 80.75 81.16 81.62 82.06 82.53 83.00 83.44 83.91 84.38 84.84 85.31 85.75 86.22 86.69 87.12 87.62 88.12
52.34 52.91 53.44 54.00 54.56 55.12 55.69 56.16 56.72 57.28 57.88 58.34 58.75 59.16 59.56 59.97 60.47 60.88 61.28 61.69 62.16 62.88 63.59 64.38 65.16 65.84 66.41 66.91 67.44 68.00 68.53 69.03 69.53 69.88 70.16 70.47 70.75 71.00 71.31 71.56 71.91 72.31 72.75 73.19 73.62 74.12 74.69 75.22 75.84 76.28 76.69 77.16 77.59 78.03 78.44 78.84 79.28 79.69 80.09 80.53 80.97 81.41 81.81 82.25 82.72 83.16 83.59 84.06 84.50 84.97 85.41 85.88 86.31 86.75 87.19 87.66 88.16
52.44 52.97 53.53 54.09 54.62 55.22 55.72 56.28 56.69 57.22 57.91 58.56 59.09 59.59 59.94 60.22 60.59 61.09 61.44 61.91 62.38 63.09 63.84 64.56 65.47 66.19 66.78 67.34 67.94 68.50 69.03 69.53 69.91 70.25 70.56 70.84 71.09 71.38 71.62 71.97 72.25 72.66 73.09 73.53 73.94 74.38 74.97 75.56 76.09 76.50 76.91 77.34 77.78 78.22 78.66 79.06 79.47 79.88 80.31 80.72 81.19 81.59 82.00 82.44 82.88 83.31 83.75 84.19 84.62 85.09 85.53 85.94 86.38 86.78 87.22 87.72 88.22
52.50 53.06 53.62 54.19 54.72 55.25 55.78 56.28 56.75 57.19 57.78 58.59 59.22 59.72 60.09 60.38 60.66 61.12 61.56 62.00 62.53 63.22 63.94 64.75 65.69 66.47 67.09 67.69 68.31 68.91 69.41 69.84 70.19 70.53 70.84 71.12 71.41 71.69 71.94 72.22 72.59 72.97 73.41 73.81 74.25 74.72 75.34 75.91 76.31 76.72 77.19 77.59 78.03 78.44 78.81 79.22 79.66 80.09 80.53 80.94 81.38 81.78 82.19 82.59 83.03 83.44 83.88 84.31 84.75 85.19 85.62 86.03 86.41 86.81 87.28 87.75 88.28
52.59 53.12 53.69 54.25 54.78 55.28 55.81 56.34 56.84 57.28 57.81 58.66 59.31 59.81 60.19 60.50 60.75 61.19 61.66 62.09 62.62 63.31 64.19 65.06 66.03 66.72 67.31 67.91 68.56 69.12 69.66 70.06 70.44 70.75 71.06 71.34 71.66 71.91 72.19 72.47 72.91 73.38 73.78 74.19 74.62 75.12 75.72 76.16 76.59 77.03 77.44 77.88 78.22 78.62 79.00 79.38 79.81 80.25 80.72 81.16 81.53 81.94 82.34 82.72 83.16 83.56 84.00 84.41 84.81 85.25 85.66 86.06 86.50 86.91 87.34 87.81 88.28
52.69 53.22 53.75 54.28 54.78 55.31 55.88 56.41 56.91 57.41 57.84 58.66 59.34 59.91 60.31 60.59 60.88 61.31 61.72 62.12 62.59 63.25 64.25 65.06 65.97 66.84 67.38 67.97 68.75 69.31 69.75 70.19 70.56 70.91 71.25 71.56 71.88 72.16 72.56 72.78 73.28 73.72 74.19 74.56 74.94 75.44 75.94 76.38 76.81 77.22 77.62 78.00 78.38 78.75 79.19 79.59 80.03 80.44 80.88 81.28 81.69 82.09 82.50 82.88 83.28 83.69 84.09 84.53 84.94 85.34 85.75 86.19 86.62 86.97 87.38 87.84 88.34
52.75 53.25 53.78 54.31 54.88 55.41 55.94 56.47 57.00 57.50 57.94 58.62 59.44 59.97 60.34 60.69 61.03 61.47 61.91 62.12 62.59 63.22 64.19 65.06 65.97 66.84 67.56 68.22 68.88 69.34 69.75 70.22 70.62 71.00 71.41 71.78 72.09 72.44 72.84 73.12 73.53 74.03 74.50 74.91 75.25 75.72 76.16 76.59 77.00 77.38 77.75 78.16 78.56 78.94 79.38 79.81 80.25 80.66 81.03 81.41 81.81 82.25 82.66 83.03 83.41 83.81 84.22 84.66 85.06 85.47 85.88 86.31 86.72 87.09 87.47 87.91 88.38
52.75 53.28 53.78 54.34 54.88 55.41 55.97 56.53 57.09 57.59 58.06 58.78 59.44 60.00 60.41 60.69 61.09 61.50 61.94 62.28 62.62 63.19 64.28 65.28 66.28 67.12 67.75 68.31 68.91 69.38 69.75 70.25 70.69 71.12 71.56 71.97 72.34 72.72 73.09 73.53 73.69 74.06 74.69 75.12 75.47 75.91 76.28 76.69 77.06 77.47 77.94 78.53 78.94 79.31 79.62 79.97 80.38 80.81 81.22 81.59 82.00 82.38 82.78 83.19 83.59 83.97 84.41 84.81 85.22 85.62 86.06 86.47 86.84 87.19 87.56 87.97 88.44
52.72 53.25 53.75 54.28 54.81 55.38 55.97 56.56 57.12 57.69 58.19 58.88 59.59 60.06 60.41 60.72 61.09 61.53 61.97 62.41 62.81 63.44 64.28 65.31 66.34 67.19 67.81 68.44 68.94 69.41 69.84 70.28 70.72 71.22 71.69 72.12 72.56 72.97 73.34 73.72 74.06 74.50 75.00 75.31 75.62 76.03 76.44 76.78 77.19 77.78 78.41 79.00 79.44 79.72 79.94 80.16 80.44 80.88 81.34 81.78 82.22 82.59 82.97 83.34 83.75 84.16 84.56 84.97 85.38 85.78 86.22 86.59 86.97 87.28 87.66 88.03 88.44
52.69 53.22 53.72 54.25 54.78 55.38 55.97 56.56 57.16 57.75 58.28 58.97 59.59 60.03 60.44 60.75 61.09 61.47 62.00 62.44 62.94 63.72 64.53 65.44 66.38 67.09 67.75 68.47 68.94 69.38 69.84 70.31 70.75 71.25 71.72 72.19 72.66 73.12 73.53 73.94 74.34 74.72 75.12 75.50 75.91 76.22 76.59 76.97 77.44 78.19 78.91 79.47 79.78 79.94 80.06 80.22 80.44 80.81 81.41 81.94 82.34 82.75 83.16 83.53 83.94 84.34 84.72 85.12 85.53 85.97 86.34 86.75 87.09 87.41 87.69 88.06 88.44
52.72 53.19 53.72 54.22 54.72 55.31 55.94 56.50 57.12 57.78 58.38 58.97 59.59 60.09 60.47 60.78 61.09 61.50 61.97 62.62 63.22 63.97 64.88 65.66 66.41 67.09 67.75 68.44 68.88 69.31 69.81 70.28 70.75 71.22 71.75 72.25 72.72 73.16 73.59 74.03 74.44 74.88 75.28 75.66 76.03 76.41 76.75 77.16 77.81 78.59 79.34 79.75 79.94 80.00 80.06 80.19 80.38 80.78 81.38 82.03 82.53 82.94 83.34 83.75 84.16 84.56 84.94 85.34 85.75 86.16 86.56 86.94 87.31 87.59 87.84 88.09 88.44
52.69 53.16 53.66 54.16 54.69 55.28 55.88 56.50 57.12 57.78 58.44 59.09 59.69 60.12 60.53 60.84 61.12 61.50 62.03 62.69 63.31 64.12 64.97 65.78 66.59 67.28 67.91 68.38 68.78 69.12 69.72 70.22 70.72 71.19 71.69 72.22 72.75 73.16 73.59 74.03 74.47 74.88 75.31 75.72 76.16 76.53 76.94 77.31 78.09 79.00 79.62 79.91 79.97 79.94 80.00 80.12 80.41 80.88 81.44 82.03 82.59 83.09 83.53 83.97 84.38 84.75 85.16 85.53 85.91 86.34 86.81 87.19 87.53 87.81 88.00 88.16 88.41
52.66 53.12 53.59 54.09 54.69 55.28 55.88 56.56 57.22 57.88 58.59 59.28 59.78 60.19 60.56 60.91 61.19 61.50 61.97 62.62 63.28 64.00 65.03 65.94 66.66 67.31 67.81 68.25 68.53 68.88 69.53 70.19 70.56 70.97 71.41 72.09 72.72 73.16 73.59 74.06 74.41 74.75 75.31 75.72 76.16 76.59 77.03 77.44 78.25 79.19 79.72 79.94 79.97 80.03 80.09 80.25 80.56 81.03 81.53 82.09 82.62 83.16 83.66 84.12 84.53 84.94 85.34 85.69 86.12 86.62 87.09 87.50 87.81 88.03 88.19 88.31 88.47
52.59 53.06 53.56 54.12 54.69 55.28 55.91 56.59 57.34 58.06 58.78 59.41 59.88 60.28 60.62 60.94 61.28 61.56 61.94 62.62 63.34 64.06 65.00 65.91 66.62 67.25 67.72 68.16 68.38 68.75 69.47 70.12 70.53 70.88 71.41 72.12 72.72 73.16 73.50 73.88 74.19 74.72 75.16 75.69 76.16 76.59 77.00 77.44 78.22 79.19 79.78 80.06 80.16 80.19 80.28 80.44 80.75 81.19 81.66 82.19 82.69 83.22 83.75 84.25 84.75 85.22 85.66 86.09 86.59 87.03 87.44 87.75 88.03 88.25 88.47 88.69 88.88
52.53 52.97 53.50 54.03 54.59 55.19 55.91 56.72 57.53 58.22 58.88 59.44 59.94 60.38 60.72 61.03 61.31 61.56 62.03 62.72 63.44 64.16 65.03 65.88 66.56 67.16 67.59 67.97 68.22 68.69 69.50 70.00 70.41 70.88 71.47 72.09 72.66 73.12 73.47 73.75 74.06 74.69 75.22 75.72 76.09 76.47 76.88 77.34 78.09 79.12 79.84 80.22 80.34 80.41 80.50 80.62 80.91 81.31 81.78 82.25 82.78 83.31 83.84 84.41 85.03 85.56 86.09 86.59 87.16 87.53 87.84 88.03 88.25 88.59 88.84 89.00 89.19
52.41 52.84 53.38 53.88 54.44 55.09 55.94 56.88 57.66 58.31 59.00 59.56 60.03 60.44 60.75 61.06 61.38 61.69 62.03 62.62 63.28 64.16 65.03 65.75 66.44 67.00 67.44 67.62 68.09 68.75 69.31 69.81 70.25 70.72 71.31 71.94 72.53 73.03 73.44 73.81 74.25 74.72 75.22 75.66 76.03 76.34 76.69 77.25 77.81 79.00 79.94 80.38 80.50 80.56 80.66 80.78 81.06 81.44 81.88 82.34 82.84 83.38 83.97 84.59 85.31 85.94 86.59 87.12 87.62 88.03 88.31 88.50 88.62 88.88 89.09 89.22 89.38
52.31 52.75 53.22 53.69 54.12 54.91 55.94 56.91 57.69 58.50 59.16 59.69 60.09 60.53 60.84 61.06 61.34 61.69 62.12 62.66 63.22 63.97 64.75 65.53 66.19 66.75 67.19 67.47 68.00 68.59 69.12 69.56 69.97 70.38 71.00 71.66 72.28 72.84 73.31 73.78 74.22 74.72 75.16 75.56 75.94 76.31 76.75 77.19 77.62 78.72 80.06 80.50 80.62 80.69 80.72 80.84 81.16 81.50 81.94 82.44 82.97 83.53 84.16 84.88 85.62 86.31 86.94 87.44 87.97 88.34 88.59 88.72 88.94 89.06 89.19 89.28 89.53
52.19 52.59 53.03 53.47 53.94 54.91 56.00 56.91 57.75 58.59 59.31 59.75 60.16 60.59 60.88 61.09 61.34 61.72 62.22 62.72 63.25 63.88 64.59 65.28 65.88 66.44 66.78 67.25 67.75 68.34 68.81 69.22 69.62 70.00 70.59 71.22 71.84 72.44 72.97 73.47 74.00 74.47 74.91 75.31 75.72 76.09 76.56 77.06 77.53 78.53 80.00 80.56 80.69 80.72 80.75 80.91 81.22 81.59 82.03 82.56 83.12 83.72 84.41 85.12 85.91 86.59 87.09 87.56 87.97 88.31 88.59 88.81 88.88 88.94 89.12 89.38 89.66
52.06 52.47 52.84 53.22 53.81 54.88 56.03 56.94 57.81 58.59 59.31 59.84 60.28 60.62 60.91 61.16 61.41 61.75 62.22 62.72 63.28 63.88 64.47 65.06 65.50 65.91 66.53 66.88 67.47 68.00 68.47 68.84 69.19 69.44 69.94 70.53 71.16 71.78 72.41 73.03 73.62 74.12 74.56 74.91 75.38 75.88 76.31 76.84 77.50 78.47 79.59 80.38 80.69 80.78 80.75 80.97 81.31 81.69 82.22 82.84 83.59 84.25 84.91 85.56 86.19 86.72 87.12 87.50 87.88 88.19 88.47 88.66 88.81 88.94 89.16 89.44 89.59
51.94 52.31 52.66 53.06 53.78 54.81 55.88 56.84 57.75 58.56 59.28 59.88 60.31 60.66 60.94 61.16 61.44 61.78 62.19 62.66 63.16 63.69 64.25 64.75 65.12 65.69 66.22 66.62 67.16 67.66 68.09 68.44 68.75 68.97 69.25 69.84 70.47 71.00 71.50 72.06 72.78 73.44 73.69 74.19 74.84 75.41 75.94 76.59 77.38 78.34 79.31 80.16 80.69 81.00 81.16 81.25 81.47 81.88 82.53 83.34 84.12 84.78 85.38 85.94 86.41 86.75 87.09 87.44 87.78 88.06 88.34 88.56 88.78 89.00 89.19 89.34 89.50
51.78 52.12 52.47 53.03 53.75 54.62 55.62 56.66 57.62 58.47 59.19 59.81 60.25 60.59 60.88 61.12 61.41 61.69 62.09 62.56 63.03 63.44 63.94 64.47 65.03 65.50 65.94 66.38 66.84 67.28 67.69 68.06 68.38 68.59 68.94 69.34 69.81 70.22 70.66 70.88 71.53 72.38 73.09 73.59 74.22 74.84 75.53 76.28 77.19 78.16 79.12 79.97 80.62 81.06 81.31 81.44 81.66 82.12 82.91 83.59 84.19 84.84 85.53 86.09 86.47 86.78 87.06 87.38 87.66 87.94 88.25 88.50 88.75 88.94 89.06 89.22 89.38
51.62 51.94 52.25 52.84 53.56 54.34 55.25 56.09 57.28 58.22 58.97 59.59 60.06 60.44 60.75 61.06 61.34 61.62 61.97 62.44 62.81 63.22 63.66 64.25 64.75 65.16 65.56 66.00 66.47 66.91 67.31 67.72 68.09 68.38 68.72 69.06 69.47 69.88 70.25 70.59 70.94 71.78 72.47 73.06 73.69 74.38 75.12 75.97 76.91 77.91 78.91 79.81 80.53 81.06 81.38 81.53 81.81 82.34 83.09 83.69 84.25 84.81 85.53 86.09 86.44 86.72 87.00 87.28 87.56 87.91 88.22 88.47 88.62 88.81 88.97 89.12 89.28
51.47 51.81 52.09 52.62 53.31 54.09 54.84 55.78 56.91 57.84 58.62 59.22 59.75 60.19 60.53 61.00 61.28 61.53 61.91 62.28 62.59 62.94 63.44 63.94 64.41 64.81 65.12 65.59 66.16 66.59 66.94 67.41 67.75 68.12 68.47 68.88 69.28 69.66 70.06 70.44 70.75 71.22 71.94 72.53 73.22 73.94 74.75 75.66 76.62 77.66 78.66 79.59 80.38 80.97 81.34 81.56 81.91 82.69 83.22 83.75 84.28 84.81 85.38 85.62 86.31 86.56 86.84 87.19 87.50 87.88 88.12 88.34 88.53 88.72 88.84 89.00 89.19
51.34 51.69 52.00 52.41 53.03 53.75 54.34 55.25 56.31 57.38 58.19 58.84 59.34 59.72 60.19 60.66 61.09 61.50 61.78 62.12 62.41 62.72 63.09 63.62 64.09 64.47 64.81 65.22 65.75 66.22 66.62 67.06 67.47 67.84 68.22 68.66 69.06 69.44 69.84 70.25 70.62 70.97 71.47 72.12 72.81 73.56 74.38 75.31 76.31 77.34 78.38 79.34 80.16 80.81 81.28 81.53 81.91 82.66 83.19 83.75 84.25 84.75 85.22 85.50 85.94 86.31 86.66 87.03 87.41 87.72 88.00 88.25 88.41 88.59 88.75 88.91 89.16
51.25 51.59 51.91 52.25 52.75 53.28 53.84 54.69 55.72 56.72 57.53 58.28 58.88 59.25 59.72 60.19 60.72 61.34 61.62 61.94 62.22 62.50 62.81 63.19 63.75 64.22 64.59 64.94 65.41 65.84 66.31 66.69 67.16 67.56 67.94 68.38 68.78 69.19 69.62 70.09 70.47 70.81 71.22 71.81 72.47 73.19 74.03 74.94 75.94 76.91 77.88 78.78 79.59 80.34 81.00 81.44 81.78 82.62 83.12 83.66 84.16 84.59 85.06 85.44 85.81 86.22 86.59 86.94 87.28 87.59 87.88 88.16 88.31 88.47 88.53 88.66 88.91
51.16 51.47 51.81 52.16 52.53 52.97 53.31 53.97 54.94 55.84 56.81 57.69 58.44 58.78 59.28 59.72 60.38 61.03 61.41 61.72 62.03 62.34 62.62 63.00 63.44 63.94 64.31 64.69 65.09 65.56 66.00 66.41 66.84 67.22 67.66 68.06 68.50 68.97 69.41 69.84 70.25 70.62 71.00 71.53 72.12 72.84 73.66 74.56 75.50 76.44 77.34 78.22 79.06 79.84 80.53 81.16 81.59 82.47 82.97 83.53 83.97 84.41 84.97 85.38 85.78 86.16 86.50 86.88 87.19 87.50 87.81 88.00 88.09 88.19 88.25 88.38 88.59
51.03 51.38 51.69 52.03 52.44 52.81 53.19 53.66 54.44 55.44 56.38 57.34 57.94 58.38 58.91 59.50 60.19 60.69 61.12 61.50 61.78 62.12 62.44 62.78 63.22 63.69 64.06 64.38 64.78 65.25 65.69 66.12 66.50 66.91 67.31 67.75 68.19 68.69 69.16 69.59 70.00 70.34 70.75 71.22 71.81 72.47 73.25 74.16 75.06 75.94 76.81 77.66 78.50 79.28 80.03 80.72 81.31 82.19 82.81 83.34 83.72 84.19 84.78 85.34 85.72 86.09 86.44 86.81 87.06 87.34 87.53 87.62 87.72 87.81 88.00 88.09 88.31
