everonasctiles/Tile17,39.asc
ncols 128
nrows 128
xllcorner 0
yllcorner 0
cellsize 2.0
NODATA_value  -9999
[rows 34 to 67 of 128, columns 0 to 76 of 128]
24.91 24.69 24.50 24.34 24.22 24.09 23.97 23.91 23.81 23.75 23.66 23.59 23.53 23.50 23.44 23.41 23.41 23.41 23.41 23.44 23.47 23.50 23.53 23.59 23.69 23.78 23.88 24.00 24.16 24.34 24.59 24.84 25.06 25.31 25.53 25.72 25.84 25.88 25.84 25.75 25.62 25.44 25.25 25.06 24.91 24.75 24.59 24.44 24.28 24.12 23.97 23.81 23.62 23.44 23.25 23.06 22.91 22.72 22.53 22.34 22.19 22.03 21.88 21.72 21.59 21.47 21.34 21.25 21.16 21.09 21.00 20.94 20.88 20.84 20.81 20.78 20.75
24.91 24.72 24.53 24.34 24.22 24.09 23.97 23.84 23.78 23.72 23.66 23.59 23.56 23.53 23.50 23.50 23.50 23.50 23.53 23.56 23.59 23.62 23.69 23.75 23.84 23.94 24.06 24.22 24.38 24.56 24.81 25.03 25.28 25.53 25.72 25.91 26.00 26.03 26.00 25.94 25.81 25.66 25.47 25.28 25.12 24.97 24.81 24.66 24.50 24.38 24.19 24.03 23.84 23.66 23.47 23.28 23.09 22.91 22.72 22.53 22.38 22.19 22.03 21.91 21.75 21.62 21.50 21.41 21.31 21.22 21.16 21.09 21.03 20.97 20.94 20.91 20.88
24.97 24.78 24.59 24.44 24.28 24.16 24.03 23.94 23.84 23.75 23.69 23.66 23.62 23.62 23.59 23.62 23.62 23.66 23.69 23.72 23.75 23.81 23.88 23.97 24.03 24.16 24.28 24.44 24.59 24.81 25.00 25.25 25.47 25.72 25.91 26.06 26.16 26.19 26.19 26.12 26.00 25.88 25.72 25.53 25.38 25.19 25.03 24.91 24.75 24.59 24.44 24.25 24.06 23.88 23.69 23.47 23.28 23.09 22.91 22.72 22.53 22.34 22.19 22.03 21.91 21.78 21.66 21.53 21.44 21.34 21.28 21.22 21.16 21.09 21.06 21.03 21.00
25.09 24.91 24.75 24.59 24.44 24.31 24.19 24.06 23.97 23.88 23.81 23.75 23.72 23.72 23.75 23.75 23.78 23.81 23.88 23.91 23.94 24.00 24.06 24.16 24.25 24.34 24.50 24.66 24.81 25.03 25.22 25.44 25.66 25.88 26.06 26.22 26.31 26.38 26.34 26.31 26.22 26.09 25.94 25.78 25.62 25.47 25.31 25.16 25.00 24.84 24.66 24.47 24.28 24.06 23.88 23.66 23.47 23.25 23.06 22.88 22.69 22.50 22.34 22.19 22.03 21.91 21.78 21.66 21.56 21.47 21.41 21.34 21.28 21.22 21.19 21.12 21.09
25.28 25.09 24.94 24.78 24.62 24.50 24.38 24.25 24.16 24.06 23.97 23.91 23.88 23.88 23.91 23.94 23.97 24.00 24.06 24.09 24.16 24.22 24.28 24.38 24.47 24.56 24.69 24.88 25.03 25.22 25.41 25.62 25.81 26.03 26.22 26.34 26.47 26.50 26.53 26.50 26.41 26.31 26.19 26.03 25.88 25.72 25.56 25.41 25.25 25.06 24.88 24.69 24.47 24.25 24.06 23.84 23.62 23.41 23.22 23.00 22.81 22.62 22.47 22.31 22.16 22.03 21.91 21.78 21.69 21.59 21.50 21.44 21.38 21.31 21.28 21.22 21.19
25.47 25.31 25.16 25.00 24.88 24.72 24.62 24.50 24.38 24.28 24.19 24.12 24.06 24.06 24.09 24.12 24.16 24.22 24.25 24.31 24.38 24.44 24.50 24.56 24.66 24.78 24.91 25.06 25.25 25.41 25.59 25.78 25.97 26.16 26.34 26.47 26.59 26.66 26.69 26.66 26.59 26.53 26.41 26.28 26.16 26.00 25.81 25.66 25.50 25.28 25.09 24.88 24.66 24.44 24.22 24.00 23.78 23.56 23.34 23.12 22.94 22.75 22.59 22.44 22.28 22.12 22.00 21.91 21.78 21.69 21.62 21.53 21.47 21.41 21.38 21.31 21.28
25.72 25.56 25.41 25.25 25.12 25.00 24.88 24.75 24.62 24.53 24.44 24.34 24.28 24.25 24.28 24.31 24.34 24.41 24.47 24.53 24.59 24.66 24.72 24.78 24.88 24.97 25.12 25.28 25.44 25.59 25.75 25.91 26.09 26.28 26.44 26.59 26.69 26.78 26.81 26.78 26.78 26.72 26.62 26.50 26.38 26.22 26.06 25.88 25.72 25.50 25.28 25.06 24.84 24.62 24.38 24.16 23.94 23.69 23.47 23.25 23.06 22.88 22.69 22.53 22.38 22.25 22.09 22.00 21.88 21.78 21.69 21.62 21.56 21.50 21.44 21.41 21.34
25.97 25.81 25.69 25.53 25.41 25.28 25.16 25.03 24.91 24.78 24.69 24.59 24.50 24.47 24.47 24.50 24.56 24.59 24.66 24.75 24.81 24.88 24.94 25.00 25.09 25.19 25.31 25.44 25.59 25.75 25.91 26.03 26.22 26.38 26.53 26.69 26.78 26.88 26.91 26.91 26.91 26.88 26.78 26.69 26.56 26.41 26.25 26.09 25.91 25.69 25.47 25.22 25.00 24.75 24.53 24.28 24.06 23.81 23.59 23.38 23.16 22.97 22.78 22.62 22.47 22.31 22.22 22.09 22.00 21.94 21.84 21.75 21.66 21.59 21.53 21.47 21.44
26.25 26.09 25.97 25.81 25.69 25.56 25.44 25.31 25.19 25.06 24.94 24.81 24.72 24.69 24.69 24.69 24.75 24.78 24.88 24.94 25.00 25.06 25.12 25.19 25.28 25.38 25.50 25.62 25.75 25.88 26.00 26.16 26.28 26.44 26.59 26.75 26.84 26.94 26.97 27.00 27.00 27.00 26.91 26.81 26.69 26.56 26.44 26.25 26.06 25.84 25.62 25.38 25.12 24.88 24.66 24.41 24.16 23.91 23.69 23.47 23.25 23.06 22.88 22.72 22.56 22.44 22.38 22.31 22.25 22.19 22.06 21.94 21.81 21.69 21.59 21.56 21.50
26.53 26.38 26.25 26.12 25.97 25.84 25.69 25.56 25.44 25.31 25.19 25.06 24.97 24.91 24.88 24.88 24.91 24.97 25.03 25.09 25.19 25.25 25.31 25.41 25.47 25.53 25.66 25.75 25.88 26.00 26.09 26.22 26.34 26.50 26.62 26.75 26.88 26.94 27.00 27.03 27.06 27.06 27.00 26.91 26.81 26.69 26.53 26.38 26.19 25.97 25.72 25.47 25.25 25.00 24.75 24.50 24.25 24.00 23.78 23.53 23.34 23.12 22.97 22.78 22.66 22.62 22.59 22.59 22.56 22.47 22.34 22.19 22.03 21.84 21.72 21.62 21.56
26.78 26.66 26.53 26.38 26.25 26.09 25.94 25.81 25.69 25.56 25.41 25.28 25.19 25.12 25.09 25.09 25.12 25.16 25.19 25.28 25.34 25.41 25.50 25.56 25.62 25.69 25.78 25.88 25.97 26.06 26.19 26.28 26.41 26.50 26.62 26.75 26.84 26.94 27.00 27.06 27.09 27.09 27.03 26.97 26.84 26.75 26.62 26.47 26.25 26.03 25.81 25.56 25.31 25.06 24.81 24.56 24.31 24.06 23.84 23.62 23.41 23.22 23.03 22.88 22.81 22.84 22.91 22.91 22.88 22.81 22.66 22.47 22.25 22.06 21.84 21.72 21.59
27.00 26.91 26.78 26.66 26.50 26.34 26.19 26.03 25.91 25.78 25.62 25.50 25.41 25.34 25.31 25.31 25.31 25.31 25.38 25.44 25.50 25.56 25.62 25.69 25.75 25.81 25.88 25.97 26.03 26.12 26.22 26.31 26.41 26.50 26.59 26.69 26.81 26.91 26.97 27.03 27.06 27.06 27.03 26.94 26.88 26.75 26.66 26.50 26.31 26.09 25.84 25.62 25.38 25.12 24.88 24.62 24.38 24.12 23.94 23.72 23.56 23.34 23.16 23.06 23.03 23.09 23.19 23.22 23.25 23.16 23.00 22.78 22.50 22.28 22.03 21.75 21.53
27.22 27.12 27.00 26.88 26.72 26.56 26.41 26.25 26.12 25.97 25.84 25.69 25.59 25.53 25.50 25.50 25.50 25.50 25.53 25.56 25.59 25.66 25.72 25.78 25.81 25.88 25.94 26.00 26.09 26.16 26.22 26.28 26.38 26.47 26.53 26.62 26.72 26.81 26.88 26.94 27.00 27.00 26.97 26.91 26.84 26.75 26.62 26.47 26.31 26.09 25.88 25.62 25.41 25.16 24.91 24.66 24.41 24.22 24.06 23.91 23.78 23.59 23.44 23.34 23.34 23.38 23.44 23.53 23.59 23.50 23.34 23.06 22.75 22.47 22.12 21.72 21.34
27.41 27.31 27.19 27.06 26.91 26.75 26.59 26.47 26.31 26.16 26.00 25.88 25.75 25.69 25.66 25.66 25.62 25.62 25.66 25.69 25.72 25.75 25.81 25.84 25.91 25.94 25.97 26.03 26.09 26.16 26.19 26.25 26.31 26.41 26.47 26.50 26.59 26.69 26.75 26.81 26.88 26.88 26.88 26.81 26.75 26.66 26.56 26.44 26.25 26.06 25.84 25.62 25.41 25.16 24.91 24.69 24.47 24.31 24.22 24.12 24.00 23.84 23.72 23.66 23.66 23.66 23.69 23.78 23.81 23.75 23.56 23.28 22.97 22.62 22.19 21.66 21.19
27.56 27.47 27.34 27.19 27.06 26.91 26.75 26.62 26.47 26.28 26.12 26.00 25.91 25.84 25.78 25.78 25.75 25.75 25.78 25.78 25.81 25.84 25.88 25.91 25.94 25.94 25.97 26.03 26.06 26.09 26.16 26.19 26.25 26.28 26.34 26.38 26.44 26.53 26.59 26.66 26.69 26.72 26.72 26.69 26.62 26.56 26.47 26.34 26.19 26.00 25.81 25.59 25.38 25.16 24.91 24.66 24.50 24.41 24.38 24.31 24.25 24.09 24.00 23.91 23.88 23.91 23.91 23.91 23.94 23.88 23.69 23.44 23.12 22.72 22.22 21.69 21.12
27.69 27.56 27.44 27.31 27.16 27.03 26.91 26.75 26.56 26.41 26.25 26.12 26.03 25.94 25.88 25.88 25.84 25.84 25.84 25.88 25.91 25.91 25.94 25.94 25.94 25.94 25.97 25.97 26.00 26.03 26.06 26.09 26.12 26.16 26.19 26.22 26.28 26.34 26.41 26.47 26.50 26.53 26.56 26.53 26.50 26.44 26.34 26.25 26.09 25.94 25.75 25.53 25.31 25.09 24.88 24.66 24.53 24.50 24.50 24.50 24.44 24.34 24.25 24.12 24.03 24.03 24.00 23.94 23.94 23.81 23.66 23.47 23.19 22.75 22.28 21.78 21.19
27.75 27.62 27.50 27.38 27.25 27.12 27.00 26.81 26.66 26.47 26.34 26.22 26.09 26.03 25.97 25.94 25.91 25.88 25.91 25.91 25.94 25.97 25.94 25.94 25.94 25.91 25.91 25.91 25.94 25.94 25.97 25.97 26.00 26.00 26.03 26.03 26.06 26.12 26.16 26.25 26.28 26.34 26.34 26.34 26.31 26.25 26.19 26.09 25.97 25.81 25.66 25.47 25.25 25.06 24.84 24.62 24.56 24.56 24.59 24.62 24.66 24.53 24.44 24.25 24.09 24.03 23.97 23.84 23.84 23.75 23.62 23.47 23.22 22.75 22.41 21.94 21.41
27.78 27.66 27.56 27.44 27.31 27.19 27.03 26.84 26.69 26.50 26.38 26.25 26.19 26.09 26.03 26.00 25.97 25.94 25.94 25.97 25.97 25.97 25.94 25.94 25.88 25.88 25.84 25.84 25.81 25.81 25.81 25.81 25.81 25.81 25.81 25.84 25.84 25.88 25.94 26.00 26.06 26.09 26.12 26.12 26.12 26.09 26.03 25.94 25.84 25.69 25.53 25.38 25.19 25.00 24.78 24.56 24.53 24.59 24.66 24.72 24.72 24.62 24.50 24.31 24.12 24.00 23.88 23.75 23.75 23.69 23.59 23.44 23.19 22.91 22.62 22.16 21.69
27.75 27.66 27.56 27.47 27.31 27.19 27.03 26.84 26.66 26.53 26.41 26.31 26.22 26.16 26.09 26.03 26.00 25.94 25.94 25.97 25.97 25.97 25.91 25.88 25.84 25.81 25.78 25.72 25.69 25.69 25.69 25.66 25.62 25.62 25.62 25.59 25.59 25.62 25.69 25.75 25.81 25.88 25.91 25.91 25.91 25.91 25.84 25.78 25.69 25.56 25.44 25.28 25.09 24.91 24.72 24.53 24.53 24.62 24.69 24.72 24.72 24.62 24.47 24.31 24.16 23.97 23.84 23.75 23.72 23.72 23.59 23.47 23.25 23.00 22.69 22.31 21.97
27.72 27.62 27.53 27.44 27.31 27.16 27.00 26.84 26.66 26.50 26.41 26.31 26.25 26.19 26.12 26.06 26.00 25.97 25.97 25.97 25.97 25.94 25.88 25.81 25.78 25.72 25.66 25.59 25.56 25.50 25.50 25.47 25.44 25.41 25.38 25.38 25.34 25.34 25.41 25.50 25.56 25.62 25.66 25.69 25.72 25.69 25.66 25.62 25.53 25.44 25.31 25.16 25.00 24.84 24.69 24.56 24.56 24.62 24.69 24.72 24.66 24.56 24.38 24.22 24.09 24.00 23.91 23.81 23.81 23.75 23.69 23.53 23.28 22.94 22.56 22.22 22.06
27.66 27.56 27.47 27.38 27.25 27.12 26.97 26.81 26.62 26.47 26.38 26.31 26.25 26.19 26.16 26.09 26.03 25.97 25.97 25.94 25.94 25.88 25.81 25.78 25.72 25.62 25.56 25.47 25.41 25.34 25.31 25.28 25.25 25.22 25.16 25.12 25.09 25.09 25.16 25.25 25.31 25.38 25.44 25.47 25.50 25.50 25.50 25.44 25.38 25.28 25.19 25.03 24.91 24.78 24.66 24.59 24.56 24.56 24.62 24.66 24.59 24.47 24.28 24.12 24.00 24.00 23.94 23.88 23.88 23.84 23.75 23.56 23.25 22.88 22.44 22.09 21.91
27.56 27.47 27.38 27.28 27.19 27.06 26.94 26.78 26.62 26.47 26.34 26.31 26.28 26.22 26.16 26.09 26.03 26.00 25.97 25.94 25.91 25.84 25.78 25.72 25.66 25.56 25.47 25.38 25.28 25.22 25.16 25.12 25.06 25.03 24.97 24.91 24.84 24.84 24.91 25.00 25.06 25.16 25.22 25.25 25.28 25.31 25.31 25.28 25.22 25.16 25.06 24.94 24.81 24.72 24.62 24.59 24.56 24.53 24.53 24.53 24.44 24.31 24.16 24.03 23.94 24.00 23.97 23.94 23.91 23.88 23.78 23.56 23.22 22.78 22.31 22.00 21.75
27.47 27.38 27.28 27.22 27.12 27.03 26.91 26.75 26.59 26.44 26.34 26.28 26.25 26.19 26.16 26.06 26.03 26.00 25.97 25.94 25.88 25.81 25.75 25.66 25.59 25.50 25.38 25.28 25.16 25.09 25.00 24.97 24.91 24.84 24.78 24.69 24.62 24.62 24.69 24.75 24.84 24.94 25.00 25.06 25.09 25.12 25.12 25.12 25.09 25.00 24.94 24.81 24.72 24.66 24.59 24.56 24.53 24.50 24.44 24.34 24.25 24.09 24.00 23.91 23.88 23.88 23.94 23.94 23.94 23.91 23.81 23.56 23.22 22.78 22.31 21.91 21.62
27.34 27.28 27.22 27.12 27.06 26.94 26.84 26.69 26.56 26.44 26.34 26.28 26.25 26.19 26.12 26.06 26.03 26.00 25.97 25.94 25.88 25.78 25.72 25.62 25.53 25.41 25.31 25.19 25.06 24.97 24.88 24.81 24.75 24.69 24.59 24.53 24.47 24.47 24.50 24.59 24.66 24.75 24.81 24.88 24.94 24.97 24.97 24.97 24.94 24.88 24.81 24.72 24.62 24.59 24.53 24.50 24.47 24.44 24.34 24.19 24.03 23.94 23.84 23.78 23.75 23.75 23.78 23.84 23.91 23.94 23.81 23.62 23.28 22.84 22.38 21.97 21.66
27.25 27.19 27.09 27.03 26.97 26.88 26.78 26.66 26.53 26.44 26.34 26.31 26.25 26.19 26.16 26.09 26.06 26.00 25.97 25.91 25.84 25.75 25.66 25.56 25.44 25.34 25.22 25.06 24.97 24.84 24.75 24.69 24.59 24.53 24.47 24.41 24.38 24.38 24.41 24.44 24.50 24.59 24.66 24.72 24.78 24.81 24.84 24.84 24.81 24.75 24.69 24.59 24.53 24.50 24.44 24.41 24.34 24.31 24.19 24.03 23.84 23.75 23.69 23.62 23.62 23.62 23.66 23.72 23.81 23.91 23.88 23.69 23.44 23.06 22.62 22.19 21.78
27.16 27.09 27.00 26.94 26.88 26.81 26.72 26.62 26.50 26.44 26.38 26.31 26.28 26.25 26.19 26.12 26.09 26.03 25.97 25.88 25.81 25.72 25.59 25.50 25.38 25.25 25.09 24.97 24.84 24.75 24.66 24.56 24.50 24.44 24.38 24.31 24.28 24.28 24.31 24.34 24.41 24.47 24.53 24.59 24.66 24.69 24.72 24.72 24.72 24.66 24.59 24.50 24.44 24.38 24.31 24.28 24.19 24.12 24.00 23.84 23.66 23.56 23.50 23.44 23.44 23.47 23.50 23.59 23.69 23.81 23.88 23.78 23.59 23.34 22.91 22.44 21.97
27.06 27.00 26.94 26.88 26.81 26.75 26.69 26.59 26.50 26.44 26.38 26.34 26.31 26.28 26.22 26.19 26.09 26.03 25.94 25.84 25.75 25.66 25.53 25.41 25.28 25.16 25.00 24.88 24.75 24.66 24.56 24.47 24.41 24.34 24.28 24.25 24.22 24.25 24.25 24.31 24.34 24.41 24.47 24.53 24.56 24.59 24.62 24.62 24.59 24.56 24.50 24.41 24.31 24.25 24.19 24.12 24.03 23.91 23.78 23.59 23.44 23.34 23.28 23.25 23.25 23.31 23.38 23.44 23.53 23.62 23.72 23.72 23.66 23.53 23.19 22.62 21.97
27.03 26.97 26.91 26.84 26.78 26.72 26.66 26.59 26.50 26.44 26.41 26.34 26.31 26.31 26.25 26.19 26.12 26.03 25.94 25.81 25.72 25.59 25.47 25.31 25.19 25.06 24.91 24.78 24.66 24.56 24.47 24.38 24.31 24.28 24.22 24.19 24.19 24.22 24.25 24.28 24.31 24.38 24.41 24.47 24.50 24.53 24.56 24.56 24.53 24.47 24.41 24.31 24.22 24.12 24.06 23.97 23.88 23.75 23.59 23.38 23.09 22.88 22.78 22.69 22.69 22.78 22.94 23.16 23.31 23.38 23.47 23.53 23.56 23.50 23.19 22.66 21.94
27.03 26.94 26.88 26.81 26.78 26.72 26.66 26.59 26.50 26.44 26.41 26.38 26.34 26.31 26.28 26.19 26.09 26.00 25.91 25.78 25.66 25.50 25.38 25.22 25.09 24.97 24.81 24.69 24.59 24.50 24.41 24.34 24.28 24.25 24.22 24.19 24.19 24.22 24.25 24.28 24.31 24.34 24.38 24.44 24.47 24.47 24.50 24.50 24.47 24.41 24.34 24.25 24.16 24.03 23.94 23.81 23.72 23.56 23.28 23.03 22.84 22.75 22.69 22.56 22.47 22.38 22.34 22.41 22.56 22.94 23.22 23.38 23.44 23.44 23.12 22.56 21.84
27.06 27.00 26.91 26.84 26.78 26.72 26.69 26.59 26.53 26.47 26.44 26.41 26.38 26.31 26.25 26.19 26.09 25.97 25.84 25.72 25.59 25.44 25.28 25.16 25.00 24.88 24.75 24.62 24.53 24.44 24.38 24.31 24.25 24.22 24.22 24.19 24.22 24.22 24.25 24.28 24.31 24.34 24.38 24.41 24.44 24.44 24.44 24.44 24.41 24.34 24.28 24.19 24.06 23.97 23.84 23.69 23.53 23.25 23.03 22.94 22.88 22.78 22.69 22.56 22.47 22.38 22.28 22.22 22.19 22.38 22.88 23.25 23.38 23.41 23.12 22.53 21.84
27.19 27.09 27.00 26.91 26.84 26.78 26.72 26.66 26.59 26.53 26.47 26.44 26.38 26.31 26.25 26.16 26.06 25.94 25.81 25.66 25.50 25.38 25.22 25.06 24.94 24.81 24.69 24.59 24.50 24.41 24.34 24.28 24.25 24.25 24.22 24.22 24.25 24.25 24.28 24.31 24.34 24.38 24.41 24.41 24.44 24.44 24.41 24.41 24.34 24.28 24.22 24.12 24.00 23.88 23.75 23.59 23.28 23.09 23.03 22.97 22.91 22.81 22.69 22.56 22.44 22.34 22.28 22.19 22.16 22.12 22.41 23.16 23.31 23.34 23.19 22.59 21.91
27.31 27.22 27.12 27.00 26.94 26.88 26.78 26.72 26.66 26.59 26.53 26.47 26.41 26.34 26.25 26.12 26.03 25.88 25.75 25.59 25.44 25.31 25.16 25.00 24.88 24.75 24.66 24.56 24.47 24.41 24.34 24.31 24.28 24.25 24.25 24.25 24.28 24.31 24.34 24.34 24.38 24.41 24.41 24.41 24.44 24.41 24.41 24.38 24.31 24.25 24.16 24.06 23.94 23.81 23.69 23.41 23.16 23.09 23.06 23.03 22.97 22.88 22.69 22.56 22.44 22.31 22.25 22.16 22.12 22.12 22.19 22.91 23.28 23.34 23.22 22.62 21.94
27.53 27.41 27.28 27.16 27.06 26.97 26.91 26.81 26.72 26.66 26.56 26.50 26.41 26.34 26.22 26.12 26.00 25.84 25.69 25.56 25.41 25.25 25.09 24.97 24.84 24.72 24.62 24.53 24.47 24.41 24.38 24.31 24.31 24.28 24.31 24.31 24.31 24.34 24.38 24.41 24.41 24.44 24.44 24.44 24.44 24.41 24.38 24.34 24.28 24.19 24.09 24.00 23.88 23.75 23.59 23.25 23.12 23.12 23.09 23.09 23.00 22.84 22.66 22.50 22.38 22.28 22.22 22.12 22.12 22.12 22.09 22.50 23.16 23.19 23.16 22.66 22.09
27.78 27.62 27.50 27.34 27.22 27.09 27.00 26.88 26.78 26.72 26.62 26.53 26.44 26.34 26.22 26.09 25.97 25.81 25.66 25.50 25.34 25.22 25.06 24.94 24.81 24.72 24.62 24.53 24.47 24.44 24.38 24.34 24.34 24.34 24.34 24.34 24.38 24.41 24.41 24.44 24.44 24.47 24.47 24.44 24.44 24.41 24.38 24.31 24.25 24.16 24.06 23.94 23.81 23.69 23.50 23.19 23.12 23.12 23.12 23.09 22.91 22.69 22.50 22.41 22.31 22.25 22.16 22.12 22.09 22.09 22.09 22.16 22.66 22.91 22.91 22.62 22.28
