everonasctiles/Tile25,43.asc
ncols 128
nrows 128
xllcorner 0
yllcorner 0
cellsize 2.0
NODATA_value  -9999
[rows 32 to 63 of 128, columns 0 to 70 of 128]
-22.84 -23.00 -23.31 -23.44 -23.62 -23.88 -23.84 -24.03 -24.25 -24.72 -25.03 -25.31 -25.88 -26.44 -26.84 -27.31 -27.72 -28.19 -28.59 -28.78 -29.22 -29.66 -29.97 -30.25 -30.41 -30.72 -31.09 -31.34 -31.53 -31.66 -31.75 -31.75 -31.59 -31.00 -30.44 -30.28 -29.94 -29.81 -30.53 -31.31 -31.88 -31.81 -32.16 -33.28 -34.59 -35.72 -36.72 -37.34 -37.84 -38.25 -38.59 -38.84 -39.03 -39.28 -39.75 -40.53 -41.47 -42.22 -42.75 -43.22 -43.69 -44.06 -44.34 -44.53 -44.69 -44.81 -44.97 -45.09 -45.25 -45.41 -45.56
-22.22 -22.88 -23.31 -23.47 -23.41 -23.66 -23.88 -24.09 -24.16 -24.38 -24.72 -25.00 -25.50 -26.00 -26.56 -27.22 -27.72 -27.88 -28.25 -28.25 -28.62 -29.09 -29.62 -29.94 -30.03 -30.34 -30.66 -30.84 -30.84 -30.78 -30.66 -30.00 -29.62 -29.06 -28.81 -28.66 -29.03 -29.59 -30.28 -30.88 -31.59 -31.97 -32.28 -33.06 -34.03 -34.97 -35.69 -36.38 -36.84 -37.25 -37.62 -37.91 -38.22 -38.62 -39.34 -40.31 -41.41 -42.28 -42.81 -43.28 -43.78 -44.22 -44.56 -44.84 -45.03 -45.22 -45.38 -45.53 -45.66 -45.81 -45.97
-22.00 -22.75 -23.44 -23.66 -23.69 -23.50 -23.72 -24.12 -24.34 -24.62 -24.91 -25.47 -25.59 -26.00 -26.56 -27.03 -27.41 -27.44 -27.97 -28.22 -28.34 -28.62 -29.28 -29.62 -29.72 -29.91 -30.06 -30.00 -29.69 -29.38 -29.00 -28.25 -27.56 -27.66 -27.34 -28.12 -29.25 -30.16 -31.03 -31.91 -32.75 -33.31 -33.72 -34.28 -34.94 -35.38 -35.75 -36.03 -36.28 -36.56 -36.91 -37.28 -37.78 -38.41 -39.25 -40.25 -41.34 -42.25 -42.78 -43.28 -43.81 -44.25 -44.66 -45.00 -45.25 -45.47 -45.66 -45.84 -46.00 -46.16 -46.28
-22.06 -22.53 -22.97 -23.28 -23.31 -23.28 -23.47 -23.97 -24.16 -24.56 -24.81 -25.41 -25.72 -26.06 -26.50 -27.00 -27.25 -27.22 -27.31 -27.59 -27.94 -28.12 -28.50 -28.72 -29.06 -29.22 -29.00 -29.00 -28.53 -27.81 -27.25 -26.56 -26.25 -26.75 -27.44 -28.44 -29.69 -31.31 -32.97 -33.97 -34.69 -35.09 -35.34 -35.59 -35.94 -36.25 -36.50 -36.62 -36.69 -36.78 -37.03 -37.47 -38.06 -38.72 -39.50 -40.41 -41.34 -42.12 -42.69 -43.22 -43.75 -44.22 -44.66 -45.03 -45.34 -45.62 -45.84 -46.03 -46.19 -46.38 -46.53
-22.00 -22.16 -22.59 -22.75 -22.78 -22.78 -23.28 -23.81 -24.34 -24.69 -24.88 -25.25 -25.44 -25.66 -26.03 -26.34 -26.41 -26.22 -26.28 -26.94 -27.38 -27.94 -28.12 -28.16 -28.19 -27.94 -27.38 -27.12 -26.53 -26.09 -25.81 -25.78 -26.28 -27.06 -27.81 -29.53 -31.00 -33.09 -34.50 -35.12 -35.50 -35.84 -36.12 -36.41 -36.66 -36.91 -37.09 -37.25 -37.38 -37.44 -37.66 -38.09 -38.69 -39.34 -40.00 -40.69 -41.41 -42.03 -42.62 -43.16 -43.69 -44.16 -44.59 -45.00 -45.34 -45.62 -45.88 -46.09 -46.28 -46.47 -46.66
-21.88 -22.12 -22.25 -22.38 -22.50 -22.56 -22.78 -23.28 -23.62 -24.06 -24.38 -24.41 -24.75 -24.81 -25.25 -25.28 -25.00 -24.66 -25.22 -26.06 -26.81 -27.47 -27.66 -27.44 -27.31 -27.03 -26.56 -25.75 -25.31 -25.16 -25.62 -26.78 -27.88 -28.88 -29.56 -31.25 -33.22 -34.56 -35.12 -35.53 -35.91 -36.22 -36.53 -36.78 -37.03 -37.22 -37.41 -37.56 -37.75 -37.97 -38.25 -38.72 -39.25 -39.78 -40.34 -40.88 -41.47 -42.03 -42.59 -43.12 -43.62 -44.09 -44.53 -44.94 -45.25 -45.56 -45.81 -46.06 -46.28 -46.50 -46.69
-21.97 -22.16 -22.03 -22.12 -22.22 -22.28 -22.50 -22.62 -22.94 -23.31 -23.69 -23.81 -23.84 -23.78 -23.72 -23.84 -23.53 -23.28 -23.72 -24.41 -25.59 -26.59 -26.62 -26.06 -25.62 -25.25 -24.88 -24.41 -24.38 -24.84 -25.78 -27.22 -28.84 -30.44 -31.91 -33.16 -34.28 -35.00 -35.47 -35.91 -36.31 -36.62 -36.91 -37.16 -37.38 -37.56 -37.75 -37.88 -38.03 -38.25 -38.56 -38.97 -39.44 -39.94 -40.47 -41.00 -41.53 -42.06 -42.59 -43.09 -43.59 -44.03 -44.47 -44.84 -45.16 -45.44 -45.72 -45.97 -46.22 -46.44 -46.66
-21.69 -21.78 -21.84 -21.84 -21.97 -22.09 -21.97 -22.09 -22.56 -22.88 -23.03 -23.06 -22.84 -23.09 -23.09 -22.56 -21.84 -22.06 -22.34 -22.75 -23.34 -24.62 -25.06 -24.62 -24.09 -23.94 -23.78 -23.81 -24.59 -25.41 -26.38 -27.53 -29.56 -32.06 -33.16 -33.97 -34.75 -35.31 -35.81 -36.28 -36.66 -37.00 -37.28 -37.50 -37.72 -37.88 -38.03 -38.19 -38.31 -38.50 -38.78 -39.16 -39.62 -40.09 -40.59 -41.12 -41.59 -42.09 -42.59 -43.09 -43.56 -43.97 -44.38 -44.72 -45.03 -45.31 -45.62 -45.88 -46.16 -46.41 -46.66
-21.16 -21.22 -21.44 -21.59 -21.75 -21.62 -21.41 -21.41 -21.94 -22.28 -22.28 -22.34 -22.28 -22.44 -22.28 -21.41 -20.91 -21.19 -21.34 -21.56 -21.97 -22.16 -22.41 -22.50 -22.44 -22.38 -23.22 -24.06 -24.97 -25.84 -27.06 -27.88 -29.88 -32.38 -33.75 -34.41 -35.06 -35.59 -36.09 -36.56 -36.97 -37.31 -37.56 -37.81 -38.00 -38.16 -38.31 -38.44 -38.56 -38.75 -39.00 -39.34 -39.75 -40.25 -40.72 -41.22 -41.72 -42.19 -42.62 -43.09 -43.50 -43.91 -44.25 -44.59 -44.91 -45.19 -45.50 -45.81 -46.09 -46.41 -46.69
-21.41 -21.31 -21.38 -21.25 -21.28 -21.16 -21.34 -21.47 -21.41 -21.62 -21.75 -21.81 -21.75 -21.31 -20.91 -20.69 -20.25 -20.47 -20.72 -20.91 -20.97 -21.19 -21.34 -21.31 -22.00 -22.72 -23.38 -24.34 -25.22 -26.56 -27.84 -28.34 -30.28 -32.66 -34.06 -34.81 -35.38 -35.88 -36.34 -36.81 -37.19 -37.53 -37.81 -38.03 -38.25 -38.41 -38.53 -38.66 -38.78 -38.94 -39.16 -39.47 -39.88 -40.34 -40.81 -41.31 -41.78 -42.22 -42.66 -43.06 -43.44 -43.81 -44.12 -44.44 -44.75 -45.06 -45.41 -45.75 -46.12 -46.44 -46.75
-21.12 -20.94 -21.00 -20.97 -20.78 -20.75 -20.97 -21.00 -20.88 -21.19 -21.53 -21.12 -20.72 -20.19 -19.59 -19.84 -20.19 -20.38 -20.59 -20.88 -20.75 -21.00 -21.19 -21.50 -22.47 -23.41 -24.66 -25.56 -26.81 -28.09 -29.31 -29.81 -31.47 -33.50 -34.56 -35.19 -35.72 -36.19 -36.62 -37.03 -37.41 -37.75 -38.03 -38.25 -38.44 -38.59 -38.72 -38.81 -38.94 -39.09 -39.31 -39.59 -39.97 -40.41 -40.88 -41.34 -41.81 -42.25 -42.66 -43.03 -43.38 -43.69 -43.97 -44.28 -44.59 -44.97 -45.34 -45.75 -46.16 -46.50 -46.84
-21.12 -21.00 -20.94 -20.84 -20.50 -20.50 -20.56 -20.69 -20.50 -20.50 -20.81 -20.44 -20.06 -19.94 -19.88 -20.16 -20.28 -20.41 -21.22 -21.78 -21.47 -21.62 -22.16 -22.69 -23.25 -24.16 -25.44 -26.62 -28.06 -29.47 -30.50 -31.03 -32.84 -34.25 -34.97 -35.53 -36.06 -36.53 -36.94 -37.31 -37.62 -37.94 -38.22 -38.44 -38.62 -38.75 -38.88 -38.97 -39.09 -39.22 -39.44 -39.72 -40.03 -40.44 -40.88 -41.34 -41.81 -42.22 -42.59 -42.94 -43.25 -43.53 -43.81 -44.12 -44.50 -44.91 -45.31 -45.75 -46.19 -46.56 -46.94
-21.06 -20.91 -20.84 -20.69 -20.38 -19.97 -19.88 -20.00 -20.00 -19.53 -19.78 -19.97 -20.06 -20.22 -20.66 -20.66 -20.75 -21.25 -22.19 -22.62 -22.69 -22.81 -23.09 -23.66 -23.97 -24.66 -25.59 -26.91 -28.47 -29.78 -30.88 -31.88 -33.59 -34.62 -35.25 -35.84 -36.38 -36.84 -37.22 -37.56 -37.84 -38.12 -38.38 -38.59 -38.78 -38.91 -39.00 -39.09 -39.19 -39.34 -39.53 -39.78 -40.12 -40.50 -40.91 -41.34 -41.75 -42.16 -42.50 -42.81 -43.09 -43.38 -43.69 -44.03 -44.41 -44.84 -45.31 -45.78 -46.22 -46.62 -47.00
-20.94 -20.69 -20.38 -20.06 -19.56 -19.31 -19.41 -19.22 -19.38 -19.53 -19.28 -19.44 -19.84 -20.25 -20.84 -21.50 -21.69 -22.00 -22.69 -23.59 -24.16 -24.50 -24.88 -24.91 -25.03 -25.59 -26.22 -26.97 -28.25 -29.72 -30.88 -32.03 -33.88 -34.81 -35.47 -36.03 -36.56 -37.03 -37.41 -37.75 -38.03 -38.31 -38.53 -38.75 -38.91 -39.03 -39.12 -39.19 -39.28 -39.38 -39.56 -39.81 -40.12 -40.50 -40.88 -41.28 -41.66 -42.03 -42.34 -42.62 -42.91 -43.22 -43.53 -43.91 -44.34 -44.81 -45.28 -45.78 -46.22 -46.66 -47.03
-20.53 -20.09 -19.81 -19.78 -19.28 -18.62 -18.47 -18.62 -18.94 -19.19 -19.56 -19.62 -19.94 -20.62 -21.44 -22.31 -22.50 -22.78 -23.53 -24.47 -25.31 -25.78 -26.16 -26.12 -27.00 -27.50 -27.75 -27.78 -28.25 -29.25 -30.59 -32.00 -33.91 -34.88 -35.53 -36.12 -36.62 -37.09 -37.50 -37.84 -38.16 -38.44 -38.69 -38.88 -39.06 -39.19 -39.25 -39.31 -39.31 -39.41 -39.56 -39.81 -40.12 -40.44 -40.81 -41.16 -41.50 -41.84 -42.12 -42.41 -42.72 -43.03 -43.41 -43.81 -44.28 -44.75 -45.25 -45.72 -46.19 -46.62 -47.03
-20.50 -20.19 -19.78 -19.59 -19.16 -18.00 -17.94 -18.75 -19.00 -19.06 -19.62 -19.97 -20.47 -21.16 -21.84 -22.38 -22.88 -23.62 -24.41 -25.00 -25.62 -26.41 -27.00 -27.19 -27.81 -28.25 -28.91 -28.94 -28.72 -29.28 -30.47 -32.16 -34.12 -34.94 -35.56 -36.12 -36.62 -37.06 -37.50 -37.88 -38.25 -38.56 -38.81 -39.03 -39.19 -39.31 -39.41 -39.44 -39.41 -39.38 -39.50 -39.78 -40.06 -40.34 -40.69 -41.00 -41.31 -41.62 -41.91 -42.22 -42.53 -42.88 -43.28 -43.72 -44.19 -44.69 -45.19 -45.69 -46.19 -46.66 -47.06
-20.19 -20.12 -19.72 -19.44 -18.72 -17.88 -17.91 -18.34 -18.91 -19.34 -19.38 -19.84 -21.03 -21.88 -22.47 -22.72 -23.00 -24.03 -24.84 -25.62 -26.34 -27.28 -27.69 -28.03 -28.50 -28.91 -29.41 -29.84 -30.00 -30.12 -30.84 -32.25 -34.12 -34.97 -35.53 -36.06 -36.56 -37.03 -37.47 -37.91 -38.28 -38.62 -38.91 -39.16 -39.34 -39.47 -39.53 -39.56 -39.53 -39.47 -39.44 -39.66 -39.97 -40.28 -40.56 -40.84 -41.12 -41.44 -41.75 -42.06 -42.44 -42.88 -43.31 -43.78 -44.25 -44.75 -45.25 -45.78 -46.25 -46.72 -47.12
-20.00 -19.84 -19.25 -18.81 -18.34 -17.84 -17.69 -18.25 -18.78 -18.91 -19.69 -20.34 -21.19 -22.09 -22.59 -22.94 -23.28 -23.69 -24.66 -25.66 -26.62 -27.38 -27.84 -28.50 -29.06 -29.53 -30.06 -30.62 -31.16 -31.38 -31.66 -32.69 -34.12 -34.88 -35.44 -35.94 -36.44 -36.94 -37.41 -37.91 -38.31 -38.69 -39.00 -39.25 -39.47 -39.62 -39.72 -39.72 -39.72 -39.66 -39.56 -39.53 -39.78 -40.12 -40.44 -40.72 -41.00 -41.28 -41.62 -42.03 -42.47 -42.91 -43.38 -43.84 -44.34 -44.84 -45.34 -45.84 -46.31 -46.75 -47.16
-19.56 -19.28 -19.03 -18.69 -18.22 -17.59 -17.72 -18.50 -19.34 -19.94 -20.25 -20.59 -21.53 -22.50 -23.12 -23.62 -23.72 -23.97 -24.91 -25.97 -26.62 -26.88 -27.41 -28.41 -29.22 -30.00 -30.53 -31.06 -31.75 -32.34 -32.78 -33.34 -34.31 -34.91 -35.38 -35.84 -36.28 -36.78 -37.34 -37.88 -38.34 -38.75 -39.09 -39.38 -39.62 -39.78 -39.91 -39.94 -39.94 -39.91 -39.84 -39.72 -39.69 -39.91 -40.25 -40.56 -40.91 -41.28 -41.66 -42.06 -42.47 -42.94 -43.41 -43.88 -44.38 -44.88 -45.41 -45.88 -46.31 -46.75 -47.12
-19.12 -19.09 -19.19 -18.72 -17.94 -17.75 -18.28 -18.69 -19.53 -20.44 -21.00 -21.38 -22.12 -22.44 -22.94 -24.00 -24.59 -24.91 -25.03 -25.38 -25.94 -26.09 -26.56 -27.81 -28.88 -30.03 -30.81 -31.38 -32.28 -32.94 -33.50 -33.97 -34.66 -35.19 -35.69 -36.12 -36.53 -36.94 -37.41 -37.91 -38.38 -38.84 -39.22 -39.53 -39.78 -39.97 -40.09 -40.16 -40.16 -40.16 -40.12 -40.06 -39.97 -39.94 -40.16 -40.56 -41.00 -41.34 -41.72 -42.09 -42.50 -42.94 -43.38 -43.84 -44.34 -44.84 -45.31 -45.78 -46.25 -46.66 -47.06
-19.03 -18.94 -18.69 -18.12 -17.62 -17.78 -18.50 -19.31 -19.94 -20.72 -21.53 -22.06 -23.25 -23.66 -24.16 -25.00 -25.38 -25.53 -25.56 -25.34 -25.66 -25.97 -26.75 -27.69 -28.59 -29.75 -30.59 -31.59 -32.62 -33.28 -33.91 -34.44 -34.78 -35.50 -36.03 -36.50 -36.97 -37.38 -37.78 -38.19 -38.62 -39.03 -39.41 -39.72 -40.00 -40.19 -40.34 -40.41 -40.44 -40.41 -40.38 -40.34 -40.31 -40.25 -40.28 -40.62 -41.09 -41.47 -41.81 -42.19 -42.59 -42.97 -43.38 -43.81 -44.25 -44.69 -45.19 -45.66 -46.12 -46.56 -46.97
-18.53 -18.59 -17.91 -17.31 -16.84 -17.31 -18.88 -19.91 -20.78 -21.50 -22.34 -22.56 -23.69 -24.38 -25.03 -25.47 -25.81 -26.03 -26.09 -26.00 -25.97 -26.25 -27.25 -28.19 -29.06 -30.19 -31.00 -31.75 -32.56 -33.47 -34.12 -34.66 -35.19 -35.72 -36.28 -36.81 -37.31 -37.78 -38.19 -38.59 -39.00 -39.34 -39.69 -39.97 -40.22 -40.44 -40.59 -40.69 -40.72 -40.69 -40.66 -40.62 -40.59 -40.56 -40.53 -40.72 -41.09 -41.56 -41.94 -42.34 -42.75 -43.12 -43.47 -43.78 -44.09 -44.47 -44.91 -45.44 -45.94 -46.44 -46.88
-17.22 -17.06 -16.47 -16.03 -15.62 -16.25 -18.03 -19.81 -21.19 -22.31 -23.12 -23.56 -24.44 -25.09 -25.69 -26.19 -26.47 -26.66 -26.59 -26.75 -27.06 -27.31 -27.72 -28.53 -29.69 -30.62 -31.41 -32.06 -32.62 -33.50 -34.25 -34.81 -35.34 -35.88 -36.44 -37.00 -37.56 -38.06 -38.53 -38.94 -39.34 -39.69 -40.00 -40.28 -40.53 -40.72 -40.88 -40.97 -41.00 -41.00 -40.97 -40.91 -40.88 -40.81 -40.81 -40.97 -41.25 -41.69 -42.12 -42.53 -42.94 -43.34 -43.69 -44.00 -44.22 -44.38 -44.69 -45.12 -45.66 -46.25 -46.81
-16.03 -16.09 -16.06 -16.06 -16.03 -17.06 -19.09 -20.19 -21.66 -23.03 -23.81 -24.34 -25.12 -25.84 -26.28 -26.53 -26.75 -26.81 -27.19 -27.53 -27.72 -27.84 -28.19 -28.91 -29.69 -30.66 -31.41 -32.00 -32.72 -33.66 -34.34 -34.91 -35.44 -35.97 -36.53 -37.12 -37.72 -38.28 -38.81 -39.25 -39.66 -40.00 -40.31 -40.59 -40.84 -41.03 -41.16 -41.25 -41.28 -41.31 -41.28 -41.22 -41.16 -41.06 -41.09 -41.34 -41.62 -41.94 -42.31 -42.72 -43.16 -43.59 -43.97 -44.31 -44.62 -44.88 -45.06 -45.31 -45.72 -46.28 -46.91
-15.06 -15.56 -16.34 -16.84 -16.94 -17.88 -19.53 -20.81 -21.81 -23.16 -24.00 -24.50 -25.31 -25.97 -26.28 -26.59 -27.06 -27.28 -27.66 -28.00 -28.41 -28.56 -28.81 -29.34 -30.00 -30.75 -31.59 -32.38 -33.09 -33.78 -34.50 -35.06 -35.59 -36.12 -36.66 -37.22 -37.84 -38.44 -39.00 -39.50 -39.94 -40.31 -40.62 -40.91 -41.12 -41.31 -41.47 -41.56 -41.59 -41.62 -41.59 -41.56 -41.44 -41.28 -41.28 -41.62 -41.94 -42.28 -42.59 -42.97 -43.41 -43.81 -44.25 -44.66 -45.00 -45.31 -45.59 -45.91 -46.25 -46.72 -47.19
-15.69 -16.78 -17.34 -17.41 -17.41 -18.31 -19.84 -20.94 -21.94 -23.16 -23.88 -24.78 -25.62 -26.28 -26.53 -26.84 -27.38 -27.75 -27.97 -28.22 -28.75 -29.09 -29.44 -29.88 -30.34 -31.00 -31.81 -32.62 -33.34 -33.97 -34.69 -35.25 -35.81 -36.34 -36.88 -37.41 -37.97 -38.56 -39.16 -39.69 -40.16 -40.59 -40.91 -41.19 -41.44 -41.59 -41.75 -41.84 -41.91 -41.94 -41.94 -41.88 -41.72 -41.47 -41.34 -41.81 -42.22 -42.59 -42.94 -43.28 -43.66 -44.09 -44.50 -44.94 -45.34 -45.69 -46.00 -46.34 -46.72 -47.09 -47.47
-16.53 -17.47 -18.00 -18.19 -18.25 -18.88 -19.72 -21.25 -22.50 -23.34 -24.06 -24.72 -25.56 -26.31 -26.75 -27.03 -27.31 -27.91 -28.25 -28.38 -28.62 -29.38 -29.75 -30.22 -30.72 -31.41 -32.09 -32.78 -33.56 -34.19 -34.88 -35.47 -36.06 -36.62 -37.16 -37.66 -38.19 -38.75 -39.31 -39.88 -40.41 -40.84 -41.22 -41.50 -41.72 -41.88 -42.00 -42.12 -42.22 -42.25 -42.25 -42.19 -41.97 -41.66 -41.34 -41.88 -42.47 -42.88 -43.25 -43.62 -43.97 -44.38 -44.78 -45.19 -45.62 -46.00 -46.34 -46.69 -47.03 -47.38 -47.72
-16.75 -17.62 -18.44 -18.69 -19.28 -19.88 -20.06 -21.66 -22.91 -23.38 -24.16 -24.94 -25.84 -26.53 -26.94 -27.09 -27.25 -27.84 -28.38 -28.75 -29.12 -29.69 -30.19 -30.62 -31.12 -31.78 -32.47 -32.88 -33.56 -34.41 -35.03 -35.66 -36.25 -36.84 -37.41 -37.97 -38.50 -39.00 -39.53 -40.09 -40.62 -41.06 -41.47 -41.81 -42.03 -42.19 -42.31 -42.41 -42.50 -42.59 -42.59 -42.50 -42.28 -41.84 -41.50 -41.94 -42.69 -43.12 -43.53 -43.94 -44.28 -44.66 -45.03 -45.44 -45.88 -46.25 -46.59 -46.94 -47.25 -47.59 -47.91
-16.88 -17.84 -18.66 -18.91 -19.62 -20.28 -20.62 -21.69 -23.22 -24.00 -24.34 -25.31 -26.12 -26.66 -27.09 -27.31 -27.41 -27.81 -28.41 -28.91 -29.41 -29.97 -30.28 -30.81 -31.38 -31.81 -32.50 -33.09 -33.69 -34.44 -35.16 -35.78 -36.41 -37.03 -37.62 -38.22 -38.75 -39.31 -39.84 -40.38 -40.88 -41.31 -41.75 -42.09 -42.34 -42.50 -42.59 -42.72 -42.81 -42.91 -42.94 -42.84 -42.62 -42.19 -41.88 -42.16 -42.84 -43.41 -43.78 -44.16 -44.53 -44.88 -45.25 -45.66 -46.06 -46.44 -46.78 -47.12 -47.44 -47.72 -48.03
-17.09 -18.25 -18.66 -19.53 -20.00 -20.34 -21.25 -22.59 -23.56 -24.59 -25.00 -25.84 -26.44 -26.88 -27.16 -27.25 -27.34 -27.69 -28.25 -28.88 -29.44 -29.84 -30.28 -30.78 -31.31 -32.03 -32.75 -33.31 -33.97 -34.62 -35.22 -35.84 -36.47 -37.09 -37.72 -38.34 -38.94 -39.53 -40.09 -40.59 -41.09 -41.56 -41.97 -42.34 -42.62 -42.78 -42.91 -43.00 -43.12 -43.25 -43.28 -43.19 -43.03 -42.72 -42.44 -42.59 -43.12 -43.69 -44.03 -44.38 -44.72 -45.06 -45.41 -45.78 -46.16 -46.53 -46.88 -47.19 -47.50 -47.78 -48.06
-17.19 -18.12 -19.06 -20.00 -20.94 -21.47 -22.06 -23.00 -24.12 -25.12 -25.91 -26.50 -27.06 -27.44 -27.66 -27.94 -28.16 -28.16 -28.28 -28.72 -29.16 -29.75 -30.19 -30.62 -31.44 -32.16 -32.88 -33.47 -34.03 -34.59 -35.19 -35.78 -36.41 -37.03 -37.69 -38.34 -38.97 -39.62 -40.22 -40.78 -41.28 -41.75 -42.19 -42.56 -42.88 -43.06 -43.22 -43.31 -43.44 -43.56 -43.59 -43.53 -43.44 -43.28 -43.16 -43.22 -43.53 -43.97 -44.28 -44.56 -44.88 -45.19 -45.53 -45.84 -46.19 -46.53 -46.84 -47.16 -47.47 -47.78 -48.06
-16.81 -17.91 -19.16 -20.53 -21.31 -21.75 -22.50 -23.66 -24.81 -25.53 -26.44 -27.03 -27.53 -27.91 -28.34 -28.53 -28.75 -28.78 -28.72 -28.59 -28.97 -29.56 -30.03 -30.56 -31.25 -31.94 -32.62 -33.22 -33.84 -34.47 -35.03 -35.66 -36.28 -36.91 -37.59 -38.25 -38.91 -39.56 -40.19 -40.78 -41.31 -41.84 -42.31 -42.72 -43.06 -43.34 -43.50 -43.62 -43.75 -43.84 -43.91 -43.88 -43.81 -43.81 -43.81 -43.91 -44.06 -44.28 -44.50 -44.75 -45.03 -45.31 -45.62 -45.91 -46.19 -46.50 -46.81 -47.12 -47.44 -47.72 -48.00
