everonasctiles/Tile[14,30].asc
ncols 128
nrows 128
xllcorner 0
yllcorner 0
cellsize 2.0
NODATA_value  -9999
[rows 34 to 67 of 128, columns 0 to 75 of 128]
-17.88 -17.50 -17.16 -16.75 -16.47 -16.12 -15.75 -15.41 -15.19 -14.94 -14.72 -14.47 -14.25 -14.06 -13.91 -13.78 -13.59 -13.47 -13.38 -13.28 -13.16 -13.03 -12.94 -12.81 -12.69 -12.56 -12.44 -12.34 -12.22 -12.09 -11.94 -11.81 -11.66 -11.53 -11.38 -11.22 -11.06 -10.94 -10.78 -10.66 -10.53 -10.38 -10.25 -10.09 -9.97 -9.84 -9.69 -9.53 -9.41 -9.25 -9.09 -8.97 -8.84 -8.72 -8.62 -8.53 -8.44 -8.38 -8.34 -8.28 -8.28 -8.31 -8.38 -8.44 -8.47 -8.53 -8.56 -8.53 -8.44 -8.31 -8.16 -7.94 -7.72 -7.50 -7.28 -7.06
-18.03 -17.69 -17.28 -16.88 -16.47 -16.09 -15.72 -15.44 -15.22 -14.97 -14.72 -14.53 -14.31 -14.09 -13.91 -13.78 -13.62 -13.47 -13.41 -13.28 -13.19 -13.06 -12.97 -12.84 -12.72 -12.59 -12.47 -12.38 -12.25 -12.12 -12.00 -11.84 -11.69 -11.56 -11.41 -11.25 -11.12 -10.97 -10.84 -10.69 -10.56 -10.41 -10.28 -10.12 -9.97 -9.84 -9.69 -9.53 -9.38 -9.22 -9.09 -8.94 -8.81 -8.69 -8.56 -8.47 -8.38 -8.31 -8.28 -8.25 -8.25 -8.28 -8.31 -8.38 -8.44 -8.47 -8.50 -8.47 -8.41 -8.28 -8.09 -7.91 -7.69 -7.47 -7.25 -7.03
-18.22 -17.78 -17.34 -16.97 -16.56 -16.19 -15.84 -15.56 -15.28 -15.06 -14.81 -14.62 -14.41 -14.19 -14.00 -13.81 -13.66 -13.50 -13.44 -13.34 -13.22 -13.09 -13.00 -12.88 -12.78 -12.66 -12.50 -12.38 -12.25 -12.16 -12.03 -11.88 -11.72 -11.59 -11.44 -11.31 -11.16 -11.00 -10.88 -10.72 -10.56 -10.41 -10.28 -10.12 -9.97 -9.81 -9.66 -9.50 -9.34 -9.19 -9.03 -8.91 -8.75 -8.62 -8.50 -8.41 -8.31 -8.25 -8.22 -8.19 -8.19 -8.25 -8.28 -8.31 -8.38 -8.41 -8.41 -8.41 -8.31 -8.19 -8.03 -7.84 -7.62 -7.41 -7.19 -6.97
-18.34 -17.84 -17.41 -16.97 -16.59 -16.25 -15.94 -15.66 -15.34 -15.09 -14.84 -14.62 -14.41 -14.22 -14.00 -13.81 -13.66 -13.50 -13.44 -13.34 -13.25 -13.16 -13.06 -12.94 -12.84 -12.72 -12.56 -12.44 -12.31 -12.16 -12.03 -11.91 -11.75 -11.59 -11.44 -11.34 -11.19 -11.03 -10.88 -10.72 -10.56 -10.41 -10.25 -10.12 -9.97 -9.81 -9.62 -9.47 -9.31 -9.16 -9.00 -8.84 -8.69 -8.56 -8.44 -8.34 -8.25 -8.19 -8.16 -8.16 -8.16 -8.22 -8.25 -8.31 -8.34 -8.34 -8.34 -8.31 -8.25 -8.12 -7.97 -7.78 -7.56 -7.34 -7.12 -6.91
-18.38 -17.91 -17.44 -17.00 -16.56 -16.25 -15.94 -15.62 -15.28 -14.94 -14.69 -14.50 -14.34 -14.16 -13.97 -13.75 -13.66 -13.56 -13.47 -13.38 -13.28 -13.19 -13.09 -13.00 -12.88 -12.75 -12.59 -12.47 -12.34 -12.19 -12.06 -11.91 -11.75 -11.59 -11.47 -11.31 -11.19 -11.03 -10.88 -10.69 -10.53 -10.38 -10.22 -10.09 -9.94 -9.75 -9.59 -9.41 -9.25 -9.09 -8.91 -8.75 -8.62 -8.50 -8.38 -8.25 -8.19 -8.12 -8.09 -8.09 -8.12 -8.19 -8.22 -8.28 -8.31 -8.31 -8.31 -8.25 -8.19 -8.06 -7.91 -7.72 -7.50 -7.28 -7.06 -6.88
-18.41 -17.97 -17.50 -17.00 -16.59 -16.22 -15.88 -15.53 -15.22 -14.94 -14.72 -14.53 -14.31 -14.12 -13.94 -13.78 -13.69 -13.66 -13.56 -13.44 -13.31 -13.19 -13.06 -12.97 -12.84 -12.72 -12.59 -12.47 -12.34 -12.19 -12.03 -11.88 -11.75 -11.59 -11.44 -11.31 -11.16 -11.00 -10.84 -10.66 -10.50 -10.34 -10.19 -10.03 -9.88 -9.72 -9.53 -9.34 -9.19 -9.00 -8.84 -8.69 -8.53 -8.41 -8.28 -8.19 -8.09 -8.03 -8.03 -8.03 -8.06 -8.12 -8.22 -8.25 -8.28 -8.31 -8.28 -8.22 -8.12 -8.00 -7.84 -7.66 -7.44 -7.22 -7.00 -6.78
-18.44 -17.97 -17.47 -17.00 -16.59 -16.22 -15.91 -15.59 -15.28 -15.03 -14.78 -14.56 -14.38 -14.16 -13.94 -13.81 -13.66 -13.56 -13.50 -13.44 -13.31 -13.19 -13.03 -12.91 -12.81 -12.72 -12.59 -12.47 -12.31 -12.19 -12.03 -11.88 -11.72 -11.56 -11.41 -11.25 -11.09 -10.94 -10.78 -10.62 -10.47 -10.31 -10.16 -9.97 -9.81 -9.62 -9.47 -9.28 -9.09 -8.91 -8.75 -8.59 -8.44 -8.31 -8.22 -8.12 -8.03 -7.97 -7.94 -7.97 -8.00 -8.09 -8.16 -8.25 -8.28 -8.28 -8.25 -8.19 -8.09 -7.97 -7.81 -7.59 -7.34 -7.09 -6.88 -6.66
-18.47 -18.00 -17.50 -17.06 -16.66 -16.25 -15.88 -15.59 -15.31 -15.06 -14.84 -14.62 -14.44 -14.22 -14.00 -13.91 -13.72 -13.56 -13.47 -13.38 -13.28 -13.19 -13.06 -12.91 -12.78 -12.66 -12.56 -12.44 -12.28 -12.12 -11.97 -11.81 -11.69 -11.50 -11.34 -11.19 -11.03 -10.88 -10.72 -10.56 -10.38 -10.22 -10.06 -9.91 -9.72 -9.56 -9.38 -9.19 -9.00 -8.81 -8.62 -8.47 -8.34 -8.22 -8.12 -8.03 -7.94 -7.91 -7.88 -7.91 -7.94 -8.03 -8.12 -8.19 -8.25 -8.25 -8.25 -8.16 -8.06 -7.91 -7.72 -7.47 -7.22 -6.97 -6.75 -6.53
-18.56 -18.06 -17.50 -17.06 -16.66 -16.28 -15.91 -15.62 -15.31 -15.06 -14.84 -14.62 -14.44 -14.22 -14.06 -13.91 -13.75 -13.66 -13.44 -13.31 -13.19 -13.09 -13.00 -12.88 -12.75 -12.62 -12.50 -12.38 -12.22 -12.06 -11.91 -11.75 -11.59 -11.41 -11.25 -11.06 -10.94 -10.78 -10.62 -10.44 -10.28 -10.12 -9.97 -9.81 -9.62 -9.44 -9.25 -9.06 -8.88 -8.69 -8.53 -8.38 -8.25 -8.12 -8.03 -7.94 -7.88 -7.84 -7.81 -7.84 -7.91 -7.97 -8.06 -8.16 -8.22 -8.25 -8.22 -8.12 -8.00 -7.81 -7.59 -7.38 -7.09 -6.84 -6.62 -6.38
-18.66 -18.09 -17.56 -17.16 -16.72 -16.31 -15.97 -15.66 -15.34 -15.06 -14.84 -14.62 -14.34 -14.16 -14.00 -13.81 -13.72 -13.62 -13.47 -13.28 -13.16 -13.03 -12.94 -12.81 -12.69 -12.56 -12.44 -12.28 -12.12 -11.97 -11.81 -11.62 -11.47 -11.31 -11.12 -10.97 -10.81 -10.66 -10.50 -10.34 -10.19 -10.03 -9.88 -9.69 -9.50 -9.31 -9.12 -8.94 -8.75 -8.56 -8.41 -8.25 -8.12 -8.03 -7.94 -7.88 -7.81 -7.78 -7.78 -7.78 -7.84 -7.94 -8.03 -8.12 -8.19 -8.22 -8.19 -8.09 -7.94 -7.72 -7.50 -7.25 -7.00 -6.75 -6.50 -6.28
-18.78 -18.25 -17.69 -17.22 -16.78 -16.34 -15.94 -15.59 -15.28 -15.06 -14.81 -14.53 -14.28 -14.12 -13.97 -13.78 -13.69 -13.53 -13.38 -13.25 -13.09 -12.97 -12.81 -12.69 -12.56 -12.44 -12.31 -12.16 -12.03 -11.88 -11.69 -11.53 -11.34 -11.19 -11.03 -10.84 -10.69 -10.53 -10.38 -10.25 -10.06 -9.91 -9.75 -9.56 -9.38 -9.22 -9.00 -8.81 -8.62 -8.44 -8.28 -8.16 -8.03 -7.94 -7.88 -7.81 -7.75 -7.75 -7.72 -7.75 -7.81 -7.91 -8.03 -8.12 -8.16 -8.19 -8.12 -8.00 -7.84 -7.62 -7.38 -7.12 -6.88 -6.62 -6.38 -6.16
-18.78 -18.25 -17.69 -17.22 -16.84 -16.44 -16.03 -15.62 -15.34 -15.06 -14.81 -14.50 -14.28 -14.12 -13.94 -13.78 -13.62 -13.44 -13.28 -13.16 -13.03 -12.88 -12.72 -12.59 -12.47 -12.31 -12.19 -12.06 -11.94 -11.81 -11.62 -11.41 -11.22 -11.06 -10.91 -10.75 -10.56 -10.41 -10.25 -10.09 -9.94 -9.78 -9.59 -9.44 -9.25 -9.06 -8.88 -8.69 -8.50 -8.34 -8.19 -8.03 -7.94 -7.84 -7.78 -7.75 -7.72 -7.72 -7.72 -7.75 -7.81 -7.94 -8.03 -8.12 -8.16 -8.16 -8.06 -7.94 -7.75 -7.53 -7.25 -7.00 -6.72 -6.47 -6.25 -6.03
-18.75 -18.22 -17.62 -17.12 -16.75 -16.34 -16.00 -15.66 -15.34 -15.03 -14.75 -14.50 -14.28 -14.12 -13.97 -13.78 -13.59 -13.41 -13.25 -13.12 -13.00 -12.84 -12.72 -12.56 -12.41 -12.25 -12.09 -11.97 -11.84 -11.69 -11.47 -11.28 -11.09 -10.94 -10.78 -10.59 -10.41 -10.25 -10.09 -9.94 -9.78 -9.62 -9.44 -9.28 -9.09 -8.94 -8.75 -8.56 -8.41 -8.22 -8.06 -7.94 -7.84 -7.78 -7.72 -7.69 -7.69 -7.69 -7.72 -7.78 -7.84 -7.94 -8.03 -8.09 -8.12 -8.09 -8.00 -7.84 -7.62 -7.38 -7.12 -6.84 -6.56 -6.31 -6.09 -5.91
-18.72 -18.19 -17.59 -17.09 -16.66 -16.22 -15.84 -15.56 -15.25 -14.94 -14.69 -14.44 -14.28 -14.09 -13.94 -13.75 -13.59 -13.44 -13.28 -13.09 -12.97 -12.84 -12.69 -12.50 -12.31 -12.16 -11.97 -11.81 -11.66 -11.50 -11.34 -11.19 -10.97 -10.78 -10.62 -10.47 -10.28 -10.12 -9.94 -9.78 -9.62 -9.47 -9.31 -9.12 -8.97 -8.78 -8.62 -8.44 -8.28 -8.12 -7.97 -7.88 -7.78 -7.72 -7.69 -7.66 -7.69 -7.69 -7.75 -7.81 -7.91 -8.00 -8.06 -8.09 -8.06 -8.00 -7.88 -7.69 -7.47 -7.22 -6.94 -6.66 -6.38 -6.12 -5.91 -5.75
-18.75 -18.19 -17.62 -17.09 -16.62 -16.22 -15.81 -15.47 -15.19 -14.91 -14.66 -14.44 -14.22 -14.06 -13.91 -13.72 -13.56 -13.41 -13.22 -13.06 -12.91 -12.72 -12.56 -12.38 -12.22 -12.06 -11.84 -11.62 -11.47 -11.34 -11.22 -11.06 -10.88 -10.66 -10.50 -10.34 -10.12 -9.97 -9.78 -9.62 -9.47 -9.31 -9.16 -8.97 -8.81 -8.66 -8.50 -8.34 -8.19 -8.03 -7.91 -7.81 -7.72 -7.69 -7.66 -7.66 -7.69 -7.75 -7.78 -7.88 -7.94 -8.03 -8.06 -8.03 -7.94 -7.81 -7.66 -7.44 -7.22 -6.97 -6.69 -6.41 -6.16 -5.91 -5.72 -5.62
-18.75 -18.22 -17.66 -17.16 -16.66 -16.25 -15.91 -15.53 -15.22 -14.94 -14.69 -14.47 -14.25 -14.06 -13.91 -13.69 -13.50 -13.31 -13.12 -12.97 -12.78 -12.59 -12.44 -12.25 -12.09 -11.91 -11.69 -11.53 -11.34 -11.19 -11.03 -10.91 -10.72 -10.53 -10.34 -10.16 -9.97 -9.78 -9.62 -9.47 -9.31 -9.16 -9.00 -8.84 -8.69 -8.53 -8.38 -8.22 -8.09 -7.97 -7.84 -7.75 -7.69 -7.66 -7.66 -7.69 -7.72 -7.78 -7.84 -7.94 -8.00 -8.03 -7.97 -7.88 -7.72 -7.53 -7.34 -7.12 -6.91 -6.66 -6.41 -6.19 -5.94 -5.75 -5.62 -5.56
-18.84 -18.28 -17.78 -17.25 -16.78 -16.38 -16.00 -15.62 -15.31 -15.03 -14.75 -14.50 -14.28 -14.06 -13.88 -13.69 -13.44 -13.22 -13.06 -12.88 -12.72 -12.53 -12.34 -12.16 -11.97 -11.75 -11.56 -11.44 -11.28 -11.09 -10.91 -10.72 -10.56 -10.38 -10.19 -10.00 -9.81 -9.59 -9.44 -9.28 -9.16 -9.00 -8.84 -8.69 -8.56 -8.41 -8.28 -8.12 -8.00 -7.91 -7.81 -7.72 -7.69 -7.66 -7.69 -7.72 -7.78 -7.84 -7.91 -7.97 -8.00 -7.97 -7.81 -7.59 -7.38 -7.16 -6.97 -6.75 -6.56 -6.34 -6.16 -5.94 -5.78 -5.66 -5.59 -5.59
-18.97 -18.47 -17.91 -17.38 -16.91 -16.44 -16.00 -15.62 -15.31 -14.97 -14.72 -14.47 -14.19 -13.91 -13.72 -13.50 -13.25 -13.09 -12.97 -12.78 -12.59 -12.38 -12.19 -12.03 -11.88 -11.69 -11.50 -11.31 -11.16 -10.97 -10.78 -10.56 -10.38 -10.19 -10.00 -9.81 -9.62 -9.44 -9.28 -9.12 -9.00 -8.84 -8.72 -8.56 -8.44 -8.31 -8.19 -8.06 -7.97 -7.88 -7.78 -7.72 -7.69 -7.69 -7.72 -7.78 -7.84 -7.91 -7.97 -8.00 -7.97 -7.81 -7.53 -7.22 -6.97 -6.75 -6.53 -6.34 -6.19 -6.03 -5.88 -5.78 -5.69 -5.62 -5.62 -5.66
-18.97 -18.44 -17.97 -17.53 -17.00 -16.47 -16.03 -15.62 -15.28 -14.97 -14.69 -14.44 -14.16 -13.84 -13.59 -13.38 -13.16 -13.00 -12.84 -12.69 -12.47 -12.25 -12.09 -11.94 -11.75 -11.56 -11.38 -11.19 -11.00 -10.81 -10.62 -10.41 -10.22 -10.03 -9.84 -9.62 -9.47 -9.28 -9.12 -9.00 -8.84 -8.72 -8.59 -8.47 -8.34 -8.22 -8.12 -8.00 -7.94 -7.84 -7.78 -7.75 -7.72 -7.75 -7.78 -7.84 -7.91 -7.97 -8.00 -8.00 -7.88 -7.53 -7.16 -6.84 -6.59 -6.38 -6.19 -5.97 -5.81 -5.69 -5.62 -5.59 -5.59 -5.62 -5.66 -5.72
-18.91 -18.38 -17.94 -17.56 -17.06 -16.56 -16.09 -15.69 -15.34 -14.97 -14.66 -14.34 -14.12 -13.84 -13.59 -13.34 -13.16 -12.97 -12.78 -12.56 -12.34 -12.19 -12.00 -11.78 -11.56 -11.38 -11.16 -11.00 -10.84 -10.66 -10.44 -10.25 -10.03 -9.84 -9.69 -9.50 -9.31 -9.16 -9.00 -8.84 -8.72 -8.59 -8.47 -8.34 -8.25 -8.16 -8.06 -7.97 -7.91 -7.84 -7.81 -7.78 -7.78 -7.81 -7.88 -7.94 -7.97 -8.03 -8.03 -7.97 -7.69 -7.25 -6.84 -6.53 -6.31 -6.12 -5.91 -5.69 -5.50 -5.38 -5.31 -5.38 -5.50 -5.59 -5.69 -5.78
-18.88 -18.31 -17.91 -17.53 -17.12 -16.66 -16.25 -15.81 -15.38 -15.06 -14.75 -14.44 -14.16 -13.91 -13.66 -13.44 -13.19 -12.94 -12.69 -12.47 -12.28 -12.06 -11.84 -11.62 -11.41 -11.19 -11.00 -10.84 -10.66 -10.50 -10.31 -10.12 -9.91 -9.69 -9.50 -9.34 -9.19 -9.03 -8.88 -8.72 -8.59 -8.47 -8.38 -8.28 -8.19 -8.09 -8.03 -7.94 -7.91 -7.84 -7.84 -7.84 -7.84 -7.91 -7.94 -8.00 -8.03 -8.06 -8.03 -7.88 -7.47 -6.97 -6.56 -6.31 -6.12 -5.94 -5.72 -5.47 -5.25 -5.09 -5.03 -5.12 -5.34 -5.53 -5.66 -5.78
-19.00 -18.47 -18.03 -17.62 -17.16 -16.69 -16.31 -15.94 -15.53 -15.22 -14.97 -14.69 -14.34 -14.00 -13.69 -13.47 -13.22 -12.97 -12.72 -12.44 -12.22 -12.00 -11.75 -11.50 -11.28 -11.09 -10.88 -10.69 -10.50 -10.31 -10.12 -9.94 -9.75 -9.56 -9.38 -9.22 -9.03 -8.88 -8.75 -8.62 -8.50 -8.38 -8.28 -8.19 -8.09 -8.03 -8.00 -7.94 -7.91 -7.88 -7.88 -7.91 -7.94 -7.97 -8.03 -8.06 -8.09 -8.09 -8.03 -7.75 -7.28 -6.75 -6.41 -6.19 -5.97 -5.75 -5.53 -5.28 -5.03 -4.84 -4.75 -4.84 -5.12 -5.38 -5.56 -5.69
-19.22 -18.66 -18.22 -17.75 -17.25 -16.75 -16.31 -15.94 -15.66 -15.38 -15.03 -14.72 -14.34 -13.97 -13.62 -13.38 -13.16 -12.91 -12.62 -12.34 -12.09 -11.88 -11.62 -11.41 -11.19 -10.97 -10.78 -10.56 -10.34 -10.16 -9.97 -9.78 -9.59 -9.44 -9.25 -9.09 -8.97 -8.81 -8.62 -8.50 -8.41 -8.31 -8.22 -8.12 -8.06 -8.03 -8.00 -7.97 -7.94 -7.94 -7.94 -7.97 -8.00 -8.03 -8.09 -8.12 -8.12 -8.09 -7.97 -7.66 -7.12 -6.59 -6.22 -5.97 -5.75 -5.56 -5.31 -5.06 -4.81 -4.59 -4.50 -4.62 -4.94 -5.22 -5.41 -5.53
-19.38 -18.84 -18.34 -17.84 -17.34 -16.84 -16.44 -16.06 -15.75 -15.44 -15.06 -14.69 -14.34 -14.00 -13.69 -13.38 -13.09 -12.81 -12.53 -12.28 -12.03 -11.78 -11.53 -11.31 -11.09 -10.88 -10.62 -10.44 -10.22 -10.03 -9.81 -9.66 -9.47 -9.31 -9.16 -9.03 -8.88 -8.72 -8.59 -8.44 -8.34 -8.25 -8.16 -8.09 -8.06 -8.03 -8.00 -7.97 -7.97 -7.97 -7.97 -8.03 -8.06 -8.12 -8.16 -8.16 -8.16 -8.09 -7.91 -7.50 -6.94 -6.38 -5.97 -5.69 -5.47 -5.25 -5.03 -4.78 -4.56 -4.34 -4.28 -4.47 -4.84 -5.16 -5.31 -5.38
-19.53 -19.00 -18.50 -17.94 -17.50 -17.09 -16.62 -16.16 -15.78 -15.47 -15.09 -14.72 -14.31 -14.00 -13.75 -13.44 -13.06 -12.75 -12.47 -12.22 -11.97 -11.72 -11.47 -11.22 -11.00 -10.75 -10.53 -10.31 -10.12 -9.91 -9.72 -9.53 -9.38 -9.25 -9.09 -8.94 -8.78 -8.66 -8.53 -8.41 -8.28 -8.19 -8.12 -8.06 -8.03 -8.00 -8.00 -8.00 -8.00 -8.00 -8.03 -8.06 -8.12 -8.16 -8.19 -8.19 -8.12 -8.03 -7.78 -7.31 -6.72 -6.12 -5.72 -5.41 -5.16 -4.88 -4.62 -4.41 -4.19 -4.06 -4.06 -4.38 -4.81 -5.12 -5.22 -5.22
-19.75 -19.19 -18.66 -18.12 -17.66 -17.25 -16.78 -16.25 -15.88 -15.53 -15.16 -14.75 -14.34 -14.03 -13.69 -13.41 -13.09 -12.75 -12.44 -12.16 -11.91 -11.66 -11.41 -11.12 -10.88 -10.62 -10.41 -10.19 -10.00 -9.81 -9.62 -9.47 -9.28 -9.12 -8.97 -8.84 -8.72 -8.59 -8.44 -8.34 -8.25 -8.16 -8.12 -8.09 -8.03 -8.00 -8.00 -8.00 -8.00 -8.03 -8.06 -8.09 -8.16 -8.19 -8.22 -8.19 -8.09 -7.91 -7.56 -7.09 -6.50 -5.94 -5.47 -5.12 -4.78 -4.47 -4.22 -4.00 -3.88 -3.84 -4.00 -4.34 -4.75 -5.03 -5.12 -5.12
-19.81 -19.34 -18.88 -18.34 -17.84 -17.34 -16.88 -16.41 -15.97 -15.53 -15.19 -14.78 -14.41 -14.09 -13.75 -13.41 -13.06 -12.75 -12.47 -12.19 -11.84 -11.56 -11.31 -11.03 -10.78 -10.53 -10.34 -10.12 -9.91 -9.69 -9.53 -9.38 -9.19 -9.03 -8.88 -8.75 -8.62 -8.50 -8.41 -8.31 -8.22 -8.16 -8.12 -8.06 -8.03 -8.00 -7.97 -8.00 -8.00 -8.03 -8.06 -8.12 -8.19 -8.22 -8.22 -8.16 -8.00 -7.72 -7.31 -6.84 -6.28 -5.72 -5.25 -4.81 -4.44 -4.12 -3.88 -3.75 -3.75 -3.84 -4.06 -4.38 -4.69 -4.88 -5.00 -5.03
-19.97 -19.50 -19.03 -18.50 -18.00 -17.50 -17.03 -16.59 -16.09 -15.66 -15.25 -14.88 -14.44 -14.12 -13.78 -13.41 -13.06 -12.75 -12.47 -12.16 -11.84 -11.53 -11.25 -10.97 -10.72 -10.50 -10.25 -10.03 -9.84 -9.62 -9.44 -9.28 -9.12 -8.97 -8.84 -8.69 -8.59 -8.47 -8.38 -8.31 -8.22 -8.16 -8.09 -8.03 -8.00 -7.97 -7.97 -7.97 -8.00 -8.03 -8.06 -8.12 -8.16 -8.19 -8.19 -8.09 -7.84 -7.47 -7.00 -6.50 -6.03 -5.53 -5.03 -4.56 -4.16 -3.84 -3.69 -3.66 -3.78 -4.03 -4.28 -4.50 -4.66 -4.78 -4.88 -4.94
-20.25 -19.69 -19.19 -18.66 -18.16 -17.66 -17.19 -16.72 -16.22 -15.72 -15.31 -14.94 -14.50 -14.16 -13.81 -13.44 -13.06 -12.75 -12.44 -12.09 -11.78 -11.47 -11.19 -10.88 -10.62 -10.41 -10.16 -9.94 -9.72 -9.53 -9.34 -9.19 -9.06 -8.91 -8.75 -8.66 -8.56 -8.47 -8.34 -8.28 -8.19 -8.12 -8.06 -8.00 -7.97 -7.94 -7.94 -7.94 -7.97 -8.00 -8.03 -8.09 -8.12 -8.16 -8.12 -8.00 -7.66 -7.19 -6.62 -6.12 -5.75 -5.34 -4.91 -4.47 -4.06 -3.75 -3.62 -3.66 -3.88 -4.19 -4.44 -4.59 -4.66 -4.69 -4.78 -4.84
-20.34 -19.78 -19.34 -18.84 -18.34 -17.88 -17.38 -16.88 -16.38 -15.88 -15.44 -15.00 -14.59 -14.19 -13.84 -13.44 -13.09 -12.75 -12.38 -12.00 -11.69 -11.38 -11.06 -10.84 -10.59 -10.34 -10.12 -9.88 -9.66 -9.44 -9.28 -9.12 -8.97 -8.81 -8.69 -8.56 -8.47 -8.38 -8.31 -8.22 -8.16 -8.06 -8.00 -7.97 -7.94 -7.91 -7.88 -7.91 -7.91 -7.94 -7.97 -8.03 -8.06 -8.09 -8.03 -7.84 -7.44 -6.84 -6.22 -5.78 -5.47 -5.19 -4.84 -4.47 -4.09 -3.78 -3.59 -3.66 -3.91 -4.22 -4.44 -4.53 -4.56 -4.59 -4.72 -4.81
-20.59 -20.09 -19.53 -19.00 -18.47 -18.00 -17.50 -17.03 -16.50 -15.97 -15.53 -15.06 -14.62 -14.25 -13.88 -13.50 -13.06 -12.66 -12.31 -11.97 -11.59 -11.25 -11.00 -10.75 -10.53 -10.34 -10.09 -9.84 -9.62 -9.41 -9.22 -9.06 -8.91 -8.75 -8.62 -8.50 -8.41 -8.31 -8.22 -8.16 -8.09 -8.03 -7.97 -7.91 -7.88 -7.84 -7.81 -7.81 -7.81 -7.84 -7.91 -7.94 -8.00 -8.00 -7.91 -7.69 -7.19 -6.50 -5.84 -5.44 -5.22 -5.03 -4.78 -4.47 -4.12 -3.81 -3.56 -3.56 -3.78 -4.09 -4.28 -4.34 -4.41 -4.50 -4.62 -4.81
-20.81 -20.28 -19.72 -19.12 -18.59 -18.06 -17.53 -17.00 -16.53 -16.03 -15.53 -15.06 -14.59 -14.19 -13.88 -13.50 -13.06 -12.69 -12.28 -11.88 -11.53 -11.25 -11.00 -10.75 -10.47 -10.25 -10.06 -9.81 -9.59 -9.38 -9.16 -9.00 -8.84 -8.69 -8.56 -8.44 -8.34 -8.25 -8.16 -8.06 -8.00 -7.94 -7.88 -7.81 -7.78 -7.75 -7.75 -7.72 -7.75 -7.78 -7.81 -7.84 -7.88 -7.88 -7.78 -7.50 -6.94 -6.16 -5.53 -5.16 -5.00 -4.84 -4.69 -4.41 -4.06 -3.72 -3.41 -3.38 -3.59 -3.91 -4.09 -4.16 -4.22 -4.34 -4.56 -4.78
-20.94 -20.34 -19.75 -19.16 -18.62 -18.09 -17.53 -17.00 -16.53 -16.03 -15.59 -15.12 -14.62 -14.22 -13.88 -13.47 -13.06 -12.66 -12.22 -11.84 -11.53 -11.28 -11.03 -10.78 -10.47 -10.19 -9.94 -9.72 -9.53 -9.31 -9.12 -8.97 -8.81 -8.66 -8.53 -8.41 -8.28 -8.19 -8.09 -8.00 -7.94 -7.88 -7.81 -7.75 -7.69 -7.66 -7.62 -7.62 -7.62 -7.66 -7.69 -7.72 -7.75 -7.72 -7.62 -7.31 -6.66 -5.91 -5.28 -4.94 -4.78 -4.69 -4.53 -4.28 -3.94 -3.53 -3.16 -3.16 -3.41 -3.75 -3.97 -4.00 -4.06 -4.22 -4.47 -4.72
-21.06 -20.44 -19.81 -19.22 -18.66 -18.19 -17.66 -17.12 -16.59 -16.12 -15.66 -15.19 -14.75 -14.31 -13.91 -13.47 -12.97 -12.56 -12.16 -11.88 -11.59 -11.31 -11.00 -10.72 -10.44 -10.12 -9.88 -9.62 -9.44 -9.28 -9.09 -8.91 -8.72 -8.56 -8.44 -8.31 -8.22 -8.09 -8.00 -7.91 -7.84 -7.78 -7.69 -7.62 -7.59 -7.56 -7.53 -7.50 -7.50 -7.53 -7.53 -7.59 -7.59 -7.56 -7.44 -7.06 -6.44 -5.69 -5.12 -4.81 -4.62 -4.53 -4.41 -4.12 -3.72 -3.25 -2.94 -3.00 -3.31 -3.66 -3.84 -3.91 -3.97 -4.12 -4.38 -4.69
