everonasctiles/Tile45,45.asc
ncols 128
nrows 128
xllcorner 0
yllcorner 0
cellsize 2.0
NODATA_value  -9999
[rows 64 to 95 of 128, columns 0 to 71 of 128]
-6.72 -6.97 -7.22 -7.50 -7.75 -8.03 -8.31 -8.62 -8.97 -9.34 -9.81 -10.28 -10.75 -11.22 -11.75 -12.28 -12.88 -13.47 -14.09 -14.75 -15.44 -16.12 -16.84 -17.66 -18.47 -19.31 -20.19 -21.03 -21.91 -22.81 -23.72 -24.62 -25.50 -26.41 -27.34 -28.25 -29.19 -30.16 -31.12 -32.12 -33.12 -34.12 -35.16 -36.19 -37.25 -38.34 -39.41 -40.47 -41.53 -42.56 -43.62 -44.66 -45.69 -46.69 -47.69 -48.72 -49.78 -50.81 -51.84 -52.91 -53.97 -54.97 -56.00 -57.00 -58.00 -58.97 -59.88 -60.72 -61.59 -62.44 -63.28 -64.06
-6.53 -6.78 -7.03 -7.28 -7.56 -7.81 -8.09 -8.41 -8.72 -9.09 -9.50 -9.97 -10.44 -10.94 -11.44 -11.97 -12.53 -13.16 -13.78 -14.41 -15.09 -15.78 -16.50 -17.28 -18.09 -18.94 -19.78 -20.62 -21.47 -22.34 -23.25 -24.12 -25.00 -25.88 -26.78 -27.69 -28.59 -29.50 -30.47 -31.44 -32.44 -33.44 -34.44 -35.47 -36.53 -37.59 -38.66 -39.72 -40.75 -41.81 -42.84 -43.88 -44.88 -45.91 -46.91 -47.97 -49.00 -50.03 -51.09 -52.16 -53.16 -54.16 -55.22 -56.28 -57.28 -58.28 -59.22 -60.12 -60.97 -61.84 -62.69 -63.47
-6.34 -6.56 -6.81 -7.09 -7.34 -7.59 -7.88 -8.16 -8.47 -8.81 -9.22 -9.69 -10.12 -10.62 -11.12 -11.66 -12.19 -12.81 -13.44 -14.06 -14.75 -15.44 -16.12 -16.88 -17.69 -18.53 -19.38 -20.19 -21.03 -21.91 -22.78 -23.66 -24.50 -25.34 -26.22 -27.09 -27.97 -28.88 -29.81 -30.78 -31.75 -32.72 -33.72 -34.75 -35.78 -36.84 -37.88 -38.94 -39.97 -41.00 -42.03 -43.06 -44.09 -45.09 -46.12 -47.16 -48.22 -49.25 -50.28 -51.31 -52.34 -53.34 -54.41 -55.47 -56.53 -57.53 -58.50 -59.44 -60.38 -61.25 -62.09 -62.91
-6.19 -6.34 -6.59 -6.84 -7.12 -7.38 -7.62 -7.91 -8.22 -8.53 -8.91 -9.34 -9.81 -10.31 -10.81 -11.31 -11.88 -12.47 -13.09 -13.72 -14.38 -15.06 -15.75 -16.47 -17.28 -18.09 -18.94 -19.78 -20.59 -21.47 -22.31 -23.16 -24.00 -24.84 -25.69 -26.53 -27.38 -28.28 -29.19 -30.09 -31.06 -32.03 -33.00 -34.03 -35.06 -36.09 -37.12 -38.16 -39.19 -40.22 -41.25 -42.25 -43.28 -44.28 -45.31 -46.34 -47.41 -48.44 -49.47 -50.50 -51.53 -52.56 -53.59 -54.66 -55.72 -56.72 -57.72 -58.69 -59.69 -60.59 -61.47 -62.31
-6.00 -6.16 -6.38 -6.59 -6.88 -7.12 -7.38 -7.66 -7.94 -8.25 -8.59 -9.03 -9.50 -9.97 -10.47 -10.97 -11.53 -12.09 -12.72 -13.34 -14.00 -14.69 -15.38 -16.06 -16.84 -17.66 -18.50 -19.31 -20.16 -20.97 -21.84 -22.66 -23.50 -24.31 -25.12 -25.97 -26.81 -27.66 -28.53 -29.47 -30.38 -31.34 -32.31 -33.31 -34.31 -35.34 -36.38 -37.41 -38.41 -39.41 -40.44 -41.44 -42.47 -43.47 -44.50 -45.53 -46.56 -47.62 -48.66 -49.69 -50.72 -51.75 -52.78 -53.81 -54.84 -55.84 -56.84 -57.88 -58.94 -59.88 -60.78 -61.66
-5.81 -5.94 -6.12 -6.34 -6.59 -6.84 -7.12 -7.38 -7.66 -7.97 -8.31 -8.69 -9.16 -9.62 -10.12 -10.62 -11.16 -11.72 -12.31 -12.97 -13.62 -14.28 -14.97 -15.66 -16.38 -17.19 -18.00 -18.84 -19.66 -20.50 -21.31 -22.16 -22.97 -23.78 -24.59 -25.44 -26.25 -27.09 -27.94 -28.81 -29.72 -30.66 -31.62 -32.59 -33.59 -34.59 -35.62 -36.62 -37.59 -38.62 -39.62 -40.62 -41.66 -42.62 -43.66 -44.69 -45.72 -46.75 -47.81 -48.88 -49.91 -50.94 -51.94 -52.97 -54.00 -55.00 -56.03 -57.09 -58.09 -59.09 -60.06 -60.97
-5.59 -5.75 -5.88 -6.06 -6.31 -6.56 -6.81 -7.09 -7.38 -7.66 -7.97 -8.34 -8.78 -9.25 -9.75 -10.25 -10.78 -11.34 -11.91 -12.56 -13.19 -13.88 -14.56 -15.22 -15.94 -16.69 -17.50 -18.34 -19.16 -19.97 -20.81 -21.62 -22.44 -23.25 -24.06 -24.88 -25.69 -26.50 -27.34 -28.22 -29.09 -30.00 -30.94 -31.88 -32.88 -33.88 -34.84 -35.84 -36.81 -37.81 -38.81 -39.81 -40.81 -41.81 -42.81 -43.84 -44.88 -45.91 -46.97 -48.00 -49.06 -50.06 -51.09 -52.09 -53.12 -54.16 -55.22 -56.25 -57.28 -58.28 -59.28 -60.22
-5.34 -5.50 -5.66 -5.78 -6.00 -6.25 -6.50 -6.75 -7.03 -7.34 -7.66 -8.00 -8.41 -8.88 -9.38 -9.88 -10.41 -10.94 -11.50 -12.12 -12.75 -13.41 -14.09 -14.78 -15.47 -16.19 -17.00 -17.81 -18.62 -19.44 -20.25 -21.09 -21.91 -22.72 -23.53 -24.31 -25.12 -25.94 -26.75 -27.59 -28.47 -29.34 -30.25 -31.19 -32.16 -33.12 -34.09 -35.06 -36.03 -37.00 -38.00 -38.97 -39.97 -40.94 -41.97 -43.00 -44.03 -45.06 -46.12 -47.16 -48.19 -49.22 -50.25 -51.28 -52.31 -53.34 -54.41 -55.44 -56.44 -57.44 -58.44 -59.41
-5.09 -5.25 -5.38 -5.50 -5.69 -5.91 -6.16 -6.41 -6.69 -6.97 -7.28 -7.62 -8.00 -8.47 -8.97 -9.47 -10.00 -10.53 -11.06 -11.66 -12.31 -12.94 -13.62 -14.31 -15.00 -15.69 -16.47 -17.28 -18.06 -18.88 -19.69 -20.53 -21.34 -22.16 -22.97 -23.78 -24.56 -25.34 -26.16 -27.00 -27.84 -28.72 -29.59 -30.50 -31.44 -32.38 -33.31 -34.28 -35.25 -36.19 -37.16 -38.12 -39.09 -40.09 -41.12 -42.12 -43.16 -44.22 -45.25 -46.28 -47.31 -48.34 -49.41 -50.44 -51.50 -52.53 -53.56 -54.56 -55.56 -56.62 -57.59 -58.59
-4.81 -4.94 -5.09 -5.22 -5.34 -5.53 -5.78 -6.03 -6.31 -6.59 -6.91 -7.25 -7.59 -8.03 -8.50 -9.03 -9.56 -10.09 -10.62 -11.22 -11.81 -12.47 -13.12 -13.81 -14.50 -15.19 -15.91 -16.69 -17.50 -18.28 -19.09 -19.94 -20.78 -21.59 -22.41 -23.19 -24.00 -24.78 -25.56 -26.41 -27.25 -28.09 -28.94 -29.84 -30.75 -31.66 -32.56 -33.50 -34.44 -35.38 -36.34 -37.28 -38.25 -39.25 -40.25 -41.28 -42.28 -43.34 -44.38 -45.41 -46.44 -47.47 -48.53 -49.56 -50.62 -51.69 -52.69 -53.69 -54.69 -55.75 -56.75 -57.78
-4.50 -4.62 -4.78 -4.91 -5.03 -5.19 -5.38 -5.62 -5.91 -6.19 -6.50 -6.84 -7.19 -7.59 -8.03 -8.56 -9.09 -9.66 -10.19 -10.72 -11.34 -11.97 -12.62 -13.28 -13.97 -14.66 -15.34 -16.09 -16.88 -17.69 -18.50 -19.31 -20.16 -20.97 -21.81 -22.62 -23.41 -24.19 -24.97 -25.78 -26.62 -27.44 -28.28 -29.16 -30.03 -30.94 -31.84 -32.75 -33.66 -34.56 -35.50 -36.44 -37.41 -38.38 -39.38 -40.41 -41.41 -42.44 -43.47 -44.53 -45.56 -46.59 -47.62 -48.69 -49.75 -50.81 -51.81 -52.84 -53.88 -54.91 -55.94 -56.94
-4.19 -4.31 -4.44 -4.56 -4.69 -4.84 -5.00 -5.22 -5.50 -5.78 -6.09 -6.41 -6.75 -7.12 -7.56 -8.06 -8.59 -9.16 -9.72 -10.25 -10.81 -11.44 -12.06 -12.72 -13.41 -14.06 -14.75 -15.47 -16.25 -17.06 -17.88 -18.69 -19.53 -20.34 -21.19 -22.00 -22.81 -23.59 -24.38 -25.16 -25.97 -26.81 -27.59 -28.47 -29.31 -30.19 -31.06 -31.97 -32.84 -33.75 -34.69 -35.62 -36.56 -37.53 -38.53 -39.50 -40.53 -41.56 -42.59 -43.62 -44.66 -45.72 -46.75 -47.78 -48.88 -49.94 -50.97 -52.00 -53.03 -54.06 -55.06 -56.03
-3.84 -3.97 -4.09 -4.22 -4.34 -4.47 -4.62 -4.81 -5.06 -5.34 -5.66 -5.97 -6.31 -6.69 -7.09 -7.56 -8.09 -8.62 -9.19 -9.75 -10.31 -10.91 -11.53 -12.16 -12.81 -13.47 -14.16 -14.84 -15.59 -16.38 -17.19 -18.03 -18.88 -19.72 -20.53 -21.38 -22.16 -22.94 -23.72 -24.50 -25.31 -26.12 -26.91 -27.75 -28.59 -29.44 -30.31 -31.19 -32.06 -32.94 -33.88 -34.78 -35.72 -36.69 -37.66 -38.62 -39.66 -40.66 -41.69 -42.72 -43.75 -44.81 -45.84 -46.94 -48.00 -49.03 -50.06 -51.12 -52.16 -53.16 -54.16 -55.12
-3.47 -3.59 -3.72 -3.84 -3.97 -4.09 -4.25 -4.41 -4.62 -4.88 -5.19 -5.50 -5.84 -6.22 -6.62 -7.06 -7.53 -8.09 -8.66 -9.22 -9.75 -10.34 -10.97 -11.59 -12.22 -12.88 -13.53 -14.22 -14.94 -15.69 -16.50 -17.34 -18.19 -19.03 -19.88 -20.69 -21.50 -22.28 -23.06 -23.84 -24.62 -25.41 -26.19 -27.00 -27.84 -28.66 -29.50 -30.38 -31.22 -32.12 -33.03 -33.94 -34.88 -35.81 -36.78 -37.75 -38.78 -39.78 -40.81 -41.84 -42.88 -43.91 -44.97 -46.03 -47.09 -48.12 -49.19 -50.22 -51.25 -52.28 -53.25 -54.25
-3.12 -3.22 -3.34 -3.47 -3.59 -3.72 -3.88 -4.03 -4.19 -4.44 -4.72 -5.03 -5.38 -5.75 -6.12 -6.53 -7.00 -7.53 -8.09 -8.66 -9.22 -9.78 -10.38 -11.00 -11.62 -12.25 -12.91 -13.56 -14.25 -15.00 -15.78 -16.62 -17.47 -18.31 -19.16 -20.00 -20.81 -21.59 -22.38 -23.12 -23.91 -24.66 -25.41 -26.22 -27.06 -27.88 -28.72 -29.56 -30.41 -31.28 -32.16 -33.06 -34.00 -34.94 -35.88 -36.88 -37.88 -38.91 -39.94 -40.94 -41.97 -43.03 -44.09 -45.16 -46.19 -47.22 -48.28 -49.31 -50.38 -51.38 -52.38 -53.34
-2.41 -2.53 -2.62 -2.72 -2.84 -3.00 -3.28 -3.56 -3.78 -3.97 -4.22 -4.50 -4.84 -5.25 -5.62 -6.03 -6.47 -6.97 -7.50 -8.06 -8.62 -9.19 -9.78 -10.38 -11.00 -11.62 -12.28 -12.91 -13.59 -14.28 -15.03 -15.84 -16.69 -17.53 -18.41 -19.25 -20.06 -20.88 -21.62 -22.38 -23.12 -23.88 -24.62 -25.44 -26.25 -27.06 -27.88 -28.72 -29.56 -30.44 -31.31 -32.22 -33.12 -34.06 -35.00 -36.00 -37.00 -38.00 -39.03 -40.06 -41.09 -42.12 -43.19 -44.25 -45.28 -46.34 -47.38 -48.44 -49.47 -50.47 -51.47 -52.47
-1.75 -1.91 -2.03 -2.12 -2.25 -2.38 -2.59 -3.00 -3.31 -3.47 -3.66 -3.94 -4.31 -4.72 -5.16 -5.53 -5.94 -6.41 -6.94 -7.50 -8.03 -8.59 -9.16 -9.75 -10.38 -11.00 -11.62 -12.25 -12.91 -13.59 -14.31 -15.09 -15.91 -16.75 -17.59 -18.47 -19.28 -20.09 -20.84 -21.59 -22.31 -23.06 -23.81 -24.59 -25.41 -26.22 -27.06 -27.88 -28.72 -29.59 -30.44 -31.34 -32.25 -33.16 -34.12 -35.12 -36.09 -37.12 -38.12 -39.16 -40.19 -41.22 -42.28 -43.31 -44.38 -45.44 -46.47 -47.53 -48.56 -49.56 -50.56 -51.59
-1.19 -1.34 -1.47 -1.56 -1.69 -1.78 -1.97 -2.25 -2.78 -2.88 -3.06 -3.34 -3.72 -4.16 -4.66 -5.03 -5.44 -5.88 -6.38 -6.91 -7.44 -8.00 -8.56 -9.12 -9.72 -10.34 -10.97 -11.59 -12.22 -12.91 -13.59 -14.34 -15.12 -15.94 -16.78 -17.62 -18.44 -19.25 -20.00 -20.75 -21.47 -22.22 -22.97 -23.75 -24.56 -25.38 -26.19 -27.00 -27.84 -28.69 -29.56 -30.44 -31.34 -32.28 -33.22 -34.22 -35.22 -36.22 -37.25 -38.25 -39.28 -40.31 -41.38 -42.41 -43.47 -44.53 -45.56 -46.59 -47.62 -48.66 -49.66 -50.69
-0.72 -0.81 -0.94 -1.06 -1.16 -1.25 -1.38 -1.53 -1.88 -2.19 -2.44 -2.72 -3.09 -3.56 -4.12 -4.53 -4.94 -5.34 -5.81 -6.31 -6.84 -7.38 -7.94 -8.50 -9.09 -9.66 -10.28 -10.88 -11.50 -12.16 -12.84 -13.56 -14.31 -15.09 -15.91 -16.75 -17.56 -18.34 -19.12 -19.84 -20.59 -21.34 -22.09 -22.88 -23.69 -24.50 -25.31 -26.12 -26.97 -27.81 -28.69 -29.56 -30.44 -31.38 -32.34 -33.31 -34.31 -35.31 -36.31 -37.34 -38.38 -39.44 -40.47 -41.50 -42.56 -43.59 -44.62 -45.69 -46.69 -47.72 -48.75 -49.75
-0.34 -0.41 -0.50 -0.59 -0.69 -0.78 -0.88 -1.06 -1.31 -1.53 -1.72 -1.88 -2.41 -2.97 -3.53 -4.00 -4.41 -4.81 -5.28 -5.75 -6.25 -6.78 -7.31 -7.88 -8.41 -9.00 -9.56 -10.19 -10.78 -11.44 -12.09 -12.78 -13.53 -14.28 -15.06 -15.84 -16.66 -17.44 -18.19 -18.94 -19.69 -20.44 -21.19 -22.00 -22.78 -23.59 -24.41 -25.25 -26.09 -26.94 -27.78 -28.66 -29.53 -30.47 -31.41 -32.41 -33.41 -34.41 -35.41 -36.41 -37.44 -38.50 -39.53 -40.59 -41.62 -42.66 -43.72 -44.75 -45.78 -46.78 -47.81 -48.84
-0.03 -0.06 -0.12 -0.19 -0.28 -0.38 -0.44 -0.62 -0.88 -1.06 -1.22 -1.38 -1.78 -2.31 -2.91 -3.44 -3.88 -4.28 -4.72 -5.19 -5.66 -6.16 -6.69 -7.22 -7.75 -8.31 -8.88 -9.47 -10.06 -10.69 -11.31 -12.00 -12.72 -13.44 -14.19 -14.94 -15.72 -16.50 -17.25 -18.00 -18.75 -19.50 -20.28 -21.06 -21.88 -22.69 -23.50 -24.34 -25.19 -26.03 -26.88 -27.75 -28.66 -29.56 -30.50 -31.47 -32.47 -33.47 -34.47 -35.47 -36.53 -37.56 -38.59 -39.66 -40.69 -41.75 -42.78 -43.81 -44.84 -45.88 -46.91 -47.91
0.12 0.16 0.09 0.09 0.03 -0.03 -0.06 -0.28 -0.50 -0.69 -0.88 -1.09 -1.38 -1.78 -2.31 -2.84 -3.28 -3.72 -4.12 -4.59 -5.06 -5.53 -6.03 -6.56 -7.09 -7.62 -8.19 -8.75 -9.34 -9.94 -10.56 -11.22 -11.91 -12.62 -13.34 -14.06 -14.81 -15.56 -16.31 -17.06 -17.81 -18.59 -19.34 -20.12 -20.94 -21.75 -22.59 -23.44 -24.28 -25.12 -25.97 -26.84 -27.72 -28.66 -29.59 -30.56 -31.56 -32.53 -33.53 -34.56 -35.59 -36.62 -37.66 -38.72 -39.75 -40.81 -41.84 -42.84 -43.88 -44.94 -45.97 -46.97
0.28 0.28 0.28 0.25 0.25 0.22 0.12 0.03 -0.19 -0.38 -0.56 -0.78 -1.03 -1.38 -1.78 -2.25 -2.66 -3.09 -3.53 -4.00 -4.44 -4.94 -5.41 -5.91 -6.44 -6.94 -7.50 -8.06 -8.62 -9.22 -9.81 -10.47 -11.12 -11.81 -12.50 -13.22 -13.94 -14.66 -15.41 -16.16 -16.91 -17.66 -18.41 -19.22 -20.00 -20.81 -21.66 -22.50 -23.34 -24.22 -25.06 -25.94 -26.81 -27.75 -28.69 -29.66 -30.62 -31.62 -32.62 -33.62 -34.69 -35.72 -36.75 -37.78 -38.81 -39.88 -40.88 -41.91 -42.94 -44.00 -45.03 -46.06
0.41 0.41 0.41 0.38 0.38 0.31 0.28 0.19 0.06 -0.09 -0.28 -0.47 -0.72 -1.00 -1.34 -1.72 -2.12 -2.53 -2.97 -3.41 -3.84 -4.31 -4.81 -5.28 -5.78 -6.31 -6.81 -7.38 -7.94 -8.50 -9.09 -9.72 -10.34 -11.00 -11.69 -12.38 -13.06 -13.78 -14.50 -15.25 -15.97 -16.75 -17.50 -18.28 -19.09 -19.91 -20.72 -21.56 -22.41 -23.28 -24.16 -25.03 -25.91 -26.81 -27.78 -28.72 -29.72 -30.69 -31.69 -32.72 -33.75 -34.78 -35.81 -36.88 -37.91 -38.94 -39.97 -40.97 -42.03 -43.06 -44.09 -45.12
0.56 0.56 0.56 0.53 0.50 0.44 0.38 0.31 0.22 0.12 -0.03 -0.19 -0.41 -0.66 -0.94 -1.28 -1.62 -2.00 -2.44 -2.84 -3.28 -3.75 -4.22 -4.69 -5.16 -5.66 -6.19 -6.72 -7.25 -7.81 -8.38 -9.00 -9.59 -10.25 -10.91 -11.56 -12.25 -12.94 -13.66 -14.38 -15.09 -15.84 -16.59 -17.38 -18.16 -18.97 -19.78 -20.62 -21.47 -22.34 -23.22 -24.09 -25.00 -25.91 -26.84 -27.81 -28.78 -29.78 -30.75 -31.78 -32.81 -33.84 -34.88 -35.94 -36.97 -38.00 -39.00 -40.03 -41.09 -42.12 -43.16 -44.19
0.72 0.78 0.72 0.66 0.59 0.56 0.50 0.41 0.34 0.28 0.16 0.03 -0.16 -0.38 -0.62 -0.91 -1.22 -1.56 -1.97 -2.38 -2.78 -3.22 -3.66 -4.12 -4.59 -5.06 -5.56 -6.09 -6.62 -7.16 -7.72 -8.28 -8.91 -9.50 -10.12 -10.78 -11.44 -12.12 -12.81 -13.53 -14.25 -14.97 -15.72 -16.47 -17.25 -18.06 -18.88 -19.72 -20.56 -21.41 -22.28 -23.16 -24.06 -24.97 -25.91 -26.88 -27.84 -28.84 -29.84 -30.88 -31.88 -32.91 -33.94 -34.97 -36.00 -37.03 -38.06 -39.09 -40.16 -41.19 -42.22 -43.25
0.78 0.81 0.91 0.78 0.72 0.69 0.62 0.56 0.50 0.44 0.34 0.22 0.06 -0.09 -0.31 -0.56 -0.88 -1.19 -1.56 -1.94 -2.31 -2.75 -3.16 -3.59 -4.06 -4.53 -5.00 -5.50 -6.03 -6.56 -7.09 -7.66 -8.22 -8.81 -9.44 -10.06 -10.69 -11.34 -12.03 -12.72 -13.41 -14.12 -14.88 -15.62 -16.38 -17.19 -17.97 -18.81 -19.62 -20.50 -21.38 -22.25 -23.12 -24.06 -24.97 -25.94 -26.91 -27.91 -28.91 -29.91 -30.94 -31.97 -33.00 -34.03 -35.06 -36.06 -37.09 -38.16 -39.19 -40.22 -41.28 -42.31
0.78 0.81 0.78 0.78 0.78 0.75 0.75 0.69 0.62 0.56 0.50 0.38 0.25 0.09 -0.09 -0.31 -0.56 -0.88 -1.19 -1.53 -1.91 -2.31 -2.72 -3.12 -3.56 -4.03 -4.47 -4.97 -5.47 -5.97 -6.50 -7.03 -7.59 -8.19 -8.75 -9.38 -10.00 -10.62 -11.28 -11.94 -12.62 -13.31 -14.03 -14.78 -15.53 -16.31 -17.09 -17.91 -18.75 -19.59 -20.44 -21.31 -22.22 -23.12 -24.06 -25.00 -25.97 -26.94 -27.94 -28.97 -29.97 -31.03 -32.03 -33.06 -34.09 -35.12 -36.16 -37.19 -38.22 -39.28 -40.31 -41.34
0.84 0.84 0.81 0.81 0.81 0.78 0.81 0.75 0.72 0.69 0.62 0.53 0.44 0.31 0.16 -0.06 -0.28 -0.56 -0.84 -1.16 -1.53 -1.88 -2.28 -2.66 -3.09 -3.53 -3.97 -4.44 -4.91 -5.41 -5.91 -6.44 -7.00 -7.53 -8.12 -8.72 -9.31 -9.94 -10.56 -11.22 -11.88 -12.56 -13.25 -13.97 -14.72 -15.47 -16.25 -17.06 -17.88 -18.69 -19.56 -20.41 -21.31 -22.22 -23.12 -24.06 -25.03 -26.00 -27.00 -28.00 -29.03 -30.06 -31.09 -32.09 -33.12 -34.16 -35.19 -36.22 -37.28 -38.31 -39.34 -40.38
1.00 1.12 1.00 0.94 0.91 0.88 0.88 0.84 0.84 0.81 0.78 0.72 0.62 0.53 0.38 0.22 0.00 -0.25 -0.50 -0.81 -1.12 -1.47 -1.84 -2.22 -2.62 -3.03 -3.47 -3.94 -4.38 -4.88 -5.38 -5.88 -6.41 -6.94 -7.50 -8.06 -8.66 -9.25 -9.88 -10.50 -11.16 -11.81 -12.50 -13.22 -13.94 -14.69 -15.44 -16.22 -17.00 -17.84 -18.66 -19.53 -20.41 -21.28 -22.22 -23.12 -24.09 -25.06 -26.06 -27.06 -28.06 -29.09 -30.12 -31.12 -32.16 -33.19 -34.22 -35.25 -36.31 -37.34 -38.38 -39.41
1.69 1.78 1.69 1.62 1.47 1.28 1.12 1.06 1.03 1.03 1.00 0.97 0.91 0.81 0.66 0.50 0.31 0.09 -0.16 -0.44 -0.75 -1.06 -1.44 -1.81 -2.22 -2.59 -3.00 -3.44 -3.88 -4.34 -4.84 -5.31 -5.84 -6.38 -6.91 -7.47 -8.03 -8.62 -9.22 -9.84 -10.47 -11.12 -11.78 -12.47 -13.19 -13.91 -14.66 -15.41 -16.19 -17.00 -17.81 -18.66 -19.53 -20.41 -21.31 -22.22 -23.16 -24.12 -25.09 -26.09 -27.09 -28.12 -29.12 -30.16 -31.16 -32.22 -33.25 -34.28 -35.34 -36.38 -37.38 -38.41
2.62 2.62 2.69 2.59 2.38 2.12 1.88 1.66 1.53 1.44 1.38 1.28 1.22 1.12 1.00 0.84 0.66 0.47 0.22 -0.06 -0.41 -0.75 -1.12 -1.47 -1.88 -2.28 -2.62 -2.97 -3.38 -3.84 -4.31 -4.78 -5.28 -5.81 -6.34 -6.88 -7.44 -8.00 -8.59 -9.19 -9.81 -10.44 -11.09 -11.78 -12.47 -13.16 -13.88 -14.62 -15.41 -16.19 -17.00 -17.81 -18.66 -19.53 -20.41 -21.31 -22.25 -23.19 -24.16 -25.12 -26.12 -27.12 -28.16 -29.16 -30.19 -31.22 -32.25 -33.28 -34.34 -35.38 -36.38 -37.44
