everonasctiles/Tile49,49.asc
ncols 128
nrows 128
xllcorner 0
yllcorner 0
cellsize 2.0
NODATA_value  -9999
[rows 58 to 86 of 128, columns 0 to 66 of 128]
-109.22 -109.09 -108.91 -108.66 -108.38 -108.09 -107.78 -107.47 -107.22 -106.94 -106.69 -106.44 -106.16 -105.88 -105.59 -105.34 -105.06 -104.81 -104.53 -104.28 -104.12 -104.03 -104.03 -104.03 -104.09 -104.22 -104.34 -104.53 -104.69 -104.88 -105.06 -105.25 -105.47 -105.66 -105.88 -106.09 -106.31 -106.53 -106.72 -106.91 -107.06 -107.25 -107.38 -107.53 -107.69 -107.81 -107.97 -108.16 -108.34 -108.53 -108.69 -108.81 -108.94 -109.06 -109.22 -109.44 -109.72 -110.00 -110.25 -110.50 -110.72 -110.91 -111.12 -111.34 -111.56 -111.81 -112.03
-109.66 -109.47 -109.28 -109.03 -108.75 -108.44 -108.16 -107.84 -107.59 -107.34 -107.06 -106.78 -106.50 -106.22 -105.94 -105.66 -105.38 -105.06 -104.75 -104.50 -104.34 -104.28 -104.25 -104.25 -104.28 -104.38 -104.50 -104.66 -104.84 -105.03 -105.22 -105.44 -105.62 -105.81 -106.03 -106.25 -106.47 -106.66 -106.88 -107.06 -107.22 -107.41 -107.56 -107.72 -107.88 -108.03 -108.19 -108.38 -108.53 -108.72 -108.91 -109.06 -109.19 -109.31 -109.41 -109.62 -109.88 -110.19 -110.47 -110.75 -111.00 -111.22 -111.44 -111.66 -111.88 -112.09 -112.34
-110.06 -109.88 -109.66 -109.38 -109.09 -108.81 -108.53 -108.25 -108.00 -107.72 -107.47 -107.16 -106.88 -106.62 -106.34 -106.03 -105.69 -105.34 -105.00 -104.72 -104.62 -104.56 -104.53 -104.50 -104.50 -104.56 -104.66 -104.81 -105.00 -105.19 -105.38 -105.59 -105.78 -106.00 -106.19 -106.41 -106.59 -106.81 -107.00 -107.19 -107.38 -107.56 -107.75 -107.91 -108.09 -108.25 -108.41 -108.59 -108.78 -108.97 -109.16 -109.31 -109.44 -109.56 -109.66 -109.81 -110.09 -110.41 -110.72 -111.03 -111.31 -111.53 -111.78 -112.00 -112.19 -112.41 -112.66
-110.44 -110.28 -110.03 -109.75 -109.47 -109.19 -108.91 -108.62 -108.38 -108.12 -107.88 -107.59 -107.31 -107.06 -106.75 -106.41 -106.03 -105.66 -105.25 -105.03 -104.94 -104.88 -104.84 -104.78 -104.75 -104.78 -104.84 -104.97 -105.16 -105.34 -105.53 -105.75 -105.94 -106.16 -106.34 -106.53 -106.75 -106.94 -107.12 -107.31 -107.53 -107.72 -107.91 -108.09 -108.28 -108.47 -108.66 -108.81 -109.00 -109.19 -109.38 -109.56 -109.72 -109.84 -109.94 -110.09 -110.34 -110.66 -110.97 -111.28 -111.59 -111.88 -112.09 -112.31 -112.53 -112.75 -112.97
-110.84 -110.66 -110.41 -110.12 -109.84 -109.53 -109.28 -109.03 -108.78 -108.56 -108.31 -108.06 -107.78 -107.50 -107.19 -106.78 -106.41 -105.97 -105.59 -105.38 -105.31 -105.25 -105.16 -105.09 -105.06 -105.03 -105.09 -105.19 -105.34 -105.53 -105.72 -105.91 -106.12 -106.31 -106.50 -106.69 -106.88 -107.06 -107.25 -107.44 -107.66 -107.84 -108.03 -108.25 -108.44 -108.66 -108.88 -109.06 -109.25 -109.47 -109.66 -109.84 -110.00 -110.12 -110.25 -110.38 -110.59 -110.91 -111.25 -111.59 -111.91 -112.19 -112.44 -112.69 -112.88 -113.09 -113.31
-111.25 -111.03 -110.78 -110.50 -110.19 -109.91 -109.66 -109.44 -109.22 -109.00 -108.78 -108.53 -108.25 -107.94 -107.56 -107.16 -106.75 -106.31 -105.97 -105.81 -105.69 -105.62 -105.53 -105.44 -105.38 -105.34 -105.34 -105.44 -105.56 -105.75 -105.94 -106.12 -106.31 -106.50 -106.66 -106.84 -107.00 -107.19 -107.38 -107.56 -107.75 -107.97 -108.16 -108.38 -108.59 -108.81 -109.06 -109.28 -109.53 -109.75 -109.94 -110.16 -110.31 -110.44 -110.56 -110.69 -110.91 -111.19 -111.53 -111.88 -112.19 -112.50 -112.78 -113.03 -113.22 -113.44 -113.66
-111.66 -111.44 -111.16 -110.84 -110.53 -110.25 -110.06 -109.88 -109.69 -109.47 -109.25 -109.00 -108.69 -108.34 -107.94 -107.50 -107.09 -106.66 -106.38 -106.22 -106.12 -106.00 -105.91 -105.81 -105.72 -105.66 -105.66 -105.72 -105.84 -106.00 -106.19 -106.38 -106.53 -106.72 -106.88 -107.00 -107.16 -107.34 -107.50 -107.69 -107.88 -108.09 -108.28 -108.50 -108.72 -108.97 -109.22 -109.50 -109.78 -110.03 -110.25 -110.47 -110.62 -110.78 -110.91 -111.03 -111.22 -111.50 -111.81 -112.16 -112.50 -112.81 -113.09 -113.34 -113.59 -113.78 -114.00
-112.06 -111.78 -111.50 -111.16 -110.84 -110.66 -110.50 -110.34 -110.16 -109.94 -109.72 -109.41 -109.06 -108.69 -108.25 -107.84 -107.41 -107.03 -106.81 -106.66 -106.53 -106.41 -106.28 -106.19 -106.06 -106.00 -105.97 -106.03 -106.16 -106.31 -106.50 -106.66 -106.81 -106.97 -107.09 -107.22 -107.34 -107.50 -107.66 -107.84 -108.06 -108.25 -108.47 -108.66 -108.88 -109.12 -109.38 -109.69 -110.00 -110.28 -110.56 -110.78 -110.97 -111.12 -111.25 -111.38 -111.53 -111.81 -112.12 -112.47 -112.81 -113.12 -113.44 -113.69 -113.94 -114.12 -114.34
-112.44 -112.16 -111.81 -111.47 -111.22 -111.09 -110.97 -110.81 -110.62 -110.41 -110.12 -109.81 -109.41 -109.00 -108.59 -108.16 -107.75 -107.41 -107.22 -107.06 -106.94 -106.81 -106.69 -106.56 -106.44 -106.34 -106.31 -106.38 -106.50 -106.66 -106.81 -106.97 -107.12 -107.25 -107.34 -107.47 -107.59 -107.72 -107.88 -108.06 -108.25 -108.47 -108.69 -108.91 -109.12 -109.34 -109.59 -109.91 -110.25 -110.56 -110.84 -111.12 -111.31 -111.47 -111.59 -111.72 -111.88 -112.12 -112.44 -112.78 -113.12 -113.47 -113.78 -114.03 -114.28 -114.50 -114.72
-112.81 -112.50 -112.16 -111.81 -111.66 -111.56 -111.44 -111.28 -111.06 -110.81 -110.50 -110.12 -109.72 -109.31 -108.88 -108.44 -108.06 -107.81 -107.62 -107.47 -107.34 -107.22 -107.09 -106.97 -106.81 -106.72 -106.69 -106.75 -106.84 -107.00 -107.16 -107.31 -107.44 -107.56 -107.66 -107.75 -107.88 -107.97 -108.12 -108.28 -108.47 -108.69 -108.94 -109.16 -109.41 -109.66 -109.91 -110.19 -110.53 -110.84 -111.16 -111.44 -111.66 -111.84 -111.97 -112.09 -112.22 -112.47 -112.75 -113.09 -113.44 -113.81 -114.12 -114.38 -114.62 -114.84 -115.06
-113.19 -112.88 -112.53 -112.28 -112.16 -112.06 -111.91 -111.72 -111.47 -111.16 -110.78 -110.41 -109.97 -109.56 -109.16 -108.75 -108.41 -108.19 -108.03 -107.91 -107.75 -107.62 -107.50 -107.34 -107.22 -107.12 -107.06 -107.09 -107.22 -107.34 -107.50 -107.66 -107.81 -107.91 -108.00 -108.09 -108.19 -108.28 -108.41 -108.56 -108.75 -108.97 -109.19 -109.47 -109.72 -109.97 -110.22 -110.50 -110.84 -111.16 -111.47 -111.75 -112.00 -112.22 -112.34 -112.47 -112.62 -112.81 -113.09 -113.44 -113.78 -114.12 -114.47 -114.75 -115.00 -115.22 -115.44
-113.59 -113.28 -113.00 -112.81 -112.69 -112.53 -112.34 -112.12 -111.81 -111.44 -111.06 -110.66 -110.25 -109.84 -109.44 -109.09 -108.81 -108.59 -108.44 -108.28 -108.16 -108.03 -107.88 -107.75 -107.59 -107.53 -107.47 -107.50 -107.56 -107.69 -107.84 -108.03 -108.16 -108.28 -108.38 -108.44 -108.53 -108.62 -108.75 -108.88 -109.03 -109.22 -109.47 -109.72 -110.00 -110.28 -110.56 -110.84 -111.16 -111.47 -111.78 -112.09 -112.34 -112.56 -112.72 -112.88 -113.03 -113.25 -113.50 -113.78 -114.12 -114.47 -114.81 -115.12 -115.38 -115.59 -115.81
-114.00 -113.75 -113.50 -113.31 -113.16 -113.00 -112.75 -112.47 -112.09 -111.69 -111.28 -110.91 -110.53 -110.16 -109.81 -109.50 -109.22 -109.00 -108.84 -108.69 -108.56 -108.41 -108.28 -108.12 -108.00 -107.91 -107.88 -107.88 -107.91 -108.03 -108.19 -108.34 -108.50 -108.62 -108.72 -108.81 -108.91 -109.00 -109.12 -109.25 -109.38 -109.53 -109.72 -109.97 -110.28 -110.59 -110.91 -111.22 -111.50 -111.81 -112.12 -112.41 -112.66 -112.91 -113.09 -113.28 -113.47 -113.69 -113.94 -114.19 -114.50 -114.84 -115.16 -115.47 -115.75 -116.00 -116.22
-114.44 -114.19 -113.97 -113.78 -113.62 -113.41 -113.12 -112.75 -112.38 -111.97 -111.56 -111.19 -110.88 -110.53 -110.19 -109.91 -109.62 -109.41 -109.22 -109.06 -108.94 -108.81 -108.66 -108.50 -108.38 -108.31 -108.28 -108.25 -108.28 -108.34 -108.50 -108.69 -108.84 -108.97 -109.09 -109.19 -109.28 -109.41 -109.50 -109.62 -109.75 -109.88 -110.03 -110.25 -110.53 -110.84 -111.19 -111.53 -111.88 -112.16 -112.47 -112.72 -113.00 -113.22 -113.44 -113.66 -113.88 -114.12 -114.38 -114.62 -114.91 -115.22 -115.53 -115.84 -116.12 -116.41 -116.62
-114.84 -114.62 -114.41 -114.22 -114.03 -113.78 -113.44 -113.06 -112.62 -112.22 -111.88 -111.56 -111.22 -110.91 -110.59 -110.28 -110.03 -109.78 -109.59 -109.47 -109.31 -109.19 -109.03 -108.88 -108.78 -108.72 -108.66 -108.62 -108.62 -108.66 -108.78 -108.97 -109.16 -109.31 -109.44 -109.53 -109.66 -109.81 -109.94 -110.03 -110.16 -110.28 -110.41 -110.53 -110.75 -111.09 -111.47 -111.84 -112.22 -112.53 -112.81 -113.09 -113.34 -113.56 -113.81 -114.03 -114.31 -114.56 -114.81 -115.06 -115.31 -115.62 -115.91 -116.22 -116.53 -116.78 -117.03
-115.25 -115.03 -114.81 -114.62 -114.41 -114.09 -113.75 -113.34 -112.94 -112.59 -112.25 -111.94 -111.62 -111.28 -110.97 -110.69 -110.41 -110.19 -110.00 -109.84 -109.69 -109.53 -109.38 -109.25 -109.16 -109.09 -109.06 -109.00 -108.97 -109.00 -109.09 -109.25 -109.47 -109.62 -109.78 -109.91 -110.06 -110.22 -110.34 -110.47 -110.59 -110.72 -110.84 -110.97 -111.09 -111.34 -111.75 -112.16 -112.56 -112.91 -113.22 -113.47 -113.69 -113.91 -114.16 -114.41 -114.69 -114.97 -115.25 -115.50 -115.78 -116.03 -116.31 -116.62 -116.94 -117.22 -117.47
-115.62 -115.41 -115.22 -115.03 -114.75 -114.44 -114.06 -113.69 -113.31 -112.97 -112.62 -112.31 -112.00 -111.66 -111.34 -111.06 -110.81 -110.56 -110.38 -110.22 -110.06 -109.91 -109.72 -109.59 -109.53 -109.47 -109.44 -109.38 -109.34 -109.31 -109.38 -109.53 -109.75 -109.94 -110.12 -110.28 -110.44 -110.62 -110.78 -110.91 -111.03 -111.16 -111.31 -111.47 -111.59 -111.75 -112.03 -112.47 -112.91 -113.28 -113.62 -113.88 -114.09 -114.31 -114.50 -114.75 -115.03 -115.34 -115.66 -115.94 -116.22 -116.47 -116.75 -117.03 -117.34 -117.62 -117.91
-116.00 -115.78 -115.59 -115.38 -115.09 -114.75 -114.41 -114.03 -113.69 -113.34 -113.00 -112.69 -112.38 -112.03 -111.75 -111.47 -111.22 -110.97 -110.78 -110.59 -110.44 -110.25 -110.09 -109.97 -109.91 -109.84 -109.81 -109.75 -109.69 -109.66 -109.66 -109.81 -110.03 -110.25 -110.47 -110.66 -110.84 -111.03 -111.19 -111.31 -111.47 -111.62 -111.78 -111.97 -112.12 -112.28 -112.47 -112.81 -113.25 -113.66 -114.03 -114.31 -114.53 -114.72 -114.91 -115.12 -115.41 -115.72 -116.03 -116.34 -116.66 -116.91 -117.19 -117.47 -117.78 -118.06 -118.34
-116.34 -116.16 -115.97 -115.72 -115.44 -115.12 -114.75 -114.41 -114.03 -113.69 -113.38 -113.03 -112.72 -112.41 -112.12 -111.88 -111.62 -111.41 -111.19 -110.97 -110.78 -110.59 -110.44 -110.34 -110.28 -110.25 -110.19 -110.12 -110.03 -109.97 -109.97 -110.09 -110.31 -110.53 -110.78 -111.00 -111.22 -111.41 -111.59 -111.72 -111.88 -112.06 -112.28 -112.50 -112.69 -112.88 -113.03 -113.25 -113.62 -114.06 -114.44 -114.78 -115.00 -115.19 -115.38 -115.53 -115.78 -116.09 -116.41 -116.75 -117.06 -117.34 -117.59 -117.88 -118.19 -118.50 -118.78
-116.69 -116.50 -116.31 -116.06 -115.78 -115.44 -115.09 -114.72 -114.38 -114.03 -113.69 -113.38 -113.09 -112.81 -112.53 -112.28 -112.03 -111.81 -111.56 -111.34 -111.12 -110.94 -110.81 -110.72 -110.66 -110.62 -110.56 -110.47 -110.38 -110.31 -110.28 -110.38 -110.59 -110.84 -111.09 -111.34 -111.56 -111.78 -111.97 -112.12 -112.28 -112.50 -112.75 -113.00 -113.22 -113.44 -113.62 -113.81 -114.03 -114.44 -114.84 -115.22 -115.47 -115.69 -115.84 -116.03 -116.22 -116.47 -116.78 -117.12 -117.44 -117.72 -118.00 -118.28 -118.56 -118.88 -119.22
-117.00 -116.81 -116.62 -116.41 -116.09 -115.75 -115.41 -115.03 -114.69 -114.34 -114.03 -113.72 -113.44 -113.19 -112.94 -112.72 -112.47 -112.22 -111.97 -111.72 -111.47 -111.31 -111.19 -111.09 -111.03 -111.00 -110.91 -110.81 -110.69 -110.62 -110.56 -110.69 -110.91 -111.16 -111.41 -111.66 -111.91 -112.12 -112.34 -112.50 -112.69 -112.91 -113.19 -113.47 -113.75 -114.00 -114.22 -114.41 -114.59 -114.88 -115.28 -115.66 -115.97 -116.19 -116.38 -116.53 -116.69 -116.94 -117.22 -117.50 -117.81 -118.12 -118.41 -118.66 -118.94 -119.25 -119.59
-117.31 -117.12 -116.94 -116.69 -116.38 -116.03 -115.69 -115.31 -114.97 -114.66 -114.34 -114.09 -113.84 -113.59 -113.38 -113.12 -112.88 -112.59 -112.31 -112.06 -111.84 -111.69 -111.56 -111.47 -111.41 -111.34 -111.25 -111.16 -111.03 -110.94 -110.88 -111.00 -111.22 -111.47 -111.72 -112.00 -112.25 -112.47 -112.69 -112.88 -113.09 -113.31 -113.59 -113.91 -114.22 -114.50 -114.78 -115.00 -115.19 -115.44 -115.75 -116.09 -116.44 -116.69 -116.88 -117.06 -117.22 -117.41 -117.66 -117.94 -118.25 -118.53 -118.81 -119.06 -119.31 -119.62 -119.94
-117.59 -117.44 -117.22 -116.97 -116.66 -116.31 -115.94 -115.59 -115.28 -114.97 -114.72 -114.47 -114.25 -114.00 -113.78 -113.53 -113.25 -112.97 -112.69 -112.41 -112.22 -112.06 -111.94 -111.84 -111.78 -111.69 -111.59 -111.47 -111.34 -111.25 -111.19 -111.34 -111.56 -111.81 -112.06 -112.31 -112.56 -112.78 -113.03 -113.25 -113.47 -113.72 -114.00 -114.31 -114.66 -115.00 -115.28 -115.56 -115.78 -116.00 -116.25 -116.56 -116.91 -117.19 -117.41 -117.59 -117.72 -117.91 -118.12 -118.41 -118.69 -118.97 -119.25 -119.50 -119.75 -119.97 -120.28
-117.88 -117.69 -117.47 -117.19 -116.88 -116.56 -116.22 -115.88 -115.59 -115.34 -115.09 -114.88 -114.66 -114.41 -114.16 -113.91 -113.59 -113.31 -113.03 -112.78 -112.59 -112.44 -112.31 -112.22 -112.12 -112.03 -111.91 -111.78 -111.66 -111.56 -111.53 -111.69 -111.91 -112.12 -112.38 -112.62 -112.84 -113.09 -113.31 -113.56 -113.84 -114.09 -114.41 -114.72 -115.06 -115.41 -115.75 -116.06 -116.34 -116.59 -116.81 -117.06 -117.38 -117.69 -117.94 -118.09 -118.25 -118.41 -118.62 -118.88 -119.16 -119.44 -119.72 -119.97 -120.19 -120.41 -120.62
-118.12 -117.94 -117.69 -117.41 -117.09 -116.78 -116.47 -116.19 -115.94 -115.69 -115.47 -115.25 -115.03 -114.78 -114.53 -114.25 -113.94 -113.66 -113.38 -113.12 -112.97 -112.81 -112.69 -112.56 -112.47 -112.34 -112.25 -112.12 -111.97 -111.88 -111.88 -112.03 -112.28 -112.50 -112.75 -112.97 -113.19 -113.38 -113.59 -113.84 -114.16 -114.47 -114.78 -115.12 -115.44 -115.81 -116.19 -116.53 -116.84 -117.12 -117.38 -117.59 -117.88 -118.16 -118.44 -118.62 -118.78 -118.91 -119.09 -119.34 -119.62 -119.91 -120.19 -120.44 -120.66 -120.84 -121.03
-118.31 -118.12 -117.88 -117.62 -117.31 -117.03 -116.75 -116.50 -116.28 -116.06 -115.88 -115.62 -115.38 -115.12 -114.84 -114.56 -114.28 -113.97 -113.72 -113.50 -113.31 -113.19 -113.03 -112.91 -112.81 -112.69 -112.56 -112.44 -112.31 -112.19 -112.22 -112.44 -112.62 -112.88 -113.09 -113.31 -113.53 -113.69 -113.88 -114.12 -114.44 -114.81 -115.16 -115.50 -115.84 -116.19 -116.56 -116.97 -117.31 -117.62 -117.88 -118.12 -118.38 -118.66 -118.91 -119.12 -119.28 -119.41 -119.56 -119.78 -120.09 -120.41 -120.69 -120.94 -121.16 -121.34 -121.50
-118.53 -118.31 -118.06 -117.81 -117.56 -117.28 -117.06 -116.84 -116.62 -116.44 -116.22 -115.97 -115.72 -115.44 -115.16 -114.88 -114.56 -114.31 -114.06 -113.84 -113.69 -113.53 -113.38 -113.25 -113.12 -113.03 -112.91 -112.75 -112.62 -112.53 -112.62 -112.81 -113.03 -113.25 -113.50 -113.69 -113.88 -114.03 -114.16 -114.38 -114.72 -115.09 -115.50 -115.88 -116.22 -116.56 -116.94 -117.34 -117.75 -118.09 -118.38 -118.62 -118.88 -119.12 -119.41 -119.62 -119.78 -119.91 -120.06 -120.25 -120.53 -120.84 -121.16 -121.44 -121.66 -121.84 -122.00
-118.69 -118.50 -118.25 -118.03 -117.78 -117.56 -117.34 -117.16 -116.94 -116.75 -116.53 -116.28 -116.00 -115.72 -115.44 -115.16 -114.88 -114.62 -114.38 -114.19 -114.00 -113.84 -113.72 -113.59 -113.47 -113.38 -113.25 -113.09 -112.97 -112.88 -113.00 -113.22 -113.44 -113.66 -113.88 -114.09 -114.28 -114.41 -114.53 -114.69 -115.00 -115.41 -115.81 -116.22 -116.59 -116.97 -117.31 -117.72 -118.12 -118.53 -118.84 -119.12 -119.38 -119.62 -119.88 -120.09 -120.28 -120.44 -120.56 -120.69 -120.94 -121.25 -121.59 -121.91 -122.12 -122.31 -122.50
-118.88 -118.66 -118.44 -118.25 -118.03 -117.84 -117.66 -117.44 -117.25 -117.03 -116.78 -116.53 -116.25 -115.97 -115.69 -115.44 -115.16 -114.91 -114.69 -114.50 -114.31 -114.16 -114.03 -113.91 -113.81 -113.69 -113.56 -113.44 -113.31 -113.22 -113.38 -113.62 -113.84 -114.06 -114.31 -114.50 -114.69 -114.81 -114.94 -115.06 -115.34 -115.75 -116.16 -116.59 -116.97 -117.34 -117.72 -118.09 -118.50 -118.91 -119.28 -119.59 -119.84 -120.09 -120.34 -120.56 -120.78 -120.94 -121.06 -121.19 -121.38 -121.69 -122.00 -122.34 -122.59 -122.81 -122.97
