everonasctiles/Tile[8,5].asc
ncols 128
nrows 128
xllcorner 0
yllcorner 0
cellsize 2.0
NODATA_value  -9999
[rows 0 to 32 of 128, columns 0 to 73 of 128]
-11.41 -11.47 -11.56 -11.66 -11.78 -11.91 -12.06 -12.19 -12.34 -12.47 -12.59 -12.72 -12.81 -12.91 -13.00 -13.09 -13.16 -13.19 -13.22 -13.22 -13.00 -12.97 -13.12 -13.09 -13.09 -13.22 -13.25 -13.31 -13.41 -13.56 -13.44 -13.38 -13.44 -13.50 -13.66 -13.81 -13.94 -14.16 -14.28 -14.31 -14.34 -14.50 -14.50 -14.22 -13.94 -13.81 -13.84 -13.91 -13.88 -13.81 -13.72 -13.66 -13.56 -13.44 -13.31 -13.19 -13.06 -12.91 -12.78 -12.62 -12.50 -12.34 -12.19 -12.06 -11.94 -11.78 -11.66 -11.53 -11.44 -11.41 -11.38 -11.31 -11.28 -11.22
-11.56 -11.62 -11.72 -11.81 -11.91 -12.03 -12.16 -12.28 -12.41 -12.53 -12.66 -12.78 -12.88 -12.97 -13.06 -13.12 -13.19 -13.25 -13.28 -13.28 -13.06 -13.12 -13.25 -13.25 -13.22 -13.22 -13.22 -13.16 -13.41 -13.53 -13.50 -13.44 -13.47 -13.38 -13.34 -13.50 -13.72 -14.00 -14.19 -14.28 -14.41 -14.47 -14.56 -14.56 -14.69 -14.59 -14.41 -14.22 -14.06 -14.00 -13.94 -13.84 -13.75 -13.62 -13.50 -13.34 -13.22 -13.06 -12.94 -12.78 -12.66 -12.50 -12.38 -12.25 -12.09 -11.97 -11.84 -11.72 -11.62 -11.59 -11.56 -11.53 -11.47 -11.44
-11.69 -11.78 -11.88 -11.94 -12.06 -12.16 -12.28 -12.41 -12.50 -12.62 -12.75 -12.84 -12.94 -13.06 -13.12 -13.19 -13.25 -13.31 -13.34 -13.34 -13.25 -13.38 -13.53 -13.53 -13.62 -13.53 -13.59 -13.72 -13.72 -13.50 -13.38 -13.44 -13.41 -13.34 -13.22 -13.25 -13.34 -13.47 -13.81 -14.16 -14.41 -14.44 -14.56 -14.69 -14.94 -15.00 -14.88 -14.59 -14.22 -14.16 -14.12 -14.03 -13.94 -13.81 -13.69 -13.53 -13.38 -13.22 -13.09 -12.94 -12.81 -12.69 -12.53 -12.41 -12.28 -12.16 -12.03 -11.91 -11.84 -11.81 -11.78 -11.72 -11.69 -11.62
-11.84 -11.94 -12.00 -12.09 -12.19 -12.28 -12.41 -12.50 -12.62 -12.75 -12.84 -12.94 -13.03 -13.12 -13.22 -13.28 -13.34 -13.38 -13.44 -13.44 -13.47 -13.56 -13.66 -13.66 -13.75 -13.78 -13.84 -13.84 -13.84 -13.50 -13.38 -13.34 -13.41 -13.47 -13.38 -13.25 -13.31 -13.53 -13.66 -13.94 -14.09 -14.25 -14.56 -14.78 -14.88 -14.97 -14.97 -14.91 -14.66 -14.41 -14.31 -14.22 -14.12 -14.00 -13.84 -13.69 -13.53 -13.38 -13.25 -13.09 -12.97 -12.84 -12.72 -12.59 -12.47 -12.34 -12.22 -12.12 -12.03 -12.00 -12.00 -11.94 -11.91 -11.84
-12.03 -12.09 -12.16 -12.25 -12.34 -12.44 -12.53 -12.62 -12.75 -12.84 -12.97 -13.06 -13.12 -13.22 -13.31 -13.38 -13.44 -13.50 -13.56 -13.62 -13.69 -13.84 -13.81 -13.75 -13.75 -13.72 -13.88 -13.97 -13.97 -13.88 -13.78 -13.62 -13.62 -13.66 -13.66 -13.62 -13.56 -13.53 -13.50 -13.72 -13.81 -14.03 -14.31 -14.62 -14.84 -14.91 -14.97 -15.06 -15.12 -14.97 -14.88 -14.66 -14.41 -14.16 -13.97 -13.84 -13.66 -13.50 -13.38 -13.25 -13.16 -13.03 -12.91 -12.78 -12.66 -12.50 -12.41 -12.31 -12.28 -12.25 -12.22 -12.19 -12.12 -12.03
-12.19 -12.25 -12.31 -12.41 -12.47 -12.56 -12.66 -12.75 -12.88 -12.97 -13.09 -13.19 -13.28 -13.38 -13.44 -13.47 -13.53 -13.53 -13.53 -13.75 -13.91 -14.00 -14.00 -13.97 -13.94 -13.97 -14.06 -14.12 -14.19 -14.03 -13.91 -13.69 -13.75 -13.84 -13.94 -14.00 -13.84 -13.66 -13.66 -13.81 -13.94 -14.06 -14.38 -14.72 -14.91 -14.88 -14.78 -14.75 -14.84 -14.91 -15.00 -15.00 -14.88 -14.50 -14.12 -13.88 -13.72 -13.53 -13.47 -13.41 -13.34 -13.22 -13.06 -12.94 -12.88 -12.69 -12.56 -12.56 -12.59 -12.59 -12.50 -12.41 -12.34 -12.25
-12.34 -12.41 -12.47 -12.56 -12.62 -12.72 -12.78 -12.88 -13.00 -13.12 -13.22 -13.34 -13.47 -13.56 -13.69 -13.69 -13.66 -13.72 -13.72 -13.81 -13.97 -14.03 -14.06 -14.03 -13.94 -13.97 -14.09 -14.12 -14.16 -14.00 -13.94 -13.94 -13.97 -14.00 -13.97 -14.03 -14.00 -13.91 -13.88 -13.94 -14.06 -14.19 -14.31 -14.50 -14.66 -14.56 -14.28 -14.03 -14.03 -14.34 -14.69 -15.00 -15.19 -15.03 -14.50 -14.03 -13.81 -13.75 -13.75 -13.66 -13.62 -13.41 -13.25 -13.25 -13.12 -12.91 -12.75 -12.81 -12.94 -12.91 -12.78 -12.66 -12.56 -12.47
-12.53 -12.59 -12.66 -12.72 -12.78 -12.84 -12.91 -13.00 -13.12 -13.25 -13.41 -13.53 -13.72 -13.88 -13.94 -13.91 -13.91 -13.94 -13.94 -13.97 -14.06 -14.06 -14.09 -14.03 -13.94 -13.84 -13.97 -14.06 -14.09 -14.12 -14.12 -14.09 -14.03 -13.94 -13.97 -14.03 -14.06 -14.03 -14.03 -14.06 -14.12 -14.22 -14.28 -14.34 -14.34 -14.22 -14.03 -13.91 -13.84 -14.12 -14.56 -15.09 -15.31 -15.22 -14.91 -14.34 -13.97 -13.81 -13.72 -13.66 -13.69 -13.50 -13.38 -13.34 -13.19 -13.00 -13.03 -13.06 -13.09 -13.00 -13.00 -12.88 -12.78 -12.69
-12.69 -12.75 -12.84 -12.88 -12.94 -12.97 -13.03 -13.16 -13.28 -13.44 -13.66 -13.81 -13.88 -13.94 -14.09 -14.12 -14.03 -14.12 -14.16 -14.12 -14.16 -14.19 -14.19 -14.19 -14.19 -14.06 -14.00 -14.03 -14.12 -14.19 -14.19 -14.19 -14.16 -14.12 -14.12 -14.09 -14.09 -14.09 -14.09 -14.12 -14.16 -14.22 -14.28 -14.31 -14.34 -14.31 -14.12 -14.00 -14.03 -14.19 -14.50 -14.91 -15.06 -15.22 -15.31 -15.09 -14.72 -14.28 -13.97 -13.91 -13.91 -13.88 -13.72 -13.50 -13.41 -13.34 -13.44 -13.47 -13.44 -13.34 -13.28 -13.12 -12.97 -12.84
-12.84 -12.94 -13.00 -13.03 -13.09 -13.12 -13.19 -13.22 -13.25 -13.41 -13.66 -13.78 -13.84 -14.03 -14.19 -14.16 -14.06 -14.09 -14.09 -14.16 -14.22 -14.22 -14.19 -14.19 -14.22 -14.19 -14.19 -14.19 -14.19 -14.22 -14.22 -14.22 -14.19 -14.19 -14.19 -14.16 -14.16 -14.16 -14.16 -14.16 -14.19 -14.25 -14.28 -14.31 -14.34 -14.31 -14.31 -14.19 -14.19 -14.25 -14.28 -14.38 -14.81 -15.25 -15.44 -15.41 -15.34 -15.22 -15.19 -15.16 -15.12 -14.75 -14.28 -13.97 -13.81 -13.72 -13.72 -13.72 -13.72 -13.69 -13.59 -13.38 -13.28 -13.16
-13.03 -13.12 -13.22 -13.28 -13.34 -13.25 -13.22 -13.25 -13.38 -13.50 -13.62 -13.72 -13.81 -13.94 -14.16 -14.22 -14.12 -14.12 -14.19 -14.19 -14.22 -14.22 -14.22 -14.22 -14.22 -14.25 -14.25 -14.25 -14.25 -14.25 -14.28 -14.25 -14.25 -14.25 -14.22 -14.22 -14.22 -14.19 -14.19 -14.22 -14.22 -14.25 -14.28 -14.31 -14.34 -14.38 -14.38 -14.50 -14.38 -14.28 -14.28 -14.44 -14.94 -15.25 -15.28 -15.25 -15.31 -15.28 -15.28 -15.31 -15.38 -15.31 -15.06 -14.81 -14.66 -14.50 -14.25 -13.94 -13.75 -13.72 -13.78 -13.66 -13.53 -13.41
-13.25 -13.34 -13.47 -13.59 -13.56 -13.50 -13.53 -13.47 -13.62 -13.72 -13.84 -13.84 -13.97 -14.22 -14.44 -14.56 -14.38 -14.28 -14.28 -14.25 -14.25 -14.28 -14.28 -14.28 -14.28 -14.28 -14.28 -14.31 -14.31 -14.31 -14.31 -14.31 -14.31 -14.28 -14.28 -14.28 -14.25 -14.25 -14.25 -14.25 -14.28 -14.28 -14.31 -14.34 -14.38 -14.41 -14.44 -14.56 -14.47 -14.34 -14.31 -14.44 -14.97 -15.31 -15.28 -15.22 -15.19 -15.19 -15.16 -15.16 -15.28 -15.41 -15.44 -15.38 -15.25 -15.16 -14.94 -14.44 -13.94 -13.72 -13.69 -13.66 -13.50 -13.34
-13.38 -13.59 -13.88 -13.94 -13.78 -13.78 -13.75 -13.84 -13.97 -14.03 -14.00 -14.06 -14.09 -14.41 -14.69 -14.69 -14.38 -14.38 -14.34 -14.34 -14.31 -14.31 -14.31 -14.34 -14.34 -14.34 -14.34 -14.34 -14.38 -14.38 -14.38 -14.38 -14.34 -14.34 -14.34 -14.31 -14.31 -14.31 -14.28 -14.31 -14.31 -14.31 -14.34 -14.38 -14.41 -14.44 -14.50 -14.53 -14.47 -14.38 -14.31 -14.50 -14.97 -15.19 -15.25 -15.25 -15.22 -15.19 -15.16 -15.19 -15.31 -15.47 -15.56 -15.56 -15.41 -15.34 -15.28 -15.03 -14.47 -14.06 -13.88 -13.72 -13.59 -13.47
-13.53 -13.66 -13.91 -14.09 -14.12 -14.09 -14.16 -14.16 -14.16 -14.12 -14.09 -14.25 -14.50 -14.78 -14.88 -14.53 -14.44 -14.44 -14.41 -14.41 -14.38 -14.38 -14.38 -14.38 -14.38 -14.38 -14.41 -14.41 -14.41 -14.41 -14.41 -14.41 -14.41 -14.41 -14.38 -14.38 -14.34 -14.34 -14.34 -14.34 -14.34 -14.34 -14.38 -14.41 -14.44 -14.47 -14.53 -14.56 -14.53 -14.47 -14.53 -14.59 -14.72 -14.91 -15.09 -15.28 -15.34 -15.41 -15.41 -15.44 -15.47 -15.53 -15.62 -15.66 -15.59 -15.53 -15.50 -15.34 -15.16 -14.84 -14.47 -14.03 -13.78 -13.69
-13.31 -13.31 -13.62 -14.03 -14.31 -14.38 -14.34 -14.22 -14.03 -14.09 -14.19 -14.44 -14.66 -14.69 -14.66 -14.50 -14.50 -14.47 -14.47 -14.44 -14.44 -14.44 -14.44 -14.44 -14.44 -14.44 -14.44 -14.47 -14.47 -14.47 -14.47 -14.47 -14.47 -14.44 -14.44 -14.41 -14.41 -14.41 -14.38 -14.38 -14.38 -14.41 -14.41 -14.44 -14.47 -14.53 -14.59 -14.53 -14.47 -14.44 -14.53 -14.56 -14.59 -14.66 -14.91 -15.25 -15.44 -15.47 -15.50 -15.53 -15.50 -15.44 -15.47 -15.56 -15.62 -15.62 -15.50 -15.34 -15.25 -15.16 -14.97 -14.44 -14.03 -13.88
-13.25 -13.41 -13.50 -13.97 -14.22 -14.38 -14.25 -14.19 -14.19 -14.16 -14.44 -14.69 -14.72 -14.62 -14.50 -14.53 -14.53 -14.50 -14.50 -14.50 -14.50 -14.47 -14.47 -14.47 -14.47 -14.50 -14.50 -14.50 -14.53 -14.53 -14.53 -14.53 -14.50 -14.50 -14.47 -14.47 -14.44 -14.44 -14.44 -14.44 -14.44 -14.44 -14.44 -14.47 -14.50 -14.62 -14.62 -14.53 -14.41 -14.31 -14.41 -14.50 -14.66 -14.78 -14.94 -15.19 -15.28 -15.31 -15.28 -15.19 -15.09 -15.19 -15.34 -15.47 -15.53 -15.59 -15.50 -15.31 -15.03 -14.97 -15.00 -14.72 -14.25 -13.97
-13.19 -13.34 -13.47 -13.81 -14.00 -14.19 -14.25 -14.34 -14.28 -14.47 -14.62 -14.72 -14.62 -14.47 -14.56 -14.56 -14.53 -14.53 -14.53 -14.53 -14.53 -14.53 -14.53 -14.53 -14.53 -14.53 -14.56 -14.56 -14.56 -14.56 -14.56 -14.56 -14.56 -14.53 -14.53 -14.50 -14.50 -14.47 -14.47 -14.47 -14.47 -14.47 -14.47 -14.47 -14.53 -14.41 -14.44 -14.38 -14.34 -14.22 -14.28 -14.56 -14.84 -14.91 -14.81 -14.75 -14.81 -14.94 -14.84 -14.78 -14.75 -14.84 -15.06 -15.22 -15.31 -15.41 -15.44 -15.22 -14.78 -14.56 -14.59 -14.53 -14.22 -13.97
-13.25 -13.19 -13.47 -13.66 -13.84 -14.03 -14.22 -14.47 -14.56 -14.66 -14.75 -14.69 -14.50 -14.56 -14.56 -14.53 -14.53 -14.53 -14.56 -14.56 -14.56 -14.56 -14.56 -14.56 -14.56 -14.59 -14.59 -14.62 -14.62 -14.62 -14.62 -14.62 -14.59 -14.59 -14.56 -14.56 -14.53 -14.53 -14.50 -14.50 -14.50 -14.53 -14.44 -14.44 -14.44 -14.41 -14.44 -14.47 -14.41 -14.34 -14.34 -14.56 -14.88 -14.81 -14.56 -14.41 -14.34 -14.47 -14.50 -14.44 -14.44 -14.47 -14.44 -14.50 -14.94 -15.22 -15.31 -15.19 -14.75 -14.28 -14.06 -14.03 -14.03 -14.03
-13.22 -13.31 -13.34 -13.53 -13.66 -13.75 -13.97 -14.44 -14.72 -14.78 -14.75 -14.59 -14.56 -14.56 -14.53 -14.53 -14.53 -14.56 -14.56 -14.56 -14.56 -14.59 -14.59 -14.59 -14.59 -14.62 -14.66 -14.66 -14.69 -14.69 -14.69 -14.66 -14.66 -14.62 -14.62 -14.59 -14.56 -14.56 -14.56 -14.56 -14.56 -14.62 -14.66 -14.62 -14.56 -14.59 -14.53 -14.47 -14.44 -14.41 -14.47 -14.47 -14.47 -14.47 -14.31 -14.19 -14.12 -14.06 -14.06 -14.03 -14.03 -14.00 -13.97 -14.03 -14.44 -14.94 -15.12 -15.16 -14.88 -14.44 -14.09 -14.03 -14.03 -13.97
-13.22 -13.41 -13.56 -13.53 -13.56 -13.84 -14.19 -14.47 -14.69 -14.62 -14.56 -14.53 -14.50 -14.50 -14.50 -14.53 -14.53 -14.53 -14.56 -14.56 -14.59 -14.59 -14.59 -14.62 -14.62 -14.66 -14.69 -14.72 -14.72 -14.72 -14.72 -14.72 -14.69 -14.66 -14.66 -14.62 -14.59 -14.59 -14.56 -14.59 -14.59 -14.62 -14.62 -14.56 -14.62 -14.69 -14.59 -14.53 -14.50 -14.47 -14.47 -14.38 -14.31 -14.22 -14.06 -13.97 -14.03 -13.97 -13.88 -13.84 -13.78 -13.78 -13.81 -13.84 -14.09 -14.31 -14.66 -14.94 -15.03 -14.72 -14.31 -14.12 -14.00 -13.97
-13.53 -13.84 -13.94 -14.06 -14.12 -14.22 -14.41 -14.44 -14.44 -14.44 -14.44 -14.44 -14.47 -14.47 -14.47 -14.50 -14.50 -14.53 -14.53 -14.56 -14.59 -14.59 -14.62 -14.66 -14.66 -14.69 -14.72 -14.75 -14.75 -14.75 -14.75 -14.75 -14.72 -14.69 -14.69 -14.66 -14.62 -14.62 -14.62 -14.59 -14.56 -14.56 -14.62 -14.66 -14.69 -14.72 -14.66 -14.59 -14.53 -14.50 -14.47 -14.38 -14.28 -14.16 -13.88 -13.84 -13.91 -13.91 -13.91 -13.91 -13.88 -13.81 -13.78 -13.75 -13.81 -13.88 -14.03 -14.50 -14.94 -15.00 -14.91 -14.62 -14.41 -14.34
-13.75 -13.91 -13.94 -14.00 -13.94 -13.97 -14.06 -14.19 -14.25 -14.31 -14.34 -14.38 -14.38 -14.41 -14.44 -14.44 -14.47 -14.50 -14.53 -14.56 -14.56 -14.59 -14.62 -14.66 -14.69 -14.72 -14.72 -14.75 -14.75 -14.78 -14.78 -14.78 -14.75 -14.72 -14.69 -14.69 -14.66 -14.66 -14.66 -14.47 -14.53 -14.66 -14.72 -14.78 -14.78 -14.75 -14.69 -14.62 -14.66 -14.62 -14.50 -14.34 -14.19 -14.09 -14.03 -13.94 -13.84 -13.94 -14.19 -14.34 -14.34 -14.09 -13.91 -13.84 -13.91 -13.94 -13.91 -14.28 -14.78 -15.00 -15.00 -14.84 -14.72 -14.62
-13.62 -13.62 -13.41 -13.41 -13.34 -13.53 -13.84 -14.00 -14.09 -14.16 -14.22 -14.25 -14.31 -14.31 -14.34 -14.38 -14.44 -14.47 -14.50 -14.53 -14.56 -14.59 -14.62 -14.66 -14.69 -14.72 -14.72 -14.75 -14.78 -14.78 -14.81 -14.81 -14.78 -14.78 -14.75 -14.72 -14.69 -14.69 -14.53 -14.50 -14.66 -14.84 -14.91 -14.88 -14.88 -14.72 -14.69 -14.78 -14.84 -14.94 -14.81 -14.44 -14.25 -14.12 -14.12 -14.06 -13.94 -14.12 -14.69 -14.94 -14.88 -14.47 -14.12 -14.22 -14.41 -14.50 -14.47 -14.53 -14.66 -14.78 -14.84 -14.78 -14.66 -14.66
-13.19 -13.06 -12.91 -12.97 -13.00 -13.47 -13.75 -13.84 -13.94 -14.03 -14.09 -14.16 -14.22 -14.25 -14.31 -14.34 -14.38 -14.41 -14.47 -14.50 -14.53 -14.56 -14.59 -14.62 -14.66 -14.69 -14.72 -14.75 -14.78 -14.81 -14.84 -14.84 -14.84 -14.81 -14.81 -14.69 -14.38 -14.44 -14.62 -14.84 -15.19 -15.38 -15.44 -15.31 -15.09 -14.91 -14.91 -14.97 -15.03 -15.12 -15.12 -15.00 -14.84 -14.69 -14.53 -14.56 -14.53 -14.78 -15.00 -15.00 -14.97 -14.81 -14.66 -14.62 -14.62 -14.66 -14.66 -14.59 -14.53 -14.47 -14.44 -14.50 -14.56 -14.62
-12.62 -12.59 -12.66 -12.75 -13.12 -13.50 -13.56 -13.66 -13.78 -13.88 -13.97 -14.06 -14.12 -14.19 -14.25 -14.31 -14.34 -14.38 -14.41 -14.47 -14.50 -14.53 -14.56 -14.59 -14.62 -14.69 -14.72 -14.75 -14.81 -14.84 -14.88 -14.91 -14.94 -14.94 -14.91 -14.75 -14.78 -14.97 -15.22 -15.41 -15.44 -15.44 -15.50 -15.41 -15.34 -15.25 -15.19 -15.22 -15.25 -15.31 -15.28 -15.28 -15.22 -15.16 -15.06 -15.00 -15.03 -15.06 -15.16 -15.03 -14.84 -14.75 -14.72 -14.59 -14.50 -14.53 -14.53 -14.53 -14.41 -14.12 -14.03 -14.25 -14.38 -14.28
-12.53 -12.50 -12.59 -12.72 -13.06 -13.19 -13.34 -13.50 -13.62 -13.75 -13.88 -13.97 -14.09 -14.16 -14.22 -14.25 -14.31 -14.34 -14.38 -14.41 -14.44 -14.47 -14.53 -14.56 -14.59 -14.66 -14.69 -14.75 -14.81 -14.88 -14.94 -14.97 -15.00 -15.09 -15.22 -15.25 -15.28 -15.34 -15.28 -15.28 -15.28 -15.28 -15.34 -15.34 -15.38 -15.28 -15.22 -15.19 -15.25 -15.19 -15.16 -15.16 -15.12 -15.09 -15.09 -15.06 -15.09 -15.19 -15.22 -15.09 -14.91 -14.75 -14.69 -14.50 -14.41 -14.44 -14.53 -14.53 -14.41 -14.16 -14.12 -14.25 -14.22 -14.09
-12.34 -12.44 -12.59 -12.59 -12.75 -12.84 -13.16 -13.34 -13.50 -13.62 -13.78 -13.94 -14.03 -14.09 -14.16 -14.22 -14.25 -14.31 -14.34 -14.38 -14.41 -14.41 -14.47 -14.50 -14.56 -14.59 -14.66 -14.72 -14.81 -14.88 -14.97 -15.03 -15.19 -15.44 -15.41 -15.34 -15.34 -15.12 -14.91 -15.00 -15.12 -15.19 -15.12 -15.12 -15.12 -15.12 -15.16 -15.12 -15.06 -15.03 -15.00 -15.03 -15.03 -15.00 -15.00 -14.97 -15.03 -15.06 -15.00 -14.91 -14.81 -14.72 -14.62 -14.50 -14.41 -14.44 -14.50 -14.47 -14.34 -14.22 -14.22 -14.19 -14.12 -14.09
-12.41 -12.50 -12.53 -12.56 -12.59 -12.84 -13.09 -13.28 -13.44 -13.59 -13.78 -13.91 -13.97 -14.06 -14.12 -14.16 -14.22 -14.25 -14.31 -14.34 -14.34 -14.38 -14.41 -14.44 -14.50 -14.56 -14.62 -14.69 -14.78 -14.88 -15.00 -15.28 -15.38 -15.41 -15.31 -15.28 -15.22 -15.03 -14.91 -15.00 -14.97 -14.84 -14.56 -14.50 -14.66 -14.81 -14.97 -14.97 -14.91 -14.81 -14.75 -14.75 -14.81 -14.81 -14.84 -14.81 -14.84 -14.84 -14.75 -14.62 -14.50 -14.44 -14.44 -14.34 -14.25 -14.25 -14.31 -14.25 -14.06 -14.00 -13.97 -13.94 -14.00 -14.03
-12.44 -12.53 -12.72 -12.78 -12.84 -13.00 -13.16 -13.28 -13.41 -13.59 -13.75 -13.84 -13.94 -14.00 -14.06 -14.12 -14.19 -14.22 -14.25 -14.28 -14.31 -14.31 -14.34 -14.38 -14.44 -14.50 -14.56 -14.62 -14.69 -14.91 -15.12 -15.09 -15.00 -15.06 -15.06 -15.12 -15.09 -14.97 -14.81 -14.72 -14.56 -14.53 -14.31 -14.16 -14.12 -14.28 -14.41 -14.44 -14.38 -14.41 -14.44 -14.41 -14.47 -14.53 -14.56 -14.50 -14.47 -14.34 -14.28 -14.22 -14.19 -14.19 -14.09 -13.94 -13.81 -13.81 -13.88 -13.91 -13.84 -13.81 -13.78 -13.75 -13.88 -13.97
-12.22 -12.38 -12.62 -12.75 -12.91 -13.03 -13.16 -13.31 -13.44 -13.59 -13.72 -13.81 -13.91 -13.97 -14.03 -14.09 -14.16 -14.19 -14.22 -14.28 -14.28 -14.28 -14.28 -14.28 -14.31 -14.34 -14.44 -14.62 -14.75 -14.84 -14.81 -14.66 -14.56 -14.50 -14.66 -14.69 -14.62 -14.53 -14.50 -14.47 -14.31 -14.34 -14.28 -14.09 -13.97 -13.94 -13.84 -13.78 -13.75 -13.75 -13.78 -13.69 -13.69 -13.78 -13.78 -13.75 -13.62 -13.50 -13.41 -13.38 -13.53 -13.56 -13.38 -13.22 -13.12 -13.09 -13.19 -13.47 -13.62 -13.69 -13.69 -13.72 -13.88 -13.94
-12.28 -12.47 -12.66 -12.81 -12.94 -13.09 -13.22 -13.34 -13.47 -13.59 -13.69 -13.78 -13.88 -13.94 -14.00 -14.06 -14.12 -14.16 -14.19 -14.25 -14.28 -14.34 -14.28 -14.22 -14.28 -14.47 -14.75 -14.94 -14.94 -14.69 -14.31 -14.25 -14.25 -14.19 -14.31 -14.47 -14.53 -14.41 -14.50 -14.50 -14.41 -14.34 -14.22 -14.06 -13.84 -13.75 -13.66 -13.56 -13.41 -13.41 -13.28 -13.12 -13.06 -13.09 -13.06 -13.06 -13.06 -13.00 -12.94 -12.78 -12.78 -12.84 -12.91 -12.94 -12.91 -12.91 -12.88 -13.03 -13.28 -13.50 -13.75 -13.84 -13.91 -13.91
-12.38 -12.53 -12.69 -12.84 -12.97 -13.09 -13.22 -13.34 -13.47 -13.59 -13.69 -13.75 -13.84 -13.91 -13.97 -14.03 -14.06 -14.12 -14.19 -14.22 -14.25 -14.38 -14.34 -14.53 -14.78 -14.91 -14.91 -14.62 -14.41 -14.22 -14.19 -14.22 -14.16 -14.19 -14.28 -14.34 -14.41 -14.41 -14.44 -14.38 -14.28 -14.19 -14.12 -14.03 -13.94 -13.84 -13.69 -13.47 -13.38 -13.25 -13.00 -12.97 -12.94 -12.81 -12.75 -12.75 -12.75 -12.72 -12.69 -12.69 -12.75 -12.78 -12.78 -12.78 -12.78 -12.81 -12.84 -12.81 -12.66 -13.34 -13.84 -13.94 -14.03 -13.91
-12.47 -12.59 -12.72 -12.88 -13.00 -13.12 -13.25 -13.38 -13.47 -13.56 -13.66 -13.75 -13.81 -13.88 -13.94 -14.00 -14.06 -14.09 -14.16 -14.19 -14.22 -14.31 -14.59 -14.78 -14.81 -14.62 -14.41 -14.16 -14.00 -14.00 -14.06 -14.09 -14.06 -14.16 -14.12 -14.22 -14.31 -14.31 -14.44 -14.41 -14.31 -14.22 -14.06 -14.06 -14.00 -13.81 -13.66 -13.47 -13.41 -13.25 -13.09 -13.03 -13.03 -12.75 -12.56 -12.56 -12.56 -12.53 -12.56 -12.59 -12.59 -12.62 -12.62 -12.62 -12.66 -12.66 -12.69 -12.75 -12.75 -13.22 -13.72 -13.84 -13.94 -13.91
