everonasctiles/Tile[18,18].asc
ncols 128
nrows 128
xllcorner 0
yllcorner 0
cellsize 2.0
NODATA_value  -9999
[rows 68 to 101 of 128, columns 0 to 76 of 128]
75.88 76.31 76.69 77.00 77.25 77.41 77.53 77.62 77.75 77.88 77.97 78.12 78.31 78.47 78.62 78.75 78.84 78.94 79.00 79.03 79.06 79.09 79.22 79.34 79.50 79.69 79.84 80.06 80.22 80.38 80.50 80.62 80.75 80.91 81.09 81.22 81.38 81.53 81.69 81.81 81.94 82.00 82.03 82.06 82.06 82.03 82.03 82.00 82.00 82.00 82.00 82.00 82.00 82.00 82.00 82.00 82.03 82.03 82.06 82.09 82.12 82.19 82.28 82.41 82.50 82.62 82.72 82.94 83.06 83.12 83.25 83.41 83.56 83.69 83.81 83.91 84.03
75.84 76.22 76.59 76.88 77.09 77.28 77.41 77.53 77.69 77.81 77.97 78.16 78.28 78.44 78.56 78.72 78.81 78.84 78.94 79.00 79.06 79.16 79.28 79.38 79.50 79.69 79.88 80.06 80.22 80.41 80.53 80.66 80.78 80.91 81.03 81.19 81.31 81.47 81.59 81.75 81.84 81.91 81.94 81.94 81.97 81.97 81.97 81.97 82.00 82.00 82.00 82.00 82.00 82.00 82.00 82.00 82.03 82.03 82.06 82.06 82.09 82.12 82.19 82.28 82.47 82.53 82.75 82.84 83.03 83.12 83.38 83.50 83.56 83.72 83.84 83.94 84.00
75.78 76.12 76.44 76.72 76.94 77.12 77.28 77.44 77.59 77.75 77.97 78.12 78.28 78.44 78.56 78.69 78.78 78.84 78.91 78.94 79.06 79.12 79.28 79.41 79.56 79.69 79.88 80.06 80.22 80.38 80.47 80.66 80.75 80.88 81.03 81.16 81.31 81.41 81.53 81.66 81.75 81.81 81.84 81.91 81.94 81.97 81.97 81.97 82.00 82.00 82.00 82.00 82.00 82.00 82.00 82.00 82.03 82.03 82.03 82.06 82.09 82.12 82.19 82.28 82.41 82.56 82.66 82.84 83.00 83.28 83.44 83.50 83.69 83.72 83.81 83.94 84.09
75.66 75.97 76.25 76.50 76.72 76.91 77.12 77.31 77.53 77.72 77.88 78.03 78.22 78.38 78.53 78.66 78.69 78.78 78.84 78.97 79.00 79.16 79.28 79.41 79.53 79.69 79.84 80.03 80.22 80.31 80.44 80.59 80.69 80.84 80.97 81.09 81.25 81.38 81.50 81.59 81.66 81.72 81.84 81.88 81.88 81.91 81.97 81.97 82.00 82.00 82.00 82.00 82.00 82.00 82.00 82.00 82.03 82.03 82.03 82.06 82.06 82.12 82.19 82.25 82.41 82.56 82.88 83.06 83.22 83.38 83.53 83.66 83.78 83.84 83.94 83.94 84.03
75.53 75.75 76.00 76.22 76.47 76.72 76.94 77.16 77.38 77.56 77.78 77.97 78.16 78.34 78.47 78.56 78.69 78.78 78.84 78.91 79.03 79.16 79.25 79.38 79.53 79.69 79.84 80.00 80.16 80.31 80.44 80.56 80.66 80.78 80.91 81.03 81.22 81.31 81.47 81.53 81.59 81.72 81.72 81.78 81.84 81.97 82.03 82.03 82.06 82.03 82.03 82.00 82.00 82.00 82.00 82.00 82.00 82.03 82.03 82.06 82.06 82.12 82.19 82.38 82.56 82.75 82.91 83.03 83.25 83.44 83.59 83.78 83.88 84.03 84.09 84.09 84.12
75.31 75.53 75.78 75.97 76.16 76.47 76.75 76.94 77.22 77.47 77.66 77.88 78.06 78.22 78.41 78.47 78.62 78.72 78.81 78.91 78.94 79.06 79.25 79.41 79.53 79.72 79.84 80.00 80.16 80.25 80.41 80.50 80.62 80.81 80.94 81.03 81.16 81.28 81.41 81.47 81.56 81.59 81.69 81.78 81.91 81.97 82.03 82.06 82.09 82.06 82.03 82.03 82.00 82.00 82.00 82.00 82.00 82.03 82.03 82.06 82.06 82.19 82.34 82.50 82.62 82.81 83.00 83.19 83.38 83.53 83.72 83.84 84.03 84.16 84.22 84.22 84.25
75.06 75.31 75.56 75.81 76.06 76.31 76.50 76.81 77.03 77.25 77.50 77.72 77.88 78.06 78.22 78.38 78.50 78.66 78.72 78.78 78.97 79.12 79.25 79.44 79.62 79.72 79.88 79.97 80.06 80.16 80.28 80.41 80.56 80.72 80.88 81.06 81.19 81.28 81.34 81.38 81.50 81.59 81.72 81.81 81.88 81.94 82.03 82.09 82.12 82.12 82.09 82.06 82.00 82.00 82.00 82.00 82.00 82.00 82.03 82.06 82.12 82.25 82.34 82.56 82.72 82.91 83.09 83.25 83.47 83.66 83.81 84.00 84.16 84.25 84.34 84.38 84.41
74.91 75.16 75.41 75.66 75.88 76.12 76.41 76.59 76.88 77.06 77.31 77.53 77.69 77.94 78.09 78.22 78.38 78.50 78.56 78.78 78.94 79.12 79.28 79.44 79.59 79.78 79.88 79.97 80.09 80.25 80.38 80.47 80.59 80.72 80.88 80.97 81.09 81.22 81.34 81.47 81.56 81.62 81.69 81.78 81.84 81.94 82.00 82.09 82.12 82.16 82.16 82.09 82.03 82.00 82.00 82.00 82.00 82.00 82.03 82.06 82.19 82.31 82.47 82.62 82.78 83.00 83.19 83.34 83.50 83.72 83.88 84.09 84.25 84.38 84.47 84.50 84.53
74.81 75.03 75.28 75.50 75.72 76.00 76.25 76.50 76.72 76.94 77.16 77.34 77.56 77.72 77.91 78.09 78.25 78.31 78.59 78.72 78.91 79.12 79.28 79.44 79.59 79.72 79.88 80.00 80.06 80.09 80.25 80.44 80.62 80.78 80.94 81.03 81.16 81.25 81.34 81.44 81.53 81.59 81.66 81.75 81.81 81.91 82.00 82.06 82.12 82.19 82.16 82.12 82.06 82.03 82.00 82.00 82.00 82.03 82.06 82.12 82.25 82.38 82.53 82.72 82.88 83.06 83.22 83.41 83.59 83.78 83.97 84.16 84.34 84.50 84.59 84.62 84.62
74.69 74.91 75.19 75.41 75.66 75.94 76.12 76.34 76.56 76.75 77.00 77.19 77.41 77.56 77.69 77.91 78.03 78.31 78.47 78.69 78.88 79.06 79.25 79.38 79.53 79.69 79.81 79.91 80.03 80.22 80.31 80.47 80.62 80.78 80.88 81.03 81.12 81.22 81.31 81.41 81.47 81.56 81.62 81.69 81.78 81.88 81.97 82.06 82.16 82.19 82.19 82.16 82.09 82.06 82.00 82.00 82.00 82.03 82.09 82.19 82.28 82.44 82.59 82.78 82.91 83.06 83.25 83.41 83.59 83.81 84.03 84.25 84.44 84.56 84.66 84.72 84.75
74.62 74.84 75.12 75.34 75.56 75.81 76.00 76.22 76.41 76.59 76.84 77.03 77.22 77.41 77.62 77.78 78.00 78.25 78.38 78.59 78.78 79.00 79.19 79.41 79.56 79.69 79.81 79.94 80.06 80.19 80.34 80.44 80.59 80.75 80.88 81.00 81.09 81.16 81.28 81.38 81.47 81.53 81.59 81.66 81.72 81.81 81.94 82.03 82.12 82.19 82.19 82.16 82.16 82.09 82.06 82.03 82.03 82.09 82.12 82.22 82.34 82.47 82.62 82.78 82.94 83.06 83.25 83.41 83.59 83.78 84.03 84.25 84.44 84.59 84.69 84.78 84.81
74.59 74.81 75.06 75.28 75.50 75.69 75.91 76.06 76.28 76.53 76.69 76.78 77.03 77.28 77.50 77.72 77.91 78.09 78.34 78.53 78.72 78.94 79.12 79.28 79.50 79.62 79.75 79.88 80.00 80.16 80.31 80.44 80.59 80.75 80.84 80.97 81.06 81.16 81.25 81.34 81.41 81.47 81.56 81.62 81.72 81.78 81.91 82.00 82.09 82.19 82.22 82.19 82.19 82.16 82.09 82.09 82.09 82.16 82.22 82.28 82.41 82.50 82.66 82.78 82.94 83.09 83.22 83.38 83.56 83.78 84.03 84.25 84.41 84.59 84.66 84.75 84.78
74.56 74.78 75.00 75.22 75.41 75.62 75.78 75.97 76.22 76.38 76.50 76.78 77.00 77.19 77.38 77.62 77.81 78.06 78.25 78.44 78.66 78.81 79.03 79.28 79.44 79.56 79.72 79.81 79.97 80.12 80.28 80.44 80.59 80.72 80.84 80.91 81.03 81.12 81.19 81.28 81.38 81.44 81.53 81.59 81.69 81.75 81.88 81.97 82.06 82.16 82.22 82.19 82.22 82.19 82.12 82.16 82.16 82.19 82.28 82.38 82.44 82.56 82.69 82.78 82.94 83.06 83.19 83.38 83.59 83.81 84.00 84.22 84.41 84.53 84.66 84.69 84.75
74.56 74.75 74.94 75.16 75.34 75.50 75.69 75.91 76.03 76.22 76.50 76.66 76.88 77.09 77.34 77.53 77.69 77.91 78.12 78.38 78.59 78.81 79.00 79.16 79.34 79.50 79.59 79.78 79.94 80.09 80.25 80.41 80.53 80.69 80.75 80.91 81.00 81.06 81.16 81.25 81.34 81.41 81.50 81.59 81.66 81.75 81.84 81.94 82.03 82.12 82.19 82.22 82.25 82.22 82.22 82.22 82.22 82.19 82.31 82.41 82.50 82.59 82.72 82.84 82.97 83.09 83.22 83.41 83.59 83.78 83.94 84.12 84.31 84.47 84.53 84.62 84.66
74.56 74.72 74.91 75.09 75.28 75.47 75.66 75.69 75.94 76.22 76.38 76.56 76.81 77.06 77.19 77.41 77.69 77.91 78.12 78.34 78.53 78.72 78.91 79.12 79.25 79.41 79.59 79.75 79.88 80.03 80.16 80.31 80.47 80.59 80.72 80.88 80.97 81.06 81.12 81.22 81.31 81.38 81.47 81.56 81.62 81.75 81.81 81.94 82.00 82.09 82.19 82.22 82.28 82.28 82.28 82.28 82.28 82.28 82.34 82.47 82.56 82.66 82.75 82.84 83.00 83.12 83.22 83.38 83.50 83.69 83.88 84.06 84.22 84.31 84.41 84.50 84.50
74.56 74.72 74.88 75.06 75.19 75.28 75.50 75.75 75.94 76.09 76.31 76.53 76.78 76.94 77.19 77.41 77.62 77.84 78.06 78.25 78.47 78.66 78.84 78.97 79.16 79.34 79.50 79.72 79.81 79.97 80.12 80.28 80.41 80.59 80.72 80.81 80.91 81.03 81.06 81.16 81.28 81.34 81.44 81.53 81.62 81.72 81.81 81.91 82.00 82.09 82.16 82.25 82.28 82.34 82.34 82.34 82.38 82.38 82.47 82.47 82.62 82.72 82.81 82.91 83.00 83.12 83.25 83.38 83.50 83.66 83.81 83.97 84.09 84.19 84.28 84.34 84.34
74.56 74.69 74.84 74.97 75.12 75.31 75.50 75.66 75.81 76.06 76.22 76.44 76.66 76.91 77.12 77.38 77.59 77.78 78.03 78.22 78.34 78.56 78.75 78.97 79.12 79.28 79.50 79.59 79.75 79.94 80.06 80.22 80.41 80.53 80.62 80.78 80.88 80.97 81.06 81.12 81.22 81.31 81.41 81.50 81.62 81.72 81.81 81.88 82.00 82.06 82.16 82.25 82.31 82.34 82.38 82.44 82.47 82.50 82.62 82.56 82.66 82.81 82.88 82.94 83.03 83.12 83.22 83.34 83.50 83.59 83.72 83.84 83.97 84.06 84.16 84.22 84.25
74.59 74.69 74.84 75.00 75.09 75.25 75.44 75.56 75.78 75.94 76.25 76.44 76.66 76.88 77.09 77.25 77.47 77.69 77.94 78.16 78.34 78.53 78.69 78.88 79.06 79.25 79.38 79.56 79.72 79.88 80.00 80.16 80.31 80.44 80.59 80.72 80.81 80.91 81.00 81.09 81.19 81.28 81.41 81.50 81.62 81.72 81.81 81.91 82.00 82.09 82.16 82.25 82.31 82.38 82.44 82.50 82.56 82.62 82.66 82.69 82.78 82.84 82.94 83.00 83.06 83.12 83.22 83.31 83.41 83.53 83.62 83.75 83.84 83.94 84.03 84.06 84.16
74.62 74.69 74.78 74.94 75.06 75.16 75.34 75.53 75.72 75.94 76.12 76.34 76.56 76.81 77.00 77.22 77.47 77.69 77.91 78.12 78.31 78.47 78.69 78.84 79.03 79.19 79.38 79.53 79.69 79.81 79.94 80.09 80.25 80.38 80.53 80.66 80.75 80.88 80.94 81.03 81.16 81.25 81.34 81.50 81.59 81.69 81.81 81.91 82.00 82.06 82.12 82.22 82.31 82.38 82.47 82.53 82.59 82.66 82.72 82.78 82.78 82.88 82.94 83.00 83.06 83.12 83.22 83.31 83.38 83.50 83.59 83.69 83.78 83.88 83.94 84.03 84.06
74.66 74.69 74.75 74.88 74.97 75.12 75.28 75.44 75.66 75.84 76.06 76.28 76.50 76.69 76.97 77.22 77.41 77.66 77.91 78.12 78.34 78.53 78.66 78.84 78.97 79.16 79.31 79.47 79.56 79.72 79.88 80.03 80.19 80.31 80.44 80.59 80.69 80.81 80.88 80.97 81.09 81.22 81.34 81.44 81.56 81.69 81.78 81.88 81.97 82.03 82.09 82.19 82.28 82.38 82.47 82.53 82.62 82.69 82.78 82.84 82.88 82.94 82.94 83.06 83.06 83.12 83.22 83.28 83.34 83.44 83.53 83.66 83.72 83.81 83.91 83.94 84.03
74.69 74.69 74.72 74.78 74.91 75.03 75.22 75.38 75.59 75.81 75.94 76.16 76.41 76.66 76.91 77.12 77.34 77.59 77.78 78.09 78.31 78.53 78.72 78.84 78.97 79.12 79.28 79.41 79.56 79.69 79.81 79.97 80.12 80.22 80.38 80.50 80.59 80.69 80.81 80.91 81.03 81.16 81.28 81.41 81.53 81.66 81.75 81.84 81.94 82.00 82.09 82.19 82.25 82.34 82.47 82.56 82.62 82.72 82.81 82.88 82.94 82.94 83.03 83.03 83.06 83.12 83.19 83.25 83.34 83.38 83.44 83.56 83.59 83.69 83.78 83.91 83.97
74.72 74.69 74.69 74.75 74.84 74.97 75.12 75.31 75.50 75.62 75.91 76.12 76.34 76.59 76.75 76.97 77.25 77.50 77.81 78.06 78.34 78.50 78.69 78.81 78.97 79.09 79.22 79.38 79.50 79.62 79.78 79.91 80.03 80.19 80.31 80.44 80.56 80.66 80.75 80.88 80.94 81.09 81.19 81.34 81.47 81.59 81.72 81.78 81.91 81.97 82.03 82.12 82.22 82.31 82.44 82.50 82.66 82.72 82.81 82.88 82.94 82.97 83.03 83.06 83.09 83.19 83.19 83.25 83.31 83.38 83.44 83.53 83.59 83.69 83.78 83.84 83.94
74.75 74.66 74.62 74.69 74.78 74.94 75.03 75.16 75.38 75.66 75.84 76.06 76.25 76.47 76.69 76.97 77.25 77.47 77.78 78.03 78.28 78.53 78.72 78.88 78.94 79.03 79.16 79.31 79.44 79.56 79.69 79.84 80.00 80.09 80.22 80.38 80.44 80.59 80.69 80.78 80.91 81.00 81.16 81.28 81.38 81.56 81.62 81.75 81.84 81.94 82.00 82.06 82.19 82.25 82.38 82.50 82.62 82.72 82.84 82.84 82.94 82.97 83.00 83.03 83.12 83.12 83.22 83.25 83.31 83.38 83.47 83.53 83.59 83.69 83.78 83.88 83.94
74.72 74.62 74.56 74.59 74.69 74.75 74.97 75.19 75.38 75.50 75.72 75.84 76.09 76.38 76.66 76.88 77.16 77.44 77.72 78.03 78.28 78.53 78.72 78.88 78.97 79.09 79.19 79.28 79.38 79.56 79.66 79.81 79.94 80.06 80.19 80.28 80.41 80.53 80.62 80.72 80.84 80.97 81.12 81.25 81.34 81.47 81.59 81.69 81.75 81.84 81.94 82.03 82.09 82.28 82.38 82.50 82.59 82.72 82.81 82.88 82.94 82.97 83.03 83.06 83.09 83.16 83.22 83.28 83.34 83.38 83.47 83.53 83.62 83.69 83.81 83.91 84.00
74.66 74.56 74.50 74.50 74.56 74.78 74.88 75.06 75.19 75.41 75.59 75.84 76.12 76.31 76.59 76.84 77.12 77.38 77.69 78.03 78.28 78.50 78.69 78.84 78.94 79.06 79.16 79.25 79.38 79.50 79.62 79.72 79.88 80.00 80.12 80.22 80.34 80.44 80.56 80.66 80.78 80.94 81.03 81.16 81.31 81.44 81.50 81.59 81.75 81.84 81.88 82.00 82.12 82.25 82.34 82.47 82.56 82.69 82.78 82.78 82.91 82.84 83.00 83.06 83.06 83.12 83.19 83.34 83.38 83.44 83.50 83.59 83.69 83.72 83.78 83.88 84.03
74.56 74.47 74.41 74.38 74.50 74.62 74.75 74.94 75.12 75.34 75.56 75.78 76.00 76.28 76.56 76.84 77.06 77.41 77.72 78.03 78.28 78.50 78.69 78.81 78.94 79.03 79.12 79.25 79.34 79.44 79.56 79.72 79.81 79.94 80.06 80.16 80.28 80.41 80.53 80.66 80.75 80.84 81.00 81.09 81.25 81.34 81.41 81.56 81.62 81.69 81.84 81.97 82.06 82.19 82.31 82.41 82.56 82.69 82.69 82.81 82.81 82.91 82.88 82.94 83.00 83.09 83.16 83.22 83.34 83.44 83.50 83.59 83.66 83.78 83.88 83.88 84.00
74.44 74.34 74.28 74.25 74.34 74.41 74.56 74.81 75.00 75.25 75.50 75.75 76.00 76.22 76.50 76.81 77.06 77.34 77.69 77.97 78.22 78.44 78.62 78.78 78.88 79.00 79.09 79.22 79.31 79.41 79.56 79.66 79.72 79.88 80.00 80.12 80.25 80.38 80.47 80.59 80.69 80.81 80.94 81.09 81.12 81.25 81.44 81.47 81.62 81.72 81.81 81.94 82.00 82.12 82.28 82.44 82.53 82.62 82.72 82.72 82.75 82.78 82.91 82.97 83.06 83.16 83.22 83.31 83.41 83.44 83.56 83.59 83.72 83.75 83.84 84.00 84.00
74.28 74.19 74.12 74.12 74.16 74.38 74.62 74.78 74.97 75.22 75.44 75.72 75.97 76.25 76.50 76.75 77.03 77.34 77.62 77.91 78.16 78.34 78.56 78.69 78.84 78.94 79.03 79.12 79.28 79.38 79.44 79.59 79.75 79.84 79.97 80.09 80.22 80.31 80.44 80.53 80.62 80.75 80.91 81.00 81.16 81.34 81.44 81.56 81.59 81.66 81.75 81.84 81.97 82.12 82.25 82.34 82.50 82.59 82.53 82.66 82.72 82.78 82.88 82.94 83.03 83.12 83.25 83.34 83.41 83.50 83.59 83.66 83.72 83.81 83.91 83.97 84.09
74.16 74.06 74.00 73.97 74.09 74.28 74.44 74.66 74.91 75.16 75.41 75.69 76.00 76.22 76.50 76.78 77.03 77.28 77.59 77.84 78.06 78.25 78.44 78.62 78.75 78.88 79.00 79.09 79.22 79.31 79.44 79.59 79.66 79.81 79.94 80.06 80.16 80.28 80.38 80.47 80.56 80.69 80.81 81.03 81.28 81.38 81.44 81.44 81.47 81.50 81.56 81.75 81.94 82.03 82.19 82.34 82.44 82.41 82.62 82.62 82.72 82.81 82.91 83.00 83.12 83.19 83.28 83.38 83.44 83.50 83.59 83.69 83.75 83.81 83.91 84.00 84.09
74.00 73.91 73.88 73.94 74.03 74.25 74.44 74.66 74.88 75.19 75.41 75.69 75.94 76.19 76.44 76.72 77.00 77.28 77.50 77.78 77.97 78.19 78.38 78.56 78.69 78.81 78.91 79.03 79.16 79.28 79.41 79.56 79.66 79.78 79.91 80.03 80.12 80.22 80.31 80.41 80.47 80.56 80.72 80.94 81.06 81.12 81.22 81.19 81.12 81.19 81.38 81.59 81.69 81.94 82.12 82.25 82.25 82.47 82.50 82.62 82.69 82.78 82.91 83.00 83.12 83.22 83.31 83.41 83.47 83.53 83.59 83.66 83.75 83.81 83.94 84.00 84.09
73.88 73.78 73.78 73.81 73.97 74.19 74.41 74.69 74.91 75.16 75.44 75.69 75.94 76.19 76.44 76.66 76.94 77.19 77.47 77.66 77.91 78.09 78.28 78.47 78.59 78.72 78.88 78.97 79.12 79.28 79.41 79.53 79.66 79.78 79.88 80.00 80.09 80.19 80.28 80.34 80.38 80.44 80.53 80.69 80.78 80.75 80.75 80.72 80.88 81.00 81.19 81.31 81.66 81.91 82.06 82.12 82.19 82.38 82.50 82.59 82.69 82.81 82.91 83.00 83.12 83.25 83.34 83.41 83.47 83.53 83.62 83.72 83.78 83.84 83.94 84.00 84.09
73.72 73.69 73.69 73.81 73.97 74.16 74.41 74.62 74.88 75.16 75.41 75.66 75.91 76.19 76.41 76.62 76.88 77.12 77.34 77.59 77.81 78.03 78.16 78.34 78.53 78.62 78.75 78.91 79.12 79.25 79.41 79.53 79.66 79.75 79.88 79.97 80.06 80.16 80.22 80.25 80.25 80.28 80.31 80.34 80.25 80.34 80.38 80.47 80.59 80.75 80.97 81.28 81.56 81.66 81.88 82.03 82.25 82.34 82.47 82.56 82.69 82.78 82.91 83.03 83.12 83.25 83.34 83.41 83.50 83.56 83.62 83.69 83.78 83.84 83.91 84.00 84.09
73.56 73.56 73.59 73.69 73.88 74.09 74.34 74.59 74.91 75.16 75.41 75.66 75.91 76.12 76.34 76.59 76.81 77.03 77.31 77.50 77.75 77.94 78.16 78.28 78.44 78.62 78.75 78.94 79.12 79.25 79.38 79.50 79.62 79.72 79.84 79.94 80.03 80.12 80.16 80.16 80.09 80.00 79.94 79.94 80.00 80.09 80.19 80.34 80.47 80.66 80.84 81.16 81.31 81.66 81.97 82.09 82.22 82.31 82.44 82.56 82.69 82.78 82.91 83.03 83.12 83.22 83.34 83.41 83.50 83.56 83.66 83.72 83.78 83.88 83.94 84.00 84.09
73.34 73.34 73.38 73.56 73.75 73.97 74.28 74.56 74.88 75.16 75.44 75.66 75.88 76.09 76.34 76.56 76.78 76.97 77.19 77.47 77.66 77.81 78.03 78.25 78.50 78.69 78.84 79.00 79.12 79.25 79.34 79.47 79.59 79.69 79.78 79.88 80.03 80.03 80.00 79.91 79.81 79.75 79.75 79.75 79.88 80.00 80.16 80.31 80.47 80.62 80.84 81.06 81.41 81.66 81.84 82.06 82.19 82.31 82.44 82.53 82.62 82.78 82.91 83.03 83.12 83.22 83.34 83.41 83.50 83.56 83.66 83.72 83.78 83.88 83.94 84.00 84.09
