everonasctiles/Tile25,24.asc
ncols 128
nrows 128
xllcorner 0
yllcorner 0
cellsize 2.0
NODATA_value  -9999
[rows 0 to 31 of 128, columns 0 to 70 of 128]
157.84 157.91 158.00 158.06 158.16 158.25 158.34 158.47 158.59 158.72 158.81 158.94 159.03 159.16 159.28 159.41 159.53 159.66 159.78 159.91 160.03 160.16 160.28 160.38 160.44 160.47 160.50 160.53 160.53 160.53 160.53 160.56 160.56 160.56 160.56 160.56 160.56 160.56 160.56 160.56 160.56 160.56 160.56 160.56 160.56 160.53 160.53 160.50 160.47 160.44 160.38 160.34 160.31 160.28 160.25 160.22 160.22 160.19 160.16 160.16 160.16 160.12 159.31 159.25 159.31 159.38 159.44 159.50 159.59 159.66 159.72
157.84 157.91 157.97 158.06 158.16 158.25 158.38 158.50 158.66 158.78 158.88 158.97 159.06 159.19 159.31 159.44 159.56 159.69 159.81 159.91 160.03 160.16 160.25 160.31 160.38 160.38 160.41 160.44 160.44 160.44 160.47 160.47 160.47 160.50 160.47 160.47 160.50 160.50 160.50 160.50 160.50 160.47 160.47 160.47 160.44 160.44 160.41 160.41 160.38 160.34 160.28 160.25 160.22 160.19 160.19 160.16 160.12 160.12 160.09 160.09 160.06 160.06 159.66 159.19 159.25 159.31 159.38 159.47 159.53 159.59 159.69
157.84 157.91 158.00 158.09 158.19 158.31 158.41 158.56 158.72 158.81 158.91 159.00 159.12 159.22 159.34 159.47 159.59 159.69 159.81 159.91 160.03 160.12 160.22 160.28 160.31 160.31 160.31 160.34 160.34 160.38 160.38 160.38 160.41 160.41 160.41 160.41 160.41 160.41 160.41 160.41 160.41 160.38 160.38 160.38 160.34 160.31 160.31 160.28 160.25 160.22 160.19 160.16 160.12 160.12 160.09 160.09 160.06 160.06 160.03 160.03 160.00 160.00 159.88 159.12 159.19 159.28 159.34 159.41 159.47 159.56 159.62
157.81 157.91 158.00 158.09 158.22 158.34 158.44 158.59 158.72 158.81 158.91 159.00 159.12 159.22 159.34 159.47 159.59 159.72 159.81 159.91 160.00 160.09 160.19 160.22 160.25 160.25 160.25 160.25 160.25 160.28 160.28 160.31 160.31 160.31 160.34 160.34 160.34 160.34 160.34 160.34 160.31 160.31 160.28 160.25 160.22 160.22 160.22 160.19 160.12 160.12 160.09 160.06 160.06 160.03 160.03 160.00 160.00 160.00 159.97 159.97 159.97 159.94 159.94 159.12 159.16 159.22 159.28 159.38 159.44 159.50 159.59
157.81 157.91 158.00 158.09 158.25 158.34 158.47 158.56 158.66 158.78 158.91 159.00 159.12 159.25 159.38 159.50 159.62 159.72 159.81 159.91 160.00 160.06 160.12 160.16 160.19 160.19 160.16 160.19 160.19 160.19 160.22 160.22 160.22 160.22 160.25 160.25 160.25 160.28 160.25 160.25 160.25 160.22 160.19 160.16 160.12 160.09 160.09 160.06 160.03 160.03 160.00 160.00 159.97 159.97 159.97 159.94 159.94 159.94 159.94 159.91 159.91 159.91 159.91 159.31 159.12 159.19 159.25 159.31 159.38 159.47 159.53
157.81 157.91 158.00 158.09 158.25 158.38 158.47 158.53 158.62 158.75 158.88 159.00 159.12 159.25 159.41 159.53 159.62 159.72 159.81 159.88 159.94 160.03 160.06 160.09 160.09 160.09 160.09 160.09 160.09 160.09 160.12 160.12 160.12 160.16 160.16 160.16 160.19 160.19 160.19 160.16 160.12 160.12 160.06 160.06 160.03 159.97 159.97 159.94 159.94 159.94 159.91 159.91 159.91 159.91 159.91 159.91 159.88 159.88 159.88 159.84 159.88 159.88 159.88 159.66 159.09 159.16 159.19 159.25 159.34 159.41 159.50
157.75 157.84 157.94 158.06 158.19 158.31 158.44 158.50 158.62 158.69 158.84 159.00 159.12 159.28 159.41 159.53 159.62 159.72 159.78 159.84 159.88 159.94 159.97 160.00 160.03 160.03 160.03 160.03 160.03 160.00 160.03 160.03 160.03 160.06 160.06 160.06 160.06 160.06 160.06 160.06 160.06 160.00 159.97 159.94 159.91 159.88 159.84 159.84 159.81 159.81 159.81 159.81 159.81 159.84 159.84 159.84 159.81 159.81 159.81 159.81 159.81 159.84 159.84 159.84 159.09 159.09 159.16 159.22 159.28 159.38 159.44
157.66 157.75 157.88 157.97 158.09 158.25 158.38 158.50 158.59 158.72 158.84 159.00 159.12 159.28 159.41 159.50 159.59 159.66 159.72 159.75 159.81 159.84 159.88 159.94 159.94 159.97 159.94 159.94 159.94 159.94 159.91 159.94 159.91 159.94 159.94 159.94 159.94 159.97 159.97 159.94 159.94 159.91 159.84 159.81 159.78 159.75 159.75 159.72 159.72 159.72 159.72 159.75 159.75 159.75 159.78 159.78 159.78 159.78 159.75 159.75 159.75 159.81 159.81 159.81 159.19 159.03 159.06 159.12 159.22 159.31 159.38
157.50 157.66 157.75 157.91 158.03 158.19 158.31 158.44 158.59 158.72 158.84 158.97 159.12 159.25 159.38 159.47 159.53 159.59 159.66 159.69 159.69 159.75 159.78 159.84 159.88 159.88 159.88 159.84 159.84 159.81 159.81 159.81 159.81 159.81 159.81 159.84 159.84 159.84 159.84 159.81 159.81 159.75 159.72 159.69 159.66 159.66 159.62 159.62 159.62 159.66 159.66 159.66 159.69 159.69 159.69 159.69 159.69 159.72 159.69 159.72 159.69 159.75 159.78 159.75 159.38 158.91 158.97 159.06 159.12 159.22 159.31
157.44 157.56 157.69 157.81 157.97 158.12 158.25 158.41 158.56 158.66 158.78 158.94 159.06 159.19 159.31 159.38 159.47 159.50 159.56 159.56 159.62 159.66 159.69 159.75 159.78 159.78 159.78 159.78 159.75 159.72 159.72 159.72 159.69 159.69 159.69 159.69 159.72 159.75 159.72 159.72 159.69 159.66 159.59 159.56 159.53 159.53 159.53 159.53 159.53 159.53 159.56 159.59 159.59 159.62 159.62 159.66 159.66 159.66 159.66 159.66 159.66 159.69 159.72 159.69 159.56 158.81 158.88 159.00 159.06 159.16 159.25
157.31 157.44 157.59 157.72 157.88 158.03 158.19 158.34 158.50 158.62 158.78 158.88 158.97 159.12 159.22 159.31 159.38 159.38 159.47 159.50 159.50 159.56 159.59 159.66 159.69 159.69 159.69 159.69 159.66 159.62 159.62 159.59 159.59 159.59 159.59 159.59 159.59 159.62 159.59 159.59 159.56 159.50 159.47 159.44 159.44 159.41 159.44 159.44 159.44 159.47 159.47 159.50 159.53 159.53 159.56 159.59 159.59 159.59 159.62 159.62 159.62 159.59 159.66 159.62 159.62 158.66 158.81 158.91 159.00 159.09 159.19
157.19 157.31 157.47 157.62 157.78 157.97 158.12 158.28 158.44 158.56 158.69 158.81 158.91 159.00 159.09 159.19 159.25 159.31 159.34 159.38 159.41 159.44 159.50 159.53 159.56 159.59 159.59 159.56 159.56 159.53 159.50 159.50 159.50 159.47 159.47 159.47 159.47 159.47 159.44 159.44 159.41 159.38 159.34 159.34 159.31 159.31 159.31 159.31 159.34 159.34 159.38 159.41 159.44 159.47 159.50 159.53 159.53 159.56 159.56 159.56 159.56 159.56 159.56 159.56 159.56 158.84 158.78 158.88 158.97 159.06 159.12
157.06 157.19 157.34 157.53 157.69 157.88 158.06 158.22 158.38 158.50 158.62 158.72 158.81 158.91 158.97 159.03 159.12 159.19 159.22 159.25 159.31 159.34 159.38 159.44 159.47 159.50 159.47 159.47 159.47 159.41 159.41 159.38 159.38 159.34 159.34 159.34 159.34 159.34 159.31 159.31 159.28 159.25 159.22 159.22 159.22 159.22 159.22 159.22 159.25 159.25 159.28 159.31 159.38 159.38 159.44 159.47 159.50 159.50 159.50 159.50 159.50 159.50 159.50 159.53 159.53 159.12 158.75 158.84 158.94 159.00 159.09
156.94 157.09 157.25 157.44 157.59 157.78 157.97 158.12 158.28 158.41 158.53 158.62 158.69 158.78 158.84 158.91 159.00 159.06 159.09 159.16 159.19 159.22 159.28 159.31 159.34 159.34 159.38 159.34 159.34 159.34 159.31 159.28 159.25 159.25 159.22 159.22 159.22 159.19 159.19 159.16 159.12 159.12 159.09 159.09 159.09 159.09 159.09 159.12 159.12 159.19 159.22 159.25 159.28 159.34 159.38 159.41 159.41 159.44 159.47 159.47 159.47 159.47 159.41 159.47 159.47 159.31 158.75 158.81 158.91 158.97 159.06
156.81 156.97 157.16 157.31 157.50 157.69 157.88 158.03 158.19 158.31 158.41 158.50 158.59 158.66 158.72 158.81 158.88 158.94 159.00 159.03 159.09 159.12 159.16 159.19 159.22 159.22 159.22 159.22 159.22 159.22 159.19 159.19 159.16 159.12 159.09 159.06 159.06 159.03 159.03 159.03 159.00 159.00 159.00 159.00 158.97 159.00 159.00 159.00 159.03 159.06 159.09 159.16 159.22 159.25 159.31 159.34 159.34 159.34 159.38 159.41 159.41 159.41 159.34 159.41 159.41 159.38 158.75 158.81 158.88 158.94 159.00
156.69 156.88 157.03 157.22 157.41 157.59 157.78 157.94 158.09 158.22 158.31 158.41 158.47 158.56 158.62 158.69 158.78 158.84 158.91 158.94 158.97 159.00 159.03 159.06 159.06 159.09 159.09 159.06 159.09 159.06 159.06 159.06 159.03 159.00 158.97 158.94 158.91 158.91 158.88 158.88 158.88 158.88 158.88 158.88 158.88 158.88 158.88 158.91 158.91 158.94 159.00 159.06 159.12 159.16 159.22 159.25 159.25 159.28 159.31 159.31 159.34 159.34 159.31 159.31 159.31 159.28 158.84 158.78 158.84 158.88 158.94
156.56 156.75 156.94 157.12 157.31 157.50 157.69 157.84 157.97 158.09 158.19 158.28 158.38 158.44 158.53 158.59 158.66 158.72 158.78 158.84 158.88 158.88 158.91 158.94 158.94 158.94 158.97 158.97 158.97 158.97 158.94 158.94 158.91 158.88 158.84 158.81 158.78 158.75 158.72 158.72 158.72 158.75 158.75 158.75 158.75 158.75 158.75 158.78 158.78 158.81 158.88 158.94 159.00 159.06 159.09 159.12 159.16 159.19 159.22 159.22 159.22 159.25 159.22 159.22 159.22 159.22 158.91 158.75 158.78 158.84 158.91
156.47 156.66 156.84 157.03 157.22 157.41 157.56 157.72 157.84 157.97 158.06 158.16 158.25 158.34 158.41 158.50 158.56 158.62 158.69 158.72 158.75 158.75 158.78 158.78 158.78 158.81 158.81 158.81 158.81 158.84 158.81 158.81 158.78 158.75 158.72 158.66 158.62 158.62 158.59 158.56 158.59 158.62 158.62 158.62 158.62 158.62 158.62 158.62 158.66 158.69 158.72 158.81 158.88 158.91 158.97 158.97 159.03 159.06 159.06 159.09 159.12 159.12 159.12 159.16 159.16 159.12 158.97 158.72 158.75 158.78 158.84
156.34 156.53 156.72 156.91 157.09 157.28 157.44 157.59 157.72 157.84 157.94 158.03 158.12 158.22 158.31 158.38 158.44 158.50 158.53 158.59 158.62 158.62 158.66 158.66 158.66 158.66 158.69 158.69 158.69 158.69 158.69 158.69 158.66 158.62 158.56 158.53 158.50 158.44 158.44 158.44 158.47 158.47 158.50 158.50 158.50 158.50 158.50 158.50 158.53 158.53 158.59 158.66 158.72 158.72 158.81 158.81 158.88 158.91 158.94 158.97 159.00 159.00 159.03 159.03 159.09 159.03 159.00 158.69 158.69 158.72 158.75
156.19 156.41 156.59 156.78 156.97 157.12 157.28 157.44 157.56 157.69 157.81 157.91 158.00 158.09 158.16 158.25 158.31 158.34 158.41 158.44 158.47 158.50 158.53 158.53 158.53 158.56 158.56 158.56 158.59 158.59 158.56 158.56 158.50 158.47 158.44 158.38 158.34 158.31 158.31 158.31 158.34 158.34 158.34 158.38 158.38 158.38 158.38 158.38 158.41 158.41 158.44 158.47 158.50 158.59 158.62 158.66 158.72 158.72 158.75 158.81 158.81 158.84 158.88 158.91 158.97 158.97 158.94 158.84 158.56 158.59 158.66
156.06 156.25 156.44 156.62 156.81 157.00 157.16 157.28 157.44 157.56 157.66 157.75 157.84 157.94 158.00 158.09 158.16 158.19 158.25 158.28 158.31 158.34 158.38 158.41 158.41 158.44 158.44 158.44 158.47 158.47 158.44 158.41 158.41 158.34 158.28 158.22 158.19 158.19 158.16 158.16 158.19 158.19 158.22 158.22 158.22 158.22 158.22 158.25 158.25 158.28 158.31 158.34 158.34 158.41 158.44 158.47 158.53 158.56 158.56 158.62 158.62 158.69 158.75 158.75 158.78 158.94 158.94 158.88 158.53 158.53 158.56
155.91 156.09 156.28 156.47 156.66 156.81 157.00 157.12 157.28 157.41 157.50 157.59 157.69 157.78 157.84 157.91 157.97 158.03 158.06 158.09 158.16 158.19 158.22 158.25 158.25 158.28 158.31 158.31 158.34 158.34 158.31 158.31 158.25 158.19 158.16 158.06 158.06 158.03 158.00 158.03 158.03 158.06 158.06 158.09 158.09 158.06 158.09 158.09 158.12 158.12 158.16 158.19 158.22 158.22 158.28 158.28 158.34 158.38 158.41 158.44 158.50 158.53 158.56 158.59 158.62 158.81 158.78 158.72 158.53 158.53 158.50
155.75 155.94 156.12 156.31 156.50 156.66 156.81 156.97 157.09 157.22 157.34 157.44 157.53 157.59 157.69 157.72 157.78 157.84 157.88 157.91 157.97 158.00 158.03 158.06 158.12 158.16 158.19 158.19 158.22 158.19 158.19 158.19 158.12 158.06 158.00 157.94 157.91 157.88 157.84 157.88 157.88 157.91 157.91 157.91 157.91 157.91 157.94 157.94 157.97 158.00 158.00 158.03 158.06 158.06 158.09 158.12 158.16 158.19 158.25 158.28 158.31 158.34 158.41 158.41 158.47 158.62 158.62 158.53 158.47 158.44 158.47
155.59 155.78 155.97 156.16 156.34 156.50 156.66 156.78 156.94 157.03 157.16 157.25 157.34 157.41 157.47 157.53 157.59 157.62 157.69 157.72 157.75 157.81 157.84 157.91 157.94 158.00 158.03 158.06 158.06 158.06 158.06 158.03 158.00 157.94 157.88 157.78 157.75 157.72 157.72 157.72 157.72 157.75 157.75 157.75 157.75 157.78 157.78 157.78 157.81 157.84 157.88 157.88 157.88 157.91 157.91 157.94 158.00 158.03 158.09 158.12 158.19 158.22 158.25 158.28 158.31 158.38 158.44 158.38 158.28 158.34 158.34
155.44 155.62 155.81 156.00 156.16 156.31 156.47 156.62 156.75 156.88 156.97 157.06 157.16 157.22 157.28 157.34 157.38 157.44 157.47 157.50 157.56 157.59 157.66 157.72 157.78 157.81 157.88 157.88 157.91 157.91 157.91 157.91 157.84 157.78 157.72 157.62 157.59 157.56 157.56 157.53 157.56 157.59 157.59 157.59 157.59 157.59 157.62 157.66 157.66 157.69 157.72 157.72 157.75 157.75 157.75 157.78 157.81 157.88 157.91 157.97 158.00 158.06 158.09 158.12 158.16 158.19 158.28 158.22 158.19 158.19 158.22
155.28 155.47 155.66 155.81 156.00 156.16 156.31 156.44 156.56 156.69 156.78 156.88 156.94 157.00 157.06 157.12 157.16 157.22 157.25 157.31 157.34 157.41 157.47 157.53 157.59 157.62 157.69 157.72 157.72 157.72 157.75 157.72 157.69 157.62 157.56 157.47 157.44 157.41 157.41 157.38 157.41 157.41 157.41 157.44 157.44 157.44 157.47 157.50 157.50 157.53 157.56 157.56 157.56 157.56 157.59 157.62 157.66 157.69 157.75 157.81 157.84 157.91 157.91 157.94 158.00 158.00 158.09 158.12 158.12 158.09 158.09
155.12 155.31 155.50 155.66 155.81 155.97 156.12 156.25 156.38 156.47 156.56 156.66 156.75 156.81 156.84 156.91 156.94 157.00 157.03 157.09 157.12 157.19 157.25 157.31 157.38 157.44 157.47 157.50 157.53 157.53 157.53 157.53 157.47 157.44 157.38 157.28 157.25 157.25 157.22 157.22 157.25 157.25 157.28 157.28 157.28 157.31 157.31 157.34 157.38 157.38 157.41 157.41 157.41 157.44 157.44 157.47 157.50 157.53 157.59 157.62 157.69 157.75 157.78 157.81 157.88 157.88 157.91 158.09 158.12 158.06 158.03
154.94 155.12 155.31 155.50 155.66 155.81 155.94 156.06 156.19 156.28 156.38 156.47 156.53 156.59 156.62 156.69 156.72 156.78 156.81 156.84 156.91 156.97 157.03 157.09 157.16 157.22 157.25 157.28 157.28 157.31 157.31 157.28 157.25 157.22 157.16 157.09 157.06 157.06 157.03 157.03 157.06 157.09 157.09 157.12 157.16 157.16 157.19 157.19 157.22 157.25 157.25 157.25 157.25 157.28 157.28 157.31 157.38 157.41 157.47 157.50 157.53 157.59 157.66 157.69 157.72 157.78 157.84 157.88 158.03 158.03 158.00
154.78 154.97 155.16 155.31 155.47 155.62 155.75 155.88 156.00 156.09 156.19 156.25 156.31 156.38 156.41 156.47 156.50 156.53 156.59 156.62 156.69 156.72 156.78 156.84 156.91 156.97 157.03 157.03 157.03 157.06 157.03 157.03 157.00 156.94 156.94 156.91 156.88 156.88 156.88 156.88 156.91 156.94 156.97 157.00 157.00 157.03 157.06 157.06 157.09 157.09 157.09 157.09 157.09 157.12 157.16 157.19 157.25 157.28 157.34 157.38 157.44 157.47 157.50 157.56 157.62 157.69 157.75 157.81 157.94 158.00 158.00
154.62 154.81 154.97 155.16 155.31 155.44 155.56 155.69 155.78 155.88 155.97 156.03 156.09 156.16 156.19 156.25 156.28 156.31 156.34 156.41 156.44 156.50 156.56 156.62 156.69 156.72 156.75 156.78 156.78 156.75 156.75 156.75 156.75 156.72 156.69 156.69 156.69 156.69 156.69 156.72 156.75 156.78 156.81 156.84 156.88 156.91 156.94 156.97 156.97 156.97 156.97 156.94 156.97 156.97 157.00 157.06 157.12 157.19 157.22 157.25 157.31 157.34 157.41 157.47 157.53 157.62 157.72 157.81 157.91 158.03 158.03
154.44 154.62 154.81 154.97 155.12 155.25 155.38 155.50 155.59 155.69 155.75 155.81 155.88 155.94 155.97 156.00 156.06 156.09 156.12 156.16 156.22 156.25 156.31 156.38 156.44 156.47 156.50 156.53 156.53 156.50 156.50 156.50 156.50 156.47 156.50 156.50 156.47 156.50 156.50 156.53 156.59 156.59 156.66 156.72 156.75 156.81 156.84 156.88 156.88 156.84 156.84 156.81 156.81 156.84 156.88 156.94 157.00 157.06 157.09 157.16 157.19 157.22 157.28 157.34 157.44 157.56 157.69 157.84 157.97 158.03 158.03
154.25 154.44 154.62 154.78 154.94 155.06 155.19 155.31 155.41 155.47 155.53 155.59 155.66 155.72 155.75 155.78 155.81 155.84 155.88 155.94 155.97 156.03 156.06 156.12 156.16 156.22 156.25 156.25 156.25 156.25 156.25 156.25 156.25 156.25 156.28 156.28 156.31 156.31 156.34 156.38 156.44 156.47 156.53 156.56 156.62 156.69 156.75 156.75 156.75 156.75 156.72 156.69 156.69 156.72 156.75 156.81 156.88 156.94 157.00 157.03 157.09 157.12 157.19 157.25 157.34 157.53 157.72 157.84 157.94 158.00 158.03
