everonasctiles/Tile15,23.asc
ncols 128
nrows 128
xllcorner 0
yllcorner 0
cellsize 2.0
NODATA_value  -9999
[rows 32 to 63 of 128, columns 0 to 72 of 128]
125.69 125.41 125.09 124.81 124.53 124.22 123.94 123.62 123.34 123.06 122.78 122.50 122.22 121.97 121.69 121.44 121.19 120.97 120.72 120.50 120.28 120.09 119.91 119.69 119.53 119.34 119.16 118.97 118.81 118.62 118.44 118.28 118.06 117.88 117.69 117.47 117.25 117.03 116.78 116.53 116.28 116.00 115.72 115.41 115.09 114.78 114.47 114.12 113.78 113.41 113.06 112.69 112.31 111.94 111.53 111.16 110.75 110.34 109.94 109.56 109.16 108.75 108.38 107.97 107.59 107.19 106.81 106.41 106.03 105.62 105.25 104.84 104.44
125.94 125.66 125.38 125.06 124.78 124.47 124.19 123.91 123.59 123.31 123.03 122.78 122.50 122.22 121.97 121.72 121.47 121.25 121.00 120.78 120.59 120.38 120.19 120.00 119.81 119.66 119.47 119.28 119.12 118.94 118.75 118.59 118.41 118.19 118.00 117.78 117.56 117.31 117.09 116.81 116.56 116.28 116.00 115.69 115.38 115.06 114.72 114.38 114.00 113.66 113.28 112.91 112.53 112.12 111.75 111.34 110.94 110.53 110.12 109.75 109.34 108.94 108.53 108.16 107.75 107.38 106.97 106.59 106.19 105.81 105.41 105.03 104.62
126.22 125.94 125.62 125.34 125.03 124.75 124.44 124.16 123.88 123.59 123.31 123.03 122.75 122.50 122.25 122.00 121.75 121.53 121.28 121.09 120.88 120.69 120.50 120.31 120.12 119.94 119.78 119.59 119.44 119.25 119.06 118.88 118.69 118.50 118.28 118.06 117.84 117.62 117.38 117.09 116.84 116.56 116.25 115.94 115.62 115.28 114.94 114.59 114.25 113.88 113.50 113.09 112.72 112.34 111.94 111.53 111.12 110.72 110.31 109.91 109.50 109.12 108.72 108.31 107.94 107.53 107.16 106.75 106.38 106.00 105.59 105.22 104.81
126.50 126.19 125.91 125.59 125.31 125.00 124.72 124.41 124.12 123.84 123.56 123.28 123.03 122.75 122.50 122.25 122.03 121.78 121.56 121.34 121.16 120.97 120.78 120.59 120.41 120.25 120.06 119.88 119.72 119.53 119.34 119.16 118.97 118.75 118.56 118.34 118.12 117.88 117.62 117.38 117.09 116.81 116.50 116.19 115.88 115.53 115.19 114.81 114.44 114.06 113.69 113.31 112.91 112.50 112.12 111.72 111.31 110.88 110.47 110.06 109.69 109.28 108.88 108.50 108.09 107.72 107.31 106.94 106.56 106.16 105.78 105.41 105.00
126.75 126.47 126.16 125.88 125.56 125.28 124.97 124.69 124.38 124.09 123.81 123.56 123.28 123.03 122.78 122.53 122.28 122.06 121.84 121.62 121.44 121.22 121.03 120.88 120.69 120.50 120.34 120.16 120.00 119.81 119.62 119.44 119.22 119.03 118.81 118.59 118.38 118.12 117.88 117.59 117.34 117.03 116.75 116.44 116.09 115.75 115.41 115.03 114.66 114.25 113.88 113.47 113.09 112.69 112.28 111.88 111.47 111.06 110.66 110.25 109.84 109.44 109.03 108.66 108.25 107.88 107.50 107.09 106.72 106.34 105.97 105.59 105.19
127.03 126.75 126.44 126.12 125.84 125.53 125.22 124.94 124.66 124.38 124.09 123.81 123.53 123.28 123.03 122.78 122.53 122.31 122.09 121.88 121.69 121.50 121.31 121.12 120.94 120.78 120.59 120.44 120.25 120.06 119.88 119.69 119.47 119.28 119.06 118.81 118.59 118.34 118.09 117.81 117.53 117.25 116.94 116.62 116.28 115.94 115.56 115.22 114.81 114.44 114.03 113.66 113.25 112.84 112.44 112.03 111.62 111.22 110.81 110.38 110.00 109.59 109.19 108.81 108.41 108.03 107.66 107.28 106.91 106.53 106.12 105.75 105.38
127.31 127.00 126.69 126.41 126.09 125.78 125.50 125.19 124.91 124.62 124.34 124.06 123.78 123.53 123.28 123.03 122.78 122.56 122.34 122.12 121.94 121.75 121.56 121.38 121.19 121.03 120.84 120.66 120.50 120.31 120.12 119.91 119.72 119.50 119.28 119.03 118.81 118.53 118.28 118.03 117.72 117.44 117.12 116.81 116.47 116.12 115.75 115.38 115.00 114.59 114.19 113.78 113.38 112.97 112.56 112.16 111.75 111.34 110.94 110.53 110.12 109.72 109.34 108.94 108.56 108.19 107.81 107.44 107.06 106.69 106.31 105.94 105.56
127.56 127.25 126.97 126.66 126.34 126.03 125.75 125.44 125.16 124.84 124.56 124.31 124.03 123.78 123.50 123.28 123.03 122.81 122.59 122.38 122.16 121.97 121.78 121.62 121.44 121.25 121.06 120.91 120.72 120.53 120.31 120.12 119.91 119.69 119.47 119.22 118.97 118.72 118.47 118.19 117.91 117.59 117.28 116.97 116.62 116.28 115.91 115.53 115.12 114.72 114.34 113.94 113.53 113.09 112.69 112.28 111.88 111.47 111.06 110.66 110.28 109.88 109.47 109.09 108.72 108.34 107.97 107.59 107.22 106.84 106.47 106.12 105.75
127.81 127.50 127.22 126.91 126.59 126.28 125.97 125.69 125.38 125.09 124.81 124.53 124.28 124.00 123.75 123.50 123.25 123.03 122.81 122.59 122.41 122.19 122.00 121.81 121.66 121.47 121.28 121.09 120.91 120.72 120.53 120.31 120.09 119.88 119.62 119.41 119.16 118.88 118.62 118.34 118.03 117.75 117.44 117.09 116.75 116.41 116.03 115.66 115.25 114.84 114.44 114.03 113.62 113.22 112.81 112.41 112.00 111.59 111.19 110.78 110.41 110.00 109.62 109.22 108.84 108.47 108.09 107.72 107.38 107.00 106.66 106.28 105.94
128.06 127.75 127.44 127.12 126.81 126.53 126.22 125.91 125.62 125.34 125.06 124.78 124.50 124.22 123.97 123.72 123.47 123.25 123.03 122.81 122.59 122.41 122.22 122.03 121.84 121.66 121.47 121.28 121.09 120.91 120.69 120.47 120.25 120.03 119.78 119.53 119.28 119.03 118.75 118.47 118.16 117.88 117.53 117.22 116.88 116.50 116.12 115.75 115.34 114.97 114.56 114.12 113.72 113.31 112.91 112.50 112.09 111.69 111.28 110.91 110.50 110.12 109.75 109.34 108.97 108.59 108.25 107.88 107.50 107.16 106.81 106.44 106.09
128.28 128.00 127.69 127.38 127.06 126.75 126.44 126.16 125.84 125.56 125.28 125.00 124.72 124.47 124.19 123.94 123.69 123.47 123.22 123.00 122.81 122.59 122.41 122.22 122.03 121.84 121.66 121.44 121.25 121.06 120.84 120.62 120.41 120.16 119.91 119.66 119.41 119.12 118.84 118.56 118.28 117.97 117.62 117.31 116.97 116.59 116.22 115.84 115.44 115.03 114.62 114.22 113.81 113.41 113.00 112.59 112.19 111.78 111.41 111.00 110.62 110.22 109.84 109.47 109.09 108.72 108.38 108.00 107.66 107.28 106.94 106.59 106.25
128.50 128.22 127.91 127.59 127.28 126.97 126.66 126.38 126.06 125.78 125.50 125.22 124.94 124.66 124.41 124.16 123.91 123.66 123.44 123.19 123.00 122.78 122.56 122.38 122.19 122.00 121.78 121.59 121.38 121.19 120.97 120.75 120.50 120.28 120.03 119.75 119.50 119.22 118.94 118.66 118.34 118.03 117.72 117.38 117.03 116.66 116.28 115.91 115.50 115.12 114.72 114.28 113.88 113.47 113.06 112.66 112.25 111.88 111.47 111.09 110.69 110.31 109.94 109.56 109.22 108.84 108.47 108.12 107.78 107.41 107.06 106.72 106.38
128.72 128.41 128.12 127.81 127.50 127.19 126.88 126.56 126.28 126.00 125.69 125.41 125.16 124.88 124.62 124.34 124.09 123.84 123.62 123.38 123.16 122.94 122.75 122.53 122.34 122.12 121.94 121.72 121.50 121.28 121.06 120.84 120.59 120.34 120.09 119.84 119.56 119.28 119.00 118.72 118.41 118.09 117.75 117.44 117.06 116.72 116.34 115.97 115.56 115.16 114.75 114.34 113.94 113.53 113.12 112.72 112.34 111.94 111.56 111.16 110.78 110.41 110.03 109.69 109.31 108.94 108.59 108.25 107.88 107.53 107.19 106.84 106.50
128.94 128.62 128.31 128.00 127.69 127.38 127.06 126.78 126.47 126.19 125.91 125.62 125.34 125.06 124.81 124.53 124.28 124.03 123.78 123.56 123.34 123.09 122.88 122.69 122.47 122.25 122.03 121.81 121.59 121.38 121.16 120.94 120.69 120.44 120.16 119.91 119.62 119.34 119.06 118.75 118.44 118.12 117.81 117.47 117.12 116.75 116.38 116.00 115.59 115.22 114.81 114.41 114.00 113.59 113.19 112.78 112.38 112.00 111.62 111.22 110.84 110.47 110.12 109.75 109.41 109.03 108.69 108.34 108.00 107.66 107.31 106.97 106.62
129.12 128.81 128.50 128.19 127.88 127.56 127.28 126.97 126.69 126.38 126.09 125.81 125.53 125.28 125.00 124.72 124.47 124.22 123.97 123.72 123.50 123.25 123.03 122.81 122.59 122.38 122.16 121.94 121.69 121.47 121.22 121.00 120.75 120.47 120.22 119.94 119.66 119.38 119.09 118.78 118.47 118.16 117.81 117.47 117.12 116.78 116.41 116.03 115.62 115.22 114.84 114.41 114.03 113.62 113.22 112.81 112.44 112.03 111.66 111.28 110.91 110.56 110.19 109.84 109.47 109.12 108.78 108.44 108.09 107.75 107.41 107.06 106.72
129.28 129.00 128.69 128.38 128.06 127.75 127.47 127.16 126.88 126.56 126.28 126.00 125.72 125.47 125.19 124.91 124.66 124.41 124.12 123.91 123.66 123.41 123.19 122.94 122.72 122.47 122.25 122.00 121.78 121.53 121.28 121.03 120.78 120.53 120.25 119.97 119.69 119.41 119.09 118.78 118.47 118.16 117.81 117.47 117.12 116.78 116.41 116.03 115.62 115.25 114.84 114.44 114.03 113.62 113.25 112.84 112.47 112.09 111.69 111.34 110.97 110.59 110.25 109.91 109.53 109.19 108.84 108.50 108.19 107.84 107.50 107.16 106.81
129.44 129.16 128.84 128.53 128.25 127.94 127.62 127.34 127.03 126.75 126.47 126.19 125.91 125.62 125.38 125.09 124.81 124.56 124.31 124.06 123.81 123.56 123.31 123.06 122.84 122.59 122.34 122.09 121.84 121.59 121.34 121.09 120.81 120.56 120.28 120.00 119.72 119.41 119.09 118.78 118.47 118.16 117.81 117.47 117.12 116.75 116.41 116.00 115.62 115.25 114.84 114.44 114.03 113.66 113.25 112.88 112.47 112.09 111.75 111.38 111.00 110.66 110.31 109.94 109.59 109.25 108.94 108.59 108.25 107.91 107.56 107.25 106.91
129.59 129.31 129.00 128.72 128.41 128.09 127.81 127.50 127.22 126.94 126.66 126.38 126.09 125.81 125.53 125.28 125.00 124.72 124.47 124.22 123.97 123.72 123.44 123.19 122.94 122.69 122.44 122.19 121.94 121.66 121.41 121.12 120.84 120.56 120.28 120.00 119.72 119.41 119.09 118.78 118.47 118.12 117.78 117.44 117.09 116.75 116.38 116.00 115.62 115.22 114.84 114.44 114.03 113.66 113.25 112.88 112.50 112.12 111.75 111.41 111.03 110.69 110.34 110.00 109.66 109.31 109.00 108.66 108.31 108.00 107.66 107.31 106.97
129.75 129.47 129.16 128.88 128.56 128.25 127.97 127.66 127.38 127.09 126.81 126.53 126.25 125.97 125.69 125.44 125.16 124.91 124.62 124.38 124.12 123.84 123.59 123.34 123.06 122.81 122.53 122.28 122.00 121.72 121.44 121.16 120.88 120.59 120.31 120.00 119.72 119.41 119.09 118.78 118.44 118.09 117.78 117.41 117.06 116.72 116.34 115.97 115.59 115.19 114.81 114.41 114.03 113.62 113.25 112.88 112.50 112.12 111.78 111.41 111.06 110.72 110.38 110.03 109.69 109.38 109.03 108.72 108.38 108.06 107.72 107.38 107.03
129.91 129.59 129.31 129.00 128.72 128.41 128.12 127.81 127.53 127.25 126.97 126.69 126.41 126.12 125.88 125.59 125.31 125.06 124.78 124.53 124.25 124.00 123.72 123.47 123.19 122.91 122.62 122.34 122.06 121.78 121.50 121.22 120.91 120.62 120.31 120.03 119.72 119.41 119.06 118.75 118.41 118.06 117.72 117.38 117.03 116.66 116.28 115.91 115.53 115.16 114.78 114.38 114.00 113.62 113.25 112.88 112.50 112.12 111.78 111.44 111.09 110.75 110.41 110.06 109.75 109.41 109.09 108.75 108.44 108.09 107.78 107.44 107.09
130.03 129.72 129.44 129.12 128.84 128.56 128.25 127.97 127.69 127.41 127.12 126.84 126.56 126.28 126.03 125.75 125.50 125.22 124.94 124.69 124.41 124.16 123.88 123.59 123.31 123.03 122.75 122.44 122.16 121.88 121.56 121.25 120.97 120.66 120.34 120.03 119.72 119.38 119.06 118.72 118.38 118.03 117.69 117.34 116.97 116.62 116.25 115.88 115.50 115.12 114.72 114.34 113.97 113.59 113.22 112.84 112.47 112.12 111.78 111.44 111.09 110.75 110.44 110.09 109.78 109.44 109.12 108.81 108.47 108.16 107.81 107.50 107.16
130.16 129.84 129.56 129.28 128.97 128.69 128.41 128.09 127.81 127.53 127.25 126.97 126.72 126.44 126.16 125.91 125.62 125.38 125.09 124.84 124.56 124.28 124.00 123.72 123.44 123.16 122.84 122.56 122.25 121.94 121.62 121.31 121.00 120.69 120.38 120.03 119.72 119.38 119.03 118.69 118.34 118.00 117.66 117.28 116.94 116.56 116.19 115.81 115.44 115.06 114.69 114.31 113.94 113.56 113.19 112.81 112.47 112.12 111.75 111.44 111.09 110.75 110.44 110.12 109.78 109.47 109.16 108.84 108.50 108.19 107.88 107.53 107.19
130.25 129.97 129.69 129.38 129.09 128.81 128.53 128.22 127.94 127.66 127.41 127.12 126.84 126.56 126.31 126.03 125.78 125.50 125.25 124.97 124.72 124.44 124.16 123.88 123.56 123.28 122.97 122.66 122.34 122.03 121.69 121.38 121.06 120.72 120.41 120.06 119.72 119.38 119.03 118.69 118.31 117.97 117.62 117.25 116.88 116.53 116.16 115.78 115.41 115.03 114.62 114.25 113.88 113.53 113.16 112.78 112.44 112.09 111.75 111.41 111.09 110.75 110.44 110.12 109.81 109.50 109.19 108.88 108.53 108.22 107.91 107.56 107.25
130.38 130.06 129.78 129.50 129.22 128.94 128.62 128.34 128.06 127.78 127.53 127.25 126.97 126.72 126.44 126.19 125.91 125.66 125.38 125.12 124.84 124.56 124.28 124.00 123.69 123.38 123.06 122.75 122.44 122.12 121.78 121.47 121.12 120.78 120.44 120.09 119.72 119.38 119.00 118.66 118.28 117.94 117.56 117.19 116.84 116.47 116.09 115.72 115.34 114.97 114.59 114.22 113.84 113.47 113.12 112.75 112.41 112.06 111.72 111.41 111.06 110.75 110.44 110.12 109.81 109.50 109.19 108.88 108.56 108.25 107.94 107.59 107.28
130.47 130.19 129.88 129.59 129.31 129.03 128.75 128.47 128.19 127.91 127.62 127.38 127.09 126.84 126.56 126.31 126.03 125.78 125.53 125.25 124.97 124.69 124.41 124.12 123.81 123.50 123.19 122.88 122.53 122.22 121.88 121.53 121.19 120.84 120.47 120.12 119.75 119.38 119.00 118.62 118.25 117.91 117.53 117.16 116.78 116.41 116.03 115.66 115.28 114.91 114.53 114.16 113.81 113.44 113.06 112.72 112.38 112.03 111.72 111.38 111.06 110.75 110.44 110.12 109.81 109.53 109.22 108.91 108.59 108.28 107.97 107.62 107.31
130.56 130.28 130.00 129.69 129.41 129.12 128.84 128.56 128.28 128.00 127.75 127.47 127.22 126.94 126.69 126.44 126.16 125.91 125.66 125.38 125.09 124.81 124.53 124.22 123.94 123.62 123.28 122.97 122.62 122.31 121.97 121.62 121.25 120.88 120.53 120.16 119.75 119.38 119.00 118.62 118.22 117.84 117.47 117.09 116.72 116.34 115.97 115.59 115.22 114.84 114.50 114.12 113.75 113.41 113.03 112.69 112.34 112.00 111.69 111.38 111.03 110.75 110.44 110.12 109.81 109.53 109.22 108.91 108.59 108.28 107.97 107.66 107.31
130.66 130.38 130.06 129.78 129.50 129.22 128.94 128.66 128.38 128.09 127.84 127.56 127.31 127.03 126.78 126.53 126.28 126.03 125.75 125.50 125.22 124.94 124.66 124.34 124.03 123.72 123.41 123.06 122.75 122.41 122.03 121.69 121.31 120.94 120.56 120.16 119.78 119.38 118.97 118.59 118.22 117.81 117.44 117.06 116.69 116.31 115.94 115.56 115.19 114.81 114.44 114.06 113.72 113.34 113.00 112.66 112.31 111.97 111.66 111.34 111.03 110.72 110.41 110.12 109.81 109.53 109.22 108.91 108.62 108.31 108.00 107.66 107.34
130.72 130.44 130.16 129.88 129.59 129.31 129.03 128.75 128.47 128.19 127.94 127.66 127.41 127.12 126.88 126.62 126.38 126.12 125.88 125.59 125.31 125.03 124.75 124.47 124.16 123.84 123.50 123.16 122.81 122.47 122.12 121.75 121.38 121.00 120.59 120.19 119.78 119.38 118.97 118.56 118.19 117.78 117.41 117.00 116.62 116.25 115.88 115.50 115.12 114.75 114.38 114.03 113.66 113.31 112.97 112.62 112.28 111.94 111.62 111.31 111.00 110.69 110.41 110.09 109.81 109.53 109.22 108.91 108.62 108.31 108.00 107.69 107.34
130.81 130.53 130.25 129.94 129.66 129.38 129.09 128.81 128.53 128.28 128.00 127.75 127.47 127.22 126.97 126.72 126.47 126.22 125.97 125.69 125.44 125.16 124.84 124.56 124.25 123.94 123.59 123.25 122.91 122.56 122.19 121.81 121.41 121.03 120.62 120.19 119.78 119.38 118.97 118.53 118.12 117.75 117.34 116.97 116.56 116.19 115.81 115.44 115.06 114.69 114.34 113.97 113.62 113.25 112.91 112.56 112.25 111.91 111.59 111.28 110.97 110.69 110.38 110.09 109.81 109.50 109.22 108.91 108.62 108.31 108.00 107.69 107.34
130.88 130.59 130.31 130.03 129.72 129.44 129.16 128.88 128.62 128.34 128.06 127.81 127.56 127.31 127.06 126.81 126.56 126.31 126.06 125.78 125.53 125.25 124.94 124.66 124.34 124.00 123.69 123.34 122.97 122.62 122.25 121.84 121.47 121.06 120.62 120.22 119.78 119.34 118.94 118.53 118.09 117.69 117.31 116.91 116.53 116.12 115.75 115.38 115.03 114.66 114.28 113.94 113.56 113.22 112.88 112.53 112.22 111.88 111.56 111.25 110.97 110.66 110.38 110.06 109.78 109.50 109.22 108.91 108.62 108.31 108.00 107.69 107.38
130.94 130.66 130.38 130.09 129.81 129.50 129.22 128.94 128.69 128.41 128.16 127.88 127.62 127.38 127.12 126.88 126.62 126.41 126.12 125.88 125.59 125.31 125.03 124.72 124.41 124.09 123.75 123.41 123.03 122.69 122.28 121.88 121.47 121.06 120.62 120.22 119.78 119.34 118.91 118.50 118.06 117.66 117.25 116.84 116.47 116.09 115.72 115.34 114.97 114.59 114.25 113.88 113.53 113.19 112.84 112.50 112.19 111.84 111.53 111.22 110.94 110.62 110.34 110.06 109.78 109.47 109.19 108.91 108.59 108.31 108.00 107.69 107.38
131.03 130.72 130.44 130.16 129.88 129.56 129.28 129.00 128.75 128.47 128.19 127.94 127.69 127.44 127.19 126.97 126.72 126.47 126.22 125.94 125.69 125.41 125.09 124.81 124.50 124.16 123.81 123.47 123.09 122.72 122.31 121.91 121.50 121.06 120.62 120.19 119.75 119.31 118.88 118.44 118.03 117.62 117.22 116.81 116.41 116.03 115.66 115.28 114.91 114.56 114.19 113.84 113.50 113.16 112.81 112.47 112.12 111.81 111.50 111.19 110.91 110.59 110.31 110.03 109.75 109.47 109.19 108.88 108.59 108.28 107.97 107.69 107.34
