everonasctiles/Tile9,7.asc
ncols 128
nrows 128
xllcorner 0
yllcorner 0
cellsize 2.0
NODATA_value  -9999
[rows 34 to 67 of 128, columns 0 to 75 of 128]
-4.62 -4.78 -5.03 -5.12 -4.97 -4.66 -4.50 -4.38 -4.41 -4.53 -4.56 -4.56 -4.66 -4.88 -5.09 -5.25 -5.22 -5.03 -4.88 -4.75 -5.09 -5.22 -4.94 -4.31 -4.28 -4.59 -4.78 -4.56 -4.28 -4.16 -4.09 -4.06 -4.03 -4.00 -4.00 -3.97 -3.97 -3.97 -3.97 -3.97 -4.00 -4.00 -4.00 -3.97 -3.94 -4.03 -4.41 -4.88 -5.12 -5.38 -5.47 -5.56 -5.69 -5.69 -5.47 -5.00 -4.88 -5.00 -5.19 -5.38 -5.59 -5.78 -5.94 -6.12 -6.31 -6.50 -6.69 -6.94 -7.16 -7.34 -7.50 -7.66 -7.81 -7.97 -8.12 -8.31
-5.09 -5.25 -5.28 -5.25 -5.09 -4.88 -4.69 -4.53 -4.47 -4.50 -4.56 -4.62 -4.75 -4.91 -4.97 -5.03 -4.91 -4.66 -4.62 -4.72 -5.31 -5.22 -4.72 -4.09 -4.03 -4.22 -4.41 -4.38 -4.34 -4.25 -4.19 -4.16 -4.09 -4.06 -4.03 -4.00 -3.97 -3.94 -3.94 -3.94 -3.91 -3.91 -3.91 -3.91 -3.88 -4.03 -4.50 -4.91 -5.12 -5.31 -5.34 -5.44 -5.59 -5.69 -5.59 -5.28 -4.97 -5.00 -5.12 -5.31 -5.53 -5.78 -5.97 -6.16 -6.34 -6.50 -6.69 -6.94 -7.16 -7.34 -7.53 -7.72 -7.91 -8.06 -8.19 -8.38
-5.66 -5.53 -5.22 -5.06 -5.06 -5.03 -4.97 -4.78 -4.66 -4.66 -4.69 -4.69 -4.69 -4.69 -4.66 -4.59 -4.62 -4.69 -4.81 -5.06 -5.44 -5.22 -4.53 -4.22 -4.16 -4.28 -4.41 -4.41 -4.38 -4.34 -4.28 -4.22 -4.16 -4.09 -4.03 -4.00 -3.97 -3.94 -3.91 -3.88 -3.88 -3.84 -3.84 -3.84 -3.81 -3.88 -4.22 -4.62 -5.00 -5.22 -5.28 -5.22 -5.38 -5.56 -5.53 -5.34 -5.03 -5.00 -5.09 -5.31 -5.56 -5.72 -5.91 -6.09 -6.31 -6.50 -6.66 -6.84 -7.03 -7.22 -7.47 -7.69 -7.88 -8.03 -8.22 -8.38
-6.31 -5.88 -5.31 -5.06 -5.03 -5.12 -5.16 -5.06 -4.94 -4.88 -4.88 -4.84 -4.72 -4.66 -4.66 -4.81 -5.00 -5.25 -5.38 -5.62 -5.53 -5.16 -4.62 -4.56 -4.56 -4.53 -4.62 -4.56 -4.47 -4.41 -4.31 -4.25 -4.19 -4.12 -4.06 -4.00 -3.97 -3.94 -3.88 -3.84 -3.81 -3.78 -3.78 -3.78 -3.81 -3.81 -4.06 -4.44 -4.88 -5.22 -5.25 -5.19 -5.19 -5.38 -5.47 -5.25 -4.91 -4.94 -5.09 -5.38 -5.62 -5.88 -6.03 -6.16 -6.28 -6.44 -6.62 -6.84 -7.03 -7.22 -7.47 -7.69 -7.91 -8.09 -8.25 -8.38
-6.28 -5.91 -5.44 -5.19 -5.19 -5.22 -5.22 -5.16 -5.09 -4.97 -4.97 -5.00 -4.97 -5.00 -5.12 -5.38 -5.56 -5.62 -5.59 -5.53 -5.50 -5.31 -5.12 -5.12 -5.16 -5.06 -4.81 -4.62 -4.53 -4.44 -4.38 -4.28 -4.22 -4.16 -4.09 -4.03 -3.97 -3.91 -3.88 -3.81 -3.75 -3.75 -3.75 -3.75 -3.78 -3.81 -4.09 -4.53 -4.91 -5.16 -5.22 -5.19 -5.12 -5.19 -5.34 -5.31 -4.94 -4.88 -5.12 -5.38 -5.62 -5.81 -6.06 -6.25 -6.41 -6.56 -6.69 -6.84 -7.06 -7.22 -7.41 -7.62 -7.84 -8.03 -8.19 -8.31
-5.88 -5.72 -5.53 -5.41 -5.38 -5.41 -5.44 -5.34 -5.19 -5.09 -5.12 -5.25 -5.41 -5.53 -5.69 -5.75 -5.75 -5.56 -5.34 -5.25 -5.34 -5.41 -5.47 -5.47 -5.41 -5.12 -4.78 -4.69 -4.59 -4.47 -4.41 -4.31 -4.25 -4.16 -4.09 -4.03 -3.97 -3.91 -3.84 -3.78 -3.72 -3.72 -3.72 -3.75 -3.78 -3.78 -4.00 -4.44 -4.72 -4.97 -5.16 -5.22 -5.25 -5.19 -5.31 -5.41 -5.09 -4.97 -5.16 -5.34 -5.56 -5.72 -5.91 -6.19 -6.44 -6.66 -6.81 -6.91 -7.03 -7.19 -7.31 -7.50 -7.75 -7.94 -8.12 -8.28
-6.03 -5.88 -5.66 -5.59 -5.59 -5.66 -5.62 -5.47 -5.31 -5.22 -5.25 -5.44 -5.72 -5.81 -5.69 -5.50 -5.41 -5.25 -5.09 -5.09 -5.16 -5.22 -5.22 -5.28 -5.28 -4.91 -4.78 -4.69 -4.59 -4.50 -4.41 -4.34 -4.25 -4.19 -4.12 -4.03 -3.97 -3.91 -3.81 -3.72 -3.72 -3.72 -3.72 -3.72 -3.75 -3.75 -3.84 -3.97 -4.22 -4.59 -5.06 -5.25 -5.34 -5.28 -5.28 -5.50 -5.44 -5.22 -5.28 -5.44 -5.59 -5.75 -5.94 -6.12 -6.34 -6.59 -6.81 -6.97 -7.09 -7.19 -7.31 -7.50 -7.69 -7.91 -8.09 -8.28
-6.03 -5.88 -5.72 -5.69 -5.75 -5.78 -5.59 -5.44 -5.34 -5.31 -5.41 -5.66 -5.94 -5.72 -5.12 -4.88 -4.84 -4.84 -4.84 -4.84 -4.81 -4.81 -4.78 -4.84 -4.94 -4.84 -4.78 -4.69 -4.59 -4.53 -4.44 -4.38 -4.28 -4.22 -4.12 -4.06 -4.00 -3.91 -3.78 -3.72 -3.72 -3.72 -3.72 -3.72 -3.72 -3.75 -3.78 -3.75 -3.66 -4.00 -4.62 -5.09 -5.34 -5.41 -5.31 -5.47 -5.66 -5.41 -5.34 -5.41 -5.53 -5.69 -5.88 -6.06 -6.28 -6.53 -6.78 -6.97 -7.16 -7.31 -7.44 -7.59 -7.75 -7.94 -8.09 -8.31
-6.19 -5.97 -5.88 -5.88 -5.97 -5.94 -5.78 -5.59 -5.53 -5.53 -5.75 -6.16 -6.09 -5.62 -4.97 -4.78 -4.78 -4.75 -4.72 -4.69 -4.66 -4.62 -4.66 -4.69 -4.81 -4.78 -4.75 -4.69 -4.59 -4.53 -4.47 -4.38 -4.31 -4.25 -4.16 -4.09 -4.00 -3.88 -3.78 -3.75 -3.72 -3.72 -3.72 -3.72 -3.72 -3.75 -3.75 -3.75 -3.59 -3.81 -4.25 -4.91 -5.28 -5.44 -5.38 -5.41 -5.56 -5.56 -5.44 -5.34 -5.44 -5.59 -5.81 -6.00 -6.25 -6.50 -6.72 -6.94 -7.16 -7.34 -7.50 -7.66 -7.78 -7.91 -8.09 -8.31
-6.62 -6.38 -6.19 -6.03 -6.03 -5.94 -5.81 -5.62 -5.59 -5.69 -6.16 -6.38 -6.06 -5.31 -4.94 -4.84 -4.81 -4.81 -4.78 -4.75 -4.69 -4.66 -4.66 -4.69 -4.78 -4.78 -4.72 -4.69 -4.62 -4.56 -4.50 -4.41 -4.34 -4.25 -4.19 -4.12 -4.00 -3.88 -3.81 -3.78 -3.75 -3.75 -3.72 -3.72 -3.72 -3.75 -3.75 -3.72 -3.62 -3.66 -4.06 -4.81 -5.19 -5.34 -5.41 -5.44 -5.56 -5.75 -5.72 -5.53 -5.47 -5.53 -5.75 -6.00 -6.22 -6.41 -6.62 -6.84 -7.09 -7.34 -7.50 -7.69 -7.88 -8.06 -8.25 -8.44
-6.84 -6.62 -6.41 -6.19 -5.97 -5.81 -5.75 -5.66 -5.75 -6.00 -6.22 -6.00 -5.75 -5.41 -5.06 -4.81 -4.84 -4.91 -4.94 -4.88 -4.81 -4.78 -4.75 -4.75 -4.81 -4.78 -4.75 -4.72 -4.66 -4.59 -4.53 -4.44 -4.38 -4.28 -4.22 -4.12 -4.03 -3.94 -3.88 -3.81 -3.78 -3.78 -3.75 -3.75 -3.75 -3.75 -3.75 -3.75 -3.69 -3.59 -3.97 -4.62 -5.09 -5.31 -5.44 -5.41 -5.53 -5.72 -5.78 -5.78 -5.78 -5.75 -5.91 -6.16 -6.34 -6.50 -6.62 -6.78 -6.97 -7.22 -7.44 -7.66 -7.91 -8.09 -8.25 -8.41
-6.78 -6.66 -6.50 -6.38 -6.22 -6.09 -5.91 -5.78 -5.88 -6.00 -5.94 -5.88 -5.75 -5.59 -5.44 -5.22 -4.94 -5.00 -5.09 -5.06 -5.00 -4.94 -4.88 -4.84 -4.84 -4.81 -4.78 -4.75 -4.69 -4.66 -4.56 -4.50 -4.41 -4.34 -4.25 -4.16 -4.12 -4.03 -3.94 -3.88 -3.84 -3.81 -3.81 -3.81 -3.78 -3.78 -3.78 -3.78 -3.75 -3.81 -4.03 -4.47 -4.91 -5.16 -5.31 -5.38 -5.47 -5.59 -5.72 -5.81 -6.00 -6.12 -6.25 -6.47 -6.66 -6.78 -6.88 -6.91 -6.94 -7.06 -7.34 -7.59 -7.81 -8.00 -8.19 -8.38
-6.81 -6.69 -6.53 -6.41 -6.28 -6.19 -6.09 -6.03 -6.00 -5.97 -5.94 -5.88 -5.78 -5.66 -5.53 -5.41 -5.31 -5.16 -5.19 -5.22 -5.16 -5.09 -5.00 -4.97 -4.91 -4.88 -4.84 -4.81 -4.75 -4.69 -4.62 -4.56 -4.47 -4.38 -4.31 -4.22 -4.16 -4.09 -4.00 -3.94 -3.91 -3.88 -3.84 -3.84 -3.84 -3.81 -3.81 -3.84 -3.81 -3.97 -4.06 -4.34 -4.78 -5.00 -5.22 -5.34 -5.50 -5.62 -5.69 -5.81 -6.00 -6.19 -6.38 -6.53 -6.75 -6.94 -7.09 -7.16 -7.03 -7.03 -7.25 -7.53 -7.75 -7.88 -8.09 -8.28
-6.81 -6.72 -6.56 -6.47 -6.38 -6.28 -6.19 -6.12 -6.06 -6.03 -6.00 -5.94 -5.88 -5.78 -5.66 -5.56 -5.47 -5.38 -5.34 -5.41 -5.28 -5.19 -5.16 -5.12 -5.00 -4.97 -4.94 -4.88 -4.81 -4.75 -4.69 -4.62 -4.53 -4.44 -4.38 -4.28 -4.22 -4.12 -4.06 -4.00 -3.97 -3.94 -3.91 -3.88 -3.88 -3.88 -3.88 -3.88 -3.91 -4.03 -4.16 -4.41 -4.75 -5.03 -5.22 -5.34 -5.47 -5.56 -5.69 -5.84 -6.00 -6.16 -6.34 -6.56 -6.78 -7.00 -7.19 -7.25 -7.12 -7.00 -7.25 -7.56 -7.78 -7.91 -8.06 -8.22
-6.81 -6.72 -6.59 -6.53 -6.47 -6.41 -6.31 -6.16 -6.16 -6.12 -6.06 -6.00 -5.94 -5.84 -5.78 -5.69 -5.59 -5.53 -5.44 -5.47 -5.44 -5.38 -5.34 -5.22 -5.09 -5.06 -5.03 -4.97 -4.91 -4.84 -4.75 -4.69 -4.59 -4.50 -4.41 -4.31 -4.25 -4.16 -4.12 -4.09 -4.03 -4.00 -3.97 -3.97 -3.94 -3.94 -3.94 -3.94 -3.97 -4.09 -4.28 -4.53 -4.81 -5.09 -5.31 -5.38 -5.47 -5.53 -5.56 -5.72 -5.88 -6.06 -6.28 -6.53 -6.81 -7.00 -7.19 -7.31 -7.22 -7.06 -7.22 -7.66 -7.97 -8.09 -8.19 -8.28
-6.88 -6.78 -6.69 -6.62 -6.56 -6.44 -6.34 -6.28 -6.25 -6.22 -6.16 -6.09 -6.00 -5.94 -5.88 -5.81 -5.72 -5.69 -5.62 -5.53 -5.50 -5.44 -5.41 -5.28 -5.22 -5.19 -5.12 -5.06 -5.00 -4.94 -4.84 -4.78 -4.69 -4.59 -4.50 -4.38 -4.28 -4.22 -4.19 -4.16 -4.09 -4.06 -4.03 -4.00 -4.00 -3.97 -3.97 -3.97 -3.97 -4.12 -4.34 -4.56 -4.78 -5.03 -5.25 -5.34 -5.38 -5.44 -5.53 -5.62 -5.72 -5.91 -6.12 -6.44 -6.78 -7.03 -7.19 -7.31 -7.34 -7.31 -7.50 -7.81 -8.09 -8.31 -8.47 -8.56
-6.91 -6.84 -6.75 -6.69 -6.62 -6.53 -6.47 -6.41 -6.34 -6.28 -6.22 -6.16 -6.09 -6.03 -5.97 -5.91 -5.84 -5.81 -5.75 -5.62 -5.56 -5.53 -5.50 -5.44 -5.34 -5.28 -5.22 -5.16 -5.09 -5.03 -4.94 -4.88 -4.78 -4.69 -4.56 -4.47 -4.34 -4.31 -4.25 -4.22 -4.19 -4.12 -4.09 -4.06 -4.06 -4.03 -4.03 -4.00 -3.88 -4.12 -4.31 -4.44 -4.59 -4.88 -5.16 -5.25 -5.28 -5.34 -5.47 -5.56 -5.56 -5.75 -5.97 -6.31 -6.69 -6.97 -7.22 -7.44 -7.59 -7.72 -7.88 -8.00 -8.12 -8.28 -8.50 -8.75
-6.97 -6.91 -6.84 -6.78 -6.69 -6.62 -6.53 -6.47 -6.41 -6.34 -6.28 -6.22 -6.16 -6.09 -6.06 -6.00 -5.97 -5.91 -5.88 -5.81 -5.75 -5.69 -5.69 -5.62 -5.47 -5.41 -5.31 -5.25 -5.19 -5.12 -5.06 -4.97 -4.88 -4.78 -4.66 -4.56 -4.44 -4.38 -4.34 -4.31 -4.25 -4.22 -4.19 -4.16 -4.12 -4.12 -4.12 -4.06 -4.00 -4.12 -4.19 -4.25 -4.41 -4.69 -5.00 -5.16 -5.16 -5.22 -5.31 -5.47 -5.56 -5.69 -5.97 -6.28 -6.69 -6.91 -7.16 -7.44 -7.69 -7.88 -8.00 -8.06 -8.19 -8.34 -8.56 -8.81
-7.12 -7.00 -6.91 -6.81 -6.75 -6.66 -6.59 -6.53 -6.47 -6.41 -6.34 -6.28 -6.25 -6.19 -6.12 -6.09 -6.06 -6.03 -6.06 -5.97 -5.91 -5.84 -5.81 -5.75 -5.66 -5.50 -5.44 -5.38 -5.31 -5.22 -5.16 -5.06 -4.97 -4.88 -4.78 -4.66 -4.53 -4.47 -4.44 -4.41 -4.34 -4.31 -4.28 -4.25 -4.25 -4.25 -4.25 -4.28 -4.31 -4.25 -4.22 -4.28 -4.44 -4.62 -4.91 -5.16 -5.31 -5.31 -5.31 -5.47 -5.66 -5.88 -6.09 -6.31 -6.56 -6.75 -6.97 -7.34 -7.66 -7.88 -8.00 -8.06 -8.19 -8.38 -8.59 -8.84
-7.22 -7.09 -6.97 -6.88 -6.78 -6.72 -6.66 -6.59 -6.53 -6.47 -6.41 -6.34 -6.31 -6.25 -6.22 -6.19 -6.12 -6.12 -6.19 -6.09 -6.03 -6.00 -5.97 -5.94 -5.84 -5.62 -5.53 -5.47 -5.41 -5.34 -5.25 -5.16 -5.06 -4.97 -4.88 -4.78 -4.66 -4.56 -4.53 -4.50 -4.47 -4.44 -4.41 -4.38 -4.38 -4.38 -4.41 -4.47 -4.59 -4.53 -4.50 -4.62 -4.75 -4.84 -5.06 -5.31 -5.50 -5.50 -5.38 -5.34 -5.69 -5.97 -6.12 -6.22 -6.38 -6.56 -6.69 -7.03 -7.50 -7.75 -7.88 -7.97 -8.12 -8.34 -8.59 -8.84
-7.31 -7.19 -7.06 -6.94 -6.84 -6.78 -6.72 -6.66 -6.59 -6.53 -6.47 -6.41 -6.38 -6.31 -6.28 -6.25 -6.22 -6.12 -6.12 -6.12 -6.12 -6.12 -6.12 -6.06 -5.97 -5.75 -5.66 -5.59 -5.50 -5.44 -5.34 -5.28 -5.19 -5.09 -5.00 -4.91 -4.78 -4.66 -4.62 -4.59 -4.56 -4.53 -4.50 -4.50 -4.50 -4.50 -4.50 -4.56 -4.72 -4.78 -4.84 -4.94 -5.03 -5.06 -5.16 -5.34 -5.59 -5.75 -5.78 -5.69 -5.84 -5.84 -5.91 -5.97 -6.12 -6.38 -6.47 -6.69 -7.16 -7.53 -7.75 -7.91 -8.12 -8.34 -8.59 -8.81
-7.38 -7.28 -7.16 -7.03 -6.91 -6.81 -6.75 -6.69 -6.62 -6.59 -6.53 -6.47 -6.41 -6.38 -6.34 -6.31 -6.22 -6.22 -6.31 -6.31 -6.25 -6.19 -6.19 -6.12 -6.00 -5.84 -5.75 -5.69 -5.62 -5.53 -5.47 -5.38 -5.28 -5.22 -5.12 -5.03 -4.91 -4.75 -4.75 -4.72 -4.69 -4.66 -4.62 -4.62 -4.62 -4.62 -4.53 -4.62 -4.88 -5.12 -5.19 -5.19 -5.16 -5.19 -5.31 -5.47 -5.72 -5.94 -6.00 -6.00 -5.88 -5.75 -5.78 -5.91 -6.06 -6.31 -6.47 -6.53 -6.84 -7.31 -7.62 -7.88 -8.06 -8.25 -8.47 -8.69
-7.44 -7.34 -7.25 -7.12 -7.03 -6.88 -6.81 -6.75 -6.69 -6.62 -6.56 -6.50 -6.47 -6.41 -6.38 -6.31 -6.22 -6.41 -6.44 -6.47 -6.44 -6.38 -6.28 -6.19 -6.06 -5.94 -5.88 -5.81 -5.72 -5.66 -5.56 -5.50 -5.41 -5.31 -5.25 -5.16 -5.00 -4.88 -4.84 -4.81 -4.78 -4.75 -4.72 -4.72 -4.72 -4.75 -4.78 -4.84 -5.03 -5.28 -5.38 -5.38 -5.31 -5.34 -5.53 -5.72 -5.97 -6.09 -6.16 -6.12 -6.09 -6.03 -6.03 -6.09 -6.19 -6.41 -6.62 -6.69 -6.75 -7.06 -7.53 -7.81 -7.94 -8.06 -8.22 -8.41
-7.50 -7.41 -7.31 -7.22 -7.09 -6.97 -6.84 -6.78 -6.72 -6.66 -6.59 -6.53 -6.50 -6.44 -6.38 -6.25 -6.41 -6.59 -6.59 -6.59 -6.59 -6.56 -6.50 -6.41 -6.22 -6.06 -5.97 -5.91 -5.84 -5.78 -5.69 -5.62 -5.53 -5.47 -5.41 -5.31 -5.09 -4.91 -4.97 -4.97 -4.94 -4.88 -4.84 -4.84 -4.88 -4.94 -4.94 -4.97 -5.06 -5.16 -5.25 -5.31 -5.44 -5.53 -5.75 -5.97 -6.09 -6.19 -6.25 -6.31 -6.41 -6.44 -6.44 -6.44 -6.47 -6.59 -6.78 -6.84 -6.88 -6.97 -7.34 -7.62 -7.72 -7.78 -7.81 -7.97
-7.53 -7.47 -7.38 -7.28 -7.16 -7.03 -6.91 -6.81 -6.72 -6.66 -6.62 -6.56 -6.50 -6.50 -6.47 -6.44 -6.69 -6.84 -6.84 -6.81 -6.78 -6.69 -6.66 -6.59 -6.31 -6.16 -6.09 -6.03 -5.97 -5.91 -5.84 -5.75 -5.69 -5.62 -5.56 -5.50 -5.31 -5.22 -5.19 -5.22 -5.19 -5.09 -4.97 -4.88 -4.88 -4.91 -4.94 -4.94 -4.91 -4.91 -4.94 -5.03 -5.25 -5.47 -5.88 -6.03 -6.09 -6.09 -6.12 -6.25 -6.41 -6.56 -6.62 -6.69 -6.72 -6.78 -6.88 -6.88 -6.94 -7.03 -7.19 -7.41 -7.50 -7.44 -7.47 -7.59
-7.56 -7.50 -7.44 -7.34 -7.22 -7.12 -7.00 -6.88 -6.75 -6.69 -6.66 -6.56 -6.59 -6.59 -6.56 -6.69 -6.97 -7.06 -7.06 -7.03 -7.00 -6.94 -6.81 -6.69 -6.38 -6.28 -6.22 -6.16 -6.09 -6.03 -6.00 -5.94 -5.88 -5.78 -5.72 -5.69 -5.59 -5.53 -5.56 -5.59 -5.53 -5.34 -5.12 -5.06 -5.03 -5.00 -4.97 -4.91 -4.84 -4.81 -4.84 -4.91 -5.09 -5.38 -5.75 -5.94 -5.91 -5.91 -5.97 -6.09 -6.25 -6.44 -6.66 -6.78 -6.84 -6.94 -6.91 -6.84 -6.88 -7.06 -7.19 -7.31 -7.38 -7.31 -7.28 -7.41
-7.62 -7.53 -7.47 -7.38 -7.28 -7.19 -7.06 -6.97 -6.81 -6.78 -6.72 -6.66 -6.69 -6.75 -6.72 -6.97 -7.19 -7.22 -7.16 -7.12 -7.09 -7.03 -6.94 -6.81 -6.47 -6.38 -6.31 -6.25 -6.22 -6.19 -6.16 -6.09 -6.03 -6.00 -5.94 -5.94 -5.88 -5.84 -5.91 -5.88 -5.72 -5.47 -5.31 -5.28 -5.25 -5.19 -5.09 -5.03 -5.00 -4.97 -4.97 -5.09 -5.31 -5.56 -5.75 -5.75 -5.72 -5.81 -5.91 -6.00 -6.16 -6.34 -6.59 -6.81 -6.91 -7.00 -6.97 -6.88 -6.88 -7.03 -7.22 -7.31 -7.34 -7.25 -7.16 -7.19
-7.66 -7.59 -7.50 -7.41 -7.31 -7.22 -7.16 -7.06 -6.91 -6.84 -6.81 -6.81 -6.88 -6.91 -6.84 -7.16 -7.38 -7.41 -7.31 -7.25 -7.16 -7.06 -6.91 -6.78 -6.50 -6.44 -6.41 -6.38 -6.34 -6.34 -6.31 -6.28 -6.25 -6.19 -6.16 -6.19 -6.16 -6.16 -6.22 -6.12 -5.94 -5.75 -5.66 -5.56 -5.44 -5.34 -5.28 -5.22 -5.19 -5.12 -5.19 -5.38 -5.69 -5.75 -5.56 -5.47 -5.50 -5.69 -5.84 -5.97 -6.16 -6.34 -6.56 -6.78 -6.91 -7.00 -7.03 -6.91 -6.91 -7.03 -7.19 -7.25 -7.28 -7.19 -7.12 -7.09
-7.69 -7.62 -7.56 -7.47 -7.38 -7.28 -7.19 -7.12 -6.97 -6.94 -6.91 -6.97 -7.03 -7.06 -7.06 -7.31 -7.53 -7.59 -7.47 -7.38 -7.25 -7.06 -6.88 -6.69 -6.56 -6.53 -6.50 -6.47 -6.50 -6.50 -6.50 -6.47 -6.47 -6.44 -6.41 -6.38 -6.44 -6.53 -6.56 -6.53 -6.34 -6.19 -6.12 -6.00 -5.88 -5.69 -5.59 -5.47 -5.38 -5.34 -5.41 -5.62 -5.81 -5.69 -5.41 -5.34 -5.41 -5.53 -5.69 -5.84 -6.09 -6.31 -6.53 -6.75 -6.88 -6.97 -7.00 -6.94 -6.91 -7.00 -7.09 -7.19 -7.25 -7.25 -7.22 -7.25
-7.78 -7.72 -7.62 -7.53 -7.44 -7.34 -7.25 -7.19 -7.00 -7.00 -7.03 -7.09 -7.19 -7.34 -7.44 -7.47 -7.62 -7.69 -7.62 -7.44 -7.28 -7.12 -6.91 -6.75 -6.62 -6.59 -6.59 -6.59 -6.59 -6.62 -6.62 -6.62 -6.62 -6.62 -6.66 -6.66 -6.81 -6.97 -6.97 -6.94 -6.78 -6.69 -6.62 -6.53 -6.38 -6.19 -6.03 -5.84 -5.72 -5.66 -5.72 -5.84 -5.84 -5.56 -5.41 -5.44 -5.47 -5.50 -5.59 -5.75 -5.97 -6.19 -6.41 -6.59 -6.75 -6.88 -7.00 -7.06 -7.06 -7.06 -7.16 -7.22 -7.28 -7.34 -7.41 -7.50
-7.84 -7.78 -7.69 -7.59 -7.50 -7.41 -7.31 -7.25 -7.06 -7.09 -7.16 -7.25 -7.34 -7.53 -7.75 -7.69 -7.66 -7.66 -7.56 -7.41 -7.28 -7.16 -7.00 -6.84 -6.69 -6.69 -6.69 -6.69 -6.72 -6.75 -6.78 -6.78 -6.81 -6.84 -6.84 -6.94 -7.28 -7.28 -7.16 -6.81 -6.59 -6.59 -6.62 -6.53 -6.41 -6.31 -6.31 -6.22 -6.12 -6.09 -6.03 -6.00 -5.81 -5.53 -5.50 -5.56 -5.59 -5.62 -5.66 -5.75 -5.94 -6.09 -6.25 -6.44 -6.62 -6.78 -6.94 -7.12 -7.25 -7.28 -7.31 -7.34 -7.41 -7.47 -7.59 -7.72
-7.91 -7.84 -7.75 -7.66 -7.56 -7.47 -7.38 -7.28 -7.19 -7.22 -7.28 -7.38 -7.41 -7.50 -7.97 -8.06 -7.88 -7.72 -7.59 -7.41 -7.31 -7.22 -7.06 -6.94 -6.78 -6.75 -6.78 -6.81 -6.84 -6.91 -6.94 -6.97 -7.00 -7.00 -7.03 -7.09 -7.41 -7.19 -6.94 -6.59 -6.44 -6.41 -6.47 -6.41 -6.25 -6.12 -6.12 -6.16 -6.19 -6.22 -6.12 -5.94 -5.78 -5.66 -5.62 -5.59 -5.62 -5.62 -5.62 -5.69 -5.78 -5.94 -6.06 -6.28 -6.50 -6.78 -6.94 -7.12 -7.31 -7.41 -7.47 -7.53 -7.62 -7.72 -7.84 -8.00
-7.97 -7.91 -7.81 -7.69 -7.59 -7.53 -7.44 -7.34 -7.28 -7.31 -7.41 -7.50 -7.47 -7.56 -8.12 -8.41 -8.19 -7.88 -7.69 -7.50 -7.38 -7.28 -7.12 -7.00 -6.91 -6.84 -6.88 -6.94 -6.97 -7.00 -7.06 -7.09 -7.12 -7.16 -7.19 -7.25 -7.31 -7.12 -6.94 -6.75 -6.66 -6.56 -6.50 -6.44 -6.31 -6.19 -6.09 -6.06 -6.03 -6.00 -5.97 -5.91 -5.88 -5.81 -5.75 -5.66 -5.59 -5.56 -5.53 -5.56 -5.66 -5.75 -5.94 -6.16 -6.41 -6.69 -6.94 -7.09 -7.25 -7.44 -7.56 -7.75 -7.84 -7.94 -8.06 -8.22
-8.06 -7.97 -7.84 -7.75 -7.66 -7.59 -7.50 -7.41 -7.38 -7.44 -7.50 -7.56 -7.66 -7.81 -8.25 -8.56 -8.56 -8.22 -7.88 -7.66 -7.53 -7.44 -7.22 -7.06 -6.97 -6.94 -7.00 -7.03 -7.06 -7.09 -7.16 -7.19 -7.25 -7.28 -7.34 -7.38 -7.41 -7.25 -7.09 -6.94 -6.88 -6.75 -6.56 -6.44 -6.31 -6.25 -6.22 -6.22 -6.19 -6.16 -6.12 -6.09 -6.06 -6.00 -5.84 -5.69 -5.62 -5.56 -5.56 -5.59 -5.66 -5.81 -5.94 -6.09 -6.31 -6.62 -6.88 -7.03 -7.19 -7.34 -7.53 -7.72 -7.91 -8.00 -8.12 -8.28
