everonasctiles/Tile[39,11].asc
ncols 128
nrows 128
xllcorner 0
yllcorner 0
cellsize 2.0
NODATA_value  -9999
[rows 96 to 127 of 128, columns 0 to 70 of 128]
261.19 260.09 258.94 258.22 257.50 257.03 256.75 256.41 255.78 254.88 254.34 253.88 253.34 253.12 252.88 252.28 251.69 251.03 250.28 249.56 248.53 247.59 246.53 245.62 244.81 243.94 243.16 242.47 242.06 241.62 241.12 240.41 239.59 238.88 238.06 237.25 236.50 236.12 235.56 235.00 234.47 234.03 234.22 233.94 232.88 232.34 231.53 230.84 230.31 229.94 229.09 229.19 229.97 229.56 229.31 229.03 228.66 228.25 227.91 227.66 227.88 228.59 228.84 229.00 229.06 229.03 228.69 228.06 227.66 226.91 224.91
261.03 260.25 259.38 258.50 257.75 257.03 256.59 256.25 255.53 254.84 254.12 253.56 253.06 252.53 252.16 251.62 251.09 250.47 249.84 249.03 248.22 247.44 246.31 245.38 244.69 243.97 243.28 242.75 242.28 241.66 241.09 240.44 239.88 239.44 238.66 237.66 236.94 236.19 235.50 235.19 234.66 234.50 234.03 234.12 233.28 232.38 231.50 231.00 230.62 230.66 230.47 230.34 230.38 230.19 229.84 229.56 229.22 228.75 228.50 228.53 228.56 229.34 229.81 230.00 230.06 230.12 229.84 229.25 229.06 228.53 227.31
260.91 260.16 259.31 258.44 257.56 256.97 256.50 256.16 255.59 254.75 253.94 253.31 252.75 252.09 251.53 251.09 250.69 250.12 249.50 248.78 247.97 247.09 246.06 245.16 244.59 244.03 243.00 241.94 241.47 241.12 240.91 240.41 239.84 239.47 239.06 238.38 237.72 236.84 236.12 235.97 235.25 234.12 233.53 232.88 232.03 232.06 231.66 231.56 231.38 231.69 231.25 230.91 230.69 230.78 230.41 230.12 229.91 229.69 229.88 230.00 229.75 230.25 230.78 230.41 231.25 231.47 231.28 230.41 229.81 229.38 228.53
260.59 259.97 259.25 258.34 257.47 256.94 256.47 256.00 255.44 254.69 253.72 253.06 252.38 251.88 251.22 250.66 250.12 249.59 249.09 248.31 247.50 246.66 245.88 245.09 244.47 243.50 242.44 241.62 241.53 240.94 240.41 240.03 239.56 238.94 238.78 238.72 238.47 237.88 236.59 235.44 234.41 233.31 233.25 233.00 232.66 232.31 232.03 232.03 232.66 232.03 231.56 231.19 231.25 231.12 230.88 230.66 230.59 230.62 230.97 231.25 231.09 231.16 231.00 230.84 232.69 233.00 232.81 232.28 230.50 230.66 229.84
260.31 259.69 259.09 258.12 257.34 256.81 256.41 255.97 255.31 254.41 253.22 252.72 252.03 251.47 250.81 250.25 249.66 249.09 248.31 247.75 246.91 246.12 245.47 245.00 244.50 243.84 243.03 242.72 242.09 241.44 240.84 240.25 239.62 239.00 238.59 238.41 238.31 237.50 235.34 234.88 234.44 233.94 233.53 233.09 232.72 233.12 233.38 233.22 232.78 232.41 232.06 231.84 231.78 231.56 231.31 231.22 231.31 231.50 231.88 232.25 232.28 232.31 232.41 232.69 234.28 234.53 234.25 233.66 232.03 232.19 231.19
260.25 259.34 258.88 258.03 257.31 256.78 256.31 255.81 255.25 254.34 253.12 252.25 251.75 251.19 250.62 250.06 249.19 248.47 247.75 247.16 246.56 246.03 245.50 245.03 244.41 243.88 243.56 243.03 242.38 241.88 241.19 240.41 239.75 239.53 239.53 239.41 238.50 236.88 236.12 235.41 234.72 234.00 233.69 233.88 233.97 233.56 233.34 233.12 233.12 232.94 232.59 232.31 232.09 231.84 231.69 231.69 231.84 232.41 232.97 233.41 233.53 234.28 235.16 235.62 235.94 235.94 235.50 234.81 234.06 233.41 232.25
260.09 259.19 258.56 257.88 257.16 256.62 256.19 255.56 255.00 254.03 253.06 252.22 251.59 250.97 250.38 249.84 249.19 248.12 247.75 247.31 246.66 246.00 245.38 244.78 244.31 243.88 243.34 243.06 242.69 242.19 241.62 240.97 240.44 240.28 240.09 239.28 237.69 237.16 236.41 235.88 236.22 235.69 234.97 234.53 234.38 234.00 233.84 233.91 233.78 233.50 233.03 232.53 232.34 232.12 232.03 232.16 232.59 233.34 233.94 234.53 234.88 235.59 236.69 237.25 237.44 237.16 236.53 235.72 235.22 234.34 232.91
259.88 259.00 258.06 257.38 256.72 256.41 255.94 255.44 254.84 254.06 253.16 252.28 251.56 250.97 250.44 249.81 249.09 248.50 248.16 247.41 246.69 246.00 245.50 244.97 244.47 243.91 243.53 243.16 242.78 242.28 241.84 241.34 240.75 240.66 240.44 239.00 238.22 237.59 237.31 237.31 236.38 235.81 235.56 235.38 235.16 234.84 234.78 234.72 234.44 234.03 233.38 232.84 232.62 232.41 232.34 233.00 233.62 234.22 234.88 235.50 236.03 237.12 238.19 238.75 238.75 238.28 237.53 236.78 235.97 234.81 233.12
259.72 258.81 257.88 256.97 256.38 256.03 255.72 255.28 254.69 254.03 253.12 252.34 251.56 251.09 250.56 250.00 249.34 248.88 248.31 247.56 246.94 246.28 245.72 245.09 244.69 244.28 243.78 243.25 242.78 242.50 242.09 241.56 241.22 241.28 240.09 239.28 238.84 238.28 238.50 237.78 237.56 237.53 237.41 237.06 236.53 235.94 235.69 235.38 234.91 234.41 233.66 233.12 232.84 232.62 232.94 233.75 234.44 235.00 235.81 236.56 237.38 238.53 239.50 240.03 239.94 239.34 238.47 237.47 236.28 234.75 232.94
259.41 258.53 257.53 256.62 256.00 255.59 255.47 255.09 254.59 254.00 253.25 252.47 251.62 251.00 250.59 250.00 249.53 249.00 248.38 247.59 247.00 246.53 246.03 245.56 245.22 244.69 244.22 243.84 243.19 242.66 242.38 242.09 242.03 241.84 240.12 239.78 239.38 239.66 239.28 238.75 238.88 238.94 238.78 238.31 237.69 237.03 236.41 235.91 235.28 234.62 234.00 233.62 233.41 233.19 233.53 234.44 235.09 235.75 236.47 237.50 238.53 239.66 240.66 241.12 240.94 240.19 239.03 237.62 236.06 234.59 231.84
259.16 258.19 257.38 256.59 255.72 255.19 255.19 254.81 254.44 253.88 253.25 252.53 251.69 251.06 250.47 249.97 249.53 248.94 248.31 247.75 247.22 246.81 246.31 245.97 245.53 245.16 244.56 243.81 243.50 243.31 242.91 242.50 242.31 241.19 240.59 240.22 240.28 240.50 240.47 240.09 240.06 239.91 239.47 238.81 238.12 237.41 236.72 236.09 235.47 234.84 234.41 234.19 233.94 233.91 234.00 234.88 235.81 236.50 236.97 238.00 239.03 240.81 241.66 241.94 241.47 240.41 238.94 237.47 235.53 232.88 230.72
258.75 257.72 256.84 256.12 255.47 254.88 254.56 254.47 254.09 253.66 253.12 252.50 251.84 251.12 250.59 250.06 249.62 249.12 248.50 247.97 247.47 247.03 246.59 246.16 245.72 245.25 244.59 244.19 244.09 243.78 243.50 242.69 241.69 241.19 241.03 240.97 241.41 241.47 241.06 241.06 240.78 240.25 239.44 238.62 237.91 237.28 236.75 236.19 235.66 235.28 234.91 234.97 234.81 234.84 234.84 235.41 236.50 237.16 237.78 238.28 239.91 241.91 242.38 242.28 241.41 240.03 237.88 236.12 234.25 232.09 231.09
258.06 257.12 256.06 255.56 255.16 254.75 254.16 253.94 253.69 253.31 252.88 252.34 251.78 251.19 250.66 250.19 249.75 249.25 248.72 248.06 247.53 247.12 246.72 246.31 245.88 245.50 245.03 244.53 244.22 243.53 243.16 242.22 241.38 241.44 241.03 241.62 241.66 241.44 241.34 241.28 241.25 240.25 239.25 238.38 237.75 237.22 236.81 236.47 236.44 236.16 236.00 235.62 235.50 235.38 235.72 236.16 236.94 237.88 238.72 239.50 241.28 242.62 242.81 242.78 240.91 238.66 237.16 235.81 234.00 232.72 232.75
257.50 256.53 255.44 255.06 254.72 254.41 253.81 253.50 253.12 252.84 252.53 252.09 251.62 251.09 250.62 250.16 249.72 249.25 248.75 248.22 247.66 247.22 246.75 246.38 245.94 245.56 245.16 244.75 244.41 244.12 242.88 241.81 241.81 241.50 241.66 242.19 241.72 241.53 241.66 241.88 241.56 240.66 239.69 238.84 238.47 238.09 237.72 237.50 237.25 237.06 236.69 236.34 235.94 235.88 236.59 237.06 237.56 238.38 239.06 241.25 242.59 243.16 242.94 241.53 239.72 238.62 237.00 236.12 234.75 234.03 232.56
257.12 256.19 255.22 254.69 254.34 254.00 253.53 253.12 252.69 252.38 252.12 251.81 251.38 250.94 250.50 250.09 249.69 249.22 248.72 248.22 247.75 247.31 247.00 246.44 245.94 245.50 245.19 244.81 244.31 243.69 242.28 242.09 241.97 241.50 242.19 242.41 241.81 241.66 241.66 241.75 241.50 241.00 240.34 239.69 239.22 238.88 238.72 238.47 238.12 237.88 237.44 237.31 236.69 236.59 237.16 237.97 238.53 238.88 239.44 242.28 243.31 243.59 242.28 240.78 240.31 239.66 238.50 236.69 235.72 234.28 233.41
257.06 255.78 255.03 254.50 254.12 253.69 253.22 252.81 252.47 252.09 251.81 251.47 251.22 250.62 250.28 250.06 249.59 249.09 248.62 248.19 247.59 247.25 246.94 246.62 246.16 245.56 245.12 244.88 244.03 243.09 242.41 242.25 242.03 243.25 243.41 243.00 242.50 242.00 242.00 241.97 241.81 241.41 241.00 240.47 239.91 239.94 239.66 239.19 238.88 238.50 238.22 238.28 237.53 237.75 237.91 238.81 239.19 239.19 240.53 242.94 243.97 243.97 242.50 241.69 241.50 240.91 239.38 238.34 236.09 234.91 234.81
256.66 255.69 254.78 254.31 253.91 253.56 253.12 252.62 252.12 251.81 251.50 251.12 250.88 250.44 250.12 249.75 249.47 249.03 248.38 247.84 247.50 247.16 246.66 246.28 246.06 245.84 245.34 244.16 243.19 242.81 242.59 242.16 243.31 243.91 243.41 243.34 242.97 242.69 242.44 242.28 242.12 241.91 241.66 241.12 240.62 240.56 240.22 239.81 239.25 238.78 239.00 238.72 238.09 238.44 239.09 239.59 239.44 239.91 241.88 244.25 244.66 244.50 243.09 243.06 242.47 241.50 240.84 239.66 236.78 236.12 236.31
256.38 255.56 254.88 254.34 254.03 253.53 253.12 252.62 252.16 251.66 251.28 251.00 250.69 250.41 250.09 249.75 249.31 248.84 248.50 248.19 247.94 247.50 247.06 246.66 246.28 245.66 244.62 243.62 243.22 242.97 243.12 243.12 243.22 243.41 243.50 243.34 243.09 243.12 242.75 242.56 242.38 242.25 242.09 241.69 241.25 241.22 240.78 240.25 239.81 239.72 239.66 239.09 238.75 238.84 239.44 240.31 240.84 241.09 243.56 245.62 245.47 245.25 244.53 244.34 243.19 242.06 242.03 241.72 238.84 238.97 241.16
256.31 255.75 255.00 254.38 253.91 253.50 253.06 252.53 252.00 251.56 251.22 250.88 250.56 250.28 250.09 249.78 249.28 249.03 248.69 248.31 247.91 247.53 247.09 246.59 244.94 244.38 243.91 243.62 243.72 243.81 243.72 243.38 243.12 243.12 243.12 243.03 243.06 242.69 242.59 242.41 242.62 242.62 242.62 242.41 241.84 241.62 241.47 240.97 240.50 240.19 239.94 239.66 239.25 239.34 240.47 241.75 242.38 243.06 245.78 246.16 246.38 246.12 245.84 245.44 244.12 243.25 243.25 242.97 241.19 242.38 241.91
256.12 255.59 255.00 254.34 253.78 253.34 252.91 252.34 251.84 251.44 251.16 250.88 250.59 250.34 249.97 249.66 249.34 249.03 248.69 248.31 247.94 247.44 246.09 245.38 244.56 244.38 244.06 244.53 244.50 244.12 243.72 243.34 243.16 243.06 243.44 243.03 242.88 242.59 242.56 242.81 242.97 243.09 243.09 242.97 242.66 242.41 242.34 241.97 241.09 240.62 240.47 240.25 240.25 240.41 241.88 243.16 243.94 246.22 247.09 247.28 247.25 246.97 246.84 246.56 245.25 244.41 245.31 243.12 243.06 243.81 243.50
255.91 255.47 254.94 254.31 253.59 253.00 252.75 252.25 251.81 251.38 251.09 250.81 250.50 250.16 249.84 249.59 249.31 249.00 248.62 248.16 246.59 245.97 245.44 245.12 244.84 244.69 245.66 246.19 244.62 243.97 243.72 243.56 243.44 243.53 243.41 243.31 242.91 242.72 242.75 243.19 243.38 243.56 243.66 243.75 243.78 243.59 243.41 243.09 242.09 241.66 241.41 241.47 241.56 241.84 242.78 243.88 246.03 247.59 248.16 248.28 248.06 247.75 247.66 247.00 245.19 246.59 246.84 245.03 246.00 245.81 245.19
255.66 255.28 254.84 254.19 253.25 252.75 252.56 252.16 251.72 251.34 250.97 250.69 250.44 250.06 249.81 249.53 249.28 248.97 248.41 246.62 246.09 245.81 245.59 245.31 245.53 246.19 245.62 244.62 244.16 244.12 244.06 243.97 243.75 243.72 243.69 243.50 243.25 243.19 243.00 243.44 243.84 244.03 244.22 244.38 244.53 244.53 244.44 244.28 243.50 242.62 242.91 242.78 242.59 243.56 244.12 246.12 248.03 248.88 249.34 249.22 248.78 248.44 248.19 247.44 246.44 247.91 248.03 248.12 248.22 248.09 247.66
255.41 255.06 254.66 254.19 253.25 252.81 252.31 251.81 251.59 251.22 250.94 250.56 250.31 250.03 249.69 249.47 249.22 248.72 247.91 246.31 246.03 245.91 246.25 246.41 246.75 246.12 245.28 244.62 244.62 244.66 244.47 244.31 244.03 243.88 244.03 244.12 243.69 243.69 243.59 243.69 244.12 244.59 244.81 244.94 245.12 245.34 245.38 245.22 244.41 243.75 244.47 244.50 244.66 245.53 246.75 248.06 249.28 250.16 250.41 250.16 249.69 249.09 248.66 248.34 248.38 249.00 249.41 249.69 249.72 249.19 248.31
255.12 254.78 254.38 253.81 253.09 252.62 252.19 251.75 251.41 251.09 250.81 250.44 250.19 249.88 249.66 249.38 248.88 248.16 246.88 246.19 246.12 246.66 246.88 246.59 246.06 245.44 245.03 244.88 245.03 245.09 245.06 244.91 244.69 244.44 244.44 244.56 244.38 244.22 244.03 244.12 244.59 244.91 245.28 245.44 245.62 246.06 246.22 246.09 245.12 245.22 245.69 246.09 246.50 247.00 247.88 249.12 250.38 251.22 251.41 251.16 250.69 249.69 249.19 249.28 249.41 249.91 250.59 251.09 251.16 250.12 250.12
254.84 254.53 254.19 253.75 253.28 252.62 251.97 251.72 251.38 250.97 250.62 250.38 250.16 250.06 249.88 249.28 248.53 247.06 246.44 246.25 246.22 246.97 246.72 246.06 245.75 245.53 245.50 245.31 245.47 245.59 245.66 245.62 245.66 245.38 245.16 244.91 244.88 244.94 245.03 245.06 245.31 245.69 246.06 246.09 246.12 246.75 247.00 246.94 246.12 246.00 246.41 246.59 247.00 247.47 248.62 249.88 251.06 251.94 252.28 252.16 251.50 250.66 250.22 250.03 249.91 250.03 251.56 252.34 252.75 251.59 253.66
254.47 254.25 253.94 253.56 253.12 252.69 252.25 251.91 251.38 250.88 250.56 250.28 250.34 250.22 249.72 249.00 247.59 246.56 246.47 246.25 246.72 247.34 246.72 246.19 245.97 245.84 245.78 245.81 245.97 246.16 246.25 246.28 246.28 246.16 245.91 245.56 245.41 245.47 245.59 245.94 246.22 246.50 246.78 246.66 246.88 247.41 247.78 247.84 247.22 246.88 247.03 247.03 247.38 248.03 248.91 250.16 251.31 252.31 252.91 253.03 252.78 252.44 251.53 251.06 250.72 250.41 251.59 253.69 254.47 255.22 255.69
254.28 254.00 253.62 253.28 252.94 252.56 252.19 251.78 251.38 250.94 250.56 250.41 250.75 250.25 249.47 248.62 247.28 246.69 246.53 246.31 247.19 247.34 246.84 246.66 246.19 246.09 246.22 246.34 246.59 246.72 246.78 246.81 246.78 246.72 246.56 246.28 246.16 246.06 246.19 246.62 246.84 247.12 247.28 247.09 247.38 247.78 248.56 248.81 248.62 248.03 247.97 247.88 247.97 248.38 248.91 249.69 251.03 252.34 253.19 253.66 253.75 253.69 253.06 251.97 251.38 251.59 252.16 255.44 256.25 256.97 257.38
253.69 253.56 253.19 252.88 252.62 252.34 252.03 251.69 251.31 250.91 250.53 250.59 250.56 249.97 249.12 247.62 246.88 246.78 246.38 247.06 247.78 247.38 247.31 247.22 246.41 246.50 246.66 246.94 247.09 247.16 247.25 247.28 247.28 247.25 246.91 246.88 247.03 246.88 246.94 247.28 247.50 247.72 247.75 247.91 247.84 248.34 249.31 249.72 249.72 249.41 248.94 248.69 248.81 249.06 249.19 249.78 250.75 252.41 253.12 253.91 254.41 254.53 254.41 253.62 252.81 254.44 255.22 256.97 257.94 258.75 259.09
253.34 252.94 252.78 252.50 252.25 252.06 251.78 251.47 251.16 250.78 250.44 250.59 250.31 249.56 248.69 247.16 247.00 246.41 247.12 248.12 247.91 248.06 247.97 247.62 246.91 246.88 247.22 247.50 247.62 247.66 247.56 247.75 247.75 247.75 247.44 247.41 247.53 247.44 247.66 247.81 247.97 248.28 248.44 248.47 248.81 249.16 249.97 250.47 250.69 250.72 250.19 249.84 249.88 249.56 249.81 250.09 250.94 251.81 252.25 253.66 254.66 255.25 255.47 255.78 255.62 255.97 256.72 258.28 259.62 260.44 260.72
253.03 252.72 252.47 252.16 252.03 251.75 251.47 251.22 250.94 250.62 250.38 250.38 250.00 249.22 247.94 247.12 246.91 247.19 247.69 248.03 248.16 248.53 248.34 247.81 247.56 247.66 247.91 248.19 248.22 248.22 248.25 248.06 248.22 248.22 248.16 248.22 248.34 248.12 248.12 248.22 248.41 248.62 248.81 248.75 249.47 250.03 250.47 251.06 251.41 251.50 251.59 250.94 251.00 250.81 250.72 250.81 251.00 251.53 252.22 252.91 253.91 255.66 256.34 256.66 256.91 257.56 258.28 260.16 261.25 262.03 262.22
252.81 252.53 252.22 251.97 251.72 251.47 251.16 250.84 250.59 250.38 250.28 250.00 249.75 248.88 247.44 247.22 246.97 247.78 247.81 248.03 248.25 248.47 248.34 248.12 248.22 248.50 248.56 248.69 248.78 248.81 248.72 248.56 248.59 248.81 248.94 249.06 249.03 248.91 248.94 248.78 248.94 249.12 249.25 249.22 249.50 250.12 250.81 251.47 251.94 252.22 252.31 252.38 252.00 251.97 251.78 251.88 251.81 252.00 252.25 253.09 254.28 256.12 256.91 257.56 257.88 258.06 259.25 261.75 262.75 263.47 263.62
252.38 252.09 251.88 251.72 251.47 251.25 251.00 250.72 250.47 250.19 250.03 249.94 249.66 248.44 247.28 247.28 247.44 247.94 247.94 248.06 248.34 248.50 248.41 248.56 248.75 249.03 249.09 249.22 249.28 249.38 249.22 249.16 249.03 249.25 249.44 249.66 249.72 249.62 249.66 249.41 249.50 249.62 249.69 249.72 249.88 250.28 250.84 251.75 252.34 252.75 252.97 253.28 253.50 253.31 253.03 253.03 252.81 252.72 252.72 253.03 253.97 255.81 257.47 258.31 258.84 258.81 261.53 263.00 264.16 264.81 264.97
