everonasctiles/Tile35,14.asc
ncols 128
nrows 128
xllcorner 0
yllcorner 0
cellsize 2.0
NODATA_value  -9999
[rows 64 to 95 of 128, columns 0 to 70 of 128]
242.00 242.78 243.06 242.75 242.75 243.25 243.50 243.47 242.94 242.91 242.81 242.84 242.75 242.59 242.47 242.41 242.06 241.81 241.84 242.00 242.31 242.50 242.62 242.59 242.47 242.22 241.66 241.19 240.91 240.91 241.06 240.91 240.81 240.97 241.31 241.59 242.16 242.75 242.97 243.12 242.97 243.06 243.59 243.97 244.31 244.62 244.84 244.97 244.91 244.53 244.34 244.50 244.31 244.12 243.59 243.25 243.03 243.19 243.28 243.19 243.06 242.75 242.66 242.69 242.66 243.03 243.12 243.25 243.38 243.25 243.03
243.50 243.97 244.16 243.44 243.38 243.97 244.69 244.69 244.50 244.41 244.44 244.16 243.97 243.66 243.38 243.19 242.72 242.41 242.44 242.53 242.75 242.91 242.97 242.97 242.94 242.66 242.19 241.97 241.62 241.50 241.41 241.28 241.38 241.38 241.56 241.84 242.22 242.81 243.16 243.31 243.19 243.44 243.97 244.41 244.75 245.12 245.41 245.56 245.53 245.19 245.00 245.16 245.06 244.94 244.59 243.88 243.69 243.66 243.66 243.66 243.59 243.41 243.09 243.00 243.06 243.47 243.53 243.66 243.84 243.78 243.47
244.81 245.25 245.59 245.34 244.31 245.03 245.94 245.97 245.81 245.56 245.38 245.06 244.78 244.44 244.09 243.81 243.34 243.00 242.91 243.03 243.16 243.28 243.31 243.34 243.31 243.31 243.03 242.94 242.41 241.94 241.88 241.78 241.84 241.91 242.00 242.12 242.38 242.91 243.47 243.53 243.56 243.97 244.38 244.75 245.19 245.56 245.91 246.12 246.16 246.03 245.62 245.91 245.94 245.81 245.44 244.88 244.53 244.41 244.09 243.94 244.03 243.91 243.59 243.41 243.62 243.91 244.00 244.03 244.25 243.97 244.78
245.75 246.47 247.03 247.31 247.84 247.09 247.41 247.31 247.03 246.66 246.22 245.75 245.38 245.03 244.66 244.34 243.75 243.59 243.34 243.38 243.50 243.53 243.59 243.69 243.75 243.72 243.66 243.47 243.16 242.69 242.34 242.34 242.38 242.34 242.28 242.41 242.66 243.03 243.69 243.75 243.84 244.28 244.72 244.97 245.53 245.94 246.34 246.62 246.78 246.94 246.44 246.66 246.84 246.72 246.56 245.84 245.62 245.25 244.84 244.22 244.41 244.34 244.16 243.97 243.97 244.34 244.28 244.41 244.66 244.56 244.91
246.25 247.44 248.22 248.75 248.97 249.12 248.91 248.56 248.16 247.62 247.03 246.41 245.91 245.47 245.09 244.75 244.16 243.81 243.81 243.91 243.88 243.91 244.03 244.12 244.16 244.19 244.12 243.97 243.78 243.44 243.00 243.09 242.81 242.72 242.69 242.66 242.94 243.34 243.81 243.97 244.06 244.62 244.97 245.34 245.72 246.28 246.72 247.09 247.34 247.47 247.59 247.31 247.69 247.62 247.53 247.03 246.69 246.28 245.50 244.62 244.75 244.78 244.59 244.50 244.44 244.59 244.66 244.75 245.00 245.16 245.44
247.50 248.16 249.12 249.78 250.12 250.19 250.00 249.66 249.12 248.47 247.72 247.00 246.25 245.81 245.53 245.09 244.56 244.25 244.31 244.31 244.16 244.28 244.44 244.53 244.59 244.62 244.59 244.47 244.31 243.88 243.56 243.41 243.19 243.19 243.25 243.16 243.28 243.69 244.00 244.22 244.22 244.75 245.28 245.66 245.97 246.53 247.09 247.53 247.84 248.06 248.31 248.25 248.38 248.50 248.47 248.25 247.81 247.19 246.25 245.50 245.22 245.19 245.06 244.94 244.91 244.97 245.06 245.38 245.53 245.72 245.91
248.50 248.94 249.78 250.53 251.00 251.12 250.97 250.56 249.94 249.19 248.34 247.41 246.47 246.09 245.78 245.41 244.97 244.69 244.75 244.75 244.62 244.91 244.69 244.84 244.94 245.09 245.06 244.97 244.75 244.25 244.00 244.03 243.91 243.53 243.72 243.81 243.88 244.16 244.34 244.47 244.53 244.78 245.41 246.00 246.22 246.78 247.50 247.97 248.34 248.62 248.81 248.97 249.19 249.25 249.34 249.25 248.81 248.09 247.09 246.41 245.88 245.91 245.53 245.44 245.28 245.34 245.59 246.06 246.16 246.44 246.44
249.16 249.69 250.31 251.34 251.62 251.81 251.72 251.31 250.66 249.78 248.84 247.72 246.81 246.28 246.09 245.72 245.28 245.09 245.09 245.12 245.22 245.25 245.09 245.34 245.41 245.56 245.56 245.44 245.16 244.88 244.59 244.53 244.50 244.25 244.12 244.47 244.66 244.72 244.69 244.78 244.72 245.00 245.56 246.22 246.59 247.16 247.84 248.41 248.91 249.22 249.44 249.41 249.56 249.94 250.16 250.12 249.69 248.88 248.00 247.16 246.94 246.59 246.19 245.84 245.66 245.72 246.09 246.50 246.81 247.16 247.31
249.94 250.47 251.25 251.81 252.22 252.41 252.34 251.97 251.28 250.47 249.22 248.28 247.44 246.72 246.31 245.97 245.78 245.59 245.62 245.97 245.97 246.00 245.84 246.00 246.06 246.06 246.03 245.91 245.84 245.53 245.19 245.09 245.22 245.09 244.88 245.06 245.31 245.22 245.03 245.03 245.16 245.41 245.62 246.41 246.88 247.38 248.25 248.91 249.47 249.84 250.09 250.00 250.25 250.66 250.97 250.91 250.47 249.75 248.69 248.12 247.88 247.28 246.88 246.44 246.16 246.19 246.53 247.03 247.25 247.62 248.00
251.16 251.59 252.16 252.47 252.81 252.97 252.91 252.53 251.88 251.00 249.53 248.75 248.09 247.22 246.88 246.78 246.59 246.28 246.38 246.69 246.78 246.78 246.66 246.72 246.75 246.62 246.41 246.50 246.25 245.88 245.75 245.72 245.84 245.78 245.56 245.72 245.84 245.78 245.69 245.59 245.53 245.78 245.97 246.66 247.09 247.59 248.53 249.34 250.00 250.44 250.75 250.72 251.22 251.53 251.78 251.69 251.19 250.28 249.38 248.81 248.44 247.88 247.38 246.97 246.72 246.72 247.00 247.38 247.75 248.03 248.41
252.59 253.00 253.19 253.19 253.47 253.56 253.47 253.03 252.53 251.50 250.00 249.41 248.88 248.00 247.75 247.56 247.28 247.09 247.25 247.31 247.56 247.66 247.59 247.41 247.34 247.22 246.84 246.78 246.59 246.50 246.66 246.50 246.56 246.50 246.16 246.28 246.41 246.31 246.16 245.78 245.84 245.91 246.47 246.97 247.38 247.91 248.81 249.78 250.50 251.00 251.28 251.12 252.16 252.28 252.53 252.41 251.91 250.91 249.84 249.38 248.94 248.44 247.88 247.50 247.34 247.31 247.59 247.97 248.28 248.53 248.94
253.44 253.78 254.00 253.91 254.16 254.22 254.03 253.53 253.03 251.47 250.66 250.00 249.56 248.84 248.66 248.41 247.94 247.91 248.19 248.25 248.41 248.41 248.28 248.12 247.97 247.78 247.41 247.06 247.06 247.16 247.41 247.25 247.25 247.16 246.84 247.03 246.94 246.72 246.53 245.97 246.12 246.19 246.81 247.22 247.72 248.31 249.19 250.28 250.97 251.53 251.88 251.75 252.50 252.91 253.16 253.06 252.59 251.88 250.72 249.97 249.50 249.25 248.53 248.09 247.91 248.12 248.34 248.47 248.75 249.12 249.53
254.34 254.59 254.81 254.78 255.00 255.00 254.69 254.25 252.78 251.94 251.47 251.03 250.66 250.16 249.78 249.31 248.78 248.94 249.19 249.19 249.25 249.12 248.94 248.75 248.59 248.31 247.81 247.56 247.56 247.69 247.94 247.94 247.97 247.81 247.62 247.53 247.34 247.03 246.44 246.22 246.28 246.78 247.06 247.50 248.06 248.56 249.50 250.59 251.41 252.03 252.41 252.31 252.69 253.47 253.69 253.66 253.28 252.56 251.53 250.84 250.31 250.28 249.75 249.09 248.62 248.91 249.19 249.38 249.66 250.06 250.44
255.12 255.38 255.53 255.78 256.00 255.94 255.53 254.38 253.38 252.50 252.03 252.22 252.00 251.56 251.16 250.53 250.19 250.34 250.50 250.34 250.16 249.91 249.62 249.22 249.19 248.81 248.53 248.22 248.09 248.22 248.44 248.47 248.47 248.38 248.19 247.97 247.66 247.06 246.44 246.47 246.78 247.25 247.41 247.81 248.34 248.91 249.69 250.88 251.81 252.56 253.03 253.09 253.62 253.72 254.16 254.19 253.88 253.06 252.28 251.62 251.38 251.25 250.69 250.19 249.78 249.81 250.06 250.66 250.88 251.44 251.59
255.81 256.00 256.41 256.91 257.12 257.00 256.59 255.78 255.16 253.78 252.50 252.81 253.12 253.16 252.78 252.28 251.81 251.84 251.56 251.31 251.03 250.66 250.09 249.69 249.50 249.38 249.09 248.84 248.75 248.81 248.91 248.97 248.94 248.84 248.66 248.34 247.91 247.25 246.81 246.84 247.16 247.62 247.84 248.09 248.66 249.28 249.94 250.69 252.31 253.03 253.66 254.00 254.06 254.16 254.59 254.66 254.50 253.56 252.81 252.44 252.34 252.09 251.59 251.44 251.16 250.88 251.03 251.47 251.75 252.31 252.44
256.38 256.62 257.31 258.03 258.28 258.22 257.72 256.97 256.00 255.31 254.78 254.06 254.47 254.44 254.03 253.62 253.00 252.75 252.53 252.28 251.91 251.31 250.47 250.31 250.06 249.91 249.69 249.47 249.38 249.44 249.38 249.44 249.38 249.28 249.03 248.66 248.19 247.47 247.19 247.22 247.59 247.88 248.16 248.53 249.06 249.50 250.19 251.03 252.50 253.50 254.28 254.72 254.88 254.69 254.72 255.09 254.97 254.62 253.56 253.25 253.09 252.94 252.72 252.34 252.50 252.31 252.31 252.50 252.84 253.28 253.78
257.50 257.91 258.50 259.09 259.41 259.41 259.12 258.78 257.62 256.88 256.41 255.97 256.28 255.88 255.38 254.75 254.09 253.66 253.50 253.22 252.88 252.03 251.31 251.16 250.78 250.31 250.19 250.00 249.91 250.00 249.88 249.88 249.84 249.69 249.41 249.00 248.34 247.75 247.44 247.50 247.88 248.12 248.47 249.03 249.47 249.78 250.34 251.69 252.97 253.91 254.84 255.41 255.59 255.44 255.19 255.50 255.47 255.59 254.88 254.50 254.06 253.62 253.66 253.59 253.84 253.50 253.59 253.78 254.66 255.06 255.31
258.44 259.03 259.47 259.94 260.25 260.34 260.16 259.97 258.81 258.56 257.81 257.97 257.72 257.25 256.56 255.94 255.09 254.66 254.41 254.25 253.69 253.00 252.47 252.12 251.66 251.12 250.75 250.66 250.44 250.50 250.44 250.44 250.31 250.12 249.78 249.28 248.75 248.19 247.81 247.72 248.19 248.53 248.94 249.44 250.00 250.16 250.72 252.00 253.47 254.41 255.38 256.03 256.28 256.25 256.06 255.69 255.88 256.12 255.81 255.38 254.84 254.59 254.66 254.69 254.81 254.88 255.25 255.44 256.47 256.59 257.00
258.97 259.44 259.91 260.31 260.66 260.84 260.81 261.03 260.69 260.28 260.00 259.50 259.06 258.38 257.50 256.50 255.72 255.38 255.16 255.03 254.88 254.56 254.06 253.25 252.56 251.88 251.56 251.50 251.16 251.09 251.09 250.97 250.81 250.56 250.31 249.69 249.22 248.78 248.38 248.09 248.47 248.78 249.31 249.91 250.72 250.88 251.38 252.00 253.25 254.81 255.84 256.62 256.97 256.94 256.91 256.41 256.19 256.72 256.56 256.44 255.72 255.50 255.56 255.69 255.59 256.03 256.72 257.06 257.94 258.34 258.59
259.16 259.56 259.97 260.31 260.62 260.88 261.00 261.03 261.53 261.53 260.91 260.53 260.03 259.16 257.78 257.47 256.59 256.12 255.97 255.94 255.97 255.59 255.19 254.56 253.81 252.84 252.44 252.16 251.97 251.75 251.75 251.50 251.28 251.03 250.69 250.09 249.72 249.38 248.91 248.69 248.91 249.34 249.66 250.34 251.03 251.59 251.97 252.41 252.88 254.53 256.53 257.22 257.62 257.59 257.47 257.25 256.84 256.69 257.25 257.25 256.78 256.69 256.47 256.62 256.59 257.34 258.19 258.72 259.19 259.66 259.94
259.00 259.41 259.75 260.06 260.38 260.78 260.75 261.09 261.31 261.47 261.47 261.25 260.84 259.94 259.12 258.31 257.94 257.28 257.03 257.06 257.03 256.66 256.25 255.53 254.88 253.91 253.28 252.84 252.59 252.41 252.22 252.09 251.81 251.31 250.97 250.56 250.19 249.97 249.50 249.25 249.38 250.06 250.59 251.19 251.72 252.47 252.75 253.16 253.34 254.91 257.28 257.78 258.22 258.22 257.91 258.00 257.75 257.31 257.91 257.97 257.94 257.81 257.28 257.62 257.69 258.59 259.44 260.09 260.31 260.75 261.19
258.66 259.12 259.44 259.62 260.00 260.38 260.31 260.97 261.38 261.72 261.88 261.78 261.56 260.91 260.19 259.72 259.41 258.78 258.72 258.56 258.19 257.75 257.19 256.34 256.16 255.34 254.44 254.03 253.38 252.91 252.88 252.62 252.09 251.97 251.47 251.31 251.03 250.59 250.19 250.12 250.34 250.88 251.62 252.00 252.41 253.19 253.66 254.00 254.31 255.69 257.69 258.38 258.81 258.81 258.38 258.66 258.38 257.97 258.34 258.69 258.75 258.91 258.31 258.31 258.78 259.75 260.53 261.09 261.38 262.06 262.34
258.28 258.81 259.00 259.34 259.69 259.84 259.94 260.62 261.47 261.78 262.19 262.34 262.31 261.56 261.31 261.03 260.94 260.62 260.25 259.66 259.16 258.47 257.72 257.34 257.25 256.62 255.75 255.06 254.22 253.53 253.50 253.25 253.06 252.81 252.59 252.31 251.97 251.50 251.22 251.16 251.53 252.09 252.66 252.84 253.22 254.06 254.50 254.59 255.28 256.50 258.16 258.91 259.38 259.47 259.00 259.28 259.25 258.72 258.91 259.22 259.47 259.81 259.50 259.22 259.81 260.66 261.56 262.00 262.41 262.91 263.28
257.72 258.41 258.66 258.97 259.50 259.19 259.38 260.16 261.12 261.84 262.41 262.88 263.06 262.97 262.59 262.72 262.47 262.19 261.88 260.97 260.56 260.12 258.28 258.22 258.38 257.66 256.81 256.00 255.16 254.59 254.22 254.22 254.09 254.00 253.88 253.47 252.97 252.34 252.44 252.44 252.78 253.31 253.44 253.78 254.31 255.12 255.47 255.44 256.06 257.12 258.41 259.44 259.97 260.19 260.16 260.09 260.06 259.53 259.47 259.66 260.16 260.34 260.50 260.84 261.31 261.59 262.16 262.66 263.09 263.59 264.00
257.22 257.88 258.22 258.56 258.72 258.44 258.81 259.97 261.03 261.91 262.50 263.28 263.84 264.09 264.09 264.25 264.03 263.78 263.62 263.16 262.59 262.00 260.16 258.78 259.41 258.53 257.06 256.97 256.38 255.81 255.41 255.47 255.53 255.25 255.06 254.72 253.88 253.69 254.09 254.03 254.34 254.56 254.69 254.88 255.62 256.19 256.59 256.53 257.19 257.78 258.91 260.12 260.56 260.91 261.03 261.03 260.88 260.53 260.53 260.19 260.56 260.97 261.22 261.69 262.16 262.22 262.44 263.00 263.56 264.03 264.50
256.78 257.25 257.69 258.06 257.84 258.09 258.91 260.09 260.75 261.25 262.22 263.56 264.47 265.00 265.25 265.53 265.41 265.25 265.22 264.78 264.25 263.69 262.50 260.00 260.91 259.88 258.06 257.78 257.38 257.38 257.09 256.91 256.59 256.34 256.25 255.81 255.22 255.19 255.53 255.34 255.53 255.75 255.97 256.16 256.78 257.16 257.66 257.91 258.12 258.56 259.47 260.41 261.16 261.62 261.84 261.84 261.72 261.47 261.22 260.84 260.69 261.38 261.75 262.16 262.53 262.84 262.81 263.12 263.78 264.44 264.81
256.16 256.81 257.19 257.28 257.50 258.31 259.28 259.66 259.84 260.50 262.53 263.78 264.78 265.56 266.00 266.22 266.47 266.62 266.59 266.25 265.81 265.12 263.94 262.56 262.28 261.31 259.81 258.50 258.72 258.91 258.12 257.81 257.31 257.28 257.06 256.75 256.50 256.53 256.62 256.56 256.56 257.19 257.59 257.44 257.72 258.47 258.88 259.22 259.00 259.28 260.09 261.06 261.84 262.28 262.53 262.56 262.41 262.12 261.72 261.34 260.94 261.47 262.12 262.66 263.06 263.38 263.34 263.44 263.75 264.59 265.00
255.31 255.97 256.41 256.72 257.28 258.28 258.84 259.09 259.53 260.72 262.12 263.81 264.84 265.72 266.31 266.72 267.00 267.25 267.41 267.41 267.09 266.47 265.56 264.16 263.47 262.38 261.31 260.03 259.88 259.47 258.81 258.59 258.47 258.34 257.78 257.75 257.78 257.69 257.81 257.91 258.03 258.34 258.94 258.78 258.81 259.50 259.97 260.34 259.88 260.22 260.72 261.62 262.56 262.88 263.16 263.19 263.03 262.78 262.28 261.94 261.53 261.72 262.47 263.06 263.62 263.91 264.03 264.03 264.03 264.66 265.34
254.22 255.16 255.97 256.66 257.31 258.16 258.50 259.00 259.47 260.53 262.19 263.78 264.81 265.62 266.28 266.84 267.31 267.72 268.03 268.19 268.06 267.50 266.62 265.47 264.47 263.41 262.12 261.25 260.31 260.22 259.72 259.44 259.62 259.53 259.22 259.16 259.19 259.09 259.03 259.25 259.28 259.44 259.97 259.91 260.19 260.66 261.03 261.38 261.34 261.62 261.78 262.28 262.91 263.50 263.75 263.75 263.66 263.44 263.25 262.53 262.03 262.34 263.00 263.75 264.25 264.56 264.69 264.62 264.78 265.22 265.78
253.75 254.72 255.84 256.59 257.09 257.66 258.19 258.94 260.00 260.16 262.28 263.41 264.69 265.44 266.16 266.84 267.31 267.88 268.34 268.66 268.66 268.25 267.59 266.56 265.38 264.25 263.16 262.00 261.41 261.19 260.50 260.25 260.59 260.69 260.66 260.53 260.25 260.22 260.41 260.47 260.62 260.84 260.81 260.84 261.12 261.66 262.12 262.31 262.31 262.44 262.62 263.12 263.94 264.22 264.34 264.34 264.25 264.19 264.03 263.28 262.78 262.97 263.59 264.41 264.94 265.25 265.41 265.31 265.47 266.00 266.38
253.19 254.88 255.75 256.50 257.06 257.78 258.38 259.19 259.81 260.59 261.94 263.28 264.31 265.03 265.62 266.44 267.28 267.91 268.47 268.88 269.00 268.78 268.25 267.31 266.09 264.59 263.91 262.97 262.44 262.06 261.16 261.06 261.31 261.34 261.41 261.34 261.19 261.31 261.53 261.31 261.41 261.84 261.78 261.88 262.16 262.78 263.22 263.38 263.12 263.09 263.41 264.25 264.75 264.91 264.97 264.97 264.91 264.91 264.88 264.19 263.66 263.72 264.16 265.06 265.75 266.00 266.25 266.00 266.19 266.78 266.94
253.44 254.59 255.66 256.38 257.09 257.84 258.53 259.28 260.25 261.34 262.41 263.16 263.75 264.44 265.28 266.06 266.97 267.81 268.47 268.97 269.22 269.12 268.94 267.84 266.41 265.62 264.47 263.59 263.16 262.66 262.06 261.72 261.94 262.06 262.09 261.91 262.00 262.19 262.28 262.12 262.38 262.78 262.94 263.19 263.56 264.09 264.31 264.50 264.47 264.28 264.44 265.25 265.62 265.62 265.53 265.34 265.44 265.59 265.59 265.28 264.97 264.88 265.53 266.16 266.50 266.84 267.09 267.09 267.38 267.66 267.62
