everonasctiles/Tile44,8.asc
ncols 128
nrows 128
xllcorner 0
yllcorner 0
cellsize 2.0
NODATA_value  -9999
[rows 0 to 33 of 128, columns 0 to 76 of 128]
20.78 20.06 19.47 19.00 18.53 18.03 17.56 17.12 16.72 16.34 15.97 15.62 15.28 14.97 14.66 14.34 14.03 13.72 13.41 13.09 12.78 12.47 12.19 11.91 11.53 10.56 10.41 10.31 10.22 9.78 9.19 8.97 8.78 8.50 8.09 7.66 7.12 6.47 5.72 4.94 4.12 3.38 2.75 2.28 1.91 1.44 1.00 0.94 1.06 1.19 1.31 1.38 1.38 1.28 1.19 1.06 0.91 0.75 0.59 0.47 0.41 0.38 0.44 0.44 0.47 0.44 0.47 0.38 0.12 -0.16 -0.41 -0.69 -0.91 -1.16 -1.44 -1.72 -1.97
20.88 20.25 19.75 19.25 18.78 18.28 17.81 17.38 16.94 16.56 16.19 15.81 15.47 15.12 14.81 14.50 14.19 13.88 13.56 13.25 12.94 12.66 12.34 12.03 11.72 11.19 10.44 10.25 10.16 10.06 9.84 9.22 9.03 8.84 8.59 8.34 8.06 7.66 7.00 6.16 5.31 4.47 3.75 3.19 2.56 1.84 1.34 1.28 1.41 1.50 1.59 1.62 1.59 1.50 1.38 1.22 1.06 0.88 0.72 0.56 0.44 0.41 0.41 0.41 0.41 0.38 0.41 0.34 0.19 -0.03 -0.31 -0.56 -0.81 -1.06 -1.31 -1.56 -1.81
21.00 20.47 19.97 19.50 19.00 18.50 18.03 17.59 17.16 16.78 16.38 16.03 15.66 15.34 15.00 14.69 14.34 14.03 13.72 13.44 13.12 12.81 12.50 12.19 11.84 11.34 10.94 10.34 10.06 10.00 9.91 9.78 9.31 9.09 8.94 8.78 8.66 8.50 8.09 7.41 6.69 5.88 5.06 4.34 3.53 2.59 2.03 1.91 1.94 1.94 1.94 1.91 1.84 1.75 1.62 1.44 1.25 1.03 0.84 0.66 0.53 0.47 0.47 0.44 0.41 0.34 0.31 0.28 0.19 0.00 -0.22 -0.47 -0.69 -0.94 -1.16 -1.38 -1.62
21.16 20.69 20.19 19.69 19.19 18.72 18.25 17.81 17.41 17.00 16.62 16.25 15.88 15.53 15.22 14.88 14.56 14.25 13.91 13.62 13.31 13.00 12.69 12.34 12.00 11.59 11.12 10.72 10.19 9.91 9.81 9.75 9.72 9.34 9.16 9.12 9.06 9.03 8.88 8.47 7.97 7.38 6.59 5.81 4.88 3.75 3.09 2.84 2.69 2.50 2.38 2.25 2.16 2.03 1.88 1.69 1.47 1.25 1.00 0.81 0.69 0.59 0.56 0.53 0.47 0.44 0.38 0.34 0.25 0.09 -0.12 -0.34 -0.59 -0.81 -1.00 -1.19 -1.41
21.28 20.81 20.31 19.84 19.38 18.91 18.47 18.06 17.62 17.25 16.84 16.47 16.12 15.78 15.44 15.09 14.75 14.44 14.12 13.81 13.50 13.19 12.88 12.53 12.19 11.78 11.31 10.75 10.31 9.97 9.78 9.72 9.69 9.62 9.41 9.25 9.34 9.44 9.44 9.25 8.91 8.47 7.91 7.22 6.34 5.22 4.34 3.91 3.62 3.22 2.91 2.69 2.50 2.34 2.16 1.94 1.72 1.47 1.22 1.00 0.88 0.78 0.72 0.66 0.62 0.59 0.53 0.44 0.31 0.12 0.00 -0.28 -0.50 -0.69 -0.88 -1.03 -1.22
21.47 20.97 20.50 20.03 19.59 19.16 18.72 18.31 17.91 17.50 17.12 16.75 16.38 16.00 15.66 15.31 15.00 14.66 14.34 14.03 13.69 13.38 13.06 12.72 12.38 11.97 11.50 10.88 10.31 9.94 9.75 9.66 9.62 9.59 9.53 9.44 9.41 9.56 9.69 9.69 9.53 9.25 8.81 8.28 7.56 6.66 5.75 5.06 4.53 4.03 3.50 3.16 2.94 2.69 2.47 2.22 1.97 1.69 1.44 1.22 1.06 0.97 0.88 0.81 0.81 0.78 0.69 0.59 0.41 0.16 0.03 -0.12 -0.34 -0.56 -0.69 -0.84 -1.06
21.62 21.16 20.69 20.28 19.84 19.44 18.97 18.56 18.19 17.78 17.41 17.03 16.66 16.28 15.91 15.56 15.22 14.91 14.56 14.25 13.94 13.59 13.28 12.94 12.59 12.19 11.72 11.16 10.56 9.97 9.69 9.56 9.56 9.53 9.50 9.44 9.50 9.62 9.78 9.91 9.94 9.84 9.59 9.19 8.66 7.97 7.19 6.38 5.62 4.91 4.19 3.69 3.41 3.12 2.78 2.47 2.12 1.84 1.59 1.38 1.25 1.16 1.03 1.00 0.94 0.91 0.84 0.75 0.53 0.25 0.06 -0.06 -0.19 -0.34 -0.50 -0.66 -0.88
21.78 21.31 20.91 20.47 20.06 19.66 19.19 18.84 18.47 18.09 17.69 17.31 16.94 16.56 16.19 15.84 15.50 15.16 14.81 14.50 14.16 13.84 13.53 13.19 12.84 12.44 11.97 11.44 10.84 10.25 9.78 9.56 9.47 9.50 9.47 9.53 9.59 9.66 9.81 10.00 10.12 10.19 10.12 9.94 9.59 9.09 8.44 7.69 6.84 5.97 5.09 4.31 3.94 3.56 3.12 2.69 2.28 1.97 1.69 1.47 1.31 1.25 1.16 1.09 1.06 1.00 0.97 0.84 0.62 0.38 0.16 0.00 -0.06 -0.12 -0.28 -0.47 -0.69
21.94 21.53 21.12 20.72 20.28 19.84 19.50 19.19 18.81 18.44 18.03 17.62 17.25 16.84 16.50 16.12 15.78 15.44 15.09 14.75 14.44 14.09 13.78 13.44 13.06 12.69 12.25 11.72 11.19 10.62 10.19 9.81 9.59 9.50 9.53 9.59 9.66 9.72 9.84 10.03 10.19 10.31 10.41 10.38 10.22 9.91 9.44 8.81 8.03 7.16 6.19 5.31 4.66 4.09 3.47 2.94 2.47 2.06 1.75 1.50 1.34 1.31 1.22 1.16 1.09 1.03 0.97 0.88 0.69 0.47 0.28 0.09 -0.03 0.00 -0.06 -0.25 -0.47
22.12 21.72 21.34 20.94 20.53 20.19 19.91 19.53 19.16 18.78 18.38 17.97 17.56 17.19 16.78 16.44 16.06 15.72 15.38 15.03 14.72 14.38 14.03 13.69 13.34 12.97 12.53 12.03 11.53 11.03 10.59 10.22 9.97 9.78 9.69 9.69 9.75 9.81 9.88 10.09 10.25 10.38 10.47 10.50 10.44 10.31 10.03 9.59 9.03 8.31 7.38 6.34 5.47 4.59 3.78 3.12 2.59 2.16 1.81 1.50 1.31 1.25 1.22 1.16 1.06 1.00 0.94 0.84 0.72 0.56 0.41 0.22 0.06 0.03 0.03 0.00 -0.22
22.38 21.97 21.56 21.22 20.84 20.56 20.22 19.91 19.53 19.12 18.69 18.28 17.88 17.50 17.12 16.75 16.41 16.03 15.69 15.34 15.00 14.66 14.34 13.97 13.62 13.25 12.81 12.34 11.88 11.41 10.97 10.59 10.28 10.06 9.94 9.88 9.81 9.88 9.94 10.06 10.31 10.44 10.50 10.53 10.50 10.41 10.22 9.94 9.53 9.00 8.16 7.09 6.06 4.97 4.00 3.22 2.59 2.09 1.72 1.47 1.28 1.19 1.19 1.12 1.03 0.97 0.88 0.81 0.72 0.56 0.41 0.25 0.16 0.09 0.09 0.09 0.06
22.62 22.22 21.84 21.47 21.19 20.91 20.59 20.25 19.91 19.47 19.03 18.62 18.22 17.84 17.47 17.09 16.72 16.38 16.03 15.69 15.31 14.97 14.62 14.28 13.91 13.53 13.12 12.66 12.19 11.72 11.31 10.91 10.59 10.31 10.16 10.06 10.00 9.97 10.03 10.09 10.28 10.47 10.53 10.56 10.53 10.44 10.28 10.06 9.72 9.25 8.53 7.53 6.38 5.16 4.06 3.12 2.34 1.81 1.47 1.31 1.19 1.16 1.19 1.16 1.03 0.97 0.88 0.78 0.72 0.62 0.47 0.34 0.28 0.22 0.19 0.19 0.16
22.88 22.44 22.12 21.84 21.53 21.25 20.94 20.62 20.22 19.81 19.34 18.94 18.56 18.19 17.81 17.44 17.09 16.72 16.38 16.03 15.66 15.31 14.97 14.59 14.22 13.81 13.41 12.94 12.50 12.03 11.62 11.22 10.88 10.56 10.34 10.22 10.19 10.12 10.09 10.16 10.22 10.47 10.53 10.56 10.53 10.44 10.31 10.09 9.81 9.41 8.81 7.81 6.41 5.03 3.88 2.97 2.22 1.66 1.31 1.22 1.12 1.12 1.19 1.22 1.12 1.03 0.97 0.84 0.75 0.69 0.59 0.50 0.41 0.34 0.28 0.25 0.19
23.06 22.75 22.47 22.19 21.91 21.62 21.31 20.94 20.56 20.12 19.69 19.28 18.91 18.56 18.19 17.84 17.47 17.09 16.75 16.41 16.03 15.69 15.31 14.94 14.53 14.12 13.69 13.25 12.78 12.31 11.91 11.50 11.12 10.81 10.56 10.41 10.34 10.31 10.22 10.25 10.31 10.38 10.56 10.53 10.50 10.44 10.28 10.09 9.88 9.53 9.00 8.00 6.38 4.81 3.69 2.91 2.28 1.72 1.28 1.12 1.06 1.09 1.22 1.28 1.25 1.22 1.12 1.06 0.94 0.84 0.75 0.62 0.53 0.47 0.38 0.31 0.28
23.38 23.09 22.81 22.59 22.28 22.00 21.66 21.28 20.84 20.41 19.97 19.62 19.31 18.97 18.62 18.25 17.88 17.53 17.16 16.81 16.44 16.09 15.69 15.31 14.88 14.47 14.00 13.53 13.06 12.59 12.16 11.75 11.38 11.03 10.78 10.56 10.47 10.44 10.44 10.34 10.38 10.44 10.53 10.53 10.50 10.41 10.28 10.09 9.88 9.59 9.16 8.16 6.41 4.69 3.62 2.94 2.41 1.88 1.34 1.09 1.06 1.12 1.25 1.34 1.38 1.34 1.31 1.28 1.19 1.06 0.94 0.81 0.69 0.56 0.50 0.44 0.38
23.69 23.44 23.19 22.91 22.69 22.38 22.03 21.59 21.12 20.72 20.34 20.03 19.75 19.44 19.06 18.72 18.34 17.97 17.62 17.25 16.91 16.53 16.12 15.69 15.25 14.81 14.31 13.84 13.34 12.88 12.41 12.00 11.62 11.28 11.00 10.78 10.66 10.59 10.56 10.53 10.47 10.53 10.59 10.56 10.47 10.38 10.25 10.06 9.88 9.59 9.25 8.28 6.53 4.78 3.69 3.00 2.50 1.97 1.44 1.09 1.06 1.16 1.31 1.44 1.50 1.50 1.50 1.44 1.34 1.25 1.12 1.00 0.88 0.75 0.66 0.56 0.47
24.06 23.81 23.59 23.34 23.12 22.81 22.38 21.88 21.44 21.00 20.69 20.44 20.16 19.91 19.56 19.25 18.88 18.53 18.19 17.81 17.44 17.03 16.59 16.16 15.66 15.16 14.66 14.12 13.62 13.16 12.69 12.25 11.88 11.53 11.25 11.00 10.84 10.75 10.69 10.66 10.59 10.62 10.59 10.53 10.47 10.38 10.22 10.06 9.84 9.56 9.22 8.41 6.75 5.03 3.81 3.09 2.56 2.03 1.47 1.00 1.03 1.19 1.41 1.53 1.59 1.62 1.59 1.56 1.53 1.44 1.31 1.19 1.06 0.94 0.81 0.72 0.59
24.44 24.22 24.00 23.84 23.62 23.34 22.88 22.25 21.72 21.34 21.06 20.81 20.59 20.34 20.09 19.81 19.50 19.19 18.84 18.44 18.03 17.59 17.12 16.62 16.09 15.56 15.00 14.47 13.94 13.44 12.97 12.53 12.16 11.81 11.50 11.25 11.06 10.91 10.84 10.78 10.75 10.62 10.53 10.47 10.41 10.38 10.22 10.03 9.81 9.53 9.12 8.47 7.06 5.34 4.06 3.19 2.50 1.97 1.47 1.06 0.84 1.16 1.44 1.62 1.72 1.72 1.69 1.66 1.59 1.53 1.47 1.38 1.25 1.12 1.00 0.88 0.75
24.88 24.66 24.50 24.34 24.16 23.91 23.38 22.75 22.09 21.66 21.38 21.22 21.00 20.78 20.62 20.44 20.25 19.97 19.62 19.22 18.75 18.25 17.72 17.16 16.56 15.97 15.38 14.81 14.25 13.75 13.28 12.81 12.44 12.06 11.78 11.50 11.28 11.12 11.00 10.91 10.84 10.81 10.59 10.41 10.38 10.31 10.25 10.06 9.81 9.50 9.06 8.44 7.38 5.84 4.34 3.28 2.47 1.91 1.50 1.16 0.91 0.94 1.31 1.59 1.81 1.88 1.81 1.75 1.66 1.59 1.53 1.47 1.38 1.28 1.16 1.00 0.84
25.28 25.09 24.97 24.84 24.69 24.47 23.97 23.31 22.66 22.12 21.81 21.56 21.34 21.16 21.16 21.12 20.94 20.66 20.31 19.91 19.38 18.88 18.34 17.72 17.06 16.41 15.78 15.19 14.59 14.06 13.59 13.16 12.75 12.38 12.06 11.78 11.53 11.34 11.19 11.06 10.97 10.91 10.81 10.56 10.31 10.25 10.19 10.12 9.84 9.50 9.06 8.47 7.62 6.34 4.81 3.56 2.66 2.03 1.59 1.31 1.19 1.22 1.28 1.47 1.69 1.78 1.75 1.69 1.62 1.56 1.53 1.50 1.47 1.41 1.31 1.16 0.94
25.75 25.59 25.47 25.38 25.25 25.06 24.66 23.97 23.31 22.78 22.38 22.09 21.84 21.81 21.91 21.81 21.59 21.28 20.91 20.44 19.94 19.44 18.88 18.28 17.56 16.84 16.19 15.56 14.97 14.44 13.94 13.47 13.06 12.69 12.34 12.06 11.81 11.59 11.41 11.25 11.12 11.03 10.94 10.81 10.53 10.22 10.12 10.06 9.97 9.59 9.12 8.59 7.84 6.84 5.41 4.00 3.06 2.44 2.06 1.84 1.81 1.81 1.69 1.47 1.50 1.53 1.44 1.25 1.12 1.09 1.19 1.31 1.44 1.47 1.41 1.25 1.03
26.25 26.09 26.00 25.88 25.78 25.66 25.34 24.84 24.00 23.44 23.09 22.84 22.72 22.72 22.66 22.50 22.22 21.84 21.41 20.94 20.47 19.94 19.41 18.78 18.06 17.28 16.59 15.94 15.34 14.78 14.28 13.84 13.41 13.03 12.69 12.38 12.09 11.84 11.62 11.47 11.31 11.19 11.06 10.94 10.81 10.53 10.06 10.00 9.91 9.84 9.41 8.75 8.09 7.28 6.09 4.59 3.56 2.97 2.62 2.41 2.22 2.06 1.94 1.72 1.50 1.34 1.06 0.78 0.62 0.59 0.72 0.94 1.19 1.38 1.44 1.34 1.12
26.69 26.59 26.50 26.41 26.31 26.22 25.94 25.62 24.84 24.19 23.94 23.72 23.62 23.53 23.38 23.12 22.78 22.38 21.94 21.47 20.97 20.47 19.91 19.28 18.50 17.72 16.97 16.31 15.72 15.19 14.69 14.22 13.81 13.41 13.03 12.69 12.38 12.12 11.88 11.69 11.50 11.34 11.22 11.09 10.94 10.78 10.53 9.97 9.84 9.78 9.72 9.31 8.38 7.69 6.81 5.84 4.22 3.41 2.94 2.59 2.31 2.16 2.09 1.97 1.62 1.31 0.91 0.66 0.53 0.53 0.59 0.72 0.97 1.25 1.44 1.44 1.25
27.09 27.00 26.91 26.84 26.78 26.69 26.44 26.09 25.59 25.12 24.81 24.59 24.44 24.28 24.06 23.72 23.31 22.88 22.44 21.94 21.44 20.91 20.38 19.72 18.91 18.09 17.38 16.72 16.12 15.59 15.09 14.62 14.19 13.78 13.41 13.03 12.69 12.41 12.12 11.91 11.72 11.53 11.38 11.25 11.09 10.94 10.75 10.50 9.91 9.72 9.69 9.66 9.34 8.12 7.75 7.22 5.03 3.88 3.25 2.81 2.47 2.34 2.28 2.19 1.94 1.56 1.16 0.69 0.62 0.62 0.69 0.75 0.91 1.19 1.44 1.50 1.38
27.50 27.41 27.28 27.22 27.16 27.06 26.88 26.59 26.22 25.88 25.59 25.38 25.19 24.97 24.69 24.28 23.84 23.38 22.91 22.41 21.88 21.31 20.72 20.03 19.19 18.44 17.72 17.12 16.53 16.03 15.53 15.06 14.62 14.22 13.78 13.41 13.03 12.69 12.41 12.16 11.94 11.75 11.59 11.44 11.28 11.09 10.91 10.69 10.44 9.88 9.66 9.66 9.62 9.44 8.22 8.34 6.56 4.72 3.81 3.22 2.81 2.69 2.62 2.53 2.34 2.09 1.69 1.16 0.88 0.94 1.03 1.03 1.09 1.31 1.56 1.66 1.53
27.88 27.75 27.66 27.56 27.50 27.41 27.25 27.06 26.78 26.47 26.22 26.03 25.84 25.59 25.22 24.78 24.31 23.81 23.31 22.81 22.28 21.69 20.97 20.25 19.44 18.75 18.09 17.53 17.00 16.47 16.00 15.53 15.06 14.62 14.19 13.78 13.38 13.03 12.69 12.41 12.19 11.97 11.81 11.62 11.47 11.28 11.09 10.91 10.66 10.38 9.91 9.62 9.62 9.66 9.59 8.97 8.00 6.25 4.94 4.12 3.56 3.38 3.31 3.16 2.91 2.69 2.41 2.00 1.69 1.59 1.59 1.56 1.53 1.66 1.84 1.91 1.78
28.31 28.16 28.06 27.94 27.84 27.72 27.56 27.41 27.22 26.94 26.75 26.56 26.41 26.16 25.69 25.22 24.75 24.25 23.75 23.22 22.69 21.97 20.94 20.31 19.72 19.09 18.53 17.97 17.47 16.97 16.47 16.00 15.53 15.06 14.59 14.16 13.75 13.34 13.00 12.69 12.44 12.22 12.03 11.84 11.69 11.50 11.31 11.12 10.91 10.62 10.38 9.94 9.66 9.66 9.66 9.66 9.12 7.72 6.56 5.62 4.94 4.66 4.50 4.28 3.94 3.66 3.38 3.00 2.66 2.50 2.44 2.34 2.25 2.22 2.28 2.28 2.09
28.72 28.56 28.44 28.31 28.16 28.03 27.88 27.66 27.44 27.31 27.22 27.03 26.91 26.56 26.09 25.62 25.12 24.62 24.12 23.62 22.97 22.03 21.09 20.47 20.03 19.50 18.97 18.44 17.94 17.47 16.97 16.47 16.00 15.50 15.03 14.56 14.09 13.69 13.31 13.00 12.72 12.50 12.28 12.09 11.91 11.75 11.56 11.38 11.16 10.91 10.66 10.38 10.03 9.66 9.66 9.69 9.69 9.06 8.06 7.38 6.56 6.16 5.91 5.69 5.41 5.06 4.72 4.31 3.91 3.66 3.47 3.31 3.19 3.06 2.97 2.81 2.53
29.09 28.97 28.84 28.69 28.53 28.34 28.19 28.00 27.84 27.72 27.66 27.53 27.31 26.94 26.47 25.97 25.47 24.97 24.50 23.97 23.22 22.25 21.62 20.84 20.38 19.91 19.41 18.94 18.44 17.97 17.47 16.97 16.47 15.97 15.44 14.97 14.50 14.06 13.66 13.31 13.03 12.78 12.56 12.34 12.16 12.00 11.81 11.62 11.41 11.19 10.97 10.72 10.44 10.16 9.72 9.69 9.69 9.78 9.25 8.62 8.03 7.72 7.50 7.31 7.06 6.72 6.38 6.06 5.72 5.31 4.97 4.72 4.62 4.47 4.19 3.75 3.28
29.50 29.38 29.22 29.06 28.94 28.75 28.56 28.31 28.25 28.16 28.03 27.81 27.59 27.25 26.81 26.28 25.75 25.22 24.75 24.19 23.53 22.75 22.06 21.28 20.75 20.31 19.88 19.41 18.91 18.44 17.94 17.44 16.94 16.41 15.88 15.38 14.88 14.41 14.00 13.66 13.34 13.09 12.84 12.62 12.44 12.25 12.06 11.88 11.69 11.50 11.28 11.03 10.81 10.56 10.34 9.81 9.78 9.84 9.94 9.47 8.94 8.78 8.69 8.59 8.47 8.28 8.06 7.81 7.50 7.16 6.84 6.66 6.50 6.31 5.81 5.09 4.34
30.31 29.97 29.59 29.44 29.31 29.16 29.00 28.78 28.59 28.41 28.25 28.03 27.78 27.53 27.12 26.56 25.97 25.31 24.72 24.22 23.72 23.12 22.38 21.75 21.19 20.72 20.31 19.88 19.44 18.94 18.47 17.94 17.41 16.84 16.31 15.78 15.28 14.81 14.38 14.00 13.69 13.41 13.16 12.94 12.72 12.53 12.34 12.16 11.97 11.78 11.59 11.38 11.19 10.97 10.78 10.56 10.00 9.94 10.03 10.19 9.72 9.56 9.50 9.44 9.41 9.34 9.28 9.16 9.00 8.84 8.59 8.38 8.09 7.72 7.22 6.56 5.75
30.41 30.41 30.34 30.09 29.75 29.50 29.31 29.09 28.84 28.62 28.41 28.12 27.88 27.62 27.22 26.78 26.09 25.34 24.78 24.34 23.91 23.38 22.75 22.16 21.62 21.12 20.69 20.28 19.88 19.44 18.94 18.41 17.88 17.28 16.72 16.19 15.66 15.19 14.78 14.38 14.06 13.75 13.50 13.25 13.03 12.84 12.66 12.47 12.28 12.09 11.91 11.75 11.56 11.38 11.19 11.00 10.84 10.19 10.22 10.38 10.50 10.19 10.12 10.09 10.06 10.03 10.00 9.94 9.84 9.69 9.53 9.28 8.94 8.47 8.03 7.50 6.91
30.41 30.38 30.34 30.28 30.22 30.09 29.75 29.31 29.03 28.72 28.44 28.12 27.84 27.59 27.25 26.88 26.25 25.56 25.06 24.59 24.12 23.59 23.03 22.47 21.94 21.47 21.06 20.69 20.25 19.84 19.41 18.88 18.31 17.72 17.16 16.59 16.06 15.59 15.16 14.78 14.44 14.12 13.84 13.59 13.34 13.16 12.97 12.78 12.59 12.44 12.25 12.09 11.91 11.75 11.59 11.47 11.31 11.12 10.44 10.56 10.75 10.84 10.72 10.69 10.66 10.62 10.56 10.50 10.41 10.25 10.06 9.78 9.44 9.00 8.53 8.06 7.66
30.69 30.41 30.31 30.25 30.19 30.16 30.03 29.78 29.16 28.75 28.44 28.16 27.84 27.59 27.28 26.84 26.38 25.81 25.31 24.84 24.47 23.94 23.38 22.81 22.31 21.81 21.41 21.03 20.59 20.19 19.81 19.31 18.75 18.16 17.56 17.00 16.50 16.00 15.56 15.19 14.81 14.50 14.22 13.94 13.69 13.47 13.28 13.09 12.91 12.75 12.59 12.44 12.28 12.12 12.00 11.84 11.72 11.59 11.31 10.88 11.06 11.25 11.25 11.19 11.16 11.12 11.06 11.00 10.88 10.72 10.50 10.22 9.91 9.53 9.12 8.69 8.28
