everonasctiles/Tile3,33.asc
ncols 128
nrows 128
xllcorner 0
yllcorner 0
cellsize 2.0
NODATA_value  -9999
[rows 64 to 95 of 128, columns 0 to 70 of 128]
-58.81 -58.72 -58.66 -58.56 -58.47 -58.38 -58.31 -58.25 -58.19 -58.16 -58.09 -58.03 -57.94 -57.84 -57.75 -57.69 -57.62 -57.59 -57.59 -57.66 -57.78 -58.00 -58.25 -58.47 -58.69 -58.88 -59.06 -59.22 -59.34 -59.44 -59.50 -59.50 -59.50 -59.47 -59.44 -59.41 -59.41 -59.41 -59.38 -59.38 -59.34 -59.31 -59.28 -59.19 -59.06 -58.97 -58.81 -58.69 -58.53 -58.34 -58.16 -57.94 -57.75 -57.56 -57.41 -57.28 -57.12 -57.03 -56.94 -56.88 -56.88 -56.91 -56.91 -56.94 -57.00 -57.03 -57.03 -57.03 -57.03 -57.06 -57.09
-58.81 -58.72 -58.62 -58.53 -58.47 -58.41 -58.38 -58.34 -58.31 -58.28 -58.22 -58.16 -58.09 -58.00 -57.91 -57.84 -57.78 -57.78 -57.78 -57.84 -57.94 -58.12 -58.34 -58.56 -58.75 -58.94 -59.12 -59.25 -59.38 -59.47 -59.53 -59.53 -59.56 -59.53 -59.50 -59.50 -59.47 -59.44 -59.44 -59.41 -59.38 -59.34 -59.31 -59.25 -59.16 -59.06 -58.94 -58.81 -58.69 -58.50 -58.34 -58.12 -57.91 -57.72 -57.53 -57.34 -57.19 -57.03 -56.91 -56.84 -56.81 -56.84 -56.84 -56.88 -56.88 -56.91 -56.94 -56.97 -56.97 -56.97 -57.03
-58.84 -58.75 -58.66 -58.56 -58.50 -58.47 -58.44 -58.44 -58.41 -58.38 -58.31 -58.25 -58.19 -58.12 -58.03 -57.97 -57.94 -57.94 -57.94 -58.00 -58.09 -58.25 -58.44 -58.66 -58.84 -59.03 -59.16 -59.31 -59.41 -59.47 -59.53 -59.56 -59.59 -59.59 -59.56 -59.53 -59.50 -59.50 -59.47 -59.44 -59.41 -59.38 -59.34 -59.28 -59.22 -59.12 -59.03 -58.91 -58.78 -58.66 -58.47 -58.28 -58.06 -57.84 -57.62 -57.44 -57.25 -57.06 -56.91 -56.81 -56.75 -56.75 -56.75 -56.75 -56.78 -56.81 -56.84 -56.84 -56.88 -56.91 -56.94
-58.91 -58.81 -58.72 -58.62 -58.56 -58.53 -58.53 -58.53 -58.50 -58.47 -58.41 -58.34 -58.28 -58.22 -58.12 -58.09 -58.06 -58.06 -58.09 -58.16 -58.22 -58.38 -58.53 -58.75 -58.94 -59.09 -59.22 -59.34 -59.44 -59.50 -59.56 -59.59 -59.62 -59.62 -59.59 -59.56 -59.53 -59.50 -59.47 -59.44 -59.44 -59.41 -59.38 -59.31 -59.25 -59.16 -59.06 -58.97 -58.84 -58.75 -58.59 -58.38 -58.19 -57.97 -57.75 -57.53 -57.28 -57.09 -56.91 -56.75 -56.69 -56.66 -56.66 -56.66 -56.66 -56.69 -56.72 -56.72 -56.75 -56.81 -56.88
-58.97 -58.88 -58.78 -58.69 -58.66 -58.62 -58.59 -58.59 -58.56 -58.50 -58.44 -58.41 -58.34 -58.28 -58.22 -58.19 -58.16 -58.19 -58.22 -58.28 -58.34 -58.47 -58.62 -58.81 -59.00 -59.16 -59.28 -59.38 -59.44 -59.53 -59.56 -59.62 -59.62 -59.66 -59.62 -59.59 -59.53 -59.50 -59.47 -59.44 -59.44 -59.41 -59.38 -59.31 -59.25 -59.16 -59.06 -58.97 -58.88 -58.78 -58.66 -58.47 -58.28 -58.06 -57.84 -57.59 -57.34 -57.12 -56.91 -56.75 -56.66 -56.59 -56.59 -56.56 -56.59 -56.59 -56.59 -56.62 -56.66 -56.72 -56.78
-59.03 -58.94 -58.84 -58.78 -58.72 -58.69 -58.66 -58.62 -58.59 -58.53 -58.47 -58.44 -58.38 -58.31 -58.28 -58.25 -58.25 -58.28 -58.31 -58.38 -58.44 -58.56 -58.72 -58.88 -59.06 -59.19 -59.31 -59.38 -59.47 -59.53 -59.59 -59.62 -59.66 -59.66 -59.62 -59.59 -59.53 -59.50 -59.47 -59.44 -59.44 -59.41 -59.38 -59.31 -59.22 -59.12 -59.03 -58.97 -58.88 -58.81 -58.69 -58.53 -58.34 -58.12 -57.91 -57.66 -57.41 -57.16 -56.97 -56.78 -56.69 -56.59 -56.56 -56.56 -56.53 -56.53 -56.53 -56.53 -56.56 -56.62 -56.69
-59.06 -59.00 -58.94 -58.84 -58.81 -58.75 -58.69 -58.66 -58.59 -58.53 -58.47 -58.44 -58.38 -58.34 -58.28 -58.25 -58.28 -58.31 -58.34 -58.41 -58.50 -58.59 -58.75 -58.91 -59.06 -59.19 -59.28 -59.34 -59.44 -59.50 -59.56 -59.62 -59.66 -59.66 -59.62 -59.56 -59.53 -59.47 -59.44 -59.41 -59.41 -59.38 -59.34 -59.28 -59.19 -59.09 -59.00 -58.94 -58.88 -58.81 -58.69 -58.53 -58.34 -58.16 -57.94 -57.69 -57.44 -57.22 -57.03 -56.88 -56.78 -56.69 -56.66 -56.59 -56.56 -56.53 -56.50 -56.50 -56.53 -56.59 -56.66
-59.12 -59.06 -59.00 -58.91 -58.84 -58.78 -58.72 -58.62 -58.56 -58.53 -58.47 -58.44 -58.38 -58.31 -58.28 -58.25 -58.25 -58.31 -58.34 -58.41 -58.47 -58.59 -58.72 -58.88 -59.00 -59.12 -59.19 -59.28 -59.34 -59.44 -59.53 -59.56 -59.59 -59.59 -59.56 -59.53 -59.47 -59.44 -59.41 -59.38 -59.34 -59.34 -59.28 -59.22 -59.16 -59.06 -58.97 -58.88 -58.84 -58.78 -58.69 -58.53 -58.34 -58.12 -57.91 -57.69 -57.47 -57.28 -57.09 -56.97 -56.88 -56.81 -56.75 -56.69 -56.66 -56.59 -56.53 -56.50 -56.53 -56.56 -56.62
-59.19 -59.12 -59.03 -58.97 -58.88 -58.78 -58.69 -58.62 -58.56 -58.50 -58.44 -58.38 -58.34 -58.28 -58.25 -58.22 -58.25 -58.28 -58.31 -58.38 -58.44 -58.50 -58.62 -58.78 -58.91 -59.00 -59.06 -59.12 -59.22 -59.34 -59.44 -59.50 -59.53 -59.53 -59.50 -59.44 -59.41 -59.34 -59.31 -59.31 -59.28 -59.25 -59.22 -59.16 -59.09 -59.00 -58.91 -58.81 -58.75 -58.72 -58.62 -58.47 -58.28 -58.09 -57.88 -57.69 -57.50 -57.31 -57.19 -57.06 -56.97 -56.91 -56.84 -56.78 -56.72 -56.66 -56.59 -56.56 -56.53 -56.56 -56.62
-59.22 -59.16 -59.09 -58.97 -58.88 -58.78 -58.69 -58.59 -58.50 -58.44 -58.38 -58.31 -58.28 -58.22 -58.19 -58.19 -58.22 -58.25 -58.28 -58.31 -58.34 -58.41 -58.53 -58.66 -58.78 -58.84 -58.91 -58.97 -59.09 -59.19 -59.31 -59.38 -59.41 -59.41 -59.38 -59.31 -59.28 -59.25 -59.22 -59.19 -59.16 -59.12 -59.09 -59.06 -59.00 -58.91 -58.81 -58.72 -58.66 -58.62 -58.53 -58.41 -58.22 -58.03 -57.84 -57.66 -57.50 -57.34 -57.25 -57.12 -57.06 -56.97 -56.94 -56.88 -56.78 -56.72 -56.66 -56.59 -56.56 -56.59 -56.62
-59.25 -59.19 -59.09 -59.00 -58.88 -58.78 -58.66 -58.56 -58.47 -58.41 -58.31 -58.25 -58.19 -58.16 -58.16 -58.16 -58.19 -58.25 -58.25 -58.25 -58.28 -58.31 -58.41 -58.53 -58.62 -58.66 -58.72 -58.78 -58.91 -59.03 -59.16 -59.25 -59.28 -59.25 -59.22 -59.16 -59.12 -59.09 -59.06 -59.03 -59.00 -58.97 -58.94 -58.88 -58.84 -58.78 -58.69 -58.62 -58.53 -58.50 -58.44 -58.31 -58.16 -58.00 -57.81 -57.66 -57.50 -57.38 -57.28 -57.19 -57.09 -57.03 -56.97 -56.91 -56.84 -56.78 -56.69 -56.66 -56.62 -56.62 -56.62
-59.28 -59.22 -59.09 -59.00 -58.88 -58.78 -58.69 -58.56 -58.47 -58.34 -58.25 -58.16 -58.12 -58.09 -58.09 -58.12 -58.16 -58.19 -58.19 -58.19 -58.19 -58.19 -58.28 -58.34 -58.44 -58.47 -58.50 -58.56 -58.72 -58.84 -59.00 -59.09 -59.09 -59.06 -59.00 -58.97 -58.91 -58.88 -58.84 -58.81 -58.81 -58.75 -58.72 -58.69 -58.62 -58.59 -58.53 -58.44 -58.41 -58.34 -58.31 -58.22 -58.09 -57.94 -57.78 -57.62 -57.50 -57.38 -57.25 -57.16 -57.09 -57.03 -56.97 -56.94 -56.88 -56.81 -56.72 -56.69 -56.66 -56.62 -56.62
-59.25 -59.19 -59.09 -59.00 -58.88 -58.78 -58.69 -58.59 -58.47 -58.34 -58.22 -58.12 -58.06 -58.03 -58.03 -58.06 -58.09 -58.16 -58.12 -58.09 -58.06 -58.06 -58.09 -58.16 -58.22 -58.25 -58.28 -58.34 -58.50 -58.69 -58.84 -58.91 -58.91 -58.88 -58.78 -58.72 -58.66 -58.62 -58.59 -58.59 -58.56 -58.53 -58.47 -58.44 -58.41 -58.34 -58.31 -58.25 -58.22 -58.19 -58.16 -58.09 -57.97 -57.81 -57.69 -57.56 -57.44 -57.31 -57.19 -57.09 -57.03 -56.97 -56.94 -56.91 -56.88 -56.81 -56.75 -56.69 -56.66 -56.62 -56.59
-59.19 -59.12 -59.06 -58.97 -58.88 -58.78 -58.69 -58.56 -58.44 -58.28 -58.16 -58.06 -58.00 -57.97 -57.97 -58.00 -58.06 -58.09 -58.06 -58.00 -57.94 -57.91 -57.91 -57.94 -58.00 -58.03 -58.06 -58.16 -58.31 -58.50 -58.66 -58.72 -58.72 -58.62 -58.56 -58.47 -58.38 -58.31 -58.31 -58.31 -58.31 -58.28 -58.22 -58.16 -58.12 -58.09 -58.03 -58.00 -58.00 -58.00 -57.97 -57.91 -57.78 -57.66 -57.53 -57.44 -57.31 -57.19 -57.06 -57.00 -56.94 -56.91 -56.88 -56.88 -56.84 -56.81 -56.75 -56.69 -56.62 -56.59 -56.56
-59.12 -59.06 -59.00 -58.91 -58.84 -58.72 -58.62 -58.50 -58.38 -58.25 -58.12 -58.00 -57.94 -57.91 -57.91 -57.94 -58.00 -58.00 -58.00 -57.91 -57.84 -57.78 -57.75 -57.75 -57.75 -57.78 -57.84 -57.97 -58.12 -58.31 -58.47 -58.50 -58.47 -58.38 -58.28 -58.19 -58.09 -58.03 -58.00 -58.03 -58.03 -58.00 -57.94 -57.88 -57.81 -57.78 -57.75 -57.72 -57.72 -57.75 -57.75 -57.66 -57.53 -57.41 -57.31 -57.22 -57.12 -57.00 -56.91 -56.84 -56.81 -56.81 -56.81 -56.81 -56.81 -56.78 -56.72 -56.66 -56.59 -56.53 -56.50
-59.06 -58.97 -58.91 -58.84 -58.75 -58.66 -58.56 -58.44 -58.31 -58.19 -58.06 -57.97 -57.88 -57.84 -57.88 -57.91 -57.94 -57.97 -57.91 -57.84 -57.75 -57.66 -57.59 -57.53 -57.53 -57.56 -57.62 -57.78 -57.94 -58.09 -58.22 -58.25 -58.19 -58.12 -58.03 -57.91 -57.81 -57.72 -57.72 -57.72 -57.75 -57.69 -57.62 -57.56 -57.50 -57.47 -57.44 -57.44 -57.47 -57.50 -57.50 -57.41 -57.25 -57.12 -57.03 -56.97 -56.88 -56.78 -56.69 -56.66 -56.62 -56.66 -56.69 -56.72 -56.75 -56.72 -56.66 -56.59 -56.53 -56.47 -56.41
-59.00 -58.91 -58.84 -58.78 -58.69 -58.59 -58.47 -58.34 -58.22 -58.09 -58.00 -57.91 -57.84 -57.81 -57.81 -57.84 -57.91 -57.91 -57.88 -57.78 -57.69 -57.56 -57.47 -57.38 -57.34 -57.31 -57.44 -57.56 -57.72 -57.88 -58.00 -58.00 -57.91 -57.81 -57.72 -57.62 -57.53 -57.44 -57.41 -57.44 -57.44 -57.38 -57.31 -57.25 -57.19 -57.12 -57.09 -57.12 -57.19 -57.25 -57.22 -57.12 -56.97 -56.84 -56.75 -56.66 -56.59 -56.53 -56.44 -56.44 -56.44 -56.50 -56.56 -56.59 -56.62 -56.59 -56.56 -56.53 -56.47 -56.38 -56.31
-58.94 -58.84 -58.78 -58.72 -58.62 -58.50 -58.41 -58.28 -58.16 -58.03 -57.94 -57.88 -57.81 -57.81 -57.81 -57.84 -57.88 -57.88 -57.81 -57.75 -57.62 -57.53 -57.41 -57.28 -57.19 -57.12 -57.22 -57.34 -57.50 -57.66 -57.75 -57.72 -57.62 -57.53 -57.44 -57.34 -57.25 -57.16 -57.12 -57.12 -57.12 -57.06 -57.00 -56.94 -56.88 -56.81 -56.78 -56.84 -56.91 -56.97 -56.97 -56.84 -56.69 -56.50 -56.41 -56.34 -56.28 -56.22 -56.16 -56.16 -56.22 -56.28 -56.38 -56.44 -56.44 -56.44 -56.44 -56.38 -56.34 -56.25 -56.16
-58.94 -58.84 -58.75 -58.69 -58.56 -58.47 -58.34 -58.22 -58.09 -58.00 -57.91 -57.84 -57.81 -57.81 -57.81 -57.81 -57.84 -57.84 -57.78 -57.72 -57.59 -57.50 -57.38 -57.25 -57.12 -57.03 -57.03 -57.16 -57.31 -57.44 -57.50 -57.47 -57.34 -57.25 -57.12 -57.03 -56.97 -56.88 -56.84 -56.84 -56.81 -56.78 -56.69 -56.62 -56.56 -56.50 -56.50 -56.56 -56.66 -56.72 -56.69 -56.56 -56.38 -56.19 -56.06 -56.03 -55.97 -55.91 -55.88 -55.91 -55.94 -56.03 -56.12 -56.19 -56.25 -56.25 -56.22 -56.19 -56.16 -56.06 -55.97
-58.94 -58.81 -58.72 -58.62 -58.53 -58.44 -58.31 -58.19 -58.09 -57.97 -57.91 -57.84 -57.81 -57.78 -57.81 -57.81 -57.84 -57.84 -57.78 -57.69 -57.59 -57.47 -57.34 -57.22 -57.09 -57.00 -56.91 -56.97 -57.12 -57.22 -57.28 -57.22 -57.09 -56.97 -56.84 -56.75 -56.69 -56.62 -56.59 -56.56 -56.56 -56.50 -56.44 -56.34 -56.28 -56.25 -56.25 -56.34 -56.41 -56.47 -56.44 -56.31 -56.12 -55.91 -55.72 -55.66 -55.62 -55.56 -55.56 -55.59 -55.69 -55.78 -55.88 -55.94 -55.97 -55.97 -55.97 -55.97 -55.91 -55.84 -55.75
-58.94 -58.81 -58.72 -58.62 -58.53 -58.41 -58.31 -58.19 -58.06 -57.97 -57.88 -57.81 -57.78 -57.78 -57.78 -57.81 -57.84 -57.84 -57.78 -57.69 -57.56 -57.44 -57.31 -57.19 -57.06 -56.94 -56.84 -56.84 -56.94 -57.03 -57.06 -57.00 -56.88 -56.75 -56.62 -56.53 -56.44 -56.41 -56.38 -56.34 -56.31 -56.25 -56.19 -56.12 -56.06 -56.00 -56.06 -56.12 -56.19 -56.25 -56.19 -56.06 -55.88 -55.66 -55.41 -55.19 -55.09 -55.06 -55.12 -55.25 -55.41 -55.50 -55.59 -55.69 -55.69 -55.69 -55.69 -55.66 -55.62 -55.56 -55.47
-58.94 -58.81 -58.72 -58.62 -58.53 -58.44 -58.31 -58.19 -58.06 -57.94 -57.84 -57.78 -57.75 -57.75 -57.78 -57.81 -57.84 -57.81 -57.75 -57.66 -57.56 -57.44 -57.28 -57.16 -57.03 -56.91 -56.81 -56.75 -56.78 -56.84 -56.88 -56.81 -56.69 -56.56 -56.44 -56.31 -56.25 -56.19 -56.16 -56.12 -56.09 -56.06 -55.97 -55.91 -55.84 -55.81 -55.88 -55.94 -56.00 -56.03 -56.00 -55.88 -55.69 -55.47 -55.22 -54.91 -54.69 -54.59 -54.66 -54.91 -55.12 -55.25 -55.34 -55.41 -55.41 -55.38 -55.38 -55.34 -55.31 -55.25 -55.16
-58.97 -58.84 -58.75 -58.69 -58.56 -58.47 -58.34 -58.22 -58.06 -57.91 -57.81 -57.75 -57.72 -57.72 -57.75 -57.78 -57.81 -57.81 -57.72 -57.62 -57.53 -57.41 -57.28 -57.12 -57.00 -56.88 -56.78 -56.69 -56.69 -56.69 -56.69 -56.62 -56.53 -56.41 -56.28 -56.19 -56.09 -56.03 -56.00 -55.97 -55.94 -55.88 -55.78 -55.72 -55.66 -55.66 -55.69 -55.78 -55.84 -55.84 -55.81 -55.69 -55.53 -55.34 -55.12 -54.88 -54.62 -54.41 -54.41 -54.59 -54.84 -55.00 -55.09 -55.12 -55.12 -55.09 -55.06 -55.03 -55.00 -54.94 -54.84
-59.00 -58.91 -58.81 -58.72 -58.59 -58.47 -58.34 -58.19 -58.03 -57.91 -57.78 -57.72 -57.66 -57.66 -57.69 -57.75 -57.78 -57.75 -57.69 -57.59 -57.50 -57.38 -57.25 -57.12 -56.97 -56.88 -56.75 -56.66 -56.59 -56.56 -56.53 -56.47 -56.38 -56.28 -56.19 -56.06 -56.00 -55.91 -55.88 -55.81 -55.78 -55.69 -55.62 -55.56 -55.50 -55.50 -55.56 -55.62 -55.69 -55.69 -55.66 -55.56 -55.41 -55.25 -55.06 -54.88 -54.72 -54.56 -54.44 -54.50 -54.66 -54.78 -54.88 -54.91 -54.88 -54.84 -54.78 -54.75 -54.72 -54.62 -54.53
-59.03 -58.94 -58.84 -58.72 -58.59 -58.47 -58.34 -58.19 -58.03 -57.88 -57.75 -57.69 -57.62 -57.62 -57.66 -57.69 -57.72 -57.69 -57.62 -57.56 -57.44 -57.34 -57.22 -57.09 -56.97 -56.84 -56.75 -56.66 -56.56 -56.50 -56.44 -56.38 -56.28 -56.19 -56.09 -56.00 -55.94 -55.84 -55.78 -55.72 -55.62 -55.56 -55.50 -55.41 -55.38 -55.38 -55.44 -55.50 -55.56 -55.56 -55.53 -55.44 -55.34 -55.19 -55.06 -54.91 -54.78 -54.69 -54.59 -54.56 -54.59 -54.66 -54.72 -54.75 -54.72 -54.66 -54.59 -54.53 -54.47 -54.38 -54.28
-59.06 -58.94 -58.84 -58.72 -58.59 -58.47 -58.31 -58.16 -58.03 -57.88 -57.75 -57.66 -57.59 -57.59 -57.59 -57.62 -57.62 -57.62 -57.56 -57.50 -57.41 -57.28 -57.16 -57.03 -56.91 -56.81 -56.72 -56.62 -56.56 -56.47 -56.38 -56.28 -56.22 -56.12 -56.03 -55.97 -55.88 -55.81 -55.72 -55.62 -55.53 -55.47 -55.38 -55.31 -55.28 -55.28 -55.34 -55.41 -55.44 -55.47 -55.44 -55.38 -55.28 -55.19 -55.06 -54.97 -54.84 -54.75 -54.69 -54.66 -54.62 -54.66 -54.66 -54.66 -54.62 -54.56 -54.47 -54.38 -54.31 -54.22 -54.09
-59.06 -58.94 -58.81 -58.69 -58.56 -58.44 -58.31 -58.16 -58.03 -57.88 -57.75 -57.66 -57.59 -57.56 -57.56 -57.56 -57.56 -57.53 -57.47 -57.41 -57.31 -57.22 -57.09 -56.97 -56.88 -56.75 -56.69 -56.62 -56.53 -56.47 -56.38 -56.25 -56.16 -56.09 -56.00 -55.94 -55.84 -55.78 -55.69 -55.59 -55.50 -55.41 -55.31 -55.22 -55.19 -55.22 -55.25 -55.31 -55.38 -55.41 -55.38 -55.34 -55.28 -55.22 -55.12 -55.03 -54.94 -54.84 -54.78 -54.72 -54.72 -54.69 -54.69 -54.66 -54.59 -54.53 -54.44 -54.34 -54.22 -54.12 -54.00
-59.03 -58.91 -58.81 -58.69 -58.56 -58.44 -58.31 -58.19 -58.03 -57.91 -57.78 -57.69 -57.59 -57.56 -57.53 -57.53 -57.50 -57.44 -57.41 -57.31 -57.25 -57.12 -57.03 -56.91 -56.81 -56.72 -56.66 -56.59 -56.53 -56.44 -56.34 -56.25 -56.16 -56.09 -56.00 -55.94 -55.84 -55.75 -55.66 -55.56 -55.47 -55.38 -55.28 -55.19 -55.16 -55.16 -55.19 -55.25 -55.31 -55.34 -55.34 -55.31 -55.28 -55.22 -55.16 -55.06 -55.00 -54.91 -54.84 -54.81 -54.78 -54.78 -54.75 -54.69 -54.62 -54.53 -54.44 -54.34 -54.22 -54.09 -53.97
-58.97 -58.88 -58.78 -58.69 -58.56 -58.44 -58.31 -58.19 -58.06 -57.94 -57.81 -57.69 -57.59 -57.56 -57.50 -57.47 -57.44 -57.38 -57.31 -57.25 -57.19 -57.06 -56.97 -56.88 -56.78 -56.69 -56.62 -56.56 -56.50 -56.44 -56.34 -56.25 -56.19 -56.09 -56.03 -55.94 -55.84 -55.78 -55.69 -55.59 -55.47 -55.38 -55.25 -55.19 -55.12 -55.12 -55.16 -55.22 -55.25 -55.31 -55.31 -55.31 -55.28 -55.25 -55.19 -55.12 -55.06 -55.00 -54.94 -54.88 -54.84 -54.81 -54.78 -54.72 -54.66 -54.56 -54.47 -54.38 -54.25 -54.09 -53.97
-58.91 -58.84 -58.75 -58.66 -58.56 -58.44 -58.31 -58.19 -58.06 -57.94 -57.81 -57.69 -57.59 -57.53 -57.47 -57.44 -57.38 -57.31 -57.28 -57.22 -57.12 -57.03 -56.94 -56.84 -56.75 -56.69 -56.62 -56.56 -56.50 -56.44 -56.34 -56.28 -56.19 -56.09 -56.03 -55.97 -55.88 -55.81 -55.72 -55.59 -55.50 -55.38 -55.28 -55.19 -55.16 -55.12 -55.16 -55.19 -55.25 -55.28 -55.28 -55.28 -55.25 -55.22 -55.19 -55.16 -55.09 -55.03 -55.00 -54.94 -54.91 -54.84 -54.81 -54.75 -54.69 -54.59 -54.50 -54.38 -54.25 -54.12 -53.97
-58.88 -58.81 -58.75 -58.66 -58.56 -58.44 -58.31 -58.19 -58.06 -57.94 -57.81 -57.69 -57.59 -57.50 -57.44 -57.41 -57.34 -57.31 -57.25 -57.19 -57.12 -57.03 -56.94 -56.88 -56.78 -56.69 -56.62 -56.56 -56.53 -56.44 -56.38 -56.28 -56.19 -56.12 -56.03 -55.97 -55.91 -55.81 -55.75 -55.66 -55.53 -55.41 -55.31 -55.22 -55.16 -55.16 -55.16 -55.22 -55.25 -55.25 -55.25 -55.25 -55.22 -55.19 -55.19 -55.16 -55.09 -55.06 -55.03 -54.97 -54.91 -54.84 -54.78 -54.72 -54.66 -54.59 -54.50 -54.41 -54.25 -54.12 -53.97
-58.81 -58.78 -58.72 -58.62 -58.56 -58.44 -58.31 -58.19 -58.06 -57.94 -57.81 -57.69 -57.56 -57.47 -57.41 -57.38 -57.34 -57.31 -57.25 -57.19 -57.12 -57.03 -56.97 -56.88 -56.81 -56.72 -56.66 -56.59 -56.53 -56.44 -56.38 -56.28 -56.19 -56.12 -56.06 -56.00 -55.94 -55.84 -55.78 -55.69 -55.56 -55.44 -55.31 -55.22 -55.19 -55.16 -55.19 -55.22 -55.25 -55.25 -55.25 -55.22 -55.22 -55.19 -55.16 -55.12 -55.09 -55.06 -55.03 -54.97 -54.91 -54.84 -54.78 -54.72 -54.66 -54.56 -54.50 -54.41 -54.28 -54.16 -54.00
