everonasctiles/Tile[5,6].asc
ncols 128
nrows 128
xllcorner 0
yllcorner 0
cellsize 2.0
NODATA_value  -9999
[rows 0 to 31 of 128, columns 0 to 70 of 128]
-25.41 -25.38 -25.47 -25.53 -25.56 -25.66 -25.66 -25.69 -25.75 -25.84 -25.91 -25.94 -26.00 -26.06 -26.09 -26.09 -26.12 -26.09 -26.06 -26.03 -26.03 -25.97 -25.91 -25.81 -25.72 -25.66 -25.62 -25.53 -25.50 -25.38 -25.25 -25.16 -25.12 -25.00 -25.09 -25.12 -25.19 -25.25 -25.28 -25.38 -25.34 -25.28 -25.31 -25.34 -25.34 -25.38 -25.34 -25.34 -25.25 -25.22 -25.25 -25.28 -25.25 -25.19 -25.12 -25.09 -25.06 -24.97 -24.88 -24.84 -24.75 -24.69 -24.59 -24.44 -24.41 -24.53 -24.47 -24.50 -24.38 -24.31 -24.31
-25.38 -25.41 -25.47 -25.53 -25.53 -25.50 -25.56 -25.62 -25.72 -25.78 -25.84 -25.84 -25.88 -25.94 -25.97 -26.03 -26.03 -26.00 -25.97 -25.94 -25.91 -25.84 -25.78 -25.72 -25.66 -25.59 -25.53 -25.47 -25.38 -25.25 -25.19 -25.12 -25.09 -25.00 -25.00 -25.03 -25.03 -25.06 -25.16 -25.22 -25.25 -25.25 -25.25 -25.28 -25.25 -25.25 -25.22 -25.16 -25.09 -25.12 -25.16 -25.19 -25.16 -25.09 -25.09 -25.09 -25.03 -24.97 -24.88 -24.84 -24.75 -24.66 -24.50 -24.38 -24.34 -24.38 -24.41 -24.38 -24.31 -24.28 -24.28
-25.34 -25.41 -25.47 -25.47 -25.47 -25.50 -25.53 -25.59 -25.59 -25.69 -25.78 -25.78 -25.81 -25.88 -25.91 -25.94 -25.91 -25.84 -25.84 -25.81 -25.75 -25.69 -25.69 -25.66 -25.59 -25.50 -25.50 -25.41 -25.25 -25.12 -25.12 -25.09 -25.03 -24.97 -24.94 -24.97 -25.00 -25.03 -25.06 -25.06 -25.12 -25.12 -25.12 -25.09 -25.00 -25.06 -25.06 -25.03 -25.00 -25.03 -25.03 -25.12 -25.09 -25.09 -25.06 -25.03 -24.97 -24.88 -24.78 -24.72 -24.66 -24.59 -24.50 -24.41 -24.34 -24.38 -24.41 -24.38 -24.25 -24.22 -24.22
-25.19 -25.25 -25.34 -25.41 -25.44 -25.47 -25.53 -25.56 -25.59 -25.66 -25.72 -25.72 -25.81 -25.84 -25.88 -25.84 -25.81 -25.81 -25.78 -25.72 -25.66 -25.62 -25.66 -25.66 -25.59 -25.56 -25.47 -25.31 -25.16 -25.06 -25.09 -25.16 -25.06 -24.97 -24.88 -24.84 -24.97 -24.97 -24.94 -24.91 -24.94 -24.97 -25.00 -25.00 -25.00 -25.06 -25.03 -25.00 -24.94 -24.94 -24.94 -24.97 -25.00 -25.00 -24.97 -24.94 -24.84 -24.81 -24.72 -24.66 -24.59 -24.56 -24.44 -24.34 -24.31 -24.38 -24.34 -24.28 -24.25 -24.22 -24.22
-25.03 -25.12 -25.19 -25.28 -25.34 -25.38 -25.47 -25.50 -25.56 -25.62 -25.69 -25.72 -25.72 -25.75 -25.78 -25.81 -25.78 -25.75 -25.72 -25.69 -25.66 -25.66 -25.59 -25.56 -25.53 -25.47 -25.34 -25.19 -25.03 -24.97 -25.00 -25.06 -25.03 -24.84 -24.81 -24.78 -24.81 -24.84 -24.81 -24.81 -24.81 -24.84 -24.88 -24.88 -24.88 -24.88 -24.88 -24.94 -24.88 -24.88 -24.88 -24.88 -24.88 -24.88 -24.88 -24.72 -24.69 -24.72 -24.66 -24.59 -24.53 -24.44 -24.31 -24.28 -24.38 -24.41 -24.25 -24.25 -24.25 -24.19 -24.22
-24.88 -24.91 -25.00 -25.16 -25.19 -25.25 -25.38 -25.44 -25.53 -25.59 -25.59 -25.66 -25.62 -25.62 -25.66 -25.69 -25.72 -25.66 -25.66 -25.62 -25.59 -25.56 -25.53 -25.47 -25.41 -25.31 -25.19 -25.09 -24.94 -24.91 -24.94 -24.88 -24.88 -24.72 -24.75 -24.72 -24.75 -24.78 -24.78 -24.75 -24.75 -24.78 -24.78 -24.81 -24.81 -24.81 -24.81 -24.81 -24.81 -24.84 -24.84 -24.84 -24.84 -24.78 -24.69 -24.66 -24.72 -24.62 -24.59 -24.47 -24.38 -24.31 -24.25 -24.22 -24.28 -24.31 -24.22 -24.25 -24.19 -24.16 -24.16
-24.84 -24.84 -24.97 -25.03 -25.09 -25.25 -25.38 -25.41 -25.50 -25.53 -25.56 -25.59 -25.59 -25.59 -25.62 -25.62 -25.62 -25.62 -25.56 -25.50 -25.41 -25.34 -25.31 -25.31 -25.28 -25.19 -25.12 -25.03 -24.97 -24.94 -24.84 -24.75 -24.69 -24.66 -24.66 -24.66 -24.62 -24.66 -24.66 -24.66 -24.66 -24.69 -24.72 -24.81 -24.81 -24.81 -24.81 -24.75 -24.75 -24.78 -24.78 -24.75 -24.75 -24.66 -24.62 -24.66 -24.56 -24.50 -24.50 -24.41 -24.31 -24.22 -24.16 -24.09 -24.16 -24.22 -24.22 -24.16 -24.16 -24.09 -24.09
-24.81 -24.88 -24.97 -25.00 -25.12 -25.28 -25.38 -25.47 -25.47 -25.50 -25.53 -25.56 -25.59 -25.59 -25.62 -25.62 -25.59 -25.53 -25.47 -25.38 -25.31 -25.22 -25.22 -25.25 -25.25 -25.22 -25.12 -25.06 -24.91 -24.88 -24.78 -24.72 -24.62 -24.56 -24.50 -24.50 -24.47 -24.47 -24.47 -24.44 -24.50 -24.59 -24.69 -24.75 -24.72 -24.72 -24.69 -24.62 -24.66 -24.62 -24.59 -24.59 -24.56 -24.56 -24.53 -24.53 -24.50 -24.50 -24.44 -24.38 -24.25 -24.12 -24.00 -23.97 -24.03 -24.12 -24.12 -24.09 -24.03 -24.03 -24.03
-24.78 -24.84 -24.91 -25.00 -25.12 -25.28 -25.38 -25.41 -25.44 -25.50 -25.53 -25.53 -25.56 -25.59 -25.56 -25.56 -25.53 -25.47 -25.38 -25.38 -25.34 -25.28 -25.25 -25.25 -25.22 -25.19 -25.09 -25.03 -24.94 -24.84 -24.75 -24.66 -24.56 -24.47 -24.41 -24.34 -24.28 -24.28 -24.28 -24.28 -24.38 -24.50 -24.56 -24.59 -24.66 -24.66 -24.66 -24.59 -24.62 -24.62 -24.62 -24.62 -24.53 -24.50 -24.53 -24.50 -24.47 -24.44 -24.38 -24.34 -24.25 -24.12 -24.03 -23.97 -23.97 -23.97 -23.97 -23.97 -24.00 -23.94 -23.88
-24.66 -24.72 -24.84 -24.94 -25.09 -25.22 -25.28 -25.31 -25.38 -25.38 -25.44 -25.47 -25.50 -25.53 -25.53 -25.50 -25.44 -25.31 -25.34 -25.38 -25.34 -25.31 -25.31 -25.25 -25.19 -25.12 -25.06 -25.03 -24.97 -24.91 -24.81 -24.66 -24.56 -24.41 -24.34 -24.31 -24.25 -24.22 -24.22 -24.22 -24.41 -24.44 -24.44 -24.47 -24.53 -24.59 -24.56 -24.53 -24.56 -24.59 -24.59 -24.56 -24.50 -24.41 -24.41 -24.44 -24.38 -24.38 -24.34 -24.28 -24.25 -24.19 -24.06 -24.00 -23.97 -23.97 -23.91 -23.88 -23.91 -23.84 -23.81
-24.56 -24.69 -24.78 -24.91 -25.06 -25.16 -25.22 -25.25 -25.28 -25.31 -25.34 -25.41 -25.44 -25.44 -25.44 -25.41 -25.31 -25.22 -25.31 -25.34 -25.25 -25.25 -25.25 -25.22 -25.19 -25.16 -25.09 -25.06 -25.00 -24.91 -24.81 -24.66 -24.50 -24.38 -24.38 -24.34 -24.31 -24.25 -24.22 -24.28 -24.31 -24.34 -24.38 -24.38 -24.41 -24.44 -24.41 -24.38 -24.41 -24.50 -24.50 -24.47 -24.47 -24.41 -24.38 -24.31 -24.28 -24.31 -24.28 -24.28 -24.28 -24.22 -24.12 -23.97 -23.88 -23.88 -23.84 -23.81 -23.81 -23.72 -23.72
-24.66 -24.75 -24.81 -24.91 -24.97 -25.09 -25.19 -25.19 -25.22 -25.25 -25.28 -25.34 -25.38 -25.41 -25.38 -25.34 -25.22 -25.25 -25.28 -25.22 -25.19 -25.19 -25.19 -25.19 -25.16 -25.16 -25.09 -25.03 -24.97 -24.91 -24.81 -24.69 -24.59 -24.47 -24.41 -24.38 -24.34 -24.28 -24.28 -24.28 -24.31 -24.31 -24.28 -24.28 -24.31 -24.34 -24.34 -24.25 -24.25 -24.34 -24.34 -24.38 -24.41 -24.34 -24.28 -24.28 -24.25 -24.22 -24.19 -24.22 -24.19 -24.19 -24.09 -23.91 -23.81 -23.78 -23.78 -23.78 -23.72 -23.62 -23.59
-24.69 -24.78 -24.81 -24.84 -24.91 -25.00 -25.09 -25.16 -25.19 -25.25 -25.25 -25.31 -25.31 -25.34 -25.34 -25.25 -25.16 -25.25 -25.22 -25.12 -25.09 -25.12 -25.12 -25.12 -25.09 -25.09 -25.03 -24.97 -24.94 -24.88 -24.78 -24.75 -24.66 -24.56 -24.44 -24.44 -24.38 -24.38 -24.34 -24.28 -24.31 -24.31 -24.25 -24.28 -24.28 -24.28 -24.28 -24.25 -24.22 -24.28 -24.28 -24.28 -24.31 -24.28 -24.28 -24.22 -24.16 -24.19 -24.19 -24.16 -24.16 -24.12 -24.03 -23.88 -23.75 -23.66 -23.72 -23.72 -23.62 -23.56 -23.53
-24.62 -24.72 -24.78 -24.84 -24.88 -24.97 -25.03 -25.09 -25.16 -25.19 -25.22 -25.25 -25.25 -25.25 -25.22 -25.12 -25.19 -25.22 -25.19 -25.09 -25.09 -25.06 -25.06 -25.03 -25.03 -25.00 -24.94 -24.94 -24.84 -24.78 -24.75 -24.72 -24.66 -24.59 -24.50 -24.44 -24.38 -24.38 -24.31 -24.25 -24.28 -24.25 -24.25 -24.25 -24.25 -24.25 -24.25 -24.19 -24.16 -24.19 -24.22 -24.22 -24.16 -24.19 -24.16 -24.12 -24.09 -24.09 -24.12 -24.09 -24.09 -24.06 -23.94 -23.78 -23.62 -23.56 -23.59 -23.56 -23.47 -23.41 -23.41
-24.53 -24.59 -24.69 -24.75 -24.84 -24.91 -25.00 -25.03 -25.09 -25.12 -25.16 -25.19 -25.16 -25.16 -25.09 -25.09 -25.16 -25.19 -25.16 -25.09 -25.06 -25.03 -25.03 -24.97 -24.94 -24.91 -24.88 -24.88 -24.88 -24.81 -24.75 -24.69 -24.66 -24.53 -24.47 -24.38 -24.34 -24.31 -24.28 -24.22 -24.19 -24.19 -24.16 -24.12 -24.12 -24.16 -24.16 -24.06 -24.06 -24.12 -24.16 -24.16 -24.12 -24.09 -24.03 -24.06 -24.00 -24.00 -24.03 -24.00 -23.97 -23.94 -23.84 -23.72 -23.66 -23.50 -23.44 -23.34 -23.25 -23.22 -23.22
-24.44 -24.50 -24.59 -24.69 -24.78 -24.88 -24.91 -24.97 -25.00 -25.06 -25.09 -25.09 -25.09 -25.03 -25.00 -25.06 -25.09 -25.09 -25.09 -25.06 -25.03 -24.97 -24.94 -24.91 -24.84 -24.81 -24.81 -24.81 -24.81 -24.75 -24.69 -24.56 -24.56 -24.53 -24.44 -24.34 -24.25 -24.28 -24.25 -24.19 -24.16 -24.09 -24.06 -24.06 -24.09 -24.12 -24.09 -24.09 -24.09 -24.06 -24.09 -24.09 -24.06 -23.94 -23.91 -23.94 -23.91 -23.91 -23.91 -23.91 -23.88 -23.81 -23.78 -23.62 -23.53 -23.34 -23.22 -23.12 -22.97 -22.94 -23.03
-24.31 -24.44 -24.53 -24.62 -24.75 -24.81 -24.84 -24.91 -24.94 -25.00 -25.00 -24.97 -24.91 -24.91 -25.00 -25.03 -25.03 -25.03 -25.00 -24.97 -24.88 -24.78 -24.78 -24.75 -24.72 -24.72 -24.72 -24.69 -24.66 -24.62 -24.59 -24.53 -24.53 -24.47 -24.38 -24.28 -24.19 -24.19 -24.16 -24.16 -24.09 -24.00 -24.03 -24.06 -24.06 -24.03 -24.00 -24.00 -23.97 -24.00 -24.00 -24.00 -23.97 -23.84 -23.81 -23.78 -23.84 -23.88 -23.88 -23.81 -23.81 -23.72 -23.66 -23.59 -23.44 -23.25 -22.97 -22.81 -22.84 -22.75 -22.78
-24.12 -24.28 -24.41 -24.53 -24.62 -24.69 -24.72 -24.75 -24.81 -24.81 -24.78 -24.72 -24.69 -24.81 -24.91 -24.88 -24.91 -24.88 -24.84 -24.81 -24.72 -24.69 -24.66 -24.66 -24.62 -24.59 -24.59 -24.56 -24.53 -24.47 -24.47 -24.47 -24.47 -24.41 -24.34 -24.25 -24.19 -24.09 -24.12 -24.12 -24.06 -24.00 -23.94 -23.97 -23.94 -23.91 -23.88 -23.84 -23.91 -23.94 -23.91 -23.91 -23.91 -23.84 -23.75 -23.72 -23.78 -23.78 -23.75 -23.72 -23.72 -23.62 -23.56 -23.41 -23.22 -22.97 -22.69 -22.59 -22.53 -22.44 -22.38
-24.03 -24.16 -24.28 -24.38 -24.41 -24.47 -24.56 -24.56 -24.53 -24.50 -24.59 -24.62 -24.69 -24.72 -24.69 -24.69 -24.69 -24.69 -24.69 -24.66 -24.62 -24.56 -24.59 -24.59 -24.56 -24.56 -24.53 -24.47 -24.44 -24.41 -24.38 -24.38 -24.38 -24.34 -24.31 -24.25 -24.16 -24.12 -24.09 -24.09 -24.00 -23.94 -23.88 -23.88 -23.81 -23.81 -23.78 -23.75 -23.78 -23.78 -23.78 -23.84 -23.81 -23.78 -23.75 -23.75 -23.69 -23.66 -23.59 -23.66 -23.66 -23.53 -23.44 -23.22 -23.12 -22.91 -22.62 -22.47 -22.25 -22.12 -22.09
-24.00 -24.03 -24.09 -24.22 -24.25 -24.28 -24.25 -24.19 -24.19 -24.31 -24.47 -24.50 -24.50 -24.47 -24.47 -24.50 -24.53 -24.56 -24.53 -24.56 -24.50 -24.47 -24.50 -24.50 -24.50 -24.44 -24.44 -24.38 -24.38 -24.41 -24.31 -24.31 -24.28 -24.28 -24.28 -24.19 -24.12 -24.03 -24.03 -24.03 -24.00 -23.94 -23.84 -23.78 -23.78 -23.78 -23.75 -23.72 -23.72 -23.69 -23.75 -23.81 -23.81 -23.81 -23.75 -23.59 -23.62 -23.53 -23.53 -23.50 -23.41 -23.38 -23.34 -23.31 -23.25 -23.00 -22.72 -22.38 -22.22 -22.16 -22.09
-23.88 -23.94 -23.97 -24.03 -24.03 -23.94 -23.88 -23.91 -24.03 -24.16 -24.22 -24.25 -24.25 -24.25 -24.31 -24.41 -24.44 -24.44 -24.50 -24.47 -24.44 -24.38 -24.38 -24.41 -24.41 -24.38 -24.34 -24.31 -24.31 -24.38 -24.34 -24.28 -24.25 -24.28 -24.19 -24.12 -24.09 -23.94 -23.81 -23.88 -23.88 -23.81 -23.78 -23.78 -23.75 -23.72 -23.66 -23.62 -23.62 -23.62 -23.66 -23.69 -23.66 -23.62 -23.59 -23.62 -23.56 -23.56 -23.50 -23.41 -23.44 -23.41 -23.38 -23.41 -23.34 -23.09 -22.75 -22.53 -22.38 -22.28 -22.16
-23.69 -23.81 -23.78 -23.78 -23.69 -23.69 -23.75 -23.78 -23.88 -23.91 -23.97 -24.00 -24.03 -24.09 -24.22 -24.31 -24.38 -24.38 -24.41 -24.44 -24.41 -24.34 -24.28 -24.28 -24.34 -24.31 -24.31 -24.28 -24.28 -24.28 -24.25 -24.25 -24.22 -24.19 -24.09 -24.00 -23.88 -23.69 -23.69 -23.75 -23.75 -23.75 -23.75 -23.72 -23.66 -23.62 -23.62 -23.53 -23.50 -23.44 -23.44 -23.56 -23.47 -23.56 -23.62 -23.62 -23.59 -23.53 -23.47 -23.44 -23.47 -23.47 -23.44 -23.41 -23.28 -23.09 -22.88 -22.72 -22.53 -22.47 -22.31
-23.53 -23.59 -23.56 -23.47 -23.50 -23.59 -23.66 -23.62 -23.66 -23.69 -23.81 -23.88 -23.94 -24.03 -24.19 -24.25 -24.25 -24.31 -24.34 -24.34 -24.31 -24.22 -24.19 -24.22 -24.28 -24.28 -24.25 -24.22 -24.22 -24.22 -24.22 -24.19 -24.12 -24.03 -23.91 -23.78 -23.59 -23.53 -23.56 -23.62 -23.69 -23.78 -23.72 -23.69 -23.59 -23.62 -23.50 -23.47 -23.38 -23.31 -23.31 -23.34 -23.31 -23.53 -23.59 -23.56 -23.56 -23.53 -23.50 -23.47 -23.44 -23.41 -23.38 -23.28 -23.22 -23.12 -23.00 -22.88 -22.69 -22.47 -22.19
-23.25 -23.28 -23.28 -23.25 -23.28 -23.31 -23.38 -23.41 -23.47 -23.59 -23.66 -23.78 -23.88 -24.00 -24.12 -24.22 -24.28 -24.31 -24.28 -24.25 -24.22 -24.12 -24.09 -24.09 -24.16 -24.12 -24.16 -24.19 -24.19 -24.19 -24.16 -24.06 -23.88 -23.75 -23.69 -23.53 -23.47 -23.47 -23.53 -23.62 -23.72 -23.72 -23.62 -23.59 -23.53 -23.47 -23.38 -23.28 -23.28 -23.22 -23.22 -23.31 -23.34 -23.38 -23.50 -23.47 -23.44 -23.47 -23.47 -23.28 -23.19 -23.28 -23.25 -23.25 -23.19 -23.12 -23.03 -22.91 -22.75 -22.44 -22.19
-22.84 -22.91 -22.97 -23.06 -23.09 -23.09 -23.19 -23.34 -23.44 -23.56 -23.62 -23.72 -23.84 -24.00 -24.09 -24.12 -24.19 -24.19 -24.19 -24.16 -24.06 -24.03 -24.06 -24.06 -24.06 -24.06 -24.03 -24.06 -24.09 -24.09 -24.00 -23.78 -23.69 -23.62 -23.59 -23.53 -23.47 -23.56 -23.59 -23.69 -23.66 -23.62 -23.53 -23.53 -23.47 -23.44 -23.34 -23.28 -23.25 -23.19 -23.22 -23.31 -23.31 -23.38 -23.38 -23.34 -23.28 -23.31 -23.22 -23.12 -23.22 -23.22 -23.12 -23.16 -23.09 -23.03 -22.94 -22.81 -22.53 -22.34 -22.25
-22.50 -22.69 -22.78 -22.88 -22.91 -22.97 -23.06 -23.25 -23.38 -23.47 -23.56 -23.69 -23.78 -23.94 -24.00 -24.03 -24.06 -24.06 -24.06 -24.00 -23.94 -23.97 -24.00 -24.03 -24.03 -24.00 -23.97 -24.03 -24.09 -24.09 -23.91 -23.72 -23.69 -23.66 -23.66 -23.59 -23.59 -23.66 -23.72 -23.62 -23.59 -23.53 -23.47 -23.44 -23.41 -23.34 -23.34 -23.25 -23.22 -23.16 -23.19 -23.22 -23.25 -23.28 -23.28 -23.25 -23.19 -23.06 -23.00 -23.09 -23.12 -23.06 -23.09 -23.03 -23.00 -22.88 -22.81 -22.69 -22.44 -22.28 -22.03
-22.44 -22.53 -22.66 -22.69 -22.75 -22.84 -23.00 -23.09 -23.28 -23.41 -23.50 -23.62 -23.72 -23.84 -23.84 -23.81 -23.88 -23.91 -23.88 -23.84 -23.88 -23.94 -23.97 -24.00 -24.00 -24.00 -24.03 -24.03 -24.09 -24.06 -23.94 -23.81 -23.78 -23.75 -23.72 -23.69 -23.72 -23.75 -23.72 -23.62 -23.53 -23.50 -23.47 -23.47 -23.41 -23.31 -23.25 -23.25 -23.19 -23.12 -23.12 -23.19 -23.16 -23.16 -23.19 -23.19 -23.06 -22.91 -22.94 -23.00 -23.00 -23.00 -23.00 -22.94 -22.94 -22.94 -22.84 -22.72 -22.44 -22.22 -21.97
-22.41 -22.47 -22.56 -22.59 -22.66 -22.78 -22.97 -23.09 -23.19 -23.31 -23.44 -23.53 -23.59 -23.69 -23.72 -23.72 -23.75 -23.75 -23.75 -23.81 -23.91 -23.91 -23.91 -23.91 -23.97 -23.97 -24.00 -24.03 -24.03 -24.03 -23.97 -23.88 -23.84 -23.78 -23.75 -23.75 -23.69 -23.62 -23.56 -23.56 -23.50 -23.44 -23.44 -23.50 -23.41 -23.31 -23.31 -23.22 -23.19 -23.06 -23.09 -23.09 -23.06 -23.09 -23.12 -23.12 -23.00 -22.94 -23.00 -22.94 -22.88 -22.88 -22.84 -22.84 -22.88 -22.88 -22.81 -22.66 -22.44 -22.19 -22.25
-22.38 -22.47 -22.53 -22.59 -22.69 -22.81 -22.88 -23.03 -23.16 -23.22 -23.34 -23.41 -23.44 -23.50 -23.59 -23.62 -23.69 -23.75 -23.78 -23.88 -23.88 -23.88 -23.88 -23.88 -23.88 -23.84 -23.84 -23.91 -23.94 -23.94 -23.94 -23.84 -23.78 -23.75 -23.69 -23.62 -23.56 -23.47 -23.44 -23.44 -23.41 -23.44 -23.44 -23.41 -23.41 -23.34 -23.25 -23.16 -23.09 -23.03 -23.06 -23.06 -23.03 -23.00 -23.03 -23.06 -23.00 -23.03 -22.91 -22.84 -22.88 -22.84 -22.81 -22.78 -22.78 -22.75 -22.75 -22.62 -22.38 -22.38 -22.34
-22.31 -22.44 -22.50 -22.53 -22.59 -22.72 -22.84 -23.00 -23.09 -23.16 -23.19 -23.22 -23.31 -23.44 -23.53 -23.59 -23.69 -23.78 -23.84 -23.84 -23.84 -23.84 -23.84 -23.84 -23.81 -23.75 -23.69 -23.75 -23.84 -23.84 -23.81 -23.78 -23.69 -23.66 -23.56 -23.53 -23.44 -23.31 -23.34 -23.38 -23.41 -23.34 -23.41 -23.41 -23.38 -23.31 -23.25 -23.16 -23.06 -23.03 -22.97 -23.00 -23.03 -23.00 -23.03 -23.06 -23.00 -22.94 -22.88 -22.84 -22.81 -22.75 -22.72 -22.75 -22.75 -22.69 -22.66 -22.59 -22.47 -22.41 -22.34
-22.19 -22.28 -22.44 -22.50 -22.56 -22.69 -22.78 -22.91 -22.97 -23.00 -23.06 -23.09 -23.19 -23.31 -23.44 -23.56 -23.62 -23.72 -23.78 -23.78 -23.78 -23.78 -23.78 -23.78 -23.75 -23.69 -23.66 -23.66 -23.69 -23.69 -23.66 -23.66 -23.56 -23.44 -23.34 -23.34 -23.28 -23.28 -23.31 -23.34 -23.34 -23.38 -23.44 -23.44 -23.38 -23.31 -23.25 -23.16 -23.06 -23.03 -23.00 -23.03 -23.06 -23.00 -23.00 -22.97 -22.94 -22.88 -22.84 -22.81 -22.75 -22.75 -22.72 -22.72 -22.72 -22.62 -22.56 -22.47 -22.44 -22.38 -22.25
-22.03 -22.12 -22.25 -22.44 -22.56 -22.66 -22.75 -22.84 -22.81 -22.88 -22.94 -23.00 -23.12 -23.28 -23.41 -23.47 -23.56 -23.59 -23.66 -23.72 -23.72 -23.69 -23.69 -23.69 -23.66 -23.59 -23.59 -23.66 -23.66 -23.62 -23.56 -23.44 -23.31 -23.19 -23.12 -23.06 -23.22 -23.31 -23.34 -23.38 -23.31 -23.34 -23.38 -23.34 -23.31 -23.28 -23.22 -23.09 -23.00 -22.97 -22.97 -22.94 -22.94 -22.94 -22.94 -22.91 -22.88 -22.81 -22.78 -22.72 -22.69 -22.66 -22.66 -22.72 -22.66 -22.56 -22.50 -22.50 -22.44 -22.41 -22.28
