everonasctiles/Tile5,14.asc
ncols 128
nrows 128
xllcorner 0
yllcorner 0
cellsize 2.0
NODATA_value  -9999
[rows 32 to 63 of 128, columns 0 to 70 of 128]
-25.75 -25.69 -25.66 -25.66 -25.66 -25.69 -25.78 -25.78 -25.78 -25.72 -25.69 -25.62 -25.56 -25.50 -25.47 -25.41 -25.34 -25.28 -25.22 -25.16 -25.09 -25.00 -24.94 -24.91 -24.84 -24.81 -24.75 -24.72 -24.66 -24.56 -24.50 -24.38 -24.25 -24.16 -24.06 -23.97 -23.84 -23.72 -23.62 -23.53 -23.50 -23.47 -23.38 -23.28 -23.19 -23.09 -23.00 -22.88 -22.78 -22.69 -22.56 -22.50 -22.41 -22.34 -22.31 -22.25 -22.19 -22.12 -22.06 -22.00 -21.97 -21.91 -21.91 -21.78 -21.75 -21.69 -21.66 -21.59 -21.53 -21.50 -21.44
-25.72 -25.69 -25.62 -25.59 -25.59 -25.62 -25.72 -25.72 -25.72 -25.66 -25.59 -25.56 -25.50 -25.47 -25.41 -25.34 -25.28 -25.22 -25.16 -25.09 -25.00 -24.94 -24.91 -24.81 -24.75 -24.72 -24.69 -24.62 -24.62 -24.56 -24.50 -24.41 -24.28 -24.19 -24.09 -24.00 -23.91 -23.78 -23.69 -23.59 -23.53 -23.50 -23.41 -23.31 -23.22 -23.09 -23.03 -22.91 -22.81 -22.72 -22.62 -22.53 -22.44 -22.38 -22.31 -22.25 -22.19 -22.09 -22.06 -22.00 -21.94 -21.88 -21.84 -21.84 -21.72 -21.66 -21.62 -21.56 -21.50 -21.47 -21.44
-25.66 -25.62 -25.56 -25.53 -25.56 -25.56 -25.62 -25.66 -25.62 -25.59 -25.53 -25.50 -25.47 -25.44 -25.34 -25.28 -25.19 -25.12 -25.06 -25.03 -24.94 -24.88 -24.84 -24.78 -24.72 -24.69 -24.62 -24.56 -24.53 -24.50 -24.44 -24.41 -24.31 -24.19 -24.06 -23.97 -23.91 -23.81 -23.75 -23.69 -23.59 -23.50 -23.41 -23.31 -23.22 -23.12 -23.03 -22.94 -22.84 -22.75 -22.66 -22.56 -22.47 -22.41 -22.31 -22.25 -22.19 -22.12 -22.03 -21.97 -21.91 -21.84 -21.78 -21.75 -21.75 -21.69 -21.62 -21.53 -21.47 -21.44 -21.38
-25.62 -25.53 -25.50 -25.47 -25.47 -25.47 -25.50 -25.56 -25.56 -25.50 -25.50 -25.47 -25.44 -25.38 -25.28 -25.22 -25.12 -25.06 -24.97 -24.91 -24.88 -24.84 -24.78 -24.72 -24.69 -24.59 -24.56 -24.50 -24.47 -24.41 -24.34 -24.28 -24.25 -24.19 -24.09 -24.03 -23.97 -23.91 -23.81 -23.72 -23.62 -23.53 -23.44 -23.34 -23.25 -23.16 -23.06 -22.94 -22.84 -22.75 -22.69 -22.59 -22.50 -22.44 -22.34 -22.28 -22.19 -22.12 -22.06 -21.97 -21.91 -21.84 -21.78 -21.72 -21.69 -21.69 -21.62 -21.56 -21.47 -21.44 -21.34
-25.56 -25.50 -25.44 -25.41 -25.38 -25.38 -25.41 -25.47 -25.50 -25.47 -25.44 -25.44 -25.41 -25.34 -25.25 -25.19 -25.09 -25.03 -24.94 -24.84 -24.75 -24.72 -24.69 -24.66 -24.59 -24.53 -24.50 -24.47 -24.41 -24.34 -24.28 -24.22 -24.16 -24.16 -24.09 -24.06 -24.00 -23.94 -23.84 -23.75 -23.62 -23.53 -23.47 -23.38 -23.25 -23.19 -23.09 -22.97 -22.91 -22.78 -22.72 -22.62 -22.53 -22.47 -22.38 -22.28 -22.22 -22.16 -22.06 -22.00 -21.94 -21.84 -21.78 -21.72 -21.66 -21.62 -21.59 -21.56 -21.47 -21.41 -21.34
-25.50 -25.44 -25.38 -25.31 -25.28 -25.31 -25.34 -25.41 -25.44 -25.47 -25.44 -25.38 -25.34 -25.28 -25.22 -25.12 -25.09 -25.03 -24.91 -24.81 -24.72 -24.69 -24.62 -24.56 -24.50 -24.47 -24.44 -24.41 -24.38 -24.28 -24.25 -24.16 -24.12 -24.09 -24.06 -24.03 -23.94 -23.91 -23.84 -23.78 -23.72 -23.56 -23.47 -23.38 -23.28 -23.22 -23.12 -23.03 -22.91 -22.84 -22.75 -22.66 -22.56 -22.47 -22.38 -22.31 -22.25 -22.16 -22.09 -22.00 -21.94 -21.84 -21.78 -21.72 -21.66 -21.59 -21.56 -21.53 -21.47 -21.47 -21.34
-25.44 -25.41 -25.34 -25.28 -25.25 -25.25 -25.25 -25.34 -25.38 -25.38 -25.34 -25.31 -25.28 -25.22 -25.19 -25.09 -25.03 -24.97 -24.91 -24.81 -24.72 -24.66 -24.59 -24.53 -24.47 -24.41 -24.38 -24.38 -24.34 -24.25 -24.19 -24.16 -24.09 -24.06 -24.00 -23.94 -23.88 -23.81 -23.81 -23.75 -23.69 -23.62 -23.47 -23.41 -23.31 -23.22 -23.12 -23.03 -22.94 -22.84 -22.75 -22.66 -22.56 -22.47 -22.41 -22.31 -22.25 -22.16 -22.09 -22.03 -21.94 -21.84 -21.81 -21.72 -21.66 -21.59 -21.56 -21.47 -21.44 -21.44 -21.38
-25.41 -25.34 -25.31 -25.25 -25.25 -25.22 -25.22 -25.31 -25.34 -25.34 -25.31 -25.25 -25.22 -25.19 -25.16 -25.06 -25.00 -24.94 -24.84 -24.75 -24.66 -24.59 -24.53 -24.47 -24.41 -24.34 -24.31 -24.28 -24.25 -24.19 -24.12 -24.09 -24.03 -24.00 -23.94 -23.88 -23.84 -23.78 -23.72 -23.69 -23.62 -23.56 -23.53 -23.44 -23.31 -23.22 -23.16 -23.06 -22.97 -22.88 -22.78 -22.69 -22.59 -22.50 -22.41 -22.31 -22.25 -22.19 -22.09 -22.03 -21.94 -21.88 -21.78 -21.72 -21.66 -21.59 -21.53 -21.47 -21.41 -21.38 -21.34
-25.41 -25.34 -25.34 -25.28 -25.28 -25.25 -25.28 -25.28 -25.28 -25.28 -25.25 -25.25 -25.22 -25.19 -25.12 -25.06 -24.97 -24.88 -24.78 -24.69 -24.59 -24.50 -24.47 -24.41 -24.38 -24.28 -24.25 -24.22 -24.19 -24.12 -24.06 -24.03 -23.97 -23.94 -23.88 -23.81 -23.75 -23.69 -23.66 -23.59 -23.53 -23.47 -23.47 -23.41 -23.34 -23.28 -23.16 -23.06 -22.97 -22.88 -22.78 -22.72 -22.62 -22.50 -22.44 -22.34 -22.28 -22.19 -22.12 -22.03 -21.94 -21.88 -21.81 -21.72 -21.66 -21.59 -21.53 -21.47 -21.41 -21.34 -21.31
-25.41 -25.38 -25.31 -25.28 -25.28 -25.25 -25.22 -25.22 -25.25 -25.25 -25.28 -25.25 -25.22 -25.19 -25.12 -25.03 -24.94 -24.84 -24.72 -24.62 -24.56 -24.47 -24.44 -24.38 -24.31 -24.25 -24.19 -24.16 -24.09 -24.03 -23.97 -23.94 -23.91 -23.88 -23.84 -23.75 -23.69 -23.62 -23.56 -23.50 -23.47 -23.41 -23.34 -23.34 -23.31 -23.25 -23.19 -23.06 -22.97 -22.91 -22.81 -22.72 -22.62 -22.53 -22.44 -22.38 -22.28 -22.22 -22.12 -22.03 -21.94 -21.88 -21.81 -21.72 -21.66 -21.59 -21.53 -21.47 -21.41 -21.34 -21.28
-25.47 -25.41 -25.34 -25.31 -25.25 -25.22 -25.19 -25.19 -25.22 -25.25 -25.28 -25.25 -25.22 -25.16 -25.09 -25.00 -24.94 -24.81 -24.72 -24.59 -24.53 -24.47 -24.41 -24.34 -24.28 -24.22 -24.12 -24.06 -24.00 -23.97 -23.94 -23.88 -23.84 -23.81 -23.75 -23.69 -23.59 -23.53 -23.50 -23.44 -23.38 -23.31 -23.28 -23.25 -23.28 -23.22 -23.16 -23.09 -22.97 -22.91 -22.81 -22.72 -22.62 -22.53 -22.44 -22.38 -22.28 -22.22 -22.12 -22.03 -21.97 -21.88 -21.81 -21.72 -21.66 -21.59 -21.53 -21.47 -21.41 -21.34 -21.28
-25.53 -25.44 -25.38 -25.31 -25.25 -25.22 -25.19 -25.19 -25.22 -25.25 -25.25 -25.25 -25.19 -25.12 -25.06 -25.00 -24.91 -24.81 -24.69 -24.59 -24.53 -24.47 -24.41 -24.34 -24.25 -24.16 -24.09 -24.03 -24.00 -23.94 -23.88 -23.84 -23.78 -23.72 -23.69 -23.59 -23.56 -23.50 -23.44 -23.38 -23.31 -23.28 -23.25 -23.19 -23.19 -23.12 -23.09 -23.06 -23.00 -22.88 -22.81 -22.72 -22.62 -22.56 -22.47 -22.38 -22.28 -22.22 -22.12 -22.03 -21.97 -21.88 -21.81 -21.72 -21.66 -21.59 -21.53 -21.47 -21.41 -21.31 -21.28
-25.53 -25.44 -25.34 -25.28 -25.25 -25.22 -25.19 -25.19 -25.19 -25.19 -25.22 -25.22 -25.19 -25.12 -25.06 -25.00 -24.91 -24.81 -24.69 -24.59 -24.56 -24.50 -24.41 -24.34 -24.22 -24.12 -24.06 -24.00 -23.97 -23.91 -23.84 -23.78 -23.72 -23.66 -23.59 -23.53 -23.50 -23.44 -23.38 -23.31 -23.28 -23.22 -23.19 -23.16 -23.12 -23.06 -23.03 -23.03 -23.00 -22.91 -22.78 -22.69 -22.62 -22.53 -22.47 -22.38 -22.31 -22.25 -22.12 -22.06 -21.97 -21.91 -21.81 -21.75 -21.66 -21.59 -21.53 -21.47 -21.41 -21.34 -21.25
-25.50 -25.41 -25.34 -25.28 -25.25 -25.22 -25.22 -25.22 -25.19 -25.16 -25.16 -25.16 -25.12 -25.06 -25.03 -24.97 -24.91 -24.81 -24.69 -24.59 -24.53 -24.47 -24.41 -24.31 -24.22 -24.12 -24.06 -24.00 -23.97 -23.91 -23.81 -23.75 -23.69 -23.66 -23.53 -23.47 -23.44 -23.38 -23.28 -23.25 -23.22 -23.16 -23.12 -23.09 -23.06 -23.03 -22.97 -22.94 -22.94 -22.88 -22.81 -22.72 -22.62 -22.53 -22.47 -22.38 -22.31 -22.22 -22.16 -22.06 -22.00 -21.91 -21.81 -21.75 -21.66 -21.59 -21.53 -21.47 -21.38 -21.34 -21.28
-25.47 -25.41 -25.41 -25.34 -25.28 -25.25 -25.22 -25.19 -25.16 -25.12 -25.12 -25.09 -25.12 -25.09 -25.00 -24.94 -24.88 -24.78 -24.69 -24.62 -24.56 -24.47 -24.41 -24.31 -24.22 -24.12 -24.06 -24.03 -23.97 -23.91 -23.81 -23.75 -23.69 -23.62 -23.53 -23.44 -23.38 -23.31 -23.25 -23.19 -23.16 -23.12 -23.06 -23.00 -22.97 -22.94 -22.91 -22.88 -22.81 -22.81 -22.78 -22.72 -22.62 -22.53 -22.47 -22.38 -22.31 -22.22 -22.16 -22.09 -21.97 -21.91 -21.84 -21.78 -21.69 -21.59 -21.53 -21.47 -21.41 -21.34 -21.25
-25.50 -25.47 -25.41 -25.38 -25.28 -25.22 -25.19 -25.16 -25.16 -25.12 -25.09 -25.06 -25.09 -25.06 -25.03 -24.94 -24.88 -24.78 -24.72 -24.66 -24.59 -24.53 -24.41 -24.34 -24.25 -24.19 -24.12 -24.03 -23.97 -23.91 -23.81 -23.75 -23.66 -23.59 -23.53 -23.44 -23.34 -23.28 -23.22 -23.16 -23.12 -23.06 -23.00 -22.94 -22.91 -22.88 -22.84 -22.81 -22.75 -22.72 -22.72 -22.69 -22.62 -22.56 -22.47 -22.38 -22.31 -22.22 -22.16 -22.06 -22.00 -21.94 -21.88 -21.78 -21.69 -21.62 -21.56 -21.47 -21.41 -21.34 -21.25
-25.47 -25.41 -25.41 -25.38 -25.31 -25.25 -25.22 -25.16 -25.12 -25.09 -25.09 -25.06 -25.06 -25.03 -25.00 -24.97 -24.88 -24.78 -24.69 -24.66 -24.62 -24.53 -24.44 -24.34 -24.28 -24.22 -24.16 -24.06 -23.97 -23.88 -23.81 -23.75 -23.66 -23.59 -23.50 -23.44 -23.34 -23.25 -23.19 -23.12 -23.06 -23.00 -22.94 -22.91 -22.84 -22.81 -22.78 -22.72 -22.69 -22.66 -22.62 -22.66 -22.59 -22.56 -22.50 -22.41 -22.31 -22.25 -22.16 -22.09 -22.03 -21.94 -21.88 -21.78 -21.72 -21.62 -21.56 -21.50 -21.41 -21.34 -21.28
-25.44 -25.38 -25.38 -25.34 -25.28 -25.25 -25.22 -25.16 -25.12 -25.09 -25.06 -25.03 -25.00 -24.97 -24.94 -24.94 -24.91 -24.81 -24.72 -24.62 -24.59 -24.53 -24.44 -24.34 -24.31 -24.25 -24.16 -24.06 -23.97 -23.91 -23.81 -23.75 -23.66 -23.59 -23.50 -23.41 -23.31 -23.25 -23.16 -23.09 -23.03 -22.97 -22.88 -22.84 -22.81 -22.75 -22.72 -22.66 -22.62 -22.59 -22.59 -22.53 -22.56 -22.53 -22.47 -22.44 -22.34 -22.25 -22.19 -22.09 -22.00 -21.94 -21.88 -21.78 -21.72 -21.66 -21.56 -21.50 -21.44 -21.34 -21.28
-25.47 -25.41 -25.38 -25.34 -25.31 -25.25 -25.19 -25.16 -25.12 -25.06 -25.03 -25.00 -24.97 -24.94 -24.91 -24.88 -24.84 -24.81 -24.75 -24.66 -24.59 -24.53 -24.44 -24.38 -24.34 -24.25 -24.16 -24.06 -23.97 -23.91 -23.84 -23.75 -23.66 -23.59 -23.50 -23.41 -23.31 -23.25 -23.16 -23.06 -23.00 -22.91 -22.84 -22.81 -22.75 -22.72 -22.66 -22.59 -22.56 -22.53 -22.50 -22.50 -22.47 -22.47 -22.41 -22.41 -22.34 -22.28 -22.19 -22.09 -22.03 -21.94 -21.88 -21.81 -21.75 -21.66 -21.59 -21.50 -21.44 -21.38 -21.31
-25.50 -25.44 -25.41 -25.38 -25.34 -25.25 -25.19 -25.12 -25.09 -25.06 -25.00 -24.97 -24.94 -24.91 -24.88 -24.81 -24.78 -24.75 -24.72 -24.66 -24.62 -24.53 -24.44 -24.38 -24.31 -24.25 -24.16 -24.09 -24.00 -23.94 -23.88 -23.78 -23.69 -23.59 -23.50 -23.41 -23.31 -23.25 -23.16 -23.06 -23.00 -22.91 -22.84 -22.75 -22.72 -22.66 -22.59 -22.56 -22.50 -22.50 -22.47 -22.44 -22.41 -22.38 -22.31 -22.28 -22.28 -22.25 -22.19 -22.12 -22.06 -22.00 -21.91 -21.81 -21.75 -21.69 -21.59 -21.53 -21.44 -21.38 -21.31
-25.53 -25.50 -25.44 -25.41 -25.34 -25.25 -25.19 -25.12 -25.06 -25.03 -24.97 -24.94 -24.91 -24.88 -24.84 -24.78 -24.72 -24.66 -24.66 -24.62 -24.59 -24.56 -24.50 -24.41 -24.31 -24.25 -24.19 -24.12 -24.03 -23.97 -23.91 -23.78 -23.72 -23.62 -23.53 -23.44 -23.34 -23.25 -23.16 -23.09 -22.97 -22.91 -22.84 -22.75 -22.69 -22.62 -22.56 -22.53 -22.47 -22.44 -22.41 -22.38 -22.34 -22.28 -22.25 -22.22 -22.19 -22.19 -22.12 -22.12 -22.06 -22.00 -21.94 -21.84 -21.75 -21.69 -21.59 -21.53 -21.47 -21.38 -21.31
-25.53 -25.50 -25.44 -25.38 -25.31 -25.25 -25.16 -25.09 -25.03 -25.00 -24.97 -24.91 -24.88 -24.84 -24.81 -24.75 -24.69 -24.62 -24.56 -24.56 -24.56 -24.50 -24.47 -24.41 -24.34 -24.28 -24.22 -24.12 -24.06 -23.97 -23.91 -23.81 -23.72 -23.62 -23.53 -23.44 -23.34 -23.28 -23.19 -23.12 -23.00 -22.94 -22.84 -22.75 -22.69 -22.59 -22.53 -22.50 -22.44 -22.38 -22.34 -22.31 -22.25 -22.22 -22.19 -22.16 -22.09 -22.09 -22.06 -22.03 -22.00 -21.97 -21.91 -21.84 -21.78 -21.69 -21.59 -21.53 -21.44 -21.38 -21.31
-25.53 -25.47 -25.44 -25.38 -25.31 -25.25 -25.19 -25.09 -25.03 -25.00 -24.94 -24.91 -24.84 -24.78 -24.75 -24.72 -24.66 -24.62 -24.59 -24.53 -24.50 -24.47 -24.41 -24.38 -24.38 -24.31 -24.25 -24.12 -24.06 -23.97 -23.91 -23.84 -23.75 -23.66 -23.53 -23.47 -23.38 -23.28 -23.22 -23.12 -23.03 -22.94 -22.88 -22.78 -22.69 -22.62 -22.53 -22.47 -22.41 -22.38 -22.31 -22.25 -22.22 -22.19 -22.12 -22.09 -22.06 -22.03 -22.00 -21.94 -21.91 -21.88 -21.84 -21.81 -21.78 -21.72 -21.62 -21.56 -21.47 -21.38 -21.31
-25.53 -25.47 -25.41 -25.34 -25.28 -25.22 -25.16 -25.09 -25.03 -24.97 -24.94 -24.88 -24.81 -24.78 -24.72 -24.69 -24.66 -24.62 -24.56 -24.50 -24.47 -24.41 -24.34 -24.34 -24.31 -24.28 -24.22 -24.19 -24.06 -24.00 -23.91 -23.84 -23.75 -23.69 -23.59 -23.50 -23.41 -23.31 -23.25 -23.16 -23.06 -22.97 -22.88 -22.81 -22.72 -22.62 -22.56 -22.47 -22.41 -22.34 -22.28 -22.22 -22.19 -22.12 -22.09 -22.03 -22.00 -21.97 -21.94 -21.91 -21.88 -21.81 -21.78 -21.72 -21.72 -21.69 -21.62 -21.56 -21.47 -21.41 -21.31
-25.50 -25.41 -25.34 -25.31 -25.25 -25.19 -25.16 -25.09 -25.03 -24.97 -24.91 -24.88 -24.81 -24.78 -24.72 -24.69 -24.66 -24.59 -24.53 -24.50 -24.44 -24.38 -24.31 -24.25 -24.25 -24.22 -24.19 -24.16 -24.12 -24.03 -23.94 -23.84 -23.78 -23.69 -23.59 -23.53 -23.44 -23.38 -23.28 -23.19 -23.06 -23.00 -22.91 -22.81 -22.75 -22.66 -22.56 -22.50 -22.41 -22.34 -22.28 -22.22 -22.16 -22.09 -22.06 -22.00 -21.94 -21.94 -21.88 -21.84 -21.81 -21.75 -21.72 -21.66 -21.62 -21.66 -21.59 -21.56 -21.50 -21.41 -21.34
-25.47 -25.41 -25.34 -25.31 -25.28 -25.22 -25.19 -25.12 -25.06 -24.97 -24.91 -24.88 -24.81 -24.75 -24.69 -24.66 -24.59 -24.56 -24.50 -24.47 -24.41 -24.34 -24.28 -24.22 -24.19 -24.16 -24.09 -24.12 -24.06 -24.03 -23.94 -23.84 -23.78 -23.72 -23.62 -23.56 -23.47 -23.41 -23.31 -23.19 -23.12 -23.00 -22.94 -22.88 -22.78 -22.66 -22.59 -22.50 -22.44 -22.34 -22.28 -22.22 -22.12 -22.09 -22.03 -21.97 -21.91 -21.88 -21.84 -21.78 -21.75 -21.75 -21.69 -21.62 -21.59 -21.53 -21.53 -21.50 -21.47 -21.41 -21.34
-25.41 -25.38 -25.34 -25.31 -25.25 -25.22 -25.16 -25.09 -25.03 -24.97 -24.91 -24.84 -24.78 -24.72 -24.66 -24.62 -24.56 -24.53 -24.50 -24.44 -24.38 -24.34 -24.28 -24.22 -24.16 -24.09 -24.06 -24.03 -24.03 -24.00 -23.97 -23.88 -23.78 -23.72 -23.62 -23.56 -23.50 -23.41 -23.31 -23.22 -23.12 -23.06 -22.97 -22.91 -22.78 -22.69 -22.62 -22.53 -22.44 -22.38 -22.31 -22.22 -22.16 -22.09 -22.03 -21.94 -21.91 -21.84 -21.81 -21.75 -21.72 -21.69 -21.62 -21.59 -21.56 -21.50 -21.47 -21.44 -21.41 -21.38 -21.34
-25.38 -25.34 -25.34 -25.28 -25.25 -25.19 -25.12 -25.06 -25.00 -24.97 -24.91 -24.84 -24.78 -24.69 -24.66 -24.59 -24.56 -24.53 -24.47 -24.41 -24.38 -24.31 -24.25 -24.19 -24.12 -24.06 -24.03 -24.00 -23.97 -23.91 -23.91 -23.88 -23.78 -23.69 -23.66 -23.56 -23.47 -23.41 -23.31 -23.22 -23.16 -23.09 -23.00 -22.91 -22.81 -22.75 -22.66 -22.56 -22.47 -22.41 -22.31 -22.22 -22.16 -22.09 -22.00 -21.94 -21.91 -21.81 -21.78 -21.72 -21.66 -21.62 -21.59 -21.53 -21.50 -21.44 -21.41 -21.38 -21.34 -21.31 -21.25
-25.34 -25.34 -25.28 -25.25 -25.19 -25.12 -25.09 -25.03 -25.00 -24.94 -24.88 -24.81 -24.75 -24.69 -24.62 -24.59 -24.56 -24.50 -24.44 -24.38 -24.31 -24.28 -24.22 -24.16 -24.12 -24.03 -24.00 -23.94 -23.91 -23.84 -23.81 -23.81 -23.78 -23.72 -23.62 -23.56 -23.47 -23.41 -23.34 -23.25 -23.16 -23.09 -23.00 -22.94 -22.84 -22.78 -22.69 -22.59 -22.50 -22.41 -22.34 -22.25 -22.19 -22.09 -22.03 -21.94 -21.88 -21.81 -21.75 -21.69 -21.62 -21.59 -21.53 -21.50 -21.47 -21.41 -21.38 -21.34 -21.28 -21.25 -21.19
-25.34 -25.31 -25.25 -25.19 -25.16 -25.09 -25.06 -25.00 -24.94 -24.91 -24.84 -24.78 -24.72 -24.66 -24.62 -24.56 -24.53 -24.47 -24.41 -24.34 -24.31 -24.22 -24.19 -24.12 -24.09 -24.00 -23.94 -23.91 -23.88 -23.81 -23.75 -23.72 -23.72 -23.69 -23.66 -23.56 -23.47 -23.41 -23.34 -23.25 -23.19 -23.09 -23.03 -22.94 -22.88 -22.78 -22.69 -22.62 -22.53 -22.47 -22.38 -22.28 -22.19 -22.09 -22.03 -21.94 -21.88 -21.78 -21.72 -21.66 -21.59 -21.56 -21.50 -21.47 -21.41 -21.38 -21.31 -21.28 -21.25 -21.22 -21.16
-25.31 -25.28 -25.22 -25.16 -25.09 -25.06 -25.00 -24.97 -24.91 -24.84 -24.81 -24.75 -24.72 -24.66 -24.59 -24.56 -24.50 -24.44 -24.38 -24.31 -24.28 -24.22 -24.12 -24.09 -24.03 -23.97 -23.91 -23.88 -23.81 -23.78 -23.72 -23.69 -23.66 -23.66 -23.62 -23.56 -23.47 -23.41 -23.31 -23.25 -23.16 -23.09 -23.03 -22.94 -22.88 -22.78 -22.72 -22.66 -22.56 -22.47 -22.38 -22.28 -22.19 -22.12 -22.03 -21.97 -21.88 -21.78 -21.72 -21.66 -21.59 -21.53 -21.47 -21.41 -21.38 -21.34 -21.28 -21.22 -21.19 -21.16 -21.12
-25.31 -25.25 -25.19 -25.16 -25.09 -25.06 -25.00 -24.94 -24.88 -24.81 -24.75 -24.72 -24.66 -24.62 -24.59 -24.53 -24.47 -24.44 -24.34 -24.31 -24.25 -24.19 -24.12 -24.06 -24.00 -23.94 -23.88 -23.81 -23.78 -23.75 -23.69 -23.66 -23.59 -23.59 -23.56 -23.53 -23.50 -23.38 -23.31 -23.22 -23.16 -23.09 -23.00 -22.94 -22.88 -22.81 -22.72 -22.62 -22.56 -22.47 -22.41 -22.31 -22.22 -22.16 -22.06 -21.97 -21.88 -21.81 -21.72 -21.66 -21.59 -21.53 -21.47 -21.41 -21.34 -21.31 -21.25 -21.19 -21.16 -21.12 -21.06
