everonasctiles/Tile16,40.asc
ncols 128
nrows 128
xllcorner 0
yllcorner 0
cellsize 2.0
NODATA_value  -9999
[rows 0 to 33 of 128, columns 0 to 76 of 128]
20.69 21.03 21.28 21.62 21.91 22.31 22.62 23.00 23.28 23.56 23.97 24.16 24.31 24.31 24.25 24.19 24.22 24.19 24.09 24.12 24.22 24.28 24.31 24.41 24.53 24.69 24.84 24.97 24.97 24.97 24.88 24.81 24.75 24.72 24.72 24.78 24.84 24.94 25.03 25.12 25.22 25.28 25.38 25.50 25.59 25.84 25.91 26.12 26.22 26.38 26.47 26.53 26.59 26.75 26.97 27.12 27.22 27.22 27.12 26.94 26.62 26.50 26.31 26.22 26.22 26.25 26.38 26.50 26.59 26.66 26.81 26.94 27.06 27.22 27.34 27.53 27.69
20.84 21.12 21.38 21.69 22.00 22.31 22.69 23.03 23.34 23.75 24.00 24.31 24.50 24.59 24.50 24.50 24.56 24.56 24.44 24.50 24.56 24.56 24.56 24.66 24.72 24.91 25.06 25.16 25.12 25.09 25.06 25.00 24.94 24.88 24.91 24.97 25.06 25.16 25.28 25.38 25.62 25.75 25.88 25.97 26.22 26.41 26.56 26.66 26.75 26.78 26.84 26.88 26.91 27.00 27.12 27.25 27.31 27.31 27.25 27.06 26.88 26.62 26.41 26.34 26.28 26.34 26.47 26.56 26.66 26.75 26.88 27.03 27.19 27.38 27.53 27.72 27.94
20.91 21.22 21.47 21.72 22.00 22.34 22.72 23.06 23.38 23.78 24.19 24.50 24.75 24.91 24.97 24.94 24.97 24.97 24.84 24.84 24.94 24.91 24.84 24.88 24.94 25.06 25.31 25.38 25.38 25.31 25.28 25.22 25.12 25.12 25.16 25.25 25.31 25.44 25.53 25.75 25.97 26.12 26.31 26.53 26.66 26.88 26.97 27.09 27.16 27.16 27.16 27.12 27.12 27.16 27.25 27.31 27.38 27.38 27.28 27.12 26.84 26.78 26.62 26.50 26.41 26.47 26.56 26.66 26.81 26.91 27.03 27.19 27.41 27.66 27.88 28.06 28.22
20.97 21.25 21.56 21.84 22.09 22.41 22.78 23.06 23.38 23.81 24.22 24.69 24.88 25.22 25.22 25.38 25.31 25.31 25.25 25.25 25.34 25.31 25.22 25.22 25.31 25.31 25.62 25.69 25.62 25.62 25.50 25.50 25.47 25.41 25.44 25.47 25.59 25.69 25.75 26.03 26.22 26.47 26.59 26.84 27.03 27.25 27.41 27.47 27.50 27.44 27.38 27.34 27.31 27.28 27.34 27.38 27.44 27.44 27.28 27.19 26.94 26.88 26.75 26.66 26.56 26.56 26.69 26.81 26.94 27.06 27.22 27.47 27.69 27.97 28.19 28.34 28.50
21.00 21.31 21.62 21.91 22.19 22.50 22.81 23.09 23.31 23.66 24.31 24.81 25.25 25.44 25.69 25.75 25.72 25.62 25.53 25.66 25.75 25.81 25.81 25.75 25.78 25.91 25.97 26.06 26.06 26.00 25.84 25.81 25.78 25.72 25.72 25.78 25.84 25.97 26.12 26.34 26.50 26.72 26.91 27.09 27.31 27.53 27.66 27.75 27.75 27.69 27.56 27.47 27.47 27.44 27.41 27.47 27.50 27.50 27.41 27.25 27.16 27.00 26.81 26.78 26.75 26.78 26.84 26.94 27.09 27.28 27.50 27.72 28.03 28.31 28.44 28.62 28.78
21.09 21.44 21.75 22.00 22.31 22.62 22.81 23.16 23.41 23.84 24.41 24.88 25.31 25.72 25.97 26.09 25.97 25.91 25.91 26.06 26.19 26.31 26.41 26.41 26.41 26.41 26.41 26.47 26.41 26.41 26.28 26.25 25.97 26.03 26.03 26.06 26.09 26.22 26.38 26.56 26.75 26.91 27.09 27.28 27.53 27.66 27.84 27.91 27.94 27.88 27.75 27.66 27.69 27.69 27.69 27.72 27.69 27.66 27.59 27.44 27.34 27.22 27.09 27.06 27.00 27.03 27.09 27.25 27.34 27.53 27.81 28.06 28.41 28.62 28.81 28.94 29.06
21.19 21.53 21.84 22.12 22.47 22.75 23.06 23.31 23.56 23.84 24.38 25.06 25.59 25.97 26.22 26.31 26.31 26.31 26.34 26.44 26.59 26.78 26.84 26.97 26.97 27.00 27.00 26.91 26.81 26.78 26.75 26.62 26.50 26.28 26.41 26.34 26.41 26.50 26.59 26.75 26.94 27.06 27.22 27.44 27.62 27.75 27.94 28.06 28.09 28.06 28.03 28.00 28.03 28.06 28.06 28.00 27.97 27.94 27.81 27.72 27.62 27.56 27.50 27.41 27.34 27.31 27.44 27.59 27.75 27.94 28.16 28.44 28.69 28.94 29.09 29.22 29.28
21.25 21.62 21.97 22.28 22.59 22.91 23.19 23.50 23.72 24.09 24.72 25.09 25.78 26.12 26.41 26.53 26.59 26.66 26.66 26.81 27.00 27.09 27.34 27.44 27.53 27.44 27.44 27.38 27.25 27.06 27.09 26.94 26.84 26.72 26.72 26.69 26.69 26.69 26.81 26.94 27.09 27.22 27.31 27.50 27.62 27.88 28.06 28.19 28.25 28.28 28.34 28.38 28.44 28.44 28.44 28.38 28.28 28.28 28.22 28.09 28.03 27.91 27.88 27.81 27.72 27.75 27.84 27.97 28.09 28.31 28.56 28.81 29.00 29.22 29.38 29.44 29.50
21.38 21.75 22.09 22.44 22.78 23.09 23.41 23.69 23.94 24.31 24.88 25.41 25.88 26.16 26.53 26.72 26.81 26.94 27.03 27.16 27.34 27.56 27.66 27.78 27.91 27.91 27.81 27.75 27.66 27.50 27.44 27.34 27.25 27.09 27.00 26.97 26.88 26.91 27.00 27.12 27.25 27.38 27.47 27.66 27.81 27.97 28.12 28.31 28.44 28.59 28.72 28.78 28.81 28.84 28.81 28.81 28.72 28.69 28.59 28.53 28.44 28.38 28.31 28.19 28.16 28.22 28.31 28.44 28.53 28.62 28.88 29.16 29.38 29.50 29.59 29.66 29.69
21.50 21.88 22.19 22.56 22.94 23.19 23.59 23.84 24.09 24.50 24.91 25.41 25.84 26.28 26.59 26.84 26.97 27.16 27.25 27.44 27.62 27.78 27.94 28.09 28.19 28.22 28.09 28.00 27.91 27.78 27.69 27.62 27.50 27.41 27.34 27.25 27.12 27.12 27.22 27.31 27.47 27.59 27.72 27.88 28.03 28.22 28.41 28.62 28.84 29.00 29.12 29.22 29.28 29.31 29.25 29.25 29.19 29.09 29.00 28.97 28.91 28.81 28.75 28.69 28.59 28.62 28.75 28.84 28.97 29.12 29.34 29.50 29.66 29.75 29.78 29.81 29.84
21.59 22.00 22.41 22.72 23.00 23.34 23.66 23.97 24.25 24.47 24.84 25.34 25.81 26.22 26.59 26.91 27.12 27.31 27.41 27.56 27.75 27.94 28.06 28.22 28.31 28.31 28.22 28.09 28.00 27.94 27.88 27.78 27.69 27.66 27.62 27.47 27.44 27.41 27.47 27.56 27.69 27.84 28.00 28.16 28.34 28.56 28.81 29.03 29.22 29.41 29.53 29.69 29.78 29.75 29.81 29.75 29.62 29.53 29.41 29.41 29.34 29.28 29.22 29.12 29.06 29.06 29.16 29.25 29.31 29.53 29.62 29.78 29.88 29.94 29.97 30.00 30.03
21.75 22.19 22.53 22.88 23.09 23.41 23.62 23.94 24.22 24.53 24.75 25.25 25.66 25.91 26.50 26.94 27.19 27.31 27.41 27.56 27.69 27.97 28.09 28.22 28.31 28.31 28.16 28.06 28.03 27.94 27.91 27.88 27.88 27.88 27.81 27.72 27.66 27.62 27.69 27.81 27.94 28.09 28.28 28.47 28.69 28.94 29.16 29.38 29.66 29.81 29.94 30.16 30.28 30.34 30.34 30.19 30.16 29.97 29.97 29.84 29.78 29.75 29.69 29.59 29.53 29.53 29.59 29.66 29.72 29.81 29.94 30.00 30.06 30.09 30.12 30.12 30.12
21.97 22.41 22.69 23.00 23.25 23.44 23.59 23.88 24.09 24.34 24.69 25.12 25.44 25.91 26.41 26.81 27.09 27.16 27.16 27.34 27.62 27.81 28.00 28.06 28.12 28.16 28.09 28.00 27.91 27.72 27.84 27.94 28.00 28.03 28.03 27.94 27.75 27.81 27.91 28.00 28.16 28.38 28.59 28.81 29.06 29.31 29.56 29.81 30.00 30.28 30.44 30.62 30.78 30.84 30.84 30.91 30.78 30.53 30.50 30.38 30.28 30.22 30.12 30.06 29.97 29.97 30.00 30.06 30.09 30.09 30.16 30.19 30.19 30.22 30.22 30.22 30.28
22.22 22.59 22.88 23.09 23.41 23.56 23.72 23.88 24.06 24.34 24.62 24.84 25.31 25.69 26.19 26.59 26.75 26.88 26.88 26.88 27.34 27.56 27.72 27.84 27.88 27.88 27.88 27.78 27.72 27.69 27.81 27.94 28.06 28.16 28.16 28.09 27.97 28.03 28.16 28.25 28.44 28.66 28.94 29.22 29.50 29.72 30.00 30.25 30.47 30.78 31.00 31.19 31.34 31.38 31.47 31.50 31.44 31.22 31.03 30.81 30.78 30.69 30.56 30.50 30.44 30.41 30.41 30.44 30.41 30.44 30.41 30.38 30.34 30.34 30.34 30.41 30.50
22.44 22.88 23.22 23.44 23.56 23.66 23.78 23.91 24.09 24.34 24.53 24.81 25.16 25.44 26.06 26.31 26.41 26.53 26.50 26.66 27.09 27.34 27.47 27.59 27.59 27.66 27.59 27.53 27.56 27.66 27.66 27.84 28.06 28.22 28.25 28.25 28.16 28.25 28.38 28.50 28.69 28.97 29.22 29.56 29.91 30.16 30.47 30.69 31.09 31.34 31.50 31.69 31.88 32.00 32.06 32.06 32.03 31.88 31.69 31.34 31.31 31.16 31.06 30.97 30.88 30.88 30.84 30.78 30.78 30.75 30.69 30.62 30.59 30.53 30.56 30.62 30.72
22.75 23.16 23.56 23.72 23.88 23.91 23.91 24.03 24.12 24.34 24.53 24.75 25.06 25.38 25.75 26.00 26.09 26.25 26.28 26.38 26.81 26.97 27.22 27.25 27.38 27.34 27.25 27.31 27.47 27.53 27.59 27.84 28.06 28.19 28.28 28.31 28.34 28.44 28.59 28.75 28.97 29.19 29.50 29.91 30.31 30.66 30.91 31.31 31.62 31.88 32.09 32.22 32.44 32.56 32.62 32.66 32.59 32.50 32.22 32.06 31.91 31.72 31.53 31.44 31.41 31.34 31.34 31.22 31.19 31.06 31.03 30.94 30.84 30.78 30.81 30.81 30.88
22.94 23.31 23.75 24.00 24.16 24.25 24.25 24.22 24.28 24.41 24.53 24.75 25.00 25.22 25.47 25.69 25.91 26.00 26.19 26.34 26.53 26.69 26.75 27.06 27.16 27.12 27.09 27.25 27.41 27.50 27.66 27.81 28.03 28.19 28.25 28.34 28.47 28.59 28.78 29.00 29.25 29.50 29.84 30.22 30.66 31.12 31.53 31.81 32.12 32.38 32.62 32.81 32.88 33.12 33.19 33.19 33.19 33.03 32.88 32.75 32.44 32.28 32.16 31.97 31.91 31.94 31.88 31.78 31.62 31.53 31.34 31.22 31.12 31.03 31.00 31.03 31.06
23.16 23.56 23.94 24.22 24.38 24.44 24.47 24.44 24.41 24.47 24.59 24.75 24.91 25.09 25.28 25.50 25.75 25.94 26.06 26.22 26.38 26.47 26.72 26.81 26.97 27.03 27.03 27.19 27.31 27.53 27.66 27.81 28.03 28.16 28.31 28.44 28.59 28.75 28.97 29.19 29.47 29.81 30.22 30.62 31.00 31.53 32.03 32.34 32.66 32.84 33.03 33.31 33.50 33.59 33.69 33.72 33.72 33.59 33.53 33.38 33.16 32.78 32.75 32.53 32.53 32.50 32.38 32.25 32.03 31.97 31.75 31.53 31.41 31.31 31.22 31.19 31.22
23.22 23.66 24.00 24.25 24.44 24.53 24.56 24.53 24.44 24.50 24.59 24.69 24.81 25.03 25.22 25.44 25.62 25.78 25.91 26.09 26.25 26.41 26.53 26.72 26.81 26.94 27.06 27.19 27.31 27.53 27.69 27.84 28.00 28.22 28.38 28.53 28.69 28.91 29.16 29.41 29.75 30.16 30.53 31.00 31.56 32.06 32.50 32.97 33.22 33.44 33.56 33.62 33.94 34.00 34.16 34.25 34.22 34.19 34.12 34.00 33.78 33.53 33.38 33.16 33.03 33.00 32.88 32.72 32.53 32.34 32.00 31.84 31.69 31.56 31.44 31.41 31.38
23.19 23.62 23.94 24.19 24.38 24.50 24.56 24.56 24.47 24.53 24.59 24.69 24.81 24.97 25.16 25.28 25.50 25.69 25.81 25.97 26.12 26.28 26.44 26.56 26.72 26.84 27.03 27.19 27.34 27.53 27.69 27.91 28.06 28.25 28.44 28.62 28.81 29.06 29.31 29.62 30.00 30.44 30.88 31.41 32.00 32.50 32.84 33.44 33.78 33.94 33.97 34.19 34.38 34.50 34.59 34.66 34.72 34.72 34.66 34.50 34.28 34.09 33.91 33.72 33.59 33.47 33.28 33.12 32.91 32.56 32.50 32.22 32.00 31.84 31.72 31.59 31.53
23.12 23.47 23.69 24.03 24.22 24.28 24.50 24.53 24.50 24.56 24.59 24.69 24.81 24.94 25.03 25.22 25.38 25.56 25.69 25.84 26.03 26.16 26.34 26.47 26.62 26.81 26.97 27.16 27.34 27.50 27.72 27.91 28.09 28.31 28.50 28.69 28.94 29.19 29.50 29.88 30.28 30.75 31.31 31.94 32.44 32.81 33.41 33.88 34.19 34.38 34.47 34.62 34.78 34.94 35.03 35.12 35.16 35.16 35.06 34.91 34.69 34.50 34.28 34.12 33.97 33.84 33.69 33.53 33.34 33.16 32.94 32.66 32.41 32.12 31.91 31.78 31.72
23.00 23.28 23.56 23.84 23.94 24.16 24.41 24.53 24.56 24.59 24.62 24.69 24.81 24.91 25.06 25.22 25.34 25.50 25.62 25.78 25.94 26.09 26.25 26.41 26.62 26.81 26.97 27.16 27.34 27.50 27.75 27.94 28.16 28.34 28.56 28.81 29.06 29.38 29.75 30.12 30.53 31.03 31.69 32.25 32.62 33.25 33.78 34.22 34.50 34.72 34.84 35.00 35.12 35.25 35.41 35.47 35.50 35.50 35.41 35.22 35.06 34.84 34.59 34.41 34.25 34.09 33.94 33.81 33.69 33.50 33.31 33.06 32.72 32.44 32.22 32.03 31.91
22.69 23.03 23.38 23.53 23.91 24.16 24.34 24.59 24.69 24.72 24.69 24.72 24.81 24.97 25.09 25.22 25.38 25.53 25.69 25.81 25.91 26.06 26.25 26.41 26.62 26.81 26.97 27.12 27.34 27.53 27.75 27.97 28.16 28.41 28.62 28.94 29.22 29.62 29.97 30.34 30.88 31.28 31.97 32.38 33.03 33.44 33.97 34.41 34.72 34.94 35.09 35.28 35.38 35.53 35.62 35.75 35.78 35.75 35.66 35.50 35.31 35.09 34.84 34.62 34.41 34.31 34.16 34.03 33.91 33.81 33.66 33.38 33.06 32.75 32.44 32.22 32.16
22.69 23.00 23.34 23.59 23.84 24.19 24.56 24.75 24.78 24.81 24.81 24.81 24.94 25.06 25.22 25.31 25.47 25.59 25.72 25.81 25.94 26.09 26.25 26.44 26.62 26.81 27.00 27.16 27.38 27.56 27.78 28.00 28.25 28.53 28.81 29.09 29.41 29.78 30.12 30.59 31.09 31.56 32.12 32.69 33.19 33.69 34.09 34.47 34.78 35.03 35.25 35.44 35.59 35.69 35.81 35.91 35.94 35.94 35.84 35.69 35.47 35.25 35.03 34.81 34.59 34.47 34.34 34.22 34.19 34.09 33.94 33.69 33.38 33.06 32.78 32.47 32.38
22.66 23.03 23.38 23.69 24.06 24.47 24.81 24.94 25.03 25.06 25.06 25.03 25.12 25.16 25.34 25.44 25.50 25.62 25.75 25.84 26.00 26.12 26.31 26.47 26.69 26.84 27.06 27.25 27.41 27.62 27.84 28.09 28.38 28.62 28.94 29.28 29.59 29.97 30.34 30.62 31.25 31.72 32.22 32.78 33.22 33.69 34.12 34.47 34.78 34.97 35.28 35.50 35.66 35.81 35.88 35.97 36.00 36.00 35.94 35.78 35.56 35.38 35.16 34.94 34.75 34.62 34.53 34.44 34.41 34.31 34.16 33.94 33.66 33.38 33.03 32.81 32.59
22.66 23.06 23.44 23.81 24.25 24.66 25.03 25.25 25.31 25.31 25.25 25.25 25.28 25.34 25.44 25.56 25.62 25.72 25.81 25.94 26.06 26.25 26.41 26.56 26.75 26.97 27.12 27.38 27.56 27.75 28.03 28.25 28.50 28.84 29.16 29.47 29.78 30.09 30.47 30.84 31.34 31.81 32.22 32.81 33.09 33.56 34.03 34.41 34.62 34.94 35.25 35.50 35.66 35.78 35.84 35.94 35.97 35.97 35.91 35.78 35.56 35.41 35.22 35.00 34.88 34.75 34.69 34.62 34.56 34.47 34.31 34.09 33.88 33.59 33.34 33.09 32.88
22.56 23.03 23.41 23.88 24.31 24.91 25.19 25.47 25.59 25.59 25.47 25.44 25.41 25.47 25.59 25.72 25.78 25.84 25.88 26.00 26.19 26.34 26.50 26.69 26.91 27.09 27.31 27.53 27.75 27.91 28.19 28.41 28.66 29.00 29.31 29.66 29.97 30.31 30.66 30.94 31.41 31.84 32.31 32.72 32.91 33.50 33.94 34.22 34.53 34.78 35.19 35.41 35.56 35.59 35.66 35.72 35.81 35.75 35.72 35.62 35.47 35.31 35.19 35.00 34.91 34.88 34.81 34.75 34.69 34.62 34.47 34.28 34.03 33.78 33.53 33.34 33.16
22.59 22.97 23.44 23.94 24.53 25.06 25.38 25.69 25.84 25.88 25.81 25.62 25.72 25.66 25.78 25.88 25.94 25.97 26.03 26.12 26.31 26.44 26.62 26.81 27.03 27.25 27.47 27.69 27.94 28.16 28.34 28.59 28.91 29.12 29.53 29.84 30.12 30.47 30.81 31.09 31.50 31.88 32.25 32.50 32.97 33.41 33.78 34.09 34.34 34.44 35.00 35.28 35.41 35.44 35.38 35.44 35.41 35.44 35.44 35.38 35.28 35.19 35.09 34.97 34.97 34.94 34.91 34.84 34.81 34.75 34.62 34.44 34.16 33.97 33.78 33.62 33.44
22.59 23.00 23.50 23.94 24.69 25.25 25.59 25.91 26.06 26.12 26.06 26.09 26.16 26.19 26.12 26.12 26.06 26.12 26.16 26.25 26.41 26.56 26.78 26.97 27.19 27.44 27.66 27.91 28.16 28.34 28.56 28.81 29.09 29.41 29.62 30.03 30.31 30.59 30.94 31.22 31.50 31.84 32.16 32.50 32.81 33.19 33.59 33.88 34.16 34.34 34.78 34.97 35.12 35.16 35.09 35.16 35.12 34.91 35.03 35.03 35.03 35.00 34.97 34.97 35.00 35.00 34.94 34.88 34.88 34.88 34.78 34.66 34.47 34.19 34.12 33.97 33.72
22.59 22.97 23.53 24.12 24.66 25.38 25.78 26.09 26.25 26.31 26.41 26.47 26.53 26.56 26.47 26.34 26.28 26.28 26.31 26.38 26.50 26.69 26.91 27.12 27.34 27.56 27.84 28.12 28.41 28.62 28.81 29.16 29.44 29.69 29.94 30.12 30.44 30.72 31.00 31.25 31.47 31.75 32.06 32.34 32.72 33.00 33.38 33.69 33.94 34.16 34.41 34.62 34.62 34.78 34.75 34.84 34.88 34.75 34.88 34.91 34.88 34.91 34.94 35.00 35.03 35.03 34.97 35.00 35.03 35.03 34.97 34.88 34.75 34.62 34.47 34.28 34.09
22.62 23.06 23.62 24.44 25.22 25.62 26.09 26.34 26.44 26.59 26.72 26.75 26.78 26.75 26.62 26.53 26.44 26.38 26.44 26.53 26.62 26.81 27.00 27.22 27.47 27.75 28.03 28.28 28.62 28.91 29.09 29.41 29.69 29.84 30.09 30.31 30.53 30.75 30.97 31.22 31.44 31.69 31.94 32.28 32.56 32.88 33.19 33.44 33.69 33.94 34.06 34.22 34.28 34.47 34.56 34.66 34.69 34.62 34.72 34.78 34.84 34.91 34.94 34.97 35.03 35.03 35.12 35.12 35.19 35.22 35.19 35.16 35.06 34.97 34.84 34.66 34.44
22.78 23.34 23.72 24.59 25.53 26.06 26.31 26.62 26.69 26.84 26.91 27.03 26.97 26.88 26.75 26.59 26.50 26.44 26.50 26.62 26.75 26.94 27.12 27.34 27.53 27.91 28.25 28.56 28.84 29.16 29.44 29.66 29.91 30.12 30.28 30.41 30.59 30.78 30.97 31.19 31.41 31.62 31.88 32.19 32.47 32.72 33.03 33.28 33.50 33.72 33.88 34.03 34.16 34.31 34.34 34.53 34.56 34.56 34.59 34.72 34.78 34.88 34.94 35.00 35.06 35.16 35.22 35.31 35.38 35.41 35.41 35.38 35.38 35.31 35.19 35.03 34.72
23.03 23.84 24.41 25.00 25.75 26.28 26.59 26.88 27.03 27.12 27.19 27.19 27.06 26.88 26.78 26.56 26.50 26.53 26.62 26.75 26.88 27.06 27.25 27.50 27.78 27.97 28.41 28.75 29.06 29.34 29.66 29.91 30.12 30.31 30.47 30.56 30.59 30.75 30.97 31.22 31.41 31.59 31.81 32.09 32.34 32.62 32.91 33.09 33.31 33.53 33.69 33.88 34.00 34.12 34.28 34.41 34.44 34.50 34.59 34.69 34.78 34.88 34.94 35.03 35.12 35.19 35.34 35.44 35.53 35.62 35.66 35.69 35.69 35.62 35.56 35.41 35.28
23.41 24.06 24.72 25.31 25.91 26.41 26.75 27.00 27.16 27.25 27.31 27.28 27.09 26.91 26.78 26.72 26.66 26.62 26.75 26.88 27.00 27.19 27.38 27.66 27.94 28.22 28.59 28.94 29.28 29.56 29.91 30.12 30.28 30.53 30.69 30.75 30.72 30.81 31.03 31.25 31.44 31.62 31.78 32.03 32.31 32.53 32.81 33.03 33.22 33.38 33.56 33.72 33.91 34.06 34.19 34.31 34.41 34.50 34.59 34.69 34.78 34.84 34.94 35.03 35.16 35.22 35.41 35.53 35.66 35.81 35.91 35.94 35.94 35.94 35.84 35.78 35.72
