everonasctiles/Tile[49,4].asc
ncols 128
nrows 128
xllcorner 0
yllcorner 0
cellsize 2.0
NODATA_value  -9999
[rows 0 to 28 of 128, columns 0 to 66 of 128]
-95.59 -96.25 -96.91 -97.53 -98.16 -98.75 -99.31 -99.88 -100.44 -101.00 -101.59 -102.25 -102.94 -103.66 -104.31 -104.97 -105.56 -106.16 -106.72 -107.28 -107.81 -108.34 -108.88 -109.41 -109.94 -110.50 -111.03 -111.56 -112.09 -112.59 -113.12 -113.62 -114.16 -114.62 -115.12 -115.59 -116.03 -116.47 -116.88 -117.28 -117.66 -118.03 -118.38 -118.75 -119.09 -119.41 -119.69 -119.94 -120.12 -120.31 -120.44 -120.56 -120.75 -121.03 -121.38 -121.69 -121.97 -122.28 -122.56 -122.84 -123.09 -123.34 -123.59 -123.84 -124.06 -124.28 -124.53
-95.62 -96.25 -96.88 -97.47 -98.06 -98.62 -99.16 -99.69 -100.16 -100.62 -101.12 -101.81 -102.62 -103.47 -104.19 -104.84 -105.47 -106.06 -106.62 -107.19 -107.72 -108.25 -108.81 -109.34 -109.91 -110.47 -111.00 -111.53 -112.03 -112.56 -113.06 -113.56 -114.09 -114.59 -115.12 -115.62 -116.09 -116.56 -117.00 -117.44 -117.81 -118.19 -118.53 -118.88 -119.22 -119.53 -119.84 -120.09 -120.31 -120.50 -120.62 -120.78 -120.91 -121.12 -121.44 -121.75 -122.03 -122.34 -122.62 -122.91 -123.16 -123.44 -123.69 -123.94 -124.19 -124.41 -124.66
-95.66 -96.25 -96.88 -97.44 -98.00 -98.53 -99.03 -99.47 -99.84 -100.16 -100.66 -101.38 -102.28 -103.22 -104.00 -104.69 -105.31 -105.91 -106.50 -107.06 -107.62 -108.19 -108.75 -109.31 -109.91 -110.47 -111.00 -111.53 -112.03 -112.53 -113.03 -113.53 -114.03 -114.56 -115.09 -115.62 -116.12 -116.62 -117.09 -117.53 -117.97 -118.34 -118.69 -119.03 -119.38 -119.69 -119.97 -120.25 -120.50 -120.69 -120.84 -121.00 -121.12 -121.31 -121.56 -121.81 -122.09 -122.38 -122.66 -122.94 -123.22 -123.47 -123.75 -124.00 -124.25 -124.50 -124.75
-95.62 -96.25 -96.84 -97.44 -98.00 -98.53 -99.03 -99.50 -99.97 -100.41 -100.88 -101.41 -102.12 -102.97 -103.78 -104.50 -105.16 -105.75 -106.38 -106.97 -107.53 -108.12 -108.72 -109.31 -109.91 -110.47 -111.03 -111.59 -112.09 -112.59 -113.09 -113.59 -114.06 -114.59 -115.12 -115.62 -116.16 -116.66 -117.12 -117.59 -118.03 -118.44 -118.81 -119.16 -119.50 -119.81 -120.09 -120.38 -120.62 -120.88 -121.06 -121.22 -121.38 -121.53 -121.72 -121.94 -122.19 -122.47 -122.75 -123.00 -123.28 -123.53 -123.81 -124.06 -124.31 -124.59 -124.84
-95.53 -96.19 -96.78 -97.41 -97.97 -98.53 -99.09 -99.62 -100.16 -100.69 -101.22 -101.75 -102.31 -102.91 -103.56 -104.25 -104.94 -105.59 -106.22 -106.84 -107.47 -108.12 -108.72 -109.34 -109.94 -110.53 -111.09 -111.66 -112.16 -112.69 -113.19 -113.66 -114.16 -114.66 -115.19 -115.69 -116.19 -116.69 -117.16 -117.59 -118.03 -118.47 -118.84 -119.22 -119.56 -119.88 -120.19 -120.47 -120.75 -121.00 -121.22 -121.41 -121.59 -121.75 -121.94 -122.12 -122.34 -122.59 -122.84 -123.09 -123.38 -123.62 -123.88 -124.12 -124.38 -124.62 -124.88
-95.38 -96.00 -96.66 -97.28 -97.88 -98.50 -99.09 -99.72 -100.31 -100.91 -101.47 -102.03 -102.56 -103.09 -103.62 -104.16 -104.75 -105.41 -106.12 -106.84 -107.53 -108.19 -108.81 -109.38 -109.97 -110.56 -111.09 -111.66 -112.16 -112.69 -113.19 -113.69 -114.22 -114.72 -115.22 -115.72 -116.22 -116.69 -117.16 -117.59 -118.03 -118.44 -118.84 -119.22 -119.56 -119.91 -120.22 -120.53 -120.81 -121.09 -121.34 -121.56 -121.78 -121.94 -122.12 -122.31 -122.50 -122.72 -122.97 -123.22 -123.47 -123.72 -123.94 -124.19 -124.41 -124.66 -124.91
-95.16 -95.81 -96.44 -97.09 -97.72 -98.41 -99.06 -99.72 -100.38 -101.00 -101.66 -102.25 -102.81 -103.38 -103.91 -104.44 -105.00 -105.59 -106.25 -106.97 -107.69 -108.31 -108.91 -109.47 -110.03 -110.56 -111.09 -111.62 -112.12 -112.66 -113.16 -113.69 -114.19 -114.72 -115.22 -115.72 -116.22 -116.69 -117.16 -117.59 -118.00 -118.41 -118.81 -119.19 -119.56 -119.91 -120.22 -120.53 -120.84 -121.12 -121.41 -121.69 -121.91 -122.12 -122.31 -122.50 -122.69 -122.91 -123.12 -123.38 -123.59 -123.84 -124.06 -124.25 -124.47 -124.69 -124.94
-94.84 -95.47 -96.09 -96.75 -97.47 -98.19 -98.97 -99.72 -100.41 -101.06 -101.75 -102.41 -103.03 -103.62 -104.22 -104.78 -105.38 -105.94 -106.53 -107.16 -107.78 -108.41 -108.97 -109.53 -110.06 -110.59 -111.09 -111.62 -112.12 -112.62 -113.16 -113.66 -114.19 -114.69 -115.22 -115.72 -116.19 -116.69 -117.16 -117.59 -118.00 -118.44 -118.81 -119.19 -119.56 -119.91 -120.22 -120.56 -120.88 -121.19 -121.47 -121.75 -122.03 -122.25 -122.50 -122.69 -122.88 -123.09 -123.28 -123.53 -123.75 -124.00 -124.19 -124.38 -124.56 -124.75 -124.97
-94.56 -95.16 -95.75 -96.44 -97.22 -98.06 -98.94 -99.69 -100.44 -101.12 -101.78 -102.47 -103.12 -103.81 -104.44 -105.03 -105.62 -106.22 -106.78 -107.34 -107.91 -108.47 -109.03 -109.56 -110.09 -110.62 -111.16 -111.66 -112.16 -112.66 -113.16 -113.66 -114.19 -114.69 -115.22 -115.72 -116.19 -116.69 -117.16 -117.59 -118.03 -118.47 -118.88 -119.25 -119.62 -119.97 -120.28 -120.62 -120.94 -121.25 -121.53 -121.81 -122.09 -122.34 -122.59 -122.84 -123.03 -123.25 -123.47 -123.69 -123.94 -124.16 -124.38 -124.59 -124.75 -124.94 -125.09
-94.84 -95.44 -96.06 -96.72 -97.44 -98.22 -99.00 -99.72 -100.44 -101.12 -101.81 -102.50 -103.19 -103.88 -104.53 -105.19 -105.81 -106.41 -106.97 -107.50 -108.03 -108.56 -109.09 -109.62 -110.16 -110.69 -111.19 -111.72 -112.22 -112.72 -113.19 -113.69 -114.19 -114.69 -115.19 -115.69 -116.19 -116.66 -117.12 -117.59 -118.06 -118.53 -118.97 -119.38 -119.72 -120.06 -120.41 -120.72 -121.00 -121.31 -121.59 -121.88 -122.12 -122.41 -122.66 -122.91 -123.16 -123.38 -123.62 -123.88 -124.09 -124.34 -124.59 -124.81 -125.00 -125.19 -125.34
-95.19 -95.81 -96.47 -97.12 -97.78 -98.47 -99.16 -99.84 -100.53 -101.22 -101.88 -102.53 -103.22 -103.91 -104.56 -105.22 -105.84 -106.47 -107.06 -107.62 -108.16 -108.69 -109.22 -109.75 -110.25 -110.78 -111.28 -111.78 -112.28 -112.78 -113.25 -113.75 -114.22 -114.72 -115.19 -115.66 -116.16 -116.62 -117.12 -117.62 -118.12 -118.59 -119.06 -119.47 -119.84 -120.22 -120.53 -120.81 -121.09 -121.38 -121.62 -121.88 -122.12 -122.41 -122.66 -122.94 -123.22 -123.50 -123.78 -124.03 -124.31 -124.56 -124.81 -125.06 -125.25 -125.44 -125.62
-95.47 -96.09 -96.75 -97.41 -98.06 -98.72 -99.41 -100.09 -100.75 -101.41 -102.03 -102.66 -103.25 -103.88 -104.53 -105.19 -105.81 -106.44 -107.06 -107.66 -108.25 -108.81 -109.38 -109.91 -110.41 -110.94 -111.44 -111.94 -112.44 -112.91 -113.38 -113.84 -114.31 -114.78 -115.22 -115.66 -116.09 -116.59 -117.12 -117.66 -118.16 -118.66 -119.12 -119.56 -119.97 -120.34 -120.66 -120.97 -121.22 -121.47 -121.69 -121.91 -122.12 -122.41 -122.69 -122.97 -123.28 -123.59 -123.91 -124.19 -124.50 -124.78 -125.06 -125.31 -125.53 -125.75 -125.91
-95.72 -96.34 -96.97 -97.62 -98.28 -98.94 -99.62 -100.31 -100.97 -101.62 -102.25 -102.84 -103.44 -103.97 -104.53 -105.12 -105.75 -106.38 -107.03 -107.69 -108.28 -108.91 -109.47 -110.03 -110.59 -111.09 -111.62 -112.12 -112.59 -113.09 -113.56 -114.03 -114.47 -114.91 -115.34 -115.75 -116.19 -116.69 -117.22 -117.72 -118.25 -118.75 -119.22 -119.66 -120.09 -120.47 -120.81 -121.12 -121.41 -121.62 -121.84 -122.03 -122.25 -122.47 -122.75 -123.06 -123.38 -123.72 -124.03 -124.38 -124.69 -124.97 -125.28 -125.56 -125.81 -126.03 -126.22
-95.91 -96.53 -97.16 -97.81 -98.47 -99.12 -99.78 -100.47 -101.12 -101.81 -102.44 -103.03 -103.62 -104.16 -104.69 -105.22 -105.75 -106.38 -107.03 -107.69 -108.31 -108.94 -109.56 -110.12 -110.69 -111.25 -111.78 -112.28 -112.78 -113.28 -113.78 -114.25 -114.69 -115.12 -115.56 -115.97 -116.41 -116.88 -117.38 -117.88 -118.34 -118.84 -119.31 -119.75 -120.19 -120.59 -120.94 -121.28 -121.59 -121.84 -122.09 -122.31 -122.50 -122.72 -122.97 -123.25 -123.56 -123.88 -124.22 -124.53 -124.84 -125.19 -125.47 -125.78 -126.06 -126.31 -126.53
-96.06 -96.66 -97.28 -97.91 -98.53 -99.19 -99.81 -100.50 -101.16 -101.84 -102.50 -103.16 -103.78 -104.34 -104.88 -105.41 -105.94 -106.50 -107.12 -107.75 -108.38 -109.00 -109.59 -110.19 -110.78 -111.34 -111.88 -112.41 -112.91 -113.44 -113.94 -114.41 -114.91 -115.34 -115.78 -116.22 -116.66 -117.09 -117.53 -118.00 -118.47 -118.94 -119.41 -119.84 -120.28 -120.69 -121.06 -121.44 -121.78 -122.06 -122.34 -122.56 -122.78 -123.03 -123.25 -123.50 -123.78 -124.06 -124.41 -124.72 -125.06 -125.38 -125.69 -126.00 -126.31 -126.56 -126.81
-96.19 -96.78 -97.34 -97.94 -98.53 -99.16 -99.75 -100.41 -101.06 -101.72 -102.44 -103.16 -103.81 -104.47 -105.06 -105.62 -106.16 -106.72 -107.25 -107.84 -108.44 -109.03 -109.66 -110.25 -110.84 -111.41 -111.94 -112.47 -112.97 -113.50 -114.03 -114.53 -115.06 -115.53 -116.00 -116.44 -116.88 -117.28 -117.72 -118.16 -118.62 -119.06 -119.50 -119.94 -120.38 -120.78 -121.16 -121.56 -121.91 -122.25 -122.56 -122.84 -123.06 -123.31 -123.53 -123.78 -124.03 -124.28 -124.59 -124.91 -125.25 -125.59 -125.91 -126.22 -126.53 -126.81 -127.09
-96.44 -97.00 -97.53 -98.06 -98.59 -99.16 -99.69 -100.25 -100.84 -101.50 -102.25 -103.03 -103.81 -104.56 -105.25 -105.84 -106.41 -106.94 -107.50 -108.03 -108.56 -109.16 -109.75 -110.34 -110.94 -111.50 -112.03 -112.53 -113.06 -113.56 -114.09 -114.66 -115.19 -115.69 -116.19 -116.66 -117.09 -117.50 -117.94 -118.34 -118.78 -119.22 -119.66 -120.06 -120.47 -120.84 -121.25 -121.66 -122.03 -122.38 -122.75 -123.06 -123.31 -123.56 -123.81 -124.03 -124.25 -124.50 -124.78 -125.09 -125.44 -125.78 -126.09 -126.44 -126.75 -127.03 -127.34
-96.69 -97.25 -97.81 -98.34 -98.88 -99.44 -100.00 -100.53 -101.06 -101.66 -102.34 -103.16 -104.00 -104.75 -105.47 -106.09 -106.69 -107.25 -107.78 -108.31 -108.84 -109.34 -109.88 -110.44 -111.03 -111.62 -112.16 -112.69 -113.19 -113.69 -114.22 -114.75 -115.31 -115.81 -116.34 -116.84 -117.28 -117.72 -118.16 -118.56 -119.00 -119.41 -119.84 -120.22 -120.62 -121.00 -121.38 -121.75 -122.12 -122.50 -122.88 -123.22 -123.53 -123.81 -124.03 -124.28 -124.47 -124.72 -124.97 -125.25 -125.59 -125.94 -126.25 -126.59 -126.91 -127.22 -127.53
-96.88 -97.47 -98.06 -98.62 -99.22 -99.81 -100.41 -101.03 -101.62 -102.22 -102.91 -103.62 -104.41 -105.12 -105.78 -106.38 -106.97 -107.53 -108.09 -108.62 -109.16 -109.66 -110.16 -110.66 -111.19 -111.78 -112.34 -112.88 -113.38 -113.88 -114.38 -114.88 -115.44 -115.94 -116.47 -116.97 -117.47 -117.94 -118.38 -118.78 -119.22 -119.62 -120.06 -120.44 -120.84 -121.19 -121.56 -121.91 -122.25 -122.62 -123.00 -123.34 -123.69 -123.97 -124.25 -124.47 -124.69 -124.88 -125.12 -125.38 -125.69 -126.03 -126.38 -126.72 -127.03 -127.38 -127.69
-96.88 -97.53 -98.19 -98.84 -99.47 -100.12 -100.75 -101.38 -102.03 -102.69 -103.34 -104.03 -104.72 -105.41 -106.03 -106.66 -107.25 -107.81 -108.38 -108.94 -109.47 -110.00 -110.50 -111.00 -111.47 -112.03 -112.59 -113.12 -113.62 -114.09 -114.53 -115.03 -115.53 -116.06 -116.59 -117.12 -117.62 -118.12 -118.59 -119.03 -119.44 -119.88 -120.28 -120.69 -121.06 -121.44 -121.78 -122.09 -122.44 -122.78 -123.12 -123.47 -123.81 -124.12 -124.41 -124.66 -124.88 -125.06 -125.25 -125.47 -125.75 -126.06 -126.41 -126.78 -127.12 -127.47 -127.81
-96.69 -97.38 -98.12 -98.91 -99.62 -100.31 -101.00 -101.66 -102.34 -103.00 -103.62 -104.28 -104.94 -105.59 -106.22 -106.84 -107.44 -108.03 -108.59 -109.16 -109.69 -110.25 -110.81 -111.31 -111.84 -112.38 -112.91 -113.44 -113.91 -114.38 -114.81 -115.22 -115.69 -116.19 -116.72 -117.25 -117.75 -118.28 -118.75 -119.22 -119.66 -120.06 -120.47 -120.88 -121.28 -121.66 -122.00 -122.34 -122.66 -123.00 -123.31 -123.62 -123.97 -124.28 -124.56 -124.84 -125.09 -125.28 -125.44 -125.59 -125.81 -126.09 -126.44 -126.81 -127.19 -127.53 -127.88
-96.28 -96.97 -97.78 -98.75 -99.62 -100.44 -101.19 -101.88 -102.53 -103.22 -103.88 -104.50 -105.09 -105.72 -106.34 -106.97 -107.56 -108.16 -108.72 -109.25 -109.81 -110.41 -111.00 -111.59 -112.16 -112.69 -113.22 -113.75 -114.25 -114.72 -115.12 -115.50 -115.88 -116.31 -116.84 -117.34 -117.88 -118.38 -118.88 -119.38 -119.81 -120.25 -120.66 -121.06 -121.44 -121.84 -122.22 -122.56 -122.91 -123.22 -123.53 -123.84 -124.12 -124.44 -124.75 -125.03 -125.28 -125.50 -125.69 -125.84 -126.00 -126.19 -126.47 -126.84 -127.22 -127.59 -127.97
-96.62 -97.06 -97.69 -98.53 -99.53 -100.53 -101.38 -102.06 -102.75 -103.41 -104.06 -104.69 -105.28 -105.88 -106.44 -107.03 -107.62 -108.22 -108.81 -109.38 -109.91 -110.50 -111.12 -111.78 -112.41 -112.97 -113.53 -114.06 -114.56 -115.06 -115.50 -115.84 -116.19 -116.53 -116.94 -117.44 -117.97 -118.47 -118.97 -119.47 -119.94 -120.41 -120.81 -121.22 -121.62 -122.00 -122.41 -122.78 -123.12 -123.47 -123.75 -124.06 -124.34 -124.66 -124.94 -125.22 -125.50 -125.75 -125.94 -126.12 -126.28 -126.44 -126.62 -126.94 -127.28 -127.66 -128.03
-97.31 -97.78 -98.19 -98.78 -99.69 -100.72 -101.59 -102.34 -103.00 -103.66 -104.31 -104.94 -105.50 -106.06 -106.59 -107.12 -107.72 -108.31 -108.94 -109.53 -110.09 -110.69 -111.28 -111.91 -112.56 -113.19 -113.78 -114.34 -114.88 -115.38 -115.81 -116.22 -116.53 -116.84 -117.12 -117.53 -118.03 -118.53 -119.03 -119.53 -120.03 -120.50 -120.94 -121.38 -121.78 -122.16 -122.56 -122.94 -123.31 -123.66 -123.97 -124.28 -124.59 -124.88 -125.16 -125.44 -125.72 -125.97 -126.22 -126.41 -126.56 -126.72 -126.91 -127.12 -127.41 -127.75 -128.12
-97.81 -98.38 -98.88 -99.38 -100.00 -100.91 -101.81 -102.59 -103.25 -103.88 -104.53 -105.16 -105.75 -106.31 -106.84 -107.38 -107.91 -108.50 -109.12 -109.72 -110.31 -110.91 -111.50 -112.09 -112.69 -113.31 -113.94 -114.53 -115.06 -115.59 -116.09 -116.53 -116.91 -117.22 -117.50 -117.78 -118.19 -118.66 -119.16 -119.66 -120.12 -120.59 -121.06 -121.50 -121.91 -122.31 -122.69 -123.06 -123.44 -123.81 -124.16 -124.50 -124.81 -125.09 -125.38 -125.66 -125.94 -126.22 -126.47 -126.66 -126.84 -127.00 -127.19 -127.38 -127.62 -127.91 -128.25
-98.25 -98.88 -99.41 -99.94 -100.44 -101.06 -101.88 -102.69 -103.41 -104.06 -104.72 -105.34 -105.94 -106.53 -107.09 -107.62 -108.16 -108.72 -109.28 -109.88 -110.47 -111.09 -111.66 -112.25 -112.84 -113.44 -114.03 -114.62 -115.22 -115.78 -116.28 -116.78 -117.22 -117.59 -117.88 -118.19 -118.50 -118.91 -119.38 -119.84 -120.28 -120.75 -121.19 -121.66 -122.06 -122.44 -122.81 -123.16 -123.53 -123.91 -124.25 -124.62 -124.97 -125.28 -125.59 -125.88 -126.16 -126.44 -126.69 -126.91 -127.12 -127.31 -127.47 -127.66 -127.88 -128.12 -128.41
-98.59 -99.25 -99.88 -100.44 -100.94 -101.41 -102.00 -102.72 -103.47 -104.19 -104.84 -105.47 -106.09 -106.72 -107.31 -107.88 -108.41 -108.91 -109.44 -110.00 -110.59 -111.22 -111.81 -112.41 -113.00 -113.56 -114.16 -114.75 -115.34 -115.91 -116.47 -117.00 -117.47 -117.91 -118.25 -118.56 -118.88 -119.25 -119.69 -120.12 -120.56 -121.00 -121.41 -121.84 -122.28 -122.69 -123.03 -123.34 -123.62 -123.97 -124.34 -124.72 -125.09 -125.47 -125.78 -126.09 -126.41 -126.66 -126.94 -127.16 -127.38 -127.56 -127.75 -127.94 -128.12 -128.34 -128.62
-98.84 -99.56 -100.22 -100.84 -101.38 -101.88 -102.38 -102.91 -103.56 -104.25 -104.94 -105.59 -106.22 -106.84 -107.44 -108.03 -108.59 -109.09 -109.62 -110.16 -110.72 -111.31 -111.94 -112.53 -113.16 -113.75 -114.34 -114.94 -115.53 -116.09 -116.66 -117.19 -117.69 -118.16 -118.59 -118.94 -119.25 -119.59 -119.97 -120.41 -120.81 -121.25 -121.69 -122.12 -122.56 -122.97 -123.34 -123.66 -123.94 -124.19 -124.47 -124.84 -125.25 -125.62 -125.97 -126.31 -126.62 -126.91 -127.19 -127.41 -127.66 -127.84 -128.03 -128.19 -128.38 -128.59 -128.84
-99.09 -99.78 -100.47 -101.09 -101.72 -102.25 -102.75 -103.28 -103.81 -104.41 -105.03 -105.66 -106.31 -106.94 -107.53 -108.16 -108.75 -109.31 -109.84 -110.34 -110.88 -111.47 -112.06 -112.69 -113.31 -113.94 -114.53 -115.12 -115.72 -116.28 -116.84 -117.38 -117.91 -118.41 -118.84 -119.25 -119.59 -119.91 -120.25 -120.66 -121.06 -121.50 -121.97 -122.41 -122.84 -123.28 -123.69 -124.03 -124.34 -124.59 -124.88 -125.12 -125.47 -125.88 -126.22 -126.56 -126.84 -127.16 -127.41 -127.66 -127.91 -128.09 -128.28 -128.47 -128.66 -128.84 -129.09
