everonasctiles/Tile30,11.asc
ncols 128
nrows 128
xllcorner 0
yllcorner 0
cellsize 2.0
NODATA_value  -9999
[rows 96 to 127 of 128, columns 0 to 70 of 128]
299.47 300.09 300.72 301.25 301.88 302.53 303.28 304.31 305.28 306.03 306.88 307.44 306.84 307.50 311.72 313.97 315.72 316.94 318.09 319.12 319.94 320.56 320.94 321.81 322.59 323.41 324.38 325.22 326.00 326.69 327.28 327.78 328.16 328.47 328.72 328.91 329.06 329.16 329.28 329.34 329.34 329.44 329.62 329.78 329.94 330.09 330.22 330.31 330.44 330.31 330.41 330.50 330.66 330.84 331.12 331.38 331.62 331.81 331.97 332.22 332.38 332.38 332.50 332.69 332.72 332.84 333.06 333.25 333.56 333.78 334.03
298.12 298.91 299.78 300.47 301.03 301.94 302.66 303.56 304.34 305.25 306.03 306.41 306.59 307.16 310.69 312.75 314.78 316.19 317.69 318.81 319.56 320.41 321.06 321.88 322.78 323.38 324.22 325.28 325.97 326.66 327.19 327.62 328.00 328.28 328.50 328.69 328.88 329.00 329.06 329.12 329.16 329.34 329.47 329.59 329.72 329.81 330.00 330.16 330.22 330.16 330.28 330.34 330.44 330.62 330.94 331.19 331.41 331.59 331.78 331.94 332.06 332.12 332.16 332.31 332.47 332.62 332.91 333.12 333.38 333.59 333.81
297.00 298.09 299.03 299.97 300.31 301.28 301.97 302.66 303.28 304.03 304.50 304.94 306.50 307.06 309.16 311.56 313.53 315.38 316.94 318.22 319.53 320.34 321.19 322.03 322.84 323.66 324.44 325.19 325.88 326.47 326.97 327.38 327.72 328.00 328.22 328.53 328.59 328.62 328.78 328.91 329.06 329.22 329.31 329.41 329.53 329.62 329.78 329.94 329.94 330.06 330.16 330.22 330.31 330.53 330.75 331.03 331.19 331.38 331.53 331.66 331.81 331.81 331.88 332.06 332.19 332.47 332.75 332.97 333.19 333.38 333.53
296.44 297.41 298.50 299.28 299.81 300.59 301.19 301.47 301.59 301.88 302.94 304.69 305.88 307.16 307.44 310.44 312.41 313.75 314.94 316.75 319.00 320.00 321.06 322.00 322.88 323.66 324.34 325.03 325.66 326.25 326.72 327.09 327.41 327.66 328.00 328.06 327.97 328.38 328.59 328.78 328.94 329.03 329.12 329.16 329.19 329.28 329.62 329.66 329.78 329.97 330.03 330.06 330.19 330.41 330.66 330.88 331.03 331.16 331.28 331.41 331.47 331.50 331.62 331.75 331.94 332.22 332.56 332.75 332.97 333.12 333.12
296.03 296.72 297.69 298.66 299.31 299.94 300.47 300.66 300.50 301.53 302.41 303.84 305.09 306.66 307.56 309.22 311.19 312.56 313.75 315.53 318.16 319.41 320.59 321.66 322.59 323.38 324.06 324.69 325.31 325.94 326.44 326.78 327.03 327.34 327.41 327.41 327.84 328.19 328.44 328.62 328.72 328.81 328.94 328.88 328.84 329.03 329.34 329.41 329.56 329.72 329.72 329.81 330.00 330.19 330.47 330.66 330.81 330.97 331.06 331.12 331.16 331.16 331.41 331.47 331.69 331.97 332.31 332.50 332.75 332.84 332.91
295.47 296.06 297.16 298.03 298.66 299.22 299.84 299.84 300.44 301.16 302.28 303.28 304.38 305.81 307.41 307.97 310.44 312.06 313.12 314.53 316.72 318.72 320.06 321.28 322.22 323.06 323.53 324.12 325.00 325.56 326.03 326.38 326.72 326.53 326.72 327.12 327.62 327.97 328.22 328.38 328.47 328.59 328.59 328.53 328.47 328.78 328.97 329.09 329.22 329.28 329.38 329.53 329.75 330.00 330.28 330.47 330.62 330.75 330.84 330.88 330.84 330.91 331.16 331.22 331.41 331.62 331.84 332.19 332.47 332.59 332.66
294.81 295.72 296.78 297.38 297.97 298.47 298.84 299.22 299.88 300.56 301.62 302.66 303.69 305.25 306.88 307.94 309.41 310.78 311.94 313.62 314.59 316.31 318.53 320.03 321.44 322.69 322.97 323.75 324.47 325.03 325.56 325.94 325.97 326.03 326.50 326.91 327.38 327.69 327.91 328.00 328.12 328.09 328.16 328.12 328.09 328.41 328.59 328.72 328.88 328.72 328.81 329.06 329.47 329.72 330.06 330.28 330.44 330.56 330.62 330.69 330.59 330.72 330.88 330.88 331.06 331.16 331.38 331.72 332.12 332.25 332.50
294.53 295.56 296.22 296.78 297.25 297.66 298.25 298.56 298.81 299.56 300.94 301.88 303.25 304.81 306.50 307.38 308.25 309.66 311.75 313.09 313.47 314.41 316.78 319.03 320.81 321.75 322.50 323.25 323.91 324.19 324.69 325.06 325.53 325.88 326.22 326.66 327.00 327.25 327.41 327.41 327.47 327.47 327.41 327.56 327.91 328.06 328.16 328.31 328.31 328.12 328.25 328.56 329.00 329.44 329.72 330.06 330.25 330.34 330.44 330.50 330.44 330.50 330.59 330.62 330.78 330.88 331.12 331.38 331.66 331.97 332.38
294.47 295.12 295.72 296.19 296.53 296.88 297.38 297.44 297.88 298.81 300.06 301.22 302.91 304.59 306.16 307.25 308.78 310.31 312.03 312.78 313.66 315.09 317.31 318.56 320.12 320.88 321.69 322.88 323.06 323.16 323.91 324.72 325.34 325.53 325.88 326.22 326.47 326.66 326.66 326.69 326.94 326.91 326.91 327.19 327.50 327.56 327.69 327.81 327.59 327.62 327.84 328.22 328.50 328.97 329.47 329.81 329.97 330.16 330.25 330.31 330.28 330.34 330.38 330.44 330.53 330.69 330.81 331.06 331.38 331.75 332.09
294.00 294.62 295.16 295.72 296.09 296.22 296.47 296.81 297.22 298.50 299.69 301.06 302.81 304.38 305.66 307.34 309.25 310.56 311.81 312.81 313.94 315.50 317.31 318.69 320.00 321.00 322.03 322.47 322.34 322.97 324.00 324.38 324.75 325.06 325.34 325.59 325.81 325.88 325.72 326.03 326.31 326.16 326.28 326.84 326.91 327.03 327.09 327.09 326.97 327.25 327.56 327.81 328.28 328.75 329.28 329.56 329.75 329.94 330.06 330.09 330.12 330.12 330.16 330.28 330.28 330.50 330.59 330.84 331.16 331.47 331.75
293.47 293.81 294.34 295.12 295.19 295.69 296.00 296.41 297.06 298.12 299.38 301.00 302.81 304.56 305.62 307.34 308.66 310.22 311.47 312.69 314.47 315.91 317.34 318.69 320.03 320.91 321.66 321.88 322.03 323.22 323.59 323.97 324.28 324.50 324.72 324.91 324.69 324.84 324.94 325.41 325.34 325.16 325.72 326.28 326.34 326.47 326.56 326.50 326.59 326.84 327.19 327.53 327.97 328.50 328.94 329.28 329.47 329.69 329.81 329.91 329.91 329.97 329.94 330.06 330.12 330.22 330.44 330.66 330.91 331.12 331.34
292.53 292.94 293.62 293.94 294.47 294.91 295.44 295.72 296.44 298.03 299.28 300.75 302.69 304.31 305.75 306.69 308.00 309.75 311.94 313.44 314.91 316.19 317.31 318.72 319.94 320.81 321.38 321.56 322.31 322.94 323.31 323.53 323.72 323.91 323.94 323.84 323.75 324.03 324.25 324.34 324.25 324.50 325.41 325.69 325.84 326.06 326.19 326.12 326.34 326.59 326.84 327.22 327.66 328.19 328.59 328.97 329.16 329.44 329.56 329.66 329.75 329.72 329.72 329.84 329.94 330.00 330.22 330.41 330.59 330.75 330.88
292.44 292.91 293.28 293.53 293.94 294.34 294.97 295.38 296.72 298.03 299.75 301.38 302.94 304.59 305.72 306.72 307.94 309.94 311.91 313.47 314.97 316.06 317.44 318.88 319.81 320.56 321.12 321.94 322.38 322.72 322.91 323.03 322.94 323.06 323.09 322.97 323.03 323.19 323.12 323.09 323.56 324.25 324.78 325.12 325.41 325.62 325.66 325.72 326.03 326.22 326.53 327.00 327.41 327.81 328.22 328.62 328.94 329.16 329.31 329.41 329.44 329.44 329.53 329.59 329.69 329.78 329.97 330.12 330.25 330.34 330.31
292.44 292.66 292.97 293.47 294.03 294.41 295.12 295.88 297.31 298.72 300.25 301.75 303.19 304.28 305.75 306.84 308.72 310.81 312.53 313.97 315.41 316.59 317.81 318.75 319.56 320.28 321.06 321.72 322.19 322.38 322.41 322.47 322.34 322.16 322.19 322.03 322.12 322.28 322.38 322.59 323.03 323.66 324.09 324.59 324.88 325.00 325.28 325.53 325.81 326.03 326.38 326.75 327.09 327.34 327.69 328.22 328.62 328.88 329.03 329.09 329.19 329.28 329.34 329.34 329.41 329.59 329.72 329.81 329.84 329.88 329.94
292.38 292.84 293.25 293.72 294.09 294.66 295.41 296.38 298.00 299.56 300.62 302.03 303.66 305.22 305.94 306.91 309.09 311.53 313.03 314.34 315.59 316.72 317.72 318.59 319.28 319.78 320.84 321.47 321.81 321.91 321.84 321.78 321.53 321.31 321.28 321.31 321.22 321.53 321.88 322.16 322.59 323.22 323.69 324.03 324.34 324.78 324.84 325.34 325.56 325.78 326.12 326.44 326.75 326.97 327.28 327.81 328.19 328.44 328.69 328.88 328.97 329.06 329.12 329.16 329.19 329.22 329.44 329.53 329.66 329.75 329.81
292.47 292.72 293.12 293.62 293.91 294.59 295.66 297.00 298.19 299.78 301.09 302.56 304.06 305.38 306.44 307.31 309.88 311.53 313.19 314.38 315.56 316.66 317.56 318.31 318.88 319.66 320.50 321.06 321.31 321.28 321.12 320.78 320.59 320.59 320.41 320.41 320.69 321.22 321.56 322.00 322.53 323.16 323.50 323.81 324.22 324.47 324.69 325.06 325.31 325.53 325.81 326.19 326.50 326.72 326.97 327.31 327.56 327.88 328.38 328.53 328.69 328.81 328.81 328.91 329.03 329.16 329.28 329.44 329.56 329.62 329.78
291.81 292.38 293.09 293.50 293.88 294.75 295.91 297.31 298.59 300.28 301.84 303.16 304.66 306.09 307.03 308.62 310.59 311.91 313.06 314.19 315.50 316.47 317.28 317.91 318.62 319.41 320.06 320.53 320.69 320.59 320.19 320.03 319.78 319.75 319.88 320.19 320.72 321.09 321.44 321.88 322.41 322.88 323.19 323.56 323.97 324.25 324.56 324.78 325.00 325.22 325.44 325.75 326.06 326.38 326.75 327.03 327.25 327.62 328.00 328.19 328.31 328.50 328.38 328.53 328.72 329.00 329.12 329.25 329.34 329.47 329.50
292.28 292.75 293.34 293.91 294.50 295.56 296.66 297.94 299.62 300.94 302.34 303.78 305.38 306.72 308.03 309.38 310.69 311.94 312.94 314.09 315.25 316.12 316.88 317.59 318.25 318.91 319.50 319.84 319.97 319.91 319.62 319.44 319.25 319.53 319.97 320.34 320.66 320.94 321.34 321.75 322.16 322.50 322.81 323.25 323.66 324.03 324.28 324.50 324.66 324.78 324.78 325.12 325.78 326.19 326.50 326.75 327.00 327.25 327.53 327.75 327.91 328.03 327.94 328.00 328.44 328.72 328.88 329.00 329.16 329.19 329.19
292.50 293.12 293.81 294.53 295.47 296.50 297.81 299.12 300.38 301.41 302.81 304.31 305.78 307.03 308.31 309.53 310.72 311.78 312.97 314.03 314.97 315.75 316.44 317.12 317.72 318.31 318.81 319.16 319.28 319.28 319.22 318.72 319.09 319.44 319.94 320.12 320.41 320.72 321.22 321.50 321.91 322.28 322.75 323.06 323.47 323.78 324.03 324.19 324.28 324.19 324.22 324.72 325.28 325.91 326.16 326.47 326.69 326.91 327.09 327.28 327.47 327.47 327.34 327.53 328.03 328.19 328.56 328.72 328.75 328.88 328.97
292.59 293.28 294.06 294.97 296.00 297.12 298.31 299.50 300.72 301.81 302.81 304.53 305.81 307.03 308.41 309.53 310.59 311.69 312.78 313.78 314.59 315.31 315.94 316.59 317.06 317.66 318.12 318.44 318.59 318.69 318.44 318.56 318.72 318.88 318.78 318.97 319.62 320.12 320.56 321.06 321.59 322.00 322.47 322.81 323.22 323.50 323.72 323.84 323.84 323.78 323.84 324.22 325.06 325.56 325.88 326.16 326.38 326.56 326.72 326.88 327.00 327.00 326.94 327.25 327.44 327.66 328.12 328.22 328.31 328.66 328.81
292.53 293.25 294.12 295.19 296.28 297.47 298.66 299.84 300.91 302.22 303.50 304.69 305.81 307.03 308.28 309.59 310.62 311.66 312.53 313.53 314.25 314.84 315.22 315.81 316.41 316.97 317.38 317.66 317.81 317.88 317.94 318.00 317.81 317.66 317.88 318.22 319.00 319.56 320.06 320.66 321.31 321.75 322.22 322.59 322.91 323.19 323.38 323.50 323.53 323.44 323.56 323.97 324.62 325.16 325.53 325.88 326.09 326.25 326.41 326.50 326.53 326.62 326.78 326.97 327.16 327.41 327.69 327.88 328.09 328.50 328.62
292.12 292.91 293.78 295.09 296.38 297.53 298.78 300.09 301.22 302.50 303.84 304.94 306.09 307.16 308.22 309.31 310.38 311.34 312.28 313.12 313.81 314.34 314.69 315.25 315.78 316.28 316.62 316.88 316.97 316.88 317.06 316.81 316.69 317.00 317.06 317.88 318.44 319.06 319.72 320.53 321.12 321.56 321.97 322.31 322.62 322.88 323.03 323.09 323.03 323.06 323.44 323.88 324.41 324.97 325.28 325.59 325.81 325.97 326.03 326.09 326.28 326.56 326.75 326.81 326.91 327.12 327.41 327.69 327.97 328.28 328.47
291.84 292.69 293.56 295.00 296.22 297.56 299.19 300.28 301.41 302.75 303.88 304.94 306.00 307.03 308.00 309.00 310.03 311.03 311.91 312.88 313.53 314.03 314.53 314.91 315.28 315.62 315.88 316.06 316.16 316.16 315.78 315.72 315.88 315.94 316.31 317.12 317.72 318.31 319.31 320.22 320.72 321.28 321.62 321.97 322.31 322.53 322.69 322.53 322.69 322.94 323.38 323.72 324.16 324.62 325.00 325.25 325.53 325.66 325.78 326.06 326.22 326.38 326.53 326.56 326.59 326.91 327.12 327.38 327.75 328.06 328.28
291.94 292.56 293.88 295.12 296.47 297.97 299.31 300.25 301.38 302.75 303.84 304.84 305.84 306.81 307.66 308.47 309.56 310.59 311.59 312.44 313.12 313.59 314.00 314.41 314.72 315.00 315.19 315.31 315.34 315.22 314.94 315.12 314.97 315.19 315.75 316.47 317.34 318.25 319.09 319.88 320.41 320.94 321.28 321.62 321.97 322.22 322.25 322.34 322.53 322.78 323.12 323.47 323.94 324.31 324.62 324.84 324.94 325.34 325.62 325.81 325.94 326.09 326.25 326.34 326.53 326.69 326.97 327.28 327.56 327.84 328.03
292.16 293.44 294.66 295.84 297.00 298.19 299.19 300.34 301.50 302.69 303.75 304.72 305.66 306.41 307.03 307.94 309.03 309.94 310.88 311.75 312.53 313.09 313.53 313.88 314.12 314.28 314.50 314.59 314.59 314.47 314.25 314.31 314.12 314.62 315.44 316.41 317.12 317.94 318.75 319.41 320.00 320.62 321.00 321.38 321.72 321.84 322.03 322.09 322.22 322.50 322.84 323.19 323.62 323.97 324.22 324.44 324.50 325.06 325.28 325.50 325.62 325.81 326.03 326.22 326.34 326.50 326.72 326.97 327.25 327.47 327.62
292.34 293.56 294.75 295.91 297.03 298.16 299.25 300.34 301.53 302.59 303.66 304.56 305.03 305.53 306.62 307.66 308.28 309.25 310.25 311.19 312.03 312.56 312.97 313.28 313.47 313.66 313.84 313.88 313.88 313.66 313.28 313.41 313.69 314.50 315.22 316.09 316.81 317.56 318.28 318.97 319.72 320.41 320.72 320.88 321.28 321.62 321.78 321.88 321.97 322.28 322.66 322.97 323.38 323.69 323.91 324.00 324.38 324.72 324.97 325.16 325.34 325.56 325.75 325.91 326.06 326.06 326.31 326.56 326.78 326.94 327.09
292.19 293.59 294.78 295.91 297.00 298.00 299.09 300.31 301.41 302.47 303.44 304.41 305.25 305.88 306.59 307.50 308.38 309.06 310.00 310.81 311.44 311.97 312.34 312.66 312.84 313.00 313.12 313.06 313.03 312.78 312.53 312.94 313.59 314.16 315.03 315.75 316.34 317.19 317.97 318.62 319.38 319.97 320.19 320.44 321.00 321.31 321.56 321.78 321.97 322.22 322.53 322.88 323.22 323.41 323.66 323.97 324.25 324.47 324.69 324.84 325.00 325.12 325.25 325.47 325.66 325.72 325.88 325.94 326.22 326.28 326.38
292.28 293.53 294.72 295.88 296.81 297.75 298.88 299.97 301.03 302.06 303.09 303.97 304.75 305.91 306.69 307.50 308.22 308.94 309.66 310.31 310.88 311.34 311.69 311.94 312.06 312.19 312.22 312.31 312.12 311.91 312.03 312.38 312.97 313.81 314.44 314.91 315.59 316.75 317.56 318.38 319.09 319.47 319.69 320.28 320.81 321.19 321.41 321.56 321.84 322.09 322.38 322.66 322.97 323.19 323.62 323.88 324.03 324.22 324.41 324.50 324.59 324.72 324.84 325.16 325.28 325.34 325.41 325.34 325.56 325.69 325.78
292.22 293.28 294.25 295.25 296.44 297.56 298.69 299.81 300.69 301.56 302.62 303.47 304.56 305.62 306.47 307.28 308.00 308.66 309.28 309.81 310.25 310.62 311.00 311.16 311.22 311.31 311.31 311.28 311.28 311.19 311.38 311.69 312.44 313.16 313.69 314.22 315.09 316.50 317.38 318.03 318.62 319.12 320.09 320.62 320.75 321.00 321.19 321.34 321.62 321.88 322.12 322.44 322.56 322.97 323.44 323.66 323.81 323.97 324.12 324.22 324.34 324.31 324.50 324.75 324.91 325.00 324.97 324.97 325.09 325.12 325.25
292.00 292.81 293.94 295.12 296.50 297.50 298.53 299.44 300.44 301.56 302.50 303.28 304.19 305.25 306.16 306.97 307.69 308.25 308.78 309.22 309.56 309.91 310.12 310.22 310.38 310.59 310.62 310.53 310.34 310.25 310.72 311.16 312.00 312.81 313.22 313.69 315.25 316.91 317.88 318.38 318.94 319.59 320.09 320.41 320.66 320.81 320.94 321.03 321.31 321.66 321.81 322.12 322.16 322.59 322.88 323.06 323.59 323.75 323.84 323.91 323.84 324.03 324.19 324.47 324.59 324.69 324.72 324.69 324.72 324.81 324.88
291.75 292.69 293.97 295.12 296.16 297.19 298.22 299.31 300.34 301.31 302.12 302.88 303.62 304.59 305.75 306.50 307.16 307.69 308.19 308.50 309.00 309.19 309.41 309.59 309.91 310.03 310.06 309.88 309.66 309.81 310.31 310.88 311.81 312.38 312.75 314.12 315.50 317.19 318.19 318.84 319.34 319.66 320.00 320.28 320.47 320.56 320.66 320.72 320.88 320.97 321.41 321.56 321.81 322.16 322.34 322.91 323.38 323.50 323.56 323.50 323.53 323.62 323.91 324.19 324.31 324.41 324.41 324.47 324.50 324.44 324.38
291.16 292.25 293.59 294.91 295.88 297.00 298.00 299.03 300.00 300.88 301.69 302.41 303.09 304.06 305.00 305.91 306.53 307.03 307.31 307.72 308.19 308.47 308.94 309.25 309.38 309.50 309.47 309.31 309.41 309.66 310.06 310.88 311.78 312.59 313.47 314.28 315.84 317.34 318.28 318.88 319.31 319.62 319.84 320.03 320.12 320.28 320.34 320.34 320.25 320.53 320.97 321.34 321.66 321.84 322.22 322.91 323.16 323.28 323.28 323.19 323.16 323.31 323.66 323.88 324.03 324.09 324.12 324.19 324.12 323.97 323.94
