everonasctiles/Tile[9,26].asc
ncols 128
nrows 128
xllcorner 0
yllcorner 0
cellsize 2.0
NODATA_value  -9999
[rows 0 to 33 of 128, columns 0 to 76 of 128]
39.09 39.22 39.38 39.53 39.75 39.94 40.19 40.44 40.72 41.00 41.31 41.62 41.94 42.28 42.66 43.00 43.34 43.69 44.06 44.44 44.84 45.22 45.62 46.03 46.44 46.81 47.19 47.53 47.88 48.00 48.03 48.06 48.16 48.84 49.00 49.09 49.22 49.31 49.47 49.62 49.78 50.00 50.19 50.41 50.62 50.88 51.12 51.44 51.75 52.03 52.22 52.56 52.78 52.81 52.81 52.81 52.94 53.16 53.25 53.38 53.47 53.59 53.69 53.78 53.84 53.84 53.91 53.91 53.88 53.88 53.88 53.84 53.81 53.78 53.72 53.62 53.59
38.88 39.00 39.16 39.34 39.56 39.78 40.00 40.28 40.56 40.84 41.16 41.47 41.81 42.16 42.50 42.84 43.19 43.56 43.94 44.31 44.69 45.06 45.47 45.88 46.25 46.66 47.03 47.38 47.75 47.88 47.91 47.91 48.12 48.62 48.75 48.84 48.91 49.00 49.12 49.28 49.47 49.69 49.88 50.09 50.31 50.56 50.78 51.03 51.34 51.62 51.97 52.34 52.56 52.56 52.56 52.59 52.72 52.97 53.03 53.16 53.28 53.41 53.50 53.59 53.66 53.66 53.69 53.69 53.69 53.69 53.69 53.69 53.62 53.59 53.53 53.47 53.44
38.66 38.78 38.97 39.16 39.34 39.59 39.84 40.09 40.41 40.69 41.00 41.34 41.69 42.03 42.38 42.72 43.06 43.44 43.78 44.16 44.53 44.94 45.31 45.72 46.09 46.50 46.88 47.22 47.62 47.72 47.75 47.78 48.09 48.44 48.50 48.59 48.62 48.72 48.88 49.03 49.22 49.41 49.62 49.81 50.03 50.22 50.44 50.69 50.94 51.25 51.59 52.12 52.31 52.34 52.34 52.34 52.50 52.72 52.84 52.97 53.09 53.22 53.31 53.41 53.44 53.47 53.47 53.47 53.50 53.50 53.50 53.50 53.47 53.41 53.38 53.34 53.31
38.41 38.56 38.75 38.94 39.16 39.41 39.66 39.94 40.25 40.56 40.88 41.19 41.53 41.88 42.25 42.59 42.94 43.31 43.66 44.03 44.41 44.78 45.19 45.56 45.94 46.34 46.69 47.06 47.53 47.56 47.59 47.62 48.06 48.22 48.28 48.34 48.41 48.50 48.66 48.81 49.00 49.19 49.38 49.56 49.75 49.94 50.16 50.38 50.62 50.91 51.25 51.88 52.09 52.12 52.12 52.12 52.28 52.56 52.66 52.75 52.88 53.00 53.09 53.19 53.25 53.25 53.25 53.28 53.31 53.34 53.31 53.31 53.28 53.25 53.22 53.22 53.22
38.16 38.34 38.53 38.75 38.97 39.22 39.50 39.78 40.09 40.41 40.72 41.06 41.41 41.75 42.12 42.47 42.81 43.19 43.53 43.91 44.28 44.66 45.06 45.44 45.81 46.19 46.56 46.91 47.41 47.44 47.47 47.50 47.97 48.03 48.09 48.12 48.19 48.31 48.44 48.59 48.78 48.94 49.12 49.31 49.50 49.69 49.88 50.12 50.34 50.62 50.97 51.66 51.91 51.91 51.91 51.91 52.09 52.34 52.41 52.56 52.66 52.78 52.88 52.97 53.03 53.06 53.09 53.12 53.12 53.16 53.12 53.12 53.16 53.12 53.12 53.12 53.19
37.91 38.12 38.31 38.56 38.81 39.06 39.34 39.62 39.94 40.25 40.59 40.94 41.28 41.62 42.00 42.34 42.72 43.06 43.44 43.81 44.19 44.56 44.94 45.31 45.69 46.06 46.44 46.84 47.28 47.28 47.31 47.38 47.84 47.84 47.88 47.91 47.97 48.09 48.22 48.38 48.56 48.72 48.88 49.06 49.25 49.44 49.62 49.84 50.09 50.38 50.69 51.44 51.69 51.69 51.69 51.69 51.88 52.16 52.25 52.34 52.47 52.56 52.66 52.75 52.81 52.84 52.91 52.94 52.94 52.97 52.97 53.00 53.00 53.00 53.03 53.06 53.12
37.72 37.94 38.16 38.38 38.62 38.91 39.19 39.50 39.81 40.12 40.47 40.81 41.19 41.53 41.91 42.25 42.59 42.97 43.31 43.69 44.06 44.44 44.84 45.22 45.59 45.97 46.34 46.84 47.16 47.16 47.19 47.28 47.53 47.59 47.66 47.69 47.78 47.91 48.03 48.19 48.34 48.50 48.66 48.81 49.00 49.19 49.38 49.62 49.88 50.12 50.44 51.22 51.47 51.47 51.50 51.50 51.69 51.94 52.06 52.16 52.25 52.38 52.44 52.53 52.62 52.69 52.72 52.75 52.78 52.81 52.84 52.88 52.88 52.91 52.94 52.97 53.06
37.56 37.75 38.00 38.22 38.50 38.78 39.06 39.38 39.69 40.00 40.34 40.72 41.06 41.44 41.81 42.16 42.50 42.88 43.22 43.59 43.97 44.34 44.75 45.12 45.50 45.88 46.25 46.84 47.00 47.03 47.06 47.25 47.50 47.50 47.53 47.56 47.62 47.72 47.84 47.97 48.12 48.28 48.44 48.59 48.75 48.94 49.12 49.38 49.62 49.91 50.25 51.03 51.28 51.28 51.28 51.31 51.50 51.75 51.84 51.94 52.06 52.16 52.25 52.31 52.44 52.50 52.53 52.62 52.66 52.69 52.72 52.75 52.75 52.81 52.84 52.94 53.00
37.41 37.59 37.84 38.09 38.38 38.66 38.94 39.25 39.56 39.91 40.25 40.59 40.97 41.34 41.72 42.06 42.41 42.78 43.12 43.50 43.88 44.28 44.66 45.03 45.44 45.81 46.19 46.81 46.88 46.91 46.94 47.22 47.41 47.47 47.50 47.50 47.53 47.56 47.69 47.81 47.94 48.06 48.19 48.34 48.50 48.69 48.88 49.12 49.41 49.69 50.06 50.88 51.09 51.09 51.09 51.09 51.31 51.53 51.66 51.75 51.88 51.97 52.03 52.16 52.25 52.31 52.41 52.47 52.53 52.56 52.59 52.62 52.66 52.69 52.75 52.84 52.97
37.25 37.47 37.72 37.97 38.25 38.53 38.81 39.12 39.47 39.78 40.16 40.50 40.88 41.25 41.62 41.97 42.31 42.69 43.03 43.41 43.78 44.19 44.56 44.97 45.34 45.75 46.12 46.72 46.75 46.78 46.81 47.19 47.31 47.41 47.47 47.50 47.50 47.50 47.53 47.62 47.72 47.84 47.97 48.09 48.25 48.41 48.62 48.88 49.16 49.50 49.91 50.75 50.88 50.91 50.91 50.91 51.12 51.31 51.44 51.56 51.66 51.78 51.84 51.97 52.09 52.16 52.25 52.34 52.41 52.44 52.50 52.53 52.53 52.62 52.69 52.78 52.84
37.09 37.34 37.59 37.84 38.12 38.41 38.72 39.03 39.34 39.69 40.03 40.41 40.75 41.16 41.53 41.88 42.22 42.59 42.94 43.31 43.69 44.06 44.47 44.88 45.28 45.69 46.06 46.59 46.62 46.66 46.66 47.16 47.25 47.34 47.41 47.47 47.50 47.50 47.50 47.53 47.59 47.66 47.75 47.84 47.97 48.16 48.38 48.62 48.94 49.28 49.78 50.59 50.69 50.69 50.69 50.72 50.91 51.12 51.25 51.38 51.47 51.59 51.66 51.81 51.94 52.03 52.12 52.22 52.28 52.31 52.38 52.41 52.44 52.53 52.59 52.66 52.81
37.00 37.22 37.47 37.72 38.00 38.28 38.59 38.91 39.25 39.59 39.94 40.31 40.66 41.06 41.44 41.78 42.12 42.47 42.81 43.19 43.56 43.97 44.38 44.78 45.19 45.59 46.06 46.50 46.50 46.53 46.59 47.06 47.19 47.28 47.38 47.44 47.50 47.50 47.50 47.50 47.50 47.50 47.53 47.56 47.69 47.84 48.09 48.41 48.75 49.19 49.72 50.41 50.50 50.50 50.50 50.53 50.72 50.91 51.06 51.19 51.28 51.38 51.53 51.66 51.78 51.88 51.97 52.09 52.16 52.19 52.25 52.28 52.34 52.41 52.47 52.56 52.72
36.88 37.09 37.34 37.59 37.88 38.19 38.47 38.81 39.12 39.47 39.84 40.22 40.56 40.97 41.38 41.69 42.00 42.34 42.69 43.06 43.44 43.84 44.25 44.66 45.09 45.50 46.06 46.38 46.38 46.41 46.53 46.94 47.06 47.16 47.25 47.34 47.41 47.47 47.50 47.50 47.50 47.50 47.50 47.50 47.59 47.78 48.03 48.34 48.72 49.12 49.66 50.22 50.28 50.31 50.31 50.34 50.56 50.75 50.84 50.97 51.12 51.25 51.38 51.50 51.62 51.75 51.84 51.94 52.03 52.06 52.12 52.19 52.25 52.31 52.38 52.53 52.66
36.75 36.97 37.22 37.50 37.78 38.06 38.38 38.69 39.03 39.38 39.75 40.09 40.47 40.91 41.25 41.53 41.84 42.19 42.53 42.91 43.28 43.69 44.12 44.56 45.00 45.41 46.06 46.25 46.25 46.28 46.47 46.81 46.94 47.09 47.19 47.28 47.38 47.41 47.47 47.50 47.50 47.50 47.50 47.53 47.62 47.81 48.06 48.38 48.72 49.09 49.59 50.06 50.12 50.16 50.16 50.19 50.44 50.56 50.72 50.84 50.97 51.09 51.22 51.38 51.50 51.59 51.72 51.81 51.84 51.94 52.00 52.06 52.12 52.22 52.31 52.41 52.53
36.59 36.84 37.09 37.38 37.66 37.97 38.28 38.59 38.94 39.28 39.66 40.00 40.38 40.78 41.09 41.38 41.69 42.03 42.41 42.78 43.16 43.56 43.97 44.44 44.88 45.31 46.03 46.12 46.16 46.16 46.41 46.69 46.88 47.03 47.12 47.25 47.31 47.41 47.44 47.50 47.50 47.50 47.50 47.56 47.69 47.88 48.09 48.38 48.69 49.06 49.56 49.94 49.97 50.00 50.00 50.06 50.31 50.47 50.56 50.69 50.81 50.94 51.09 51.22 51.34 51.47 51.56 51.66 51.75 51.81 51.91 51.94 52.00 52.06 52.16 52.28 52.38
36.44 36.69 36.97 37.25 37.56 37.88 38.19 38.50 38.84 39.19 39.56 39.91 40.28 40.66 40.94 41.22 41.53 41.88 42.25 42.66 43.06 43.47 43.88 44.31 44.75 45.22 45.97 46.00 46.03 46.03 46.31 46.62 46.81 46.97 47.09 47.22 47.31 47.38 47.44 47.50 47.50 47.50 47.50 47.59 47.75 47.94 48.16 48.41 48.69 49.00 49.50 49.78 49.81 49.81 49.84 49.91 50.16 50.31 50.47 50.56 50.69 50.81 50.94 51.06 51.19 51.31 51.41 51.53 51.62 51.69 51.75 51.81 51.88 51.94 52.03 52.09 52.22
36.28 36.56 36.88 37.16 37.47 37.78 38.09 38.44 38.78 39.12 39.47 39.81 40.19 40.53 40.78 41.06 41.41 41.75 42.16 42.56 42.97 43.38 43.81 44.22 44.66 45.16 45.84 45.88 45.91 45.91 46.28 46.59 46.78 46.97 47.09 47.22 47.31 47.38 47.44 47.50 47.50 47.50 47.53 47.62 47.78 47.97 48.16 48.41 48.66 48.78 49.34 49.69 49.69 49.72 49.72 49.81 50.06 50.22 50.34 50.44 50.56 50.66 50.78 50.94 51.03 51.16 51.25 51.38 51.47 51.56 51.59 51.66 51.72 51.81 51.88 51.94 52.03
36.16 36.47 36.78 37.06 37.38 37.69 38.03 38.34 38.69 39.03 39.38 39.75 40.09 40.41 40.69 40.97 41.28 41.69 42.06 42.47 42.91 43.31 43.72 44.16 44.56 45.16 45.72 45.75 45.78 45.84 46.28 46.59 46.81 46.97 47.09 47.22 47.31 47.38 47.44 47.50 47.50 47.50 47.53 47.66 47.81 48.00 48.19 48.41 48.66 48.78 49.19 49.56 49.59 49.59 49.59 49.72 50.00 50.09 50.22 50.31 50.44 50.53 50.66 50.78 50.91 51.00 51.12 51.22 51.34 51.38 51.47 51.53 51.59 51.66 51.72 51.78 51.84
36.09 36.41 36.72 37.03 37.31 37.66 37.97 38.28 38.62 38.97 39.31 39.66 40.00 40.34 40.62 40.91 41.25 41.59 42.00 42.41 42.81 43.22 43.66 44.09 44.50 45.25 45.62 45.62 45.66 45.84 46.41 46.66 46.84 47.00 47.12 47.25 47.34 47.41 47.47 47.50 47.50 47.50 47.56 47.69 47.84 48.00 48.19 48.41 48.62 48.81 49.28 49.44 49.47 49.47 49.50 49.66 49.91 50.00 50.09 50.19 50.28 50.41 50.53 50.66 50.75 50.88 51.00 51.09 51.19 51.25 51.31 51.38 51.47 51.53 51.56 51.59 51.69
36.09 36.38 36.69 36.97 37.28 37.59 37.91 38.25 38.56 38.91 39.25 39.59 39.94 40.28 40.56 40.88 41.19 41.53 41.91 42.31 42.72 43.16 43.56 44.03 44.44 45.31 45.50 45.50 45.56 45.91 46.25 46.59 46.88 47.03 47.19 47.31 47.41 47.47 47.50 47.50 47.50 47.50 47.56 47.69 47.88 48.03 48.22 48.41 48.59 48.84 49.25 49.38 49.38 49.38 49.41 49.59 49.81 49.91 50.00 50.09 50.19 50.28 50.41 50.50 50.62 50.75 50.88 50.97 51.06 51.09 51.19 51.22 51.31 51.38 51.41 51.47 51.53
36.09 36.38 36.69 36.97 37.28 37.56 37.88 38.22 38.53 38.88 39.22 39.56 39.88 40.22 40.53 40.84 41.16 41.47 41.81 42.19 42.59 43.03 43.47 43.91 44.38 45.31 45.41 45.41 45.59 45.88 46.19 46.53 46.84 47.09 47.31 47.50 47.50 47.50 47.50 47.50 47.50 47.50 47.59 47.72 47.91 48.06 48.25 48.41 48.59 48.84 49.19 49.28 49.28 49.31 49.34 49.56 49.72 49.81 49.91 50.00 50.09 50.22 50.31 50.41 50.53 50.66 50.75 50.84 50.91 50.97 51.06 51.09 51.19 51.22 51.28 51.34 51.38
36.16 36.41 36.69 36.97 37.28 37.56 37.88 38.19 38.50 38.84 39.19 39.50 39.84 40.16 40.47 40.78 41.09 41.44 41.75 42.12 42.50 42.91 43.34 43.81 44.28 45.28 45.31 45.34 45.59 45.84 46.12 46.50 46.78 47.03 47.28 47.47 47.50 47.50 47.50 47.50 47.50 47.50 47.59 47.75 47.91 48.09 48.25 48.44 48.59 48.84 49.16 49.22 49.22 49.22 49.28 49.50 49.62 49.75 49.81 49.94 50.03 50.12 50.22 50.34 50.44 50.53 50.66 50.72 50.78 50.84 50.91 50.94 51.03 51.09 51.16 51.22 51.31
36.22 36.47 36.72 37.00 37.28 37.56 37.88 38.19 38.50 38.81 39.12 39.47 39.78 40.09 40.41 40.75 41.06 41.38 41.72 42.06 42.44 42.84 43.28 43.75 44.22 45.19 45.22 45.28 45.53 45.81 46.09 46.44 46.72 46.97 47.22 47.47 47.50 47.50 47.50 47.50 47.50 47.53 47.62 47.78 47.94 48.09 48.28 48.44 48.59 48.84 49.09 49.12 49.16 49.16 49.22 49.44 49.59 49.66 49.78 49.88 49.94 50.06 50.16 50.25 50.34 50.44 50.53 50.59 50.66 50.72 50.78 50.84 50.91 50.97 51.06 51.12 51.22
36.31 36.53 36.78 37.03 37.31 37.59 37.88 38.19 38.47 38.78 39.09 39.41 39.72 40.06 40.38 40.69 41.03 41.34 41.69 42.06 42.44 42.81 43.22 43.69 44.16 45.12 45.12 45.19 45.47 45.75 46.03 46.38 46.66 46.94 47.19 47.41 47.50 47.50 47.50 47.50 47.50 47.56 47.66 47.81 47.97 48.12 48.28 48.44 48.59 48.84 49.00 49.06 49.06 49.06 49.16 49.41 49.50 49.59 49.69 49.78 49.88 50.00 50.09 50.19 50.25 50.34 50.41 50.47 50.53 50.59 50.66 50.72 50.78 50.88 50.94 51.06 51.16
36.41 36.62 36.84 37.09 37.34 37.62 37.91 38.19 38.47 38.75 39.06 39.38 39.69 40.00 40.31 40.66 41.00 41.34 41.69 42.06 42.44 42.81 43.25 43.66 44.12 45.06 45.06 45.06 45.38 45.69 45.97 46.31 46.59 46.88 47.12 47.38 47.50 47.50 47.50 47.50 47.53 47.62 47.72 47.88 48.00 48.16 48.31 48.47 48.62 48.84 48.94 48.97 49.00 49.03 49.12 49.34 49.41 49.50 49.59 49.72 49.81 49.91 50.00 50.09 50.16 50.22 50.28 50.34 50.41 50.47 50.53 50.59 50.69 50.75 50.88 51.00 51.12
36.50 36.72 36.91 37.16 37.38 37.62 37.91 38.16 38.41 38.69 39.00 39.28 39.59 39.94 40.28 40.62 40.97 41.31 41.69 42.06 42.47 42.84 43.28 43.69 44.09 45.03 45.03 45.03 45.34 45.62 45.91 46.25 46.53 46.81 47.09 47.31 47.50 47.50 47.50 47.53 47.59 47.69 47.78 47.91 48.03 48.19 48.34 48.47 48.69 48.84 48.88 48.91 48.91 48.97 49.09 49.22 49.31 49.41 49.50 49.59 49.69 49.78 49.88 49.97 50.03 50.09 50.16 50.22 50.28 50.34 50.44 50.50 50.56 50.69 50.81 50.97 51.09
36.62 36.78 36.97 37.19 37.41 37.62 37.84 38.09 38.34 38.59 38.91 39.19 39.53 39.84 40.22 40.56 40.94 41.31 41.69 42.06 42.47 42.88 43.28 43.69 44.06 45.03 45.03 45.03 45.31 45.59 45.88 46.19 46.47 46.75 47.03 47.28 47.50 47.50 47.50 47.53 47.62 47.72 47.81 47.94 48.06 48.19 48.34 48.50 48.69 48.72 48.78 48.81 48.84 48.91 49.03 49.12 49.19 49.31 49.41 49.47 49.59 49.66 49.72 49.81 49.91 49.97 50.03 50.09 50.19 50.25 50.31 50.38 50.50 50.59 50.75 50.91 51.06
36.59 36.72 36.91 37.12 37.31 37.53 37.72 37.97 38.19 38.47 38.78 39.09 39.41 39.75 40.12 40.50 40.88 41.28 41.66 42.06 42.50 42.91 43.28 43.66 44.03 45.03 45.06 45.06 45.28 45.56 45.84 46.12 46.41 46.69 46.94 47.25 47.50 47.47 47.47 47.53 47.62 47.72 47.81 47.94 48.06 48.19 48.34 48.50 48.56 48.66 48.69 48.75 48.78 48.84 48.97 49.03 49.09 49.19 49.28 49.38 49.47 49.56 49.62 49.72 49.78 49.84 49.91 49.97 50.06 50.12 50.19 50.31 50.41 50.53 50.66 50.84 51.03
36.41 36.53 36.66 36.84 37.06 37.28 37.50 37.75 38.00 38.28 38.59 38.94 39.28 39.66 40.03 40.41 40.81 41.22 41.66 42.06 42.50 42.91 43.28 43.69 44.03 44.97 45.06 45.09 45.28 45.53 45.81 46.06 46.34 46.56 46.81 47.09 47.34 47.34 47.44 47.50 47.59 47.72 47.81 47.94 48.06 48.19 48.31 48.41 48.50 48.56 48.62 48.66 48.72 48.81 48.88 48.94 49.03 49.09 49.16 49.25 49.38 49.47 49.50 49.62 49.69 49.72 49.78 49.88 49.97 50.00 50.12 50.22 50.34 50.44 50.62 50.78 50.97
36.09 36.19 36.31 36.50 36.69 36.91 37.16 37.44 37.75 38.06 38.38 38.75 39.12 39.50 39.91 40.34 40.75 41.19 41.62 42.06 42.47 42.91 43.31 43.69 44.06 44.78 45.16 45.16 45.25 45.50 45.75 46.03 46.25 46.47 46.62 46.75 46.97 47.22 47.34 47.47 47.59 47.72 47.81 47.94 48.06 48.16 48.25 48.31 48.41 48.47 48.56 48.59 48.66 48.75 48.81 48.88 48.94 49.00 49.06 49.12 49.28 49.34 49.44 49.50 49.59 49.62 49.69 49.78 49.88 49.97 50.06 50.19 50.25 50.41 50.56 50.75 50.94
35.66 35.75 35.91 36.06 36.28 36.53 36.81 37.09 37.44 37.78 38.12 38.53 38.94 39.34 39.78 40.22 40.69 41.12 41.59 42.03 42.47 42.91 43.31 43.72 44.12 44.59 45.22 45.25 45.31 45.47 45.75 46.00 46.19 46.38 46.56 46.75 46.94 47.12 47.31 47.44 47.56 47.69 47.81 47.91 48.00 48.09 48.19 48.25 48.34 48.41 48.47 48.53 48.53 48.59 48.69 48.78 48.84 48.91 48.97 49.09 49.19 49.28 49.38 49.47 49.50 49.56 49.62 49.72 49.81 49.91 50.00 50.09 50.22 50.34 50.50 50.66 50.88
35.12 35.28 35.44 35.66 35.88 36.12 36.44 36.75 37.09 37.47 37.88 38.28 38.72 39.16 39.62 40.12 40.59 41.06 41.56 42.00 42.47 42.91 43.38 43.78 44.22 44.56 45.28 45.38 45.41 45.56 45.78 45.97 46.19 46.38 46.56 46.75 46.91 47.09 47.25 47.41 47.56 47.69 47.78 47.84 47.97 48.03 48.12 48.19 48.28 48.34 48.38 48.44 48.50 48.50 48.53 48.62 48.75 48.81 48.91 49.03 49.12 49.22 49.31 49.41 49.47 49.53 49.62 49.69 49.78 49.91 49.97 50.09 50.19 50.31 50.44 50.69 50.94
34.69 34.88 35.06 35.28 35.53 35.78 36.09 36.41 36.78 37.16 37.59 38.03 38.50 38.97 39.47 40.00 40.50 41.00 41.53 42.00 42.47 42.97 43.47 43.91 44.31 44.66 45.16 45.47 45.53 45.62 45.78 45.97 46.19 46.38 46.56 46.75 46.91 47.09 47.25 47.41 47.53 47.66 47.72 47.81 47.91 47.97 48.06 48.12 48.22 48.22 48.25 48.38 48.50 48.50 48.53 48.59 48.66 48.75 48.88 48.94 49.06 49.19 49.28 49.41 49.50 49.53 49.62 49.69 49.78 49.88 49.97 50.09 50.19 50.34 50.56 50.72 50.84
34.12 34.34 34.59 34.84 35.12 35.41 35.72 36.09 36.47 36.88 37.31 37.78 38.25 38.78 39.31 39.84 40.41 40.97 41.50 42.00 42.50 43.00 43.50 43.97 44.34 44.72 45.03 45.53 45.62 45.75 45.88 46.03 46.16 46.38 46.56 46.75 46.94 47.09 47.28 47.41 47.50 47.59 47.66 47.75 47.84 47.91 48.00 48.06 48.09 48.09 48.19 48.34 48.44 48.53 48.56 48.62 48.66 48.72 48.81 48.94 49.09 49.25 49.34 49.41 49.50 49.56 49.66 49.72 49.81 49.91 50.00 50.12 50.25 50.38 50.50 50.62 50.78
