everonasctiles/Tile47,23.asc
ncols 128
nrows 128
xllcorner 0
yllcorner 0
cellsize 2.0
NODATA_value  -9999
[rows 29 to 57 of 128, columns 0 to 66 of 128]
-101.84 -102.12 -102.41 -102.66 -102.88 -103.03 -103.19 -103.28 -103.38 -103.75 -104.44 -105.19 -105.72 -106.16 -106.59 -107.03 -107.44 -107.88 -108.25 -108.56 -108.84 -109.12 -109.44 -109.75 -110.03 -110.28 -110.50 -110.72 -110.88 -111.03 -111.19 -111.34 -111.50 -111.66 -111.81 -111.97 -112.09 -112.19 -112.28 -112.38 -112.47 -112.56 -112.66 -112.75 -112.84 -112.91 -112.97 -113.00 -113.00 -112.94 -112.88 -112.75 -112.59 -112.44 -112.28 -112.09 -111.94 -111.75 -111.62 -111.56 -111.53 -111.50 -111.47 -111.44 -111.38 -111.34 -111.28
-101.69 -101.94 -102.19 -102.41 -102.53 -102.62 -102.69 -102.62 -102.75 -103.28 -104.06 -104.88 -105.41 -105.88 -106.34 -106.78 -107.22 -107.59 -107.94 -108.22 -108.50 -108.81 -109.19 -109.53 -109.81 -110.09 -110.34 -110.56 -110.75 -110.94 -111.09 -111.25 -111.41 -111.56 -111.72 -111.84 -111.97 -112.06 -112.16 -112.25 -112.34 -112.47 -112.56 -112.69 -112.78 -112.84 -112.91 -112.94 -112.91 -112.84 -112.75 -112.62 -112.47 -112.31 -112.12 -111.97 -111.81 -111.69 -111.59 -111.50 -111.44 -111.38 -111.34 -111.28 -111.25 -111.19 -111.12
-101.50 -101.75 -101.94 -102.06 -102.16 -102.16 -102.03 -102.00 -102.34 -103.03 -103.88 -104.62 -105.16 -105.66 -106.12 -106.56 -106.94 -107.28 -107.59 -107.88 -108.16 -108.56 -108.97 -109.34 -109.66 -109.94 -110.22 -110.44 -110.62 -110.81 -110.97 -111.12 -111.28 -111.44 -111.59 -111.72 -111.84 -111.94 -112.06 -112.16 -112.28 -112.41 -112.50 -112.62 -112.72 -112.78 -112.84 -112.84 -112.81 -112.75 -112.62 -112.50 -112.34 -112.19 -112.03 -111.91 -111.78 -111.69 -111.59 -111.50 -111.41 -111.34 -111.25 -111.19 -111.12 -111.06 -111.00
-101.31 -101.53 -101.66 -101.72 -101.69 -101.59 -101.41 -101.59 -102.19 -103.03 -103.84 -104.44 -104.97 -105.44 -105.91 -106.28 -106.62 -106.91 -107.19 -107.53 -107.94 -108.41 -108.81 -109.19 -109.53 -109.81 -110.06 -110.31 -110.50 -110.69 -110.88 -111.03 -111.19 -111.31 -111.47 -111.59 -111.69 -111.81 -111.94 -112.06 -112.22 -112.34 -112.47 -112.56 -112.66 -112.72 -112.75 -112.75 -112.69 -112.62 -112.50 -112.38 -112.22 -112.09 -111.97 -111.84 -111.78 -111.69 -111.62 -111.53 -111.44 -111.34 -111.25 -111.16 -111.06 -110.97 -110.91
-101.03 -101.22 -101.31 -101.34 -101.25 -101.00 -101.00 -101.53 -102.31 -103.12 -103.75 -104.25 -104.78 -105.25 -105.66 -106.00 -106.31 -106.59 -106.94 -107.38 -107.84 -108.28 -108.69 -109.06 -109.38 -109.69 -109.94 -110.19 -110.41 -110.59 -110.75 -110.91 -111.06 -111.22 -111.34 -111.47 -111.59 -111.72 -111.84 -112.00 -112.16 -112.28 -112.41 -112.50 -112.59 -112.66 -112.66 -112.66 -112.56 -112.47 -112.34 -112.22 -112.09 -112.00 -111.91 -111.84 -111.78 -111.72 -111.66 -111.56 -111.50 -111.41 -111.31 -111.22 -111.12 -111.00 -110.91
-100.69 -100.88 -100.97 -100.97 -100.81 -100.62 -101.00 -101.72 -102.47 -103.06 -103.56 -104.09 -104.56 -105.03 -105.41 -105.78 -106.12 -106.50 -106.94 -107.38 -107.78 -108.19 -108.59 -108.94 -109.25 -109.56 -109.81 -110.06 -110.28 -110.47 -110.62 -110.78 -110.94 -111.06 -111.22 -111.34 -111.50 -111.62 -111.78 -111.94 -112.09 -112.22 -112.34 -112.44 -112.53 -112.56 -112.56 -112.53 -112.44 -112.31 -112.19 -112.09 -111.97 -111.91 -111.84 -111.81 -111.78 -111.75 -111.69 -111.62 -111.53 -111.47 -111.38 -111.28 -111.19 -111.09 -111.03
-100.31 -100.53 -100.62 -100.62 -100.47 -100.50 -101.09 -101.88 -102.44 -102.91 -103.41 -103.91 -104.41 -104.84 -105.25 -105.66 -106.06 -106.47 -106.91 -107.34 -107.72 -108.12 -108.47 -108.81 -109.12 -109.44 -109.69 -109.94 -110.16 -110.34 -110.53 -110.69 -110.81 -110.97 -111.09 -111.25 -111.41 -111.56 -111.75 -111.91 -112.03 -112.16 -112.28 -112.38 -112.44 -112.47 -112.47 -112.41 -112.31 -112.19 -112.06 -111.94 -111.88 -111.84 -111.81 -111.81 -111.78 -111.75 -111.72 -111.66 -111.59 -111.53 -111.47 -111.38 -111.31 -111.22 -111.16
-99.97 -100.16 -100.28 -100.31 -100.22 -100.44 -101.06 -101.75 -102.28 -102.78 -103.25 -103.75 -104.22 -104.66 -105.09 -105.53 -105.97 -106.41 -106.84 -107.25 -107.62 -108.00 -108.34 -108.69 -109.00 -109.31 -109.56 -109.84 -110.06 -110.25 -110.41 -110.56 -110.69 -110.84 -111.00 -111.16 -111.34 -111.53 -111.69 -111.84 -111.97 -112.09 -112.22 -112.28 -112.34 -112.38 -112.34 -112.28 -112.16 -112.03 -111.91 -111.81 -111.78 -111.75 -111.75 -111.78 -111.78 -111.75 -111.72 -111.69 -111.62 -111.59 -111.53 -111.47 -111.41 -111.34 -111.31
-99.62 -99.84 -100.00 -100.06 -100.12 -100.44 -100.97 -101.56 -102.09 -102.59 -103.09 -103.59 -104.06 -104.50 -104.94 -105.38 -105.81 -106.25 -106.69 -107.09 -107.47 -107.84 -108.22 -108.56 -108.91 -109.19 -109.47 -109.72 -109.94 -110.12 -110.28 -110.44 -110.59 -110.75 -110.91 -111.09 -111.28 -111.47 -111.62 -111.78 -111.91 -112.03 -112.12 -112.19 -112.25 -112.25 -112.22 -112.12 -112.03 -111.91 -111.78 -111.72 -111.69 -111.69 -111.72 -111.75 -111.75 -111.72 -111.72 -111.69 -111.66 -111.62 -111.59 -111.56 -111.53 -111.47 -111.44
-99.34 -99.59 -99.78 -99.97 -100.25 -100.59 -101.00 -101.47 -101.97 -102.47 -102.94 -103.41 -103.84 -104.28 -104.72 -105.16 -105.62 -106.06 -106.47 -106.91 -107.31 -107.72 -108.09 -108.44 -108.78 -109.09 -109.34 -109.59 -109.84 -110.03 -110.19 -110.34 -110.50 -110.66 -110.84 -111.03 -111.22 -111.38 -111.56 -111.69 -111.84 -111.94 -112.03 -112.09 -112.12 -112.12 -112.09 -112.00 -111.88 -111.75 -111.66 -111.62 -111.62 -111.66 -111.69 -111.72 -111.72 -111.72 -111.69 -111.69 -111.66 -111.66 -111.62 -111.62 -111.59 -111.56 -111.56
-99.09 -99.41 -99.69 -99.97 -100.31 -100.66 -101.06 -101.47 -101.91 -102.31 -102.75 -103.16 -103.59 -104.03 -104.47 -104.94 -105.41 -105.84 -106.31 -106.75 -107.16 -107.56 -107.97 -108.31 -108.66 -108.97 -109.25 -109.50 -109.72 -109.91 -110.09 -110.25 -110.44 -110.59 -110.78 -110.97 -111.16 -111.31 -111.47 -111.62 -111.75 -111.84 -111.94 -111.97 -112.00 -112.00 -111.97 -111.88 -111.75 -111.62 -111.56 -111.53 -111.56 -111.62 -111.66 -111.72 -111.72 -111.72 -111.72 -111.69 -111.69 -111.69 -111.66 -111.66 -111.66 -111.66 -111.62
-98.97 -99.31 -99.62 -99.97 -100.34 -100.69 -101.06 -101.44 -101.78 -102.16 -102.53 -102.91 -103.31 -103.78 -104.25 -104.72 -105.22 -105.69 -106.16 -106.62 -107.06 -107.47 -107.84 -108.22 -108.53 -108.84 -109.12 -109.38 -109.59 -109.81 -110.00 -110.19 -110.38 -110.56 -110.72 -110.91 -111.06 -111.22 -111.38 -111.53 -111.66 -111.75 -111.81 -111.88 -111.91 -111.88 -111.84 -111.75 -111.62 -111.50 -111.44 -111.47 -111.50 -111.59 -111.66 -111.69 -111.72 -111.72 -111.72 -111.72 -111.69 -111.69 -111.69 -111.69 -111.69 -111.69 -111.69
-98.84 -99.22 -99.59 -99.94 -100.31 -100.66 -101.00 -101.34 -101.66 -101.97 -102.31 -102.69 -103.09 -103.56 -104.09 -104.59 -105.09 -105.59 -106.06 -106.53 -106.97 -107.38 -107.75 -108.09 -108.44 -108.72 -109.00 -109.25 -109.50 -109.72 -109.94 -110.12 -110.31 -110.50 -110.66 -110.84 -111.00 -111.16 -111.28 -111.41 -111.53 -111.62 -111.69 -111.75 -111.78 -111.78 -111.72 -111.62 -111.50 -111.41 -111.34 -111.38 -111.47 -111.56 -111.62 -111.69 -111.72 -111.72 -111.72 -111.72 -111.72 -111.69 -111.69 -111.69 -111.69 -111.69 -111.72
-98.78 -99.16 -99.53 -99.88 -100.25 -100.59 -100.91 -101.22 -101.50 -101.81 -102.19 -102.59 -103.06 -103.53 -104.03 -104.53 -105.03 -105.53 -106.00 -106.47 -106.91 -107.28 -107.66 -108.00 -108.31 -108.62 -108.88 -109.16 -109.41 -109.66 -109.88 -110.06 -110.25 -110.44 -110.59 -110.75 -110.91 -111.06 -111.19 -111.31 -111.41 -111.50 -111.59 -111.66 -111.69 -111.66 -111.59 -111.50 -111.41 -111.31 -111.25 -111.31 -111.41 -111.50 -111.59 -111.66 -111.72 -111.72 -111.72 -111.72 -111.72 -111.72 -111.69 -111.69 -111.69 -111.69 -111.69
-98.78 -99.12 -99.47 -99.84 -100.16 -100.50 -100.81 -101.12 -101.44 -101.78 -102.16 -102.59 -103.03 -103.53 -104.00 -104.50 -105.00 -105.47 -105.94 -106.38 -106.81 -107.19 -107.56 -107.91 -108.22 -108.50 -108.78 -109.06 -109.34 -109.59 -109.81 -110.00 -110.19 -110.34 -110.53 -110.69 -110.81 -110.97 -111.09 -111.19 -111.28 -111.38 -111.47 -111.53 -111.56 -111.56 -111.50 -111.41 -111.31 -111.22 -111.19 -111.28 -111.38 -111.47 -111.59 -111.66 -111.72 -111.75 -111.75 -111.75 -111.72 -111.72 -111.69 -111.69 -111.69 -111.66 -111.66
-98.84 -99.16 -99.47 -99.81 -100.12 -100.44 -100.75 -101.06 -101.38 -101.72 -102.12 -102.53 -103.00 -103.50 -103.97 -104.47 -104.94 -105.41 -105.84 -106.28 -106.72 -107.09 -107.47 -107.81 -108.12 -108.41 -108.72 -109.00 -109.25 -109.50 -109.72 -109.94 -110.12 -110.28 -110.44 -110.59 -110.75 -110.88 -111.00 -111.09 -111.19 -111.28 -111.34 -111.41 -111.44 -111.44 -111.38 -111.31 -111.22 -111.12 -111.16 -111.25 -111.34 -111.47 -111.56 -111.66 -111.72 -111.75 -111.75 -111.75 -111.75 -111.72 -111.69 -111.66 -111.66 -111.66 -111.62
-98.94 -99.22 -99.53 -99.84 -100.12 -100.44 -100.72 -101.03 -101.34 -101.69 -102.06 -102.47 -102.91 -103.41 -103.88 -104.38 -104.88 -105.34 -105.78 -106.22 -106.62 -107.03 -107.38 -107.72 -108.03 -108.34 -108.62 -108.91 -109.19 -109.44 -109.66 -109.84 -110.03 -110.19 -110.34 -110.50 -110.66 -110.78 -110.91 -111.00 -111.09 -111.16 -111.25 -111.28 -111.31 -111.31 -111.25 -111.19 -111.09 -111.06 -111.12 -111.22 -111.34 -111.47 -111.59 -111.66 -111.72 -111.75 -111.75 -111.75 -111.75 -111.72 -111.69 -111.66 -111.62 -111.59 -111.59
-99.03 -99.31 -99.59 -99.88 -100.16 -100.44 -100.75 -101.03 -101.34 -101.66 -102.00 -102.41 -102.84 -103.31 -103.81 -104.31 -104.81 -105.28 -105.75 -106.19 -106.59 -106.97 -107.31 -107.62 -107.97 -108.28 -108.56 -108.84 -109.09 -109.31 -109.53 -109.75 -109.94 -110.09 -110.28 -110.44 -110.56 -110.72 -110.81 -110.91 -111.00 -111.06 -111.12 -111.16 -111.19 -111.16 -111.12 -111.06 -111.00 -111.03 -111.12 -111.25 -111.38 -111.50 -111.59 -111.69 -111.75 -111.78 -111.78 -111.75 -111.75 -111.72 -111.69 -111.62 -111.59 -111.56 -111.56
-99.12 -99.41 -99.66 -99.91 -100.19 -100.47 -100.75 -101.03 -101.31 -101.66 -102.00 -102.41 -102.84 -103.34 -103.81 -104.34 -104.84 -105.31 -105.78 -106.19 -106.59 -106.94 -107.28 -107.59 -107.91 -108.22 -108.50 -108.75 -109.00 -109.22 -109.44 -109.66 -109.84 -110.03 -110.22 -110.38 -110.50 -110.62 -110.75 -110.84 -110.91 -110.97 -111.00 -111.03 -111.03 -111.00 -110.97 -110.91 -110.91 -111.03 -111.16 -111.28 -111.44 -111.53 -111.66 -111.72 -111.75 -111.78 -111.75 -111.75 -111.75 -111.72 -111.66 -111.62 -111.56 -111.53 -111.50
-99.12 -99.38 -99.66 -99.91 -100.16 -100.44 -100.69 -101.00 -101.28 -101.62 -102.00 -102.44 -102.91 -103.41 -103.91 -104.41 -104.91 -105.38 -105.81 -106.25 -106.62 -106.97 -107.28 -107.59 -107.88 -108.16 -108.44 -108.69 -108.91 -109.12 -109.34 -109.56 -109.78 -109.97 -110.16 -110.31 -110.44 -110.56 -110.69 -110.75 -110.81 -110.84 -110.88 -110.88 -110.88 -110.84 -110.84 -110.81 -110.88 -111.03 -111.19 -111.34 -111.47 -111.59 -111.69 -111.75 -111.75 -111.78 -111.75 -111.75 -111.72 -111.69 -111.66 -111.59 -111.56 -111.50 -111.44
-99.03 -99.28 -99.56 -99.81 -100.09 -100.34 -100.62 -100.91 -101.22 -101.56 -101.97 -102.41 -102.91 -103.44 -103.94 -104.47 -104.94 -105.44 -105.88 -106.25 -106.62 -106.97 -107.28 -107.59 -107.84 -108.12 -108.38 -108.59 -108.81 -109.06 -109.28 -109.50 -109.69 -109.88 -110.06 -110.22 -110.38 -110.50 -110.59 -110.66 -110.69 -110.72 -110.72 -110.72 -110.72 -110.72 -110.69 -110.78 -110.91 -111.06 -111.22 -111.38 -111.53 -111.62 -111.72 -111.75 -111.78 -111.78 -111.75 -111.75 -111.72 -111.69 -111.66 -111.59 -111.53 -111.47 -111.41
-98.88 -99.12 -99.41 -99.69 -99.97 -100.25 -100.53 -100.84 -101.16 -101.50 -101.91 -102.38 -102.88 -103.44 -103.94 -104.47 -104.97 -105.41 -105.84 -106.25 -106.59 -106.94 -107.25 -107.53 -107.81 -108.06 -108.31 -108.53 -108.75 -109.00 -109.19 -109.41 -109.62 -109.81 -109.97 -110.16 -110.28 -110.41 -110.47 -110.53 -110.56 -110.56 -110.56 -110.56 -110.56 -110.59 -110.69 -110.81 -110.97 -111.09 -111.28 -111.44 -111.56 -111.66 -111.75 -111.78 -111.78 -111.78 -111.75 -111.75 -111.72 -111.69 -111.62 -111.56 -111.50 -111.41 -111.34
-98.66 -98.94 -99.22 -99.53 -99.81 -100.12 -100.44 -100.78 -101.16 -101.53 -101.94 -102.41 -102.91 -103.44 -103.94 -104.44 -104.91 -105.38 -105.78 -106.19 -106.53 -106.88 -107.19 -107.50 -107.75 -108.00 -108.25 -108.47 -108.69 -108.91 -109.12 -109.31 -109.53 -109.72 -109.91 -110.06 -110.19 -110.28 -110.34 -110.38 -110.38 -110.38 -110.41 -110.41 -110.47 -110.59 -110.72 -110.88 -111.03 -111.19 -111.31 -111.47 -111.59 -111.69 -111.75 -111.78 -111.78 -111.78 -111.75 -111.75 -111.72 -111.69 -111.62 -111.56 -111.47 -111.38 -111.28
-98.44 -98.72 -99.03 -99.34 -99.66 -100.00 -100.38 -100.78 -101.22 -101.62 -102.06 -102.50 -102.97 -103.47 -103.94 -104.41 -104.88 -105.31 -105.72 -106.09 -106.47 -106.81 -107.12 -107.44 -107.69 -107.94 -108.16 -108.38 -108.59 -108.81 -109.03 -109.22 -109.44 -109.62 -109.78 -109.94 -110.06 -110.12 -110.19 -110.19 -110.19 -110.22 -110.25 -110.34 -110.50 -110.66 -110.81 -110.94 -111.09 -111.25 -111.38 -111.50 -111.62 -111.69 -111.75 -111.75 -111.75 -111.75 -111.75 -111.72 -111.72 -111.69 -111.62 -111.53 -111.44 -111.34 -111.25
-98.19 -98.50 -98.78 -99.12 -99.47 -99.88 -100.34 -100.78 -101.25 -101.72 -102.16 -102.59 -103.06 -103.50 -103.97 -104.44 -104.88 -105.28 -105.66 -106.03 -106.41 -106.75 -107.06 -107.34 -107.59 -107.84 -108.06 -108.28 -108.47 -108.69 -108.88 -109.09 -109.31 -109.50 -109.66 -109.78 -109.88 -109.94 -109.97 -110.00 -110.00 -110.06 -110.19 -110.38 -110.53 -110.72 -110.88 -111.03 -111.19 -111.31 -111.44 -111.53 -111.62 -111.69 -111.72 -111.72 -111.72 -111.69 -111.69 -111.69 -111.69 -111.66 -111.59 -111.53 -111.44 -111.34 -111.22
-97.97 -98.25 -98.56 -98.88 -99.25 -99.75 -100.28 -100.78 -101.25 -101.75 -102.22 -102.69 -103.12 -103.56 -103.97 -104.41 -104.81 -105.22 -105.59 -105.97 -106.31 -106.62 -106.94 -107.22 -107.47 -107.69 -107.91 -108.12 -108.31 -108.50 -108.72 -108.94 -109.12 -109.31 -109.47 -109.59 -109.69 -109.72 -109.78 -109.78 -109.84 -109.97 -110.19 -110.38 -110.59 -110.78 -110.94 -111.09 -111.22 -111.34 -111.44 -111.53 -111.59 -111.62 -111.66 -111.66 -111.66 -111.62 -111.62 -111.62 -111.59 -111.59 -111.56 -111.50 -111.41 -111.31 -111.22
-97.53 -97.84 -98.16 -98.50 -98.97 -99.62 -100.25 -100.78 -101.28 -101.75 -102.22 -102.69 -103.12 -103.53 -103.94 -104.31 -104.72 -105.09 -105.47 -105.81 -106.16 -106.47 -106.78 -107.06 -107.31 -107.53 -107.72 -107.94 -108.12 -108.31 -108.53 -108.72 -108.91 -109.09 -109.22 -109.34 -109.44 -109.50 -109.56 -109.59 -109.72 -109.94 -110.19 -110.41 -110.62 -110.81 -110.97 -111.12 -111.25 -111.34 -111.44 -111.50 -111.53 -111.56 -111.59 -111.59 -111.56 -111.56 -111.53 -111.53 -111.53 -111.53 -111.50 -111.47 -111.38 -111.31 -111.22
-96.97 -97.31 -97.72 -98.25 -98.91 -99.62 -100.31 -100.81 -101.28 -101.75 -102.22 -102.66 -103.06 -103.44 -103.81 -104.19 -104.56 -104.94 -105.31 -105.69 -106.00 -106.31 -106.62 -106.88 -107.12 -107.34 -107.53 -107.72 -107.91 -108.09 -108.28 -108.50 -108.66 -108.81 -108.97 -109.06 -109.19 -109.25 -109.31 -109.44 -109.69 -109.97 -110.19 -110.44 -110.66 -110.84 -111.00 -111.12 -111.25 -111.31 -111.38 -111.44 -111.47 -111.50 -111.53 -111.53 -111.50 -111.47 -111.44 -111.44 -111.44 -111.44 -111.44 -111.41 -111.34 -111.28 -111.19
-96.72 -97.09 -97.66 -98.38 -99.12 -99.88 -100.44 -100.91 -101.34 -101.75 -102.19 -102.56 -102.94 -103.28 -103.62 -104.00 -104.41 -104.81 -105.19 -105.53 -105.88 -106.19 -106.47 -106.72 -106.97 -107.16 -107.34 -107.53 -107.69 -107.88 -108.06 -108.25 -108.41 -108.56 -108.69 -108.81 -108.91 -109.00 -109.12 -109.41 -109.72 -109.97 -110.25 -110.47 -110.69 -110.84 -111.00 -111.12 -111.22 -111.28 -111.31 -111.34 -111.41 -111.44 -111.47 -111.47 -111.44 -111.41 -111.38 -111.34 -111.34 -111.34 -111.38 -111.38 -111.31 -111.25 -111.16
