everonasctiles/Tile47,4.asc
ncols 128
nrows 128
xllcorner 0
yllcorner 0
cellsize 2.0
NODATA_value  -9999
[rows 0 to 31 of 128, columns 0 to 70 of 128]
-11.25 -11.41 -11.62 -11.78 -11.94 -12.47 -12.56 -12.78 -13.19 -13.44 -13.47 -13.97 -14.19 -14.50 -14.84 -15.19 -15.59 -15.97 -16.53 -17.06 -17.44 -17.72 -18.28 -18.50 -18.91 -19.28 -19.50 -19.62 -19.44 -20.00 -20.31 -21.28 -22.12 -22.59 -23.12 -23.59 -24.22 -24.75 -25.22 -25.53 -25.75 -26.06 -26.22 -26.53 -26.78 -27.00 -27.12 -27.34 -27.50 -27.59 -27.69 -27.94 -28.06 -28.19 -28.38 -28.62 -28.81 -28.88 -28.84 -29.25 -29.53 -29.72 -29.84 -30.09 -30.28 -30.56 -30.84 -31.09 -31.38 -31.66 -31.91
-10.97 -11.12 -11.38 -11.53 -11.88 -12.03 -12.38 -12.91 -12.94 -13.00 -13.41 -13.50 -13.84 -14.19 -14.59 -15.00 -15.31 -15.81 -16.28 -16.72 -17.22 -17.47 -17.88 -18.25 -18.66 -18.78 -19.22 -19.50 -19.56 -20.28 -20.75 -21.31 -22.03 -22.59 -23.22 -23.53 -24.09 -24.59 -25.16 -25.62 -26.00 -26.12 -26.38 -26.66 -26.72 -26.88 -27.09 -27.31 -27.56 -27.66 -27.75 -27.88 -28.06 -28.22 -28.44 -28.66 -28.81 -28.84 -28.91 -29.06 -29.38 -29.66 -29.84 -30.06 -30.25 -30.50 -30.75 -31.06 -31.34 -31.62 -31.88
-10.97 -11.03 -11.22 -11.50 -11.69 -12.25 -12.34 -12.56 -12.94 -13.22 -13.38 -13.72 -13.97 -14.44 -14.62 -14.97 -15.38 -15.91 -16.28 -16.72 -17.25 -17.56 -18.25 -18.34 -18.75 -19.03 -19.25 -19.62 -19.91 -20.38 -20.84 -21.19 -21.81 -22.59 -23.22 -23.59 -23.97 -24.56 -25.06 -25.66 -25.97 -26.19 -26.38 -26.53 -26.66 -26.94 -27.12 -27.38 -27.53 -27.69 -27.75 -27.88 -28.06 -28.25 -28.41 -28.53 -28.69 -28.84 -28.94 -29.09 -29.34 -29.56 -29.78 -29.97 -30.12 -30.38 -30.62 -30.97 -31.25 -31.53 -31.81
-10.81 -11.12 -11.25 -11.41 -11.56 -12.00 -12.12 -12.53 -12.84 -13.22 -13.47 -13.66 -13.97 -14.19 -14.62 -15.03 -15.34 -15.59 -16.28 -16.50 -17.03 -17.31 -17.84 -18.25 -18.50 -18.91 -19.31 -19.66 -19.97 -20.44 -20.81 -21.06 -21.75 -22.44 -23.09 -23.56 -23.91 -24.47 -24.91 -25.56 -26.00 -26.22 -26.44 -26.62 -26.75 -27.03 -27.19 -27.38 -27.53 -27.59 -27.69 -27.91 -28.09 -28.28 -28.44 -28.59 -28.69 -28.78 -28.97 -29.16 -29.25 -29.44 -29.69 -29.84 -30.09 -30.28 -30.47 -30.84 -31.16 -31.44 -31.72
-10.81 -10.84 -11.06 -11.31 -11.59 -11.91 -12.06 -12.62 -12.72 -12.94 -13.34 -13.62 -13.91 -14.28 -14.47 -14.84 -15.16 -15.44 -15.91 -16.28 -16.62 -17.03 -17.44 -17.88 -18.22 -18.50 -19.00 -19.22 -19.81 -20.25 -20.72 -21.06 -21.47 -22.22 -22.81 -23.44 -23.97 -24.44 -24.88 -25.41 -25.84 -26.19 -26.50 -26.62 -26.78 -27.03 -27.28 -27.34 -27.50 -27.53 -27.72 -27.91 -28.03 -28.25 -28.41 -28.56 -28.69 -28.75 -28.88 -29.03 -29.16 -29.34 -29.50 -29.75 -30.00 -30.19 -30.31 -30.75 -31.03 -31.31 -31.56
-10.78 -10.94 -11.34 -11.44 -11.56 -12.03 -12.12 -12.44 -12.62 -13.06 -13.25 -13.62 -13.78 -14.03 -14.38 -14.66 -15.00 -15.41 -15.69 -16.12 -16.41 -16.78 -17.06 -17.34 -17.72 -18.19 -18.59 -19.16 -19.59 -19.97 -20.59 -20.97 -21.59 -22.22 -22.88 -23.53 -24.09 -24.59 -24.81 -25.16 -25.59 -26.03 -26.38 -26.66 -26.88 -27.12 -27.31 -27.34 -27.44 -27.50 -27.62 -27.88 -28.03 -28.19 -28.28 -28.47 -28.66 -28.75 -28.69 -28.88 -29.12 -29.19 -29.38 -29.59 -29.81 -30.03 -30.19 -30.59 -30.88 -31.16 -31.41
-11.03 -11.19 -11.16 -11.56 -11.69 -12.00 -12.16 -12.62 -12.69 -13.09 -13.25 -13.53 -13.78 -13.97 -14.31 -14.50 -14.94 -15.19 -15.66 -15.81 -16.22 -16.59 -16.62 -17.09 -17.50 -17.97 -18.38 -18.91 -19.34 -19.81 -20.34 -20.97 -21.50 -22.06 -22.75 -23.47 -24.12 -24.53 -24.91 -25.19 -25.44 -25.94 -26.28 -26.72 -26.81 -27.09 -27.28 -27.44 -27.50 -27.59 -27.72 -27.88 -28.06 -28.16 -28.28 -28.41 -28.56 -28.69 -28.81 -28.81 -28.94 -29.16 -29.22 -29.44 -29.66 -29.97 -30.00 -30.28 -30.66 -30.94 -31.19
-11.06 -11.12 -11.25 -11.53 -11.78 -12.09 -12.28 -12.50 -12.81 -13.03 -13.25 -13.53 -13.66 -14.06 -14.25 -14.62 -14.88 -15.16 -15.47 -15.66 -16.00 -16.28 -16.50 -16.91 -17.50 -17.97 -18.38 -18.84 -19.22 -19.56 -20.34 -20.84 -21.41 -22.12 -22.72 -23.25 -23.88 -24.53 -25.03 -25.16 -25.31 -25.72 -26.28 -26.59 -26.81 -27.12 -27.28 -27.44 -27.59 -27.66 -27.72 -27.94 -28.12 -28.22 -28.34 -28.38 -28.53 -28.72 -28.84 -28.91 -28.91 -29.19 -29.28 -29.38 -29.53 -29.75 -29.91 -30.06 -30.44 -30.72 -30.97
-11.09 -11.34 -11.44 -11.66 -11.78 -12.16 -12.31 -12.50 -12.81 -13.00 -13.28 -13.50 -13.78 -14.06 -14.31 -14.59 -14.81 -15.03 -15.22 -15.41 -15.69 -15.84 -16.25 -16.81 -17.19 -17.69 -18.09 -18.62 -18.94 -19.34 -19.91 -20.53 -21.22 -22.12 -22.78 -23.19 -23.69 -24.44 -24.88 -25.19 -25.34 -25.56 -26.19 -26.50 -26.81 -27.03 -27.25 -27.38 -27.59 -27.72 -27.81 -28.00 -28.09 -28.22 -28.38 -28.50 -28.53 -28.66 -28.91 -29.00 -29.09 -29.09 -29.31 -29.31 -29.44 -29.59 -29.81 -30.00 -30.25 -30.47 -30.69
-11.28 -11.38 -11.53 -11.75 -11.94 -12.16 -12.38 -12.62 -12.84 -13.03 -13.38 -13.47 -13.75 -13.97 -14.22 -14.44 -14.59 -14.78 -15.00 -15.03 -15.28 -15.59 -15.88 -16.56 -16.91 -17.38 -17.81 -18.28 -18.75 -19.22 -19.94 -20.25 -21.06 -21.94 -22.66 -23.19 -23.62 -24.16 -24.69 -25.22 -25.47 -25.53 -26.06 -26.38 -26.69 -27.00 -27.25 -27.31 -27.50 -27.78 -27.84 -28.03 -28.19 -28.25 -28.44 -28.59 -28.56 -28.72 -28.91 -29.09 -29.19 -29.25 -29.25 -29.41 -29.47 -29.47 -29.59 -29.94 -30.16 -30.28 -30.47
-11.44 -11.56 -11.66 -11.81 -12.03 -12.22 -12.38 -12.66 -12.88 -12.97 -13.25 -13.47 -13.69 -13.91 -14.09 -14.22 -14.34 -14.41 -14.62 -14.84 -15.12 -15.38 -15.56 -16.19 -16.59 -17.06 -17.50 -18.00 -18.59 -19.12 -19.62 -19.66 -20.69 -21.78 -22.56 -23.12 -23.53 -24.09 -24.81 -25.12 -25.41 -25.53 -25.97 -26.28 -26.69 -27.00 -27.16 -27.22 -27.38 -27.69 -27.94 -28.06 -28.25 -28.25 -28.44 -28.59 -28.59 -28.72 -28.97 -29.19 -29.31 -29.38 -29.41 -29.44 -29.50 -29.47 -29.53 -29.81 -30.00 -30.22 -30.34
-11.66 -11.66 -11.78 -11.97 -12.19 -12.28 -12.50 -12.66 -12.78 -13.03 -13.19 -13.38 -13.62 -13.75 -13.91 -14.06 -14.25 -14.34 -14.47 -14.84 -15.06 -15.31 -15.38 -15.84 -16.38 -16.81 -17.25 -17.75 -18.41 -19.06 -19.44 -19.50 -20.56 -21.56 -22.41 -23.12 -23.69 -24.19 -24.72 -25.06 -25.44 -25.44 -25.81 -26.19 -26.59 -26.88 -27.03 -27.28 -27.41 -27.72 -27.91 -28.06 -28.22 -28.28 -28.47 -28.59 -28.62 -28.78 -29.09 -29.25 -29.41 -29.47 -29.50 -29.53 -29.53 -29.53 -29.53 -29.72 -29.97 -30.19 -30.41
-11.72 -11.62 -12.03 -12.31 -12.34 -12.53 -12.59 -12.69 -12.88 -13.00 -13.16 -13.34 -13.50 -13.62 -13.78 -13.88 -14.06 -14.25 -14.47 -14.66 -14.88 -15.12 -15.25 -15.53 -16.03 -16.53 -17.00 -17.53 -18.09 -18.75 -19.31 -19.72 -20.41 -21.38 -22.34 -23.16 -23.75 -24.31 -24.56 -24.88 -25.25 -25.44 -25.62 -26.16 -26.47 -26.84 -27.09 -27.31 -27.53 -27.66 -27.84 -28.03 -28.19 -28.31 -28.41 -28.47 -28.75 -28.94 -29.16 -29.31 -29.47 -29.59 -29.62 -29.69 -29.72 -29.69 -29.72 -29.84 -29.97 -30.22 -30.44
-11.66 -11.78 -12.03 -12.12 -12.41 -12.75 -12.81 -12.84 -12.97 -12.97 -13.06 -13.16 -13.31 -13.44 -13.56 -13.75 -13.97 -14.16 -14.28 -14.50 -14.69 -15.00 -15.25 -15.38 -15.69 -16.25 -16.81 -17.38 -17.91 -18.72 -19.41 -19.75 -20.56 -21.41 -22.28 -22.94 -23.53 -24.28 -24.41 -24.62 -25.06 -25.44 -25.56 -26.03 -26.41 -26.69 -27.03 -27.16 -27.53 -27.66 -27.84 -28.03 -28.19 -28.28 -28.34 -28.59 -28.78 -29.00 -29.16 -29.41 -29.50 -29.66 -29.81 -29.88 -29.91 -29.94 -29.91 -29.94 -30.06 -30.22 -30.41
-11.97 -11.88 -11.91 -11.81 -12.22 -12.50 -12.69 -12.72 -12.88 -12.97 -12.97 -12.97 -13.22 -13.34 -13.44 -13.59 -13.78 -13.97 -14.16 -14.38 -14.66 -14.94 -15.16 -15.41 -15.56 -16.09 -16.75 -17.22 -17.91 -18.78 -19.28 -19.50 -20.47 -21.41 -22.09 -22.91 -23.53 -24.16 -24.50 -24.69 -25.06 -25.41 -25.56 -25.94 -26.22 -26.56 -26.88 -27.09 -27.38 -27.62 -27.81 -27.94 -28.12 -28.16 -28.44 -28.62 -28.88 -29.09 -29.22 -29.50 -29.66 -29.84 -29.97 -30.06 -30.12 -30.09 -30.06 -30.09 -30.22 -30.31 -30.44
-12.03 -11.97 -12.00 -11.81 -12.28 -12.69 -12.69 -12.84 -12.62 -12.72 -12.97 -12.91 -13.06 -13.34 -13.41 -13.56 -13.72 -13.91 -14.09 -14.38 -14.66 -14.94 -15.25 -15.59 -15.72 -16.06 -16.75 -17.06 -17.88 -18.59 -19.06 -19.25 -20.25 -21.25 -22.19 -22.84 -23.44 -23.81 -24.44 -24.78 -25.06 -25.34 -25.47 -25.81 -26.12 -26.31 -26.59 -26.78 -27.25 -27.47 -27.72 -27.91 -28.12 -28.12 -28.34 -28.62 -28.97 -29.19 -29.34 -29.56 -29.78 -29.97 -30.12 -30.19 -30.28 -30.31 -30.25 -30.28 -30.38 -30.47 -30.56
-12.16 -12.12 -12.09 -12.22 -12.34 -12.62 -12.69 -12.47 -12.56 -12.41 -12.81 -13.12 -13.09 -13.25 -13.41 -13.59 -13.72 -13.94 -14.16 -14.44 -14.75 -15.06 -15.38 -15.72 -15.97 -16.28 -16.94 -17.16 -17.75 -18.41 -18.62 -19.12 -20.09 -21.22 -21.97 -22.66 -23.16 -23.72 -24.28 -24.75 -25.00 -25.28 -25.41 -25.50 -25.78 -26.09 -26.41 -26.56 -27.03 -27.38 -27.66 -27.88 -27.91 -28.00 -28.47 -28.75 -29.09 -29.28 -29.44 -29.66 -29.91 -30.09 -30.25 -30.38 -30.41 -30.47 -30.47 -30.47 -30.53 -30.62 -30.72
-12.22 -12.19 -12.19 -12.22 -12.28 -12.38 -12.56 -12.81 -12.47 -12.88 -12.88 -13.00 -13.12 -13.25 -13.44 -13.59 -13.78 -14.00 -14.25 -14.53 -14.81 -15.16 -15.50 -15.84 -16.12 -16.22 -16.88 -17.19 -17.56 -17.84 -18.50 -18.84 -19.91 -20.94 -21.72 -22.44 -23.28 -23.59 -23.81 -24.53 -24.91 -25.12 -25.25 -25.28 -25.41 -25.62 -25.91 -26.16 -26.84 -27.31 -27.59 -27.84 -27.88 -28.12 -28.59 -28.91 -29.16 -29.44 -29.59 -29.72 -29.97 -30.19 -30.34 -30.47 -30.59 -30.69 -30.66 -30.69 -30.75 -30.78 -30.91
-12.28 -12.25 -12.22 -12.25 -12.34 -12.53 -12.69 -12.72 -12.72 -13.09 -13.16 -13.12 -13.19 -13.31 -13.44 -13.66 -13.88 -14.12 -14.38 -14.66 -14.91 -15.22 -15.59 -15.91 -16.16 -16.44 -16.59 -17.12 -17.41 -17.84 -18.66 -19.16 -20.47 -20.97 -21.50 -22.47 -22.91 -23.53 -23.88 -24.16 -24.69 -24.91 -24.91 -25.00 -24.84 -24.91 -25.56 -25.97 -26.66 -27.16 -27.53 -27.84 -28.00 -28.25 -28.69 -28.94 -29.25 -29.50 -29.62 -29.78 -29.97 -30.25 -30.41 -30.62 -30.78 -30.91 -30.88 -30.94 -30.97 -30.94 -31.12
-12.34 -12.31 -12.38 -12.47 -12.59 -12.84 -12.97 -13.31 -13.19 -13.28 -13.31 -13.28 -13.25 -13.31 -13.50 -13.72 -13.97 -14.22 -14.50 -14.75 -15.03 -15.31 -15.66 -15.88 -16.31 -16.56 -16.59 -16.91 -17.44 -18.22 -18.94 -19.50 -20.34 -20.97 -21.66 -22.41 -22.94 -23.53 -23.84 -24.06 -24.25 -24.53 -24.50 -24.66 -24.75 -25.12 -25.59 -25.72 -26.31 -26.97 -27.34 -27.62 -28.00 -28.16 -28.72 -28.97 -29.28 -29.53 -29.75 -29.88 -30.00 -30.31 -30.53 -30.78 -30.97 -31.09 -31.16 -31.16 -31.16 -31.19 -31.31
-12.41 -12.50 -12.62 -12.78 -12.94 -13.12 -13.22 -13.25 -13.31 -13.38 -13.41 -13.38 -13.31 -13.38 -13.56 -13.78 -14.03 -14.31 -14.59 -14.84 -15.12 -15.31 -15.62 -16.09 -16.47 -16.84 -16.97 -16.75 -17.69 -18.53 -18.97 -19.69 -20.38 -20.97 -21.69 -22.03 -22.69 -23.31 -23.69 -23.72 -23.88 -24.50 -24.72 -24.84 -25.12 -25.41 -25.53 -25.84 -26.34 -26.91 -27.31 -27.72 -28.16 -28.38 -28.88 -29.09 -29.31 -29.62 -29.84 -29.91 -30.12 -30.41 -30.66 -30.91 -31.12 -31.28 -31.38 -31.44 -31.47 -31.47 -31.53
-12.56 -12.72 -12.84 -12.97 -13.12 -13.22 -13.31 -13.34 -13.41 -13.41 -13.41 -13.34 -13.34 -13.44 -13.62 -13.84 -14.12 -14.41 -14.66 -14.91 -15.22 -15.41 -15.62 -16.09 -16.56 -16.97 -17.31 -17.00 -17.97 -18.66 -18.97 -19.72 -20.62 -21.09 -21.50 -22.22 -22.53 -23.06 -23.34 -23.88 -24.00 -24.44 -24.78 -25.19 -25.56 -25.69 -26.00 -25.97 -26.41 -26.88 -27.22 -27.81 -28.22 -28.56 -29.12 -29.38 -29.59 -29.78 -30.00 -30.19 -30.25 -30.50 -30.75 -31.03 -31.25 -31.44 -31.56 -31.66 -31.69 -31.72 -31.81
-12.72 -12.91 -13.00 -13.09 -13.16 -13.25 -13.31 -13.31 -13.38 -13.38 -13.31 -13.28 -13.31 -13.47 -13.66 -13.97 -14.25 -14.53 -14.75 -15.00 -15.28 -15.50 -15.59 -15.94 -16.59 -17.03 -17.34 -17.25 -17.81 -18.53 -18.91 -19.62 -20.47 -21.12 -21.47 -22.09 -22.66 -23.03 -23.31 -23.81 -24.22 -24.59 -24.91 -25.38 -25.69 -25.84 -26.09 -26.16 -26.56 -26.91 -27.50 -27.91 -28.19 -28.75 -29.25 -29.47 -29.75 -30.06 -30.25 -30.44 -30.47 -30.62 -30.84 -31.16 -31.38 -31.59 -31.75 -31.84 -31.94 -31.94 -32.06
-12.81 -12.97 -13.03 -13.09 -13.16 -13.16 -13.12 -13.09 -13.12 -13.12 -13.16 -13.19 -13.34 -13.56 -13.88 -14.22 -14.56 -14.84 -15.00 -15.16 -15.34 -15.66 -15.78 -16.06 -16.62 -17.06 -17.28 -17.25 -17.53 -18.41 -18.94 -19.91 -20.22 -21.03 -21.50 -22.16 -22.44 -22.84 -23.09 -23.75 -24.31 -24.72 -25.03 -25.47 -25.72 -25.88 -25.94 -26.38 -26.81 -27.03 -27.59 -28.09 -28.44 -28.72 -29.31 -29.62 -30.00 -30.22 -30.47 -30.62 -30.69 -30.88 -31.09 -31.25 -31.53 -31.72 -31.88 -32.03 -32.16 -32.22 -32.31
-12.84 -12.94 -13.00 -13.06 -13.06 -13.03 -12.84 -12.75 -12.78 -12.88 -13.03 -13.22 -13.47 -13.75 -14.19 -14.62 -14.88 -15.12 -15.25 -15.31 -15.47 -15.69 -15.81 -16.12 -16.72 -16.94 -17.31 -17.38 -17.56 -18.19 -19.09 -20.03 -20.69 -21.50 -21.53 -21.78 -22.50 -22.75 -23.28 -23.81 -24.31 -24.72 -25.19 -25.47 -25.81 -26.00 -26.06 -26.62 -26.69 -27.16 -27.69 -28.12 -28.50 -28.81 -29.41 -29.75 -30.06 -30.38 -30.62 -30.75 -30.94 -31.03 -31.19 -31.38 -31.66 -31.81 -32.00 -32.19 -32.28 -32.44 -32.53
-12.84 -12.91 -12.97 -12.97 -12.88 -12.72 -12.59 -12.62 -12.75 -12.91 -13.06 -13.28 -13.59 -14.00 -14.50 -14.88 -15.09 -15.34 -15.44 -15.50 -15.56 -15.75 -15.88 -16.12 -16.66 -16.97 -17.44 -17.78 -17.94 -18.50 -19.28 -19.78 -20.25 -20.88 -21.44 -22.00 -22.47 -22.81 -23.25 -23.81 -24.41 -24.81 -25.09 -25.41 -25.75 -25.94 -26.03 -26.50 -26.94 -27.25 -27.72 -28.09 -28.44 -28.81 -29.34 -29.75 -30.16 -30.47 -30.75 -30.97 -31.12 -31.25 -31.41 -31.62 -31.78 -31.97 -32.12 -32.31 -32.50 -32.62 -32.75
-13.09 -13.06 -13.00 -12.81 -12.59 -12.50 -12.50 -12.66 -12.78 -12.94 -13.16 -13.47 -13.81 -14.28 -14.72 -15.00 -15.16 -15.44 -15.53 -15.56 -15.59 -15.78 -15.94 -16.09 -16.53 -17.00 -17.59 -17.81 -18.16 -18.56 -19.16 -20.03 -20.06 -20.94 -21.53 -22.22 -22.47 -23.12 -23.41 -23.81 -24.25 -24.72 -24.84 -25.16 -25.62 -25.81 -26.06 -26.62 -27.00 -27.31 -27.72 -27.97 -28.41 -28.84 -29.34 -29.81 -30.19 -30.56 -30.84 -31.09 -31.22 -31.44 -31.62 -31.75 -31.91 -32.09 -32.28 -32.47 -32.62 -32.78 -32.94
-13.47 -13.31 -13.06 -12.81 -12.53 -12.41 -12.50 -12.66 -12.81 -13.09 -13.44 -13.78 -14.09 -14.41 -14.75 -15.03 -15.22 -15.47 -15.53 -15.53 -15.53 -15.66 -15.78 -16.03 -16.59 -17.06 -17.66 -17.84 -18.22 -18.66 -19.25 -19.91 -20.34 -20.66 -21.25 -21.94 -22.72 -22.94 -23.59 -23.75 -24.19 -24.66 -24.91 -25.12 -25.53 -25.94 -26.31 -26.66 -26.94 -27.16 -27.66 -28.09 -28.47 -28.91 -29.28 -29.84 -30.25 -30.59 -30.84 -31.06 -31.34 -31.59 -31.78 -31.94 -32.09 -32.22 -32.41 -32.59 -32.75 -32.94 -33.09
-13.62 -13.44 -13.19 -12.84 -12.53 -12.44 -12.50 -12.66 -12.97 -13.41 -13.78 -14.06 -14.28 -14.50 -14.72 -14.94 -15.09 -15.34 -15.38 -15.28 -15.38 -15.75 -16.00 -16.34 -16.84 -17.16 -17.72 -18.06 -18.22 -18.50 -19.12 -19.84 -20.31 -20.62 -21.34 -21.97 -22.78 -22.84 -23.38 -23.66 -24.31 -24.56 -25.03 -25.38 -25.78 -26.12 -26.41 -26.66 -26.72 -27.22 -27.53 -28.06 -28.41 -28.84 -29.31 -29.84 -30.28 -30.59 -30.94 -31.19 -31.50 -31.72 -31.94 -32.09 -32.22 -32.38 -32.53 -32.69 -32.88 -33.06 -33.22
-13.66 -13.53 -13.25 -12.91 -12.56 -12.47 -12.53 -12.78 -13.25 -13.75 -14.06 -14.25 -14.38 -14.50 -14.59 -14.66 -14.78 -15.03 -15.16 -15.41 -15.69 -16.12 -16.47 -16.62 -17.03 -17.28 -17.66 -18.09 -18.41 -18.41 -19.31 -19.91 -20.53 -20.84 -21.50 -21.97 -22.59 -22.88 -23.31 -23.88 -24.16 -24.62 -25.06 -25.50 -25.81 -26.00 -26.50 -26.78 -26.72 -27.06 -27.66 -28.03 -28.34 -28.91 -29.25 -29.81 -30.19 -30.66 -31.03 -31.34 -31.62 -31.88 -32.06 -32.25 -32.38 -32.50 -32.66 -32.81 -32.97 -33.16 -33.34
-13.69 -13.56 -13.25 -12.84 -12.56 -12.47 -12.66 -13.06 -13.59 -14.03 -14.25 -14.34 -14.41 -14.44 -14.38 -14.31 -14.47 -14.81 -15.16 -15.62 -16.06 -16.47 -16.78 -16.84 -16.91 -17.12 -17.53 -17.97 -18.41 -18.47 -19.09 -20.06 -20.41 -21.09 -21.38 -22.03 -22.22 -22.69 -23.31 -23.56 -24.12 -24.59 -25.19 -25.38 -25.69 -26.03 -26.56 -26.84 -26.88 -27.34 -27.62 -28.00 -28.38 -28.78 -29.19 -29.75 -30.22 -30.69 -31.09 -31.44 -31.72 -32.00 -32.19 -32.38 -32.53 -32.66 -32.78 -32.94 -33.09 -33.28 -33.47
-13.62 -13.47 -13.09 -12.69 -12.50 -12.53 -12.84 -13.34 -13.81 -14.09 -14.28 -14.38 -14.38 -14.25 -14.06 -14.06 -14.44 -14.84 -15.34 -15.84 -16.22 -16.53 -16.81 -17.03 -17.00 -17.03 -17.31 -17.72 -18.22 -18.53 -19.06 -19.66 -20.22 -21.12 -21.53 -21.75 -21.75 -22.38 -23.16 -23.31 -23.81 -24.59 -24.94 -25.53 -25.72 -26.09 -26.31 -26.78 -27.06 -27.31 -27.62 -28.12 -28.62 -28.81 -29.28 -29.91 -30.31 -30.78 -31.09 -31.44 -31.78 -32.09 -32.31 -32.50 -32.66 -32.81 -32.94 -33.06 -33.22 -33.38 -33.56
