everonasctiles/Tile45,4.asc
ncols 128
nrows 128
xllcorner 0
yllcorner 0
cellsize 2.0
NODATA_value  -9999
[rows 96 to 127 of 128, columns 0 to 70 of 128]
-27.94 -27.91 -27.88 -27.91 -27.91 -27.88 -27.84 -27.88 -27.81 -27.88 -27.97 -28.03 -28.06 -28.22 -28.38 -28.47 -28.59 -28.75 -28.81 -28.91 -28.97 -29.00 -29.06 -29.06 -29.19 -29.25 -29.31 -29.38 -29.41 -29.44 -29.50 -29.50 -29.53 -29.66 -29.72 -29.84 -29.84 -29.88 -29.81 -29.81 -29.97 -30.03 -30.09 -30.19 -30.25 -30.28 -30.31 -30.31 -30.28 -30.28 -30.28 -30.31 -30.31 -30.28 -30.31 -30.34 -30.38 -30.41 -30.47 -30.50 -30.59 -30.69 -30.72 -30.78 -30.81 -30.81 -30.84 -30.88 -30.91 -30.94 -31.00
-28.06 -28.06 -28.06 -28.03 -28.03 -28.00 -27.97 -28.00 -27.97 -28.03 -28.03 -28.03 -28.16 -28.34 -28.47 -28.59 -28.69 -28.78 -28.88 -28.97 -29.03 -29.06 -29.12 -29.12 -29.22 -29.31 -29.38 -29.44 -29.50 -29.53 -29.59 -29.62 -29.72 -29.81 -29.91 -29.97 -29.97 -29.97 -29.97 -29.94 -30.06 -30.16 -30.22 -30.28 -30.34 -30.41 -30.44 -30.44 -30.44 -30.41 -30.38 -30.34 -30.38 -30.38 -30.38 -30.44 -30.47 -30.53 -30.59 -30.62 -30.69 -30.75 -30.81 -30.84 -30.88 -30.91 -30.94 -30.94 -30.97 -31.00 -31.06
-28.19 -28.19 -28.16 -28.16 -28.09 -28.09 -28.09 -28.09 -28.06 -28.09 -28.16 -28.12 -28.25 -28.44 -28.53 -28.66 -28.75 -28.84 -28.94 -29.00 -29.09 -29.16 -29.19 -29.25 -29.28 -29.38 -29.44 -29.50 -29.56 -29.59 -29.66 -29.72 -29.88 -30.00 -30.06 -30.09 -30.12 -30.12 -30.06 -30.09 -30.19 -30.25 -30.31 -30.41 -30.44 -30.50 -30.53 -30.53 -30.53 -30.53 -30.50 -30.50 -30.53 -30.53 -30.50 -30.53 -30.56 -30.62 -30.69 -30.72 -30.75 -30.81 -30.88 -30.91 -30.94 -30.97 -31.00 -31.00 -31.03 -31.06 -31.12
-28.31 -28.28 -28.25 -28.22 -28.19 -28.19 -28.22 -28.16 -28.16 -28.16 -28.19 -28.19 -28.28 -28.47 -28.56 -28.72 -28.81 -28.88 -28.97 -29.06 -29.12 -29.19 -29.25 -29.31 -29.38 -29.44 -29.50 -29.59 -29.66 -29.69 -29.75 -29.84 -30.00 -30.09 -30.16 -30.22 -30.25 -30.25 -30.22 -30.28 -30.31 -30.38 -30.41 -30.47 -30.53 -30.59 -30.62 -30.62 -30.62 -30.62 -30.62 -30.62 -30.62 -30.66 -30.66 -30.66 -30.69 -30.69 -30.72 -30.75 -30.81 -30.91 -30.94 -31.00 -31.03 -31.03 -31.06 -31.06 -31.09 -31.12 -31.16
-28.44 -28.38 -28.31 -28.28 -28.25 -28.28 -28.25 -28.25 -28.22 -28.28 -28.28 -28.25 -28.31 -28.41 -28.56 -28.72 -28.84 -28.94 -29.00 -29.06 -29.16 -29.25 -29.31 -29.41 -29.47 -29.50 -29.59 -29.69 -29.75 -29.78 -29.81 -29.94 -30.12 -30.19 -30.28 -30.34 -30.38 -30.38 -30.41 -30.41 -30.44 -30.47 -30.53 -30.56 -30.62 -30.66 -30.69 -30.69 -30.69 -30.72 -30.72 -30.75 -30.75 -30.78 -30.78 -30.78 -30.78 -30.78 -30.78 -30.84 -30.94 -30.97 -31.00 -31.06 -31.09 -31.09 -31.12 -31.12 -31.16 -31.19 -31.22
-28.53 -28.44 -28.38 -28.34 -28.38 -28.34 -28.34 -28.31 -28.28 -28.34 -28.31 -28.38 -28.44 -28.44 -28.59 -28.75 -28.84 -28.94 -29.03 -29.12 -29.19 -29.25 -29.34 -29.47 -29.53 -29.59 -29.66 -29.75 -29.81 -29.84 -29.94 -30.09 -30.22 -30.31 -30.41 -30.47 -30.50 -30.50 -30.50 -30.50 -30.50 -30.56 -30.62 -30.66 -30.72 -30.75 -30.78 -30.78 -30.78 -30.81 -30.84 -30.88 -30.88 -30.88 -30.88 -30.88 -30.88 -30.91 -30.94 -30.97 -31.00 -31.03 -31.06 -31.09 -31.12 -31.16 -31.16 -31.19 -31.19 -31.22 -31.28
-28.62 -28.53 -28.47 -28.47 -28.47 -28.44 -28.44 -28.44 -28.41 -28.44 -28.44 -28.47 -28.53 -28.56 -28.66 -28.84 -28.91 -28.97 -29.09 -29.16 -29.22 -29.31 -29.41 -29.50 -29.59 -29.66 -29.69 -29.72 -29.81 -29.94 -30.06 -30.22 -30.31 -30.41 -30.50 -30.56 -30.59 -30.59 -30.59 -30.59 -30.59 -30.62 -30.66 -30.75 -30.78 -30.81 -30.84 -30.88 -30.88 -30.91 -30.94 -30.97 -30.97 -30.97 -30.97 -31.00 -31.03 -31.03 -31.06 -31.06 -31.09 -31.12 -31.16 -31.16 -31.19 -31.22 -31.22 -31.22 -31.25 -31.28 -31.34
-28.75 -28.62 -28.59 -28.62 -28.59 -28.59 -28.56 -28.53 -28.50 -28.50 -28.53 -28.56 -28.66 -28.69 -28.75 -28.91 -29.00 -29.06 -29.16 -29.22 -29.31 -29.41 -29.50 -29.59 -29.69 -29.75 -29.75 -29.78 -29.91 -30.00 -30.19 -30.28 -30.41 -30.50 -30.56 -30.62 -30.66 -30.69 -30.69 -30.69 -30.69 -30.72 -30.75 -30.81 -30.84 -30.91 -30.91 -30.94 -30.94 -31.00 -31.03 -31.03 -31.06 -31.06 -31.09 -31.09 -31.12 -31.16 -31.16 -31.16 -31.19 -31.19 -31.22 -31.22 -31.25 -31.25 -31.28 -31.28 -31.31 -31.34 -31.41
-28.88 -28.78 -28.78 -28.75 -28.72 -28.72 -28.69 -28.66 -28.62 -28.59 -28.62 -28.69 -28.72 -28.75 -28.81 -28.94 -29.03 -29.09 -29.22 -29.31 -29.38 -29.47 -29.56 -29.66 -29.75 -29.81 -29.88 -29.94 -30.00 -30.12 -30.28 -30.38 -30.50 -30.59 -30.66 -30.69 -30.75 -30.78 -30.78 -30.78 -30.81 -30.81 -30.84 -30.88 -30.94 -30.97 -31.00 -31.00 -31.00 -31.06 -31.09 -31.12 -31.12 -31.16 -31.19 -31.19 -31.22 -31.22 -31.25 -31.25 -31.25 -31.25 -31.28 -31.28 -31.28 -31.31 -31.31 -31.34 -31.38 -31.44 -31.50
-28.94 -28.94 -28.91 -28.88 -28.84 -28.84 -28.78 -28.72 -28.69 -28.69 -28.72 -28.78 -28.78 -28.84 -28.91 -29.00 -29.09 -29.16 -29.28 -29.34 -29.44 -29.50 -29.59 -29.72 -29.81 -29.91 -29.97 -30.06 -30.12 -30.19 -30.34 -30.47 -30.59 -30.66 -30.72 -30.78 -30.81 -30.84 -30.84 -30.88 -30.88 -30.88 -30.91 -30.94 -31.00 -31.03 -31.06 -31.06 -31.09 -31.12 -31.16 -31.19 -31.22 -31.25 -31.25 -31.28 -31.31 -31.31 -31.31 -31.34 -31.34 -31.34 -31.34 -31.34 -31.34 -31.34 -31.38 -31.41 -31.44 -31.50 -31.56
-29.09 -29.06 -29.06 -29.03 -28.97 -28.91 -28.88 -28.81 -28.81 -28.84 -28.84 -28.84 -28.84 -28.88 -28.97 -29.06 -29.16 -29.19 -29.31 -29.41 -29.50 -29.56 -29.62 -29.75 -29.88 -29.94 -30.06 -30.16 -30.19 -30.31 -30.44 -30.56 -30.66 -30.72 -30.78 -30.84 -30.88 -30.91 -30.91 -30.94 -30.94 -30.97 -30.97 -31.00 -31.06 -31.09 -31.12 -31.16 -31.19 -31.22 -31.25 -31.28 -31.28 -31.31 -31.34 -31.34 -31.38 -31.38 -31.41 -31.41 -31.41 -31.41 -31.41 -31.41 -31.41 -31.41 -31.44 -31.47 -31.50 -31.56 -31.62
-29.28 -29.28 -29.22 -29.12 -29.06 -29.03 -28.97 -28.94 -28.97 -29.00 -29.00 -28.97 -28.91 -28.91 -29.00 -29.09 -29.22 -29.28 -29.38 -29.47 -29.56 -29.62 -29.69 -29.78 -29.91 -29.97 -30.09 -30.19 -30.25 -30.41 -30.53 -30.62 -30.72 -30.78 -30.84 -30.91 -30.94 -30.94 -30.97 -31.00 -31.00 -31.03 -31.03 -31.06 -31.12 -31.16 -31.19 -31.22 -31.25 -31.28 -31.31 -31.34 -31.38 -31.38 -31.41 -31.41 -31.44 -31.44 -31.44 -31.44 -31.47 -31.47 -31.47 -31.47 -31.47 -31.47 -31.50 -31.53 -31.56 -31.62 -31.69
-29.44 -29.47 -29.38 -29.31 -29.25 -29.19 -29.09 -29.09 -29.12 -29.12 -29.12 -29.09 -29.06 -29.03 -29.09 -29.19 -29.28 -29.34 -29.41 -29.50 -29.59 -29.66 -29.72 -29.78 -29.88 -29.97 -30.09 -30.19 -30.34 -30.47 -30.59 -30.69 -30.78 -30.84 -30.91 -30.94 -30.97 -31.00 -31.00 -31.03 -31.06 -31.06 -31.09 -31.12 -31.16 -31.22 -31.25 -31.28 -31.31 -31.34 -31.38 -31.41 -31.44 -31.44 -31.47 -31.47 -31.47 -31.50 -31.50 -31.50 -31.50 -31.50 -31.50 -31.50 -31.53 -31.53 -31.56 -31.59 -31.66 -31.72 -31.78
-29.75 -29.62 -29.56 -29.47 -29.41 -29.34 -29.25 -29.22 -29.25 -29.25 -29.25 -29.25 -29.22 -29.19 -29.22 -29.25 -29.34 -29.41 -29.47 -29.56 -29.66 -29.72 -29.78 -29.88 -29.94 -29.97 -30.12 -30.28 -30.41 -30.53 -30.62 -30.72 -30.81 -30.88 -30.94 -30.97 -31.00 -31.03 -31.06 -31.06 -31.09 -31.12 -31.16 -31.19 -31.22 -31.25 -31.28 -31.31 -31.38 -31.41 -31.44 -31.47 -31.50 -31.50 -31.50 -31.53 -31.53 -31.53 -31.53 -31.53 -31.53 -31.56 -31.56 -31.56 -31.56 -31.59 -31.62 -31.66 -31.72 -31.78 -31.84
-30.06 -29.88 -29.75 -29.69 -29.56 -29.47 -29.41 -29.41 -29.41 -29.38 -29.34 -29.38 -29.34 -29.31 -29.28 -29.31 -29.34 -29.44 -29.53 -29.59 -29.69 -29.78 -29.84 -29.94 -30.03 -30.09 -30.19 -30.31 -30.44 -30.56 -30.69 -30.75 -30.84 -30.91 -30.97 -31.00 -31.03 -31.06 -31.09 -31.12 -31.16 -31.19 -31.19 -31.22 -31.28 -31.31 -31.34 -31.38 -31.41 -31.47 -31.50 -31.53 -31.53 -31.56 -31.56 -31.56 -31.56 -31.56 -31.56 -31.56 -31.56 -31.59 -31.59 -31.62 -31.62 -31.66 -31.69 -31.75 -31.81 -31.88 -31.94
-30.34 -30.12 -29.91 -29.84 -29.75 -29.66 -29.62 -29.62 -29.59 -29.56 -29.53 -29.53 -29.50 -29.50 -29.47 -29.44 -29.44 -29.44 -29.56 -29.66 -29.75 -29.81 -29.91 -29.97 -30.00 -30.12 -30.28 -30.38 -30.50 -30.59 -30.69 -30.78 -30.88 -30.94 -30.97 -31.03 -31.06 -31.09 -31.12 -31.16 -31.19 -31.22 -31.25 -31.28 -31.31 -31.34 -31.38 -31.44 -31.47 -31.50 -31.53 -31.56 -31.59 -31.59 -31.59 -31.59 -31.59 -31.59 -31.59 -31.59 -31.59 -31.62 -31.62 -31.66 -31.69 -31.72 -31.75 -31.81 -31.91 -31.97 -32.03
-30.59 -30.38 -30.19 -30.03 -29.94 -29.91 -29.88 -29.84 -29.81 -29.75 -29.72 -29.72 -29.69 -29.66 -29.62 -29.53 -29.44 -29.47 -29.59 -29.72 -29.81 -29.88 -29.97 -30.03 -30.06 -30.19 -30.34 -30.44 -30.50 -30.62 -30.72 -30.81 -30.88 -30.94 -31.00 -31.06 -31.09 -31.12 -31.16 -31.19 -31.22 -31.25 -31.28 -31.31 -31.38 -31.41 -31.44 -31.47 -31.50 -31.53 -31.56 -31.59 -31.62 -31.62 -31.62 -31.62 -31.62 -31.62 -31.62 -31.62 -31.62 -31.66 -31.66 -31.69 -31.72 -31.75 -31.81 -31.91 -32.00 -32.06 -32.12
-30.81 -30.59 -30.44 -30.25 -30.12 -30.09 -30.06 -30.06 -30.00 -29.91 -29.88 -29.88 -29.84 -29.81 -29.75 -29.66 -29.50 -29.53 -29.66 -29.75 -29.88 -29.94 -30.00 -30.06 -30.06 -30.25 -30.41 -30.50 -30.56 -30.69 -30.78 -30.84 -30.91 -30.97 -31.03 -31.06 -31.12 -31.16 -31.19 -31.22 -31.28 -31.31 -31.34 -31.38 -31.41 -31.44 -31.47 -31.53 -31.56 -31.59 -31.59 -31.62 -31.66 -31.66 -31.66 -31.66 -31.69 -31.69 -31.69 -31.69 -31.69 -31.69 -31.69 -31.72 -31.78 -31.81 -31.88 -31.97 -32.06 -32.16 -32.25
-31.09 -30.84 -30.75 -30.53 -30.31 -30.25 -30.28 -30.22 -30.12 -30.09 -30.09 -30.06 -30.03 -29.97 -29.88 -29.78 -29.66 -29.59 -29.72 -29.81 -29.91 -29.97 -30.03 -30.06 -30.16 -30.28 -30.44 -30.53 -30.59 -30.72 -30.81 -30.88 -30.97 -31.00 -31.06 -31.09 -31.16 -31.19 -31.22 -31.28 -31.31 -31.34 -31.38 -31.44 -31.47 -31.50 -31.53 -31.56 -31.59 -31.62 -31.62 -31.66 -31.69 -31.69 -31.69 -31.72 -31.72 -31.72 -31.72 -31.72 -31.72 -31.72 -31.75 -31.78 -31.81 -31.88 -31.94 -32.03 -32.16 -32.25 -32.31
-31.44 -31.19 -31.06 -30.84 -30.53 -30.44 -30.50 -30.44 -30.34 -30.31 -30.28 -30.22 -30.19 -30.12 -30.03 -29.91 -29.75 -29.69 -29.81 -29.88 -29.94 -30.00 -30.03 -30.12 -30.22 -30.34 -30.47 -30.56 -30.62 -30.75 -30.84 -30.94 -31.00 -31.06 -31.09 -31.16 -31.19 -31.22 -31.28 -31.31 -31.34 -31.41 -31.44 -31.47 -31.53 -31.56 -31.59 -31.59 -31.62 -31.66 -31.66 -31.69 -31.72 -31.72 -31.72 -31.75 -31.75 -31.75 -31.78 -31.78 -31.78 -31.78 -31.81 -31.84 -31.88 -31.94 -32.00 -32.09 -32.22 -32.31 -32.41
-31.78 -31.62 -31.44 -31.25 -31.00 -30.88 -30.81 -30.72 -30.59 -30.56 -30.50 -30.41 -30.34 -30.25 -30.19 -30.06 -29.91 -29.81 -29.88 -29.94 -30.00 -30.06 -30.03 -30.12 -30.28 -30.41 -30.47 -30.59 -30.69 -30.81 -30.91 -30.97 -31.03 -31.09 -31.12 -31.19 -31.25 -31.28 -31.31 -31.38 -31.41 -31.44 -31.50 -31.53 -31.56 -31.59 -31.62 -31.66 -31.66 -31.69 -31.69 -31.72 -31.75 -31.75 -31.75 -31.78 -31.78 -31.81 -31.81 -31.84 -31.84 -31.84 -31.88 -31.91 -31.94 -32.00 -32.06 -32.16 -32.28 -32.38 -32.50
-32.25 -32.03 -31.91 -31.69 -31.41 -31.31 -31.16 -31.06 -30.91 -30.81 -30.75 -30.59 -30.53 -30.41 -30.31 -30.22 -30.06 -30.03 -30.00 -30.06 -30.09 -30.12 -30.09 -30.25 -30.38 -30.47 -30.56 -30.62 -30.75 -30.84 -30.94 -31.00 -31.06 -31.12 -31.19 -31.22 -31.28 -31.31 -31.38 -31.41 -31.47 -31.50 -31.53 -31.59 -31.62 -31.66 -31.69 -31.69 -31.69 -31.72 -31.75 -31.75 -31.75 -31.78 -31.78 -31.81 -31.81 -31.84 -31.88 -31.88 -31.91 -31.91 -31.94 -31.97 -32.00 -32.06 -32.12 -32.22 -32.34 -32.44 -32.56
-32.75 -32.50 -32.28 -32.03 -31.78 -31.62 -31.50 -31.38 -31.19 -31.06 -30.97 -30.81 -30.72 -30.62 -30.50 -30.34 -30.22 -30.12 -30.12 -30.12 -30.19 -30.22 -30.16 -30.34 -30.47 -30.56 -30.66 -30.72 -30.78 -30.88 -30.97 -31.03 -31.09 -31.16 -31.22 -31.25 -31.31 -31.38 -31.41 -31.47 -31.50 -31.56 -31.59 -31.62 -31.69 -31.69 -31.72 -31.72 -31.75 -31.75 -31.78 -31.78 -31.78 -31.81 -31.81 -31.84 -31.88 -31.91 -31.91 -31.94 -31.94 -31.97 -32.00 -32.03 -32.06 -32.12 -32.19 -32.28 -32.41 -32.50 -32.62
-33.28 -32.91 -32.62 -32.38 -32.09 -31.94 -31.81 -31.62 -31.44 -31.31 -31.22 -31.06 -30.94 -30.84 -30.72 -30.53 -30.31 -30.25 -30.25 -30.28 -30.28 -30.25 -30.28 -30.47 -30.56 -30.66 -30.72 -30.78 -30.84 -30.91 -30.97 -31.06 -31.12 -31.19 -31.25 -31.31 -31.34 -31.41 -31.47 -31.50 -31.56 -31.62 -31.66 -31.69 -31.72 -31.75 -31.75 -31.78 -31.78 -31.81 -31.81 -31.81 -31.84 -31.84 -31.84 -31.88 -31.91 -31.94 -31.97 -31.97 -32.00 -32.03 -32.06 -32.09 -32.16 -32.19 -32.28 -32.34 -32.47 -32.59 -32.69
-33.72 -33.34 -33.03 -32.78 -32.47 -32.28 -32.19 -32.03 -31.75 -31.59 -31.44 -31.34 -31.19 -31.06 -30.91 -30.78 -30.59 -30.44 -30.41 -30.44 -30.41 -30.41 -30.44 -30.59 -30.66 -30.75 -30.78 -30.84 -30.91 -30.94 -31.00 -31.09 -31.16 -31.22 -31.28 -31.34 -31.41 -31.47 -31.53 -31.56 -31.62 -31.66 -31.72 -31.75 -31.78 -31.81 -31.81 -31.81 -31.84 -31.84 -31.88 -31.88 -31.88 -31.88 -31.91 -31.91 -31.94 -31.97 -32.00 -32.03 -32.06 -32.09 -32.12 -32.19 -32.22 -32.28 -32.34 -32.44 -32.53 -32.66 -32.75
-34.16 -33.66 -33.41 -33.19 -32.94 -32.72 -32.56 -32.41 -32.19 -31.94 -31.75 -31.62 -31.44 -31.31 -31.16 -30.97 -30.81 -30.69 -30.59 -30.62 -30.59 -30.56 -30.56 -30.69 -30.78 -30.84 -30.88 -30.91 -30.94 -31.00 -31.06 -31.12 -31.19 -31.25 -31.31 -31.38 -31.44 -31.50 -31.56 -31.62 -31.69 -31.72 -31.78 -31.81 -31.84 -31.88 -31.88 -31.88 -31.88 -31.88 -31.91 -31.91 -31.94 -31.94 -31.94 -31.97 -31.97 -32.00 -32.03 -32.06 -32.09 -32.16 -32.22 -32.25 -32.31 -32.38 -32.44 -32.50 -32.59 -32.72 -32.81
-34.59 -34.09 -33.88 -33.62 -33.31 -33.16 -32.97 -32.78 -32.53 -32.25 -32.03 -31.88 -31.69 -31.53 -31.34 -31.19 -31.06 -30.97 -30.88 -30.75 -30.75 -30.78 -30.75 -30.84 -30.88 -30.94 -30.97 -31.00 -31.00 -31.03 -31.09 -31.16 -31.22 -31.28 -31.34 -31.44 -31.50 -31.56 -31.62 -31.69 -31.72 -31.78 -31.84 -31.88 -31.91 -31.94 -31.94 -31.94 -31.94 -31.94 -31.94 -31.97 -31.97 -32.00 -32.00 -32.03 -32.03 -32.06 -32.06 -32.12 -32.16 -32.22 -32.28 -32.31 -32.38 -32.44 -32.50 -32.59 -32.66 -32.78 -32.88
-35.09 -34.72 -34.38 -34.03 -33.75 -33.56 -33.38 -33.12 -32.91 -32.66 -32.38 -32.12 -31.97 -31.75 -31.53 -31.41 -31.31 -31.19 -31.06 -30.97 -30.97 -30.97 -30.94 -31.00 -31.00 -31.03 -31.06 -31.06 -31.09 -31.09 -31.12 -31.19 -31.28 -31.34 -31.41 -31.47 -31.53 -31.62 -31.69 -31.75 -31.81 -31.88 -31.91 -31.97 -31.97 -32.00 -31.97 -31.97 -32.00 -32.00 -32.00 -32.03 -32.03 -32.06 -32.09 -32.09 -32.09 -32.09 -32.12 -32.16 -32.22 -32.28 -32.34 -32.38 -32.44 -32.50 -32.59 -32.66 -32.75 -32.84 -32.94
-35.62 -35.25 -34.91 -34.56 -34.31 -34.09 -33.84 -33.59 -33.25 -33.00 -32.72 -32.41 -32.16 -31.94 -31.75 -31.66 -31.56 -31.44 -31.34 -31.22 -31.22 -31.16 -31.12 -31.16 -31.16 -31.16 -31.16 -31.16 -31.16 -31.16 -31.19 -31.25 -31.31 -31.38 -31.47 -31.53 -31.59 -31.69 -31.75 -31.81 -31.88 -31.94 -32.00 -32.03 -32.06 -32.06 -32.06 -32.06 -32.06 -32.06 -32.06 -32.09 -32.12 -32.16 -32.16 -32.16 -32.16 -32.16 -32.19 -32.22 -32.28 -32.34 -32.38 -32.44 -32.50 -32.56 -32.66 -32.72 -32.81 -32.91 -33.00
-36.12 -35.75 -35.38 -35.06 -34.78 -34.56 -34.28 -34.00 -33.72 -33.41 -33.09 -32.75 -32.38 -32.12 -32.03 -31.97 -31.88 -31.75 -31.62 -31.50 -31.47 -31.38 -31.31 -31.31 -31.28 -31.28 -31.25 -31.25 -31.25 -31.22 -31.22 -31.28 -31.34 -31.41 -31.50 -31.59 -31.66 -31.75 -31.84 -31.91 -31.97 -32.03 -32.09 -32.12 -32.16 -32.16 -32.16 -32.12 -32.12 -32.16 -32.16 -32.19 -32.22 -32.22 -32.25 -32.25 -32.25 -32.25 -32.28 -32.31 -32.38 -32.41 -32.44 -32.50 -32.56 -32.62 -32.72 -32.81 -32.91 -32.97 -33.06
-36.66 -36.25 -35.88 -35.53 -35.28 -35.00 -34.72 -34.44 -34.09 -33.78 -33.44 -33.09 -32.75 -32.47 -32.31 -32.31 -32.22 -32.09 -32.03 -31.81 -31.75 -31.62 -31.53 -31.47 -31.44 -31.41 -31.38 -31.38 -31.31 -31.28 -31.28 -31.31 -31.38 -31.44 -31.53 -31.62 -31.72 -31.81 -31.91 -32.00 -32.06 -32.12 -32.19 -32.22 -32.25 -32.25 -32.25 -32.25 -32.25 -32.25 -32.25 -32.28 -32.31 -32.34 -32.34 -32.34 -32.34 -32.34 -32.38 -32.41 -32.44 -32.47 -32.50 -32.56 -32.62 -32.69 -32.78 -32.88 -32.97 -33.06 -33.16
-37.16 -36.75 -36.34 -36.03 -35.75 -35.47 -35.16 -34.84 -34.47 -34.16 -33.78 -33.44 -33.03 -32.78 -32.69 -32.66 -32.62 -32.53 -32.41 -32.22 -32.09 -31.97 -31.78 -31.66 -31.59 -31.56 -31.53 -31.47 -31.44 -31.38 -31.34 -31.34 -31.41 -31.47 -31.56 -31.69 -31.78 -31.91 -32.00 -32.09 -32.19 -32.25 -32.31 -32.34 -32.38 -32.38 -32.38 -32.38 -32.38 -32.38 -32.38 -32.41 -32.44 -32.44 -32.47 -32.47 -32.44 -32.47 -32.50 -32.53 -32.56 -32.59 -32.62 -32.66 -32.72 -32.78 -32.88 -32.97 -33.06 -33.16 -33.25
