everonasctiles/Tile[17,12].asc
ncols 128
nrows 128
xllcorner 0
yllcorner 0
cellsize 2.0
NODATA_value  -9999
[rows 0 to 31 of 128, columns 0 to 70 of 128]
-14.66 -14.81 -14.91 -15.03 -15.09 -15.19 -15.28 -15.28 -15.22 -15.16 -14.56 -14.16 -14.97 -15.19 -15.25 -14.56 -15.06 -15.06 -15.00 -14.91 -14.75 -15.19 -15.16 -14.91 -14.91 -14.78 -14.09 -14.16 -13.50 -13.28 -12.94 -12.47 -12.28 -12.09 -11.72 -11.38 -11.03 -10.75 -10.41 -9.81 -9.34 -8.88 -7.75 -7.19 -6.97 -6.31 -5.84 -5.47 -5.59 -5.41 -4.94 -4.56 -4.22 -3.78 -3.44 -3.31 -3.25 -3.12 -3.03 -2.88 -2.72 -2.53 -2.31 -2.00 -1.75 -1.47 -1.53 -1.66 -1.12 -1.12 -1.19
-15.03 -15.12 -15.28 -15.44 -15.50 -15.56 -15.66 -15.72 -15.75 -15.66 -15.03 -14.66 -15.62 -15.56 -15.56 -15.50 -15.50 -15.44 -15.28 -15.31 -15.53 -15.56 -15.53 -15.53 -15.47 -15.22 -14.75 -14.72 -13.84 -13.66 -13.41 -12.75 -12.50 -12.44 -11.81 -11.53 -11.28 -10.97 -10.56 -9.72 -9.25 -8.72 -7.84 -7.12 -6.91 -6.53 -6.28 -6.19 -5.72 -5.41 -5.03 -4.56 -4.00 -3.62 -3.34 -3.22 -3.12 -3.12 -3.16 -3.03 -2.81 -2.59 -2.34 -2.06 -1.75 -1.72 -1.59 -1.59 -1.19 -0.78 -0.97
-15.28 -15.50 -15.69 -15.78 -15.91 -15.97 -16.03 -16.12 -16.12 -16.06 -15.88 -15.88 -15.94 -15.97 -15.97 -15.94 -15.88 -15.75 -15.38 -15.94 -15.66 -15.97 -15.81 -15.66 -15.59 -15.47 -15.00 -14.81 -14.19 -14.00 -13.78 -13.31 -12.94 -12.69 -12.09 -11.44 -11.38 -11.22 -10.75 -10.06 -9.19 -8.53 -7.81 -7.28 -7.19 -6.91 -6.59 -6.59 -6.38 -5.53 -4.84 -4.50 -3.81 -3.22 -3.25 -3.09 -3.09 -3.09 -3.22 -3.09 -2.94 -2.69 -2.41 -2.03 -1.88 -2.03 -1.88 -1.75 -1.28 -1.25 -0.88
-15.66 -15.88 -16.12 -16.19 -16.31 -16.38 -16.44 -16.50 -16.50 -16.50 -16.44 -16.41 -16.44 -16.47 -16.50 -16.50 -16.34 -16.06 -15.66 -15.88 -16.06 -16.19 -16.09 -15.94 -15.81 -15.62 -15.31 -15.28 -14.66 -14.25 -14.09 -13.78 -13.41 -13.19 -12.50 -12.03 -11.62 -11.34 -11.09 -10.47 -9.81 -9.28 -8.66 -8.34 -7.97 -7.66 -7.09 -6.75 -6.53 -5.84 -5.03 -4.62 -4.22 -3.56 -3.50 -3.34 -3.34 -3.31 -3.38 -3.19 -3.00 -2.78 -2.50 -2.19 -1.88 -2.00 -1.97 -1.66 -1.56 -1.25 -0.97
-16.03 -16.22 -16.53 -16.62 -16.69 -16.81 -16.88 -16.91 -16.88 -16.91 -16.88 -16.88 -16.91 -17.03 -17.06 -16.84 -16.78 -16.72 -16.25 -16.34 -16.38 -16.34 -16.31 -16.47 -16.28 -15.94 -15.56 -15.28 -14.88 -14.66 -14.31 -14.06 -13.81 -13.50 -13.06 -12.50 -12.22 -11.47 -11.00 -10.69 -10.25 -9.81 -9.56 -9.31 -8.94 -8.16 -7.44 -7.09 -6.69 -6.06 -5.53 -5.31 -4.97 -4.22 -4.12 -3.88 -3.72 -3.56 -3.59 -3.38 -3.22 -2.97 -2.78 -2.56 -2.28 -2.28 -2.00 -1.84 -1.53 -1.38 -1.41
-16.44 -16.66 -16.97 -17.06 -17.12 -17.22 -17.28 -17.31 -17.31 -17.34 -17.38 -17.34 -17.41 -17.44 -17.47 -17.41 -17.16 -17.09 -16.91 -16.91 -16.62 -16.69 -16.56 -16.53 -16.41 -16.22 -15.94 -15.47 -15.06 -14.91 -14.50 -14.28 -14.06 -13.78 -13.44 -13.03 -12.62 -11.84 -11.28 -10.88 -10.41 -10.16 -10.22 -9.84 -9.44 -8.53 -7.91 -7.47 -7.03 -6.66 -6.38 -5.94 -5.47 -5.03 -4.62 -4.41 -4.25 -3.91 -3.91 -3.66 -3.41 -3.22 -3.00 -2.81 -2.62 -2.47 -2.31 -2.09 -1.88 -1.81 -1.56
-16.88 -17.19 -17.31 -17.50 -17.56 -17.66 -17.69 -17.75 -17.75 -17.78 -17.81 -17.78 -17.84 -17.84 -17.88 -17.81 -17.56 -17.16 -17.16 -17.03 -16.88 -16.91 -16.84 -16.75 -16.69 -16.47 -16.09 -15.78 -15.34 -15.28 -14.69 -14.47 -14.28 -14.06 -13.78 -13.44 -12.91 -12.22 -11.69 -11.56 -11.16 -11.00 -10.78 -10.44 -9.72 -8.97 -8.31 -8.00 -7.53 -7.31 -7.03 -6.59 -6.16 -5.72 -5.34 -4.91 -4.69 -4.44 -4.22 -4.06 -3.72 -3.50 -3.25 -3.03 -2.84 -2.69 -2.53 -2.38 -2.31 -2.19 -1.94
-17.41 -17.59 -17.84 -17.97 -18.03 -18.09 -18.16 -18.12 -18.16 -18.19 -18.19 -18.22 -18.19 -18.22 -18.28 -18.12 -17.59 -17.44 -17.31 -17.41 -17.28 -17.16 -17.16 -17.06 -17.03 -16.78 -16.50 -16.03 -15.59 -15.50 -14.97 -14.66 -14.53 -14.25 -14.03 -13.69 -13.19 -12.44 -12.03 -12.03 -11.84 -11.56 -11.31 -10.84 -10.25 -9.28 -8.84 -8.53 -8.00 -7.72 -7.56 -7.09 -6.72 -6.25 -5.84 -5.53 -5.12 -4.97 -4.62 -4.41 -4.09 -3.78 -3.53 -3.31 -3.09 -2.94 -2.78 -2.66 -2.53 -2.44 -2.06
-18.38 -18.16 -18.31 -18.44 -18.50 -18.56 -18.59 -18.62 -18.66 -18.53 -18.53 -18.56 -18.56 -18.62 -18.66 -18.50 -18.19 -17.75 -18.03 -17.88 -17.66 -17.25 -16.94 -17.03 -17.16 -17.00 -16.81 -16.53 -16.38 -15.75 -15.44 -14.97 -14.91 -14.78 -14.53 -14.19 -13.72 -13.00 -12.47 -12.38 -12.16 -11.81 -11.66 -11.31 -10.78 -10.03 -9.41 -9.12 -8.69 -8.25 -8.03 -7.50 -7.06 -6.47 -6.19 -5.91 -5.59 -5.31 -5.00 -4.62 -4.34 -4.00 -3.81 -3.62 -3.41 -3.22 -3.06 -2.91 -2.78 -2.53 -1.78
-18.94 -19.06 -18.81 -18.91 -19.03 -19.00 -19.06 -19.03 -19.00 -19.06 -18.91 -18.72 -18.78 -18.84 -19.09 -19.09 -18.84 -18.66 -18.53 -18.03 -18.12 -17.31 -17.09 -17.16 -17.75 -17.69 -17.16 -16.78 -16.41 -15.97 -15.53 -15.28 -15.28 -15.16 -14.88 -14.53 -14.16 -13.66 -13.16 -12.81 -12.47 -12.06 -11.94 -11.72 -11.34 -10.72 -10.22 -9.59 -9.25 -8.72 -8.47 -7.97 -7.31 -6.75 -6.31 -6.06 -5.84 -5.47 -5.22 -4.81 -4.56 -4.28 -4.12 -3.97 -3.75 -3.56 -3.38 -3.22 -3.00 -2.44 -1.84
-19.44 -19.44 -19.25 -19.41 -19.41 -19.53 -19.53 -19.56 -19.47 -19.47 -19.19 -19.12 -19.31 -19.41 -19.53 -19.50 -19.47 -19.31 -18.81 -18.56 -18.47 -18.72 -18.25 -18.12 -18.00 -17.94 -17.72 -16.94 -16.34 -16.12 -16.03 -15.72 -15.53 -15.47 -15.22 -14.91 -14.53 -14.16 -13.72 -13.31 -12.88 -12.44 -12.19 -12.03 -11.75 -11.16 -10.62 -10.03 -9.75 -9.31 -9.03 -8.62 -7.47 -6.97 -6.56 -6.28 -5.94 -5.59 -5.34 -5.00 -4.78 -4.59 -4.44 -4.28 -4.12 -3.94 -3.75 -3.50 -2.97 -2.75 -2.19
-19.69 -19.75 -19.56 -19.78 -19.94 -20.06 -20.00 -20.03 -20.03 -20.03 -19.38 -19.41 -19.41 -19.44 -19.62 -19.88 -19.88 -19.72 -19.47 -19.28 -19.06 -18.94 -18.81 -18.56 -18.41 -18.28 -18.19 -17.44 -17.00 -16.59 -16.88 -16.25 -15.59 -15.38 -15.38 -15.09 -14.84 -14.50 -14.16 -13.78 -13.41 -12.91 -12.59 -12.44 -12.12 -11.66 -11.28 -10.72 -10.38 -10.03 -9.56 -9.16 -8.38 -7.47 -7.12 -6.81 -6.31 -5.91 -5.62 -5.34 -5.16 -5.00 -4.84 -4.72 -4.53 -4.34 -4.09 -3.59 -3.00 -2.66 -2.56
-19.91 -20.06 -19.97 -20.19 -20.38 -20.44 -20.56 -20.69 -20.47 -20.47 -20.44 -20.38 -20.28 -20.06 -19.97 -20.16 -20.25 -20.19 -20.00 -19.75 -19.53 -19.38 -19.25 -19.09 -18.81 -18.62 -18.44 -17.97 -17.31 -17.12 -17.19 -17.16 -15.62 -15.50 -15.31 -15.22 -15.03 -14.75 -14.44 -14.09 -13.75 -13.34 -13.00 -12.72 -12.44 -12.09 -11.66 -11.31 -10.88 -10.50 -9.94 -9.59 -8.78 -8.28 -7.59 -7.19 -6.88 -6.44 -6.12 -5.88 -5.66 -5.47 -5.31 -5.12 -4.94 -4.75 -4.41 -3.78 -3.28 -3.28 -3.22
-20.22 -20.44 -20.34 -20.53 -20.88 -21.19 -21.09 -20.97 -21.06 -21.12 -20.81 -20.81 -20.78 -20.28 -20.44 -20.38 -20.69 -20.62 -20.38 -20.16 -19.88 -19.84 -19.72 -19.72 -19.03 -18.84 -18.59 -18.31 -17.81 -17.41 -17.47 -17.31 -17.25 -15.88 -15.69 -15.25 -15.19 -14.94 -14.72 -14.44 -14.09 -13.75 -13.41 -13.09 -12.78 -12.50 -12.09 -11.69 -10.97 -10.78 -10.31 -10.03 -9.38 -9.06 -8.00 -7.69 -7.34 -6.97 -6.66 -6.38 -6.16 -5.94 -5.75 -5.53 -5.31 -5.06 -4.62 -4.19 -4.16 -4.34 -4.09
-20.47 -20.78 -20.84 -20.88 -21.19 -21.56 -21.78 -21.69 -21.56 -21.66 -21.69 -21.72 -21.75 -21.66 -21.56 -20.97 -21.12 -20.97 -20.84 -20.62 -20.34 -20.16 -20.12 -20.09 -19.72 -19.22 -19.00 -18.75 -18.34 -17.97 -17.78 -17.50 -17.38 -17.16 -16.41 -15.88 -15.31 -15.09 -14.81 -14.66 -14.34 -13.91 -13.62 -13.34 -13.03 -12.78 -12.44 -12.03 -11.44 -11.00 -10.78 -10.16 -9.81 -9.62 -9.03 -8.09 -7.75 -7.56 -7.31 -6.81 -6.56 -6.31 -6.06 -5.84 -5.62 -5.25 -4.97 -5.00 -5.06 -5.03 -4.66
-20.88 -21.19 -21.28 -21.31 -21.56 -21.81 -21.97 -21.94 -21.94 -22.06 -22.06 -22.09 -22.09 -21.94 -21.97 -21.56 -21.53 -21.31 -21.19 -21.00 -20.72 -20.31 -20.25 -20.31 -19.84 -19.69 -19.19 -18.66 -18.66 -18.25 -18.19 -17.88 -17.53 -17.47 -17.31 -16.84 -15.69 -15.34 -15.00 -14.88 -14.59 -14.22 -13.72 -13.69 -13.34 -13.06 -12.75 -12.22 -11.78 -11.41 -11.06 -10.66 -10.22 -9.97 -9.38 -8.78 -8.31 -8.12 -7.84 -7.66 -7.41 -7.16 -6.94 -6.72 -6.50 -6.22 -5.88 -5.69 -5.66 -5.56 -5.16
-21.31 -21.50 -21.72 -21.75 -21.84 -21.94 -22.09 -22.16 -22.06 -22.03 -22.09 -22.12 -22.12 -21.97 -22.00 -22.00 -21.88 -21.78 -21.50 -21.31 -21.06 -20.88 -20.56 -20.53 -20.22 -19.50 -19.19 -18.56 -18.31 -18.19 -18.09 -17.97 -17.94 -17.81 -17.62 -17.28 -16.69 -16.31 -15.91 -15.31 -15.16 -14.69 -14.09 -13.75 -13.47 -13.22 -13.16 -12.66 -12.16 -11.91 -11.59 -11.19 -10.72 -10.44 -9.94 -9.56 -9.09 -8.75 -8.50 -8.16 -7.97 -7.69 -7.47 -7.22 -7.03 -6.84 -6.56 -6.34 -6.25 -6.09 -5.69
-21.59 -21.84 -21.88 -21.91 -21.97 -22.09 -22.22 -22.28 -22.28 -22.25 -22.22 -22.31 -22.44 -22.47 -22.41 -22.38 -22.16 -22.06 -21.78 -21.59 -21.38 -21.25 -21.03 -20.94 -20.50 -19.72 -18.97 -18.41 -18.25 -18.19 -18.34 -18.53 -18.44 -18.25 -17.88 -17.62 -17.34 -16.94 -16.28 -15.91 -15.50 -14.97 -14.44 -13.94 -13.75 -13.44 -13.34 -13.03 -12.66 -12.47 -12.19 -11.84 -11.62 -11.28 -10.81 -10.22 -10.06 -9.41 -9.12 -8.78 -8.47 -8.22 -7.94 -7.69 -7.50 -7.22 -7.03 -6.91 -6.78 -6.59 -6.22
-21.97 -21.84 -21.75 -21.81 -21.97 -22.12 -22.28 -22.38 -22.41 -22.38 -22.34 -22.47 -22.59 -22.62 -22.62 -22.62 -22.59 -22.31 -22.19 -21.84 -21.56 -21.53 -21.22 -21.03 -20.47 -19.72 -19.38 -19.28 -18.66 -18.91 -18.88 -18.84 -18.91 -18.47 -18.03 -17.88 -17.56 -17.22 -16.91 -16.19 -15.50 -14.91 -14.44 -14.00 -13.91 -13.66 -13.44 -13.53 -13.19 -12.91 -12.62 -12.38 -12.16 -11.94 -11.50 -11.03 -10.78 -10.09 -9.72 -9.34 -9.00 -8.59 -8.38 -8.12 -7.91 -7.72 -7.53 -7.38 -7.22 -7.00 -6.72
-21.97 -21.69 -21.44 -21.44 -21.69 -22.09 -22.31 -22.44 -22.38 -22.53 -22.53 -22.62 -22.72 -22.78 -22.78 -22.78 -22.69 -22.66 -22.38 -22.03 -21.84 -21.78 -21.38 -21.03 -20.91 -20.31 -19.91 -19.88 -19.62 -19.00 -19.09 -18.47 -18.75 -18.69 -18.34 -18.25 -17.84 -17.47 -17.38 -16.47 -16.00 -15.38 -15.03 -14.75 -14.47 -14.25 -13.72 -13.47 -13.31 -13.00 -12.91 -12.66 -12.56 -12.38 -12.06 -11.66 -11.44 -10.69 -10.25 -9.84 -9.47 -9.09 -8.78 -8.47 -8.22 -8.12 -7.91 -7.81 -7.66 -7.50 -7.25
-22.19 -21.91 -21.16 -21.28 -21.72 -22.12 -22.34 -22.50 -22.59 -22.66 -22.69 -22.81 -22.88 -22.94 -22.94 -22.88 -22.62 -22.66 -22.62 -22.31 -21.94 -21.97 -21.50 -21.28 -21.06 -20.81 -20.50 -20.00 -19.66 -19.56 -19.41 -18.88 -18.94 -18.56 -18.69 -18.41 -18.00 -17.56 -17.69 -16.84 -16.53 -16.03 -15.59 -15.25 -15.00 -14.25 -13.91 -13.53 -13.53 -13.28 -13.16 -12.94 -12.81 -12.72 -12.41 -12.06 -11.81 -11.03 -10.56 -10.19 -9.78 -9.38 -8.97 -8.88 -8.56 -8.38 -8.25 -8.16 -8.19 -7.97 -7.72
-21.97 -21.66 -21.34 -21.28 -21.47 -22.03 -22.31 -22.44 -22.62 -22.75 -22.84 -22.91 -22.97 -23.03 -23.03 -22.91 -22.69 -22.62 -22.69 -22.50 -22.09 -22.03 -22.00 -21.88 -21.50 -21.28 -21.00 -21.00 -20.25 -19.78 -20.00 -20.16 -19.56 -19.53 -19.03 -18.62 -17.75 -17.62 -17.44 -17.25 -16.84 -16.50 -16.12 -15.75 -15.34 -14.81 -14.28 -13.88 -13.84 -13.75 -13.53 -13.41 -13.12 -12.69 -12.44 -12.12 -11.97 -12.31 -11.28 -10.97 -10.50 -9.94 -9.44 -9.03 -8.78 -8.69 -9.00 -8.84 -8.69 -8.44 -8.19
-22.16 -21.81 -21.53 -21.41 -21.44 -21.84 -22.25 -22.44 -22.66 -22.78 -22.91 -22.97 -23.03 -23.06 -23.06 -23.00 -22.78 -22.72 -22.78 -22.75 -22.34 -22.16 -22.19 -22.12 -21.94 -21.66 -21.28 -21.16 -20.88 -20.06 -20.03 -19.72 -19.91 -19.72 -19.31 -18.69 -18.25 -17.97 -17.78 -17.38 -16.97 -16.66 -16.38 -16.03 -15.59 -15.25 -14.88 -14.72 -14.41 -14.19 -13.88 -13.44 -13.09 -12.53 -12.34 -12.31 -12.28 -12.53 -12.19 -11.97 -11.59 -11.00 -10.41 -10.00 -9.88 -9.72 -9.59 -9.38 -9.12 -8.84 -8.59
-22.19 -21.78 -21.31 -21.25 -21.38 -21.78 -22.22 -22.53 -22.69 -22.81 -22.94 -23.03 -23.06 -23.09 -23.09 -23.03 -22.88 -22.84 -22.84 -22.84 -22.47 -22.44 -22.34 -22.31 -22.16 -21.81 -21.25 -20.94 -20.56 -20.34 -20.00 -19.84 -19.69 -19.50 -19.56 -19.19 -18.75 -18.34 -17.94 -17.28 -16.78 -16.66 -16.50 -16.22 -15.91 -15.62 -15.28 -15.00 -14.72 -14.41 -14.00 -13.56 -13.16 -12.97 -12.91 -12.84 -12.84 -13.25 -12.62 -12.25 -11.91 -11.50 -11.12 -11.03 -10.81 -10.28 -10.03 -9.75 -9.47 -9.16 -8.88
-22.00 -21.62 -21.38 -21.56 -21.88 -22.31 -22.44 -22.56 -22.69 -22.84 -22.94 -23.03 -23.06 -23.09 -23.09 -23.06 -23.03 -22.97 -22.94 -22.91 -22.84 -22.75 -22.56 -22.47 -22.31 -21.97 -21.47 -20.97 -20.56 -20.22 -20.09 -20.25 -19.81 -19.56 -19.72 -19.78 -19.22 -18.50 -18.03 -17.19 -16.59 -16.62 -16.56 -16.28 -16.03 -15.78 -15.47 -15.16 -14.81 -14.56 -14.22 -13.91 -13.69 -13.34 -13.34 -13.12 -13.06 -13.16 -13.09 -12.34 -12.31 -12.06 -11.88 -11.62 -11.38 -11.09 -10.78 -10.44 -10.12 -9.81 -9.53
-22.16 -21.41 -21.41 -21.81 -22.19 -22.38 -22.50 -22.59 -22.72 -22.84 -22.91 -23.00 -23.03 -23.06 -23.06 -23.06 -23.03 -23.00 -23.00 -22.97 -22.94 -22.88 -22.84 -22.69 -22.38 -22.25 -21.81 -21.53 -21.09 -20.66 -20.50 -20.28 -20.19 -19.47 -19.19 -19.75 -19.66 -19.12 -18.53 -17.38 -16.94 -16.56 -16.56 -16.50 -16.31 -16.12 -15.88 -15.56 -15.06 -14.66 -14.44 -13.94 -13.78 -13.44 -13.28 -13.16 -13.03 -13.06 -12.66 -12.34 -12.06 -12.44 -12.50 -13.22 -11.84 -11.47 -11.16 -10.81 -10.47 -10.16 -9.88
-21.81 -21.53 -21.50 -21.59 -22.12 -22.41 -22.44 -22.59 -22.66 -22.56 -22.56 -22.66 -22.88 -22.97 -23.03 -23.00 -23.00 -23.00 -23.00 -23.03 -23.00 -22.94 -22.91 -22.84 -22.34 -22.12 -22.06 -21.94 -21.81 -21.53 -20.97 -20.69 -20.06 -19.50 -19.41 -19.91 -19.78 -19.16 -18.75 -18.06 -17.31 -16.91 -16.75 -16.56 -16.38 -16.22 -16.00 -15.66 -15.19 -14.53 -14.09 -13.72 -13.59 -13.41 -13.28 -13.16 -12.81 -13.00 -12.94 -12.38 -12.53 -12.19 -12.56 -12.97 -13.12 -12.66 -12.03 -11.69 -11.31 -10.97 -10.59
-21.88 -21.72 -21.59 -21.62 -21.97 -22.34 -22.47 -22.56 -22.44 -22.09 -22.09 -22.34 -22.62 -22.72 -22.84 -22.97 -22.97 -23.00 -23.03 -23.03 -23.03 -23.00 -22.97 -22.84 -22.44 -22.12 -22.09 -22.09 -22.00 -21.84 -21.38 -21.06 -20.28 -19.66 -19.62 -20.16 -19.91 -18.91 -18.28 -17.97 -17.88 -17.38 -17.09 -16.72 -16.44 -16.31 -15.88 -15.47 -14.94 -14.34 -14.03 -13.75 -13.62 -13.47 -13.25 -12.59 -12.34 -12.53 -12.84 -12.56 -12.56 -12.38 -12.75 -13.19 -13.28 -13.47 -12.69 -12.38 -12.00 -11.66 -11.31
-22.00 -21.66 -21.56 -21.62 -21.94 -22.31 -22.56 -22.56 -22.34 -21.97 -21.94 -22.16 -22.34 -22.47 -22.62 -22.84 -22.94 -22.97 -23.03 -23.06 -23.06 -23.03 -22.97 -22.94 -22.78 -22.50 -22.44 -22.25 -22.06 -22.09 -21.81 -21.47 -20.88 -19.84 -19.94 -20.00 -20.31 -19.56 -18.59 -18.56 -18.44 -17.88 -17.53 -17.16 -16.69 -16.41 -16.00 -15.50 -15.00 -14.66 -14.38 -14.28 -13.94 -13.47 -12.81 -12.31 -12.38 -12.53 -13.06 -12.81 -12.56 -12.84 -13.31 -13.47 -13.53 -13.56 -13.12 -12.88 -12.22 -11.84 -11.53
-22.12 -22.00 -22.03 -22.03 -22.47 -22.56 -22.66 -22.56 -22.31 -22.09 -21.94 -21.94 -22.09 -22.28 -22.47 -22.72 -22.94 -22.97 -23.03 -23.06 -23.06 -23.06 -23.03 -23.00 -22.97 -22.81 -22.75 -22.50 -22.16 -22.09 -22.06 -21.72 -21.16 -20.75 -20.19 -20.25 -20.25 -19.72 -18.97 -19.25 -18.56 -18.62 -18.31 -17.59 -17.09 -16.84 -16.44 -16.09 -15.66 -15.31 -15.41 -14.94 -14.28 -13.38 -12.75 -12.28 -12.44 -12.81 -13.03 -12.84 -12.78 -13.19 -13.53 -13.69 -13.62 -13.59 -13.41 -12.91 -12.62 -12.19 -12.03
-22.22 -22.22 -22.28 -22.41 -22.50 -22.62 -22.69 -22.62 -22.47 -22.34 -22.22 -21.91 -21.94 -22.03 -22.38 -22.62 -22.81 -22.94 -23.00 -23.03 -23.06 -23.03 -23.03 -23.03 -23.06 -23.06 -22.94 -22.72 -22.31 -22.25 -22.31 -22.09 -21.72 -21.06 -20.59 -20.59 -20.38 -20.41 -19.75 -19.34 -18.78 -18.66 -18.34 -18.16 -17.62 -17.22 -16.84 -16.66 -16.25 -15.59 -15.59 -15.50 -14.59 -13.75 -13.38 -12.62 -12.47 -12.56 -12.78 -12.94 -13.19 -13.16 -13.53 -13.75 -13.75 -13.62 -13.06 -12.94 -12.69 -12.47 -12.25
-22.28 -22.31 -22.34 -22.44 -22.53 -22.66 -22.72 -22.72 -22.41 -22.25 -22.09 -21.97 -22.03 -22.31 -22.56 -22.69 -22.75 -22.94 -23.00 -23.03 -23.03 -23.00 -23.00 -23.06 -23.12 -23.12 -23.06 -22.91 -22.75 -22.53 -22.47 -22.31 -22.03 -21.53 -21.00 -20.84 -20.75 -20.81 -20.41 -19.53 -18.97 -18.84 -18.66 -18.28 -17.75 -17.53 -17.44 -17.25 -16.78 -16.19 -16.03 -16.09 -15.09 -14.44 -13.31 -13.28 -12.56 -12.81 -13.16 -13.44 -13.16 -12.69 -13.53 -13.78 -13.84 -13.75 -13.31 -12.56 -12.84 -12.72 -12.47
