everonasctiles/Tile24,32.asc
ncols 128
nrows 128
xllcorner 0
yllcorner 0
cellsize 2.0
NODATA_value  -9999
[rows 0 to 32 of 128, columns 0 to 75 of 128]
25.25 24.50 24.25 24.44 24.91 25.62 26.62 27.81 29.12 30.38 31.47 32.44 33.22 34.16 35.19 36.19 36.66 37.75 38.53 38.97 40.50 42.19 44.12 46.38 47.62 48.78 49.44 50.09 51.03 51.47 51.88 52.34 52.88 53.38 54.03 54.66 55.28 55.50 56.28 56.78 57.16 57.72 58.06 58.34 58.84 59.34 59.88 60.41 60.94 61.47 61.97 62.50 63.03 63.47 63.84 64.25 64.66 65.06 65.41 65.66 65.97 66.31 66.66 67.00 67.38 67.59 67.72 68.03 68.28 68.56 68.78 69.06 69.31 69.66 70.00 70.34
25.78 25.34 25.22 25.44 25.97 26.75 27.75 28.84 30.03 31.19 32.16 33.06 34.19 35.00 36.09 36.66 37.88 38.44 39.81 40.50 41.28 42.66 44.88 46.69 48.12 49.22 50.06 50.81 51.34 51.81 52.28 52.78 53.31 53.91 54.50 55.12 55.81 56.59 56.84 57.34 57.75 58.12 58.44 58.75 59.19 59.62 60.12 60.59 61.09 61.62 62.12 62.62 63.16 63.75 64.19 64.41 64.78 65.16 65.50 65.78 66.12 66.41 66.78 67.12 67.56 68.09 68.16 68.47 69.06 69.28 69.53 69.72 69.94 70.22 70.50 70.81
26.38 26.09 26.09 26.44 27.03 27.84 28.78 29.84 30.94 31.97 32.88 33.78 34.78 35.69 36.34 37.44 38.25 39.16 40.81 41.69 42.00 43.69 44.59 46.81 48.09 49.44 50.69 51.19 51.69 52.16 52.66 53.16 53.72 54.28 54.91 55.53 56.19 56.84 57.50 57.84 58.16 58.44 58.81 59.16 59.53 59.91 60.34 60.81 61.28 61.75 62.25 62.91 63.53 63.78 64.03 64.34 64.72 65.09 65.47 65.81 66.16 66.50 66.84 67.22 67.69 68.22 68.72 69.25 69.72 69.94 70.28 70.41 70.56 70.75 71.00 71.25
26.81 26.75 26.94 27.38 28.03 28.84 29.78 30.81 31.81 32.78 33.62 34.38 35.31 36.28 37.19 37.91 39.19 40.28 41.75 42.75 43.62 44.41 45.78 46.88 48.12 49.44 50.88 51.47 51.94 52.44 52.94 53.47 54.03 54.59 55.22 55.88 56.53 57.25 57.84 58.16 58.44 58.84 59.25 59.47 59.81 60.16 60.56 61.00 61.44 61.91 62.66 63.25 63.41 63.62 63.91 64.22 64.66 65.03 65.47 65.88 66.19 66.56 66.94 67.28 67.81 68.34 68.88 69.41 69.94 70.38 70.78 71.09 71.16 71.31 71.50 71.72
27.25 27.41 27.75 28.28 29.00 29.81 30.78 31.75 32.72 33.62 34.38 35.00 35.94 36.91 37.81 38.91 39.75 41.47 42.62 43.62 44.66 44.75 46.41 47.69 48.34 49.44 50.28 51.53 52.12 52.66 53.16 53.72 54.28 54.88 55.50 56.12 56.78 57.50 58.00 58.31 58.59 58.88 59.44 59.75 60.03 60.34 60.75 61.16 61.56 62.41 62.88 63.06 63.25 63.47 63.72 64.09 64.53 64.84 65.31 65.78 66.19 66.66 67.00 67.44 67.97 68.50 69.06 69.59 70.12 70.50 70.91 71.28 71.62 71.84 71.97 72.16
27.78 28.09 28.56 29.16 29.91 30.78 31.75 32.69 33.59 34.44 35.16 35.78 36.44 37.59 38.31 39.84 40.81 42.19 43.22 44.56 45.66 46.47 47.28 48.03 48.62 49.16 50.44 51.59 52.28 52.84 53.38 53.94 54.50 55.09 55.72 56.34 56.97 57.66 58.16 58.34 58.66 59.31 59.66 59.88 60.19 60.50 60.88 61.28 62.16 62.53 62.72 62.91 63.09 63.28 63.66 63.78 64.00 64.56 65.22 65.75 66.34 66.97 67.50 68.03 68.41 68.72 69.25 69.78 70.28 70.66 71.06 71.41 71.75 72.09 72.34 72.59
28.50 28.84 29.38 30.06 30.84 31.75 32.69 33.59 34.47 35.25 35.97 36.53 37.56 38.22 39.38 40.53 41.78 42.72 44.19 45.03 46.19 47.22 47.91 48.44 48.72 49.78 50.66 51.72 52.41 53.00 53.56 54.12 54.72 55.31 55.91 56.50 57.12 57.72 58.12 58.56 58.97 59.44 59.69 59.97 60.25 60.59 60.97 61.81 62.19 62.38 62.56 62.75 62.94 63.25 63.31 63.50 63.94 64.62 65.31 65.97 66.66 67.25 67.81 68.38 68.91 69.28 69.66 70.09 70.44 70.81 71.19 71.59 71.94 72.28 72.59 72.94
29.25 29.69 30.25 30.94 31.78 32.69 33.62 34.50 35.31 36.09 36.78 37.69 38.53 39.41 39.88 41.19 42.16 43.66 44.84 45.75 46.47 47.47 48.25 48.81 49.28 49.75 50.75 51.75 52.53 53.16 53.75 54.31 54.91 55.47 56.06 56.62 57.22 57.72 58.12 58.53 59.00 59.28 59.66 60.00 60.31 60.66 61.28 61.81 62.00 62.19 62.38 62.59 62.94 63.03 63.12 63.44 64.03 64.84 65.69 66.44 67.09 67.69 68.22 68.69 69.12 69.47 69.84 70.31 70.94 71.44 71.59 71.75 72.09 72.50 72.84 73.19
30.09 30.56 31.12 31.88 32.72 33.66 34.56 35.41 36.19 36.91 37.62 38.53 39.47 40.53 41.25 42.00 42.75 43.91 44.78 45.88 46.50 47.44 48.06 48.88 49.38 50.22 50.81 51.78 52.66 53.34 53.91 54.50 55.06 55.62 56.19 56.75 57.25 57.69 58.06 58.41 58.66 59.19 59.62 60.03 60.38 60.84 61.41 61.59 61.78 61.94 62.19 62.56 62.78 62.94 63.19 63.66 64.38 65.38 66.38 67.22 67.78 68.28 68.72 69.09 69.44 69.81 70.22 70.66 71.09 71.59 72.09 72.50 72.50 72.75 73.09 73.44
31.03 31.44 31.84 32.62 33.62 34.59 35.50 36.34 37.09 37.72 38.06 39.31 40.38 41.03 42.12 42.72 43.28 44.28 45.09 45.88 46.53 47.34 48.16 48.97 49.81 50.50 51.16 51.94 52.72 53.44 54.06 54.66 55.22 55.75 56.28 56.75 57.22 57.62 58.06 58.44 58.81 59.19 59.62 60.03 60.44 60.97 61.16 61.38 61.53 61.72 62.03 62.22 62.62 63.06 63.47 63.88 64.75 65.97 67.03 67.72 68.31 68.81 69.19 69.50 69.91 70.28 70.66 71.03 71.41 71.81 72.16 72.47 72.91 73.16 73.34 73.66
31.72 32.31 32.88 33.69 34.50 35.47 36.53 37.19 38.00 38.59 39.12 40.00 40.59 41.50 42.50 43.31 44.19 44.88 45.50 46.22 46.84 47.59 48.34 49.19 50.03 50.78 51.38 52.09 52.81 53.47 54.12 54.69 55.22 55.75 56.22 56.69 57.16 57.59 58.03 58.44 58.84 59.28 59.62 60.09 60.53 60.72 60.94 61.12 61.31 61.56 61.81 62.16 62.66 63.31 63.94 64.62 65.72 66.81 67.75 68.38 68.91 69.38 69.72 70.09 70.47 70.78 71.12 71.47 71.78 72.09 72.38 72.62 72.81 73.09 73.44 73.84
32.62 33.28 33.81 34.97 35.81 36.50 37.25 38.06 38.75 39.28 39.94 40.66 41.41 42.28 43.25 44.06 44.69 45.44 45.94 46.72 47.19 47.94 48.94 49.53 50.34 51.00 51.66 52.28 52.91 53.56 54.12 54.69 55.19 55.69 56.16 56.62 57.09 57.56 58.00 58.47 58.94 59.28 59.72 60.00 60.22 60.47 60.69 60.88 61.12 61.38 61.78 62.34 63.00 63.97 65.09 66.19 67.28 68.41 69.12 69.38 69.62 70.03 70.41 70.75 71.06 71.34 71.62 71.91 72.19 72.44 72.69 72.91 73.09 73.22 73.31 73.53
33.25 34.25 35.25 36.19 36.81 37.34 38.16 38.69 39.44 40.06 40.50 41.06 42.19 42.94 43.69 44.69 45.31 45.91 46.56 47.22 48.00 48.53 49.44 50.09 50.69 51.31 51.91 52.47 53.06 53.62 54.16 54.66 55.16 55.62 56.09 56.56 57.00 57.47 57.97 58.44 58.97 59.38 59.50 59.75 60.00 60.25 60.44 60.75 61.03 61.47 62.06 62.81 63.72 64.75 66.00 68.00 68.97 69.66 69.97 70.25 70.31 70.75 71.09 71.44 71.69 71.91 72.16 72.38 72.62 72.88 73.09 73.28 73.47 73.56 73.66 73.75
33.94 35.31 36.53 37.19 37.81 38.34 38.97 39.56 40.06 40.69 41.12 42.03 42.94 43.78 44.56 45.12 45.94 46.62 47.28 47.72 48.56 49.25 49.88 50.50 51.06 51.62 52.16 52.66 53.19 53.72 54.19 54.66 55.12 55.56 56.00 56.47 56.94 57.41 57.88 58.34 58.88 59.00 59.25 59.50 59.75 60.00 60.38 60.75 61.19 61.72 62.44 63.47 64.78 65.84 67.50 69.00 69.88 70.34 70.59 70.72 70.94 71.34 71.69 72.00 72.31 72.56 72.75 72.94 73.12 73.34 73.56 73.78 73.94 74.06 74.12 74.16
35.22 36.19 37.41 38.16 38.62 39.22 39.69 40.31 40.72 41.28 41.94 42.62 43.50 44.25 45.03 45.75 46.47 47.06 47.84 48.44 49.12 49.72 50.31 50.84 51.38 51.88 52.38 52.81 53.28 53.78 54.22 54.66 55.09 55.50 55.94 56.34 56.81 57.28 57.75 58.22 58.50 58.75 59.03 59.28 59.53 59.78 60.34 60.75 61.47 62.12 63.00 64.34 65.66 66.81 68.41 69.84 70.25 70.41 70.72 71.12 71.53 71.94 72.28 72.59 72.94 73.22 73.44 73.59 73.75 73.91 74.12 74.31 74.50 74.62 74.69 74.66
36.53 37.41 38.22 39.03 39.69 40.00 40.47 41.06 41.59 42.06 42.62 43.31 44.06 44.81 45.56 46.28 47.03 47.75 48.41 49.03 49.59 50.16 50.66 51.16 51.62 52.09 52.53 52.97 53.41 53.84 54.28 54.66 55.06 55.44 55.84 56.22 56.66 57.09 57.66 58.00 58.28 58.53 58.81 59.06 59.12 59.28 60.12 60.91 61.75 62.62 63.66 64.97 66.22 67.56 69.12 70.22 70.59 71.00 71.38 71.75 72.16 72.53 72.84 73.19 73.56 73.88 74.12 74.28 74.41 74.56 74.81 75.06 75.25 75.34 75.38 75.28
37.47 38.09 38.94 39.56 40.59 40.81 41.22 41.84 42.34 42.84 43.44 44.03 44.69 45.38 46.09 46.84 47.59 48.31 48.91 49.47 50.00 50.47 50.94 51.41 51.84 52.28 52.69 53.06 53.47 53.88 54.31 54.66 55.03 55.38 55.72 56.09 56.44 57.09 57.56 57.81 58.06 58.31 58.56 58.78 59.19 59.78 60.41 61.12 62.06 63.06 64.22 65.44 66.66 68.06 69.81 70.78 71.28 71.66 72.00 72.38 72.72 73.06 73.41 73.78 74.19 74.59 75.00 75.22 75.28 75.28 75.78 76.06 76.16 76.19 76.16 76.00
38.44 39.22 39.50 40.50 41.53 41.97 42.28 42.72 43.25 43.75 44.28 44.78 45.34 45.97 46.62 47.34 48.06 48.72 49.31 49.81 50.28 50.75 51.16 51.56 52.00 52.38 52.78 53.16 53.53 53.91 54.31 54.66 55.00 55.31 55.62 55.94 56.66 57.06 57.31 57.56 57.81 58.09 58.34 58.84 59.41 59.97 60.69 61.47 62.44 63.41 64.62 65.84 67.00 68.38 69.91 70.81 71.56 72.16 72.56 72.94 73.31 73.66 73.94 74.31 74.75 75.28 75.97 76.41 76.59 76.59 77.22 77.59 77.47 77.38 77.28 77.16
39.31 39.94 40.88 41.56 42.38 42.75 43.22 43.66 44.09 44.56 45.03 45.50 45.97 46.53 47.16 47.78 48.47 49.06 49.59 50.06 50.50 50.91 51.31 51.69 52.09 52.47 52.84 53.19 53.53 53.94 54.31 54.66 54.97 55.25 55.59 56.22 56.62 56.84 57.09 57.34 57.59 57.88 58.34 58.91 59.53 60.09 60.88 61.75 62.78 63.75 65.00 66.19 67.28 68.47 69.81 70.78 71.59 72.38 73.16 73.47 73.81 74.12 74.41 74.75 75.19 75.81 76.62 77.94 79.38 79.81 79.53 79.16 78.91 78.69 78.62 78.53
39.62 41.16 41.72 42.56 43.19 43.62 44.03 44.41 44.81 45.22 45.66 46.09 46.56 47.06 47.62 48.19 48.78 49.31 49.81 50.25 50.66 51.03 51.41 51.78 52.16 52.50 52.88 53.19 53.53 53.91 54.28 54.66 55.00 55.44 55.75 56.09 56.38 56.66 56.91 57.12 57.38 57.84 58.38 58.97 59.62 60.28 61.03 61.88 62.94 64.12 65.31 66.38 67.47 68.53 69.69 70.69 71.56 72.41 73.19 73.66 74.09 74.47 74.78 75.06 75.22 76.06 78.06 80.06 82.03 82.81 82.59 81.59 80.59 80.03 80.12 80.72
41.50 42.41 43.03 43.50 43.94 44.31 44.69 45.03 45.41 45.81 46.22 46.62 47.06 47.53 48.00 48.50 49.03 49.53 49.97 50.34 50.72 51.09 51.44 51.81 52.19 52.53 52.88 53.19 53.50 53.91 54.34 54.69 54.97 55.31 55.62 55.91 56.19 56.47 56.62 56.81 57.34 57.91 58.44 59.06 59.75 60.50 61.25 62.09 63.09 64.41 65.47 66.53 67.59 68.56 69.59 70.59 71.53 72.38 73.16 73.78 74.31 74.78 75.19 75.50 75.78 76.47 79.06 81.88 83.75 84.22 84.16 83.69 82.66 81.44 82.12 83.66
42.53 43.31 43.81 44.22 44.59 44.94 45.25 45.59 45.94 46.31 46.69 47.09 47.50 47.91 48.34 48.78 49.25 49.69 50.06 50.41 50.75 51.09 51.44 51.81 52.16 52.53 52.88 53.25 53.62 53.97 54.25 54.56 54.88 55.19 55.47 55.78 56.03 56.19 56.38 56.88 57.41 58.00 58.59 59.22 59.91 60.69 61.56 62.44 63.38 64.56 65.66 66.72 67.72 68.66 69.56 70.47 71.50 72.44 73.25 73.97 74.59 75.12 75.66 76.12 76.72 77.66 79.91 83.03 84.41 84.59 84.62 84.38 83.94 83.03 83.84 84.62
43.12 43.88 44.41 44.81 45.12 45.44 45.75 46.06 46.38 46.72 47.09 47.47 47.84 48.25 48.62 49.03 49.44 49.81 50.16 50.44 50.72 51.03 51.41 51.75 52.09 52.47 52.81 53.19 53.53 53.84 54.16 54.47 54.75 55.06 55.34 55.62 55.88 56.22 56.66 57.09 57.75 58.34 58.94 59.53 60.16 60.91 61.78 62.81 63.88 64.91 65.94 66.91 67.88 68.81 69.66 70.38 71.62 72.66 73.47 74.22 74.91 75.53 76.12 76.75 77.50 78.62 80.78 83.75 84.75 84.94 84.91 84.72 84.44 84.09 84.31 84.75
43.56 44.31 44.84 45.25 45.56 45.84 46.16 46.47 46.78 47.09 47.44 47.78 48.16 48.53 48.88 49.25 49.62 49.94 50.09 50.28 50.56 50.91 51.28 51.62 52.00 52.38 52.72 53.09 53.41 53.75 54.03 54.34 54.69 55.19 55.56 55.91 56.31 56.72 57.09 57.66 58.28 58.88 59.47 60.03 60.56 61.25 62.22 63.34 64.38 65.34 66.28 67.16 68.12 69.06 69.94 70.84 71.94 72.97 73.81 74.56 75.28 75.94 76.62 77.34 78.16 79.31 81.03 84.06 84.94 85.03 85.09 85.06 84.94 84.72 84.75 85.03
43.97 44.69 45.22 45.59 45.94 46.22 46.53 46.81 47.12 47.41 47.72 48.03 48.38 48.75 49.00 49.12 49.25 49.50 49.81 50.16 50.47 50.81 51.19 51.53 51.91 52.28 52.62 53.00 53.31 53.66 54.09 54.81 55.44 55.78 56.12 56.53 57.00 57.41 57.88 58.38 58.97 59.50 60.06 60.62 61.16 61.84 62.97 64.00 64.97 65.84 66.69 67.53 68.47 69.44 70.38 71.28 72.38 73.38 74.22 74.97 75.69 76.38 77.09 77.88 78.75 79.91 81.53 84.09 85.00 85.22 85.31 85.47 85.38 85.12 85.19 85.41
44.44 45.06 45.56 45.94 46.25 46.53 46.81 47.09 47.34 47.62 47.88 48.06 48.19 48.31 48.59 48.88 49.12 49.44 49.75 50.06 50.38 50.75 51.09 51.47 51.81 52.19 52.59 53.16 53.84 54.44 54.94 55.50 56.03 56.47 56.94 57.44 57.91 58.31 58.75 59.22 59.72 60.22 60.78 61.34 62.03 62.94 63.81 64.72 65.59 66.41 67.19 68.00 68.91 69.91 70.97 71.97 72.88 73.84 74.69 75.44 76.12 76.81 77.53 78.34 79.28 80.66 82.72 84.38 85.12 85.47 85.59 85.75 85.62 85.47 85.59 85.75
44.94 45.47 45.91 46.25 46.53 46.75 46.97 47.22 47.41 47.47 47.59 47.81 48.03 48.25 48.53 48.78 49.06 49.34 49.66 49.97 50.28 50.66 51.12 51.66 52.25 52.91 53.44 53.97 54.53 55.09 55.69 56.28 56.91 57.47 58.00 58.50 58.94 59.38 59.75 60.12 60.56 61.06 61.66 62.34 63.06 63.84 64.66 65.50 66.28 67.06 67.81 68.41 69.41 70.47 71.47 72.31 73.44 74.38 75.22 75.94 76.62 77.25 77.94 78.78 79.94 81.78 83.69 84.72 85.31 85.62 85.78 85.88 85.78 85.81 86.00 86.16
45.47 45.88 46.25 46.53 46.69 46.81 46.91 47.00 47.16 47.31 47.53 47.75 47.97 48.16 48.44 48.72 48.97 49.28 49.75 50.31 50.97 51.62 52.16 52.62 53.06 53.56 54.09 54.66 55.28 55.91 56.56 57.25 57.91 58.50 59.03 59.53 60.00 60.44 60.84 61.22 61.66 62.12 62.66 63.28 63.94 64.66 65.41 66.22 67.03 67.81 68.59 69.34 70.09 71.19 72.06 73.00 74.03 75.00 75.88 76.56 77.16 77.72 78.22 78.94 81.09 83.00 84.44 85.03 85.41 85.72 85.97 86.03 86.03 86.19 86.41 86.56
45.94 46.28 46.56 46.66 46.59 46.62 46.78 46.94 47.09 47.25 47.47 47.69 47.88 48.09 48.34 48.91 49.94 50.59 50.94 51.31 51.75 52.25 52.75 53.25 53.75 54.28 54.84 55.47 56.12 56.81 57.53 58.22 58.88 59.50 60.06 60.56 61.06 61.50 61.91 62.28 62.66 63.09 63.56 64.12 64.75 65.47 66.22 67.03 67.84 68.62 69.34 70.09 71.12 72.03 72.94 73.53 74.62 75.56 76.25 77.09 77.78 78.50 78.97 79.69 82.16 83.78 84.69 85.09 85.59 85.97 86.25 86.38 86.44 86.62 86.78 86.94
46.41 46.56 46.56 46.56 46.59 46.59 46.72 46.88 47.03 47.19 47.38 47.59 47.69 47.59 47.81 48.94 50.38 50.97 51.47 51.91 52.38 52.91 53.41 53.97 54.50 55.06 55.66 56.31 57.00 57.78 58.50 59.19 59.84 60.44 61.03 61.56 62.03 62.50 62.94 63.31 63.69 64.06 64.50 65.00 65.59 66.28 67.03 67.84 68.69 69.53 70.06 71.06 72.06 73.84 75.50 75.72 75.53 76.03 76.78 77.50 78.06 79.47 80.22 80.91 82.53 83.91 84.56 85.22 85.81 86.28 86.62 86.81 86.91 87.03 87.19 87.31
46.53 46.53 46.56 46.56 46.56 46.59 46.66 46.81 46.97 47.22 47.53 47.56 47.56 47.69 48.22 49.25 50.53 51.38 52.00 52.50 53.03 53.56 54.12 54.69 55.28 55.88 56.53 57.22 57.94 58.69 59.41 60.06 60.72 61.34 61.91 62.47 63.00 63.47 63.91 64.31 64.69 65.03 65.41 65.91 66.44 67.09 67.81 68.66 69.41 70.34 71.03 71.56 73.06 75.25 76.91 76.69 76.66 76.31 77.38 78.16 79.00 79.78 81.31 82.16 83.03 83.94 84.69 85.38 86.00 86.53 86.94 87.22 87.34 87.47 87.62 87.72
46.53 46.53 46.56 46.56 46.56 46.59 46.59 46.53 46.53 47.00 47.41 47.53 47.66 48.03 48.75 49.81 50.91 51.81 52.53 53.12 53.69 54.25 54.84 55.44 56.06 56.72 57.41 58.12 58.88 59.56 60.25 60.91 61.56 62.16 62.75 63.31 63.84 64.34 64.78 65.22 65.62 66.00 66.31 66.75 67.44 67.97 68.56 69.47 70.47 71.12 71.78 72.59 74.03 77.44 77.28 77.50 77.53 77.22 77.69 78.84 79.78 80.88 82.03 83.16 83.78 84.44 85.06 85.62 86.22 86.78 87.28 87.62 87.75 87.84 88.00 88.09
46.53 46.53 46.56 46.53 46.41 46.34 46.44 46.47 46.47 46.69 47.19 47.62 48.00 48.66 49.47 50.44 51.44 52.34 53.09 53.75 54.34 54.94 55.56 56.19 56.84 57.53 58.28 59.00 59.72 60.41 61.09 61.72 62.34 62.97 63.56 64.12 64.66 65.19 65.66 66.12 66.56 66.94 67.31 67.84 68.50 69.09 69.53 70.38 71.31 72.06 72.72 73.44 76.91 78.16 78.03 78.06 78.09 78.06 78.38 79.38 80.44 81.53 82.78 83.81 84.50 85.00 85.50 86.00 86.53 87.09 87.59 87.97 88.12 88.25 88.38 88.44
