everonasctiles/Tile[14,32].asc
ncols 128
nrows 128
xllcorner 0
yllcorner 0
cellsize 2.0
NODATA_value  -9999
[rows 33 to 65 of 128, columns 0 to 73 of 128]
-13.31 -13.19 -13.31 -13.53 -13.72 -13.94 -14.09 -14.25 -14.38 -14.31 -14.47 -14.59 -14.66 -14.75 -14.91 -15.06 -15.16 -14.94 -14.66 -14.50 -14.47 -14.44 -14.41 -14.41 -14.44 -14.44 -14.47 -14.53 -14.62 -14.50 -14.25 -14.19 -14.12 -13.97 -13.94 -13.91 -13.81 -13.69 -13.50 -13.34 -13.16 -13.12 -13.22 -13.06 -12.75 -12.66 -12.47 -12.31 -12.16 -11.97 -11.81 -11.72 -11.53 -11.31 -11.09 -10.88 -10.69 -10.50 -10.31 -10.12 -9.88 -9.72 -9.50 -9.28 -9.00 -8.78 -8.59 -8.41 -8.16 -7.81 -7.41 -6.94 -6.47 -6.06
-13.78 -13.50 -13.50 -13.75 -13.94 -14.16 -14.16 -14.22 -14.44 -14.53 -14.41 -14.47 -14.59 -14.66 -14.72 -14.94 -15.22 -15.38 -15.44 -15.38 -14.97 -14.62 -14.53 -14.47 -14.47 -14.47 -14.53 -14.50 -14.44 -14.31 -14.22 -14.16 -14.09 -14.03 -13.91 -13.94 -13.94 -13.84 -13.72 -13.56 -13.38 -13.28 -13.19 -13.16 -13.06 -12.97 -12.75 -12.53 -12.41 -12.28 -12.12 -11.97 -11.75 -11.50 -11.25 -11.06 -10.94 -10.78 -10.56 -10.31 -10.06 -9.84 -9.62 -9.44 -9.25 -9.06 -8.84 -8.62 -8.41 -8.06 -7.59 -7.12 -6.62 -6.19
-14.00 -14.00 -14.00 -14.00 -14.09 -14.25 -14.28 -14.41 -14.47 -14.50 -14.34 -14.28 -14.25 -14.28 -14.38 -14.53 -14.72 -15.00 -15.22 -15.44 -15.59 -15.41 -14.84 -14.56 -14.59 -14.56 -14.56 -14.53 -14.47 -14.50 -14.50 -14.41 -14.31 -14.31 -14.28 -14.25 -14.19 -14.00 -13.78 -13.66 -13.53 -13.41 -13.31 -13.31 -13.25 -13.16 -13.03 -12.78 -12.66 -12.56 -12.41 -12.22 -12.03 -11.81 -11.56 -11.34 -11.16 -10.97 -10.72 -10.44 -10.22 -10.00 -9.78 -9.59 -9.41 -9.25 -9.03 -8.81 -8.59 -8.28 -7.81 -7.34 -6.84 -6.34
-14.06 -14.28 -14.34 -14.38 -14.38 -14.56 -14.62 -14.66 -14.62 -14.59 -14.50 -14.41 -14.31 -14.34 -14.41 -14.47 -14.59 -14.69 -14.75 -14.84 -15.22 -15.56 -15.22 -14.75 -14.69 -14.72 -14.78 -14.75 -14.69 -14.66 -14.59 -14.56 -14.59 -14.69 -14.69 -14.56 -14.34 -14.12 -14.00 -13.94 -13.81 -13.69 -13.59 -13.56 -13.41 -13.28 -13.22 -13.09 -12.94 -12.78 -12.56 -12.38 -12.22 -12.12 -11.94 -11.66 -11.41 -11.12 -10.88 -10.62 -10.41 -10.19 -10.00 -9.81 -9.59 -9.41 -9.19 -8.97 -8.78 -8.50 -8.06 -7.56 -7.06 -6.47
-14.62 -14.66 -14.62 -14.66 -14.72 -14.75 -14.72 -14.69 -14.66 -14.56 -14.53 -14.47 -14.41 -14.44 -14.47 -14.50 -14.56 -14.59 -14.69 -14.88 -15.06 -15.44 -15.34 -14.97 -14.88 -14.97 -15.00 -15.00 -14.94 -14.88 -14.88 -14.91 -14.91 -14.97 -14.97 -14.84 -14.62 -14.38 -14.25 -14.09 -14.03 -14.00 -13.97 -14.00 -13.84 -13.62 -13.44 -13.31 -13.19 -12.97 -12.72 -12.53 -12.34 -12.25 -12.16 -12.00 -11.72 -11.44 -11.12 -10.84 -10.59 -10.38 -10.16 -9.97 -9.75 -9.53 -9.34 -9.12 -8.94 -8.72 -8.31 -7.84 -7.34 -6.72
-14.81 -14.78 -14.81 -14.88 -14.88 -14.88 -14.84 -14.75 -14.72 -14.66 -14.66 -14.62 -14.53 -14.50 -14.56 -14.62 -14.66 -14.72 -14.81 -14.91 -15.22 -15.66 -15.59 -15.19 -15.06 -15.12 -15.09 -15.03 -15.00 -15.00 -15.06 -15.09 -15.03 -14.97 -14.88 -14.72 -14.66 -14.59 -14.44 -14.34 -14.31 -14.28 -14.22 -14.12 -14.00 -13.91 -13.69 -13.47 -13.31 -13.09 -12.84 -12.66 -12.47 -12.34 -12.19 -12.03 -11.84 -11.62 -11.34 -11.06 -10.78 -10.56 -10.34 -10.12 -9.91 -9.72 -9.50 -9.28 -9.06 -8.84 -8.50 -8.09 -7.62 -7.00
-15.03 -15.12 -15.19 -15.12 -15.06 -15.06 -15.09 -15.00 -14.84 -14.78 -14.84 -14.88 -14.84 -14.88 -14.91 -14.94 -14.97 -15.03 -15.06 -15.12 -15.28 -15.75 -16.09 -15.88 -15.41 -15.25 -15.19 -15.16 -15.19 -15.19 -15.19 -15.06 -14.94 -14.91 -14.84 -14.78 -14.81 -14.84 -14.75 -14.66 -14.50 -14.41 -14.34 -14.31 -14.25 -14.09 -13.84 -13.53 -13.38 -13.22 -13.03 -12.84 -12.72 -12.56 -12.31 -12.09 -11.91 -11.72 -11.53 -11.31 -11.03 -10.78 -10.56 -10.31 -10.09 -9.88 -9.66 -9.44 -9.22 -9.00 -8.75 -8.41 -7.97 -7.34
-14.91 -14.88 -15.06 -15.25 -15.25 -15.12 -15.16 -15.09 -14.94 -14.91 -15.03 -15.09 -15.16 -15.22 -15.25 -15.28 -15.25 -15.22 -15.22 -15.28 -15.28 -15.31 -15.69 -16.16 -16.22 -16.16 -16.09 -15.69 -15.34 -15.28 -15.25 -15.19 -15.16 -15.09 -15.06 -15.03 -15.06 -15.03 -15.03 -14.94 -14.78 -14.59 -14.50 -14.44 -14.34 -14.16 -13.97 -13.66 -13.50 -13.41 -13.28 -13.09 -12.97 -12.72 -12.47 -12.25 -12.03 -11.81 -11.66 -11.50 -11.28 -11.00 -10.75 -10.53 -10.31 -10.06 -9.84 -9.66 -9.44 -9.22 -9.00 -8.69 -8.28 -7.72
-14.75 -14.72 -15.00 -15.25 -15.19 -15.16 -15.22 -15.22 -15.28 -15.31 -15.28 -15.25 -15.25 -15.34 -15.44 -15.47 -15.41 -15.34 -15.41 -15.41 -15.34 -15.31 -15.41 -15.59 -15.75 -15.91 -16.22 -16.06 -15.62 -15.44 -15.38 -15.34 -15.31 -15.31 -15.28 -15.25 -15.19 -15.12 -15.09 -15.03 -14.97 -14.81 -14.59 -14.44 -14.34 -14.16 -14.03 -13.88 -13.75 -13.66 -13.47 -13.22 -12.97 -12.78 -12.62 -12.41 -12.16 -11.97 -11.75 -11.56 -11.34 -11.16 -10.94 -10.72 -10.53 -10.31 -10.09 -9.88 -9.62 -9.41 -9.16 -8.91 -8.56 -8.09
-14.72 -14.75 -14.78 -14.88 -14.97 -15.03 -15.12 -15.34 -15.34 -15.34 -15.50 -15.56 -15.50 -15.47 -15.53 -15.56 -15.62 -15.66 -15.53 -15.41 -15.38 -15.44 -15.59 -15.69 -15.72 -15.81 -16.28 -16.28 -15.81 -15.56 -15.59 -15.53 -15.47 -15.41 -15.41 -15.41 -15.38 -15.22 -15.16 -15.06 -14.94 -14.84 -14.69 -14.50 -14.38 -14.31 -14.19 -14.03 -13.81 -13.69 -13.56 -13.41 -13.19 -12.97 -12.78 -12.56 -12.38 -12.19 -11.97 -11.75 -11.53 -11.31 -11.12 -10.94 -10.75 -10.56 -10.31 -10.03 -9.78 -9.53 -9.31 -9.06 -8.81 -8.44
-14.91 -14.84 -14.75 -14.88 -15.00 -15.06 -15.09 -15.16 -15.31 -15.28 -15.28 -15.47 -15.62 -15.69 -15.56 -15.47 -15.50 -15.59 -15.72 -15.72 -15.62 -15.62 -15.62 -15.56 -15.59 -15.66 -16.03 -16.44 -16.38 -15.97 -15.84 -15.78 -15.69 -15.59 -15.53 -15.47 -15.47 -15.41 -15.25 -15.19 -15.06 -14.88 -14.69 -14.56 -14.50 -14.50 -14.38 -14.22 -14.00 -13.78 -13.66 -13.59 -13.44 -13.19 -12.97 -12.75 -12.53 -12.34 -12.16 -11.94 -11.75 -11.56 -11.38 -11.16 -10.94 -10.72 -10.50 -10.25 -9.97 -9.72 -9.47 -9.22 -8.97 -8.72
-14.84 -14.72 -14.72 -14.78 -14.91 -15.03 -15.16 -15.28 -15.41 -15.50 -15.47 -15.47 -15.50 -15.59 -15.84 -15.88 -15.75 -15.66 -15.72 -15.84 -15.97 -15.91 -15.78 -15.78 -15.81 -15.91 -16.00 -16.38 -16.62 -16.22 -15.81 -15.78 -15.78 -15.81 -15.72 -15.53 -15.47 -15.47 -15.41 -15.25 -15.06 -14.97 -14.88 -14.81 -14.75 -14.72 -14.53 -14.31 -14.19 -13.97 -13.81 -13.69 -13.62 -13.47 -13.22 -13.00 -12.81 -12.62 -12.44 -12.19 -11.97 -11.81 -11.59 -11.31 -11.03 -10.81 -10.62 -10.44 -10.16 -9.88 -9.62 -9.34 -9.09 -8.84
-15.66 -15.25 -15.00 -15.12 -15.25 -15.19 -15.16 -15.25 -15.34 -15.50 -15.62 -15.66 -15.66 -15.66 -15.72 -15.94 -16.06 -16.03 -15.97 -15.97 -16.06 -16.12 -16.06 -16.06 -16.09 -16.09 -16.09 -16.16 -16.53 -16.59 -16.12 -15.84 -15.84 -15.84 -15.81 -15.72 -15.62 -15.56 -15.47 -15.31 -15.22 -15.12 -15.06 -15.06 -15.03 -14.94 -14.78 -14.56 -14.44 -14.38 -14.16 -13.97 -13.81 -13.59 -13.34 -13.12 -12.94 -12.75 -12.56 -12.34 -12.16 -11.91 -11.66 -11.44 -11.19 -10.97 -10.75 -10.53 -10.28 -10.03 -9.75 -9.47 -9.22 -9.00
-15.62 -15.88 -15.72 -15.81 -16.19 -16.28 -16.19 -15.94 -15.75 -15.69 -15.69 -15.69 -15.69 -15.84 -15.88 -15.91 -15.94 -16.09 -16.16 -16.16 -16.19 -16.41 -16.41 -16.19 -16.00 -16.00 -16.19 -16.28 -16.31 -16.62 -16.56 -16.09 -15.91 -15.88 -15.84 -15.81 -15.72 -15.59 -15.56 -15.50 -15.44 -15.38 -15.28 -15.19 -15.09 -15.00 -14.97 -14.84 -14.66 -14.56 -14.38 -14.16 -13.94 -13.72 -13.50 -13.28 -13.06 -12.88 -12.69 -12.47 -12.28 -12.03 -11.84 -11.59 -11.38 -11.12 -10.88 -10.62 -10.41 -10.16 -9.88 -9.59 -9.34 -9.09
-15.00 -15.25 -15.44 -15.25 -15.28 -15.81 -16.38 -16.56 -16.59 -16.62 -16.16 -15.81 -15.91 -16.06 -16.12 -16.09 -16.19 -16.28 -16.31 -16.28 -16.22 -16.22 -16.38 -16.38 -16.25 -16.16 -16.16 -16.28 -16.31 -16.47 -16.72 -16.41 -16.03 -15.94 -15.88 -15.81 -15.75 -15.69 -15.72 -15.75 -15.72 -15.66 -15.56 -15.44 -15.25 -15.12 -15.09 -15.06 -14.97 -14.78 -14.50 -14.28 -14.12 -13.91 -13.72 -13.53 -13.31 -13.09 -12.88 -12.69 -12.44 -12.22 -12.03 -11.78 -11.53 -11.28 -11.06 -10.81 -10.56 -10.28 -10.00 -9.75 -9.50 -9.28
-15.06 -15.19 -15.34 -15.41 -15.44 -15.56 -15.66 -15.88 -16.06 -16.47 -16.81 -16.72 -16.50 -16.28 -16.19 -16.22 -16.19 -16.22 -16.31 -16.41 -16.47 -16.41 -16.38 -16.44 -16.53 -16.41 -16.25 -16.31 -16.41 -16.50 -16.84 -16.88 -16.41 -16.12 -16.03 -15.97 -15.91 -15.88 -15.84 -15.84 -15.75 -15.62 -15.59 -15.56 -15.50 -15.38 -15.22 -15.12 -15.06 -14.97 -14.81 -14.59 -14.34 -14.12 -13.91 -13.69 -13.44 -13.25 -13.03 -12.81 -12.59 -12.44 -12.22 -12.00 -11.78 -11.56 -11.31 -11.03 -10.72 -10.44 -10.19 -9.97 -9.75 -9.56
-15.12 -15.34 -15.47 -15.59 -15.62 -15.62 -15.81 -16.06 -16.22 -16.31 -16.62 -16.97 -17.12 -17.19 -17.09 -16.97 -16.56 -16.28 -16.28 -16.38 -16.38 -16.41 -16.53 -16.59 -16.62 -16.75 -16.75 -16.59 -16.56 -16.56 -16.78 -17.16 -17.03 -16.72 -16.59 -16.38 -16.19 -16.09 -15.97 -15.91 -15.84 -15.78 -15.75 -15.66 -15.59 -15.53 -15.44 -15.31 -15.19 -15.09 -14.97 -14.78 -14.53 -14.28 -14.12 -13.88 -13.66 -13.41 -13.22 -13.00 -12.81 -12.62 -12.44 -12.28 -12.06 -11.94 -11.75 -11.31 -10.88 -10.59 -10.34 -10.09 -9.81 -9.50
-15.44 -15.66 -15.78 -15.72 -15.62 -15.59 -15.59 -15.69 -16.00 -16.22 -16.41 -16.53 -16.59 -16.88 -17.19 -17.28 -17.00 -16.53 -16.44 -16.62 -16.62 -16.47 -16.47 -16.66 -16.69 -16.72 -16.81 -16.78 -16.81 -16.88 -16.84 -16.78 -17.12 -17.25 -17.00 -16.75 -16.56 -16.28 -16.16 -16.06 -15.97 -15.91 -15.91 -15.75 -15.66 -15.53 -15.50 -15.50 -15.31 -15.09 -15.00 -14.84 -14.59 -14.38 -14.22 -14.03 -13.88 -13.66 -13.44 -13.22 -13.03 -13.03 -13.03 -12.84 -12.59 -12.28 -11.94 -11.53 -11.16 -10.84 -10.66 -10.50 -10.22 -9.88
-15.62 -15.59 -15.62 -15.78 -15.97 -16.00 -15.91 -15.81 -15.91 -16.03 -16.28 -16.78 -17.09 -17.06 -17.03 -17.25 -17.38 -17.22 -16.81 -16.66 -16.62 -16.62 -16.62 -16.59 -16.66 -16.66 -16.81 -17.00 -17.19 -17.28 -17.34 -17.28 -17.25 -17.25 -16.94 -16.66 -16.59 -16.50 -16.41 -16.25 -16.09 -16.06 -15.97 -15.81 -15.75 -15.66 -15.56 -15.47 -15.34 -15.22 -15.06 -14.91 -14.75 -14.59 -14.41 -14.25 -14.16 -14.06 -13.91 -13.62 -13.41 -13.44 -13.38 -13.16 -12.94 -12.62 -12.28 -12.03 -11.75 -11.41 -11.09 -10.78 -10.44 -10.09
-15.41 -15.50 -15.56 -15.69 -15.78 -15.84 -15.88 -15.91 -16.00 -16.09 -16.28 -16.69 -17.06 -17.22 -17.25 -17.34 -17.47 -17.50 -17.31 -17.03 -16.75 -16.59 -16.59 -16.62 -16.69 -16.78 -16.94 -17.16 -17.22 -17.09 -17.00 -17.00 -17.06 -17.38 -17.34 -16.97 -16.66 -16.56 -16.50 -16.47 -16.38 -16.28 -16.12 -15.97 -15.88 -15.78 -15.69 -15.53 -15.41 -15.31 -15.19 -15.06 -15.03 -15.03 -14.97 -14.91 -14.81 -14.69 -14.53 -14.31 -14.03 -13.81 -13.59 -13.38 -13.12 -12.84 -12.53 -12.22 -11.94 -11.59 -11.25 -10.91 -10.56 -10.22
-15.31 -15.44 -15.53 -15.66 -15.78 -15.84 -15.91 -16.00 -16.09 -16.12 -16.19 -16.22 -16.34 -16.66 -17.06 -17.34 -17.47 -17.53 -17.22 -16.88 -16.84 -16.81 -16.78 -16.91 -17.03 -17.09 -17.03 -16.91 -17.00 -17.12 -17.09 -17.03 -17.28 -17.50 -17.56 -17.53 -17.25 -16.91 -16.72 -16.69 -16.66 -16.59 -16.41 -16.19 -16.06 -16.00 -15.94 -15.78 -15.62 -15.50 -15.34 -15.34 -15.34 -15.19 -15.16 -15.16 -15.09 -14.97 -14.78 -14.56 -14.31 -14.03 -13.75 -13.47 -13.19 -12.91 -12.62 -12.34 -12.06 -11.72 -11.38 -11.00 -10.62 -10.28
-15.38 -15.47 -15.75 -16.09 -16.09 -16.00 -15.97 -16.00 -16.09 -16.12 -16.16 -16.22 -16.31 -16.41 -16.56 -16.94 -17.38 -17.53 -17.47 -17.44 -17.53 -17.56 -17.56 -17.59 -17.62 -17.62 -17.59 -17.53 -17.53 -17.69 -17.75 -17.72 -17.75 -17.75 -17.75 -17.72 -17.66 -17.56 -17.44 -17.34 -17.31 -17.22 -17.03 -16.84 -16.75 -16.69 -16.47 -16.28 -16.22 -15.97 -15.69 -15.66 -15.62 -15.62 -15.62 -15.47 -15.34 -15.19 -14.88 -14.62 -14.38 -14.12 -13.88 -13.47 -13.09 -12.84 -12.66 -12.41 -12.12 -11.81 -11.44 -11.09 -10.75 -10.38
-15.53 -15.62 -15.75 -15.97 -16.12 -16.12 -16.16 -16.19 -16.22 -16.19 -16.19 -16.25 -16.38 -16.47 -16.53 -16.62 -17.12 -17.53 -17.62 -17.59 -17.66 -17.78 -17.84 -17.84 -17.88 -17.88 -17.91 -17.84 -17.81 -17.81 -17.81 -17.81 -17.81 -17.75 -17.84 -17.84 -17.72 -17.69 -17.59 -17.50 -17.53 -17.47 -17.34 -17.19 -17.09 -17.00 -16.88 -16.75 -16.62 -16.53 -16.47 -16.31 -16.19 -16.06 -15.88 -15.62 -15.41 -15.19 -14.88 -14.66 -14.50 -14.16 -13.81 -13.62 -13.34 -13.00 -12.78 -12.50 -12.16 -11.84 -11.53 -11.19 -10.81 -10.41
-15.62 -15.66 -15.75 -15.88 -16.00 -16.12 -16.19 -16.25 -16.31 -16.38 -16.44 -16.50 -16.44 -16.47 -16.56 -16.66 -17.06 -17.47 -17.72 -17.84 -17.91 -17.94 -17.91 -17.88 -17.88 -17.88 -17.91 -17.97 -17.94 -17.81 -17.78 -17.84 -17.81 -17.75 -17.59 -17.44 -17.44 -17.59 -17.69 -17.62 -17.66 -17.66 -17.56 -17.38 -17.28 -17.19 -17.06 -16.94 -16.84 -16.81 -16.72 -16.53 -16.38 -16.22 -16.00 -15.78 -15.53 -15.22 -14.81 -14.50 -14.34 -14.12 -13.94 -13.78 -13.50 -13.16 -12.84 -12.53 -12.22 -11.88 -11.47 -11.03 -10.56 -10.16
-15.66 -15.75 -15.84 -15.97 -16.06 -16.12 -16.22 -16.34 -16.44 -16.50 -16.59 -16.69 -16.66 -16.66 -16.75 -17.19 -17.53 -17.59 -17.78 -17.91 -17.88 -17.56 -17.44 -17.34 -17.12 -17.00 -17.12 -17.50 -17.69 -17.69 -17.69 -17.66 -17.41 -17.16 -17.03 -17.03 -17.28 -17.47 -17.53 -17.41 -17.34 -17.22 -17.06 -17.16 -17.28 -17.25 -16.94 -16.56 -16.69 -16.88 -16.81 -16.69 -16.53 -16.34 -16.06 -15.88 -15.62 -15.19 -14.81 -14.59 -14.44 -14.34 -14.16 -13.88 -13.56 -13.25 -12.94 -12.59 -12.28 -11.84 -11.31 -10.88 -10.53 -10.16
-15.81 -15.94 -16.06 -16.19 -16.31 -16.28 -16.31 -16.47 -16.62 -16.72 -16.75 -16.66 -16.69 -16.88 -17.22 -17.59 -17.72 -17.75 -17.84 -17.88 -17.78 -17.44 -17.09 -17.00 -16.97 -17.00 -17.09 -17.12 -17.16 -17.16 -17.34 -17.34 -17.12 -17.03 -17.03 -17.12 -17.16 -17.03 -17.09 -17.19 -17.22 -17.22 -17.09 -16.91 -16.91 -16.88 -16.72 -16.50 -16.41 -16.38 -16.44 -16.44 -16.34 -16.25 -16.19 -15.97 -15.59 -15.19 -14.94 -14.81 -14.69 -14.47 -14.09 -13.62 -13.28 -12.94 -12.69 -12.56 -12.25 -11.69 -11.25 -10.88 -10.50 -10.12
-16.22 -16.31 -16.41 -16.47 -16.50 -16.62 -16.72 -16.69 -16.62 -16.56 -16.59 -16.62 -16.69 -17.00 -17.41 -17.66 -17.81 -17.91 -17.81 -17.59 -17.59 -17.66 -17.56 -17.34 -17.19 -17.06 -17.00 -17.09 -17.22 -17.22 -17.19 -17.22 -17.19 -17.12 -17.06 -17.06 -17.16 -17.19 -17.09 -17.09 -17.19 -17.22 -17.19 -17.00 -16.78 -16.78 -16.72 -16.53 -16.41 -16.34 -16.28 -16.16 -16.09 -16.03 -15.84 -15.72 -15.72 -15.56 -15.22 -15.00 -14.78 -14.34 -13.88 -13.53 -13.25 -12.94 -12.62 -12.31 -12.00 -11.62 -11.25 -10.88 -10.50 -10.12
-16.41 -16.47 -16.50 -16.53 -16.72 -16.78 -16.72 -16.72 -16.62 -16.66 -16.88 -16.94 -17.00 -17.34 -17.62 -17.69 -17.75 -17.50 -17.22 -17.12 -17.19 -17.25 -17.34 -17.44 -17.56 -17.53 -17.38 -17.25 -17.22 -17.25 -17.22 -17.19 -17.22 -17.25 -17.31 -17.41 -17.41 -17.34 -17.28 -17.25 -17.28 -17.31 -17.12 -17.03 -16.88 -16.78 -16.78 -16.66 -16.56 -16.56 -16.56 -16.44 -16.25 -16.03 -15.75 -15.53 -15.47 -15.53 -15.44 -15.19 -14.81 -14.28 -13.88 -13.59 -13.28 -13.00 -12.66 -12.31 -11.97 -11.66 -11.28 -10.91 -10.56 -10.19
-16.34 -16.34 -16.41 -16.50 -16.66 -16.72 -16.78 -16.66 -16.59 -16.72 -17.00 -17.19 -17.41 -17.72 -17.94 -18.00 -17.91 -17.59 -17.34 -17.16 -17.09 -17.12 -17.19 -17.12 -17.12 -17.25 -17.31 -17.22 -17.16 -17.25 -17.31 -17.34 -17.41 -17.47 -17.44 -17.41 -17.38 -17.41 -17.44 -17.44 -17.47 -17.44 -17.25 -17.22 -17.22 -17.12 -17.03 -17.00 -16.91 -16.78 -16.62 -16.50 -16.34 -16.12 -15.81 -15.62 -15.53 -15.50 -15.50 -15.28 -14.81 -14.34 -13.97 -13.66 -13.34 -13.03 -12.69 -12.38 -12.03 -11.69 -11.31 -10.97 -10.62 -10.25
-16.38 -16.38 -16.44 -16.47 -16.47 -16.50 -16.72 -16.78 -16.78 -16.84 -16.94 -17.12 -17.56 -17.88 -18.00 -17.97 -17.88 -17.69 -17.41 -17.28 -17.34 -17.25 -17.12 -17.12 -17.12 -17.16 -17.25 -17.28 -17.34 -17.38 -17.44 -17.50 -17.59 -17.62 -17.53 -17.47 -17.47 -17.56 -17.62 -17.62 -17.72 -17.78 -17.75 -17.78 -17.72 -17.53 -17.41 -17.25 -17.00 -16.66 -16.47 -16.31 -16.19 -16.03 -15.88 -15.72 -15.62 -15.62 -15.41 -15.03 -14.62 -14.34 -14.03 -13.72 -13.44 -13.09 -12.75 -12.44 -12.09 -11.78 -11.41 -11.03 -10.69 -10.31
-16.47 -16.38 -16.41 -16.38 -16.34 -16.47 -16.56 -16.69 -16.75 -16.97 -17.50 -17.78 -17.88 -18.00 -18.09 -18.03 -17.91 -17.53 -17.38 -17.62 -17.53 -17.22 -17.19 -17.28 -17.34 -17.41 -17.47 -17.56 -17.59 -17.66 -17.69 -17.69 -17.75 -17.84 -17.81 -17.78 -17.81 -17.84 -17.78 -17.59 -17.53 -17.62 -17.69 -17.69 -17.56 -17.53 -17.53 -17.47 -17.28 -16.94 -16.66 -16.47 -16.31 -16.09 -15.94 -15.78 -15.78 -15.81 -15.53 -15.06 -14.72 -14.44 -14.09 -13.78 -13.50 -13.19 -12.84 -12.50 -12.16 -11.81 -11.47 -11.09 -10.69 -10.31
-17.19 -17.00 -16.50 -16.31 -16.38 -16.47 -16.59 -16.72 -16.81 -17.09 -17.56 -17.84 -17.88 -17.94 -18.09 -18.06 -17.84 -17.34 -17.03 -17.16 -17.31 -17.41 -17.44 -17.38 -17.34 -17.59 -17.94 -18.19 -18.28 -18.16 -18.03 -18.09 -18.19 -18.28 -18.31 -18.19 -18.12 -18.06 -18.00 -17.84 -17.78 -17.69 -17.50 -17.38 -17.34 -17.38 -17.44 -17.47 -17.50 -17.34 -17.00 -16.66 -16.50 -16.31 -16.16 -16.03 -16.09 -16.00 -15.59 -15.19 -14.81 -14.50 -14.19 -13.88 -13.59 -13.28 -12.97 -12.62 -12.28 -11.91 -11.53 -11.12 -10.75 -10.34
-16.66 -16.75 -16.72 -16.56 -16.50 -16.47 -16.47 -16.56 -16.72 -16.97 -17.44 -17.72 -17.50 -17.16 -17.22 -17.22 -17.03 -17.06 -17.12 -17.03 -17.16 -17.34 -17.47 -17.56 -17.56 -17.53 -17.53 -17.69 -18.00 -18.34 -18.44 -18.31 -18.19 -18.16 -18.16 -18.03 -17.91 -17.91 -17.94 -17.88 -17.75 -17.50 -17.38 -17.41 -17.38 -17.31 -17.28 -17.22 -17.22 -17.31 -17.22 -17.00 -16.78 -16.53 -16.28 -16.16 -16.19 -15.91 -15.47 -15.22 -14.91 -14.59 -14.31 -14.00 -13.72 -13.41 -13.06 -12.72 -12.34 -11.97 -11.59 -11.19 -10.78 -10.41
