everonasctiles/Tile[7,31].asc
ncols 128
nrows 128
xllcorner 0
yllcorner 0
cellsize 2.0
NODATA_value  -9999
[rows 0 to 31 of 128, columns 0 to 70 of 128]
-25.09 -25.06 -25.00 -24.94 -25.25 -25.53 -25.75 -26.12 -26.56 -26.75 -26.75 -26.69 -26.72 -26.78 -26.91 -27.00 -27.00 -26.97 -26.97 -26.94 -26.94 -26.84 -26.69 -26.44 -26.34 -26.47 -26.59 -26.53 -26.28 -26.16 -26.19 -26.03 -25.84 -25.66 -25.41 -25.28 -25.22 -25.09 -25.09 -25.06 -25.03 -24.97 -24.91 -24.88 -24.88 -24.84 -24.91 -24.91 -24.88 -24.84 -24.81 -24.81 -24.78 -24.75 -24.69 -24.59 -24.59 -24.69 -24.81 -24.88 -24.94 -24.97 -24.94 -24.94 -24.97 -24.94 -24.81 -24.72 -24.69 -24.69 -24.72
-24.72 -24.75 -24.72 -24.66 -24.88 -25.12 -25.41 -25.72 -26.22 -26.47 -26.44 -26.44 -26.50 -26.53 -26.75 -26.88 -26.88 -26.84 -26.91 -26.91 -26.91 -26.81 -26.59 -26.31 -26.28 -26.34 -26.53 -26.47 -26.19 -26.00 -26.12 -26.12 -26.03 -25.78 -25.50 -25.34 -25.28 -25.22 -25.12 -25.06 -25.03 -24.97 -24.94 -24.91 -24.94 -24.94 -24.91 -24.97 -24.94 -24.88 -24.88 -24.91 -24.81 -24.78 -24.72 -24.69 -24.75 -24.84 -24.94 -25.00 -25.06 -25.06 -25.06 -25.03 -25.03 -25.00 -24.91 -24.84 -24.88 -24.84 -24.72
-24.41 -24.53 -24.62 -24.69 -24.81 -24.94 -25.03 -25.28 -25.84 -26.19 -26.28 -26.34 -26.34 -26.34 -26.50 -26.72 -26.75 -26.72 -26.81 -26.84 -26.81 -26.72 -26.47 -26.25 -26.25 -26.25 -26.41 -26.38 -26.09 -25.97 -26.00 -26.12 -26.00 -25.81 -25.59 -25.44 -25.34 -25.28 -25.19 -25.06 -25.03 -25.00 -24.97 -24.94 -24.91 -24.91 -24.97 -25.00 -25.03 -24.97 -24.91 -24.88 -24.91 -24.91 -24.84 -24.75 -24.75 -24.84 -24.97 -25.09 -25.16 -25.19 -25.19 -25.16 -25.12 -25.09 -25.06 -24.97 -24.94 -24.91 -24.78
-24.31 -24.34 -24.47 -24.53 -24.62 -24.81 -24.91 -25.03 -25.53 -25.97 -26.09 -26.19 -26.25 -26.31 -26.44 -26.59 -26.62 -26.69 -26.75 -26.75 -26.69 -26.53 -26.38 -26.25 -26.25 -26.28 -26.34 -26.25 -26.00 -25.94 -26.00 -26.03 -26.00 -25.88 -25.75 -25.59 -25.50 -25.44 -25.31 -25.19 -25.06 -25.00 -24.94 -24.94 -24.91 -24.94 -25.00 -25.03 -25.00 -24.94 -24.97 -25.00 -25.03 -25.00 -24.88 -24.81 -24.81 -24.84 -24.97 -25.12 -25.25 -25.28 -25.31 -25.28 -25.22 -25.16 -25.16 -25.12 -25.03 -25.00 -24.94
-24.53 -24.38 -24.28 -24.34 -24.44 -24.56 -24.75 -24.94 -25.28 -25.69 -25.84 -25.94 -26.09 -26.25 -26.28 -26.31 -26.50 -26.59 -26.59 -26.59 -26.56 -26.41 -26.22 -26.12 -26.16 -26.28 -26.34 -26.16 -25.81 -25.81 -26.03 -26.12 -26.09 -26.00 -25.81 -25.66 -25.62 -25.56 -25.41 -25.28 -25.16 -25.06 -25.00 -24.97 -25.03 -25.06 -25.06 -25.00 -25.00 -25.00 -25.09 -25.12 -25.16 -25.12 -25.06 -25.03 -25.00 -25.03 -25.09 -25.22 -25.31 -25.34 -25.38 -25.38 -25.34 -25.31 -25.28 -25.19 -25.09 -25.09 -25.09
-24.59 -24.31 -24.06 -24.19 -24.28 -24.34 -24.62 -24.88 -25.12 -25.53 -25.78 -25.91 -25.97 -26.03 -26.00 -25.97 -26.28 -26.47 -26.50 -26.50 -26.50 -26.38 -26.19 -25.97 -25.91 -26.16 -26.34 -26.19 -25.88 -25.91 -26.06 -26.19 -26.16 -26.00 -25.72 -25.62 -25.62 -25.53 -25.38 -25.28 -25.22 -25.16 -25.12 -25.09 -25.00 -25.03 -25.03 -25.03 -25.03 -25.03 -25.09 -25.16 -25.19 -25.19 -25.16 -25.12 -25.16 -25.19 -25.28 -25.34 -25.41 -25.44 -25.47 -25.50 -25.50 -25.50 -25.41 -25.31 -25.25 -25.22 -25.22
-24.44 -24.19 -23.91 -23.94 -24.16 -24.44 -24.53 -24.69 -24.88 -25.19 -25.50 -25.84 -25.97 -26.06 -26.06 -26.06 -26.28 -26.47 -26.56 -26.56 -26.56 -26.44 -26.25 -26.03 -25.88 -26.09 -26.41 -26.41 -26.16 -26.09 -26.09 -26.09 -26.03 -25.94 -25.66 -25.56 -25.59 -25.44 -25.34 -25.31 -25.28 -25.22 -25.22 -25.19 -25.12 -25.16 -25.19 -25.22 -25.16 -25.09 -25.09 -25.16 -25.19 -25.25 -25.22 -25.22 -25.25 -25.31 -25.38 -25.44 -25.50 -25.53 -25.56 -25.59 -25.62 -25.56 -25.47 -25.44 -25.41 -25.47 -25.47
-24.28 -24.06 -23.91 -23.91 -24.19 -24.53 -24.72 -24.84 -24.81 -24.91 -25.25 -25.78 -26.06 -26.19 -26.22 -26.19 -26.38 -26.53 -26.59 -26.62 -26.62 -26.50 -26.25 -25.97 -25.97 -26.16 -26.44 -26.53 -26.31 -26.16 -26.09 -25.94 -25.81 -25.75 -25.59 -25.53 -25.50 -25.44 -25.41 -25.38 -25.34 -25.34 -25.38 -25.38 -25.34 -25.41 -25.44 -25.41 -25.34 -25.31 -25.28 -25.25 -25.22 -25.25 -25.28 -25.28 -25.34 -25.41 -25.44 -25.50 -25.56 -25.59 -25.66 -25.66 -25.69 -25.69 -25.66 -25.59 -25.62 -25.66 -25.62
-24.31 -24.12 -24.06 -24.16 -24.41 -24.75 -24.91 -25.00 -25.03 -25.09 -25.22 -25.75 -26.12 -26.31 -26.41 -26.38 -26.41 -26.53 -26.62 -26.59 -26.56 -26.47 -26.22 -26.03 -26.19 -26.31 -26.53 -26.59 -26.44 -26.25 -26.19 -25.94 -25.72 -25.72 -25.66 -25.59 -25.62 -25.59 -25.56 -25.56 -25.56 -25.62 -25.56 -25.50 -25.47 -25.44 -25.47 -25.50 -25.50 -25.47 -25.38 -25.28 -25.28 -25.28 -25.34 -25.38 -25.44 -25.50 -25.53 -25.56 -25.62 -25.66 -25.75 -25.81 -25.81 -25.84 -25.84 -25.84 -25.81 -25.81 -25.75
-24.75 -24.47 -24.34 -24.41 -24.56 -24.84 -25.03 -25.12 -25.25 -25.50 -25.56 -26.00 -26.28 -26.41 -26.53 -26.59 -26.66 -26.69 -26.66 -26.59 -26.59 -26.56 -26.38 -26.25 -26.34 -26.47 -26.59 -26.66 -26.47 -26.31 -26.22 -26.00 -25.94 -25.88 -25.78 -25.78 -25.75 -25.72 -25.62 -25.62 -25.66 -25.72 -25.66 -25.62 -25.59 -25.56 -25.53 -25.53 -25.53 -25.50 -25.44 -25.38 -25.31 -25.34 -25.38 -25.47 -25.53 -25.59 -25.66 -25.66 -25.72 -25.75 -25.81 -25.88 -25.91 -25.94 -25.97 -25.97 -25.94 -25.94 -25.91
-25.00 -24.81 -24.56 -24.62 -24.78 -24.88 -25.06 -25.19 -25.28 -25.53 -25.81 -26.19 -26.34 -26.44 -26.66 -26.75 -26.84 -26.91 -26.91 -26.91 -26.88 -26.75 -26.59 -26.47 -26.53 -26.66 -26.72 -26.72 -26.59 -26.44 -26.28 -26.06 -26.06 -26.00 -25.94 -25.91 -25.88 -25.78 -25.69 -25.66 -25.69 -25.75 -25.72 -25.72 -25.75 -25.75 -25.72 -25.62 -25.53 -25.53 -25.56 -25.56 -25.53 -25.47 -25.47 -25.50 -25.53 -25.62 -25.72 -25.78 -25.81 -25.84 -25.91 -25.91 -25.94 -26.03 -26.06 -26.03 -26.03 -26.03 -26.00
-25.00 -24.97 -24.88 -25.00 -25.06 -25.00 -25.12 -25.28 -25.38 -25.59 -25.94 -26.34 -26.47 -26.53 -26.75 -26.88 -26.91 -27.00 -27.03 -27.03 -27.00 -26.88 -26.72 -26.59 -26.72 -26.78 -26.81 -26.78 -26.66 -26.50 -26.31 -26.12 -26.12 -26.06 -26.03 -26.03 -26.00 -25.91 -25.84 -25.81 -25.81 -25.78 -25.78 -25.78 -25.81 -25.78 -25.75 -25.69 -25.66 -25.69 -25.72 -25.72 -25.69 -25.62 -25.62 -25.59 -25.59 -25.62 -25.72 -25.78 -25.84 -25.91 -25.97 -25.97 -26.03 -26.09 -26.12 -26.09 -26.06 -26.09 -26.03
-24.91 -24.94 -24.97 -25.09 -25.25 -25.22 -25.19 -25.34 -25.47 -25.69 -26.16 -26.50 -26.62 -26.72 -26.84 -26.91 -26.94 -26.97 -26.97 -27.03 -27.03 -27.00 -26.88 -26.75 -26.78 -26.75 -26.81 -26.84 -26.75 -26.59 -26.34 -26.16 -26.12 -26.09 -26.06 -26.06 -26.03 -26.00 -25.94 -25.91 -25.91 -25.91 -25.88 -25.88 -25.84 -25.81 -25.78 -25.72 -25.78 -25.81 -25.81 -25.84 -25.84 -25.78 -25.75 -25.72 -25.69 -25.69 -25.66 -25.69 -25.78 -25.88 -25.97 -26.06 -26.12 -26.19 -26.22 -26.25 -26.28 -26.28 -26.22
-24.88 -24.94 -25.00 -25.19 -25.38 -25.50 -25.53 -25.47 -25.50 -25.78 -26.28 -26.59 -26.75 -26.84 -26.91 -26.97 -27.00 -26.97 -27.00 -27.03 -27.06 -27.06 -26.94 -26.78 -26.69 -26.72 -26.81 -26.88 -26.81 -26.72 -26.53 -26.28 -26.12 -26.09 -26.12 -26.16 -26.12 -26.09 -26.06 -26.00 -25.97 -25.91 -25.91 -25.94 -25.91 -25.88 -25.84 -25.81 -25.84 -25.91 -25.91 -25.94 -25.88 -25.84 -25.81 -25.78 -25.78 -25.78 -25.81 -25.84 -25.91 -25.97 -26.03 -26.09 -26.16 -26.22 -26.25 -26.34 -26.44 -26.47 -26.44
-24.84 -24.97 -25.06 -25.12 -25.28 -25.47 -25.75 -25.81 -25.72 -25.81 -26.19 -26.59 -26.81 -26.94 -26.94 -27.00 -27.03 -27.00 -27.03 -27.06 -27.09 -27.09 -27.06 -26.94 -26.78 -26.78 -26.94 -26.94 -26.81 -26.75 -26.62 -26.41 -26.25 -26.16 -26.16 -26.16 -26.19 -26.16 -26.12 -26.03 -25.94 -25.91 -25.94 -25.97 -26.00 -25.97 -25.91 -25.88 -25.88 -25.91 -25.94 -25.97 -25.94 -25.94 -25.94 -25.94 -25.97 -25.97 -26.00 -26.03 -26.09 -26.16 -26.19 -26.22 -26.25 -26.28 -26.31 -26.41 -26.50 -26.56 -26.53
-24.78 -24.94 -25.06 -25.06 -25.12 -25.34 -25.66 -25.84 -25.88 -25.91 -26.09 -26.62 -26.84 -26.94 -27.00 -27.03 -27.06 -27.06 -27.06 -27.06 -27.09 -27.09 -27.09 -27.03 -26.94 -26.97 -27.00 -26.97 -26.88 -26.78 -26.66 -26.47 -26.34 -26.28 -26.22 -26.22 -26.19 -26.19 -26.16 -26.09 -26.03 -25.97 -25.97 -26.00 -26.00 -25.97 -25.94 -25.94 -25.94 -25.94 -25.97 -25.94 -25.94 -25.97 -26.03 -26.06 -26.09 -26.12 -26.12 -26.12 -26.16 -26.25 -26.31 -26.34 -26.38 -26.38 -26.41 -26.50 -26.56 -26.62 -26.56
-24.69 -24.91 -25.06 -25.12 -25.22 -25.38 -25.56 -25.69 -25.78 -25.94 -26.16 -26.56 -26.81 -26.91 -26.97 -27.00 -27.03 -27.06 -27.06 -27.09 -27.09 -27.12 -27.09 -27.06 -27.00 -27.06 -27.03 -26.97 -26.88 -26.75 -26.62 -26.47 -26.41 -26.38 -26.31 -26.22 -26.19 -26.19 -26.19 -26.12 -26.06 -26.00 -26.00 -26.03 -26.00 -25.97 -25.94 -25.94 -25.97 -25.97 -25.97 -25.97 -25.97 -26.06 -26.12 -26.16 -26.19 -26.19 -26.22 -26.25 -26.25 -26.31 -26.34 -26.38 -26.44 -26.50 -26.47 -26.53 -26.56 -26.66 -26.66
-24.66 -24.88 -25.09 -25.19 -25.34 -25.47 -25.56 -25.69 -25.84 -25.97 -26.16 -26.44 -26.72 -26.84 -26.88 -26.91 -26.97 -27.00 -27.06 -27.09 -27.09 -27.09 -27.09 -27.03 -27.03 -27.03 -27.00 -26.91 -26.78 -26.69 -26.59 -26.53 -26.50 -26.44 -26.41 -26.31 -26.25 -26.25 -26.22 -26.12 -26.09 -26.09 -26.09 -26.06 -26.06 -26.00 -25.94 -25.94 -25.94 -25.97 -26.00 -26.06 -26.09 -26.16 -26.19 -26.25 -26.25 -26.25 -26.28 -26.34 -26.38 -26.41 -26.44 -26.44 -26.47 -26.53 -26.56 -26.59 -26.62 -26.72 -26.75
-24.75 -24.97 -25.16 -25.22 -25.31 -25.38 -25.44 -25.62 -25.78 -25.94 -26.06 -26.22 -26.50 -26.69 -26.78 -26.88 -26.97 -27.00 -27.03 -27.06 -27.06 -27.03 -27.00 -27.03 -27.03 -27.03 -26.94 -26.81 -26.66 -26.62 -26.62 -26.59 -26.56 -26.53 -26.50 -26.41 -26.38 -26.34 -26.28 -26.22 -26.19 -26.16 -26.09 -26.03 -26.03 -25.97 -25.91 -25.88 -25.91 -25.97 -26.06 -26.12 -26.16 -26.22 -26.28 -26.34 -26.34 -26.34 -26.38 -26.44 -26.44 -26.50 -26.53 -26.56 -26.59 -26.66 -26.72 -26.78 -26.81 -26.88 -26.91
-24.91 -25.03 -25.09 -25.06 -25.12 -25.25 -25.44 -25.69 -25.81 -25.88 -26.00 -26.03 -26.16 -26.34 -26.62 -26.78 -26.88 -26.94 -26.97 -26.97 -26.94 -26.91 -26.91 -26.97 -26.97 -26.94 -26.84 -26.69 -26.62 -26.62 -26.62 -26.59 -26.53 -26.50 -26.50 -26.47 -26.44 -26.38 -26.34 -26.31 -26.25 -26.16 -26.09 -26.03 -26.00 -25.94 -25.84 -25.81 -25.88 -25.94 -26.03 -26.12 -26.16 -26.22 -26.31 -26.38 -26.41 -26.44 -26.44 -26.47 -26.50 -26.53 -26.62 -26.69 -26.72 -26.75 -26.81 -26.88 -26.94 -27.00 -27.03
-24.75 -24.84 -25.00 -25.06 -25.16 -25.28 -25.50 -25.75 -25.84 -25.81 -25.94 -25.94 -25.97 -26.12 -26.31 -26.44 -26.59 -26.75 -26.81 -26.75 -26.75 -26.75 -26.78 -26.81 -26.78 -26.69 -26.62 -26.59 -26.66 -26.62 -26.62 -26.59 -26.53 -26.53 -26.53 -26.47 -26.41 -26.34 -26.28 -26.28 -26.28 -26.22 -26.12 -26.09 -26.09 -26.03 -25.94 -25.84 -25.84 -25.91 -26.00 -26.09 -26.19 -26.25 -26.31 -26.38 -26.41 -26.44 -26.44 -26.47 -26.53 -26.59 -26.62 -26.72 -26.78 -26.84 -26.91 -26.97 -27.03 -27.06 -27.12
-24.56 -24.72 -24.94 -25.09 -25.19 -25.34 -25.50 -25.62 -25.62 -25.59 -25.69 -25.78 -25.88 -25.94 -26.09 -26.16 -26.25 -26.44 -26.47 -26.38 -26.34 -26.41 -26.53 -26.59 -26.56 -26.50 -26.53 -26.59 -26.66 -26.66 -26.62 -26.56 -26.50 -26.50 -26.50 -26.41 -26.31 -26.31 -26.31 -26.34 -26.34 -26.28 -26.22 -26.19 -26.16 -26.09 -26.00 -25.88 -25.88 -25.91 -26.00 -26.06 -26.12 -26.25 -26.31 -26.38 -26.44 -26.41 -26.41 -26.50 -26.59 -26.66 -26.72 -26.78 -26.88 -26.97 -27.03 -27.06 -27.09 -27.12 -27.19
-24.50 -24.78 -24.94 -25.06 -25.25 -25.44 -25.53 -25.56 -25.53 -25.53 -25.66 -25.78 -25.81 -25.78 -25.97 -26.00 -26.00 -26.06 -26.06 -26.03 -26.06 -26.06 -26.28 -26.41 -26.44 -26.50 -26.53 -26.56 -26.56 -26.56 -26.53 -26.50 -26.47 -26.41 -26.41 -26.38 -26.34 -26.38 -26.38 -26.38 -26.31 -26.28 -26.25 -26.22 -26.16 -26.09 -26.03 -25.94 -25.91 -25.91 -25.94 -26.00 -26.06 -26.16 -26.22 -26.31 -26.34 -26.41 -26.47 -26.56 -26.69 -26.75 -26.81 -26.88 -26.97 -27.00 -27.06 -27.09 -27.12 -27.19 -27.25
-24.72 -24.84 -24.91 -25.03 -25.19 -25.34 -25.50 -25.59 -25.66 -25.75 -25.81 -25.81 -25.81 -25.88 -25.94 -25.97 -25.94 -25.91 -25.84 -25.88 -26.00 -26.06 -26.19 -26.31 -26.44 -26.50 -26.50 -26.50 -26.47 -26.38 -26.41 -26.41 -26.41 -26.38 -26.34 -26.34 -26.34 -26.38 -26.38 -26.34 -26.28 -26.28 -26.25 -26.19 -26.16 -26.06 -26.00 -25.97 -25.94 -25.94 -25.97 -26.00 -25.97 -26.03 -26.16 -26.31 -26.31 -26.38 -26.47 -26.62 -26.75 -26.84 -26.91 -27.00 -27.06 -27.09 -27.12 -27.12 -27.19 -27.25 -27.34
-24.84 -24.91 -24.94 -24.94 -25.03 -25.25 -25.41 -25.53 -25.66 -25.75 -25.78 -25.81 -25.88 -25.94 -25.94 -25.88 -25.88 -25.94 -25.97 -26.00 -26.03 -26.06 -26.12 -26.19 -26.22 -26.28 -26.38 -26.41 -26.41 -26.41 -26.38 -26.31 -26.34 -26.34 -26.31 -26.31 -26.31 -26.31 -26.31 -26.28 -26.28 -26.28 -26.22 -26.16 -26.09 -26.00 -25.91 -25.94 -25.91 -25.94 -25.97 -25.97 -25.97 -26.03 -26.12 -26.22 -26.28 -26.34 -26.44 -26.56 -26.72 -26.84 -26.94 -27.00 -27.03 -27.09 -27.12 -27.19 -27.25 -27.31 -27.38
-25.00 -25.09 -25.16 -25.16 -25.16 -25.25 -25.38 -25.50 -25.62 -25.72 -25.78 -25.88 -25.91 -25.91 -25.88 -25.81 -25.88 -25.91 -25.97 -25.97 -25.94 -26.00 -26.00 -25.97 -26.00 -26.12 -26.25 -26.31 -26.34 -26.38 -26.34 -26.28 -26.31 -26.34 -26.31 -26.31 -26.28 -26.25 -26.25 -26.28 -26.28 -26.28 -26.22 -26.16 -26.06 -25.97 -25.94 -25.91 -25.94 -25.94 -25.97 -25.97 -26.03 -26.09 -26.16 -26.19 -26.25 -26.31 -26.31 -26.47 -26.66 -26.78 -26.88 -26.94 -26.97 -26.97 -27.00 -27.09 -27.22 -27.31 -27.44
-25.12 -25.22 -25.22 -25.22 -25.22 -25.31 -25.44 -25.53 -25.56 -25.66 -25.75 -25.81 -25.84 -25.84 -25.75 -25.69 -25.75 -25.84 -25.88 -25.88 -25.84 -25.91 -25.94 -25.91 -25.94 -26.09 -26.25 -26.28 -26.31 -26.31 -26.34 -26.34 -26.34 -26.34 -26.34 -26.31 -26.31 -26.28 -26.28 -26.28 -26.28 -26.22 -26.16 -26.12 -26.09 -26.03 -26.00 -25.91 -25.88 -25.88 -25.94 -25.97 -26.06 -26.09 -26.16 -26.19 -26.22 -26.25 -26.22 -26.34 -26.50 -26.62 -26.72 -26.81 -26.88 -26.91 -26.97 -27.00 -27.19 -27.34 -27.56
-25.16 -25.25 -25.28 -25.28 -25.31 -25.31 -25.41 -25.50 -25.56 -25.59 -25.62 -25.69 -25.72 -25.78 -25.75 -25.66 -25.66 -25.78 -25.88 -25.88 -25.88 -25.97 -26.00 -26.03 -26.06 -26.12 -26.25 -26.28 -26.28 -26.31 -26.34 -26.38 -26.38 -26.38 -26.38 -26.34 -26.31 -26.31 -26.28 -26.25 -26.19 -26.12 -26.06 -26.00 -25.97 -25.94 -25.91 -25.84 -25.81 -25.78 -25.84 -25.94 -26.03 -26.09 -26.12 -26.19 -26.22 -26.22 -26.19 -26.25 -26.38 -26.50 -26.59 -26.66 -26.75 -26.81 -26.84 -26.84 -27.06 -27.34 -27.62
-25.19 -25.25 -25.28 -25.28 -25.31 -25.38 -25.38 -25.38 -25.41 -25.47 -25.59 -25.69 -25.75 -25.78 -25.75 -25.69 -25.75 -25.78 -25.88 -25.91 -25.94 -26.00 -26.00 -26.00 -26.06 -26.12 -26.22 -26.28 -26.31 -26.31 -26.31 -26.31 -26.31 -26.34 -26.34 -26.31 -26.28 -26.25 -26.19 -26.12 -26.06 -26.03 -25.97 -25.88 -25.81 -25.75 -25.81 -25.81 -25.81 -25.78 -25.78 -25.84 -25.91 -25.94 -26.00 -26.06 -26.09 -26.16 -26.16 -26.16 -26.22 -26.38 -26.53 -26.53 -26.59 -26.59 -26.66 -26.78 -26.97 -27.28 -27.53
-25.12 -25.19 -25.12 -25.16 -25.19 -25.22 -25.22 -25.28 -25.34 -25.41 -25.50 -25.56 -25.59 -25.62 -25.69 -25.72 -25.84 -25.88 -25.94 -25.97 -26.00 -26.00 -26.03 -25.97 -26.00 -26.09 -26.19 -26.22 -26.22 -26.19 -26.22 -26.19 -26.12 -26.16 -26.19 -26.19 -26.16 -26.12 -26.09 -26.06 -25.97 -25.91 -25.91 -25.81 -25.69 -25.62 -25.59 -25.66 -25.75 -25.75 -25.72 -25.69 -25.72 -25.75 -25.75 -25.88 -25.97 -26.00 -26.06 -26.09 -26.12 -26.19 -26.34 -26.38 -26.34 -26.38 -26.50 -26.66 -26.94 -27.12 -27.44
-24.97 -25.00 -24.97 -25.03 -25.00 -24.97 -24.97 -25.09 -25.19 -25.25 -25.38 -25.41 -25.41 -25.47 -25.59 -25.72 -25.84 -25.91 -25.97 -26.00 -26.00 -26.00 -25.97 -25.97 -26.03 -26.09 -26.16 -26.12 -26.09 -26.03 -26.06 -26.06 -26.03 -26.06 -26.06 -26.03 -26.06 -26.09 -26.03 -26.03 -26.00 -25.88 -25.81 -25.75 -25.66 -25.47 -25.47 -25.50 -25.69 -25.72 -25.72 -25.69 -25.66 -25.62 -25.62 -25.69 -25.75 -25.81 -25.94 -26.03 -26.06 -26.12 -26.12 -26.12 -26.06 -26.12 -26.31 -26.50 -26.84 -27.12 -27.34
-24.62 -24.66 -24.66 -24.78 -24.72 -24.72 -24.78 -24.91 -25.03 -25.16 -25.19 -25.16 -25.25 -25.34 -25.41 -25.59 -25.72 -25.78 -25.84 -25.91 -25.94 -25.94 -25.97 -25.97 -26.00 -26.06 -26.09 -26.09 -26.09 -26.06 -26.00 -26.00 -26.03 -26.06 -26.12 -26.16 -26.16 -26.12 -26.03 -25.97 -25.88 -25.75 -25.62 -25.56 -25.56 -25.44 -25.38 -25.44 -25.59 -25.62 -25.66 -25.62 -25.59 -25.56 -25.53 -25.53 -25.56 -25.62 -25.72 -25.81 -25.91 -25.94 -25.97 -25.78 -25.75 -25.81 -26.06 -26.38 -26.75 -27.03 -27.19
