everonasctiles/Tile[28,18].asc
ncols 128
nrows 128
xllcorner 0
yllcorner 0
cellsize 2.0
NODATA_value  -9999
[rows 96 to 127 of 128, columns 0 to 70 of 128]
117.72 118.00 118.31 118.59 118.88 119.16 119.44 119.72 120.03 120.31 120.62 120.94 121.25 121.59 121.94 122.28 122.62 123.00 123.34 123.72 124.03 124.44 124.78 125.12 125.50 125.88 126.22 126.62 126.97 127.31 127.62 127.94 128.25 128.53 128.88 129.25 129.66 130.00 130.50 130.97 131.47 131.97 132.41 132.81 133.12 133.44 133.69 133.94 134.16 134.38 134.59 134.78 134.97 135.19 135.38 135.53 135.72 135.94 136.16 136.38 136.59 136.81 137.03 137.34 137.47 137.50 137.50 137.53 137.31 137.22 137.62
117.84 118.12 118.41 118.69 118.97 119.25 119.53 119.81 120.09 120.38 120.66 120.97 121.28 121.59 121.97 122.31 122.66 123.03 123.38 123.75 124.09 124.44 124.78 125.16 125.53 125.88 126.28 126.62 127.00 127.34 127.66 127.94 128.22 128.56 128.91 129.31 129.66 130.09 130.56 131.03 131.53 132.03 132.44 132.81 133.12 133.41 133.66 133.88 134.12 134.31 134.53 134.75 134.94 135.16 135.34 135.53 135.75 135.97 136.22 136.44 136.69 136.91 137.16 137.44 137.59 137.62 137.62 137.66 137.41 137.09 137.47
117.97 118.25 118.53 118.81 119.09 119.34 119.62 119.88 120.12 120.41 120.69 120.97 121.25 121.59 121.94 122.31 122.69 123.06 123.41 123.75 124.12 124.44 124.78 125.12 125.56 125.91 126.31 126.69 127.00 127.31 127.66 127.94 128.25 128.59 128.94 129.31 129.72 130.09 130.62 131.09 131.56 132.03 132.44 132.78 133.06 133.34 133.56 133.81 134.03 134.25 134.47 134.69 134.91 135.09 135.31 135.53 135.78 136.00 136.25 136.50 136.75 137.00 137.25 137.56 137.72 137.75 137.75 137.78 137.59 137.09 137.38
118.12 118.41 118.66 118.94 119.19 119.44 119.72 119.97 120.22 120.47 120.72 120.97 121.28 121.59 121.94 122.34 122.69 123.06 123.44 123.78 124.12 124.47 124.84 125.22 125.59 125.97 126.34 126.69 127.06 127.34 127.62 127.94 128.25 128.59 128.91 129.31 129.69 130.09 130.56 131.00 131.53 132.00 132.38 132.69 132.97 133.22 133.44 133.69 133.91 134.12 134.38 134.59 134.84 135.06 135.31 135.56 135.81 136.06 136.31 136.53 136.81 137.09 137.34 137.66 137.84 137.88 137.91 137.91 137.78 137.28 137.44
118.25 118.53 118.81 119.06 119.31 119.56 119.81 120.03 120.28 120.50 120.69 120.91 121.31 121.66 122.00 122.28 122.75 123.06 123.47 123.84 124.19 124.53 124.91 125.25 125.59 126.03 126.41 126.75 127.09 127.34 127.62 127.94 128.25 128.53 128.91 129.28 129.66 130.03 130.53 131.00 131.44 131.88 132.25 132.53 132.78 133.03 133.28 133.53 133.78 134.03 134.28 134.56 134.81 135.09 135.34 135.59 135.84 136.12 136.38 136.59 136.88 137.16 137.47 137.75 137.97 138.00 138.03 138.03 137.97 137.53 137.62
118.44 118.69 118.97 119.22 119.44 119.69 119.91 120.16 120.38 120.59 120.94 121.25 121.50 121.78 122.16 122.50 122.78 123.12 123.47 123.78 124.19 124.59 124.94 125.31 125.72 126.09 126.47 126.81 127.09 127.38 127.66 127.94 128.25 128.56 128.88 129.22 129.53 129.94 130.41 130.88 131.28 131.69 132.03 132.31 132.59 132.84 133.12 133.38 133.66 133.94 134.25 134.53 134.78 135.06 135.38 135.62 135.88 136.16 136.41 136.66 136.94 137.25 137.56 137.84 138.09 138.12 138.16 138.16 138.16 137.78 137.78
118.62 118.91 119.16 119.41 119.62 119.84 120.06 120.28 120.50 120.72 121.00 121.31 121.62 121.97 122.28 122.59 122.88 123.19 123.53 123.91 124.28 124.56 124.94 125.38 125.78 126.16 126.50 126.78 127.06 127.38 127.66 127.97 128.25 128.53 128.84 129.16 129.50 129.88 130.28 130.59 131.09 131.47 131.78 132.09 132.38 132.69 133.00 133.28 133.59 133.91 134.22 134.50 134.81 135.09 135.38 135.66 135.91 136.22 136.44 136.69 137.00 137.31 137.62 137.94 138.22 138.25 138.28 138.28 138.28 138.03 137.91
118.84 119.16 119.41 119.62 119.84 120.00 120.22 120.44 120.75 120.94 121.16 121.38 121.75 121.97 122.28 122.66 123.00 123.31 123.66 123.91 124.28 124.69 125.06 125.41 125.78 126.16 126.47 126.81 127.09 127.38 127.66 127.94 128.25 128.50 128.81 129.12 129.41 129.78 130.16 130.53 130.94 131.25 131.56 131.91 132.25 132.56 132.91 133.22 133.56 133.88 134.19 134.50 134.81 135.09 135.41 135.69 135.97 136.22 136.47 136.72 137.00 137.34 137.72 138.03 138.31 138.38 138.41 138.41 138.44 138.25 138.09
119.19 119.50 119.75 119.97 120.12 120.28 120.41 120.66 120.94 121.22 121.50 121.69 121.88 122.22 122.53 122.78 123.12 123.50 123.75 124.09 124.41 124.81 125.22 125.50 125.84 126.22 126.59 126.84 127.16 127.38 127.69 127.97 128.25 128.50 128.78 129.12 129.41 129.69 130.00 130.44 130.78 131.09 131.47 131.81 132.16 132.50 132.84 133.19 133.50 133.84 134.19 134.50 134.81 135.12 135.44 135.72 135.97 136.25 136.47 136.72 137.03 137.38 137.78 138.09 138.41 138.50 138.53 138.53 138.56 138.41 138.16
119.41 119.72 119.97 120.19 120.34 120.50 120.69 120.84 121.16 121.41 121.72 122.00 122.25 122.34 122.66 122.94 123.19 123.50 123.91 124.19 124.56 124.81 125.16 125.56 125.91 126.16 126.50 126.78 127.06 127.34 127.59 127.91 128.19 128.44 128.72 129.00 129.28 129.59 129.97 130.25 130.62 131.00 131.38 131.72 132.09 132.44 132.78 133.16 133.50 133.84 134.19 134.50 134.84 135.16 135.44 135.75 136.00 136.25 136.50 136.75 137.06 137.44 137.81 138.16 138.47 138.62 138.66 138.66 138.69 138.56 138.25
119.53 119.84 120.09 120.31 120.53 120.72 120.88 121.09 121.31 121.56 121.88 122.16 122.44 122.72 122.97 123.25 123.44 123.69 123.97 124.38 124.66 124.94 125.31 125.53 125.91 126.28 126.59 126.91 127.12 127.41 127.69 127.91 128.19 128.47 128.72 128.97 129.28 129.62 129.88 130.22 130.56 130.94 131.31 131.69 132.03 132.41 132.75 133.12 133.47 133.84 134.19 134.53 134.84 135.16 135.47 135.75 136.03 136.25 136.50 136.78 137.16 137.56 137.91 138.19 138.53 138.75 138.78 138.81 138.81 138.75 138.44
119.62 119.91 120.19 120.44 120.66 120.84 121.06 121.25 121.47 121.75 122.06 122.34 122.66 122.88 123.12 123.41 123.62 123.94 124.19 124.41 124.75 125.12 125.44 125.75 126.03 126.34 126.59 126.91 127.19 127.44 127.75 128.03 128.28 128.50 128.81 129.09 129.31 129.56 129.91 130.22 130.56 130.94 131.28 131.66 132.00 132.38 132.75 133.09 133.47 133.81 134.19 134.53 134.84 135.19 135.47 135.75 136.03 136.28 136.53 136.84 137.28 137.69 138.00 138.25 138.56 138.88 138.91 138.94 138.94 138.91 138.66
119.69 120.00 120.28 120.53 120.72 120.94 121.19 121.38 121.59 121.88 122.12 122.44 122.78 123.06 123.31 123.59 123.84 124.16 124.44 124.59 124.91 125.12 125.38 125.78 126.09 126.34 126.66 126.91 127.22 127.50 127.75 128.00 128.25 128.56 128.81 129.09 129.38 129.66 129.97 130.25 130.59 130.91 131.25 131.62 132.00 132.34 132.72 133.09 133.47 133.81 134.19 134.53 134.88 135.19 135.50 135.78 136.03 136.28 136.53 136.88 137.38 137.81 138.09 138.38 138.66 139.00 139.03 139.06 139.06 139.06 138.84
119.75 120.06 120.34 120.56 120.84 121.06 121.28 121.50 121.72 121.97 122.25 122.56 122.81 123.09 123.44 123.75 124.03 124.34 124.62 124.88 125.09 125.47 125.69 125.94 126.19 126.47 126.75 127.03 127.28 127.56 127.81 128.03 128.31 128.59 128.84 129.12 129.38 129.69 129.97 130.28 130.59 130.91 131.25 131.62 131.97 132.34 132.72 133.09 133.47 133.81 134.19 134.53 134.88 135.19 135.50 135.78 136.03 136.28 136.56 136.91 137.44 137.91 138.22 138.50 138.75 139.09 139.16 139.16 139.19 139.16 138.91
119.78 120.06 120.38 120.66 120.88 121.12 121.38 121.56 121.81 122.03 122.34 122.62 122.94 123.19 123.53 123.88 124.16 124.50 124.78 125.06 125.38 125.56 125.88 126.12 126.41 126.66 126.91 127.12 127.38 127.59 127.91 128.12 128.41 128.66 128.88 129.12 129.41 129.69 129.94 130.25 130.56 130.91 131.25 131.59 131.97 132.34 132.72 133.06 133.44 133.81 134.16 134.53 134.84 135.19 135.50 135.78 136.06 136.31 136.56 136.94 137.47 137.97 138.31 138.59 138.88 139.19 139.25 139.28 139.28 139.28 138.97
119.91 120.19 120.47 120.72 120.94 121.22 121.44 121.66 121.94 122.19 122.44 122.69 123.00 123.28 123.62 123.94 124.25 124.62 124.97 125.28 125.53 125.81 126.03 126.28 126.59 126.84 127.03 127.28 127.47 127.69 127.88 128.19 128.44 128.69 128.91 129.16 129.41 129.72 130.00 130.28 130.59 130.91 131.25 131.59 131.97 132.31 132.69 133.06 133.44 133.81 134.16 134.50 134.84 135.19 135.47 135.78 136.06 136.31 136.59 136.94 137.47 138.00 138.41 138.75 139.03 139.31 139.38 139.38 139.38 139.38 139.09
119.94 120.25 120.56 120.84 121.09 121.25 121.53 121.81 122.00 122.25 122.50 122.81 123.06 123.38 123.69 124.03 124.38 124.78 125.12 125.44 125.75 126.00 126.25 126.47 126.75 127.00 127.22 127.34 127.62 127.84 128.06 128.22 128.47 128.69 128.97 129.22 129.47 129.72 130.00 130.28 130.59 130.91 131.25 131.59 131.94 132.31 132.69 133.06 133.44 133.78 134.16 134.50 134.84 135.16 135.47 135.78 136.06 136.34 136.66 137.00 137.44 137.97 138.47 138.84 139.12 139.41 139.47 139.47 139.50 139.50 139.31
120.03 120.31 120.59 120.88 121.19 121.44 121.66 121.88 122.12 122.41 122.62 122.91 123.16 123.47 123.78 124.09 124.47 124.81 125.19 125.56 125.91 126.19 126.44 126.66 126.88 127.12 127.31 127.53 127.75 127.94 128.16 128.38 128.59 128.81 129.00 129.25 129.50 129.72 129.97 130.28 130.59 130.91 131.25 131.59 131.94 132.31 132.66 133.03 133.41 133.78 134.12 134.47 134.81 135.16 135.47 135.78 136.06 136.38 136.69 137.03 137.44 137.97 138.50 138.88 139.16 139.47 139.56 139.59 139.59 139.59 139.50
120.12 120.44 120.72 120.97 121.28 121.50 121.78 122.03 122.28 122.50 122.81 123.03 123.31 123.56 123.84 124.19 124.53 124.91 125.28 125.62 126.00 126.31 126.59 126.84 127.06 127.25 127.47 127.59 127.81 128.03 128.19 128.44 128.66 128.84 129.09 129.28 129.50 129.78 130.00 130.28 130.59 130.91 131.22 131.56 131.94 132.28 132.66 133.03 133.38 133.75 134.09 134.44 134.78 135.12 135.47 135.78 136.09 136.41 136.72 137.09 137.50 138.00 138.50 138.84 139.12 139.47 139.66 139.66 139.69 139.69 139.62
120.19 120.47 120.78 121.06 121.34 121.62 121.91 122.16 122.41 122.69 122.91 123.19 123.44 123.75 123.97 124.25 124.59 124.94 125.28 125.72 126.06 126.38 126.69 126.94 127.19 127.38 127.56 127.72 127.91 128.06 128.28 128.47 128.69 128.91 129.12 129.31 129.56 129.78 130.06 130.31 130.59 130.91 131.22 131.56 131.91 132.28 132.62 133.00 133.34 133.72 134.06 134.44 134.78 135.12 135.44 135.78 136.09 136.44 136.78 137.16 137.56 138.03 138.50 138.84 139.12 139.50 139.72 139.75 139.75 139.75 139.72
120.25 120.56 120.84 121.16 121.47 121.72 121.97 122.25 122.50 122.78 123.09 123.34 123.62 123.91 124.16 124.38 124.69 125.00 125.38 125.75 126.09 126.44 126.75 127.03 127.25 127.47 127.66 127.81 127.97 128.16 128.31 128.53 128.75 128.94 129.16 129.31 129.56 129.81 130.06 130.34 130.62 130.91 131.22 131.56 131.91 132.25 132.59 132.97 133.31 133.69 134.03 134.41 134.75 135.09 135.44 135.78 136.12 136.50 136.84 137.22 137.59 138.03 138.53 138.88 139.16 139.53 139.78 139.81 139.81 139.81 139.81
120.31 120.66 120.97 121.22 121.56 121.81 122.12 122.38 122.62 122.91 123.19 123.47 123.75 124.00 124.28 124.53 124.81 125.09 125.41 125.78 126.12 126.47 126.78 127.06 127.28 127.50 127.69 127.81 128.00 128.16 128.34 128.53 128.72 128.94 129.16 129.38 129.56 129.78 130.03 130.34 130.62 130.91 131.22 131.56 131.88 132.22 132.59 132.94 133.28 133.66 134.00 134.38 134.72 135.09 135.44 135.81 136.19 136.53 136.91 137.28 137.69 138.06 138.53 138.91 139.19 139.53 139.84 139.88 139.91 139.91 139.88
120.38 120.72 121.03 121.34 121.59 121.91 122.19 122.47 122.78 123.03 123.34 123.62 123.88 124.16 124.41 124.66 124.91 125.16 125.44 125.78 126.16 126.50 126.81 127.06 127.31 127.53 127.69 127.84 128.00 128.19 128.34 128.53 128.75 128.94 129.16 129.38 129.59 129.84 130.09 130.34 130.62 130.91 131.22 131.53 131.88 132.22 132.56 132.91 133.25 133.62 133.97 134.34 134.72 135.09 135.44 135.84 136.22 136.59 136.97 137.38 137.75 138.12 138.53 138.94 139.22 139.53 139.91 139.97 139.97 139.97 139.97
120.44 120.75 121.09 121.41 121.72 122.00 122.31 122.59 122.84 123.12 123.41 123.72 124.00 124.25 124.50 124.72 124.94 125.19 125.47 125.78 126.12 126.47 126.78 127.09 127.28 127.50 127.69 127.81 128.00 128.16 128.25 128.44 128.69 128.91 129.12 129.38 129.56 129.81 130.09 130.38 130.62 130.91 131.22 131.53 131.84 132.19 132.53 132.88 133.22 133.59 133.97 134.31 134.69 135.06 135.44 135.84 136.25 136.62 137.03 137.44 137.81 138.16 138.53 138.94 139.22 139.50 139.94 140.03 140.03 140.03 140.03
120.47 120.81 121.12 121.47 121.78 122.09 122.38 122.69 122.97 123.25 123.53 123.81 124.06 124.31 124.56 124.81 125.03 125.28 125.56 125.84 126.19 126.47 126.81 127.09 127.28 127.50 127.66 127.81 127.94 128.06 128.25 128.50 128.69 128.91 129.16 129.38 129.62 129.84 130.12 130.38 130.62 130.91 131.19 131.50 131.81 132.16 132.50 132.84 133.19 133.56 133.94 134.28 134.66 135.06 135.44 135.84 136.25 136.66 137.06 137.47 137.88 138.22 138.53 138.88 139.19 139.44 139.97 140.09 140.09 140.12 140.09
120.47 120.78 121.12 121.47 121.78 122.16 122.44 122.75 123.06 123.34 123.62 123.84 124.12 124.38 124.62 124.81 125.09 125.31 125.59 125.88 126.16 126.44 126.75 127.03 127.28 127.47 127.59 127.78 127.91 128.09 128.28 128.44 128.66 128.94 129.16 129.34 129.59 129.78 130.09 130.34 130.62 130.91 131.19 131.50 131.81 132.12 132.47 132.81 133.16 133.53 133.91 134.25 134.66 135.03 135.44 135.84 136.25 136.69 137.09 137.50 137.91 138.28 138.56 138.88 139.12 139.38 139.97 140.16 140.16 140.16 140.12
120.50 120.84 121.19 121.53 121.84 122.19 122.50 122.81 123.09 123.38 123.66 123.94 124.19 124.41 124.66 124.88 125.09 125.31 125.56 125.81 126.12 126.44 126.72 127.00 127.22 127.38 127.56 127.72 127.88 128.06 128.25 128.47 128.69 128.91 129.16 129.38 129.62 129.84 130.12 130.34 130.62 130.88 131.16 131.47 131.78 132.09 132.44 132.78 133.12 133.50 133.84 134.22 134.62 135.00 135.41 135.81 136.22 136.66 137.09 137.53 137.94 138.31 138.62 138.88 139.12 139.38 139.94 140.12 140.12 140.12 140.12
120.44 120.84 121.19 121.53 121.88 122.16 122.50 122.81 123.12 123.41 123.66 123.94 124.16 124.41 124.62 124.84 125.09 125.34 125.59 125.84 126.09 126.34 126.66 126.88 127.12 127.34 127.53 127.69 127.88 128.06 128.28 128.50 128.69 128.94 129.16 129.38 129.62 129.84 130.09 130.34 130.59 130.88 131.16 131.44 131.75 132.09 132.41 132.75 133.09 133.47 133.81 134.19 134.56 134.97 135.34 135.78 136.19 136.62 137.06 137.50 137.91 138.31 138.62 138.88 139.12 139.34 139.91 140.12 140.12 140.12 140.12
120.44 120.78 121.19 121.53 121.88 122.22 122.53 122.84 123.16 123.44 123.72 123.97 124.22 124.44 124.66 124.88 125.09 125.31 125.56 125.78 126.03 126.28 126.50 126.75 127.03 127.25 127.41 127.62 127.84 128.06 128.28 128.50 128.69 128.94 129.12 129.38 129.62 129.84 130.09 130.34 130.56 130.84 131.12 131.44 131.72 132.06 132.38 132.72 133.06 133.44 133.78 134.16 134.53 134.91 135.31 135.72 136.12 136.56 137.00 137.44 137.88 138.25 138.62 138.88 139.09 139.34 139.88 140.12 140.12 140.12 140.12
120.44 120.75 121.12 121.44 121.81 122.19 122.53 122.81 123.09 123.44 123.69 123.94 124.19 124.44 124.66 124.88 125.09 125.28 125.53 125.75 125.94 126.19 126.47 126.72 126.94 127.19 127.44 127.66 127.88 128.06 128.25 128.47 128.66 128.88 129.09 129.31 129.59 129.81 130.06 130.28 130.56 130.81 131.09 131.41 131.72 132.03 132.34 132.69 133.03 133.38 133.75 134.12 134.47 134.88 135.25 135.66 136.06 136.47 136.91 137.34 137.78 138.19 138.56 138.84 139.09 139.31 139.84 140.12 140.09 140.09 140.09
120.34 120.72 121.09 121.44 121.78 122.12 122.50 122.81 123.09 123.38 123.66 123.88 124.12 124.41 124.62 124.84 125.06 125.28 125.47 125.69 125.97 126.22 126.47 126.66 126.94 127.19 127.44 127.66 127.81 128.03 128.22 128.44 128.66 128.88 129.12 129.28 129.56 129.81 130.03 130.28 130.53 130.78 131.06 131.38 131.69 132.00 132.34 132.66 133.00 133.34 133.69 134.06 134.44 134.81 135.19 135.56 135.97 136.38 136.81 137.25 137.66 138.06 138.44 138.78 139.06 139.31 139.81 140.09 140.09 140.09 140.09
120.28 120.66 121.06 121.41 121.72 122.09 122.41 122.72 123.06 123.31 123.59 123.84 124.12 124.34 124.59 124.81 125.00 125.19 125.47 125.69 125.88 126.16 126.38 126.66 126.91 127.16 127.41 127.59 127.81 128.03 128.22 128.44 128.66 128.84 129.09 129.31 129.53 129.72 130.00 130.25 130.50 130.75 131.06 131.34 131.66 131.97 132.31 132.62 132.97 133.31 133.66 134.00 134.38 134.75 135.12 135.50 135.88 136.28 136.69 137.09 137.53 137.94 138.31 138.69 138.97 139.28 139.81 140.09 140.09 140.09 140.09
