everonasctiles/Tile[6,34].asc
ncols 128
nrows 128
xllcorner 0
yllcorner 0
cellsize 2.0
NODATA_value  -9999
[rows 64 to 95 of 128, columns 0 to 70 of 128]
-36.94 -36.75 -36.59 -36.41 -36.22 -36.06 -35.88 -35.69 -35.53 -35.38 -35.22 -35.06 -34.91 -34.75 -34.59 -34.44 -34.25 -34.09 -33.91 -33.75 -33.56 -33.38 -33.16 -32.97 -32.78 -32.59 -32.44 -32.25 -32.09 -31.94 -31.78 -31.66 -31.50 -31.31 -31.12 -30.91 -30.72 -30.56 -30.41 -30.22 -30.03 -29.88 -29.72 -29.56 -29.41 -29.28 -29.12 -28.97 -28.81 -28.69 -28.56 -28.44 -28.34 -28.22 -28.03 -27.91 -27.75 -27.56 -27.38 -27.28 -27.09 -27.00 -26.91 -26.91 -26.78 -26.66 -26.53 -26.50 -26.44 -26.44 -26.41
-36.88 -36.69 -36.50 -36.31 -36.16 -35.97 -35.81 -35.62 -35.47 -35.31 -35.16 -35.00 -34.88 -34.72 -34.56 -34.41 -34.25 -34.09 -33.94 -33.75 -33.56 -33.41 -33.22 -33.03 -32.84 -32.69 -32.50 -32.34 -32.16 -32.00 -31.88 -31.72 -31.56 -31.41 -31.22 -31.03 -30.84 -30.62 -30.47 -30.28 -30.06 -29.88 -29.75 -29.62 -29.44 -29.28 -29.12 -28.94 -28.78 -28.69 -28.56 -28.41 -28.25 -28.09 -27.97 -27.88 -27.75 -27.47 -27.25 -27.09 -27.06 -27.03 -26.91 -26.84 -26.75 -26.66 -26.56 -26.47 -26.44 -26.44 -26.41
-36.84 -36.62 -36.41 -36.25 -36.06 -35.88 -35.72 -35.56 -35.41 -35.25 -35.12 -34.97 -34.84 -34.69 -34.53 -34.41 -34.25 -34.09 -33.94 -33.75 -33.59 -33.44 -33.25 -33.09 -32.91 -32.75 -32.56 -32.41 -32.22 -32.06 -31.94 -31.78 -31.62 -31.44 -31.28 -31.09 -30.91 -30.75 -30.53 -30.31 -30.12 -29.94 -29.75 -29.59 -29.44 -29.28 -29.16 -28.97 -28.81 -28.59 -28.41 -28.31 -28.16 -28.03 -27.94 -27.78 -27.66 -27.50 -27.22 -27.03 -26.94 -26.94 -26.91 -26.78 -26.66 -26.56 -26.50 -26.44 -26.44 -26.41 -26.38
-36.81 -36.56 -36.38 -36.16 -36.00 -35.81 -35.66 -35.50 -35.34 -35.22 -35.09 -34.94 -34.81 -34.66 -34.53 -34.38 -34.22 -34.09 -33.94 -33.78 -33.62 -33.47 -33.31 -33.12 -32.97 -32.78 -32.62 -32.44 -32.28 -32.12 -31.97 -31.81 -31.66 -31.50 -31.34 -31.16 -30.94 -30.78 -30.56 -30.34 -30.16 -29.94 -29.72 -29.56 -29.41 -29.28 -29.12 -28.94 -28.75 -28.59 -28.34 -28.22 -28.16 -28.00 -27.84 -27.69 -27.50 -27.34 -27.16 -26.94 -26.78 -26.78 -26.75 -26.66 -26.56 -26.53 -26.47 -26.44 -26.44 -26.44 -26.38
-36.81 -36.56 -36.34 -36.12 -35.94 -35.78 -35.62 -35.47 -35.31 -35.19 -35.03 -34.91 -34.78 -34.66 -34.50 -34.38 -34.22 -34.06 -33.94 -33.78 -33.62 -33.47 -33.31 -33.16 -33.00 -32.81 -32.66 -32.50 -32.31 -32.16 -32.00 -31.84 -31.69 -31.53 -31.38 -31.19 -31.00 -30.81 -30.59 -30.38 -30.19 -30.00 -29.72 -29.53 -29.41 -29.25 -29.06 -28.91 -28.75 -28.59 -28.47 -28.28 -28.12 -27.94 -27.72 -27.59 -27.53 -27.38 -27.09 -26.78 -26.69 -26.72 -26.69 -26.62 -26.56 -26.53 -26.47 -26.41 -26.44 -26.44 -26.38
-36.81 -36.56 -36.31 -36.09 -35.91 -35.72 -35.56 -35.41 -35.28 -35.12 -35.00 -34.88 -34.75 -34.62 -34.50 -34.34 -34.22 -34.06 -33.94 -33.78 -33.62 -33.50 -33.34 -33.16 -33.00 -32.84 -32.69 -32.50 -32.34 -32.19 -32.00 -31.84 -31.69 -31.53 -31.38 -31.19 -31.00 -30.78 -30.56 -30.38 -30.19 -29.94 -29.75 -29.59 -29.41 -29.22 -29.06 -28.91 -28.78 -28.62 -28.47 -28.31 -28.16 -27.97 -27.78 -27.69 -27.56 -27.38 -27.16 -26.91 -26.75 -26.59 -26.56 -26.53 -26.44 -26.41 -26.31 -26.34 -26.41 -26.38 -26.41
-36.78 -36.53 -36.28 -36.06 -35.88 -35.69 -35.53 -35.38 -35.22 -35.09 -34.97 -34.84 -34.72 -34.59 -34.44 -34.31 -34.19 -34.03 -33.91 -33.75 -33.62 -33.47 -33.31 -33.16 -33.00 -32.84 -32.69 -32.50 -32.34 -32.19 -32.03 -31.88 -31.69 -31.53 -31.38 -31.16 -30.94 -30.75 -30.53 -30.31 -30.12 -29.91 -29.75 -29.62 -29.47 -29.28 -29.06 -28.91 -28.81 -28.66 -28.47 -28.31 -28.12 -27.91 -27.78 -27.72 -27.53 -27.31 -27.09 -26.88 -26.66 -26.59 -26.53 -26.47 -26.41 -26.34 -26.25 -26.25 -26.31 -26.31 -26.31
-36.72 -36.47 -36.25 -36.00 -35.81 -35.62 -35.44 -35.31 -35.16 -35.03 -34.91 -34.78 -34.66 -34.53 -34.41 -34.25 -34.12 -34.00 -33.88 -33.72 -33.59 -33.44 -33.28 -33.12 -32.97 -32.81 -32.66 -32.50 -32.34 -32.19 -32.03 -31.84 -31.69 -31.53 -31.34 -31.12 -30.91 -30.69 -30.47 -30.28 -30.06 -29.88 -29.75 -29.62 -29.47 -29.28 -29.12 -28.91 -28.81 -28.69 -28.53 -28.28 -28.06 -27.88 -27.78 -27.66 -27.47 -27.25 -27.00 -26.78 -26.59 -26.50 -26.44 -26.38 -26.34 -26.28 -26.22 -26.16 -26.16 -26.12 -26.16
-36.62 -36.41 -36.16 -35.94 -35.72 -35.53 -35.34 -35.22 -35.06 -34.94 -34.81 -34.69 -34.56 -34.44 -34.31 -34.19 -34.06 -33.94 -33.81 -33.69 -33.53 -33.38 -33.22 -33.09 -32.94 -32.78 -32.62 -32.47 -32.31 -32.16 -32.00 -31.84 -31.69 -31.50 -31.31 -31.09 -30.88 -30.66 -30.44 -30.25 -30.03 -29.91 -29.75 -29.62 -29.47 -29.28 -29.12 -28.94 -28.78 -28.66 -28.47 -28.31 -28.03 -27.81 -27.75 -27.56 -27.31 -27.16 -26.88 -26.72 -26.56 -26.44 -26.38 -26.28 -26.19 -26.12 -26.09 -25.97 -25.91 -25.94 -25.91
-36.53 -36.28 -36.06 -35.81 -35.59 -35.41 -35.25 -35.09 -34.97 -34.84 -34.72 -34.59 -34.50 -34.38 -34.25 -34.12 -34.00 -33.88 -33.75 -33.62 -33.47 -33.31 -33.19 -33.03 -32.88 -32.72 -32.59 -32.44 -32.28 -32.12 -31.97 -31.81 -31.66 -31.47 -31.28 -31.06 -30.84 -30.66 -30.47 -30.28 -30.09 -29.94 -29.78 -29.66 -29.50 -29.25 -29.09 -28.97 -28.81 -28.62 -28.38 -28.19 -27.97 -27.72 -27.62 -27.38 -27.12 -26.97 -26.78 -26.66 -26.53 -26.34 -26.22 -26.12 -26.06 -25.97 -25.88 -25.78 -25.69 -25.75 -25.81
-36.41 -36.16 -35.94 -35.69 -35.50 -35.28 -35.12 -34.97 -34.84 -34.72 -34.62 -34.50 -34.41 -34.28 -34.16 -34.06 -33.94 -33.81 -33.69 -33.56 -33.41 -33.25 -33.12 -32.97 -32.84 -32.69 -32.56 -32.41 -32.25 -32.09 -31.94 -31.78 -31.62 -31.44 -31.28 -31.06 -30.88 -30.69 -30.50 -30.34 -30.12 -29.97 -29.78 -29.59 -29.44 -29.25 -29.09 -28.97 -28.81 -28.62 -28.38 -28.16 -27.94 -27.81 -27.53 -27.28 -27.09 -26.94 -26.72 -26.59 -26.47 -26.25 -26.03 -25.97 -25.84 -25.75 -25.75 -25.69 -25.69 -25.69 -25.72
-36.28 -36.03 -35.78 -35.56 -35.38 -35.16 -34.97 -34.81 -34.69 -34.59 -34.47 -34.38 -34.28 -34.19 -34.06 -33.97 -33.88 -33.75 -33.62 -33.50 -33.34 -33.22 -33.06 -32.91 -32.78 -32.66 -32.53 -32.38 -32.22 -32.06 -31.91 -31.75 -31.59 -31.44 -31.25 -31.06 -30.91 -30.78 -30.62 -30.44 -30.25 -30.06 -29.91 -29.72 -29.53 -29.31 -29.16 -29.00 -28.78 -28.59 -28.34 -28.09 -27.91 -27.75 -27.47 -27.31 -27.06 -26.78 -26.62 -26.44 -26.25 -26.12 -25.97 -25.84 -25.75 -25.53 -25.44 -25.56 -25.62 -25.56 -25.59
-36.16 -35.91 -35.66 -35.44 -35.22 -35.03 -34.84 -34.66 -34.53 -34.41 -34.31 -34.25 -34.16 -34.06 -33.97 -33.84 -33.75 -33.66 -33.56 -33.44 -33.28 -33.16 -33.00 -32.88 -32.75 -32.62 -32.50 -32.34 -32.22 -32.06 -31.91 -31.72 -31.56 -31.41 -31.22 -31.06 -30.94 -30.84 -30.69 -30.53 -30.34 -30.16 -30.00 -29.81 -29.62 -29.41 -29.22 -29.03 -28.81 -28.59 -28.38 -28.06 -27.81 -27.66 -27.38 -27.22 -26.97 -26.69 -26.50 -26.34 -26.19 -26.00 -25.88 -25.72 -25.69 -25.59 -25.62 -25.62 -25.59 -25.59 -25.56
-36.09 -35.81 -35.56 -35.31 -35.09 -34.91 -34.69 -34.53 -34.38 -34.25 -34.16 -34.09 -34.00 -33.94 -33.84 -33.75 -33.66 -33.56 -33.44 -33.34 -33.22 -33.06 -32.94 -32.81 -32.69 -32.56 -32.47 -32.31 -32.19 -32.03 -31.88 -31.75 -31.59 -31.44 -31.28 -31.12 -31.00 -30.88 -30.72 -30.59 -30.41 -30.22 -30.03 -29.84 -29.66 -29.44 -29.25 -29.03 -28.81 -28.59 -28.34 -28.12 -27.84 -27.62 -27.34 -27.09 -26.94 -26.69 -26.44 -26.25 -26.09 -25.91 -25.75 -25.72 -25.66 -25.66 -25.69 -25.69 -25.59 -25.47 -25.44
-36.03 -35.75 -35.47 -35.22 -35.00 -34.78 -34.56 -34.38 -34.22 -34.09 -34.00 -33.91 -33.84 -33.78 -33.69 -33.62 -33.53 -33.44 -33.34 -33.25 -33.12 -33.00 -32.88 -32.75 -32.62 -32.53 -32.41 -32.28 -32.16 -32.03 -31.88 -31.75 -31.59 -31.47 -31.31 -31.19 -31.03 -30.91 -30.78 -30.62 -30.47 -30.25 -30.06 -29.88 -29.69 -29.44 -29.22 -28.97 -28.78 -28.59 -28.41 -28.12 -27.78 -27.47 -27.28 -27.09 -26.81 -26.62 -26.50 -26.31 -26.06 -25.91 -25.88 -25.81 -25.72 -25.72 -25.72 -25.62 -25.62 -25.59 -25.47
-35.97 -35.69 -35.41 -35.16 -34.91 -34.69 -34.47 -34.25 -34.06 -33.94 -33.81 -33.75 -33.69 -33.62 -33.56 -33.47 -33.41 -33.31 -33.22 -33.16 -33.03 -32.94 -32.81 -32.69 -32.56 -32.47 -32.38 -32.25 -32.12 -32.00 -31.88 -31.75 -31.62 -31.50 -31.34 -31.22 -31.06 -30.91 -30.78 -30.66 -30.50 -30.34 -30.12 -29.91 -29.69 -29.47 -29.28 -29.06 -28.91 -28.72 -28.41 -27.97 -27.81 -27.56 -27.25 -27.12 -26.88 -26.62 -26.50 -26.31 -26.09 -25.97 -25.91 -25.84 -25.81 -25.72 -25.72 -25.69 -25.62 -25.66 -25.62
-35.88 -35.59 -35.34 -35.09 -34.84 -34.59 -34.38 -34.16 -33.94 -33.78 -33.66 -33.56 -33.53 -33.47 -33.41 -33.34 -33.28 -33.19 -33.12 -33.03 -32.94 -32.81 -32.72 -32.59 -32.47 -32.38 -32.28 -32.19 -32.09 -32.00 -31.88 -31.75 -31.62 -31.50 -31.38 -31.22 -31.06 -30.91 -30.75 -30.66 -30.50 -30.34 -30.16 -29.97 -29.75 -29.53 -29.34 -29.12 -28.88 -28.69 -28.38 -28.00 -27.75 -27.50 -27.28 -27.06 -26.91 -26.72 -26.47 -26.25 -26.06 -26.03 -25.97 -25.91 -25.81 -25.72 -25.72 -25.72 -25.69 -25.66 -25.62
-35.72 -35.50 -35.25 -35.00 -34.75 -34.50 -34.28 -34.06 -33.84 -33.66 -33.53 -33.41 -33.34 -33.31 -33.25 -33.19 -33.12 -33.06 -33.00 -32.91 -32.81 -32.72 -32.59 -32.50 -32.38 -32.31 -32.22 -32.12 -32.06 -31.94 -31.84 -31.72 -31.59 -31.47 -31.34 -31.19 -31.06 -30.88 -30.72 -30.59 -30.47 -30.28 -30.12 -29.97 -29.78 -29.62 -29.41 -29.16 -28.88 -28.66 -28.31 -28.03 -27.84 -27.50 -27.31 -27.09 -26.88 -26.72 -26.56 -26.31 -26.06 -25.97 -25.84 -25.81 -25.81 -25.75 -25.69 -25.66 -25.69 -25.62 -25.56
-35.59 -35.34 -35.12 -34.88 -34.66 -34.41 -34.19 -33.97 -33.75 -33.56 -33.38 -33.28 -33.19 -33.12 -33.09 -33.06 -33.00 -32.94 -32.84 -32.75 -32.69 -32.59 -32.47 -32.38 -32.28 -32.19 -32.12 -32.06 -31.97 -31.91 -31.78 -31.69 -31.56 -31.44 -31.28 -31.16 -31.00 -30.81 -30.62 -30.47 -30.34 -30.19 -30.03 -29.91 -29.75 -29.59 -29.41 -29.19 -28.91 -28.62 -28.38 -28.09 -27.81 -27.50 -27.28 -27.03 -26.88 -26.72 -26.62 -26.47 -26.22 -26.03 -25.91 -25.84 -25.78 -25.75 -25.69 -25.66 -25.69 -25.62 -25.59
-35.41 -35.19 -34.97 -34.75 -34.53 -34.31 -34.06 -33.84 -33.66 -33.44 -33.28 -33.12 -33.03 -32.97 -32.94 -32.91 -32.84 -32.78 -32.72 -32.62 -32.53 -32.44 -32.34 -32.28 -32.19 -32.09 -32.03 -31.97 -31.91 -31.81 -31.72 -31.62 -31.50 -31.38 -31.22 -31.06 -30.91 -30.72 -30.53 -30.38 -30.22 -30.09 -29.94 -29.81 -29.72 -29.53 -29.38 -29.12 -28.88 -28.62 -28.34 -28.09 -27.75 -27.47 -27.34 -27.12 -26.94 -26.75 -26.62 -26.50 -26.34 -26.12 -26.00 -25.91 -25.84 -25.75 -25.72 -25.78 -25.81 -25.75 -25.69
-35.25 -35.03 -34.81 -34.59 -34.38 -34.16 -33.94 -33.75 -33.53 -33.34 -33.16 -33.00 -32.91 -32.84 -32.78 -32.75 -32.69 -32.62 -32.56 -32.50 -32.41 -32.34 -32.25 -32.16 -32.09 -32.00 -31.94 -31.88 -31.81 -31.72 -31.62 -31.53 -31.41 -31.28 -31.12 -30.97 -30.81 -30.66 -30.47 -30.31 -30.12 -30.00 -29.88 -29.72 -29.62 -29.47 -29.31 -29.06 -28.81 -28.66 -28.38 -28.06 -27.78 -27.56 -27.34 -27.06 -26.94 -26.69 -26.56 -26.38 -26.19 -26.06 -25.94 -25.94 -25.88 -25.81 -25.81 -25.91 -25.91 -25.88 -25.75
-35.09 -34.88 -34.62 -34.41 -34.19 -34.00 -33.81 -33.62 -33.41 -33.25 -33.06 -32.91 -32.78 -32.69 -32.62 -32.59 -32.53 -32.50 -32.44 -32.38 -32.28 -32.22 -32.16 -32.06 -32.00 -31.94 -31.84 -31.78 -31.72 -31.62 -31.53 -31.44 -31.34 -31.22 -31.06 -30.91 -30.72 -30.53 -30.38 -30.16 -29.97 -29.81 -29.72 -29.62 -29.50 -29.38 -29.19 -29.00 -28.81 -28.59 -28.31 -28.06 -27.75 -27.50 -27.31 -27.16 -26.97 -26.75 -26.62 -26.34 -26.03 -25.91 -25.91 -25.84 -25.78 -25.75 -25.84 -25.88 -25.91 -25.91 -25.81
-34.94 -34.72 -34.47 -34.25 -34.03 -33.84 -33.66 -33.47 -33.31 -33.12 -32.97 -32.81 -32.66 -32.56 -32.47 -32.44 -32.38 -32.34 -32.28 -32.22 -32.16 -32.12 -32.06 -32.00 -31.91 -31.84 -31.78 -31.69 -31.62 -31.53 -31.44 -31.34 -31.22 -31.09 -30.94 -30.75 -30.59 -30.44 -30.28 -30.09 -29.91 -29.75 -29.66 -29.53 -29.38 -29.25 -29.09 -28.88 -28.72 -28.47 -28.25 -28.00 -27.69 -27.44 -27.22 -27.03 -26.84 -26.66 -26.50 -26.31 -26.09 -25.91 -25.84 -25.84 -25.75 -25.69 -25.78 -25.88 -25.84 -25.88 -25.84
-34.78 -34.56 -34.34 -34.09 -33.91 -33.69 -33.50 -33.34 -33.19 -33.00 -32.84 -32.69 -32.56 -32.44 -32.34 -32.28 -32.22 -32.19 -32.12 -32.09 -32.06 -32.00 -31.97 -31.91 -31.84 -31.78 -31.69 -31.59 -31.50 -31.44 -31.34 -31.25 -31.12 -31.00 -30.84 -30.69 -30.53 -30.38 -30.19 -29.97 -29.84 -29.69 -29.56 -29.38 -29.19 -29.09 -28.94 -28.78 -28.62 -28.38 -28.16 -27.88 -27.62 -27.41 -27.19 -27.00 -26.81 -26.59 -26.38 -26.22 -26.09 -25.94 -25.94 -25.91 -25.88 -25.91 -25.94 -25.97 -25.91 -25.81 -25.75
-34.62 -34.44 -34.22 -33.97 -33.78 -33.56 -33.38 -33.22 -33.06 -32.88 -32.72 -32.59 -32.44 -32.31 -32.22 -32.12 -32.06 -32.03 -32.00 -31.97 -31.94 -31.91 -31.84 -31.81 -31.75 -31.69 -31.59 -31.50 -31.41 -31.31 -31.22 -31.12 -31.00 -30.88 -30.75 -30.56 -30.41 -30.28 -30.12 -29.94 -29.78 -29.66 -29.50 -29.31 -29.12 -29.00 -28.81 -28.62 -28.47 -28.19 -28.00 -27.72 -27.53 -27.38 -27.19 -27.00 -26.81 -26.53 -26.28 -26.12 -26.06 -26.03 -25.88 -25.97 -26.09 -26.09 -26.06 -26.03 -25.94 -25.81 -25.78
-34.50 -34.31 -34.09 -33.91 -33.69 -33.50 -33.31 -33.12 -32.94 -32.78 -32.62 -32.47 -32.31 -32.19 -32.06 -31.97 -31.91 -31.84 -31.84 -31.81 -31.81 -31.78 -31.75 -31.69 -31.66 -31.59 -31.50 -31.41 -31.31 -31.19 -31.09 -30.97 -30.88 -30.75 -30.59 -30.41 -30.28 -30.12 -30.03 -29.88 -29.69 -29.56 -29.41 -29.25 -29.06 -28.88 -28.66 -28.47 -28.28 -28.03 -27.84 -27.62 -27.47 -27.38 -27.22 -26.97 -26.72 -26.50 -26.31 -26.22 -26.12 -25.97 -25.97 -26.09 -26.19 -26.19 -26.12 -26.00 -25.88 -25.81 -25.84
-34.41 -34.22 -34.03 -33.81 -33.62 -33.44 -33.25 -33.06 -32.88 -32.69 -32.53 -32.34 -32.22 -32.06 -31.94 -31.81 -31.75 -31.69 -31.69 -31.69 -31.69 -31.66 -31.62 -31.56 -31.53 -31.47 -31.38 -31.28 -31.19 -31.09 -31.00 -30.88 -30.78 -30.66 -30.53 -30.34 -30.19 -30.03 -29.91 -29.75 -29.59 -29.47 -29.28 -29.16 -29.00 -28.81 -28.56 -28.34 -28.16 -27.91 -27.69 -27.53 -27.38 -27.22 -27.06 -26.84 -26.59 -26.44 -26.38 -26.31 -26.19 -26.16 -26.19 -26.19 -26.22 -26.19 -26.09 -25.97 -25.91 -25.91 -25.84
-34.31 -34.16 -33.97 -33.78 -33.59 -33.38 -33.19 -33.00 -32.81 -32.62 -32.44 -32.28 -32.09 -31.94 -31.81 -31.69 -31.56 -31.50 -31.53 -31.53 -31.53 -31.50 -31.47 -31.44 -31.38 -31.31 -31.25 -31.16 -31.06 -30.94 -30.81 -30.69 -30.59 -30.50 -30.41 -30.28 -30.12 -29.97 -29.81 -29.69 -29.56 -29.44 -29.25 -29.09 -28.97 -28.78 -28.53 -28.31 -28.09 -27.91 -27.66 -27.44 -27.22 -27.06 -26.91 -26.78 -26.59 -26.41 -26.44 -26.38 -26.19 -26.09 -26.16 -26.22 -26.19 -26.06 -26.03 -26.06 -26.06 -25.97 -25.91
-34.25 -34.09 -33.91 -33.72 -33.53 -33.34 -33.16 -32.94 -32.75 -32.56 -32.38 -32.19 -32.03 -31.84 -31.69 -31.53 -31.44 -31.44 -31.41 -31.41 -31.38 -31.34 -31.31 -31.25 -31.22 -31.16 -31.06 -30.97 -30.84 -30.75 -30.66 -30.53 -30.41 -30.31 -30.25 -30.16 -30.03 -29.88 -29.72 -29.62 -29.50 -29.31 -29.16 -29.00 -28.88 -28.66 -28.50 -28.25 -28.00 -27.78 -27.59 -27.44 -27.28 -27.06 -27.00 -26.94 -26.75 -26.66 -26.59 -26.47 -26.34 -26.22 -26.09 -26.25 -26.25 -26.19 -26.16 -26.12 -26.09 -26.03 -25.94
-34.16 -34.00 -33.84 -33.66 -33.47 -33.28 -33.06 -32.88 -32.69 -32.50 -32.31 -32.12 -31.94 -31.78 -31.59 -31.47 -31.38 -31.31 -31.28 -31.28 -31.22 -31.19 -31.12 -31.09 -31.06 -31.03 -30.97 -30.88 -30.75 -30.66 -30.53 -30.44 -30.31 -30.16 -30.06 -30.00 -29.91 -29.78 -29.59 -29.47 -29.34 -29.19 -29.03 -28.88 -28.72 -28.50 -28.25 -28.06 -27.84 -27.69 -27.56 -27.47 -27.31 -27.25 -27.16 -27.00 -26.84 -26.78 -26.72 -26.62 -26.47 -26.34 -26.38 -26.38 -26.38 -26.31 -26.19 -26.12 -26.12 -26.03 -25.97
-34.09 -33.94 -33.78 -33.59 -33.41 -33.22 -33.00 -32.81 -32.62 -32.44 -32.25 -32.06 -31.91 -31.72 -31.56 -31.44 -31.31 -31.22 -31.19 -31.16 -31.12 -31.06 -31.00 -30.94 -30.91 -30.88 -30.81 -30.72 -30.59 -30.50 -30.38 -30.28 -30.16 -30.03 -29.94 -29.81 -29.72 -29.56 -29.41 -29.25 -29.12 -28.97 -28.88 -28.75 -28.50 -28.25 -28.06 -27.88 -27.75 -27.66 -27.56 -27.38 -27.31 -27.28 -27.19 -27.09 -27.03 -26.97 -26.94 -26.84 -26.62 -26.50 -26.47 -26.47 -26.44 -26.34 -26.19 -26.16 -26.09 -26.06 -25.97
-34.03 -33.88 -33.72 -33.53 -33.34 -33.12 -32.94 -32.75 -32.56 -32.38 -32.19 -32.03 -31.84 -31.69 -31.53 -31.41 -31.28 -31.19 -31.09 -31.06 -31.00 -30.97 -30.91 -30.84 -30.81 -30.75 -30.69 -30.56 -30.47 -30.38 -30.25 -30.09 -29.97 -29.84 -29.75 -29.62 -29.47 -29.34 -29.16 -29.03 -28.91 -28.75 -28.62 -28.50 -28.31 -28.12 -27.91 -27.78 -27.69 -27.56 -27.44 -27.50 -27.47 -27.44 -27.34 -27.31 -27.25 -27.22 -27.12 -27.00 -26.81 -26.72 -26.56 -26.47 -26.50 -26.41 -26.25 -26.16 -26.09 -25.97 -25.88
