everonasctiles/Tile[5,26].asc
ncols 128
nrows 128
xllcorner 0
yllcorner 0
cellsize 2.0
NODATA_value  -9999
[rows 32 to 63 of 128, columns 0 to 70 of 128]
-44.38 -44.66 -44.91 -45.19 -45.44 -45.66 -45.84 -46.03 -46.16 -46.25 -46.34 -46.41 -46.47 -46.53 -46.59 -46.66 -46.72 -46.78 -46.88 -46.91 -46.97 -47.00 -47.03 -47.06 -47.09 -47.12 -47.12 -47.12 -47.12 -47.09 -47.00 -46.94 -46.81 -46.66 -46.50 -46.31 -46.06 -45.78 -45.50 -45.41 -45.41 -45.34 -45.19 -45.00 -44.81 -44.75 -44.88 -45.03 -45.19 -45.34 -45.53 -45.69 -45.81 -45.94 -46.03 -46.09 -46.19 -46.28 -46.38 -46.47 -46.59 -46.72 -46.88 -47.06 -47.28 -47.50 -47.69 -47.88 -48.03 -48.19 -48.34
-44.12 -44.41 -44.69 -45.00 -45.25 -45.50 -45.72 -45.88 -46.00 -46.09 -46.19 -46.25 -46.31 -46.41 -46.50 -46.59 -46.69 -46.75 -46.84 -46.91 -46.97 -47.00 -47.03 -47.06 -47.09 -47.12 -47.16 -47.19 -47.19 -47.19 -47.16 -47.06 -46.97 -46.84 -46.66 -46.50 -46.28 -46.03 -45.81 -45.75 -45.72 -45.62 -45.44 -45.22 -45.00 -44.81 -44.91 -45.06 -45.22 -45.38 -45.53 -45.72 -45.84 -45.94 -46.00 -46.06 -46.16 -46.25 -46.41 -46.53 -46.69 -46.81 -46.94 -47.12 -47.31 -47.50 -47.69 -47.84 -47.97 -48.09 -48.22
-43.84 -44.16 -44.47 -44.78 -45.06 -45.31 -45.53 -45.72 -45.84 -45.94 -46.00 -46.06 -46.19 -46.28 -46.41 -46.50 -46.62 -46.72 -46.81 -46.91 -46.94 -47.00 -47.03 -47.03 -47.06 -47.09 -47.12 -47.19 -47.22 -47.22 -47.22 -47.16 -47.09 -46.97 -46.81 -46.66 -46.50 -46.28 -46.12 -46.03 -45.97 -45.84 -45.66 -45.44 -45.19 -44.97 -44.94 -45.06 -45.22 -45.38 -45.53 -45.69 -45.78 -45.84 -45.91 -45.94 -46.03 -46.16 -46.31 -46.47 -46.62 -46.78 -46.94 -47.09 -47.28 -47.47 -47.62 -47.75 -47.84 -47.94 -48.06
-43.56 -43.91 -44.25 -44.56 -44.88 -45.16 -45.38 -45.53 -45.66 -45.72 -45.78 -45.88 -46.00 -46.12 -46.28 -46.41 -46.56 -46.66 -46.78 -46.84 -46.91 -46.97 -47.00 -47.00 -47.03 -47.06 -47.09 -47.16 -47.19 -47.22 -47.22 -47.22 -47.16 -47.06 -46.94 -46.81 -46.69 -46.53 -46.41 -46.31 -46.22 -46.06 -45.88 -45.69 -45.47 -45.25 -45.12 -45.19 -45.28 -45.38 -45.50 -45.59 -45.66 -45.69 -45.72 -45.78 -45.88 -46.00 -46.16 -46.31 -46.50 -46.69 -46.84 -47.03 -47.22 -47.38 -47.47 -47.56 -47.66 -47.75 -47.88
-43.25 -43.62 -43.97 -44.34 -44.66 -44.94 -45.16 -45.31 -45.41 -45.47 -45.56 -45.66 -45.81 -45.97 -46.16 -46.31 -46.47 -46.59 -46.69 -46.78 -46.88 -46.91 -46.94 -46.94 -46.97 -47.00 -47.06 -47.09 -47.16 -47.19 -47.22 -47.22 -47.19 -47.16 -47.06 -46.97 -46.84 -46.75 -46.62 -46.53 -46.41 -46.28 -46.09 -45.91 -45.72 -45.53 -45.41 -45.38 -45.38 -45.41 -45.44 -45.47 -45.50 -45.50 -45.53 -45.56 -45.66 -45.81 -45.97 -46.16 -46.34 -46.53 -46.72 -46.94 -47.09 -47.19 -47.28 -47.38 -47.47 -47.56 -47.69
-42.94 -43.31 -43.72 -44.06 -44.41 -44.69 -44.91 -45.06 -45.16 -45.22 -45.28 -45.44 -45.59 -45.78 -46.00 -46.19 -46.34 -46.47 -46.59 -46.72 -46.78 -46.81 -46.84 -46.84 -46.88 -46.91 -46.97 -47.03 -47.09 -47.16 -47.19 -47.19 -47.19 -47.19 -47.16 -47.09 -47.00 -46.91 -46.81 -46.72 -46.59 -46.47 -46.28 -46.12 -45.94 -45.78 -45.66 -45.56 -45.50 -45.44 -45.38 -45.34 -45.34 -45.31 -45.28 -45.28 -45.34 -45.53 -45.75 -45.94 -46.16 -46.38 -46.56 -46.78 -46.91 -47.00 -47.06 -47.12 -47.22 -47.38 -47.56
-42.59 -43.00 -43.41 -43.78 -44.12 -44.41 -44.66 -44.78 -44.88 -44.91 -45.00 -45.16 -45.38 -45.59 -45.81 -46.00 -46.19 -46.34 -46.50 -46.59 -46.66 -46.69 -46.72 -46.72 -46.75 -46.81 -46.88 -46.97 -47.03 -47.09 -47.16 -47.19 -47.19 -47.22 -47.19 -47.16 -47.12 -47.03 -46.97 -46.88 -46.75 -46.62 -46.47 -46.31 -46.12 -45.97 -45.81 -45.72 -45.59 -45.47 -45.38 -45.25 -45.12 -45.03 -44.88 -44.72 -44.72 -44.94 -45.22 -45.56 -45.91 -46.19 -46.41 -46.59 -46.72 -46.78 -46.78 -46.84 -47.00 -47.22 -47.47
-42.28 -42.69 -43.06 -43.44 -43.81 -44.09 -44.31 -44.47 -44.56 -44.59 -44.69 -44.88 -45.09 -45.34 -45.59 -45.81 -46.00 -46.19 -46.34 -46.44 -46.50 -46.53 -46.56 -46.56 -46.59 -46.69 -46.75 -46.88 -46.97 -47.03 -47.12 -47.16 -47.19 -47.22 -47.22 -47.19 -47.16 -47.12 -47.03 -46.97 -46.88 -46.75 -46.62 -46.44 -46.28 -46.12 -45.97 -45.84 -45.69 -45.56 -45.41 -45.22 -44.97 -44.72 -44.44 -44.22 -44.16 -44.31 -44.66 -45.12 -45.69 -46.03 -46.25 -46.44 -46.53 -46.56 -46.56 -46.62 -46.84 -47.12 -47.38
-41.94 -42.31 -42.72 -43.12 -43.47 -43.75 -43.97 -44.09 -44.19 -44.25 -44.34 -44.56 -44.81 -45.09 -45.34 -45.59 -45.81 -46.03 -46.16 -46.25 -46.31 -46.34 -46.34 -46.38 -46.44 -46.50 -46.62 -46.75 -46.84 -46.97 -47.06 -47.12 -47.16 -47.19 -47.19 -47.19 -47.16 -47.12 -47.06 -46.97 -46.91 -46.81 -46.69 -46.53 -46.41 -46.25 -46.09 -45.94 -45.81 -45.66 -45.53 -45.41 -45.22 -44.97 -44.72 -44.50 -44.34 -44.38 -44.66 -45.09 -45.59 -45.91 -46.12 -46.28 -46.38 -46.41 -46.41 -46.56 -46.81 -47.06 -47.28
-41.56 -41.94 -42.38 -42.75 -43.09 -43.34 -43.56 -43.72 -43.81 -43.88 -44.00 -44.22 -44.50 -44.81 -45.09 -45.38 -45.62 -45.81 -45.94 -46.03 -46.09 -46.09 -46.12 -46.16 -46.22 -46.31 -46.44 -46.59 -46.75 -46.88 -47.00 -47.06 -47.12 -47.16 -47.12 -47.12 -47.09 -47.06 -47.00 -46.94 -46.84 -46.78 -46.69 -46.56 -46.44 -46.31 -46.16 -46.03 -45.91 -45.81 -45.72 -45.62 -45.53 -45.44 -45.31 -45.22 -45.09 -45.06 -45.19 -45.41 -45.66 -45.88 -46.06 -46.19 -46.28 -46.31 -46.41 -46.59 -46.81 -47.00 -47.22
-41.22 -41.59 -42.00 -42.34 -42.66 -42.91 -43.12 -43.28 -43.41 -43.50 -43.59 -43.84 -44.16 -44.50 -44.81 -45.12 -45.38 -45.56 -45.69 -45.75 -45.81 -45.81 -45.84 -45.88 -45.97 -46.09 -46.28 -46.47 -46.66 -46.81 -46.94 -47.00 -47.06 -47.06 -47.06 -47.03 -47.00 -46.94 -46.91 -46.84 -46.75 -46.69 -46.62 -46.53 -46.44 -46.34 -46.22 -46.12 -46.03 -45.94 -45.88 -45.81 -45.75 -45.69 -45.62 -45.59 -45.56 -45.53 -45.56 -45.66 -45.78 -45.91 -46.03 -46.16 -46.22 -46.31 -46.44 -46.59 -46.78 -46.97 -47.12
-40.94 -41.28 -41.62 -41.91 -42.19 -42.44 -42.69 -42.84 -42.97 -43.06 -43.19 -43.47 -43.81 -44.19 -44.53 -44.84 -45.09 -45.25 -45.34 -45.44 -45.50 -45.50 -45.53 -45.56 -45.69 -45.88 -46.09 -46.31 -46.53 -46.69 -46.84 -46.91 -46.94 -46.94 -46.94 -46.91 -46.88 -46.81 -46.78 -46.72 -46.66 -46.56 -46.50 -46.47 -46.41 -46.31 -46.25 -46.19 -46.12 -46.09 -46.03 -46.00 -45.94 -45.91 -45.88 -45.81 -45.78 -45.78 -45.78 -45.81 -45.88 -45.94 -46.06 -46.12 -46.22 -46.31 -46.44 -46.59 -46.75 -46.91 -47.06
-40.69 -40.94 -41.22 -41.47 -41.75 -42.00 -42.22 -42.41 -42.50 -42.62 -42.78 -43.09 -43.50 -43.88 -44.25 -44.53 -44.72 -44.88 -44.97 -45.06 -45.12 -45.16 -45.19 -45.22 -45.41 -45.66 -45.91 -46.19 -46.41 -46.59 -46.72 -46.78 -46.81 -46.78 -46.78 -46.72 -46.69 -46.66 -46.62 -46.56 -46.50 -46.44 -46.41 -46.34 -46.31 -46.31 -46.28 -46.25 -46.22 -46.22 -46.19 -46.19 -46.16 -46.12 -46.09 -46.03 -46.00 -45.97 -45.94 -45.94 -45.94 -46.00 -46.03 -46.09 -46.19 -46.28 -46.41 -46.56 -46.69 -46.81 -46.97
-40.41 -40.62 -40.81 -41.03 -41.31 -41.56 -41.78 -41.94 -42.06 -42.16 -42.41 -42.78 -43.16 -43.53 -43.84 -44.09 -44.28 -44.44 -44.56 -44.66 -44.72 -44.75 -44.78 -44.88 -45.16 -45.44 -45.75 -46.00 -46.25 -46.44 -46.56 -46.62 -46.62 -46.59 -46.56 -46.53 -46.50 -46.50 -46.47 -46.41 -46.34 -46.28 -46.25 -46.25 -46.25 -46.25 -46.28 -46.28 -46.28 -46.28 -46.31 -46.31 -46.31 -46.28 -46.25 -46.22 -46.16 -46.09 -46.06 -46.03 -46.00 -46.00 -46.00 -46.06 -46.12 -46.22 -46.34 -46.47 -46.59 -46.72 -46.84
-40.16 -40.28 -40.44 -40.62 -40.91 -41.16 -41.34 -41.47 -41.59 -41.75 -42.06 -42.41 -42.78 -43.09 -43.41 -43.62 -43.84 -44.00 -44.09 -44.19 -44.28 -44.31 -44.41 -44.59 -44.91 -45.22 -45.53 -45.81 -46.06 -46.25 -46.38 -46.44 -46.44 -46.38 -46.34 -46.28 -46.28 -46.28 -46.28 -46.25 -46.19 -46.12 -46.12 -46.12 -46.16 -46.22 -46.25 -46.28 -46.31 -46.34 -46.38 -46.41 -46.41 -46.38 -46.38 -46.31 -46.25 -46.19 -46.12 -46.03 -46.00 -45.94 -45.94 -45.97 -46.03 -46.12 -46.25 -46.38 -46.50 -46.62 -46.72
-39.94 -40.00 -40.06 -40.28 -40.56 -40.75 -40.91 -41.03 -41.12 -41.34 -41.69 -42.00 -42.31 -42.62 -42.91 -43.16 -43.34 -43.50 -43.62 -43.72 -43.81 -43.88 -44.00 -44.31 -44.66 -44.97 -45.28 -45.56 -45.84 -46.06 -46.19 -46.25 -46.22 -46.12 -46.06 -46.03 -46.03 -46.06 -46.06 -46.03 -45.97 -45.94 -45.94 -46.00 -46.06 -46.16 -46.22 -46.31 -46.34 -46.41 -46.44 -46.44 -46.44 -46.44 -46.41 -46.38 -46.28 -46.22 -46.12 -46.03 -45.97 -45.91 -45.88 -45.91 -45.94 -46.03 -46.12 -46.25 -46.38 -46.47 -46.56
-39.75 -39.72 -39.69 -39.88 -40.16 -40.34 -40.50 -40.56 -40.69 -40.94 -41.25 -41.56 -41.84 -42.12 -42.41 -42.66 -42.88 -43.03 -43.12 -43.22 -43.31 -43.41 -43.62 -43.97 -44.34 -44.66 -45.00 -45.34 -45.62 -45.84 -45.97 -46.03 -45.97 -45.88 -45.78 -45.75 -45.78 -45.78 -45.78 -45.75 -45.72 -45.72 -45.78 -45.88 -45.97 -46.09 -46.19 -46.28 -46.38 -46.41 -46.47 -46.47 -46.47 -46.47 -46.41 -46.34 -46.28 -46.19 -46.09 -46.00 -45.91 -45.84 -45.78 -45.78 -45.81 -45.91 -45.97 -46.09 -46.19 -46.31 -46.41
-39.59 -39.50 -39.47 -39.56 -39.75 -39.94 -40.06 -40.12 -40.25 -40.53 -40.81 -41.09 -41.34 -41.59 -41.91 -42.19 -42.41 -42.56 -42.66 -42.72 -42.81 -42.94 -43.19 -43.56 -43.97 -44.38 -44.75 -45.09 -45.38 -45.59 -45.75 -45.78 -45.72 -45.59 -45.50 -45.47 -45.47 -45.50 -45.47 -45.44 -45.44 -45.47 -45.56 -45.72 -45.84 -46.00 -46.12 -46.25 -46.34 -46.41 -46.47 -46.50 -46.50 -46.47 -46.41 -46.31 -46.22 -46.12 -46.03 -45.94 -45.81 -45.75 -45.69 -45.66 -45.69 -45.72 -45.81 -45.91 -46.00 -46.09 -46.22
-39.56 -39.53 -39.53 -39.59 -39.66 -39.75 -39.81 -39.88 -40.00 -40.19 -40.41 -40.66 -40.88 -41.16 -41.44 -41.72 -41.91 -42.06 -42.12 -42.19 -42.25 -42.38 -42.75 -43.22 -43.66 -44.09 -44.50 -44.84 -45.12 -45.34 -45.50 -45.53 -45.44 -45.28 -45.19 -45.16 -45.16 -45.12 -45.12 -45.12 -45.12 -45.22 -45.34 -45.53 -45.72 -45.88 -46.03 -46.16 -46.28 -46.34 -46.44 -46.47 -46.47 -46.41 -46.34 -46.25 -46.16 -46.03 -45.94 -45.81 -45.72 -45.62 -45.56 -45.50 -45.50 -45.53 -45.59 -45.66 -45.75 -45.88 -46.00
-39.62 -39.62 -39.66 -39.69 -39.72 -39.78 -39.81 -39.88 -39.94 -40.03 -40.19 -40.34 -40.53 -40.78 -41.03 -41.25 -41.44 -41.56 -41.62 -41.69 -41.69 -41.91 -42.44 -42.94 -43.41 -43.84 -44.25 -44.56 -44.81 -45.06 -45.22 -45.22 -45.12 -44.97 -44.88 -44.81 -44.78 -44.75 -44.75 -44.75 -44.78 -44.94 -45.12 -45.31 -45.53 -45.72 -45.88 -46.03 -46.16 -46.25 -46.34 -46.38 -46.38 -46.31 -46.25 -46.16 -46.03 -45.94 -45.81 -45.69 -45.59 -45.47 -45.38 -45.31 -45.28 -45.28 -45.34 -45.41 -45.50 -45.59 -45.75
-39.72 -39.75 -39.75 -39.78 -39.84 -39.88 -39.91 -39.94 -39.94 -40.00 -40.03 -40.12 -40.25 -40.41 -40.62 -40.81 -40.97 -41.06 -41.16 -41.16 -41.19 -41.62 -42.22 -42.66 -43.12 -43.56 -43.94 -44.25 -44.50 -44.75 -44.91 -44.91 -44.78 -44.62 -44.50 -44.41 -44.34 -44.31 -44.22 -44.16 -44.25 -44.56 -44.84 -45.09 -45.31 -45.53 -45.72 -45.88 -46.00 -46.09 -46.19 -46.22 -46.22 -46.19 -46.09 -46.00 -45.91 -45.78 -45.66 -45.53 -45.41 -45.28 -45.16 -45.06 -45.03 -45.00 -45.03 -45.09 -45.19 -45.31 -45.44
-39.84 -39.88 -39.91 -39.94 -39.94 -39.97 -40.00 -40.00 -40.00 -40.00 -39.97 -39.97 -40.00 -40.09 -40.22 -40.38 -40.50 -40.62 -40.69 -40.66 -40.81 -41.41 -41.94 -42.34 -42.81 -43.25 -43.59 -43.91 -44.16 -44.41 -44.56 -44.53 -44.38 -44.22 -44.06 -43.97 -43.88 -43.72 -43.41 -43.28 -43.53 -44.06 -44.50 -44.81 -45.06 -45.31 -45.47 -45.66 -45.78 -45.91 -46.00 -46.03 -46.03 -45.97 -45.91 -45.81 -45.72 -45.59 -45.47 -45.31 -45.19 -45.03 -44.91 -44.78 -44.72 -44.69 -44.69 -44.75 -44.84 -44.97 -45.12
-39.97 -40.00 -40.03 -40.06 -40.09 -40.09 -40.09 -40.09 -40.06 -40.03 -39.94 -39.88 -39.81 -39.81 -39.88 -40.00 -40.12 -40.22 -40.22 -40.16 -40.47 -41.09 -41.62 -42.03 -42.47 -42.88 -43.22 -43.50 -43.81 -44.06 -44.19 -44.12 -43.97 -43.78 -43.62 -43.47 -43.31 -42.91 -42.47 -42.41 -42.81 -43.59 -44.16 -44.53 -44.81 -45.03 -45.22 -45.38 -45.53 -45.66 -45.75 -45.78 -45.75 -45.69 -45.62 -45.56 -45.50 -45.38 -45.25 -45.09 -44.91 -44.75 -44.56 -44.44 -44.34 -44.31 -44.31 -44.38 -44.47 -44.59 -44.75
-40.09 -40.12 -40.16 -40.19 -40.19 -40.22 -40.19 -40.16 -40.12 -40.03 -39.91 -39.78 -39.66 -39.59 -39.50 -39.56 -39.66 -39.69 -39.62 -39.69 -40.09 -40.75 -41.28 -41.69 -42.09 -42.47 -42.81 -43.12 -43.44 -43.69 -43.78 -43.66 -43.50 -43.31 -43.12 -42.94 -42.69 -42.03 -41.56 -41.59 -42.28 -43.25 -43.81 -44.25 -44.53 -44.72 -44.88 -45.03 -45.19 -45.34 -45.41 -45.44 -45.41 -45.38 -45.31 -45.25 -45.22 -45.12 -45.00 -44.81 -44.59 -44.38 -44.19 -44.03 -43.91 -43.84 -43.88 -43.94 -44.03 -44.16 -44.38
-40.19 -40.22 -40.25 -40.28 -40.31 -40.31 -40.28 -40.22 -40.12 -40.03 -39.88 -39.72 -39.56 -39.41 -39.16 -39.03 -39.03 -39.03 -39.09 -39.31 -39.81 -40.47 -40.94 -41.31 -41.72 -42.06 -42.41 -42.75 -43.06 -43.28 -43.31 -43.19 -43.00 -42.78 -42.59 -42.44 -42.03 -41.22 -40.72 -41.00 -41.94 -42.94 -43.50 -43.91 -44.12 -44.28 -44.47 -44.66 -44.81 -44.94 -45.00 -45.03 -45.00 -44.97 -44.94 -44.94 -44.91 -44.84 -44.72 -44.50 -44.25 -44.03 -43.78 -43.56 -43.41 -43.34 -43.38 -43.44 -43.56 -43.72 -43.97
-40.28 -40.31 -40.38 -40.38 -40.41 -40.38 -40.31 -40.25 -40.12 -39.97 -39.81 -39.66 -39.47 -39.25 -38.88 -38.66 -38.56 -38.59 -38.75 -39.09 -39.59 -40.19 -40.59 -40.97 -41.31 -41.69 -42.03 -42.38 -42.69 -42.84 -42.84 -42.66 -42.44 -42.25 -42.09 -41.88 -41.22 -40.41 -40.03 -40.62 -41.75 -42.59 -43.16 -43.50 -43.66 -43.81 -44.00 -44.22 -44.38 -44.50 -44.53 -44.53 -44.53 -44.50 -44.50 -44.53 -44.56 -44.53 -44.38 -44.16 -43.91 -43.62 -43.34 -43.06 -42.84 -42.81 -42.84 -42.91 -43.03 -43.25 -43.56
-40.38 -40.41 -40.44 -40.47 -40.47 -40.41 -40.34 -40.25 -40.09 -39.94 -39.78 -39.59 -39.38 -39.06 -38.78 -38.66 -38.66 -38.72 -38.81 -39.06 -39.47 -39.94 -40.31 -40.62 -40.97 -41.31 -41.66 -41.97 -42.25 -42.38 -42.31 -42.12 -41.88 -41.59 -41.31 -40.91 -40.28 -39.59 -39.50 -40.38 -41.53 -42.25 -42.72 -42.97 -43.09 -43.25 -43.47 -43.72 -43.88 -43.97 -43.97 -43.97 -43.97 -43.91 -43.94 -44.06 -44.16 -44.19 -44.03 -43.75 -43.38 -42.94 -42.56 -42.22 -42.12 -42.19 -42.25 -42.34 -42.41 -42.56 -42.94
-40.44 -40.47 -40.50 -40.53 -40.50 -40.44 -40.34 -40.25 -40.09 -39.94 -39.75 -39.56 -39.34 -39.12 -39.00 -39.00 -39.03 -39.06 -39.12 -39.22 -39.47 -39.75 -40.06 -40.34 -40.66 -40.97 -41.28 -41.56 -41.78 -41.84 -41.75 -41.53 -41.19 -40.62 -40.19 -39.78 -39.25 -38.81 -39.16 -40.28 -41.19 -41.81 -42.19 -42.38 -42.47 -42.66 -42.91 -43.16 -43.28 -43.31 -43.31 -43.25 -43.12 -43.06 -43.25 -43.50 -43.72 -43.78 -43.59 -43.16 -42.44 -41.81 -41.41 -41.19 -41.25 -41.53 -41.59 -41.66 -41.56 -41.75 -42.16
-40.47 -40.53 -40.56 -40.56 -40.53 -40.47 -40.38 -40.25 -40.12 -39.97 -39.81 -39.62 -39.47 -39.34 -39.28 -39.25 -39.22 -39.25 -39.28 -39.38 -39.50 -39.69 -39.88 -40.12 -40.38 -40.66 -40.91 -41.12 -41.25 -41.31 -41.16 -40.94 -40.50 -39.69 -39.09 -38.62 -38.25 -38.25 -39.06 -40.16 -40.78 -41.31 -41.59 -41.75 -41.84 -42.06 -42.31 -42.50 -42.59 -42.56 -42.50 -42.28 -42.00 -42.06 -42.50 -42.94 -43.25 -43.34 -43.12 -42.47 -41.41 -40.59 -40.16 -40.09 -40.44 -40.84 -40.94 -40.84 -40.94 -41.28 -41.75
-40.50 -40.53 -40.56 -40.56 -40.53 -40.47 -40.41 -40.31 -40.19 -40.03 -39.91 -39.75 -39.62 -39.53 -39.47 -39.44 -39.41 -39.41 -39.44 -39.50 -39.56 -39.66 -39.81 -39.97 -40.16 -40.38 -40.53 -40.69 -40.75 -40.75 -40.59 -40.38 -39.88 -38.88 -38.12 -37.62 -37.47 -37.94 -39.06 -39.81 -40.31 -40.72 -40.97 -41.09 -41.22 -41.44 -41.62 -41.78 -41.81 -41.75 -41.62 -41.16 -40.91 -41.16 -41.88 -42.41 -42.72 -42.84 -42.59 -41.84 -40.50 -39.50 -39.03 -39.19 -39.78 -40.22 -40.28 -40.41 -40.84 -41.31 -41.78
-40.50 -40.56 -40.59 -40.59 -40.56 -40.53 -40.44 -40.34 -40.25 -40.12 -40.00 -39.88 -39.78 -39.72 -39.66 -39.62 -39.59 -39.59 -39.59 -39.62 -39.66 -39.69 -39.78 -39.88 -40.00 -40.12 -40.22 -40.28 -40.28 -40.22 -40.03 -39.81 -39.28 -38.28 -37.41 -36.88 -36.94 -37.75 -38.81 -39.34 -39.75 -40.09 -40.31 -40.47 -40.59 -40.75 -40.88 -40.97 -41.00 -40.91 -40.69 -40.12 -40.00 -40.50 -41.31 -41.81 -42.16 -42.31 -42.06 -41.31 -39.94 -38.75 -38.22 -38.59 -39.38 -39.72 -39.97 -40.38 -40.84 -41.31 -41.81
-40.50 -40.56 -40.59 -40.59 -40.59 -40.56 -40.50 -40.41 -40.31 -40.19 -40.09 -40.00 -39.94 -39.88 -39.81 -39.78 -39.78 -39.75 -39.75 -39.75 -39.75 -39.75 -39.78 -39.81 -39.88 -39.94 -39.97 -39.94 -39.88 -39.75 -39.53 -39.25 -38.72 -37.84 -37.00 -36.41 -36.59 -37.44 -38.41 -38.84 -39.16 -39.44 -39.66 -39.81 -39.94 -40.03 -40.09 -40.16 -40.16 -40.06 -39.81 -39.25 -39.31 -40.06 -40.78 -41.22 -41.56 -41.75 -41.53 -40.84 -39.62 -38.38 -37.78 -38.28 -38.97 -39.31 -39.75 -40.25 -40.72 -41.25 -41.75
