everonasctiles/Tile[40,1].asc
ncols 128
nrows 128
xllcorner 0
yllcorner 0
cellsize 2.0
NODATA_value  -9999
[rows 0 to 34 of 128, columns 0 to 77 of 128]
60.69 59.66 58.66 57.72 56.81 55.97 55.16 54.41 53.72 53.06 52.44 51.94 51.56 51.03 50.38 49.19 48.06 47.19 46.50 46.00 45.56 45.12 44.78 44.62 44.41 44.12 43.88 43.62 43.38 43.19 42.34 40.78 39.19 37.28 34.94 34.06 34.00 33.97 33.91 33.88 33.81 33.75 33.72 33.66 33.44 33.59 33.72 33.09 32.31 31.56 30.81 30.06 29.31 28.56 27.81 27.06 26.28 25.53 24.75 23.97 23.19 22.44 21.66 20.88 20.12 19.38 18.62 17.91 17.22 16.44 15.69 14.97 14.16 13.38 12.69 12.00 11.34 10.69
61.00 59.97 59.00 58.09 57.19 56.38 55.59 54.84 54.16 53.53 52.97 52.50 52.16 51.59 50.97 49.84 48.75 47.78 47.09 46.47 45.94 45.50 45.19 44.94 44.69 44.41 44.09 43.84 43.66 43.41 43.12 42.00 40.44 39.19 37.09 34.53 33.94 33.91 33.84 33.81 33.75 33.69 33.66 33.59 33.50 33.28 33.59 33.47 32.72 31.97 31.22 30.50 29.75 29.00 28.25 27.50 26.75 25.97 25.19 24.38 23.59 22.78 21.97 21.19 20.41 19.62 18.84 18.09 17.38 16.62 15.88 15.16 14.34 13.56 12.84 12.16 11.47 10.84
61.25 60.25 59.28 58.38 57.53 56.72 55.94 55.22 54.56 53.94 53.41 52.97 52.53 52.09 51.50 50.62 49.75 48.47 47.69 47.06 46.44 45.88 45.59 45.28 45.00 44.62 44.34 44.16 44.06 43.91 43.75 43.19 41.34 40.19 39.44 37.19 34.47 33.84 33.78 33.75 33.69 33.62 33.59 33.53 33.50 33.34 33.19 33.47 33.06 32.34 31.59 30.88 30.16 29.41 28.66 27.91 27.16 26.38 25.56 24.75 23.94 23.12 22.31 21.47 20.69 19.88 19.09 18.31 17.56 16.81 16.06 15.34 14.53 13.78 13.00 12.28 11.62 10.97
61.41 60.41 59.50 58.59 57.78 56.97 56.25 55.56 54.91 54.31 53.78 53.31 52.84 52.28 51.69 51.16 50.12 48.97 48.12 47.47 46.88 46.31 46.00 45.62 45.28 44.91 44.62 44.50 44.50 44.44 44.44 43.31 42.66 41.94 41.88 40.91 37.72 34.06 33.72 33.69 33.62 33.56 33.53 33.47 33.44 33.38 33.19 33.12 33.22 32.66 31.94 31.22 30.50 29.78 29.03 28.31 27.53 26.75 25.94 25.12 24.28 23.44 22.59 21.78 20.94 20.12 19.31 18.53 17.75 17.00 16.25 15.53 14.78 14.00 13.19 12.50 11.78 11.16
61.50 60.53 59.62 58.78 57.97 57.22 56.50 55.81 55.19 54.62 54.09 53.59 53.12 52.66 51.88 51.25 50.31 49.34 48.50 47.78 47.22 46.69 46.34 46.00 45.59 45.22 44.94 44.88 44.97 44.94 44.66 44.66 44.88 44.31 43.94 43.16 42.06 37.25 33.72 33.62 33.56 33.50 33.47 33.41 33.34 33.31 33.25 33.03 33.03 32.88 32.22 31.53 30.81 30.12 29.41 28.66 27.91 27.12 26.31 25.47 24.62 23.78 22.91 22.06 21.22 20.38 19.56 18.75 17.97 17.19 16.44 15.72 15.03 14.25 13.44 12.75 11.97 11.34
61.50 60.59 59.72 58.91 58.12 57.41 56.72 56.06 55.44 54.88 54.38 53.88 53.44 53.03 52.19 51.47 50.56 49.72 48.88 48.09 47.50 46.94 46.69 46.34 45.97 45.62 45.34 45.25 45.28 45.25 45.19 44.66 44.66 45.12 44.56 43.88 43.06 40.62 35.91 33.53 33.50 33.44 33.41 33.34 33.28 33.25 33.19 33.12 32.88 32.88 32.47 31.78 31.09 30.41 29.72 29.00 28.25 27.47 26.66 25.81 24.97 24.09 23.25 22.38 21.50 20.66 19.81 19.00 18.19 17.41 16.66 15.94 15.25 14.53 13.72 13.00 12.19 11.53
61.47 60.59 59.75 59.00 58.25 57.56 56.88 56.25 55.66 55.12 54.62 54.12 53.72 53.28 52.56 51.94 51.00 50.00 49.12 48.34 47.81 47.28 46.94 46.69 46.34 46.03 45.78 45.62 45.56 45.53 45.50 45.44 45.38 45.22 44.62 43.94 43.19 42.25 39.31 34.72 33.44 33.38 33.34 33.28 33.22 33.19 33.12 33.09 32.97 32.72 32.59 31.97 31.31 30.69 30.03 29.34 28.59 27.81 27.00 26.16 25.31 24.44 23.56 22.69 21.81 20.94 20.09 19.25 18.44 17.66 16.91 16.19 15.50 14.84 14.06 13.34 12.47 11.75
61.44 60.59 59.78 59.06 58.34 57.69 57.03 56.44 55.88 55.34 54.84 54.38 53.97 53.59 53.09 52.38 51.12 50.28 49.22 48.53 48.00 47.62 47.25 46.97 46.69 46.38 46.16 45.97 45.88 45.78 45.69 45.62 45.56 45.34 44.69 44.06 43.34 42.47 40.84 35.47 33.34 33.31 33.28 33.22 33.16 33.12 33.06 33.00 32.97 32.81 32.59 32.19 31.47 30.91 30.31 29.66 28.94 28.19 27.38 26.53 25.69 24.78 23.91 23.00 22.12 21.25 20.38 19.53 18.69 17.91 17.16 16.44 15.75 15.12 14.47 13.72 12.81 12.00
61.38 60.59 59.78 59.12 58.44 57.81 57.19 56.59 56.06 55.53 55.06 54.59 54.19 53.69 53.12 52.69 52.25 50.28 49.28 48.62 48.19 47.84 47.53 47.25 46.97 46.72 46.47 46.28 46.12 45.97 45.84 45.72 45.56 45.34 44.84 44.22 43.56 42.72 41.66 35.59 33.22 33.25 33.22 33.16 33.09 33.06 33.00 32.94 32.91 32.84 32.66 32.34 31.66 31.09 30.56 29.97 29.31 28.56 27.75 26.91 26.06 25.16 24.25 23.38 22.47 21.56 20.69 19.84 19.00 18.19 17.41 16.69 16.03 15.41 14.81 14.12 13.22 12.31
61.31 60.56 59.81 59.16 58.53 57.91 57.31 56.75 56.22 55.72 55.25 54.78 54.38 53.75 53.44 52.50 51.28 49.97 49.16 48.72 48.31 48.03 47.75 47.47 47.22 46.97 46.75 46.53 46.34 46.16 45.97 45.78 45.56 45.28 44.97 44.44 43.78 42.81 41.09 36.66 33.12 33.16 33.16 33.09 33.03 32.97 32.94 32.88 32.81 32.78 32.72 32.50 31.97 31.25 30.81 30.28 29.69 28.97 28.16 27.31 26.44 25.56 24.66 23.72 22.81 21.94 21.03 20.16 19.31 18.50 17.72 17.00 16.31 15.72 15.12 14.53 13.72 12.72
61.28 60.53 59.81 59.19 58.59 58.00 57.41 56.88 56.34 55.88 55.41 54.97 54.56 54.12 53.34 52.12 50.22 48.91 49.00 48.75 48.44 48.19 47.94 47.69 47.47 47.22 46.97 46.75 46.50 46.28 46.06 45.81 45.53 45.19 44.75 44.16 43.50 42.44 40.78 38.59 33.31 33.38 33.12 33.03 32.97 32.91 32.88 32.81 32.75 32.72 32.66 32.56 32.31 31.59 31.03 30.62 30.06 29.38 28.59 27.75 26.88 25.97 25.03 24.12 23.22 22.31 21.41 20.53 19.69 18.84 18.06 17.31 16.62 16.00 15.41 14.81 14.19 13.12
61.22 60.50 59.81 59.22 58.62 58.06 57.50 57.00 56.50 56.00 55.56 55.16 54.78 54.47 53.47 52.22 49.69 48.97 48.97 48.78 48.56 48.31 48.12 47.91 47.66 47.44 47.19 46.94 46.69 46.41 46.16 45.84 45.53 45.16 44.66 44.06 43.38 42.41 41.03 39.34 35.31 34.31 33.41 33.00 32.91 32.84 32.78 32.75 32.69 32.62 32.59 32.53 32.44 32.09 31.38 30.94 30.44 29.78 29.03 28.19 27.28 26.38 25.47 24.56 23.62 22.72 21.84 20.94 20.09 19.25 18.44 17.69 16.97 16.31 15.72 15.19 14.66 13.72
61.16 60.44 59.81 59.25 58.69 58.12 57.59 57.09 56.59 56.12 55.69 55.28 54.91 54.53 53.53 52.31 49.97 49.12 49.12 48.94 48.72 48.50 48.31 48.09 47.84 47.59 47.34 47.06 46.81 46.53 46.22 45.91 45.53 45.16 44.69 44.06 43.38 42.50 41.44 40.25 38.81 34.91 34.03 33.28 32.84 32.78 32.72 32.66 32.62 32.56 32.50 32.47 32.41 32.28 31.88 31.25 30.78 30.19 29.47 28.62 27.72 26.81 25.91 25.00 24.06 23.19 22.28 21.41 20.53 19.69 18.91 18.12 17.41 16.81 16.16 15.56 14.91 14.09
61.09 60.41 59.81 59.25 58.72 58.19 57.66 57.16 56.69 56.22 55.78 55.38 54.97 54.47 53.38 52.38 50.53 49.84 49.38 49.12 48.91 48.66 48.47 48.25 48.00 47.75 47.50 47.22 46.94 46.62 46.31 45.97 45.59 45.19 44.72 44.19 43.47 42.62 41.69 40.75 39.75 36.03 34.69 33.88 33.09 32.72 32.66 32.59 32.56 32.50 32.44 32.41 32.34 32.28 32.16 31.59 31.09 30.56 29.84 29.03 28.16 27.25 26.34 25.44 24.53 23.62 22.75 21.88 21.03 20.22 19.41 18.72 17.84 17.22 16.62 16.00 15.31 14.41
61.03 60.38 59.81 59.28 58.75 58.22 57.72 57.22 56.75 56.31 55.84 55.44 55.00 54.31 53.19 52.16 50.84 50.22 49.69 49.34 49.06 48.78 48.59 48.38 48.16 47.91 47.62 47.34 47.03 46.72 46.38 46.03 45.62 45.22 44.75 44.25 43.62 42.69 41.69 40.78 39.56 37.81 35.16 34.38 33.66 32.88 32.59 32.53 32.47 32.44 32.38 32.31 32.28 32.22 32.16 31.97 31.34 30.84 30.16 29.38 28.53 27.69 26.78 25.91 25.00 24.09 23.22 22.34 21.53 20.72 19.97 19.22 18.50 17.69 17.16 16.50 15.69 14.69
60.97 60.34 59.81 59.28 58.75 58.25 57.75 57.28 56.81 56.34 55.88 55.44 54.97 54.19 53.09 52.03 50.97 50.31 49.84 49.47 49.16 48.91 48.72 48.50 48.28 48.00 47.72 47.44 47.12 46.78 46.44 46.09 45.69 45.28 44.81 44.28 43.62 42.66 41.66 40.84 39.66 38.12 36.28 34.84 34.12 33.38 32.69 32.47 32.41 32.38 32.31 32.25 32.22 32.16 32.09 32.03 31.66 30.97 30.34 29.66 28.88 28.06 27.22 26.34 25.44 24.56 23.69 22.81 21.97 21.16 20.38 19.66 18.91 18.22 17.56 16.88 15.97 14.84
60.94 60.38 59.81 59.28 58.75 58.28 57.78 57.31 56.84 56.38 55.88 55.38 54.84 54.19 53.34 52.38 51.44 50.62 49.94 49.50 49.19 48.97 48.81 48.59 48.38 48.12 47.84 47.53 47.22 46.88 46.50 46.12 45.75 45.31 44.88 44.34 43.72 42.62 41.75 40.94 39.91 38.66 37.28 35.72 34.53 33.94 33.09 32.47 32.34 32.28 32.25 32.19 32.12 32.09 32.03 32.03 31.91 31.12 30.53 29.91 29.19 28.41 27.59 26.72 25.84 24.97 24.09 23.22 22.34 21.50 20.72 19.94 19.19 18.47 17.78 16.97 16.00 14.88
60.91 60.34 59.75 59.25 58.75 58.31 57.84 57.34 56.88 56.38 55.84 55.31 54.72 54.09 53.53 52.84 51.66 50.75 49.94 49.50 49.19 48.97 48.88 48.69 48.47 48.19 47.91 47.59 47.28 46.94 46.56 46.19 45.78 45.38 44.94 44.44 43.88 43.00 41.91 41.06 40.16 39.16 38.03 36.66 35.34 34.34 33.72 32.81 32.31 32.22 32.19 32.12 32.06 32.03 32.00 31.97 31.94 31.53 30.69 30.09 29.44 28.72 27.94 27.09 26.25 25.34 24.47 23.56 22.69 21.81 20.97 20.16 19.34 18.56 17.75 16.91 15.97 14.91
60.84 60.31 59.78 59.28 58.81 58.34 57.88 57.41 56.91 56.34 55.78 55.22 54.62 54.00 53.34 52.81 51.72 50.81 49.78 49.38 49.09 48.97 48.91 48.75 48.53 48.25 47.97 47.66 47.31 46.97 46.59 46.22 45.81 45.41 44.97 44.53 44.00 43.28 42.19 41.19 40.34 39.50 38.53 37.41 36.12 34.97 34.19 33.53 32.59 32.16 32.09 32.06 32.00 31.97 31.94 31.94 31.91 31.81 30.91 30.28 29.66 28.97 28.22 27.44 26.56 25.69 24.78 23.88 22.97 22.09 21.22 20.34 19.47 18.59 17.72 16.75 15.75 14.84
60.84 60.31 59.81 59.34 58.91 58.38 57.91 57.41 56.91 56.34 55.72 55.12 54.50 53.84 53.12 52.34 51.19 50.22 49.47 49.12 48.97 48.94 48.91 48.78 48.56 48.28 48.00 47.66 47.31 46.97 46.59 46.22 45.81 45.41 45.00 44.56 44.06 43.28 42.31 41.50 40.75 39.69 38.75 37.81 36.59 35.53 34.78 34.19 33.38 32.38 32.03 32.00 31.97 31.94 31.91 31.91 31.88 31.88 31.31 30.41 29.84 29.22 28.50 27.72 26.88 26.00 25.09 24.19 23.28 22.34 21.44 20.53 19.59 18.59 17.66 16.72 15.94 15.06
60.88 60.38 59.88 59.41 58.97 58.41 57.94 57.44 56.94 56.34 55.72 55.06 54.41 53.69 52.91 52.00 50.97 49.56 49.00 48.75 48.75 48.84 48.88 48.75 48.53 48.25 47.97 47.66 47.31 46.94 46.56 46.19 45.81 45.41 44.97 44.56 44.03 43.28 42.44 41.69 40.97 39.84 38.88 37.97 36.91 35.91 35.16 34.53 34.00 33.03 32.09 31.94 31.91 31.91 31.88 31.88 31.84 31.84 31.69 30.69 30.03 29.44 28.75 28.00 27.19 26.31 25.41 24.47 23.53 22.59 21.69 20.72 19.75 18.72 17.72 16.88 16.09 15.28
60.88 60.38 59.91 59.44 58.97 58.47 57.97 57.47 56.94 56.41 55.75 55.03 54.31 53.56 52.78 51.88 50.91 49.78 49.06 48.31 48.47 48.66 48.69 48.59 48.44 48.22 47.94 47.62 47.28 46.91 46.53 46.16 45.75 45.34 44.91 44.47 44.00 43.25 42.38 41.59 41.03 39.88 38.97 38.09 37.16 36.22 35.44 34.81 34.22 33.72 32.53 31.91 31.88 31.88 31.84 31.84 31.81 31.81 31.81 31.00 30.19 29.66 29.00 28.28 27.47 26.59 25.69 24.75 23.78 22.84 21.91 20.97 20.00 18.97 18.00 17.12 16.31 15.44
60.88 60.38 59.91 59.47 59.03 58.53 58.06 57.53 57.00 56.44 55.81 55.06 54.28 53.50 52.72 51.84 50.91 50.00 49.12 48.62 48.47 48.50 48.50 48.44 48.31 48.12 47.88 47.56 47.22 46.88 46.50 46.09 45.69 45.25 44.81 44.34 43.84 43.06 42.19 41.34 40.66 39.84 39.03 38.19 37.38 36.47 35.66 35.00 34.41 33.97 33.09 32.03 31.84 31.84 31.84 31.81 31.84 31.84 31.84 31.41 30.34 29.84 29.25 28.56 27.75 26.91 25.97 25.00 24.03 23.09 22.16 21.25 20.28 19.28 18.28 17.41 16.59 15.75
60.91 60.41 59.94 59.53 59.09 58.62 58.12 57.62 57.06 56.50 55.88 55.12 54.31 53.50 52.69 51.84 50.97 50.12 49.41 48.91 48.66 48.53 48.44 48.34 48.19 48.00 47.75 47.50 47.16 46.81 46.44 46.03 45.59 45.16 44.69 44.22 43.69 42.94 42.09 41.38 40.69 39.84 39.06 38.28 37.50 36.69 35.84 35.16 34.56 34.06 33.53 32.38 31.84 31.84 31.84 31.84 31.84 31.88 31.88 31.72 30.59 30.06 29.50 28.84 28.06 27.19 26.25 25.25 24.25 23.28 22.38 21.44 20.53 19.56 18.59 17.75 16.91 16.06
60.94 60.47 59.97 59.59 59.16 58.72 58.22 57.69 57.12 56.56 55.94 55.22 54.34 53.53 52.69 51.84 51.00 50.25 49.59 49.16 48.84 48.62 48.47 48.31 48.12 47.91 47.66 47.41 47.09 46.75 46.38 45.97 45.53 45.06 44.56 44.06 43.53 42.78 42.06 41.38 40.59 39.81 39.12 38.38 37.62 36.84 36.03 35.31 34.69 34.16 33.62 32.69 31.88 31.84 31.88 31.88 31.88 31.88 31.91 31.88 30.94 30.28 29.78 29.16 28.38 27.50 26.53 25.50 24.47 23.47 22.53 21.66 20.78 19.84 18.94 18.09 17.25 16.41
61.00 60.53 60.09 59.66 59.22 58.81 58.34 57.78 57.22 56.59 55.94 55.25 54.47 53.56 52.72 51.88 51.09 50.41 49.84 49.38 49.03 48.75 48.53 48.31 48.09 47.88 47.62 47.34 47.03 46.69 46.31 45.91 45.44 44.97 44.47 43.88 43.34 42.72 42.00 41.25 40.50 39.81 39.19 38.47 37.75 36.97 36.22 35.47 34.81 34.25 33.66 32.91 32.00 31.88 31.88 31.91 31.91 31.91 31.94 31.94 31.34 30.47 30.03 29.47 28.72 27.88 26.88 25.81 24.72 23.66 22.72 21.84 21.00 20.12 19.25 18.41 17.53 16.72
61.09 60.62 60.16 59.72 59.28 58.88 58.47 57.94 57.31 56.66 55.97 55.25 54.50 53.66 52.78 51.97 51.22 50.56 50.03 49.56 49.19 48.88 48.59 48.34 48.09 47.84 47.56 47.28 46.97 46.66 46.28 45.84 45.38 44.88 44.34 43.72 43.19 42.59 41.84 41.16 40.47 39.84 39.25 38.59 37.88 37.12 36.38 35.62 34.97 34.38 33.78 33.16 32.19 31.91 31.94 31.94 31.94 31.97 31.97 32.00 31.69 30.72 30.31 29.78 29.09 28.28 27.28 26.16 25.00 23.88 22.91 22.06 21.28 20.41 19.56 18.69 17.81 17.00
61.12 60.66 60.19 59.75 59.34 58.91 58.50 58.09 57.47 56.75 56.00 55.25 54.47 53.69 52.84 52.03 51.31 50.69 50.16 49.69 49.28 48.94 48.66 48.38 48.09 47.81 47.56 47.25 46.94 46.62 46.25 45.81 45.38 44.84 44.25 43.56 42.91 42.22 41.66 41.09 40.50 39.94 39.34 38.69 38.03 37.31 36.56 35.81 35.12 34.53 33.94 33.31 32.38 31.97 31.97 32.00 32.00 32.00 32.03 32.03 31.94 31.03 30.59 30.09 29.50 28.72 27.78 26.66 25.41 24.16 23.16 22.31 21.53 20.69 19.84 18.94 18.09 17.34
61.16 60.69 60.22 59.75 59.34 58.91 58.44 58.03 57.53 56.88 56.03 55.22 54.44 53.66 52.84 52.09 51.41 50.78 50.25 49.78 49.38 49.00 48.69 48.38 48.09 47.81 47.53 47.25 46.94 46.59 46.25 45.81 45.38 44.81 44.22 43.47 42.66 42.12 41.62 41.09 40.56 40.00 39.41 38.78 38.12 37.44 36.72 36.00 35.31 34.72 34.09 33.47 32.50 32.03 32.03 32.03 32.06 32.06 32.09 32.09 32.09 31.38 30.84 30.41 29.88 29.19 28.31 27.25 26.00 24.69 23.41 22.56 21.84 21.03 20.19 19.28 18.53 17.94
61.19 60.69 60.19 59.69 59.22 58.72 58.28 57.91 57.34 56.75 56.00 55.19 54.41 53.59 52.81 52.09 51.44 50.84 50.31 49.84 49.44 49.06 48.72 48.41 48.12 47.84 47.53 47.25 46.94 46.62 46.25 45.88 45.41 44.88 44.25 43.44 42.66 42.16 41.69 41.19 40.66 40.09 39.50 38.88 38.22 37.56 36.84 36.16 35.50 34.88 34.34 33.81 32.75 32.12 32.09 32.09 32.12 32.12 32.16 32.16 32.19 31.75 31.09 30.62 30.12 29.47 28.69 27.72 26.50 25.28 24.03 23.00 22.19 21.44 20.56 19.66 18.97 18.47
61.19 60.66 60.06 59.44 58.88 58.50 58.12 57.53 56.94 56.25 55.78 55.19 54.34 53.53 52.78 52.09 51.44 50.88 50.34 49.88 49.47 49.06 48.75 48.41 48.12 47.84 47.56 47.25 46.97 46.66 46.31 45.94 45.50 44.97 44.38 43.59 42.78 42.28 41.81 41.31 40.78 40.22 39.62 39.00 38.34 37.69 37.00 36.34 35.69 35.06 34.50 33.94 33.09 32.22 32.16 32.16 32.19 32.19 32.22 32.22 32.25 32.00 31.25 30.75 30.28 29.66 28.91 28.00 26.78 25.59 24.47 23.44 22.56 21.75 20.88 19.94 19.16 18.69
61.25 60.62 59.75 59.16 58.62 58.22 57.66 57.12 56.53 56.03 55.53 55.03 54.28 53.50 52.75 52.06 51.44 50.84 50.31 49.88 49.44 49.06 48.72 48.41 48.12 47.84 47.56 47.28 47.00 46.69 46.38 46.03 45.62 45.16 44.56 43.78 43.00 42.50 42.03 41.50 40.94 40.38 39.78 39.16 38.50 37.88 37.19 36.53 35.84 35.22 34.62 34.06 33.44 32.41 32.25 32.28 32.28 32.28 32.31 32.31 32.31 32.19 31.34 30.84 30.38 29.75 29.00 28.06 26.88 25.78 24.69 23.66 22.81 22.00 21.16 20.28 19.41 18.97
61.28 60.59 59.66 59.03 58.44 57.94 57.34 56.84 56.38 55.88 55.34 54.81 54.12 53.41 52.69 52.00 51.38 50.81 50.31 49.84 49.44 49.06 48.72 48.41 48.09 47.81 47.56 47.31 47.03 46.75 46.47 46.16 45.78 45.38 44.84 44.06 43.34 42.81 42.28 41.75 41.16 40.56 39.97 39.34 38.69 38.06 37.38 36.69 36.00 35.34 34.72 34.12 33.56 32.56 32.38 32.38 32.38 32.41 32.41 32.41 32.44 32.31 31.41 30.94 30.41 29.81 29.06 27.94 26.88 25.72 24.72 23.75 22.97 22.12 21.53 20.94 20.06 19.53
61.31 60.50 59.72 59.16 58.34 57.50 56.91 56.53 56.16 55.72 55.12 54.59 53.97 53.28 52.59 51.94 51.31 50.75 50.25 49.78 49.38 49.00 48.66 48.38 48.06 47.81 47.56 47.31 47.06 46.81 46.56 46.28 46.00 45.66 45.22 44.56 43.81 43.19 42.59 42.00 41.41 40.78 40.16 39.53 38.91 38.25 37.56 36.88 36.19 35.53 34.88 34.22 33.62 32.72 32.47 32.47 32.47 32.50 32.50 32.50 32.53 32.47 31.53 31.06 30.53 29.97 29.19 28.12 26.94 25.81 24.72 23.81 23.00 22.25 21.88 21.59 20.81 20.19
61.12 60.28 59.72 59.06 58.28 57.25 56.59 56.31 55.97 55.53 55.00 54.41 53.81 53.16 52.47 51.84 51.25 50.69 50.16 49.72 49.31 48.94 48.59 48.31 48.03 47.78 47.53 47.31 47.09 46.88 46.66 46.41 46.19 45.91 45.59 44.97 44.22 43.53 42.88 42.25 41.62 41.00 40.38 39.75 39.12 38.44 37.75 37.06 36.38 35.69 35.03 34.38 33.72 32.84 32.56 32.56 32.56 32.59 32.59 32.59 32.62 32.59 31.72 31.16 30.66 30.09 29.38 28.31 27.06 25.91 24.81 24.03 23.41 22.62 22.00 21.59 21.19 20.78
