everonasctiles/Tile[39,40].asc
ncols 128
nrows 128
xllcorner 0
yllcorner 0
cellsize 2.0
NODATA_value  -9999
[rows 96 to 127 of 128, columns 0 to 70 of 128]
-37.12 -37.12 -37.25 -37.44 -37.69 -37.94 -38.19 -38.44 -38.62 -38.81 -38.97 -39.09 -39.25 -39.38 -39.47 -39.56 -39.62 -39.62 -39.59 -39.50 -39.31 -39.03 -38.69 -38.91 -39.25 -39.53 -39.78 -40.03 -40.28 -40.47 -40.62 -40.75 -40.81 -40.84 -40.84 -40.88 -40.88 -40.88 -40.88 -40.94 -41.00 -41.12 -41.22 -41.34 -41.44 -41.53 -41.59 -41.59 -41.56 -41.44 -41.25 -41.03 -40.78 -40.53 -40.28 -40.09 -39.91 -39.72 -39.53 -39.34 -39.19 -39.03 -38.88 -38.78 -38.72 -38.69 -38.69 -38.78 -38.88 -39.03 -39.16
-37.09 -37.06 -37.19 -37.38 -37.62 -37.84 -38.09 -38.34 -38.53 -38.69 -38.84 -39.03 -39.22 -39.44 -39.62 -39.75 -39.84 -39.91 -39.84 -39.72 -39.53 -39.22 -38.72 -38.62 -39.03 -39.47 -39.78 -40.06 -40.28 -40.50 -40.69 -40.81 -40.88 -40.91 -40.94 -40.97 -40.97 -41.00 -41.00 -41.06 -41.16 -41.28 -41.38 -41.50 -41.59 -41.69 -41.75 -41.72 -41.66 -41.50 -41.31 -41.12 -40.91 -40.69 -40.47 -40.28 -40.09 -39.91 -39.69 -39.50 -39.34 -39.19 -39.06 -38.97 -38.91 -38.84 -38.84 -38.88 -39.00 -39.12 -39.25
-37.03 -37.00 -37.09 -37.28 -37.50 -37.72 -37.94 -38.16 -38.31 -38.47 -38.62 -38.84 -39.12 -39.41 -39.66 -39.88 -40.03 -40.12 -40.09 -39.97 -39.78 -39.47 -38.91 -38.53 -38.78 -39.31 -39.78 -40.09 -40.34 -40.53 -40.72 -40.88 -40.94 -41.00 -41.03 -41.06 -41.09 -41.09 -41.16 -41.19 -41.28 -41.41 -41.53 -41.62 -41.72 -41.81 -41.84 -41.78 -41.69 -41.56 -41.38 -41.19 -41.00 -40.81 -40.62 -40.44 -40.25 -40.03 -39.84 -39.66 -39.50 -39.38 -39.25 -39.16 -39.09 -39.03 -39.00 -39.03 -39.12 -39.22 -39.38
-36.97 -36.91 -36.97 -37.19 -37.38 -37.59 -37.78 -37.94 -38.06 -38.19 -38.31 -38.59 -38.97 -39.34 -39.66 -39.94 -40.16 -40.28 -40.31 -40.19 -40.03 -39.78 -39.28 -38.81 -38.91 -39.38 -39.91 -40.19 -40.41 -40.59 -40.78 -40.91 -41.00 -41.06 -41.09 -41.12 -41.19 -41.22 -41.28 -41.31 -41.41 -41.50 -41.62 -41.72 -41.81 -41.88 -41.88 -41.81 -41.69 -41.56 -41.44 -41.28 -41.09 -40.91 -40.72 -40.53 -40.38 -40.19 -40.00 -39.81 -39.69 -39.56 -39.47 -39.38 -39.28 -39.25 -39.19 -39.22 -39.25 -39.38 -39.50
-36.88 -36.81 -36.91 -37.09 -37.31 -37.50 -37.66 -37.75 -37.81 -37.81 -37.84 -38.16 -38.75 -39.28 -39.66 -39.94 -40.19 -40.41 -40.47 -40.41 -40.25 -40.09 -39.75 -39.34 -39.38 -39.78 -40.19 -40.38 -40.53 -40.69 -40.84 -40.97 -41.06 -41.12 -41.16 -41.22 -41.28 -41.34 -41.38 -41.44 -41.50 -41.59 -41.69 -41.78 -41.88 -41.91 -41.88 -41.78 -41.69 -41.56 -41.44 -41.31 -41.16 -41.00 -40.81 -40.66 -40.50 -40.34 -40.19 -40.03 -39.91 -39.78 -39.69 -39.59 -39.50 -39.44 -39.41 -39.38 -39.41 -39.50 -39.62
-36.81 -36.81 -36.97 -37.12 -37.28 -37.44 -37.53 -37.56 -37.50 -37.41 -37.53 -37.97 -38.62 -39.25 -39.66 -39.94 -40.22 -40.44 -40.59 -40.59 -40.50 -40.34 -40.19 -39.97 -40.03 -40.28 -40.44 -40.56 -40.69 -40.81 -40.91 -41.03 -41.09 -41.16 -41.22 -41.28 -41.34 -41.41 -41.47 -41.53 -41.59 -41.69 -41.75 -41.84 -41.88 -41.88 -41.81 -41.75 -41.66 -41.56 -41.44 -41.31 -41.19 -41.06 -40.91 -40.78 -40.66 -40.50 -40.38 -40.25 -40.12 -40.00 -39.88 -39.78 -39.72 -39.66 -39.59 -39.53 -39.53 -39.59 -39.72
-36.75 -36.88 -37.06 -37.22 -37.38 -37.47 -37.56 -37.59 -37.59 -37.56 -37.78 -38.22 -38.81 -39.31 -39.69 -39.97 -40.25 -40.47 -40.66 -40.75 -40.69 -40.62 -40.50 -40.44 -40.50 -40.56 -40.66 -40.75 -40.84 -40.91 -41.00 -41.09 -41.16 -41.22 -41.28 -41.38 -41.44 -41.50 -41.56 -41.62 -41.66 -41.72 -41.78 -41.84 -41.84 -41.81 -41.78 -41.69 -41.62 -41.53 -41.44 -41.31 -41.22 -41.12 -41.03 -40.91 -40.81 -40.69 -40.56 -40.44 -40.31 -40.22 -40.09 -40.00 -39.94 -39.84 -39.78 -39.69 -39.62 -39.69 -39.78
-36.78 -36.94 -37.12 -37.31 -37.47 -37.59 -37.72 -37.81 -37.88 -38.00 -38.25 -38.62 -39.06 -39.41 -39.75 -40.03 -40.28 -40.53 -40.72 -40.84 -40.88 -40.81 -40.75 -40.72 -40.75 -40.78 -40.88 -40.94 -40.97 -41.03 -41.06 -41.12 -41.19 -41.28 -41.34 -41.41 -41.50 -41.56 -41.59 -41.66 -41.69 -41.72 -41.78 -41.78 -41.78 -41.78 -41.72 -41.66 -41.59 -41.50 -41.41 -41.34 -41.28 -41.22 -41.12 -41.06 -40.97 -40.88 -40.78 -40.66 -40.53 -40.41 -40.31 -40.22 -40.12 -40.03 -39.94 -39.84 -39.75 -39.75 -39.84
-36.78 -36.97 -37.16 -37.38 -37.56 -37.72 -37.84 -37.97 -38.09 -38.28 -38.53 -38.84 -39.19 -39.50 -39.81 -40.09 -40.34 -40.56 -40.75 -40.94 -41.00 -41.00 -40.97 -40.94 -40.97 -41.00 -41.06 -41.09 -41.12 -41.12 -41.12 -41.16 -41.22 -41.28 -41.38 -41.44 -41.50 -41.56 -41.59 -41.62 -41.62 -41.66 -41.69 -41.69 -41.72 -41.69 -41.66 -41.62 -41.56 -41.50 -41.44 -41.38 -41.34 -41.31 -41.25 -41.22 -41.12 -41.06 -40.94 -40.84 -40.72 -40.62 -40.50 -40.41 -40.31 -40.22 -40.09 -39.97 -39.84 -39.78 -39.88
-36.78 -36.97 -37.16 -37.38 -37.56 -37.75 -37.91 -38.06 -38.25 -38.44 -38.69 -38.97 -39.25 -39.56 -39.84 -40.12 -40.38 -40.59 -40.78 -40.94 -41.06 -41.12 -41.12 -41.12 -41.12 -41.19 -41.22 -41.22 -41.22 -41.22 -41.19 -41.19 -41.22 -41.25 -41.31 -41.38 -41.44 -41.47 -41.50 -41.50 -41.50 -41.53 -41.53 -41.56 -41.59 -41.59 -41.59 -41.56 -41.53 -41.50 -41.47 -41.44 -41.44 -41.44 -41.38 -41.34 -41.28 -41.22 -41.12 -41.03 -40.91 -40.81 -40.72 -40.62 -40.50 -40.38 -40.22 -40.06 -39.91 -39.81 -39.88
-36.72 -36.91 -37.09 -37.28 -37.47 -37.69 -37.88 -38.09 -38.31 -38.53 -38.75 -39.03 -39.28 -39.56 -39.84 -40.09 -40.34 -40.56 -40.78 -40.94 -41.06 -41.16 -41.22 -41.22 -41.25 -41.28 -41.31 -41.31 -41.31 -41.28 -41.22 -41.19 -41.19 -41.19 -41.19 -41.25 -41.28 -41.31 -41.34 -41.34 -41.34 -41.34 -41.38 -41.41 -41.47 -41.50 -41.53 -41.53 -41.53 -41.50 -41.53 -41.53 -41.56 -41.53 -41.50 -41.47 -41.44 -41.38 -41.28 -41.19 -41.09 -41.03 -40.91 -40.81 -40.66 -40.50 -40.31 -40.12 -39.97 -39.81 -39.84
-36.62 -36.78 -36.94 -37.16 -37.34 -37.56 -37.81 -38.06 -38.31 -38.53 -38.78 -39.00 -39.25 -39.50 -39.75 -40.00 -40.25 -40.50 -40.69 -40.88 -41.03 -41.12 -41.19 -41.25 -41.28 -41.31 -41.38 -41.38 -41.38 -41.31 -41.25 -41.19 -41.12 -41.06 -41.06 -41.09 -41.12 -41.16 -41.16 -41.16 -41.12 -41.16 -41.19 -41.25 -41.31 -41.41 -41.44 -41.50 -41.53 -41.56 -41.59 -41.62 -41.66 -41.66 -41.62 -41.59 -41.56 -41.50 -41.44 -41.38 -41.28 -41.19 -41.09 -40.94 -40.75 -40.56 -40.34 -40.16 -39.97 -39.81 -39.84
-36.50 -36.62 -36.78 -36.97 -37.19 -37.47 -37.72 -38.00 -38.25 -38.50 -38.72 -38.94 -39.16 -39.38 -39.62 -39.88 -40.12 -40.38 -40.59 -40.78 -40.91 -41.03 -41.09 -41.16 -41.22 -41.28 -41.34 -41.38 -41.38 -41.34 -41.25 -41.16 -41.06 -40.97 -40.91 -40.94 -40.97 -41.00 -41.00 -40.97 -40.94 -40.94 -40.97 -41.09 -41.22 -41.31 -41.41 -41.50 -41.53 -41.59 -41.66 -41.72 -41.78 -41.78 -41.78 -41.75 -41.69 -41.66 -41.59 -41.53 -41.47 -41.34 -41.22 -41.03 -40.81 -40.59 -40.38 -40.16 -39.97 -39.78 -39.84
-36.38 -36.38 -36.44 -36.62 -36.91 -37.28 -37.62 -37.94 -38.19 -38.44 -38.66 -38.88 -39.06 -39.25 -39.50 -39.75 -40.00 -40.22 -40.44 -40.62 -40.78 -40.88 -40.97 -41.03 -41.12 -41.22 -41.28 -41.34 -41.38 -41.34 -41.25 -41.12 -41.00 -40.88 -40.78 -40.75 -40.78 -40.81 -40.81 -40.78 -40.72 -40.69 -40.78 -40.97 -41.16 -41.28 -41.41 -41.50 -41.59 -41.66 -41.75 -41.81 -41.88 -41.91 -41.88 -41.88 -41.84 -41.78 -41.75 -41.69 -41.59 -41.44 -41.25 -41.03 -40.81 -40.59 -40.38 -40.16 -39.97 -39.78 -39.81
-36.59 -36.53 -36.44 -36.50 -36.72 -37.06 -37.50 -37.88 -38.16 -38.41 -38.62 -38.81 -39.00 -39.19 -39.41 -39.62 -39.88 -40.09 -40.28 -40.47 -40.59 -40.72 -40.81 -40.91 -41.03 -41.16 -41.25 -41.31 -41.38 -41.31 -41.22 -41.12 -40.97 -40.84 -40.72 -40.62 -40.62 -40.62 -40.62 -40.59 -40.53 -40.56 -40.78 -40.97 -41.16 -41.31 -41.47 -41.56 -41.66 -41.72 -41.81 -41.91 -41.97 -42.00 -42.00 -41.97 -41.94 -41.94 -41.88 -41.78 -41.69 -41.50 -41.28 -41.06 -40.81 -40.59 -40.34 -40.16 -39.97 -39.78 -39.78
-36.88 -36.94 -36.97 -36.97 -37.06 -37.22 -37.53 -37.91 -38.19 -38.41 -38.62 -38.81 -39.00 -39.16 -39.34 -39.53 -39.75 -39.94 -40.09 -40.25 -40.41 -40.50 -40.62 -40.78 -40.94 -41.09 -41.22 -41.31 -41.34 -41.31 -41.22 -41.09 -40.97 -40.84 -40.72 -40.62 -40.53 -40.50 -40.47 -40.41 -40.44 -40.62 -40.81 -41.00 -41.19 -41.38 -41.53 -41.62 -41.72 -41.78 -41.88 -41.94 -42.00 -42.03 -42.06 -42.06 -42.06 -42.03 -41.97 -41.88 -41.72 -41.53 -41.31 -41.06 -40.81 -40.59 -40.38 -40.19 -40.00 -39.81 -39.72
-37.16 -37.28 -37.38 -37.47 -37.56 -37.69 -37.84 -38.03 -38.25 -38.47 -38.66 -38.84 -39.00 -39.16 -39.31 -39.44 -39.62 -39.78 -39.91 -40.06 -40.19 -40.31 -40.47 -40.66 -40.84 -41.03 -41.16 -41.28 -41.34 -41.31 -41.22 -41.12 -41.00 -40.88 -40.75 -40.62 -40.50 -40.44 -40.34 -40.34 -40.47 -40.66 -40.84 -41.03 -41.22 -41.41 -41.56 -41.69 -41.78 -41.84 -41.91 -41.97 -42.00 -42.06 -42.09 -42.12 -42.12 -42.12 -42.06 -41.94 -41.75 -41.56 -41.34 -41.09 -40.88 -40.66 -40.44 -40.25 -40.03 -39.84 -39.69
-37.44 -37.56 -37.69 -37.81 -37.91 -38.00 -38.09 -38.22 -38.38 -38.53 -38.72 -38.88 -39.03 -39.16 -39.28 -39.38 -39.50 -39.62 -39.72 -39.84 -39.94 -40.09 -40.31 -40.53 -40.75 -40.94 -41.09 -41.25 -41.31 -41.31 -41.22 -41.12 -41.00 -40.91 -40.78 -40.66 -40.50 -40.41 -40.31 -40.38 -40.53 -40.69 -40.88 -41.06 -41.25 -41.41 -41.56 -41.69 -41.78 -41.84 -41.91 -41.94 -42.00 -42.03 -42.06 -42.12 -42.19 -42.19 -42.09 -41.97 -41.81 -41.59 -41.38 -41.16 -40.94 -40.75 -40.53 -40.31 -40.09 -39.88 -39.66
-37.69 -37.84 -37.97 -38.09 -38.16 -38.25 -38.31 -38.41 -38.50 -38.62 -38.75 -38.91 -39.03 -39.16 -39.25 -39.34 -39.41 -39.47 -39.53 -39.59 -39.72 -39.91 -40.16 -40.38 -40.62 -40.84 -41.03 -41.19 -41.28 -41.28 -41.22 -41.12 -41.00 -40.88 -40.75 -40.62 -40.50 -40.38 -40.28 -40.38 -40.53 -40.69 -40.88 -41.06 -41.22 -41.38 -41.53 -41.62 -41.72 -41.81 -41.88 -41.91 -41.97 -42.00 -42.06 -42.12 -42.19 -42.19 -42.12 -42.00 -41.81 -41.62 -41.44 -41.22 -41.03 -40.81 -40.59 -40.38 -40.12 -39.88 -39.62
-37.88 -38.06 -38.22 -38.34 -38.41 -38.47 -38.53 -38.59 -38.66 -38.72 -38.81 -38.94 -39.03 -39.12 -39.22 -39.28 -39.34 -39.38 -39.38 -39.41 -39.44 -39.66 -39.97 -40.25 -40.50 -40.75 -40.94 -41.12 -41.25 -41.28 -41.19 -41.09 -40.97 -40.84 -40.72 -40.56 -40.44 -40.34 -40.28 -40.38 -40.53 -40.69 -40.88 -41.03 -41.19 -41.31 -41.44 -41.56 -41.66 -41.75 -41.81 -41.88 -41.91 -41.97 -42.03 -42.09 -42.16 -42.19 -42.12 -42.00 -41.84 -41.66 -41.47 -41.25 -41.06 -40.84 -40.59 -40.34 -40.09 -39.84 -39.59
-37.97 -38.22 -38.41 -38.53 -38.62 -38.69 -38.72 -38.78 -38.81 -38.84 -38.88 -38.94 -39.03 -39.12 -39.19 -39.25 -39.28 -39.28 -39.25 -39.22 -39.19 -39.38 -39.75 -40.09 -40.38 -40.62 -40.88 -41.06 -41.19 -41.25 -41.16 -41.06 -40.94 -40.81 -40.66 -40.50 -40.38 -40.28 -40.25 -40.34 -40.50 -40.66 -40.81 -40.94 -41.09 -41.22 -41.34 -41.47 -41.59 -41.69 -41.75 -41.81 -41.84 -41.91 -41.97 -42.06 -42.12 -42.16 -42.09 -41.97 -41.81 -41.62 -41.44 -41.22 -41.00 -40.78 -40.53 -40.28 -40.03 -39.78 -39.53
-38.03 -38.28 -38.50 -38.66 -38.78 -38.84 -38.91 -38.94 -38.94 -38.94 -38.94 -39.00 -39.06 -39.12 -39.19 -39.22 -39.25 -39.22 -39.19 -39.12 -39.06 -39.16 -39.53 -39.94 -40.25 -40.53 -40.78 -41.00 -41.16 -41.19 -41.12 -41.00 -40.88 -40.72 -40.59 -40.47 -40.34 -40.22 -40.19 -40.28 -40.44 -40.56 -40.69 -40.81 -40.97 -41.09 -41.25 -41.38 -41.50 -41.59 -41.69 -41.75 -41.78 -41.84 -41.94 -42.03 -42.09 -42.12 -42.06 -41.94 -41.75 -41.56 -41.38 -41.12 -40.91 -40.69 -40.44 -40.19 -39.94 -39.69 -39.44
-38.06 -38.34 -38.56 -38.75 -38.88 -38.97 -39.00 -39.03 -39.03 -39.03 -39.03 -39.03 -39.09 -39.16 -39.19 -39.22 -39.25 -39.22 -39.19 -39.12 -39.09 -39.16 -39.44 -39.81 -40.16 -40.44 -40.69 -40.91 -41.06 -41.09 -41.03 -40.94 -40.78 -40.66 -40.53 -40.38 -40.28 -40.19 -40.16 -40.22 -40.34 -40.44 -40.56 -40.69 -40.84 -41.00 -41.16 -41.31 -41.44 -41.53 -41.62 -41.69 -41.72 -41.81 -41.88 -41.97 -42.03 -42.03 -41.97 -41.84 -41.66 -41.47 -41.25 -41.00 -40.78 -40.53 -40.31 -40.09 -39.84 -39.59 -39.38
-38.06 -38.34 -38.59 -38.78 -38.94 -39.03 -39.09 -39.12 -39.12 -39.09 -39.09 -39.09 -39.12 -39.19 -39.22 -39.25 -39.25 -39.25 -39.22 -39.16 -39.16 -39.22 -39.41 -39.72 -40.06 -40.34 -40.62 -40.84 -40.97 -41.00 -40.94 -40.84 -40.72 -40.56 -40.44 -40.31 -40.22 -40.12 -40.09 -40.16 -40.25 -40.34 -40.47 -40.59 -40.75 -40.94 -41.09 -41.25 -41.38 -41.50 -41.59 -41.66 -41.72 -41.78 -41.84 -41.91 -41.97 -41.94 -41.84 -41.69 -41.53 -41.31 -41.09 -40.84 -40.62 -40.38 -40.19 -39.97 -39.75 -39.50 -39.28
-38.09 -38.38 -38.59 -38.81 -38.94 -39.06 -39.12 -39.16 -39.16 -39.16 -39.16 -39.16 -39.19 -39.22 -39.25 -39.28 -39.31 -39.28 -39.25 -39.19 -39.19 -39.28 -39.41 -39.66 -39.97 -40.28 -40.53 -40.78 -40.91 -40.91 -40.84 -40.72 -40.62 -40.50 -40.38 -40.28 -40.19 -40.09 -40.03 -40.06 -40.16 -40.25 -40.38 -40.53 -40.72 -40.91 -41.06 -41.25 -41.38 -41.50 -41.59 -41.69 -41.72 -41.78 -41.84 -41.88 -41.88 -41.81 -41.72 -41.53 -41.34 -41.16 -40.94 -40.69 -40.44 -40.22 -40.03 -39.84 -39.62 -39.41 -39.19
-38.12 -38.38 -38.62 -38.81 -38.97 -39.09 -39.16 -39.19 -39.22 -39.19 -39.19 -39.22 -39.22 -39.25 -39.28 -39.31 -39.31 -39.31 -39.25 -39.22 -39.22 -39.28 -39.41 -39.62 -39.91 -40.22 -40.47 -40.69 -40.81 -40.81 -40.72 -40.66 -40.56 -40.44 -40.34 -40.25 -40.19 -40.12 -40.06 -40.06 -40.16 -40.25 -40.41 -40.56 -40.72 -40.91 -41.09 -41.25 -41.41 -41.53 -41.66 -41.72 -41.78 -41.81 -41.81 -41.81 -41.78 -41.69 -41.56 -41.38 -41.16 -40.94 -40.72 -40.50 -40.25 -40.03 -39.84 -39.69 -39.50 -39.31 -39.09
-38.19 -38.44 -38.66 -38.84 -39.00 -39.09 -39.19 -39.22 -39.25 -39.25 -39.25 -39.25 -39.28 -39.31 -39.34 -39.34 -39.31 -39.28 -39.22 -39.19 -39.19 -39.28 -39.41 -39.59 -39.88 -40.16 -40.44 -40.62 -40.69 -40.69 -40.62 -40.56 -40.50 -40.41 -40.34 -40.25 -40.22 -40.16 -40.16 -40.16 -40.25 -40.38 -40.50 -40.62 -40.81 -40.97 -41.12 -41.31 -41.44 -41.59 -41.69 -41.75 -41.78 -41.81 -41.78 -41.75 -41.69 -41.56 -41.41 -41.22 -40.97 -40.75 -40.50 -40.28 -40.06 -39.84 -39.66 -39.50 -39.34 -39.16 -38.97
-38.31 -38.53 -38.72 -38.91 -39.03 -39.16 -39.22 -39.25 -39.28 -39.28 -39.31 -39.31 -39.34 -39.34 -39.34 -39.31 -39.25 -39.19 -39.16 -39.12 -39.16 -39.22 -39.38 -39.62 -39.88 -40.16 -40.38 -40.53 -40.56 -40.53 -40.47 -40.44 -40.41 -40.38 -40.34 -40.28 -40.28 -40.25 -40.25 -40.28 -40.38 -40.47 -40.62 -40.75 -40.91 -41.06 -41.22 -41.38 -41.50 -41.62 -41.72 -41.78 -41.78 -41.75 -41.72 -41.66 -41.56 -41.44 -41.28 -41.06 -40.81 -40.56 -40.28 -40.03 -39.84 -39.66 -39.47 -39.31 -39.16 -39.00 -38.81
-38.47 -38.66 -38.81 -38.97 -39.12 -39.22 -39.28 -39.31 -39.34 -39.34 -39.38 -39.38 -39.38 -39.34 -39.31 -39.22 -39.16 -39.09 -39.03 -39.00 -39.06 -39.19 -39.38 -39.62 -39.88 -40.12 -40.28 -40.38 -40.38 -40.34 -40.31 -40.31 -40.31 -40.31 -40.31 -40.34 -40.34 -40.34 -40.38 -40.41 -40.50 -40.62 -40.75 -40.88 -41.03 -41.16 -41.28 -41.44 -41.56 -41.66 -41.72 -41.75 -41.72 -41.69 -41.66 -41.56 -41.47 -41.31 -41.12 -40.91 -40.66 -40.38 -40.09 -39.84 -39.62 -39.44 -39.25 -39.09 -38.94 -38.78 -38.62
-38.62 -38.78 -38.94 -39.06 -39.19 -39.28 -39.34 -39.38 -39.41 -39.41 -39.44 -39.44 -39.41 -39.34 -39.25 -39.12 -39.03 -38.94 -38.91 -38.88 -38.94 -39.12 -39.34 -39.59 -39.84 -40.03 -40.12 -40.19 -40.16 -40.12 -40.12 -40.16 -40.19 -40.25 -40.31 -40.38 -40.44 -40.47 -40.50 -40.56 -40.62 -40.75 -40.88 -41.00 -41.12 -41.25 -41.38 -41.50 -41.59 -41.66 -41.69 -41.66 -41.62 -41.59 -41.53 -41.47 -41.34 -41.19 -41.00 -40.75 -40.50 -40.22 -39.94 -39.66 -39.41 -39.22 -39.03 -38.91 -38.75 -38.59 -38.44
-38.78 -38.88 -39.00 -39.09 -39.22 -39.31 -39.38 -39.44 -39.44 -39.47 -39.47 -39.44 -39.38 -39.28 -39.16 -39.03 -38.94 -38.81 -38.72 -38.69 -38.81 -39.03 -39.28 -39.50 -39.69 -39.84 -39.91 -39.94 -39.94 -39.91 -39.91 -39.97 -40.03 -40.12 -40.25 -40.38 -40.47 -40.56 -40.59 -40.69 -40.78 -40.88 -41.00 -41.12 -41.25 -41.34 -41.44 -41.53 -41.59 -41.59 -41.59 -41.56 -41.53 -41.47 -41.44 -41.34 -41.22 -41.06 -40.84 -40.59 -40.34 -40.06 -39.75 -39.47 -39.22 -39.00 -38.81 -38.69 -38.53 -38.38 -38.22
-38.81 -38.88 -38.97 -39.06 -39.16 -39.25 -39.34 -39.41 -39.47 -39.50 -39.50 -39.44 -39.38 -39.25 -39.09 -38.97 -38.81 -38.66 -38.53 -38.50 -38.69 -38.91 -39.16 -39.34 -39.47 -39.59 -39.66 -39.72 -39.72 -39.69 -39.69 -39.75 -39.88 -40.00 -40.16 -40.31 -40.44 -40.56 -40.69 -40.78 -40.88 -40.97 -41.09 -41.19 -41.31 -41.41 -41.50 -41.56 -41.56 -41.53 -41.47 -41.44 -41.38 -41.34 -41.28 -41.22 -41.12 -40.94 -40.72 -40.47 -40.19 -39.91 -39.59 -39.31 -39.03 -38.81 -38.62 -38.47 -38.31 -38.19 -38.03
