everonasctiles/Tile49,15.asc
ncols 128
nrows 128
xllcorner 0
yllcorner 0
cellsize 2.0
NODATA_value  -9999
[rows 87 to 115 of 128, columns 0 to 66 of 128]
-133.94 -134.12 -134.31 -134.47 -134.62 -134.78 -134.91 -135.00 -135.09 -135.16 -135.19 -135.22 -135.22 -135.22 -135.19 -135.16 -135.12 -135.06 -135.06 -135.03 -135.03 -135.00 -135.00 -135.00 -135.00 -134.97 -134.97 -134.94 -134.91 -134.88 -134.84 -134.81 -134.78 -134.75 -134.72 -134.66 -134.56 -134.50 -134.44 -134.34 -134.25 -134.16 -134.06 -133.97 -133.88 -133.81 -133.72 -133.62 -133.53 -133.41 -133.28 -133.16 -133.00 -132.88 -132.72 -132.56 -132.38 -132.22 -132.06 -131.88 -131.69 -131.50 -131.31 -131.09 -130.91 -130.72 -130.56
-134.09 -134.28 -134.47 -134.62 -134.78 -134.91 -135.03 -135.12 -135.22 -135.28 -135.31 -135.34 -135.34 -135.31 -135.28 -135.25 -135.22 -135.16 -135.12 -135.09 -135.09 -135.06 -135.06 -135.03 -135.03 -135.00 -135.00 -134.97 -134.94 -134.91 -134.88 -134.81 -134.78 -134.78 -134.72 -134.69 -134.62 -134.53 -134.44 -134.38 -134.25 -134.16 -134.06 -133.97 -133.88 -133.78 -133.72 -133.62 -133.50 -133.41 -133.28 -133.12 -133.00 -132.84 -132.69 -132.56 -132.38 -132.22 -132.03 -131.88 -131.69 -131.50 -131.28 -131.09 -130.91 -130.75 -130.62
-134.22 -134.44 -134.59 -134.78 -134.91 -135.03 -135.16 -135.25 -135.31 -135.38 -135.41 -135.44 -135.44 -135.41 -135.38 -135.34 -135.31 -135.25 -135.22 -135.19 -135.16 -135.12 -135.09 -135.09 -135.06 -135.06 -135.03 -135.03 -135.00 -134.94 -134.91 -134.88 -134.81 -134.81 -134.75 -134.72 -134.66 -134.56 -134.47 -134.38 -134.25 -134.16 -134.06 -133.94 -133.88 -133.78 -133.72 -133.62 -133.50 -133.41 -133.25 -133.12 -132.97 -132.84 -132.69 -132.53 -132.38 -132.22 -132.03 -131.88 -131.69 -131.50 -131.28 -131.09 -130.94 -130.81 -130.69
-134.34 -134.53 -134.72 -134.88 -135.00 -135.12 -135.25 -135.31 -135.41 -135.44 -135.47 -135.50 -135.50 -135.50 -135.47 -135.41 -135.38 -135.31 -135.25 -135.22 -135.22 -135.19 -135.16 -135.16 -135.12 -135.09 -135.09 -135.06 -135.03 -135.00 -134.97 -134.91 -134.88 -134.84 -134.81 -134.75 -134.69 -134.59 -134.50 -134.38 -134.28 -134.16 -134.06 -133.97 -133.88 -133.81 -133.72 -133.62 -133.53 -133.41 -133.28 -133.12 -133.00 -132.84 -132.69 -132.53 -132.38 -132.22 -132.03 -131.88 -131.69 -131.50 -131.31 -131.16 -131.00 -130.88 -130.78
-134.47 -134.66 -134.81 -134.97 -135.09 -135.19 -135.31 -135.38 -135.44 -135.50 -135.53 -135.56 -135.56 -135.56 -135.53 -135.47 -135.41 -135.34 -135.31 -135.28 -135.25 -135.25 -135.22 -135.19 -135.19 -135.16 -135.16 -135.12 -135.12 -135.09 -135.03 -135.00 -134.94 -134.88 -134.84 -134.78 -134.72 -134.62 -134.50 -134.41 -134.28 -134.19 -134.09 -134.00 -133.94 -133.84 -133.78 -133.69 -133.56 -133.44 -133.31 -133.16 -133.03 -132.88 -132.72 -132.56 -132.41 -132.22 -132.06 -131.88 -131.69 -131.53 -131.38 -131.22 -131.09 -131.00 -130.91
-134.56 -134.75 -134.91 -135.03 -135.16 -135.25 -135.34 -135.44 -135.50 -135.56 -135.59 -135.62 -135.62 -135.59 -135.56 -135.53 -135.44 -135.41 -135.34 -135.31 -135.31 -135.31 -135.28 -135.28 -135.25 -135.22 -135.22 -135.19 -135.19 -135.16 -135.12 -135.06 -135.00 -134.94 -134.88 -134.81 -134.72 -134.62 -134.53 -134.44 -134.34 -134.25 -134.16 -134.09 -134.00 -133.94 -133.84 -133.75 -133.62 -133.50 -133.38 -133.22 -133.06 -132.91 -132.75 -132.59 -132.44 -132.25 -132.09 -131.91 -131.72 -131.56 -131.44 -131.31 -131.22 -131.12 -131.03
-134.66 -134.84 -135.00 -135.12 -135.22 -135.31 -135.41 -135.47 -135.53 -135.59 -135.62 -135.66 -135.66 -135.62 -135.59 -135.56 -135.50 -135.44 -135.38 -135.34 -135.34 -135.34 -135.34 -135.34 -135.31 -135.28 -135.28 -135.28 -135.25 -135.25 -135.22 -135.16 -135.09 -135.00 -134.94 -134.84 -134.75 -134.66 -134.56 -134.47 -134.41 -134.34 -134.25 -134.16 -134.06 -134.00 -133.91 -133.81 -133.69 -133.56 -133.41 -133.28 -133.12 -132.97 -132.81 -132.66 -132.47 -132.31 -132.12 -131.94 -131.78 -131.66 -131.53 -131.44 -131.34 -131.25 -131.16
-134.75 -134.94 -135.06 -135.19 -135.31 -135.38 -135.47 -135.53 -135.59 -135.62 -135.66 -135.69 -135.69 -135.66 -135.62 -135.56 -135.53 -135.47 -135.44 -135.41 -135.41 -135.41 -135.41 -135.41 -135.38 -135.38 -135.34 -135.34 -135.34 -135.31 -135.28 -135.22 -135.16 -135.06 -135.00 -134.91 -134.81 -134.72 -134.62 -134.56 -134.50 -134.44 -134.34 -134.25 -134.12 -134.03 -133.94 -133.84 -133.72 -133.59 -133.47 -133.34 -133.19 -133.03 -132.88 -132.69 -132.53 -132.34 -132.16 -132.00 -131.88 -131.75 -131.66 -131.56 -131.47 -131.34 -131.25
-134.81 -135.00 -135.16 -135.28 -135.38 -135.44 -135.50 -135.56 -135.62 -135.66 -135.69 -135.69 -135.69 -135.69 -135.66 -135.59 -135.56 -135.53 -135.50 -135.47 -135.47 -135.47 -135.47 -135.47 -135.44 -135.44 -135.41 -135.41 -135.41 -135.38 -135.34 -135.28 -135.19 -135.12 -135.03 -134.97 -134.88 -134.78 -134.72 -134.66 -134.56 -134.50 -134.41 -134.31 -134.19 -134.09 -133.97 -133.88 -133.78 -133.66 -133.53 -133.41 -133.25 -133.09 -132.94 -132.75 -132.56 -132.41 -132.25 -132.09 -131.97 -131.88 -131.75 -131.66 -131.56 -131.47 -131.38
-134.88 -135.03 -135.19 -135.31 -135.41 -135.50 -135.56 -135.62 -135.66 -135.69 -135.72 -135.72 -135.72 -135.72 -135.69 -135.66 -135.62 -135.56 -135.53 -135.53 -135.50 -135.50 -135.50 -135.50 -135.50 -135.50 -135.47 -135.47 -135.44 -135.41 -135.38 -135.31 -135.25 -135.16 -135.09 -135.00 -134.94 -134.84 -134.78 -134.72 -134.66 -134.56 -134.47 -134.34 -134.25 -134.12 -134.03 -133.91 -133.81 -133.72 -133.59 -133.47 -133.31 -133.16 -132.97 -132.81 -132.62 -132.47 -132.31 -132.19 -132.06 -131.97 -131.88 -131.75 -131.66 -131.56 -131.44
-134.91 -135.09 -135.25 -135.38 -135.47 -135.53 -135.59 -135.66 -135.69 -135.72 -135.75 -135.75 -135.75 -135.72 -135.72 -135.69 -135.66 -135.62 -135.59 -135.56 -135.56 -135.56 -135.56 -135.56 -135.53 -135.53 -135.50 -135.47 -135.47 -135.44 -135.38 -135.31 -135.25 -135.19 -135.12 -135.06 -134.97 -134.91 -134.84 -134.78 -134.69 -134.62 -134.50 -134.41 -134.28 -134.16 -134.06 -133.97 -133.88 -133.75 -133.62 -133.50 -133.38 -133.19 -133.03 -132.88 -132.72 -132.56 -132.41 -132.28 -132.16 -132.06 -131.94 -131.84 -131.75 -131.62 -131.53
-134.97 -135.12 -135.28 -135.41 -135.50 -135.59 -135.66 -135.69 -135.72 -135.75 -135.75 -135.78 -135.75 -135.75 -135.75 -135.72 -135.69 -135.66 -135.66 -135.62 -135.59 -135.59 -135.59 -135.56 -135.56 -135.56 -135.53 -135.50 -135.47 -135.41 -135.38 -135.31 -135.25 -135.22 -135.16 -135.09 -135.00 -134.94 -134.88 -134.81 -134.72 -134.62 -134.53 -134.44 -134.31 -134.22 -134.09 -134.00 -133.91 -133.78 -133.66 -133.53 -133.38 -133.22 -133.06 -132.91 -132.78 -132.62 -132.50 -132.38 -132.25 -132.12 -132.03 -131.91 -131.81 -131.72 -131.59
-135.03 -135.16 -135.31 -135.44 -135.53 -135.59 -135.66 -135.72 -135.75 -135.78 -135.78 -135.78 -135.78 -135.78 -135.75 -135.75 -135.72 -135.72 -135.69 -135.66 -135.66 -135.62 -135.62 -135.59 -135.59 -135.56 -135.53 -135.50 -135.44 -135.41 -135.34 -135.31 -135.25 -135.22 -135.16 -135.09 -135.03 -134.97 -134.91 -134.81 -134.75 -134.66 -134.56 -134.44 -134.34 -134.25 -134.12 -134.03 -133.91 -133.78 -133.66 -133.50 -133.38 -133.22 -133.09 -132.97 -132.81 -132.69 -132.56 -132.44 -132.31 -132.19 -132.09 -131.97 -131.88 -131.78 -131.69
-135.09 -135.22 -135.34 -135.44 -135.56 -135.62 -135.69 -135.75 -135.78 -135.78 -135.81 -135.81 -135.81 -135.81 -135.78 -135.78 -135.75 -135.75 -135.72 -135.72 -135.69 -135.69 -135.66 -135.62 -135.59 -135.56 -135.53 -135.47 -135.41 -135.38 -135.31 -135.28 -135.25 -135.22 -135.16 -135.09 -135.03 -134.97 -134.91 -134.81 -134.72 -134.66 -134.56 -134.47 -134.38 -134.25 -134.16 -134.03 -133.91 -133.75 -133.62 -133.50 -133.34 -133.22 -133.09 -133.00 -132.88 -132.75 -132.59 -132.47 -132.34 -132.25 -132.12 -132.03 -131.94 -131.84 -131.75
-135.16 -135.25 -135.38 -135.47 -135.56 -135.66 -135.72 -135.75 -135.78 -135.81 -135.81 -135.81 -135.81 -135.81 -135.81 -135.81 -135.78 -135.78 -135.78 -135.75 -135.75 -135.72 -135.69 -135.66 -135.62 -135.56 -135.50 -135.47 -135.41 -135.34 -135.31 -135.25 -135.22 -135.19 -135.16 -135.12 -135.03 -134.97 -134.88 -134.78 -134.72 -134.62 -134.56 -134.47 -134.38 -134.28 -134.16 -134.03 -133.91 -133.75 -133.62 -133.50 -133.38 -133.25 -133.12 -133.03 -132.94 -132.81 -132.66 -132.53 -132.41 -132.28 -132.19 -132.09 -132.00 -131.91 -131.84
-135.22 -135.31 -135.41 -135.50 -135.56 -135.66 -135.72 -135.78 -135.81 -135.81 -135.84 -135.84 -135.84 -135.84 -135.84 -135.84 -135.84 -135.84 -135.84 -135.81 -135.78 -135.78 -135.72 -135.69 -135.62 -135.56 -135.50 -135.44 -135.41 -135.34 -135.31 -135.25 -135.22 -135.19 -135.16 -135.09 -135.03 -134.94 -134.88 -134.78 -134.69 -134.62 -134.53 -134.47 -134.38 -134.28 -134.16 -134.03 -133.91 -133.78 -133.66 -133.53 -133.41 -133.31 -133.19 -133.09 -133.00 -132.88 -132.72 -132.59 -132.44 -132.31 -132.22 -132.12 -132.03 -131.97 -131.94
-135.31 -135.38 -135.44 -135.53 -135.59 -135.66 -135.72 -135.78 -135.81 -135.84 -135.84 -135.88 -135.88 -135.88 -135.88 -135.88 -135.88 -135.88 -135.88 -135.88 -135.84 -135.81 -135.75 -135.69 -135.62 -135.56 -135.50 -135.44 -135.41 -135.34 -135.31 -135.28 -135.22 -135.19 -135.16 -135.09 -135.03 -134.94 -134.84 -134.75 -134.66 -134.59 -134.53 -134.44 -134.38 -134.28 -134.16 -134.06 -133.94 -133.81 -133.69 -133.56 -133.47 -133.38 -133.28 -133.19 -133.06 -132.94 -132.81 -132.66 -132.50 -132.38 -132.28 -132.19 -132.12 -132.06 -132.03
-135.41 -135.47 -135.50 -135.56 -135.62 -135.69 -135.75 -135.78 -135.81 -135.84 -135.88 -135.88 -135.91 -135.91 -135.91 -135.91 -135.94 -135.94 -135.91 -135.91 -135.88 -135.81 -135.75 -135.69 -135.62 -135.56 -135.50 -135.44 -135.41 -135.34 -135.31 -135.28 -135.22 -135.19 -135.12 -135.06 -135.00 -134.91 -134.81 -134.72 -134.66 -134.56 -134.50 -134.44 -134.34 -134.28 -134.19 -134.06 -133.97 -133.84 -133.75 -133.62 -133.53 -133.47 -133.38 -133.28 -133.16 -133.03 -132.88 -132.72 -132.59 -132.44 -132.34 -132.25 -132.19 -132.16 -132.16
-135.50 -135.53 -135.56 -135.62 -135.66 -135.72 -135.75 -135.78 -135.81 -135.84 -135.88 -135.91 -135.94 -135.94 -135.94 -135.97 -135.97 -135.97 -135.94 -135.91 -135.88 -135.81 -135.75 -135.69 -135.62 -135.56 -135.50 -135.44 -135.38 -135.34 -135.31 -135.28 -135.22 -135.19 -135.12 -135.06 -134.97 -134.91 -134.81 -134.72 -134.62 -134.56 -134.47 -134.41 -134.34 -134.28 -134.19 -134.09 -134.00 -133.91 -133.78 -133.69 -133.62 -133.53 -133.44 -133.34 -133.22 -133.09 -132.94 -132.78 -132.66 -132.53 -132.41 -132.34 -132.28 -132.28 -132.28
-135.56 -135.59 -135.62 -135.66 -135.69 -135.75 -135.78 -135.81 -135.84 -135.88 -135.91 -135.94 -135.94 -135.97 -135.97 -135.97 -135.97 -135.97 -135.97 -135.94 -135.88 -135.81 -135.75 -135.69 -135.62 -135.56 -135.47 -135.44 -135.38 -135.31 -135.28 -135.25 -135.19 -135.16 -135.09 -135.03 -134.97 -134.88 -134.78 -134.69 -134.59 -134.53 -134.47 -134.41 -134.34 -134.28 -134.19 -134.12 -134.03 -133.94 -133.84 -133.75 -133.66 -133.59 -133.50 -133.38 -133.25 -133.12 -133.00 -132.84 -132.69 -132.59 -132.47 -132.41 -132.38 -132.41 -132.41
-135.66 -135.69 -135.69 -135.72 -135.75 -135.78 -135.81 -135.81 -135.84 -135.88 -135.91 -135.94 -135.97 -135.97 -136.00 -136.00 -136.00 -136.00 -135.97 -135.94 -135.88 -135.84 -135.78 -135.69 -135.62 -135.56 -135.47 -135.41 -135.34 -135.31 -135.25 -135.22 -135.16 -135.12 -135.06 -135.03 -134.94 -134.88 -134.78 -134.69 -134.59 -134.50 -134.44 -134.38 -134.31 -134.25 -134.19 -134.12 -134.03 -133.94 -133.88 -133.78 -133.69 -133.59 -133.50 -133.41 -133.28 -133.16 -133.03 -132.88 -132.75 -132.62 -132.56 -132.50 -132.50 -132.53 -132.56
-135.69 -135.72 -135.75 -135.78 -135.78 -135.81 -135.84 -135.84 -135.88 -135.91 -135.94 -135.97 -135.97 -136.00 -136.00 -136.00 -136.00 -136.00 -135.97 -135.94 -135.91 -135.84 -135.78 -135.72 -135.66 -135.56 -135.47 -135.38 -135.31 -135.25 -135.22 -135.19 -135.12 -135.09 -135.06 -135.00 -134.94 -134.88 -134.75 -134.66 -134.56 -134.47 -134.41 -134.34 -134.28 -134.25 -134.19 -134.12 -134.03 -133.94 -133.88 -133.78 -133.69 -133.59 -133.50 -133.41 -133.28 -133.16 -133.03 -132.91 -132.81 -132.69 -132.62 -132.59 -132.59 -132.62 -132.69
-135.75 -135.78 -135.78 -135.81 -135.84 -135.84 -135.88 -135.88 -135.91 -135.94 -135.94 -135.97 -136.00 -136.00 -136.00 -136.00 -136.00 -136.00 -135.97 -135.97 -135.91 -135.88 -135.81 -135.75 -135.66 -135.56 -135.47 -135.38 -135.28 -135.22 -135.19 -135.12 -135.09 -135.06 -135.03 -135.00 -134.94 -134.84 -134.75 -134.66 -134.53 -134.44 -134.38 -134.31 -134.25 -134.22 -134.16 -134.09 -134.00 -133.94 -133.84 -133.75 -133.69 -133.59 -133.50 -133.41 -133.28 -133.19 -133.06 -132.94 -132.84 -132.75 -132.69 -132.69 -132.72 -132.75 -132.81
-135.75 -135.78 -135.81 -135.84 -135.88 -135.88 -135.91 -135.91 -135.94 -135.94 -135.97 -136.00 -136.00 -136.00 -136.00 -136.00 -136.00 -136.00 -135.97 -135.97 -135.94 -135.88 -135.81 -135.75 -135.66 -135.56 -135.47 -135.38 -135.28 -135.19 -135.16 -135.09 -135.06 -135.06 -135.03 -134.97 -134.94 -134.84 -134.75 -134.66 -134.53 -134.44 -134.34 -134.28 -134.22 -134.16 -134.09 -134.03 -133.97 -133.91 -133.81 -133.72 -133.66 -133.56 -133.50 -133.38 -133.28 -133.19 -133.09 -133.00 -132.91 -132.81 -132.78 -132.78 -132.81 -132.88 -132.94
-135.75 -135.78 -135.81 -135.84 -135.88 -135.91 -135.91 -135.94 -135.94 -135.97 -136.00 -136.00 -136.00 -136.00 -136.00 -136.00 -136.00 -136.00 -135.97 -135.97 -135.91 -135.88 -135.81 -135.75 -135.66 -135.56 -135.47 -135.38 -135.25 -135.19 -135.12 -135.09 -135.06 -135.03 -135.00 -134.97 -134.91 -134.84 -134.75 -134.66 -134.53 -134.44 -134.34 -134.25 -134.19 -134.12 -134.06 -134.00 -133.94 -133.84 -133.78 -133.69 -133.62 -133.56 -133.47 -133.38 -133.28 -133.22 -133.12 -133.03 -132.94 -132.88 -132.84 -132.84 -132.91 -133.00 -133.09
-135.75 -135.78 -135.84 -135.88 -135.91 -135.91 -135.94 -135.94 -135.94 -135.97 -136.00 -136.00 -136.00 -136.00 -136.00 -136.00 -136.00 -136.00 -135.97 -135.94 -135.91 -135.84 -135.78 -135.72 -135.62 -135.56 -135.47 -135.38 -135.25 -135.19 -135.09 -135.06 -135.03 -135.00 -135.00 -134.97 -134.91 -134.84 -134.75 -134.66 -134.53 -134.44 -134.31 -134.22 -134.16 -134.09 -134.03 -133.97 -133.91 -133.84 -133.75 -133.69 -133.62 -133.53 -133.47 -133.38 -133.31 -133.22 -133.16 -133.06 -133.00 -132.94 -132.91 -132.94 -133.00 -133.09 -133.19
-135.75 -135.78 -135.84 -135.88 -135.91 -135.94 -135.94 -135.94 -135.94 -135.97 -136.00 -136.00 -136.00 -136.00 -136.00 -136.00 -136.00 -135.97 -135.97 -135.94 -135.88 -135.81 -135.75 -135.69 -135.59 -135.53 -135.47 -135.34 -135.25 -135.16 -135.09 -135.06 -135.03 -135.00 -134.97 -134.94 -134.88 -134.81 -134.72 -134.62 -134.53 -134.41 -134.31 -134.22 -134.16 -134.09 -134.03 -133.97 -133.91 -133.84 -133.75 -133.69 -133.62 -133.53 -133.47 -133.41 -133.34 -133.28 -133.19 -133.12 -133.06 -133.00 -133.00 -133.00 -133.09 -133.19 -133.31
-135.75 -135.78 -135.81 -135.88 -135.91 -135.91 -135.94 -135.94 -135.94 -135.94 -135.97 -136.00 -136.00 -136.00 -136.00 -136.00 -135.97 -135.97 -135.94 -135.91 -135.84 -135.78 -135.72 -135.66 -135.56 -135.50 -135.44 -135.34 -135.25 -135.16 -135.09 -135.06 -135.03 -135.00 -134.97 -134.94 -134.88 -134.81 -134.72 -134.62 -134.53 -134.44 -134.31 -134.25 -134.16 -134.09 -134.03 -133.97 -133.91 -133.84 -133.78 -133.72 -133.62 -133.56 -133.47 -133.41 -133.38 -133.31 -133.25 -133.19 -133.12 -133.06 -133.06 -133.09 -133.19 -133.28 -133.44
-135.75 -135.78 -135.81 -135.84 -135.88 -135.91 -135.91 -135.91 -135.91 -135.94 -135.97 -135.97 -136.00 -136.00 -135.97 -135.97 -135.94 -135.94 -135.91 -135.84 -135.81 -135.75 -135.66 -135.59 -135.53 -135.47 -135.41 -135.34 -135.25 -135.16 -135.09 -135.06 -135.00 -134.97 -134.94 -134.91 -134.84 -134.78 -134.69 -134.62 -134.53 -134.44 -134.34 -134.25 -134.19 -134.12 -134.03 -133.97 -133.94 -133.88 -133.81 -133.72 -133.66 -133.56 -133.50 -133.44 -133.41 -133.34 -133.28 -133.22 -133.19 -133.16 -133.16 -133.19 -133.25 -133.38 -133.53
