everonasctiles/Tile9,40.asc
ncols 128
nrows 128
xllcorner 0
yllcorner 0
cellsize 2.0
NODATA_value  -9999
[rows 0 to 31 of 128, columns 0 to 70 of 128]
-62.16 -62.19 -62.22 -62.25 -62.22 -62.22 -62.19 -62.12 -62.09 -62.03 -62.00 -61.94 -61.91 -61.84 -61.81 -61.78 -61.75 -61.72 -61.69 -61.66 -61.69 -61.81 -61.94 -62.09 -62.28 -62.44 -62.59 -62.72 -62.84 -63.00 -63.16 -63.34 -63.56 -63.81 -64.06 -64.31 -64.53 -64.78 -64.97 -65.19 -65.34 -65.50 -65.62 -65.75 -65.91 -66.03 -66.16 -66.25 -66.34 -66.44 -66.50 -66.53 -66.56 -66.56 -66.56 -66.53 -66.53 -66.50 -66.47 -66.44 -66.38 -66.34 -66.31 -66.28 -66.25 -66.19 -66.12 -66.03 -65.91 -65.78 -65.66
-62.34 -62.38 -62.41 -62.41 -62.41 -62.41 -62.34 -62.31 -62.25 -62.22 -62.16 -62.12 -62.09 -62.06 -62.03 -62.00 -61.97 -61.94 -61.91 -61.88 -61.91 -61.97 -62.09 -62.25 -62.41 -62.56 -62.72 -62.84 -62.97 -63.06 -63.19 -63.38 -63.56 -63.81 -64.03 -64.28 -64.53 -64.78 -65.00 -65.19 -65.38 -65.53 -65.66 -65.78 -65.91 -66.03 -66.16 -66.28 -66.41 -66.50 -66.56 -66.62 -66.66 -66.66 -66.69 -66.69 -66.69 -66.69 -66.66 -66.62 -66.59 -66.56 -66.56 -66.56 -66.53 -66.50 -66.44 -66.34 -66.22 -66.09 -66.00
-62.50 -62.56 -62.59 -62.59 -62.59 -62.56 -62.53 -62.47 -62.44 -62.38 -62.34 -62.31 -62.31 -62.28 -62.25 -62.25 -62.22 -62.19 -62.12 -62.09 -62.09 -62.12 -62.25 -62.38 -62.53 -62.69 -62.84 -62.97 -63.06 -63.16 -63.28 -63.44 -63.59 -63.81 -64.06 -64.28 -64.53 -64.78 -65.00 -65.19 -65.38 -65.53 -65.69 -65.81 -65.94 -66.06 -66.19 -66.31 -66.41 -66.53 -66.62 -66.69 -66.72 -66.75 -66.78 -66.81 -66.84 -66.88 -66.88 -66.84 -66.84 -66.81 -66.81 -66.81 -66.81 -66.78 -66.72 -66.62 -66.53 -66.41 -66.31
-62.69 -62.75 -62.78 -62.78 -62.78 -62.75 -62.69 -62.66 -62.59 -62.56 -62.56 -62.53 -62.53 -62.50 -62.50 -62.47 -62.44 -62.41 -62.38 -62.31 -62.28 -62.31 -62.41 -62.53 -62.69 -62.81 -62.97 -63.09 -63.19 -63.25 -63.38 -63.50 -63.69 -63.88 -64.09 -64.31 -64.53 -64.78 -65.00 -65.19 -65.38 -65.56 -65.69 -65.81 -65.94 -66.06 -66.19 -66.31 -66.44 -66.56 -66.66 -66.72 -66.81 -66.84 -66.91 -66.94 -67.00 -67.03 -67.03 -67.03 -67.03 -67.03 -67.03 -67.06 -67.06 -67.03 -67.00 -66.91 -66.81 -66.69 -66.59
-62.88 -62.94 -62.97 -63.00 -62.97 -62.94 -62.91 -62.84 -62.81 -62.78 -62.78 -62.75 -62.75 -62.75 -62.72 -62.72 -62.69 -62.62 -62.59 -62.53 -62.50 -62.47 -62.53 -62.66 -62.81 -62.94 -63.06 -63.19 -63.28 -63.34 -63.47 -63.59 -63.75 -63.94 -64.12 -64.34 -64.56 -64.78 -65.00 -65.19 -65.38 -65.53 -65.69 -65.81 -65.94 -66.06 -66.19 -66.31 -66.44 -66.56 -66.69 -66.78 -66.88 -66.94 -67.00 -67.06 -67.12 -67.19 -67.22 -67.22 -67.25 -67.25 -67.28 -67.28 -67.31 -67.28 -67.25 -67.16 -67.06 -66.97 -66.88
-63.09 -63.16 -63.19 -63.19 -63.19 -63.16 -63.12 -63.06 -63.03 -63.03 -63.00 -63.00 -63.00 -62.97 -62.97 -62.94 -62.91 -62.84 -62.81 -62.75 -62.69 -62.66 -62.69 -62.78 -62.91 -63.06 -63.16 -63.28 -63.34 -63.44 -63.53 -63.66 -63.81 -64.00 -64.19 -64.38 -64.59 -64.78 -65.00 -65.19 -65.34 -65.50 -65.66 -65.78 -65.91 -66.03 -66.19 -66.31 -66.47 -66.59 -66.75 -66.84 -66.94 -67.03 -67.12 -67.19 -67.25 -67.31 -67.38 -67.41 -67.44 -67.44 -67.47 -67.50 -67.50 -67.50 -67.47 -67.41 -67.31 -67.22 -67.16
-63.34 -63.38 -63.41 -63.44 -63.44 -63.41 -63.34 -63.31 -63.28 -63.25 -63.25 -63.25 -63.25 -63.22 -63.19 -63.16 -63.12 -63.06 -63.03 -62.97 -62.91 -62.84 -62.84 -62.94 -63.03 -63.16 -63.28 -63.34 -63.41 -63.47 -63.56 -63.72 -63.88 -64.03 -64.22 -64.41 -64.59 -64.78 -64.97 -65.16 -65.31 -65.47 -65.59 -65.72 -65.88 -66.03 -66.19 -66.34 -66.50 -66.66 -66.78 -66.94 -67.03 -67.12 -67.22 -67.31 -67.38 -67.47 -67.53 -67.56 -67.59 -67.62 -67.66 -67.69 -67.72 -67.72 -67.69 -67.62 -67.53 -67.47 -67.38
-63.56 -63.59 -63.62 -63.66 -63.66 -63.62 -63.59 -63.56 -63.53 -63.50 -63.50 -63.50 -63.47 -63.47 -63.44 -63.38 -63.31 -63.28 -63.25 -63.19 -63.09 -63.06 -63.03 -63.09 -63.19 -63.28 -63.38 -63.44 -63.47 -63.50 -63.59 -63.72 -63.88 -64.03 -64.22 -64.38 -64.56 -64.75 -64.94 -65.12 -65.28 -65.44 -65.56 -65.72 -65.84 -66.03 -66.19 -66.38 -66.53 -66.69 -66.84 -67.00 -67.12 -67.25 -67.34 -67.44 -67.50 -67.59 -67.66 -67.72 -67.75 -67.81 -67.84 -67.88 -67.91 -67.91 -67.88 -67.81 -67.75 -67.69 -67.62
-63.81 -63.84 -63.88 -63.91 -63.91 -63.88 -63.84 -63.78 -63.75 -63.72 -63.72 -63.72 -63.72 -63.69 -63.66 -63.59 -63.53 -63.50 -63.44 -63.38 -63.31 -63.25 -63.22 -63.28 -63.34 -63.41 -63.50 -63.53 -63.56 -63.56 -63.59 -63.69 -63.84 -64.00 -64.16 -64.34 -64.50 -64.72 -64.91 -65.06 -65.25 -65.41 -65.56 -65.72 -65.88 -66.03 -66.22 -66.41 -66.59 -66.78 -66.94 -67.06 -67.22 -67.34 -67.44 -67.53 -67.62 -67.72 -67.78 -67.84 -67.91 -67.97 -68.00 -68.06 -68.09 -68.09 -68.06 -68.03 -67.97 -67.91 -67.84
-64.03 -64.06 -64.12 -64.12 -64.12 -64.09 -64.06 -64.03 -63.97 -63.97 -63.94 -63.94 -63.94 -63.91 -63.88 -63.81 -63.75 -63.69 -63.62 -63.56 -63.50 -63.44 -63.44 -63.44 -63.50 -63.56 -63.62 -63.66 -63.66 -63.62 -63.59 -63.66 -63.78 -63.94 -64.06 -64.25 -64.44 -64.62 -64.84 -65.03 -65.22 -65.41 -65.56 -65.72 -65.91 -66.09 -66.28 -66.50 -66.69 -66.84 -67.03 -67.16 -67.31 -67.44 -67.53 -67.66 -67.75 -67.84 -67.91 -67.97 -68.03 -68.09 -68.16 -68.22 -68.25 -68.25 -68.25 -68.19 -68.16 -68.09 -68.06
-64.25 -64.28 -64.31 -64.34 -64.34 -64.31 -64.28 -64.25 -64.22 -64.19 -64.16 -64.16 -64.16 -64.12 -64.06 -64.00 -63.94 -63.88 -63.81 -63.75 -63.69 -63.62 -63.62 -63.62 -63.69 -63.72 -63.78 -63.78 -63.75 -63.69 -63.62 -63.62 -63.72 -63.88 -64.00 -64.19 -64.38 -64.56 -64.78 -64.97 -65.19 -65.38 -65.56 -65.78 -65.97 -66.19 -66.38 -66.59 -66.78 -66.97 -67.12 -67.28 -67.41 -67.53 -67.66 -67.75 -67.84 -67.97 -68.03 -68.12 -68.19 -68.22 -68.28 -68.34 -68.38 -68.41 -68.41 -68.38 -68.31 -68.28 -68.25
-64.47 -64.50 -64.53 -64.53 -64.53 -64.50 -64.47 -64.44 -64.41 -64.38 -64.38 -64.38 -64.34 -64.31 -64.28 -64.19 -64.12 -64.03 -63.97 -63.91 -63.88 -63.81 -63.81 -63.81 -63.84 -63.91 -63.91 -63.91 -63.84 -63.78 -63.72 -63.66 -63.69 -63.81 -63.97 -64.12 -64.31 -64.50 -64.72 -64.94 -65.16 -65.38 -65.59 -65.81 -66.06 -66.28 -66.50 -66.72 -66.91 -67.09 -67.25 -67.41 -67.53 -67.66 -67.75 -67.88 -67.97 -68.06 -68.16 -68.25 -68.31 -68.38 -68.41 -68.47 -68.53 -68.53 -68.53 -68.50 -68.47 -68.47 -68.44
-64.72 -64.72 -64.75 -64.75 -64.75 -64.72 -64.69 -64.66 -64.62 -64.59 -64.56 -64.56 -64.53 -64.50 -64.44 -64.38 -64.28 -64.19 -64.12 -64.09 -64.06 -64.03 -64.00 -64.03 -64.03 -64.06 -64.06 -64.03 -63.97 -63.88 -63.81 -63.75 -63.72 -63.81 -63.97 -64.12 -64.31 -64.50 -64.69 -64.91 -65.12 -65.38 -65.62 -65.88 -66.12 -66.38 -66.62 -66.84 -67.06 -67.25 -67.41 -67.56 -67.69 -67.78 -67.88 -67.97 -68.06 -68.19 -68.28 -68.38 -68.47 -68.53 -68.56 -68.62 -68.66 -68.69 -68.69 -68.66 -68.62 -68.62 -68.62
-64.97 -64.97 -64.97 -64.97 -64.94 -64.94 -64.91 -64.88 -64.84 -64.81 -64.78 -64.75 -64.72 -64.69 -64.62 -64.53 -64.44 -64.34 -64.28 -64.25 -64.25 -64.22 -64.22 -64.22 -64.22 -64.22 -64.19 -64.16 -64.06 -63.97 -63.91 -63.84 -63.81 -63.88 -64.00 -64.16 -64.34 -64.53 -64.72 -64.94 -65.16 -65.41 -65.66 -65.94 -66.22 -66.47 -66.72 -66.97 -67.19 -67.41 -67.56 -67.72 -67.84 -67.94 -68.00 -68.09 -68.19 -68.28 -68.41 -68.50 -68.59 -68.69 -68.72 -68.75 -68.81 -68.81 -68.81 -68.81 -68.81 -68.81 -68.81
-65.22 -65.22 -65.22 -65.19 -65.16 -65.12 -65.09 -65.06 -65.03 -65.00 -64.97 -64.94 -64.91 -64.84 -64.78 -64.69 -64.59 -64.53 -64.47 -64.44 -64.41 -64.41 -64.41 -64.41 -64.41 -64.38 -64.34 -64.28 -64.19 -64.09 -64.03 -63.94 -63.91 -63.94 -64.06 -64.22 -64.41 -64.59 -64.78 -65.00 -65.25 -65.50 -65.75 -66.03 -66.28 -66.56 -66.84 -67.09 -67.31 -67.53 -67.69 -67.84 -67.97 -68.06 -68.12 -68.19 -68.28 -68.38 -68.50 -68.62 -68.75 -68.84 -68.91 -68.94 -68.97 -68.97 -68.97 -68.97 -68.97 -69.00 -69.03
-65.47 -65.44 -65.44 -65.41 -65.38 -65.34 -65.31 -65.28 -65.25 -65.22 -65.16 -65.12 -65.09 -65.03 -64.97 -64.88 -64.75 -64.69 -64.62 -64.59 -64.59 -64.59 -64.59 -64.59 -64.56 -64.53 -64.47 -64.38 -64.28 -64.19 -64.09 -64.03 -63.94 -64.00 -64.12 -64.28 -64.44 -64.66 -64.84 -65.06 -65.31 -65.56 -65.81 -66.09 -66.38 -66.66 -66.94 -67.19 -67.44 -67.66 -67.81 -67.97 -68.09 -68.19 -68.28 -68.34 -68.41 -68.50 -68.62 -68.78 -68.91 -69.00 -69.06 -69.12 -69.12 -69.12 -69.12 -69.12 -69.16 -69.19 -69.22
-65.72 -65.69 -65.66 -65.62 -65.59 -65.56 -65.53 -65.47 -65.44 -65.41 -65.38 -65.31 -65.28 -65.19 -65.12 -65.00 -64.91 -64.84 -64.78 -64.78 -64.78 -64.78 -64.78 -64.75 -64.72 -64.66 -64.59 -64.47 -64.38 -64.25 -64.16 -64.03 -63.97 -64.00 -64.09 -64.25 -64.44 -64.62 -64.81 -65.06 -65.28 -65.56 -65.81 -66.12 -66.41 -66.72 -67.00 -67.28 -67.53 -67.75 -67.94 -68.12 -68.25 -68.34 -68.41 -68.50 -68.56 -68.66 -68.78 -68.94 -69.06 -69.19 -69.25 -69.31 -69.31 -69.31 -69.31 -69.31 -69.34 -69.38 -69.41
-66.00 -65.94 -65.88 -65.84 -65.81 -65.75 -65.72 -65.69 -65.66 -65.59 -65.56 -65.50 -65.44 -65.38 -65.28 -65.16 -65.06 -65.00 -64.97 -64.94 -64.94 -64.94 -64.94 -64.91 -64.88 -64.78 -64.69 -64.56 -64.41 -64.28 -64.16 -64.03 -63.94 -63.94 -64.06 -64.19 -64.34 -64.53 -64.72 -64.94 -65.16 -65.44 -65.75 -66.06 -66.41 -66.72 -67.03 -67.34 -67.59 -67.84 -68.06 -68.22 -68.38 -68.50 -68.56 -68.66 -68.75 -68.84 -68.97 -69.12 -69.25 -69.38 -69.47 -69.50 -69.50 -69.50 -69.50 -69.50 -69.53 -69.56 -69.59
-66.25 -66.19 -66.12 -66.06 -66.00 -65.97 -65.94 -65.88 -65.84 -65.78 -65.75 -65.69 -65.59 -65.50 -65.41 -65.28 -65.19 -65.16 -65.12 -65.09 -65.12 -65.12 -65.09 -65.06 -65.00 -64.91 -64.78 -64.62 -64.47 -64.31 -64.16 -64.03 -63.94 -63.88 -63.97 -64.09 -64.22 -64.38 -64.56 -64.78 -65.00 -65.25 -65.59 -65.97 -66.34 -66.72 -67.06 -67.38 -67.66 -67.91 -68.16 -68.34 -68.50 -68.62 -68.75 -68.84 -68.94 -69.06 -69.16 -69.31 -69.44 -69.56 -69.66 -69.69 -69.69 -69.72 -69.72 -69.72 -69.72 -69.75 -69.78
-66.50 -66.44 -66.34 -66.25 -66.22 -66.16 -66.12 -66.06 -66.03 -65.97 -65.91 -65.84 -65.75 -65.62 -65.53 -65.41 -65.31 -65.28 -65.25 -65.25 -65.28 -65.28 -65.25 -65.19 -65.12 -65.00 -64.84 -64.69 -64.53 -64.38 -64.22 -64.09 -64.00 -63.94 -63.88 -63.97 -64.09 -64.25 -64.41 -64.56 -64.75 -65.00 -65.34 -65.84 -66.28 -66.72 -67.09 -67.44 -67.72 -68.00 -68.25 -68.47 -68.62 -68.78 -68.91 -69.03 -69.16 -69.25 -69.38 -69.50 -69.62 -69.78 -69.88 -69.91 -69.91 -69.94 -69.94 -69.94 -69.94 -69.94 -69.97
-66.78 -66.66 -66.56 -66.47 -66.41 -66.34 -66.31 -66.25 -66.19 -66.12 -66.03 -65.94 -65.84 -65.72 -65.62 -65.50 -65.44 -65.38 -65.38 -65.41 -65.41 -65.41 -65.38 -65.31 -65.22 -65.09 -64.94 -64.78 -64.59 -64.47 -64.31 -64.22 -64.12 -64.03 -63.94 -63.88 -63.97 -64.12 -64.28 -64.44 -64.59 -64.88 -65.28 -65.81 -66.34 -66.81 -67.22 -67.56 -67.84 -68.12 -68.38 -68.59 -68.78 -68.94 -69.09 -69.22 -69.34 -69.47 -69.59 -69.72 -69.84 -69.97 -70.06 -70.12 -70.16 -70.16 -70.19 -70.16 -70.16 -70.16 -70.16
-67.00 -66.91 -66.78 -66.69 -66.62 -66.56 -66.50 -66.44 -66.34 -66.25 -66.16 -66.03 -65.91 -65.78 -65.69 -65.56 -65.50 -65.47 -65.50 -65.53 -65.53 -65.53 -65.50 -65.41 -65.31 -65.16 -65.00 -64.84 -64.69 -64.56 -64.44 -64.34 -64.25 -64.16 -64.06 -64.00 -64.09 -64.28 -64.47 -64.69 -64.91 -65.19 -65.56 -66.06 -66.53 -67.00 -67.38 -67.72 -68.03 -68.31 -68.56 -68.78 -68.97 -69.16 -69.28 -69.44 -69.56 -69.69 -69.81 -69.94 -70.06 -70.19 -70.28 -70.34 -70.38 -70.41 -70.41 -70.41 -70.38 -70.38 -70.38
-67.25 -67.12 -67.03 -66.91 -66.84 -66.75 -66.66 -66.59 -66.47 -66.34 -66.22 -66.09 -65.97 -65.84 -65.72 -65.62 -65.56 -65.56 -65.56 -65.59 -65.62 -65.62 -65.59 -65.50 -65.38 -65.25 -65.09 -64.94 -64.81 -64.69 -64.56 -64.47 -64.38 -64.25 -64.16 -64.09 -64.22 -64.44 -64.66 -64.91 -65.19 -65.50 -65.91 -66.31 -66.75 -67.16 -67.53 -67.91 -68.22 -68.53 -68.78 -69.00 -69.22 -69.38 -69.53 -69.66 -69.81 -69.94 -70.06 -70.19 -70.28 -70.41 -70.50 -70.56 -70.62 -70.66 -70.66 -70.62 -70.59 -70.59 -70.59
-67.50 -67.38 -67.25 -67.16 -67.03 -66.94 -66.84 -66.72 -66.59 -66.44 -66.31 -66.19 -66.03 -65.91 -65.81 -65.72 -65.66 -65.62 -65.66 -65.69 -65.72 -65.72 -65.66 -65.59 -65.47 -65.34 -65.22 -65.06 -64.94 -64.81 -64.72 -64.59 -64.47 -64.34 -64.25 -64.19 -64.31 -64.53 -64.81 -65.09 -65.41 -65.75 -66.12 -66.50 -66.91 -67.31 -67.72 -68.09 -68.44 -68.72 -69.00 -69.22 -69.44 -69.62 -69.75 -69.91 -70.06 -70.19 -70.31 -70.41 -70.53 -70.62 -70.72 -70.78 -70.84 -70.88 -70.88 -70.84 -70.81 -70.81 -70.84
-67.75 -67.59 -67.47 -67.34 -67.25 -67.12 -67.00 -66.84 -66.69 -66.56 -66.41 -66.25 -66.12 -66.00 -65.91 -65.81 -65.75 -65.75 -65.75 -65.78 -65.81 -65.81 -65.75 -65.69 -65.56 -65.44 -65.31 -65.19 -65.06 -64.97 -64.84 -64.69 -64.56 -64.44 -64.31 -64.22 -64.38 -64.62 -64.91 -65.22 -65.56 -65.94 -66.31 -66.69 -67.06 -67.47 -67.88 -68.25 -68.59 -68.91 -69.19 -69.44 -69.66 -69.84 -70.00 -70.16 -70.31 -70.44 -70.56 -70.66 -70.78 -70.84 -70.94 -71.00 -71.06 -71.09 -71.09 -71.06 -71.06 -71.06 -71.09
-67.97 -67.84 -67.69 -67.56 -67.41 -67.28 -67.12 -66.97 -66.81 -66.66 -66.50 -66.34 -66.22 -66.09 -66.00 -65.94 -65.88 -65.88 -65.88 -65.88 -65.91 -65.88 -65.84 -65.75 -65.66 -65.56 -65.44 -65.31 -65.22 -65.09 -64.94 -64.78 -64.66 -64.50 -64.41 -64.28 -64.41 -64.66 -64.97 -65.31 -65.69 -66.06 -66.44 -66.81 -67.22 -67.59 -67.97 -68.34 -68.72 -69.03 -69.31 -69.59 -69.84 -70.06 -70.25 -70.41 -70.53 -70.69 -70.81 -70.91 -71.00 -71.09 -71.16 -71.22 -71.28 -71.31 -71.31 -71.28 -71.28 -71.28 -71.31
-68.22 -68.03 -67.88 -67.72 -67.56 -67.41 -67.25 -67.09 -66.94 -66.75 -66.59 -66.47 -66.34 -66.22 -66.16 -66.06 -66.03 -66.00 -66.00 -66.00 -66.00 -65.97 -65.91 -65.84 -65.75 -65.66 -65.53 -65.44 -65.31 -65.19 -65.03 -64.88 -64.72 -64.56 -64.47 -64.34 -64.41 -64.66 -64.97 -65.31 -65.69 -66.09 -66.50 -66.91 -67.28 -67.69 -68.06 -68.44 -68.78 -69.12 -69.44 -69.72 -69.97 -70.22 -70.44 -70.59 -70.78 -70.91 -71.03 -71.16 -71.25 -71.34 -71.41 -71.44 -71.50 -71.53 -71.53 -71.53 -71.53 -71.53 -71.56
-68.44 -68.25 -68.06 -67.88 -67.72 -67.56 -67.38 -67.22 -67.03 -66.88 -66.72 -66.56 -66.47 -66.38 -66.28 -66.22 -66.16 -66.12 -66.12 -66.09 -66.09 -66.06 -66.00 -65.91 -65.81 -65.72 -65.62 -65.53 -65.41 -65.28 -65.12 -64.97 -64.78 -64.62 -64.50 -64.41 -64.41 -64.66 -64.94 -65.28 -65.62 -66.03 -66.44 -66.88 -67.31 -67.72 -68.12 -68.50 -68.88 -69.19 -69.50 -69.78 -70.06 -70.31 -70.56 -70.78 -70.97 -71.12 -71.25 -71.38 -71.50 -71.56 -71.62 -71.69 -71.72 -71.75 -71.75 -71.75 -71.75 -71.78 -71.81
-68.62 -68.44 -68.22 -68.03 -67.84 -67.69 -67.50 -67.31 -67.16 -67.00 -66.84 -66.72 -66.62 -66.53 -66.44 -66.38 -66.31 -66.25 -66.25 -66.22 -66.19 -66.12 -66.06 -65.97 -65.91 -65.81 -65.72 -65.59 -65.47 -65.34 -65.19 -65.00 -64.84 -64.69 -64.56 -64.44 -64.41 -64.59 -64.88 -65.19 -65.56 -65.94 -66.38 -66.84 -67.31 -67.78 -68.22 -68.59 -68.97 -69.31 -69.59 -69.88 -70.16 -70.41 -70.66 -70.91 -71.09 -71.28 -71.44 -71.56 -71.69 -71.78 -71.84 -71.91 -71.94 -71.97 -71.97 -72.00 -72.00 -72.03 -72.03
-68.81 -68.62 -68.41 -68.22 -68.00 -67.81 -67.62 -67.44 -67.28 -67.12 -66.97 -66.88 -66.78 -66.69 -66.62 -66.53 -66.47 -66.41 -66.38 -66.34 -66.28 -66.22 -66.12 -66.06 -65.97 -65.88 -65.78 -65.66 -65.53 -65.38 -65.19 -65.03 -64.88 -64.72 -64.56 -64.47 -64.41 -64.53 -64.78 -65.06 -65.41 -65.81 -66.31 -66.84 -67.38 -67.88 -68.34 -68.75 -69.16 -69.50 -69.78 -70.03 -70.25 -70.50 -70.75 -70.97 -71.19 -71.38 -71.53 -71.69 -71.84 -71.97 -72.03 -72.09 -72.16 -72.19 -72.19 -72.22 -72.25 -72.25 -72.28
-69.00 -68.81 -68.59 -68.38 -68.16 -67.97 -67.78 -67.59 -67.44 -67.28 -67.16 -67.03 -66.94 -66.84 -66.75 -66.66 -66.59 -66.53 -66.47 -66.44 -66.38 -66.31 -66.22 -66.12 -66.03 -65.94 -65.81 -65.69 -65.53 -65.38 -65.22 -65.03 -64.88 -64.72 -64.59 -64.50 -64.44 -64.56 -64.78 -65.00 -65.28 -65.72 -66.28 -66.94 -67.50 -68.00 -68.50 -68.94 -69.38 -69.72 -70.03 -70.28 -70.47 -70.66 -70.88 -71.09 -71.31 -71.47 -71.66 -71.78 -71.94 -72.06 -72.19 -72.28 -72.34 -72.38 -72.41 -72.44 -72.47 -72.47 -72.50
-69.19 -69.00 -68.78 -68.56 -68.34 -68.12 -67.94 -67.78 -67.59 -67.47 -67.31 -67.22 -67.12 -67.00 -66.91 -66.81 -66.72 -66.62 -66.59 -66.53 -66.47 -66.38 -66.25 -66.16 -66.06 -65.97 -65.84 -65.69 -65.53 -65.38 -65.19 -65.00 -64.84 -64.69 -64.59 -64.50 -64.50 -64.69 -64.97 -65.25 -65.59 -65.91 -66.41 -67.03 -67.62 -68.12 -68.66 -69.12 -69.56 -69.94 -70.28 -70.53 -70.75 -70.94 -71.09 -71.28 -71.47 -71.62 -71.78 -71.91 -72.03 -72.16 -72.28 -72.41 -72.50 -72.56 -72.62 -72.66 -72.69 -72.69 -72.69
