everonasctiles/Tile[20,30].asc
ncols 128
nrows 128
xllcorner 0
yllcorner 0
cellsize 2.0
NODATA_value  -9999
[rows 96 to 127 of 128, columns 0 to 72 of 128]
133.12 132.59 132.12 131.56 131.12 130.69 130.09 129.69 129.50 129.06 128.91 128.47 128.25 127.97 127.97 128.00 128.00 127.84 127.78 127.69 127.59 127.44 127.31 127.16 126.97 126.72 126.50 126.25 126.03 125.75 125.50 125.25 125.00 124.75 124.47 124.19 123.84 123.50 123.16 122.78 122.38 121.97 121.56 121.19 120.81 120.44 120.06 119.69 119.34 118.97 118.62 118.28 117.91 117.56 117.22 116.91 116.56 116.22 115.91 115.56 115.25 114.91 114.56 114.19 113.81 113.34 112.78 112.12 111.22 110.12 108.94 107.81 106.72
133.09 132.53 131.97 131.47 131.00 130.59 130.16 129.69 129.28 128.81 128.75 128.53 128.41 128.12 128.34 128.12 128.12 127.84 127.91 127.72 127.72 127.59 127.41 127.22 127.00 126.78 126.53 126.31 126.06 125.78 125.53 125.28 125.03 124.75 124.50 124.19 123.88 123.56 123.19 122.81 122.44 122.03 121.62 121.25 120.88 120.50 120.12 119.78 119.41 119.06 118.69 118.34 118.00 117.66 117.31 117.00 116.66 116.34 116.00 115.69 115.38 115.06 114.75 114.41 114.03 113.59 113.06 112.38 111.47 110.41 109.22 108.06 106.97
133.00 132.41 131.84 131.38 130.91 130.34 130.09 129.59 129.16 129.16 128.94 128.62 128.59 128.50 128.28 128.34 128.22 128.12 128.06 127.97 127.84 127.59 127.47 127.25 127.03 126.81 126.56 126.31 126.06 125.81 125.53 125.31 125.03 124.78 124.53 124.22 123.91 123.59 123.25 122.88 122.50 122.09 121.72 121.31 120.94 120.56 120.22 119.84 119.47 119.12 118.78 118.41 118.06 117.75 117.41 117.06 116.75 116.44 116.09 115.81 115.50 115.19 114.88 114.53 114.19 113.78 113.25 112.56 111.66 110.66 109.56 108.44 107.31
132.91 132.28 131.75 131.28 130.84 130.44 129.97 129.69 129.41 129.19 129.03 128.84 128.56 128.62 128.59 128.44 128.28 128.25 128.16 127.97 127.94 127.75 127.53 127.34 127.09 126.88 126.62 126.34 126.06 125.84 125.59 125.34 125.09 124.81 124.56 124.28 123.97 123.62 123.28 122.94 122.56 122.16 121.78 121.38 121.00 120.62 120.28 119.91 119.53 119.19 118.84 118.50 118.16 117.81 117.47 117.12 116.81 116.50 116.19 115.88 115.56 115.28 114.97 114.66 114.28 113.88 113.34 112.66 111.78 110.84 109.81 108.75 107.69
132.78 132.19 131.69 131.25 130.81 130.31 129.84 129.50 129.44 129.25 128.97 129.06 128.94 128.72 128.69 128.50 128.41 128.34 128.22 128.12 127.94 127.81 127.59 127.38 127.12 126.84 126.62 126.38 126.09 125.88 125.59 125.38 125.12 124.88 124.59 124.31 124.00 123.69 123.34 122.97 122.62 122.22 121.84 121.44 121.06 120.69 120.34 119.97 119.59 119.25 118.91 118.53 118.19 117.88 117.53 117.19 116.88 116.56 116.25 115.94 115.62 115.34 115.03 114.72 114.34 113.94 113.41 112.72 111.88 111.00 110.00 109.03 108.03
132.72 132.16 131.69 131.22 130.75 130.34 129.97 129.69 129.44 129.16 129.25 129.06 128.97 128.94 128.78 128.62 128.53 128.38 128.19 128.12 128.00 127.81 127.62 127.38 127.12 126.91 126.62 126.38 126.09 125.84 125.66 125.41 125.16 124.91 124.66 124.34 124.06 123.72 123.38 123.03 122.66 122.28 121.88 121.50 121.12 120.75 120.41 120.03 119.66 119.31 118.94 118.59 118.25 117.91 117.56 117.25 116.91 116.59 116.28 115.97 115.66 115.38 115.06 114.72 114.38 113.97 113.44 112.75 111.94 111.09 110.16 109.22 108.25
132.69 132.16 131.66 131.22 130.66 130.31 129.94 129.66 129.47 129.38 129.31 129.25 129.12 129.03 128.84 128.75 128.59 128.38 128.34 128.19 128.03 127.84 127.62 127.41 127.16 126.88 126.62 126.38 126.16 125.94 125.69 125.47 125.22 124.94 124.69 124.41 124.09 123.75 123.44 123.06 122.72 122.34 121.94 121.56 121.19 120.81 120.44 120.06 119.72 119.34 119.00 118.66 118.28 117.94 117.62 117.28 116.94 116.62 116.31 116.00 115.69 115.38 115.06 114.72 114.34 113.94 113.41 112.75 111.97 111.16 110.28 109.38 108.47
132.66 132.16 131.66 131.22 130.75 130.31 129.97 129.69 129.38 129.47 129.41 129.31 129.22 129.12 128.97 128.84 128.72 128.56 128.38 128.25 128.06 127.88 127.62 127.41 127.12 126.88 126.62 126.41 126.19 125.97 125.75 125.50 125.25 125.00 124.72 124.44 124.12 123.78 123.47 123.12 122.75 122.38 122.00 121.62 121.25 120.88 120.50 120.12 119.75 119.41 119.03 118.69 118.34 117.97 117.62 117.31 116.97 116.62 116.31 115.97 115.66 115.34 115.03 114.69 114.31 113.91 113.34 112.69 111.97 111.19 110.34 109.50 108.59
132.66 132.16 131.66 131.19 130.72 130.34 129.97 129.72 129.62 129.53 129.47 129.41 129.31 129.22 129.12 128.94 128.75 128.66 128.47 128.28 128.09 127.84 127.66 127.38 127.12 126.91 126.66 126.44 126.22 126.00 125.78 125.53 125.28 125.00 124.75 124.44 124.16 123.81 123.50 123.12 122.78 122.41 122.03 121.66 121.28 120.91 120.53 120.16 119.81 119.44 119.06 118.72 118.38 118.00 117.66 117.31 116.97 116.62 116.28 115.97 115.62 115.31 114.97 114.62 114.28 113.84 113.28 112.62 111.91 111.16 110.38 109.53 108.62
132.66 132.16 131.66 131.19 130.75 130.34 130.03 129.81 129.69 129.62 129.56 129.47 129.41 129.31 129.19 129.06 128.91 128.75 128.56 128.34 128.16 127.97 127.66 127.47 127.22 126.94 126.69 126.47 126.25 126.06 125.81 125.56 125.31 125.03 124.75 124.47 124.16 123.84 123.50 123.16 122.81 122.44 122.06 121.72 121.34 120.97 120.59 120.22 119.84 119.47 119.12 118.75 118.38 118.03 117.69 117.31 116.97 116.62 116.28 115.94 115.59 115.25 114.91 114.56 114.19 113.78 113.22 112.56 111.84 111.09 110.28 109.44 108.53
132.59 132.12 131.62 131.19 130.75 130.41 130.12 129.97 129.81 129.72 129.62 129.56 129.47 129.38 129.28 129.16 129.00 128.84 128.66 128.44 128.25 128.03 127.78 127.53 127.25 127.00 126.75 126.56 126.31 126.09 125.84 125.59 125.31 125.06 124.78 124.47 124.16 123.84 123.53 123.19 122.81 122.47 122.09 121.75 121.38 121.00 120.62 120.25 119.88 119.50 119.16 118.78 118.41 118.03 117.69 117.31 116.97 116.59 116.25 115.88 115.53 115.19 114.81 114.47 114.12 113.69 113.16 112.50 111.78 111.03 110.19 109.31 108.38
132.56 132.06 131.59 131.16 130.75 130.44 130.22 130.06 129.91 129.81 129.72 129.62 129.53 129.44 129.34 129.22 129.03 128.88 128.72 128.53 128.34 128.09 127.81 127.62 127.34 127.09 126.91 126.66 126.41 126.16 125.88 125.62 125.34 125.06 124.78 124.47 124.16 123.84 123.53 123.19 122.84 122.47 122.12 121.75 121.41 121.03 120.66 120.28 119.91 119.53 119.19 118.81 118.44 118.06 117.69 117.31 116.94 116.56 116.19 115.81 115.44 115.09 114.72 114.38 114.00 113.59 113.06 112.44 111.72 110.94 110.09 109.16 108.19
132.50 132.00 131.50 131.12 130.75 130.50 130.31 130.19 130.03 129.88 129.78 129.66 129.56 129.47 129.38 129.25 129.09 128.94 128.78 128.59 128.41 128.19 127.97 127.72 127.47 127.22 127.00 126.69 126.44 126.19 125.91 125.62 125.34 125.06 124.78 124.47 124.16 123.84 123.53 123.19 122.84 122.50 122.12 121.78 121.41 121.06 120.69 120.31 119.94 119.56 119.19 118.84 118.44 118.06 117.69 117.31 116.94 116.53 116.16 115.78 115.38 115.00 114.62 114.25 113.88 113.50 113.00 112.38 111.66 110.84 109.94 108.97 108.00
132.41 131.88 131.47 131.06 130.81 130.59 130.41 130.28 130.16 129.97 129.84 129.72 129.59 129.50 129.38 129.25 129.09 128.97 128.81 128.62 128.44 128.25 128.03 127.81 127.56 127.34 127.09 126.84 126.53 126.25 125.94 125.66 125.38 125.06 124.75 124.47 124.16 123.84 123.50 123.16 122.84 122.50 122.16 121.78 121.44 121.06 120.72 120.34 119.97 119.59 119.22 118.84 118.47 118.09 117.72 117.31 116.91 116.53 116.12 115.72 115.31 114.91 114.50 114.12 113.75 113.34 112.88 112.31 111.59 110.72 109.78 108.78 107.78
132.34 131.84 131.44 131.09 130.81 130.66 130.53 130.38 130.22 130.03 129.88 129.75 129.59 129.50 129.38 129.25 129.09 128.94 128.81 128.62 128.47 128.28 128.06 127.88 127.62 127.44 127.19 126.91 126.62 126.31 126.00 125.69 125.38 125.06 124.75 124.44 124.12 123.81 123.47 123.16 122.81 122.47 122.12 121.78 121.44 121.09 120.72 120.38 120.00 119.62 119.25 118.88 118.50 118.12 117.72 117.31 116.91 116.50 116.09 115.69 115.25 114.84 114.41 114.00 113.62 113.19 112.72 112.19 111.41 110.56 109.59 108.53 107.50
132.28 131.81 131.44 131.12 130.88 130.75 130.62 130.47 130.31 130.12 129.94 129.75 129.59 129.47 129.34 129.22 129.09 128.97 128.81 128.66 128.50 128.31 128.09 127.91 127.69 127.47 127.25 126.97 126.66 126.34 126.00 125.69 125.38 125.06 124.72 124.41 124.09 123.78 123.47 123.12 122.81 122.47 122.12 121.78 121.44 121.09 120.75 120.41 120.03 119.66 119.28 118.91 118.53 118.12 117.75 117.34 116.91 116.50 116.06 115.66 115.22 114.78 114.34 113.91 113.47 113.03 112.59 112.00 111.25 110.34 109.34 108.28 107.25
132.22 131.75 131.41 131.16 130.97 130.88 130.72 130.56 130.41 130.19 129.97 129.81 129.62 129.47 129.34 129.22 128.91 128.94 128.81 128.66 128.50 128.28 128.12 127.94 127.72 127.53 127.28 127.00 126.69 126.38 126.03 125.69 125.34 125.03 124.72 124.38 124.06 123.75 123.44 123.09 122.78 122.47 122.12 121.78 121.47 121.12 120.78 120.41 120.06 119.69 119.31 118.94 118.56 118.16 117.75 117.34 116.94 116.50 116.06 115.62 115.19 114.75 114.28 113.84 113.41 112.97 112.44 111.88 111.06 110.16 109.16 108.12 107.09
132.19 131.78 131.47 131.22 131.06 130.97 130.84 130.62 130.47 130.28 130.06 129.69 129.69 129.44 129.19 129.19 129.00 128.94 128.78 128.66 128.47 128.31 128.09 127.94 127.72 127.53 127.28 127.00 126.69 126.38 126.00 125.66 125.31 125.00 124.66 124.34 124.03 123.72 123.38 123.06 122.75 122.44 122.09 121.78 121.47 121.12 120.78 120.44 120.09 119.72 119.34 118.97 118.59 118.19 117.78 117.38 116.94 116.50 116.06 115.62 115.19 114.72 114.28 113.81 113.34 112.91 112.41 111.72 110.94 110.00 109.03 108.00 106.97
132.19 131.81 131.53 131.28 131.16 131.03 130.91 130.75 130.56 130.38 130.12 129.91 129.72 129.56 129.38 129.22 128.91 128.72 128.78 128.62 128.47 128.28 128.09 127.91 127.72 127.47 127.25 127.00 126.69 126.34 126.00 125.62 125.28 124.97 124.62 124.31 123.97 123.66 123.34 123.03 122.72 122.41 122.09 121.78 121.47 121.12 120.81 120.47 120.12 119.75 119.41 119.00 118.62 118.22 117.81 117.41 116.97 116.53 116.09 115.62 115.19 114.72 114.25 113.81 113.34 112.91 112.34 111.62 110.81 109.88 108.91 107.91 106.91
132.16 131.81 131.56 131.38 131.25 131.12 131.00 130.84 130.66 130.44 130.25 130.03 129.81 129.62 129.44 129.28 129.09 128.94 128.78 128.59 128.44 128.25 128.09 127.88 127.69 127.47 127.22 126.97 126.66 126.28 125.94 125.59 125.25 124.91 124.56 124.25 123.94 123.62 123.31 123.00 122.69 122.38 122.06 121.78 121.47 121.16 120.81 120.50 120.16 119.78 119.44 119.06 118.66 118.28 117.84 117.44 117.00 116.56 116.12 115.66 115.19 114.72 114.28 113.81 113.38 112.91 112.28 111.53 110.72 109.78 108.81 107.81 106.84
132.12 131.84 131.62 131.47 131.34 131.22 131.06 130.84 130.72 130.53 130.31 130.09 129.84 129.59 129.50 129.28 128.94 128.94 128.78 128.59 128.41 128.25 128.06 127.88 127.66 127.44 127.19 126.91 126.59 126.25 125.88 125.53 125.19 124.84 124.53 124.19 123.88 123.56 123.28 122.97 122.69 122.38 122.06 121.78 121.47 121.16 120.84 120.53 120.19 119.84 119.47 119.09 118.72 118.31 117.91 117.47 117.03 116.59 116.16 115.69 115.22 114.75 114.28 113.81 113.34 112.88 112.25 111.47 110.62 109.72 108.75 107.78 106.84
132.09 131.88 131.69 131.56 131.41 131.28 131.12 130.94 130.78 130.56 130.34 130.09 129.75 129.56 129.31 129.16 129.12 128.78 128.78 128.59 128.41 128.25 128.03 127.81 127.59 127.38 127.12 126.81 126.50 126.16 125.81 125.47 125.12 124.78 124.47 124.16 123.84 123.53 123.25 122.94 122.66 122.34 122.06 121.78 121.47 121.19 120.88 120.56 120.22 119.88 119.53 119.16 118.75 118.38 117.94 117.53 117.09 116.66 116.19 115.72 115.25 114.78 114.31 113.84 113.34 112.84 112.22 111.44 110.59 109.66 108.72 107.75 106.84
132.09 131.91 131.75 131.59 131.44 131.31 131.16 131.00 130.62 130.44 130.44 130.22 130.00 129.59 129.44 129.41 129.00 129.00 128.84 128.62 128.44 128.22 128.03 127.81 127.56 127.34 127.09 126.78 126.44 126.09 125.75 125.41 125.06 124.75 124.41 124.09 123.81 123.50 123.22 122.91 122.62 122.34 122.06 121.78 121.50 121.22 120.91 120.59 120.28 119.94 119.56 119.22 118.81 118.44 118.00 117.59 117.16 116.72 116.25 115.78 115.31 114.81 114.34 113.84 113.38 112.81 112.19 111.41 110.56 109.66 108.69 107.75 106.84
132.09 131.91 131.78 131.66 131.50 131.34 131.19 131.03 130.66 130.62 130.44 130.09 130.03 129.81 129.56 129.44 129.25 129.03 128.75 128.53 128.47 128.25 128.03 127.81 127.59 127.31 127.03 126.69 126.38 126.03 125.69 125.34 125.03 124.69 124.38 124.06 123.78 123.47 123.19 122.91 122.62 122.34 122.06 121.78 121.53 121.25 120.94 120.62 120.31 119.97 119.62 119.25 118.88 118.50 118.09 117.66 117.22 116.78 116.31 115.84 115.38 114.88 114.38 113.88 113.38 112.81 112.12 111.41 110.56 109.66 108.72 107.75 106.81
132.06 131.94 131.81 131.66 131.50 131.38 131.22 131.03 130.88 130.72 130.50 130.16 130.00 129.69 129.59 129.31 129.16 129.12 128.91 128.72 128.34 128.31 128.06 127.84 127.56 127.25 126.94 126.62 126.31 125.97 125.66 125.31 124.97 124.66 124.34 124.03 123.75 123.47 123.19 122.91 122.62 122.34 122.06 121.81 121.53 121.28 121.00 120.69 120.38 120.03 119.69 119.34 118.97 118.56 118.16 117.72 117.31 116.84 116.38 115.91 115.44 114.94 114.44 113.91 113.38 112.78 112.09 111.41 110.69 109.81 108.88 107.81 106.75
132.06 131.94 131.81 131.69 131.53 131.38 131.22 130.94 130.94 130.62 130.56 130.12 130.16 129.91 129.59 129.38 129.16 129.19 129.03 128.78 128.59 128.41 128.16 127.91 127.62 127.28 126.94 126.62 126.28 125.97 125.62 125.28 124.97 124.66 124.34 124.03 123.75 123.44 123.16 122.91 122.62 122.34 122.09 121.84 121.59 121.31 121.03 120.75 120.44 120.09 119.75 119.41 119.03 118.62 118.22 117.81 117.38 116.94 116.47 116.00 115.50 115.00 114.50 113.97 113.41 112.81 112.16 111.38 110.72 110.06 109.09 107.66 106.44
132.06 131.94 131.81 131.69 131.53 131.41 131.25 131.06 131.00 130.81 130.62 130.44 130.16 129.94 129.66 129.62 129.41 129.28 129.12 128.91 128.72 128.50 128.25 128.00 127.66 127.31 126.97 126.62 126.31 125.97 125.62 125.28 124.97 124.66 124.34 124.03 123.75 123.47 123.19 122.91 122.66 122.38 122.12 121.88 121.62 121.38 121.09 120.81 120.50 120.19 119.84 119.47 119.12 118.72 118.31 117.91 117.47 117.03 116.56 116.09 115.59 115.09 114.56 114.03 113.47 112.88 112.22 111.50 110.81 110.16 108.88 107.47 106.47
132.06 131.94 131.84 131.69 131.56 131.44 131.12 131.19 131.03 130.88 130.50 130.50 130.31 130.09 129.91 129.69 129.56 129.41 129.25 129.03 128.81 128.59 128.34 128.03 127.69 127.34 127.03 126.69 126.34 126.00 125.66 125.31 124.97 124.66 124.34 124.06 123.75 123.47 123.22 122.94 122.69 122.41 122.16 121.91 121.66 121.41 121.16 120.88 120.56 120.25 119.91 119.56 119.19 118.81 118.41 118.00 117.56 117.12 116.66 116.19 115.69 115.19 114.66 114.12 113.56 112.94 112.31 111.56 110.97 110.12 108.69 107.34 106.62
132.09 131.97 131.84 131.72 131.59 131.47 131.19 131.25 131.09 130.94 130.78 130.56 130.38 130.19 129.88 129.72 129.66 129.53 129.31 129.16 128.97 128.72 128.41 128.16 127.81 127.47 127.12 126.75 126.41 126.03 125.69 125.34 125.03 124.69 124.38 124.09 123.81 123.53 123.25 122.97 122.72 122.47 122.22 121.97 121.72 121.47 121.22 120.94 120.66 120.31 120.00 119.66 119.28 118.91 118.50 118.06 117.66 117.22 116.75 116.28 115.78 115.28 114.75 114.22 113.66 113.06 112.44 111.84 111.22 110.03 108.41 107.44 106.75
132.12 132.00 131.88 131.75 131.62 131.53 131.44 131.31 131.09 131.00 130.84 130.66 130.41 130.09 130.09 129.97 129.78 129.47 129.34 129.22 129.03 128.81 128.53 128.22 127.91 127.56 127.22 126.84 126.47 126.09 125.75 125.41 125.06 124.75 124.44 124.12 123.84 123.56 123.28 123.03 122.78 122.53 122.28 122.03 121.78 121.56 121.28 121.03 120.72 120.41 120.06 119.72 119.34 118.97 118.56 118.16 117.72 117.28 116.84 116.38 115.88 115.38 114.84 114.31 113.75 113.19 112.62 112.03 111.28 109.91 108.44 107.56 106.97
132.19 132.03 131.94 131.81 131.72 131.59 131.50 131.38 131.22 131.06 130.88 130.72 130.53 130.34 130.19 130.03 129.69 129.69 129.53 129.34 129.12 128.88 128.59 128.31 128.00 127.66 127.31 126.94 126.56 126.19 125.81 125.47 125.12 124.81 124.50 124.19 123.91 123.62 123.34 123.09 122.84 122.59 122.34 122.09 121.88 121.62 121.38 121.09 120.81 120.50 120.16 119.81 119.44 119.06 118.66 118.25 117.81 117.38 116.91 116.44 115.97 115.47 114.94 114.41 113.84 113.28 112.69 112.03 111.19 109.91 108.53 107.69 107.16
132.25 132.12 132.00 131.88 131.78 131.66 131.56 131.44 131.28 131.12 130.94 130.75 130.59 130.44 130.25 130.09 129.91 129.75 129.59 129.41 129.03 128.94 128.66 128.41 128.09 127.75 127.38 127.00 126.62 126.25 125.88 125.53 125.19 124.88 124.56 124.25 123.97 123.69 123.44 123.16 122.91 122.66 122.41 122.19 121.94 121.72 121.47 121.19 120.88 120.56 120.22 119.88 119.50 119.12 118.72 118.31 117.88 117.44 116.97 116.50 116.03 115.53 115.00 114.47 113.91 113.34 112.75 112.00 111.16 110.06 108.91 107.97 107.47
