everonasctiles/Tile[47,49].asc
ncols 128
nrows 128
xllcorner 0
yllcorner 0
cellsize 2.0
NODATA_value  -9999
[rows 31 to 61 of 128, columns 0 to 70 of 128]
-100.06 -100.06 -100.06 -100.09 -100.12 -100.16 -100.19 -100.22 -100.25 -100.25 -100.25 -100.25 -100.25 -100.25 -100.25 -100.25 -100.28 -100.31 -100.31 -100.31 -100.34 -100.31 -100.31 -100.31 -100.31 -100.28 -100.28 -100.25 -100.22 -100.19 -100.12 -100.09 -100.06 -100.03 -100.00 -100.00 -100.00 -100.00 -100.00 -100.00 -99.97 -99.94 -99.91 -99.88 -99.84 -99.88 -99.88 -99.91 -99.91 -99.94 -99.94 -99.94 -99.91 -99.91 -99.91 -99.91 -99.94 -99.94 -99.97 -100.00 -100.06 -100.12 -100.19 -100.25 -100.28 -100.34 -100.41 -100.47 -100.50 -100.56 -100.59
-100.03 -100.00 -100.03 -100.03 -100.06 -100.09 -100.12 -100.16 -100.19 -100.19 -100.19 -100.19 -100.19 -100.19 -100.22 -100.22 -100.25 -100.28 -100.28 -100.31 -100.31 -100.31 -100.31 -100.31 -100.28 -100.28 -100.28 -100.25 -100.22 -100.16 -100.12 -100.06 -100.03 -100.00 -99.97 -99.97 -99.94 -99.94 -99.94 -99.94 -99.91 -99.88 -99.84 -99.81 -99.81 -99.81 -99.81 -99.84 -99.88 -99.91 -99.91 -99.91 -99.88 -99.88 -99.88 -99.88 -99.91 -99.94 -99.94 -99.97 -100.03 -100.06 -100.12 -100.19 -100.25 -100.28 -100.34 -100.41 -100.44 -100.50 -100.53
-100.00 -99.97 -99.97 -99.97 -100.00 -100.03 -100.06 -100.09 -100.12 -100.16 -100.16 -100.16 -100.16 -100.19 -100.19 -100.19 -100.22 -100.25 -100.28 -100.28 -100.28 -100.28 -100.28 -100.28 -100.28 -100.28 -100.25 -100.22 -100.19 -100.12 -100.09 -100.03 -100.00 -99.97 -99.94 -99.91 -99.91 -99.91 -99.91 -99.88 -99.84 -99.81 -99.78 -99.75 -99.75 -99.75 -99.78 -99.81 -99.84 -99.84 -99.88 -99.88 -99.88 -99.84 -99.84 -99.84 -99.88 -99.91 -99.91 -99.94 -99.97 -100.03 -100.06 -100.12 -100.16 -100.22 -100.25 -100.31 -100.38 -100.44 -100.47
-99.97 -99.94 -99.94 -99.94 -99.97 -100.00 -100.03 -100.06 -100.09 -100.09 -100.12 -100.12 -100.16 -100.16 -100.19 -100.19 -100.22 -100.25 -100.25 -100.28 -100.28 -100.28 -100.28 -100.28 -100.28 -100.25 -100.22 -100.19 -100.12 -100.09 -100.06 -100.00 -99.97 -99.94 -99.91 -99.88 -99.88 -99.84 -99.84 -99.81 -99.78 -99.75 -99.72 -99.72 -99.72 -99.75 -99.75 -99.78 -99.81 -99.81 -99.81 -99.84 -99.84 -99.84 -99.84 -99.84 -99.84 -99.88 -99.88 -99.91 -99.94 -99.97 -100.00 -100.03 -100.09 -100.12 -100.19 -100.25 -100.31 -100.34 -100.41
-99.94 -99.91 -99.91 -99.91 -99.94 -99.97 -100.00 -100.03 -100.06 -100.09 -100.09 -100.12 -100.16 -100.16 -100.19 -100.19 -100.22 -100.25 -100.25 -100.28 -100.28 -100.28 -100.28 -100.28 -100.25 -100.22 -100.19 -100.16 -100.09 -100.06 -100.00 -99.97 -99.94 -99.94 -99.91 -99.88 -99.84 -99.81 -99.81 -99.78 -99.75 -99.72 -99.69 -99.69 -99.72 -99.75 -99.78 -99.78 -99.81 -99.81 -99.81 -99.81 -99.81 -99.81 -99.81 -99.84 -99.84 -99.84 -99.88 -99.88 -99.88 -99.91 -99.94 -99.97 -100.00 -100.03 -100.09 -100.16 -100.22 -100.28 -100.34
-99.91 -99.91 -99.88 -99.88 -99.91 -99.94 -99.97 -100.00 -100.03 -100.09 -100.12 -100.16 -100.16 -100.19 -100.19 -100.22 -100.25 -100.25 -100.28 -100.28 -100.31 -100.28 -100.28 -100.28 -100.25 -100.19 -100.16 -100.09 -100.06 -100.00 -99.97 -99.94 -99.94 -99.91 -99.91 -99.88 -99.84 -99.81 -99.78 -99.75 -99.72 -99.72 -99.72 -99.72 -99.75 -99.78 -99.81 -99.81 -99.81 -99.84 -99.84 -99.84 -99.84 -99.84 -99.84 -99.84 -99.84 -99.84 -99.84 -99.84 -99.84 -99.84 -99.84 -99.88 -99.91 -99.94 -100.00 -100.06 -100.12 -100.22 -100.28
-99.88 -99.88 -99.88 -99.88 -99.88 -99.91 -99.97 -100.00 -100.06 -100.09 -100.12 -100.16 -100.19 -100.22 -100.22 -100.25 -100.25 -100.28 -100.31 -100.31 -100.31 -100.31 -100.31 -100.28 -100.25 -100.19 -100.16 -100.09 -100.03 -99.97 -99.94 -99.94 -99.94 -99.94 -99.91 -99.91 -99.88 -99.81 -99.78 -99.78 -99.75 -99.75 -99.78 -99.78 -99.81 -99.81 -99.84 -99.84 -99.88 -99.84 -99.84 -99.84 -99.88 -99.88 -99.88 -99.88 -99.88 -99.84 -99.84 -99.81 -99.78 -99.78 -99.78 -99.78 -99.81 -99.84 -99.91 -99.97 -100.06 -100.12 -100.19
-99.84 -99.84 -99.84 -99.84 -99.88 -99.91 -99.97 -100.03 -100.06 -100.12 -100.16 -100.19 -100.22 -100.25 -100.25 -100.28 -100.28 -100.31 -100.34 -100.34 -100.34 -100.34 -100.34 -100.31 -100.25 -100.22 -100.16 -100.09 -100.03 -100.00 -99.97 -99.94 -99.97 -99.97 -99.97 -99.94 -99.91 -99.88 -99.84 -99.84 -99.84 -99.84 -99.84 -99.88 -99.88 -99.91 -99.91 -99.91 -99.91 -99.91 -99.91 -99.91 -99.91 -99.91 -99.91 -99.88 -99.88 -99.88 -99.84 -99.78 -99.75 -99.72 -99.69 -99.69 -99.72 -99.75 -99.81 -99.88 -99.97 -100.03 -100.09
-99.84 -99.84 -99.84 -99.84 -99.88 -99.91 -99.97 -100.03 -100.09 -100.16 -100.22 -100.25 -100.28 -100.28 -100.28 -100.31 -100.31 -100.34 -100.38 -100.41 -100.41 -100.41 -100.38 -100.34 -100.31 -100.28 -100.22 -100.16 -100.09 -100.06 -100.03 -100.03 -100.03 -100.06 -100.06 -100.03 -100.00 -99.97 -99.94 -99.94 -99.94 -99.94 -99.94 -99.97 -99.97 -99.97 -99.97 -99.97 -99.97 -99.94 -99.94 -99.94 -99.94 -99.94 -99.91 -99.91 -99.91 -99.88 -99.84 -99.78 -99.72 -99.66 -99.62 -99.59 -99.62 -99.66 -99.72 -99.78 -99.88 -99.94 -100.00
-99.81 -99.81 -99.81 -99.84 -99.88 -99.94 -100.00 -100.06 -100.12 -100.19 -100.25 -100.28 -100.31 -100.34 -100.34 -100.38 -100.38 -100.41 -100.44 -100.47 -100.47 -100.47 -100.44 -100.44 -100.41 -100.38 -100.31 -100.28 -100.22 -100.16 -100.12 -100.16 -100.16 -100.16 -100.19 -100.16 -100.12 -100.06 -100.03 -100.03 -100.03 -100.03 -100.06 -100.06 -100.06 -100.06 -100.06 -100.03 -100.03 -100.00 -100.00 -99.97 -99.97 -99.97 -99.94 -99.94 -99.91 -99.88 -99.84 -99.78 -99.69 -99.62 -99.56 -99.53 -99.53 -99.56 -99.62 -99.72 -99.78 -99.88 -99.94
-99.78 -99.81 -99.81 -99.84 -99.88 -99.94 -100.00 -100.09 -100.19 -100.25 -100.31 -100.38 -100.41 -100.41 -100.44 -100.44 -100.47 -100.47 -100.50 -100.53 -100.53 -100.53 -100.53 -100.53 -100.53 -100.50 -100.47 -100.41 -100.38 -100.31 -100.28 -100.31 -100.31 -100.31 -100.31 -100.31 -100.25 -100.22 -100.19 -100.16 -100.16 -100.16 -100.16 -100.12 -100.12 -100.12 -100.12 -100.09 -100.06 -100.03 -100.03 -100.00 -100.00 -99.97 -99.97 -99.94 -99.94 -99.88 -99.81 -99.75 -99.69 -99.59 -99.53 -99.50 -99.47 -99.50 -99.56 -99.66 -99.72 -99.78 -99.84
-99.75 -99.78 -99.81 -99.84 -99.91 -99.97 -100.03 -100.12 -100.22 -100.31 -100.38 -100.44 -100.50 -100.53 -100.53 -100.56 -100.56 -100.59 -100.62 -100.62 -100.66 -100.66 -100.66 -100.66 -100.66 -100.66 -100.62 -100.59 -100.53 -100.50 -100.47 -100.47 -100.50 -100.50 -100.50 -100.47 -100.41 -100.34 -100.31 -100.28 -100.25 -100.22 -100.22 -100.22 -100.19 -100.19 -100.16 -100.12 -100.09 -100.06 -100.06 -100.03 -100.00 -100.00 -99.97 -99.97 -99.94 -99.88 -99.81 -99.75 -99.66 -99.59 -99.53 -99.47 -99.44 -99.44 -99.50 -99.59 -99.66 -99.72 -99.78
-99.75 -99.78 -99.81 -99.84 -99.91 -100.00 -100.09 -100.19 -100.28 -100.38 -100.47 -100.56 -100.59 -100.66 -100.66 -100.69 -100.69 -100.72 -100.75 -100.75 -100.75 -100.78 -100.78 -100.78 -100.81 -100.81 -100.78 -100.75 -100.69 -100.66 -100.66 -100.66 -100.66 -100.69 -100.66 -100.62 -100.59 -100.50 -100.44 -100.38 -100.34 -100.31 -100.28 -100.25 -100.22 -100.22 -100.19 -100.16 -100.12 -100.09 -100.06 -100.03 -100.03 -100.00 -100.00 -99.97 -99.94 -99.88 -99.81 -99.75 -99.66 -99.59 -99.50 -99.44 -99.41 -99.41 -99.47 -99.53 -99.62 -99.69 -99.72
-99.72 -99.78 -99.81 -99.88 -99.97 -100.03 -100.12 -100.25 -100.34 -100.47 -100.56 -100.66 -100.72 -100.78 -100.81 -100.81 -100.84 -100.88 -100.88 -100.88 -100.91 -100.91 -100.91 -100.94 -100.94 -100.97 -100.94 -100.91 -100.88 -100.84 -100.84 -100.84 -100.88 -100.88 -100.84 -100.81 -100.75 -100.66 -100.56 -100.47 -100.41 -100.34 -100.31 -100.28 -100.25 -100.22 -100.19 -100.16 -100.12 -100.09 -100.06 -100.06 -100.03 -100.00 -100.00 -99.97 -99.94 -99.88 -99.81 -99.75 -99.66 -99.59 -99.50 -99.44 -99.38 -99.38 -99.41 -99.50 -99.56 -99.62 -99.66
-99.72 -99.78 -99.84 -99.91 -100.00 -100.09 -100.22 -100.31 -100.44 -100.53 -100.66 -100.75 -100.84 -100.91 -100.94 -100.97 -101.00 -101.00 -101.00 -101.03 -101.03 -101.03 -101.03 -101.06 -101.09 -101.09 -101.09 -101.06 -101.03 -101.00 -101.00 -101.03 -101.03 -101.06 -101.03 -100.97 -100.91 -100.78 -100.66 -100.56 -100.47 -100.41 -100.34 -100.31 -100.28 -100.25 -100.22 -100.16 -100.12 -100.09 -100.06 -100.06 -100.03 -100.03 -100.00 -99.97 -99.94 -99.88 -99.84 -99.75 -99.69 -99.59 -99.50 -99.44 -99.38 -99.34 -99.34 -99.41 -99.47 -99.53 -99.56
-99.75 -99.81 -99.88 -99.97 -100.06 -100.19 -100.28 -100.41 -100.53 -100.62 -100.75 -100.84 -100.94 -101.00 -101.06 -101.09 -101.12 -101.12 -101.12 -101.12 -101.16 -101.16 -101.16 -101.19 -101.22 -101.25 -101.22 -101.19 -101.19 -101.19 -101.19 -101.19 -101.22 -101.22 -101.19 -101.12 -101.03 -100.91 -100.75 -100.62 -100.53 -100.47 -100.41 -100.34 -100.28 -100.25 -100.22 -100.16 -100.12 -100.09 -100.09 -100.06 -100.06 -100.03 -100.00 -100.00 -99.97 -99.91 -99.84 -99.78 -99.72 -99.62 -99.53 -99.44 -99.34 -99.28 -99.28 -99.31 -99.38 -99.44 -99.47
-99.78 -99.84 -99.91 -100.03 -100.16 -100.28 -100.41 -100.53 -100.62 -100.75 -100.84 -100.94 -101.03 -101.09 -101.16 -101.19 -101.22 -101.25 -101.25 -101.25 -101.25 -101.25 -101.28 -101.31 -101.34 -101.34 -101.34 -101.34 -101.31 -101.31 -101.34 -101.38 -101.38 -101.34 -101.31 -101.22 -101.12 -100.97 -100.84 -100.69 -100.59 -100.50 -100.41 -100.34 -100.31 -100.25 -100.22 -100.19 -100.12 -100.12 -100.09 -100.06 -100.06 -100.03 -100.03 -100.00 -99.97 -99.94 -99.88 -99.81 -99.72 -99.62 -99.53 -99.41 -99.31 -99.22 -99.19 -99.22 -99.28 -99.31 -99.34
-99.88 -99.91 -100.00 -100.09 -100.25 -100.38 -100.50 -100.62 -100.75 -100.84 -100.94 -101.03 -101.09 -101.16 -101.25 -101.28 -101.31 -101.34 -101.34 -101.34 -101.38 -101.38 -101.38 -101.41 -101.44 -101.47 -101.47 -101.47 -101.47 -101.47 -101.47 -101.50 -101.50 -101.47 -101.41 -101.31 -101.19 -101.03 -100.88 -100.75 -100.62 -100.53 -100.44 -100.34 -100.28 -100.25 -100.22 -100.16 -100.12 -100.12 -100.09 -100.06 -100.06 -100.03 -100.03 -100.03 -100.00 -99.94 -99.88 -99.81 -99.72 -99.62 -99.50 -99.38 -99.25 -99.16 -99.09 -99.09 -99.12 -99.19 -99.22
-99.97 -100.03 -100.09 -100.22 -100.34 -100.50 -100.62 -100.75 -100.84 -100.94 -101.03 -101.09 -101.16 -101.25 -101.31 -101.34 -101.41 -101.41 -101.44 -101.44 -101.47 -101.47 -101.50 -101.50 -101.53 -101.56 -101.56 -101.56 -101.56 -101.59 -101.59 -101.59 -101.59 -101.56 -101.47 -101.34 -101.22 -101.06 -100.91 -100.78 -100.66 -100.53 -100.44 -100.34 -100.28 -100.22 -100.19 -100.16 -100.12 -100.09 -100.09 -100.06 -100.06 -100.03 -100.03 -100.00 -99.97 -99.91 -99.84 -99.78 -99.69 -99.56 -99.44 -99.31 -99.16 -99.06 -98.97 -98.97 -98.97 -99.03 -99.06
-100.12 -100.16 -100.22 -100.34 -100.47 -100.62 -100.75 -100.88 -100.97 -101.06 -101.12 -101.19 -101.25 -101.31 -101.38 -101.44 -101.47 -101.50 -101.53 -101.53 -101.56 -101.56 -101.56 -101.59 -101.62 -101.66 -101.66 -101.66 -101.69 -101.69 -101.69 -101.69 -101.66 -101.59 -101.47 -101.38 -101.22 -101.09 -100.94 -100.78 -100.66 -100.53 -100.44 -100.34 -100.25 -100.19 -100.16 -100.12 -100.09 -100.09 -100.06 -100.06 -100.03 -100.00 -99.97 -99.97 -99.91 -99.84 -99.78 -99.72 -99.59 -99.50 -99.34 -99.22 -99.09 -98.94 -98.84 -98.81 -98.81 -98.84 -98.88
-100.28 -100.31 -100.38 -100.47 -100.59 -100.72 -100.88 -100.97 -101.06 -101.16 -101.22 -101.25 -101.31 -101.38 -101.44 -101.50 -101.53 -101.56 -101.59 -101.62 -101.62 -101.66 -101.66 -101.66 -101.69 -101.72 -101.75 -101.75 -101.75 -101.75 -101.75 -101.75 -101.69 -101.59 -101.50 -101.38 -101.25 -101.09 -100.97 -100.81 -100.69 -100.56 -100.44 -100.31 -100.22 -100.16 -100.12 -100.09 -100.06 -100.03 -100.03 -100.00 -99.97 -99.94 -99.91 -99.88 -99.81 -99.75 -99.69 -99.59 -99.50 -99.38 -99.25 -99.12 -98.97 -98.84 -98.72 -98.66 -98.62 -98.66 -98.66
-100.44 -100.47 -100.53 -100.62 -100.72 -100.84 -100.97 -101.09 -101.19 -101.25 -101.31 -101.34 -101.38 -101.44 -101.50 -101.53 -101.59 -101.62 -101.69 -101.69 -101.72 -101.72 -101.72 -101.72 -101.75 -101.78 -101.78 -101.81 -101.81 -101.81 -101.81 -101.78 -101.72 -101.62 -101.53 -101.41 -101.28 -101.12 -101.00 -100.88 -100.72 -100.59 -100.44 -100.31 -100.22 -100.12 -100.06 -100.03 -100.00 -100.00 -99.97 -99.94 -99.91 -99.84 -99.81 -99.75 -99.69 -99.62 -99.53 -99.44 -99.34 -99.25 -99.12 -99.00 -98.88 -98.72 -98.59 -98.47 -98.44 -98.44 -98.44
-100.59 -100.62 -100.66 -100.75 -100.84 -100.94 -101.06 -101.16 -101.25 -101.31 -101.38 -101.41 -101.44 -101.50 -101.53 -101.59 -101.62 -101.69 -101.72 -101.75 -101.78 -101.78 -101.78 -101.78 -101.78 -101.81 -101.84 -101.84 -101.88 -101.88 -101.84 -101.81 -101.75 -101.66 -101.56 -101.44 -101.31 -101.19 -101.09 -100.94 -100.81 -100.66 -100.50 -100.34 -100.22 -100.09 -100.03 -99.97 -99.94 -99.91 -99.88 -99.84 -99.78 -99.72 -99.66 -99.59 -99.50 -99.44 -99.34 -99.28 -99.19 -99.09 -98.97 -98.88 -98.72 -98.59 -98.44 -98.31 -98.22 -98.19 -98.19
-100.75 -100.75 -100.78 -100.84 -100.94 -101.03 -101.12 -101.25 -101.31 -101.38 -101.44 -101.47 -101.50 -101.53 -101.56 -101.62 -101.66 -101.72 -101.75 -101.78 -101.81 -101.81 -101.81 -101.81 -101.81 -101.84 -101.88 -101.88 -101.91 -101.91 -101.88 -101.84 -101.78 -101.69 -101.59 -101.50 -101.38 -101.28 -101.16 -101.00 -100.88 -100.69 -100.53 -100.38 -100.22 -100.06 -99.97 -99.91 -99.84 -99.81 -99.78 -99.72 -99.66 -99.56 -99.47 -99.38 -99.31 -99.22 -99.12 -99.03 -98.97 -98.88 -98.78 -98.69 -98.59 -98.44 -98.28 -98.12 -98.00 -97.94 -97.91
-100.88 -100.88 -100.91 -100.94 -101.03 -101.09 -101.19 -101.28 -101.34 -101.41 -101.47 -101.50 -101.53 -101.56 -101.59 -101.62 -101.69 -101.72 -101.78 -101.81 -101.81 -101.81 -101.81 -101.84 -101.84 -101.88 -101.88 -101.91 -101.91 -101.94 -101.91 -101.88 -101.81 -101.75 -101.66 -101.56 -101.44 -101.31 -101.19 -101.06 -100.91 -100.75 -100.56 -100.38 -100.22 -100.03 -99.91 -99.81 -99.75 -99.69 -99.62 -99.56 -99.47 -99.38 -99.25 -99.16 -99.06 -98.94 -98.88 -98.78 -98.72 -98.66 -98.59 -98.50 -98.41 -98.28 -98.12 -97.94 -97.78 -97.69 -97.62
-100.97 -100.97 -101.00 -101.03 -101.06 -101.16 -101.22 -101.28 -101.34 -101.41 -101.44 -101.50 -101.53 -101.56 -101.59 -101.62 -101.69 -101.72 -101.75 -101.78 -101.81 -101.84 -101.84 -101.84 -101.88 -101.88 -101.91 -101.91 -101.94 -101.94 -101.94 -101.91 -101.84 -101.78 -101.69 -101.56 -101.44 -101.31 -101.19 -101.06 -100.91 -100.75 -100.56 -100.38 -100.16 -100.00 -99.81 -99.72 -99.62 -99.56 -99.50 -99.41 -99.28 -99.16 -99.03 -98.91 -98.78 -98.69 -98.56 -98.50 -98.44 -98.38 -98.34 -98.28 -98.22 -98.09 -97.94 -97.75 -97.59 -97.44 -97.34
-101.03 -101.06 -101.06 -101.09 -101.12 -101.16 -101.22 -101.28 -101.31 -101.38 -101.41 -101.47 -101.50 -101.53 -101.56 -101.62 -101.66 -101.72 -101.75 -101.78 -101.81 -101.84 -101.84 -101.84 -101.88 -101.88 -101.91 -101.91 -101.94 -101.94 -101.94 -101.91 -101.84 -101.75 -101.66 -101.56 -101.44 -101.28 -101.16 -101.00 -100.84 -100.69 -100.50 -100.31 -100.09 -99.91 -99.72 -99.59 -99.50 -99.41 -99.34 -99.22 -99.09 -98.94 -98.81 -98.66 -98.53 -98.38 -98.28 -98.19 -98.12 -98.12 -98.09 -98.06 -98.00 -97.91 -97.75 -97.59 -97.41 -97.22 -97.06
-101.09 -101.09 -101.09 -101.12 -101.12 -101.16 -101.19 -101.25 -101.28 -101.31 -101.38 -101.41 -101.47 -101.50 -101.56 -101.59 -101.66 -101.69 -101.75 -101.78 -101.81 -101.81 -101.84 -101.84 -101.88 -101.88 -101.91 -101.94 -101.94 -101.94 -101.94 -101.88 -101.81 -101.72 -101.62 -101.50 -101.38 -101.22 -101.06 -100.94 -100.75 -100.59 -100.41 -100.22 -100.00 -99.78 -99.59 -99.47 -99.34 -99.28 -99.19 -99.06 -98.91 -98.75 -98.59 -98.41 -98.25 -98.09 -97.94 -97.84 -97.84 -97.81 -97.81 -97.81 -97.75 -97.69 -97.56 -97.41 -97.22 -97.00 -96.81
-101.12 -101.12 -101.12 -101.12 -101.12 -101.16 -101.19 -101.22 -101.25 -101.28 -101.31 -101.38 -101.44 -101.47 -101.53 -101.59 -101.66 -101.72 -101.75 -101.78 -101.81 -101.81 -101.84 -101.88 -101.88 -101.91 -101.91 -101.94 -101.94 -101.91 -101.88 -101.81 -101.75 -101.66 -101.53 -101.41 -101.25 -101.09 -100.97 -100.81 -100.66 -100.47 -100.28 -100.06 -99.84 -99.66 -99.47 -99.31 -99.19 -99.09 -99.00 -98.88 -98.72 -98.56 -98.38 -98.19 -98.00 -97.81 -97.62 -97.53 -97.53 -97.53 -97.53 -97.53 -97.50 -97.41 -97.31 -97.19 -97.00 -96.78 -96.56
-101.12 -101.12 -101.12 -101.12 -101.12 -101.12 -101.16 -101.19 -101.22 -101.25 -101.28 -101.34 -101.38 -101.47 -101.53 -101.59 -101.66 -101.72 -101.75 -101.78 -101.81 -101.81 -101.84 -101.84 -101.88 -101.88 -101.91 -101.91 -101.88 -101.84 -101.81 -101.72 -101.62 -101.53 -101.41 -101.25 -101.09 -100.94 -100.78 -100.62 -100.47 -100.28 -100.09 -99.88 -99.69 -99.47 -99.28 -99.12 -99.03 -98.94 -98.81 -98.69 -98.53 -98.38 -98.19 -98.00 -97.81 -97.59 -97.41 -97.25 -97.22 -97.25 -97.28 -97.25 -97.22 -97.12 -97.03 -96.91 -96.75 -96.56 -96.34
-101.12 -101.12 -101.12 -101.09 -101.09 -101.09 -101.09 -101.12 -101.16 -101.19 -101.25 -101.28 -101.38 -101.44 -101.53 -101.59 -101.69 -101.72 -101.75 -101.78 -101.78 -101.81 -101.81 -101.84 -101.84 -101.84 -101.84 -101.84 -101.81 -101.75 -101.69 -101.59 -101.47 -101.34 -101.22 -101.06 -100.91 -100.75 -100.59 -100.41 -100.25 -100.06 -99.84 -99.66 -99.44 -99.25 -99.09 -98.94 -98.84 -98.75 -98.66 -98.50 -98.34 -98.19 -98.00 -97.81 -97.62 -97.44 -97.22 -97.06 -97.00 -97.00 -97.00 -96.97 -96.91 -96.84 -96.75 -96.62 -96.47 -96.28 -96.09
