everonasctiles/Tile[32,49].asc
ncols 128
nrows 128
xllcorner 0
yllcorner 0
cellsize 2.0
NODATA_value  -9999
[rows 87 to 115 of 128, columns 0 to 66 of 128]
-103.22 -103.22 -103.22 -103.22 -103.19 -103.19 -103.19 -103.19 -103.19 -103.16 -103.16 -103.16 -103.16 -103.16 -103.16 -103.16 -103.12 -103.12 -103.12 -103.09 -103.09 -103.09 -103.09 -103.06 -103.06 -103.06 -103.06 -103.06 -103.06 -103.03 -103.03 -103.03 -103.00 -103.00 -103.00 -103.00 -103.00 -103.00 -103.00 -103.00 -103.00 -102.97 -102.97 -102.97 -102.97 -102.97 -102.97 -102.97 -102.94 -102.94 -102.91 -102.91 -102.88 -102.88 -102.84 -102.84 -102.81 -102.81 -102.81 -102.78 -102.78 -102.78 -102.78 -102.78 -102.78 -102.78 -102.78
-103.22 -103.22 -103.19 -103.19 -103.19 -103.19 -103.19 -103.16 -103.16 -103.16 -103.16 -103.16 -103.16 -103.12 -103.12 -103.12 -103.12 -103.12 -103.09 -103.09 -103.09 -103.09 -103.06 -103.06 -103.06 -103.06 -103.06 -103.03 -103.03 -103.03 -103.03 -103.03 -103.00 -103.00 -103.00 -103.00 -103.00 -103.00 -103.00 -103.00 -102.97 -102.97 -102.97 -102.97 -102.97 -102.97 -102.97 -102.94 -102.94 -102.94 -102.94 -102.91 -102.91 -102.88 -102.88 -102.84 -102.84 -102.81 -102.81 -102.78 -102.78 -102.78 -102.78 -102.78 -102.78 -102.78 -102.78
-103.19 -103.19 -103.19 -103.19 -103.19 -103.19 -103.16 -103.16 -103.16 -103.16 -103.16 -103.12 -103.12 -103.12 -103.12 -103.12 -103.12 -103.09 -103.09 -103.09 -103.09 -103.09 -103.06 -103.06 -103.06 -103.06 -103.03 -103.03 -103.03 -103.03 -103.00 -103.00 -103.00 -103.00 -103.00 -103.00 -103.00 -103.00 -102.97 -102.97 -102.97 -102.97 -102.97 -102.97 -102.97 -102.94 -102.94 -102.94 -102.94 -102.94 -102.94 -102.91 -102.91 -102.88 -102.88 -102.88 -102.84 -102.84 -102.81 -102.81 -102.78 -102.78 -102.78 -102.75 -102.75 -102.75 -102.78
-103.19 -103.19 -103.19 -103.19 -103.16 -103.16 -103.16 -103.16 -103.16 -103.16 -103.12 -103.12 -103.12 -103.12 -103.12 -103.09 -103.09 -103.09 -103.09 -103.09 -103.06 -103.06 -103.06 -103.06 -103.06 -103.03 -103.03 -103.03 -103.03 -103.00 -103.00 -103.00 -103.00 -103.00 -103.00 -103.00 -103.00 -102.97 -102.97 -102.97 -102.97 -102.97 -102.94 -102.94 -102.94 -102.94 -102.94 -102.94 -102.94 -102.94 -102.94 -102.91 -102.91 -102.91 -102.88 -102.88 -102.84 -102.84 -102.84 -102.81 -102.81 -102.78 -102.78 -102.75 -102.75 -102.75 -102.75
-103.19 -103.16 -103.16 -103.16 -103.16 -103.16 -103.16 -103.16 -103.16 -103.16 -103.12 -103.12 -103.12 -103.09 -103.09 -103.09 -103.09 -103.06 -103.06 -103.06 -103.06 -103.06 -103.06 -103.06 -103.03 -103.03 -103.03 -103.03 -103.00 -103.00 -103.00 -103.00 -103.00 -103.00 -103.00 -102.97 -102.97 -102.97 -102.97 -102.97 -102.94 -102.94 -102.94 -102.94 -102.94 -102.94 -102.94 -102.94 -102.94 -102.94 -102.94 -102.91 -102.91 -102.91 -102.88 -102.88 -102.88 -102.84 -102.84 -102.81 -102.81 -102.78 -102.78 -102.75 -102.75 -102.75 -102.75
-103.16 -103.16 -103.16 -103.16 -103.16 -103.16 -103.16 -103.16 -103.16 -103.16 -103.12 -103.12 -103.09 -103.09 -103.09 -103.06 -103.06 -103.06 -103.06 -103.06 -103.06 -103.06 -103.06 -103.03 -103.03 -103.03 -103.00 -103.00 -103.00 -102.97 -102.97 -102.97 -102.97 -102.97 -102.97 -102.97 -102.97 -102.97 -102.97 -102.94 -102.94 -102.94 -102.94 -102.94 -102.94 -102.94 -102.94 -102.94 -102.94 -102.94 -102.91 -102.91 -102.91 -102.91 -102.88 -102.88 -102.88 -102.88 -102.84 -102.84 -102.81 -102.81 -102.78 -102.75 -102.75 -102.75 -102.72
-103.16 -103.16 -103.16 -103.16 -103.16 -103.16 -103.16 -103.16 -103.12 -103.12 -103.12 -103.12 -103.09 -103.09 -103.09 -103.06 -103.06 -103.06 -103.06 -103.03 -103.03 -103.03 -103.03 -103.03 -103.00 -103.00 -103.00 -102.97 -102.97 -102.97 -102.97 -102.97 -102.97 -102.97 -102.97 -102.97 -102.94 -102.94 -102.94 -102.94 -102.94 -102.94 -102.94 -102.91 -102.91 -102.91 -102.91 -102.91 -102.91 -102.91 -102.91 -102.91 -102.91 -102.91 -102.88 -102.88 -102.88 -102.88 -102.84 -102.84 -102.81 -102.81 -102.78 -102.78 -102.75 -102.72 -102.72
-103.12 -103.12 -103.12 -103.12 -103.12 -103.12 -103.12 -103.12 -103.12 -103.12 -103.12 -103.12 -103.09 -103.09 -103.06 -103.06 -103.06 -103.06 -103.03 -103.03 -103.00 -103.00 -103.00 -103.00 -103.00 -102.97 -102.97 -102.97 -102.94 -102.94 -102.94 -102.94 -102.94 -102.94 -102.94 -102.94 -102.94 -102.94 -102.94 -102.94 -102.91 -102.91 -102.91 -102.91 -102.91 -102.91 -102.91 -102.91 -102.91 -102.91 -102.91 -102.91 -102.88 -102.88 -102.88 -102.88 -102.88 -102.84 -102.84 -102.84 -102.81 -102.81 -102.78 -102.78 -102.75 -102.72 -102.72
-103.12 -103.12 -103.12 -103.12 -103.12 -103.12 -103.12 -103.12 -103.12 -103.12 -103.12 -103.09 -103.09 -103.09 -103.06 -103.06 -103.06 -103.03 -103.03 -103.00 -103.00 -103.00 -102.97 -102.97 -102.97 -102.97 -102.94 -102.94 -102.94 -102.91 -102.91 -102.91 -102.94 -102.94 -102.94 -102.94 -102.94 -102.94 -102.91 -102.91 -102.91 -102.91 -102.88 -102.88 -102.91 -102.91 -102.91 -102.91 -102.91 -102.88 -102.88 -102.88 -102.88 -102.88 -102.88 -102.88 -102.84 -102.84 -102.81 -102.81 -102.81 -102.78 -102.78 -102.75 -102.72 -102.72 -102.69
-103.09 -103.09 -103.09 -103.09 -103.09 -103.09 -103.09 -103.09 -103.09 -103.09 -103.09 -103.09 -103.09 -103.09 -103.06 -103.06 -103.06 -103.03 -103.03 -103.00 -103.00 -102.97 -102.97 -102.97 -102.94 -102.94 -102.94 -102.91 -102.91 -102.91 -102.91 -102.91 -102.91 -102.91 -102.91 -102.91 -102.91 -102.91 -102.91 -102.88 -102.88 -102.88 -102.88 -102.88 -102.88 -102.88 -102.88 -102.88 -102.88 -102.88 -102.88 -102.88 -102.84 -102.84 -102.84 -102.84 -102.84 -102.81 -102.81 -102.78 -102.78 -102.78 -102.75 -102.75 -102.72 -102.69 -102.69
-103.09 -103.09 -103.09 -103.09 -103.09 -103.09 -103.09 -103.09 -103.09 -103.09 -103.09 -103.09 -103.06 -103.06 -103.06 -103.06 -103.06 -103.03 -103.03 -103.00 -102.97 -102.97 -102.97 -102.94 -102.94 -102.94 -102.91 -102.91 -102.88 -102.88 -102.88 -102.88 -102.88 -102.88 -102.88 -102.88 -102.88 -102.88 -102.88 -102.88 -102.84 -102.84 -102.84 -102.84 -102.84 -102.88 -102.88 -102.88 -102.84 -102.84 -102.84 -102.84 -102.84 -102.84 -102.81 -102.81 -102.81 -102.78 -102.78 -102.78 -102.75 -102.75 -102.72 -102.72 -102.69 -102.69 -102.66
-103.06 -103.06 -103.06 -103.06 -103.06 -103.06 -103.06 -103.06 -103.06 -103.06 -103.06 -103.06 -103.06 -103.06 -103.06 -103.06 -103.06 -103.03 -103.03 -103.00 -102.97 -102.97 -102.97 -102.94 -102.94 -102.91 -102.91 -102.88 -102.88 -102.84 -102.84 -102.84 -102.84 -102.84 -102.88 -102.88 -102.84 -102.84 -102.84 -102.84 -102.84 -102.81 -102.81 -102.84 -102.84 -102.84 -102.84 -102.84 -102.84 -102.84 -102.84 -102.84 -102.81 -102.81 -102.81 -102.78 -102.78 -102.78 -102.75 -102.75 -102.72 -102.72 -102.72 -102.69 -102.66 -102.66 -102.62
-103.06 -103.06 -103.06 -103.06 -103.06 -103.06 -103.06 -103.06 -103.06 -103.06 -103.06 -103.06 -103.06 -103.06 -103.06 -103.06 -103.03 -103.03 -103.00 -103.00 -102.97 -102.97 -102.97 -102.94 -102.94 -102.91 -102.91 -102.88 -102.84 -102.84 -102.84 -102.81 -102.81 -102.84 -102.84 -102.84 -102.84 -102.81 -102.81 -102.81 -102.81 -102.81 -102.81 -102.81 -102.81 -102.81 -102.84 -102.84 -102.81 -102.81 -102.81 -102.81 -102.81 -102.81 -102.78 -102.78 -102.75 -102.75 -102.72 -102.72 -102.72 -102.69 -102.69 -102.66 -102.66 -102.62 -102.59
-103.06 -103.06 -103.06 -103.06 -103.06 -103.06 -103.06 -103.06 -103.06 -103.06 -103.06 -103.06 -103.03 -103.03 -103.03 -103.03 -103.03 -103.03 -103.00 -103.00 -102.97 -102.97 -102.97 -102.94 -102.94 -102.91 -102.91 -102.88 -102.84 -102.84 -102.81 -102.81 -102.81 -102.81 -102.81 -102.81 -102.81 -102.81 -102.81 -102.81 -102.81 -102.81 -102.81 -102.81 -102.81 -102.81 -102.81 -102.81 -102.81 -102.81 -102.81 -102.81 -102.81 -102.78 -102.78 -102.75 -102.75 -102.72 -102.72 -102.69 -102.69 -102.66 -102.66 -102.62 -102.62 -102.59 -102.56
-103.06 -103.03 -103.03 -103.03 -103.03 -103.03 -103.03 -103.03 -103.03 -103.03 -103.03 -103.03 -103.03 -103.03 -103.03 -103.03 -103.03 -103.00 -103.00 -102.97 -102.97 -102.97 -102.94 -102.94 -102.94 -102.91 -102.91 -102.88 -102.84 -102.84 -102.81 -102.81 -102.78 -102.78 -102.78 -102.78 -102.78 -102.78 -102.78 -102.78 -102.78 -102.78 -102.78 -102.81 -102.81 -102.81 -102.81 -102.81 -102.81 -102.81 -102.81 -102.81 -102.78 -102.78 -102.78 -102.75 -102.75 -102.72 -102.72 -102.69 -102.69 -102.66 -102.62 -102.62 -102.59 -102.56 -102.53
-103.03 -103.03 -103.03 -103.03 -103.03 -103.03 -103.03 -103.03 -103.03 -103.03 -103.03 -103.03 -103.03 -103.03 -103.03 -103.03 -103.00 -103.00 -103.00 -102.97 -102.97 -102.94 -102.94 -102.94 -102.91 -102.91 -102.91 -102.88 -102.88 -102.84 -102.81 -102.81 -102.78 -102.78 -102.78 -102.75 -102.75 -102.78 -102.78 -102.78 -102.78 -102.78 -102.78 -102.78 -102.78 -102.81 -102.81 -102.81 -102.81 -102.81 -102.81 -102.78 -102.78 -102.78 -102.75 -102.75 -102.75 -102.72 -102.72 -102.69 -102.66 -102.66 -102.62 -102.59 -102.56 -102.53 -102.50
-103.03 -103.03 -103.03 -103.03 -103.00 -103.00 -103.03 -103.03 -103.03 -103.03 -103.00 -103.00 -103.00 -103.00 -103.00 -103.00 -103.00 -103.00 -102.97 -102.97 -102.94 -102.94 -102.94 -102.91 -102.91 -102.91 -102.88 -102.88 -102.84 -102.84 -102.81 -102.81 -102.78 -102.78 -102.75 -102.75 -102.75 -102.75 -102.75 -102.75 -102.75 -102.78 -102.78 -102.78 -102.78 -102.78 -102.78 -102.81 -102.81 -102.78 -102.78 -102.78 -102.78 -102.78 -102.75 -102.75 -102.72 -102.72 -102.69 -102.69 -102.66 -102.66 -102.62 -102.59 -102.56 -102.53 -102.50
-103.03 -103.03 -103.00 -103.00 -103.00 -103.00 -103.00 -103.00 -103.00 -103.00 -103.00 -103.00 -103.00 -103.00 -103.00 -103.00 -102.97 -102.97 -102.97 -102.94 -102.94 -102.91 -102.91 -102.91 -102.91 -102.88 -102.88 -102.88 -102.84 -102.84 -102.81 -102.81 -102.78 -102.75 -102.75 -102.72 -102.72 -102.72 -102.72 -102.72 -102.75 -102.75 -102.75 -102.75 -102.78 -102.78 -102.78 -102.78 -102.78 -102.78 -102.78 -102.78 -102.78 -102.75 -102.75 -102.72 -102.72 -102.72 -102.69 -102.69 -102.66 -102.66 -102.62 -102.59 -102.56 -102.53 -102.50
-103.03 -103.00 -103.00 -103.00 -102.97 -102.97 -102.97 -102.97 -102.97 -102.97 -102.97 -102.97 -102.97 -102.97 -102.97 -102.97 -102.97 -102.94 -102.94 -102.91 -102.91 -102.91 -102.91 -102.91 -102.88 -102.88 -102.88 -102.88 -102.84 -102.84 -102.81 -102.81 -102.78 -102.75 -102.72 -102.72 -102.69 -102.69 -102.69 -102.72 -102.72 -102.72 -102.75 -102.75 -102.75 -102.75 -102.75 -102.75 -102.75 -102.75 -102.75 -102.75 -102.75 -102.75 -102.72 -102.72 -102.69 -102.69 -102.69 -102.66 -102.66 -102.62 -102.59 -102.59 -102.56 -102.53 -102.47
-103.00 -103.00 -103.00 -102.97 -102.97 -102.97 -102.97 -102.97 -102.97 -102.97 -102.97 -102.97 -102.97 -102.97 -102.97 -102.94 -102.94 -102.94 -102.91 -102.91 -102.91 -102.88 -102.88 -102.88 -102.88 -102.88 -102.88 -102.84 -102.84 -102.84 -102.81 -102.81 -102.78 -102.75 -102.72 -102.72 -102.69 -102.69 -102.69 -102.69 -102.69 -102.72 -102.72 -102.72 -102.72 -102.72 -102.72 -102.75 -102.75 -102.75 -102.75 -102.72 -102.72 -102.72 -102.69 -102.69 -102.69 -102.66 -102.66 -102.62 -102.62 -102.59 -102.59 -102.56 -102.53 -102.50 -102.47
-103.00 -103.00 -102.97 -102.97 -102.94 -102.94 -102.94 -102.94 -102.94 -102.94 -102.94 -102.94 -102.94 -102.94 -102.94 -102.94 -102.91 -102.91 -102.91 -102.88 -102.88 -102.88 -102.88 -102.88 -102.88 -102.84 -102.84 -102.84 -102.84 -102.84 -102.81 -102.81 -102.78 -102.75 -102.72 -102.72 -102.69 -102.69 -102.66 -102.66 -102.69 -102.69 -102.69 -102.72 -102.72 -102.72 -102.72 -102.72 -102.72 -102.72 -102.72 -102.72 -102.69 -102.69 -102.69 -102.66 -102.66 -102.62 -102.62 -102.59 -102.59 -102.56 -102.53 -102.53 -102.50 -102.47 -102.44
-103.00 -102.97 -102.97 -102.94 -102.94 -102.94 -102.94 -102.91 -102.91 -102.94 -102.94 -102.94 -102.94 -102.94 -102.94 -102.91 -102.91 -102.88 -102.88 -102.88 -102.88 -102.88 -102.88 -102.84 -102.84 -102.84 -102.84 -102.84 -102.84 -102.81 -102.81 -102.78 -102.78 -102.75 -102.75 -102.72 -102.69 -102.69 -102.66 -102.66 -102.66 -102.66 -102.69 -102.69 -102.69 -102.69 -102.69 -102.69 -102.69 -102.69 -102.69 -102.69 -102.66 -102.66 -102.66 -102.62 -102.62 -102.59 -102.59 -102.56 -102.53 -102.53 -102.50 -102.47 -102.47 -102.44 -102.41
-102.97 -102.97 -102.97 -102.94 -102.94 -102.91 -102.91 -102.91 -102.91 -102.91 -102.91 -102.91 -102.91 -102.91 -102.91 -102.91 -102.88 -102.88 -102.84 -102.84 -102.84 -102.84 -102.84 -102.84 -102.84 -102.84 -102.84 -102.81 -102.81 -102.81 -102.81 -102.78 -102.78 -102.75 -102.75 -102.72 -102.69 -102.69 -102.66 -102.66 -102.66 -102.66 -102.66 -102.66 -102.66 -102.66 -102.66 -102.66 -102.66 -102.66 -102.66 -102.66 -102.66 -102.62 -102.62 -102.59 -102.59 -102.56 -102.53 -102.53 -102.50 -102.47 -102.44 -102.44 -102.41 -102.41 -102.38
-102.97 -102.94 -102.94 -102.94 -102.94 -102.91 -102.91 -102.91 -102.88 -102.88 -102.91 -102.91 -102.91 -102.91 -102.91 -102.88 -102.88 -102.84 -102.84 -102.84 -102.84 -102.84 -102.84 -102.84 -102.84 -102.84 -102.81 -102.81 -102.81 -102.81 -102.78 -102.78 -102.78 -102.75 -102.75 -102.72 -102.72 -102.69 -102.66 -102.66 -102.62 -102.62 -102.62 -102.62 -102.62 -102.62 -102.62 -102.62 -102.66 -102.66 -102.62 -102.62 -102.62 -102.59 -102.59 -102.56 -102.56 -102.53 -102.50 -102.47 -102.44 -102.44 -102.41 -102.38 -102.38 -102.34 -102.34
-102.94 -102.94 -102.94 -102.94 -102.91 -102.91 -102.91 -102.88 -102.88 -102.88 -102.88 -102.88 -102.88 -102.88 -102.88 -102.84 -102.84 -102.84 -102.84 -102.84 -102.84 -102.84 -102.84 -102.84 -102.84 -102.81 -102.81 -102.81 -102.78 -102.78 -102.78 -102.78 -102.78 -102.75 -102.75 -102.72 -102.72 -102.69 -102.66 -102.66 -102.62 -102.62 -102.59 -102.59 -102.62 -102.62 -102.62 -102.62 -102.59 -102.59 -102.59 -102.59 -102.59 -102.56 -102.56 -102.53 -102.53 -102.50 -102.47 -102.44 -102.41 -102.38 -102.34 -102.34 -102.31 -102.31 -102.31
-102.94 -102.94 -102.94 -102.91 -102.91 -102.91 -102.88 -102.88 -102.88 -102.88 -102.84 -102.84 -102.88 -102.88 -102.84 -102.84 -102.81 -102.81 -102.81 -102.81 -102.81 -102.84 -102.84 -102.81 -102.81 -102.81 -102.81 -102.78 -102.78 -102.78 -102.78 -102.75 -102.75 -102.75 -102.72 -102.72 -102.69 -102.69 -102.66 -102.66 -102.62 -102.59 -102.59 -102.59 -102.59 -102.59 -102.59 -102.56 -102.56 -102.56 -102.56 -102.56 -102.56 -102.53 -102.53 -102.50 -102.50 -102.47 -102.44 -102.41 -102.38 -102.34 -102.31 -102.31 -102.28 -102.28 -102.28
-102.94 -102.94 -102.94 -102.91 -102.91 -102.91 -102.88 -102.88 -102.88 -102.84 -102.84 -102.84 -102.84 -102.84 -102.84 -102.81 -102.81 -102.81 -102.81 -102.81 -102.81 -102.81 -102.81 -102.81 -102.81 -102.78 -102.78 -102.78 -102.78 -102.75 -102.75 -102.75 -102.75 -102.72 -102.72 -102.69 -102.69 -102.66 -102.66 -102.62 -102.59 -102.59 -102.56 -102.56 -102.56 -102.56 -102.53 -102.53 -102.53 -102.53 -102.53 -102.53 -102.53 -102.50 -102.50 -102.47 -102.47 -102.44 -102.41 -102.38 -102.34 -102.31 -102.28 -102.25 -102.25 -102.25 -102.25
-102.97 -102.94 -102.94 -102.94 -102.91 -102.91 -102.88 -102.88 -102.88 -102.84 -102.84 -102.84 -102.84 -102.81 -102.81 -102.78 -102.78 -102.78 -102.78 -102.78 -102.78 -102.81 -102.81 -102.78 -102.78 -102.78 -102.78 -102.75 -102.75 -102.75 -102.75 -102.72 -102.72 -102.72 -102.72 -102.69 -102.69 -102.66 -102.62 -102.62 -102.59 -102.56 -102.53 -102.53 -102.53 -102.50 -102.50 -102.50 -102.50 -102.50 -102.50 -102.50 -102.50 -102.47 -102.47 -102.44 -102.44 -102.41 -102.38 -102.34 -102.31 -102.28 -102.25 -102.22 -102.22 -102.22 -102.22
-102.97 -102.97 -102.94 -102.94 -102.91 -102.91 -102.91 -102.88 -102.88 -102.84 -102.84 -102.81 -102.81 -102.81 -102.78 -102.78 -102.78 -102.78 -102.78 -102.78 -102.78 -102.78 -102.78 -102.78 -102.78 -102.75 -102.75 -102.75 -102.75 -102.72 -102.72 -102.72 -102.72 -102.69 -102.69 -102.69 -102.66 -102.62 -102.62 -102.59 -102.56 -102.53 -102.53 -102.50 -102.50 -102.47 -102.47 -102.47 -102.47 -102.47 -102.47 -102.47 -102.44 -102.44 -102.44 -102.44 -102.41 -102.38 -102.34 -102.31 -102.28 -102.25 -102.22 -102.19 -102.19 -102.19 -102.19
