everonasctiles/Tile[12,23].asc
ncols 128
nrows 128
xllcorner 0
yllcorner 0
cellsize 2.0
NODATA_value  -9999
[rows 64 to 95 of 128, columns 0 to 70 of 128]
129.78 129.94 130.09 130.28 130.41 130.59 130.75 130.94 131.16 131.38 131.59 131.81 132.03 132.25 132.44 132.66 132.91 133.16 133.44 133.75 134.06 134.38 134.94 135.03 135.06 135.16 135.69 135.94 136.19 136.44 136.69 136.94 137.22 137.47 137.75 138.00 138.28 138.56 138.81 139.06 139.28 139.50 139.69 139.84 140.00 140.12 140.22 140.28 140.34 140.41 140.47 140.53 140.56 140.62 140.69 140.72 140.78 140.84 140.91 141.00 141.06 141.16 141.28 141.38 141.50 141.69 142.09 142.66 143.47 144.59 145.88
129.94 130.09 130.25 130.41 130.56 130.72 130.91 131.12 131.28 131.50 131.72 131.94 132.19 132.41 132.62 132.81 133.09 133.34 133.59 133.84 134.16 134.78 134.94 134.97 135.03 135.50 135.78 136.03 136.28 136.53 136.78 137.03 137.28 137.56 137.81 138.09 138.38 138.62 138.91 139.12 139.34 139.56 139.75 139.91 140.03 140.16 140.25 140.31 140.41 140.47 140.53 140.56 140.62 140.69 140.75 140.81 140.88 140.94 141.03 141.12 141.22 141.31 141.41 141.53 141.69 141.88 142.28 142.84 143.66 144.84 146.09
130.06 130.22 130.41 130.59 130.75 130.91 131.09 131.28 131.47 131.69 131.91 132.12 132.34 132.59 132.81 133.06 133.25 133.50 133.78 134.06 134.56 134.91 134.91 134.94 135.28 135.66 135.88 136.12 136.38 136.59 136.84 137.12 137.38 137.62 137.91 138.19 138.47 138.72 138.97 139.22 139.44 139.62 139.78 139.94 140.06 140.19 140.28 140.34 140.44 140.50 140.56 140.62 140.69 140.75 140.84 140.91 140.97 141.06 141.16 141.25 141.38 141.50 141.62 141.78 141.97 142.25 142.69 143.28 144.06 145.31 146.50
130.19 130.41 130.56 130.75 130.94 131.12 131.28 131.47 131.66 131.88 132.09 132.31 132.56 132.78 133.03 133.25 133.44 133.69 134.00 134.34 134.88 134.91 134.91 135.06 135.53 135.75 135.97 136.22 136.44 136.69 136.94 137.19 137.47 137.72 138.00 138.28 138.53 138.81 139.06 139.28 139.50 139.66 139.84 139.97 140.09 140.22 140.31 140.38 140.47 140.53 140.62 140.69 140.75 140.84 140.91 141.00 141.09 141.19 141.31 141.44 141.56 141.72 141.88 142.09 142.34 142.69 143.22 143.88 144.69 145.91 147.16
130.41 130.59 130.78 131.00 131.19 131.38 131.53 131.72 131.91 132.06 132.31 132.53 132.75 133.00 133.22 133.50 133.75 134.00 134.25 134.81 134.88 134.88 134.94 135.41 135.62 135.84 136.06 136.31 136.53 136.78 137.03 137.28 137.53 137.81 138.09 138.34 138.62 138.88 139.12 139.34 139.53 139.72 139.88 140.00 140.12 140.22 140.31 140.41 140.50 140.59 140.66 140.75 140.84 140.91 141.00 141.12 141.22 141.34 141.47 141.62 141.78 141.97 142.16 142.41 142.75 143.19 143.78 144.47 145.44 146.75 148.03
130.62 130.88 131.09 131.25 131.50 131.69 131.84 132.00 132.16 132.31 132.47 132.75 132.97 133.19 133.44 133.66 134.00 134.25 134.69 134.88 134.88 134.88 135.28 135.53 135.75 135.94 136.16 136.41 136.62 136.88 137.09 137.38 137.62 137.91 138.16 138.44 138.72 138.97 139.19 139.41 139.59 139.75 139.91 140.03 140.16 140.25 140.34 140.44 140.53 140.62 140.72 140.81 140.91 141.00 141.09 141.22 141.34 141.47 141.62 141.81 142.00 142.22 142.47 142.75 143.16 143.66 144.34 145.12 146.28 147.72 148.88
130.84 131.09 131.44 131.66 131.81 132.03 132.22 132.28 132.50 132.62 132.72 132.91 133.16 133.41 133.66 133.94 134.19 134.56 134.88 134.88 134.88 135.12 135.47 135.66 135.84 136.03 136.25 136.47 136.72 136.94 137.19 137.44 137.72 138.00 138.25 138.53 138.78 139.03 139.25 139.47 139.62 139.81 139.94 140.06 140.16 140.28 140.38 140.47 140.56 140.66 140.75 140.88 140.97 141.06 141.19 141.31 141.47 141.62 141.78 141.97 142.19 142.47 142.75 143.09 143.56 144.12 144.84 145.75 147.12 148.50 149.16
131.12 131.44 131.75 132.03 132.25 132.44 132.59 132.72 132.84 132.97 133.06 133.19 133.34 133.56 133.88 134.16 134.41 134.88 134.91 134.88 134.97 135.41 135.56 135.75 135.94 136.12 136.34 136.56 136.78 137.03 137.28 137.53 137.81 138.06 138.34 138.62 138.88 139.09 139.31 139.50 139.69 139.81 139.97 140.09 140.19 140.28 140.41 140.50 140.59 140.69 140.81 140.91 141.03 141.16 141.28 141.41 141.56 141.75 141.94 142.16 142.41 142.69 143.03 143.44 143.94 144.56 145.38 146.50 147.91 148.94 149.28
131.38 131.75 132.06 132.38 132.56 132.81 132.97 133.06 133.16 133.31 133.34 133.47 133.59 133.78 134.03 134.22 134.75 134.91 134.91 134.91 135.31 135.50 135.66 135.81 136.00 136.22 136.41 136.62 136.88 137.09 137.34 137.62 137.88 138.16 138.44 138.69 138.94 139.16 139.38 139.56 139.72 139.84 139.97 140.09 140.22 140.31 140.41 140.53 140.62 140.75 140.84 140.97 141.09 141.22 141.34 141.50 141.69 141.88 142.06 142.31 142.59 142.91 143.25 143.72 144.25 144.97 145.91 147.31 148.62 149.16 149.41
131.59 131.97 132.31 132.62 132.91 133.06 133.31 133.47 133.50 133.62 133.72 133.81 133.88 134.06 134.16 134.47 134.94 134.91 134.91 135.12 135.41 135.56 135.72 135.91 136.06 136.28 136.50 136.72 136.94 137.19 137.44 137.72 137.97 138.25 138.50 138.75 139.00 139.22 139.41 139.56 139.72 139.88 140.00 140.12 140.22 140.34 140.44 140.56 140.66 140.78 140.88 141.00 141.16 141.28 141.44 141.59 141.78 141.97 142.19 142.44 142.75 143.06 143.47 143.97 144.59 145.41 146.59 148.00 148.97 149.25 149.44
131.75 132.16 132.50 132.84 133.12 133.34 133.56 133.75 133.84 133.94 134.03 134.06 134.12 134.31 134.44 134.88 134.97 134.94 134.97 135.28 135.44 135.59 135.78 135.94 136.12 136.34 136.56 136.78 137.00 137.25 137.53 137.78 138.06 138.31 138.56 138.81 139.06 139.25 139.44 139.59 139.75 139.91 140.03 140.12 140.25 140.38 140.47 140.59 140.69 140.81 140.94 141.06 141.19 141.34 141.50 141.69 141.88 142.06 142.31 142.59 142.88 143.25 143.69 144.25 144.97 145.91 147.34 148.56 149.09 149.31 149.44
131.91 132.31 132.62 132.94 133.22 133.47 133.72 133.94 134.09 134.19 134.31 134.34 134.41 134.53 134.72 135.00 135.00 134.97 135.16 135.34 135.50 135.66 135.81 136.00 136.19 136.41 136.62 136.84 137.09 137.34 137.59 137.88 138.12 138.41 138.66 138.88 139.09 139.31 139.47 139.62 139.78 139.91 140.03 140.16 140.28 140.38 140.50 140.59 140.72 140.84 140.97 141.09 141.25 141.41 141.56 141.75 141.97 142.19 142.44 142.72 143.03 143.44 143.94 144.59 145.44 146.69 148.06 148.91 149.16 149.34 149.44
132.00 132.34 132.69 133.00 133.31 133.59 133.81 134.06 134.25 134.41 134.53 134.59 134.66 134.75 135.00 135.03 135.00 135.03 135.22 135.38 135.53 135.69 135.84 136.03 136.25 136.44 136.66 136.91 137.16 137.41 137.69 137.94 138.22 138.47 138.72 138.94 139.16 139.34 139.50 139.66 139.81 139.94 140.06 140.19 140.31 140.41 140.53 140.62 140.75 140.88 141.03 141.16 141.31 141.47 141.66 141.84 142.03 142.28 142.53 142.84 143.19 143.66 144.22 145.03 146.06 147.50 148.66 149.00 149.25 149.38 149.41
132.03 132.41 132.75 133.06 133.34 133.56 133.84 134.16 134.34 134.53 134.69 134.81 134.88 134.97 135.06 135.06 135.03 135.16 135.25 135.41 135.53 135.72 135.88 136.09 136.28 136.50 136.72 136.97 137.22 137.50 137.75 138.03 138.28 138.53 138.78 139.00 139.19 139.38 139.53 139.69 139.84 139.97 140.09 140.22 140.31 140.44 140.56 140.66 140.78 140.94 141.06 141.19 141.34 141.53 141.72 141.91 142.12 142.38 142.66 142.97 143.38 143.88 144.62 145.53 146.78 148.25 148.88 149.12 149.28 149.38 149.41
132.12 132.47 132.78 133.06 133.34 133.59 133.88 134.12 134.41 134.62 134.81 134.94 135.00 135.09 135.09 135.06 135.09 135.19 135.28 135.41 135.56 135.75 135.94 136.12 136.31 136.56 136.78 137.03 137.28 137.56 137.84 138.09 138.34 138.59 138.81 139.06 139.25 139.41 139.56 139.72 139.88 140.00 140.12 140.22 140.34 140.47 140.59 140.69 140.84 140.97 141.09 141.25 141.41 141.59 141.78 141.97 142.22 142.47 142.78 143.12 143.53 144.19 145.06 146.16 147.56 148.69 148.97 149.19 149.31 149.38 149.38
132.09 132.50 132.81 133.09 133.34 133.59 133.88 134.16 134.41 134.66 134.88 135.00 135.09 135.09 135.09 135.09 135.16 135.22 135.31 135.44 135.59 135.78 135.97 136.16 136.38 136.59 136.84 137.09 137.38 137.62 137.91 138.16 138.41 138.66 138.88 139.09 139.28 139.47 139.62 139.75 139.91 140.03 140.16 140.25 140.38 140.50 140.62 140.75 140.88 141.00 141.16 141.28 141.47 141.66 141.84 142.06 142.31 142.59 142.91 143.28 143.75 144.53 145.56 146.84 148.25 148.81 149.09 149.25 149.31 149.34 149.38
132.16 132.50 132.78 133.06 133.34 133.56 133.81 134.09 134.38 134.69 134.88 135.00 135.06 135.09 135.12 135.12 135.16 135.22 135.34 135.47 135.62 135.81 136.00 136.19 136.41 136.66 136.91 137.16 137.44 137.72 137.97 138.25 138.50 138.72 138.94 139.16 139.34 139.50 139.66 139.78 139.94 140.06 140.16 140.28 140.41 140.53 140.66 140.78 140.91 141.03 141.19 141.34 141.50 141.69 141.91 142.12 142.41 142.72 143.06 143.50 144.06 145.00 146.16 147.50 148.47 148.84 149.09 149.22 149.31 149.34 149.34
132.09 132.47 132.75 133.03 133.28 133.50 133.78 134.06 134.34 134.66 134.84 134.97 135.00 135.03 135.06 135.09 135.09 135.22 135.34 135.50 135.66 135.84 136.03 136.25 136.47 136.69 136.97 137.22 137.50 137.78 138.06 138.31 138.56 138.78 139.00 139.19 139.38 139.53 139.69 139.84 139.97 140.09 140.19 140.31 140.44 140.56 140.69 140.81 140.94 141.06 141.22 141.38 141.56 141.75 141.97 142.22 142.50 142.84 143.25 143.78 144.47 145.53 146.78 147.84 148.44 148.84 149.06 149.19 149.25 149.28 149.31
132.00 132.31 132.59 132.91 133.16 133.44 133.72 134.00 134.28 134.56 134.78 134.91 134.94 134.97 135.00 135.00 135.09 135.22 135.38 135.53 135.69 135.88 136.06 136.28 136.50 136.75 137.03 137.31 137.59 137.88 138.12 138.38 138.62 138.88 139.06 139.25 139.44 139.59 139.72 139.88 140.00 140.12 140.22 140.34 140.47 140.59 140.72 140.84 140.97 141.12 141.25 141.44 141.59 141.81 142.03 142.28 142.59 142.97 143.47 144.09 144.94 146.12 147.19 147.97 148.47 148.81 149.03 149.16 149.22 149.25 149.25
131.88 132.12 132.47 132.75 133.00 133.28 133.66 133.94 134.19 134.44 134.69 134.84 134.88 134.91 134.91 135.00 135.09 135.25 135.38 135.53 135.72 135.91 136.12 136.34 136.56 136.81 137.09 137.38 137.66 137.94 138.22 138.47 138.72 138.94 139.12 139.31 139.47 139.62 139.78 139.91 140.03 140.16 140.25 140.38 140.50 140.62 140.75 140.88 141.00 141.16 141.31 141.47 141.66 141.84 142.09 142.38 142.69 143.12 143.66 144.41 145.44 146.59 147.47 148.06 148.53 148.81 149.00 149.09 149.19 149.19 149.22
131.78 132.06 132.38 132.69 132.94 133.22 133.56 133.91 134.19 134.41 134.62 134.78 134.81 134.84 134.91 135.00 135.12 135.25 135.41 135.56 135.75 135.97 136.16 136.41 136.62 136.91 137.19 137.47 137.75 138.03 138.31 138.56 138.78 139.00 139.19 139.38 139.53 139.69 139.81 139.94 140.06 140.19 140.31 140.41 140.53 140.66 140.78 140.91 141.06 141.19 141.34 141.53 141.69 141.91 142.16 142.44 142.78 143.25 143.88 144.72 145.97 146.97 147.69 148.19 148.56 148.81 148.97 149.06 149.12 149.16 149.19
131.72 131.97 132.28 132.59 132.91 133.22 133.59 133.88 134.12 134.38 134.66 134.72 134.75 134.81 134.94 135.03 135.16 135.31 135.47 135.62 135.81 136.00 136.22 136.47 136.72 137.00 137.28 137.56 137.84 138.12 138.38 138.62 138.88 139.09 139.28 139.44 139.59 139.75 139.88 140.00 140.09 140.22 140.34 140.47 140.56 140.69 140.81 140.97 141.09 141.25 141.41 141.56 141.75 141.97 142.22 142.53 142.91 143.41 144.12 145.09 146.44 147.28 147.88 148.28 148.59 148.78 148.94 149.03 149.09 149.12 149.12
131.66 131.94 132.25 132.56 132.91 133.22 133.53 133.84 134.16 134.44 134.66 134.66 134.66 134.88 135.00 135.09 135.25 135.38 135.50 135.69 135.88 136.06 136.31 136.53 136.81 137.09 137.38 137.66 137.94 138.22 138.47 138.72 138.97 139.16 139.34 139.50 139.66 139.78 139.91 140.03 140.16 140.25 140.38 140.50 140.62 140.75 140.88 141.00 141.12 141.28 141.44 141.62 141.81 142.03 142.31 142.62 143.06 143.66 144.44 145.66 146.84 147.56 148.03 148.38 148.62 148.78 148.91 149.00 149.06 149.09 149.09
131.62 131.94 132.22 132.56 132.94 133.28 133.62 133.94 134.16 134.66 134.66 134.66 134.75 134.94 135.06 135.19 135.31 135.47 135.59 135.75 135.94 136.16 136.38 136.62 136.91 137.19 137.47 137.78 138.06 138.31 138.59 138.84 139.06 139.25 139.41 139.56 139.72 139.84 139.97 140.09 140.19 140.31 140.44 140.53 140.66 140.78 140.91 141.06 141.19 141.34 141.50 141.69 141.91 142.12 142.41 142.78 143.25 143.97 144.88 146.25 147.25 147.81 148.19 148.47 148.66 148.78 148.91 148.97 149.00 149.03 149.06
131.62 131.94 132.31 132.62 133.00 133.34 133.69 134.00 134.44 134.72 134.69 134.69 134.91 135.06 135.16 135.28 135.41 135.56 135.69 135.84 136.03 136.25 136.47 136.72 137.00 137.28 137.59 137.88 138.16 138.44 138.69 138.94 139.16 139.34 139.50 139.66 139.78 139.91 140.00 140.12 140.25 140.34 140.47 140.59 140.72 140.84 140.97 141.09 141.25 141.41 141.59 141.78 142.00 142.25 142.59 143.00 143.56 144.34 145.47 146.78 147.59 148.03 148.31 148.53 148.69 148.81 148.88 148.94 148.97 149.03 149.03
131.72 132.03 132.34 132.69 133.09 133.44 133.75 134.06 134.69 134.72 134.72 134.84 135.09 135.12 135.28 135.41 135.53 135.66 135.81 135.94 136.12 136.34 136.56 136.84 137.12 137.41 137.72 138.00 138.28 138.56 138.81 139.03 139.25 139.41 139.56 139.72 139.84 139.94 140.06 140.19 140.28 140.41 140.53 140.62 140.75 140.91 141.03 141.19 141.31 141.50 141.69 141.88 142.12 142.44 142.81 143.34 144.00 144.88 146.03 147.19 147.84 148.19 148.41 148.59 148.72 148.78 148.88 148.91 148.97 149.00 149.03
131.81 132.16 132.50 132.81 133.19 133.50 133.91 134.31 134.72 134.72 134.75 135.12 135.22 135.28 135.38 135.50 135.62 135.75 135.91 136.06 136.25 136.44 136.69 136.94 137.25 137.53 137.84 138.12 138.41 138.69 138.91 139.16 139.34 139.50 139.66 139.78 139.91 140.00 140.12 140.22 140.34 140.44 140.56 140.69 140.81 140.97 141.09 141.25 141.41 141.59 141.78 142.00 142.28 142.66 143.12 143.78 144.50 145.44 146.59 147.53 148.00 148.31 148.50 148.62 148.72 148.78 148.84 148.91 148.94 148.97 149.00
131.94 132.28 132.62 132.94 133.25 133.62 133.97 134.59 134.72 134.72 134.88 135.22 135.31 135.38 135.44 135.56 135.69 135.81 135.97 136.16 136.34 136.56 136.81 137.06 137.38 137.66 137.97 138.25 138.53 138.78 139.03 139.25 139.44 139.59 139.72 139.84 139.97 140.06 140.16 140.28 140.41 140.50 140.62 140.75 140.88 141.03 141.19 141.34 141.50 141.72 141.91 142.19 142.50 142.91 143.50 144.19 144.94 146.00 147.09 147.75 148.16 148.41 148.56 148.66 148.75 148.78 148.84 148.88 148.91 148.94 148.97
132.09 132.41 132.72 133.03 133.41 133.72 134.12 134.72 134.72 134.72 135.09 135.28 135.38 135.47 135.53 135.62 135.75 135.91 136.06 136.25 136.44 136.66 136.91 137.22 137.50 137.81 138.09 138.41 138.66 138.91 139.16 139.34 139.50 139.66 139.78 139.91 140.00 140.12 140.22 140.34 140.44 140.56 140.69 140.81 140.97 141.09 141.28 141.44 141.62 141.84 142.09 142.38 142.72 143.19 143.81 144.44 145.38 146.59 147.50 147.97 148.28 148.47 148.59 148.69 148.75 148.78 148.84 148.88 148.91 148.94 148.97
132.22 132.50 132.84 133.19 133.53 133.88 134.25 134.72 134.72 134.75 135.19 135.34 135.44 135.53 135.59 135.69 135.81 136.00 136.16 136.34 136.56 136.78 137.06 137.34 137.66 137.94 138.25 138.53 138.78 139.03 139.25 139.44 139.59 139.72 139.84 139.97 140.06 140.16 140.28 140.38 140.50 140.62 140.75 140.88 141.03 141.19 141.38 141.56 141.78 142.00 142.28 142.62 143.00 143.53 144.09 144.72 145.84 147.19 147.81 148.16 148.38 148.53 148.66 148.72 148.75 148.78 148.81 148.84 148.88 148.91 148.97
132.34 132.62 132.97 133.25 133.66 134.00 134.47 134.72 134.72 134.84 135.25 135.38 135.50 135.59 135.66 135.78 135.94 136.06 136.25 136.47 136.69 136.91 137.19 137.50 137.81 138.09 138.38 138.66 138.91 139.16 139.34 139.53 139.66 139.81 139.91 140.03 140.12 140.22 140.34 140.44 140.56 140.69 140.81 140.97 141.12 141.28 141.47 141.69 141.94 142.22 142.53 142.91 143.34 143.88 144.44 145.22 146.53 147.75 148.06 148.34 148.50 148.59 148.69 148.72 148.78 148.78 148.81 148.84 148.88 148.91 148.94
132.47 132.78 133.06 133.41 133.75 134.06 134.50 134.72 134.75 134.88 135.31 135.44 135.53 135.66 135.78 135.91 136.03 136.19 136.41 136.59 136.81 137.06 137.34 137.66 137.94 138.25 138.53 138.81 139.03 139.25 139.44 139.59 139.72 139.84 139.97 140.06 140.19 140.28 140.38 140.50 140.62 140.75 140.88 141.03 141.22 141.38 141.59 141.84 142.12 142.44 142.78 143.22 143.72 144.19 144.88 145.88 147.38 148.06 148.28 148.47 148.59 148.66 148.72 148.75 148.78 148.78 148.81 148.84 148.84 148.88 148.94
