everonasctiles/Tile[15,27].asc
ncols 128
nrows 128
xllcorner 0
yllcorner 0
cellsize 2.0
NODATA_value  -9999
[rows 0 to 33 of 128, columns 0 to 76 of 128]
37.84 38.00 38.16 38.31 38.44 38.59 38.75 38.91 39.09 39.31 39.53 39.78 40.06 40.34 40.62 40.94 41.25 41.53 41.84 42.12 42.41 42.69 42.94 43.19 43.41 43.62 43.81 44.03 44.25 44.50 44.72 44.97 45.22 45.47 45.72 46.00 46.25 46.56 46.84 47.16 47.44 47.72 48.00 48.28 48.53 48.78 49.06 49.31 49.56 49.84 50.09 50.34 50.66 50.88 51.19 51.44 51.69 51.91 52.22 52.47 52.69 52.91 53.22 53.53 53.75 53.94 54.19 54.41 54.59 54.78 55.00 55.22 55.44 55.66 55.75 55.91 56.09
38.09 38.25 38.41 38.53 38.69 38.81 38.97 39.12 39.34 39.56 39.78 40.03 40.31 40.59 40.91 41.19 41.50 41.78 42.09 42.41 42.69 42.97 43.22 43.47 43.69 43.91 44.09 44.31 44.53 44.75 44.97 45.22 45.44 45.69 45.94 46.19 46.44 46.72 47.00 47.28 47.59 47.84 48.12 48.38 48.62 48.91 49.16 49.41 49.69 49.94 50.22 50.50 50.75 51.03 51.28 51.56 51.75 52.03 52.31 52.59 52.91 53.22 53.47 53.72 53.94 54.16 54.38 54.56 54.75 54.97 55.16 55.34 55.56 55.81 55.97 56.16 56.38
38.38 38.53 38.69 38.81 38.94 39.09 39.22 39.41 39.59 39.81 40.06 40.31 40.59 40.88 41.16 41.47 41.78 42.06 42.38 42.66 42.97 43.25 43.50 43.78 44.00 44.19 44.38 44.56 44.78 45.00 45.22 45.44 45.66 45.91 46.12 46.38 46.62 46.91 47.16 47.44 47.72 48.00 48.25 48.50 48.75 49.00 49.28 49.56 49.78 50.06 50.31 50.62 50.91 51.16 51.41 51.69 51.94 52.22 52.50 52.81 53.12 53.41 53.66 53.91 54.12 54.34 54.56 54.75 54.94 55.12 55.31 55.53 55.72 55.94 56.19 56.38 56.59
38.69 38.81 38.97 39.09 39.22 39.38 39.50 39.66 39.88 40.12 40.38 40.62 40.91 41.19 41.47 41.75 42.06 42.34 42.66 42.94 43.25 43.53 43.81 44.06 44.31 44.50 44.66 44.84 45.03 45.25 45.44 45.66 45.88 46.09 46.34 46.56 46.81 47.06 47.34 47.59 47.84 48.12 48.38 48.62 48.88 49.12 49.41 49.69 49.94 50.19 50.50 50.75 51.00 51.28 51.53 51.81 52.09 52.34 52.59 52.97 53.25 53.56 53.81 54.06 54.28 54.50 54.72 54.91 55.09 55.28 55.47 55.69 55.91 56.12 56.31 56.56 56.78
39.00 39.12 39.28 39.41 39.53 39.66 39.81 40.00 40.25 40.47 40.69 40.94 41.22 41.50 41.78 42.06 42.34 42.62 42.94 43.22 43.53 43.81 44.09 44.38 44.59 44.81 44.97 45.16 45.31 45.50 45.69 45.88 46.09 46.31 46.53 46.75 47.00 47.25 47.50 47.75 48.00 48.25 48.50 48.78 49.03 49.25 49.53 49.81 50.06 50.31 50.59 50.88 51.16 51.41 51.69 51.94 52.19 52.44 52.75 53.09 53.38 53.69 53.97 54.22 54.44 54.66 54.84 55.03 55.25 55.44 55.62 55.84 56.03 56.28 56.50 56.78 57.06
39.34 39.47 39.59 39.72 39.88 40.06 40.22 40.41 40.62 40.81 41.06 41.28 41.56 41.81 42.09 42.38 42.66 42.94 43.22 43.50 43.81 44.09 44.38 44.66 44.88 45.09 45.25 45.44 45.59 45.75 45.94 46.12 46.31 46.50 46.72 46.94 47.16 47.41 47.66 47.91 48.16 48.41 48.66 48.94 49.19 49.41 49.66 49.91 50.22 50.47 50.75 50.97 51.28 51.53 51.81 52.09 52.38 52.62 52.94 53.22 53.50 53.78 54.06 54.31 54.53 54.75 54.97 55.12 55.38 55.56 55.84 56.12 56.44 56.75 57.06 57.34 57.62
39.72 39.81 39.94 40.09 40.25 40.44 40.62 40.81 41.00 41.19 41.41 41.66 41.91 42.16 42.41 42.69 42.94 43.22 43.50 43.81 44.09 44.38 44.62 44.91 45.16 45.34 45.53 45.69 45.84 46.03 46.19 46.34 46.53 46.72 46.94 47.12 47.34 47.59 47.81 48.06 48.31 48.56 48.81 49.09 49.34 49.59 49.84 50.09 50.34 50.62 50.88 51.12 51.38 51.66 51.94 52.22 52.50 52.75 52.97 53.28 53.62 53.84 54.12 54.41 54.69 54.97 55.25 55.53 55.84 56.16 56.47 56.72 56.97 57.19 57.34 57.53 57.69
40.09 40.19 40.34 40.50 40.66 40.84 41.03 41.22 41.41 41.59 41.78 42.00 42.25 42.47 42.72 43.00 43.25 43.53 43.81 44.09 44.38 44.62 44.91 45.16 45.38 45.59 45.78 45.94 46.12 46.28 46.44 46.59 46.75 46.94 47.12 47.31 47.53 47.75 47.97 48.22 48.47 48.72 49.00 49.25 49.50 49.75 50.00 50.25 50.50 50.75 51.00 51.28 51.53 51.81 52.06 52.34 52.62 52.91 53.22 53.56 53.94 54.25 54.62 54.94 55.25 55.53 55.78 56.03 56.25 56.47 56.66 56.81 57.00 57.16 57.31 57.50 57.66
40.47 40.59 40.75 40.91 41.06 41.25 41.44 41.59 41.78 41.97 42.16 42.38 42.59 42.81 43.06 43.31 43.56 43.84 44.12 44.38 44.66 44.91 45.16 45.41 45.62 45.84 46.03 46.22 46.38 46.53 46.69 46.84 47.00 47.16 47.34 47.53 47.72 47.94 48.16 48.41 48.62 48.88 49.16 49.41 49.66 49.91 50.16 50.41 50.66 50.91 51.16 51.41 51.75 52.12 52.47 52.88 53.25 53.59 53.94 54.25 54.56 54.81 55.03 55.25 55.44 55.62 55.84 56.03 56.25 56.44 56.62 56.78 56.97 57.12 57.28 57.47 57.62
40.91 41.00 41.16 41.31 41.47 41.66 41.84 42.00 42.19 42.38 42.56 42.72 42.94 43.16 43.38 43.62 43.88 44.12 44.41 44.69 44.97 45.22 45.50 45.66 45.88 46.06 46.28 46.44 46.62 46.78 46.91 47.06 47.22 47.38 47.53 47.72 47.91 48.12 48.31 48.56 48.81 49.06 49.31 49.56 49.84 50.12 50.47 50.81 51.16 51.50 51.91 52.25 52.59 52.94 53.22 53.50 53.75 53.97 54.19 54.41 54.59 54.81 55.00 55.22 55.41 55.59 55.81 56.00 56.19 56.41 56.59 56.75 56.94 57.09 57.25 57.44 57.59
41.31 41.44 41.56 41.72 41.88 42.06 42.25 42.41 42.59 42.75 42.94 43.09 43.28 43.47 43.69 43.91 44.16 44.44 44.72 45.00 45.28 45.53 45.78 45.94 46.09 46.31 46.50 46.69 46.88 47.03 47.16 47.31 47.44 47.59 47.75 47.91 48.09 48.34 48.62 48.94 49.25 49.59 49.94 50.31 50.62 50.97 51.31 51.62 51.91 52.19 52.41 52.62 52.84 53.06 53.28 53.50 53.72 53.94 54.16 54.34 54.56 54.78 54.97 55.19 55.38 55.56 55.78 55.97 56.16 56.38 56.56 56.72 56.88 57.06 57.22 57.41 57.56
41.75 41.88 41.97 42.12 42.28 42.47 42.62 42.81 43.00 43.16 43.31 43.44 43.59 43.78 43.97 44.19 44.44 44.72 45.00 45.28 45.56 45.81 46.03 46.19 46.34 46.53 46.75 46.97 47.16 47.34 47.53 47.72 47.91 48.12 48.38 48.62 48.94 49.22 49.53 49.84 50.12 50.41 50.66 50.88 51.06 51.28 51.50 51.72 51.94 52.16 52.38 52.59 52.81 53.03 53.25 53.47 53.69 53.91 54.09 54.31 54.53 54.75 54.94 55.16 55.34 55.53 55.75 55.94 56.12 56.34 56.53 56.69 56.84 57.03 57.19 57.38 57.59
42.22 42.31 42.41 42.53 42.69 42.88 43.03 43.22 43.41 43.59 43.78 43.91 44.06 44.25 44.44 44.66 44.91 45.19 45.47 45.75 46.00 46.22 46.44 46.62 46.84 47.06 47.28 47.50 47.72 47.91 48.09 48.31 48.53 48.75 48.94 49.16 49.38 49.59 49.78 50.00 50.22 50.41 50.62 50.84 51.06 51.25 51.47 51.69 51.91 52.12 52.34 52.56 52.78 53.00 53.22 53.44 53.66 53.84 54.06 54.28 54.50 54.72 54.91 55.12 55.31 55.50 55.72 55.91 56.09 56.31 56.50 56.72 56.97 57.25 57.53 57.84 58.22
43.00 43.09 43.22 43.34 43.47 43.59 43.78 43.97 44.16 44.38 44.53 44.69 44.88 45.03 45.22 45.41 45.62 45.81 46.00 46.16 46.34 46.53 46.72 46.91 47.09 47.28 47.44 47.62 47.81 48.00 48.16 48.38 48.56 48.75 48.94 49.12 49.34 49.56 49.78 49.97 50.19 50.41 50.59 50.81 51.03 51.22 51.44 51.66 51.88 52.09 52.31 52.53 52.75 52.97 53.19 53.41 53.59 53.81 54.03 54.25 54.47 54.69 54.88 55.06 55.28 55.53 55.81 56.12 56.47 56.81 57.16 57.44 57.72 58.03 58.25 58.47 58.72
43.19 43.31 43.44 43.59 43.72 43.88 44.03 44.19 44.38 44.53 44.69 44.88 45.03 45.19 45.34 45.53 45.69 45.84 46.03 46.19 46.34 46.53 46.72 46.91 47.06 47.25 47.44 47.62 47.81 47.97 48.16 48.34 48.53 48.72 48.94 49.12 49.31 49.53 49.75 49.94 50.16 50.38 50.56 50.78 51.00 51.22 51.41 51.62 51.84 52.06 52.28 52.50 52.72 52.94 53.16 53.34 53.56 53.78 54.03 54.28 54.56 54.84 55.16 55.50 55.81 56.22 56.62 57.03 57.38 57.69 57.91 58.03 58.16 58.34 58.53 58.69 58.97
43.19 43.31 43.44 43.59 43.72 43.88 44.03 44.19 44.34 44.53 44.69 44.84 45.03 45.19 45.34 45.53 45.69 45.84 46.00 46.19 46.34 46.53 46.72 46.88 47.06 47.25 47.44 47.59 47.78 47.97 48.16 48.34 48.53 48.72 48.91 49.09 49.28 49.50 49.72 49.94 50.12 50.34 50.56 50.75 50.97 51.19 51.38 51.59 51.81 52.03 52.25 52.47 52.69 52.91 53.12 53.38 53.62 53.94 54.31 54.69 55.12 55.50 55.81 56.12 56.47 56.69 57.06 57.38 57.59 57.94 58.19 58.34 58.50 58.62 58.78 59.00 59.22
43.19 43.31 43.44 43.59 43.72 43.88 44.03 44.19 44.34 44.53 44.69 44.84 45.00 45.19 45.34 45.50 45.69 45.84 46.00 46.19 46.34 46.50 46.69 46.88 47.06 47.22 47.41 47.59 47.78 47.94 48.12 48.31 48.50 48.69 48.88 49.09 49.28 49.47 49.69 49.91 50.09 50.31 50.53 50.72 50.94 51.16 51.38 51.62 51.88 52.19 52.44 52.62 52.81 53.09 53.34 53.56 53.91 54.19 54.59 54.97 55.31 55.66 56.00 56.31 56.66 56.94 57.25 57.62 57.91 58.12 58.38 58.59 58.75 58.84 59.00 59.22 59.44
43.19 43.31 43.47 43.59 43.72 43.88 44.00 44.19 44.34 44.50 44.69 44.84 45.00 45.19 45.34 45.50 45.66 45.84 46.00 46.16 46.34 46.50 46.69 46.84 47.03 47.22 47.41 47.56 47.75 47.94 48.12 48.28 48.50 48.69 48.88 49.06 49.25 49.47 49.69 49.91 50.12 50.34 50.59 50.84 51.16 51.47 51.81 52.19 52.50 52.78 52.97 53.06 53.22 53.31 53.56 53.78 54.06 54.31 54.62 54.97 55.34 55.72 56.06 56.38 56.78 57.12 57.41 57.78 58.09 58.34 58.59 58.78 58.94 59.06 59.19 59.38 59.59
43.19 43.31 43.47 43.59 43.72 43.88 44.00 44.19 44.34 44.50 44.66 44.84 45.00 45.16 45.34 45.50 45.66 45.84 46.00 46.16 46.31 46.47 46.66 46.84 47.03 47.22 47.41 47.62 47.81 48.03 48.25 48.44 48.69 48.88 49.09 49.31 49.50 49.72 49.94 50.19 50.41 50.66 50.84 51.19 51.50 51.75 52.12 52.50 52.81 53.06 53.25 53.38 53.50 53.59 53.72 53.97 54.22 54.47 54.75 55.03 55.34 55.78 56.12 56.44 56.88 57.22 57.53 57.91 58.19 58.47 58.75 58.94 59.06 59.19 59.31 59.47 59.66
43.19 43.31 43.47 43.59 43.75 43.88 44.00 44.16 44.34 44.56 44.72 44.91 45.09 45.28 45.44 45.62 45.78 45.94 46.09 46.22 46.34 46.56 46.97 47.22 47.50 47.88 48.22 48.50 48.75 48.94 49.12 49.25 49.41 49.53 49.69 49.88 50.00 50.12 50.25 50.47 50.66 50.84 51.03 51.28 51.59 51.88 52.28 52.59 52.94 53.22 53.44 53.62 53.75 53.88 54.00 54.12 54.38 54.62 54.88 55.16 55.44 55.81 56.16 56.53 56.91 57.25 57.59 57.88 58.25 58.56 58.81 59.00 59.16 59.25 59.38 59.50 59.69
43.72 43.72 43.78 43.91 44.12 44.31 44.62 44.97 45.19 45.41 45.62 45.81 46.00 46.16 46.28 46.41 46.50 46.38 46.41 46.44 46.47 46.84 47.69 48.03 48.38 48.69 48.97 49.19 49.34 49.47 49.53 49.62 49.69 49.78 49.91 50.06 50.19 50.34 50.50 50.66 50.81 51.03 51.22 51.41 51.69 52.03 52.38 52.72 53.06 53.38 53.62 53.81 53.97 54.09 54.22 54.41 54.56 54.75 55.03 55.31 55.53 55.84 56.22 56.53 56.91 57.22 57.56 57.97 58.28 58.59 58.88 59.06 59.19 59.31 59.41 59.53 59.69
44.72 44.88 45.00 45.06 45.22 45.41 45.56 45.75 45.94 46.12 46.28 46.41 46.53 46.69 46.78 46.88 46.88 46.56 46.53 46.56 46.56 46.94 47.94 48.34 48.66 48.94 49.19 49.41 49.56 49.66 49.75 49.78 49.88 49.97 50.06 50.22 50.38 50.53 50.69 50.84 51.00 51.19 51.38 51.59 51.81 52.09 52.41 52.75 53.16 53.47 53.75 53.97 54.16 54.31 54.44 54.62 54.78 54.94 55.16 55.44 55.69 55.94 56.22 56.53 56.88 57.22 57.56 57.94 58.25 58.59 58.88 59.09 59.22 59.31 59.41 59.53 59.72
45.28 45.28 45.38 45.53 45.66 45.72 45.88 46.12 46.19 46.41 46.56 46.69 46.78 46.94 47.06 47.16 47.16 46.72 46.66 46.69 46.69 47.00 48.16 48.66 48.94 49.19 49.44 49.62 49.75 49.88 49.91 49.94 50.03 50.16 50.28 50.38 50.53 50.72 50.88 51.03 51.19 51.34 51.53 51.75 52.00 52.25 52.56 52.81 53.19 53.53 53.81 54.09 54.31 54.50 54.66 54.78 54.91 55.12 55.28 55.53 55.78 56.03 56.28 56.59 56.88 57.19 57.47 57.91 58.25 58.56 58.88 59.09 59.25 59.34 59.44 59.59 59.78
45.72 45.78 45.84 45.97 46.09 46.16 46.28 46.47 46.56 46.66 46.78 46.94 47.06 47.16 47.31 47.47 47.50 46.94 46.78 46.81 46.81 47.06 48.41 48.88 49.22 49.44 49.69 49.88 50.00 50.06 50.12 50.16 50.22 50.34 50.47 50.59 50.75 50.91 51.06 51.22 51.34 51.50 51.69 51.91 52.09 52.34 52.69 52.97 53.28 53.59 53.88 54.16 54.41 54.62 54.81 54.94 55.09 55.25 55.44 55.62 55.88 56.12 56.41 56.62 56.94 57.19 57.50 57.84 58.19 58.56 58.88 59.09 59.25 59.38 59.53 59.69 59.84
46.41 46.31 46.31 46.44 46.50 46.59 46.72 46.81 46.88 46.97 47.09 47.19 47.31 47.44 47.59 47.75 47.81 47.19 46.94 46.94 46.94 47.12 48.56 49.28 49.47 49.75 49.97 50.12 50.19 50.31 50.34 50.38 50.47 50.56 50.69 50.81 50.94 51.06 51.22 51.38 51.53 51.66 51.84 52.06 52.25 52.53 52.81 53.03 53.34 53.62 53.94 54.19 54.47 54.69 54.91 55.09 55.22 55.38 55.56 55.72 55.97 56.22 56.47 56.72 56.97 57.28 57.56 57.88 58.22 58.53 58.88 59.09 59.28 59.44 59.59 59.78 59.94
47.09 47.06 46.97 46.81 46.88 47.00 47.06 47.12 47.25 47.28 47.38 47.47 47.59 47.72 47.88 48.03 48.19 47.47 47.06 47.06 47.06 47.19 48.62 49.62 49.78 50.06 50.28 50.44 50.56 50.59 50.62 50.66 50.72 50.84 50.91 51.06 51.19 51.31 51.41 51.53 51.69 51.81 52.00 52.22 52.44 52.66 52.88 53.16 53.41 53.69 53.94 54.25 54.53 54.75 54.97 55.16 55.31 55.47 55.62 55.84 56.06 56.28 56.53 56.78 57.06 57.38 57.62 57.97 58.25 58.56 58.88 59.12 59.31 59.50 59.69 59.88 60.06
47.66 47.66 47.56 47.34 47.31 47.41 47.41 47.47 47.59 47.66 47.78 47.84 47.94 48.09 48.22 48.41 48.59 47.81 47.19 47.19 47.22 47.25 48.72 49.94 50.12 50.41 50.59 50.78 50.91 50.94 50.97 51.03 51.06 51.09 51.19 51.28 51.44 51.56 51.66 51.72 51.81 51.97 52.16 52.34 52.53 52.75 53.00 53.25 53.44 53.75 53.97 54.28 54.53 54.81 55.03 55.22 55.41 55.56 55.75 55.94 56.16 56.38 56.62 56.88 57.12 57.47 57.75 58.03 58.34 58.62 58.91 59.16 59.41 59.59 59.81 60.00 60.22
48.28 48.19 48.06 47.94 47.81 47.81 47.84 47.88 47.97 48.03 48.12 48.22 48.31 48.44 48.62 48.72 48.88 48.19 47.31 47.31 47.34 47.34 48.78 50.38 50.56 50.78 50.97 51.03 51.22 51.31 51.34 51.38 51.47 51.44 51.53 51.66 51.69 51.81 51.88 51.94 52.00 52.12 52.28 52.44 52.66 52.84 53.09 53.31 53.56 53.78 54.00 54.28 54.56 54.84 55.06 55.31 55.50 55.69 55.84 56.03 56.25 56.47 56.75 57.00 57.28 57.56 57.81 58.12 58.44 58.69 59.00 59.28 59.50 59.72 59.94 60.16 60.38
48.78 48.62 48.56 48.47 48.34 48.31 48.25 48.25 48.31 48.41 48.50 48.59 48.69 48.88 49.03 49.16 49.34 48.62 47.44 47.47 47.50 47.53 48.62 50.59 50.84 51.09 51.31 51.47 51.62 51.69 51.75 51.75 51.81 51.84 51.88 51.94 52.00 52.06 52.09 52.16 52.22 52.28 52.41 52.56 52.75 52.97 53.19 53.41 53.66 53.88 54.12 54.38 54.62 54.91 55.16 55.41 55.59 55.75 55.94 56.12 56.31 56.56 56.81 57.09 57.38 57.66 57.94 58.22 58.53 58.84 59.12 59.41 59.62 59.88 60.09 60.34 60.59
49.25 49.06 49.06 48.94 48.78 48.72 48.69 48.69 48.72 48.78 48.91 49.03 49.16 49.28 49.44 49.56 49.62 49.22 47.75 47.66 47.69 47.72 48.47 50.69 51.16 51.38 51.59 51.78 51.91 52.03 52.06 52.06 52.12 52.16 52.19 52.25 52.28 52.31 52.38 52.38 52.41 52.47 52.53 52.69 52.88 53.03 53.31 53.53 53.78 54.00 54.22 54.44 54.72 54.97 55.25 55.47 55.69 55.84 56.03 56.22 56.44 56.62 56.88 57.19 57.47 57.75 58.03 58.31 58.62 58.94 59.25 59.53 59.78 60.06 60.31 60.56 60.84
49.66 49.59 49.44 49.41 49.28 49.16 49.16 49.09 49.12 49.19 49.25 49.44 49.53 49.66 49.78 49.94 50.06 49.78 48.19 47.84 47.88 47.94 48.34 50.56 51.47 51.66 51.84 52.00 52.16 52.25 52.31 52.34 52.38 52.41 52.44 52.50 52.53 52.59 52.59 52.56 52.62 52.66 52.69 52.84 53.00 53.16 53.41 53.62 53.88 54.09 54.34 54.59 54.81 55.06 55.28 55.56 55.75 55.94 56.12 56.31 56.50 56.75 57.00 57.25 57.53 57.81 58.09 58.41 58.69 59.03 59.38 59.66 59.97 60.25 60.53 60.81 61.12
50.03 49.97 49.91 49.75 49.72 49.62 49.53 49.56 49.56 49.59 49.72 49.81 49.94 50.06 50.16 50.28 50.41 50.31 48.75 48.06 48.12 48.16 48.31 50.34 51.66 51.84 52.03 52.19 52.31 52.41 52.50 52.53 52.59 52.62 52.66 52.72 52.78 52.81 52.78 52.78 52.81 52.88 52.91 53.03 53.16 53.31 53.56 53.75 54.00 54.25 54.50 54.72 54.97 55.19 55.41 55.62 55.81 56.00 56.19 56.38 56.59 56.81 57.06 57.31 57.56 57.88 58.16 58.47 58.78 59.12 59.44 59.78 60.09 60.41 60.75 61.06 61.38
50.41 50.31 50.28 50.19 50.06 50.03 49.94 49.91 50.00 50.00 50.09 50.22 50.31 50.38 50.53 50.62 50.66 50.81 49.41 48.31 48.34 48.41 48.47 50.03 51.81 51.97 52.16 52.31 52.41 52.50 52.56 52.62 52.69 52.75 52.81 52.91 52.97 53.00 53.03 53.03 53.03 53.06 53.12 53.22 53.38 53.53 53.75 53.97 54.19 54.44 54.62 54.88 55.12 55.34 55.53 55.72 55.91 56.09 56.25 56.44 56.62 56.88 57.12 57.34 57.62 57.91 58.22 58.53 58.88 59.19 59.53 59.88 60.22 60.56 60.91 61.28 61.59
50.78 50.72 50.66 50.53 50.47 50.44 50.34 50.34 50.41 50.44 50.53 50.62 50.69 50.78 50.88 50.97 51.06 51.06 50.09 48.59 48.59 48.66 48.69 49.75 51.81 52.09 52.25 52.38 52.47 52.53 52.62 52.72 52.78 52.91 53.00 53.12 53.19 53.25 53.25 53.25 53.31 53.34 53.38 53.47 53.56 53.75 53.94 54.12 54.38 54.59 54.81 55.03 55.28 55.50 55.69 55.84 56.03 56.19 56.34 56.53 56.75 56.94 57.16 57.44 57.72 58.00 58.31 58.62 58.94 59.28 59.62 59.97 60.31 60.69 61.06 61.41 61.75
