everonasctiles/Tile11,33.asc
ncols 128
nrows 128
xllcorner 0
yllcorner 0
cellsize 2.0
NODATA_value  -9999
[rows 96 to 127 of 128, columns 0 to 70 of 128]
-49.22 -49.50 -49.75 -50.00 -50.22 -50.47 -50.69 -50.94 -51.19 -51.44 -51.69 -51.94 -52.22 -52.47 -52.75 -53.00 -53.28 -53.53 -53.78 -54.03 -54.25 -54.44 -54.62 -54.78 -54.91 -55.03 -55.16 -55.25 -55.34 -55.44 -55.56 -55.69 -55.81 -55.97 -56.12 -56.28 -56.44 -56.56 -56.72 -56.84 -57.00 -57.12 -57.28 -57.41 -57.56 -57.75 -57.94 -58.12 -58.31 -58.47 -58.59 -58.69 -58.75 -58.78 -58.81 -58.84 -58.84 -58.84 -58.84 -58.81 -58.78 -58.78 -58.78 -58.78 -58.78 -58.78 -58.78 -58.78 -58.75 -58.75 -58.72
-49.25 -49.56 -49.84 -50.09 -50.31 -50.53 -50.75 -51.00 -51.25 -51.50 -51.75 -52.00 -52.28 -52.53 -52.81 -53.06 -53.31 -53.59 -53.81 -54.06 -54.28 -54.47 -54.66 -54.81 -54.97 -55.09 -55.19 -55.31 -55.41 -55.47 -55.56 -55.69 -55.81 -55.94 -56.09 -56.22 -56.34 -56.47 -56.56 -56.69 -56.81 -56.94 -57.06 -57.22 -57.38 -57.59 -57.81 -58.00 -58.19 -58.34 -58.50 -58.56 -58.62 -58.66 -58.69 -58.72 -58.72 -58.69 -58.69 -58.66 -58.62 -58.59 -58.59 -58.59 -58.62 -58.62 -58.66 -58.62 -58.62 -58.59 -58.59
-49.28 -49.59 -49.91 -50.16 -50.41 -50.62 -50.84 -51.06 -51.31 -51.53 -51.81 -52.06 -52.31 -52.56 -52.81 -53.09 -53.34 -53.59 -53.84 -54.06 -54.28 -54.47 -54.66 -54.84 -54.97 -55.09 -55.22 -55.31 -55.38 -55.47 -55.56 -55.66 -55.75 -55.88 -56.00 -56.12 -56.22 -56.31 -56.41 -56.53 -56.62 -56.72 -56.88 -57.00 -57.22 -57.44 -57.66 -57.88 -58.06 -58.25 -58.38 -58.44 -58.47 -58.50 -58.53 -58.53 -58.53 -58.53 -58.50 -58.47 -58.44 -58.41 -58.41 -58.41 -58.44 -58.47 -58.50 -58.50 -58.47 -58.47 -58.44
-49.31 -49.62 -49.94 -50.22 -50.47 -50.72 -50.94 -51.16 -51.38 -51.59 -51.84 -52.06 -52.31 -52.56 -52.84 -53.09 -53.34 -53.56 -53.81 -54.03 -54.25 -54.47 -54.66 -54.81 -54.97 -55.09 -55.22 -55.28 -55.34 -55.41 -55.50 -55.56 -55.69 -55.78 -55.91 -56.00 -56.09 -56.16 -56.25 -56.31 -56.41 -56.53 -56.66 -56.84 -57.06 -57.28 -57.53 -57.75 -57.94 -58.12 -58.25 -58.31 -58.34 -58.34 -58.34 -58.38 -58.34 -58.34 -58.28 -58.25 -58.22 -58.19 -58.19 -58.19 -58.25 -58.31 -58.34 -58.34 -58.31 -58.28 -58.28
-49.25 -49.56 -49.88 -50.16 -50.44 -50.72 -50.94 -51.19 -51.41 -51.62 -51.84 -52.09 -52.31 -52.56 -52.81 -53.06 -53.31 -53.53 -53.78 -54.00 -54.22 -54.44 -54.62 -54.81 -54.97 -55.09 -55.19 -55.28 -55.31 -55.38 -55.44 -55.50 -55.59 -55.69 -55.78 -55.88 -55.94 -56.00 -56.06 -56.12 -56.22 -56.34 -56.47 -56.69 -56.91 -57.16 -57.41 -57.62 -57.84 -58.00 -58.12 -58.16 -58.19 -58.19 -58.16 -58.16 -58.16 -58.12 -58.06 -58.00 -57.97 -57.94 -57.97 -58.00 -58.06 -58.16 -58.19 -58.19 -58.16 -58.12 -58.09
-49.16 -49.47 -49.78 -50.06 -50.34 -50.62 -50.88 -51.12 -51.38 -51.62 -51.84 -52.09 -52.31 -52.56 -52.78 -53.03 -53.25 -53.50 -53.72 -53.97 -54.19 -54.41 -54.59 -54.78 -54.94 -55.09 -55.19 -55.25 -55.28 -55.34 -55.38 -55.44 -55.50 -55.56 -55.66 -55.72 -55.78 -55.84 -55.88 -55.97 -56.06 -56.19 -56.34 -56.56 -56.81 -57.06 -57.31 -57.53 -57.75 -57.91 -58.00 -58.03 -58.03 -58.00 -57.97 -57.94 -57.94 -57.88 -57.84 -57.78 -57.72 -57.72 -57.72 -57.81 -57.91 -58.00 -58.03 -58.03 -58.00 -57.97 -57.94
-49.03 -49.34 -49.66 -49.94 -50.22 -50.50 -50.78 -51.03 -51.31 -51.56 -51.81 -52.09 -52.31 -52.56 -52.78 -53.00 -53.22 -53.47 -53.69 -53.94 -54.16 -54.38 -54.59 -54.75 -54.94 -55.06 -55.16 -55.22 -55.25 -55.28 -55.31 -55.38 -55.41 -55.47 -55.56 -55.62 -55.66 -55.69 -55.72 -55.78 -55.88 -56.06 -56.28 -56.50 -56.75 -57.00 -57.22 -57.47 -57.66 -57.81 -57.88 -57.91 -57.88 -57.81 -57.78 -57.72 -57.69 -57.66 -57.59 -57.53 -57.47 -57.47 -57.53 -57.62 -57.75 -57.84 -57.88 -57.84 -57.81 -57.78 -57.78
-48.91 -49.22 -49.50 -49.81 -50.09 -50.38 -50.66 -50.94 -51.22 -51.50 -51.78 -52.06 -52.31 -52.56 -52.78 -53.00 -53.22 -53.44 -53.66 -53.91 -54.12 -54.34 -54.56 -54.72 -54.88 -55.03 -55.12 -55.22 -55.25 -55.31 -55.31 -55.34 -55.38 -55.41 -55.47 -55.50 -55.56 -55.56 -55.59 -55.66 -55.81 -56.03 -56.25 -56.47 -56.72 -56.94 -57.19 -57.41 -57.56 -57.72 -57.78 -57.78 -57.72 -57.66 -57.59 -57.53 -57.47 -57.41 -57.34 -57.28 -57.22 -57.25 -57.38 -57.47 -57.59 -57.66 -57.69 -57.66 -57.66 -57.62 -57.62
-48.81 -49.09 -49.41 -49.69 -50.00 -50.28 -50.56 -50.88 -51.16 -51.47 -51.75 -52.03 -52.31 -52.56 -52.81 -53.00 -53.22 -53.44 -53.66 -53.88 -54.09 -54.31 -54.50 -54.69 -54.84 -55.00 -55.12 -55.22 -55.28 -55.34 -55.38 -55.41 -55.41 -55.44 -55.47 -55.53 -55.59 -55.62 -55.69 -55.72 -55.88 -56.06 -56.25 -56.47 -56.69 -56.94 -57.16 -57.34 -57.50 -57.59 -57.66 -57.62 -57.56 -57.50 -57.41 -57.34 -57.25 -57.19 -57.12 -57.06 -57.03 -57.09 -57.22 -57.34 -57.44 -57.47 -57.47 -57.44 -57.44 -57.44 -57.47
-48.97 -49.22 -49.47 -49.75 -50.03 -50.31 -50.59 -50.88 -51.19 -51.47 -51.75 -52.03 -52.31 -52.56 -52.78 -52.97 -53.19 -53.38 -53.59 -53.81 -54.03 -54.25 -54.47 -54.66 -54.81 -54.97 -55.09 -55.22 -55.34 -55.44 -55.47 -55.50 -55.53 -55.53 -55.56 -55.62 -55.69 -55.75 -55.81 -55.88 -55.97 -56.12 -56.28 -56.50 -56.69 -56.91 -57.09 -57.28 -57.41 -57.50 -57.50 -57.50 -57.44 -57.34 -57.25 -57.16 -57.06 -57.00 -56.91 -56.88 -56.88 -56.97 -57.09 -57.19 -57.25 -57.25 -57.25 -57.22 -57.25 -57.25 -57.28
-49.16 -49.38 -49.59 -49.84 -50.09 -50.38 -50.66 -50.94 -51.22 -51.50 -51.75 -52.03 -52.28 -52.50 -52.72 -52.91 -53.09 -53.31 -53.53 -53.75 -53.97 -54.19 -54.41 -54.59 -54.78 -54.97 -55.12 -55.25 -55.41 -55.50 -55.59 -55.62 -55.66 -55.66 -55.69 -55.75 -55.81 -55.91 -55.97 -56.00 -56.09 -56.22 -56.34 -56.53 -56.69 -56.88 -57.06 -57.19 -57.31 -57.38 -57.38 -57.34 -57.28 -57.19 -57.09 -57.00 -56.91 -56.81 -56.75 -56.72 -56.75 -56.84 -56.97 -57.03 -57.06 -57.06 -57.03 -57.03 -57.03 -57.06 -57.09
-49.31 -49.53 -49.72 -49.97 -50.22 -50.47 -50.72 -51.00 -51.25 -51.53 -51.78 -52.00 -52.22 -52.44 -52.62 -52.81 -53.03 -53.22 -53.47 -53.69 -53.91 -54.16 -54.38 -54.56 -54.78 -54.97 -55.12 -55.31 -55.47 -55.59 -55.69 -55.78 -55.78 -55.81 -55.84 -55.91 -55.97 -56.06 -56.12 -56.19 -56.25 -56.34 -56.44 -56.59 -56.72 -56.88 -57.00 -57.12 -57.19 -57.25 -57.25 -57.22 -57.16 -57.06 -56.94 -56.84 -56.75 -56.69 -56.59 -56.59 -56.66 -56.75 -56.84 -56.91 -56.91 -56.88 -56.84 -56.81 -56.81 -56.84 -56.91
-49.47 -49.66 -49.84 -50.06 -50.31 -50.53 -50.78 -51.06 -51.31 -51.53 -51.78 -52.00 -52.19 -52.38 -52.56 -52.75 -52.94 -53.16 -53.41 -53.62 -53.88 -54.09 -54.31 -54.53 -54.75 -54.97 -55.16 -55.34 -55.53 -55.69 -55.81 -55.91 -55.94 -56.00 -56.03 -56.09 -56.16 -56.25 -56.31 -56.34 -56.41 -56.47 -56.56 -56.66 -56.75 -56.88 -56.97 -57.03 -57.09 -57.12 -57.12 -57.09 -57.03 -56.94 -56.84 -56.72 -56.62 -56.56 -56.50 -56.50 -56.56 -56.62 -56.72 -56.78 -56.75 -56.72 -56.66 -56.62 -56.62 -56.66 -56.69
-49.53 -49.72 -49.94 -50.16 -50.38 -50.62 -50.84 -51.09 -51.31 -51.56 -51.75 -51.97 -52.12 -52.31 -52.50 -52.69 -52.91 -53.12 -53.34 -53.59 -53.81 -54.06 -54.28 -54.50 -54.72 -54.97 -55.19 -55.41 -55.59 -55.78 -55.91 -56.03 -56.09 -56.16 -56.22 -56.28 -56.34 -56.41 -56.47 -56.53 -56.56 -56.62 -56.66 -56.72 -56.78 -56.84 -56.91 -56.97 -56.97 -57.00 -57.00 -56.97 -56.91 -56.84 -56.75 -56.66 -56.56 -56.50 -56.44 -56.44 -56.47 -56.56 -56.62 -56.66 -56.62 -56.59 -56.53 -56.47 -56.47 -56.47 -56.50
-49.56 -49.78 -50.00 -50.22 -50.44 -50.66 -50.91 -51.12 -51.34 -51.56 -51.75 -51.94 -52.09 -52.28 -52.47 -52.66 -52.88 -53.09 -53.31 -53.53 -53.78 -54.00 -54.25 -54.47 -54.72 -54.97 -55.19 -55.44 -55.66 -55.84 -56.00 -56.16 -56.25 -56.31 -56.38 -56.44 -56.53 -56.59 -56.66 -56.69 -56.72 -56.75 -56.78 -56.78 -56.81 -56.84 -56.84 -56.88 -56.88 -56.88 -56.88 -56.84 -56.78 -56.72 -56.66 -56.59 -56.50 -56.44 -56.41 -56.38 -56.44 -56.47 -56.53 -56.53 -56.50 -56.47 -56.41 -56.34 -56.31 -56.31 -56.31
-49.56 -49.78 -50.03 -50.25 -50.47 -50.69 -50.94 -51.16 -51.38 -51.56 -51.75 -51.91 -52.06 -52.25 -52.44 -52.66 -52.84 -53.06 -53.28 -53.50 -53.72 -53.97 -54.22 -54.47 -54.72 -54.97 -55.22 -55.47 -55.69 -55.91 -56.09 -56.25 -56.38 -56.47 -56.53 -56.62 -56.69 -56.75 -56.78 -56.81 -56.84 -56.84 -56.84 -56.84 -56.81 -56.81 -56.81 -56.78 -56.78 -56.75 -56.75 -56.72 -56.69 -56.62 -56.56 -56.53 -56.47 -56.41 -56.38 -56.34 -56.38 -56.41 -56.44 -56.44 -56.41 -56.38 -56.28 -56.22 -56.19 -56.16 -56.12
-49.56 -49.81 -50.03 -50.25 -50.50 -50.72 -50.94 -51.16 -51.38 -51.56 -51.72 -51.88 -52.03 -52.22 -52.41 -52.59 -52.81 -53.00 -53.22 -53.44 -53.66 -53.91 -54.19 -54.44 -54.72 -54.97 -55.22 -55.47 -55.72 -55.94 -56.16 -56.31 -56.47 -56.59 -56.69 -56.75 -56.81 -56.88 -56.91 -56.94 -56.94 -56.94 -56.91 -56.88 -56.84 -56.81 -56.78 -56.75 -56.72 -56.69 -56.62 -56.59 -56.56 -56.53 -56.50 -56.47 -56.44 -56.38 -56.34 -56.31 -56.31 -56.31 -56.34 -56.34 -56.31 -56.28 -56.22 -56.12 -56.06 -56.00 -55.97
-49.53 -49.78 -50.00 -50.25 -50.47 -50.69 -50.91 -51.12 -51.31 -51.50 -51.69 -51.84 -51.97 -52.16 -52.31 -52.50 -52.69 -52.91 -53.09 -53.34 -53.59 -53.84 -54.12 -54.41 -54.69 -54.97 -55.22 -55.47 -55.72 -55.97 -56.19 -56.38 -56.53 -56.69 -56.78 -56.84 -56.91 -56.94 -56.97 -57.00 -57.00 -56.97 -56.94 -56.91 -56.84 -56.81 -56.78 -56.72 -56.69 -56.62 -56.56 -56.50 -56.47 -56.44 -56.41 -56.38 -56.38 -56.34 -56.31 -56.28 -56.25 -56.25 -56.25 -56.25 -56.25 -56.22 -56.16 -56.06 -56.00 -55.91 -55.84
-49.50 -49.72 -49.97 -50.19 -50.44 -50.66 -50.84 -51.06 -51.25 -51.41 -51.59 -51.75 -51.88 -52.03 -52.19 -52.38 -52.56 -52.78 -53.00 -53.22 -53.47 -53.75 -54.03 -54.31 -54.59 -54.91 -55.19 -55.44 -55.69 -55.94 -56.19 -56.38 -56.56 -56.72 -56.84 -56.91 -56.97 -57.00 -57.03 -57.03 -57.00 -57.00 -56.94 -56.91 -56.88 -56.81 -56.78 -56.72 -56.66 -56.59 -56.53 -56.44 -56.38 -56.34 -56.31 -56.31 -56.28 -56.25 -56.25 -56.22 -56.19 -56.19 -56.19 -56.19 -56.19 -56.16 -56.09 -56.03 -55.94 -55.84 -55.78
-49.44 -49.69 -49.91 -50.12 -50.34 -50.56 -50.75 -50.94 -51.12 -51.31 -51.47 -51.62 -51.75 -51.91 -52.06 -52.25 -52.44 -52.66 -52.88 -53.12 -53.38 -53.66 -53.94 -54.22 -54.50 -54.78 -55.09 -55.38 -55.66 -55.91 -56.16 -56.38 -56.56 -56.72 -56.84 -56.94 -56.97 -57.00 -57.03 -57.00 -57.00 -56.97 -56.94 -56.91 -56.84 -56.81 -56.75 -56.69 -56.62 -56.56 -56.47 -56.41 -56.31 -56.25 -56.22 -56.19 -56.19 -56.16 -56.16 -56.12 -56.12 -56.12 -56.12 -56.16 -56.12 -56.09 -56.06 -55.97 -55.88 -55.78 -55.72
-49.41 -49.62 -49.84 -50.06 -50.28 -50.47 -50.66 -50.81 -51.00 -51.19 -51.34 -51.50 -51.62 -51.78 -51.94 -52.12 -52.31 -52.53 -52.78 -53.03 -53.28 -53.56 -53.81 -54.09 -54.38 -54.69 -54.97 -55.28 -55.56 -55.84 -56.12 -56.34 -56.56 -56.72 -56.84 -56.94 -56.97 -57.00 -57.00 -57.00 -57.00 -56.97 -56.91 -56.88 -56.81 -56.75 -56.72 -56.66 -56.59 -56.50 -56.41 -56.34 -56.25 -56.19 -56.12 -56.09 -56.06 -56.06 -56.03 -56.03 -56.03 -56.03 -56.06 -56.06 -56.09 -56.06 -56.00 -55.91 -55.81 -55.75 -55.66
-49.41 -49.59 -49.81 -50.00 -50.19 -50.38 -50.56 -50.75 -50.94 -51.09 -51.28 -51.41 -51.56 -51.69 -51.84 -52.03 -52.25 -52.47 -52.69 -52.94 -53.19 -53.47 -53.72 -54.00 -54.28 -54.59 -54.88 -55.19 -55.50 -55.81 -56.09 -56.34 -56.53 -56.72 -56.84 -56.91 -56.97 -57.00 -57.00 -57.00 -56.97 -56.94 -56.88 -56.81 -56.75 -56.69 -56.62 -56.56 -56.50 -56.44 -56.34 -56.25 -56.16 -56.09 -56.03 -56.00 -55.97 -55.94 -55.94 -55.94 -55.94 -55.97 -56.00 -56.00 -56.00 -55.97 -55.94 -55.84 -55.75 -55.69 -55.59
-49.41 -49.62 -49.81 -50.00 -50.19 -50.34 -50.53 -50.72 -50.88 -51.06 -51.25 -51.41 -51.56 -51.69 -51.81 -52.00 -52.19 -52.41 -52.62 -52.84 -53.09 -53.34 -53.62 -53.91 -54.19 -54.50 -54.81 -55.16 -55.47 -55.78 -56.06 -56.31 -56.53 -56.69 -56.81 -56.91 -56.97 -56.97 -57.00 -56.97 -56.94 -56.88 -56.81 -56.72 -56.66 -56.59 -56.53 -56.47 -56.41 -56.31 -56.22 -56.16 -56.06 -56.00 -55.94 -55.88 -55.84 -55.84 -55.84 -55.84 -55.84 -55.88 -55.91 -55.91 -55.91 -55.91 -55.84 -55.78 -55.69 -55.59 -55.53
-49.47 -49.69 -49.91 -50.09 -50.28 -50.44 -50.59 -50.78 -50.94 -51.12 -51.28 -51.47 -51.62 -51.78 -51.91 -52.06 -52.19 -52.38 -52.56 -52.75 -53.00 -53.25 -53.53 -53.81 -54.12 -54.44 -54.75 -55.09 -55.44 -55.75 -56.03 -56.28 -56.47 -56.66 -56.78 -56.88 -56.94 -56.97 -56.97 -56.94 -56.88 -56.81 -56.72 -56.62 -56.56 -56.47 -56.41 -56.34 -56.28 -56.19 -56.09 -56.03 -55.94 -55.88 -55.81 -55.78 -55.75 -55.72 -55.72 -55.75 -55.75 -55.78 -55.78 -55.81 -55.81 -55.78 -55.72 -55.66 -55.59 -55.53 -55.47
-49.59 -49.81 -50.03 -50.22 -50.41 -50.59 -50.75 -50.91 -51.06 -51.22 -51.41 -51.56 -51.75 -51.91 -52.06 -52.19 -52.34 -52.47 -52.59 -52.75 -52.91 -53.12 -53.41 -53.69 -54.00 -54.34 -54.69 -55.03 -55.38 -55.69 -55.97 -56.22 -56.41 -56.59 -56.72 -56.81 -56.91 -56.94 -56.91 -56.88 -56.81 -56.72 -56.62 -56.53 -56.44 -56.34 -56.25 -56.19 -56.12 -56.03 -55.94 -55.88 -55.81 -55.75 -55.69 -55.66 -55.62 -55.59 -55.59 -55.62 -55.62 -55.66 -55.66 -55.66 -55.66 -55.62 -55.59 -55.53 -55.47 -55.41 -55.38
-49.75 -49.97 -50.19 -50.41 -50.59 -50.78 -50.94 -51.09 -51.22 -51.38 -51.53 -51.69 -51.88 -52.06 -52.22 -52.38 -52.50 -52.66 -52.78 -52.91 -53.03 -53.12 -53.28 -53.53 -53.88 -54.25 -54.59 -54.94 -55.25 -55.56 -55.88 -56.12 -56.34 -56.53 -56.66 -56.78 -56.84 -56.88 -56.88 -56.78 -56.69 -56.59 -56.50 -56.38 -56.28 -56.19 -56.09 -56.00 -55.94 -55.88 -55.78 -55.72 -55.66 -55.62 -55.56 -55.50 -55.47 -55.44 -55.47 -55.47 -55.47 -55.50 -55.50 -55.47 -55.47 -55.47 -55.44 -55.38 -55.34 -55.28 -55.25
-49.94 -50.16 -50.38 -50.59 -50.81 -51.00 -51.16 -51.28 -51.44 -51.56 -51.72 -51.88 -52.03 -52.22 -52.41 -52.59 -52.72 -52.88 -53.00 -53.12 -53.22 -53.31 -53.34 -53.41 -53.69 -54.09 -54.47 -54.84 -55.16 -55.47 -55.75 -56.00 -56.25 -56.44 -56.56 -56.69 -56.78 -56.81 -56.78 -56.72 -56.59 -56.47 -56.34 -56.22 -56.09 -56.00 -55.91 -55.81 -55.75 -55.66 -55.59 -55.53 -55.50 -55.44 -55.41 -55.34 -55.31 -55.28 -55.28 -55.31 -55.31 -55.31 -55.31 -55.28 -55.28 -55.25 -55.25 -55.22 -55.19 -55.16 -55.12
-50.16 -50.38 -50.59 -50.81 -51.03 -51.22 -51.38 -51.50 -51.62 -51.78 -51.91 -52.06 -52.22 -52.41 -52.59 -52.78 -52.94 -53.09 -53.22 -53.34 -53.44 -53.50 -53.56 -53.56 -53.62 -53.91 -54.34 -54.72 -55.03 -55.34 -55.62 -55.91 -56.12 -56.31 -56.47 -56.59 -56.69 -56.72 -56.69 -56.59 -56.47 -56.34 -56.19 -56.03 -55.91 -55.78 -55.69 -55.59 -55.53 -55.44 -55.41 -55.34 -55.31 -55.25 -55.22 -55.16 -55.12 -55.12 -55.12 -55.12 -55.12 -55.12 -55.09 -55.09 -55.06 -55.03 -55.03 -55.00 -55.00 -55.00 -55.00
-50.38 -50.59 -50.81 -51.03 -51.22 -51.41 -51.59 -51.72 -51.84 -52.00 -52.12 -52.28 -52.44 -52.59 -52.78 -52.97 -53.16 -53.31 -53.44 -53.56 -53.66 -53.72 -53.75 -53.78 -53.81 -53.97 -54.28 -54.62 -54.94 -55.25 -55.53 -55.78 -56.00 -56.19 -56.34 -56.50 -56.59 -56.62 -56.59 -56.50 -56.38 -56.22 -56.03 -55.84 -55.69 -55.56 -55.44 -55.38 -55.28 -55.22 -55.16 -55.12 -55.09 -55.06 -55.00 -54.97 -54.94 -54.91 -54.94 -54.94 -54.94 -54.91 -54.91 -54.84 -54.84 -54.81 -54.81 -54.78 -54.81 -54.81 -54.84
-50.56 -50.78 -51.00 -51.22 -51.41 -51.59 -51.78 -51.94 -52.06 -52.22 -52.34 -52.50 -52.66 -52.81 -52.97 -53.12 -53.31 -53.47 -53.62 -53.75 -53.84 -53.91 -53.94 -53.97 -54.03 -54.12 -54.31 -54.59 -54.88 -55.12 -55.41 -55.66 -55.88 -56.06 -56.22 -56.34 -56.47 -56.50 -56.47 -56.38 -56.25 -56.06 -55.88 -55.69 -55.50 -55.34 -55.22 -55.12 -55.03 -54.97 -54.94 -54.91 -54.88 -54.81 -54.78 -54.75 -54.72 -54.72 -54.72 -54.72 -54.72 -54.72 -54.69 -54.62 -54.59 -54.56 -54.56 -54.56 -54.59 -54.66 -54.72
-50.72 -50.94 -51.16 -51.38 -51.59 -51.78 -51.97 -52.12 -52.28 -52.41 -52.56 -52.72 -52.88 -53.03 -53.16 -53.31 -53.47 -53.62 -53.78 -53.94 -54.03 -54.09 -54.16 -54.19 -54.22 -54.31 -54.44 -54.59 -54.81 -55.06 -55.28 -55.53 -55.72 -55.91 -56.06 -56.22 -56.31 -56.34 -56.31 -56.25 -56.09 -55.94 -55.75 -55.56 -55.34 -55.12 -54.97 -54.88 -54.81 -54.75 -54.69 -54.66 -54.62 -54.59 -54.56 -54.50 -54.50 -54.50 -54.50 -54.50 -54.50 -54.50 -54.47 -54.41 -54.38 -54.34 -54.34 -54.34 -54.41 -54.47 -54.56
-50.84 -51.06 -51.28 -51.50 -51.72 -51.94 -52.12 -52.31 -52.47 -52.62 -52.78 -52.94 -53.06 -53.22 -53.38 -53.50 -53.66 -53.78 -53.94 -54.09 -54.19 -54.28 -54.34 -54.38 -54.41 -54.47 -54.56 -54.66 -54.81 -55.00 -55.19 -55.41 -55.59 -55.78 -55.94 -56.06 -56.16 -56.22 -56.19 -56.09 -55.97 -55.81 -55.62 -55.44 -55.22 -54.97 -54.75 -54.62 -54.56 -54.50 -54.47 -54.41 -54.38 -54.34 -54.31 -54.28 -54.25 -54.28 -54.28 -54.28 -54.28 -54.25 -54.22 -54.19 -54.12 -54.09 -54.09 -54.16 -54.22 -54.31 -54.41
