everonasctiles/Tile[49,2].asc
ncols 128
nrows 128
xllcorner 0
yllcorner 0
cellsize 2.0
NODATA_value  -9999
[rows 87 to 115 of 128, columns 0 to 66 of 128]
-151.53 -151.97 -152.44 -152.84 -153.25 -153.62 -154.03 -154.44 -154.88 -155.38 -155.84 -156.28 -156.69 -157.09 -157.47 -157.84 -158.19 -158.56 -159.06 -159.56 -160.09 -160.62 -161.12 -161.59 -162.03 -162.44 -162.81 -163.12 -163.41 -163.66 -163.91 -164.12 -164.34 -164.53 -164.78 -165.03 -165.31 -165.59 -165.91 -166.19 -166.44 -166.69 -166.88 -167.03 -167.19 -167.34 -167.50 -167.66 -167.81 -167.97 -168.12 -168.25 -168.41 -168.50 -168.59 -168.69 -168.75 -168.81 -168.91 -169.00 -169.06 -169.16 -169.22 -169.28 -169.34 -169.38 -169.41
-151.88 -152.34 -152.81 -153.25 -153.66 -154.06 -154.47 -154.88 -155.28 -155.75 -156.22 -156.69 -157.12 -157.53 -157.91 -158.25 -158.59 -158.94 -159.28 -159.72 -160.25 -160.78 -161.31 -161.78 -162.25 -162.69 -163.09 -163.44 -163.75 -164.00 -164.25 -164.47 -164.69 -164.91 -165.12 -165.38 -165.62 -165.91 -166.19 -166.47 -166.72 -166.94 -167.12 -167.28 -167.44 -167.59 -167.72 -167.88 -168.03 -168.19 -168.34 -168.47 -168.59 -168.72 -168.81 -168.91 -168.97 -169.03 -169.12 -169.19 -169.28 -169.34 -169.41 -169.47 -169.53 -169.59 -169.62
-152.19 -152.66 -153.12 -153.59 -154.06 -154.47 -154.88 -155.28 -155.69 -156.12 -156.59 -157.06 -157.56 -157.97 -158.34 -158.72 -159.06 -159.38 -159.69 -160.00 -160.41 -160.94 -161.47 -161.97 -162.47 -162.91 -163.31 -163.69 -164.03 -164.31 -164.59 -164.81 -165.03 -165.25 -165.47 -165.72 -165.97 -166.22 -166.50 -166.75 -167.00 -167.22 -167.41 -167.56 -167.69 -167.84 -167.97 -168.12 -168.25 -168.41 -168.56 -168.69 -168.81 -168.94 -169.03 -169.12 -169.19 -169.25 -169.34 -169.41 -169.47 -169.56 -169.62 -169.66 -169.72 -169.75 -169.78
-152.44 -152.94 -153.44 -153.94 -154.41 -154.88 -155.28 -155.69 -156.09 -156.50 -156.94 -157.44 -157.91 -158.38 -158.78 -159.16 -159.50 -159.84 -160.16 -160.44 -160.75 -161.16 -161.66 -162.16 -162.66 -163.09 -163.53 -163.91 -164.28 -164.59 -164.88 -165.12 -165.38 -165.59 -165.81 -166.03 -166.25 -166.50 -166.78 -167.03 -167.28 -167.50 -167.69 -167.84 -167.97 -168.09 -168.22 -168.34 -168.50 -168.62 -168.78 -168.91 -169.03 -169.16 -169.25 -169.34 -169.41 -169.47 -169.56 -169.62 -169.69 -169.75 -169.81 -169.84 -169.91 -169.94 -169.97
-152.62 -153.12 -153.66 -154.16 -154.69 -155.19 -155.66 -156.09 -156.50 -156.91 -157.31 -157.75 -158.22 -158.69 -159.16 -159.56 -159.94 -160.28 -160.59 -160.88 -161.19 -161.53 -161.91 -162.38 -162.84 -163.28 -163.72 -164.09 -164.47 -164.81 -165.12 -165.41 -165.66 -165.91 -166.12 -166.31 -166.56 -166.78 -167.03 -167.28 -167.53 -167.75 -167.94 -168.09 -168.22 -168.34 -168.47 -168.59 -168.72 -168.88 -169.00 -169.12 -169.25 -169.38 -169.47 -169.56 -169.62 -169.69 -169.78 -169.84 -169.91 -169.97 -170.00 -170.03 -170.09 -170.12 -170.16
-152.75 -153.28 -153.81 -154.34 -154.88 -155.38 -155.91 -156.38 -156.84 -157.25 -157.69 -158.09 -158.53 -159.00 -159.44 -159.88 -160.28 -160.66 -160.97 -161.28 -161.59 -161.94 -162.25 -162.66 -163.06 -163.50 -163.91 -164.31 -164.66 -165.00 -165.34 -165.66 -165.94 -166.19 -166.41 -166.59 -166.81 -167.03 -167.28 -167.53 -167.78 -168.00 -168.19 -168.34 -168.47 -168.59 -168.72 -168.84 -168.97 -169.09 -169.22 -169.34 -169.47 -169.59 -169.69 -169.75 -169.84 -169.91 -170.00 -170.06 -170.12 -170.16 -170.19 -170.22 -170.25 -170.28 -170.31
-152.91 -153.41 -153.91 -154.44 -155.00 -155.53 -156.06 -156.59 -157.09 -157.56 -158.00 -158.44 -158.88 -159.31 -159.72 -160.16 -160.56 -160.94 -161.31 -161.66 -161.97 -162.28 -162.62 -162.97 -163.34 -163.75 -164.12 -164.50 -164.88 -165.22 -165.53 -165.84 -166.12 -166.41 -166.66 -166.88 -167.06 -167.28 -167.53 -167.75 -168.00 -168.22 -168.41 -168.56 -168.72 -168.84 -168.97 -169.06 -169.19 -169.31 -169.44 -169.56 -169.69 -169.78 -169.88 -169.97 -170.06 -170.12 -170.19 -170.25 -170.31 -170.34 -170.41 -170.41 -170.44 -170.47 -170.47
-153.12 -153.62 -154.12 -154.62 -155.16 -155.69 -156.25 -156.78 -157.28 -157.81 -158.28 -158.75 -159.19 -159.59 -160.03 -160.44 -160.84 -161.22 -161.59 -161.94 -162.28 -162.59 -162.94 -163.28 -163.62 -164.00 -164.34 -164.72 -165.09 -165.41 -165.72 -166.03 -166.34 -166.62 -166.88 -167.12 -167.31 -167.53 -167.75 -167.97 -168.19 -168.41 -168.59 -168.78 -168.94 -169.09 -169.19 -169.31 -169.44 -169.56 -169.69 -169.78 -169.91 -170.00 -170.09 -170.19 -170.25 -170.31 -170.38 -170.47 -170.50 -170.56 -170.59 -170.59 -170.62 -170.62 -170.66
-153.44 -153.94 -154.41 -154.91 -155.38 -155.91 -156.44 -156.97 -157.50 -158.00 -158.50 -159.00 -159.44 -159.88 -160.31 -160.72 -161.12 -161.50 -161.84 -162.19 -162.53 -162.88 -163.22 -163.56 -163.91 -164.25 -164.59 -164.97 -165.31 -165.62 -165.94 -166.25 -166.53 -166.81 -167.06 -167.31 -167.53 -167.75 -167.97 -168.16 -168.38 -168.59 -168.78 -168.97 -169.12 -169.28 -169.44 -169.53 -169.66 -169.78 -169.91 -170.00 -170.12 -170.22 -170.31 -170.38 -170.44 -170.53 -170.59 -170.66 -170.69 -170.75 -170.78 -170.81 -170.81 -170.81 -170.81
-153.78 -154.25 -154.72 -155.19 -155.69 -156.19 -156.69 -157.19 -157.69 -158.22 -158.72 -159.22 -159.69 -160.12 -160.56 -160.97 -161.38 -161.75 -162.09 -162.44 -162.78 -163.09 -163.44 -163.81 -164.16 -164.50 -164.84 -165.19 -165.53 -165.84 -166.16 -166.44 -166.72 -167.00 -167.28 -167.53 -167.75 -167.97 -168.19 -168.38 -168.56 -168.78 -168.97 -169.16 -169.31 -169.50 -169.62 -169.75 -169.88 -170.00 -170.12 -170.22 -170.34 -170.44 -170.50 -170.59 -170.66 -170.72 -170.78 -170.84 -170.88 -170.94 -170.97 -171.00 -171.00 -171.00 -171.00
-154.09 -154.56 -155.00 -155.47 -155.94 -156.44 -156.94 -157.44 -157.94 -158.44 -158.94 -159.41 -159.91 -160.34 -160.78 -161.19 -161.59 -162.00 -162.34 -162.69 -163.00 -163.31 -163.66 -164.00 -164.34 -164.72 -165.06 -165.41 -165.75 -166.06 -166.38 -166.66 -166.94 -167.19 -167.47 -167.72 -167.97 -168.19 -168.41 -168.59 -168.78 -168.97 -169.16 -169.31 -169.50 -169.69 -169.84 -169.97 -170.09 -170.22 -170.34 -170.44 -170.53 -170.62 -170.72 -170.78 -170.84 -170.91 -170.97 -171.03 -171.06 -171.12 -171.16 -171.19 -171.19 -171.19 -171.19
-154.44 -154.84 -155.28 -155.72 -156.19 -156.66 -157.16 -157.66 -158.16 -158.66 -159.16 -159.62 -160.09 -160.56 -161.00 -161.41 -161.81 -162.22 -162.59 -162.94 -163.25 -163.56 -163.88 -164.19 -164.53 -164.88 -165.25 -165.59 -165.94 -166.25 -166.56 -166.88 -167.12 -167.41 -167.66 -167.91 -168.16 -168.41 -168.59 -168.81 -169.00 -169.16 -169.34 -169.53 -169.69 -169.88 -170.03 -170.19 -170.31 -170.41 -170.53 -170.66 -170.75 -170.84 -170.91 -171.00 -171.06 -171.12 -171.16 -171.22 -171.25 -171.31 -171.34 -171.38 -171.41 -171.38 -171.38
-154.75 -155.19 -155.56 -155.97 -156.41 -156.84 -157.31 -157.81 -158.34 -158.84 -159.31 -159.81 -160.28 -160.72 -161.16 -161.59 -162.00 -162.41 -162.78 -163.16 -163.50 -163.81 -164.09 -164.41 -164.72 -165.06 -165.41 -165.75 -166.09 -166.41 -166.75 -167.03 -167.34 -167.59 -167.88 -168.12 -168.38 -168.59 -168.81 -169.00 -169.19 -169.38 -169.56 -169.72 -169.88 -170.06 -170.22 -170.38 -170.50 -170.62 -170.75 -170.84 -170.94 -171.03 -171.12 -171.19 -171.25 -171.31 -171.38 -171.44 -171.47 -171.53 -171.56 -171.59 -171.59 -171.59 -171.56
-155.09 -155.53 -155.91 -156.28 -156.66 -157.06 -157.50 -157.97 -158.47 -158.97 -159.47 -159.94 -160.44 -160.88 -161.31 -161.75 -162.16 -162.56 -162.97 -163.34 -163.69 -164.03 -164.31 -164.62 -164.91 -165.22 -165.56 -165.91 -166.25 -166.56 -166.91 -167.22 -167.50 -167.78 -168.06 -168.31 -168.56 -168.78 -169.00 -169.22 -169.38 -169.56 -169.75 -169.94 -170.09 -170.25 -170.44 -170.59 -170.72 -170.84 -170.94 -171.03 -171.16 -171.25 -171.31 -171.41 -171.47 -171.53 -171.59 -171.66 -171.69 -171.72 -171.78 -171.81 -171.81 -171.81 -171.78
-155.41 -155.88 -156.28 -156.66 -157.03 -157.38 -157.75 -158.19 -158.66 -159.12 -159.62 -160.09 -160.56 -161.03 -161.47 -161.91 -162.31 -162.72 -163.12 -163.50 -163.88 -164.22 -164.53 -164.84 -165.12 -165.44 -165.75 -166.06 -166.41 -166.72 -167.06 -167.38 -167.69 -167.97 -168.25 -168.50 -168.75 -169.00 -169.22 -169.41 -169.59 -169.75 -169.94 -170.12 -170.28 -170.47 -170.62 -170.78 -170.94 -171.06 -171.16 -171.25 -171.34 -171.44 -171.53 -171.59 -171.69 -171.75 -171.81 -171.88 -171.91 -171.97 -172.00 -172.03 -172.03 -172.03 -172.00
-155.72 -156.19 -156.62 -157.03 -157.41 -157.75 -158.09 -158.47 -158.91 -159.34 -159.81 -160.25 -160.72 -161.16 -161.62 -162.06 -162.47 -162.91 -163.28 -163.66 -164.03 -164.38 -164.72 -165.03 -165.34 -165.66 -165.94 -166.25 -166.59 -166.91 -167.22 -167.53 -167.84 -168.12 -168.41 -168.69 -168.94 -169.19 -169.41 -169.59 -169.78 -169.94 -170.12 -170.31 -170.50 -170.66 -170.84 -171.00 -171.16 -171.28 -171.38 -171.47 -171.56 -171.66 -171.75 -171.81 -171.91 -171.97 -172.03 -172.09 -172.16 -172.19 -172.22 -172.25 -172.25 -172.25 -172.22
-156.00 -156.47 -156.94 -157.38 -157.75 -158.12 -158.47 -158.84 -159.22 -159.62 -160.06 -160.47 -160.91 -161.34 -161.78 -162.22 -162.62 -163.06 -163.44 -163.84 -164.19 -164.56 -164.91 -165.22 -165.56 -165.88 -166.19 -166.50 -166.81 -167.12 -167.44 -167.75 -168.03 -168.31 -168.59 -168.88 -169.12 -169.38 -169.59 -169.78 -169.97 -170.16 -170.31 -170.50 -170.66 -170.84 -171.03 -171.19 -171.34 -171.50 -171.59 -171.69 -171.78 -171.88 -171.97 -172.03 -172.12 -172.19 -172.25 -172.34 -172.38 -172.44 -172.47 -172.47 -172.50 -172.50 -172.47
-156.25 -156.72 -157.22 -157.66 -158.06 -158.47 -158.81 -159.16 -159.53 -159.91 -160.31 -160.72 -161.12 -161.53 -161.94 -162.38 -162.78 -163.19 -163.59 -163.97 -164.34 -164.72 -165.06 -165.41 -165.75 -166.06 -166.38 -166.69 -167.03 -167.34 -167.66 -167.94 -168.25 -168.53 -168.81 -169.06 -169.31 -169.56 -169.78 -170.00 -170.19 -170.34 -170.50 -170.69 -170.84 -171.03 -171.22 -171.41 -171.56 -171.69 -171.81 -171.94 -172.03 -172.09 -172.19 -172.25 -172.34 -172.41 -172.50 -172.56 -172.62 -172.66 -172.69 -172.72 -172.72 -172.72 -172.72
-156.50 -156.97 -157.44 -157.91 -158.31 -158.72 -159.12 -159.47 -159.81 -160.19 -160.56 -160.94 -161.31 -161.72 -162.09 -162.50 -162.91 -163.31 -163.69 -164.09 -164.47 -164.84 -165.19 -165.56 -165.91 -166.22 -166.56 -166.88 -167.22 -167.53 -167.84 -168.16 -168.47 -168.75 -169.03 -169.28 -169.53 -169.78 -170.00 -170.19 -170.38 -170.56 -170.72 -170.88 -171.06 -171.22 -171.41 -171.59 -171.75 -171.91 -172.03 -172.16 -172.25 -172.34 -172.41 -172.50 -172.56 -172.66 -172.72 -172.81 -172.88 -172.91 -172.94 -172.97 -172.97 -172.97 -172.97
-156.72 -157.19 -157.66 -158.12 -158.53 -158.97 -159.34 -159.72 -160.09 -160.44 -160.81 -161.19 -161.53 -161.91 -162.28 -162.66 -163.03 -163.44 -163.81 -164.19 -164.56 -164.94 -165.31 -165.66 -166.03 -166.38 -166.69 -167.03 -167.38 -167.72 -168.06 -168.38 -168.69 -168.97 -169.25 -169.53 -169.78 -170.00 -170.25 -170.44 -170.62 -170.78 -170.97 -171.12 -171.28 -171.44 -171.62 -171.78 -171.94 -172.12 -172.25 -172.38 -172.50 -172.59 -172.66 -172.72 -172.81 -172.88 -172.97 -173.03 -173.09 -173.16 -173.19 -173.22 -173.22 -173.25 -173.25
-156.97 -157.44 -157.88 -158.31 -158.75 -159.16 -159.56 -159.97 -160.31 -160.69 -161.06 -161.41 -161.75 -162.12 -162.47 -162.84 -163.22 -163.56 -163.94 -164.31 -164.69 -165.03 -165.41 -165.75 -166.12 -166.47 -166.81 -167.16 -167.50 -167.84 -168.22 -168.53 -168.88 -169.19 -169.47 -169.75 -170.00 -170.25 -170.47 -170.69 -170.88 -171.03 -171.22 -171.38 -171.50 -171.66 -171.84 -172.00 -172.16 -172.31 -172.47 -172.59 -172.72 -172.81 -172.91 -172.97 -173.03 -173.12 -173.19 -173.28 -173.34 -173.41 -173.47 -173.47 -173.50 -173.50 -173.50
-157.16 -157.62 -158.06 -158.50 -158.94 -159.34 -159.75 -160.16 -160.53 -160.91 -161.25 -161.62 -161.97 -162.31 -162.69 -163.03 -163.41 -163.75 -164.09 -164.47 -164.81 -165.16 -165.50 -165.84 -166.22 -166.56 -166.91 -167.28 -167.62 -167.97 -168.34 -168.69 -169.03 -169.34 -169.66 -169.94 -170.22 -170.47 -170.72 -170.94 -171.12 -171.31 -171.47 -171.62 -171.75 -171.91 -172.06 -172.22 -172.38 -172.53 -172.69 -172.81 -172.94 -173.06 -173.16 -173.22 -173.28 -173.38 -173.44 -173.53 -173.59 -173.66 -173.72 -173.75 -173.75 -173.78 -173.78
-157.31 -157.78 -158.22 -158.66 -159.09 -159.50 -159.91 -160.28 -160.69 -161.06 -161.41 -161.78 -162.16 -162.50 -162.84 -163.22 -163.56 -163.94 -164.28 -164.62 -164.97 -165.28 -165.62 -165.97 -166.31 -166.66 -167.03 -167.38 -167.72 -168.09 -168.47 -168.81 -169.19 -169.53 -169.84 -170.12 -170.44 -170.69 -170.94 -171.16 -171.38 -171.56 -171.72 -171.88 -172.03 -172.16 -172.31 -172.44 -172.59 -172.75 -172.88 -173.03 -173.16 -173.28 -173.38 -173.47 -173.53 -173.62 -173.69 -173.78 -173.88 -173.94 -173.97 -174.00 -174.03 -174.06 -174.06
-157.41 -157.84 -158.31 -158.75 -159.16 -159.59 -160.00 -160.38 -160.78 -161.16 -161.53 -161.91 -162.25 -162.62 -163.00 -163.38 -163.72 -164.09 -164.44 -164.78 -165.12 -165.47 -165.78 -166.12 -166.47 -166.81 -167.16 -167.50 -167.88 -168.22 -168.59 -168.97 -169.31 -169.69 -170.00 -170.31 -170.62 -170.88 -171.12 -171.38 -171.59 -171.78 -171.97 -172.12 -172.28 -172.44 -172.56 -172.69 -172.84 -172.97 -173.12 -173.25 -173.41 -173.53 -173.62 -173.72 -173.78 -173.88 -173.97 -174.06 -174.12 -174.22 -174.25 -174.28 -174.31 -174.34 -174.34
-157.44 -157.91 -158.34 -158.78 -159.19 -159.62 -160.03 -160.44 -160.84 -161.22 -161.59 -161.97 -162.34 -162.72 -163.09 -163.47 -163.84 -164.22 -164.59 -164.94 -165.31 -165.66 -165.97 -166.31 -166.66 -166.97 -167.31 -167.66 -168.03 -168.38 -168.75 -169.09 -169.47 -169.84 -170.19 -170.50 -170.81 -171.06 -171.34 -171.56 -171.81 -172.00 -172.19 -172.38 -172.53 -172.69 -172.81 -172.94 -173.09 -173.22 -173.38 -173.50 -173.62 -173.75 -173.88 -173.97 -174.03 -174.12 -174.22 -174.31 -174.41 -174.47 -174.53 -174.56 -174.59 -174.62 -174.66
-157.47 -157.94 -158.38 -158.81 -159.25 -159.66 -160.09 -160.50 -160.91 -161.28 -161.69 -162.06 -162.44 -162.81 -163.19 -163.59 -163.97 -164.34 -164.72 -165.09 -165.47 -165.81 -166.16 -166.50 -166.84 -167.19 -167.50 -167.84 -168.19 -168.53 -168.91 -169.25 -169.62 -169.97 -170.31 -170.66 -170.97 -171.25 -171.53 -171.78 -172.00 -172.22 -172.41 -172.59 -172.78 -172.94 -173.06 -173.22 -173.34 -173.47 -173.62 -173.75 -173.88 -174.00 -174.12 -174.22 -174.31 -174.41 -174.50 -174.59 -174.69 -174.75 -174.81 -174.88 -174.91 -174.94 -174.94
-157.53 -158.00 -158.44 -158.88 -159.31 -159.72 -160.16 -160.56 -160.97 -161.38 -161.75 -162.16 -162.53 -162.91 -163.28 -163.66 -164.06 -164.44 -164.84 -165.22 -165.59 -166.00 -166.34 -166.72 -167.06 -167.38 -167.72 -168.03 -168.38 -168.69 -169.03 -169.41 -169.75 -170.12 -170.47 -170.78 -171.09 -171.41 -171.69 -171.94 -172.16 -172.38 -172.59 -172.78 -172.97 -173.16 -173.31 -173.44 -173.59 -173.72 -173.88 -174.00 -174.16 -174.28 -174.38 -174.47 -174.56 -174.66 -174.75 -174.84 -174.97 -175.03 -175.12 -175.16 -175.19 -175.22 -175.25
-157.62 -158.06 -158.50 -158.94 -159.38 -159.78 -160.22 -160.62 -161.03 -161.44 -161.84 -162.22 -162.59 -162.97 -163.38 -163.75 -164.16 -164.53 -164.94 -165.34 -165.75 -166.12 -166.50 -166.88 -167.25 -167.59 -167.94 -168.25 -168.56 -168.88 -169.22 -169.53 -169.88 -170.22 -170.56 -170.91 -171.22 -171.53 -171.81 -172.06 -172.31 -172.56 -172.78 -172.97 -173.19 -173.34 -173.53 -173.69 -173.81 -173.97 -174.09 -174.25 -174.41 -174.53 -174.62 -174.75 -174.84 -174.94 -175.03 -175.12 -175.22 -175.31 -175.41 -175.47 -175.50 -175.53 -175.56
-157.72 -158.12 -158.56 -158.97 -159.41 -159.81 -160.25 -160.66 -161.09 -161.50 -161.88 -162.28 -162.66 -163.06 -163.44 -163.81 -164.22 -164.62 -165.03 -165.44 -165.84 -166.25 -166.66 -167.03 -167.41 -167.78 -168.12 -168.47 -168.78 -169.09 -169.41 -169.72 -170.03 -170.38 -170.69 -171.03 -171.34 -171.62 -171.91 -172.19 -172.44 -172.69 -172.91 -173.12 -173.34 -173.53 -173.72 -173.88 -174.03 -174.19 -174.34 -174.50 -174.66 -174.78 -174.91 -175.00 -175.09 -175.19 -175.28 -175.41 -175.50 -175.59 -175.69 -175.75 -175.81 -175.84 -175.84
