everonasctiles/Tile[45,22].asc
ncols 128
nrows 128
xllcorner 0
yllcorner 0
cellsize 2.0
NODATA_value  -9999
[rows 29 to 57 of 128, columns 0 to 66 of 128]
-122.78 -122.88 -122.97 -123.06 -123.22 -123.34 -123.50 -123.62 -123.75 -123.84 -123.94 -123.97 -124.03 -124.03 -124.06 -124.06 -124.09 -124.09 -124.09 -124.09 -124.06 -124.03 -124.00 -123.97 -123.94 -123.91 -123.84 -123.81 -123.75 -123.69 -123.62 -123.56 -123.50 -123.41 -123.34 -123.25 -123.19 -123.09 -123.03 -122.97 -122.91 -122.84 -122.81 -122.81 -122.78 -122.81 -122.81 -122.81 -122.81 -122.84 -122.84 -122.84 -122.84 -122.84 -122.81 -122.81 -122.81 -122.78 -122.78 -122.75 -122.72 -122.69 -122.69 -122.66 -122.59 -122.56 -122.53
-122.66 -122.75 -122.84 -122.97 -123.09 -123.25 -123.44 -123.56 -123.69 -123.78 -123.84 -123.91 -123.97 -124.00 -124.03 -124.03 -124.06 -124.06 -124.06 -124.06 -124.06 -124.03 -124.00 -123.97 -123.94 -123.91 -123.84 -123.81 -123.75 -123.69 -123.62 -123.56 -123.50 -123.44 -123.34 -123.28 -123.19 -123.12 -123.06 -123.00 -122.94 -122.88 -122.84 -122.84 -122.84 -122.84 -122.84 -122.84 -122.88 -122.88 -122.88 -122.88 -122.88 -122.88 -122.84 -122.84 -122.84 -122.81 -122.81 -122.78 -122.75 -122.72 -122.69 -122.66 -122.62 -122.59 -122.53
-122.50 -122.59 -122.69 -122.81 -122.97 -123.16 -123.31 -123.47 -123.59 -123.72 -123.78 -123.84 -123.91 -123.94 -123.97 -124.03 -124.03 -124.06 -124.06 -124.03 -124.03 -124.00 -123.97 -123.94 -123.91 -123.88 -123.84 -123.81 -123.75 -123.69 -123.62 -123.56 -123.50 -123.44 -123.38 -123.31 -123.22 -123.16 -123.09 -123.03 -122.97 -122.94 -122.91 -122.88 -122.88 -122.88 -122.88 -122.91 -122.91 -122.91 -122.91 -122.91 -122.91 -122.91 -122.88 -122.88 -122.88 -122.84 -122.81 -122.81 -122.78 -122.75 -122.72 -122.69 -122.66 -122.59 -122.56
-122.34 -122.41 -122.53 -122.66 -122.84 -123.03 -123.22 -123.38 -123.50 -123.62 -123.69 -123.78 -123.84 -123.88 -123.94 -123.97 -124.03 -124.03 -124.03 -124.00 -124.00 -123.97 -123.94 -123.94 -123.91 -123.88 -123.84 -123.78 -123.75 -123.69 -123.62 -123.59 -123.53 -123.47 -123.38 -123.31 -123.25 -123.19 -123.12 -123.06 -123.00 -122.97 -122.94 -122.91 -122.91 -122.91 -122.94 -122.94 -122.94 -122.94 -122.94 -122.94 -122.94 -122.94 -122.91 -122.91 -122.91 -122.88 -122.84 -122.81 -122.81 -122.78 -122.72 -122.69 -122.66 -122.59 -122.56
-122.12 -122.22 -122.34 -122.53 -122.72 -122.94 -123.12 -123.28 -123.41 -123.50 -123.59 -123.69 -123.75 -123.81 -123.88 -123.94 -123.97 -124.00 -124.00 -123.97 -123.94 -123.94 -123.91 -123.91 -123.88 -123.84 -123.81 -123.78 -123.75 -123.69 -123.66 -123.59 -123.53 -123.47 -123.41 -123.34 -123.28 -123.22 -123.16 -123.09 -123.03 -123.00 -122.97 -122.97 -122.94 -122.97 -122.97 -122.97 -122.97 -122.97 -122.97 -122.97 -122.97 -122.97 -122.94 -122.94 -122.91 -122.91 -122.88 -122.84 -122.81 -122.78 -122.75 -122.72 -122.66 -122.62 -122.56
-121.94 -122.06 -122.22 -122.41 -122.62 -122.81 -123.00 -123.16 -123.31 -123.41 -123.50 -123.62 -123.69 -123.78 -123.84 -123.91 -123.94 -123.94 -123.94 -123.94 -123.91 -123.91 -123.91 -123.88 -123.88 -123.84 -123.81 -123.78 -123.72 -123.69 -123.66 -123.59 -123.53 -123.47 -123.44 -123.38 -123.28 -123.22 -123.16 -123.12 -123.06 -123.03 -123.00 -123.00 -123.00 -123.00 -123.00 -123.00 -123.00 -123.00 -123.00 -123.00 -123.00 -122.97 -122.97 -122.97 -122.94 -122.91 -122.91 -122.88 -122.84 -122.81 -122.75 -122.72 -122.66 -122.62 -122.56
-121.75 -121.91 -122.09 -122.28 -122.50 -122.72 -122.91 -123.06 -123.19 -123.31 -123.44 -123.53 -123.62 -123.72 -123.78 -123.84 -123.88 -123.88 -123.88 -123.88 -123.88 -123.88 -123.88 -123.88 -123.84 -123.81 -123.81 -123.75 -123.72 -123.69 -123.66 -123.59 -123.56 -123.50 -123.44 -123.38 -123.31 -123.25 -123.19 -123.12 -123.09 -123.06 -123.03 -123.03 -123.00 -123.00 -123.03 -123.03 -123.03 -123.03 -123.03 -123.03 -123.00 -123.00 -123.00 -122.97 -122.97 -122.94 -122.91 -122.88 -122.84 -122.81 -122.78 -122.72 -122.69 -122.62 -122.56
-121.56 -121.78 -121.97 -122.19 -122.41 -122.59 -122.78 -122.94 -123.06 -123.22 -123.34 -123.47 -123.56 -123.66 -123.75 -123.78 -123.81 -123.81 -123.81 -123.81 -123.81 -123.84 -123.84 -123.84 -123.84 -123.81 -123.78 -123.75 -123.72 -123.69 -123.66 -123.59 -123.56 -123.50 -123.44 -123.38 -123.31 -123.25 -123.19 -123.16 -123.09 -123.06 -123.06 -123.03 -123.03 -123.03 -123.03 -123.03 -123.03 -123.03 -123.03 -123.03 -123.03 -123.03 -123.00 -123.00 -122.97 -122.97 -122.94 -122.91 -122.88 -122.84 -122.78 -122.75 -122.69 -122.62 -122.56
-121.47 -121.69 -121.91 -122.09 -122.31 -122.47 -122.66 -122.81 -122.97 -123.12 -123.25 -123.38 -123.50 -123.59 -123.69 -123.72 -123.75 -123.75 -123.75 -123.75 -123.78 -123.78 -123.81 -123.81 -123.81 -123.78 -123.78 -123.75 -123.72 -123.69 -123.66 -123.59 -123.56 -123.50 -123.44 -123.38 -123.31 -123.25 -123.19 -123.16 -123.09 -123.09 -123.06 -123.06 -123.06 -123.06 -123.06 -123.06 -123.06 -123.06 -123.06 -123.06 -123.06 -123.03 -123.03 -123.00 -123.00 -122.97 -122.94 -122.91 -122.88 -122.84 -122.78 -122.75 -122.69 -122.62 -122.56
-121.34 -121.59 -121.81 -122.00 -122.19 -122.34 -122.50 -122.66 -122.84 -123.00 -123.16 -123.28 -123.41 -123.53 -123.59 -123.66 -123.69 -123.69 -123.69 -123.69 -123.72 -123.75 -123.75 -123.78 -123.78 -123.75 -123.75 -123.72 -123.69 -123.66 -123.62 -123.59 -123.56 -123.50 -123.44 -123.38 -123.31 -123.25 -123.19 -123.16 -123.12 -123.09 -123.06 -123.06 -123.06 -123.06 -123.06 -123.06 -123.06 -123.06 -123.06 -123.06 -123.06 -123.06 -123.03 -123.03 -123.00 -123.00 -122.97 -122.94 -122.91 -122.84 -122.81 -122.75 -122.69 -122.62 -122.56
-121.25 -121.50 -121.69 -121.88 -122.06 -122.22 -122.38 -122.53 -122.72 -122.88 -123.03 -123.19 -123.31 -123.44 -123.50 -123.56 -123.59 -123.59 -123.59 -123.59 -123.62 -123.66 -123.69 -123.72 -123.72 -123.72 -123.72 -123.69 -123.66 -123.66 -123.62 -123.59 -123.53 -123.50 -123.44 -123.38 -123.31 -123.25 -123.19 -123.12 -123.09 -123.09 -123.09 -123.09 -123.09 -123.09 -123.09 -123.09 -123.09 -123.09 -123.09 -123.06 -123.06 -123.06 -123.06 -123.03 -123.03 -123.00 -122.97 -122.94 -122.91 -122.88 -122.81 -122.75 -122.69 -122.62 -122.56
-121.16 -121.38 -121.56 -121.72 -121.91 -122.06 -122.22 -122.38 -122.56 -122.75 -122.91 -123.06 -123.19 -123.31 -123.41 -123.47 -123.50 -123.50 -123.50 -123.53 -123.56 -123.59 -123.62 -123.66 -123.69 -123.69 -123.66 -123.66 -123.62 -123.62 -123.59 -123.56 -123.50 -123.47 -123.41 -123.34 -123.28 -123.22 -123.16 -123.12 -123.09 -123.09 -123.09 -123.09 -123.09 -123.09 -123.09 -123.09 -123.09 -123.09 -123.09 -123.09 -123.09 -123.06 -123.06 -123.03 -123.03 -123.00 -122.97 -122.94 -122.91 -122.88 -122.81 -122.75 -122.69 -122.62 -122.56
-121.06 -121.25 -121.41 -121.56 -121.72 -121.88 -122.03 -122.22 -122.41 -122.59 -122.75 -122.94 -123.09 -123.22 -123.31 -123.38 -123.41 -123.41 -123.44 -123.47 -123.47 -123.53 -123.56 -123.59 -123.62 -123.62 -123.62 -123.59 -123.59 -123.56 -123.53 -123.50 -123.47 -123.41 -123.34 -123.28 -123.22 -123.19 -123.12 -123.09 -123.09 -123.09 -123.09 -123.09 -123.09 -123.09 -123.09 -123.09 -123.09 -123.09 -123.09 -123.09 -123.09 -123.06 -123.06 -123.06 -123.03 -123.00 -123.00 -122.97 -122.91 -122.88 -122.81 -122.78 -122.69 -122.62 -122.56
-120.94 -121.09 -121.25 -121.38 -121.53 -121.69 -121.84 -122.03 -122.22 -122.44 -122.62 -122.84 -123.00 -123.12 -123.22 -123.28 -123.31 -123.34 -123.38 -123.38 -123.41 -123.44 -123.50 -123.53 -123.56 -123.56 -123.56 -123.53 -123.50 -123.47 -123.44 -123.41 -123.38 -123.31 -123.28 -123.22 -123.19 -123.12 -123.09 -123.09 -123.09 -123.09 -123.09 -123.09 -123.12 -123.12 -123.12 -123.12 -123.12 -123.12 -123.12 -123.09 -123.09 -123.09 -123.06 -123.06 -123.03 -123.03 -123.00 -122.97 -122.94 -122.88 -122.84 -122.78 -122.72 -122.62 -122.56
-120.81 -120.94 -121.06 -121.19 -121.31 -121.47 -121.62 -121.81 -122.06 -122.31 -122.53 -122.75 -122.94 -123.06 -123.16 -123.22 -123.25 -123.28 -123.31 -123.31 -123.34 -123.38 -123.41 -123.47 -123.47 -123.50 -123.50 -123.47 -123.44 -123.38 -123.34 -123.31 -123.28 -123.22 -123.19 -123.16 -123.09 -123.09 -123.06 -123.06 -123.06 -123.09 -123.09 -123.12 -123.12 -123.12 -123.12 -123.12 -123.12 -123.12 -123.12 -123.12 -123.09 -123.09 -123.09 -123.06 -123.06 -123.03 -123.00 -122.97 -122.94 -122.88 -122.84 -122.78 -122.72 -122.62 -122.53
-120.66 -120.78 -120.88 -120.97 -121.09 -121.22 -121.41 -121.66 -121.91 -122.19 -122.44 -122.66 -122.84 -123.00 -123.09 -123.16 -123.22 -123.25 -123.25 -123.28 -123.28 -123.31 -123.34 -123.38 -123.41 -123.41 -123.41 -123.38 -123.31 -123.28 -123.22 -123.19 -123.16 -123.09 -123.06 -123.06 -123.03 -123.00 -123.03 -123.03 -123.06 -123.06 -123.09 -123.12 -123.12 -123.12 -123.12 -123.12 -123.12 -123.12 -123.12 -123.12 -123.12 -123.09 -123.09 -123.09 -123.06 -123.03 -123.00 -122.97 -122.94 -122.91 -122.84 -122.78 -122.72 -122.62 -122.53
-120.44 -120.56 -120.66 -120.75 -120.84 -121.03 -121.28 -121.56 -121.84 -122.12 -122.38 -122.62 -122.81 -122.94 -123.03 -123.09 -123.16 -123.19 -123.19 -123.22 -123.22 -123.25 -123.28 -123.31 -123.31 -123.34 -123.31 -123.28 -123.22 -123.16 -123.09 -123.03 -123.00 -122.97 -122.97 -122.94 -122.94 -122.94 -122.97 -123.00 -123.03 -123.06 -123.09 -123.12 -123.12 -123.12 -123.16 -123.16 -123.16 -123.12 -123.12 -123.12 -123.12 -123.12 -123.09 -123.09 -123.06 -123.03 -123.03 -122.97 -122.94 -122.91 -122.84 -122.78 -122.72 -122.62 -122.53
-120.19 -120.31 -120.41 -120.53 -120.72 -120.97 -121.25 -121.53 -121.81 -122.09 -122.34 -122.56 -122.72 -122.84 -122.94 -123.00 -123.06 -123.09 -123.12 -123.12 -123.16 -123.16 -123.19 -123.19 -123.22 -123.22 -123.19 -123.12 -123.06 -123.00 -122.94 -122.88 -122.88 -122.84 -122.84 -122.84 -122.84 -122.88 -122.91 -122.97 -123.00 -123.06 -123.09 -123.09 -123.12 -123.12 -123.16 -123.16 -123.16 -123.16 -123.12 -123.12 -123.12 -123.12 -123.09 -123.09 -123.06 -123.06 -123.03 -123.00 -122.94 -122.91 -122.84 -122.78 -122.72 -122.62 -122.53
-119.94 -120.06 -120.19 -120.38 -120.62 -120.91 -121.22 -121.50 -121.78 -122.03 -122.28 -122.47 -122.62 -122.72 -122.81 -122.88 -122.91 -122.97 -122.97 -123.00 -123.03 -123.03 -123.06 -123.06 -123.06 -123.06 -123.03 -122.97 -122.91 -122.84 -122.78 -122.72 -122.72 -122.69 -122.72 -122.72 -122.75 -122.78 -122.84 -122.91 -122.97 -123.03 -123.06 -123.09 -123.12 -123.12 -123.16 -123.16 -123.16 -123.12 -123.12 -123.12 -123.12 -123.12 -123.09 -123.09 -123.06 -123.06 -123.03 -123.00 -122.94 -122.91 -122.84 -122.78 -122.72 -122.62 -122.53
-119.62 -119.78 -120.00 -120.25 -120.53 -120.84 -121.12 -121.41 -121.69 -121.91 -122.12 -122.31 -122.44 -122.53 -122.62 -122.69 -122.72 -122.78 -122.81 -122.84 -122.84 -122.88 -122.91 -122.91 -122.91 -122.88 -122.84 -122.78 -122.72 -122.66 -122.59 -122.56 -122.56 -122.56 -122.56 -122.59 -122.66 -122.72 -122.78 -122.88 -122.94 -123.00 -123.06 -123.09 -123.12 -123.12 -123.12 -123.12 -123.12 -123.12 -123.12 -123.12 -123.12 -123.09 -123.09 -123.09 -123.06 -123.03 -123.03 -123.00 -122.94 -122.91 -122.84 -122.78 -122.72 -122.62 -122.53
-119.34 -119.56 -119.78 -120.06 -120.38 -120.69 -120.97 -121.22 -121.50 -121.72 -121.94 -122.09 -122.22 -122.31 -122.38 -122.44 -122.50 -122.53 -122.59 -122.62 -122.66 -122.69 -122.72 -122.72 -122.69 -122.66 -122.62 -122.56 -122.50 -122.44 -122.41 -122.38 -122.38 -122.41 -122.44 -122.47 -122.53 -122.62 -122.72 -122.81 -122.91 -122.97 -123.03 -123.06 -123.09 -123.12 -123.12 -123.12 -123.12 -123.12 -123.12 -123.12 -123.09 -123.09 -123.09 -123.06 -123.06 -123.03 -123.00 -122.97 -122.94 -122.91 -122.84 -122.78 -122.72 -122.62 -122.53
-119.09 -119.31 -119.56 -119.88 -120.19 -120.47 -120.72 -121.00 -121.25 -121.50 -121.72 -121.84 -121.97 -122.03 -122.12 -122.19 -122.25 -122.28 -122.34 -122.41 -122.44 -122.47 -122.50 -122.50 -122.47 -122.44 -122.38 -122.34 -122.28 -122.25 -122.19 -122.19 -122.19 -122.22 -122.28 -122.34 -122.44 -122.53 -122.66 -122.75 -122.84 -122.94 -123.00 -123.03 -123.06 -123.09 -123.12 -123.12 -123.12 -123.12 -123.12 -123.09 -123.09 -123.09 -123.09 -123.06 -123.06 -123.03 -123.00 -122.97 -122.94 -122.91 -122.84 -122.78 -122.72 -122.62 -122.53
-118.84 -119.06 -119.34 -119.62 -119.94 -120.22 -120.47 -120.75 -121.03 -121.28 -121.47 -121.59 -121.69 -121.75 -121.84 -121.91 -121.97 -122.03 -122.09 -122.16 -122.22 -122.25 -122.28 -122.28 -122.25 -122.19 -122.16 -122.09 -122.06 -122.03 -122.00 -122.00 -122.03 -122.09 -122.12 -122.22 -122.31 -122.44 -122.56 -122.69 -122.78 -122.88 -122.97 -123.00 -123.06 -123.09 -123.09 -123.09 -123.12 -123.12 -123.09 -123.09 -123.09 -123.09 -123.09 -123.06 -123.06 -123.03 -123.00 -122.97 -122.94 -122.91 -122.84 -122.78 -122.72 -122.62 -122.53
-118.59 -118.84 -119.09 -119.38 -119.66 -119.94 -120.25 -120.53 -120.81 -121.03 -121.19 -121.31 -121.38 -121.47 -121.56 -121.66 -121.72 -121.81 -121.88 -121.94 -122.00 -122.06 -122.06 -122.06 -122.03 -121.97 -121.94 -121.91 -121.88 -121.84 -121.84 -121.84 -121.91 -121.97 -122.03 -122.12 -122.22 -122.34 -122.47 -122.62 -122.75 -122.84 -122.94 -123.00 -123.03 -123.06 -123.09 -123.09 -123.09 -123.09 -123.09 -123.09 -123.09 -123.09 -123.09 -123.06 -123.06 -123.03 -123.00 -123.00 -122.94 -122.91 -122.84 -122.78 -122.69 -122.62 -122.53
-118.41 -118.62 -118.88 -119.16 -119.44 -119.75 -120.06 -120.34 -120.59 -120.78 -120.91 -121.00 -121.09 -121.19 -121.28 -121.41 -121.50 -121.59 -121.66 -121.75 -121.81 -121.88 -121.88 -121.88 -121.84 -121.81 -121.75 -121.75 -121.72 -121.72 -121.72 -121.78 -121.81 -121.91 -121.97 -122.06 -122.16 -122.28 -122.44 -122.56 -122.69 -122.81 -122.91 -122.97 -123.00 -123.06 -123.06 -123.09 -123.09 -123.09 -123.09 -123.09 -123.09 -123.09 -123.06 -123.06 -123.06 -123.03 -123.00 -122.97 -122.94 -122.91 -122.84 -122.75 -122.69 -122.59 -122.50
-118.31 -118.53 -118.78 -119.03 -119.34 -119.62 -119.91 -120.19 -120.38 -120.53 -120.62 -120.72 -120.81 -120.91 -121.06 -121.19 -121.28 -121.41 -121.50 -121.59 -121.66 -121.72 -121.75 -121.75 -121.72 -121.69 -121.69 -121.69 -121.69 -121.72 -121.75 -121.78 -121.84 -121.91 -121.97 -122.06 -122.16 -122.28 -122.41 -122.53 -122.66 -122.78 -122.88 -122.94 -123.00 -123.03 -123.06 -123.06 -123.06 -123.09 -123.06 -123.06 -123.06 -123.06 -123.06 -123.03 -123.03 -123.00 -123.00 -122.97 -122.94 -122.88 -122.81 -122.75 -122.66 -122.59 -122.50
-118.31 -118.53 -118.75 -119.00 -119.28 -119.53 -119.78 -119.97 -120.12 -120.25 -120.34 -120.44 -120.53 -120.69 -120.84 -121.00 -121.12 -121.25 -121.38 -121.47 -121.56 -121.62 -121.66 -121.66 -121.66 -121.69 -121.69 -121.72 -121.75 -121.78 -121.81 -121.84 -121.91 -121.94 -122.00 -122.06 -122.16 -122.28 -122.41 -122.53 -122.66 -122.75 -122.84 -122.91 -122.97 -123.00 -123.03 -123.03 -123.06 -123.06 -123.06 -123.03 -123.03 -123.03 -123.03 -123.00 -123.00 -122.97 -122.97 -122.94 -122.88 -122.84 -122.78 -122.72 -122.66 -122.56 -122.47
-118.31 -118.53 -118.75 -118.97 -119.22 -119.44 -119.59 -119.75 -119.88 -119.97 -120.06 -120.19 -120.34 -120.53 -120.72 -120.88 -121.03 -121.19 -121.31 -121.41 -121.50 -121.56 -121.62 -121.66 -121.69 -121.72 -121.75 -121.78 -121.81 -121.84 -121.88 -121.94 -121.97 -122.00 -122.03 -122.09 -122.19 -122.28 -122.41 -122.50 -122.62 -122.72 -122.78 -122.88 -122.91 -122.97 -123.00 -123.00 -123.03 -123.03 -123.03 -123.03 -123.00 -123.00 -123.00 -122.97 -122.97 -122.94 -122.91 -122.88 -122.84 -122.81 -122.75 -122.69 -122.59 -122.53 -122.44
-118.31 -118.53 -118.72 -118.94 -119.12 -119.28 -119.41 -119.53 -119.62 -119.72 -119.84 -120.00 -120.22 -120.44 -120.66 -120.84 -121.00 -121.16 -121.28 -121.38 -121.47 -121.56 -121.62 -121.69 -121.72 -121.78 -121.81 -121.84 -121.88 -121.94 -121.97 -122.00 -122.03 -122.06 -122.09 -122.12 -122.19 -122.28 -122.38 -122.50 -122.59 -122.69 -122.75 -122.81 -122.88 -122.91 -122.94 -122.97 -122.97 -123.00 -123.00 -122.97 -122.97 -122.97 -122.94 -122.94 -122.91 -122.91 -122.88 -122.84 -122.81 -122.75 -122.69 -122.62 -122.56 -122.50 -122.41
