everonasctiles/Tile[46,38].asc
ncols 128
nrows 128
xllcorner 0
yllcorner 0
cellsize 2.0
NODATA_value  -9999
[rows 0 to 31 of 128, columns 0 to 70 of 128]
-70.03 -70.22 -70.38 -70.53 -70.69 -70.84 -71.00 -71.16 -71.28 -71.44 -71.59 -71.75 -71.91 -72.09 -72.28 -72.47 -72.62 -72.81 -73.00 -73.19 -73.34 -73.50 -73.59 -73.69 -73.81 -73.88 -73.97 -74.06 -74.16 -74.25 -74.34 -74.44 -74.56 -74.69 -74.84 -74.94 -75.00 -75.03 -75.06 -75.12 -75.16 -75.19 -75.25 -75.31 -75.41 -75.50 -75.62 -75.69 -75.75 -75.75 -75.72 -75.59 -75.47 -75.38 -75.25 -75.19 -75.12 -75.09 -75.09 -75.19 -75.34 -75.53 -75.69 -75.78 -75.84 -75.91 -76.00 -76.19 -76.41 -76.59 -76.75
-70.12 -70.31 -70.50 -70.69 -70.84 -71.00 -71.16 -71.31 -71.47 -71.59 -71.75 -71.91 -72.06 -72.22 -72.41 -72.59 -72.78 -72.97 -73.16 -73.34 -73.50 -73.66 -73.78 -73.88 -74.00 -74.09 -74.22 -74.31 -74.44 -74.53 -74.62 -74.72 -74.84 -75.00 -75.12 -75.25 -75.31 -75.38 -75.44 -75.47 -75.53 -75.59 -75.66 -75.72 -75.81 -75.94 -76.00 -76.06 -76.09 -76.09 -76.03 -75.94 -75.81 -75.69 -75.59 -75.50 -75.47 -75.44 -75.41 -75.44 -75.59 -75.78 -75.97 -76.09 -76.19 -76.22 -76.28 -76.44 -76.66 -76.88 -77.06
-70.19 -70.41 -70.62 -70.81 -71.00 -71.16 -71.34 -71.50 -71.62 -71.78 -71.91 -72.06 -72.22 -72.41 -72.56 -72.75 -72.94 -73.09 -73.28 -73.47 -73.66 -73.81 -73.97 -74.06 -74.19 -74.28 -74.41 -74.56 -74.69 -74.81 -74.91 -75.03 -75.16 -75.28 -75.44 -75.53 -75.62 -75.69 -75.75 -75.84 -75.91 -75.97 -76.03 -76.12 -76.22 -76.31 -76.41 -76.44 -76.47 -76.44 -76.38 -76.25 -76.12 -75.97 -75.88 -75.81 -75.81 -75.81 -75.78 -75.78 -75.91 -76.09 -76.28 -76.44 -76.53 -76.56 -76.59 -76.72 -76.94 -77.16 -77.34
-70.25 -70.47 -70.69 -70.91 -71.09 -71.28 -71.47 -71.66 -71.81 -71.94 -72.09 -72.25 -72.41 -72.56 -72.75 -72.91 -73.09 -73.25 -73.44 -73.62 -73.81 -73.97 -74.12 -74.25 -74.38 -74.50 -74.62 -74.78 -74.91 -75.03 -75.16 -75.28 -75.41 -75.56 -75.69 -75.81 -75.94 -76.00 -76.09 -76.16 -76.25 -76.31 -76.41 -76.53 -76.62 -76.72 -76.78 -76.81 -76.81 -76.78 -76.69 -76.56 -76.41 -76.25 -76.12 -76.12 -76.19 -76.19 -76.22 -76.22 -76.28 -76.47 -76.62 -76.78 -76.88 -76.94 -76.97 -77.03 -77.22 -77.44 -77.66
-70.34 -70.56 -70.78 -71.00 -71.22 -71.41 -71.59 -71.78 -71.94 -72.09 -72.25 -72.41 -72.56 -72.72 -72.91 -73.09 -73.25 -73.41 -73.59 -73.75 -73.94 -74.12 -74.28 -74.44 -74.59 -74.72 -74.88 -75.00 -75.16 -75.28 -75.41 -75.53 -75.66 -75.81 -75.97 -76.09 -76.19 -76.28 -76.38 -76.47 -76.56 -76.66 -76.78 -76.91 -77.03 -77.09 -77.16 -77.16 -77.16 -77.09 -77.00 -76.84 -76.66 -76.47 -76.38 -76.44 -76.53 -76.62 -76.66 -76.69 -76.78 -76.91 -77.03 -77.16 -77.25 -77.31 -77.34 -77.41 -77.56 -77.75 -77.94
-70.44 -70.66 -70.88 -71.09 -71.31 -71.53 -71.72 -71.91 -72.06 -72.22 -72.38 -72.53 -72.69 -72.88 -73.06 -73.22 -73.41 -73.56 -73.72 -73.91 -74.06 -74.25 -74.44 -74.62 -74.81 -74.94 -75.09 -75.25 -75.38 -75.53 -75.62 -75.75 -75.91 -76.06 -76.22 -76.34 -76.47 -76.56 -76.66 -76.75 -76.84 -76.97 -77.12 -77.28 -77.41 -77.47 -77.53 -77.53 -77.50 -77.41 -77.28 -77.09 -76.88 -76.66 -76.56 -76.75 -76.91 -77.03 -77.12 -77.19 -77.25 -77.34 -77.47 -77.56 -77.62 -77.69 -77.72 -77.78 -77.91 -78.06 -78.22
-70.56 -70.78 -71.00 -71.22 -71.44 -71.62 -71.84 -72.00 -72.19 -72.34 -72.50 -72.66 -72.81 -73.00 -73.19 -73.38 -73.56 -73.72 -73.88 -74.03 -74.22 -74.38 -74.59 -74.78 -75.00 -75.19 -75.34 -75.50 -75.66 -75.78 -75.88 -75.97 -76.12 -76.28 -76.44 -76.59 -76.72 -76.81 -76.91 -77.00 -77.12 -77.28 -77.44 -77.59 -77.75 -77.84 -77.88 -77.88 -77.81 -77.72 -77.56 -77.34 -77.09 -76.81 -76.75 -77.03 -77.28 -77.47 -77.59 -77.66 -77.75 -77.81 -77.91 -77.97 -78.03 -78.06 -78.09 -78.16 -78.25 -78.38 -78.53
-70.69 -70.91 -71.09 -71.31 -71.53 -71.72 -71.94 -72.09 -72.28 -72.44 -72.59 -72.78 -72.94 -73.09 -73.31 -73.50 -73.69 -73.88 -74.03 -74.19 -74.34 -74.53 -74.72 -74.94 -75.16 -75.38 -75.56 -75.75 -75.91 -76.03 -76.12 -76.22 -76.34 -76.47 -76.66 -76.81 -76.94 -77.06 -77.16 -77.25 -77.38 -77.56 -77.75 -77.91 -78.06 -78.16 -78.19 -78.19 -78.12 -78.00 -77.84 -77.62 -77.38 -77.00 -76.91 -77.31 -77.62 -77.88 -78.06 -78.16 -78.22 -78.28 -78.34 -78.38 -78.41 -78.44 -78.44 -78.50 -78.56 -78.69 -78.81
-70.84 -71.03 -71.22 -71.41 -71.59 -71.81 -72.00 -72.19 -72.34 -72.50 -72.69 -72.84 -73.03 -73.22 -73.41 -73.62 -73.84 -74.03 -74.22 -74.38 -74.53 -74.72 -74.88 -75.09 -75.28 -75.53 -75.75 -75.97 -76.16 -76.28 -76.41 -76.47 -76.56 -76.69 -76.84 -77.00 -77.16 -77.28 -77.41 -77.50 -77.66 -77.81 -78.00 -78.19 -78.38 -78.47 -78.50 -78.50 -78.44 -78.31 -78.16 -77.94 -77.69 -77.28 -77.16 -77.56 -77.97 -78.28 -78.50 -78.62 -78.69 -78.72 -78.75 -78.81 -78.81 -78.81 -78.81 -78.81 -78.91 -79.00 -79.12
-71.03 -71.19 -71.38 -71.53 -71.69 -71.88 -72.03 -72.22 -72.38 -72.56 -72.75 -72.91 -73.09 -73.31 -73.50 -73.75 -73.97 -74.19 -74.38 -74.56 -74.72 -74.91 -75.06 -75.25 -75.44 -75.69 -75.94 -76.16 -76.38 -76.53 -76.66 -76.75 -76.84 -76.94 -77.09 -77.22 -77.38 -77.53 -77.66 -77.75 -77.91 -78.06 -78.25 -78.44 -78.62 -78.75 -78.81 -78.78 -78.72 -78.62 -78.44 -78.28 -78.06 -77.69 -77.50 -77.84 -78.31 -78.62 -78.91 -79.06 -79.12 -79.16 -79.19 -79.19 -79.22 -79.19 -79.16 -79.16 -79.19 -79.31 -79.41
-71.19 -71.38 -71.53 -71.69 -71.81 -71.97 -72.09 -72.25 -72.41 -72.59 -72.78 -72.97 -73.16 -73.38 -73.59 -73.84 -74.09 -74.34 -74.56 -74.75 -74.94 -75.12 -75.28 -75.44 -75.62 -75.84 -76.06 -76.34 -76.56 -76.78 -76.91 -77.03 -77.09 -77.22 -77.34 -77.47 -77.62 -77.75 -77.88 -78.00 -78.16 -78.31 -78.50 -78.69 -78.88 -79.00 -79.09 -79.09 -79.03 -78.91 -78.78 -78.62 -78.44 -78.09 -77.91 -78.22 -78.66 -79.00 -79.25 -79.47 -79.56 -79.59 -79.59 -79.59 -79.59 -79.56 -79.50 -79.47 -79.50 -79.56 -79.69
-71.38 -71.56 -71.72 -71.88 -72.00 -72.09 -72.22 -72.31 -72.47 -72.62 -72.78 -73.00 -73.19 -73.44 -73.66 -73.94 -74.19 -74.47 -74.69 -74.91 -75.12 -75.31 -75.47 -75.66 -75.81 -76.00 -76.25 -76.50 -76.75 -76.97 -77.16 -77.28 -77.38 -77.50 -77.62 -77.75 -77.88 -78.00 -78.12 -78.25 -78.41 -78.56 -78.72 -78.91 -79.09 -79.25 -79.34 -79.38 -79.31 -79.25 -79.12 -78.97 -78.81 -78.53 -78.38 -78.66 -79.06 -79.38 -79.62 -79.81 -79.94 -79.97 -79.97 -79.97 -79.94 -79.91 -79.88 -79.81 -79.81 -79.84 -79.94
-71.53 -71.72 -71.91 -72.06 -72.19 -72.28 -72.34 -72.44 -72.53 -72.66 -72.84 -73.03 -73.25 -73.47 -73.72 -74.00 -74.28 -74.56 -74.81 -75.06 -75.28 -75.47 -75.69 -75.84 -76.03 -76.19 -76.41 -76.66 -76.91 -77.16 -77.38 -77.53 -77.66 -77.78 -77.91 -78.03 -78.16 -78.25 -78.38 -78.50 -78.62 -78.78 -78.97 -79.16 -79.31 -79.47 -79.59 -79.62 -79.62 -79.56 -79.47 -79.34 -79.19 -78.94 -78.91 -79.19 -79.50 -79.75 -79.97 -80.19 -80.31 -80.34 -80.34 -80.34 -80.31 -80.28 -80.22 -80.16 -80.09 -80.12 -80.22
-71.69 -71.88 -72.09 -72.25 -72.38 -72.47 -72.56 -72.62 -72.69 -72.78 -72.91 -73.09 -73.28 -73.53 -73.78 -74.06 -74.34 -74.62 -74.91 -75.16 -75.41 -75.66 -75.84 -76.06 -76.22 -76.41 -76.59 -76.81 -77.06 -77.31 -77.56 -77.75 -77.91 -78.06 -78.19 -78.31 -78.44 -78.53 -78.62 -78.75 -78.88 -79.03 -79.19 -79.38 -79.56 -79.72 -79.84 -79.91 -79.94 -79.91 -79.81 -79.69 -79.56 -79.38 -79.44 -79.69 -79.94 -80.12 -80.31 -80.50 -80.66 -80.72 -80.72 -80.69 -80.66 -80.59 -80.53 -80.47 -80.44 -80.41 -80.50
-71.84 -72.03 -72.25 -72.44 -72.56 -72.69 -72.75 -72.84 -72.91 -72.97 -73.06 -73.19 -73.38 -73.59 -73.84 -74.12 -74.41 -74.69 -75.00 -75.28 -75.53 -75.78 -76.00 -76.22 -76.41 -76.59 -76.78 -77.00 -77.22 -77.47 -77.72 -77.94 -78.12 -78.31 -78.47 -78.59 -78.69 -78.78 -78.88 -79.00 -79.09 -79.25 -79.41 -79.59 -79.78 -79.94 -80.09 -80.19 -80.22 -80.22 -80.16 -80.06 -79.97 -79.88 -79.94 -80.16 -80.31 -80.50 -80.66 -80.84 -80.97 -81.03 -81.03 -81.03 -80.97 -80.94 -80.88 -80.78 -80.75 -80.72 -80.78
-72.00 -72.22 -72.41 -72.62 -72.78 -72.91 -73.00 -73.06 -73.12 -73.19 -73.25 -73.34 -73.50 -73.72 -73.94 -74.22 -74.50 -74.78 -75.06 -75.34 -75.62 -75.88 -76.09 -76.34 -76.56 -76.75 -76.97 -77.16 -77.38 -77.62 -77.84 -78.09 -78.31 -78.53 -78.72 -78.84 -78.97 -79.06 -79.12 -79.22 -79.34 -79.47 -79.62 -79.81 -80.00 -80.16 -80.31 -80.44 -80.50 -80.53 -80.50 -80.44 -80.38 -80.31 -80.41 -80.56 -80.69 -80.84 -81.00 -81.16 -81.28 -81.34 -81.34 -81.34 -81.28 -81.25 -81.16 -81.09 -81.03 -81.03 -81.09
-72.19 -72.38 -72.59 -72.78 -72.97 -73.09 -73.22 -73.28 -73.34 -73.41 -73.47 -73.56 -73.69 -73.88 -74.09 -74.34 -74.59 -74.88 -75.16 -75.44 -75.69 -75.94 -76.19 -76.41 -76.66 -76.88 -77.09 -77.31 -77.53 -77.78 -78.00 -78.25 -78.47 -78.72 -78.91 -79.06 -79.19 -79.28 -79.38 -79.47 -79.56 -79.69 -79.81 -80.00 -80.19 -80.38 -80.53 -80.69 -80.78 -80.84 -80.84 -80.81 -80.78 -80.75 -80.81 -80.94 -81.03 -81.19 -81.34 -81.47 -81.56 -81.62 -81.66 -81.62 -81.59 -81.53 -81.44 -81.38 -81.34 -81.34 -81.38
-72.44 -72.59 -72.78 -72.97 -73.16 -73.31 -73.44 -73.53 -73.59 -73.66 -73.69 -73.78 -73.91 -74.09 -74.28 -74.50 -74.75 -75.00 -75.28 -75.56 -75.81 -76.03 -76.28 -76.50 -76.75 -76.97 -77.22 -77.44 -77.69 -77.91 -78.16 -78.38 -78.62 -78.88 -79.06 -79.25 -79.41 -79.50 -79.59 -79.69 -79.81 -79.91 -80.03 -80.19 -80.38 -80.56 -80.75 -80.91 -81.03 -81.12 -81.16 -81.16 -81.16 -81.19 -81.22 -81.28 -81.38 -81.50 -81.66 -81.75 -81.84 -81.91 -81.91 -81.91 -81.84 -81.78 -81.72 -81.66 -81.62 -81.62 -81.69
-72.69 -72.81 -73.00 -73.19 -73.38 -73.53 -73.69 -73.78 -73.84 -73.91 -73.94 -74.03 -74.16 -74.31 -74.50 -74.72 -74.94 -75.19 -75.44 -75.69 -75.94 -76.19 -76.41 -76.62 -76.84 -77.06 -77.31 -77.56 -77.78 -78.03 -78.28 -78.53 -78.78 -79.00 -79.22 -79.41 -79.59 -79.72 -79.81 -79.91 -80.03 -80.16 -80.28 -80.41 -80.56 -80.75 -80.94 -81.12 -81.28 -81.41 -81.47 -81.53 -81.53 -81.56 -81.56 -81.62 -81.72 -81.81 -81.94 -82.03 -82.09 -82.16 -82.16 -82.16 -82.09 -82.03 -81.97 -81.94 -81.91 -81.94 -81.97
-72.97 -73.09 -73.22 -73.41 -73.59 -73.75 -73.91 -74.03 -74.09 -74.16 -74.22 -74.31 -74.44 -74.59 -74.75 -74.94 -75.16 -75.41 -75.62 -75.88 -76.12 -76.34 -76.56 -76.78 -76.97 -77.19 -77.44 -77.66 -77.91 -78.16 -78.41 -78.66 -78.91 -79.12 -79.34 -79.56 -79.72 -79.88 -80.00 -80.12 -80.25 -80.38 -80.50 -80.62 -80.78 -80.97 -81.16 -81.34 -81.53 -81.66 -81.78 -81.84 -81.88 -81.91 -81.94 -81.97 -82.03 -82.12 -82.19 -82.28 -82.34 -82.38 -82.41 -82.38 -82.34 -82.28 -82.22 -82.19 -82.19 -82.22 -82.25
-73.25 -73.34 -73.47 -73.66 -73.81 -74.00 -74.16 -74.28 -74.34 -74.41 -74.50 -74.59 -74.72 -74.88 -75.03 -75.22 -75.41 -75.62 -75.88 -76.09 -76.31 -76.56 -76.75 -76.94 -77.16 -77.34 -77.56 -77.81 -78.03 -78.28 -78.53 -78.78 -79.03 -79.25 -79.47 -79.66 -79.84 -80.03 -80.19 -80.34 -80.47 -80.59 -80.75 -80.88 -81.03 -81.19 -81.38 -81.53 -81.72 -81.91 -82.06 -82.16 -82.22 -82.25 -82.28 -82.28 -82.34 -82.41 -82.44 -82.50 -82.56 -82.59 -82.62 -82.59 -82.56 -82.53 -82.47 -82.44 -82.44 -82.47 -82.53
-73.53 -73.62 -73.75 -73.91 -74.06 -74.25 -74.41 -74.53 -74.62 -74.69 -74.78 -74.88 -75.00 -75.16 -75.31 -75.47 -75.66 -75.88 -76.09 -76.31 -76.56 -76.75 -76.97 -77.16 -77.34 -77.53 -77.72 -77.94 -78.19 -78.41 -78.66 -78.91 -79.12 -79.34 -79.56 -79.78 -79.97 -80.16 -80.34 -80.53 -80.66 -80.81 -80.97 -81.12 -81.28 -81.44 -81.59 -81.75 -81.94 -82.12 -82.28 -82.41 -82.50 -82.56 -82.59 -82.59 -82.62 -82.66 -82.69 -82.75 -82.78 -82.81 -82.81 -82.81 -82.78 -82.75 -82.72 -82.69 -82.69 -82.75 -82.81
-73.81 -73.91 -74.00 -74.16 -74.31 -74.50 -74.66 -74.78 -74.88 -74.97 -75.06 -75.19 -75.31 -75.47 -75.62 -75.78 -75.94 -76.09 -76.31 -76.56 -76.78 -76.97 -77.16 -77.34 -77.50 -77.69 -77.88 -78.09 -78.31 -78.53 -78.78 -79.03 -79.25 -79.47 -79.66 -79.88 -80.06 -80.28 -80.50 -80.69 -80.84 -81.03 -81.19 -81.34 -81.50 -81.66 -81.81 -81.97 -82.12 -82.31 -82.50 -82.66 -82.75 -82.81 -82.88 -82.88 -82.91 -82.94 -82.94 -82.97 -82.97 -83.00 -83.03 -83.00 -83.00 -82.97 -82.94 -82.94 -82.94 -83.00 -83.06
-74.09 -74.16 -74.25 -74.41 -74.56 -74.75 -74.94 -75.06 -75.16 -75.28 -75.38 -75.50 -75.62 -75.75 -75.91 -76.06 -76.19 -76.34 -76.56 -76.75 -76.97 -77.19 -77.38 -77.53 -77.69 -77.84 -78.03 -78.22 -78.44 -78.66 -78.91 -79.12 -79.34 -79.56 -79.78 -79.97 -80.19 -80.41 -80.59 -80.81 -81.00 -81.19 -81.38 -81.53 -81.72 -81.88 -82.00 -82.16 -82.31 -82.50 -82.66 -82.84 -82.97 -83.06 -83.12 -83.16 -83.19 -83.19 -83.19 -83.19 -83.19 -83.22 -83.22 -83.22 -83.19 -83.16 -83.16 -83.16 -83.19 -83.22 -83.31
-74.38 -74.44 -74.53 -74.66 -74.84 -75.03 -75.19 -75.34 -75.47 -75.56 -75.69 -75.81 -75.91 -76.03 -76.19 -76.34 -76.47 -76.62 -76.78 -77.00 -77.19 -77.41 -77.56 -77.72 -77.88 -78.00 -78.19 -78.38 -78.56 -78.78 -79.03 -79.25 -79.47 -79.69 -79.91 -80.09 -80.31 -80.50 -80.72 -80.94 -81.16 -81.34 -81.53 -81.72 -81.91 -82.06 -82.22 -82.34 -82.50 -82.66 -82.84 -83.00 -83.16 -83.25 -83.34 -83.38 -83.41 -83.44 -83.44 -83.41 -83.41 -83.41 -83.41 -83.41 -83.41 -83.38 -83.38 -83.38 -83.41 -83.47 -83.53
-74.66 -74.72 -74.81 -74.94 -75.12 -75.31 -75.47 -75.62 -75.75 -75.88 -76.00 -76.09 -76.22 -76.31 -76.44 -76.59 -76.75 -76.91 -77.06 -77.25 -77.44 -77.62 -77.81 -77.94 -78.06 -78.19 -78.34 -78.50 -78.69 -78.91 -79.12 -79.38 -79.59 -79.81 -80.00 -80.22 -80.41 -80.62 -80.84 -81.06 -81.28 -81.50 -81.72 -81.91 -82.09 -82.25 -82.41 -82.56 -82.69 -82.84 -83.00 -83.16 -83.31 -83.44 -83.53 -83.59 -83.66 -83.66 -83.66 -83.66 -83.62 -83.62 -83.62 -83.62 -83.59 -83.59 -83.59 -83.59 -83.62 -83.69 -83.75
-74.91 -75.00 -75.09 -75.25 -75.41 -75.56 -75.75 -75.91 -76.06 -76.16 -76.28 -76.41 -76.50 -76.59 -76.72 -76.88 -77.03 -77.22 -77.38 -77.53 -77.72 -77.91 -78.06 -78.19 -78.31 -78.41 -78.50 -78.62 -78.81 -79.03 -79.25 -79.47 -79.69 -79.91 -80.12 -80.34 -80.53 -80.75 -80.97 -81.19 -81.41 -81.62 -81.84 -82.06 -82.25 -82.44 -82.59 -82.72 -82.88 -83.03 -83.19 -83.31 -83.47 -83.59 -83.72 -83.78 -83.84 -83.88 -83.88 -83.88 -83.84 -83.84 -83.84 -83.81 -83.78 -83.78 -83.78 -83.81 -83.88 -83.91 -83.97
-75.16 -75.28 -75.41 -75.53 -75.69 -75.84 -76.03 -76.19 -76.34 -76.47 -76.59 -76.69 -76.78 -76.88 -76.97 -77.12 -77.31 -77.50 -77.69 -77.84 -78.00 -78.19 -78.34 -78.47 -78.56 -78.66 -78.72 -78.81 -78.94 -79.16 -79.34 -79.56 -79.78 -80.00 -80.22 -80.44 -80.66 -80.88 -81.09 -81.31 -81.53 -81.75 -82.00 -82.19 -82.41 -82.59 -82.75 -82.91 -83.06 -83.19 -83.34 -83.47 -83.62 -83.75 -83.88 -83.97 -84.03 -84.09 -84.09 -84.09 -84.09 -84.06 -84.06 -84.03 -84.00 -84.00 -84.00 -84.06 -84.09 -84.12 -84.19
-75.41 -75.53 -75.66 -75.81 -75.97 -76.12 -76.31 -76.47 -76.62 -76.78 -76.88 -77.00 -77.09 -77.16 -77.25 -77.41 -77.59 -77.81 -78.00 -78.16 -78.31 -78.47 -78.62 -78.75 -78.84 -78.91 -78.97 -79.03 -79.16 -79.28 -79.47 -79.69 -79.88 -80.09 -80.31 -80.53 -80.78 -81.00 -81.22 -81.44 -81.66 -81.88 -82.12 -82.34 -82.53 -82.72 -82.88 -83.06 -83.22 -83.38 -83.50 -83.62 -83.78 -83.91 -84.03 -84.12 -84.22 -84.28 -84.31 -84.31 -84.31 -84.28 -84.28 -84.25 -84.22 -84.22 -84.25 -84.28 -84.31 -84.34 -84.38
-75.62 -75.78 -75.91 -76.06 -76.22 -76.41 -76.56 -76.75 -76.94 -77.06 -77.16 -77.28 -77.38 -77.47 -77.56 -77.69 -77.88 -78.09 -78.31 -78.50 -78.66 -78.78 -78.94 -79.06 -79.12 -79.19 -79.25 -79.31 -79.41 -79.50 -79.66 -79.84 -80.03 -80.22 -80.44 -80.66 -80.88 -81.09 -81.34 -81.56 -81.78 -82.00 -82.22 -82.44 -82.66 -82.84 -83.00 -83.19 -83.34 -83.50 -83.66 -83.81 -83.94 -84.06 -84.19 -84.28 -84.38 -84.47 -84.50 -84.53 -84.53 -84.53 -84.50 -84.47 -84.44 -84.44 -84.47 -84.50 -84.53 -84.56 -84.59
-75.81 -76.00 -76.16 -76.31 -76.50 -76.66 -76.84 -77.03 -77.19 -77.34 -77.47 -77.56 -77.66 -77.75 -77.88 -78.00 -78.16 -78.38 -78.59 -78.81 -78.97 -79.09 -79.22 -79.34 -79.44 -79.50 -79.56 -79.62 -79.66 -79.75 -79.84 -80.03 -80.22 -80.41 -80.56 -80.78 -80.97 -81.19 -81.44 -81.66 -81.91 -82.12 -82.34 -82.56 -82.75 -82.94 -83.09 -83.28 -83.47 -83.62 -83.81 -83.94 -84.09 -84.22 -84.34 -84.47 -84.56 -84.66 -84.69 -84.75 -84.75 -84.75 -84.75 -84.72 -84.69 -84.69 -84.69 -84.72 -84.75 -84.78 -84.81
-76.03 -76.22 -76.38 -76.56 -76.75 -76.91 -77.09 -77.28 -77.47 -77.62 -77.75 -77.84 -77.94 -78.06 -78.16 -78.31 -78.47 -78.69 -78.91 -79.09 -79.28 -79.41 -79.53 -79.62 -79.72 -79.81 -79.88 -79.94 -79.97 -80.03 -80.09 -80.25 -80.41 -80.59 -80.78 -80.97 -81.12 -81.31 -81.56 -81.78 -82.00 -82.25 -82.47 -82.66 -82.84 -83.03 -83.22 -83.38 -83.56 -83.75 -83.91 -84.09 -84.25 -84.38 -84.50 -84.62 -84.72 -84.81 -84.88 -84.94 -84.97 -84.97 -84.97 -84.97 -84.94 -84.94 -84.94 -84.97 -84.97 -85.00 -85.03
