everonasctiles/Tile4,13.asc
ncols 128
nrows 128
xllcorner 0
yllcorner 0
cellsize 2.0
NODATA_value  -9999
[rows 32 to 63 of 128, columns 0 to 70 of 128]
-35.84 -35.78 -35.72 -35.66 -35.56 -35.50 -35.44 -35.38 -35.31 -35.28 -35.22 -35.16 -35.09 -35.03 -34.97 -34.91 -34.84 -34.78 -34.72 -34.66 -34.59 -34.56 -34.50 -34.44 -34.41 -34.38 -34.31 -34.25 -34.19 -34.09 -34.03 -33.97 -33.88 -33.81 -33.72 -33.62 -33.50 -33.38 -33.28 -33.16 -33.06 -32.97 -32.88 -32.78 -32.69 -32.59 -32.50 -32.38 -32.28 -32.16 -32.06 -31.94 -31.84 -31.72 -31.62 -31.53 -31.44 -31.34 -31.28 -31.19 -31.09 -31.00 -30.94 -30.81 -30.72 -30.62 -30.50 -30.41 -30.28 -30.19 -30.06
-35.81 -35.75 -35.69 -35.62 -35.56 -35.50 -35.44 -35.38 -35.31 -35.25 -35.22 -35.16 -35.09 -35.03 -34.94 -34.88 -34.81 -34.75 -34.69 -34.62 -34.56 -34.50 -34.47 -34.41 -34.38 -34.31 -34.28 -34.22 -34.12 -34.06 -34.00 -33.91 -33.84 -33.75 -33.66 -33.56 -33.47 -33.34 -33.22 -33.12 -33.00 -32.91 -32.81 -32.72 -32.62 -32.53 -32.44 -32.34 -32.25 -32.16 -32.06 -31.94 -31.84 -31.72 -31.62 -31.53 -31.44 -31.34 -31.25 -31.19 -31.09 -31.00 -30.91 -30.81 -30.72 -30.62 -30.50 -30.38 -30.28 -30.16 -30.03
-35.78 -35.72 -35.66 -35.59 -35.53 -35.47 -35.41 -35.34 -35.28 -35.25 -35.19 -35.12 -35.06 -35.00 -34.94 -34.88 -34.78 -34.72 -34.66 -34.59 -34.53 -34.47 -34.41 -34.38 -34.31 -34.28 -34.22 -34.16 -34.09 -34.03 -33.94 -33.88 -33.78 -33.72 -33.62 -33.53 -33.41 -33.28 -33.19 -33.06 -32.97 -32.84 -32.75 -32.66 -32.59 -32.50 -32.41 -32.31 -32.22 -32.12 -32.03 -31.94 -31.84 -31.72 -31.62 -31.53 -31.41 -31.34 -31.25 -31.16 -31.09 -31.00 -30.91 -30.81 -30.72 -30.62 -30.50 -30.38 -30.28 -30.19 -30.06
-35.75 -35.69 -35.62 -35.56 -35.50 -35.44 -35.38 -35.31 -35.28 -35.22 -35.16 -35.09 -35.03 -34.97 -34.91 -34.84 -34.75 -34.69 -34.62 -34.56 -34.50 -34.44 -34.38 -34.31 -34.28 -34.22 -34.19 -34.12 -34.06 -33.97 -33.91 -33.81 -33.75 -33.66 -33.56 -33.47 -33.34 -33.25 -33.12 -33.03 -32.91 -32.81 -32.72 -32.62 -32.53 -32.44 -32.34 -32.28 -32.19 -32.09 -32.00 -31.91 -31.81 -31.72 -31.62 -31.50 -31.41 -31.31 -31.25 -31.16 -31.06 -31.00 -30.91 -30.81 -30.72 -30.62 -30.50 -30.41 -30.31 -30.22 -30.09
-35.72 -35.66 -35.59 -35.53 -35.47 -35.44 -35.38 -35.31 -35.25 -35.19 -35.12 -35.06 -35.00 -34.91 -34.84 -34.78 -34.72 -34.66 -34.59 -34.53 -34.47 -34.38 -34.34 -34.28 -34.22 -34.19 -34.12 -34.06 -34.00 -33.94 -33.84 -33.78 -33.69 -33.62 -33.53 -33.41 -33.31 -33.19 -33.09 -32.97 -32.88 -32.78 -32.69 -32.56 -32.50 -32.41 -32.31 -32.22 -32.16 -32.06 -31.97 -31.91 -31.81 -31.72 -31.59 -31.50 -31.41 -31.31 -31.25 -31.16 -31.06 -31.00 -30.91 -30.81 -30.72 -30.62 -30.53 -30.41 -30.31 -30.22 -30.12
-35.66 -35.62 -35.56 -35.50 -35.44 -35.38 -35.34 -35.28 -35.22 -35.16 -35.09 -35.03 -34.94 -34.88 -34.81 -34.75 -34.69 -34.62 -34.56 -34.47 -34.41 -34.34 -34.28 -34.22 -34.16 -34.12 -34.06 -34.00 -33.94 -33.88 -33.81 -33.72 -33.66 -33.56 -33.47 -33.38 -33.25 -33.16 -33.03 -32.94 -32.84 -32.72 -32.62 -32.53 -32.44 -32.34 -32.28 -32.19 -32.09 -32.03 -31.94 -31.88 -31.78 -31.69 -31.59 -31.50 -31.41 -31.31 -31.22 -31.16 -31.06 -30.97 -30.91 -30.81 -30.72 -30.62 -30.53 -30.44 -30.34 -30.25 -30.16
-35.62 -35.56 -35.50 -35.47 -35.41 -35.34 -35.28 -35.22 -35.19 -35.12 -35.06 -34.97 -34.91 -34.84 -34.78 -34.69 -34.62 -34.56 -34.50 -34.44 -34.38 -34.28 -34.22 -34.16 -34.09 -34.06 -34.00 -33.94 -33.91 -33.81 -33.75 -33.69 -33.59 -33.50 -33.41 -33.31 -33.22 -33.09 -33.00 -32.91 -32.81 -32.69 -32.59 -32.50 -32.41 -32.31 -32.22 -32.16 -32.06 -31.97 -31.91 -31.81 -31.75 -31.66 -31.56 -31.47 -31.41 -31.31 -31.22 -31.12 -31.06 -30.97 -30.88 -30.78 -30.72 -30.62 -30.53 -30.44 -30.34 -30.25 -30.16
-35.59 -35.53 -35.47 -35.41 -35.38 -35.31 -35.25 -35.19 -35.16 -35.09 -35.03 -34.94 -34.88 -34.81 -34.72 -34.66 -34.59 -34.53 -34.47 -34.41 -34.31 -34.25 -34.19 -34.09 -34.03 -34.00 -33.94 -33.88 -33.84 -33.78 -33.69 -33.62 -33.53 -33.47 -33.38 -33.28 -33.16 -33.06 -32.97 -32.88 -32.75 -32.66 -32.56 -32.47 -32.38 -32.28 -32.19 -32.09 -32.03 -31.94 -31.88 -31.78 -31.72 -31.62 -31.53 -31.47 -31.38 -31.28 -31.22 -31.12 -31.03 -30.94 -30.88 -30.78 -30.69 -30.62 -30.53 -30.44 -30.34 -30.25 -30.16
-35.56 -35.50 -35.47 -35.41 -35.34 -35.28 -35.22 -35.16 -35.12 -35.06 -35.00 -34.94 -34.84 -34.78 -34.69 -34.62 -34.56 -34.50 -34.44 -34.34 -34.28 -34.19 -34.12 -34.06 -34.00 -33.94 -33.88 -33.81 -33.78 -33.69 -33.62 -33.56 -33.47 -33.38 -33.31 -33.22 -33.09 -33.00 -32.91 -32.81 -32.72 -32.62 -32.53 -32.44 -32.34 -32.25 -32.16 -32.06 -32.00 -31.91 -31.84 -31.75 -31.69 -31.59 -31.53 -31.44 -31.34 -31.28 -31.19 -31.09 -31.03 -30.94 -30.84 -30.75 -30.69 -30.59 -30.50 -30.44 -30.34 -30.25 -30.16
-35.56 -35.53 -35.47 -35.41 -35.34 -35.28 -35.22 -35.16 -35.09 -35.06 -34.97 -34.91 -34.84 -34.75 -34.69 -34.62 -34.53 -34.47 -34.41 -34.31 -34.25 -34.16 -34.09 -34.00 -33.94 -33.88 -33.81 -33.78 -33.72 -33.62 -33.56 -33.47 -33.41 -33.31 -33.22 -33.12 -33.03 -32.94 -32.84 -32.75 -32.66 -32.56 -32.47 -32.41 -32.31 -32.22 -32.12 -32.03 -31.97 -31.88 -31.81 -31.72 -31.66 -31.56 -31.50 -31.41 -31.34 -31.25 -31.16 -31.09 -31.00 -30.91 -30.84 -30.75 -30.66 -30.56 -30.50 -30.41 -30.31 -30.22 -30.16
-35.59 -35.53 -35.50 -35.44 -35.38 -35.31 -35.25 -35.19 -35.12 -35.06 -34.97 -34.91 -34.84 -34.75 -34.69 -34.59 -34.53 -34.44 -34.38 -34.28 -34.22 -34.12 -34.06 -33.97 -33.91 -33.84 -33.78 -33.72 -33.66 -33.56 -33.50 -33.41 -33.34 -33.25 -33.16 -33.06 -32.97 -32.91 -32.81 -32.72 -32.62 -32.53 -32.44 -32.34 -32.28 -32.19 -32.09 -32.00 -31.94 -31.84 -31.78 -31.69 -31.62 -31.53 -31.47 -31.38 -31.31 -31.22 -31.16 -31.06 -30.97 -30.91 -30.81 -30.72 -30.62 -30.53 -30.44 -30.38 -30.28 -30.22 -30.12
-35.62 -35.56 -35.50 -35.47 -35.41 -35.34 -35.28 -35.22 -35.12 -35.06 -35.00 -34.91 -34.84 -34.75 -34.69 -34.59 -34.53 -34.44 -34.38 -34.28 -34.19 -34.12 -34.03 -33.97 -33.88 -33.81 -33.75 -33.69 -33.59 -33.53 -33.47 -33.38 -33.28 -33.22 -33.12 -33.03 -32.94 -32.84 -32.75 -32.66 -32.56 -32.47 -32.41 -32.31 -32.25 -32.16 -32.06 -32.00 -31.91 -31.84 -31.75 -31.69 -31.59 -31.53 -31.44 -31.34 -31.28 -31.19 -31.12 -31.03 -30.94 -30.88 -30.78 -30.69 -30.59 -30.50 -30.44 -30.34 -30.28 -30.19 -30.12
-35.66 -35.59 -35.53 -35.47 -35.44 -35.38 -35.31 -35.22 -35.16 -35.06 -35.00 -34.91 -34.84 -34.75 -34.69 -34.59 -34.50 -34.44 -34.34 -34.28 -34.19 -34.12 -34.03 -33.97 -33.88 -33.81 -33.72 -33.66 -33.59 -33.50 -33.44 -33.38 -33.28 -33.19 -33.09 -33.03 -32.94 -32.84 -32.72 -32.62 -32.56 -32.47 -32.38 -32.28 -32.22 -32.12 -32.06 -31.97 -31.91 -31.81 -31.75 -31.66 -31.59 -31.50 -31.41 -31.34 -31.25 -31.16 -31.09 -31.00 -30.94 -30.84 -30.75 -30.66 -30.56 -30.50 -30.41 -30.34 -30.25 -30.19 -30.09
-35.69 -35.62 -35.56 -35.50 -35.44 -35.38 -35.31 -35.25 -35.16 -35.09 -35.00 -34.91 -34.84 -34.75 -34.69 -34.59 -34.50 -34.44 -34.34 -34.28 -34.19 -34.12 -34.03 -33.97 -33.88 -33.81 -33.72 -33.66 -33.59 -33.50 -33.44 -33.38 -33.28 -33.22 -33.12 -33.03 -32.94 -32.84 -32.75 -32.66 -32.56 -32.47 -32.38 -32.28 -32.22 -32.12 -32.06 -31.97 -31.91 -31.81 -31.72 -31.66 -31.56 -31.47 -31.41 -31.31 -31.22 -31.16 -31.06 -30.97 -30.91 -30.81 -30.72 -30.66 -30.56 -30.47 -30.41 -30.31 -30.22 -30.16 -30.06
-35.72 -35.66 -35.59 -35.53 -35.47 -35.41 -35.31 -35.25 -35.16 -35.06 -35.00 -34.91 -34.81 -34.75 -34.66 -34.59 -34.50 -34.41 -34.34 -34.28 -34.19 -34.12 -34.06 -33.97 -33.88 -33.81 -33.72 -33.66 -33.59 -33.53 -33.47 -33.41 -33.31 -33.25 -33.16 -33.06 -33.00 -32.91 -32.81 -32.69 -32.59 -32.50 -32.41 -32.31 -32.22 -32.16 -32.06 -31.97 -31.91 -31.81 -31.72 -31.62 -31.53 -31.47 -31.38 -31.28 -31.22 -31.12 -31.03 -30.97 -30.88 -30.81 -30.72 -30.62 -30.53 -30.47 -30.38 -30.28 -30.22 -30.12 -30.06
-35.75 -35.69 -35.59 -35.53 -35.47 -35.41 -35.31 -35.25 -35.16 -35.06 -34.97 -34.91 -34.81 -34.75 -34.66 -34.59 -34.50 -34.44 -34.34 -34.28 -34.22 -34.16 -34.06 -34.00 -33.91 -33.84 -33.75 -33.69 -33.62 -33.56 -33.50 -33.44 -33.34 -33.28 -33.22 -33.12 -33.03 -32.94 -32.84 -32.75 -32.66 -32.56 -32.44 -32.34 -32.25 -32.16 -32.06 -32.00 -31.91 -31.81 -31.72 -31.62 -31.53 -31.44 -31.38 -31.28 -31.19 -31.12 -31.03 -30.94 -30.88 -30.78 -30.69 -30.59 -30.53 -30.44 -30.38 -30.28 -30.22 -30.12 -30.06
-35.78 -35.72 -35.62 -35.56 -35.47 -35.41 -35.31 -35.25 -35.16 -35.06 -34.97 -34.91 -34.81 -34.72 -34.66 -34.59 -34.50 -34.44 -34.38 -34.31 -34.22 -34.16 -34.09 -34.00 -33.94 -33.88 -33.78 -33.72 -33.66 -33.59 -33.53 -33.47 -33.41 -33.31 -33.25 -33.19 -33.09 -33.00 -32.91 -32.81 -32.72 -32.62 -32.50 -32.41 -32.31 -32.19 -32.09 -32.00 -31.91 -31.81 -31.72 -31.62 -31.53 -31.44 -31.34 -31.25 -31.19 -31.09 -31.00 -30.94 -30.84 -30.75 -30.69 -30.59 -30.50 -30.44 -30.34 -30.28 -30.19 -30.12 -30.03
-35.81 -35.75 -35.66 -35.59 -35.50 -35.41 -35.31 -35.25 -35.16 -35.06 -34.97 -34.91 -34.81 -34.75 -34.66 -34.59 -34.50 -34.44 -34.38 -34.31 -34.25 -34.19 -34.09 -34.03 -33.97 -33.91 -33.84 -33.75 -33.69 -33.62 -33.56 -33.50 -33.44 -33.38 -33.31 -33.22 -33.16 -33.06 -32.97 -32.88 -32.78 -32.66 -32.56 -32.47 -32.34 -32.25 -32.12 -32.03 -31.94 -31.81 -31.72 -31.62 -31.53 -31.44 -31.34 -31.25 -31.16 -31.09 -31.00 -30.91 -30.81 -30.75 -30.66 -30.56 -30.50 -30.41 -30.34 -30.25 -30.19 -30.09 -30.03
-35.84 -35.78 -35.69 -35.59 -35.50 -35.44 -35.34 -35.25 -35.16 -35.06 -34.97 -34.91 -34.81 -34.75 -34.66 -34.59 -34.53 -34.44 -34.38 -34.31 -34.25 -34.19 -34.12 -34.06 -34.00 -33.94 -33.88 -33.78 -33.72 -33.66 -33.59 -33.53 -33.47 -33.41 -33.34 -33.25 -33.19 -33.12 -33.03 -32.94 -32.84 -32.72 -32.62 -32.50 -32.41 -32.28 -32.19 -32.06 -31.97 -31.84 -31.75 -31.62 -31.53 -31.44 -31.34 -31.25 -31.16 -31.06 -30.97 -30.91 -30.81 -30.72 -30.66 -30.56 -30.50 -30.41 -30.34 -30.25 -30.19 -30.09 -30.03
-35.84 -35.78 -35.69 -35.62 -35.53 -35.44 -35.34 -35.25 -35.16 -35.06 -34.97 -34.91 -34.84 -34.75 -34.66 -34.59 -34.53 -34.47 -34.41 -34.34 -34.28 -34.22 -34.12 -34.06 -34.00 -33.94 -33.88 -33.81 -33.75 -33.69 -33.59 -33.53 -33.47 -33.41 -33.34 -33.28 -33.22 -33.12 -33.06 -32.97 -32.88 -32.75 -32.66 -32.56 -32.44 -32.31 -32.22 -32.09 -32.00 -31.88 -31.78 -31.66 -31.56 -31.44 -31.34 -31.25 -31.16 -31.06 -30.97 -30.91 -30.81 -30.75 -30.66 -30.59 -30.53 -30.44 -30.38 -30.28 -30.19 -30.12 -30.03
-35.84 -35.78 -35.69 -35.62 -35.53 -35.44 -35.34 -35.25 -35.16 -35.06 -34.97 -34.91 -34.81 -34.75 -34.66 -34.59 -34.53 -34.47 -34.41 -34.34 -34.28 -34.22 -34.16 -34.06 -34.00 -33.94 -33.88 -33.81 -33.75 -33.69 -33.59 -33.53 -33.47 -33.41 -33.34 -33.28 -33.22 -33.16 -33.06 -32.97 -32.88 -32.78 -32.69 -32.59 -32.47 -32.34 -32.25 -32.12 -32.03 -31.91 -31.81 -31.69 -31.59 -31.47 -31.38 -31.28 -31.19 -31.09 -31.00 -30.91 -30.84 -30.75 -30.69 -30.62 -30.56 -30.47 -30.41 -30.31 -30.22 -30.12 -30.03
-35.84 -35.75 -35.69 -35.62 -35.53 -35.44 -35.34 -35.22 -35.12 -35.03 -34.97 -34.88 -34.81 -34.72 -34.66 -34.59 -34.50 -34.44 -34.38 -34.31 -34.25 -34.19 -34.12 -34.06 -34.00 -33.94 -33.88 -33.81 -33.72 -33.66 -33.59 -33.53 -33.47 -33.41 -33.34 -33.28 -33.22 -33.12 -33.06 -32.97 -32.91 -32.81 -32.69 -32.59 -32.50 -32.38 -32.28 -32.16 -32.03 -31.94 -31.81 -31.72 -31.62 -31.50 -31.41 -31.31 -31.22 -31.12 -31.03 -30.94 -30.88 -30.78 -30.72 -30.66 -30.59 -30.53 -30.44 -30.38 -30.28 -30.19 -30.12
-35.81 -35.75 -35.69 -35.59 -35.50 -35.41 -35.31 -35.22 -35.12 -35.03 -34.94 -34.84 -34.78 -34.72 -34.62 -34.56 -34.50 -34.44 -34.38 -34.31 -34.25 -34.19 -34.12 -34.06 -33.97 -33.91 -33.84 -33.78 -33.72 -33.66 -33.59 -33.53 -33.44 -33.38 -33.31 -33.25 -33.19 -33.12 -33.03 -32.97 -32.88 -32.78 -32.69 -32.59 -32.50 -32.38 -32.28 -32.16 -32.06 -31.97 -31.84 -31.75 -31.62 -31.53 -31.44 -31.34 -31.25 -31.16 -31.06 -30.97 -30.91 -30.84 -30.78 -30.72 -30.62 -30.56 -30.50 -30.41 -30.34 -30.25 -30.19
-35.81 -35.75 -35.66 -35.56 -35.50 -35.41 -35.31 -35.19 -35.09 -35.00 -34.91 -34.84 -34.75 -34.69 -34.62 -34.53 -34.47 -34.41 -34.34 -34.28 -34.22 -34.16 -34.09 -34.03 -33.97 -33.91 -33.84 -33.78 -33.69 -33.62 -33.56 -33.50 -33.44 -33.38 -33.31 -33.25 -33.16 -33.09 -33.03 -32.94 -32.84 -32.78 -32.69 -32.59 -32.47 -32.38 -32.28 -32.16 -32.06 -31.97 -31.84 -31.75 -31.66 -31.56 -31.47 -31.38 -31.28 -31.19 -31.12 -31.03 -30.97 -30.88 -30.81 -30.75 -30.69 -30.59 -30.53 -30.47 -30.38 -30.31 -30.22
-35.81 -35.75 -35.66 -35.56 -35.47 -35.38 -35.28 -35.19 -35.09 -35.00 -34.91 -34.81 -34.75 -34.66 -34.59 -34.53 -34.44 -34.38 -34.31 -34.25 -34.19 -34.12 -34.06 -34.00 -33.94 -33.88 -33.81 -33.75 -33.69 -33.62 -33.56 -33.50 -33.44 -33.34 -33.28 -33.22 -33.16 -33.06 -33.00 -32.91 -32.84 -32.75 -32.66 -32.56 -32.47 -32.38 -32.28 -32.16 -32.06 -31.97 -31.88 -31.75 -31.66 -31.56 -31.47 -31.41 -31.31 -31.25 -31.16 -31.09 -31.00 -30.94 -30.88 -30.78 -30.72 -30.66 -30.56 -30.50 -30.41 -30.34 -30.25
-35.84 -35.75 -35.66 -35.56 -35.47 -35.38 -35.28 -35.16 -35.06 -34.97 -34.88 -34.81 -34.72 -34.66 -34.59 -34.50 -34.44 -34.38 -34.31 -34.25 -34.19 -34.12 -34.06 -33.97 -33.91 -33.84 -33.78 -33.72 -33.66 -33.59 -33.53 -33.47 -33.41 -33.34 -33.28 -33.19 -33.12 -33.06 -32.97 -32.91 -32.81 -32.72 -32.66 -32.56 -32.47 -32.34 -32.25 -32.16 -32.06 -31.97 -31.88 -31.78 -31.69 -31.59 -31.50 -31.44 -31.34 -31.28 -31.19 -31.12 -31.06 -31.00 -30.91 -30.84 -30.75 -30.66 -30.59 -30.50 -30.44 -30.38 -30.28
-35.84 -35.75 -35.66 -35.56 -35.47 -35.38 -35.28 -35.16 -35.06 -34.97 -34.88 -34.78 -34.72 -34.66 -34.56 -34.50 -34.44 -34.38 -34.31 -34.22 -34.16 -34.09 -34.03 -33.97 -33.88 -33.81 -33.75 -33.69 -33.62 -33.56 -33.50 -33.44 -33.38 -33.31 -33.25 -33.16 -33.09 -33.03 -32.94 -32.88 -32.78 -32.72 -32.62 -32.53 -32.44 -32.34 -32.25 -32.16 -32.06 -31.97 -31.88 -31.78 -31.72 -31.62 -31.53 -31.47 -31.38 -31.31 -31.25 -31.16 -31.09 -31.03 -30.94 -30.88 -30.81 -30.72 -30.62 -30.53 -30.47 -30.41 -30.31
-35.88 -35.78 -35.69 -35.59 -35.50 -35.41 -35.28 -35.19 -35.09 -34.97 -34.88 -34.78 -34.72 -34.62 -34.56 -34.50 -34.44 -34.38 -34.31 -34.22 -34.16 -34.09 -34.00 -33.94 -33.88 -33.78 -33.72 -33.66 -33.59 -33.53 -33.47 -33.41 -33.34 -33.28 -33.22 -33.12 -33.06 -32.97 -32.91 -32.81 -32.75 -32.66 -32.59 -32.50 -32.44 -32.34 -32.25 -32.16 -32.06 -31.97 -31.91 -31.81 -31.72 -31.66 -31.56 -31.50 -31.41 -31.34 -31.28 -31.19 -31.12 -31.06 -31.00 -30.91 -30.84 -30.75 -30.69 -30.59 -30.50 -30.41 -30.34
-35.91 -35.81 -35.72 -35.62 -35.53 -35.44 -35.34 -35.22 -35.12 -35.00 -34.91 -34.81 -34.72 -34.66 -34.56 -34.50 -34.44 -34.38 -34.28 -34.22 -34.16 -34.06 -34.00 -33.91 -33.84 -33.78 -33.69 -33.62 -33.56 -33.50 -33.44 -33.38 -33.31 -33.22 -33.16 -33.09 -33.00 -32.94 -32.84 -32.78 -32.69 -32.62 -32.56 -32.50 -32.41 -32.31 -32.25 -32.16 -32.06 -32.00 -31.91 -31.84 -31.75 -31.69 -31.59 -31.53 -31.44 -31.38 -31.31 -31.22 -31.16 -31.09 -31.03 -30.94 -30.88 -30.78 -30.72 -30.62 -30.53 -30.44 -30.34
-35.94 -35.84 -35.75 -35.69 -35.59 -35.47 -35.38 -35.28 -35.16 -35.06 -34.94 -34.84 -34.75 -34.66 -34.56 -34.50 -34.44 -34.34 -34.28 -34.22 -34.12 -34.06 -34.00 -33.91 -33.84 -33.75 -33.69 -33.62 -33.56 -33.50 -33.41 -33.34 -33.28 -33.19 -33.09 -33.03 -32.94 -32.88 -32.81 -32.72 -32.66 -32.59 -32.53 -32.44 -32.38 -32.31 -32.22 -32.16 -32.06 -32.00 -31.94 -31.84 -31.78 -31.69 -31.62 -31.56 -31.47 -31.41 -31.34 -31.25 -31.19 -31.12 -31.06 -30.97 -30.91 -30.81 -30.72 -30.66 -30.56 -30.47 -30.34
-35.97 -35.88 -35.81 -35.72 -35.62 -35.53 -35.44 -35.31 -35.22 -35.09 -34.97 -34.88 -34.78 -34.69 -34.59 -34.50 -34.44 -34.38 -34.28 -34.22 -34.12 -34.06 -34.00 -33.91 -33.84 -33.78 -33.69 -33.62 -33.56 -33.50 -33.41 -33.34 -33.25 -33.16 -33.06 -33.00 -32.91 -32.81 -32.75 -32.69 -32.62 -32.53 -32.50 -32.41 -32.34 -32.28 -32.22 -32.12 -32.06 -32.00 -31.94 -31.84 -31.78 -31.72 -31.62 -31.56 -31.50 -31.44 -31.38 -31.28 -31.22 -31.16 -31.06 -31.00 -30.91 -30.84 -30.75 -30.66 -30.56 -30.47 -30.34
-35.97 -35.91 -35.84 -35.75 -35.66 -35.56 -35.47 -35.34 -35.25 -35.12 -35.03 -34.91 -34.81 -34.72 -34.62 -34.53 -34.44 -34.38 -34.28 -34.22 -34.16 -34.06 -34.00 -33.94 -33.88 -33.78 -33.72 -33.66 -33.56 -33.50 -33.41 -33.34 -33.25 -33.16 -33.06 -32.97 -32.88 -32.81 -32.72 -32.66 -32.59 -32.53 -32.47 -32.41 -32.31 -32.25 -32.19 -32.12 -32.06 -32.00 -31.94 -31.84 -31.78 -31.72 -31.66 -31.59 -31.53 -31.47 -31.38 -31.31 -31.25 -31.16 -31.09 -31.00 -30.94 -30.84 -30.75 -30.66 -30.56 -30.44 -30.34
