everonasctiles/Tile[26,47].asc
ncols 128
nrows 128
xllcorner 0
yllcorner 0
cellsize 2.0
NODATA_value  -9999
[rows 64 to 95 of 128, columns 0 to 70 of 128]
-83.34 -83.22 -83.25 -83.28 -83.34 -83.38 -83.41 -83.41 -83.44 -83.47 -83.50 -83.53 -83.59 -83.62 -83.62 -83.53 -83.38 -83.16 -82.91 -82.66 -82.34 -81.75 -81.31 -81.38 -81.88 -82.44 -82.91 -83.19 -83.44 -83.62 -83.78 -83.91 -84.00 -84.06 -84.12 -84.16 -84.22 -84.22 -84.16 -84.06 -83.91 -83.75 -83.56 -83.34 -83.12 -82.88 -82.59 -82.28 -81.97 -81.66 -81.34 -80.94 -80.59 -80.53 -80.62 -80.75 -80.88 -80.94 -81.03 -81.12 -81.28 -81.53 -81.81 -82.09 -82.38 -82.66 -82.91 -83.19 -83.50 -83.78 -84.06
-83.41 -83.25 -83.19 -83.22 -83.28 -83.28 -83.31 -83.31 -83.34 -83.38 -83.41 -83.47 -83.53 -83.53 -83.50 -83.41 -83.25 -83.03 -82.78 -82.53 -82.22 -81.59 -81.06 -81.22 -81.88 -82.56 -82.97 -83.25 -83.50 -83.72 -83.88 -84.00 -84.12 -84.19 -84.25 -84.31 -84.34 -84.34 -84.28 -84.16 -84.03 -83.88 -83.69 -83.50 -83.25 -83.00 -82.72 -82.41 -82.09 -81.78 -81.44 -81.06 -80.94 -80.97 -81.06 -81.12 -81.19 -81.28 -81.38 -81.50 -81.62 -81.75 -81.91 -82.12 -82.41 -82.66 -82.94 -83.22 -83.50 -83.78 -84.09
-83.50 -83.31 -83.22 -83.19 -83.22 -83.22 -83.25 -83.25 -83.28 -83.31 -83.38 -83.44 -83.50 -83.50 -83.47 -83.34 -83.19 -82.97 -82.72 -82.44 -82.09 -81.47 -80.94 -81.25 -81.97 -82.69 -83.03 -83.34 -83.59 -83.81 -84.00 -84.12 -84.25 -84.34 -84.41 -84.44 -84.47 -84.44 -84.38 -84.28 -84.16 -84.00 -83.84 -83.62 -83.38 -83.12 -82.81 -82.53 -82.22 -81.94 -81.62 -81.38 -81.34 -81.38 -81.38 -81.41 -81.47 -81.56 -81.69 -81.81 -81.94 -82.06 -82.16 -82.31 -82.50 -82.75 -82.97 -83.22 -83.50 -83.78 -84.09
-83.62 -83.41 -83.25 -83.19 -83.19 -83.22 -83.22 -83.25 -83.31 -83.41 -83.47 -83.56 -83.59 -83.59 -83.53 -83.41 -83.22 -83.00 -82.72 -82.41 -81.94 -81.31 -80.84 -81.25 -82.03 -82.78 -83.16 -83.47 -83.75 -83.97 -84.12 -84.28 -84.38 -84.47 -84.53 -84.56 -84.59 -84.56 -84.50 -84.41 -84.28 -84.12 -83.94 -83.75 -83.50 -83.22 -82.94 -82.66 -82.38 -82.12 -81.88 -81.72 -81.66 -81.66 -81.66 -81.72 -81.78 -81.88 -81.97 -82.09 -82.22 -82.34 -82.47 -82.59 -82.75 -82.91 -83.09 -83.28 -83.53 -83.81 -84.09
-83.72 -83.50 -83.28 -83.22 -83.28 -83.31 -83.34 -83.41 -83.50 -83.62 -83.72 -83.78 -83.81 -83.78 -83.72 -83.59 -83.41 -83.12 -82.84 -82.41 -81.81 -81.19 -80.88 -81.34 -82.12 -82.91 -83.31 -83.62 -83.91 -84.12 -84.31 -84.41 -84.50 -84.59 -84.66 -84.69 -84.69 -84.66 -84.59 -84.50 -84.38 -84.25 -84.06 -83.84 -83.59 -83.34 -83.09 -82.81 -82.56 -82.31 -82.12 -81.97 -81.91 -81.91 -81.97 -82.03 -82.09 -82.16 -82.28 -82.41 -82.53 -82.66 -82.75 -82.88 -83.00 -83.16 -83.31 -83.44 -83.59 -83.81 -84.09
-83.81 -83.56 -83.31 -83.34 -83.47 -83.50 -83.53 -83.62 -83.78 -83.91 -84.03 -84.09 -84.09 -84.06 -84.03 -83.88 -83.69 -83.41 -83.09 -82.53 -81.81 -81.16 -81.06 -81.62 -82.41 -83.12 -83.50 -83.78 -84.09 -84.31 -84.47 -84.59 -84.66 -84.72 -84.78 -84.81 -84.78 -84.75 -84.69 -84.59 -84.47 -84.31 -84.12 -83.94 -83.72 -83.47 -83.25 -83.00 -82.75 -82.53 -82.34 -82.22 -82.16 -82.19 -82.22 -82.31 -82.38 -82.47 -82.56 -82.69 -82.84 -82.97 -83.06 -83.19 -83.28 -83.41 -83.56 -83.69 -83.81 -83.94 -84.19
-83.91 -83.59 -83.41 -83.59 -83.72 -83.78 -83.81 -83.91 -84.09 -84.25 -84.41 -84.47 -84.47 -84.47 -84.41 -84.28 -84.06 -83.75 -83.44 -82.75 -81.94 -81.31 -81.41 -82.09 -82.88 -83.34 -83.66 -83.97 -84.25 -84.50 -84.66 -84.75 -84.81 -84.84 -84.91 -84.91 -84.88 -84.81 -84.75 -84.62 -84.50 -84.38 -84.19 -84.03 -83.81 -83.59 -83.38 -83.16 -82.94 -82.72 -82.56 -82.44 -82.38 -82.41 -82.47 -82.56 -82.62 -82.72 -82.84 -82.97 -83.12 -83.25 -83.34 -83.47 -83.59 -83.69 -83.81 -83.91 -84.03 -84.16 -84.34
-83.91 -83.53 -83.62 -83.91 -84.06 -84.16 -84.19 -84.22 -84.41 -84.62 -84.81 -84.94 -84.94 -84.94 -84.88 -84.72 -84.47 -84.16 -83.81 -83.06 -82.22 -81.62 -81.84 -82.59 -83.25 -83.56 -83.84 -84.16 -84.44 -84.66 -84.81 -84.91 -84.94 -84.97 -85.00 -85.00 -84.97 -84.91 -84.78 -84.69 -84.56 -84.41 -84.25 -84.09 -83.91 -83.72 -83.50 -83.31 -83.09 -82.91 -82.72 -82.62 -82.56 -82.59 -82.69 -82.75 -82.84 -82.97 -83.09 -83.22 -83.38 -83.50 -83.62 -83.75 -83.84 -83.97 -84.06 -84.19 -84.28 -84.38 -84.53
-83.88 -83.66 -83.91 -84.25 -84.44 -84.56 -84.59 -84.59 -84.78 -85.06 -85.28 -85.44 -85.47 -85.44 -85.38 -85.22 -84.97 -84.62 -84.25 -83.44 -82.56 -82.00 -82.25 -83.00 -83.47 -83.75 -84.03 -84.31 -84.59 -84.78 -84.94 -85.03 -85.06 -85.09 -85.09 -85.09 -85.03 -84.94 -84.84 -84.72 -84.59 -84.47 -84.31 -84.16 -84.00 -83.81 -83.62 -83.41 -83.22 -83.03 -82.88 -82.75 -82.72 -82.75 -82.84 -82.94 -83.03 -83.16 -83.28 -83.44 -83.59 -83.72 -83.88 -84.00 -84.09 -84.22 -84.31 -84.41 -84.50 -84.59 -84.72
-84.03 -84.00 -84.25 -84.66 -84.88 -85.03 -85.06 -85.03 -85.16 -85.50 -85.78 -85.94 -86.03 -86.00 -85.91 -85.72 -85.44 -85.12 -84.72 -83.94 -83.03 -82.41 -82.56 -83.28 -83.66 -83.91 -84.19 -84.47 -84.72 -84.91 -85.03 -85.12 -85.16 -85.19 -85.19 -85.16 -85.09 -85.00 -84.91 -84.78 -84.66 -84.53 -84.38 -84.25 -84.09 -83.91 -83.69 -83.50 -83.31 -83.12 -83.00 -82.88 -82.81 -82.84 -82.94 -83.06 -83.19 -83.31 -83.47 -83.62 -83.78 -83.91 -84.06 -84.19 -84.31 -84.44 -84.53 -84.62 -84.72 -84.81 -84.94
-84.50 -84.50 -84.69 -85.09 -85.34 -85.50 -85.56 -85.53 -85.59 -85.97 -86.28 -86.50 -86.59 -86.56 -86.44 -86.25 -85.97 -85.66 -85.28 -84.50 -83.59 -82.84 -82.84 -83.47 -83.81 -84.09 -84.34 -84.59 -84.81 -85.00 -85.12 -85.19 -85.25 -85.25 -85.25 -85.19 -85.12 -85.06 -84.97 -84.84 -84.72 -84.59 -84.47 -84.31 -84.16 -83.97 -83.78 -83.56 -83.38 -83.22 -83.09 -82.97 -82.91 -82.91 -83.00 -83.12 -83.25 -83.41 -83.56 -83.75 -83.91 -84.06 -84.22 -84.34 -84.47 -84.59 -84.72 -84.81 -84.91 -85.00 -85.09
-85.12 -85.16 -85.25 -85.56 -85.81 -86.03 -86.09 -86.06 -86.09 -86.47 -86.84 -87.06 -87.16 -87.09 -86.97 -86.75 -86.47 -86.19 -85.88 -85.16 -84.19 -83.34 -83.09 -83.62 -83.97 -84.22 -84.50 -84.72 -84.91 -85.06 -85.19 -85.25 -85.28 -85.31 -85.28 -85.25 -85.19 -85.09 -85.03 -84.91 -84.81 -84.69 -84.53 -84.38 -84.22 -84.03 -83.84 -83.66 -83.47 -83.31 -83.19 -83.06 -82.97 -82.94 -83.03 -83.16 -83.28 -83.47 -83.62 -83.81 -84.00 -84.16 -84.31 -84.47 -84.59 -84.72 -84.84 -84.94 -85.03 -85.12 -85.25
-85.78 -85.84 -85.88 -86.06 -86.31 -86.53 -86.66 -86.66 -86.69 -87.00 -87.41 -87.62 -87.72 -87.62 -87.47 -87.28 -87.03 -86.75 -86.44 -85.84 -84.78 -83.88 -83.41 -83.75 -84.12 -84.38 -84.59 -84.81 -85.00 -85.12 -85.25 -85.31 -85.34 -85.31 -85.31 -85.25 -85.22 -85.16 -85.06 -84.97 -84.88 -84.75 -84.59 -84.44 -84.28 -84.09 -83.91 -83.72 -83.56 -83.41 -83.25 -83.12 -83.00 -82.94 -83.03 -83.16 -83.28 -83.47 -83.66 -83.88 -84.03 -84.22 -84.38 -84.53 -84.66 -84.81 -84.94 -85.03 -85.12 -85.25 -85.34
-86.25 -86.34 -86.41 -86.53 -86.78 -87.03 -87.22 -87.28 -87.31 -87.59 -87.97 -88.19 -88.25 -88.16 -87.97 -87.78 -87.59 -87.31 -87.03 -86.47 -85.41 -84.44 -83.84 -83.91 -84.28 -84.50 -84.69 -84.91 -85.06 -85.22 -85.31 -85.34 -85.38 -85.34 -85.31 -85.28 -85.22 -85.19 -85.09 -85.03 -84.91 -84.78 -84.66 -84.50 -84.34 -84.16 -83.97 -83.81 -83.62 -83.47 -83.31 -83.16 -83.03 -82.91 -83.00 -83.16 -83.31 -83.50 -83.69 -83.88 -84.06 -84.25 -84.41 -84.56 -84.69 -84.84 -84.97 -85.09 -85.19 -85.31 -85.41
-86.75 -86.84 -86.91 -87.00 -87.25 -87.53 -87.75 -87.91 -88.00 -88.22 -88.53 -88.75 -88.78 -88.66 -88.47 -88.28 -88.16 -87.91 -87.62 -87.09 -86.12 -85.16 -84.47 -84.22 -84.41 -84.62 -84.78 -84.97 -85.12 -85.25 -85.34 -85.41 -85.41 -85.38 -85.34 -85.28 -85.25 -85.19 -85.12 -85.03 -84.94 -84.81 -84.69 -84.53 -84.38 -84.22 -84.06 -83.88 -83.72 -83.53 -83.34 -83.16 -83.03 -82.91 -83.03 -83.16 -83.31 -83.50 -83.72 -83.91 -84.09 -84.25 -84.41 -84.56 -84.72 -84.84 -84.97 -85.09 -85.22 -85.31 -85.41
-87.25 -87.34 -87.38 -87.41 -87.66 -88.00 -88.28 -88.47 -88.59 -88.81 -89.09 -89.25 -89.28 -89.16 -88.94 -88.81 -88.72 -88.50 -88.19 -87.75 -86.97 -86.06 -85.28 -84.72 -84.59 -84.72 -84.88 -85.03 -85.16 -85.28 -85.38 -85.44 -85.44 -85.41 -85.34 -85.31 -85.25 -85.22 -85.16 -85.06 -84.97 -84.84 -84.72 -84.56 -84.44 -84.28 -84.12 -83.94 -83.75 -83.56 -83.34 -83.19 -83.03 -82.91 -83.03 -83.16 -83.34 -83.53 -83.72 -83.94 -84.09 -84.28 -84.44 -84.56 -84.69 -84.84 -84.97 -85.06 -85.19 -85.28 -85.38
-87.78 -87.88 -87.84 -87.81 -88.03 -88.41 -88.75 -88.97 -89.16 -89.38 -89.59 -89.75 -89.78 -89.59 -89.38 -89.31 -89.25 -89.06 -88.72 -88.31 -87.78 -87.06 -86.12 -85.34 -84.88 -84.81 -84.94 -85.06 -85.19 -85.31 -85.41 -85.44 -85.44 -85.44 -85.38 -85.34 -85.31 -85.22 -85.16 -85.06 -84.97 -84.84 -84.75 -84.59 -84.47 -84.34 -84.16 -84.00 -83.78 -83.59 -83.38 -83.19 -83.03 -82.94 -83.03 -83.16 -83.34 -83.53 -83.72 -83.94 -84.12 -84.28 -84.44 -84.56 -84.69 -84.81 -84.91 -85.03 -85.12 -85.22 -85.31
-88.31 -88.38 -88.28 -88.16 -88.31 -88.78 -89.19 -89.44 -89.66 -89.88 -90.09 -90.25 -90.22 -90.06 -89.88 -89.84 -89.81 -89.62 -89.25 -88.78 -88.22 -87.62 -86.84 -85.91 -85.16 -84.91 -84.97 -85.09 -85.19 -85.31 -85.41 -85.44 -85.47 -85.47 -85.44 -85.41 -85.34 -85.25 -85.16 -85.06 -84.97 -84.84 -84.75 -84.62 -84.47 -84.34 -84.19 -84.00 -83.81 -83.59 -83.41 -83.22 -83.06 -82.94 -83.00 -83.12 -83.31 -83.50 -83.69 -83.91 -84.09 -84.25 -84.41 -84.53 -84.66 -84.75 -84.88 -84.97 -85.06 -85.16 -85.22
-88.81 -88.84 -88.72 -88.50 -88.59 -89.12 -89.56 -89.88 -90.12 -90.34 -90.56 -90.69 -90.66 -90.53 -90.41 -90.38 -90.31 -90.12 -89.72 -89.19 -88.59 -87.97 -87.25 -86.25 -85.34 -84.94 -84.97 -85.09 -85.22 -85.31 -85.41 -85.47 -85.50 -85.50 -85.47 -85.44 -85.38 -85.28 -85.19 -85.06 -84.97 -84.84 -84.72 -84.59 -84.47 -84.31 -84.16 -83.97 -83.78 -83.59 -83.41 -83.22 -83.06 -82.94 -82.97 -83.09 -83.25 -83.44 -83.62 -83.84 -84.03 -84.22 -84.38 -84.50 -84.59 -84.72 -84.81 -84.91 -85.00 -85.06 -85.16
-89.31 -89.28 -89.12 -88.84 -88.91 -89.50 -89.97 -90.31 -90.53 -90.75 -90.97 -91.09 -91.06 -91.00 -90.91 -90.88 -90.81 -90.56 -90.09 -89.53 -88.91 -88.25 -87.47 -86.34 -85.47 -85.00 -85.03 -85.16 -85.25 -85.34 -85.44 -85.50 -85.53 -85.53 -85.53 -85.47 -85.41 -85.31 -85.22 -85.09 -84.97 -84.81 -84.69 -84.56 -84.44 -84.28 -84.12 -83.94 -83.75 -83.56 -83.38 -83.22 -83.06 -82.91 -82.88 -83.00 -83.16 -83.34 -83.53 -83.75 -83.94 -84.12 -84.28 -84.44 -84.56 -84.69 -84.78 -84.88 -84.94 -85.00 -85.09
-89.75 -89.72 -89.56 -89.25 -89.28 -89.88 -90.38 -90.69 -90.94 -91.16 -91.34 -91.47 -91.47 -91.44 -91.38 -91.34 -91.19 -90.88 -90.38 -89.81 -89.19 -88.44 -87.44 -86.44 -85.66 -85.22 -85.19 -85.28 -85.34 -85.41 -85.47 -85.53 -85.56 -85.56 -85.56 -85.50 -85.47 -85.38 -85.25 -85.12 -85.00 -84.84 -84.69 -84.56 -84.41 -84.25 -84.09 -83.91 -83.72 -83.53 -83.38 -83.19 -83.06 -82.91 -82.78 -82.91 -83.09 -83.25 -83.44 -83.62 -83.84 -84.03 -84.22 -84.38 -84.50 -84.62 -84.75 -84.81 -84.88 -84.94 -85.03
-90.16 -90.12 -90.00 -89.78 -89.72 -90.25 -90.75 -91.09 -91.34 -91.53 -91.69 -91.81 -91.84 -91.81 -91.78 -91.72 -91.53 -91.16 -90.62 -90.06 -89.47 -88.72 -87.72 -86.81 -86.09 -85.62 -85.47 -85.47 -85.47 -85.50 -85.53 -85.59 -85.59 -85.59 -85.59 -85.56 -85.50 -85.41 -85.31 -85.19 -85.03 -84.88 -84.75 -84.59 -84.44 -84.28 -84.12 -83.94 -83.75 -83.56 -83.41 -83.25 -83.09 -82.97 -82.81 -82.84 -83.00 -83.16 -83.34 -83.53 -83.72 -83.91 -84.09 -84.28 -84.41 -84.56 -84.66 -84.75 -84.84 -84.94 -85.00
-90.53 -90.53 -90.47 -90.34 -90.22 -90.56 -91.06 -91.44 -91.72 -91.91 -92.03 -92.12 -92.19 -92.16 -92.12 -92.03 -91.78 -91.38 -90.91 -90.38 -89.78 -89.16 -88.38 -87.50 -86.72 -86.12 -85.81 -85.69 -85.62 -85.62 -85.62 -85.66 -85.66 -85.66 -85.62 -85.59 -85.53 -85.47 -85.38 -85.25 -85.09 -84.97 -84.81 -84.66 -84.50 -84.34 -84.19 -84.00 -83.84 -83.66 -83.47 -83.31 -83.19 -83.06 -82.94 -82.88 -82.97 -83.09 -83.25 -83.41 -83.59 -83.78 -83.97 -84.16 -84.31 -84.44 -84.59 -84.69 -84.81 -84.91 -85.00
-90.88 -90.91 -90.94 -90.94 -90.84 -90.91 -91.34 -91.72 -92.03 -92.25 -92.38 -92.44 -92.47 -92.47 -92.41 -92.28 -92.00 -91.62 -91.16 -90.66 -90.09 -89.47 -88.81 -88.09 -87.25 -86.50 -86.09 -85.91 -85.81 -85.75 -85.72 -85.75 -85.75 -85.72 -85.69 -85.66 -85.59 -85.50 -85.41 -85.31 -85.19 -85.03 -84.91 -84.75 -84.59 -84.44 -84.28 -84.09 -83.94 -83.75 -83.59 -83.44 -83.28 -83.16 -83.03 -82.97 -82.94 -83.03 -83.16 -83.31 -83.47 -83.66 -83.84 -84.00 -84.19 -84.34 -84.47 -84.62 -84.75 -84.88 -85.00
-91.19 -91.28 -91.34 -91.41 -91.41 -91.38 -91.62 -91.97 -92.28 -92.50 -92.66 -92.72 -92.75 -92.72 -92.66 -92.50 -92.22 -91.84 -91.41 -90.91 -90.31 -89.69 -89.03 -88.31 -87.53 -86.78 -86.34 -86.12 -85.97 -85.88 -85.84 -85.81 -85.81 -85.78 -85.75 -85.69 -85.62 -85.56 -85.47 -85.38 -85.25 -85.12 -85.00 -84.84 -84.69 -84.53 -84.38 -84.19 -84.03 -83.84 -83.69 -83.53 -83.38 -83.25 -83.12 -83.03 -82.97 -83.00 -83.09 -83.19 -83.34 -83.50 -83.69 -83.88 -84.03 -84.19 -84.38 -84.53 -84.69 -84.84 -85.00
-91.47 -91.59 -91.72 -91.81 -91.84 -91.88 -91.97 -92.25 -92.53 -92.75 -92.88 -92.97 -92.97 -92.94 -92.84 -92.66 -92.38 -92.03 -91.59 -91.09 -90.53 -89.88 -89.22 -88.50 -87.78 -87.12 -86.66 -86.38 -86.16 -86.03 -85.94 -85.88 -85.84 -85.84 -85.81 -85.75 -85.69 -85.59 -85.53 -85.41 -85.31 -85.19 -85.06 -84.94 -84.78 -84.59 -84.44 -84.28 -84.09 -83.94 -83.78 -83.62 -83.47 -83.34 -83.22 -83.12 -83.03 -82.97 -83.03 -83.09 -83.22 -83.38 -83.56 -83.72 -83.88 -84.06 -84.25 -84.44 -84.59 -84.78 -84.97
-91.72 -91.88 -92.03 -92.16 -92.22 -92.28 -92.38 -92.53 -92.75 -92.94 -93.09 -93.16 -93.16 -93.09 -93.00 -92.78 -92.53 -92.19 -91.75 -91.28 -90.72 -90.12 -89.47 -88.84 -88.22 -87.59 -87.03 -86.62 -86.34 -86.16 -86.03 -85.94 -85.91 -85.88 -85.84 -85.78 -85.72 -85.66 -85.56 -85.47 -85.34 -85.22 -85.09 -84.97 -84.81 -84.66 -84.50 -84.34 -84.16 -84.00 -83.84 -83.69 -83.53 -83.41 -83.28 -83.16 -83.03 -82.94 -82.94 -83.00 -83.12 -83.25 -83.41 -83.56 -83.75 -83.94 -84.12 -84.31 -84.50 -84.69 -84.88
-91.94 -92.09 -92.28 -92.44 -92.53 -92.62 -92.72 -92.84 -92.97 -93.12 -93.25 -93.31 -93.31 -93.25 -93.12 -92.91 -92.66 -92.31 -91.94 -91.47 -90.97 -90.41 -89.81 -89.22 -88.56 -87.94 -87.38 -86.88 -86.50 -86.25 -86.09 -86.00 -85.94 -85.91 -85.88 -85.84 -85.78 -85.69 -85.59 -85.47 -85.34 -85.22 -85.09 -84.94 -84.78 -84.66 -84.50 -84.34 -84.19 -84.03 -83.88 -83.72 -83.56 -83.44 -83.31 -83.16 -83.03 -82.91 -82.88 -82.91 -83.00 -83.12 -83.28 -83.44 -83.59 -83.78 -83.97 -84.16 -84.38 -84.56 -84.78
-92.12 -92.31 -92.50 -92.66 -92.81 -92.91 -92.97 -93.09 -93.19 -93.31 -93.38 -93.44 -93.44 -93.34 -93.22 -93.03 -92.78 -92.50 -92.12 -91.69 -91.22 -90.72 -90.16 -89.53 -88.91 -88.25 -87.66 -87.12 -86.69 -86.38 -86.19 -86.06 -86.00 -85.94 -85.91 -85.88 -85.81 -85.72 -85.62 -85.50 -85.38 -85.22 -85.06 -84.91 -84.75 -84.59 -84.44 -84.31 -84.16 -84.00 -83.84 -83.72 -83.56 -83.41 -83.28 -83.12 -83.00 -82.88 -82.78 -82.81 -82.88 -82.97 -83.12 -83.28 -83.44 -83.62 -83.81 -84.00 -84.19 -84.41 -84.66
-92.31 -92.50 -92.69 -92.88 -93.00 -93.12 -93.22 -93.28 -93.38 -93.44 -93.50 -93.53 -93.53 -93.44 -93.31 -93.16 -92.94 -92.66 -92.31 -91.91 -91.47 -90.97 -90.41 -89.81 -89.19 -88.56 -87.94 -87.34 -86.81 -86.47 -86.28 -86.12 -86.06 -86.00 -85.94 -85.91 -85.84 -85.75 -85.66 -85.53 -85.41 -85.25 -85.06 -84.91 -84.72 -84.53 -84.38 -84.22 -84.09 -83.94 -83.81 -83.66 -83.50 -83.34 -83.19 -83.06 -82.91 -82.78 -82.69 -82.66 -82.72 -82.81 -82.94 -83.09 -83.25 -83.41 -83.59 -83.78 -84.00 -84.25 -84.50
-92.47 -92.69 -92.88 -93.03 -93.16 -93.28 -93.38 -93.44 -93.50 -93.56 -93.59 -93.62 -93.59 -93.53 -93.41 -93.25 -93.06 -92.78 -92.44 -92.06 -91.66 -91.16 -90.62 -90.03 -89.44 -88.81 -88.22 -87.59 -87.03 -86.62 -86.38 -86.25 -86.12 -86.06 -86.00 -85.94 -85.88 -85.81 -85.69 -85.59 -85.44 -85.28 -85.12 -84.91 -84.72 -84.50 -84.31 -84.12 -84.00 -83.88 -83.75 -83.59 -83.44 -83.28 -83.12 -82.97 -82.81 -82.69 -82.59 -82.53 -82.56 -82.66 -82.75 -82.91 -83.06 -83.22 -83.38 -83.59 -83.81 -84.09 -84.34
-92.62 -92.81 -93.00 -93.16 -93.31 -93.41 -93.50 -93.56 -93.62 -93.66 -93.69 -93.69 -93.66 -93.59 -93.50 -93.34 -93.16 -92.91 -92.59 -92.22 -91.81 -91.38 -90.84 -90.31 -89.75 -89.16 -88.56 -87.94 -87.34 -86.84 -86.56 -86.38 -86.22 -86.12 -86.06 -86.00 -85.91 -85.84 -85.75 -85.62 -85.50 -85.34 -85.16 -84.97 -84.75 -84.53 -84.31 -84.09 -83.91 -83.78 -83.66 -83.53 -83.38 -83.22 -83.03 -82.88 -82.72 -82.56 -82.47 -82.38 -82.41 -82.47 -82.56 -82.69 -82.81 -82.97 -83.16 -83.38 -83.62 -83.91 -84.19
