everonasctiles/Tile[22,48].asc
ncols 128
nrows 128
xllcorner 0
yllcorner 0
cellsize 2.0
NODATA_value  -9999
[rows 96 to 127 of 128, columns 0 to 70 of 128]
-22.34 -22.81 -23.06 -23.22 -23.12 -23.41 -24.19 -24.97 -25.09 -25.19 -25.12 -24.72 -24.09 -22.75 -22.03 -21.69 -21.97 -22.38 -22.38 -21.59 -20.50 -19.78 -19.22 -18.66 -19.25 -19.72 -20.12 -19.72 -19.31 -19.19 -19.66 -19.62 -20.03 -20.62 -20.84 -20.53 -20.97 -21.66 -22.25 -22.94 -23.09 -23.34 -23.31 -23.59 -23.75 -23.91 -24.12 -24.44 -24.78 -25.28 -25.59 -25.94 -26.16 -26.22 -26.47 -26.69 -27.25 -28.00 -28.47 -28.81 -29.16 -29.47 -29.97 -30.09 -30.62 -30.94 -31.47 -32.06 -32.59 -32.94 -33.31
-21.78 -22.34 -22.72 -22.81 -22.81 -22.41 -23.16 -24.09 -24.66 -24.78 -24.84 -24.59 -24.22 -23.31 -22.22 -21.75 -22.38 -22.50 -22.19 -21.81 -20.72 -19.41 -18.59 -18.72 -19.59 -19.78 -19.78 -19.81 -19.78 -19.50 -19.25 -19.03 -19.09 -20.03 -20.56 -20.47 -20.44 -21.50 -22.06 -22.56 -22.78 -23.00 -23.00 -23.00 -22.94 -23.38 -23.72 -24.03 -24.28 -24.72 -24.97 -25.22 -25.38 -25.84 -26.22 -26.72 -27.34 -27.81 -28.22 -28.59 -29.19 -29.41 -29.72 -30.00 -30.34 -30.47 -31.16 -31.50 -32.00 -32.50 -32.97
-21.56 -21.62 -22.16 -21.91 -21.38 -21.38 -21.88 -23.12 -24.12 -24.59 -24.59 -24.47 -24.19 -23.97 -23.09 -22.81 -22.94 -22.66 -22.31 -22.12 -20.50 -19.50 -18.72 -18.84 -19.16 -19.44 -19.97 -20.22 -20.22 -20.12 -19.50 -19.16 -18.97 -19.03 -19.69 -20.00 -20.56 -21.00 -21.47 -21.75 -22.06 -22.22 -22.22 -22.34 -22.25 -22.59 -23.03 -23.31 -23.62 -23.94 -24.25 -24.72 -24.97 -25.50 -25.94 -26.66 -27.03 -27.38 -28.00 -28.41 -28.81 -28.94 -29.50 -29.66 -29.69 -30.16 -30.59 -30.91 -31.50 -31.81 -32.53
-20.94 -21.09 -21.28 -20.75 -20.88 -20.97 -21.22 -22.56 -23.78 -24.22 -24.31 -24.31 -24.28 -23.94 -23.47 -23.31 -23.28 -22.94 -22.66 -22.28 -21.12 -19.59 -18.97 -18.47 -18.78 -19.38 -19.78 -19.94 -19.72 -19.84 -19.78 -19.12 -18.62 -18.62 -18.97 -19.44 -19.81 -20.47 -20.88 -21.19 -21.06 -20.94 -21.53 -21.50 -21.47 -21.69 -22.16 -22.69 -23.47 -23.88 -24.22 -24.06 -24.66 -25.31 -25.69 -26.44 -26.97 -27.41 -27.81 -28.12 -28.41 -28.69 -28.91 -29.28 -29.50 -29.59 -29.88 -30.34 -31.16 -31.81 -32.44
-20.06 -20.12 -19.88 -20.53 -21.28 -21.59 -21.47 -22.28 -23.12 -23.94 -24.22 -24.25 -24.34 -24.09 -23.81 -23.38 -23.34 -23.00 -22.66 -22.53 -21.81 -20.31 -18.91 -18.41 -18.38 -19.09 -19.75 -19.50 -19.38 -19.72 -19.72 -19.59 -19.00 -18.03 -17.69 -17.84 -18.28 -19.62 -20.00 -20.50 -20.38 -20.81 -21.09 -21.25 -21.41 -21.91 -22.50 -22.66 -23.19 -23.38 -24.06 -24.25 -24.91 -25.41 -25.72 -26.06 -26.47 -26.91 -27.44 -27.72 -27.91 -28.00 -28.41 -28.66 -28.78 -29.06 -29.50 -30.00 -30.84 -31.50 -31.78
-19.38 -19.09 -18.12 -19.66 -20.41 -21.34 -21.47 -21.59 -23.00 -23.88 -24.09 -24.19 -24.16 -23.97 -23.75 -23.22 -23.22 -22.84 -22.53 -22.69 -22.06 -21.44 -19.75 -18.44 -18.59 -18.84 -18.62 -18.78 -18.91 -18.88 -18.59 -19.00 -18.97 -18.19 -16.88 -16.34 -17.19 -18.69 -20.12 -20.69 -21.09 -21.31 -21.09 -20.75 -20.72 -21.44 -22.00 -22.38 -22.38 -23.06 -23.53 -24.03 -24.03 -24.75 -25.06 -25.56 -25.88 -26.09 -26.84 -27.12 -27.69 -27.75 -28.31 -28.34 -28.66 -29.00 -29.47 -30.03 -30.53 -31.09 -31.62
-18.59 -18.50 -18.28 -19.31 -20.19 -21.12 -21.06 -21.78 -23.09 -23.72 -24.03 -24.09 -24.00 -23.84 -23.28 -23.03 -22.75 -22.69 -22.59 -22.59 -22.34 -22.09 -21.06 -18.56 -17.88 -17.56 -17.59 -17.47 -17.75 -18.09 -18.25 -17.84 -17.88 -17.97 -17.38 -16.97 -17.56 -19.28 -20.34 -21.00 -21.09 -21.00 -20.81 -20.19 -20.25 -20.94 -20.91 -21.28 -22.03 -22.44 -22.97 -23.09 -23.56 -23.94 -24.69 -25.03 -25.53 -25.84 -26.34 -26.66 -27.16 -27.31 -27.88 -28.03 -28.28 -28.88 -29.34 -29.97 -30.12 -30.75 -30.91
-17.78 -17.88 -17.94 -19.16 -19.94 -20.47 -20.91 -22.22 -23.12 -23.62 -23.78 -23.94 -23.91 -23.78 -23.56 -23.25 -22.88 -22.75 -22.97 -23.00 -22.66 -22.38 -21.75 -20.75 -18.78 -18.09 -16.84 -16.31 -16.38 -17.12 -17.75 -18.03 -18.16 -18.28 -18.44 -18.59 -19.91 -20.53 -20.94 -21.03 -21.16 -20.78 -20.47 -20.28 -20.41 -20.41 -20.78 -21.44 -21.53 -21.62 -22.25 -22.44 -22.75 -23.38 -24.00 -24.53 -24.91 -25.44 -25.91 -26.38 -26.56 -26.78 -27.16 -27.28 -27.81 -28.25 -28.62 -29.22 -29.69 -30.12 -30.44
-17.50 -17.84 -18.50 -19.38 -20.12 -20.34 -21.84 -22.53 -23.16 -23.50 -23.66 -23.62 -23.66 -23.50 -23.50 -23.38 -23.16 -22.91 -22.72 -22.81 -22.53 -22.47 -22.28 -21.59 -21.00 -20.59 -19.59 -18.59 -18.69 -18.62 -18.44 -19.22 -19.53 -20.00 -20.34 -20.72 -21.00 -20.94 -21.03 -20.88 -20.69 -20.41 -20.34 -20.06 -20.06 -20.25 -20.62 -20.78 -20.97 -21.19 -21.53 -21.78 -22.22 -22.91 -23.16 -23.81 -24.53 -25.06 -25.44 -25.78 -26.16 -26.09 -26.72 -27.22 -27.41 -27.62 -28.12 -28.94 -29.25 -29.56 -29.88
-17.47 -17.91 -18.59 -19.53 -20.44 -21.34 -21.88 -22.28 -23.03 -23.38 -23.53 -23.59 -23.75 -23.56 -23.41 -23.00 -23.16 -22.91 -22.75 -22.78 -22.81 -22.69 -22.12 -21.69 -21.75 -21.53 -21.69 -21.22 -21.12 -21.22 -21.03 -21.06 -21.22 -21.16 -21.09 -21.22 -21.12 -21.00 -20.88 -20.81 -20.47 -20.34 -19.94 -19.81 -20.09 -20.28 -20.62 -20.66 -20.88 -20.88 -21.31 -21.56 -22.38 -22.69 -22.91 -23.38 -24.09 -24.59 -24.97 -25.47 -25.78 -26.22 -26.72 -27.25 -27.59 -27.88 -28.19 -28.41 -28.78 -29.25 -29.47
-17.91 -18.44 -19.25 -20.06 -20.84 -21.31 -21.75 -22.00 -22.47 -22.81 -23.34 -23.59 -23.47 -23.50 -23.47 -23.19 -23.22 -22.94 -23.09 -23.12 -22.69 -22.56 -22.31 -22.00 -22.03 -22.22 -22.16 -21.81 -21.66 -21.84 -21.62 -21.47 -21.41 -21.31 -21.16 -21.19 -21.31 -21.06 -21.00 -20.91 -20.56 -20.34 -20.00 -19.75 -19.66 -19.84 -20.12 -20.31 -20.66 -20.94 -21.06 -21.56 -22.25 -22.72 -22.66 -22.69 -23.25 -23.84 -24.25 -24.97 -25.66 -26.03 -26.50 -26.84 -27.34 -27.69 -27.97 -28.34 -28.41 -28.75 -28.97
-17.94 -18.44 -19.12 -19.91 -20.50 -20.94 -21.22 -21.62 -21.94 -22.22 -22.66 -23.03 -23.09 -23.28 -23.47 -23.47 -23.31 -23.47 -23.25 -23.16 -22.97 -22.91 -22.97 -22.59 -22.44 -22.66 -22.47 -22.31 -22.12 -21.91 -21.84 -21.75 -21.22 -21.16 -20.94 -20.97 -20.69 -20.72 -20.62 -20.53 -20.34 -20.19 -19.94 -19.56 -19.25 -19.44 -19.38 -19.97 -20.53 -20.97 -21.06 -21.25 -21.56 -21.94 -22.25 -22.19 -23.16 -23.66 -24.00 -24.81 -25.25 -25.62 -26.06 -26.59 -27.03 -27.38 -27.75 -28.03 -28.16 -28.25 -28.50
-17.72 -18.28 -18.75 -19.28 -19.78 -20.28 -20.75 -21.12 -21.34 -21.72 -22.12 -22.47 -22.66 -22.91 -23.09 -23.41 -23.34 -23.34 -22.97 -22.97 -23.19 -23.38 -23.28 -22.91 -22.69 -22.62 -22.53 -22.41 -22.38 -22.41 -22.06 -21.66 -21.50 -21.41 -21.03 -20.91 -20.69 -20.56 -20.50 -20.38 -20.16 -19.94 -19.72 -19.41 -19.62 -19.47 -19.38 -19.59 -20.06 -20.19 -20.53 -20.91 -21.34 -21.44 -21.66 -22.00 -22.44 -23.38 -23.91 -24.50 -24.84 -25.38 -25.62 -25.97 -26.47 -26.84 -27.19 -27.44 -27.50 -27.75 -27.88
-17.38 -17.88 -18.28 -18.78 -19.34 -19.88 -20.38 -20.84 -21.12 -21.47 -21.94 -22.25 -22.50 -22.78 -22.91 -23.25 -23.47 -23.34 -23.06 -23.03 -23.38 -23.47 -23.34 -23.16 -23.16 -22.81 -22.53 -22.75 -22.81 -22.59 -22.12 -21.84 -21.50 -21.25 -21.12 -20.94 -20.66 -20.50 -20.34 -20.28 -19.97 -19.78 -19.84 -19.66 -19.59 -19.66 -19.50 -19.38 -19.62 -19.91 -20.50 -20.81 -21.31 -21.31 -21.81 -21.94 -22.66 -23.16 -22.97 -23.69 -24.34 -24.97 -25.44 -25.84 -26.06 -26.34 -26.75 -26.97 -27.12 -27.19 -27.38
-17.06 -17.53 -17.88 -18.44 -18.94 -19.41 -19.88 -20.47 -20.81 -21.22 -21.53 -21.91 -22.31 -22.44 -22.91 -23.16 -22.97 -23.16 -23.47 -23.16 -23.09 -23.22 -23.25 -23.28 -23.19 -22.94 -22.78 -23.03 -22.84 -22.50 -22.22 -21.91 -21.62 -21.28 -21.09 -20.78 -20.47 -20.31 -20.00 -20.06 -20.12 -19.78 -19.44 -19.25 -19.34 -19.28 -19.62 -19.78 -19.88 -20.22 -20.53 -20.69 -20.88 -21.22 -21.44 -21.72 -22.38 -22.66 -23.22 -23.81 -24.09 -24.84 -25.38 -25.66 -25.81 -25.94 -26.41 -26.59 -26.69 -26.78 -27.09
-16.53 -17.03 -17.44 -18.09 -18.56 -19.12 -19.72 -20.22 -20.59 -21.06 -21.47 -21.78 -22.09 -22.19 -22.50 -22.72 -22.94 -23.16 -23.28 -23.12 -23.38 -23.44 -23.50 -23.44 -23.31 -23.12 -23.06 -22.91 -22.69 -22.38 -22.16 -21.88 -21.47 -21.28 -21.06 -20.84 -20.66 -20.34 -19.94 -20.06 -19.91 -19.56 -19.41 -19.19 -19.28 -19.19 -19.41 -19.56 -19.97 -20.12 -20.06 -20.50 -20.62 -20.66 -20.84 -21.25 -21.91 -22.41 -22.88 -23.38 -24.09 -24.22 -24.41 -24.81 -25.22 -25.41 -25.59 -25.91 -26.09 -26.03 -25.88
-16.12 -16.59 -17.06 -17.59 -18.16 -18.88 -19.47 -19.78 -20.41 -20.78 -21.12 -21.66 -21.94 -22.06 -22.12 -22.34 -22.59 -22.94 -23.16 -23.25 -23.28 -23.34 -23.38 -23.34 -23.19 -23.06 -22.81 -22.44 -22.34 -22.19 -21.94 -21.50 -21.12 -21.06 -20.78 -20.59 -20.50 -20.16 -19.91 -19.84 -19.81 -19.44 -19.34 -19.06 -19.12 -19.00 -19.00 -19.16 -19.44 -19.66 -19.84 -20.16 -20.31 -20.66 -20.97 -21.25 -22.00 -22.09 -22.62 -23.12 -23.62 -23.81 -24.12 -24.53 -24.59 -24.75 -24.97 -25.44 -25.25 -25.69 -25.88
-15.75 -16.25 -16.72 -17.06 -17.66 -18.28 -18.69 -19.28 -19.97 -20.41 -20.84 -21.22 -21.50 -21.72 -21.88 -21.84 -22.06 -22.44 -22.62 -22.84 -23.06 -23.03 -23.09 -23.09 -23.03 -22.97 -22.84 -22.56 -22.12 -21.72 -21.44 -20.84 -20.72 -20.41 -20.28 -20.41 -20.41 -20.00 -19.69 -19.50 -19.44 -19.00 -18.97 -18.78 -18.97 -18.78 -18.81 -18.91 -19.12 -19.47 -19.81 -19.94 -20.28 -20.53 -20.56 -21.19 -21.72 -21.97 -22.22 -22.62 -23.06 -23.47 -23.81 -24.12 -24.38 -24.31 -24.47 -24.94 -25.00 -25.09 -25.06
-15.06 -15.72 -16.16 -16.59 -17.16 -17.62 -18.28 -18.78 -19.31 -19.78 -20.28 -20.88 -21.16 -21.31 -21.38 -21.56 -21.88 -22.06 -22.41 -22.59 -22.59 -22.78 -22.84 -22.62 -22.62 -22.53 -22.47 -22.25 -21.81 -21.53 -21.12 -20.81 -20.59 -20.50 -20.47 -20.28 -20.09 -19.78 -19.47 -19.03 -18.97 -18.84 -18.75 -18.50 -18.53 -18.28 -18.47 -18.56 -19.25 -19.31 -19.69 -19.78 -19.81 -20.12 -20.00 -20.28 -20.59 -21.38 -21.81 -21.91 -22.41 -22.59 -23.22 -23.41 -23.88 -23.69 -23.91 -24.06 -24.44 -24.62 -25.06
-14.53 -15.22 -15.81 -16.16 -16.62 -17.38 -17.81 -18.31 -18.78 -19.19 -19.75 -20.22 -20.72 -21.00 -21.06 -21.19 -21.53 -21.72 -21.72 -22.06 -22.38 -22.47 -22.22 -22.19 -22.25 -22.09 -22.09 -21.78 -21.31 -21.16 -20.94 -20.62 -20.59 -20.41 -20.47 -20.22 -19.88 -19.53 -19.12 -18.94 -18.69 -18.75 -18.44 -18.44 -18.50 -18.16 -18.34 -18.44 -18.62 -18.91 -19.12 -19.00 -19.56 -19.59 -19.84 -20.09 -20.50 -20.91 -21.34 -21.44 -21.94 -22.00 -22.16 -22.53 -22.78 -23.28 -23.19 -23.50 -23.56 -24.22 -24.72
-14.12 -14.62 -15.31 -15.78 -16.41 -16.84 -17.22 -17.72 -18.22 -18.66 -19.19 -19.69 -20.12 -20.53 -20.69 -20.81 -20.97 -21.22 -21.41 -21.62 -21.81 -22.03 -22.16 -22.06 -21.72 -21.69 -21.50 -21.19 -20.84 -20.62 -20.62 -20.56 -20.38 -20.06 -19.97 -19.78 -19.59 -19.19 -19.12 -18.62 -18.44 -18.25 -17.97 -17.75 -17.94 -17.72 -17.88 -18.09 -18.34 -18.53 -18.72 -18.78 -19.19 -19.41 -19.53 -19.84 -19.88 -20.59 -20.66 -20.94 -20.91 -21.22 -21.44 -21.81 -21.97 -22.41 -22.41 -22.75 -23.19 -23.50 -23.88
-13.62 -14.06 -14.75 -15.34 -15.84 -16.22 -16.69 -17.12 -17.62 -18.16 -18.69 -19.06 -19.59 -19.88 -20.09 -20.22 -20.44 -20.59 -20.88 -21.03 -21.25 -21.47 -21.62 -21.69 -21.59 -21.47 -21.06 -20.88 -20.62 -20.19 -20.38 -20.12 -20.12 -19.88 -19.69 -19.38 -19.34 -18.97 -18.62 -18.22 -18.09 -17.78 -17.72 -17.53 -17.75 -17.81 -17.78 -18.06 -18.03 -18.31 -18.25 -18.47 -18.62 -18.91 -19.28 -19.62 -19.88 -19.91 -20.41 -20.72 -20.81 -20.69 -20.84 -20.94 -21.34 -21.44 -21.97 -22.25 -22.59 -23.12 -23.62
-13.22 -13.69 -14.12 -14.59 -15.09 -15.53 -16.09 -16.62 -16.94 -17.50 -18.03 -18.41 -18.94 -19.22 -19.50 -19.69 -19.97 -20.19 -20.47 -20.66 -20.84 -20.88 -21.03 -21.06 -21.03 -20.78 -20.81 -20.59 -20.28 -19.97 -19.94 -19.81 -19.81 -19.66 -19.56 -19.31 -19.03 -18.62 -18.22 -17.81 -17.78 -17.69 -17.56 -17.50 -17.59 -17.56 -17.81 -17.75 -17.59 -17.75 -17.75 -18.19 -18.50 -18.62 -18.75 -19.06 -19.41 -19.84 -19.94 -20.06 -20.34 -20.62 -20.78 -20.81 -20.88 -21.12 -21.53 -21.78 -22.28 -22.84 -23.41
-12.69 -13.16 -13.47 -13.94 -14.38 -14.84 -15.28 -15.91 -16.31 -16.75 -17.25 -17.62 -18.06 -18.53 -18.78 -19.25 -19.47 -19.72 -19.94 -20.09 -20.34 -20.50 -20.53 -20.50 -20.44 -20.28 -20.25 -20.06 -19.94 -19.69 -19.44 -19.44 -19.41 -19.22 -19.16 -18.97 -18.69 -18.28 -17.91 -17.56 -17.50 -17.31 -17.41 -17.34 -17.41 -17.47 -17.53 -17.56 -17.47 -17.56 -17.62 -17.88 -18.16 -18.31 -18.59 -18.88 -18.97 -19.41 -19.38 -19.62 -20.00 -20.12 -20.03 -20.09 -20.19 -20.09 -21.12 -21.38 -21.47 -22.00 -22.72
-12.34 -12.78 -13.09 -13.44 -13.88 -14.25 -14.69 -15.16 -15.59 -16.09 -16.59 -17.09 -17.44 -17.78 -18.19 -18.50 -18.91 -19.19 -19.41 -19.59 -19.62 -19.56 -19.66 -19.69 -19.88 -19.75 -19.72 -19.59 -19.56 -19.50 -19.25 -18.94 -18.81 -18.75 -18.56 -18.66 -18.28 -17.94 -17.72 -17.28 -16.94 -16.78 -16.75 -17.06 -17.06 -17.22 -17.25 -17.25 -17.19 -17.31 -17.47 -17.84 -17.88 -18.12 -18.25 -18.47 -18.72 -18.94 -19.19 -19.56 -19.69 -19.72 -19.44 -19.41 -19.56 -20.06 -20.31 -20.84 -21.38 -21.91 -22.47
-12.06 -12.44 -12.69 -13.06 -13.41 -13.72 -14.06 -14.47 -14.81 -15.31 -15.75 -16.31 -16.72 -17.06 -17.44 -17.72 -18.12 -18.69 -18.88 -18.94 -18.81 -18.91 -18.97 -19.09 -19.06 -18.91 -19.06 -19.12 -18.94 -18.94 -18.91 -18.50 -18.31 -18.25 -18.09 -17.91 -17.75 -17.53 -17.28 -16.94 -16.69 -16.91 -16.81 -16.78 -16.78 -17.03 -16.75 -16.97 -17.22 -17.25 -17.12 -17.34 -17.44 -17.41 -17.88 -18.06 -18.09 -18.34 -18.59 -18.88 -19.16 -19.34 -19.06 -18.81 -18.91 -19.28 -19.94 -20.50 -21.19 -21.81 -22.28
-11.53 -11.88 -12.16 -12.50 -12.88 -13.19 -13.59 -13.84 -14.06 -14.59 -15.06 -15.56 -15.84 -16.19 -16.72 -16.91 -17.31 -17.84 -18.00 -18.06 -18.16 -18.41 -18.34 -18.47 -18.44 -18.41 -18.44 -18.59 -18.56 -18.41 -18.41 -18.16 -17.88 -17.62 -17.44 -17.41 -17.22 -17.09 -16.84 -16.47 -16.50 -16.59 -16.50 -16.59 -16.91 -16.84 -16.88 -16.97 -16.97 -17.06 -16.97 -16.94 -16.84 -17.16 -17.19 -17.31 -17.72 -18.12 -18.44 -18.28 -18.50 -18.56 -18.59 -18.59 -18.53 -19.03 -19.84 -20.53 -20.78 -20.97 -21.12
-11.34 -11.62 -11.81 -12.12 -12.44 -12.53 -13.00 -13.31 -13.44 -14.00 -14.34 -14.78 -15.06 -15.47 -15.97 -16.16 -16.41 -16.75 -17.12 -17.31 -17.53 -17.72 -17.72 -17.75 -17.72 -17.75 -17.94 -18.16 -18.09 -18.06 -17.75 -17.62 -17.53 -17.47 -17.16 -16.81 -16.69 -16.41 -16.22 -16.06 -16.09 -16.12 -16.28 -16.22 -16.38 -16.28 -16.59 -16.72 -16.62 -16.69 -16.62 -16.44 -16.44 -16.72 -16.53 -17.16 -17.56 -17.69 -17.81 -18.06 -18.28 -18.28 -18.38 -18.44 -18.56 -19.03 -19.31 -19.88 -20.47 -20.97 -21.12
-11.09 -11.25 -11.38 -11.72 -12.00 -12.22 -12.47 -12.78 -13.12 -13.47 -13.66 -13.94 -14.19 -14.75 -15.03 -15.12 -15.47 -15.88 -16.25 -16.41 -16.78 -16.84 -16.97 -17.00 -17.00 -17.16 -17.19 -17.25 -17.34 -17.44 -17.19 -17.06 -16.88 -16.88 -16.66 -16.56 -16.59 -16.28 -16.06 -15.91 -16.03 -16.06 -16.03 -16.12 -16.19 -16.25 -16.19 -16.28 -16.19 -16.09 -16.19 -16.19 -16.38 -16.09 -16.56 -16.81 -17.03 -17.12 -17.19 -17.34 -17.75 -18.06 -18.16 -18.12 -18.41 -18.88 -19.06 -19.44 -19.91 -20.50 -20.62
-10.72 -10.91 -11.03 -11.34 -11.59 -11.78 -11.97 -12.16 -12.50 -12.72 -13.09 -13.44 -13.69 -14.09 -14.41 -14.59 -14.88 -15.38 -15.56 -15.78 -16.00 -16.19 -16.31 -16.22 -16.38 -16.41 -16.56 -16.69 -16.75 -16.66 -16.56 -16.56 -16.38 -16.09 -16.16 -16.22 -16.19 -15.97 -15.97 -15.66 -15.78 -15.78 -15.84 -15.97 -16.00 -16.00 -15.91 -16.19 -16.25 -16.06 -16.09 -15.94 -15.94 -16.12 -16.00 -16.47 -16.81 -16.91 -16.91 -17.44 -17.53 -17.34 -17.84 -17.72 -18.22 -18.41 -18.84 -19.06 -19.44 -19.75 -20.19
-10.28 -10.44 -10.69 -10.91 -11.09 -11.44 -11.69 -11.78 -12.03 -12.34 -12.59 -12.97 -13.28 -13.53 -13.69 -13.91 -14.19 -14.75 -14.97 -15.19 -15.41 -15.59 -15.66 -15.78 -15.97 -16.03 -16.03 -16.00 -16.16 -16.06 -16.06 -15.97 -15.75 -15.62 -15.69 -15.66 -15.62 -15.53 -15.47 -15.34 -15.50 -15.38 -15.38 -15.34 -15.34 -15.44 -15.41 -15.53 -15.25 -15.47 -15.66 -15.47 -15.59 -15.47 -15.59 -15.66 -16.03 -16.31 -16.62 -16.50 -16.62 -17.09 -17.50 -17.69 -17.81 -18.31 -18.56 -19.06 -19.34 -19.31 -19.94
-9.94 -10.06 -10.22 -10.44 -10.72 -10.94 -11.19 -11.50 -11.69 -11.88 -12.03 -12.19 -12.53 -12.81 -13.09 -13.16 -13.56 -14.03 -14.31 -14.62 -14.75 -14.94 -15.19 -15.31 -15.44 -15.56 -15.72 -15.78 -15.59 -15.62 -15.69 -15.72 -15.69 -15.50 -15.12 -15.06 -15.22 -15.31 -15.19 -15.12 -15.34 -15.41 -15.06 -14.94 -15.09 -15.12 -14.97 -14.94 -15.16 -15.28 -15.41 -15.47 -15.41 -15.16 -15.22 -15.47 -15.94 -16.12 -16.09 -16.47 -16.72 -16.72 -16.62 -17.25 -17.59 -17.84 -18.09 -18.47 -18.81 -18.94 -19.09
