everonasctiles/Tile29,25.asc
ncols 128
nrows 128
xllcorner 0
yllcorner 0
cellsize 2.0
NODATA_value  -9999
[rows 0 to 32 of 128, columns 0 to 72 of 128]
7.19 6.62 6.16 5.84 5.62 5.41 5.12 4.81 4.59 4.41 4.31 4.22 4.12 4.03 3.94 3.84 3.78 3.69 3.59 3.50 3.41 3.31 3.25 3.19 3.12 3.09 3.16 3.38 3.53 3.56 3.38 3.03 2.69 2.31 2.09 2.00 2.00 2.00 2.00 2.00 2.00 2.00 2.00 2.00 1.78 0.12 -0.69 -1.56 -2.84 -3.59 -3.75 -3.97 -4.41 -4.69 -4.88 -5.06 -5.19 -5.34 -5.50 -5.62 -5.75 -5.84 -5.94 -6.03 -6.12 -6.22 -6.31 -6.41 -6.50 -6.59 -6.72 -6.88 -7.06
6.75 6.28 5.88 5.50 5.34 5.09 4.88 4.69 4.56 4.44 4.34 4.25 4.16 4.06 3.97 3.91 3.81 3.72 3.62 3.53 3.44 3.38 3.34 3.38 3.41 3.41 3.34 3.25 3.16 2.94 2.66 2.34 2.09 2.00 2.00 2.00 2.00 2.00 2.00 2.00 2.00 2.00 1.97 1.16 -0.31 -1.06 -1.84 -3.09 -3.75 -3.97 -4.34 -4.69 -4.94 -5.16 -5.38 -5.56 -5.72 -5.84 -6.00 -6.12 -6.22 -6.31 -6.41 -6.50 -6.56 -6.62 -6.69 -6.78 -6.88 -7.00 -7.16 -7.34 -7.59
6.50 6.22 5.94 5.56 5.34 5.12 4.91 4.75 4.62 4.50 4.38 4.28 4.19 4.12 4.03 3.94 3.84 3.75 3.66 3.56 3.47 3.44 3.47 3.59 3.66 3.47 3.03 2.72 2.50 2.28 2.09 2.00 2.00 2.00 2.00 2.00 2.00 2.00 2.00 1.91 0.72 0.25 -0.28 -0.88 -1.53 -2.19 -3.91 -4.06 -4.25 -4.59 -4.94 -5.22 -5.47 -5.69 -5.91 -6.06 -6.22 -6.38 -6.50 -6.62 -6.72 -6.81 -6.88 -6.94 -7.00 -7.06 -7.09 -7.16 -7.25 -7.41 -7.66 -8.06 -8.25
6.50 6.22 5.94 5.62 5.38 5.16 4.94 4.78 4.66 4.53 4.44 4.34 4.25 4.16 4.06 3.97 3.88 3.75 3.69 3.62 3.56 3.53 3.66 3.81 3.62 3.12 2.66 2.28 2.06 2.00 2.00 2.00 2.00 2.00 2.00 2.00 2.00 1.41 0.56 0.19 -0.34 -0.94 -1.56 -2.25 -2.88 -4.25 -4.53 -4.66 -4.94 -5.22 -5.50 -5.78 -6.00 -6.22 -6.41 -6.59 -6.75 -6.88 -7.00 -7.12 -7.19 -7.28 -7.34 -7.41 -7.44 -7.47 -7.56 -7.66 -7.72 -7.88 -8.41 -8.56 -8.84
6.47 6.22 5.94 5.69 5.41 5.19 5.00 4.81 4.72 4.59 4.47 4.38 4.28 4.19 4.06 3.94 3.84 3.78 3.78 3.72 3.72 3.78 3.81 3.78 3.34 2.69 2.06 1.81 1.88 2.00 2.00 2.00 2.00 2.00 1.97 1.38 0.75 0.16 -0.41 -0.88 -1.41 -2.12 -3.31 -3.94 -4.56 -4.91 -5.06 -5.34 -5.59 -5.84 -6.06 -6.31 -6.53 -6.72 -6.94 -7.09 -7.25 -7.41 -7.53 -7.62 -7.72 -7.78 -7.84 -7.91 -8.00 -8.09 -8.28 -8.41 -8.44 -8.62 -9.03 -9.16 -9.38
6.44 6.19 5.94 5.72 5.47 5.22 5.03 4.88 4.75 4.62 4.50 4.41 4.25 4.09 4.00 3.94 3.94 3.94 3.94 3.97 4.03 4.00 3.91 3.62 3.16 2.47 1.91 1.72 1.78 2.00 2.00 1.94 1.56 1.25 0.91 0.47 -0.03 -0.59 -1.12 -1.78 -2.53 -3.62 -4.38 -4.81 -5.06 -5.38 -5.69 -5.88 -6.22 -6.41 -6.62 -6.84 -7.06 -7.25 -7.44 -7.59 -7.75 -7.91 -8.06 -8.16 -8.22 -8.31 -8.44 -8.59 -8.78 -9.06 -9.16 -9.19 -9.22 -9.53 -9.66 -9.81 -9.97
6.38 6.12 5.91 5.72 5.50 5.28 5.06 4.91 4.81 4.62 4.41 4.22 4.09 4.03 4.03 4.03 3.97 4.03 4.12 4.25 4.25 4.09 3.84 3.56 3.09 2.50 1.75 1.69 1.88 1.94 1.69 1.31 0.94 0.59 0.22 -0.19 -0.69 -1.25 -1.88 -2.66 -3.69 -4.22 -4.81 -5.16 -5.56 -5.94 -6.31 -6.62 -6.81 -6.97 -7.19 -7.38 -7.56 -7.75 -7.94 -8.12 -8.31 -8.44 -8.59 -8.75 -8.91 -9.12 -9.34 -9.47 -9.62 -9.69 -9.78 -9.81 -9.94 -10.03 -10.22 -10.38 -10.50
6.28 6.03 5.81 5.69 5.53 5.28 5.00 4.78 4.53 4.28 4.12 4.09 4.03 3.97 3.94 3.88 3.88 3.91 3.94 3.97 4.00 3.91 3.62 3.31 2.97 2.81 1.94 1.66 1.38 1.16 0.88 0.56 0.22 -0.16 -0.56 -1.03 -1.53 -2.09 -2.72 -3.44 -4.03 -4.62 -5.12 -5.56 -6.00 -6.41 -6.78 -7.12 -7.38 -7.53 -7.69 -7.88 -8.09 -8.25 -8.44 -8.66 -8.84 -9.09 -9.41 -9.69 -9.88 -10.06 -10.06 -10.22 -10.28 -10.38 -10.41 -10.41 -10.56 -10.62 -10.78 -10.97 -11.09
6.06 5.84 5.62 5.41 5.19 4.91 4.62 4.38 4.16 4.09 4.12 4.06 3.97 3.88 3.78 3.72 3.66 3.62 3.59 3.56 3.50 3.38 3.16 2.88 2.56 2.06 1.62 1.22 0.84 0.72 0.38 0.00 -0.41 -0.91 -1.41 -1.88 -2.38 -2.84 -3.34 -3.91 -4.44 -4.84 -5.41 -5.88 -6.31 -6.69 -7.09 -7.47 -7.81 -8.03 -8.19 -8.38 -8.56 -8.78 -9.03 -9.31 -9.72 -10.09 -10.38 -10.59 -10.72 -10.75 -10.78 -10.94 -10.91 -10.94 -10.97 -10.97 -11.06 -11.19 -11.31 -11.47 -11.66
5.75 5.56 5.41 5.22 5.03 4.84 4.66 4.47 4.34 4.22 4.09 3.97 3.88 3.75 3.66 3.56 3.47 3.38 3.28 3.19 3.06 2.91 2.72 2.44 2.22 1.78 1.53 1.25 0.78 0.53 0.00 -0.53 -1.03 -1.50 -1.97 -2.41 -2.84 -3.31 -3.75 -4.25 -4.72 -5.16 -5.62 -6.09 -6.53 -6.94 -7.38 -7.75 -8.12 -8.50 -8.69 -8.91 -9.16 -9.47 -9.81 -10.22 -10.44 -10.66 -10.84 -11.03 -11.25 -11.38 -11.47 -11.59 -11.59 -11.59 -11.66 -11.59 -11.69 -11.84 -11.97 -12.12 -12.25
5.59 5.47 5.31 5.16 5.00 4.84 4.69 4.50 4.34 4.19 4.06 3.91 3.78 3.62 3.50 3.38 3.25 3.09 2.97 2.84 2.69 2.50 2.31 2.06 1.78 1.44 0.94 0.59 0.12 -0.34 -0.78 -1.19 -1.59 -2.00 -2.41 -2.84 -3.25 -3.66 -4.09 -4.56 -5.00 -5.47 -5.91 -6.34 -6.81 -7.22 -7.66 -8.03 -8.41 -8.78 -9.12 -9.47 -9.75 -10.06 -10.34 -10.62 -10.84 -11.09 -11.31 -11.53 -11.72 -11.88 -12.00 -12.12 -12.19 -12.22 -12.28 -12.31 -12.38 -12.47 -12.59 -12.75 -12.88
5.47 5.34 5.22 5.09 4.94 4.81 4.66 4.50 4.34 4.19 4.00 3.84 3.69 3.50 3.31 3.16 3.00 2.84 2.66 2.47 2.28 2.09 1.88 1.59 1.22 0.81 0.44 0.03 -0.34 -0.78 -1.16 -1.53 -1.94 -2.31 -2.72 -3.12 -3.56 -3.97 -4.41 -4.88 -5.31 -5.75 -6.22 -6.66 -7.09 -7.50 -7.91 -8.31 -8.69 -9.06 -9.41 -9.75 -10.06 -10.38 -10.66 -10.94 -11.22 -11.47 -11.69 -11.94 -12.16 -12.38 -12.53 -12.69 -12.78 -12.84 -12.88 -13.00 -13.00 -13.12 -13.31 -13.44 -13.50
5.34 5.25 5.12 5.03 4.91 4.75 4.62 4.47 4.31 4.16 3.97 3.78 3.59 3.38 3.16 2.97 2.75 2.56 2.34 2.12 1.91 1.69 1.47 1.19 0.84 0.47 0.12 -0.22 -0.59 -1.00 -1.44 -1.81 -2.22 -2.62 -3.00 -3.44 -3.88 -4.31 -4.75 -5.19 -5.62 -6.09 -6.53 -6.97 -7.38 -7.78 -8.19 -8.59 -8.97 -9.34 -9.69 -10.03 -10.38 -10.69 -10.97 -11.28 -11.56 -11.81 -12.09 -12.31 -12.56 -12.81 -13.00 -13.19 -13.31 -13.44 -13.53 -13.62 -13.75 -13.91 -14.06 -14.12 -14.12
5.25 5.16 5.06 4.97 4.88 4.72 4.59 4.44 4.28 4.12 3.94 3.72 3.53 3.25 3.00 2.78 2.53 2.28 2.03 1.78 1.53 1.31 1.06 0.81 0.47 0.16 -0.16 -0.50 -0.84 -1.22 -1.69 -2.12 -2.53 -2.91 -3.34 -3.78 -4.19 -4.62 -5.06 -5.50 -5.97 -6.41 -6.81 -7.25 -7.69 -8.09 -8.50 -8.88 -9.25 -9.62 -10.00 -10.34 -10.69 -11.00 -11.31 -11.62 -11.91 -12.19 -12.47 -12.72 -12.97 -13.22 -13.44 -13.66 -13.84 -14.00 -14.12 -14.28 -14.47 -14.66 -14.78 -14.84 -14.91
5.16 5.06 5.00 4.91 4.81 4.69 4.56 4.44 4.28 4.12 3.91 3.69 3.47 3.16 2.88 2.59 2.28 2.00 1.72 1.44 1.19 0.94 0.69 0.44 0.16 -0.12 -0.44 -0.75 -1.09 -1.44 -1.84 -2.34 -2.75 -3.16 -3.59 -4.12 -4.53 -4.97 -5.41 -5.84 -6.28 -6.72 -7.12 -7.56 -7.97 -8.38 -8.78 -9.19 -9.56 -9.94 -10.31 -10.66 -11.00 -11.34 -11.66 -11.97 -12.28 -12.56 -12.84 -13.12 -13.38 -13.66 -13.88 -14.12 -14.34 -14.53 -14.72 -14.94 -15.12 -15.28 -15.47 -15.53 -15.62
5.06 5.00 4.94 4.88 4.78 4.66 4.56 4.41 4.28 4.09 3.91 3.66 3.41 3.09 2.75 2.38 2.03 1.69 1.38 1.09 0.84 0.56 0.34 0.09 -0.12 -0.41 -0.69 -1.00 -1.34 -1.69 -2.06 -2.56 -2.97 -3.53 -3.94 -4.34 -4.78 -5.31 -5.72 -6.16 -6.59 -7.03 -7.44 -7.88 -8.28 -8.69 -9.09 -9.50 -9.88 -10.25 -10.62 -11.00 -11.34 -11.69 -12.03 -12.34 -12.66 -12.97 -13.25 -13.53 -13.81 -14.09 -14.34 -14.59 -14.81 -15.06 -15.25 -15.44 -15.69 -15.88 -16.06 -16.19 -16.31
4.97 4.94 4.88 4.84 4.75 4.66 4.53 4.41 4.28 4.09 3.91 3.66 3.34 2.97 2.56 2.19 1.84 1.47 1.12 0.81 0.50 0.19 0.00 -0.16 -0.34 -0.59 -0.91 -1.22 -1.56 -1.94 -2.38 -2.78 -3.25 -3.78 -4.19 -4.69 -5.12 -5.53 -5.97 -6.50 -6.91 -7.34 -7.75 -8.19 -8.59 -9.00 -9.41 -9.81 -10.22 -10.59 -10.97 -11.34 -11.69 -12.06 -12.41 -12.72 -13.06 -13.38 -13.66 -13.97 -14.25 -14.53 -14.81 -15.06 -15.31 -15.56 -15.81 -16.00 -16.22 -16.44 -16.66 -16.84 -16.94
4.91 4.88 4.84 4.78 4.72 4.66 4.53 4.44 4.28 4.12 3.94 3.62 3.19 2.81 2.41 2.03 1.66 1.31 0.97 0.66 0.31 0.03 -0.19 -0.31 -0.53 -0.78 -1.06 -1.41 -1.75 -2.12 -2.72 -3.16 -3.62 -4.03 -4.44 -4.94 -5.47 -5.88 -6.28 -6.72 -7.22 -7.66 -8.09 -8.53 -8.97 -9.38 -9.81 -10.22 -10.62 -11.03 -11.41 -11.78 -12.12 -12.47 -12.81 -13.12 -13.44 -13.78 -14.09 -14.41 -14.69 -15.00 -15.28 -15.53 -15.81 -16.06 -16.31 -16.56 -16.78 -17.00 -17.22 -17.47 -17.62
4.84 4.81 4.81 4.75 4.72 4.66 4.56 4.44 4.31 4.16 3.91 3.44 3.00 2.62 2.25 1.84 1.50 1.16 0.84 0.53 0.25 -0.06 -0.31 -0.44 -0.62 -0.91 -1.25 -1.62 -2.06 -2.44 -2.88 -3.31 -3.97 -4.38 -4.78 -5.19 -5.69 -6.09 -6.62 -7.03 -7.47 -7.91 -8.47 -8.91 -9.34 -9.78 -10.19 -10.59 -11.00 -11.41 -11.81 -12.19 -12.56 -12.91 -13.25 -13.59 -13.91 -14.22 -14.53 -14.84 -15.16 -15.44 -15.75 -16.03 -16.31 -16.59 -16.84 -17.09 -17.34 -17.56 -17.81 -18.12 -18.31
4.78 4.78 4.75 4.75 4.69 4.66 4.56 4.47 4.31 4.06 3.66 3.16 2.72 2.31 1.91 1.59 1.31 1.03 0.75 0.47 0.19 -0.06 -0.34 -0.56 -0.72 -0.94 -1.38 -1.94 -2.38 -2.78 -3.22 -3.69 -4.09 -4.53 -5.12 -5.53 -5.91 -6.31 -6.84 -7.38 -7.84 -8.28 -8.72 -9.25 -9.69 -10.12 -10.53 -10.97 -11.38 -11.78 -12.16 -12.56 -12.94 -13.31 -13.66 -14.03 -14.38 -14.69 -15.00 -15.31 -15.62 -15.91 -16.22 -16.53 -16.81 -17.09 -17.38 -17.62 -17.88 -18.12 -18.41 -18.69 -18.97
4.72 4.72 4.72 4.72 4.69 4.66 4.59 4.47 4.19 3.81 3.28 2.75 2.31 1.88 1.59 1.38 1.16 0.91 0.62 0.38 0.12 -0.12 -0.38 -0.62 -0.84 -1.06 -1.50 -2.19 -2.69 -3.12 -3.59 -4.06 -4.47 -4.88 -5.25 -5.84 -6.25 -6.66 -7.09 -7.62 -8.19 -8.62 -9.03 -9.47 -10.03 -10.44 -10.88 -11.28 -11.72 -12.12 -12.53 -12.91 -13.31 -13.69 -14.06 -14.44 -14.78 -15.12 -15.47 -15.78 -16.09 -16.41 -16.72 -17.03 -17.31 -17.62 -17.91 -18.19 -18.44 -18.69 -18.97 -19.25 -19.56
4.66 4.69 4.69 4.69 4.69 4.66 4.56 4.31 3.94 3.44 2.88 2.31 1.81 1.53 1.38 1.19 0.97 0.75 0.50 0.28 0.03 -0.22 -0.44 -0.66 -0.81 -1.03 -1.44 -2.25 -2.91 -3.44 -3.97 -4.41 -4.81 -5.22 -5.59 -5.97 -6.38 -7.00 -7.44 -7.84 -8.50 -8.94 -9.38 -9.84 -10.41 -10.84 -11.28 -11.69 -12.12 -12.53 -12.94 -13.34 -13.72 -14.09 -14.47 -14.81 -15.19 -15.53 -15.91 -16.25 -16.56 -16.91 -17.22 -17.53 -17.84 -18.16 -18.44 -18.72 -19.00 -19.28 -19.53 -19.84 -20.16
4.62 4.66 4.66 4.69 4.69 4.66 4.44 4.06 3.59 3.00 2.34 1.72 1.41 1.28 1.16 1.00 0.81 0.59 0.38 0.16 -0.06 -0.31 -0.53 -0.72 -0.94 -1.19 -1.62 -2.50 -3.12 -3.59 -4.19 -4.75 -5.16 -5.53 -5.91 -6.31 -6.69 -7.12 -7.75 -8.19 -8.75 -9.31 -9.75 -10.19 -10.66 -11.19 -11.62 -12.06 -12.50 -12.91 -13.31 -13.72 -14.12 -14.53 -14.91 -15.25 -15.62 -15.97 -16.31 -16.69 -17.03 -17.38 -17.72 -18.03 -18.34 -18.66 -18.97 -19.28 -19.56 -19.84 -20.09 -20.41 -20.81
4.59 4.62 4.62 4.66 4.66 4.59 4.25 3.75 3.16 2.47 1.75 1.22 1.12 1.06 0.94 0.81 0.66 0.47 0.25 0.03 -0.19 -0.41 -0.62 -0.84 -1.06 -1.34 -1.84 -2.78 -3.44 -3.94 -4.41 -4.88 -5.38 -5.88 -6.25 -6.62 -7.03 -7.44 -7.88 -8.53 -8.97 -9.53 -10.09 -10.53 -10.97 -11.41 -11.97 -12.41 -12.84 -13.25 -13.69 -14.09 -14.50 -14.91 -15.31 -15.69 -16.06 -16.44 -16.78 -17.12 -17.47 -17.84 -18.19 -18.53 -18.88 -19.19 -19.50 -19.81 -20.12 -20.41 -20.69 -20.97 -21.34
4.56 4.59 4.59 4.62 4.66 4.44 3.97 3.38 2.69 1.97 1.28 0.91 0.94 0.88 0.78 0.66 0.50 0.34 0.12 -0.06 -0.28 -0.53 -0.75 -0.97 -1.19 -1.41 -1.97 -2.97 -3.72 -4.25 -4.72 -5.19 -5.59 -6.06 -6.53 -6.94 -7.34 -7.75 -8.19 -8.84 -9.28 -9.75 -10.41 -10.84 -11.28 -11.75 -12.28 -12.72 -13.16 -13.59 -14.03 -14.47 -14.88 -15.28 -15.69 -16.09 -16.47 -16.88 -17.25 -17.59 -17.97 -18.31 -18.66 -19.03 -19.38 -19.72 -20.03 -20.38 -20.69 -20.97 -21.28 -21.59 -21.94
4.53 4.53 4.56 4.59 4.53 4.16 3.56 2.91 2.19 1.47 0.91 0.78 0.78 0.72 0.62 0.53 0.38 0.22 0.03 -0.19 -0.41 -0.66 -0.91 -1.16 -1.38 -1.66 -2.34 -3.22 -3.78 -4.47 -5.06 -5.53 -5.91 -6.25 -6.62 -7.12 -7.66 -8.06 -8.50 -8.94 -9.59 -10.06 -10.62 -11.19 -11.66 -12.09 -12.53 -13.09 -13.53 -13.97 -14.41 -14.84 -15.25 -15.66 -16.06 -16.47 -16.88 -17.28 -17.66 -18.06 -18.44 -18.78 -19.16 -19.50 -19.88 -20.22 -20.56 -20.91 -21.25 -21.56 -21.84 -22.16 -22.50
4.47 4.47 4.47 4.41 4.22 3.69 3.09 2.41 1.72 1.06 0.75 0.72 0.66 0.59 0.53 0.41 0.28 0.12 -0.06 -0.28 -0.53 -0.78 -1.03 -1.34 -1.59 -1.94 -2.91 -3.47 -4.06 -4.62 -5.16 -5.72 -6.19 -6.56 -6.91 -7.31 -7.84 -8.38 -8.81 -9.28 -9.75 -10.41 -10.88 -11.56 -12.03 -12.47 -12.94 -13.50 -13.94 -14.38 -14.78 -15.22 -15.66 -16.06 -16.50 -16.91 -17.31 -17.69 -18.09 -18.50 -18.88 -19.28 -19.66 -20.00 -20.38 -20.75 -21.09 -21.44 -21.78 -22.12 -22.44 -22.72 -23.06
4.38 4.34 4.28 4.09 3.72 3.22 2.62 1.94 1.28 0.84 0.72 0.66 0.59 0.53 0.44 0.34 0.19 0.03 -0.16 -0.38 -0.62 -0.88 -1.19 -1.53 -1.81 -2.38 -3.19 -3.75 -4.31 -4.91 -5.44 -5.88 -6.34 -6.81 -7.19 -7.59 -8.03 -8.59 -9.16 -9.59 -10.06 -10.75 -11.22 -11.78 -12.38 -12.81 -13.28 -13.75 -14.31 -14.75 -15.19 -15.62 -16.06 -16.47 -16.91 -17.31 -17.72 -18.12 -18.53 -18.94 -19.34 -19.75 -20.12 -20.50 -20.88 -21.25 -21.62 -21.97 -22.34 -22.69 -23.00 -23.31 -23.66
4.22 4.19 4.00 3.69 3.28 2.78 2.12 1.50 0.94 0.72 0.69 0.59 0.53 0.47 0.38 0.25 0.12 -0.03 -0.22 -0.44 -0.69 -1.00 -1.38 -1.72 -2.09 -2.69 -3.41 -4.03 -4.53 -5.16 -5.72 -6.16 -6.50 -6.88 -7.38 -7.91 -8.34 -8.88 -9.44 -9.91 -10.38 -10.84 -11.53 -12.03 -12.72 -13.19 -13.66 -14.12 -14.69 -15.12 -15.59 -16.03 -16.47 -16.88 -17.31 -17.72 -18.16 -18.56 -19.00 -19.41 -19.81 -20.22 -20.59 -21.00 -21.38 -21.78 -22.16 -22.50 -22.88 -23.22 -23.56 -23.91 -24.28
4.06 3.91 3.62 3.28 2.84 2.34 1.72 1.12 0.75 0.69 0.62 0.56 0.47 0.41 0.31 0.19 0.06 -0.09 -0.28 -0.50 -0.84 -1.19 -1.56 -1.91 -2.34 -2.91 -3.66 -4.31 -4.78 -5.41 -5.97 -6.41 -6.75 -7.12 -7.53 -8.06 -8.59 -9.06 -9.62 -10.22 -10.69 -11.19 -11.88 -12.38 -13.06 -13.53 -14.03 -14.50 -15.06 -15.53 -15.97 -16.44 -16.88 -17.31 -17.75 -18.16 -18.59 -19.00 -19.44 -19.84 -20.28 -20.69 -21.09 -21.50 -21.88 -22.28 -22.66 -23.03 -23.41 -23.78 -24.12 -24.50 -24.88
3.88 3.62 3.31 2.88 2.38 1.81 1.25 0.81 0.69 0.62 0.56 0.50 0.44 0.34 0.25 0.12 0.00 -0.16 -0.34 -0.59 -1.03 -1.34 -1.72 -2.09 -2.50 -3.12 -3.91 -4.53 -5.00 -5.62 -6.22 -6.62 -6.97 -7.38 -7.78 -8.19 -8.75 -9.34 -9.81 -10.41 -11.00 -11.50 -11.97 -12.69 -13.38 -13.88 -14.34 -14.84 -15.41 -15.91 -16.38 -16.81 -17.28 -17.72 -18.16 -18.59 -19.03 -19.47 -19.88 -20.31 -20.75 -21.16 -21.56 -21.97 -22.38 -22.78 -23.19 -23.56 -23.94 -24.31 -24.69 -25.06 -25.47
3.62 3.31 2.97 2.47 1.94 1.38 0.88 0.66 0.62 0.56 0.53 0.47 0.38 0.28 0.19 0.06 -0.09 -0.28 -0.47 -0.78 -1.19 -1.50 -1.88 -2.22 -2.62 -3.31 -4.16 -4.75 -5.22 -5.84 -6.41 -6.81 -7.19 -7.59 -8.00 -8.47 -9.03 -9.62 -10.09 -10.69 -11.28 -11.78 -12.25 -12.97 -13.69 -14.16 -14.66 -15.16 -15.75 -16.22 -16.72 -17.19 -17.66 -18.12 -18.56 -19.03 -19.47 -19.91 -20.34 -20.78 -21.22 -21.62 -22.06 -22.47 -22.88 -23.28 -23.69 -24.09 -24.47 -24.84 -25.25 -25.62 -26.03
3.34 3.00 2.62 2.09 1.56 1.03 0.66 0.59 0.62 0.56 0.50 0.44 0.34 0.25 0.12 -0.03 -0.19 -0.38 -0.59 -0.97 -1.34 -1.66 -1.97 -2.31 -2.81 -3.56 -4.28 -4.81 -5.44 -6.06 -6.59 -7.00 -7.41 -7.81 -8.25 -8.69 -9.16 -9.75 -10.34 -10.84 -11.44 -12.03 -12.53 -13.25 -13.97 -14.47 -14.97 -15.47 -16.06 -16.56 -17.03 -17.53 -18.00 -18.50 -18.97 -19.44 -19.88 -20.34 -20.78 -21.22 -21.69 -22.12 -22.53 -22.97 -23.38 -23.81 -24.19 -24.59 -25.03 -25.41 -25.78 -26.22 -26.62
