everonasctiles/Tile[8,8].asc
ncols 128
nrows 128
xllcorner 0
yllcorner 0
cellsize 2.0
NODATA_value  -9999
[rows 68 to 101 of 128, columns 0 to 76 of 128]
-11.75 -11.75 -11.88 -11.88 -11.94 -12.00 -12.09 -12.16 -12.22 -12.28 -12.31 -12.34 -12.38 -12.41 -12.38 -12.31 -12.19 -12.00 -11.72 -11.41 -11.06 -10.72 -10.34 -9.97 -9.59 -9.25 -8.91 -8.59 -8.31 -8.03 -7.75 -7.50 -7.31 -7.12 -6.97 -6.88 -6.81 -6.78 -6.78 -6.78 -6.81 -6.84 -6.91 -6.94 -7.00 -7.06 -7.09 -7.09 -7.09 -7.06 -7.00 -6.88 -6.66 -6.41 -6.06 -5.69 -5.25 -4.78 -4.31 -3.84 -3.47 -3.12 -2.81 -2.47 -2.16 -1.84 -1.53 -1.22 -0.91 -0.62 -0.34 -0.06 0.19 0.44 0.69 0.88 1.03
-11.44 -11.72 -11.94 -11.94 -11.97 -12.06 -12.16 -12.22 -12.31 -12.38 -12.41 -12.47 -12.50 -12.50 -12.47 -12.34 -12.19 -11.97 -11.69 -11.38 -11.03 -10.69 -10.34 -9.97 -9.62 -9.28 -8.97 -8.66 -8.38 -8.09 -7.81 -7.59 -7.38 -7.16 -7.00 -6.91 -6.81 -6.78 -6.75 -6.75 -6.78 -6.81 -6.88 -6.94 -7.00 -7.06 -7.09 -7.12 -7.12 -7.12 -7.06 -7.00 -6.81 -6.56 -6.25 -5.88 -5.44 -4.94 -4.44 -3.94 -3.50 -3.16 -2.81 -2.50 -2.19 -1.88 -1.56 -1.25 -0.91 -0.62 -0.31 -0.03 0.22 0.47 0.69 0.88 1.03
-11.06 -11.41 -11.66 -11.84 -11.94 -12.12 -12.34 -12.34 -12.34 -12.47 -12.56 -12.66 -12.62 -12.59 -12.47 -12.34 -12.16 -11.91 -11.66 -11.34 -11.03 -10.72 -10.38 -10.03 -9.72 -9.38 -9.06 -8.78 -8.50 -8.22 -7.94 -7.69 -7.47 -7.25 -7.06 -6.94 -6.84 -6.78 -6.75 -6.72 -6.75 -6.78 -6.84 -6.94 -7.00 -7.06 -7.12 -7.16 -7.19 -7.16 -7.16 -7.09 -6.97 -6.75 -6.47 -6.09 -5.66 -5.16 -4.59 -4.06 -3.59 -3.19 -2.84 -2.53 -2.19 -1.88 -1.56 -1.25 -0.91 -0.59 -0.31 -0.03 0.25 0.50 0.72 0.91 1.06
-10.84 -10.97 -11.19 -11.47 -11.78 -12.06 -12.19 -12.25 -12.34 -12.47 -12.47 -12.47 -12.56 -12.50 -12.41 -12.28 -12.09 -11.88 -11.62 -11.34 -11.06 -10.75 -10.44 -10.16 -9.84 -9.53 -9.22 -8.94 -8.66 -8.38 -8.09 -7.84 -7.59 -7.38 -7.19 -7.03 -6.91 -6.81 -6.75 -6.72 -6.72 -6.75 -6.81 -6.91 -7.00 -7.06 -7.12 -7.19 -7.22 -7.22 -7.22 -7.22 -7.12 -6.94 -6.69 -6.34 -5.88 -5.38 -4.78 -4.22 -3.69 -3.28 -2.91 -2.56 -2.25 -1.91 -1.56 -1.25 -0.91 -0.59 -0.28 0.00 0.28 0.53 0.75 0.91 1.06
-10.94 -10.97 -11.06 -11.25 -11.47 -11.72 -11.78 -11.94 -12.03 -12.06 -12.09 -12.22 -12.38 -12.41 -12.31 -12.19 -12.03 -11.81 -11.59 -11.34 -11.09 -10.84 -10.56 -10.28 -10.00 -9.69 -9.38 -9.09 -8.81 -8.53 -8.28 -8.00 -7.75 -7.53 -7.31 -7.16 -7.00 -6.91 -6.81 -6.75 -6.72 -6.72 -6.78 -6.88 -6.97 -7.03 -7.12 -7.19 -7.22 -7.28 -7.31 -7.31 -7.25 -7.12 -6.91 -6.59 -6.16 -5.59 -5.00 -4.41 -3.81 -3.38 -2.97 -2.62 -2.25 -1.94 -1.59 -1.25 -0.91 -0.56 -0.25 0.06 0.31 0.56 0.78 0.94 1.06
-10.94 -10.94 -10.97 -11.12 -11.38 -11.56 -11.59 -11.72 -11.84 -11.94 -12.03 -12.09 -12.25 -12.31 -12.25 -12.12 -11.97 -11.78 -11.59 -11.38 -11.19 -10.94 -10.69 -10.44 -10.16 -9.88 -9.56 -9.28 -9.00 -8.72 -8.44 -8.19 -7.94 -7.69 -7.47 -7.28 -7.12 -6.97 -6.88 -6.78 -6.72 -6.72 -6.75 -6.81 -6.91 -7.03 -7.12 -7.19 -7.25 -7.34 -7.41 -7.44 -7.41 -7.31 -7.16 -6.84 -6.41 -5.88 -5.25 -4.62 -4.00 -3.47 -3.06 -2.66 -2.28 -1.94 -1.59 -1.22 -0.88 -0.53 -0.22 0.09 0.34 0.59 0.78 0.94 1.06
-10.84 -10.78 -10.91 -11.09 -11.31 -11.56 -11.78 -11.72 -11.88 -12.06 -12.12 -12.19 -12.25 -12.28 -12.22 -12.09 -11.94 -11.78 -11.59 -11.44 -11.25 -11.06 -10.84 -10.59 -10.34 -10.06 -9.78 -9.50 -9.19 -8.91 -8.62 -8.34 -8.09 -7.84 -7.62 -7.41 -7.22 -7.06 -6.94 -6.81 -6.75 -6.72 -6.72 -6.78 -6.88 -7.00 -7.09 -7.19 -7.28 -7.41 -7.47 -7.53 -7.56 -7.53 -7.38 -7.09 -6.69 -6.16 -5.56 -4.88 -4.22 -3.62 -3.16 -2.72 -2.31 -1.94 -1.56 -1.19 -0.84 -0.50 -0.19 0.12 0.38 0.59 0.78 0.94 1.06
-10.81 -10.91 -11.06 -11.19 -11.41 -11.66 -11.81 -11.72 -11.91 -12.06 -12.12 -12.25 -12.31 -12.31 -12.22 -12.06 -11.94 -11.78 -11.62 -11.50 -11.34 -11.19 -11.00 -10.78 -10.53 -10.28 -9.97 -9.69 -9.41 -9.09 -8.81 -8.53 -8.25 -8.00 -7.75 -7.53 -7.34 -7.19 -7.00 -6.88 -6.78 -6.72 -6.72 -6.75 -6.84 -6.97 -7.09 -7.22 -7.34 -7.47 -7.56 -7.66 -7.72 -7.69 -7.59 -7.34 -6.97 -6.47 -5.88 -5.19 -4.47 -3.81 -3.25 -2.78 -2.34 -1.97 -1.56 -1.19 -0.81 -0.47 -0.19 0.09 0.34 0.56 0.72 0.88 1.00
-10.81 -10.91 -11.06 -11.16 -11.34 -11.69 -11.84 -11.81 -12.06 -12.19 -12.28 -12.44 -12.44 -12.38 -12.25 -12.09 -11.94 -11.81 -11.69 -11.56 -11.44 -11.31 -11.16 -10.97 -10.72 -10.47 -10.19 -9.88 -9.59 -9.28 -8.97 -8.69 -8.41 -8.12 -7.88 -7.66 -7.44 -7.28 -7.09 -6.94 -6.81 -6.75 -6.72 -6.72 -6.81 -6.94 -7.09 -7.25 -7.41 -7.53 -7.66 -7.78 -7.84 -7.88 -7.78 -7.59 -7.22 -6.75 -6.16 -5.47 -4.72 -4.00 -3.38 -2.84 -2.38 -1.97 -1.56 -1.19 -0.81 -0.50 -0.19 0.06 0.28 0.50 0.66 0.81 0.94
-10.88 -10.94 -11.00 -11.16 -11.41 -11.72 -11.78 -11.88 -12.25 -12.28 -12.34 -12.38 -12.38 -12.41 -12.28 -12.12 -11.97 -11.84 -11.75 -11.62 -11.53 -11.44 -11.28 -11.12 -10.91 -10.66 -10.41 -10.09 -9.78 -9.47 -9.16 -8.84 -8.56 -8.28 -8.00 -7.78 -7.56 -7.34 -7.16 -7.00 -6.84 -6.75 -6.72 -6.72 -6.81 -6.94 -7.09 -7.31 -7.47 -7.62 -7.78 -7.88 -7.97 -8.00 -7.94 -7.75 -7.47 -7.03 -6.44 -5.75 -5.00 -4.22 -3.53 -2.94 -2.44 -2.00 -1.56 -1.16 -0.81 -0.50 -0.25 0.00 0.22 0.41 0.56 0.72 0.84
-10.88 -10.94 -10.97 -11.22 -11.56 -11.72 -11.78 -12.00 -12.22 -12.25 -12.34 -12.28 -12.38 -12.44 -12.31 -12.16 -12.03 -11.91 -11.81 -11.72 -11.62 -11.53 -11.41 -11.25 -11.06 -10.84 -10.59 -10.31 -10.00 -9.69 -9.34 -9.03 -8.72 -8.41 -8.12 -7.88 -7.66 -7.44 -7.22 -7.06 -6.91 -6.78 -6.72 -6.72 -6.81 -6.97 -7.16 -7.38 -7.56 -7.75 -7.88 -8.00 -8.06 -8.06 -8.00 -7.88 -7.62 -7.22 -6.69 -6.00 -5.25 -4.47 -3.69 -3.06 -2.50 -2.03 -1.59 -1.19 -0.84 -0.56 -0.31 -0.06 0.12 0.28 0.44 0.59 0.75
-10.88 -10.97 -11.12 -11.38 -11.62 -11.72 -11.81 -12.06 -12.25 -12.28 -12.28 -12.28 -12.44 -12.44 -12.28 -12.19 -12.09 -11.97 -11.88 -11.78 -11.69 -11.62 -11.50 -11.38 -11.22 -11.03 -10.78 -10.53 -10.22 -9.91 -9.56 -9.22 -8.88 -8.56 -8.25 -7.97 -7.72 -7.50 -7.28 -7.09 -6.94 -6.81 -6.75 -6.75 -6.84 -7.03 -7.25 -7.50 -7.69 -7.84 -8.00 -8.06 -8.09 -8.09 -8.03 -7.94 -7.72 -7.38 -6.88 -6.22 -5.47 -4.66 -3.88 -3.19 -2.59 -2.06 -1.62 -1.25 -0.91 -0.62 -0.34 -0.16 0.03 0.22 0.38 0.50 0.66
-10.81 -10.97 -11.22 -11.44 -11.56 -11.62 -11.72 -12.00 -12.22 -12.41 -12.41 -12.31 -12.31 -12.44 -12.38 -12.25 -12.12 -12.03 -11.91 -11.84 -11.78 -11.69 -11.59 -11.50 -11.34 -11.16 -10.97 -10.72 -10.44 -10.12 -9.81 -9.47 -9.09 -8.75 -8.44 -8.12 -7.84 -7.59 -7.38 -7.16 -7.00 -6.88 -6.81 -6.84 -6.97 -7.16 -7.41 -7.62 -7.81 -7.97 -8.06 -8.12 -8.12 -8.09 -8.03 -7.94 -7.72 -7.41 -6.97 -6.38 -5.66 -4.84 -4.00 -3.28 -2.66 -2.12 -1.69 -1.28 -0.97 -0.66 -0.41 -0.19 0.00 0.16 0.31 0.44 0.59
-10.84 -11.12 -11.41 -11.41 -11.38 -11.41 -11.56 -11.88 -12.16 -12.31 -12.47 -12.53 -12.41 -12.44 -12.44 -12.31 -12.19 -12.06 -11.97 -11.91 -11.81 -11.75 -11.66 -11.56 -11.44 -11.28 -11.12 -10.88 -10.62 -10.34 -10.03 -9.72 -9.38 -9.00 -8.66 -8.31 -8.03 -7.75 -7.50 -7.28 -7.09 -6.97 -6.94 -6.97 -7.12 -7.34 -7.56 -7.78 -7.97 -8.09 -8.16 -8.16 -8.12 -8.06 -8.00 -7.84 -7.66 -7.38 -6.97 -6.41 -5.72 -4.94 -4.09 -3.38 -2.72 -2.19 -1.72 -1.31 -0.97 -0.69 -0.44 -0.19 0.00 0.16 0.31 0.44 0.56
-10.97 -11.22 -11.31 -11.25 -11.22 -11.41 -11.59 -11.91 -12.12 -12.16 -12.16 -12.31 -12.50 -12.50 -12.44 -12.34 -12.19 -12.06 -11.97 -11.94 -11.88 -11.81 -11.72 -11.62 -11.53 -11.41 -11.22 -11.03 -10.81 -10.56 -10.28 -9.97 -9.66 -9.31 -8.94 -8.62 -8.28 -8.00 -7.72 -7.50 -7.28 -7.19 -7.16 -7.22 -7.34 -7.53 -7.75 -7.94 -8.06 -8.16 -8.19 -8.16 -8.06 -8.00 -7.88 -7.75 -7.53 -7.28 -6.88 -6.34 -5.69 -4.94 -4.12 -3.41 -2.75 -2.19 -1.75 -1.34 -1.00 -0.69 -0.41 -0.16 0.03 0.22 0.38 0.50 0.59
-11.16 -11.25 -11.28 -11.28 -11.22 -11.31 -11.47 -11.84 -11.97 -12.12 -12.16 -12.41 -12.56 -12.50 -12.41 -12.28 -12.16 -12.06 -12.00 -11.94 -11.88 -11.84 -11.75 -11.66 -11.56 -11.44 -11.31 -11.16 -10.97 -10.75 -10.50 -10.22 -9.91 -9.59 -9.28 -8.94 -8.62 -8.31 -8.03 -7.78 -7.59 -7.47 -7.44 -7.50 -7.59 -7.78 -7.94 -8.06 -8.16 -8.16 -8.12 -8.03 -7.94 -7.84 -7.75 -7.59 -7.38 -7.12 -6.72 -6.22 -5.59 -4.88 -4.09 -3.38 -2.72 -2.19 -1.72 -1.34 -0.97 -0.66 -0.38 -0.12 0.09 0.28 0.44 0.56 0.66
-11.19 -11.25 -11.41 -11.47 -11.38 -11.44 -11.66 -11.94 -11.94 -12.09 -12.28 -12.50 -12.62 -12.53 -12.41 -12.12 -12.06 -12.03 -11.97 -11.94 -11.91 -11.84 -11.78 -11.69 -11.59 -11.47 -11.38 -11.22 -11.06 -10.88 -10.69 -10.44 -10.19 -9.88 -9.59 -9.28 -8.97 -8.69 -8.41 -8.16 -7.97 -7.84 -7.81 -7.81 -7.88 -8.00 -8.09 -8.16 -8.16 -8.09 -8.00 -7.88 -7.78 -7.66 -7.56 -7.41 -7.19 -6.91 -6.53 -6.06 -5.44 -4.72 -3.97 -3.28 -2.66 -2.16 -1.69 -1.31 -0.94 -0.62 -0.34 -0.06 0.16 0.34 0.50 0.62 0.75
-11.28 -11.34 -11.47 -11.47 -11.50 -11.50 -11.56 -11.84 -11.94 -12.12 -12.41 -12.59 -12.56 -12.50 -12.38 -12.03 -12.00 -12.00 -11.97 -11.94 -11.88 -11.84 -11.78 -11.69 -11.59 -11.50 -11.38 -11.25 -11.12 -10.97 -10.81 -10.62 -10.38 -10.12 -9.88 -9.59 -9.31 -9.03 -8.75 -8.53 -8.34 -8.22 -8.12 -8.09 -8.12 -8.16 -8.16 -8.12 -8.06 -7.94 -7.81 -7.69 -7.56 -7.44 -7.34 -7.19 -6.97 -6.69 -6.31 -5.84 -5.25 -4.53 -3.81 -3.16 -2.56 -2.06 -1.62 -1.25 -0.91 -0.59 -0.28 -0.03 0.19 0.38 0.56 0.69 0.81
-11.19 -11.28 -11.38 -11.44 -11.50 -11.50 -11.41 -11.62 -11.94 -12.19 -12.47 -12.50 -12.44 -12.47 -12.38 -12.06 -12.00 -12.00 -11.97 -11.94 -11.88 -11.81 -11.75 -11.69 -11.59 -11.50 -11.38 -11.28 -11.16 -11.03 -10.88 -10.72 -10.53 -10.31 -10.09 -9.84 -9.59 -9.31 -9.09 -8.84 -8.66 -8.50 -8.41 -8.31 -8.25 -8.22 -8.12 -8.03 -7.91 -7.75 -7.59 -7.47 -7.34 -7.22 -7.09 -6.94 -6.72 -6.44 -6.09 -5.62 -5.03 -4.34 -3.62 -3.00 -2.44 -1.94 -1.53 -1.16 -0.84 -0.53 -0.25 0.00 0.22 0.41 0.59 0.75 0.88
-11.16 -11.22 -11.28 -11.34 -11.38 -11.41 -11.34 -11.50 -11.84 -12.19 -12.41 -12.34 -12.31 -12.41 -12.38 -12.00 -12.00 -12.00 -11.97 -11.91 -11.84 -11.78 -11.72 -11.62 -11.56 -11.47 -11.38 -11.28 -11.16 -11.06 -10.91 -10.78 -10.62 -10.44 -10.22 -10.00 -9.75 -9.53 -9.31 -9.06 -8.88 -8.72 -8.56 -8.44 -8.31 -8.19 -8.03 -7.88 -7.69 -7.53 -7.38 -7.22 -7.09 -7.00 -6.88 -6.69 -6.50 -6.22 -5.84 -5.38 -4.81 -4.12 -3.47 -2.84 -2.28 -1.81 -1.44 -1.09 -0.78 -0.47 -0.22 0.00 0.22 0.41 0.56 0.72 0.88
-11.09 -11.16 -11.22 -11.25 -11.28 -11.31 -11.28 -11.34 -11.72 -12.19 -12.47 -12.31 -12.25 -12.34 -12.31 -11.97 -12.00 -12.06 -11.97 -11.88 -11.81 -11.72 -11.66 -11.59 -11.50 -11.44 -11.34 -11.25 -11.16 -11.06 -10.91 -10.78 -10.62 -10.44 -10.25 -10.03 -9.84 -9.62 -9.38 -9.16 -8.94 -8.75 -8.56 -8.41 -8.25 -8.06 -7.88 -7.66 -7.50 -7.31 -7.12 -7.00 -6.88 -6.78 -6.66 -6.50 -6.28 -6.00 -5.62 -5.16 -4.59 -3.94 -3.31 -2.72 -2.19 -1.72 -1.31 -1.00 -0.72 -0.44 -0.22 0.00 0.19 0.38 0.53 0.69 0.81
-11.06 -11.12 -11.16 -11.19 -11.22 -11.25 -11.22 -11.19 -11.53 -12.12 -12.53 -12.25 -12.22 -12.28 -12.19 -12.00 -12.03 -12.06 -11.94 -11.84 -11.75 -11.66 -11.59 -11.50 -11.44 -11.34 -11.28 -11.22 -11.12 -11.03 -10.88 -10.75 -10.56 -10.38 -10.19 -10.00 -9.78 -9.56 -9.34 -9.12 -8.91 -8.69 -8.47 -8.28 -8.09 -7.88 -7.66 -7.44 -7.25 -7.09 -6.94 -6.78 -6.69 -6.59 -6.47 -6.31 -6.09 -5.78 -5.41 -4.94 -4.38 -3.75 -3.16 -2.59 -2.06 -1.62 -1.25 -0.94 -0.66 -0.44 -0.22 -0.03 0.16 0.31 0.47 0.62 0.75
-11.00 -11.06 -11.09 -11.12 -11.16 -11.16 -11.19 -11.16 -11.50 -12.00 -12.53 -12.31 -12.19 -12.16 -12.03 -11.94 -12.06 -12.06 -11.91 -11.78 -11.66 -11.56 -11.47 -11.41 -11.34 -11.28 -11.22 -11.16 -11.06 -10.94 -10.81 -10.66 -10.50 -10.31 -10.12 -9.91 -9.69 -9.44 -9.22 -9.00 -8.75 -8.53 -8.31 -8.09 -7.88 -7.66 -7.44 -7.22 -7.06 -6.88 -6.75 -6.62 -6.53 -6.44 -6.31 -6.12 -5.88 -5.59 -5.22 -4.75 -4.19 -3.59 -3.00 -2.47 -1.97 -1.53 -1.19 -0.91 -0.66 -0.44 -0.22 -0.06 0.09 0.25 0.41 0.53 0.66
-10.97 -11.00 -11.06 -11.06 -11.09 -11.09 -11.12 -11.16 -11.41 -11.94 -12.38 -12.50 -12.34 -11.94 -11.75 -11.72 -12.03 -11.97 -11.78 -11.66 -11.53 -11.44 -11.38 -11.31 -11.25 -11.19 -11.16 -11.06 -10.97 -10.84 -10.72 -10.56 -10.38 -10.19 -10.00 -9.78 -9.56 -9.31 -9.06 -8.84 -8.59 -8.34 -8.12 -7.91 -7.66 -7.44 -7.22 -7.03 -6.88 -6.72 -6.59 -6.47 -6.41 -6.28 -6.16 -5.94 -5.69 -5.41 -5.03 -4.56 -4.00 -3.44 -2.88 -2.34 -1.88 -1.47 -1.12 -0.88 -0.66 -0.44 -0.25 -0.09 0.06 0.19 0.31 0.44 0.56
-10.91 -10.97 -11.00 -11.00 -11.00 -11.03 -11.06 -11.09 -11.31 -11.91 -12.06 -12.34 -12.34 -11.94 -11.72 -11.69 -11.81 -11.81 -11.66 -11.50 -11.41 -11.31 -11.25 -11.19 -11.16 -11.09 -11.06 -10.97 -10.88 -10.75 -10.59 -10.44 -10.25 -10.06 -9.88 -9.66 -9.41 -9.19 -8.94 -8.69 -8.44 -8.19 -7.97 -7.72 -7.50 -7.28 -7.06 -6.88 -6.69 -6.53 -6.41 -6.31 -6.25 -6.12 -6.00 -5.78 -5.53 -5.22 -4.88 -4.41 -3.84 -3.31 -2.78 -2.25 -1.81 -1.41 -1.12 -0.88 -0.66 -0.47 -0.28 -0.16 0.00 0.09 0.22 0.34 0.47
-10.88 -10.91 -10.94 -10.94 -10.94 -10.94 -10.97 -11.00 -11.28 -11.88 -11.91 -12.03 -12.16 -11.91 -11.53 -11.34 -11.41 -11.53 -11.44 -11.34 -11.28 -11.19 -11.12 -11.09 -11.06 -11.00 -10.94 -10.88 -10.75 -10.62 -10.47 -10.31 -10.12 -9.94 -9.75 -9.53 -9.28 -9.06 -8.81 -8.56 -8.31 -8.06 -7.81 -7.59 -7.38 -7.12 -6.94 -6.75 -6.56 -6.41 -6.28 -6.16 -6.09 -5.97 -5.84 -5.62 -5.38 -5.06 -4.72 -4.25 -3.75 -3.22 -2.69 -2.19 -1.75 -1.41 -1.09 -0.88 -0.66 -0.50 -0.34 -0.19 -0.06 0.03 0.16 0.25 0.38
-10.84 -10.88 -10.88 -10.88 -10.84 -10.88 -10.84 -10.84 -11.06 -11.59 -11.78 -11.94 -12.09 -11.88 -11.53 -11.22 -11.12 -11.19 -11.16 -11.16 -11.12 -11.09 -11.03 -11.00 -10.97 -10.94 -10.84 -10.75 -10.62 -10.50 -10.34 -10.19 -10.00 -9.81 -9.62 -9.44 -9.19 -8.94 -8.72 -8.47 -8.22 -7.97 -7.75 -7.50 -7.25 -7.03 -6.81 -6.62 -6.44 -6.28 -6.16 -6.03 -5.94 -5.81 -5.69 -5.50 -5.22 -4.94 -4.56 -4.12 -3.62 -3.12 -2.62 -2.16 -1.75 -1.41 -1.12 -0.91 -0.72 -0.53 -0.41 -0.25 -0.12 -0.03 0.06 0.19 0.28
-10.81 -10.84 -10.81 -10.81 -10.78 -10.78 -10.75 -10.75 -11.09 -11.47 -11.97 -12.28 -12.34 -12.19 -11.69 -11.31 -11.12 -11.06 -11.00 -11.00 -11.00 -11.00 -10.97 -10.94 -10.91 -10.84 -10.78 -10.66 -10.53 -10.41 -10.25 -10.06 -9.91 -9.72 -9.53 -9.34 -9.12 -8.88 -8.66 -8.41 -8.16 -7.91 -7.69 -7.44 -7.16 -6.94 -6.72 -6.50 -6.34 -6.19 -6.03 -5.91 -5.81 -5.69 -5.53 -5.34 -5.09 -4.78 -4.44 -4.03 -3.56 -3.06 -2.59 -2.16 -1.75 -1.41 -1.12 -0.94 -0.75 -0.59 -0.47 -0.34 -0.22 -0.12 -0.03 0.09 0.19
-10.81 -10.81 -10.78 -10.75 -10.72 -10.69 -10.72 -11.06 -11.41 -11.81 -12.31 -12.41 -12.47 -12.34 -11.78 -11.25 -11.00 -10.94 -10.91 -10.91 -10.91 -10.91 -10.91 -10.88 -10.84 -10.78 -10.69 -10.59 -10.47 -10.31 -10.16 -10.00 -9.81 -9.66 -9.47 -9.28 -9.06 -8.81 -8.59 -8.34 -8.09 -7.88 -7.62 -7.34 -7.09 -6.88 -6.66 -6.44 -6.25 -6.09 -5.94 -5.81 -5.69 -5.56 -5.41 -5.19 -4.97 -4.66 -4.34 -3.94 -3.50 -3.03 -2.59 -2.16 -1.78 -1.44 -1.19 -0.97 -0.81 -0.66 -0.53 -0.41 -0.31 -0.22 -0.12 -0.03 0.06
-10.91 -10.84 -10.81 -10.84 -10.78 -10.66 -10.94 -11.34 -11.53 -12.00 -12.28 -12.31 -12.28 -12.09 -11.47 -10.94 -10.81 -10.81 -10.81 -10.81 -10.81 -10.84 -10.84 -10.84 -10.81 -10.75 -10.66 -10.53 -10.41 -10.25 -10.09 -9.91 -9.78 -9.59 -9.41 -9.22 -9.00 -8.78 -8.53 -8.31 -8.06 -7.81 -7.53 -7.28 -7.03 -6.81 -6.59 -6.38 -6.19 -6.03 -5.88 -5.72 -5.59 -5.44 -5.25 -5.06 -4.81 -4.56 -4.22 -3.84 -3.47 -3.03 -2.59 -2.19 -1.81 -1.50 -1.25 -1.06 -0.88 -0.72 -0.59 -0.50 -0.41 -0.31 -0.25 -0.16 -0.06
-11.12 -10.94 -10.81 -10.81 -10.69 -10.66 -11.03 -11.47 -11.81 -12.19 -12.16 -12.03 -11.84 -11.44 -10.75 -10.50 -10.50 -10.59 -10.62 -10.69 -10.72 -10.78 -10.78 -10.78 -10.78 -10.69 -10.59 -10.47 -10.34 -10.19 -10.03 -9.88 -9.72 -9.53 -9.34 -9.12 -8.91 -8.72 -8.47 -8.25 -8.00 -7.75 -7.47 -7.22 -6.97 -6.75 -6.53 -6.34 -6.16 -5.97 -5.81 -5.66 -5.50 -5.34 -5.16 -4.94 -4.72 -4.44 -4.16 -3.78 -3.44 -3.03 -2.62 -2.25 -1.91 -1.59 -1.34 -1.16 -1.00 -0.84 -0.72 -0.62 -0.53 -0.44 -0.38 -0.28 -0.22
-10.81 -10.53 -10.50 -10.50 -10.72 -10.66 -11.03 -11.56 -11.94 -12.00 -11.75 -11.34 -11.03 -10.62 -10.16 -10.00 -10.22 -10.34 -10.50 -10.62 -10.66 -10.69 -10.72 -10.72 -10.69 -10.62 -10.53 -10.44 -10.28 -10.12 -9.94 -9.78 -9.62 -9.44 -9.25 -9.06 -8.84 -8.62 -8.41 -8.16 -7.91 -7.66 -7.41 -7.16 -6.91 -6.69 -6.47 -6.28 -6.12 -5.94 -5.78 -5.59 -5.44 -5.25 -5.06 -4.84 -4.59 -4.34 -4.06 -3.75 -3.41 -3.06 -2.69 -2.31 -1.97 -1.69 -1.47 -1.28 -1.12 -0.97 -0.84 -0.75 -0.69 -0.59 -0.53 -0.47 -0.38
-10.56 -10.38 -10.44 -10.56 -10.69 -10.78 -11.03 -11.56 -11.75 -11.53 -11.06 -10.56 -10.16 -9.94 -9.97 -10.06 -10.38 -10.41 -10.50 -10.50 -10.56 -10.59 -10.62 -10.66 -10.62 -10.56 -10.47 -10.34 -10.19 -10.03 -9.84 -9.69 -9.53 -9.34 -9.16 -8.94 -8.75 -8.53 -8.31 -8.09 -7.84 -7.59 -7.31 -7.06 -6.84 -6.62 -6.44 -6.25 -6.06 -5.91 -5.75 -5.56 -5.38 -5.19 -4.97 -4.75 -4.53 -4.28 -4.03 -3.72 -3.41 -3.06 -2.72 -2.41 -2.09 -1.81 -1.59 -1.44 -1.28 -1.16 -1.03 -0.94 -0.88 -0.81 -0.72 -0.66 -0.56
-9.97 -10.16 -10.28 -10.66 -10.94 -11.09 -11.16 -11.38 -11.22 -11.06 -10.66 -10.25 -10.03 -9.91 -9.91 -10.03 -10.16 -10.28 -10.28 -10.25 -10.38 -10.44 -10.50 -10.53 -10.50 -10.47 -10.38 -10.25 -10.09 -9.91 -9.75 -9.56 -9.41 -9.22 -9.03 -8.84 -8.62 -8.44 -8.22 -8.00 -7.75 -7.50 -7.25 -7.00 -6.78 -6.56 -6.38 -6.19 -6.03 -5.88 -5.72 -5.53 -5.34 -5.16 -4.94 -4.69 -4.47 -4.25 -4.00 -3.72 -3.41 -3.12 -2.78 -2.50 -2.22 -1.97 -1.75 -1.59 -1.44 -1.34 -1.25 -1.16 -1.09 -1.03 -0.97 -0.88 -0.78
