everonasctiles/Tile5,18.asc
ncols 128
nrows 128
xllcorner 0
yllcorner 0
cellsize 2.0
NODATA_value  -9999
[rows 32 to 63 of 128, columns 0 to 70 of 128]
-36.47 -36.12 -36.28 -36.19 -36.28 -36.09 -35.75 -35.50 -35.16 -35.09 -34.94 -34.72 -34.44 -34.00 -33.62 -32.72 -32.03 -31.62 -30.91 -30.19 -29.66 -28.81 -27.84 -27.22 -26.41 -25.53 -24.88 -24.25 -23.62 -23.06 -22.31 -21.56 -20.91 -20.31 -19.44 -18.53 -17.66 -17.16 -17.00 -16.97 -16.75 -16.22 -15.62 -15.50 -15.34 -15.16 -15.38 -15.53 -15.41 -15.19 -15.03 -15.09 -15.09 -15.06 -14.88 -14.59 -14.31 -14.28 -13.81 -13.97 -13.75 -13.62 -13.75 -13.78 -13.75 -13.59 -13.22 -12.81 -12.53 -12.66 -12.50
-36.44 -36.44 -36.47 -36.72 -36.72 -36.44 -36.06 -35.94 -35.75 -35.75 -35.34 -35.34 -35.00 -34.66 -34.09 -33.41 -32.88 -31.97 -31.50 -30.97 -30.19 -29.38 -28.41 -27.84 -27.19 -26.09 -25.09 -24.44 -23.81 -23.19 -22.28 -21.50 -20.91 -20.31 -19.75 -18.41 -17.50 -16.69 -16.25 -16.47 -16.41 -16.06 -15.53 -15.34 -15.34 -15.28 -15.50 -15.59 -15.50 -15.41 -15.38 -15.31 -15.31 -15.06 -14.91 -14.81 -14.66 -14.56 -14.25 -14.28 -14.09 -13.91 -13.94 -14.19 -14.25 -14.09 -13.62 -13.16 -13.06 -12.97 -12.62
-36.66 -36.59 -36.88 -36.94 -37.03 -36.88 -36.66 -36.47 -36.34 -36.06 -35.78 -35.75 -35.38 -35.06 -34.22 -33.91 -33.22 -32.25 -31.75 -31.22 -30.50 -29.69 -28.78 -28.25 -27.56 -26.62 -25.81 -24.94 -24.22 -23.62 -22.59 -21.75 -20.91 -20.16 -19.41 -18.84 -17.62 -16.56 -16.06 -15.94 -15.59 -15.41 -15.16 -15.03 -15.25 -15.38 -15.31 -15.28 -15.44 -15.47 -15.41 -15.38 -15.44 -15.25 -15.38 -15.34 -15.22 -15.06 -14.75 -14.50 -14.28 -14.28 -14.53 -14.66 -14.59 -14.09 -13.78 -13.22 -13.09 -12.88 -12.56
-36.72 -36.81 -37.38 -37.41 -37.25 -37.19 -37.16 -36.97 -36.66 -36.50 -36.41 -36.22 -35.78 -35.12 -34.34 -33.84 -33.34 -32.78 -32.12 -31.44 -30.72 -29.88 -29.16 -28.84 -28.25 -27.38 -26.50 -25.62 -24.91 -24.06 -23.06 -22.16 -21.19 -20.28 -19.53 -18.84 -17.88 -16.94 -16.06 -15.53 -15.25 -15.22 -15.06 -15.16 -15.50 -15.53 -15.28 -15.19 -15.41 -15.53 -15.44 -15.41 -15.34 -15.34 -15.47 -15.41 -15.34 -15.19 -14.78 -14.69 -14.59 -14.69 -14.97 -15.03 -15.03 -14.53 -13.81 -13.09 -13.22 -13.12 -12.75
-37.09 -37.22 -37.72 -37.91 -37.62 -37.56 -37.50 -37.44 -37.22 -37.16 -36.91 -36.62 -35.94 -35.25 -34.62 -33.97 -33.38 -32.94 -32.41 -31.78 -30.91 -30.16 -29.56 -29.06 -28.84 -28.06 -27.22 -26.34 -25.41 -24.53 -23.53 -22.66 -21.72 -20.69 -19.53 -18.91 -18.00 -17.47 -16.53 -15.75 -15.09 -15.25 -15.47 -15.50 -15.44 -15.47 -15.38 -15.25 -15.34 -15.12 -15.25 -15.25 -15.28 -15.41 -15.56 -15.53 -15.56 -15.47 -15.19 -15.03 -15.06 -15.22 -15.47 -15.38 -15.00 -14.59 -14.00 -13.47 -13.88 -13.62 -13.28
-37.41 -37.69 -38.00 -38.41 -38.22 -38.03 -37.94 -37.88 -37.88 -37.75 -37.38 -36.88 -36.16 -35.53 -35.12 -34.56 -33.81 -33.19 -32.66 -31.91 -31.06 -30.47 -29.94 -29.59 -29.09 -28.38 -27.66 -26.72 -25.69 -24.84 -23.84 -23.03 -21.97 -20.75 -19.69 -19.00 -18.50 -17.91 -17.00 -16.28 -15.75 -15.44 -15.53 -15.56 -15.38 -15.31 -15.12 -14.97 -15.00 -14.78 -15.19 -15.22 -15.09 -15.38 -15.53 -15.59 -15.78 -15.81 -15.59 -15.53 -15.41 -15.56 -15.69 -15.56 -15.25 -14.72 -14.53 -14.22 -14.09 -13.88 -13.69
-38.00 -38.12 -38.28 -38.66 -38.75 -38.69 -38.66 -38.59 -38.44 -38.25 -37.84 -37.22 -36.53 -35.94 -35.44 -34.97 -34.22 -33.53 -32.75 -32.06 -31.31 -30.50 -29.81 -29.44 -29.19 -28.66 -27.84 -26.91 -25.97 -25.09 -24.12 -23.25 -22.16 -21.16 -20.09 -19.16 -18.56 -18.03 -17.53 -16.91 -16.31 -15.94 -15.59 -15.34 -15.09 -15.09 -14.88 -14.59 -14.75 -14.78 -15.09 -15.41 -15.34 -15.50 -15.47 -15.78 -15.97 -16.12 -15.97 -15.78 -15.88 -15.69 -15.75 -15.34 -15.12 -14.62 -14.62 -14.66 -14.28 -14.03 -13.91
-38.44 -38.56 -38.62 -39.03 -39.16 -38.88 -39.03 -38.94 -38.88 -38.59 -38.16 -37.53 -36.94 -36.34 -35.84 -35.25 -34.59 -33.78 -33.06 -32.31 -31.50 -30.53 -29.91 -29.41 -28.94 -28.53 -28.00 -27.16 -26.25 -25.47 -24.56 -23.53 -22.50 -21.72 -20.62 -19.78 -19.19 -18.41 -17.75 -17.31 -16.53 -16.03 -15.47 -15.19 -14.88 -14.91 -14.97 -14.69 -14.47 -14.75 -15.03 -15.28 -15.22 -15.31 -15.56 -16.00 -16.22 -16.31 -16.22 -15.88 -15.72 -15.72 -15.94 -15.53 -15.06 -14.69 -14.66 -14.50 -14.22 -13.97 -13.72
-38.66 -38.81 -38.84 -39.38 -39.41 -39.16 -39.31 -39.22 -39.09 -38.72 -38.34 -37.81 -37.28 -36.69 -36.19 -35.59 -34.91 -34.03 -33.22 -32.53 -31.81 -30.84 -29.94 -29.25 -28.88 -28.41 -27.88 -27.16 -26.41 -25.69 -24.66 -23.62 -22.62 -21.81 -20.78 -20.00 -19.50 -18.66 -18.06 -17.50 -17.00 -16.56 -15.75 -15.22 -14.91 -14.75 -14.94 -14.72 -14.62 -14.75 -14.94 -15.31 -15.12 -15.31 -15.56 -15.97 -16.25 -16.28 -16.12 -15.88 -15.72 -15.59 -15.84 -15.62 -15.00 -14.66 -14.59 -14.34 -13.94 -13.72 -13.69
-38.94 -39.03 -39.09 -39.53 -39.47 -39.62 -39.56 -39.50 -39.25 -38.94 -38.56 -37.97 -37.47 -37.00 -36.47 -35.88 -35.16 -34.50 -33.53 -32.69 -32.00 -31.06 -30.22 -29.47 -28.97 -28.34 -27.41 -26.91 -26.47 -25.84 -25.12 -24.00 -23.00 -22.09 -21.06 -20.62 -20.19 -19.41 -18.75 -18.16 -17.72 -17.22 -16.44 -15.78 -15.19 -14.94 -14.88 -14.72 -14.84 -14.97 -15.25 -15.31 -15.25 -15.56 -15.94 -16.16 -16.31 -16.31 -16.12 -15.78 -15.66 -15.69 -15.84 -15.59 -15.03 -14.69 -14.53 -14.19 -13.81 -13.59 -13.62
-39.12 -39.12 -39.16 -39.47 -39.53 -39.97 -39.94 -39.69 -39.47 -39.19 -38.81 -38.22 -37.69 -37.12 -36.59 -36.06 -35.38 -34.75 -33.94 -33.19 -32.34 -31.50 -30.50 -29.75 -29.12 -28.47 -27.50 -27.09 -26.81 -26.12 -25.38 -24.44 -23.41 -22.34 -21.47 -21.06 -20.84 -20.12 -19.44 -18.88 -18.34 -17.72 -17.03 -16.31 -15.84 -15.47 -15.06 -14.75 -15.00 -15.34 -15.59 -15.59 -15.53 -15.69 -16.00 -16.28 -16.38 -16.31 -16.19 -16.06 -15.69 -15.72 -15.88 -15.59 -15.16 -14.66 -14.44 -14.12 -13.72 -13.56 -13.69
-39.56 -39.72 -39.47 -39.44 -39.88 -40.16 -40.25 -40.06 -39.88 -39.59 -39.12 -38.56 -38.06 -37.31 -36.62 -36.09 -35.62 -34.88 -34.06 -33.41 -32.41 -31.59 -30.84 -30.31 -29.47 -28.78 -28.12 -27.78 -27.09 -26.50 -25.69 -24.88 -23.94 -22.75 -21.81 -21.44 -21.00 -20.59 -19.97 -19.34 -18.69 -18.19 -17.44 -16.75 -16.22 -15.59 -15.34 -15.25 -15.50 -15.56 -15.47 -15.56 -15.72 -15.94 -16.09 -16.22 -16.34 -16.25 -16.19 -16.22 -15.88 -15.88 -15.88 -15.59 -15.16 -14.75 -14.47 -14.06 -13.75 -13.75 -14.00
-40.12 -40.19 -39.88 -39.94 -40.16 -40.12 -40.22 -40.22 -40.00 -39.66 -39.25 -38.34 -38.28 -37.41 -36.44 -35.78 -35.81 -35.28 -34.50 -33.66 -32.69 -31.84 -31.25 -30.62 -29.81 -29.28 -28.78 -28.22 -27.56 -26.94 -26.06 -25.12 -24.28 -23.16 -22.25 -21.88 -21.53 -21.25 -20.56 -20.03 -19.44 -18.88 -18.12 -17.28 -16.59 -16.16 -15.78 -15.62 -15.84 -15.91 -15.62 -15.66 -15.66 -15.91 -16.09 -16.16 -16.25 -16.22 -16.19 -16.22 -16.00 -16.03 -15.81 -15.50 -15.09 -14.72 -14.47 -14.19 -14.25 -14.31 -14.22
-40.47 -40.47 -40.50 -40.59 -40.44 -40.25 -40.16 -40.28 -40.00 -39.66 -38.88 -38.59 -38.16 -37.44 -36.81 -36.16 -36.22 -35.53 -34.81 -33.81 -33.09 -32.22 -31.56 -31.03 -30.25 -29.69 -29.12 -28.41 -27.91 -27.34 -26.38 -25.47 -24.69 -23.56 -22.81 -22.44 -22.16 -21.72 -21.03 -20.41 -19.88 -19.41 -18.78 -17.88 -17.06 -16.47 -16.03 -16.03 -16.25 -16.31 -16.19 -15.97 -16.00 -16.06 -16.09 -16.19 -16.22 -16.19 -16.09 -16.12 -16.19 -16.12 -15.81 -15.47 -15.00 -14.72 -14.59 -14.31 -14.72 -14.84 -14.44
-41.16 -40.72 -40.62 -40.59 -40.53 -40.38 -40.12 -40.16 -39.78 -39.59 -39.06 -38.50 -37.78 -37.59 -36.72 -36.06 -36.25 -35.50 -35.12 -34.41 -33.59 -32.56 -31.78 -31.16 -30.81 -30.38 -29.75 -29.19 -28.62 -27.69 -26.72 -25.94 -24.78 -23.78 -23.19 -23.09 -22.75 -22.16 -21.53 -20.88 -20.41 -19.88 -19.34 -18.53 -17.81 -17.12 -16.69 -16.59 -16.75 -16.97 -16.78 -16.47 -16.34 -16.38 -16.31 -16.16 -16.22 -16.19 -16.00 -16.06 -16.12 -16.09 -15.88 -15.56 -15.12 -14.72 -14.53 -14.59 -15.06 -15.31 -15.09
-41.25 -41.09 -41.00 -40.94 -40.69 -40.56 -40.31 -40.16 -39.59 -39.41 -39.09 -38.56 -38.06 -37.53 -36.56 -36.16 -36.25 -35.97 -35.50 -34.91 -33.97 -32.91 -32.12 -31.47 -31.06 -30.56 -30.22 -29.62 -28.97 -28.16 -27.31 -26.41 -25.06 -24.16 -23.81 -23.72 -23.41 -22.78 -22.06 -21.44 -21.00 -20.47 -19.75 -19.19 -18.53 -17.69 -17.09 -17.03 -17.06 -17.12 -17.03 -16.78 -16.62 -16.59 -16.50 -16.47 -16.44 -16.22 -15.97 -16.00 -16.09 -16.00 -15.81 -15.56 -15.09 -14.78 -14.56 -14.72 -15.06 -15.41 -15.50
-41.59 -41.47 -41.19 -41.12 -41.00 -40.50 -40.38 -40.44 -39.81 -39.62 -39.34 -38.59 -38.16 -37.41 -36.81 -36.53 -36.25 -36.12 -35.66 -35.28 -34.22 -33.16 -32.44 -31.78 -31.31 -30.94 -30.53 -29.84 -29.25 -28.19 -27.84 -26.84 -25.75 -24.66 -24.25 -24.34 -23.97 -23.38 -22.84 -22.22 -21.50 -20.81 -20.22 -19.75 -19.16 -18.56 -17.97 -17.72 -17.75 -17.69 -17.38 -17.12 -17.12 -17.00 -16.91 -16.75 -16.59 -16.31 -15.94 -15.81 -15.94 -15.97 -15.84 -15.66 -15.28 -14.94 -14.75 -14.91 -15.12 -15.47 -15.62
-42.03 -41.75 -41.50 -41.25 -41.06 -41.03 -40.78 -40.47 -39.81 -39.84 -39.59 -39.06 -38.47 -37.66 -36.97 -36.34 -35.91 -36.28 -36.19 -35.69 -34.78 -33.75 -32.81 -32.28 -31.78 -31.16 -30.59 -30.16 -29.31 -28.66 -28.12 -27.09 -26.16 -25.09 -24.75 -24.62 -24.38 -23.97 -23.47 -22.81 -22.09 -21.34 -20.78 -20.38 -20.00 -19.41 -18.78 -18.50 -18.34 -18.03 -17.78 -17.50 -17.56 -17.59 -17.44 -17.22 -17.00 -16.50 -16.16 -16.06 -16.03 -15.88 -15.72 -15.59 -15.44 -15.19 -15.09 -14.97 -15.12 -15.56 -15.81
-42.44 -42.12 -41.94 -41.66 -41.31 -41.22 -40.91 -40.62 -40.22 -40.03 -39.72 -39.12 -38.75 -37.91 -37.25 -36.94 -36.34 -36.47 -36.38 -35.91 -35.38 -34.62 -33.44 -32.84 -32.16 -31.44 -30.69 -30.31 -29.69 -28.97 -28.44 -27.38 -26.78 -26.00 -25.72 -25.28 -24.97 -24.44 -24.00 -23.44 -22.69 -21.94 -21.41 -20.94 -20.50 -20.09 -19.47 -19.25 -19.09 -18.97 -18.50 -18.00 -18.03 -18.12 -18.06 -17.88 -17.59 -17.28 -16.72 -16.38 -16.22 -15.78 -15.56 -15.44 -15.38 -15.31 -15.25 -15.06 -15.00 -15.59 -15.78
-42.88 -42.66 -42.34 -42.12 -41.84 -41.53 -40.97 -40.59 -40.34 -40.19 -39.94 -39.44 -38.72 -38.06 -37.44 -37.19 -36.81 -36.75 -36.72 -36.31 -35.91 -35.12 -34.19 -33.44 -32.69 -31.88 -30.97 -30.34 -29.97 -29.53 -28.91 -28.03 -27.12 -26.62 -26.25 -25.84 -25.62 -25.00 -24.53 -23.84 -23.25 -22.59 -22.03 -21.59 -21.16 -20.84 -20.31 -20.06 -19.81 -19.69 -19.22 -18.88 -18.88 -18.66 -18.59 -18.50 -18.28 -17.91 -17.38 -17.00 -16.56 -16.12 -15.72 -15.66 -15.59 -15.31 -15.28 -14.97 -15.09 -15.47 -15.66
-43.47 -43.28 -43.09 -42.25 -41.75 -41.62 -41.31 -40.88 -40.50 -40.31 -39.91 -39.84 -39.03 -38.12 -37.50 -37.34 -37.25 -37.09 -37.00 -36.38 -36.03 -35.66 -34.78 -33.78 -33.03 -32.41 -31.62 -31.03 -30.44 -30.03 -29.31 -28.62 -27.75 -27.31 -26.75 -26.22 -25.78 -25.12 -24.25 -24.16 -23.69 -23.28 -22.75 -22.34 -22.12 -21.72 -21.25 -20.78 -20.41 -20.19 -19.91 -19.78 -19.62 -19.41 -19.28 -19.25 -19.09 -18.59 -18.22 -17.66 -17.19 -16.78 -16.31 -15.84 -15.88 -15.50 -15.06 -14.84 -14.88 -15.31 -15.62
-43.88 -43.41 -43.19 -42.62 -41.81 -41.56 -41.88 -41.62 -41.38 -41.16 -40.69 -40.31 -39.56 -38.12 -37.78 -37.34 -37.44 -37.41 -37.00 -36.81 -36.53 -35.88 -35.03 -34.25 -33.59 -32.94 -32.31 -31.81 -31.22 -30.78 -30.09 -29.22 -28.34 -27.69 -27.03 -26.56 -26.03 -25.25 -24.78 -24.56 -24.38 -24.00 -23.69 -23.31 -22.94 -22.44 -21.94 -21.50 -21.22 -20.94 -20.66 -20.56 -20.25 -20.00 -19.91 -19.75 -19.62 -19.38 -18.88 -18.41 -17.81 -17.47 -17.19 -16.69 -16.38 -15.81 -15.19 -15.00 -15.19 -15.62 -15.88
-44.09 -43.88 -43.47 -43.19 -42.56 -42.22 -42.44 -42.28 -41.97 -41.50 -40.72 -40.41 -40.00 -38.59 -38.28 -37.81 -37.72 -37.84 -37.69 -37.22 -37.12 -36.34 -35.78 -35.00 -34.16 -33.53 -32.88 -32.44 -32.00 -31.41 -30.69 -29.78 -28.84 -28.28 -26.88 -26.50 -25.78 -26.09 -25.44 -25.12 -24.94 -24.56 -24.47 -24.12 -23.75 -23.31 -23.06 -22.59 -21.94 -21.72 -21.44 -21.44 -21.03 -20.81 -20.66 -20.50 -20.41 -20.03 -19.34 -18.75 -18.59 -18.41 -17.91 -17.44 -16.81 -16.25 -15.66 -15.50 -15.56 -15.88 -16.28
-44.09 -43.94 -43.75 -43.53 -42.97 -42.69 -43.00 -42.66 -42.16 -41.47 -41.09 -40.88 -40.38 -39.50 -38.69 -38.34 -38.12 -38.34 -38.06 -37.56 -37.28 -37.00 -36.25 -35.69 -34.84 -34.12 -33.53 -33.03 -32.53 -31.81 -31.09 -30.28 -29.72 -28.75 -27.44 -26.78 -26.31 -26.50 -26.28 -26.00 -25.69 -25.41 -25.16 -24.81 -24.47 -24.00 -23.81 -23.12 -22.62 -22.44 -22.38 -22.09 -21.69 -21.25 -20.91 -20.56 -20.59 -20.47 -20.12 -19.81 -19.59 -19.22 -18.66 -18.12 -17.50 -17.16 -16.72 -16.12 -16.06 -16.25 -16.59
-44.50 -44.38 -43.84 -43.38 -43.06 -43.16 -43.34 -43.03 -42.19 -41.88 -41.31 -40.59 -40.12 -39.56 -39.22 -38.44 -38.22 -38.22 -38.22 -37.75 -37.53 -37.38 -36.72 -36.00 -35.28 -34.75 -34.31 -33.47 -33.09 -32.41 -31.62 -30.94 -30.22 -29.31 -28.09 -27.44 -26.59 -26.44 -26.56 -26.66 -26.38 -26.19 -26.00 -25.69 -25.19 -24.69 -24.41 -23.69 -23.31 -23.28 -23.00 -22.66 -22.47 -21.78 -21.00 -20.28 -20.69 -21.09 -20.91 -20.59 -20.31 -20.00 -19.56 -19.00 -18.69 -18.38 -17.78 -17.12 -16.75 -16.91 -17.22
-44.53 -43.78 -43.56 -43.25 -43.34 -43.53 -43.69 -43.31 -42.50 -42.59 -41.66 -40.88 -40.56 -40.22 -39.22 -38.19 -38.06 -38.44 -38.50 -38.12 -37.81 -37.66 -37.00 -36.41 -35.88 -35.38 -34.59 -33.97 -33.62 -33.06 -32.28 -31.59 -30.62 -29.44 -28.59 -27.59 -26.88 -26.88 -26.94 -26.88 -26.75 -26.72 -26.78 -26.59 -26.06 -25.47 -24.94 -24.41 -24.06 -24.16 -23.72 -23.41 -23.22 -22.47 -21.19 -20.56 -21.28 -21.91 -21.81 -21.41 -21.19 -20.81 -20.41 -20.16 -19.72 -19.12 -18.66 -18.19 -17.62 -17.22 -17.72
-44.59 -43.91 -43.81 -43.47 -43.53 -43.78 -43.88 -43.88 -43.25 -42.84 -42.09 -41.53 -41.16 -40.78 -39.25 -38.09 -38.50 -38.75 -38.56 -38.28 -38.19 -37.81 -37.31 -36.78 -36.53 -36.03 -35.06 -34.38 -33.81 -33.38 -32.66 -32.12 -31.34 -30.03 -29.09 -28.12 -27.41 -27.09 -27.53 -27.41 -27.56 -27.69 -27.56 -27.28 -26.78 -26.22 -25.66 -25.25 -25.09 -24.84 -24.47 -24.25 -23.75 -23.06 -21.78 -21.69 -22.41 -22.34 -22.22 -22.22 -21.94 -21.66 -21.47 -21.34 -20.94 -20.16 -19.69 -19.34 -18.88 -18.66 -18.53
-44.06 -44.00 -43.78 -43.38 -43.62 -44.06 -44.34 -44.03 -43.66 -43.44 -42.38 -41.59 -41.44 -40.44 -39.25 -38.25 -38.84 -39.03 -38.69 -38.44 -38.53 -38.19 -37.78 -37.41 -37.06 -36.34 -35.81 -34.91 -34.16 -33.84 -33.50 -32.94 -31.69 -30.50 -29.59 -28.78 -28.03 -27.91 -27.75 -28.19 -28.22 -28.09 -28.19 -28.09 -27.62 -27.22 -26.66 -26.16 -26.00 -25.56 -25.19 -24.78 -24.34 -23.53 -22.28 -22.78 -23.06 -23.16 -22.84 -22.94 -22.53 -22.28 -22.22 -22.22 -21.94 -21.47 -20.75 -20.50 -20.12 -19.62 -18.88
-44.31 -44.25 -43.88 -43.69 -43.84 -44.28 -44.47 -44.03 -43.94 -43.53 -42.72 -42.50 -41.88 -41.16 -40.00 -39.06 -39.19 -39.28 -38.81 -38.12 -38.22 -38.09 -37.94 -37.81 -37.12 -36.81 -36.44 -35.53 -34.59 -34.28 -33.84 -33.28 -32.53 -31.38 -30.50 -29.59 -29.19 -28.69 -28.09 -28.72 -29.06 -28.72 -28.88 -28.81 -28.53 -28.09 -27.62 -27.16 -26.81 -26.66 -26.50 -25.88 -25.12 -24.19 -23.38 -23.66 -23.78 -23.75 -23.62 -23.59 -23.41 -23.12 -22.94 -22.84 -22.56 -22.34 -21.78 -21.22 -20.62 -19.88 -19.22
-44.16 -44.25 -44.41 -43.97 -43.97 -44.50 -44.56 -44.31 -44.28 -43.66 -43.22 -43.00 -42.16 -41.00 -40.66 -39.88 -39.53 -39.41 -38.69 -37.91 -37.94 -37.81 -38.28 -37.91 -37.53 -37.34 -36.75 -36.00 -35.19 -34.50 -34.03 -34.03 -33.22 -32.16 -31.34 -30.62 -30.16 -29.41 -28.62 -29.06 -29.47 -29.66 -29.50 -29.38 -29.25 -28.94 -28.62 -28.31 -27.91 -27.44 -27.34 -26.47 -25.34 -24.56 -24.41 -24.81 -24.88 -24.97 -24.53 -24.28 -24.06 -23.59 -23.47 -23.41 -23.22 -23.00 -22.38 -21.66 -20.69 -19.88 -19.34
-44.72 -44.59 -44.44 -44.34 -44.31 -44.47 -44.94 -44.81 -44.69 -44.22 -43.75 -43.53 -42.47 -41.72 -41.31 -40.53 -39.97 -39.44 -38.94 -38.16 -37.91 -38.06 -38.56 -38.12 -38.09 -37.72 -37.00 -36.06 -35.47 -35.00 -34.66 -34.66 -34.28 -33.16 -32.34 -31.50 -30.75 -29.88 -29.28 -29.81 -30.09 -30.34 -29.97 -29.97 -29.91 -29.66 -29.53 -29.25 -28.78 -28.06 -28.19 -27.12 -26.00 -25.31 -25.47 -25.69 -26.34 -25.91 -25.38 -25.06 -24.78 -24.25 -24.25 -24.03 -24.00 -23.59 -23.03 -21.72 -20.66 -19.84 -19.91
-45.72 -45.25 -44.88 -44.81 -45.00 -45.12 -45.25 -45.12 -45.28 -44.91 -44.34 -43.81 -43.00 -42.12 -41.88 -41.19 -40.31 -39.50 -39.06 -38.78 -38.84 -38.62 -38.56 -38.34 -38.50 -38.00 -37.53 -36.62 -36.00 -35.50 -35.44 -35.25 -34.72 -33.78 -33.06 -32.34 -31.59 -30.59 -30.00 -30.56 -30.34 -30.62 -30.62 -30.62 -30.53 -30.41 -30.25 -30.06 -29.75 -28.91 -28.66 -27.31 -26.41 -26.59 -26.53 -26.53 -27.12 -26.84 -26.47 -26.06 -25.56 -25.22 -25.09 -24.81 -24.66 -24.31 -23.81 -22.25 -21.12 -20.22 -20.44
