everonasctiles/Tile28,20.asc
ncols 128
nrows 128
xllcorner 0
yllcorner 0
cellsize 2.0
NODATA_value  -9999
[rows 0 to 31 of 128, columns 0 to 70 of 128]
122.31 122.41 122.50 122.62 122.78 122.94 123.09 123.28 123.47 123.66 123.81 123.94 124.06 124.19 124.31 124.44 124.59 124.78 125.00 125.22 125.44 125.66 125.78 125.94 126.03 126.09 126.12 126.19 126.22 126.25 126.28 126.25 126.22 126.16 126.09 126.00 125.94 125.88 125.81 125.75 125.66 125.50 125.34 125.16 125.03 124.97 124.94 124.97 125.00 125.06 125.16 125.25 125.41 125.53 125.66 125.84 125.97 126.09 126.19 126.25 126.34 126.44 126.56 126.66 126.75 126.75 126.66 126.47 126.16 125.75 125.31
122.31 122.44 122.59 122.72 122.88 123.03 123.22 123.41 123.59 123.75 123.91 124.03 124.09 124.19 124.28 124.41 124.53 124.72 124.94 125.16 125.38 125.56 125.72 125.84 125.94 126.03 126.09 126.16 126.22 126.25 126.28 126.28 126.25 126.19 126.09 126.03 125.97 125.91 125.81 125.75 125.66 125.50 125.34 125.19 125.06 125.00 125.00 124.97 125.00 125.06 125.12 125.19 125.31 125.44 125.59 125.75 125.91 126.03 126.12 126.22 126.34 126.44 126.53 126.66 126.75 126.78 126.66 126.47 126.16 125.75 125.28
122.34 122.47 122.62 122.78 122.94 123.12 123.28 123.47 123.66 123.81 123.94 124.06 124.12 124.19 124.25 124.38 124.47 124.66 124.84 125.03 125.22 125.41 125.59 125.72 125.81 125.94 126.00 126.09 126.16 126.22 126.25 126.25 126.22 126.16 126.09 126.00 125.94 125.84 125.78 125.69 125.59 125.47 125.31 125.19 125.06 125.06 125.03 125.00 125.00 125.06 125.09 125.19 125.25 125.38 125.53 125.66 125.84 125.97 126.06 126.16 126.25 126.38 126.50 126.59 126.69 126.72 126.62 126.44 126.12 125.75 125.28
122.34 122.50 122.66 122.81 122.97 123.16 123.31 123.53 123.72 123.88 124.00 124.09 124.16 124.19 124.22 124.28 124.41 124.50 124.72 124.88 125.06 125.25 125.41 125.53 125.66 125.78 125.91 126.00 126.06 126.09 126.16 126.16 126.12 126.09 126.00 125.94 125.84 125.75 125.66 125.59 125.50 125.41 125.28 125.19 125.12 125.09 125.06 125.03 125.03 125.06 125.09 125.16 125.25 125.34 125.44 125.56 125.75 125.88 125.94 126.06 126.12 126.25 126.38 126.50 126.56 126.59 126.50 126.34 126.06 125.69 125.31
122.31 122.47 122.62 122.81 122.97 123.16 123.34 123.53 123.72 123.88 124.00 124.09 124.16 124.19 124.19 124.22 124.31 124.44 124.50 124.69 124.81 125.00 125.19 125.34 125.50 125.62 125.75 125.84 125.94 125.97 126.03 126.03 126.03 125.97 125.88 125.81 125.72 125.62 125.56 125.47 125.38 125.31 125.28 125.22 125.19 125.12 125.09 125.06 125.06 125.06 125.09 125.16 125.22 125.31 125.41 125.50 125.59 125.72 125.78 125.88 125.97 126.06 126.19 126.31 126.38 126.41 126.31 126.16 125.94 125.62 125.22
122.28 122.44 122.59 122.75 122.94 123.12 123.28 123.50 123.69 123.88 124.00 124.09 124.12 124.16 124.16 124.19 124.22 124.31 124.41 124.53 124.66 124.78 124.94 125.09 125.28 125.41 125.53 125.62 125.72 125.78 125.84 125.88 125.84 125.78 125.72 125.66 125.56 125.47 125.44 125.38 125.28 125.28 125.28 125.25 125.19 125.16 125.12 125.12 125.09 125.09 125.12 125.16 125.22 125.28 125.34 125.41 125.50 125.53 125.62 125.66 125.75 125.81 125.94 126.06 126.12 126.12 126.09 125.97 125.81 125.53 125.19
122.25 122.38 122.53 122.69 122.84 123.06 123.25 123.47 123.66 123.81 123.94 124.03 124.09 124.12 124.12 124.09 124.16 124.22 124.28 124.41 124.53 124.62 124.78 124.91 125.03 125.19 125.34 125.41 125.53 125.62 125.62 125.66 125.66 125.62 125.56 125.47 125.38 125.34 125.28 125.28 125.25 125.25 125.28 125.28 125.25 125.22 125.19 125.16 125.12 125.12 125.16 125.19 125.22 125.25 125.28 125.34 125.34 125.38 125.44 125.50 125.56 125.62 125.72 125.78 125.84 125.84 125.81 125.75 125.62 125.41 125.12
122.19 122.31 122.47 122.59 122.81 123.00 123.19 123.38 123.56 123.69 123.84 123.97 124.03 124.03 124.03 124.03 124.09 124.16 124.19 124.28 124.38 124.47 124.62 124.75 124.88 125.00 125.09 125.22 125.34 125.41 125.41 125.47 125.47 125.41 125.38 125.34 125.25 125.25 125.22 125.22 125.25 125.28 125.31 125.34 125.34 125.31 125.25 125.19 125.16 125.19 125.16 125.19 125.19 125.22 125.22 125.25 125.25 125.25 125.28 125.31 125.34 125.41 125.44 125.50 125.50 125.53 125.56 125.50 125.38 125.22 124.97
121.62 121.97 122.41 122.59 122.75 122.91 123.09 123.25 123.44 123.62 123.75 123.88 123.94 123.94 123.97 124.00 124.03 124.06 124.12 124.19 124.25 124.34 124.47 124.59 124.72 124.81 124.94 125.03 125.12 125.16 125.19 125.25 125.22 125.25 125.22 125.19 125.16 125.16 125.19 125.22 125.25 125.28 125.38 125.41 125.41 125.38 125.34 125.25 125.22 125.22 125.19 125.19 125.19 125.19 125.16 125.16 125.16 125.16 125.16 125.16 125.19 125.22 125.25 125.25 125.28 125.28 125.28 125.19 125.12 125.00 124.78
121.59 121.69 121.88 122.03 122.34 122.72 123.00 123.12 123.34 123.50 123.62 123.72 123.81 123.88 123.88 123.91 123.94 124.00 124.03 124.09 124.16 124.25 124.34 124.47 124.56 124.69 124.78 124.88 124.97 125.00 125.06 125.09 125.09 125.09 125.09 125.06 125.06 125.09 125.12 125.19 125.25 125.34 125.41 125.47 125.50 125.44 125.41 125.34 125.31 125.28 125.22 125.22 125.19 125.12 125.09 125.06 125.03 125.03 125.03 125.03 125.06 125.09 125.06 124.97 124.84 124.66 124.53 124.44 124.31 124.22 124.09
121.62 121.75 121.88 121.97 122.06 122.19 122.31 122.56 122.91 123.31 123.50 123.56 123.69 123.75 123.81 123.84 123.91 123.94 124.00 124.03 124.09 124.19 124.25 124.34 124.47 124.56 124.66 124.72 124.81 124.88 124.91 124.94 124.94 124.97 124.97 125.00 125.00 125.06 125.12 125.16 125.25 125.38 125.47 125.53 125.53 125.50 125.47 125.44 125.38 125.34 125.28 125.22 125.16 125.06 125.03 124.91 124.78 124.69 124.59 124.53 124.44 124.41 124.34 124.31 124.28 124.25 124.22 124.16 124.12 124.06 124.00
121.69 121.78 121.91 122.00 122.09 122.19 122.31 122.41 122.50 122.62 122.78 123.06 123.34 123.56 123.72 123.78 123.84 123.91 123.94 124.00 124.06 124.16 124.22 124.28 124.38 124.44 124.53 124.59 124.66 124.72 124.78 124.81 124.84 124.84 124.88 124.91 124.97 125.00 125.09 125.16 125.25 125.38 125.47 125.53 125.56 125.53 125.50 125.47 125.31 125.09 124.88 124.72 124.59 124.50 124.47 124.47 124.47 124.44 124.44 124.41 124.38 124.34 124.34 124.31 124.28 124.25 124.22 124.19 124.12 124.06 124.00
121.72 121.81 121.94 122.03 122.12 122.22 122.31 122.44 122.53 122.62 122.72 122.84 122.94 123.00 123.12 123.22 123.38 123.56 123.75 123.94 124.03 124.12 124.19 124.25 124.31 124.38 124.44 124.50 124.56 124.62 124.66 124.72 124.75 124.78 124.81 124.88 124.94 125.00 125.06 125.16 125.19 125.22 125.16 125.03 124.84 124.69 124.56 124.50 124.47 124.44 124.44 124.47 124.47 124.47 124.47 124.47 124.47 124.44 124.44 124.41 124.38 124.34 124.34 124.31 124.28 124.25 124.22 124.19 124.12 124.06 124.03
121.75 121.84 121.97 122.06 122.16 122.25 122.34 122.47 122.56 122.66 122.75 122.88 122.94 123.03 123.09 123.19 123.25 123.34 123.41 123.50 123.59 123.72 123.81 123.91 124.00 124.12 124.22 124.31 124.38 124.44 124.44 124.47 124.47 124.50 124.50 124.50 124.44 124.41 124.38 124.38 124.38 124.38 124.41 124.44 124.44 124.44 124.44 124.44 124.44 124.44 124.44 124.47 124.47 124.47 124.47 124.47 124.47 124.47 124.44 124.41 124.38 124.38 124.34 124.31 124.28 124.25 124.22 124.19 124.12 124.06 124.03
121.81 121.88 121.97 122.09 122.19 122.28 122.38 122.47 122.59 122.69 122.78 122.88 122.97 123.03 123.12 123.19 123.28 123.34 123.44 123.50 123.59 123.66 123.72 123.78 123.81 123.88 123.94 123.97 124.00 124.06 124.09 124.12 124.16 124.19 124.22 124.25 124.28 124.28 124.31 124.34 124.34 124.38 124.41 124.41 124.44 124.44 124.44 124.44 124.44 124.44 124.44 124.44 124.47 124.47 124.47 124.47 124.47 124.47 124.44 124.41 124.38 124.38 124.34 124.31 124.28 124.28 124.25 124.19 124.12 124.06 124.03
121.81 121.91 122.00 122.12 122.22 122.31 122.41 122.50 122.62 122.72 122.81 122.91 122.97 123.06 123.12 123.22 123.28 123.38 123.44 123.50 123.59 123.66 123.72 123.78 123.81 123.88 123.94 123.97 124.00 124.06 124.09 124.12 124.16 124.19 124.22 124.25 124.25 124.28 124.31 124.34 124.34 124.38 124.41 124.41 124.44 124.44 124.44 124.44 124.44 124.44 124.44 124.44 124.47 124.47 124.47 124.47 124.47 124.47 124.44 124.41 124.38 124.38 124.34 124.31 124.28 124.28 124.25 124.19 124.12 124.09 124.03
121.88 121.97 122.03 122.12 122.25 122.34 122.44 122.53 122.62 122.75 122.84 122.91 122.97 123.06 123.12 123.22 123.28 123.38 123.44 123.53 123.59 123.69 123.72 123.78 123.84 123.88 123.94 123.97 124.00 124.06 124.09 124.12 124.16 124.19 124.22 124.25 124.25 124.28 124.31 124.31 124.34 124.38 124.41 124.41 124.44 124.44 124.44 124.44 124.44 124.44 124.44 124.44 124.47 124.47 124.47 124.47 124.47 124.47 124.44 124.41 124.41 124.38 124.34 124.31 124.31 124.28 124.25 124.19 124.12 124.06 124.03
121.75 122.06 122.25 122.34 122.34 122.41 122.47 122.56 122.66 122.78 122.84 122.91 123.00 123.06 123.16 123.22 123.31 123.38 123.47 123.53 123.62 123.69 123.72 123.78 123.84 123.88 123.94 123.97 124.00 124.03 124.09 124.12 124.16 124.19 124.22 124.25 124.25 124.28 124.31 124.31 124.34 124.38 124.38 124.41 124.44 124.44 124.44 124.44 124.44 124.44 124.44 124.44 124.47 124.47 124.47 124.47 124.47 124.47 124.44 124.41 124.38 124.31 124.25 124.12 124.00 123.78 123.53 123.25 123.03 122.84 122.72
121.69 122.00 122.28 122.47 122.69 122.88 122.91 122.84 122.78 122.81 122.84 122.94 123.00 123.09 123.16 123.25 123.31 123.41 123.47 123.56 123.62 123.69 123.75 123.78 123.84 123.88 123.94 123.97 124.00 124.03 124.09 124.12 124.16 124.19 124.22 124.22 124.25 124.28 124.31 124.31 124.34 124.38 124.38 124.41 124.44 124.44 124.44 124.44 124.44 124.44 124.44 124.44 124.44 124.44 124.41 124.34 124.22 124.00 123.69 123.34 123.09 122.94 122.91 122.91 122.84 122.78 122.66 122.53 122.44 122.38 122.38
121.81 122.12 122.34 122.56 122.75 122.94 123.12 123.28 123.41 123.47 123.41 123.31 123.22 123.19 123.22 123.28 123.34 123.41 123.50 123.56 123.66 123.69 123.75 123.78 123.84 123.91 123.94 123.97 124.00 124.03 124.06 124.12 124.16 124.19 124.22 124.22 124.25 124.28 124.31 124.31 124.34 124.38 124.38 124.41 124.44 124.44 124.44 124.41 124.34 124.22 124.00 123.75 123.53 123.41 123.34 123.34 123.28 123.19 123.09 123.00 122.94 122.88 122.84 122.78 122.72 122.62 122.53 122.44 122.34 122.31 122.25
122.00 122.31 122.53 122.69 122.84 123.00 123.19 123.38 123.50 123.59 123.72 123.84 123.97 124.06 124.16 124.12 123.97 123.81 123.69 123.66 123.69 123.72 123.75 123.81 123.84 123.91 123.94 123.97 124.00 124.03 124.06 124.09 124.16 124.19 124.22 124.22 124.25 124.28 124.28 124.31 124.31 124.28 124.28 124.22 124.12 123.91 123.59 123.41 123.28 123.19 123.09 123.06 123.16 123.22 123.25 123.25 123.22 123.16 123.09 123.00 122.94 122.88 122.81 122.75 122.69 122.59 122.50 122.41 122.34 122.25 122.19
122.12 122.41 122.66 122.81 122.97 123.09 123.25 123.41 123.56 123.69 123.78 123.91 124.03 124.12 124.25 124.38 124.44 124.50 124.53 124.53 124.50 124.44 124.34 124.28 124.19 124.16 124.12 124.12 124.16 124.16 124.16 124.12 124.09 124.03 124.00 123.97 123.94 123.84 123.81 123.81 123.84 123.78 123.75 123.72 123.69 123.59 123.47 123.38 123.28 123.22 123.19 123.19 123.22 123.25 123.25 123.25 123.22 123.16 123.09 123.03 122.97 122.91 122.84 122.75 122.69 122.59 122.50 122.41 122.31 122.25 122.16
122.19 122.44 122.69 122.84 123.00 123.16 123.28 123.41 123.56 123.69 123.81 123.94 124.06 124.19 124.31 124.41 124.50 124.59 124.62 124.66 124.62 124.62 124.59 124.56 124.56 124.56 124.56 124.56 124.56 124.47 124.28 124.06 123.88 123.78 123.78 123.81 123.81 123.81 123.84 123.84 123.81 123.81 123.78 123.72 123.69 123.62 123.53 123.47 123.41 123.34 123.31 123.31 123.31 123.31 123.28 123.28 123.25 123.19 123.12 123.06 123.00 122.94 122.84 122.78 122.69 122.62 122.53 122.44 122.34 122.25 122.16
122.19 122.47 122.69 122.84 123.00 123.16 123.28 123.44 123.56 123.72 123.84 123.97 124.09 124.19 124.31 124.44 124.53 124.59 124.66 124.69 124.69 124.69 124.66 124.66 124.62 124.62 124.62 124.62 124.56 124.47 124.28 124.06 123.97 123.91 123.91 123.91 123.91 123.91 123.91 123.91 123.88 123.88 123.84 123.78 123.75 123.69 123.62 123.56 123.50 123.44 123.41 123.41 123.38 123.38 123.34 123.31 123.28 123.22 123.16 123.09 123.03 122.97 122.88 122.81 122.72 122.62 122.56 122.44 122.34 122.25 122.16
122.22 122.47 122.66 122.84 123.00 123.16 123.28 123.41 123.56 123.69 123.84 123.97 124.09 124.22 124.31 124.44 124.53 124.59 124.66 124.69 124.69 124.69 124.69 124.69 124.69 124.66 124.66 124.66 124.59 124.50 124.38 124.22 124.12 124.06 124.03 124.00 124.00 124.00 123.97 123.97 123.94 123.91 123.91 123.84 123.81 123.75 123.69 123.66 123.59 123.56 123.53 123.50 123.47 123.44 123.41 123.38 123.34 123.28 123.22 123.16 123.06 123.00 122.94 122.84 122.75 122.69 122.59 122.47 122.38 122.28 122.19
122.22 122.44 122.66 122.81 122.97 123.12 123.28 123.41 123.53 123.69 123.81 123.97 124.09 124.19 124.31 124.41 124.50 124.56 124.62 124.66 124.69 124.69 124.69 124.69 124.69 124.69 124.69 124.66 124.62 124.56 124.47 124.34 124.28 124.19 124.16 124.12 124.09 124.06 124.06 124.03 124.00 124.00 123.97 123.91 123.88 123.84 123.78 123.72 123.69 123.66 123.59 123.56 123.56 123.50 123.47 123.44 123.38 123.34 123.28 123.19 123.12 123.06 122.97 122.91 122.81 122.72 122.62 122.53 122.41 122.31 122.19
122.25 122.44 122.62 122.81 122.97 123.09 123.25 123.38 123.53 123.66 123.81 123.94 124.06 124.19 124.28 124.38 124.47 124.53 124.59 124.62 124.66 124.69 124.69 124.69 124.69 124.69 124.69 124.69 124.66 124.59 124.53 124.47 124.38 124.31 124.25 124.22 124.19 124.16 124.12 124.09 124.09 124.06 124.03 124.00 123.94 123.91 123.88 123.81 123.78 123.72 123.69 123.66 123.62 123.59 123.53 123.50 123.44 123.38 123.31 123.25 123.19 123.12 123.03 122.94 122.88 122.78 122.66 122.56 122.47 122.34 122.25
122.25 122.44 122.62 122.78 122.94 123.06 123.22 123.34 123.50 123.62 123.78 123.91 124.03 124.16 124.25 124.34 124.44 124.50 124.56 124.59 124.62 124.66 124.66 124.69 124.69 124.69 124.69 124.69 124.66 124.62 124.56 124.53 124.47 124.41 124.34 124.31 124.28 124.25 124.22 124.19 124.16 124.12 124.09 124.06 124.03 123.97 123.94 123.91 123.84 123.81 123.78 123.72 123.69 123.66 123.59 123.56 123.50 123.44 123.38 123.31 123.25 123.16 123.09 123.00 122.91 122.81 122.72 122.62 122.50 122.41 122.28
122.25 122.44 122.59 122.75 122.91 123.03 123.19 123.31 123.47 123.59 123.75 123.88 124.00 124.12 124.22 124.31 124.41 124.47 124.53 124.56 124.59 124.62 124.62 124.66 124.66 124.66 124.69 124.66 124.66 124.66 124.59 124.56 124.53 124.47 124.44 124.38 124.34 124.31 124.28 124.25 124.22 124.19 124.16 124.12 124.09 124.06 124.00 123.97 123.91 123.88 123.84 123.81 123.75 123.72 123.69 123.62 123.56 123.50 123.44 123.38 123.31 123.22 123.16 123.06 122.97 122.88 122.78 122.66 122.56 122.44 122.34
122.25 122.41 122.56 122.72 122.88 123.00 123.16 123.28 123.44 123.56 123.69 123.84 123.97 124.09 124.19 124.28 124.34 124.44 124.47 124.53 124.56 124.59 124.59 124.62 124.62 124.66 124.66 124.66 124.66 124.66 124.62 124.59 124.56 124.53 124.47 124.44 124.41 124.38 124.31 124.31 124.28 124.25 124.22 124.19 124.16 124.12 124.06 124.03 124.00 123.94 123.91 123.88 123.81 123.78 123.75 123.69 123.62 123.56 123.50 123.44 123.38 123.31 123.22 123.12 123.03 122.94 122.84 122.72 122.62 122.50 122.41
122.25 122.41 122.53 122.69 122.84 122.97 123.09 123.25 123.38 123.53 123.66 123.81 123.94 124.03 124.16 124.22 124.31 124.38 124.44 124.47 124.50 124.53 124.56 124.59 124.59 124.62 124.62 124.62 124.66 124.62 124.62 124.59 124.59 124.56 124.50 124.47 124.44 124.41 124.38 124.34 124.31 124.28 124.28 124.25 124.22 124.19 124.12 124.09 124.06 124.00 123.97 123.94 123.88 123.84 123.81 123.75 123.69 123.62 123.56 123.50 123.44 123.38 123.28 123.19 123.09 123.00 122.91 122.81 122.69 122.56 122.47
122.22 122.38 122.50 122.66 122.78 122.94 123.06 123.19 123.34 123.47 123.62 123.75 123.88 124.00 124.09 124.19 124.25 124.31 124.38 124.41 124.47 124.50 124.53 124.53 124.56 124.59 124.59 124.62 124.62 124.62 124.62 124.59 124.59 124.56 124.53 124.50 124.47 124.44 124.41 124.41 124.38 124.34 124.31 124.28 124.28 124.22 124.19 124.16 124.09 124.06 124.03 123.97 123.94 123.91 123.84 123.81 123.75 123.72 123.66 123.59 123.50 123.44 123.34 123.28 123.19 123.06 122.97 122.88 122.75 122.66 122.53
