everonasctiles/Tile35,20.asc
ncols 128
nrows 128
xllcorner 0
yllcorner 0
cellsize 2.0
NODATA_value  -9999
[rows 0 to 33 of 128, columns 0 to 76 of 128]
37.44 38.34 39.06 39.47 39.62 39.84 39.81 39.72 39.69 39.50 39.06 38.69 38.09 37.56 36.91 35.97 35.31 34.59 33.97 33.47 32.97 32.41 31.91 31.47 30.97 30.56 30.16 29.72 29.25 28.81 28.41 28.16 28.00 27.69 27.44 27.03 26.59 25.88 25.28 24.25 23.16 22.09 21.25 20.84 20.59 19.91 19.22 18.53 17.84 16.94 15.75 14.84 14.69 13.72 12.66 13.00 12.97 12.00 10.69 9.91 8.97 8.28 7.84 7.16 5.94 4.47 3.72 3.59 3.44 3.16 2.91 2.72 2.56 2.44 2.34 2.28 2.19
37.66 38.53 39.31 39.75 40.00 40.12 39.88 39.81 39.78 39.59 39.16 38.59 38.16 37.59 36.84 36.00 35.25 34.62 34.00 33.47 32.94 32.41 31.91 31.44 31.06 30.59 30.09 29.66 29.25 28.81 28.47 28.34 28.12 27.88 27.56 27.19 26.78 26.22 25.41 24.44 23.16 21.94 20.19 20.03 20.25 19.72 18.84 18.09 17.34 16.53 15.66 15.28 15.66 15.41 14.66 13.69 13.25 11.81 10.94 9.88 9.19 8.50 8.16 7.38 6.44 4.97 3.91 3.59 3.38 3.06 2.78 2.62 2.53 2.47 2.38 2.28 2.22
37.94 38.75 39.34 39.81 40.16 40.31 40.00 39.84 39.84 39.59 39.09 38.72 38.28 37.72 37.03 36.06 35.25 34.78 34.19 33.59 33.03 32.53 32.03 31.56 31.09 30.66 30.16 29.66 29.34 28.97 28.69 28.38 28.16 27.84 27.56 27.06 26.72 26.25 25.50 24.44 23.75 22.47 20.75 19.66 20.03 19.66 18.62 17.81 17.06 16.69 16.41 16.28 16.44 16.12 15.56 14.62 13.38 12.03 11.19 10.34 9.47 8.94 8.47 7.66 6.47 5.28 4.09 3.62 3.28 2.94 2.72 2.62 2.56 2.47 2.41 2.31 2.25
38.06 38.81 39.41 39.88 40.19 40.38 40.09 39.88 39.88 39.59 39.03 38.69 38.16 37.47 36.91 36.25 35.56 34.84 34.03 33.47 32.97 32.44 31.94 31.50 31.00 30.59 30.09 29.78 29.41 29.00 28.59 28.25 28.06 27.75 27.47 26.94 26.44 25.84 25.53 24.69 23.75 22.97 21.59 20.66 20.28 19.88 19.12 18.41 17.72 17.41 17.22 16.97 16.88 16.62 15.91 14.62 13.31 12.34 11.31 10.50 9.81 9.22 8.53 7.69 6.66 5.47 4.59 3.75 3.16 2.81 2.69 2.62 2.56 2.47 2.41 2.34 2.28
38.34 38.91 39.47 39.94 40.22 40.41 40.19 39.94 39.94 39.62 39.00 38.38 37.97 37.41 36.56 35.84 35.31 34.66 34.09 33.50 32.94 32.44 31.97 31.44 30.94 30.47 30.03 29.56 29.19 28.75 28.38 28.06 27.91 27.66 27.28 26.88 26.19 25.81 25.25 24.53 23.78 23.00 22.06 21.41 20.78 20.12 19.62 19.00 18.69 18.25 17.66 17.72 17.50 16.75 15.75 14.56 13.38 12.62 11.56 10.22 9.53 9.19 8.44 7.53 6.66 5.75 4.84 4.00 3.06 2.78 2.69 2.59 2.53 2.47 2.41 2.34 2.28
38.34 39.03 39.41 39.91 40.25 40.44 40.25 39.94 39.94 39.72 38.78 38.22 37.56 37.06 36.31 35.78 35.12 34.59 34.03 33.44 32.91 32.41 31.91 31.44 30.91 30.41 29.91 29.50 29.06 28.69 28.28 27.94 27.75 27.44 27.09 26.50 25.78 25.44 24.84 24.03 23.38 23.00 22.28 21.59 20.84 20.16 19.81 19.34 19.06 18.69 18.41 18.06 17.91 16.59 14.97 14.62 14.09 12.41 11.78 10.53 9.78 9.34 8.62 7.72 6.69 5.81 4.97 4.12 2.94 2.75 2.66 2.59 2.53 2.47 2.41 2.34 2.31
38.44 38.97 39.50 39.91 40.22 40.41 40.28 39.97 39.97 39.75 38.78 38.16 37.47 36.94 36.25 35.69 35.09 34.56 33.97 33.47 32.97 32.47 31.94 31.38 30.88 30.38 29.94 29.47 29.03 28.66 28.31 27.97 27.56 27.22 26.81 26.34 25.66 25.12 24.41 23.72 23.19 22.81 22.25 21.78 21.03 20.69 19.97 19.78 19.41 19.09 18.84 18.44 18.19 16.78 15.03 14.59 13.72 13.22 12.19 11.19 10.44 9.38 8.62 7.59 6.69 5.72 4.72 4.00 2.97 2.72 2.62 2.56 2.53 2.47 2.41 2.38 2.31
38.34 38.91 39.59 39.97 40.22 40.38 40.28 39.91 39.91 39.75 38.53 38.06 37.44 36.84 36.31 35.75 35.12 34.53 34.03 33.50 33.00 32.44 31.91 31.38 30.88 30.44 29.91 29.47 29.09 28.69 28.25 27.91 27.50 27.06 26.47 25.88 25.25 24.75 24.25 23.69 23.25 22.72 22.31 21.78 21.56 21.16 20.62 20.09 19.72 19.31 19.03 18.75 18.03 16.47 14.91 14.12 13.91 13.22 12.62 11.78 10.81 9.72 8.75 7.72 6.50 5.69 4.84 4.03 3.00 2.72 2.62 2.56 2.50 2.47 2.41 2.38 2.34
38.62 39.19 39.59 40.00 40.25 40.34 40.22 39.84 39.81 39.72 38.69 38.09 37.50 36.91 36.34 35.66 35.06 34.50 34.03 33.56 33.03 32.53 32.00 31.47 30.97 30.44 30.00 29.47 29.06 28.66 28.25 27.78 27.41 26.94 26.41 25.75 25.25 24.72 24.16 23.72 23.25 22.94 22.38 22.12 21.69 21.34 20.75 20.41 19.75 19.44 19.09 18.75 17.62 15.88 14.94 14.44 13.94 13.41 12.25 11.38 10.62 10.16 9.06 7.72 6.62 5.75 4.84 4.09 3.19 2.72 2.62 2.56 2.53 2.47 2.44 2.41 2.34
38.88 39.38 39.72 40.03 40.22 40.28 40.09 39.72 39.72 39.66 38.53 38.09 37.56 37.00 36.41 35.69 35.16 34.53 34.09 33.53 33.06 32.50 31.97 31.44 30.91 30.47 29.97 29.53 29.06 28.66 28.25 27.84 27.34 26.84 26.34 25.81 25.25 24.69 24.22 23.84 23.44 23.12 22.75 22.34 21.97 21.41 20.94 20.44 19.81 19.41 19.09 18.62 17.66 16.56 16.09 15.41 14.75 13.84 12.34 11.19 11.00 10.47 9.28 7.97 6.69 5.75 5.00 4.22 3.25 2.72 2.62 2.56 2.53 2.47 2.44 2.41 2.38
38.62 39.25 39.75 40.06 40.25 40.22 39.97 39.62 39.62 39.56 38.22 37.78 37.34 36.81 36.31 35.84 35.28 34.72 34.19 33.59 33.03 32.53 31.94 31.38 30.84 30.41 29.91 29.47 29.09 28.69 28.19 27.78 27.31 26.81 26.34 25.81 25.28 24.75 24.34 23.97 23.47 23.12 22.84 22.44 21.91 21.34 20.56 20.16 19.62 19.22 18.91 18.56 18.03 17.56 17.09 16.34 15.22 14.34 12.69 11.84 11.19 10.19 9.22 7.78 7.03 6.09 5.09 4.38 3.56 2.78 2.62 2.59 2.53 2.50 2.47 2.44 2.41
38.66 39.25 39.72 40.09 40.25 40.19 39.94 39.50 39.50 39.50 38.34 37.88 37.41 36.91 36.34 35.88 35.41 34.78 34.22 33.72 33.06 32.47 31.97 31.38 30.88 30.38 29.94 29.47 29.06 28.66 28.22 27.78 27.31 26.84 26.31 25.97 25.47 25.00 24.59 24.19 23.72 23.19 22.78 22.34 21.84 21.06 20.41 19.78 18.81 18.84 18.59 18.25 17.94 17.56 16.94 16.34 15.34 14.25 13.25 12.25 11.12 9.94 9.00 7.81 6.97 6.12 5.38 4.53 3.75 2.88 2.66 2.59 2.56 2.53 2.50 2.47 2.47
38.72 39.16 39.72 40.12 40.28 40.22 39.94 39.50 39.47 39.47 38.44 38.00 37.53 37.03 36.50 35.97 35.41 34.88 34.31 33.75 33.16 32.47 31.91 31.38 30.88 30.44 29.97 29.53 29.09 28.66 28.25 27.81 27.31 26.88 26.50 26.16 25.81 25.34 25.09 24.50 23.75 23.06 22.50 22.16 21.59 20.84 20.06 19.50 18.81 18.12 18.09 18.03 17.78 17.34 16.84 16.09 14.84 13.69 12.91 11.81 10.75 9.66 8.62 7.66 6.91 6.16 5.41 4.62 3.94 3.19 2.69 2.62 2.59 2.56 2.56 2.53 2.53
38.50 39.06 39.75 40.16 40.31 40.22 40.00 39.53 39.53 39.50 38.53 38.03 37.69 37.19 36.66 36.12 35.50 34.97 34.41 33.84 33.16 32.59 31.97 31.41 30.97 30.50 30.00 29.50 29.06 28.66 28.25 27.84 27.44 27.12 26.66 26.34 26.09 25.75 25.31 24.69 23.69 23.16 22.56 22.00 21.41 20.69 19.59 19.06 18.47 17.97 17.69 17.59 17.38 16.91 16.16 15.72 14.69 13.41 12.03 11.31 10.16 9.25 8.44 7.66 6.84 6.00 5.38 4.72 4.03 3.41 2.75 2.66 2.62 2.62 2.62 2.59 2.59
38.66 39.16 39.75 40.19 40.41 40.41 40.16 39.75 39.69 39.53 38.72 38.28 37.84 37.31 36.75 36.22 35.62 35.03 34.41 33.81 33.28 32.66 32.06 31.53 31.03 30.53 30.03 29.56 29.12 28.69 28.31 27.88 27.59 27.34 26.84 26.69 26.34 25.97 25.47 24.66 23.75 23.12 22.38 21.84 21.19 20.47 19.59 18.91 18.41 17.94 17.50 16.94 16.75 16.28 15.56 15.09 14.12 12.69 11.94 10.81 10.09 9.31 8.47 7.62 6.81 6.06 5.44 4.75 4.12 3.62 2.91 2.69 2.69 2.69 2.69 2.69 2.69
38.50 39.28 39.81 40.22 40.50 40.59 40.28 39.97 39.91 39.69 39.06 38.59 38.03 37.50 36.91 36.28 35.69 35.12 34.50 33.91 33.34 32.75 32.19 31.59 31.12 30.62 30.06 29.62 29.12 28.75 28.31 28.03 27.78 27.53 27.22 26.88 26.56 26.09 25.47 24.69 23.62 23.03 22.28 21.62 20.97 20.22 19.50 18.75 18.28 17.75 17.28 16.72 16.16 15.84 15.03 14.47 13.59 12.59 11.75 10.91 10.12 9.38 8.47 7.75 6.91 6.16 5.50 4.84 4.22 3.72 3.12 2.69 2.75 2.75 2.78 2.78 2.81
38.66 39.16 39.75 40.28 40.62 40.78 40.38 40.22 40.16 39.91 39.34 38.72 38.12 37.66 37.09 36.31 35.72 35.16 34.59 34.03 33.41 32.81 32.22 31.62 31.09 30.62 30.16 29.62 29.16 28.75 28.47 28.16 27.78 27.59 27.34 27.12 26.75 26.12 25.41 24.56 23.69 22.78 21.97 21.44 20.69 19.94 19.28 18.66 17.97 17.53 17.00 16.47 15.94 15.38 14.72 14.00 13.38 12.56 11.69 10.91 10.09 9.34 8.72 7.81 7.09 6.34 5.62 5.03 4.31 3.91 3.50 2.84 2.78 2.84 2.88 2.91 2.91
38.44 39.06 39.81 40.31 40.62 40.94 40.53 40.47 40.41 40.09 39.59 38.84 38.44 37.78 37.12 36.47 35.81 35.62 34.97 34.44 33.69 32.88 32.28 31.75 31.19 30.62 30.12 29.66 29.25 28.84 28.56 28.22 28.00 27.78 27.47 27.28 26.84 26.09 25.38 24.44 23.47 22.66 21.94 21.19 20.53 19.88 19.09 18.38 17.84 17.16 16.69 16.22 15.62 15.06 14.53 13.91 13.25 12.44 11.75 10.97 10.28 9.59 8.84 8.12 7.25 6.50 5.88 5.19 4.62 4.19 3.66 3.06 2.84 2.97 3.00 3.00 3.00
38.47 39.00 39.66 40.28 40.72 41.00 40.75 40.69 40.66 40.34 39.91 39.31 38.62 38.03 37.25 36.75 36.41 36.03 35.19 34.41 33.59 33.00 32.34 31.81 31.31 30.75 30.19 29.81 29.34 29.03 28.62 28.31 28.03 27.88 27.66 27.34 26.94 26.16 25.41 24.50 23.41 22.72 21.97 21.28 20.59 19.84 19.12 18.34 17.72 16.97 16.41 15.97 15.41 14.91 14.38 13.75 13.12 12.47 11.72 11.03 10.44 9.62 9.03 8.28 7.59 6.78 6.03 5.47 4.97 4.38 3.91 3.50 3.06 3.06 3.09 3.12 3.06
38.62 39.09 39.88 40.47 40.84 41.12 41.00 40.97 41.00 40.72 39.97 39.38 38.72 38.00 37.69 37.09 36.88 36.12 35.59 34.88 33.94 33.00 32.59 31.91 31.41 30.84 30.47 30.00 29.50 29.06 28.75 28.44 28.19 27.94 27.72 27.41 26.97 26.34 25.50 24.56 23.59 22.69 21.97 21.25 20.59 19.88 19.12 18.25 17.62 16.97 16.41 15.72 15.22 14.66 14.19 13.59 13.00 12.41 11.84 11.25 10.59 9.81 9.12 8.47 7.72 6.88 6.28 5.75 5.22 4.62 4.16 3.62 3.31 3.16 3.22 3.22 3.16
38.88 39.31 40.12 40.53 40.94 41.34 41.25 41.22 41.31 40.75 40.38 39.69 38.94 38.50 38.09 37.59 37.12 36.50 35.84 35.38 34.69 33.88 33.19 32.53 31.84 31.25 30.66 30.06 29.56 29.19 28.81 28.59 28.25 27.97 27.69 27.41 27.03 26.44 25.59 24.59 23.53 22.72 21.97 21.28 20.62 19.91 19.19 18.28 17.50 16.81 16.28 15.69 15.09 14.56 14.00 13.53 13.00 12.44 11.91 11.31 10.62 9.88 9.16 8.50 7.88 7.16 6.59 6.03 5.56 5.03 4.44 4.19 3.81 3.34 3.31 3.34 3.25
38.81 39.62 40.19 40.78 41.25 41.56 41.53 41.47 41.50 41.06 40.47 39.97 39.34 38.84 38.31 37.72 37.19 36.28 35.88 35.34 34.72 34.19 33.53 32.59 32.12 31.50 30.81 30.16 29.78 29.41 29.03 28.69 28.38 28.06 27.75 27.38 27.03 26.47 25.66 24.50 23.53 22.75 22.06 21.38 20.62 19.94 19.25 18.41 17.66 16.78 16.19 15.62 15.03 14.50 13.94 13.44 12.94 12.41 11.78 11.16 10.53 9.94 9.25 8.59 7.97 7.44 6.84 6.38 5.84 5.41 5.00 4.56 4.16 3.56 3.44 3.44 3.38
39.06 39.75 40.34 40.97 41.44 41.84 41.78 41.72 41.69 41.28 40.78 40.16 39.59 39.12 38.53 37.78 36.88 36.28 35.28 34.53 34.22 33.66 33.41 32.81 32.25 31.62 30.97 30.38 29.88 29.44 29.12 28.75 28.41 28.19 27.88 27.47 27.09 26.56 25.75 24.62 23.56 22.88 22.16 21.47 20.78 20.09 19.41 18.59 17.69 16.84 16.28 15.56 15.06 14.47 13.94 13.41 12.88 12.31 11.69 11.06 10.53 10.00 9.47 8.78 8.28 7.59 7.12 6.62 6.28 5.81 5.38 4.94 4.50 4.06 3.56 3.53 3.50
38.75 39.56 40.34 41.03 41.59 41.94 41.94 41.97 41.88 41.50 41.00 40.50 39.81 39.03 38.44 37.59 36.78 36.00 35.38 34.62 33.84 33.34 33.06 32.62 32.00 31.53 31.03 30.50 29.97 29.47 29.19 28.88 28.56 28.28 27.97 27.59 27.22 26.59 25.97 25.00 23.72 22.97 22.25 21.69 21.28 20.59 19.81 18.78 17.69 17.03 16.28 15.75 15.09 14.47 13.88 13.41 12.75 12.22 11.59 11.16 10.56 10.12 9.56 9.09 8.41 8.00 7.38 7.00 6.75 6.31 5.78 5.34 4.84 4.25 4.00 3.72 3.59
38.56 39.34 40.12 40.81 41.59 42.03 42.03 42.09 42.06 41.69 41.38 40.78 39.91 39.19 38.38 37.59 36.53 35.91 35.25 34.53 33.84 33.28 32.78 32.28 31.78 31.31 30.84 30.34 29.91 29.56 29.12 28.84 28.56 28.28 27.91 27.59 27.22 26.66 26.06 25.12 24.00 23.25 22.62 22.19 21.69 21.03 20.16 19.16 17.81 17.22 16.44 15.84 15.03 14.50 13.88 13.31 12.75 12.16 11.62 11.16 10.75 10.25 9.81 9.41 8.91 8.28 7.88 7.62 7.22 6.69 6.16 5.69 5.22 4.91 4.53 4.12 3.75
38.62 39.41 40.16 40.78 41.66 42.06 42.06 42.16 42.22 41.97 41.47 40.78 40.16 39.03 38.19 37.44 36.69 35.97 35.22 34.50 33.84 33.28 32.78 32.25 31.72 31.22 30.75 30.41 29.97 29.44 29.06 28.69 28.41 28.12 27.72 27.47 27.16 26.56 26.03 25.22 24.19 23.56 23.03 22.47 21.88 21.09 20.28 18.97 18.28 17.41 16.56 15.81 15.22 14.59 13.91 13.28 12.72 12.12 11.62 11.22 10.88 10.50 10.12 9.69 9.22 8.94 8.50 8.00 7.44 6.91 6.38 6.00 5.75 5.28 4.84 4.62 4.34
38.91 39.66 40.31 40.97 41.66 42.06 42.06 42.16 42.25 41.97 41.56 40.75 40.09 39.22 38.34 37.41 36.69 35.94 35.22 34.50 33.94 33.41 32.81 32.31 31.81 31.25 30.75 30.31 29.84 29.41 29.09 28.69 28.38 28.03 27.66 27.41 27.09 26.50 26.06 25.22 24.47 23.94 23.28 22.59 22.06 21.31 20.31 19.38 18.25 17.44 16.59 15.94 15.28 14.69 14.00 13.31 12.75 12.12 11.72 11.31 11.00 10.72 10.38 9.97 9.59 9.38 8.75 8.34 7.84 7.34 6.72 6.34 6.16 5.78 5.44 5.00 4.97
39.06 39.53 40.31 40.94 41.66 42.03 42.03 42.16 42.31 42.03 41.50 40.84 39.94 39.28 38.16 37.50 36.78 35.97 35.25 34.66 34.06 33.44 32.88 32.34 31.88 31.34 30.84 30.28 29.81 29.41 29.03 28.69 28.31 27.91 27.62 27.25 26.97 26.56 26.06 25.50 24.78 24.00 23.34 22.75 22.16 21.41 20.50 19.09 18.34 17.50 16.69 16.00 15.28 14.72 14.03 13.34 12.75 12.25 11.81 11.50 11.25 10.91 10.62 10.34 10.03 9.69 9.25 8.62 8.25 7.75 7.44 6.88 6.69 6.47 5.84 5.69 5.53
38.97 39.59 40.12 40.75 41.56 42.03 42.03 42.12 42.22 41.91 41.41 40.72 39.94 39.19 38.38 37.59 36.91 36.06 35.47 34.81 34.22 33.62 33.00 32.50 31.97 31.41 30.88 30.44 29.91 29.44 29.00 28.59 28.25 27.81 27.47 27.16 26.78 26.50 26.12 25.59 25.00 24.22 23.44 22.66 21.78 21.09 20.31 19.25 18.19 17.41 16.78 16.03 15.31 14.69 14.16 13.53 12.84 12.41 12.03 11.66 11.44 11.19 10.94 10.66 10.38 10.03 9.47 9.16 8.72 8.50 8.09 7.75 7.47 6.84 6.53 6.19 6.03
38.88 39.44 40.16 40.72 41.41 42.03 42.03 42.09 42.19 41.78 41.28 40.72 40.12 39.38 38.53 37.72 36.88 36.22 35.59 35.06 34.62 33.84 33.47 32.88 32.19 31.50 31.00 30.38 29.91 29.53 29.06 28.59 28.19 27.78 27.44 27.09 26.78 26.28 25.91 25.41 24.94 24.19 23.28 22.38 21.53 20.84 20.12 19.31 18.38 17.59 16.78 16.16 15.41 14.88 14.19 13.69 13.00 12.69 12.25 11.97 11.69 11.44 11.28 11.03 10.75 10.41 10.00 9.69 9.44 9.16 9.06 8.66 8.06 7.72 7.28 6.97 6.75
38.88 39.41 40.00 40.69 41.28 42.09 42.09 42.12 42.22 41.84 41.34 40.72 40.06 39.22 38.34 37.62 37.00 36.38 36.16 35.78 34.94 34.34 33.84 33.00 32.19 31.59 31.00 30.53 30.09 29.53 29.12 28.69 28.25 27.94 27.50 27.06 26.78 26.16 25.50 24.81 24.56 23.94 23.19 22.41 21.62 20.84 20.19 19.38 18.56 17.69 16.94 16.25 15.56 15.00 14.31 13.91 13.41 12.94 12.56 12.25 12.00 11.84 11.69 11.47 11.09 10.78 10.56 10.34 10.25 10.31 10.09 9.53 8.69 8.47 7.78 7.69 7.31
39.00 39.53 40.09 40.75 41.28 42.16 42.19 42.22 42.25 41.97 41.41 40.78 40.12 39.19 38.47 37.81 37.16 36.75 36.72 36.41 35.59 34.97 34.16 33.28 32.34 31.78 31.19 30.75 30.09 29.75 29.31 28.81 28.53 28.12 27.75 27.38 26.91 26.16 25.44 24.88 24.38 23.75 23.12 22.53 21.84 21.09 20.28 19.50 18.62 17.81 17.12 16.41 15.78 15.06 14.72 14.12 13.75 13.31 12.91 12.72 12.44 12.28 12.12 11.91 11.50 11.34 11.12 11.03 11.09 11.12 10.88 10.31 9.75 9.31 8.94 8.50 7.84
39.25 39.75 40.34 40.91 41.38 42.31 42.38 42.38 42.31 42.06 41.66 41.00 40.31 39.41 38.66 38.00 37.47 37.41 37.22 36.75 35.88 35.00 33.97 33.19 32.66 31.94 31.38 30.78 30.44 30.00 29.56 29.44 29.00 28.59 28.12 27.53 27.06 26.38 25.41 24.84 24.25 23.69 23.16 22.59 22.00 21.22 20.38 19.56 18.81 18.00 17.41 16.69 16.03 15.66 15.16 14.62 14.16 13.66 13.34 13.22 12.97 12.84 12.66 12.31 12.12 11.84 11.56 11.50 11.84 11.91 11.53 10.91 10.53 9.91 9.69 9.06 9.09
39.75 40.03 40.34 40.88 41.47 42.41 42.53 42.56 42.44 42.16 41.66 41.03 40.34 39.53 38.81 38.31 38.03 37.69 37.38 36.88 36.22 35.38 34.31 33.38 32.81 32.09 31.53 31.12 30.66 30.34 30.25 29.88 29.22 28.78 28.28 27.84 27.19 26.28 25.50 24.94 24.22 23.66 23.06 22.50 21.97 21.25 20.38 19.59 18.91 18.34 17.66 16.94 16.50 16.06 15.53 14.91 14.44 14.12 13.97 13.75 13.50 13.31 13.16 12.81 12.66 12.50 12.28 12.28 12.53 12.59 12.22 11.84 10.94 10.84 10.31 10.16 10.19
