everonasctiles/Tile8,2.asc
ncols 128
nrows 128
xllcorner 0
yllcorner 0
cellsize 2.0
NODATA_value  -9999
[rows 64 to 95 of 128, columns 0 to 70 of 128]
-73.69 -73.62 -73.56 -73.50 -73.44 -73.38 -73.28 -73.12 -72.94 -72.75 -72.50 -72.28 -72.03 -71.75 -71.50 -71.25 -70.97 -70.69 -70.41 -70.12 -69.81 -69.50 -69.22 -68.94 -68.66 -68.41 -68.16 -67.91 -67.62 -67.38 -67.16 -66.94 -66.72 -66.50 -66.25 -65.94 -65.66 -65.34 -65.12 -64.94 -64.78 -64.62 -64.50 -64.41 -64.28 -64.19 -64.09 -64.00 -63.88 -63.72 -63.56 -63.44 -63.28 -63.12 -63.00 -62.88 -62.75 -62.69 -62.62 -62.56 -62.50 -62.44 -62.38 -62.34 -62.28 -62.22 -62.09 -62.00 -61.91 -61.88 -61.91
-74.09 -74.00 -73.94 -73.91 -73.84 -73.78 -73.66 -73.50 -73.34 -73.12 -72.91 -72.66 -72.41 -72.16 -71.88 -71.62 -71.34 -71.03 -70.72 -70.38 -70.06 -69.75 -69.44 -69.16 -68.91 -68.66 -68.41 -68.12 -67.88 -67.66 -67.47 -67.28 -67.06 -66.84 -66.59 -66.28 -65.97 -65.69 -65.50 -65.34 -65.19 -65.03 -64.91 -64.81 -64.69 -64.59 -64.47 -64.38 -64.22 -64.06 -63.91 -63.72 -63.56 -63.41 -63.25 -63.12 -63.03 -62.94 -62.88 -62.81 -62.75 -62.69 -62.66 -62.66 -62.62 -62.56 -62.47 -62.34 -62.28 -62.22 -62.25
-74.50 -74.41 -74.34 -74.28 -74.22 -74.16 -74.03 -73.91 -73.72 -73.50 -73.28 -73.03 -72.78 -72.50 -72.25 -71.94 -71.62 -71.31 -70.94 -70.59 -70.25 -69.94 -69.66 -69.41 -69.16 -68.91 -68.66 -68.38 -68.16 -67.97 -67.81 -67.62 -67.44 -67.22 -66.94 -66.66 -66.38 -66.16 -65.97 -65.81 -65.66 -65.50 -65.34 -65.25 -65.12 -65.00 -64.88 -64.75 -64.59 -64.41 -64.22 -64.03 -63.84 -63.69 -63.53 -63.41 -63.31 -63.25 -63.19 -63.09 -63.03 -62.97 -62.94 -62.97 -62.94 -62.91 -62.81 -62.72 -62.62 -62.59 -62.62
-74.88 -74.78 -74.72 -74.66 -74.59 -74.53 -74.41 -74.28 -74.09 -73.88 -73.62 -73.38 -73.12 -72.84 -72.53 -72.22 -71.88 -71.50 -71.12 -70.78 -70.44 -70.16 -69.91 -69.69 -69.44 -69.19 -68.91 -68.69 -68.47 -68.31 -68.16 -68.03 -67.84 -67.59 -67.34 -67.09 -66.84 -66.66 -66.47 -66.31 -66.12 -65.97 -65.81 -65.69 -65.56 -65.44 -65.28 -65.16 -64.97 -64.78 -64.56 -64.34 -64.12 -63.97 -63.84 -63.72 -63.62 -63.56 -63.50 -63.41 -63.34 -63.28 -63.25 -63.28 -63.28 -63.25 -63.19 -63.09 -63.03 -63.00 -63.00
-75.28 -75.19 -75.09 -75.03 -74.97 -74.88 -74.78 -74.62 -74.44 -74.22 -73.97 -73.72 -73.41 -73.12 -72.81 -72.47 -72.12 -71.72 -71.31 -70.94 -70.66 -70.44 -70.22 -69.97 -69.72 -69.47 -69.22 -69.00 -68.81 -68.69 -68.56 -68.41 -68.25 -68.03 -67.78 -67.56 -67.34 -67.16 -66.97 -66.81 -66.59 -66.44 -66.28 -66.16 -66.03 -65.88 -65.72 -65.56 -65.38 -65.12 -64.88 -64.66 -64.47 -64.28 -64.16 -64.06 -63.97 -63.91 -63.84 -63.78 -63.69 -63.62 -63.59 -63.59 -63.62 -63.59 -63.53 -63.47 -63.41 -63.38 -63.41
-75.72 -75.59 -75.50 -75.41 -75.31 -75.25 -75.16 -75.00 -74.81 -74.56 -74.31 -74.00 -73.72 -73.41 -73.09 -72.78 -72.41 -72.00 -71.56 -71.25 -71.00 -70.78 -70.56 -70.31 -70.06 -69.81 -69.56 -69.38 -69.22 -69.09 -68.97 -68.84 -68.66 -68.47 -68.25 -68.00 -67.81 -67.66 -67.50 -67.28 -67.09 -66.94 -66.78 -66.66 -66.50 -66.34 -66.19 -65.97 -65.75 -65.47 -65.22 -64.97 -64.78 -64.62 -64.53 -64.41 -64.34 -64.28 -64.22 -64.16 -64.06 -64.00 -63.97 -63.97 -63.97 -63.97 -63.91 -63.84 -63.81 -63.81 -63.81
-76.12 -76.00 -75.88 -75.78 -75.69 -75.59 -75.50 -75.34 -75.16 -74.91 -74.62 -74.34 -74.03 -73.75 -73.47 -73.12 -72.75 -72.34 -71.94 -71.66 -71.44 -71.22 -70.97 -70.72 -70.44 -70.22 -69.97 -69.78 -69.62 -69.53 -69.41 -69.28 -69.12 -68.91 -68.69 -68.47 -68.31 -68.16 -68.00 -67.78 -67.59 -67.44 -67.31 -67.16 -67.00 -66.84 -66.62 -66.41 -66.12 -65.84 -65.56 -65.31 -65.16 -65.03 -64.91 -64.81 -64.75 -64.69 -64.62 -64.56 -64.47 -64.41 -64.38 -64.34 -64.34 -64.31 -64.28 -64.25 -64.22 -64.22 -64.22
-76.53 -76.41 -76.25 -76.12 -76.03 -75.97 -75.88 -75.72 -75.50 -75.28 -75.00 -74.72 -74.44 -74.19 -73.88 -73.53 -73.16 -72.75 -72.38 -72.12 -71.88 -71.66 -71.44 -71.16 -70.91 -70.66 -70.44 -70.25 -70.09 -69.97 -69.88 -69.75 -69.56 -69.34 -69.12 -68.94 -68.78 -68.66 -68.50 -68.31 -68.12 -67.97 -67.81 -67.66 -67.50 -67.28 -67.06 -66.81 -66.50 -66.19 -65.94 -65.69 -65.53 -65.44 -65.31 -65.25 -65.19 -65.12 -65.03 -64.97 -64.91 -64.84 -64.78 -64.75 -64.72 -64.69 -64.66 -64.62 -64.59 -64.59 -64.62
-76.94 -76.78 -76.62 -76.50 -76.41 -76.34 -76.25 -76.09 -75.91 -75.69 -75.44 -75.16 -74.91 -74.62 -74.31 -73.97 -73.59 -73.19 -72.84 -72.59 -72.38 -72.16 -71.91 -71.66 -71.38 -71.12 -70.91 -70.72 -70.56 -70.44 -70.34 -70.19 -70.00 -69.81 -69.59 -69.41 -69.28 -69.16 -69.00 -68.81 -68.62 -68.47 -68.31 -68.16 -67.97 -67.72 -67.47 -67.19 -66.88 -66.56 -66.31 -66.12 -65.97 -65.88 -65.78 -65.69 -65.62 -65.56 -65.47 -65.44 -65.34 -65.28 -65.22 -65.19 -65.12 -65.09 -65.03 -65.00 -64.97 -65.00 -65.03
-77.34 -77.16 -77.00 -76.88 -76.78 -76.72 -76.62 -76.50 -76.31 -76.09 -75.88 -75.62 -75.38 -75.09 -74.78 -74.41 -74.03 -73.62 -73.31 -73.09 -72.91 -72.69 -72.44 -72.19 -71.91 -71.66 -71.44 -71.22 -71.06 -70.94 -70.78 -70.62 -70.44 -70.25 -70.03 -69.88 -69.75 -69.62 -69.50 -69.31 -69.16 -69.00 -68.81 -68.62 -68.41 -68.12 -67.84 -67.56 -67.25 -66.97 -66.75 -66.56 -66.44 -66.31 -66.25 -66.19 -66.09 -66.00 -65.94 -65.88 -65.81 -65.75 -65.69 -65.62 -65.53 -65.47 -65.41 -65.34 -65.34 -65.38 -65.41
-77.72 -77.53 -77.38 -77.25 -77.19 -77.12 -77.06 -76.94 -76.78 -76.56 -76.34 -76.09 -75.84 -75.56 -75.22 -74.84 -74.47 -74.12 -73.84 -73.62 -73.44 -73.22 -72.97 -72.72 -72.44 -72.19 -71.94 -71.75 -71.56 -71.41 -71.25 -71.06 -70.88 -70.69 -70.50 -70.38 -70.25 -70.12 -70.00 -69.81 -69.66 -69.47 -69.28 -69.06 -68.78 -68.50 -68.22 -67.94 -67.66 -67.41 -67.22 -67.06 -66.94 -66.81 -66.75 -66.66 -66.56 -66.47 -66.41 -66.38 -66.31 -66.22 -66.12 -66.06 -65.97 -65.88 -65.78 -65.72 -65.69 -65.72 -65.78
-78.12 -77.91 -77.75 -77.66 -77.62 -77.59 -77.50 -77.41 -77.22 -77.03 -76.81 -76.56 -76.31 -76.00 -75.66 -75.31 -74.94 -74.62 -74.41 -74.19 -74.00 -73.78 -73.53 -73.25 -72.97 -72.72 -72.47 -72.25 -72.06 -71.88 -71.69 -71.50 -71.31 -71.16 -70.97 -70.84 -70.72 -70.59 -70.47 -70.31 -70.12 -69.94 -69.69 -69.44 -69.16 -68.88 -68.59 -68.34 -68.09 -67.88 -67.72 -67.56 -67.44 -67.34 -67.25 -67.16 -67.06 -66.97 -66.91 -66.84 -66.78 -66.72 -66.59 -66.47 -66.38 -66.25 -66.12 -66.06 -66.03 -66.09 -66.16
-78.50 -78.28 -78.12 -78.06 -78.06 -78.03 -77.97 -77.84 -77.69 -77.50 -77.25 -77.00 -76.75 -76.47 -76.12 -75.81 -75.47 -75.19 -74.97 -74.75 -74.53 -74.31 -74.06 -73.78 -73.50 -73.22 -72.97 -72.75 -72.53 -72.34 -72.16 -71.97 -71.78 -71.59 -71.44 -71.28 -71.16 -71.06 -70.94 -70.78 -70.56 -70.34 -70.09 -69.81 -69.53 -69.28 -69.03 -68.78 -68.56 -68.38 -68.22 -68.09 -67.97 -67.84 -67.78 -67.69 -67.59 -67.50 -67.44 -67.38 -67.28 -67.19 -67.06 -66.91 -66.78 -66.62 -66.50 -66.41 -66.41 -66.44 -66.50
-78.88 -78.69 -78.56 -78.53 -78.53 -78.53 -78.44 -78.31 -78.16 -77.94 -77.72 -77.47 -77.22 -76.94 -76.62 -76.31 -76.00 -75.75 -75.50 -75.28 -75.06 -74.81 -74.56 -74.25 -73.97 -73.69 -73.47 -73.25 -73.03 -72.81 -72.62 -72.44 -72.25 -72.06 -71.88 -71.72 -71.62 -71.53 -71.41 -71.22 -71.00 -70.75 -70.50 -70.22 -69.97 -69.72 -69.47 -69.25 -69.06 -68.88 -68.75 -68.62 -68.50 -68.41 -68.31 -68.22 -68.12 -68.03 -67.97 -67.88 -67.78 -67.66 -67.50 -67.34 -67.16 -67.00 -66.88 -66.78 -66.75 -66.78 -66.84
-79.28 -79.09 -79.03 -79.03 -79.03 -79.00 -78.91 -78.78 -78.59 -78.38 -78.16 -77.91 -77.69 -77.41 -77.09 -76.81 -76.53 -76.28 -76.06 -75.81 -75.59 -75.31 -75.00 -74.69 -74.38 -74.16 -73.97 -73.78 -73.53 -73.31 -73.12 -72.94 -72.75 -72.53 -72.31 -72.16 -72.06 -72.00 -71.88 -71.69 -71.44 -71.16 -70.91 -70.66 -70.41 -70.19 -69.97 -69.75 -69.56 -69.41 -69.28 -69.16 -69.06 -68.94 -68.88 -68.78 -68.69 -68.59 -68.50 -68.41 -68.28 -68.12 -67.94 -67.75 -67.56 -67.41 -67.25 -67.16 -67.09 -67.12 -67.19
-79.69 -79.56 -79.56 -79.53 -79.53 -79.50 -79.38 -79.22 -79.03 -78.81 -78.59 -78.38 -78.16 -77.88 -77.59 -77.34 -77.06 -76.81 -76.56 -76.31 -76.06 -75.75 -75.41 -75.06 -74.84 -74.69 -74.53 -74.31 -74.06 -73.84 -73.62 -73.44 -73.22 -73.00 -72.75 -72.62 -72.53 -72.47 -72.34 -72.12 -71.88 -71.59 -71.34 -71.09 -70.88 -70.66 -70.47 -70.25 -70.06 -69.91 -69.78 -69.72 -69.62 -69.53 -69.44 -69.34 -69.28 -69.19 -69.06 -68.94 -68.78 -68.59 -68.38 -68.16 -67.97 -67.78 -67.66 -67.53 -67.47 -67.50 -67.56
-80.16 -80.06 -80.06 -80.06 -80.03 -79.97 -79.84 -79.66 -79.47 -79.28 -79.09 -78.88 -78.62 -78.38 -78.09 -77.84 -77.59 -77.31 -77.06 -76.78 -76.47 -76.12 -75.78 -75.50 -75.38 -75.28 -75.09 -74.88 -74.59 -74.38 -74.19 -73.97 -73.72 -73.44 -73.22 -73.09 -73.03 -72.97 -72.81 -72.56 -72.28 -72.03 -71.81 -71.59 -71.38 -71.16 -70.97 -70.75 -70.56 -70.44 -70.34 -70.28 -70.22 -70.12 -70.03 -69.94 -69.84 -69.75 -69.62 -69.47 -69.28 -69.03 -68.78 -68.56 -68.38 -68.19 -68.03 -67.91 -67.84 -67.88 -67.94
-80.62 -80.59 -80.56 -80.56 -80.53 -80.44 -80.31 -80.12 -79.94 -79.78 -79.56 -79.34 -79.09 -78.84 -78.59 -78.34 -78.06 -77.81 -77.53 -77.22 -76.88 -76.53 -76.22 -76.09 -76.03 -75.91 -75.72 -75.44 -75.19 -74.97 -74.78 -74.53 -74.22 -73.91 -73.69 -73.59 -73.56 -73.47 -73.28 -73.00 -72.72 -72.47 -72.28 -72.09 -71.88 -71.69 -71.47 -71.25 -71.09 -70.97 -70.91 -70.88 -70.81 -70.75 -70.66 -70.56 -70.44 -70.31 -70.19 -70.00 -69.78 -69.50 -69.22 -68.97 -68.78 -68.62 -68.47 -68.31 -68.22 -68.25 -68.31
-81.12 -81.09 -81.09 -81.06 -81.03 -80.94 -80.78 -80.59 -80.44 -80.28 -80.06 -79.84 -79.59 -79.31 -79.06 -78.81 -78.56 -78.25 -77.94 -77.59 -77.28 -77.00 -76.84 -76.78 -76.72 -76.56 -76.34 -76.06 -75.81 -75.59 -75.38 -75.06 -74.75 -74.41 -74.22 -74.16 -74.09 -73.97 -73.75 -73.44 -73.16 -72.94 -72.78 -72.59 -72.41 -72.19 -71.97 -71.78 -71.62 -71.53 -71.50 -71.47 -71.44 -71.34 -71.25 -71.16 -71.06 -70.91 -70.72 -70.53 -70.25 -69.97 -69.66 -69.44 -69.25 -69.06 -68.88 -68.72 -68.66 -68.66 -68.72
-81.59 -81.56 -81.56 -81.56 -81.50 -81.41 -81.25 -81.12 -80.97 -80.78 -80.56 -80.31 -80.06 -79.78 -79.53 -79.28 -79.00 -78.69 -78.31 -77.97 -77.75 -77.62 -77.56 -77.53 -77.41 -77.25 -77.00 -76.72 -76.47 -76.25 -75.97 -75.62 -75.28 -74.94 -74.81 -74.75 -74.66 -74.50 -74.22 -73.88 -73.62 -73.47 -73.31 -73.16 -72.94 -72.72 -72.50 -72.31 -72.16 -72.12 -72.09 -72.09 -72.06 -71.97 -71.88 -71.78 -71.66 -71.50 -71.28 -71.03 -70.75 -70.44 -70.16 -69.91 -69.72 -69.53 -69.34 -69.16 -69.06 -69.09 -69.16
-82.09 -82.06 -82.03 -82.03 -81.97 -81.88 -81.75 -81.62 -81.47 -81.28 -81.06 -80.78 -80.53 -80.25 -80.03 -79.75 -79.47 -79.09 -78.69 -78.41 -78.34 -78.34 -78.28 -78.22 -78.09 -77.91 -77.66 -77.38 -77.16 -76.91 -76.59 -76.22 -75.84 -75.56 -75.44 -75.34 -75.25 -75.00 -74.72 -74.38 -74.19 -74.06 -73.88 -73.69 -73.47 -73.28 -73.06 -72.88 -72.75 -72.75 -72.72 -72.72 -72.66 -72.59 -72.50 -72.38 -72.25 -72.06 -71.84 -71.56 -71.28 -70.97 -70.69 -70.47 -70.25 -70.03 -69.81 -69.59 -69.50 -69.56 -69.59
-82.59 -82.53 -82.50 -82.47 -82.44 -82.38 -82.28 -82.16 -82.00 -81.78 -81.53 -81.28 -81.00 -80.75 -80.50 -80.25 -79.91 -79.53 -79.09 -79.00 -79.06 -79.03 -79.00 -78.91 -78.78 -78.56 -78.31 -78.06 -77.81 -77.53 -77.19 -76.84 -76.47 -76.19 -76.06 -75.97 -75.81 -75.56 -75.22 -74.94 -74.78 -74.66 -74.47 -74.28 -74.06 -73.88 -73.66 -73.47 -73.41 -73.41 -73.38 -73.34 -73.28 -73.19 -73.12 -73.00 -72.84 -72.66 -72.41 -72.12 -71.84 -71.56 -71.28 -71.03 -70.78 -70.53 -70.28 -70.06 -70.00 -70.03 -70.06
-83.06 -82.97 -82.94 -82.91 -82.91 -82.84 -82.78 -82.66 -82.50 -82.28 -82.03 -81.75 -81.47 -81.25 -81.00 -80.75 -80.41 -80.00 -79.69 -79.72 -79.75 -79.72 -79.66 -79.56 -79.41 -79.19 -78.97 -78.75 -78.50 -78.19 -77.81 -77.44 -77.09 -76.84 -76.69 -76.56 -76.38 -76.12 -75.81 -75.59 -75.44 -75.28 -75.09 -74.91 -74.72 -74.53 -74.31 -74.12 -74.09 -74.06 -74.03 -73.97 -73.88 -73.81 -73.72 -73.62 -73.44 -73.22 -73.00 -72.72 -72.44 -72.16 -71.88 -71.59 -71.34 -71.06 -70.78 -70.56 -70.53 -70.56 -70.59
-83.50 -83.41 -83.34 -83.34 -83.38 -83.34 -83.28 -83.16 -82.97 -82.75 -82.47 -82.19 -81.94 -81.75 -81.53 -81.28 -80.97 -80.62 -80.50 -80.50 -80.47 -80.38 -80.31 -80.22 -80.06 -79.84 -79.62 -79.41 -79.12 -78.81 -78.44 -78.06 -77.72 -77.50 -77.34 -77.19 -77.00 -76.72 -76.47 -76.25 -76.06 -75.91 -75.72 -75.56 -75.41 -75.22 -75.00 -74.84 -74.81 -74.78 -74.69 -74.56 -74.47 -74.41 -74.34 -74.22 -74.06 -73.81 -73.56 -73.31 -73.03 -72.75 -72.47 -72.19 -71.91 -71.59 -71.28 -71.09 -71.09 -71.12 -71.12
-83.94 -83.81 -83.75 -83.78 -83.81 -83.81 -83.75 -83.62 -83.44 -83.19 -82.91 -82.66 -82.44 -82.28 -82.09 -81.88 -81.62 -81.41 -81.31 -81.25 -81.12 -81.03 -80.94 -80.84 -80.66 -80.47 -80.25 -80.03 -79.75 -79.44 -79.06 -78.69 -78.38 -78.16 -77.97 -77.81 -77.59 -77.38 -77.09 -76.91 -76.72 -76.56 -76.41 -76.28 -76.09 -75.91 -75.72 -75.59 -75.53 -75.47 -75.34 -75.19 -75.03 -75.00 -74.94 -74.84 -74.66 -74.41 -74.16 -73.91 -73.66 -73.38 -73.09 -72.81 -72.47 -72.12 -71.78 -71.66 -71.69 -71.69 -71.69
-84.34 -84.22 -84.19 -84.22 -84.28 -84.28 -84.22 -84.06 -83.84 -83.59 -83.34 -83.12 -82.97 -82.84 -82.69 -82.50 -82.31 -82.19 -82.06 -81.94 -81.81 -81.66 -81.56 -81.44 -81.28 -81.06 -80.84 -80.62 -80.34 -80.03 -79.69 -79.31 -79.03 -78.81 -78.62 -78.44 -78.22 -78.00 -77.75 -77.56 -77.41 -77.28 -77.12 -76.97 -76.81 -76.62 -76.44 -76.38 -76.28 -76.16 -76.00 -75.78 -75.62 -75.59 -75.56 -75.44 -75.25 -75.00 -74.75 -74.53 -74.25 -74.00 -73.72 -73.38 -73.00 -72.62 -72.28 -72.28 -72.31 -72.31 -72.25
-84.75 -84.59 -84.59 -84.69 -84.75 -84.75 -84.66 -84.50 -84.25 -84.00 -83.78 -83.62 -83.53 -83.44 -83.28 -83.12 -83.00 -82.88 -82.75 -82.59 -82.44 -82.31 -82.16 -82.03 -81.84 -81.66 -81.44 -81.22 -80.94 -80.66 -80.31 -80.00 -79.72 -79.47 -79.28 -79.09 -78.88 -78.62 -78.41 -78.22 -78.09 -77.97 -77.84 -77.69 -77.50 -77.31 -77.19 -77.09 -77.00 -76.84 -76.62 -76.41 -76.25 -76.22 -76.19 -76.06 -75.84 -75.59 -75.34 -75.12 -74.88 -74.62 -74.31 -73.94 -73.50 -73.09 -72.88 -72.94 -72.94 -72.91 -72.84
-85.12 -85.00 -85.03 -85.16 -85.22 -85.19 -85.09 -84.91 -84.69 -84.44 -84.28 -84.22 -84.12 -84.03 -83.91 -83.75 -83.62 -83.53 -83.41 -83.25 -83.09 -82.91 -82.75 -82.59 -82.41 -82.22 -82.00 -81.78 -81.53 -81.28 -80.97 -80.69 -80.38 -80.12 -79.91 -79.72 -79.50 -79.25 -79.06 -78.91 -78.78 -78.69 -78.53 -78.34 -78.16 -78.00 -77.91 -77.84 -77.72 -77.53 -77.31 -77.06 -76.94 -76.88 -76.81 -76.69 -76.47 -76.22 -75.97 -75.72 -75.47 -75.22 -74.88 -74.47 -74.00 -73.62 -73.59 -73.62 -73.62 -73.56 -73.44
-85.53 -85.41 -85.50 -85.59 -85.66 -85.62 -85.50 -85.31 -85.12 -84.94 -84.84 -84.81 -84.75 -84.66 -84.53 -84.38 -84.25 -84.16 -84.03 -83.88 -83.69 -83.53 -83.34 -83.16 -82.97 -82.75 -82.56 -82.38 -82.16 -81.91 -81.62 -81.31 -81.03 -80.75 -80.53 -80.31 -80.12 -79.91 -79.72 -79.59 -79.50 -79.38 -79.22 -79.00 -78.81 -78.69 -78.62 -78.56 -78.44 -78.22 -78.00 -77.78 -77.62 -77.56 -77.47 -77.31 -77.09 -76.81 -76.56 -76.31 -76.06 -75.81 -75.44 -75.03 -74.56 -74.34 -74.38 -74.38 -74.31 -74.19 -74.06
-85.94 -85.88 -85.97 -86.06 -86.12 -86.06 -85.94 -85.78 -85.59 -85.47 -85.41 -85.41 -85.34 -85.25 -85.12 -85.00 -84.88 -84.78 -84.66 -84.47 -84.28 -84.09 -83.91 -83.72 -83.50 -83.28 -83.09 -82.94 -82.75 -82.53 -82.25 -81.94 -81.66 -81.38 -81.12 -80.94 -80.75 -80.59 -80.44 -80.31 -80.19 -80.03 -79.84 -79.66 -79.44 -79.34 -79.31 -79.25 -79.09 -78.91 -78.69 -78.50 -78.38 -78.25 -78.12 -77.97 -77.72 -77.41 -77.12 -76.88 -76.66 -76.38 -76.06 -75.66 -75.31 -75.19 -75.16 -75.09 -75.00 -74.84 -74.66
-86.41 -86.38 -86.47 -86.53 -86.56 -86.50 -86.38 -86.22 -86.09 -86.03 -86.00 -85.97 -85.94 -85.84 -85.72 -85.59 -85.50 -85.38 -85.22 -85.03 -84.84 -84.62 -84.44 -84.25 -84.03 -83.81 -83.66 -83.53 -83.34 -83.12 -82.88 -82.56 -82.25 -81.97 -81.72 -81.53 -81.41 -81.25 -81.12 -81.00 -80.88 -80.69 -80.47 -80.25 -80.09 -80.03 -80.00 -79.91 -79.78 -79.59 -79.41 -79.22 -79.09 -78.94 -78.81 -78.59 -78.31 -78.00 -77.69 -77.47 -77.25 -77.00 -76.72 -76.38 -76.16 -76.03 -75.94 -75.81 -75.69 -75.50 -75.25
-86.88 -86.91 -86.97 -87.00 -87.00 -86.91 -86.81 -86.69 -86.59 -86.56 -86.56 -86.56 -86.50 -86.41 -86.28 -86.16 -86.06 -85.94 -85.75 -85.56 -85.34 -85.16 -84.97 -84.75 -84.53 -84.38 -84.22 -84.09 -83.94 -83.72 -83.44 -83.16 -82.84 -82.56 -82.34 -82.19 -82.06 -81.94 -81.81 -81.69 -81.50 -81.31 -81.09 -80.88 -80.72 -80.69 -80.66 -80.56 -80.44 -80.28 -80.09 -79.94 -79.78 -79.62 -79.47 -79.25 -78.91 -78.56 -78.25 -78.06 -77.88 -77.66 -77.44 -77.19 -77.00 -76.81 -76.69 -76.53 -76.34 -76.12 -75.84
