everonasctiles/Tile17,47.asc
ncols 128
nrows 128
xllcorner 0
yllcorner 0
cellsize 2.0
NODATA_value  -9999
[rows 34 to 67 of 128, columns 0 to 76 of 128]
7.66 7.59 7.53 7.62 7.59 7.53 7.25 7.06 6.78 6.53 6.09 5.59 5.00 4.25 3.44 2.88 2.69 2.81 2.94 2.97 3.03 2.81 2.53 2.31 2.19 2.22 2.19 2.19 2.03 2.00 1.84 1.44 1.28 1.19 1.19 1.19 1.12 1.03 0.91 0.88 0.88 0.88 0.91 1.00 1.09 1.22 1.38 1.59 1.69 1.53 1.19 1.00 0.81 0.62 0.56 0.47 0.66 0.84 0.97 1.03 1.00 0.81 0.66 0.50 0.41 0.31 0.25 0.19 0.16 0.09 0.03 0.00 -0.06 -0.09 -0.19 -0.28 -0.38
7.94 7.84 7.97 7.97 7.84 7.59 7.62 7.31 7.06 6.75 6.22 5.84 5.38 4.69 3.97 3.44 3.47 3.41 3.50 3.50 3.56 3.34 3.19 3.09 3.09 3.22 3.19 3.06 2.91 2.81 2.56 2.22 1.91 1.81 1.81 1.81 1.78 1.72 1.66 1.66 1.78 1.88 1.97 2.06 2.06 2.09 2.28 2.44 2.47 2.34 2.06 1.81 1.56 1.06 0.72 0.69 0.59 0.66 0.72 0.78 0.94 0.75 0.62 0.53 0.44 0.38 0.34 0.31 0.28 0.28 0.28 0.28 0.28 0.25 0.16 0.09 0.03
8.19 8.28 8.28 8.22 8.09 8.03 7.81 7.50 7.34 7.00 6.50 5.97 5.50 4.97 4.19 4.03 3.84 3.84 3.78 3.66 3.62 3.59 3.56 3.56 3.62 3.84 3.78 3.75 3.47 3.38 3.16 3.00 2.75 2.62 2.59 2.59 2.56 2.53 2.50 2.53 2.62 2.72 2.75 2.75 2.81 2.94 3.06 3.16 3.16 3.09 2.97 2.88 2.66 2.19 1.53 0.97 0.81 0.59 0.47 0.53 0.56 0.59 0.56 0.50 0.47 0.41 0.41 0.38 0.41 0.44 0.50 0.53 0.53 0.50 0.44 0.38 0.31
8.50 8.47 8.53 8.47 8.44 8.19 8.00 7.88 7.62 7.25 6.69 6.00 5.53 5.09 4.69 4.28 4.12 4.09 4.03 3.97 3.91 3.81 3.78 3.84 3.97 4.12 4.19 4.03 3.81 3.69 3.69 3.56 3.47 3.22 3.16 3.09 3.09 3.09 3.06 3.09 3.12 3.22 3.22 3.16 3.28 3.41 3.62 3.66 3.66 3.59 3.62 3.62 3.44 3.00 2.38 1.62 1.28 0.84 0.59 0.44 0.38 0.41 0.47 0.47 0.47 0.44 0.44 0.44 0.47 0.53 0.66 0.72 0.75 0.72 0.62 0.56 0.50
8.72 8.78 8.66 8.75 8.69 8.53 8.31 8.09 7.81 7.41 6.81 6.25 5.84 5.41 5.03 4.66 4.31 4.28 4.31 4.31 4.25 4.19 4.22 4.25 4.28 4.28 4.25 4.16 4.00 3.84 3.84 3.91 3.88 3.84 3.78 3.72 3.69 3.59 3.41 3.34 3.34 3.41 3.41 3.41 3.50 3.69 3.88 3.91 3.81 3.88 4.00 4.00 3.84 3.41 2.97 2.44 1.81 1.41 0.94 0.56 0.31 0.41 0.47 0.50 0.47 0.47 0.47 0.50 0.53 0.62 0.75 0.84 0.88 0.84 0.78 0.69 0.59
9.03 9.03 9.09 9.06 9.06 8.91 8.62 8.25 8.03 7.59 7.03 6.59 6.09 5.72 5.44 5.19 4.88 4.62 4.66 4.69 4.66 4.62 4.62 4.66 4.72 4.78 4.75 4.66 4.47 4.25 4.12 4.03 4.03 4.03 3.97 3.97 3.81 3.69 3.47 3.31 3.28 3.34 3.38 3.47 3.56 3.69 3.88 4.03 4.06 4.06 4.06 4.00 3.75 3.59 3.34 3.12 2.62 2.12 1.59 1.06 0.69 0.59 0.59 0.56 0.53 0.47 0.47 0.50 0.56 0.66 0.81 0.91 0.97 0.97 0.88 0.75 0.66
9.31 9.34 9.41 9.34 9.34 9.22 8.91 8.47 8.22 7.84 7.44 6.94 6.38 6.16 5.84 5.62 5.34 5.22 5.16 5.16 5.12 5.09 5.03 5.06 5.19 5.31 5.31 5.09 4.91 4.69 4.41 4.22 4.19 4.28 4.25 4.19 4.09 3.88 3.66 3.50 3.47 3.50 3.56 3.62 3.75 3.88 4.03 4.19 4.28 4.38 4.28 4.19 4.06 3.94 3.78 3.66 3.47 2.88 2.19 1.81 1.38 1.00 0.88 0.72 0.59 0.47 0.44 0.44 0.50 0.62 0.78 0.94 1.03 1.00 0.91 0.78 0.66
9.53 9.62 9.66 9.66 9.62 9.47 9.19 8.91 8.59 8.22 7.66 7.41 6.94 6.59 6.38 6.19 5.91 5.91 5.84 5.88 5.91 5.69 5.66 5.66 5.84 5.88 5.81 5.75 5.53 5.09 4.78 4.50 4.59 4.53 4.41 4.28 4.16 4.00 3.88 3.69 3.53 3.44 3.53 3.78 3.91 4.03 4.19 4.34 4.38 4.47 4.44 4.19 4.19 4.00 3.97 4.00 3.78 3.47 2.97 2.56 2.16 1.75 1.34 1.03 0.75 0.44 0.38 0.41 0.44 0.53 0.69 0.88 1.00 1.00 0.91 0.78 0.62
9.72 9.88 9.84 9.91 9.84 9.69 9.41 9.16 8.94 8.53 8.28 7.75 7.31 7.09 6.91 6.72 6.59 6.47 6.66 6.62 6.59 6.38 6.28 6.34 6.47 6.47 6.38 6.25 5.97 5.62 5.31 5.31 5.28 5.16 5.09 4.94 4.75 4.59 4.41 4.06 3.94 3.84 3.88 4.19 4.28 4.41 4.53 4.66 4.69 4.59 4.47 4.16 4.00 3.97 3.84 3.72 3.81 3.69 3.41 3.28 2.94 2.56 2.22 1.84 1.56 1.28 1.03 0.88 0.66 0.62 0.66 0.75 0.84 0.84 0.84 0.72 0.56
10.06 10.12 10.22 10.22 10.12 9.84 9.69 9.53 9.28 9.03 8.56 8.25 7.91 7.59 7.41 7.25 7.19 7.25 7.31 7.31 7.22 7.06 6.94 6.94 7.00 6.91 6.88 6.69 6.19 5.88 5.88 5.88 5.91 5.81 5.75 5.53 5.38 5.16 4.84 4.47 4.44 4.31 4.44 4.53 4.75 4.81 4.94 4.97 4.97 4.81 4.56 4.16 3.91 3.75 3.69 3.56 3.41 3.53 3.66 3.59 3.38 3.22 3.12 2.94 2.72 2.50 2.25 1.97 1.66 1.44 1.28 1.12 1.06 0.97 0.94 0.81 0.66
10.38 10.50 10.59 10.59 10.41 10.22 9.84 9.88 9.69 9.25 8.91 8.62 8.34 8.12 7.94 7.84 7.91 7.94 7.81 7.88 7.75 7.59 7.44 7.38 7.41 7.34 7.31 7.03 6.50 6.41 6.44 6.50 6.44 6.44 6.31 6.12 5.91 5.62 5.19 4.97 4.91 5.00 4.97 5.03 5.06 5.22 5.31 5.31 5.22 5.00 4.72 4.34 4.00 3.78 3.62 3.53 3.47 3.44 3.50 3.66 3.66 3.62 3.62 3.66 3.56 3.47 3.28 3.09 2.88 2.66 2.44 2.22 1.91 1.59 1.38 1.22 1.16
10.78 10.84 10.97 11.03 10.91 10.66 10.22 10.19 10.03 9.72 9.38 9.09 8.84 8.69 8.53 8.50 8.53 8.59 8.50 8.38 8.31 8.00 8.00 7.91 7.91 7.78 7.69 7.47 7.03 6.84 6.84 7.00 7.00 6.94 6.84 6.66 6.31 5.88 5.53 5.44 5.47 5.56 5.47 5.44 5.47 5.56 5.62 5.56 5.38 5.12 4.88 4.44 4.09 3.88 3.78 3.69 3.59 3.56 3.56 3.59 3.62 3.72 3.81 3.88 3.88 3.81 3.78 3.66 3.56 3.44 3.22 2.97 2.78 2.50 2.28 2.06 2.00
11.16 11.28 11.41 11.38 11.38 11.19 10.50 10.53 10.38 10.09 9.75 9.50 9.34 9.25 9.12 9.03 9.19 9.19 9.03 8.97 8.81 8.56 8.50 8.38 8.41 8.28 8.06 7.78 7.50 7.25 7.31 7.47 7.38 7.41 7.34 7.03 6.59 6.16 5.97 5.84 5.88 6.00 6.03 6.00 6.00 6.00 5.94 5.75 5.53 5.28 4.94 4.53 4.19 4.06 3.97 3.88 3.78 3.72 3.69 3.72 3.75 3.78 3.81 3.84 3.91 3.97 3.97 3.91 3.88 3.81 3.72 3.56 3.44 3.31 3.25 3.19 3.16
11.56 11.62 11.75 11.78 11.78 11.72 11.44 11.09 10.75 10.41 10.22 10.03 9.91 9.78 9.75 9.69 9.81 9.81 9.69 9.47 9.25 8.94 8.91 8.75 8.84 8.72 8.41 8.12 7.81 7.75 7.78 7.91 7.94 7.84 7.72 7.44 6.94 6.50 6.28 6.28 6.38 6.47 6.56 6.47 6.47 6.38 6.19 5.81 5.69 5.41 5.06 4.66 4.44 4.31 4.22 4.09 4.00 3.91 3.88 3.88 3.88 3.94 3.97 4.00 4.03 4.03 4.00 3.97 4.00 4.00 3.94 3.84 3.78 3.72 3.69 3.69 3.81
11.94 11.97 12.03 12.09 12.22 12.22 11.88 11.78 11.31 10.81 10.59 10.56 10.44 10.44 10.41 10.53 10.53 10.34 10.28 10.03 9.69 9.47 9.31 9.31 9.28 9.06 8.81 8.44 8.19 8.16 8.22 8.38 8.44 8.34 8.03 7.69 7.00 6.84 6.78 6.69 6.88 7.00 7.03 6.94 6.84 6.69 6.34 6.16 5.84 5.53 5.28 5.06 4.88 4.69 4.56 4.38 4.25 4.16 4.09 4.06 4.06 4.09 4.09 4.12 4.16 4.19 4.16 4.12 4.06 4.00 3.97 3.94 3.91 3.84 3.84 3.88 3.94
12.25 12.28 12.41 12.62 12.72 12.69 12.59 12.34 11.84 11.22 11.12 11.12 10.88 11.09 11.03 11.16 11.16 11.00 10.72 10.41 10.06 10.06 9.94 9.78 9.66 9.50 9.09 8.69 8.66 8.66 8.62 8.84 8.88 8.69 8.38 7.94 7.53 7.34 7.31 7.28 7.38 7.44 7.47 7.34 7.19 6.84 6.69 6.38 6.09 5.75 5.62 5.38 5.28 5.12 4.94 4.81 4.59 4.41 4.31 4.28 4.28 4.28 4.28 4.25 4.25 4.28 4.28 4.25 4.22 4.16 4.06 3.97 3.88 3.81 3.81 3.84 3.91
12.59 12.62 12.88 13.12 13.22 13.22 13.09 12.75 12.16 11.81 11.75 11.47 11.69 11.75 11.69 11.69 11.69 11.44 10.84 10.66 10.62 10.47 10.50 10.41 10.16 9.78 9.25 9.12 9.06 9.16 9.19 9.34 9.28 8.97 8.75 8.25 7.94 7.91 7.88 7.81 7.97 7.94 7.88 7.75 7.47 7.22 6.94 6.66 6.38 6.16 5.94 5.81 5.62 5.50 5.31 5.19 4.91 4.78 4.69 4.66 4.66 4.62 4.59 4.50 4.41 4.38 4.31 4.22 4.22 4.16 4.19 4.09 4.03 3.97 3.97 4.03 4.09
13.38 13.38 13.62 13.72 13.72 13.69 13.53 12.94 12.84 12.59 12.28 12.06 12.22 12.34 12.28 12.19 12.03 11.66 11.41 11.28 11.12 11.06 10.97 10.88 10.53 10.03 9.75 9.56 9.62 9.62 9.78 9.81 9.72 9.53 9.06 8.78 8.56 8.44 8.34 8.31 8.47 8.38 8.16 8.06 7.78 7.44 7.19 6.81 6.72 6.50 6.41 6.22 6.09 5.97 5.78 5.59 5.41 5.25 5.19 5.16 5.06 5.12 5.06 4.94 4.94 4.88 4.72 4.69 4.56 4.38 4.28 4.19 4.09 4.12 4.16 4.22 4.31
13.81 13.97 14.12 14.19 14.16 14.09 13.94 13.66 13.25 13.06 12.97 12.81 12.84 12.78 12.75 12.62 12.31 12.12 11.88 11.81 11.72 11.56 11.34 11.22 10.81 10.59 10.09 10.16 10.06 10.31 10.38 10.31 10.22 10.06 9.69 9.19 9.09 8.88 8.75 8.69 8.91 8.81 8.62 8.38 7.91 7.66 7.38 7.28 7.09 6.97 6.78 6.66 6.56 6.44 6.25 6.03 5.88 5.75 5.62 5.66 5.53 5.56 5.56 5.44 5.41 5.22 5.19 5.12 5.06 4.88 4.56 4.56 4.41 4.34 4.34 4.44 4.53
14.47 14.53 14.56 14.47 14.53 14.47 14.38 14.09 13.84 13.56 13.50 13.41 13.31 13.16 13.16 13.00 12.69 12.38 12.41 12.38 12.28 12.12 11.84 11.56 11.34 10.88 10.69 10.62 10.84 10.91 10.91 10.78 10.69 10.53 9.91 9.66 9.53 9.28 9.25 9.22 9.34 9.22 9.03 8.78 8.38 8.03 7.84 7.62 7.53 7.38 7.25 7.16 7.03 6.88 6.62 6.50 6.34 6.25 6.25 6.19 6.06 6.09 6.03 5.94 5.72 5.75 5.69 5.66 5.47 5.25 5.16 5.03 4.91 4.88 4.81 4.88 4.94
14.72 14.97 14.97 15.00 14.91 14.81 14.66 14.50 14.28 14.09 13.94 13.78 13.59 13.59 13.50 13.22 12.88 12.84 12.84 12.75 12.75 12.56 12.12 11.97 11.75 11.47 11.25 11.19 11.31 11.34 11.41 11.34 11.16 10.81 10.38 10.03 9.81 9.75 9.75 9.84 9.81 9.78 9.56 9.19 8.66 8.41 8.19 8.09 7.97 7.84 7.66 7.62 7.50 7.34 7.06 6.97 6.81 6.75 6.78 6.78 6.72 6.59 6.41 6.31 6.25 6.19 6.16 6.03 6.00 5.81 5.56 5.50 5.47 5.41 5.41 5.34 5.59
14.94 15.16 15.31 15.28 15.16 15.03 14.94 14.81 14.59 14.44 14.25 14.06 14.00 13.91 13.69 13.56 13.41 13.22 13.22 13.09 13.16 12.97 12.56 12.31 12.12 11.75 11.66 11.62 11.72 11.78 11.81 11.69 11.47 10.97 10.72 10.41 10.34 10.25 10.44 10.50 10.44 10.38 10.09 9.38 9.03 8.91 8.66 8.50 8.34 8.28 8.19 8.06 8.00 7.84 7.59 7.50 7.44 7.34 7.34 7.34 7.31 7.16 6.94 6.84 6.75 6.69 6.59 6.59 6.50 6.22 6.12 6.09 5.94 5.94 5.88 6.03 6.12
15.16 15.38 15.53 15.44 15.25 15.19 15.16 15.03 14.72 14.59 14.50 14.31 14.22 14.09 13.97 13.81 13.75 13.66 13.50 13.47 13.47 13.19 13.03 12.59 12.38 11.97 11.94 11.94 12.12 12.16 12.16 12.00 11.72 11.50 11.12 10.97 10.97 11.03 11.06 11.19 11.12 10.97 10.56 10.00 9.62 9.38 9.06 8.97 8.88 8.78 8.72 8.62 8.41 8.34 8.09 8.00 7.94 7.84 7.81 7.88 7.84 7.56 7.41 7.34 7.31 7.19 7.19 7.12 7.00 6.78 6.66 6.62 6.56 6.50 6.47 6.50 6.78
15.38 15.56 15.66 15.75 15.50 15.44 15.28 15.16 15.00 14.88 14.69 14.50 14.41 14.31 14.19 14.19 14.12 14.03 14.00 13.94 13.78 13.59 13.22 12.91 12.50 12.31 12.22 12.25 12.56 12.56 12.47 12.28 12.12 11.94 11.66 11.50 11.50 11.56 11.81 11.84 11.72 11.44 11.03 10.25 10.06 9.84 9.66 9.44 9.38 9.28 9.19 9.09 8.97 8.78 8.62 8.56 8.50 8.41 8.34 8.34 8.25 8.09 7.97 7.94 7.88 7.81 7.69 7.56 7.53 7.34 7.25 7.19 7.09 7.06 7.06 7.16 7.25
15.66 15.69 15.78 15.91 15.91 15.69 15.59 15.47 15.28 15.00 14.78 14.62 14.62 14.53 14.50 14.47 14.41 14.44 14.34 14.31 14.06 13.78 13.34 12.94 12.81 12.59 12.75 12.62 12.88 12.91 12.81 12.69 12.44 12.34 12.09 12.09 12.12 12.19 12.28 12.28 12.22 11.94 11.50 11.06 10.53 10.28 10.19 10.00 9.94 9.81 9.69 9.66 9.41 9.38 9.22 9.12 9.03 9.00 8.97 8.88 8.81 8.62 8.50 8.47 8.41 8.34 8.19 8.12 7.97 7.94 7.78 7.72 7.72 7.62 7.66 7.69 7.84
15.78 15.81 15.91 16.03 16.12 16.03 15.88 15.75 15.44 15.19 14.81 14.75 14.81 14.78 14.69 14.72 14.81 14.88 14.78 14.56 14.38 14.00 13.47 13.31 13.19 13.09 13.03 13.22 13.28 13.19 13.16 13.09 12.88 12.66 12.66 12.66 12.69 12.69 12.72 12.66 12.56 12.31 11.97 11.38 11.16 10.88 10.72 10.72 10.53 10.31 10.25 10.12 10.00 9.94 9.72 9.66 9.62 9.53 9.50 9.56 9.47 9.22 9.09 9.09 9.06 8.91 8.81 8.69 8.56 8.50 8.41 8.34 8.28 8.19 8.22 8.28 8.56
15.91 15.94 16.03 16.12 16.19 16.25 16.16 15.84 15.69 15.38 15.03 14.97 15.03 15.03 15.03 15.12 15.19 15.25 15.19 14.97 14.59 14.25 14.09 13.72 13.75 13.69 13.62 13.44 13.72 13.75 13.59 13.38 13.16 13.06 13.12 13.22 13.22 13.12 13.06 13.00 12.81 12.72 12.47 12.16 11.81 11.44 11.44 11.38 11.28 11.16 10.94 10.78 10.66 10.56 10.38 10.22 10.22 10.12 10.09 10.22 10.19 9.94 9.91 9.94 9.72 9.47 9.31 9.25 9.12 9.06 8.94 8.94 8.78 8.81 8.88 9.25 9.25
16.06 16.06 16.22 16.25 16.28 16.31 16.38 16.12 15.69 15.53 15.38 15.22 15.25 15.31 15.41 15.44 15.56 15.56 15.47 15.28 14.84 14.59 14.50 14.38 14.38 14.25 14.16 14.12 14.09 14.16 13.88 13.62 13.47 13.59 13.62 13.72 13.62 13.56 13.44 13.22 13.22 13.06 12.81 12.56 12.41 12.19 12.06 12.00 11.88 11.91 11.66 11.44 11.41 11.25 10.97 10.84 10.78 10.75 10.72 10.81 10.88 10.78 10.94 10.75 10.25 10.09 9.94 9.84 9.69 9.62 9.53 9.47 9.41 9.53 9.88 10.09 10.34
16.16 16.25 16.34 16.44 16.34 16.41 16.47 16.47 15.81 15.75 15.66 15.62 15.59 15.69 15.75 15.78 15.81 15.78 15.69 15.53 15.19 14.94 14.91 14.91 14.84 14.84 14.72 14.62 14.56 14.44 14.12 14.03 13.97 14.06 14.16 14.12 14.06 13.97 13.81 13.72 13.59 13.41 13.28 13.09 12.94 12.81 12.62 12.59 12.62 12.56 12.16 12.12 12.09 11.94 11.44 11.47 11.41 11.38 11.44 11.28 11.81 12.00 11.84 11.53 11.34 11.00 10.69 10.38 10.31 10.22 10.16 10.16 10.19 10.31 10.72 11.06 11.41
16.25 16.38 16.47 16.66 16.75 16.50 16.56 16.66 16.50 16.12 16.03 15.94 15.91 16.00 16.06 16.06 16.03 16.00 15.88 15.72 15.41 15.31 15.28 15.25 15.25 15.19 15.06 15.00 14.91 14.75 14.59 14.50 14.53 14.53 14.59 14.41 14.34 14.28 14.09 14.06 13.94 13.88 13.72 13.56 13.41 13.31 13.22 13.28 13.25 13.19 12.91 12.81 12.75 12.59 12.16 12.03 12.12 12.25 12.19 12.38 12.44 12.88 12.72 12.25 11.84 11.66 11.12 10.97 10.91 10.81 10.88 11.06 11.31 11.44 11.94 12.38 12.75
16.38 16.47 16.53 16.84 17.28 16.91 16.69 16.75 16.81 16.62 16.34 16.31 16.22 16.25 16.25 16.25 16.25 16.19 16.06 15.91 15.69 15.53 15.47 15.50 15.59 15.50 15.44 15.34 15.25 15.12 15.00 14.94 14.94 14.97 14.97 14.84 14.69 14.41 14.44 14.44 14.41 14.25 14.12 14.00 13.91 13.72 13.59 13.75 13.84 13.72 13.75 13.62 13.50 13.19 12.81 12.66 12.81 13.28 13.03 13.38 13.44 13.69 13.25 13.09 12.59 12.00 11.84 11.69 11.56 11.66 11.88 12.28 12.41 12.47 12.91 13.19 13.12
16.47 16.50 16.56 16.94 17.44 17.25 16.84 16.84 16.91 16.97 16.81 16.69 16.69 16.59 16.53 16.38 16.38 16.34 16.16 16.09 15.94 15.91 15.84 15.88 15.94 15.91 15.84 15.75 15.66 15.56 15.44 15.38 15.31 15.34 15.34 15.19 15.06 14.78 14.78 14.81 14.78 14.59 14.50 14.44 14.31 14.19 14.09 14.09 14.34 14.41 14.28 14.38 14.03 13.66 13.50 13.44 13.88 14.25 14.25 14.41 14.44 14.38 14.06 13.69 13.19 12.62 12.44 12.34 12.12 12.41 12.91 13.03 12.72 12.78 13.03 13.28 13.25
16.53 16.59 16.62 16.78 17.06 17.19 17.16 16.94 16.97 17.03 17.09 17.00 17.03 16.94 16.75 16.59 16.50 16.44 16.31 16.25 16.28 16.28 16.31 16.41 16.41 16.34 16.31 16.22 16.12 16.00 15.88 15.75 15.69 15.66 15.62 15.56 15.44 15.22 15.12 15.12 15.12 14.97 14.88 14.75 14.66 14.62 14.56 14.66 14.72 14.75 15.00 15.00 14.56 14.28 14.31 14.19 14.75 15.03 15.44 15.38 15.22 15.00 14.22 14.19 13.81 13.53 13.28 12.91 12.78 12.94 13.12 13.06 12.91 12.97 13.19 13.50 13.72
16.56 16.62 16.69 16.78 16.91 17.12 17.22 17.28 17.09 17.09 17.16 17.22 17.22 17.06 17.19 17.16 16.94 16.62 16.53 16.50 16.59 16.69 16.75 16.84 16.84 16.81 16.78 16.69 16.56 16.44 16.31 16.19 16.06 16.00 15.91 15.84 15.72 15.53 15.53 15.47 15.47 15.25 15.19 15.22 15.16 15.00 15.03 15.03 15.28 15.47 15.66 15.62 15.41 15.06 15.16 15.25 15.56 15.94 16.09 16.06 16.09 15.88 15.19 15.06 14.66 14.25 13.94 13.53 13.44 13.44 13.38 13.41 13.44 13.56 13.69 13.94 14.25
