everonasctiles/Tile[37,20].asc
ncols 128
nrows 128
xllcorner 0
yllcorner 0
cellsize 2.0
NODATA_value  -9999
[rows 35 to 69 of 128, columns 0 to 77 of 128]
-11.22 -10.81 -10.41 -10.03 -9.62 -9.28 -8.91 -8.59 -8.28 -8.03 -7.75 -7.34 -6.62 -5.62 -4.94 -4.59 -4.47 -4.66 -1.69 0.25 2.91 6.44 7.84 8.50 9.34 10.06 10.88 11.44 11.69 12.12 12.56 13.06 13.50 13.94 14.34 14.66 15.06 15.44 15.81 16.09 16.22 16.25 16.19 16.12 16.03 15.84 15.62 15.28 14.44 13.97 14.00 14.03 14.06 14.09 14.16 14.53 16.19 17.84 19.16 19.94 19.94 19.84 20.12 20.72 21.03 21.59 22.09 22.47 22.94 23.34 23.47 23.31 23.19 23.00 22.66 22.25 22.19 22.34
-10.94 -10.50 -10.06 -9.66 -9.25 -8.88 -8.50 -8.16 -7.88 -7.69 -7.44 -6.84 -6.03 -5.38 -5.06 -4.84 -4.88 -3.94 -0.88 1.81 5.19 7.00 7.66 8.16 9.38 9.94 10.72 10.78 11.44 11.94 12.28 12.88 13.31 13.72 14.06 14.56 14.88 15.38 15.75 15.97 16.06 16.03 15.94 15.81 15.66 15.47 15.06 14.31 13.84 13.88 13.94 14.00 14.03 14.09 14.66 15.81 16.66 17.94 19.53 20.09 20.34 20.50 20.78 21.16 21.50 22.00 22.41 22.69 23.00 23.25 23.41 23.44 23.34 23.16 22.88 22.59 22.47 22.50
-10.66 -10.16 -9.69 -9.25 -8.81 -8.41 -8.00 -7.66 -7.34 -7.16 -6.66 -5.88 -5.28 -5.03 -4.97 -4.94 -4.94 -2.69 -0.38 3.09 6.09 7.56 7.50 8.00 8.88 10.00 10.47 10.97 11.38 11.50 12.03 12.59 13.00 13.41 13.84 14.28 14.78 15.25 15.59 15.75 15.81 15.72 15.59 15.47 15.28 14.91 14.12 13.72 13.75 13.81 13.88 13.94 14.00 14.41 15.47 16.34 16.94 17.97 19.44 19.88 20.25 20.66 21.06 21.47 21.84 22.22 22.53 22.81 23.03 23.22 23.31 23.31 23.22 23.03 22.81 22.62 22.50 22.47
-10.34 -9.78 -9.28 -8.78 -8.34 -7.91 -7.47 -7.06 -6.69 -6.19 -5.47 -4.81 -4.62 -4.72 -4.88 -4.97 -4.31 -1.50 0.78 2.81 5.78 7.03 7.50 8.06 8.78 9.41 9.81 9.91 10.72 11.09 11.75 12.25 12.56 13.09 13.69 14.19 14.62 15.03 15.34 15.47 15.47 15.41 15.25 15.06 14.75 14.00 13.59 13.62 13.69 13.75 13.81 13.88 14.09 14.84 15.75 16.31 17.22 17.91 18.94 19.44 20.00 20.59 21.16 21.69 22.09 22.41 22.69 22.91 23.06 23.16 23.16 23.12 23.00 22.84 22.66 22.53 22.44 22.38
-9.97 -9.38 -8.81 -8.28 -7.81 -7.34 -6.88 -6.41 -5.78 -5.06 -4.38 -4.03 -4.16 -4.50 -4.81 -4.97 -2.97 -0.16 1.19 3.62 5.66 7.09 7.69 8.28 8.62 8.62 9.47 9.94 10.28 10.84 11.41 11.88 12.38 12.94 13.47 13.97 14.41 14.78 15.06 15.09 15.06 14.97 14.84 14.62 13.94 13.50 13.53 13.59 13.66 13.69 13.75 13.78 14.22 14.94 15.88 16.41 17.12 17.47 18.09 18.94 19.75 20.50 21.22 21.84 22.28 22.62 22.84 22.97 23.03 23.06 23.00 22.91 22.81 22.69 22.56 22.47 22.41 22.34
-9.59 -8.91 -8.25 -7.69 -7.19 -6.72 -6.25 -5.62 -4.91 -4.28 -3.84 -3.75 -4.00 -4.41 -4.81 -4.12 -1.59 0.59 2.59 4.06 5.81 7.22 7.59 7.41 8.53 8.94 9.38 9.69 10.28 10.78 11.25 11.75 12.22 12.75 13.31 13.75 14.06 14.53 14.75 14.81 14.62 14.53 14.38 13.84 13.41 13.41 13.47 13.53 13.59 13.59 13.44 13.62 14.16 14.81 16.03 16.69 17.00 17.09 17.66 18.56 19.56 20.53 21.38 22.06 22.53 22.81 22.97 23.00 23.00 22.94 22.88 22.78 22.69 22.62 22.53 22.44 22.38 22.31
-9.09 -8.28 -7.50 -6.84 -6.41 -6.06 -5.62 -5.12 -4.53 -3.91 -3.56 -3.56 -3.91 -4.28 -4.22 -2.56 -1.00 1.56 3.50 5.12 6.56 7.88 8.03 8.34 8.72 9.06 9.59 9.75 10.28 10.75 11.22 11.69 12.12 12.69 13.16 13.56 13.94 14.22 14.44 14.41 14.38 14.09 13.69 13.31 13.25 13.31 13.38 13.44 13.47 12.97 12.66 13.31 14.16 14.81 15.72 16.31 16.50 16.78 17.53 18.41 19.62 20.81 21.72 22.34 22.72 22.97 22.38 21.84 22.25 22.84 22.78 22.69 22.62 22.56 22.47 22.41 22.34 22.31
-8.56 -7.66 -6.88 -6.28 -5.84 -5.56 -5.19 -4.78 -4.28 -3.75 -3.47 -3.50 -3.66 -3.59 -2.84 -1.47 0.34 2.31 4.09 5.75 7.41 8.34 8.41 8.22 9.06 9.53 9.84 9.94 10.31 10.75 11.22 11.66 12.19 12.62 12.97 13.34 13.66 13.88 14.00 14.12 14.06 13.75 13.25 13.12 13.19 13.25 13.31 13.34 12.91 11.72 12.12 13.12 14.41 15.16 15.69 15.97 16.19 16.62 17.38 18.44 20.06 21.44 22.16 22.59 22.88 23.03 21.88 20.75 21.19 22.78 22.72 22.66 22.59 22.53 22.47 22.41 22.34 22.31
-8.09 -7.22 -6.50 -5.91 -5.41 -5.00 -4.53 -4.09 -3.69 -3.22 -2.88 -2.75 -2.56 -2.16 -1.66 -0.78 0.78 2.66 4.22 5.94 7.66 8.50 8.72 8.94 9.12 9.84 9.81 10.12 10.44 10.81 11.22 11.66 12.16 12.53 12.81 13.09 13.31 13.47 13.69 13.78 13.72 13.28 13.03 13.06 13.12 13.19 13.25 12.97 11.66 11.28 12.06 13.72 14.94 15.66 16.03 16.16 16.22 16.56 17.22 18.62 20.62 22.03 22.47 22.78 22.97 23.03 21.97 21.25 22.12 22.75 22.69 22.62 22.56 22.50 22.44 22.41 22.34 22.34
-7.69 -6.84 -6.06 -5.41 -4.84 -4.31 -3.84 -3.41 -2.88 -2.28 -1.88 -1.66 -1.53 -1.34 -0.97 -0.28 0.97 2.69 4.38 5.66 7.19 8.34 8.28 9.31 9.81 9.91 10.19 10.41 10.66 10.97 11.31 11.62 12.06 12.34 12.56 12.78 12.91 13.22 13.41 13.50 13.31 12.97 12.94 12.97 13.03 13.09 13.00 12.00 11.06 11.41 12.94 14.56 15.47 16.09 16.44 16.50 16.44 16.72 17.44 19.00 21.16 22.25 22.69 22.91 23.03 23.03 22.34 21.56 22.78 22.72 22.66 22.59 22.56 22.50 22.44 22.41 22.38 22.41
-7.22 -6.34 -5.56 -4.88 -4.25 -3.72 -3.25 -2.81 -2.31 -1.81 -1.44 -1.25 -1.06 -0.84 -0.47 0.09 1.03 2.50 4.44 6.19 7.53 8.38 9.03 9.59 9.94 10.41 10.47 10.47 10.66 10.91 11.19 11.47 11.81 11.97 12.19 12.47 12.72 13.00 13.16 13.22 12.97 12.81 12.84 12.91 12.94 12.94 12.19 11.12 11.16 12.28 13.94 15.09 15.81 16.38 16.78 16.81 16.75 17.00 17.94 19.62 21.47 22.41 22.84 23.03 23.09 23.06 22.75 22.88 22.78 22.72 22.66 22.59 22.53 22.47 22.44 22.41 22.41 22.47
-6.72 -5.88 -5.06 -4.38 -3.81 -3.31 -2.84 -2.38 -1.88 -1.47 -1.16 -0.94 -0.75 -0.47 -0.12 0.31 0.97 2.06 3.59 5.62 6.69 8.44 9.34 9.78 10.53 10.84 10.81 10.34 10.47 10.69 10.97 11.25 11.47 11.69 11.84 12.12 12.44 12.62 12.94 12.94 12.72 12.72 12.75 12.81 12.84 12.47 11.25 11.06 11.78 13.34 14.53 15.44 16.12 16.69 17.03 17.06 16.97 17.34 18.53 20.28 21.56 22.47 23.00 23.16 23.16 23.06 22.94 22.88 22.78 22.72 22.66 22.59 22.53 22.44 22.41 22.41 22.41 22.41
-6.16 -5.38 -4.66 -4.00 -3.50 -3.00 -2.53 -2.09 -1.66 -1.25 -0.97 -0.75 -0.53 -0.22 0.09 0.44 0.84 1.41 2.75 4.47 6.28 7.66 9.03 9.66 10.34 11.16 10.91 10.38 10.25 10.44 10.72 11.00 11.22 11.38 11.62 11.84 12.22 12.47 12.72 12.69 12.59 12.62 12.66 12.72 12.66 11.88 11.12 11.44 12.59 13.78 14.69 15.56 16.34 17.03 17.28 17.19 17.16 17.69 19.06 20.56 21.69 22.56 23.12 23.25 23.19 23.06 22.97 22.88 22.78 22.72 22.66 22.59 22.53 22.41 22.41 22.41 22.44 22.38
-5.50 -4.88 -4.25 -3.72 -3.25 -2.78 -2.38 -1.91 -1.47 -1.12 -0.88 -0.62 -0.34 -0.06 0.22 0.47 0.72 0.97 1.59 3.22 4.69 6.88 8.44 9.38 10.38 10.94 10.78 10.22 10.03 10.22 10.47 10.75 11.00 11.19 11.44 11.75 12.06 12.31 12.50 12.50 12.47 12.50 12.56 12.59 12.28 11.38 11.56 12.16 13.19 14.00 14.75 15.56 16.38 17.06 17.28 17.19 17.28 17.94 19.34 20.75 21.81 22.72 23.19 23.28 23.22 23.09 23.00 22.91 22.81 22.72 22.66 22.59 22.56 22.41 22.41 22.44 22.44 22.34
-4.75 -4.31 -3.88 -3.47 -3.03 -2.62 -2.22 -1.78 -1.41 -1.09 -0.78 -0.50 -0.22 0.06 0.31 0.50 0.62 0.75 1.06 2.44 3.84 5.62 7.72 9.56 10.91 11.19 10.78 10.00 9.91 10.09 10.38 10.66 10.91 11.12 11.38 11.66 11.94 12.16 12.38 12.34 12.38 12.41 12.44 12.44 11.62 11.22 11.78 12.62 13.31 14.03 14.72 15.44 16.12 16.75 17.03 17.12 17.34 18.06 19.50 20.91 22.03 22.94 23.25 23.31 23.22 23.12 23.03 22.97 22.84 22.75 22.69 22.59 22.56 22.41 22.44 22.44 22.44 22.34
-4.06 -3.78 -3.47 -3.12 -2.81 -2.44 -2.06 -1.66 -1.31 -0.97 -0.66 -0.34 -0.06 0.19 0.38 0.50 0.59 0.66 1.00 2.03 3.22 4.69 7.06 8.97 11.34 11.59 11.03 9.81 9.88 10.06 10.34 10.62 10.88 11.09 11.34 11.59 11.84 12.09 12.25 12.22 12.25 12.28 12.34 12.06 10.72 11.00 12.03 12.75 13.19 13.81 14.50 15.12 15.72 16.28 16.69 17.06 17.38 18.03 19.50 21.03 22.22 23.12 23.31 23.34 23.28 23.19 23.12 23.03 22.91 22.81 22.69 22.62 22.56 22.41 22.44 22.47 22.47 22.34
-3.53 -3.28 -3.03 -2.72 -2.44 -2.12 -1.78 -1.41 -1.06 -0.75 -0.47 -0.19 0.06 0.25 0.41 0.50 0.59 0.66 1.38 2.62 3.50 4.50 6.62 8.81 10.75 11.06 10.69 9.69 9.88 10.09 10.38 10.62 10.88 11.12 11.34 11.59 11.81 12.06 12.12 12.12 12.12 12.19 12.22 11.31 10.22 10.81 12.25 12.69 13.03 13.53 14.19 14.78 15.28 15.84 16.38 16.91 17.34 18.00 19.56 21.16 22.28 23.25 23.41 23.44 23.34 23.25 23.19 23.09 22.97 22.84 22.72 22.62 22.56 22.44 22.44 22.44 22.47 22.38
-3.03 -2.78 -2.53 -2.28 -2.03 -1.72 -1.41 -1.09 -0.81 -0.53 -0.28 -0.03 0.16 0.31 0.44 0.53 0.72 1.06 2.03 2.97 3.94 5.50 7.59 9.66 10.50 10.41 9.88 9.66 9.94 10.19 10.44 10.72 10.94 11.16 11.34 11.53 11.75 12.00 12.00 12.00 12.03 12.06 12.00 10.62 10.16 11.12 12.28 12.62 12.94 13.38 13.81 14.31 14.84 15.41 16.03 16.66 17.25 18.12 19.78 21.31 22.34 23.28 23.53 23.53 23.41 23.34 23.25 23.16 23.03 22.91 22.75 22.62 22.59 22.47 22.41 22.44 22.44 22.44
-2.66 -2.41 -2.16 -1.91 -1.66 -1.38 -1.09 -0.84 -0.59 -0.34 -0.12 0.06 0.22 0.34 0.47 0.53 1.00 1.59 2.41 3.16 4.00 5.16 7.88 9.41 10.06 9.62 9.38 9.66 10.00 10.28 10.56 10.81 11.03 11.22 11.38 11.53 11.78 11.94 11.88 11.91 11.94 11.97 11.62 9.94 10.19 11.44 12.22 12.59 12.94 13.25 13.56 13.97 14.50 15.06 15.69 16.34 17.03 18.25 20.03 21.47 22.44 23.31 23.59 23.59 23.50 23.41 23.31 23.22 23.09 22.94 22.78 22.66 22.59 22.53 22.44 22.44 22.44 22.50
-2.34 -2.09 -1.88 -1.66 -1.38 -1.12 -0.88 -0.62 -0.41 -0.22 -0.03 0.16 0.28 0.41 0.50 0.56 1.22 2.06 2.62 3.06 3.72 4.81 6.72 8.34 9.09 9.03 9.28 9.66 10.06 10.38 10.66 10.91 11.12 11.31 11.47 11.62 11.78 11.81 11.78 11.81 11.81 11.84 10.91 9.53 10.19 11.66 12.16 12.53 12.88 13.16 13.38 13.72 14.25 14.84 15.44 16.12 16.84 18.31 20.31 21.66 22.50 23.25 23.56 23.62 23.56 23.44 23.38 23.28 23.16 23.00 22.84 22.69 22.59 22.53 22.47 22.44 22.47 22.56
-2.12 -1.88 -1.66 -1.44 -1.16 -0.91 -0.69 -0.47 -0.25 -0.09 0.06 0.22 0.34 0.50 0.59 0.69 1.22 2.06 2.81 3.38 3.62 4.03 5.12 6.25 7.47 8.44 9.09 9.62 10.06 10.41 10.69 10.94 11.19 11.38 11.56 11.72 11.81 11.69 11.66 11.69 11.72 11.72 10.16 9.19 10.34 11.72 12.12 12.53 12.84 13.06 13.25 13.56 14.06 14.69 15.28 15.91 16.66 18.22 20.22 21.50 22.22 22.91 23.44 23.62 23.62 23.47 23.41 23.31 23.22 23.06 22.91 22.75 22.62 22.53 22.47 22.41 22.44 22.50
-1.97 -1.72 -1.47 -1.22 -0.97 -0.75 -0.53 -0.34 -0.16 0.00 0.16 0.25 0.44 0.66 0.78 0.84 1.25 2.06 2.81 3.16 3.47 4.06 5.00 6.12 7.22 8.19 8.97 9.59 10.03 10.41 10.69 10.94 11.19 11.38 11.56 11.72 11.72 11.53 11.56 11.59 11.62 11.44 9.69 9.38 10.75 11.72 12.16 12.56 12.88 13.06 13.25 13.56 14.06 14.62 15.25 15.88 16.59 18.00 19.72 20.81 21.47 22.31 23.25 23.50 23.56 23.44 23.38 23.34 23.25 23.12 22.97 22.81 22.66 22.53 22.44 22.41 22.38 22.41
-1.84 -1.59 -1.34 -1.09 -0.84 -0.62 -0.41 -0.22 -0.06 0.06 0.19 0.31 0.53 0.75 0.84 1.06 1.41 2.09 2.69 2.78 3.06 3.66 4.56 5.81 7.06 8.09 8.94 9.53 9.97 10.31 10.62 10.88 11.12 11.31 11.47 11.62 11.56 11.44 11.47 11.50 11.50 11.09 9.50 9.62 11.06 11.75 12.22 12.62 12.84 13.00 13.25 13.69 14.19 14.72 15.28 15.88 16.53 17.75 19.19 20.16 20.72 21.75 22.94 23.22 23.38 23.41 23.38 23.34 23.28 23.16 23.03 22.84 22.69 22.56 22.44 22.38 22.31 22.34
-1.81 -1.53 -1.25 -1.00 -0.75 -0.53 -0.34 -0.16 -0.03 0.12 0.22 0.34 0.69 0.94 1.03 1.16 1.53 2.12 2.69 2.97 3.12 3.69 4.72 6.00 7.16 8.16 8.91 9.47 9.91 10.22 10.50 10.75 10.97 11.16 11.31 11.44 11.38 11.31 11.34 11.38 11.41 10.78 9.69 10.00 11.31 11.84 12.25 12.66 12.81 13.00 13.34 13.84 14.38 14.88 15.41 15.91 16.53 17.50 18.75 19.78 20.47 21.59 22.53 22.94 23.19 23.31 23.34 23.34 23.31 23.19 23.03 22.84 22.66 22.53 22.38 22.31 22.25 22.25
-1.78 -1.50 -1.22 -0.97 -0.72 -0.50 -0.28 -0.12 0.03 0.12 0.25 0.47 0.81 1.12 1.12 1.22 1.75 2.56 3.12 3.25 3.28 3.88 5.03 6.25 7.31 8.19 8.88 9.38 9.78 10.09 10.34 10.56 10.78 10.97 11.09 11.22 11.25 11.25 11.28 11.28 11.31 10.56 10.00 10.41 11.47 11.97 12.34 12.66 12.78 13.00 13.47 14.03 14.59 15.12 15.66 16.16 16.69 17.50 18.56 19.66 20.59 21.62 22.31 22.75 23.06 23.25 23.34 23.38 23.28 23.16 22.97 22.78 22.59 22.44 22.31 22.22 22.19 22.19
-1.78 -1.50 -1.22 -0.97 -0.72 -0.47 -0.28 -0.09 0.03 0.16 0.28 0.59 0.94 1.09 1.09 1.19 1.91 2.88 3.44 3.50 3.56 4.22 5.41 6.50 7.47 8.22 8.81 9.28 9.62 9.94 10.16 10.34 10.56 10.72 10.88 11.06 11.16 11.19 11.22 11.22 11.22 10.47 10.25 10.88 11.78 12.06 12.41 12.66 12.75 13.03 13.59 14.22 14.81 15.41 15.97 16.56 17.06 17.66 18.59 19.62 20.66 21.62 22.22 22.62 23.00 23.25 23.41 23.41 23.28 23.09 22.88 22.66 22.47 22.28 22.16 22.09 22.06 22.09
-1.84 -1.56 -1.28 -1.00 -0.72 -0.47 -0.25 -0.06 0.09 0.19 0.34 0.66 1.06 1.19 1.06 1.09 1.97 2.88 3.50 3.84 4.00 4.66 5.75 6.75 7.56 8.22 8.72 9.16 9.47 9.75 9.97 10.16 10.31 10.47 10.62 10.97 11.09 11.12 11.16 11.16 11.06 10.34 10.53 11.31 12.06 12.19 12.44 12.69 12.88 13.22 13.84 14.47 15.03 15.62 16.19 16.81 17.41 17.94 18.75 19.75 20.72 21.50 22.06 22.53 22.97 23.31 23.50 23.50 23.25 22.97 22.69 22.44 22.22 22.06 21.94 21.88 21.91 21.97
-1.94 -1.66 -1.34 -1.06 -0.78 -0.50 -0.22 0.00 0.16 0.28 0.44 0.72 1.00 1.09 0.91 1.12 2.00 3.09 3.81 4.16 4.44 5.12 6.06 6.88 7.56 8.12 8.59 8.97 9.28 9.53 9.75 9.94 10.09 10.22 10.47 10.91 11.03 11.06 11.06 11.09 10.91 10.53 10.75 11.75 12.31 12.47 12.56 12.88 13.12 13.53 14.09 14.72 15.28 15.78 16.31 16.91 17.47 18.12 18.94 19.81 20.53 21.19 21.75 22.38 22.97 23.44 23.69 23.62 23.19 22.69 22.41 22.22 21.91 21.72 21.59 21.59 21.69 21.84
-2.06 -1.75 -1.47 -1.16 -0.81 -0.50 -0.19 0.06 0.28 0.44 0.53 0.72 0.91 0.75 1.03 1.47 2.31 3.38 4.09 4.44 4.78 5.47 6.22 6.88 7.47 7.94 8.38 8.75 9.06 9.34 9.56 9.72 9.88 10.03 10.41 10.94 10.97 11.00 11.00 11.09 10.88 10.69 11.25 12.16 12.59 12.69 12.78 13.12 13.44 13.91 14.41 14.88 15.41 15.84 16.34 16.84 17.44 18.16 18.91 19.59 20.19 20.75 21.34 22.03 22.91 23.59 23.81 23.69 23.19 22.47 21.97 21.78 21.53 21.25 21.19 21.25 21.41 21.66
-2.19 -1.88 -1.56 -1.22 -0.88 -0.50 -0.12 0.19 0.47 0.59 0.56 0.72 0.91 1.12 1.44 2.09 2.81 3.69 4.41 4.88 5.12 5.66 6.22 6.75 7.25 7.69 8.09 8.47 8.84 9.12 9.38 9.56 9.72 9.94 10.53 10.94 10.94 10.94 10.94 11.12 11.06 11.31 11.81 12.44 12.72 12.84 12.97 13.41 13.84 14.34 14.75 15.09 15.44 15.84 16.34 16.84 17.44 18.09 18.75 19.25 19.84 20.56 21.34 22.22 23.00 23.50 23.72 23.66 23.25 22.41 21.72 21.38 20.91 20.59 20.50 20.72 21.09 21.47
-2.31 -2.00 -1.66 -1.28 -0.91 -0.47 -0.03 0.34 0.62 0.69 0.66 0.78 1.06 1.44 1.97 2.59 3.34 4.00 4.56 4.97 5.38 5.72 6.09 6.50 6.94 7.38 7.78 8.19 8.62 8.97 9.25 9.47 9.66 9.91 10.66 10.94 10.94 10.94 10.94 11.28 11.47 11.75 12.25 12.69 12.94 13.09 13.31 13.72 14.19 14.69 14.94 15.19 15.44 15.72 16.12 16.72 17.38 18.03 18.56 19.00 19.78 20.66 21.53 22.59 23.09 23.25 23.31 23.34 23.09 22.41 21.59 20.97 20.25 19.78 19.72 20.19 20.75 21.25
-2.44 -2.09 -1.75 -1.34 -0.91 -0.41 0.06 0.47 0.69 0.72 0.78 1.00 1.28 1.78 2.41 3.06 3.62 4.09 4.47 4.91 5.34 5.66 5.94 6.25 6.66 7.03 7.47 7.94 8.50 9.00 9.34 9.59 9.75 10.06 10.75 10.91 10.91 10.94 10.97 11.47 11.72 12.12 12.59 12.97 13.22 13.41 13.66 13.81 14.34 14.78 14.97 15.19 15.41 15.62 16.00 16.56 17.22 17.84 18.44 19.00 20.16 21.19 22.00 22.72 22.81 22.72 22.59 22.56 22.56 22.16 21.41 20.56 19.69 19.22 19.28 19.78 20.53 21.00
-2.56 -2.22 -1.84 -1.38 -0.88 -0.31 0.19 0.56 0.69 0.78 0.97 1.25 1.59 2.19 2.84 3.38 3.84 4.16 4.47 4.88 5.22 5.56 5.91 6.22 6.53 6.84 7.22 7.81 8.50 9.09 9.50 9.78 10.00 10.31 10.84 10.91 10.91 10.91 11.06 11.66 11.97 12.44 12.91 13.25 13.50 13.72 13.94 14.09 14.34 14.78 14.97 15.19 15.44 15.72 16.12 16.62 17.16 17.75 18.31 19.19 20.38 21.41 22.19 22.34 22.16 21.94 21.66 21.56 21.62 21.41 20.91 19.91 19.00 19.00 19.41 19.78 20.59 21.00
-2.66 -2.31 -1.91 -1.41 -0.84 -0.22 0.31 0.66 0.75 0.88 1.16 1.50 1.88 2.47 3.12 3.72 4.09 4.31 4.50 4.84 5.19 5.50 5.94 6.28 6.56 6.84 7.16 7.84 8.56 9.16 9.62 9.97 10.16 10.53 10.91 10.91 10.91 10.91 11.22 11.94 12.34 12.78 13.16 13.47 13.78 14.00 14.16 14.19 14.47 15.06 15.34 15.38 15.56 15.94 16.38 16.81 17.28 17.84 18.34 19.28 20.34 21.03 21.62 21.50 21.28 20.88 20.53 20.41 20.50 20.28 19.75 19.03 18.62 18.94 19.16 19.94 21.00 21.34
-2.75 -2.41 -1.97 -1.44 -0.78 -0.09 0.44 0.72 0.78 1.03 1.38 1.78 2.16 2.66 3.31 3.91 4.28 4.44 4.56 4.78 5.09 5.41 5.75 6.22 6.56 6.91 7.31 8.03 8.84 9.38 9.81 10.19 10.47 10.75 10.88 10.91 10.91 10.91 11.44 12.53 12.91 13.19 13.44 13.69 13.88 13.91 13.78 13.69 14.19 15.12 15.50 15.44 15.72 16.16 16.59 17.00 17.41 17.91 18.41 19.19 20.00 20.66 20.75 20.56 20.28 19.62 19.19 19.09 19.25 19.03 18.44 18.09 18.38 18.47 19.19 20.34 21.41 21.88
