everonasctiles/Tile45,7.asc
ncols 128
nrows 128
xllcorner 0
yllcorner 0
cellsize 2.0
NODATA_value  -9999
[rows 70 to 104 of 128, columns 0 to 77 of 128]
6.53 6.41 4.84 2.75 1.91 1.09 0.44 -0.06 -0.50 -0.91 -1.31 -1.72 -2.09 -2.47 -2.84 -3.22 -3.62 -4.00 -4.34 -4.72 -5.03 -5.22 -5.38 -5.41 -5.44 -5.47 -5.53 -5.50 -5.41 -5.31 -5.19 -5.06 -4.88 -4.62 -4.38 -4.19 -4.09 -4.09 -4.12 -4.25 -4.19 -4.22 -4.34 -4.44 -4.53 -4.66 -4.81 -4.62 -4.47 -4.44 -4.06 -3.97 -3.94 -4.00 -4.12 -4.41 -4.41 -4.31 -4.16 -4.09 -3.94 -3.78 -3.56 -3.41 -3.34 -3.41 -3.59 -3.94 -4.22 -4.44 -4.53 -4.62 -4.69 -4.78 -4.97 -5.06 -5.16 -5.19
6.53 6.44 5.03 2.97 2.06 1.22 0.44 -0.09 -0.47 -0.88 -1.28 -1.66 -2.06 -2.44 -2.81 -3.25 -3.62 -4.03 -4.38 -4.72 -5.03 -5.25 -5.44 -5.50 -5.53 -5.59 -5.59 -5.56 -5.53 -5.41 -5.31 -5.19 -4.97 -4.75 -4.53 -4.38 -4.31 -4.28 -4.38 -4.59 -4.62 -4.81 -4.75 -4.75 -4.91 -5.00 -5.09 -5.03 -4.75 -4.47 -4.19 -4.06 -3.97 -4.03 -4.12 -4.34 -4.47 -4.44 -4.34 -4.22 -4.12 -4.03 -3.91 -3.75 -3.72 -3.75 -3.91 -4.12 -4.34 -4.47 -4.53 -4.56 -4.56 -4.69 -4.81 -4.88 -4.97 -5.06
6.56 6.50 5.16 3.09 2.12 1.28 0.50 -0.06 -0.44 -0.81 -1.22 -1.59 -2.00 -2.38 -2.75 -3.19 -3.59 -4.00 -4.38 -4.69 -5.00 -5.25 -5.47 -5.56 -5.59 -5.62 -5.66 -5.66 -5.62 -5.53 -5.44 -5.31 -5.09 -4.88 -4.69 -4.56 -4.50 -4.56 -4.72 -4.84 -4.84 -4.84 -4.81 -4.94 -5.09 -5.12 -5.12 -5.06 -4.84 -4.47 -4.28 -4.16 -4.09 -4.12 -4.25 -4.38 -4.47 -4.47 -4.44 -4.34 -4.31 -4.25 -4.19 -4.12 -4.09 -4.16 -4.25 -4.41 -4.56 -4.62 -4.62 -4.59 -4.59 -4.62 -4.66 -4.78 -4.88 -4.94
6.62 6.53 5.19 3.09 2.09 1.31 0.59 0.09 -0.31 -0.72 -1.12 -1.53 -1.94 -2.31 -2.66 -3.06 -3.47 -3.91 -4.28 -4.59 -4.94 -5.22 -5.41 -5.56 -5.62 -5.69 -5.72 -5.72 -5.69 -5.62 -5.53 -5.41 -5.19 -4.97 -4.81 -4.69 -4.62 -4.69 -4.75 -4.75 -4.81 -4.88 -4.94 -5.00 -5.16 -5.16 -5.00 -4.97 -4.75 -4.53 -4.38 -4.28 -4.22 -4.25 -4.34 -4.41 -4.50 -4.50 -4.50 -4.47 -4.47 -4.47 -4.44 -4.44 -4.47 -4.50 -4.59 -4.69 -4.75 -4.78 -4.75 -4.69 -4.66 -4.62 -4.62 -4.69 -4.72 -4.69
6.66 6.59 5.16 2.75 1.88 1.31 0.78 0.31 -0.16 -0.59 -1.03 -1.47 -1.88 -2.22 -2.56 -2.91 -3.31 -3.75 -4.12 -4.47 -4.84 -5.09 -5.31 -5.50 -5.62 -5.72 -5.75 -5.75 -5.75 -5.72 -5.66 -5.50 -5.22 -5.00 -4.84 -4.72 -4.66 -4.66 -4.72 -4.81 -4.94 -5.03 -5.00 -5.00 -5.06 -5.00 -4.91 -4.81 -4.69 -4.56 -4.50 -4.44 -4.38 -4.41 -4.44 -4.50 -4.53 -4.56 -4.56 -4.56 -4.56 -4.59 -4.66 -4.72 -4.75 -4.81 -4.88 -4.91 -4.91 -4.91 -4.84 -4.75 -4.69 -4.62 -4.59 -4.59 -4.59 -4.56
6.72 6.62 5.09 2.62 1.94 1.47 0.97 0.47 0.00 -0.47 -0.91 -1.31 -1.75 -2.12 -2.47 -2.81 -3.19 -3.53 -3.94 -4.34 -4.69 -4.97 -5.22 -5.41 -5.56 -5.69 -5.78 -5.78 -5.78 -5.78 -5.75 -5.66 -5.41 -5.09 -4.91 -4.75 -4.66 -4.66 -4.75 -4.81 -4.97 -5.00 -4.91 -4.88 -4.91 -4.81 -4.75 -4.69 -4.66 -4.59 -4.56 -4.53 -4.53 -4.53 -4.56 -4.56 -4.59 -4.62 -4.62 -4.66 -4.69 -4.72 -4.81 -4.88 -4.97 -5.03 -5.09 -5.12 -5.09 -5.03 -4.94 -4.81 -4.69 -4.59 -4.53 -4.53 -4.50 -4.47
6.75 6.66 4.75 2.56 2.06 1.59 1.09 0.62 0.12 -0.31 -0.78 -1.22 -1.62 -2.00 -2.34 -2.69 -3.03 -3.34 -3.78 -4.22 -4.56 -4.84 -5.09 -5.28 -5.44 -5.62 -5.78 -5.75 -5.78 -5.78 -5.78 -5.72 -5.53 -5.25 -5.00 -4.81 -4.72 -4.66 -4.62 -4.66 -4.78 -4.81 -4.62 -4.69 -4.69 -4.62 -4.59 -4.59 -4.62 -4.62 -4.62 -4.62 -4.62 -4.66 -4.66 -4.66 -4.66 -4.69 -4.72 -4.72 -4.78 -4.84 -4.91 -5.00 -5.09 -5.16 -5.22 -5.22 -5.19 -5.09 -5.00 -4.84 -4.72 -4.59 -4.50 -4.47 -4.44 -4.38
6.78 6.72 4.91 2.94 2.31 1.72 1.22 0.72 0.25 -0.22 -0.66 -1.09 -1.53 -1.91 -2.22 -2.56 -2.88 -3.16 -3.50 -4.03 -4.41 -4.69 -4.94 -5.16 -5.34 -5.53 -5.69 -5.78 -5.78 -5.78 -5.78 -5.72 -5.59 -5.34 -5.09 -4.97 -4.81 -4.66 -4.47 -4.50 -4.56 -4.56 -4.53 -4.53 -4.56 -4.50 -4.47 -4.53 -4.59 -4.69 -4.72 -4.75 -4.78 -4.78 -4.75 -4.75 -4.75 -4.75 -4.78 -4.81 -4.84 -4.94 -5.03 -5.09 -5.19 -5.25 -5.31 -5.31 -5.28 -5.19 -5.06 -4.91 -4.75 -4.62 -4.50 -4.44 -4.38 -4.31
6.84 6.75 5.19 3.66 2.72 1.78 1.28 0.78 0.31 -0.12 -0.59 -1.00 -1.41 -1.78 -2.12 -2.44 -2.75 -2.97 -3.22 -3.78 -4.25 -4.50 -4.78 -5.00 -5.22 -5.41 -5.53 -5.66 -5.75 -5.78 -5.75 -5.69 -5.62 -5.44 -5.22 -5.06 -4.75 -4.59 -4.41 -4.44 -4.38 -4.38 -4.34 -4.38 -4.41 -4.38 -4.41 -4.50 -4.62 -4.75 -4.81 -4.88 -4.91 -4.91 -4.88 -4.84 -4.84 -4.88 -4.88 -4.88 -4.94 -5.00 -5.09 -5.19 -5.25 -5.34 -5.38 -5.38 -5.34 -5.25 -5.12 -4.97 -4.81 -4.62 -4.50 -4.41 -4.34 -4.25
6.88 6.78 5.41 3.84 2.81 1.84 1.34 0.88 0.41 -0.06 -0.47 -0.88 -1.28 -1.69 -2.03 -2.31 -2.59 -2.84 -3.00 -3.41 -3.97 -4.31 -4.59 -4.84 -5.03 -5.22 -5.38 -5.50 -5.62 -5.72 -5.66 -5.62 -5.59 -5.53 -5.44 -5.12 -4.94 -4.75 -4.44 -4.44 -4.34 -4.22 -4.19 -4.22 -4.28 -4.31 -4.41 -4.53 -4.66 -4.81 -4.94 -4.97 -5.00 -5.03 -5.00 -4.97 -4.97 -4.97 -4.97 -4.97 -5.03 -5.09 -5.19 -5.25 -5.31 -5.38 -5.41 -5.41 -5.38 -5.28 -5.16 -5.00 -4.84 -4.66 -4.50 -4.41 -4.28 -4.19
7.00 6.88 5.41 3.50 2.66 1.81 1.38 0.94 0.53 0.03 -0.38 -0.78 -1.22 -1.59 -1.94 -2.22 -2.47 -2.66 -2.84 -3.12 -3.62 -4.06 -4.41 -4.66 -4.81 -5.00 -5.19 -5.31 -5.44 -5.53 -5.59 -5.59 -5.53 -5.50 -5.47 -5.28 -5.12 -4.88 -4.56 -4.41 -4.28 -4.19 -4.12 -4.12 -4.19 -4.28 -4.41 -4.56 -4.72 -4.91 -5.03 -5.09 -5.12 -5.12 -5.12 -5.12 -5.09 -5.06 -5.06 -5.06 -5.12 -5.19 -5.25 -5.31 -5.41 -5.44 -5.47 -5.47 -5.41 -5.31 -5.19 -5.03 -4.88 -4.66 -4.50 -4.38 -4.25 -4.12
7.09 6.94 5.34 3.34 2.53 1.81 1.47 1.06 0.69 0.19 -0.28 -0.72 -1.12 -1.50 -1.84 -2.12 -2.34 -2.50 -2.69 -2.97 -3.41 -3.75 -4.12 -4.44 -4.62 -4.81 -4.97 -5.12 -5.28 -5.38 -5.50 -5.50 -5.44 -5.44 -5.44 -5.34 -5.16 -4.91 -4.62 -4.44 -4.31 -4.19 -4.12 -4.09 -4.16 -4.25 -4.41 -4.56 -4.75 -4.94 -5.09 -5.22 -5.25 -5.25 -5.25 -5.22 -5.22 -5.22 -5.19 -5.19 -5.22 -5.28 -5.34 -5.41 -5.47 -5.53 -5.53 -5.53 -5.47 -5.38 -5.25 -5.09 -4.91 -4.69 -4.53 -4.34 -4.22 -4.06
7.22 7.03 5.44 3.47 2.59 1.88 1.50 1.19 0.84 0.31 -0.12 -0.59 -1.06 -1.44 -1.78 -2.03 -2.25 -2.41 -2.56 -2.88 -3.28 -3.50 -3.81 -4.19 -4.47 -4.62 -4.81 -4.97 -5.12 -5.22 -5.31 -5.41 -5.41 -5.34 -5.34 -5.28 -5.12 -4.94 -4.72 -4.53 -4.38 -4.28 -4.19 -4.12 -4.16 -4.25 -4.41 -4.59 -4.78 -5.00 -5.16 -5.31 -5.34 -5.38 -5.34 -5.34 -5.34 -5.31 -5.31 -5.34 -5.34 -5.41 -5.44 -5.50 -5.53 -5.59 -5.62 -5.59 -5.53 -5.44 -5.31 -5.12 -4.94 -4.75 -4.56 -4.38 -4.19 -4.06
7.31 7.09 5.47 3.62 2.72 1.97 1.62 1.34 0.97 0.50 0.03 -0.44 -0.88 -1.28 -1.66 -1.94 -2.16 -2.31 -2.44 -2.62 -2.97 -3.28 -3.62 -3.97 -4.28 -4.47 -4.66 -4.78 -4.91 -5.03 -5.12 -5.22 -5.28 -5.28 -5.25 -5.22 -5.12 -5.00 -4.81 -4.66 -4.53 -4.38 -4.25 -4.19 -4.19 -4.25 -4.44 -4.62 -4.81 -5.03 -5.22 -5.38 -5.44 -5.47 -5.44 -5.44 -5.41 -5.41 -5.44 -5.47 -5.50 -5.53 -5.56 -5.59 -5.66 -5.69 -5.69 -5.69 -5.62 -5.50 -5.38 -5.19 -5.00 -4.78 -4.59 -4.41 -4.22 -4.06
7.44 7.19 5.56 3.81 2.75 2.03 1.62 1.44 1.03 0.66 0.16 -0.31 -0.75 -1.16 -1.50 -1.81 -2.06 -2.28 -2.41 -2.56 -2.88 -3.19 -3.50 -3.88 -4.12 -4.28 -4.47 -4.62 -4.75 -4.84 -4.94 -5.06 -5.16 -5.25 -5.22 -5.19 -5.12 -5.06 -4.94 -4.78 -4.66 -4.50 -4.38 -4.28 -4.22 -4.28 -4.47 -4.66 -4.84 -5.06 -5.28 -5.44 -5.53 -5.56 -5.56 -5.53 -5.53 -5.53 -5.53 -5.56 -5.59 -5.62 -5.69 -5.72 -5.75 -5.78 -5.78 -5.78 -5.72 -5.59 -5.44 -5.28 -5.06 -4.88 -4.66 -4.47 -4.28 -4.12
7.56 7.28 5.81 4.00 2.84 2.16 1.66 1.50 1.12 0.78 0.28 -0.19 -0.66 -1.06 -1.41 -1.69 -1.97 -2.25 -2.34 -2.56 -2.97 -3.28 -3.50 -3.75 -3.91 -4.09 -4.28 -4.44 -4.59 -4.69 -4.81 -4.94 -5.06 -5.16 -5.19 -5.19 -5.16 -5.12 -5.03 -4.91 -4.75 -4.62 -4.50 -4.38 -4.31 -4.34 -4.50 -4.72 -4.94 -5.12 -5.34 -5.50 -5.62 -5.66 -5.66 -5.66 -5.62 -5.62 -5.66 -5.69 -5.72 -5.75 -5.81 -5.84 -5.88 -5.88 -5.88 -5.88 -5.78 -5.69 -5.56 -5.38 -5.19 -4.97 -4.78 -4.56 -4.38 -4.22
7.66 7.41 6.06 4.28 3.16 2.28 1.75 1.44 1.22 0.88 0.38 -0.12 -0.59 -1.00 -1.31 -1.62 -1.91 -2.16 -2.41 -2.59 -3.12 -3.31 -3.41 -3.56 -3.72 -3.91 -4.16 -4.31 -4.44 -4.56 -4.69 -4.84 -4.97 -5.09 -5.16 -5.19 -5.19 -5.19 -5.12 -5.00 -4.88 -4.75 -4.59 -4.47 -4.41 -4.44 -4.59 -4.78 -5.00 -5.19 -5.41 -5.59 -5.72 -5.75 -5.75 -5.75 -5.75 -5.75 -5.75 -5.78 -5.81 -5.84 -5.88 -5.94 -6.00 -6.03 -6.00 -5.97 -5.91 -5.81 -5.66 -5.50 -5.31 -5.09 -4.91 -4.69 -4.50 -4.34
7.81 7.53 6.06 4.38 3.44 2.44 1.81 1.41 1.31 0.97 0.44 -0.09 -0.53 -0.97 -1.31 -1.59 -1.88 -2.16 -2.44 -2.69 -3.03 -3.12 -3.25 -3.34 -3.50 -3.75 -4.00 -4.19 -4.34 -4.50 -4.62 -4.75 -4.88 -5.00 -5.12 -5.19 -5.22 -5.22 -5.19 -5.12 -5.00 -4.88 -4.72 -4.59 -4.53 -4.56 -4.69 -4.88 -5.09 -5.31 -5.53 -5.72 -5.81 -5.84 -5.84 -5.84 -5.84 -5.84 -5.88 -5.88 -5.91 -5.94 -5.97 -6.03 -6.09 -6.12 -6.12 -6.09 -6.03 -5.94 -5.78 -5.62 -5.47 -5.25 -5.03 -4.84 -4.66 -4.50
7.97 7.69 5.97 4.34 3.44 2.53 1.84 1.53 1.44 1.03 0.50 -0.03 -0.53 -1.00 -1.38 -1.66 -1.91 -2.19 -2.50 -2.78 -3.00 -3.09 -3.19 -3.25 -3.41 -3.62 -3.91 -4.12 -4.31 -4.44 -4.56 -4.72 -4.84 -4.97 -5.09 -5.19 -5.25 -5.28 -5.25 -5.22 -5.09 -4.97 -4.84 -4.75 -4.66 -4.69 -4.81 -5.03 -5.25 -5.47 -5.66 -5.81 -5.94 -5.97 -5.94 -5.97 -5.94 -5.97 -6.00 -6.00 -6.03 -6.06 -6.09 -6.16 -6.19 -6.22 -6.25 -6.22 -6.16 -6.06 -5.94 -5.78 -5.62 -5.41 -5.22 -5.03 -4.84 -4.69
8.12 7.81 6.09 4.50 3.62 2.62 1.97 1.66 1.50 1.12 0.56 0.03 -0.50 -1.03 -1.44 -1.78 -2.06 -2.34 -2.66 -2.97 -3.09 -3.12 -3.16 -3.28 -3.44 -3.66 -3.91 -4.09 -4.28 -4.41 -4.56 -4.72 -4.84 -5.00 -5.12 -5.22 -5.28 -5.31 -5.31 -5.28 -5.19 -5.09 -4.97 -4.88 -4.84 -4.88 -5.00 -5.19 -5.41 -5.62 -5.81 -5.94 -6.06 -6.09 -6.09 -6.09 -6.09 -6.06 -6.09 -6.12 -6.16 -6.16 -6.19 -6.25 -6.31 -6.31 -6.34 -6.31 -6.28 -6.22 -6.09 -5.94 -5.78 -5.59 -5.41 -5.25 -5.06 -4.91
8.28 7.94 6.19 4.81 3.81 2.66 1.91 1.69 1.59 1.19 0.59 0.03 -0.53 -1.06 -1.56 -1.91 -2.22 -2.50 -2.88 -3.09 -3.12 -3.16 -3.22 -3.34 -3.50 -3.72 -3.91 -4.09 -4.25 -4.41 -4.56 -4.75 -4.88 -5.03 -5.16 -5.22 -5.31 -5.34 -5.38 -5.34 -5.28 -5.22 -5.12 -5.06 -5.06 -5.06 -5.19 -5.38 -5.56 -5.78 -5.97 -6.09 -6.22 -6.25 -6.25 -6.25 -6.22 -6.22 -6.22 -6.25 -6.25 -6.25 -6.28 -6.34 -6.38 -6.41 -6.44 -6.41 -6.41 -6.34 -6.25 -6.12 -5.97 -5.81 -5.66 -5.47 -5.31 -5.16
8.47 8.03 6.34 5.06 3.78 2.59 1.81 1.62 1.59 1.25 0.62 0.06 -0.53 -1.09 -1.66 -2.06 -2.38 -2.69 -3.00 -3.16 -3.22 -3.28 -3.31 -3.44 -3.59 -3.78 -3.97 -4.12 -4.31 -4.44 -4.62 -4.78 -4.91 -5.03 -5.12 -5.22 -5.28 -5.34 -5.38 -5.38 -5.38 -5.31 -5.25 -5.25 -5.25 -5.28 -5.38 -5.56 -5.75 -5.94 -6.12 -6.25 -6.34 -6.41 -6.44 -6.41 -6.38 -6.34 -6.34 -6.34 -6.38 -6.38 -6.41 -6.44 -6.47 -6.50 -6.53 -6.50 -6.50 -6.47 -6.38 -6.28 -6.19 -6.06 -5.91 -5.75 -5.59 -5.44
8.62 8.16 6.69 5.38 3.78 2.53 1.78 1.72 1.47 1.28 0.69 0.06 -0.53 -1.12 -1.72 -2.19 -2.56 -2.88 -3.16 -3.28 -3.38 -3.44 -3.47 -3.59 -3.78 -3.91 -4.06 -4.22 -4.34 -4.47 -4.62 -4.78 -4.88 -4.97 -5.06 -5.16 -5.25 -5.31 -5.38 -5.41 -5.41 -5.41 -5.41 -5.41 -5.41 -5.47 -5.56 -5.75 -5.94 -6.12 -6.28 -6.41 -6.50 -6.56 -6.56 -6.56 -6.50 -6.50 -6.47 -6.47 -6.47 -6.47 -6.50 -6.50 -6.53 -6.56 -6.59 -6.59 -6.59 -6.53 -6.50 -6.44 -6.38 -6.25 -6.12 -5.97 -5.84 -5.72
8.78 8.25 6.72 5.50 3.81 2.59 2.00 1.62 1.41 1.19 0.69 0.06 -0.53 -1.16 -1.81 -2.34 -2.72 -3.06 -3.31 -3.44 -3.50 -3.56 -3.56 -3.66 -3.84 -4.00 -4.16 -4.25 -4.34 -4.47 -4.59 -4.72 -4.84 -4.91 -5.00 -5.09 -5.19 -5.25 -5.31 -5.38 -5.41 -5.47 -5.50 -5.50 -5.56 -5.62 -5.75 -5.91 -6.09 -6.28 -6.44 -6.56 -6.62 -6.69 -6.69 -6.69 -6.62 -6.62 -6.59 -6.59 -6.56 -6.56 -6.56 -6.56 -6.59 -6.62 -6.66 -6.66 -6.66 -6.62 -6.59 -6.56 -6.50 -6.41 -6.31 -6.22 -6.09 -5.97
8.94 8.34 6.56 5.28 3.81 2.81 2.22 1.75 1.38 1.16 0.66 0.00 -0.56 -1.22 -1.84 -2.44 -2.84 -3.12 -3.41 -3.56 -3.62 -3.66 -3.66 -3.72 -3.84 -4.00 -4.16 -4.28 -4.38 -4.47 -4.56 -4.66 -4.75 -4.78 -4.88 -4.97 -5.06 -5.16 -5.22 -5.31 -5.38 -5.47 -5.53 -5.59 -5.69 -5.78 -5.91 -6.06 -6.25 -6.44 -6.56 -6.69 -6.78 -6.81 -6.81 -6.78 -6.75 -6.72 -6.69 -6.66 -6.66 -6.62 -6.62 -6.62 -6.62 -6.66 -6.66 -6.66 -6.66 -6.66 -6.66 -6.62 -6.59 -6.53 -6.47 -6.41 -6.31 -6.22
9.12 8.44 6.53 5.09 3.72 2.84 2.12 1.66 1.38 1.22 0.62 0.00 -0.59 -1.19 -1.88 -2.47 -2.94 -3.28 -3.53 -3.66 -3.72 -3.72 -3.75 -3.78 -3.88 -3.97 -4.12 -4.25 -4.34 -4.44 -4.50 -4.53 -4.59 -4.62 -4.72 -4.81 -4.91 -5.00 -5.09 -5.22 -5.34 -5.44 -5.53 -5.62 -5.75 -5.88 -6.03 -6.19 -6.38 -6.56 -6.69 -6.81 -6.91 -6.94 -6.91 -6.88 -6.84 -6.78 -6.75 -6.72 -6.69 -6.66 -6.66 -6.66 -6.62 -6.62 -6.66 -6.66 -6.66 -6.66 -6.66 -6.66 -6.62 -6.59 -6.56 -6.50 -6.47 -6.44
9.28 8.50 6.66 5.28 3.56 2.41 1.78 1.44 1.41 1.28 0.66 0.03 -0.66 -1.22 -1.88 -2.50 -3.06 -3.44 -3.66 -3.78 -3.84 -3.88 -3.84 -3.88 -3.94 -4.00 -4.12 -4.19 -4.28 -4.34 -4.34 -4.34 -4.41 -4.44 -4.50 -4.59 -4.69 -4.78 -4.91 -5.06 -5.22 -5.38 -5.50 -5.66 -5.78 -5.94 -6.12 -6.31 -6.47 -6.62 -6.78 -6.91 -7.00 -7.00 -7.00 -6.94 -6.91 -6.84 -6.78 -6.75 -6.69 -6.69 -6.69 -6.66 -6.62 -6.59 -6.59 -6.62 -6.62 -6.62 -6.62 -6.62 -6.62 -6.59 -6.59 -6.59 -6.59 -6.56
9.44 8.66 7.09 5.59 3.47 2.06 1.34 1.09 1.12 1.16 0.56 0.00 -0.59 -1.25 -1.84 -2.47 -3.00 -3.38 -3.69 -3.84 -3.94 -3.97 -3.97 -4.00 -4.00 -4.03 -4.12 -4.12 -4.16 -4.12 -4.12 -4.16 -4.19 -4.22 -4.28 -4.38 -4.47 -4.59 -4.72 -4.91 -5.09 -5.25 -5.44 -5.62 -5.78 -6.00 -6.19 -6.38 -6.56 -6.72 -6.88 -6.97 -7.06 -7.06 -7.03 -6.97 -6.94 -6.84 -6.81 -6.75 -6.72 -6.69 -6.69 -6.62 -6.59 -6.56 -6.53 -6.56 -6.56 -6.53 -6.56 -6.56 -6.56 -6.56 -6.59 -6.62 -6.62 -6.59
9.59 8.94 8.16 6.38 3.56 1.97 1.22 0.91 0.91 1.03 0.47 0.03 -0.56 -1.22 -1.84 -2.44 -2.97 -3.38 -3.72 -3.94 -4.06 -4.12 -4.09 -4.09 -4.06 -4.00 -4.00 -4.00 -4.00 -3.97 -3.97 -4.00 -4.00 -4.03 -4.09 -4.16 -4.25 -4.41 -4.53 -4.72 -4.94 -5.16 -5.34 -5.56 -5.78 -5.97 -6.19 -6.41 -6.59 -6.78 -6.91 -7.03 -7.06 -7.06 -7.03 -6.97 -6.94 -6.84 -6.81 -6.75 -6.69 -6.66 -6.62 -6.56 -6.50 -6.47 -6.47 -6.47 -6.44 -6.44 -6.44 -6.47 -6.47 -6.50 -6.53 -6.56 -6.56 -6.56
9.72 9.12 8.66 6.75 3.69 2.09 1.41 0.88 0.91 0.91 0.38 0.00 -0.50 -1.16 -1.78 -2.44 -2.97 -3.44 -3.78 -4.03 -4.16 -4.25 -4.22 -4.12 -4.06 -4.03 -4.00 -3.94 -3.94 -3.91 -3.88 -3.88 -3.88 -3.88 -3.94 -4.00 -4.09 -4.22 -4.38 -4.56 -4.78 -5.00 -5.22 -5.47 -5.72 -5.97 -6.19 -6.44 -6.62 -6.81 -6.94 -7.03 -7.06 -7.06 -7.03 -6.94 -6.91 -6.84 -6.78 -6.72 -6.66 -6.59 -6.56 -6.50 -6.44 -6.41 -6.38 -6.34 -6.31 -6.31 -6.28 -6.31 -6.34 -6.38 -6.41 -6.44 -6.47 -6.50
9.84 9.19 8.28 6.25 3.34 2.22 1.69 0.94 0.88 0.75 0.34 0.03 -0.38 -1.03 -1.66 -2.28 -2.84 -3.34 -3.75 -4.03 -4.22 -4.28 -4.22 -4.16 -4.12 -4.06 -3.97 -3.91 -3.88 -3.88 -3.84 -3.78 -3.75 -3.75 -3.81 -3.88 -3.97 -4.12 -4.28 -4.47 -4.66 -4.88 -5.12 -5.41 -5.66 -5.91 -6.22 -6.47 -6.66 -6.81 -6.97 -7.03 -7.06 -7.06 -7.00 -6.94 -6.88 -6.81 -6.75 -6.69 -6.59 -6.56 -6.50 -6.41 -6.34 -6.31 -6.25 -6.25 -6.22 -6.19 -6.16 -6.19 -6.19 -6.25 -6.28 -6.31 -6.38 -6.44
9.97 9.38 8.66 6.12 3.12 2.31 1.91 1.09 0.97 0.91 0.44 0.12 -0.25 -0.91 -1.59 -2.19 -2.75 -3.25 -3.62 -3.94 -4.22 -4.28 -4.22 -4.22 -4.16 -4.09 -4.00 -3.94 -3.88 -3.81 -3.78 -3.72 -3.69 -3.69 -3.75 -3.84 -3.94 -4.06 -4.19 -4.38 -4.59 -4.81 -5.06 -5.34 -5.59 -5.88 -6.19 -6.44 -6.66 -6.81 -6.91 -7.00 -7.03 -7.00 -6.97 -6.91 -6.81 -6.78 -6.69 -6.59 -6.53 -6.47 -6.41 -6.31 -6.25 -6.22 -6.16 -6.12 -6.09 -6.06 -6.03 -6.06 -6.06 -6.06 -6.12 -6.19 -6.25 -6.28
10.09 9.56 9.19 6.62 3.50 2.62 2.09 1.25 1.06 1.06 0.53 0.19 -0.12 -0.78 -1.44 -2.09 -2.69 -3.19 -3.59 -3.94 -4.19 -4.31 -4.31 -4.28 -4.19 -4.12 -4.06 -3.97 -3.91 -3.84 -3.78 -3.69 -3.66 -3.69 -3.72 -3.81 -3.91 -4.03 -4.16 -4.34 -4.53 -4.78 -5.00 -5.28 -5.56 -5.88 -6.16 -6.41 -6.62 -6.78 -6.88 -6.94 -7.00 -6.94 -6.91 -6.84 -6.78 -6.69 -6.62 -6.53 -6.47 -6.38 -6.34 -6.28 -6.19 -6.12 -6.09 -6.06 -6.00 -5.97 -5.94 -5.94 -5.94 -5.94 -5.97 -6.00 -6.06 -6.16
10.19 9.78 9.12 6.91 3.97 2.88 2.16 1.31 1.09 1.09 0.50 0.19 -0.03 -0.66 -1.31 -1.97 -2.59 -3.12 -3.59 -4.00 -4.25 -4.34 -4.34 -4.31 -4.22 -4.19 -4.12 -4.00 -3.94 -3.88 -3.81 -3.75 -3.72 -3.75 -3.84 -3.91 -4.03 -4.12 -4.25 -4.38 -4.56 -4.75 -4.97 -5.25 -5.53 -5.84 -6.12 -6.34 -6.56 -6.72 -6.81 -6.88 -6.91 -6.88 -6.81 -6.75 -6.69 -6.62 -6.56 -6.47 -6.38 -6.31 -6.28 -6.22 -6.12 -6.06 -6.00 -5.97 -5.94 -5.88 -5.88 -5.84 -5.84 -5.84 -5.84 -5.88 -5.94 -6.03
10.31 9.72 8.78 6.62 4.09 2.94 2.16 1.28 1.06 0.94 0.47 0.16 0.06 -0.50 -1.06 -1.81 -2.47 -3.00 -3.47 -3.97 -4.22 -4.41 -4.44 -4.34 -4.22 -4.12 -4.06 -4.03 -4.00 -3.97 -3.91 -3.91 -3.91 -3.94 -4.03 -4.09 -4.19 -4.25 -4.34 -4.47 -4.62 -4.78 -5.00 -5.25 -5.53 -5.81 -6.06 -6.31 -6.50 -6.62 -6.72 -6.78 -6.78 -6.75 -6.72 -6.66 -6.59 -6.53 -6.47 -6.41 -6.31 -6.25 -6.22 -6.16 -6.06 -6.00 -5.97 -5.94 -5.88 -5.84 -5.81 -5.78 -5.75 -5.75 -5.75 -5.78 -5.81 -5.88
