everonasctiles/Tile24,27.asc
ncols 128
nrows 128
xllcorner 0
yllcorner 0
cellsize 2.0
NODATA_value  -9999
[rows 64 to 95 of 128, columns 0 to 70 of 128]
202.88 202.78 202.69 202.62 202.53 202.47 202.41 202.38 202.31 202.22 202.12 202.03 201.91 201.78 201.66 201.53 201.41 201.28 201.19 201.06 200.91 200.78 200.62 200.44 200.28 200.09 199.91 199.69 199.50 199.28 199.06 198.81 198.53 198.22 197.91 197.59 197.31 197.03 196.78 196.53 196.25 196.00 195.75 195.50 195.22 195.00 194.78 194.56 194.34 194.16 193.94 193.72 193.53 193.34 193.16 192.94 192.72 192.50 192.31 192.12 191.94 191.72 191.44 191.19 190.91 190.62 190.28 190.00 189.78 189.62 189.31
202.78 202.69 202.59 202.53 202.47 202.41 202.34 202.28 202.22 202.12 202.03 201.94 201.81 201.72 201.59 201.50 201.38 201.28 201.16 201.03 200.91 200.78 200.62 200.44 200.28 200.09 199.88 199.69 199.50 199.28 199.06 198.81 198.53 198.19 197.88 197.59 197.28 197.03 196.75 196.50 196.25 196.00 195.72 195.47 195.25 195.03 194.81 194.59 194.41 194.19 194.00 193.78 193.59 193.41 193.22 193.00 192.78 192.59 192.38 192.19 192.00 191.78 191.53 191.25 190.91 190.59 190.31 190.00 189.72 189.38 189.00
202.69 202.59 202.50 202.44 202.38 202.31 202.25 202.19 202.12 202.03 201.94 201.84 201.75 201.66 201.53 201.44 201.34 201.25 201.12 201.03 200.91 200.75 200.59 200.44 200.25 200.06 199.88 199.69 199.47 199.28 199.06 198.81 198.53 198.19 197.84 197.56 197.28 197.00 196.75 196.47 196.22 195.97 195.72 195.47 195.25 195.03 194.84 194.62 194.44 194.25 194.03 193.84 193.66 193.47 193.28 193.09 192.88 192.66 192.41 192.19 192.06 191.91 191.47 191.06 190.78 190.44 190.12 189.78 189.50 189.22 189.00
202.62 202.53 202.44 202.38 202.28 202.22 202.16 202.09 202.00 201.91 201.84 201.75 201.66 201.59 201.50 201.41 201.31 201.22 201.12 201.00 200.88 200.75 200.59 200.41 200.25 200.06 199.88 199.66 199.47 199.25 199.03 198.81 198.50 198.16 197.84 197.56 197.28 197.00 196.72 196.47 196.22 195.97 195.69 195.47 195.25 195.06 194.84 194.66 194.47 194.28 194.09 193.91 193.72 193.53 193.34 193.16 192.94 192.69 192.44 192.25 192.09 191.66 191.16 190.78 190.47 190.19 189.94 189.72 189.53 189.31 189.09
202.53 202.44 202.38 202.25 202.19 202.12 202.06 201.97 201.91 201.81 201.75 201.66 201.59 201.50 201.44 201.34 201.28 201.19 201.09 200.97 200.84 200.72 200.56 200.41 200.22 200.03 199.84 199.66 199.44 199.25 199.03 198.81 198.50 198.16 197.84 197.53 197.25 196.97 196.69 196.44 196.19 195.94 195.69 195.47 195.25 195.06 194.88 194.69 194.53 194.34 194.16 193.97 193.78 193.56 193.41 193.22 193.03 192.81 192.44 192.06 191.62 191.22 190.88 190.59 190.38 190.19 190.00 189.81 189.62 189.41 189.19
202.47 202.38 202.28 202.19 202.09 202.03 201.94 201.88 201.78 201.72 201.62 201.56 201.50 201.44 201.38 201.28 201.22 201.12 201.06 200.94 200.84 200.69 200.56 200.38 200.22 200.03 199.84 199.62 199.44 199.22 199.00 198.78 198.44 198.12 197.81 197.53 197.22 196.94 196.66 196.41 196.16 195.91 195.69 195.47 195.28 195.09 194.91 194.72 194.56 194.38 194.19 194.00 193.81 193.59 193.47 193.38 193.06 192.59 192.03 191.62 191.28 191.06 190.84 190.66 190.47 190.28 190.09 189.88 189.69 189.50 189.28
202.38 202.28 202.19 202.09 202.03 201.91 201.84 201.75 201.69 201.59 201.53 201.47 201.41 201.34 201.28 201.22 201.16 201.09 201.00 200.91 200.81 200.69 200.53 200.38 200.19 200.00 199.81 199.62 199.41 199.22 199.00 198.72 198.41 198.09 197.81 197.50 197.19 196.91 196.62 196.38 196.12 195.91 195.69 195.47 195.28 195.09 194.94 194.75 194.59 194.41 194.22 194.03 193.91 193.66 193.28 192.84 192.41 191.97 191.69 191.50 191.31 191.12 190.94 190.75 190.56 190.34 190.16 189.97 189.78 189.59 189.38
202.31 202.22 202.12 202.03 201.94 201.81 201.72 201.66 201.56 201.50 201.44 201.38 201.31 201.25 201.19 201.16 201.09 201.03 200.97 200.88 200.78 200.66 200.50 200.34 200.16 200.00 199.81 199.62 199.41 199.19 198.97 198.69 198.38 198.06 197.75 197.47 197.16 196.88 196.59 196.34 196.09 195.84 195.66 195.47 195.28 195.09 194.94 194.75 194.59 194.44 194.31 194.28 193.91 193.22 192.56 192.22 192.00 191.84 191.72 191.56 191.41 191.22 191.00 190.81 190.62 190.44 190.25 190.06 189.84 189.66 189.47
202.22 202.16 202.03 201.94 201.84 201.75 201.66 201.53 201.47 201.41 201.34 201.25 201.22 201.16 201.12 201.06 201.03 200.97 200.91 200.84 200.75 200.62 200.47 200.31 200.16 199.97 199.78 199.59 199.41 199.19 198.94 198.66 198.34 198.03 197.72 197.41 197.09 196.81 196.53 196.28 196.03 195.78 195.56 195.41 195.22 195.03 194.88 194.72 194.59 194.56 194.25 193.62 193.00 192.56 192.34 192.19 192.06 191.91 191.75 191.62 191.47 191.28 191.09 190.91 190.72 190.50 190.31 190.12 189.94 189.62 189.22
202.16 202.06 201.97 201.84 201.75 201.66 201.53 201.47 201.38 201.31 201.22 201.16 201.12 201.06 201.03 201.00 200.94 200.91 200.84 200.78 200.69 200.56 200.44 200.28 200.12 199.94 199.75 199.56 199.38 199.16 198.91 198.62 198.31 197.97 197.66 197.34 197.03 196.72 196.44 196.16 195.91 195.66 195.47 195.28 195.09 194.91 194.78 194.75 194.53 193.75 193.19 192.88 192.69 192.56 192.41 192.25 192.09 191.97 191.81 191.66 191.53 191.38 191.19 190.97 190.78 190.59 190.34 189.94 189.47 189.03 188.66
202.06 201.97 201.88 201.78 201.66 201.56 201.47 201.38 201.28 201.22 201.16 201.09 201.03 200.97 200.94 200.91 200.84 200.81 200.78 200.72 200.62 200.50 200.38 200.22 200.06 199.88 199.69 199.50 199.31 199.06 198.84 198.59 198.22 197.94 197.56 197.25 196.94 196.62 196.31 196.03 195.75 195.50 195.28 195.09 194.94 194.84 194.62 194.03 193.47 193.19 193.03 192.91 192.75 192.59 192.47 192.31 192.16 192.03 191.88 191.72 191.59 191.44 191.25 191.06 190.72 190.19 189.59 189.16 188.88 188.72 188.56
201.97 201.88 201.78 201.69 201.59 201.50 201.41 201.31 201.22 201.12 201.06 201.00 200.94 200.88 200.81 200.81 200.78 200.72 200.69 200.62 200.53 200.44 200.31 200.16 199.97 199.78 199.59 199.41 199.22 199.00 198.75 198.38 198.16 197.84 197.50 197.16 196.84 196.53 196.22 195.88 195.56 195.31 195.12 194.94 194.59 194.09 193.72 193.53 193.38 193.25 193.09 192.94 192.81 192.66 192.50 192.38 192.22 192.06 191.94 191.78 191.62 191.47 191.03 190.44 189.81 189.34 189.12 188.97 188.84 188.69 188.50
201.88 201.78 201.69 201.59 201.50 201.44 201.34 201.25 201.16 201.06 201.00 200.91 200.84 200.78 200.75 200.69 200.66 200.62 200.59 200.53 200.44 200.34 200.19 200.03 199.84 199.62 199.44 199.25 199.00 198.84 198.59 198.31 197.97 197.66 197.31 196.91 196.72 196.38 196.03 195.72 195.41 195.09 194.66 194.28 194.03 193.88 193.75 193.59 193.44 193.31 193.16 193.00 192.88 192.72 192.56 192.44 192.28 192.12 192.00 191.72 191.25 190.69 190.09 189.66 189.47 189.31 189.16 189.00 188.84 188.69 188.50
201.78 201.69 201.59 201.50 201.44 201.34 201.28 201.19 201.06 201.00 200.91 200.81 200.75 200.69 200.62 200.56 200.56 200.50 200.47 200.41 200.31 200.22 200.06 199.91 199.72 199.50 199.22 199.03 198.84 198.59 198.34 198.09 197.75 197.47 197.16 196.84 196.50 196.09 195.59 195.16 194.78 194.53 194.38 194.22 194.09 193.94 193.78 193.66 193.50 193.34 193.22 193.06 192.91 192.78 192.62 192.47 192.28 191.94 191.47 190.94 190.44 190.09 189.91 189.75 189.59 189.44 189.25 189.06 188.91 188.72 188.53
201.72 201.59 201.50 201.44 201.34 201.25 201.19 201.09 201.00 200.91 200.81 200.75 200.66 200.59 200.53 200.50 200.44 200.41 200.34 200.31 200.22 200.12 199.97 199.78 199.56 199.34 199.09 198.88 198.62 198.38 198.12 197.84 197.56 197.28 196.78 196.25 195.72 195.28 194.97 194.81 194.72 194.59 194.44 194.28 194.16 194.00 193.84 193.72 193.56 193.41 193.28 193.12 192.97 192.81 192.56 192.16 191.72 191.25 190.88 190.66 190.44 190.25 190.06 189.91 189.72 189.53 189.34 189.16 188.97 188.78 188.59
201.62 201.53 201.41 201.34 201.25 201.19 201.09 201.00 200.94 200.81 200.72 200.62 200.56 200.50 200.44 200.38 200.34 200.28 200.22 200.19 200.09 200.00 199.88 199.69 199.47 199.19 198.97 198.66 198.41 198.19 197.94 197.56 196.97 196.31 195.78 195.38 195.19 195.06 194.97 194.84 194.75 194.62 194.50 194.34 194.19 194.06 193.91 193.75 193.62 193.47 193.31 193.12 192.81 192.41 191.97 191.56 191.31 191.12 190.94 190.75 190.56 190.38 190.22 190.03 189.84 189.66 189.44 189.25 189.06 188.88 188.66
201.53 201.47 201.34 201.25 201.19 201.09 201.00 200.91 200.81 200.72 200.62 200.53 200.47 200.41 200.34 200.28 200.22 200.19 200.12 200.06 199.97 199.88 199.72 199.53 199.34 199.06 198.84 198.53 198.19 197.62 196.97 196.31 195.84 195.56 195.44 195.34 195.22 195.12 195.00 194.91 194.78 194.69 194.56 194.41 194.25 194.12 193.97 193.81 193.66 193.34 192.97 192.56 192.19 191.88 191.69 191.50 191.31 191.16 191.00 190.81 190.66 190.50 190.31 190.12 189.94 189.75 189.53 189.34 189.12 188.94 188.75
201.50 201.41 201.28 201.19 201.06 201.00 200.91 200.81 200.72 200.62 200.53 200.47 200.38 200.31 200.25 200.19 200.16 200.06 200.03 199.94 199.84 199.72 199.59 199.44 199.25 198.97 198.31 197.59 196.88 196.31 195.94 195.81 195.72 195.59 195.50 195.38 195.25 195.16 195.03 194.94 194.81 194.72 194.59 194.47 194.31 194.16 193.94 193.50 192.94 192.47 192.12 191.97 191.84 191.72 191.59 191.47 191.34 191.22 191.06 190.91 190.75 190.56 190.41 190.22 190.00 189.81 189.59 189.41 189.19 189.00 188.81
201.47 201.34 201.22 201.06 201.00 200.91 200.81 200.72 200.62 200.53 200.47 200.38 200.28 200.22 200.16 200.09 200.06 200.00 199.91 199.78 199.66 199.56 199.41 198.97 198.28 197.50 196.81 196.38 196.19 196.06 195.97 195.84 195.75 195.62 195.53 195.41 195.31 195.19 195.09 194.97 194.88 194.75 194.66 194.50 194.16 193.66 193.06 192.50 192.16 192.03 191.97 191.84 191.75 191.66 191.56 191.50 191.41 191.28 191.12 191.00 190.81 190.66 190.47 190.28 190.06 189.88 189.66 189.47 189.25 189.06 188.88
201.38 201.28 201.16 201.03 200.91 200.78 200.69 200.62 200.53 200.44 200.34 200.28 200.19 200.12 200.06 200.03 199.97 199.94 199.84 199.72 199.34 198.72 198.00 197.31 196.78 196.56 196.44 196.34 196.22 196.12 196.00 195.91 195.78 195.69 195.56 195.47 195.34 195.22 195.12 195.00 194.91 194.69 194.31 193.81 193.25 192.78 192.50 192.25 192.06 191.94 191.91 191.81 191.72 191.66 191.59 191.53 191.41 191.31 191.19 191.03 190.88 190.69 190.50 190.31 190.09 189.91 189.69 189.50 189.31 189.09 188.91
201.28 201.19 201.06 200.94 200.81 200.69 200.59 200.53 200.47 200.38 200.28 200.19 200.12 200.03 199.97 199.94 199.88 199.59 199.03 198.38 197.72 197.22 196.94 196.81 196.69 196.59 196.47 196.38 196.25 196.16 196.03 195.94 195.81 195.72 195.59 195.50 195.38 195.28 195.09 194.84 194.44 193.97 193.53 193.22 192.97 192.75 192.53 192.31 192.16 192.00 191.94 191.88 191.78 191.69 191.62 191.53 191.44 191.34 191.22 191.06 190.91 190.72 190.53 190.31 190.12 189.91 189.72 189.53 189.31 189.12 188.97
201.22 201.12 201.03 200.84 200.72 200.59 200.50 200.44 200.38 200.31 200.22 200.12 200.06 199.94 199.66 199.16 198.59 198.00 197.53 197.25 197.16 197.06 196.97 196.84 196.75 196.62 196.53 196.41 196.31 196.19 196.09 195.97 195.88 195.75 195.66 195.50 195.28 195.00 194.62 194.25 193.91 193.66 193.41 193.16 192.94 192.75 192.56 192.41 192.25 192.12 192.03 191.94 191.84 191.75 191.69 191.59 191.50 191.38 191.25 191.09 190.91 190.72 190.53 190.34 190.12 189.91 189.72 189.53 189.34 189.16 189.00
201.19 201.16 201.03 200.81 200.66 200.53 200.44 200.38 200.31 200.25 200.12 199.81 199.34 198.78 198.25 197.81 197.56 197.47 197.38 197.28 197.19 197.09 197.00 196.88 196.78 196.66 196.56 196.44 196.34 196.22 196.12 196.00 195.91 195.75 195.50 195.19 194.84 194.53 194.31 194.09 193.84 193.62 193.38 193.16 192.97 192.78 192.62 192.47 192.34 192.22 192.12 192.03 191.94 191.84 191.75 191.62 191.53 191.41 191.25 191.09 190.94 190.75 190.53 190.34 190.12 189.91 189.72 189.53 189.34 189.16 189.00
201.19 201.16 201.06 200.81 200.62 200.47 200.34 200.28 200.03 199.59 199.06 198.50 198.09 197.88 197.78 197.69 197.59 197.50 197.41 197.31 197.22 197.12 197.03 196.94 196.81 196.72 196.59 196.50 196.38 196.28 196.19 195.91 195.69 195.47 195.22 194.97 194.69 194.47 194.25 194.03 193.81 193.59 193.41 193.22 193.03 192.88 192.72 192.56 192.44 192.34 192.22 192.12 192.03 191.91 191.81 191.69 191.56 191.44 191.28 191.12 190.94 190.75 190.53 190.34 190.12 189.91 189.69 189.50 189.31 189.16 189.00
201.09 201.09 201.03 200.78 200.53 200.16 199.69 199.25 198.78 198.41 198.19 198.09 198.00 197.91 197.81 197.72 197.62 197.53 197.44 197.34 197.25 197.16 197.06 196.97 196.84 196.75 196.66 196.56 196.47 196.31 195.94 195.72 195.47 195.28 195.03 194.81 194.59 194.38 194.16 193.97 193.78 193.59 193.41 193.22 193.06 192.91 192.75 192.62 192.50 192.38 192.28 192.19 192.12 192.00 191.91 191.78 191.62 191.50 191.31 191.16 190.97 190.78 190.56 190.34 190.12 189.88 189.69 189.47 189.31 189.12 189.00
200.94 200.84 200.44 199.97 199.47 199.03 198.69 198.50 198.41 198.31 198.22 198.12 198.03 197.94 197.84 197.75 197.66 197.56 197.47 197.38 197.28 197.19 197.09 197.00 196.94 196.84 196.69 196.47 196.22 195.94 195.72 195.50 195.28 195.09 194.88 194.69 194.47 194.28 194.09 193.91 193.72 193.56 193.38 193.22 193.06 192.91 192.78 192.66 192.53 192.41 192.31 192.22 192.12 192.06 191.94 191.84 191.69 191.56 191.38 191.22 191.03 190.81 190.59 190.34 190.12 189.88 189.66 189.47 189.28 189.09 188.97
199.94 199.59 199.25 198.97 198.84 198.75 198.62 198.53 198.44 198.34 198.25 198.16 198.06 197.97 197.88 197.78 197.69 197.59 197.50 197.41 197.31 197.25 197.22 197.06 196.81 196.50 196.22 196.00 195.81 195.62 195.44 195.28 195.09 194.91 194.72 194.53 194.38 194.19 194.00 193.84 193.69 193.53 193.38 193.22 193.06 192.94 192.78 192.66 192.53 192.44 192.34 192.25 192.16 192.06 191.97 191.88 191.75 191.59 191.44 191.28 191.06 190.88 190.62 190.41 190.16 189.91 189.66 189.44 189.25 189.06 188.94
199.25 199.16 199.06 198.97 198.88 198.78 198.66 198.56 198.47 198.38 198.28 198.19 198.09 198.00 197.91 197.81 197.72 197.62 197.56 197.47 197.31 197.12 196.81 196.47 196.19 195.97 195.78 195.62 195.47 195.34 195.19 195.03 194.88 194.72 194.56 194.41 194.25 194.09 193.94 193.78 193.66 193.50 193.34 193.22 193.06 192.91 192.78 192.66 192.56 192.44 192.34 192.25 192.16 192.06 191.97 191.84 191.75 191.62 191.47 191.31 191.12 190.94 190.69 190.47 190.22 189.97 189.72 189.47 189.22 189.06 188.91
199.28 199.19 199.09 199.00 198.91 198.78 198.69 198.59 198.50 198.41 198.31 198.22 198.12 198.03 197.94 197.88 197.75 197.53 197.22 196.88 196.69 196.53 196.31 196.06 195.81 195.62 195.47 195.31 195.19 195.09 194.97 194.84 194.69 194.56 194.41 194.28 194.16 194.00 193.88 193.75 193.59 193.47 193.34 193.19 193.06 192.91 192.78 192.66 192.53 192.44 192.31 192.22 192.12 192.03 191.94 191.84 191.72 191.59 191.47 191.34 191.16 190.97 190.75 190.53 190.28 190.03 189.78 189.53 189.28 189.06 188.91
199.31 199.22 199.12 199.03 198.94 198.81 198.72 198.62 198.53 198.44 198.34 198.25 198.19 198.09 197.97 197.75 197.41 197.00 196.69 196.50 196.41 196.31 196.12 195.91 195.69 195.47 195.31 195.16 195.00 194.91 194.78 194.66 194.53 194.41 194.28 194.19 194.06 193.94 193.81 193.69 193.59 193.47 193.31 193.19 193.06 192.91 192.78 192.66 192.53 192.41 192.31 192.22 192.12 192.03 191.91 191.81 191.72 191.59 191.47 191.31 191.16 191.00 190.81 190.59 190.34 190.09 189.84 189.59 189.34 189.12 188.94
199.34 199.25 199.16 199.06 198.94 198.84 198.75 198.66 198.56 198.47 198.31 198.12 197.97 197.78 197.62 197.44 197.19 196.91 196.66 196.56 196.47 196.34 196.19 196.00 195.78 195.56 195.38 195.16 194.97 194.75 194.66 194.50 194.38 194.28 194.19 194.09 193.97 193.88 193.78 193.69 193.56 193.44 193.31 193.19 193.03 192.88 192.75 192.62 192.50 192.38 192.28 192.19 192.09 192.00 191.91 191.78 191.69 191.56 191.44 191.28 191.12 190.97 190.78 190.59 190.38 190.16 189.91 189.66 189.44 189.19 189.00
199.38 199.28 199.19 199.06 198.97 198.88 198.81 198.66 198.34 197.91 197.62 197.62 197.62 197.59 197.50 197.41 197.25 197.09 196.94 196.84 196.75 196.62 196.47 196.28 196.06 195.81 195.59 195.38 195.12 194.88 194.53 194.38 194.25 194.16 194.09 194.03 193.94 193.84 193.78 193.69 193.56 193.44 193.31 193.19 193.03 192.88 192.72 192.59 192.44 192.34 192.22 192.12 192.06 191.97 191.88 191.75 191.66 191.53 191.41 191.25 191.09 190.94 190.78 190.59 190.38 190.16 189.94 189.72 189.47 189.25 189.03
