everonasctiles/Tile[5,12].asc
ncols 128
nrows 128
xllcorner 0
yllcorner 0
cellsize 2.0
NODATA_value  -9999
[rows 96 to 127 of 128, columns 0 to 70 of 128]
-19.25 -19.22 -19.19 -19.12 -19.03 -18.88 -18.75 -18.62 -18.66 -18.72 -18.56 -18.53 -18.56 -18.59 -18.56 -18.50 -18.34 -18.16 -18.12 -18.06 -17.94 -17.81 -17.72 -17.59 -17.50 -17.38 -17.16 -17.03 -17.06 -17.00 -16.84 -16.75 -16.62 -16.59 -16.66 -16.53 -16.44 -16.53 -16.56 -16.47 -16.28 -16.16 -16.16 -16.12 -16.06 -16.03 -15.75 -15.50 -15.59 -15.59 -15.62 -15.62 -15.75 -15.94 -16.09 -16.16 -16.22 -16.28 -16.16 -15.91 -15.81 -15.88 -15.84 -15.78 -15.88 -15.91 -16.06 -16.06 -16.12 -16.03 -15.88
-19.28 -19.41 -19.25 -19.16 -19.12 -19.00 -18.94 -18.94 -18.88 -18.84 -18.78 -18.72 -18.62 -18.69 -18.72 -18.66 -18.44 -18.22 -18.12 -18.12 -18.09 -18.03 -17.84 -17.59 -17.31 -17.25 -17.16 -17.12 -17.12 -17.06 -16.97 -16.91 -16.72 -16.56 -16.53 -16.75 -16.75 -16.69 -16.66 -16.44 -16.38 -16.25 -16.12 -16.03 -16.03 -15.94 -15.84 -15.72 -15.69 -15.62 -15.72 -15.81 -15.94 -15.94 -16.06 -16.09 -16.16 -16.19 -16.19 -16.03 -15.97 -16.06 -16.03 -16.09 -16.03 -16.12 -16.12 -16.06 -16.06 -16.12 -16.03
-19.50 -19.38 -19.34 -19.28 -19.03 -19.03 -19.03 -19.03 -18.94 -18.88 -18.81 -18.75 -18.69 -18.75 -18.75 -18.62 -18.50 -18.25 -18.12 -18.16 -18.06 -17.91 -17.81 -17.62 -17.38 -17.31 -17.22 -17.22 -17.28 -17.16 -17.03 -16.97 -16.88 -16.84 -16.88 -16.91 -16.78 -16.75 -16.69 -16.53 -16.34 -16.25 -16.25 -16.22 -16.09 -15.94 -15.91 -15.94 -15.91 -15.94 -15.78 -15.91 -16.03 -15.91 -16.12 -16.31 -16.28 -16.12 -16.09 -16.25 -16.19 -16.22 -16.28 -16.34 -16.34 -16.25 -16.12 -16.03 -16.16 -16.06 -15.97
-19.56 -19.34 -19.25 -19.25 -19.12 -19.12 -19.16 -19.03 -19.03 -19.00 -18.88 -18.78 -18.75 -18.69 -18.75 -18.69 -18.53 -18.47 -18.34 -18.19 -17.94 -17.78 -17.69 -17.62 -17.62 -17.56 -17.41 -17.28 -17.28 -17.25 -17.16 -17.16 -17.12 -17.00 -16.88 -16.84 -16.84 -16.81 -16.62 -16.56 -16.50 -16.50 -16.34 -16.31 -16.31 -16.34 -16.16 -16.09 -16.06 -15.97 -15.84 -15.75 -15.88 -16.00 -15.97 -16.06 -16.12 -16.09 -16.12 -16.19 -16.31 -16.31 -16.41 -16.41 -16.47 -16.31 -15.94 -15.94 -16.03 -16.00 -16.06
-19.75 -19.59 -19.44 -19.28 -19.28 -19.34 -19.19 -19.00 -19.06 -19.00 -19.00 -18.94 -18.88 -18.94 -18.81 -18.56 -18.50 -18.53 -18.41 -18.22 -18.06 -18.00 -17.91 -17.75 -17.75 -17.59 -17.50 -17.47 -17.50 -17.38 -17.41 -17.25 -17.22 -17.09 -16.97 -16.88 -16.81 -16.88 -16.75 -16.59 -16.53 -16.59 -16.41 -16.34 -16.44 -16.44 -16.38 -16.28 -16.06 -16.09 -16.12 -15.94 -15.94 -16.12 -16.00 -15.94 -16.06 -16.06 -16.12 -16.19 -16.19 -16.12 -16.16 -16.22 -16.28 -16.25 -15.97 -15.97 -16.09 -16.19 -16.34
-19.84 -19.81 -19.53 -19.50 -19.44 -19.38 -19.22 -19.09 -19.09 -19.03 -19.03 -19.06 -19.03 -18.91 -18.75 -18.50 -18.62 -18.50 -18.31 -18.12 -18.12 -18.06 -18.00 -17.91 -17.88 -17.72 -17.72 -17.59 -17.56 -17.56 -17.50 -17.41 -17.25 -17.19 -17.03 -16.91 -16.81 -16.72 -16.66 -16.53 -16.47 -16.53 -16.41 -16.41 -16.44 -16.38 -16.31 -16.31 -16.34 -16.34 -16.34 -16.19 -16.00 -16.22 -16.16 -16.09 -15.94 -15.97 -16.09 -16.09 -15.91 -16.00 -16.00 -16.06 -16.09 -16.22 -16.12 -16.09 -16.22 -16.28 -16.41
-19.75 -19.75 -19.66 -19.50 -19.47 -19.38 -19.25 -19.25 -19.16 -19.22 -19.19 -19.19 -19.16 -18.97 -18.75 -18.59 -18.66 -18.38 -18.25 -18.22 -18.22 -18.16 -18.09 -18.06 -18.00 -17.91 -17.84 -17.72 -17.72 -17.69 -17.62 -17.50 -17.41 -17.25 -17.25 -17.19 -17.09 -16.94 -16.69 -16.53 -16.41 -16.38 -16.53 -16.38 -16.31 -16.34 -16.47 -16.59 -16.56 -16.50 -16.44 -16.38 -16.38 -16.31 -16.28 -16.34 -16.16 -15.97 -16.12 -16.22 -16.12 -16.16 -16.16 -16.19 -16.06 -16.12 -16.22 -16.22 -16.34 -16.44 -16.44
-19.66 -19.44 -19.44 -19.41 -19.41 -19.38 -19.38 -19.28 -19.19 -19.31 -19.34 -19.34 -19.25 -19.09 -18.88 -18.72 -18.59 -18.41 -18.41 -18.38 -18.34 -18.31 -18.25 -18.12 -18.06 -18.00 -18.00 -17.88 -17.75 -17.69 -17.69 -17.66 -17.59 -17.44 -17.31 -17.25 -17.19 -16.97 -16.75 -16.69 -16.69 -16.59 -16.53 -16.38 -16.34 -16.28 -16.34 -16.47 -16.59 -16.59 -16.56 -16.53 -16.62 -16.44 -16.34 -16.44 -16.31 -16.19 -16.25 -16.41 -16.53 -16.44 -16.34 -16.22 -16.16 -16.06 -16.06 -15.97 -16.25 -16.38 -16.34
-19.69 -19.47 -19.47 -19.50 -19.50 -19.34 -19.38 -19.28 -19.34 -19.47 -19.41 -19.34 -19.19 -19.06 -18.94 -18.81 -18.66 -18.56 -18.41 -18.44 -18.31 -18.31 -18.25 -18.16 -18.03 -18.00 -17.94 -17.94 -17.88 -17.84 -17.81 -17.75 -17.75 -17.66 -17.47 -17.34 -17.22 -17.00 -16.75 -16.66 -16.56 -16.56 -16.66 -16.72 -16.62 -16.62 -16.56 -16.66 -16.75 -16.78 -16.72 -16.50 -16.50 -16.56 -16.56 -16.50 -16.41 -16.41 -16.34 -16.44 -16.53 -16.50 -16.47 -16.28 -16.19 -16.22 -15.94 -15.94 -16.16 -16.19 -16.22
-19.69 -19.50 -19.47 -19.59 -19.56 -19.50 -19.44 -19.50 -19.53 -19.44 -19.41 -19.38 -19.34 -19.28 -19.16 -18.91 -18.81 -18.66 -18.53 -18.38 -18.28 -18.19 -18.09 -18.06 -18.06 -18.06 -18.06 -18.06 -18.03 -17.94 -17.94 -17.88 -17.81 -17.78 -17.66 -17.34 -17.16 -16.94 -16.97 -16.94 -16.88 -16.81 -16.78 -16.66 -16.62 -16.78 -16.72 -16.69 -16.84 -16.88 -16.75 -16.72 -16.72 -16.62 -16.59 -16.50 -16.41 -16.62 -16.56 -16.47 -16.53 -16.47 -16.41 -16.50 -16.44 -16.38 -16.09 -15.94 -15.97 -16.12 -16.28
-19.75 -19.66 -19.66 -19.78 -19.78 -19.72 -19.66 -19.62 -19.59 -19.56 -19.50 -19.47 -19.41 -19.31 -19.19 -19.00 -18.88 -18.66 -18.53 -18.34 -18.47 -18.44 -18.34 -18.38 -18.22 -18.12 -18.06 -18.19 -18.16 -18.03 -17.97 -17.91 -17.78 -17.72 -17.59 -17.34 -17.28 -17.25 -17.16 -17.06 -17.03 -16.94 -16.84 -16.84 -16.88 -16.91 -16.81 -16.81 -16.81 -16.81 -16.94 -17.03 -16.84 -16.81 -16.81 -16.78 -16.66 -16.72 -16.66 -16.53 -16.62 -16.69 -16.59 -16.50 -16.38 -16.38 -16.19 -16.09 -15.94 -16.03 -16.38
-19.88 -19.88 -19.97 -20.00 -19.97 -19.91 -19.84 -19.72 -19.62 -19.53 -19.50 -19.53 -19.50 -19.31 -19.16 -19.06 -18.81 -18.69 -18.62 -18.56 -18.59 -18.53 -18.41 -18.44 -18.41 -18.38 -18.22 -18.22 -18.22 -18.03 -17.94 -17.97 -17.72 -17.56 -17.44 -17.34 -17.41 -17.28 -17.25 -17.16 -17.09 -17.03 -17.00 -17.03 -17.00 -17.03 -17.00 -17.03 -16.97 -16.97 -17.03 -17.16 -16.94 -16.81 -16.81 -16.75 -16.69 -16.62 -16.59 -16.62 -16.62 -16.75 -16.81 -16.75 -16.47 -16.41 -16.28 -16.16 -16.06 -16.09 -16.28
-20.06 -20.06 -20.06 -20.12 -20.12 -20.09 -20.06 -19.91 -19.75 -19.56 -19.44 -19.44 -19.41 -19.31 -19.12 -19.06 -18.97 -18.75 -18.66 -18.69 -18.69 -18.62 -18.56 -18.50 -18.50 -18.44 -18.41 -18.31 -18.19 -18.12 -18.06 -17.91 -17.69 -17.66 -17.50 -17.47 -17.50 -17.44 -17.34 -17.28 -17.31 -17.19 -17.16 -17.06 -17.19 -17.16 -17.09 -17.09 -17.09 -17.03 -17.03 -17.03 -17.06 -17.12 -16.94 -16.88 -16.81 -16.72 -16.62 -16.59 -16.62 -16.59 -16.59 -16.66 -16.56 -16.59 -16.47 -16.31 -16.19 -16.25 -16.28
-20.28 -20.16 -20.16 -20.25 -20.25 -20.16 -20.09 -19.94 -19.75 -19.69 -19.50 -19.44 -19.44 -19.34 -19.28 -19.16 -19.03 -18.81 -18.66 -18.62 -18.72 -18.69 -18.62 -18.50 -18.44 -18.50 -18.41 -18.34 -18.31 -18.25 -18.16 -18.03 -17.81 -17.72 -17.56 -17.50 -17.53 -17.50 -17.44 -17.38 -17.31 -17.22 -17.22 -17.28 -17.31 -17.31 -17.28 -17.25 -17.16 -17.12 -17.12 -17.03 -17.34 -17.34 -17.19 -17.06 -17.03 -16.91 -16.88 -16.72 -16.56 -16.59 -16.78 -16.69 -16.66 -16.62 -16.59 -16.59 -16.47 -16.41 -16.38
-20.53 -20.41 -20.28 -20.34 -20.34 -20.31 -20.12 -19.97 -19.88 -19.81 -19.62 -19.47 -19.47 -19.50 -19.44 -19.31 -19.16 -18.94 -18.81 -18.75 -18.78 -18.66 -18.72 -18.62 -18.47 -18.38 -18.41 -18.34 -18.28 -18.22 -18.16 -17.97 -17.69 -17.59 -17.53 -17.59 -17.56 -17.50 -17.47 -17.47 -17.44 -17.22 -17.34 -17.38 -17.41 -17.41 -17.38 -17.38 -17.34 -17.31 -17.41 -17.28 -17.31 -17.34 -17.44 -17.28 -17.09 -16.97 -16.84 -16.81 -16.72 -16.59 -16.75 -16.72 -16.62 -16.62 -16.66 -16.59 -16.47 -16.47 -16.50
-20.75 -20.62 -20.47 -20.47 -20.47 -20.44 -20.25 -20.09 -20.03 -19.91 -19.81 -19.72 -19.53 -19.38 -19.38 -19.34 -19.31 -19.09 -18.94 -18.94 -18.91 -18.84 -18.78 -18.75 -18.69 -18.56 -18.47 -18.41 -18.41 -18.31 -18.12 -17.88 -17.88 -17.72 -17.66 -17.66 -17.62 -17.56 -17.50 -17.53 -17.59 -17.56 -17.47 -17.44 -17.44 -17.59 -17.62 -17.59 -17.53 -17.56 -17.56 -17.56 -17.62 -17.50 -17.56 -17.50 -17.34 -17.12 -17.06 -16.97 -16.88 -16.75 -16.72 -16.62 -16.56 -16.59 -16.75 -16.59 -16.62 -16.47 -16.56
-20.78 -20.72 -20.72 -20.69 -20.47 -20.34 -20.28 -20.22 -20.06 -19.97 -19.94 -19.84 -19.66 -19.44 -19.34 -19.28 -19.34 -19.16 -19.09 -18.94 -18.97 -18.97 -18.94 -18.94 -18.88 -18.75 -18.59 -18.47 -18.44 -18.38 -18.12 -17.91 -17.84 -17.78 -17.72 -17.69 -17.62 -17.62 -17.56 -17.62 -17.69 -17.66 -17.72 -17.69 -17.66 -17.62 -17.75 -17.81 -17.81 -17.75 -17.78 -17.78 -17.72 -17.66 -17.62 -17.62 -17.34 -17.22 -17.16 -17.06 -16.97 -16.91 -16.84 -16.88 -16.69 -16.81 -16.94 -16.97 -16.81 -16.69 -16.75
-20.88 -20.75 -20.75 -20.72 -20.44 -20.22 -20.19 -20.06 -20.06 -20.03 -20.03 -19.88 -19.75 -19.53 -19.53 -19.41 -19.34 -19.28 -19.28 -19.12 -19.09 -19.09 -19.03 -19.00 -18.84 -18.72 -18.56 -18.44 -18.34 -18.12 -17.88 -17.88 -17.97 -17.91 -17.78 -17.69 -17.56 -17.62 -17.72 -17.75 -17.81 -17.81 -17.78 -17.81 -17.72 -17.81 -17.97 -18.00 -17.94 -18.00 -18.03 -18.00 -17.75 -17.62 -17.59 -17.50 -17.34 -17.38 -17.22 -17.09 -17.00 -17.00 -17.03 -17.06 -16.88 -16.94 -17.06 -17.03 -16.91 -16.91 -17.00
-20.97 -20.75 -20.66 -20.53 -20.41 -20.31 -20.25 -20.22 -20.16 -20.00 -19.97 -19.84 -19.75 -19.69 -19.59 -19.47 -19.41 -19.38 -19.34 -19.22 -19.12 -19.06 -18.97 -18.88 -18.88 -18.88 -18.81 -18.56 -18.44 -18.25 -18.16 -18.00 -18.00 -17.94 -17.94 -17.84 -17.69 -17.72 -17.78 -17.81 -17.88 -17.94 -17.91 -17.91 -18.00 -18.03 -18.06 -18.09 -18.09 -18.22 -18.19 -18.09 -17.91 -17.78 -17.59 -17.41 -17.44 -17.47 -17.41 -17.38 -17.19 -17.16 -17.19 -17.16 -17.06 -17.09 -17.19 -17.09 -17.06 -17.16 -17.00
-21.03 -20.84 -20.59 -20.38 -20.31 -20.31 -20.22 -20.25 -20.28 -20.19 -20.00 -19.84 -19.72 -19.56 -19.66 -19.53 -19.31 -19.34 -19.28 -19.28 -19.16 -18.94 -18.94 -18.88 -18.84 -18.97 -18.88 -18.75 -18.66 -18.44 -18.28 -18.06 -18.06 -18.09 -17.97 -17.91 -17.94 -18.00 -17.97 -17.88 -17.97 -18.06 -18.19 -18.22 -18.22 -18.22 -18.25 -18.19 -18.25 -18.31 -18.31 -18.09 -17.94 -17.84 -17.56 -17.53 -17.47 -17.50 -17.53 -17.47 -17.44 -17.31 -17.22 -17.22 -17.25 -17.28 -17.31 -17.09 -17.06 -17.09 -17.09
-21.16 -20.94 -20.62 -20.50 -20.50 -20.38 -20.31 -20.25 -20.19 -20.12 -19.97 -19.91 -19.94 -19.81 -19.72 -19.78 -19.62 -19.44 -19.38 -19.31 -19.19 -19.03 -19.00 -18.91 -18.88 -18.91 -18.88 -18.81 -18.56 -18.47 -18.25 -18.22 -18.31 -18.28 -18.28 -18.19 -18.06 -18.03 -18.00 -18.03 -18.22 -18.25 -18.25 -18.25 -18.31 -18.41 -18.31 -18.31 -18.41 -18.38 -18.22 -18.09 -17.91 -17.81 -17.78 -17.72 -17.66 -17.62 -17.56 -17.53 -17.44 -17.25 -17.19 -17.22 -17.28 -17.41 -17.47 -17.28 -17.06 -16.94 -17.16
-21.09 -20.97 -20.75 -20.69 -20.69 -20.66 -20.59 -20.47 -20.28 -20.16 -19.97 -19.91 -19.97 -19.88 -19.91 -19.81 -19.72 -19.72 -19.53 -19.44 -19.34 -19.22 -19.16 -19.06 -19.06 -18.91 -18.75 -18.69 -18.50 -18.44 -18.50 -18.56 -18.56 -18.56 -18.44 -18.38 -18.31 -18.22 -18.22 -18.31 -18.34 -18.38 -18.38 -18.44 -18.34 -18.34 -18.41 -18.50 -18.47 -18.38 -18.19 -18.03 -17.97 -17.84 -17.81 -17.78 -17.78 -17.72 -17.66 -17.56 -17.50 -17.44 -17.34 -17.34 -17.41 -17.53 -17.62 -17.44 -17.19 -17.09 -17.12
-21.28 -21.12 -21.06 -20.88 -20.69 -20.75 -20.69 -20.59 -20.47 -20.34 -20.12 -19.94 -19.94 -20.09 -20.06 -20.03 -19.94 -19.72 -19.53 -19.50 -19.44 -19.34 -19.19 -19.19 -19.12 -19.00 -18.84 -18.84 -18.72 -18.66 -18.59 -18.75 -18.75 -18.59 -18.50 -18.41 -18.41 -18.41 -18.47 -18.50 -18.47 -18.53 -18.59 -18.59 -18.56 -18.47 -18.47 -18.59 -18.53 -18.44 -18.22 -18.00 -17.94 -17.84 -17.78 -17.69 -17.78 -17.72 -17.69 -17.81 -17.72 -17.69 -17.69 -17.59 -17.53 -17.59 -17.62 -17.53 -17.28 -17.28 -17.28
-21.34 -21.31 -21.25 -21.06 -20.94 -20.88 -20.88 -20.69 -20.62 -20.47 -20.34 -20.16 -20.03 -20.06 -20.06 -19.91 -19.88 -19.72 -19.66 -19.62 -19.53 -19.38 -19.16 -19.25 -19.25 -19.00 -18.84 -18.94 -18.84 -18.81 -18.84 -18.81 -18.75 -18.75 -18.72 -18.72 -18.66 -18.75 -18.75 -18.72 -18.78 -18.81 -18.88 -18.88 -18.72 -18.72 -18.59 -18.59 -18.56 -18.38 -18.22 -18.00 -18.12 -18.03 -17.94 -17.78 -17.78 -17.81 -17.84 -17.81 -17.84 -17.91 -17.81 -17.75 -17.72 -17.75 -17.53 -17.50 -17.44 -17.47 -17.34
-21.34 -21.31 -21.34 -21.34 -21.25 -21.19 -21.06 -20.91 -20.81 -20.56 -20.38 -20.31 -20.12 -20.12 -20.16 -19.94 -19.72 -19.69 -19.78 -19.75 -19.69 -19.56 -19.38 -19.31 -19.22 -19.09 -19.19 -19.22 -19.09 -18.94 -18.94 -19.00 -19.00 -18.91 -18.94 -19.00 -18.94 -18.84 -18.84 -18.78 -18.88 -18.94 -18.94 -19.03 -19.06 -18.94 -18.75 -18.62 -18.47 -18.31 -18.22 -18.19 -18.09 -17.91 -17.84 -17.97 -18.00 -18.03 -18.06 -18.00 -18.03 -18.06 -18.00 -17.84 -17.78 -17.88 -17.75 -17.81 -17.75 -17.84 -17.81
-21.44 -21.47 -21.38 -21.38 -21.34 -21.31 -21.28 -21.16 -20.97 -20.78 -20.56 -20.41 -20.34 -20.34 -20.09 -20.00 -20.06 -20.00 -19.91 -19.72 -19.62 -19.56 -19.47 -19.31 -19.16 -19.16 -19.19 -19.25 -19.16 -18.91 -18.97 -19.09 -19.06 -19.03 -19.09 -19.16 -19.09 -19.00 -19.00 -19.03 -19.03 -19.00 -19.00 -19.16 -19.09 -18.97 -18.81 -18.72 -18.47 -18.22 -18.25 -18.16 -18.06 -18.09 -18.25 -18.19 -18.22 -18.22 -18.16 -18.16 -18.19 -18.12 -18.03 -17.94 -17.97 -18.03 -18.22 -18.19 -18.28 -18.19 -17.97
-21.66 -21.69 -21.69 -21.62 -21.56 -21.47 -21.41 -21.38 -21.19 -21.03 -20.91 -20.66 -20.41 -20.31 -20.25 -20.09 -20.06 -20.03 -19.97 -19.75 -19.72 -19.66 -19.56 -19.38 -19.38 -19.38 -19.28 -19.38 -19.28 -19.03 -18.91 -18.88 -18.91 -19.12 -19.22 -19.19 -19.16 -19.19 -19.16 -19.25 -19.22 -19.19 -19.25 -19.25 -19.12 -18.91 -18.69 -18.50 -18.59 -18.53 -18.44 -18.41 -18.38 -18.44 -18.47 -18.41 -18.44 -18.41 -18.41 -18.31 -18.34 -18.31 -18.19 -18.06 -18.03 -18.19 -18.44 -18.47 -18.56 -18.53 -18.31
-21.88 -21.81 -21.91 -21.84 -21.75 -21.56 -21.41 -21.41 -21.31 -21.09 -20.97 -20.88 -20.72 -20.47 -20.25 -20.16 -20.06 -20.03 -19.97 -19.97 -19.78 -19.66 -19.59 -19.56 -19.50 -19.44 -19.44 -19.31 -19.16 -19.38 -19.28 -19.19 -19.31 -19.50 -19.44 -19.41 -19.41 -19.41 -19.38 -19.38 -19.34 -19.38 -19.31 -19.25 -19.12 -18.97 -18.94 -18.94 -18.91 -18.81 -18.66 -18.56 -18.50 -18.50 -18.53 -18.47 -18.53 -18.53 -18.56 -18.50 -18.47 -18.44 -18.44 -18.38 -18.50 -18.47 -18.53 -18.72 -18.81 -18.78 -18.66
-22.16 -22.03 -21.97 -21.91 -21.78 -21.72 -21.66 -21.56 -21.44 -21.22 -21.06 -21.03 -20.88 -20.69 -20.50 -20.28 -20.09 -20.06 -19.91 -19.81 -19.84 -19.78 -19.72 -19.69 -19.69 -19.59 -19.59 -19.44 -19.38 -19.44 -19.53 -19.47 -19.69 -19.59 -19.62 -19.62 -19.56 -19.53 -19.47 -19.50 -19.44 -19.44 -19.41 -19.25 -19.22 -19.22 -19.09 -19.09 -19.06 -18.91 -18.81 -18.81 -18.69 -18.66 -18.62 -18.59 -18.59 -18.50 -18.62 -18.62 -18.62 -18.56 -18.69 -18.69 -18.75 -18.81 -18.84 -18.94 -19.06 -19.16 -19.16
-22.38 -22.25 -22.25 -22.16 -22.12 -21.94 -21.78 -21.72 -21.59 -21.44 -21.25 -21.06 -21.00 -20.84 -20.66 -20.56 -20.44 -20.34 -20.16 -20.00 -19.91 -19.81 -19.81 -19.78 -19.84 -19.94 -19.84 -19.69 -19.66 -19.69 -19.75 -19.66 -19.75 -19.81 -19.75 -19.69 -19.75 -19.69 -19.62 -19.62 -19.69 -19.62 -19.50 -19.47 -19.47 -19.41 -19.22 -19.09 -18.97 -18.94 -18.94 -18.84 -18.75 -18.81 -18.75 -18.69 -18.72 -18.72 -18.66 -18.62 -18.62 -18.81 -19.03 -19.03 -19.06 -19.12 -19.12 -19.16 -19.28 -19.34 -19.44
-22.53 -22.47 -22.38 -22.31 -22.31 -22.22 -21.97 -21.81 -21.69 -21.56 -21.41 -21.31 -21.22 -21.00 -20.81 -20.66 -20.56 -20.47 -20.41 -20.19 -20.12 -20.03 -20.00 -19.97 -19.84 -19.91 -19.94 -19.94 -20.00 -19.84 -19.75 -19.88 -19.84 -19.88 -19.91 -19.91 -19.88 -19.88 -19.75 -19.78 -19.75 -19.78 -19.84 -19.69 -19.56 -19.47 -19.22 -19.12 -18.94 -18.88 -18.88 -18.84 -18.91 -18.91 -18.91 -18.81 -18.84 -18.91 -18.88 -18.91 -19.00 -19.09 -19.16 -19.19 -19.34 -19.41 -19.38 -19.50 -19.56 -19.50 -19.47
-22.81 -22.72 -22.56 -22.47 -22.38 -22.28 -22.09 -21.94 -21.88 -21.75 -21.59 -21.41 -21.28 -21.06 -20.84 -20.78 -20.62 -20.59 -20.47 -20.19 -20.19 -20.16 -20.25 -20.22 -20.06 -20.12 -20.16 -20.09 -20.06 -20.12 -19.94 -20.00 -20.06 -19.94 -19.94 -20.00 -20.06 -20.03 -19.94 -19.84 -19.78 -19.91 -19.88 -19.66 -19.62 -19.53 -19.41 -19.19 -19.09 -18.97 -18.84 -18.97 -19.00 -19.03 -19.03 -19.03 -19.03 -19.12 -19.16 -19.16 -19.28 -19.31 -19.28 -19.31 -19.56 -19.75 -19.88 -19.88 -19.88 -19.84 -19.78
