everonasctiles/Tile19,7.asc
ncols 128
nrows 128
xllcorner 0
yllcorner 0
cellsize 2.0
NODATA_value  -9999
[rows 0 to 31 of 128, columns 0 to 70 of 128]
-22.12 -22.19 -22.34 -22.56 -22.75 -22.88 -22.97 -23.09 -23.25 -23.47 -23.72 -23.97 -24.22 -24.44 -24.62 -24.81 -25.03 -25.22 -25.41 -25.59 -25.84 -26.03 -26.19 -26.38 -26.56 -26.78 -26.94 -27.06 -27.16 -27.28 -27.47 -27.56 -27.66 -27.75 -27.84 -27.94 -28.00 -28.00 -27.97 -27.94 -27.78 -27.50 -27.12 -26.69 -26.31 -26.00 -25.78 -25.62 -25.66 -25.78 -26.00 -26.16 -26.22 -26.16 -26.03 -25.88 -25.69 -25.50 -25.41 -25.28 -25.22 -25.12 -25.00 -24.84 -24.62 -24.44 -24.31 -24.22 -24.19 -24.16 -24.09
-22.16 -22.25 -22.44 -22.62 -22.72 -22.81 -22.94 -23.12 -23.31 -23.53 -23.81 -24.09 -24.28 -24.50 -24.66 -24.78 -25.00 -25.25 -25.47 -25.66 -25.91 -26.09 -26.28 -26.53 -26.75 -26.88 -27.00 -27.16 -27.31 -27.44 -27.59 -27.75 -27.84 -27.94 -28.00 -28.06 -28.12 -28.12 -28.19 -28.19 -28.09 -27.84 -27.47 -26.97 -26.50 -26.09 -25.78 -25.59 -25.56 -25.69 -25.94 -26.16 -26.31 -26.34 -26.28 -26.19 -26.06 -25.94 -25.81 -25.72 -25.62 -25.53 -25.41 -25.22 -25.03 -24.84 -24.69 -24.59 -24.53 -24.50 -24.44
-22.12 -22.25 -22.47 -22.59 -22.59 -22.69 -22.91 -23.09 -23.28 -23.50 -23.81 -24.09 -24.31 -24.53 -24.72 -24.84 -25.06 -25.31 -25.56 -25.78 -26.03 -26.22 -26.44 -26.66 -26.84 -26.97 -27.09 -27.28 -27.47 -27.62 -27.72 -27.88 -27.97 -28.06 -28.16 -28.22 -28.22 -28.28 -28.34 -28.38 -28.31 -28.12 -27.78 -27.31 -26.78 -26.28 -25.88 -25.59 -25.53 -25.66 -25.91 -26.19 -26.38 -26.50 -26.53 -26.50 -26.44 -26.34 -26.25 -26.16 -26.06 -25.91 -25.78 -25.59 -25.41 -25.22 -25.09 -25.00 -24.94 -24.88 -24.81
-22.16 -22.28 -22.47 -22.53 -22.56 -22.69 -22.91 -23.09 -23.31 -23.53 -23.81 -24.09 -24.38 -24.59 -24.78 -24.94 -25.16 -25.41 -25.66 -25.88 -26.09 -26.31 -26.56 -26.78 -26.97 -27.09 -27.25 -27.44 -27.62 -27.75 -27.88 -28.00 -28.09 -28.16 -28.25 -28.34 -28.38 -28.44 -28.50 -28.53 -28.50 -28.34 -28.06 -27.62 -27.09 -26.56 -26.12 -25.78 -25.66 -25.75 -26.00 -26.28 -26.53 -26.69 -26.78 -26.81 -26.81 -26.75 -26.69 -26.56 -26.44 -26.28 -26.12 -25.94 -25.78 -25.59 -25.50 -25.41 -25.34 -25.25 -25.19
-22.25 -22.38 -22.50 -22.56 -22.62 -22.75 -22.91 -23.09 -23.34 -23.62 -23.88 -24.12 -24.41 -24.69 -24.91 -25.12 -25.34 -25.56 -25.78 -26.03 -26.28 -26.50 -26.69 -26.88 -27.06 -27.22 -27.38 -27.56 -27.75 -27.91 -27.97 -28.06 -28.16 -28.25 -28.38 -28.44 -28.50 -28.56 -28.59 -28.59 -28.59 -28.50 -28.31 -27.94 -27.47 -26.97 -26.47 -26.12 -25.94 -25.97 -26.16 -26.41 -26.66 -26.88 -27.00 -27.06 -27.12 -27.09 -27.03 -26.94 -26.81 -26.66 -26.50 -26.31 -26.16 -26.00 -25.88 -25.81 -25.72 -25.62 -25.53
-22.38 -22.56 -22.69 -22.75 -22.81 -22.84 -22.91 -23.09 -23.38 -23.66 -23.91 -24.16 -24.44 -24.72 -24.97 -25.25 -25.50 -25.75 -25.94 -26.16 -26.41 -26.62 -26.78 -26.94 -27.12 -27.31 -27.47 -27.66 -27.84 -27.97 -28.06 -28.09 -28.22 -28.31 -28.44 -28.56 -28.59 -28.62 -28.69 -28.69 -28.69 -28.62 -28.50 -28.25 -27.88 -27.41 -26.94 -26.56 -26.38 -26.34 -26.44 -26.59 -26.81 -27.03 -27.19 -27.28 -27.38 -27.41 -27.38 -27.28 -27.19 -27.03 -26.84 -26.62 -26.50 -26.38 -26.28 -26.19 -26.09 -26.00 -25.91
-22.50 -22.62 -22.72 -22.75 -22.84 -22.91 -22.97 -23.16 -23.44 -23.66 -23.91 -24.19 -24.50 -24.75 -25.03 -25.31 -25.59 -25.84 -26.06 -26.25 -26.50 -26.75 -26.91 -27.03 -27.19 -27.38 -27.56 -27.75 -27.91 -28.03 -28.09 -28.19 -28.25 -28.38 -28.50 -28.59 -28.69 -28.75 -28.78 -28.81 -28.78 -28.72 -28.66 -28.50 -28.25 -27.88 -27.44 -27.09 -26.88 -26.81 -26.81 -26.91 -27.06 -27.22 -27.38 -27.47 -27.56 -27.66 -27.69 -27.62 -27.53 -27.38 -27.19 -27.00 -26.88 -26.75 -26.66 -26.56 -26.47 -26.34 -26.25
-22.47 -22.59 -22.59 -22.62 -22.72 -22.84 -23.03 -23.31 -23.50 -23.72 -23.97 -24.22 -24.53 -24.81 -25.12 -25.34 -25.66 -25.97 -26.22 -26.44 -26.66 -26.81 -26.97 -27.09 -27.25 -27.41 -27.59 -27.75 -27.84 -27.88 -27.94 -28.03 -28.12 -28.25 -28.41 -28.56 -28.69 -28.81 -28.88 -28.91 -28.88 -28.84 -28.78 -28.72 -28.53 -28.25 -27.91 -27.62 -27.44 -27.31 -27.25 -27.28 -27.38 -27.50 -27.56 -27.66 -27.75 -27.81 -27.88 -27.88 -27.78 -27.66 -27.50 -27.31 -27.19 -27.06 -27.00 -26.88 -26.75 -26.66 -26.59
-22.56 -22.56 -22.56 -22.62 -22.69 -22.84 -23.09 -23.31 -23.50 -23.72 -23.97 -24.22 -24.53 -24.84 -25.16 -25.47 -25.78 -26.09 -26.34 -26.56 -26.78 -26.91 -27.03 -27.19 -27.31 -27.41 -27.50 -27.56 -27.59 -27.56 -27.56 -27.59 -27.72 -27.88 -28.06 -28.31 -28.53 -28.69 -28.81 -28.88 -28.91 -28.91 -28.88 -28.81 -28.72 -28.53 -28.31 -28.09 -27.94 -27.81 -27.69 -27.66 -27.72 -27.78 -27.81 -27.84 -27.88 -27.91 -27.97 -27.97 -27.88 -27.75 -27.66 -27.53 -27.44 -27.38 -27.31 -27.19 -27.09 -27.00 -26.91
-22.47 -22.53 -22.59 -22.66 -22.75 -22.94 -23.16 -23.28 -23.44 -23.66 -23.91 -24.22 -24.56 -24.88 -25.22 -25.53 -25.84 -26.16 -26.41 -26.62 -26.81 -26.97 -27.09 -27.28 -27.41 -27.41 -27.38 -27.31 -27.28 -27.19 -27.12 -27.09 -27.16 -27.31 -27.56 -27.84 -28.12 -28.34 -28.53 -28.69 -28.81 -28.88 -28.91 -28.91 -28.84 -28.75 -28.59 -28.47 -28.38 -28.28 -28.16 -28.09 -28.06 -28.06 -28.03 -28.00 -27.97 -27.94 -27.91 -27.88 -27.81 -27.72 -27.69 -27.66 -27.62 -27.62 -27.62 -27.53 -27.44 -27.31 -27.22
-22.38 -22.44 -22.59 -22.66 -22.78 -22.97 -23.09 -23.25 -23.41 -23.59 -23.88 -24.19 -24.59 -24.91 -25.25 -25.59 -25.91 -26.19 -26.44 -26.66 -26.84 -26.97 -27.12 -27.28 -27.41 -27.38 -27.31 -27.19 -27.03 -26.88 -26.75 -26.66 -26.66 -26.78 -27.03 -27.28 -27.56 -27.88 -28.12 -28.38 -28.53 -28.69 -28.81 -28.88 -28.91 -28.88 -28.78 -28.75 -28.72 -28.66 -28.59 -28.47 -28.38 -28.31 -28.22 -28.12 -28.00 -27.84 -27.72 -27.62 -27.56 -27.53 -27.59 -27.69 -27.75 -27.81 -27.84 -27.81 -27.75 -27.62 -27.50
-22.22 -22.34 -22.50 -22.69 -22.78 -23.00 -23.03 -23.19 -23.41 -23.69 -23.97 -24.31 -24.66 -24.97 -25.28 -25.66 -26.00 -26.25 -26.44 -26.59 -26.78 -26.97 -27.16 -27.31 -27.41 -27.34 -27.25 -27.09 -26.91 -26.72 -26.53 -26.41 -26.38 -26.47 -26.66 -26.84 -27.06 -27.34 -27.59 -27.88 -28.12 -28.31 -28.53 -28.72 -28.88 -28.94 -28.94 -28.97 -29.00 -28.97 -28.94 -28.81 -28.72 -28.56 -28.44 -28.22 -27.97 -27.72 -27.50 -27.31 -27.28 -27.31 -27.47 -27.66 -27.81 -27.94 -28.00 -28.03 -28.00 -27.91 -27.78
-22.19 -22.34 -22.41 -22.59 -22.81 -22.91 -23.03 -23.16 -23.38 -23.72 -24.06 -24.41 -24.75 -25.03 -25.31 -25.69 -26.00 -26.25 -26.41 -26.53 -26.75 -26.94 -27.12 -27.31 -27.38 -27.34 -27.25 -27.06 -26.88 -26.69 -26.50 -26.34 -26.28 -26.34 -26.47 -26.59 -26.75 -26.94 -27.16 -27.38 -27.59 -27.84 -28.06 -28.34 -28.59 -28.81 -28.97 -29.09 -29.16 -29.19 -29.19 -29.12 -29.00 -28.81 -28.59 -28.25 -27.84 -27.53 -27.25 -27.09 -27.09 -27.22 -27.44 -27.69 -27.91 -28.06 -28.19 -28.22 -28.19 -28.09 -28.00
-22.19 -22.31 -22.44 -22.59 -22.69 -22.88 -23.00 -23.12 -23.38 -23.72 -24.06 -24.41 -24.75 -25.06 -25.38 -25.69 -26.00 -26.22 -26.41 -26.59 -26.78 -26.97 -27.12 -27.28 -27.38 -27.38 -27.28 -27.16 -26.97 -26.78 -26.59 -26.44 -26.38 -26.44 -26.50 -26.56 -26.66 -26.78 -26.91 -27.00 -27.16 -27.34 -27.56 -27.84 -28.19 -28.53 -28.81 -29.06 -29.25 -29.31 -29.34 -29.34 -29.22 -28.97 -28.62 -28.19 -27.72 -27.31 -27.09 -27.00 -27.03 -27.19 -27.47 -27.81 -28.09 -28.28 -28.38 -28.41 -28.38 -28.25 -28.16
-22.16 -22.31 -22.47 -22.53 -22.69 -22.84 -23.00 -23.22 -23.44 -23.72 -24.06 -24.41 -24.75 -25.06 -25.38 -25.72 -26.06 -26.28 -26.47 -26.62 -26.78 -26.97 -27.09 -27.25 -27.38 -27.44 -27.41 -27.34 -27.22 -27.06 -26.88 -26.75 -26.66 -26.69 -26.69 -26.72 -26.75 -26.78 -26.81 -26.81 -26.88 -26.97 -27.16 -27.44 -27.81 -28.19 -28.56 -28.94 -29.22 -29.41 -29.50 -29.50 -29.34 -29.03 -28.56 -28.06 -27.59 -27.25 -27.03 -27.00 -27.12 -27.31 -27.66 -28.03 -28.34 -28.53 -28.59 -28.62 -28.56 -28.47 -28.31
-22.16 -22.28 -22.41 -22.59 -22.69 -22.88 -23.06 -23.25 -23.47 -23.75 -24.12 -24.53 -24.84 -25.16 -25.47 -25.81 -26.12 -26.38 -26.56 -26.69 -26.78 -26.91 -27.00 -27.16 -27.31 -27.44 -27.50 -27.53 -27.47 -27.38 -27.28 -27.22 -27.16 -27.12 -27.06 -27.03 -26.97 -26.94 -26.91 -26.84 -26.81 -26.88 -27.03 -27.25 -27.56 -27.94 -28.34 -28.78 -29.16 -29.41 -29.56 -29.56 -29.31 -28.94 -28.44 -27.94 -27.53 -27.25 -27.09 -27.16 -27.34 -27.62 -27.97 -28.34 -28.59 -28.75 -28.78 -28.78 -28.69 -28.59 -28.47
-22.09 -22.16 -22.41 -22.53 -22.69 -22.91 -23.06 -23.28 -23.50 -23.81 -24.22 -24.62 -25.00 -25.34 -25.62 -25.94 -26.25 -26.47 -26.62 -26.78 -26.88 -26.97 -27.03 -27.12 -27.25 -27.41 -27.50 -27.59 -27.62 -27.56 -27.59 -27.59 -27.56 -27.56 -27.53 -27.41 -27.31 -27.25 -27.16 -27.06 -26.97 -26.94 -27.03 -27.25 -27.50 -27.84 -28.25 -28.66 -29.06 -29.38 -29.53 -29.47 -29.16 -28.72 -28.22 -27.75 -27.41 -27.25 -27.28 -27.41 -27.69 -28.03 -28.38 -28.66 -28.81 -28.88 -28.81 -28.78 -28.72 -28.66 -28.56
-22.03 -22.16 -22.44 -22.56 -22.69 -22.91 -23.19 -23.38 -23.56 -23.88 -24.31 -24.69 -25.09 -25.47 -25.84 -26.16 -26.44 -26.59 -26.72 -26.81 -26.91 -26.97 -27.03 -27.12 -27.22 -27.31 -27.41 -27.50 -27.56 -27.59 -27.69 -27.75 -27.78 -27.84 -27.84 -27.78 -27.69 -27.59 -27.50 -27.38 -27.25 -27.16 -27.16 -27.31 -27.53 -27.84 -28.25 -28.66 -29.03 -29.31 -29.41 -29.25 -28.88 -28.34 -27.88 -27.53 -27.38 -27.38 -27.50 -27.72 -28.09 -28.44 -28.72 -28.88 -28.88 -28.78 -28.69 -28.62 -28.62 -28.59 -28.56
-21.97 -22.16 -22.44 -22.53 -22.69 -22.91 -23.19 -23.47 -23.72 -24.09 -24.41 -24.78 -25.16 -25.56 -25.94 -26.22 -26.47 -26.62 -26.72 -26.78 -26.88 -26.94 -27.00 -27.12 -27.22 -27.25 -27.28 -27.34 -27.41 -27.50 -27.56 -27.66 -27.75 -27.88 -27.94 -27.94 -27.94 -27.94 -27.88 -27.78 -27.62 -27.50 -27.44 -27.50 -27.66 -27.97 -28.34 -28.72 -29.09 -29.28 -29.25 -28.97 -28.50 -28.00 -27.59 -27.34 -27.34 -27.47 -27.72 -28.09 -28.50 -28.78 -28.91 -28.88 -28.69 -28.50 -28.38 -28.38 -28.41 -28.47 -28.50
-21.91 -22.09 -22.50 -22.59 -22.69 -22.91 -23.22 -23.53 -23.84 -24.19 -24.50 -24.84 -25.22 -25.59 -25.94 -26.19 -26.34 -26.47 -26.59 -26.69 -26.84 -26.97 -27.00 -27.06 -27.12 -27.19 -27.19 -27.25 -27.31 -27.34 -27.41 -27.50 -27.59 -27.72 -27.81 -27.91 -28.00 -28.09 -28.16 -28.16 -28.03 -27.91 -27.81 -27.78 -27.91 -28.16 -28.50 -28.84 -29.12 -29.22 -29.06 -28.62 -28.09 -27.62 -27.31 -27.19 -27.28 -27.56 -27.97 -28.41 -28.81 -28.97 -28.88 -28.66 -28.34 -28.12 -28.03 -28.03 -28.16 -28.28 -28.41
-21.94 -22.12 -22.50 -22.75 -22.88 -23.03 -23.25 -23.50 -23.81 -24.25 -24.62 -24.94 -25.31 -25.59 -25.91 -26.00 -26.09 -26.25 -26.38 -26.53 -26.78 -26.94 -26.91 -27.00 -27.09 -27.12 -27.12 -27.19 -27.19 -27.22 -27.25 -27.28 -27.38 -27.47 -27.62 -27.78 -27.94 -28.09 -28.22 -28.31 -28.28 -28.25 -28.16 -28.12 -28.22 -28.38 -28.66 -28.94 -29.12 -29.03 -28.72 -28.25 -27.75 -27.38 -27.12 -27.09 -27.31 -27.75 -28.25 -28.69 -28.97 -28.91 -28.62 -28.25 -27.91 -27.69 -27.62 -27.72 -27.88 -28.09 -28.31
-22.00 -22.22 -22.53 -22.66 -22.81 -23.00 -23.22 -23.53 -23.81 -24.25 -24.72 -24.97 -25.19 -25.41 -25.66 -25.69 -25.75 -25.94 -26.16 -26.44 -26.62 -26.72 -26.88 -26.94 -27.00 -27.00 -27.00 -27.03 -27.00 -27.03 -27.03 -27.03 -27.09 -27.19 -27.34 -27.56 -27.72 -27.91 -28.06 -28.22 -28.34 -28.38 -28.38 -28.41 -28.47 -28.62 -28.81 -28.97 -28.97 -28.69 -28.25 -27.78 -27.41 -27.22 -27.09 -27.16 -27.53 -28.06 -28.56 -28.91 -28.97 -28.72 -28.28 -27.81 -27.47 -27.28 -27.28 -27.44 -27.69 -27.97 -28.22
-21.97 -22.25 -22.38 -22.44 -22.62 -22.81 -23.06 -23.44 -23.88 -24.22 -24.72 -24.94 -25.03 -25.16 -25.25 -25.25 -25.38 -25.56 -25.97 -26.28 -26.44 -26.62 -26.78 -26.84 -26.91 -26.91 -26.91 -26.84 -26.84 -26.81 -26.78 -26.75 -26.78 -26.81 -26.94 -27.12 -27.34 -27.59 -27.84 -28.03 -28.19 -28.31 -28.38 -28.50 -28.59 -28.69 -28.78 -28.78 -28.56 -28.19 -27.69 -27.25 -27.03 -27.03 -27.12 -27.34 -27.81 -28.38 -28.81 -28.97 -28.81 -28.38 -27.88 -27.38 -27.06 -26.97 -27.06 -27.28 -27.59 -27.94 -28.22
-21.97 -22.12 -22.06 -22.22 -22.44 -22.69 -22.94 -23.50 -24.03 -24.41 -24.62 -24.78 -24.75 -24.81 -24.84 -24.78 -24.94 -25.31 -25.78 -25.97 -26.25 -26.53 -26.69 -26.75 -26.78 -26.78 -26.72 -26.69 -26.66 -26.59 -26.50 -26.44 -26.41 -26.44 -26.50 -26.66 -26.88 -27.16 -27.50 -27.75 -27.97 -28.09 -28.25 -28.41 -28.53 -28.62 -28.59 -28.41 -28.06 -27.62 -27.16 -26.84 -26.75 -26.88 -27.19 -27.62 -28.19 -28.75 -29.00 -28.91 -28.53 -28.03 -27.47 -27.03 -26.75 -26.72 -26.88 -27.19 -27.56 -27.94 -28.19
-21.94 -21.78 -21.78 -21.91 -22.16 -22.41 -22.66 -23.25 -24.00 -24.38 -24.56 -24.53 -24.41 -24.38 -24.38 -24.34 -24.72 -25.19 -25.38 -25.75 -26.16 -26.44 -26.59 -26.69 -26.69 -26.62 -26.56 -26.47 -26.44 -26.34 -26.28 -26.19 -26.09 -26.06 -26.12 -26.22 -26.41 -26.72 -27.06 -27.41 -27.72 -27.91 -28.06 -28.22 -28.34 -28.41 -28.31 -28.00 -27.62 -27.19 -26.81 -26.59 -26.59 -26.88 -27.31 -27.94 -28.59 -29.06 -29.19 -28.91 -28.38 -27.72 -27.12 -26.75 -26.53 -26.53 -26.78 -27.12 -27.56 -27.94 -28.16
-21.69 -21.53 -21.62 -21.78 -21.94 -22.19 -22.53 -23.16 -24.00 -24.31 -24.31 -24.19 -24.00 -23.94 -23.94 -24.19 -24.59 -24.78 -25.12 -25.66 -26.12 -26.44 -26.59 -26.59 -26.56 -26.47 -26.44 -26.38 -26.31 -26.19 -26.06 -25.94 -25.84 -25.75 -25.78 -25.84 -26.03 -26.28 -26.62 -27.00 -27.41 -27.72 -27.94 -28.09 -28.19 -28.22 -28.06 -27.75 -27.38 -27.00 -26.75 -26.59 -26.69 -27.06 -27.66 -28.38 -29.00 -29.34 -29.31 -28.94 -28.31 -27.56 -26.91 -26.50 -26.38 -26.47 -26.75 -27.16 -27.56 -27.94 -28.12
-21.34 -21.44 -21.50 -21.81 -21.88 -22.19 -22.59 -23.00 -23.31 -24.19 -24.03 -23.91 -23.75 -23.59 -23.72 -24.16 -24.34 -24.59 -25.16 -25.66 -26.16 -26.44 -26.56 -26.50 -26.41 -26.34 -26.31 -26.25 -26.19 -26.09 -25.94 -25.78 -25.66 -25.53 -25.50 -25.56 -25.69 -25.91 -26.22 -26.62 -27.03 -27.44 -27.75 -27.94 -28.06 -28.09 -27.94 -27.66 -27.31 -27.03 -26.88 -26.81 -26.97 -27.47 -28.12 -28.84 -29.38 -29.56 -29.38 -28.91 -28.25 -27.44 -26.78 -26.41 -26.31 -26.50 -26.81 -27.22 -27.62 -27.91 -28.06
-21.19 -21.34 -21.44 -21.59 -21.88 -22.69 -22.81 -23.19 -23.78 -24.00 -23.72 -23.69 -23.53 -23.50 -23.97 -24.09 -24.12 -24.69 -25.25 -25.78 -26.19 -26.34 -26.34 -26.31 -26.28 -26.22 -26.16 -26.12 -26.06 -25.97 -25.84 -25.72 -25.59 -25.44 -25.38 -25.38 -25.44 -25.62 -25.91 -26.25 -26.62 -27.06 -27.47 -27.75 -27.97 -28.00 -27.88 -27.66 -27.38 -27.19 -27.12 -27.16 -27.41 -27.94 -28.59 -29.22 -29.62 -29.66 -29.41 -28.88 -28.22 -27.47 -26.84 -26.47 -26.41 -26.56 -26.91 -27.28 -27.62 -27.84 -27.91
-21.12 -21.25 -21.38 -21.59 -21.91 -22.78 -23.16 -23.56 -23.72 -23.81 -23.44 -23.50 -23.41 -23.81 -23.97 -24.00 -24.31 -24.88 -25.44 -25.91 -26.16 -26.22 -26.19 -26.12 -26.06 -26.12 -26.09 -26.00 -26.00 -25.91 -25.84 -25.75 -25.66 -25.47 -25.34 -25.28 -25.28 -25.41 -25.66 -25.97 -26.31 -26.72 -27.16 -27.56 -27.84 -27.94 -27.91 -27.72 -27.53 -27.44 -27.44 -27.56 -27.91 -28.41 -28.97 -29.47 -29.72 -29.66 -29.38 -28.88 -28.22 -27.56 -27.03 -26.66 -26.56 -26.72 -27.00 -27.31 -27.56 -27.69 -27.72
-20.94 -21.16 -21.38 -21.66 -22.03 -22.56 -23.03 -23.44 -23.56 -23.66 -23.56 -23.44 -23.53 -24.00 -23.84 -24.12 -24.69 -25.16 -25.62 -25.91 -26.06 -26.06 -26.03 -25.97 -25.94 -25.88 -25.91 -25.94 -25.84 -25.81 -25.84 -25.81 -25.72 -25.59 -25.47 -25.38 -25.34 -25.41 -25.56 -25.75 -26.06 -26.44 -26.88 -27.34 -27.69 -27.91 -27.94 -27.91 -27.81 -27.75 -27.81 -28.00 -28.31 -28.75 -29.19 -29.50 -29.66 -29.59 -29.31 -28.84 -28.28 -27.69 -27.22 -26.91 -26.81 -26.84 -26.97 -27.19 -27.34 -27.44 -27.44
-21.00 -21.28 -21.53 -21.66 -22.03 -22.62 -23.00 -23.28 -23.50 -23.56 -23.62 -23.47 -23.91 -24.09 -23.97 -24.44 -25.06 -25.56 -25.81 -25.94 -26.00 -25.97 -26.00 -25.88 -25.78 -25.78 -25.66 -25.66 -25.62 -25.69 -25.78 -25.84 -25.81 -25.72 -25.62 -25.56 -25.50 -25.44 -25.50 -25.66 -25.84 -26.19 -26.62 -27.09 -27.53 -27.78 -27.97 -28.00 -28.00 -28.03 -28.16 -28.34 -28.59 -28.91 -29.19 -29.38 -29.44 -29.38 -29.16 -28.78 -28.28 -27.78 -27.31 -27.00 -26.91 -26.88 -26.91 -27.06 -27.12 -27.12 -27.12
-20.91 -21.31 -21.59 -21.62 -21.91 -22.34 -22.88 -23.28 -23.69 -23.78 -23.84 -23.78 -24.19 -24.22 -24.38 -24.94 -25.38 -25.81 -25.97 -26.03 -26.03 -26.00 -25.91 -25.91 -25.81 -25.56 -25.44 -25.44 -25.47 -25.56 -25.72 -25.84 -25.84 -25.88 -25.84 -25.75 -25.62 -25.56 -25.50 -25.53 -25.69 -25.97 -26.34 -26.78 -27.22 -27.59 -27.88 -28.00 -28.06 -28.19 -28.34 -28.50 -28.69 -28.88 -29.03 -29.16 -29.22 -29.12 -28.91 -28.53 -28.16 -27.72 -27.34 -27.03 -26.84 -26.78 -26.84 -26.91 -26.88 -26.81 -26.78
