everonasctiles/Tile33,5.asc
ncols 128
nrows 128
xllcorner 0
yllcorner 0
cellsize 2.0
NODATA_value  -9999
[rows 96 to 127 of 128, columns 0 to 70 of 128]
143.12 142.97 142.91 142.47 142.22 141.88 141.50 141.34 141.41 141.25 141.03 140.72 140.41 139.69 138.88 138.09 137.34 136.81 136.31 136.12 135.81 135.72 135.69 135.41 135.12 134.69 134.41 134.28 134.16 133.94 133.25 133.12 132.94 132.56 132.19 131.69 131.12 130.19 129.25 128.91 128.34 126.97 126.94 126.44 126.19 125.88 125.69 125.56 125.38 125.31 125.28 125.34 125.25 125.22 125.19 125.03 125.16 125.44 125.59 125.75 125.97 126.09 126.28 126.47 126.66 126.84 127.06 127.28 127.56 128.00 128.34
141.88 141.56 141.34 141.25 140.97 140.78 140.56 140.78 140.75 140.66 140.44 140.12 139.66 138.81 137.75 136.69 135.88 135.38 135.22 135.09 134.84 134.97 134.75 134.41 133.94 133.69 133.44 133.38 133.19 132.78 132.41 132.31 131.56 130.94 130.56 129.91 129.22 127.62 126.38 126.16 125.78 125.56 125.41 125.22 125.06 124.84 124.56 124.47 124.28 124.09 124.12 124.19 124.12 124.00 123.84 123.88 124.06 124.25 124.47 124.62 124.84 125.00 125.16 125.38 125.53 125.69 125.97 126.19 126.53 126.91 127.22
140.25 140.16 139.88 139.91 139.59 139.72 140.06 140.19 140.16 140.03 139.75 139.31 138.56 137.41 136.06 135.25 134.66 134.34 134.28 133.94 133.78 133.88 133.69 133.38 132.97 132.56 132.47 132.59 132.22 131.81 131.06 130.44 130.12 128.38 128.12 127.88 126.66 125.56 125.09 124.84 124.62 124.53 124.38 124.19 124.00 123.69 123.47 123.41 123.31 123.09 123.03 123.06 123.00 122.88 122.81 122.88 122.91 123.25 123.41 123.56 123.75 123.88 124.00 124.25 124.44 124.59 124.81 125.03 125.53 125.88 126.16
138.88 138.66 138.53 138.59 138.47 139.25 139.69 139.47 139.44 139.19 138.84 138.09 137.25 135.62 134.41 134.03 133.59 133.38 133.28 132.94 132.69 132.78 132.56 132.28 131.91 131.53 131.31 131.34 130.03 129.94 129.31 128.00 127.50 125.75 125.38 124.78 124.47 124.25 123.97 123.72 123.44 123.41 123.25 123.09 122.94 122.69 122.47 122.34 122.25 122.09 122.00 122.00 121.91 121.78 121.75 121.81 121.97 122.16 122.34 122.47 122.66 122.78 122.97 123.16 123.41 123.47 123.69 124.00 124.44 124.88 125.16
137.59 137.22 137.12 137.06 137.62 138.28 138.38 138.44 138.44 138.12 137.59 136.81 135.56 133.72 133.28 132.94 132.66 132.44 132.25 131.94 131.66 131.47 131.38 131.16 130.97 130.47 130.25 129.81 128.69 127.97 127.16 125.78 124.84 124.09 123.50 122.97 122.81 122.72 122.59 122.38 122.25 122.19 122.16 122.00 121.88 121.72 121.47 121.31 121.22 121.00 120.84 120.84 120.84 120.78 120.75 120.84 121.00 121.16 121.28 121.47 121.59 121.75 121.84 122.16 122.31 122.44 122.66 123.06 123.41 123.75 124.25
135.84 135.28 134.94 134.97 136.41 137.12 136.94 137.22 137.22 136.84 135.56 134.44 133.31 132.41 132.19 132.03 131.72 131.50 131.25 131.00 130.66 130.31 130.09 129.75 129.53 129.22 128.94 128.34 127.84 126.22 125.28 124.03 123.19 122.53 122.31 121.78 121.56 121.28 121.09 121.22 121.06 121.12 121.03 120.91 120.78 120.66 120.41 120.28 120.19 120.00 119.78 119.75 119.78 119.75 119.78 119.91 119.97 120.12 120.28 120.44 120.50 120.69 120.84 121.09 121.28 121.44 121.62 121.94 122.31 122.59 123.34
134.16 133.81 133.53 133.56 134.28 135.19 135.50 135.97 135.91 135.41 133.25 132.41 131.97 131.78 131.28 131.09 130.78 130.59 130.28 130.03 129.69 129.31 128.97 128.62 128.41 128.16 127.75 127.03 126.25 125.56 123.75 122.59 121.78 121.34 121.00 120.69 120.56 120.41 120.25 120.22 120.12 120.09 119.97 119.84 119.62 119.53 119.38 119.25 119.12 119.03 118.81 118.69 118.75 118.75 118.81 118.91 119.03 119.16 119.28 119.38 119.47 119.62 119.84 120.09 120.28 120.47 120.62 120.91 121.28 121.38 122.16
133.00 132.75 132.59 132.53 132.50 132.59 134.31 134.66 134.59 133.69 132.12 131.81 131.56 130.78 130.28 130.03 129.78 129.50 129.28 129.09 128.81 128.31 128.00 127.81 127.31 127.00 126.59 125.25 124.50 123.66 121.84 120.88 120.50 120.06 119.91 119.72 119.59 119.47 119.38 119.28 119.16 119.03 118.91 118.72 118.53 118.38 118.34 118.22 118.09 118.00 117.81 117.75 117.72 117.78 117.81 117.88 118.03 118.19 118.31 118.41 118.47 118.66 118.91 119.12 119.31 119.53 119.62 119.81 120.19 120.34 120.91
131.81 131.62 131.50 131.53 131.66 131.94 132.72 133.47 133.38 132.56 131.72 131.44 130.88 130.00 129.44 128.91 128.69 128.38 128.22 128.03 127.72 127.31 127.06 126.81 126.38 125.81 125.00 123.91 122.47 121.72 120.22 119.81 119.44 119.03 118.91 118.56 118.59 118.38 118.34 118.31 118.06 117.97 117.81 117.69 117.38 117.28 117.16 117.16 117.06 116.97 116.84 116.78 116.75 116.81 116.88 116.94 117.09 117.25 117.38 117.44 117.53 117.75 118.00 118.19 118.38 118.59 118.66 118.81 119.09 119.25 119.81
130.44 130.25 130.22 130.28 130.69 131.12 131.81 132.41 132.31 131.59 131.09 130.47 129.81 129.12 128.56 128.03 127.62 127.22 126.81 126.75 126.38 125.94 125.53 124.91 124.25 123.56 122.38 120.91 120.88 119.78 119.25 118.94 118.50 117.94 117.56 117.28 117.50 117.31 117.16 117.06 116.97 116.88 116.75 116.62 116.34 116.16 116.06 116.06 116.06 115.97 115.88 115.78 115.84 115.88 115.94 116.00 116.06 116.22 116.41 116.50 116.62 116.88 117.06 117.22 117.44 117.59 117.72 117.91 118.16 118.31 118.56
129.28 129.12 129.09 129.09 129.38 130.25 130.88 131.38 131.16 130.50 130.06 129.47 128.88 128.25 127.50 126.94 126.53 126.16 125.62 125.22 124.78 124.41 123.94 123.09 122.12 121.50 120.69 119.94 119.22 118.66 118.41 117.94 117.50 116.94 116.62 116.06 116.22 116.12 115.88 115.84 115.81 115.75 115.69 115.56 115.34 115.16 115.03 115.09 115.03 115.00 114.97 114.88 114.88 114.94 115.03 115.09 115.12 115.25 115.41 115.56 115.72 115.94 116.12 116.28 116.47 116.56 116.81 117.06 117.28 117.53 117.75
128.12 128.09 128.12 128.06 128.34 128.88 129.81 130.06 129.75 129.25 128.78 128.34 127.91 127.28 126.38 125.94 125.53 125.06 124.50 123.97 123.44 122.97 122.47 121.62 120.97 120.59 120.06 119.41 118.69 118.00 117.34 116.88 116.41 115.94 115.47 115.00 114.97 114.75 114.69 114.66 114.72 114.66 114.59 114.47 114.31 114.16 114.06 114.06 114.06 114.03 114.03 114.00 113.97 114.03 114.16 114.22 114.25 114.28 114.38 114.66 114.81 115.00 115.16 115.34 115.53 115.59 115.84 116.19 116.44 116.72 117.06
127.06 127.03 127.03 127.03 127.31 127.69 128.38 128.47 127.78 126.31 126.28 127.09 126.88 126.28 125.66 125.06 124.50 124.03 123.50 122.91 122.25 121.78 121.41 121.09 120.47 119.72 118.97 118.31 117.72 117.12 116.41 115.69 115.16 114.81 114.44 113.94 113.94 113.88 113.59 113.50 113.56 113.56 113.50 113.38 113.19 113.09 113.03 113.00 113.03 113.09 113.12 113.12 113.09 113.22 113.28 113.34 113.41 113.38 113.56 113.72 113.88 114.03 114.22 114.41 114.53 114.66 114.88 115.28 115.59 115.88 116.31
126.00 125.94 126.00 126.00 126.09 126.31 126.75 126.81 126.22 125.94 126.06 126.09 125.78 125.28 124.59 123.91 123.38 122.84 122.34 121.81 121.28 120.75 120.22 119.88 119.34 118.47 117.88 117.22 116.62 115.91 115.31 114.53 113.94 113.66 113.28 112.84 112.41 112.75 112.53 112.41 112.50 112.47 112.38 112.28 112.06 112.06 112.03 112.00 112.09 112.19 112.22 112.22 112.25 112.44 112.41 112.47 112.56 112.50 112.69 112.78 112.91 113.09 113.28 113.47 113.59 113.72 113.97 114.28 114.72 115.00 115.53
124.94 124.88 124.91 124.94 124.94 125.03 125.28 125.41 125.34 125.62 125.38 125.16 124.72 124.12 123.38 122.53 121.91 121.34 120.75 120.34 119.84 119.53 119.09 118.88 118.28 117.28 116.59 116.12 115.34 114.59 113.88 113.25 112.69 112.53 112.09 111.69 111.31 111.62 111.47 111.44 111.41 111.34 111.28 111.12 111.03 111.03 111.03 111.09 111.22 111.25 111.31 111.38 111.28 111.47 111.50 111.56 111.66 111.66 111.75 111.84 111.94 112.06 112.25 112.44 112.56 112.81 113.09 113.38 113.84 114.31 114.78
123.91 123.84 123.84 123.91 123.97 123.97 124.16 124.28 124.38 124.41 124.31 124.25 123.50 122.59 121.88 120.81 120.00 119.00 118.53 118.38 118.09 118.16 118.06 117.84 117.19 116.00 115.19 114.62 114.06 113.50 112.62 112.00 111.56 111.31 110.94 110.50 110.16 110.47 110.41 110.38 110.34 110.25 110.06 110.00 110.03 110.03 110.03 110.16 110.22 110.31 110.38 110.50 110.41 110.69 110.59 110.62 110.72 110.84 110.88 110.94 111.03 111.06 111.25 111.38 111.62 111.97 112.31 112.66 113.12 113.56 114.03
122.78 122.72 122.75 122.81 122.91 122.97 123.09 123.16 123.16 123.09 122.84 122.41 121.25 119.88 119.47 118.53 118.16 117.81 117.44 117.06 116.97 117.06 116.81 116.12 115.41 114.84 114.25 113.31 112.84 112.41 111.50 110.75 110.41 110.16 109.75 109.41 109.09 109.34 109.31 109.28 109.25 109.16 108.91 108.88 108.97 108.94 109.00 109.12 109.25 109.31 109.41 109.53 109.47 109.59 109.66 109.69 109.66 109.69 109.78 109.94 110.06 110.06 110.28 110.47 110.72 111.19 111.44 111.84 112.34 112.84 113.31
121.72 121.69 121.66 121.75 121.78 121.84 121.91 121.88 121.78 121.53 120.97 119.06 118.47 117.78 117.38 117.22 117.06 116.78 116.41 116.12 116.16 116.19 115.62 114.72 114.25 113.75 112.94 112.03 111.34 110.91 110.25 109.56 109.16 108.91 108.69 108.16 108.19 108.34 108.19 108.19 108.12 108.03 107.81 107.81 107.81 107.75 107.94 108.12 108.25 108.34 108.44 108.56 108.56 108.53 108.66 108.72 108.72 108.72 108.69 108.91 109.06 109.16 109.25 109.53 110.00 110.41 110.62 111.09 111.66 112.16 112.62
120.62 120.62 120.62 120.62 120.62 120.66 120.62 120.44 120.22 119.50 118.62 117.75 117.16 116.91 116.72 116.50 116.06 115.44 115.09 114.97 114.94 114.78 114.44 113.72 113.25 112.50 111.19 109.88 109.50 109.12 108.56 108.16 107.91 107.72 107.59 107.06 107.06 107.22 107.06 107.06 107.00 106.91 106.84 106.81 106.62 106.66 106.88 107.06 107.28 107.41 107.50 107.56 107.66 107.69 107.66 107.72 107.75 107.62 107.72 107.91 108.09 108.25 108.38 108.75 109.16 109.53 109.94 110.38 110.91 111.44 111.94
119.62 119.56 119.56 119.47 119.47 119.44 119.28 119.06 118.62 117.88 117.28 116.94 116.78 116.66 116.28 115.66 115.28 114.81 114.28 114.19 114.09 113.94 113.59 112.66 111.44 109.94 108.50 107.53 107.06 107.00 106.88 106.78 106.69 106.56 106.41 106.03 105.84 106.03 105.94 105.91 105.84 105.81 105.75 105.69 105.56 105.59 105.81 106.00 106.25 106.47 106.59 106.66 106.66 106.72 106.69 106.72 106.69 106.59 106.69 107.00 107.19 107.41 107.62 108.00 108.38 108.78 109.22 109.84 110.44 110.97 111.44
118.66 118.53 118.41 118.25 118.28 118.22 117.94 117.72 117.38 116.94 116.38 116.09 115.50 115.16 115.19 115.09 114.81 114.34 113.84 113.62 113.38 113.03 112.59 111.34 108.94 107.31 106.50 106.25 106.03 105.84 105.78 105.62 105.53 105.38 105.16 104.91 104.75 104.88 104.78 104.72 104.72 104.66 104.59 104.53 104.50 104.56 104.78 105.00 105.22 105.47 105.66 105.72 105.69 105.69 105.66 105.66 105.66 105.62 105.72 106.06 106.31 106.53 106.84 107.28 107.62 108.06 108.56 109.22 109.97 110.50 111.03
117.72 117.53 117.34 117.09 116.78 116.31 116.09 116.16 115.94 115.62 115.19 114.91 114.72 114.53 114.41 114.38 114.16 113.59 113.09 112.91 112.38 111.66 110.84 109.19 107.12 106.03 105.62 105.25 105.06 104.94 104.78 104.59 104.41 104.12 104.03 103.78 103.66 103.81 103.69 103.50 103.50 103.50 103.41 103.50 103.50 103.53 103.72 103.97 104.25 104.44 104.66 104.69 104.56 104.38 104.62 104.56 104.62 104.66 104.81 105.09 105.44 105.72 106.09 106.53 106.94 107.53 108.31 108.84 109.44 109.97 110.47
116.78 116.56 116.34 115.97 115.41 114.94 114.75 114.81 114.59 114.25 113.91 113.62 113.38 113.34 113.25 113.16 112.94 111.91 111.47 111.44 110.31 108.62 107.53 106.56 105.66 105.16 104.78 104.38 104.16 104.00 103.72 103.50 103.25 103.03 102.94 102.62 102.53 102.47 102.38 102.28 102.25 102.34 102.28 102.47 102.44 102.47 102.62 102.69 103.00 103.28 103.53 103.56 103.50 103.41 103.44 103.59 103.69 103.62 103.94 104.19 104.59 104.94 105.44 105.94 106.47 107.19 107.84 108.31 108.78 109.38 110.00
115.38 115.41 115.19 114.81 114.22 113.84 113.75 113.62 113.25 112.91 112.16 111.84 111.25 110.94 110.69 110.31 109.62 108.81 108.44 107.94 106.94 105.69 105.22 105.00 104.62 104.28 103.91 103.47 103.09 102.94 102.72 102.41 102.19 101.91 101.78 101.56 101.47 101.31 101.25 101.28 101.25 101.25 101.28 101.34 101.31 101.31 101.38 101.34 101.53 101.88 102.25 102.31 102.28 102.28 102.41 102.53 102.50 102.72 103.09 103.38 103.81 104.31 104.78 105.38 106.06 106.59 107.09 107.66 108.22 108.88 109.50
113.91 113.41 113.50 113.34 113.00 112.81 112.72 112.34 112.00 111.53 110.53 109.56 107.72 106.59 106.22 106.19 105.66 105.06 105.12 105.06 104.78 104.56 104.28 104.03 103.69 103.38 103.03 102.56 102.19 101.97 101.72 101.47 101.12 100.81 100.66 100.47 100.53 100.28 100.41 100.22 100.16 100.16 100.16 100.16 100.12 100.16 100.22 100.28 100.28 100.56 100.94 101.09 101.22 101.22 101.47 101.50 101.62 101.88 102.25 102.62 103.09 103.66 104.06 104.69 105.34 105.88 106.34 106.97 107.72 108.34 108.97
112.44 112.19 112.00 111.91 111.88 111.91 111.56 111.16 110.88 110.28 109.56 108.22 106.19 105.75 105.41 105.06 104.75 104.47 104.28 104.09 103.91 103.62 103.34 103.03 102.78 102.44 102.09 101.66 101.28 101.00 100.69 100.44 100.16 99.78 99.59 99.50 99.38 99.28 99.22 99.06 99.06 99.06 99.00 99.00 99.00 99.06 99.22 99.28 99.41 99.56 99.78 100.00 100.22 100.38 100.59 100.62 100.78 101.06 101.44 101.91 102.38 102.91 103.44 104.00 104.62 105.19 105.75 106.47 107.12 107.81 108.62
111.44 111.19 110.88 110.53 110.47 110.59 110.38 110.03 109.75 109.31 108.47 107.53 105.84 105.47 105.06 104.66 104.34 104.00 103.69 103.44 103.12 102.75 102.50 102.12 101.84 101.53 101.19 100.81 100.44 100.06 99.84 99.47 99.12 98.84 98.69 98.50 98.44 98.25 98.19 98.03 98.03 98.00 97.97 97.97 98.06 98.16 98.34 98.44 98.59 98.69 98.88 99.09 99.31 99.50 99.72 99.78 99.94 100.25 100.69 101.19 101.72 102.25 102.81 103.38 103.97 104.53 105.25 105.97 106.69 107.44 108.09
110.28 110.06 109.53 109.31 109.22 109.22 109.12 108.81 108.66 108.31 107.69 106.88 105.94 105.34 104.66 104.09 103.69 103.34 103.06 102.72 102.34 101.94 101.56 101.28 101.00 100.59 100.28 99.94 99.59 99.16 98.91 98.47 98.12 97.88 97.75 97.56 97.44 97.28 97.19 97.03 97.00 96.94 97.03 97.09 97.25 97.31 97.44 97.53 97.69 97.84 98.03 98.19 98.41 98.62 98.81 98.91 99.19 99.53 100.06 100.53 101.06 101.59 102.22 102.84 103.44 104.03 104.66 105.44 106.19 106.91 107.62
109.03 108.56 108.44 108.16 108.06 107.88 107.78 107.34 107.38 107.16 106.81 106.22 105.50 104.81 104.19 103.62 103.03 102.59 102.28 101.97 101.62 101.19 100.81 100.44 100.06 99.72 99.38 99.03 98.69 98.28 97.97 97.56 97.22 96.97 96.84 96.62 96.50 96.28 96.22 96.06 95.97 96.06 96.12 96.22 96.31 96.38 96.50 96.62 96.81 96.97 97.16 97.31 97.50 97.69 97.75 98.12 98.41 98.78 99.22 99.78 100.38 100.94 101.50 102.25 102.84 103.44 104.22 104.94 105.66 106.41 107.22
107.59 107.25 107.06 106.78 106.62 106.38 106.31 105.97 105.91 105.81 105.72 105.38 104.81 104.19 103.53 103.06 102.47 101.84 101.44 101.06 100.72 100.34 99.94 99.53 99.19 98.81 98.47 98.16 97.78 97.44 97.00 96.62 96.34 96.06 95.84 95.69 95.53 95.38 95.28 95.09 95.00 95.12 95.22 95.28 95.38 95.50 95.59 95.69 95.91 96.09 96.28 96.47 96.69 96.91 97.12 97.44 97.88 98.16 98.53 99.22 99.62 100.12 100.88 101.56 102.25 102.91 103.66 104.34 105.12 106.00 106.84
106.34 105.97 105.69 105.44 105.16 104.84 104.88 104.81 104.56 104.53 104.50 104.28 103.91 103.38 102.75 102.09 101.31 100.97 100.66 100.28 99.91 99.53 99.12 98.69 98.28 97.97 97.56 97.28 96.91 96.56 96.16 95.75 95.47 95.25 95.00 94.75 94.56 94.41 94.31 94.19 94.19 94.19 94.25 94.34 94.47 94.59 94.69 94.69 94.94 95.19 95.41 95.62 95.88 96.16 96.50 96.97 97.28 97.56 97.97 98.50 98.97 99.72 100.34 100.97 101.62 102.34 103.12 103.84 104.62 105.56 106.41
105.22 104.59 104.31 104.09 103.78 103.69 103.62 103.62 103.41 103.34 103.22 103.16 102.88 102.44 101.88 101.03 100.34 100.16 99.91 99.50 99.16 98.75 98.31 97.88 97.47 97.03 96.66 96.38 96.03 95.69 95.31 94.91 94.62 94.44 94.16 93.97 93.62 93.44 93.34 93.22 93.38 93.38 93.34 93.47 93.56 93.66 93.56 93.75 93.97 94.28 94.59 94.84 95.09 95.50 96.00 96.31 96.56 96.97 97.41 97.94 98.50 99.19 99.81 100.50 101.22 101.94 102.69 103.44 104.16 105.00 105.94
