everonasctiles/Tile12,14.asc
ncols 128
nrows 128
xllcorner 0
yllcorner 0
cellsize 2.0
NODATA_value  -9999
[rows 66 to 98 of 128, columns 0 to 74 of 128]
-15.56 -15.50 -15.47 -15.41 -15.34 -15.28 -15.28 -15.31 -15.47 -15.66 -15.88 -16.12 -16.34 -16.53 -16.69 -16.75 -16.75 -16.66 -16.53 -16.41 -16.34 -16.28 -16.28 -16.25 -16.19 -16.03 -15.81 -15.53 -15.22 -14.94 -14.69 -14.56 -14.56 -14.62 -14.78 -14.88 -14.94 -14.91 -14.81 -14.62 -14.41 -14.12 -13.81 -13.44 -13.06 -12.41 -12.00 -10.97 -10.56 -10.12 -9.69 -9.22 -8.78 -8.31 -7.88 -7.44 -7.00 -6.59 -6.16 -5.53 -5.12 -4.69 -4.22 -3.69 -3.12 -2.53 -1.91 -1.31 -0.44 0.25 0.94 1.59 2.28 3.00 3.72
-15.50 -15.50 -15.47 -15.44 -15.44 -15.41 -15.44 -15.44 -15.56 -15.75 -15.97 -16.22 -16.44 -16.62 -16.75 -16.81 -16.78 -16.72 -16.62 -16.53 -16.44 -16.34 -16.28 -16.22 -16.12 -15.97 -15.78 -15.53 -15.28 -15.03 -14.84 -14.75 -14.78 -14.88 -15.00 -15.12 -15.19 -15.16 -15.06 -14.91 -14.72 -14.44 -14.16 -13.81 -13.47 -12.78 -12.38 -11.34 -10.91 -10.47 -10.00 -9.53 -9.09 -8.62 -8.19 -7.75 -7.31 -6.88 -6.47 -6.03 -5.34 -4.88 -4.41 -3.88 -3.28 -2.69 -2.03 -1.28 -0.56 0.16 0.88 1.53 2.19 2.91 3.72
-15.53 -15.56 -15.59 -15.59 -15.66 -15.69 -15.78 -15.88 -16.03 -16.03 -16.25 -16.44 -16.62 -16.75 -16.84 -16.91 -16.91 -16.84 -16.75 -16.62 -16.53 -16.41 -16.31 -16.19 -16.06 -15.91 -15.72 -15.53 -15.31 -15.12 -15.00 -14.97 -15.00 -15.12 -15.25 -15.38 -15.44 -15.44 -15.38 -15.22 -15.03 -14.78 -14.50 -14.19 -13.88 -13.16 -12.78 -11.75 -11.28 -10.81 -10.34 -9.88 -9.41 -8.94 -8.50 -8.06 -7.62 -7.19 -6.78 -6.34 -5.91 -5.47 -4.97 -4.50 -4.00 -3.59 -2.31 -1.47 -0.66 0.12 0.78 1.47 2.09 2.81 3.84
-15.69 -15.78 -15.84 -15.94 -16.03 -16.16 -16.31 -16.47 -16.62 -16.69 -16.62 -16.75 -16.88 -16.94 -17.00 -17.03 -17.00 -16.97 -16.88 -16.75 -16.59 -16.47 -16.31 -16.16 -16.00 -15.84 -15.69 -15.50 -15.34 -15.22 -15.16 -15.19 -15.25 -15.38 -15.53 -15.62 -15.72 -15.72 -15.66 -15.56 -15.38 -15.16 -14.88 -14.56 -14.28 -13.53 -13.06 -12.12 -11.66 -11.16 -10.69 -10.19 -9.72 -9.25 -8.81 -8.38 -7.94 -7.53 -7.09 -6.69 -6.25 -5.78 -5.31 -4.81 -4.31 -3.88 -2.53 -1.62 -0.75 0.06 0.78 1.44 2.00 2.75 3.84
-15.91 -16.06 -16.19 -16.28 -16.41 -16.53 -16.69 -16.84 -16.97 -17.06 -17.09 -17.09 -17.12 -17.12 -17.16 -17.16 -17.12 -17.06 -16.97 -16.84 -16.69 -16.50 -16.31 -16.16 -15.97 -15.81 -15.69 -15.53 -15.44 -15.38 -15.38 -15.44 -15.53 -15.69 -15.81 -15.94 -16.00 -16.00 -15.97 -15.88 -15.72 -15.50 -15.28 -14.97 -14.41 -14.09 -13.59 -13.09 -12.59 -12.09 -11.62 -11.16 -10.69 -10.25 -9.81 -9.31 -8.84 -8.34 -7.44 -7.03 -6.59 -6.16 -5.66 -5.16 -4.66 -3.91 -2.78 -1.75 -0.88 -0.06 0.72 1.31 1.91 2.59 3.84
-16.16 -16.31 -16.47 -16.59 -16.72 -16.84 -17.00 -17.12 -17.25 -17.34 -17.41 -17.41 -17.34 -17.28 -17.25 -17.22 -17.19 -17.12 -17.03 -16.91 -16.72 -16.53 -16.34 -16.19 -16.03 -15.88 -15.75 -15.66 -15.59 -15.56 -15.62 -15.72 -15.88 -16.03 -16.16 -16.25 -16.28 -16.31 -16.25 -16.19 -16.06 -15.91 -15.66 -15.25 -14.75 -14.31 -13.81 -13.34 -12.84 -12.38 -11.91 -11.47 -11.00 -10.56 -10.12 -9.69 -9.38 -8.69 -8.19 -7.38 -6.97 -6.53 -6.06 -5.53 -5.00 -4.34 -3.09 -2.06 -1.03 -0.03 0.84 1.47 2.03 2.53 3.81
-16.44 -16.56 -16.72 -16.81 -16.94 -17.06 -17.16 -17.28 -17.38 -17.44 -17.50 -17.50 -17.47 -17.38 -17.28 -17.25 -17.19 -17.16 -17.06 -16.97 -16.78 -16.62 -16.44 -16.28 -16.12 -16.03 -15.94 -15.84 -15.84 -15.84 -15.94 -16.09 -16.25 -16.41 -16.50 -16.56 -16.59 -16.59 -16.53 -16.47 -16.44 -16.28 -15.91 -15.44 -15.00 -14.56 -14.09 -13.62 -13.19 -12.72 -12.25 -11.81 -11.38 -10.94 -10.53 -10.12 -9.69 -9.34 -8.88 -8.38 -7.38 -6.97 -6.50 -5.97 -5.69 -4.72 -3.41 -2.25 -1.19 0.00 1.03 1.81 2.34 2.81 3.97
-16.69 -16.78 -16.88 -16.97 -17.06 -17.16 -17.22 -17.31 -17.34 -17.41 -17.41 -17.41 -17.38 -17.28 -17.22 -17.19 -17.19 -17.19 -17.12 -17.03 -16.88 -16.72 -16.56 -16.44 -16.34 -16.25 -16.19 -16.16 -16.16 -16.22 -16.34 -16.50 -16.69 -16.81 -16.91 -16.91 -16.91 -16.94 -16.88 -16.84 -16.81 -16.72 -16.03 -15.66 -15.25 -14.81 -14.38 -13.94 -13.50 -13.06 -12.62 -12.19 -11.75 -11.34 -10.94 -10.56 -10.19 -9.78 -9.19 -8.72 -8.25 -7.41 -6.94 -6.59 -6.16 -5.09 -3.62 -2.41 -1.19 0.09 1.31 2.12 2.66 3.09 4.09
-16.91 -16.97 -17.03 -17.09 -17.16 -17.19 -17.22 -17.25 -17.28 -17.28 -17.25 -17.19 -17.09 -17.03 -17.00 -17.03 -17.12 -17.19 -17.19 -17.09 -16.97 -16.84 -16.72 -16.66 -16.59 -16.56 -16.53 -16.50 -16.53 -16.59 -16.72 -16.94 -17.09 -17.22 -17.22 -17.25 -17.28 -17.34 -17.47 -17.62 -17.66 -16.53 -16.25 -15.91 -15.50 -15.09 -14.69 -14.25 -13.81 -13.38 -12.97 -12.53 -12.12 -11.72 -11.34 -10.97 -10.66 -10.41 -9.97 -9.19 -8.75 -8.31 -7.59 -7.12 -6.78 -5.41 -3.84 -2.59 -1.22 0.16 1.53 2.41 2.97 3.41 4.22
-17.03 -17.09 -17.12 -17.16 -17.16 -17.19 -17.16 -17.16 -17.12 -17.06 -16.97 -16.88 -16.78 -16.72 -16.75 -16.88 -17.09 -17.25 -17.25 -17.19 -17.09 -16.97 -16.91 -16.88 -16.88 -16.91 -16.91 -16.91 -16.94 -17.00 -17.12 -17.31 -17.41 -17.47 -17.44 -17.47 -17.53 -17.66 -17.78 -17.78 -17.78 -16.78 -16.47 -16.12 -15.75 -15.34 -14.97 -14.53 -14.12 -13.72 -13.28 -12.88 -12.50 -12.09 -11.72 -11.38 -11.06 -10.84 -10.41 -9.69 -9.28 -8.88 -8.47 -7.75 -7.56 -5.84 -4.09 -2.75 -1.34 0.06 1.47 2.69 3.31 3.81 4.41
-17.09 -17.12 -17.16 -17.16 -17.12 -17.09 -17.03 -16.97 -16.88 -16.78 -16.62 -16.50 -16.38 -16.38 -16.50 -16.72 -17.00 -17.22 -17.28 -17.25 -17.16 -17.12 -17.06 -17.09 -17.16 -17.25 -17.31 -17.31 -17.31 -17.38 -17.47 -17.56 -17.62 -17.62 -17.59 -17.59 -17.69 -17.81 -17.91 -17.91 -17.88 -16.97 -16.69 -16.34 -16.00 -15.62 -15.22 -14.84 -14.44 -14.03 -13.62 -13.22 -12.84 -12.47 -12.09 -11.75 -11.47 -11.25 -10.88 -10.22 -9.84 -9.44 -9.06 -8.75 -8.00 -6.25 -4.44 -2.94 -1.59 -0.19 1.22 2.69 3.56 4.19 4.81
-17.03 -17.06 -17.09 -17.06 -17.03 -16.94 -16.84 -16.72 -16.59 -16.44 -16.25 -16.09 -15.97 -16.00 -16.22 -16.53 -16.88 -17.09 -17.22 -17.25 -17.22 -17.22 -17.25 -17.25 -17.34 -17.47 -17.56 -17.56 -17.53 -17.59 -17.69 -17.75 -17.75 -17.75 -17.75 -17.84 -17.88 -17.94 -17.97 -18.00 -18.00 -17.19 -16.91 -16.56 -16.22 -15.84 -15.50 -15.09 -14.72 -14.31 -13.94 -13.53 -13.16 -12.81 -12.44 -12.12 -11.84 -11.66 -11.28 -10.69 -10.34 -10.00 -9.62 -9.28 -8.53 -6.72 -4.91 -3.31 -1.94 -0.56 0.84 2.34 3.78 4.53 5.06
-16.84 -16.91 -16.94 -16.94 -16.88 -16.75 -16.62 -16.44 -16.28 -16.06 -15.88 -15.72 -15.62 -15.69 -15.97 -16.34 -16.72 -16.97 -17.09 -17.16 -17.22 -17.31 -17.41 -17.50 -17.53 -17.59 -17.56 -17.59 -17.59 -17.59 -17.62 -17.69 -17.69 -17.66 -17.62 -17.78 -17.91 -18.03 -18.09 -18.09 -18.06 -17.34 -17.09 -16.78 -16.44 -16.09 -15.75 -15.38 -15.00 -14.59 -14.22 -13.84 -13.47 -13.12 -12.78 -12.47 -12.22 -12.00 -11.66 -11.12 -10.81 -10.47 -10.09 -9.78 -8.62 -7.19 -5.47 -3.75 -2.41 -1.03 0.25 1.75 3.41 4.66 5.25
-16.53 -16.66 -16.72 -16.72 -16.66 -16.53 -16.38 -16.19 -15.97 -15.75 -15.56 -15.44 -15.41 -15.53 -15.84 -16.25 -16.62 -16.88 -17.00 -17.06 -17.16 -17.31 -17.47 -17.56 -17.62 -17.59 -17.56 -17.56 -17.53 -17.47 -17.31 -17.12 -17.22 -17.44 -17.56 -17.62 -17.84 -18.06 -18.12 -18.16 -18.16 -17.50 -17.28 -17.00 -16.66 -16.34 -15.97 -15.62 -15.25 -14.88 -14.50 -14.12 -13.78 -13.44 -13.09 -12.81 -12.53 -12.34 -12.00 -11.50 -11.22 -10.88 -10.50 -10.16 -9.00 -7.59 -6.16 -4.50 -3.00 -1.72 -0.41 1.22 2.81 4.38 5.19
-16.16 -16.34 -16.44 -16.47 -16.44 -16.31 -16.16 -15.97 -15.75 -15.56 -15.41 -15.34 -15.41 -15.59 -15.91 -16.28 -16.59 -16.81 -16.94 -17.03 -17.12 -17.28 -17.44 -17.53 -17.56 -17.50 -17.41 -17.25 -17.22 -17.31 -17.25 -17.00 -16.88 -16.78 -17.00 -17.25 -17.62 -17.94 -18.09 -18.19 -18.16 -17.59 -17.44 -17.16 -16.88 -16.56 -16.22 -15.88 -15.50 -15.12 -14.78 -14.41 -14.06 -13.72 -13.41 -13.09 -12.84 -12.66 -12.34 -11.84 -11.53 -11.19 -10.78 -10.44 -9.31 -8.03 -6.66 -5.28 -3.72 -2.41 -0.97 0.69 2.31 3.91 4.81
-15.75 -15.97 -16.16 -16.22 -16.22 -16.12 -16.00 -15.84 -15.69 -15.53 -15.44 -15.47 -15.59 -15.81 -16.12 -16.44 -16.66 -16.81 -16.91 -17.00 -17.09 -17.22 -17.34 -17.41 -17.38 -17.22 -16.97 -17.00 -16.91 -17.00 -16.81 -16.75 -16.69 -16.50 -16.47 -16.97 -17.47 -17.78 -17.88 -18.09 -18.19 -17.75 -17.56 -17.38 -17.09 -16.78 -16.44 -16.09 -15.75 -15.38 -15.03 -14.69 -14.34 -14.00 -13.69 -13.38 -13.12 -12.94 -12.62 -12.12 -11.81 -11.41 -11.00 -10.62 -9.59 -8.34 -7.12 -5.34 -3.78 -2.53 -1.12 0.31 1.97 3.50 4.47
-15.41 -15.66 -15.88 -16.00 -16.03 -16.03 -15.94 -15.84 -15.75 -15.69 -15.69 -15.78 -15.97 -16.19 -16.44 -16.62 -16.78 -16.88 -16.94 -17.03 -17.12 -17.22 -17.28 -17.28 -17.12 -16.84 -16.62 -16.59 -16.53 -16.72 -16.81 -16.66 -16.56 -16.03 -15.91 -16.28 -17.22 -17.75 -17.88 -18.00 -18.03 -17.78 -17.66 -17.56 -17.28 -17.00 -16.66 -16.34 -15.97 -15.62 -15.28 -14.94 -14.59 -14.25 -13.94 -13.66 -13.38 -13.19 -12.88 -12.38 -12.03 -11.59 -11.16 -10.75 -9.81 -8.56 -7.31 -5.34 -3.44 -2.41 -1.03 0.38 1.97 3.44 4.59
-15.16 -15.44 -15.69 -15.84 -15.94 -15.97 -15.97 -15.97 -15.97 -16.00 -16.09 -16.22 -16.41 -16.59 -16.75 -16.88 -16.94 -17.00 -17.03 -17.09 -17.19 -17.22 -17.22 -17.16 -16.94 -16.62 -16.31 -16.03 -15.75 -15.97 -16.00 -16.00 -16.00 -15.75 -15.53 -15.28 -16.06 -17.09 -17.69 -17.91 -18.00 -18.19 -17.84 -17.72 -17.47 -17.22 -16.91 -16.56 -16.19 -15.84 -15.50 -15.16 -14.81 -14.50 -14.19 -13.88 -13.62 -13.31 -12.94 -12.59 -12.22 -11.75 -11.28 -10.84 -10.00 -8.72 -7.47 -5.72 -3.91 -2.28 -1.00 0.53 2.06 3.66 4.94
-15.06 -15.34 -15.59 -15.78 -15.91 -16.00 -16.09 -16.19 -16.28 -16.38 -16.53 -16.66 -16.81 -16.97 -17.03 -17.09 -17.12 -17.12 -17.16 -17.19 -17.22 -17.19 -17.12 -17.00 -16.75 -16.28 -15.84 -15.47 -15.12 -14.78 -14.78 -14.81 -14.75 -15.00 -15.12 -15.25 -15.72 -16.88 -17.47 -17.84 -17.81 -18.03 -18.16 -17.88 -17.69 -17.41 -17.09 -16.75 -16.41 -16.06 -15.72 -15.38 -15.06 -14.72 -14.41 -14.12 -13.81 -13.50 -13.16 -12.78 -12.38 -11.88 -11.38 -10.94 -9.62 -8.84 -7.56 -5.88 -4.03 -2.56 -0.78 0.78 2.75 4.22 5.44
-15.09 -15.34 -15.56 -15.75 -15.91 -16.06 -16.19 -16.38 -16.53 -16.72 -16.88 -17.03 -17.16 -17.25 -17.28 -17.31 -17.31 -17.31 -17.28 -17.28 -17.25 -17.16 -17.00 -16.78 -16.44 -15.94 -15.53 -15.19 -14.59 -13.91 -13.97 -14.09 -14.03 -14.44 -14.66 -14.97 -15.72 -16.62 -17.31 -17.75 -17.84 -17.97 -17.81 -18.22 -17.78 -17.59 -17.31 -16.97 -16.62 -16.25 -15.91 -15.59 -15.25 -14.94 -14.62 -14.31 -14.06 -13.72 -13.38 -13.00 -12.53 -12.00 -11.47 -10.59 -9.72 -8.84 -7.62 -6.53 -3.97 -2.44 -0.84 1.16 2.75 4.50 5.81
-15.22 -15.41 -15.59 -15.75 -15.91 -16.06 -16.25 -16.44 -16.66 -16.88 -17.06 -17.22 -17.34 -17.41 -17.47 -17.47 -17.47 -17.44 -17.38 -17.31 -17.19 -17.06 -16.84 -16.56 -16.16 -15.59 -15.12 -14.91 -14.19 -13.78 -13.81 -14.03 -13.78 -14.31 -14.59 -14.66 -15.19 -16.31 -16.94 -17.38 -17.78 -18.03 -18.06 -18.25 -18.41 -17.72 -17.47 -17.12 -16.78 -16.41 -16.06 -15.75 -15.41 -15.09 -14.78 -14.62 -14.28 -13.94 -13.59 -13.16 -12.69 -12.12 -11.53 -10.72 -9.84 -8.97 -8.25 -6.56 -3.78 -2.16 -0.47 1.28 3.12 4.72 5.72
-15.38 -15.50 -15.62 -15.75 -15.88 -16.00 -16.19 -16.38 -16.59 -16.84 -17.03 -17.22 -17.38 -17.47 -17.53 -17.56 -17.56 -17.50 -17.41 -17.28 -17.09 -16.91 -16.69 -16.41 -16.03 -15.38 -14.66 -14.59 -14.22 -14.09 -14.50 -14.31 -14.12 -14.56 -14.88 -14.81 -15.00 -16.09 -16.69 -17.16 -17.75 -18.00 -18.12 -18.34 -18.50 -18.19 -17.88 -17.72 -17.12 -16.78 -16.50 -16.19 -15.84 -15.53 -15.19 -14.84 -14.50 -14.16 -13.78 -13.34 -12.81 -12.41 -11.69 -10.84 -9.97 -9.09 -8.38 -6.78 -3.88 -1.91 0.00 1.91 3.41 4.97 5.72
-15.53 -15.56 -15.62 -15.69 -15.75 -15.84 -15.97 -16.12 -16.31 -16.56 -16.78 -17.00 -17.22 -17.38 -17.47 -17.53 -17.53 -17.50 -17.34 -17.19 -16.97 -16.75 -16.53 -16.31 -16.06 -15.69 -15.03 -14.84 -14.38 -14.19 -14.62 -15.03 -15.16 -15.47 -15.66 -15.41 -15.12 -15.78 -16.59 -17.12 -17.69 -17.97 -18.09 -18.38 -18.53 -18.22 -17.94 -17.81 -17.62 -17.12 -16.84 -16.38 -16.03 -15.72 -15.38 -15.03 -14.69 -14.31 -13.94 -13.47 -13.22 -12.56 -11.81 -11.00 -10.09 -9.25 -8.53 -6.91 -3.78 -1.75 0.62 2.28 4.00 5.47 5.94
-15.66 -15.59 -15.56 -15.53 -15.53 -15.56 -15.59 -15.69 -15.84 -16.06 -16.34 -16.62 -16.88 -17.12 -17.31 -17.41 -17.44 -17.38 -17.22 -17.00 -16.78 -16.56 -16.38 -16.25 -16.16 -16.09 -15.66 -15.38 -14.97 -14.41 -14.72 -15.53 -15.88 -16.16 -16.28 -16.03 -15.72 -16.50 -17.00 -17.28 -17.66 -18.03 -18.16 -18.31 -18.56 -18.25 -18.03 -17.94 -17.75 -17.53 -17.06 -16.84 -16.59 -16.28 -15.97 -15.62 -15.25 -14.84 -14.41 -13.91 -13.34 -12.72 -11.97 -11.16 -10.25 -9.38 -8.69 -7.00 -3.53 -1.38 1.41 3.50 4.66 5.59 5.97
-15.72 -15.59 -15.47 -15.34 -15.25 -15.19 -15.16 -15.16 -15.25 -15.44 -15.75 -16.09 -16.44 -16.75 -17.00 -17.16 -17.22 -17.16 -16.97 -16.75 -16.53 -16.34 -16.22 -16.19 -16.22 -16.41 -16.28 -16.16 -15.72 -15.12 -15.06 -15.56 -16.22 -16.59 -16.78 -16.56 -16.38 -16.78 -17.47 -17.78 -17.84 -18.28 -18.31 -18.31 -18.47 -18.31 -18.06 -18.00 -17.84 -17.62 -17.16 -16.97 -16.69 -16.41 -16.09 -15.75 -15.38 -14.97 -14.53 -14.06 -13.50 -12.84 -12.12 -11.28 -10.41 -9.53 -8.84 -7.16 -3.44 -0.94 1.38 4.03 5.25 5.59 5.97
-15.78 -15.53 -15.28 -15.09 -14.91 -14.78 -14.66 -14.62 -14.66 -14.81 -15.12 -15.50 -15.94 -16.31 -16.62 -16.84 -16.91 -16.84 -16.66 -16.44 -16.22 -16.09 -16.09 -16.16 -16.28 -16.53 -16.59 -16.78 -16.50 -15.88 -15.62 -16.06 -16.53 -16.94 -17.00 -17.25 -17.25 -17.31 -17.84 -18.09 -18.25 -18.41 -18.47 -18.44 -18.75 -18.41 -18.12 -18.09 -17.94 -17.72 -17.28 -17.06 -16.81 -16.53 -16.22 -15.88 -15.50 -15.09 -14.66 -14.19 -13.62 -13.00 -12.28 -11.44 -10.56 -9.72 -9.00 -7.31 -3.81 -1.69 1.25 3.59 5.00 5.41 5.75
-15.78 -15.41 -15.06 -14.75 -14.50 -14.31 -14.19 -14.09 -14.12 -14.25 -14.53 -14.97 -15.44 -15.88 -16.22 -16.44 -16.53 -16.47 -16.28 -16.06 -15.91 -15.84 -15.94 -16.12 -16.34 -16.59 -16.78 -17.00 -17.03 -16.69 -16.12 -16.72 -17.25 -17.41 -17.34 -17.53 -17.72 -17.91 -18.03 -18.16 -18.41 -18.59 -18.69 -18.66 -18.75 -18.50 -18.25 -18.19 -18.03 -17.84 -17.38 -17.19 -16.94 -16.66 -16.34 -16.00 -15.62 -15.22 -14.81 -14.31 -13.78 -13.12 -12.41 -11.59 -10.72 -9.88 -9.16 -7.50 -4.22 -2.12 1.12 2.91 4.41 5.09 5.50
-15.78 -15.28 -14.78 -14.34 -14.00 -13.81 -13.69 -13.62 -13.66 -13.78 -14.06 -14.53 -15.03 -15.47 -15.81 -16.03 -16.12 -16.09 -15.94 -15.72 -15.59 -15.66 -15.84 -16.09 -16.41 -16.81 -16.78 -16.75 -16.88 -16.69 -16.66 -17.03 -17.56 -17.62 -17.62 -17.84 -18.00 -18.25 -18.31 -18.53 -18.56 -18.72 -18.84 -18.84 -18.94 -18.66 -18.53 -18.31 -18.16 -17.94 -17.50 -17.31 -17.06 -16.75 -16.44 -16.12 -15.75 -15.34 -14.91 -14.44 -13.91 -13.28 -12.56 -11.75 -10.88 -10.03 -9.34 -7.72 -4.03 -2.47 0.16 2.16 3.72 4.84 5.28
-15.78 -15.12 -14.50 -13.91 -13.50 -13.25 -13.16 -13.16 -13.22 -13.38 -13.66 -14.16 -14.66 -15.12 -15.47 -15.69 -15.81 -15.81 -15.66 -15.47 -15.41 -15.53 -15.78 -16.09 -16.38 -16.84 -16.62 -17.06 -16.94 -16.81 -16.94 -17.22 -17.72 -17.84 -17.69 -17.66 -18.00 -18.25 -18.44 -18.66 -18.78 -18.88 -18.88 -19.00 -19.03 -18.72 -18.59 -18.50 -18.25 -18.03 -17.62 -17.44 -17.19 -16.88 -16.56 -16.25 -15.88 -15.47 -15.03 -14.56 -14.00 -13.38 -12.69 -11.88 -11.03 -10.22 -9.53 -7.94 -4.28 -2.88 -0.62 1.44 3.00 4.50 5.16
-15.81 -15.06 -14.25 -13.53 -13.03 -12.72 -12.66 -12.69 -12.75 -12.94 -13.28 -13.81 -14.34 -14.81 -15.16 -15.41 -15.56 -15.59 -15.47 -15.34 -15.31 -15.47 -15.81 -16.12 -16.25 -16.69 -16.94 -17.25 -17.31 -17.16 -17.25 -17.62 -17.84 -18.03 -17.66 -17.59 -17.81 -18.09 -18.28 -18.62 -18.78 -18.91 -18.97 -19.03 -19.06 -18.88 -18.75 -18.62 -18.44 -18.12 -17.91 -17.56 -17.31 -17.00 -16.69 -16.38 -16.00 -15.59 -15.16 -14.66 -14.12 -13.50 -12.81 -12.00 -11.19 -10.38 -9.19 -8.22 -4.88 -3.53 -2.03 0.41 2.44 3.78 5.00
-15.94 -15.09 -14.19 -13.38 -12.75 -12.44 -12.31 -12.31 -12.38 -12.56 -12.94 -13.50 -14.09 -14.56 -14.91 -15.19 -15.38 -15.44 -15.38 -15.25 -15.25 -15.47 -15.84 -16.25 -16.53 -16.53 -16.91 -17.22 -17.62 -17.72 -17.81 -18.09 -18.03 -18.00 -17.91 -17.91 -17.81 -17.72 -18.00 -18.50 -18.69 -18.81 -18.94 -19.03 -19.09 -19.09 -18.88 -18.72 -18.56 -18.28 -17.97 -17.72 -17.44 -17.16 -16.84 -16.50 -16.12 -15.72 -15.28 -14.78 -14.22 -13.59 -12.91 -12.12 -11.31 -10.41 -9.38 -8.19 -6.00 -4.38 -2.66 -0.75 1.22 3.00 4.19
-16.19 -15.31 -14.38 -13.50 -12.91 -12.53 -12.38 -12.25 -12.25 -12.41 -12.78 -13.34 -13.91 -14.38 -14.72 -15.03 -15.25 -15.38 -15.34 -15.25 -15.22 -15.41 -15.81 -16.38 -16.78 -16.94 -16.91 -17.12 -17.72 -17.84 -17.88 -18.06 -18.00 -17.88 -17.94 -17.97 -17.81 -17.56 -18.00 -18.38 -18.53 -18.75 -18.88 -19.00 -19.06 -19.06 -19.06 -18.81 -18.62 -18.44 -18.22 -18.00 -17.75 -17.28 -16.97 -16.59 -16.22 -15.81 -15.38 -14.88 -14.31 -13.69 -13.00 -12.25 -11.53 -10.56 -10.16 -8.50 -6.47 -4.78 -3.19 -1.72 -0.19 1.56 3.19
-16.53 -15.72 -14.84 -14.06 -13.47 -13.12 -12.88 -12.69 -12.56 -12.66 -12.97 -13.44 -13.91 -14.31 -14.66 -14.97 -15.22 -15.38 -15.34 -15.25 -15.19 -15.34 -15.72 -16.41 -16.75 -16.81 -16.88 -17.19 -17.47 -17.81 -17.84 -17.94 -17.91 -17.84 -17.72 -17.66 -17.72 -17.84 -18.12 -18.34 -18.47 -18.66 -18.88 -18.94 -19.00 -19.03 -19.03 -19.00 -18.72 -18.47 -18.28 -18.06 -17.81 -17.53 -17.06 -16.69 -16.31 -15.91 -15.44 -14.94 -14.38 -13.75 -13.06 -12.47 -11.62 -10.94 -10.28 -8.09 -6.81 -5.09 -3.44 -2.31 -0.94 0.81 2.81
