everonasctiles/Tile[2,41].asc
ncols 128
nrows 128
xllcorner 0
yllcorner 0
cellsize 2.0
NODATA_value  -9999
[rows 32 to 63 of 128, columns 0 to 70 of 128]
-68.97 -68.94 -68.91 -68.84 -68.75 -68.62 -68.28 -68.00 -68.38 -69.28 -70.38 -71.50 -72.47 -73.41 -74.19 -74.84 -75.47 -76.06 -76.56 -77.03 -77.41 -77.72 -78.00 -78.25 -78.44 -78.62 -78.72 -78.78 -78.84 -78.91 -78.94 -79.00 -79.00 -78.97 -78.88 -78.75 -78.62 -78.47 -78.28 -78.06 -77.84 -77.56 -77.25 -76.91 -76.50 -76.09 -75.59 -74.91 -74.12 -73.44 -73.16 -73.66 -74.34 -74.81 -75.22 -75.66 -76.09 -76.47 -76.78 -77.06 -77.28 -77.50 -77.66 -77.78 -77.81 -77.75 -77.66 -77.47 -77.22 -76.91 -76.56
-68.81 -68.75 -68.69 -68.59 -68.50 -68.34 -68.00 -67.75 -68.12 -69.00 -70.12 -71.31 -72.47 -73.53 -74.28 -74.91 -75.59 -76.22 -76.78 -77.25 -77.62 -77.91 -78.16 -78.38 -78.56 -78.72 -78.81 -78.91 -78.94 -78.97 -79.03 -79.03 -79.03 -78.97 -78.88 -78.75 -78.59 -78.44 -78.25 -78.03 -77.78 -77.50 -77.19 -76.81 -76.44 -76.03 -75.38 -74.56 -73.81 -73.25 -73.22 -73.66 -74.16 -74.78 -75.31 -75.78 -76.25 -76.66 -77.03 -77.31 -77.53 -77.72 -77.91 -78.00 -78.03 -77.97 -77.84 -77.66 -77.41 -77.12 -76.84
-68.69 -68.59 -68.50 -68.44 -68.31 -68.16 -67.84 -67.75 -68.06 -68.84 -69.91 -71.09 -72.38 -73.59 -74.38 -75.03 -75.72 -76.34 -76.91 -77.41 -77.78 -78.06 -78.31 -78.50 -78.69 -78.81 -78.91 -78.97 -79.00 -79.03 -79.03 -79.06 -79.03 -78.94 -78.84 -78.72 -78.59 -78.41 -78.22 -78.03 -77.78 -77.50 -77.16 -76.78 -76.41 -75.94 -75.12 -74.25 -73.56 -73.28 -73.50 -73.84 -74.22 -74.75 -75.38 -75.91 -76.41 -76.81 -77.19 -77.53 -77.75 -77.94 -78.09 -78.19 -78.22 -78.16 -78.03 -77.84 -77.59 -77.34 -77.06
-68.56 -68.47 -68.38 -68.28 -68.19 -68.06 -68.06 -68.09 -68.19 -68.66 -69.53 -70.66 -71.97 -73.38 -74.44 -75.12 -75.78 -76.44 -77.00 -77.47 -77.84 -78.16 -78.41 -78.59 -78.75 -78.88 -78.94 -79.00 -79.03 -79.03 -79.03 -79.03 -79.00 -78.94 -78.84 -78.72 -78.59 -78.44 -78.25 -78.06 -77.81 -77.50 -77.16 -76.75 -76.38 -75.84 -74.94 -74.09 -73.62 -73.72 -74.06 -74.38 -74.66 -75.00 -75.53 -76.12 -76.56 -77.00 -77.38 -77.72 -77.97 -78.16 -78.28 -78.38 -78.38 -78.31 -78.19 -78.00 -77.78 -77.53 -77.28
-68.47 -68.34 -68.25 -68.19 -68.12 -68.25 -68.44 -68.59 -68.62 -68.59 -69.12 -70.12 -71.41 -72.88 -74.31 -75.16 -75.81 -76.47 -77.00 -77.47 -77.88 -78.19 -78.44 -78.66 -78.81 -78.91 -78.97 -79.00 -79.00 -79.00 -79.00 -79.00 -78.97 -78.91 -78.84 -78.72 -78.59 -78.47 -78.28 -78.06 -77.78 -77.47 -77.09 -76.72 -76.31 -75.62 -74.75 -74.16 -74.12 -74.41 -74.75 -75.03 -75.28 -75.50 -75.91 -76.44 -76.88 -77.22 -77.56 -77.91 -78.16 -78.34 -78.47 -78.53 -78.53 -78.47 -78.34 -78.16 -77.94 -77.72 -77.50
-68.38 -68.25 -68.16 -68.09 -68.16 -68.41 -68.66 -68.91 -69.09 -69.06 -69.19 -69.91 -71.09 -72.59 -74.19 -75.09 -75.78 -76.41 -76.97 -77.47 -77.88 -78.22 -78.50 -78.72 -78.84 -78.94 -78.97 -79.00 -78.97 -78.94 -78.94 -78.94 -78.94 -78.91 -78.81 -78.72 -78.59 -78.47 -78.28 -78.03 -77.72 -77.41 -77.03 -76.66 -76.09 -75.28 -74.69 -74.62 -74.88 -75.19 -75.47 -75.72 -75.94 -76.09 -76.28 -76.72 -77.16 -77.47 -77.81 -78.09 -78.34 -78.53 -78.62 -78.69 -78.69 -78.59 -78.47 -78.31 -78.09 -77.88 -77.66
-68.25 -68.16 -68.06 -68.00 -68.19 -68.53 -68.88 -69.22 -69.50 -69.72 -69.81 -70.25 -71.25 -72.72 -74.12 -74.94 -75.62 -76.31 -76.91 -77.44 -77.91 -78.28 -78.56 -78.78 -78.91 -78.97 -79.00 -78.97 -78.94 -78.91 -78.88 -78.91 -78.91 -78.88 -78.81 -78.72 -78.59 -78.41 -78.22 -77.94 -77.66 -77.31 -76.97 -76.47 -75.66 -75.03 -75.00 -75.41 -75.72 -75.91 -76.03 -76.19 -76.34 -76.53 -76.69 -77.00 -77.38 -77.72 -78.03 -78.28 -78.53 -78.69 -78.78 -78.81 -78.81 -78.72 -78.59 -78.41 -78.22 -78.00 -77.78
-68.12 -68.03 -67.94 -67.88 -68.12 -68.62 -69.06 -69.47 -69.84 -70.19 -70.53 -70.91 -71.75 -72.94 -73.84 -74.59 -75.38 -76.19 -76.91 -77.47 -77.91 -78.31 -78.59 -78.81 -78.94 -79.00 -78.97 -78.94 -78.88 -78.84 -78.84 -78.84 -78.84 -78.81 -78.75 -78.66 -78.50 -78.34 -78.12 -77.84 -77.56 -77.25 -76.84 -76.16 -75.38 -75.06 -75.53 -76.03 -76.22 -76.31 -76.44 -76.56 -76.72 -76.91 -77.09 -77.34 -77.62 -77.94 -78.22 -78.47 -78.69 -78.84 -78.91 -78.94 -78.94 -78.84 -78.69 -78.53 -78.31 -78.09 -77.84
-68.00 -67.88 -67.78 -67.72 -68.03 -68.62 -69.19 -69.69 -70.12 -70.56 -70.94 -71.38 -71.97 -72.66 -73.28 -73.72 -74.66 -75.94 -76.91 -77.47 -77.91 -78.31 -78.59 -78.81 -78.94 -78.97 -78.97 -78.91 -78.84 -78.81 -78.78 -78.75 -78.75 -78.75 -78.69 -78.56 -78.41 -78.22 -78.00 -77.75 -77.47 -77.16 -76.69 -75.94 -75.34 -75.44 -76.06 -76.41 -76.56 -76.72 -76.84 -77.00 -77.12 -77.31 -77.50 -77.69 -77.94 -78.19 -78.44 -78.66 -78.84 -78.97 -79.03 -79.06 -79.03 -78.94 -78.78 -78.59 -78.38 -78.12 -77.88
-67.81 -67.69 -67.53 -67.62 -68.09 -68.78 -69.38 -69.88 -70.38 -70.88 -71.31 -71.66 -71.91 -72.00 -72.19 -72.88 -74.12 -75.62 -76.84 -77.47 -77.88 -78.25 -78.53 -78.75 -78.88 -78.94 -78.94 -78.88 -78.81 -78.78 -78.72 -78.69 -78.66 -78.62 -78.56 -78.47 -78.31 -78.12 -77.88 -77.62 -77.38 -77.06 -76.50 -75.91 -75.62 -75.94 -76.47 -76.72 -76.94 -77.12 -77.28 -77.41 -77.50 -77.66 -77.84 -78.03 -78.25 -78.44 -78.66 -78.84 -78.97 -79.09 -79.16 -79.19 -79.12 -79.03 -78.84 -78.66 -78.41 -78.16 -77.88
-67.59 -67.38 -67.38 -67.81 -68.47 -69.03 -69.56 -70.09 -70.59 -71.12 -71.59 -72.03 -72.28 -72.22 -72.03 -72.62 -73.91 -75.44 -76.78 -77.41 -77.84 -78.19 -78.47 -78.66 -78.78 -78.84 -78.88 -78.84 -78.78 -78.72 -78.66 -78.62 -78.56 -78.53 -78.47 -78.38 -78.22 -78.03 -77.78 -77.53 -77.28 -76.97 -76.50 -76.06 -76.06 -76.44 -76.78 -77.03 -77.25 -77.47 -77.62 -77.75 -77.84 -77.97 -78.16 -78.34 -78.53 -78.69 -78.84 -79.00 -79.12 -79.19 -79.25 -79.25 -79.22 -79.09 -78.91 -78.69 -78.44 -78.19 -77.94
-67.19 -67.09 -67.53 -68.16 -68.69 -69.19 -69.69 -70.22 -70.72 -71.25 -71.78 -72.28 -72.69 -72.94 -72.81 -73.00 -74.00 -75.41 -76.69 -77.34 -77.75 -78.09 -78.34 -78.56 -78.69 -78.75 -78.78 -78.78 -78.72 -78.69 -78.59 -78.53 -78.47 -78.41 -78.34 -78.25 -78.12 -77.97 -77.72 -77.50 -77.25 -77.00 -76.66 -76.41 -76.56 -76.81 -77.06 -77.28 -77.53 -77.75 -77.94 -78.06 -78.16 -78.28 -78.44 -78.59 -78.78 -78.91 -79.03 -79.16 -79.22 -79.31 -79.34 -79.34 -79.25 -79.12 -78.97 -78.75 -78.53 -78.28 -78.06
-66.78 -67.16 -67.78 -68.28 -68.75 -69.22 -69.69 -70.12 -70.59 -71.09 -71.66 -72.31 -72.94 -73.44 -73.78 -73.94 -74.50 -75.59 -76.62 -77.25 -77.69 -78.00 -78.25 -78.44 -78.56 -78.66 -78.69 -78.69 -78.66 -78.59 -78.53 -78.47 -78.38 -78.28 -78.22 -78.16 -78.03 -77.88 -77.69 -77.47 -77.25 -77.06 -76.81 -76.72 -76.91 -77.06 -77.28 -77.50 -77.75 -77.97 -78.19 -78.34 -78.44 -78.53 -78.69 -78.84 -78.97 -79.09 -79.19 -79.28 -79.34 -79.38 -79.41 -79.38 -79.31 -79.19 -79.00 -78.81 -78.62 -78.41 -78.19
-66.75 -67.38 -67.81 -68.25 -68.69 -69.06 -69.47 -69.84 -70.19 -70.59 -71.12 -71.94 -72.91 -73.72 -74.28 -74.75 -75.25 -75.97 -76.66 -77.22 -77.59 -77.88 -78.09 -78.28 -78.44 -78.53 -78.56 -78.56 -78.53 -78.47 -78.44 -78.38 -78.28 -78.19 -78.09 -78.03 -77.94 -77.81 -77.62 -77.44 -77.25 -77.06 -76.88 -76.94 -77.09 -77.25 -77.44 -77.66 -77.91 -78.12 -78.34 -78.53 -78.66 -78.78 -78.88 -79.03 -79.16 -79.25 -79.34 -79.38 -79.44 -79.47 -79.47 -79.41 -79.34 -79.22 -79.06 -78.91 -78.72 -78.50 -78.28
-66.94 -67.34 -67.72 -68.09 -68.44 -68.78 -69.09 -69.34 -69.56 -69.88 -70.41 -71.31 -72.50 -73.72 -74.53 -75.12 -75.66 -76.19 -76.72 -77.16 -77.47 -77.72 -77.94 -78.12 -78.28 -78.38 -78.41 -78.41 -78.38 -78.34 -78.31 -78.25 -78.19 -78.09 -78.00 -77.91 -77.81 -77.69 -77.56 -77.38 -77.22 -77.06 -76.94 -77.06 -77.22 -77.41 -77.62 -77.84 -78.03 -78.25 -78.47 -78.66 -78.81 -78.94 -79.06 -79.19 -79.28 -79.38 -79.44 -79.47 -79.50 -79.50 -79.47 -79.44 -79.34 -79.22 -79.09 -78.97 -78.78 -78.59 -78.44
-66.94 -67.22 -67.53 -67.81 -68.09 -68.38 -68.72 -69.19 -69.62 -70.00 -70.41 -71.09 -72.16 -73.41 -74.50 -75.19 -75.75 -76.25 -76.69 -77.03 -77.25 -77.47 -77.72 -77.91 -78.06 -78.19 -78.22 -78.19 -78.16 -78.16 -78.12 -78.12 -78.09 -78.03 -77.94 -77.84 -77.72 -77.59 -77.47 -77.31 -77.19 -77.03 -77.03 -77.16 -77.34 -77.56 -77.75 -77.97 -78.19 -78.38 -78.56 -78.75 -78.91 -79.06 -79.16 -79.28 -79.38 -79.47 -79.50 -79.53 -79.53 -79.53 -79.47 -79.41 -79.31 -79.22 -79.12 -79.00 -78.88 -78.72 -78.59
-66.84 -67.06 -67.31 -67.50 -67.88 -68.41 -69.06 -69.75 -70.34 -70.78 -71.09 -71.50 -72.22 -73.28 -74.34 -75.09 -75.69 -76.16 -76.53 -76.75 -76.97 -77.19 -77.44 -77.66 -77.81 -77.94 -77.97 -77.97 -77.94 -77.94 -77.94 -77.97 -77.97 -77.91 -77.84 -77.75 -77.62 -77.50 -77.38 -77.25 -77.12 -77.00 -77.06 -77.25 -77.44 -77.62 -77.88 -78.06 -78.28 -78.47 -78.66 -78.81 -78.97 -79.12 -79.25 -79.34 -79.44 -79.50 -79.56 -79.56 -79.56 -79.50 -79.47 -79.38 -79.31 -79.22 -79.12 -79.03 -78.94 -78.88 -78.81
-66.66 -66.88 -67.16 -67.66 -68.28 -68.97 -69.62 -70.22 -70.78 -71.28 -71.75 -72.22 -72.78 -73.56 -74.34 -75.00 -75.53 -75.94 -76.19 -76.34 -76.56 -76.84 -77.12 -77.34 -77.53 -77.66 -77.72 -77.72 -77.72 -77.72 -77.72 -77.75 -77.78 -77.78 -77.75 -77.66 -77.53 -77.44 -77.31 -77.19 -77.09 -77.03 -77.16 -77.31 -77.47 -77.69 -77.91 -78.16 -78.34 -78.53 -78.72 -78.88 -79.03 -79.19 -79.28 -79.41 -79.50 -79.53 -79.56 -79.56 -79.53 -79.50 -79.44 -79.34 -79.28 -79.22 -79.12 -79.06 -79.00 -79.03 -79.09
-66.78 -67.09 -67.50 -68.06 -68.75 -69.34 -69.91 -70.47 -71.03 -71.59 -72.12 -72.66 -73.19 -73.78 -74.41 -74.91 -75.34 -75.59 -75.75 -75.84 -76.06 -76.47 -76.75 -76.97 -77.16 -77.34 -77.41 -77.44 -77.44 -77.44 -77.50 -77.56 -77.62 -77.66 -77.62 -77.56 -77.44 -77.34 -77.25 -77.16 -77.09 -77.12 -77.22 -77.38 -77.53 -77.75 -77.97 -78.19 -78.41 -78.59 -78.78 -78.94 -79.09 -79.22 -79.34 -79.44 -79.50 -79.53 -79.56 -79.56 -79.53 -79.47 -79.38 -79.31 -79.25 -79.19 -79.16 -79.09 -79.09 -79.19 -79.38
-67.16 -67.53 -67.88 -68.34 -68.91 -69.47 -70.06 -70.69 -71.25 -71.84 -72.38 -72.91 -73.41 -73.91 -74.38 -74.78 -75.03 -75.16 -75.19 -75.19 -75.41 -75.91 -76.28 -76.56 -76.78 -76.97 -77.09 -77.12 -77.12 -77.19 -77.25 -77.34 -77.44 -77.50 -77.50 -77.44 -77.38 -77.28 -77.22 -77.16 -77.16 -77.22 -77.31 -77.44 -77.59 -77.78 -78.00 -78.22 -78.44 -78.62 -78.81 -78.97 -79.12 -79.25 -79.38 -79.47 -79.53 -79.53 -79.53 -79.53 -79.50 -79.41 -79.34 -79.28 -79.22 -79.19 -79.16 -79.12 -79.16 -79.31 -79.66
-67.53 -67.84 -68.19 -68.50 -68.94 -69.50 -70.16 -70.81 -71.41 -71.97 -72.53 -73.03 -73.50 -73.91 -74.28 -74.53 -74.66 -74.69 -74.59 -74.38 -74.53 -75.09 -75.72 -76.09 -76.38 -76.59 -76.72 -76.78 -76.81 -76.88 -76.97 -77.09 -77.22 -77.31 -77.34 -77.31 -77.28 -77.25 -77.19 -77.19 -77.22 -77.31 -77.41 -77.53 -77.69 -77.84 -78.03 -78.25 -78.47 -78.66 -78.84 -79.00 -79.16 -79.28 -79.38 -79.47 -79.50 -79.53 -79.53 -79.50 -79.44 -79.38 -79.28 -79.22 -79.19 -79.16 -79.19 -79.19 -79.22 -79.34 -79.84
-67.84 -68.16 -68.50 -68.84 -69.19 -69.62 -70.25 -70.91 -71.50 -72.09 -72.59 -73.09 -73.50 -73.84 -74.09 -74.25 -74.25 -74.19 -74.03 -73.66 -73.78 -74.41 -75.16 -75.62 -75.94 -76.19 -76.31 -76.41 -76.47 -76.56 -76.69 -76.84 -77.00 -77.12 -77.16 -77.19 -77.19 -77.19 -77.19 -77.22 -77.28 -77.38 -77.47 -77.59 -77.72 -77.88 -78.06 -78.25 -78.47 -78.66 -78.84 -79.00 -79.16 -79.28 -79.38 -79.44 -79.47 -79.47 -79.47 -79.47 -79.41 -79.31 -79.25 -79.19 -79.16 -79.16 -79.25 -79.31 -79.31 -79.25 -79.69
-68.12 -68.47 -68.81 -69.19 -69.59 -70.03 -70.53 -71.09 -71.66 -72.19 -72.66 -73.09 -73.44 -73.69 -73.84 -73.88 -73.84 -73.72 -73.53 -73.16 -73.22 -73.88 -74.62 -75.12 -75.50 -75.75 -75.91 -76.00 -76.09 -76.22 -76.41 -76.59 -76.78 -76.91 -77.00 -77.06 -77.09 -77.12 -77.19 -77.25 -77.34 -77.44 -77.50 -77.62 -77.75 -77.88 -78.03 -78.22 -78.41 -78.59 -78.81 -78.97 -79.12 -79.25 -79.31 -79.38 -79.41 -79.44 -79.44 -79.38 -79.31 -79.25 -79.16 -79.09 -79.09 -79.19 -79.34 -79.53 -79.66 -79.47 -79.69
-68.41 -68.75 -69.12 -69.50 -69.91 -70.34 -70.81 -71.31 -71.81 -72.25 -72.69 -73.03 -73.28 -73.44 -73.50 -73.47 -73.41 -73.28 -73.12 -72.81 -72.81 -73.50 -74.12 -74.62 -75.03 -75.31 -75.47 -75.59 -75.72 -75.91 -76.12 -76.38 -76.56 -76.72 -76.84 -76.91 -77.00 -77.06 -77.19 -77.28 -77.38 -77.44 -77.53 -77.62 -77.72 -77.81 -77.94 -78.12 -78.31 -78.53 -78.72 -78.91 -79.06 -79.16 -79.22 -79.28 -79.34 -79.34 -79.34 -79.28 -79.22 -79.12 -79.06 -79.03 -79.03 -79.19 -79.53 -79.84 -80.12 -80.19 -80.19
-68.66 -69.00 -69.38 -69.75 -70.16 -70.56 -71.00 -71.44 -71.88 -72.25 -72.59 -72.88 -73.03 -73.09 -73.09 -73.03 -72.94 -72.84 -72.69 -72.50 -72.53 -73.12 -73.69 -74.16 -74.56 -74.88 -75.06 -75.19 -75.34 -75.62 -75.91 -76.16 -76.38 -76.53 -76.69 -76.78 -76.91 -77.00 -77.12 -77.25 -77.34 -77.44 -77.50 -77.56 -77.62 -77.72 -77.81 -77.97 -78.19 -78.44 -78.62 -78.81 -78.94 -79.03 -79.09 -79.19 -79.22 -79.25 -79.22 -79.16 -79.06 -79.00 -78.94 -78.94 -78.94 -79.19 -79.72 -80.25 -80.66 -81.00 -81.16
-68.88 -69.19 -69.53 -69.91 -70.28 -70.69 -71.09 -71.47 -71.84 -72.16 -72.41 -72.59 -72.66 -72.66 -72.62 -72.56 -72.47 -72.34 -72.25 -72.16 -72.22 -72.72 -73.25 -73.69 -74.09 -74.41 -74.62 -74.81 -75.06 -75.41 -75.69 -75.97 -76.19 -76.38 -76.53 -76.69 -76.81 -76.94 -77.06 -77.16 -77.25 -77.34 -77.44 -77.50 -77.56 -77.62 -77.72 -77.88 -78.12 -78.34 -78.53 -78.69 -78.81 -78.88 -78.97 -79.03 -79.06 -79.06 -79.03 -78.97 -78.91 -78.84 -78.81 -78.81 -78.88 -79.28 -80.00 -80.62 -81.12 -81.66 -82.12
-68.94 -69.22 -69.53 -69.88 -70.25 -70.62 -71.00 -71.38 -71.69 -71.97 -72.12 -72.22 -72.22 -72.19 -72.12 -72.03 -71.94 -71.84 -71.78 -71.75 -71.88 -72.34 -72.88 -73.28 -73.66 -73.97 -74.25 -74.50 -74.84 -75.19 -75.50 -75.81 -76.03 -76.25 -76.41 -76.56 -76.72 -76.84 -76.94 -77.03 -77.16 -77.25 -77.31 -77.41 -77.47 -77.53 -77.66 -77.84 -78.06 -78.25 -78.41 -78.53 -78.62 -78.72 -78.78 -78.81 -78.84 -78.84 -78.78 -78.75 -78.69 -78.66 -78.62 -78.62 -78.84 -79.47 -80.28 -80.94 -81.53 -82.16 -82.75
-68.84 -69.09 -69.38 -69.72 -70.12 -70.53 -70.88 -71.19 -71.47 -71.66 -71.78 -71.78 -71.75 -71.69 -71.62 -71.53 -71.44 -71.34 -71.31 -71.31 -71.38 -71.78 -72.44 -72.91 -73.28 -73.59 -73.91 -74.25 -74.62 -75.00 -75.34 -75.66 -75.91 -76.12 -76.31 -76.47 -76.59 -76.72 -76.81 -76.91 -77.00 -77.09 -77.22 -77.31 -77.38 -77.47 -77.62 -77.78 -78.00 -78.16 -78.28 -78.38 -78.47 -78.53 -78.59 -78.59 -78.56 -78.53 -78.53 -78.47 -78.44 -78.41 -78.41 -78.47 -78.94 -79.66 -80.47 -81.12 -81.75 -82.47 -83.19
-68.66 -68.84 -69.16 -69.56 -69.97 -70.38 -70.69 -70.97 -71.19 -71.31 -71.34 -71.31 -71.25 -71.16 -71.09 -71.03 -70.94 -70.88 -70.81 -70.69 -70.66 -71.00 -71.62 -72.34 -72.88 -73.22 -73.59 -74.03 -74.44 -74.84 -75.19 -75.50 -75.78 -76.00 -76.19 -76.34 -76.47 -76.56 -76.62 -76.72 -76.84 -76.97 -77.09 -77.22 -77.31 -77.44 -77.56 -77.72 -77.91 -78.03 -78.12 -78.22 -78.28 -78.34 -78.34 -78.28 -78.25 -78.25 -78.22 -78.19 -78.16 -78.09 -78.09 -78.47 -79.12 -79.88 -80.56 -81.19 -81.88 -82.59 -83.34
-68.41 -68.66 -69.03 -69.47 -69.88 -70.22 -70.50 -70.72 -70.84 -70.91 -70.88 -70.81 -70.72 -70.62 -70.47 -70.28 -70.25 -70.22 -70.12 -69.91 -69.81 -70.09 -70.72 -71.47 -72.09 -72.66 -73.25 -73.81 -74.25 -74.69 -75.06 -75.38 -75.59 -75.81 -76.00 -76.16 -76.28 -76.38 -76.44 -76.53 -76.69 -76.84 -77.00 -77.12 -77.25 -77.34 -77.47 -77.62 -77.75 -77.88 -77.94 -78.00 -78.09 -78.09 -78.06 -78.00 -77.94 -77.91 -77.88 -77.81 -77.66 -77.62 -77.97 -78.66 -79.44 -80.12 -80.69 -81.22 -81.91 -82.66 -83.44
-68.31 -68.62 -69.03 -69.41 -69.75 -70.06 -70.25 -70.38 -70.44 -70.41 -70.38 -70.28 -70.22 -70.06 -69.66 -69.38 -69.31 -69.38 -69.28 -69.03 -68.91 -69.19 -69.81 -70.59 -71.38 -72.16 -73.00 -73.59 -74.09 -74.53 -74.91 -75.19 -75.38 -75.56 -75.78 -75.97 -76.09 -76.16 -76.25 -76.38 -76.56 -76.75 -76.91 -77.03 -77.16 -77.25 -77.34 -77.47 -77.56 -77.66 -77.72 -77.78 -77.81 -77.81 -77.72 -77.66 -77.53 -77.38 -77.16 -77.03 -77.03 -77.41 -78.09 -78.94 -79.75 -80.38 -80.88 -81.44 -82.06 -82.81 -83.56
-68.38 -68.69 -69.00 -69.31 -69.59 -69.81 -69.94 -69.97 -69.97 -69.91 -69.84 -69.78 -69.69 -69.41 -68.91 -68.56 -68.47 -68.50 -68.44 -68.25 -68.22 -68.53 -69.19 -70.00 -70.94 -71.91 -72.81 -73.41 -73.94 -74.38 -74.69 -74.91 -75.09 -75.31 -75.53 -75.72 -75.88 -75.97 -76.09 -76.28 -76.47 -76.66 -76.81 -76.94 -77.03 -77.09 -77.16 -77.25 -77.31 -77.41 -77.47 -77.50 -77.50 -77.47 -77.38 -77.25 -76.91 -76.50 -76.28 -76.34 -76.78 -77.50 -78.31 -79.16 -79.94 -80.50 -81.03 -81.62 -82.28 -82.97 -83.69
