everonasctiles/Tile44,45.asc
ncols 128
nrows 128
xllcorner 0
yllcorner 0
cellsize 2.0
NODATA_value  -9999
[rows 0 to 34 of 128, columns 0 to 77 of 128]
24.78 24.84 24.84 24.84 24.84 24.88 24.88 24.91 24.97 25.00 25.00 25.03 24.97 24.97 24.94 24.97 24.97 24.97 24.91 24.88 24.84 24.72 24.59 24.47 24.31 24.19 24.03 23.91 23.75 23.62 23.47 23.31 23.16 23.00 22.81 22.59 22.41 22.19 21.94 21.72 21.50 21.28 21.03 20.81 20.59 20.38 20.16 19.94 19.72 19.53 19.31 19.09 18.88 18.66 18.41 18.03 17.84 17.84 17.81 17.78 18.00 18.66 18.72 18.75 18.09 17.03 16.25 15.53 14.94 14.44 14.03 13.69 13.38 13.09 12.84 12.56 12.31 12.03
24.81 24.84 24.91 24.91 24.88 24.91 24.94 24.97 25.00 25.06 25.06 25.06 25.06 25.03 25.06 25.06 25.06 25.06 24.97 24.97 24.91 24.78 24.66 24.50 24.38 24.25 24.12 24.00 23.88 23.75 23.62 23.50 23.34 23.19 23.00 22.81 22.62 22.38 22.16 21.94 21.69 21.47 21.25 21.00 20.78 20.56 20.31 20.09 19.88 19.66 19.44 19.22 19.00 18.75 18.50 18.06 17.97 17.94 17.91 17.88 18.19 18.72 18.75 18.72 17.78 16.88 16.06 15.44 14.88 14.38 13.94 13.66 13.34 13.09 12.84 12.56 12.31 12.03
24.81 24.88 24.94 24.97 24.94 24.97 25.00 25.03 25.09 25.12 25.12 25.12 25.12 25.09 25.16 25.16 25.19 25.16 25.12 25.06 25.00 24.88 24.69 24.56 24.47 24.34 24.25 24.12 24.03 23.91 23.78 23.66 23.53 23.38 23.22 23.03 22.81 22.59 22.38 22.12 21.91 21.66 21.44 21.19 20.97 20.72 20.47 20.25 20.03 19.78 19.56 19.34 19.09 18.88 18.53 18.12 18.06 18.03 18.00 18.00 18.38 18.75 18.69 18.22 17.28 16.69 16.00 15.41 14.84 14.31 13.94 13.66 13.38 13.12 12.88 12.59 12.34 12.06
24.88 24.97 25.03 25.06 25.06 25.06 25.06 25.09 25.16 25.19 25.22 25.19 25.22 25.22 25.25 25.28 25.31 25.25 25.22 25.19 25.09 24.94 24.78 24.69 24.56 24.47 24.34 24.25 24.16 24.03 23.94 23.84 23.72 23.59 23.44 23.25 23.03 22.81 22.59 22.34 22.09 21.84 21.62 21.38 21.12 20.88 20.66 20.41 20.16 19.94 19.69 19.44 19.22 18.97 18.53 18.19 18.16 18.12 18.09 18.12 18.62 18.75 18.53 18.12 17.56 16.62 15.97 15.38 14.81 14.38 13.94 13.69 13.44 13.19 12.94 12.66 12.41 12.12
24.94 25.03 25.09 25.12 25.12 25.12 25.12 25.16 25.22 25.25 25.28 25.28 25.31 25.34 25.38 25.38 25.38 25.38 25.31 25.28 25.22 25.09 24.97 24.78 24.66 24.56 24.44 24.34 24.28 24.19 24.09 24.00 23.91 23.78 23.62 23.44 23.25 23.03 22.78 22.53 22.28 22.03 21.78 21.53 21.28 21.03 20.78 20.53 20.31 20.06 19.81 19.56 19.31 19.06 18.56 18.28 18.25 18.25 18.22 18.31 18.69 18.72 18.34 17.94 17.09 16.47 15.91 15.34 14.75 14.41 14.03 13.81 13.56 13.28 13.00 12.75 12.47 12.19
25.00 25.09 25.16 25.19 25.19 25.22 25.19 25.22 25.25 25.28 25.34 25.38 25.41 25.44 25.44 25.47 25.44 25.44 25.41 25.34 25.28 25.22 25.09 24.97 24.81 24.69 24.56 24.47 24.38 24.31 24.25 24.19 24.09 23.97 23.84 23.66 23.47 23.22 22.97 22.72 22.47 22.22 21.97 21.72 21.44 21.19 20.94 20.69 20.44 20.19 19.94 19.69 19.44 19.12 18.56 18.38 18.38 18.34 18.31 18.53 18.75 18.59 18.22 17.56 16.88 16.34 15.88 15.34 14.91 14.47 14.28 14.00 13.72 13.44 13.12 12.84 12.53 12.25
25.03 25.12 25.22 25.25 25.28 25.31 25.31 25.31 25.31 25.31 25.38 25.44 25.50 25.50 25.50 25.53 25.53 25.50 25.47 25.41 25.38 25.31 25.22 25.03 24.97 24.78 24.66 24.59 24.50 24.44 24.38 24.34 24.28 24.19 24.03 23.88 23.66 23.44 23.19 22.91 22.66 22.41 22.12 21.88 21.59 21.34 21.09 20.81 20.56 20.31 20.06 19.78 19.53 19.12 18.59 18.50 18.47 18.44 18.44 18.66 18.75 18.34 17.88 17.25 16.75 16.34 15.91 15.41 15.19 14.78 14.56 14.22 13.91 13.56 13.25 12.94 12.62 12.34
25.06 25.19 25.25 25.31 25.34 25.38 25.38 25.38 25.38 25.41 25.47 25.50 25.53 25.56 25.56 25.56 25.56 25.53 25.50 25.47 25.44 25.38 25.31 25.16 25.06 24.91 24.78 24.75 24.66 24.59 24.53 24.47 24.44 24.34 24.22 24.06 23.84 23.59 23.34 23.09 22.81 22.56 22.28 22.00 21.75 21.47 21.22 20.94 20.69 20.44 20.16 19.91 19.66 19.09 18.62 18.59 18.56 18.53 18.56 18.72 18.56 18.12 17.59 17.06 16.69 16.41 16.06 15.84 15.53 15.34 14.78 14.47 14.09 13.72 13.38 13.06 12.72 12.41
25.09 25.22 25.28 25.34 25.38 25.41 25.44 25.47 25.47 25.50 25.50 25.56 25.59 25.59 25.59 25.59 25.59 25.59 25.56 25.53 25.50 25.47 25.38 25.25 25.12 25.00 24.94 24.88 24.78 24.69 24.66 24.62 24.59 24.53 24.41 24.22 24.03 23.78 23.50 23.25 22.97 22.69 22.41 22.16 21.88 21.59 21.34 21.06 20.81 20.56 20.28 20.03 19.75 19.09 18.75 18.72 18.69 18.66 18.53 18.28 18.03 17.69 17.31 16.78 16.75 16.56 16.34 16.12 15.88 15.62 15.19 14.69 14.28 13.88 13.50 13.16 12.81 12.50
25.16 25.25 25.34 25.38 25.44 25.47 25.50 25.53 25.56 25.53 25.59 25.59 25.62 25.62 25.66 25.62 25.62 25.62 25.62 25.59 25.56 25.47 25.44 25.34 25.22 25.09 25.00 24.97 24.88 24.78 24.72 24.69 24.69 24.66 24.53 24.38 24.19 23.94 23.66 23.38 23.09 22.81 22.53 22.28 22.00 21.72 21.47 21.19 20.94 20.66 20.41 20.12 19.78 19.06 18.88 18.84 18.81 18.78 18.44 18.06 17.81 17.53 17.09 16.91 16.91 16.84 16.62 16.41 16.12 15.88 15.41 14.91 14.47 14.03 13.62 13.28 12.91 12.56
25.19 25.28 25.38 25.44 25.47 25.50 25.56 25.59 25.62 25.62 25.62 25.62 25.66 25.66 25.66 25.66 25.66 25.66 25.66 25.62 25.59 25.56 25.47 25.38 25.25 25.19 25.06 25.00 24.94 24.88 24.84 24.78 24.78 24.72 24.59 24.47 24.28 24.03 23.78 23.50 23.22 22.94 22.66 22.38 22.09 21.84 21.56 21.31 21.03 20.78 20.53 20.25 19.75 19.06 18.97 18.94 18.91 18.84 18.34 17.94 17.69 17.44 17.22 17.22 17.12 17.12 16.94 16.66 16.38 16.06 15.56 15.06 14.59 14.16 13.75 13.38 13.00 12.66
25.22 25.31 25.41 25.47 25.53 25.56 25.59 25.62 25.66 25.69 25.66 25.66 25.69 25.69 25.69 25.69 25.69 25.69 25.69 25.66 25.66 25.59 25.50 25.44 25.34 25.25 25.16 25.06 25.00 24.94 24.91 24.84 24.81 24.75 24.62 24.50 24.31 24.09 23.84 23.59 23.31 23.03 22.75 22.47 22.19 21.94 21.66 21.41 21.16 20.88 20.62 20.38 19.72 19.12 19.09 19.06 19.03 18.91 18.38 18.06 17.84 17.59 17.50 17.41 17.38 17.25 17.09 16.88 16.56 16.25 15.69 15.19 14.72 14.25 13.84 13.44 13.06 12.72
25.19 25.34 25.41 25.50 25.56 25.59 25.62 25.69 25.69 25.72 25.72 25.72 25.72 25.72 25.75 25.75 25.72 25.72 25.72 25.69 25.66 25.59 25.53 25.44 25.34 25.31 25.19 25.12 25.06 24.97 24.94 24.88 24.81 24.75 24.66 24.50 24.34 24.16 23.91 23.66 23.38 23.09 22.84 22.56 22.28 22.03 21.75 21.50 21.25 21.00 20.75 20.47 19.66 19.25 19.22 19.19 19.16 19.00 18.47 18.19 17.94 17.75 17.66 17.56 17.47 17.38 17.22 17.03 16.72 16.28 15.75 15.25 14.78 14.34 13.91 13.50 13.12 12.75
25.28 25.34 25.44 25.50 25.56 25.62 25.66 25.72 25.75 25.75 25.75 25.75 25.75 25.75 25.78 25.78 25.75 25.75 25.72 25.72 25.69 25.62 25.56 25.47 25.41 25.34 25.28 25.22 25.09 25.03 24.94 24.91 24.81 24.75 24.62 24.50 24.34 24.16 23.94 23.69 23.44 23.16 22.91 22.62 22.38 22.09 21.84 21.59 21.34 21.09 20.84 20.47 19.59 19.34 19.31 19.31 19.28 19.09 18.62 18.50 18.09 18.00 17.84 17.75 17.59 17.44 17.28 17.03 16.75 16.28 15.78 15.31 14.84 14.38 13.97 13.56 13.16 12.78
25.31 25.41 25.44 25.50 25.59 25.66 25.69 25.75 25.75 25.78 25.75 25.78 25.78 25.78 25.81 25.81 25.78 25.78 25.75 25.75 25.72 25.66 25.59 25.50 25.44 25.34 25.34 25.25 25.12 25.03 24.97 24.91 24.81 24.72 24.62 24.50 24.34 24.19 23.97 23.72 23.47 23.22 22.94 22.69 22.44 22.16 21.91 21.66 21.44 21.19 20.94 20.38 19.56 19.47 19.44 19.41 19.38 19.22 18.97 18.56 18.47 18.16 18.00 17.84 17.66 17.50 17.34 17.12 16.72 16.28 15.78 15.31 14.84 14.41 14.00 13.56 13.19 12.81
25.38 25.41 25.50 25.53 25.62 25.69 25.72 25.75 25.78 25.78 25.81 25.81 25.81 25.81 25.81 25.81 25.81 25.78 25.78 25.75 25.72 25.66 25.62 25.50 25.44 25.41 25.38 25.31 25.16 25.06 24.94 24.88 24.78 24.72 24.59 24.50 24.34 24.16 23.97 23.75 23.50 23.25 23.00 22.72 22.47 22.22 21.97 21.75 21.50 21.28 21.03 20.28 19.62 19.59 19.56 19.53 19.50 19.25 19.03 18.81 18.66 18.47 18.06 17.88 17.78 17.59 17.41 17.06 16.72 16.25 15.78 15.31 14.88 14.44 14.00 13.59 13.22 12.84
25.41 25.47 25.50 25.56 25.66 25.66 25.75 25.78 25.78 25.81 25.81 25.84 25.84 25.84 25.84 25.81 25.81 25.81 25.78 25.75 25.75 25.72 25.66 25.62 25.56 25.50 25.44 25.31 25.16 25.06 24.97 24.84 24.78 24.69 24.56 24.47 24.31 24.16 23.97 23.75 23.50 23.28 23.03 22.78 22.53 22.28 22.03 21.81 21.56 21.34 21.06 20.16 19.75 19.72 19.69 19.66 19.53 19.25 19.09 18.94 18.75 18.59 18.31 18.09 17.81 17.66 17.44 17.09 16.69 16.25 15.78 15.31 14.88 14.44 14.00 13.59 13.22 12.84
25.44 25.50 25.56 25.66 25.69 25.72 25.75 25.78 25.81 25.81 25.84 25.88 25.88 25.84 25.84 25.84 25.84 25.81 25.78 25.75 25.75 25.72 25.69 25.66 25.62 25.56 25.47 25.34 25.19 25.09 25.00 24.88 24.75 24.62 24.53 24.44 24.31 24.16 23.97 23.75 23.50 23.28 23.03 22.81 22.56 22.31 22.09 21.84 21.62 21.41 20.97 20.06 19.84 19.81 19.78 19.75 19.56 19.34 19.19 18.97 18.81 18.62 18.41 18.22 17.97 17.72 17.44 17.09 16.69 16.22 15.75 15.31 14.84 14.41 14.00 13.59 13.19 12.84
25.59 25.66 25.69 25.72 25.72 25.75 25.78 25.81 25.84 25.84 25.88 25.91 25.91 25.88 25.88 25.88 25.84 25.81 25.78 25.75 25.75 25.75 25.72 25.69 25.66 25.59 25.53 25.38 25.25 25.12 25.00 24.84 24.69 24.59 24.53 24.44 24.31 24.16 23.97 23.75 23.53 23.28 23.06 22.84 22.59 22.38 22.12 21.88 21.66 21.44 20.78 20.03 19.97 19.94 19.91 19.88 19.66 19.50 19.25 18.97 18.81 18.59 18.41 18.25 18.00 17.72 17.47 17.09 16.69 16.22 15.75 15.28 14.84 14.41 13.97 13.56 13.19 12.81
25.66 25.75 25.81 25.81 25.78 25.81 25.84 25.88 25.88 25.91 25.94 25.94 25.91 25.91 25.91 25.88 25.88 25.88 25.84 25.88 25.84 25.81 25.75 25.72 25.69 25.62 25.56 25.44 25.31 25.19 25.03 24.88 24.69 24.62 24.53 24.47 24.34 24.19 24.00 23.75 23.47 23.31 23.09 22.88 22.62 22.50 22.16 22.12 21.69 21.25 20.56 20.16 20.09 20.06 20.03 20.03 19.88 19.62 19.34 19.03 18.84 18.62 18.31 18.16 17.94 17.75 17.47 17.09 16.66 16.19 15.72 15.25 14.81 14.38 13.94 13.53 13.16 12.78
25.78 25.84 25.91 25.94 25.94 25.94 25.91 25.91 25.97 25.97 25.97 25.97 25.97 26.00 26.00 25.97 26.09 26.12 26.12 26.09 26.03 25.94 25.81 25.75 25.72 25.66 25.56 25.50 25.34 25.22 25.06 24.72 24.72 24.62 24.94 24.81 24.84 24.47 24.06 24.47 24.44 24.12 23.78 23.47 23.31 23.06 22.72 22.50 22.00 21.22 20.50 20.28 20.22 20.19 20.16 20.22 19.97 19.75 19.50 19.22 18.97 18.72 18.41 18.12 17.94 17.72 17.44 17.06 16.62 16.16 15.69 15.22 14.78 14.31 13.91 13.50 13.09 12.75
25.84 25.97 26.00 26.03 26.03 26.03 26.00 26.00 26.53 26.19 25.97 26.16 26.25 26.28 26.22 26.31 26.38 26.41 26.44 26.34 26.41 26.28 26.12 25.97 25.75 25.69 25.62 25.78 25.62 25.34 25.06 25.28 25.56 25.91 25.53 25.09 24.91 24.75 24.69 24.91 24.88 25.28 24.34 23.88 23.53 23.44 23.06 22.94 22.72 21.44 20.72 20.41 20.34 20.31 20.31 20.28 20.12 19.75 19.69 19.44 19.12 18.75 18.38 18.19 17.88 17.69 17.41 17.00 16.59 16.12 15.66 15.19 14.72 14.28 13.84 13.44 13.06 12.69
25.97 26.06 26.09 26.12 26.12 26.12 26.12 26.25 26.28 26.72 27.19 26.47 26.50 26.59 27.16 26.53 26.75 26.81 26.75 26.53 26.53 26.50 26.22 26.28 26.50 26.09 26.00 26.25 25.81 25.81 25.38 25.22 25.38 25.62 25.28 24.84 24.69 24.56 24.56 24.50 24.47 24.22 23.91 23.78 23.31 23.06 22.69 22.06 21.72 20.94 20.56 20.53 20.47 20.44 20.50 20.53 20.19 19.97 19.81 19.44 19.22 18.88 18.53 18.25 17.91 17.69 17.38 16.97 16.53 16.06 15.59 15.12 14.66 14.22 13.78 13.38 13.00 12.62
26.00 26.16 26.19 26.22 26.22 26.22 26.19 26.16 26.28 26.09 26.25 26.41 26.69 26.69 26.59 26.59 26.88 26.56 26.31 26.34 26.16 26.41 26.19 26.06 26.03 26.03 26.03 26.00 25.78 25.38 25.31 25.16 25.06 24.88 24.72 24.62 24.53 24.12 24.28 24.16 23.88 23.66 23.22 23.06 22.88 22.66 22.38 22.09 21.72 21.00 20.69 20.66 20.59 20.56 20.69 20.66 20.47 20.28 19.94 19.56 19.28 18.97 18.62 18.28 18.09 17.78 17.38 16.97 16.50 16.03 15.53 15.06 14.59 14.16 13.72 13.31 12.94 12.56
26.16 26.22 26.28 26.31 26.31 26.31 26.22 26.22 26.16 26.12 26.28 26.47 26.56 26.56 26.47 26.44 26.38 26.31 26.12 26.06 26.03 26.00 25.88 25.81 25.75 25.97 25.97 25.72 25.50 25.34 25.16 25.06 24.75 24.59 24.47 24.41 24.28 24.09 23.97 23.91 23.62 23.47 23.28 23.12 22.94 22.72 22.47 22.12 21.62 20.97 20.81 20.78 20.72 20.72 20.84 20.78 20.56 20.41 20.16 19.75 19.41 19.03 18.88 18.66 18.28 17.88 17.41 16.94 16.47 15.97 15.47 15.00 14.53 14.09 13.66 13.25 12.88 12.50
26.28 26.34 26.34 26.41 26.41 26.38 26.34 26.31 26.25 26.16 26.19 26.31 26.34 26.28 26.22 26.19 26.16 26.12 26.03 26.00 25.97 25.94 25.88 25.81 25.72 25.62 25.62 25.47 25.22 25.06 24.91 24.81 24.72 24.56 24.44 24.31 24.22 24.06 23.94 23.81 23.66 23.53 23.38 23.19 23.00 22.78 22.47 22.12 21.53 20.97 20.94 20.91 20.84 20.88 20.97 20.84 20.69 20.47 20.22 19.91 19.50 19.31 19.09 18.84 18.44 17.97 17.44 16.91 16.41 15.91 15.41 14.91 14.47 14.00 13.59 13.19 12.78 12.44
26.34 26.41 26.44 26.47 26.50 26.47 26.41 26.38 26.34 26.25 26.22 26.19 26.16 26.16 26.12 26.12 26.12 26.09 26.06 26.03 26.00 25.94 25.88 25.78 25.69 25.59 25.47 25.34 25.19 25.03 24.91 24.78 24.69 24.53 24.41 24.28 24.19 24.06 23.97 23.84 23.72 23.56 23.41 23.25 23.06 22.81 22.47 22.06 21.41 21.09 21.06 21.03 20.97 21.00 21.03 20.88 20.75 20.56 20.31 20.09 19.81 19.56 19.28 18.97 18.53 18.00 17.44 16.88 16.34 15.84 15.31 14.84 14.38 13.94 13.50 13.09 12.72 12.38
26.41 26.50 26.53 26.56 26.56 26.53 26.53 26.50 26.41 26.38 26.28 26.22 26.22 26.19 26.19 26.16 26.16 26.12 26.09 26.06 26.00 25.94 25.84 25.75 25.66 25.56 25.44 25.31 25.19 25.03 24.91 24.81 24.69 24.53 24.41 24.31 24.19 24.09 24.00 23.88 23.78 23.66 23.47 23.28 23.06 22.81 22.41 21.94 21.31 21.22 21.19 21.16 21.09 21.12 21.03 20.91 20.78 20.62 20.44 20.19 19.94 19.69 19.38 19.03 18.59 18.03 17.44 16.84 16.28 15.75 15.25 14.75 14.28 13.84 13.41 13.03 12.66 12.28
26.50 26.56 26.59 26.62 26.66 26.62 26.59 26.59 26.53 26.44 26.38 26.28 26.25 26.25 26.22 26.22 26.19 26.16 26.12 26.06 26.00 25.91 25.81 25.72 25.62 25.50 25.41 25.28 25.16 25.03 24.91 24.81 24.69 24.56 24.44 24.31 24.22 24.12 24.00 23.91 23.78 23.66 23.47 23.28 23.03 22.75 22.34 21.78 21.41 21.34 21.31 21.28 21.25 21.16 21.03 20.94 20.81 20.62 20.44 20.22 19.94 19.69 19.38 19.03 18.62 18.03 17.41 16.78 16.22 15.66 15.16 14.66 14.19 13.75 13.34 12.94 12.56 12.22
26.50 26.59 26.66 26.69 26.69 26.69 26.69 26.62 26.62 26.56 26.47 26.41 26.31 26.28 26.28 26.28 26.25 26.19 26.16 26.09 26.00 25.91 25.78 25.69 25.56 25.47 25.38 25.25 25.16 25.03 24.91 24.81 24.69 24.56 24.44 24.31 24.19 24.09 24.00 23.91 23.78 23.62 23.47 23.28 23.03 22.72 22.31 21.66 21.50 21.47 21.44 21.41 21.31 21.19 21.03 20.94 20.78 20.62 20.41 20.16 19.91 19.62 19.31 19.00 18.59 17.97 17.31 16.69 16.12 15.56 15.06 14.56 14.09 13.66 13.25 12.88 12.50 12.16
26.56 26.66 26.69 26.72 26.75 26.75 26.72 26.72 26.66 26.62 26.53 26.44 26.38 26.38 26.34 26.31 26.28 26.22 26.19 26.09 26.00 25.88 25.78 25.66 25.53 25.44 25.34 25.22 25.12 25.03 24.94 24.81 24.69 24.53 24.41 24.28 24.16 24.06 23.97 23.84 23.75 23.62 23.47 23.31 23.03 22.72 22.28 21.72 21.62 21.59 21.56 21.53 21.38 21.12 21.03 20.91 20.75 20.56 20.34 20.09 19.81 19.50 19.19 18.84 18.41 17.81 17.19 16.59 16.00 15.47 14.97 14.47 14.03 13.59 13.19 12.78 12.44 12.09
26.66 26.69 26.72 26.78 26.78 26.78 26.78 26.75 26.72 26.66 26.59 26.53 26.44 26.41 26.41 26.38 26.28 26.22 26.22 26.12 25.97 25.88 25.75 25.62 25.50 25.41 25.31 25.22 25.12 25.03 24.94 24.81 24.69 24.53 24.38 24.22 24.09 24.00 23.91 23.84 23.75 23.66 23.53 23.38 23.09 22.72 22.25 21.78 21.75 21.72 21.69 21.62 21.34 21.25 21.06 20.94 20.78 20.56 20.28 20.00 19.69 19.34 18.97 18.59 18.12 17.59 17.00 16.44 15.88 15.34 14.84 14.38 13.94 13.50 13.09 12.72 12.38 12.03
26.69 26.75 26.78 26.81 26.81 26.81 26.81 26.81 26.78 26.72 26.66 26.56 26.47 26.47 26.44 26.41 26.38 26.31 26.25 26.16 26.00 25.88 25.75 25.62 25.50 25.38 25.28 25.19 25.12 25.03 24.94 24.81 24.69 24.50 24.34 24.19 24.06 23.97 23.88 23.81 23.75 23.69 23.66 23.44 23.12 22.75 22.22 21.91 21.88 21.84 21.81 21.69 21.44 21.34 21.19 21.03 20.81 20.53 20.25 19.94 19.56 19.19 18.78 18.31 17.84 17.34 16.81 16.25 15.72 15.22 14.75 14.28 13.84 13.44 13.03 12.69 12.31 12.00
26.75 26.81 26.81 26.81 26.84 26.84 26.84 26.84 26.81 26.75 26.69 26.62 26.53 26.53 26.50 26.47 26.38 26.34 26.25 26.16 26.00 25.88 25.75 25.59 25.50 25.38 25.31 25.22 25.12 25.03 24.94 24.84 24.69 24.50 24.28 24.12 24.00 23.91 23.88 23.81 23.78 23.75 23.72 23.47 23.16 22.78 22.22 22.03 22.00 21.97 21.94 21.81 21.69 21.50 21.34 21.12 20.84 20.56 20.22 19.88 19.47 19.03 18.56 18.09 17.59 17.09 16.59 16.09 15.56 15.09 14.62 14.19 13.75 13.34 12.97 12.62 12.28 11.97
26.81 26.84 26.84 26.84 26.88 26.91 26.91 26.91 26.84 26.81 26.75 26.69 26.66 26.62 26.56 26.50 26.44 26.31 26.25 26.16 26.03 25.91 25.78 25.66 25.56 25.47 25.34 25.25 25.16 25.06 24.97 24.84 24.69 24.47 24.25 24.06 23.97 23.91 23.84 23.81 23.81 23.81 23.75 23.50 23.22 22.81 22.28 22.16 22.12 22.09 22.06 21.88 21.97 21.62 21.44 21.19 20.88 20.56 20.19 19.78 19.38 18.91 18.41 17.88 17.34 16.88 16.38 15.91 15.41 14.97 14.50 14.06 13.66 13.28 12.91 12.56 12.25 11.94
