everonasctiles/Tile[1,12].asc
ncols 128
nrows 128
xllcorner 0
yllcorner 0
cellsize 2.0
NODATA_value  -9999
[rows 96 to 127 of 128, columns 0 to 70 of 128]
-55.22 -55.19 -55.16 -55.16 -55.16 -55.16 -55.16 -55.16 -55.16 -55.19 -55.19 -55.19 -55.19 -55.19 -55.16 -55.16 -55.16 -55.12 -55.09 -55.06 -55.03 -55.00 -55.00 -54.97 -54.94 -54.94 -54.94 -54.91 -54.91 -54.91 -54.91 -54.91 -54.91 -54.94 -54.94 -54.97 -54.97 -54.97 -55.00 -55.00 -55.00 -55.00 -55.00 -54.97 -54.97 -54.97 -54.94 -54.94 -54.94 -54.91 -54.91 -54.91 -54.88 -54.84 -54.84 -54.81 -54.78 -54.75 -54.72 -54.69 -54.69 -54.66 -54.62 -54.59 -54.59 -54.56 -54.53 -54.53 -54.50 -54.47 -54.44
-55.22 -55.19 -55.16 -55.12 -55.12 -55.12 -55.12 -55.12 -55.12 -55.16 -55.16 -55.16 -55.16 -55.16 -55.12 -55.12 -55.12 -55.09 -55.06 -55.06 -55.00 -54.97 -54.94 -54.94 -54.91 -54.91 -54.88 -54.88 -54.88 -54.88 -54.88 -54.88 -54.88 -54.91 -54.91 -54.94 -54.94 -54.97 -54.97 -54.97 -55.00 -55.00 -55.00 -54.97 -54.97 -54.97 -54.97 -54.94 -54.94 -54.94 -54.91 -54.91 -54.88 -54.88 -54.84 -54.81 -54.78 -54.75 -54.72 -54.69 -54.66 -54.62 -54.59 -54.59 -54.56 -54.53 -54.53 -54.50 -54.50 -54.47 -54.44
-55.25 -55.22 -55.19 -55.16 -55.12 -55.09 -55.09 -55.09 -55.09 -55.12 -55.12 -55.12 -55.12 -55.12 -55.09 -55.09 -55.09 -55.09 -55.06 -55.03 -55.00 -54.97 -54.94 -54.91 -54.88 -54.88 -54.84 -54.84 -54.84 -54.84 -54.84 -54.84 -54.84 -54.88 -54.88 -54.91 -54.91 -54.94 -54.94 -54.97 -54.97 -54.97 -54.97 -54.97 -54.97 -54.97 -54.97 -54.94 -54.94 -54.94 -54.91 -54.91 -54.88 -54.84 -54.84 -54.81 -54.78 -54.75 -54.72 -54.69 -54.66 -54.62 -54.59 -54.56 -54.53 -54.53 -54.53 -54.50 -54.50 -54.47 -54.44
-55.25 -55.22 -55.19 -55.16 -55.12 -55.09 -55.06 -55.06 -55.06 -55.06 -55.09 -55.09 -55.09 -55.09 -55.09 -55.06 -55.06 -55.06 -55.03 -55.00 -54.97 -54.94 -54.91 -54.88 -54.84 -54.84 -54.81 -54.81 -54.81 -54.81 -54.81 -54.81 -54.81 -54.84 -54.84 -54.88 -54.88 -54.91 -54.94 -54.94 -54.97 -54.97 -54.97 -54.97 -54.97 -54.97 -54.94 -54.94 -54.94 -54.94 -54.91 -54.91 -54.88 -54.84 -54.81 -54.81 -54.78 -54.75 -54.72 -54.69 -54.66 -54.59 -54.56 -54.53 -54.53 -54.53 -54.50 -54.50 -54.50 -54.47 -54.47
-55.25 -55.25 -55.22 -55.16 -55.12 -55.09 -55.06 -55.03 -55.03 -55.03 -55.03 -55.06 -55.06 -55.06 -55.06 -55.06 -55.06 -55.03 -55.03 -55.00 -54.97 -54.94 -54.91 -54.88 -54.84 -54.81 -54.81 -54.78 -54.78 -54.78 -54.78 -54.78 -54.78 -54.81 -54.81 -54.84 -54.88 -54.88 -54.91 -54.94 -54.94 -54.97 -54.97 -54.97 -54.97 -54.94 -54.94 -54.94 -54.94 -54.91 -54.91 -54.88 -54.84 -54.84 -54.81 -54.78 -54.75 -54.75 -54.72 -54.69 -54.66 -54.59 -54.56 -54.53 -54.53 -54.50 -54.50 -54.50 -54.50 -54.47 -54.47
-55.25 -55.25 -55.22 -55.19 -55.12 -55.09 -55.06 -55.00 -55.00 -55.00 -55.00 -55.00 -55.03 -55.03 -55.03 -55.03 -55.03 -55.00 -55.00 -54.97 -54.94 -54.94 -54.91 -54.88 -54.84 -54.81 -54.78 -54.78 -54.78 -54.75 -54.75 -54.75 -54.78 -54.78 -54.81 -54.81 -54.84 -54.88 -54.88 -54.91 -54.94 -54.94 -54.94 -54.94 -54.94 -54.94 -54.94 -54.94 -54.91 -54.91 -54.88 -54.88 -54.84 -54.81 -54.78 -54.78 -54.75 -54.72 -54.69 -54.66 -54.62 -54.59 -54.56 -54.53 -54.53 -54.50 -54.50 -54.50 -54.50 -54.47 -54.47
-55.25 -55.22 -55.19 -55.16 -55.12 -55.09 -55.03 -55.00 -54.97 -54.94 -54.94 -54.97 -54.97 -55.00 -55.00 -55.00 -54.97 -54.97 -54.97 -54.94 -54.94 -54.91 -54.88 -54.84 -54.81 -54.81 -54.78 -54.78 -54.75 -54.75 -54.75 -54.75 -54.75 -54.75 -54.78 -54.81 -54.81 -54.84 -54.88 -54.88 -54.91 -54.91 -54.91 -54.91 -54.91 -54.91 -54.91 -54.91 -54.91 -54.88 -54.88 -54.84 -54.81 -54.81 -54.78 -54.75 -54.72 -54.69 -54.69 -54.66 -54.62 -54.59 -54.56 -54.56 -54.53 -54.53 -54.50 -54.50 -54.50 -54.50 -54.47
-55.25 -55.22 -55.19 -55.16 -55.12 -55.06 -55.03 -54.97 -54.94 -54.91 -54.91 -54.91 -54.94 -54.94 -54.97 -54.94 -54.94 -54.94 -54.91 -54.91 -54.91 -54.88 -54.88 -54.84 -54.81 -54.81 -54.78 -54.75 -54.75 -54.72 -54.72 -54.72 -54.72 -54.75 -54.75 -54.78 -54.81 -54.81 -54.84 -54.88 -54.88 -54.91 -54.91 -54.91 -54.88 -54.88 -54.88 -54.88 -54.88 -54.88 -54.84 -54.84 -54.81 -54.78 -54.75 -54.72 -54.72 -54.69 -54.69 -54.66 -54.62 -54.62 -54.59 -54.56 -54.53 -54.53 -54.53 -54.53 -54.50 -54.50 -54.50
-55.22 -55.19 -55.16 -55.12 -55.09 -55.06 -55.00 -54.97 -54.91 -54.88 -54.88 -54.88 -54.88 -54.91 -54.91 -54.91 -54.91 -54.88 -54.88 -54.88 -54.88 -54.84 -54.84 -54.81 -54.81 -54.78 -54.78 -54.75 -54.72 -54.72 -54.72 -54.72 -54.72 -54.72 -54.75 -54.75 -54.78 -54.81 -54.81 -54.84 -54.84 -54.84 -54.84 -54.84 -54.84 -54.84 -54.88 -54.88 -54.88 -54.84 -54.84 -54.81 -54.81 -54.78 -54.75 -54.72 -54.69 -54.69 -54.66 -54.66 -54.66 -54.62 -54.59 -54.56 -54.56 -54.53 -54.53 -54.53 -54.53 -54.53 -54.53
-55.19 -55.19 -55.16 -55.12 -55.06 -55.03 -55.00 -54.94 -54.91 -54.84 -54.84 -54.84 -54.84 -54.84 -54.84 -54.84 -54.84 -54.84 -54.84 -54.84 -54.84 -54.81 -54.81 -54.81 -54.78 -54.78 -54.75 -54.75 -54.72 -54.69 -54.69 -54.69 -54.69 -54.72 -54.72 -54.75 -54.75 -54.75 -54.78 -54.78 -54.81 -54.81 -54.81 -54.81 -54.81 -54.81 -54.84 -54.84 -54.84 -54.84 -54.84 -54.81 -54.81 -54.78 -54.75 -54.72 -54.69 -54.69 -54.66 -54.66 -54.66 -54.62 -54.59 -54.59 -54.56 -54.53 -54.53 -54.53 -54.53 -54.53 -54.53
-55.16 -55.16 -55.12 -55.09 -55.06 -55.03 -54.97 -54.94 -54.88 -54.84 -54.81 -54.81 -54.81 -54.81 -54.81 -54.81 -54.81 -54.81 -54.78 -54.78 -54.78 -54.78 -54.78 -54.78 -54.75 -54.75 -54.75 -54.72 -54.69 -54.69 -54.66 -54.69 -54.69 -54.69 -54.69 -54.72 -54.72 -54.72 -54.75 -54.75 -54.75 -54.75 -54.75 -54.78 -54.78 -54.78 -54.81 -54.81 -54.81 -54.81 -54.81 -54.81 -54.78 -54.75 -54.72 -54.69 -54.69 -54.66 -54.66 -54.66 -54.62 -54.62 -54.59 -54.59 -54.56 -54.56 -54.56 -54.53 -54.53 -54.53 -54.53
-55.12 -55.09 -55.06 -55.06 -55.03 -55.00 -54.97 -54.91 -54.88 -54.81 -54.78 -54.78 -54.75 -54.75 -54.75 -54.75 -54.75 -54.75 -54.75 -54.75 -54.75 -54.75 -54.75 -54.75 -54.75 -54.72 -54.72 -54.69 -54.66 -54.66 -54.66 -54.66 -54.66 -54.66 -54.66 -54.66 -54.69 -54.69 -54.69 -54.69 -54.72 -54.72 -54.72 -54.72 -54.75 -54.75 -54.78 -54.78 -54.78 -54.78 -54.78 -54.78 -54.75 -54.75 -54.72 -54.69 -54.66 -54.66 -54.66 -54.62 -54.62 -54.62 -54.59 -54.59 -54.56 -54.56 -54.56 -54.56 -54.56 -54.53 -54.53
-55.06 -55.03 -55.03 -55.03 -55.00 -54.97 -54.94 -54.91 -54.84 -54.81 -54.78 -54.75 -54.72 -54.72 -54.72 -54.72 -54.72 -54.72 -54.72 -54.72 -54.72 -54.72 -54.72 -54.72 -54.72 -54.69 -54.69 -54.66 -54.66 -54.62 -54.62 -54.62 -54.62 -54.62 -54.62 -54.62 -54.62 -54.62 -54.66 -54.66 -54.66 -54.66 -54.69 -54.69 -54.69 -54.72 -54.75 -54.75 -54.78 -54.75 -54.75 -54.75 -54.72 -54.72 -54.69 -54.66 -54.66 -54.62 -54.62 -54.62 -54.62 -54.62 -54.59 -54.59 -54.59 -54.56 -54.56 -54.56 -54.56 -54.53 -54.53
-55.00 -55.00 -54.97 -54.97 -54.97 -54.94 -54.91 -54.88 -54.81 -54.78 -54.75 -54.72 -54.69 -54.69 -54.69 -54.69 -54.69 -54.66 -54.66 -54.66 -54.66 -54.66 -54.66 -54.69 -54.69 -54.66 -54.66 -54.62 -54.62 -54.59 -54.59 -54.59 -54.59 -54.59 -54.59 -54.59 -54.59 -54.59 -54.59 -54.62 -54.62 -54.62 -54.62 -54.66 -54.66 -54.69 -54.72 -54.72 -54.72 -54.72 -54.72 -54.72 -54.69 -54.69 -54.66 -54.62 -54.62 -54.59 -54.59 -54.59 -54.59 -54.59 -54.59 -54.56 -54.56 -54.56 -54.56 -54.53 -54.53 -54.53 -54.50
-54.94 -54.94 -54.94 -54.94 -54.91 -54.91 -54.88 -54.84 -54.81 -54.78 -54.72 -54.69 -54.69 -54.66 -54.66 -54.62 -54.62 -54.62 -54.62 -54.59 -54.59 -54.62 -54.62 -54.62 -54.62 -54.62 -54.62 -54.62 -54.59 -54.59 -54.56 -54.56 -54.56 -54.56 -54.56 -54.56 -54.56 -54.56 -54.56 -54.56 -54.59 -54.59 -54.59 -54.62 -54.62 -54.66 -54.66 -54.69 -54.69 -54.69 -54.69 -54.66 -54.66 -54.62 -54.62 -54.59 -54.56 -54.56 -54.56 -54.56 -54.56 -54.56 -54.56 -54.56 -54.53 -54.53 -54.53 -54.53 -54.50 -54.50 -54.50
-54.91 -54.91 -54.91 -54.91 -54.88 -54.88 -54.84 -54.81 -54.78 -54.75 -54.72 -54.69 -54.66 -54.62 -54.62 -54.59 -54.59 -54.56 -54.56 -54.56 -54.56 -54.56 -54.56 -54.59 -54.59 -54.59 -54.59 -54.56 -54.56 -54.56 -54.53 -54.53 -54.53 -54.53 -54.53 -54.53 -54.53 -54.53 -54.53 -54.53 -54.53 -54.56 -54.56 -54.56 -54.59 -54.59 -54.62 -54.62 -54.62 -54.62 -54.62 -54.62 -54.59 -54.59 -54.56 -54.53 -54.53 -54.53 -54.53 -54.53 -54.50 -54.50 -54.50 -54.50 -54.50 -54.50 -54.47 -54.47 -54.47 -54.47 -54.44
-54.88 -54.88 -54.88 -54.88 -54.88 -54.84 -54.81 -54.81 -54.78 -54.75 -54.72 -54.69 -54.66 -54.62 -54.59 -54.56 -54.53 -54.53 -54.50 -54.50 -54.50 -54.50 -54.53 -54.53 -54.53 -54.53 -54.53 -54.53 -54.53 -54.50 -54.50 -54.50 -54.50 -54.50 -54.50 -54.50 -54.50 -54.50 -54.50 -54.50 -54.50 -54.50 -54.53 -54.53 -54.53 -54.56 -54.56 -54.56 -54.56 -54.56 -54.56 -54.56 -54.56 -54.53 -54.53 -54.50 -54.47 -54.47 -54.47 -54.47 -54.44 -54.44 -54.44 -54.44 -54.44 -54.44 -54.44 -54.44 -54.44 -54.41 -54.41
-54.88 -54.88 -54.88 -54.88 -54.88 -54.84 -54.84 -54.81 -54.78 -54.75 -54.72 -54.69 -54.66 -54.59 -54.56 -54.53 -54.50 -54.47 -54.47 -54.44 -54.47 -54.47 -54.47 -54.50 -54.50 -54.50 -54.50 -54.50 -54.47 -54.47 -54.44 -54.44 -54.44 -54.44 -54.47 -54.47 -54.47 -54.47 -54.47 -54.47 -54.47 -54.47 -54.47 -54.47 -54.50 -54.50 -54.50 -54.53 -54.53 -54.53 -54.53 -54.50 -54.50 -54.50 -54.47 -54.47 -54.44 -54.41 -54.41 -54.38 -54.38 -54.38 -54.38 -54.38 -54.38 -54.38 -54.38 -54.38 -54.38 -54.34 -54.34
-54.91 -54.91 -54.91 -54.91 -54.91 -54.88 -54.84 -54.81 -54.78 -54.75 -54.72 -54.69 -54.66 -54.62 -54.59 -54.53 -54.50 -54.47 -54.44 -54.41 -54.41 -54.44 -54.44 -54.47 -54.47 -54.47 -54.47 -54.44 -54.44 -54.41 -54.41 -54.41 -54.41 -54.41 -54.41 -54.44 -54.44 -54.44 -54.44 -54.44 -54.44 -54.44 -54.44 -54.44 -54.44 -54.47 -54.47 -54.47 -54.47 -54.47 -54.47 -54.47 -54.47 -54.44 -54.44 -54.41 -54.38 -54.38 -54.34 -54.31 -54.31 -54.31 -54.28 -54.28 -54.28 -54.28 -54.31 -54.31 -54.31 -54.28 -54.28
-54.94 -54.94 -54.94 -54.94 -54.94 -54.91 -54.88 -54.84 -54.81 -54.78 -54.75 -54.72 -54.69 -54.66 -54.59 -54.56 -54.53 -54.50 -54.44 -54.44 -54.41 -54.41 -54.41 -54.44 -54.44 -54.44 -54.41 -54.41 -54.38 -54.38 -54.34 -54.34 -54.38 -54.38 -54.38 -54.41 -54.41 -54.41 -54.41 -54.41 -54.41 -54.41 -54.41 -54.41 -54.41 -54.41 -54.44 -54.44 -54.44 -54.44 -54.44 -54.44 -54.41 -54.41 -54.38 -54.38 -54.34 -54.31 -54.28 -54.25 -54.25 -54.22 -54.22 -54.22 -54.22 -54.22 -54.22 -54.22 -54.22 -54.22 -54.22
-54.97 -54.97 -54.97 -54.97 -54.97 -54.94 -54.91 -54.88 -54.84 -54.81 -54.78 -54.75 -54.72 -54.69 -54.66 -54.59 -54.56 -54.53 -54.50 -54.47 -54.44 -54.44 -54.41 -54.41 -54.41 -54.41 -54.38 -54.38 -54.34 -54.31 -54.31 -54.31 -54.31 -54.34 -54.34 -54.34 -54.38 -54.38 -54.38 -54.38 -54.38 -54.38 -54.38 -54.38 -54.38 -54.38 -54.38 -54.38 -54.38 -54.41 -54.41 -54.38 -54.38 -54.38 -54.34 -54.34 -54.31 -54.28 -54.25 -54.22 -54.19 -54.19 -54.19 -54.16 -54.16 -54.16 -54.16 -54.16 -54.16 -54.16 -54.16
-55.00 -55.00 -55.03 -55.00 -55.00 -55.00 -54.97 -54.94 -54.88 -54.84 -54.81 -54.78 -54.75 -54.72 -54.69 -54.66 -54.59 -54.56 -54.53 -54.50 -54.47 -54.47 -54.44 -54.44 -54.41 -54.38 -54.38 -54.34 -54.31 -54.28 -54.28 -54.28 -54.28 -54.31 -54.31 -54.31 -54.34 -54.34 -54.34 -54.34 -54.34 -54.34 -54.34 -54.34 -54.34 -54.34 -54.34 -54.34 -54.34 -54.34 -54.34 -54.34 -54.34 -54.34 -54.31 -54.31 -54.28 -54.25 -54.22 -54.19 -54.16 -54.16 -54.12 -54.12 -54.12 -54.12 -54.12 -54.12 -54.12 -54.09 -54.09
-55.03 -55.06 -55.06 -55.06 -55.03 -55.03 -55.00 -54.97 -54.94 -54.91 -54.88 -54.84 -54.81 -54.78 -54.72 -54.69 -54.66 -54.62 -54.59 -54.56 -54.53 -54.50 -54.50 -54.47 -54.44 -54.41 -54.38 -54.34 -54.31 -54.28 -54.25 -54.25 -54.25 -54.28 -54.28 -54.31 -54.31 -54.31 -54.31 -54.34 -54.34 -54.31 -54.31 -54.31 -54.31 -54.31 -54.31 -54.31 -54.31 -54.31 -54.31 -54.34 -54.31 -54.31 -54.28 -54.28 -54.25 -54.25 -54.22 -54.19 -54.16 -54.12 -54.12 -54.09 -54.09 -54.09 -54.09 -54.09 -54.06 -54.06 -54.03
-55.09 -55.09 -55.09 -55.09 -55.06 -55.06 -55.03 -55.00 -54.97 -54.94 -54.91 -54.88 -54.84 -54.81 -54.78 -54.75 -54.72 -54.69 -54.66 -54.62 -54.59 -54.56 -54.53 -54.50 -54.47 -54.44 -54.41 -54.34 -54.31 -54.28 -54.25 -54.22 -54.25 -54.25 -54.25 -54.28 -54.28 -54.28 -54.31 -54.31 -54.31 -54.31 -54.31 -54.31 -54.28 -54.28 -54.28 -54.28 -54.28 -54.28 -54.31 -54.31 -54.31 -54.28 -54.28 -54.25 -54.25 -54.22 -54.19 -54.16 -54.16 -54.12 -54.12 -54.09 -54.09 -54.06 -54.06 -54.06 -54.03 -54.03 -54.00
-55.12 -55.12 -55.12 -55.12 -55.12 -55.09 -55.06 -55.03 -55.03 -55.00 -54.97 -54.94 -54.91 -54.88 -54.81 -54.78 -54.75 -54.75 -54.72 -54.69 -54.66 -54.62 -54.59 -54.56 -54.50 -54.47 -54.44 -54.38 -54.31 -54.28 -54.25 -54.22 -54.22 -54.22 -54.22 -54.22 -54.25 -54.25 -54.25 -54.28 -54.28 -54.28 -54.28 -54.28 -54.28 -54.25 -54.25 -54.25 -54.25 -54.28 -54.28 -54.28 -54.28 -54.25 -54.25 -54.22 -54.22 -54.19 -54.19 -54.16 -54.12 -54.12 -54.09 -54.09 -54.06 -54.06 -54.03 -54.03 -54.00 -53.97 -53.94
-55.16 -55.19 -55.16 -55.16 -55.16 -55.12 -55.12 -55.09 -55.06 -55.03 -55.00 -54.97 -54.94 -54.91 -54.88 -54.84 -54.81 -54.81 -54.78 -54.75 -54.72 -54.69 -54.62 -54.59 -54.56 -54.50 -54.47 -54.41 -54.34 -54.31 -54.28 -54.22 -54.22 -54.19 -54.19 -54.19 -54.22 -54.22 -54.22 -54.22 -54.22 -54.22 -54.22 -54.22 -54.22 -54.22 -54.22 -54.22 -54.22 -54.22 -54.22 -54.22 -54.22 -54.22 -54.22 -54.19 -54.19 -54.16 -54.16 -54.16 -54.12 -54.12 -54.09 -54.09 -54.06 -54.03 -54.00 -53.97 -53.97 -53.94 -53.91
-55.22 -55.22 -55.22 -55.19 -55.19 -55.19 -55.16 -55.12 -55.09 -55.06 -55.03 -55.00 -54.97 -54.97 -54.94 -54.91 -54.88 -54.88 -54.84 -54.81 -54.78 -54.72 -54.69 -54.66 -54.59 -54.56 -54.50 -54.44 -54.38 -54.34 -54.28 -54.25 -54.22 -54.19 -54.19 -54.19 -54.19 -54.19 -54.19 -54.19 -54.19 -54.19 -54.19 -54.19 -54.19 -54.19 -54.19 -54.19 -54.19 -54.19 -54.19 -54.19 -54.19 -54.19 -54.16 -54.16 -54.16 -54.16 -54.12 -54.12 -54.12 -54.09 -54.09 -54.06 -54.03 -54.00 -53.97 -53.94 -53.91 -53.88 -53.84
-55.25 -55.25 -55.25 -55.25 -55.22 -55.22 -55.19 -55.16 -55.12 -55.09 -55.06 -55.06 -55.03 -55.00 -54.97 -54.97 -54.94 -54.94 -54.91 -54.88 -54.81 -54.78 -54.72 -54.69 -54.62 -54.59 -54.53 -54.47 -54.41 -54.38 -54.31 -54.28 -54.25 -54.19 -54.19 -54.16 -54.16 -54.16 -54.16 -54.16 -54.16 -54.16 -54.16 -54.16 -54.16 -54.16 -54.16 -54.16 -54.16 -54.16 -54.16 -54.16 -54.16 -54.12 -54.12 -54.12 -54.12 -54.12 -54.12 -54.09 -54.09 -54.09 -54.06 -54.06 -54.03 -53.97 -53.94 -53.91 -53.84 -53.81 -53.78
-55.28 -55.28 -55.28 -55.28 -55.25 -55.25 -55.22 -55.19 -55.16 -55.12 -55.12 -55.09 -55.06 -55.06 -55.03 -55.03 -55.00 -55.00 -54.97 -54.91 -54.88 -54.81 -54.78 -54.72 -54.66 -54.59 -54.56 -54.50 -54.44 -54.38 -54.34 -54.31 -54.25 -54.22 -54.19 -54.16 -54.16 -54.12 -54.12 -54.12 -54.12 -54.12 -54.12 -54.12 -54.12 -54.12 -54.09 -54.09 -54.09 -54.09 -54.09 -54.09 -54.09 -54.09 -54.09 -54.09 -54.09 -54.09 -54.09 -54.09 -54.09 -54.06 -54.06 -54.03 -54.00 -53.94 -53.91 -53.84 -53.81 -53.78 -53.75
-55.31 -55.31 -55.31 -55.28 -55.28 -55.28 -55.25 -55.22 -55.19 -55.19 -55.16 -55.12 -55.12 -55.09 -55.09 -55.06 -55.06 -55.03 -55.00 -54.97 -54.91 -54.84 -54.78 -54.75 -54.69 -54.62 -54.56 -54.50 -54.47 -54.41 -54.38 -54.31 -54.28 -54.25 -54.22 -54.19 -54.16 -54.16 -54.12 -54.12 -54.12 -54.09 -54.09 -54.09 -54.09 -54.09 -54.06 -54.06 -54.06 -54.06 -54.06 -54.06 -54.06 -54.06 -54.06 -54.06 -54.06 -54.06 -54.06 -54.06 -54.06 -54.06 -54.03 -54.00 -53.97 -53.91 -53.88 -53.81 -53.78 -53.72 -53.69
-55.38 -55.34 -55.34 -55.31 -55.31 -55.28 -55.28 -55.25 -55.22 -55.22 -55.19 -55.19 -55.16 -55.16 -55.12 -55.12 -55.09 -55.06 -55.03 -54.97 -54.94 -54.88 -54.81 -54.75 -54.69 -54.62 -54.56 -54.53 -54.47 -54.44 -54.38 -54.34 -54.31 -54.25 -54.22 -54.22 -54.19 -54.16 -54.16 -54.16 -54.12 -54.12 -54.12 -54.09 -54.09 -54.06 -54.06 -54.03 -54.03 -54.03 -54.03 -54.03 -54.03 -54.03 -54.03 -54.03 -54.03 -54.03 -54.03 -54.03 -54.03 -54.03 -54.00 -53.97 -53.94 -53.88 -53.84 -53.78 -53.72 -53.69 -53.66
-55.41 -55.41 -55.38 -55.34 -55.34 -55.31 -55.31 -55.28 -55.28 -55.25 -55.22 -55.22 -55.19 -55.19 -55.16 -55.16 -55.12 -55.09 -55.06 -55.00 -54.94 -54.91 -54.81 -54.75 -54.69 -54.66 -54.59 -54.53 -54.50 -54.44 -54.41 -54.34 -54.31 -54.28 -54.25 -54.22 -54.22 -54.19 -54.19 -54.16 -54.16 -54.16 -54.12 -54.12 -54.09 -54.06 -54.06 -54.03 -54.00 -54.00 -53.97 -53.97 -53.97 -54.00 -54.00 -54.00 -54.00 -54.00 -54.00 -54.00 -54.00 -54.00 -53.97 -53.94 -53.91 -53.84 -53.81 -53.75 -53.69 -53.66 -53.62
