everonasctiles/Tile4,24.asc
ncols 128
nrows 128
xllcorner 0
yllcorner 0
cellsize 2.0
NODATA_value  -9999
[rows 35 to 69 of 128, columns 0 to 77 of 128]
5.91 6.25 6.62 7.00 7.44 7.88 8.28 8.69 9.06 9.41 9.69 9.94 10.22 10.47 10.78 11.06 11.38 11.75 12.12 12.53 12.97 13.44 13.94 14.38 14.78 15.16 15.56 15.94 16.38 16.81 17.34 17.97 18.66 19.44 20.22 21.06 21.88 22.69 23.59 24.50 25.38 26.16 26.78 27.31 27.78 28.16 28.50 28.81 29.09 29.41 29.69 29.97 30.28 30.62 31.00 31.41 31.84 32.28 32.62 32.91 33.09 33.19 33.22 33.19 33.22 33.25 33.50 33.50 33.50 33.50 33.62 33.69 33.75 33.81 33.94 34.12 34.31 34.59
5.97 6.34 6.72 7.09 7.50 7.91 8.34 8.75 9.12 9.44 9.72 9.97 10.25 10.53 10.81 11.09 11.38 11.69 12.06 12.47 12.97 13.50 14.00 14.47 14.91 15.31 15.66 16.06 16.44 16.88 17.38 17.91 18.56 19.25 20.03 20.84 21.69 22.59 23.56 24.47 25.31 26.03 26.62 27.16 27.59 27.97 28.31 28.59 28.88 29.16 29.44 29.72 30.03 30.38 30.72 31.16 31.56 32.00 32.34 32.66 32.91 33.16 33.28 33.28 33.31 33.34 33.50 33.56 33.56 33.53 33.53 33.62 33.78 33.84 33.94 34.12 34.28 34.53
5.97 6.38 6.75 7.12 7.50 7.91 8.34 8.75 9.12 9.44 9.72 10.00 10.25 10.53 10.81 11.09 11.34 11.66 12.06 12.50 13.03 13.59 14.12 14.59 15.03 15.47 15.84 16.19 16.53 16.94 17.44 17.94 18.56 19.25 20.00 20.81 21.72 22.66 23.59 24.44 25.19 25.84 26.44 26.91 27.34 27.72 28.06 28.38 28.66 28.94 29.19 29.47 29.78 30.09 30.47 30.84 31.31 31.69 32.06 32.44 32.78 33.12 33.31 33.38 33.41 33.44 33.53 33.59 33.56 33.53 33.53 33.50 33.59 33.84 33.94 34.12 34.28 34.53
5.97 6.31 6.69 7.06 7.47 7.88 8.28 8.72 9.09 9.41 9.69 9.97 10.28 10.56 10.84 11.12 11.38 11.72 12.12 12.62 13.16 13.72 14.25 14.78 15.22 15.62 16.00 16.34 16.69 17.06 17.53 18.09 18.69 19.34 20.06 20.91 21.84 22.75 23.62 24.38 25.03 25.62 26.16 26.62 27.06 27.44 27.78 28.12 28.44 28.69 28.97 29.22 29.50 29.84 30.25 30.62 31.09 31.53 31.91 32.28 32.66 33.00 33.31 33.47 33.50 33.56 33.66 33.62 33.59 33.59 33.56 33.53 33.50 33.78 33.94 34.09 34.28 34.50
5.91 6.25 6.59 6.97 7.34 7.75 8.16 8.59 9.00 9.34 9.66 9.94 10.25 10.56 10.84 11.16 11.44 11.84 12.31 12.81 13.34 13.88 14.38 14.88 15.38 15.78 16.16 16.50 16.84 17.22 17.69 18.22 18.81 19.47 20.25 21.12 22.00 22.81 23.56 24.22 24.84 25.41 25.91 26.38 26.81 27.19 27.53 27.88 28.19 28.50 28.75 29.03 29.28 29.59 30.00 30.41 30.84 31.34 31.75 32.16 32.53 32.91 33.22 33.47 33.59 33.66 33.69 33.66 33.62 33.62 33.59 33.56 33.53 33.62 33.84 34.06 34.28 34.53
5.81 6.12 6.47 6.81 7.19 7.59 8.00 8.44 8.84 9.25 9.56 9.88 10.19 10.53 10.88 11.19 11.53 11.97 12.47 13.00 13.50 14.00 14.50 15.00 15.50 15.94 16.31 16.66 17.00 17.41 17.88 18.38 18.97 19.66 20.47 21.31 22.09 22.81 23.47 24.09 24.66 25.16 25.66 26.09 26.53 26.91 27.28 27.62 27.97 28.28 28.56 28.84 29.09 29.38 29.69 30.16 30.66 31.16 31.62 32.03 32.41 32.78 33.12 33.41 33.66 33.75 33.72 33.69 33.66 33.66 33.62 33.59 33.56 33.59 33.62 33.94 34.25 34.50
5.66 5.97 6.28 6.62 7.00 7.41 7.81 8.22 8.66 9.06 9.44 9.78 10.12 10.50 10.88 11.22 11.66 12.06 12.56 13.09 13.59 14.12 14.62 15.09 15.59 16.03 16.44 16.78 17.16 17.56 18.03 18.56 19.19 19.91 20.72 21.47 22.12 22.78 23.38 23.94 24.47 24.94 25.41 25.84 26.28 26.66 27.06 27.41 27.75 28.09 28.41 28.69 28.97 29.22 29.50 29.88 30.41 30.97 31.50 31.91 32.31 32.69 33.03 33.38 33.78 33.78 33.75 33.72 33.69 33.69 33.66 33.62 33.59 33.66 33.75 33.94 34.22 34.50
5.50 5.78 6.06 6.41 6.78 7.16 7.56 7.97 8.41 8.84 9.22 9.62 10.00 10.41 10.81 11.25 11.72 12.16 12.66 13.16 13.69 14.22 14.69 15.19 15.69 16.16 16.56 16.94 17.31 17.72 18.22 18.78 19.41 20.12 20.88 21.53 22.16 22.72 23.28 23.81 24.31 24.75 25.22 25.62 26.03 26.44 26.84 27.22 27.56 27.94 28.25 28.56 28.84 29.12 29.38 29.69 30.19 30.78 31.38 31.84 32.25 32.62 33.00 33.75 33.84 33.81 33.78 33.75 33.72 33.72 33.69 33.66 33.66 33.75 33.88 34.03 34.22 34.53
5.25 5.53 5.84 6.16 6.53 6.91 7.31 7.72 8.16 8.59 9.03 9.44 9.88 10.31 10.75 11.22 11.72 12.19 12.69 13.22 13.75 14.28 14.78 15.28 15.75 16.25 16.62 17.03 17.47 17.91 18.41 18.97 19.59 20.34 21.00 21.59 22.16 22.69 23.22 23.69 24.16 24.59 25.00 25.41 25.81 26.25 26.66 27.03 27.44 27.78 28.16 28.47 28.78 29.06 29.34 29.59 30.03 30.59 31.22 31.78 32.22 32.59 33.44 33.88 33.88 33.84 33.81 33.78 33.75 33.75 33.72 33.72 33.75 33.88 34.00 34.12 34.28 34.53
5.00 5.25 5.56 5.91 6.25 6.62 7.03 7.47 7.91 8.34 8.81 9.25 9.72 10.19 10.66 11.12 11.66 12.16 12.69 13.22 13.75 14.31 14.84 15.34 15.84 16.31 16.72 17.16 17.59 18.06 18.56 19.16 19.78 20.53 21.09 21.66 22.16 22.69 23.16 23.59 24.03 24.44 24.84 25.25 25.66 26.06 26.47 26.91 27.31 27.69 28.06 28.44 28.75 29.06 29.34 29.59 29.97 30.50 31.16 31.69 32.22 32.75 33.94 33.91 33.91 33.88 33.84 33.81 33.81 33.78 33.88 33.88 33.84 33.97 34.09 34.22 34.38 34.59
4.69 4.97 5.28 5.59 5.94 6.31 6.72 7.16 7.62 8.09 8.59 9.06 9.56 10.06 10.53 11.06 11.59 12.12 12.66 13.19 13.75 14.28 14.84 15.38 15.84 16.34 16.78 17.25 17.72 18.19 18.72 19.28 19.94 20.66 21.19 21.69 22.19 22.66 23.09 23.53 23.94 24.31 24.69 25.09 25.53 25.94 26.38 26.81 27.22 27.66 28.03 28.41 28.78 29.09 29.41 29.69 30.00 30.53 31.12 31.69 32.22 33.69 33.97 33.94 33.94 33.91 33.88 33.84 33.84 33.84 34.06 34.06 34.03 34.06 34.41 34.31 34.47 34.66
4.44 4.72 5.00 5.31 5.66 6.03 6.44 6.88 7.38 7.88 8.38 8.88 9.38 9.91 10.44 10.97 11.53 12.06 12.59 13.16 13.69 14.25 14.78 15.34 15.84 16.34 16.81 17.31 17.78 18.31 18.84 19.41 20.06 20.75 21.25 21.75 22.22 22.66 23.09 23.50 23.88 24.25 24.62 25.03 25.44 25.88 26.31 26.75 27.19 27.62 28.03 28.44 28.81 29.19 29.53 29.81 30.12 30.66 31.19 31.75 32.75 34.00 34.00 33.97 33.97 33.94 33.91 33.88 33.88 34.03 34.09 34.16 34.22 34.28 34.50 34.44 34.56 34.72
4.16 4.44 4.75 5.09 5.44 5.75 6.16 6.59 7.09 7.62 8.16 8.69 9.22 9.78 10.31 10.84 11.41 11.97 12.50 13.06 13.62 14.19 14.75 15.31 15.84 16.34 16.84 17.34 17.88 18.41 18.94 19.53 20.19 20.84 21.34 21.81 22.25 22.69 23.09 23.47 23.84 24.22 24.59 25.00 25.41 25.84 26.28 26.78 27.22 27.66 28.09 28.50 28.91 29.31 29.66 29.97 30.31 30.81 31.31 31.88 33.91 34.03 34.03 34.00 33.97 33.97 33.94 33.94 34.00 34.06 34.12 34.19 34.25 34.31 34.41 34.50 34.62 34.81
3.94 4.16 4.53 4.91 5.25 5.62 5.97 6.38 6.91 7.44 7.97 8.53 9.09 9.62 10.19 10.75 11.31 11.88 12.44 13.00 13.56 14.12 14.69 15.25 15.81 16.34 16.88 17.41 17.94 18.47 19.03 19.62 20.31 20.94 21.41 21.88 22.31 22.72 23.12 23.53 23.88 24.22 24.59 25.00 25.44 25.84 26.34 26.81 27.28 27.75 28.19 28.62 29.06 29.47 29.84 30.19 30.53 31.00 31.53 32.50 34.06 34.06 34.03 34.03 34.00 34.00 33.97 33.97 34.03 34.09 34.12 34.19 34.28 34.38 34.47 34.56 34.72 34.91
3.72 3.94 4.31 4.69 5.09 5.47 5.84 6.28 6.78 7.28 7.81 8.38 8.94 9.50 10.06 10.66 11.22 11.81 12.38 12.94 13.50 14.06 14.66 15.22 15.78 16.34 16.88 17.44 18.00 18.56 19.12 19.72 20.41 21.03 21.50 21.97 22.41 22.81 23.22 23.59 23.94 24.31 24.69 25.06 25.47 25.91 26.38 26.84 27.34 27.81 28.28 28.75 29.19 29.66 30.06 30.41 30.78 31.28 31.81 33.62 34.09 34.09 34.06 34.06 34.06 34.03 34.00 34.03 34.06 34.09 34.16 34.22 34.31 34.41 34.53 34.66 34.84 35.03
3.44 3.72 4.09 4.50 4.94 5.34 5.75 6.22 6.72 7.22 7.75 8.28 8.84 9.41 9.97 10.56 11.12 11.72 12.28 12.88 13.44 14.03 14.59 15.16 15.75 16.31 16.91 17.47 18.06 18.62 19.22 19.84 20.50 21.12 21.59 22.06 22.50 22.91 23.31 23.69 24.06 24.41 24.78 25.16 25.53 25.97 26.44 26.91 27.38 27.88 28.38 28.88 29.34 29.84 30.28 30.62 31.00 31.50 32.03 34.09 34.12 34.09 34.09 34.09 34.06 34.06 34.03 34.06 34.09 34.12 34.19 34.25 34.34 34.47 34.59 34.75 34.97 35.19
3.12 3.47 3.88 4.31 4.75 5.22 5.66 6.16 6.66 7.16 7.69 8.22 8.75 9.31 9.91 10.47 11.03 11.62 12.22 12.78 13.38 13.97 14.53 15.12 15.72 16.31 16.91 17.50 18.09 18.69 19.31 19.94 20.59 21.22 21.72 22.19 22.62 23.03 23.44 23.81 24.19 24.53 24.88 25.25 25.62 26.06 26.50 27.00 27.50 27.97 28.50 29.00 29.50 30.03 30.50 30.88 31.28 31.78 32.38 34.12 34.12 34.12 34.12 34.12 34.12 34.09 34.06 34.06 34.09 34.12 34.22 34.28 34.41 34.53 34.69 34.88 35.09 35.31
2.97 3.28 3.66 4.12 4.59 5.06 5.56 6.06 6.56 7.09 7.59 8.12 8.69 9.25 9.81 10.38 10.97 11.53 12.12 12.72 13.31 13.91 14.50 15.09 15.69 16.31 16.91 17.53 18.12 18.75 19.38 20.00 20.69 21.28 21.81 22.31 22.75 23.19 23.56 23.97 24.31 24.66 25.00 25.38 25.75 26.19 26.66 27.12 27.62 28.12 28.62 29.16 29.69 30.22 30.69 31.12 31.56 32.09 32.84 34.16 34.16 34.16 34.12 34.12 34.12 34.12 34.06 34.09 34.12 34.16 34.22 34.31 34.44 34.59 34.78 35.00 35.22 35.50
2.91 3.19 3.53 4.00 4.47 4.97 5.47 6.00 6.50 7.00 7.53 8.06 8.59 9.16 9.72 10.28 10.88 11.47 12.03 12.66 13.25 13.84 14.44 15.06 15.66 16.28 16.91 17.53 18.16 18.78 19.44 20.06 20.75 21.38 21.91 22.44 22.91 23.34 23.72 24.12 24.47 24.81 25.16 25.53 25.94 26.34 26.78 27.28 27.78 28.28 28.81 29.34 29.88 30.41 30.91 31.38 31.88 32.41 33.22 34.16 34.16 34.16 34.16 34.16 34.16 34.12 34.09 34.09 34.12 34.19 34.25 34.38 34.53 34.69 34.91 35.12 35.38 35.66
2.84 3.09 3.44 3.88 4.34 4.84 5.38 5.88 6.38 6.91 7.41 7.97 8.50 9.06 9.62 10.19 10.78 11.38 11.97 12.56 13.19 13.78 14.38 15.00 15.62 16.25 16.91 17.53 18.19 18.81 19.47 20.12 20.81 21.44 22.00 22.53 23.03 23.50 23.91 24.28 24.66 25.00 25.34 25.72 26.12 26.53 26.97 27.44 27.94 28.47 29.00 29.53 30.09 30.62 31.12 31.62 32.16 32.69 33.47 34.16 34.16 34.16 34.16 34.16 34.16 34.16 34.12 34.12 34.16 34.22 34.31 34.44 34.59 34.81 35.03 35.28 35.53 35.81
2.75 3.00 3.31 3.75 4.22 4.72 5.22 5.72 6.25 6.78 7.28 7.84 8.38 8.94 9.50 10.09 10.69 11.28 11.88 12.50 13.09 13.72 14.34 14.97 15.59 16.22 16.88 17.53 18.19 18.84 19.50 20.16 20.84 21.47 22.09 22.66 23.16 23.62 24.09 24.47 24.84 25.19 25.56 25.91 26.31 26.72 27.16 27.62 28.12 28.62 29.19 29.72 30.28 30.81 31.34 31.88 32.41 32.91 33.59 34.19 34.19 34.19 34.19 34.19 34.19 34.19 34.12 34.12 34.19 34.25 34.38 34.50 34.69 34.91 35.12 35.41 35.69 36.16
2.62 2.88 3.19 3.59 4.06 4.53 5.03 5.56 6.09 6.59 7.16 7.69 8.25 8.81 9.38 9.97 10.56 11.16 11.78 12.41 13.03 13.62 14.25 14.88 15.53 16.19 16.84 17.50 18.16 18.84 19.50 20.19 20.88 21.53 22.16 22.75 23.28 23.78 24.25 24.66 25.03 25.41 25.78 26.12 26.53 26.94 27.34 27.81 28.28 28.81 29.34 29.91 30.44 31.00 31.53 32.09 32.62 33.09 33.69 34.19 34.19 34.19 34.19 34.19 34.19 34.19 34.12 34.16 34.19 34.28 34.41 34.56 34.75 35.00 35.25 35.69 36.03 36.25
2.56 2.72 3.03 3.44 3.88 4.34 4.84 5.38 5.91 6.44 6.97 7.53 8.09 8.66 9.22 9.81 10.44 11.03 11.69 12.28 12.91 13.53 14.16 14.81 15.47 16.12 16.78 17.47 18.12 18.81 19.50 20.19 20.88 21.53 22.19 22.81 23.38 23.91 24.38 24.81 25.22 25.59 25.97 26.34 26.72 27.12 27.53 27.97 28.44 28.94 29.47 30.03 30.59 31.16 31.69 32.22 32.75 33.25 33.75 34.19 34.19 34.19 34.22 34.22 34.22 34.19 34.12 34.12 34.19 34.28 34.44 34.59 34.78 35.06 35.47 35.72 35.91 36.16
2.53 2.69 2.88 3.25 3.66 4.12 4.62 5.16 5.69 6.22 6.78 7.34 7.91 8.50 9.06 9.66 10.28 10.91 11.53 12.16 12.78 13.44 14.06 14.72 15.38 16.03 16.72 17.41 18.09 18.78 19.44 20.16 20.84 21.53 22.22 22.88 23.47 24.00 24.50 24.97 25.38 25.78 26.16 26.56 26.94 27.31 27.72 28.12 28.56 29.06 29.59 30.12 30.72 31.28 31.81 32.34 32.88 33.34 33.75 34.22 34.22 34.22 34.22 34.22 34.22 34.22 34.12 34.12 34.16 34.28 34.44 34.59 34.84 35.16 35.34 35.56 35.78 36.03
2.53 2.66 2.81 3.06 3.47 3.94 4.41 4.94 5.47 6.03 6.59 7.16 7.72 8.31 8.91 9.50 10.09 10.72 11.38 12.00 12.66 13.28 13.94 14.59 15.28 15.97 16.62 17.31 18.00 18.72 19.41 20.09 20.78 21.50 22.19 22.84 23.47 24.06 24.59 25.06 25.53 25.94 26.34 26.75 27.12 27.50 27.88 28.25 28.69 29.16 29.66 30.22 30.78 31.31 31.84 32.41 32.94 33.41 33.78 34.19 34.22 34.22 34.22 34.22 34.22 34.22 34.12 34.12 34.19 34.31 34.44 34.66 34.84 35.00 35.22 35.41 35.62 35.91
2.53 2.62 2.75 2.97 3.28 3.72 4.19 4.72 5.25 5.81 6.38 6.94 7.53 8.09 8.69 9.31 9.91 10.53 11.19 11.84 12.47 13.12 13.81 14.47 15.16 15.84 16.53 17.25 17.94 18.62 19.34 20.03 20.72 21.44 22.12 22.81 23.47 24.09 24.62 25.16 25.62 26.06 26.50 26.88 27.25 27.62 28.00 28.38 28.75 29.19 29.66 30.19 30.69 31.25 31.81 32.38 32.94 33.44 33.88 34.16 34.22 34.22 34.22 34.22 34.22 34.22 34.16 34.16 34.22 34.31 34.50 34.62 34.72 34.88 35.06 35.28 35.47 35.56
2.56 2.59 2.69 2.88 3.12 3.53 4.00 4.50 5.03 5.56 6.16 6.72 7.31 7.91 8.50 9.09 9.72 10.34 11.00 11.66 12.31 12.97 13.66 14.34 15.03 15.72 16.44 17.12 17.84 18.53 19.25 19.94 20.66 21.34 22.03 22.75 23.41 24.03 24.62 25.16 25.69 26.16 26.59 27.03 27.41 27.78 28.09 28.44 28.75 29.16 29.62 30.03 30.47 31.00 31.59 32.25 32.97 33.47 33.81 34.12 34.22 34.22 34.22 34.22 34.19 34.19 34.19 34.16 34.22 34.38 34.47 34.53 34.62 34.75 34.91 35.09 35.16 35.25
2.59 2.59 2.62 2.75 2.94 3.34 3.78 4.28 4.81 5.34 5.94 6.50 7.09 7.69 8.28 8.91 9.53 10.16 10.81 11.47 12.12 12.81 13.50 14.19 14.91 15.59 16.31 17.00 17.72 18.44 19.12 19.84 20.53 21.25 21.94 22.62 23.31 23.94 24.56 25.12 25.66 26.16 26.62 27.06 27.47 27.81 28.16 28.44 28.75 29.16 29.56 29.88 30.28 30.81 31.47 32.12 32.84 33.34 33.75 34.03 34.19 34.19 34.19 34.19 34.19 34.19 34.19 34.16 34.28 34.31 34.41 34.47 34.56 34.62 34.81 34.88 34.91 34.97
2.66 2.59 2.56 2.62 2.78 3.16 3.59 4.06 4.59 5.12 5.72 6.28 6.88 7.47 8.06 8.69 9.31 9.94 10.59 11.28 11.94 12.62 13.34 14.03 14.75 15.47 16.16 16.88 17.59 18.31 19.00 19.72 20.41 21.12 21.81 22.50 23.19 23.81 24.44 25.03 25.59 26.09 26.59 27.03 27.44 27.81 28.16 28.44 28.75 29.19 29.53 29.81 30.19 30.69 31.34 32.03 32.78 33.28 33.72 34.00 34.19 34.19 34.19 34.19 34.19 34.19 34.19 34.19 34.25 34.28 34.31 34.41 34.47 34.53 34.66 34.72 34.72 34.75
2.69 2.59 2.50 2.47 2.62 2.97 3.41 3.88 4.41 4.94 5.50 6.06 6.66 7.22 7.84 8.44 9.09 9.72 10.41 11.06 11.75 12.44 13.16 13.88 14.59 15.31 16.03 16.75 17.47 18.16 18.88 19.59 20.28 20.97 21.66 22.34 23.03 23.69 24.31 24.91 25.47 26.00 26.50 26.97 27.41 27.78 28.12 28.41 28.78 29.19 29.53 29.81 30.12 30.59 31.19 31.91 32.72 33.25 33.69 33.97 34.16 34.19 34.19 34.19 34.19 34.16 34.16 34.16 34.19 34.22 34.28 34.31 34.34 34.41 34.50 34.56 34.62 34.66
2.66 2.53 2.44 2.38 2.44 2.81 3.22 3.69 4.22 4.75 5.28 5.84 6.41 7.00 7.59 8.22 8.84 9.50 10.19 10.84 11.56 12.25 12.97 13.69 14.41 15.12 15.88 16.59 17.31 18.03 18.72 19.44 20.12 20.81 21.50 22.19 22.88 23.53 24.16 24.75 25.31 25.88 26.38 26.84 27.31 27.72 28.06 28.34 28.72 29.16 29.53 29.78 30.12 30.53 31.09 31.78 32.62 33.25 33.66 33.94 34.09 34.19 34.16 34.16 34.16 34.16 34.16 34.12 34.16 34.19 34.22 34.22 34.25 34.25 34.34 34.44 34.50 34.56
2.59 2.47 2.34 2.28 2.34 2.69 3.09 3.53 4.03 4.56 5.09 5.62 6.19 6.78 7.38 7.97 8.62 9.28 9.97 10.66 11.34 12.06 12.78 13.50 14.22 14.97 15.69 16.41 17.12 17.88 18.56 19.28 19.97 20.66 21.34 22.03 22.69 23.34 24.00 24.59 25.19 25.72 26.25 26.75 27.19 27.62 27.97 28.22 28.59 29.03 29.47 29.78 30.12 30.50 31.03 31.69 32.44 33.22 33.56 33.81 34.00 34.16 34.16 34.16 34.12 34.12 34.12 34.12 34.12 34.16 34.19 34.19 34.19 34.19 34.19 34.31 34.41 34.53
2.59 2.47 2.31 2.22 2.28 2.56 2.97 3.41 3.88 4.38 4.88 5.41 5.97 6.53 7.12 7.75 8.38 9.06 9.75 10.47 11.16 11.88 12.59 13.31 14.03 14.78 15.50 16.22 16.97 17.69 18.41 19.09 19.81 20.50 21.16 21.84 22.50 23.16 23.81 24.44 25.00 25.56 26.09 26.62 27.06 27.47 27.78 28.06 28.38 28.81 29.31 29.72 30.09 30.47 30.94 31.53 32.22 32.78 33.16 33.50 33.88 34.09 34.12 34.12 34.12 34.12 34.09 34.09 34.09 34.12 34.19 34.19 34.19 34.19 34.19 34.25 34.34 34.47
2.53 2.47 2.28 2.25 2.28 2.47 2.84 3.28 3.72 4.19 4.69 5.19 5.72 6.28 6.88 7.50 8.16 8.84 9.56 10.25 10.97 11.69 12.41 13.12 13.84 14.56 15.31 16.03 16.78 17.50 18.22 18.94 19.62 20.31 20.97 21.66 22.31 22.94 23.59 24.22 24.81 25.41 25.97 26.47 26.91 27.28 27.56 27.81 28.12 28.53 29.09 29.56 29.97 30.38 30.81 31.34 31.91 32.38 32.75 33.22 33.62 34.00 34.12 34.09 34.09 34.09 34.09 34.06 34.06 34.09 34.12 34.16 34.19 34.22 34.19 34.19 34.28 34.38
2.47 2.44 2.38 2.28 2.31 2.44 2.75 3.12 3.56 4.00 4.47 4.97 5.50 6.06 6.66 7.28 7.94 8.66 9.34 10.06 10.78 11.47 12.19 12.94 13.66 14.38 15.09 15.84 16.56 17.28 18.03 18.72 19.44 20.12 20.78 21.44 22.09 22.75 23.38 24.00 24.59 25.19 25.78 26.28 26.72 27.03 27.31 27.56 27.88 28.28 28.84 29.38 29.81 30.22 30.62 31.09 31.56 32.03 32.47 32.97 33.47 33.88 34.09 34.09 34.06 34.06 34.06 34.03 34.03 34.03 34.12 34.12 34.16 34.28 34.44 34.19 34.22 34.28
