everonasctiles/Tile34,6.asc
ncols 128
nrows 128
xllcorner 0
yllcorner 0
cellsize 2.0
NODATA_value  -9999
[rows 64 to 95 of 128, columns 0 to 70 of 128]
292.94 293.69 294.44 295.19 295.84 296.47 297.06 297.72 298.19 298.53 299.19 299.72 300.09 300.34 300.72 301.19 302.25 302.97 303.75 304.34 304.84 305.34 305.81 306.25 306.84 307.62 308.44 309.19 309.41 309.22 309.28 309.41 309.44 309.25 309.22 309.19 309.09 308.88 308.53 308.00 307.34 306.72 306.06 305.41 304.69 303.94 303.09 302.19 301.34 300.62 299.41 297.59 295.31 294.81 294.03 293.22 292.66 291.97 291.12 289.91 288.38 286.25 284.59 283.44 283.34 282.56 281.34 277.72 274.09 271.69 270.69
292.78 293.41 294.03 294.72 295.28 295.75 296.16 296.72 297.28 297.59 298.50 298.91 299.06 299.56 299.88 300.69 301.88 302.75 303.34 303.91 304.44 305.03 305.50 306.06 306.66 307.44 308.31 309.09 309.53 309.50 309.53 309.66 309.75 309.59 309.41 309.41 309.31 309.12 308.78 308.25 307.56 306.81 306.16 305.50 304.84 304.16 303.47 302.62 301.75 300.91 299.91 298.12 296.97 295.81 294.62 293.88 293.19 292.34 291.22 290.59 289.97 287.56 285.53 283.94 282.88 282.44 281.09 279.00 277.22 274.44 272.31
292.44 292.94 293.72 294.25 294.50 294.78 295.25 296.06 296.31 297.12 297.78 298.62 299.09 299.41 300.00 300.75 301.56 302.19 302.84 303.44 303.94 304.28 304.84 305.62 306.44 307.25 308.06 308.97 309.72 309.78 309.78 309.81 309.84 309.84 309.72 309.66 309.56 309.38 309.00 308.53 307.81 306.62 305.91 305.31 304.78 304.38 303.69 302.84 302.19 301.16 300.47 299.56 298.38 296.94 295.78 294.62 293.78 292.94 292.03 291.56 290.91 288.66 286.12 284.56 283.06 281.78 280.72 280.00 279.09 276.88 274.00
291.88 292.25 292.97 293.75 294.31 294.84 295.41 295.97 296.69 297.38 298.03 298.50 298.78 299.28 299.75 300.41 301.06 301.62 302.19 302.88 303.28 303.69 304.25 305.00 305.78 306.78 307.91 309.12 309.72 309.88 309.88 309.91 309.94 310.00 309.97 309.84 309.72 309.50 309.16 308.78 307.84 306.62 305.97 305.38 304.78 304.28 303.62 302.91 302.25 301.59 300.81 299.94 298.81 297.72 296.59 295.34 294.50 293.69 292.97 292.38 291.66 289.34 286.03 284.50 283.16 281.56 280.38 279.97 279.06 277.44 275.03
290.78 291.66 292.84 293.44 293.91 294.66 295.06 295.78 296.47 297.06 297.62 298.09 298.38 298.91 299.44 299.97 300.53 300.94 301.50 302.03 302.56 303.25 303.81 304.47 305.28 306.50 307.88 308.94 309.56 309.84 309.94 310.00 310.03 310.06 310.03 309.94 309.78 309.53 309.19 308.88 308.09 306.81 306.16 305.53 304.75 304.16 303.62 303.19 302.72 301.91 301.12 300.12 299.06 298.09 297.22 296.16 295.31 294.53 293.69 293.03 292.44 291.38 287.34 284.44 283.06 281.72 280.59 279.69 278.31 276.78 275.31
290.78 291.72 292.50 293.03 293.69 294.34 294.97 295.59 296.19 296.81 297.41 297.91 298.28 298.81 299.28 299.75 300.16 300.62 301.22 301.72 302.34 303.03 303.56 304.16 305.06 306.19 307.34 308.28 309.22 309.78 309.88 310.00 310.00 309.97 309.94 309.88 309.72 309.47 309.16 308.78 308.31 307.56 306.69 305.75 305.00 304.34 303.88 303.59 302.94 302.22 301.41 300.50 299.41 298.34 297.44 296.78 296.19 295.16 294.28 293.53 293.06 291.66 288.06 285.00 283.53 282.31 281.19 279.94 277.72 276.00 274.84
290.78 291.59 292.12 292.88 293.56 294.16 294.72 295.28 295.84 296.50 297.28 297.88 298.41 298.88 299.25 299.72 300.19 300.69 301.16 301.69 302.28 302.78 303.38 304.09 305.12 306.00 306.81 307.66 308.56 309.25 309.38 309.78 309.91 309.88 309.84 309.75 309.56 309.31 309.06 308.69 308.19 307.59 306.81 306.09 305.34 304.78 304.28 303.78 303.19 302.47 301.66 300.72 299.66 298.53 297.53 296.88 296.31 295.59 294.66 293.88 293.28 291.41 288.31 285.66 284.19 283.09 282.12 280.94 277.47 275.12 273.84
290.50 291.06 291.88 292.62 293.25 293.81 294.34 294.81 295.22 295.84 296.62 297.41 298.09 298.69 299.22 299.75 300.22 300.72 301.09 301.47 302.03 302.81 303.62 304.38 305.12 305.84 306.53 307.16 307.81 308.50 308.91 309.53 309.78 309.78 309.72 309.62 309.38 309.16 308.91 308.59 308.16 307.59 306.91 306.16 305.47 304.88 304.34 303.84 303.25 302.53 301.69 300.78 299.75 298.75 297.62 297.09 296.50 295.81 294.88 293.91 292.75 290.94 288.25 286.16 284.81 283.97 283.75 282.34 276.00 274.03 272.81
290.19 290.94 291.66 292.28 292.84 293.34 293.81 294.22 294.41 294.97 295.94 296.78 297.81 298.44 299.06 299.62 300.09 300.53 300.94 301.41 301.97 302.81 303.56 304.28 304.94 305.56 306.12 306.69 307.22 307.88 308.59 309.12 309.53 309.62 309.53 309.44 309.22 308.94 308.72 308.44 308.03 307.50 306.88 306.16 305.44 304.78 304.19 303.62 303.00 302.31 301.50 300.62 299.66 298.53 297.88 297.25 296.53 295.78 295.00 293.78 292.12 290.19 288.09 286.47 285.25 284.88 284.44 282.91 275.19 273.09 271.84
290.12 290.75 291.34 291.88 292.34 292.84 293.16 293.38 293.78 294.44 295.00 296.06 297.16 298.03 298.72 299.16 299.91 300.38 300.81 301.31 301.97 302.66 303.38 304.03 304.62 305.16 305.66 306.12 306.50 307.19 308.06 308.75 309.12 309.38 309.31 309.25 309.03 308.72 308.50 308.22 307.81 307.34 306.72 306.03 305.28 304.59 303.78 303.12 302.59 301.84 301.16 300.38 299.31 298.53 298.00 297.34 296.56 295.75 294.62 293.19 291.59 289.88 288.25 286.97 285.59 285.62 284.91 281.81 275.28 272.88 271.22
289.88 290.44 290.97 291.41 291.78 292.22 292.41 292.72 293.19 293.69 294.41 295.38 296.22 297.03 297.72 298.84 299.81 300.19 300.56 301.09 301.78 302.41 303.03 303.66 304.19 304.69 305.19 305.59 305.88 306.38 307.34 307.97 308.69 309.12 309.09 309.03 308.88 308.53 308.25 308.03 307.62 307.09 306.47 305.91 305.06 303.72 303.22 302.53 301.97 301.41 300.78 300.06 299.34 298.69 297.91 297.28 296.28 295.25 294.12 292.88 291.59 290.31 289.09 288.16 286.69 285.72 284.69 280.69 276.22 272.94 270.81
289.56 290.09 290.50 290.84 291.44 291.66 291.88 292.38 292.72 293.38 293.91 294.88 295.69 296.31 297.47 298.72 299.41 299.62 300.00 300.88 301.50 302.06 302.62 303.16 303.69 304.19 304.62 304.91 305.12 305.62 306.50 307.50 308.25 308.78 308.88 308.81 308.69 308.38 308.00 307.62 307.25 306.78 306.22 305.56 304.66 303.81 303.16 302.81 302.12 301.25 300.47 299.84 299.16 298.44 297.66 296.78 295.84 294.75 293.78 292.84 291.88 291.19 290.66 289.53 288.38 286.84 284.84 281.19 276.34 272.81 270.34
289.19 289.66 290.09 290.47 290.97 291.22 291.69 292.16 292.66 293.06 293.62 294.47 295.38 296.16 297.34 298.34 298.72 299.12 300.00 300.62 301.16 301.56 302.16 302.69 303.16 303.53 303.81 304.12 304.47 305.16 306.06 306.91 307.69 308.41 308.66 308.59 308.53 308.28 307.88 307.44 306.91 306.34 306.12 305.47 304.56 303.78 303.25 302.81 302.12 301.31 300.16 299.59 298.97 298.16 297.16 296.28 295.34 294.41 293.59 292.88 292.25 292.00 291.31 290.22 289.06 287.22 284.62 280.19 275.34 272.00 269.56
288.75 289.50 289.91 290.19 290.56 290.91 291.44 291.88 292.38 292.94 293.75 294.47 295.31 296.25 297.41 298.12 298.62 299.22 299.78 300.28 300.66 301.12 301.78 302.25 302.56 302.78 303.03 303.59 304.09 304.94 305.75 306.62 307.16 307.94 308.34 308.34 308.28 308.09 307.75 307.44 306.84 306.00 305.38 304.91 304.12 303.53 302.94 302.28 301.41 300.34 299.72 299.28 298.59 297.59 296.62 295.72 294.94 294.19 293.53 292.97 292.62 292.16 290.91 289.69 288.53 286.31 282.78 277.06 273.38 270.69 268.56
288.19 288.91 289.25 289.78 290.19 290.53 291.03 291.56 292.16 293.12 294.03 295.00 295.97 296.66 297.31 297.91 298.47 298.94 299.44 299.84 300.12 300.91 301.50 301.84 302.03 302.28 302.78 303.38 303.97 304.59 305.47 306.12 306.84 307.59 308.03 308.06 308.00 307.88 307.56 307.28 306.66 305.62 304.84 304.38 303.91 303.38 303.06 302.38 301.22 300.06 299.31 298.81 297.91 297.03 296.16 295.31 294.56 293.94 293.41 293.03 292.59 291.78 291.81 290.41 285.38 280.94 275.59 272.97 271.03 269.12 267.44
287.78 288.25 288.75 289.41 289.91 290.41 290.84 291.69 292.59 293.38 294.19 294.94 295.72 296.56 297.19 297.75 298.25 298.66 299.12 299.44 300.03 300.75 301.16 301.50 301.72 302.12 302.53 303.06 303.75 304.53 305.16 305.91 306.69 307.41 307.75 307.81 307.75 307.66 307.41 306.97 306.38 305.53 305.03 304.56 304.06 303.47 302.94 302.28 301.22 299.94 298.94 298.06 297.25 296.50 295.75 295.00 294.28 293.78 293.25 292.84 292.28 292.25 292.25 290.66 273.34 270.88 270.31 270.03 268.97 267.66 266.31
287.69 288.06 288.59 289.03 289.72 290.06 290.75 291.78 292.56 293.41 294.22 294.97 295.72 296.44 297.03 297.56 298.00 298.41 298.84 299.25 299.84 300.34 300.78 301.12 301.50 301.91 302.41 302.75 303.50 304.12 304.69 305.47 306.41 307.00 307.44 307.50 307.47 307.44 307.22 306.72 306.25 305.69 305.09 304.50 303.84 303.28 302.69 301.69 300.59 299.50 298.28 297.41 296.72 296.06 295.41 294.75 294.12 293.47 292.84 292.53 292.31 292.25 292.25 285.75 270.94 269.00 268.53 268.22 267.50 266.53 265.56
287.41 287.78 288.16 288.66 289.34 289.69 290.34 291.62 292.50 293.25 294.12 294.94 295.62 296.28 296.88 297.38 297.81 298.19 298.53 298.97 299.47 299.94 300.38 300.81 301.09 301.47 301.94 302.56 303.19 303.72 304.22 305.16 306.12 306.66 307.16 307.25 307.22 307.19 307.03 306.53 306.03 305.50 304.94 304.44 303.62 302.94 302.25 301.28 300.00 298.81 297.94 297.16 296.41 295.75 295.12 294.56 294.00 293.28 292.75 292.56 292.31 292.25 291.78 271.75 269.97 268.25 267.78 267.25 266.50 265.75 265.09
286.84 287.22 287.62 288.19 288.81 289.25 289.84 291.28 292.38 293.09 294.03 294.88 295.47 296.09 296.59 297.03 297.50 297.97 298.34 298.78 299.22 299.59 300.03 300.38 300.59 301.09 301.50 302.28 303.03 303.53 303.88 304.59 305.44 306.44 306.84 306.97 306.97 306.94 306.78 306.28 305.81 305.31 304.78 304.00 302.91 301.97 301.16 300.62 299.44 298.47 297.69 296.94 296.22 295.56 294.91 294.38 293.91 293.47 293.19 292.91 292.22 289.78 274.88 270.56 269.03 268.06 267.34 266.66 265.91 265.12 264.69
286.34 286.78 287.12 287.78 288.44 288.97 289.62 291.06 292.12 293.00 293.84 294.69 295.28 295.88 296.34 296.78 297.25 297.66 298.09 298.53 298.88 299.25 299.53 299.84 300.19 300.69 301.44 302.25 302.78 303.22 303.44 303.94 304.66 305.75 306.53 306.72 306.72 306.72 306.53 306.06 305.59 305.12 304.50 303.56 302.44 301.22 300.47 299.97 299.12 298.19 297.44 296.72 296.03 295.41 294.72 294.25 293.94 293.72 293.50 293.09 291.22 286.00 273.88 269.72 268.50 267.75 267.09 266.41 265.59 264.84 264.50
286.25 286.66 286.97 287.44 288.12 288.78 289.69 290.97 292.03 292.88 293.69 294.47 295.06 295.59 296.09 296.56 296.94 297.31 297.75 298.16 298.53 298.69 298.88 299.06 299.66 300.25 301.28 301.94 302.44 302.91 303.09 303.53 304.28 305.31 306.25 306.47 306.50 306.50 306.28 305.50 305.22 304.72 304.19 303.59 302.34 300.94 300.09 299.56 298.88 297.94 297.19 296.50 295.88 295.28 294.66 294.34 294.03 293.78 293.41 292.31 289.22 283.25 271.97 268.97 268.06 267.56 267.03 266.44 265.75 265.34 265.22
286.06 286.38 286.53 287.28 287.84 288.75 289.56 290.78 291.94 292.75 293.50 294.22 294.78 295.28 295.78 296.31 296.66 297.03 297.44 297.84 298.03 298.31 298.62 299.06 299.44 300.19 301.03 301.59 302.12 302.53 302.81 303.31 304.28 305.12 306.00 306.22 306.28 306.28 306.06 305.34 304.81 304.44 303.94 303.12 302.53 301.25 300.00 299.25 298.50 297.69 296.94 296.31 295.75 295.25 294.84 294.47 294.06 293.56 292.44 291.16 284.59 272.34 269.88 268.97 268.25 267.66 267.12 266.69 266.53 266.38 265.88
285.69 285.97 286.41 287.12 287.84 288.69 289.53 290.81 291.72 292.53 293.38 293.94 294.44 294.84 295.34 295.94 296.38 296.75 297.00 297.41 297.78 298.25 298.59 299.09 299.53 300.12 300.72 301.28 301.81 302.03 302.44 303.00 304.12 305.06 305.75 305.97 306.00 306.03 305.84 305.19 304.72 304.28 303.62 302.84 302.00 301.12 300.03 299.16 298.25 297.41 296.66 296.09 295.72 295.41 295.03 294.66 293.97 292.94 292.28 279.25 271.53 270.66 270.19 269.59 268.72 268.03 267.31 266.94 266.88 266.69 265.97
285.28 285.72 286.28 287.12 288.00 288.75 289.53 290.56 291.50 292.31 293.09 293.62 294.00 294.28 294.84 295.19 295.88 296.31 296.56 297.06 297.47 297.91 298.31 298.78 299.19 299.62 300.28 300.88 301.47 301.78 302.09 302.66 303.88 304.84 305.53 305.69 305.72 305.75 305.53 305.00 304.50 303.91 303.31 302.50 301.75 300.97 300.12 299.16 298.09 297.09 296.34 295.84 295.50 295.22 294.78 293.75 293.28 292.59 289.19 273.22 271.78 271.28 270.97 269.97 269.25 268.69 268.03 267.59 267.09 266.62 266.00
285.03 285.66 286.31 287.12 288.00 288.72 289.28 290.41 291.25 292.12 292.81 293.25 293.41 293.62 294.03 294.59 295.34 295.84 296.16 296.72 297.25 297.56 297.91 298.31 298.53 299.09 299.81 300.53 301.09 301.50 301.88 302.25 303.12 304.38 305.31 305.41 305.47 305.50 305.28 304.72 304.22 303.50 302.84 302.09 301.38 300.66 299.94 298.94 297.84 296.91 296.12 295.53 295.06 294.56 294.09 290.44 283.28 278.69 277.16 274.88 272.97 272.06 271.47 270.72 270.25 269.78 269.09 268.28 267.09 266.41 266.69
285.06 285.69 286.31 287.06 287.91 288.50 289.19 290.12 291.03 291.81 292.41 292.78 292.72 293.03 293.50 294.00 294.84 295.38 295.59 296.28 296.38 296.66 297.25 297.84 298.09 298.88 299.75 300.31 300.66 301.00 301.59 302.03 302.59 303.97 304.97 305.09 305.19 305.22 304.94 304.38 303.78 303.09 302.25 301.62 300.94 300.09 299.44 298.34 297.44 296.56 295.81 295.12 294.50 293.16 291.16 286.81 282.31 278.75 277.19 276.09 274.03 272.38 272.03 271.44 271.41 270.84 270.12 269.19 267.91 267.22 267.81
285.03 285.75 286.53 287.06 287.69 288.28 289.06 290.00 290.69 291.41 291.94 292.25 292.16 292.44 293.09 293.59 294.12 294.31 294.84 295.31 295.66 296.03 296.94 297.41 297.94 298.72 299.47 299.97 300.16 300.72 301.31 301.88 302.53 303.75 304.59 304.72 304.78 304.84 304.44 303.81 303.16 302.44 301.47 300.66 299.94 299.25 298.59 297.66 296.88 296.09 295.38 294.62 293.34 291.00 286.84 283.81 281.00 278.50 277.91 277.41 276.62 275.56 273.78 272.31 272.50 271.91 271.09 269.91 268.94 268.62 268.69
285.16 285.84 286.50 287.00 287.62 288.25 288.97 289.69 290.31 290.94 291.44 291.75 291.78 292.06 292.59 293.03 293.47 293.84 294.16 294.78 295.19 295.69 296.50 297.12 297.53 298.25 299.06 299.50 300.12 300.97 301.56 302.25 302.97 303.88 304.22 304.31 304.41 304.41 303.75 302.97 302.38 301.66 300.62 299.50 298.41 297.69 297.56 296.75 296.12 295.50 294.88 294.25 293.19 290.59 284.97 282.97 279.09 279.19 279.12 278.59 277.75 277.00 275.50 274.22 273.69 272.84 271.78 270.47 269.53 269.41 269.09
285.25 285.88 286.53 286.91 287.41 288.16 288.84 289.44 289.88 290.53 291.06 291.12 291.34 291.66 292.22 292.66 292.97 293.56 294.09 294.62 294.94 295.53 295.97 296.44 297.00 297.78 298.59 299.06 299.91 300.59 301.38 302.09 302.84 303.53 303.75 303.88 303.97 303.56 302.72 301.59 300.97 300.38 299.31 297.97 296.78 296.00 295.94 295.81 295.34 294.84 294.25 293.88 292.69 288.88 283.97 281.31 279.94 280.41 280.09 279.41 278.59 277.62 276.81 275.72 274.62 273.50 272.25 271.22 270.34 269.69 268.97
285.22 285.94 286.50 286.97 287.56 288.06 288.62 289.09 289.56 290.09 290.56 290.78 291.09 291.50 291.94 292.34 292.69 293.06 293.53 294.03 294.53 294.81 295.19 296.16 296.72 297.41 298.25 298.84 299.50 300.12 300.94 301.66 302.44 303.03 303.22 303.34 303.34 302.16 301.09 300.69 300.09 299.25 298.47 297.38 296.16 295.44 294.94 294.84 294.56 294.09 293.50 292.75 290.78 286.56 283.75 282.53 281.72 281.09 280.78 279.84 279.34 278.59 277.72 276.59 275.22 273.88 272.81 272.22 271.41 270.03 268.47
285.22 285.97 286.62 287.09 287.78 288.22 288.62 288.94 289.31 289.78 290.22 290.56 290.84 291.19 291.56 291.91 292.22 292.66 293.03 293.66 293.91 294.44 295.06 295.94 296.56 297.28 297.91 298.47 298.75 299.31 299.88 300.69 301.91 302.50 302.69 302.81 302.59 301.19 300.25 299.91 299.53 298.97 298.00 297.09 296.16 295.16 294.50 294.22 293.91 293.44 292.75 291.75 289.06 285.66 284.28 283.44 282.75 282.16 281.34 280.44 280.06 279.34 278.38 277.00 275.44 274.00 273.50 273.06 272.34 270.84 269.06
285.16 285.94 286.56 287.12 287.72 288.12 288.53 288.84 289.19 289.56 289.91 290.25 290.53 290.81 291.19 291.53 291.84 292.19 292.66 292.97 293.41 294.12 294.78 295.50 296.22 296.88 297.53 297.88 298.38 299.03 299.75 300.56 301.44 301.94 302.12 302.28 301.91 300.78 300.06 299.66 299.22 298.59 297.72 296.94 296.16 295.34 294.25 293.72 293.41 293.00 292.16 291.03 289.22 286.66 285.38 284.34 283.72 283.03 282.28 281.41 280.72 279.88 278.84 277.16 275.25 274.66 273.50 273.38 272.09 271.25 269.81
