everonasctiles/Tile18,3.asc
ncols 128
nrows 128
xllcorner 0
yllcorner 0
cellsize 2.0
NODATA_value  -9999
[rows 96 to 127 of 128, columns 0 to 70 of 128]
-54.53 -54.66 -54.75 -54.84 -54.91 -54.94 -54.97 -55.03 -55.12 -55.25 -55.38 -55.50 -55.69 -55.88 -56.06 -56.28 -56.50 -56.69 -56.84 -56.97 -57.12 -57.25 -57.38 -57.53 -57.66 -57.81 -57.97 -58.16 -58.31 -58.50 -58.69 -58.84 -59.00 -59.12 -59.25 -59.41 -59.53 -59.66 -59.81 -59.97 -60.12 -60.31 -60.47 -60.66 -60.81 -61.00 -61.19 -61.41 -61.59 -61.81 -62.03 -62.28 -62.53 -62.78 -63.03 -63.28 -63.53 -63.78 -64.06 -64.31 -64.56 -64.81 -65.03 -65.22 -65.44 -65.62 -65.81 -66.00 -66.19 -66.34 -66.53
-54.81 -54.91 -55.00 -55.09 -55.16 -55.19 -55.25 -55.31 -55.41 -55.50 -55.62 -55.78 -55.94 -56.09 -56.28 -56.50 -56.69 -56.88 -57.06 -57.22 -57.34 -57.47 -57.59 -57.72 -57.88 -58.03 -58.19 -58.34 -58.53 -58.69 -58.88 -59.03 -59.16 -59.31 -59.44 -59.56 -59.69 -59.84 -60.00 -60.16 -60.31 -60.50 -60.66 -60.84 -61.03 -61.19 -61.41 -61.59 -61.81 -62.03 -62.25 -62.47 -62.72 -62.97 -63.19 -63.44 -63.69 -63.94 -64.19 -64.44 -64.72 -64.94 -65.19 -65.41 -65.59 -65.78 -65.94 -66.12 -66.28 -66.47 -66.59
-55.09 -55.16 -55.22 -55.31 -55.38 -55.44 -55.50 -55.56 -55.66 -55.78 -55.91 -56.06 -56.19 -56.34 -56.53 -56.72 -56.91 -57.09 -57.28 -57.44 -57.56 -57.69 -57.78 -57.91 -58.06 -58.22 -58.38 -58.53 -58.72 -58.88 -59.06 -59.19 -59.34 -59.47 -59.59 -59.72 -59.84 -60.00 -60.16 -60.31 -60.47 -60.66 -60.84 -61.03 -61.19 -61.38 -61.59 -61.78 -62.00 -62.22 -62.44 -62.66 -62.91 -63.12 -63.38 -63.59 -63.84 -64.09 -64.31 -64.59 -64.84 -65.06 -65.31 -65.53 -65.72 -65.91 -66.09 -66.25 -66.41 -66.56 -66.69
-55.34 -55.41 -55.47 -55.53 -55.62 -55.69 -55.75 -55.84 -55.94 -56.03 -56.19 -56.31 -56.47 -56.62 -56.78 -56.94 -57.12 -57.28 -57.47 -57.62 -57.78 -57.91 -58.00 -58.12 -58.22 -58.38 -58.53 -58.72 -58.88 -59.06 -59.22 -59.38 -59.50 -59.62 -59.75 -59.84 -59.97 -60.12 -60.28 -60.44 -60.59 -60.78 -60.97 -61.16 -61.38 -61.56 -61.75 -61.97 -62.16 -62.38 -62.62 -62.84 -63.06 -63.31 -63.53 -63.75 -64.00 -64.22 -64.47 -64.69 -64.94 -65.19 -65.41 -65.62 -65.84 -66.00 -66.19 -66.34 -66.50 -66.66 -66.78
-55.59 -55.62 -55.69 -55.75 -55.81 -55.91 -56.00 -56.09 -56.19 -56.31 -56.44 -56.56 -56.72 -56.88 -57.03 -57.19 -57.34 -57.50 -57.69 -57.84 -58.00 -58.12 -58.22 -58.31 -58.41 -58.53 -58.69 -58.84 -59.03 -59.22 -59.38 -59.53 -59.66 -59.78 -59.88 -60.00 -60.09 -60.22 -60.38 -60.53 -60.72 -60.91 -61.09 -61.31 -61.50 -61.72 -61.91 -62.12 -62.31 -62.53 -62.75 -63.00 -63.22 -63.47 -63.69 -63.91 -64.16 -64.38 -64.59 -64.81 -65.03 -65.28 -65.50 -65.72 -65.91 -66.09 -66.28 -66.44 -66.59 -66.72 -66.84
-55.88 -55.88 -55.91 -55.97 -56.03 -56.12 -56.22 -56.31 -56.44 -56.53 -56.69 -56.81 -56.97 -57.12 -57.28 -57.41 -57.56 -57.72 -57.88 -58.06 -58.19 -58.34 -58.44 -58.50 -58.59 -58.72 -58.84 -59.00 -59.16 -59.34 -59.50 -59.66 -59.81 -59.94 -60.03 -60.12 -60.22 -60.34 -60.47 -60.62 -60.81 -61.00 -61.19 -61.41 -61.62 -61.84 -62.06 -62.25 -62.47 -62.66 -62.88 -63.09 -63.34 -63.59 -63.81 -64.06 -64.28 -64.50 -64.72 -64.94 -65.16 -65.38 -65.59 -65.78 -65.97 -66.16 -66.34 -66.50 -66.62 -66.78 -66.91
-56.09 -56.09 -56.12 -56.16 -56.22 -56.31 -56.44 -56.56 -56.66 -56.78 -56.91 -57.03 -57.19 -57.34 -57.50 -57.66 -57.78 -57.94 -58.09 -58.25 -58.41 -58.53 -58.66 -58.72 -58.81 -58.91 -59.00 -59.12 -59.28 -59.44 -59.62 -59.78 -59.94 -60.06 -60.16 -60.25 -60.34 -60.47 -60.59 -60.75 -60.91 -61.09 -61.31 -61.50 -61.75 -61.97 -62.19 -62.38 -62.56 -62.78 -62.97 -63.19 -63.44 -63.69 -63.91 -64.16 -64.38 -64.62 -64.84 -65.06 -65.25 -65.47 -65.66 -65.84 -66.03 -66.22 -66.38 -66.53 -66.69 -66.81 -66.94
-56.34 -56.31 -56.34 -56.34 -56.41 -56.50 -56.62 -56.75 -56.88 -57.00 -57.12 -57.25 -57.41 -57.56 -57.72 -57.88 -58.00 -58.16 -58.28 -58.44 -58.59 -58.75 -58.88 -58.97 -59.03 -59.12 -59.19 -59.31 -59.41 -59.56 -59.72 -59.88 -60.03 -60.19 -60.28 -60.38 -60.47 -60.59 -60.72 -60.84 -61.00 -61.19 -61.41 -61.62 -61.84 -62.06 -62.28 -62.47 -62.66 -62.88 -63.06 -63.28 -63.50 -63.75 -64.00 -64.22 -64.47 -64.72 -64.94 -65.16 -65.34 -65.53 -65.72 -65.91 -66.09 -66.25 -66.41 -66.56 -66.72 -66.84 -66.97
-56.56 -56.53 -56.53 -56.56 -56.59 -56.69 -56.81 -56.94 -57.09 -57.22 -57.34 -57.47 -57.59 -57.75 -57.91 -58.06 -58.22 -58.34 -58.50 -58.62 -58.78 -58.94 -59.06 -59.19 -59.25 -59.34 -59.41 -59.50 -59.59 -59.72 -59.84 -60.00 -60.16 -60.28 -60.41 -60.50 -60.59 -60.72 -60.81 -60.97 -61.12 -61.28 -61.50 -61.69 -61.91 -62.12 -62.34 -62.53 -62.75 -62.94 -63.16 -63.34 -63.56 -63.81 -64.06 -64.28 -64.53 -64.78 -65.00 -65.22 -65.44 -65.62 -65.81 -65.97 -66.12 -66.28 -66.44 -66.59 -66.72 -66.84 -66.97
-56.75 -56.75 -56.75 -56.78 -56.81 -56.91 -57.03 -57.16 -57.28 -57.41 -57.53 -57.66 -57.78 -57.94 -58.09 -58.25 -58.41 -58.53 -58.69 -58.81 -58.97 -59.12 -59.25 -59.38 -59.47 -59.56 -59.62 -59.69 -59.78 -59.88 -60.00 -60.12 -60.28 -60.41 -60.53 -60.62 -60.72 -60.84 -60.94 -61.06 -61.22 -61.38 -61.56 -61.75 -61.97 -62.16 -62.38 -62.59 -62.78 -63.00 -63.19 -63.41 -63.62 -63.88 -64.09 -64.34 -64.59 -64.81 -65.06 -65.28 -65.50 -65.69 -65.88 -66.03 -66.19 -66.34 -66.47 -66.59 -66.72 -66.84 -66.97
-56.94 -56.94 -56.97 -57.00 -57.06 -57.12 -57.25 -57.38 -57.50 -57.62 -57.75 -57.88 -58.00 -58.12 -58.28 -58.44 -58.56 -58.72 -58.88 -59.00 -59.12 -59.28 -59.44 -59.56 -59.69 -59.78 -59.84 -59.91 -59.97 -60.06 -60.16 -60.28 -60.41 -60.50 -60.62 -60.75 -60.84 -60.94 -61.06 -61.16 -61.31 -61.44 -61.62 -61.81 -62.00 -62.22 -62.41 -62.59 -62.81 -63.03 -63.25 -63.47 -63.69 -63.94 -64.16 -64.41 -64.62 -64.88 -65.09 -65.31 -65.53 -65.75 -65.94 -66.09 -66.22 -66.38 -66.50 -66.59 -66.72 -66.84 -66.94
-57.16 -57.16 -57.19 -57.22 -57.28 -57.38 -57.47 -57.59 -57.72 -57.81 -57.94 -58.06 -58.19 -58.31 -58.44 -58.59 -58.75 -58.88 -59.03 -59.19 -59.31 -59.44 -59.59 -59.72 -59.84 -59.94 -60.03 -60.09 -60.16 -60.22 -60.31 -60.41 -60.50 -60.62 -60.75 -60.84 -60.94 -61.03 -61.12 -61.25 -61.38 -61.53 -61.69 -61.88 -62.06 -62.25 -62.44 -62.62 -62.84 -63.06 -63.28 -63.50 -63.75 -63.97 -64.22 -64.44 -64.69 -64.91 -65.12 -65.34 -65.56 -65.75 -65.94 -66.09 -66.25 -66.38 -66.50 -66.62 -66.72 -66.84 -66.94
-57.34 -57.38 -57.41 -57.47 -57.53 -57.62 -57.72 -57.84 -57.94 -58.03 -58.16 -58.25 -58.38 -58.50 -58.62 -58.75 -58.91 -59.06 -59.19 -59.34 -59.47 -59.59 -59.75 -59.88 -60.00 -60.12 -60.22 -60.28 -60.34 -60.41 -60.47 -60.53 -60.62 -60.72 -60.84 -60.94 -61.03 -61.12 -61.22 -61.31 -61.44 -61.59 -61.75 -61.91 -62.09 -62.28 -62.47 -62.66 -62.88 -63.09 -63.31 -63.53 -63.78 -64.00 -64.22 -64.47 -64.69 -64.94 -65.16 -65.34 -65.56 -65.75 -65.94 -66.09 -66.25 -66.38 -66.50 -66.59 -66.69 -66.81 -66.88
-57.56 -57.59 -57.62 -57.72 -57.78 -57.88 -57.97 -58.09 -58.19 -58.28 -58.38 -58.47 -58.56 -58.69 -58.81 -58.91 -59.06 -59.19 -59.34 -59.50 -59.62 -59.75 -59.88 -60.00 -60.12 -60.25 -60.34 -60.44 -60.50 -60.53 -60.59 -60.66 -60.75 -60.84 -60.94 -61.03 -61.12 -61.22 -61.31 -61.41 -61.53 -61.66 -61.81 -61.97 -62.12 -62.31 -62.50 -62.69 -62.91 -63.12 -63.34 -63.56 -63.78 -64.00 -64.25 -64.47 -64.69 -64.91 -65.12 -65.31 -65.50 -65.69 -65.88 -66.03 -66.19 -66.31 -66.44 -66.56 -66.66 -66.75 -66.81
-57.81 -57.81 -57.88 -57.97 -58.06 -58.16 -58.25 -58.34 -58.44 -58.50 -58.59 -58.69 -58.78 -58.88 -58.97 -59.09 -59.22 -59.34 -59.47 -59.62 -59.78 -59.91 -60.03 -60.16 -60.25 -60.38 -60.47 -60.56 -60.62 -60.69 -60.72 -60.78 -60.88 -60.97 -61.03 -61.12 -61.22 -61.28 -61.38 -61.47 -61.59 -61.72 -61.88 -62.00 -62.19 -62.34 -62.53 -62.72 -62.91 -63.12 -63.34 -63.56 -63.78 -64.03 -64.25 -64.47 -64.69 -64.88 -65.06 -65.28 -65.47 -65.66 -65.81 -65.97 -66.12 -66.25 -66.38 -66.47 -66.56 -66.66 -66.72
-58.06 -58.06 -58.12 -58.22 -58.31 -58.41 -58.50 -58.59 -58.69 -58.75 -58.81 -58.91 -59.00 -59.06 -59.19 -59.28 -59.38 -59.50 -59.62 -59.75 -59.91 -60.03 -60.16 -60.28 -60.38 -60.50 -60.59 -60.69 -60.75 -60.81 -60.84 -60.91 -61.00 -61.06 -61.16 -61.22 -61.31 -61.38 -61.47 -61.56 -61.66 -61.78 -61.94 -62.06 -62.22 -62.38 -62.56 -62.75 -62.94 -63.12 -63.34 -63.56 -63.78 -64.00 -64.22 -64.44 -64.62 -64.81 -65.03 -65.22 -65.41 -65.56 -65.72 -65.88 -66.03 -66.16 -66.28 -66.38 -66.47 -66.53 -66.62
-58.31 -58.34 -58.41 -58.50 -58.59 -58.69 -58.78 -58.88 -58.94 -59.00 -59.06 -59.12 -59.19 -59.28 -59.38 -59.47 -59.56 -59.66 -59.75 -59.88 -60.00 -60.16 -60.28 -60.41 -60.50 -60.59 -60.69 -60.78 -60.84 -60.91 -60.97 -61.03 -61.09 -61.19 -61.25 -61.31 -61.41 -61.47 -61.53 -61.62 -61.72 -61.84 -62.00 -62.12 -62.28 -62.41 -62.59 -62.75 -62.97 -63.16 -63.38 -63.56 -63.78 -64.00 -64.19 -64.38 -64.59 -64.78 -64.94 -65.12 -65.31 -65.47 -65.62 -65.78 -65.91 -66.03 -66.16 -66.25 -66.34 -66.44 -66.56
-58.59 -58.62 -58.69 -58.78 -58.88 -58.97 -59.06 -59.12 -59.19 -59.25 -59.31 -59.34 -59.41 -59.50 -59.56 -59.66 -59.72 -59.81 -59.91 -60.00 -60.12 -60.25 -60.38 -60.50 -60.59 -60.72 -60.81 -60.88 -60.97 -61.03 -61.09 -61.16 -61.22 -61.28 -61.34 -61.44 -61.50 -61.53 -61.62 -61.69 -61.78 -61.91 -62.03 -62.19 -62.31 -62.47 -62.62 -62.81 -63.00 -63.19 -63.38 -63.56 -63.78 -63.97 -64.16 -64.34 -64.53 -64.69 -64.88 -65.03 -65.19 -65.34 -65.50 -65.66 -65.78 -65.91 -66.03 -66.16 -66.25 -66.38 -66.50
-58.91 -58.94 -58.97 -59.06 -59.16 -59.25 -59.34 -59.41 -59.47 -59.53 -59.56 -59.59 -59.66 -59.69 -59.78 -59.84 -59.91 -60.00 -60.06 -60.16 -60.25 -60.38 -60.47 -60.59 -60.72 -60.81 -60.91 -60.97 -61.06 -61.12 -61.19 -61.25 -61.31 -61.38 -61.44 -61.50 -61.56 -61.62 -61.69 -61.75 -61.84 -61.94 -62.09 -62.22 -62.38 -62.53 -62.69 -62.84 -63.03 -63.22 -63.41 -63.59 -63.78 -63.94 -64.12 -64.28 -64.47 -64.62 -64.78 -64.94 -65.06 -65.22 -65.38 -65.50 -65.66 -65.78 -65.94 -66.09 -66.22 -66.38 -66.50
-59.22 -59.22 -59.28 -59.34 -59.44 -59.53 -59.62 -59.69 -59.75 -59.78 -59.81 -59.84 -59.88 -59.91 -59.97 -60.06 -60.12 -60.19 -60.25 -60.31 -60.41 -60.50 -60.59 -60.69 -60.81 -60.91 -60.97 -61.06 -61.16 -61.22 -61.28 -61.34 -61.41 -61.47 -61.53 -61.59 -61.66 -61.69 -61.72 -61.78 -61.88 -61.97 -62.12 -62.25 -62.41 -62.56 -62.72 -62.91 -63.06 -63.22 -63.41 -63.56 -63.75 -63.91 -64.06 -64.22 -64.38 -64.53 -64.66 -64.81 -64.97 -65.12 -65.25 -65.41 -65.56 -65.75 -65.91 -66.06 -66.22 -66.38 -66.53
-59.53 -59.56 -59.59 -59.66 -59.72 -59.81 -59.88 -59.97 -60.00 -60.03 -60.06 -60.06 -60.09 -60.16 -60.19 -60.25 -60.31 -60.38 -60.41 -60.47 -60.53 -60.62 -60.72 -60.81 -60.91 -60.97 -61.06 -61.16 -61.22 -61.28 -61.38 -61.44 -61.50 -61.56 -61.62 -61.66 -61.72 -61.75 -61.78 -61.84 -61.91 -62.00 -62.12 -62.28 -62.44 -62.59 -62.75 -62.91 -63.06 -63.25 -63.41 -63.56 -63.72 -63.84 -64.00 -64.12 -64.28 -64.44 -64.59 -64.72 -64.88 -65.06 -65.22 -65.38 -65.56 -65.75 -65.91 -66.09 -66.25 -66.41 -66.53
-59.84 -59.88 -59.91 -59.94 -60.00 -60.06 -60.16 -60.22 -60.28 -60.31 -60.31 -60.31 -60.34 -60.38 -60.41 -60.47 -60.53 -60.56 -60.59 -60.66 -60.69 -60.75 -60.84 -60.91 -61.00 -61.06 -61.16 -61.22 -61.31 -61.38 -61.44 -61.50 -61.56 -61.62 -61.69 -61.72 -61.78 -61.81 -61.84 -61.91 -61.97 -62.06 -62.16 -62.31 -62.44 -62.59 -62.75 -62.91 -63.06 -63.22 -63.38 -63.50 -63.66 -63.78 -63.91 -64.06 -64.22 -64.38 -64.53 -64.69 -64.88 -65.06 -65.22 -65.41 -65.59 -65.78 -65.94 -66.12 -66.28 -66.44 -66.56
-60.16 -60.19 -60.22 -60.25 -60.31 -60.34 -60.44 -60.47 -60.53 -60.56 -60.56 -60.56 -60.59 -60.59 -60.62 -60.69 -60.72 -60.75 -60.78 -60.81 -60.84 -60.91 -60.97 -61.03 -61.09 -61.16 -61.25 -61.31 -61.38 -61.44 -61.50 -61.56 -61.62 -61.69 -61.75 -61.78 -61.81 -61.84 -61.88 -61.94 -62.00 -62.09 -62.22 -62.31 -62.47 -62.59 -62.75 -62.91 -63.06 -63.19 -63.31 -63.47 -63.59 -63.72 -63.84 -64.00 -64.16 -64.34 -64.53 -64.72 -64.91 -65.09 -65.28 -65.47 -65.66 -65.81 -66.00 -66.16 -66.31 -66.44 -66.56
-60.47 -60.50 -60.53 -60.56 -60.59 -60.66 -60.69 -60.75 -60.78 -60.81 -60.81 -60.81 -60.81 -60.81 -60.84 -60.88 -60.91 -60.94 -60.97 -61.00 -61.03 -61.06 -61.09 -61.12 -61.19 -61.25 -61.31 -61.38 -61.44 -61.50 -61.56 -61.62 -61.69 -61.72 -61.78 -61.81 -61.84 -61.88 -61.94 -61.97 -62.06 -62.16 -62.25 -62.38 -62.50 -62.62 -62.75 -62.91 -63.03 -63.16 -63.28 -63.41 -63.53 -63.66 -63.81 -63.97 -64.12 -64.31 -64.53 -64.72 -64.91 -65.12 -65.31 -65.50 -65.69 -65.84 -66.03 -66.19 -66.31 -66.44 -66.56
-60.78 -60.81 -60.84 -60.84 -60.88 -60.91 -60.97 -61.00 -61.03 -61.06 -61.06 -61.03 -61.03 -61.03 -61.03 -61.06 -61.09 -61.12 -61.16 -61.16 -61.19 -61.19 -61.22 -61.25 -61.31 -61.34 -61.41 -61.47 -61.53 -61.56 -61.62 -61.69 -61.72 -61.75 -61.78 -61.84 -61.88 -61.91 -61.94 -62.00 -62.09 -62.19 -62.28 -62.41 -62.50 -62.62 -62.78 -62.91 -63.03 -63.16 -63.25 -63.38 -63.50 -63.66 -63.78 -63.94 -64.12 -64.31 -64.53 -64.72 -64.94 -65.12 -65.31 -65.53 -65.69 -65.88 -66.03 -66.19 -66.31 -66.44 -66.56
-61.06 -61.09 -61.12 -61.12 -61.16 -61.19 -61.22 -61.25 -61.28 -61.28 -61.28 -61.25 -61.22 -61.22 -61.22 -61.25 -61.28 -61.28 -61.31 -61.31 -61.31 -61.31 -61.34 -61.38 -61.41 -61.44 -61.50 -61.53 -61.59 -61.62 -61.69 -61.72 -61.75 -61.78 -61.81 -61.84 -61.88 -61.91 -61.97 -62.03 -62.12 -62.22 -62.31 -62.41 -62.53 -62.66 -62.78 -62.91 -63.03 -63.12 -63.25 -63.38 -63.50 -63.62 -63.78 -63.94 -64.12 -64.31 -64.50 -64.72 -64.91 -65.12 -65.34 -65.53 -65.72 -65.88 -66.03 -66.19 -66.31 -66.44 -66.53
-61.34 -61.38 -61.41 -61.41 -61.41 -61.44 -61.47 -61.47 -61.50 -61.50 -61.47 -61.44 -61.41 -61.41 -61.38 -61.41 -61.44 -61.44 -61.47 -61.47 -61.47 -61.44 -61.47 -61.47 -61.50 -61.53 -61.56 -61.62 -61.66 -61.69 -61.72 -61.78 -61.78 -61.81 -61.84 -61.84 -61.88 -61.94 -61.97 -62.06 -62.12 -62.22 -62.31 -62.44 -62.56 -62.66 -62.78 -62.91 -63.03 -63.16 -63.25 -63.38 -63.50 -63.62 -63.78 -63.94 -64.09 -64.28 -64.50 -64.69 -64.91 -65.12 -65.31 -65.53 -65.69 -65.88 -66.00 -66.16 -66.28 -66.38 -66.47
-61.62 -61.66 -61.66 -61.66 -61.66 -61.69 -61.69 -61.72 -61.72 -61.69 -61.66 -61.62 -61.56 -61.53 -61.53 -61.53 -61.56 -61.56 -61.59 -61.59 -61.56 -61.56 -61.56 -61.56 -61.59 -61.62 -61.66 -61.69 -61.72 -61.75 -61.78 -61.81 -61.84 -61.84 -61.84 -61.88 -61.91 -61.94 -62.00 -62.06 -62.12 -62.22 -62.34 -62.44 -62.56 -62.69 -62.81 -62.94 -63.06 -63.16 -63.28 -63.38 -63.50 -63.62 -63.78 -63.94 -64.12 -64.28 -64.50 -64.69 -64.91 -65.12 -65.31 -65.50 -65.66 -65.81 -65.97 -66.09 -66.22 -66.31 -66.41
-61.88 -61.88 -61.88 -61.88 -61.88 -61.91 -61.91 -61.91 -61.91 -61.88 -61.84 -61.78 -61.72 -61.69 -61.66 -61.66 -61.69 -61.69 -61.69 -61.69 -61.69 -61.69 -61.66 -61.66 -61.69 -61.69 -61.72 -61.75 -61.78 -61.81 -61.81 -61.84 -61.88 -61.88 -61.88 -61.88 -61.91 -61.94 -62.00 -62.06 -62.16 -62.25 -62.34 -62.47 -62.59 -62.72 -62.84 -62.97 -63.09 -63.19 -63.31 -63.41 -63.53 -63.66 -63.81 -63.97 -64.12 -64.31 -64.50 -64.72 -64.91 -65.12 -65.31 -65.47 -65.62 -65.78 -65.91 -66.03 -66.12 -66.25 -66.34
-62.09 -62.12 -62.12 -62.09 -62.09 -62.09 -62.12 -62.12 -62.09 -62.06 -62.00 -61.91 -61.84 -61.81 -61.78 -61.78 -61.78 -61.78 -61.78 -61.78 -61.78 -61.78 -61.78 -61.75 -61.75 -61.78 -61.78 -61.81 -61.84 -61.84 -61.88 -61.88 -61.91 -61.91 -61.91 -61.91 -61.94 -61.97 -62.00 -62.09 -62.16 -62.28 -62.38 -62.50 -62.62 -62.75 -62.88 -63.00 -63.12 -63.25 -63.38 -63.47 -63.59 -63.72 -63.84 -64.00 -64.19 -64.34 -64.56 -64.75 -64.94 -65.12 -65.28 -65.44 -65.59 -65.72 -65.84 -65.97 -66.06 -66.19 -66.28
-62.31 -62.31 -62.31 -62.31 -62.28 -62.28 -62.28 -62.28 -62.25 -62.19 -62.12 -62.06 -61.97 -61.94 -61.91 -61.88 -61.88 -61.88 -61.88 -61.88 -61.88 -61.88 -61.84 -61.84 -61.84 -61.84 -61.88 -61.88 -61.88 -61.91 -61.91 -61.91 -61.94 -61.94 -61.94 -61.94 -61.97 -62.00 -62.06 -62.12 -62.19 -62.31 -62.41 -62.53 -62.66 -62.78 -62.91 -63.06 -63.19 -63.31 -63.44 -63.56 -63.66 -63.78 -63.91 -64.06 -64.22 -64.41 -64.59 -64.78 -64.97 -65.12 -65.28 -65.41 -65.53 -65.66 -65.78 -65.91 -66.03 -66.12 -66.22
-62.50 -62.50 -62.50 -62.47 -62.47 -62.47 -62.47 -62.44 -62.41 -62.34 -62.25 -62.19 -62.09 -62.03 -62.00 -62.00 -61.97 -61.97 -61.97 -61.97 -61.97 -61.97 -61.94 -61.94 -61.94 -61.94 -61.94 -61.94 -61.94 -61.94 -61.94 -61.94 -61.97 -61.97 -61.97 -62.00 -62.03 -62.06 -62.09 -62.16 -62.25 -62.34 -62.44 -62.56 -62.69 -62.81 -62.97 -63.09 -63.25 -63.38 -63.50 -63.62 -63.72 -63.84 -63.97 -64.09 -64.25 -64.44 -64.62 -64.81 -64.97 -65.12 -65.28 -65.41 -65.53 -65.62 -65.75 -65.88 -65.97 -66.09 -66.19
