everonasctiles/Tile49,6.asc
ncols 128
nrows 128
xllcorner 0
yllcorner 0
cellsize 2.0
NODATA_value  -9999
[rows 30 to 59 of 128, columns 0 to 66 of 128]
-73.81 -74.47 -75.16 -75.84 -76.56 -77.28 -78.00 -78.75 -79.50 -80.25 -81.00 -81.78 -82.56 -83.41 -84.22 -85.03 -85.81 -86.56 -87.25 -87.91 -88.53 -89.09 -89.62 -90.12 -90.62 -91.16 -91.75 -92.34 -92.97 -93.62 -94.31 -95.06 -95.91 -96.69 -97.31 -97.91 -98.47 -98.94 -99.25 -99.47 -99.91 -100.66 -101.66 -102.69 -103.50 -104.12 -104.75 -105.38 -106.00 -106.59 -107.16 -107.69 -108.19 -108.62 -109.06 -109.50 -109.91 -110.28 -110.69 -111.06 -111.47 -111.88 -112.28 -112.69 -113.09 -113.47 -113.88
-73.94 -74.53 -75.16 -75.78 -76.44 -77.16 -77.88 -78.56 -79.25 -79.91 -80.59 -81.28 -82.03 -82.91 -83.81 -84.72 -85.62 -86.44 -87.16 -87.84 -88.50 -89.12 -89.75 -90.31 -90.91 -91.53 -92.12 -92.72 -93.31 -93.94 -94.56 -95.22 -95.84 -96.44 -97.00 -97.50 -97.88 -98.12 -98.44 -98.94 -99.69 -100.69 -101.75 -102.69 -103.34 -103.97 -104.62 -105.25 -105.84 -106.44 -106.97 -107.47 -107.94 -108.38 -108.81 -109.22 -109.62 -110.03 -110.44 -110.81 -111.22 -111.62 -112.00 -112.41 -112.78 -113.16 -113.53
-74.34 -74.91 -75.47 -75.97 -76.47 -76.97 -77.56 -78.16 -78.72 -79.22 -79.75 -80.41 -81.19 -82.16 -83.19 -84.25 -85.31 -86.25 -87.06 -87.84 -88.59 -89.28 -89.94 -90.56 -91.19 -91.78 -92.38 -92.97 -93.53 -94.09 -94.66 -95.19 -95.75 -96.28 -96.78 -97.19 -97.53 -97.94 -98.41 -99.03 -99.84 -100.75 -101.72 -102.50 -103.16 -103.81 -104.47 -105.09 -105.69 -106.22 -106.72 -107.19 -107.62 -108.09 -108.53 -108.94 -109.34 -109.75 -110.16 -110.56 -110.97 -111.38 -111.75 -112.16 -112.53 -112.88 -113.22
-74.72 -75.34 -75.91 -76.44 -76.91 -77.31 -77.75 -78.25 -78.72 -79.19 -79.69 -80.28 -81.09 -82.06 -83.19 -84.34 -85.44 -86.34 -87.16 -87.94 -88.69 -89.41 -90.09 -90.75 -91.41 -92.00 -92.59 -93.19 -93.72 -94.25 -94.75 -95.25 -95.75 -96.25 -96.81 -97.34 -97.88 -98.41 -98.97 -99.53 -100.19 -100.91 -101.66 -102.31 -102.97 -103.62 -104.28 -104.88 -105.44 -105.97 -106.44 -106.91 -107.34 -107.81 -108.22 -108.66 -109.06 -109.47 -109.91 -110.34 -110.75 -111.16 -111.56 -111.94 -112.31 -112.66 -113.00
-75.12 -75.75 -76.34 -76.94 -77.44 -77.94 -78.38 -78.91 -79.41 -79.91 -80.38 -80.91 -81.66 -82.59 -83.69 -84.69 -85.53 -86.34 -87.16 -87.97 -88.72 -89.47 -90.22 -90.91 -91.59 -92.22 -92.84 -93.44 -94.00 -94.53 -95.03 -95.47 -95.91 -96.38 -96.91 -97.50 -98.06 -98.59 -99.19 -99.75 -100.34 -100.97 -101.59 -102.22 -102.84 -103.47 -104.06 -104.66 -105.19 -105.66 -106.12 -106.59 -107.06 -107.50 -107.94 -108.38 -108.78 -109.25 -109.69 -110.16 -110.56 -110.97 -111.38 -111.75 -112.12 -112.47 -112.81
-75.50 -76.19 -76.81 -77.41 -77.94 -78.47 -78.97 -79.47 -80.03 -80.56 -81.06 -81.62 -82.31 -83.09 -83.84 -84.62 -85.41 -86.19 -87.00 -87.84 -88.66 -89.50 -90.28 -91.03 -91.75 -92.44 -93.06 -93.69 -94.28 -94.84 -95.38 -95.84 -96.31 -96.72 -97.16 -97.66 -98.19 -98.78 -99.34 -99.94 -100.50 -101.06 -101.62 -102.19 -102.75 -103.31 -103.88 -104.41 -104.91 -105.38 -105.81 -106.25 -106.72 -107.19 -107.62 -108.09 -108.56 -109.06 -109.53 -110.00 -110.44 -110.84 -111.25 -111.66 -112.00 -112.38 -112.72
-75.84 -76.59 -77.25 -77.84 -78.41 -78.94 -79.47 -79.97 -80.47 -80.97 -81.44 -81.91 -82.41 -83.03 -83.72 -84.44 -85.16 -85.91 -86.69 -87.50 -88.44 -89.41 -90.34 -91.19 -91.97 -92.66 -93.34 -94.00 -94.59 -95.19 -95.75 -96.28 -96.75 -97.22 -97.62 -98.00 -98.41 -98.91 -99.53 -100.12 -100.69 -101.19 -101.69 -102.19 -102.69 -103.22 -103.72 -104.22 -104.66 -105.09 -105.56 -106.03 -106.50 -106.97 -107.47 -107.97 -108.47 -108.97 -109.47 -109.91 -110.34 -110.78 -111.19 -111.56 -111.94 -112.28 -112.62
-76.19 -76.91 -77.62 -78.25 -78.88 -79.41 -79.94 -80.44 -80.91 -81.41 -81.84 -82.25 -82.56 -82.78 -83.22 -83.84 -84.50 -85.19 -85.94 -86.84 -87.91 -89.09 -90.28 -91.34 -92.19 -92.94 -93.62 -94.28 -94.94 -95.53 -96.12 -96.69 -97.22 -97.69 -98.12 -98.53 -98.91 -99.22 -99.72 -100.34 -100.91 -101.41 -101.88 -102.31 -102.69 -103.12 -103.62 -104.12 -104.62 -105.12 -105.66 -106.16 -106.62 -107.06 -107.53 -108.00 -108.47 -108.97 -109.44 -109.88 -110.31 -110.72 -111.12 -111.50 -111.84 -112.19 -112.56
-76.47 -77.19 -77.91 -78.59 -79.22 -79.81 -80.34 -80.88 -81.38 -81.84 -82.31 -82.78 -83.16 -83.34 -83.44 -83.84 -84.50 -85.25 -86.06 -86.91 -87.91 -89.00 -90.19 -91.38 -92.44 -93.22 -93.91 -94.56 -95.22 -95.84 -96.47 -97.06 -97.62 -98.12 -98.59 -99.03 -99.41 -99.75 -100.09 -100.59 -101.19 -101.69 -102.19 -102.59 -102.94 -103.31 -103.78 -104.28 -104.81 -105.34 -105.81 -106.31 -106.75 -107.19 -107.62 -108.09 -108.53 -108.97 -109.44 -109.84 -110.28 -110.69 -111.06 -111.41 -111.75 -112.06 -112.41
-76.72 -77.41 -78.09 -78.81 -79.47 -80.09 -80.69 -81.25 -81.78 -82.31 -82.81 -83.34 -83.81 -84.25 -84.53 -84.72 -85.28 -86.09 -86.91 -87.69 -88.50 -89.44 -90.50 -91.59 -92.69 -93.56 -94.22 -94.88 -95.50 -96.12 -96.75 -97.38 -97.94 -98.50 -99.03 -99.47 -99.88 -100.22 -100.53 -100.94 -101.47 -102.00 -102.50 -102.94 -103.31 -103.66 -104.06 -104.53 -105.03 -105.53 -105.97 -106.44 -106.91 -107.34 -107.78 -108.19 -108.59 -109.00 -109.44 -109.84 -110.22 -110.59 -110.94 -111.28 -111.59 -111.91 -112.22
-76.88 -77.47 -78.16 -78.88 -79.59 -80.28 -80.91 -81.53 -82.12 -82.69 -83.25 -83.84 -84.44 -85.00 -85.53 -85.97 -86.38 -87.09 -88.00 -88.84 -89.56 -90.28 -91.16 -92.12 -93.16 -94.00 -94.62 -95.22 -95.81 -96.41 -97.00 -97.62 -98.22 -98.81 -99.38 -99.88 -100.31 -100.66 -100.97 -101.28 -101.75 -102.28 -102.78 -103.25 -103.69 -104.03 -104.41 -104.81 -105.25 -105.72 -106.16 -106.59 -107.03 -107.47 -107.88 -108.28 -108.66 -109.06 -109.44 -109.81 -110.19 -110.53 -110.88 -111.16 -111.47 -111.75 -112.03
-77.31 -77.56 -78.03 -78.75 -79.53 -80.31 -81.03 -81.69 -82.31 -82.94 -83.56 -84.19 -84.88 -85.59 -86.25 -86.88 -87.50 -88.12 -88.88 -89.81 -90.62 -91.31 -92.00 -92.78 -93.66 -94.38 -95.00 -95.62 -96.22 -96.78 -97.34 -97.88 -98.47 -99.09 -99.69 -100.22 -100.69 -101.09 -101.38 -101.62 -101.97 -102.47 -103.00 -103.53 -103.97 -104.38 -104.72 -105.09 -105.50 -105.91 -106.31 -106.75 -107.16 -107.56 -107.97 -108.34 -108.72 -109.09 -109.44 -109.81 -110.19 -110.53 -110.88 -111.19 -111.53 -111.88 -112.19
-78.09 -78.41 -78.59 -78.94 -79.53 -80.25 -81.03 -81.78 -82.47 -83.12 -83.72 -84.34 -85.06 -85.88 -86.72 -87.53 -88.22 -88.91 -89.56 -90.31 -91.12 -91.88 -92.59 -93.28 -93.97 -94.66 -95.34 -96.00 -96.66 -97.25 -97.75 -98.25 -98.75 -99.34 -99.97 -100.53 -101.03 -101.47 -101.81 -102.03 -102.25 -102.66 -103.19 -103.72 -104.22 -104.66 -105.03 -105.38 -105.75 -106.12 -106.50 -106.88 -107.28 -107.66 -108.06 -108.44 -108.78 -109.16 -109.50 -109.88 -110.25 -110.59 -110.97 -111.34 -111.69 -112.06 -112.47
-78.88 -79.34 -79.69 -79.91 -80.25 -80.78 -81.38 -82.00 -82.66 -83.38 -84.00 -84.47 -85.00 -85.88 -86.91 -87.91 -88.78 -89.53 -90.22 -90.88 -91.53 -92.31 -93.03 -93.69 -94.28 -94.94 -95.66 -96.34 -97.03 -97.69 -98.22 -98.69 -99.12 -99.66 -100.25 -100.84 -101.38 -101.84 -102.19 -102.47 -102.69 -102.94 -103.41 -103.94 -104.44 -104.84 -105.25 -105.62 -105.97 -106.34 -106.69 -107.06 -107.44 -107.81 -108.19 -108.56 -108.91 -109.28 -109.66 -110.03 -110.38 -110.75 -111.12 -111.47 -111.84 -112.25 -112.66
-79.47 -80.09 -80.59 -81.06 -81.44 -81.84 -82.34 -82.81 -83.31 -83.94 -84.62 -85.12 -85.34 -85.81 -86.78 -88.06 -89.22 -90.09 -90.88 -91.53 -92.16 -92.84 -93.53 -94.22 -94.81 -95.34 -95.94 -96.69 -97.41 -98.06 -98.69 -99.19 -99.59 -100.03 -100.53 -101.12 -101.66 -102.16 -102.56 -102.88 -103.12 -103.38 -103.75 -104.22 -104.66 -105.09 -105.47 -105.81 -106.16 -106.50 -106.88 -107.22 -107.59 -107.97 -108.34 -108.72 -109.09 -109.47 -109.84 -110.22 -110.59 -110.94 -111.28 -111.62 -112.00 -112.38 -112.81
-79.78 -80.56 -81.25 -81.84 -82.38 -82.91 -83.44 -83.97 -84.34 -84.81 -85.47 -86.03 -86.38 -86.50 -87.06 -88.16 -89.50 -90.59 -91.44 -92.22 -92.88 -93.53 -94.16 -94.84 -95.47 -96.03 -96.53 -97.06 -97.75 -98.44 -99.06 -99.62 -100.06 -100.44 -100.88 -101.38 -101.94 -102.44 -102.91 -103.25 -103.53 -103.81 -104.12 -104.50 -104.94 -105.31 -105.69 -106.03 -106.38 -106.69 -107.00 -107.38 -107.75 -108.16 -108.53 -108.94 -109.31 -109.69 -110.06 -110.44 -110.81 -111.16 -111.50 -111.84 -112.16 -112.50 -112.88
-79.81 -80.81 -81.62 -82.38 -83.00 -83.59 -84.22 -84.81 -85.31 -85.81 -86.31 -86.88 -87.34 -87.59 -87.78 -88.53 -89.69 -90.94 -91.94 -92.75 -93.53 -94.19 -94.84 -95.47 -96.09 -96.69 -97.22 -97.72 -98.25 -98.88 -99.50 -100.06 -100.53 -100.91 -101.25 -101.66 -102.16 -102.69 -103.16 -103.59 -103.91 -104.19 -104.47 -104.78 -105.19 -105.56 -105.94 -106.31 -106.62 -106.91 -107.16 -107.50 -107.88 -108.28 -108.69 -109.09 -109.47 -109.88 -110.25 -110.66 -111.03 -111.44 -111.78 -112.12 -112.44 -112.72 -113.00
-79.59 -80.84 -81.91 -82.75 -83.44 -84.09 -84.72 -85.34 -85.97 -86.56 -87.09 -87.62 -88.12 -88.53 -88.81 -89.19 -90.06 -91.19 -92.28 -93.19 -94.00 -94.75 -95.44 -96.09 -96.72 -97.31 -97.88 -98.38 -98.84 -99.34 -99.91 -100.47 -100.97 -101.34 -101.69 -102.00 -102.41 -102.91 -103.41 -103.88 -104.22 -104.53 -104.78 -105.06 -105.41 -105.81 -106.19 -106.56 -106.91 -107.19 -107.44 -107.66 -108.00 -108.38 -108.78 -109.19 -109.59 -110.03 -110.44 -110.84 -111.25 -111.66 -112.06 -112.44 -112.78 -113.09 -113.34
-79.69 -80.88 -82.12 -83.09 -83.88 -84.53 -85.16 -85.78 -86.44 -87.12 -87.72 -88.31 -88.84 -89.34 -89.72 -90.06 -90.66 -91.56 -92.56 -93.50 -94.38 -95.16 -95.91 -96.59 -97.25 -97.88 -98.44 -98.97 -99.44 -99.88 -100.34 -100.88 -101.34 -101.78 -102.12 -102.41 -102.72 -103.19 -103.66 -104.12 -104.53 -104.88 -105.16 -105.44 -105.69 -106.03 -106.44 -106.84 -107.25 -107.56 -107.81 -108.00 -108.16 -108.44 -108.84 -109.28 -109.72 -110.12 -110.56 -111.00 -111.44 -111.88 -112.31 -112.72 -113.12 -113.47 -113.78
-80.16 -81.19 -82.38 -83.47 -84.31 -85.00 -85.62 -86.19 -86.81 -87.53 -88.22 -88.91 -89.53 -90.06 -90.50 -90.94 -91.44 -92.19 -93.06 -93.88 -94.69 -95.47 -96.25 -96.97 -97.66 -98.28 -98.91 -99.47 -99.94 -100.38 -100.81 -101.28 -101.72 -102.16 -102.53 -102.84 -103.12 -103.47 -103.94 -104.41 -104.81 -105.19 -105.50 -105.81 -106.09 -106.38 -106.72 -107.16 -107.59 -107.94 -108.22 -108.47 -108.59 -108.69 -108.91 -109.34 -109.81 -110.25 -110.66 -111.09 -111.53 -112.00 -112.44 -112.91 -113.38 -113.84 -114.25
-80.81 -81.53 -82.66 -83.91 -84.84 -85.56 -86.19 -86.72 -87.22 -87.84 -88.62 -89.34 -90.06 -90.69 -91.19 -91.62 -92.12 -92.78 -93.56 -94.31 -95.06 -95.78 -96.53 -97.25 -97.94 -98.59 -99.25 -99.84 -100.38 -100.84 -101.28 -101.69 -102.09 -102.53 -102.91 -103.22 -103.53 -103.81 -104.22 -104.69 -105.09 -105.50 -105.84 -106.19 -106.50 -106.78 -107.12 -107.53 -107.97 -108.38 -108.69 -108.94 -109.16 -109.22 -109.25 -109.38 -109.81 -110.28 -110.72 -111.16 -111.59 -112.03 -112.53 -113.03 -113.59 -114.16 -114.66
-81.75 -82.12 -82.91 -84.09 -85.28 -86.12 -86.78 -87.38 -87.91 -88.38 -89.00 -89.78 -90.53 -91.19 -91.78 -92.22 -92.69 -93.28 -93.97 -94.72 -95.41 -96.09 -96.81 -97.50 -98.19 -98.84 -99.50 -100.12 -100.69 -101.22 -101.66 -102.06 -102.47 -102.84 -103.25 -103.59 -103.91 -104.19 -104.53 -104.94 -105.38 -105.78 -106.16 -106.53 -106.88 -107.22 -107.56 -107.97 -108.41 -108.81 -109.16 -109.47 -109.69 -109.84 -109.84 -109.69 -109.72 -110.19 -110.69 -111.16 -111.66 -112.12 -112.62 -113.16 -113.78 -114.41 -115.00
-82.56 -83.06 -83.53 -84.38 -85.56 -86.59 -87.34 -88.00 -88.59 -89.16 -89.66 -90.28 -91.00 -91.69 -92.31 -92.78 -93.22 -93.75 -94.38 -95.03 -95.72 -96.38 -97.06 -97.72 -98.41 -99.06 -99.69 -100.31 -100.91 -101.47 -101.97 -102.41 -102.81 -103.19 -103.56 -103.94 -104.25 -104.56 -104.88 -105.22 -105.62 -106.06 -106.47 -106.84 -107.22 -107.59 -108.00 -108.41 -108.84 -109.28 -109.66 -109.97 -110.25 -110.41 -110.47 -110.31 -109.97 -110.09 -110.56 -111.12 -111.69 -112.28 -112.84 -113.41 -114.00 -114.66 -115.28
-83.25 -83.88 -84.50 -85.16 -85.97 -86.94 -87.81 -88.53 -89.22 -89.81 -90.41 -90.97 -91.56 -92.22 -92.81 -93.31 -93.75 -94.19 -94.75 -95.38 -96.00 -96.62 -97.28 -97.94 -98.56 -99.19 -99.81 -100.44 -101.00 -101.59 -102.12 -102.59 -103.03 -103.47 -103.84 -104.22 -104.56 -104.88 -105.16 -105.50 -105.88 -106.28 -106.69 -107.12 -107.53 -107.94 -108.34 -108.78 -109.25 -109.72 -110.16 -110.50 -110.78 -111.00 -111.09 -110.97 -110.59 -110.53 -110.84 -111.31 -111.84 -112.47 -113.09 -113.69 -114.28 -114.91 -115.56
-83.75 -84.53 -85.22 -85.94 -86.66 -87.44 -88.22 -88.97 -89.69 -90.38 -91.00 -91.59 -92.16 -92.75 -93.31 -93.81 -94.25 -94.66 -95.12 -95.69 -96.28 -96.88 -97.47 -98.06 -98.66 -99.22 -99.78 -100.38 -100.94 -101.53 -102.09 -102.66 -103.16 -103.62 -104.03 -104.44 -104.78 -105.12 -105.44 -105.75 -106.12 -106.50 -106.91 -107.34 -107.75 -108.19 -108.62 -109.09 -109.56 -110.06 -110.56 -110.97 -111.31 -111.56 -111.72 -111.69 -111.44 -111.31 -111.53 -111.88 -112.22 -112.62 -113.31 -113.94 -114.53 -115.16 -115.81
-84.12 -84.97 -85.75 -86.47 -87.16 -87.88 -88.59 -89.31 -90.03 -90.75 -91.44 -92.06 -92.66 -93.25 -93.78 -94.31 -94.75 -95.16 -95.53 -96.00 -96.53 -97.12 -97.69 -98.22 -98.72 -99.22 -99.66 -100.16 -100.69 -101.28 -101.94 -102.53 -103.12 -103.66 -104.12 -104.56 -104.97 -105.31 -105.66 -106.00 -106.34 -106.75 -107.12 -107.53 -107.94 -108.34 -108.78 -109.28 -109.81 -110.34 -110.88 -111.34 -111.78 -112.09 -112.31 -112.34 -112.31 -112.25 -112.38 -112.66 -112.84 -112.97 -113.31 -114.03 -114.72 -115.34 -116.00
-84.25 -85.16 -86.00 -86.78 -87.47 -88.16 -88.84 -89.56 -90.28 -91.03 -91.75 -92.41 -93.06 -93.66 -94.22 -94.75 -95.22 -95.62 -96.00 -96.38 -96.81 -97.38 -97.94 -98.47 -98.94 -99.38 -99.78 -100.12 -100.50 -101.00 -101.62 -102.31 -102.97 -103.59 -104.16 -104.66 -105.12 -105.50 -105.88 -106.22 -106.56 -106.97 -107.34 -107.72 -108.09 -108.44 -108.84 -109.38 -109.94 -110.53 -111.12 -111.66 -112.16 -112.56 -112.84 -112.97 -113.03 -113.09 -113.25 -113.44 -113.59 -113.59 -113.53 -113.91 -114.69 -115.47 -116.16
-84.06 -85.09 -86.06 -86.91 -87.62 -88.28 -88.94 -89.66 -90.38 -91.16 -91.91 -92.62 -93.31 -93.97 -94.56 -95.12 -95.66 -96.12 -96.50 -96.88 -97.22 -97.69 -98.25 -98.81 -99.31 -99.81 -100.25 -100.66 -101.03 -101.31 -101.69 -102.16 -102.78 -103.44 -104.16 -104.78 -105.28 -105.72 -106.09 -106.44 -106.78 -107.16 -107.56 -107.97 -108.31 -108.62 -108.91 -109.34 -110.00 -110.69 -111.34 -111.91 -112.44 -112.91 -113.28 -113.50 -113.66 -113.75 -113.88 -114.00 -114.12 -114.19 -114.09 -114.00 -114.47 -115.31 -116.22
-83.88 -84.94 -86.03 -86.94 -87.72 -88.34 -88.94 -89.59 -90.31 -91.09 -91.88 -92.66 -93.44 -94.12 -94.81 -95.44 -96.00 -96.53 -97.00 -97.41 -97.75 -98.19 -98.69 -99.22 -99.72 -100.22 -100.69 -101.16 -101.56 -101.94 -102.25 -102.53 -102.94 -103.53 -104.22 -104.94 -105.50 -105.97 -106.38 -106.75 -107.06 -107.38 -107.81 -108.25 -108.66 -109.00 -109.28 -109.53 -110.03 -110.78 -111.50 -112.12 -112.72 -113.22 -113.66 -113.94 -114.16 -114.28 -114.38 -114.50 -114.59 -114.69 -114.72 -114.47 -114.56 -115.16 -116.03
-84.66 -85.50 -86.34 -87.19 -87.97 -88.56 -89.06 -89.53 -90.06 -90.78 -91.59 -92.44 -93.34 -94.16 -94.94 -95.62 -96.25 -96.84 -97.41 -97.88 -98.28 -98.69 -99.16 -99.66 -100.16 -100.66 -101.12 -101.59 -102.03 -102.41 -102.78 -103.09 -103.44 -103.91 -104.56 -105.22 -105.78 -106.28 -106.72 -107.09 -107.44 -107.72 -108.09 -108.59 -109.06 -109.44 -109.78 -110.09 -110.34 -110.88 -111.62 -112.31 -112.94 -113.47 -113.94 -114.31 -114.59 -114.75 -114.88 -115.00 -115.12 -115.22 -115.28 -115.16 -115.00 -115.22 -115.81
