everonasctiles/Tile[14,13].asc
ncols 128
nrows 128
xllcorner 0
yllcorner 0
cellsize 2.0
NODATA_value  -9999
[rows 64 to 95 of 128, columns 0 to 71 of 128]
-3.50 -3.84 -4.25 -5.34 -5.91 -6.59 -7.31 -8.06 -8.84 -9.78 -10.56 -11.38 -12.16 -12.94 -13.69 -14.34 -14.94 -15.44 -15.81 -16.09 -15.81 -15.81 -15.84 -15.78 -15.69 -15.44 -15.22 -15.06 -15.03 -15.03 -15.06 -15.00 -14.84 -14.66 -14.50 -14.41 -14.44 -14.59 -14.66 -14.56 -14.50 -14.56 -14.75 -14.91 -15.03 -15.12 -15.19 -15.22 -15.19 -15.16 -15.09 -15.03 -14.97 -14.91 -14.75 -14.44 -14.06 -13.78 -13.62 -13.69 -13.81 -12.88 -12.75 -13.12 -12.81 -12.75 -12.53 -12.94 -13.03 -13.28 -13.12 -12.94
-3.66 -4.03 -4.47 -5.66 -6.22 -6.84 -7.56 -8.28 -9.03 -9.97 -10.69 -11.47 -12.22 -12.97 -13.69 -14.31 -14.88 -15.34 -15.69 -15.50 -15.53 -15.56 -15.56 -15.56 -15.47 -15.25 -15.03 -14.84 -14.75 -14.75 -14.78 -14.78 -14.62 -14.44 -14.28 -14.22 -14.31 -14.47 -14.47 -14.31 -14.25 -14.38 -14.59 -14.75 -14.88 -14.94 -15.00 -15.03 -15.03 -15.00 -14.97 -14.94 -14.88 -14.81 -14.69 -14.44 -14.09 -13.78 -13.59 -13.59 -13.72 -13.19 -12.56 -12.62 -12.81 -12.94 -12.66 -12.69 -12.72 -12.84 -12.94 -13.25
-3.88 -4.25 -4.72 -5.97 -6.47 -7.09 -7.78 -8.50 -9.25 -10.09 -10.78 -11.53 -12.25 -12.97 -13.62 -14.25 -14.78 -15.19 -15.12 -15.19 -15.28 -15.31 -15.31 -15.31 -15.25 -15.09 -14.88 -14.66 -14.50 -14.44 -14.50 -14.50 -14.41 -14.19 -14.06 -14.06 -14.22 -14.34 -14.28 -14.09 -14.03 -14.19 -14.41 -14.56 -14.62 -14.69 -14.75 -14.78 -14.81 -14.81 -14.78 -14.78 -14.75 -14.72 -14.66 -14.44 -14.16 -13.88 -13.69 -13.53 -13.97 -13.38 -12.47 -12.78 -13.00 -12.81 -12.94 -12.88 -12.62 -12.78 -12.88 -13.38
-4.44 -4.84 -5.31 -6.22 -6.72 -7.34 -8.00 -8.69 -9.41 -10.22 -10.88 -11.56 -12.25 -12.94 -13.56 -14.12 -14.62 -15.00 -14.88 -14.94 -15.00 -15.03 -15.03 -15.06 -15.03 -14.91 -14.72 -14.50 -14.25 -14.12 -14.16 -14.22 -14.16 -13.97 -13.84 -13.91 -14.09 -14.22 -14.12 -13.94 -13.84 -13.97 -14.12 -14.28 -14.34 -14.41 -14.47 -14.50 -14.53 -14.56 -14.56 -14.59 -14.62 -14.66 -14.62 -14.47 -14.28 -14.00 -13.78 -13.28 -13.41 -13.41 -12.28 -12.09 -12.41 -12.91 -12.66 -12.81 -12.91 -12.53 -12.84 -13.44
-4.62 -5.06 -5.50 -6.44 -6.94 -7.53 -8.19 -8.88 -9.56 -10.28 -10.94 -11.59 -12.25 -12.88 -13.47 -13.97 -14.44 -14.44 -14.53 -14.66 -14.69 -14.75 -14.78 -14.81 -14.78 -14.69 -14.56 -14.38 -14.09 -13.91 -13.91 -13.97 -13.94 -13.78 -13.66 -13.75 -13.97 -14.06 -13.97 -13.75 -13.66 -13.72 -13.84 -13.97 -14.06 -14.12 -14.19 -14.22 -14.25 -14.28 -14.34 -14.41 -14.50 -14.56 -14.56 -14.47 -14.34 -14.16 -13.84 -13.41 -13.50 -13.50 -13.25 -12.91 -12.38 -12.66 -13.09 -12.81 -12.91 -12.91 -12.88 -13.56
-4.84 -5.28 -5.75 -6.62 -7.09 -7.69 -8.34 -9.00 -9.69 -10.34 -10.97 -11.59 -12.22 -12.78 -13.31 -13.81 -14.19 -14.19 -14.28 -14.41 -14.44 -14.50 -14.53 -14.56 -14.53 -14.41 -14.38 -14.28 -14.00 -13.78 -13.72 -13.78 -13.75 -13.59 -13.50 -13.59 -13.78 -13.88 -13.78 -13.59 -13.47 -13.47 -13.59 -13.72 -13.81 -13.88 -13.91 -13.94 -14.00 -14.06 -14.12 -14.22 -14.34 -14.41 -14.44 -14.41 -14.31 -14.25 -14.22 -13.56 -13.50 -14.16 -14.22 -13.34 -12.97 -12.75 -12.94 -13.06 -13.09 -12.91 -12.97 -13.50
-5.09 -5.53 -5.97 -6.81 -7.25 -7.84 -8.47 -9.12 -9.75 -10.38 -11.00 -11.56 -12.16 -12.69 -13.19 -13.59 -13.72 -13.88 -14.00 -14.09 -14.19 -14.25 -14.31 -14.34 -14.28 -14.06 -14.16 -14.16 -13.94 -13.69 -13.59 -13.59 -13.56 -13.44 -13.38 -13.47 -13.62 -13.69 -13.59 -13.44 -13.28 -13.25 -13.34 -13.50 -13.62 -13.69 -13.72 -13.75 -13.81 -13.88 -13.94 -14.06 -14.16 -14.25 -14.28 -14.25 -14.25 -14.06 -14.31 -13.84 -13.69 -14.38 -14.72 -13.97 -13.28 -13.03 -13.22 -13.34 -13.19 -13.09 -13.22 -13.28
-5.12 -5.69 -6.19 -6.69 -7.41 -7.97 -8.56 -9.19 -9.75 -10.34 -10.94 -11.53 -12.06 -12.56 -13.00 -13.38 -13.47 -13.62 -13.75 -13.84 -13.94 -14.03 -14.06 -14.12 -14.09 -13.78 -13.91 -14.06 -13.84 -13.59 -13.50 -13.47 -13.41 -13.31 -13.28 -13.34 -13.47 -13.53 -13.44 -13.28 -13.12 -13.09 -13.19 -13.34 -13.50 -13.59 -13.62 -13.66 -13.66 -13.72 -13.81 -13.91 -14.00 -14.06 -14.09 -14.09 -14.16 -14.34 -14.28 -13.78 -14.06 -14.44 -14.50 -14.06 -13.16 -13.09 -13.31 -13.50 -13.25 -13.12 -12.94 -13.12
-5.22 -5.84 -6.34 -6.88 -7.53 -8.06 -8.62 -9.19 -9.75 -10.28 -10.84 -11.44 -12.00 -12.41 -12.81 -13.03 -13.22 -13.31 -13.47 -13.53 -13.66 -13.78 -13.84 -13.91 -13.88 -13.59 -13.66 -13.94 -13.78 -13.53 -13.41 -13.38 -13.28 -13.19 -13.19 -13.25 -13.34 -13.38 -13.31 -13.19 -13.06 -13.03 -13.12 -13.28 -13.44 -13.53 -13.56 -13.56 -13.56 -13.59 -13.69 -13.78 -13.88 -13.94 -13.97 -14.00 -14.09 -14.41 -14.16 -13.25 -13.16 -14.03 -14.28 -13.41 -13.22 -13.56 -13.69 -13.59 -13.44 -13.16 -12.69 -12.31
-5.44 -5.91 -6.44 -7.00 -7.56 -8.16 -8.66 -9.16 -9.69 -10.22 -10.75 -11.31 -11.88 -12.38 -12.53 -12.66 -12.84 -12.94 -13.12 -13.12 -13.28 -13.53 -13.62 -13.72 -13.75 -13.56 -13.44 -13.69 -13.75 -13.66 -13.41 -13.28 -13.16 -13.06 -13.09 -13.16 -13.25 -13.28 -13.22 -13.12 -13.03 -13.03 -13.16 -13.31 -13.47 -13.53 -13.53 -13.47 -13.47 -13.47 -13.56 -13.66 -13.75 -13.81 -13.88 -13.94 -14.06 -14.22 -14.25 -14.19 -14.06 -14.41 -14.12 -13.84 -13.81 -13.81 -13.25 -13.50 -13.47 -13.03 -12.53 -12.47
-5.06 -5.47 -6.19 -7.00 -7.66 -8.12 -8.66 -9.12 -9.62 -10.12 -10.62 -11.16 -11.69 -12.00 -12.16 -12.31 -12.28 -12.41 -12.84 -12.72 -13.09 -13.34 -13.44 -13.53 -13.59 -13.56 -13.56 -13.53 -13.62 -13.66 -13.47 -13.19 -13.00 -12.94 -12.97 -13.06 -13.12 -13.16 -13.16 -13.12 -13.09 -13.09 -13.22 -13.38 -13.50 -13.53 -13.47 -13.38 -13.28 -13.28 -13.38 -13.47 -13.56 -13.66 -13.75 -13.88 -13.97 -14.06 -14.09 -14.12 -13.81 -13.75 -13.72 -13.44 -13.44 -13.88 -13.41 -13.53 -13.75 -13.47 -13.38 -12.56
-5.03 -5.31 -5.88 -6.81 -7.62 -8.12 -8.59 -9.06 -9.53 -10.00 -10.50 -11.03 -11.38 -11.66 -11.84 -12.09 -12.16 -12.19 -12.56 -12.62 -13.06 -13.16 -13.22 -13.34 -13.44 -13.41 -13.47 -13.50 -13.44 -13.50 -13.41 -13.12 -12.91 -12.84 -12.91 -12.97 -13.00 -13.06 -13.12 -13.12 -13.12 -13.19 -13.28 -13.44 -13.53 -13.53 -13.41 -13.22 -13.09 -13.06 -13.12 -13.25 -13.38 -13.47 -13.59 -13.72 -13.78 -13.84 -13.91 -13.94 -13.84 -13.94 -14.12 -13.81 -13.84 -14.28 -13.28 -13.16 -13.81 -13.81 -13.88 -13.62
-5.69 -6.06 -6.59 -7.19 -7.69 -8.12 -8.56 -8.97 -9.44 -9.91 -10.38 -10.78 -11.09 -11.34 -11.47 -11.66 -11.97 -12.12 -12.16 -12.44 -12.75 -12.81 -12.84 -13.03 -13.28 -13.31 -13.38 -13.47 -13.47 -13.50 -13.41 -13.09 -12.91 -12.88 -12.91 -12.94 -12.94 -13.00 -13.06 -13.12 -13.19 -13.25 -13.38 -13.50 -13.56 -13.47 -13.31 -13.06 -12.91 -12.84 -12.91 -13.00 -13.12 -13.22 -13.34 -13.44 -13.53 -13.62 -13.78 -13.91 -13.97 -14.16 -13.56 -13.66 -13.66 -14.06 -13.34 -13.19 -13.78 -14.62 -15.06 -14.62
-6.06 -6.47 -6.91 -7.38 -7.69 -8.06 -8.41 -8.81 -9.28 -9.78 -10.19 -10.50 -10.75 -10.91 -11.22 -11.19 -11.81 -12.16 -12.12 -12.38 -12.59 -12.53 -12.59 -12.69 -13.03 -13.25 -13.38 -13.44 -13.50 -13.53 -13.44 -13.19 -13.03 -13.00 -13.00 -12.94 -12.94 -12.97 -13.03 -13.12 -13.25 -13.34 -13.47 -13.53 -13.53 -13.41 -13.19 -12.91 -12.72 -12.62 -12.69 -12.78 -12.81 -12.88 -12.94 -13.06 -13.22 -13.44 -13.72 -13.91 -14.00 -13.84 -14.03 -14.09 -14.38 -14.47 -13.97 -13.69 -14.62 -15.22 -15.44 -15.03
-5.53 -6.12 -6.72 -7.19 -7.50 -7.75 -8.03 -8.44 -8.88 -9.47 -9.91 -10.22 -10.41 -10.50 -10.94 -11.03 -11.47 -12.03 -12.06 -12.28 -12.41 -12.41 -12.62 -12.81 -13.03 -13.19 -13.31 -13.41 -13.50 -13.53 -13.41 -13.25 -13.19 -13.16 -13.16 -13.06 -13.00 -13.00 -13.06 -13.19 -13.31 -13.44 -13.53 -13.56 -13.47 -13.28 -13.06 -12.81 -12.62 -12.56 -12.56 -12.56 -12.53 -12.50 -12.53 -12.66 -12.91 -13.28 -13.69 -13.94 -14.06 -14.06 -14.16 -14.31 -14.53 -14.62 -14.31 -13.91 -14.72 -15.53 -15.72 -15.47
-4.50 -5.16 -6.03 -6.78 -7.16 -7.34 -7.56 -7.91 -8.31 -9.06 -9.62 -9.94 -10.12 -10.00 -10.56 -10.81 -11.28 -11.78 -11.84 -12.03 -12.22 -12.12 -12.31 -12.75 -13.00 -13.12 -13.22 -13.34 -13.41 -13.47 -13.41 -13.34 -13.31 -13.31 -13.31 -13.28 -13.25 -13.22 -13.28 -13.38 -13.47 -13.53 -13.59 -13.56 -13.47 -13.28 -13.09 -12.91 -12.75 -12.66 -12.59 -12.50 -12.38 -12.28 -12.25 -12.41 -12.72 -13.19 -13.66 -14.00 -14.12 -14.12 -14.06 -14.34 -14.66 -14.69 -14.62 -14.72 -15.34 -15.53 -15.69 -15.81
-5.31 -5.72 -6.12 -6.53 -6.94 -6.94 -7.38 -7.41 -7.88 -8.78 -9.38 -9.66 -9.84 -9.69 -9.91 -10.31 -11.06 -11.25 -11.47 -11.81 -12.12 -12.03 -12.12 -12.59 -12.91 -13.06 -13.16 -13.22 -13.31 -13.38 -13.41 -13.41 -13.41 -13.47 -13.50 -13.53 -13.53 -13.53 -13.56 -13.62 -13.66 -13.66 -13.66 -13.66 -13.62 -13.53 -13.38 -13.19 -13.03 -12.88 -12.75 -12.59 -12.38 -12.25 -12.25 -12.41 -12.78 -13.25 -13.72 -14.06 -14.22 -14.25 -14.34 -14.56 -14.81 -14.84 -14.97 -15.16 -15.34 -15.66 -15.81 -16.00
-5.88 -5.94 -6.22 -6.53 -6.84 -6.97 -7.38 -7.34 -8.00 -8.81 -9.22 -9.44 -9.62 -9.38 -9.56 -10.12 -10.91 -10.81 -10.78 -11.47 -11.62 -11.62 -11.88 -12.38 -12.81 -13.00 -13.03 -13.06 -13.16 -13.31 -13.44 -13.50 -13.53 -13.59 -13.69 -13.75 -13.78 -13.81 -13.84 -13.88 -13.88 -13.84 -13.84 -13.91 -13.94 -13.88 -13.75 -13.53 -13.34 -13.22 -13.06 -12.84 -12.59 -12.47 -12.50 -12.69 -13.03 -13.47 -13.91 -14.19 -14.31 -14.38 -14.47 -14.62 -14.78 -15.38 -15.41 -15.34 -15.47 -15.66 -15.72 -15.88
-5.66 -5.75 -5.97 -6.53 -7.28 -7.50 -7.72 -8.00 -8.47 -8.78 -9.00 -9.19 -9.38 -9.25 -9.00 -9.75 -10.62 -10.25 -10.56 -11.19 -11.56 -11.56 -12.09 -12.44 -12.81 -12.94 -12.91 -12.94 -13.03 -13.28 -13.47 -13.59 -13.69 -13.75 -13.84 -13.91 -14.00 -14.03 -14.06 -14.06 -14.06 -14.03 -14.03 -14.09 -14.16 -14.09 -13.97 -13.78 -13.62 -13.56 -13.47 -13.22 -12.97 -12.84 -12.84 -13.06 -13.38 -13.78 -14.09 -14.31 -14.41 -14.47 -14.56 -14.72 -15.09 -15.34 -15.50 -15.38 -15.53 -15.75 -15.75 -16.03
-5.53 -5.62 -5.75 -6.31 -7.03 -7.50 -7.72 -7.91 -8.16 -8.44 -8.75 -8.97 -9.12 -9.06 -9.28 -9.81 -10.38 -10.38 -10.81 -10.88 -11.09 -11.28 -11.94 -12.44 -12.75 -12.84 -12.81 -12.84 -13.03 -13.31 -13.56 -13.72 -13.84 -13.94 -14.00 -14.09 -14.16 -14.19 -14.22 -14.19 -14.19 -14.16 -14.16 -14.22 -14.25 -14.19 -14.06 -13.94 -13.88 -13.91 -13.84 -13.62 -13.38 -13.19 -13.22 -13.41 -13.72 -14.06 -14.28 -14.44 -14.50 -14.59 -14.72 -14.91 -15.19 -15.22 -15.31 -15.41 -15.69 -15.97 -15.81 -16.00
-5.50 -5.62 -5.81 -6.22 -6.66 -6.91 -6.97 -7.09 -7.19 -7.72 -8.38 -8.81 -8.88 -8.88 -9.31 -9.94 -10.31 -10.50 -11.09 -11.09 -11.00 -11.12 -11.88 -12.31 -12.59 -12.88 -12.84 -12.88 -13.09 -13.38 -13.66 -13.88 -14.00 -14.12 -14.22 -14.31 -14.38 -14.38 -14.31 -14.31 -14.28 -14.25 -14.28 -14.31 -14.34 -14.28 -14.16 -14.06 -14.09 -14.16 -14.09 -13.91 -13.69 -13.53 -13.56 -13.78 -14.06 -14.31 -14.47 -14.56 -14.59 -14.69 -14.84 -15.03 -15.19 -15.34 -15.44 -15.56 -15.78 -16.00 -15.94 -16.12
-5.47 -5.59 -5.81 -6.12 -6.44 -6.59 -6.50 -6.38 -6.50 -7.19 -8.03 -8.56 -8.56 -8.38 -9.22 -9.94 -10.31 -10.34 -10.84 -11.28 -11.22 -11.09 -11.59 -12.12 -12.38 -12.88 -12.88 -12.91 -13.12 -13.41 -13.72 -14.00 -14.19 -14.31 -14.44 -14.53 -14.56 -14.53 -14.50 -14.44 -14.44 -14.44 -14.44 -14.47 -14.47 -14.38 -14.25 -14.16 -14.19 -14.25 -14.25 -14.09 -13.94 -13.84 -13.97 -14.19 -14.41 -14.56 -14.62 -14.69 -14.75 -14.81 -14.94 -15.06 -15.19 -15.41 -15.72 -15.75 -16.00 -16.16 -16.06 -16.22
-5.31 -5.41 -5.62 -5.97 -6.31 -6.56 -6.66 -6.72 -6.81 -7.09 -7.75 -8.34 -8.31 -7.91 -8.78 -9.78 -10.28 -10.38 -10.53 -10.59 -11.28 -11.47 -11.53 -12.22 -12.72 -12.91 -12.88 -12.91 -13.09 -13.41 -13.75 -14.06 -14.31 -14.47 -14.59 -14.72 -14.75 -14.75 -14.72 -14.69 -14.69 -14.69 -14.66 -14.59 -14.53 -14.41 -14.25 -14.19 -14.19 -14.25 -14.28 -14.25 -14.19 -14.25 -14.41 -14.59 -14.72 -14.78 -14.81 -14.84 -14.88 -14.91 -14.94 -15.00 -15.16 -15.47 -15.88 -16.06 -16.16 -16.28 -16.22 -16.25
-5.06 -5.16 -5.41 -5.78 -6.22 -6.59 -6.94 -7.16 -7.38 -7.66 -8.19 -8.28 -8.28 -7.78 -8.81 -9.81 -10.22 -10.62 -11.06 -11.00 -11.12 -11.25 -11.56 -12.34 -12.91 -12.94 -12.81 -12.78 -13.03 -13.41 -13.81 -14.16 -14.44 -14.62 -14.78 -14.88 -14.94 -14.97 -14.97 -14.94 -14.94 -14.94 -14.84 -14.72 -14.56 -14.38 -14.22 -14.16 -14.19 -14.25 -14.34 -14.41 -14.50 -14.66 -14.84 -14.94 -14.97 -15.00 -15.00 -15.00 -15.00 -15.00 -15.00 -15.03 -15.22 -15.59 -15.97 -16.16 -16.25 -16.31 -16.28 -16.25
-4.97 -5.06 -5.34 -5.75 -6.22 -6.66 -7.06 -7.41 -7.62 -7.81 -8.16 -8.19 -8.25 -7.88 -8.94 -9.53 -9.72 -9.91 -10.59 -10.84 -10.91 -11.16 -11.59 -12.19 -12.91 -12.91 -12.62 -12.66 -13.00 -13.44 -13.91 -14.28 -14.56 -14.78 -14.94 -15.06 -15.12 -15.16 -15.19 -15.19 -15.22 -15.19 -15.06 -14.88 -14.66 -14.47 -14.34 -14.31 -14.31 -14.34 -14.44 -14.56 -14.81 -15.03 -15.16 -15.16 -15.12 -15.12 -15.16 -15.12 -15.12 -15.09 -15.12 -15.19 -15.41 -15.75 -16.09 -16.19 -16.28 -16.38 -16.38 -16.34
-5.16 -5.31 -5.56 -5.91 -6.31 -6.72 -7.09 -7.38 -7.59 -7.78 -8.03 -8.16 -8.34 -8.19 -9.16 -9.59 -9.47 -10.06 -10.03 -10.31 -10.34 -11.09 -11.78 -12.16 -12.78 -12.59 -12.41 -12.59 -13.06 -13.56 -14.06 -14.44 -14.75 -14.94 -15.09 -15.22 -15.31 -15.34 -15.41 -15.44 -15.47 -15.44 -15.31 -15.09 -14.88 -14.72 -14.62 -14.62 -14.56 -14.53 -14.56 -14.78 -15.06 -15.28 -15.31 -15.28 -15.25 -15.25 -15.28 -15.25 -15.22 -15.25 -15.28 -15.41 -15.66 -15.97 -16.16 -16.25 -16.31 -16.41 -16.47 -16.56
-5.50 -5.72 -5.94 -6.19 -6.47 -6.78 -7.06 -7.28 -7.47 -7.66 -7.94 -8.19 -8.44 -8.53 -8.91 -9.19 -9.41 -10.53 -10.84 -10.50 -10.62 -10.69 -11.59 -12.12 -12.78 -12.50 -12.38 -12.72 -13.25 -13.78 -14.25 -14.62 -14.91 -15.09 -15.28 -15.41 -15.50 -15.56 -15.62 -15.69 -15.72 -15.69 -15.53 -15.34 -15.19 -15.09 -15.06 -15.00 -14.91 -14.78 -14.81 -15.00 -15.25 -15.41 -15.38 -15.31 -15.34 -15.41 -15.41 -15.38 -15.38 -15.41 -15.50 -15.66 -15.88 -16.06 -16.19 -16.28 -16.34 -16.44 -16.50 -16.59
-5.78 -6.09 -6.31 -6.47 -6.62 -6.84 -7.03 -7.19 -7.34 -7.56 -7.88 -8.16 -8.41 -8.69 -9.09 -9.53 -9.44 -10.06 -10.84 -11.06 -11.00 -11.00 -11.62 -12.12 -12.41 -12.59 -12.56 -13.00 -13.50 -14.00 -14.47 -14.81 -15.06 -15.28 -15.44 -15.59 -15.69 -15.78 -15.84 -15.91 -15.94 -15.88 -15.75 -15.56 -15.47 -15.50 -15.50 -15.41 -15.25 -15.09 -15.06 -15.22 -15.41 -15.44 -15.41 -15.38 -15.47 -15.56 -15.56 -15.53 -15.53 -15.59 -15.72 -15.84 -16.00 -16.16 -16.28 -16.28 -16.34 -16.44 -16.53 -16.59
-6.06 -6.34 -6.53 -6.66 -6.75 -6.88 -7.03 -7.16 -7.31 -7.53 -7.81 -8.09 -8.31 -8.59 -9.06 -9.66 -9.69 -10.06 -10.62 -10.97 -10.91 -10.78 -11.66 -12.44 -12.31 -12.75 -13.00 -13.28 -13.72 -14.22 -14.66 -14.97 -15.22 -15.44 -15.59 -15.75 -15.91 -16.00 -16.09 -16.16 -16.16 -16.09 -15.94 -15.81 -15.78 -15.81 -15.84 -15.75 -15.53 -15.34 -15.28 -15.38 -15.47 -15.44 -15.38 -15.44 -15.56 -15.66 -15.69 -15.69 -15.72 -15.78 -15.91 -16.00 -16.09 -16.19 -16.28 -16.28 -16.38 -16.47 -16.53 -16.56
-6.28 -6.53 -6.69 -6.75 -6.84 -6.97 -7.06 -7.19 -7.31 -7.50 -7.75 -7.94 -8.19 -8.56 -9.12 -9.38 -9.69 -10.44 -10.84 -11.09 -10.59 -10.81 -11.75 -12.78 -12.66 -13.06 -13.22 -13.44 -13.84 -14.34 -14.78 -15.12 -15.41 -15.59 -15.78 -15.94 -16.06 -16.19 -16.31 -16.38 -16.38 -16.31 -16.19 -16.09 -16.06 -16.09 -16.06 -15.94 -15.69 -15.50 -15.41 -15.41 -15.44 -15.41 -15.34 -15.41 -15.56 -15.69 -15.78 -15.84 -15.91 -16.00 -16.06 -16.09 -16.12 -16.16 -16.22 -16.25 -16.41 -16.47 -16.47 -16.53
-6.47 -6.62 -6.72 -6.78 -6.88 -7.03 -7.16 -7.25 -7.38 -7.50 -7.66 -7.81 -8.09 -8.50 -9.25 -9.38 -9.28 -9.41 -11.00 -11.41 -10.75 -11.22 -12.31 -12.94 -12.97 -13.16 -13.38 -13.41 -13.91 -14.44 -14.91 -15.28 -15.56 -15.75 -15.94 -16.09 -16.25 -16.38 -16.50 -16.59 -16.62 -16.56 -16.47 -16.38 -16.31 -16.25 -16.12 -16.00 -15.78 -15.56 -15.44 -15.41 -15.38 -15.31 -15.28 -15.34 -15.47 -15.62 -15.84 -16.00 -16.12 -16.16 -16.19 -16.12 -16.09 -16.09 -16.12 -16.25 -16.34 -16.34 -16.34 -16.50
-6.56 -6.66 -6.72 -6.75 -6.88 -7.03 -7.19 -7.31 -7.41 -7.53 -7.69 -7.88 -8.19 -8.62 -9.31 -9.66 -10.28 -10.59 -10.94 -11.16 -11.44 -11.91 -12.50 -12.94 -13.06 -13.06 -13.31 -13.41 -13.97 -14.56 -15.06 -15.44 -15.69 -15.91 -16.09 -16.28 -16.44 -16.56 -16.69 -16.78 -16.84 -16.81 -16.75 -16.66 -16.53 -16.38 -16.22 -16.06 -15.88 -15.69 -15.56 -15.44 -15.31 -15.22 -15.19 -15.22 -15.34 -15.59 -15.94 -16.19 -16.34 -16.34 -16.28 -16.12 -15.91 -15.97 -16.09 -16.09 -16.38 -16.28 -16.38 -16.47
