everonasctiles/Tile0,48.asc
ncols 128
nrows 128
xllcorner 0
yllcorner 0
cellsize 2.0
NODATA_value  -9999
[rows 64 to 95 of 128, columns 0 to 70 of 128]
-77.22 -77.25 -77.25 -77.25 -77.25 -77.25 -77.25 -77.22 -77.19 -77.19 -77.16 -77.12 -77.06 -77.03 -77.00 -76.94 -76.88 -76.81 -76.72 -76.62 -76.50 -76.38 -76.25 -76.09 -75.97 -75.81 -75.66 -75.50 -75.34 -75.16 -74.94 -74.72 -74.50 -74.25 -74.00 -73.75 -73.50 -73.22 -72.97 -72.72 -72.47 -72.25 -72.00 -71.78 -71.56 -71.34 -71.12 -70.94 -70.72 -70.53 -70.28 -70.06 -69.81 -69.53 -69.25 -68.97 -68.62 -68.28 -67.91 -67.53 -67.12 -66.69 -66.25 -65.84 -65.41 -65.00 -64.59 -64.19 -63.78 -63.38 -62.97
-77.28 -77.28 -77.28 -77.28 -77.28 -77.28 -77.25 -77.22 -77.19 -77.16 -77.12 -77.09 -77.06 -77.00 -76.97 -76.91 -76.84 -76.75 -76.66 -76.53 -76.41 -76.28 -76.16 -76.00 -75.88 -75.72 -75.56 -75.38 -75.22 -75.03 -74.84 -74.62 -74.41 -74.16 -73.94 -73.69 -73.44 -73.22 -72.97 -72.72 -72.50 -72.25 -72.03 -71.81 -71.56 -71.34 -71.16 -70.94 -70.72 -70.50 -70.28 -70.06 -69.81 -69.53 -69.25 -68.97 -68.62 -68.28 -67.91 -67.53 -67.12 -66.72 -66.31 -65.91 -65.50 -65.09 -64.69 -64.28 -63.91 -63.50 -63.12
-77.31 -77.31 -77.31 -77.31 -77.31 -77.31 -77.28 -77.22 -77.19 -77.16 -77.12 -77.06 -77.03 -76.97 -76.94 -76.88 -76.78 -76.72 -76.59 -76.47 -76.34 -76.19 -76.03 -75.88 -75.72 -75.56 -75.41 -75.25 -75.06 -74.88 -74.69 -74.50 -74.28 -74.06 -73.84 -73.62 -73.41 -73.16 -72.94 -72.72 -72.47 -72.25 -72.03 -71.78 -71.56 -71.34 -71.12 -70.91 -70.69 -70.47 -70.22 -70.00 -69.75 -69.47 -69.19 -68.91 -68.59 -68.25 -67.88 -67.50 -67.12 -66.72 -66.31 -65.91 -65.53 -65.12 -64.75 -64.41 -64.03 -63.69 -63.34
-77.34 -77.34 -77.34 -77.34 -77.34 -77.31 -77.28 -77.22 -77.19 -77.12 -77.09 -77.03 -77.00 -76.94 -76.91 -76.84 -76.75 -76.66 -76.53 -76.41 -76.25 -76.09 -75.91 -75.75 -75.59 -75.41 -75.25 -75.09 -74.91 -74.72 -74.53 -74.34 -74.12 -73.94 -73.72 -73.53 -73.31 -73.09 -72.88 -72.66 -72.41 -72.19 -71.97 -71.75 -71.50 -71.28 -71.06 -70.84 -70.59 -70.38 -70.12 -69.88 -69.62 -69.38 -69.09 -68.81 -68.50 -68.16 -67.81 -67.44 -67.06 -66.69 -66.28 -65.91 -65.53 -65.19 -64.88 -64.56 -64.22 -63.91 -63.66
-77.38 -77.38 -77.38 -77.38 -77.34 -77.31 -77.25 -77.22 -77.16 -77.09 -77.03 -77.00 -76.97 -76.91 -76.84 -76.78 -76.72 -76.59 -76.47 -76.31 -76.16 -75.97 -75.81 -75.62 -75.44 -75.28 -75.09 -74.91 -74.75 -74.56 -74.38 -74.16 -73.97 -73.78 -73.59 -73.41 -73.22 -73.00 -72.78 -72.56 -72.34 -72.12 -71.88 -71.66 -71.44 -71.19 -70.97 -70.72 -70.50 -70.25 -70.00 -69.75 -69.47 -69.22 -68.94 -68.66 -68.38 -68.03 -67.69 -67.34 -66.97 -66.62 -66.25 -65.91 -65.59 -65.34 -65.06 -64.78 -64.50 -64.25 -64.06
-77.38 -77.38 -77.38 -77.38 -77.34 -77.31 -77.25 -77.19 -77.12 -77.06 -77.00 -76.94 -76.91 -76.88 -76.81 -76.75 -76.66 -76.53 -76.41 -76.25 -76.06 -75.91 -75.72 -75.53 -75.34 -75.16 -74.97 -74.78 -74.59 -74.41 -74.22 -74.03 -73.84 -73.66 -73.47 -73.28 -73.09 -72.91 -72.69 -72.47 -72.25 -72.03 -71.81 -71.56 -71.34 -71.09 -70.88 -70.62 -70.38 -70.12 -69.84 -69.59 -69.31 -69.06 -68.78 -68.50 -68.22 -67.91 -67.56 -67.22 -66.88 -66.53 -66.19 -65.97 -65.75 -65.53 -65.31 -65.06 -64.81 -64.62 -64.44
-77.38 -77.38 -77.38 -77.34 -77.34 -77.28 -77.22 -77.16 -77.09 -77.03 -76.97 -76.91 -76.84 -76.81 -76.75 -76.66 -76.56 -76.47 -76.31 -76.16 -76.00 -75.81 -75.66 -75.47 -75.28 -75.09 -74.91 -74.69 -74.50 -74.31 -74.12 -73.91 -73.72 -73.53 -73.34 -73.16 -73.00 -72.81 -72.62 -72.41 -72.19 -71.97 -71.75 -71.50 -71.25 -71.00 -70.75 -70.50 -70.25 -69.97 -69.72 -69.44 -69.16 -68.88 -68.59 -68.31 -68.03 -67.75 -67.44 -67.09 -66.78 -66.47 -66.28 -66.12 -65.97 -65.78 -65.59 -65.38 -65.16 -64.97 -64.81
-77.41 -77.38 -77.38 -77.34 -77.31 -77.28 -77.22 -77.16 -77.06 -77.00 -76.94 -76.84 -76.78 -76.72 -76.66 -76.56 -76.47 -76.38 -76.22 -76.09 -75.94 -75.75 -75.59 -75.44 -75.25 -75.06 -74.91 -74.72 -74.50 -74.31 -74.09 -73.91 -73.69 -73.50 -73.31 -73.09 -72.94 -72.75 -72.56 -72.38 -72.16 -71.91 -71.69 -71.44 -71.19 -70.94 -70.69 -70.41 -70.12 -69.88 -69.59 -69.31 -69.00 -68.72 -68.44 -68.16 -67.91 -67.59 -67.31 -67.00 -66.75 -66.59 -66.47 -66.38 -66.22 -66.06 -65.88 -65.69 -65.50 -65.34 -65.19
-77.38 -77.38 -77.38 -77.34 -77.31 -77.25 -77.19 -77.12 -77.06 -76.97 -76.91 -76.81 -76.72 -76.66 -76.56 -76.47 -76.38 -76.25 -76.12 -76.00 -75.84 -75.72 -75.56 -75.44 -75.28 -75.12 -74.94 -74.78 -74.56 -74.38 -74.16 -73.94 -73.72 -73.53 -73.31 -73.12 -72.94 -72.75 -72.53 -72.34 -72.12 -71.91 -71.66 -71.41 -71.16 -70.88 -70.59 -70.31 -70.03 -69.75 -69.47 -69.19 -68.91 -68.59 -68.31 -68.03 -67.75 -67.47 -67.19 -66.97 -66.88 -66.78 -66.72 -66.59 -66.47 -66.34 -66.16 -66.00 -65.84 -65.69 -65.56
-77.38 -77.34 -77.34 -77.31 -77.28 -77.22 -77.19 -77.12 -77.03 -76.97 -76.88 -76.78 -76.69 -76.56 -76.47 -76.38 -76.28 -76.16 -76.03 -75.91 -75.78 -75.69 -75.56 -75.44 -75.34 -75.19 -75.03 -74.88 -74.66 -74.47 -74.25 -74.03 -73.81 -73.59 -73.38 -73.16 -72.97 -72.78 -72.56 -72.38 -72.16 -71.91 -71.66 -71.41 -71.12 -70.84 -70.56 -70.28 -69.97 -69.69 -69.38 -69.09 -68.81 -68.53 -68.25 -67.97 -67.66 -67.41 -67.22 -67.12 -67.06 -67.00 -66.94 -66.84 -66.72 -66.59 -66.47 -66.31 -66.19 -66.03 -65.91
-77.34 -77.31 -77.31 -77.28 -77.25 -77.22 -77.16 -77.09 -77.03 -76.94 -76.84 -76.72 -76.62 -76.50 -76.41 -76.28 -76.19 -76.06 -75.97 -75.84 -75.75 -75.66 -75.59 -75.50 -75.41 -75.28 -75.12 -74.97 -74.75 -74.53 -74.31 -74.09 -73.88 -73.66 -73.44 -73.22 -73.03 -72.84 -72.66 -72.44 -72.19 -71.97 -71.69 -71.44 -71.16 -70.84 -70.56 -70.25 -69.94 -69.62 -69.31 -69.03 -68.75 -68.50 -68.22 -67.97 -67.69 -67.50 -67.38 -67.31 -67.25 -67.22 -67.16 -67.06 -66.97 -66.84 -66.72 -66.59 -66.47 -66.34 -66.22
-77.28 -77.28 -77.28 -77.25 -77.22 -77.19 -77.12 -77.09 -77.00 -76.91 -76.81 -76.69 -76.59 -76.47 -76.34 -76.22 -76.12 -76.00 -75.91 -75.81 -75.75 -75.72 -75.69 -75.62 -75.53 -75.41 -75.25 -75.06 -74.84 -74.62 -74.41 -74.19 -73.97 -73.75 -73.53 -73.31 -73.12 -72.94 -72.75 -72.50 -72.28 -72.03 -71.75 -71.47 -71.19 -70.88 -70.56 -70.25 -69.94 -69.62 -69.31 -69.03 -68.78 -68.53 -68.28 -68.06 -67.84 -67.66 -67.56 -67.50 -67.44 -67.41 -67.34 -67.28 -67.19 -67.09 -66.97 -66.88 -66.75 -66.62 -66.53
-77.25 -77.22 -77.22 -77.19 -77.16 -77.12 -77.09 -77.03 -76.97 -76.88 -76.78 -76.66 -76.56 -76.44 -76.31 -76.19 -76.09 -75.97 -75.91 -75.84 -75.84 -75.81 -75.78 -75.72 -75.62 -75.50 -75.34 -75.16 -74.97 -74.75 -74.50 -74.28 -74.06 -73.84 -73.62 -73.44 -73.25 -73.03 -72.81 -72.59 -72.34 -72.09 -71.81 -71.53 -71.22 -70.94 -70.59 -70.28 -69.97 -69.69 -69.38 -69.09 -68.84 -68.59 -68.38 -68.19 -68.00 -67.84 -67.75 -67.69 -67.62 -67.59 -67.53 -67.47 -67.41 -67.31 -67.22 -67.09 -67.00 -66.88 -66.78
-77.19 -77.16 -77.16 -77.12 -77.09 -77.06 -77.03 -77.00 -76.94 -76.84 -76.75 -76.62 -76.53 -76.41 -76.31 -76.19 -76.09 -76.03 -75.97 -75.94 -75.94 -75.94 -75.91 -75.84 -75.75 -75.62 -75.47 -75.28 -75.06 -74.84 -74.59 -74.38 -74.16 -73.94 -73.75 -73.53 -73.34 -73.12 -72.91 -72.66 -72.41 -72.16 -71.88 -71.56 -71.28 -70.97 -70.66 -70.34 -70.03 -69.75 -69.47 -69.19 -68.94 -68.72 -68.53 -68.34 -68.16 -68.03 -67.94 -67.88 -67.81 -67.78 -67.72 -67.66 -67.59 -67.50 -67.41 -67.31 -67.22 -67.12 -67.00
-77.12 -77.12 -77.09 -77.06 -77.03 -77.03 -76.97 -76.94 -76.88 -76.78 -76.72 -76.59 -76.50 -76.41 -76.31 -76.22 -76.16 -76.09 -76.06 -76.06 -76.06 -76.06 -76.00 -75.94 -75.84 -75.72 -75.56 -75.38 -75.16 -74.94 -74.72 -74.47 -74.28 -74.06 -73.84 -73.62 -73.44 -73.22 -72.97 -72.72 -72.47 -72.19 -71.88 -71.59 -71.28 -71.00 -70.69 -70.38 -70.09 -69.81 -69.53 -69.28 -69.06 -68.84 -68.66 -68.50 -68.34 -68.22 -68.12 -68.03 -68.00 -67.94 -67.88 -67.81 -67.75 -67.66 -67.59 -67.50 -67.41 -67.31 -67.19
-77.09 -77.09 -77.06 -77.03 -77.00 -76.97 -76.94 -76.88 -76.81 -76.75 -76.69 -76.59 -76.50 -76.44 -76.34 -76.28 -76.25 -76.19 -76.19 -76.19 -76.16 -76.16 -76.12 -76.03 -75.94 -75.81 -75.62 -75.44 -75.22 -75.00 -74.78 -74.56 -74.34 -74.12 -73.94 -73.72 -73.50 -73.25 -73.03 -72.75 -72.47 -72.19 -71.88 -71.59 -71.28 -70.97 -70.69 -70.41 -70.12 -69.88 -69.62 -69.38 -69.19 -68.97 -68.81 -68.66 -68.50 -68.38 -68.28 -68.22 -68.16 -68.09 -68.03 -67.97 -67.88 -67.81 -67.72 -67.66 -67.56 -67.44 -67.34
-77.09 -77.06 -77.03 -77.00 -76.97 -76.94 -76.91 -76.88 -76.81 -76.75 -76.69 -76.62 -76.56 -76.47 -76.44 -76.38 -76.34 -76.31 -76.28 -76.28 -76.28 -76.25 -76.19 -76.12 -76.00 -75.88 -75.69 -75.50 -75.28 -75.09 -74.88 -74.66 -74.44 -74.22 -74.00 -73.78 -73.56 -73.31 -73.06 -72.78 -72.50 -72.19 -71.88 -71.56 -71.25 -70.97 -70.69 -70.41 -70.16 -69.94 -69.69 -69.50 -69.28 -69.12 -68.94 -68.81 -68.66 -68.53 -68.44 -68.34 -68.28 -68.22 -68.16 -68.09 -68.00 -67.94 -67.84 -67.75 -67.66 -67.56 -67.47
-77.09 -77.09 -77.06 -77.03 -77.00 -76.97 -76.91 -76.88 -76.84 -76.78 -76.72 -76.66 -76.59 -76.56 -76.50 -76.47 -76.44 -76.41 -76.41 -76.41 -76.38 -76.34 -76.28 -76.19 -76.06 -75.91 -75.75 -75.56 -75.34 -75.16 -74.94 -74.72 -74.50 -74.28 -74.06 -73.84 -73.59 -73.34 -73.09 -72.81 -72.53 -72.22 -71.91 -71.59 -71.28 -70.97 -70.69 -70.44 -70.22 -70.00 -69.81 -69.59 -69.41 -69.25 -69.09 -68.97 -68.81 -68.69 -68.59 -68.50 -68.41 -68.34 -68.25 -68.16 -68.09 -68.00 -67.94 -67.84 -67.75 -67.66 -67.56
-77.12 -77.12 -77.09 -77.06 -77.03 -77.00 -76.97 -76.94 -76.88 -76.84 -76.78 -76.72 -76.69 -76.62 -76.59 -76.56 -76.53 -76.53 -76.50 -76.50 -76.47 -76.41 -76.31 -76.22 -76.09 -75.94 -75.78 -75.59 -75.41 -75.19 -75.00 -74.78 -74.56 -74.34 -74.12 -73.88 -73.66 -73.38 -73.12 -72.84 -72.53 -72.25 -71.94 -71.62 -71.31 -71.03 -70.75 -70.50 -70.28 -70.09 -69.91 -69.72 -69.53 -69.38 -69.22 -69.09 -68.97 -68.84 -68.72 -68.62 -68.53 -68.44 -68.34 -68.25 -68.16 -68.06 -67.97 -67.91 -67.81 -67.72 -67.62
-77.16 -77.16 -77.12 -77.09 -77.06 -77.06 -77.03 -76.97 -76.94 -76.88 -76.84 -76.78 -76.75 -76.72 -76.69 -76.66 -76.62 -76.59 -76.59 -76.56 -76.53 -76.44 -76.38 -76.25 -76.12 -75.97 -75.81 -75.62 -75.44 -75.25 -75.06 -74.84 -74.62 -74.41 -74.16 -73.94 -73.66 -73.41 -73.12 -72.84 -72.56 -72.28 -71.97 -71.66 -71.38 -71.09 -70.84 -70.59 -70.41 -70.19 -70.00 -69.84 -69.66 -69.50 -69.38 -69.25 -69.09 -68.97 -68.84 -68.72 -68.59 -68.50 -68.41 -68.31 -68.22 -68.12 -68.03 -67.94 -67.88 -67.78 -67.69
-77.19 -77.16 -77.16 -77.12 -77.12 -77.09 -77.06 -77.03 -77.00 -76.94 -76.91 -76.84 -76.81 -76.78 -76.75 -76.75 -76.72 -76.69 -76.66 -76.62 -76.56 -76.50 -76.38 -76.28 -76.12 -76.00 -75.81 -75.66 -75.47 -75.28 -75.09 -74.88 -74.66 -74.44 -74.19 -73.94 -73.69 -73.41 -73.16 -72.88 -72.59 -72.28 -72.00 -71.72 -71.44 -71.19 -70.94 -70.72 -70.53 -70.31 -70.12 -69.97 -69.78 -69.66 -69.50 -69.38 -69.22 -69.06 -68.94 -68.78 -68.69 -68.56 -68.44 -68.34 -68.25 -68.16 -68.09 -68.00 -67.91 -67.84 -67.75
-77.19 -77.19 -77.19 -77.16 -77.16 -77.12 -77.12 -77.09 -77.06 -77.00 -76.97 -76.91 -76.88 -76.84 -76.84 -76.81 -76.78 -76.75 -76.72 -76.66 -76.59 -76.50 -76.41 -76.28 -76.12 -76.00 -75.84 -75.66 -75.47 -75.31 -75.09 -74.88 -74.66 -74.44 -74.19 -73.94 -73.69 -73.44 -73.16 -72.88 -72.59 -72.34 -72.06 -71.78 -71.53 -71.31 -71.09 -70.88 -70.66 -70.44 -70.25 -70.09 -69.94 -69.78 -69.62 -69.47 -69.31 -69.16 -69.00 -68.88 -68.72 -68.59 -68.50 -68.41 -68.31 -68.22 -68.12 -68.03 -67.97 -67.88 -67.81
-77.22 -77.22 -77.19 -77.19 -77.19 -77.16 -77.16 -77.12 -77.09 -77.06 -77.00 -76.97 -76.94 -76.91 -76.88 -76.88 -76.84 -76.81 -76.75 -76.69 -76.59 -76.50 -76.41 -76.25 -76.12 -75.97 -75.81 -75.66 -75.47 -75.28 -75.09 -74.88 -74.66 -74.44 -74.19 -73.97 -73.72 -73.44 -73.19 -72.94 -72.66 -72.41 -72.12 -71.91 -71.69 -71.44 -71.22 -71.00 -70.81 -70.59 -70.41 -70.25 -70.06 -69.91 -69.75 -69.59 -69.41 -69.25 -69.09 -68.94 -68.78 -68.66 -68.53 -68.44 -68.34 -68.25 -68.16 -68.06 -68.00 -67.94 -67.84
-77.22 -77.22 -77.22 -77.22 -77.19 -77.19 -77.16 -77.16 -77.12 -77.09 -77.06 -77.03 -77.00 -76.97 -76.94 -76.91 -76.88 -76.81 -76.78 -76.69 -76.59 -76.50 -76.38 -76.22 -76.09 -75.94 -75.78 -75.62 -75.44 -75.25 -75.06 -74.88 -74.66 -74.44 -74.22 -73.97 -73.75 -73.50 -73.25 -73.00 -72.72 -72.47 -72.25 -72.03 -71.81 -71.59 -71.38 -71.16 -70.94 -70.75 -70.56 -70.38 -70.19 -70.03 -69.84 -69.66 -69.50 -69.31 -69.16 -68.97 -68.81 -68.69 -68.56 -68.47 -68.38 -68.28 -68.19 -68.09 -68.03 -67.97 -67.88
-77.25 -77.25 -77.22 -77.22 -77.22 -77.19 -77.19 -77.19 -77.16 -77.16 -77.12 -77.09 -77.06 -77.00 -76.97 -76.94 -76.88 -76.84 -76.78 -76.69 -76.59 -76.47 -76.34 -76.19 -76.03 -75.88 -75.72 -75.56 -75.41 -75.22 -75.03 -74.84 -74.66 -74.44 -74.22 -74.00 -73.78 -73.53 -73.31 -73.06 -72.81 -72.59 -72.38 -72.16 -71.94 -71.75 -71.50 -71.28 -71.09 -70.88 -70.69 -70.50 -70.31 -70.12 -69.94 -69.75 -69.56 -69.38 -69.19 -69.03 -68.84 -68.72 -68.59 -68.47 -68.38 -68.28 -68.19 -68.12 -68.06 -67.97 -67.91
-77.28 -77.25 -77.25 -77.22 -77.22 -77.22 -77.19 -77.19 -77.19 -77.19 -77.16 -77.12 -77.09 -77.06 -77.00 -76.97 -76.91 -76.84 -76.75 -76.66 -76.56 -76.41 -76.28 -76.12 -75.97 -75.81 -75.66 -75.50 -75.34 -75.16 -75.00 -74.81 -74.62 -74.44 -74.22 -74.03 -73.81 -73.59 -73.38 -73.16 -72.91 -72.69 -72.50 -72.28 -72.06 -71.84 -71.62 -71.41 -71.22 -71.00 -70.81 -70.62 -70.41 -70.22 -70.00 -69.81 -69.59 -69.41 -69.22 -69.06 -68.88 -68.72 -68.59 -68.47 -68.38 -68.28 -68.19 -68.12 -68.06 -67.97 -67.91
-77.28 -77.28 -77.25 -77.25 -77.25 -77.22 -77.22 -77.22 -77.22 -77.22 -77.19 -77.16 -77.12 -77.09 -77.03 -76.97 -76.91 -76.84 -76.75 -76.62 -76.50 -76.38 -76.22 -76.09 -75.94 -75.75 -75.59 -75.44 -75.28 -75.12 -74.94 -74.78 -74.59 -74.41 -74.22 -74.03 -73.84 -73.66 -73.44 -73.22 -73.00 -72.78 -72.59 -72.38 -72.19 -71.97 -71.75 -71.53 -71.31 -71.12 -70.91 -70.69 -70.47 -70.28 -70.06 -69.84 -69.66 -69.44 -69.25 -69.06 -68.91 -68.72 -68.56 -68.44 -68.34 -68.25 -68.16 -68.09 -68.03 -67.94 -67.88
-77.28 -77.28 -77.28 -77.25 -77.25 -77.25 -77.22 -77.22 -77.22 -77.22 -77.22 -77.19 -77.16 -77.09 -77.03 -76.97 -76.91 -76.81 -76.72 -76.59 -76.47 -76.34 -76.19 -76.03 -75.88 -75.72 -75.56 -75.38 -75.22 -75.06 -74.91 -74.72 -74.56 -74.38 -74.22 -74.03 -73.84 -73.66 -73.47 -73.25 -73.06 -72.88 -72.66 -72.47 -72.25 -72.03 -71.81 -71.62 -71.41 -71.19 -70.97 -70.75 -70.53 -70.31 -70.09 -69.88 -69.66 -69.47 -69.25 -69.06 -68.88 -68.72 -68.56 -68.41 -68.31 -68.19 -68.12 -68.03 -67.97 -67.88 -67.81
-77.28 -77.28 -77.28 -77.25 -77.25 -77.25 -77.25 -77.25 -77.25 -77.22 -77.22 -77.19 -77.12 -77.09 -77.03 -76.97 -76.91 -76.81 -76.69 -76.56 -76.44 -76.28 -76.16 -76.00 -75.84 -75.69 -75.53 -75.38 -75.19 -75.03 -74.88 -74.72 -74.53 -74.38 -74.22 -74.03 -73.88 -73.69 -73.50 -73.28 -73.09 -72.91 -72.72 -72.53 -72.31 -72.12 -71.91 -71.69 -71.47 -71.25 -71.03 -70.81 -70.56 -70.34 -70.12 -69.88 -69.66 -69.47 -69.25 -69.06 -68.88 -68.69 -68.53 -68.38 -68.25 -68.16 -68.06 -67.97 -67.91 -67.81 -67.72
-77.28 -77.28 -77.28 -77.25 -77.25 -77.25 -77.25 -77.22 -77.22 -77.22 -77.19 -77.16 -77.12 -77.06 -77.03 -76.94 -76.88 -76.78 -76.69 -76.56 -76.41 -76.28 -76.12 -75.97 -75.84 -75.69 -75.53 -75.38 -75.22 -75.06 -74.88 -74.72 -74.56 -74.41 -74.22 -74.06 -73.88 -73.69 -73.50 -73.31 -73.12 -72.94 -72.78 -72.59 -72.38 -72.16 -71.94 -71.72 -71.50 -71.28 -71.06 -70.84 -70.59 -70.38 -70.16 -69.91 -69.69 -69.44 -69.25 -69.03 -68.84 -68.66 -68.47 -68.31 -68.19 -68.06 -67.97 -67.88 -67.81 -67.72 -67.62
-77.28 -77.28 -77.28 -77.25 -77.25 -77.25 -77.22 -77.22 -77.19 -77.19 -77.16 -77.12 -77.06 -77.03 -76.97 -76.91 -76.84 -76.75 -76.66 -76.53 -76.41 -76.25 -76.12 -75.97 -75.84 -75.69 -75.56 -75.41 -75.25 -75.09 -74.94 -74.78 -74.59 -74.44 -74.25 -74.09 -73.91 -73.69 -73.50 -73.31 -73.16 -72.97 -72.81 -72.62 -72.41 -72.19 -71.97 -71.78 -71.56 -71.31 -71.09 -70.88 -70.62 -70.41 -70.16 -69.94 -69.69 -69.44 -69.22 -69.00 -68.78 -68.59 -68.41 -68.25 -68.12 -68.00 -67.91 -67.81 -67.72 -67.62 -67.53
-77.28 -77.28 -77.25 -77.25 -77.25 -77.25 -77.22 -77.19 -77.19 -77.16 -77.09 -77.06 -77.03 -76.97 -76.94 -76.88 -76.81 -76.72 -76.62 -76.50 -76.38 -76.25 -76.12 -76.00 -75.88 -75.75 -75.59 -75.44 -75.31 -75.16 -75.00 -74.81 -74.66 -74.47 -74.31 -74.09 -73.91 -73.72 -73.53 -73.34 -73.16 -73.00 -72.81 -72.62 -72.44 -72.22 -72.00 -71.78 -71.56 -71.34 -71.12 -70.91 -70.69 -70.44 -70.19 -69.94 -69.69 -69.41 -69.16 -68.94 -68.72 -68.50 -68.31 -68.16 -68.03 -67.91 -67.81 -67.69 -67.59 -67.50 -67.41
