everonasctiles/Tile[38,16].asc
ncols 128
nrows 128
xllcorner 0
yllcorner 0
cellsize 2.0
NODATA_value  -9999
[rows 0 to 33 of 128, columns 0 to 76 of 128]
27.28 27.09 26.97 26.69 26.19 25.59 25.00 24.47 23.91 23.22 22.50 21.66 20.75 19.72 18.59 17.53 16.59 15.28 14.78 14.56 14.28 13.97 13.69 13.28 12.84 12.38 11.91 11.47 10.94 10.47 9.88 9.41 8.81 8.22 7.62 7.06 6.56 6.00 5.44 4.09 2.41 2.16 1.81 1.81 1.84 2.00 1.97 2.00 2.12 2.06 2.22 2.12 2.12 2.12 2.19 2.28 2.31 2.31 2.34 2.38 2.41 2.50 2.59 2.69 2.66 2.53 2.47 2.47 2.44 2.44 2.41 2.34 2.31 2.25 2.12 2.03 1.88
27.38 27.25 27.03 26.75 26.31 25.78 25.16 24.53 23.88 23.16 22.38 21.47 20.47 19.53 18.56 17.66 16.62 15.47 14.97 14.69 14.38 14.00 13.62 13.22 12.75 12.25 11.75 11.28 10.75 10.28 9.78 9.28 8.75 8.19 7.62 7.06 6.47 6.00 5.53 4.69 2.56 2.03 1.94 1.81 1.81 1.91 1.88 1.88 1.94 1.97 2.09 2.12 2.09 2.09 2.22 2.28 2.31 2.34 2.34 2.38 2.53 2.66 2.66 2.69 2.59 2.44 2.53 2.59 2.56 2.50 2.47 2.44 2.38 2.31 2.19 2.09 1.94
27.50 27.31 27.12 26.84 26.41 25.88 25.22 24.50 23.81 23.06 22.28 21.12 20.16 19.25 18.38 17.47 16.53 15.69 15.22 14.84 14.47 14.03 13.59 13.12 12.66 12.09 11.59 11.12 10.59 10.09 9.59 9.12 8.59 8.00 7.53 6.97 6.53 6.00 5.50 4.91 3.00 2.34 2.03 1.81 1.84 1.81 1.78 1.88 1.97 2.00 2.00 2.12 2.06 2.06 2.22 2.28 2.34 2.38 2.41 2.50 2.59 2.62 2.59 2.59 2.56 2.41 2.56 2.66 2.66 2.56 2.53 2.50 2.44 2.38 2.25 2.16 2.00
27.50 27.31 27.09 26.78 26.38 25.81 25.12 24.38 23.69 22.69 21.75 20.41 19.69 18.78 17.97 17.25 16.44 15.88 15.44 15.00 14.47 14.00 13.53 13.06 12.59 12.00 11.44 10.97 10.47 9.97 9.50 9.03 8.50 7.94 7.44 6.97 6.44 5.75 5.50 4.97 3.62 2.62 2.12 1.94 1.81 1.75 1.91 1.78 1.78 1.94 1.91 2.03 2.03 2.03 2.19 2.31 2.34 2.41 2.44 2.53 2.59 2.62 2.62 2.62 2.53 2.41 2.59 2.69 2.69 2.66 2.59 2.56 2.50 2.38 2.28 2.19 2.09
27.50 27.31 27.00 26.69 26.19 25.59 24.94 24.19 23.41 22.22 21.00 20.06 19.25 18.59 17.81 17.12 16.47 16.03 15.59 15.09 14.59 14.12 13.56 13.12 12.56 12.03 11.47 11.03 10.53 10.00 9.50 9.00 8.53 8.06 7.53 6.94 6.53 6.09 5.62 4.91 4.00 3.31 2.75 2.22 1.94 1.91 1.78 1.75 1.78 1.84 1.84 1.84 1.94 2.00 2.16 2.31 2.34 2.38 2.41 2.53 2.56 2.59 2.59 2.59 2.50 2.38 2.53 2.62 2.72 2.75 2.62 2.59 2.47 2.38 2.34 2.31 2.31
27.41 27.06 26.75 26.47 26.00 25.41 24.53 23.94 23.09 22.22 20.88 19.94 19.22 18.44 17.81 17.16 16.62 16.16 15.66 15.19 14.72 14.16 13.66 13.16 12.59 12.06 11.56 11.09 10.59 10.06 9.59 9.12 8.66 8.19 7.66 7.06 6.75 6.31 5.69 5.06 4.34 3.75 3.25 2.72 2.31 2.12 2.00 1.84 1.88 1.78 1.81 1.84 1.91 1.94 2.09 2.25 2.31 2.34 2.38 2.53 2.53 2.53 2.56 2.56 2.47 2.31 2.47 2.56 2.66 2.69 2.56 2.50 2.44 2.44 2.47 2.53 2.47
27.34 26.97 26.62 26.16 25.50 24.81 24.19 23.69 22.56 21.56 20.62 19.91 19.22 18.44 17.84 17.34 16.78 16.28 15.81 15.34 14.84 14.28 13.72 13.22 12.69 12.12 11.69 11.22 10.72 10.22 9.72 9.25 8.81 8.25 7.75 7.25 7.03 6.44 5.91 5.34 4.66 4.09 3.53 3.09 2.69 2.25 2.03 1.97 1.84 1.69 1.66 1.84 1.88 1.94 2.09 2.19 2.28 2.31 2.34 2.47 2.50 2.50 2.53 2.50 2.44 2.31 2.41 2.53 2.59 2.59 2.47 2.47 2.47 2.56 2.62 2.66 2.56
27.41 27.00 26.59 26.12 25.41 24.56 23.91 23.19 22.34 21.16 20.44 19.78 19.16 18.53 18.00 17.47 16.88 16.44 16.00 15.56 14.97 14.38 13.84 13.41 12.84 12.34 11.91 11.38 10.81 10.34 9.88 9.38 8.91 8.34 7.91 7.66 7.22 6.75 6.22 5.56 5.00 4.50 3.97 3.47 2.94 2.56 2.25 1.97 1.84 1.69 1.72 1.84 1.78 1.84 1.94 2.09 2.19 2.25 2.31 2.38 2.47 2.44 2.44 2.44 2.41 2.31 2.34 2.50 2.59 2.50 2.47 2.50 2.59 2.72 2.75 2.72 2.62
27.41 27.06 26.69 26.28 25.50 24.53 23.59 23.00 22.03 21.12 20.38 19.69 19.06 18.62 18.16 17.66 17.12 16.66 16.16 15.69 15.12 14.56 14.03 13.56 13.06 12.56 12.06 11.56 11.00 10.53 10.06 9.59 9.09 8.47 8.19 7.91 7.50 7.03 6.50 5.97 5.44 4.81 4.34 3.81 3.50 2.94 2.62 2.31 1.88 1.75 1.69 1.66 1.66 1.81 2.00 2.03 2.09 2.16 2.22 2.28 2.34 2.38 2.38 2.34 2.34 2.28 2.31 2.47 2.47 2.44 2.50 2.59 2.75 2.78 2.78 2.78 2.72
27.41 27.03 26.69 26.25 25.66 24.59 23.50 22.72 21.91 21.09 20.44 19.81 19.12 18.72 18.31 17.81 17.34 16.88 16.38 15.84 15.34 14.81 14.31 13.81 13.31 12.78 12.25 11.75 11.22 10.75 10.25 9.78 9.22 8.69 8.56 8.09 7.78 7.38 6.84 6.28 5.78 5.25 4.69 4.16 3.72 3.28 2.94 2.28 1.94 1.72 1.47 1.53 1.75 1.84 1.91 1.97 2.06 2.09 2.16 2.19 2.22 2.28 2.31 2.31 2.28 2.25 2.19 2.34 2.38 2.47 2.53 2.56 2.75 2.75 2.78 2.81 2.81
27.50 27.16 26.75 26.38 25.66 24.34 23.44 22.72 21.84 21.12 20.50 20.03 19.19 18.84 18.44 18.00 17.56 17.09 16.56 16.09 15.59 15.06 14.53 14.03 13.50 13.00 12.44 11.94 11.44 10.97 10.50 9.94 9.41 9.03 8.88 8.44 8.09 7.69 7.22 6.75 6.19 5.66 5.12 4.62 4.12 3.69 3.22 2.62 2.06 1.59 1.47 1.47 1.59 1.84 1.78 1.88 1.91 2.00 2.06 2.12 2.12 2.16 2.22 2.19 2.16 2.12 2.09 2.25 2.38 2.44 2.50 2.53 2.69 2.72 2.75 2.78 2.88
27.53 27.22 26.81 26.41 25.81 24.75 23.50 22.78 22.00 21.38 20.81 20.03 19.31 18.97 18.62 18.19 17.75 17.28 16.78 16.28 15.78 15.28 14.75 14.25 13.72 13.19 12.66 12.16 11.66 11.19 10.66 10.06 9.69 9.41 9.09 8.75 8.38 8.03 7.59 7.09 6.62 6.12 5.69 5.09 4.59 4.03 3.44 2.94 2.19 1.84 1.50 1.44 1.53 1.62 1.62 1.78 2.00 1.91 1.97 2.03 2.06 2.09 2.09 2.03 2.00 2.00 2.03 2.22 2.34 2.44 2.50 2.53 2.66 2.72 2.72 2.75 2.88
27.53 27.22 26.78 26.31 25.84 25.19 24.31 23.19 22.19 21.66 20.94 20.22 19.66 19.16 18.78 18.38 17.97 17.50 17.00 16.47 15.97 15.47 14.97 14.47 13.94 13.44 12.91 12.38 11.88 11.34 10.88 10.41 10.00 9.75 9.41 9.06 8.72 8.34 8.03 7.56 7.06 6.62 6.12 5.66 5.09 4.66 4.06 3.56 2.94 1.91 1.47 1.47 1.50 1.50 1.66 1.66 1.88 1.84 1.91 1.94 1.97 2.00 1.97 1.97 2.00 2.00 2.03 2.19 2.34 2.41 2.47 2.50 2.59 2.69 2.72 2.69 2.84
27.53 27.19 26.72 26.28 25.75 25.16 24.34 23.41 22.59 21.75 21.00 20.47 19.91 19.50 18.97 18.59 18.16 17.69 17.19 16.69 16.19 15.69 15.19 14.66 14.16 13.62 13.12 12.62 12.09 11.66 11.12 10.72 10.38 10.06 9.75 9.44 9.06 8.72 8.38 8.00 7.53 7.09 6.66 6.22 5.81 5.34 4.91 4.28 3.47 2.31 1.62 1.44 1.41 1.44 1.56 1.69 1.66 1.75 1.75 1.91 1.91 1.94 1.97 1.97 2.00 2.03 2.03 2.16 2.31 2.41 2.44 2.50 2.53 2.62 2.69 2.66 2.72
27.44 27.09 26.69 26.25 25.69 25.12 24.41 23.72 22.88 22.16 21.38 20.75 20.19 19.69 19.22 18.81 18.34 17.88 17.38 16.88 16.41 15.91 15.38 14.88 14.34 13.84 13.31 12.75 12.38 11.88 11.44 11.09 10.72 10.38 10.09 9.78 9.44 9.12 8.78 8.41 8.03 7.62 7.28 6.81 6.53 6.16 5.72 5.22 4.50 3.03 1.72 1.50 1.41 1.44 1.44 1.53 1.59 1.62 1.75 1.81 1.88 1.84 1.91 1.97 2.00 2.03 2.03 2.16 2.25 2.34 2.41 2.47 2.50 2.53 2.56 2.59 2.62
27.31 26.97 26.59 26.19 25.69 25.16 24.50 23.88 23.19 22.53 21.84 21.16 20.53 19.97 19.50 19.03 18.56 18.06 17.56 17.06 16.59 16.09 15.59 15.06 14.56 14.06 13.56 13.06 12.66 12.16 11.78 11.47 11.09 10.78 10.50 10.16 9.84 9.53 9.22 8.88 8.53 8.19 7.84 7.53 7.22 6.94 6.69 6.41 6.25 5.56 3.38 1.91 1.44 1.50 1.50 1.47 1.47 1.59 1.66 1.78 1.81 1.88 1.88 2.00 2.00 2.03 2.03 2.12 2.22 2.31 2.38 2.41 2.47 2.47 2.47 2.47 2.50
27.12 26.81 26.47 26.06 25.62 25.12 24.56 23.94 23.31 22.66 22.03 21.44 20.81 20.22 19.75 19.25 18.75 18.25 17.75 17.25 16.75 16.28 15.78 15.25 14.72 14.25 13.72 13.31 12.94 12.47 12.19 11.91 11.53 11.22 10.91 10.59 10.31 9.97 9.66 9.31 9.00 8.62 8.41 8.22 8.03 7.91 7.72 7.59 7.47 7.25 5.78 3.44 1.91 1.47 1.50 1.44 1.50 1.53 1.59 1.69 1.72 1.78 1.88 1.94 1.94 2.00 2.03 2.09 2.19 2.25 2.31 2.38 2.38 2.41 2.44 2.44 2.44
27.03 26.72 26.38 25.94 25.53 25.03 24.53 23.97 23.41 22.81 22.22 21.66 21.03 20.47 19.94 19.44 18.94 18.47 17.97 17.44 16.94 16.47 15.94 15.44 14.94 14.44 13.97 13.59 13.25 12.78 12.56 12.28 11.97 11.66 11.34 11.03 10.72 10.41 10.06 9.78 9.44 9.09 8.91 8.75 8.59 8.50 8.44 8.34 8.16 7.81 7.25 5.81 3.41 1.94 1.50 1.44 1.41 1.50 1.56 1.56 1.62 1.66 1.84 1.91 1.91 2.00 2.03 2.09 2.12 2.22 2.28 2.31 2.38 2.38 2.38 2.38 2.31
26.97 26.66 26.28 25.88 25.44 25.00 24.50 24.00 23.44 22.91 22.38 21.81 21.25 20.66 20.12 19.59 19.09 18.53 18.06 17.62 17.16 16.66 16.19 15.69 15.12 14.66 14.28 13.91 13.53 13.09 12.94 12.66 12.38 12.09 11.78 11.50 11.19 10.88 10.59 10.22 9.91 9.59 9.47 9.28 9.19 9.06 8.94 8.84 8.69 8.28 7.75 7.12 5.78 3.62 2.22 1.59 1.50 1.50 1.53 1.50 1.56 1.66 1.84 1.81 1.84 1.88 2.03 2.06 2.12 2.19 2.25 2.31 2.34 2.34 2.34 2.31 2.28
26.88 26.56 26.22 25.81 25.38 24.97 24.50 24.00 23.50 23.00 22.47 21.97 21.41 20.84 20.28 19.78 19.28 18.84 18.38 17.84 17.34 16.84 16.38 15.88 15.38 14.94 14.56 14.19 13.84 13.44 13.31 13.03 12.78 12.50 12.22 11.94 11.66 11.38 11.03 10.69 10.53 10.28 10.00 9.81 9.72 9.59 9.47 9.31 9.00 8.69 8.22 7.53 6.22 5.41 4.19 2.81 2.03 1.69 1.50 1.56 1.53 1.69 1.69 1.75 1.81 1.81 2.00 2.06 2.09 2.19 2.25 2.28 2.31 2.31 2.31 2.34 2.34
26.81 26.47 26.16 25.72 25.28 24.84 24.44 24.00 23.53 23.06 22.56 22.09 21.56 21.00 20.47 19.97 19.50 19.06 18.56 18.06 17.53 17.03 16.53 16.06 15.59 15.22 14.84 14.50 14.16 13.81 13.69 13.41 13.19 12.94 12.66 12.38 12.12 11.84 11.50 11.28 11.06 10.81 10.56 10.38 10.22 10.09 9.88 9.66 9.38 9.00 8.69 7.75 6.47 5.78 5.41 4.78 3.78 2.88 2.28 1.88 1.69 1.62 1.62 1.72 1.81 1.84 1.97 2.09 2.06 2.19 2.28 2.28 2.34 2.38 2.38 2.38 2.38
26.72 26.41 26.06 25.69 25.31 24.91 24.50 24.06 23.62 23.16 22.69 22.19 21.66 21.12 20.59 20.16 19.75 19.28 18.75 18.22 17.66 17.16 16.69 16.25 15.88 15.50 15.16 14.84 14.50 14.22 14.06 13.81 13.56 13.34 13.09 12.88 12.59 12.28 12.00 11.84 11.66 11.31 11.09 10.91 10.75 10.56 10.34 9.88 9.53 9.34 9.06 8.12 6.69 6.00 5.69 5.38 5.06 4.50 3.88 3.25 2.81 2.38 2.06 2.03 2.06 2.06 2.06 2.16 2.16 2.25 2.31 2.34 2.38 2.41 2.47 2.47 2.44
26.75 26.47 26.16 25.81 25.47 25.09 24.66 24.19 23.72 23.22 22.78 22.28 21.78 21.28 20.78 20.38 19.94 19.47 19.00 18.44 17.91 17.38 16.94 16.53 16.16 15.81 15.50 15.16 14.81 14.56 14.41 14.19 13.97 13.75 13.53 13.28 13.06 12.78 12.59 12.44 12.22 11.91 11.66 11.44 11.25 11.06 10.84 10.09 9.91 9.72 9.19 8.28 7.38 6.50 6.00 5.69 5.38 5.06 4.88 4.88 4.62 4.25 3.81 3.09 2.72 2.56 2.44 2.38 2.41 2.41 2.38 2.53 2.47 2.50 2.53 2.53 2.50
26.84 26.59 26.34 26.06 25.66 25.25 24.75 24.28 23.81 23.41 22.91 22.44 21.94 21.47 21.00 20.56 20.12 19.72 19.22 18.75 18.22 17.72 17.22 16.81 16.47 16.12 15.78 15.47 15.19 14.97 14.78 14.59 14.41 14.19 14.00 13.75 13.53 13.38 13.28 13.06 12.84 12.53 12.22 12.03 11.81 11.62 11.38 10.94 10.62 10.19 9.34 8.75 8.19 7.56 6.78 6.38 6.12 5.94 5.88 5.84 5.53 5.19 4.88 4.38 3.81 3.28 3.00 2.81 2.66 2.62 2.59 2.62 2.66 2.66 2.56 2.66 2.53
27.06 26.84 26.56 26.25 25.88 25.44 24.91 24.41 23.91 23.47 23.03 22.59 22.16 21.69 21.22 20.78 20.38 19.94 19.47 18.97 18.50 18.03 17.56 17.16 16.78 16.47 16.12 15.81 15.56 15.41 15.22 15.03 14.88 14.75 14.53 14.28 14.12 14.00 13.91 13.72 13.53 13.22 12.91 12.62 12.44 12.34 12.22 11.91 11.59 10.84 10.03 9.34 9.00 8.62 7.78 7.50 7.03 7.03 6.97 6.81 6.53 6.12 5.84 5.28 4.66 4.09 3.59 3.34 3.09 3.00 2.97 2.94 2.88 2.84 2.72 2.81 2.62
27.31 27.09 26.84 26.50 26.12 25.69 25.16 24.56 24.06 23.59 23.16 22.72 22.28 21.81 21.41 21.03 20.62 20.16 19.69 19.22 18.75 18.31 17.91 17.53 17.16 16.84 16.50 16.28 16.00 15.84 15.69 15.56 15.44 15.34 15.12 14.94 14.84 14.75 14.59 14.44 14.22 13.91 13.62 13.31 13.31 13.28 13.19 12.91 12.53 11.84 11.25 10.47 9.94 9.47 8.97 8.53 8.16 8.09 8.16 7.84 7.28 7.00 6.66 6.16 5.44 4.81 4.31 4.06 3.75 3.44 3.31 3.28 3.19 3.09 3.03 3.00 2.97
27.62 27.38 27.12 26.81 26.44 26.00 25.53 24.88 24.31 23.84 23.38 22.91 22.47 22.03 21.66 21.28 20.84 20.34 19.91 19.50 19.09 18.66 18.31 17.94 17.50 17.22 17.00 16.78 16.56 16.38 16.25 16.12 16.03 15.91 15.81 15.66 15.59 15.47 15.31 15.16 14.94 14.72 14.53 14.34 14.38 14.28 14.22 13.84 13.62 13.28 12.38 11.66 10.94 10.28 10.12 10.06 9.94 9.69 9.28 8.91 8.41 7.88 7.53 6.91 6.22 5.50 4.97 4.56 4.25 3.97 3.81 3.84 3.59 3.50 3.38 3.22 3.16
27.88 27.66 27.44 27.16 26.81 26.41 25.84 25.25 24.62 24.06 23.66 23.19 22.72 22.31 21.91 21.50 21.06 20.62 20.22 19.81 19.44 19.06 18.69 18.28 18.03 17.78 17.59 17.44 17.22 17.00 16.81 16.69 16.62 16.56 16.47 16.31 16.31 16.22 16.06 15.91 15.69 15.50 15.47 15.41 15.44 15.28 15.19 15.03 14.75 14.38 13.59 13.03 12.44 11.41 11.22 11.34 11.38 11.09 10.66 10.28 9.47 9.03 8.50 7.75 6.88 6.22 5.66 5.34 4.88 4.62 4.44 4.28 4.03 3.88 3.72 3.59 3.44
28.12 27.94 27.75 27.50 27.19 26.81 26.25 25.69 24.97 24.31 23.94 23.50 23.06 22.62 22.22 21.84 21.41 20.94 20.59 20.16 19.78 19.47 19.03 18.91 18.69 18.41 18.31 18.16 17.94 17.72 17.53 17.34 17.25 17.19 17.16 17.03 17.00 16.97 16.84 16.69 16.44 16.31 16.22 16.38 16.38 16.31 16.22 16.16 15.81 15.38 14.84 14.31 13.69 13.03 12.69 12.66 12.78 12.53 12.22 11.59 10.72 10.19 9.47 8.59 7.66 6.88 6.44 5.97 5.62 5.28 5.00 4.81 4.56 4.38 4.22 4.00 3.75
28.38 28.19 27.97 27.75 27.50 27.16 26.66 26.12 25.44 24.69 24.28 23.84 23.41 22.97 22.56 22.16 21.69 21.34 20.97 20.53 20.22 19.88 19.50 19.38 19.19 19.09 19.06 18.91 18.69 18.50 18.28 18.06 17.91 17.84 17.84 17.72 17.69 17.69 17.66 17.53 17.38 17.22 16.94 17.06 17.19 17.47 17.62 17.56 17.19 16.38 15.47 15.06 14.78 14.28 13.78 13.97 14.03 13.84 13.50 13.06 12.34 11.53 10.69 9.75 8.75 7.81 7.22 6.69 6.31 6.03 5.69 5.47 5.22 4.91 4.72 4.53 4.19
28.59 28.41 28.19 27.97 27.75 27.44 26.94 26.38 25.78 25.00 24.53 24.12 23.69 23.28 22.88 22.50 22.12 21.78 21.41 21.03 20.69 20.31 20.00 19.91 19.75 19.75 19.75 19.66 19.50 19.31 19.06 18.81 18.62 18.53 18.56 18.41 18.41 18.41 18.47 18.41 18.44 18.47 18.06 17.88 18.31 18.88 19.16 19.12 18.66 18.06 16.69 15.59 15.22 14.75 14.62 15.22 15.28 15.09 14.75 14.34 13.72 12.97 12.00 10.91 9.69 8.75 8.03 7.53 7.16 6.75 6.44 6.16 5.81 5.56 5.25 5.06 4.75
28.81 28.59 28.38 28.16 27.94 27.66 27.34 26.88 26.19 25.38 24.84 24.47 24.09 23.69 23.31 22.94 22.56 22.22 21.84 21.47 21.09 20.75 20.59 20.53 20.47 20.47 20.44 20.34 20.25 20.06 19.84 19.62 19.38 19.22 19.25 19.12 19.19 19.25 19.31 19.31 19.47 19.62 19.56 19.44 19.75 20.41 20.66 20.62 20.16 19.19 18.03 17.69 17.44 16.28 15.97 16.41 16.44 16.22 16.00 15.66 15.03 14.09 13.09 11.97 10.78 9.72 8.81 8.34 7.94 7.53 7.16 6.88 6.53 6.22 5.97 5.62 5.34
29.03 28.81 28.59 28.34 28.12 27.84 27.56 27.22 26.62 25.84 25.38 24.94 24.56 24.16 23.75 23.38 23.00 22.62 22.25 21.91 21.53 21.31 21.25 21.25 21.19 21.19 21.12 21.03 20.94 20.78 20.59 20.38 20.16 19.97 19.91 19.91 19.88 19.97 20.12 20.25 20.47 20.75 20.97 21.06 21.50 21.97 22.06 22.00 21.56 20.78 19.62 19.62 19.06 18.34 17.62 17.53 17.41 17.41 17.25 16.84 16.19 15.19 14.12 13.38 12.25 10.88 9.75 9.28 8.88 8.38 8.09 7.72 7.38 7.03 6.62 6.38 5.97
29.25 29.00 28.78 28.56 28.31 28.03 27.72 27.38 27.00 26.56 25.94 25.44 24.97 24.59 24.19 23.81 23.41 23.03 22.69 22.38 22.00 21.88 21.88 21.91 21.97 21.88 21.81 21.69 21.50 21.38 21.25 21.06 20.84 20.62 20.59 20.66 20.66 20.66 20.75 21.09 21.38 21.66 21.97 22.38 22.88 23.12 23.31 23.22 23.06 22.09 21.50 21.12 20.59 19.91 18.84 18.41 18.50 18.59 18.41 17.97 17.31 16.41 15.59 14.72 13.44 12.22 11.12 10.38 9.75 9.44 8.97 8.59 8.16 7.84 7.47 7.12 6.84
