everonasctiles/Tile[34,10].asc
ncols 128
nrows 128
xllcorner 0
yllcorner 0
cellsize 2.0
NODATA_value  -9999
[rows 0 to 32 of 128, columns 0 to 74 of 128]
111.56 111.16 110.78 110.34 109.94 109.53 109.12 108.69 108.28 107.88 107.47 107.03 106.56 106.09 105.62 105.12 104.69 104.25 103.84 103.53 103.28 103.06 102.91 102.75 102.62 102.50 102.28 102.12 101.91 101.62 101.34 100.78 100.66 100.47 100.22 99.81 99.47 99.41 99.25 99.06 98.91 98.75 98.59 98.53 98.47 98.41 98.38 98.31 98.25 98.22 98.16 98.09 98.09 98.09 98.09 98.09 98.16 98.09 97.84 96.94 96.88 96.78 96.34 96.00 95.69 95.28 94.84 94.44 94.00 93.41 92.97 92.66 92.56 92.44 92.31
111.56 111.16 110.78 110.38 109.97 109.56 109.16 108.75 108.34 107.94 107.53 107.09 106.62 106.16 105.69 105.19 104.75 104.31 103.94 103.59 103.28 103.03 102.81 102.66 102.50 102.34 102.28 102.16 101.84 101.34 100.84 100.69 100.66 100.66 100.31 100.00 99.66 99.38 99.16 98.97 98.81 98.66 98.50 98.41 98.34 98.28 98.22 98.19 98.12 98.06 98.03 97.97 97.97 98.00 98.00 98.00 98.00 98.03 97.81 97.12 96.94 96.84 96.41 96.06 95.72 95.38 94.91 94.53 94.06 93.47 93.03 92.66 92.56 92.41 92.28
111.56 111.16 110.78 110.38 109.97 109.59 109.19 108.78 108.41 108.03 107.62 107.19 106.72 106.25 105.75 105.25 104.81 104.38 103.97 103.59 103.28 103.00 102.38 102.28 102.34 102.19 102.09 102.00 101.47 101.12 100.84 100.62 100.75 100.66 100.41 99.94 99.62 99.34 99.12 98.91 98.72 98.53 98.38 98.25 98.22 98.16 98.09 98.06 98.00 97.94 97.88 97.84 97.84 97.88 97.88 97.88 97.88 97.91 97.78 97.28 97.00 96.75 96.44 96.12 95.78 95.41 95.00 94.62 94.16 93.56 93.09 92.66 92.56 92.41 92.19
111.53 111.16 110.78 110.38 110.00 109.62 109.22 108.84 108.47 108.09 107.72 107.28 106.81 106.31 105.81 105.31 104.84 104.41 103.97 103.59 103.25 102.94 102.28 102.41 102.19 102.00 101.84 101.72 101.44 101.06 100.72 100.72 100.75 100.53 100.22 99.91 99.59 99.31 99.03 98.81 98.56 98.34 98.25 98.12 98.06 98.03 97.97 97.91 97.88 97.81 97.75 97.72 97.69 97.75 97.78 97.75 97.75 97.72 97.66 97.34 97.03 96.75 96.47 96.19 95.81 95.44 95.06 94.69 94.25 93.59 93.06 92.69 92.59 92.38 92.06
111.53 111.16 110.78 110.38 110.00 109.62 109.28 108.91 108.53 108.19 107.78 107.34 106.88 106.38 105.88 105.38 104.88 104.41 103.97 103.56 103.19 102.88 102.50 102.28 102.09 101.81 101.59 101.38 101.09 100.56 100.47 100.47 100.31 100.12 100.06 99.78 99.50 99.22 98.94 98.69 98.44 98.12 98.06 98.00 97.94 97.88 97.84 97.78 97.72 97.69 97.62 97.59 97.53 97.56 97.62 97.62 97.59 97.56 97.50 97.19 96.97 96.72 96.47 96.22 95.84 95.47 95.09 94.69 94.28 93.53 93.00 92.69 92.59 92.28 91.88
111.53 111.16 110.75 110.38 110.00 109.66 109.28 108.94 108.56 108.19 107.78 107.34 106.88 106.38 105.88 105.38 104.88 104.38 103.94 103.53 103.16 102.81 102.47 102.31 102.19 101.59 101.34 101.06 100.78 100.38 100.38 100.22 100.09 99.91 99.88 99.66 99.41 99.09 98.78 98.50 98.25 98.03 97.88 97.84 97.81 97.75 97.72 97.66 97.59 97.56 97.50 97.47 97.41 97.41 97.47 97.50 97.47 97.41 97.34 97.09 96.88 96.66 96.44 96.22 95.88 95.44 95.06 94.66 94.25 93.47 92.97 92.69 92.53 92.12 91.69
111.50 111.12 110.72 110.34 109.97 109.62 109.28 108.94 108.56 108.16 107.75 107.31 106.84 106.34 105.84 105.34 104.84 104.34 103.91 103.53 103.16 102.78 102.44 102.25 101.94 101.53 101.19 100.91 100.59 100.34 100.12 100.03 99.81 99.72 99.47 99.53 99.25 98.91 98.59 98.31 98.03 97.72 97.72 97.72 97.66 97.62 97.56 97.53 97.47 97.44 97.38 97.34 97.28 97.25 97.31 97.38 97.34 97.25 97.19 97.00 96.81 96.62 96.41 96.22 95.88 95.44 95.00 94.50 94.06 93.31 92.75 92.66 92.41 92.03 91.56
111.47 111.09 110.69 110.31 109.97 109.62 109.25 108.88 108.50 108.09 107.69 107.25 106.81 106.34 105.84 105.34 104.84 104.34 103.94 103.53 103.16 102.78 102.41 102.03 101.84 101.41 101.12 100.78 100.44 100.19 100.06 99.94 99.81 99.50 99.28 99.34 99.00 98.69 98.41 98.09 97.78 97.59 97.59 97.44 97.25 97.50 97.44 97.41 97.34 97.31 97.25 97.19 97.16 97.09 97.16 97.25 97.22 97.12 97.03 96.91 96.75 96.59 96.41 96.22 95.88 95.44 94.94 94.31 93.62 93.16 92.75 92.59 92.34 91.97 91.50
111.44 111.03 110.66 110.28 109.94 109.56 109.22 108.84 108.44 108.03 107.66 107.25 106.81 106.34 105.88 105.41 104.91 104.41 103.97 103.59 103.19 102.81 102.41 102.00 101.69 101.25 100.94 100.88 100.59 100.19 100.19 99.84 99.44 99.28 99.00 98.91 98.72 98.50 98.25 97.84 97.53 97.38 97.31 97.03 97.06 97.34 97.31 97.28 97.22 97.19 97.12 97.06 97.03 96.97 96.97 97.09 97.06 97.00 96.91 96.81 96.72 96.56 96.44 96.22 95.91 95.47 94.94 94.19 93.50 93.00 92.75 92.56 92.34 91.97 91.53
111.41 111.00 110.62 110.25 109.88 109.53 109.19 108.78 108.41 108.03 107.66 107.28 106.84 106.41 105.97 105.50 105.00 104.53 104.09 103.69 103.28 102.88 102.47 102.03 101.62 101.22 100.88 100.78 100.47 100.34 100.34 99.97 99.34 99.22 98.75 98.66 98.44 97.06 97.50 97.47 97.31 97.22 97.16 97.06 97.03 97.09 97.19 97.16 97.09 97.06 97.00 96.94 96.91 96.84 96.81 96.88 96.94 96.88 96.81 96.69 96.59 96.53 96.41 96.19 95.94 95.56 95.00 94.19 93.50 93.03 92.78 92.59 92.34 92.03 91.59
111.34 110.94 110.56 110.19 109.84 109.50 109.12 108.78 108.41 108.06 107.69 107.34 106.94 106.53 106.09 105.62 105.16 104.69 104.22 103.81 103.41 103.00 102.56 102.09 101.66 101.25 100.88 100.66 100.50 100.47 100.28 99.97 99.31 98.94 97.06 97.06 97.06 97.06 97.19 97.22 97.06 97.06 97.06 97.06 97.00 96.94 97.06 97.03 96.97 96.94 96.88 96.81 96.78 96.72 96.69 96.69 96.78 96.75 96.69 96.59 96.50 96.41 96.25 96.06 95.84 95.50 94.94 94.19 93.53 93.09 92.81 92.59 92.38 92.06 91.69
111.31 110.91 110.53 110.16 109.78 109.44 109.12 108.78 108.44 108.09 107.78 107.44 107.06 106.66 106.22 105.75 105.28 104.81 104.38 103.97 103.56 103.12 102.69 102.22 101.72 101.28 100.88 100.69 100.44 100.31 99.72 99.38 98.91 98.66 97.06 97.06 97.06 97.06 97.06 97.06 97.06 97.06 97.06 97.00 96.97 96.91 96.94 96.91 96.84 96.81 96.75 96.69 96.66 96.59 96.56 96.50 96.56 96.62 96.59 96.50 96.38 96.25 96.09 95.94 95.72 95.31 94.81 94.22 93.62 93.16 92.81 92.59 92.41 92.12 91.75
111.28 110.88 110.47 110.09 109.75 109.41 109.09 108.75 108.44 108.12 107.84 107.50 107.16 106.75 106.31 105.88 105.41 104.97 104.53 104.09 103.69 103.28 102.81 102.34 101.84 101.31 100.88 100.56 100.25 99.94 99.66 99.25 98.66 98.34 97.06 97.06 97.06 97.06 97.06 97.06 97.06 97.06 97.06 97.06 97.06 96.97 96.78 96.78 96.72 96.66 96.62 96.56 96.53 96.47 96.44 96.38 96.38 96.38 96.38 96.31 96.19 96.06 95.94 95.81 95.53 95.16 94.72 94.25 93.72 93.22 92.81 92.59 92.44 92.16 91.81
111.28 110.88 110.47 110.06 109.72 109.38 109.06 108.75 108.47 108.16 107.88 107.56 107.22 106.81 106.41 105.97 105.50 105.06 104.62 104.22 103.78 103.38 102.94 102.47 101.94 101.38 100.84 100.44 100.22 99.91 99.41 98.94 98.62 98.06 97.75 97.56 97.06 97.06 97.03 97.03 97.03 97.03 97.06 97.06 97.03 96.88 96.56 96.66 96.59 96.53 96.50 96.44 96.41 96.34 96.31 96.25 96.22 96.19 96.12 96.03 95.91 95.81 95.72 95.66 95.38 95.06 94.69 94.25 93.78 93.28 92.69 92.59 92.44 92.16 91.78
111.31 110.88 110.44 110.03 109.69 109.34 109.03 108.75 108.47 108.19 107.88 107.59 107.25 106.88 106.47 106.03 105.59 105.16 104.72 104.28 103.88 103.44 103.00 102.53 102.00 101.41 100.91 100.41 100.12 99.81 99.28 98.78 98.28 97.78 97.50 97.34 97.03 97.06 97.06 97.06 97.00 97.09 97.03 97.06 96.81 96.78 96.47 96.53 96.47 96.41 96.38 96.31 96.28 96.22 96.16 96.12 96.06 96.03 95.94 95.84 95.66 95.53 95.41 95.34 95.22 94.97 94.66 94.28 93.84 93.34 92.69 92.59 92.47 92.12 91.75
111.34 110.91 110.47 110.03 109.66 109.31 109.00 108.72 108.47 108.19 107.88 107.59 107.25 106.91 106.50 106.06 105.66 105.22 104.78 104.38 103.94 103.50 103.06 102.59 102.06 101.50 100.94 100.47 100.09 99.75 99.22 98.66 98.19 97.62 97.12 96.97 97.03 97.06 97.09 97.06 97.03 97.06 97.00 96.84 95.97 95.94 96.12 96.25 96.34 96.28 96.25 96.19 96.16 96.09 96.03 96.00 95.94 95.88 95.78 95.69 95.50 95.41 95.28 95.19 95.12 94.97 94.69 94.34 93.94 93.41 92.69 92.59 92.47 92.16 91.75
111.41 110.94 110.50 110.06 109.69 109.34 109.03 108.75 108.47 108.19 107.88 107.56 107.25 106.91 106.50 106.09 105.66 105.22 104.81 104.41 104.00 103.56 103.12 102.66 102.16 101.59 101.06 100.56 100.16 99.75 99.31 98.84 98.09 97.50 97.00 96.88 96.69 96.72 97.06 97.03 97.09 96.19 95.78 95.78 95.81 95.88 95.94 95.97 96.12 96.16 96.12 96.06 96.03 95.97 95.91 95.88 95.81 95.75 95.62 95.50 95.44 95.31 95.22 95.12 95.09 95.00 94.78 94.47 94.06 93.47 92.72 92.62 92.47 92.16 91.81
111.47 111.03 110.56 110.12 109.75 109.41 109.09 108.78 108.50 108.22 107.91 107.56 107.22 106.88 106.47 106.06 105.62 105.22 104.81 104.41 104.03 103.62 103.19 102.72 102.25 101.72 101.16 100.62 100.16 99.72 99.22 98.75 98.06 97.47 96.97 96.62 96.50 96.22 96.88 97.12 95.78 95.78 95.78 95.78 95.78 95.78 95.78 95.78 95.91 96.03 96.00 95.94 95.91 95.84 95.78 95.75 95.69 95.66 95.56 95.34 95.38 95.28 95.19 95.12 95.09 95.06 94.91 94.62 94.19 93.56 92.75 92.66 92.56 92.25 91.88
111.56 111.09 110.66 110.22 109.84 109.50 109.16 108.84 108.56 108.25 107.91 107.56 107.19 106.81 106.44 106.06 105.62 105.19 104.78 104.41 104.03 103.66 103.22 102.81 102.38 101.81 101.22 100.62 100.09 99.62 99.09 98.53 98.03 97.44 97.03 96.66 96.31 96.28 96.22 96.22 95.78 95.78 95.78 95.78 95.78 95.78 95.78 95.78 95.81 95.91 95.88 95.81 95.75 95.72 95.66 95.62 95.56 95.53 95.50 95.34 95.28 95.25 95.19 95.09 95.09 95.06 94.97 94.72 94.31 93.66 92.78 92.66 92.59 92.34 92.00
111.62 111.22 110.78 110.34 109.94 109.56 109.25 108.91 108.59 108.25 107.91 107.53 107.19 106.81 106.41 106.00 105.56 105.16 104.75 104.38 104.03 103.66 103.28 102.84 102.41 101.78 101.19 100.59 100.06 99.53 99.03 98.53 98.03 97.47 96.97 96.62 96.28 96.19 96.16 95.78 95.84 95.78 95.78 95.78 95.78 95.78 95.78 95.78 95.78 95.75 95.75 95.69 95.62 95.59 95.53 95.50 95.47 95.44 95.41 95.31 95.22 95.19 95.12 95.12 95.09 95.09 95.00 94.78 94.38 93.69 92.78 92.69 92.62 92.44 92.16
111.72 111.31 110.88 110.44 110.03 109.66 109.28 108.94 108.59 108.25 107.88 107.53 107.16 106.78 106.34 105.94 105.50 105.06 104.66 104.31 104.00 103.62 103.25 102.81 102.31 101.72 101.16 100.56 100.03 99.50 98.94 98.56 98.09 97.81 97.34 96.59 96.09 95.88 95.91 95.84 95.78 95.78 95.78 95.78 95.78 95.78 95.78 95.78 95.78 95.66 95.62 95.56 95.50 95.47 95.44 95.41 95.41 95.38 95.34 95.28 95.16 95.16 95.12 95.12 95.12 95.06 95.00 94.78 94.38 93.66 92.72 92.66 92.66 92.53 92.31
111.75 111.34 110.94 110.50 110.09 109.69 109.31 108.94 108.56 108.22 107.84 107.47 107.09 106.69 106.25 105.81 105.38 104.94 104.56 104.22 103.88 103.50 103.09 102.66 102.19 101.66 101.09 100.53 100.00 99.47 99.00 98.59 98.19 97.19 97.03 95.88 95.88 95.78 95.84 95.78 95.78 95.78 95.78 95.78 95.78 95.78 95.69 95.62 95.59 95.53 95.50 95.47 95.44 95.41 95.38 95.34 95.31 95.28 95.25 95.22 95.12 95.19 95.12 95.12 95.09 95.09 95.00 94.78 94.34 93.62 92.81 92.66 92.66 92.62 92.47
111.81 111.41 111.00 110.56 110.16 109.72 109.34 108.97 108.59 108.19 107.81 107.41 107.00 106.59 106.16 105.72 105.28 104.88 104.50 104.09 103.75 103.34 102.94 102.53 102.06 101.59 101.06 100.53 100.00 99.50 99.03 98.62 98.16 97.38 95.66 95.53 95.59 95.78 95.78 95.78 95.78 95.78 95.72 95.72 95.72 95.75 95.62 95.53 95.47 95.44 95.41 95.38 95.34 95.31 95.28 95.28 95.25 95.22 95.19 95.16 95.09 95.12 95.12 95.12 95.09 95.09 95.03 94.81 94.38 93.62 92.88 92.69 92.66 92.66 92.59
111.84 111.47 111.06 110.66 110.22 109.81 109.41 109.00 108.62 108.22 107.81 107.41 106.97 106.53 106.09 105.66 105.22 104.84 104.47 104.06 103.62 103.22 102.84 102.47 102.03 101.56 101.06 100.53 100.00 99.50 99.03 98.59 98.06 96.12 95.56 95.44 95.34 95.78 95.78 95.78 95.72 95.72 95.72 95.72 95.69 95.62 95.56 95.44 95.31 95.34 95.34 95.31 95.28 95.25 95.22 95.19 95.16 95.12 95.09 95.06 95.06 95.12 95.12 95.12 95.09 95.09 95.06 94.91 94.47 93.66 92.94 92.69 92.66 92.66 92.66
111.94 111.56 111.16 110.72 110.31 109.91 109.47 109.06 108.66 108.25 107.84 107.38 106.94 106.47 106.03 105.59 105.22 104.84 104.47 104.09 103.62 103.19 102.81 102.44 102.03 101.59 101.06 100.53 100.00 99.47 98.94 98.41 97.66 95.88 95.53 95.56 95.47 95.78 95.69 95.69 95.72 95.66 95.59 95.59 95.56 95.53 95.47 95.41 95.31 95.25 95.25 95.25 95.19 95.16 95.12 95.12 95.09 95.06 95.03 95.00 94.97 95.09 95.12 95.12 95.09 95.09 95.09 94.97 94.66 93.66 93.03 92.69 92.66 92.66 92.66
112.00 111.66 111.28 110.84 110.44 110.00 109.59 109.19 108.75 108.31 107.84 107.41 106.91 106.44 106.00 105.59 105.19 104.84 104.47 104.09 103.66 103.19 102.81 102.47 102.09 101.66 101.12 100.56 100.00 99.41 98.81 98.12 97.25 96.16 95.56 95.56 95.62 95.69 95.62 95.53 95.50 95.50 95.50 95.50 95.50 95.47 95.41 95.34 95.28 95.22 95.22 95.19 95.12 95.09 95.06 95.03 95.00 94.97 94.94 94.91 94.91 94.97 95.12 95.12 95.09 95.09 95.09 95.06 94.34 93.69 93.19 92.69 92.66 92.66 92.66
112.12 111.78 111.41 111.00 110.56 110.16 109.72 109.31 108.84 108.41 107.91 107.41 106.94 106.44 106.00 105.56 105.19 104.81 104.44 104.06 103.66 103.25 102.91 102.56 102.19 101.75 101.19 100.62 100.03 99.38 98.66 97.84 96.94 95.97 95.53 95.53 95.56 95.56 95.50 95.41 95.44 95.44 95.44 95.44 95.44 95.41 95.38 95.31 95.28 95.22 95.19 95.16 95.06 95.00 95.00 94.97 94.94 94.91 94.88 94.84 94.81 94.88 95.09 95.12 95.09 95.09 95.09 95.09 94.66 94.03 93.41 93.16 92.81 92.66 92.69
112.19 111.91 111.53 111.12 110.72 110.31 109.88 109.44 108.97 108.50 108.00 107.47 106.94 106.44 105.97 105.56 105.16 104.78 104.44 104.06 103.69 103.34 103.03 102.69 102.28 101.81 101.28 100.69 100.06 99.38 98.59 97.72 96.72 95.84 95.56 95.56 95.56 95.56 95.56 95.44 95.38 95.38 95.38 95.38 95.38 95.34 95.34 95.31 95.25 95.22 95.19 95.12 95.03 94.94 94.91 94.88 94.84 94.81 94.78 94.78 94.78 94.78 95.03 95.06 95.09 95.09 95.09 95.09 95.09 94.75 94.25 93.84 93.81 93.41 93.75
112.31 112.00 111.66 111.28 110.88 110.47 110.03 109.59 109.12 108.59 108.09 107.53 107.00 106.47 106.00 105.53 105.12 104.78 104.44 104.09 103.75 103.44 103.12 102.69 102.25 101.81 101.34 100.78 100.12 99.41 98.59 97.69 96.69 95.88 95.56 95.56 95.56 95.56 95.56 95.47 95.38 95.34 95.34 95.34 95.34 95.31 95.31 95.28 95.25 95.25 95.19 95.12 95.03 94.88 94.84 94.81 94.78 94.78 94.75 94.75 94.75 94.72 94.91 95.09 95.09 95.06 95.06 95.06 95.06 95.00 95.06 94.91 95.22 94.84 94.94
112.44 112.09 111.78 111.44 111.03 110.62 110.19 109.72 109.22 108.72 108.19 107.62 107.06 106.53 106.00 105.56 105.16 104.78 104.47 104.12 103.81 103.50 103.12 102.66 102.22 101.81 101.34 100.78 100.12 99.41 98.62 97.75 96.84 96.03 95.59 95.56 95.53 95.53 95.56 95.53 95.47 95.31 95.31 95.31 95.31 95.31 95.28 95.28 95.25 95.22 95.16 95.09 95.03 94.84 94.78 94.75 94.75 94.75 94.72 94.72 94.72 94.69 94.78 95.06 95.03 95.03 95.03 95.06 95.06 95.09 95.09 95.09 95.09 95.12 95.12
112.53 112.22 111.91 111.56 111.19 110.75 110.31 109.84 109.34 108.81 108.25 107.69 107.12 106.56 106.06 105.59 105.19 104.84 104.53 104.22 103.91 103.59 103.16 102.69 102.22 101.81 101.31 100.78 100.12 99.44 98.69 97.88 97.03 96.28 95.72 95.56 95.56 95.56 95.56 95.56 95.53 95.31 95.31 95.28 95.28 95.28 95.28 95.25 95.25 95.22 95.16 95.12 95.06 94.88 94.75 94.72 94.72 94.72 94.69 94.69 94.69 94.66 94.69 94.88 94.97 95.00 95.03 95.03 95.06 95.09 95.09 95.09 95.09 95.12 95.12
112.69 112.34 112.00 111.66 111.28 110.88 110.44 109.97 109.47 108.91 108.34 107.78 107.19 106.66 106.12 105.66 105.25 104.91 104.59 104.31 104.00 103.72 103.25 102.78 102.31 101.84 101.34 100.78 100.16 99.47 98.75 98.03 97.28 96.56 95.97 95.66 95.56 95.56 95.56 95.56 95.53 95.31 95.28 95.28 95.28 95.25 95.25 95.25 95.25 95.22 95.19 95.12 95.06 94.94 94.72 94.69 94.69 94.69 94.66 94.66 94.66 94.66 94.66 94.81 94.94 95.00 95.03 95.03 95.06 95.09 95.09 95.09 95.09 95.12 95.12
112.81 112.47 112.12 111.75 111.38 110.97 110.53 110.06 109.53 109.00 108.44 107.84 107.28 106.72 106.22 105.75 105.34 104.97 104.69 104.41 104.12 103.84 103.44 102.94 102.44 101.91 101.38 100.81 100.19 99.56 98.88 98.19 97.50 96.84 96.31 95.91 95.72 95.66 95.53 95.53 95.50 95.31 95.28 95.25 95.25 95.25 95.25 95.25 95.25 95.22 95.19 95.16 95.09 94.97 94.75 94.66 94.66 94.66 94.66 94.66 94.66 94.66 94.66 94.75 94.91 94.97 95.00 95.03 95.06 95.09 95.09 95.09 95.09 95.12 95.12
