everonasctiles/Tile2,17.asc
ncols 128
nrows 128
xllcorner 0
yllcorner 0
cellsize 2.0
NODATA_value  -9999
[rows 64 to 95 of 128, columns 0 to 70 of 128]
-89.22 -89.31 -89.41 -89.47 -89.53 -89.59 -89.69 -89.75 -89.81 -89.91 -89.97 -90.03 -90.12 -90.19 -90.22 -90.28 -90.34 -90.38 -90.44 -90.47 -90.53 -90.56 -90.62 -90.72 -90.78 -90.88 -90.97 -91.03 -91.12 -91.19 -91.25 -91.31 -91.34 -91.41 -91.44 -91.47 -91.50 -91.53 -91.53 -91.56 -91.59 -91.66 -91.69 -91.72 -91.78 -91.81 -91.88 -91.91 -91.94 -91.97 -92.03 -92.06 -92.09 -92.12 -92.19 -92.22 -92.25 -92.28 -92.28 -92.31 -92.31 -92.31 -92.31 -92.31 -92.31 -92.34 -92.34 -92.34 -92.34 -92.34 -92.31
-89.19 -89.28 -89.38 -89.47 -89.56 -89.62 -89.69 -89.78 -89.84 -89.91 -90.00 -90.06 -90.12 -90.19 -90.25 -90.28 -90.31 -90.38 -90.41 -90.47 -90.50 -90.56 -90.62 -90.69 -90.75 -90.84 -90.91 -91.00 -91.09 -91.16 -91.22 -91.28 -91.34 -91.38 -91.41 -91.44 -91.47 -91.50 -91.53 -91.56 -91.59 -91.62 -91.66 -91.72 -91.75 -91.81 -91.84 -91.88 -91.94 -91.97 -92.00 -92.03 -92.06 -92.09 -92.12 -92.16 -92.22 -92.25 -92.25 -92.28 -92.28 -92.28 -92.28 -92.28 -92.31 -92.31 -92.31 -92.31 -92.31 -92.31 -92.28
-89.16 -89.28 -89.38 -89.47 -89.56 -89.62 -89.69 -89.78 -89.84 -89.91 -90.00 -90.06 -90.12 -90.19 -90.22 -90.25 -90.28 -90.34 -90.38 -90.44 -90.47 -90.53 -90.59 -90.66 -90.72 -90.81 -90.88 -90.97 -91.06 -91.12 -91.19 -91.25 -91.31 -91.34 -91.38 -91.41 -91.44 -91.47 -91.50 -91.53 -91.56 -91.62 -91.66 -91.69 -91.75 -91.78 -91.81 -91.88 -91.91 -91.94 -91.97 -92.00 -92.03 -92.06 -92.09 -92.12 -92.16 -92.19 -92.22 -92.22 -92.25 -92.25 -92.25 -92.25 -92.28 -92.28 -92.28 -92.28 -92.28 -92.28 -92.28
-89.12 -89.25 -89.34 -89.44 -89.53 -89.62 -89.69 -89.75 -89.84 -89.91 -89.97 -90.03 -90.09 -90.16 -90.19 -90.22 -90.25 -90.28 -90.34 -90.38 -90.44 -90.50 -90.56 -90.62 -90.69 -90.78 -90.84 -90.94 -91.03 -91.09 -91.16 -91.22 -91.28 -91.31 -91.34 -91.41 -91.44 -91.47 -91.50 -91.53 -91.56 -91.59 -91.66 -91.69 -91.72 -91.78 -91.81 -91.84 -91.88 -91.91 -91.94 -91.97 -91.97 -92.00 -92.03 -92.06 -92.12 -92.16 -92.16 -92.19 -92.19 -92.19 -92.22 -92.22 -92.25 -92.25 -92.28 -92.28 -92.28 -92.28 -92.25
-89.09 -89.22 -89.31 -89.41 -89.50 -89.56 -89.66 -89.72 -89.78 -89.88 -89.94 -90.00 -90.06 -90.09 -90.16 -90.19 -90.22 -90.25 -90.28 -90.34 -90.41 -90.47 -90.53 -90.59 -90.66 -90.75 -90.81 -90.91 -90.97 -91.06 -91.12 -91.19 -91.22 -91.28 -91.34 -91.38 -91.41 -91.44 -91.47 -91.53 -91.56 -91.59 -91.62 -91.69 -91.72 -91.75 -91.78 -91.81 -91.84 -91.88 -91.91 -91.91 -91.94 -91.97 -92.00 -92.03 -92.06 -92.09 -92.12 -92.12 -92.16 -92.16 -92.16 -92.19 -92.22 -92.25 -92.25 -92.25 -92.25 -92.25 -92.25
-89.06 -89.16 -89.28 -89.38 -89.44 -89.53 -89.59 -89.66 -89.75 -89.81 -89.88 -89.94 -90.00 -90.06 -90.09 -90.12 -90.16 -90.19 -90.25 -90.28 -90.34 -90.41 -90.47 -90.56 -90.62 -90.72 -90.78 -90.88 -90.94 -91.00 -91.06 -91.12 -91.19 -91.25 -91.31 -91.34 -91.38 -91.41 -91.47 -91.50 -91.53 -91.56 -91.62 -91.66 -91.69 -91.72 -91.75 -91.81 -91.84 -91.84 -91.88 -91.88 -91.91 -91.94 -91.97 -92.00 -92.03 -92.06 -92.09 -92.09 -92.09 -92.09 -92.12 -92.16 -92.19 -92.19 -92.22 -92.25 -92.25 -92.25 -92.25
-89.00 -89.09 -89.22 -89.28 -89.38 -89.44 -89.53 -89.59 -89.69 -89.75 -89.81 -89.88 -89.94 -90.00 -90.03 -90.06 -90.12 -90.16 -90.19 -90.25 -90.31 -90.38 -90.44 -90.50 -90.59 -90.66 -90.72 -90.81 -90.88 -90.94 -91.00 -91.09 -91.16 -91.22 -91.25 -91.31 -91.34 -91.38 -91.44 -91.47 -91.50 -91.53 -91.56 -91.62 -91.66 -91.69 -91.72 -91.78 -91.81 -91.81 -91.84 -91.84 -91.88 -91.88 -91.91 -91.97 -92.00 -92.03 -92.03 -92.06 -92.06 -92.06 -92.09 -92.09 -92.12 -92.16 -92.19 -92.22 -92.22 -92.22 -92.22
-88.94 -89.03 -89.12 -89.22 -89.31 -89.38 -89.44 -89.53 -89.59 -89.69 -89.75 -89.81 -89.88 -89.94 -89.97 -90.03 -90.06 -90.09 -90.16 -90.22 -90.25 -90.31 -90.38 -90.47 -90.53 -90.59 -90.66 -90.75 -90.81 -90.88 -90.94 -91.03 -91.09 -91.16 -91.22 -91.25 -91.28 -91.34 -91.38 -91.41 -91.44 -91.47 -91.53 -91.56 -91.59 -91.66 -91.69 -91.72 -91.75 -91.78 -91.81 -91.81 -91.81 -91.84 -91.88 -91.91 -91.94 -91.97 -92.00 -92.00 -92.00 -92.03 -92.03 -92.06 -92.09 -92.12 -92.16 -92.19 -92.19 -92.22 -92.22
-88.88 -88.97 -89.06 -89.16 -89.22 -89.31 -89.38 -89.44 -89.53 -89.59 -89.69 -89.75 -89.81 -89.88 -89.94 -89.97 -90.00 -90.06 -90.12 -90.16 -90.22 -90.28 -90.34 -90.41 -90.47 -90.53 -90.59 -90.69 -90.75 -90.81 -90.91 -90.97 -91.03 -91.09 -91.16 -91.19 -91.22 -91.28 -91.31 -91.34 -91.38 -91.41 -91.44 -91.50 -91.53 -91.59 -91.62 -91.69 -91.72 -91.75 -91.75 -91.78 -91.78 -91.81 -91.84 -91.88 -91.91 -91.94 -91.97 -91.97 -91.97 -91.97 -92.00 -92.03 -92.06 -92.09 -92.12 -92.16 -92.16 -92.19 -92.19
-88.78 -88.88 -88.97 -89.06 -89.12 -89.22 -89.28 -89.38 -89.44 -89.53 -89.59 -89.66 -89.75 -89.81 -89.84 -89.91 -89.97 -90.03 -90.06 -90.12 -90.19 -90.25 -90.31 -90.38 -90.44 -90.50 -90.56 -90.62 -90.69 -90.75 -90.81 -90.88 -90.94 -91.00 -91.06 -91.12 -91.16 -91.19 -91.22 -91.25 -91.28 -91.31 -91.38 -91.41 -91.47 -91.53 -91.56 -91.62 -91.66 -91.69 -91.72 -91.72 -91.75 -91.78 -91.81 -91.84 -91.88 -91.88 -91.91 -91.91 -91.91 -91.94 -91.94 -91.97 -92.00 -92.03 -92.06 -92.09 -92.12 -92.16 -92.16
-88.69 -88.78 -88.88 -88.94 -89.03 -89.12 -89.19 -89.28 -89.34 -89.44 -89.53 -89.59 -89.66 -89.72 -89.78 -89.84 -89.91 -89.97 -90.03 -90.09 -90.16 -90.22 -90.28 -90.34 -90.38 -90.44 -90.50 -90.56 -90.62 -90.69 -90.75 -90.81 -90.88 -90.94 -90.97 -91.03 -91.06 -91.09 -91.12 -91.16 -91.19 -91.22 -91.28 -91.31 -91.38 -91.44 -91.50 -91.56 -91.59 -91.62 -91.66 -91.69 -91.72 -91.75 -91.78 -91.78 -91.81 -91.84 -91.84 -91.88 -91.88 -91.88 -91.91 -91.94 -91.97 -92.00 -92.03 -92.06 -92.09 -92.09 -92.12
-88.59 -88.69 -88.75 -88.84 -88.94 -89.03 -89.09 -89.19 -89.28 -89.34 -89.44 -89.50 -89.56 -89.66 -89.72 -89.81 -89.88 -89.94 -90.03 -90.09 -90.16 -90.19 -90.25 -90.31 -90.34 -90.41 -90.47 -90.53 -90.56 -90.62 -90.69 -90.72 -90.78 -90.81 -90.88 -90.91 -90.94 -90.97 -91.00 -91.03 -91.06 -91.12 -91.19 -91.25 -91.31 -91.38 -91.44 -91.47 -91.53 -91.59 -91.62 -91.66 -91.69 -91.72 -91.72 -91.75 -91.78 -91.78 -91.78 -91.81 -91.81 -91.84 -91.88 -91.91 -91.94 -91.97 -91.97 -92.00 -92.03 -92.06 -92.09
-88.47 -88.56 -88.66 -88.75 -88.84 -88.94 -89.03 -89.09 -89.19 -89.25 -89.34 -89.41 -89.50 -89.59 -89.66 -89.75 -89.84 -89.94 -90.00 -90.06 -90.12 -90.19 -90.22 -90.28 -90.34 -90.38 -90.44 -90.47 -90.50 -90.56 -90.59 -90.66 -90.69 -90.72 -90.75 -90.81 -90.84 -90.88 -90.91 -90.94 -90.97 -91.03 -91.06 -91.16 -91.22 -91.28 -91.34 -91.41 -91.47 -91.53 -91.56 -91.59 -91.66 -91.69 -91.69 -91.72 -91.72 -91.75 -91.75 -91.75 -91.75 -91.78 -91.81 -91.88 -91.91 -91.94 -91.94 -91.97 -92.00 -92.03 -92.06
-88.38 -88.47 -88.56 -88.66 -88.75 -88.84 -88.94 -89.00 -89.09 -89.16 -89.25 -89.34 -89.44 -89.53 -89.62 -89.72 -89.81 -89.91 -89.97 -90.03 -90.09 -90.16 -90.22 -90.25 -90.31 -90.34 -90.38 -90.41 -90.47 -90.50 -90.53 -90.56 -90.59 -90.62 -90.66 -90.69 -90.72 -90.75 -90.78 -90.81 -90.84 -90.91 -91.00 -91.06 -91.12 -91.22 -91.28 -91.34 -91.41 -91.47 -91.50 -91.56 -91.59 -91.62 -91.66 -91.69 -91.69 -91.69 -91.69 -91.69 -91.72 -91.75 -91.78 -91.84 -91.88 -91.91 -91.91 -91.94 -91.97 -92.00 -92.03
-88.28 -88.38 -88.47 -88.56 -88.66 -88.75 -88.81 -88.91 -88.97 -89.06 -89.16 -89.25 -89.38 -89.47 -89.56 -89.69 -89.78 -89.88 -89.94 -90.00 -90.06 -90.12 -90.19 -90.22 -90.28 -90.31 -90.34 -90.38 -90.41 -90.44 -90.47 -90.50 -90.50 -90.53 -90.56 -90.56 -90.59 -90.62 -90.66 -90.69 -90.75 -90.81 -90.91 -90.97 -91.06 -91.12 -91.22 -91.28 -91.34 -91.41 -91.47 -91.50 -91.53 -91.56 -91.59 -91.62 -91.62 -91.62 -91.66 -91.66 -91.69 -91.72 -91.78 -91.81 -91.84 -91.88 -91.91 -91.94 -91.94 -92.00 -92.03
-88.19 -88.28 -88.38 -88.47 -88.53 -88.62 -88.72 -88.78 -88.88 -88.97 -89.06 -89.19 -89.31 -89.41 -89.53 -89.62 -89.72 -89.81 -89.91 -89.97 -90.03 -90.06 -90.12 -90.19 -90.22 -90.25 -90.31 -90.34 -90.34 -90.38 -90.41 -90.41 -90.44 -90.44 -90.44 -90.47 -90.47 -90.50 -90.56 -90.59 -90.66 -90.75 -90.84 -90.91 -91.00 -91.06 -91.16 -91.22 -91.28 -91.34 -91.41 -91.44 -91.47 -91.53 -91.53 -91.56 -91.56 -91.59 -91.59 -91.62 -91.66 -91.69 -91.75 -91.78 -91.81 -91.84 -91.88 -91.91 -91.94 -91.97 -92.00
-88.09 -88.19 -88.28 -88.34 -88.44 -88.53 -88.59 -88.69 -88.78 -88.88 -89.00 -89.12 -89.25 -89.38 -89.47 -89.56 -89.66 -89.75 -89.84 -89.91 -89.97 -90.03 -90.06 -90.12 -90.16 -90.22 -90.25 -90.28 -90.31 -90.31 -90.34 -90.34 -90.34 -90.34 -90.34 -90.34 -90.38 -90.41 -90.47 -90.53 -90.59 -90.69 -90.78 -90.84 -90.94 -91.03 -91.09 -91.19 -91.25 -91.28 -91.34 -91.38 -91.44 -91.47 -91.47 -91.50 -91.50 -91.53 -91.56 -91.59 -91.62 -91.66 -91.72 -91.75 -91.78 -91.81 -91.84 -91.88 -91.91 -91.94 -91.97
-88.00 -88.09 -88.19 -88.25 -88.34 -88.41 -88.50 -88.59 -88.69 -88.81 -88.94 -89.06 -89.19 -89.31 -89.41 -89.50 -89.59 -89.69 -89.75 -89.84 -89.91 -89.97 -90.00 -90.06 -90.09 -90.16 -90.19 -90.22 -90.22 -90.25 -90.25 -90.25 -90.25 -90.25 -90.25 -90.25 -90.28 -90.34 -90.41 -90.47 -90.56 -90.62 -90.72 -90.81 -90.91 -90.97 -91.06 -91.12 -91.19 -91.25 -91.28 -91.31 -91.38 -91.41 -91.41 -91.44 -91.47 -91.47 -91.50 -91.53 -91.59 -91.66 -91.69 -91.72 -91.75 -91.78 -91.81 -91.84 -91.88 -91.91 -91.94
-87.91 -88.00 -88.06 -88.16 -88.22 -88.31 -88.41 -88.50 -88.59 -88.72 -88.88 -89.00 -89.12 -89.22 -89.34 -89.44 -89.50 -89.59 -89.69 -89.75 -89.81 -89.88 -89.94 -90.00 -90.03 -90.06 -90.09 -90.12 -90.16 -90.16 -90.16 -90.16 -90.16 -90.16 -90.16 -90.19 -90.22 -90.28 -90.34 -90.44 -90.50 -90.59 -90.69 -90.78 -90.88 -90.94 -91.03 -91.09 -91.16 -91.19 -91.22 -91.28 -91.31 -91.34 -91.34 -91.38 -91.41 -91.44 -91.47 -91.50 -91.56 -91.62 -91.66 -91.69 -91.72 -91.75 -91.78 -91.78 -91.81 -91.84 -91.91
-87.81 -87.91 -87.97 -88.06 -88.12 -88.22 -88.31 -88.41 -88.53 -88.66 -88.78 -88.91 -89.03 -89.16 -89.25 -89.34 -89.44 -89.50 -89.59 -89.66 -89.75 -89.81 -89.88 -89.91 -89.97 -90.00 -90.03 -90.03 -90.06 -90.06 -90.06 -90.06 -90.06 -90.06 -90.09 -90.12 -90.19 -90.25 -90.31 -90.38 -90.47 -90.56 -90.66 -90.72 -90.81 -90.91 -90.97 -91.06 -91.09 -91.16 -91.19 -91.22 -91.25 -91.28 -91.31 -91.31 -91.34 -91.38 -91.41 -91.47 -91.53 -91.59 -91.62 -91.66 -91.69 -91.69 -91.72 -91.72 -91.75 -91.81 -91.84
-87.72 -87.81 -87.88 -87.94 -88.03 -88.12 -88.22 -88.31 -88.44 -88.59 -88.72 -88.84 -88.94 -89.06 -89.16 -89.25 -89.34 -89.41 -89.50 -89.59 -89.66 -89.72 -89.78 -89.84 -89.88 -89.91 -89.94 -89.94 -89.97 -89.97 -89.97 -89.97 -89.97 -90.00 -90.03 -90.09 -90.16 -90.22 -90.28 -90.38 -90.44 -90.53 -90.59 -90.69 -90.78 -90.88 -90.94 -91.00 -91.06 -91.09 -91.12 -91.16 -91.19 -91.22 -91.25 -91.28 -91.28 -91.31 -91.38 -91.44 -91.47 -91.53 -91.59 -91.62 -91.62 -91.66 -91.66 -91.66 -91.69 -91.75 -91.78
-87.66 -87.72 -87.78 -87.84 -87.94 -88.03 -88.12 -88.25 -88.38 -88.50 -88.62 -88.75 -88.84 -88.94 -89.06 -89.16 -89.25 -89.34 -89.41 -89.50 -89.56 -89.62 -89.69 -89.75 -89.78 -89.81 -89.81 -89.84 -89.84 -89.88 -89.88 -89.88 -89.91 -89.94 -90.00 -90.06 -90.12 -90.22 -90.28 -90.34 -90.44 -90.50 -90.56 -90.66 -90.75 -90.81 -90.88 -90.94 -91.00 -91.03 -91.06 -91.09 -91.16 -91.19 -91.19 -91.22 -91.25 -91.28 -91.31 -91.38 -91.44 -91.50 -91.53 -91.56 -91.56 -91.56 -91.59 -91.59 -91.62 -91.69 -91.72
-87.56 -87.62 -87.69 -87.78 -87.84 -87.94 -88.03 -88.16 -88.28 -88.41 -88.53 -88.62 -88.75 -88.84 -88.94 -89.06 -89.16 -89.25 -89.34 -89.41 -89.47 -89.53 -89.59 -89.62 -89.66 -89.69 -89.72 -89.72 -89.75 -89.78 -89.78 -89.84 -89.88 -89.94 -90.00 -90.06 -90.12 -90.19 -90.28 -90.34 -90.41 -90.47 -90.53 -90.62 -90.69 -90.75 -90.81 -90.88 -90.94 -90.97 -91.03 -91.06 -91.09 -91.12 -91.16 -91.19 -91.19 -91.25 -91.28 -91.31 -91.38 -91.44 -91.47 -91.50 -91.50 -91.50 -91.53 -91.53 -91.59 -91.62 -91.69
-87.47 -87.53 -87.59 -87.69 -87.75 -87.84 -87.94 -88.06 -88.19 -88.31 -88.41 -88.53 -88.66 -88.75 -88.84 -88.97 -89.06 -89.16 -89.25 -89.31 -89.38 -89.44 -89.50 -89.53 -89.56 -89.59 -89.62 -89.62 -89.66 -89.69 -89.75 -89.78 -89.88 -89.94 -90.00 -90.06 -90.12 -90.19 -90.25 -90.31 -90.38 -90.44 -90.50 -90.56 -90.62 -90.72 -90.78 -90.81 -90.88 -90.94 -90.97 -91.00 -91.06 -91.09 -91.09 -91.12 -91.16 -91.19 -91.22 -91.28 -91.31 -91.34 -91.41 -91.44 -91.44 -91.44 -91.47 -91.50 -91.53 -91.59 -91.62
-87.38 -87.44 -87.50 -87.59 -87.66 -87.75 -87.88 -87.97 -88.09 -88.19 -88.31 -88.44 -88.53 -88.66 -88.78 -88.88 -88.97 -89.06 -89.16 -89.22 -89.28 -89.34 -89.38 -89.41 -89.47 -89.50 -89.50 -89.56 -89.59 -89.62 -89.69 -89.78 -89.84 -89.94 -90.00 -90.06 -90.12 -90.19 -90.25 -90.31 -90.38 -90.44 -90.47 -90.53 -90.59 -90.66 -90.72 -90.78 -90.84 -90.88 -90.91 -90.97 -91.00 -91.03 -91.06 -91.09 -91.09 -91.12 -91.16 -91.22 -91.25 -91.28 -91.31 -91.34 -91.38 -91.38 -91.41 -91.44 -91.47 -91.53 -91.59
-87.25 -87.34 -87.41 -87.50 -87.56 -87.66 -87.75 -87.88 -87.97 -88.09 -88.19 -88.31 -88.44 -88.56 -88.69 -88.78 -88.88 -88.97 -89.03 -89.09 -89.16 -89.22 -89.28 -89.31 -89.34 -89.38 -89.44 -89.47 -89.53 -89.59 -89.69 -89.78 -89.84 -89.94 -90.00 -90.06 -90.12 -90.16 -90.22 -90.28 -90.34 -90.41 -90.47 -90.50 -90.56 -90.62 -90.69 -90.72 -90.78 -90.84 -90.88 -90.91 -90.97 -91.00 -91.03 -91.03 -91.06 -91.09 -91.12 -91.16 -91.19 -91.22 -91.25 -91.28 -91.31 -91.31 -91.34 -91.38 -91.44 -91.50 -91.53
-87.16 -87.22 -87.31 -87.38 -87.47 -87.56 -87.66 -87.75 -87.88 -87.97 -88.09 -88.22 -88.34 -88.47 -88.59 -88.69 -88.78 -88.84 -88.94 -89.00 -89.06 -89.09 -89.16 -89.22 -89.25 -89.31 -89.34 -89.41 -89.50 -89.59 -89.66 -89.75 -89.84 -89.91 -89.97 -90.03 -90.09 -90.12 -90.19 -90.25 -90.31 -90.38 -90.41 -90.47 -90.53 -90.56 -90.62 -90.69 -90.75 -90.78 -90.84 -90.88 -90.91 -90.94 -90.97 -91.00 -91.03 -91.03 -91.06 -91.09 -91.12 -91.16 -91.19 -91.22 -91.22 -91.25 -91.28 -91.34 -91.38 -91.44 -91.50
-87.03 -87.09 -87.19 -87.25 -87.34 -87.44 -87.53 -87.66 -87.75 -87.88 -88.00 -88.12 -88.25 -88.38 -88.47 -88.56 -88.66 -88.75 -88.81 -88.88 -88.94 -89.00 -89.06 -89.12 -89.19 -89.25 -89.31 -89.38 -89.47 -89.56 -89.66 -89.72 -89.81 -89.88 -89.94 -90.00 -90.06 -90.09 -90.16 -90.22 -90.28 -90.31 -90.38 -90.44 -90.47 -90.53 -90.59 -90.62 -90.69 -90.72 -90.78 -90.81 -90.84 -90.88 -90.91 -90.94 -90.97 -91.00 -91.00 -91.03 -91.06 -91.09 -91.09 -91.12 -91.16 -91.19 -91.22 -91.28 -91.34 -91.38 -91.44
-86.91 -86.97 -87.06 -87.12 -87.22 -87.31 -87.44 -87.53 -87.66 -87.75 -87.88 -88.03 -88.12 -88.25 -88.38 -88.47 -88.56 -88.62 -88.72 -88.78 -88.84 -88.91 -89.00 -89.06 -89.12 -89.22 -89.28 -89.38 -89.47 -89.53 -89.62 -89.72 -89.78 -89.84 -89.91 -89.97 -90.00 -90.06 -90.12 -90.16 -90.22 -90.28 -90.31 -90.38 -90.44 -90.47 -90.53 -90.59 -90.62 -90.69 -90.72 -90.75 -90.78 -90.84 -90.88 -90.91 -90.91 -90.94 -90.97 -90.97 -91.00 -91.03 -91.03 -91.06 -91.09 -91.12 -91.16 -91.22 -91.28 -91.34 -91.41
-86.75 -86.81 -86.91 -87.00 -87.09 -87.19 -87.31 -87.41 -87.53 -87.66 -87.78 -87.91 -88.03 -88.16 -88.25 -88.34 -88.44 -88.53 -88.62 -88.69 -88.78 -88.84 -88.94 -89.03 -89.12 -89.19 -89.28 -89.38 -89.44 -89.53 -89.62 -89.69 -89.75 -89.81 -89.88 -89.91 -89.97 -90.00 -90.06 -90.09 -90.16 -90.22 -90.25 -90.31 -90.38 -90.41 -90.47 -90.53 -90.56 -90.59 -90.66 -90.69 -90.72 -90.78 -90.81 -90.84 -90.88 -90.88 -90.91 -90.94 -90.94 -90.94 -90.97 -91.00 -91.00 -91.03 -91.09 -91.16 -91.22 -91.28 -91.34
-86.59 -86.69 -86.75 -86.84 -86.97 -87.06 -87.19 -87.31 -87.44 -87.56 -87.72 -87.81 -87.94 -88.06 -88.16 -88.25 -88.34 -88.44 -88.53 -88.62 -88.72 -88.84 -88.94 -89.03 -89.12 -89.22 -89.31 -89.38 -89.44 -89.53 -89.59 -89.66 -89.72 -89.78 -89.81 -89.88 -89.91 -89.94 -90.00 -90.03 -90.09 -90.12 -90.19 -90.25 -90.31 -90.38 -90.41 -90.47 -90.50 -90.53 -90.56 -90.62 -90.66 -90.69 -90.75 -90.78 -90.81 -90.84 -90.84 -90.88 -90.88 -90.88 -90.88 -90.91 -90.94 -90.97 -91.00 -91.06 -91.12 -91.22 -91.28
-86.44 -86.53 -86.62 -86.72 -86.81 -86.94 -87.09 -87.22 -87.34 -87.50 -87.62 -87.72 -87.84 -87.97 -88.06 -88.19 -88.28 -88.41 -88.50 -88.59 -88.72 -88.81 -88.94 -89.03 -89.16 -89.22 -89.31 -89.38 -89.44 -89.50 -89.56 -89.62 -89.69 -89.72 -89.78 -89.81 -89.84 -89.91 -89.94 -89.97 -90.03 -90.06 -90.12 -90.19 -90.25 -90.31 -90.34 -90.41 -90.44 -90.47 -90.50 -90.53 -90.59 -90.62 -90.66 -90.72 -90.75 -90.78 -90.78 -90.81 -90.81 -90.81 -90.81 -90.81 -90.84 -90.88 -90.91 -90.97 -91.06 -91.12 -91.19
