everonasctiles/Tile41,9.asc
ncols 128
nrows 128
xllcorner 0
yllcorner 0
cellsize 2.0
NODATA_value  -9999
[rows 96 to 127 of 128, columns 0 to 70 of 128]
183.94 183.31 182.75 181.91 180.03 179.56 179.25 179.34 179.81 179.56 179.59 179.56 179.56 179.56 179.62 179.78 179.81 179.75 179.62 179.38 179.12 178.91 178.66 178.41 178.19 178.09 178.09 178.03 177.91 177.78 177.62 177.41 177.03 176.72 176.50 176.19 175.53 175.75 175.84 175.38 175.44 175.44 175.22 174.97 174.66 174.16 173.47 172.62 171.78 171.00 170.19 169.44 168.81 168.31 167.88 166.47 164.53 164.31 164.44 164.59 164.72 164.62 163.44 161.91 160.94 160.78 161.53 162.12 162.31 162.25 161.78
183.88 183.19 182.59 182.06 180.66 179.12 178.81 178.53 178.97 179.12 179.03 179.00 178.94 178.94 179.00 179.09 179.16 179.19 179.12 179.00 178.78 178.56 178.31 178.06 177.84 177.66 177.59 177.50 177.25 177.03 176.84 176.69 176.31 176.06 175.81 174.94 174.94 175.19 175.22 174.72 174.75 174.81 174.59 174.34 174.03 173.47 172.75 171.97 171.31 170.53 169.75 168.62 168.25 167.91 167.31 165.12 164.03 164.12 164.25 164.38 164.47 163.47 161.81 161.00 160.12 160.00 160.50 161.16 161.31 161.16 160.84
183.94 183.12 182.50 181.94 181.34 179.34 178.38 178.09 177.91 178.53 178.50 178.50 178.41 178.44 178.47 178.56 178.66 178.72 178.72 178.66 178.41 178.25 178.00 177.81 177.62 177.44 177.34 177.16 176.50 176.03 175.91 175.97 175.59 175.34 174.53 174.34 174.59 174.84 174.44 174.06 173.81 173.72 173.75 173.50 173.00 172.47 171.94 171.22 170.62 170.00 169.19 168.31 167.84 167.56 166.00 163.97 163.84 163.94 164.06 164.16 163.66 162.53 161.62 160.91 159.94 159.50 159.44 159.91 160.16 160.28 159.69
184.12 183.22 182.53 181.84 181.25 180.28 178.12 177.66 177.34 177.47 178.09 178.00 178.03 178.06 178.16 178.22 178.34 178.44 178.44 178.34 178.16 177.97 177.69 177.47 177.25 177.19 177.03 176.66 175.62 175.22 175.06 175.25 174.91 173.94 173.91 174.09 174.25 174.16 173.75 173.50 173.19 172.94 172.75 172.50 172.06 171.59 171.19 170.69 170.09 169.62 168.94 168.16 167.59 167.03 164.50 163.53 163.62 163.75 163.84 163.88 163.00 162.53 162.03 160.91 159.78 159.06 158.50 158.22 158.81 158.91 158.38
184.31 183.38 182.59 181.78 181.16 180.53 178.91 177.19 176.91 176.75 177.53 177.62 177.69 177.72 177.88 177.94 178.09 178.19 178.12 178.09 177.94 177.62 177.28 177.03 176.84 176.78 176.50 175.81 175.00 174.56 174.59 174.41 173.47 173.59 173.78 173.97 173.78 173.22 173.09 172.91 172.56 172.19 172.00 171.62 171.06 170.78 170.59 170.22 169.78 169.34 168.84 168.12 167.47 165.50 163.38 163.34 163.44 163.56 163.66 163.28 162.41 162.34 161.78 161.00 159.84 158.94 158.28 158.19 158.03 157.84 157.75
184.56 183.59 182.72 181.84 181.06 180.41 179.72 177.28 176.50 176.38 176.84 177.38 177.34 177.44 177.56 177.62 177.69 177.75 177.75 177.72 177.56 177.19 176.81 176.47 176.25 176.12 175.50 174.62 174.25 174.28 173.69 173.16 173.31 173.47 173.62 173.12 172.69 172.44 172.41 172.25 171.94 171.53 171.19 170.81 170.25 170.00 169.88 169.56 169.38 168.91 168.66 168.06 166.62 163.81 163.03 163.16 163.25 163.38 163.34 162.25 161.41 161.50 161.19 160.44 159.44 158.72 158.25 157.88 157.75 157.53 156.97
184.72 183.81 182.97 182.03 181.12 180.28 179.59 177.75 176.09 176.06 176.34 177.16 177.06 177.03 177.09 177.12 177.12 177.09 177.12 177.09 177.00 176.69 176.28 175.84 175.56 175.31 174.41 173.75 173.41 173.00 172.91 173.06 173.19 173.28 172.38 172.03 171.94 171.78 171.72 171.56 171.28 170.91 170.47 169.97 169.53 169.28 169.12 168.88 168.66 168.31 168.12 167.69 164.91 162.78 162.84 162.94 163.06 163.16 162.56 160.88 160.16 160.22 160.16 159.59 158.91 158.16 157.81 157.47 157.19 156.91 156.38
184.84 184.03 183.19 182.19 181.31 180.31 179.41 177.75 175.84 175.81 176.03 176.78 176.66 176.59 176.56 176.53 176.47 176.44 176.38 176.34 176.31 176.03 175.66 175.19 174.88 174.38 173.53 172.81 172.62 172.69 172.81 172.97 172.72 171.72 171.44 171.31 171.25 171.12 171.00 170.91 170.66 170.28 169.94 169.44 168.91 168.50 168.25 168.06 167.78 167.34 167.25 166.25 163.25 162.53 162.66 162.75 162.88 162.78 161.31 159.78 158.91 159.03 159.09 158.81 158.19 157.59 157.06 156.72 156.66 155.91 155.41
185.00 184.19 183.22 182.38 181.47 180.34 179.28 177.66 175.59 175.56 175.69 176.47 176.28 176.09 175.97 175.91 175.84 175.72 175.69 175.59 175.53 175.34 175.00 174.53 174.16 173.47 172.56 172.47 172.56 172.66 172.72 171.97 171.22 170.97 170.81 170.69 170.66 170.53 170.44 170.31 170.09 169.78 169.41 168.97 168.53 168.03 167.59 167.31 167.00 166.72 166.78 164.41 162.22 162.31 162.44 162.53 162.66 161.91 160.16 158.78 157.84 157.97 158.03 157.94 157.59 156.75 156.09 155.69 155.19 154.75 154.16
185.12 184.28 183.31 182.44 181.47 180.41 179.44 177.88 175.34 175.31 175.38 176.03 175.88 175.66 175.44 175.28 175.19 175.06 174.94 174.81 174.75 174.53 174.22 173.78 173.44 172.31 172.16 172.31 172.47 172.34 171.34 170.84 170.56 170.31 170.22 170.12 170.06 169.97 169.91 169.78 169.56 169.25 168.94 168.53 168.12 167.66 167.31 166.91 166.56 166.47 165.56 162.59 161.97 162.09 162.22 162.31 162.19 160.50 159.03 157.88 156.91 156.91 156.97 156.88 156.84 156.06 155.22 154.41 153.91 153.34 152.66
185.28 184.38 183.38 182.41 181.47 180.44 179.47 178.03 175.16 175.12 175.16 175.81 175.69 175.38 175.06 174.72 174.50 174.34 174.22 174.06 173.88 173.62 173.34 172.97 172.47 171.72 171.94 172.12 171.81 170.97 170.53 170.16 169.91 169.72 169.62 169.62 169.53 169.47 169.41 169.25 169.06 168.78 168.44 168.09 167.69 167.28 166.97 166.62 166.38 165.97 163.41 161.62 161.75 161.88 161.97 162.09 161.28 159.25 157.78 156.81 156.16 156.06 155.91 155.84 155.75 155.25 154.34 153.44 152.53 151.75 151.31
185.44 184.47 183.44 182.44 181.44 180.47 179.47 178.03 175.00 174.91 174.94 175.75 175.75 175.62 175.25 174.59 173.97 173.62 173.41 173.19 172.94 172.66 172.38 172.09 171.09 171.22 171.53 171.41 170.56 170.19 169.81 169.50 169.28 169.16 169.12 169.12 169.06 168.94 168.88 168.75 168.50 168.25 167.97 167.59 167.25 166.88 166.56 166.25 166.00 164.47 161.72 161.34 161.47 161.62 161.75 161.59 160.09 158.66 157.16 156.00 155.56 155.19 155.06 154.84 154.72 154.41 153.50 152.47 151.56 150.88 150.75
185.56 184.53 183.44 182.41 181.41 180.47 179.50 178.16 174.84 174.69 174.72 175.59 175.84 175.88 175.50 174.75 173.75 173.03 172.69 172.34 172.00 171.66 171.38 171.19 170.25 170.56 170.88 170.06 169.75 169.41 169.06 168.81 168.66 168.59 168.59 168.66 168.56 168.44 168.34 168.19 167.97 167.69 167.41 167.09 166.78 166.47 166.12 165.81 165.34 162.53 160.91 161.06 161.22 161.34 161.47 160.72 159.16 158.09 156.88 155.62 155.22 154.75 154.28 153.88 153.75 153.41 152.66 151.88 151.12 150.16 150.31
185.53 184.56 183.50 182.44 181.53 180.62 179.62 178.47 174.97 174.44 174.38 175.09 175.72 175.62 175.22 174.53 173.44 172.62 172.09 171.66 171.22 170.81 170.53 170.31 170.00 169.84 169.69 169.25 168.94 168.66 168.34 168.19 168.09 168.09 168.09 168.19 168.06 167.94 167.84 167.69 167.44 167.16 166.88 166.56 166.28 166.00 165.69 165.34 163.94 161.06 160.66 160.78 160.94 161.06 160.97 159.72 158.53 157.41 156.34 155.72 155.09 154.12 153.47 153.25 152.94 152.44 152.12 151.38 150.78 150.19 150.00
185.47 184.62 183.62 182.66 181.84 180.94 179.94 178.75 175.53 174.16 174.09 174.12 174.53 174.34 173.94 173.25 172.47 171.78 171.31 170.84 170.41 170.00 169.66 169.44 169.22 168.97 168.78 168.56 168.34 168.09 167.84 167.66 167.62 167.62 167.66 167.72 167.59 167.53 167.38 167.16 166.84 166.56 166.34 166.06 165.81 165.50 165.19 164.84 162.19 160.16 160.28 160.44 160.59 160.78 160.31 159.09 158.16 156.84 156.03 155.31 154.81 153.91 152.91 152.47 152.12 151.66 151.44 150.78 150.41 150.03 149.97
185.38 184.75 183.81 183.03 182.22 181.31 180.31 179.12 176.50 173.97 173.72 173.38 172.75 172.34 171.94 171.50 171.09 170.69 170.25 169.84 169.44 169.00 168.56 168.16 167.75 167.34 166.94 166.56 166.19 165.81 166.19 167.22 167.19 167.22 167.22 167.25 167.19 167.06 166.88 166.62 166.22 165.91 165.69 165.50 165.28 165.00 164.69 163.62 160.53 159.78 159.94 160.09 160.25 160.38 159.66 158.81 157.91 156.44 155.66 155.00 154.31 153.53 152.69 151.97 151.62 151.25 150.56 150.41 150.03 149.97 149.69
185.53 184.84 184.12 183.38 182.59 181.69 180.72 179.41 177.84 174.97 173.50 173.16 172.75 172.34 171.91 171.50 171.09 170.69 170.25 169.84 169.41 168.97 168.53 168.09 167.66 167.22 166.78 166.34 165.91 165.47 165.22 166.00 166.78 166.78 166.78 166.75 166.75 166.62 166.31 166.00 165.53 165.19 164.97 164.84 164.72 164.44 164.16 161.81 159.38 159.44 159.59 159.75 159.94 160.03 159.28 158.53 157.56 156.28 155.28 154.72 154.09 153.00 152.22 151.56 151.09 150.66 150.09 150.06 149.84 149.81 149.66
185.84 185.16 184.41 183.66 182.91 181.97 180.88 179.47 177.97 176.75 174.50 173.44 172.97 172.50 172.06 171.62 171.16 170.72 170.31 169.88 169.44 168.97 168.56 168.09 167.66 167.22 166.75 166.31 165.88 165.09 164.81 164.62 165.84 166.25 166.19 166.19 166.16 166.09 165.84 165.44 165.00 164.62 164.34 164.19 164.12 163.88 163.38 160.38 159.03 159.09 159.25 159.41 159.81 159.75 159.03 158.22 157.38 156.50 155.59 155.03 154.16 153.06 152.09 151.25 150.81 150.28 149.88 149.75 149.47 149.38 149.28
186.19 185.47 184.69 183.94 183.16 182.22 181.09 179.78 178.19 177.06 176.00 175.12 174.38 173.78 173.19 172.56 171.97 171.38 170.81 170.34 170.00 169.75 169.66 169.59 169.41 168.81 168.12 167.28 166.66 164.84 164.38 164.06 164.25 165.53 165.56 165.53 165.50 165.47 165.31 165.00 164.56 164.19 163.81 163.66 163.50 163.28 162.34 159.31 158.62 158.72 158.81 158.91 159.75 159.41 158.69 157.97 157.31 156.59 156.09 155.56 154.66 153.41 152.00 150.97 150.41 149.94 149.59 149.41 149.31 149.22 149.19
186.34 185.66 184.84 184.12 183.34 182.41 181.25 179.88 178.47 177.28 176.19 175.28 174.50 173.91 173.31 172.72 172.12 171.53 170.91 170.50 170.28 170.00 169.91 170.03 170.25 170.12 169.25 168.12 166.88 165.31 163.94 163.66 163.34 164.00 164.94 164.88 164.75 164.69 164.59 164.44 164.16 163.81 163.44 163.03 162.66 162.31 161.03 158.47 158.22 158.31 158.41 158.62 159.41 158.94 158.25 157.59 157.03 156.56 156.12 155.47 154.47 153.28 152.03 150.75 150.06 149.72 149.97 149.19 149.16 149.16 149.19
186.34 185.78 185.12 184.16 183.47 182.69 181.50 180.16 178.75 177.50 176.38 175.47 174.75 174.19 173.59 173.09 172.53 171.97 171.41 170.94 170.66 170.28 169.69 169.84 170.69 170.81 170.56 168.88 166.97 165.75 164.12 163.22 162.91 162.69 163.72 164.19 164.09 163.94 163.81 163.69 163.56 163.38 162.91 162.34 161.56 161.03 159.78 157.91 157.81 157.88 157.94 158.25 158.97 158.47 157.72 157.09 156.62 156.16 155.78 155.03 154.12 152.97 151.72 150.59 149.97 149.53 149.19 149.06 149.09 149.16 149.19
186.09 185.78 185.12 184.25 183.56 182.84 181.75 180.53 179.16 177.78 176.53 175.69 175.06 174.50 173.94 173.44 172.91 172.44 171.97 171.56 171.19 170.69 170.22 170.34 170.62 170.66 170.69 169.44 167.09 165.88 164.88 163.00 162.50 162.19 162.22 163.38 163.31 163.16 163.03 162.91 162.78 162.69 162.34 161.66 160.53 159.91 158.91 157.53 157.44 157.44 157.44 157.75 158.34 157.84 157.22 156.50 155.91 155.53 155.16 154.44 153.62 152.56 151.56 150.53 149.53 149.25 148.97 148.97 149.03 149.09 149.12
185.59 185.56 185.12 184.31 183.69 183.03 182.12 181.12 179.84 178.28 176.81 176.00 175.41 174.81 174.25 173.69 173.19 172.69 172.25 171.88 171.59 171.31 170.94 170.44 170.47 170.47 170.56 169.75 167.06 165.88 164.94 163.50 162.06 161.75 161.47 161.91 162.59 162.38 162.19 162.09 161.97 161.91 161.59 160.97 160.03 159.25 158.38 157.09 157.03 157.03 157.03 157.12 157.72 157.28 156.69 156.06 155.56 155.09 154.59 153.97 153.22 152.38 151.47 150.31 149.44 149.03 148.84 148.91 148.97 149.03 149.06
184.91 184.97 185.00 184.47 183.97 183.28 182.28 181.41 180.28 178.72 177.19 176.38 175.75 175.12 174.50 173.94 173.44 172.94 172.53 172.12 171.81 171.59 171.34 170.62 170.28 170.28 170.34 169.75 167.03 165.78 164.66 163.81 162.19 161.34 161.06 160.84 161.59 161.72 161.53 161.34 161.22 161.16 160.97 160.41 159.81 159.19 158.41 156.91 156.66 156.59 156.50 156.53 156.91 156.66 156.16 155.62 155.09 154.59 154.19 153.59 152.97 152.22 151.31 150.22 149.38 148.84 148.75 148.78 148.84 148.97 148.88
184.19 184.03 184.34 184.44 183.97 183.06 182.00 181.22 180.25 178.88 177.44 176.69 176.03 175.38 174.75 174.19 173.66 173.16 172.72 172.34 172.00 171.72 171.53 170.50 170.09 170.12 170.12 169.22 167.12 165.69 164.47 163.41 162.56 161.12 160.66 160.41 160.41 161.22 161.00 160.75 160.56 160.44 160.28 159.97 159.56 159.12 158.41 156.69 156.22 156.16 155.97 155.81 156.03 155.97 155.50 155.06 154.59 154.16 153.72 153.22 152.66 151.94 151.16 150.19 149.25 148.59 148.53 148.56 148.62 148.62 148.41
183.66 183.25 183.41 183.78 183.53 182.66 181.59 180.84 180.09 178.81 177.66 176.94 176.22 175.56 174.94 174.38 173.81 173.34 172.91 172.53 172.16 171.81 171.62 170.47 169.91 169.91 169.75 168.75 167.16 165.69 164.19 163.31 162.66 161.59 160.28 160.00 159.72 160.19 160.69 160.28 160.00 159.78 159.56 159.31 159.03 158.75 158.28 156.78 155.94 155.75 155.56 155.25 155.03 155.16 154.94 154.53 154.06 153.66 153.25 152.84 152.28 151.66 150.94 150.19 149.19 148.47 148.34 148.31 148.28 148.25 148.12
182.72 182.62 182.75 183.09 182.91 182.12 181.38 180.75 180.06 178.72 177.81 177.09 176.41 175.72 175.09 174.50 173.97 173.47 173.03 172.62 172.22 171.88 171.69 170.50 169.72 169.62 169.41 168.22 167.22 165.94 164.31 163.44 162.62 162.06 160.56 159.59 159.34 159.12 159.88 159.94 159.62 159.28 158.94 158.66 158.38 158.09 157.75 156.81 155.59 155.38 155.12 154.84 154.59 154.44 154.22 154.00 153.59 153.16 152.81 152.41 151.94 151.38 150.75 150.03 149.19 148.25 148.06 148.03 147.91 147.78 147.25
182.31 182.19 182.19 182.66 182.47 181.94 181.47 181.00 180.16 178.72 177.94 177.22 176.53 175.84 175.22 174.62 174.06 173.56 173.09 172.69 172.22 171.88 171.69 170.78 169.44 169.34 169.25 168.03 167.09 166.19 164.50 163.66 162.75 162.03 161.31 159.44 158.94 158.66 158.69 159.28 159.00 158.78 158.50 158.16 157.88 157.62 157.38 156.88 155.72 155.00 154.78 154.53 154.28 153.91 153.66 153.44 153.03 152.69 152.38 152.00 151.56 151.09 150.59 150.03 149.38 148.28 147.94 147.69 147.44 147.12 146.84
182.56 181.31 181.53 181.97 182.09 181.94 181.84 181.53 180.22 178.84 178.12 177.41 176.69 175.97 175.31 174.69 174.16 173.62 173.12 172.72 172.16 171.84 171.59 170.69 169.28 169.06 168.97 168.06 166.91 166.09 164.97 163.84 162.84 162.06 161.31 159.97 158.53 158.25 158.00 158.25 158.25 157.78 157.59 157.59 157.50 157.25 157.00 156.69 155.97 154.94 154.47 154.22 153.97 153.69 153.41 152.84 152.47 151.97 151.59 151.16 150.69 150.25 149.78 149.31 148.88 148.16 147.47 147.25 147.03 146.84 146.69
182.41 181.28 181.41 181.72 181.84 181.78 181.88 181.66 180.25 179.06 178.38 177.66 176.88 176.12 175.41 174.91 174.38 173.75 173.12 172.66 172.06 171.75 171.31 170.44 169.25 168.78 168.69 168.31 166.72 166.00 165.28 164.25 162.66 161.84 161.22 160.56 158.78 157.88 157.59 157.16 157.03 156.94 156.69 156.84 156.81 156.62 156.62 156.44 156.09 155.19 154.28 154.03 153.75 153.44 153.16 152.66 152.22 151.59 150.97 150.47 149.94 149.56 149.19 148.81 148.38 147.78 147.38 147.22 147.00 146.88 146.69
182.41 181.28 181.53 181.78 181.91 181.78 181.75 181.56 180.31 179.31 178.59 177.91 177.09 176.25 175.59 175.25 174.72 173.81 173.09 172.53 171.91 171.50 170.97 170.19 169.28 168.53 168.47 168.38 166.53 165.91 165.31 164.66 163.12 162.22 161.50 160.66 159.59 157.69 157.31 156.94 156.53 156.16 156.00 156.12 156.12 155.88 155.72 155.59 155.47 155.22 154.59 153.91 153.50 153.22 152.94 152.50 152.06 151.53 150.94 150.44 149.94 149.59 149.22 148.84 148.06 147.62 147.53 147.31 147.09 146.88 146.72
182.19 181.09 181.47 181.94 182.09 181.94 181.75 181.50 180.41 179.56 178.88 178.19 177.31 176.41 175.91 175.59 174.81 173.69 173.00 172.31 171.69 171.19 170.72 170.06 169.31 168.34 168.25 168.16 166.75 165.84 165.28 164.72 163.53 162.53 161.81 160.91 159.97 158.88 157.53 156.72 156.34 155.97 155.62 155.25 155.09 155.25 154.88 154.59 154.53 154.28 154.06 153.88 153.41 153.06 152.78 152.34 151.91 151.44 150.91 150.44 149.97 149.59 149.25 148.72 147.78 147.59 147.59 147.50 147.25 146.91 146.75
