everonasctiles/Tile[38,10].asc
ncols 128
nrows 128
xllcorner 0
yllcorner 0
cellsize 2.0
NODATA_value  -9999
[rows 32 to 63 of 128, columns 0 to 70 of 128]
248.22 247.88 248.12 248.34 248.47 248.56 248.69 248.66 248.72 249.00 249.16 249.38 249.62 249.91 250.12 250.31 250.69 251.25 251.84 252.72 253.31 253.81 254.38 254.34 254.41 255.38 256.19 257.06 257.75 258.22 258.50 258.62 258.75 258.84 258.97 259.25 259.62 259.91 260.19 260.41 260.66 260.91 261.19 261.47 261.75 262.00 262.34 262.75 263.12 263.44 263.78 264.09 264.44 264.66 264.84 265.06 265.47 265.94 266.41 266.88 267.19 267.44 267.62 267.72 267.75 267.72 267.97 268.75 269.56 270.41 271.00
248.28 248.00 248.28 248.50 248.56 248.69 248.78 248.88 248.81 249.06 249.34 249.62 249.91 250.22 250.53 250.72 251.06 251.66 252.56 253.25 253.72 254.22 254.62 255.28 254.62 255.38 256.44 257.12 257.78 258.28 258.62 258.81 258.97 259.16 259.38 259.62 259.84 260.09 260.31 260.50 260.75 261.09 261.41 261.78 262.00 262.25 262.47 262.84 263.16 263.56 263.97 264.34 264.56 264.84 265.12 265.38 265.66 265.97 266.47 267.03 267.41 267.72 267.94 268.12 268.22 268.12 268.41 269.16 270.00 270.69 271.28
248.34 248.12 248.34 248.56 248.69 248.78 248.88 249.00 249.06 249.12 249.44 249.78 250.16 250.50 250.84 251.12 251.53 252.16 252.91 253.59 254.03 254.56 255.06 255.44 255.81 255.41 256.06 257.16 257.72 258.12 258.53 258.78 259.03 259.28 259.50 259.75 259.81 259.88 260.19 260.53 260.75 260.94 261.16 261.38 261.44 261.75 262.16 262.47 263.25 263.62 263.66 264.09 264.38 264.81 265.22 265.56 265.88 266.16 266.62 267.22 267.66 267.97 268.25 268.47 268.66 268.62 268.91 269.72 270.34 271.09 271.69
248.56 248.31 248.41 248.53 248.69 248.84 248.97 249.09 249.19 249.25 249.47 249.88 250.34 250.75 251.16 251.56 252.06 252.62 253.22 253.75 254.22 254.81 255.41 255.88 256.22 256.44 256.00 256.41 257.53 257.84 258.09 258.53 258.97 259.47 259.44 259.47 259.78 260.22 260.59 260.94 261.25 261.62 261.94 261.81 262.16 262.31 262.59 263.03 263.44 263.97 264.38 264.47 264.75 265.06 265.56 265.94 266.22 266.56 266.91 267.34 267.78 268.22 268.53 268.78 269.03 269.16 269.66 270.09 270.78 271.31 271.78
248.81 248.47 248.56 248.69 248.78 248.88 249.03 249.25 249.31 249.44 249.62 249.94 250.59 250.97 251.44 251.91 252.41 252.97 253.44 253.91 254.41 255.00 255.72 256.28 256.72 256.97 257.09 257.19 256.81 257.09 257.56 258.16 259.09 259.03 259.41 259.81 260.19 260.78 261.22 261.78 262.06 262.31 262.62 262.84 262.94 263.09 263.28 263.53 263.91 264.25 264.91 265.22 265.53 265.78 265.91 266.19 266.59 266.88 267.25 267.59 268.00 268.50 268.81 269.06 269.34 269.56 270.00 270.41 271.06 271.62 272.06
249.06 248.88 248.69 248.81 249.00 249.12 249.16 249.38 249.47 249.53 249.81 250.09 250.59 251.19 251.66 252.12 252.62 253.19 253.69 254.09 254.56 255.19 255.97 256.59 257.09 257.44 257.66 257.75 257.91 258.09 258.31 258.41 258.50 259.34 259.81 260.28 260.78 261.38 261.91 262.31 262.66 262.97 263.22 263.44 263.53 263.78 264.16 264.22 264.44 264.97 265.47 265.84 266.16 266.41 266.53 266.59 266.97 267.22 267.59 268.06 268.44 268.78 269.03 269.34 269.59 269.91 270.38 270.81 271.31 271.69 272.09
249.31 249.19 248.97 248.94 249.12 249.44 249.44 249.50 249.62 249.69 249.94 250.28 250.78 251.31 251.84 252.44 252.94 253.38 253.84 254.41 254.91 255.50 256.12 256.94 257.41 257.84 258.12 258.31 258.47 258.62 258.81 259.03 259.16 259.72 260.41 260.88 261.38 261.91 262.34 262.81 263.25 263.56 263.81 264.06 264.16 264.53 264.84 265.03 265.25 265.59 266.06 266.41 266.66 266.94 267.03 267.16 267.38 267.72 268.06 268.41 268.69 269.00 269.19 269.50 269.81 270.22 270.66 271.09 271.53 271.94 272.19
249.78 249.59 249.50 249.22 249.47 249.72 249.84 249.84 249.88 250.03 250.25 250.62 251.12 251.62 252.16 252.62 253.09 253.59 254.06 254.66 255.19 255.69 256.47 257.00 257.56 258.12 258.50 258.81 259.00 259.12 259.31 259.44 259.59 260.22 261.06 261.53 261.97 262.41 262.91 263.31 263.75 264.09 264.41 264.69 265.03 265.25 265.62 265.66 265.78 266.25 266.53 266.78 267.16 267.34 267.53 267.62 267.75 268.06 268.41 268.72 268.91 269.16 269.44 269.69 270.03 270.47 270.97 271.47 271.88 272.16 272.47
250.38 250.16 249.78 249.66 249.88 250.09 250.22 250.31 250.47 250.56 250.72 251.00 251.50 252.09 252.53 253.00 253.31 253.78 254.28 255.16 255.78 255.94 256.66 257.19 257.69 258.22 258.91 259.28 259.53 259.66 259.81 260.00 260.22 260.81 261.38 261.94 262.38 262.84 263.31 263.75 264.16 264.53 264.88 265.19 265.50 265.78 266.06 266.12 266.28 266.66 267.09 267.28 267.56 267.69 267.81 268.06 268.19 268.41 268.69 268.97 269.16 269.34 269.62 269.91 270.25 270.72 271.25 271.69 272.09 272.41 272.75
250.75 250.50 250.03 250.12 250.34 250.53 250.62 250.78 250.97 251.00 251.25 251.53 251.91 252.56 253.03 253.41 253.53 254.00 254.50 255.59 256.31 256.75 257.03 257.59 258.06 258.59 259.31 259.78 260.09 260.31 260.41 260.66 260.75 261.22 261.62 262.16 262.56 263.03 263.66 264.09 264.47 264.84 265.22 265.56 265.88 266.19 266.44 266.66 266.81 267.22 267.56 267.75 267.94 268.09 268.16 268.34 268.53 268.81 268.84 269.09 269.34 269.53 269.62 270.00 270.38 270.91 271.50 272.00 272.44 272.78 273.25
251.09 250.88 250.47 250.47 250.75 250.84 250.88 251.06 251.19 251.50 251.81 252.12 252.41 252.94 253.38 253.81 254.09 254.47 255.06 255.88 256.75 257.25 257.75 258.00 258.59 259.22 259.81 260.28 260.69 260.97 261.28 261.41 261.69 261.78 261.97 262.28 262.75 263.25 263.69 264.25 264.59 265.06 265.38 265.88 266.22 266.53 266.81 267.09 267.44 267.47 267.84 268.12 268.38 268.56 268.66 268.44 268.59 268.97 269.09 269.22 269.38 269.72 269.75 270.03 270.44 271.00 271.72 272.25 272.75 273.19 273.62
251.69 251.31 251.00 250.88 251.19 251.22 251.25 251.25 251.44 251.59 252.06 252.41 252.78 253.22 253.66 254.09 254.59 255.09 255.66 256.12 257.09 257.72 258.22 258.66 259.19 259.81 260.31 260.78 261.22 261.56 261.84 262.06 262.31 262.34 262.47 262.62 263.09 263.62 264.09 264.41 264.62 265.03 265.59 266.09 266.56 266.81 267.09 267.44 267.84 267.81 268.00 268.53 268.84 269.03 269.16 269.19 268.75 268.94 269.31 269.41 269.59 269.75 269.91 270.06 270.38 270.91 271.78 272.56 273.03 273.50 274.00
252.19 251.81 251.47 251.38 251.59 251.66 251.56 251.53 251.62 251.84 252.31 252.62 253.06 253.38 253.78 254.31 254.91 255.53 256.28 256.66 257.22 258.12 258.66 259.09 259.53 260.06 260.69 261.19 261.62 262.03 262.28 262.53 262.66 262.69 262.88 263.09 263.53 264.06 264.53 264.84 265.06 265.47 266.03 266.56 266.84 267.03 267.28 267.69 268.12 268.28 268.44 268.88 269.34 269.53 269.62 269.72 269.38 269.22 269.56 269.84 269.94 270.00 270.06 270.19 270.53 271.09 271.91 272.91 273.31 273.75 274.31
252.69 252.41 251.88 251.81 252.00 252.03 252.03 251.81 251.84 252.00 252.31 252.69 253.16 253.78 253.94 254.41 255.03 255.94 256.69 257.34 257.62 258.22 258.97 259.59 259.78 260.19 260.84 261.47 262.00 262.41 262.72 262.94 262.94 263.03 263.28 263.69 264.19 264.62 264.97 265.19 265.41 265.78 266.38 267.00 267.31 267.59 267.88 268.16 268.47 268.69 268.94 269.53 269.81 269.97 270.06 270.12 269.91 269.91 269.97 270.12 270.28 270.41 270.44 270.56 270.88 271.22 271.75 272.88 273.56 274.06 274.56
253.06 252.69 252.19 252.12 252.44 252.25 252.34 252.22 252.19 252.28 252.56 252.81 253.12 253.62 254.16 254.72 255.31 256.28 257.12 257.78 257.97 258.44 259.09 260.00 260.31 260.50 261.06 261.69 262.16 262.88 263.16 263.38 263.38 263.62 264.12 264.75 265.00 265.12 265.38 265.75 266.00 266.50 267.16 267.47 267.69 267.94 268.28 268.72 268.94 269.16 269.81 270.16 270.28 270.38 270.44 270.50 270.34 270.34 270.41 270.25 270.59 270.81 270.81 271.00 271.28 271.66 272.22 273.09 273.91 274.44 274.88
253.31 252.97 252.62 252.34 252.69 252.50 252.66 252.66 252.84 253.00 253.12 253.28 253.59 254.00 254.34 254.81 255.50 256.28 257.56 258.12 258.62 258.84 259.66 260.25 260.78 261.09 261.78 262.25 262.44 263.06 263.72 264.00 264.16 264.75 265.12 265.62 265.97 266.12 266.19 266.28 266.91 267.44 267.88 268.00 267.97 268.31 268.66 269.09 269.53 269.78 270.22 270.50 270.66 270.72 270.81 270.84 270.88 270.91 270.78 270.56 270.50 270.94 271.25 271.47 271.75 272.09 272.72 273.47 274.12 274.72 275.09
253.28 253.06 253.03 252.94 252.88 252.94 252.84 252.94 253.16 253.44 253.62 253.91 254.06 254.22 254.72 255.31 256.00 256.66 257.88 258.50 259.06 259.59 260.22 260.81 261.22 261.72 262.44 262.84 263.25 263.81 264.41 264.69 265.00 265.47 266.12 266.66 266.94 267.28 267.16 267.03 267.53 268.25 268.31 268.59 268.50 268.66 269.00 269.53 270.00 270.38 270.69 270.91 271.00 271.00 271.06 271.22 271.31 271.31 271.28 270.88 271.00 271.16 271.53 272.00 272.31 272.56 273.03 273.56 274.38 274.91 275.16
253.47 253.34 253.28 253.34 253.19 253.53 253.38 253.31 253.47 253.81 254.16 254.44 254.62 255.00 255.62 256.06 256.56 257.28 258.16 258.75 259.38 260.03 260.72 261.38 261.97 262.50 263.03 263.56 264.09 264.66 265.19 265.66 266.16 266.72 267.22 267.50 267.72 267.97 268.03 267.81 268.19 268.62 268.75 268.88 268.75 268.91 269.25 270.03 270.47 270.84 271.06 271.22 271.22 271.31 271.44 271.62 271.78 271.81 271.69 271.47 271.47 271.44 271.88 272.53 272.75 272.97 273.34 273.88 274.66 275.00 275.22
253.66 253.59 253.69 253.81 253.62 253.91 253.88 253.84 253.97 254.19 254.59 255.03 255.28 255.66 256.28 256.81 257.25 257.62 258.22 258.84 259.56 260.25 261.00 261.69 262.34 262.88 263.41 264.00 264.59 265.22 265.84 266.41 267.00 267.50 267.88 268.16 268.31 268.44 268.47 268.47 268.78 268.97 269.12 269.28 269.19 269.09 269.62 270.25 270.78 271.25 271.47 271.59 271.47 271.66 271.81 272.03 272.25 272.31 272.28 271.97 272.03 271.94 272.41 272.88 273.16 273.31 273.62 274.16 274.75 275.06 275.38
253.81 253.84 254.09 254.28 254.22 254.19 254.34 254.38 254.44 254.78 255.28 255.69 256.12 256.34 256.78 257.34 257.69 258.00 258.56 258.97 259.72 260.28 260.97 261.66 262.31 262.94 263.53 264.16 264.81 265.56 266.31 266.97 267.53 268.03 268.41 268.66 268.78 268.75 268.88 268.97 269.16 269.44 269.56 269.59 269.50 269.47 270.03 271.00 271.31 271.72 271.91 272.03 271.81 271.94 272.22 272.44 272.69 272.81 272.81 272.53 272.66 272.50 272.69 273.22 273.53 273.62 273.84 274.28 274.75 275.09 275.38
254.28 254.41 254.59 254.66 254.62 254.69 254.75 254.88 255.22 255.72 256.19 256.53 256.97 257.12 257.28 257.78 258.09 258.50 258.84 259.06 259.31 259.81 260.38 261.03 261.81 262.50 263.28 263.84 264.53 265.69 266.75 267.34 267.94 268.38 268.72 268.97 269.12 269.19 269.22 269.31 269.56 269.88 270.00 269.97 269.88 269.97 270.94 271.56 271.97 272.25 272.44 272.53 272.44 272.38 272.62 272.84 273.16 273.28 273.31 273.16 273.09 273.16 273.12 273.44 273.66 273.94 274.03 274.34 274.69 275.06 275.38
254.88 255.00 255.12 255.19 255.22 255.22 255.22 255.59 255.91 256.38 256.78 257.12 257.44 257.62 257.69 258.06 258.38 258.78 259.06 259.31 259.41 259.72 260.38 261.06 261.88 262.69 263.50 264.09 264.84 266.16 267.06 267.66 268.12 268.53 268.88 269.12 269.34 269.53 269.66 269.84 270.12 270.31 270.44 270.47 270.28 270.62 271.47 272.03 272.47 272.81 272.97 273.09 273.12 272.59 272.81 273.00 273.28 273.69 273.75 273.69 273.56 273.78 273.53 273.69 274.12 274.22 274.31 274.47 274.75 275.28 275.41
255.44 255.47 255.66 255.69 255.78 255.66 255.66 256.00 256.41 256.84 257.19 257.56 257.88 258.12 258.28 258.62 258.94 259.25 259.59 259.75 259.94 260.19 260.84 261.69 262.56 263.22 263.94 264.81 265.56 266.66 267.34 267.75 268.19 268.56 268.88 269.16 269.47 269.72 269.97 270.22 270.50 270.72 270.88 270.94 270.72 271.22 271.94 272.56 273.06 273.41 273.56 273.62 273.59 273.59 273.00 273.25 273.44 274.06 274.19 274.22 274.03 274.12 274.09 273.94 274.19 274.53 274.56 275.03 275.44 275.44 275.41
256.03 256.16 256.22 256.28 256.25 256.19 256.16 256.22 256.72 257.19 257.59 257.91 258.22 258.56 258.88 259.22 259.66 260.03 260.38 260.81 260.97 261.31 261.91 262.72 263.44 264.09 264.69 265.34 266.03 266.75 267.31 267.78 268.16 268.47 268.75 269.03 269.47 269.84 270.22 270.53 270.81 271.09 271.28 271.41 271.16 271.56 272.28 273.03 273.59 273.97 274.12 274.12 274.03 274.12 274.09 273.50 273.72 273.88 274.59 274.66 274.72 274.56 274.59 274.78 274.91 275.41 275.53 275.50 275.47 275.47 275.44
256.56 256.66 256.78 256.78 256.72 256.66 256.66 256.56 256.97 257.50 258.00 258.22 258.53 258.88 259.22 259.62 260.03 260.47 260.91 261.28 261.75 262.09 262.66 263.16 263.66 264.31 264.94 265.59 266.22 266.81 267.31 267.72 268.09 268.28 268.69 269.00 269.44 270.00 270.38 270.78 271.12 271.44 271.66 271.81 271.44 271.91 272.62 273.56 274.12 274.50 274.66 274.62 274.41 274.50 274.53 274.56 274.19 274.31 275.00 275.09 275.28 275.53 275.59 275.59 275.59 275.56 275.53 275.50 275.50 275.44 275.56
256.97 257.12 257.16 257.22 257.16 257.12 257.12 257.03 257.31 257.72 258.19 258.56 258.78 259.09 259.47 259.91 260.34 260.81 261.25 261.66 262.03 262.41 262.84 263.31 263.84 264.41 265.03 265.66 266.28 266.81 267.31 267.59 267.78 268.09 268.53 268.91 269.41 269.81 270.44 271.00 271.44 271.81 272.09 272.28 272.00 272.44 273.09 274.03 274.69 275.03 275.16 275.16 274.81 274.81 275.00 274.94 274.66 274.81 275.06 275.50 275.69 275.66 275.62 275.59 275.59 275.56 275.53 275.44 275.41 275.50 275.72
257.34 257.50 257.56 257.59 257.59 257.56 257.66 257.94 257.72 257.84 258.22 258.69 259.09 259.44 259.69 260.06 260.53 260.97 261.44 261.88 262.22 262.59 263.03 263.44 263.84 264.28 264.88 265.62 266.41 266.88 267.00 267.28 267.75 268.44 268.78 269.03 269.62 270.31 270.88 271.31 271.78 272.19 272.53 272.81 272.78 273.00 273.69 274.88 275.28 275.53 275.66 275.62 275.38 275.25 275.50 275.41 275.19 275.28 275.38 275.91 275.75 275.66 275.62 275.62 275.44 275.25 275.41 275.41 275.59 275.75 275.91
257.69 257.88 257.97 257.94 257.97 258.09 258.31 258.44 258.47 258.41 258.44 258.88 259.16 259.38 259.62 260.16 260.72 261.12 261.53 262.03 262.44 262.69 262.94 263.22 263.66 264.16 264.69 265.28 266.09 266.50 266.94 267.38 268.09 268.78 269.22 269.66 270.19 270.59 271.09 271.59 272.06 272.53 272.97 273.31 273.38 273.59 274.62 275.28 275.81 275.97 276.06 276.12 275.94 275.91 275.97 275.97 275.72 275.75 275.84 276.28 276.38 276.31 276.22 276.00 275.78 275.66 275.72 275.72 275.94 276.06 276.19
257.78 258.19 258.34 258.41 258.31 258.53 258.84 258.91 259.00 259.06 259.09 259.09 259.31 259.53 259.91 260.16 260.75 261.31 261.78 262.22 262.50 262.75 263.03 263.34 263.72 264.25 264.75 265.25 265.81 266.53 267.16 267.78 268.41 268.91 269.38 269.84 270.28 270.78 271.31 271.75 272.25 272.78 273.31 273.81 274.25 274.56 275.34 275.97 276.25 276.41 276.47 276.50 276.44 276.53 276.50 276.50 276.34 276.25 276.31 276.59 276.72 276.75 276.62 276.44 276.19 276.06 276.03 275.97 276.16 276.41 276.50
257.88 258.38 258.66 258.78 258.75 258.88 259.22 259.38 259.59 259.75 259.78 259.81 259.84 260.12 260.25 260.62 261.12 261.69 262.22 262.59 262.91 263.16 263.31 263.53 263.88 264.31 264.88 265.53 266.12 266.72 267.34 268.00 268.44 268.88 269.38 269.94 270.34 270.88 271.44 271.78 272.25 272.94 273.59 274.25 274.84 275.41 276.00 276.47 276.69 276.81 276.88 276.84 276.84 276.97 276.91 276.91 276.94 276.66 276.72 276.88 277.06 277.09 277.00 276.88 276.50 276.38 276.34 276.28 276.38 276.66 276.81
258.00 258.53 258.88 259.00 259.16 259.34 259.59 259.84 260.09 260.31 260.53 260.66 260.62 260.75 260.94 261.06 261.53 261.97 262.38 262.91 263.12 263.44 263.75 264.03 264.22 264.56 265.16 265.88 266.44 266.91 267.44 267.91 268.44 269.00 269.53 270.22 270.62 271.03 271.38 271.75 272.22 272.72 273.62 274.66 275.34 275.94 276.47 276.84 277.09 277.22 277.25 277.16 277.00 277.25 277.25 277.25 277.34 277.03 277.09 277.19 277.38 277.44 277.34 277.16 276.88 276.62 276.53 276.59 276.69 276.94 277.09
258.03 258.59 258.91 259.12 259.34 259.59 259.91 260.22 260.50 260.78 260.97 261.19 261.38 261.34 261.50 261.62 261.94 262.28 262.53 262.81 263.31 263.66 263.94 264.28 264.59 264.94 265.41 265.94 266.44 267.03 267.62 268.12 268.59 269.12 269.59 270.09 270.56 271.06 271.50 271.91 272.31 272.84 273.75 274.91 275.81 276.38 276.84 277.22 277.47 277.59 277.59 277.53 277.31 277.41 277.56 277.53 277.62 277.41 277.47 277.56 277.69 277.72 277.62 277.44 277.28 276.97 276.66 276.94 277.09 277.25 277.38
