everonasctiles/Tile18,32.asc
ncols 128
nrows 128
xllcorner 0
yllcorner 0
cellsize 2.0
NODATA_value  -9999
[rows 64 to 95 of 128, columns 0 to 70 of 128]
98.09 98.16 98.28 98.38 98.50 98.59 99.09 99.72 99.84 99.97 100.09 100.22 100.34 100.47 100.59 100.72 100.31 99.28 99.38 99.50 99.62 99.75 99.91 100.06 100.28 100.53 100.78 101.16 101.47 101.84 102.19 102.47 102.72 102.91 103.00 103.06 103.06 103.06 103.06 103.06 103.09 103.12 103.12 103.09 103.06 103.00 102.91 102.81 102.69 102.56 102.41 102.28 102.09 101.94 101.78 101.59 101.50 101.44 101.44 101.44 101.47 101.47 101.47 101.47 101.50 101.50 101.50 101.47 101.47 101.47 101.47
98.47 98.53 98.66 98.78 98.91 99.03 99.22 100.03 100.16 100.28 100.41 100.53 100.66 100.78 100.91 101.03 101.03 99.75 99.72 99.78 99.91 100.03 100.16 100.31 100.50 100.75 100.97 101.25 101.53 101.84 102.16 102.44 102.69 102.88 103.00 103.09 103.12 103.16 103.19 103.22 103.28 103.34 103.38 103.38 103.38 103.31 103.25 103.16 103.06 102.94 102.78 102.59 102.44 102.25 102.06 101.88 101.78 101.72 101.69 101.69 101.69 101.72 101.69 101.69 101.69 101.69 101.69 101.69 101.66 101.66 101.66
98.84 98.94 99.06 99.22 99.34 99.47 99.59 100.16 100.47 100.59 100.72 100.84 100.97 101.06 101.16 101.22 101.31 100.38 100.06 100.09 100.19 100.31 100.44 100.59 100.75 100.94 101.16 101.38 101.62 101.91 102.16 102.44 102.66 102.84 103.00 103.09 103.19 103.25 103.31 103.38 103.44 103.50 103.56 103.62 103.62 103.59 103.56 103.47 103.38 103.25 103.06 102.88 102.69 102.50 102.34 102.22 102.09 102.00 101.97 101.97 101.97 101.97 101.94 101.94 101.94 101.91 101.91 101.88 101.88 101.88 101.88
99.25 99.34 99.47 99.62 99.78 99.94 100.06 100.28 100.78 100.91 101.03 101.19 101.28 101.34 101.44 101.53 101.59 101.22 100.44 100.47 100.53 100.62 100.75 100.88 101.03 101.19 101.38 101.56 101.75 102.00 102.22 102.44 102.66 102.84 103.00 103.12 103.22 103.31 103.38 103.47 103.56 103.66 103.75 103.81 103.84 103.84 103.81 103.75 103.62 103.50 103.31 103.12 102.94 102.75 102.62 102.47 102.38 102.28 102.25 102.25 102.25 102.22 102.22 102.19 102.16 102.16 102.12 102.09 102.09 102.06 102.06
99.62 99.75 99.88 100.06 100.22 100.38 100.50 100.66 101.19 101.31 101.41 101.47 101.56 101.66 101.72 101.81 101.91 101.88 100.91 100.84 100.91 100.97 101.03 101.19 101.34 101.47 101.62 101.78 101.94 102.12 102.31 102.53 102.72 102.88 103.03 103.19 103.28 103.38 103.47 103.56 103.69 103.78 103.91 103.97 104.03 104.03 104.00 103.94 103.84 103.69 103.53 103.34 103.16 103.03 102.84 102.75 102.69 102.59 102.56 102.56 102.53 102.50 102.50 102.47 102.44 102.41 102.38 102.34 102.31 102.31 102.28
100.06 100.19 100.31 100.50 100.66 100.81 100.97 101.09 101.41 101.59 101.69 101.78 101.84 101.94 102.03 102.12 102.19 102.28 101.44 101.22 101.25 101.31 101.44 101.53 101.62 101.75 101.88 102.03 102.16 102.31 102.47 102.66 102.81 102.97 103.12 103.25 103.38 103.47 103.56 103.69 103.78 103.91 104.03 104.12 104.19 104.22 104.19 104.12 104.00 103.88 103.72 103.56 103.41 103.28 103.16 103.09 103.00 102.94 102.88 102.84 102.81 102.78 102.75 102.72 102.69 102.66 102.62 102.59 102.56 102.53 102.50
100.53 100.62 100.75 100.91 101.06 101.25 101.38 101.50 101.69 101.91 101.97 102.06 102.16 102.25 102.31 102.41 102.50 102.56 102.09 101.62 101.66 101.72 101.78 101.88 101.97 102.06 102.19 102.28 102.41 102.53 102.69 102.81 102.97 103.12 103.25 103.38 103.50 103.59 103.69 103.81 103.94 104.06 104.16 104.25 104.34 104.38 104.34 104.28 104.19 104.06 103.94 103.75 103.66 103.56 103.44 103.34 103.31 103.25 103.16 103.12 103.09 103.06 103.03 103.00 102.97 102.94 102.88 102.84 102.81 102.78 102.75
101.06 101.03 101.16 101.28 101.47 101.62 101.78 101.91 102.06 102.19 102.28 102.38 102.44 102.53 102.62 102.69 102.78 102.88 102.78 102.00 102.03 102.06 102.12 102.22 102.31 102.38 102.50 102.59 102.69 102.81 102.94 103.06 103.19 103.31 103.44 103.53 103.66 103.75 103.88 103.97 104.09 104.22 104.31 104.44 104.50 104.53 104.53 104.47 104.38 104.28 104.16 104.00 103.94 103.81 103.75 103.69 103.62 103.53 103.47 103.41 103.38 103.34 103.31 103.28 103.22 103.19 103.16 103.12 103.06 103.03 103.00
101.47 101.47 101.56 101.69 101.84 102.00 102.16 102.31 102.44 102.50 102.56 102.66 102.75 102.81 102.91 103.00 103.09 103.16 103.22 102.44 102.38 102.44 102.44 102.56 102.66 102.72 102.81 102.91 103.00 103.09 103.19 103.31 103.41 103.53 103.66 103.75 103.84 103.94 104.06 104.16 104.28 104.41 104.50 104.59 104.69 104.72 104.69 104.66 104.59 104.50 104.41 104.28 104.19 104.12 104.06 104.00 103.91 103.84 103.75 103.69 103.66 103.59 103.56 103.53 103.50 103.47 103.44 103.38 103.34 103.28 103.25
102.03 101.94 102.00 102.06 102.22 102.38 102.53 102.69 102.81 102.84 102.88 102.94 103.03 103.12 103.22 103.28 103.38 103.41 103.44 102.91 102.78 102.78 102.84 102.94 103.00 103.06 103.16 103.22 103.31 103.41 103.50 103.59 103.69 103.78 103.91 104.00 104.09 104.19 104.28 104.41 104.50 104.62 104.72 104.81 104.88 104.91 104.91 104.88 104.81 104.72 104.62 104.56 104.44 104.38 104.34 104.25 104.19 104.12 104.03 103.97 103.91 103.88 103.84 103.81 103.78 103.75 103.69 103.66 103.62 103.56 103.50
102.53 102.41 102.41 102.44 102.59 102.75 102.91 103.06 103.19 103.25 103.16 103.25 103.34 103.44 103.50 103.56 103.59 103.66 103.72 103.44 103.16 103.19 103.19 103.28 103.34 103.44 103.50 103.56 103.66 103.72 103.81 103.91 104.00 104.09 104.19 104.28 104.34 104.44 104.53 104.66 104.75 104.84 104.97 105.03 105.09 105.12 105.12 105.09 105.03 104.97 104.91 104.81 104.75 104.66 104.59 104.53 104.44 104.38 104.31 104.25 104.19 104.12 104.09 104.06 104.03 104.00 103.97 103.94 103.88 103.84 103.78
102.97 102.97 102.88 102.94 102.97 103.16 103.31 103.47 103.56 103.66 103.56 103.59 103.66 103.72 103.75 103.81 103.88 103.94 104.00 103.91 103.53 103.56 103.59 103.62 103.72 103.78 103.84 103.94 104.00 104.06 104.16 104.22 104.31 104.41 104.47 104.56 104.66 104.75 104.81 104.94 105.03 105.12 105.22 105.28 105.34 105.34 105.34 105.31 105.25 105.22 105.16 105.09 105.00 104.94 104.84 104.78 104.72 104.62 104.56 104.50 104.44 104.41 104.34 104.31 104.28 104.25 104.22 104.19 104.16 104.09 104.03
103.53 103.47 103.41 103.38 103.47 103.59 103.75 103.88 103.97 104.06 103.88 103.88 103.91 103.97 104.03 104.09 104.16 104.22 104.25 104.28 103.94 103.94 103.97 104.03 104.09 104.16 104.22 104.31 104.38 104.44 104.53 104.59 104.66 104.75 104.81 104.88 104.97 105.06 105.12 105.22 105.31 105.38 105.47 105.53 105.56 105.56 105.56 105.53 105.47 105.41 105.34 105.31 105.25 105.19 105.09 105.03 104.97 104.88 104.81 104.78 104.72 104.66 104.59 104.56 104.53 104.50 104.47 104.44 104.41 104.34 104.28
103.97 103.91 103.94 103.88 103.97 104.06 104.19 104.31 104.38 104.44 104.28 104.12 104.19 104.25 104.31 104.38 104.41 104.44 104.50 104.53 104.34 104.31 104.38 104.41 104.47 104.53 104.59 104.69 104.75 104.84 104.91 104.97 105.03 105.09 105.16 105.22 105.28 105.38 105.44 105.50 105.59 105.66 105.72 105.78 105.81 105.78 105.78 105.72 105.69 105.66 105.62 105.56 105.50 105.44 105.34 105.28 105.19 105.12 105.06 105.00 104.97 104.91 104.84 104.81 104.78 104.75 104.72 104.69 104.66 104.59 104.53
104.44 104.44 104.41 104.44 104.50 104.56 104.66 104.72 104.78 104.81 104.75 104.41 104.50 104.53 104.59 104.62 104.66 104.72 104.75 104.81 104.72 104.72 104.75 104.78 104.84 104.91 105.00 105.06 105.16 105.22 105.28 105.34 105.41 105.47 105.50 105.56 105.59 105.66 105.72 105.81 105.88 105.94 105.97 106.00 106.03 106.00 106.00 105.97 105.94 105.88 105.88 105.81 105.75 105.66 105.59 105.50 105.44 105.38 105.31 105.25 105.19 105.16 105.09 105.06 105.03 105.00 104.97 104.94 104.88 104.84 104.78
104.91 104.94 104.94 104.97 105.00 105.06 105.09 105.16 105.19 105.19 105.16 104.72 104.75 104.81 104.84 104.88 104.94 104.97 105.00 105.06 105.09 105.12 105.16 105.19 105.22 105.31 105.38 105.44 105.53 105.59 105.66 105.72 105.78 105.81 105.84 105.88 105.91 105.97 106.03 106.09 106.12 106.19 106.22 106.25 106.25 106.22 106.19 106.19 106.16 106.12 106.09 106.06 105.97 105.91 105.81 105.75 105.66 105.59 105.53 105.47 105.44 105.38 105.34 105.28 105.25 105.22 105.19 105.16 105.09 105.06 105.00
105.34 105.38 105.41 105.38 105.41 105.47 105.50 105.53 105.53 105.56 105.53 105.00 105.00 105.06 105.09 105.16 105.19 105.22 105.28 105.31 105.41 105.50 105.53 105.56 105.62 105.69 105.75 105.81 105.88 105.94 106.00 106.06 106.09 106.12 106.16 106.19 106.22 106.25 106.31 106.34 106.41 106.44 106.47 106.47 106.47 106.44 106.44 106.41 106.38 106.34 106.34 106.28 106.22 106.12 106.06 105.97 105.91 105.81 105.75 105.69 105.66 105.62 105.56 105.53 105.50 105.44 105.41 105.38 105.31 105.28 105.22
105.75 105.81 105.81 105.81 105.84 105.88 105.91 105.91 105.91 105.88 105.88 105.34 105.28 105.31 105.38 105.41 105.44 105.50 105.50 105.53 105.62 105.88 105.91 105.94 106.00 106.03 106.09 106.16 106.22 106.25 106.31 106.34 106.38 106.41 106.44 106.47 106.50 106.53 106.56 106.62 106.66 106.69 106.69 106.69 106.69 106.69 106.66 106.66 106.62 106.59 106.56 106.50 106.44 106.38 106.28 106.19 106.12 106.06 105.97 105.94 105.88 105.84 105.81 105.78 105.72 105.69 105.62 105.59 105.53 105.50 105.44
106.12 106.16 106.19 106.19 106.19 106.25 106.25 106.22 106.22 106.19 106.19 105.78 105.56 105.59 105.62 105.66 105.69 105.72 105.75 105.78 105.84 106.22 106.28 106.31 106.38 106.41 106.44 106.50 106.53 106.56 106.59 106.62 106.66 106.66 106.69 106.72 106.75 106.78 106.81 106.84 106.88 106.91 106.91 106.91 106.91 106.91 106.88 106.88 106.84 106.81 106.78 106.72 106.66 106.59 106.53 106.44 106.34 106.28 106.22 106.16 106.12 106.06 106.03 106.00 105.97 105.91 105.88 105.81 105.75 105.69 105.62
106.44 106.47 106.50 106.50 106.50 106.56 106.53 106.53 106.53 106.50 106.47 106.16 105.84 105.88 105.91 105.94 105.97 106.00 106.03 106.06 106.09 106.53 106.62 106.66 106.72 106.75 106.75 106.78 106.81 106.81 106.84 106.88 106.88 106.91 106.94 106.97 107.00 107.03 107.06 107.09 107.09 107.12 107.12 107.12 107.12 107.12 107.09 107.09 107.06 107.03 107.00 106.94 106.88 106.81 106.75 106.66 106.59 106.50 106.44 106.38 106.34 106.31 106.28 106.25 106.19 106.16 106.09 106.03 105.97 105.91 105.84
106.72 106.72 106.78 106.78 106.81 106.84 106.84 106.81 106.81 106.75 106.72 106.50 106.09 106.12 106.16 106.19 106.22 106.25 106.28 106.31 106.34 106.84 106.94 107.00 107.03 107.06 107.06 107.06 107.09 107.09 107.09 107.09 107.12 107.12 107.16 107.19 107.22 107.25 107.28 107.31 107.31 107.31 107.34 107.31 107.31 107.28 107.31 107.28 107.28 107.25 107.19 107.16 107.09 107.03 106.97 106.88 106.81 106.75 106.69 106.62 106.56 106.53 106.50 106.47 106.41 106.38 106.31 106.25 106.19 106.12 106.06
106.94 107.00 107.03 107.03 107.06 107.09 107.09 107.09 107.06 107.03 107.00 106.84 106.34 106.38 106.41 106.44 106.47 106.50 106.53 106.56 106.59 107.09 107.25 107.31 107.31 107.34 107.34 107.34 107.34 107.34 107.31 107.34 107.34 107.38 107.38 107.41 107.44 107.47 107.50 107.50 107.50 107.50 107.53 107.50 107.50 107.50 107.50 107.47 107.47 107.44 107.38 107.34 107.31 107.25 107.19 107.12 107.03 106.97 106.91 106.84 106.81 106.75 106.72 106.69 106.62 106.59 106.53 106.47 106.41 106.34 106.25
107.16 107.22 107.28 107.28 107.31 107.34 107.34 107.34 107.31 107.28 107.25 107.12 106.59 106.62 106.66 106.69 106.72 106.75 106.78 106.81 106.84 107.31 107.56 107.59 107.59 107.62 107.62 107.59 107.59 107.56 107.56 107.56 107.56 107.59 107.59 107.62 107.66 107.69 107.69 107.69 107.69 107.69 107.69 107.69 107.69 107.69 107.69 107.66 107.62 107.59 107.56 107.53 107.50 107.44 107.41 107.34 107.28 107.19 107.12 107.09 107.03 106.97 106.94 106.88 106.84 106.78 106.75 106.69 106.62 106.53 106.47
107.38 107.41 107.50 107.53 107.56 107.59 107.59 107.59 107.56 107.53 107.50 107.41 106.88 106.88 106.91 106.94 106.97 107.00 107.03 107.06 107.09 107.50 107.84 107.88 107.91 107.88 107.88 107.88 107.84 107.81 107.81 107.78 107.81 107.81 107.81 107.84 107.88 107.88 107.91 107.91 107.88 107.88 107.88 107.88 107.84 107.88 107.84 107.84 107.81 107.78 107.75 107.72 107.69 107.66 107.59 107.53 107.50 107.44 107.38 107.31 107.25 107.19 107.12 107.09 107.03 107.00 106.94 106.88 106.81 106.75 106.69
107.62 107.66 107.72 107.75 107.78 107.81 107.81 107.81 107.81 107.78 107.72 107.69 107.16 107.16 107.19 107.22 107.25 107.28 107.31 107.34 107.38 107.66 108.19 108.22 108.19 108.19 108.16 108.12 108.09 108.06 108.03 108.03 108.03 108.03 108.03 108.06 108.06 108.09 108.09 108.09 108.09 108.06 108.03 108.06 108.06 108.06 108.03 108.03 108.00 107.97 107.94 107.91 107.88 107.84 107.81 107.75 107.69 107.66 107.59 107.53 107.47 107.41 107.34 107.31 107.25 107.19 107.16 107.09 107.03 106.94 106.88
107.88 107.91 107.91 107.97 107.94 108.16 108.25 108.28 108.22 108.12 107.97 107.91 107.47 107.41 107.44 107.47 107.50 107.53 107.56 107.59 107.62 107.84 108.53 108.56 108.56 108.50 108.44 108.38 108.34 108.31 108.28 108.25 108.25 108.25 108.25 108.28 108.28 108.28 108.28 108.28 108.28 108.25 108.25 108.25 108.25 108.22 108.25 108.22 108.19 108.19 108.16 108.12 108.09 108.03 108.00 107.97 107.91 107.84 107.78 107.72 107.66 107.59 107.56 107.50 107.47 107.41 107.34 107.28 107.22 107.16 107.06
108.12 108.12 108.16 108.19 108.38 108.53 108.66 108.69 108.62 108.53 108.31 108.16 107.84 107.72 107.72 107.75 107.75 107.78 107.78 107.81 107.81 108.00 108.94 108.97 108.94 108.84 108.75 108.66 108.59 108.56 108.53 108.50 108.50 108.50 108.50 108.50 108.50 108.50 108.50 108.50 108.47 108.44 108.44 108.44 108.44 108.41 108.44 108.41 108.38 108.38 108.34 108.31 108.28 108.25 108.22 108.16 108.12 108.06 108.00 107.94 107.88 107.81 107.75 107.72 107.66 107.59 107.56 107.50 107.44 107.34 107.28
108.31 108.34 108.34 108.47 108.66 108.84 108.97 109.00 108.94 108.81 108.66 108.47 108.16 107.97 107.97 108.00 108.00 108.03 108.03 108.06 108.06 108.19 109.31 109.38 109.31 109.22 109.06 108.94 108.84 108.81 108.75 108.72 108.72 108.72 108.72 108.72 108.72 108.72 108.72 108.69 108.69 108.66 108.66 108.66 108.62 108.62 108.62 108.59 108.56 108.56 108.53 108.50 108.47 108.44 108.41 108.34 108.31 108.25 108.19 108.16 108.09 108.03 107.97 107.91 107.88 107.81 107.75 107.69 107.62 107.56 107.50
108.50 108.53 108.56 108.72 108.91 109.03 109.16 109.22 109.16 109.03 108.88 108.75 108.44 108.19 108.22 108.25 108.25 108.28 108.28 108.31 108.31 108.41 109.66 109.75 109.69 109.56 109.38 109.22 109.12 109.03 109.00 108.97 108.94 108.94 108.94 108.94 108.94 108.94 108.94 108.91 108.91 108.88 108.84 108.84 108.81 108.81 108.81 108.78 108.75 108.75 108.72 108.69 108.66 108.62 108.59 108.53 108.50 108.44 108.41 108.34 108.28 108.25 108.19 108.12 108.06 108.03 107.97 107.91 107.84 107.78 107.72
108.69 108.72 108.75 108.91 109.03 109.16 109.25 109.28 109.22 109.16 109.06 108.97 108.75 108.44 108.47 108.47 108.50 108.53 108.53 108.56 108.56 108.62 109.91 110.06 110.00 109.84 109.66 109.50 109.38 109.28 109.25 109.22 109.19 109.16 109.16 109.16 109.16 109.16 109.16 109.09 109.09 109.09 109.06 109.03 109.03 109.00 109.00 108.97 108.94 108.94 108.91 108.88 108.84 108.81 108.78 108.72 108.69 108.62 108.59 108.56 108.50 108.44 108.41 108.34 108.28 108.22 108.19 108.12 108.06 108.00 107.94
108.84 108.91 108.94 109.03 109.12 109.22 109.28 109.31 109.31 109.25 109.22 109.22 109.06 108.69 108.72 108.72 108.75 108.75 108.78 108.78 108.81 108.84 110.12 110.31 110.25 110.09 109.91 109.75 109.62 109.53 109.47 109.44 109.41 109.41 109.38 109.38 109.38 109.38 109.38 109.34 109.31 109.31 109.28 109.25 109.22 109.19 109.16 109.16 109.12 109.09 109.09 109.06 109.03 109.00 108.94 108.91 108.88 108.84 108.78 108.75 108.69 108.66 108.59 108.53 108.50 108.44 108.38 108.34 108.28 108.22 108.16
109.00 109.06 109.09 109.16 109.22 109.31 109.34 109.38 109.41 109.41 109.41 109.44 109.34 108.94 108.97 108.97 109.00 109.00 109.03 109.03 109.06 109.09 110.31 110.53 110.47 110.34 110.16 110.00 109.88 109.78 109.72 109.69 109.66 109.62 109.59 109.59 109.59 109.56 109.56 109.56 109.53 109.50 109.50 109.47 109.41 109.38 109.38 109.34 109.31 109.28 109.25 109.25 109.19 109.16 109.12 109.09 109.06 109.03 108.97 108.94 108.91 108.88 108.81 108.75 108.69 108.66 108.59 108.53 108.50 108.44 108.38
