everonasctiles/Tile40,41.asc
ncols 128
nrows 128
xllcorner 0
yllcorner 0
cellsize 2.0
NODATA_value  -9999
[rows 0 to 31 of 128, columns 0 to 70 of 128]
-31.97 -29.84 -28.12 -26.97 -26.62 -27.28 -29.06 -30.91 -32.25 -32.75 -33.03 -34.25 -34.94 -35.25 -35.50 -35.66 -35.78 -35.84 -35.91 -35.94 -35.97 -35.94 -35.84 -35.75 -35.62 -35.47 -35.25 -34.97 -34.62 -34.16 -33.66 -32.12 -28.56 -26.09 -23.91 -21.97 -20.84 -20.97 -22.44 -24.19 -25.00 -25.34 -25.66 -25.91 -26.06 -26.03 -25.84 -25.75 -25.66 -25.81 -26.06 -26.28 -26.25 -25.97 -25.62 -25.38 -24.97 -24.62 -24.25 -23.88 -22.84 -21.62 -20.44 -18.78 -18.06 -17.62 -17.00 -16.66 -16.50 -16.38 -16.16
-31.56 -29.62 -27.91 -26.59 -26.22 -26.97 -29.00 -30.91 -32.00 -32.44 -33.34 -34.31 -34.84 -35.12 -35.31 -35.47 -35.59 -35.69 -35.72 -35.75 -35.75 -35.75 -35.66 -35.53 -35.38 -35.19 -34.94 -34.62 -34.25 -33.75 -32.47 -29.88 -27.16 -25.12 -22.84 -21.06 -20.44 -21.00 -22.56 -24.22 -24.97 -25.25 -25.47 -25.72 -25.88 -25.88 -25.69 -25.38 -25.50 -25.69 -25.94 -26.16 -26.06 -25.78 -25.53 -25.19 -24.88 -24.62 -24.25 -23.81 -23.09 -22.22 -20.97 -19.31 -18.62 -18.19 -17.25 -16.84 -16.53 -16.28 -15.81
-31.34 -29.25 -27.59 -26.31 -26.06 -26.81 -29.16 -31.72 -32.50 -32.94 -33.78 -34.34 -34.69 -34.91 -35.09 -35.22 -35.34 -35.41 -35.44 -35.47 -35.47 -35.47 -35.38 -35.25 -35.06 -34.81 -34.53 -34.19 -33.47 -32.19 -30.78 -29.03 -26.78 -24.72 -22.69 -21.09 -20.56 -21.28 -22.78 -24.09 -24.78 -25.06 -25.31 -25.47 -25.59 -25.66 -25.53 -25.25 -25.38 -25.56 -25.81 -25.94 -25.81 -25.59 -25.47 -25.25 -24.94 -24.69 -24.38 -24.06 -23.53 -22.84 -21.62 -20.28 -19.47 -18.88 -17.88 -17.41 -17.03 -16.72 -16.00
-30.72 -28.78 -27.50 -26.28 -26.03 -26.94 -29.41 -31.62 -32.56 -33.19 -33.72 -34.09 -34.38 -34.56 -34.72 -34.84 -34.97 -35.03 -35.06 -35.06 -35.06 -35.09 -35.03 -34.88 -34.66 -34.25 -33.62 -32.88 -31.94 -30.94 -29.94 -28.72 -26.56 -24.59 -22.81 -21.50 -20.91 -21.38 -22.59 -23.91 -24.53 -24.88 -25.12 -25.31 -25.34 -25.34 -25.22 -25.03 -25.12 -25.41 -25.62 -25.69 -25.56 -25.50 -25.44 -25.25 -25.06 -24.62 -24.41 -24.34 -23.84 -23.03 -22.12 -21.03 -20.31 -19.53 -18.53 -17.66 -17.16 -16.66 -15.88
-30.06 -28.47 -27.09 -26.03 -25.94 -26.88 -29.31 -30.66 -31.25 -32.34 -33.25 -33.59 -33.84 -34.03 -34.19 -34.34 -34.47 -34.53 -34.56 -34.56 -34.59 -34.62 -34.56 -34.19 -33.69 -33.12 -32.41 -31.78 -31.09 -30.25 -29.19 -28.06 -26.16 -24.31 -22.56 -21.50 -20.88 -21.16 -22.28 -23.38 -24.03 -24.59 -24.81 -24.94 -24.97 -24.94 -25.00 -24.97 -25.12 -25.19 -25.28 -25.31 -25.31 -25.34 -25.44 -25.28 -25.00 -24.66 -24.66 -24.53 -24.09 -23.38 -22.59 -21.72 -20.59 -19.81 -18.75 -17.56 -16.69 -16.09 -15.38
-29.44 -28.06 -26.69 -25.78 -26.09 -27.25 -28.78 -29.62 -29.78 -30.72 -32.00 -32.44 -32.69 -32.66 -32.91 -33.16 -33.47 -33.66 -33.50 -33.22 -33.41 -33.44 -33.28 -32.97 -32.56 -32.09 -31.56 -31.09 -30.50 -29.59 -28.50 -27.22 -25.56 -23.81 -22.28 -21.28 -20.72 -21.00 -21.81 -22.44 -23.16 -24.12 -24.44 -24.62 -24.69 -24.59 -24.81 -24.88 -25.03 -25.03 -25.09 -25.00 -25.16 -25.19 -25.38 -25.19 -24.91 -24.72 -24.69 -24.50 -24.28 -23.59 -22.84 -21.81 -20.12 -19.41 -18.59 -17.16 -16.09 -15.56 -15.03
-29.06 -27.72 -26.47 -25.75 -26.31 -27.78 -28.47 -28.84 -28.81 -29.31 -30.19 -30.72 -30.84 -30.72 -31.06 -31.66 -32.06 -32.12 -31.91 -32.06 -32.31 -32.41 -32.28 -32.03 -31.72 -31.25 -30.78 -30.50 -30.00 -28.94 -27.75 -26.47 -24.84 -23.34 -22.00 -20.94 -20.50 -20.97 -21.47 -21.75 -22.44 -23.47 -24.12 -24.31 -24.31 -24.25 -24.47 -24.62 -24.94 -25.06 -25.06 -24.88 -24.94 -24.97 -25.25 -25.09 -25.00 -24.88 -24.69 -24.34 -24.03 -23.41 -22.81 -21.66 -20.53 -20.00 -18.91 -16.94 -15.97 -15.19 -14.88
-29.22 -27.75 -26.72 -26.03 -26.44 -27.50 -27.91 -27.97 -27.59 -28.00 -28.91 -29.41 -29.75 -29.88 -30.22 -30.62 -30.88 -30.91 -30.81 -30.94 -31.25 -31.38 -31.44 -31.28 -30.81 -30.41 -30.12 -29.84 -29.31 -28.34 -27.06 -25.72 -24.38 -22.94 -21.81 -20.62 -20.12 -20.56 -21.12 -21.41 -22.06 -22.78 -23.59 -23.91 -24.00 -23.81 -24.09 -24.09 -24.62 -24.88 -24.81 -24.78 -24.78 -24.88 -25.09 -25.00 -24.91 -24.81 -24.53 -24.12 -23.59 -23.16 -22.69 -21.81 -20.88 -19.97 -18.22 -16.31 -15.72 -15.38 -14.97
-29.16 -28.47 -27.12 -26.28 -26.31 -26.91 -27.16 -26.62 -26.44 -27.09 -28.31 -28.81 -28.97 -29.22 -29.47 -29.72 -29.75 -29.78 -29.88 -29.97 -30.31 -30.53 -30.66 -30.66 -30.12 -29.47 -29.19 -28.91 -28.47 -27.59 -26.53 -25.47 -24.09 -22.72 -21.59 -20.59 -20.09 -20.41 -21.00 -21.12 -21.44 -21.97 -22.75 -23.19 -23.34 -23.34 -23.56 -23.78 -24.28 -24.62 -24.66 -24.72 -24.75 -24.91 -25.09 -24.94 -24.75 -24.75 -24.28 -23.97 -23.47 -23.09 -22.56 -21.69 -20.75 -19.19 -17.66 -16.31 -15.78 -15.50 -14.94
-28.69 -28.19 -27.69 -26.78 -26.03 -26.12 -25.88 -25.47 -25.56 -26.38 -27.59 -28.19 -28.25 -28.50 -28.59 -28.56 -28.69 -28.81 -28.91 -29.12 -29.53 -29.78 -29.94 -29.94 -29.50 -28.72 -28.22 -28.00 -27.56 -26.81 -25.75 -24.84 -23.88 -22.69 -21.47 -20.56 -20.16 -20.28 -20.88 -21.00 -21.06 -21.22 -21.66 -22.25 -22.44 -22.84 -23.06 -23.62 -24.03 -24.19 -24.25 -24.62 -24.72 -24.75 -24.88 -24.75 -24.66 -24.44 -24.09 -23.72 -23.41 -23.06 -22.47 -21.47 -20.09 -18.25 -16.81 -15.88 -15.66 -15.38 -14.94
-27.88 -27.62 -27.41 -26.62 -25.78 -25.31 -24.59 -24.47 -24.91 -25.91 -27.06 -27.44 -27.44 -27.66 -27.78 -27.72 -27.75 -27.94 -28.03 -28.25 -28.47 -28.66 -29.06 -29.09 -28.75 -28.22 -27.56 -27.22 -26.81 -26.03 -24.91 -23.94 -23.16 -22.28 -21.41 -20.81 -20.22 -20.19 -20.41 -20.75 -20.84 -20.75 -20.78 -21.09 -21.69 -22.56 -23.00 -23.25 -23.47 -23.62 -23.91 -24.28 -24.34 -24.31 -24.19 -24.12 -24.19 -23.91 -23.56 -23.16 -23.03 -22.59 -21.81 -20.88 -19.12 -17.25 -16.19 -15.72 -15.47 -15.22 -14.84
-27.41 -26.69 -26.50 -26.09 -25.47 -24.56 -23.69 -23.72 -24.50 -25.50 -26.38 -26.75 -26.88 -26.88 -27.00 -27.03 -27.22 -27.34 -27.47 -27.84 -28.00 -28.12 -28.12 -28.12 -27.88 -27.50 -26.81 -26.28 -25.88 -25.16 -24.38 -23.66 -23.00 -22.12 -21.38 -20.94 -20.59 -20.28 -20.25 -20.62 -20.78 -20.53 -20.31 -20.34 -20.91 -21.94 -22.56 -22.72 -22.81 -23.16 -23.66 -23.88 -23.81 -23.69 -23.53 -23.69 -23.62 -23.41 -23.03 -22.69 -22.38 -21.84 -20.69 -19.28 -17.66 -16.47 -15.91 -15.59 -15.47 -15.28 -15.09
-27.44 -26.44 -26.00 -25.72 -25.00 -24.16 -23.38 -23.25 -23.88 -24.94 -25.78 -26.22 -26.38 -26.25 -26.38 -26.56 -26.72 -26.88 -27.06 -27.31 -27.34 -27.62 -27.62 -27.25 -27.06 -26.81 -26.38 -25.75 -25.09 -24.53 -24.22 -23.75 -23.00 -22.22 -21.53 -21.09 -20.81 -20.41 -20.16 -20.28 -20.47 -20.44 -20.25 -20.16 -20.66 -21.31 -21.88 -22.34 -22.41 -22.66 -23.25 -23.47 -23.53 -23.28 -23.12 -23.28 -23.19 -22.91 -22.50 -22.25 -21.69 -20.59 -18.97 -17.38 -16.28 -16.03 -15.69 -15.59 -15.41 -15.34 -15.03
-27.34 -26.62 -25.97 -25.31 -24.41 -23.69 -23.09 -23.12 -23.69 -24.47 -25.03 -25.44 -25.69 -25.66 -25.84 -26.00 -26.09 -26.25 -26.47 -26.59 -26.78 -27.06 -27.12 -26.91 -26.47 -26.22 -25.97 -25.44 -24.81 -24.31 -24.19 -23.78 -23.06 -22.34 -21.56 -21.16 -20.81 -20.47 -20.09 -20.25 -20.34 -20.44 -20.50 -20.47 -20.53 -20.66 -21.25 -21.69 -21.91 -22.28 -22.56 -22.78 -23.03 -22.97 -22.97 -23.03 -22.84 -22.41 -22.09 -21.66 -20.59 -18.94 -17.25 -15.97 -15.34 -15.38 -15.50 -15.62 -15.62 -15.47 -14.91
-27.16 -26.56 -25.75 -24.91 -24.28 -23.66 -23.09 -23.12 -23.59 -24.06 -24.31 -24.69 -24.88 -24.97 -25.22 -25.47 -25.62 -25.78 -26.09 -26.22 -26.28 -26.41 -26.47 -26.38 -25.97 -25.69 -25.47 -24.97 -24.50 -24.12 -24.06 -23.59 -22.97 -22.41 -21.69 -21.25 -20.94 -20.59 -20.41 -20.12 -20.31 -20.53 -20.62 -20.59 -20.50 -20.56 -20.78 -20.91 -21.12 -21.44 -21.72 -22.09 -22.34 -22.25 -22.59 -22.59 -22.31 -21.75 -21.25 -20.47 -19.12 -17.62 -16.56 -15.41 -14.78 -14.56 -14.75 -15.22 -15.28 -15.00 -14.81
-26.88 -26.22 -25.28 -24.56 -24.03 -23.62 -23.03 -22.84 -23.19 -23.53 -23.78 -24.09 -24.25 -24.31 -24.69 -24.97 -25.25 -25.22 -25.31 -25.66 -25.81 -25.84 -25.84 -25.81 -25.53 -25.16 -24.94 -24.66 -24.19 -23.94 -23.69 -23.25 -22.62 -22.22 -21.66 -21.22 -20.91 -20.47 -20.22 -20.16 -20.28 -20.50 -20.44 -20.41 -20.31 -20.22 -20.28 -20.38 -20.34 -20.56 -21.00 -21.25 -21.41 -21.38 -21.56 -21.41 -20.97 -20.41 -19.81 -18.88 -17.88 -17.03 -16.41 -15.84 -15.19 -14.66 -14.59 -14.72 -14.56 -14.22 -14.31
-26.28 -25.56 -24.72 -24.22 -23.78 -23.44 -23.06 -22.81 -22.94 -23.03 -23.44 -23.78 -23.94 -24.19 -24.56 -24.75 -24.81 -24.78 -24.62 -25.00 -25.16 -25.31 -25.34 -25.41 -25.22 -24.94 -24.69 -24.47 -24.16 -23.75 -23.47 -23.03 -22.34 -21.94 -21.53 -21.25 -20.94 -20.44 -20.19 -20.12 -20.09 -20.25 -20.31 -20.34 -20.34 -20.09 -19.91 -19.88 -19.91 -20.03 -20.31 -20.44 -20.28 -20.44 -20.16 -19.81 -19.56 -19.38 -18.88 -17.97 -17.06 -16.53 -16.28 -16.41 -16.00 -15.28 -14.72 -14.31 -13.94 -13.75 -13.84
-25.78 -25.22 -24.53 -24.00 -23.62 -23.25 -22.97 -22.66 -22.50 -22.66 -23.12 -23.47 -23.69 -23.97 -24.25 -24.47 -24.56 -24.47 -24.34 -24.56 -24.75 -24.88 -24.97 -24.91 -24.84 -24.69 -24.50 -24.22 -23.81 -23.31 -23.06 -22.78 -22.31 -21.88 -21.56 -21.16 -20.81 -20.50 -20.25 -20.09 -20.06 -20.06 -20.00 -19.91 -19.94 -19.97 -20.03 -19.88 -19.97 -19.94 -19.81 -19.81 -19.84 -19.78 -19.56 -19.25 -18.97 -18.72 -18.06 -17.28 -16.62 -16.22 -16.25 -16.25 -16.19 -15.69 -15.16 -14.62 -14.09 -13.78 -13.50
-25.81 -25.25 -24.59 -24.00 -23.69 -23.28 -22.84 -22.31 -22.09 -22.25 -22.84 -23.12 -23.47 -23.84 -24.03 -24.16 -24.19 -24.19 -24.22 -24.28 -24.38 -24.47 -24.50 -24.38 -24.25 -24.12 -24.06 -23.81 -23.44 -23.06 -22.75 -22.59 -22.31 -21.94 -21.62 -21.22 -20.81 -20.34 -20.09 -19.94 -19.88 -19.88 -19.66 -19.69 -19.69 -19.53 -19.78 -19.84 -19.81 -19.91 -19.94 -20.00 -19.81 -19.47 -18.97 -18.91 -18.38 -18.00 -17.50 -16.81 -16.34 -16.31 -16.28 -16.16 -15.91 -15.66 -15.38 -14.88 -14.25 -13.94 -13.75
-25.59 -25.12 -24.56 -23.91 -23.50 -23.25 -22.94 -22.19 -21.81 -22.00 -22.47 -22.88 -23.25 -23.62 -23.84 -23.84 -23.78 -23.84 -23.94 -24.06 -24.09 -24.06 -24.03 -23.88 -23.78 -23.72 -23.59 -23.34 -23.09 -22.88 -22.62 -22.50 -22.31 -22.00 -21.75 -21.47 -21.09 -20.69 -20.34 -19.91 -19.69 -19.69 -19.50 -19.47 -19.44 -19.34 -19.50 -19.62 -19.62 -19.59 -19.69 -19.69 -19.44 -19.00 -18.62 -18.19 -17.91 -17.72 -17.22 -16.66 -16.06 -15.88 -16.12 -16.16 -16.00 -15.59 -15.31 -14.81 -14.50 -14.41 -14.31
-25.41 -25.06 -24.50 -23.81 -23.47 -23.22 -22.84 -22.28 -21.94 -22.06 -22.19 -22.56 -23.03 -23.28 -23.47 -23.47 -23.34 -23.47 -23.66 -23.78 -23.84 -23.75 -23.62 -23.62 -23.41 -23.19 -23.06 -23.09 -22.94 -22.91 -22.66 -22.44 -22.31 -22.16 -21.88 -21.44 -21.22 -20.91 -20.47 -20.12 -19.91 -19.72 -19.50 -19.44 -19.56 -19.59 -19.66 -19.66 -19.53 -19.34 -19.25 -19.12 -18.66 -18.34 -18.06 -17.69 -17.62 -17.62 -17.19 -16.62 -16.03 -15.78 -15.94 -15.97 -15.78 -15.59 -15.22 -14.88 -14.56 -14.59 -14.44
-25.19 -24.88 -24.34 -23.88 -23.44 -23.19 -22.88 -22.34 -22.12 -22.06 -22.22 -22.44 -22.72 -23.00 -23.16 -23.16 -22.97 -23.06 -23.34 -23.59 -23.62 -23.56 -23.41 -23.31 -23.25 -23.03 -22.84 -22.88 -22.81 -22.75 -22.56 -22.44 -22.25 -22.09 -21.84 -21.47 -21.25 -21.09 -20.69 -20.38 -20.34 -20.16 -19.84 -19.78 -19.75 -19.78 -19.91 -19.69 -19.41 -19.03 -18.62 -18.53 -18.41 -18.22 -17.94 -17.91 -17.69 -17.47 -17.06 -16.69 -16.38 -16.31 -16.28 -16.06 -15.75 -15.56 -15.28 -15.22 -15.03 -15.00 -14.84
-24.97 -24.56 -24.12 -23.75 -23.38 -23.06 -22.91 -22.75 -22.59 -22.47 -22.47 -22.50 -22.56 -22.75 -22.84 -22.88 -22.72 -22.84 -22.88 -23.16 -23.34 -23.31 -23.28 -23.31 -23.22 -23.03 -22.81 -22.78 -22.88 -22.69 -22.50 -22.34 -22.16 -22.00 -21.75 -21.53 -21.31 -21.09 -20.75 -20.62 -20.62 -20.47 -20.34 -20.22 -20.00 -19.91 -19.78 -19.50 -19.09 -18.78 -18.50 -18.44 -18.47 -18.31 -18.34 -18.31 -18.00 -17.59 -17.12 -16.91 -16.84 -16.72 -16.53 -16.25 -15.94 -15.69 -15.31 -15.19 -15.41 -15.50 -15.22
-24.84 -24.38 -23.94 -23.59 -23.19 -22.91 -22.94 -22.91 -22.81 -22.56 -22.56 -22.56 -22.53 -22.69 -22.78 -22.78 -22.69 -22.75 -22.72 -22.84 -23.09 -23.00 -22.97 -23.06 -22.88 -22.78 -22.69 -22.56 -22.69 -22.50 -22.44 -22.25 -22.03 -21.75 -21.41 -21.34 -21.22 -21.00 -20.81 -20.78 -20.84 -20.81 -20.69 -20.53 -20.41 -20.28 -19.97 -19.59 -19.38 -19.16 -18.75 -18.66 -18.72 -18.66 -18.50 -18.34 -18.09 -17.81 -17.53 -17.28 -17.12 -16.94 -16.72 -16.38 -16.28 -16.12 -15.81 -15.66 -15.94 -15.91 -15.56
-24.72 -24.41 -23.88 -23.50 -23.25 -23.16 -23.09 -22.97 -22.75 -22.56 -22.56 -22.53 -22.53 -22.62 -22.81 -22.88 -22.66 -22.59 -22.75 -22.84 -22.81 -22.69 -22.69 -22.78 -22.72 -22.66 -22.59 -22.53 -22.53 -22.41 -22.25 -22.03 -21.97 -21.81 -21.59 -21.34 -20.97 -20.81 -20.84 -20.97 -21.12 -21.09 -20.97 -20.69 -20.56 -20.47 -20.06 -19.66 -19.62 -19.41 -19.06 -18.78 -18.81 -18.84 -18.69 -18.50 -18.16 -18.00 -17.72 -17.41 -17.38 -17.22 -16.88 -16.47 -16.44 -16.41 -16.28 -16.06 -16.16 -16.00 -15.78
-24.72 -24.31 -23.88 -23.50 -23.50 -23.53 -23.41 -23.28 -23.16 -22.91 -22.72 -22.66 -22.69 -22.75 -22.81 -22.88 -22.78 -22.66 -22.72 -22.72 -22.72 -22.53 -22.44 -22.56 -22.59 -22.50 -22.50 -22.44 -22.38 -22.28 -22.09 -21.97 -21.94 -21.84 -21.81 -21.47 -21.16 -21.00 -20.94 -21.09 -21.25 -21.31 -21.16 -21.00 -20.78 -20.41 -20.09 -19.81 -19.66 -19.50 -19.22 -18.88 -19.09 -19.03 -18.81 -18.56 -18.22 -18.03 -17.75 -17.59 -17.53 -17.50 -17.34 -17.28 -17.12 -16.81 -16.47 -16.25 -16.28 -16.00 -15.69
-24.62 -24.28 -24.06 -23.84 -23.72 -23.72 -23.66 -23.53 -23.31 -23.06 -22.94 -22.97 -22.94 -22.97 -23.00 -22.91 -22.84 -22.75 -22.62 -22.53 -22.47 -22.38 -22.38 -22.41 -22.50 -22.38 -22.31 -22.41 -22.38 -22.25 -22.06 -21.94 -21.97 -21.97 -21.88 -21.66 -21.44 -21.38 -21.28 -21.31 -21.50 -21.50 -21.38 -21.25 -20.97 -20.69 -20.41 -20.16 -19.84 -19.59 -19.25 -18.94 -18.78 -18.59 -18.47 -18.28 -17.94 -17.75 -17.84 -17.69 -17.59 -17.56 -17.56 -17.53 -17.41 -16.97 -16.56 -16.28 -16.06 -15.78 -15.41
-24.62 -24.47 -24.31 -24.16 -24.06 -23.97 -23.88 -23.72 -23.50 -23.44 -23.38 -23.28 -23.19 -23.16 -23.22 -23.09 -22.94 -22.88 -22.75 -22.59 -22.47 -22.47 -22.47 -22.50 -22.47 -22.31 -22.25 -22.34 -22.34 -22.19 -22.06 -22.03 -21.97 -21.91 -21.78 -21.69 -21.69 -21.69 -21.62 -21.66 -21.66 -21.62 -21.53 -21.44 -21.25 -20.94 -20.66 -20.38 -20.00 -19.75 -19.34 -18.97 -18.44 -18.44 -18.44 -18.34 -18.16 -18.06 -17.91 -17.59 -17.59 -17.69 -17.69 -17.47 -17.19 -17.03 -16.62 -16.31 -15.94 -15.53 -15.50
-24.75 -24.56 -24.47 -24.41 -24.31 -24.12 -23.97 -23.88 -23.78 -23.81 -23.69 -23.56 -23.44 -23.34 -23.25 -23.12 -23.00 -22.81 -22.69 -22.72 -22.72 -22.62 -22.62 -22.69 -22.56 -22.53 -22.50 -22.41 -22.38 -22.28 -22.19 -22.16 -22.09 -22.00 -21.88 -21.81 -21.81 -21.78 -21.81 -21.84 -21.84 -21.78 -21.66 -21.66 -21.56 -21.22 -20.91 -20.62 -20.38 -20.12 -19.62 -19.00 -18.59 -18.44 -18.56 -18.62 -18.59 -18.59 -18.38 -18.28 -18.25 -18.06 -18.00 -17.66 -17.25 -17.06 -16.81 -16.28 -15.94 -15.72 -15.91
-24.84 -24.75 -24.66 -24.56 -24.41 -24.28 -24.12 -24.00 -24.00 -24.03 -24.03 -23.91 -23.66 -23.47 -23.31 -23.16 -23.03 -22.78 -22.69 -22.72 -22.84 -22.81 -22.72 -22.81 -22.88 -22.88 -22.72 -22.66 -22.38 -22.19 -22.19 -22.16 -22.03 -22.03 -22.00 -22.00 -22.00 -22.03 -22.03 -21.97 -21.94 -21.88 -21.88 -21.88 -21.69 -21.38 -21.06 -20.72 -20.47 -20.09 -19.66 -19.38 -18.94 -18.78 -18.88 -18.88 -18.84 -18.94 -18.84 -18.69 -18.59 -18.25 -18.16 -17.94 -17.53 -17.16 -16.72 -16.41 -16.28 -16.00 -15.88
-25.03 -25.00 -24.91 -24.81 -24.62 -24.50 -24.31 -24.25 -24.31 -24.28 -24.16 -24.00 -23.78 -23.53 -23.38 -23.28 -23.16 -23.03 -22.94 -22.97 -23.03 -23.00 -22.97 -23.06 -23.09 -23.06 -22.88 -22.69 -22.56 -22.47 -22.41 -22.22 -22.16 -22.09 -22.09 -22.22 -22.28 -22.34 -22.38 -22.34 -22.22 -22.22 -22.12 -22.03 -21.84 -21.53 -21.12 -20.62 -20.31 -20.12 -19.84 -19.81 -19.38 -19.19 -19.22 -19.34 -19.50 -19.38 -19.12 -19.06 -18.91 -18.75 -18.47 -18.03 -17.69 -17.12 -16.53 -16.19 -16.09 -16.09 -15.97
-25.19 -25.19 -25.12 -24.94 -24.78 -24.66 -24.50 -24.38 -24.47 -24.50 -24.34 -24.16 -23.94 -23.69 -23.53 -23.44 -23.31 -23.22 -23.09 -23.09 -23.16 -23.19 -23.19 -23.12 -23.12 -23.12 -23.00 -22.84 -22.78 -22.72 -22.56 -22.41 -22.28 -22.22 -22.31 -22.50 -22.59 -22.81 -22.84 -22.78 -22.72 -22.59 -22.47 -22.25 -21.91 -21.59 -21.19 -20.75 -20.31 -20.22 -20.12 -20.00 -19.72 -19.59 -19.47 -19.47 -19.50 -19.44 -19.38 -19.16 -18.78 -18.75 -18.66 -18.28 -17.81 -17.38 -16.84 -16.31 -16.09 -16.09 -16.09
