everonasctiles/Tile[32,37].asc
ncols 128
nrows 128
xllcorner 0
yllcorner 0
cellsize 2.0
NODATA_value  -9999
[rows 32 to 63 of 128, columns 0 to 70 of 128]
-20.91 -20.94 -20.72 -20.72 -20.72 -20.56 -20.34 -20.12 -19.97 -19.88 -19.91 -19.88 -19.56 -19.28 -19.03 -18.69 -18.44 -18.34 -18.06 -17.81 -17.84 -17.97 -18.00 -18.09 -18.22 -18.28 -18.44 -18.59 -18.72 -18.78 -18.91 -19.12 -19.31 -19.56 -19.75 -19.53 -19.88 -20.03 -20.22 -20.69 -20.91 -20.97 -21.16 -21.41 -21.53 -21.97 -22.25 -22.12 -22.22 -22.50 -22.44 -22.31 -21.97 -21.91 -21.75 -22.00 -22.28 -22.50 -22.62 -22.75 -22.81 -22.88 -23.16 -23.22 -23.25 -23.25 -23.47 -23.66 -23.88 -24.06 -24.31
-20.94 -21.00 -20.78 -20.78 -20.78 -20.56 -20.41 -20.25 -20.03 -19.97 -19.94 -19.94 -19.69 -19.34 -18.88 -18.59 -18.31 -18.34 -18.06 -17.97 -17.91 -17.94 -18.03 -18.06 -18.19 -18.31 -18.44 -18.56 -18.91 -19.12 -19.25 -19.16 -19.44 -19.84 -20.12 -19.94 -20.00 -20.25 -20.50 -20.75 -20.94 -21.16 -21.50 -21.50 -21.59 -21.94 -22.31 -22.50 -22.72 -22.81 -22.84 -22.75 -22.56 -22.19 -21.97 -22.16 -22.69 -23.00 -23.12 -23.19 -23.16 -23.31 -23.50 -23.50 -23.50 -23.56 -23.62 -23.91 -24.22 -24.34 -24.56
-21.00 -21.03 -20.91 -20.81 -20.66 -20.62 -20.41 -20.12 -20.06 -20.06 -19.84 -19.62 -19.47 -19.19 -18.84 -18.66 -18.38 -17.81 -17.81 -17.81 -17.94 -17.94 -17.84 -18.00 -18.12 -18.22 -18.28 -18.84 -19.03 -19.03 -19.41 -19.69 -19.97 -20.00 -20.00 -20.06 -20.22 -20.44 -20.84 -21.03 -20.97 -21.25 -21.62 -21.47 -21.78 -22.00 -22.19 -22.53 -22.84 -22.94 -22.94 -22.84 -22.62 -22.75 -22.72 -22.75 -23.00 -23.19 -23.53 -23.59 -23.59 -23.75 -23.88 -23.78 -23.72 -23.94 -24.16 -24.31 -24.50 -24.75 -24.97
-21.06 -20.97 -20.91 -20.81 -20.69 -20.62 -20.56 -20.47 -20.09 -19.91 -19.72 -19.66 -19.34 -18.94 -18.69 -18.44 -18.16 -17.97 -17.94 -18.12 -18.06 -18.22 -18.22 -18.12 -18.31 -18.28 -18.28 -18.66 -19.12 -19.22 -19.44 -19.91 -20.25 -20.47 -20.56 -20.59 -20.75 -20.84 -21.00 -21.03 -21.00 -21.50 -21.69 -21.72 -21.88 -21.94 -22.06 -22.47 -22.69 -22.75 -22.78 -22.91 -22.72 -22.94 -23.03 -23.34 -23.53 -23.59 -23.88 -23.97 -23.84 -23.94 -23.97 -24.06 -24.16 -24.12 -24.34 -24.62 -24.81 -24.88 -25.16
-21.09 -21.09 -20.94 -20.78 -20.59 -20.53 -20.50 -20.47 -20.41 -20.22 -19.88 -19.41 -19.12 -19.22 -18.75 -18.47 -18.09 -18.16 -18.19 -18.28 -18.41 -18.56 -18.53 -18.47 -18.38 -18.34 -18.16 -18.25 -18.59 -19.12 -19.75 -20.19 -20.34 -20.84 -21.09 -20.94 -21.09 -21.19 -21.34 -21.38 -21.66 -21.75 -21.38 -21.69 -22.09 -22.09 -22.09 -22.47 -22.69 -22.41 -22.56 -22.78 -22.91 -23.19 -23.38 -23.59 -23.75 -24.00 -24.25 -24.16 -24.34 -24.34 -24.22 -24.38 -24.53 -24.62 -24.59 -24.72 -24.94 -25.16 -25.25
-21.12 -21.06 -20.91 -20.72 -20.72 -20.69 -20.56 -20.47 -20.53 -20.22 -19.56 -19.19 -19.06 -19.22 -19.22 -18.97 -18.59 -18.44 -18.69 -18.59 -18.56 -18.75 -18.69 -18.53 -18.34 -18.38 -18.44 -18.59 -18.56 -19.00 -19.84 -20.25 -20.56 -21.19 -21.41 -21.28 -21.25 -21.47 -21.66 -21.47 -21.81 -21.88 -21.66 -22.06 -22.34 -22.41 -22.44 -22.34 -22.22 -22.31 -22.53 -22.59 -22.97 -23.53 -23.50 -23.59 -23.62 -23.97 -24.22 -24.44 -24.50 -24.62 -24.62 -24.69 -24.84 -24.91 -24.91 -24.88 -24.94 -25.00 -25.12
-21.16 -21.06 -21.03 -20.66 -20.72 -20.66 -20.56 -20.50 -20.41 -20.22 -19.56 -19.47 -19.62 -19.44 -19.50 -19.25 -18.84 -18.66 -18.69 -18.84 -18.84 -18.75 -18.75 -18.59 -18.59 -18.53 -18.72 -18.84 -18.75 -18.72 -19.25 -20.06 -20.56 -21.19 -21.41 -21.19 -21.69 -21.56 -21.44 -21.62 -21.78 -22.09 -22.12 -22.41 -22.50 -22.28 -22.28 -22.41 -22.19 -22.34 -22.56 -22.84 -23.22 -23.62 -23.75 -23.88 -23.91 -23.91 -24.31 -24.66 -24.81 -24.84 -24.78 -24.97 -25.03 -25.00 -24.91 -25.03 -25.09 -25.19 -25.19
-21.31 -21.16 -21.09 -21.00 -20.81 -20.66 -20.62 -20.47 -20.53 -20.50 -20.03 -19.94 -19.94 -19.84 -19.59 -19.31 -19.28 -18.91 -18.72 -18.91 -18.97 -18.81 -18.62 -18.59 -18.81 -18.84 -18.94 -19.03 -19.12 -19.06 -19.44 -20.09 -20.34 -20.88 -21.47 -21.19 -21.78 -21.62 -21.62 -21.84 -21.88 -22.09 -22.34 -22.59 -22.69 -22.56 -22.44 -22.56 -22.25 -22.41 -22.50 -22.91 -23.19 -23.44 -23.81 -23.97 -24.03 -24.03 -24.06 -24.47 -24.78 -24.94 -24.91 -25.06 -25.06 -25.00 -25.00 -25.06 -25.03 -25.25 -25.28
-21.22 -21.22 -21.06 -21.03 -21.06 -20.91 -20.75 -20.62 -20.53 -20.47 -20.09 -20.12 -20.00 -19.75 -19.72 -19.47 -19.38 -19.41 -19.34 -19.03 -18.81 -18.72 -18.69 -18.66 -18.84 -18.94 -18.97 -19.19 -19.38 -19.62 -19.78 -19.94 -20.28 -20.84 -21.66 -21.38 -21.81 -21.75 -22.06 -22.50 -22.22 -22.06 -22.28 -22.47 -22.66 -22.72 -22.47 -22.34 -22.22 -22.66 -22.78 -23.12 -23.22 -23.16 -23.53 -23.94 -24.16 -24.25 -24.34 -24.56 -24.75 -24.94 -24.97 -25.03 -25.03 -25.03 -25.06 -25.03 -24.91 -25.12 -25.28
-21.09 -21.19 -21.12 -20.91 -21.03 -21.03 -20.91 -20.81 -20.78 -20.66 -20.56 -20.56 -20.22 -20.00 -19.72 -19.47 -19.50 -19.50 -19.50 -19.22 -18.88 -18.88 -18.97 -18.81 -18.69 -18.66 -18.97 -19.28 -19.53 -19.66 -19.97 -20.00 -20.47 -21.19 -21.56 -21.28 -21.94 -22.00 -22.28 -22.72 -22.47 -22.34 -22.53 -22.53 -22.47 -22.41 -22.31 -22.62 -23.00 -23.12 -23.38 -23.47 -23.44 -23.28 -23.66 -23.81 -24.16 -24.41 -24.38 -24.53 -24.56 -24.66 -24.88 -25.00 -25.03 -25.03 -25.09 -24.94 -24.88 -25.03 -25.16
-21.34 -21.38 -21.31 -21.19 -20.94 -20.88 -21.00 -21.06 -21.03 -21.06 -20.91 -20.59 -20.31 -19.97 -19.69 -19.66 -19.72 -19.69 -19.22 -19.12 -19.00 -18.81 -19.03 -18.78 -18.66 -18.72 -18.88 -19.31 -19.31 -19.53 -20.03 -20.34 -20.59 -21.00 -21.34 -21.62 -22.06 -22.31 -22.41 -22.59 -22.56 -22.69 -22.91 -22.66 -22.31 -22.31 -22.25 -22.75 -23.16 -23.28 -23.59 -23.62 -23.56 -23.53 -23.78 -24.06 -24.19 -24.44 -24.38 -24.34 -24.62 -24.75 -24.84 -24.81 -24.78 -24.81 -24.88 -24.69 -24.62 -24.88 -24.78
-21.44 -21.44 -21.47 -21.44 -21.28 -21.19 -21.00 -21.12 -21.16 -21.06 -21.03 -20.62 -20.28 -20.00 -19.81 -19.91 -19.50 -19.53 -19.25 -19.25 -19.16 -19.16 -19.16 -18.91 -18.88 -18.81 -19.00 -19.16 -19.12 -19.59 -19.81 -20.03 -20.38 -20.78 -21.16 -21.88 -22.25 -22.19 -21.88 -22.47 -22.66 -22.72 -22.78 -22.66 -22.69 -22.56 -22.38 -22.75 -23.12 -23.34 -23.78 -23.69 -23.62 -23.56 -23.81 -24.19 -24.28 -24.41 -24.31 -24.44 -24.62 -24.50 -24.69 -24.66 -24.50 -24.53 -24.50 -24.47 -24.56 -24.88 -24.94
-21.75 -21.62 -21.34 -21.31 -21.38 -21.34 -21.22 -21.16 -21.25 -21.06 -21.03 -20.84 -20.59 -20.28 -20.06 -19.66 -19.34 -19.59 -19.62 -19.59 -19.53 -19.34 -19.31 -19.28 -19.00 -18.78 -18.97 -19.25 -19.25 -19.59 -19.69 -19.78 -19.94 -20.62 -21.22 -21.78 -22.03 -22.00 -21.94 -22.47 -22.72 -22.75 -22.72 -22.91 -22.88 -22.66 -22.91 -23.28 -23.47 -23.31 -23.53 -23.84 -23.97 -23.91 -23.97 -24.28 -24.31 -24.47 -24.44 -24.50 -24.72 -24.62 -24.62 -24.69 -24.66 -24.41 -24.41 -24.38 -24.47 -24.75 -24.72
-21.91 -21.84 -21.81 -21.66 -21.53 -21.28 -21.34 -21.50 -21.44 -21.25 -20.88 -20.81 -20.59 -20.28 -20.09 -19.81 -19.66 -19.94 -19.88 -19.75 -19.59 -19.41 -19.44 -19.44 -19.03 -18.78 -18.94 -19.31 -19.38 -19.66 -19.78 -19.91 -20.19 -20.31 -20.44 -20.94 -21.50 -21.97 -22.28 -22.47 -22.59 -22.75 -22.72 -22.75 -22.69 -22.50 -23.12 -23.47 -23.50 -23.38 -23.47 -23.75 -24.03 -24.12 -24.12 -24.19 -24.28 -24.44 -24.41 -24.50 -24.53 -24.50 -24.62 -24.59 -24.53 -24.44 -24.41 -24.41 -24.56 -24.78 -24.75
-22.19 -22.09 -21.97 -21.81 -21.75 -21.59 -21.53 -21.56 -21.34 -21.22 -21.03 -20.84 -20.84 -20.66 -20.38 -20.31 -19.97 -20.19 -20.19 -20.12 -19.81 -19.59 -19.44 -19.28 -19.00 -18.78 -18.81 -19.03 -19.22 -19.59 -19.69 -19.81 -20.28 -20.28 -20.44 -20.22 -20.94 -21.53 -22.00 -22.22 -22.62 -22.84 -23.03 -23.12 -23.25 -22.97 -23.22 -23.47 -23.53 -23.53 -23.56 -23.53 -23.59 -23.81 -24.03 -24.03 -23.94 -24.00 -24.28 -24.38 -24.38 -24.28 -24.47 -24.38 -24.34 -24.44 -24.47 -24.22 -24.41 -24.78 -24.91
-22.31 -22.28 -22.03 -21.88 -21.62 -21.75 -21.66 -21.56 -21.47 -21.44 -21.25 -21.28 -21.12 -21.03 -20.62 -20.41 -20.31 -20.19 -20.16 -20.16 -19.84 -19.59 -19.38 -19.22 -19.00 -18.78 -18.81 -18.91 -19.03 -19.59 -19.78 -19.81 -20.28 -20.25 -20.53 -20.38 -20.88 -21.38 -21.75 -22.44 -22.88 -23.09 -23.12 -23.31 -23.38 -23.09 -23.38 -23.53 -23.62 -23.69 -23.72 -23.72 -23.56 -23.53 -23.81 -23.94 -23.84 -23.81 -24.09 -24.09 -24.12 -24.12 -24.16 -23.88 -24.25 -24.25 -24.31 -24.25 -24.47 -24.81 -24.97
-22.38 -22.31 -22.25 -21.94 -21.84 -21.81 -21.91 -21.75 -21.50 -21.56 -21.50 -21.38 -21.12 -21.06 -20.88 -20.59 -20.44 -20.38 -20.28 -20.00 -19.69 -19.59 -19.31 -18.84 -18.88 -18.75 -18.94 -19.06 -19.06 -19.47 -19.88 -19.91 -19.81 -19.97 -20.47 -20.72 -21.38 -21.62 -21.75 -22.59 -23.00 -23.25 -23.31 -23.25 -23.34 -23.31 -23.62 -23.75 -23.62 -23.62 -23.66 -23.62 -23.78 -23.69 -23.62 -23.56 -23.31 -23.56 -23.81 -23.94 -23.91 -24.03 -24.00 -23.69 -24.03 -24.00 -24.00 -24.22 -24.53 -24.72 -24.56
-22.38 -22.41 -22.31 -22.22 -22.00 -21.94 -21.97 -21.84 -21.69 -21.72 -21.66 -21.44 -21.28 -21.09 -20.91 -20.94 -20.81 -20.62 -20.31 -20.12 -20.00 -19.53 -19.22 -18.75 -18.75 -18.66 -18.94 -19.28 -19.34 -19.69 -19.88 -20.19 -20.47 -20.56 -20.69 -21.12 -21.78 -22.06 -22.03 -22.69 -23.03 -23.31 -23.41 -23.16 -23.19 -23.38 -23.81 -23.97 -23.75 -23.62 -23.56 -23.66 -23.78 -23.84 -23.75 -23.50 -23.38 -23.72 -23.84 -23.81 -23.84 -23.84 -23.75 -23.81 -23.69 -23.62 -24.06 -24.19 -24.31 -24.41 -24.59
-22.38 -22.41 -22.31 -22.25 -22.28 -22.22 -22.19 -21.97 -21.75 -21.62 -21.53 -21.50 -21.34 -21.25 -21.09 -21.31 -21.34 -21.22 -20.72 -20.31 -19.81 -19.50 -19.19 -18.84 -18.81 -18.91 -19.34 -19.47 -19.50 -19.62 -19.94 -20.34 -20.75 -20.75 -20.91 -21.09 -21.56 -22.16 -22.06 -22.53 -22.78 -22.84 -23.19 -23.31 -23.34 -23.53 -23.88 -23.94 -23.84 -23.78 -23.78 -23.81 -23.88 -23.94 -23.94 -23.81 -23.81 -23.91 -23.81 -23.47 -23.69 -23.75 -23.88 -23.91 -23.94 -23.59 -23.50 -23.81 -23.97 -23.91 -24.16
-22.91 -22.75 -22.59 -22.47 -22.56 -22.66 -22.44 -22.31 -21.91 -21.84 -21.94 -21.75 -21.62 -21.56 -21.66 -21.69 -21.53 -21.03 -20.69 -20.62 -20.31 -19.94 -19.44 -18.94 -18.62 -18.97 -19.31 -19.75 -19.72 -19.97 -20.03 -19.88 -20.47 -20.84 -21.41 -21.53 -21.56 -21.91 -22.03 -22.34 -22.44 -22.47 -23.09 -23.16 -23.28 -23.59 -23.88 -23.91 -23.91 -23.91 -23.91 -23.94 -23.97 -24.03 -24.03 -24.09 -23.97 -23.84 -23.94 -23.88 -23.75 -23.78 -23.81 -23.94 -23.84 -23.56 -23.53 -23.53 -23.81 -23.78 -23.50
-22.91 -22.88 -22.78 -22.97 -23.09 -23.00 -22.75 -22.59 -22.50 -22.31 -22.22 -22.12 -21.94 -21.94 -21.75 -21.66 -21.31 -21.16 -20.94 -20.81 -20.56 -20.25 -19.88 -19.34 -18.69 -18.94 -19.28 -19.62 -19.97 -20.28 -20.41 -20.12 -20.38 -20.88 -21.44 -21.59 -21.53 -21.47 -21.44 -21.91 -22.06 -22.31 -22.78 -23.06 -23.25 -23.66 -23.88 -23.91 -23.84 -23.81 -23.91 -23.88 -23.84 -23.91 -24.00 -24.16 -24.12 -24.00 -24.03 -24.03 -23.84 -23.81 -23.62 -23.81 -23.78 -23.78 -23.97 -23.91 -23.72 -23.66 -23.44
-23.22 -23.28 -23.22 -23.28 -23.38 -23.19 -23.16 -23.12 -22.91 -22.59 -22.25 -22.19 -22.09 -22.03 -21.84 -21.66 -21.69 -21.50 -21.03 -21.03 -20.72 -20.47 -19.88 -19.47 -18.88 -19.28 -19.72 -20.06 -20.22 -20.41 -20.62 -20.56 -20.81 -20.97 -21.22 -21.47 -21.75 -21.91 -21.59 -21.34 -21.75 -22.06 -22.72 -23.16 -23.25 -23.50 -23.72 -23.75 -23.62 -23.69 -23.81 -23.84 -23.81 -23.84 -23.94 -24.16 -24.25 -24.12 -24.16 -24.12 -23.88 -23.88 -23.72 -23.91 -23.94 -24.06 -24.25 -24.03 -23.59 -23.62 -23.59
-23.94 -23.84 -23.69 -23.56 -23.44 -23.31 -23.34 -23.28 -23.06 -22.62 -22.53 -22.44 -22.47 -22.44 -22.00 -21.62 -21.59 -21.56 -21.31 -21.12 -20.75 -20.41 -19.81 -19.84 -19.81 -19.84 -20.00 -19.84 -20.25 -20.75 -20.91 -21.00 -21.09 -20.97 -21.03 -21.31 -21.69 -22.06 -21.88 -21.19 -21.44 -21.94 -22.72 -23.28 -23.25 -23.22 -23.25 -23.25 -23.50 -23.59 -23.53 -23.69 -23.81 -23.72 -23.81 -23.94 -23.97 -23.88 -23.97 -24.12 -24.12 -24.03 -24.06 -24.12 -24.34 -24.44 -24.44 -24.34 -24.12 -23.84 -23.69
-24.19 -24.19 -24.03 -23.81 -23.69 -23.41 -23.38 -23.50 -23.31 -22.94 -22.75 -22.59 -22.53 -22.38 -22.12 -21.88 -21.59 -21.62 -21.34 -21.06 -20.53 -20.03 -19.84 -20.28 -20.50 -20.34 -20.38 -20.34 -20.59 -20.75 -20.97 -21.28 -21.28 -21.22 -21.12 -21.56 -21.56 -21.72 -21.88 -21.72 -21.78 -21.72 -22.28 -22.97 -23.12 -23.09 -22.91 -22.91 -23.31 -23.50 -23.56 -23.72 -23.91 -23.84 -23.69 -23.66 -23.69 -23.69 -23.81 -23.91 -24.12 -24.28 -24.38 -24.41 -24.62 -24.84 -24.66 -24.28 -24.28 -24.22 -24.00
-24.31 -24.12 -24.09 -24.00 -23.84 -23.59 -23.59 -23.66 -23.28 -22.94 -22.84 -22.81 -22.53 -22.28 -22.12 -21.69 -21.53 -21.19 -20.91 -20.56 -20.34 -20.22 -20.28 -20.47 -20.88 -20.84 -20.84 -20.66 -20.75 -20.62 -20.78 -21.25 -21.41 -21.31 -21.12 -21.50 -21.59 -21.75 -21.94 -22.03 -22.12 -21.91 -22.00 -22.47 -22.69 -22.84 -22.97 -23.06 -23.34 -23.50 -23.75 -23.97 -24.06 -23.88 -23.84 -23.81 -23.59 -23.69 -23.75 -23.81 -23.88 -24.25 -24.75 -24.75 -24.84 -24.94 -24.81 -24.66 -24.56 -24.59 -24.56
-24.53 -24.16 -24.12 -24.00 -23.72 -23.41 -23.41 -23.31 -23.22 -23.00 -22.81 -22.78 -22.53 -22.12 -21.94 -21.84 -21.47 -21.09 -20.66 -19.97 -19.91 -20.12 -19.88 -20.44 -20.78 -20.97 -21.16 -21.12 -21.03 -20.78 -20.69 -21.09 -21.31 -21.28 -21.28 -21.34 -21.78 -22.09 -22.19 -22.09 -22.12 -22.16 -22.31 -22.41 -22.31 -22.44 -23.00 -23.22 -23.66 -23.66 -23.75 -24.06 -23.97 -23.97 -24.06 -23.94 -23.88 -23.69 -23.78 -23.94 -24.16 -24.47 -24.91 -25.09 -25.06 -25.00 -24.84 -25.06 -25.09 -25.12 -25.19
-24.75 -24.50 -24.19 -23.94 -23.78 -23.53 -23.25 -23.19 -23.25 -23.03 -22.81 -22.78 -22.62 -22.22 -22.06 -22.00 -21.56 -21.16 -20.25 -19.72 -19.81 -20.16 -20.00 -20.31 -21.00 -21.19 -21.38 -21.25 -21.12 -21.00 -21.00 -21.16 -21.12 -21.09 -21.34 -21.56 -21.91 -22.16 -22.22 -22.34 -22.53 -22.44 -22.44 -22.62 -22.59 -22.69 -23.19 -23.28 -23.50 -23.81 -23.81 -23.88 -23.88 -23.88 -23.97 -24.12 -24.00 -23.72 -23.66 -24.16 -24.59 -24.88 -25.00 -25.16 -25.22 -25.19 -25.09 -25.28 -25.34 -25.53 -25.47
-24.66 -24.34 -24.19 -24.06 -23.81 -23.69 -23.53 -23.34 -23.00 -23.00 -22.88 -22.75 -22.59 -22.25 -22.16 -22.00 -21.59 -21.34 -20.72 -20.28 -20.56 -20.81 -20.78 -20.56 -20.84 -21.22 -21.28 -21.16 -21.38 -21.38 -21.09 -21.28 -21.25 -21.34 -21.47 -21.59 -21.91 -22.19 -22.34 -22.56 -22.56 -22.62 -22.59 -22.84 -23.00 -23.12 -23.47 -23.28 -23.56 -23.91 -24.09 -24.00 -23.81 -23.88 -23.91 -24.22 -24.00 -23.97 -24.12 -24.31 -24.72 -25.03 -25.28 -25.16 -25.25 -25.44 -25.53 -25.78 -25.69 -25.62 -25.66
-24.72 -24.34 -24.28 -24.16 -23.81 -23.69 -23.56 -23.47 -23.28 -23.19 -23.09 -22.78 -22.66 -22.31 -21.97 -21.88 -21.50 -21.22 -21.09 -20.78 -20.94 -20.94 -20.69 -20.50 -20.69 -21.03 -21.03 -21.16 -21.41 -21.41 -21.09 -21.25 -21.47 -21.69 -21.75 -21.75 -21.91 -22.19 -22.34 -22.56 -22.50 -22.50 -22.69 -23.03 -23.25 -23.38 -23.72 -23.78 -23.84 -24.03 -23.94 -23.97 -24.09 -24.00 -24.09 -24.12 -24.03 -24.44 -24.44 -24.62 -24.78 -25.00 -25.28 -25.47 -25.22 -25.56 -25.84 -26.03 -25.81 -25.84 -26.12
-24.69 -24.50 -24.38 -24.12 -23.84 -23.62 -23.53 -23.50 -23.28 -23.19 -23.06 -22.91 -22.47 -22.22 -22.12 -22.09 -21.78 -21.47 -21.09 -20.97 -20.78 -20.75 -20.81 -20.44 -20.41 -20.53 -20.75 -21.00 -21.34 -21.28 -21.12 -21.22 -21.31 -21.94 -22.16 -22.16 -22.12 -22.28 -22.44 -22.53 -22.69 -22.75 -22.81 -23.00 -23.47 -23.53 -23.84 -23.88 -23.94 -24.09 -24.00 -24.22 -24.25 -24.19 -24.19 -24.38 -24.31 -24.81 -25.00 -25.06 -25.12 -25.16 -25.41 -25.81 -25.97 -25.97 -25.91 -26.12 -26.25 -26.22 -26.41
-24.81 -24.56 -24.31 -24.12 -23.78 -23.66 -23.59 -23.50 -23.34 -23.22 -23.09 -22.72 -22.56 -22.47 -22.25 -21.94 -21.72 -21.38 -21.25 -20.97 -21.00 -20.91 -20.84 -20.28 -20.06 -20.31 -20.47 -20.84 -20.81 -20.91 -21.03 -21.16 -21.09 -21.78 -22.25 -22.28 -22.38 -22.34 -22.41 -22.56 -22.66 -22.72 -22.78 -23.00 -23.56 -23.75 -24.06 -24.00 -24.06 -24.22 -24.50 -24.62 -24.56 -24.78 -24.75 -24.81 -24.78 -25.09 -25.00 -25.06 -25.22 -25.44 -25.84 -26.16 -26.25 -26.19 -26.31 -26.41 -26.50 -26.72 -26.84
-24.50 -24.38 -24.12 -23.91 -23.69 -23.66 -23.59 -23.41 -23.28 -23.12 -23.03 -22.88 -22.66 -22.44 -22.31 -22.09 -21.78 -21.53 -21.31 -21.25 -21.19 -21.03 -20.84 -20.53 -20.25 -20.06 -20.06 -20.44 -20.59 -20.78 -20.66 -20.66 -21.12 -21.66 -21.94 -22.22 -22.47 -22.41 -22.53 -22.47 -22.44 -22.59 -22.94 -23.19 -23.44 -23.66 -23.78 -23.78 -23.91 -24.25 -24.50 -24.69 -24.88 -25.06 -25.25 -25.34 -25.31 -25.34 -25.41 -25.56 -25.62 -25.91 -26.06 -26.12 -26.19 -26.19 -26.62 -26.75 -26.69 -26.97 -27.12
