everonasctiles/Tile9,47.asc
ncols 128
nrows 128
xllcorner 0
yllcorner 0
cellsize 2.0
NODATA_value  -9999
[rows 0 to 31 of 128, columns 0 to 70 of 128]
-64.69 -64.53 -64.34 -64.12 -63.88 -63.59 -63.28 -62.94 -62.56 -62.16 -61.75 -61.31 -60.88 -60.47 -60.03 -59.62 -59.19 -58.78 -58.34 -57.91 -57.47 -57.03 -56.56 -56.09 -55.66 -55.25 -54.88 -54.53 -54.28 -54.03 -53.84 -53.69 -53.56 -53.47 -53.44 -53.41 -53.41 -53.38 -53.38 -53.38 -53.34 -53.38 -53.41 -53.44 -53.50 -53.53 -53.53 -53.53 -53.56 -53.59 -53.62 -53.69 -53.72 -53.75 -53.75 -53.78 -53.78 -53.75 -53.75 -53.78 -53.78 -53.81 -53.84 -53.88 -53.88 -53.88 -53.84 -53.81 -53.78 -53.72 -53.69
-64.69 -64.53 -64.38 -64.16 -63.94 -63.66 -63.34 -63.00 -62.62 -62.25 -61.84 -61.41 -61.00 -60.56 -60.12 -59.69 -59.28 -58.84 -58.41 -57.97 -57.53 -57.06 -56.62 -56.16 -55.72 -55.31 -54.91 -54.59 -54.28 -54.03 -53.81 -53.62 -53.50 -53.38 -53.34 -53.31 -53.28 -53.28 -53.25 -53.25 -53.22 -53.22 -53.25 -53.31 -53.38 -53.38 -53.41 -53.41 -53.41 -53.44 -53.50 -53.53 -53.56 -53.59 -53.62 -53.62 -53.62 -53.62 -53.62 -53.66 -53.69 -53.72 -53.75 -53.78 -53.78 -53.75 -53.75 -53.72 -53.69 -53.62 -53.59
-64.69 -64.53 -64.38 -64.16 -63.94 -63.66 -63.38 -63.06 -62.69 -62.31 -61.91 -61.47 -61.03 -60.59 -60.16 -59.69 -59.25 -58.81 -58.38 -57.94 -57.50 -57.06 -56.59 -56.16 -55.75 -55.34 -54.97 -54.62 -54.31 -54.03 -53.78 -53.59 -53.44 -53.31 -53.25 -53.22 -53.19 -53.19 -53.16 -53.12 -53.09 -53.09 -53.12 -53.19 -53.22 -53.25 -53.25 -53.25 -53.28 -53.31 -53.38 -53.41 -53.44 -53.47 -53.47 -53.50 -53.50 -53.50 -53.50 -53.53 -53.56 -53.62 -53.66 -53.66 -53.66 -53.66 -53.62 -53.59 -53.56 -53.53 -53.50
-64.69 -64.53 -64.34 -64.16 -63.91 -63.66 -63.38 -63.06 -62.72 -62.34 -61.94 -61.50 -61.06 -60.59 -60.12 -59.66 -59.19 -58.72 -58.25 -57.81 -57.38 -56.97 -56.53 -56.09 -55.72 -55.34 -54.97 -54.62 -54.31 -54.03 -53.75 -53.53 -53.38 -53.25 -53.16 -53.09 -53.09 -53.06 -53.03 -53.00 -52.97 -52.97 -53.00 -53.06 -53.12 -53.12 -53.16 -53.16 -53.16 -53.22 -53.25 -53.28 -53.31 -53.31 -53.34 -53.34 -53.38 -53.38 -53.41 -53.44 -53.47 -53.50 -53.53 -53.56 -53.56 -53.53 -53.53 -53.50 -53.47 -53.41 -53.38
-64.66 -64.50 -64.31 -64.09 -63.88 -63.59 -63.31 -63.00 -62.69 -62.31 -61.91 -61.50 -61.03 -60.56 -60.09 -59.59 -59.06 -58.56 -58.09 -57.62 -57.19 -56.78 -56.38 -55.97 -55.59 -55.25 -54.91 -54.59 -54.28 -53.97 -53.72 -53.47 -53.28 -53.16 -53.06 -53.00 -52.97 -52.97 -52.91 -52.88 -52.88 -52.88 -52.91 -52.97 -53.00 -53.03 -53.03 -53.03 -53.06 -53.09 -53.12 -53.16 -53.16 -53.19 -53.19 -53.22 -53.25 -53.25 -53.28 -53.34 -53.38 -53.41 -53.44 -53.44 -53.44 -53.44 -53.41 -53.38 -53.34 -53.28 -53.25
-64.62 -64.44 -64.25 -64.03 -63.78 -63.50 -63.22 -62.91 -62.56 -62.22 -61.81 -61.38 -60.94 -60.47 -59.97 -59.47 -58.94 -58.41 -57.91 -57.41 -56.97 -56.56 -56.16 -55.78 -55.44 -55.09 -54.78 -54.50 -54.19 -53.91 -53.62 -53.41 -53.22 -53.06 -52.97 -52.91 -52.88 -52.84 -52.81 -52.78 -52.75 -52.75 -52.78 -52.84 -52.91 -52.94 -52.94 -52.97 -52.97 -53.00 -53.03 -53.06 -53.06 -53.06 -53.06 -53.09 -53.12 -53.16 -53.19 -53.25 -53.28 -53.31 -53.31 -53.31 -53.31 -53.31 -53.28 -53.25 -53.22 -53.16 -53.12
-64.53 -64.34 -64.12 -63.91 -63.66 -63.38 -63.06 -62.75 -62.38 -62.00 -61.62 -61.19 -60.72 -60.25 -59.78 -59.28 -58.75 -58.22 -57.69 -57.19 -56.72 -56.28 -55.91 -55.56 -55.22 -54.91 -54.62 -54.34 -54.06 -53.81 -53.53 -53.31 -53.09 -52.97 -52.88 -52.81 -52.78 -52.75 -52.69 -52.66 -52.62 -52.66 -52.69 -52.75 -52.78 -52.84 -52.84 -52.88 -52.91 -52.94 -52.94 -52.94 -52.94 -52.94 -52.94 -52.97 -53.00 -53.03 -53.09 -53.16 -53.19 -53.19 -53.22 -53.22 -53.19 -53.19 -53.16 -53.12 -53.09 -53.03 -52.97
-64.44 -64.22 -63.97 -63.72 -63.44 -63.16 -62.84 -62.50 -62.12 -61.75 -61.34 -60.91 -60.44 -59.97 -59.47 -59.00 -58.50 -57.97 -57.44 -56.94 -56.44 -56.00 -55.62 -55.28 -54.97 -54.69 -54.44 -54.19 -53.91 -53.66 -53.41 -53.19 -53.00 -52.84 -52.78 -52.72 -52.66 -52.62 -52.59 -52.53 -52.53 -52.53 -52.59 -52.66 -52.69 -52.75 -52.75 -52.78 -52.81 -52.84 -52.88 -52.88 -52.84 -52.84 -52.84 -52.84 -52.88 -52.94 -53.00 -53.03 -53.06 -53.09 -53.09 -53.09 -53.06 -53.06 -53.03 -53.00 -52.94 -52.88 -52.81
-64.31 -64.09 -63.81 -63.53 -63.22 -62.91 -62.56 -62.22 -61.84 -61.44 -61.00 -60.53 -60.06 -59.59 -59.09 -58.62 -58.12 -57.66 -57.16 -56.66 -56.16 -55.72 -55.31 -55.00 -54.72 -54.44 -54.19 -53.97 -53.75 -53.50 -53.25 -53.03 -52.88 -52.75 -52.66 -52.59 -52.56 -52.50 -52.47 -52.44 -52.44 -52.44 -52.50 -52.56 -52.62 -52.66 -52.69 -52.72 -52.72 -52.75 -52.78 -52.78 -52.78 -52.78 -52.75 -52.78 -52.78 -52.81 -52.88 -52.91 -52.94 -52.97 -52.97 -52.97 -52.94 -52.91 -52.88 -52.84 -52.78 -52.72 -52.62
-64.19 -63.97 -63.66 -63.34 -62.97 -62.59 -62.22 -61.84 -61.47 -61.06 -60.59 -60.12 -59.66 -59.16 -58.66 -58.16 -57.66 -57.22 -56.78 -56.28 -55.81 -55.38 -55.00 -54.66 -54.41 -54.16 -53.94 -53.75 -53.53 -53.31 -53.09 -52.88 -52.72 -52.59 -52.53 -52.47 -52.44 -52.41 -52.34 -52.34 -52.31 -52.34 -52.41 -52.47 -52.53 -52.56 -52.59 -52.62 -52.66 -52.66 -52.69 -52.69 -52.72 -52.69 -52.69 -52.69 -52.69 -52.72 -52.75 -52.78 -52.81 -52.81 -52.81 -52.81 -52.78 -52.75 -52.72 -52.69 -52.62 -52.56 -52.47
-64.03 -63.78 -63.47 -63.16 -62.75 -62.31 -61.88 -61.47 -61.06 -60.62 -60.19 -59.69 -59.16 -58.69 -58.19 -57.66 -57.16 -56.72 -56.28 -55.84 -55.44 -55.00 -54.62 -54.31 -54.06 -53.84 -53.66 -53.47 -53.28 -53.09 -52.91 -52.72 -52.56 -52.47 -52.38 -52.34 -52.31 -52.28 -52.25 -52.22 -52.22 -52.28 -52.34 -52.41 -52.44 -52.50 -52.53 -52.53 -52.56 -52.56 -52.59 -52.62 -52.62 -52.62 -52.62 -52.59 -52.59 -52.59 -52.59 -52.62 -52.66 -52.66 -52.66 -52.66 -52.62 -52.59 -52.56 -52.53 -52.47 -52.38 -52.28
-63.81 -63.53 -63.25 -62.91 -62.50 -62.03 -61.56 -61.06 -60.59 -60.19 -59.72 -59.22 -58.69 -58.16 -57.66 -57.16 -56.66 -56.16 -55.75 -55.34 -54.97 -54.56 -54.22 -53.91 -53.69 -53.50 -53.34 -53.19 -53.03 -52.88 -52.69 -52.53 -52.41 -52.31 -52.25 -52.22 -52.19 -52.16 -52.12 -52.12 -52.16 -52.19 -52.25 -52.31 -52.38 -52.41 -52.44 -52.47 -52.47 -52.50 -52.50 -52.53 -52.56 -52.56 -52.53 -52.50 -52.50 -52.47 -52.47 -52.47 -52.47 -52.47 -52.50 -52.47 -52.47 -52.44 -52.41 -52.34 -52.28 -52.19 -52.09
-63.56 -63.25 -62.94 -62.59 -62.19 -61.75 -61.22 -60.69 -60.16 -59.66 -59.22 -58.72 -58.19 -57.62 -57.12 -56.62 -56.12 -55.62 -55.19 -54.78 -54.44 -54.09 -53.75 -53.47 -53.28 -53.09 -52.97 -52.84 -52.75 -52.62 -52.47 -52.34 -52.22 -52.16 -52.09 -52.06 -52.03 -52.03 -52.03 -52.03 -52.06 -52.12 -52.19 -52.25 -52.28 -52.31 -52.34 -52.38 -52.38 -52.41 -52.44 -52.47 -52.47 -52.47 -52.47 -52.44 -52.41 -52.34 -52.31 -52.31 -52.28 -52.31 -52.31 -52.31 -52.28 -52.25 -52.22 -52.16 -52.09 -52.00 -51.88
-63.31 -62.97 -62.59 -62.22 -61.84 -61.38 -60.88 -60.28 -59.72 -59.16 -58.69 -58.19 -57.66 -57.12 -56.56 -56.06 -55.59 -55.06 -54.59 -54.22 -53.88 -53.56 -53.28 -53.03 -52.84 -52.69 -52.59 -52.50 -52.44 -52.34 -52.22 -52.12 -52.03 -51.97 -51.94 -51.91 -51.91 -51.91 -51.91 -51.94 -52.00 -52.06 -52.12 -52.19 -52.22 -52.22 -52.25 -52.28 -52.31 -52.31 -52.34 -52.38 -52.38 -52.38 -52.38 -52.34 -52.28 -52.25 -52.19 -52.16 -52.12 -52.12 -52.12 -52.12 -52.09 -52.09 -52.03 -51.97 -51.91 -51.81 -51.69
-63.09 -62.72 -62.28 -61.88 -61.44 -61.00 -60.47 -59.91 -59.31 -58.72 -58.16 -57.66 -57.12 -56.59 -56.06 -55.53 -55.03 -54.53 -54.03 -53.66 -53.31 -53.06 -52.78 -52.56 -52.38 -52.25 -52.19 -52.12 -52.09 -52.03 -51.94 -51.88 -51.81 -51.78 -51.75 -51.75 -51.78 -51.78 -51.81 -51.84 -51.91 -52.00 -52.06 -52.09 -52.12 -52.12 -52.16 -52.19 -52.19 -52.22 -52.25 -52.28 -52.28 -52.28 -52.25 -52.22 -52.19 -52.12 -52.06 -52.00 -51.97 -51.94 -51.94 -51.94 -51.94 -51.91 -51.84 -51.78 -51.72 -51.62 -51.50
-62.84 -62.47 -62.03 -61.56 -61.09 -60.59 -60.06 -59.53 -58.94 -58.31 -57.72 -57.16 -56.62 -56.09 -55.53 -55.00 -54.50 -53.97 -53.47 -53.06 -52.75 -52.50 -52.28 -52.09 -51.94 -51.81 -51.75 -51.75 -51.75 -51.72 -51.66 -51.59 -51.56 -51.56 -51.56 -51.59 -51.62 -51.66 -51.72 -51.75 -51.84 -51.91 -51.97 -52.00 -52.03 -52.03 -52.06 -52.06 -52.09 -52.12 -52.16 -52.19 -52.19 -52.16 -52.16 -52.12 -52.06 -52.00 -51.94 -51.88 -51.81 -51.78 -51.75 -51.78 -51.75 -51.72 -51.69 -51.59 -51.53 -51.44 -51.31
-62.59 -62.22 -61.78 -61.28 -60.78 -60.25 -59.69 -59.12 -58.53 -57.94 -57.31 -56.72 -56.16 -55.59 -55.06 -54.53 -54.00 -53.50 -52.97 -52.47 -52.19 -51.97 -51.78 -51.59 -51.47 -51.38 -51.34 -51.34 -51.38 -51.38 -51.38 -51.34 -51.31 -51.34 -51.38 -51.44 -51.50 -51.53 -51.59 -51.66 -51.75 -51.81 -51.88 -51.91 -51.94 -51.94 -51.94 -51.97 -52.00 -52.03 -52.03 -52.06 -52.06 -52.06 -52.03 -52.00 -51.94 -51.91 -51.84 -51.75 -51.69 -51.62 -51.62 -51.59 -51.59 -51.56 -51.50 -51.44 -51.34 -51.25 -51.16
-62.34 -61.94 -61.50 -61.03 -60.53 -59.97 -59.41 -58.81 -58.19 -57.56 -56.94 -56.34 -55.75 -55.16 -54.59 -54.06 -53.53 -53.03 -52.50 -51.97 -51.62 -51.47 -51.28 -51.12 -51.00 -50.91 -50.91 -50.97 -51.03 -51.06 -51.06 -51.06 -51.06 -51.12 -51.19 -51.28 -51.34 -51.41 -51.50 -51.56 -51.62 -51.69 -51.75 -51.81 -51.81 -51.84 -51.84 -51.84 -51.88 -51.91 -51.94 -51.94 -51.94 -51.94 -51.91 -51.88 -51.81 -51.78 -51.72 -51.66 -51.59 -51.53 -51.47 -51.47 -51.44 -51.41 -51.34 -51.25 -51.19 -51.09 -51.00
-62.06 -61.62 -61.19 -60.72 -60.25 -59.72 -59.12 -58.53 -57.91 -57.25 -56.59 -55.97 -55.38 -54.75 -54.19 -53.62 -53.09 -52.59 -52.09 -51.56 -51.09 -50.94 -50.81 -50.69 -50.53 -50.47 -50.50 -50.56 -50.66 -50.72 -50.75 -50.78 -50.84 -50.91 -51.00 -51.09 -51.19 -51.28 -51.38 -51.44 -51.50 -51.59 -51.66 -51.69 -51.72 -51.72 -51.72 -51.75 -51.78 -51.78 -51.81 -51.81 -51.81 -51.81 -51.78 -51.75 -51.72 -51.66 -51.62 -51.56 -51.50 -51.41 -51.38 -51.31 -51.28 -51.25 -51.19 -51.12 -51.03 -50.94 -50.84
-61.78 -61.31 -60.81 -60.34 -59.88 -59.38 -58.84 -58.25 -57.62 -57.00 -56.31 -55.66 -55.03 -54.41 -53.81 -53.25 -52.69 -52.19 -51.69 -51.22 -50.69 -50.38 -50.28 -50.19 -50.06 -50.03 -50.09 -50.19 -50.31 -50.38 -50.44 -50.50 -50.59 -50.72 -50.81 -50.94 -51.06 -51.16 -51.25 -51.31 -51.41 -51.47 -51.53 -51.56 -51.59 -51.62 -51.62 -51.62 -51.66 -51.69 -51.72 -51.72 -51.72 -51.69 -51.69 -51.66 -51.59 -51.56 -51.50 -51.47 -51.41 -51.31 -51.25 -51.19 -51.16 -51.09 -51.06 -50.97 -50.91 -50.81 -50.75
-61.50 -61.00 -60.44 -59.91 -59.41 -58.94 -58.41 -57.88 -57.31 -56.69 -56.03 -55.38 -54.72 -54.06 -53.44 -52.88 -52.31 -51.81 -51.31 -50.84 -50.38 -49.91 -49.69 -49.56 -49.50 -49.59 -49.72 -49.81 -49.94 -50.06 -50.16 -50.25 -50.38 -50.53 -50.66 -50.81 -50.94 -51.03 -51.12 -51.19 -51.28 -51.34 -51.41 -51.47 -51.50 -51.50 -51.53 -51.53 -51.56 -51.59 -51.59 -51.59 -51.59 -51.59 -51.56 -51.56 -51.50 -51.47 -51.41 -51.38 -51.31 -51.25 -51.16 -51.09 -51.03 -50.97 -50.94 -50.88 -50.81 -50.72 -50.66
-61.16 -60.66 -60.09 -59.47 -58.88 -58.38 -57.88 -57.38 -56.84 -56.31 -55.72 -55.06 -54.41 -53.75 -53.12 -52.50 -51.94 -51.44 -50.94 -50.47 -50.06 -49.53 -49.16 -48.97 -49.00 -49.19 -49.34 -49.47 -49.62 -49.75 -49.88 -50.03 -50.19 -50.38 -50.53 -50.69 -50.81 -50.91 -51.00 -51.06 -51.16 -51.22 -51.28 -51.34 -51.38 -51.41 -51.44 -51.47 -51.50 -51.50 -51.50 -51.50 -51.50 -51.50 -51.47 -51.47 -51.41 -51.38 -51.31 -51.28 -51.22 -51.16 -51.09 -51.03 -50.94 -50.91 -50.84 -50.78 -50.72 -50.66 -50.59
-60.81 -60.34 -59.78 -59.19 -58.47 -57.75 -57.19 -56.72 -56.25 -55.78 -55.25 -54.66 -54.03 -53.41 -52.75 -52.16 -51.56 -51.06 -50.59 -50.12 -49.72 -49.28 -48.75 -48.50 -48.53 -48.81 -49.00 -49.16 -49.31 -49.47 -49.66 -49.84 -50.03 -50.22 -50.38 -50.53 -50.69 -50.78 -50.88 -50.94 -51.03 -51.12 -51.19 -51.25 -51.31 -51.34 -51.38 -51.41 -51.41 -51.44 -51.44 -51.44 -51.41 -51.41 -51.41 -51.38 -51.34 -51.28 -51.25 -51.22 -51.16 -51.09 -51.03 -50.97 -50.91 -50.88 -50.81 -50.75 -50.69 -50.62 -50.53
-60.44 -59.97 -59.44 -58.84 -58.19 -57.31 -56.47 -55.88 -55.50 -55.09 -54.66 -54.16 -53.59 -53.00 -52.38 -51.78 -51.19 -50.66 -50.22 -49.78 -49.38 -49.03 -48.50 -48.12 -48.16 -48.47 -48.69 -48.84 -49.03 -49.22 -49.44 -49.66 -49.88 -50.06 -50.25 -50.41 -50.53 -50.66 -50.72 -50.81 -50.91 -51.00 -51.09 -51.16 -51.22 -51.28 -51.31 -51.34 -51.38 -51.38 -51.38 -51.38 -51.38 -51.34 -51.31 -51.31 -51.28 -51.22 -51.19 -51.16 -51.12 -51.09 -51.03 -51.00 -50.94 -50.91 -50.84 -50.78 -50.72 -50.62 -50.53
-60.03 -59.56 -59.06 -58.50 -57.84 -57.09 -56.09 -55.22 -54.66 -54.34 -54.00 -53.56 -53.09 -52.56 -52.00 -51.41 -50.84 -50.28 -49.84 -49.44 -49.06 -48.75 -48.28 -47.84 -47.81 -48.12 -48.41 -48.56 -48.78 -49.00 -49.25 -49.50 -49.72 -49.94 -50.12 -50.28 -50.41 -50.53 -50.62 -50.72 -50.81 -50.94 -51.03 -51.12 -51.19 -51.25 -51.31 -51.34 -51.34 -51.38 -51.38 -51.38 -51.34 -51.31 -51.28 -51.25 -51.22 -51.19 -51.19 -51.19 -51.16 -51.12 -51.09 -51.06 -51.00 -50.97 -50.91 -50.84 -50.78 -50.69 -50.56
-59.69 -59.22 -58.69 -58.12 -57.50 -56.81 -55.97 -54.97 -54.16 -53.59 -53.31 -52.97 -52.56 -52.09 -51.56 -51.06 -50.53 -50.00 -49.53 -49.12 -48.78 -48.50 -48.06 -47.62 -47.50 -47.78 -48.12 -48.34 -48.56 -48.81 -49.09 -49.34 -49.56 -49.78 -50.00 -50.16 -50.28 -50.41 -50.53 -50.62 -50.75 -50.88 -51.00 -51.09 -51.19 -51.28 -51.34 -51.38 -51.41 -51.41 -51.44 -51.41 -51.41 -51.38 -51.31 -51.28 -51.25 -51.25 -51.22 -51.25 -51.22 -51.22 -51.19 -51.12 -51.09 -51.06 -51.00 -50.94 -50.84 -50.75 -50.62
-59.44 -58.91 -58.38 -57.81 -57.19 -56.53 -55.81 -55.00 -54.16 -53.38 -52.81 -52.44 -52.09 -51.66 -51.19 -50.72 -50.22 -49.75 -49.28 -48.88 -48.53 -48.22 -47.84 -47.44 -47.25 -47.50 -47.88 -48.16 -48.38 -48.66 -48.94 -49.19 -49.44 -49.66 -49.88 -50.03 -50.19 -50.31 -50.47 -50.59 -50.72 -50.88 -51.00 -51.12 -51.22 -51.31 -51.38 -51.44 -51.47 -51.47 -51.50 -51.50 -51.47 -51.44 -51.38 -51.34 -51.31 -51.31 -51.31 -51.31 -51.31 -51.28 -51.25 -51.22 -51.19 -51.16 -51.09 -51.00 -50.91 -50.81 -50.69
-59.22 -58.69 -58.16 -57.56 -56.94 -56.28 -55.59 -54.91 -54.19 -53.50 -52.84 -52.28 -51.78 -51.34 -50.88 -50.44 -49.97 -49.53 -49.12 -48.72 -48.34 -48.00 -47.69 -47.34 -47.09 -47.31 -47.69 -48.00 -48.25 -48.50 -48.78 -49.06 -49.31 -49.53 -49.75 -49.94 -50.12 -50.28 -50.44 -50.59 -50.75 -50.91 -51.03 -51.16 -51.28 -51.38 -51.44 -51.47 -51.50 -51.53 -51.56 -51.56 -51.53 -51.50 -51.47 -51.41 -51.38 -51.38 -51.41 -51.41 -51.41 -51.38 -51.34 -51.31 -51.28 -51.25 -51.16 -51.09 -51.00 -50.88 -50.75
-59.03 -58.53 -57.97 -57.38 -56.75 -56.12 -55.47 -54.78 -54.09 -53.44 -52.81 -52.22 -51.69 -51.19 -50.69 -50.25 -49.81 -49.38 -49.00 -48.62 -48.28 -47.94 -47.66 -47.41 -47.16 -47.19 -47.50 -47.88 -48.16 -48.41 -48.66 -48.94 -49.19 -49.44 -49.66 -49.88 -50.06 -50.25 -50.44 -50.62 -50.78 -50.94 -51.09 -51.22 -51.34 -51.44 -51.50 -51.53 -51.56 -51.59 -51.62 -51.62 -51.62 -51.56 -51.53 -51.50 -51.47 -51.47 -51.50 -51.50 -51.50 -51.47 -51.44 -51.41 -51.38 -51.31 -51.25 -51.16 -51.06 -50.97 -50.84
-58.84 -58.31 -57.78 -57.22 -56.59 -55.97 -55.31 -54.66 -54.00 -53.38 -52.75 -52.16 -51.62 -51.09 -50.59 -50.16 -49.69 -49.31 -48.94 -48.59 -48.28 -48.03 -47.81 -47.62 -47.41 -47.28 -47.41 -47.75 -48.06 -48.31 -48.56 -48.84 -49.12 -49.38 -49.62 -49.84 -50.06 -50.25 -50.47 -50.66 -50.84 -51.03 -51.19 -51.31 -51.41 -51.50 -51.56 -51.62 -51.66 -51.69 -51.72 -51.72 -51.69 -51.66 -51.62 -51.59 -51.56 -51.56 -51.56 -51.59 -51.59 -51.56 -51.53 -51.50 -51.47 -51.41 -51.34 -51.25 -51.12 -51.03 -50.91
-58.59 -58.09 -57.56 -57.00 -56.44 -55.81 -55.19 -54.56 -53.91 -53.28 -52.69 -52.09 -51.53 -51.03 -50.50 -50.03 -49.59 -49.25 -48.94 -48.66 -48.41 -48.19 -48.03 -47.88 -47.75 -47.59 -47.47 -47.66 -48.00 -48.25 -48.53 -48.78 -49.06 -49.31 -49.59 -49.84 -50.06 -50.31 -50.53 -50.75 -50.94 -51.12 -51.28 -51.41 -51.53 -51.62 -51.69 -51.72 -51.75 -51.78 -51.81 -51.81 -51.78 -51.75 -51.72 -51.69 -51.66 -51.66 -51.69 -51.69 -51.69 -51.66 -51.62 -51.59 -51.56 -51.50 -51.41 -51.31 -51.22 -51.09 -50.97
-58.31 -57.84 -57.31 -56.78 -56.22 -55.66 -55.06 -54.47 -53.84 -53.22 -52.56 -51.94 -51.38 -50.88 -50.41 -50.00 -49.66 -49.38 -49.09 -48.84 -48.59 -48.41 -48.22 -48.09 -48.00 -47.91 -47.78 -47.72 -47.91 -48.22 -48.50 -48.75 -49.03 -49.31 -49.59 -49.84 -50.12 -50.38 -50.59 -50.84 -51.06 -51.25 -51.41 -51.53 -51.66 -51.72 -51.78 -51.84 -51.88 -51.91 -51.91 -51.91 -51.91 -51.88 -51.81 -51.78 -51.78 -51.78 -51.78 -51.78 -51.78 -51.78 -51.75 -51.69 -51.66 -51.56 -51.47 -51.38 -51.28 -51.16 -51.03
