everonasctiles/Tile17,22.asc
ncols 128
nrows 128
xllcorner 0
yllcorner 0
cellsize 2.0
NODATA_value  -9999
[rows 68 to 101 of 128, columns 0 to 76 of 128]
63.53 63.41 63.22 62.94 62.69 62.28 61.91 61.66 61.38 61.12 60.88 60.66 60.41 60.19 60.00 59.88 59.72 59.62 59.53 59.44 59.38 59.25 59.16 59.06 59.06 59.12 59.22 59.22 59.22 59.19 59.16 59.09 59.00 58.94 58.84 58.75 58.62 58.50 58.41 58.28 58.25 58.34 58.25 58.12 58.03 57.94 57.97 58.53 58.59 58.34 58.12 58.00 58.16 58.34 58.66 58.94 59.00 58.91 58.81 58.88 59.00 59.03 58.91 58.69 58.19 58.19 58.19 58.22 58.22 58.22 58.19 58.00 57.75 57.00 56.03 55.94 55.91
63.78 63.66 63.44 63.12 62.81 62.47 62.09 61.72 61.41 61.16 60.91 60.66 60.44 60.22 60.00 59.84 59.72 59.59 59.50 59.44 59.31 59.19 59.09 59.19 59.25 59.31 59.34 59.38 59.34 59.31 59.28 59.19 59.16 59.06 58.94 58.84 58.75 58.62 58.53 58.44 58.53 58.44 58.34 58.25 58.12 58.16 58.59 58.81 58.69 58.34 58.19 58.12 58.31 58.53 58.72 58.91 58.91 58.94 58.97 59.19 59.41 59.47 59.34 59.16 58.91 58.47 58.22 58.22 58.22 58.19 58.12 58.00 57.88 57.72 57.59 57.41 57.06
64.00 63.84 63.59 63.31 62.94 62.62 62.22 61.84 61.50 61.19 60.94 60.69 60.41 60.22 60.03 59.88 59.72 59.62 59.50 59.41 59.22 59.12 59.16 59.31 59.41 59.44 59.44 59.47 59.50 59.47 59.44 59.38 59.31 59.22 59.12 59.00 58.88 58.78 58.69 58.69 58.62 58.53 58.44 58.34 58.22 58.50 58.81 58.88 58.84 58.56 58.50 58.44 58.53 58.53 58.62 58.81 58.88 59.00 59.06 59.41 59.59 59.81 59.69 59.47 59.19 59.03 58.84 58.31 58.22 58.19 58.09 57.97 57.81 57.69 57.56 57.44 57.28
64.16 64.03 63.78 63.50 63.16 62.72 62.34 61.88 61.59 61.25 60.97 60.69 60.47 60.22 60.03 59.84 59.72 59.62 59.50 59.41 59.16 59.16 59.22 59.41 59.50 59.53 59.56 59.62 59.66 59.66 59.62 59.59 59.50 59.41 59.31 59.19 59.09 59.03 58.84 58.78 58.72 58.62 58.56 58.28 58.34 58.59 58.81 58.94 59.00 58.88 58.91 58.75 58.72 58.66 58.72 58.78 58.88 59.03 59.12 59.31 59.50 59.62 59.69 59.56 59.38 59.22 59.12 59.06 58.81 58.31 58.06 57.91 57.78 57.66 57.53 57.41 57.25
64.31 64.16 63.94 63.66 63.28 62.88 62.41 62.00 61.66 61.31 61.00 60.75 60.47 60.25 60.06 59.88 59.75 59.62 59.50 59.44 59.22 59.22 59.28 59.50 59.56 59.69 59.78 59.81 59.84 59.88 59.84 59.78 59.72 59.62 59.50 59.44 59.34 59.12 58.94 58.88 58.81 58.72 58.41 58.22 58.41 58.62 58.78 58.94 59.00 59.06 59.03 58.91 58.78 58.66 58.69 58.81 58.94 59.03 59.09 59.12 59.22 59.34 59.50 59.47 59.44 59.38 59.31 59.25 59.19 59.06 58.91 58.56 58.06 57.66 57.50 57.34 57.22
64.41 64.25 64.03 63.75 63.41 63.00 62.53 62.06 61.72 61.38 61.09 60.81 60.53 60.31 60.09 59.91 59.75 59.62 59.53 59.47 59.25 59.25 59.31 59.56 59.66 59.81 59.94 60.00 60.03 60.06 60.03 59.97 59.88 59.78 59.69 59.62 59.50 59.06 59.00 58.94 58.91 58.66 58.03 58.12 58.41 58.59 58.72 58.88 58.94 58.97 58.91 58.88 58.75 58.72 58.75 58.81 58.94 59.03 59.06 59.03 59.00 59.16 59.34 59.50 59.53 59.56 59.53 59.50 59.41 59.28 59.12 58.94 58.78 58.59 58.38 57.91 57.38
64.47 64.31 64.12 63.84 63.44 63.12 62.69 62.19 61.84 61.44 61.12 60.84 60.56 60.34 60.12 59.94 59.78 59.66 59.59 59.50 59.31 59.31 59.34 59.62 59.78 59.94 60.06 60.16 60.19 60.22 60.16 60.09 60.00 59.91 59.84 59.75 59.34 59.12 59.09 59.03 58.97 57.97 57.84 57.94 58.19 58.47 58.69 58.78 58.81 58.88 58.91 58.84 58.72 58.66 58.66 58.72 58.81 58.97 59.06 59.09 59.16 59.31 59.47 59.66 59.75 59.78 59.78 59.72 59.62 59.50 59.31 59.16 58.97 58.81 58.69 58.53 58.38
64.47 64.34 64.16 63.88 63.56 63.19 62.78 62.28 61.88 61.59 61.22 60.94 60.69 60.47 60.25 60.03 59.84 59.72 59.66 59.56 59.34 59.34 59.38 59.69 59.84 60.00 60.16 60.25 60.31 60.31 60.25 60.19 60.09 60.03 59.94 59.81 59.22 59.19 59.16 59.12 58.44 57.75 57.69 57.78 58.00 58.31 58.62 58.75 58.81 58.94 58.94 58.91 58.78 58.66 58.59 58.62 58.78 58.94 59.09 59.22 59.34 59.53 59.72 59.88 60.00 60.00 60.00 59.94 59.81 59.66 59.50 59.31 59.16 59.00 58.88 58.72 58.59
64.44 64.31 64.12 63.88 63.56 63.22 62.81 62.47 62.06 61.69 61.41 61.12 60.88 60.62 60.38 60.16 60.00 59.81 59.72 59.62 59.38 59.38 59.44 59.72 59.88 60.06 60.19 60.31 60.38 60.38 60.31 60.25 60.19 60.09 60.03 59.50 59.31 59.28 59.22 59.12 57.94 57.62 57.56 57.72 57.97 58.28 58.69 58.84 59.00 59.16 59.16 59.03 58.88 58.72 58.66 58.69 58.84 59.03 59.19 59.34 59.50 59.81 59.97 60.16 60.22 60.25 60.22 60.12 60.00 59.84 59.66 59.47 59.31 59.16 59.03 58.91 58.78
64.31 64.22 64.09 63.88 63.59 63.28 62.94 62.56 62.19 61.84 61.56 61.31 61.03 60.78 60.50 60.31 60.09 59.91 59.78 59.69 59.44 59.44 59.47 59.75 59.94 60.06 60.22 60.31 60.38 60.41 60.38 60.31 60.22 60.16 59.97 59.41 59.38 59.34 59.31 58.59 57.84 57.62 57.56 57.78 58.06 58.41 58.81 59.03 59.28 59.41 59.38 59.22 59.03 58.91 58.84 58.97 59.09 59.25 59.41 59.56 59.81 60.06 60.25 60.38 60.47 60.47 60.41 60.31 60.16 60.00 59.78 59.59 59.44 59.31 59.16 59.03 58.91
64.16 64.12 64.00 63.84 63.59 63.31 63.00 62.69 62.31 62.03 61.78 61.47 61.25 60.94 60.69 60.41 60.19 60.03 59.91 59.78 59.53 59.50 59.50 59.78 59.91 60.06 60.22 60.31 60.38 60.41 60.41 60.34 60.25 60.19 59.66 59.47 59.44 59.41 59.28 58.25 57.84 57.59 57.62 57.88 58.22 58.56 58.94 59.22 59.50 59.56 59.53 59.41 59.25 59.12 59.12 59.22 59.34 59.50 59.69 59.91 60.06 60.31 60.50 60.62 60.66 60.66 60.56 60.47 60.28 60.09 59.88 59.69 59.53 59.41 59.28 59.16 59.06
64.06 64.03 63.94 63.81 63.62 63.38 63.09 62.81 62.50 62.28 62.00 61.72 61.41 61.12 60.81 60.56 60.34 60.16 60.00 59.88 59.66 59.56 59.56 59.78 59.94 60.09 60.22 60.31 60.38 60.41 60.41 60.38 60.28 60.16 59.59 59.56 59.53 59.50 58.91 58.25 57.81 57.62 57.75 57.97 58.38 58.75 59.06 59.31 59.56 59.66 59.62 59.53 59.41 59.38 59.38 59.47 59.62 59.78 59.97 60.16 60.41 60.59 60.75 60.84 60.88 60.81 60.72 60.56 60.38 60.16 59.97 59.78 59.62 59.50 59.38 59.25 59.16
63.94 63.91 63.88 63.75 63.62 63.41 63.12 62.91 62.69 62.44 62.16 61.88 61.59 61.28 60.97 60.69 60.47 60.25 60.09 59.97 59.81 59.66 59.66 59.78 59.97 60.09 60.19 60.31 60.41 60.44 60.44 60.38 60.31 59.94 59.66 59.62 59.59 59.53 58.78 58.28 57.88 57.78 57.84 58.06 58.47 58.88 59.16 59.38 59.56 59.66 59.66 59.62 59.56 59.62 59.69 59.84 60.00 60.16 60.34 60.53 60.72 60.88 61.00 61.03 61.03 60.97 60.84 60.69 60.47 60.28 60.06 59.88 59.72 59.59 59.47 59.38 59.28
63.78 63.81 63.81 63.72 63.59 63.44 63.25 63.03 62.78 62.56 62.28 61.97 61.69 61.34 61.03 60.78 60.53 60.38 60.22 60.09 59.94 59.72 59.72 59.78 60.00 60.12 60.22 60.34 60.41 60.47 60.47 60.41 60.31 59.78 59.72 59.69 59.66 59.38 58.78 58.31 58.00 57.88 57.97 58.19 58.59 58.88 59.19 59.38 59.56 59.66 59.69 59.75 59.81 59.91 60.03 60.22 60.38 60.53 60.69 60.84 61.00 61.12 61.19 61.22 61.19 61.09 60.97 60.78 60.56 60.38 60.16 59.97 59.81 59.69 59.56 59.47 59.38
63.69 63.75 63.75 63.69 63.59 63.47 63.28 63.09 62.88 62.66 62.41 62.12 61.78 61.50 61.19 60.94 60.69 60.47 60.31 60.19 60.06 59.81 59.81 59.84 60.06 60.16 60.25 60.34 60.41 60.44 60.44 60.41 60.19 59.81 59.78 59.75 59.72 59.22 58.78 58.41 58.12 58.03 58.06 58.34 58.69 58.97 59.19 59.34 59.50 59.62 59.72 59.88 60.03 60.19 60.38 60.53 60.69 60.84 60.97 61.12 61.22 61.31 61.34 61.34 61.28 61.19 61.03 60.88 60.66 60.47 60.25 60.06 59.91 59.78 59.66 59.56 59.47
63.59 63.66 63.69 63.66 63.59 63.50 63.34 63.16 62.94 62.72 62.47 62.22 61.94 61.62 61.31 61.00 60.75 60.53 60.38 60.28 60.12 59.91 59.91 59.94 60.16 60.22 60.28 60.34 60.41 60.44 60.41 60.38 60.00 59.88 59.88 59.84 59.72 59.22 58.81 58.44 58.16 58.09 58.25 58.53 58.81 59.03 59.22 59.34 59.53 59.62 59.78 59.94 60.19 60.41 60.59 60.78 60.94 61.06 61.19 61.31 61.38 61.44 61.47 61.44 61.38 61.25 61.09 60.94 60.72 60.53 60.34 60.16 60.00 59.84 59.75 59.66 59.56
63.53 63.56 63.62 63.66 63.59 63.50 63.38 63.19 62.97 62.75 62.53 62.28 61.97 61.72 61.38 61.06 60.81 60.66 60.50 60.38 60.25 60.00 59.97 60.09 60.25 60.28 60.31 60.34 60.38 60.41 60.38 60.31 60.00 59.97 59.94 59.91 59.62 59.25 58.88 58.53 58.31 58.34 58.53 58.78 59.00 59.16 59.31 59.44 59.59 59.72 59.88 60.09 60.34 60.56 60.78 60.94 61.09 61.25 61.34 61.44 61.50 61.53 61.53 61.47 61.41 61.28 61.12 60.97 60.78 60.59 60.41 60.25 60.09 59.94 59.81 59.72 59.66
63.47 63.53 63.59 63.59 63.59 63.50 63.34 63.19 63.00 62.81 62.56 62.38 62.12 61.81 61.50 61.19 60.91 60.72 60.56 60.44 60.31 60.09 60.06 60.09 60.31 60.38 60.38 60.38 60.41 60.41 60.34 60.16 60.06 60.03 60.00 59.94 59.50 59.22 58.94 58.66 58.62 58.66 58.84 59.03 59.22 59.34 59.47 59.56 59.69 59.84 60.00 60.22 60.47 60.69 60.91 61.06 61.22 61.34 61.44 61.50 61.53 61.56 61.53 61.50 61.41 61.28 61.16 61.00 60.84 60.66 60.47 60.31 60.16 60.03 59.91 59.81 59.72
63.44 63.47 63.53 63.56 63.56 63.47 63.34 63.19 63.03 62.84 62.66 62.44 62.19 61.88 61.53 61.28 61.00 60.78 60.66 60.53 60.41 60.19 60.16 60.19 60.41 60.47 60.47 60.44 60.44 60.41 60.34 60.16 60.12 60.09 60.06 59.75 59.38 59.12 58.91 58.84 58.88 59.00 59.16 59.31 59.47 59.53 59.62 59.72 59.88 60.00 60.16 60.34 60.56 60.78 60.97 61.12 61.28 61.38 61.47 61.53 61.56 61.56 61.53 61.47 61.41 61.28 61.16 61.00 60.84 60.69 60.53 60.38 60.25 60.09 60.00 59.91 59.81
63.38 63.41 63.47 63.50 63.47 63.44 63.31 63.19 63.03 62.88 62.69 62.44 62.22 61.88 61.62 61.34 61.06 60.88 60.72 60.59 60.47 60.25 60.25 60.28 60.50 60.53 60.56 60.53 60.47 60.44 60.34 60.25 60.22 60.19 60.16 59.53 59.22 59.03 58.97 59.06 59.16 59.28 59.47 59.59 59.69 59.78 59.81 59.91 60.03 60.16 60.31 60.47 60.66 60.84 61.00 61.16 61.28 61.41 61.47 61.50 61.53 61.53 61.50 61.44 61.38 61.28 61.16 61.03 60.88 60.72 60.59 60.44 60.31 60.19 60.06 59.97 59.88
63.34 63.38 63.41 63.44 63.41 63.34 63.28 63.16 63.00 62.88 62.69 62.47 62.22 61.94 61.66 61.38 61.12 60.94 60.78 60.66 60.53 60.31 60.31 60.34 60.56 60.66 60.62 60.59 60.56 60.53 60.41 60.34 60.31 60.28 60.00 59.34 59.09 59.00 59.06 59.25 59.41 59.56 59.72 59.81 59.94 60.00 60.03 60.09 60.22 60.31 60.44 60.56 60.72 60.88 61.03 61.16 61.28 61.38 61.44 61.47 61.50 61.50 61.47 61.41 61.34 61.25 61.16 61.03 60.91 60.75 60.62 60.50 60.34 60.25 60.12 60.03 59.97
63.34 63.38 63.38 63.38 63.34 63.28 63.22 63.12 63.00 62.84 62.69 62.47 62.22 61.94 61.62 61.41 61.16 60.97 60.84 60.72 60.59 60.34 60.34 60.41 60.66 60.72 60.72 60.69 60.69 60.59 60.47 60.44 60.41 60.38 59.59 59.22 59.03 59.03 59.22 59.44 59.66 59.81 60.00 60.12 60.19 60.28 60.28 60.31 60.38 60.44 60.53 60.62 60.78 60.91 61.03 61.16 61.25 61.34 61.41 61.44 61.47 61.47 61.44 61.38 61.31 61.25 61.12 61.03 60.91 60.78 60.66 60.53 60.41 60.31 60.19 60.12 60.03
63.34 63.38 63.38 63.34 63.28 63.25 63.16 63.06 62.97 62.81 62.62 62.44 62.19 61.94 61.66 61.44 61.22 61.03 60.88 60.78 60.66 60.41 60.41 60.44 60.72 60.81 60.81 60.81 60.78 60.66 60.56 60.53 60.50 60.38 59.47 59.16 59.06 59.09 59.41 59.66 59.97 60.16 60.28 60.41 60.47 60.50 60.50 60.50 60.53 60.56 60.62 60.69 60.81 60.91 61.03 61.12 61.22 61.31 61.38 61.41 61.41 61.41 61.41 61.34 61.28 61.22 61.12 61.03 60.94 60.81 60.69 60.59 60.47 60.38 60.28 60.19 60.09
63.41 63.41 63.41 63.38 63.31 63.22 63.12 63.00 62.91 62.75 62.56 62.34 62.16 61.91 61.66 61.44 61.25 61.06 60.94 60.84 60.72 60.47 60.47 60.50 60.78 60.88 60.91 60.91 60.88 60.69 60.66 60.62 60.59 60.06 59.47 59.22 59.19 59.31 59.62 59.94 60.25 60.41 60.56 60.66 60.69 60.69 60.69 60.66 60.66 60.66 60.69 60.75 60.81 60.94 61.03 61.12 61.19 61.28 61.31 61.38 61.38 61.38 61.38 61.31 61.28 61.22 61.12 61.03 60.94 60.84 60.72 60.62 60.53 60.44 60.34 60.25 60.19
63.50 63.50 63.47 63.44 63.34 63.25 63.12 63.00 62.84 62.72 62.56 62.34 62.12 61.94 61.69 61.47 61.28 61.09 60.97 60.91 60.81 60.50 60.50 60.53 60.84 60.97 60.97 60.97 60.94 60.81 60.75 60.72 60.69 59.88 59.53 59.38 59.34 59.59 59.88 60.19 60.50 60.66 60.78 60.84 60.88 60.84 60.81 60.78 60.75 60.72 60.75 60.78 60.84 60.94 61.03 61.09 61.19 61.25 61.31 61.34 61.34 61.34 61.34 61.31 61.25 61.22 61.12 61.06 60.97 60.88 60.78 60.69 60.59 60.50 60.41 60.31 60.25
63.66 63.59 63.56 63.50 63.41 63.28 63.16 63.03 62.88 62.75 62.56 62.38 62.16 61.97 61.72 61.53 61.34 61.19 61.09 60.97 60.88 60.69 60.53 60.56 60.91 61.03 61.03 61.03 60.97 60.91 60.88 60.84 60.66 59.97 59.72 59.59 59.62 59.84 60.12 60.44 60.66 60.81 60.94 61.00 61.00 61.00 60.94 60.88 60.84 60.81 60.81 60.84 60.91 60.97 61.03 61.09 61.19 61.25 61.28 61.31 61.34 61.34 61.34 61.31 61.25 61.22 61.16 61.06 61.00 60.91 60.81 60.72 60.62 60.56 60.47 60.38 60.31
63.81 63.78 63.69 63.59 63.50 63.38 63.25 63.09 62.94 62.78 62.59 62.41 62.19 62.00 61.81 61.62 61.44 61.28 61.16 61.06 60.94 60.62 60.59 60.62 60.94 61.06 61.06 61.06 61.06 61.03 61.00 60.97 60.50 60.09 59.91 59.84 59.94 60.12 60.34 60.59 60.78 60.91 61.03 61.09 61.12 61.09 61.03 60.97 60.94 60.88 60.88 60.91 60.94 61.00 61.06 61.12 61.19 61.25 61.28 61.31 61.34 61.34 61.34 61.31 61.28 61.22 61.19 61.09 61.03 60.94 60.88 60.78 60.69 60.62 60.53 60.47 60.38
64.09 64.03 63.94 63.81 63.69 63.53 63.38 63.19 63.00 62.81 62.66 62.44 62.28 62.09 61.88 61.72 61.53 61.38 61.25 61.12 60.97 60.69 60.66 60.66 60.97 61.06 61.06 61.06 61.22 61.19 61.12 61.09 60.44 60.22 60.09 60.09 60.22 60.34 60.50 60.69 60.84 60.97 61.09 61.16 61.22 61.19 61.16 61.09 61.03 60.97 60.97 60.97 61.00 61.03 61.09 61.16 61.22 61.25 61.31 61.34 61.34 61.34 61.34 61.34 61.31 61.25 61.22 61.16 61.06 61.00 60.94 60.84 60.75 60.69 60.59 60.53 60.47
64.38 64.25 64.16 64.03 63.88 63.69 63.53 63.34 63.16 62.94 62.75 62.56 62.34 62.16 61.97 61.81 61.66 61.47 61.34 61.19 61.00 60.75 60.69 60.81 61.00 61.03 61.03 61.19 61.34 61.31 61.28 61.12 60.56 60.38 60.28 60.28 60.38 60.50 60.59 60.69 60.84 61.00 61.12 61.19 61.25 61.25 61.19 61.12 61.09 61.06 61.06 61.06 61.09 61.12 61.16 61.22 61.25 61.31 61.34 61.38 61.38 61.38 61.38 61.38 61.34 61.31 61.25 61.19 61.12 61.06 61.00 60.91 60.84 60.75 60.69 60.59 60.53
64.59 64.53 64.41 64.22 64.06 63.84 63.66 63.50 63.28 63.06 62.88 62.62 62.44 62.25 62.06 61.91 61.75 61.59 61.41 61.19 60.97 60.81 60.88 60.97 61.06 61.06 61.03 61.41 61.50 61.44 61.41 60.97 60.59 60.47 60.41 60.41 60.47 60.53 60.59 60.69 60.78 60.91 61.03 61.12 61.19 61.22 61.22 61.19 61.16 61.16 61.16 61.16 61.19 61.19 61.22 61.28 61.31 61.34 61.38 61.41 61.44 61.44 61.44 61.41 61.38 61.34 61.31 61.25 61.19 61.12 61.06 60.97 60.91 60.81 60.75 60.69 60.59
64.84 64.72 64.59 64.41 64.22 64.03 63.84 63.66 63.44 63.22 63.00 62.72 62.50 62.34 62.16 62.00 61.84 61.66 61.44 61.19 60.97 61.03 61.09 61.16 61.12 61.09 61.06 61.66 61.62 61.59 61.56 60.78 60.66 60.53 60.47 60.41 60.44 60.47 60.56 60.66 60.78 60.91 61.03 61.12 61.19 61.25 61.25 61.28 61.25 61.25 61.28 61.28 61.28 61.31 61.31 61.34 61.38 61.41 61.44 61.47 61.50 61.50 61.50 61.47 61.44 61.41 61.38 61.31 61.25 61.19 61.12 61.06 60.97 60.91 60.81 60.75 60.69
65.00 64.88 64.72 64.56 64.38 64.16 63.97 63.78 63.53 63.31 63.06 62.84 62.56 62.41 62.25 62.09 61.91 61.69 61.44 61.22 61.25 61.28 61.31 61.28 61.22 61.16 61.25 61.81 61.75 61.72 61.66 60.75 60.69 60.56 60.47 60.41 60.44 60.53 60.62 60.72 60.84 60.97 61.09 61.19 61.25 61.31 61.34 61.38 61.38 61.38 61.41 61.41 61.41 61.44 61.44 61.47 61.47 61.50 61.53 61.56 61.56 61.56 61.56 61.56 61.53 61.50 61.44 61.41 61.34 61.28 61.22 61.12 61.06 60.97 60.91 60.84 60.75
65.09 64.94 64.78 64.62 64.47 64.28 64.09 63.88 63.62 63.38 63.12 62.84 62.66 62.47 62.31 62.12 61.91 61.69 61.47 61.47 61.53 61.53 61.50 61.41 61.34 61.28 61.62 61.94 61.91 61.88 61.47 60.81 60.69 60.56 60.47 60.50 60.53 60.62 60.72 60.81 60.94 61.06 61.16 61.25 61.34 61.41 61.44 61.47 61.50 61.50 61.53 61.53 61.53 61.53 61.56 61.56 61.59 61.59 61.62 61.66 61.66 61.66 61.66 61.62 61.62 61.59 61.53 61.50 61.44 61.38 61.31 61.22 61.16 61.06 61.00 60.91 60.84
65.16 65.00 64.84 64.69 64.53 64.34 64.16 63.91 63.66 63.41 63.16 62.91 62.69 62.53 62.34 62.12 61.91 61.69 61.75 61.78 61.81 61.75 61.69 61.62 61.53 61.41 62.03 62.09 62.03 62.00 61.22 60.88 60.72 60.56 60.56 60.59 60.66 60.75 60.84 60.94 61.06 61.16 61.28 61.38 61.44 61.50 61.56 61.59 61.62 61.62 61.66 61.66 61.69 61.69 61.69 61.69 61.69 61.72 61.75 61.75 61.75 61.75 61.75 61.75 61.72 61.69 61.62 61.59 61.53 61.47 61.41 61.31 61.25 61.16 61.06 61.00 60.91
