everonasctiles/Tile[21,45].asc
ncols 128
nrows 128
xllcorner 0
yllcorner 0
cellsize 2.0
NODATA_value  -9999
[rows 34 to 67 of 128, columns 0 to 75 of 128]
8.34 8.38 8.25 8.03 7.75 7.72 7.16 6.25 5.94 6.06 5.41 3.84 1.75 -0.16 -1.78 -3.06 -4.03 -4.78 -5.34 -5.75 -6.03 -6.22 -6.31 -6.38 -6.41 -6.38 -6.31 -6.25 -6.19 -6.09 -6.00 -5.91 -5.81 -5.75 -5.66 -5.59 -5.56 -5.53 -5.50 -5.50 -5.50 -5.53 -5.56 -5.59 -5.66 -5.72 -5.81 -5.91 -6.00 -6.09 -6.22 -6.34 -6.47 -6.59 -6.75 -6.91 -7.06 -7.22 -7.38 -7.56 -7.72 -7.88 -8.06 -8.22 -8.41 -8.56 -8.72 -8.88 -9.06 -9.22 -9.38 -9.53 -9.69 -9.84 -9.97 -10.12
8.88 8.75 8.53 8.34 8.31 8.16 7.75 7.25 6.88 6.50 5.81 4.19 2.09 0.25 -1.41 -2.78 -3.81 -4.66 -5.28 -5.72 -6.03 -6.25 -6.38 -6.47 -6.50 -6.47 -6.44 -6.38 -6.31 -6.22 -6.12 -6.03 -5.97 -5.88 -5.78 -5.72 -5.69 -5.62 -5.62 -5.59 -5.59 -5.62 -5.62 -5.69 -5.72 -5.78 -5.88 -5.94 -6.03 -6.16 -6.25 -6.38 -6.50 -6.62 -6.75 -6.91 -7.06 -7.22 -7.38 -7.53 -7.69 -7.84 -8.03 -8.19 -8.34 -8.50 -8.66 -8.81 -8.97 -9.12 -9.28 -9.44 -9.59 -9.75 -9.88 -10.03
9.06 8.81 8.81 8.62 8.59 8.38 8.25 7.88 7.28 6.81 6.06 4.19 2.22 0.41 -1.25 -2.66 -3.75 -4.59 -5.25 -5.72 -6.06 -6.31 -6.47 -6.53 -6.59 -6.59 -6.56 -6.50 -6.44 -6.34 -6.28 -6.19 -6.09 -6.00 -5.94 -5.88 -5.81 -5.75 -5.72 -5.72 -5.72 -5.72 -5.72 -5.78 -5.81 -5.88 -5.94 -6.00 -6.09 -6.19 -6.28 -6.41 -6.50 -6.66 -6.78 -6.91 -7.06 -7.19 -7.34 -7.50 -7.66 -7.81 -7.97 -8.12 -8.28 -8.44 -8.59 -8.75 -8.91 -9.06 -9.22 -9.34 -9.50 -9.66 -9.78 -9.94
9.09 9.12 9.00 8.94 8.84 8.41 8.50 8.19 7.69 6.84 5.69 4.00 2.06 0.31 -1.31 -2.69 -3.75 -4.66 -5.31 -5.81 -6.16 -6.41 -6.56 -6.66 -6.69 -6.69 -6.69 -6.62 -6.56 -6.50 -6.41 -6.31 -6.22 -6.16 -6.06 -6.00 -5.94 -5.88 -5.84 -5.81 -5.81 -5.81 -5.84 -5.84 -5.91 -5.94 -6.00 -6.06 -6.16 -6.25 -6.34 -6.44 -6.56 -6.66 -6.78 -6.94 -7.06 -7.19 -7.34 -7.50 -7.66 -7.78 -7.94 -8.09 -8.22 -8.38 -8.53 -8.69 -8.84 -9.00 -9.12 -9.28 -9.41 -9.56 -9.69 -9.84
9.25 9.25 9.06 9.19 9.03 8.91 8.62 8.41 7.91 6.47 4.78 3.44 1.66 -0.03 -1.53 -2.84 -3.91 -4.78 -5.44 -5.91 -6.25 -6.50 -6.66 -6.78 -6.81 -6.81 -6.81 -6.75 -6.69 -6.62 -6.53 -6.44 -6.38 -6.28 -6.19 -6.12 -6.06 -6.00 -5.97 -5.94 -5.94 -5.94 -5.94 -5.97 -6.00 -6.03 -6.09 -6.16 -6.22 -6.28 -6.38 -6.47 -6.59 -6.69 -6.81 -6.94 -7.06 -7.22 -7.34 -7.50 -7.62 -7.75 -7.91 -8.03 -8.19 -8.31 -8.47 -8.62 -8.78 -8.91 -9.03 -9.19 -9.31 -9.47 -9.59 -9.75
9.53 9.34 9.31 9.31 9.25 8.91 8.88 8.38 7.56 6.09 4.38 2.41 1.00 -0.50 -1.91 -3.12 -4.12 -4.97 -5.59 -6.06 -6.41 -6.62 -6.78 -6.88 -6.94 -6.94 -6.94 -6.88 -6.81 -6.75 -6.66 -6.59 -6.50 -6.41 -6.34 -6.25 -6.19 -6.16 -6.09 -6.06 -6.03 -6.03 -6.03 -6.06 -6.09 -6.12 -6.16 -6.22 -6.28 -6.34 -6.44 -6.53 -6.62 -6.72 -6.84 -6.97 -7.09 -7.22 -7.34 -7.47 -7.59 -7.75 -7.88 -8.00 -8.12 -8.28 -8.44 -8.56 -8.69 -8.81 -8.97 -9.09 -9.22 -9.38 -9.50 -9.66
9.62 9.41 9.41 9.38 9.31 9.06 8.91 8.50 7.47 5.56 3.69 1.88 0.31 -1.09 -2.34 -3.47 -4.41 -5.19 -5.78 -6.25 -6.56 -6.78 -6.94 -7.03 -7.06 -7.06 -7.06 -7.00 -6.94 -6.88 -6.81 -6.72 -6.62 -6.56 -6.47 -6.41 -6.34 -6.28 -6.22 -6.19 -6.16 -6.16 -6.16 -6.16 -6.19 -6.22 -6.25 -6.28 -6.34 -6.41 -6.50 -6.59 -6.69 -6.78 -6.88 -7.00 -7.09 -7.22 -7.34 -7.47 -7.59 -7.72 -7.84 -7.97 -8.09 -8.25 -8.38 -8.50 -8.62 -8.75 -8.88 -9.00 -9.16 -9.28 -9.44 -9.59
9.69 9.56 9.41 9.38 9.34 9.06 8.91 8.31 6.91 5.19 2.97 1.06 -0.41 -1.62 -2.78 -3.81 -4.69 -5.44 -5.97 -6.41 -6.72 -6.94 -7.06 -7.16 -7.19 -7.19 -7.16 -7.12 -7.06 -7.00 -6.91 -6.84 -6.75 -6.69 -6.59 -6.53 -6.47 -6.41 -6.34 -6.31 -6.28 -6.28 -6.25 -6.25 -6.28 -6.31 -6.34 -6.38 -6.44 -6.50 -6.56 -6.66 -6.72 -6.81 -6.91 -7.03 -7.12 -7.25 -7.34 -7.47 -7.59 -7.69 -7.81 -7.94 -8.06 -8.19 -8.31 -8.44 -8.56 -8.69 -8.81 -8.94 -9.06 -9.22 -9.34 -9.50
9.81 9.72 9.38 9.41 9.44 8.78 9.00 7.72 6.22 4.59 2.03 0.41 -0.84 -2.00 -3.12 -4.09 -4.97 -5.62 -6.16 -6.56 -6.84 -7.06 -7.19 -7.25 -7.28 -7.31 -7.28 -7.22 -7.19 -7.09 -7.03 -6.97 -6.88 -6.81 -6.72 -6.66 -6.59 -6.53 -6.47 -6.44 -6.41 -6.38 -6.38 -6.38 -6.38 -6.41 -6.44 -6.47 -6.50 -6.56 -6.62 -6.69 -6.78 -6.88 -6.97 -7.06 -7.16 -7.28 -7.38 -7.47 -7.59 -7.69 -7.81 -7.94 -8.03 -8.16 -8.25 -8.38 -8.50 -8.62 -8.75 -8.88 -9.00 -9.12 -9.28 -9.41
9.97 9.84 9.72 9.53 9.47 9.31 8.81 7.66 5.59 4.03 1.91 0.28 -1.12 -2.31 -3.38 -4.34 -5.16 -5.81 -6.31 -6.69 -6.97 -7.16 -7.28 -7.34 -7.38 -7.38 -7.38 -7.31 -7.28 -7.22 -7.12 -7.06 -7.00 -6.91 -6.84 -6.78 -6.72 -6.66 -6.59 -6.56 -6.53 -6.50 -6.50 -6.47 -6.50 -6.50 -6.53 -6.56 -6.59 -6.66 -6.69 -6.78 -6.84 -6.94 -7.00 -7.09 -7.19 -7.28 -7.38 -7.47 -7.59 -7.69 -7.78 -7.91 -8.00 -8.09 -8.22 -8.31 -8.44 -8.56 -8.69 -8.81 -8.94 -9.06 -9.19 -9.34
10.16 10.00 9.91 9.72 9.62 9.25 8.94 7.72 6.03 3.81 1.91 0.25 -1.31 -2.47 -3.56 -4.53 -5.31 -5.94 -6.41 -6.75 -7.03 -7.22 -7.34 -7.41 -7.47 -7.47 -7.44 -7.41 -7.34 -7.28 -7.22 -7.16 -7.09 -7.03 -6.94 -6.88 -6.81 -6.78 -6.72 -6.69 -6.66 -6.62 -6.59 -6.59 -6.59 -6.59 -6.62 -6.66 -6.69 -6.72 -6.78 -6.84 -6.91 -6.97 -7.06 -7.16 -7.22 -7.31 -7.41 -7.50 -7.59 -7.69 -7.78 -7.88 -7.97 -8.06 -8.16 -8.28 -8.38 -8.50 -8.62 -8.75 -8.88 -9.00 -9.12 -9.25
10.31 10.09 9.91 9.75 9.59 9.50 9.16 7.66 5.97 3.94 2.03 0.19 -1.44 -2.59 -3.69 -4.62 -5.38 -5.97 -6.44 -6.78 -7.03 -7.25 -7.38 -7.44 -7.50 -7.50 -7.50 -7.47 -7.41 -7.38 -7.31 -7.25 -7.19 -7.12 -7.06 -7.00 -6.94 -6.88 -6.84 -6.78 -6.75 -6.72 -6.72 -6.72 -6.69 -6.72 -6.72 -6.75 -6.78 -6.81 -6.84 -6.91 -6.97 -7.03 -7.12 -7.19 -7.28 -7.34 -7.44 -7.50 -7.59 -7.69 -7.78 -7.84 -7.94 -8.03 -8.12 -8.22 -8.34 -8.44 -8.56 -8.69 -8.81 -8.91 -9.03 -9.16
10.50 10.19 9.75 9.75 9.50 9.31 8.91 7.47 5.56 3.59 1.88 0.12 -1.44 -2.66 -3.72 -4.59 -5.34 -5.94 -6.38 -6.75 -7.00 -7.19 -7.34 -7.44 -7.50 -7.50 -7.50 -7.50 -7.44 -7.41 -7.34 -7.31 -7.25 -7.19 -7.12 -7.09 -7.03 -6.97 -6.94 -6.91 -6.88 -6.84 -6.81 -6.81 -6.81 -6.81 -6.81 -6.84 -6.88 -6.91 -6.94 -7.00 -7.03 -7.09 -7.19 -7.25 -7.31 -7.38 -7.44 -7.53 -7.59 -7.69 -7.75 -7.84 -7.91 -8.00 -8.09 -8.19 -8.28 -8.41 -8.50 -8.62 -8.72 -8.84 -8.94 -9.06
10.69 10.41 9.78 9.84 9.22 9.06 8.19 6.56 4.75 3.00 1.50 0.00 -1.50 -2.62 -3.62 -4.47 -5.22 -5.81 -6.28 -6.62 -6.91 -7.09 -7.25 -7.38 -7.44 -7.47 -7.50 -7.47 -7.47 -7.44 -7.41 -7.34 -7.31 -7.25 -7.22 -7.16 -7.12 -7.06 -7.03 -7.00 -6.97 -6.97 -6.94 -6.94 -6.91 -6.91 -6.94 -6.94 -6.97 -7.00 -7.03 -7.06 -7.12 -7.16 -7.25 -7.28 -7.34 -7.41 -7.47 -7.53 -7.62 -7.69 -7.75 -7.81 -7.91 -7.97 -8.06 -8.16 -8.25 -8.34 -8.44 -8.56 -8.66 -8.75 -8.88 -9.00
10.88 10.66 10.28 9.94 9.75 9.34 8.22 6.03 4.28 2.78 1.34 0.00 -1.44 -2.47 -3.38 -4.25 -5.00 -5.59 -6.06 -6.44 -6.72 -6.94 -7.12 -7.25 -7.34 -7.41 -7.44 -7.44 -7.44 -7.44 -7.41 -7.38 -7.34 -7.31 -7.25 -7.22 -7.19 -7.16 -7.12 -7.09 -7.09 -7.06 -7.03 -7.03 -7.03 -7.03 -7.03 -7.03 -7.06 -7.06 -7.09 -7.16 -7.19 -7.25 -7.28 -7.34 -7.38 -7.44 -7.50 -7.56 -7.62 -7.69 -7.75 -7.81 -7.88 -7.94 -8.03 -8.12 -8.22 -8.31 -8.41 -8.50 -8.59 -8.69 -8.81 -8.91
11.00 10.81 10.50 10.12 9.91 9.47 8.00 5.88 4.12 2.72 1.50 0.12 -1.16 -2.16 -3.06 -3.91 -4.66 -5.28 -5.78 -6.16 -6.47 -6.72 -6.91 -7.06 -7.19 -7.25 -7.31 -7.38 -7.38 -7.38 -7.38 -7.38 -7.34 -7.34 -7.31 -7.28 -7.25 -7.22 -7.22 -7.19 -7.19 -7.16 -7.16 -7.12 -7.12 -7.12 -7.12 -7.12 -7.16 -7.16 -7.19 -7.22 -7.28 -7.31 -7.34 -7.41 -7.44 -7.47 -7.53 -7.59 -7.66 -7.69 -7.75 -7.81 -7.88 -7.94 -8.00 -8.09 -8.19 -8.25 -8.34 -8.44 -8.53 -8.62 -8.72 -8.84
10.97 10.81 10.50 10.06 9.91 9.12 7.62 6.28 4.41 2.94 1.72 0.44 -0.56 -1.62 -2.69 -3.50 -4.22 -4.84 -5.38 -5.78 -6.12 -6.38 -6.62 -6.81 -6.94 -7.06 -7.16 -7.22 -7.28 -7.31 -7.34 -7.34 -7.34 -7.34 -7.34 -7.31 -7.31 -7.28 -7.28 -7.28 -7.25 -7.25 -7.25 -7.22 -7.22 -7.22 -7.22 -7.25 -7.25 -7.25 -7.28 -7.31 -7.34 -7.38 -7.41 -7.44 -7.47 -7.53 -7.56 -7.62 -7.66 -7.69 -7.75 -7.78 -7.84 -7.91 -8.00 -8.06 -8.12 -8.22 -8.31 -8.38 -8.47 -8.56 -8.66 -8.78
10.78 10.72 10.44 9.94 9.75 9.03 7.97 6.62 4.56 3.12 1.88 0.66 -0.12 -1.25 -2.19 -3.03 -3.75 -4.34 -4.88 -5.31 -5.69 -5.97 -6.25 -6.47 -6.66 -6.81 -6.94 -7.06 -7.12 -7.19 -7.25 -7.28 -7.31 -7.31 -7.34 -7.34 -7.34 -7.34 -7.34 -7.34 -7.34 -7.34 -7.34 -7.31 -7.31 -7.31 -7.31 -7.34 -7.34 -7.34 -7.38 -7.41 -7.44 -7.47 -7.47 -7.50 -7.53 -7.56 -7.62 -7.66 -7.66 -7.72 -7.75 -7.78 -7.84 -7.91 -7.97 -8.03 -8.09 -8.19 -8.25 -8.34 -8.41 -8.50 -8.59 -8.72
10.53 10.50 10.34 10.09 9.62 8.66 7.78 7.09 5.44 3.34 2.28 1.25 0.22 -0.78 -1.66 -2.47 -3.19 -3.75 -4.25 -4.72 -5.12 -5.47 -5.78 -6.03 -6.28 -6.47 -6.66 -6.81 -6.94 -7.03 -7.12 -7.19 -7.25 -7.28 -7.31 -7.34 -7.34 -7.38 -7.38 -7.41 -7.41 -7.41 -7.41 -7.41 -7.41 -7.41 -7.44 -7.44 -7.44 -7.44 -7.47 -7.47 -7.50 -7.53 -7.53 -7.56 -7.59 -7.62 -7.66 -7.66 -7.69 -7.72 -7.75 -7.81 -7.84 -7.91 -7.97 -8.00 -8.09 -8.16 -8.22 -8.28 -8.34 -8.44 -8.53 -8.66
10.22 10.22 10.19 9.91 9.53 8.94 8.03 7.06 5.88 4.00 2.59 1.44 0.41 -0.41 -1.03 -1.81 -2.53 -3.09 -3.56 -4.03 -4.47 -4.84 -5.22 -5.53 -5.81 -6.09 -6.31 -6.50 -6.69 -6.84 -6.97 -7.06 -7.12 -7.22 -7.28 -7.31 -7.34 -7.38 -7.41 -7.44 -7.47 -7.47 -7.47 -7.50 -7.50 -7.50 -7.50 -7.53 -7.53 -7.53 -7.56 -7.56 -7.59 -7.59 -7.59 -7.62 -7.66 -7.69 -7.69 -7.69 -7.72 -7.75 -7.78 -7.81 -7.84 -7.91 -7.94 -8.00 -8.06 -8.09 -8.16 -8.22 -8.31 -8.41 -8.47 -8.59
9.91 10.00 9.94 9.81 9.38 8.94 7.38 6.53 5.47 4.94 3.34 1.97 1.25 0.44 0.03 -0.59 -1.50 -2.31 -2.78 -3.25 -3.69 -4.12 -4.53 -4.94 -5.28 -5.59 -5.91 -6.16 -6.38 -6.56 -6.75 -6.88 -7.00 -7.09 -7.19 -7.28 -7.34 -7.38 -7.44 -7.47 -7.50 -7.53 -7.53 -7.56 -7.56 -7.59 -7.59 -7.59 -7.62 -7.62 -7.62 -7.66 -7.66 -7.66 -7.69 -7.69 -7.72 -7.72 -7.72 -7.72 -7.75 -7.75 -7.78 -7.81 -7.84 -7.88 -7.94 -7.97 -8.03 -8.06 -8.12 -8.19 -8.25 -8.34 -8.44 -8.53
9.84 9.84 9.78 9.62 8.94 8.81 7.28 6.31 5.72 5.28 4.38 3.38 2.78 2.16 1.84 1.47 0.03 -1.31 -1.91 -2.41 -2.88 -3.34 -3.78 -4.22 -4.66 -5.06 -5.41 -5.72 -6.00 -6.28 -6.50 -6.69 -6.84 -6.97 -7.09 -7.19 -7.28 -7.34 -7.44 -7.47 -7.53 -7.56 -7.59 -7.62 -7.62 -7.66 -7.69 -7.69 -7.69 -7.72 -7.72 -7.72 -7.75 -7.75 -7.75 -7.75 -7.78 -7.75 -7.75 -7.75 -7.78 -7.78 -7.81 -7.81 -7.84 -7.88 -7.94 -7.97 -8.00 -8.03 -8.09 -8.16 -8.22 -8.28 -8.38 -8.47
9.59 9.50 9.25 8.81 8.47 8.44 7.44 6.41 5.59 5.19 4.81 4.50 4.00 3.53 3.44 3.03 1.47 0.00 -0.84 -1.44 -1.97 -2.50 -3.00 -3.50 -3.97 -4.41 -4.84 -5.25 -5.59 -5.91 -6.19 -6.44 -6.62 -6.81 -6.97 -7.09 -7.22 -7.31 -7.41 -7.47 -7.53 -7.59 -7.62 -7.66 -7.69 -7.72 -7.75 -7.75 -7.78 -7.78 -7.81 -7.81 -7.81 -7.81 -7.81 -7.81 -7.81 -7.81 -7.81 -7.78 -7.81 -7.81 -7.81 -7.84 -7.84 -7.88 -7.94 -7.97 -7.97 -8.03 -8.06 -8.12 -8.19 -8.25 -8.34 -8.44
9.50 9.28 9.03 8.66 8.28 7.88 7.28 6.50 5.66 5.22 5.41 4.56 4.28 3.91 4.03 3.59 2.50 1.31 0.38 -0.44 -1.03 -1.59 -2.16 -2.72 -3.25 -3.75 -4.22 -4.69 -5.12 -5.50 -5.81 -6.12 -6.38 -6.59 -6.81 -6.97 -7.12 -7.25 -7.34 -7.44 -7.53 -7.59 -7.66 -7.69 -7.75 -7.78 -7.81 -7.81 -7.84 -7.84 -7.88 -7.88 -7.88 -7.88 -7.88 -7.88 -7.88 -7.84 -7.84 -7.84 -7.84 -7.84 -7.84 -7.84 -7.88 -7.91 -7.94 -7.94 -7.97 -8.00 -8.03 -8.09 -8.16 -8.22 -8.28 -8.38
9.41 9.19 8.94 8.56 8.16 7.75 7.34 6.84 6.09 5.44 5.00 4.44 3.91 3.44 3.88 3.88 3.34 2.41 1.47 0.59 -0.06 -0.69 -1.31 -1.91 -2.50 -3.06 -3.59 -4.09 -4.59 -5.03 -5.44 -5.78 -6.09 -6.34 -6.59 -6.81 -6.97 -7.16 -7.28 -7.41 -7.50 -7.59 -7.66 -7.72 -7.78 -7.81 -7.84 -7.88 -7.91 -7.91 -7.94 -7.94 -7.94 -7.94 -7.94 -7.94 -7.91 -7.91 -7.88 -7.88 -7.88 -7.88 -7.88 -7.88 -7.88 -7.91 -7.91 -7.94 -7.94 -7.97 -8.03 -8.06 -8.09 -8.16 -8.25 -8.34
9.47 9.22 8.97 8.66 8.31 7.84 7.53 7.12 6.47 5.38 4.53 3.97 3.66 3.72 3.78 4.00 3.75 3.12 2.38 1.66 1.06 0.34 -0.44 -1.12 -1.75 -2.38 -2.97 -3.50 -4.00 -4.53 -4.97 -5.38 -5.75 -6.06 -6.34 -6.59 -6.81 -7.00 -7.19 -7.31 -7.44 -7.56 -7.66 -7.72 -7.78 -7.84 -7.91 -7.94 -7.94 -7.97 -8.00 -8.00 -8.00 -8.00 -8.00 -8.00 -7.97 -7.94 -7.94 -7.91 -7.91 -7.91 -7.88 -7.88 -7.91 -7.91 -7.91 -7.94 -7.94 -7.97 -8.00 -8.03 -8.06 -8.12 -8.22 -8.31
9.56 9.44 9.09 8.81 8.38 8.12 7.75 7.31 6.75 5.88 5.03 4.16 4.06 3.81 3.88 3.91 3.94 3.62 3.09 2.56 2.16 1.50 0.59 -0.28 -1.06 -1.72 -2.31 -2.91 -3.47 -3.97 -4.47 -4.94 -5.34 -5.72 -6.06 -6.34 -6.62 -6.84 -7.03 -7.22 -7.38 -7.50 -7.62 -7.72 -7.78 -7.88 -7.91 -7.97 -8.00 -8.03 -8.03 -8.06 -8.06 -8.06 -8.06 -8.03 -8.00 -8.00 -7.97 -7.97 -7.94 -7.94 -7.91 -7.91 -7.94 -7.94 -7.91 -7.94 -7.94 -7.97 -7.97 -8.00 -8.03 -8.09 -8.19 -8.28
9.72 9.66 9.44 9.12 8.81 8.34 8.06 7.66 7.12 6.38 5.81 4.97 4.44 4.31 4.25 4.25 4.22 4.06 3.72 3.25 2.81 2.31 1.50 0.47 -0.38 -1.06 -1.72 -2.34 -2.94 -3.47 -3.97 -4.47 -4.94 -5.34 -5.72 -6.06 -6.34 -6.62 -6.88 -7.06 -7.25 -7.41 -7.56 -7.69 -7.78 -7.88 -7.94 -7.97 -8.03 -8.06 -8.09 -8.09 -8.09 -8.09 -8.09 -8.09 -8.06 -8.03 -8.00 -8.00 -7.97 -7.97 -7.94 -7.94 -7.94 -7.94 -7.94 -7.94 -7.94 -7.94 -7.97 -8.00 -8.03 -8.09 -8.16 -8.25
9.72 9.81 9.66 9.44 9.16 8.78 8.38 7.84 7.41 6.97 6.47 5.47 5.03 4.50 4.62 4.72 4.69 4.56 4.28 3.81 3.28 2.69 1.91 1.03 0.22 -0.50 -1.19 -1.84 -2.44 -2.97 -3.50 -3.97 -4.47 -4.91 -5.34 -5.72 -6.06 -6.34 -6.62 -6.88 -7.09 -7.28 -7.47 -7.59 -7.72 -7.84 -7.91 -7.97 -8.03 -8.06 -8.12 -8.12 -8.12 -8.16 -8.16 -8.12 -8.09 -8.06 -8.06 -8.03 -8.00 -8.00 -7.97 -7.97 -7.97 -7.94 -7.94 -7.94 -7.94 -7.94 -7.97 -7.97 -8.00 -8.06 -8.12 -8.22
9.59 9.78 9.91 9.78 9.38 9.03 8.53 7.91 7.53 7.12 6.69 6.44 5.50 5.12 5.22 5.31 5.12 5.06 4.81 4.34 3.75 3.03 2.25 1.47 0.69 -0.03 -0.72 -1.38 -1.97 -2.53 -3.06 -3.53 -4.00 -4.47 -4.91 -5.31 -5.69 -6.03 -6.34 -6.62 -6.91 -7.12 -7.31 -7.50 -7.66 -7.78 -7.88 -7.97 -8.03 -8.09 -8.12 -8.16 -8.16 -8.19 -8.19 -8.16 -8.12 -8.12 -8.09 -8.06 -8.03 -8.03 -8.00 -8.00 -8.00 -7.97 -7.97 -7.94 -7.94 -7.94 -7.94 -7.97 -8.00 -8.06 -8.12 -8.19
9.41 9.41 9.81 9.62 9.47 9.09 8.66 8.22 7.69 7.28 6.72 6.69 6.22 6.28 6.12 5.84 5.72 5.59 5.28 4.81 4.19 3.47 2.69 1.88 1.09 0.34 -0.38 -1.00 -1.59 -2.16 -2.66 -3.12 -3.56 -4.00 -4.44 -4.88 -5.28 -5.66 -6.00 -6.34 -6.62 -6.91 -7.12 -7.34 -7.53 -7.69 -7.81 -7.91 -8.00 -8.06 -8.12 -8.16 -8.19 -8.19 -8.22 -8.19 -8.16 -8.16 -8.12 -8.09 -8.09 -8.06 -8.03 -8.03 -8.00 -8.00 -7.97 -7.97 -7.94 -7.94 -7.94 -7.97 -8.00 -8.03 -8.09 -8.19
9.88 9.59 9.47 9.69 9.53 8.91 8.78 8.44 8.16 7.84 7.47 7.06 6.88 6.22 6.62 6.47 6.28 6.03 5.69 5.19 4.56 3.81 3.06 2.25 1.44 0.62 -0.09 -0.72 -1.28 -1.81 -2.28 -2.75 -3.19 -3.59 -4.00 -4.44 -4.84 -5.25 -5.62 -5.97 -6.31 -6.62 -6.91 -7.12 -7.34 -7.53 -7.69 -7.84 -7.94 -8.03 -8.09 -8.16 -8.19 -8.22 -8.22 -8.22 -8.19 -8.19 -8.16 -8.12 -8.12 -8.09 -8.06 -8.06 -8.03 -8.00 -8.00 -7.97 -7.97 -7.94 -7.97 -7.97 -8.00 -8.03 -8.09 -8.16
10.12 9.84 9.81 9.53 9.44 9.16 9.03 8.81 8.62 8.38 8.06 7.69 7.38 7.12 7.00 6.88 6.66 6.34 6.00 5.47 4.81 4.16 3.38 2.53 1.69 0.88 0.12 -0.47 -1.03 -1.50 -1.97 -2.38 -2.81 -3.22 -3.62 -4.00 -4.44 -4.81 -5.22 -5.59 -5.94 -6.28 -6.59 -6.88 -7.12 -7.34 -7.53 -7.72 -7.84 -7.97 -8.06 -8.12 -8.19 -8.22 -8.22 -8.22 -8.22 -8.19 -8.19 -8.16 -8.16 -8.12 -8.09 -8.09 -8.06 -8.03 -8.03 -8.00 -7.97 -7.97 -7.97 -7.97 -8.00 -8.03 -8.09 -8.16
10.38 10.28 10.12 9.66 9.38 9.38 9.41 9.12 9.00 8.75 8.38 7.97 7.56 7.28 7.12 7.00 6.84 6.56 6.19 5.66 5.00 4.41 3.59 2.72 1.84 1.03 0.28 -0.28 -0.75 -1.19 -1.62 -2.03 -2.44 -2.84 -3.25 -3.62 -4.00 -4.41 -4.81 -5.19 -5.53 -5.91 -6.22 -6.56 -6.84 -7.12 -7.34 -7.53 -7.72 -7.88 -8.00 -8.09 -8.16 -8.19 -8.22 -8.22 -8.22 -8.22 -8.22 -8.19 -8.16 -8.16 -8.12 -8.12 -8.09 -8.06 -8.03 -8.00 -8.00 -7.97 -7.97 -8.00 -8.00 -8.03 -8.09 -8.16
