everonasctiles/Tile[11,27].asc
ncols 128
nrows 128
xllcorner 0
yllcorner 0
cellsize 2.0
NODATA_value  -9999
[rows 68 to 101 of 128, columns 0 to 76 of 128]
34.09 33.81 33.56 33.31 33.06 32.84 32.62 32.44 32.28 32.09 31.97 31.84 31.72 31.62 31.53 31.44 31.34 31.22 31.09 30.97 30.84 30.69 30.53 30.34 30.19 30.00 29.81 29.66 29.50 29.44 29.41 29.41 29.38 29.34 29.31 29.28 29.25 29.22 29.12 28.47 28.12 27.72 26.94 26.66 26.72 26.78 26.78 26.78 26.75 26.69 26.66 26.59 26.50 26.41 26.38 26.34 26.28 26.16 26.03 25.91 25.69 25.56 25.47 25.34 25.22 25.12 25.06 24.97 24.91 24.88 24.78 24.81 24.84 24.84 24.78 24.66 24.59
34.00 33.72 33.47 33.22 32.97 32.75 32.56 32.38 32.22 32.06 31.94 31.81 31.72 31.62 31.53 31.44 31.34 31.22 31.09 30.97 30.84 30.69 30.53 30.38 30.22 30.03 29.88 29.69 29.53 29.38 29.41 29.38 29.34 29.31 29.28 29.25 29.22 29.22 29.19 29.06 28.31 27.75 26.97 26.94 27.28 27.31 27.25 27.19 27.09 27.00 26.88 26.62 26.56 26.50 26.44 26.38 26.28 26.19 26.03 25.88 25.75 25.59 25.47 25.38 25.31 25.25 25.19 25.09 25.03 24.97 24.94 24.94 24.94 24.94 24.84 24.78 24.66
33.88 33.59 33.34 33.09 32.88 32.69 32.47 32.31 32.16 32.03 31.91 31.78 31.69 31.59 31.53 31.41 31.31 31.22 31.09 30.97 30.84 30.69 30.56 30.41 30.22 30.06 29.91 29.72 29.53 29.38 29.25 29.34 29.31 29.28 29.25 29.22 29.22 29.19 29.16 29.12 29.06 27.47 26.78 27.56 27.97 27.84 27.75 27.62 27.47 27.28 27.06 26.81 26.69 26.56 26.47 26.38 26.28 26.16 26.03 25.94 25.81 25.69 25.59 25.50 25.44 25.34 25.28 25.22 25.16 25.09 25.06 25.06 25.03 24.97 24.91 24.81 24.72
33.75 33.47 33.22 33.00 32.78 32.59 32.41 32.25 32.09 31.97 31.88 31.78 31.69 31.59 31.50 31.41 31.28 31.19 31.06 30.97 30.84 30.69 30.56 30.41 30.25 30.09 29.91 29.75 29.53 29.38 29.16 29.09 29.28 29.25 29.22 29.22 29.19 29.16 29.12 29.09 29.06 29.03 28.59 28.66 28.47 28.38 28.22 28.06 27.84 27.59 27.31 27.03 26.84 26.62 26.50 26.38 26.25 26.16 26.06 26.00 25.91 25.81 25.72 25.66 25.56 25.47 25.38 25.28 25.22 25.22 25.19 25.16 25.09 25.03 24.94 24.88 24.78
33.59 33.34 33.12 32.91 32.69 32.50 32.34 32.19 32.03 31.94 31.81 31.75 31.66 31.56 31.47 31.38 31.28 31.16 31.06 30.94 30.81 30.69 30.56 30.44 30.28 30.12 29.94 29.75 29.56 29.44 29.09 29.09 29.09 29.22 29.22 29.19 29.16 29.12 29.09 29.06 29.03 29.00 28.97 28.88 28.75 28.72 28.66 28.44 28.19 27.91 27.59 27.28 27.03 26.81 26.56 26.41 26.28 26.22 26.16 26.09 25.97 25.94 25.81 25.78 25.69 25.56 25.44 25.41 25.34 25.28 25.28 25.22 25.16 25.06 25.00 24.97 24.94
33.47 33.25 33.00 32.78 32.59 32.44 32.25 32.12 32.00 31.88 31.78 31.69 31.62 31.53 31.44 31.34 31.25 31.12 31.03 30.94 30.81 30.69 30.59 30.44 30.31 30.16 30.00 29.81 29.62 29.53 29.16 29.19 29.16 29.16 29.19 29.16 29.12 29.09 29.06 29.03 29.00 28.97 28.94 28.91 28.88 28.88 28.78 28.59 28.38 28.09 27.81 27.53 27.25 27.00 26.75 26.53 26.38 26.34 26.25 26.19 26.09 26.06 26.00 25.94 25.81 25.69 25.53 25.47 25.41 25.38 25.34 25.25 25.19 25.12 25.06 25.06 25.09
33.38 33.12 32.91 32.72 32.53 32.34 32.19 32.06 31.94 31.84 31.75 31.66 31.56 31.47 31.41 31.31 31.19 31.09 31.00 30.91 30.81 30.69 30.59 30.47 30.38 30.22 30.06 29.91 29.78 29.66 29.41 29.34 29.31 29.28 29.22 29.12 29.19 29.06 29.03 29.00 28.97 28.94 28.91 28.88 28.84 28.81 28.84 28.69 28.50 28.28 28.00 27.72 27.47 27.16 26.94 26.72 26.59 26.56 26.44 26.28 26.22 26.16 26.16 26.06 25.94 25.81 25.72 25.59 25.53 25.47 25.38 25.28 25.22 25.22 25.25 25.25 25.22
33.31 33.06 32.84 32.62 32.47 32.28 32.16 32.03 31.91 31.81 31.72 31.62 31.53 31.44 31.34 31.25 31.16 31.06 30.97 30.88 30.78 30.72 30.62 30.53 30.44 30.34 30.22 30.09 29.94 29.75 29.53 29.38 29.41 29.53 28.59 28.31 28.84 29.03 29.00 28.97 28.94 28.91 28.88 28.84 28.81 28.78 28.75 28.72 28.59 28.41 28.19 27.94 27.69 27.44 27.25 27.00 26.91 26.81 26.66 26.44 26.44 26.34 26.28 26.19 26.06 25.94 25.75 25.69 25.62 25.53 25.47 25.41 25.31 25.38 25.41 25.44 25.41
33.22 33.00 32.78 32.56 32.41 32.25 32.12 32.00 31.88 31.78 31.69 31.59 31.50 31.41 31.31 31.22 31.12 31.03 30.94 30.88 30.78 30.72 30.66 30.59 30.53 30.47 30.44 30.28 30.03 29.75 29.47 29.28 29.28 28.19 28.22 27.94 27.91 28.44 29.00 28.97 28.94 28.91 28.88 28.81 28.78 28.75 28.72 28.69 28.62 28.44 28.25 28.06 27.91 27.72 27.50 27.31 27.22 27.09 26.94 26.72 26.66 26.53 26.34 26.31 26.16 25.94 25.91 25.81 25.69 25.59 25.53 25.50 25.50 25.50 25.56 25.56 25.59
33.19 32.94 32.72 32.53 32.34 32.22 32.09 31.97 31.88 31.78 31.69 31.56 31.47 31.38 31.28 31.19 31.09 31.00 30.91 30.84 30.78 30.72 30.69 30.66 30.66 30.66 30.53 30.31 29.97 29.62 29.28 29.03 28.53 28.28 28.06 27.94 27.88 28.00 28.16 28.94 28.91 28.88 28.84 28.81 28.75 28.72 28.69 28.66 28.62 28.56 28.44 28.19 28.06 27.97 27.81 27.59 27.50 27.38 27.25 27.09 26.94 26.75 26.56 26.38 26.28 26.12 26.00 25.91 25.78 25.69 25.62 25.56 25.56 25.59 25.66 25.72 25.72
33.16 32.91 32.69 32.50 32.34 32.22 32.09 31.97 31.88 31.75 31.66 31.56 31.44 31.34 31.25 31.16 31.06 30.97 30.88 30.81 30.78 30.75 30.72 30.75 30.78 30.72 30.53 30.22 29.84 29.56 29.22 28.72 28.28 28.16 28.03 27.97 28.03 28.19 28.41 28.84 28.88 28.84 28.81 28.78 28.75 28.69 28.66 28.62 28.59 28.53 28.50 28.47 28.28 28.12 28.03 27.88 27.75 27.62 27.50 27.34 27.16 26.88 26.72 26.53 26.38 26.19 26.09 25.94 25.88 25.75 25.72 25.72 25.72 25.75 25.81 25.84 25.81
33.16 32.91 32.69 32.53 32.38 32.22 32.09 31.97 31.88 31.75 31.66 31.53 31.44 31.31 31.22 31.12 31.00 30.94 30.84 30.78 30.75 30.75 30.78 30.81 30.81 30.66 30.41 30.06 29.62 29.34 28.81 28.50 28.19 28.12 28.19 28.28 28.47 28.44 28.53 28.84 28.81 28.81 28.78 28.75 28.72 28.69 28.62 28.59 28.56 28.53 28.47 28.44 28.41 28.34 28.16 28.03 27.88 27.84 27.72 27.53 27.34 27.09 26.84 26.62 26.44 26.22 26.12 26.06 25.94 25.91 25.81 25.84 25.84 25.88 25.91 25.94 25.91
33.16 32.94 32.75 32.56 32.41 32.25 32.12 32.00 31.88 31.75 31.62 31.53 31.41 31.28 31.19 31.09 30.97 30.91 30.81 30.78 30.75 30.78 30.81 30.78 30.69 30.50 30.19 29.84 29.38 28.91 28.62 28.44 28.25 28.31 28.59 28.66 28.81 28.66 28.62 28.78 28.81 28.78 28.75 28.72 28.69 28.66 28.62 28.56 28.53 28.50 28.44 28.41 28.38 28.34 28.28 28.19 28.03 27.97 27.84 27.69 27.47 27.19 26.91 26.72 26.50 26.34 26.25 26.16 26.06 26.00 25.94 25.94 25.94 25.94 25.97 25.97 25.94
33.22 33.00 32.81 32.62 32.47 32.31 32.16 32.00 31.88 31.75 31.62 31.50 31.41 31.28 31.16 31.06 30.94 30.88 30.78 30.72 30.72 30.72 30.72 30.62 30.50 30.25 29.88 29.50 28.97 28.69 28.44 28.34 28.34 28.44 28.69 29.00 28.97 28.72 28.72 28.81 28.88 28.88 28.84 28.78 28.66 28.62 28.59 28.56 28.50 28.47 28.44 28.38 28.34 28.31 28.25 28.22 28.19 28.06 27.91 27.75 27.47 27.22 26.97 26.81 26.59 26.47 26.34 26.22 26.19 26.16 26.09 26.09 26.03 26.03 26.03 26.03 25.97
33.25 33.06 32.88 32.69 32.50 32.34 32.19 32.03 31.91 31.75 31.62 31.50 31.38 31.28 31.16 31.03 30.94 30.81 30.75 30.69 30.66 30.59 30.53 30.47 30.31 30.06 29.59 29.09 28.88 28.72 28.56 28.59 28.84 29.00 28.97 28.84 28.75 28.69 28.78 28.91 28.97 28.97 28.97 28.94 28.91 28.72 28.56 28.53 28.50 28.44 28.41 28.38 28.31 28.28 28.25 28.19 28.16 28.12 28.06 27.78 27.53 27.25 27.06 26.88 26.72 26.59 26.47 26.38 26.31 26.28 26.28 26.28 26.22 26.19 26.12 26.06 25.97
33.31 33.09 32.91 32.75 32.56 32.38 32.22 32.06 31.91 31.78 31.66 31.50 31.38 31.25 31.12 31.03 30.91 30.78 30.69 30.59 30.50 30.41 30.38 30.31 30.16 29.84 29.25 28.94 28.84 28.72 28.78 28.91 29.25 29.22 29.03 28.75 28.78 28.78 28.84 28.97 29.03 29.09 29.09 29.06 29.06 29.00 28.91 28.56 28.47 28.41 28.38 28.34 28.28 28.25 28.22 28.16 28.12 28.09 28.06 28.00 27.78 27.34 27.16 26.97 26.84 26.69 26.56 26.53 26.47 26.41 26.38 26.41 26.38 26.31 26.22 26.06 25.97
33.34 33.16 32.97 32.78 32.59 32.44 32.25 32.09 31.94 31.81 31.66 31.53 31.41 31.28 31.12 31.00 30.88 30.75 30.59 30.47 30.34 30.28 30.22 30.00 29.88 29.47 29.00 29.06 28.91 28.97 29.16 29.22 29.31 29.28 29.06 28.91 28.88 28.88 28.94 29.06 29.12 29.19 29.19 29.22 29.19 29.19 29.16 29.12 28.84 28.41 28.34 28.31 28.28 28.22 28.19 28.16 28.09 28.06 28.03 27.97 27.94 27.88 27.47 27.06 26.94 26.81 26.72 26.66 26.59 26.53 26.53 26.53 26.50 26.44 26.31 26.12 26.03
33.41 33.19 33.00 32.84 32.66 32.47 32.31 32.12 31.97 31.81 31.69 31.56 31.44 31.28 31.16 31.00 30.84 30.66 30.50 30.31 30.22 30.09 29.94 29.69 29.47 29.03 29.25 29.22 29.31 29.53 29.44 29.38 29.12 29.09 29.06 29.03 29.00 29.00 29.06 29.16 29.22 29.28 29.31 29.31 29.31 29.31 29.31 29.31 29.28 29.25 28.66 28.28 28.25 28.22 28.16 28.12 28.09 28.03 28.00 27.97 27.91 27.88 27.84 27.72 27.19 26.94 26.84 26.78 26.72 26.66 26.69 26.69 26.62 26.53 26.41 26.28 26.12
33.44 33.25 33.06 32.88 32.72 32.53 32.34 32.19 32.03 31.88 31.72 31.59 31.47 31.34 31.19 31.00 30.81 30.56 30.34 30.16 30.03 29.84 29.59 29.38 29.31 29.41 29.47 29.53 29.59 29.75 29.69 29.44 29.28 29.25 29.22 29.16 29.12 29.09 29.16 29.25 29.31 29.34 29.41 29.41 29.44 29.44 29.47 29.47 29.47 29.44 29.41 29.16 28.38 28.19 28.12 28.09 28.06 28.00 27.97 27.94 27.88 27.84 27.81 27.75 27.72 27.53 27.00 26.91 26.88 26.84 26.81 26.81 26.72 26.66 26.53 26.38 26.25
33.44 33.28 33.12 32.94 32.78 32.59 32.41 32.25 32.06 31.94 31.78 31.66 31.53 31.41 31.25 31.00 30.75 30.47 30.25 30.06 29.78 29.56 29.41 29.34 29.38 29.66 29.84 30.00 29.84 29.75 29.59 29.50 29.47 29.41 29.34 29.28 29.22 29.19 29.25 29.34 29.38 29.44 29.47 29.50 29.53 29.56 29.59 29.59 29.59 29.59 29.59 29.53 29.34 28.78 28.12 28.06 28.03 28.00 27.94 27.91 27.88 27.81 27.78 27.75 27.69 27.66 27.62 27.38 27.03 26.97 26.97 26.94 26.88 26.78 26.66 26.50 26.38
33.50 33.34 33.19 33.00 32.84 32.66 32.47 32.31 32.16 32.00 31.88 31.75 31.62 31.50 31.28 31.00 30.69 30.38 30.19 29.88 29.53 29.41 29.41 29.53 29.75 30.00 30.19 30.09 29.84 29.75 29.72 29.69 29.62 29.56 29.47 29.41 29.34 29.31 29.34 29.41 29.47 29.50 29.56 29.59 29.62 29.66 29.69 29.72 29.72 29.72 29.72 29.69 29.59 29.34 29.06 28.34 28.00 27.97 27.94 27.88 27.84 27.81 27.75 27.72 27.69 27.62 27.59 27.53 27.50 27.25 27.09 27.09 27.00 26.91 26.78 26.66 26.53
33.56 33.41 33.25 33.09 32.91 32.75 32.56 32.41 32.25 32.12 32.00 31.91 31.75 31.59 31.38 31.03 30.69 30.34 30.03 29.75 29.50 29.44 29.62 29.84 30.00 30.22 30.19 30.12 30.00 29.91 29.88 29.84 29.75 29.66 29.59 29.50 29.47 29.44 29.44 29.50 29.53 29.59 29.62 29.69 29.72 29.75 29.78 29.81 29.81 29.81 29.78 29.75 29.66 29.53 29.28 29.03 28.72 28.06 27.91 27.88 27.81 27.78 27.72 27.69 27.66 27.59 27.56 27.53 27.47 27.44 27.38 27.25 27.12 27.03 26.94 26.78 26.62
33.62 33.50 33.34 33.19 33.00 32.84 32.66 32.50 32.38 32.22 32.12 31.97 31.81 31.62 31.38 31.03 30.62 30.28 29.94 29.66 29.56 29.69 30.00 30.19 30.31 30.19 30.09 30.09 30.09 30.06 30.00 29.94 29.88 29.78 29.72 29.66 29.59 29.56 29.53 29.56 29.62 29.66 29.72 29.75 29.78 29.84 29.84 29.88 29.88 29.88 29.84 29.78 29.69 29.56 29.41 29.19 29.00 28.78 28.34 27.84 27.78 27.75 27.72 27.66 27.62 27.59 27.53 27.50 27.47 27.41 27.38 27.31 27.28 27.19 27.06 26.91 26.81
33.75 33.62 33.47 33.28 33.12 32.94 32.75 32.62 32.47 32.31 32.16 32.00 31.78 31.59 31.34 30.94 30.50 30.25 29.94 29.91 29.91 30.25 30.38 30.50 30.19 30.19 30.22 30.25 30.22 30.16 30.09 30.03 29.97 29.91 29.84 29.78 29.72 29.69 29.66 29.69 29.72 29.75 29.78 29.84 29.88 29.91 29.91 29.94 29.94 29.94 29.91 29.81 29.72 29.56 29.41 29.25 29.09 28.91 28.75 28.56 28.06 27.72 27.69 27.66 27.59 27.56 27.53 27.47 27.44 27.38 27.34 27.31 27.25 27.22 27.16 27.09 27.00
33.91 33.78 33.62 33.41 33.22 33.03 32.88 32.72 32.56 32.38 32.19 32.00 31.81 31.59 31.34 30.91 30.53 30.31 30.19 30.22 30.34 30.59 30.72 30.53 30.38 30.41 30.41 30.38 30.31 30.28 30.22 30.19 30.12 30.06 30.00 29.94 29.88 29.81 29.78 29.78 29.81 29.84 29.88 29.91 29.94 29.97 30.00 30.00 30.00 29.97 29.94 29.88 29.75 29.62 29.47 29.28 29.12 29.00 28.84 28.69 28.56 28.38 27.88 27.62 27.56 27.53 27.50 27.44 27.41 27.38 27.31 27.28 27.25 27.19 27.12 27.09 27.03
34.12 33.97 33.78 33.56 33.34 33.16 32.97 32.78 32.59 32.41 32.19 31.97 31.84 31.59 31.31 30.88 30.62 30.47 30.56 30.69 30.72 30.72 30.62 30.59 30.59 30.59 30.53 30.50 30.47 30.41 30.38 30.31 30.28 30.22 30.16 30.09 30.03 29.97 29.94 29.91 29.94 29.94 29.97 30.00 30.03 30.03 30.06 30.06 30.03 30.00 29.97 29.91 29.81 29.66 29.50 29.38 29.22 29.09 28.97 28.84 28.72 28.62 28.53 28.31 27.72 27.50 27.47 27.44 27.38 27.34 27.31 27.25 27.22 27.16 27.12 27.06 27.03
34.38 34.19 33.94 33.69 33.47 33.25 33.03 32.84 32.62 32.38 32.19 32.00 31.88 31.59 31.25 30.88 30.75 30.91 30.94 30.94 30.88 30.78 30.78 30.84 30.81 30.75 30.69 30.66 30.62 30.59 30.53 30.50 30.44 30.38 30.31 30.25 30.19 30.12 30.09 30.06 30.06 30.06 30.06 30.09 30.12 30.12 30.12 30.12 30.09 30.09 30.03 29.97 29.88 29.72 29.56 29.44 29.28 29.16 29.06 28.97 28.88 28.81 28.75 28.72 28.66 28.34 27.53 27.41 27.38 27.31 27.28 27.25 27.19 27.16 27.09 27.06 27.00
34.62 34.41 34.12 33.84 33.59 33.34 33.09 32.84 32.56 32.34 32.19 32.03 31.78 31.53 31.22 31.09 31.06 31.09 31.19 31.12 31.03 31.00 31.03 31.06 31.00 30.91 30.88 30.84 30.78 30.75 30.72 30.66 30.62 30.56 30.50 30.44 30.38 30.31 30.25 30.22 30.19 30.19 30.19 30.22 30.22 30.22 30.22 30.19 30.19 30.16 30.12 30.03 29.94 29.81 29.66 29.50 29.38 29.25 29.16 29.09 29.03 29.00 28.97 28.94 28.94 28.94 28.91 28.25 27.38 27.31 27.25 27.22 27.19 27.12 27.09 27.03 26.97
34.81 34.59 34.28 34.00 33.69 33.41 33.12 32.81 32.53 32.31 32.19 32.00 31.75 31.44 31.31 31.38 31.50 31.38 31.22 31.19 31.22 31.25 31.25 31.22 31.16 31.09 31.06 31.00 30.97 30.94 30.88 30.84 30.78 30.75 30.69 30.62 30.56 30.47 30.44 30.38 30.34 30.34 30.31 30.31 30.31 30.31 30.31 30.31 30.28 30.25 30.19 30.12 30.00 29.91 29.72 29.56 29.44 29.31 29.25 29.19 29.16 29.16 29.16 29.16 29.12 29.12 29.12 29.09 29.03 28.16 27.25 27.19 27.16 27.12 27.06 27.00 26.97
34.97 34.78 34.44 34.12 33.78 33.44 33.09 32.75 32.47 32.31 32.22 31.97 31.66 31.44 31.53 31.66 31.69 31.59 31.44 31.44 31.47 31.47 31.47 31.41 31.31 31.28 31.22 31.19 31.16 31.12 31.06 31.03 30.97 30.94 30.88 30.81 30.75 30.66 30.59 30.56 30.50 30.50 30.47 30.44 30.44 30.44 30.41 30.41 30.41 30.34 30.28 30.19 30.09 29.97 29.81 29.62 29.50 29.41 29.31 29.28 29.28 29.28 29.28 29.31 29.28 29.28 29.28 29.25 29.19 29.12 29.03 28.12 27.28 27.09 27.03 27.00 26.94
35.03 34.88 34.56 34.19 33.81 33.44 33.06 32.69 32.47 32.38 32.16 31.84 31.56 31.62 31.78 31.84 31.84 31.78 31.69 31.72 31.72 31.75 31.66 31.56 31.50 31.44 31.41 31.38 31.34 31.31 31.25 31.22 31.19 31.12 31.06 31.00 30.94 30.84 30.78 30.72 30.66 30.66 30.62 30.56 30.56 30.53 30.53 30.50 30.47 30.44 30.34 30.25 30.16 30.03 29.88 29.72 29.59 29.50 29.41 29.38 29.38 29.38 29.41 29.41 29.41 29.41 29.38 29.34 29.31 29.25 29.19 29.09 29.00 28.62 27.66 27.00 26.94
35.00 34.84 34.56 34.19 33.81 33.41 33.00 32.62 32.41 32.22 32.03 31.69 31.56 31.78 31.94 32.00 31.94 31.94 31.94 31.94 31.97 31.91 31.81 31.75 31.69 31.62 31.59 31.56 31.53 31.50 31.44 31.41 31.38 31.31 31.25 31.19 31.12 31.03 30.97 30.91 30.84 30.81 30.78 30.72 30.69 30.66 30.62 30.59 30.56 30.50 30.41 30.31 30.22 30.09 29.94 29.81 29.69 29.59 29.53 29.50 29.47 29.47 29.47 29.47 29.47 29.44 29.44 29.41 29.38 29.34 29.31 29.25 29.19 29.09 28.97 28.88 28.31
34.97 34.78 34.50 34.16 33.75 33.31 32.97 32.66 32.31 31.97 31.75 31.66 31.72 31.88 32.00 32.06 32.09 32.12 32.16 32.19 32.19 32.09 32.00 31.94 31.88 31.81 31.78 31.75 31.72 31.69 31.66 31.59 31.56 31.50 31.44 31.38 31.31 31.22 31.12 31.06 31.00 30.94 30.91 30.88 30.81 30.75 30.72 30.66 30.62 30.56 30.47 30.38 30.28 30.16 30.03 29.91 29.81 29.69 29.62 29.59 29.53 29.53 29.53 29.50 29.50 29.50 29.50 29.47 29.47 29.44 29.44 29.41 29.38 29.31 29.22 29.16 29.09
34.91 34.72 34.44 34.06 33.66 33.22 32.91 32.53 32.16 31.81 31.75 31.75 31.84 31.97 32.09 32.19 32.28 32.34 32.38 32.41 32.38 32.28 32.22 32.16 32.09 32.03 32.00 31.97 31.91 31.88 31.84 31.78 31.75 31.69 31.62 31.56 31.50 31.41 31.31 31.22 31.16 31.09 31.06 30.97 30.91 30.84 30.81 30.75 30.69 30.62 30.53 30.44 30.34 30.22 30.12 30.03 29.91 29.81 29.72 29.69 29.62 29.59 29.56 29.56 29.53 29.53 29.53 29.53 29.53 29.53 29.53 29.53 29.53 29.50 29.47 29.41 29.34
