everonasctiles/Tile20,16.asc
ncols 128
nrows 128
xllcorner 0
yllcorner 0
cellsize 2.0
NODATA_value  -9999
[rows 0 to 33 of 128, columns 0 to 76 of 128]
92.09 92.38 92.59 92.69 92.72 92.81 92.97 93.09 93.25 93.31 93.38 93.44 93.50 93.56 93.75 93.94 94.16 94.38 94.59 94.78 94.75 94.91 95.19 95.47 95.75 96.19 96.56 96.81 97.03 97.25 97.47 97.75 97.97 98.22 98.53 98.69 98.88 99.28 99.47 99.62 99.81 99.91 100.03 100.19 100.22 100.19 100.12 100.03 99.91 99.94 99.94 100.03 100.09 100.19 100.28 100.41 100.47 100.56 100.69 100.78 100.84 100.84 100.91 100.91 100.88 100.81 100.72 100.75 100.78 100.81 100.88 101.03 101.22 101.44 101.59 101.78 101.97
91.53 91.72 91.91 92.00 92.06 92.25 92.25 92.34 92.47 92.53 92.59 92.69 92.78 92.94 93.16 93.38 93.62 93.84 94.06 94.12 94.19 94.41 94.66 94.94 95.31 95.81 96.12 96.38 96.62 96.84 97.06 97.31 97.56 97.78 98.03 98.19 98.38 98.69 98.84 99.09 99.22 99.44 99.59 99.72 99.75 99.75 99.69 99.59 99.50 99.50 99.50 99.62 99.69 99.75 99.84 99.94 100.06 100.19 100.25 100.34 100.44 100.47 100.53 100.53 100.50 100.44 100.38 100.41 100.41 100.44 100.50 100.62 100.72 100.94 101.09 101.25 101.38
90.91 91.09 91.31 91.34 91.25 91.34 91.41 91.53 91.62 91.75 91.84 92.00 92.12 92.34 92.59 92.81 93.06 93.31 93.41 93.53 93.66 93.91 94.19 94.50 95.00 95.44 95.72 96.00 96.22 96.47 96.69 96.94 97.12 97.34 97.56 97.72 97.91 98.12 98.25 98.44 98.72 98.91 99.00 99.19 99.22 99.22 99.19 99.12 99.06 99.00 99.06 99.19 99.25 99.31 99.44 99.56 99.62 99.78 99.84 99.91 100.03 100.06 100.12 100.12 100.12 100.09 100.06 100.03 100.06 100.06 100.12 100.25 100.34 100.44 100.59 100.72 100.81
90.25 90.38 90.41 90.47 90.47 90.59 90.69 90.78 90.91 91.03 91.16 91.31 91.53 91.78 92.00 92.25 92.50 92.72 92.75 92.88 93.16 93.47 93.75 94.22 94.72 95.03 95.34 95.62 95.88 96.09 96.31 96.59 96.78 96.97 97.16 97.31 97.44 97.62 97.75 98.00 98.19 98.31 98.44 98.53 98.62 98.62 98.62 98.59 98.59 98.53 98.62 98.75 98.81 98.91 99.00 99.16 99.25 99.38 99.44 99.56 99.59 99.66 99.72 99.72 99.72 99.72 99.72 99.69 99.72 99.72 99.78 99.84 99.94 100.00 100.06 100.19 100.25
89.38 89.50 89.53 89.66 89.69 89.81 89.88 90.03 90.09 90.28 90.47 90.66 90.91 91.19 91.53 91.81 92.34 92.16 92.16 92.38 92.66 93.06 93.34 94.31 94.34 94.66 94.97 95.25 95.56 95.81 96.03 96.28 96.50 96.66 96.81 96.94 97.06 97.19 97.25 97.47 97.59 97.66 97.78 97.91 97.97 98.00 98.09 98.09 98.03 98.03 98.16 98.28 98.34 98.47 98.59 98.69 98.81 98.94 99.00 99.12 99.16 99.22 99.31 99.34 99.31 99.38 99.34 99.38 99.38 99.34 99.41 99.44 99.50 99.56 99.59 99.66 99.69
88.59 88.75 88.75 88.91 88.97 89.06 89.16 89.28 89.31 89.50 89.78 90.03 90.31 90.56 91.06 91.50 91.62 91.53 91.53 91.78 92.19 92.72 93.09 93.88 93.94 94.28 94.62 94.97 95.25 95.56 95.84 96.06 96.28 96.41 96.53 96.59 96.72 96.81 96.84 96.97 97.06 97.12 97.22 97.28 97.38 97.41 97.47 97.53 97.47 97.59 97.69 97.81 97.94 98.03 98.19 98.31 98.41 98.53 98.59 98.69 98.75 98.81 98.88 98.91 98.94 99.03 99.03 99.06 99.06 99.00 99.03 99.06 99.09 99.12 99.16 99.19 99.16
87.81 87.88 88.00 88.12 88.22 88.31 88.38 88.53 88.66 88.88 89.16 89.44 89.72 89.97 90.47 90.75 90.69 90.66 90.91 91.28 91.69 92.28 93.25 93.75 93.56 93.94 94.31 94.66 95.03 95.38 95.69 95.91 96.12 96.25 96.31 96.31 96.38 96.44 96.41 96.47 96.53 96.59 96.66 96.72 96.78 96.81 96.84 96.97 96.94 97.09 97.25 97.31 97.47 97.59 97.72 97.84 97.97 98.09 98.16 98.25 98.31 98.41 98.47 98.53 98.62 98.69 98.72 98.75 98.72 98.66 98.66 98.66 98.66 98.62 98.62 98.66 98.59
86.97 87.06 87.19 87.34 87.47 87.50 87.59 87.81 88.00 88.34 88.53 88.84 89.09 89.41 89.94 89.97 89.88 89.91 90.25 90.75 91.28 92.00 92.44 92.81 93.19 93.59 94.00 94.41 94.84 95.19 95.53 95.78 95.94 96.09 96.12 96.16 96.09 96.06 96.06 96.03 96.03 96.06 96.09 96.12 96.22 96.25 96.28 96.44 96.41 96.59 96.78 96.88 97.00 97.12 97.28 97.41 97.47 97.62 97.69 97.78 97.88 97.97 98.06 98.19 98.31 98.41 98.44 98.44 98.41 98.34 98.31 98.25 98.25 98.19 98.16 98.16 98.09
86.19 86.28 86.41 86.56 86.62 86.78 86.91 87.16 87.38 87.62 87.91 88.22 88.50 88.81 89.09 88.94 88.88 89.25 89.72 90.19 91.00 91.62 92.06 92.47 92.88 93.28 93.72 94.19 94.59 94.97 95.28 95.53 95.72 95.81 95.88 95.88 95.81 95.75 95.62 95.62 95.59 95.56 95.56 95.62 95.62 95.62 95.72 95.84 95.84 96.09 96.25 96.38 96.53 96.66 96.78 96.88 97.00 97.09 97.19 97.31 97.44 97.53 97.69 97.84 98.03 98.16 98.25 98.25 98.22 98.12 98.00 97.94 97.84 97.78 97.72 97.66 97.59
85.38 85.47 85.66 85.75 85.78 86.06 86.28 86.50 86.78 87.03 87.31 87.62 87.91 88.22 88.38 88.09 88.31 88.66 89.12 89.78 90.72 91.22 91.66 92.12 92.56 93.00 93.44 93.88 94.28 94.66 94.97 95.19 95.34 95.44 95.47 95.47 95.47 95.38 95.25 95.16 95.12 95.12 95.12 95.12 95.12 95.16 95.22 95.22 95.31 95.56 95.72 95.84 96.00 96.16 96.22 96.34 96.47 96.56 96.75 96.88 97.00 97.12 97.38 97.50 97.81 97.97 98.03 98.06 98.00 97.91 97.72 97.62 97.47 97.38 97.25 97.16 97.09
84.56 84.66 84.81 85.00 85.12 85.41 85.62 85.91 86.19 86.44 86.75 87.03 87.34 87.62 87.53 87.53 87.78 88.19 88.66 89.56 90.34 90.81 91.28 91.81 92.25 92.69 93.06 93.47 93.84 94.22 94.47 94.69 94.84 94.94 95.00 95.00 95.00 94.97 94.91 94.78 94.69 94.66 94.62 94.62 94.66 94.56 94.69 94.72 94.75 95.03 95.19 95.31 95.47 95.62 95.72 95.81 95.94 96.06 96.22 96.38 96.50 96.72 96.94 97.28 97.53 97.69 97.75 97.78 97.75 97.66 97.50 97.25 97.19 97.00 96.84 96.69 96.59
83.84 83.91 84.06 84.28 84.50 84.78 85.06 85.31 85.62 85.88 86.19 86.47 86.72 86.69 86.53 86.81 87.19 87.69 88.34 89.34 89.88 90.34 90.88 91.41 91.91 92.28 92.66 93.00 93.34 93.62 93.84 94.03 94.19 94.28 94.34 94.44 94.41 94.41 94.41 94.38 94.28 94.25 94.22 94.19 94.19 94.25 94.16 94.19 94.25 94.50 94.62 94.75 94.91 95.03 95.16 95.31 95.41 95.53 95.69 95.84 96.00 96.28 96.59 96.91 97.19 97.34 97.41 97.41 97.38 97.28 97.16 96.91 96.72 96.62 96.41 96.25 96.06
83.09 83.22 83.44 83.69 83.94 84.25 84.50 84.78 85.06 85.31 85.62 85.91 85.97 85.75 85.84 86.09 86.62 87.38 88.19 88.78 89.34 89.88 90.44 90.94 91.44 91.84 92.16 92.41 92.66 92.91 93.00 93.19 93.41 93.50 93.62 93.78 93.75 93.81 93.88 93.91 93.91 93.88 93.75 93.72 93.72 93.69 93.66 93.66 93.72 93.91 94.03 94.22 94.34 94.47 94.62 94.75 94.84 95.06 95.22 95.28 95.53 95.84 96.16 96.44 96.66 96.84 96.91 96.91 96.88 96.78 96.66 96.47 96.22 96.09 95.94 95.75 95.59
82.38 82.59 82.84 83.12 83.44 83.69 83.97 84.25 84.53 84.78 85.06 85.44 85.06 84.94 85.31 85.66 86.09 87.03 87.81 88.28 88.72 89.41 89.94 90.50 90.91 91.25 91.50 91.69 91.91 92.09 92.19 92.34 92.56 92.62 92.88 92.97 93.06 93.19 93.31 93.38 93.44 93.38 93.28 93.22 93.19 93.22 93.12 93.16 93.22 93.38 93.50 93.66 93.75 93.94 94.06 94.22 94.38 94.53 94.69 94.75 95.09 95.34 95.66 95.88 96.09 96.25 96.31 96.31 96.31 96.22 96.09 95.91 95.66 95.56 95.38 95.22 95.00
81.81 82.09 82.34 82.62 82.91 83.19 83.47 83.72 84.00 84.25 84.53 84.72 84.25 84.16 84.50 85.06 85.78 86.72 87.28 87.69 88.25 88.81 89.41 89.94 90.34 90.59 90.78 90.91 91.06 91.28 91.44 91.47 91.72 91.75 91.91 92.16 92.31 92.50 92.66 92.75 92.81 92.78 92.78 92.66 92.66 92.66 92.62 92.62 92.75 92.91 93.00 93.12 93.25 93.41 93.53 93.72 93.84 94.00 94.12 94.31 94.53 94.84 95.09 95.28 95.50 95.62 95.69 95.69 95.69 95.59 95.50 95.34 95.16 94.94 94.81 94.62 94.44
81.28 81.59 81.88 82.19 82.41 82.69 82.97 83.25 83.47 83.72 83.88 83.88 83.56 83.56 83.88 84.47 85.56 86.25 86.69 87.12 87.62 88.19 88.78 89.31 89.69 89.91 90.12 90.19 90.31 90.50 90.62 90.75 90.94 91.00 91.22 91.41 91.47 91.78 91.91 92.06 92.09 92.16 92.16 92.09 92.09 92.12 92.06 92.16 92.16 92.38 92.47 92.59 92.72 92.88 93.00 93.16 93.31 93.44 93.53 93.81 94.06 94.28 94.47 94.69 94.84 94.97 95.03 95.03 95.00 94.97 94.84 94.72 94.59 94.34 94.19 94.03 93.88
80.81 81.09 81.44 81.69 81.94 82.22 82.50 82.78 83.00 83.25 83.25 82.94 82.91 83.16 83.59 84.12 85.19 85.59 86.00 86.41 86.97 87.53 88.12 88.59 88.91 89.22 89.38 89.53 89.62 89.84 89.91 90.09 90.22 90.25 90.50 90.69 90.84 91.00 91.12 91.25 91.34 91.38 91.44 91.44 91.47 91.53 91.56 91.56 91.72 91.88 91.94 92.06 92.16 92.34 92.47 92.62 92.75 92.84 93.00 93.31 93.50 93.72 93.88 94.03 94.19 94.31 94.34 94.38 94.34 94.31 94.22 94.09 93.97 93.81 93.59 93.44 93.28
80.34 80.66 80.97 81.19 81.53 81.78 82.06 82.28 82.53 82.75 82.69 82.28 82.22 82.50 82.97 83.75 84.44 84.78 85.16 85.66 86.19 86.72 87.34 87.78 88.19 88.44 88.69 88.84 89.00 89.22 89.31 89.44 89.47 89.62 89.75 89.97 90.16 90.25 90.34 90.53 90.59 90.66 90.72 90.78 90.91 90.91 90.94 91.06 91.22 91.31 91.41 91.50 91.62 91.78 91.91 92.06 92.19 92.25 92.53 92.75 92.91 93.06 93.22 93.38 93.53 93.59 93.66 93.69 93.66 93.66 93.56 93.44 93.31 93.19 93.00 92.78 92.66
79.91 80.22 80.50 80.78 81.06 81.34 81.56 81.81 82.00 82.28 81.94 81.66 81.56 81.78 82.28 83.25 83.62 83.94 84.41 84.94 85.41 85.94 86.44 87.00 87.38 87.72 87.97 88.16 88.41 88.56 88.69 88.72 88.84 88.91 89.06 89.25 89.44 89.53 89.66 89.78 89.84 89.97 90.03 90.12 90.25 90.31 90.41 90.44 90.62 90.78 90.84 90.97 91.06 91.25 91.34 91.47 91.56 91.72 91.97 92.12 92.31 92.44 92.56 92.72 92.84 92.94 92.97 93.00 93.00 92.94 92.91 92.75 92.62 92.53 92.34 92.16 92.03
79.50 79.78 80.09 80.34 80.62 80.91 81.09 81.31 81.53 81.62 81.09 80.72 80.66 80.97 81.59 82.84 82.91 83.06 83.56 84.06 84.59 85.06 85.62 86.06 86.56 86.88 87.22 87.50 87.72 87.91 87.97 88.06 88.16 88.22 88.38 88.53 88.62 88.81 88.91 89.03 89.16 89.28 89.38 89.53 89.62 89.75 89.78 89.94 90.03 90.22 90.28 90.41 90.53 90.69 90.78 90.91 90.97 91.19 91.34 91.53 91.66 91.81 91.94 92.09 92.16 92.25 92.28 92.31 92.31 92.25 92.22 92.09 91.97 91.88 91.72 91.53 91.41
79.06 79.38 79.66 79.94 80.22 80.44 80.62 80.84 81.03 81.00 80.22 79.94 79.97 80.25 81.03 82.00 82.16 82.41 82.72 83.25 83.72 84.25 84.78 85.19 85.62 86.06 86.47 86.78 87.03 87.25 87.31 87.41 87.47 87.53 87.72 87.84 87.91 88.09 88.19 88.31 88.50 88.62 88.75 88.88 89.03 89.09 89.22 89.31 89.53 89.62 89.72 89.81 89.97 90.09 90.19 90.28 90.41 90.59 90.75 90.91 91.03 91.19 91.28 91.38 91.47 91.56 91.59 91.62 91.59 91.56 91.50 91.41 91.31 91.22 91.06 90.91 90.72
78.66 78.91 79.25 79.50 79.75 79.97 80.16 80.34 80.47 80.34 79.50 79.28 79.34 79.59 80.12 81.25 81.44 81.47 81.88 82.38 82.78 83.31 83.81 84.28 84.69 85.22 85.66 86.03 86.28 86.53 86.66 86.78 86.84 86.88 87.03 87.16 87.22 87.44 87.53 87.66 87.84 87.94 88.16 88.28 88.41 88.47 88.62 88.81 88.94 89.03 89.09 89.22 89.38 89.50 89.59 89.66 89.84 89.97 90.12 90.25 90.41 90.53 90.56 90.72 90.78 90.84 90.91 90.91 90.91 90.88 90.81 90.75 90.62 90.53 90.38 90.25 90.06
78.19 78.50 78.81 79.03 79.28 79.50 79.69 79.81 79.91 79.66 79.00 78.72 78.78 79.06 79.78 80.50 80.75 81.00 81.09 81.41 81.81 82.25 82.72 83.22 83.78 84.31 84.75 85.16 85.53 85.78 86.03 86.12 86.19 86.25 86.41 86.50 86.56 86.78 86.91 87.03 87.22 87.34 87.50 87.62 87.75 87.84 88.03 88.25 88.31 88.41 88.53 88.66 88.78 88.88 89.03 89.06 89.19 89.34 89.53 89.62 89.75 89.84 89.94 90.03 90.09 90.16 90.19 90.22 90.22 90.16 90.12 90.03 89.94 89.81 89.69 89.53 89.44
77.72 78.03 78.31 78.56 78.78 79.00 79.16 79.31 79.41 79.03 78.62 78.34 78.31 78.69 79.47 80.09 80.41 80.34 80.25 80.38 80.78 81.16 81.62 82.03 82.72 83.28 83.78 84.28 84.66 85.00 85.28 85.41 85.59 85.62 85.78 85.91 85.97 86.12 86.31 86.41 86.59 86.72 86.84 87.06 87.12 87.28 87.47 87.62 87.66 87.81 87.91 88.06 88.19 88.28 88.38 88.47 88.56 88.72 88.81 88.97 89.03 89.19 89.25 89.34 89.41 89.44 89.47 89.50 89.50 89.47 89.41 89.34 89.25 89.12 89.00 88.88 88.72
77.28 77.59 77.81 78.09 78.28 78.47 78.66 78.75 78.88 78.44 78.12 77.97 78.06 78.47 79.22 79.59 79.62 79.38 79.38 79.47 79.75 80.09 80.53 80.97 81.62 82.19 82.78 83.34 83.81 84.16 84.44 84.72 84.91 85.00 85.16 85.28 85.38 85.53 85.72 85.84 85.97 86.16 86.25 86.44 86.47 86.72 86.84 87.00 87.06 87.22 87.28 87.47 87.56 87.66 87.72 87.81 87.94 88.03 88.19 88.31 88.41 88.47 88.56 88.62 88.69 88.75 88.75 88.78 88.75 88.75 88.69 88.62 88.53 88.44 88.28 88.19 88.03
76.84 77.12 77.31 77.62 77.81 77.97 78.12 78.25 78.28 77.84 77.53 77.41 77.53 77.97 79.06 78.97 78.84 78.72 78.69 78.75 78.91 79.09 79.50 79.97 80.59 81.22 81.81 82.44 82.94 83.31 83.62 84.03 84.22 84.44 84.53 84.66 84.81 84.94 85.12 85.25 85.41 85.50 85.69 85.75 85.94 86.12 86.25 86.38 86.47 86.56 86.69 86.84 86.94 87.03 87.09 87.19 87.22 87.44 87.53 87.62 87.72 87.78 87.84 87.91 87.97 88.03 88.03 88.06 88.00 88.00 87.97 87.91 87.81 87.72 87.59 87.47 87.38
76.38 76.66 76.88 77.12 77.28 77.47 77.59 77.72 77.50 77.03 76.69 76.62 76.88 77.44 78.53 78.34 78.22 78.12 78.16 78.22 78.25 78.34 78.59 79.06 79.66 80.28 80.97 81.56 82.06 82.53 82.94 83.28 83.53 83.78 83.91 84.09 84.22 84.38 84.50 84.62 84.78 84.94 85.03 85.16 85.34 85.50 85.62 85.75 85.84 85.97 86.06 86.22 86.31 86.38 86.47 86.50 86.53 86.78 86.84 86.91 87.00 87.03 87.16 87.19 87.25 87.28 87.31 87.28 87.28 87.28 87.19 87.16 87.06 86.97 86.88 86.72 86.66
75.91 76.19 76.41 76.62 76.78 76.94 77.09 77.19 77.06 76.25 75.97 76.03 76.28 76.81 77.44 77.69 77.62 77.62 77.62 77.72 77.75 77.84 78.03 78.31 78.84 79.50 80.19 80.75 81.28 81.81 82.22 82.56 82.84 83.06 83.28 83.44 83.59 83.78 83.88 84.06 84.16 84.34 84.38 84.59 84.72 84.94 84.97 85.12 85.25 85.34 85.47 85.56 85.62 85.75 85.81 85.81 85.91 86.09 86.19 86.22 86.31 86.38 86.44 86.47 86.50 86.56 86.56 86.56 86.53 86.53 86.47 86.38 86.34 86.22 86.12 86.00 85.88
75.38 75.69 75.88 76.06 76.25 76.41 76.56 76.69 76.69 75.62 75.31 75.34 75.72 76.47 77.06 77.34 77.09 77.12 77.16 77.19 77.25 77.31 77.56 77.84 78.25 78.84 79.47 80.06 80.62 81.09 81.50 81.84 82.19 82.41 82.62 82.78 82.97 83.12 83.25 83.41 83.56 83.66 83.75 84.00 84.09 84.28 84.38 84.50 84.59 84.72 84.84 84.94 84.97 85.09 85.12 85.16 85.31 85.41 85.47 85.53 85.59 85.62 85.69 85.75 85.78 85.81 85.81 85.81 85.75 85.75 85.72 85.62 85.53 85.44 85.38 85.25 85.09
74.91 75.22 75.38 75.59 75.75 75.88 76.03 76.28 76.16 75.12 74.91 74.94 75.22 76.25 76.56 76.59 76.62 76.66 76.69 76.75 76.81 76.94 77.09 77.44 77.81 78.28 78.88 79.41 79.97 80.44 80.78 81.19 81.47 81.75 81.91 82.16 82.34 82.50 82.59 82.78 82.91 83.00 83.16 83.38 83.47 83.62 83.75 83.84 83.94 84.09 84.19 84.28 84.31 84.41 84.44 84.50 84.62 84.72 84.75 84.81 84.88 84.94 84.94 85.00 85.00 85.00 85.03 85.03 85.03 84.97 84.94 84.84 84.78 84.69 84.59 84.53 84.34
74.50 74.69 74.84 75.06 75.22 75.31 75.53 75.62 74.78 74.53 74.38 74.50 75.06 75.94 76.03 76.09 76.16 76.22 76.25 76.31 76.41 76.53 76.69 77.06 77.34 77.78 78.31 78.81 79.34 79.72 80.12 80.50 80.78 81.03 81.22 81.47 81.66 81.78 81.97 82.12 82.28 82.34 82.53 82.72 82.78 82.97 83.09 83.19 83.31 83.44 83.56 83.66 83.69 83.72 83.78 83.84 83.94 84.00 84.06 84.12 84.16 84.19 84.19 84.25 84.22 84.28 84.28 84.25 84.19 84.16 84.12 84.06 84.00 83.91 83.81 83.72 83.62
73.97 74.16 74.34 74.50 74.62 74.78 74.97 75.41 74.09 73.84 73.88 74.25 74.94 75.47 75.53 75.56 75.66 75.72 75.78 75.88 75.97 76.12 76.34 76.62 76.94 77.34 77.81 78.28 78.69 79.12 79.47 79.81 80.06 80.31 80.56 80.78 80.94 81.19 81.31 81.47 81.59 81.69 81.91 82.06 82.19 82.34 82.44 82.53 82.66 82.81 82.88 82.97 83.00 83.03 83.12 83.19 83.28 83.31 83.34 83.41 83.38 83.44 83.44 83.47 83.44 83.44 83.47 83.44 83.41 83.34 83.31 83.25 83.16 83.12 83.03 82.91 82.78
73.47 73.62 73.78 73.94 74.06 74.19 74.19 73.94 73.22 73.06 73.22 73.66 74.50 74.91 75.00 75.06 75.12 75.22 75.28 75.41 75.53 75.72 75.94 76.19 76.47 76.84 77.28 77.66 78.06 78.44 78.78 79.06 79.31 79.59 79.81 80.03 80.22 80.44 80.56 80.78 80.91 81.00 81.25 81.34 81.53 81.69 81.75 81.88 82.03 82.16 82.22 82.28 82.34 82.41 82.44 82.53 82.56 82.62 82.66 82.66 82.66 82.69 82.66 82.62 82.66 82.66 82.62 82.62 82.59 82.50 82.47 82.38 82.34 82.25 82.19 82.16 82.00
72.94 73.09 73.22 73.38 73.50 73.81 73.53 72.91 72.28 72.28 72.47 73.16 74.03 74.38 74.44 74.50 74.59 74.69 74.75 74.91 75.06 75.25 75.44 75.72 76.03 76.38 76.69 77.09 77.38 77.78 78.06 78.34 78.56 78.84 79.12 79.28 79.50 79.72 79.81 80.06 80.09 80.31 80.56 80.69 80.84 81.00 81.09 81.19 81.41 81.47 81.53 81.62 81.69 81.72 81.78 81.84 81.81 81.91 81.94 81.91 81.91 81.91 81.88 81.84 81.84 81.81 81.78 81.78 81.72 81.62 81.56 81.53 81.47 81.41 81.34 81.31 81.19
