everonasctiles/Tile26,23.asc
ncols 128
nrows 128
xllcorner 0
yllcorner 0
cellsize 2.0
NODATA_value  -9999
[rows 64 to 95 of 128, columns 0 to 70 of 128]
119.81 119.91 119.97 120.06 120.16 120.22 120.28 120.34 120.41 120.44 120.50 120.53 120.56 120.59 120.62 120.69 120.72 120.78 120.84 120.88 120.94 120.97 121.00 121.06 121.09 121.16 121.19 121.22 121.25 121.28 121.28 121.31 121.34 121.34 121.41 121.41 121.44 121.47 121.53 121.56 121.62 121.66 121.75 121.84 121.97 122.12 122.28 122.41 122.59 122.78 122.97 123.16 123.38 123.59 123.81 124.00 124.16 124.31 124.44 124.50 124.59 124.66 124.75 124.84 124.91 124.94 124.97 124.97 124.94 124.94 124.91
119.62 119.69 119.78 119.88 119.97 120.03 120.09 120.16 120.19 120.25 120.28 120.31 120.34 120.41 120.44 120.50 120.56 120.59 120.66 120.69 120.75 120.78 120.84 120.88 120.94 120.97 121.00 121.06 121.09 121.12 121.12 121.16 121.19 121.19 121.22 121.25 121.25 121.28 121.34 121.38 121.41 121.47 121.56 121.66 121.75 121.91 122.06 122.22 122.41 122.59 122.78 123.00 123.19 123.41 123.66 123.88 124.03 124.16 124.28 124.34 124.44 124.53 124.59 124.66 124.75 124.78 124.81 124.81 124.78 124.75 124.72
119.44 119.53 119.59 119.69 119.75 119.84 119.91 119.97 120.00 120.06 120.09 120.12 120.16 120.22 120.25 120.31 120.38 120.44 120.47 120.53 120.56 120.62 120.69 120.72 120.78 120.81 120.84 120.91 120.94 120.97 121.00 121.00 121.03 121.03 121.03 121.06 121.09 121.12 121.12 121.19 121.22 121.28 121.38 121.44 121.56 121.72 121.84 122.03 122.22 122.41 122.59 122.81 123.03 123.31 123.50 123.72 123.88 124.00 124.09 124.19 124.31 124.38 124.47 124.50 124.56 124.62 124.62 124.62 124.62 124.56 124.56
119.28 119.34 119.44 119.50 119.56 119.66 119.72 119.75 119.81 119.84 119.91 119.94 120.00 120.03 120.09 120.16 120.22 120.25 120.31 120.38 120.44 120.47 120.53 120.56 120.62 120.66 120.69 120.75 120.78 120.81 120.84 120.84 120.88 120.88 120.88 120.91 120.94 120.94 120.97 121.00 121.03 121.09 121.19 121.25 121.38 121.50 121.66 121.81 122.03 122.22 122.44 122.66 122.91 123.12 123.34 123.50 123.66 123.81 123.91 124.03 124.16 124.25 124.31 124.38 124.41 124.44 124.47 124.47 124.44 124.41 124.34
119.09 119.19 119.25 119.31 119.38 119.47 119.53 119.59 119.62 119.69 119.72 119.78 119.81 119.88 119.94 119.97 120.03 120.09 120.16 120.22 120.25 120.31 120.38 120.41 120.47 120.50 120.56 120.59 120.62 120.66 120.69 120.72 120.72 120.72 120.75 120.75 120.75 120.75 120.78 120.81 120.84 120.91 120.97 121.06 121.19 121.28 121.47 121.62 121.84 122.03 122.25 122.47 122.72 122.88 123.12 123.28 123.41 123.59 123.72 123.84 123.97 124.06 124.12 124.19 124.22 124.25 124.25 124.25 124.22 124.19 124.16
118.94 119.00 119.09 119.16 119.22 119.28 119.34 119.38 119.47 119.50 119.53 119.59 119.66 119.72 119.78 119.81 119.88 119.94 120.00 120.06 120.12 120.19 120.22 120.25 120.31 120.38 120.41 120.44 120.47 120.50 120.53 120.56 120.59 120.59 120.59 120.59 120.59 120.59 120.59 120.62 120.66 120.72 120.78 120.88 121.00 121.12 121.25 121.44 121.59 121.84 122.06 122.28 122.50 122.69 122.81 123.03 123.12 123.31 123.50 123.62 123.78 123.88 123.94 124.00 124.03 124.03 124.03 124.03 124.03 124.00 123.94
118.78 118.84 118.91 119.00 119.06 119.09 119.19 119.22 119.28 119.34 119.38 119.44 119.50 119.53 119.59 119.66 119.72 119.81 119.88 119.91 119.97 120.03 120.09 120.12 120.16 120.22 120.25 120.28 120.31 120.38 120.41 120.44 120.47 120.47 120.44 120.44 120.41 120.44 120.44 120.44 120.47 120.53 120.59 120.69 120.78 120.91 121.06 121.22 121.44 121.62 121.84 122.06 122.25 122.41 122.53 122.69 122.81 123.03 123.22 123.38 123.53 123.66 123.72 123.75 123.78 123.81 123.81 123.81 123.78 123.75 123.72
118.62 118.72 118.78 118.84 118.91 118.97 119.00 119.06 119.12 119.19 119.25 119.28 119.34 119.41 119.47 119.53 119.59 119.66 119.72 119.78 119.81 119.91 119.94 120.00 120.03 120.06 120.09 120.12 120.19 120.22 120.25 120.28 120.31 120.31 120.28 120.28 120.25 120.25 120.25 120.25 120.28 120.34 120.41 120.50 120.59 120.72 120.84 121.00 121.19 121.41 121.59 121.78 121.97 122.09 122.22 122.38 122.50 122.69 122.94 123.12 123.28 123.41 123.47 123.50 123.50 123.50 123.56 123.53 123.50 123.53 123.50
118.50 118.56 118.62 118.69 118.75 118.81 118.88 118.91 118.97 119.03 119.09 119.16 119.22 119.25 119.34 119.38 119.44 119.53 119.56 119.62 119.69 119.75 119.81 119.84 119.91 119.94 119.97 120.00 120.03 120.09 120.12 120.16 120.16 120.16 120.12 120.12 120.09 120.06 120.03 120.06 120.12 120.16 120.22 120.31 120.41 120.53 120.66 120.81 120.97 121.16 121.34 121.53 121.69 121.81 121.97 122.09 122.25 122.44 122.62 122.81 123.00 123.09 123.16 123.22 123.22 123.25 123.28 123.28 123.28 123.28 123.28
118.34 118.41 118.50 118.56 118.62 118.69 118.75 118.78 118.84 118.91 118.94 119.00 119.09 119.12 119.19 119.25 119.31 119.38 119.44 119.50 119.56 119.62 119.69 119.72 119.75 119.81 119.81 119.84 119.91 119.94 119.97 120.00 120.00 119.97 119.97 119.94 119.91 119.88 119.88 119.88 119.94 119.97 120.06 120.12 120.25 120.34 120.47 120.62 120.75 120.94 121.12 121.28 121.44 121.56 121.72 121.84 121.97 122.16 122.34 122.50 122.69 122.75 122.84 122.88 122.91 122.97 123.00 123.00 123.03 123.03 123.06
118.22 118.28 118.38 118.44 118.50 118.56 118.62 118.66 118.72 118.75 118.81 118.88 118.94 119.03 119.09 119.12 119.19 119.25 119.28 119.38 119.41 119.47 119.53 119.59 119.62 119.69 119.69 119.72 119.75 119.78 119.81 119.81 119.81 119.78 119.78 119.75 119.69 119.69 119.69 119.72 119.75 119.81 119.88 119.97 120.06 120.16 120.28 120.41 120.56 120.72 120.88 121.03 121.19 121.31 121.44 121.56 121.75 121.91 122.06 122.22 122.38 122.44 122.53 122.59 122.62 122.66 122.72 122.75 122.78 122.84 122.88
118.09 118.19 118.25 118.31 118.38 118.44 118.50 118.53 118.59 118.66 118.69 118.78 118.84 118.91 118.94 119.00 119.06 119.12 119.19 119.25 119.28 119.38 119.41 119.47 119.50 119.53 119.59 119.62 119.62 119.62 119.66 119.66 119.66 119.62 119.59 119.56 119.53 119.53 119.53 119.56 119.59 119.66 119.72 119.81 119.88 119.97 120.09 120.22 120.34 120.50 120.62 120.78 120.94 121.06 121.22 121.38 121.53 121.69 121.84 121.97 122.09 122.16 122.25 122.31 122.34 122.41 122.47 122.50 122.56 122.62 122.66
117.97 118.06 118.12 118.19 118.25 118.31 118.38 118.41 118.47 118.53 118.59 118.66 118.72 118.78 118.81 118.88 118.94 119.00 119.06 119.09 119.16 119.22 119.28 119.34 119.38 119.41 119.47 119.50 119.50 119.50 119.50 119.47 119.47 119.44 119.41 119.38 119.34 119.34 119.38 119.38 119.44 119.50 119.56 119.62 119.72 119.81 119.91 120.03 120.16 120.28 120.41 120.56 120.69 120.84 121.00 121.16 121.31 121.44 121.56 121.72 121.81 121.88 121.97 122.03 122.09 122.16 122.22 122.28 122.34 122.41 122.44
117.88 117.94 118.03 118.09 118.16 118.22 118.25 118.31 118.34 118.41 118.47 118.53 118.59 118.66 118.72 118.75 118.81 118.84 118.91 118.97 119.03 119.09 119.16 119.22 119.25 119.31 119.34 119.38 119.38 119.38 119.34 119.31 119.31 119.25 119.25 119.22 119.19 119.19 119.22 119.25 119.28 119.34 119.41 119.47 119.56 119.66 119.72 119.84 119.97 120.06 120.22 120.34 120.50 120.66 120.81 120.97 121.09 121.25 121.34 121.44 121.56 121.62 121.72 121.78 121.84 121.91 121.97 122.03 122.12 122.16 122.22
117.75 117.84 117.91 117.97 118.06 118.09 118.16 118.19 118.22 118.31 118.34 118.41 118.47 118.53 118.59 118.62 118.69 118.72 118.81 118.84 118.91 118.97 119.03 119.09 119.12 119.19 119.22 119.25 119.25 119.25 119.22 119.19 119.12 119.09 119.09 119.06 119.03 119.03 119.03 119.09 119.12 119.19 119.25 119.31 119.38 119.44 119.53 119.62 119.75 119.84 120.00 120.12 120.31 120.47 120.62 120.75 120.91 121.00 121.12 121.22 121.28 121.38 121.44 121.53 121.59 121.69 121.75 121.81 121.88 121.94 121.97
117.66 117.75 117.81 117.88 117.94 117.97 118.03 118.06 118.12 118.19 118.22 118.28 118.38 118.41 118.47 118.53 118.56 118.62 118.66 118.72 118.78 118.84 118.91 118.94 119.00 119.06 119.09 119.12 119.09 119.09 119.09 119.03 118.97 118.94 118.91 118.91 118.88 118.88 118.91 118.94 118.97 119.03 119.06 119.12 119.19 119.28 119.34 119.44 119.53 119.69 119.78 119.97 120.09 120.25 120.41 120.56 120.69 120.78 120.88 120.97 121.03 121.12 121.22 121.28 121.34 121.44 121.50 121.56 121.62 121.69 121.69
117.56 117.66 117.72 117.78 117.81 117.88 117.94 117.97 118.00 118.06 118.12 118.16 118.22 118.28 118.34 118.38 118.44 118.50 118.53 118.59 118.66 118.72 118.78 118.81 118.88 118.94 118.97 119.00 119.00 118.97 118.94 118.91 118.84 118.81 118.78 118.75 118.75 118.75 118.75 118.78 118.81 118.84 118.91 118.97 119.03 119.09 119.16 119.25 119.34 119.44 119.59 119.75 119.91 120.06 120.22 120.34 120.44 120.56 120.66 120.72 120.81 120.88 120.97 121.03 121.12 121.19 121.25 121.31 121.38 121.41 121.44
117.47 117.53 117.59 117.66 117.72 117.75 117.81 117.84 117.91 117.94 118.00 118.06 118.09 118.16 118.22 118.25 118.31 118.34 118.41 118.47 118.53 118.59 118.66 118.69 118.75 118.81 118.84 118.88 118.88 118.84 118.81 118.75 118.69 118.66 118.62 118.59 118.59 118.59 118.59 118.62 118.66 118.69 118.75 118.78 118.84 118.91 118.97 119.06 119.12 119.25 119.38 119.53 119.69 119.84 120.00 120.12 120.22 120.31 120.41 120.50 120.59 120.66 120.75 120.81 120.88 120.97 121.00 121.06 121.12 121.12 121.16
117.38 117.44 117.50 117.56 117.59 117.66 117.69 117.75 117.78 117.84 117.88 117.94 117.97 118.03 118.09 118.12 118.19 118.22 118.28 118.31 118.38 118.44 118.50 118.56 118.62 118.66 118.69 118.72 118.72 118.72 118.69 118.59 118.56 118.50 118.47 118.44 118.44 118.44 118.47 118.47 118.50 118.53 118.56 118.62 118.69 118.72 118.81 118.84 118.94 119.03 119.16 119.31 119.47 119.62 119.78 119.88 120.00 120.06 120.16 120.25 120.38 120.44 120.50 120.56 120.62 120.69 120.75 120.81 120.84 120.88 120.84
117.28 117.34 117.38 117.44 117.50 117.53 117.59 117.66 117.69 117.72 117.78 117.81 117.84 117.91 117.94 118.00 118.06 118.09 118.16 118.19 118.22 118.28 118.34 118.44 118.47 118.53 118.56 118.59 118.59 118.59 118.53 118.47 118.41 118.38 118.31 118.31 118.31 118.28 118.31 118.31 118.34 118.38 118.41 118.47 118.50 118.56 118.62 118.69 118.75 118.84 118.94 119.09 119.25 119.38 119.53 119.66 119.72 119.84 119.97 120.06 120.12 120.22 120.28 120.34 120.41 120.44 120.50 120.53 120.56 120.59 120.59
117.19 117.22 117.28 117.34 117.38 117.44 117.47 117.53 117.59 117.62 117.66 117.69 117.75 117.78 117.81 117.88 117.91 117.94 118.00 118.03 118.09 118.16 118.22 118.28 118.34 118.38 118.41 118.44 118.44 118.44 118.41 118.34 118.25 118.22 118.19 118.16 118.12 118.12 118.16 118.16 118.19 118.22 118.22 118.28 118.34 118.38 118.44 118.47 118.53 118.66 118.72 118.88 119.00 119.12 119.28 119.38 119.53 119.62 119.75 119.84 119.94 120.00 120.06 120.12 120.16 120.22 120.25 120.28 120.34 120.34 120.38
117.06 117.12 117.16 117.19 117.28 117.31 117.38 117.44 117.47 117.53 117.56 117.59 117.62 117.66 117.69 117.72 117.75 117.81 117.84 117.88 117.94 118.00 118.00 118.09 118.16 118.22 118.25 118.25 118.28 118.28 118.25 118.19 118.12 118.06 118.03 118.00 117.97 117.97 117.97 118.00 118.00 118.06 118.06 118.09 118.16 118.19 118.25 118.28 118.34 118.44 118.53 118.66 118.78 118.91 119.00 119.19 119.31 119.44 119.56 119.66 119.75 119.78 119.84 119.88 119.94 119.97 120.00 120.03 120.06 120.09 120.09
116.56 116.66 116.81 117.00 117.12 117.22 117.28 117.34 117.38 117.41 117.47 117.50 117.50 117.53 117.53 117.59 117.59 117.62 117.69 117.72 117.78 117.81 117.84 117.91 117.97 118.00 118.09 118.09 118.09 118.09 118.06 118.03 117.94 117.91 117.88 117.81 117.81 117.81 117.81 117.84 117.84 117.88 117.91 117.94 117.97 118.03 118.06 118.09 118.16 118.22 118.31 118.44 118.53 118.66 118.81 118.94 119.09 119.25 119.38 119.47 119.53 119.56 119.62 119.66 119.69 119.72 119.75 119.78 119.81 119.84 119.88
116.09 116.19 116.34 116.53 116.78 117.06 117.19 117.22 117.25 117.31 117.34 117.34 117.38 117.34 117.41 117.41 117.44 117.47 117.50 117.53 117.59 117.66 117.66 117.72 117.78 117.81 117.88 117.94 117.94 117.91 117.84 117.78 117.78 117.75 117.69 117.69 117.66 117.66 117.66 117.69 117.69 117.72 117.72 117.75 117.78 117.84 117.88 117.91 117.97 118.03 118.09 118.22 118.31 118.44 118.59 118.72 118.91 119.03 119.16 119.22 119.28 119.34 119.38 119.41 119.44 119.47 119.50 119.53 119.56 119.59 119.62
115.69 115.78 115.94 116.16 116.41 116.72 117.03 117.06 117.09 117.16 117.19 117.19 117.22 117.22 117.19 117.22 117.25 117.28 117.31 117.34 117.38 117.44 117.47 117.53 117.56 117.59 117.69 117.72 117.72 117.69 117.66 117.62 117.59 117.53 117.53 117.50 117.50 117.50 117.53 117.53 117.53 117.56 117.56 117.59 117.62 117.66 117.69 117.72 117.78 117.81 117.91 118.00 118.09 118.22 118.41 118.53 118.69 118.81 118.94 119.00 119.03 119.09 119.09 119.16 119.16 119.22 119.25 119.28 119.31 119.38 119.41
115.28 115.41 115.59 115.78 116.06 116.38 116.72 116.94 116.94 116.97 117.00 117.00 117.03 117.03 117.00 117.03 117.06 117.09 117.12 117.16 117.19 117.25 117.25 117.31 117.38 117.41 117.47 117.50 117.50 117.50 117.47 117.44 117.38 117.34 117.34 117.34 117.34 117.34 117.38 117.38 117.38 117.41 117.41 117.41 117.44 117.47 117.50 117.50 117.56 117.62 117.69 117.81 117.94 118.06 118.19 118.34 118.47 118.59 118.66 118.75 118.81 118.81 118.88 118.91 118.94 118.97 119.00 119.06 119.09 119.12 119.16
114.88 115.03 115.19 115.41 115.69 116.00 116.38 116.72 116.78 116.78 116.81 116.81 116.81 116.81 116.81 116.81 116.88 116.91 116.94 116.97 117.00 117.03 117.06 117.09 117.16 117.22 117.25 117.31 117.31 117.28 117.28 117.22 117.19 117.16 117.16 117.19 117.16 117.19 117.19 117.22 117.22 117.22 117.25 117.25 117.25 117.25 117.28 117.31 117.34 117.41 117.50 117.59 117.72 117.81 117.97 118.09 118.22 118.34 118.38 118.44 118.50 118.53 118.59 118.62 118.69 118.72 118.78 118.81 118.88 118.91 118.91
114.50 114.66 114.81 115.03 115.28 115.59 115.97 116.34 116.56 116.62 116.62 116.62 116.62 116.62 116.62 116.62 116.66 116.69 116.75 116.78 116.78 116.81 116.84 116.91 116.97 117.03 117.06 117.09 117.12 117.09 117.06 117.06 117.03 117.00 116.97 117.00 117.00 117.03 117.03 117.03 117.03 117.06 117.06 117.06 117.06 117.06 117.09 117.12 117.16 117.19 117.28 117.38 117.47 117.62 117.75 117.88 117.97 118.09 118.16 118.22 118.25 118.28 118.31 118.38 118.44 118.50 118.56 118.59 118.62 118.66 118.66
114.16 114.28 114.44 114.62 114.91 115.22 115.56 115.94 116.25 116.44 116.47 116.44 116.44 116.41 116.44 116.44 116.47 116.47 116.53 116.56 116.59 116.62 116.66 116.69 116.78 116.84 116.88 116.94 116.94 116.91 116.91 116.84 116.84 116.84 116.81 116.81 116.81 116.84 116.88 116.88 116.88 116.88 116.88 116.88 116.88 116.88 116.88 116.91 116.94 117.00 117.06 117.16 117.28 117.41 117.53 117.66 117.75 117.81 117.91 117.94 118.00 118.03 118.09 118.16 118.19 118.28 118.31 118.34 118.41 118.41 118.44
113.84 113.97 114.12 114.31 114.56 114.88 115.22 115.56 115.91 116.19 116.28 116.28 116.25 116.25 116.22 116.22 116.25 116.25 116.31 116.34 116.41 116.44 116.47 116.50 116.59 116.66 116.69 116.72 116.75 116.75 116.72 116.72 116.69 116.69 116.66 116.66 116.66 116.66 116.66 116.69 116.69 116.69 116.69 116.66 116.66 116.69 116.69 116.69 116.72 116.78 116.81 116.94 117.03 117.16 117.28 117.38 117.50 117.56 117.62 117.69 117.72 117.78 117.84 117.88 117.94 118.00 118.06 118.09 118.12 118.16 118.19
113.66 113.72 113.84 114.06 114.31 114.59 114.88 115.22 115.53 115.84 116.09 116.12 116.06 116.06 116.06 116.06 116.03 116.06 116.06 116.12 116.19 116.22 116.28 116.31 116.41 116.44 116.50 116.53 116.56 116.56 116.56 116.56 116.53 116.53 116.50 116.50 116.47 116.50 116.50 116.50 116.50 116.47 116.47 116.47 116.47 116.47 116.47 116.50 116.53 116.56 116.62 116.72 116.78 116.94 117.03 117.16 117.25 117.31 117.38 117.47 117.50 117.56 117.59 117.66 117.72 117.75 117.81 117.84 117.88 117.91 117.94
113.66 113.66 113.69 113.88 114.09 114.34 114.62 114.94 115.25 115.53 115.81 115.94 115.91 115.91 115.88 115.84 115.84 115.84 115.88 115.94 116.00 116.06 116.09 116.16 116.22 116.28 116.34 116.38 116.38 116.41 116.41 116.41 116.38 116.38 116.34 116.34 116.34 116.31 116.31 116.31 116.28 116.28 116.28 116.28 116.28 116.28 116.28 116.31 116.31 116.34 116.41 116.47 116.56 116.69 116.78 116.91 117.00 117.09 117.16 117.22 117.28 117.31 117.38 117.44 117.47 117.53 117.56 117.59 117.62 117.66 117.69
