everonasctiles/Tile[46,9].asc
ncols 128
nrows 128
xllcorner 0
yllcorner 0
cellsize 2.0
NODATA_value  -9999
[rows 64 to 95 of 128, columns 0 to 70 of 128]
-42.03 -42.16 -42.28 -42.44 -42.62 -42.84 -43.09 -43.41 -43.75 -44.06 -44.38 -44.62 -44.88 -45.09 -45.28 -45.41 -45.56 -45.69 -45.84 -46.00 -46.19 -46.31 -46.38 -46.38 -46.25 -46.09 -46.03 -46.12 -46.28 -46.47 -46.69 -46.97 -47.34 -47.81 -48.34 -48.84 -49.28 -49.59 -49.81 -50.03 -50.09 -49.94 -49.59 -49.09 -49.34 -49.97 -50.38 -50.78 -51.12 -51.44 -51.75 -51.94 -52.03 -52.19 -52.53 -52.81 -52.97 -53.06 -53.19 -53.38 -53.59 -53.81 -54.00 -53.97 -53.75 -54.16 -54.72 -54.94 -54.69 -53.91 -54.03
-41.47 -41.59 -41.72 -41.88 -42.06 -42.28 -42.56 -42.84 -43.16 -43.44 -43.69 -43.91 -44.12 -44.31 -44.47 -44.59 -44.75 -44.88 -45.00 -45.12 -45.28 -45.44 -45.53 -45.56 -45.53 -45.44 -45.38 -45.41 -45.47 -45.59 -45.84 -46.12 -46.50 -46.94 -47.47 -47.97 -48.38 -48.66 -48.88 -49.12 -49.25 -49.19 -48.91 -48.56 -48.75 -49.22 -49.59 -49.91 -50.22 -50.53 -50.81 -50.97 -51.06 -51.19 -51.47 -51.75 -51.97 -52.06 -52.16 -52.28 -52.47 -52.69 -52.88 -52.91 -52.78 -53.12 -53.56 -53.69 -53.38 -52.53 -52.75
-40.94 -41.06 -41.19 -41.34 -41.53 -41.75 -42.00 -42.28 -42.56 -42.81 -43.03 -43.22 -43.41 -43.56 -43.69 -43.81 -43.94 -44.06 -44.16 -44.28 -44.41 -44.59 -44.72 -44.81 -44.81 -44.75 -44.69 -44.69 -44.69 -44.81 -45.03 -45.31 -45.62 -45.91 -46.47 -47.09 -47.47 -47.66 -47.91 -48.25 -48.44 -48.44 -48.25 -48.00 -48.16 -48.50 -48.78 -49.03 -49.31 -49.59 -49.88 -50.03 -50.12 -50.16 -50.41 -50.75 -50.97 -51.09 -51.16 -51.22 -51.38 -51.59 -51.81 -51.84 -51.81 -52.06 -52.38 -52.47 -52.12 -51.28 -51.62
-40.41 -40.53 -40.66 -40.81 -41.00 -41.22 -41.47 -41.72 -41.97 -42.19 -42.38 -42.53 -42.69 -42.81 -42.97 -43.06 -43.19 -43.31 -43.38 -43.47 -43.59 -43.78 -43.94 -44.06 -44.09 -44.06 -44.00 -43.97 -43.97 -44.06 -44.25 -44.47 -44.62 -44.88 -45.44 -46.09 -46.50 -46.69 -47.00 -47.44 -47.66 -47.69 -47.53 -47.38 -47.44 -47.69 -47.88 -48.06 -48.38 -48.69 -48.94 -49.09 -49.16 -49.16 -49.41 -49.75 -49.97 -50.09 -50.16 -50.19 -50.31 -50.53 -50.75 -50.81 -50.81 -51.00 -51.22 -51.25 -50.94 -50.19 -50.66
-39.88 -40.00 -40.12 -40.28 -40.47 -40.69 -40.91 -41.16 -41.38 -41.59 -41.75 -41.88 -42.00 -42.12 -42.25 -42.34 -42.47 -42.56 -42.62 -42.69 -42.81 -43.00 -43.19 -43.34 -43.38 -43.34 -43.28 -43.25 -43.25 -43.34 -43.47 -43.62 -43.66 -43.91 -44.44 -45.00 -45.34 -45.69 -46.22 -46.66 -46.88 -46.91 -46.81 -46.69 -46.66 -46.78 -46.81 -47.03 -47.41 -47.75 -48.03 -48.19 -48.22 -48.22 -48.47 -48.78 -49.00 -49.12 -49.16 -49.16 -49.31 -49.50 -49.69 -49.78 -49.78 -49.94 -50.09 -50.09 -49.81 -49.25 -49.75
-39.34 -39.47 -39.62 -39.75 -39.94 -40.16 -40.38 -40.62 -40.81 -41.00 -41.12 -41.25 -41.34 -41.47 -41.56 -41.66 -41.75 -41.84 -41.91 -41.94 -42.06 -42.28 -42.50 -42.66 -42.69 -42.66 -42.59 -42.56 -42.59 -42.66 -42.75 -42.78 -42.72 -42.97 -43.44 -43.88 -44.28 -44.88 -45.47 -45.91 -46.12 -46.16 -46.03 -45.91 -45.81 -45.72 -45.75 -46.03 -46.50 -46.84 -47.09 -47.25 -47.31 -47.34 -47.56 -47.84 -48.03 -48.16 -48.16 -48.19 -48.31 -48.47 -48.66 -48.75 -48.78 -48.88 -49.00 -49.00 -48.78 -48.50 -48.91
-38.84 -38.97 -39.12 -39.25 -39.44 -39.66 -39.84 -40.06 -40.25 -40.41 -40.53 -40.62 -40.72 -40.81 -40.91 -41.00 -41.09 -41.16 -41.22 -41.25 -41.38 -41.59 -41.81 -41.97 -42.03 -42.00 -41.94 -41.91 -41.94 -42.00 -42.03 -42.03 -41.88 -42.06 -42.44 -42.91 -43.47 -44.22 -44.81 -45.22 -45.41 -45.38 -45.25 -45.09 -44.94 -44.69 -44.75 -45.19 -45.62 -45.94 -46.19 -46.34 -46.44 -46.50 -46.69 -46.91 -47.09 -47.16 -47.19 -47.22 -47.31 -47.47 -47.62 -47.75 -47.78 -47.84 -47.91 -47.91 -47.81 -47.78 -48.03
-38.34 -38.50 -38.62 -38.78 -38.94 -39.12 -39.34 -39.53 -39.72 -39.84 -39.97 -40.06 -40.12 -40.22 -40.28 -40.38 -40.44 -40.53 -40.56 -40.59 -40.75 -40.97 -41.19 -41.34 -41.38 -41.34 -41.31 -41.28 -41.31 -41.38 -41.38 -41.31 -41.09 -41.25 -41.62 -42.22 -43.00 -43.69 -44.19 -44.53 -44.66 -44.59 -44.47 -44.28 -44.03 -43.75 -43.88 -44.38 -44.75 -45.03 -45.28 -45.50 -45.59 -45.69 -45.81 -46.00 -46.12 -46.19 -46.22 -46.25 -46.34 -46.47 -46.62 -46.75 -46.81 -46.81 -46.81 -46.84 -46.88 -46.97 -47.16
-37.88 -38.03 -38.16 -38.31 -38.47 -38.66 -38.84 -39.03 -39.19 -39.34 -39.44 -39.53 -39.59 -39.66 -39.72 -39.78 -39.84 -39.91 -39.97 -40.00 -40.16 -40.38 -40.56 -40.72 -40.78 -40.75 -40.69 -40.69 -40.72 -40.78 -40.78 -40.69 -40.44 -40.59 -41.16 -41.91 -42.59 -43.16 -43.56 -43.81 -43.91 -43.84 -43.69 -43.50 -43.19 -42.91 -43.09 -43.59 -43.91 -44.19 -44.44 -44.66 -44.78 -44.88 -44.97 -45.09 -45.19 -45.25 -45.28 -45.31 -45.38 -45.50 -45.62 -45.75 -45.81 -45.81 -45.72 -45.75 -45.94 -46.12 -46.28
-37.41 -37.56 -37.72 -37.84 -38.00 -38.19 -38.38 -38.53 -38.69 -38.84 -38.94 -39.00 -39.06 -39.12 -39.16 -39.22 -39.28 -39.34 -39.38 -39.47 -39.62 -39.81 -40.00 -40.16 -40.22 -40.19 -40.12 -40.12 -40.16 -40.22 -40.22 -40.16 -39.97 -40.34 -41.00 -41.59 -42.16 -42.62 -42.91 -43.09 -43.16 -43.12 -42.97 -42.75 -42.44 -42.16 -42.41 -42.81 -43.12 -43.38 -43.62 -43.81 -43.97 -44.06 -44.12 -44.19 -44.22 -44.25 -44.31 -44.34 -44.44 -44.53 -44.66 -44.78 -44.84 -44.81 -44.69 -44.72 -45.00 -45.22 -45.34
-36.97 -37.12 -37.28 -37.41 -37.56 -37.75 -37.91 -38.09 -38.25 -38.38 -38.47 -38.53 -38.59 -38.62 -38.66 -38.69 -38.75 -38.78 -38.88 -38.94 -39.09 -39.31 -39.50 -39.62 -39.69 -39.66 -39.62 -39.62 -39.66 -39.72 -39.75 -39.72 -39.75 -40.22 -40.72 -41.22 -41.69 -42.00 -42.22 -42.38 -42.44 -42.41 -42.25 -42.03 -41.78 -41.53 -41.78 -42.09 -42.38 -42.62 -42.84 -43.03 -43.16 -43.25 -43.31 -43.31 -43.28 -43.28 -43.34 -43.44 -43.50 -43.59 -43.69 -43.81 -43.91 -43.88 -43.75 -43.75 -44.06 -44.31 -44.44
-36.53 -36.69 -36.84 -37.00 -37.16 -37.31 -37.47 -37.66 -37.81 -37.94 -38.03 -38.09 -38.12 -38.16 -38.19 -38.22 -38.25 -38.31 -38.38 -38.47 -38.66 -38.84 -39.00 -39.16 -39.19 -39.19 -39.16 -39.16 -39.22 -39.28 -39.31 -39.38 -39.59 -39.97 -40.38 -40.78 -41.12 -41.38 -41.56 -41.69 -41.75 -41.72 -41.59 -41.41 -41.16 -40.97 -41.19 -41.44 -41.66 -41.88 -42.06 -42.22 -42.38 -42.47 -42.53 -42.50 -42.41 -42.31 -42.38 -42.50 -42.56 -42.66 -42.75 -42.88 -42.97 -42.97 -42.88 -42.84 -43.12 -43.38 -43.50
-36.12 -36.28 -36.44 -36.59 -36.75 -36.91 -37.06 -37.25 -37.38 -37.50 -37.59 -37.66 -37.69 -37.72 -37.75 -37.78 -37.81 -37.84 -37.94 -38.06 -38.22 -38.41 -38.56 -38.69 -38.75 -38.75 -38.72 -38.75 -38.81 -38.88 -38.97 -39.09 -39.31 -39.62 -39.97 -40.28 -40.56 -40.75 -40.91 -41.00 -41.06 -41.09 -41.00 -40.81 -40.59 -40.47 -40.59 -40.81 -41.00 -41.16 -41.31 -41.44 -41.59 -41.72 -41.78 -41.72 -41.56 -41.44 -41.44 -41.56 -41.66 -41.72 -41.81 -41.97 -42.09 -42.12 -42.03 -41.97 -42.22 -42.50 -42.62
-35.72 -35.88 -36.03 -36.19 -36.34 -36.50 -36.69 -36.84 -36.97 -37.09 -37.19 -37.25 -37.31 -37.34 -37.34 -37.38 -37.41 -37.47 -37.56 -37.69 -37.84 -38.00 -38.16 -38.28 -38.34 -38.34 -38.38 -38.41 -38.47 -38.56 -38.66 -38.81 -39.03 -39.25 -39.53 -39.78 -39.97 -40.16 -40.28 -40.38 -40.44 -40.47 -40.44 -40.28 -40.09 -39.97 -40.06 -40.22 -40.34 -40.50 -40.59 -40.72 -40.84 -40.97 -41.03 -40.97 -40.84 -40.62 -40.56 -40.66 -40.78 -40.84 -40.94 -41.09 -41.25 -41.28 -41.22 -41.09 -41.34 -41.62 -41.75
-35.31 -35.47 -35.62 -35.78 -35.94 -36.09 -36.28 -36.44 -36.56 -36.69 -36.78 -36.84 -36.91 -36.94 -36.97 -37.00 -37.06 -37.09 -37.22 -37.34 -37.50 -37.66 -37.78 -37.91 -37.97 -38.03 -38.06 -38.09 -38.19 -38.28 -38.41 -38.53 -38.69 -38.88 -39.09 -39.28 -39.44 -39.56 -39.69 -39.75 -39.84 -39.91 -39.91 -39.78 -39.66 -39.53 -39.53 -39.62 -39.75 -39.84 -39.91 -40.00 -40.12 -40.28 -40.34 -40.28 -40.12 -39.94 -39.78 -39.81 -39.91 -40.00 -40.12 -40.28 -40.44 -40.47 -40.41 -40.28 -40.50 -40.78 -40.94
-34.88 -35.06 -35.19 -35.34 -35.50 -35.69 -35.84 -36.00 -36.16 -36.28 -36.38 -36.47 -36.53 -36.59 -36.62 -36.66 -36.72 -36.78 -36.91 -37.03 -37.16 -37.31 -37.44 -37.56 -37.66 -37.72 -37.78 -37.84 -37.94 -38.03 -38.16 -38.28 -38.38 -38.53 -38.69 -38.81 -38.94 -39.03 -39.12 -39.22 -39.31 -39.38 -39.41 -39.34 -39.22 -39.09 -39.06 -39.09 -39.16 -39.22 -39.28 -39.34 -39.47 -39.59 -39.66 -39.62 -39.50 -39.31 -39.09 -39.03 -39.09 -39.19 -39.34 -39.50 -39.66 -39.69 -39.62 -39.53 -39.72 -40.00 -40.19
-34.44 -34.59 -34.75 -34.91 -35.06 -35.22 -35.38 -35.53 -35.69 -35.81 -35.94 -36.03 -36.12 -36.19 -36.28 -36.34 -36.41 -36.50 -36.62 -36.75 -36.88 -37.00 -37.12 -37.25 -37.34 -37.44 -37.53 -37.59 -37.72 -37.81 -37.91 -38.00 -38.09 -38.19 -38.28 -38.38 -38.44 -38.53 -38.59 -38.69 -38.78 -38.91 -38.94 -38.91 -38.81 -38.69 -38.59 -38.59 -38.59 -38.62 -38.66 -38.72 -38.81 -38.94 -39.00 -38.97 -38.88 -38.69 -38.50 -38.34 -38.34 -38.44 -38.59 -38.75 -38.88 -38.91 -38.88 -38.78 -39.00 -39.28 -39.47
-33.94 -34.12 -34.25 -34.41 -34.56 -34.69 -34.84 -35.00 -35.16 -35.31 -35.44 -35.56 -35.69 -35.81 -35.91 -36.00 -36.09 -36.22 -36.34 -36.47 -36.59 -36.72 -36.84 -36.94 -37.06 -37.16 -37.28 -37.38 -37.47 -37.59 -37.69 -37.75 -37.81 -37.88 -37.91 -37.97 -38.00 -38.06 -38.09 -38.22 -38.31 -38.44 -38.50 -38.50 -38.44 -38.31 -38.19 -38.12 -38.09 -38.09 -38.09 -38.12 -38.22 -38.31 -38.38 -38.34 -38.25 -38.09 -37.91 -37.75 -37.66 -37.75 -37.88 -38.03 -38.12 -38.16 -38.12 -38.12 -38.34 -38.59 -38.81
-33.34 -33.53 -33.69 -33.81 -33.97 -34.12 -34.28 -34.41 -34.56 -34.75 -34.91 -35.06 -35.22 -35.38 -35.50 -35.66 -35.78 -35.91 -36.03 -36.19 -36.31 -36.44 -36.56 -36.69 -36.78 -36.91 -37.03 -37.16 -37.25 -37.34 -37.44 -37.50 -37.56 -37.59 -37.59 -37.62 -37.62 -37.62 -37.69 -37.78 -37.88 -38.00 -38.06 -38.09 -38.06 -37.94 -37.81 -37.69 -37.59 -37.56 -37.56 -37.56 -37.62 -37.72 -37.75 -37.72 -37.66 -37.50 -37.34 -37.16 -37.03 -37.06 -37.19 -37.31 -37.41 -37.44 -37.44 -37.50 -37.72 -37.97 -38.19
-32.56 -32.75 -32.88 -33.00 -33.16 -33.34 -33.53 -33.72 -33.91 -34.09 -34.31 -34.50 -34.69 -34.91 -35.09 -35.25 -35.41 -35.59 -35.75 -35.91 -36.03 -36.16 -36.28 -36.41 -36.53 -36.66 -36.78 -36.91 -37.00 -37.09 -37.19 -37.28 -37.31 -37.31 -37.31 -37.28 -37.28 -37.28 -37.31 -37.38 -37.47 -37.56 -37.62 -37.69 -37.66 -37.56 -37.44 -37.28 -37.12 -37.06 -37.03 -37.03 -37.06 -37.12 -37.16 -37.12 -37.03 -36.91 -36.75 -36.59 -36.47 -36.47 -36.53 -36.62 -36.69 -36.75 -36.78 -36.88 -37.12 -37.38 -37.59
-31.66 -31.78 -31.88 -32.00 -32.12 -32.25 -32.41 -32.62 -32.91 -33.25 -33.62 -33.88 -34.12 -34.38 -34.62 -34.84 -35.03 -35.22 -35.41 -35.59 -35.75 -35.88 -36.00 -36.12 -36.28 -36.41 -36.53 -36.66 -36.78 -36.88 -36.97 -37.03 -37.06 -37.06 -37.03 -37.00 -36.97 -36.94 -36.94 -37.00 -37.06 -37.16 -37.22 -37.25 -37.25 -37.19 -37.06 -36.88 -36.72 -36.59 -36.50 -36.50 -36.53 -36.56 -36.56 -36.53 -36.44 -36.31 -36.16 -36.03 -35.91 -35.84 -35.88 -35.94 -36.00 -36.06 -36.12 -36.31 -36.56 -36.81 -37.03
-30.62 -30.72 -30.75 -30.81 -30.91 -31.03 -31.19 -31.38 -31.66 -32.03 -32.47 -32.97 -33.47 -33.81 -34.12 -34.38 -34.62 -34.84 -35.06 -35.28 -35.44 -35.59 -35.72 -35.88 -36.03 -36.16 -36.31 -36.44 -36.53 -36.62 -36.72 -36.78 -36.81 -36.81 -36.78 -36.72 -36.69 -36.66 -36.62 -36.62 -36.69 -36.75 -36.78 -36.84 -36.84 -36.78 -36.69 -36.50 -36.31 -36.12 -36.03 -35.97 -35.97 -36.00 -35.97 -35.94 -35.84 -35.72 -35.56 -35.44 -35.34 -35.25 -35.25 -35.25 -35.31 -35.38 -35.50 -35.72 -35.97 -36.25 -36.44
-29.47 -29.53 -29.53 -29.53 -29.59 -29.72 -29.91 -30.16 -30.44 -30.78 -31.25 -31.78 -32.41 -33.06 -33.53 -33.88 -34.19 -34.47 -34.72 -34.94 -35.12 -35.28 -35.44 -35.59 -35.75 -35.91 -36.06 -36.19 -36.28 -36.38 -36.44 -36.53 -36.56 -36.59 -36.53 -36.47 -36.41 -36.34 -36.31 -36.28 -36.31 -36.31 -36.38 -36.41 -36.41 -36.38 -36.28 -36.09 -35.88 -35.69 -35.53 -35.44 -35.44 -35.41 -35.41 -35.34 -35.25 -35.12 -34.97 -34.84 -34.75 -34.66 -34.62 -34.59 -34.59 -34.72 -34.91 -35.12 -35.41 -35.66 -35.88
-28.19 -28.22 -28.19 -28.19 -28.28 -28.44 -28.66 -28.94 -29.25 -29.62 -30.09 -30.66 -31.31 -32.00 -32.69 -33.28 -33.69 -34.03 -34.31 -34.56 -34.78 -34.97 -35.16 -35.34 -35.50 -35.69 -35.81 -35.97 -36.06 -36.12 -36.19 -36.28 -36.31 -36.34 -36.31 -36.22 -36.16 -36.06 -36.00 -35.94 -35.91 -35.91 -35.94 -35.97 -35.97 -35.94 -35.84 -35.66 -35.44 -35.22 -35.03 -34.94 -34.88 -34.84 -34.81 -34.75 -34.62 -34.53 -34.28 -34.09 -34.06 -34.06 -33.91 -33.84 -33.81 -33.97 -34.22 -34.53 -34.81 -35.06 -35.28
-26.84 -26.88 -26.81 -26.81 -26.94 -27.12 -27.41 -27.75 -28.12 -28.56 -29.06 -29.62 -30.28 -31.00 -31.75 -32.47 -33.09 -33.56 -33.91 -34.19 -34.44 -34.66 -34.88 -35.06 -35.25 -35.44 -35.59 -35.72 -35.81 -35.88 -35.94 -36.00 -36.06 -36.09 -36.06 -35.97 -35.88 -35.78 -35.69 -35.62 -35.56 -35.50 -35.50 -35.53 -35.50 -35.47 -35.38 -35.19 -35.00 -34.75 -34.53 -34.38 -34.31 -34.25 -34.22 -34.12 -33.97 -33.88 -33.47 -33.31 -33.25 -33.28 -33.09 -33.03 -33.03 -33.19 -33.47 -33.75 -34.19 -34.44 -34.66
-25.44 -25.44 -25.38 -25.41 -25.59 -25.84 -26.19 -26.59 -27.03 -27.53 -28.06 -28.66 -29.31 -30.06 -30.84 -31.62 -32.31 -32.94 -33.44 -33.81 -34.09 -34.34 -34.59 -34.81 -35.03 -35.22 -35.38 -35.47 -35.53 -35.59 -35.66 -35.72 -35.78 -35.81 -35.81 -35.72 -35.59 -35.50 -35.38 -35.28 -35.19 -35.12 -35.06 -35.06 -35.03 -34.97 -34.88 -34.69 -34.50 -34.25 -33.91 -33.75 -33.62 -33.56 -33.53 -33.41 -33.31 -33.19 -32.84 -32.59 -32.47 -32.44 -32.38 -32.34 -32.38 -32.50 -32.72 -33.00 -33.34 -33.66 -33.94
-24.00 -23.97 -23.91 -24.00 -24.22 -24.53 -24.97 -25.44 -25.94 -26.50 -27.09 -27.72 -28.41 -29.16 -29.94 -30.75 -31.53 -32.25 -32.84 -33.31 -33.72 -34.03 -34.31 -34.56 -34.78 -34.97 -35.09 -35.19 -35.25 -35.31 -35.38 -35.44 -35.50 -35.53 -35.50 -35.44 -35.31 -35.19 -35.06 -34.94 -34.81 -34.72 -34.62 -34.59 -34.53 -34.47 -34.34 -34.16 -33.84 -33.53 -33.19 -33.00 -32.84 -32.75 -32.69 -32.66 -32.53 -32.47 -32.22 -31.94 -31.75 -31.69 -31.53 -31.53 -31.69 -31.78 -31.97 -32.16 -32.44 -32.81 -33.19
-22.50 -22.44 -22.41 -22.56 -22.84 -23.25 -23.75 -24.28 -24.88 -25.47 -26.12 -26.81 -27.50 -28.28 -29.09 -29.94 -30.75 -31.50 -32.19 -32.75 -33.25 -33.69 -34.03 -34.28 -34.50 -34.69 -34.81 -34.91 -34.97 -35.03 -35.09 -35.12 -35.19 -35.22 -35.19 -35.12 -35.00 -34.88 -34.72 -34.59 -34.44 -34.31 -34.19 -34.12 -34.03 -33.84 -33.66 -33.38 -33.06 -32.81 -32.53 -32.19 -31.97 -31.84 -31.75 -31.81 -31.69 -31.62 -31.50 -31.31 -31.06 -30.94 -30.66 -30.62 -30.88 -31.06 -31.25 -31.41 -31.72 -32.12 -32.50
-20.94 -20.84 -20.88 -21.09 -21.47 -21.97 -22.53 -23.16 -23.81 -24.47 -25.16 -25.88 -26.62 -27.44 -28.28 -29.12 -29.97 -30.78 -31.50 -32.16 -32.75 -33.25 -33.66 -33.97 -34.19 -34.38 -34.50 -34.59 -34.66 -34.72 -34.78 -34.81 -34.88 -34.88 -34.84 -34.78 -34.66 -34.50 -34.38 -34.22 -34.06 -33.88 -33.72 -33.59 -33.31 -33.06 -32.88 -32.66 -32.41 -32.09 -31.84 -31.44 -31.09 -30.94 -30.84 -30.94 -30.81 -30.72 -30.66 -30.69 -30.47 -30.16 -29.91 -29.88 -30.03 -30.28 -30.47 -30.62 -30.88 -31.31 -31.62
-19.34 -19.25 -19.34 -19.66 -20.12 -20.72 -21.34 -22.03 -22.75 -23.47 -24.22 -24.97 -25.78 -26.59 -27.47 -28.34 -29.22 -30.03 -30.81 -31.53 -32.16 -32.72 -33.19 -33.56 -33.84 -34.00 -34.16 -34.25 -34.31 -34.38 -34.44 -34.47 -34.50 -34.53 -34.47 -34.38 -34.25 -34.12 -33.97 -33.84 -33.62 -33.44 -33.25 -33.03 -32.75 -32.44 -32.22 -31.97 -31.66 -31.41 -31.03 -30.69 -30.31 -30.09 -30.09 -30.16 -30.06 -29.94 -29.88 -29.88 -29.75 -29.44 -29.16 -29.16 -29.25 -29.41 -29.62 -29.75 -30.03 -30.53 -31.00
-17.72 -17.66 -17.84 -18.25 -18.81 -19.47 -20.19 -20.94 -21.69 -22.47 -23.25 -24.06 -24.91 -25.78 -26.69 -27.59 -28.47 -29.34 -30.12 -30.88 -31.53 -32.12 -32.66 -33.06 -33.41 -33.62 -33.78 -33.88 -33.97 -34.03 -34.09 -34.12 -34.16 -34.12 -34.09 -33.97 -33.84 -33.69 -33.53 -33.38 -33.12 -32.94 -32.69 -32.44 -32.09 -31.72 -31.41 -31.09 -30.78 -30.53 -30.25 -29.84 -29.38 -29.19 -29.28 -29.28 -29.25 -29.22 -29.09 -28.91 -28.88 -28.78 -28.56 -28.50 -28.53 -28.59 -28.66 -28.91 -29.44 -30.03 -30.50
-16.06 -16.06 -16.34 -16.88 -17.53 -18.28 -19.06 -19.84 -20.62 -21.44 -22.28 -23.12 -24.03 -24.97 -25.91 -26.84 -27.78 -28.66 -29.47 -30.22 -30.91 -31.53 -32.09 -32.53 -32.91 -33.16 -33.31 -33.50 -33.59 -33.69 -33.72 -33.75 -33.75 -33.72 -33.66 -33.47 -33.19 -33.03 -32.91 -32.81 -32.66 -32.38 -32.09 -31.72 -31.34 -30.94 -30.56 -30.28 -29.94 -29.69 -29.34 -28.91 -28.44 -28.25 -28.28 -28.38 -28.31 -28.34 -28.19 -28.00 -27.94 -27.94 -27.94 -27.81 -27.72 -27.75 -27.94 -28.44 -28.91 -29.47 -29.88
