everonasctiles/Tile[38,7].asc
ncols 128
nrows 128
xllcorner 0
yllcorner 0
cellsize 2.0
NODATA_value  -9999
[rows 34 to 67 of 128, columns 0 to 76 of 128]
124.62 124.81 125.38 126.59 128.06 129.12 129.94 130.66 131.28 131.66 132.16 132.47 132.53 132.91 132.88 133.38 133.75 133.88 133.69 133.28 132.50 132.34 131.66 130.94 130.12 129.41 128.88 128.34 127.94 127.59 127.38 127.06 126.69 126.38 126.12 126.00 125.94 125.94 126.12 126.53 126.56 126.62 126.59 126.62 126.56 126.72 126.69 126.75 126.59 126.53 126.59 126.72 126.56 126.47 126.44 126.22 125.84 125.22 124.81 124.62 124.53 124.41 124.47 124.62 124.62 124.62 124.59 124.56 124.47 124.44 124.38 124.38 124.31 124.47 124.56 124.62 124.69
124.12 124.31 124.75 125.72 127.03 127.88 128.66 129.44 130.09 130.47 131.00 131.12 131.25 131.81 132.38 132.44 132.47 132.50 132.28 131.75 131.03 130.78 130.38 129.72 128.84 127.56 127.50 127.34 127.06 126.75 126.44 126.19 125.94 125.62 125.34 125.19 125.09 125.06 125.19 125.41 125.53 125.62 125.62 125.62 125.56 125.66 125.72 125.56 125.59 125.59 125.62 125.69 125.59 125.59 125.53 125.25 124.81 124.41 124.16 123.91 123.66 123.59 123.59 123.72 123.75 123.75 123.72 123.69 123.62 123.62 123.50 123.50 123.56 123.69 123.72 123.78 123.84
123.56 123.66 123.78 124.84 125.72 126.47 127.25 128.00 128.59 128.75 129.53 129.69 130.16 130.31 130.69 130.78 131.03 131.06 130.81 130.22 129.38 128.78 128.41 128.38 127.53 127.00 126.69 126.38 126.12 125.84 125.56 125.22 124.97 124.66 124.38 124.12 124.03 124.12 124.19 124.34 124.50 124.59 124.62 124.53 124.69 124.72 124.69 124.47 124.56 124.59 124.75 124.81 124.66 124.75 124.66 124.38 123.94 123.62 123.44 123.12 122.84 122.78 122.75 122.81 122.88 122.88 122.88 122.84 122.84 122.78 122.69 122.69 122.84 122.84 122.88 122.91 122.97
122.59 123.09 123.50 124.03 124.53 125.12 125.56 125.78 126.09 126.44 127.28 127.75 127.94 128.19 128.44 129.06 129.50 129.53 129.28 128.88 128.09 127.41 126.69 126.69 126.50 126.25 125.91 125.53 125.22 124.91 124.59 124.16 123.78 123.47 123.16 123.00 123.00 123.09 123.09 123.28 123.41 123.50 123.53 123.44 123.38 123.38 123.31 123.41 123.44 123.66 123.84 123.84 123.81 123.97 123.91 123.62 123.22 122.91 122.62 122.34 122.09 121.94 121.91 121.97 122.03 122.03 122.00 122.00 121.91 121.81 121.94 121.94 122.00 122.03 122.03 122.09 122.06
121.91 122.34 122.50 123.06 123.44 123.72 124.03 124.25 124.75 125.03 125.22 125.41 126.12 126.66 126.91 127.81 127.91 127.91 127.78 127.44 126.25 126.06 125.78 125.50 125.53 125.34 125.00 124.69 124.34 123.94 123.53 123.12 122.78 122.44 122.19 122.03 122.00 121.97 122.06 122.19 122.25 122.31 122.34 122.34 122.31 122.22 122.09 122.22 122.44 122.62 122.81 122.91 123.00 123.25 123.25 123.00 122.62 122.22 121.84 121.56 121.34 121.16 121.06 121.09 121.12 121.12 121.16 121.16 121.09 121.03 121.19 121.19 121.22 121.22 121.19 121.19 121.16
121.16 121.47 121.22 121.94 122.09 122.53 123.03 123.62 124.06 124.38 124.69 124.88 125.22 125.31 125.75 126.25 126.28 126.16 126.00 125.12 124.69 124.69 124.94 124.56 124.47 124.28 124.06 123.69 123.28 122.91 122.47 122.06 121.72 121.41 121.16 120.97 120.94 120.88 120.94 121.03 121.09 121.12 121.16 121.19 121.22 121.28 121.12 121.22 121.50 121.59 121.81 122.00 122.31 122.56 122.66 122.41 122.06 121.56 121.12 120.78 120.53 120.38 120.25 120.25 120.25 120.25 120.31 120.34 120.25 120.28 120.44 120.41 120.44 120.41 120.34 120.34 120.31
120.28 120.59 120.81 120.84 120.94 121.53 122.31 122.78 123.12 123.44 123.50 123.81 124.12 124.16 124.16 124.66 124.69 124.53 124.03 123.12 123.00 123.28 123.69 123.50 123.34 123.00 122.78 122.50 122.12 121.72 121.38 120.97 120.62 120.34 120.12 119.94 119.84 119.84 119.84 119.91 119.97 119.97 120.00 120.06 120.16 120.25 120.22 120.19 120.53 120.66 120.88 121.19 121.62 121.91 122.03 121.81 121.31 120.81 120.34 119.94 119.69 119.53 119.44 119.38 119.41 119.44 119.47 119.50 119.44 119.53 119.66 119.62 119.66 119.62 119.56 119.53 119.53
119.34 119.25 119.50 119.66 120.31 120.88 121.47 121.88 122.19 122.28 122.38 122.75 123.09 123.06 123.12 123.16 123.09 123.06 122.81 121.75 121.78 121.81 122.34 122.28 122.16 121.72 121.31 121.16 120.88 120.53 120.19 119.84 119.53 119.31 119.03 118.84 118.78 118.75 118.75 118.78 118.78 118.81 118.88 118.94 119.03 119.19 119.09 119.28 119.56 119.75 119.97 120.34 120.78 121.19 121.31 121.09 120.59 120.00 119.53 119.16 118.84 118.69 118.59 118.47 118.56 118.59 118.62 118.66 118.69 118.69 118.72 118.88 118.91 118.91 118.81 118.78 118.72
118.31 118.34 118.53 118.97 119.62 120.22 120.62 120.97 121.12 121.22 121.44 121.81 121.88 121.97 122.00 121.34 121.56 121.59 121.53 120.69 120.94 120.69 121.09 121.06 120.91 120.56 120.03 119.94 119.62 119.31 118.97 118.66 118.44 118.22 117.97 117.78 117.66 117.66 117.66 117.66 117.66 117.66 117.75 117.78 117.94 118.00 118.00 118.34 118.62 118.81 119.12 119.53 119.94 120.28 120.31 120.09 119.66 119.09 118.66 118.31 118.00 117.78 117.69 117.62 117.69 117.72 117.78 117.78 117.88 117.88 117.91 118.12 118.16 118.16 118.09 118.03 117.97
117.38 117.25 117.75 118.34 118.94 119.38 119.75 120.00 120.03 120.19 120.38 120.56 120.69 120.94 120.97 120.56 120.22 120.19 120.06 120.03 119.88 119.62 119.97 119.81 119.66 119.19 118.78 118.56 118.50 118.16 117.84 117.47 117.28 117.00 116.78 116.69 116.53 116.50 116.50 116.56 116.47 116.53 116.62 116.62 116.81 116.84 116.94 117.38 117.59 117.81 118.09 118.56 118.97 119.09 119.12 118.81 118.44 118.06 117.69 117.38 117.06 116.84 116.72 116.69 116.81 116.84 116.88 116.91 117.03 117.12 117.19 117.38 117.44 117.47 117.41 117.31 117.25
116.62 116.53 116.81 117.59 118.09 118.53 118.81 118.94 119.06 119.25 119.28 119.47 119.41 119.72 119.56 119.56 119.38 119.31 119.31 119.34 118.69 118.41 118.44 118.56 118.44 118.12 117.69 117.44 117.31 116.88 116.44 116.22 115.97 115.78 115.59 115.53 115.44 115.34 115.28 115.31 115.34 115.41 115.50 115.56 115.56 115.69 115.97 116.31 116.53 116.72 117.16 117.50 117.75 117.72 117.34 116.66 116.78 116.91 116.69 116.41 116.12 115.91 115.78 115.78 115.94 115.97 116.00 116.06 116.22 116.41 116.47 116.62 116.75 116.78 116.72 116.62 116.44
115.69 115.72 115.97 116.69 117.22 117.62 117.94 118.03 118.09 118.12 117.53 117.75 117.62 117.84 117.81 117.91 118.25 118.25 118.22 118.19 117.62 117.44 117.25 117.34 117.25 117.09 116.47 116.16 115.91 115.47 115.12 114.88 114.62 114.59 114.41 114.31 114.25 114.16 114.06 114.09 114.19 114.31 114.38 114.41 114.41 114.72 115.00 115.25 115.50 115.78 116.09 116.34 116.34 116.28 115.50 114.81 115.44 115.78 115.72 115.47 115.19 115.00 114.88 114.84 114.97 115.12 115.16 115.28 115.44 115.62 115.75 115.97 116.09 116.12 116.06 115.94 115.69
114.75 115.00 115.25 115.81 116.38 116.72 116.75 117.09 117.16 117.31 116.09 115.59 115.28 115.34 116.16 116.50 116.78 116.84 116.84 116.56 116.25 116.31 116.25 116.06 116.03 115.97 115.41 114.56 114.53 114.22 114.00 113.69 113.53 113.47 113.25 113.12 113.06 112.97 112.88 112.91 112.97 113.19 113.25 113.25 113.47 113.69 113.94 114.19 114.50 114.72 114.91 114.97 114.88 114.44 113.53 113.62 114.25 114.69 114.75 114.56 114.34 114.16 113.94 113.91 114.03 114.25 114.41 114.47 114.69 114.84 115.03 115.28 115.44 115.47 115.41 115.25 115.00
113.97 114.34 114.81 115.19 115.50 115.50 115.91 116.28 116.25 116.38 114.56 113.50 112.66 112.47 113.88 114.88 115.09 115.31 115.34 115.25 115.00 115.16 115.12 114.69 114.66 114.03 113.16 113.25 113.28 113.09 112.94 112.75 112.50 112.38 112.16 111.94 111.84 111.81 111.75 111.81 111.88 112.06 112.09 112.19 112.44 112.56 112.78 113.06 113.31 113.50 113.59 113.41 113.12 112.88 112.88 113.00 113.34 113.56 113.69 113.56 113.34 113.19 112.94 112.97 113.12 113.31 113.44 113.66 113.88 114.09 114.34 114.59 114.78 114.81 114.69 114.47 114.28
113.41 114.06 114.38 114.56 114.69 115.03 115.38 115.50 115.34 115.03 112.50 112.16 112.22 112.16 111.97 112.84 113.38 113.47 113.84 113.31 113.50 113.84 113.78 113.47 112.41 112.22 111.69 111.69 112.09 112.03 111.91 111.75 111.56 111.41 111.16 110.84 110.72 110.69 110.69 110.72 110.81 110.97 111.00 111.09 111.28 111.44 111.66 111.81 112.03 112.16 112.06 111.88 112.09 112.09 112.03 111.91 112.16 112.47 112.50 112.47 112.28 112.19 111.97 112.03 112.12 112.25 112.53 112.81 112.97 113.31 113.62 113.88 114.09 114.12 113.94 113.72 113.47
112.91 113.34 113.66 113.84 114.28 114.50 114.66 114.62 114.34 113.66 112.31 111.66 111.66 111.78 111.62 111.62 111.78 111.28 111.47 111.53 112.47 112.69 112.59 112.09 111.19 110.91 110.78 110.88 111.03 111.00 110.88 110.69 110.53 110.34 110.16 109.81 109.72 109.62 109.66 109.72 109.81 109.88 109.88 110.03 110.19 110.28 110.41 110.56 110.69 110.44 110.16 110.38 110.88 110.91 111.03 110.56 110.59 110.97 111.16 111.25 111.19 111.09 110.94 111.00 111.00 111.28 111.50 111.75 112.16 112.47 112.78 113.12 113.34 113.41 113.22 112.94 112.69
112.22 112.62 113.03 113.34 113.59 113.72 113.97 113.53 113.16 112.59 111.88 111.22 110.84 111.03 111.06 110.59 110.41 110.47 110.53 111.34 111.59 111.59 111.53 111.09 110.31 110.06 110.00 110.06 110.06 110.00 109.84 109.66 109.47 109.28 109.09 108.78 108.69 108.59 108.53 108.66 108.81 108.84 108.81 108.94 109.03 109.09 109.16 109.19 109.09 108.72 108.56 109.09 109.47 109.50 109.41 109.06 109.00 109.25 109.81 110.03 110.06 110.03 109.91 109.97 109.94 110.25 110.47 110.78 111.12 111.53 111.88 112.28 112.47 112.56 112.41 112.12 111.81
111.62 112.09 112.41 112.56 112.84 113.03 112.75 111.62 111.78 111.44 110.94 110.28 109.97 110.00 110.06 109.41 109.28 109.44 109.81 110.25 110.34 110.44 110.44 110.12 109.50 109.31 109.16 109.09 109.16 109.00 108.81 108.59 108.38 108.19 107.94 107.78 107.62 107.56 107.47 107.59 107.75 107.78 107.75 107.91 107.91 107.97 107.94 107.88 107.56 107.25 107.28 107.91 108.09 108.12 108.03 107.75 107.72 108.00 108.56 108.84 108.94 108.94 108.81 108.88 108.84 109.12 109.41 109.66 109.94 110.31 110.69 111.03 111.38 111.50 111.47 111.22 110.94
111.16 111.47 111.56 111.88 111.41 111.03 110.09 110.44 110.34 110.12 109.81 109.31 108.88 108.91 108.78 108.31 108.34 108.56 108.78 108.84 108.81 108.97 109.25 109.16 108.88 108.53 108.38 108.34 108.19 107.97 107.69 107.41 107.19 107.06 106.91 106.75 106.56 106.50 106.47 106.62 106.69 106.75 106.75 106.72 106.81 106.81 106.78 106.75 106.53 106.19 106.28 106.53 106.72 106.81 106.84 106.78 106.69 106.88 107.44 107.69 107.81 107.81 107.75 107.78 107.78 108.00 108.19 108.41 108.69 108.91 109.19 109.31 109.97 110.22 110.28 110.16 110.00
110.53 110.59 110.59 110.47 109.34 109.09 108.94 109.00 108.88 108.75 108.62 108.41 107.91 107.66 107.56 107.44 107.25 107.69 107.75 107.66 107.56 107.41 108.09 108.03 107.91 107.81 107.56 107.31 107.16 106.88 106.47 106.16 106.03 105.97 105.84 105.66 105.53 105.53 105.47 105.62 105.66 105.69 105.75 105.72 105.75 105.72 105.66 105.50 105.22 105.00 105.03 105.16 105.19 105.62 105.69 105.72 105.62 105.81 106.34 106.56 106.69 106.75 106.75 106.69 106.72 107.06 106.97 107.03 107.03 107.19 107.28 107.59 108.50 108.81 108.97 108.97 108.84
109.62 109.62 108.91 108.31 107.75 107.34 106.03 106.44 106.88 107.38 107.47 107.34 107.00 106.50 106.25 106.44 106.72 106.72 106.56 106.47 106.31 105.91 106.84 106.88 106.72 106.75 106.59 106.41 106.22 105.66 105.28 105.09 104.97 104.88 104.81 104.69 104.62 104.56 104.50 104.59 104.62 104.66 104.72 104.66 104.69 104.66 104.59 104.41 104.06 103.91 103.88 103.91 103.97 104.09 104.09 104.53 104.62 104.56 104.78 105.28 105.50 105.62 105.81 105.59 105.62 105.66 105.69 105.81 105.75 105.88 106.12 106.56 107.06 107.44 107.62 107.72 107.69
108.50 107.81 107.03 106.03 105.19 104.78 104.56 104.53 105.28 106.28 106.44 106.28 105.78 105.47 105.22 105.09 105.28 105.41 105.34 105.38 105.00 104.53 105.34 104.91 105.31 105.50 105.44 105.22 104.88 104.53 104.19 104.06 103.94 103.91 103.84 103.78 103.72 103.66 103.56 103.62 103.56 103.59 103.66 103.66 103.59 103.62 103.56 103.44 103.16 102.84 102.81 102.88 103.00 103.09 103.28 103.69 103.81 103.69 103.62 103.88 104.25 104.44 104.53 104.38 104.50 104.59 104.50 104.53 104.66 104.91 105.16 105.22 105.66 106.09 106.34 106.50 106.56
106.53 105.88 105.78 105.56 105.28 104.25 104.12 104.12 104.56 105.34 105.59 105.38 104.81 104.56 104.41 104.12 104.00 104.00 104.03 104.22 103.84 103.53 103.50 103.66 104.16 104.19 104.09 103.88 103.41 103.06 103.06 103.09 103.03 103.00 102.97 102.91 102.84 102.78 102.69 102.78 102.56 102.53 102.53 102.59 102.59 102.59 102.56 102.44 102.28 101.81 101.69 101.81 102.09 102.22 102.53 102.72 102.84 102.88 102.75 102.78 103.09 103.25 103.44 103.19 103.38 103.44 103.44 103.41 103.44 103.56 103.72 103.91 104.66 104.94 105.12 105.31 105.44
105.47 105.31 104.78 104.22 103.94 103.53 103.56 103.59 104.09 104.62 104.88 104.62 104.16 103.84 103.53 103.25 103.19 102.84 102.84 102.75 102.59 102.56 102.69 102.56 102.66 102.78 102.66 102.38 102.00 101.94 102.00 102.12 102.12 102.12 102.09 102.06 101.94 101.88 101.78 101.81 101.62 101.53 101.53 101.59 101.56 101.53 101.47 101.31 101.09 100.81 100.50 100.38 100.81 101.03 101.56 101.66 101.78 101.84 101.88 101.78 102.00 102.12 102.28 102.09 102.25 102.34 102.47 102.47 102.47 102.53 102.72 103.12 103.47 103.72 103.84 104.03 103.91
104.38 104.03 103.53 103.16 102.84 102.72 102.84 103.03 103.50 104.03 104.25 104.00 103.56 103.16 102.75 102.44 102.25 102.03 101.72 101.50 101.25 101.03 101.44 101.44 101.28 101.38 101.25 100.94 100.91 100.69 100.91 101.09 101.22 101.22 101.22 101.19 101.12 101.03 100.94 100.88 100.69 100.59 100.50 100.53 100.53 100.44 100.28 100.16 99.97 99.72 99.34 99.03 99.34 99.59 100.22 100.38 100.47 100.38 100.66 100.69 100.91 100.97 101.16 101.06 101.12 101.34 101.44 101.53 101.53 101.69 101.81 102.03 102.34 102.44 102.47 102.44 102.25
103.00 102.78 102.44 102.12 102.00 102.09 102.19 102.38 102.88 103.44 103.69 103.44 103.00 102.50 102.03 101.59 101.34 101.09 100.81 100.50 100.16 99.78 99.38 99.38 99.78 100.09 100.06 99.94 99.88 99.91 99.91 100.09 100.31 100.34 100.38 100.31 100.28 100.16 100.03 99.97 99.94 99.66 99.62 99.50 99.47 99.34 99.16 98.88 98.62 98.47 98.03 97.94 97.91 98.03 98.44 99.00 99.22 99.19 99.19 99.38 99.78 99.84 100.03 100.00 100.12 100.34 100.50 100.56 100.69 100.81 100.91 101.00 101.12 101.16 101.12 101.09 100.72
101.41 101.44 101.28 101.31 101.41 101.47 101.53 101.78 102.25 102.75 103.00 102.81 102.22 101.75 101.19 100.75 100.41 100.19 99.94 99.69 99.34 99.16 98.88 98.59 98.50 98.97 98.97 98.97 99.09 99.06 99.06 99.19 99.44 99.50 99.53 99.47 99.41 99.22 99.06 98.97 99.00 98.72 98.66 98.50 98.44 98.28 98.03 97.66 97.38 97.25 97.03 96.94 96.91 97.00 97.38 97.72 97.94 98.03 97.84 97.91 98.50 98.72 98.97 98.88 99.09 99.44 99.56 99.72 99.88 99.97 99.91 99.94 99.88 99.78 99.72 99.59 99.62
99.72 100.34 100.34 100.47 100.75 100.75 100.88 101.06 101.50 101.94 102.16 102.03 101.47 100.81 100.25 99.88 99.47 99.22 98.97 98.72 98.47 98.25 98.03 97.78 97.75 97.84 97.84 98.06 98.19 98.22 98.25 98.38 98.62 98.69 98.69 98.62 98.56 98.34 98.09 97.97 97.88 97.78 97.66 97.53 97.41 97.22 97.00 96.62 96.47 96.34 96.16 95.97 95.94 95.91 96.19 96.38 96.62 96.84 96.81 96.81 97.31 97.62 97.91 97.84 98.16 98.50 98.62 98.72 98.84 98.78 98.62 98.50 98.38 98.41 98.38 98.31 98.62
98.88 99.31 99.56 99.72 100.00 100.03 100.12 100.31 100.66 100.94 101.12 101.06 100.59 99.91 99.22 98.94 98.53 98.19 97.97 97.78 97.59 97.38 97.19 97.06 97.00 96.97 96.97 97.09 97.31 97.41 97.47 97.62 97.81 97.91 97.91 97.81 97.69 97.50 97.25 97.03 96.84 96.69 96.56 96.50 96.44 96.22 96.03 95.81 95.62 95.47 95.28 95.06 94.97 95.00 94.91 94.91 95.19 95.34 95.53 95.69 96.06 96.56 96.97 96.91 97.16 97.44 97.59 97.69 97.69 97.38 97.12 97.03 97.12 97.31 97.31 97.41 97.62
97.97 98.44 98.66 98.97 99.25 99.34 99.34 99.47 99.62 99.81 100.00 99.97 99.56 98.88 98.31 97.84 97.50 97.16 96.97 96.84 96.69 96.50 96.38 96.25 96.09 96.00 96.06 96.16 96.34 96.56 96.69 96.88 97.03 97.16 97.16 97.06 96.88 96.66 96.44 96.19 95.94 95.69 95.53 95.50 95.44 95.31 95.12 94.94 94.78 94.62 94.41 94.16 94.12 93.88 93.69 93.84 93.88 94.09 94.44 94.72 95.06 95.41 95.75 95.94 96.16 96.38 96.53 96.56 96.53 96.22 95.97 95.91 96.19 96.34 96.47 96.47 96.62
97.16 97.59 97.69 98.22 98.47 98.59 98.53 98.50 98.38 98.69 98.78 98.72 98.38 97.78 97.25 96.75 96.44 96.06 95.91 95.78 95.72 95.56 95.44 95.31 95.12 95.09 95.12 95.28 95.47 95.66 95.84 96.03 96.28 96.41 96.44 96.34 96.16 95.88 95.62 95.28 95.06 94.88 94.47 94.53 94.50 94.38 94.22 94.00 93.88 93.75 93.53 93.31 93.22 92.94 92.66 92.69 92.81 93.03 93.47 93.88 94.16 94.38 94.62 95.06 95.22 95.34 95.44 95.41 95.38 95.06 94.97 95.06 95.34 95.47 95.66 95.53 95.66
96.22 96.44 96.69 97.38 97.66 97.81 97.81 97.72 97.44 97.59 97.62 97.53 97.16 96.72 96.19 95.47 95.19 94.97 94.72 94.72 94.62 94.56 94.47 94.38 94.16 94.12 94.19 94.38 94.56 94.75 94.97 95.25 95.53 95.69 95.78 95.69 95.50 95.22 94.91 94.47 94.22 93.97 93.69 93.66 93.59 93.47 93.31 93.09 92.94 92.81 92.59 92.44 92.22 92.00 91.78 91.78 91.94 92.12 92.47 92.81 93.12 93.44 93.44 93.75 94.06 94.22 94.25 94.22 94.03 93.72 93.94 94.19 94.44 94.56 94.66 94.62 94.69
95.03 95.25 95.62 96.12 96.78 97.00 97.00 96.78 96.53 96.59 96.59 96.41 96.03 95.66 94.69 94.09 93.94 93.78 93.53 93.53 93.50 93.47 93.41 93.38 93.25 93.16 93.22 93.44 93.62 93.81 94.00 94.28 94.62 94.97 95.12 95.09 94.88 94.56 94.19 93.72 93.38 93.09 92.72 92.78 92.69 92.56 92.41 92.19 92.06 91.88 91.62 91.44 91.16 90.97 90.84 90.84 91.06 91.28 91.44 91.72 92.03 92.38 92.53 92.69 93.00 93.09 93.06 92.84 92.47 92.38 92.72 93.31 93.44 93.56 93.75 93.62 93.66
93.78 94.47 94.84 95.44 95.88 96.09 96.12 95.84 95.72 95.81 95.69 95.41 95.00 94.53 93.12 92.78 92.66 92.56 92.41 92.44 92.34 92.38 92.34 92.34 92.28 92.19 92.22 92.44 92.66 92.81 92.97 93.22 93.88 94.28 94.44 94.44 94.22 93.84 93.44 92.94 92.50 92.25 91.91 91.84 91.75 91.62 91.47 91.28 91.09 90.91 90.69 90.41 90.16 89.97 89.88 89.81 90.06 90.28 90.41 90.59 90.97 91.22 91.59 91.56 91.91 91.91 91.88 91.66 91.41 91.22 91.47 92.12 92.31 92.47 92.47 92.59 92.84
