everonasctiles/Tile[26,22].asc
ncols 128
nrows 128
xllcorner 0
yllcorner 0
cellsize 2.0
NODATA_value  -9999
[rows 68 to 101 of 128, columns 0 to 76 of 128]
97.22 97.19 97.19 97.16 97.12 97.09 97.06 97.03 97.00 96.94 96.91 96.84 96.78 96.72 96.66 96.56 96.50 96.22 96.00 95.81 95.69 95.72 95.75 95.78 95.84 96.16 96.41 96.66 96.62 96.59 96.53 96.47 96.41 96.38 95.88 95.53 96.12 96.66 96.78 96.72 96.72 96.72 96.69 96.66 96.62 96.59 96.56 96.53 96.53 96.53 96.53 96.53 96.56 96.56 96.59 96.62 96.62 96.66 96.69 96.69 96.69 96.69 96.69 96.69 96.69 96.69 96.69 96.72 96.69 96.69 96.69 96.72 96.72 96.72 96.72 96.75 96.78
97.06 97.03 97.00 97.00 96.97 96.91 96.88 96.84 96.78 96.75 96.69 96.62 96.56 96.50 96.47 96.41 96.31 95.97 95.69 95.53 95.44 95.47 95.50 95.53 95.78 96.03 96.19 96.41 96.38 96.31 96.25 96.22 96.16 96.00 95.81 95.31 95.78 96.25 96.50 96.47 96.47 96.47 96.47 96.44 96.41 96.38 96.38 96.34 96.34 96.34 96.34 96.38 96.38 96.41 96.41 96.44 96.44 96.44 96.44 96.44 96.44 96.47 96.47 96.47 96.50 96.50 96.50 96.50 96.53 96.50 96.50 96.53 96.53 96.53 96.56 96.59 96.62
96.88 96.88 96.84 96.81 96.78 96.75 96.69 96.66 96.59 96.53 96.47 96.44 96.38 96.31 96.25 96.25 96.03 95.56 95.31 95.22 95.22 95.22 95.25 95.41 95.72 95.84 96.00 96.16 96.09 96.09 96.03 95.94 95.88 95.81 95.72 95.03 95.34 95.84 96.22 96.22 96.22 96.25 96.25 96.22 96.22 96.19 96.16 96.16 96.16 96.16 96.19 96.19 96.22 96.22 96.22 96.22 96.22 96.22 96.22 96.22 96.25 96.25 96.28 96.28 96.28 96.31 96.31 96.31 96.34 96.34 96.34 96.34 96.38 96.38 96.41 96.44 96.47
96.72 96.69 96.66 96.62 96.59 96.56 96.50 96.47 96.41 96.34 96.28 96.22 96.16 96.09 96.06 96.09 95.66 95.19 95.00 95.00 95.00 95.00 95.06 95.41 95.53 95.69 95.81 95.97 95.94 95.88 95.81 95.72 95.66 95.59 95.50 95.03 94.94 95.41 95.88 95.94 95.97 96.00 96.00 96.00 96.00 96.00 95.97 95.97 95.97 95.97 96.00 96.00 96.00 96.00 96.00 95.97 95.97 95.97 95.97 96.00 96.00 96.03 96.03 96.06 96.09 96.09 96.12 96.12 96.16 96.16 96.16 96.19 96.19 96.22 96.25 96.28 96.31
96.53 96.53 96.50 96.47 96.44 96.38 96.31 96.25 96.19 96.12 96.06 96.00 95.94 95.88 95.91 95.72 95.31 94.94 94.78 94.78 94.78 94.78 95.06 95.22 95.34 95.50 95.62 95.78 95.75 95.66 95.59 95.53 95.44 95.38 95.28 95.09 94.53 94.97 95.50 95.66 95.69 95.72 95.75 95.75 95.78 95.78 95.78 95.78 95.78 95.78 95.78 95.78 95.75 95.75 95.72 95.72 95.72 95.72 95.72 95.72 95.75 95.78 95.81 95.81 95.84 95.88 95.91 95.94 95.97 96.00 96.00 96.03 96.06 96.09 96.12 96.16 96.19
96.38 96.34 96.31 96.28 96.25 96.22 96.16 96.06 96.00 95.91 95.84 95.78 95.69 95.62 95.53 95.28 94.97 94.72 94.62 94.59 94.56 94.69 94.91 95.03 95.16 95.31 95.44 95.38 95.53 95.44 95.38 95.31 95.22 95.16 95.06 94.97 94.28 94.53 95.06 95.34 95.41 95.47 95.50 95.50 95.53 95.53 95.56 95.56 95.56 95.56 95.56 95.53 95.50 95.47 95.47 95.47 95.44 95.44 95.47 95.47 95.50 95.50 95.53 95.56 95.59 95.62 95.66 95.69 95.72 95.75 95.81 95.84 95.91 95.94 95.97 96.03 96.06
96.19 96.16 96.16 96.12 96.09 96.03 95.97 95.88 95.78 95.72 95.62 95.53 95.44 95.28 95.03 94.84 94.66 94.53 94.44 94.41 94.41 94.59 94.72 94.84 95.00 95.12 95.19 94.69 95.28 95.25 95.16 95.09 95.03 94.94 94.88 94.81 94.47 94.09 94.53 94.94 95.09 95.19 95.22 95.25 95.28 95.31 95.31 95.34 95.31 95.31 95.31 95.25 95.22 95.19 95.19 95.19 95.19 95.19 95.19 95.19 95.22 95.25 95.28 95.31 95.31 95.38 95.41 95.44 95.47 95.50 95.56 95.62 95.69 95.75 95.81 95.88 95.91
95.97 95.97 95.97 95.94 95.91 95.84 95.78 95.69 95.59 95.47 95.38 95.28 95.16 94.94 94.72 94.56 94.44 94.34 94.25 94.22 94.25 94.41 94.53 94.66 94.81 94.94 94.44 94.53 94.94 95.09 95.00 94.94 94.84 94.78 94.69 94.59 94.50 93.75 94.00 94.53 94.75 94.84 94.88 94.94 94.97 95.00 95.03 95.03 95.00 95.00 94.97 94.94 94.94 94.91 94.91 94.91 94.91 94.91 94.91 94.94 94.94 94.97 95.00 95.03 95.06 95.09 95.12 95.16 95.19 95.25 95.31 95.38 95.47 95.56 95.62 95.69 95.75
95.75 95.78 95.78 95.78 95.75 95.69 95.59 95.50 95.38 95.25 95.12 95.00 94.81 94.59 94.44 94.31 94.22 94.12 94.06 93.97 94.09 94.22 94.34 94.47 94.62 94.38 94.25 94.38 94.50 94.91 94.84 94.75 94.69 94.62 94.53 94.47 94.38 94.06 93.53 93.97 94.28 94.44 94.53 94.59 94.66 94.69 94.72 94.72 94.69 94.69 94.66 94.62 94.62 94.59 94.59 94.59 94.59 94.59 94.62 94.62 94.66 94.69 94.69 94.72 94.75 94.81 94.84 94.88 94.91 94.97 95.03 95.12 95.19 95.31 95.41 95.47 95.53
95.53 95.59 95.62 95.59 95.56 95.50 95.41 95.31 95.16 94.97 94.81 94.66 94.47 94.28 94.16 94.06 93.97 93.91 93.75 93.78 93.91 94.03 94.16 94.31 94.28 94.00 94.06 94.16 94.19 94.62 94.69 94.62 94.53 94.47 94.38 94.31 94.22 94.12 93.56 93.56 93.84 94.03 94.16 94.25 94.31 94.38 94.38 94.38 94.38 94.34 94.34 94.31 94.28 94.28 94.28 94.28 94.31 94.31 94.34 94.34 94.38 94.38 94.41 94.44 94.47 94.50 94.53 94.59 94.62 94.69 94.75 94.81 94.91 95.03 95.16 95.22 95.28
95.25 95.34 95.41 95.41 95.41 95.34 95.22 95.09 94.91 94.69 94.47 94.28 94.09 93.94 93.84 93.78 93.72 93.59 93.44 93.59 93.72 93.84 93.97 94.09 93.78 93.84 93.91 93.91 93.97 94.12 94.53 94.47 94.41 94.31 94.25 94.16 94.09 94.00 93.88 93.28 93.50 93.69 93.84 93.94 94.00 94.03 94.06 94.06 94.03 94.03 94.00 93.97 93.97 93.97 93.97 93.97 93.97 94.00 94.00 94.03 94.06 94.09 94.12 94.16 94.19 94.22 94.25 94.28 94.34 94.38 94.44 94.53 94.59 94.72 94.84 94.94 94.97
94.94 95.06 95.16 95.19 95.19 95.12 95.06 94.91 94.62 94.34 94.09 93.91 93.75 93.66 93.56 93.53 93.44 93.16 93.28 93.41 93.53 93.66 93.81 93.66 93.59 93.62 93.66 93.69 93.72 93.78 94.25 94.34 94.25 94.19 94.12 94.06 93.97 93.91 93.81 93.59 93.28 93.41 93.53 93.62 93.69 93.72 93.75 93.72 93.72 93.69 93.66 93.66 93.62 93.62 93.66 93.66 93.66 93.69 93.69 93.72 93.75 93.78 93.81 93.84 93.88 93.94 93.97 94.00 94.03 94.09 94.12 94.19 94.28 94.38 94.50 94.59 94.66
94.34 94.59 94.72 94.81 94.84 94.84 94.75 94.59 94.28 93.97 93.72 93.56 93.44 93.38 93.31 93.25 92.91 93.00 93.12 93.25 93.38 93.50 93.47 93.34 93.34 93.41 93.41 93.47 93.50 93.53 93.66 94.22 94.16 94.09 94.00 93.94 93.84 93.78 93.69 93.62 93.28 93.16 93.25 93.34 93.38 93.41 93.44 93.41 93.38 93.34 93.31 93.31 93.31 93.31 93.31 93.34 93.34 93.38 93.41 93.44 93.44 93.47 93.50 93.56 93.59 93.62 93.66 93.69 93.72 93.78 93.81 93.88 93.91 94.00 94.12 94.25 94.34
93.66 94.00 94.22 94.38 94.47 94.50 94.44 94.22 93.91 93.56 93.34 93.22 93.16 93.09 93.03 92.72 92.69 92.81 92.97 93.09 93.22 93.28 93.09 93.12 93.12 93.16 93.19 93.22 93.25 93.28 93.31 93.78 94.03 93.97 93.91 93.81 93.75 93.66 93.59 93.50 93.38 93.00 93.00 93.06 93.09 93.12 93.12 93.09 93.06 93.03 93.00 92.97 93.00 93.00 93.03 93.03 93.06 93.06 93.09 93.12 93.16 93.19 93.22 93.25 93.28 93.31 93.38 93.41 93.44 93.47 93.50 93.53 93.56 93.66 93.78 93.91 94.03
93.00 93.34 93.69 93.91 94.03 94.09 94.00 93.78 93.44 93.12 93.00 92.94 92.84 92.78 92.56 92.41 92.53 92.66 92.78 92.91 93.03 92.81 92.81 92.84 92.91 92.91 92.94 92.97 92.97 93.00 93.06 93.09 93.81 93.84 93.78 93.69 93.62 93.53 93.47 93.38 93.31 93.16 92.75 92.81 92.84 92.84 92.84 92.78 92.75 92.69 92.69 92.66 92.69 92.69 92.72 92.72 92.75 92.75 92.78 92.81 92.84 92.88 92.91 92.94 93.00 93.03 93.06 93.09 93.12 93.16 93.19 93.22 93.25 93.38 93.50 93.66 93.78
92.56 92.81 93.16 93.38 93.50 93.53 93.53 93.34 93.00 92.75 92.69 92.62 92.56 92.38 92.12 92.25 92.38 92.50 92.62 92.75 92.53 92.53 92.56 92.59 92.62 92.66 92.69 92.69 92.72 92.75 92.81 92.84 93.06 93.72 93.66 93.59 93.50 93.44 93.34 93.28 93.22 93.16 92.91 92.56 92.62 92.62 92.56 92.50 92.44 92.38 92.34 92.38 92.38 92.41 92.44 92.47 92.47 92.50 92.53 92.56 92.56 92.59 92.62 92.66 92.69 92.72 92.78 92.81 92.84 92.88 92.91 92.97 93.06 93.19 93.31 93.44 93.56
92.28 92.41 92.69 92.91 93.00 93.03 93.00 92.88 92.62 92.47 92.41 92.34 92.22 91.84 91.97 92.09 92.22 92.34 92.47 92.34 92.22 92.25 92.31 92.31 92.34 92.38 92.41 92.44 92.47 92.50 92.53 92.56 92.62 93.22 93.53 93.47 93.41 93.34 93.28 93.19 93.12 93.06 92.97 92.59 92.44 92.41 92.22 92.12 92.06 92.06 92.06 92.09 92.12 92.16 92.19 92.22 92.25 92.28 92.28 92.31 92.34 92.34 92.38 92.41 92.44 92.47 92.50 92.53 92.56 92.62 92.72 92.78 92.91 93.00 93.12 93.25 93.38
92.09 92.09 92.22 92.41 92.53 92.56 92.53 92.41 92.31 92.25 92.19 92.09 91.59 91.69 91.81 91.94 92.06 92.19 92.12 91.88 91.94 91.94 92.00 92.03 92.06 92.09 92.12 92.19 92.22 92.25 92.28 92.31 92.38 92.44 93.28 93.41 93.31 93.25 93.19 93.09 93.03 92.97 92.91 92.81 92.38 92.31 91.94 91.84 91.81 91.78 91.81 91.84 91.91 91.94 92.00 92.03 92.03 92.06 92.06 92.06 92.09 92.12 92.16 92.16 92.22 92.25 92.31 92.34 92.41 92.50 92.56 92.66 92.75 92.84 92.97 93.09 93.19
91.91 91.91 91.94 92.00 92.06 92.06 92.06 92.03 92.12 92.09 91.97 91.41 91.41 91.53 91.66 91.78 91.91 91.94 91.56 91.56 91.59 91.62 91.69 91.75 91.78 91.84 91.88 91.94 91.97 92.00 92.03 92.09 92.12 92.22 92.47 93.25 93.22 93.16 93.09 93.03 92.94 92.88 92.81 92.72 92.62 92.28 91.72 91.66 91.62 91.62 91.66 91.69 91.75 91.78 91.81 91.84 91.84 91.88 91.88 91.91 91.91 91.94 91.97 92.00 92.06 92.12 92.16 92.22 92.28 92.38 92.44 92.53 92.62 92.72 92.81 92.94 93.06
91.75 91.75 91.75 91.75 91.72 91.72 91.78 92.00 92.19 92.22 91.38 91.16 91.28 91.41 91.50 91.66 91.72 91.28 91.25 91.28 91.31 91.38 91.44 91.47 91.53 91.56 91.62 91.69 91.75 91.78 91.81 91.88 91.94 92.00 92.09 92.53 93.12 93.06 93.00 92.94 92.84 92.78 92.72 92.66 92.56 92.44 91.75 91.50 91.47 91.50 91.59 91.62 91.66 91.66 91.69 91.72 91.72 91.75 91.75 91.75 91.78 91.78 91.84 91.91 91.94 92.00 92.06 92.12 92.19 92.25 92.31 92.41 92.50 92.56 92.69 92.78 92.91
91.59 91.59 91.59 91.56 91.56 91.56 91.72 92.00 92.16 91.38 90.88 91.00 91.12 91.25 91.38 91.50 91.06 90.97 90.97 91.00 91.03 91.09 91.16 91.22 91.28 91.34 91.41 91.47 91.53 91.59 91.62 91.69 91.75 91.81 91.88 91.97 92.59 92.97 92.91 92.84 92.78 92.69 92.62 92.56 92.50 92.41 92.16 91.41 91.28 91.31 91.44 91.59 91.62 91.62 91.62 91.66 91.66 91.66 91.66 91.66 91.69 91.72 91.75 91.81 91.84 91.91 91.97 92.00 92.06 92.12 92.19 92.28 92.34 92.44 92.53 92.62 92.75
91.44 91.44 91.41 91.41 91.41 91.44 91.59 91.78 91.25 90.66 90.75 90.88 91.00 91.12 91.22 90.91 90.72 90.69 90.72 90.72 90.78 90.84 90.91 90.97 91.06 91.12 91.19 91.28 91.34 91.38 91.44 91.50 91.56 91.62 91.69 91.75 91.84 92.62 92.81 92.75 92.69 92.62 92.53 92.47 92.41 92.31 92.25 91.81 91.16 91.19 91.38 91.53 91.62 91.62 91.62 91.62 91.59 91.59 91.59 91.62 91.62 91.66 91.69 91.72 91.78 91.81 91.88 91.91 91.97 92.03 92.09 92.16 92.22 92.31 92.34 92.41 92.47
91.28 91.28 91.25 91.25 91.25 91.28 91.34 90.94 90.41 90.53 90.62 90.75 90.88 91.00 90.75 90.47 90.44 90.44 90.47 90.50 90.56 90.62 90.69 90.78 90.88 90.94 91.03 91.09 91.16 91.22 91.28 91.31 91.38 91.44 91.50 91.56 91.62 91.72 92.59 92.66 92.59 92.53 92.44 92.38 92.31 92.25 92.16 92.09 91.56 91.12 91.38 91.50 91.59 91.59 91.59 91.59 91.56 91.56 91.56 91.59 91.59 91.62 91.62 91.66 91.72 91.75 91.78 91.81 91.88 91.94 91.97 92.03 92.09 92.12 92.16 92.19 92.25
91.12 91.09 91.09 91.12 91.12 91.12 90.47 90.12 90.28 90.41 90.50 90.62 90.75 90.59 90.25 90.22 90.22 90.22 90.25 90.31 90.38 90.44 90.53 90.62 90.69 90.78 90.84 90.91 91.00 91.03 91.09 91.16 91.22 91.28 91.31 91.38 91.44 91.50 91.72 92.53 92.50 92.44 92.38 92.28 92.22 92.16 92.09 92.03 91.97 91.22 91.00 91.44 91.50 91.56 91.56 91.53 91.53 91.53 91.56 91.56 91.56 91.56 91.59 91.62 91.66 91.69 91.72 91.75 91.78 91.81 91.88 91.91 91.97 92.00 92.00 92.00 92.00
90.94 90.91 90.94 90.97 90.94 90.09 89.88 90.00 90.12 90.25 90.38 90.50 90.41 90.06 90.03 90.00 90.00 90.03 90.06 90.16 90.22 90.31 90.38 90.47 90.56 90.62 90.69 90.75 90.81 90.88 90.94 91.00 91.06 91.09 91.16 91.22 91.25 91.31 91.38 91.78 92.41 92.34 92.28 92.19 92.16 92.09 92.03 91.97 91.91 91.81 91.06 91.28 91.34 91.44 91.47 91.50 91.44 91.44 91.44 91.44 91.44 91.44 91.47 91.56 91.59 91.62 91.66 91.69 91.72 91.75 91.78 91.81 91.84 91.88 91.88 91.84 91.66
90.69 90.69 90.72 90.53 89.53 89.59 89.75 89.88 90.03 90.16 90.25 90.22 89.88 89.88 89.81 89.81 89.84 89.84 89.94 90.03 90.12 90.19 90.28 90.34 90.44 90.50 90.56 90.62 90.69 90.75 90.78 90.84 90.91 90.94 91.00 91.06 91.09 91.16 91.19 91.25 91.84 92.25 92.19 92.16 92.09 92.03 91.97 91.91 91.84 91.78 91.69 91.09 91.16 91.19 91.28 91.41 91.44 91.44 91.44 91.44 91.44 91.44 91.44 91.44 91.56 91.59 91.62 91.66 91.66 91.69 91.72 91.72 91.75 91.78 91.78 91.66 91.66
90.41 90.41 89.84 89.19 89.34 89.47 89.62 89.78 89.91 90.03 90.00 89.66 89.66 89.66 89.62 89.66 89.69 89.75 89.81 89.94 90.03 90.09 90.19 90.25 90.28 90.34 90.41 90.47 90.53 90.59 90.66 90.72 90.75 90.81 90.84 90.91 90.94 90.97 91.03 91.09 91.16 91.91 92.12 92.09 92.03 91.97 91.91 91.84 91.78 91.72 91.66 91.56 90.91 90.97 91.06 91.25 91.44 91.44 91.44 91.44 91.44 91.44 91.44 91.44 91.50 91.56 91.59 91.59 91.62 91.62 91.66 91.66 91.66 91.69 91.72 91.69 91.66
89.97 89.03 88.91 89.09 89.22 89.38 89.53 89.66 89.78 89.66 89.38 89.38 89.41 89.44 89.47 89.50 89.56 89.62 89.72 89.81 89.91 90.00 90.06 90.09 90.16 90.22 90.28 90.34 90.41 90.47 90.53 90.56 90.62 90.66 90.72 90.75 90.78 90.81 90.88 90.91 90.94 91.03 91.81 92.00 91.97 91.91 91.84 91.78 91.72 91.66 91.59 91.53 91.41 90.62 90.94 91.12 91.44 91.44 91.44 91.44 91.44 91.44 91.44 91.47 91.50 91.53 91.56 91.56 91.59 91.59 91.62 91.62 91.62 91.62 91.62 91.66 91.66
88.53 88.66 88.81 88.97 89.12 89.28 89.41 89.56 89.28 89.09 89.09 89.16 89.19 89.22 89.31 89.41 89.47 89.53 89.62 89.72 89.78 89.84 89.91 89.94 90.00 90.06 90.12 90.19 90.28 90.34 90.38 90.44 90.50 90.53 90.56 90.62 90.66 90.69 90.69 90.72 90.75 90.81 90.88 91.75 91.88 91.84 91.78 91.72 91.66 91.59 91.53 91.47 91.41 91.25 90.97 91.03 91.38 91.44 91.44 91.44 91.44 91.44 91.44 91.44 91.47 91.50 91.53 91.53 91.56 91.56 91.59 91.59 91.62 91.62 91.62 91.66 91.69
88.41 88.56 88.72 88.88 89.00 89.16 89.25 88.81 88.78 88.81 88.88 88.94 89.00 89.09 89.19 89.28 89.34 89.44 89.50 89.56 89.62 89.66 89.72 89.78 89.84 89.91 90.00 90.06 90.12 90.22 90.28 90.31 90.38 90.41 90.44 90.50 90.50 90.53 90.53 90.56 90.56 90.59 90.66 90.75 91.66 91.75 91.72 91.66 91.59 91.53 91.47 91.41 91.34 91.28 91.12 90.62 91.09 91.38 91.44 91.44 91.44 91.41 91.41 91.41 91.44 91.44 91.47 91.50 91.53 91.56 91.56 91.59 91.59 91.62 91.62 91.62 91.66
88.31 88.47 88.62 88.78 88.91 88.81 88.47 88.47 88.50 88.56 88.62 88.75 88.84 88.94 89.06 89.16 89.22 89.28 89.34 89.38 89.41 89.47 89.53 89.62 89.69 89.78 89.84 89.94 90.00 90.09 90.16 90.22 90.25 90.28 90.34 90.38 90.38 90.38 90.41 90.41 90.41 90.41 90.44 90.50 90.66 91.59 91.66 91.59 91.53 91.47 91.41 91.34 91.28 91.22 91.16 90.88 90.47 91.06 91.38 91.44 91.41 91.38 91.34 91.34 91.38 91.41 91.44 91.47 91.50 91.53 91.56 91.56 91.59 91.59 91.62 91.62 91.66
88.22 88.38 88.53 88.62 88.25 88.12 88.19 88.19 88.25 88.31 88.44 88.56 88.66 88.78 88.88 88.97 89.06 89.09 89.12 89.16 89.22 89.28 89.38 89.44 89.53 89.62 89.72 89.81 89.91 89.97 90.03 90.09 90.16 90.19 90.22 90.25 90.25 90.25 90.25 90.25 90.25 90.25 90.25 90.31 90.38 90.59 91.50 91.53 91.47 91.41 91.34 91.28 91.22 91.16 91.09 91.03 90.72 90.56 91.03 91.19 91.28 91.28 91.25 91.28 91.31 91.34 91.38 91.41 91.47 91.50 91.53 91.56 91.56 91.59 91.59 91.62 91.66
88.12 88.25 88.12 87.66 87.69 87.75 87.84 87.94 88.00 88.12 88.25 88.38 88.50 88.59 88.69 88.78 88.84 88.88 88.91 88.94 89.00 89.09 89.19 89.28 89.38 89.50 89.59 89.69 89.78 89.88 89.94 90.00 90.03 90.06 90.09 90.12 90.12 90.12 90.12 90.12 90.09 90.09 90.09 90.09 90.16 90.22 90.56 91.41 91.41 91.34 91.28 91.22 91.16 91.09 91.03 90.97 90.91 90.44 90.97 91.03 91.16 91.16 91.16 91.19 91.22 91.28 91.31 91.38 91.44 91.47 91.50 91.53 91.56 91.56 91.62 91.66 91.66
87.97 87.50 87.25 87.25 87.28 87.38 87.50 87.62 87.81 87.91 88.00 88.16 88.28 88.38 88.47 88.53 88.56 88.62 88.66 88.72 88.78 88.91 89.00 89.12 89.25 89.38 89.50 89.59 89.69 89.78 89.84 89.91 89.94 89.97 90.00 90.03 90.03 90.03 90.00 90.00 89.97 89.97 89.94 89.94 89.94 89.97 90.03 90.59 91.31 91.28 91.22 91.16 91.09 91.03 90.97 90.91 90.84 90.78 90.06 90.62 90.97 91.00 91.03 91.09 91.12 91.19 91.28 91.34 91.41 91.44 91.50 91.50 91.53 91.56 91.66 91.66 91.66
