everonasctiles/Tile20,26.asc
ncols 128
nrows 128
xllcorner 0
yllcorner 0
cellsize 2.0
NODATA_value  -9999
[rows 64 to 95 of 128, columns 0 to 70 of 128]
147.09 147.31 147.50 147.69 147.91 148.06 148.25 148.44 148.59 148.75 148.88 149.00 149.12 149.25 149.38 149.47 149.53 149.62 149.66 149.69 149.72 149.69 149.59 149.47 149.25 148.91 148.47 148.03 147.62 147.25 146.91 146.66 146.41 146.16 145.91 145.66 145.41 145.16 144.88 144.62 144.38 144.09 143.84 143.59 143.34 143.09 142.84 142.59 142.34 142.12 141.88 141.66 141.44 141.22 141.00 140.78 140.56 140.38 140.16 139.97 139.78 139.59 139.41 139.22 139.06 138.91 138.75 138.62 138.47 138.38 138.25
146.94 147.12 147.31 147.53 147.69 147.88 148.06 148.22 148.38 148.50 148.66 148.78 148.91 149.03 149.12 149.22 149.28 149.34 149.41 149.41 149.41 149.34 149.25 149.09 148.81 148.34 147.91 147.44 147.03 146.72 146.44 146.19 145.94 145.69 145.44 145.19 144.94 144.69 144.41 144.16 143.91 143.62 143.38 143.12 142.88 142.62 142.38 142.12 141.88 141.66 141.41 141.19 140.97 140.75 140.53 140.31 140.09 139.91 139.72 139.50 139.31 139.12 138.94 138.78 138.59 138.44 138.28 138.16 138.03 137.91 137.81
146.75 146.97 147.16 147.34 147.50 147.69 147.84 148.00 148.16 148.28 148.44 148.56 148.66 148.78 148.88 148.94 149.03 149.06 149.09 149.09 149.06 149.00 148.88 148.69 148.34 147.84 147.38 146.91 146.56 146.22 145.97 145.72 145.47 145.22 144.97 144.72 144.47 144.19 143.94 143.69 143.41 143.16 142.91 142.66 142.38 142.12 141.91 141.66 141.41 141.19 140.94 140.72 140.50 140.28 140.06 139.84 139.66 139.44 139.25 139.06 138.88 138.69 138.50 138.31 138.16 138.00 137.84 137.69 137.56 137.44 137.34
146.59 146.78 146.97 147.12 147.31 147.47 147.62 147.78 147.94 148.06 148.19 148.31 148.44 148.53 148.62 148.69 148.75 148.78 148.81 148.78 148.75 148.66 148.50 148.25 147.88 147.38 146.91 146.47 146.06 145.78 145.50 145.25 145.00 144.75 144.47 144.22 143.97 143.72 143.47 143.19 142.94 142.69 142.41 142.16 141.91 141.66 141.41 141.19 140.94 140.72 140.47 140.25 140.03 139.81 139.59 139.41 139.19 139.00 138.78 138.59 138.41 138.22 138.03 137.88 137.69 137.53 137.38 137.25 137.09 137.00 136.88
146.41 146.59 146.78 146.94 147.09 147.25 147.41 147.56 147.69 147.84 147.97 148.06 148.19 148.28 148.34 148.41 148.47 148.50 148.50 148.47 148.41 148.28 148.09 147.81 147.44 146.94 146.44 146.03 145.66 145.34 145.06 144.78 144.53 144.25 144.00 143.75 143.50 143.22 142.97 142.72 142.44 142.19 141.94 141.69 141.44 141.19 140.94 140.72 140.47 140.25 140.03 139.81 139.59 139.38 139.16 138.94 138.75 138.53 138.34 138.16 137.97 137.78 137.59 137.41 137.25 137.09 136.94 136.78 136.66 136.53 136.41
146.22 146.41 146.56 146.75 146.91 147.06 147.19 147.34 147.47 147.59 147.72 147.81 147.94 148.00 148.09 148.16 148.19 148.19 148.19 148.12 148.03 147.88 147.69 147.41 147.00 146.56 146.03 145.62 145.25 144.91 144.62 144.31 144.06 143.78 143.50 143.25 143.00 142.72 142.47 142.22 141.97 141.69 141.44 141.19 140.94 140.72 140.47 140.25 140.00 139.78 139.56 139.34 139.12 138.91 138.69 138.50 138.28 138.09 137.91 137.69 137.50 137.34 137.16 136.97 136.81 136.66 136.50 136.34 136.22 136.09 135.97
146.03 146.19 146.38 146.53 146.69 146.84 146.97 147.12 147.25 147.38 147.47 147.56 147.66 147.75 147.81 147.84 147.88 147.88 147.84 147.78 147.66 147.47 147.22 146.91 146.59 146.16 145.62 145.22 144.84 144.47 144.16 143.84 143.56 143.28 143.03 142.75 142.50 142.22 141.97 141.72 141.47 141.22 140.97 140.72 140.47 140.25 140.00 139.78 139.53 139.31 139.09 138.88 138.66 138.47 138.25 138.06 137.84 137.66 137.44 137.25 137.06 136.88 136.72 136.53 136.38 136.22 136.06 135.91 135.75 135.62 135.53
145.81 146.00 146.16 146.31 146.47 146.62 146.75 146.88 147.00 147.12 147.22 147.31 147.41 147.47 147.53 147.56 147.56 147.53 147.47 147.38 147.22 147.00 146.75 146.41 146.06 145.72 145.25 144.78 144.38 144.03 143.69 143.38 143.09 142.81 142.53 142.25 142.00 141.72 141.47 141.22 140.97 140.72 140.47 140.22 140.00 139.75 139.53 139.31 139.09 138.88 138.66 138.44 138.22 138.00 137.81 137.59 137.41 137.22 137.00 136.81 136.62 136.47 136.28 136.09 135.94 135.78 135.62 135.47 135.34 135.19 135.09
145.62 145.78 145.94 146.09 146.25 146.38 146.53 146.66 146.78 146.88 146.97 147.06 147.16 147.19 147.25 147.25 147.25 147.19 147.09 146.94 146.72 146.47 146.19 145.88 145.56 145.25 144.78 144.31 143.91 143.56 143.22 142.91 142.59 142.31 142.03 141.75 141.47 141.22 140.97 140.72 140.47 140.22 140.00 139.75 139.53 139.28 139.06 138.84 138.62 138.41 138.19 137.97 137.78 137.56 137.38 137.16 136.97 136.78 136.59 136.41 136.22 136.03 135.84 135.69 135.50 135.34 135.19 135.03 134.91 134.78 134.66
145.41 145.56 145.72 145.88 146.03 146.16 146.28 146.41 146.53 146.62 146.72 146.81 146.88 146.91 146.94 146.94 146.91 146.81 146.69 146.47 146.19 145.88 145.56 145.25 145.03 144.66 144.25 143.81 143.44 143.06 142.72 142.41 142.09 141.78 141.50 141.22 140.97 140.72 140.47 140.22 139.97 139.75 139.50 139.28 139.06 138.84 138.59 138.41 138.19 137.97 137.75 137.53 137.34 137.12 136.94 136.72 136.53 136.34 136.16 135.97 135.78 135.59 135.44 135.25 135.09 134.94 134.78 134.62 134.50 134.34 134.25
145.19 145.34 145.50 145.66 145.78 145.94 146.06 146.19 146.28 146.41 146.47 146.56 146.59 146.66 146.66 146.62 146.56 146.44 146.25 145.97 145.66 145.28 144.97 144.66 144.38 144.06 143.69 143.28 142.91 142.56 142.22 141.88 141.56 141.28 141.00 140.72 140.44 140.19 139.94 139.72 139.47 139.25 139.03 138.81 138.59 138.38 138.16 137.94 137.72 137.50 137.31 137.09 136.91 136.69 136.50 136.31 136.09 135.91 135.72 135.53 135.38 135.19 135.00 134.84 134.69 134.50 134.38 134.22 134.06 133.94 133.84
144.94 145.12 145.28 145.41 145.56 145.69 145.81 145.94 146.06 146.16 146.22 146.31 146.34 146.38 146.34 146.31 146.19 146.03 145.78 145.47 145.12 144.75 144.44 144.12 143.78 143.47 143.09 142.75 142.38 142.03 141.69 141.38 141.06 140.75 140.47 140.19 139.94 139.69 139.44 139.22 139.00 138.78 138.56 138.34 138.12 137.91 137.69 137.50 137.28 137.06 136.88 136.66 136.47 136.25 136.06 135.88 135.69 135.50 135.31 135.12 134.94 134.78 134.59 134.44 134.25 134.09 133.97 133.81 133.69 133.53 133.44
144.72 144.88 145.03 145.19 145.31 145.47 145.59 145.72 145.81 145.91 145.97 146.03 146.06 146.09 146.06 145.97 145.84 145.59 145.31 144.97 144.56 144.16 143.88 143.47 143.19 142.88 142.53 142.19 141.84 141.50 141.16 140.84 140.53 140.22 139.94 139.69 139.44 139.19 138.97 138.72 138.50 138.28 138.09 137.88 137.66 137.44 137.25 137.03 136.84 136.62 136.44 136.22 136.03 135.84 135.62 135.44 135.25 135.06 134.88 134.72 134.53 134.34 134.19 134.03 133.88 133.72 133.56 133.41 133.28 133.16 133.03
144.47 144.66 144.81 144.94 145.09 145.22 145.34 145.47 145.56 145.66 145.72 145.78 145.81 145.81 145.75 145.66 145.44 145.19 144.88 144.47 144.09 143.69 143.31 142.94 142.62 142.31 142.00 141.66 141.31 140.97 140.66 140.31 140.00 139.72 139.44 139.19 138.94 138.69 138.47 138.25 138.03 137.81 137.62 137.41 137.22 137.00 136.81 136.59 136.41 136.19 136.00 135.78 135.59 135.41 135.22 135.03 134.84 134.66 134.47 134.28 134.12 133.94 133.78 133.62 133.47 133.31 133.16 133.03 132.88 132.75 132.62
144.22 144.41 144.56 144.69 144.84 144.97 145.09 145.22 145.31 145.41 145.47 145.50 145.53 145.50 145.44 145.28 145.06 144.78 144.47 144.00 143.56 143.19 142.78 142.41 142.09 141.78 141.44 141.12 140.78 140.44 140.12 139.78 139.50 139.19 138.94 138.66 138.44 138.22 138.00 137.78 137.56 137.38 137.16 136.97 136.75 136.56 136.34 136.16 135.97 135.75 135.56 135.38 135.16 134.97 134.78 134.59 134.41 134.22 134.06 133.88 133.72 133.53 133.38 133.22 133.06 132.91 132.78 132.62 132.50 132.38 132.25
143.97 144.16 144.31 144.44 144.59 144.72 144.84 144.94 145.03 145.12 145.19 145.22 145.22 145.19 145.09 144.91 144.66 144.34 144.00 143.56 143.06 142.66 142.25 141.91 141.56 141.25 140.91 140.56 140.25 139.91 139.59 139.28 138.97 138.69 138.41 138.19 137.94 137.72 137.50 137.31 137.09 136.91 136.72 136.50 136.31 136.12 135.91 135.72 135.53 135.31 135.12 134.94 134.75 134.56 134.38 134.19 134.00 133.81 133.66 133.47 133.31 133.12 132.97 132.81 132.69 132.53 132.38 132.25 132.12 132.00 131.88
143.72 143.88 144.03 144.19 144.34 144.47 144.59 144.69 144.75 144.84 144.88 144.91 144.88 144.81 144.69 144.50 144.25 143.94 143.53 143.09 142.66 142.19 141.78 141.41 141.06 140.72 140.38 140.06 139.72 139.38 139.06 138.75 138.47 138.19 137.94 137.69 137.47 137.25 137.03 136.84 136.66 136.44 136.25 136.06 135.88 135.69 135.47 135.28 135.09 134.91 134.69 134.50 134.31 134.12 133.94 133.75 133.59 133.41 133.25 133.06 132.91 132.75 132.59 132.44 132.28 132.16 132.00 131.88 131.75 131.62 131.50
143.44 143.62 143.78 143.94 144.06 144.19 144.31 144.41 144.47 144.53 144.53 144.53 144.50 144.38 144.22 144.03 143.81 143.47 143.06 142.66 142.19 141.72 141.31 140.94 140.56 140.22 139.88 139.53 139.19 138.88 138.53 138.22 137.94 137.69 137.44 137.22 137.00 136.78 136.59 136.38 136.19 136.00 135.81 135.62 135.44 135.25 135.03 134.84 134.66 134.47 134.28 134.09 133.91 133.72 133.53 133.34 133.19 133.00 132.84 132.66 132.50 132.34 132.19 132.03 131.91 131.75 131.62 131.50 131.38 131.25 131.12
143.19 143.34 143.50 143.66 143.78 143.91 144.00 144.09 144.16 144.19 144.19 144.12 144.03 143.91 143.72 143.53 143.28 142.94 142.56 142.16 141.72 141.28 140.84 140.44 140.09 139.72 139.38 139.03 138.69 138.34 138.03 137.72 137.44 137.19 136.97 136.75 136.53 136.31 136.12 135.94 135.75 135.56 135.38 135.19 135.00 134.81 134.62 134.41 134.22 134.03 133.84 133.66 133.47 133.28 133.12 132.94 132.75 132.59 132.41 132.25 132.09 131.94 131.78 131.66 131.50 131.38 131.25 131.12 131.00 130.88 130.75
142.88 143.06 143.22 143.38 143.50 143.62 143.72 143.78 143.81 143.81 143.75 143.69 143.53 143.38 143.19 143.00 142.75 142.44 142.06 141.66 141.22 140.78 140.38 139.97 139.59 139.22 138.88 138.53 138.19 137.84 137.50 137.22 136.97 136.72 136.50 136.28 136.06 135.88 135.69 135.50 135.31 135.12 134.94 134.75 134.56 134.38 134.19 134.00 133.81 133.62 133.44 133.25 133.06 132.88 132.69 132.53 132.34 132.19 132.03 131.84 131.69 131.56 131.41 131.25 131.12 131.00 130.88 130.75 130.62 130.50 130.38
142.59 142.78 142.94 143.09 143.22 143.31 143.41 143.44 143.44 143.41 143.31 143.16 143.00 142.84 142.66 142.44 142.19 141.84 141.53 141.12 140.72 140.31 139.88 139.47 139.09 138.72 138.38 138.03 137.69 137.34 137.00 136.72 136.47 136.25 136.03 135.81 135.62 135.44 135.25 135.06 134.88 134.69 134.50 134.31 134.12 133.94 133.75 133.56 133.38 133.19 133.00 132.81 132.62 132.47 132.28 132.09 131.94 131.78 131.62 131.47 131.31 131.16 131.00 130.88 130.75 130.62 130.50 130.38 130.25 130.16 130.03
142.28 142.47 142.62 142.78 142.91 143.00 143.06 143.06 143.03 142.94 142.78 142.62 142.47 142.28 142.06 141.84 141.62 141.31 140.97 140.59 140.19 139.78 139.38 139.00 138.59 138.22 137.88 137.53 137.19 136.84 136.53 136.25 136.00 135.78 135.56 135.38 135.19 135.00 134.81 134.62 134.44 134.25 134.09 133.91 133.72 133.53 133.34 133.16 132.97 132.78 132.59 132.41 132.22 132.03 131.88 131.69 131.53 131.38 131.22 131.06 130.91 130.75 130.62 130.50 130.38 130.25 130.12 130.00 129.91 129.78 129.66
141.97 142.16 142.31 142.47 142.59 142.66 142.69 142.69 142.59 142.44 142.25 142.09 141.91 141.69 141.50 141.31 141.06 140.75 140.41 140.03 139.69 139.25 138.88 138.47 138.09 137.75 137.38 137.03 136.69 136.34 136.03 135.78 135.56 135.31 135.12 134.94 134.75 134.56 134.38 134.22 134.03 133.84 133.66 133.47 133.28 133.09 132.91 132.72 132.53 132.34 132.16 131.97 131.81 131.62 131.44 131.28 131.12 130.97 130.81 130.66 130.50 130.38 130.22 130.09 129.97 129.88 129.75 129.66 129.53 129.44 129.31
141.66 141.81 142.00 142.12 142.25 142.31 142.31 142.22 142.09 141.91 141.72 141.53 141.31 141.12 140.94 140.75 140.47 140.19 139.84 139.50 139.12 138.75 138.34 137.97 137.59 137.22 136.88 136.53 136.19 135.88 135.56 135.34 135.09 134.88 134.69 134.50 134.31 134.16 133.97 133.78 133.59 133.41 133.22 133.06 132.88 132.69 132.50 132.31 132.12 131.94 131.75 131.56 131.38 131.22 131.03 130.88 130.72 130.56 130.41 130.25 130.09 129.97 129.84 129.72 129.59 129.50 129.38 129.28 129.19 129.06 128.94
141.28 141.47 141.62 141.75 141.88 141.91 141.84 141.75 141.56 141.41 141.19 140.97 140.75 140.56 140.38 140.16 139.88 139.62 139.31 138.97 138.59 138.22 137.84 137.47 137.09 136.72 136.38 136.03 135.72 135.41 135.12 134.88 134.66 134.47 134.28 134.09 133.91 133.72 133.53 133.38 133.19 133.00 132.81 132.62 132.44 132.25 132.06 131.88 131.69 131.50 131.31 131.16 130.97 130.78 130.62 130.44 130.28 130.12 129.97 129.81 129.69 129.56 129.44 129.31 129.19 129.09 129.00 128.91 128.81 128.69 128.56
140.94 141.09 141.25 141.38 141.47 141.47 141.38 141.25 141.06 140.88 140.66 140.41 140.19 139.97 139.78 139.56 139.31 139.06 138.75 138.44 138.06 137.69 137.31 136.94 136.59 136.22 135.88 135.56 135.25 134.94 134.69 134.44 134.22 134.03 133.84 133.66 133.50 133.31 133.12 132.94 132.75 132.59 132.41 132.22 132.03 131.84 131.66 131.47 131.28 131.09 130.91 130.72 130.56 130.38 130.22 130.03 129.88 129.72 129.56 129.44 129.28 129.16 129.03 128.91 128.81 128.72 128.59 128.50 128.41 128.31 128.16
140.56 140.72 140.84 140.97 141.03 140.97 140.88 140.75 140.56 140.34 140.12 139.88 139.66 139.44 139.22 139.00 138.78 138.50 138.22 137.88 137.53 137.19 136.81 136.44 136.09 135.75 135.41 135.09 134.78 134.50 134.25 134.03 133.81 133.62 133.44 133.25 133.06 132.91 132.72 132.53 132.34 132.16 131.97 131.78 131.59 131.41 131.22 131.03 130.84 130.66 130.50 130.31 130.12 129.97 129.81 129.62 129.47 129.31 129.19 129.03 128.91 128.78 128.66 128.53 128.41 128.31 128.22 128.12 128.00 127.91 127.75
140.16 140.31 140.44 140.53 140.56 140.50 140.41 140.25 140.03 139.81 139.59 139.34 139.12 138.94 138.72 138.50 138.25 137.97 137.69 137.34 137.00 136.66 136.28 135.94 135.59 135.25 134.94 134.62 134.34 134.06 133.81 133.59 133.38 133.19 133.03 132.84 132.66 132.47 132.31 132.12 131.94 131.75 131.56 131.38 131.19 131.00 130.81 130.62 130.44 130.25 130.06 129.91 129.72 129.56 129.41 129.25 129.09 128.94 128.78 128.66 128.53 128.41 128.28 128.16 128.03 127.94 127.84 127.72 127.62 127.50 127.34
139.75 139.91 140.03 140.09 140.09 140.03 139.91 139.75 139.53 139.31 139.09 138.88 138.69 138.47 138.25 138.00 137.75 137.47 137.16 136.81 136.47 136.12 135.78 135.44 135.09 134.78 134.47 134.16 133.91 133.62 133.41 133.19 132.97 132.78 132.59 132.44 132.25 132.06 131.88 131.69 131.50 131.31 131.12 130.94 130.75 130.56 130.38 130.19 130.00 129.84 129.66 129.50 129.31 129.16 129.00 128.84 128.69 128.56 128.41 128.28 128.12 128.00 127.91 127.78 127.66 127.56 127.44 127.34 127.22 127.09 126.94
139.34 139.50 139.59 139.66 139.62 139.53 139.41 139.22 139.03 138.81 138.59 138.41 138.22 138.00 137.75 137.50 137.22 136.94 136.62 136.28 135.97 135.59 135.25 134.94 134.59 134.28 134.00 133.72 133.44 133.19 132.97 132.75 132.56 132.38 132.19 132.03 131.84 131.66 131.47 131.28 131.09 130.91 130.72 130.50 130.31 130.12 129.94 129.78 129.59 129.41 129.25 129.09 128.91 128.75 128.59 128.44 128.31 128.16 128.03 127.88 127.75 127.62 127.50 127.41 127.28 127.16 127.06 126.94 126.81 126.69 126.56
138.94 139.06 139.19 139.22 139.16 139.06 138.91 138.72 138.53 138.31 138.12 137.94 137.75 137.53 137.28 137.00 136.72 136.41 136.09 135.75 135.41 135.09 134.75 134.44 134.12 133.81 133.53 133.25 133.00 132.75 132.53 132.34 132.16 131.97 131.78 131.59 131.44 131.25 131.06 130.84 130.66 130.47 130.28 130.09 129.91 129.72 129.53 129.34 129.19 129.00 128.84 128.69 128.53 128.38 128.22 128.06 127.91 127.78 127.66 127.50 127.38 127.25 127.12 127.03 126.91 126.78 126.69 126.56 126.44 126.31 126.16
138.53 138.66 138.75 138.78 138.69 138.56 138.38 138.19 138.03 137.84 137.66 137.47 137.25 137.00 136.75 136.47 136.19 135.88 135.56 135.22 134.88 134.56 134.22 133.91 133.62 133.34 133.06 132.81 132.56 132.34 132.12 131.91 131.72 131.56 131.38 131.19 131.00 130.81 130.62 130.44 130.22 130.03 129.84 129.66 129.47 129.28 129.09 128.94 128.75 128.59 128.44 128.28 128.12 127.97 127.81 127.69 127.53 127.41 127.25 127.12 127.00 126.88 126.75 126.62 126.53 126.41 126.28 126.16 126.06 125.91 125.78
