everonasctiles/Tile[7,38].asc
ncols 128
nrows 128
xllcorner 0
yllcorner 0
cellsize 2.0
NODATA_value  -9999
[rows 90 to 119 of 128, columns 0 to 67 of 128]
-109.75 -109.50 -109.38 -109.31 -109.28 -109.25 -109.22 -109.12 -109.03 -108.91 -108.72 -108.53 -108.38 -108.19 -108.03 -107.91 -107.78 -107.66 -107.53 -107.38 -107.19 -107.00 -106.78 -106.62 -106.44 -106.25 -106.03 -105.81 -105.56 -105.31 -105.03 -104.75 -104.47 -104.12 -103.81 -103.50 -103.22 -102.91 -102.62 -102.31 -102.03 -101.78 -101.53 -101.28 -101.03 -100.75 -100.47 -100.19 -99.94 -99.66 -99.38 -99.06 -98.72 -98.38 -98.06 -97.78 -97.53 -97.31 -97.12 -96.94 -96.81 -96.75 -96.72 -96.72 -96.72 -96.78 -96.81 -96.91
-109.53 -109.28 -109.16 -109.09 -109.06 -109.03 -109.00 -108.94 -108.84 -108.72 -108.56 -108.38 -108.22 -108.03 -107.88 -107.72 -107.59 -107.47 -107.34 -107.16 -106.97 -106.75 -106.53 -106.31 -106.12 -105.94 -105.72 -105.53 -105.28 -105.03 -104.75 -104.47 -104.16 -103.84 -103.50 -103.19 -102.88 -102.59 -102.31 -102.03 -101.75 -101.50 -101.25 -101.00 -100.75 -100.50 -100.19 -99.94 -99.66 -99.44 -99.19 -98.91 -98.59 -98.28 -97.97 -97.69 -97.44 -97.19 -96.97 -96.78 -96.62 -96.53 -96.47 -96.47 -96.47 -96.50 -96.56 -96.66
-109.31 -109.06 -108.94 -108.84 -108.81 -108.81 -108.78 -108.72 -108.66 -108.53 -108.38 -108.22 -108.06 -107.88 -107.72 -107.56 -107.44 -107.28 -107.12 -106.94 -106.75 -106.50 -106.25 -106.00 -105.78 -105.59 -105.38 -105.19 -104.97 -104.72 -104.44 -104.16 -103.84 -103.53 -103.22 -102.88 -102.53 -102.25 -102.00 -101.75 -101.47 -101.22 -100.97 -100.72 -100.47 -100.22 -99.94 -99.66 -99.38 -99.16 -98.91 -98.66 -98.38 -98.06 -97.78 -97.50 -97.25 -97.03 -96.81 -96.62 -96.47 -96.34 -96.25 -96.19 -96.22 -96.25 -96.31 -96.41
-109.12 -108.81 -108.66 -108.59 -108.59 -108.56 -108.56 -108.50 -108.44 -108.34 -108.19 -108.03 -107.88 -107.72 -107.56 -107.41 -107.25 -107.09 -106.91 -106.72 -106.50 -106.25 -105.97 -105.69 -105.44 -105.22 -105.00 -104.78 -104.59 -104.38 -104.12 -103.84 -103.53 -103.22 -102.91 -102.56 -102.22 -101.91 -101.66 -101.41 -101.16 -100.94 -100.69 -100.44 -100.19 -99.97 -99.69 -99.41 -99.12 -98.88 -98.62 -98.38 -98.09 -97.81 -97.53 -97.25 -97.00 -96.81 -96.62 -96.47 -96.31 -96.19 -96.06 -95.97 -95.97 -96.00 -96.06 -96.12
-108.97 -108.59 -108.41 -108.34 -108.31 -108.31 -108.31 -108.28 -108.22 -108.12 -108.00 -107.84 -107.69 -107.53 -107.38 -107.22 -107.06 -106.88 -106.69 -106.50 -106.25 -105.97 -105.69 -105.41 -105.12 -104.84 -104.59 -104.38 -104.19 -104.00 -103.78 -103.53 -103.22 -102.94 -102.62 -102.28 -101.94 -101.59 -101.31 -101.06 -100.81 -100.62 -100.41 -100.16 -99.94 -99.69 -99.44 -99.16 -98.88 -98.59 -98.34 -98.09 -97.81 -97.53 -97.25 -96.97 -96.72 -96.53 -96.38 -96.28 -96.16 -96.03 -95.88 -95.78 -95.75 -95.78 -95.81 -95.81
-108.78 -108.34 -108.09 -108.03 -108.03 -108.03 -108.03 -108.03 -107.97 -107.88 -107.78 -107.62 -107.50 -107.34 -107.19 -107.03 -106.88 -106.66 -106.47 -106.22 -105.97 -105.69 -105.41 -105.09 -104.78 -104.47 -104.19 -103.97 -103.75 -103.56 -103.38 -103.19 -102.94 -102.62 -102.34 -102.00 -101.69 -101.34 -101.03 -100.72 -100.50 -100.28 -100.09 -99.88 -99.66 -99.41 -99.16 -98.91 -98.66 -98.38 -98.09 -97.81 -97.53 -97.22 -96.94 -96.66 -96.44 -96.25 -96.12 -96.03 -95.97 -95.84 -95.72 -95.59 -95.53 -95.53 -95.53 -95.53
-108.53 -108.03 -107.78 -107.72 -107.72 -107.75 -107.75 -107.75 -107.72 -107.66 -107.53 -107.41 -107.28 -107.12 -107.00 -106.81 -106.62 -106.44 -106.22 -105.97 -105.69 -105.41 -105.09 -104.75 -104.44 -104.12 -103.81 -103.56 -103.34 -103.16 -102.97 -102.78 -102.59 -102.34 -102.06 -101.75 -101.41 -101.09 -100.75 -100.44 -100.19 -99.94 -99.75 -99.56 -99.34 -99.12 -98.88 -98.66 -98.41 -98.12 -97.84 -97.56 -97.25 -96.94 -96.62 -96.34 -96.06 -95.91 -95.81 -95.75 -95.72 -95.62 -95.50 -95.38 -95.28 -95.25 -95.22 -95.16
-108.22 -107.62 -107.34 -107.34 -107.38 -107.44 -107.44 -107.44 -107.44 -107.38 -107.28 -107.19 -107.06 -106.91 -106.75 -106.59 -106.41 -106.19 -105.94 -105.69 -105.41 -105.09 -104.78 -104.44 -104.09 -103.75 -103.44 -103.16 -102.91 -102.72 -102.56 -102.41 -102.25 -102.03 -101.75 -101.47 -101.16 -100.84 -100.50 -100.19 -99.88 -99.62 -99.41 -99.22 -99.03 -98.81 -98.59 -98.38 -98.16 -97.91 -97.62 -97.31 -97.00 -96.69 -96.38 -96.00 -95.69 -95.53 -95.50 -95.47 -95.44 -95.34 -95.22 -95.12 -95.03 -95.00 -94.94 -94.81
-107.88 -107.22 -106.88 -106.94 -107.03 -107.09 -107.12 -107.12 -107.12 -107.06 -107.03 -106.94 -106.81 -106.69 -106.50 -106.34 -106.12 -105.91 -105.66 -105.41 -105.09 -104.81 -104.47 -104.09 -103.75 -103.41 -103.06 -102.78 -102.53 -102.31 -102.16 -102.03 -101.91 -101.72 -101.47 -101.19 -100.88 -100.56 -100.22 -99.91 -99.59 -99.31 -99.06 -98.88 -98.69 -98.47 -98.28 -98.06 -97.88 -97.66 -97.38 -97.09 -96.78 -96.44 -96.12 -95.75 -95.31 -95.16 -95.16 -95.19 -95.16 -95.06 -94.94 -94.84 -94.78 -94.72 -94.62 -94.47
-107.62 -106.88 -106.44 -106.53 -106.69 -106.75 -106.78 -106.81 -106.78 -106.75 -106.72 -106.66 -106.56 -106.41 -106.25 -106.06 -105.84 -105.62 -105.38 -105.09 -104.81 -104.50 -104.16 -103.81 -103.44 -103.03 -102.62 -102.34 -102.09 -101.91 -101.78 -101.66 -101.56 -101.41 -101.19 -100.91 -100.59 -100.25 -99.94 -99.59 -99.28 -98.97 -98.72 -98.50 -98.31 -98.12 -97.94 -97.75 -97.59 -97.38 -97.16 -96.84 -96.53 -96.22 -95.88 -95.53 -95.06 -94.78 -94.81 -94.88 -94.88 -94.78 -94.66 -94.56 -94.50 -94.44 -94.34 -94.16
-107.41 -106.59 -106.03 -106.06 -106.31 -106.41 -106.47 -106.47 -106.44 -106.44 -106.41 -106.38 -106.28 -106.16 -105.97 -105.78 -105.56 -105.34 -105.09 -104.81 -104.50 -104.19 -103.84 -103.50 -103.09 -102.56 -102.09 -101.78 -101.62 -101.50 -101.41 -101.31 -101.22 -101.09 -100.88 -100.59 -100.31 -99.97 -99.62 -99.31 -98.97 -98.66 -98.38 -98.12 -97.94 -97.75 -97.56 -97.41 -97.28 -97.12 -96.91 -96.62 -96.31 -96.00 -95.66 -95.31 -94.91 -94.53 -94.53 -94.59 -94.59 -94.50 -94.38 -94.25 -94.19 -94.16 -94.06 -93.91
-107.16 -106.31 -105.69 -105.62 -105.94 -106.06 -106.12 -106.12 -106.09 -106.09 -106.06 -106.06 -106.00 -105.88 -105.72 -105.53 -105.31 -105.06 -104.81 -104.53 -104.22 -103.91 -103.53 -103.16 -102.72 -102.19 -101.66 -101.25 -101.09 -101.06 -101.03 -101.00 -100.91 -100.78 -100.59 -100.31 -100.03 -99.69 -99.34 -99.00 -98.69 -98.34 -98.06 -97.78 -97.53 -97.34 -97.19 -97.06 -96.97 -96.84 -96.69 -96.44 -96.12 -95.81 -95.47 -95.09 -94.69 -94.31 -94.25 -94.31 -94.31 -94.25 -94.09 -93.97 -93.91 -93.88 -93.78 -93.62
-106.91 -106.06 -105.38 -105.22 -105.56 -105.75 -105.81 -105.81 -105.78 -105.75 -105.72 -105.72 -105.66 -105.56 -105.44 -105.28 -105.06 -104.81 -104.56 -104.28 -103.97 -103.62 -103.28 -102.88 -102.47 -102.00 -101.47 -101.03 -100.72 -100.66 -100.69 -100.66 -100.59 -100.47 -100.28 -100.03 -99.75 -99.41 -99.06 -98.72 -98.38 -98.06 -97.75 -97.44 -97.16 -96.91 -96.78 -96.72 -96.69 -96.59 -96.44 -96.22 -95.94 -95.62 -95.28 -94.94 -94.53 -94.19 -94.06 -94.09 -94.09 -94.00 -93.84 -93.72 -93.66 -93.59 -93.50 -93.41
-106.78 -105.91 -105.19 -104.91 -105.25 -105.44 -105.53 -105.53 -105.47 -105.41 -105.41 -105.38 -105.31 -105.22 -105.12 -105.00 -104.81 -104.59 -104.38 -104.09 -103.78 -103.47 -103.09 -102.75 -102.34 -101.94 -101.53 -101.12 -100.75 -100.47 -100.38 -100.34 -100.28 -100.16 -100.00 -99.75 -99.47 -99.16 -98.81 -98.44 -98.09 -97.75 -97.44 -97.12 -96.84 -96.56 -96.41 -96.41 -96.41 -96.34 -96.22 -96.03 -95.75 -95.44 -95.09 -94.75 -94.41 -94.09 -93.91 -93.88 -93.84 -93.75 -93.62 -93.50 -93.41 -93.34 -93.25 -93.16
-106.62 -105.88 -105.12 -104.72 -104.97 -105.16 -105.25 -105.25 -105.19 -105.12 -105.06 -105.00 -104.94 -104.88 -104.78 -104.69 -104.56 -104.38 -104.16 -103.91 -103.66 -103.34 -103.00 -102.66 -102.28 -101.94 -101.53 -101.19 -100.81 -100.50 -100.25 -100.09 -100.00 -99.88 -99.69 -99.47 -99.19 -98.88 -98.53 -98.19 -97.81 -97.47 -97.16 -96.88 -96.59 -96.31 -96.16 -96.16 -96.16 -96.12 -96.00 -95.81 -95.56 -95.28 -94.94 -94.62 -94.28 -94.00 -93.75 -93.66 -93.59 -93.50 -93.38 -93.28 -93.19 -93.09 -93.00 -92.91
-106.41 -105.81 -105.09 -104.59 -104.72 -104.88 -104.97 -105.00 -104.94 -104.84 -104.75 -104.69 -104.59 -104.50 -104.41 -104.34 -104.22 -104.06 -103.91 -103.72 -103.47 -103.19 -102.88 -102.56 -102.22 -101.84 -101.50 -101.12 -100.81 -100.47 -100.19 -99.94 -99.75 -99.56 -99.38 -99.12 -98.88 -98.56 -98.25 -97.88 -97.53 -97.19 -96.88 -96.59 -96.34 -96.12 -95.97 -95.94 -95.94 -95.91 -95.81 -95.62 -95.41 -95.12 -94.81 -94.47 -94.16 -93.88 -93.59 -93.44 -93.31 -93.19 -93.09 -93.00 -92.94 -92.84 -92.72 -92.62
-106.19 -105.62 -105.00 -104.47 -104.50 -104.62 -104.72 -104.72 -104.69 -104.59 -104.47 -104.38 -104.25 -104.12 -104.03 -103.97 -103.84 -103.72 -103.56 -103.41 -103.22 -103.00 -102.69 -102.38 -102.03 -101.69 -101.34 -101.03 -100.72 -100.41 -100.09 -99.81 -99.53 -99.31 -99.06 -98.81 -98.56 -98.25 -97.94 -97.59 -97.22 -96.91 -96.59 -96.31 -96.09 -95.91 -95.78 -95.75 -95.75 -95.69 -95.59 -95.44 -95.22 -94.97 -94.66 -94.34 -94.03 -93.72 -93.44 -93.19 -93.03 -92.91 -92.81 -92.72 -92.66 -92.56 -92.44 -92.28
-105.91 -105.38 -104.78 -104.28 -104.25 -104.38 -104.44 -104.47 -104.41 -104.34 -104.22 -104.09 -103.94 -103.78 -103.66 -103.56 -103.44 -103.31 -103.19 -103.03 -102.91 -102.72 -102.44 -102.12 -101.78 -101.44 -101.09 -100.78 -100.50 -100.22 -99.94 -99.66 -99.34 -99.06 -98.78 -98.50 -98.22 -97.94 -97.62 -97.28 -96.94 -96.59 -96.28 -96.00 -95.81 -95.66 -95.56 -95.53 -95.50 -95.44 -95.34 -95.22 -95.03 -94.81 -94.53 -94.19 -93.84 -93.53 -93.22 -92.97 -92.72 -92.56 -92.47 -92.44 -92.38 -92.25 -92.09 -91.94
-105.62 -105.09 -104.47 -104.03 -104.00 -104.06 -104.16 -104.16 -104.12 -104.06 -103.94 -103.81 -103.62 -103.47 -103.31 -103.16 -103.03 -102.88 -102.75 -102.62 -102.50 -102.38 -102.16 -101.88 -101.50 -101.12 -100.78 -100.47 -100.19 -99.94 -99.69 -99.41 -99.12 -98.84 -98.53 -98.22 -97.91 -97.62 -97.31 -96.97 -96.62 -96.25 -95.94 -95.66 -95.47 -95.38 -95.31 -95.28 -95.25 -95.19 -95.09 -94.97 -94.81 -94.59 -94.31 -94.00 -93.66 -93.31 -93.00 -92.69 -92.34 -92.12 -92.06 -92.09 -92.06 -91.97 -91.78 -91.56
-105.34 -104.78 -104.12 -103.72 -103.72 -103.78 -103.81 -103.81 -103.78 -103.72 -103.62 -103.50 -103.34 -103.12 -102.94 -102.75 -102.59 -102.44 -102.28 -102.19 -102.09 -102.00 -101.81 -101.56 -101.22 -100.81 -100.44 -100.09 -99.81 -99.56 -99.31 -99.06 -98.81 -98.56 -98.28 -98.00 -97.66 -97.34 -97.03 -96.66 -96.31 -95.94 -95.56 -95.25 -95.12 -95.03 -95.00 -95.00 -94.94 -94.88 -94.78 -94.69 -94.56 -94.38 -94.09 -93.75 -93.41 -93.06 -92.72 -92.31 -91.84 -91.56 -91.59 -91.72 -91.75 -91.66 -91.47 -91.22
-105.06 -104.53 -103.88 -103.41 -103.38 -103.44 -103.47 -103.47 -103.41 -103.34 -103.28 -103.19 -103.03 -102.81 -102.59 -102.34 -102.12 -101.94 -101.78 -101.69 -101.62 -101.56 -101.44 -101.19 -100.88 -100.50 -100.09 -99.69 -99.38 -99.16 -98.91 -98.69 -98.44 -98.22 -98.00 -97.75 -97.44 -97.09 -96.75 -96.38 -96.00 -95.62 -95.22 -94.88 -94.72 -94.69 -94.69 -94.66 -94.62 -94.56 -94.44 -94.34 -94.25 -94.09 -93.84 -93.50 -93.16 -92.78 -92.38 -91.75 -91.22 -90.91 -91.09 -91.31 -91.38 -91.31 -91.16 -90.94
-104.84 -104.34 -103.75 -103.19 -103.03 -103.09 -103.09 -103.06 -103.00 -102.94 -102.88 -102.81 -102.69 -102.50 -102.22 -101.97 -101.69 -101.44 -101.28 -101.19 -101.16 -101.09 -100.97 -100.78 -100.50 -100.12 -99.72 -99.31 -98.94 -98.69 -98.44 -98.25 -98.03 -97.84 -97.66 -97.44 -97.19 -96.84 -96.47 -96.09 -95.69 -95.34 -94.94 -94.53 -94.34 -94.34 -94.31 -94.31 -94.28 -94.19 -94.09 -94.00 -93.88 -93.75 -93.56 -93.25 -92.91 -92.53 -91.97 -91.22 -90.59 -90.28 -90.56 -90.91 -91.00 -91.00 -90.84 -90.66
-104.66 -104.19 -103.66 -103.09 -102.72 -102.72 -102.72 -102.66 -102.59 -102.50 -102.44 -102.38 -102.28 -102.12 -101.88 -101.59 -101.28 -100.97 -100.75 -100.69 -100.62 -100.56 -100.44 -100.28 -100.03 -99.69 -99.31 -98.91 -98.47 -98.16 -97.91 -97.72 -97.59 -97.47 -97.31 -97.12 -96.84 -96.53 -96.16 -95.78 -95.41 -95.03 -94.66 -94.22 -93.97 -93.94 -93.94 -93.97 -93.94 -93.84 -93.72 -93.59 -93.50 -93.41 -93.22 -92.97 -92.62 -92.22 -91.66 -90.81 -90.06 -89.72 -90.06 -90.50 -90.62 -90.66 -90.53 -90.38
-104.47 -104.03 -103.56 -103.03 -102.50 -102.34 -102.31 -102.25 -102.16 -102.03 -101.97 -101.91 -101.81 -101.72 -101.50 -101.22 -100.91 -100.56 -100.31 -100.16 -100.09 -100.00 -99.88 -99.72 -99.50 -99.19 -98.84 -98.47 -98.03 -97.62 -97.34 -97.19 -97.12 -97.06 -96.97 -96.78 -96.50 -96.19 -95.81 -95.44 -95.06 -94.69 -94.28 -93.78 -93.50 -93.53 -93.56 -93.59 -93.59 -93.50 -93.34 -93.19 -93.09 -93.03 -92.88 -92.66 -92.31 -91.94 -91.41 -90.50 -89.69 -89.28 -89.69 -90.12 -90.28 -90.31 -90.22 -90.06
-104.28 -103.88 -103.44 -102.94 -102.41 -101.97 -101.94 -101.84 -101.72 -101.59 -101.47 -101.41 -101.34 -101.25 -101.06 -100.81 -100.50 -100.19 -99.88 -99.66 -99.53 -99.41 -99.28 -99.12 -98.91 -98.66 -98.31 -97.97 -97.56 -97.09 -96.75 -96.69 -96.69 -96.72 -96.62 -96.44 -96.12 -95.81 -95.44 -95.06 -94.66 -94.31 -93.72 -93.19 -92.91 -93.00 -93.12 -93.22 -93.25 -93.19 -93.03 -92.81 -92.69 -92.62 -92.53 -92.34 -92.06 -91.66 -91.19 -90.41 -89.59 -89.12 -89.50 -89.84 -89.97 -89.97 -89.84 -89.72
-104.06 -103.69 -103.25 -102.81 -102.31 -101.78 -101.50 -101.47 -101.34 -101.16 -100.97 -100.88 -100.84 -100.75 -100.59 -100.34 -100.06 -99.75 -99.44 -99.16 -98.97 -98.81 -98.66 -98.50 -98.31 -98.06 -97.75 -97.41 -97.00 -96.56 -96.25 -96.25 -96.34 -96.38 -96.28 -96.06 -95.75 -95.41 -95.06 -94.69 -94.28 -93.91 -93.22 -92.59 -92.28 -92.34 -92.62 -92.84 -92.94 -92.91 -92.75 -92.53 -92.34 -92.25 -92.19 -92.03 -91.78 -91.44 -91.00 -90.47 -89.81 -89.31 -89.38 -89.59 -89.66 -89.59 -89.50 -89.38
-103.81 -103.47 -103.06 -102.66 -102.19 -101.72 -101.16 -100.94 -100.88 -100.66 -100.44 -100.34 -100.31 -100.25 -100.09 -99.88 -99.62 -99.31 -98.97 -98.66 -98.38 -98.19 -98.03 -97.88 -97.69 -97.44 -97.16 -96.81 -96.44 -96.06 -95.88 -95.94 -96.03 -96.03 -95.91 -95.69 -95.38 -95.03 -94.66 -94.28 -93.91 -93.53 -92.91 -92.12 -91.69 -91.75 -92.16 -92.47 -92.59 -92.66 -92.53 -92.31 -92.09 -91.97 -91.88 -91.75 -91.53 -91.22 -90.84 -90.44 -89.97 -89.56 -89.31 -89.34 -89.34 -89.25 -89.16 -89.00
-103.53 -103.25 -102.91 -102.47 -102.06 -101.62 -101.00 -100.47 -100.19 -99.97 -99.72 -99.72 -99.78 -99.72 -99.59 -99.38 -99.12 -98.84 -98.50 -98.16 -97.78 -97.53 -97.41 -97.25 -97.06 -96.84 -96.56 -96.25 -95.91 -95.59 -95.59 -95.69 -95.75 -95.75 -95.56 -95.31 -95.00 -94.62 -94.22 -93.84 -93.47 -93.12 -92.62 -91.81 -91.28 -91.31 -91.81 -92.12 -92.31 -92.38 -92.28 -92.09 -91.91 -91.78 -91.66 -91.50 -91.28 -91.03 -90.69 -90.31 -89.94 -89.56 -89.28 -89.09 -89.03 -88.91 -88.78 -88.66
-103.22 -103.00 -102.69 -102.31 -101.91 -101.47 -100.88 -100.19 -99.66 -99.28 -99.03 -99.00 -99.19 -99.22 -99.06 -98.88 -98.66 -98.38 -98.03 -97.69 -97.28 -96.94 -96.75 -96.62 -96.47 -96.25 -96.03 -95.75 -95.47 -95.31 -95.34 -95.47 -95.53 -95.47 -95.28 -95.00 -94.66 -94.25 -93.84 -93.44 -93.06 -92.72 -92.31 -91.66 -91.06 -91.09 -91.56 -91.88 -92.03 -92.06 -92.00 -91.84 -91.69 -91.56 -91.44 -91.28 -91.09 -90.84 -90.53 -90.19 -89.81 -89.47 -89.16 -88.91 -88.75 -88.59 -88.44 -88.31
-102.88 -102.69 -102.44 -102.09 -101.72 -101.28 -100.72 -99.97 -99.31 -98.78 -98.44 -98.31 -98.41 -98.59 -98.53 -98.38 -98.16 -97.91 -97.59 -97.25 -96.84 -96.44 -96.12 -96.00 -95.88 -95.72 -95.53 -95.34 -95.16 -95.09 -95.16 -95.25 -95.31 -95.22 -95.00 -94.72 -94.38 -93.97 -93.56 -93.12 -92.72 -92.38 -92.03 -91.59 -91.09 -91.09 -91.41 -91.62 -91.75 -91.78 -91.69 -91.56 -91.44 -91.34 -91.22 -91.09 -90.91 -90.66 -90.38 -90.03 -89.66 -89.31 -89.00 -88.69 -88.47 -88.28 -88.12 -87.97
