everonasctiles/Tile24,33.asc
ncols 128
nrows 128
xllcorner 0
yllcorner 0
cellsize 2.0
NODATA_value  -9999
[rows 0 to 34 of 128, columns 0 to 78 of 128]
-10.06 -9.81 -9.47 -9.12 -8.69 -8.22 -7.72 -7.19 -6.62 -6.03 -5.41 -4.75 -4.09 -3.50 -2.94 -2.38 -1.84 -1.31 -0.78 -0.25 0.19 0.69 1.09 1.38 1.69 1.94 2.16 2.28 2.38 2.47 2.59 2.62 2.66 2.91 3.31 3.75 4.16 4.41 4.53 4.06 3.94 4.19 4.41 4.34 4.28 4.28 4.47 4.72 4.94 5.25 5.88 6.66 7.47 8.25 9.03 9.72 10.34 10.88 11.44 12.12 12.88 13.47 14.16 14.62 15.34 16.00 16.59 17.25 17.78 18.50 19.00 19.62 20.16 20.69 21.25 21.94 22.72 23.62 24.31
-9.97 -9.69 -9.38 -8.97 -8.56 -8.09 -7.59 -7.06 -6.50 -5.91 -5.31 -4.69 -4.03 -3.47 -2.91 -2.34 -1.81 -1.28 -0.78 -0.28 0.19 0.69 1.03 1.34 1.69 1.94 2.09 2.25 2.34 2.44 2.56 2.59 2.59 2.91 3.28 3.72 4.12 4.34 4.44 3.97 3.81 4.06 4.34 4.31 4.31 4.38 4.56 4.81 5.06 5.41 6.06 6.84 7.69 8.50 9.31 10.06 10.72 11.28 11.69 12.38 13.03 13.66 14.28 14.88 15.50 16.12 16.69 17.34 17.91 18.53 19.09 19.69 20.28 20.84 21.41 21.97 22.88 23.84 24.69
-9.81 -9.53 -9.19 -8.81 -8.38 -7.94 -7.44 -6.91 -6.38 -5.78 -5.19 -4.56 -3.94 -3.41 -2.84 -2.31 -1.78 -1.25 -0.75 -0.28 0.22 0.66 1.00 1.34 1.62 1.88 2.06 2.22 2.31 2.41 2.53 2.53 2.56 2.91 3.25 3.69 4.06 4.28 4.41 3.91 3.75 4.00 4.31 4.34 4.38 4.50 4.69 4.94 5.19 5.59 6.28 7.06 7.91 8.75 9.59 10.38 11.09 11.72 12.25 12.62 13.09 13.75 14.31 14.88 15.66 16.28 16.84 17.44 18.03 18.56 19.19 19.81 20.38 20.91 21.66 22.34 22.94 23.75 24.75
-9.59 -9.28 -8.97 -8.56 -8.16 -7.72 -7.25 -6.72 -6.19 -5.62 -5.03 -4.44 -3.84 -3.31 -2.78 -2.25 -1.75 -1.25 -0.75 -0.28 0.25 0.69 0.97 1.31 1.59 1.84 2.03 2.16 2.28 2.38 2.47 2.50 2.56 2.91 3.25 3.69 4.03 4.28 4.38 3.88 3.72 4.03 4.34 4.44 4.50 4.66 4.84 5.06 5.34 5.81 6.50 7.28 8.12 9.03 9.88 10.66 11.41 12.06 12.69 13.12 13.47 13.88 14.59 15.12 15.78 16.31 16.97 17.50 18.06 18.69 19.31 19.88 20.41 21.06 21.81 22.56 23.25 23.88 24.75
-9.28 -9.00 -8.69 -8.31 -7.91 -7.47 -7.00 -6.50 -6.00 -5.44 -4.88 -4.31 -3.75 -3.22 -2.72 -2.22 -1.75 -1.25 -0.78 -0.28 0.25 0.69 0.97 1.34 1.56 1.78 1.97 2.12 2.22 2.31 2.44 2.44 2.53 2.91 3.28 3.72 4.03 4.28 4.34 3.84 3.78 4.12 4.44 4.56 4.66 4.84 5.00 5.16 5.44 6.00 6.69 7.50 8.34 9.25 10.12 10.94 11.69 12.34 13.00 13.59 13.78 14.47 14.84 15.44 15.84 16.50 17.00 17.59 18.22 18.72 19.41 19.97 20.62 21.25 21.97 22.69 23.47 24.19 24.81
-8.94 -8.66 -8.34 -8.00 -7.59 -7.19 -6.75 -6.28 -5.78 -5.25 -4.72 -4.16 -3.62 -3.16 -2.69 -2.19 -1.75 -1.25 -0.81 -0.31 0.16 0.62 0.91 1.28 1.53 1.78 1.91 2.06 2.19 2.28 2.38 2.38 2.53 2.91 3.31 3.78 4.16 4.34 4.31 3.78 4.03 4.31 4.56 4.69 4.78 4.97 5.09 5.22 5.53 6.16 6.91 7.72 8.56 9.47 10.34 11.19 11.91 12.56 13.25 13.94 14.28 14.66 15.28 15.66 16.22 16.62 17.19 17.75 18.34 18.81 19.44 20.16 20.72 21.47 22.06 22.84 23.66 24.41 25.12
-8.53 -8.28 -7.97 -7.62 -7.28 -6.88 -6.47 -6.00 -5.53 -5.03 -4.50 -3.97 -3.50 -3.06 -2.59 -2.12 -1.75 -1.22 -0.72 -0.31 0.12 0.59 0.88 1.25 1.50 1.72 1.88 2.00 2.12 2.22 2.34 2.34 2.47 2.91 3.34 3.88 4.22 4.47 4.34 3.72 4.28 4.50 4.62 4.75 4.88 5.06 5.16 5.31 5.62 6.31 7.06 7.88 8.75 9.66 10.56 11.41 12.16 12.81 13.44 14.09 14.69 15.09 15.59 16.19 16.53 17.00 17.41 17.88 18.50 19.03 19.59 20.28 21.00 21.56 22.34 23.09 23.81 24.53 25.09
-8.09 -7.84 -7.56 -7.25 -6.91 -6.53 -6.12 -5.72 -5.25 -4.78 -4.28 -3.81 -3.38 -2.94 -2.50 -2.25 -1.84 -1.28 -0.88 -0.25 0.16 0.59 0.84 1.25 1.44 1.69 1.81 1.94 2.09 2.19 2.28 2.28 2.44 2.88 3.38 3.94 4.31 4.56 4.34 3.84 4.38 4.66 4.69 4.81 4.94 5.16 5.22 5.34 5.72 6.44 7.22 8.00 8.88 9.81 10.75 11.62 12.41 13.06 13.50 14.22 14.84 15.47 16.00 16.56 17.00 17.16 17.78 18.19 18.72 19.19 19.72 20.47 21.16 21.88 22.47 23.25 23.97 24.66 25.25
-7.66 -7.41 -7.16 -6.88 -6.53 -6.19 -5.81 -5.41 -4.97 -4.53 -4.06 -3.66 -3.22 -2.81 -2.41 -2.03 -1.66 -1.16 -0.81 -0.22 0.12 0.59 0.88 1.19 1.38 1.62 1.75 1.91 2.03 2.12 2.25 2.25 2.41 2.88 3.41 3.97 4.34 4.53 4.19 4.28 4.47 4.78 4.81 4.91 5.00 5.19 5.25 5.41 5.84 6.56 7.31 8.12 9.00 9.94 10.91 11.81 12.66 13.41 14.03 14.53 15.03 15.59 16.12 16.66 17.31 17.69 17.97 18.53 18.94 19.44 19.94 20.53 21.28 22.03 22.66 23.38 24.09 24.81 25.62
-7.19 -6.97 -6.72 -6.47 -6.16 -5.84 -5.47 -5.09 -4.69 -4.28 -3.88 -3.47 -3.06 -2.69 -2.34 -1.97 -1.59 -1.12 -0.72 -0.34 0.16 0.62 0.88 1.16 1.34 1.56 1.69 1.84 1.97 2.09 2.19 2.19 2.34 2.88 3.44 4.00 4.38 4.53 4.25 4.47 4.59 4.84 4.91 5.00 5.09 5.22 5.28 5.44 5.91 6.66 7.38 8.19 9.06 10.00 10.97 11.91 12.81 13.62 14.12 14.75 15.12 15.69 16.19 16.78 17.41 17.97 18.38 18.72 19.28 19.72 20.31 20.84 21.47 22.16 22.81 23.50 24.16 25.06 25.81
-6.72 -6.53 -6.31 -6.06 -5.78 -5.47 -5.16 -4.78 -4.41 -4.03 -3.66 -3.28 -2.91 -2.56 -2.22 -1.88 -1.56 -1.12 -0.72 -0.22 0.12 0.53 0.78 1.19 1.31 1.50 1.62 1.78 1.91 2.03 2.12 2.12 2.31 2.84 3.44 4.03 4.47 4.62 4.62 4.66 4.72 4.84 4.91 5.06 5.16 5.31 5.31 5.50 6.00 6.72 7.44 8.22 9.06 10.00 10.97 11.91 12.81 13.59 14.25 14.75 15.41 15.88 16.41 16.97 17.47 18.00 18.62 19.00 19.53 20.12 20.56 21.25 21.72 22.44 23.12 23.78 24.47 25.12 26.03
-6.28 -6.09 -5.88 -5.66 -5.41 -5.12 -4.81 -4.47 -4.12 -3.78 -3.47 -3.09 -2.78 -2.44 -2.12 -1.84 -1.44 -1.00 -0.69 -0.12 0.12 0.53 0.84 1.09 1.28 1.44 1.56 1.72 1.84 1.97 2.09 2.09 2.25 2.81 3.50 4.12 4.56 4.78 4.81 4.78 4.75 4.81 4.91 5.06 5.22 5.38 5.38 5.56 6.06 6.75 7.47 8.22 9.06 9.97 10.91 11.78 12.66 13.44 14.19 14.88 15.59 16.25 16.84 17.28 17.53 18.12 18.78 19.34 19.91 20.34 21.00 21.56 22.16 22.66 23.41 24.09 24.66 25.44 26.12
-5.84 -5.69 -5.47 -5.28 -5.03 -4.78 -4.50 -4.19 -3.88 -3.56 -3.25 -2.94 -2.59 -2.28 -2.03 -1.78 -1.41 -1.00 -0.53 -0.03 0.25 0.56 0.84 1.03 1.25 1.38 1.50 1.66 1.78 1.91 2.06 2.06 2.22 2.81 3.53 4.16 4.59 4.81 4.88 4.84 4.78 4.81 4.91 5.06 5.28 5.44 5.50 5.69 6.16 6.78 7.47 8.22 9.03 9.91 10.78 11.62 12.31 13.06 13.94 14.78 15.59 16.28 17.12 17.72 18.16 18.59 18.94 19.59 20.03 20.75 21.19 21.84 22.44 23.09 23.56 24.38 25.03 25.62 26.47
-5.44 -5.28 -5.09 -4.91 -4.69 -4.44 -4.16 -3.91 -3.62 -3.34 -3.03 -2.75 -2.44 -2.16 -1.91 -1.62 -1.25 -0.91 -0.47 -0.06 0.25 0.56 0.81 1.09 1.16 1.28 1.44 1.56 1.72 1.81 2.00 2.00 2.19 2.84 3.53 4.19 4.66 4.88 4.91 4.88 4.81 4.84 4.94 5.09 5.31 5.53 5.59 5.78 6.25 6.84 7.50 8.22 9.03 9.88 10.72 11.47 12.19 12.78 13.72 14.59 15.28 16.09 17.03 17.75 18.44 18.94 19.38 19.88 20.53 20.97 21.62 22.19 22.75 23.31 23.94 24.66 25.25 25.97 26.62
-5.03 -4.88 -4.72 -4.53 -4.34 -4.09 -3.88 -3.62 -3.38 -3.12 -2.84 -2.56 -2.28 -2.03 -1.81 -1.53 -1.12 -0.84 -0.44 -0.03 0.34 0.59 0.91 1.00 1.12 1.22 1.38 1.50 1.62 1.75 1.97 1.97 2.16 2.88 3.62 4.25 4.69 4.91 4.97 4.97 4.91 4.91 5.00 5.16 5.38 5.59 5.69 5.88 6.31 6.91 7.53 8.25 9.06 9.84 10.69 11.44 12.12 12.81 13.56 14.53 15.34 16.16 17.06 17.88 18.56 19.06 19.56 20.31 20.91 21.53 21.91 22.53 23.06 23.56 24.25 25.03 25.62 26.22 26.94
-4.66 -4.53 -4.38 -4.19 -4.00 -3.81 -3.59 -3.38 -3.16 -2.91 -2.66 -2.38 -2.16 -1.88 -1.69 -1.44 -1.06 -0.78 -0.38 0.00 0.28 0.59 0.84 0.94 1.12 1.19 1.28 1.44 1.56 1.66 1.91 1.94 2.12 2.91 3.69 4.31 4.72 4.97 5.06 5.06 4.94 4.94 5.00 5.16 5.38 5.59 5.72 5.94 6.38 6.97 7.59 8.31 9.09 9.88 10.72 11.53 12.19 12.97 13.66 14.47 15.50 16.38 17.12 17.75 18.59 19.31 19.78 20.47 21.09 21.72 22.25 22.88 23.69 24.00 24.62 25.44 26.09 26.75 27.44
-4.31 -4.19 -4.03 -3.88 -3.72 -3.53 -3.34 -3.16 -2.94 -2.69 -2.47 -2.22 -2.00 -1.75 -1.59 -1.38 -1.00 -0.62 -0.22 0.03 0.31 0.53 0.78 0.97 1.03 1.12 1.25 1.38 1.50 1.59 1.88 1.88 2.09 2.97 3.75 4.41 4.75 5.03 5.16 5.16 5.00 4.94 4.97 5.16 5.38 5.56 5.72 6.03 6.44 7.03 7.69 8.41 9.19 9.97 10.81 11.69 12.44 13.06 13.94 14.69 15.72 16.56 17.34 18.09 18.81 19.44 20.03 20.66 21.28 21.88 22.62 23.75 24.38 25.03 25.50 25.81 26.53 27.12 27.91
-3.97 -3.88 -3.75 -3.59 -3.47 -3.28 -3.09 -2.91 -2.72 -2.50 -2.28 -2.03 -1.81 -1.59 -1.41 -1.19 -0.88 -0.59 -0.19 0.03 0.34 0.50 0.78 0.88 1.00 1.09 1.19 1.31 1.44 1.53 1.84 1.84 2.06 2.97 3.81 4.47 4.81 5.03 5.16 5.19 5.06 4.97 4.97 5.12 5.34 5.56 5.78 6.06 6.56 7.16 7.81 8.56 9.34 10.12 11.00 11.81 12.53 13.47 14.28 15.16 15.97 16.78 17.53 18.12 18.94 19.56 20.22 20.94 21.53 22.44 23.31 24.16 24.97 25.53 26.19 26.75 27.06 27.94 28.53
-3.72 -3.59 -3.47 -3.34 -3.19 -3.03 -2.88 -2.69 -2.50 -2.31 -2.09 -1.88 -1.66 -1.47 -1.28 -1.06 -0.78 -0.53 -0.12 0.12 0.34 0.69 0.69 0.81 0.94 1.03 1.12 1.25 1.38 1.50 1.81 1.81 2.09 2.97 3.84 4.50 4.84 5.06 5.19 5.19 5.06 4.94 4.94 5.09 5.31 5.56 5.81 6.19 6.69 7.28 7.97 8.75 9.53 10.31 11.16 11.91 12.91 13.72 14.53 15.44 16.25 16.91 17.69 18.31 19.00 19.81 20.59 21.22 21.91 22.81 23.66 24.56 25.16 26.12 26.69 27.34 27.94 28.59 29.06
-3.47 -3.34 -3.22 -3.09 -2.97 -2.81 -2.66 -2.47 -2.28 -2.09 -1.91 -1.72 -1.50 -1.31 -1.12 -0.91 -0.69 -0.41 -0.12 0.06 0.34 0.59 0.72 0.84 0.88 0.97 1.09 1.19 1.31 1.50 1.81 1.81 2.16 2.97 3.88 4.50 4.84 5.06 5.19 5.22 5.09 4.94 4.91 5.09 5.38 5.66 5.94 6.38 6.91 7.53 8.19 8.94 9.78 10.59 11.47 12.34 13.25 14.06 14.78 15.69 16.53 17.22 18.06 18.72 19.34 20.03 20.81 21.62 22.38 23.06 23.66 24.72 25.75 26.62 27.31 27.78 28.25 29.09 29.50
-3.22 -3.12 -3.00 -2.88 -2.72 -2.59 -2.44 -2.25 -2.09 -1.94 -1.75 -1.53 -1.38 -1.19 -1.00 -0.81 -0.53 -0.34 -0.16 0.09 0.34 0.50 0.75 0.81 0.84 0.94 1.06 1.16 1.31 1.56 1.78 1.78 2.25 3.03 3.88 4.50 4.84 5.12 5.25 5.28 5.16 5.03 5.03 5.22 5.50 5.78 6.16 6.66 7.22 7.84 8.50 9.19 10.03 10.94 11.72 12.56 13.50 14.38 15.22 16.09 17.00 17.84 18.38 19.03 19.78 20.50 21.19 22.00 22.75 23.47 24.03 24.94 25.69 26.78 27.66 28.28 28.84 29.50 29.94
-3.00 -2.91 -2.78 -2.66 -2.50 -2.38 -2.22 -2.06 -1.94 -1.78 -1.59 -1.44 -1.22 -1.06 -0.88 -0.72 -0.50 -0.31 0.09 0.31 0.44 0.66 0.62 0.72 0.84 0.94 1.03 1.16 1.31 1.69 1.78 1.78 2.31 3.09 3.94 4.53 4.94 5.19 5.38 5.41 5.28 5.16 5.19 5.38 5.69 6.00 6.44 7.06 7.69 8.31 8.88 9.50 10.28 11.12 11.97 12.94 13.84 14.72 15.47 16.34 17.41 18.31 19.06 19.62 20.31 21.00 21.44 22.28 23.00 23.78 24.44 25.06 25.97 26.88 27.75 28.56 29.31 29.88 30.34
-2.81 -2.69 -2.56 -2.44 -2.31 -2.16 -2.03 -1.91 -1.78 -1.66 -1.47 -1.34 -1.09 -0.97 -0.75 -0.59 -0.41 -0.22 0.00 0.16 0.31 0.47 0.59 0.75 0.84 0.94 1.06 1.19 1.34 1.75 1.78 1.81 2.44 3.22 4.03 4.59 4.97 5.28 5.50 5.50 5.41 5.28 5.38 5.59 5.97 6.31 6.84 7.50 8.22 8.84 9.31 9.81 10.59 11.50 12.41 13.25 14.22 14.94 15.91 17.03 17.78 18.53 19.38 20.25 20.81 21.53 22.09 22.69 23.44 24.16 24.72 25.50 26.16 26.91 27.56 28.41 29.47 30.25 30.66
-2.59 -2.50 -2.38 -2.22 -2.09 -1.97 -1.91 -1.78 -1.66 -1.56 -1.34 -1.19 -1.03 -0.91 -0.66 -0.50 -0.28 -0.09 0.03 0.19 0.31 0.41 0.69 0.75 0.84 0.94 1.09 1.22 1.41 1.78 1.78 1.91 2.59 3.38 4.12 4.62 5.03 5.38 5.59 5.59 5.53 5.44 5.59 5.88 6.25 6.66 7.28 7.97 8.75 9.47 9.91 10.28 10.88 11.84 13.00 13.88 14.50 15.41 16.31 17.47 18.25 18.88 19.78 20.72 21.66 22.03 22.50 23.31 24.00 24.44 25.28 25.91 26.41 27.09 27.84 28.66 29.59 30.34 30.94
-2.41 -2.28 -2.16 -2.03 -1.91 -1.81 -1.75 -1.62 -1.66 -1.56 -1.25 -1.12 -0.94 -0.78 -0.56 -0.38 -0.22 -0.03 0.12 0.25 0.38 0.53 0.62 0.75 0.91 1.03 1.16 1.31 1.56 1.78 1.78 2.09 2.78 3.53 4.22 4.72 5.12 5.47 5.69 5.72 5.62 5.59 5.81 6.19 6.56 7.03 7.69 8.47 9.34 10.16 10.72 11.06 11.47 12.12 13.41 14.41 15.25 16.12 16.88 17.97 18.69 19.34 20.12 20.78 22.19 22.91 23.28 23.94 24.47 25.03 25.59 26.31 26.91 27.56 28.34 29.09 29.78 30.41 31.06
-2.22 -2.09 -1.97 -1.84 -1.75 -1.66 -1.56 -1.56 -1.62 -1.47 -1.22 -1.12 -0.75 -0.69 -0.47 -0.31 -0.12 0.16 0.28 0.31 0.50 0.56 0.66 0.81 0.97 1.09 1.22 1.41 1.72 1.78 1.78 2.31 2.94 3.66 4.31 4.84 5.25 5.59 5.75 5.78 5.72 5.78 6.03 6.44 6.91 7.47 8.09 8.94 9.94 10.97 11.78 12.12 12.66 12.94 13.84 14.88 15.84 16.75 17.31 18.31 19.03 19.78 20.25 21.50 22.88 23.75 24.31 24.47 24.75 25.47 26.06 26.62 27.25 28.06 28.84 29.59 30.19 30.69 31.28
-2.03 -1.91 -1.78 -1.69 -1.59 -1.47 -1.44 -1.34 -1.25 -1.09 -0.97 -0.94 -0.81 -0.62 -0.38 -0.16 0.06 0.22 0.34 0.41 0.47 0.62 0.78 0.88 1.03 1.19 1.34 1.53 1.81 1.78 1.94 2.50 3.09 3.78 4.34 4.91 5.38 5.69 5.84 5.84 5.78 5.94 6.28 6.75 7.28 7.91 8.59 9.44 10.44 11.56 12.62 13.41 13.56 13.81 14.47 15.53 16.19 17.31 18.03 18.44 19.25 20.16 20.91 21.94 23.19 24.47 25.00 25.38 25.62 25.84 26.41 27.09 28.03 28.69 29.41 30.03 30.62 31.06 31.59
-1.88 -1.75 -1.62 -1.53 -1.41 -1.34 -1.41 -1.25 -1.03 -1.00 -0.78 -0.84 -0.75 -0.50 -0.28 -0.09 0.09 0.38 0.41 0.50 0.62 0.78 0.84 1.00 1.16 1.31 1.44 1.75 1.81 1.81 2.19 2.66 3.25 3.84 4.44 5.00 5.50 5.78 5.91 5.88 5.91 6.12 6.53 7.06 7.69 8.41 9.12 9.97 10.94 11.97 12.94 14.25 14.78 15.12 15.25 15.88 16.81 17.53 18.31 18.97 19.47 20.41 21.16 23.00 24.28 25.16 25.75 26.12 26.09 26.62 26.84 27.75 28.47 29.38 29.62 30.50 31.09 31.47 31.91
-1.69 -1.56 -1.44 -1.31 -1.22 -1.22 -1.09 -1.00 -0.94 -0.84 -0.75 -0.72 -0.47 -0.38 -0.19 0.00 0.22 0.31 0.34 0.50 0.78 0.84 1.00 1.12 1.25 1.41 1.69 1.88 1.84 1.94 2.34 2.75 3.34 3.97 4.59 5.16 5.59 5.88 5.97 5.97 6.03 6.34 6.81 7.41 8.09 8.88 9.66 10.53 11.53 12.72 13.75 14.88 15.69 16.28 16.50 16.75 17.00 17.81 18.53 19.31 20.09 21.34 22.56 23.59 25.00 25.97 26.53 26.94 27.09 27.44 27.81 28.16 29.09 29.88 30.50 30.78 31.66 32.03 32.78
-1.50 -1.38 -1.25 -1.19 -1.12 -1.00 -0.91 -0.81 -0.75 -0.69 -0.69 -0.47 -0.28 -0.16 -0.03 0.19 0.44 0.47 0.47 0.66 0.75 1.06 1.16 1.22 1.38 1.59 1.94 1.91 1.91 2.19 2.44 2.88 3.47 4.12 4.75 5.31 5.75 5.97 6.03 6.03 6.22 6.59 7.12 7.75 8.50 9.31 10.16 11.06 12.16 13.31 14.66 15.62 16.44 16.91 17.09 17.44 17.69 18.19 18.91 19.66 20.47 21.38 23.03 24.31 25.41 26.38 27.03 27.44 27.62 28.09 28.28 28.94 29.50 30.00 30.84 31.47 32.22 32.91 33.31
-1.31 -1.19 -1.06 -0.94 -0.88 -0.75 -0.66 -0.62 -0.59 -0.62 -0.38 -0.25 -0.09 0.03 0.09 0.28 0.31 0.41 0.56 0.78 0.97 1.09 1.19 1.38 1.53 1.94 1.97 1.94 2.12 2.31 2.53 2.97 3.59 4.25 4.91 5.44 5.81 6.00 6.09 6.16 6.41 6.84 7.41 8.06 8.84 9.72 10.59 11.56 12.59 13.72 15.50 16.44 16.69 17.31 17.72 18.12 18.25 18.62 19.16 19.94 20.78 21.97 23.19 24.47 25.56 26.53 27.25 27.78 28.25 28.41 29.06 29.56 29.88 30.44 30.97 31.81 32.62 33.25 33.97
-1.16 -1.03 -0.91 -0.78 -0.66 -0.56 -0.50 -0.47 -0.44 -0.31 -0.19 -0.06 0.12 0.28 0.38 0.41 0.38 0.53 0.59 0.84 1.09 1.19 1.38 1.62 1.94 1.97 2.00 2.09 2.28 2.44 2.69 3.16 3.78 4.41 5.03 5.50 5.88 6.06 6.16 6.28 6.56 7.06 7.69 8.38 9.16 10.03 10.97 12.03 13.34 14.78 16.03 16.97 17.47 17.72 18.03 18.84 19.00 19.47 19.78 20.44 21.09 22.09 23.12 24.44 25.47 26.53 27.44 28.09 28.53 28.94 29.41 30.06 30.53 30.69 31.62 32.00 32.91 33.81 34.38
-0.91 -0.78 -0.66 -0.56 -0.50 -0.44 -0.34 -0.28 -0.22 -0.09 0.00 0.09 0.22 0.41 0.34 0.44 0.62 0.75 0.84 1.09 1.22 1.44 1.59 1.75 1.91 1.97 2.16 2.44 2.53 2.69 2.94 3.44 4.03 4.66 5.16 5.56 5.91 6.16 6.28 6.44 6.75 7.31 7.94 8.66 9.50 10.41 11.31 12.31 13.88 15.38 16.62 17.47 18.03 18.53 19.03 19.69 20.19 20.12 20.59 21.09 21.59 22.34 23.34 24.47 25.34 26.22 27.34 28.09 28.41 29.06 29.59 30.19 31.12 31.59 32.06 32.81 33.56 34.03 34.69
-0.69 -0.56 -0.47 -0.38 -0.31 -0.22 -0.16 -0.09 0.03 0.09 0.16 0.31 0.41 0.41 0.41 0.50 0.53 0.81 0.91 1.06 1.22 1.41 1.56 1.72 1.94 2.31 2.66 2.78 2.91 3.06 3.34 3.81 4.34 4.88 5.31 5.69 6.00 6.22 6.34 6.56 6.97 7.53 8.19 8.97 9.84 10.75 11.62 12.62 14.25 15.62 17.03 17.84 18.06 19.38 19.44 20.62 20.97 21.28 21.44 21.84 22.19 22.88 23.66 24.53 25.38 26.31 27.19 27.88 28.41 29.06 29.81 30.53 31.66 32.16 32.56 33.53 34.12 34.62 34.97
-0.47 -0.38 -0.28 -0.19 -0.09 -0.03 0.03 0.16 0.22 0.25 0.41 0.44 0.41 0.44 0.53 0.62 0.78 0.84 0.88 1.03 1.28 1.56 1.94 2.34 2.66 2.91 3.12 3.34 3.50 3.69 3.94 4.31 4.72 5.12 5.47 5.81 6.06 6.28 6.44 6.72 7.16 7.75 8.44 9.25 10.16 11.03 11.94 12.97 14.28 16.09 17.41 18.31 19.19 20.22 20.84 21.34 21.81 22.06 22.50 22.69 22.94 23.38 23.97 24.78 25.53 26.38 27.12 27.94 28.50 29.12 29.81 30.69 31.84 32.78 33.44 34.03 34.59 34.84 35.44
