everonasctiles/Tile[31,18].asc
ncols 128
nrows 128
xllcorner 0
yllcorner 0
cellsize 2.0
NODATA_value  -9999
[rows 96 to 127 of 128, columns 0 to 70 of 128]
162.06 162.41 162.75 163.16 163.56 163.97 164.34 164.72 165.09 165.47 165.81 166.16 166.56 167.00 167.41 167.88 168.38 168.88 169.53 170.12 170.69 171.12 171.59 171.97 172.25 172.53 172.75 173.00 173.25 173.47 173.69 174.00 174.41 174.81 175.19 175.56 176.00 176.44 176.81 177.12 177.38 177.62 177.81 178.50 179.00 179.66 180.34 181.09 181.88 182.69 183.81 185.09 186.09 187.00 187.75 188.41 188.97 189.56 190.38 190.97 191.47 192.03 192.66 193.19 193.66 193.91 194.19 194.38 194.50 194.59 194.69
162.34 162.72 163.09 163.44 163.84 164.19 164.59 165.00 165.31 165.75 166.09 166.47 166.88 167.25 167.72 168.16 168.66 169.19 169.78 170.34 170.88 171.41 171.78 172.22 172.53 172.78 172.97 173.22 173.47 173.66 173.88 174.19 174.59 174.97 175.34 175.72 176.12 176.53 176.88 177.22 177.47 177.69 177.94 178.56 179.16 179.75 180.44 181.00 181.78 182.72 183.72 184.84 185.84 186.69 187.38 188.03 188.59 189.28 189.97 190.62 191.19 191.69 192.25 192.88 193.47 193.88 194.19 194.44 194.62 194.78 194.88
162.69 163.12 163.44 163.81 164.16 164.56 164.94 165.31 165.69 166.03 166.41 166.78 167.19 167.59 167.97 168.47 168.97 169.53 170.09 170.66 171.16 171.66 172.09 172.47 172.75 173.03 173.25 173.47 173.66 173.84 174.09 174.41 174.75 175.12 175.50 175.84 176.22 176.62 176.97 177.31 177.59 177.81 178.06 178.56 179.12 179.78 180.38 181.03 181.78 182.69 183.66 184.56 185.44 186.22 186.91 187.41 188.41 189.06 189.69 190.31 190.84 191.31 191.88 192.34 192.91 193.66 194.09 194.44 194.69 194.88 195.00
163.00 163.53 163.91 164.22 164.59 164.91 165.25 165.66 166.00 166.38 166.75 167.09 167.53 167.88 168.31 168.75 169.25 169.84 170.41 170.94 171.44 171.88 172.31 172.66 173.00 173.25 173.50 173.69 173.88 174.06 174.31 174.59 174.94 175.25 175.62 176.00 176.34 176.72 177.09 177.41 177.69 177.94 178.12 178.44 178.94 179.56 180.25 181.00 181.75 182.72 183.53 184.28 184.97 185.66 186.28 186.78 187.66 188.59 189.25 189.84 190.44 191.00 191.56 192.00 192.50 193.12 193.88 194.34 194.66 194.94 195.09
163.44 163.84 164.34 164.66 165.03 165.34 165.62 165.94 166.22 166.72 167.03 167.38 167.78 168.25 168.66 169.06 169.56 170.16 170.69 171.19 171.72 172.12 172.53 172.88 173.19 173.47 173.72 173.91 174.09 174.28 174.53 174.81 175.12 175.44 175.81 176.12 176.50 176.88 177.22 177.50 177.78 178.03 178.22 178.41 178.84 179.41 180.06 180.81 181.53 182.25 183.09 183.88 184.47 184.97 185.84 186.19 187.00 187.97 188.72 189.38 189.91 190.44 191.03 191.56 192.03 192.75 193.59 194.09 194.53 194.84 195.09
163.78 164.25 164.72 165.16 165.53 165.84 166.09 166.41 166.66 166.91 167.34 167.69 168.06 168.47 168.94 169.41 169.91 170.44 171.00 171.50 171.97 172.38 172.75 173.12 173.44 173.72 173.97 174.16 174.34 174.53 174.75 175.00 175.28 175.62 175.97 176.28 176.62 176.97 177.31 177.56 177.84 178.06 178.28 178.41 178.84 179.47 180.09 180.78 181.50 182.09 182.88 183.59 184.09 184.56 185.09 185.50 186.12 187.31 188.12 188.62 189.16 189.72 190.41 191.12 191.69 192.38 193.16 193.75 194.28 194.78 195.09
164.09 164.59 165.06 165.41 165.94 166.31 166.59 166.84 167.09 167.38 167.59 168.00 168.38 168.81 169.22 169.72 170.19 170.72 171.25 171.72 172.19 172.56 172.97 173.34 173.69 173.97 174.22 174.38 174.56 174.75 175.00 175.25 175.50 175.78 176.09 176.41 176.75 177.06 177.41 177.66 177.94 178.16 178.31 178.44 178.97 179.44 180.34 181.00 181.62 182.34 182.84 183.31 183.72 184.12 184.50 184.81 185.38 186.19 187.22 187.69 188.47 188.97 189.97 190.78 191.34 192.03 192.69 193.28 193.75 194.34 194.97
164.34 164.88 165.44 165.84 166.25 166.69 167.06 167.31 167.56 167.78 168.09 168.31 168.75 169.12 169.53 170.00 170.44 171.00 171.47 171.94 172.41 172.81 173.16 173.56 173.94 174.19 174.50 174.62 174.78 175.00 175.22 175.44 175.72 176.00 176.31 176.56 176.84 177.12 177.44 177.72 177.97 178.22 178.38 178.66 179.00 179.66 180.41 181.06 181.66 182.19 182.66 183.00 183.28 183.66 183.97 184.16 184.69 185.47 186.38 187.06 187.78 188.59 189.59 190.34 190.94 191.56 192.12 192.50 192.97 193.69 194.41
164.56 165.06 165.66 166.12 166.56 166.97 167.41 167.75 167.97 168.19 168.47 168.81 169.09 169.47 169.88 170.31 170.78 171.22 171.69 172.12 172.62 173.06 173.41 173.78 174.19 174.47 174.72 174.88 175.03 175.22 175.44 175.66 175.91 176.19 176.47 176.72 176.97 177.25 177.50 177.78 178.03 178.25 178.44 178.75 179.25 179.75 180.47 181.03 181.56 182.00 182.31 182.56 182.88 183.12 183.31 183.53 184.16 184.81 185.62 186.56 187.19 187.81 188.81 189.84 190.53 191.09 191.56 191.97 192.47 193.22 193.91
164.75 165.31 165.84 166.31 166.78 167.22 167.62 168.03 168.38 168.56 168.88 169.16 169.53 169.88 170.22 170.66 171.06 171.50 171.91 172.31 172.81 173.28 173.72 174.06 174.41 174.72 174.97 175.09 175.25 175.44 175.62 175.84 176.06 176.31 176.59 176.84 177.09 177.34 177.59 177.84 178.09 178.31 178.53 179.00 179.44 180.00 180.50 180.97 181.38 181.69 181.94 182.16 182.31 182.50 182.78 183.00 183.50 184.25 184.88 185.66 186.16 187.19 188.09 189.31 190.00 190.53 191.16 191.72 192.22 192.78 193.62
164.91 165.47 165.94 166.41 166.88 167.34 167.81 168.25 168.66 169.03 169.38 169.59 169.91 170.28 170.69 171.00 171.44 171.81 172.12 172.56 173.00 173.44 173.91 174.34 174.62 174.97 175.19 175.38 175.47 175.62 175.84 176.03 176.25 176.47 176.69 176.97 177.19 177.47 177.69 177.91 178.19 178.41 178.62 179.16 179.69 180.09 180.50 180.84 181.16 181.41 181.69 181.97 182.16 182.41 182.69 182.91 183.16 183.66 184.12 184.72 185.50 186.28 187.53 188.69 189.38 190.00 190.75 191.22 191.84 192.38 193.38
165.00 165.53 166.06 166.56 167.03 167.50 167.97 168.41 168.88 169.34 169.75 170.03 170.34 170.69 171.06 171.41 171.72 172.09 172.50 172.88 173.19 173.69 174.12 174.53 174.91 175.22 175.47 175.62 175.69 175.88 176.03 176.25 176.44 176.62 176.84 177.06 177.31 177.53 177.75 178.00 178.25 178.50 178.91 179.31 179.75 180.09 180.44 180.72 181.03 181.28 181.53 181.81 182.03 182.31 182.56 182.78 183.09 183.41 183.78 184.06 184.53 185.50 186.78 187.94 188.72 189.47 190.12 190.88 191.56 192.31 193.28
165.12 165.62 166.16 166.62 167.12 167.62 168.09 168.62 169.09 169.62 170.09 170.47 170.75 171.16 171.50 171.84 172.03 172.38 172.69 173.16 173.53 173.91 174.34 174.72 175.06 175.31 175.59 175.78 175.88 176.03 176.22 176.38 176.53 176.72 176.94 177.12 177.38 177.62 177.84 178.06 178.31 178.62 179.00 179.38 179.75 180.06 180.34 180.62 180.88 181.12 181.38 181.66 181.91 182.19 182.44 182.69 183.03 183.34 183.66 183.91 184.22 184.66 185.69 186.88 187.94 188.25 189.31 190.38 191.34 192.22 192.97
165.16 165.72 166.19 166.66 167.16 167.66 168.28 168.84 169.38 169.84 170.28 170.81 171.22 171.59 171.84 172.22 172.56 172.78 173.06 173.34 173.75 174.12 174.50 174.84 175.16 175.44 175.69 175.84 176.03 176.19 176.34 176.50 176.62 176.78 176.97 177.22 177.47 177.69 177.91 178.16 178.41 178.69 179.03 179.34 179.66 179.97 180.22 180.50 180.75 181.00 181.22 181.50 181.78 182.06 182.34 182.62 182.94 183.28 183.56 183.84 184.12 184.53 184.97 185.72 186.75 187.28 188.28 189.84 191.06 191.81 192.59
165.25 165.69 166.22 166.78 167.28 167.88 168.47 169.03 169.56 170.12 170.59 171.06 171.50 171.81 172.28 172.50 172.91 173.12 173.41 173.62 173.97 174.31 174.62 174.97 175.25 175.50 175.75 175.94 176.16 176.31 176.44 176.56 176.72 176.88 177.06 177.31 177.53 177.75 177.97 178.22 178.44 178.72 179.00 179.28 179.56 179.84 180.12 180.34 180.59 180.88 181.09 181.38 181.66 181.94 182.25 182.53 182.88 183.19 183.53 183.78 184.09 184.47 184.88 185.38 186.06 186.59 187.66 189.34 190.44 191.38 192.22
165.47 165.84 166.34 166.88 167.44 167.97 168.59 169.19 169.75 170.25 170.78 171.28 171.72 172.12 172.59 172.88 173.16 173.50 173.69 173.91 174.19 174.41 174.75 175.03 175.31 175.56 175.78 175.97 176.22 176.34 176.47 176.62 176.78 176.94 177.16 177.38 177.59 177.78 178.00 178.22 178.44 178.69 178.94 179.22 179.50 179.75 180.00 180.25 180.50 180.75 181.00 181.25 181.53 181.84 182.19 182.50 182.84 183.16 183.47 183.75 184.06 184.44 184.88 185.41 185.97 186.47 187.31 188.75 189.69 190.72 191.62
165.56 166.00 166.47 166.94 167.50 168.09 168.75 169.41 169.94 170.50 170.91 171.44 171.88 172.38 172.81 173.19 173.41 173.75 173.94 174.19 174.47 174.69 174.88 175.16 175.41 175.59 175.91 176.03 176.22 176.31 176.47 176.59 176.78 176.97 177.19 177.38 177.56 177.75 177.97 178.19 178.41 178.66 178.91 179.16 179.41 179.66 179.94 180.16 180.41 180.66 180.94 181.19 181.47 181.81 182.12 182.47 182.81 183.12 183.44 183.75 184.09 184.47 184.88 185.41 185.97 186.44 186.94 187.59 188.44 189.72 190.97
165.66 166.09 166.59 167.06 167.59 168.28 168.91 169.41 170.03 170.53 171.00 171.56 172.00 172.44 172.91 173.31 173.66 173.97 174.22 174.44 174.69 174.94 175.16 175.38 175.50 175.72 175.94 176.03 176.09 176.22 176.38 176.56 176.72 176.91 177.12 177.31 177.50 177.69 177.88 178.12 178.34 178.56 178.81 179.09 179.34 179.59 179.84 180.09 180.34 180.59 180.88 181.16 181.47 181.81 182.12 182.47 182.78 183.09 183.41 183.75 184.09 184.50 184.88 185.34 185.91 186.38 186.88 187.44 188.03 189.09 190.31
165.78 166.19 166.62 167.16 167.69 168.22 168.81 169.44 169.97 170.56 171.03 171.53 172.03 172.50 173.03 173.47 173.75 174.09 174.41 174.59 174.88 175.06 175.28 175.56 175.69 175.72 175.91 175.97 176.03 176.12 176.31 176.47 176.66 176.84 177.03 177.25 177.44 177.62 177.84 178.06 178.31 178.53 178.75 179.00 179.22 179.50 179.75 180.03 180.28 180.56 180.84 181.16 181.47 181.81 182.12 182.47 182.78 183.12 183.44 183.75 184.12 184.50 184.91 185.38 185.94 186.41 186.94 187.50 188.09 188.88 189.81
165.84 166.25 166.72 167.19 167.75 168.28 168.78 169.38 169.91 170.41 171.03 171.56 172.06 172.59 173.06 173.44 173.84 174.22 174.56 174.81 175.06 175.25 175.44 175.59 175.72 175.72 175.81 175.88 175.97 176.06 176.22 176.38 176.53 176.78 176.97 177.12 177.34 177.56 177.78 178.03 178.22 178.44 178.69 178.94 179.16 179.44 179.72 180.00 180.28 180.59 180.88 181.19 181.50 181.81 182.12 182.47 182.78 183.12 183.44 183.75 184.12 184.53 184.97 185.47 185.94 186.44 186.94 187.50 188.16 188.75 189.47
165.94 166.34 166.78 167.22 167.72 168.25 168.81 169.28 169.81 170.34 170.84 171.34 171.91 172.50 173.00 173.44 173.94 174.31 174.62 174.91 175.12 175.31 175.47 175.59 175.66 175.69 175.75 175.81 175.91 176.00 176.16 176.28 176.44 176.66 176.88 177.06 177.28 177.47 177.72 177.94 178.19 178.47 178.72 178.97 179.19 179.47 179.72 180.03 180.31 180.62 180.94 181.25 181.53 181.84 182.16 182.50 182.81 183.12 183.47 183.81 184.19 184.62 185.09 185.53 186.00 186.50 187.03 187.53 188.09 188.75 189.44
166.03 166.44 166.84 167.31 167.78 168.25 168.81 169.31 169.84 170.31 170.78 171.34 171.91 172.41 173.00 173.41 173.78 174.16 174.50 174.75 175.00 175.16 175.31 175.44 175.50 175.59 175.66 175.72 175.84 175.94 176.09 176.22 176.41 176.59 176.78 177.00 177.25 177.47 177.75 178.00 178.25 178.50 178.75 179.00 179.28 179.53 179.81 180.09 180.38 180.66 180.97 181.28 181.56 181.88 182.22 182.53 182.84 183.19 183.53 183.88 184.31 184.75 185.19 185.66 186.12 186.62 187.16 187.69 188.19 188.78 189.41
166.06 166.50 166.94 167.38 167.81 168.25 168.72 169.25 169.69 170.16 170.66 171.16 171.69 172.28 172.75 173.16 173.59 173.94 174.22 174.50 174.75 174.94 175.06 175.22 175.31 175.44 175.53 175.66 175.72 175.91 176.03 176.22 176.38 176.56 176.75 177.03 177.25 177.50 177.75 178.03 178.28 178.53 178.78 179.06 179.31 179.59 179.88 180.16 180.44 180.72 181.00 181.34 181.62 181.94 182.25 182.59 182.91 183.28 183.66 184.00 184.44 184.91 185.34 185.81 186.34 186.84 187.31 187.81 188.31 188.88 189.44
166.19 166.56 166.97 167.34 167.78 168.19 168.62 169.09 169.56 170.03 170.53 171.06 171.56 171.97 172.44 172.94 173.25 173.59 173.91 174.22 174.50 174.72 174.91 175.03 175.16 175.31 175.44 175.53 175.66 175.84 176.00 176.19 176.38 176.56 176.75 177.00 177.25 177.50 177.75 178.00 178.25 178.53 178.81 179.06 179.34 179.62 179.91 180.19 180.47 180.78 181.09 181.41 181.72 182.03 182.38 182.69 183.03 183.41 183.81 184.22 184.66 185.12 185.59 186.12 186.62 187.06 187.50 187.97 188.44 188.97 189.56
166.22 166.59 166.94 167.31 167.75 168.16 168.62 169.00 169.47 169.97 170.44 170.97 171.41 171.84 172.22 172.59 172.97 173.28 173.66 174.00 174.25 174.50 174.72 174.91 175.06 175.16 175.31 175.47 175.62 175.81 175.97 176.12 176.31 176.53 176.72 176.97 177.19 177.44 177.69 177.97 178.25 178.50 178.78 179.09 179.38 179.66 179.94 180.25 180.53 180.84 181.19 181.50 181.81 182.16 182.50 182.84 183.19 183.53 183.97 184.41 184.88 185.34 185.81 186.28 186.75 187.22 187.69 188.16 188.62 189.16 189.69
166.22 166.56 166.94 167.31 167.72 168.16 168.59 169.00 169.47 169.91 170.31 170.75 171.12 171.56 172.00 172.34 172.72 173.09 173.47 173.81 174.12 174.38 174.56 174.78 174.94 175.09 175.25 175.41 175.56 175.75 175.91 176.09 176.28 176.47 176.69 176.91 177.12 177.41 177.62 177.91 178.19 178.44 178.75 179.06 179.38 179.69 179.97 180.25 180.59 180.94 181.28 181.62 181.97 182.31 182.69 183.03 183.38 183.72 184.12 184.59 185.06 185.53 185.97 186.44 186.91 187.38 187.81 188.28 188.75 189.28 189.78
166.25 166.59 166.94 167.28 167.66 168.12 168.53 168.94 169.41 169.88 170.28 170.66 171.06 171.44 171.84 172.22 172.47 172.84 173.19 173.56 173.97 174.25 174.50 174.69 174.88 175.03 175.19 175.34 175.50 175.69 175.84 176.03 176.22 176.41 176.62 176.84 177.06 177.34 177.56 177.84 178.12 178.44 178.75 179.06 179.38 179.69 179.97 180.31 180.69 181.06 181.41 181.75 182.09 182.47 182.84 183.22 183.59 183.97 184.28 184.75 185.25 185.69 186.12 186.59 187.06 187.50 187.97 188.44 188.91 189.38 189.84
166.19 166.56 166.94 167.28 167.62 167.97 168.41 168.88 169.41 169.84 170.22 170.53 170.91 171.28 171.59 171.94 172.44 172.78 173.25 173.66 174.03 174.28 174.50 174.69 174.84 174.97 175.12 175.28 175.44 175.62 175.78 175.97 176.16 176.31 176.53 176.75 177.00 177.25 177.50 177.81 178.12 178.44 178.75 179.06 179.41 179.72 180.06 180.44 180.81 181.19 181.53 181.84 182.22 182.56 183.00 183.41 183.81 184.22 184.59 184.88 185.34 185.81 186.31 186.72 187.19 187.62 188.09 188.53 189.00 189.47 189.91
166.19 166.59 166.88 167.19 167.59 167.97 168.47 168.94 169.47 169.78 170.22 170.56 170.84 171.19 171.59 172.00 172.50 172.91 173.34 173.72 174.09 174.38 174.56 174.69 174.78 174.91 175.03 175.19 175.34 175.53 175.69 175.88 176.06 176.25 176.47 176.72 176.97 177.22 177.50 177.81 178.09 178.41 178.75 179.12 179.50 179.84 180.19 180.56 180.97 181.34 181.66 182.00 182.34 182.72 183.09 183.59 184.00 184.44 184.88 185.16 185.53 185.94 186.38 186.81 187.31 187.75 188.19 188.62 189.09 189.53 189.97
166.16 166.41 166.78 167.22 167.53 167.94 168.38 168.88 169.25 169.78 170.25 170.66 171.03 171.31 171.62 172.03 172.44 172.91 173.41 173.84 174.22 174.44 174.59 174.69 174.72 174.78 174.91 175.06 175.22 175.41 175.59 175.78 176.00 176.19 176.44 176.66 176.94 177.19 177.47 177.81 178.16 178.50 178.88 179.22 179.66 180.00 180.38 180.69 181.09 181.47 181.81 182.16 182.50 182.88 183.25 183.75 184.22 184.66 185.06 185.44 185.81 186.12 186.47 186.88 187.38 187.84 188.31 188.72 189.16 189.59 190.00
166.06 166.47 166.84 167.12 167.56 167.94 168.31 168.75 169.25 169.78 170.22 170.62 171.00 171.38 171.66 172.09 172.53 172.97 173.50 173.94 174.28 174.44 174.56 174.56 174.56 174.62 174.75 174.91 175.06 175.25 175.50 175.72 175.91 176.12 176.38 176.66 176.94 177.22 177.56 177.91 178.25 178.66 179.00 179.34 179.72 180.12 180.50 180.91 181.25 181.62 181.97 182.28 182.62 183.00 183.44 183.94 184.44 184.91 185.31 185.69 186.06 186.41 186.78 187.09 187.47 187.88 188.34 188.75 189.19 189.62 190.03
166.09 166.47 166.84 167.19 167.56 167.94 168.34 168.75 169.25 169.66 170.19 170.62 171.03 171.41 171.72 172.19 172.62 173.06 173.53 173.94 174.22 174.31 174.31 174.28 174.34 174.44 174.56 174.72 174.88 175.06 175.41 175.59 175.81 176.09 176.38 176.66 176.97 177.28 177.62 178.00 178.38 178.78 179.19 179.53 179.88 180.28 180.66 181.03 181.41 181.78 182.09 182.41 182.72 183.09 183.53 184.19 184.75 185.19 185.56 185.94 186.28 186.66 187.06 187.47 187.81 188.06 188.47 188.84 189.25 189.69 190.06
