everonasctiles/Tile36,40.asc
ncols 128
nrows 128
xllcorner 0
yllcorner 0
cellsize 2.0
NODATA_value  -9999
[rows 64 to 95 of 128, columns 0 to 70 of 128]
-61.84 -61.47 -61.16 -61.00 -60.91 -60.81 -60.69 -60.50 -60.34 -60.25 -60.28 -60.31 -60.38 -60.44 -60.50 -60.59 -60.66 -60.72 -60.72 -60.75 -60.78 -60.78 -60.84 -60.88 -60.94 -60.97 -60.97 -61.00 -61.00 -60.97 -60.97 -60.94 -60.88 -60.78 -60.59 -60.38 -60.09 -59.84 -59.59 -59.34 -59.09 -59.00 -59.03 -59.09 -59.19 -59.28 -59.34 -59.38 -59.34 -59.28 -59.19 -59.06 -58.88 -58.69 -58.44 -58.22 -57.97 -57.84 -57.97 -58.16 -58.31 -58.50 -58.66 -58.78 -58.84 -58.88 -58.97 -59.09 -59.38 -59.66 -59.97
-61.66 -61.28 -60.84 -60.59 -60.50 -60.44 -60.34 -60.19 -60.03 -59.91 -59.88 -59.94 -60.00 -60.06 -60.16 -60.25 -60.34 -60.38 -60.41 -60.44 -60.44 -60.47 -60.53 -60.59 -60.66 -60.69 -60.69 -60.72 -60.72 -60.69 -60.66 -60.66 -60.62 -60.53 -60.38 -60.16 -59.88 -59.62 -59.38 -59.06 -58.84 -58.84 -58.94 -59.03 -59.16 -59.25 -59.31 -59.31 -59.28 -59.19 -59.09 -58.97 -58.81 -58.59 -58.38 -58.12 -57.88 -57.72 -57.84 -58.00 -58.16 -58.31 -58.47 -58.56 -58.62 -58.69 -58.78 -58.94 -59.25 -59.56 -59.91
-61.47 -61.06 -60.59 -60.25 -60.09 -60.03 -59.97 -59.88 -59.72 -59.59 -59.53 -59.56 -59.62 -59.72 -59.81 -59.91 -60.00 -60.06 -60.09 -60.09 -60.12 -60.16 -60.22 -60.28 -60.31 -60.38 -60.38 -60.41 -60.41 -60.38 -60.34 -60.31 -60.28 -60.25 -60.09 -59.91 -59.62 -59.38 -59.06 -58.75 -58.59 -58.69 -58.84 -58.97 -59.09 -59.22 -59.25 -59.22 -59.16 -59.06 -58.97 -58.88 -58.72 -58.53 -58.28 -58.03 -57.75 -57.53 -57.66 -57.81 -57.94 -58.09 -58.22 -58.34 -58.41 -58.47 -58.56 -58.78 -59.12 -59.47 -59.81
-61.22 -60.81 -60.34 -59.84 -59.66 -59.62 -59.59 -59.53 -59.44 -59.31 -59.22 -59.22 -59.28 -59.34 -59.44 -59.56 -59.62 -59.72 -59.72 -59.75 -59.75 -59.81 -59.84 -59.91 -59.97 -60.03 -60.06 -60.09 -60.09 -60.03 -59.97 -59.94 -59.94 -59.91 -59.78 -59.59 -59.34 -59.09 -58.75 -58.44 -58.41 -58.59 -58.75 -58.91 -59.06 -59.16 -59.16 -59.12 -59.03 -58.91 -58.81 -58.72 -58.59 -58.41 -58.19 -57.91 -57.62 -57.34 -57.38 -57.53 -57.69 -57.84 -57.97 -58.06 -58.16 -58.22 -58.34 -58.62 -58.97 -59.34 -59.72
-60.94 -60.50 -59.97 -59.41 -59.19 -59.19 -59.19 -59.16 -59.12 -59.03 -58.94 -58.91 -58.94 -59.00 -59.09 -59.19 -59.25 -59.31 -59.34 -59.38 -59.41 -59.44 -59.47 -59.53 -59.59 -59.66 -59.72 -59.75 -59.75 -59.69 -59.62 -59.56 -59.53 -59.50 -59.41 -59.25 -59.03 -58.78 -58.47 -58.19 -58.31 -58.50 -58.69 -58.84 -59.00 -59.09 -59.09 -59.00 -58.88 -58.75 -58.62 -58.53 -58.41 -58.28 -58.06 -57.78 -57.47 -57.09 -57.03 -57.22 -57.41 -57.56 -57.69 -57.78 -57.84 -57.94 -58.09 -58.44 -58.84 -59.25 -59.66
-60.66 -60.12 -59.50 -58.88 -58.59 -58.69 -58.75 -58.78 -58.78 -58.75 -58.69 -58.62 -58.62 -58.66 -58.72 -58.78 -58.88 -58.94 -58.97 -59.00 -59.03 -59.03 -59.06 -59.12 -59.19 -59.25 -59.31 -59.41 -59.41 -59.34 -59.22 -59.16 -59.12 -59.06 -58.97 -58.84 -58.69 -58.47 -58.19 -58.06 -58.22 -58.41 -58.59 -58.78 -58.94 -59.00 -58.97 -58.88 -58.72 -58.56 -58.41 -58.28 -58.19 -58.09 -57.91 -57.62 -57.31 -56.91 -56.62 -56.84 -57.06 -57.25 -57.38 -57.47 -57.53 -57.62 -57.84 -58.28 -58.78 -59.25 -59.72
-60.34 -59.78 -59.06 -58.34 -58.00 -58.12 -58.28 -58.38 -58.41 -58.41 -58.38 -58.34 -58.28 -58.28 -58.34 -58.41 -58.47 -58.50 -58.53 -58.59 -58.62 -58.62 -58.62 -58.66 -58.72 -58.81 -58.94 -59.03 -59.06 -58.97 -58.84 -58.72 -58.66 -58.56 -58.50 -58.41 -58.28 -58.12 -57.91 -57.91 -58.09 -58.31 -58.50 -58.69 -58.81 -58.88 -58.84 -58.72 -58.56 -58.38 -58.19 -58.03 -57.94 -57.84 -57.69 -57.44 -57.12 -56.75 -56.34 -56.47 -56.72 -56.91 -57.03 -57.09 -57.16 -57.28 -57.59 -58.16 -58.72 -59.25 -59.75
-60.03 -59.53 -58.84 -57.97 -57.44 -57.50 -57.81 -57.94 -58.00 -58.03 -58.03 -58.03 -57.97 -57.94 -57.97 -58.00 -58.03 -58.06 -58.12 -58.16 -58.19 -58.16 -58.16 -58.16 -58.22 -58.38 -58.53 -58.66 -58.69 -58.56 -58.41 -58.28 -58.19 -58.06 -58.00 -57.94 -57.84 -57.75 -57.62 -57.75 -57.97 -58.19 -58.41 -58.56 -58.69 -58.75 -58.69 -58.56 -58.38 -58.16 -57.94 -57.75 -57.62 -57.53 -57.41 -57.22 -56.91 -56.56 -56.12 -56.09 -56.38 -56.53 -56.66 -56.72 -56.78 -56.91 -57.38 -58.00 -58.62 -59.22 -59.78
-59.69 -59.28 -58.69 -57.94 -57.16 -56.94 -57.31 -57.50 -57.59 -57.62 -57.66 -57.66 -57.66 -57.59 -57.59 -57.59 -57.62 -57.62 -57.66 -57.72 -57.72 -57.69 -57.66 -57.66 -57.75 -57.97 -58.16 -58.28 -58.25 -58.12 -57.97 -57.81 -57.69 -57.56 -57.50 -57.44 -57.41 -57.34 -57.34 -57.56 -57.81 -58.03 -58.25 -58.44 -58.53 -58.56 -58.50 -58.38 -58.19 -57.97 -57.72 -57.47 -57.31 -57.22 -57.09 -56.91 -56.66 -56.31 -55.94 -55.75 -56.00 -56.16 -56.28 -56.34 -56.38 -56.53 -57.09 -57.81 -58.47 -59.09 -59.69
-59.22 -58.94 -58.47 -57.88 -57.16 -56.59 -56.84 -57.06 -57.16 -57.19 -57.25 -57.28 -57.28 -57.25 -57.22 -57.22 -57.19 -57.19 -57.22 -57.25 -57.28 -57.22 -57.16 -57.16 -57.31 -57.53 -57.75 -57.84 -57.81 -57.69 -57.50 -57.31 -57.19 -57.06 -56.97 -56.97 -56.94 -56.97 -57.09 -57.34 -57.62 -57.88 -58.09 -58.25 -58.34 -58.34 -58.28 -58.12 -57.94 -57.72 -57.47 -57.22 -57.00 -56.84 -56.72 -56.56 -56.34 -56.03 -55.72 -55.47 -55.62 -55.78 -55.88 -55.94 -55.97 -56.12 -56.66 -57.41 -58.16 -58.88 -59.53
-58.69 -58.47 -58.16 -57.69 -57.12 -56.50 -56.44 -56.62 -56.69 -56.75 -56.78 -56.84 -56.88 -56.88 -56.84 -56.81 -56.78 -56.78 -56.78 -56.81 -56.81 -56.75 -56.66 -56.72 -56.91 -57.12 -57.28 -57.41 -57.34 -57.22 -57.03 -56.81 -56.66 -56.53 -56.47 -56.47 -56.50 -56.62 -56.84 -57.12 -57.41 -57.69 -57.91 -58.06 -58.16 -58.12 -58.00 -57.84 -57.66 -57.44 -57.22 -56.97 -56.72 -56.53 -56.38 -56.19 -55.97 -55.72 -55.44 -55.22 -55.31 -55.41 -55.50 -55.53 -55.56 -55.62 -55.97 -56.56 -57.31 -58.25 -59.25
-58.09 -57.91 -57.66 -57.34 -56.91 -56.41 -56.09 -56.19 -56.25 -56.28 -56.31 -56.38 -56.41 -56.44 -56.47 -56.44 -56.41 -56.34 -56.34 -56.34 -56.31 -56.25 -56.22 -56.28 -56.47 -56.66 -56.81 -56.91 -56.88 -56.72 -56.53 -56.31 -56.09 -55.97 -55.94 -55.97 -56.09 -56.31 -56.56 -56.88 -57.19 -57.47 -57.72 -57.88 -57.94 -57.88 -57.72 -57.56 -57.34 -57.12 -56.91 -56.66 -56.44 -56.22 -56.00 -55.81 -55.62 -55.41 -55.16 -54.97 -54.97 -55.06 -55.12 -55.16 -55.16 -55.06 -55.22 -55.75 -56.62 -57.72 -58.91
-57.44 -57.28 -57.09 -56.88 -56.56 -56.19 -55.84 -55.75 -55.78 -55.81 -55.84 -55.88 -55.94 -55.97 -56.03 -56.03 -56.00 -55.94 -55.91 -55.88 -55.84 -55.78 -55.75 -55.84 -55.97 -56.12 -56.28 -56.41 -56.38 -56.25 -56.03 -55.81 -55.56 -55.41 -55.44 -55.53 -55.75 -56.00 -56.28 -56.59 -56.94 -57.25 -57.47 -57.66 -57.69 -57.62 -57.47 -57.25 -57.03 -56.78 -56.56 -56.34 -56.12 -55.91 -55.69 -55.47 -55.25 -55.06 -54.88 -54.72 -54.69 -54.72 -54.75 -54.78 -54.69 -54.50 -54.69 -55.34 -56.41 -57.66 -58.97
-56.69 -56.47 -56.38 -56.28 -56.09 -55.84 -55.53 -55.31 -55.22 -55.25 -55.28 -55.34 -55.41 -55.50 -55.56 -55.62 -55.59 -55.53 -55.44 -55.41 -55.34 -55.31 -55.28 -55.34 -55.44 -55.59 -55.75 -55.88 -55.88 -55.75 -55.56 -55.31 -55.06 -54.88 -54.97 -55.16 -55.38 -55.66 -55.97 -56.28 -56.62 -56.97 -57.22 -57.38 -57.44 -57.38 -57.22 -56.97 -56.69 -56.44 -56.22 -56.00 -55.81 -55.56 -55.34 -55.12 -54.91 -54.72 -54.56 -54.44 -54.41 -54.44 -54.44 -54.41 -54.16 -54.06 -54.47 -55.28 -56.47 -57.84 -59.19
-55.72 -55.44 -55.47 -55.56 -55.56 -55.41 -55.16 -54.88 -54.62 -54.53 -54.56 -54.66 -54.81 -54.97 -55.09 -55.19 -55.19 -55.09 -55.00 -54.91 -54.84 -54.78 -54.78 -54.81 -54.88 -55.03 -55.19 -55.34 -55.38 -55.25 -55.06 -54.81 -54.56 -54.41 -54.53 -54.75 -55.00 -55.28 -55.59 -55.94 -56.31 -56.62 -56.88 -57.06 -57.12 -57.09 -56.97 -56.75 -56.44 -56.16 -55.91 -55.66 -55.44 -55.22 -55.00 -54.75 -54.53 -54.38 -54.25 -54.16 -54.16 -54.16 -54.16 -53.94 -53.81 -54.06 -54.59 -55.41 -56.53 -57.88 -59.25
-54.62 -54.28 -54.38 -54.78 -54.97 -54.94 -54.72 -54.41 -54.06 -53.75 -53.66 -53.75 -54.03 -54.34 -54.56 -54.69 -54.72 -54.66 -54.53 -54.41 -54.31 -54.25 -54.22 -54.25 -54.28 -54.41 -54.62 -54.78 -54.84 -54.75 -54.56 -54.34 -54.12 -53.97 -54.12 -54.31 -54.56 -54.84 -55.16 -55.53 -55.94 -56.25 -56.50 -56.69 -56.78 -56.81 -56.72 -56.53 -56.25 -55.94 -55.59 -55.34 -55.09 -54.84 -54.62 -54.38 -54.19 -54.03 -53.91 -53.88 -53.91 -53.94 -53.84 -53.81 -54.03 -54.50 -55.09 -55.81 -56.75 -57.94 -59.22
-53.59 -53.22 -53.41 -54.03 -54.31 -54.41 -54.22 -53.91 -53.50 -53.00 -52.75 -52.81 -53.16 -53.69 -54.00 -54.19 -54.25 -54.16 -54.03 -53.88 -53.75 -53.69 -53.66 -53.66 -53.66 -53.81 -54.06 -54.22 -54.31 -54.22 -54.03 -53.84 -53.66 -53.56 -53.69 -53.84 -54.09 -54.38 -54.72 -55.09 -55.50 -55.84 -56.09 -56.25 -56.38 -56.44 -56.41 -56.25 -56.03 -55.72 -55.38 -55.03 -54.75 -54.47 -54.25 -54.00 -53.81 -53.66 -53.59 -53.62 -53.66 -53.75 -53.91 -54.25 -54.69 -55.22 -55.94 -56.66 -57.41 -58.38 -59.31
-52.69 -52.31 -52.69 -53.34 -53.69 -53.81 -53.69 -53.41 -52.97 -52.38 -51.94 -51.91 -52.34 -53.00 -53.41 -53.59 -53.72 -53.66 -53.50 -53.28 -53.12 -53.09 -53.06 -53.03 -53.06 -53.22 -53.47 -53.69 -53.75 -53.69 -53.53 -53.34 -53.16 -53.06 -53.19 -53.38 -53.59 -53.88 -54.22 -54.62 -55.03 -55.38 -55.62 -55.81 -55.97 -56.06 -56.03 -55.94 -55.75 -55.50 -55.16 -54.78 -54.41 -54.06 -53.84 -53.62 -53.44 -53.34 -53.31 -53.34 -53.47 -53.69 -54.06 -54.53 -55.09 -55.75 -56.50 -57.25 -58.03 -58.78 -59.47
-52.03 -51.62 -52.22 -52.75 -53.03 -53.16 -53.09 -52.88 -52.50 -51.91 -51.25 -51.09 -51.53 -52.28 -52.75 -53.00 -53.16 -53.09 -52.94 -52.69 -52.50 -52.44 -52.44 -52.44 -52.47 -52.66 -52.91 -53.09 -53.19 -53.16 -53.00 -52.81 -52.66 -52.56 -52.69 -52.84 -53.06 -53.34 -53.72 -54.12 -54.53 -54.88 -55.12 -55.38 -55.56 -55.66 -55.66 -55.53 -55.41 -55.22 -54.91 -54.56 -54.16 -53.69 -53.31 -53.16 -53.09 -53.03 -53.03 -53.09 -53.28 -53.66 -54.16 -54.66 -55.28 -55.97 -56.72 -57.47 -58.22 -58.94 -59.59
-51.53 -51.19 -51.78 -52.16 -52.38 -52.47 -52.47 -52.31 -52.00 -51.47 -50.72 -50.34 -50.72 -51.44 -52.03 -52.38 -52.53 -52.50 -52.31 -52.06 -51.81 -51.72 -51.75 -51.81 -51.91 -52.09 -52.31 -52.50 -52.59 -52.56 -52.44 -52.28 -52.09 -52.03 -52.16 -52.31 -52.53 -52.81 -53.19 -53.62 -54.03 -54.38 -54.62 -54.91 -55.12 -55.25 -55.22 -55.12 -55.00 -54.88 -54.66 -54.31 -53.91 -53.44 -52.91 -52.62 -52.59 -52.72 -52.75 -52.81 -53.09 -53.59 -54.16 -54.72 -55.38 -56.06 -56.84 -57.59 -58.34 -59.03 -59.62
-51.16 -50.88 -51.25 -51.53 -51.69 -51.75 -51.78 -51.72 -51.47 -51.06 -50.41 -49.75 -49.94 -50.56 -51.28 -51.72 -51.91 -51.84 -51.66 -51.38 -51.09 -51.00 -51.09 -51.19 -51.34 -51.53 -51.72 -51.88 -51.97 -51.97 -51.84 -51.69 -51.53 -51.47 -51.59 -51.78 -51.97 -52.22 -52.62 -53.09 -53.53 -53.84 -54.12 -54.44 -54.69 -54.84 -54.78 -54.62 -54.53 -54.47 -54.31 -54.03 -53.66 -53.22 -52.66 -52.19 -52.12 -52.28 -52.41 -52.56 -52.94 -53.50 -54.12 -54.72 -55.41 -56.12 -56.88 -57.62 -58.38 -59.03 -59.62
-50.72 -50.53 -50.72 -50.88 -51.00 -51.03 -51.09 -51.06 -50.91 -50.56 -50.06 -49.31 -49.19 -49.75 -50.56 -51.03 -51.22 -51.16 -50.94 -50.66 -50.38 -50.31 -50.44 -50.56 -50.72 -50.91 -51.06 -51.22 -51.31 -51.34 -51.25 -51.09 -50.94 -50.91 -51.06 -51.22 -51.38 -51.56 -51.81 -52.25 -52.69 -53.09 -53.53 -53.94 -54.25 -54.41 -54.34 -54.12 -54.03 -54.03 -53.94 -53.75 -53.41 -52.97 -52.50 -51.91 -51.72 -51.88 -52.09 -52.41 -52.88 -53.50 -54.09 -54.72 -55.44 -56.19 -56.94 -57.69 -58.38 -59.03 -59.59
-50.25 -50.09 -50.12 -50.22 -50.25 -50.22 -50.34 -50.38 -50.28 -50.06 -49.66 -49.00 -48.56 -49.06 -49.88 -50.31 -50.50 -50.41 -50.19 -49.91 -49.66 -49.69 -49.81 -49.97 -50.09 -50.22 -50.38 -50.53 -50.66 -50.69 -50.59 -50.44 -50.31 -50.34 -50.50 -50.62 -50.72 -50.72 -50.81 -51.19 -51.72 -52.28 -52.97 -53.47 -53.81 -53.94 -53.84 -53.62 -53.50 -53.53 -53.53 -53.41 -53.12 -52.75 -52.28 -51.69 -51.34 -51.47 -51.81 -52.28 -52.88 -53.50 -54.06 -54.72 -55.44 -56.22 -56.97 -57.69 -58.34 -58.94 -59.41
-49.75 -49.59 -49.50 -49.50 -49.38 -49.31 -49.47 -49.59 -49.59 -49.47 -49.19 -48.69 -48.09 -48.50 -49.22 -49.59 -49.75 -49.66 -49.44 -49.19 -49.00 -49.09 -49.22 -49.31 -49.41 -49.53 -49.66 -49.81 -49.97 -50.00 -49.94 -49.78 -49.66 -49.78 -49.91 -50.03 -50.06 -49.81 -49.84 -50.25 -50.94 -51.72 -52.47 -53.03 -53.38 -53.47 -53.34 -53.12 -52.97 -53.06 -53.06 -53.00 -52.81 -52.47 -52.09 -51.47 -51.03 -51.16 -51.59 -52.16 -52.78 -53.44 -54.03 -54.69 -55.41 -56.16 -56.88 -57.56 -58.19 -58.72 -59.12
-49.22 -49.03 -48.88 -48.69 -48.41 -48.28 -48.56 -48.81 -48.88 -48.84 -48.66 -48.28 -47.78 -48.00 -48.56 -48.88 -48.97 -48.91 -48.75 -48.53 -48.44 -48.50 -48.59 -48.66 -48.72 -48.81 -48.94 -49.09 -49.25 -49.34 -49.28 -49.16 -49.06 -49.19 -49.34 -49.44 -49.38 -48.97 -49.03 -49.62 -50.47 -51.41 -52.12 -52.62 -52.94 -53.00 -52.84 -52.59 -52.47 -52.56 -52.62 -52.59 -52.44 -52.19 -51.84 -51.28 -50.78 -50.91 -51.41 -51.97 -52.59 -53.19 -53.88 -54.56 -55.28 -56.03 -56.72 -57.38 -57.94 -58.41 -58.75
-48.66 -48.47 -48.25 -47.97 -47.53 -47.34 -47.59 -47.97 -48.12 -48.16 -48.06 -47.81 -47.44 -47.44 -47.84 -48.16 -48.22 -48.19 -48.06 -47.91 -47.88 -47.91 -47.97 -47.97 -48.00 -48.06 -48.22 -48.38 -48.53 -48.62 -48.62 -48.53 -48.50 -48.62 -48.75 -48.81 -48.59 -48.25 -48.56 -49.38 -50.38 -51.19 -51.78 -52.25 -52.47 -52.50 -52.38 -52.12 -52.00 -52.09 -52.16 -52.16 -52.06 -51.84 -51.56 -51.09 -50.59 -50.78 -51.34 -51.91 -52.47 -53.03 -53.66 -54.38 -55.06 -55.84 -56.50 -57.12 -57.66 -58.06 -58.28
-48.09 -47.91 -47.66 -47.28 -46.81 -46.50 -46.66 -47.09 -47.38 -47.47 -47.47 -47.28 -47.03 -46.84 -47.09 -47.38 -47.50 -47.50 -47.44 -47.34 -47.31 -47.31 -47.31 -47.28 -47.25 -47.31 -47.47 -47.62 -47.78 -47.91 -47.97 -47.94 -47.97 -48.06 -48.16 -48.12 -47.78 -47.75 -48.44 -49.41 -50.25 -50.94 -51.44 -51.78 -51.97 -52.00 -51.88 -51.69 -51.59 -51.66 -51.69 -51.69 -51.62 -51.50 -51.28 -50.84 -50.47 -50.91 -51.50 -52.09 -52.62 -53.19 -53.75 -54.34 -55.03 -55.72 -56.38 -56.91 -57.34 -57.62 -57.75
-47.50 -47.34 -47.06 -46.66 -46.19 -45.75 -45.78 -46.16 -46.59 -46.78 -46.81 -46.72 -46.53 -46.28 -46.31 -46.59 -46.78 -46.84 -46.81 -46.78 -46.72 -46.66 -46.59 -46.50 -46.41 -46.47 -46.69 -46.91 -47.06 -47.22 -47.31 -47.34 -47.41 -47.50 -47.53 -47.34 -47.09 -47.59 -48.50 -49.34 -50.03 -50.59 -51.00 -51.25 -51.41 -51.47 -51.41 -51.25 -51.19 -51.22 -51.25 -51.22 -51.19 -51.09 -50.94 -50.56 -50.59 -51.16 -51.81 -52.34 -52.81 -53.31 -53.88 -54.44 -55.06 -55.66 -56.19 -56.66 -56.94 -57.09 -57.12
-46.84 -46.72 -46.44 -46.09 -45.62 -45.09 -44.94 -45.25 -45.78 -46.06 -46.16 -46.12 -45.97 -45.72 -45.53 -45.81 -46.06 -46.19 -46.22 -46.19 -46.12 -46.00 -45.88 -45.62 -45.50 -45.59 -45.81 -46.06 -46.28 -46.47 -46.66 -46.75 -46.88 -46.91 -46.84 -46.56 -46.75 -47.59 -48.38 -49.06 -49.69 -50.12 -50.44 -50.69 -50.88 -50.97 -50.94 -50.84 -50.78 -50.81 -50.81 -50.78 -50.75 -50.69 -50.50 -50.28 -50.75 -51.44 -52.00 -52.44 -52.91 -53.44 -53.97 -54.50 -55.06 -55.56 -56.00 -56.28 -56.41 -56.47 -56.44
-46.19 -46.09 -45.84 -45.50 -45.06 -44.47 -44.16 -44.38 -44.94 -45.34 -45.50 -45.50 -45.38 -45.16 -44.91 -45.12 -45.38 -45.53 -45.59 -45.59 -45.50 -45.34 -45.09 -44.72 -44.59 -44.75 -44.94 -45.06 -45.25 -45.66 -45.97 -46.16 -46.31 -46.31 -46.19 -46.00 -46.59 -47.38 -48.06 -48.69 -49.19 -49.53 -49.78 -50.03 -50.31 -50.44 -50.47 -50.44 -50.38 -50.38 -50.38 -50.34 -50.31 -50.19 -49.97 -50.16 -50.81 -51.53 -52.03 -52.47 -53.00 -53.50 -54.00 -54.50 -54.97 -55.38 -55.66 -55.75 -55.81 -55.84 -55.72
-45.47 -45.44 -45.22 -44.88 -44.47 -43.88 -43.41 -43.50 -44.06 -44.59 -44.81 -44.88 -44.78 -44.59 -44.38 -44.53 -44.75 -44.88 -44.94 -44.97 -44.84 -44.66 -44.34 -43.88 -43.69 -43.88 -44.03 -44.06 -44.31 -44.88 -45.31 -45.56 -45.72 -45.72 -45.56 -45.59 -46.31 -47.03 -47.62 -48.16 -48.53 -48.81 -49.09 -49.41 -49.75 -49.94 -50.00 -50.00 -49.97 -49.94 -49.94 -49.91 -49.75 -49.50 -49.50 -50.03 -50.78 -51.53 -52.03 -52.50 -53.03 -53.53 -54.00 -54.44 -54.81 -55.06 -55.19 -55.22 -55.22 -55.19 -55.00
-44.75 -44.72 -44.53 -44.25 -43.84 -43.28 -42.69 -42.69 -43.25 -43.91 -44.19 -44.28 -44.22 -44.06 -43.88 -43.97 -44.16 -44.22 -44.28 -44.31 -44.22 -44.00 -43.66 -43.09 -42.84 -43.00 -43.12 -43.16 -43.50 -44.19 -44.69 -44.97 -45.16 -45.12 -45.00 -45.28 -45.94 -46.53 -47.06 -47.47 -47.78 -48.00 -48.34 -48.81 -49.19 -49.44 -49.53 -49.53 -49.53 -49.50 -49.50 -49.38 -49.06 -48.94 -49.25 -49.94 -50.78 -51.50 -52.03 -52.53 -53.00 -53.50 -53.91 -54.28 -54.53 -54.62 -54.66 -54.66 -54.66 -54.59 -54.41
