everonasctiles/Tile[38,37].asc
ncols 128
nrows 128
xllcorner 0
yllcorner 0
cellsize 2.0
NODATA_value  -9999
[rows 96 to 127 of 128, columns 0 to 70 of 128]
-55.66 -55.81 -55.97 -56.09 -56.19 -56.31 -56.41 -56.53 -56.66 -56.72 -56.78 -56.81 -56.84 -56.84 -56.81 -56.78 -56.75 -56.75 -56.75 -56.78 -56.81 -56.81 -56.84 -56.84 -56.84 -56.88 -56.88 -56.88 -56.91 -56.91 -56.88 -56.84 -56.78 -56.69 -56.62 -56.56 -56.50 -56.47 -56.44 -56.44 -56.47 -56.53 -56.66 -56.78 -56.94 -57.06 -57.16 -57.25 -57.31 -57.34 -57.34 -57.38 -57.41 -57.47 -57.56 -57.62 -57.69 -57.78 -57.81 -57.78 -57.69 -57.53 -57.31 -57.09 -56.84 -56.59 -56.28 -56.06 -56.00 -56.00 -55.97
-55.59 -55.75 -55.88 -55.97 -56.06 -56.19 -56.28 -56.41 -56.53 -56.59 -56.66 -56.69 -56.72 -56.72 -56.69 -56.66 -56.62 -56.62 -56.62 -56.66 -56.69 -56.69 -56.69 -56.72 -56.72 -56.72 -56.75 -56.75 -56.78 -56.81 -56.84 -56.84 -56.81 -56.75 -56.69 -56.62 -56.59 -56.56 -56.56 -56.56 -56.56 -56.59 -56.69 -56.84 -57.00 -57.16 -57.28 -57.38 -57.47 -57.53 -57.56 -57.56 -57.59 -57.66 -57.72 -57.78 -57.88 -57.91 -57.91 -57.84 -57.69 -57.50 -57.28 -57.03 -56.78 -56.50 -56.16 -55.84 -55.75 -55.75 -55.72
-55.53 -55.66 -55.75 -55.84 -55.94 -56.03 -56.16 -56.28 -56.38 -56.47 -56.53 -56.56 -56.59 -56.59 -56.56 -56.53 -56.47 -56.47 -56.47 -56.50 -56.53 -56.56 -56.56 -56.56 -56.56 -56.56 -56.59 -56.62 -56.66 -56.69 -56.75 -56.78 -56.81 -56.78 -56.75 -56.72 -56.72 -56.69 -56.69 -56.69 -56.66 -56.66 -56.75 -56.88 -57.03 -57.19 -57.34 -57.47 -57.59 -57.66 -57.69 -57.72 -57.75 -57.81 -57.88 -57.94 -58.00 -58.03 -57.97 -57.84 -57.66 -57.44 -57.22 -56.97 -56.69 -56.41 -56.09 -55.72 -55.50 -55.50 -55.47
-55.44 -55.56 -55.62 -55.69 -55.78 -55.88 -56.00 -56.12 -56.25 -56.31 -56.41 -56.47 -56.50 -56.50 -56.47 -56.41 -56.34 -56.31 -56.31 -56.34 -56.38 -56.38 -56.38 -56.41 -56.41 -56.41 -56.44 -56.44 -56.50 -56.56 -56.62 -56.72 -56.78 -56.81 -56.81 -56.81 -56.81 -56.84 -56.81 -56.81 -56.78 -56.75 -56.81 -56.94 -57.06 -57.22 -57.38 -57.50 -57.62 -57.75 -57.81 -57.84 -57.88 -57.94 -57.97 -58.03 -58.09 -58.09 -58.00 -57.84 -57.62 -57.38 -57.12 -56.84 -56.59 -56.31 -56.03 -55.72 -55.34 -55.28 -55.25
-55.38 -55.44 -55.50 -55.56 -55.62 -55.72 -55.84 -56.00 -56.12 -56.22 -56.31 -56.38 -56.41 -56.38 -56.34 -56.28 -56.22 -56.16 -56.16 -56.16 -56.19 -56.19 -56.22 -56.25 -56.25 -56.25 -56.25 -56.28 -56.34 -56.41 -56.53 -56.62 -56.72 -56.81 -56.88 -56.91 -56.94 -56.94 -56.94 -56.94 -56.91 -56.88 -56.88 -56.97 -57.09 -57.25 -57.38 -57.53 -57.66 -57.75 -57.84 -57.91 -57.94 -58.00 -58.06 -58.12 -58.16 -58.12 -58.00 -57.84 -57.62 -57.38 -57.09 -56.78 -56.50 -56.25 -55.97 -55.72 -55.38 -55.12 -54.97
-55.28 -55.34 -55.38 -55.44 -55.50 -55.59 -55.75 -55.88 -56.03 -56.12 -56.22 -56.28 -56.31 -56.28 -56.25 -56.19 -56.09 -56.03 -56.00 -56.00 -56.00 -56.00 -56.03 -56.06 -56.09 -56.09 -56.06 -56.09 -56.16 -56.25 -56.38 -56.53 -56.66 -56.78 -56.88 -56.97 -57.03 -57.06 -57.06 -57.06 -57.03 -57.00 -57.00 -57.06 -57.16 -57.28 -57.41 -57.53 -57.66 -57.75 -57.84 -57.91 -57.97 -58.03 -58.09 -58.16 -58.19 -58.16 -58.03 -57.84 -57.62 -57.38 -57.09 -56.81 -56.50 -56.22 -55.97 -55.75 -55.53 -55.28 -55.00
-55.22 -55.25 -55.28 -55.34 -55.41 -55.53 -55.66 -55.81 -55.94 -56.06 -56.19 -56.22 -56.25 -56.22 -56.16 -56.09 -56.00 -55.94 -55.88 -55.81 -55.81 -55.81 -55.84 -55.88 -55.91 -55.91 -55.91 -55.91 -55.97 -56.09 -56.25 -56.41 -56.56 -56.69 -56.81 -56.94 -57.03 -57.12 -57.16 -57.16 -57.16 -57.16 -57.16 -57.19 -57.25 -57.38 -57.47 -57.56 -57.66 -57.75 -57.81 -57.91 -57.97 -58.06 -58.12 -58.19 -58.22 -58.16 -58.03 -57.88 -57.66 -57.44 -57.16 -56.88 -56.59 -56.31 -56.06 -55.84 -55.66 -55.44 -55.25
-55.16 -55.19 -55.22 -55.25 -55.34 -55.47 -55.59 -55.75 -55.91 -56.03 -56.12 -56.16 -56.16 -56.12 -56.06 -56.00 -55.91 -55.81 -55.72 -55.69 -55.62 -55.62 -55.66 -55.69 -55.72 -55.72 -55.72 -55.75 -55.84 -55.97 -56.12 -56.31 -56.47 -56.59 -56.75 -56.88 -56.97 -57.09 -57.16 -57.22 -57.25 -57.28 -57.31 -57.34 -57.41 -57.47 -57.56 -57.62 -57.69 -57.75 -57.81 -57.91 -58.00 -58.09 -58.16 -58.22 -58.25 -58.19 -58.06 -57.91 -57.72 -57.47 -57.22 -56.94 -56.69 -56.44 -56.22 -56.00 -55.78 -55.59 -55.41
-55.16 -55.12 -55.16 -55.22 -55.28 -55.41 -55.53 -55.69 -55.84 -55.97 -56.03 -56.09 -56.09 -56.03 -56.00 -55.91 -55.81 -55.72 -55.62 -55.53 -55.47 -55.47 -55.47 -55.50 -55.53 -55.53 -55.56 -55.59 -55.72 -55.84 -56.00 -56.16 -56.31 -56.47 -56.62 -56.75 -56.88 -57.00 -57.12 -57.25 -57.31 -57.41 -57.44 -57.50 -57.56 -57.62 -57.69 -57.72 -57.78 -57.81 -57.88 -57.94 -58.03 -58.12 -58.19 -58.25 -58.28 -58.22 -58.09 -57.94 -57.75 -57.53 -57.31 -57.06 -56.81 -56.59 -56.41 -56.19 -55.97 -55.75 -55.62
-55.19 -55.16 -55.12 -55.16 -55.25 -55.34 -55.50 -55.62 -55.75 -55.88 -55.94 -55.97 -55.97 -55.94 -55.91 -55.81 -55.72 -55.62 -55.50 -55.44 -55.34 -55.31 -55.31 -55.34 -55.34 -55.38 -55.41 -55.47 -55.59 -55.72 -55.84 -56.00 -56.16 -56.31 -56.47 -56.62 -56.78 -56.91 -57.06 -57.19 -57.34 -57.47 -57.56 -57.66 -57.72 -57.78 -57.81 -57.84 -57.88 -57.91 -57.94 -58.00 -58.06 -58.16 -58.25 -58.31 -58.31 -58.28 -58.16 -58.03 -57.84 -57.62 -57.41 -57.19 -57.00 -56.81 -56.59 -56.38 -56.16 -55.97 -55.88
-55.28 -55.19 -55.12 -55.12 -55.22 -55.31 -55.44 -55.56 -55.69 -55.78 -55.84 -55.88 -55.88 -55.84 -55.81 -55.72 -55.62 -55.53 -55.44 -55.34 -55.25 -55.19 -55.19 -55.19 -55.22 -55.25 -55.28 -55.34 -55.44 -55.56 -55.69 -55.84 -56.00 -56.19 -56.34 -56.50 -56.66 -56.81 -56.97 -57.16 -57.31 -57.47 -57.62 -57.75 -57.84 -57.91 -57.94 -57.97 -57.97 -58.00 -58.03 -58.09 -58.16 -58.22 -58.31 -58.38 -58.38 -58.34 -58.25 -58.09 -57.94 -57.75 -57.56 -57.38 -57.22 -57.03 -56.81 -56.62 -56.44 -56.28 -56.19
-55.38 -55.25 -55.16 -55.12 -55.22 -55.31 -55.41 -55.53 -55.62 -55.69 -55.72 -55.75 -55.78 -55.78 -55.75 -55.69 -55.59 -55.53 -55.44 -55.34 -55.22 -55.12 -55.06 -55.09 -55.12 -55.16 -55.19 -55.25 -55.31 -55.38 -55.53 -55.69 -55.84 -56.03 -56.19 -56.34 -56.53 -56.69 -56.88 -57.09 -57.28 -57.47 -57.62 -57.78 -57.91 -58.00 -58.06 -58.06 -58.09 -58.09 -58.12 -58.19 -58.25 -58.31 -58.38 -58.44 -58.47 -58.44 -58.34 -58.22 -58.06 -57.91 -57.75 -57.56 -57.41 -57.25 -57.06 -56.91 -56.75 -56.62 -56.53
-55.47 -55.34 -55.22 -55.16 -55.22 -55.31 -55.41 -55.50 -55.56 -55.59 -55.62 -55.66 -55.69 -55.72 -55.72 -55.69 -55.62 -55.56 -55.47 -55.38 -55.28 -55.22 -55.19 -55.19 -55.22 -55.22 -55.22 -55.12 -55.09 -55.16 -55.34 -55.53 -55.72 -55.91 -56.06 -56.25 -56.41 -56.59 -56.81 -57.03 -57.22 -57.41 -57.59 -57.78 -57.94 -58.06 -58.12 -58.16 -58.19 -58.19 -58.22 -58.28 -58.34 -58.41 -58.47 -58.53 -58.56 -58.53 -58.44 -58.31 -58.19 -58.03 -57.88 -57.75 -57.59 -57.47 -57.31 -57.19 -57.06 -56.94 -56.84
-55.59 -55.44 -55.31 -55.25 -55.25 -55.31 -55.38 -55.44 -55.50 -55.53 -55.56 -55.62 -55.69 -55.72 -55.75 -55.75 -55.69 -55.62 -55.53 -55.47 -55.38 -55.31 -55.31 -55.34 -55.34 -55.34 -55.31 -55.28 -55.16 -55.03 -55.16 -55.41 -55.62 -55.81 -55.97 -56.12 -56.31 -56.53 -56.75 -56.97 -57.16 -57.38 -57.56 -57.72 -57.88 -58.03 -58.12 -58.19 -58.22 -58.25 -58.31 -58.34 -58.44 -58.50 -58.56 -58.62 -58.62 -58.59 -58.50 -58.41 -58.28 -58.12 -58.00 -57.88 -57.78 -57.69 -57.56 -57.47 -57.38 -57.25 -57.19
-55.72 -55.56 -55.44 -55.31 -55.31 -55.34 -55.38 -55.44 -55.47 -55.50 -55.56 -55.62 -55.69 -55.75 -55.81 -55.81 -55.78 -55.72 -55.62 -55.56 -55.50 -55.47 -55.47 -55.50 -55.50 -55.50 -55.50 -55.47 -55.41 -55.31 -55.28 -55.34 -55.53 -55.72 -55.88 -56.03 -56.25 -56.44 -56.69 -56.91 -57.12 -57.31 -57.50 -57.69 -57.81 -57.94 -58.03 -58.12 -58.19 -58.25 -58.31 -58.38 -58.47 -58.53 -58.62 -58.66 -58.69 -58.66 -58.56 -58.44 -58.34 -58.22 -58.09 -58.03 -57.94 -57.91 -57.84 -57.75 -57.66 -57.56 -57.50
-55.88 -55.69 -55.53 -55.44 -55.38 -55.41 -55.44 -55.47 -55.50 -55.53 -55.56 -55.66 -55.72 -55.81 -55.88 -55.88 -55.88 -55.81 -55.75 -55.69 -55.66 -55.66 -55.66 -55.69 -55.69 -55.69 -55.69 -55.66 -55.62 -55.62 -55.59 -55.59 -55.56 -55.59 -55.72 -55.94 -56.16 -56.38 -56.62 -56.84 -57.06 -57.28 -57.44 -57.59 -57.75 -57.84 -57.94 -58.03 -58.09 -58.19 -58.25 -58.38 -58.47 -58.56 -58.62 -58.69 -58.72 -58.66 -58.59 -58.50 -58.38 -58.28 -58.19 -58.16 -58.12 -58.12 -58.09 -58.03 -57.94 -57.84 -57.78
-56.03 -55.84 -55.66 -55.53 -55.47 -55.47 -55.50 -55.53 -55.56 -55.59 -55.62 -55.72 -55.78 -55.88 -55.94 -55.97 -55.94 -55.91 -55.88 -55.84 -55.81 -55.81 -55.84 -55.88 -55.91 -55.91 -55.91 -55.91 -55.88 -55.88 -55.88 -55.88 -55.84 -55.75 -55.59 -55.66 -55.94 -56.28 -56.56 -56.84 -57.06 -57.25 -57.41 -57.53 -57.66 -57.75 -57.84 -57.94 -58.00 -58.09 -58.22 -58.31 -58.44 -58.56 -58.62 -58.69 -58.72 -58.66 -58.59 -58.50 -58.41 -58.31 -58.28 -58.28 -58.31 -58.31 -58.31 -58.25 -58.19 -58.09 -58.03
-56.16 -55.94 -55.78 -55.62 -55.56 -55.56 -55.59 -55.62 -55.66 -55.69 -55.72 -55.81 -55.88 -55.94 -56.00 -56.03 -56.03 -56.03 -55.97 -55.97 -55.97 -56.00 -56.03 -56.06 -56.09 -56.12 -56.12 -56.12 -56.12 -56.12 -56.12 -56.12 -56.12 -56.06 -55.91 -55.72 -55.84 -56.22 -56.62 -56.94 -57.16 -57.31 -57.44 -57.53 -57.59 -57.69 -57.75 -57.84 -57.91 -58.03 -58.16 -58.31 -58.44 -58.53 -58.62 -58.69 -58.72 -58.66 -58.59 -58.50 -58.44 -58.38 -58.38 -58.41 -58.47 -58.50 -58.53 -58.47 -58.41 -58.34 -58.28
-56.25 -56.03 -55.88 -55.72 -55.66 -55.66 -55.69 -55.72 -55.75 -55.78 -55.84 -55.91 -55.97 -56.03 -56.09 -56.12 -56.12 -56.12 -56.09 -56.09 -56.12 -56.16 -56.22 -56.25 -56.31 -56.34 -56.38 -56.38 -56.41 -56.41 -56.41 -56.41 -56.41 -56.41 -56.34 -56.19 -56.22 -56.53 -56.94 -57.19 -57.34 -57.50 -57.59 -57.66 -57.69 -57.72 -57.78 -57.84 -57.94 -58.03 -58.16 -58.31 -58.44 -58.56 -58.62 -58.69 -58.69 -58.66 -58.59 -58.53 -58.47 -58.44 -58.47 -58.53 -58.62 -58.69 -58.72 -58.69 -58.62 -58.56 -58.53
-56.31 -56.12 -55.94 -55.81 -55.75 -55.75 -55.78 -55.84 -55.88 -55.91 -55.97 -56.00 -56.06 -56.12 -56.19 -56.22 -56.22 -56.19 -56.19 -56.19 -56.25 -56.31 -56.38 -56.44 -56.50 -56.53 -56.56 -56.59 -56.62 -56.66 -56.69 -56.69 -56.72 -56.72 -56.72 -56.75 -56.84 -57.06 -57.31 -57.47 -57.59 -57.72 -57.78 -57.84 -57.88 -57.91 -57.94 -58.03 -58.09 -58.19 -58.28 -58.38 -58.47 -58.56 -58.66 -58.69 -58.69 -58.66 -58.59 -58.53 -58.50 -58.50 -58.56 -58.66 -58.75 -58.84 -58.88 -58.88 -58.81 -58.78 -58.75
-56.31 -56.12 -55.97 -55.84 -55.81 -55.84 -55.91 -55.94 -56.00 -56.03 -56.06 -56.12 -56.19 -56.22 -56.25 -56.28 -56.28 -56.25 -56.25 -56.25 -56.31 -56.41 -56.50 -56.56 -56.62 -56.69 -56.75 -56.78 -56.84 -56.91 -56.94 -56.97 -57.00 -57.03 -57.06 -57.12 -57.25 -57.44 -57.59 -57.72 -57.84 -57.97 -58.03 -58.06 -58.06 -58.09 -58.12 -58.22 -58.28 -58.34 -58.44 -58.50 -58.56 -58.62 -58.69 -58.72 -58.72 -58.66 -58.59 -58.56 -58.53 -58.59 -58.66 -58.78 -58.88 -58.97 -59.03 -59.03 -59.00 -58.97 -58.97
-56.22 -56.06 -55.94 -55.88 -55.88 -55.94 -56.00 -56.06 -56.09 -56.12 -56.19 -56.22 -56.25 -56.31 -56.31 -56.31 -56.28 -56.25 -56.25 -56.28 -56.34 -56.44 -56.56 -56.66 -56.75 -56.81 -56.88 -56.94 -57.00 -57.06 -57.12 -57.19 -57.22 -57.28 -57.34 -57.44 -57.56 -57.72 -57.84 -58.00 -58.09 -58.19 -58.25 -58.28 -58.28 -58.28 -58.34 -58.41 -58.47 -58.53 -58.59 -58.62 -58.66 -58.69 -58.72 -58.72 -58.69 -58.66 -58.59 -58.56 -58.59 -58.66 -58.75 -58.88 -59.00 -59.09 -59.16 -59.19 -59.19 -59.16 -59.16
-56.06 -55.94 -55.88 -55.84 -55.91 -56.00 -56.09 -56.16 -56.22 -56.25 -56.28 -56.31 -56.34 -56.38 -56.34 -56.31 -56.28 -56.22 -56.22 -56.25 -56.31 -56.44 -56.53 -56.62 -56.72 -56.81 -56.88 -56.97 -57.06 -57.12 -57.22 -57.31 -57.41 -57.50 -57.59 -57.69 -57.81 -57.97 -58.09 -58.22 -58.34 -58.41 -58.47 -58.47 -58.47 -58.50 -58.50 -58.56 -58.62 -58.69 -58.75 -58.78 -58.78 -58.78 -58.75 -58.72 -58.66 -58.62 -58.56 -58.53 -58.59 -58.69 -58.81 -58.94 -59.06 -59.19 -59.28 -59.31 -59.31 -59.34 -59.34
-55.88 -55.78 -55.75 -55.81 -55.91 -56.03 -56.12 -56.22 -56.31 -56.34 -56.38 -56.41 -56.41 -56.41 -56.38 -56.31 -56.25 -56.19 -56.19 -56.19 -56.28 -56.38 -56.47 -56.56 -56.66 -56.75 -56.81 -56.91 -57.00 -57.09 -57.19 -57.31 -57.41 -57.53 -57.69 -57.81 -57.97 -58.12 -58.28 -58.41 -58.53 -58.59 -58.62 -58.66 -58.66 -58.66 -58.69 -58.72 -58.78 -58.84 -58.88 -58.91 -58.91 -58.84 -58.78 -58.69 -58.59 -58.53 -58.47 -58.47 -58.53 -58.66 -58.78 -58.94 -59.09 -59.25 -59.34 -59.41 -59.44 -59.47 -59.47
-55.59 -55.56 -55.59 -55.72 -55.88 -56.00 -56.16 -56.28 -56.38 -56.44 -56.47 -56.47 -56.47 -56.44 -56.38 -56.28 -56.22 -56.16 -56.12 -56.16 -56.22 -56.31 -56.41 -56.50 -56.56 -56.66 -56.75 -56.81 -56.91 -57.00 -57.09 -57.19 -57.31 -57.47 -57.62 -57.81 -58.00 -58.16 -58.34 -58.50 -58.62 -58.72 -58.78 -58.78 -58.81 -58.81 -58.84 -58.88 -58.94 -58.97 -59.00 -59.03 -58.97 -58.88 -58.78 -58.66 -58.53 -58.44 -58.38 -58.38 -58.44 -58.56 -58.72 -58.91 -59.06 -59.22 -59.34 -59.41 -59.47 -59.53 -59.56
-55.19 -55.19 -55.38 -55.66 -55.84 -56.00 -56.16 -56.28 -56.41 -56.47 -56.50 -56.50 -56.47 -56.44 -56.38 -56.28 -56.22 -56.12 -56.09 -56.09 -56.16 -56.25 -56.34 -56.41 -56.50 -56.56 -56.66 -56.75 -56.81 -56.88 -56.94 -57.03 -57.16 -57.31 -57.50 -57.72 -57.91 -58.09 -58.31 -58.47 -58.62 -58.75 -58.81 -58.88 -58.91 -58.94 -58.97 -59.00 -59.06 -59.09 -59.12 -59.09 -59.03 -58.91 -58.75 -58.59 -58.44 -58.31 -58.22 -58.25 -58.34 -58.47 -58.62 -58.81 -58.97 -59.12 -59.25 -59.34 -59.44 -59.50 -59.56
-55.00 -55.06 -55.31 -55.59 -55.81 -56.00 -56.16 -56.28 -56.38 -56.44 -56.47 -56.47 -56.47 -56.41 -56.38 -56.28 -56.22 -56.16 -56.09 -56.06 -56.12 -56.22 -56.28 -56.34 -56.44 -56.53 -56.62 -56.69 -56.72 -56.75 -56.78 -56.81 -56.91 -57.09 -57.31 -57.59 -57.81 -58.03 -58.22 -58.41 -58.56 -58.69 -58.78 -58.88 -58.94 -59.00 -59.03 -59.09 -59.12 -59.16 -59.19 -59.16 -59.06 -58.91 -58.75 -58.56 -58.38 -58.12 -57.94 -58.03 -58.22 -58.38 -58.53 -58.69 -58.88 -59.03 -59.16 -59.25 -59.34 -59.44 -59.53
-55.25 -55.34 -55.50 -55.69 -55.84 -56.03 -56.16 -56.28 -56.34 -56.41 -56.41 -56.44 -56.41 -56.38 -56.34 -56.28 -56.25 -56.19 -56.16 -56.12 -56.19 -56.25 -56.28 -56.34 -56.44 -56.56 -56.66 -56.69 -56.69 -56.62 -56.53 -56.47 -56.56 -56.81 -57.16 -57.50 -57.75 -57.94 -58.16 -58.31 -58.47 -58.59 -58.69 -58.78 -58.88 -58.94 -59.03 -59.09 -59.16 -59.19 -59.22 -59.19 -59.09 -58.94 -58.78 -58.56 -58.28 -57.84 -57.59 -57.72 -58.03 -58.25 -58.41 -58.59 -58.75 -58.91 -59.03 -59.12 -59.22 -59.34 -59.44
-55.44 -55.56 -55.69 -55.81 -55.94 -56.06 -56.19 -56.25 -56.31 -56.31 -56.34 -56.34 -56.34 -56.34 -56.31 -56.31 -56.28 -56.28 -56.28 -56.28 -56.34 -56.41 -56.44 -56.50 -56.59 -56.72 -56.78 -56.84 -56.84 -56.75 -56.56 -56.38 -56.47 -56.81 -57.22 -57.50 -57.72 -57.91 -58.06 -58.25 -58.38 -58.50 -58.59 -58.69 -58.78 -58.84 -58.94 -59.03 -59.12 -59.19 -59.25 -59.22 -59.12 -58.97 -58.81 -58.59 -58.31 -57.78 -57.44 -57.47 -57.81 -58.12 -58.34 -58.50 -58.66 -58.78 -58.91 -59.03 -59.12 -59.25 -59.38
-55.56 -55.72 -55.84 -55.97 -56.09 -56.19 -56.25 -56.25 -56.25 -56.25 -56.25 -56.25 -56.28 -56.28 -56.31 -56.34 -56.38 -56.41 -56.44 -56.50 -56.56 -56.66 -56.72 -56.78 -56.84 -56.94 -57.00 -57.06 -57.06 -57.03 -56.91 -56.72 -56.75 -57.09 -57.44 -57.62 -57.78 -57.91 -58.03 -58.19 -58.31 -58.41 -58.50 -58.59 -58.66 -58.75 -58.88 -58.97 -59.09 -59.19 -59.25 -59.25 -59.19 -59.06 -58.88 -58.72 -58.47 -58.09 -57.75 -57.66 -57.81 -58.09 -58.28 -58.44 -58.56 -58.69 -58.81 -58.91 -59.03 -59.16 -59.31
-55.62 -55.84 -56.03 -56.16 -56.25 -56.31 -56.31 -56.28 -56.22 -56.19 -56.19 -56.19 -56.22 -56.25 -56.31 -56.41 -56.47 -56.53 -56.62 -56.72 -56.81 -56.91 -57.00 -57.06 -57.16 -57.22 -57.28 -57.31 -57.31 -57.31 -57.25 -57.16 -57.16 -57.41 -57.62 -57.75 -57.88 -58.00 -58.09 -58.19 -58.25 -58.34 -58.41 -58.50 -58.56 -58.66 -58.78 -58.94 -59.03 -59.16 -59.25 -59.28 -59.25 -59.12 -59.00 -58.81 -58.66 -58.44 -58.22 -58.09 -58.12 -58.25 -58.34 -58.44 -58.53 -58.62 -58.72 -58.81 -58.94 -59.09 -59.22
-55.75 -55.97 -56.19 -56.34 -56.44 -56.47 -56.44 -56.34 -56.25 -56.19 -56.16 -56.16 -56.22 -56.28 -56.38 -56.47 -56.59 -56.69 -56.81 -56.94 -57.06 -57.19 -57.28 -57.38 -57.44 -57.50 -57.56 -57.62 -57.62 -57.59 -57.56 -57.50 -57.53 -57.69 -57.81 -57.94 -58.06 -58.16 -58.22 -58.25 -58.31 -58.34 -58.41 -58.47 -58.53 -58.62 -58.75 -58.91 -59.03 -59.16 -59.25 -59.31 -59.31 -59.22 -59.09 -58.94 -58.78 -58.62 -58.50 -58.41 -58.38 -58.44 -58.47 -58.53 -58.59 -58.62 -58.69 -58.75 -58.84 -59.00 -59.16
