everonasctiles/Tile[45,6].asc
ncols 128
nrows 128
xllcorner 0
yllcorner 0
cellsize 2.0
NODATA_value  -9999
[rows 0 to 33 of 128, columns 0 to 77 of 128]
6.78 6.75 6.66 5.81 3.78 2.34 1.53 0.81 0.09 -0.56 -1.19 -1.81 -2.44 -2.94 -3.31 -3.59 -3.75 -3.94 -4.06 -4.12 -4.22 -4.25 -4.22 -4.16 -4.09 -4.03 -4.00 -4.03 -4.09 -4.22 -4.41 -4.56 -4.72 -4.88 -4.97 -5.00 -5.06 -5.19 -5.31 -5.47 -5.66 -5.81 -5.94 -6.03 -6.03 -6.00 -5.91 -5.81 -5.75 -5.75 -5.84 -6.00 -6.25 -6.53 -6.81 -7.03 -7.22 -7.38 -7.47 -7.53 -7.53 -7.50 -7.47 -7.41 -7.38 -7.34 -7.31 -7.28 -7.22 -7.12 -7.03 -6.91 -6.81 -6.66 -6.56 -6.41 -6.28 -6.09
6.72 6.72 6.69 6.09 4.16 2.44 1.62 0.91 0.22 -0.44 -1.03 -1.66 -2.28 -2.81 -3.25 -3.53 -3.69 -3.84 -3.97 -4.06 -4.12 -4.12 -4.09 -4.09 -4.09 -4.03 -4.00 -3.97 -4.03 -4.09 -4.25 -4.47 -4.66 -4.81 -4.94 -5.00 -5.09 -5.19 -5.31 -5.47 -5.62 -5.78 -5.91 -6.03 -6.06 -6.03 -5.97 -5.88 -5.78 -5.78 -5.88 -6.00 -6.19 -6.47 -6.75 -7.00 -7.22 -7.38 -7.47 -7.53 -7.56 -7.53 -7.50 -7.47 -7.44 -7.41 -7.41 -7.34 -7.31 -7.22 -7.12 -7.00 -6.91 -6.75 -6.62 -6.50 -6.38 -6.19
6.69 6.69 6.66 6.31 4.59 2.62 1.75 1.06 0.38 -0.31 -0.91 -1.53 -2.09 -2.62 -3.06 -3.31 -3.50 -3.69 -3.88 -3.97 -4.00 -4.00 -4.00 -4.00 -4.03 -4.00 -3.97 -3.94 -3.94 -4.00 -4.12 -4.34 -4.56 -4.75 -4.91 -5.00 -5.09 -5.19 -5.28 -5.41 -5.59 -5.75 -5.91 -6.00 -6.06 -6.06 -6.00 -5.91 -5.84 -5.81 -5.88 -5.97 -6.19 -6.41 -6.69 -6.94 -7.16 -7.31 -7.44 -7.50 -7.53 -7.53 -7.53 -7.50 -7.50 -7.47 -7.44 -7.41 -7.38 -7.31 -7.22 -7.09 -7.00 -6.88 -6.75 -6.59 -6.47 -6.28
6.66 6.62 6.62 6.41 5.00 2.84 1.88 1.19 0.53 -0.16 -0.75 -1.38 -1.94 -2.44 -2.84 -3.16 -3.34 -3.56 -3.72 -3.84 -3.91 -3.94 -3.97 -3.94 -4.03 -3.97 -3.91 -3.88 -3.88 -3.94 -4.03 -4.19 -4.44 -4.69 -4.88 -5.00 -5.06 -5.16 -5.28 -5.41 -5.56 -5.75 -5.88 -5.97 -6.06 -6.06 -6.00 -5.94 -5.84 -5.81 -5.88 -5.97 -6.12 -6.34 -6.62 -6.88 -7.09 -7.25 -7.38 -7.47 -7.50 -7.53 -7.53 -7.53 -7.53 -7.50 -7.50 -7.47 -7.41 -7.38 -7.28 -7.19 -7.06 -6.94 -6.81 -6.69 -6.56 -6.38
6.59 6.59 6.59 6.56 6.06 3.81 2.22 1.34 0.66 0.00 -0.62 -1.22 -1.78 -2.28 -2.69 -3.00 -3.22 -3.44 -3.62 -3.75 -3.88 -3.91 -3.91 -3.97 -4.00 -3.97 -3.94 -3.88 -3.84 -3.88 -3.97 -4.09 -4.34 -4.59 -4.81 -4.94 -5.03 -5.12 -5.25 -5.38 -5.50 -5.66 -5.81 -5.94 -6.03 -6.06 -6.03 -5.97 -5.91 -5.84 -5.88 -5.94 -6.09 -6.28 -6.53 -6.78 -7.00 -7.16 -7.31 -7.41 -7.47 -7.50 -7.53 -7.53 -7.53 -7.53 -7.53 -7.50 -7.44 -7.41 -7.34 -7.25 -7.16 -7.03 -6.91 -6.78 -6.62 -6.47
6.56 6.56 6.56 6.56 6.66 4.66 2.50 1.50 0.81 0.12 -0.47 -1.06 -1.62 -2.12 -2.50 -2.84 -3.12 -3.34 -3.56 -3.72 -3.81 -3.88 -3.94 -3.97 -4.00 -3.97 -3.94 -3.91 -3.84 -3.84 -3.88 -4.00 -4.22 -4.50 -4.72 -4.88 -4.97 -5.06 -5.19 -5.31 -5.47 -5.62 -5.78 -5.94 -6.03 -6.09 -6.06 -6.00 -5.94 -5.88 -5.84 -5.91 -6.03 -6.22 -6.41 -6.66 -6.91 -7.09 -7.22 -7.34 -7.41 -7.47 -7.50 -7.50 -7.53 -7.53 -7.53 -7.50 -7.47 -7.44 -7.38 -7.28 -7.22 -7.09 -6.97 -6.84 -6.69 -6.56
6.53 6.53 6.53 6.50 6.66 5.53 2.91 1.66 0.97 0.31 -0.31 -0.91 -1.47 -1.97 -2.38 -2.72 -3.03 -3.31 -3.50 -3.66 -3.78 -3.91 -4.00 -4.00 -4.00 -4.03 -3.97 -3.91 -3.78 -3.75 -3.78 -3.91 -4.09 -4.34 -4.59 -4.78 -4.91 -5.03 -5.16 -5.28 -5.44 -5.62 -5.78 -5.94 -6.06 -6.09 -6.09 -6.06 -6.00 -5.91 -5.84 -5.88 -5.97 -6.12 -6.31 -6.56 -6.75 -6.97 -7.12 -7.25 -7.34 -7.41 -7.47 -7.50 -7.50 -7.53 -7.53 -7.50 -7.47 -7.41 -7.38 -7.31 -7.22 -7.12 -7.03 -6.94 -6.78 -6.69
6.50 6.50 6.50 6.50 6.56 6.03 3.19 1.81 1.16 0.50 -0.12 -0.72 -1.31 -1.78 -2.22 -2.62 -2.97 -3.25 -3.41 -3.56 -3.75 -3.91 -3.97 -4.03 -4.03 -4.06 -4.00 -3.84 -3.75 -3.69 -3.75 -3.84 -4.03 -4.25 -4.47 -4.66 -4.81 -4.94 -5.06 -5.22 -5.38 -5.56 -5.75 -5.94 -6.06 -6.16 -6.16 -6.16 -6.09 -6.00 -5.91 -5.91 -5.94 -6.06 -6.22 -6.44 -6.62 -6.81 -7.00 -7.16 -7.28 -7.38 -7.44 -7.47 -7.50 -7.50 -7.50 -7.50 -7.47 -7.41 -7.34 -7.28 -7.25 -7.16 -7.09 -7.00 -6.88 -6.81
6.56 6.50 6.50 6.50 6.50 6.16 4.16 2.28 1.31 0.69 0.06 -0.56 -1.12 -1.62 -2.09 -2.53 -2.94 -3.16 -3.31 -3.53 -3.72 -3.88 -3.94 -3.97 -4.03 -4.03 -3.91 -3.84 -3.72 -3.66 -3.69 -3.81 -3.97 -4.19 -4.34 -4.53 -4.69 -4.84 -4.97 -5.12 -5.28 -5.47 -5.72 -5.94 -6.12 -6.22 -6.25 -6.25 -6.19 -6.09 -5.97 -5.91 -5.94 -6.00 -6.12 -6.28 -6.50 -6.69 -6.88 -7.03 -7.19 -7.31 -7.41 -7.44 -7.47 -7.47 -7.47 -7.47 -7.44 -7.41 -7.34 -7.28 -7.25 -7.19 -7.09 -7.03 -6.91 -6.81
6.69 6.50 6.50 6.50 6.50 6.28 5.22 2.88 1.50 0.84 0.19 -0.38 -0.94 -1.47 -1.97 -2.41 -2.81 -3.06 -3.25 -3.44 -3.59 -3.78 -3.88 -4.00 -4.00 -3.94 -3.88 -3.81 -3.75 -3.69 -3.66 -3.81 -3.88 -4.03 -4.19 -4.38 -4.56 -4.72 -4.84 -5.03 -5.22 -5.47 -5.72 -5.94 -6.12 -6.28 -6.34 -6.34 -6.28 -6.16 -6.03 -5.94 -5.94 -5.97 -6.06 -6.19 -6.34 -6.53 -6.72 -6.91 -7.09 -7.25 -7.34 -7.41 -7.44 -7.44 -7.44 -7.44 -7.41 -7.38 -7.31 -7.25 -7.22 -7.16 -7.12 -7.09 -7.03 -6.97
6.91 6.50 6.50 6.50 6.50 6.28 5.28 3.03 1.69 1.03 0.41 -0.19 -0.75 -1.31 -1.81 -2.25 -2.59 -2.91 -3.12 -3.31 -3.53 -3.69 -3.84 -3.91 -3.94 -3.91 -3.88 -3.81 -3.75 -3.72 -3.69 -3.78 -3.84 -3.94 -4.09 -4.25 -4.44 -4.59 -4.72 -4.91 -5.16 -5.41 -5.66 -5.91 -6.12 -6.31 -6.44 -6.47 -6.44 -6.28 -6.16 -6.03 -5.97 -5.97 -6.00 -6.09 -6.25 -6.41 -6.56 -6.78 -6.97 -7.12 -7.28 -7.34 -7.41 -7.44 -7.44 -7.41 -7.38 -7.34 -7.28 -7.25 -7.19 -7.16 -7.09 -7.06 -7.03 -6.97
7.09 6.56 6.50 6.50 6.50 6.38 4.97 2.88 1.88 1.22 0.62 0.06 -0.53 -1.09 -1.62 -2.06 -2.44 -2.78 -3.03 -3.25 -3.44 -3.56 -3.72 -3.81 -3.91 -3.88 -3.84 -3.81 -3.78 -3.72 -3.78 -3.78 -3.81 -3.84 -4.00 -4.16 -4.31 -4.47 -4.66 -4.88 -5.09 -5.34 -5.62 -5.88 -6.12 -6.34 -6.50 -6.56 -6.53 -6.41 -6.25 -6.12 -6.00 -5.94 -5.94 -6.00 -6.12 -6.28 -6.44 -6.62 -6.84 -7.03 -7.19 -7.28 -7.34 -7.38 -7.38 -7.38 -7.34 -7.31 -7.25 -7.22 -7.16 -7.12 -7.06 -7.00 -7.12 -6.97
7.28 6.62 6.50 6.50 6.50 6.50 5.38 3.19 2.09 1.47 0.84 0.22 -0.34 -0.88 -1.47 -1.94 -2.28 -2.62 -2.88 -3.06 -3.28 -3.44 -3.59 -3.75 -3.81 -3.81 -3.81 -3.81 -3.81 -3.84 -3.84 -3.84 -3.84 -3.88 -3.97 -4.12 -4.28 -4.44 -4.62 -4.84 -5.09 -5.34 -5.62 -5.88 -6.09 -6.31 -6.50 -6.56 -6.59 -6.53 -6.38 -6.22 -6.06 -5.97 -5.94 -5.97 -6.03 -6.19 -6.31 -6.50 -6.69 -6.91 -7.06 -7.19 -7.28 -7.34 -7.38 -7.34 -7.31 -7.28 -7.22 -7.19 -7.12 -7.06 -7.12 -7.06 -6.97 -7.03
7.41 6.78 6.50 6.50 6.50 6.50 5.91 3.84 2.34 1.69 1.06 0.44 -0.16 -0.69 -1.25 -1.75 -2.09 -2.41 -2.62 -2.88 -3.09 -3.28 -3.50 -3.62 -3.75 -3.75 -3.75 -3.78 -3.84 -3.91 -3.91 -3.88 -3.91 -3.94 -4.00 -4.16 -4.31 -4.50 -4.69 -4.88 -5.12 -5.38 -5.62 -5.88 -6.09 -6.31 -6.50 -6.62 -6.62 -6.62 -6.50 -6.31 -6.16 -6.03 -5.94 -5.91 -5.97 -6.06 -6.22 -6.38 -6.59 -6.78 -6.94 -7.09 -7.22 -7.28 -7.31 -7.31 -7.28 -7.25 -7.19 -7.16 -7.09 -7.03 -7.03 -7.12 -7.12 -7.03
7.44 6.94 6.53 6.50 6.50 6.50 6.28 4.75 2.97 2.12 1.38 0.72 0.16 -0.41 -0.91 -1.38 -1.81 -2.16 -2.44 -2.72 -2.91 -3.12 -3.34 -3.50 -3.62 -3.69 -3.72 -3.81 -3.91 -3.94 -3.94 -3.94 -3.94 -4.00 -4.09 -4.25 -4.41 -4.56 -4.75 -4.97 -5.19 -5.44 -5.69 -5.94 -6.12 -6.31 -6.47 -6.59 -6.66 -6.62 -6.59 -6.41 -6.22 -6.06 -5.94 -5.91 -5.91 -6.00 -6.12 -6.28 -6.47 -6.66 -6.84 -7.00 -7.12 -7.22 -7.28 -7.28 -7.25 -7.22 -7.19 -7.12 -7.09 -7.06 -7.00 -6.94 -7.09 -6.94
7.44 7.06 6.62 6.50 6.50 6.50 6.47 5.50 3.78 2.53 1.69 1.09 0.50 -0.06 -0.56 -1.06 -1.50 -1.88 -2.22 -2.44 -2.69 -2.94 -3.16 -3.34 -3.44 -3.56 -3.69 -3.84 -4.03 -4.09 -4.06 -4.06 -4.06 -4.12 -4.22 -4.38 -4.50 -4.69 -4.91 -5.09 -5.28 -5.53 -5.78 -6.00 -6.16 -6.31 -6.41 -6.56 -6.62 -6.66 -6.62 -6.50 -6.31 -6.12 -6.00 -5.91 -5.88 -5.91 -6.03 -6.16 -6.34 -6.56 -6.75 -6.91 -7.06 -7.16 -7.22 -7.25 -7.25 -7.22 -7.16 -7.12 -7.09 -7.03 -6.97 -7.00 -7.16 -6.91
7.47 7.25 6.78 6.50 6.50 6.50 6.50 5.91 4.16 2.78 2.06 1.47 0.91 0.34 -0.22 -0.72 -1.16 -1.56 -1.94 -2.25 -2.50 -2.72 -2.91 -3.09 -3.25 -3.44 -3.59 -3.88 -4.16 -4.28 -4.28 -4.25 -4.31 -4.34 -4.41 -4.50 -4.62 -4.81 -5.00 -5.19 -5.41 -5.62 -5.84 -6.03 -6.19 -6.34 -6.44 -6.50 -6.59 -6.66 -6.66 -6.56 -6.38 -6.19 -6.03 -5.94 -5.88 -5.88 -5.97 -6.06 -6.25 -6.44 -6.66 -6.81 -6.97 -7.09 -7.19 -7.22 -7.22 -7.19 -7.19 -7.12 -7.09 -7.06 -7.00 -7.12 -7.16 -7.06
7.66 7.44 6.97 6.53 6.53 6.53 6.53 6.28 4.94 3.75 2.91 1.91 1.28 0.72 0.19 -0.25 -0.59 -0.97 -1.44 -1.91 -2.28 -2.53 -2.69 -2.84 -2.97 -3.19 -3.50 -3.97 -4.28 -4.44 -4.53 -4.56 -4.56 -4.56 -4.59 -4.69 -4.81 -4.97 -5.12 -5.31 -5.50 -5.72 -5.91 -6.06 -6.22 -6.34 -6.44 -6.47 -6.56 -6.62 -6.66 -6.59 -6.44 -6.25 -6.09 -5.97 -5.88 -5.88 -5.94 -6.03 -6.16 -6.38 -6.56 -6.75 -6.91 -7.03 -7.16 -7.22 -7.25 -7.25 -7.22 -7.16 -7.12 -7.06 -7.09 -7.16 -6.88 -7.09
7.94 7.56 7.19 6.66 6.56 6.56 6.56 6.50 5.72 4.94 3.66 2.31 1.66 1.06 0.56 0.22 -0.16 -0.47 -0.84 -1.34 -1.97 -2.28 -2.41 -2.50 -2.62 -2.84 -3.38 -4.03 -4.34 -4.53 -4.69 -4.75 -4.78 -4.78 -4.75 -4.81 -4.91 -5.06 -5.22 -5.38 -5.56 -5.75 -5.91 -6.06 -6.19 -6.31 -6.41 -6.44 -6.50 -6.59 -6.66 -6.62 -6.47 -6.31 -6.12 -6.00 -5.91 -5.88 -5.91 -6.00 -6.12 -6.28 -6.47 -6.66 -6.84 -7.03 -7.16 -7.25 -7.28 -7.28 -7.25 -7.19 -7.16 -7.16 -7.19 -6.91 -7.25 -7.22
8.19 7.72 7.38 6.81 6.56 6.59 6.59 6.59 6.16 5.09 3.78 2.66 2.00 1.44 0.91 0.56 0.19 -0.22 -0.53 -0.84 -1.41 -1.88 -2.09 -2.19 -2.28 -2.44 -2.72 -3.56 -4.06 -4.50 -4.69 -4.78 -4.88 -4.81 -4.81 -4.84 -4.91 -5.06 -5.22 -5.38 -5.53 -5.69 -5.84 -6.03 -6.16 -6.31 -6.38 -6.44 -6.47 -6.56 -6.62 -6.62 -6.53 -6.34 -6.16 -6.00 -5.91 -5.88 -5.91 -5.97 -6.09 -6.25 -6.44 -6.62 -6.81 -7.00 -7.16 -7.25 -7.31 -7.34 -7.31 -7.28 -7.22 -7.16 -7.12 -7.12 -7.19 -7.19
8.59 8.00 7.59 7.03 6.62 6.62 6.62 6.62 6.41 5.34 3.84 3.00 2.41 1.81 1.16 0.72 0.38 0.00 -0.28 -0.53 -0.88 -1.31 -1.62 -1.81 -1.91 -2.06 -2.25 -2.88 -3.38 -3.78 -4.31 -4.53 -4.53 -4.62 -4.66 -4.72 -4.84 -4.97 -5.12 -5.28 -5.44 -5.62 -5.81 -5.97 -6.12 -6.25 -6.34 -6.41 -6.44 -6.53 -6.59 -6.59 -6.50 -6.34 -6.16 -6.03 -5.94 -5.88 -5.88 -5.94 -6.06 -6.22 -6.41 -6.59 -6.81 -7.00 -7.16 -7.28 -7.38 -7.41 -7.38 -7.34 -7.28 -7.25 -7.22 -7.16 -7.00 -7.34
9.00 8.28 7.84 7.22 6.72 6.62 6.66 6.66 6.59 5.78 4.22 3.41 2.78 2.19 1.47 0.88 0.50 0.16 -0.09 -0.28 -0.53 -0.84 -1.16 -1.41 -1.56 -1.69 -1.88 -2.16 -2.56 -3.25 -3.81 -4.03 -4.12 -4.22 -4.34 -4.47 -4.62 -4.78 -4.97 -5.16 -5.34 -5.53 -5.72 -5.91 -6.06 -6.19 -6.28 -6.34 -6.41 -6.47 -6.53 -6.53 -6.47 -6.34 -6.16 -6.03 -5.94 -5.88 -5.88 -5.94 -6.06 -6.22 -6.41 -6.59 -6.78 -7.00 -7.19 -7.31 -7.44 -7.47 -7.47 -7.44 -7.38 -7.31 -7.28 -7.25 -7.22 -7.25
9.66 8.78 8.12 7.41 6.84 6.66 6.69 6.69 6.69 6.09 4.66 3.72 3.12 2.56 1.94 1.12 0.56 0.28 0.06 -0.06 -0.22 -0.47 -0.72 -1.00 -1.25 -1.44 -1.53 -1.66 -2.00 -2.53 -3.09 -3.50 -3.72 -3.84 -3.97 -4.12 -4.34 -4.53 -4.75 -4.97 -5.19 -5.41 -5.62 -5.84 -6.00 -6.12 -6.22 -6.31 -6.38 -6.41 -6.44 -6.44 -6.38 -6.25 -6.12 -6.00 -5.94 -5.88 -5.88 -5.94 -6.03 -6.19 -6.38 -6.56 -6.78 -7.00 -7.19 -7.34 -7.47 -7.53 -7.53 -7.50 -7.47 -7.41 -7.34 -7.28 -7.25 -7.22
10.69 9.62 8.72 7.81 7.03 6.72 6.72 6.75 6.78 6.44 5.19 4.16 3.56 2.91 2.31 1.50 0.84 0.47 0.31 0.19 0.06 -0.12 -0.38 -0.62 -0.91 -1.19 -1.31 -1.41 -1.66 -2.03 -2.56 -3.19 -3.50 -3.62 -3.72 -3.81 -4.00 -4.25 -4.50 -4.75 -5.00 -5.25 -5.50 -5.75 -5.91 -6.03 -6.16 -6.25 -6.31 -6.31 -6.34 -6.34 -6.28 -6.16 -6.03 -5.97 -5.91 -5.88 -5.88 -5.94 -6.03 -6.19 -6.34 -6.56 -6.78 -7.00 -7.22 -7.38 -7.50 -7.59 -7.59 -7.59 -7.56 -7.47 -7.41 -7.38 -7.31 -7.28
11.59 10.44 9.31 8.22 7.25 6.81 6.81 6.81 6.84 6.72 5.72 4.47 3.84 3.12 2.47 1.84 1.16 0.78 0.59 0.50 0.38 0.19 -0.03 -0.28 -0.56 -0.88 -1.16 -1.22 -1.41 -1.69 -2.09 -2.88 -3.44 -3.56 -3.56 -3.59 -3.72 -3.94 -4.22 -4.50 -4.81 -5.09 -5.38 -5.59 -5.78 -5.94 -6.06 -6.16 -6.19 -6.22 -6.22 -6.19 -6.12 -6.03 -5.94 -5.88 -5.84 -5.81 -5.84 -5.91 -6.00 -6.16 -6.31 -6.53 -6.78 -7.00 -7.22 -7.41 -7.53 -7.62 -7.66 -7.66 -7.62 -7.56 -7.50 -7.44 -7.38 -7.34
12.38 10.91 9.56 8.47 7.59 7.00 6.88 6.91 6.91 6.91 6.22 5.00 4.16 3.38 2.66 2.00 1.34 1.06 0.91 0.81 0.69 0.53 0.31 0.09 -0.19 -0.50 -0.81 -0.88 -1.09 -1.44 -1.91 -2.81 -3.41 -3.47 -3.44 -3.44 -3.53 -3.75 -4.03 -4.34 -4.66 -4.94 -5.22 -5.44 -5.66 -5.81 -5.94 -6.06 -6.09 -6.09 -6.06 -6.03 -5.97 -5.88 -5.78 -5.75 -5.75 -5.72 -5.78 -5.88 -5.97 -6.12 -6.28 -6.50 -6.75 -6.97 -7.22 -7.41 -7.53 -7.66 -7.72 -7.72 -7.66 -7.62 -7.56 -7.50 -7.47 -7.41
13.28 11.78 10.28 9.06 7.94 7.22 6.94 6.97 7.00 7.00 6.66 5.53 4.56 3.59 2.81 2.06 1.41 1.22 1.16 1.12 1.03 0.84 0.62 0.44 0.22 0.00 -0.25 -0.50 -0.72 -1.00 -1.44 -2.03 -2.91 -3.22 -3.31 -3.34 -3.44 -3.62 -3.88 -4.19 -4.53 -4.81 -5.06 -5.31 -5.50 -5.69 -5.81 -5.94 -5.97 -5.97 -5.94 -5.84 -5.78 -5.69 -5.62 -5.59 -5.59 -5.62 -5.72 -5.78 -5.91 -6.06 -6.25 -6.47 -6.72 -6.97 -7.19 -7.41 -7.56 -7.69 -7.72 -7.75 -7.72 -7.69 -7.62 -7.53 -7.50 -7.38
13.59 12.12 10.72 9.91 8.53 7.50 7.03 7.03 7.06 7.06 6.94 6.06 5.00 3.94 2.91 2.09 1.44 1.25 1.34 1.41 1.31 1.12 0.91 0.72 0.56 0.38 0.09 -0.22 -0.44 -0.78 -1.25 -1.81 -2.44 -2.97 -3.19 -3.31 -3.44 -3.62 -3.88 -4.12 -4.41 -4.66 -4.94 -5.16 -5.34 -5.53 -5.66 -5.78 -5.84 -5.84 -5.78 -5.69 -5.59 -5.50 -5.44 -5.41 -5.44 -5.50 -5.59 -5.69 -5.84 -6.00 -6.19 -6.44 -6.69 -6.94 -7.19 -7.38 -7.56 -7.75 -7.72 -7.75 -7.84 -7.78 -7.69 -7.66 -7.62 -7.56
13.94 12.81 11.41 10.47 9.69 8.09 7.19 7.09 7.12 7.16 7.16 6.56 5.47 4.53 3.22 2.25 1.66 1.34 1.44 1.66 1.62 1.34 1.06 0.84 0.72 0.62 0.31 -0.03 -0.31 -0.62 -1.09 -1.66 -2.28 -2.81 -3.16 -3.34 -3.53 -3.72 -3.94 -4.16 -4.38 -4.59 -4.81 -5.03 -5.22 -5.41 -5.56 -5.66 -5.72 -5.72 -5.66 -5.56 -5.44 -5.31 -5.25 -5.25 -5.25 -5.34 -5.44 -5.56 -5.72 -5.91 -6.12 -6.34 -6.56 -7.03 -7.09 -7.41 -7.56 -7.56 -7.78 -7.84 -7.81 -7.78 -7.75 -7.72 -7.69 -7.62
14.47 13.38 12.28 11.00 10.12 8.69 7.44 7.22 7.25 7.28 7.31 6.94 5.91 5.19 3.97 2.75 2.03 1.62 1.44 1.84 1.84 1.50 1.12 0.81 0.66 0.59 0.28 -0.09 -0.41 -0.69 -1.12 -1.69 -2.28 -2.81 -3.19 -3.47 -3.66 -3.84 -4.00 -4.19 -4.34 -4.56 -4.75 -4.91 -5.09 -5.28 -5.44 -5.56 -5.62 -5.59 -5.53 -5.44 -5.31 -5.19 -5.09 -5.09 -5.12 -5.19 -5.31 -5.44 -5.59 -5.78 -6.03 -6.38 -6.53 -7.00 -7.25 -7.25 -7.72 -7.69 -7.81 -7.88 -7.84 -7.81 -7.81 -7.78 -7.72 -7.69
15.12 14.31 13.03 11.66 10.44 9.19 7.88 7.34 7.38 7.41 7.44 7.25 6.34 5.56 4.72 3.41 2.31 1.88 1.78 2.19 1.88 1.59 1.12 0.75 0.56 0.47 0.22 -0.22 -0.59 -0.94 -1.34 -1.81 -2.38 -2.97 -3.34 -3.62 -3.84 -4.00 -4.12 -4.22 -4.34 -4.50 -4.66 -4.84 -5.03 -5.22 -5.34 -5.47 -5.50 -5.50 -5.44 -5.34 -5.22 -5.09 -5.00 -4.97 -4.97 -5.06 -5.16 -5.31 -5.47 -5.66 -5.91 -6.25 -6.31 -6.88 -7.09 -7.38 -7.56 -7.72 -7.84 -7.88 -7.91 -7.81 -7.84 -7.81 -7.78 -7.75
16.12 14.62 13.25 12.12 10.81 9.78 8.28 7.50 7.47 7.50 7.56 7.50 6.75 5.81 5.19 4.09 3.00 2.38 2.19 2.28 1.84 1.53 1.06 0.69 0.50 0.34 0.12 -0.25 -0.72 -1.03 -1.56 -1.91 -2.53 -3.09 -3.47 -3.72 -3.97 -4.12 -4.25 -4.28 -4.38 -4.50 -4.66 -4.81 -5.00 -5.16 -5.31 -5.38 -5.44 -5.44 -5.34 -5.25 -5.12 -5.03 -4.94 -4.91 -4.91 -4.94 -5.03 -5.16 -5.34 -5.56 -5.69 -6.00 -6.44 -6.69 -7.09 -7.34 -7.59 -7.72 -7.84 -7.91 -7.88 -7.84 -7.91 -7.94 -7.81 -7.78
17.06 15.31 13.97 12.53 11.44 10.69 9.06 7.81 7.59 7.62 7.66 7.69 7.28 6.41 5.84 5.12 4.16 3.00 2.44 2.31 1.84 1.44 1.06 0.72 0.47 0.31 0.09 -0.28 -0.81 -1.41 -1.91 -2.19 -2.72 -3.28 -3.56 -3.78 -4.03 -4.25 -4.34 -4.38 -4.41 -4.50 -4.59 -4.78 -4.97 -5.12 -5.25 -5.34 -5.38 -5.34 -5.28 -5.19 -5.09 -5.00 -4.91 -4.84 -4.84 -4.88 -4.94 -5.06 -5.25 -5.34 -5.50 -5.94 -6.25 -6.62 -7.00 -7.31 -7.59 -7.75 -7.88 -7.94 -7.91 -7.91 -8.16 -7.72 -8.03 -7.84
18.19 16.53 15.03 13.31 12.28 11.28 9.91 8.28 7.72 7.75 7.78 7.81 7.69 7.03 6.72 6.34 5.03 3.53 2.53 2.28 1.81 1.44 1.09 0.78 0.53 0.34 0.09 -0.25 -0.78 -1.44 -2.00 -2.47 -2.84 -3.25 -3.56 -3.81 -4.12 -4.34 -4.44 -4.44 -4.44 -4.50 -4.59 -4.78 -4.94 -5.09 -5.22 -5.28 -5.31 -5.31 -5.25 -5.16 -5.03 -4.97 -4.88 -4.81 -4.78 -4.81 -4.88 -5.00 -5.16 -5.34 -5.41 -5.78 -6.12 -6.53 -6.91 -7.25 -7.56 -7.78 -7.97 -8.00 -7.88 -7.78 -7.75 -7.88 -7.84 -7.81
