everonasctiles/Tile8,10.asc
ncols 128
nrows 128
xllcorner 0
yllcorner 0
cellsize 2.0
NODATA_value  -9999
[rows 68 to 101 of 128, columns 0 to 76 of 128]
-8.12 -8.22 -8.12 -8.06 -8.34 -8.25 -8.19 -8.44 -8.53 -8.66 -8.53 -8.44 -8.53 -8.56 -8.47 -8.41 -8.41 -8.44 -8.50 -8.28 -8.06 -8.16 -8.22 -8.22 -8.28 -8.06 -7.88 -8.03 -8.06 -8.12 -8.00 -7.78 -7.66 -7.62 -7.66 -7.44 -7.25 -7.09 -7.19 -6.88 -7.06 -7.25 -7.56 -7.69 -7.62 -7.69 -7.56 -7.50 -7.44 -7.53 -7.69 -7.78 -7.91 -7.94 -8.09 -8.19 -8.19 -8.09 -7.84 -7.81 -7.91 -8.06 -8.06 -8.19 -8.03 -8.06 -8.19 -7.97 -8.00 -8.00 -7.84 -7.78 -7.75 -7.72 -7.78 -7.81 -7.72
-8.19 -8.09 -8.00 -8.22 -8.53 -8.38 -8.31 -8.41 -8.56 -8.66 -8.59 -8.44 -8.38 -8.41 -8.53 -8.53 -8.44 -8.34 -8.19 -8.12 -8.09 -7.88 -8.06 -7.84 -8.00 -8.00 -7.66 -7.78 -7.78 -7.97 -7.72 -7.72 -7.66 -7.78 -7.66 -7.38 -7.25 -7.12 -7.12 -6.78 -6.88 -7.16 -7.34 -7.59 -7.78 -7.75 -7.75 -7.72 -7.75 -7.81 -8.06 -8.12 -8.12 -8.22 -8.25 -8.34 -8.34 -8.31 -8.22 -8.12 -8.12 -8.28 -8.31 -8.25 -8.22 -8.03 -7.88 -7.69 -7.56 -7.69 -7.94 -7.97 -7.59 -7.53 -7.50 -7.34 -7.25
-7.88 -7.78 -7.81 -7.94 -8.12 -8.09 -8.16 -8.25 -8.38 -8.50 -8.53 -8.38 -8.38 -8.47 -8.47 -8.28 -8.31 -8.38 -8.25 -8.16 -8.03 -8.00 -7.78 -7.56 -7.59 -7.81 -7.72 -7.62 -7.62 -7.50 -7.53 -7.47 -7.22 -7.09 -7.09 -7.06 -6.94 -6.84 -6.97 -6.62 -6.84 -6.97 -6.97 -7.12 -7.38 -7.56 -7.84 -8.00 -7.81 -7.91 -8.09 -8.12 -8.09 -8.22 -8.41 -8.22 -8.28 -8.38 -8.38 -8.28 -8.09 -8.12 -8.16 -8.19 -8.03 -7.62 -7.69 -7.75 -7.50 -7.41 -7.56 -7.72 -7.50 -7.44 -7.50 -7.50 -7.66
-7.81 -7.81 -7.72 -8.03 -7.88 -7.88 -8.00 -8.12 -8.34 -8.38 -8.25 -8.25 -8.28 -8.34 -8.41 -8.38 -8.06 -8.12 -8.03 -7.72 -7.66 -7.81 -7.62 -7.66 -7.88 -7.91 -7.72 -7.66 -7.44 -7.31 -7.19 -7.19 -7.00 -6.84 -6.88 -6.78 -6.75 -6.78 -6.72 -6.59 -6.66 -6.72 -6.91 -6.88 -7.00 -7.16 -7.34 -7.47 -7.59 -7.62 -8.00 -8.06 -8.03 -8.00 -8.12 -7.97 -8.22 -8.28 -8.28 -8.19 -8.06 -8.12 -8.03 -8.06 -8.00 -7.88 -7.78 -7.59 -7.50 -7.50 -7.47 -7.53 -7.56 -7.59 -7.78 -7.78 -7.72
-8.03 -7.78 -7.81 -8.28 -8.25 -8.16 -8.09 -8.25 -8.19 -8.00 -8.00 -8.12 -8.22 -8.28 -8.44 -8.50 -8.47 -8.25 -8.25 -8.06 -7.81 -7.66 -7.59 -7.69 -7.78 -7.75 -7.94 -7.84 -7.56 -7.44 -7.28 -7.12 -6.81 -6.78 -6.72 -6.53 -6.34 -6.41 -6.38 -6.22 -6.38 -6.53 -6.69 -6.81 -6.81 -7.06 -7.19 -7.34 -7.53 -7.84 -7.88 -8.00 -8.09 -8.03 -7.94 -8.03 -8.19 -8.28 -8.16 -8.12 -8.00 -7.91 -7.88 -8.06 -8.16 -7.97 -7.72 -7.66 -7.47 -7.44 -7.25 -7.25 -7.38 -7.56 -7.84 -7.81 -7.62
-7.88 -7.59 -7.66 -8.03 -8.31 -8.16 -8.16 -8.34 -8.19 -7.94 -8.00 -8.06 -8.12 -8.31 -8.41 -8.56 -8.53 -8.34 -8.12 -8.03 -7.81 -7.53 -7.59 -7.59 -7.66 -7.81 -7.84 -7.84 -7.72 -7.56 -7.22 -6.97 -6.81 -6.78 -6.78 -6.66 -6.47 -6.34 -6.47 -6.41 -6.31 -6.62 -6.66 -6.81 -6.88 -7.09 -7.25 -7.31 -7.56 -7.53 -7.66 -7.94 -8.12 -8.00 -8.00 -8.06 -8.16 -8.31 -8.28 -8.16 -8.28 -8.19 -8.06 -7.97 -8.09 -7.84 -7.69 -7.59 -7.22 -7.12 -7.03 -7.19 -7.34 -7.66 -7.94 -7.94 -7.78
-7.81 -7.69 -7.84 -8.09 -8.16 -8.09 -7.94 -8.09 -8.38 -8.19 -8.25 -8.19 -8.22 -8.22 -8.25 -8.25 -8.34 -8.12 -8.03 -7.91 -7.72 -7.69 -7.59 -7.88 -7.84 -7.88 -7.81 -7.75 -7.81 -7.66 -7.41 -6.84 -6.88 -6.88 -6.75 -6.66 -6.56 -6.88 -6.69 -6.59 -6.62 -6.78 -7.03 -7.00 -6.91 -7.03 -7.16 -7.34 -7.53 -7.72 -7.72 -7.66 -7.88 -8.06 -8.19 -8.50 -8.59 -8.66 -8.50 -8.44 -8.25 -8.31 -8.19 -8.12 -8.12 -8.16 -8.03 -7.84 -7.66 -7.53 -7.41 -7.47 -7.50 -7.81 -7.81 -7.62 -7.59
-8.31 -8.16 -8.25 -8.19 -8.09 -8.06 -8.19 -8.44 -8.34 -8.25 -8.28 -8.19 -8.19 -8.16 -8.28 -8.31 -8.22 -8.25 -8.28 -8.06 -7.69 -7.62 -7.56 -7.72 -8.00 -8.09 -7.97 -7.69 -7.50 -7.22 -7.19 -6.94 -6.94 -6.75 -6.53 -6.50 -6.62 -6.56 -6.66 -6.78 -6.78 -6.78 -6.97 -7.16 -6.94 -7.03 -7.19 -7.25 -7.62 -7.91 -8.16 -8.19 -8.19 -8.34 -8.50 -8.59 -8.62 -8.59 -8.41 -8.19 -8.16 -8.28 -8.25 -8.31 -8.25 -8.22 -8.09 -7.97 -7.88 -7.88 -7.78 -7.50 -7.50 -7.47 -7.53 -7.47 -7.53
-8.38 -8.28 -8.19 -8.19 -8.28 -8.47 -8.34 -8.34 -8.31 -8.25 -8.31 -8.41 -8.31 -8.16 -8.06 -8.25 -8.22 -8.28 -8.12 -8.00 -7.78 -7.56 -7.59 -7.78 -8.00 -7.94 -8.06 -7.88 -7.44 -7.09 -6.97 -6.88 -6.66 -6.66 -6.69 -6.66 -6.50 -6.53 -6.69 -6.84 -6.91 -6.94 -7.12 -7.12 -7.16 -7.22 -7.44 -7.56 -7.59 -7.91 -8.00 -7.97 -8.09 -8.06 -8.25 -8.34 -8.25 -8.09 -8.12 -8.22 -8.09 -8.19 -8.31 -8.34 -8.28 -8.16 -7.91 -7.88 -7.91 -7.81 -7.69 -7.78 -7.72 -7.78 -7.81 -7.78 -7.75
-8.66 -8.59 -8.44 -8.47 -8.53 -8.34 -8.38 -8.31 -8.09 -8.34 -8.56 -8.56 -8.44 -8.28 -8.16 -8.19 -8.06 -8.00 -8.03 -8.03 -7.84 -7.75 -7.91 -8.03 -7.97 -8.22 -8.00 -7.97 -7.72 -7.41 -7.25 -7.28 -6.84 -6.88 -6.84 -6.66 -6.53 -6.47 -6.69 -6.88 -7.03 -7.12 -7.19 -7.25 -7.25 -7.19 -7.31 -7.50 -7.78 -7.97 -8.06 -8.16 -8.12 -8.09 -8.31 -8.41 -8.41 -8.28 -8.41 -8.25 -8.19 -8.25 -8.31 -8.19 -8.09 -8.00 -8.00 -8.00 -7.84 -7.62 -7.75 -7.91 -7.91 -7.94 -8.12 -8.03 -7.97
-8.69 -8.75 -8.59 -8.62 -8.59 -8.19 -8.19 -8.34 -8.34 -8.34 -8.31 -8.31 -8.41 -8.38 -8.31 -8.31 -8.16 -8.03 -8.03 -8.16 -8.16 -8.09 -8.06 -8.12 -8.00 -7.81 -7.75 -7.72 -7.56 -7.34 -6.97 -7.00 -7.03 -7.00 -6.84 -6.66 -6.50 -6.62 -6.66 -6.78 -6.91 -6.94 -6.97 -7.19 -7.19 -7.19 -7.19 -7.22 -7.59 -7.78 -8.03 -8.12 -8.03 -8.16 -8.38 -8.56 -8.53 -8.41 -8.41 -8.34 -8.31 -8.31 -8.28 -8.19 -8.09 -8.16 -8.19 -7.84 -7.66 -7.81 -7.84 -7.94 -7.97 -8.03 -8.00 -8.09 -8.00
-8.66 -8.72 -8.62 -8.69 -8.69 -8.59 -8.41 -8.28 -8.31 -8.34 -8.25 -8.34 -8.50 -8.75 -8.75 -8.47 -8.34 -8.25 -8.25 -8.22 -8.25 -8.19 -8.03 -8.03 -8.00 -7.88 -7.34 -7.31 -7.25 -7.06 -6.84 -7.00 -6.97 -6.69 -6.62 -6.66 -6.69 -6.78 -6.72 -6.69 -6.88 -6.94 -6.97 -7.03 -7.00 -6.97 -6.97 -7.12 -7.44 -7.78 -7.91 -8.00 -7.94 -8.09 -8.31 -8.34 -8.47 -8.41 -8.50 -8.53 -8.50 -8.44 -8.34 -8.31 -8.09 -8.03 -7.88 -7.81 -7.91 -8.03 -8.06 -7.91 -8.03 -7.94 -7.97 -8.06 -8.00
-8.56 -8.66 -8.75 -8.78 -8.75 -8.62 -8.47 -8.28 -8.09 -8.03 -8.31 -8.56 -8.59 -8.53 -8.44 -8.25 -8.09 -8.16 -8.31 -8.47 -8.34 -8.22 -8.09 -8.12 -8.06 -7.84 -7.59 -7.59 -7.41 -7.12 -6.84 -6.66 -6.72 -6.66 -6.62 -6.66 -6.72 -6.75 -6.72 -6.75 -6.75 -6.84 -6.88 -6.75 -6.81 -6.75 -6.75 -6.91 -7.31 -7.56 -7.75 -8.00 -8.12 -8.16 -8.34 -8.59 -8.69 -8.66 -8.44 -8.53 -8.56 -8.59 -8.56 -8.56 -8.38 -8.31 -8.19 -8.09 -8.00 -7.97 -8.09 -7.94 -7.94 -8.03 -8.25 -8.19 -8.25
-8.59 -8.75 -8.69 -8.69 -8.72 -8.62 -8.53 -8.22 -8.06 -8.00 -8.06 -8.06 -7.97 -7.91 -7.94 -8.00 -8.19 -8.34 -8.50 -8.56 -8.47 -8.31 -8.19 -8.12 -8.12 -7.94 -7.75 -7.56 -7.31 -6.84 -6.66 -6.59 -6.62 -6.44 -6.50 -6.66 -6.69 -6.69 -6.91 -6.91 -6.88 -6.84 -7.03 -6.97 -6.97 -6.97 -7.00 -7.06 -7.44 -7.62 -7.69 -7.97 -8.16 -8.16 -8.28 -8.50 -8.59 -8.59 -8.44 -8.41 -8.62 -8.62 -8.50 -8.59 -8.47 -8.47 -8.50 -8.38 -8.12 -8.06 -8.12 -7.97 -7.75 -7.72 -7.97 -8.06 -8.00
-8.69 -8.81 -8.72 -8.69 -8.50 -8.44 -8.53 -8.34 -8.09 -8.16 -8.16 -8.22 -8.31 -8.34 -8.28 -8.25 -8.53 -8.59 -8.59 -8.47 -8.22 -8.03 -7.94 -7.91 -7.91 -7.75 -7.50 -7.38 -7.22 -6.97 -6.66 -6.59 -6.50 -6.50 -6.72 -6.78 -6.72 -6.69 -6.78 -6.88 -7.00 -7.06 -7.00 -6.91 -6.84 -6.84 -7.00 -7.00 -7.28 -7.53 -7.91 -8.03 -8.06 -8.19 -8.31 -8.50 -8.59 -8.53 -8.44 -8.56 -8.59 -8.34 -8.38 -8.38 -8.47 -8.38 -8.31 -8.00 -7.91 -7.88 -7.81 -7.91 -7.66 -7.81 -7.81 -7.91 -7.88
-8.81 -8.81 -8.69 -8.53 -8.56 -8.62 -8.66 -8.38 -8.16 -8.25 -8.34 -8.41 -8.38 -8.41 -8.22 -8.34 -8.44 -8.44 -8.41 -8.28 -8.12 -8.09 -7.94 -8.06 -8.06 -8.06 -7.62 -7.53 -7.38 -6.94 -6.50 -6.41 -6.25 -6.28 -6.34 -6.41 -6.50 -6.62 -6.91 -6.97 -7.00 -7.12 -7.09 -7.16 -6.97 -6.91 -7.00 -7.12 -7.25 -7.50 -7.81 -7.94 -8.16 -8.12 -8.00 -8.28 -8.47 -8.56 -8.50 -8.44 -8.31 -8.19 -8.22 -8.19 -8.28 -8.28 -8.12 -7.94 -7.88 -7.69 -7.59 -7.56 -7.72 -7.72 -7.62 -7.62 -7.66
-8.81 -8.81 -8.84 -8.69 -8.69 -8.59 -8.56 -8.53 -8.34 -8.41 -8.41 -8.38 -8.44 -8.28 -8.12 -8.31 -8.41 -8.53 -8.47 -8.53 -8.44 -8.28 -8.12 -7.97 -7.94 -7.88 -7.59 -7.56 -7.38 -7.12 -6.75 -6.62 -6.50 -6.38 -6.31 -6.38 -6.59 -6.59 -6.88 -6.94 -6.94 -7.00 -7.00 -7.06 -7.00 -7.19 -7.19 -7.25 -7.31 -7.56 -7.62 -7.78 -8.12 -8.06 -8.12 -8.38 -8.25 -8.28 -8.25 -8.34 -8.41 -8.38 -8.31 -8.16 -8.16 -8.16 -8.00 -7.81 -7.59 -7.59 -7.34 -7.59 -7.69 -7.72 -7.56 -7.66 -7.59
-8.78 -8.78 -8.78 -8.59 -8.59 -8.59 -8.75 -8.75 -8.50 -8.50 -8.47 -8.38 -8.44 -8.53 -8.28 -8.28 -8.34 -8.56 -8.59 -8.62 -8.53 -8.34 -8.19 -8.25 -8.19 -8.16 -7.97 -7.78 -7.66 -7.22 -7.06 -6.91 -6.84 -6.69 -6.81 -6.75 -6.50 -6.50 -6.44 -6.88 -7.00 -7.00 -7.19 -7.19 -7.28 -7.38 -7.53 -7.53 -7.62 -7.75 -7.88 -7.91 -8.06 -8.16 -8.09 -8.12 -8.19 -8.31 -8.31 -8.41 -8.47 -8.44 -8.38 -8.00 -8.03 -7.97 -8.03 -7.72 -7.72 -7.53 -7.62 -7.56 -7.66 -7.62 -7.59 -7.72 -7.59
-8.56 -8.53 -8.59 -8.47 -8.50 -8.72 -8.69 -8.50 -8.38 -8.38 -8.44 -8.44 -8.47 -8.44 -8.41 -8.28 -8.31 -8.50 -8.53 -8.38 -8.19 -8.41 -8.47 -8.41 -8.41 -8.38 -8.19 -8.12 -7.81 -7.34 -7.03 -7.03 -6.97 -7.00 -7.00 -6.88 -6.88 -6.91 -7.00 -6.91 -7.00 -7.19 -7.25 -7.22 -7.25 -7.53 -7.53 -7.62 -7.75 -7.91 -8.06 -8.19 -8.25 -8.09 -8.06 -8.09 -8.22 -8.19 -8.25 -8.47 -8.56 -8.50 -8.44 -8.28 -8.16 -7.88 -7.78 -7.56 -7.47 -7.38 -7.53 -7.53 -7.69 -7.91 -8.00 -7.84 -7.75
-8.50 -8.44 -8.56 -8.56 -8.59 -8.62 -8.47 -8.44 -8.41 -8.38 -8.50 -8.41 -8.53 -8.56 -8.50 -8.31 -8.28 -8.34 -8.34 -8.34 -8.41 -8.41 -8.25 -8.34 -8.28 -8.19 -8.19 -8.03 -7.72 -7.41 -7.16 -7.03 -7.06 -7.12 -7.12 -7.09 -7.00 -6.97 -7.09 -7.03 -7.06 -7.25 -7.28 -7.41 -7.47 -7.56 -7.75 -7.88 -8.03 -8.19 -8.19 -8.12 -8.31 -8.34 -8.34 -8.31 -8.38 -8.56 -8.50 -8.44 -8.44 -8.38 -8.22 -8.12 -8.03 -8.06 -8.03 -8.03 -7.81 -7.81 -7.84 -7.94 -8.03 -8.06 -7.97 -7.94 -7.75
-8.34 -8.47 -8.56 -8.62 -8.62 -8.47 -8.47 -8.44 -8.44 -8.41 -8.44 -8.47 -8.62 -8.59 -8.50 -8.38 -8.28 -8.25 -8.41 -8.44 -8.34 -8.16 -8.25 -8.31 -8.31 -8.31 -8.25 -8.16 -8.00 -7.72 -7.53 -7.25 -7.03 -6.97 -6.91 -7.00 -7.06 -7.16 -7.19 -7.31 -7.25 -7.19 -7.31 -7.59 -7.59 -7.72 -7.91 -8.06 -8.03 -8.06 -8.19 -8.41 -8.53 -8.47 -8.47 -8.50 -8.47 -8.56 -8.50 -8.47 -8.34 -8.44 -8.31 -8.41 -8.41 -8.25 -8.22 -8.12 -7.97 -7.97 -7.88 -8.00 -7.94 -7.88 -7.88 -7.91 -7.97
-8.28 -8.53 -8.62 -8.75 -8.69 -8.62 -8.47 -8.59 -8.44 -8.12 -8.12 -8.38 -8.44 -8.47 -8.38 -8.28 -8.19 -8.19 -8.28 -8.22 -8.22 -8.19 -8.22 -8.31 -8.38 -8.25 -8.25 -8.16 -7.88 -7.66 -7.66 -7.50 -7.56 -7.41 -7.28 -7.16 -7.22 -7.16 -7.25 -7.41 -7.34 -7.34 -7.62 -7.72 -7.81 -7.91 -8.22 -8.31 -8.44 -8.41 -8.56 -8.56 -8.47 -8.56 -8.56 -8.59 -8.50 -8.44 -8.50 -8.41 -8.38 -8.31 -8.38 -8.56 -8.59 -8.50 -8.34 -8.09 -7.97 -7.84 -7.81 -7.75 -7.81 -7.69 -7.88 -7.91 -7.78
-8.38 -8.50 -8.59 -8.56 -8.59 -8.75 -8.62 -8.47 -8.38 -8.38 -8.16 -8.34 -8.34 -8.31 -8.03 -7.97 -8.31 -8.31 -8.25 -8.41 -8.53 -8.47 -8.34 -8.34 -8.28 -8.28 -8.31 -8.19 -8.03 -7.94 -7.97 -7.88 -7.78 -7.75 -7.69 -7.53 -7.53 -7.34 -7.28 -7.19 -7.41 -7.47 -7.81 -7.84 -7.97 -8.19 -8.41 -8.59 -8.59 -8.53 -8.69 -8.72 -8.69 -8.66 -8.78 -8.78 -8.66 -8.66 -8.56 -8.44 -8.25 -8.19 -8.22 -8.50 -8.66 -8.56 -8.44 -8.31 -8.22 -8.12 -7.94 -7.91 -7.94 -7.91 -7.72 -7.62 -7.53
-8.50 -8.22 -8.38 -8.53 -8.62 -8.88 -8.75 -8.53 -8.28 -8.41 -8.41 -8.50 -8.62 -8.47 -8.31 -8.44 -8.38 -8.22 -8.38 -8.38 -8.25 -8.09 -8.16 -8.16 -8.19 -8.09 -8.00 -8.09 -8.00 -8.09 -8.00 -8.16 -8.16 -8.09 -7.91 -7.66 -7.62 -7.59 -7.53 -7.59 -7.59 -7.78 -8.00 -8.00 -8.12 -8.31 -8.53 -8.62 -8.69 -8.78 -8.78 -8.75 -8.69 -8.69 -8.69 -8.66 -8.66 -8.66 -8.56 -8.44 -8.16 -8.16 -8.31 -8.56 -8.66 -8.59 -8.44 -8.34 -8.41 -8.31 -8.28 -8.25 -8.09 -8.00 -7.84 -7.81 -7.50
-8.31 -8.06 -8.12 -8.44 -8.62 -8.72 -8.66 -8.62 -8.59 -8.34 -8.31 -8.31 -8.53 -8.50 -8.50 -8.28 -8.25 -8.22 -8.22 -8.34 -8.34 -8.22 -8.19 -8.22 -8.12 -8.00 -7.97 -8.03 -8.16 -8.12 -8.00 -7.97 -8.22 -8.22 -8.09 -8.06 -8.00 -7.91 -7.78 -7.78 -7.81 -7.78 -7.97 -8.03 -8.22 -8.47 -8.62 -8.50 -8.53 -8.62 -8.75 -8.78 -8.72 -8.72 -8.56 -8.62 -8.69 -8.69 -8.75 -8.41 -8.28 -8.28 -8.38 -8.44 -8.59 -8.59 -8.50 -8.41 -8.28 -8.22 -8.28 -8.31 -8.19 -7.91 -7.81 -7.69 -7.62
-8.41 -8.19 -8.12 -8.12 -8.22 -8.28 -8.34 -8.47 -8.34 -8.12 -8.06 -8.06 -8.06 -8.31 -8.38 -8.38 -8.19 -8.06 -8.09 -8.09 -8.25 -8.16 -8.00 -7.91 -7.91 -8.06 -8.06 -7.97 -7.97 -7.97 -7.91 -7.94 -8.03 -8.09 -8.03 -8.12 -8.16 -7.97 -8.00 -8.06 -8.00 -8.06 -7.97 -8.09 -8.25 -8.41 -8.47 -8.50 -8.59 -8.56 -8.56 -8.72 -8.78 -8.66 -8.72 -8.69 -8.81 -8.91 -8.75 -8.59 -8.59 -8.59 -8.50 -8.50 -8.53 -8.38 -8.38 -8.34 -8.31 -8.25 -8.22 -8.16 -7.91 -7.97 -7.69 -7.69 -7.56
-8.62 -8.62 -8.44 -8.50 -8.47 -8.59 -8.59 -8.59 -8.41 -8.28 -8.34 -8.28 -8.19 -8.12 -8.19 -8.31 -8.06 -7.94 -8.09 -8.19 -8.31 -8.09 -7.97 -8.06 -7.97 -7.91 -7.84 -7.84 -7.81 -7.84 -7.91 -7.97 -8.03 -8.12 -8.19 -8.25 -8.28 -8.34 -8.31 -8.22 -8.19 -8.19 -8.12 -8.19 -8.41 -8.25 -8.25 -8.38 -8.41 -8.38 -8.56 -8.59 -8.62 -8.66 -8.66 -8.72 -8.75 -8.78 -8.66 -8.59 -8.62 -8.62 -8.62 -8.53 -8.50 -8.44 -8.50 -8.47 -8.41 -8.31 -8.16 -7.97 -7.91 -7.75 -7.53 -7.66 -7.62
-8.56 -8.62 -8.62 -8.50 -8.50 -8.59 -8.62 -8.62 -8.56 -8.47 -8.41 -8.50 -8.44 -8.34 -8.12 -8.28 -8.28 -8.03 -8.06 -8.31 -8.47 -8.34 -8.19 -7.97 -7.94 -7.88 -7.75 -7.84 -7.84 -7.88 -7.88 -7.97 -8.06 -8.16 -8.22 -8.25 -8.31 -8.28 -8.28 -8.25 -8.19 -8.19 -8.25 -8.16 -8.34 -8.31 -8.34 -8.38 -8.56 -8.47 -8.44 -8.47 -8.53 -8.53 -8.56 -8.53 -8.59 -8.59 -8.66 -8.72 -8.66 -8.62 -8.56 -8.47 -8.50 -8.53 -8.59 -8.56 -8.59 -8.44 -8.19 -8.00 -7.78 -7.75 -7.88 -7.75 -7.69
-8.50 -8.50 -8.53 -8.53 -8.44 -8.47 -8.41 -8.38 -8.34 -8.44 -8.53 -8.50 -8.44 -8.25 -8.06 -8.28 -8.16 -7.84 -7.81 -7.97 -8.00 -8.19 -8.00 -7.88 -7.81 -7.91 -7.78 -7.97 -8.03 -8.03 -8.09 -8.25 -8.25 -8.16 -8.28 -8.12 -8.03 -8.19 -8.22 -8.25 -8.16 -8.16 -7.88 -8.06 -8.22 -8.19 -8.22 -8.34 -8.47 -8.53 -8.50 -8.44 -8.34 -8.31 -8.38 -8.44 -8.44 -8.53 -8.72 -8.72 -8.69 -8.56 -8.50 -8.50 -8.53 -8.66 -8.59 -8.56 -8.53 -8.44 -8.28 -8.12 -8.00 -8.00 -8.03 -7.94 -7.59
-8.28 -8.16 -8.25 -8.25 -8.50 -8.34 -8.44 -8.41 -8.47 -8.47 -8.50 -8.34 -8.28 -8.16 -8.09 -8.19 -8.12 -8.00 -8.00 -8.09 -8.03 -8.00 -7.84 -7.78 -8.09 -8.00 -7.97 -8.12 -8.09 -8.00 -8.19 -8.38 -8.47 -8.38 -8.25 -8.28 -8.31 -8.34 -8.34 -8.38 -8.38 -8.38 -8.09 -8.12 -8.34 -8.44 -8.41 -8.41 -8.38 -8.47 -8.59 -8.62 -8.50 -8.41 -8.47 -8.53 -8.53 -8.56 -8.53 -8.53 -8.53 -8.59 -8.50 -8.44 -8.50 -8.53 -8.44 -8.44 -8.41 -8.34 -8.34 -8.22 -8.03 -7.97 -7.94 -7.94 -7.62
-8.53 -8.41 -8.25 -8.16 -8.19 -8.09 -8.16 -8.28 -8.38 -8.56 -8.50 -8.38 -8.38 -8.25 -8.25 -8.31 -8.31 -8.12 -8.16 -8.31 -8.31 -8.28 -8.25 -8.03 -8.00 -8.22 -8.16 -8.19 -8.16 -8.09 -8.12 -8.06 -7.97 -8.06 -8.19 -8.22 -8.31 -8.31 -8.47 -8.44 -8.41 -8.41 -8.22 -8.25 -8.28 -8.41 -8.47 -8.44 -8.38 -8.41 -8.59 -8.53 -8.50 -8.53 -8.53 -8.56 -8.66 -8.56 -8.47 -8.56 -8.53 -8.56 -8.50 -8.50 -8.56 -8.50 -8.31 -8.44 -8.38 -8.47 -8.44 -8.16 -8.09 -8.00 -7.88 -7.62 -7.66
-8.47 -8.47 -8.34 -8.16 -8.03 -8.16 -8.25 -8.34 -8.44 -8.47 -8.34 -8.25 -8.31 -8.31 -8.34 -8.28 -8.38 -8.28 -8.19 -8.22 -8.03 -8.03 -8.03 -8.00 -8.03 -8.19 -8.19 -8.16 -8.16 -8.31 -8.41 -8.34 -8.31 -8.22 -8.19 -8.16 -8.25 -8.38 -8.38 -8.44 -8.38 -8.31 -8.38 -8.22 -8.19 -8.34 -8.53 -8.44 -8.59 -8.56 -8.53 -8.50 -8.47 -8.53 -8.59 -8.50 -8.56 -8.53 -8.47 -8.44 -8.66 -8.56 -8.47 -8.66 -8.78 -8.69 -8.59 -8.38 -8.34 -8.31 -8.28 -8.19 -8.09 -8.31 -8.28 -8.03 -7.88
-8.38 -8.50 -8.44 -8.12 -8.03 -8.31 -8.28 -8.31 -8.41 -8.53 -8.34 -8.28 -8.34 -8.34 -8.28 -8.28 -8.28 -8.28 -8.22 -8.16 -8.09 -8.00 -7.91 -7.88 -7.84 -8.00 -8.16 -8.28 -8.38 -8.44 -8.47 -8.53 -8.41 -8.44 -8.31 -8.25 -8.19 -8.28 -8.22 -8.34 -8.41 -8.50 -8.34 -8.28 -8.31 -8.50 -8.59 -8.81 -8.81 -8.56 -8.56 -8.47 -8.41 -8.44 -8.47 -8.59 -8.50 -8.50 -8.44 -8.38 -8.56 -8.53 -8.59 -8.59 -8.69 -8.69 -8.50 -8.50 -8.44 -8.38 -8.06 -8.12 -8.28 -8.41 -8.38 -8.25 -8.06
-8.41 -8.59 -8.53 -8.41 -8.28 -8.31 -8.28 -8.34 -8.34 -8.53 -8.50 -8.50 -8.62 -8.56 -8.56 -8.62 -8.50 -8.31 -8.16 -8.19 -8.34 -8.44 -8.38 -8.38 -8.19 -8.28 -8.34 -8.38 -8.41 -8.53 -8.53 -8.53 -8.56 -8.50 -8.38 -8.25 -8.25 -8.38 -8.41 -8.38 -8.38 -8.44 -8.47 -8.50 -8.59 -8.56 -8.53 -8.66 -8.59 -8.62 -8.62 -8.44 -8.25 -8.28 -8.44 -8.50 -8.50 -8.38 -8.31 -8.47 -8.41 -8.38 -8.44 -8.34 -8.41 -8.47 -8.47 -8.47 -8.47 -8.31 -8.31 -8.34 -8.31 -8.50 -8.44 -8.34 -8.41
