everonasctiles/Tile16,21.asc
ncols 128
nrows 128
xllcorner 0
yllcorner 0
cellsize 2.0
NODATA_value  -9999
[rows 0 to 33 of 128, columns 0 to 76 of 128]
93.19 92.91 92.62 92.31 92.00 91.69 91.38 91.06 90.75 90.47 90.16 89.88 89.56 89.28 89.00 88.72 88.41 88.12 87.81 87.53 87.22 86.91 86.56 86.25 85.91 85.56 85.19 84.84 84.47 84.09 83.69 83.31 82.94 82.56 82.22 81.84 81.50 81.19 80.88 80.56 80.28 80.03 79.75 79.53 79.28 79.03 78.75 78.50 78.25 78.00 77.75 77.47 77.22 77.00 76.75 76.50 76.25 76.03 75.81 75.59 75.38 75.19 74.97 74.78 74.56 74.31 73.97 73.59 73.28 73.03 72.72 72.47 72.22 71.91 71.66 71.38 71.09
93.41 93.16 92.84 92.53 92.22 91.91 91.59 91.28 90.97 90.66 90.34 90.06 89.78 89.47 89.19 88.91 88.59 88.31 88.00 87.69 87.38 87.06 86.75 86.41 86.06 85.72 85.34 84.97 84.59 84.22 83.84 83.47 83.06 82.69 82.34 81.97 81.62 81.28 80.97 80.66 80.38 80.09 79.81 79.56 79.31 79.06 78.81 78.56 78.31 78.06 77.81 77.56 77.34 77.09 76.88 76.62 76.41 76.19 75.97 75.75 75.56 75.34 75.16 74.94 74.72 74.44 74.09 73.72 73.38 73.06 72.84 72.56 72.31 72.03 71.78 71.53 71.31
93.62 93.34 93.06 92.75 92.41 92.09 91.78 91.47 91.16 90.84 90.53 90.25 89.94 89.66 89.34 89.06 88.75 88.47 88.16 87.84 87.53 87.22 86.91 86.56 86.22 85.84 85.50 85.12 84.75 84.34 83.97 83.59 83.22 82.84 82.47 82.09 81.75 81.41 81.09 80.78 80.47 80.19 79.91 79.62 79.38 79.12 78.88 78.62 78.38 78.12 77.91 77.66 77.44 77.22 77.00 76.78 76.56 76.38 76.16 75.94 75.75 75.53 75.34 75.12 74.91 74.62 74.25 73.88 73.50 73.19 72.91 72.66 72.44 72.19 71.97 71.75 71.59
93.78 93.53 93.22 92.91 92.59 92.25 91.94 91.62 91.31 91.00 90.69 90.38 90.06 89.78 89.47 89.19 88.88 88.59 88.28 87.97 87.66 87.34 87.03 86.69 86.34 85.97 85.62 85.25 84.88 84.47 84.09 83.72 83.34 82.97 82.59 82.22 81.88 81.53 81.22 80.88 80.56 80.28 80.00 79.72 79.44 79.19 78.94 78.69 78.47 78.22 78.00 77.78 77.56 77.34 77.16 76.94 76.75 76.53 76.31 76.09 75.88 75.69 75.47 75.28 75.09 74.84 74.50 74.09 73.72 73.38 73.09 72.81 72.62 72.41 72.19 72.06 71.81
93.91 93.66 93.34 93.03 92.72 92.41 92.06 91.75 91.44 91.12 90.81 90.50 90.19 89.91 89.59 89.28 89.00 88.69 88.41 88.09 87.78 87.44 87.12 86.78 86.44 86.09 85.72 85.34 84.97 84.59 84.22 83.84 83.47 83.09 82.72 82.38 82.00 81.66 81.31 81.00 80.69 80.38 80.09 79.81 79.53 79.28 79.03 78.78 78.53 78.31 78.09 77.88 77.69 77.47 77.28 77.09 76.91 76.69 76.47 76.25 76.03 75.81 75.59 75.41 75.25 75.09 74.81 74.47 74.09 73.66 73.31 73.09 72.84 72.62 72.47 72.31 72.12
94.00 93.75 93.47 93.16 92.81 92.50 92.19 91.84 91.53 91.22 90.91 90.59 90.31 90.00 89.69 89.41 89.09 88.78 88.50 88.19 87.88 87.53 87.22 86.88 86.53 86.19 85.84 85.47 85.09 84.72 84.34 83.97 83.59 83.22 82.88 82.50 82.16 81.78 81.44 81.12 80.78 80.47 80.19 79.91 79.62 79.38 79.09 78.88 78.62 78.41 78.22 78.00 77.81 77.62 77.44 77.28 77.06 76.88 76.62 76.38 76.19 75.97 75.75 75.53 75.28 75.28 75.09 74.78 74.44 74.09 73.59 73.31 73.09 72.91 72.78 72.62 72.47
94.06 93.81 93.53 93.22 92.91 92.59 92.28 91.94 91.62 91.31 91.00 90.69 90.41 90.09 89.78 89.50 89.19 88.88 88.56 88.25 87.94 87.62 87.31 86.97 86.62 86.28 85.94 85.56 85.19 84.84 84.47 84.09 83.72 83.34 83.00 82.62 82.28 81.91 81.56 81.25 80.91 80.59 80.28 80.00 79.72 79.47 79.22 78.97 78.75 78.53 78.34 78.12 77.94 77.78 77.62 77.44 77.25 77.03 76.81 76.59 76.38 76.16 75.94 75.72 75.50 75.44 75.41 75.09 74.78 74.47 74.09 73.69 73.44 73.25 73.06 73.00 72.78
94.12 93.88 93.59 93.31 93.00 92.69 92.38 92.03 91.72 91.41 91.09 90.78 90.47 90.19 89.88 89.56 89.28 88.97 88.66 88.34 88.00 87.69 87.38 87.03 86.69 86.34 86.00 85.66 85.31 84.94 84.56 84.22 83.84 83.50 83.12 82.78 82.41 82.06 81.72 81.38 81.03 80.72 80.41 80.12 79.84 79.59 79.34 79.09 78.88 78.69 78.47 78.28 78.12 77.94 77.78 77.62 77.44 77.22 77.03 76.78 76.56 76.34 76.12 75.91 75.78 75.69 75.69 75.41 75.12 74.84 74.53 74.09 73.81 73.69 73.62 73.47 73.19
94.22 93.97 93.69 93.41 93.09 92.78 92.44 92.12 91.78 91.47 91.19 90.88 90.56 90.25 89.97 89.66 89.34 89.03 88.72 88.41 88.09 87.78 87.44 87.09 86.75 86.44 86.09 85.75 85.41 85.03 84.69 84.31 83.97 83.62 83.28 82.91 82.56 82.19 81.84 81.50 81.19 80.84 80.56 80.25 80.00 79.72 79.50 79.25 79.03 78.84 78.66 78.47 78.28 78.16 78.00 77.81 77.62 77.44 77.22 77.00 76.75 76.56 76.34 76.16 75.97 75.94 75.94 75.69 75.41 75.16 74.91 74.53 74.41 74.34 73.97 73.69 73.41
94.31 94.06 93.78 93.50 93.19 92.84 92.53 92.19 91.88 91.56 91.25 90.94 90.62 90.31 90.03 89.72 89.44 89.12 88.81 88.47 88.16 87.84 87.50 87.16 86.81 86.50 86.16 85.81 85.47 85.12 84.78 84.44 84.09 83.75 83.41 83.06 82.72 82.38 82.00 81.66 81.34 81.03 80.72 80.44 80.16 79.91 79.69 79.44 79.25 79.03 78.84 78.69 78.50 78.38 78.22 78.03 77.84 77.66 77.44 77.22 77.00 76.78 76.59 76.41 76.25 76.31 76.19 75.91 75.66 75.53 75.41 75.00 74.72 74.47 74.22 73.91 73.62
94.47 94.19 93.91 93.59 93.28 92.94 92.59 92.28 91.94 91.62 91.31 91.00 90.69 90.41 90.09 89.81 89.50 89.19 88.88 88.56 88.22 87.91 87.56 87.22 86.91 86.56 86.25 85.91 85.59 85.25 84.91 84.56 84.25 83.91 83.59 83.25 82.91 82.56 82.19 81.88 81.53 81.22 80.94 80.66 80.41 80.16 79.91 79.69 79.47 79.28 79.09 78.94 78.78 78.62 78.44 78.25 78.06 77.84 77.66 77.47 77.25 77.03 76.91 76.81 76.78 76.78 76.66 76.44 76.19 75.91 75.62 75.25 74.97 74.69 74.41 74.12 73.84
94.62 94.34 94.03 93.69 93.38 93.03 92.69 92.34 92.00 91.69 91.34 91.06 90.75 90.47 90.16 89.88 89.59 89.28 88.94 88.62 88.31 87.97 87.62 87.31 86.97 86.66 86.34 86.03 85.69 85.34 85.03 84.72 84.41 84.09 83.78 83.44 83.12 82.78 82.44 82.09 81.78 81.50 81.22 80.94 80.69 80.44 80.22 79.97 79.78 79.59 79.41 79.25 79.09 78.94 78.72 78.50 78.28 78.09 77.94 77.88 77.88 77.88 77.84 77.62 77.34 77.06 76.78 76.53 76.25 75.97 75.69 75.44 75.16 74.91 74.62 74.34 74.06
94.84 94.50 94.19 93.81 93.47 93.12 92.75 92.41 92.06 91.72 91.41 91.09 90.81 90.53 90.25 89.97 89.66 89.38 89.03 88.72 88.41 88.06 87.72 87.41 87.09 86.78 86.47 86.16 85.81 85.50 85.19 84.88 84.59 84.31 84.03 83.72 83.38 83.06 82.72 82.41 82.12 81.84 81.59 81.31 81.09 80.84 80.59 80.34 80.12 79.94 79.81 79.62 79.50 79.50 79.50 79.47 79.41 79.28 79.03 78.78 78.50 78.22 77.97 77.69 77.41 77.12 76.84 76.59 76.31 76.03 75.75 75.53 75.38 75.12 74.78 74.47 74.38
95.06 94.69 94.31 93.97 93.59 93.22 92.84 92.47 92.12 91.78 91.44 91.16 90.88 90.59 90.34 90.06 89.78 89.47 89.16 88.84 88.50 88.19 87.84 87.53 87.22 86.91 86.62 86.31 86.00 85.69 85.41 85.09 84.84 84.59 84.31 84.03 83.69 83.41 83.09 82.78 82.56 82.34 82.12 81.88 81.62 81.28 81.12 81.12 81.16 81.16 81.06 80.91 80.62 80.38 80.12 79.84 79.59 79.34 79.06 78.81 78.56 78.28 78.00 77.75 77.47 77.19 76.91 76.62 76.38 76.09 75.84 75.59 75.41 75.22 74.97 74.84 74.81
95.31 94.91 94.50 94.09 93.69 93.31 92.91 92.53 92.19 91.81 91.50 91.19 90.94 90.69 90.44 90.19 89.91 89.59 89.28 88.97 88.66 88.34 88.03 87.72 87.41 87.09 86.81 86.53 86.22 85.94 85.62 85.38 85.16 84.94 84.75 84.47 84.12 83.84 83.59 83.44 83.28 83.19 83.06 82.94 82.75 82.50 82.25 81.97 81.72 81.47 81.19 80.94 80.69 80.41 80.16 79.91 79.62 79.38 79.12 78.84 78.59 78.34 78.06 77.78 77.53 77.25 77.00 76.75 76.56 76.34 76.09 75.88 75.66 75.47 75.28 75.19 75.03
95.53 95.09 94.66 94.25 93.81 93.41 93.00 92.59 92.22 91.88 91.53 91.25 91.00 90.84 90.62 90.38 90.06 89.78 89.47 89.16 88.84 88.56 88.25 87.94 87.66 87.38 87.12 86.84 86.56 86.28 86.03 85.78 85.56 85.44 85.31 85.12 84.91 84.69 84.44 84.16 83.91 83.62 83.38 83.09 82.81 82.56 82.28 82.03 81.75 81.50 81.25 80.97 80.72 80.47 80.19 79.94 79.69 79.41 79.16 78.88 78.69 78.56 78.47 78.38 78.19 78.00 77.81 77.59 77.34 77.03 76.69 76.41 76.12 75.81 75.53 75.38 75.19
95.75 95.28 94.84 94.38 93.94 93.50 93.09 92.69 92.31 91.94 91.59 91.34 91.16 91.03 90.88 90.62 90.34 90.06 89.75 89.44 89.16 88.88 88.59 88.34 88.09 87.84 87.59 87.34 87.09 86.88 86.66 86.41 86.12 85.84 85.56 85.28 85.03 84.75 84.47 84.22 83.94 83.66 83.41 83.12 82.84 82.59 82.31 82.06 81.81 81.53 81.28 81.03 80.75 80.50 80.25 80.00 79.69 79.41 79.31 79.47 79.34 79.19 79.03 78.88 78.72 78.56 78.44 78.28 78.03 77.69 77.31 76.97 76.59 76.22 75.84 75.56 75.41
95.97 95.50 95.00 94.53 94.06 93.62 93.19 92.78 92.41 92.03 91.72 91.50 91.34 91.25 91.12 90.94 90.69 90.41 90.12 89.84 89.53 89.28 89.06 88.81 88.56 88.22 87.91 87.62 87.34 87.06 86.78 86.47 86.19 85.88 85.59 85.31 85.06 84.78 84.53 84.25 83.97 83.72 83.44 83.16 82.91 82.62 82.38 82.12 81.91 81.72 81.56 81.38 81.16 80.91 80.59 80.31 80.78 80.50 80.16 79.91 79.72 79.59 79.44 79.28 79.16 79.03 78.91 78.78 78.62 78.38 77.97 77.56 77.09 76.59 76.16 75.72 75.56
96.09 95.72 95.19 94.72 94.22 93.78 93.34 92.97 92.59 92.25 91.94 91.72 91.62 91.56 91.47 91.31 91.09 90.81 90.50 90.16 89.84 89.53 89.22 88.91 88.56 88.28 88.00 87.69 87.41 87.12 86.81 86.53 86.25 85.94 85.66 85.38 85.09 84.81 84.56 84.34 84.19 84.03 83.88 83.62 83.34 83.09 82.88 82.62 82.41 82.19 81.94 81.69 81.34 81.31 81.19 81.03 80.88 80.69 80.41 80.19 80.00 79.84 79.72 79.59 79.47 79.34 79.25 79.12 78.97 78.81 78.56 78.16 77.59 77.00 76.44 75.97 75.72
96.19 95.88 95.53 95.03 94.47 94.12 93.75 93.44 93.16 92.94 92.72 92.53 92.28 92.00 91.75 91.44 91.12 90.81 90.50 90.19 89.88 89.56 89.25 88.94 88.66 88.38 88.09 87.81 87.50 87.19 86.88 86.59 86.28 86.06 85.97 85.94 85.88 85.81 85.69 85.44 85.09 84.72 84.34 84.00 83.69 83.47 83.22 82.94 82.69 82.44 82.16 81.59 81.41 81.38 81.25 81.12 80.94 80.75 80.56 80.38 80.19 80.06 79.94 79.81 79.72 79.62 79.50 79.38 79.25 79.09 78.91 78.59 78.06 77.38 76.75 76.19 75.88
96.28 96.00 95.75 95.53 95.16 94.81 94.50 94.16 93.81 93.47 93.12 92.75 92.44 92.12 91.81 91.50 91.19 90.88 90.56 90.25 89.94 89.62 89.31 89.00 88.72 88.53 88.34 88.06 87.72 87.50 87.34 87.16 86.94 86.72 86.59 86.47 86.28 86.09 85.84 85.59 85.25 84.91 84.56 84.25 83.97 83.72 83.44 83.16 82.91 82.59 82.22 81.84 81.56 81.44 81.28 81.12 80.97 80.78 80.62 80.47 80.34 80.22 80.12 80.03 79.91 79.81 79.72 79.59 79.47 79.34 79.12 78.88 78.44 77.75 77.03 76.41 76.00
96.38 96.12 95.84 95.50 95.19 94.84 94.50 94.16 93.84 93.50 93.16 92.81 92.50 92.19 91.88 91.56 91.22 90.91 90.59 90.28 89.97 89.66 89.38 89.06 88.88 88.84 88.88 88.75 88.47 88.09 87.69 87.38 87.12 86.94 86.75 86.62 86.50 86.31 86.06 85.75 85.44 85.12 84.78 84.50 84.22 83.94 83.62 83.31 83.03 82.66 82.28 81.94 81.66 81.44 81.25 81.09 80.94 80.78 80.66 80.53 80.44 80.34 80.28 80.19 80.09 80.00 79.91 79.78 79.66 79.53 79.34 79.09 78.69 78.03 77.28 76.62 76.12
96.50 96.22 95.91 95.53 95.19 94.88 94.53 94.19 93.84 93.53 93.19 92.88 92.59 92.31 91.97 91.66 91.31 91.06 90.75 90.41 90.12 89.91 89.72 89.50 89.28 89.16 89.31 89.19 88.78 88.34 87.91 87.59 87.38 87.16 86.97 86.78 86.66 86.44 86.19 85.91 85.62 85.31 85.00 84.69 84.41 84.12 83.78 83.47 83.09 82.72 82.31 81.97 81.66 81.41 81.19 81.03 80.94 80.81 80.69 80.59 80.53 80.44 80.38 80.31 80.25 80.16 80.06 79.94 79.84 79.69 79.50 79.25 78.88 78.28 77.53 76.84 76.28
96.59 96.31 95.97 95.50 95.22 94.88 94.50 94.12 93.78 93.47 93.19 92.94 92.72 92.47 92.25 92.09 91.81 91.50 91.12 90.81 90.53 90.31 90.12 89.94 89.81 89.69 89.78 89.59 89.06 88.56 88.16 87.84 87.62 87.41 87.19 86.97 86.78 86.56 86.28 85.97 85.72 85.47 85.19 84.88 84.53 84.22 83.88 83.50 83.12 82.72 82.34 82.03 81.75 81.50 81.28 81.12 80.97 80.84 80.75 80.69 80.59 80.53 80.47 80.41 80.34 80.28 80.19 80.09 79.97 79.84 79.66 79.41 79.06 78.47 77.72 77.06 76.47
96.72 96.44 96.06 95.59 95.09 94.56 94.06 93.62 93.47 93.34 93.19 93.03 92.84 92.62 92.41 92.19 91.94 91.69 91.41 91.12 90.91 90.69 90.53 90.38 90.28 90.22 90.34 90.12 89.56 89.00 88.38 88.06 87.84 87.62 87.41 87.19 86.97 86.72 86.44 86.16 85.91 85.66 85.38 85.03 84.72 84.34 83.97 83.56 83.19 82.84 82.50 82.22 81.97 81.75 81.50 81.31 81.12 80.97 80.84 80.75 80.69 80.62 80.56 80.50 80.44 80.38 80.31 80.22 80.09 79.97 79.78 79.56 79.22 78.66 77.91 77.25 76.69
96.88 96.56 96.22 95.69 95.19 94.62 94.06 93.62 93.44 93.31 93.19 93.06 92.91 92.69 92.50 92.31 92.09 91.88 91.66 91.44 91.22 91.06 90.91 90.78 90.72 90.69 90.66 90.59 90.03 89.41 88.62 88.31 88.03 87.78 87.56 87.34 87.12 86.88 86.62 86.34 86.12 85.88 85.56 85.22 84.88 84.53 84.12 83.75 83.41 83.12 82.81 82.50 82.25 82.00 81.75 81.50 81.28 81.12 80.97 80.84 80.78 80.69 80.62 80.56 80.50 80.44 80.38 80.31 80.22 80.09 79.94 79.72 79.38 78.84 78.12 77.47 76.88
97.03 96.75 96.41 95.88 95.31 94.75 94.16 93.69 93.44 93.28 93.19 93.09 92.97 92.78 92.62 92.44 92.25 92.06 91.88 91.69 91.53 91.41 91.28 91.19 91.12 91.06 91.06 90.97 90.47 89.84 89.03 88.56 88.25 87.94 87.69 87.47 87.22 87.00 86.78 86.53 86.28 86.00 85.69 85.38 85.03 84.69 84.31 83.94 83.59 83.31 83.03 82.78 82.53 82.25 81.97 81.69 81.47 81.25 81.09 80.97 80.88 80.78 80.72 80.62 80.56 80.50 80.44 80.38 80.31 80.19 80.06 79.84 79.50 79.03 78.34 77.66 77.06
97.19 96.94 96.62 96.12 95.53 94.94 94.31 93.78 93.50 93.34 93.25 93.16 93.03 92.91 92.75 92.59 92.44 92.28 92.09 91.97 91.81 91.72 91.59 91.53 91.47 91.47 91.44 91.38 91.06 90.38 89.59 88.78 88.47 88.16 87.84 87.59 87.34 87.09 86.88 86.62 86.38 86.09 85.78 85.47 85.12 84.78 84.41 84.09 83.75 83.47 83.22 82.97 82.72 82.41 82.12 81.88 81.62 81.41 81.22 81.09 80.97 80.88 80.78 80.72 80.62 80.56 80.50 80.44 80.38 80.28 80.16 79.97 79.66 79.19 78.53 77.84 77.22
97.31 97.09 96.88 96.44 95.81 95.16 94.53 93.94 93.59 93.41 93.28 93.19 93.09 93.00 92.84 92.72 92.59 92.47 92.31 92.19 92.09 92.00 91.91 91.88 91.84 91.81 91.81 91.78 91.59 90.84 90.03 89.03 88.72 88.38 88.09 87.81 87.53 87.25 87.00 86.75 86.50 86.22 85.94 85.59 85.22 84.84 84.50 84.19 83.88 83.56 83.31 83.06 82.81 82.56 82.28 82.03 81.75 81.53 81.34 81.22 81.09 80.97 80.88 80.78 80.72 80.62 80.56 80.50 80.44 80.34 80.22 80.09 79.78 79.34 78.69 78.00 77.34
97.41 97.25 97.09 96.72 96.09 95.44 94.78 94.16 93.72 93.47 93.31 93.22 93.16 93.06 92.97 92.84 92.75 92.62 92.53 92.44 92.34 92.25 92.19 92.16 92.16 92.19 92.19 92.22 92.12 91.31 90.47 89.44 88.94 88.59 88.31 88.03 87.75 87.47 87.19 86.97 86.69 86.41 86.06 85.72 85.34 84.97 84.59 84.25 83.94 83.66 83.38 83.12 82.88 82.66 82.41 82.12 81.88 81.66 81.50 81.34 81.19 81.06 80.97 80.88 80.78 80.69 80.62 80.53 80.47 80.38 80.28 80.16 79.88 79.47 78.81 78.12 77.50
97.50 97.38 97.28 96.97 96.34 95.72 95.06 94.44 93.91 93.56 93.38 93.25 93.19 93.12 93.06 92.97 92.88 92.78 92.72 92.62 92.56 92.50 92.47 92.44 92.47 92.50 92.53 92.59 92.56 91.78 90.97 90.03 89.16 88.84 88.56 88.25 87.97 87.66 87.38 87.12 86.84 86.53 86.16 85.81 85.44 85.09 84.72 84.34 84.03 83.75 83.50 83.25 82.97 82.72 82.47 82.25 82.00 81.81 81.62 81.47 81.31 81.19 81.06 80.94 80.84 80.75 80.66 80.59 80.50 80.44 80.34 80.22 79.97 79.59 79.00 78.31 77.62
97.56 97.50 97.47 97.19 96.56 95.94 95.28 94.66 94.09 93.69 93.44 93.28 93.22 93.16 93.09 93.06 93.00 92.94 92.88 92.81 92.75 92.72 92.69 92.69 92.69 92.75 92.81 92.91 92.88 92.12 91.31 90.44 89.38 89.09 88.81 88.50 88.19 87.91 87.59 87.31 87.00 86.69 86.34 86.00 85.62 85.25 84.88 84.53 84.19 83.91 83.62 83.34 83.09 82.84 82.59 82.38 82.16 81.97 81.78 81.62 81.47 81.31 81.19 81.03 80.94 80.81 80.72 80.62 80.56 80.47 80.38 80.25 80.06 79.72 79.19 78.47 77.81
97.59 97.59 97.69 97.38 96.78 96.12 95.50 94.84 94.28 93.84 93.50 93.31 93.22 93.16 93.12 93.09 93.06 93.03 93.00 93.00 92.97 92.91 92.88 92.88 92.91 92.94 93.00 93.06 93.06 92.38 91.62 90.81 89.84 89.34 89.03 88.72 88.44 88.12 87.84 87.53 87.25 86.91 86.56 86.25 85.84 85.50 85.12 84.75 84.44 84.09 83.81 83.53 83.25 83.00 82.75 82.53 82.31 82.12 81.94 81.75 81.59 81.44 81.28 81.16 81.03 80.91 80.78 80.69 80.59 80.50 80.41 80.28 80.12 79.88 79.34 78.66 77.97
97.62 97.62 97.72 97.53 96.94 96.31 95.66 95.03 94.47 93.97 93.59 93.38 93.25 93.19 93.12 93.09 93.09 93.06 93.06 93.03 93.03 93.03 93.00 93.00 93.03 93.03 93.06 93.06 93.06 92.69 91.97 91.19 90.31 89.56 89.28 88.97 88.69 88.38 88.06 87.78 87.47 87.16 86.81 86.47 86.09 85.72 85.34 85.00 84.66 84.34 84.03 83.72 83.47 83.19 82.97 82.72 82.50 82.31 82.09 81.91 81.72 81.56 81.41 81.25 81.12 80.97 80.84 80.75 80.66 80.53 80.44 80.34 80.22 80.00 79.50 78.84 78.16
