everonasctiles/Tile[37,4].asc
ncols 128
nrows 128
xllcorner 0
yllcorner 0
cellsize 2.0
NODATA_value  -9999
[rows 0 to 32 of 128, columns 0 to 73 of 128]
133.44 133.03 132.59 132.19 131.81 131.50 131.19 130.81 130.94 131.03 131.53 131.75 131.62 131.03 130.09 129.00 127.91 126.88 125.44 123.50 121.56 120.12 118.47 116.47 114.03 112.19 110.84 108.84 107.47 106.31 105.16 104.41 103.84 103.03 102.16 101.38 100.56 99.78 98.91 98.12 97.38 96.66 95.97 95.25 94.56 93.84 93.09 92.28 91.47 90.62 89.75 88.75 87.69 86.56 85.50 84.56 83.81 83.09 82.38 81.72 81.06 80.44 79.78 79.16 78.50 77.88 77.31 76.44 75.44 74.50 73.41 72.47 71.66 70.62
134.09 133.69 133.25 132.78 132.44 132.22 131.97 131.88 132.06 132.38 132.56 132.78 132.53 131.78 130.62 129.41 128.25 127.06 125.56 123.53 121.56 119.81 117.91 115.88 112.72 111.06 110.00 108.94 107.44 106.44 105.47 104.81 104.06 103.41 102.62 101.88 100.97 100.06 99.25 98.44 97.66 96.97 96.19 95.44 94.62 93.84 93.00 92.09 91.16 90.34 89.59 88.62 87.62 86.62 85.66 84.69 84.00 83.28 82.56 81.84 81.19 80.50 79.81 79.16 78.50 77.91 76.88 76.09 75.28 74.44 73.53 72.72 71.84 71.06
134.69 134.34 133.88 133.31 133.06 132.78 132.91 133.09 133.44 133.47 133.62 133.66 133.28 132.34 130.81 129.59 128.56 127.41 125.88 123.41 121.47 120.12 117.41 115.16 112.03 111.34 109.81 108.97 107.12 106.59 105.88 105.25 104.47 103.84 103.12 102.31 101.47 100.62 99.72 98.84 98.06 97.25 96.41 95.53 94.62 93.75 92.88 92.03 91.22 90.34 89.50 88.59 87.59 86.69 85.81 84.94 84.16 83.44 82.69 81.91 81.25 80.56 79.84 79.12 78.44 77.75 77.03 76.16 75.41 74.62 73.72 73.09 72.19 71.41
135.28 134.97 134.66 133.84 133.56 133.59 134.09 134.41 134.66 134.66 134.59 134.47 133.94 132.84 130.53 129.56 128.62 127.59 125.28 122.72 121.44 119.66 117.19 115.19 113.06 110.97 109.72 108.62 107.44 106.84 106.22 105.59 104.94 104.28 103.44 102.69 101.84 101.00 100.16 99.31 98.41 97.50 96.56 95.56 94.62 93.75 92.81 92.00 91.16 90.31 89.47 88.53 87.66 86.78 85.91 85.12 84.31 83.47 82.78 82.03 81.25 80.56 79.84 79.12 78.38 77.75 77.00 76.25 75.53 74.75 73.97 73.22 72.44 71.62
135.97 136.03 135.94 135.84 134.97 134.91 135.41 135.75 135.75 135.59 135.50 135.25 134.59 133.72 131.28 129.75 128.62 126.88 125.06 123.19 121.91 119.41 117.16 115.97 113.09 111.31 109.53 108.66 108.00 107.31 106.69 106.03 105.38 104.72 104.00 103.06 102.25 101.41 100.47 99.59 98.75 97.81 96.78 95.41 94.38 93.53 92.69 91.88 91.00 90.16 89.31 88.47 87.62 86.78 86.03 85.25 84.50 83.72 82.94 82.19 81.38 80.59 79.88 79.16 78.38 77.75 77.03 76.31 75.59 74.84 74.09 73.31 72.56 71.78
137.19 137.62 137.41 137.38 136.97 136.50 136.53 136.62 136.62 136.44 136.28 135.94 135.16 134.09 131.56 129.97 128.91 127.38 125.50 123.84 122.03 119.91 117.59 116.25 114.09 111.59 109.94 109.16 108.56 107.84 107.25 106.53 105.81 105.09 104.34 103.53 102.66 101.72 100.84 99.97 99.09 98.16 96.94 95.34 94.09 93.22 92.56 91.75 90.97 90.12 89.44 88.69 87.91 87.03 86.25 85.47 84.66 83.84 83.06 82.25 81.47 80.69 79.94 79.19 78.44 77.72 77.03 76.34 75.66 74.94 74.22 73.44 72.62 71.88
139.12 138.97 138.72 138.50 138.06 137.50 137.44 137.53 137.28 137.12 136.88 136.41 135.53 134.34 132.16 130.62 129.56 128.22 125.88 123.81 121.91 119.69 117.97 116.28 115.12 111.44 110.31 109.75 109.16 108.41 107.75 107.06 106.34 105.53 104.75 103.91 103.03 102.09 101.19 100.31 99.47 98.44 97.12 95.22 94.34 93.25 92.59 91.81 91.03 90.34 89.62 88.81 88.03 87.22 86.41 85.59 84.78 83.94 83.12 82.28 81.47 80.72 80.00 79.25 78.47 77.75 77.03 76.31 75.66 75.00 74.28 73.59 72.91 72.03
140.69 140.09 139.81 139.38 138.81 138.31 138.09 138.06 137.88 137.62 137.22 136.59 135.75 134.59 132.47 131.12 130.28 128.53 126.47 124.47 122.72 120.00 118.38 116.41 115.09 111.47 110.78 110.28 109.66 109.03 108.34 107.59 106.78 106.00 105.16 104.28 103.34 102.41 101.53 100.69 99.72 98.56 97.09 95.25 94.22 93.44 92.84 92.09 91.28 90.53 89.72 88.94 88.12 87.31 86.50 85.66 84.84 84.00 83.16 82.34 81.59 80.81 80.06 79.34 78.59 77.91 77.22 76.47 75.72 75.09 74.41 73.66 72.97 72.25
141.56 141.06 140.69 140.00 139.62 139.16 138.94 138.69 138.38 137.97 137.41 136.72 135.59 134.00 132.59 131.91 130.66 128.88 127.12 125.59 123.09 121.44 118.38 117.12 115.84 111.88 111.38 110.88 110.28 109.66 108.94 108.12 107.25 106.38 105.56 104.62 103.78 102.84 102.03 101.06 100.00 98.84 97.09 95.31 94.25 93.69 93.16 92.31 91.50 90.62 89.81 88.97 88.16 87.38 86.56 85.72 84.81 83.97 83.19 82.44 81.69 80.97 80.19 79.44 78.75 78.00 77.28 76.56 75.81 75.16 74.47 73.81 73.19 72.62
142.31 141.94 141.41 140.88 140.41 140.34 139.81 139.38 138.88 138.28 137.66 136.66 135.44 134.31 133.38 132.25 130.81 129.16 127.75 125.88 123.22 122.84 119.50 117.88 116.78 113.28 112.16 111.62 111.00 110.34 109.59 108.75 107.84 106.91 106.00 105.22 104.44 103.56 102.59 101.53 100.28 98.91 96.81 95.38 94.53 93.97 93.31 92.53 91.72 90.88 90.00 89.09 88.16 87.34 86.47 85.59 84.81 84.06 83.28 82.56 81.81 81.06 80.38 79.59 78.91 78.19 77.41 76.69 76.00 75.34 74.62 73.91 73.31 72.66
143.03 142.66 142.28 141.84 141.62 141.19 140.72 140.09 139.38 138.56 137.66 136.72 135.72 134.84 133.62 132.41 131.22 129.69 127.97 126.50 123.75 123.12 121.31 118.19 116.81 114.62 113.41 112.53 111.78 111.03 110.25 109.44 108.53 107.59 106.66 105.88 105.22 104.38 103.34 102.03 100.66 98.22 96.59 95.69 94.91 94.31 93.59 92.78 91.94 91.09 90.22 89.22 88.25 87.41 86.59 85.72 84.94 84.19 83.44 82.69 81.84 81.16 80.53 79.78 79.03 78.34 77.59 76.88 76.16 75.50 74.81 74.12 73.47 72.75
143.88 143.44 142.88 142.81 142.56 142.16 141.56 140.78 139.84 138.81 137.84 136.91 136.00 134.84 133.66 132.50 131.28 129.69 128.09 126.59 124.47 123.38 121.59 118.88 117.31 115.69 114.50 113.50 112.66 111.81 111.00 110.16 109.28 108.41 107.53 106.81 106.09 105.19 104.03 102.62 101.06 97.91 96.56 96.00 95.28 94.62 93.88 93.03 92.12 91.28 90.41 89.47 88.47 87.62 86.75 85.97 85.19 84.41 83.62 82.84 82.12 81.31 80.59 79.94 79.19 78.47 77.75 77.03 76.31 75.62 74.97 74.28 73.59 72.91
144.62 144.25 143.97 143.69 143.38 142.91 142.16 141.19 140.09 138.97 137.84 137.00 136.19 134.97 133.66 132.53 131.38 130.25 128.62 127.09 125.16 124.19 122.28 119.75 118.22 116.69 115.50 114.44 113.47 112.59 111.72 110.88 110.03 109.22 108.38 107.66 106.84 105.75 104.50 103.19 101.38 98.38 96.94 96.38 95.75 95.00 94.19 93.22 92.31 91.50 90.62 89.75 88.88 87.91 87.03 86.22 85.41 84.66 83.88 83.09 82.34 81.59 80.81 80.03 79.34 78.56 77.84 77.19 76.50 75.84 75.12 74.44 73.75 72.97
145.31 144.97 144.62 144.28 143.84 143.22 142.34 141.28 140.16 139.06 138.00 137.22 136.38 135.22 133.94 132.78 131.47 130.41 129.00 127.81 126.53 124.91 122.81 120.81 119.16 117.62 116.41 115.28 114.28 113.34 112.44 111.56 110.72 109.91 109.06 108.28 107.28 105.94 104.94 103.72 101.75 99.31 97.44 96.88 96.19 95.41 94.53 93.53 92.69 91.88 90.84 89.97 89.09 88.22 87.34 86.53 85.75 84.97 84.16 83.38 82.62 81.84 81.03 80.25 79.53 78.81 78.06 77.34 76.69 76.00 75.34 74.62 73.84 73.09
145.75 145.31 144.84 144.41 143.84 143.12 142.19 141.03 140.00 139.12 138.38 137.53 136.53 135.47 134.31 133.00 131.62 130.38 129.09 128.12 127.03 125.22 123.34 121.62 120.00 118.44 117.22 116.06 115.00 114.03 113.09 112.19 111.34 110.50 109.62 108.72 107.47 105.97 104.94 103.62 102.00 99.62 98.06 97.38 96.62 95.78 94.84 93.91 93.03 92.16 91.16 90.25 89.41 88.59 87.75 86.88 86.06 85.25 84.44 83.66 82.84 82.06 81.22 80.44 79.69 78.94 78.28 77.56 76.88 76.16 75.47 74.78 74.03 73.31
145.88 145.44 144.91 144.31 143.75 142.91 142.06 141.09 140.25 139.44 138.62 137.78 136.88 135.66 134.22 132.88 131.72 130.56 129.50 128.34 127.09 125.31 123.78 122.22 120.69 119.16 117.91 116.72 115.62 114.62 113.69 112.78 111.88 111.00 110.06 109.06 107.88 106.53 105.28 103.81 102.06 100.69 98.81 97.97 97.03 96.12 95.19 94.28 93.38 92.50 91.59 90.66 89.81 88.94 88.09 87.22 86.38 85.56 84.69 83.91 83.16 82.31 81.44 80.66 79.91 79.16 78.44 77.75 77.09 76.38 75.75 75.00 74.31 73.56
146.06 145.50 144.91 144.34 143.66 142.94 142.12 141.31 140.53 139.78 138.91 138.00 136.94 135.69 134.41 133.16 132.06 131.03 130.03 129.06 127.06 125.28 124.06 122.72 121.22 119.72 118.44 117.25 116.19 115.19 114.22 113.25 112.34 111.41 110.41 109.38 108.19 107.00 105.56 104.28 102.16 100.88 99.53 98.53 97.53 96.53 95.59 94.62 93.69 92.75 91.84 90.97 90.12 89.28 88.44 87.56 86.72 85.88 85.03 84.22 83.41 82.53 81.75 80.97 80.19 79.44 78.75 78.00 77.34 76.69 76.06 75.38 74.69 73.94
146.19 145.72 145.22 144.59 143.91 143.12 142.38 141.59 140.78 139.97 139.09 138.19 137.06 135.97 134.78 133.62 132.50 131.62 130.53 129.28 127.66 125.66 124.38 123.06 121.59 120.12 118.84 117.69 116.62 115.62 114.62 113.69 112.72 111.72 110.69 109.56 108.38 107.06 105.59 104.22 102.62 101.22 100.12 99.06 97.97 96.97 95.97 94.97 94.03 93.09 92.16 91.28 90.53 89.66 88.78 87.91 87.03 86.19 85.34 84.50 83.69 82.88 82.06 81.25 80.47 79.75 79.00 78.38 77.72 77.03 76.38 75.72 75.03 74.31
146.59 146.12 145.59 144.91 144.19 143.38 142.59 141.75 140.94 140.09 139.22 138.34 137.31 136.38 135.31 134.25 133.12 132.03 130.91 129.50 127.75 125.94 124.53 123.44 122.00 120.31 119.16 118.06 117.00 116.00 115.03 114.03 113.03 112.03 110.97 109.78 108.44 107.06 105.75 104.38 103.09 101.84 100.53 99.41 98.34 97.31 96.31 95.31 94.34 93.47 92.59 91.75 90.91 90.03 89.12 88.22 87.34 86.47 85.62 84.78 83.97 83.16 82.34 81.59 80.81 80.09 79.41 78.72 78.06 77.34 76.69 76.03 75.34 74.72
147.12 146.56 145.91 145.16 144.38 143.59 142.78 141.94 141.09 140.28 139.50 138.56 137.66 136.72 135.81 134.62 133.56 132.50 131.25 129.66 127.75 125.94 124.75 123.56 121.91 120.50 119.41 118.41 117.38 116.38 115.38 114.38 113.34 112.31 111.25 110.06 108.59 107.25 105.91 104.75 103.59 102.25 100.91 99.75 98.75 97.75 96.66 95.62 94.72 93.88 93.09 92.19 91.28 90.38 89.38 88.44 87.59 86.69 85.88 85.06 84.25 83.41 82.62 81.84 81.16 80.41 79.75 79.06 78.38 77.69 77.06 76.41 75.75 75.09
147.56 146.94 146.25 145.47 144.66 143.84 142.94 142.03 141.25 140.47 139.69 138.78 137.91 137.00 136.03 135.00 133.94 132.78 131.38 129.81 127.53 125.72 124.78 123.72 122.31 120.94 119.88 118.81 117.69 116.72 115.81 114.75 113.66 112.56 111.44 110.22 108.91 107.50 106.28 105.06 103.88 102.53 101.22 100.06 99.00 98.03 97.00 96.00 95.16 94.31 93.44 92.56 91.69 90.78 89.78 88.78 87.88 86.97 86.16 85.31 84.47 83.66 82.88 82.12 81.41 80.72 80.00 79.38 78.69 78.03 77.44 76.78 76.12 75.47
147.97 147.28 146.53 145.66 144.84 144.00 143.19 142.25 141.47 140.69 139.88 139.00 138.12 137.25 136.28 135.28 134.19 132.88 131.59 129.16 126.88 125.94 125.00 123.97 122.81 121.50 120.44 119.31 118.34 117.41 116.28 115.16 113.97 112.81 111.59 110.38 109.09 107.78 106.53 105.31 104.12 102.72 101.47 100.25 99.19 98.25 97.28 96.38 95.53 94.66 93.81 92.94 92.06 91.12 90.16 89.19 88.22 87.34 86.47 85.56 84.75 83.94 83.16 82.44 81.72 81.03 80.38 79.72 79.09 78.44 77.78 77.12 76.47 75.81
148.28 147.50 146.72 146.03 145.16 144.28 143.38 142.50 141.66 140.88 140.06 139.22 138.34 137.47 136.50 135.41 134.19 132.81 130.88 129.19 127.22 126.34 125.41 124.34 123.25 122.16 121.12 120.09 119.06 117.94 116.72 115.47 114.22 113.00 111.78 110.53 109.22 108.03 106.81 105.69 104.25 102.81 101.66 100.38 99.28 98.31 97.47 96.66 95.81 94.97 94.12 93.31 92.44 91.44 90.53 89.56 88.59 87.62 86.72 85.84 85.03 84.25 83.47 82.75 82.06 81.41 80.75 80.12 79.50 78.84 78.16 77.47 76.81 76.16
148.75 147.94 147.19 146.38 145.44 144.53 143.66 142.72 141.88 141.06 140.19 139.34 138.53 137.59 136.56 135.38 134.12 132.59 131.00 129.72 128.06 126.84 125.91 124.97 123.91 122.78 121.81 120.78 119.72 118.50 117.22 115.91 114.62 113.47 112.16 110.88 109.59 108.25 106.97 105.91 104.59 103.28 101.59 100.31 99.16 98.44 97.66 96.88 96.00 95.22 94.47 93.62 92.72 91.75 90.84 89.91 88.94 87.91 86.91 86.06 85.28 84.53 83.81 83.12 82.47 81.81 81.16 80.56 79.91 79.22 78.53 77.81 77.09 76.41
149.22 148.50 147.66 146.69 145.69 144.78 143.88 142.94 142.06 141.16 140.28 139.44 138.56 137.56 136.47 135.34 133.59 132.34 131.16 130.03 128.44 127.34 126.41 125.38 124.38 123.44 122.56 121.50 120.41 119.22 117.97 116.69 115.34 114.28 112.88 111.47 110.38 108.81 107.41 105.94 104.59 103.25 101.91 100.78 99.22 98.50 97.78 97.00 96.19 95.47 94.69 93.94 93.06 92.12 91.12 90.16 89.19 88.19 87.25 86.41 85.62 84.91 84.22 83.53 82.88 82.28 81.66 81.00 80.34 79.66 78.91 78.22 77.47 76.75
150.00 149.16 148.25 147.09 146.06 145.06 144.09 143.16 142.19 141.25 140.31 139.41 138.44 137.47 136.38 134.72 133.56 132.56 131.47 130.31 129.06 127.75 126.94 126.06 125.22 124.28 123.25 122.25 121.09 119.88 118.69 117.44 116.28 115.19 114.22 112.84 111.41 109.72 108.16 106.09 104.47 103.22 102.03 100.59 99.03 98.41 97.81 97.16 96.47 95.75 95.06 94.34 93.47 92.47 91.50 90.47 89.53 88.56 87.62 86.78 86.03 85.34 84.66 84.00 83.31 82.72 82.09 81.47 80.78 80.06 79.28 78.53 77.72 77.06
150.97 150.03 148.97 147.81 146.59 145.47 144.34 143.34 142.31 141.28 140.31 139.41 138.41 137.34 136.09 134.84 133.91 132.94 131.78 130.59 129.38 128.41 127.56 126.72 125.81 124.88 123.97 123.03 121.81 120.31 119.12 117.94 116.84 116.00 114.88 113.94 112.56 111.00 108.97 107.38 105.16 103.97 102.69 101.53 99.91 98.28 97.78 97.31 96.72 96.12 95.47 94.72 93.91 92.88 91.84 90.78 89.91 88.97 88.09 87.31 86.59 85.84 85.09 84.44 83.75 83.16 82.56 81.91 81.25 80.53 79.66 78.78 78.06 77.34
152.03 150.81 149.59 148.34 147.06 145.88 144.69 143.53 142.44 141.34 140.38 139.31 138.25 137.16 135.97 135.16 134.16 133.16 132.06 130.94 129.81 128.84 127.94 127.03 126.34 125.56 124.69 123.72 122.59 120.88 119.22 117.91 117.19 116.44 115.69 114.84 113.78 112.28 110.28 108.94 108.00 105.78 103.41 102.53 101.16 98.31 97.88 97.38 97.03 96.50 95.81 95.03 94.22 93.41 92.25 91.25 90.28 89.50 88.72 87.91 87.12 86.31 85.59 84.88 84.19 83.56 83.00 82.38 81.75 81.03 80.09 79.16 78.34 77.72
153.00 151.69 150.28 148.91 147.56 146.31 145.00 143.78 142.62 141.47 140.41 139.31 138.25 137.22 136.22 135.22 134.25 133.22 132.19 131.19 130.22 129.41 128.56 127.78 127.00 126.22 125.50 124.53 123.44 122.22 120.34 118.19 117.31 116.72 116.66 115.81 115.00 113.41 111.91 110.88 109.22 107.53 104.72 103.41 101.81 100.59 98.41 97.62 97.28 96.94 96.28 95.47 94.59 93.78 92.72 91.72 90.88 90.03 89.19 88.34 87.56 86.75 86.03 85.31 84.59 84.00 83.44 82.84 82.25 81.50 80.62 79.50 78.72 78.09
154.00 152.53 151.03 149.56 148.19 146.84 145.50 144.16 142.66 141.59 140.44 139.38 138.38 137.31 136.28 135.22 134.28 133.38 132.44 131.59 130.78 129.91 129.03 128.28 127.56 126.75 126.00 125.31 124.31 122.91 122.25 121.03 118.50 117.44 117.06 116.62 115.94 114.41 113.47 112.06 110.69 108.94 107.34 104.69 102.84 101.81 100.03 98.06 97.75 97.62 96.84 95.97 95.03 94.16 93.09 92.03 91.25 90.44 89.62 88.69 87.88 87.16 86.44 85.69 85.00 84.44 83.88 83.31 82.69 81.94 81.06 79.91 79.19 78.50
155.22 153.59 151.94 150.38 148.81 147.34 146.00 144.84 143.22 141.59 140.47 139.44 138.47 137.56 136.72 135.62 134.66 133.75 132.84 132.03 131.16 130.31 129.53 128.72 127.88 127.19 126.44 125.62 124.94 124.28 123.81 122.72 121.41 119.59 117.88 117.38 117.00 115.69 114.50 113.19 111.72 110.03 108.22 106.38 104.59 103.09 101.75 99.97 98.25 98.28 97.59 96.72 95.72 94.62 93.47 92.34 91.56 90.81 89.94 89.06 88.28 87.59 86.81 86.06 85.47 84.94 84.31 83.72 83.09 82.28 81.41 80.31 79.50 78.88
156.47 154.91 153.28 151.66 149.84 148.25 146.88 145.81 144.50 142.62 140.81 139.75 138.81 138.22 137.44 136.31 135.19 134.09 133.19 132.28 131.56 130.84 130.09 129.66 129.16 129.03 128.84 127.75 126.19 125.44 125.00 124.09 122.69 121.09 118.81 117.88 117.62 116.50 115.47 114.16 112.62 110.88 109.06 107.25 105.47 103.84 102.56 101.22 99.72 98.88 98.41 97.59 96.41 95.12 93.75 92.72 91.84 91.09 90.31 89.44 88.72 88.03 87.28 86.56 85.94 85.38 84.75 84.09 83.41 82.50 81.59 80.69 79.81 79.19
157.69 156.19 154.66 153.09 151.50 149.88 148.41 147.16 145.78 144.44 142.91 140.31 139.06 138.38 137.88 136.81 135.72 134.56 133.38 132.59 131.91 131.38 131.19 131.28 131.75 131.78 131.28 130.38 129.12 128.28 127.09 125.75 124.16 122.44 119.97 118.38 118.19 117.28 116.22 114.94 113.34 111.53 109.62 107.88 105.59 103.91 103.12 102.19 101.16 99.84 99.09 98.28 97.22 96.09 94.56 93.09 92.09 91.38 90.56 89.84 89.16 88.56 87.78 87.09 86.41 85.75 85.12 84.47 83.78 82.78 81.81 80.88 80.06 79.44
