everonasctiles/Tile[37,29].asc
ncols 128
nrows 128
xllcorner 0
yllcorner 0
cellsize 2.0
NODATA_value  -9999
[rows 29 to 57 of 128, columns 0 to 66 of 128]
-108.53 -108.62 -108.75 -108.91 -109.09 -109.31 -109.56 -109.84 -110.12 -110.41 -110.75 -111.12 -111.53 -111.88 -112.19 -112.47 -112.69 -112.91 -113.03 -113.16 -113.22 -113.25 -113.28 -113.28 -113.31 -113.31 -113.28 -113.25 -113.16 -113.06 -112.91 -112.72 -112.53 -112.31 -112.09 -111.88 -111.69 -111.47 -111.53 -111.72 -111.88 -112.09 -112.28 -112.50 -112.66 -112.75 -112.84 -112.88 -112.88 -112.91 -112.94 -112.97 -113.00 -113.03 -113.06 -113.12 -113.19 -113.25 -113.34 -113.44 -113.56 -113.72 -113.91 -114.09 -114.31 -114.47 -114.66
-108.47 -108.53 -108.59 -108.69 -108.84 -109.03 -109.28 -109.56 -109.88 -110.19 -110.62 -111.03 -111.44 -111.81 -112.12 -112.44 -112.69 -112.91 -113.06 -113.19 -113.25 -113.28 -113.31 -113.31 -113.31 -113.31 -113.31 -113.28 -113.19 -113.09 -112.94 -112.78 -112.56 -112.34 -112.12 -111.94 -111.72 -111.50 -111.56 -111.75 -111.94 -112.12 -112.34 -112.53 -112.69 -112.78 -112.84 -112.88 -112.91 -112.91 -112.94 -112.97 -113.00 -113.06 -113.12 -113.19 -113.25 -113.31 -113.41 -113.53 -113.66 -113.84 -114.03 -114.25 -114.50 -114.72 -114.91
-108.44 -108.47 -108.50 -108.53 -108.59 -108.72 -108.97 -109.31 -109.69 -110.12 -110.53 -110.97 -111.38 -111.75 -112.06 -112.38 -112.66 -112.88 -113.06 -113.22 -113.28 -113.31 -113.34 -113.34 -113.34 -113.34 -113.31 -113.28 -113.22 -113.12 -113.00 -112.81 -112.62 -112.44 -112.22 -112.00 -111.78 -111.53 -111.59 -111.75 -111.94 -112.16 -112.34 -112.53 -112.69 -112.81 -112.84 -112.88 -112.91 -112.94 -112.94 -112.97 -113.03 -113.06 -113.12 -113.19 -113.28 -113.38 -113.47 -113.62 -113.78 -113.94 -114.16 -114.38 -114.66 -114.91 -115.12
-108.44 -108.44 -108.44 -108.47 -108.53 -108.59 -108.81 -109.22 -109.66 -110.06 -110.47 -110.91 -111.28 -111.66 -112.03 -112.34 -112.62 -112.88 -113.09 -113.22 -113.31 -113.34 -113.34 -113.34 -113.34 -113.34 -113.31 -113.28 -113.25 -113.16 -113.03 -112.88 -112.72 -112.50 -112.28 -112.06 -111.81 -111.53 -111.53 -111.75 -111.94 -112.16 -112.34 -112.53 -112.69 -112.81 -112.84 -112.88 -112.91 -112.94 -112.97 -112.97 -113.03 -113.06 -113.12 -113.22 -113.31 -113.41 -113.53 -113.69 -113.88 -114.06 -114.28 -114.53 -114.78 -115.06 -115.31
-108.47 -108.47 -108.50 -108.50 -108.56 -108.69 -108.88 -109.22 -109.59 -110.00 -110.41 -110.84 -111.22 -111.62 -111.97 -112.31 -112.62 -112.88 -113.09 -113.25 -113.34 -113.38 -113.38 -113.38 -113.34 -113.34 -113.31 -113.31 -113.25 -113.19 -113.09 -112.97 -112.78 -112.56 -112.34 -112.09 -111.84 -111.50 -111.41 -111.69 -111.91 -112.12 -112.34 -112.53 -112.69 -112.78 -112.84 -112.88 -112.91 -112.94 -112.97 -113.00 -113.03 -113.06 -113.12 -113.22 -113.31 -113.44 -113.59 -113.75 -113.97 -114.19 -114.41 -114.66 -114.91 -115.19 -115.47
-108.53 -108.53 -108.53 -108.59 -108.62 -108.75 -108.91 -109.19 -109.53 -109.94 -110.34 -110.75 -111.16 -111.56 -111.94 -112.28 -112.59 -112.88 -113.09 -113.25 -113.34 -113.41 -113.41 -113.38 -113.38 -113.34 -113.34 -113.31 -113.31 -113.25 -113.16 -113.00 -112.84 -112.62 -112.38 -112.12 -111.84 -111.44 -111.25 -111.62 -111.88 -112.09 -112.31 -112.53 -112.69 -112.78 -112.84 -112.88 -112.91 -112.94 -112.97 -113.00 -113.03 -113.06 -113.12 -113.22 -113.31 -113.47 -113.62 -113.81 -114.06 -114.31 -114.56 -114.81 -115.06 -115.34 -115.62
-108.59 -108.59 -108.62 -108.66 -108.72 -108.81 -108.94 -109.19 -109.50 -109.88 -110.28 -110.69 -111.09 -111.50 -111.88 -112.25 -112.56 -112.84 -113.06 -113.25 -113.34 -113.41 -113.41 -113.41 -113.38 -113.38 -113.38 -113.34 -113.34 -113.28 -113.22 -113.06 -112.88 -112.66 -112.38 -112.12 -111.88 -111.41 -111.16 -111.56 -111.88 -112.06 -112.31 -112.50 -112.66 -112.78 -112.84 -112.91 -112.94 -112.97 -113.00 -113.03 -113.06 -113.09 -113.16 -113.22 -113.34 -113.47 -113.66 -113.91 -114.16 -114.44 -114.72 -115.00 -115.25 -115.53 -115.78
-108.66 -108.66 -108.69 -108.75 -108.81 -108.88 -109.00 -109.19 -109.47 -109.78 -110.19 -110.59 -111.03 -111.47 -111.88 -112.22 -112.56 -112.84 -113.06 -113.22 -113.31 -113.38 -113.41 -113.41 -113.41 -113.38 -113.38 -113.38 -113.38 -113.34 -113.25 -113.09 -112.91 -112.66 -112.38 -112.12 -111.84 -111.38 -111.12 -111.53 -111.84 -112.06 -112.28 -112.50 -112.66 -112.78 -112.88 -112.91 -112.97 -113.00 -113.06 -113.09 -113.12 -113.12 -113.19 -113.25 -113.38 -113.53 -113.72 -113.97 -114.25 -114.53 -114.84 -115.16 -115.44 -115.72 -115.97
-108.72 -108.75 -108.78 -108.84 -108.91 -108.97 -109.09 -109.25 -109.47 -109.75 -110.12 -110.56 -111.00 -111.47 -111.88 -112.22 -112.56 -112.81 -113.03 -113.19 -113.28 -113.34 -113.38 -113.38 -113.38 -113.41 -113.41 -113.41 -113.41 -113.34 -113.25 -113.09 -112.91 -112.66 -112.38 -112.12 -111.81 -111.34 -111.06 -111.50 -111.84 -112.06 -112.31 -112.53 -112.69 -112.81 -112.91 -112.94 -113.00 -113.06 -113.12 -113.16 -113.19 -113.22 -113.25 -113.31 -113.41 -113.56 -113.78 -114.03 -114.34 -114.62 -114.97 -115.28 -115.59 -115.91 -116.16
-108.78 -108.81 -108.88 -108.91 -108.97 -109.06 -109.19 -109.34 -109.56 -109.88 -110.22 -110.62 -111.03 -111.47 -111.88 -112.22 -112.53 -112.78 -112.97 -113.09 -113.19 -113.25 -113.28 -113.31 -113.34 -113.34 -113.38 -113.38 -113.38 -113.34 -113.25 -113.09 -112.88 -112.62 -112.34 -112.09 -111.81 -111.34 -111.00 -111.41 -111.88 -112.12 -112.34 -112.56 -112.72 -112.84 -112.91 -112.97 -113.03 -113.12 -113.22 -113.28 -113.31 -113.34 -113.38 -113.41 -113.47 -113.62 -113.84 -114.12 -114.41 -114.72 -115.06 -115.38 -115.72 -116.03 -116.31
-108.84 -108.88 -108.94 -109.00 -109.06 -109.16 -109.28 -109.44 -109.69 -109.97 -110.31 -110.69 -111.09 -111.50 -111.84 -112.19 -112.47 -112.66 -112.81 -112.94 -113.03 -113.12 -113.16 -113.22 -113.25 -113.25 -113.28 -113.31 -113.28 -113.25 -113.19 -113.03 -112.84 -112.59 -112.34 -112.06 -111.78 -111.34 -110.97 -111.34 -111.91 -112.22 -112.47 -112.69 -112.81 -112.91 -112.97 -113.03 -113.09 -113.19 -113.31 -113.38 -113.44 -113.47 -113.50 -113.56 -113.62 -113.75 -113.94 -114.22 -114.47 -114.78 -115.12 -115.47 -115.78 -116.12 -116.44
-108.88 -108.94 -109.00 -109.03 -109.12 -109.22 -109.34 -109.50 -109.75 -110.03 -110.38 -110.72 -111.09 -111.44 -111.78 -112.03 -112.28 -112.44 -112.59 -112.72 -112.81 -112.91 -113.00 -113.03 -113.09 -113.12 -113.12 -113.16 -113.16 -113.12 -113.03 -112.94 -112.78 -112.53 -112.28 -112.03 -111.75 -111.41 -110.97 -111.34 -111.97 -112.38 -112.62 -112.84 -113.00 -113.06 -113.06 -113.09 -113.19 -113.28 -113.41 -113.50 -113.59 -113.66 -113.72 -113.78 -113.84 -113.97 -114.09 -114.31 -114.56 -114.88 -115.19 -115.50 -115.84 -116.19 -116.53
-108.91 -108.97 -109.00 -109.06 -109.12 -109.22 -109.38 -109.53 -109.75 -110.00 -110.31 -110.62 -110.97 -111.28 -111.53 -111.78 -111.97 -112.12 -112.28 -112.44 -112.56 -112.69 -112.75 -112.81 -112.88 -112.91 -112.94 -112.94 -112.94 -112.91 -112.84 -112.75 -112.62 -112.44 -112.19 -111.94 -111.69 -111.38 -111.00 -111.44 -112.12 -112.59 -112.88 -113.09 -113.25 -113.28 -113.25 -113.22 -113.28 -113.38 -113.53 -113.66 -113.78 -113.88 -113.94 -114.03 -114.09 -114.19 -114.31 -114.44 -114.69 -114.94 -115.25 -115.56 -115.91 -116.25 -116.59
-108.91 -108.94 -109.00 -109.06 -109.12 -109.19 -109.31 -109.47 -109.69 -109.91 -110.16 -110.44 -110.69 -110.97 -111.19 -111.38 -111.56 -111.75 -111.94 -112.09 -112.25 -112.38 -112.47 -112.56 -112.62 -112.66 -112.69 -112.69 -112.69 -112.62 -112.56 -112.50 -112.41 -112.25 -112.06 -111.81 -111.59 -111.31 -111.09 -111.62 -112.41 -112.91 -113.22 -113.44 -113.59 -113.59 -113.56 -113.44 -113.38 -113.50 -113.66 -113.84 -113.97 -114.09 -114.22 -114.31 -114.41 -114.47 -114.56 -114.66 -114.81 -115.03 -115.31 -115.62 -115.94 -116.28 -116.62
-108.88 -108.91 -108.94 -109.00 -109.06 -109.12 -109.22 -109.38 -109.53 -109.69 -109.91 -110.12 -110.34 -110.56 -110.78 -110.97 -111.16 -111.34 -111.53 -111.72 -111.88 -112.03 -112.16 -112.25 -112.34 -112.38 -112.38 -112.38 -112.38 -112.34 -112.25 -112.19 -112.09 -111.97 -111.81 -111.66 -111.47 -111.22 -111.19 -111.88 -112.72 -113.22 -113.56 -113.84 -114.00 -114.00 -113.94 -113.75 -113.50 -113.56 -113.81 -114.03 -114.22 -114.41 -114.53 -114.62 -114.72 -114.78 -114.84 -114.91 -115.00 -115.16 -115.41 -115.69 -115.97 -116.31 -116.62
-108.81 -108.84 -108.88 -108.94 -108.97 -109.03 -109.09 -109.19 -109.31 -109.44 -109.59 -109.78 -109.94 -110.12 -110.31 -110.50 -110.69 -110.88 -111.09 -111.28 -111.47 -111.62 -111.78 -111.91 -112.03 -112.06 -112.09 -112.06 -112.03 -112.00 -111.91 -111.81 -111.72 -111.62 -111.53 -111.41 -111.25 -111.00 -111.25 -112.06 -113.00 -113.56 -113.97 -114.31 -114.47 -114.47 -114.34 -114.09 -113.75 -113.69 -114.00 -114.28 -114.50 -114.72 -114.84 -114.97 -115.03 -115.09 -115.16 -115.19 -115.25 -115.38 -115.53 -115.75 -116.00 -116.31 -116.59
-108.75 -108.78 -108.81 -108.84 -108.88 -108.91 -108.94 -109.00 -109.09 -109.19 -109.28 -109.41 -109.53 -109.66 -109.84 -110.00 -110.19 -110.41 -110.59 -110.81 -111.03 -111.22 -111.41 -111.56 -111.69 -111.78 -111.75 -111.69 -111.66 -111.62 -111.53 -111.44 -111.34 -111.28 -111.19 -111.09 -110.88 -110.72 -111.25 -112.22 -113.25 -113.88 -114.34 -114.75 -114.97 -114.97 -114.81 -114.56 -114.16 -114.00 -114.22 -114.59 -114.81 -115.03 -115.19 -115.31 -115.38 -115.44 -115.47 -115.50 -115.56 -115.66 -115.78 -115.94 -116.09 -116.31 -116.59
-108.69 -108.72 -108.75 -108.75 -108.78 -108.78 -108.78 -108.81 -108.84 -108.91 -108.94 -109.00 -109.09 -109.19 -109.34 -109.50 -109.69 -109.91 -110.12 -110.34 -110.56 -110.78 -111.00 -111.19 -111.38 -111.44 -111.41 -111.34 -111.28 -111.22 -111.16 -111.06 -110.94 -110.78 -110.56 -110.38 -110.25 -110.47 -111.25 -112.31 -113.44 -114.19 -114.69 -115.16 -115.44 -115.47 -115.34 -115.09 -114.75 -114.56 -114.62 -114.94 -115.19 -115.38 -115.53 -115.66 -115.72 -115.78 -115.81 -115.84 -115.91 -115.97 -116.06 -116.19 -116.31 -116.44 -116.66
-108.62 -108.66 -108.66 -108.69 -108.69 -108.66 -108.66 -108.62 -108.62 -108.62 -108.62 -108.66 -108.69 -108.72 -108.81 -108.97 -109.19 -109.44 -109.69 -109.91 -110.09 -110.34 -110.62 -110.88 -111.06 -111.12 -111.06 -110.94 -110.88 -110.81 -110.75 -110.69 -110.47 -110.00 -109.72 -109.62 -109.81 -110.44 -111.38 -112.47 -113.62 -114.47 -115.03 -115.53 -115.88 -115.97 -115.91 -115.72 -115.47 -115.22 -115.19 -115.41 -115.59 -115.75 -115.91 -116.00 -116.09 -116.12 -116.16 -116.19 -116.22 -116.28 -116.38 -116.47 -116.59 -116.69 -116.81
-108.56 -108.56 -108.59 -108.59 -108.59 -108.56 -108.53 -108.47 -108.41 -108.38 -108.34 -108.34 -108.34 -108.34 -108.34 -108.47 -108.75 -109.03 -109.25 -109.50 -109.72 -110.03 -110.31 -110.56 -110.72 -110.78 -110.69 -110.56 -110.44 -110.41 -110.41 -110.28 -109.84 -109.34 -109.09 -109.28 -109.91 -110.78 -111.81 -112.88 -114.00 -114.75 -115.34 -115.88 -116.28 -116.47 -116.44 -116.31 -116.12 -115.94 -115.84 -115.94 -116.06 -116.16 -116.28 -116.38 -116.44 -116.50 -116.53 -116.56 -116.59 -116.62 -116.72 -116.78 -116.88 -116.94 -117.03
-108.53 -108.50 -108.50 -108.50 -108.50 -108.47 -108.41 -108.31 -108.25 -108.16 -108.09 -108.06 -108.03 -108.00 -108.00 -108.16 -108.41 -108.69 -108.91 -109.19 -109.47 -109.78 -110.06 -110.28 -110.41 -110.41 -110.34 -110.22 -110.06 -109.97 -109.94 -109.72 -109.28 -108.94 -109.06 -109.53 -110.31 -111.31 -112.44 -113.53 -114.34 -115.00 -115.62 -116.19 -116.69 -116.94 -116.97 -116.88 -116.72 -116.56 -116.50 -116.50 -116.56 -116.59 -116.69 -116.75 -116.81 -116.84 -116.88 -116.91 -116.94 -117.00 -117.03 -117.09 -117.16 -117.22 -117.25
-108.47 -108.47 -108.44 -108.41 -108.38 -108.34 -108.28 -108.19 -108.09 -108.00 -107.88 -107.81 -107.75 -107.72 -107.75 -107.94 -108.19 -108.41 -108.69 -108.97 -109.25 -109.53 -109.81 -109.97 -110.06 -110.06 -109.97 -109.84 -109.69 -109.44 -109.28 -109.09 -108.97 -109.22 -109.56 -110.03 -110.75 -111.72 -112.88 -113.84 -114.50 -115.19 -115.84 -116.47 -117.00 -117.34 -117.44 -117.41 -117.25 -117.12 -117.06 -117.03 -117.03 -117.06 -117.09 -117.12 -117.16 -117.22 -117.25 -117.28 -117.31 -117.34 -117.38 -117.44 -117.47 -117.47 -117.50
-108.47 -108.41 -108.38 -108.31 -108.28 -108.25 -108.19 -108.09 -107.97 -107.84 -107.75 -107.62 -107.56 -107.50 -107.59 -107.78 -108.00 -108.22 -108.47 -108.75 -109.03 -109.31 -109.53 -109.66 -109.69 -109.69 -109.62 -109.53 -109.34 -109.00 -108.78 -108.91 -109.38 -109.88 -110.31 -110.72 -111.19 -111.94 -112.91 -113.81 -114.56 -115.28 -116.00 -116.66 -117.25 -117.69 -117.88 -117.88 -117.78 -117.66 -117.59 -117.56 -117.53 -117.53 -117.53 -117.53 -117.56 -117.59 -117.59 -117.62 -117.66 -117.69 -117.72 -117.75 -117.75 -117.75 -117.75
-108.44 -108.38 -108.31 -108.25 -108.19 -108.12 -108.06 -107.97 -107.88 -107.75 -107.62 -107.53 -107.44 -107.38 -107.50 -107.66 -107.88 -108.09 -108.31 -108.56 -108.84 -109.06 -109.22 -109.31 -109.34 -109.31 -109.28 -109.22 -109.00 -108.66 -108.69 -109.19 -109.81 -110.28 -110.69 -111.19 -111.69 -112.19 -112.81 -113.66 -114.53 -115.34 -116.12 -116.81 -117.41 -117.94 -118.25 -118.31 -118.25 -118.12 -118.06 -118.03 -118.00 -117.97 -117.97 -117.94 -117.94 -117.94 -117.97 -118.00 -118.03 -118.06 -118.06 -118.06 -118.03 -118.00 -117.97
-108.41 -108.34 -108.25 -108.19 -108.09 -108.03 -107.94 -107.88 -107.78 -107.66 -107.53 -107.44 -107.34 -107.31 -107.44 -107.59 -107.75 -107.97 -108.19 -108.41 -108.62 -108.81 -108.94 -108.97 -109.00 -109.00 -108.97 -108.88 -108.59 -108.44 -108.81 -109.44 -110.00 -110.41 -110.91 -111.44 -111.97 -112.53 -113.09 -113.66 -114.47 -115.38 -116.22 -116.94 -117.59 -118.12 -118.53 -118.69 -118.66 -118.59 -118.53 -118.50 -118.47 -118.44 -118.38 -118.34 -118.31 -118.31 -118.34 -118.38 -118.38 -118.41 -118.41 -118.38 -118.31 -118.28 -118.22
-108.34 -108.28 -108.19 -108.09 -108.00 -107.91 -107.81 -107.72 -107.66 -107.56 -107.47 -107.38 -107.31 -107.28 -107.38 -107.53 -107.69 -107.88 -108.03 -108.25 -108.41 -108.53 -108.62 -108.66 -108.69 -108.69 -108.62 -108.44 -108.28 -108.47 -108.94 -109.53 -110.09 -110.53 -111.06 -111.66 -112.25 -112.88 -113.47 -114.09 -114.75 -115.50 -116.34 -117.06 -117.72 -118.28 -118.72 -119.00 -119.06 -119.00 -118.97 -118.94 -118.91 -118.88 -118.78 -118.72 -118.69 -118.69 -118.72 -118.72 -118.75 -118.75 -118.75 -118.69 -118.62 -118.56 -118.47
-108.25 -108.16 -108.06 -107.97 -107.88 -107.75 -107.66 -107.59 -107.50 -107.44 -107.38 -107.28 -107.25 -107.22 -107.31 -107.47 -107.62 -107.75 -107.91 -108.06 -108.16 -108.25 -108.31 -108.34 -108.34 -108.28 -108.19 -108.28 -108.47 -108.72 -109.03 -109.53 -110.12 -110.66 -111.19 -111.81 -112.47 -113.12 -113.81 -114.47 -115.16 -115.81 -116.53 -117.25 -117.88 -118.44 -118.88 -119.22 -119.38 -119.38 -119.34 -119.34 -119.31 -119.25 -119.19 -119.12 -119.06 -119.06 -119.06 -119.09 -119.09 -119.09 -119.09 -119.03 -118.94 -118.84 -118.75
-108.12 -108.03 -107.94 -107.81 -107.72 -107.59 -107.50 -107.41 -107.34 -107.31 -107.25 -107.19 -107.16 -107.19 -107.28 -107.41 -107.53 -107.66 -107.75 -107.84 -107.94 -107.97 -108.00 -108.00 -107.91 -107.94 -108.25 -108.62 -108.91 -109.12 -109.31 -109.59 -110.06 -110.66 -111.25 -111.91 -112.59 -113.31 -114.03 -114.75 -115.47 -116.12 -116.78 -117.44 -118.03 -118.56 -119.03 -119.41 -119.62 -119.69 -119.72 -119.72 -119.69 -119.62 -119.56 -119.50 -119.44 -119.44 -119.44 -119.44 -119.44 -119.44 -119.41 -119.31 -119.22 -119.12 -119.03
-107.97 -107.88 -107.78 -107.66 -107.53 -107.44 -107.31 -107.25 -107.19 -107.16 -107.12 -107.09 -107.06 -107.12 -107.22 -107.31 -107.44 -107.53 -107.59 -107.66 -107.69 -107.72 -107.66 -107.56 -107.66 -108.00 -108.53 -108.91 -109.16 -109.41 -109.62 -109.84 -110.09 -110.56 -111.19 -111.84 -112.59 -113.38 -114.12 -114.91 -115.66 -116.34 -117.00 -117.59 -118.16 -118.69 -119.12 -119.53 -119.81 -119.94 -120.00 -120.03 -120.00 -119.97 -119.91 -119.84 -119.81 -119.78 -119.78 -119.75 -119.75 -119.72 -119.69 -119.59 -119.50 -119.41 -119.28
