everonasctiles/Tile[8,21].asc
ncols 128
nrows 128
xllcorner 0
yllcorner 0
cellsize 2.0
NODATA_value  -9999
[rows 0 to 31 of 128, columns 0 to 70 of 128]
123.25 123.59 123.88 124.12 124.34 124.56 124.75 124.91 125.09 125.34 125.56 125.78 125.97 126.19 126.38 126.53 126.66 126.72 126.81 126.88 127.00 127.12 127.28 127.47 127.66 127.81 127.97 128.06 128.12 128.19 128.28 128.41 128.53 128.69 128.84 129.03 129.19 129.34 129.53 129.69 129.88 130.06 130.28 130.53 130.81 131.12 131.47 131.81 132.09 132.31 132.47 132.56 132.66 132.75 132.88 132.97 133.06 133.19 133.34 133.53 133.75 133.97 134.22 134.41 134.56 134.66 134.75 134.81 134.81 134.78 134.69
123.28 123.59 123.91 124.16 124.41 124.62 124.88 125.09 125.34 125.56 125.81 126.03 126.22 126.41 126.56 126.69 126.78 126.84 126.91 126.97 127.12 127.25 127.44 127.69 127.88 128.03 128.16 128.22 128.25 128.31 128.38 128.44 128.56 128.69 128.84 129.00 129.12 129.31 129.44 129.62 129.81 130.00 130.25 130.50 130.78 131.03 131.31 131.62 131.88 132.09 132.25 132.38 132.50 132.66 132.78 132.94 133.06 133.25 133.44 133.66 133.91 134.12 134.41 134.62 134.81 134.91 134.97 135.00 135.00 134.94 134.88
123.22 123.53 123.81 124.09 124.41 124.66 124.94 125.22 125.50 125.78 126.00 126.22 126.44 126.62 126.75 126.84 126.91 126.97 127.03 127.09 127.22 127.47 127.69 127.91 128.09 128.22 128.31 128.38 128.41 128.41 128.44 128.50 128.56 128.69 128.84 128.97 129.09 129.25 129.41 129.56 129.75 129.97 130.19 130.44 130.72 130.97 131.22 131.47 131.69 131.91 132.03 132.22 132.38 132.56 132.72 132.91 133.09 133.25 133.47 133.75 134.03 134.31 134.56 134.81 135.00 135.12 135.19 135.22 135.19 135.12 135.03
123.09 123.38 123.66 123.97 124.28 124.59 124.94 125.28 125.56 125.84 126.06 126.34 126.56 126.75 126.91 127.00 127.06 127.09 127.12 127.22 127.41 127.62 127.88 128.09 128.25 128.41 128.47 128.50 128.50 128.53 128.56 128.59 128.62 128.72 128.84 128.97 129.09 129.22 129.38 129.53 129.75 129.94 130.16 130.41 130.66 130.91 131.12 131.34 131.56 131.72 131.91 132.12 132.31 132.50 132.69 132.91 133.06 133.28 133.53 133.81 134.09 134.41 134.72 134.97 135.16 135.31 135.38 135.41 135.38 135.28 135.19
122.88 123.12 123.44 123.75 124.12 124.47 124.84 125.19 125.47 125.75 126.03 126.31 126.56 126.81 126.97 127.09 127.19 127.22 127.28 127.38 127.53 127.78 128.00 128.22 128.38 128.50 128.59 128.59 128.59 128.62 128.62 128.69 128.72 128.75 128.84 128.94 129.06 129.22 129.38 129.53 129.72 129.91 130.12 130.38 130.59 130.81 131.03 131.22 131.41 131.59 131.78 132.00 132.22 132.44 132.66 132.88 133.09 133.31 133.56 133.88 134.19 134.50 134.81 135.09 135.28 135.47 135.56 135.59 135.56 135.47 135.31
122.59 122.84 123.12 123.50 123.88 124.25 124.62 124.94 125.22 125.50 125.81 126.09 126.47 126.72 126.97 127.12 127.25 127.31 127.38 127.50 127.62 127.81 128.03 128.25 128.41 128.53 128.62 128.66 128.66 128.69 128.72 128.75 128.78 128.81 128.84 128.97 129.06 129.22 129.34 129.53 129.72 129.91 130.09 130.31 130.53 130.72 130.91 131.09 131.28 131.47 131.69 131.91 132.16 132.38 132.62 132.84 133.06 133.31 133.59 133.94 134.25 134.59 134.94 135.19 135.41 135.59 135.72 135.75 135.69 135.59 135.44
122.34 122.56 122.81 123.19 123.56 123.94 124.28 124.59 124.84 125.19 125.50 125.88 126.22 126.56 126.81 127.03 127.19 127.25 127.34 127.44 127.56 127.72 127.97 128.16 128.31 128.47 128.56 128.66 128.69 128.75 128.78 128.81 128.84 128.88 128.91 128.97 129.06 129.22 129.34 129.53 129.69 129.88 130.06 130.25 130.44 130.62 130.78 130.97 131.16 131.38 131.59 131.81 132.06 132.31 132.56 132.81 133.06 133.34 133.62 134.00 134.34 134.66 135.00 135.28 135.53 135.69 135.81 135.88 135.84 135.72 135.56
122.16 122.31 122.56 122.84 123.16 123.53 123.84 124.12 124.44 124.75 125.09 125.50 125.91 126.25 126.59 126.81 126.97 127.09 127.16 127.25 127.38 127.53 127.75 127.97 128.16 128.31 128.44 128.56 128.66 128.72 128.81 128.84 128.91 128.94 128.97 129.00 129.09 129.22 129.34 129.50 129.69 129.84 130.03 130.19 130.34 130.53 130.69 130.88 131.06 131.25 131.50 131.75 132.00 132.25 132.53 132.78 133.06 133.34 133.69 134.09 134.44 134.75 135.06 135.34 135.59 135.78 135.91 135.94 135.91 135.78 135.62
121.91 122.09 122.31 122.56 122.84 123.12 123.41 123.66 123.91 124.22 124.66 125.06 125.50 125.94 126.28 126.53 126.69 126.78 126.88 126.97 127.09 127.22 127.47 127.69 127.88 128.09 128.22 128.41 128.53 128.69 128.78 128.88 128.91 128.94 128.97 129.00 129.09 129.22 129.34 129.50 129.66 129.81 129.97 130.12 130.28 130.44 130.59 130.78 130.97 131.19 131.44 131.66 131.94 132.19 132.47 132.75 133.06 133.41 133.78 134.19 134.53 134.88 135.16 135.41 135.62 135.81 135.91 135.94 135.91 135.81 135.66
121.69 121.84 122.06 122.28 122.53 122.78 123.03 123.28 123.59 123.91 124.22 124.66 125.12 125.53 125.91 126.19 126.34 126.44 126.50 126.62 126.78 126.91 127.09 127.34 127.56 127.72 128.03 128.22 128.41 128.56 128.69 128.78 128.84 128.94 128.97 129.03 129.09 129.22 129.34 129.47 129.62 129.78 129.94 130.09 130.22 130.38 130.53 130.72 130.91 131.12 131.34 131.59 131.84 132.09 132.38 132.69 133.00 133.38 133.81 134.25 134.62 134.94 135.22 135.44 135.59 135.75 135.84 135.88 135.84 135.78 135.69
121.44 121.59 121.78 122.00 122.22 122.44 122.66 123.00 123.28 123.59 123.94 124.28 124.72 125.09 125.44 125.75 125.94 126.09 126.16 126.28 126.41 126.53 126.69 126.94 127.19 127.50 127.75 127.94 128.19 128.38 128.56 128.69 128.78 128.84 128.97 129.03 129.09 129.22 129.34 129.47 129.59 129.75 129.91 130.03 130.19 130.34 130.50 130.66 130.88 131.06 131.31 131.53 131.78 132.06 132.34 132.69 133.03 133.41 133.88 134.31 134.69 135.00 135.25 135.41 135.53 135.62 135.72 135.75 135.75 135.72 135.66
121.19 121.34 121.53 121.69 121.91 122.12 122.41 122.69 122.97 123.28 123.66 124.00 124.38 124.75 125.09 125.34 125.56 125.72 125.78 125.94 126.09 126.28 126.44 126.69 126.94 127.16 127.38 127.72 127.97 128.19 128.38 128.53 128.66 128.81 128.91 129.03 129.12 129.22 129.34 129.47 129.59 129.72 129.88 130.00 130.16 130.31 130.47 130.62 130.81 131.03 131.25 131.50 131.75 132.03 132.31 132.62 133.00 133.44 133.91 134.34 134.72 135.00 135.22 135.34 135.44 135.47 135.53 135.56 135.59 135.59 135.56
120.97 121.12 121.25 121.44 121.66 121.88 122.16 122.41 122.72 123.06 123.41 123.75 124.12 124.44 124.72 124.94 125.19 125.34 125.50 125.66 125.84 126.00 126.25 126.47 126.69 126.91 127.22 127.47 127.72 127.94 128.16 128.34 128.53 128.72 128.88 129.00 129.12 129.22 129.34 129.47 129.59 129.72 129.84 130.00 130.16 130.31 130.47 130.62 130.81 131.00 131.22 131.44 131.72 132.00 132.28 132.59 132.94 133.34 133.81 134.31 134.66 134.94 135.12 135.22 135.25 135.28 135.31 135.38 135.44 135.47 135.47
120.78 120.91 121.03 121.22 121.44 121.66 121.91 122.19 122.50 122.81 123.19 123.50 123.84 124.16 124.44 124.66 124.91 125.06 125.25 125.44 125.62 125.81 126.03 126.22 126.50 126.72 127.00 127.22 127.47 127.69 127.91 128.12 128.41 128.59 128.84 129.03 129.19 129.28 129.38 129.50 129.59 129.72 129.84 130.00 130.16 130.31 130.47 130.62 130.81 131.03 131.22 131.47 131.69 131.97 132.28 132.59 132.94 133.38 133.84 134.25 134.59 134.84 134.97 135.00 135.03 135.09 135.06 135.12 135.25 135.28 135.31
120.56 120.69 120.84 121.00 121.22 121.44 121.72 121.97 122.28 122.59 122.91 123.25 123.56 123.88 124.12 124.38 124.59 124.78 125.00 125.19 125.38 125.59 125.78 126.06 126.28 126.53 126.78 127.03 127.25 127.53 127.75 128.00 128.25 128.50 128.81 129.06 129.25 129.38 129.47 129.53 129.62 129.75 129.88 130.03 130.19 130.34 130.50 130.66 130.84 131.03 131.22 131.47 131.72 132.00 132.28 132.59 132.94 133.34 133.78 134.16 134.47 134.66 134.78 134.81 134.84 134.88 134.88 134.97 135.06 135.12 135.12
120.38 120.50 120.66 120.84 121.03 121.25 121.53 121.78 122.06 122.38 122.69 122.97 123.28 123.59 123.88 124.09 124.31 124.53 124.75 124.97 125.19 125.38 125.62 125.84 126.09 126.34 126.56 126.81 127.06 127.34 127.56 127.81 128.12 128.47 128.75 129.09 129.34 129.50 129.59 129.66 129.72 129.81 129.94 130.06 130.22 130.38 130.53 130.69 130.84 131.03 131.25 131.50 131.75 132.00 132.31 132.59 132.91 133.31 133.66 134.03 134.31 134.47 134.56 134.59 134.59 134.69 134.72 134.84 134.91 134.97 135.06
120.22 120.34 120.50 120.69 120.88 121.09 121.34 121.59 121.88 122.16 122.41 122.72 123.03 123.31 123.56 123.81 124.06 124.28 124.50 124.72 124.97 125.19 125.41 125.66 125.88 126.12 126.38 126.62 126.88 127.12 127.41 127.69 128.00 128.41 128.78 129.12 129.41 129.62 129.75 129.84 129.88 129.94 130.03 130.16 130.28 130.44 130.56 130.72 130.91 131.06 131.28 131.50 131.75 132.00 132.31 132.62 132.94 133.31 133.66 133.94 134.16 134.28 134.38 134.44 134.47 134.53 134.62 134.75 134.81 134.88 134.97
120.06 120.22 120.34 120.53 120.72 120.94 121.16 121.41 121.66 121.94 122.22 122.50 122.78 123.03 123.28 123.53 123.78 124.03 124.25 124.50 124.75 124.97 125.19 125.44 125.69 125.94 126.16 126.41 126.69 126.97 127.22 127.53 127.88 128.28 128.72 129.16 129.47 129.72 129.91 130.00 130.06 130.12 130.19 130.25 130.38 130.47 130.62 130.78 130.94 131.12 131.31 131.53 131.78 132.03 132.31 132.62 132.94 133.28 133.59 133.81 133.97 134.12 134.22 134.28 134.38 134.47 134.56 134.66 134.75 134.81 134.94
119.94 120.09 120.22 120.41 120.59 120.78 121.00 121.25 121.50 121.75 122.03 122.28 122.50 122.78 123.03 123.28 123.53 123.78 124.03 124.25 124.50 124.75 125.00 125.22 125.47 125.72 125.97 126.22 126.50 126.78 127.09 127.44 127.78 128.12 128.62 129.12 129.50 129.78 130.03 130.16 130.25 130.28 130.34 130.41 130.50 130.59 130.69 130.84 130.97 131.16 131.34 131.56 131.78 132.06 132.31 132.62 132.94 133.25 133.50 133.72 133.91 134.00 134.09 134.19 134.28 134.38 134.50 134.59 134.69 134.81 134.91
119.84 119.97 120.12 120.28 120.47 120.69 120.91 121.12 121.34 121.59 121.84 122.09 122.34 122.59 122.81 123.03 123.31 123.53 123.78 124.03 124.28 124.53 124.78 125.03 125.25 125.50 125.78 126.00 126.31 126.62 126.94 127.31 127.66 128.09 128.56 129.03 129.44 129.78 130.03 130.25 130.34 130.44 130.50 130.56 130.66 130.72 130.81 130.88 131.03 131.19 131.38 131.56 131.78 132.03 132.31 132.59 132.94 133.22 133.47 133.66 133.81 133.91 134.00 134.09 134.22 134.34 134.47 134.56 134.66 134.78 134.88
119.75 119.91 120.06 120.22 120.41 120.59 120.78 121.00 121.22 121.44 121.69 121.91 122.16 122.38 122.59 122.84 123.06 123.31 123.56 123.81 124.06 124.31 124.56 124.81 125.06 125.31 125.56 125.84 126.16 126.50 126.81 127.16 127.53 127.91 128.41 128.88 129.28 129.66 129.94 130.16 130.31 130.47 130.59 130.69 130.78 130.84 130.91 131.00 131.09 131.22 131.41 131.59 131.81 132.06 132.31 132.62 132.91 133.16 133.38 133.56 133.69 133.78 133.94 134.03 134.16 134.28 134.41 134.53 134.69 134.81 134.94
119.69 119.81 120.00 120.16 120.34 120.53 120.72 120.91 121.12 121.34 121.56 121.75 121.97 122.19 122.41 122.62 122.84 123.09 123.34 123.59 123.84 124.06 124.31 124.59 124.84 125.09 125.38 125.66 126.03 126.34 126.66 127.03 127.38 127.84 128.28 128.72 129.12 129.47 129.72 129.97 130.16 130.41 130.56 130.75 130.88 130.94 131.03 131.06 131.16 131.28 131.44 131.62 131.84 132.09 132.34 132.59 132.88 133.12 133.31 133.47 133.59 133.69 133.84 133.97 134.09 134.25 134.38 134.53 134.72 134.88 135.00
119.62 119.78 119.97 120.12 120.31 120.50 120.69 120.88 121.06 121.25 121.44 121.62 121.81 122.00 122.22 122.41 122.66 122.88 123.12 123.34 123.59 123.84 124.09 124.34 124.59 124.91 125.19 125.50 125.88 126.19 126.56 126.91 127.34 127.78 128.19 128.56 128.88 129.19 129.44 129.69 130.00 130.25 130.50 130.72 130.91 131.03 131.09 131.16 131.22 131.34 131.47 131.66 131.84 132.06 132.31 132.59 132.84 133.06 133.22 133.34 133.50 133.62 133.75 133.91 134.03 134.22 134.38 134.53 134.78 135.00 135.19
119.59 119.78 119.97 120.12 120.31 120.47 120.66 120.84 121.00 121.12 121.28 121.47 121.62 121.81 122.00 122.22 122.44 122.66 122.88 123.12 123.34 123.59 123.88 124.12 124.38 124.72 125.03 125.38 125.75 126.06 126.44 126.81 127.22 127.66 128.03 128.34 128.59 128.88 129.12 129.44 129.75 130.06 130.38 130.66 130.88 131.03 131.12 131.22 131.31 131.41 131.56 131.72 131.94 132.16 132.38 132.59 132.81 132.97 133.12 133.25 133.38 133.53 133.69 133.81 134.00 134.16 134.34 134.59 134.88 135.12 135.34
119.56 119.78 119.97 120.19 120.41 120.59 120.72 120.84 120.97 121.03 121.19 121.31 121.47 121.62 121.81 122.00 122.22 122.44 122.66 122.88 123.12 123.34 123.59 123.88 124.16 124.50 124.88 125.22 125.59 125.97 126.41 126.78 127.16 127.53 127.84 128.09 128.34 128.56 128.81 129.16 129.50 129.84 130.22 130.53 130.81 131.00 131.12 131.25 131.34 131.47 131.62 131.81 132.00 132.19 132.41 132.59 132.75 132.91 133.00 133.16 133.31 133.44 133.59 133.75 133.94 134.12 134.38 134.66 134.97 135.22 135.47
119.50 119.81 120.06 120.31 120.53 120.69 120.81 120.91 120.97 121.03 121.06 121.16 121.28 121.44 121.59 121.78 122.00 122.19 122.41 122.62 122.84 123.09 123.38 123.62 123.94 124.31 124.69 125.06 125.50 125.91 126.31 126.69 127.03 127.34 127.62 127.81 128.09 128.25 128.56 128.88 129.22 129.62 130.00 130.38 130.66 130.88 131.06 131.22 131.38 131.53 131.69 131.88 132.03 132.22 132.41 132.56 132.72 132.81 132.91 133.06 133.19 133.34 133.50 133.69 133.88 134.09 134.38 134.69 135.00 135.28 135.53
119.50 119.84 120.19 120.41 120.66 120.81 120.91 120.97 120.97 120.97 120.97 121.00 121.12 121.25 121.41 121.56 121.75 121.97 122.16 122.41 122.62 122.84 123.12 123.41 123.75 124.12 124.53 124.94 125.38 125.78 126.19 126.53 126.81 127.12 127.34 127.59 127.81 128.06 128.34 128.62 128.97 129.38 129.78 130.16 130.50 130.75 130.97 131.19 131.34 131.53 131.72 131.91 132.09 132.28 132.44 132.56 132.66 132.72 132.84 133.00 133.12 133.28 133.44 133.62 133.84 134.06 134.38 134.69 134.97 135.28 135.53
119.44 119.84 120.19 120.50 120.72 120.88 120.97 121.00 120.97 120.88 120.84 120.88 120.97 121.06 121.19 121.34 121.53 121.72 121.94 122.16 122.38 122.62 122.88 123.22 123.56 123.94 124.34 124.78 125.19 125.59 125.97 126.28 126.56 126.84 127.09 127.31 127.59 127.84 128.12 128.47 128.78 129.16 129.56 129.94 130.28 130.59 130.88 131.12 131.31 131.53 131.75 131.97 132.16 132.31 132.44 132.53 132.62 132.69 132.78 132.91 133.03 133.19 133.38 133.56 133.78 134.00 134.25 134.62 134.94 135.22 135.44
119.44 119.78 120.16 120.50 120.75 120.84 120.91 120.91 120.84 120.78 120.72 120.72 120.78 120.88 121.00 121.12 121.31 121.50 121.72 121.94 122.19 122.41 122.72 123.03 123.38 123.75 124.12 124.50 124.94 125.34 125.66 125.97 126.25 126.53 126.81 127.09 127.38 127.66 127.97 128.28 128.59 128.97 129.28 129.66 130.06 130.41 130.72 131.03 131.28 131.53 131.75 132.00 132.19 132.31 132.44 132.53 132.59 132.62 132.75 132.88 132.97 133.12 133.31 133.47 133.69 133.94 134.16 134.47 134.78 135.06 135.28
119.34 119.75 120.06 120.38 120.56 120.69 120.72 120.72 120.66 120.62 120.56 120.56 120.59 120.69 120.81 120.94 121.12 121.31 121.53 121.75 121.97 122.25 122.53 122.81 123.19 123.53 123.91 124.31 124.69 125.03 125.34 125.62 125.97 126.25 126.56 126.84 127.16 127.44 127.75 128.06 128.41 128.69 129.09 129.47 129.84 130.22 130.56 130.91 131.22 131.50 131.75 132.00 132.19 132.34 132.47 132.50 132.56 132.59 132.69 132.81 132.91 133.06 133.25 133.41 133.62 133.84 134.06 134.28 134.59 134.81 135.09
119.25 119.66 119.94 120.19 120.34 120.47 120.50 120.44 120.41 120.41 120.34 120.34 120.44 120.53 120.66 120.78 120.97 121.16 121.34 121.56 121.78 122.03 122.31 122.62 122.97 123.31 123.69 124.03 124.41 124.75 125.06 125.38 125.69 126.00 126.31 126.62 126.94 127.25 127.56 127.88 128.19 128.56 128.91 129.28 129.66 130.03 130.41 130.78 131.16 131.47 131.75 132.00 132.19 132.34 132.44 132.50 132.53 132.56 132.66 132.75 132.88 133.00 133.16 133.34 133.53 133.72 133.94 134.19 134.38 134.69 134.94
119.22 119.53 119.78 119.97 120.09 120.16 120.19 120.16 120.16 120.12 120.12 120.16 120.25 120.34 120.47 120.62 120.78 120.97 121.16 121.38 121.59 121.88 122.16 122.44 122.75 123.09 123.44 123.81 124.12 124.47 124.78 125.12 125.44 125.78 126.06 126.41 126.72 127.03 127.34 127.66 128.00 128.34 128.72 129.12 129.47 129.84 130.22 130.66 131.03 131.41 131.69 131.97 132.19 132.31 132.44 132.47 132.50 132.53 132.62 132.75 132.84 132.94 133.09 133.25 133.44 133.59 133.78 134.03 134.25 134.50 134.78
