everonasctiles/Tile[46,16].asc
ncols 128
nrows 128
xllcorner 0
yllcorner 0
cellsize 2.0
NODATA_value  -9999
[rows 29 to 57 of 128, columns 0 to 66 of 128]
-135.88 -135.81 -135.72 -135.62 -135.53 -135.41 -135.25 -135.00 -134.72 -134.38 -133.97 -133.66 -133.38 -133.12 -132.91 -132.72 -132.56 -132.50 -132.47 -132.47 -132.50 -132.50 -132.53 -132.53 -132.50 -132.44 -132.34 -132.22 -132.09 -131.94 -131.75 -131.53 -131.31 -131.09 -130.84 -130.59 -130.38 -130.16 -129.94 -129.72 -129.50 -129.28 -129.12 -129.03 -128.97 -128.94 -128.91 -128.91 -128.88 -128.81 -128.72 -128.53 -128.28 -127.97 -127.66 -127.31 -126.97 -126.75 -126.56 -126.38 -126.16 -125.94 -125.66 -125.38 -125.12 -124.97 -124.81
-136.25 -136.19 -136.09 -135.97 -135.88 -135.75 -135.56 -135.31 -135.03 -134.69 -134.34 -134.06 -133.75 -133.50 -133.25 -133.06 -132.94 -132.84 -132.81 -132.78 -132.78 -132.78 -132.75 -132.72 -132.69 -132.59 -132.44 -132.28 -132.12 -131.94 -131.75 -131.59 -131.41 -131.22 -131.03 -130.88 -130.69 -130.50 -130.25 -130.03 -129.78 -129.59 -129.47 -129.38 -129.34 -129.31 -129.28 -129.28 -129.25 -129.16 -128.97 -128.72 -128.41 -128.06 -127.69 -127.34 -127.16 -127.03 -126.91 -126.72 -126.53 -126.28 -126.03 -125.78 -125.56 -125.38 -125.19
-136.59 -136.53 -136.41 -136.31 -136.19 -136.06 -135.88 -135.62 -135.34 -135.06 -134.75 -134.44 -134.16 -133.88 -133.62 -133.44 -133.31 -133.22 -133.19 -133.12 -133.09 -133.03 -133.00 -132.94 -132.84 -132.72 -132.53 -132.34 -132.12 -131.94 -131.75 -131.62 -131.50 -131.41 -131.31 -131.16 -131.00 -130.81 -130.59 -130.31 -130.09 -129.88 -129.78 -129.75 -129.75 -129.69 -129.69 -129.66 -129.59 -129.44 -129.22 -128.91 -128.53 -128.09 -127.72 -127.56 -127.50 -127.41 -127.25 -127.09 -126.88 -126.62 -126.41 -126.16 -125.97 -125.75 -125.53
-136.94 -136.84 -136.72 -136.59 -136.50 -136.34 -136.19 -135.97 -135.69 -135.41 -135.12 -134.81 -134.50 -134.22 -133.97 -133.78 -133.69 -133.59 -133.53 -133.47 -133.41 -133.31 -133.25 -133.16 -133.00 -132.84 -132.62 -132.38 -132.16 -131.94 -131.75 -131.66 -131.66 -131.66 -131.59 -131.50 -131.34 -131.16 -130.91 -130.62 -130.38 -130.16 -130.12 -130.16 -130.12 -130.09 -130.06 -130.00 -129.91 -129.69 -129.41 -129.06 -128.62 -128.22 -127.94 -127.91 -127.84 -127.75 -127.59 -127.44 -127.22 -127.00 -126.75 -126.53 -126.31 -126.09 -125.84
-137.22 -137.12 -137.00 -136.88 -136.78 -136.66 -136.50 -136.28 -136.03 -135.75 -135.44 -135.12 -134.81 -134.53 -134.31 -134.16 -134.06 -133.97 -133.88 -133.81 -133.72 -133.59 -133.50 -133.34 -133.16 -132.94 -132.69 -132.44 -132.19 -131.94 -131.72 -131.78 -131.88 -131.94 -131.91 -131.84 -131.69 -131.50 -131.22 -130.94 -130.66 -130.47 -130.47 -130.53 -130.53 -130.50 -130.44 -130.34 -130.19 -129.94 -129.62 -129.22 -128.81 -128.47 -128.34 -128.28 -128.19 -128.09 -127.94 -127.78 -127.56 -127.34 -127.09 -126.88 -126.62 -126.38 -126.09
-137.47 -137.38 -137.28 -137.16 -137.06 -136.94 -136.81 -136.59 -136.34 -136.06 -135.75 -135.44 -135.12 -134.88 -134.69 -134.53 -134.44 -134.34 -134.22 -134.12 -134.00 -133.88 -133.72 -133.50 -133.28 -133.03 -132.78 -132.53 -132.28 -132.03 -131.91 -132.00 -132.16 -132.22 -132.25 -132.19 -132.06 -131.84 -131.59 -131.28 -130.97 -130.78 -130.84 -130.91 -130.97 -130.94 -130.84 -130.69 -130.47 -130.19 -129.84 -129.44 -129.09 -128.84 -128.72 -128.62 -128.53 -128.41 -128.28 -128.06 -127.88 -127.62 -127.38 -127.12 -126.88 -126.56 -126.25
-137.75 -137.66 -137.53 -137.44 -137.34 -137.25 -137.09 -136.88 -136.62 -136.31 -136.03 -135.72 -135.47 -135.22 -135.03 -134.88 -134.78 -134.69 -134.56 -134.44 -134.28 -134.09 -133.88 -133.66 -133.41 -133.12 -132.88 -132.72 -132.59 -132.44 -132.31 -132.34 -132.44 -132.53 -132.59 -132.53 -132.41 -132.22 -131.97 -131.69 -131.38 -131.19 -131.22 -131.31 -131.38 -131.34 -131.19 -131.00 -130.72 -130.44 -130.09 -129.75 -129.44 -129.22 -129.09 -128.97 -128.84 -128.72 -128.53 -128.34 -128.09 -127.84 -127.59 -127.31 -127.00 -126.69 -126.34
-137.97 -137.91 -137.81 -137.72 -137.62 -137.53 -137.38 -137.12 -136.88 -136.59 -136.31 -136.03 -135.78 -135.53 -135.34 -135.22 -135.12 -135.00 -134.88 -134.72 -134.53 -134.28 -134.03 -133.78 -133.53 -133.28 -133.12 -133.09 -133.09 -133.00 -132.84 -132.72 -132.78 -132.84 -132.91 -132.91 -132.78 -132.59 -132.38 -132.09 -131.81 -131.62 -131.66 -131.72 -131.78 -131.72 -131.53 -131.31 -131.00 -130.72 -130.38 -130.06 -129.78 -129.56 -129.41 -129.25 -129.12 -128.94 -128.75 -128.50 -128.25 -128.00 -127.72 -127.41 -127.09 -126.75 -126.41
-138.22 -138.16 -138.06 -137.97 -137.91 -137.78 -137.59 -137.38 -137.09 -136.84 -136.56 -136.31 -136.06 -135.84 -135.69 -135.56 -135.47 -135.34 -135.16 -134.97 -134.72 -134.47 -134.19 -133.91 -133.72 -133.62 -133.56 -133.59 -133.56 -133.47 -133.34 -133.19 -133.12 -133.19 -133.22 -133.25 -133.16 -132.97 -132.78 -132.56 -132.31 -132.09 -132.06 -132.16 -132.16 -132.09 -131.88 -131.59 -131.28 -130.97 -130.66 -130.34 -130.09 -129.88 -129.69 -129.50 -129.31 -129.09 -128.84 -128.62 -128.38 -128.12 -127.84 -127.53 -127.22 -126.88 -126.56
-138.44 -138.38 -138.31 -138.25 -138.16 -138.00 -137.81 -137.56 -137.31 -137.06 -136.81 -136.59 -136.34 -136.16 -136.00 -135.91 -135.78 -135.62 -135.44 -135.19 -134.91 -134.62 -134.31 -134.16 -134.12 -134.09 -134.06 -134.06 -134.00 -133.91 -133.81 -133.66 -133.56 -133.53 -133.56 -133.59 -133.53 -133.38 -133.22 -133.00 -132.78 -132.56 -132.53 -132.56 -132.53 -132.44 -132.19 -131.91 -131.59 -131.25 -130.94 -130.66 -130.38 -130.12 -129.91 -129.69 -129.44 -129.19 -128.94 -128.69 -128.47 -128.25 -128.00 -127.72 -127.44 -127.16 -126.91
-138.66 -138.62 -138.56 -138.47 -138.34 -138.19 -138.00 -137.75 -137.53 -137.31 -137.09 -136.88 -136.66 -136.47 -136.34 -136.22 -136.09 -135.88 -135.62 -135.34 -135.03 -134.72 -134.53 -134.53 -134.56 -134.56 -134.56 -134.50 -134.47 -134.41 -134.28 -134.12 -134.00 -133.94 -133.94 -133.94 -133.91 -133.78 -133.62 -133.44 -133.22 -133.06 -133.00 -132.97 -132.91 -132.78 -132.53 -132.22 -131.88 -131.53 -131.22 -130.94 -130.62 -130.34 -130.06 -129.81 -129.53 -129.25 -129.03 -128.84 -128.66 -128.44 -128.22 -128.00 -127.75 -127.56 -127.34
-138.88 -138.88 -138.81 -138.69 -138.56 -138.38 -138.19 -137.97 -137.78 -137.59 -137.38 -137.16 -136.97 -136.78 -136.66 -136.53 -136.34 -136.09 -135.78 -135.47 -135.12 -134.81 -134.84 -134.94 -135.00 -135.03 -135.00 -135.00 -134.94 -134.88 -134.75 -134.59 -134.47 -134.34 -134.31 -134.28 -134.25 -134.16 -134.00 -133.84 -133.66 -133.53 -133.44 -133.38 -133.28 -133.12 -132.88 -132.53 -132.19 -131.84 -131.50 -131.16 -130.84 -130.53 -130.22 -129.94 -129.66 -129.41 -129.22 -129.06 -128.88 -128.69 -128.50 -128.28 -128.09 -127.88 -127.69
-139.09 -139.09 -139.03 -138.91 -138.75 -138.59 -138.41 -138.22 -138.06 -137.88 -137.69 -137.47 -137.28 -137.12 -136.97 -136.78 -136.56 -136.25 -135.94 -135.56 -135.16 -135.03 -135.22 -135.34 -135.41 -135.47 -135.47 -135.47 -135.44 -135.34 -135.19 -135.06 -134.91 -134.81 -134.72 -134.66 -134.59 -134.53 -134.41 -134.22 -134.09 -133.97 -133.88 -133.78 -133.66 -133.47 -133.19 -132.84 -132.47 -132.09 -131.72 -131.38 -131.03 -130.72 -130.41 -130.09 -129.88 -129.69 -129.50 -129.31 -129.16 -128.97 -128.78 -128.59 -128.41 -128.22 -128.06
-139.28 -139.31 -139.25 -139.12 -138.97 -138.81 -138.66 -138.50 -138.34 -138.19 -138.00 -137.78 -137.59 -137.44 -137.25 -137.00 -136.72 -136.41 -136.03 -135.59 -135.31 -135.41 -135.62 -135.72 -135.81 -135.91 -135.94 -135.94 -135.88 -135.78 -135.62 -135.47 -135.34 -135.22 -135.09 -135.00 -134.94 -134.88 -134.75 -134.59 -134.47 -134.38 -134.25 -134.16 -134.00 -133.78 -133.44 -133.06 -132.69 -132.28 -131.91 -131.56 -131.25 -130.94 -130.62 -130.38 -130.19 -130.00 -129.81 -129.62 -129.44 -129.25 -129.09 -128.91 -128.75 -128.59 -128.44
-139.47 -139.50 -139.47 -139.34 -139.22 -139.09 -138.94 -138.81 -138.66 -138.50 -138.31 -138.12 -137.91 -137.72 -137.50 -137.22 -136.91 -136.53 -136.12 -135.78 -135.75 -135.91 -136.00 -136.09 -136.19 -136.28 -136.34 -136.34 -136.28 -136.19 -136.03 -135.91 -135.75 -135.62 -135.50 -135.38 -135.28 -135.19 -135.06 -134.97 -134.84 -134.72 -134.62 -134.50 -134.31 -134.03 -133.69 -133.28 -132.88 -132.47 -132.12 -131.81 -131.53 -131.25 -130.97 -130.72 -130.53 -130.31 -130.12 -129.91 -129.72 -129.53 -129.38 -129.22 -129.06 -128.94 -128.81
-139.69 -139.72 -139.69 -139.59 -139.47 -139.38 -139.25 -139.12 -139.00 -138.81 -138.62 -138.44 -138.22 -138.00 -137.72 -137.41 -137.09 -136.72 -136.34 -136.22 -136.31 -136.38 -136.41 -136.47 -136.56 -136.66 -136.72 -136.72 -136.66 -136.56 -136.41 -136.28 -136.12 -136.00 -135.88 -135.75 -135.62 -135.50 -135.38 -135.28 -135.19 -135.06 -134.97 -134.81 -134.56 -134.25 -133.88 -133.47 -133.06 -132.69 -132.38 -132.12 -131.84 -131.59 -131.31 -131.09 -130.88 -130.66 -130.41 -130.19 -130.00 -129.84 -129.69 -129.53 -129.38 -129.28 -129.22
-139.88 -139.94 -139.94 -139.84 -139.75 -139.66 -139.56 -139.47 -139.31 -139.16 -138.97 -138.78 -138.53 -138.25 -137.97 -137.62 -137.28 -136.91 -136.72 -136.81 -136.84 -136.84 -136.84 -136.84 -136.91 -136.97 -137.03 -137.03 -136.97 -136.88 -136.75 -136.62 -136.50 -136.38 -136.22 -136.09 -135.94 -135.81 -135.69 -135.56 -135.47 -135.38 -135.25 -135.06 -134.78 -134.47 -134.09 -133.69 -133.28 -132.97 -132.72 -132.47 -132.19 -131.91 -131.66 -131.44 -131.22 -130.97 -130.69 -130.47 -130.28 -130.12 -129.97 -129.81 -129.72 -129.62 -129.59
-140.09 -140.19 -140.19 -140.12 -140.03 -139.97 -139.91 -139.78 -139.66 -139.50 -139.31 -139.06 -138.81 -138.50 -138.16 -137.84 -137.50 -137.25 -137.25 -137.28 -137.28 -137.28 -137.25 -137.25 -137.25 -137.28 -137.31 -137.31 -137.28 -137.19 -137.06 -136.97 -136.84 -136.72 -136.56 -136.41 -136.25 -136.09 -135.94 -135.84 -135.75 -135.66 -135.50 -135.31 -135.03 -134.69 -134.31 -133.94 -133.59 -133.31 -133.06 -132.78 -132.50 -132.25 -132.03 -131.78 -131.53 -131.25 -131.00 -130.81 -130.62 -130.44 -130.28 -130.12 -130.03 -130.00 -130.00
-140.31 -140.41 -140.44 -140.41 -140.34 -140.28 -140.22 -140.12 -139.97 -139.81 -139.59 -139.31 -139.03 -138.69 -138.38 -138.03 -137.78 -137.72 -137.72 -137.72 -137.72 -137.69 -137.66 -137.62 -137.59 -137.59 -137.59 -137.59 -137.53 -137.47 -137.34 -137.25 -137.16 -137.03 -136.91 -136.72 -136.53 -136.34 -136.19 -136.09 -136.00 -135.91 -135.75 -135.53 -135.25 -134.94 -134.59 -134.25 -133.94 -133.66 -133.38 -133.09 -132.81 -132.56 -132.34 -132.12 -131.88 -131.59 -131.34 -131.12 -130.94 -130.75 -130.56 -130.44 -130.38 -130.34 -130.41
-140.56 -140.66 -140.72 -140.69 -140.62 -140.59 -140.53 -140.41 -140.28 -140.06 -139.81 -139.53 -139.22 -138.91 -138.59 -138.31 -138.19 -138.19 -138.16 -138.16 -138.16 -138.12 -138.06 -138.00 -137.94 -137.91 -137.88 -137.88 -137.81 -137.72 -137.62 -137.56 -137.47 -137.34 -137.19 -136.97 -136.75 -136.56 -136.41 -136.31 -136.25 -136.12 -135.97 -135.75 -135.47 -135.16 -134.84 -134.50 -134.22 -133.94 -133.66 -133.38 -133.12 -132.91 -132.69 -132.47 -132.22 -131.94 -131.72 -131.47 -131.25 -131.03 -130.84 -130.72 -130.69 -130.72 -130.78
-140.81 -140.91 -140.97 -140.97 -140.94 -140.88 -140.81 -140.69 -140.50 -140.28 -140.00 -139.72 -139.44 -139.12 -138.84 -138.66 -138.62 -138.62 -138.59 -138.59 -138.56 -138.53 -138.44 -138.34 -138.25 -138.19 -138.16 -138.12 -138.06 -137.97 -137.91 -137.84 -137.75 -137.62 -137.44 -137.19 -136.97 -136.78 -136.66 -136.56 -136.44 -136.31 -136.16 -135.94 -135.66 -135.34 -135.06 -134.75 -134.47 -134.22 -133.94 -133.66 -133.41 -133.22 -133.00 -132.78 -132.53 -132.28 -132.03 -131.78 -131.53 -131.31 -131.12 -131.00 -131.00 -131.06 -131.16
-141.09 -141.19 -141.22 -141.25 -141.22 -141.16 -141.06 -140.91 -140.69 -140.47 -140.19 -139.94 -139.66 -139.41 -139.16 -139.03 -139.03 -139.03 -139.03 -139.03 -139.00 -138.94 -138.81 -138.69 -138.59 -138.50 -138.44 -138.38 -138.31 -138.25 -138.19 -138.09 -138.00 -137.84 -137.66 -137.44 -137.19 -137.03 -136.91 -136.78 -136.66 -136.47 -136.28 -136.06 -135.81 -135.53 -135.25 -134.97 -134.72 -134.44 -134.19 -133.91 -133.69 -133.50 -133.31 -133.09 -132.84 -132.56 -132.28 -132.03 -131.78 -131.56 -131.41 -131.28 -131.28 -131.34 -131.47
-141.38 -141.47 -141.50 -141.50 -141.47 -141.41 -141.28 -141.09 -140.88 -140.66 -140.41 -140.19 -139.94 -139.69 -139.47 -139.44 -139.44 -139.47 -139.47 -139.47 -139.41 -139.31 -139.16 -139.03 -138.91 -138.81 -138.72 -138.66 -138.56 -138.50 -138.44 -138.38 -138.25 -138.09 -137.88 -137.66 -137.44 -137.28 -137.12 -137.00 -136.81 -136.62 -136.41 -136.19 -135.94 -135.69 -135.44 -135.19 -134.94 -134.69 -134.44 -134.19 -133.97 -133.78 -133.59 -133.34 -133.09 -132.81 -132.53 -132.28 -132.03 -131.84 -131.66 -131.56 -131.56 -131.66 -131.78
-141.69 -141.72 -141.75 -141.75 -141.72 -141.62 -141.50 -141.31 -141.09 -140.88 -140.66 -140.44 -140.19 -139.97 -139.81 -139.81 -139.84 -139.88 -139.91 -139.88 -139.78 -139.66 -139.50 -139.34 -139.19 -139.09 -139.00 -138.91 -138.84 -138.75 -138.69 -138.59 -138.50 -138.31 -138.12 -137.91 -137.69 -137.53 -137.34 -137.19 -136.97 -136.75 -136.53 -136.28 -136.06 -135.84 -135.59 -135.38 -135.16 -134.91 -134.66 -134.44 -134.22 -134.03 -133.81 -133.56 -133.28 -133.03 -132.75 -132.53 -132.31 -132.09 -131.94 -131.81 -131.81 -131.91 -132.03
-141.97 -142.00 -142.00 -142.00 -141.94 -141.84 -141.69 -141.50 -141.31 -141.12 -140.91 -140.66 -140.44 -140.25 -140.19 -140.22 -140.25 -140.28 -140.31 -140.25 -140.16 -140.00 -139.81 -139.66 -139.50 -139.38 -139.28 -139.19 -139.09 -139.00 -138.94 -138.84 -138.72 -138.56 -138.34 -138.12 -137.94 -137.75 -137.56 -137.34 -137.12 -136.88 -136.66 -136.41 -136.19 -135.97 -135.75 -135.56 -135.34 -135.12 -134.88 -134.66 -134.44 -134.22 -134.00 -133.75 -133.50 -133.25 -133.00 -132.78 -132.56 -132.34 -132.19 -132.03 -132.00 -132.12 -132.28
-142.25 -142.25 -142.25 -142.22 -142.16 -142.03 -141.88 -141.72 -141.53 -141.31 -141.12 -140.91 -140.75 -140.59 -140.59 -140.62 -140.66 -140.69 -140.69 -140.59 -140.47 -140.31 -140.09 -139.94 -139.78 -139.66 -139.53 -139.44 -139.34 -139.25 -139.16 -139.06 -138.94 -138.75 -138.56 -138.34 -138.12 -137.91 -137.72 -137.47 -137.25 -137.00 -136.75 -136.53 -136.31 -136.09 -135.91 -135.72 -135.50 -135.28 -135.06 -134.81 -134.59 -134.38 -134.16 -133.91 -133.69 -133.47 -133.25 -133.03 -132.81 -132.59 -132.38 -132.22 -132.19 -132.28 -132.44
-142.50 -142.53 -142.50 -142.44 -142.34 -142.22 -142.09 -141.91 -141.72 -141.53 -141.34 -141.19 -141.06 -141.03 -141.03 -141.03 -141.03 -141.06 -141.03 -140.94 -140.78 -140.59 -140.38 -140.19 -140.03 -139.91 -139.78 -139.69 -139.56 -139.47 -139.38 -139.25 -139.09 -138.91 -138.72 -138.50 -138.28 -138.03 -137.81 -137.56 -137.34 -137.09 -136.84 -136.62 -136.41 -136.22 -136.03 -135.84 -135.62 -135.41 -135.16 -134.94 -134.72 -134.50 -134.28 -134.09 -133.88 -133.66 -133.44 -133.22 -133.00 -132.78 -132.56 -132.41 -132.31 -132.44 -132.59
-142.75 -142.75 -142.72 -142.62 -142.53 -142.41 -142.28 -142.09 -141.91 -141.75 -141.59 -141.50 -141.44 -141.44 -141.44 -141.44 -141.44 -141.41 -141.38 -141.25 -141.06 -140.84 -140.62 -140.44 -140.25 -140.12 -140.03 -139.91 -139.78 -139.66 -139.53 -139.38 -139.22 -139.03 -138.81 -138.59 -138.38 -138.12 -137.91 -137.66 -137.41 -137.19 -136.97 -136.75 -136.53 -136.34 -136.16 -135.94 -135.69 -135.47 -135.25 -135.03 -134.81 -134.62 -134.44 -134.22 -134.03 -133.84 -133.62 -133.41 -133.16 -132.94 -132.72 -132.56 -132.53 -132.59 -132.72
-143.00 -142.97 -142.91 -142.84 -142.72 -142.59 -142.44 -142.28 -142.09 -141.97 -141.88 -141.84 -141.84 -141.84 -141.84 -141.81 -141.81 -141.78 -141.69 -141.56 -141.34 -141.12 -140.88 -140.66 -140.50 -140.38 -140.25 -140.12 -139.97 -139.81 -139.66 -139.50 -139.31 -139.09 -138.91 -138.69 -138.44 -138.19 -137.97 -137.75 -137.50 -137.28 -137.06 -136.84 -136.66 -136.44 -136.22 -136.00 -135.75 -135.53 -135.28 -135.09 -134.91 -134.72 -134.56 -134.38 -134.19 -134.00 -133.78 -133.56 -133.31 -133.09 -132.94 -132.88 -132.81 -132.81 -132.91
