everonasctiles/Tile[16,0].asc
ncols 128
nrows 128
xllcorner 0
yllcorner 0
cellsize 2.0
NODATA_value  -9999
[rows 0 to 28 of 128, columns 0 to 66 of 128]
-118.88 -118.91 -118.94 -119.00 -119.06 -119.16 -119.25 -119.38 -119.47 -119.56 -119.69 -119.78 -119.91 -120.00 -120.09 -120.19 -120.25 -120.34 -120.38 -120.44 -120.47 -120.50 -120.53 -120.59 -120.66 -120.72 -120.81 -120.91 -121.03 -121.12 -121.25 -121.34 -121.47 -121.56 -121.66 -121.75 -121.84 -121.94 -122.03 -122.12 -122.19 -122.25 -122.31 -122.38 -122.44 -122.50 -122.56 -122.62 -122.69 -122.72 -122.72 -122.75 -122.75 -122.75 -122.72 -122.72 -122.69 -122.69 -122.66 -122.66 -122.66 -122.69 -122.69 -122.69 -122.69 -122.69 -122.66
-119.03 -119.06 -119.09 -119.12 -119.22 -119.28 -119.38 -119.50 -119.59 -119.69 -119.78 -119.91 -120.00 -120.12 -120.22 -120.31 -120.41 -120.50 -120.53 -120.59 -120.62 -120.62 -120.66 -120.69 -120.72 -120.78 -120.88 -120.97 -121.06 -121.19 -121.28 -121.38 -121.50 -121.59 -121.69 -121.81 -121.91 -122.00 -122.09 -122.16 -122.22 -122.28 -122.34 -122.41 -122.47 -122.53 -122.59 -122.66 -122.72 -122.75 -122.78 -122.78 -122.81 -122.81 -122.78 -122.78 -122.75 -122.75 -122.75 -122.75 -122.75 -122.75 -122.78 -122.78 -122.78 -122.78 -122.75
-119.19 -119.22 -119.25 -119.28 -119.34 -119.44 -119.53 -119.62 -119.72 -119.81 -119.91 -120.03 -120.12 -120.25 -120.34 -120.47 -120.56 -120.62 -120.69 -120.75 -120.75 -120.78 -120.78 -120.78 -120.81 -120.88 -120.94 -121.03 -121.12 -121.22 -121.31 -121.44 -121.53 -121.62 -121.72 -121.84 -121.94 -122.03 -122.12 -122.19 -122.25 -122.31 -122.38 -122.44 -122.50 -122.56 -122.62 -122.69 -122.72 -122.78 -122.81 -122.84 -122.84 -122.84 -122.84 -122.84 -122.81 -122.81 -122.81 -122.81 -122.84 -122.84 -122.88 -122.88 -122.88 -122.88 -122.84
-119.34 -119.38 -119.41 -119.44 -119.50 -119.56 -119.66 -119.75 -119.84 -119.94 -120.06 -120.16 -120.28 -120.38 -120.50 -120.59 -120.69 -120.78 -120.84 -120.88 -120.91 -120.91 -120.91 -120.91 -120.94 -120.97 -121.03 -121.09 -121.19 -121.28 -121.38 -121.47 -121.56 -121.66 -121.75 -121.84 -121.94 -122.06 -122.12 -122.22 -122.28 -122.34 -122.41 -122.47 -122.53 -122.59 -122.66 -122.72 -122.75 -122.81 -122.84 -122.88 -122.91 -122.91 -122.91 -122.91 -122.88 -122.88 -122.91 -122.91 -122.94 -122.94 -122.97 -122.97 -122.97 -122.97 -122.94
-119.50 -119.53 -119.56 -119.59 -119.66 -119.72 -119.81 -119.91 -120.00 -120.09 -120.19 -120.31 -120.41 -120.53 -120.62 -120.75 -120.84 -120.91 -120.97 -121.03 -121.03 -121.03 -121.03 -121.03 -121.03 -121.06 -121.09 -121.16 -121.25 -121.34 -121.41 -121.50 -121.59 -121.69 -121.75 -121.84 -121.97 -122.06 -122.16 -122.22 -122.31 -122.38 -122.44 -122.50 -122.56 -122.62 -122.69 -122.75 -122.78 -122.84 -122.88 -122.91 -122.94 -122.94 -122.94 -122.94 -122.94 -122.97 -122.97 -123.00 -123.03 -123.03 -123.06 -123.06 -123.06 -123.06 -123.03
-119.69 -119.72 -119.72 -119.75 -119.81 -119.88 -119.94 -120.03 -120.12 -120.25 -120.34 -120.47 -120.56 -120.69 -120.78 -120.88 -120.97 -121.06 -121.12 -121.16 -121.19 -121.19 -121.19 -121.16 -121.16 -121.19 -121.22 -121.25 -121.31 -121.41 -121.47 -121.53 -121.62 -121.69 -121.78 -121.84 -121.94 -122.03 -122.12 -122.22 -122.31 -122.41 -122.47 -122.53 -122.59 -122.66 -122.72 -122.78 -122.81 -122.88 -122.91 -122.94 -122.97 -123.00 -123.00 -123.00 -123.03 -123.03 -123.06 -123.09 -123.12 -123.16 -123.16 -123.16 -123.16 -123.12 -123.09
-119.88 -119.91 -119.91 -119.94 -119.97 -120.03 -120.09 -120.16 -120.28 -120.38 -120.50 -120.62 -120.72 -120.84 -120.94 -121.03 -121.12 -121.19 -121.25 -121.31 -121.31 -121.31 -121.31 -121.31 -121.31 -121.31 -121.31 -121.34 -121.41 -121.47 -121.53 -121.56 -121.62 -121.72 -121.78 -121.88 -121.94 -122.03 -122.12 -122.22 -122.31 -122.41 -122.47 -122.56 -122.62 -122.69 -122.75 -122.81 -122.88 -122.91 -122.97 -123.00 -123.03 -123.06 -123.06 -123.06 -123.09 -123.09 -123.12 -123.16 -123.22 -123.25 -123.25 -123.25 -123.25 -123.22 -123.19
-120.06 -120.09 -120.12 -120.12 -120.16 -120.19 -120.25 -120.31 -120.41 -120.53 -120.66 -120.78 -120.91 -121.00 -121.09 -121.19 -121.28 -121.34 -121.41 -121.44 -121.47 -121.47 -121.47 -121.47 -121.44 -121.44 -121.44 -121.47 -121.50 -121.53 -121.59 -121.62 -121.69 -121.72 -121.81 -121.88 -121.97 -122.06 -122.16 -122.22 -122.31 -122.41 -122.50 -122.56 -122.62 -122.72 -122.78 -122.84 -122.91 -122.97 -123.00 -123.06 -123.09 -123.09 -123.12 -123.12 -123.16 -123.19 -123.22 -123.25 -123.28 -123.31 -123.34 -123.34 -123.31 -123.31 -123.28
-120.28 -120.31 -120.31 -120.34 -120.38 -120.38 -120.44 -120.47 -120.56 -120.69 -120.81 -120.94 -121.06 -121.16 -121.25 -121.34 -121.44 -121.50 -121.56 -121.59 -121.62 -121.66 -121.62 -121.62 -121.59 -121.59 -121.56 -121.59 -121.59 -121.62 -121.66 -121.69 -121.75 -121.78 -121.84 -121.91 -122.00 -122.09 -122.16 -122.25 -122.31 -122.41 -122.50 -122.56 -122.66 -122.72 -122.81 -122.88 -122.94 -123.00 -123.06 -123.09 -123.16 -123.16 -123.19 -123.22 -123.22 -123.25 -123.28 -123.31 -123.34 -123.38 -123.41 -123.41 -123.41 -123.38 -123.34
-120.50 -120.53 -120.53 -120.56 -120.56 -120.59 -120.62 -120.66 -120.75 -120.84 -120.97 -121.09 -121.22 -121.31 -121.44 -121.50 -121.59 -121.66 -121.72 -121.75 -121.78 -121.81 -121.81 -121.78 -121.75 -121.75 -121.72 -121.72 -121.75 -121.75 -121.78 -121.81 -121.84 -121.88 -121.91 -121.97 -122.03 -122.12 -122.19 -122.25 -122.34 -122.44 -122.50 -122.59 -122.66 -122.75 -122.84 -122.91 -122.97 -123.06 -123.09 -123.16 -123.19 -123.22 -123.25 -123.28 -123.28 -123.31 -123.31 -123.38 -123.41 -123.44 -123.47 -123.47 -123.47 -123.47 -123.44
-120.69 -120.72 -120.75 -120.78 -120.78 -120.81 -120.81 -120.84 -120.94 -121.03 -121.16 -121.28 -121.38 -121.50 -121.59 -121.69 -121.75 -121.81 -121.88 -121.94 -121.97 -121.97 -121.97 -121.97 -121.94 -121.91 -121.91 -121.88 -121.88 -121.91 -121.91 -121.94 -121.94 -121.97 -122.00 -122.06 -122.09 -122.16 -122.22 -122.28 -122.38 -122.44 -122.53 -122.62 -122.69 -122.78 -122.88 -122.94 -123.03 -123.09 -123.16 -123.22 -123.25 -123.28 -123.31 -123.34 -123.34 -123.38 -123.38 -123.41 -123.44 -123.47 -123.50 -123.53 -123.53 -123.53 -123.50
-120.91 -120.94 -120.97 -121.00 -121.00 -121.03 -121.03 -121.06 -121.12 -121.22 -121.34 -121.44 -121.56 -121.66 -121.75 -121.84 -121.91 -122.00 -122.06 -122.09 -122.12 -122.16 -122.16 -122.16 -122.12 -122.09 -122.09 -122.06 -122.06 -122.06 -122.06 -122.09 -122.09 -122.12 -122.12 -122.16 -122.19 -122.22 -122.28 -122.34 -122.44 -122.50 -122.59 -122.66 -122.75 -122.81 -122.91 -123.00 -123.06 -123.16 -123.22 -123.25 -123.31 -123.34 -123.38 -123.41 -123.41 -123.44 -123.44 -123.47 -123.50 -123.53 -123.56 -123.59 -123.59 -123.59 -123.56
-121.09 -121.16 -121.19 -121.22 -121.22 -121.22 -121.25 -121.28 -121.31 -121.41 -121.53 -121.62 -121.75 -121.81 -121.91 -122.00 -122.09 -122.16 -122.22 -122.28 -122.31 -122.34 -122.34 -122.31 -122.31 -122.28 -122.28 -122.25 -122.25 -122.25 -122.28 -122.28 -122.28 -122.28 -122.28 -122.28 -122.28 -122.34 -122.38 -122.44 -122.50 -122.59 -122.66 -122.75 -122.81 -122.91 -122.97 -123.06 -123.12 -123.19 -123.25 -123.31 -123.34 -123.41 -123.44 -123.44 -123.47 -123.50 -123.50 -123.53 -123.53 -123.56 -123.59 -123.62 -123.62 -123.62 -123.62
-121.31 -121.34 -121.41 -121.44 -121.44 -121.44 -121.47 -121.47 -121.53 -121.59 -121.72 -121.81 -121.91 -122.00 -122.09 -122.16 -122.25 -122.31 -122.38 -122.44 -122.50 -122.50 -122.50 -122.50 -122.50 -122.47 -122.47 -122.47 -122.47 -122.47 -122.47 -122.47 -122.47 -122.47 -122.44 -122.44 -122.44 -122.47 -122.50 -122.56 -122.62 -122.69 -122.78 -122.84 -122.91 -122.97 -123.03 -123.12 -123.19 -123.25 -123.31 -123.34 -123.41 -123.44 -123.47 -123.50 -123.53 -123.53 -123.56 -123.56 -123.59 -123.62 -123.66 -123.66 -123.69 -123.69 -123.69
-121.53 -121.56 -121.59 -121.62 -121.66 -121.69 -121.69 -121.69 -121.72 -121.81 -121.91 -122.00 -122.09 -122.19 -122.25 -122.34 -122.41 -122.50 -122.56 -122.62 -122.66 -122.69 -122.69 -122.69 -122.69 -122.69 -122.69 -122.69 -122.69 -122.69 -122.69 -122.69 -122.69 -122.69 -122.66 -122.62 -122.62 -122.62 -122.66 -122.72 -122.78 -122.84 -122.91 -122.97 -123.03 -123.06 -123.12 -123.19 -123.25 -123.28 -123.34 -123.41 -123.44 -123.47 -123.50 -123.53 -123.56 -123.59 -123.59 -123.62 -123.66 -123.69 -123.69 -123.72 -123.75 -123.75 -123.75
-121.72 -121.78 -121.81 -121.84 -121.88 -121.91 -121.91 -121.94 -121.97 -122.00 -122.09 -122.19 -122.31 -122.38 -122.44 -122.50 -122.59 -122.66 -122.72 -122.78 -122.81 -122.84 -122.84 -122.84 -122.88 -122.88 -122.88 -122.91 -122.91 -122.91 -122.94 -122.94 -122.94 -122.91 -122.88 -122.84 -122.81 -122.81 -122.81 -122.88 -122.91 -122.97 -123.03 -123.09 -123.16 -123.19 -123.22 -123.25 -123.31 -123.34 -123.41 -123.44 -123.50 -123.53 -123.56 -123.59 -123.62 -123.62 -123.66 -123.69 -123.72 -123.75 -123.75 -123.78 -123.78 -123.78 -123.78
-121.97 -122.00 -122.06 -122.09 -122.12 -122.12 -122.16 -122.16 -122.19 -122.25 -122.31 -122.41 -122.50 -122.56 -122.62 -122.69 -122.75 -122.81 -122.88 -122.94 -122.97 -123.00 -123.03 -123.03 -123.06 -123.06 -123.09 -123.09 -123.12 -123.12 -123.16 -123.16 -123.16 -123.12 -123.09 -123.06 -123.00 -123.00 -123.00 -123.03 -123.09 -123.12 -123.19 -123.22 -123.28 -123.31 -123.31 -123.34 -123.38 -123.44 -123.47 -123.53 -123.56 -123.59 -123.62 -123.66 -123.69 -123.69 -123.72 -123.75 -123.78 -123.81 -123.81 -123.84 -123.84 -123.84 -123.84
-122.19 -122.25 -122.28 -122.31 -122.34 -122.38 -122.38 -122.41 -122.44 -122.47 -122.53 -122.62 -122.72 -122.78 -122.84 -122.88 -122.94 -123.00 -123.06 -123.09 -123.16 -123.19 -123.19 -123.22 -123.22 -123.25 -123.28 -123.31 -123.31 -123.34 -123.38 -123.38 -123.38 -123.34 -123.31 -123.28 -123.22 -123.19 -123.19 -123.22 -123.25 -123.31 -123.34 -123.38 -123.41 -123.44 -123.44 -123.44 -123.47 -123.50 -123.56 -123.59 -123.62 -123.66 -123.69 -123.72 -123.75 -123.78 -123.78 -123.81 -123.84 -123.88 -123.88 -123.91 -123.91 -123.91 -123.91
-122.44 -122.47 -122.53 -122.56 -122.59 -122.62 -122.62 -122.66 -122.69 -122.72 -122.78 -122.84 -122.94 -123.00 -123.03 -123.06 -123.09 -123.16 -123.22 -123.28 -123.31 -123.34 -123.38 -123.38 -123.41 -123.44 -123.47 -123.50 -123.50 -123.53 -123.56 -123.59 -123.59 -123.56 -123.53 -123.47 -123.44 -123.41 -123.41 -123.41 -123.44 -123.47 -123.50 -123.53 -123.53 -123.56 -123.56 -123.56 -123.56 -123.59 -123.62 -123.66 -123.72 -123.75 -123.78 -123.81 -123.84 -123.84 -123.88 -123.91 -123.91 -123.94 -123.94 -123.97 -123.97 -123.97 -123.97
-122.69 -122.72 -122.78 -122.81 -122.84 -122.88 -122.88 -122.91 -122.94 -122.97 -123.03 -123.09 -123.16 -123.22 -123.25 -123.25 -123.28 -123.34 -123.38 -123.44 -123.47 -123.50 -123.53 -123.56 -123.59 -123.62 -123.66 -123.69 -123.72 -123.75 -123.78 -123.81 -123.81 -123.78 -123.75 -123.69 -123.66 -123.59 -123.59 -123.59 -123.62 -123.66 -123.66 -123.69 -123.69 -123.69 -123.69 -123.66 -123.66 -123.69 -123.72 -123.75 -123.81 -123.84 -123.88 -123.91 -123.94 -123.94 -123.97 -123.97 -124.00 -124.00 -124.03 -124.03 -124.03 -124.03 -124.03
-122.94 -123.00 -123.03 -123.06 -123.09 -123.12 -123.12 -123.16 -123.19 -123.25 -123.28 -123.34 -123.41 -123.44 -123.47 -123.47 -123.50 -123.53 -123.56 -123.62 -123.66 -123.69 -123.72 -123.75 -123.81 -123.84 -123.84 -123.88 -123.91 -123.94 -123.97 -124.00 -124.00 -124.00 -123.94 -123.91 -123.84 -123.81 -123.78 -123.78 -123.81 -123.84 -123.84 -123.84 -123.84 -123.84 -123.81 -123.81 -123.78 -123.81 -123.81 -123.88 -123.91 -123.94 -124.00 -124.03 -124.03 -124.06 -124.06 -124.06 -124.09 -124.09 -124.09 -124.09 -124.09 -124.09 -124.09
-123.22 -123.25 -123.28 -123.31 -123.34 -123.38 -123.41 -123.44 -123.47 -123.50 -123.56 -123.62 -123.66 -123.69 -123.69 -123.69 -123.72 -123.72 -123.75 -123.78 -123.84 -123.88 -123.91 -123.94 -124.00 -124.03 -124.06 -124.06 -124.09 -124.16 -124.19 -124.22 -124.22 -124.19 -124.16 -124.09 -124.03 -124.00 -123.97 -123.97 -124.00 -124.03 -124.03 -124.03 -124.03 -124.00 -123.97 -123.94 -123.94 -123.94 -123.94 -124.00 -124.03 -124.06 -124.12 -124.16 -124.16 -124.16 -124.16 -124.16 -124.16 -124.19 -124.19 -124.16 -124.16 -124.16 -124.16
-123.50 -123.53 -123.53 -123.56 -123.59 -123.62 -123.66 -123.69 -123.75 -123.78 -123.84 -123.88 -123.91 -123.94 -123.94 -123.94 -123.94 -123.94 -123.97 -124.00 -124.03 -124.06 -124.09 -124.16 -124.19 -124.22 -124.25 -124.28 -124.31 -124.34 -124.38 -124.41 -124.41 -124.38 -124.34 -124.28 -124.25 -124.19 -124.16 -124.16 -124.19 -124.19 -124.22 -124.22 -124.19 -124.16 -124.12 -124.09 -124.06 -124.06 -124.09 -124.12 -124.16 -124.19 -124.22 -124.25 -124.28 -124.25 -124.25 -124.25 -124.25 -124.25 -124.25 -124.25 -124.22 -124.22 -124.19
-123.78 -123.81 -123.81 -123.84 -123.88 -123.91 -123.94 -123.97 -124.03 -124.06 -124.12 -124.16 -124.19 -124.19 -124.19 -124.19 -124.19 -124.19 -124.19 -124.19 -124.22 -124.25 -124.28 -124.34 -124.38 -124.44 -124.44 -124.47 -124.50 -124.56 -124.59 -124.59 -124.59 -124.56 -124.53 -124.50 -124.44 -124.38 -124.34 -124.34 -124.38 -124.38 -124.38 -124.38 -124.38 -124.34 -124.28 -124.25 -124.22 -124.22 -124.22 -124.25 -124.31 -124.34 -124.38 -124.38 -124.38 -124.38 -124.38 -124.34 -124.34 -124.34 -124.31 -124.31 -124.31 -124.28 -124.25
-124.06 -124.09 -124.09 -124.12 -124.12 -124.16 -124.22 -124.25 -124.31 -124.34 -124.41 -124.44 -124.44 -124.47 -124.47 -124.47 -124.44 -124.44 -124.44 -124.44 -124.44 -124.47 -124.50 -124.53 -124.59 -124.62 -124.66 -124.69 -124.72 -124.75 -124.78 -124.81 -124.78 -124.78 -124.72 -124.69 -124.62 -124.56 -124.53 -124.53 -124.53 -124.56 -124.56 -124.56 -124.53 -124.50 -124.47 -124.41 -124.38 -124.38 -124.38 -124.41 -124.44 -124.47 -124.50 -124.50 -124.50 -124.50 -124.47 -124.47 -124.44 -124.44 -124.41 -124.41 -124.38 -124.34 -124.31
-124.38 -124.38 -124.38 -124.41 -124.41 -124.44 -124.50 -124.53 -124.59 -124.62 -124.69 -124.72 -124.72 -124.72 -124.72 -124.72 -124.72 -124.69 -124.66 -124.66 -124.66 -124.69 -124.72 -124.75 -124.78 -124.81 -124.84 -124.91 -124.94 -124.97 -125.00 -125.00 -125.00 -124.97 -124.94 -124.88 -124.81 -124.75 -124.72 -124.69 -124.72 -124.72 -124.72 -124.72 -124.72 -124.66 -124.62 -124.59 -124.53 -124.53 -124.53 -124.56 -124.59 -124.62 -124.62 -124.62 -124.62 -124.59 -124.59 -124.56 -124.53 -124.50 -124.50 -124.47 -124.44 -124.41 -124.38
-124.66 -124.69 -124.69 -124.69 -124.72 -124.72 -124.78 -124.81 -124.88 -124.94 -124.97 -125.00 -125.00 -125.00 -125.00 -125.00 -124.97 -124.94 -124.91 -124.91 -124.91 -124.91 -124.94 -124.97 -125.00 -125.03 -125.06 -125.09 -125.12 -125.16 -125.19 -125.19 -125.19 -125.16 -125.12 -125.06 -124.97 -124.94 -124.88 -124.88 -124.88 -124.91 -124.91 -124.88 -124.88 -124.84 -124.78 -124.75 -124.72 -124.69 -124.69 -124.69 -124.72 -124.75 -124.75 -124.75 -124.75 -124.72 -124.69 -124.69 -124.62 -124.59 -124.56 -124.53 -124.50 -124.47 -124.41
-124.97 -125.00 -125.00 -125.00 -125.00 -125.03 -125.06 -125.09 -125.16 -125.22 -125.25 -125.28 -125.28 -125.28 -125.28 -125.25 -125.22 -125.19 -125.16 -125.12 -125.12 -125.16 -125.19 -125.19 -125.22 -125.25 -125.28 -125.31 -125.34 -125.38 -125.38 -125.38 -125.38 -125.34 -125.28 -125.22 -125.16 -125.09 -125.09 -125.06 -125.06 -125.06 -125.06 -125.06 -125.03 -125.00 -124.97 -124.91 -124.88 -124.84 -124.81 -124.84 -124.84 -124.88 -124.88 -124.88 -124.88 -124.84 -124.81 -124.78 -124.75 -124.69 -124.66 -124.62 -124.56 -124.50 -124.44
-125.31 -125.31 -125.31 -125.31 -125.31 -125.31 -125.34 -125.38 -125.44 -125.50 -125.53 -125.56 -125.56 -125.56 -125.53 -125.53 -125.50 -125.44 -125.41 -125.38 -125.38 -125.38 -125.41 -125.44 -125.47 -125.47 -125.50 -125.53 -125.56 -125.56 -125.59 -125.59 -125.56 -125.53 -125.47 -125.41 -125.34 -125.31 -125.28 -125.25 -125.25 -125.25 -125.22 -125.22 -125.19 -125.16 -125.12 -125.06 -125.03 -125.00 -124.97 -124.97 -125.00 -125.00 -125.00 -125.00 -125.00 -124.97 -124.94 -124.91 -124.84 -124.78 -124.75 -124.69 -124.62 -124.56 -124.50
