everonasctiles/Tile1,48.asc
ncols 128
nrows 128
xllcorner 0
yllcorner 0
cellsize 2.0
NODATA_value  -9999
[rows 64 to 95 of 128, columns 0 to 70 of 128]
-54.03 -54.09 -54.16 -54.19 -54.22 -54.22 -54.22 -54.19 -54.19 -54.31 -54.56 -54.81 -55.06 -55.25 -55.41 -55.50 -55.50 -55.47 -55.41 -55.34 -55.31 -55.31 -55.34 -55.34 -55.34 -55.34 -55.34 -55.38 -55.44 -55.47 -55.50 -55.47 -55.38 -55.25 -55.09 -54.91 -54.78 -54.66 -54.59 -54.56 -54.50 -54.44 -54.38 -54.28 -54.25 -54.16 -54.06 -53.88 -53.69 -53.47 -53.31 -53.25 -53.38 -53.50 -53.59 -53.66 -53.66 -53.59 -53.47 -53.28 -53.09 -52.91 -52.72 -52.56 -52.38 -52.16 -51.94 -51.72 -51.50 -51.28 -51.09
-53.75 -53.78 -53.81 -53.84 -53.84 -53.84 -53.88 -53.88 -53.91 -54.06 -54.31 -54.56 -54.78 -54.97 -55.12 -55.19 -55.22 -55.16 -55.09 -55.03 -54.97 -54.94 -54.97 -55.03 -55.03 -55.03 -55.06 -55.06 -55.12 -55.16 -55.19 -55.16 -55.06 -54.94 -54.78 -54.62 -54.47 -54.34 -54.25 -54.16 -54.09 -54.03 -53.97 -53.91 -53.84 -53.78 -53.69 -53.56 -53.41 -53.22 -53.03 -52.88 -52.91 -53.06 -53.19 -53.25 -53.28 -53.25 -53.12 -53.00 -52.81 -52.66 -52.47 -52.31 -52.12 -51.94 -51.75 -51.53 -51.34 -51.16 -50.97
-53.47 -53.47 -53.50 -53.53 -53.53 -53.56 -53.56 -53.59 -53.69 -53.88 -54.06 -54.31 -54.53 -54.72 -54.84 -54.91 -54.94 -54.91 -54.81 -54.75 -54.66 -54.62 -54.66 -54.69 -54.75 -54.75 -54.75 -54.78 -54.81 -54.84 -54.88 -54.84 -54.78 -54.62 -54.50 -54.34 -54.19 -54.06 -53.94 -53.81 -53.75 -53.66 -53.59 -53.53 -53.47 -53.44 -53.34 -53.25 -53.12 -52.94 -52.75 -52.59 -52.53 -52.66 -52.78 -52.88 -52.91 -52.88 -52.81 -52.69 -52.56 -52.38 -52.22 -52.06 -51.91 -51.72 -51.56 -51.38 -51.22 -51.03 -50.88
-53.22 -53.22 -53.25 -53.25 -53.28 -53.28 -53.31 -53.38 -53.50 -53.66 -53.88 -54.09 -54.28 -54.47 -54.59 -54.66 -54.69 -54.66 -54.59 -54.50 -54.41 -54.34 -54.38 -54.41 -54.47 -54.47 -54.47 -54.50 -54.50 -54.56 -54.56 -54.56 -54.47 -54.34 -54.19 -54.06 -53.94 -53.78 -53.66 -53.53 -53.41 -53.31 -53.25 -53.19 -53.12 -53.09 -53.03 -52.97 -52.84 -52.69 -52.53 -52.34 -52.22 -52.31 -52.41 -52.50 -52.56 -52.53 -52.47 -52.38 -52.28 -52.12 -51.97 -51.81 -51.69 -51.53 -51.38 -51.22 -51.06 -50.94 -50.81
-53.00 -53.00 -53.00 -53.03 -53.03 -53.06 -53.12 -53.19 -53.31 -53.50 -53.69 -53.88 -54.06 -54.22 -54.34 -54.41 -54.44 -54.44 -54.38 -54.28 -54.19 -54.12 -54.12 -54.16 -54.19 -54.22 -54.22 -54.22 -54.22 -54.25 -54.28 -54.25 -54.19 -54.06 -53.94 -53.78 -53.66 -53.53 -53.41 -53.25 -53.12 -53.03 -52.94 -52.88 -52.81 -52.78 -52.72 -52.69 -52.59 -52.47 -52.31 -52.16 -52.00 -52.00 -52.09 -52.16 -52.19 -52.19 -52.16 -52.09 -52.00 -51.88 -51.75 -51.62 -51.47 -51.34 -51.19 -51.09 -50.97 -50.84 -50.75
-52.81 -52.81 -52.84 -52.84 -52.88 -52.91 -52.97 -53.06 -53.19 -53.34 -53.50 -53.69 -53.84 -54.00 -54.12 -54.19 -54.22 -54.22 -54.16 -54.06 -54.00 -53.91 -53.91 -53.94 -53.97 -53.97 -53.97 -53.97 -53.97 -53.97 -53.97 -53.97 -53.91 -53.81 -53.69 -53.53 -53.41 -53.28 -53.16 -53.03 -52.88 -52.75 -52.66 -52.56 -52.53 -52.47 -52.44 -52.41 -52.34 -52.25 -52.12 -51.97 -51.81 -51.75 -51.78 -51.84 -51.88 -51.88 -51.84 -51.78 -51.72 -51.66 -51.53 -51.44 -51.31 -51.19 -51.06 -50.97 -50.88 -50.78 -50.69
-52.66 -52.66 -52.69 -52.72 -52.75 -52.78 -52.84 -52.97 -53.09 -53.22 -53.38 -53.53 -53.66 -53.81 -53.91 -53.97 -54.00 -54.00 -53.94 -53.88 -53.78 -53.72 -53.69 -53.72 -53.75 -53.75 -53.75 -53.72 -53.72 -53.72 -53.72 -53.69 -53.62 -53.56 -53.44 -53.31 -53.16 -53.03 -52.94 -52.81 -52.66 -52.53 -52.41 -52.31 -52.25 -52.22 -52.22 -52.19 -52.16 -52.06 -51.94 -51.78 -51.62 -51.53 -51.53 -51.56 -51.56 -51.56 -51.56 -51.53 -51.47 -51.44 -51.38 -51.28 -51.16 -51.06 -50.94 -50.84 -50.78 -50.72 -50.62
-52.53 -52.56 -52.56 -52.59 -52.66 -52.72 -52.78 -52.88 -53.00 -53.12 -53.25 -53.38 -53.50 -53.62 -53.72 -53.78 -53.78 -53.78 -53.75 -53.69 -53.59 -53.53 -53.50 -53.50 -53.53 -53.56 -53.53 -53.53 -53.50 -53.47 -53.44 -53.41 -53.38 -53.31 -53.19 -53.06 -52.94 -52.81 -52.72 -52.59 -52.47 -52.34 -52.22 -52.12 -52.03 -52.00 -51.97 -51.97 -51.94 -51.88 -51.75 -51.59 -51.47 -51.34 -51.28 -51.28 -51.31 -51.31 -51.31 -51.31 -51.28 -51.25 -51.19 -51.12 -51.03 -50.94 -50.84 -50.75 -50.69 -50.62 -50.56
-52.44 -52.47 -52.50 -52.53 -52.59 -52.66 -52.72 -52.81 -52.91 -53.00 -53.12 -53.22 -53.34 -53.47 -53.56 -53.59 -53.62 -53.59 -53.53 -53.47 -53.41 -53.34 -53.31 -53.31 -53.34 -53.38 -53.34 -53.31 -53.28 -53.25 -53.22 -53.19 -53.12 -53.06 -52.97 -52.84 -52.72 -52.59 -52.50 -52.44 -52.31 -52.22 -52.09 -51.97 -51.88 -51.81 -51.78 -51.78 -51.72 -51.66 -51.56 -51.44 -51.28 -51.19 -51.09 -51.09 -51.09 -51.09 -51.09 -51.09 -51.09 -51.06 -51.03 -51.00 -50.94 -50.84 -50.75 -50.69 -50.59 -50.53 -50.47
-52.38 -52.41 -52.44 -52.47 -52.53 -52.59 -52.69 -52.75 -52.84 -52.91 -53.00 -53.09 -53.19 -53.31 -53.41 -53.44 -53.44 -53.41 -53.34 -53.31 -53.25 -53.19 -53.16 -53.16 -53.16 -53.19 -53.16 -53.12 -53.09 -53.03 -53.00 -52.97 -52.91 -52.84 -52.75 -52.66 -52.53 -52.41 -52.31 -52.25 -52.19 -52.09 -51.97 -51.84 -51.75 -51.66 -51.62 -51.59 -51.53 -51.47 -51.38 -51.28 -51.16 -51.03 -50.94 -50.91 -50.91 -50.91 -50.91 -50.91 -50.91 -50.91 -50.91 -50.84 -50.78 -50.72 -50.66 -50.56 -50.50 -50.44 -50.41
-52.41 -52.38 -52.38 -52.41 -52.47 -52.53 -52.59 -52.69 -52.75 -52.81 -52.88 -52.94 -53.06 -53.16 -53.22 -53.28 -53.28 -53.25 -53.19 -53.12 -53.06 -53.03 -53.00 -52.97 -53.00 -53.00 -53.00 -52.94 -52.91 -52.88 -52.81 -52.75 -52.69 -52.62 -52.53 -52.44 -52.34 -52.22 -52.16 -52.09 -52.03 -51.97 -51.84 -51.75 -51.62 -51.53 -51.47 -51.41 -51.38 -51.31 -51.22 -51.09 -51.00 -50.88 -50.78 -50.75 -50.72 -50.72 -50.72 -50.72 -50.75 -50.75 -50.72 -50.72 -50.66 -50.59 -50.53 -50.47 -50.41 -50.34 -50.31
-52.44 -52.41 -52.38 -52.38 -52.41 -52.47 -52.53 -52.59 -52.62 -52.69 -52.75 -52.81 -52.91 -53.00 -53.06 -53.09 -53.09 -53.06 -53.03 -53.00 -52.94 -52.88 -52.84 -52.84 -52.84 -52.84 -52.81 -52.78 -52.75 -52.69 -52.66 -52.59 -52.53 -52.44 -52.34 -52.25 -52.16 -52.06 -51.97 -51.94 -51.88 -51.81 -51.72 -51.62 -51.53 -51.41 -51.34 -51.28 -51.22 -51.12 -51.06 -50.97 -50.84 -50.75 -50.66 -50.59 -50.56 -50.56 -50.56 -50.56 -50.56 -50.56 -50.56 -50.56 -50.53 -50.47 -50.41 -50.38 -50.31 -50.25 -50.22
-52.47 -52.41 -52.38 -52.38 -52.38 -52.41 -52.44 -52.50 -52.53 -52.56 -52.62 -52.69 -52.75 -52.84 -52.91 -52.94 -52.94 -52.94 -52.91 -52.84 -52.81 -52.78 -52.72 -52.72 -52.69 -52.69 -52.69 -52.66 -52.59 -52.56 -52.50 -52.44 -52.38 -52.28 -52.19 -52.09 -51.97 -51.88 -51.81 -51.75 -51.72 -51.66 -51.59 -51.50 -51.41 -51.31 -51.22 -51.16 -51.09 -51.00 -50.91 -50.81 -50.72 -50.62 -50.53 -50.47 -50.44 -50.41 -50.41 -50.41 -50.41 -50.41 -50.44 -50.41 -50.38 -50.34 -50.31 -50.25 -50.22 -50.19 -50.12
-52.53 -52.47 -52.41 -52.38 -52.38 -52.38 -52.38 -52.41 -52.44 -52.47 -52.50 -52.56 -52.62 -52.69 -52.75 -52.78 -52.81 -52.78 -52.75 -52.75 -52.69 -52.66 -52.62 -52.59 -52.56 -52.53 -52.53 -52.50 -52.47 -52.44 -52.38 -52.31 -52.25 -52.16 -52.06 -51.94 -51.84 -51.72 -51.66 -51.59 -51.56 -51.50 -51.44 -51.34 -51.25 -51.19 -51.09 -51.03 -50.94 -50.88 -50.78 -50.66 -50.56 -50.47 -50.41 -50.38 -50.31 -50.28 -50.28 -50.25 -50.25 -50.28 -50.28 -50.28 -50.25 -50.22 -50.19 -50.16 -50.12 -50.09 -50.06
-52.56 -52.50 -52.47 -52.41 -52.38 -52.38 -52.34 -52.34 -52.34 -52.38 -52.41 -52.47 -52.50 -52.56 -52.62 -52.66 -52.66 -52.66 -52.66 -52.62 -52.59 -52.53 -52.50 -52.44 -52.41 -52.41 -52.41 -52.38 -52.38 -52.31 -52.28 -52.22 -52.16 -52.06 -51.94 -51.84 -51.72 -51.62 -51.53 -51.47 -51.41 -51.38 -51.31 -51.22 -51.12 -51.03 -50.97 -50.88 -50.81 -50.72 -50.62 -50.53 -50.44 -50.34 -50.31 -50.25 -50.22 -50.19 -50.16 -50.12 -50.12 -50.16 -50.16 -50.16 -50.12 -50.12 -50.12 -50.09 -50.06 -50.03 -49.97
-52.59 -52.53 -52.50 -52.44 -52.41 -52.38 -52.34 -52.31 -52.31 -52.31 -52.34 -52.38 -52.41 -52.47 -52.50 -52.53 -52.56 -52.56 -52.56 -52.53 -52.50 -52.44 -52.38 -52.34 -52.28 -52.28 -52.25 -52.25 -52.25 -52.22 -52.19 -52.12 -52.06 -51.97 -51.88 -51.75 -51.62 -51.53 -51.44 -51.34 -51.28 -51.22 -51.16 -51.09 -51.00 -50.91 -50.81 -50.75 -50.69 -50.59 -50.50 -50.41 -50.31 -50.25 -50.19 -50.16 -50.12 -50.09 -50.03 -50.03 -50.03 -50.03 -50.03 -50.03 -50.03 -50.03 -50.03 -50.00 -50.00 -49.97 -49.91
-52.62 -52.56 -52.50 -52.47 -52.44 -52.38 -52.34 -52.31 -52.28 -52.28 -52.28 -52.31 -52.34 -52.38 -52.41 -52.41 -52.44 -52.47 -52.47 -52.44 -52.41 -52.34 -52.28 -52.22 -52.16 -52.12 -52.12 -52.12 -52.12 -52.09 -52.06 -52.03 -51.97 -51.88 -51.78 -51.69 -51.59 -51.47 -51.38 -51.28 -51.19 -51.09 -51.03 -50.94 -50.84 -50.78 -50.69 -50.59 -50.53 -50.47 -50.38 -50.28 -50.19 -50.12 -50.09 -50.06 -50.03 -50.00 -49.97 -49.94 -49.94 -49.94 -49.94 -49.94 -49.94 -49.94 -49.94 -49.94 -49.91 -49.88 -49.84
-52.62 -52.56 -52.53 -52.47 -52.44 -52.41 -52.34 -52.31 -52.28 -52.28 -52.28 -52.28 -52.28 -52.28 -52.31 -52.34 -52.34 -52.38 -52.38 -52.34 -52.31 -52.25 -52.19 -52.12 -52.06 -52.00 -52.00 -52.00 -52.00 -52.00 -51.97 -51.94 -51.88 -51.81 -51.72 -51.62 -51.56 -51.44 -51.34 -51.25 -51.12 -51.03 -50.91 -50.81 -50.72 -50.62 -50.53 -50.47 -50.38 -50.31 -50.25 -50.16 -50.09 -50.03 -50.00 -49.97 -49.94 -49.91 -49.88 -49.84 -49.84 -49.84 -49.84 -49.84 -49.84 -49.84 -49.88 -49.88 -49.84 -49.81 -49.78
-52.62 -52.59 -52.53 -52.50 -52.47 -52.41 -52.38 -52.31 -52.31 -52.28 -52.25 -52.25 -52.25 -52.22 -52.22 -52.25 -52.28 -52.28 -52.28 -52.25 -52.22 -52.16 -52.09 -52.03 -51.94 -51.91 -51.88 -51.88 -51.88 -51.88 -51.88 -51.84 -51.78 -51.75 -51.66 -51.59 -51.50 -51.44 -51.31 -51.22 -51.09 -50.94 -50.81 -50.72 -50.59 -50.50 -50.41 -50.31 -50.25 -50.19 -50.12 -50.06 -50.00 -49.94 -49.91 -49.88 -49.84 -49.81 -49.78 -49.75 -49.75 -49.75 -49.75 -49.78 -49.78 -49.78 -49.78 -49.78 -49.78 -49.75 -49.72
-52.66 -52.59 -52.53 -52.50 -52.47 -52.41 -52.38 -52.34 -52.31 -52.28 -52.25 -52.22 -52.19 -52.19 -52.16 -52.19 -52.19 -52.19 -52.19 -52.16 -52.12 -52.06 -52.00 -51.91 -51.84 -51.78 -51.75 -51.75 -51.75 -51.78 -51.75 -51.75 -51.72 -51.66 -51.59 -51.53 -51.47 -51.38 -51.28 -51.16 -51.03 -50.91 -50.75 -50.62 -50.50 -50.38 -50.28 -50.19 -50.09 -50.06 -50.00 -49.94 -49.88 -49.84 -49.81 -49.78 -49.75 -49.72 -49.69 -49.69 -49.69 -49.69 -49.69 -49.69 -49.72 -49.72 -49.72 -49.72 -49.72 -49.69 -49.66
-52.66 -52.59 -52.53 -52.50 -52.47 -52.41 -52.38 -52.34 -52.31 -52.28 -52.25 -52.19 -52.16 -52.12 -52.09 -52.09 -52.12 -52.12 -52.09 -52.06 -52.03 -51.94 -51.88 -51.81 -51.75 -51.69 -51.66 -51.66 -51.66 -51.66 -51.66 -51.62 -51.62 -51.56 -51.53 -51.47 -51.38 -51.31 -51.22 -51.09 -50.97 -50.84 -50.69 -50.56 -50.44 -50.28 -50.19 -50.06 -50.00 -49.94 -49.88 -49.84 -49.78 -49.75 -49.72 -49.69 -49.66 -49.62 -49.59 -49.59 -49.59 -49.59 -49.59 -49.62 -49.66 -49.66 -49.66 -49.66 -49.66 -49.62 -49.59
-52.62 -52.56 -52.50 -52.47 -52.44 -52.41 -52.34 -52.31 -52.28 -52.25 -52.19 -52.16 -52.09 -52.06 -52.03 -52.03 -52.03 -52.03 -52.00 -51.97 -51.91 -51.84 -51.78 -51.72 -51.62 -51.59 -51.56 -51.53 -51.56 -51.56 -51.56 -51.53 -51.53 -51.50 -51.44 -51.38 -51.28 -51.22 -51.12 -51.03 -50.94 -50.78 -50.66 -50.50 -50.38 -50.22 -50.09 -50.00 -49.88 -49.81 -49.75 -49.72 -49.69 -49.66 -49.59 -49.56 -49.53 -49.53 -49.53 -49.50 -49.50 -49.53 -49.53 -49.56 -49.59 -49.59 -49.59 -49.59 -49.56 -49.53 -49.50
-52.59 -52.53 -52.47 -52.44 -52.41 -52.38 -52.31 -52.28 -52.25 -52.19 -52.16 -52.09 -52.06 -52.00 -51.97 -51.97 -51.97 -51.94 -51.91 -51.88 -51.81 -51.75 -51.69 -51.62 -51.56 -51.50 -51.47 -51.47 -51.47 -51.47 -51.47 -51.47 -51.44 -51.41 -51.34 -51.28 -51.22 -51.12 -51.06 -50.97 -50.88 -50.75 -50.62 -50.47 -50.34 -50.19 -50.06 -49.94 -49.81 -49.72 -49.66 -49.62 -49.59 -49.56 -49.50 -49.47 -49.44 -49.44 -49.44 -49.44 -49.44 -49.47 -49.50 -49.50 -49.53 -49.53 -49.53 -49.53 -49.50 -49.47 -49.41
-52.56 -52.47 -52.41 -52.38 -52.34 -52.31 -52.28 -52.22 -52.19 -52.12 -52.09 -52.03 -52.00 -51.97 -51.94 -51.91 -51.91 -51.88 -51.84 -51.78 -51.72 -51.66 -51.59 -51.53 -51.47 -51.44 -51.41 -51.38 -51.38 -51.38 -51.38 -51.38 -51.34 -51.31 -51.28 -51.22 -51.16 -51.06 -51.00 -50.91 -50.81 -50.69 -50.56 -50.44 -50.31 -50.16 -50.00 -49.88 -49.75 -49.66 -49.59 -49.53 -49.50 -49.47 -49.44 -49.38 -49.34 -49.34 -49.34 -49.34 -49.38 -49.41 -49.44 -49.47 -49.50 -49.50 -49.47 -49.47 -49.41 -49.38 -49.34
-52.53 -52.44 -52.34 -52.31 -52.28 -52.25 -52.19 -52.16 -52.09 -52.06 -52.00 -51.97 -51.94 -51.91 -51.88 -51.88 -51.84 -51.81 -51.75 -51.69 -51.62 -51.56 -51.50 -51.44 -51.41 -51.38 -51.34 -51.31 -51.31 -51.34 -51.31 -51.31 -51.28 -51.25 -51.22 -51.16 -51.09 -51.00 -50.94 -50.84 -50.75 -50.66 -50.53 -50.41 -50.28 -50.12 -49.97 -49.84 -49.72 -49.59 -49.53 -49.47 -49.44 -49.41 -49.34 -49.31 -49.28 -49.25 -49.25 -49.28 -49.31 -49.34 -49.38 -49.41 -49.44 -49.44 -49.41 -49.38 -49.34 -49.28 -49.25
-52.47 -52.38 -52.28 -52.25 -52.19 -52.16 -52.12 -52.06 -52.00 -51.97 -51.94 -51.91 -51.88 -51.88 -51.84 -51.84 -51.81 -51.75 -51.69 -51.59 -51.53 -51.47 -51.41 -51.38 -51.34 -51.31 -51.28 -51.28 -51.28 -51.28 -51.28 -51.25 -51.25 -51.22 -51.16 -51.09 -51.03 -50.97 -50.88 -50.81 -50.72 -50.62 -50.50 -50.38 -50.22 -50.09 -49.94 -49.81 -49.69 -49.56 -49.47 -49.41 -49.38 -49.31 -49.28 -49.22 -49.22 -49.19 -49.19 -49.19 -49.22 -49.28 -49.31 -49.34 -49.38 -49.38 -49.34 -49.31 -49.25 -49.22 -49.16
-52.41 -52.31 -52.25 -52.16 -52.12 -52.09 -52.03 -51.97 -51.94 -51.88 -51.84 -51.81 -51.81 -51.81 -51.81 -51.78 -51.75 -51.69 -51.62 -51.53 -51.44 -51.38 -51.31 -51.28 -51.25 -51.25 -51.22 -51.22 -51.22 -51.25 -51.22 -51.22 -51.19 -51.16 -51.09 -51.03 -50.97 -50.91 -50.84 -50.78 -50.69 -50.59 -50.47 -50.34 -50.19 -50.03 -49.91 -49.78 -49.66 -49.56 -49.47 -49.38 -49.31 -49.25 -49.19 -49.16 -49.12 -49.12 -49.09 -49.12 -49.16 -49.19 -49.25 -49.28 -49.28 -49.28 -49.25 -49.22 -49.19 -49.12 -49.06
-52.38 -52.28 -52.19 -52.12 -52.06 -52.03 -51.97 -51.91 -51.84 -51.78 -51.75 -51.75 -51.75 -51.75 -51.75 -51.72 -51.69 -51.62 -51.53 -51.47 -51.38 -51.28 -51.25 -51.22 -51.19 -51.19 -51.19 -51.19 -51.19 -51.19 -51.19 -51.16 -51.16 -51.12 -51.06 -51.00 -50.94 -50.84 -50.78 -50.72 -50.62 -50.53 -50.44 -50.28 -50.16 -50.00 -49.88 -49.75 -49.62 -49.53 -49.44 -49.34 -49.28 -49.22 -49.16 -49.09 -49.06 -49.03 -49.03 -49.06 -49.09 -49.12 -49.16 -49.19 -49.19 -49.19 -49.19 -49.16 -49.09 -49.06 -49.00
-52.34 -52.25 -52.16 -52.06 -52.00 -51.97 -51.91 -51.84 -51.78 -51.72 -51.69 -51.66 -51.66 -51.66 -51.66 -51.66 -51.59 -51.53 -51.47 -51.38 -51.31 -51.22 -51.19 -51.16 -51.12 -51.12 -51.12 -51.12 -51.16 -51.16 -51.12 -51.12 -51.09 -51.06 -51.03 -50.97 -50.88 -50.81 -50.75 -50.66 -50.56 -50.50 -50.38 -50.25 -50.12 -49.97 -49.84 -49.72 -49.59 -49.50 -49.41 -49.34 -49.25 -49.16 -49.09 -49.03 -49.00 -48.97 -48.97 -48.97 -49.00 -49.06 -49.09 -49.09 -49.09 -49.09 -49.06 -49.06 -49.03 -49.00 -48.94
-52.34 -52.25 -52.12 -52.06 -51.97 -51.91 -51.84 -51.78 -51.72 -51.66 -51.62 -51.59 -51.59 -51.59 -51.56 -51.56 -51.50 -51.47 -51.38 -51.31 -51.25 -51.19 -51.12 -51.09 -51.06 -51.06 -51.09 -51.09 -51.09 -51.09 -51.09 -51.06 -51.06 -51.03 -51.00 -50.94 -50.84 -50.78 -50.69 -50.62 -50.53 -50.44 -50.34 -50.22 -50.09 -49.94 -49.81 -49.69 -49.56 -49.47 -49.41 -49.31 -49.22 -49.12 -49.06 -49.00 -48.94 -48.91 -48.91 -48.94 -48.94 -48.97 -49.00 -49.00 -49.00 -48.97 -48.97 -48.97 -48.94 -48.94 -48.88
-52.34 -52.25 -52.12 -52.03 -51.97 -51.91 -51.84 -51.75 -51.69 -51.62 -51.56 -51.53 -51.53 -51.50 -51.50 -51.47 -51.41 -51.38 -51.31 -51.25 -51.19 -51.12 -51.09 -51.06 -51.03 -51.03 -51.03 -51.06 -51.06 -51.06 -51.03 -51.03 -51.03 -51.00 -50.94 -50.88 -50.81 -50.75 -50.66 -50.56 -50.47 -50.41 -50.28 -50.19 -50.06 -49.94 -49.78 -49.66 -49.56 -49.47 -49.38 -49.28 -49.19 -49.09 -49.00 -48.94 -48.91 -48.88 -48.84 -48.88 -48.91 -48.91 -48.91 -48.91 -48.88 -48.88 -48.88 -48.88 -48.88 -48.88 -48.84
-52.38 -52.25 -52.16 -52.06 -51.97 -51.91 -51.81 -51.75 -51.69 -51.62 -51.56 -51.50 -51.47 -51.44 -51.41 -51.38 -51.31 -51.28 -51.22 -51.16 -51.12 -51.09 -51.03 -51.00 -51.00 -51.00 -51.00 -51.03 -51.03 -51.00 -51.00 -50.97 -50.97 -50.94 -50.91 -50.84 -50.78 -50.72 -50.62 -50.53 -50.44 -50.34 -50.25 -50.16 -50.03 -49.91 -49.78 -49.66 -49.53 -49.44 -49.34 -49.22 -49.12 -49.06 -48.97 -48.91 -48.88 -48.81 -48.81 -48.81 -48.84 -48.84 -48.81 -48.81 -48.78 -48.78 -48.78 -48.78 -48.78 -48.81 -48.78
