everonasctiles/Tile[34,26].asc
ncols 128
nrows 128
xllcorner 0
yllcorner 0
cellsize 2.0
NODATA_value  -9999
[rows 93 to 123 of 128, columns 0 to 70 of 128]
-93.66 -93.84 -94.03 -94.25 -94.44 -94.62 -94.81 -95.00 -95.19 -95.34 -95.50 -95.66 -95.78 -95.91 -96.03 -96.12 -96.25 -96.34 -96.44 -96.53 -96.62 -96.75 -96.84 -96.97 -97.06 -97.19 -97.31 -97.41 -97.53 -97.62 -97.72 -97.81 -97.94 -98.03 -98.16 -98.25 -98.38 -98.47 -98.59 -98.69 -98.78 -98.88 -98.97 -99.06 -99.12 -99.22 -99.31 -99.38 -99.44 -99.53 -99.59 -99.66 -99.72 -99.78 -99.81 -99.88 -99.91 -99.97 -100.00 -100.03 -100.09 -100.12 -100.16 -100.19 -100.22 -100.22 -100.22 -100.25 -100.25 -100.28 -100.31
-93.81 -94.00 -94.19 -94.38 -94.56 -94.75 -94.94 -95.12 -95.31 -95.47 -95.62 -95.78 -95.91 -96.03 -96.16 -96.25 -96.34 -96.44 -96.53 -96.62 -96.72 -96.81 -96.94 -97.03 -97.16 -97.28 -97.41 -97.53 -97.62 -97.72 -97.81 -97.94 -98.03 -98.12 -98.22 -98.31 -98.44 -98.53 -98.62 -98.72 -98.81 -98.91 -99.00 -99.06 -99.16 -99.22 -99.31 -99.38 -99.47 -99.53 -99.59 -99.66 -99.72 -99.78 -99.84 -99.88 -99.94 -99.97 -100.00 -100.06 -100.09 -100.12 -100.16 -100.19 -100.22 -100.25 -100.25 -100.25 -100.28 -100.28 -100.31
-93.94 -94.12 -94.31 -94.50 -94.69 -94.88 -95.06 -95.25 -95.41 -95.59 -95.75 -95.91 -96.03 -96.16 -96.25 -96.34 -96.44 -96.53 -96.62 -96.72 -96.81 -96.91 -97.00 -97.12 -97.22 -97.38 -97.50 -97.59 -97.72 -97.81 -97.91 -98.00 -98.09 -98.19 -98.28 -98.38 -98.47 -98.56 -98.66 -98.75 -98.84 -98.91 -99.00 -99.06 -99.16 -99.22 -99.31 -99.38 -99.47 -99.53 -99.59 -99.66 -99.72 -99.78 -99.84 -99.88 -99.94 -99.97 -100.00 -100.06 -100.09 -100.12 -100.16 -100.19 -100.22 -100.25 -100.25 -100.28 -100.28 -100.31 -100.31
-94.06 -94.25 -94.41 -94.59 -94.78 -94.97 -95.16 -95.34 -95.50 -95.69 -95.84 -95.97 -96.12 -96.22 -96.34 -96.44 -96.53 -96.62 -96.72 -96.81 -96.91 -96.97 -97.06 -97.19 -97.31 -97.41 -97.56 -97.66 -97.78 -97.88 -97.97 -98.06 -98.19 -98.28 -98.34 -98.44 -98.53 -98.59 -98.69 -98.78 -98.84 -98.91 -99.00 -99.06 -99.16 -99.22 -99.31 -99.38 -99.44 -99.53 -99.59 -99.66 -99.72 -99.78 -99.81 -99.88 -99.91 -99.97 -100.00 -100.03 -100.09 -100.12 -100.16 -100.19 -100.22 -100.25 -100.25 -100.28 -100.28 -100.31 -100.31
-94.19 -94.34 -94.53 -94.72 -94.91 -95.06 -95.25 -95.44 -95.59 -95.75 -95.91 -96.06 -96.19 -96.31 -96.41 -96.50 -96.59 -96.69 -96.78 -96.88 -96.97 -97.06 -97.16 -97.25 -97.34 -97.47 -97.59 -97.72 -97.84 -97.94 -98.03 -98.12 -98.22 -98.31 -98.41 -98.50 -98.56 -98.66 -98.72 -98.78 -98.84 -98.94 -99.00 -99.06 -99.12 -99.19 -99.28 -99.38 -99.44 -99.50 -99.59 -99.66 -99.72 -99.75 -99.81 -99.84 -99.91 -99.94 -100.00 -100.03 -100.06 -100.12 -100.16 -100.19 -100.22 -100.22 -100.25 -100.28 -100.28 -100.31 -100.31
-94.28 -94.47 -94.62 -94.81 -95.00 -95.16 -95.34 -95.50 -95.69 -95.84 -95.97 -96.12 -96.25 -96.34 -96.47 -96.56 -96.66 -96.72 -96.81 -96.91 -97.00 -97.09 -97.19 -97.31 -97.41 -97.53 -97.66 -97.75 -97.88 -97.97 -98.06 -98.16 -98.25 -98.38 -98.44 -98.53 -98.59 -98.69 -98.75 -98.81 -98.88 -98.94 -99.00 -99.06 -99.12 -99.19 -99.25 -99.34 -99.44 -99.50 -99.56 -99.62 -99.69 -99.75 -99.81 -99.84 -99.91 -99.94 -100.00 -100.03 -100.06 -100.09 -100.12 -100.16 -100.19 -100.22 -100.25 -100.28 -100.28 -100.31 -100.31
-94.38 -94.56 -94.72 -94.91 -95.09 -95.25 -95.44 -95.59 -95.75 -95.91 -96.03 -96.19 -96.28 -96.41 -96.50 -96.59 -96.69 -96.78 -96.84 -96.94 -97.03 -97.16 -97.25 -97.34 -97.47 -97.56 -97.69 -97.81 -97.91 -98.00 -98.09 -98.19 -98.28 -98.38 -98.47 -98.56 -98.62 -98.69 -98.75 -98.81 -98.88 -98.94 -99.00 -99.03 -99.09 -99.16 -99.25 -99.31 -99.41 -99.47 -99.56 -99.62 -99.69 -99.75 -99.78 -99.84 -99.91 -99.94 -100.00 -100.03 -100.06 -100.09 -100.12 -100.16 -100.19 -100.22 -100.25 -100.25 -100.28 -100.28 -100.28
-94.47 -94.62 -94.81 -95.00 -95.16 -95.34 -95.50 -95.66 -95.81 -95.97 -96.09 -96.22 -96.34 -96.44 -96.56 -96.66 -96.72 -96.81 -96.88 -96.97 -97.06 -97.19 -97.28 -97.41 -97.50 -97.62 -97.72 -97.84 -97.94 -98.03 -98.12 -98.22 -98.31 -98.41 -98.50 -98.56 -98.66 -98.72 -98.78 -98.81 -98.88 -98.94 -98.97 -99.03 -99.09 -99.16 -99.22 -99.31 -99.38 -99.44 -99.53 -99.59 -99.66 -99.72 -99.78 -99.84 -99.88 -99.94 -99.97 -100.03 -100.06 -100.09 -100.09 -100.12 -100.16 -100.19 -100.22 -100.25 -100.28 -100.28 -100.28
-94.53 -94.72 -94.88 -95.06 -95.22 -95.41 -95.56 -95.72 -95.88 -96.00 -96.12 -96.25 -96.38 -96.50 -96.59 -96.69 -96.75 -96.84 -96.91 -97.00 -97.09 -97.19 -97.31 -97.44 -97.56 -97.66 -97.78 -97.88 -97.97 -98.06 -98.16 -98.25 -98.34 -98.41 -98.50 -98.59 -98.66 -98.72 -98.78 -98.81 -98.88 -98.94 -98.97 -99.03 -99.09 -99.16 -99.22 -99.28 -99.34 -99.44 -99.50 -99.56 -99.62 -99.69 -99.75 -99.81 -99.88 -99.91 -99.97 -100.00 -100.03 -100.06 -100.09 -100.12 -100.16 -100.19 -100.22 -100.25 -100.25 -100.25 -100.25
-94.62 -94.78 -94.94 -95.12 -95.28 -95.44 -95.59 -95.75 -95.91 -96.03 -96.16 -96.28 -96.41 -96.53 -96.62 -96.69 -96.78 -96.84 -96.94 -97.03 -97.12 -97.22 -97.34 -97.47 -97.56 -97.69 -97.78 -97.91 -98.00 -98.09 -98.19 -98.25 -98.34 -98.44 -98.50 -98.56 -98.62 -98.69 -98.75 -98.81 -98.88 -98.91 -98.97 -99.03 -99.09 -99.16 -99.22 -99.28 -99.34 -99.41 -99.47 -99.53 -99.59 -99.66 -99.72 -99.78 -99.84 -99.91 -99.94 -99.97 -100.00 -100.03 -100.06 -100.09 -100.12 -100.16 -100.19 -100.22 -100.22 -100.22 -100.25
-94.72 -94.84 -95.00 -95.16 -95.34 -95.50 -95.62 -95.78 -95.94 -96.06 -96.19 -96.31 -96.44 -96.53 -96.62 -96.72 -96.78 -96.88 -96.94 -97.03 -97.12 -97.25 -97.34 -97.47 -97.59 -97.69 -97.81 -97.91 -98.00 -98.09 -98.19 -98.28 -98.34 -98.44 -98.50 -98.56 -98.62 -98.69 -98.75 -98.81 -98.88 -98.91 -98.97 -99.03 -99.09 -99.16 -99.22 -99.28 -99.34 -99.38 -99.44 -99.50 -99.56 -99.62 -99.69 -99.75 -99.81 -99.88 -99.91 -99.94 -100.00 -100.03 -100.06 -100.09 -100.12 -100.16 -100.19 -100.19 -100.22 -100.22 -100.22
-94.81 -94.97 -95.09 -95.25 -95.41 -95.53 -95.69 -95.81 -95.97 -96.09 -96.22 -96.34 -96.44 -96.56 -96.66 -96.72 -96.81 -96.88 -96.97 -97.06 -97.16 -97.25 -97.34 -97.47 -97.59 -97.69 -97.81 -97.91 -98.00 -98.09 -98.19 -98.28 -98.34 -98.41 -98.47 -98.53 -98.62 -98.69 -98.75 -98.78 -98.84 -98.91 -98.97 -99.03 -99.09 -99.16 -99.22 -99.28 -99.34 -99.38 -99.44 -99.50 -99.56 -99.59 -99.66 -99.72 -99.78 -99.81 -99.88 -99.91 -99.97 -100.00 -100.03 -100.06 -100.09 -100.12 -100.16 -100.19 -100.19 -100.19 -100.19
-94.94 -95.06 -95.19 -95.34 -95.47 -95.62 -95.75 -95.88 -96.00 -96.12 -96.25 -96.34 -96.47 -96.56 -96.66 -96.75 -96.81 -96.91 -96.97 -97.06 -97.16 -97.25 -97.34 -97.47 -97.56 -97.69 -97.78 -97.88 -98.00 -98.09 -98.16 -98.25 -98.31 -98.41 -98.47 -98.53 -98.59 -98.69 -98.72 -98.78 -98.84 -98.91 -98.97 -99.03 -99.09 -99.16 -99.22 -99.28 -99.34 -99.38 -99.44 -99.47 -99.53 -99.59 -99.62 -99.69 -99.75 -99.78 -99.84 -99.88 -99.94 -99.97 -100.00 -100.06 -100.09 -100.12 -100.16 -100.16 -100.19 -100.19 -100.19
-95.06 -95.19 -95.31 -95.44 -95.56 -95.69 -95.81 -95.94 -96.06 -96.16 -96.28 -96.38 -96.50 -96.59 -96.69 -96.75 -96.84 -96.94 -97.00 -97.09 -97.19 -97.28 -97.38 -97.47 -97.56 -97.66 -97.78 -97.88 -97.97 -98.06 -98.12 -98.22 -98.31 -98.38 -98.44 -98.53 -98.59 -98.69 -98.75 -98.81 -98.84 -98.91 -99.00 -99.06 -99.12 -99.19 -99.25 -99.28 -99.34 -99.41 -99.44 -99.47 -99.53 -99.56 -99.62 -99.66 -99.72 -99.75 -99.81 -99.84 -99.91 -99.94 -100.00 -100.03 -100.06 -100.12 -100.12 -100.16 -100.16 -100.19 -100.19
-95.19 -95.31 -95.44 -95.56 -95.66 -95.78 -95.91 -96.00 -96.12 -96.22 -96.34 -96.44 -96.53 -96.62 -96.72 -96.81 -96.88 -96.97 -97.03 -97.12 -97.22 -97.28 -97.38 -97.47 -97.56 -97.66 -97.75 -97.84 -97.94 -98.03 -98.09 -98.19 -98.28 -98.34 -98.44 -98.53 -98.59 -98.69 -98.75 -98.81 -98.88 -98.94 -99.00 -99.06 -99.12 -99.19 -99.22 -99.28 -99.34 -99.38 -99.44 -99.47 -99.50 -99.53 -99.59 -99.62 -99.69 -99.72 -99.78 -99.81 -99.88 -99.91 -99.97 -100.00 -100.06 -100.09 -100.12 -100.12 -100.16 -100.16 -100.19
-95.31 -95.41 -95.53 -95.62 -95.75 -95.88 -96.00 -96.09 -96.19 -96.28 -96.41 -96.50 -96.59 -96.69 -96.75 -96.84 -96.94 -97.00 -97.09 -97.16 -97.25 -97.31 -97.41 -97.50 -97.56 -97.66 -97.75 -97.84 -97.91 -98.00 -98.06 -98.16 -98.25 -98.34 -98.44 -98.53 -98.59 -98.69 -98.75 -98.81 -98.88 -98.94 -99.00 -99.06 -99.12 -99.16 -99.22 -99.28 -99.31 -99.38 -99.41 -99.44 -99.50 -99.53 -99.56 -99.62 -99.66 -99.72 -99.75 -99.81 -99.84 -99.91 -99.94 -100.00 -100.03 -100.06 -100.09 -100.12 -100.12 -100.16 -100.16
-95.41 -95.50 -95.59 -95.72 -95.84 -95.94 -96.06 -96.16 -96.25 -96.34 -96.44 -96.53 -96.62 -96.72 -96.81 -96.91 -96.97 -97.06 -97.12 -97.22 -97.28 -97.38 -97.44 -97.50 -97.59 -97.66 -97.75 -97.84 -97.91 -98.00 -98.06 -98.16 -98.25 -98.34 -98.44 -98.53 -98.59 -98.69 -98.75 -98.81 -98.88 -98.94 -99.00 -99.06 -99.09 -99.16 -99.22 -99.25 -99.31 -99.34 -99.38 -99.44 -99.47 -99.50 -99.56 -99.59 -99.62 -99.69 -99.75 -99.78 -99.84 -99.88 -99.94 -99.97 -100.03 -100.06 -100.06 -100.09 -100.09 -100.12 -100.16
-95.47 -95.59 -95.69 -95.78 -95.91 -96.00 -96.09 -96.22 -96.31 -96.41 -96.50 -96.59 -96.69 -96.78 -96.88 -96.94 -97.03 -97.12 -97.19 -97.25 -97.34 -97.41 -97.47 -97.53 -97.62 -97.69 -97.78 -97.84 -97.94 -98.00 -98.09 -98.16 -98.25 -98.34 -98.44 -98.53 -98.62 -98.69 -98.75 -98.81 -98.88 -98.94 -99.00 -99.03 -99.09 -99.16 -99.19 -99.22 -99.28 -99.31 -99.38 -99.41 -99.44 -99.50 -99.53 -99.56 -99.62 -99.66 -99.72 -99.78 -99.81 -99.88 -99.91 -99.97 -100.00 -100.03 -100.06 -100.06 -100.09 -100.09 -100.12
-95.56 -95.66 -95.75 -95.84 -95.94 -96.06 -96.16 -96.25 -96.34 -96.44 -96.53 -96.62 -96.72 -96.81 -96.91 -97.00 -97.09 -97.16 -97.25 -97.31 -97.38 -97.44 -97.50 -97.56 -97.66 -97.72 -97.78 -97.88 -97.94 -98.03 -98.09 -98.19 -98.28 -98.38 -98.47 -98.53 -98.62 -98.69 -98.78 -98.84 -98.88 -98.94 -99.00 -99.03 -99.06 -99.12 -99.16 -99.22 -99.25 -99.28 -99.34 -99.38 -99.41 -99.47 -99.50 -99.56 -99.59 -99.66 -99.69 -99.75 -99.81 -99.84 -99.91 -99.94 -99.97 -100.00 -100.03 -100.03 -100.06 -100.06 -100.09
-95.62 -95.72 -95.81 -95.91 -96.00 -96.09 -96.19 -96.28 -96.38 -96.47 -96.56 -96.66 -96.75 -96.84 -96.97 -97.06 -97.12 -97.22 -97.28 -97.34 -97.44 -97.50 -97.56 -97.62 -97.69 -97.75 -97.81 -97.91 -97.97 -98.06 -98.12 -98.22 -98.31 -98.41 -98.47 -98.56 -98.62 -98.69 -98.75 -98.81 -98.88 -98.94 -98.97 -99.03 -99.06 -99.09 -99.12 -99.19 -99.22 -99.25 -99.31 -99.34 -99.41 -99.44 -99.47 -99.53 -99.56 -99.62 -99.66 -99.72 -99.78 -99.81 -99.88 -99.91 -99.94 -99.97 -100.00 -100.00 -100.03 -100.06 -100.06
-95.66 -95.78 -95.88 -95.97 -96.06 -96.16 -96.25 -96.34 -96.44 -96.53 -96.62 -96.72 -96.81 -96.91 -97.00 -97.09 -97.19 -97.25 -97.34 -97.41 -97.47 -97.53 -97.59 -97.66 -97.72 -97.78 -97.84 -97.94 -98.00 -98.06 -98.16 -98.25 -98.34 -98.41 -98.50 -98.56 -98.62 -98.69 -98.75 -98.81 -98.84 -98.91 -98.97 -99.00 -99.03 -99.06 -99.12 -99.16 -99.19 -99.22 -99.28 -99.31 -99.38 -99.41 -99.44 -99.47 -99.53 -99.56 -99.62 -99.69 -99.72 -99.78 -99.81 -99.88 -99.91 -99.94 -99.94 -99.97 -100.00 -100.03 -100.06
-95.72 -95.81 -95.91 -96.00 -96.09 -96.19 -96.28 -96.38 -96.47 -96.56 -96.66 -96.75 -96.84 -96.94 -97.03 -97.12 -97.22 -97.31 -97.38 -97.44 -97.50 -97.56 -97.62 -97.69 -97.75 -97.81 -97.88 -97.97 -98.03 -98.09 -98.19 -98.25 -98.34 -98.41 -98.47 -98.53 -98.59 -98.66 -98.72 -98.78 -98.84 -98.88 -98.94 -98.97 -99.00 -99.06 -99.09 -99.12 -99.16 -99.19 -99.25 -99.28 -99.31 -99.38 -99.41 -99.44 -99.50 -99.53 -99.59 -99.62 -99.66 -99.72 -99.75 -99.81 -99.84 -99.88 -99.91 -99.94 -99.94 -99.97 -100.00
-95.75 -95.84 -95.94 -96.03 -96.12 -96.22 -96.31 -96.44 -96.53 -96.62 -96.72 -96.81 -96.91 -97.00 -97.09 -97.19 -97.25 -97.34 -97.41 -97.47 -97.53 -97.59 -97.66 -97.72 -97.78 -97.84 -97.91 -97.97 -98.06 -98.12 -98.19 -98.25 -98.34 -98.41 -98.47 -98.53 -98.59 -98.62 -98.69 -98.75 -98.81 -98.84 -98.91 -98.94 -98.97 -99.03 -99.06 -99.09 -99.12 -99.19 -99.22 -99.25 -99.28 -99.31 -99.34 -99.41 -99.44 -99.47 -99.53 -99.56 -99.62 -99.66 -99.72 -99.75 -99.78 -99.81 -99.84 -99.88 -99.91 -99.94 -99.97
-95.75 -95.84 -95.94 -96.06 -96.16 -96.25 -96.34 -96.47 -96.56 -96.66 -96.75 -96.84 -96.94 -97.03 -97.12 -97.19 -97.28 -97.34 -97.44 -97.50 -97.56 -97.62 -97.69 -97.72 -97.81 -97.88 -97.94 -98.00 -98.06 -98.12 -98.19 -98.25 -98.31 -98.38 -98.44 -98.50 -98.56 -98.59 -98.66 -98.72 -98.78 -98.84 -98.88 -98.91 -98.94 -99.00 -99.03 -99.06 -99.12 -99.16 -99.19 -99.22 -99.25 -99.28 -99.31 -99.34 -99.38 -99.44 -99.47 -99.50 -99.56 -99.59 -99.66 -99.69 -99.72 -99.75 -99.78 -99.81 -99.84 -99.88 -99.91
-95.78 -95.84 -95.97 -96.06 -96.16 -96.25 -96.38 -96.47 -96.59 -96.69 -96.78 -96.88 -96.97 -97.06 -97.12 -97.22 -97.28 -97.38 -97.44 -97.50 -97.56 -97.59 -97.66 -97.72 -97.78 -97.84 -97.91 -98.00 -98.06 -98.12 -98.16 -98.22 -98.28 -98.34 -98.41 -98.47 -98.50 -98.56 -98.62 -98.69 -98.75 -98.81 -98.84 -98.88 -98.91 -98.97 -99.00 -99.03 -99.09 -99.12 -99.16 -99.22 -99.22 -99.25 -99.28 -99.31 -99.34 -99.38 -99.41 -99.47 -99.50 -99.53 -99.59 -99.62 -99.66 -99.69 -99.72 -99.75 -99.78 -99.81 -99.84
-95.78 -95.88 -95.94 -96.06 -96.16 -96.25 -96.38 -96.47 -96.59 -96.69 -96.78 -96.88 -96.97 -97.06 -97.12 -97.22 -97.28 -97.34 -97.41 -97.47 -97.53 -97.59 -97.62 -97.69 -97.75 -97.81 -97.91 -97.97 -98.03 -98.09 -98.12 -98.19 -98.25 -98.31 -98.34 -98.41 -98.47 -98.53 -98.59 -98.66 -98.72 -98.78 -98.81 -98.84 -98.88 -98.94 -98.97 -99.03 -99.06 -99.09 -99.16 -99.19 -99.19 -99.22 -99.22 -99.25 -99.28 -99.31 -99.38 -99.41 -99.47 -99.50 -99.53 -99.56 -99.59 -99.59 -99.62 -99.66 -99.69 -99.72 -99.75
-95.81 -95.88 -95.97 -96.06 -96.16 -96.25 -96.38 -96.47 -96.56 -96.69 -96.78 -96.88 -96.94 -97.03 -97.12 -97.19 -97.28 -97.34 -97.41 -97.44 -97.50 -97.56 -97.59 -97.66 -97.72 -97.78 -97.84 -97.91 -97.97 -98.03 -98.09 -98.16 -98.19 -98.25 -98.31 -98.34 -98.41 -98.50 -98.56 -98.62 -98.69 -98.72 -98.75 -98.81 -98.84 -98.88 -98.94 -98.97 -99.03 -99.06 -99.09 -99.12 -99.16 -99.16 -99.19 -99.19 -99.22 -99.28 -99.31 -99.34 -99.41 -99.44 -99.47 -99.47 -99.50 -99.53 -99.53 -99.56 -99.59 -99.62 -99.66
-95.84 -95.91 -95.97 -96.06 -96.16 -96.25 -96.38 -96.47 -96.56 -96.66 -96.75 -96.84 -96.91 -97.00 -97.09 -97.16 -97.25 -97.31 -97.38 -97.41 -97.47 -97.53 -97.56 -97.62 -97.69 -97.75 -97.81 -97.88 -97.94 -97.97 -98.03 -98.09 -98.16 -98.19 -98.25 -98.31 -98.38 -98.44 -98.50 -98.56 -98.62 -98.66 -98.72 -98.75 -98.78 -98.81 -98.88 -98.91 -98.97 -99.00 -99.06 -99.06 -99.09 -99.09 -99.12 -99.16 -99.19 -99.22 -99.25 -99.28 -99.34 -99.38 -99.41 -99.41 -99.41 -99.44 -99.44 -99.47 -99.50 -99.53 -99.56
-95.88 -95.94 -96.00 -96.06 -96.16 -96.25 -96.38 -96.47 -96.56 -96.62 -96.72 -96.81 -96.88 -96.97 -97.06 -97.12 -97.19 -97.25 -97.31 -97.38 -97.44 -97.47 -97.53 -97.56 -97.62 -97.69 -97.75 -97.81 -97.88 -97.91 -97.97 -98.03 -98.09 -98.12 -98.19 -98.25 -98.31 -98.38 -98.44 -98.50 -98.56 -98.59 -98.62 -98.66 -98.69 -98.75 -98.78 -98.84 -98.88 -98.94 -98.97 -99.00 -99.03 -99.03 -99.06 -99.09 -99.12 -99.16 -99.19 -99.22 -99.25 -99.28 -99.31 -99.31 -99.34 -99.34 -99.34 -99.38 -99.41 -99.44 -99.47
-95.91 -95.97 -96.03 -96.09 -96.19 -96.28 -96.38 -96.44 -96.53 -96.62 -96.69 -96.78 -96.84 -96.94 -97.00 -97.09 -97.16 -97.22 -97.28 -97.34 -97.41 -97.44 -97.50 -97.53 -97.59 -97.62 -97.69 -97.75 -97.81 -97.84 -97.91 -97.97 -98.03 -98.06 -98.12 -98.19 -98.22 -98.28 -98.34 -98.41 -98.47 -98.53 -98.56 -98.59 -98.62 -98.66 -98.69 -98.75 -98.78 -98.84 -98.91 -98.94 -98.94 -98.97 -98.97 -99.00 -99.03 -99.06 -99.09 -99.12 -99.19 -99.22 -99.22 -99.25 -99.25 -99.25 -99.25 -99.28 -99.31 -99.34 -99.38
-95.94 -96.00 -96.06 -96.12 -96.19 -96.28 -96.38 -96.44 -96.53 -96.59 -96.69 -96.75 -96.84 -96.91 -96.97 -97.03 -97.12 -97.19 -97.25 -97.31 -97.38 -97.41 -97.47 -97.50 -97.53 -97.59 -97.66 -97.69 -97.75 -97.81 -97.84 -97.91 -97.97 -98.03 -98.06 -98.12 -98.16 -98.22 -98.28 -98.34 -98.41 -98.44 -98.47 -98.50 -98.53 -98.56 -98.59 -98.66 -98.69 -98.75 -98.81 -98.84 -98.84 -98.88 -98.91 -98.94 -98.97 -99.00 -99.03 -99.06 -99.09 -99.12 -99.16 -99.16 -99.16 -99.16 -99.19 -99.19 -99.22 -99.25 -99.31
