everonasctiles/Tile[20,6].asc
ncols 128
nrows 128
xllcorner 0
yllcorner 0
cellsize 2.0
NODATA_value  -9999
[rows 64 to 95 of 128, columns 0 to 70 of 128]
-48.44 -48.47 -48.53 -48.59 -48.62 -48.69 -48.75 -48.81 -48.88 -48.91 -48.97 -49.03 -49.06 -49.09 -49.16 -49.19 -49.22 -49.22 -49.19 -49.12 -49.03 -48.91 -48.81 -48.69 -48.56 -48.47 -48.44 -48.41 -48.38 -48.34 -48.31 -48.28 -48.25 -48.19 -48.12 -48.06 -47.97 -47.81 -47.66 -47.47 -47.28 -47.09 -46.97 -46.88 -46.72 -46.50 -46.16 -45.59 -44.75 -45.00 -45.50 -45.72 -45.75 -45.56 -45.56 -45.53 -45.44 -45.28 -45.03 -44.72 -44.53 -45.09 -45.19 -45.56 -45.47 -45.75 -45.94 -46.06 -46.00 -46.25 -47.06
-48.59 -48.66 -48.72 -48.78 -48.84 -48.94 -49.00 -49.06 -49.12 -49.19 -49.22 -49.28 -49.34 -49.41 -49.47 -49.50 -49.53 -49.53 -49.47 -49.41 -49.28 -49.16 -49.03 -48.91 -48.75 -48.66 -48.62 -48.59 -48.56 -48.56 -48.50 -48.47 -48.41 -48.38 -48.28 -48.22 -48.12 -48.03 -47.84 -47.62 -47.38 -47.12 -46.94 -46.81 -46.66 -46.47 -46.12 -45.66 -44.66 -43.59 -44.97 -45.50 -45.59 -45.53 -45.41 -45.34 -45.28 -44.97 -44.91 -44.41 -44.19 -44.88 -45.12 -45.25 -45.22 -45.44 -45.53 -45.69 -45.81 -46.41 -47.09
-48.78 -48.84 -48.94 -49.00 -49.09 -49.16 -49.25 -49.31 -49.38 -49.44 -49.50 -49.56 -49.66 -49.72 -49.78 -49.81 -49.84 -49.81 -49.75 -49.66 -49.53 -49.41 -49.25 -49.09 -48.94 -48.84 -48.78 -48.75 -48.75 -48.72 -48.69 -48.62 -48.59 -48.50 -48.44 -48.34 -48.28 -48.19 -48.06 -47.84 -47.56 -47.19 -46.84 -46.66 -46.53 -46.34 -46.09 -45.69 -44.34 -43.88 -44.41 -45.19 -45.38 -45.38 -45.31 -45.00 -45.12 -44.97 -44.41 -44.12 -44.47 -44.66 -44.78 -44.84 -44.94 -45.03 -45.09 -45.38 -45.81 -46.47 -47.03
-48.97 -49.06 -49.16 -49.25 -49.31 -49.41 -49.50 -49.56 -49.62 -49.72 -49.78 -49.88 -49.94 -50.03 -50.09 -50.12 -50.16 -50.12 -50.03 -49.94 -49.78 -49.66 -49.47 -49.31 -49.16 -49.00 -48.94 -48.91 -48.91 -48.88 -48.81 -48.78 -48.72 -48.62 -48.53 -48.44 -48.34 -48.28 -48.16 -48.00 -47.72 -47.34 -46.84 -46.44 -46.25 -46.16 -46.00 -45.53 -44.22 -43.44 -43.84 -44.59 -45.12 -45.22 -45.09 -44.69 -44.75 -44.53 -44.19 -43.94 -44.25 -44.41 -44.56 -44.59 -44.78 -44.91 -44.88 -45.25 -45.84 -46.50 -46.97
-49.19 -49.28 -49.38 -49.47 -49.56 -49.66 -49.75 -49.81 -49.91 -49.97 -50.06 -50.16 -50.25 -50.34 -50.41 -50.44 -50.44 -50.41 -50.34 -50.22 -50.06 -49.91 -49.72 -49.53 -49.34 -49.16 -49.09 -49.03 -49.00 -48.97 -48.94 -48.88 -48.81 -48.72 -48.62 -48.53 -48.41 -48.28 -48.19 -48.06 -47.84 -47.47 -47.00 -46.41 -45.81 -45.47 -45.44 -44.59 -43.44 -42.62 -43.09 -43.88 -44.44 -44.72 -44.66 -44.72 -44.25 -43.91 -43.81 -43.66 -43.88 -44.00 -43.78 -44.38 -44.28 -44.38 -44.34 -45.16 -45.84 -46.53 -46.91
-49.41 -49.50 -49.59 -49.69 -49.81 -49.91 -50.00 -50.09 -50.16 -50.25 -50.34 -50.44 -50.53 -50.62 -50.69 -50.72 -50.72 -50.69 -50.62 -50.50 -50.34 -50.16 -49.97 -49.75 -49.53 -49.34 -49.22 -49.16 -49.12 -49.06 -49.03 -48.97 -48.88 -48.81 -48.72 -48.59 -48.44 -48.28 -48.16 -48.00 -47.81 -47.53 -47.09 -46.53 -45.56 -44.62 -44.06 -43.34 -42.22 -42.22 -42.59 -43.16 -43.31 -44.16 -44.53 -44.66 -44.03 -43.38 -43.19 -43.28 -43.34 -43.22 -43.47 -43.66 -44.34 -44.12 -44.25 -45.22 -45.81 -46.38 -46.78
-49.62 -49.72 -49.81 -49.94 -50.03 -50.12 -50.25 -50.34 -50.44 -50.53 -50.62 -50.72 -50.84 -50.91 -50.97 -51.00 -51.00 -50.94 -50.88 -50.78 -50.62 -50.47 -50.25 -50.03 -49.78 -49.56 -49.38 -49.28 -49.22 -49.16 -49.09 -49.00 -48.94 -48.84 -48.75 -48.62 -48.47 -48.28 -48.09 -47.91 -47.69 -47.41 -47.03 -46.50 -45.62 -44.66 -43.56 -42.78 -41.78 -41.12 -41.69 -42.62 -43.53 -43.84 -44.12 -44.03 -43.72 -43.44 -42.97 -42.56 -43.16 -43.03 -43.53 -43.66 -44.00 -43.94 -44.47 -45.41 -46.06 -46.41 -46.47
-49.84 -49.94 -50.03 -50.16 -50.28 -50.38 -50.47 -50.59 -50.69 -50.78 -50.91 -51.00 -51.09 -51.19 -51.22 -51.25 -51.22 -51.19 -51.12 -51.03 -50.91 -50.75 -50.53 -50.31 -50.06 -49.84 -49.59 -49.44 -49.31 -49.25 -49.16 -49.06 -48.94 -48.84 -48.72 -48.59 -48.44 -48.25 -48.03 -47.75 -47.53 -47.19 -46.66 -45.88 -45.41 -44.72 -44.00 -42.91 -41.94 -40.81 -41.09 -42.00 -42.94 -43.38 -43.88 -44.00 -43.62 -43.59 -42.91 -42.38 -42.53 -43.12 -43.25 -43.66 -43.59 -43.53 -44.41 -45.09 -45.94 -46.28 -46.38
-50.03 -50.12 -50.25 -50.38 -50.50 -50.59 -50.72 -50.81 -50.94 -51.03 -51.16 -51.25 -51.34 -51.41 -51.47 -51.47 -51.44 -51.41 -51.34 -51.25 -51.12 -50.97 -50.78 -50.56 -50.31 -50.06 -49.84 -49.62 -49.47 -49.34 -49.22 -49.09 -48.94 -48.81 -48.66 -48.53 -48.34 -48.16 -47.91 -47.66 -47.22 -46.84 -46.06 -45.38 -45.25 -44.53 -43.81 -42.84 -41.97 -41.34 -40.78 -41.53 -42.19 -42.91 -43.38 -43.75 -43.50 -43.25 -42.69 -41.75 -42.47 -43.16 -43.16 -43.62 -43.44 -43.81 -44.72 -45.06 -45.94 -46.22 -46.50
-50.22 -50.34 -50.47 -50.56 -50.69 -50.84 -50.94 -51.06 -51.16 -51.28 -51.38 -51.47 -51.56 -51.62 -51.69 -51.69 -51.66 -51.59 -51.50 -51.41 -51.28 -51.16 -50.94 -50.72 -50.50 -50.25 -50.03 -49.81 -49.62 -49.44 -49.28 -49.12 -48.97 -48.78 -48.56 -48.31 -48.06 -47.81 -47.47 -47.31 -46.94 -46.38 -45.53 -44.91 -44.53 -44.00 -43.44 -42.84 -42.78 -42.06 -41.19 -41.06 -41.81 -42.94 -43.38 -43.44 -43.16 -42.50 -42.34 -42.28 -42.53 -43.12 -43.34 -43.38 -43.44 -44.19 -45.00 -45.38 -45.69 -46.06 -46.47
-50.41 -50.53 -50.66 -50.78 -50.91 -51.03 -51.16 -51.28 -51.38 -51.47 -51.59 -51.69 -51.78 -51.84 -51.91 -51.91 -51.88 -51.81 -51.69 -51.56 -51.41 -51.25 -51.06 -50.84 -50.59 -50.38 -50.16 -49.94 -49.75 -49.53 -49.34 -49.16 -48.97 -48.75 -48.47 -48.03 -47.44 -46.84 -46.75 -46.75 -46.47 -46.00 -45.00 -44.22 -43.78 -43.44 -43.00 -42.44 -42.69 -42.28 -41.22 -41.44 -41.72 -42.31 -43.00 -43.03 -42.94 -42.66 -42.34 -42.38 -42.88 -43.12 -43.38 -43.44 -43.97 -44.56 -45.03 -45.66 -45.84 -46.22 -46.69
-50.59 -50.69 -50.81 -50.97 -51.09 -51.25 -51.38 -51.50 -51.59 -51.69 -51.78 -51.88 -51.97 -52.06 -52.12 -52.12 -52.09 -52.00 -51.84 -51.69 -51.50 -51.31 -51.12 -50.91 -50.69 -50.44 -50.19 -50.00 -49.81 -49.62 -49.41 -49.19 -48.97 -48.72 -48.41 -47.94 -47.09 -46.12 -45.56 -45.47 -45.66 -45.34 -44.72 -44.12 -43.59 -43.03 -42.38 -42.12 -42.03 -41.72 -41.50 -41.69 -42.06 -42.28 -42.59 -42.94 -42.47 -42.72 -42.38 -42.31 -42.97 -43.19 -43.25 -43.62 -44.44 -44.75 -45.09 -45.41 -45.94 -46.28 -46.59
-50.75 -50.88 -51.00 -51.16 -51.28 -51.44 -51.56 -51.69 -51.78 -51.88 -51.97 -52.06 -52.12 -52.22 -52.28 -52.31 -52.28 -52.19 -52.03 -51.84 -51.62 -51.41 -51.19 -50.94 -50.72 -50.44 -50.19 -49.97 -49.78 -49.62 -49.44 -49.19 -48.94 -48.66 -48.31 -47.81 -46.97 -45.94 -44.94 -44.25 -44.59 -44.69 -44.34 -43.88 -43.56 -43.03 -42.47 -42.19 -42.03 -41.50 -41.44 -41.81 -42.25 -42.59 -42.81 -42.69 -42.44 -42.44 -41.97 -42.31 -42.88 -43.06 -43.19 -43.50 -44.25 -44.69 -44.94 -45.25 -45.66 -46.25 -46.59
-50.94 -51.06 -51.19 -51.34 -51.47 -51.59 -51.72 -51.84 -51.97 -52.06 -52.12 -52.22 -52.28 -52.38 -52.44 -52.44 -52.44 -52.34 -52.19 -51.97 -51.75 -51.50 -51.25 -50.97 -50.72 -50.41 -50.12 -49.88 -49.69 -49.53 -49.38 -49.16 -48.84 -48.47 -48.06 -47.53 -46.88 -45.81 -44.75 -43.66 -43.31 -43.62 -43.81 -43.59 -43.09 -42.88 -42.66 -42.53 -42.00 -41.34 -41.19 -41.81 -42.31 -42.84 -42.94 -42.69 -42.50 -42.06 -41.84 -42.34 -43.00 -43.19 -43.50 -43.75 -44.12 -44.44 -44.88 -45.12 -45.56 -46.12 -46.53
-51.09 -51.22 -51.38 -51.50 -51.62 -51.75 -51.88 -52.00 -52.12 -52.22 -52.28 -52.34 -52.41 -52.47 -52.53 -52.56 -52.53 -52.44 -52.31 -52.09 -51.88 -51.59 -51.31 -51.03 -50.72 -50.41 -50.00 -49.69 -49.50 -49.38 -49.22 -49.00 -48.66 -48.06 -47.50 -47.00 -46.53 -45.66 -44.66 -43.56 -42.75 -42.75 -43.16 -43.16 -42.84 -42.84 -42.81 -42.50 -42.00 -41.41 -41.59 -42.09 -42.47 -42.81 -42.84 -42.91 -42.81 -42.31 -42.03 -42.22 -42.84 -43.41 -43.69 -43.97 -44.16 -44.56 -44.97 -45.28 -45.69 -46.09 -46.38
-51.28 -51.38 -51.50 -51.66 -51.78 -51.91 -52.03 -52.16 -52.25 -52.38 -52.44 -52.50 -52.53 -52.56 -52.59 -52.62 -52.59 -52.53 -52.41 -52.19 -51.94 -51.66 -51.38 -51.06 -50.75 -50.41 -49.94 -49.44 -49.16 -49.06 -48.94 -48.69 -48.25 -47.66 -46.91 -46.38 -45.91 -45.41 -44.66 -43.66 -42.75 -42.47 -42.56 -42.69 -42.72 -42.78 -42.69 -42.50 -42.03 -41.53 -41.75 -42.22 -42.53 -42.84 -42.94 -42.88 -42.81 -42.47 -42.25 -42.31 -42.84 -43.50 -43.94 -44.16 -44.28 -44.56 -45.00 -45.47 -45.59 -45.81 -46.16
-51.44 -51.53 -51.66 -51.78 -51.91 -52.03 -52.16 -52.28 -52.38 -52.47 -52.56 -52.59 -52.62 -52.62 -52.66 -52.66 -52.62 -52.56 -52.44 -52.25 -52.00 -51.69 -51.38 -51.06 -50.75 -50.38 -49.94 -49.31 -48.75 -48.53 -48.41 -48.19 -47.81 -47.22 -46.50 -45.88 -45.44 -45.03 -44.47 -43.66 -42.84 -42.31 -42.25 -42.19 -42.28 -42.31 -42.38 -42.38 -42.19 -42.00 -41.88 -42.19 -42.44 -42.84 -43.00 -42.75 -42.81 -42.66 -42.62 -42.59 -42.88 -43.47 -43.91 -44.06 -44.28 -44.53 -45.03 -45.50 -45.62 -45.50 -45.84
-51.59 -51.69 -51.78 -51.91 -52.00 -52.12 -52.25 -52.38 -52.50 -52.59 -52.66 -52.69 -52.69 -52.69 -52.66 -52.66 -52.59 -52.53 -52.44 -52.28 -52.03 -51.72 -51.34 -51.00 -50.69 -50.34 -49.91 -49.22 -48.41 -47.88 -47.56 -47.41 -47.16 -46.75 -46.22 -45.59 -45.06 -44.69 -44.22 -43.66 -43.00 -42.47 -42.06 -41.94 -42.06 -42.06 -42.22 -42.31 -42.41 -42.25 -42.00 -42.03 -42.38 -42.56 -42.91 -42.84 -42.81 -42.75 -42.75 -42.72 -43.06 -43.44 -43.78 -44.00 -44.19 -44.56 -44.94 -45.28 -45.44 -45.41 -45.50
-51.78 -51.84 -51.91 -52.00 -52.12 -52.22 -52.34 -52.47 -52.56 -52.66 -52.75 -52.78 -52.75 -52.72 -52.66 -52.62 -52.56 -52.50 -52.41 -52.25 -52.06 -51.75 -51.38 -50.97 -50.59 -50.22 -49.75 -49.06 -48.09 -47.19 -46.62 -46.41 -46.34 -46.16 -45.84 -45.38 -44.88 -44.47 -44.03 -43.53 -43.16 -42.72 -42.31 -42.12 -42.09 -42.06 -42.09 -42.34 -42.47 -42.44 -42.25 -42.12 -42.31 -42.53 -42.69 -42.91 -43.00 -42.97 -42.91 -42.91 -43.19 -43.56 -43.84 -44.16 -44.44 -44.78 -45.00 -45.06 -45.12 -45.22 -45.38
-51.94 -51.97 -52.03 -52.12 -52.19 -52.31 -52.41 -52.53 -52.62 -52.72 -52.78 -52.81 -52.81 -52.75 -52.69 -52.59 -52.50 -52.41 -52.31 -52.19 -52.00 -51.72 -51.34 -50.94 -50.50 -50.06 -49.50 -48.72 -47.66 -46.59 -45.81 -45.44 -45.34 -45.38 -45.31 -45.06 -44.66 -44.31 -43.91 -43.53 -43.22 -42.91 -42.62 -42.47 -42.31 -42.19 -42.12 -42.28 -42.50 -42.59 -42.47 -42.38 -42.50 -42.72 -42.91 -43.06 -43.12 -43.09 -43.00 -43.12 -43.38 -43.62 -43.97 -44.44 -44.84 -45.00 -45.00 -44.91 -44.94 -45.19 -45.41
-52.06 -52.12 -52.16 -52.22 -52.28 -52.34 -52.47 -52.56 -52.66 -52.75 -52.81 -52.84 -52.81 -52.75 -52.69 -52.56 -52.44 -52.28 -52.19 -52.03 -51.88 -51.62 -51.28 -50.88 -50.38 -49.88 -49.25 -48.34 -47.28 -46.16 -45.19 -44.59 -44.41 -44.50 -44.66 -44.66 -44.44 -44.06 -43.75 -43.50 -43.22 -43.00 -42.88 -42.72 -42.53 -42.31 -42.19 -42.31 -42.53 -42.72 -42.78 -42.81 -42.88 -43.09 -43.25 -43.31 -43.38 -43.28 -43.22 -43.38 -43.53 -43.75 -44.03 -44.53 -44.97 -45.16 -45.12 -45.06 -45.09 -45.31 -45.56
-52.22 -52.25 -52.28 -52.31 -52.34 -52.41 -52.50 -52.59 -52.69 -52.75 -52.81 -52.84 -52.81 -52.78 -52.69 -52.53 -52.38 -52.19 -52.00 -51.84 -51.69 -51.44 -51.09 -50.66 -50.16 -49.62 -48.97 -48.09 -47.06 -45.94 -44.84 -44.03 -43.62 -43.69 -43.94 -44.12 -44.06 -43.81 -43.59 -43.41 -43.19 -43.06 -42.97 -42.88 -42.69 -42.53 -42.44 -42.44 -42.62 -42.91 -43.09 -43.19 -43.25 -43.38 -43.50 -43.59 -43.59 -43.53 -43.47 -43.59 -43.75 -43.97 -44.16 -44.56 -44.97 -45.25 -45.28 -45.22 -45.25 -45.50 -45.72
-52.38 -52.38 -52.41 -52.41 -52.41 -52.44 -52.50 -52.59 -52.69 -52.75 -52.81 -52.81 -52.78 -52.75 -52.66 -52.50 -52.28 -52.03 -51.78 -51.59 -51.41 -51.16 -50.78 -50.28 -49.78 -49.22 -48.59 -47.81 -46.84 -45.75 -44.69 -43.75 -43.16 -43.00 -43.22 -43.56 -43.69 -43.56 -43.38 -43.22 -43.12 -43.06 -42.97 -42.88 -42.81 -42.72 -42.66 -42.69 -42.84 -43.12 -43.34 -43.47 -43.53 -43.62 -43.81 -43.88 -43.84 -43.72 -43.69 -43.78 -43.97 -44.12 -44.31 -44.59 -44.97 -45.25 -45.41 -45.41 -45.47 -45.69 -45.84
-52.53 -52.53 -52.50 -52.50 -52.50 -52.50 -52.53 -52.59 -52.66 -52.75 -52.78 -52.78 -52.78 -52.72 -52.62 -52.44 -52.22 -51.88 -51.56 -51.31 -51.06 -50.75 -50.31 -49.81 -49.25 -48.72 -48.12 -47.41 -46.59 -45.66 -44.69 -43.78 -43.06 -42.72 -42.78 -43.12 -43.38 -43.34 -43.16 -43.03 -43.00 -42.97 -42.91 -42.84 -42.81 -42.84 -42.91 -42.97 -43.12 -43.38 -43.59 -43.72 -43.78 -43.94 -44.09 -44.19 -44.16 -44.00 -43.94 -43.97 -44.06 -44.22 -44.41 -44.59 -44.88 -45.16 -45.38 -45.47 -45.62 -45.84 -46.03
-52.69 -52.66 -52.62 -52.59 -52.56 -52.56 -52.53 -52.56 -52.62 -52.72 -52.78 -52.78 -52.75 -52.69 -52.56 -52.41 -52.12 -51.78 -51.34 -50.94 -50.56 -50.22 -49.78 -49.28 -48.72 -48.16 -47.59 -46.97 -46.28 -45.56 -44.81 -44.00 -43.31 -42.84 -42.72 -42.94 -43.19 -43.25 -43.06 -42.91 -42.88 -42.91 -42.91 -42.84 -42.88 -42.97 -43.12 -43.28 -43.44 -43.59 -43.75 -43.91 -44.03 -44.19 -44.38 -44.47 -44.44 -44.28 -44.19 -44.16 -44.16 -44.22 -44.34 -44.50 -44.78 -45.03 -45.28 -45.47 -45.69 -46.00 -46.22
-52.81 -52.78 -52.75 -52.72 -52.69 -52.62 -52.56 -52.53 -52.59 -52.69 -52.75 -52.75 -52.75 -52.66 -52.53 -52.34 -52.06 -51.66 -51.16 -50.56 -50.06 -49.62 -49.22 -48.69 -48.12 -47.56 -47.03 -46.50 -45.94 -45.41 -44.84 -44.25 -43.66 -43.16 -42.94 -43.00 -43.16 -43.22 -43.09 -42.97 -42.94 -42.97 -43.03 -43.03 -43.06 -43.19 -43.38 -43.56 -43.69 -43.78 -43.91 -44.09 -44.25 -44.41 -44.56 -44.62 -44.56 -44.47 -44.38 -44.31 -44.22 -44.19 -44.25 -44.47 -44.75 -45.03 -45.28 -45.50 -45.78 -46.09 -46.34
-52.91 -52.91 -52.88 -52.84 -52.78 -52.72 -52.62 -52.56 -52.56 -52.62 -52.69 -52.72 -52.72 -52.62 -52.47 -52.28 -51.97 -51.56 -51.00 -50.31 -49.62 -49.06 -48.62 -48.12 -47.56 -47.00 -46.47 -46.00 -45.53 -45.12 -44.75 -44.31 -43.88 -43.50 -43.22 -43.19 -43.25 -43.31 -43.25 -43.16 -43.09 -43.16 -43.22 -43.31 -43.38 -43.47 -43.62 -43.78 -43.88 -43.97 -44.09 -44.28 -44.44 -44.56 -44.66 -44.66 -44.62 -44.56 -44.47 -44.41 -44.31 -44.25 -44.28 -44.47 -44.75 -45.06 -45.31 -45.59 -45.97 -46.28 -46.47
-53.00 -53.00 -53.00 -52.94 -52.91 -52.81 -52.75 -52.66 -52.59 -52.59 -52.62 -52.66 -52.66 -52.56 -52.41 -52.19 -51.84 -51.41 -50.81 -50.09 -49.31 -48.62 -48.06 -47.53 -47.03 -46.47 -45.94 -45.50 -45.12 -44.81 -44.53 -44.25 -44.00 -43.72 -43.50 -43.41 -43.41 -43.44 -43.41 -43.34 -43.31 -43.34 -43.44 -43.59 -43.69 -43.78 -43.91 -44.03 -44.12 -44.25 -44.38 -44.53 -44.66 -44.72 -44.69 -44.66 -44.62 -44.59 -44.53 -44.47 -44.41 -44.41 -44.41 -44.50 -44.75 -45.00 -45.28 -45.69 -46.16 -46.53 -46.72
-53.06 -53.06 -53.06 -53.03 -53.00 -52.94 -52.84 -52.75 -52.66 -52.59 -52.59 -52.59 -52.59 -52.50 -52.34 -52.06 -51.69 -51.22 -50.59 -49.84 -49.06 -48.31 -47.62 -47.03 -46.53 -46.00 -45.50 -45.06 -44.78 -44.53 -44.34 -44.16 -44.00 -43.81 -43.69 -43.56 -43.53 -43.53 -43.53 -43.53 -43.50 -43.53 -43.62 -43.78 -43.94 -44.06 -44.19 -44.34 -44.47 -44.59 -44.72 -44.88 -44.97 -44.94 -44.84 -44.72 -44.66 -44.62 -44.59 -44.53 -44.50 -44.53 -44.56 -44.62 -44.78 -45.03 -45.41 -45.91 -46.41 -46.75 -46.91
-53.12 -53.12 -53.12 -53.09 -53.06 -53.00 -52.94 -52.84 -52.75 -52.62 -52.56 -52.53 -52.50 -52.41 -52.22 -51.94 -51.50 -50.97 -50.31 -49.59 -48.84 -48.06 -47.34 -46.72 -46.19 -45.69 -45.19 -44.78 -44.50 -44.31 -44.19 -44.06 -43.97 -43.84 -43.72 -43.62 -43.56 -43.56 -43.59 -43.62 -43.69 -43.72 -43.81 -43.97 -44.16 -44.34 -44.53 -44.69 -44.84 -44.97 -45.12 -45.25 -45.31 -45.25 -45.09 -44.88 -44.75 -44.69 -44.66 -44.62 -44.62 -44.66 -44.69 -44.75 -44.84 -45.16 -45.66 -46.22 -46.69 -47.00 -47.16
-53.19 -53.19 -53.16 -53.16 -53.09 -53.06 -53.00 -52.94 -52.81 -52.69 -52.56 -52.47 -52.41 -52.28 -52.09 -51.75 -51.28 -50.66 -50.00 -49.28 -48.56 -47.84 -47.16 -46.53 -46.00 -45.47 -45.00 -44.62 -44.34 -44.16 -44.06 -44.00 -43.94 -43.84 -43.72 -43.66 -43.59 -43.59 -43.62 -43.69 -43.78 -43.88 -44.00 -44.19 -44.38 -44.62 -44.84 -45.03 -45.19 -45.34 -45.47 -45.59 -45.62 -45.53 -45.31 -45.09 -44.91 -44.81 -44.81 -44.81 -44.78 -44.78 -44.84 -44.88 -44.97 -45.31 -45.84 -46.47 -46.94 -47.28 -47.56
-53.25 -53.19 -53.19 -53.19 -53.16 -53.09 -53.03 -52.97 -52.88 -52.75 -52.59 -52.47 -52.31 -52.12 -51.88 -51.50 -51.00 -50.38 -49.69 -48.97 -48.28 -47.62 -47.00 -46.41 -45.88 -45.38 -44.91 -44.53 -44.25 -44.06 -43.97 -43.94 -43.88 -43.81 -43.72 -43.66 -43.62 -43.62 -43.66 -43.72 -43.84 -44.00 -44.22 -44.41 -44.62 -44.91 -45.16 -45.34 -45.50 -45.62 -45.75 -45.84 -45.84 -45.72 -45.50 -45.25 -45.06 -45.00 -45.03 -45.03 -45.00 -44.97 -44.94 -44.94 -45.00 -45.31 -45.91 -46.59 -47.16 -47.66 -48.03
