everonasctiles/Tile[33,40].asc
ncols 128
nrows 128
xllcorner 0
yllcorner 0
cellsize 2.0
NODATA_value  -9999
[rows 0 to 31 of 128, columns 0 to 70 of 128]
-23.06 -23.03 -22.97 -22.91 -22.81 -22.72 -22.62 -22.47 -22.25 -22.19 -22.25 -22.22 -22.22 -22.19 -22.19 -22.16 -22.16 -22.19 -22.28 -22.41 -22.53 -22.69 -22.88 -23.03 -23.25 -23.41 -23.69 -23.94 -24.16 -24.31 -24.44 -24.56 -24.66 -24.72 -24.78 -24.84 -24.88 -24.91 -24.94 -24.94 -24.97 -24.97 -25.00 -25.03 -25.06 -25.09 -25.12 -25.16 -25.19 -25.22 -25.25 -25.31 -25.34 -25.38 -25.38 -25.41 -25.44 -25.44 -25.44 -25.44 -25.47 -25.47 -25.47 -25.47 -25.47 -25.50 -25.50 -25.50 -25.50 -25.50 -25.47
-23.25 -23.22 -23.16 -23.09 -23.00 -22.91 -22.81 -22.59 -22.53 -22.47 -22.44 -22.38 -22.38 -22.38 -22.31 -22.28 -22.25 -22.22 -22.22 -22.31 -22.44 -22.62 -22.75 -22.84 -22.75 -23.06 -23.62 -23.94 -24.16 -24.31 -24.47 -24.59 -24.69 -24.75 -24.81 -24.84 -24.91 -24.91 -24.94 -24.97 -24.97 -25.00 -25.00 -25.03 -25.06 -25.09 -25.12 -25.16 -25.19 -25.25 -25.28 -25.31 -25.34 -25.38 -25.41 -25.44 -25.44 -25.44 -25.47 -25.47 -25.47 -25.47 -25.47 -25.50 -25.50 -25.53 -25.50 -25.50 -25.47 -25.47 -25.44
-23.38 -23.34 -23.31 -23.25 -23.19 -23.12 -23.03 -22.84 -22.78 -22.62 -22.56 -22.56 -22.59 -22.56 -22.50 -22.44 -22.38 -22.28 -22.19 -22.22 -22.41 -22.59 -22.53 -22.44 -22.31 -22.91 -23.62 -23.97 -24.19 -24.34 -24.50 -24.62 -24.72 -24.78 -24.84 -24.88 -24.91 -24.94 -24.97 -24.97 -25.00 -25.00 -25.03 -25.06 -25.06 -25.09 -25.12 -25.19 -25.22 -25.25 -25.28 -25.34 -25.38 -25.41 -25.44 -25.44 -25.47 -25.47 -25.47 -25.47 -25.50 -25.50 -25.50 -25.50 -25.50 -25.50 -25.50 -25.50 -25.47 -25.47 -25.44
-23.47 -23.50 -23.47 -23.44 -23.41 -23.31 -23.19 -23.12 -23.03 -22.84 -22.72 -22.78 -22.81 -22.78 -22.72 -22.66 -22.53 -22.44 -22.25 -22.16 -22.34 -22.47 -22.28 -22.03 -22.19 -23.16 -23.66 -24.00 -24.22 -24.38 -24.53 -24.62 -24.72 -24.81 -24.84 -24.91 -24.94 -24.94 -24.97 -25.00 -25.03 -25.03 -25.03 -25.00 -25.06 -25.09 -25.12 -25.19 -25.22 -25.25 -25.31 -25.34 -25.41 -25.44 -25.44 -25.47 -25.50 -25.50 -25.50 -25.50 -25.50 -25.53 -25.53 -25.53 -25.50 -25.50 -25.50 -25.47 -25.47 -25.47 -25.44
-23.66 -23.62 -23.69 -23.69 -23.62 -23.47 -23.41 -23.41 -23.41 -23.31 -23.03 -23.03 -23.09 -23.03 -22.97 -22.84 -22.72 -22.56 -22.31 -22.09 -22.22 -22.28 -22.09 -22.22 -22.59 -23.50 -23.88 -24.09 -24.28 -24.44 -24.56 -24.66 -24.75 -24.81 -24.88 -24.91 -24.94 -24.97 -24.97 -25.03 -25.06 -25.00 -24.72 -24.84 -25.00 -25.06 -25.12 -25.19 -25.22 -25.28 -25.34 -25.38 -25.41 -25.47 -25.50 -25.50 -25.53 -25.53 -25.53 -25.53 -25.56 -25.56 -25.53 -25.53 -25.50 -25.50 -25.50 -25.47 -25.47 -25.44 -25.44
-23.94 -23.94 -23.94 -23.91 -23.84 -23.75 -23.62 -23.31 -23.25 -23.41 -23.59 -23.44 -23.41 -23.34 -23.22 -23.09 -22.91 -22.66 -22.31 -21.78 -22.00 -21.84 -22.19 -22.78 -23.19 -23.66 -23.94 -24.16 -24.34 -24.47 -24.59 -24.72 -24.78 -24.84 -24.91 -24.94 -24.97 -24.97 -25.00 -25.09 -25.03 -24.94 -24.56 -24.91 -25.00 -25.06 -25.12 -25.19 -25.25 -25.28 -25.34 -25.41 -25.47 -25.50 -25.53 -25.56 -25.56 -25.53 -25.50 -25.53 -25.59 -25.56 -25.56 -25.53 -25.50 -25.50 -25.47 -25.47 -25.44 -25.44 -25.41
-24.09 -24.09 -24.09 -24.09 -24.06 -23.97 -23.84 -23.75 -23.50 -23.06 -23.31 -23.62 -23.72 -23.66 -23.50 -23.34 -23.09 -22.50 -21.69 -21.34 -21.81 -22.50 -22.91 -23.31 -23.56 -23.81 -24.06 -24.28 -24.41 -24.53 -24.66 -24.75 -24.81 -24.88 -24.94 -24.97 -25.00 -24.97 -25.06 -25.06 -24.78 -24.75 -24.84 -24.91 -24.97 -25.06 -25.12 -25.19 -25.25 -25.31 -25.38 -25.44 -25.50 -25.56 -25.59 -25.62 -25.62 -25.50 -25.44 -25.59 -25.62 -25.59 -25.56 -25.53 -25.50 -25.47 -25.47 -25.44 -25.41 -25.41 -25.41
-24.34 -24.38 -24.38 -24.34 -24.28 -24.22 -24.12 -24.16 -23.47 -22.06 -22.03 -23.75 -23.97 -23.91 -23.78 -23.56 -23.22 -22.06 -21.34 -21.75 -22.22 -22.78 -23.16 -23.44 -23.88 -24.16 -24.25 -24.34 -24.47 -24.59 -24.69 -24.78 -24.84 -24.91 -24.97 -24.97 -24.97 -25.00 -25.12 -25.00 -24.78 -24.66 -24.88 -24.91 -24.97 -25.03 -25.12 -25.19 -25.25 -25.34 -25.41 -25.50 -25.59 -25.62 -25.66 -25.75 -25.78 -25.38 -25.53 -25.66 -25.66 -25.59 -25.56 -25.53 -25.50 -25.47 -25.44 -25.41 -25.41 -25.38 -25.34
-24.72 -24.66 -24.62 -24.66 -24.59 -24.47 -24.12 -24.22 -23.53 -23.25 -23.56 -24.28 -24.31 -24.22 -24.09 -23.81 -23.41 -22.66 -22.38 -22.25 -22.41 -22.78 -23.19 -23.56 -24.16 -24.28 -24.22 -24.41 -24.53 -24.66 -24.75 -24.81 -24.88 -24.94 -24.94 -24.97 -25.00 -25.09 -25.06 -24.91 -24.56 -24.66 -24.84 -24.81 -24.94 -25.03 -25.12 -25.19 -25.28 -25.34 -25.44 -25.53 -25.66 -25.72 -25.75 -25.91 -25.75 -25.53 -25.62 -25.69 -25.66 -25.62 -25.56 -25.53 -25.47 -25.44 -25.41 -25.38 -25.34 -25.31 -25.31
-25.06 -24.88 -25.00 -25.03 -24.88 -24.72 -24.47 -24.28 -23.81 -24.34 -24.75 -24.78 -24.72 -24.62 -24.44 -24.09 -23.19 -23.03 -22.81 -22.47 -22.56 -22.78 -23.16 -23.72 -24.38 -24.41 -24.34 -24.47 -24.59 -24.72 -24.81 -24.88 -24.91 -24.94 -25.00 -25.06 -25.12 -25.00 -24.94 -24.84 -24.78 -24.66 -24.22 -24.59 -24.88 -25.00 -25.09 -25.22 -25.31 -25.38 -25.47 -25.59 -25.66 -25.75 -25.75 -25.72 -25.72 -25.69 -25.75 -25.72 -25.66 -25.62 -25.59 -25.53 -25.47 -25.41 -25.34 -25.34 -25.31 -25.28 -25.25
-25.25 -25.12 -25.38 -25.34 -25.31 -25.25 -24.88 -24.66 -23.97 -24.97 -25.31 -25.09 -25.09 -25.06 -24.91 -24.16 -21.81 -22.69 -23.12 -22.59 -22.53 -22.94 -23.44 -23.66 -24.22 -24.72 -24.28 -24.56 -24.69 -24.81 -24.88 -24.94 -24.97 -25.06 -25.22 -25.16 -25.03 -25.00 -24.72 -24.47 -24.34 -24.31 -24.38 -24.75 -24.91 -25.00 -25.12 -25.22 -25.31 -25.44 -25.53 -25.62 -25.78 -25.84 -25.62 -25.84 -25.84 -25.62 -25.69 -25.69 -25.69 -25.66 -25.59 -25.50 -25.44 -25.38 -25.31 -25.28 -25.22 -25.19 -25.16
-25.16 -25.38 -25.56 -25.56 -25.56 -25.56 -25.16 -24.84 -24.78 -25.38 -25.66 -25.44 -25.50 -25.62 -25.41 -24.72 -23.72 -23.47 -23.75 -23.19 -22.91 -23.22 -23.62 -23.75 -24.12 -24.53 -24.41 -24.62 -24.81 -24.91 -24.94 -24.97 -25.03 -25.25 -25.22 -25.16 -25.06 -24.62 -24.12 -24.56 -24.50 -24.47 -24.78 -24.91 -24.81 -25.00 -25.12 -25.22 -25.34 -25.47 -25.59 -25.62 -25.88 -26.00 -25.97 -26.16 -26.09 -26.06 -25.91 -25.91 -25.78 -25.69 -25.59 -25.50 -25.41 -25.31 -25.25 -25.16 -25.12 -25.09 -25.06
-25.12 -25.41 -25.72 -25.69 -25.59 -25.59 -25.12 -24.88 -25.22 -25.66 -25.91 -25.81 -25.81 -25.91 -25.94 -25.66 -25.03 -24.28 -23.75 -22.25 -23.19 -23.41 -23.78 -23.94 -23.94 -24.12 -24.53 -24.91 -24.97 -25.00 -25.06 -25.09 -25.12 -25.00 -25.09 -25.06 -24.72 -24.38 -24.41 -24.56 -24.59 -24.66 -24.75 -24.94 -24.84 -24.97 -25.12 -25.25 -25.34 -25.47 -25.56 -26.00 -26.09 -26.12 -26.16 -26.22 -26.03 -26.12 -26.22 -26.06 -25.84 -25.72 -25.62 -25.50 -25.41 -25.28 -25.16 -25.03 -24.94 -24.88 -24.75
-25.31 -25.41 -25.47 -25.62 -25.72 -25.56 -25.22 -25.22 -25.59 -25.88 -25.78 -25.88 -25.84 -25.78 -25.94 -26.06 -25.84 -25.00 -24.25 -22.75 -22.62 -23.25 -23.94 -24.03 -24.12 -24.44 -24.94 -25.09 -25.09 -25.12 -25.19 -25.19 -25.19 -25.12 -24.94 -24.81 -24.59 -24.59 -24.38 -24.50 -24.69 -24.69 -24.72 -24.66 -24.88 -24.97 -25.12 -25.25 -25.41 -25.59 -25.72 -26.00 -26.06 -26.31 -26.22 -26.34 -26.34 -26.41 -26.38 -26.09 -25.91 -25.78 -25.66 -25.53 -25.38 -25.25 -25.06 -24.81 -24.72 -24.81 -24.56
-25.34 -25.28 -25.53 -25.41 -25.44 -25.50 -25.38 -25.38 -25.75 -25.94 -26.06 -25.94 -26.00 -26.12 -26.34 -26.38 -26.28 -25.81 -25.28 -23.88 -23.38 -23.91 -24.22 -24.59 -24.25 -24.16 -25.12 -25.25 -25.28 -25.31 -25.31 -25.44 -25.34 -25.12 -24.81 -24.72 -24.38 -23.91 -23.59 -23.94 -24.38 -24.31 -24.31 -24.44 -24.81 -25.00 -25.16 -25.34 -25.53 -25.69 -25.84 -25.72 -26.00 -26.34 -26.34 -26.47 -26.62 -26.44 -26.25 -26.06 -25.97 -25.88 -25.72 -25.56 -25.38 -25.19 -24.84 -24.69 -24.59 -24.53 -24.34
-25.19 -25.28 -25.47 -25.34 -25.31 -24.88 -25.50 -25.91 -26.09 -26.25 -26.31 -26.12 -26.31 -26.53 -26.59 -26.56 -26.47 -26.25 -25.66 -24.78 -24.34 -25.12 -24.94 -24.50 -23.59 -24.59 -25.41 -25.50 -25.44 -25.50 -25.44 -25.34 -25.09 -24.81 -24.66 -24.19 -24.03 -23.31 -23.41 -23.84 -24.22 -24.47 -24.59 -24.81 -24.91 -25.06 -25.25 -25.41 -25.44 -25.66 -25.97 -25.78 -25.41 -25.69 -25.75 -26.12 -26.50 -26.09 -25.75 -25.84 -26.03 -25.94 -25.81 -25.66 -25.44 -25.12 -24.56 -24.03 -23.84 -24.19 -23.94
-25.28 -25.59 -25.50 -25.34 -25.56 -25.78 -25.69 -26.03 -26.25 -26.28 -26.19 -26.28 -26.59 -26.72 -26.72 -26.66 -26.62 -26.44 -26.09 -25.78 -25.66 -25.66 -25.31 -24.62 -24.66 -25.25 -25.56 -25.38 -25.44 -25.28 -25.16 -25.22 -24.31 -24.38 -24.19 -23.59 -23.44 -23.16 -23.72 -24.09 -24.12 -24.38 -24.66 -24.69 -24.91 -25.16 -25.34 -25.44 -25.59 -25.75 -25.84 -25.84 -25.75 -25.25 -25.38 -26.06 -26.31 -26.00 -25.59 -25.84 -26.12 -26.03 -25.94 -25.78 -25.56 -25.25 -24.62 -23.69 -23.62 -23.22 -23.41
-25.16 -25.41 -25.53 -25.59 -25.81 -25.94 -25.88 -25.97 -26.31 -26.34 -26.38 -26.56 -26.72 -26.78 -26.81 -26.75 -26.69 -26.59 -26.28 -25.97 -25.91 -25.28 -24.62 -25.34 -25.97 -25.81 -25.62 -25.44 -25.41 -25.00 -24.81 -24.84 -24.34 -24.28 -24.09 -23.69 -23.47 -23.41 -23.81 -23.69 -23.84 -24.31 -24.50 -24.91 -24.84 -24.88 -25.22 -25.34 -25.41 -25.56 -25.88 -26.12 -26.25 -26.44 -26.19 -26.38 -26.12 -26.44 -26.34 -26.03 -26.31 -26.22 -26.06 -25.78 -25.47 -25.00 -24.53 -24.06 -24.06 -23.50 -23.28
-25.06 -25.16 -25.44 -25.53 -25.94 -25.97 -26.03 -25.88 -26.22 -26.44 -26.47 -26.56 -26.72 -26.75 -26.81 -26.81 -26.75 -26.62 -26.34 -25.75 -25.19 -24.50 -24.47 -26.06 -26.47 -26.25 -25.97 -25.50 -24.81 -24.97 -24.75 -24.44 -24.59 -24.41 -23.84 -23.22 -22.75 -22.69 -23.31 -23.41 -23.59 -23.75 -24.59 -24.97 -24.97 -24.69 -24.88 -25.38 -25.72 -25.81 -25.75 -26.19 -26.72 -26.78 -26.56 -26.44 -26.69 -26.75 -27.00 -26.56 -26.56 -26.44 -26.22 -25.66 -25.09 -24.50 -24.50 -25.19 -24.75 -23.62 -24.06
-24.75 -24.75 -25.16 -25.50 -25.72 -25.81 -25.62 -25.91 -26.12 -26.44 -26.53 -26.59 -26.69 -26.75 -26.81 -26.81 -26.72 -26.56 -26.28 -25.66 -24.53 -24.69 -25.53 -26.41 -26.72 -26.62 -26.22 -25.81 -24.91 -24.03 -23.91 -23.81 -24.06 -23.56 -23.47 -23.38 -23.28 -23.22 -23.62 -23.78 -24.19 -23.97 -24.56 -25.22 -25.19 -24.94 -24.56 -25.44 -25.88 -26.00 -26.06 -25.88 -26.44 -26.59 -26.91 -27.06 -27.12 -26.59 -26.97 -27.09 -26.75 -26.59 -26.16 -25.50 -24.53 -24.38 -24.75 -25.62 -25.19 -24.81 -24.81
-24.88 -25.09 -25.19 -25.28 -25.31 -25.66 -25.69 -25.81 -26.12 -26.28 -26.47 -26.62 -26.72 -26.75 -26.78 -26.78 -26.69 -26.50 -26.06 -25.28 -24.53 -25.81 -26.66 -26.88 -26.94 -26.88 -26.53 -26.22 -25.41 -24.59 -24.69 -24.50 -24.19 -23.78 -23.75 -23.81 -23.06 -22.50 -23.44 -23.88 -24.31 -24.84 -25.06 -25.28 -25.41 -25.12 -24.69 -25.41 -26.16 -25.88 -25.94 -26.41 -26.16 -26.78 -27.53 -27.59 -27.31 -26.78 -27.09 -27.25 -27.00 -26.50 -26.03 -24.69 -24.78 -24.72 -25.22 -25.56 -25.41 -25.69 -25.66
-25.00 -25.16 -25.31 -25.44 -25.06 -25.16 -25.41 -25.69 -26.16 -26.38 -26.44 -26.56 -26.69 -26.75 -26.75 -26.69 -26.56 -25.94 -25.41 -24.84 -25.62 -26.56 -26.81 -27.00 -27.06 -26.97 -26.78 -26.53 -26.28 -25.59 -25.03 -24.94 -24.88 -23.69 -23.16 -22.75 -22.19 -22.62 -23.09 -23.72 -24.06 -24.56 -25.16 -25.31 -25.34 -25.06 -25.28 -25.44 -25.75 -25.81 -25.69 -26.16 -26.81 -27.38 -27.78 -27.91 -27.59 -27.59 -27.53 -27.09 -26.94 -26.56 -25.59 -25.31 -25.41 -25.47 -25.75 -26.31 -26.62 -26.75 -26.25
-25.25 -25.31 -25.41 -25.72 -25.53 -25.50 -25.88 -26.16 -26.31 -26.44 -26.44 -26.50 -26.53 -26.66 -26.66 -26.72 -26.59 -26.25 -25.53 -25.81 -26.62 -26.97 -26.97 -26.91 -26.88 -26.69 -26.50 -26.44 -26.28 -25.50 -25.09 -25.12 -25.03 -24.25 -23.00 -22.16 -22.25 -23.25 -23.47 -23.25 -23.56 -24.09 -24.25 -24.53 -24.94 -25.25 -25.47 -25.53 -25.72 -26.25 -26.34 -26.91 -27.41 -27.81 -28.00 -28.09 -27.91 -27.91 -27.59 -27.25 -27.22 -26.78 -26.22 -26.41 -26.81 -26.94 -27.16 -27.38 -27.25 -27.12 -26.88
-25.22 -25.12 -25.22 -25.78 -25.91 -26.00 -26.19 -26.31 -26.31 -26.41 -26.34 -26.50 -26.53 -26.56 -26.50 -26.59 -26.56 -25.88 -25.69 -26.59 -27.09 -27.19 -27.19 -26.97 -26.62 -26.34 -26.25 -26.50 -26.59 -26.44 -26.12 -25.78 -25.22 -24.69 -24.28 -23.50 -22.72 -22.78 -23.31 -23.38 -23.50 -23.84 -24.06 -23.50 -24.16 -24.59 -24.91 -25.62 -25.94 -26.19 -26.56 -27.00 -27.53 -27.91 -28.06 -28.03 -28.16 -28.16 -27.94 -27.75 -27.69 -27.28 -27.47 -27.62 -27.75 -27.72 -27.69 -27.62 -27.50 -27.28 -27.06
-25.12 -25.09 -25.22 -25.59 -26.09 -26.12 -26.34 -26.38 -26.19 -26.38 -26.47 -26.47 -26.53 -26.16 -25.75 -25.97 -26.44 -25.97 -26.31 -27.06 -27.34 -27.41 -27.38 -27.31 -27.06 -27.06 -27.12 -27.12 -27.19 -27.09 -26.53 -25.84 -25.16 -25.12 -25.25 -24.22 -23.12 -22.91 -22.81 -23.12 -23.50 -24.03 -23.88 -23.66 -23.97 -24.62 -24.69 -25.44 -25.78 -26.25 -26.44 -26.94 -27.59 -28.06 -28.22 -28.31 -28.34 -28.31 -28.28 -28.22 -28.06 -28.06 -28.06 -28.00 -27.97 -27.91 -27.78 -27.53 -27.44 -27.31 -26.97
-25.12 -24.81 -25.09 -25.44 -25.88 -26.12 -26.31 -26.34 -26.34 -26.41 -26.44 -26.38 -26.06 -25.25 -25.19 -25.84 -26.34 -26.56 -26.97 -27.31 -27.47 -27.56 -27.53 -27.53 -27.44 -27.44 -27.56 -27.56 -27.56 -27.59 -27.19 -26.47 -25.66 -25.16 -25.56 -24.88 -23.56 -22.78 -23.00 -23.00 -22.91 -23.44 -23.31 -23.28 -24.31 -24.56 -24.69 -25.06 -25.78 -26.16 -27.00 -27.66 -28.06 -28.25 -28.38 -28.41 -28.44 -28.38 -28.41 -28.34 -28.28 -28.22 -28.19 -28.12 -28.09 -27.72 -27.53 -27.16 -27.16 -27.09 -26.84
-24.72 -24.91 -24.91 -25.16 -25.56 -26.00 -26.28 -26.34 -26.38 -26.44 -26.34 -26.06 -25.47 -24.59 -24.69 -25.25 -26.50 -26.94 -27.25 -27.44 -27.59 -27.66 -27.66 -27.66 -27.66 -27.59 -27.69 -27.81 -27.81 -27.81 -27.62 -27.09 -26.09 -24.66 -25.28 -24.97 -23.78 -23.22 -22.78 -23.06 -23.19 -23.34 -23.41 -22.72 -23.91 -24.53 -24.81 -24.91 -25.81 -26.81 -27.62 -27.94 -28.16 -28.31 -28.41 -28.47 -28.50 -28.47 -28.41 -28.38 -28.31 -28.28 -28.22 -28.03 -27.91 -27.72 -27.44 -26.81 -27.03 -27.12 -27.00
-24.75 -24.66 -25.12 -25.38 -25.59 -25.62 -26.09 -26.25 -26.25 -26.41 -26.28 -25.69 -24.75 -23.97 -23.97 -24.84 -26.31 -26.97 -27.34 -27.53 -27.66 -27.72 -27.75 -27.81 -27.81 -27.75 -27.75 -27.94 -28.00 -27.88 -27.72 -27.31 -26.72 -25.84 -25.91 -26.06 -24.97 -23.50 -23.44 -23.91 -23.97 -23.59 -23.47 -23.47 -24.12 -24.62 -25.56 -25.75 -26.09 -27.16 -27.62 -27.84 -27.88 -28.31 -28.41 -28.50 -28.50 -28.44 -28.41 -28.34 -28.31 -28.00 -27.84 -27.94 -27.91 -27.81 -27.53 -26.88 -27.22 -27.00 -26.59
-24.66 -24.75 -25.25 -25.28 -25.31 -25.12 -25.69 -26.12 -26.19 -26.31 -26.16 -25.81 -25.19 -25.12 -25.19 -25.94 -26.75 -27.09 -27.34 -27.56 -27.66 -27.78 -27.84 -27.88 -27.84 -27.56 -27.78 -28.06 -28.09 -28.03 -27.59 -27.59 -27.34 -27.38 -27.25 -26.62 -26.00 -24.97 -24.53 -24.47 -24.56 -24.97 -24.22 -23.75 -24.25 -24.28 -25.31 -25.69 -25.72 -26.81 -27.16 -27.03 -27.62 -28.22 -28.41 -28.47 -28.47 -28.41 -28.34 -28.22 -27.88 -27.69 -27.84 -27.91 -27.97 -27.84 -27.75 -27.53 -27.38 -26.97 -26.59
-24.53 -24.72 -24.97 -24.94 -24.69 -25.12 -25.16 -25.69 -25.84 -25.94 -25.97 -26.03 -26.25 -26.34 -26.56 -26.97 -26.91 -27.25 -27.47 -27.59 -27.69 -27.78 -27.81 -27.88 -27.91 -27.78 -28.00 -28.09 -27.94 -28.00 -27.88 -28.12 -28.12 -28.12 -27.91 -26.88 -26.12 -25.97 -25.53 -24.81 -24.69 -24.94 -23.88 -23.41 -23.66 -24.41 -25.25 -25.53 -25.62 -26.09 -26.88 -27.31 -28.00 -28.25 -28.34 -28.41 -28.38 -28.34 -27.97 -27.47 -27.44 -27.72 -27.91 -27.91 -27.94 -27.88 -27.81 -27.59 -27.34 -27.00 -26.72
-24.03 -24.19 -24.22 -24.69 -24.66 -25.19 -25.16 -24.81 -24.91 -25.09 -25.88 -26.31 -26.50 -26.66 -26.94 -27.16 -27.19 -27.38 -27.56 -27.62 -27.72 -27.84 -27.88 -27.91 -27.88 -27.97 -28.12 -28.06 -27.84 -27.75 -28.38 -28.66 -28.62 -28.47 -28.16 -27.12 -26.03 -26.19 -26.22 -25.88 -25.62 -25.47 -24.66 -24.00 -24.06 -24.62 -25.22 -25.34 -26.06 -26.22 -26.78 -27.66 -27.91 -28.16 -28.22 -28.28 -28.28 -28.19 -27.94 -27.22 -27.38 -27.62 -27.75 -27.84 -27.84 -27.84 -27.78 -27.59 -27.44 -27.16 -27.00
-24.09 -24.19 -23.81 -24.34 -24.84 -25.06 -24.44 -24.38 -25.09 -25.94 -26.22 -26.38 -26.56 -26.75 -27.03 -27.12 -27.25 -27.47 -27.56 -27.62 -27.72 -27.84 -27.84 -27.88 -27.84 -27.97 -28.09 -27.66 -27.81 -28.31 -28.72 -28.88 -28.88 -28.75 -28.53 -27.88 -26.72 -25.69 -25.84 -26.25 -26.22 -25.84 -25.44 -24.81 -24.56 -24.50 -25.84 -26.19 -26.31 -26.81 -26.66 -26.91 -27.28 -27.84 -28.09 -28.16 -28.12 -27.88 -27.59 -27.44 -27.22 -27.34 -27.44 -27.69 -27.78 -27.81 -27.69 -27.53 -27.38 -27.28 -27.00
