everonasctiles/Tile[19,35].asc
ncols 128
nrows 128
xllcorner 0
yllcorner 0
cellsize 2.0
NODATA_value  -9999
[rows 34 to 67 of 128, columns 0 to 76 of 128]
35.91 35.97 36.00 35.97 35.81 35.81 35.84 35.78 35.78 35.78 35.78 35.78 35.78 35.78 35.81 35.81 36.06 36.09 36.06 36.16 35.91 35.97 36.00 36.06 36.16 36.22 36.28 36.31 36.34 36.34 36.31 36.31 36.31 36.19 36.12 36.12 36.12 36.12 36.12 36.12 36.12 36.12 36.41 36.88 36.97 36.94 36.81 36.62 36.62 36.66 36.69 36.72 36.78 36.81 36.84 36.84 36.88 36.88 36.88 36.91 36.91 36.94 36.97 37.00 37.03 37.06 37.12 37.12 37.16 37.19 37.22 37.25 37.28 37.31 37.34 37.38 37.44
35.84 35.91 35.91 35.84 35.75 35.75 35.75 35.75 35.72 35.75 35.75 35.75 35.75 35.75 35.75 35.78 35.91 35.97 36.09 35.97 35.88 35.94 35.97 36.03 36.09 36.19 36.25 36.31 36.34 36.34 36.34 36.34 36.31 36.22 36.12 36.12 36.12 36.12 36.12 36.12 36.12 36.12 36.34 36.88 36.94 36.91 36.78 36.59 36.62 36.66 36.69 36.72 36.75 36.78 36.81 36.84 36.84 36.84 36.88 36.88 36.91 36.94 36.97 37.00 37.03 37.09 37.12 37.12 37.16 37.19 37.22 37.22 37.25 37.28 37.31 37.34 37.41
35.81 35.84 35.84 35.69 35.69 35.72 35.69 35.69 35.69 35.69 35.69 35.69 35.69 35.72 35.72 35.75 35.78 35.88 35.94 35.84 35.88 35.91 35.94 36.00 36.06 36.16 36.22 36.28 36.31 36.34 36.34 36.31 36.31 36.25 36.12 36.12 36.12 36.12 36.12 36.12 36.12 36.12 36.25 36.75 36.88 36.81 36.69 36.59 36.62 36.66 36.69 36.69 36.72 36.75 36.78 36.81 36.81 36.84 36.84 36.88 36.91 36.94 36.97 37.00 37.06 37.09 37.12 37.12 37.16 37.19 37.22 37.22 37.25 37.28 37.31 37.34 37.38
35.78 35.81 35.78 35.62 35.66 35.66 35.62 35.66 35.62 35.66 35.66 35.66 35.66 35.66 35.69 35.72 35.78 35.81 35.81 35.84 35.84 35.88 35.94 35.97 36.06 36.12 36.22 36.25 36.28 36.31 36.31 36.31 36.31 36.25 36.12 36.09 36.09 36.09 36.09 36.09 36.09 36.09 36.19 36.56 36.62 36.62 36.56 36.56 36.59 36.62 36.66 36.69 36.72 36.75 36.75 36.78 36.78 36.81 36.81 36.84 36.88 36.94 36.97 37.03 37.06 37.09 37.12 37.12 37.16 37.19 37.22 37.25 37.25 37.28 37.28 37.31 37.34
35.75 35.78 35.69 35.59 35.59 35.62 35.59 35.59 35.59 35.59 35.59 35.62 35.62 35.66 35.66 35.69 35.72 35.75 35.75 35.78 35.81 35.88 35.91 35.97 36.00 36.09 36.19 36.22 36.25 36.28 36.28 36.28 36.28 36.22 36.09 36.09 36.09 36.09 36.09 36.09 36.09 36.09 36.19 36.41 36.44 36.50 36.53 36.56 36.59 36.62 36.66 36.69 36.72 36.72 36.75 36.75 36.78 36.78 36.81 36.84 36.91 36.94 37.00 37.03 37.09 37.12 37.16 37.16 37.19 37.19 37.22 37.25 37.28 37.28 37.28 37.31 37.34
35.75 35.75 35.56 35.56 35.56 35.53 35.53 35.53 35.56 35.56 35.56 35.56 35.59 35.62 35.62 35.66 35.69 35.72 35.75 35.75 35.81 35.84 35.91 35.97 36.00 36.06 36.12 36.19 36.22 36.25 36.25 36.25 36.25 36.19 36.09 36.09 36.09 36.09 36.09 36.09 36.09 36.09 36.19 36.41 36.44 36.47 36.53 36.56 36.59 36.62 36.66 36.69 36.69 36.72 36.72 36.75 36.75 36.78 36.81 36.84 36.88 36.94 37.00 37.06 37.09 37.12 37.16 37.16 37.19 37.22 37.25 37.25 37.28 37.28 37.28 37.31 37.34
35.72 35.69 35.50 35.50 35.53 35.50 35.50 35.53 35.53 35.53 35.53 35.53 35.56 35.59 35.59 35.62 35.66 35.69 35.69 35.72 35.78 35.81 35.88 35.94 36.00 36.06 36.12 36.16 36.19 36.22 36.22 36.22 36.22 36.16 36.09 36.09 36.09 36.09 36.09 36.09 36.09 36.09 36.19 36.38 36.41 36.47 36.50 36.56 36.59 36.62 36.66 36.66 36.69 36.69 36.72 36.72 36.75 36.75 36.81 36.84 36.88 36.94 37.00 37.03 37.09 37.12 37.12 37.16 37.19 37.22 37.25 37.28 37.28 37.31 37.31 37.31 37.34
35.72 35.59 35.50 35.50 35.47 35.44 35.47 35.47 35.50 35.50 35.50 35.53 35.53 35.56 35.59 35.62 35.62 35.66 35.69 35.72 35.75 35.81 35.88 35.94 35.97 36.03 36.09 36.12 36.16 36.19 36.19 36.19 36.19 36.12 36.06 36.06 36.06 36.06 36.06 36.06 36.06 36.06 36.22 36.38 36.41 36.47 36.50 36.53 36.56 36.59 36.62 36.66 36.66 36.69 36.69 36.72 36.72 36.75 36.81 36.84 36.88 36.94 36.97 37.03 37.06 37.12 37.12 37.16 37.22 37.25 37.28 37.28 37.28 37.31 37.31 37.31 37.34
35.69 35.53 35.53 35.50 35.44 35.41 35.44 35.44 35.47 35.47 35.50 35.50 35.53 35.53 35.56 35.59 35.62 35.66 35.69 35.72 35.75 35.81 35.84 35.91 35.97 36.03 36.06 36.12 36.12 36.16 36.16 36.16 36.19 36.09 36.06 36.06 36.06 36.06 36.06 36.06 36.06 36.06 36.22 36.38 36.41 36.47 36.50 36.53 36.56 36.59 36.62 36.62 36.66 36.66 36.69 36.69 36.72 36.75 36.81 36.84 36.88 36.94 36.97 37.00 37.06 37.09 37.12 37.16 37.19 37.25 37.28 37.28 37.31 37.31 37.31 37.34 37.38
35.56 35.53 35.53 35.50 35.38 35.38 35.41 35.41 35.41 35.44 35.47 35.47 35.50 35.53 35.53 35.56 35.59 35.62 35.66 35.69 35.72 35.78 35.84 35.91 35.97 36.00 36.06 36.09 36.12 36.12 36.16 36.16 36.16 36.06 36.06 36.06 36.06 36.06 36.06 36.06 36.06 36.06 36.28 36.41 36.41 36.47 36.50 36.53 36.56 36.56 36.59 36.62 36.62 36.66 36.66 36.69 36.72 36.75 36.81 36.84 36.88 36.94 36.97 37.00 37.03 37.09 37.12 37.16 37.22 37.25 37.28 37.31 37.31 37.34 37.34 37.38 37.41
35.53 35.53 35.53 35.41 35.38 35.38 35.38 35.38 35.41 35.41 35.44 35.44 35.47 35.50 35.53 35.56 35.59 35.62 35.66 35.69 35.72 35.78 35.81 35.88 35.94 36.00 36.03 36.06 36.09 36.12 36.12 36.16 36.16 36.03 36.03 36.03 36.03 36.03 36.03 36.06 36.06 36.06 36.34 36.41 36.44 36.47 36.50 36.53 36.56 36.56 36.56 36.59 36.62 36.62 36.66 36.69 36.72 36.78 36.81 36.84 36.91 36.94 36.97 37.00 37.06 37.09 37.12 37.16 37.22 37.25 37.28 37.31 37.34 37.34 37.38 37.41 37.44
35.53 35.53 35.50 35.34 35.34 35.34 35.34 35.38 35.38 35.41 35.41 35.44 35.47 35.50 35.53 35.56 35.59 35.62 35.66 35.69 35.72 35.78 35.81 35.88 35.94 35.97 36.03 36.06 36.09 36.12 36.12 36.16 36.16 36.03 36.03 36.03 36.03 36.03 36.03 36.03 36.03 36.03 36.38 36.41 36.44 36.47 36.50 36.53 36.53 36.56 36.56 36.59 36.59 36.62 36.66 36.69 36.72 36.78 36.81 36.84 36.91 36.94 36.97 37.03 37.06 37.09 37.12 37.19 37.22 37.25 37.28 37.31 37.34 37.38 37.41 37.47 37.47
35.56 35.56 35.41 35.31 35.34 35.34 35.34 35.34 35.38 35.38 35.41 35.41 35.44 35.47 35.53 35.56 35.59 35.62 35.66 35.69 35.72 35.75 35.81 35.84 35.91 35.97 36.00 36.03 36.09 36.12 36.12 36.16 36.12 36.03 36.03 36.03 36.03 36.03 36.03 36.03 36.03 36.06 36.38 36.41 36.44 36.47 36.50 36.53 36.53 36.56 36.56 36.59 36.62 36.62 36.66 36.69 36.72 36.78 36.81 36.84 36.91 36.97 37.00 37.03 37.09 37.12 37.16 37.22 37.25 37.28 37.31 37.34 37.41 37.44 37.50 37.53 37.56
35.56 35.53 35.31 35.31 35.31 35.31 35.34 35.34 35.34 35.38 35.38 35.41 35.44 35.47 35.53 35.56 35.62 35.66 35.69 35.72 35.75 35.78 35.81 35.88 35.91 35.97 36.00 36.06 36.09 36.12 36.12 36.16 36.06 36.00 36.00 36.00 36.00 36.03 36.03 36.03 36.03 36.12 36.41 36.44 36.47 36.50 36.50 36.53 36.56 36.56 36.56 36.59 36.62 36.66 36.69 36.72 36.75 36.78 36.81 36.88 36.91 36.97 37.00 37.06 37.12 37.16 37.19 37.25 37.28 37.31 37.34 37.41 37.44 37.50 37.56 37.59 37.62
35.56 35.41 35.28 35.28 35.31 35.31 35.31 35.34 35.34 35.34 35.38 35.41 35.44 35.50 35.53 35.56 35.59 35.66 35.69 35.72 35.75 35.81 35.84 35.88 35.94 35.97 36.00 36.06 36.09 36.12 36.16 36.16 36.00 36.00 36.00 36.00 36.00 36.00 36.00 36.00 36.00 36.25 36.41 36.44 36.47 36.50 36.53 36.53 36.56 36.56 36.59 36.62 36.62 36.66 36.69 36.72 36.75 36.81 36.84 36.88 36.94 36.97 37.03 37.09 37.12 37.19 37.22 37.28 37.31 37.34 37.41 37.44 37.50 37.56 37.62 37.69 37.69
35.59 35.31 35.31 35.28 35.31 35.31 35.31 35.31 35.34 35.34 35.38 35.41 35.44 35.50 35.53 35.56 35.59 35.62 35.66 35.72 35.78 35.81 35.84 35.91 35.97 36.00 36.00 36.06 36.09 36.12 36.16 36.12 36.00 36.00 36.00 36.00 36.00 36.00 36.00 36.00 36.00 36.38 36.41 36.44 36.50 36.53 36.53 36.56 36.56 36.59 36.59 36.62 36.66 36.69 36.72 36.75 36.78 36.81 36.84 36.91 36.94 37.00 37.06 37.12 37.16 37.22 37.28 37.28 37.34 37.38 37.44 37.50 37.56 37.62 37.69 37.72 37.75
35.47 35.31 35.28 35.31 35.31 35.31 35.31 35.31 35.34 35.34 35.38 35.41 35.44 35.50 35.53 35.56 35.59 35.62 35.66 35.69 35.78 35.81 35.88 35.94 35.97 36.03 36.06 36.06 36.09 36.12 36.16 36.06 35.97 35.97 35.97 36.00 36.00 36.00 36.00 36.00 36.03 36.41 36.44 36.47 36.50 36.53 36.56 36.56 36.59 36.59 36.62 36.66 36.69 36.72 36.75 36.78 36.81 36.84 36.88 36.91 36.97 37.03 37.09 37.16 37.22 37.25 37.31 37.34 37.38 37.41 37.47 37.53 37.59 37.69 37.72 37.78 37.78
35.41 35.34 35.31 35.31 35.31 35.31 35.31 35.31 35.34 35.34 35.38 35.41 35.47 35.53 35.56 35.59 35.62 35.66 35.69 35.72 35.75 35.81 35.91 35.97 36.00 36.06 36.09 36.09 36.12 36.16 36.16 36.00 35.97 35.97 35.97 35.97 35.97 35.97 35.97 36.00 36.12 36.41 36.47 36.50 36.53 36.56 36.56 36.59 36.62 36.62 36.66 36.69 36.72 36.75 36.78 36.81 36.84 36.88 36.91 36.94 37.00 37.06 37.12 37.19 37.25 37.31 37.34 37.38 37.44 37.47 37.53 37.56 37.66 37.72 37.75 37.81 37.81
35.44 35.38 35.34 35.31 35.31 35.31 35.31 35.34 35.34 35.38 35.38 35.41 35.47 35.56 35.59 35.62 35.66 35.69 35.72 35.72 35.75 35.78 35.84 35.97 36.03 36.09 36.12 36.12 36.16 36.12 36.12 35.97 35.97 35.97 35.97 35.97 35.97 35.97 35.97 35.97 36.31 36.47 36.50 36.53 36.56 36.59 36.62 36.62 36.66 36.69 36.69 36.72 36.75 36.78 36.81 36.84 36.88 36.91 36.94 36.97 37.03 37.09 37.16 37.22 37.28 37.34 37.41 37.44 37.47 37.50 37.56 37.62 37.69 37.75 37.78 37.81 37.81
35.50 35.44 35.38 35.34 35.34 35.34 35.34 35.34 35.34 35.38 35.41 35.44 35.47 35.56 35.59 35.62 35.66 35.69 35.72 35.75 35.78 35.81 35.84 35.88 36.03 36.12 36.16 36.16 36.19 36.12 36.03 35.97 35.97 35.97 35.97 35.97 35.97 35.97 35.97 35.97 36.44 36.50 36.53 36.56 36.59 36.62 36.66 36.69 36.69 36.72 36.72 36.75 36.78 36.81 36.84 36.84 36.91 36.94 36.97 37.00 37.06 37.12 37.19 37.28 37.34 37.41 37.47 37.50 37.53 37.56 37.59 37.66 37.72 37.75 37.81 37.81 37.84
35.62 35.50 35.44 35.38 35.38 35.38 35.38 35.38 35.38 35.41 35.44 35.47 35.50 35.56 35.62 35.66 35.69 35.72 35.75 35.78 35.81 35.84 35.88 35.91 35.94 36.00 36.19 36.19 36.22 36.16 35.97 35.97 35.97 35.97 35.97 35.97 35.97 35.97 35.97 36.06 36.47 36.50 36.56 36.59 36.62 36.66 36.69 36.69 36.72 36.75 36.75 36.78 36.81 36.84 36.84 36.88 36.94 36.97 37.00 37.06 37.12 37.19 37.28 37.34 37.44 37.50 37.53 37.56 37.59 37.66 37.66 37.72 37.75 37.78 37.81 37.84 37.84
35.69 35.56 35.50 35.47 35.44 35.41 35.41 35.41 35.41 35.44 35.47 35.47 35.53 35.56 35.59 35.69 35.72 35.75 35.78 35.78 35.81 35.84 35.88 35.91 35.94 35.97 36.00 36.19 36.22 36.16 35.97 35.97 35.97 35.97 35.97 35.97 35.97 35.97 35.97 36.31 36.47 36.53 36.56 36.59 36.66 36.69 36.69 36.72 36.75 36.75 36.78 36.78 36.81 36.84 36.88 36.91 36.97 37.00 37.22 37.31 37.31 37.31 37.34 37.44 37.50 37.56 37.62 37.66 37.69 37.72 37.75 37.75 37.78 37.81 37.81 37.84 37.84
35.81 35.72 35.62 35.56 35.53 35.50 35.44 35.44 35.47 35.47 35.50 35.53 35.53 35.59 35.62 35.69 35.72 35.75 35.78 35.81 35.84 35.88 35.91 35.94 35.97 36.00 36.03 36.06 36.16 36.03 35.97 35.97 35.97 35.97 35.97 35.97 35.97 35.97 36.00 36.44 36.50 36.53 36.56 36.62 36.66 36.69 36.72 36.72 36.75 36.78 36.78 36.81 36.84 36.88 36.91 36.94 36.97 37.28 37.31 37.31 37.31 37.31 37.31 37.53 37.59 37.66 37.72 37.72 37.78 37.78 37.81 37.81 37.81 37.84 37.84 37.88 37.91
35.91 35.81 35.75 35.69 35.66 35.59 35.56 35.53 35.53 35.53 35.53 35.56 35.59 35.62 35.66 35.72 35.75 35.78 35.81 35.84 35.88 35.91 35.94 35.97 36.00 36.00 36.03 36.06 36.09 36.00 36.00 36.00 36.00 35.97 35.97 35.97 35.97 35.97 36.16 36.47 36.50 36.56 36.59 36.62 36.66 36.69 36.72 36.75 36.75 36.78 36.81 36.84 36.84 36.91 36.94 36.97 37.16 37.31 37.31 37.31 37.31 37.31 37.31 37.59 37.69 37.72 37.78 37.81 37.84 37.84 37.88 37.84 37.88 37.88 37.88 37.91 37.94
36.00 35.94 35.88 35.84 35.78 35.75 35.69 35.66 35.62 35.59 35.59 35.59 35.62 35.66 35.69 35.75 35.78 35.84 35.88 35.88 35.88 35.91 35.94 35.97 36.00 36.03 36.06 36.09 36.09 36.03 36.03 36.00 36.00 36.00 36.00 36.00 35.97 35.97 36.12 36.41 36.53 36.56 36.59 36.62 36.66 36.69 36.72 36.75 36.78 36.81 36.84 36.84 36.88 36.94 36.97 37.03 37.28 37.31 37.31 37.31 37.31 37.31 37.38 37.66 37.75 37.81 37.84 37.88 37.91 37.91 37.91 37.91 37.91 37.91 37.94 37.97 38.00
36.06 36.03 36.00 35.94 35.91 35.88 35.81 35.78 35.75 35.81 35.75 35.72 35.72 35.72 35.75 35.81 35.84 35.88 35.91 35.97 35.97 35.94 35.97 36.00 36.03 36.06 36.09 36.16 36.19 36.12 36.06 36.03 36.03 36.00 36.00 36.00 36.00 36.03 36.34 36.25 36.53 36.56 36.59 36.62 36.69 36.69 36.75 36.78 36.81 36.84 36.84 36.91 36.94 36.97 37.03 37.16 37.31 37.31 37.31 37.31 37.31 37.34 37.62 37.72 37.81 37.84 37.88 37.91 37.94 37.97 37.97 37.97 37.97 37.97 38.00 38.03 38.06
36.16 36.12 36.09 36.06 36.03 36.00 35.97 35.91 35.91 35.88 35.84 35.91 35.84 35.78 35.81 35.84 35.91 35.94 35.97 36.03 36.09 36.16 36.03 36.03 36.06 36.06 36.16 36.28 36.25 36.19 36.12 36.09 36.06 36.03 36.03 36.00 36.00 36.22 36.44 36.50 36.56 36.59 36.62 36.66 36.69 36.72 36.75 36.78 36.81 36.84 36.91 36.94 36.97 37.03 37.09 37.25 37.31 37.31 37.31 37.31 37.31 37.38 37.69 37.75 37.84 37.88 37.94 37.97 37.97 38.00 38.00 38.00 38.03 38.03 38.09 38.12 38.16
36.22 36.22 36.22 36.19 36.19 36.09 35.94 35.91 35.91 35.91 35.91 35.91 35.91 35.84 35.88 35.91 35.94 36.00 36.09 36.16 36.22 36.31 36.38 36.25 36.06 36.12 36.41 36.34 36.31 36.25 36.19 36.16 36.09 36.06 36.06 36.03 36.03 36.41 36.47 36.53 36.59 36.62 36.66 36.69 36.72 36.75 36.78 36.81 36.84 36.91 36.94 37.00 37.03 37.09 37.12 37.28 37.31 37.31 37.31 37.31 37.31 37.53 37.72 37.81 37.88 37.91 37.97 38.00 38.00 38.00 38.03 38.06 38.09 38.12 38.16 38.19 38.22
36.28 36.31 36.31 36.38 36.41 35.94 35.91 35.91 35.91 35.91 35.91 35.91 35.91 35.94 35.97 36.03 36.09 36.16 36.19 36.28 36.34 36.41 36.47 36.56 36.56 36.47 36.47 36.41 36.38 36.31 36.28 36.22 36.16 36.12 36.06 36.06 36.28 36.47 36.53 36.59 36.66 36.69 36.72 36.78 36.78 36.81 36.81 36.84 36.88 36.94 37.00 37.03 37.09 37.16 37.19 37.28 37.31 37.31 37.31 37.31 37.34 37.66 37.75 37.81 37.91 37.94 38.00 38.00 38.03 38.06 38.09 38.12 38.16 38.22 38.25 38.28 38.31
36.38 36.41 36.44 36.50 36.47 36.03 35.91 35.91 35.91 35.91 35.91 35.91 35.97 36.00 36.06 36.12 36.19 36.22 36.22 36.34 36.44 36.50 36.53 36.59 36.66 36.59 36.53 36.47 36.44 36.38 36.34 36.28 36.22 36.19 36.12 36.12 36.47 36.53 36.59 36.66 36.72 36.78 36.84 36.88 36.91 36.91 36.94 36.94 36.94 36.97 37.03 37.09 37.16 37.22 37.28 37.31 37.38 37.38 37.38 37.38 37.53 37.69 37.75 37.84 37.91 37.97 38.00 38.03 38.06 38.12 38.16 38.19 38.25 38.31 38.34 38.34 38.38
36.44 36.50 36.56 36.59 36.25 36.00 35.91 35.91 35.91 35.91 35.91 35.97 36.06 36.09 36.12 36.19 36.16 36.19 36.28 36.41 36.50 36.56 36.62 36.69 36.69 36.66 36.59 36.53 36.50 36.44 36.41 36.34 36.28 36.25 36.19 36.44 36.53 36.59 36.66 36.72 36.78 36.84 36.91 37.00 37.06 37.12 37.12 37.09 37.06 37.03 37.09 37.16 37.22 37.28 37.31 37.38 37.44 37.44 37.50 37.47 37.66 37.72 37.81 37.88 37.94 38.00 38.03 38.06 38.12 38.16 38.22 38.25 38.31 38.38 38.41 38.44 38.44
36.50 36.59 36.69 36.69 36.44 36.19 35.94 35.91 35.91 35.91 35.97 36.12 36.16 36.16 36.19 36.19 36.19 36.22 36.34 36.47 36.56 36.66 36.72 36.81 36.75 36.72 36.66 36.62 36.56 36.50 36.47 36.41 36.34 36.31 36.41 36.50 36.59 36.66 36.72 36.78 36.84 36.91 36.97 37.06 37.19 37.31 37.38 37.25 37.16 37.09 37.16 37.22 37.28 37.34 37.38 37.44 37.50 37.53 37.56 37.62 37.72 37.81 37.88 37.94 38.00 38.03 38.09 38.09 38.12 38.19 38.28 38.34 38.41 38.47 38.50 38.50 38.50
36.53 36.66 37.06 36.56 36.47 36.47 36.00 35.91 35.94 36.16 36.19 36.22 36.25 36.25 36.25 36.16 36.19 36.28 36.38 36.53 36.66 36.75 36.91 36.88 36.81 36.78 36.72 36.69 36.62 36.56 36.53 36.47 36.44 36.41 36.50 36.56 36.62 36.72 36.78 36.84 36.91 36.97 37.03 37.12 37.19 37.31 37.44 37.41 37.28 37.16 37.22 37.28 37.34 37.41 37.44 37.50 37.56 37.62 37.66 37.72 37.81 37.88 37.94 38.00 38.06 38.12 38.12 38.12 38.16 38.22 38.31 38.44 38.50 38.53 38.56 38.56 38.56
36.56 36.66 36.75 36.66 36.59 36.75 36.81 36.81 36.81 36.81 36.47 36.31 36.31 36.22 36.12 36.00 36.19 36.31 36.44 36.59 36.78 37.00 37.00 36.94 36.88 36.84 36.78 36.75 36.69 36.62 36.59 36.53 36.50 36.59 36.62 36.62 36.69 36.78 36.84 36.91 36.97 37.03 37.09 37.16 37.25 37.31 37.44 37.56 37.56 37.41 37.31 37.34 37.41 37.44 37.53 37.59 37.62 37.69 37.75 37.81 37.88 37.94 38.00 38.09 38.19 38.31 38.31 38.28 38.22 38.28 38.38 38.47 38.53 38.59 38.62 38.62 38.59
