everonasctiles/Tile[2,10].asc
ncols 128
nrows 128
xllcorner 0
yllcorner 0
cellsize 2.0
NODATA_value  -9999
[rows 0 to 31 of 128, columns 0 to 70 of 128]
-54.66 -54.75 -54.81 -54.88 -54.97 -55.03 -55.09 -55.12 -55.16 -55.19 -55.19 -55.19 -55.19 -55.16 -55.12 -55.09 -55.06 -55.03 -54.97 -54.94 -54.91 -54.88 -54.84 -54.81 -54.78 -54.75 -54.72 -54.66 -54.62 -54.56 -54.50 -54.41 -54.34 -54.28 -54.22 -54.16 -54.09 -54.03 -54.00 -53.94 -53.91 -53.81 -53.75 -53.66 -53.56 -53.47 -53.38 -53.28 -53.19 -53.09 -53.00 -52.91 -52.81 -52.78 -52.72 -52.69 -52.66 -52.62 -52.59 -52.59 -52.56 -52.56 -52.56 -52.56 -52.59 -52.62 -52.62 -52.66 -52.69 -52.72 -52.75
-54.69 -54.75 -54.84 -54.91 -55.00 -55.06 -55.12 -55.19 -55.22 -55.25 -55.25 -55.28 -55.28 -55.28 -55.25 -55.22 -55.19 -55.12 -55.09 -55.06 -55.03 -55.00 -54.97 -54.97 -54.94 -54.91 -54.84 -54.81 -54.75 -54.72 -54.66 -54.56 -54.50 -54.44 -54.38 -54.31 -54.25 -54.19 -54.12 -54.06 -54.00 -53.94 -53.84 -53.72 -53.62 -53.53 -53.44 -53.34 -53.25 -53.16 -53.06 -52.97 -52.91 -52.84 -52.81 -52.78 -52.75 -52.72 -52.69 -52.66 -52.62 -52.62 -52.62 -52.62 -52.66 -52.69 -52.69 -52.72 -52.75 -52.75 -52.78
-54.72 -54.78 -54.88 -54.94 -55.03 -55.09 -55.16 -55.22 -55.25 -55.28 -55.31 -55.34 -55.38 -55.38 -55.34 -55.31 -55.28 -55.25 -55.22 -55.19 -55.16 -55.12 -55.12 -55.09 -55.06 -55.03 -55.00 -54.94 -54.91 -54.84 -54.78 -54.72 -54.66 -54.59 -54.50 -54.44 -54.38 -54.31 -54.25 -54.19 -54.12 -54.03 -53.91 -53.81 -53.69 -53.59 -53.50 -53.41 -53.31 -53.22 -53.12 -53.06 -53.00 -52.94 -52.91 -52.88 -52.84 -52.81 -52.78 -52.75 -52.72 -52.72 -52.69 -52.72 -52.72 -52.72 -52.75 -52.75 -52.78 -52.81 -52.81
-54.78 -54.84 -54.91 -55.00 -55.06 -55.12 -55.19 -55.25 -55.31 -55.34 -55.38 -55.44 -55.44 -55.47 -55.44 -55.41 -55.38 -55.38 -55.34 -55.31 -55.28 -55.25 -55.22 -55.22 -55.19 -55.12 -55.09 -55.06 -55.00 -54.97 -54.91 -54.84 -54.78 -54.72 -54.62 -54.56 -54.50 -54.44 -54.38 -54.28 -54.19 -54.09 -54.00 -53.88 -53.78 -53.66 -53.56 -53.47 -53.38 -53.28 -53.22 -53.16 -53.09 -53.03 -53.00 -52.97 -52.91 -52.88 -52.84 -52.81 -52.81 -52.78 -52.78 -52.78 -52.78 -52.78 -52.81 -52.81 -52.81 -52.84 -52.84
-54.84 -54.91 -54.97 -55.03 -55.12 -55.19 -55.25 -55.31 -55.34 -55.41 -55.44 -55.50 -55.53 -55.53 -55.53 -55.50 -55.50 -55.47 -55.44 -55.41 -55.38 -55.38 -55.34 -55.31 -55.28 -55.25 -55.19 -55.16 -55.09 -55.06 -55.03 -54.97 -54.91 -54.84 -54.75 -54.69 -54.59 -54.53 -54.47 -54.38 -54.28 -54.19 -54.06 -53.94 -53.84 -53.75 -53.62 -53.53 -53.44 -53.38 -53.28 -53.25 -53.19 -53.12 -53.09 -53.03 -53.00 -52.97 -52.94 -52.91 -52.91 -52.88 -52.88 -52.88 -52.84 -52.84 -52.84 -52.84 -52.88 -52.88 -52.88
-54.94 -54.97 -55.03 -55.09 -55.16 -55.22 -55.31 -55.34 -55.41 -55.47 -55.50 -55.56 -55.59 -55.59 -55.59 -55.59 -55.56 -55.56 -55.53 -55.53 -55.50 -55.47 -55.44 -55.41 -55.38 -55.31 -55.28 -55.22 -55.19 -55.16 -55.12 -55.06 -55.00 -54.94 -54.84 -54.78 -54.69 -54.62 -54.53 -54.47 -54.34 -54.25 -54.12 -54.03 -53.91 -53.81 -53.72 -53.59 -53.53 -53.44 -53.38 -53.31 -53.28 -53.22 -53.16 -53.12 -53.09 -53.06 -53.03 -53.00 -53.00 -52.97 -52.94 -52.94 -52.94 -52.91 -52.91 -52.91 -52.91 -52.91 -52.91
-55.03 -55.06 -55.12 -55.16 -55.22 -55.31 -55.38 -55.41 -55.47 -55.53 -55.56 -55.62 -55.66 -55.69 -55.69 -55.66 -55.66 -55.66 -55.62 -55.59 -55.59 -55.56 -55.53 -55.50 -55.47 -55.41 -55.38 -55.31 -55.28 -55.25 -55.22 -55.16 -55.09 -55.03 -54.94 -54.88 -54.78 -54.72 -54.62 -54.53 -54.44 -54.31 -54.22 -54.09 -54.00 -53.91 -53.78 -53.69 -53.59 -53.53 -53.47 -53.41 -53.34 -53.31 -53.25 -53.22 -53.19 -53.16 -53.12 -53.09 -53.06 -53.03 -53.03 -53.00 -53.00 -52.97 -52.97 -52.94 -52.94 -52.94 -52.91
-55.12 -55.16 -55.19 -55.25 -55.31 -55.38 -55.44 -55.47 -55.53 -55.59 -55.62 -55.69 -55.72 -55.72 -55.75 -55.75 -55.72 -55.72 -55.69 -55.69 -55.69 -55.66 -55.62 -55.59 -55.53 -55.50 -55.47 -55.41 -55.38 -55.34 -55.31 -55.25 -55.19 -55.12 -55.06 -54.97 -54.91 -54.81 -54.72 -54.62 -54.50 -54.38 -54.28 -54.19 -54.09 -53.97 -53.88 -53.78 -53.69 -53.62 -53.56 -53.50 -53.44 -53.38 -53.34 -53.31 -53.28 -53.25 -53.22 -53.19 -53.16 -53.12 -53.09 -53.06 -53.06 -53.03 -53.00 -53.00 -52.97 -52.94 -52.94
-55.22 -55.25 -55.28 -55.31 -55.38 -55.44 -55.47 -55.53 -55.59 -55.62 -55.69 -55.72 -55.75 -55.78 -55.81 -55.78 -55.78 -55.78 -55.75 -55.75 -55.75 -55.72 -55.69 -55.66 -55.62 -55.59 -55.56 -55.50 -55.47 -55.44 -55.41 -55.34 -55.28 -55.22 -55.16 -55.09 -55.00 -54.91 -54.81 -54.69 -54.59 -54.47 -54.38 -54.25 -54.16 -54.06 -53.97 -53.88 -53.81 -53.72 -53.66 -53.59 -53.50 -53.47 -53.41 -53.38 -53.34 -53.31 -53.28 -53.25 -53.22 -53.19 -53.16 -53.12 -53.12 -53.09 -53.06 -53.03 -53.00 -52.97 -52.97
-55.31 -55.34 -55.38 -55.41 -55.44 -55.47 -55.53 -55.56 -55.62 -55.69 -55.72 -55.78 -55.81 -55.81 -55.84 -55.84 -55.84 -55.81 -55.81 -55.81 -55.81 -55.78 -55.75 -55.72 -55.69 -55.66 -55.66 -55.62 -55.59 -55.56 -55.50 -55.47 -55.41 -55.34 -55.28 -55.19 -55.09 -55.00 -54.91 -54.78 -54.66 -54.56 -54.44 -54.34 -54.28 -54.19 -54.09 -54.00 -53.91 -53.81 -53.75 -53.66 -53.59 -53.53 -53.50 -53.47 -53.44 -53.38 -53.34 -53.28 -53.25 -53.22 -53.19 -53.19 -53.16 -53.16 -53.12 -53.09 -53.06 -53.03 -52.97
-55.44 -55.44 -55.44 -55.47 -55.50 -55.53 -55.56 -55.62 -55.66 -55.72 -55.75 -55.81 -55.84 -55.84 -55.88 -55.88 -55.88 -55.88 -55.88 -55.88 -55.84 -55.84 -55.81 -55.78 -55.78 -55.75 -55.72 -55.69 -55.69 -55.66 -55.62 -55.56 -55.53 -55.47 -55.38 -55.28 -55.19 -55.09 -55.00 -54.88 -54.78 -54.66 -54.56 -54.47 -54.38 -54.28 -54.22 -54.12 -54.00 -53.94 -53.84 -53.75 -53.69 -53.62 -53.59 -53.53 -53.50 -53.44 -53.38 -53.34 -53.28 -53.28 -53.25 -53.25 -53.22 -53.19 -53.16 -53.12 -53.09 -53.06 -53.00
-55.53 -55.53 -55.53 -55.53 -55.56 -55.59 -55.62 -55.66 -55.69 -55.75 -55.78 -55.84 -55.84 -55.88 -55.88 -55.88 -55.91 -55.91 -55.91 -55.91 -55.91 -55.88 -55.88 -55.84 -55.84 -55.81 -55.81 -55.78 -55.75 -55.75 -55.72 -55.69 -55.62 -55.56 -55.50 -55.41 -55.31 -55.19 -55.09 -54.97 -54.88 -54.78 -54.66 -54.56 -54.50 -54.41 -54.31 -54.22 -54.12 -54.03 -53.94 -53.88 -53.78 -53.75 -53.69 -53.62 -53.56 -53.50 -53.44 -53.38 -53.34 -53.31 -53.31 -53.28 -53.28 -53.25 -53.22 -53.19 -53.12 -53.09 -53.03
-55.62 -55.62 -55.62 -55.62 -55.62 -55.66 -55.66 -55.69 -55.75 -55.78 -55.81 -55.84 -55.88 -55.88 -55.91 -55.91 -55.91 -55.94 -55.94 -55.94 -55.94 -55.91 -55.91 -55.91 -55.91 -55.88 -55.88 -55.84 -55.84 -55.81 -55.81 -55.75 -55.72 -55.66 -55.59 -55.50 -55.41 -55.28 -55.19 -55.09 -54.97 -54.88 -54.78 -54.69 -54.59 -54.50 -54.41 -54.31 -54.22 -54.12 -54.03 -53.97 -53.91 -53.84 -53.78 -53.72 -53.66 -53.56 -53.50 -53.44 -53.41 -53.38 -53.38 -53.34 -53.31 -53.31 -53.25 -53.22 -53.16 -53.12 -53.06
-55.72 -55.69 -55.69 -55.69 -55.72 -55.72 -55.72 -55.75 -55.78 -55.81 -55.84 -55.88 -55.91 -55.91 -55.91 -55.94 -55.94 -55.94 -55.97 -55.97 -55.94 -55.94 -55.94 -55.94 -55.94 -55.94 -55.94 -55.91 -55.91 -55.91 -55.88 -55.84 -55.81 -55.75 -55.66 -55.56 -55.47 -55.38 -55.28 -55.19 -55.06 -54.97 -54.88 -54.78 -54.69 -54.59 -54.50 -54.41 -54.31 -54.22 -54.12 -54.06 -54.00 -53.94 -53.88 -53.81 -53.75 -53.66 -53.59 -53.53 -53.50 -53.47 -53.44 -53.41 -53.38 -53.34 -53.31 -53.25 -53.19 -53.16 -53.09
-55.78 -55.78 -55.78 -55.78 -55.78 -55.78 -55.81 -55.81 -55.84 -55.88 -55.88 -55.91 -55.94 -55.94 -55.94 -55.94 -55.97 -55.97 -55.97 -55.97 -55.97 -55.97 -55.97 -55.97 -55.97 -55.97 -55.97 -55.97 -55.97 -55.94 -55.94 -55.91 -55.88 -55.81 -55.72 -55.62 -55.53 -55.44 -55.34 -55.25 -55.16 -55.06 -54.94 -54.84 -54.75 -54.66 -54.56 -54.50 -54.41 -54.31 -54.22 -54.16 -54.09 -54.03 -53.97 -53.91 -53.81 -53.75 -53.69 -53.62 -53.59 -53.56 -53.53 -53.50 -53.47 -53.41 -53.34 -53.28 -53.22 -53.16 -53.09
-55.88 -55.88 -55.88 -55.88 -55.88 -55.88 -55.88 -55.88 -55.91 -55.91 -55.94 -55.94 -55.94 -55.97 -55.97 -55.97 -55.97 -55.97 -55.97 -55.97 -55.97 -55.97 -55.97 -56.00 -56.00 -56.00 -56.00 -56.00 -56.00 -56.00 -56.00 -55.97 -55.91 -55.84 -55.78 -55.69 -55.59 -55.50 -55.41 -55.31 -55.22 -55.12 -55.03 -54.91 -54.81 -54.72 -54.66 -54.56 -54.47 -54.38 -54.31 -54.25 -54.16 -54.12 -54.06 -54.00 -53.91 -53.84 -53.78 -53.72 -53.69 -53.66 -53.62 -53.56 -53.53 -53.47 -53.41 -53.34 -53.25 -53.16 -53.09
-55.97 -55.97 -55.97 -55.97 -55.97 -55.97 -55.97 -55.97 -55.97 -55.97 -55.97 -55.97 -55.97 -55.97 -55.97 -55.97 -55.97 -56.00 -56.00 -56.00 -56.00 -56.00 -56.00 -56.00 -56.00 -56.03 -56.03 -56.03 -56.03 -56.03 -56.03 -56.00 -55.94 -55.88 -55.81 -55.72 -55.66 -55.56 -55.47 -55.38 -55.28 -55.19 -55.06 -54.97 -54.88 -54.78 -54.69 -54.62 -54.53 -54.44 -54.38 -54.31 -54.25 -54.19 -54.12 -54.06 -54.00 -53.94 -53.91 -53.84 -53.81 -53.75 -53.72 -53.66 -53.62 -53.56 -53.47 -53.38 -53.28 -53.19 -53.09
-56.06 -56.06 -56.06 -56.03 -56.03 -56.03 -56.03 -56.03 -56.03 -56.00 -56.00 -56.00 -56.00 -56.00 -56.00 -56.00 -56.00 -56.00 -56.00 -56.00 -56.00 -56.00 -56.03 -56.03 -56.03 -56.03 -56.06 -56.06 -56.06 -56.06 -56.03 -56.00 -55.97 -55.91 -55.84 -55.75 -55.66 -55.56 -55.50 -55.41 -55.31 -55.22 -55.12 -55.03 -54.94 -54.84 -54.75 -54.66 -54.59 -54.50 -54.44 -54.38 -54.31 -54.25 -54.22 -54.16 -54.09 -54.06 -54.00 -53.94 -53.91 -53.84 -53.81 -53.75 -53.69 -53.62 -53.53 -53.44 -53.34 -53.22 -53.12
-56.12 -56.12 -56.12 -56.12 -56.12 -56.09 -56.09 -56.09 -56.09 -56.06 -56.03 -56.03 -56.00 -56.00 -56.00 -56.00 -56.00 -56.00 -56.03 -56.03 -56.03 -56.03 -56.03 -56.06 -56.06 -56.06 -56.06 -56.09 -56.06 -56.06 -56.03 -56.00 -55.97 -55.91 -55.84 -55.78 -55.69 -55.59 -55.50 -55.41 -55.34 -55.25 -55.16 -55.06 -54.97 -54.88 -54.78 -54.72 -54.62 -54.56 -54.50 -54.44 -54.38 -54.31 -54.28 -54.25 -54.19 -54.16 -54.09 -54.06 -54.00 -53.94 -53.91 -53.84 -53.75 -53.69 -53.59 -53.50 -53.38 -53.28 -53.16
-56.16 -56.19 -56.19 -56.19 -56.19 -56.19 -56.16 -56.16 -56.12 -56.09 -56.06 -56.06 -56.03 -56.03 -56.03 -56.03 -56.03 -56.03 -56.03 -56.03 -56.03 -56.06 -56.06 -56.06 -56.06 -56.09 -56.09 -56.09 -56.09 -56.06 -56.03 -56.03 -55.97 -55.94 -55.84 -55.78 -55.69 -55.59 -55.50 -55.44 -55.38 -55.28 -55.19 -55.09 -55.00 -54.91 -54.81 -54.75 -54.66 -54.59 -54.53 -54.50 -54.44 -54.41 -54.38 -54.31 -54.28 -54.22 -54.19 -54.16 -54.09 -54.03 -53.97 -53.91 -53.84 -53.75 -53.66 -53.53 -53.44 -53.31 -53.22
-56.22 -56.22 -56.22 -56.22 -56.22 -56.22 -56.22 -56.19 -56.19 -56.16 -56.12 -56.09 -56.06 -56.03 -56.03 -56.03 -56.03 -56.03 -56.03 -56.03 -56.03 -56.06 -56.06 -56.06 -56.09 -56.09 -56.09 -56.09 -56.09 -56.06 -56.03 -56.03 -55.97 -55.91 -55.84 -55.78 -55.69 -55.59 -55.50 -55.44 -55.38 -55.28 -55.22 -55.09 -55.00 -54.91 -54.84 -54.75 -54.69 -54.62 -54.59 -54.56 -54.53 -54.50 -54.44 -54.41 -54.38 -54.31 -54.28 -54.22 -54.19 -54.12 -54.06 -53.97 -53.91 -53.81 -53.72 -53.59 -53.50 -53.38 -53.25
-56.25 -56.25 -56.25 -56.28 -56.28 -56.28 -56.25 -56.25 -56.22 -56.19 -56.16 -56.12 -56.09 -56.06 -56.06 -56.03 -56.03 -56.03 -56.03 -56.03 -56.03 -56.06 -56.06 -56.06 -56.09 -56.09 -56.09 -56.09 -56.06 -56.06 -56.03 -56.00 -55.97 -55.91 -55.81 -55.75 -55.66 -55.56 -55.50 -55.44 -55.38 -55.31 -55.22 -55.12 -55.03 -54.94 -54.84 -54.78 -54.69 -54.66 -54.62 -54.62 -54.59 -54.56 -54.53 -54.50 -54.44 -54.41 -54.34 -54.31 -54.25 -54.22 -54.12 -54.06 -53.97 -53.88 -53.78 -53.66 -53.56 -53.44 -53.31
-56.28 -56.31 -56.31 -56.31 -56.31 -56.31 -56.31 -56.28 -56.25 -56.22 -56.19 -56.16 -56.12 -56.09 -56.06 -56.06 -56.03 -56.03 -56.03 -56.03 -56.03 -56.03 -56.06 -56.06 -56.06 -56.09 -56.09 -56.06 -56.06 -56.03 -56.03 -55.97 -55.94 -55.88 -55.81 -55.72 -55.66 -55.56 -55.50 -55.44 -55.38 -55.31 -55.25 -55.16 -55.06 -54.94 -54.88 -54.78 -54.72 -54.69 -54.69 -54.69 -54.69 -54.66 -54.62 -54.59 -54.53 -54.50 -54.44 -54.38 -54.34 -54.28 -54.22 -54.16 -54.06 -53.97 -53.84 -53.75 -53.62 -53.53 -53.41
-56.31 -56.34 -56.34 -56.34 -56.34 -56.34 -56.34 -56.31 -56.31 -56.28 -56.25 -56.22 -56.16 -56.12 -56.09 -56.06 -56.03 -56.03 -56.03 -56.03 -56.03 -56.03 -56.03 -56.06 -56.06 -56.06 -56.06 -56.06 -56.03 -56.03 -56.00 -55.94 -55.91 -55.84 -55.78 -55.72 -55.66 -55.59 -55.53 -55.47 -55.41 -55.34 -55.28 -55.19 -55.09 -55.00 -54.91 -54.84 -54.78 -54.78 -54.78 -54.78 -54.75 -54.75 -54.72 -54.69 -54.62 -54.59 -54.53 -54.47 -54.44 -54.38 -54.31 -54.22 -54.12 -54.03 -53.94 -53.84 -53.72 -53.62 -53.50
-56.34 -56.34 -56.38 -56.38 -56.38 -56.34 -56.34 -56.34 -56.31 -56.31 -56.28 -56.22 -56.19 -56.12 -56.09 -56.03 -56.03 -56.00 -56.00 -56.00 -56.00 -56.00 -56.03 -56.03 -56.06 -56.06 -56.06 -56.03 -56.03 -56.00 -55.97 -55.91 -55.88 -55.84 -55.78 -55.72 -55.66 -55.62 -55.56 -55.53 -55.47 -55.41 -55.31 -55.25 -55.16 -55.06 -54.97 -54.91 -54.88 -54.84 -54.84 -54.84 -54.84 -54.84 -54.81 -54.78 -54.75 -54.69 -54.66 -54.59 -54.53 -54.47 -54.41 -54.31 -54.22 -54.16 -54.03 -53.94 -53.84 -53.72 -53.59
-56.34 -56.38 -56.38 -56.38 -56.38 -56.38 -56.34 -56.34 -56.34 -56.31 -56.28 -56.22 -56.19 -56.12 -56.06 -56.03 -56.00 -55.97 -55.97 -55.97 -55.97 -56.00 -56.00 -56.00 -56.03 -56.03 -56.03 -56.03 -56.00 -55.97 -55.94 -55.91 -55.88 -55.81 -55.78 -55.75 -55.72 -55.69 -55.66 -55.59 -55.53 -55.47 -55.41 -55.31 -55.22 -55.16 -55.06 -55.03 -54.97 -54.97 -54.97 -54.97 -54.97 -54.97 -54.94 -54.91 -54.88 -54.81 -54.78 -54.72 -54.66 -54.59 -54.50 -54.44 -54.34 -54.25 -54.16 -54.03 -53.94 -53.81 -53.72
-56.34 -56.34 -56.38 -56.38 -56.38 -56.38 -56.34 -56.34 -56.34 -56.31 -56.25 -56.22 -56.16 -56.09 -56.06 -56.00 -55.97 -55.97 -55.97 -55.97 -55.97 -55.97 -55.97 -56.00 -56.00 -56.00 -56.00 -56.00 -55.97 -55.94 -55.91 -55.88 -55.88 -55.84 -55.81 -55.81 -55.78 -55.75 -55.72 -55.69 -55.62 -55.56 -55.50 -55.41 -55.34 -55.28 -55.22 -55.16 -55.12 -55.09 -55.09 -55.09 -55.09 -55.06 -55.06 -55.03 -55.00 -54.97 -54.91 -54.84 -54.78 -54.72 -54.62 -54.53 -54.44 -54.34 -54.25 -54.12 -54.03 -53.94 -53.81
-56.34 -56.34 -56.34 -56.34 -56.34 -56.34 -56.34 -56.34 -56.31 -56.28 -56.22 -56.19 -56.12 -56.06 -56.00 -55.97 -55.94 -55.94 -55.94 -55.94 -55.94 -55.94 -55.97 -55.97 -55.97 -56.00 -56.00 -55.97 -55.97 -55.94 -55.91 -55.91 -55.88 -55.88 -55.84 -55.84 -55.84 -55.81 -55.78 -55.75 -55.72 -55.66 -55.59 -55.53 -55.47 -55.41 -55.34 -55.28 -55.25 -55.22 -55.19 -55.19 -55.19 -55.19 -55.19 -55.16 -55.12 -55.09 -55.03 -55.00 -54.94 -54.84 -54.75 -54.66 -54.56 -54.44 -54.34 -54.25 -54.12 -54.03 -53.91
-56.31 -56.31 -56.34 -56.34 -56.34 -56.34 -56.34 -56.31 -56.28 -56.25 -56.19 -56.12 -56.06 -56.00 -55.97 -55.94 -55.91 -55.88 -55.88 -55.91 -55.91 -55.94 -55.94 -55.97 -55.97 -55.97 -55.97 -55.97 -55.97 -55.94 -55.91 -55.91 -55.88 -55.91 -55.91 -55.91 -55.91 -55.88 -55.84 -55.81 -55.78 -55.75 -55.69 -55.66 -55.59 -55.53 -55.47 -55.41 -55.38 -55.31 -55.31 -55.31 -55.31 -55.31 -55.28 -55.28 -55.25 -55.22 -55.19 -55.12 -55.06 -54.97 -54.88 -54.78 -54.66 -54.56 -54.44 -54.34 -54.25 -54.12 -54.00
-56.28 -56.31 -56.31 -56.31 -56.31 -56.31 -56.31 -56.28 -56.25 -56.19 -56.16 -56.09 -56.03 -55.97 -55.91 -55.88 -55.84 -55.84 -55.84 -55.84 -55.88 -55.91 -55.94 -55.94 -55.97 -55.97 -55.97 -55.97 -55.94 -55.94 -55.91 -55.91 -55.91 -55.91 -55.94 -55.94 -55.94 -55.94 -55.91 -55.88 -55.84 -55.81 -55.78 -55.75 -55.69 -55.62 -55.56 -55.53 -55.47 -55.44 -55.41 -55.38 -55.38 -55.38 -55.38 -55.38 -55.34 -55.34 -55.28 -55.25 -55.19 -55.09 -55.00 -54.88 -54.78 -54.66 -54.56 -54.44 -54.34 -54.22 -54.12
-56.25 -56.25 -56.28 -56.28 -56.28 -56.28 -56.25 -56.25 -56.19 -56.16 -56.09 -56.03 -55.97 -55.91 -55.84 -55.81 -55.78 -55.78 -55.78 -55.81 -55.84 -55.88 -55.91 -55.91 -55.94 -55.94 -55.94 -55.94 -55.94 -55.91 -55.91 -55.91 -55.91 -55.94 -55.94 -55.97 -55.97 -55.97 -55.97 -55.94 -55.91 -55.88 -55.84 -55.81 -55.78 -55.72 -55.66 -55.59 -55.53 -55.50 -55.47 -55.44 -55.44 -55.44 -55.47 -55.47 -55.44 -55.44 -55.38 -55.34 -55.28 -55.19 -55.09 -54.97 -54.88 -54.75 -54.66 -54.56 -54.44 -54.31 -54.19
-56.19 -56.22 -56.22 -56.22 -56.22 -56.22 -56.22 -56.19 -56.16 -56.09 -56.06 -55.97 -55.91 -55.84 -55.78 -55.75 -55.75 -55.75 -55.75 -55.78 -55.81 -55.84 -55.88 -55.88 -55.91 -55.91 -55.91 -55.91 -55.91 -55.91 -55.91 -55.91 -55.94 -55.94 -55.97 -55.97 -56.00 -56.00 -56.00 -55.97 -55.97 -55.94 -55.91 -55.88 -55.81 -55.78 -55.72 -55.66 -55.59 -55.53 -55.50 -55.50 -55.47 -55.50 -55.50 -55.50 -55.50 -55.50 -55.47 -55.41 -55.34 -55.28 -55.19 -55.06 -54.97 -54.84 -54.75 -54.66 -54.53 -54.41 -54.28
