everonasctiles/Tile34,7.asc
ncols 128
nrows 128
xllcorner 0
yllcorner 0
cellsize 2.0
NODATA_value  -9999
[rows 96 to 127 of 128, columns 0 to 70 of 128]
285.25 284.91 284.53 284.12 283.62 283.16 282.94 282.84 282.66 282.34 282.06 281.94 281.84 281.81 282.09 282.50 282.69 282.72 282.53 282.44 282.56 282.47 282.34 282.22 282.00 281.78 281.53 281.22 280.88 280.50 280.06 279.62 279.16 278.62 278.06 277.41 276.81 276.25 275.69 274.94 273.47 273.06 271.78 271.09 270.31 269.78 269.41 269.12 268.72 268.31 267.78 267.50 266.91 266.22 265.31 264.47 263.81 263.06 262.47 262.09 261.53 261.09 260.75 260.75 260.72 260.47 260.19 259.97 259.78 259.41 259.19
285.69 285.28 284.88 284.47 284.19 283.88 283.69 283.56 283.38 283.12 282.91 282.69 282.44 282.38 282.81 283.12 283.22 283.12 282.94 283.09 283.09 283.00 282.91 282.72 282.47 282.12 281.75 281.38 280.97 280.53 280.09 279.62 279.09 278.56 277.97 276.97 276.56 275.94 275.34 274.69 274.00 273.25 272.72 272.06 271.41 270.94 270.69 270.50 270.03 269.56 268.78 268.38 267.72 267.06 265.97 265.44 264.50 263.84 263.22 262.56 262.06 261.69 261.31 261.25 261.19 261.00 260.62 260.50 260.19 259.97 259.75
286.19 285.66 285.22 284.91 284.75 284.56 284.34 284.16 283.97 283.75 283.50 283.22 282.97 283.12 283.53 283.72 283.75 283.59 283.50 283.62 283.66 283.62 283.47 283.22 282.84 282.41 281.94 281.50 280.84 280.31 280.06 279.59 279.06 278.28 277.44 276.75 276.34 276.03 275.47 274.88 274.28 274.06 273.88 273.03 272.50 272.09 272.16 271.53 271.09 270.50 269.84 269.19 268.56 267.75 266.81 265.84 265.12 264.53 263.81 263.12 262.56 262.22 261.91 261.84 261.72 261.53 261.25 261.12 260.75 260.59 260.12
286.66 286.09 285.66 285.38 285.25 285.06 284.88 284.69 284.47 284.22 283.94 283.59 283.72 283.97 284.22 284.38 284.34 284.16 284.03 284.22 284.31 284.25 284.03 283.69 283.22 282.69 282.16 281.41 280.69 280.00 279.47 279.12 278.38 277.88 277.41 276.81 276.22 275.88 275.50 274.97 274.81 274.94 274.47 273.94 273.44 273.38 272.88 272.47 271.94 271.31 270.56 269.91 269.31 268.38 267.66 266.97 266.19 265.31 264.28 263.53 263.06 262.75 262.38 262.47 262.34 262.19 261.72 261.66 261.34 261.03 260.50
287.06 286.50 286.12 285.88 285.72 285.53 285.34 285.12 284.88 284.59 284.25 284.00 284.31 284.62 284.88 285.03 285.03 284.88 284.66 284.94 284.97 284.88 284.56 284.12 283.56 282.84 282.19 281.47 280.78 280.06 279.44 278.81 278.38 277.88 277.38 276.81 276.44 276.06 275.72 275.72 275.59 275.25 274.91 274.53 274.22 274.09 273.66 273.22 272.66 271.91 271.19 270.25 269.38 268.69 268.28 267.84 266.91 266.06 264.75 263.94 263.56 263.31 263.06 263.16 262.97 262.41 262.31 262.16 261.84 261.47 261.00
287.44 286.91 286.59 286.38 286.19 285.97 285.72 285.47 285.22 284.91 284.53 284.44 284.84 285.22 285.53 285.75 285.81 285.59 285.41 285.69 285.69 285.47 285.09 284.56 283.94 283.16 282.53 281.66 280.78 280.16 279.59 279.06 278.47 277.97 277.28 276.91 276.53 276.53 276.28 276.25 276.00 275.59 275.22 274.94 274.69 274.53 274.28 273.88 273.28 272.69 271.41 270.59 269.88 269.69 269.41 268.69 267.78 266.66 265.75 264.78 264.12 264.06 263.97 263.72 263.12 262.81 262.94 262.66 262.28 261.84 261.44
287.78 287.34 287.06 286.88 286.62 286.34 286.06 285.78 285.47 285.12 284.84 284.88 285.31 285.72 286.12 286.47 286.66 286.66 286.69 286.62 286.44 286.09 285.59 284.97 284.28 283.56 282.88 281.84 280.88 280.28 279.88 279.50 278.94 278.41 277.69 277.50 277.69 277.25 276.94 276.62 276.31 275.91 275.50 275.22 275.06 274.97 274.78 274.47 274.19 272.62 271.28 271.00 270.94 270.84 270.22 269.50 268.28 267.44 266.91 266.06 265.50 265.16 264.81 264.34 263.69 263.38 263.44 263.12 262.72 262.16 261.78
288.16 287.78 287.53 287.25 286.97 286.69 286.34 286.03 285.69 285.34 285.19 285.38 285.75 286.25 286.75 287.19 287.47 287.62 287.62 287.47 287.12 286.62 285.97 285.25 284.53 283.78 283.06 282.06 281.09 280.56 280.28 280.12 279.69 279.06 278.56 278.41 278.00 277.62 277.25 276.88 276.53 276.12 275.56 275.44 275.47 275.22 275.25 275.19 274.94 273.16 272.09 272.16 272.56 271.88 271.19 270.03 268.81 268.12 267.75 267.25 266.81 266.28 265.75 265.03 264.25 264.06 263.94 263.56 263.00 262.44 262.06
288.56 288.19 287.91 287.59 287.28 286.94 286.59 286.28 285.94 285.66 285.56 285.81 286.25 286.84 287.34 287.84 288.22 288.41 288.38 288.09 287.62 286.97 286.22 285.44 284.66 283.94 283.28 282.22 281.12 280.66 280.62 280.66 280.22 279.75 279.28 278.81 278.38 277.94 277.47 277.12 276.53 276.00 275.75 276.06 275.50 275.56 275.69 275.62 275.41 274.94 274.25 272.91 273.84 273.25 272.25 271.31 270.22 269.25 268.56 267.97 267.50 267.06 266.38 265.44 265.16 264.62 264.47 264.03 263.53 262.97 262.47
288.88 288.50 288.19 287.84 287.50 287.16 286.81 286.50 286.22 286.00 286.03 286.28 286.78 287.41 287.91 288.38 288.81 289.03 288.94 288.56 287.94 287.19 286.34 285.53 284.69 283.94 283.09 282.22 281.47 281.12 281.19 280.97 280.66 280.19 279.66 279.16 278.62 278.09 277.75 277.03 276.47 276.44 276.47 276.31 276.06 276.03 276.12 276.22 276.41 276.03 275.69 275.75 275.19 274.69 273.50 272.66 271.84 270.69 270.12 269.28 268.66 267.97 267.31 266.56 265.81 265.34 265.00 264.56 263.97 263.22 262.81
289.34 288.81 288.50 288.12 287.72 287.41 287.09 286.78 286.56 286.44 286.47 286.78 287.25 287.81 288.22 288.78 289.22 289.47 289.34 288.88 288.22 287.28 286.38 285.31 284.44 283.69 283.09 282.66 281.84 281.72 281.59 281.28 280.91 280.41 279.88 279.44 278.84 278.22 277.62 276.84 276.91 277.16 277.03 276.88 276.66 276.59 276.59 276.91 276.94 276.84 277.22 276.34 275.81 275.56 275.25 274.88 273.38 272.09 271.22 270.41 269.25 268.91 268.50 267.72 266.91 266.25 265.78 265.22 264.47 263.53 263.12
289.69 289.19 288.72 288.41 288.06 287.75 287.47 287.19 286.97 286.91 286.97 287.19 287.66 288.09 288.41 288.84 289.53 289.78 289.66 289.16 288.31 287.41 286.28 285.19 284.34 283.84 283.41 282.94 282.44 282.16 281.84 281.47 281.00 280.47 280.06 279.44 278.78 278.47 277.75 277.31 277.69 277.69 277.69 277.38 277.31 277.09 277.25 277.56 277.75 277.78 277.72 277.38 277.09 276.72 276.47 276.25 275.44 274.25 272.91 271.09 270.56 269.69 269.31 268.59 267.88 267.22 266.62 265.94 264.84 264.00 263.53
289.81 289.44 289.00 288.75 288.50 288.19 287.97 287.72 287.50 287.41 287.47 287.72 288.19 288.56 288.78 288.97 289.84 290.06 289.91 289.31 288.44 287.34 286.12 285.09 284.66 284.19 283.56 283.22 282.84 282.41 281.97 281.47 280.94 280.56 280.12 279.28 279.28 278.72 278.28 278.19 278.28 278.28 278.12 278.03 277.88 277.78 277.84 278.28 278.59 278.62 278.56 278.41 278.25 277.81 277.59 277.75 277.12 276.59 274.59 272.44 271.06 270.59 269.84 269.28 268.72 268.16 267.38 266.50 265.31 264.59 264.19
290.25 289.84 289.50 289.06 288.84 288.66 288.50 288.31 288.12 288.06 288.09 288.31 288.91 289.09 289.19 289.50 290.09 290.38 290.19 289.59 288.78 287.62 286.34 285.47 284.88 284.28 283.66 283.47 283.09 282.62 281.91 281.44 281.03 280.62 280.22 279.38 280.00 278.97 278.88 278.94 278.97 278.75 278.62 278.78 278.53 278.50 278.84 279.31 279.53 279.53 279.50 279.34 279.25 279.03 278.72 278.50 278.59 278.16 275.97 273.22 271.62 271.31 270.66 270.16 269.66 268.94 268.12 267.00 266.00 265.19 264.72
290.72 290.41 290.06 289.56 289.25 289.16 289.03 288.91 288.81 288.81 288.88 289.09 289.62 289.66 289.69 289.84 290.47 290.75 290.56 289.97 289.12 288.00 286.75 286.00 285.47 284.53 283.88 283.75 283.53 282.59 281.91 281.44 281.28 281.03 280.38 279.94 280.06 279.78 279.81 279.75 279.72 279.47 279.41 279.78 279.78 279.62 280.16 280.44 280.44 280.44 280.34 280.16 279.91 279.69 279.62 279.34 279.56 279.31 277.94 275.09 273.00 272.59 271.88 271.22 270.47 269.69 268.84 267.75 266.62 265.91 265.59
291.19 290.69 290.44 289.97 289.78 289.69 289.56 289.50 289.47 289.62 289.84 290.12 290.34 290.22 290.19 290.47 290.91 291.19 291.03 290.47 289.53 288.47 287.38 286.47 285.72 284.66 284.25 284.03 283.66 282.62 282.19 281.94 281.78 281.41 280.75 280.44 281.28 281.00 280.84 280.75 280.69 280.44 280.50 280.94 281.06 280.69 281.31 281.38 281.28 281.25 281.19 280.66 280.69 280.91 280.50 280.69 280.72 280.31 278.78 276.12 274.31 273.66 272.81 272.06 271.28 270.44 269.62 268.31 267.12 266.53 266.19
291.53 291.12 290.84 290.62 290.41 290.28 290.09 290.06 290.09 290.44 290.75 291.03 291.16 290.94 290.91 290.91 291.34 291.72 291.56 290.97 290.25 289.22 288.12 287.00 286.12 285.19 284.66 284.28 283.94 283.03 282.66 282.38 282.16 281.78 281.72 280.88 281.47 281.66 281.62 281.88 281.62 281.38 281.66 282.22 282.31 282.38 282.41 282.16 282.06 281.78 281.41 281.28 281.72 281.91 281.88 281.72 281.44 280.78 279.75 278.09 275.62 274.25 273.62 272.84 271.66 271.00 270.28 268.78 267.81 267.22 266.72
292.12 291.72 291.44 291.25 291.25 291.03 290.66 290.62 290.75 291.09 291.44 291.78 292.03 292.06 292.25 292.22 292.38 292.31 292.06 291.47 290.69 289.69 288.38 287.53 286.72 285.59 285.12 284.56 284.19 283.56 283.16 282.91 282.59 282.25 282.12 281.56 281.72 282.19 282.22 282.44 282.44 282.19 282.88 282.97 283.00 283.00 282.94 282.72 282.44 282.03 282.19 282.12 282.41 282.53 282.62 282.38 281.94 281.25 280.41 279.78 277.84 275.16 273.47 273.19 272.72 271.78 271.12 270.03 269.03 268.28 267.66
293.12 292.69 292.28 292.19 292.16 291.94 291.53 291.41 291.62 291.84 292.09 292.44 292.69 292.94 293.19 293.16 292.97 292.81 292.47 291.84 290.91 289.66 288.59 288.06 287.09 286.03 285.41 284.91 284.53 283.94 283.56 283.34 282.91 282.75 282.28 282.03 282.22 282.50 282.78 282.94 283.16 283.25 283.62 283.53 283.53 283.47 283.28 283.09 282.94 282.97 283.12 283.09 283.03 282.94 283.06 282.84 282.72 282.47 281.91 281.53 279.41 277.03 274.84 273.69 273.56 272.69 271.91 271.03 270.19 269.56 268.75
294.28 293.88 293.53 293.59 293.53 293.31 292.81 292.66 292.84 293.00 292.97 293.22 293.41 293.69 293.72 293.66 293.47 293.19 292.75 292.41 291.22 290.03 289.31 288.44 287.44 286.62 285.84 285.19 284.66 284.19 283.84 283.56 283.31 283.09 282.75 282.59 282.62 282.91 283.25 283.47 283.69 284.00 284.00 284.03 284.00 283.78 283.75 283.72 283.84 284.00 284.03 283.97 283.72 283.69 283.56 283.44 283.31 283.00 282.88 282.66 281.50 280.16 278.41 276.06 274.34 273.50 273.03 272.19 271.31 270.62 270.00
295.69 295.28 294.44 294.66 294.97 294.88 294.62 294.31 294.38 294.41 294.22 294.16 294.34 294.44 294.34 294.12 293.84 293.47 292.97 292.44 291.66 290.75 289.84 288.88 288.03 287.16 286.31 285.59 284.81 284.50 284.06 283.78 283.59 283.41 283.38 283.22 283.16 283.28 283.84 284.06 284.19 284.41 284.47 284.44 284.12 284.16 284.34 284.50 284.72 284.84 284.81 284.69 284.44 284.38 284.09 284.00 284.00 283.75 283.50 283.31 283.12 282.78 281.25 278.62 276.53 274.44 273.84 273.34 272.38 271.72 271.03
296.97 296.50 296.44 296.25 296.34 296.31 296.19 295.72 295.66 295.84 295.66 295.44 295.44 295.19 294.94 294.59 294.12 293.53 293.09 292.56 291.78 291.06 290.28 289.38 288.34 287.66 286.88 285.91 285.06 284.78 284.47 284.16 284.19 284.06 283.88 283.59 283.62 284.16 284.41 284.59 284.78 284.88 284.91 284.72 284.62 284.75 284.97 285.25 285.59 285.69 285.62 285.44 284.94 284.94 284.75 284.66 284.72 284.56 284.34 284.12 284.03 284.00 283.06 280.84 278.62 276.31 274.56 274.25 273.59 272.91 271.94
298.16 298.00 297.97 297.75 297.72 297.62 297.44 296.78 296.84 297.03 296.88 296.66 296.34 295.97 295.56 295.09 294.41 293.97 293.53 292.75 292.09 291.47 290.78 289.75 288.75 288.00 287.28 286.38 285.59 284.97 284.91 284.75 284.88 284.81 284.53 284.09 284.09 284.78 285.09 285.16 285.25 285.38 285.41 285.28 285.22 285.50 285.62 286.09 286.41 286.53 286.47 286.22 285.75 285.47 285.41 285.53 285.53 285.41 285.25 285.03 284.84 284.59 284.31 284.19 280.75 278.31 276.47 275.06 274.59 273.69 272.88
298.94 299.19 299.16 299.00 298.81 298.66 298.44 297.84 297.69 298.09 297.94 297.66 297.25 296.56 296.28 295.91 295.47 294.75 294.19 293.50 292.91 292.00 291.06 290.12 289.25 288.19 287.66 286.84 286.03 285.62 285.41 285.56 285.59 285.38 285.22 284.84 284.91 285.12 285.50 285.69 285.78 285.91 286.00 285.81 285.84 286.31 286.72 287.12 287.19 287.28 287.25 287.19 286.66 286.38 286.44 286.34 286.50 286.34 286.22 285.97 285.66 285.28 285.09 284.81 283.56 281.59 279.38 276.88 275.41 274.56 273.88
300.28 300.22 300.47 300.22 299.91 299.59 299.19 298.78 298.78 298.97 298.91 298.59 297.88 297.19 297.06 296.81 296.00 295.41 294.75 294.16 293.34 292.44 291.44 290.50 289.47 288.41 287.91 287.28 286.69 286.25 286.03 286.25 286.19 286.09 285.94 285.62 285.84 286.12 285.66 286.12 286.38 286.47 286.41 286.50 286.84 287.22 287.44 287.72 287.88 287.97 288.00 288.00 287.53 287.56 287.56 287.53 287.50 287.50 287.22 286.94 286.56 286.09 285.62 285.22 284.44 283.44 281.50 278.84 276.88 275.72 275.00
302.19 301.59 301.72 301.25 300.81 300.44 299.72 299.50 299.75 299.84 299.78 299.50 298.91 298.28 298.06 297.50 296.88 296.09 295.50 294.75 293.84 292.66 291.53 290.53 289.44 288.72 288.47 287.97 287.22 286.75 286.78 287.00 286.69 286.59 286.31 286.28 286.69 286.47 286.16 286.53 286.97 286.91 286.84 287.22 287.72 288.03 288.22 288.25 288.38 288.59 288.72 288.66 288.53 288.62 288.59 288.59 288.53 288.44 288.16 287.91 287.56 287.06 286.50 285.84 285.34 284.31 282.94 280.94 279.09 277.78 276.69
303.78 302.97 302.47 302.03 301.56 300.91 300.34 300.16 300.56 300.72 300.69 300.47 300.06 299.62 299.09 298.50 297.88 297.09 296.25 295.34 294.28 292.75 291.38 290.44 289.84 289.47 289.06 288.72 288.00 287.62 287.34 287.56 287.19 287.00 286.84 286.88 287.06 286.81 286.75 286.91 287.31 287.34 287.31 287.91 288.41 288.72 288.97 288.94 288.91 289.12 289.53 289.56 289.53 289.50 289.41 289.41 289.19 289.03 288.91 288.84 288.50 288.06 287.44 286.69 285.97 285.12 283.94 282.38 281.06 280.25 279.12
304.25 303.69 303.12 302.62 302.09 301.47 301.06 301.12 301.41 301.53 301.53 301.34 301.09 300.59 300.03 299.38 298.69 297.88 296.94 295.94 294.66 293.53 292.00 291.09 290.38 289.81 289.31 289.03 288.50 288.16 288.09 288.03 287.66 287.66 287.44 287.41 287.78 287.72 287.66 287.53 287.62 287.81 288.00 288.56 289.03 289.38 289.66 289.69 289.59 290.03 290.41 290.50 290.50 290.47 290.28 290.25 289.91 289.66 289.75 289.53 289.25 288.81 288.16 287.34 286.66 285.91 284.97 283.00 282.16 281.75 280.62
304.47 303.88 303.53 303.16 302.56 302.00 301.75 302.00 302.34 302.22 302.19 302.03 301.75 301.31 300.75 300.09 299.34 298.47 297.47 296.44 295.19 294.09 292.66 291.78 291.06 290.16 289.72 289.50 288.97 288.88 288.66 288.47 288.22 288.41 288.09 288.03 288.44 288.38 288.25 288.19 288.19 288.34 288.59 289.22 289.66 290.03 290.31 290.47 290.75 291.03 291.25 291.44 291.41 291.25 290.97 290.91 290.62 290.19 290.31 290.16 289.84 289.34 288.62 287.69 287.00 286.47 285.56 284.03 283.62 282.72 281.81
304.75 304.25 304.03 303.50 302.91 302.34 302.31 302.72 302.84 302.72 302.69 302.50 302.25 301.84 301.28 300.62 299.84 298.91 297.88 296.81 295.56 294.41 293.44 292.44 291.28 290.56 290.25 289.97 289.53 289.38 289.19 288.81 288.88 289.03 288.78 288.72 289.12 289.03 288.94 289.03 289.06 289.09 289.38 289.62 290.25 290.62 290.97 291.31 291.84 292.09 292.31 292.41 292.34 291.94 291.62 291.59 291.53 291.22 291.06 290.78 290.41 289.81 289.19 288.09 287.12 286.47 285.75 284.94 283.78 282.94 281.91
305.38 305.06 304.69 304.09 303.47 302.94 302.84 303.12 303.09 303.06 302.97 302.81 302.56 302.19 301.62 300.94 300.09 299.25 298.31 297.09 295.75 295.12 294.19 292.56 291.84 291.44 290.97 290.50 290.16 289.75 289.59 289.41 289.59 289.69 289.38 289.53 289.78 289.66 289.53 289.81 290.03 289.97 290.09 290.25 290.75 291.22 291.69 292.16 292.66 293.03 293.31 293.41 293.44 293.31 292.81 292.50 292.69 292.31 291.91 291.50 291.03 290.41 289.66 288.84 287.81 286.88 286.00 285.19 284.34 283.44 282.31
306.06 305.62 305.19 304.62 304.25 303.69 303.38 303.38 303.34 303.28 303.16 303.03 302.78 302.41 301.88 301.09 300.25 299.34 298.09 296.75 296.25 295.47 294.28 293.00 292.50 292.00 291.50 291.00 290.66 290.31 289.97 290.06 290.22 290.12 289.94 290.44 290.53 290.47 290.38 290.69 290.91 290.94 290.84 291.03 291.44 292.09 292.31 292.88 293.47 293.81 294.12 294.31 294.34 294.44 294.28 293.88 293.59 293.19 292.78 292.31 291.78 291.16 290.34 289.38 288.25 287.22 286.09 285.19 284.34 283.34 282.16
