everonasctiles/Tile[20,28].asc
ncols 128
nrows 128
xllcorner 0
yllcorner 0
cellsize 2.0
NODATA_value  -9999
[rows 0 to 31 of 128, columns 0 to 70 of 128]
150.81 150.75 150.69 150.66 150.59 150.53 150.50 150.47 150.44 150.41 150.34 150.28 150.19 150.09 150.00 149.88 149.75 149.59 149.47 149.31 149.19 149.00 148.84 148.62 148.44 148.22 147.97 147.81 147.66 147.53 147.41 147.28 147.16 147.00 146.91 146.81 146.72 146.62 146.53 146.44 146.31 146.22 146.12 145.94 145.38 145.22 145.19 145.16 145.09 144.97 144.78 144.47 144.16 143.91 143.69 143.47 143.25 143.03 142.38 141.78 141.44 141.56 141.75 141.75 141.81 141.88 142.03 142.31 142.66 143.28 143.75
150.94 150.88 150.81 150.78 150.72 150.66 150.62 150.56 150.53 150.50 150.44 150.38 150.28 150.19 150.09 149.97 149.81 149.69 149.56 149.41 149.25 149.06 148.91 148.72 148.50 148.28 148.16 147.94 147.81 147.69 147.53 147.41 147.28 147.16 147.03 146.94 146.84 146.75 146.62 146.53 146.44 146.31 146.22 146.09 145.94 145.50 145.19 145.12 145.03 144.91 144.72 144.44 144.12 143.88 143.66 143.50 143.34 143.31 143.12 142.53 142.00 142.16 142.12 142.09 142.16 142.22 142.34 142.62 143.03 143.56 143.97
151.06 151.00 150.94 150.91 150.88 150.81 150.75 150.69 150.62 150.59 150.53 150.47 150.38 150.31 150.19 150.06 149.94 149.78 149.66 149.47 149.31 149.12 148.97 148.81 148.59 148.44 148.28 148.09 147.94 147.81 147.66 147.53 147.41 147.28 147.16 147.03 146.94 146.84 146.72 146.62 146.53 146.41 146.28 146.19 146.00 145.78 145.53 145.16 145.00 144.81 144.66 144.41 144.09 143.81 143.62 143.44 143.34 143.34 143.34 143.44 143.59 143.44 142.59 142.53 142.59 142.72 142.81 143.12 143.47 143.91 144.25
151.16 151.12 151.06 151.06 151.03 150.97 150.91 150.84 150.75 150.69 150.62 150.59 150.50 150.44 150.31 150.16 150.06 149.91 149.75 149.56 149.41 149.22 149.06 148.91 148.72 148.53 148.41 148.25 148.09 147.97 147.81 147.66 147.50 147.38 147.25 147.12 147.03 146.94 146.84 146.75 146.62 146.50 146.34 146.19 146.03 145.84 145.62 145.38 145.09 144.78 144.62 144.34 144.03 143.78 143.59 143.41 143.34 143.34 143.34 143.53 143.69 143.88 144.03 143.78 143.16 143.22 143.41 143.78 144.06 144.22 144.56
151.28 151.25 151.22 151.22 151.16 151.12 151.06 151.00 150.91 150.81 150.78 150.72 150.62 150.53 150.44 150.31 150.16 150.00 149.81 149.69 149.50 149.34 149.16 149.00 148.81 148.66 148.53 148.34 148.25 148.09 147.94 147.78 147.66 147.50 147.38 147.25 147.16 147.06 147.00 146.91 146.75 146.62 146.44 146.28 146.09 145.91 145.66 145.41 145.12 144.81 144.50 144.22 143.94 143.69 143.50 143.34 143.34 143.34 143.41 143.59 143.75 143.94 144.09 144.34 144.59 144.53 144.31 144.41 144.44 144.50 144.94
151.38 151.38 151.34 151.34 151.31 151.25 151.22 151.12 151.06 151.00 150.91 150.84 150.75 150.66 150.53 150.41 150.28 150.12 149.97 149.81 149.62 149.47 149.28 149.12 148.94 148.78 148.62 148.50 148.34 148.22 148.06 147.94 147.78 147.59 147.50 147.41 147.34 147.28 147.22 147.09 146.94 146.78 146.59 146.38 146.19 145.94 145.72 145.44 145.12 144.81 144.50 144.16 143.84 143.56 143.28 143.00 142.84 143.09 143.47 143.66 143.84 144.00 144.22 144.47 144.72 144.97 145.22 145.41 145.28 145.16 145.31
151.50 151.50 151.47 151.47 151.44 151.41 151.34 151.28 151.22 151.12 151.06 150.97 150.88 150.78 150.66 150.53 150.41 150.25 150.06 149.94 149.78 149.59 149.41 149.22 149.06 148.91 148.75 148.62 148.50 148.34 148.22 148.06 147.94 147.78 147.69 147.59 147.56 147.53 147.44 147.31 147.19 147.00 146.78 146.56 146.31 146.06 145.78 145.47 145.12 144.81 144.50 144.16 143.84 143.47 143.09 142.47 141.97 142.06 143.28 143.62 143.94 144.09 144.34 144.59 144.84 145.09 145.34 145.69 146.06 146.28 145.91
151.59 151.59 151.59 151.56 151.56 151.50 151.47 151.41 151.31 151.25 151.16 151.09 151.00 150.91 150.78 150.66 150.53 150.38 150.25 150.09 149.91 149.72 149.53 149.34 149.16 149.00 148.84 148.72 148.62 148.50 148.38 148.25 148.09 148.00 147.91 147.88 147.84 147.81 147.69 147.56 147.41 147.22 147.00 146.75 146.47 146.19 145.91 145.56 145.19 144.84 144.53 144.19 143.84 143.47 143.06 142.62 142.28 142.44 142.97 143.62 144.06 144.41 144.59 144.72 144.94 145.19 145.53 145.88 146.25 146.62 147.00
151.72 151.72 151.69 151.69 151.66 151.62 151.56 151.50 151.44 151.34 151.28 151.22 151.09 151.00 150.91 150.78 150.66 150.50 150.38 150.22 150.03 149.84 149.62 149.44 149.25 149.09 148.97 148.84 148.75 148.66 148.56 148.44 148.34 148.25 148.19 148.16 148.12 148.09 147.97 147.81 147.66 147.44 147.19 146.91 146.66 146.34 146.03 145.69 145.28 144.91 144.59 144.25 143.91 143.53 143.12 142.75 142.44 142.56 143.16 143.69 144.25 144.59 144.88 145.12 145.28 145.41 145.72 146.06 146.44 146.81 147.22
151.81 151.81 151.81 151.78 151.75 151.69 151.62 151.59 151.50 151.47 151.38 151.31 151.25 151.16 151.06 150.94 150.78 150.66 150.50 150.31 150.12 149.94 149.75 149.56 149.38 149.22 149.12 149.00 148.91 148.84 148.75 148.69 148.59 148.53 148.47 148.47 148.44 148.34 148.19 148.03 147.88 147.62 147.34 147.09 146.81 146.50 146.19 145.81 145.38 145.00 144.69 144.31 143.97 143.62 143.25 142.94 142.56 142.69 143.41 143.91 144.41 144.81 145.12 145.38 145.62 145.88 146.12 146.28 146.62 147.06 147.44
151.94 151.94 151.91 151.88 151.81 151.78 151.72 151.66 151.59 151.53 151.50 151.44 151.38 151.28 151.19 151.03 150.94 150.78 150.62 150.44 150.25 150.06 149.84 149.66 149.50 149.38 149.25 149.16 149.12 149.06 149.00 148.94 148.88 148.81 148.78 148.75 148.69 148.56 148.44 148.25 148.03 147.81 147.50 147.25 146.97 146.66 146.34 145.97 145.53 145.19 144.81 144.47 144.09 143.72 143.41 143.12 142.94 143.28 143.78 144.25 144.69 145.06 145.38 145.66 145.91 146.12 146.47 146.81 147.06 147.28 147.69
152.06 152.03 152.00 151.97 151.91 151.88 151.81 151.75 151.72 151.66 151.59 151.53 151.47 151.41 151.31 151.22 151.06 150.91 150.75 150.56 150.34 150.16 149.94 149.81 149.66 149.56 149.44 149.41 149.34 149.38 149.31 149.25 149.16 149.09 149.06 149.03 148.97 148.81 148.62 148.44 148.19 147.94 147.62 147.38 147.09 146.81 146.50 146.06 145.72 145.34 145.00 144.62 144.25 143.88 143.56 143.28 143.41 143.75 144.19 144.59 145.00 145.34 145.66 145.94 146.22 146.50 146.81 147.12 147.50 147.84 148.06
152.19 152.16 152.12 152.09 152.03 151.97 151.91 151.84 151.81 151.78 151.72 151.66 151.62 151.53 151.44 151.34 151.22 151.06 150.84 150.66 150.50 150.28 150.12 149.97 149.84 149.75 149.69 149.69 149.69 149.66 149.62 149.53 149.47 149.41 149.34 149.28 149.19 149.03 148.81 148.56 148.28 148.00 147.72 147.47 147.19 146.91 146.59 146.22 145.88 145.53 145.16 144.81 144.44 144.06 143.69 143.50 143.78 144.22 144.59 144.97 145.31 145.66 145.94 146.22 146.53 146.81 147.16 147.47 147.81 148.09 148.47
152.34 152.31 152.25 152.22 152.16 152.09 152.06 152.00 151.94 151.88 151.84 151.78 151.72 151.66 151.56 151.47 151.34 151.19 151.03 150.84 150.66 150.44 150.25 150.12 150.03 149.97 149.97 149.94 150.00 149.97 149.88 149.78 149.72 149.66 149.56 149.50 149.38 149.22 148.97 148.69 148.38 148.06 147.78 147.56 147.31 147.03 146.72 146.38 146.03 145.69 145.34 144.97 144.62 144.25 143.81 143.84 144.25 144.62 144.97 145.31 145.66 145.97 146.25 146.53 146.81 147.12 147.47 147.78 148.09 148.41 148.72
152.47 152.44 152.41 152.34 152.31 152.25 152.19 152.12 152.09 152.03 151.97 151.91 151.84 151.78 151.69 151.56 151.47 151.34 151.19 151.03 150.81 150.62 150.44 150.31 150.28 150.25 150.28 150.28 150.22 150.16 150.09 150.00 149.91 149.84 149.75 149.66 149.53 149.38 149.12 148.81 148.47 148.16 147.88 147.69 147.47 147.19 146.88 146.53 146.22 145.88 145.53 145.19 144.81 144.44 143.94 144.19 144.66 145.00 145.34 145.69 146.00 146.28 146.56 146.84 147.12 147.41 147.66 148.00 148.31 148.62 148.97
152.62 152.59 152.53 152.50 152.44 152.41 152.34 152.28 152.22 152.16 152.09 152.03 151.97 151.88 151.78 151.72 151.62 151.50 151.38 151.19 151.00 150.81 150.66 150.56 150.53 150.56 150.53 150.50 150.41 150.34 150.25 150.19 150.09 150.03 149.94 149.84 149.72 149.56 149.31 149.00 148.66 148.34 148.06 147.84 147.62 147.38 147.06 146.75 146.44 146.09 145.75 145.38 145.00 144.66 144.19 144.62 145.03 145.41 145.72 146.03 146.31 146.59 146.88 147.16 147.44 147.72 147.91 148.19 148.53 148.88 149.22
152.78 152.75 152.69 152.66 152.59 152.53 152.47 152.41 152.38 152.31 152.25 152.19 152.09 152.03 151.97 151.88 151.78 151.69 151.53 151.38 151.19 151.03 150.88 150.81 150.78 150.78 150.72 150.66 150.59 150.50 150.44 150.34 150.28 150.19 150.12 150.03 149.91 149.75 149.50 149.22 148.91 148.56 148.28 148.06 147.84 147.59 147.28 146.97 146.66 146.31 145.94 145.59 145.22 144.88 144.56 145.06 145.41 145.75 146.06 146.34 146.62 146.91 147.19 147.47 147.75 147.94 148.19 148.44 148.75 149.09 149.44
152.94 152.91 152.88 152.81 152.75 152.69 152.62 152.56 152.50 152.44 152.38 152.31 152.25 152.19 152.12 152.06 151.94 151.84 151.69 151.53 151.34 151.19 151.09 151.03 151.00 150.97 150.91 150.84 150.75 150.69 150.59 150.53 150.44 150.38 150.31 150.22 150.09 149.94 149.72 149.44 149.16 148.84 148.56 148.31 148.06 147.81 147.53 147.22 146.88 146.53 146.19 145.84 145.47 144.97 145.03 145.44 145.75 146.06 146.38 146.66 146.91 147.16 147.47 147.75 147.97 148.19 148.34 148.66 148.97 149.31 149.69
153.09 153.06 153.03 152.97 152.91 152.84 152.78 152.72 152.66 152.59 152.53 152.47 152.41 152.34 152.28 152.19 152.09 152.00 151.84 151.69 151.50 151.34 151.28 151.25 151.22 151.16 151.06 151.00 150.91 150.84 150.75 150.69 150.62 150.56 150.50 150.41 150.28 150.12 149.91 149.69 149.41 149.12 148.84 148.56 148.31 148.03 147.75 147.47 147.16 146.84 146.50 146.12 145.81 145.47 145.53 145.81 146.09 146.38 146.66 146.94 147.19 147.44 147.75 148.00 148.19 148.41 148.59 148.84 149.16 149.53 149.91
153.28 153.25 153.19 153.16 153.06 153.00 152.94 152.88 152.81 152.75 152.69 152.62 152.56 152.50 152.44 152.34 152.25 152.12 151.97 151.81 151.66 151.50 151.47 151.44 151.38 151.31 151.22 151.16 151.06 150.97 150.91 150.84 150.78 150.75 150.69 150.59 150.50 150.34 150.12 149.91 149.66 149.41 149.12 148.88 148.59 148.31 148.00 147.72 147.41 147.09 146.75 146.44 146.12 145.78 145.94 146.16 146.41 146.69 146.94 147.19 147.44 147.69 147.94 148.19 148.41 148.59 148.81 149.09 149.41 149.75 150.12
153.44 153.41 153.34 153.31 153.25 153.19 153.12 153.03 152.97 152.91 152.84 152.81 152.75 152.69 152.59 152.50 152.41 152.28 152.12 151.97 151.81 151.69 151.62 151.59 151.53 151.47 151.38 151.31 151.22 151.12 151.06 151.00 150.97 150.91 150.88 150.78 150.69 150.53 150.31 150.09 149.84 149.59 149.34 149.09 148.88 148.56 148.25 147.97 147.66 147.34 147.00 146.69 146.41 146.22 146.28 146.47 146.69 146.97 147.22 147.47 147.69 147.91 148.16 148.34 148.53 148.78 149.00 149.34 149.66 149.97 150.38
153.56 153.53 153.50 153.47 153.41 153.34 153.28 153.22 153.16 153.09 153.03 152.97 152.91 152.84 152.78 152.66 152.56 152.44 152.28 152.16 152.00 151.88 151.81 151.75 151.69 151.62 151.53 151.47 151.38 151.28 151.22 151.16 151.12 151.09 151.06 150.97 150.84 150.69 150.50 150.28 150.03 149.78 149.56 149.28 149.06 148.75 148.47 148.19 147.91 147.59 147.25 146.91 146.59 146.38 146.47 146.69 146.97 147.22 147.50 147.72 147.97 148.16 148.34 148.53 148.75 148.97 149.28 149.59 149.88 150.22 150.59
153.69 153.66 153.62 153.59 153.56 153.53 153.47 153.41 153.34 153.28 153.22 153.16 153.09 153.03 152.94 152.84 152.72 152.59 152.47 152.31 152.19 152.09 152.00 151.94 151.88 151.78 151.72 151.62 151.53 151.44 151.38 151.31 151.28 151.25 151.22 151.16 151.03 150.84 150.66 150.44 150.22 149.97 149.72 149.47 149.22 148.94 148.69 148.41 148.12 147.81 147.47 147.09 146.69 146.44 146.62 146.91 147.19 147.47 147.75 148.00 148.22 148.41 148.59 148.75 148.97 149.22 149.53 149.88 150.19 150.53 150.91
153.84 153.81 153.78 153.75 153.72 153.69 153.66 153.59 153.53 153.47 153.41 153.34 153.28 153.22 153.12 153.00 152.91 152.78 152.66 152.53 152.41 152.28 152.19 152.12 152.03 151.97 151.88 151.78 151.69 151.62 151.53 151.47 151.44 151.41 151.38 151.31 151.19 151.00 150.81 150.59 150.38 150.16 149.91 149.62 149.38 149.12 148.88 148.62 148.38 148.06 147.72 147.25 146.66 146.41 146.62 147.09 147.44 147.72 148.00 148.25 148.47 148.66 148.84 149.00 149.22 149.47 149.78 150.12 150.47 150.81 151.16
153.97 153.94 153.91 153.88 153.88 153.84 153.81 153.78 153.72 153.69 153.62 153.53 153.47 153.41 153.31 153.19 153.09 152.97 152.84 152.72 152.59 152.50 152.41 152.31 152.22 152.16 152.06 151.97 151.88 151.78 151.72 151.62 151.59 151.59 151.53 151.47 151.34 151.19 150.97 150.75 150.53 150.31 150.06 149.81 149.53 149.28 149.03 148.81 148.56 148.31 148.03 147.31 146.78 146.66 146.81 147.28 147.69 148.00 148.28 148.53 148.75 148.94 149.09 149.25 149.50 149.78 150.09 150.44 150.78 151.16 151.50
154.09 154.06 154.03 154.03 154.00 153.97 153.94 153.94 153.91 153.84 153.81 153.75 153.66 153.59 153.50 153.38 153.28 153.16 153.03 152.91 152.81 152.72 152.59 152.53 152.44 152.34 152.25 152.16 152.06 151.97 151.88 151.81 151.78 151.75 151.72 151.62 151.50 151.34 151.12 150.94 150.72 150.50 150.25 149.97 149.69 149.44 149.22 148.97 148.75 148.53 148.31 147.38 146.78 146.69 146.88 147.41 147.94 148.28 148.59 148.84 149.06 149.25 149.41 149.56 149.75 150.09 150.41 150.81 151.16 151.47 151.78
154.22 154.19 154.16 154.16 154.12 154.12 154.09 154.06 154.06 154.03 154.00 153.94 153.88 153.78 153.69 153.59 153.47 153.34 153.25 153.12 153.03 152.91 152.81 152.75 152.66 152.56 152.47 152.38 152.28 152.19 152.09 152.00 151.97 151.94 151.88 151.81 151.66 151.50 151.31 151.12 150.91 150.72 150.44 150.16 149.88 149.62 149.38 149.16 148.91 148.69 148.44 147.53 146.94 146.78 146.97 147.53 148.25 148.59 148.91 149.16 149.41 149.56 149.72 149.88 150.12 150.38 150.72 151.12 151.47 151.81 152.19
154.31 154.31 154.28 154.28 154.25 154.25 154.22 154.22 154.19 154.16 154.16 154.09 154.03 153.94 153.88 153.78 153.66 153.56 153.44 153.34 153.25 153.16 153.06 152.97 152.88 152.78 152.69 152.59 152.50 152.41 152.31 152.22 152.19 152.16 152.09 152.00 151.84 151.66 151.50 151.28 151.09 150.91 150.66 150.34 150.03 149.78 149.56 149.31 149.09 148.88 148.59 147.72 147.22 147.03 147.22 147.75 148.59 148.91 149.25 149.50 149.75 149.91 150.06 150.22 150.50 150.72 151.12 151.47 151.81 152.16 152.53
154.44 154.41 154.41 154.41 154.38 154.38 154.34 154.34 154.34 154.31 154.28 154.25 154.19 154.12 154.06 153.97 153.88 153.78 153.66 153.56 153.47 153.38 153.28 153.19 153.09 153.03 152.94 152.84 152.75 152.66 152.56 152.50 152.44 152.38 152.31 152.19 152.03 151.84 151.66 151.47 151.28 151.09 150.84 150.53 150.22 149.97 149.72 149.50 149.28 149.03 148.78 148.03 147.66 147.50 147.62 148.06 148.84 149.22 149.59 149.91 150.12 150.25 150.44 150.66 150.88 151.12 151.47 151.81 152.16 152.53 152.88
154.53 154.53 154.53 154.53 154.50 154.50 154.50 154.47 154.47 154.44 154.44 154.41 154.34 154.28 154.22 154.16 154.06 153.97 153.88 153.78 153.69 153.59 153.53 153.44 153.34 153.28 153.19 153.09 153.00 152.91 152.84 152.75 152.69 152.62 152.53 152.41 152.25 152.06 151.84 151.66 151.44 151.28 151.03 150.75 150.41 150.16 149.91 149.69 149.44 149.22 149.00 148.41 147.94 147.78 147.97 148.44 149.09 149.47 149.88 150.22 150.47 150.62 150.81 151.06 151.28 151.53 151.84 152.16 152.50 152.88 153.22
154.66 154.66 154.66 154.62 154.62 154.62 154.62 154.59 154.59 154.59 154.56 154.53 154.50 154.44 154.38 154.31 154.25 154.16 154.09 154.00 153.91 153.84 153.75 153.66 153.59 153.50 153.44 153.34 153.25 153.16 153.09 153.00 152.94 152.84 152.78 152.66 152.47 152.25 152.03 151.84 151.62 151.44 151.22 150.94 150.62 150.38 150.12 149.88 149.62 149.41 149.19 148.75 148.31 148.12 148.31 148.78 149.31 149.75 150.16 150.53 150.78 151.03 151.22 151.47 151.72 151.97 152.19 152.53 152.88 153.22 153.56
154.78 154.75 154.75 154.75 154.75 154.75 154.75 154.75 154.72 154.72 154.69 154.69 154.62 154.59 154.53 154.50 154.44 154.38 154.28 154.22 154.16 154.06 154.00 153.91 153.84 153.75 153.66 153.59 153.50 153.41 153.34 153.25 153.16 153.09 153.00 152.84 152.66 152.47 152.25 152.03 151.81 151.62 151.41 151.09 150.81 150.56 150.31 150.06 149.84 149.59 149.41 148.97 148.69 148.59 148.69 148.97 149.56 150.03 150.50 150.88 151.16 151.41 151.69 151.91 152.16 152.38 152.62 152.94 153.25 153.56 153.88
