everonasctiles/Tile8,45.asc
ncols 128
nrows 128
xllcorner 0
yllcorner 0
cellsize 2.0
NODATA_value  -9999
[rows 32 to 63 of 128, columns 0 to 70 of 128]
-20.81 -20.75 -20.81 -20.78 -20.72 -20.69 -20.69 -20.56 -20.59 -20.62 -20.50 -20.41 -20.41 -20.28 -20.16 -20.19 -20.22 -20.16 -20.12 -20.09 -20.03 -20.03 -20.06 -20.00 -19.91 -19.91 -19.75 -19.72 -19.84 -19.59 -19.31 -19.34 -19.50 -19.56 -19.62 -19.66 -19.62 -19.66 -19.69 -19.81 -19.69 -19.56 -19.47 -19.47 -19.38 -19.25 -19.16 -19.09 -19.16 -19.34 -19.41 -19.47 -19.53 -19.47 -19.47 -19.50 -19.44 -19.16 -19.06 -18.88 -18.62 -18.53 -18.38 -18.31 -18.38 -18.50 -18.50 -18.66 -18.69 -18.81 -18.88
-20.59 -20.62 -20.78 -20.69 -20.59 -20.44 -20.44 -20.44 -20.38 -20.28 -20.31 -20.34 -20.41 -20.31 -20.19 -20.09 -20.19 -20.16 -20.12 -20.12 -19.84 -19.75 -19.75 -19.78 -19.72 -19.56 -19.53 -19.56 -19.59 -19.44 -19.12 -19.25 -19.44 -19.38 -19.44 -19.59 -19.62 -19.62 -19.69 -19.66 -19.53 -19.53 -19.47 -19.28 -19.19 -19.16 -19.06 -19.03 -19.12 -19.25 -19.47 -19.47 -19.44 -19.34 -19.34 -19.41 -19.25 -19.00 -18.97 -18.91 -18.62 -18.50 -18.38 -18.53 -18.38 -18.41 -18.44 -18.50 -18.41 -18.66 -18.66
-20.59 -20.75 -20.72 -20.56 -20.34 -20.31 -20.38 -20.25 -20.25 -20.09 -20.22 -20.31 -20.28 -20.28 -20.12 -20.09 -20.19 -20.16 -20.25 -20.22 -20.03 -19.81 -19.69 -19.72 -19.50 -19.34 -19.34 -19.38 -19.25 -19.03 -19.06 -19.25 -19.19 -19.28 -19.28 -19.50 -19.56 -19.59 -19.56 -19.59 -19.56 -19.38 -19.28 -19.16 -19.03 -19.03 -19.00 -18.94 -19.00 -19.03 -19.25 -19.31 -19.28 -19.19 -19.12 -19.12 -18.97 -18.75 -18.75 -18.69 -18.56 -18.38 -18.25 -18.31 -18.12 -18.03 -18.12 -18.12 -18.31 -18.47 -18.44
-20.62 -20.53 -20.59 -20.56 -20.44 -20.25 -20.22 -20.31 -20.28 -20.03 -20.06 -20.12 -20.09 -20.06 -20.12 -20.06 -20.00 -19.94 -20.12 -20.16 -20.03 -19.75 -19.59 -19.53 -19.41 -19.31 -19.19 -19.22 -19.22 -19.06 -19.00 -19.19 -19.19 -19.12 -19.28 -19.34 -19.50 -19.47 -19.47 -19.41 -19.31 -19.38 -19.25 -19.12 -19.03 -18.97 -18.81 -18.91 -18.94 -18.84 -19.00 -19.12 -19.03 -18.97 -18.94 -18.84 -18.81 -18.69 -18.72 -18.53 -18.47 -18.28 -18.19 -18.09 -17.91 -17.69 -17.78 -17.78 -17.97 -18.12 -18.09
-20.62 -20.38 -20.38 -20.41 -20.41 -20.31 -20.25 -20.22 -20.16 -20.06 -20.09 -20.00 -19.88 -19.84 -19.88 -19.72 -19.69 -19.78 -20.00 -20.09 -19.91 -19.72 -19.53 -19.47 -19.38 -19.28 -19.16 -18.97 -19.09 -19.22 -19.06 -18.94 -19.03 -19.06 -19.25 -19.34 -19.41 -19.44 -19.38 -19.12 -19.22 -19.34 -19.25 -19.16 -19.09 -18.97 -18.75 -18.72 -18.75 -18.69 -18.72 -18.75 -18.75 -18.81 -18.75 -18.66 -18.72 -18.75 -18.66 -18.59 -18.56 -18.34 -18.03 -18.06 -17.97 -17.94 -17.72 -17.66 -17.66 -17.78 -17.78
-20.50 -20.41 -20.28 -20.38 -20.44 -20.25 -20.22 -20.16 -20.03 -19.94 -20.06 -20.06 -19.91 -19.72 -19.59 -19.44 -19.50 -19.81 -20.03 -19.97 -19.78 -19.62 -19.47 -19.31 -19.25 -19.38 -19.25 -19.00 -18.81 -18.88 -18.88 -18.81 -18.81 -18.88 -19.03 -19.28 -19.38 -19.31 -19.28 -19.22 -19.31 -19.28 -19.28 -19.16 -19.03 -18.84 -18.59 -18.56 -18.62 -18.47 -18.41 -18.47 -18.66 -18.62 -18.56 -18.50 -18.47 -18.50 -18.62 -18.59 -18.41 -18.25 -18.12 -18.06 -18.03 -18.03 -17.94 -17.75 -17.66 -17.50 -17.38
-20.41 -20.19 -20.06 -20.22 -20.22 -20.19 -20.16 -20.03 -19.88 -19.88 -20.06 -20.06 -19.84 -19.66 -19.66 -19.53 -19.41 -19.59 -19.84 -19.78 -19.69 -19.50 -19.47 -19.31 -19.22 -19.09 -18.97 -18.81 -18.72 -18.72 -18.84 -18.88 -18.84 -18.97 -18.91 -19.00 -19.09 -19.12 -19.09 -19.19 -19.25 -19.12 -19.06 -18.94 -18.81 -18.56 -18.28 -18.19 -18.31 -18.44 -18.34 -18.34 -18.47 -18.56 -18.44 -18.38 -18.41 -18.41 -18.47 -18.34 -18.28 -18.19 -18.12 -18.00 -17.91 -17.84 -17.81 -17.66 -17.62 -17.28 -17.19
-20.44 -20.25 -20.09 -20.03 -20.00 -20.03 -20.12 -20.06 -19.66 -19.72 -19.84 -19.75 -19.72 -19.78 -19.66 -19.44 -19.31 -19.31 -19.50 -19.50 -19.50 -19.44 -19.38 -19.31 -19.25 -19.16 -18.88 -18.72 -18.81 -18.91 -18.78 -18.66 -18.78 -18.94 -18.84 -18.75 -18.81 -18.78 -18.75 -19.00 -19.03 -18.84 -18.66 -18.53 -18.47 -18.31 -18.16 -18.06 -18.12 -18.31 -18.28 -18.22 -18.38 -18.47 -18.34 -18.25 -18.25 -18.31 -18.31 -18.22 -18.19 -18.12 -17.94 -17.84 -17.84 -17.78 -17.69 -17.66 -17.59 -17.31 -17.28
-20.31 -20.28 -20.09 -19.94 -19.91 -19.75 -19.88 -19.81 -19.84 -19.75 -19.72 -19.72 -19.66 -19.56 -19.50 -19.38 -19.28 -19.28 -19.34 -19.38 -19.34 -19.25 -19.22 -19.09 -19.09 -19.00 -18.84 -18.69 -18.88 -18.97 -18.91 -18.72 -18.75 -18.81 -18.81 -18.75 -18.69 -18.66 -18.66 -18.66 -18.69 -18.66 -18.38 -18.25 -18.31 -18.19 -18.12 -18.03 -18.00 -18.25 -18.41 -18.28 -18.22 -18.19 -18.12 -18.06 -18.09 -17.94 -18.09 -18.03 -17.88 -17.78 -17.78 -17.75 -17.72 -17.69 -17.66 -17.62 -17.56 -17.44 -17.28
-20.16 -20.16 -19.97 -19.81 -19.81 -19.81 -19.78 -19.59 -19.53 -19.50 -19.44 -19.47 -19.38 -19.38 -19.25 -19.22 -19.28 -19.31 -19.16 -19.16 -19.28 -19.19 -19.06 -18.84 -18.84 -18.81 -18.75 -18.62 -18.75 -18.84 -18.81 -18.69 -18.59 -18.59 -18.69 -18.50 -18.41 -18.38 -18.53 -18.50 -18.50 -18.50 -18.28 -18.09 -18.19 -18.22 -18.19 -18.19 -18.06 -18.16 -18.31 -18.28 -18.28 -18.12 -18.03 -17.91 -17.97 -17.88 -17.84 -17.69 -17.50 -17.41 -17.44 -17.56 -17.56 -17.47 -17.53 -17.50 -17.56 -17.50 -17.31
-20.12 -20.09 -19.97 -19.84 -19.78 -19.69 -19.56 -19.41 -19.34 -19.41 -19.34 -19.19 -19.31 -19.31 -19.16 -18.97 -19.03 -19.09 -19.09 -19.16 -19.25 -19.06 -18.78 -18.62 -18.69 -18.72 -18.75 -18.59 -18.59 -18.62 -18.62 -18.50 -18.41 -18.50 -18.56 -18.44 -18.34 -18.31 -18.62 -18.66 -18.41 -18.22 -18.16 -18.22 -18.25 -18.25 -18.16 -18.03 -18.03 -18.00 -18.09 -18.25 -18.25 -18.06 -17.88 -17.72 -17.62 -17.78 -17.62 -17.44 -17.31 -17.06 -17.16 -17.41 -17.28 -17.25 -17.44 -17.41 -17.38 -17.25 -17.00
-19.94 -19.91 -19.88 -19.78 -19.78 -19.69 -19.50 -19.38 -19.22 -19.19 -19.28 -19.19 -19.28 -19.09 -18.94 -18.94 -18.84 -18.84 -19.09 -19.09 -19.09 -18.97 -18.81 -18.59 -18.56 -18.56 -18.62 -18.53 -18.50 -18.47 -18.47 -18.38 -18.34 -18.38 -18.41 -18.28 -18.16 -18.38 -18.56 -18.56 -18.41 -18.38 -18.41 -18.44 -18.34 -18.16 -18.00 -17.97 -17.94 -17.78 -17.72 -17.91 -18.09 -17.91 -17.69 -17.34 -17.22 -17.44 -17.47 -17.28 -17.31 -17.09 -17.22 -17.25 -17.06 -17.03 -17.19 -17.25 -17.12 -17.00 -16.75
-19.81 -19.81 -19.81 -19.84 -19.66 -19.69 -19.56 -19.38 -19.25 -19.16 -19.12 -19.16 -19.12 -19.00 -18.84 -18.91 -19.06 -18.94 -19.19 -19.12 -18.81 -18.78 -18.72 -18.47 -18.47 -18.59 -18.59 -18.66 -18.50 -18.47 -18.31 -18.22 -18.12 -18.12 -18.16 -18.22 -18.34 -18.41 -18.25 -18.25 -18.28 -18.22 -18.31 -18.28 -18.09 -18.00 -17.97 -17.91 -17.81 -17.75 -17.53 -17.66 -17.56 -17.47 -17.28 -17.00 -16.91 -17.09 -17.16 -17.22 -17.25 -17.25 -17.16 -17.09 -17.00 -16.91 -16.84 -16.91 -17.03 -16.94 -16.81
-19.59 -19.62 -19.69 -19.56 -19.59 -19.66 -19.56 -19.44 -19.31 -19.22 -19.19 -19.25 -19.22 -19.00 -18.78 -18.84 -18.97 -18.94 -18.94 -19.03 -18.94 -18.56 -18.47 -18.47 -18.53 -18.62 -18.66 -18.53 -18.50 -18.38 -18.19 -18.00 -17.94 -18.03 -18.09 -18.16 -18.28 -18.19 -17.97 -17.94 -17.97 -18.03 -18.12 -18.12 -18.06 -17.84 -17.72 -17.66 -17.62 -17.53 -17.44 -17.41 -17.22 -17.09 -16.97 -16.84 -16.84 -16.94 -16.84 -17.00 -16.97 -16.94 -16.84 -16.84 -16.78 -16.72 -16.56 -16.62 -16.66 -16.72 -16.66
-19.47 -19.53 -19.53 -19.47 -19.59 -19.62 -19.56 -19.47 -19.41 -19.25 -19.16 -19.25 -19.19 -19.16 -19.03 -18.94 -18.75 -18.84 -18.84 -18.88 -18.94 -18.59 -18.50 -18.53 -18.53 -18.59 -18.56 -18.47 -18.47 -18.34 -18.22 -18.09 -18.09 -18.22 -18.19 -18.22 -18.12 -18.06 -17.88 -17.72 -17.84 -17.91 -17.88 -17.84 -17.66 -17.53 -17.53 -17.44 -17.56 -17.41 -17.22 -17.28 -17.03 -16.81 -16.69 -16.75 -16.72 -16.78 -16.62 -16.56 -16.78 -16.72 -16.69 -16.69 -16.59 -16.50 -16.38 -16.28 -16.41 -16.28 -15.97
-19.44 -19.44 -19.41 -19.56 -19.66 -19.47 -19.34 -19.47 -19.34 -19.22 -19.12 -19.09 -19.06 -19.03 -18.97 -18.88 -18.72 -18.72 -18.75 -18.75 -18.59 -18.38 -18.53 -18.56 -18.56 -18.38 -18.41 -18.38 -18.31 -18.25 -18.16 -18.28 -18.28 -18.28 -18.16 -18.06 -17.94 -17.75 -17.62 -17.56 -17.56 -17.72 -17.72 -17.53 -17.34 -17.38 -17.28 -17.25 -17.22 -17.25 -17.16 -16.91 -16.91 -16.72 -16.69 -16.75 -16.75 -16.59 -16.31 -16.06 -16.47 -16.47 -16.28 -16.22 -16.16 -16.03 -16.16 -16.16 -16.03 -15.81 -15.38
-19.50 -19.44 -19.44 -19.53 -19.50 -19.38 -19.34 -19.38 -19.34 -19.25 -19.12 -19.03 -19.03 -18.94 -18.75 -18.69 -18.69 -18.59 -18.66 -18.69 -18.59 -18.28 -18.31 -18.38 -18.53 -18.31 -18.09 -18.16 -18.12 -18.06 -18.06 -18.25 -18.25 -18.16 -18.06 -17.88 -17.72 -17.50 -17.41 -17.31 -17.31 -17.50 -17.53 -17.28 -17.28 -17.41 -17.25 -17.19 -17.19 -17.16 -17.09 -16.97 -16.75 -16.72 -16.62 -16.62 -16.56 -16.22 -16.09 -15.84 -15.94 -16.12 -16.03 -16.03 -15.94 -15.81 -15.81 -15.69 -15.50 -15.22 -14.94
-19.34 -19.31 -19.41 -19.41 -19.53 -19.47 -19.38 -19.38 -19.34 -19.22 -19.16 -19.06 -18.91 -18.84 -18.78 -18.69 -18.62 -18.62 -18.50 -18.56 -18.62 -18.47 -18.19 -18.25 -18.31 -18.25 -18.16 -18.00 -17.97 -17.94 -17.94 -18.12 -18.19 -18.09 -17.97 -17.84 -17.72 -17.66 -17.56 -17.31 -17.31 -17.38 -17.34 -17.16 -17.19 -17.34 -17.22 -17.31 -17.25 -17.09 -17.06 -16.88 -16.72 -16.69 -16.56 -16.53 -16.28 -16.22 -16.09 -16.12 -15.88 -15.94 -16.00 -15.94 -15.75 -15.72 -15.75 -15.44 -15.09 -14.88 -14.84
-19.19 -19.19 -19.41 -19.44 -19.47 -19.44 -19.31 -19.22 -19.22 -19.16 -19.16 -19.03 -18.94 -18.84 -18.78 -18.75 -18.62 -18.62 -18.47 -18.34 -18.28 -18.44 -18.28 -18.25 -18.25 -18.22 -18.09 -17.91 -17.81 -17.59 -17.59 -17.81 -17.91 -17.94 -17.91 -17.97 -17.88 -17.66 -17.56 -17.28 -17.19 -17.03 -17.09 -17.06 -17.12 -17.19 -17.16 -17.06 -16.84 -16.94 -16.97 -16.72 -16.62 -16.53 -16.53 -16.47 -16.31 -16.12 -15.91 -15.97 -15.84 -15.75 -15.88 -15.84 -15.84 -15.62 -15.44 -15.28 -15.03 -14.66 -14.59
-19.09 -19.16 -19.22 -19.28 -19.38 -19.28 -19.22 -19.12 -19.09 -18.94 -18.91 -18.91 -18.91 -18.97 -18.81 -18.69 -18.69 -18.66 -18.56 -18.44 -18.31 -18.25 -18.16 -18.16 -18.12 -18.00 -18.00 -17.94 -17.84 -17.50 -17.53 -17.75 -17.91 -17.84 -17.75 -17.81 -17.84 -17.59 -17.41 -17.28 -17.12 -17.00 -16.91 -17.09 -17.28 -17.06 -16.97 -16.72 -16.59 -16.59 -16.66 -16.47 -16.28 -16.22 -16.25 -16.31 -16.19 -15.97 -15.78 -15.69 -15.62 -15.62 -15.69 -15.62 -15.44 -15.25 -15.03 -14.94 -14.75 -14.75 -14.69
-18.81 -19.00 -19.06 -19.16 -19.25 -19.25 -19.16 -19.00 -18.78 -18.53 -18.75 -18.84 -18.88 -18.91 -18.78 -18.56 -18.44 -18.44 -18.47 -18.38 -18.25 -18.09 -18.00 -17.91 -17.88 -17.81 -17.69 -17.72 -17.78 -17.44 -17.44 -17.62 -17.66 -17.62 -17.66 -17.66 -17.75 -17.62 -17.34 -17.22 -17.06 -16.97 -16.84 -16.94 -17.12 -17.00 -16.75 -16.59 -16.41 -16.28 -16.19 -16.19 -16.09 -16.06 -15.88 -16.00 -15.88 -15.81 -15.81 -15.72 -15.53 -15.12 -15.09 -15.06 -14.91 -14.66 -14.59 -14.50 -14.47 -14.56 -14.38
-18.56 -18.91 -18.94 -18.94 -19.03 -19.12 -19.00 -18.88 -18.75 -18.62 -18.78 -18.88 -18.88 -18.91 -18.69 -18.59 -18.25 -18.16 -18.22 -18.22 -18.22 -18.00 -17.81 -17.41 -17.28 -17.34 -17.47 -17.50 -17.44 -17.41 -17.44 -17.56 -17.62 -17.62 -17.50 -17.44 -17.44 -17.38 -17.16 -17.12 -17.03 -16.91 -16.78 -16.78 -16.81 -16.88 -16.69 -16.53 -16.44 -16.31 -16.09 -15.94 -15.88 -15.81 -15.78 -15.81 -15.62 -15.53 -15.69 -15.62 -15.34 -14.91 -14.72 -14.66 -14.44 -14.31 -14.22 -14.12 -14.16 -14.00 -14.03
-18.28 -18.66 -18.75 -18.88 -18.84 -18.94 -18.84 -18.72 -18.75 -18.84 -18.81 -18.81 -18.75 -18.69 -18.59 -18.38 -18.06 -18.09 -18.28 -18.28 -18.16 -17.91 -17.56 -17.00 -16.91 -17.00 -17.22 -17.19 -17.19 -17.19 -17.31 -17.38 -17.31 -17.22 -17.19 -17.09 -17.03 -16.97 -17.03 -17.00 -16.91 -16.78 -16.59 -16.38 -16.31 -16.34 -16.34 -16.34 -16.38 -16.38 -16.06 -15.84 -15.78 -15.53 -15.53 -15.47 -15.12 -15.16 -15.16 -15.06 -14.88 -14.72 -14.34 -14.28 -14.19 -14.09 -14.06 -13.94 -13.72 -13.56 -13.56
-18.12 -18.50 -18.75 -18.78 -18.69 -18.62 -18.56 -18.47 -18.62 -18.69 -18.62 -18.44 -18.38 -18.25 -18.28 -18.12 -18.00 -17.84 -17.94 -18.09 -18.00 -17.81 -17.47 -17.00 -16.84 -16.94 -16.97 -16.81 -16.91 -16.78 -17.09 -17.19 -16.94 -16.84 -16.78 -16.59 -16.53 -16.72 -16.66 -16.66 -16.53 -16.25 -16.12 -16.09 -16.09 -16.03 -16.06 -16.09 -16.12 -16.25 -16.09 -15.78 -15.47 -15.22 -15.12 -15.03 -14.81 -14.88 -14.97 -14.78 -14.56 -14.44 -14.34 -14.12 -13.94 -13.88 -13.59 -13.31 -13.12 -12.81 -12.97
-18.22 -18.53 -18.78 -18.62 -18.44 -18.34 -18.03 -18.16 -18.34 -18.31 -18.19 -18.16 -18.00 -18.06 -18.19 -18.09 -17.81 -17.69 -17.72 -17.78 -17.72 -17.56 -17.50 -17.09 -16.62 -16.72 -16.75 -16.72 -16.69 -16.62 -16.72 -16.84 -16.62 -16.28 -16.28 -16.28 -16.09 -16.38 -16.41 -16.19 -16.09 -15.78 -15.81 -15.94 -15.91 -15.78 -15.78 -15.78 -15.84 -15.78 -15.66 -15.50 -15.06 -14.81 -14.72 -14.72 -14.69 -14.53 -14.44 -14.44 -14.38 -14.31 -14.31 -14.12 -13.78 -13.44 -13.16 -13.03 -12.78 -12.53 -12.47
-18.38 -18.38 -18.50 -18.56 -18.38 -18.34 -18.03 -18.00 -18.16 -18.22 -18.06 -17.97 -17.91 -17.84 -17.94 -18.00 -17.78 -17.62 -17.66 -17.62 -17.50 -17.47 -17.44 -16.94 -16.38 -16.31 -16.38 -16.41 -16.22 -16.22 -16.12 -16.19 -16.16 -15.78 -15.59 -15.53 -15.69 -16.00 -16.06 -15.94 -15.81 -15.62 -15.66 -15.69 -15.47 -15.34 -15.41 -15.25 -15.34 -15.34 -15.12 -14.88 -14.62 -14.44 -14.28 -14.19 -14.34 -14.25 -14.16 -14.12 -14.09 -14.00 -14.00 -13.62 -13.19 -12.84 -12.47 -12.53 -12.38 -12.25 -12.16
-18.41 -18.44 -18.38 -18.34 -18.28 -18.28 -18.12 -18.19 -18.31 -18.38 -18.25 -18.12 -18.12 -18.06 -17.97 -17.97 -17.84 -17.59 -17.31 -17.22 -17.09 -17.16 -17.09 -16.56 -16.34 -15.84 -15.78 -15.94 -16.09 -16.03 -15.94 -15.91 -15.59 -15.41 -15.12 -14.81 -15.09 -15.44 -15.66 -15.59 -15.59 -15.41 -15.22 -15.28 -15.19 -14.94 -14.97 -14.97 -15.12 -15.03 -14.78 -14.47 -14.28 -14.25 -14.19 -13.97 -14.00 -14.09 -13.88 -13.75 -13.50 -13.44 -13.50 -13.22 -13.03 -12.91 -12.50 -12.31 -12.09 -11.88 -11.88
-18.41 -18.25 -18.28 -18.38 -18.38 -18.25 -18.19 -18.28 -18.22 -18.19 -18.06 -18.09 -18.06 -18.00 -17.97 -17.94 -17.72 -17.34 -16.88 -16.81 -16.78 -16.59 -16.41 -16.47 -16.41 -15.84 -15.75 -15.78 -15.62 -15.62 -15.47 -15.38 -15.25 -14.97 -14.62 -14.44 -14.91 -15.12 -15.25 -15.31 -15.22 -15.06 -14.88 -14.62 -14.62 -14.62 -14.62 -14.75 -14.78 -14.72 -14.47 -14.25 -14.16 -14.19 -14.22 -13.91 -13.81 -13.78 -13.25 -13.09 -13.12 -13.34 -13.38 -13.09 -13.00 -12.91 -12.50 -12.25 -12.09 -12.03 -12.06
-18.44 -18.44 -18.25 -18.19 -18.25 -18.06 -18.03 -18.03 -18.00 -17.91 -17.91 -17.88 -17.91 -17.88 -17.91 -17.91 -17.72 -17.25 -16.66 -16.75 -16.56 -16.25 -16.03 -16.28 -16.28 -15.91 -15.66 -15.38 -15.28 -15.16 -14.97 -14.84 -14.94 -14.59 -14.22 -14.34 -14.50 -14.75 -14.78 -14.88 -14.75 -14.56 -14.41 -13.94 -13.94 -14.12 -14.22 -14.19 -14.25 -14.19 -14.28 -14.12 -14.03 -14.19 -14.16 -13.81 -13.53 -13.34 -13.06 -12.88 -13.16 -13.22 -13.25 -12.78 -12.56 -12.44 -12.19 -12.00 -11.88 -12.00 -11.81
-18.31 -18.41 -18.22 -17.91 -17.69 -17.75 -17.84 -17.88 -17.84 -17.72 -17.69 -17.81 -17.84 -17.75 -17.62 -17.50 -17.41 -17.19 -16.88 -16.78 -16.41 -16.06 -16.03 -15.94 -15.72 -15.75 -15.56 -15.22 -14.62 -14.59 -14.66 -14.62 -14.38 -13.88 -13.91 -14.12 -14.41 -14.50 -14.56 -14.47 -14.47 -14.47 -14.03 -13.50 -13.12 -13.25 -13.72 -13.72 -13.81 -13.78 -13.78 -13.69 -13.66 -13.75 -13.72 -13.31 -12.91 -12.56 -12.34 -12.44 -12.84 -13.03 -12.84 -12.44 -12.38 -12.38 -12.16 -12.00 -11.88 -11.97 -11.91
-18.38 -18.44 -18.25 -17.88 -17.69 -17.69 -17.84 -17.84 -17.72 -17.53 -17.50 -17.53 -17.34 -17.28 -17.28 -17.09 -17.03 -17.03 -16.97 -16.78 -16.41 -16.03 -16.12 -16.00 -15.81 -15.72 -15.75 -15.34 -14.75 -14.41 -14.31 -14.09 -13.94 -13.75 -13.59 -13.78 -14.06 -14.28 -14.28 -14.25 -14.12 -13.91 -13.56 -13.06 -12.72 -12.62 -12.84 -13.06 -13.06 -13.25 -13.22 -13.25 -13.12 -13.00 -12.84 -12.50 -12.19 -12.16 -12.19 -12.53 -12.69 -12.81 -12.53 -12.25 -12.12 -12.00 -12.03 -12.09 -11.94 -11.94 -12.09
-18.16 -18.16 -18.06 -17.75 -17.53 -17.53 -17.69 -17.62 -17.50 -17.50 -17.41 -17.31 -17.31 -17.12 -17.00 -17.00 -17.00 -16.75 -16.56 -16.44 -16.38 -16.06 -15.88 -15.81 -15.84 -15.69 -15.41 -15.31 -15.09 -14.56 -14.28 -14.03 -13.72 -13.62 -13.53 -13.75 -13.66 -13.62 -13.41 -13.41 -13.34 -13.09 -13.16 -13.06 -12.69 -12.59 -12.41 -12.44 -12.44 -12.44 -12.47 -12.44 -12.59 -12.91 -12.88 -12.66 -12.47 -12.34 -12.44 -12.56 -12.66 -12.31 -12.06 -12.03 -11.81 -11.56 -11.81 -11.97 -12.06 -12.00 -12.09
