everonasctiles/Tile48,9.asc
ncols 128
nrows 128
xllcorner 0
yllcorner 0
cellsize 2.0
NODATA_value  -9999
[rows 93 to 123 of 128, columns 0 to 69 of 128]
-62.41 -62.44 -62.50 -62.62 -62.72 -62.81 -62.88 -62.94 -62.97 -62.97 -62.91 -62.84 -62.78 -62.75 -62.75 -62.78 -62.81 -62.84 -62.88 -62.97 -63.06 -63.16 -63.22 -63.28 -63.34 -63.38 -63.44 -63.47 -63.53 -63.59 -63.62 -63.62 -63.62 -63.62 -63.62 -63.62 -63.62 -63.62 -63.66 -63.69 -63.78 -63.88 -64.00 -64.16 -64.41 -64.72 -65.06 -65.44 -65.84 -66.28 -66.75 -67.25 -67.75 -68.25 -68.78 -69.28 -69.75 -70.22 -70.66 -71.09 -71.50 -71.94 -72.44 -72.97 -73.53 -74.09 -74.69 -75.28 -75.84 -76.41
-62.56 -62.59 -62.66 -62.78 -62.88 -62.97 -63.06 -63.12 -63.16 -63.16 -63.09 -63.03 -62.97 -62.94 -62.94 -62.97 -63.00 -63.03 -63.06 -63.12 -63.19 -63.28 -63.34 -63.41 -63.47 -63.50 -63.53 -63.59 -63.62 -63.69 -63.72 -63.72 -63.69 -63.69 -63.69 -63.69 -63.69 -63.69 -63.69 -63.72 -63.78 -63.84 -63.97 -64.09 -64.31 -64.59 -64.97 -65.41 -65.84 -66.31 -66.78 -67.28 -67.78 -68.28 -68.78 -69.28 -69.78 -70.25 -70.69 -71.12 -71.56 -72.00 -72.50 -73.03 -73.62 -74.25 -74.88 -75.53 -76.12 -76.75
-62.72 -62.75 -62.84 -62.94 -63.03 -63.16 -63.25 -63.31 -63.34 -63.34 -63.28 -63.22 -63.16 -63.16 -63.16 -63.19 -63.22 -63.22 -63.25 -63.28 -63.34 -63.44 -63.50 -63.56 -63.59 -63.62 -63.66 -63.69 -63.72 -63.75 -63.78 -63.78 -63.78 -63.75 -63.75 -63.78 -63.78 -63.75 -63.75 -63.75 -63.81 -63.91 -64.03 -64.16 -64.31 -64.50 -64.81 -65.25 -65.78 -66.28 -66.78 -67.28 -67.78 -68.28 -68.78 -69.28 -69.78 -70.25 -70.72 -71.19 -71.66 -72.16 -72.66 -73.19 -73.81 -74.44 -75.09 -75.75 -76.41 -77.06
-62.84 -62.91 -63.00 -63.09 -63.22 -63.31 -63.41 -63.47 -63.53 -63.50 -63.47 -63.41 -63.38 -63.38 -63.38 -63.41 -63.41 -63.44 -63.44 -63.47 -63.53 -63.59 -63.66 -63.72 -63.75 -63.78 -63.78 -63.81 -63.81 -63.84 -63.84 -63.84 -63.84 -63.84 -63.84 -63.84 -63.84 -63.81 -63.78 -63.81 -63.88 -64.00 -64.16 -64.34 -64.53 -64.75 -65.00 -65.31 -65.75 -66.25 -66.75 -67.25 -67.75 -68.28 -68.78 -69.28 -69.78 -70.28 -70.78 -71.28 -71.78 -72.28 -72.81 -73.38 -73.97 -74.59 -75.28 -75.94 -76.62 -77.28
-62.94 -63.03 -63.12 -63.25 -63.38 -63.50 -63.59 -63.66 -63.69 -63.69 -63.66 -63.62 -63.59 -63.59 -63.59 -63.62 -63.62 -63.62 -63.66 -63.69 -63.72 -63.78 -63.84 -63.91 -63.91 -63.94 -63.94 -63.94 -63.94 -63.94 -63.94 -63.94 -63.94 -63.94 -63.94 -63.94 -63.91 -63.88 -63.84 -63.88 -63.97 -64.09 -64.28 -64.50 -64.78 -65.06 -65.34 -65.69 -66.03 -66.44 -66.88 -67.31 -67.81 -68.28 -68.78 -69.28 -69.78 -70.28 -70.81 -71.31 -71.84 -72.38 -72.94 -73.50 -74.09 -74.69 -75.34 -76.00 -76.69 -77.38
-63.00 -63.12 -63.25 -63.38 -63.50 -63.62 -63.72 -63.81 -63.84 -63.84 -63.81 -63.81 -63.78 -63.78 -63.81 -63.81 -63.84 -63.84 -63.84 -63.88 -63.91 -63.97 -64.03 -64.06 -64.09 -64.09 -64.06 -64.06 -64.06 -64.03 -64.03 -64.03 -64.03 -64.03 -64.03 -64.00 -63.97 -63.94 -63.94 -63.94 -64.03 -64.19 -64.41 -64.69 -65.00 -65.34 -65.69 -66.03 -66.41 -66.81 -67.19 -67.62 -68.06 -68.50 -68.94 -69.38 -69.84 -70.34 -70.88 -71.41 -71.91 -72.44 -72.97 -73.53 -74.09 -74.69 -75.28 -75.91 -76.56 -77.25
-63.06 -63.19 -63.31 -63.47 -63.62 -63.75 -63.84 -63.91 -63.97 -63.97 -63.97 -63.97 -63.97 -64.00 -64.00 -64.03 -64.03 -64.06 -64.06 -64.09 -64.12 -64.19 -64.22 -64.28 -64.28 -64.28 -64.25 -64.22 -64.22 -64.19 -64.19 -64.19 -64.19 -64.16 -64.12 -64.09 -64.06 -64.03 -64.03 -64.03 -64.09 -64.25 -64.47 -64.78 -65.16 -65.56 -65.94 -66.34 -66.75 -67.16 -67.56 -67.97 -68.41 -68.84 -69.28 -69.69 -70.09 -70.56 -71.03 -71.56 -72.06 -72.56 -73.03 -73.53 -74.06 -74.56 -75.09 -75.66 -76.28 -77.00
-63.06 -63.22 -63.34 -63.50 -63.66 -63.81 -63.91 -64.00 -64.03 -64.06 -64.09 -64.12 -64.12 -64.16 -64.19 -64.22 -64.25 -64.25 -64.25 -64.28 -64.31 -64.38 -64.44 -64.47 -64.47 -64.47 -64.47 -64.44 -64.41 -64.38 -64.38 -64.34 -64.31 -64.28 -64.25 -64.22 -64.19 -64.16 -64.16 -64.16 -64.22 -64.31 -64.50 -64.84 -65.25 -65.69 -66.12 -66.56 -67.03 -67.44 -67.88 -68.28 -68.72 -69.19 -69.62 -70.06 -70.47 -70.91 -71.34 -71.81 -72.31 -72.78 -73.22 -73.69 -74.06 -74.41 -74.75 -75.19 -75.84 -76.66
-63.06 -63.22 -63.34 -63.53 -63.69 -63.81 -63.94 -64.03 -64.09 -64.16 -64.19 -64.22 -64.28 -64.31 -64.38 -64.41 -64.41 -64.44 -64.44 -64.47 -64.50 -64.56 -64.62 -64.66 -64.69 -64.69 -64.69 -64.66 -64.62 -64.59 -64.56 -64.53 -64.50 -64.44 -64.41 -64.34 -64.31 -64.28 -64.28 -64.31 -64.38 -64.44 -64.53 -64.84 -65.28 -65.75 -66.22 -66.72 -67.19 -67.69 -68.12 -68.59 -69.03 -69.47 -69.94 -70.41 -70.84 -71.28 -71.72 -72.16 -72.59 -73.06 -73.53 -73.97 -74.41 -74.75 -75.00 -75.31 -75.94 -76.75
-63.09 -63.22 -63.34 -63.50 -63.66 -63.81 -63.94 -64.03 -64.12 -64.22 -64.28 -64.31 -64.38 -64.44 -64.50 -64.53 -64.56 -64.59 -64.59 -64.66 -64.69 -64.75 -64.78 -64.84 -64.88 -64.91 -64.91 -64.91 -64.88 -64.84 -64.81 -64.75 -64.69 -64.62 -64.56 -64.53 -64.47 -64.47 -64.47 -64.53 -64.59 -64.66 -64.72 -64.88 -65.28 -65.78 -66.31 -66.81 -67.31 -67.81 -68.31 -68.81 -69.28 -69.75 -70.22 -70.69 -71.19 -71.62 -72.06 -72.50 -72.94 -73.41 -73.88 -74.31 -74.78 -75.19 -75.59 -75.97 -76.44 -77.16
-63.09 -63.19 -63.34 -63.47 -63.62 -63.78 -63.91 -64.03 -64.16 -64.25 -64.34 -64.41 -64.50 -64.56 -64.62 -64.69 -64.72 -64.75 -64.75 -64.81 -64.84 -64.91 -64.97 -65.00 -65.06 -65.09 -65.12 -65.12 -65.09 -65.09 -65.03 -65.00 -64.94 -64.84 -64.78 -64.72 -64.69 -64.66 -64.66 -64.72 -64.81 -64.91 -65.00 -65.09 -65.44 -65.94 -66.44 -66.94 -67.44 -67.94 -68.44 -68.94 -69.47 -69.94 -70.44 -70.94 -71.44 -71.94 -72.41 -72.84 -73.28 -73.72 -74.19 -74.66 -75.12 -75.59 -76.06 -76.53 -77.03 -77.69
-63.09 -63.19 -63.31 -63.44 -63.59 -63.75 -63.91 -64.06 -64.19 -64.31 -64.41 -64.50 -64.59 -64.69 -64.75 -64.78 -64.84 -64.88 -64.91 -64.94 -65.00 -65.03 -65.09 -65.16 -65.22 -65.28 -65.31 -65.34 -65.34 -65.31 -65.28 -65.22 -65.16 -65.09 -65.03 -64.97 -64.88 -64.84 -64.88 -64.97 -65.06 -65.16 -65.28 -65.44 -65.72 -66.19 -66.66 -67.12 -67.59 -68.09 -68.56 -69.09 -69.59 -70.09 -70.59 -71.09 -71.59 -72.12 -72.62 -73.12 -73.59 -74.03 -74.50 -74.97 -75.44 -75.94 -76.44 -76.94 -77.47 -78.06
-63.06 -63.19 -63.28 -63.41 -63.56 -63.72 -63.91 -64.06 -64.22 -64.34 -64.50 -64.59 -64.72 -64.78 -64.84 -64.91 -64.94 -64.97 -65.00 -65.03 -65.09 -65.16 -65.22 -65.31 -65.38 -65.44 -65.50 -65.53 -65.53 -65.53 -65.50 -65.47 -65.41 -65.34 -65.25 -65.19 -65.09 -65.06 -65.09 -65.19 -65.31 -65.44 -65.56 -65.72 -65.97 -66.38 -66.84 -67.31 -67.78 -68.25 -68.75 -69.25 -69.75 -70.25 -70.72 -71.22 -71.72 -72.22 -72.75 -73.28 -73.81 -74.31 -74.78 -75.25 -75.75 -76.28 -76.78 -77.31 -77.84 -78.41
-63.06 -63.16 -63.28 -63.41 -63.56 -63.72 -63.91 -64.06 -64.22 -64.41 -64.53 -64.69 -64.81 -64.91 -64.97 -65.00 -65.03 -65.06 -65.09 -65.12 -65.19 -65.25 -65.34 -65.41 -65.50 -65.56 -65.62 -65.66 -65.69 -65.72 -65.72 -65.69 -65.62 -65.56 -65.50 -65.41 -65.31 -65.25 -65.28 -65.41 -65.56 -65.69 -65.81 -65.97 -66.19 -66.56 -66.97 -67.44 -67.91 -68.41 -68.91 -69.41 -69.88 -70.38 -70.88 -71.34 -71.81 -72.31 -72.84 -73.38 -73.94 -74.47 -75.00 -75.53 -76.03 -76.56 -77.09 -77.62 -78.16 -78.69
-63.06 -63.19 -63.31 -63.44 -63.59 -63.75 -63.91 -64.06 -64.25 -64.41 -64.59 -64.72 -64.88 -64.97 -65.06 -65.09 -65.16 -65.16 -65.19 -65.22 -65.25 -65.31 -65.41 -65.50 -65.59 -65.66 -65.75 -65.78 -65.84 -65.88 -65.91 -65.91 -65.84 -65.78 -65.72 -65.59 -65.50 -65.44 -65.47 -65.62 -65.78 -65.94 -66.09 -66.25 -66.41 -66.72 -67.09 -67.53 -68.00 -68.50 -69.03 -69.53 -70.03 -70.50 -71.00 -71.47 -71.94 -72.41 -72.94 -73.47 -74.03 -74.59 -75.16 -75.69 -76.25 -76.78 -77.31 -77.88 -78.41 -78.94
-63.09 -63.22 -63.38 -63.50 -63.62 -63.78 -63.94 -64.09 -64.25 -64.44 -64.59 -64.75 -64.91 -65.03 -65.12 -65.19 -65.25 -65.25 -65.28 -65.31 -65.34 -65.38 -65.47 -65.56 -65.66 -65.72 -65.81 -65.91 -65.97 -66.03 -66.06 -66.09 -66.06 -66.00 -65.91 -65.81 -65.72 -65.62 -65.66 -65.81 -66.00 -66.19 -66.34 -66.50 -66.66 -66.88 -67.22 -67.62 -68.09 -68.56 -69.06 -69.59 -70.09 -70.59 -71.09 -71.56 -72.06 -72.53 -73.03 -73.53 -74.09 -74.66 -75.22 -75.78 -76.34 -76.91 -77.47 -78.03 -78.59 -79.12
-63.16 -63.31 -63.44 -63.56 -63.69 -63.81 -63.97 -64.09 -64.28 -64.44 -64.62 -64.78 -64.94 -65.09 -65.19 -65.28 -65.34 -65.38 -65.38 -65.41 -65.44 -65.47 -65.53 -65.59 -65.69 -65.81 -65.91 -66.00 -66.09 -66.16 -66.22 -66.28 -66.25 -66.22 -66.12 -66.00 -65.91 -65.81 -65.84 -66.00 -66.19 -66.41 -66.59 -66.75 -66.91 -67.09 -67.34 -67.69 -68.12 -68.59 -69.09 -69.59 -70.09 -70.59 -71.09 -71.59 -72.09 -72.59 -73.06 -73.56 -74.09 -74.66 -75.22 -75.78 -76.38 -76.97 -77.53 -78.12 -78.72 -79.28
-63.25 -63.38 -63.53 -63.66 -63.78 -63.91 -64.00 -64.16 -64.28 -64.47 -64.62 -64.78 -64.97 -65.12 -65.25 -65.34 -65.44 -65.47 -65.50 -65.53 -65.56 -65.59 -65.62 -65.69 -65.78 -65.88 -66.00 -66.09 -66.22 -66.31 -66.38 -66.44 -66.44 -66.41 -66.31 -66.22 -66.12 -66.03 -66.03 -66.19 -66.38 -66.59 -66.81 -67.00 -67.16 -67.31 -67.53 -67.81 -68.19 -68.59 -69.06 -69.56 -70.06 -70.56 -71.06 -71.56 -72.06 -72.56 -73.06 -73.59 -74.09 -74.62 -75.22 -75.81 -76.41 -77.00 -77.59 -78.16 -78.75 -79.31
-63.34 -63.47 -63.59 -63.72 -63.84 -63.97 -64.06 -64.19 -64.34 -64.47 -64.66 -64.81 -65.00 -65.16 -65.31 -65.44 -65.53 -65.56 -65.62 -65.66 -65.69 -65.72 -65.75 -65.81 -65.88 -65.97 -66.09 -66.22 -66.34 -66.44 -66.53 -66.59 -66.62 -66.59 -66.50 -66.41 -66.34 -66.25 -66.25 -66.41 -66.59 -66.78 -67.00 -67.19 -67.38 -67.56 -67.75 -68.00 -68.28 -68.66 -69.06 -69.53 -70.00 -70.50 -71.00 -71.50 -72.03 -72.56 -73.09 -73.62 -74.16 -74.72 -75.28 -75.88 -76.47 -77.06 -77.62 -78.19 -78.72 -79.28
-63.41 -63.56 -63.69 -63.81 -63.91 -64.03 -64.12 -64.25 -64.38 -64.50 -64.66 -64.84 -65.00 -65.19 -65.34 -65.50 -65.59 -65.69 -65.75 -65.78 -65.84 -65.88 -65.91 -65.97 -66.03 -66.12 -66.25 -66.38 -66.50 -66.59 -66.69 -66.75 -66.78 -66.78 -66.72 -66.62 -66.56 -66.47 -66.50 -66.62 -66.78 -66.97 -67.19 -67.41 -67.59 -67.78 -67.97 -68.19 -68.47 -68.78 -69.16 -69.56 -70.00 -70.47 -70.97 -71.47 -72.00 -72.53 -73.09 -73.66 -74.22 -74.78 -75.38 -75.94 -76.53 -77.09 -77.66 -78.19 -78.72 -79.25
-63.50 -63.62 -63.75 -63.84 -63.97 -64.06 -64.16 -64.28 -64.41 -64.53 -64.69 -64.84 -65.03 -65.22 -65.38 -65.53 -65.69 -65.78 -65.88 -65.94 -66.00 -66.06 -66.12 -66.16 -66.22 -66.28 -66.41 -66.53 -66.62 -66.75 -66.84 -66.91 -66.97 -66.97 -66.94 -66.84 -66.78 -66.72 -66.72 -66.84 -67.00 -67.19 -67.38 -67.59 -67.78 -68.00 -68.19 -68.41 -68.66 -68.97 -69.28 -69.69 -70.09 -70.53 -71.00 -71.47 -72.00 -72.53 -73.09 -73.66 -74.25 -74.81 -75.41 -75.97 -76.53 -77.09 -77.66 -78.19 -78.75 -79.28
-63.53 -63.69 -63.78 -63.91 -64.00 -64.09 -64.19 -64.28 -64.41 -64.53 -64.69 -64.84 -65.03 -65.22 -65.41 -65.56 -65.75 -65.88 -66.00 -66.09 -66.19 -66.25 -66.31 -66.38 -66.41 -66.50 -66.59 -66.69 -66.81 -66.91 -67.00 -67.06 -67.12 -67.16 -67.12 -67.06 -67.00 -66.94 -66.94 -67.03 -67.19 -67.38 -67.56 -67.78 -67.97 -68.19 -68.41 -68.59 -68.84 -69.12 -69.44 -69.81 -70.19 -70.59 -71.03 -71.50 -71.97 -72.50 -73.03 -73.59 -74.19 -74.75 -75.34 -75.91 -76.50 -77.06 -77.62 -78.19 -78.75 -79.31
-63.56 -63.69 -63.81 -63.91 -64.00 -64.09 -64.19 -64.28 -64.38 -64.50 -64.66 -64.84 -65.03 -65.22 -65.41 -65.59 -65.78 -65.97 -66.12 -66.25 -66.38 -66.44 -66.53 -66.56 -66.62 -66.69 -66.78 -66.88 -66.97 -67.09 -67.16 -67.25 -67.31 -67.34 -67.34 -67.28 -67.22 -67.16 -67.16 -67.25 -67.38 -67.56 -67.78 -67.97 -68.16 -68.38 -68.59 -68.78 -69.00 -69.28 -69.59 -69.94 -70.31 -70.69 -71.09 -71.53 -71.97 -72.44 -72.97 -73.53 -74.09 -74.69 -75.25 -75.84 -76.44 -77.03 -77.62 -78.19 -78.78 -79.31
-63.56 -63.72 -63.81 -63.91 -64.00 -64.09 -64.19 -64.28 -64.38 -64.50 -64.66 -64.84 -65.03 -65.22 -65.44 -65.62 -65.81 -66.00 -66.19 -66.38 -66.50 -66.62 -66.72 -66.78 -66.81 -66.88 -66.97 -67.06 -67.16 -67.25 -67.34 -67.41 -67.47 -67.50 -67.50 -67.47 -67.44 -67.38 -67.38 -67.44 -67.56 -67.75 -67.94 -68.16 -68.34 -68.53 -68.75 -68.94 -69.19 -69.44 -69.72 -70.06 -70.44 -70.81 -71.19 -71.59 -72.00 -72.41 -72.91 -73.44 -74.03 -74.62 -75.22 -75.81 -76.41 -76.97 -77.56 -78.12 -78.69 -79.25
-63.53 -63.69 -63.81 -63.91 -64.00 -64.09 -64.19 -64.31 -64.41 -64.56 -64.69 -64.88 -65.06 -65.25 -65.44 -65.66 -65.84 -66.06 -66.25 -66.44 -66.59 -66.75 -66.84 -66.94 -67.00 -67.06 -67.12 -67.22 -67.31 -67.41 -67.50 -67.56 -67.59 -67.66 -67.66 -67.66 -67.62 -67.56 -67.56 -67.59 -67.72 -67.91 -68.12 -68.31 -68.50 -68.69 -68.91 -69.09 -69.31 -69.56 -69.84 -70.16 -70.53 -70.91 -71.31 -71.69 -72.09 -72.50 -72.94 -73.47 -74.03 -74.62 -75.22 -75.78 -76.34 -76.88 -77.44 -78.00 -78.50 -79.03
-63.50 -63.62 -63.75 -63.88 -64.00 -64.09 -64.22 -64.34 -64.47 -64.59 -64.75 -64.94 -65.12 -65.31 -65.50 -65.69 -65.88 -66.09 -66.28 -66.50 -66.66 -66.81 -66.94 -67.06 -67.12 -67.22 -67.28 -67.38 -67.47 -67.56 -67.62 -67.69 -67.75 -67.78 -67.81 -67.81 -67.78 -67.78 -67.75 -67.78 -67.88 -68.06 -68.25 -68.44 -68.66 -68.84 -69.03 -69.22 -69.44 -69.69 -69.97 -70.25 -70.59 -70.97 -71.38 -71.78 -72.19 -72.59 -73.06 -73.56 -74.09 -74.62 -75.16 -75.69 -76.19 -76.72 -77.22 -77.75 -78.22 -78.75
-63.44 -63.56 -63.72 -63.84 -63.97 -64.09 -64.22 -64.38 -64.50 -64.66 -64.81 -65.00 -65.19 -65.38 -65.56 -65.72 -65.91 -66.12 -66.31 -66.50 -66.69 -66.84 -67.00 -67.16 -67.25 -67.34 -67.44 -67.53 -67.62 -67.72 -67.78 -67.81 -67.88 -67.94 -67.97 -67.97 -67.97 -67.94 -67.94 -67.97 -68.03 -68.19 -68.34 -68.56 -68.75 -68.94 -69.12 -69.34 -69.56 -69.78 -70.06 -70.34 -70.66 -71.03 -71.41 -71.81 -72.25 -72.69 -73.12 -73.59 -74.06 -74.53 -75.00 -75.50 -75.97 -76.44 -76.94 -77.41 -77.91 -78.41
-63.34 -63.50 -63.66 -63.78 -63.91 -64.06 -64.19 -64.34 -64.50 -64.69 -64.84 -65.03 -65.22 -65.41 -65.59 -65.75 -65.94 -66.12 -66.31 -66.53 -66.72 -66.88 -67.06 -67.22 -67.34 -67.47 -67.59 -67.69 -67.78 -67.88 -67.91 -67.97 -68.03 -68.09 -68.12 -68.12 -68.12 -68.12 -68.12 -68.12 -68.16 -68.28 -68.44 -68.62 -68.81 -69.00 -69.22 -69.41 -69.62 -69.84 -70.09 -70.38 -70.69 -71.03 -71.41 -71.81 -72.22 -72.66 -73.09 -73.50 -73.94 -74.34 -74.78 -75.22 -75.66 -76.12 -76.59 -77.03 -77.53 -78.06
-63.28 -63.41 -63.56 -63.69 -63.84 -64.00 -64.16 -64.31 -64.47 -64.66 -64.81 -65.00 -65.19 -65.38 -65.56 -65.75 -65.94 -66.12 -66.31 -66.53 -66.72 -66.91 -67.09 -67.28 -67.44 -67.59 -67.72 -67.84 -67.94 -68.03 -68.09 -68.12 -68.19 -68.25 -68.28 -68.28 -68.28 -68.28 -68.28 -68.28 -68.28 -68.38 -68.50 -68.66 -68.84 -69.03 -69.22 -69.41 -69.62 -69.84 -70.09 -70.34 -70.62 -70.97 -71.31 -71.72 -72.12 -72.53 -72.94 -73.31 -73.69 -74.06 -74.47 -74.91 -75.34 -75.78 -76.25 -76.72 -77.22 -77.72
-63.19 -63.34 -63.47 -63.59 -63.75 -63.91 -64.06 -64.22 -64.38 -64.56 -64.75 -64.94 -65.12 -65.31 -65.50 -65.72 -65.94 -66.12 -66.34 -66.56 -66.78 -66.97 -67.19 -67.38 -67.53 -67.72 -67.84 -67.97 -68.09 -68.19 -68.25 -68.28 -68.34 -68.38 -68.44 -68.44 -68.44 -68.41 -68.41 -68.41 -68.41 -68.44 -68.53 -68.66 -68.81 -69.00 -69.19 -69.38 -69.59 -69.78 -70.00 -70.25 -70.53 -70.84 -71.19 -71.56 -71.94 -72.31 -72.69 -73.03 -73.38 -73.75 -74.16 -74.56 -75.00 -75.47 -75.97 -76.47 -76.97 -77.44
-63.12 -63.22 -63.34 -63.47 -63.62 -63.78 -63.94 -64.09 -64.28 -64.47 -64.62 -64.81 -65.00 -65.22 -65.44 -65.66 -65.91 -66.12 -66.38 -66.62 -66.84 -67.06 -67.28 -67.47 -67.66 -67.81 -67.97 -68.09 -68.22 -68.31 -68.38 -68.44 -68.47 -68.53 -68.56 -68.56 -68.56 -68.53 -68.53 -68.50 -68.50 -68.50 -68.56 -68.66 -68.78 -68.91 -69.09 -69.31 -69.50 -69.69 -69.88 -70.09 -70.38 -70.69 -71.00 -71.38 -71.72 -72.03 -72.38 -72.69 -73.03 -73.41 -73.81 -74.25 -74.72 -75.22 -75.72 -76.22 -76.72 -77.22
