everonasctiles/Tile48,28.asc
ncols 128
nrows 128
xllcorner 0
yllcorner 0
cellsize 2.0
NODATA_value  -9999
[rows 0 to 30 of 128, columns 0 to 69 of 128]
-76.66 -76.72 -76.81 -76.91 -76.97 -77.06 -77.12 -77.22 -77.25 -77.31 -77.34 -77.38 -77.41 -77.41 -77.41 -77.41 -77.38 -77.34 -77.34 -77.31 -77.31 -77.34 -77.38 -77.41 -77.44 -77.47 -77.50 -77.50 -77.53 -77.53 -77.50 -77.47 -77.41 -77.34 -77.28 -77.25 -77.22 -77.19 -77.16 -77.09 -77.06 -77.00 -76.97 -76.94 -77.00 -77.16 -77.38 -77.62 -77.91 -78.25 -78.59 -78.94 -79.31 -79.69 -80.06 -80.47 -80.84 -81.28 -81.72 -82.19 -82.72 -83.28 -83.84 -84.41 -84.97 -85.53 -86.06 -86.56 -87.09 -87.62
-76.66 -76.75 -76.81 -76.91 -76.97 -77.06 -77.12 -77.19 -77.25 -77.31 -77.34 -77.38 -77.38 -77.38 -77.38 -77.38 -77.38 -77.34 -77.31 -77.31 -77.34 -77.38 -77.41 -77.44 -77.50 -77.53 -77.56 -77.59 -77.62 -77.62 -77.59 -77.56 -77.53 -77.47 -77.44 -77.38 -77.34 -77.31 -77.28 -77.22 -77.16 -77.09 -77.03 -77.00 -77.00 -77.16 -77.34 -77.56 -77.84 -78.16 -78.47 -78.78 -79.12 -79.47 -79.84 -80.25 -80.66 -81.09 -81.53 -82.03 -82.56 -83.12 -83.72 -84.28 -84.84 -85.41 -85.94 -86.47 -87.00 -87.53
-76.72 -76.78 -76.84 -76.94 -77.00 -77.06 -77.16 -77.22 -77.25 -77.31 -77.34 -77.38 -77.38 -77.38 -77.38 -77.38 -77.38 -77.34 -77.34 -77.34 -77.34 -77.41 -77.47 -77.50 -77.56 -77.59 -77.66 -77.69 -77.72 -77.72 -77.72 -77.69 -77.66 -77.59 -77.56 -77.50 -77.47 -77.44 -77.38 -77.34 -77.25 -77.19 -77.09 -77.06 -77.06 -77.19 -77.34 -77.56 -77.81 -78.06 -78.34 -78.62 -78.94 -79.28 -79.66 -80.06 -80.47 -80.94 -81.41 -81.91 -82.44 -83.00 -83.59 -84.16 -84.72 -85.28 -85.84 -86.38 -86.94 -87.50
-76.75 -76.81 -76.88 -76.97 -77.03 -77.09 -77.16 -77.22 -77.28 -77.31 -77.34 -77.38 -77.38 -77.38 -77.41 -77.38 -77.38 -77.38 -77.38 -77.38 -77.41 -77.47 -77.53 -77.59 -77.62 -77.69 -77.72 -77.75 -77.78 -77.81 -77.81 -77.78 -77.75 -77.72 -77.69 -77.66 -77.59 -77.56 -77.50 -77.44 -77.34 -77.25 -77.19 -77.12 -77.16 -77.25 -77.41 -77.59 -77.81 -78.03 -78.28 -78.53 -78.81 -79.12 -79.47 -79.91 -80.34 -80.81 -81.31 -81.81 -82.34 -82.91 -83.47 -84.03 -84.59 -85.19 -85.75 -86.31 -86.88 -87.44
-76.78 -76.84 -76.94 -77.00 -77.06 -77.12 -77.19 -77.25 -77.28 -77.31 -77.34 -77.38 -77.38 -77.41 -77.41 -77.41 -77.41 -77.41 -77.41 -77.44 -77.47 -77.53 -77.59 -77.66 -77.72 -77.75 -77.78 -77.84 -77.88 -77.91 -77.91 -77.88 -77.88 -77.84 -77.81 -77.78 -77.75 -77.69 -77.62 -77.56 -77.44 -77.34 -77.28 -77.22 -77.28 -77.38 -77.50 -77.69 -77.88 -78.06 -78.28 -78.47 -78.72 -79.00 -79.38 -79.78 -80.25 -80.75 -81.22 -81.75 -82.28 -82.81 -83.38 -83.94 -84.47 -85.06 -85.62 -86.19 -86.78 -87.34
-76.81 -76.88 -76.94 -77.00 -77.09 -77.16 -77.22 -77.25 -77.31 -77.34 -77.38 -77.38 -77.41 -77.44 -77.44 -77.44 -77.47 -77.47 -77.50 -77.50 -77.56 -77.62 -77.69 -77.75 -77.81 -77.84 -77.88 -77.94 -77.97 -77.97 -78.00 -77.97 -77.97 -77.94 -77.94 -77.91 -77.88 -77.81 -77.75 -77.66 -77.53 -77.44 -77.38 -77.34 -77.38 -77.50 -77.62 -77.78 -77.97 -78.16 -78.34 -78.53 -78.78 -79.03 -79.34 -79.75 -80.22 -80.69 -81.19 -81.69 -82.22 -82.75 -83.28 -83.81 -84.34 -84.91 -85.47 -86.03 -86.59 -87.19
-76.81 -76.91 -76.97 -77.03 -77.09 -77.16 -77.22 -77.28 -77.31 -77.34 -77.38 -77.41 -77.44 -77.47 -77.47 -77.50 -77.50 -77.53 -77.56 -77.59 -77.66 -77.72 -77.78 -77.84 -77.91 -77.94 -77.97 -78.00 -78.06 -78.06 -78.09 -78.09 -78.09 -78.06 -78.06 -78.03 -78.00 -77.94 -77.84 -77.75 -77.62 -77.53 -77.47 -77.44 -77.50 -77.62 -77.75 -77.91 -78.06 -78.25 -78.47 -78.66 -78.88 -79.12 -79.44 -79.81 -80.25 -80.69 -81.19 -81.66 -82.19 -82.69 -83.19 -83.69 -84.22 -84.72 -85.28 -85.81 -86.38 -86.91
-76.84 -76.91 -76.97 -77.06 -77.12 -77.19 -77.25 -77.31 -77.34 -77.38 -77.41 -77.44 -77.47 -77.50 -77.53 -77.56 -77.56 -77.59 -77.62 -77.69 -77.72 -77.78 -77.88 -77.94 -77.97 -78.03 -78.06 -78.12 -78.16 -78.19 -78.19 -78.19 -78.19 -78.19 -78.19 -78.16 -78.12 -78.03 -77.94 -77.84 -77.75 -77.66 -77.56 -77.56 -77.62 -77.72 -77.88 -78.03 -78.19 -78.38 -78.56 -78.78 -79.00 -79.28 -79.56 -79.94 -80.31 -80.75 -81.22 -81.69 -82.16 -82.62 -83.09 -83.56 -84.03 -84.53 -85.03 -85.56 -86.09 -86.56
-76.84 -76.94 -77.00 -77.06 -77.12 -77.19 -77.25 -77.31 -77.38 -77.41 -77.44 -77.47 -77.50 -77.53 -77.56 -77.59 -77.62 -77.66 -77.69 -77.75 -77.81 -77.88 -77.94 -78.00 -78.06 -78.12 -78.16 -78.22 -78.25 -78.28 -78.31 -78.31 -78.31 -78.31 -78.28 -78.28 -78.22 -78.16 -78.06 -77.97 -77.84 -77.75 -77.69 -77.66 -77.72 -77.84 -77.97 -78.12 -78.31 -78.50 -78.69 -78.91 -79.16 -79.41 -79.72 -80.06 -80.44 -80.84 -81.28 -81.75 -82.19 -82.62 -83.06 -83.47 -83.88 -84.28 -84.75 -85.22 -85.69 -86.06
-76.88 -76.94 -77.03 -77.09 -77.16 -77.22 -77.28 -77.34 -77.38 -77.44 -77.50 -77.53 -77.56 -77.59 -77.62 -77.66 -77.69 -77.72 -77.78 -77.84 -77.91 -77.97 -78.03 -78.06 -78.12 -78.19 -78.25 -78.31 -78.38 -78.41 -78.41 -78.44 -78.44 -78.44 -78.41 -78.38 -78.34 -78.28 -78.19 -78.09 -77.97 -77.88 -77.81 -77.78 -77.81 -77.91 -78.06 -78.25 -78.41 -78.59 -78.81 -79.03 -79.25 -79.53 -79.84 -80.19 -80.56 -80.97 -81.38 -81.81 -82.25 -82.69 -83.09 -83.44 -83.78 -84.09 -84.44 -84.84 -85.28 -85.78
-76.91 -77.00 -77.06 -77.12 -77.19 -77.22 -77.31 -77.38 -77.44 -77.50 -77.53 -77.59 -77.62 -77.66 -77.69 -77.72 -77.75 -77.78 -77.84 -77.91 -77.97 -78.03 -78.09 -78.16 -78.22 -78.28 -78.38 -78.44 -78.47 -78.50 -78.53 -78.53 -78.53 -78.53 -78.53 -78.50 -78.47 -78.38 -78.31 -78.22 -78.09 -78.00 -77.94 -77.88 -77.91 -78.00 -78.12 -78.31 -78.50 -78.69 -78.91 -79.12 -79.38 -79.62 -79.94 -80.28 -80.66 -81.06 -81.47 -81.91 -82.34 -82.78 -83.22 -83.62 -84.00 -84.38 -84.75 -85.12 -85.56 -86.09
-76.97 -77.06 -77.09 -77.16 -77.22 -77.28 -77.34 -77.41 -77.47 -77.53 -77.59 -77.66 -77.69 -77.72 -77.75 -77.78 -77.81 -77.88 -77.94 -78.00 -78.06 -78.12 -78.19 -78.25 -78.31 -78.38 -78.47 -78.53 -78.59 -78.62 -78.66 -78.66 -78.66 -78.66 -78.62 -78.62 -78.56 -78.50 -78.44 -78.34 -78.25 -78.16 -78.06 -78.00 -77.97 -78.06 -78.19 -78.38 -78.56 -78.78 -78.97 -79.19 -79.44 -79.72 -80.00 -80.34 -80.69 -81.09 -81.50 -81.97 -82.44 -82.91 -83.38 -83.84 -84.28 -84.75 -85.16 -85.62 -86.09 -86.62
-77.06 -77.12 -77.19 -77.22 -77.28 -77.31 -77.41 -77.47 -77.53 -77.62 -77.69 -77.72 -77.78 -77.81 -77.84 -77.88 -77.91 -77.94 -78.00 -78.06 -78.12 -78.19 -78.25 -78.31 -78.41 -78.47 -78.56 -78.66 -78.72 -78.75 -78.78 -78.78 -78.78 -78.78 -78.75 -78.72 -78.69 -78.62 -78.56 -78.47 -78.38 -78.28 -78.19 -78.12 -78.09 -78.12 -78.25 -78.44 -78.62 -78.81 -79.03 -79.25 -79.50 -79.75 -80.03 -80.34 -80.69 -81.06 -81.50 -81.94 -82.44 -82.97 -83.50 -84.03 -84.56 -85.06 -85.53 -86.00 -86.47 -87.00
-77.12 -77.22 -77.25 -77.31 -77.34 -77.41 -77.47 -77.53 -77.62 -77.69 -77.78 -77.81 -77.88 -77.91 -77.94 -77.97 -78.00 -78.03 -78.09 -78.12 -78.19 -78.28 -78.34 -78.41 -78.50 -78.59 -78.66 -78.75 -78.81 -78.88 -78.91 -78.91 -78.91 -78.88 -78.88 -78.84 -78.81 -78.78 -78.69 -78.62 -78.53 -78.44 -78.34 -78.25 -78.22 -78.22 -78.31 -78.47 -78.66 -78.88 -79.09 -79.31 -79.53 -79.78 -80.06 -80.34 -80.66 -81.00 -81.41 -81.84 -82.38 -82.94 -83.56 -84.16 -84.75 -85.31 -85.84 -86.34 -86.81 -87.31
-77.22 -77.31 -77.38 -77.41 -77.44 -77.50 -77.56 -77.62 -77.72 -77.81 -77.88 -77.94 -77.97 -78.03 -78.06 -78.09 -78.12 -78.12 -78.16 -78.22 -78.28 -78.38 -78.44 -78.53 -78.59 -78.69 -78.78 -78.84 -78.94 -78.97 -79.00 -79.00 -79.00 -79.00 -79.00 -78.97 -78.94 -78.91 -78.84 -78.75 -78.66 -78.56 -78.47 -78.41 -78.34 -78.34 -78.41 -78.53 -78.72 -78.91 -79.12 -79.38 -79.59 -79.84 -80.09 -80.38 -80.62 -80.91 -81.25 -81.62 -82.16 -82.81 -83.56 -84.25 -84.91 -85.50 -86.09 -86.62 -87.16 -87.62
-77.31 -77.41 -77.47 -77.50 -77.56 -77.62 -77.69 -77.75 -77.84 -77.91 -78.00 -78.06 -78.09 -78.16 -78.19 -78.22 -78.22 -78.25 -78.28 -78.31 -78.38 -78.47 -78.56 -78.62 -78.72 -78.78 -78.88 -78.97 -79.03 -79.09 -79.12 -79.12 -79.12 -79.12 -79.12 -79.12 -79.09 -79.03 -78.97 -78.91 -78.81 -78.72 -78.62 -78.56 -78.50 -78.47 -78.53 -78.62 -78.78 -78.97 -79.19 -79.44 -79.69 -79.94 -80.19 -80.47 -80.69 -80.94 -81.09 -81.38 -81.91 -82.62 -83.53 -84.34 -85.03 -85.66 -86.25 -86.84 -87.38 -87.88
-77.41 -77.50 -77.56 -77.62 -77.69 -77.75 -77.81 -77.88 -77.97 -78.06 -78.12 -78.19 -78.25 -78.28 -78.31 -78.34 -78.38 -78.38 -78.41 -78.44 -78.50 -78.59 -78.69 -78.75 -78.84 -78.91 -79.00 -79.06 -79.16 -79.19 -79.22 -79.25 -79.25 -79.25 -79.25 -79.25 -79.22 -79.19 -79.12 -79.03 -78.94 -78.88 -78.78 -78.69 -78.66 -78.62 -78.66 -78.72 -78.88 -79.06 -79.28 -79.53 -79.78 -80.03 -80.31 -80.59 -80.88 -81.12 -81.38 -81.62 -82.00 -82.69 -83.56 -84.41 -85.12 -85.78 -86.38 -86.97 -87.53 -88.06
-77.47 -77.59 -77.69 -77.75 -77.81 -77.88 -77.97 -78.03 -78.12 -78.22 -78.28 -78.34 -78.41 -78.44 -78.50 -78.53 -78.53 -78.56 -78.56 -78.62 -78.66 -78.75 -78.84 -78.94 -79.00 -79.06 -79.12 -79.19 -79.25 -79.31 -79.34 -79.38 -79.41 -79.41 -79.41 -79.38 -79.34 -79.31 -79.25 -79.16 -79.09 -79.00 -78.91 -78.84 -78.78 -78.75 -78.78 -78.84 -78.97 -79.16 -79.38 -79.62 -79.88 -80.16 -80.44 -80.75 -81.03 -81.34 -81.66 -82.00 -82.41 -82.97 -83.72 -84.47 -85.19 -85.84 -86.44 -87.03 -87.59 -88.12
-77.53 -77.69 -77.78 -77.88 -77.97 -78.03 -78.12 -78.22 -78.31 -78.41 -78.47 -78.53 -78.59 -78.62 -78.69 -78.72 -78.75 -78.78 -78.78 -78.81 -78.88 -78.94 -79.03 -79.12 -79.19 -79.22 -79.28 -79.34 -79.38 -79.44 -79.47 -79.50 -79.53 -79.53 -79.53 -79.50 -79.47 -79.44 -79.38 -79.28 -79.22 -79.12 -79.06 -79.00 -78.94 -78.91 -78.91 -78.97 -79.09 -79.25 -79.47 -79.69 -79.97 -80.25 -80.56 -80.88 -81.19 -81.53 -81.91 -82.31 -82.75 -83.28 -83.88 -84.56 -85.22 -85.84 -86.44 -87.03 -87.59 -88.12
-77.62 -77.78 -77.91 -78.00 -78.09 -78.19 -78.28 -78.41 -78.50 -78.59 -78.69 -78.75 -78.81 -78.84 -78.88 -78.94 -78.97 -79.00 -79.03 -79.06 -79.09 -79.19 -79.25 -79.34 -79.38 -79.44 -79.47 -79.50 -79.53 -79.56 -79.59 -79.62 -79.66 -79.66 -79.66 -79.62 -79.59 -79.53 -79.47 -79.41 -79.34 -79.25 -79.19 -79.12 -79.06 -79.03 -79.03 -79.09 -79.19 -79.34 -79.53 -79.78 -80.03 -80.31 -80.62 -80.97 -81.31 -81.69 -82.09 -82.50 -82.97 -83.47 -84.03 -84.62 -85.25 -85.84 -86.44 -87.03 -87.56 -88.09
-77.75 -77.91 -78.03 -78.16 -78.25 -78.34 -78.47 -78.59 -78.72 -78.81 -78.91 -78.97 -79.03 -79.06 -79.12 -79.16 -79.22 -79.28 -79.31 -79.34 -79.38 -79.44 -79.53 -79.59 -79.62 -79.66 -79.66 -79.66 -79.69 -79.69 -79.72 -79.75 -79.78 -79.78 -79.78 -79.75 -79.69 -79.66 -79.59 -79.53 -79.47 -79.41 -79.31 -79.25 -79.19 -79.16 -79.19 -79.25 -79.34 -79.47 -79.62 -79.84 -80.09 -80.38 -80.69 -81.00 -81.38 -81.75 -82.19 -82.62 -83.09 -83.62 -84.16 -84.72 -85.28 -85.88 -86.44 -86.97 -87.50 -88.03
-77.88 -78.03 -78.19 -78.31 -78.41 -78.53 -78.62 -78.75 -78.91 -79.03 -79.12 -79.22 -79.28 -79.31 -79.38 -79.41 -79.50 -79.56 -79.62 -79.66 -79.69 -79.75 -79.81 -79.84 -79.91 -79.91 -79.91 -79.88 -79.88 -79.88 -79.88 -79.88 -79.91 -79.91 -79.88 -79.84 -79.81 -79.75 -79.69 -79.66 -79.59 -79.53 -79.44 -79.38 -79.31 -79.31 -79.34 -79.41 -79.53 -79.62 -79.75 -79.91 -80.12 -80.38 -80.69 -81.00 -81.38 -81.75 -82.19 -82.66 -83.16 -83.66 -84.19 -84.75 -85.31 -85.84 -86.38 -86.91 -87.44 -87.91
-78.00 -78.19 -78.34 -78.50 -78.59 -78.72 -78.81 -78.97 -79.09 -79.25 -79.38 -79.47 -79.53 -79.56 -79.62 -79.69 -79.75 -79.84 -79.94 -80.00 -80.03 -80.06 -80.09 -80.16 -80.19 -80.19 -80.16 -80.09 -80.06 -80.03 -80.03 -80.03 -80.03 -80.03 -80.00 -79.97 -79.91 -79.84 -79.81 -79.75 -79.72 -79.66 -79.56 -79.50 -79.47 -79.47 -79.50 -79.59 -79.72 -79.81 -79.94 -80.06 -80.19 -80.38 -80.66 -80.97 -81.31 -81.72 -82.12 -82.62 -83.12 -83.62 -84.16 -84.72 -85.25 -85.78 -86.31 -86.81 -87.31 -87.81
-78.16 -78.38 -78.53 -78.69 -78.81 -78.94 -79.03 -79.16 -79.31 -79.47 -79.59 -79.72 -79.78 -79.84 -79.88 -79.94 -80.03 -80.12 -80.22 -80.31 -80.34 -80.41 -80.44 -80.44 -80.47 -80.44 -80.41 -80.34 -80.31 -80.25 -80.22 -80.19 -80.19 -80.16 -80.09 -80.06 -80.00 -79.94 -79.91 -79.88 -79.81 -79.75 -79.69 -79.62 -79.59 -79.62 -79.69 -79.78 -79.91 -80.03 -80.16 -80.28 -80.38 -80.44 -80.59 -80.88 -81.22 -81.62 -82.06 -82.56 -83.06 -83.56 -84.09 -84.66 -85.19 -85.72 -86.25 -86.75 -87.25 -87.72
-78.31 -78.53 -78.72 -78.88 -79.03 -79.16 -79.25 -79.38 -79.53 -79.69 -79.84 -79.94 -80.03 -80.09 -80.16 -80.22 -80.28 -80.41 -80.50 -80.59 -80.66 -80.72 -80.72 -80.75 -80.75 -80.72 -80.69 -80.62 -80.56 -80.50 -80.44 -80.38 -80.34 -80.28 -80.22 -80.16 -80.12 -80.06 -80.03 -80.00 -79.94 -79.88 -79.81 -79.75 -79.72 -79.75 -79.84 -80.00 -80.12 -80.28 -80.41 -80.53 -80.62 -80.69 -80.75 -80.88 -81.22 -81.66 -82.16 -82.62 -83.06 -83.53 -84.03 -84.56 -85.09 -85.69 -86.22 -86.75 -87.22 -87.69
-78.47 -78.72 -78.91 -79.09 -79.25 -79.38 -79.50 -79.62 -79.75 -79.91 -80.06 -80.19 -80.28 -80.34 -80.41 -80.47 -80.53 -80.66 -80.75 -80.88 -80.94 -81.00 -81.03 -81.03 -81.03 -81.00 -80.94 -80.88 -80.81 -80.75 -80.66 -80.59 -80.53 -80.44 -80.38 -80.28 -80.22 -80.19 -80.16 -80.12 -80.06 -80.00 -79.94 -79.88 -79.84 -79.88 -80.00 -80.16 -80.34 -80.50 -80.66 -80.78 -80.91 -81.03 -81.09 -81.22 -81.50 -81.94 -82.44 -82.91 -83.31 -83.72 -84.12 -84.59 -85.12 -85.69 -86.28 -86.81 -87.31 -87.78
-78.66 -78.88 -79.09 -79.28 -79.47 -79.59 -79.72 -79.84 -80.00 -80.16 -80.28 -80.41 -80.53 -80.59 -80.66 -80.72 -80.78 -80.88 -81.00 -81.12 -81.22 -81.25 -81.28 -81.28 -81.28 -81.25 -81.19 -81.12 -81.06 -80.97 -80.91 -80.81 -80.69 -80.59 -80.53 -80.44 -80.38 -80.31 -80.28 -80.25 -80.19 -80.12 -80.06 -80.00 -79.97 -80.00 -80.12 -80.31 -80.50 -80.72 -80.91 -81.06 -81.19 -81.34 -81.50 -81.69 -81.94 -82.31 -82.78 -83.22 -83.62 -84.03 -84.44 -84.88 -85.31 -85.84 -86.38 -86.91 -87.41 -87.91
-78.88 -79.06 -79.28 -79.50 -79.66 -79.81 -79.94 -80.06 -80.22 -80.34 -80.50 -80.62 -80.75 -80.84 -80.91 -80.97 -81.03 -81.09 -81.19 -81.31 -81.44 -81.50 -81.53 -81.53 -81.50 -81.47 -81.44 -81.38 -81.31 -81.22 -81.12 -81.00 -80.88 -80.78 -80.69 -80.59 -80.53 -80.47 -80.44 -80.41 -80.34 -80.28 -80.19 -80.12 -80.06 -80.09 -80.25 -80.44 -80.66 -80.91 -81.12 -81.31 -81.50 -81.69 -81.88 -82.09 -82.38 -82.72 -83.09 -83.50 -83.91 -84.31 -84.75 -85.19 -85.62 -86.12 -86.59 -87.06 -87.56 -88.06
-79.09 -79.28 -79.47 -79.69 -79.88 -80.03 -80.16 -80.28 -80.41 -80.56 -80.72 -80.84 -80.97 -81.06 -81.12 -81.19 -81.22 -81.31 -81.41 -81.50 -81.62 -81.69 -81.72 -81.72 -81.72 -81.69 -81.66 -81.59 -81.53 -81.44 -81.34 -81.19 -81.06 -80.94 -80.84 -80.75 -80.69 -80.62 -80.59 -80.56 -80.50 -80.41 -80.31 -80.25 -80.16 -80.16 -80.34 -80.59 -80.84 -81.09 -81.31 -81.56 -81.78 -82.00 -82.22 -82.47 -82.75 -83.06 -83.41 -83.78 -84.19 -84.59 -85.06 -85.50 -85.97 -86.44 -86.88 -87.34 -87.81 -88.28
-79.31 -79.50 -79.69 -79.88 -80.06 -80.22 -80.34 -80.50 -80.62 -80.78 -80.91 -81.03 -81.16 -81.28 -81.34 -81.41 -81.44 -81.50 -81.56 -81.69 -81.78 -81.84 -81.91 -81.91 -81.91 -81.91 -81.88 -81.81 -81.75 -81.66 -81.53 -81.41 -81.25 -81.12 -81.03 -80.94 -80.84 -80.81 -80.75 -80.69 -80.62 -80.56 -80.47 -80.38 -80.28 -80.25 -80.47 -80.75 -81.03 -81.28 -81.56 -81.81 -82.06 -82.31 -82.56 -82.84 -83.12 -83.44 -83.75 -84.09 -84.47 -84.88 -85.34 -85.81 -86.28 -86.75 -87.22 -87.69 -88.16 -88.59
-79.50 -79.69 -79.88 -80.06 -80.22 -80.41 -80.56 -80.69 -80.81 -80.97 -81.09 -81.22 -81.34 -81.47 -81.53 -81.59 -81.62 -81.69 -81.75 -81.84 -81.94 -82.00 -82.06 -82.09 -82.09 -82.09 -82.06 -82.03 -81.97 -81.84 -81.72 -81.59 -81.44 -81.31 -81.19 -81.09 -81.03 -80.97 -80.94 -80.88 -80.78 -80.72 -80.62 -80.53 -80.47 -80.50 -80.69 -81.00 -81.28 -81.56 -81.81 -82.06 -82.34 -82.59 -82.91 -83.19 -83.47 -83.78 -84.06 -84.41 -84.75 -85.16 -85.59 -86.06 -86.53 -87.03 -87.53 -88.03 -88.50 -88.97
