everonasctiles/Tile31,4.asc
ncols 128
nrows 128
xllcorner 0
yllcorner 0
cellsize 2.0
NODATA_value  -9999
[rows 34 to 67 of 128, columns 0 to 77 of 128]
-13.69 -13.72 -13.78 -13.69 -13.56 -13.38 -13.28 -12.44 -12.19 -12.34 -11.69 -11.34 -12.00 -11.47 -10.94 -11.22 -11.28 -11.03 -10.75 -10.44 -9.94 -8.78 -7.72 -6.75 -7.94 -8.41 -8.03 -7.88 -7.44 -7.41 -7.12 -6.91 -6.59 -6.50 -6.09 -5.62 -5.34 -5.00 -4.50 -3.94 -3.53 -3.09 -2.75 -2.16 -1.81 -1.97 -1.53 -1.75 -1.19 -0.91 -0.81 -1.09 -1.28 -0.75 -0.16 -0.38 -0.22 -0.09 0.22 0.47 0.66 0.81 0.91 1.00 1.06 1.09 1.12 1.19 1.22 1.25 1.31 1.38 1.44 1.50 1.56 1.66 1.75 1.84
-12.66 -12.59 -13.44 -13.44 -13.06 -12.91 -12.62 -12.06 -11.84 -11.91 -11.91 -11.06 -11.22 -11.47 -10.53 -10.62 -10.97 -10.69 -10.38 -10.06 -9.62 -8.41 -8.09 -8.44 -8.12 -8.03 -7.47 -7.03 -6.78 -6.41 -6.47 -5.84 -5.41 -5.22 -4.81 -4.78 -4.62 -4.03 -3.81 -3.66 -3.31 -2.81 -2.12 -1.81 -1.41 -1.03 -1.00 -1.03 -1.22 -0.88 -0.59 -1.12 -1.59 -1.16 -0.53 -0.47 -0.19 -0.06 0.22 0.47 0.66 0.81 0.91 1.00 1.03 1.06 1.12 1.16 1.22 1.25 1.31 1.38 1.44 1.50 1.59 1.69 1.78 1.88
-13.44 -12.88 -12.91 -12.72 -12.75 -12.31 -11.91 -11.81 -12.25 -12.00 -11.88 -11.31 -10.59 -11.28 -11.12 -10.28 -10.22 -10.16 -9.94 -9.47 -8.69 -7.75 -7.81 -8.00 -7.88 -7.53 -7.25 -6.81 -6.59 -6.06 -5.44 -5.06 -4.62 -4.53 -4.31 -4.09 -4.03 -3.56 -3.31 -3.12 -2.88 -2.19 -1.81 -1.62 -0.94 -0.81 -0.59 -0.66 -1.03 -1.34 -0.91 -1.16 -1.25 -1.00 -0.44 -0.28 -0.19 -0.03 0.22 0.47 0.66 0.81 0.91 0.97 1.00 1.06 1.09 1.16 1.19 1.25 1.31 1.38 1.47 1.53 1.62 1.69 1.78 1.88
-12.91 -12.81 -12.97 -12.69 -12.34 -11.62 -11.94 -12.31 -12.19 -12.00 -11.78 -11.50 -10.31 -10.50 -10.59 -9.91 -9.12 -9.47 -9.50 -9.09 -7.72 -7.75 -7.28 -7.75 -7.50 -7.00 -6.69 -6.34 -5.88 -5.62 -5.09 -4.66 -4.31 -4.00 -3.94 -3.69 -3.34 -3.25 -3.03 -2.47 -2.44 -2.44 -1.75 -1.38 -0.66 -0.31 -0.31 -0.75 -0.91 -1.00 -1.19 -1.12 -1.22 -0.78 -0.81 -0.25 -0.22 0.00 0.25 0.47 0.66 0.78 0.91 0.94 1.00 1.03 1.09 1.12 1.19 1.25 1.31 1.38 1.47 1.53 1.62 1.72 1.81 1.91
-11.59 -11.41 -12.12 -12.50 -12.47 -10.91 -11.41 -11.97 -11.69 -11.50 -11.31 -11.16 -10.41 -9.75 -10.12 -9.88 -9.47 -9.25 -9.06 -8.06 -8.03 -8.25 -7.31 -7.06 -6.94 -6.72 -6.34 -6.12 -5.47 -4.97 -4.66 -4.19 -4.16 -4.00 -3.62 -3.56 -3.09 -2.81 -2.62 -2.22 -2.09 -1.72 -1.22 -1.06 -0.62 -0.16 -0.31 -0.94 -0.97 -0.81 -0.50 -0.88 -0.69 -0.56 -0.94 -0.62 -0.12 0.06 0.25 0.47 0.62 0.78 0.88 0.91 0.97 1.00 1.06 1.12 1.19 1.25 1.31 1.41 1.47 1.56 1.62 1.72 1.81 1.91
-12.28 -11.97 -11.41 -11.22 -11.12 -10.78 -11.00 -11.56 -11.34 -10.97 -10.72 -10.56 -10.44 -9.19 -9.09 -8.91 -9.06 -9.06 -8.56 -7.25 -7.75 -7.97 -7.38 -6.34 -6.91 -6.69 -6.25 -5.59 -5.22 -4.78 -4.38 -4.25 -3.94 -3.62 -3.47 -2.91 -3.00 -2.62 -2.31 -2.53 -2.31 -1.69 -1.16 -0.81 -0.56 -0.56 -0.34 -0.59 -0.66 0.00 0.12 -0.06 -0.44 -0.19 -0.50 -0.31 -0.09 0.06 0.25 0.44 0.62 0.75 0.81 0.88 0.91 0.97 1.03 1.09 1.16 1.25 1.31 1.41 1.47 1.56 1.66 1.72 1.81 1.88
-11.84 -12.41 -11.56 -11.25 -10.84 -10.28 -10.22 -10.88 -11.31 -11.19 -10.75 -10.53 -10.06 -9.56 -9.12 -9.28 -9.09 -9.12 -8.81 -7.50 -7.16 -7.31 -7.25 -6.41 -5.88 -6.41 -6.09 -5.59 -5.16 -4.66 -4.41 -4.16 -3.81 -3.50 -3.25 -2.84 -2.97 -2.78 -2.31 -2.00 -2.25 -1.38 -0.91 -0.69 -0.66 -0.81 -0.66 -0.44 -0.44 0.09 0.06 -0.12 -0.44 -1.09 -0.59 -0.25 -0.12 0.06 0.25 0.44 0.56 0.69 0.78 0.81 0.88 0.91 1.00 1.06 1.16 1.22 1.31 1.41 1.47 1.56 1.62 1.72 1.78 1.84
-11.94 -12.19 -12.09 -11.94 -11.59 -11.50 -10.53 -9.41 -10.22 -10.91 -10.47 -10.31 -10.16 -9.78 -9.41 -9.62 -9.28 -9.03 -8.62 -7.50 -6.88 -7.16 -7.09 -7.06 -6.44 -5.22 -5.75 -5.47 -5.06 -4.41 -4.41 -4.06 -3.66 -3.50 -3.06 -2.78 -2.47 -2.53 -2.25 -2.38 -2.09 -1.47 -0.84 -0.94 -0.88 -0.31 -0.31 -0.47 -0.66 -0.44 -0.16 -0.41 -0.78 -1.16 -0.50 -0.28 -0.16 0.06 0.22 0.38 0.50 0.62 0.72 0.78 0.81 0.88 0.97 1.03 1.12 1.22 1.31 1.38 1.47 1.56 1.62 1.69 1.75 1.81
-11.84 -11.94 -11.91 -11.78 -11.34 -11.16 -11.03 -10.09 -8.62 -9.34 -9.97 -10.00 -9.72 -9.47 -9.41 -9.22 -8.91 -8.47 -8.06 -8.12 -6.78 -6.59 -7.00 -6.78 -6.56 -5.94 -4.72 -5.12 -4.78 -4.12 -4.12 -4.03 -3.50 -3.22 -3.06 -2.91 -2.66 -2.31 -1.84 -1.75 -2.19 -1.94 -1.47 -1.25 -0.50 -0.59 -0.53 -0.53 -0.75 -0.41 -0.41 -0.84 -1.03 -1.19 -0.53 -0.34 -0.19 0.00 0.16 0.31 0.44 0.53 0.62 0.69 0.75 0.81 0.91 1.03 1.12 1.22 1.28 1.38 1.47 1.53 1.59 1.66 1.72 1.75
-11.41 -11.69 -11.53 -11.50 -11.38 -10.97 -10.78 -10.50 -9.66 -9.03 -9.69 -9.50 -9.41 -9.19 -9.19 -8.91 -8.50 -8.12 -7.50 -6.91 -6.94 -7.19 -7.06 -6.81 -6.28 -6.00 -5.50 -4.94 -4.78 -4.38 -3.84 -3.81 -3.47 -3.41 -3.16 -2.69 -2.16 -1.97 -1.81 -1.53 -1.81 -1.50 -1.03 -1.31 -0.78 -0.50 -0.62 -1.03 -0.97 -1.06 -1.59 -1.09 -1.22 -1.19 -0.81 -0.47 -0.22 -0.06 0.09 0.25 0.34 0.47 0.53 0.59 0.66 0.75 0.88 1.00 1.09 1.19 1.28 1.38 1.44 1.50 1.56 1.62 1.66 1.69
-11.34 -11.22 -11.00 -11.00 -11.03 -10.72 -10.31 -10.44 -9.69 -9.41 -9.41 -9.22 -9.06 -9.34 -8.38 -7.84 -7.28 -6.81 -6.44 -6.75 -7.03 -7.03 -6.88 -6.69 -6.34 -5.72 -5.50 -5.16 -4.59 -4.44 -4.09 -3.50 -3.16 -3.19 -2.75 -2.31 -1.97 -1.91 -1.75 -1.50 -1.78 -1.38 -1.09 -0.78 -0.56 -0.84 -1.28 -1.56 -1.91 -1.59 -1.47 -1.41 -1.53 -1.00 -0.94 -0.44 -0.25 -0.09 0.06 0.19 0.28 0.38 0.44 0.50 0.59 0.69 0.81 0.94 1.06 1.16 1.25 1.34 1.41 1.47 1.53 1.56 1.59 1.59
-10.97 -10.91 -11.09 -10.59 -10.47 -10.66 -10.59 -10.06 -10.06 -9.22 -8.97 -7.66 -7.19 -8.03 -8.56 -8.38 -8.62 -8.28 -7.78 -6.62 -6.94 -7.25 -6.81 -6.50 -6.22 -5.69 -5.22 -5.09 -4.72 -4.28 -4.06 -3.75 -3.44 -3.03 -2.72 -2.41 -2.16 -2.00 -1.72 -1.66 -1.47 -1.09 -0.66 -0.50 -0.59 -1.00 -1.16 -1.59 -1.88 -1.62 -1.31 -1.16 -1.03 -1.09 -0.94 -0.34 -0.28 -0.16 0.00 0.12 0.22 0.31 0.38 0.44 0.53 0.62 0.75 0.91 1.03 1.12 1.22 1.28 1.34 1.41 1.47 1.50 1.53 1.53
-10.84 -11.06 -11.03 -10.88 -10.12 -10.16 -10.34 -10.19 -9.69 -8.94 -8.91 -8.72 -7.88 -8.72 -8.84 -8.47 -8.34 -8.00 -7.66 -6.47 -6.81 -7.12 -6.81 -6.56 -6.19 -5.59 -5.38 -4.94 -4.78 -4.41 -3.97 -3.50 -3.34 -2.91 -2.59 -2.34 -2.22 -1.84 -1.53 -1.56 -1.44 -0.94 -0.72 -0.75 -0.66 -1.25 -1.81 -1.66 -1.72 -1.50 -1.41 -1.09 -1.00 -1.12 -1.25 -0.44 -0.34 -0.22 -0.09 0.03 0.12 0.22 0.31 0.38 0.47 0.59 0.72 0.88 1.00 1.12 1.16 1.22 1.28 1.34 1.41 1.44 1.44 1.44
-10.12 -10.47 -10.62 -10.66 -10.50 -9.91 -9.94 -9.47 -9.25 -9.53 -9.47 -8.91 -8.31 -7.94 -8.62 -8.44 -8.25 -8.03 -7.59 -6.31 -5.56 -6.19 -6.56 -6.47 -5.91 -5.56 -5.34 -5.12 -4.56 -4.22 -3.94 -3.50 -3.28 -2.94 -2.78 -2.53 -2.25 -1.97 -1.78 -1.22 -1.00 -0.94 -0.88 -0.81 -0.69 -1.31 -1.72 -1.91 -2.03 -1.78 -1.78 -1.38 -0.91 -0.34 -0.91 -0.34 -0.41 -0.31 -0.19 -0.06 0.06 0.16 0.25 0.31 0.44 0.56 0.69 0.81 0.94 1.09 1.09 1.16 1.22 1.25 1.31 1.34 1.34 1.34
-10.19 -10.06 -10.47 -10.50 -10.25 -9.91 -9.72 -8.97 -9.03 -9.53 -9.38 -9.00 -8.44 -7.91 -8.09 -8.28 -8.22 -7.50 -6.94 -6.94 -6.50 -5.16 -5.41 -6.12 -6.03 -5.62 -5.31 -5.06 -4.75 -4.34 -3.59 -3.47 -3.22 -3.06 -2.91 -2.75 -2.03 -1.72 -1.47 -1.22 -1.00 -0.91 -0.69 -0.53 -0.72 -1.38 -1.28 -1.78 -1.78 -1.75 -1.72 -1.22 -0.66 -0.81 -0.16 -0.28 -0.50 -0.41 -0.25 -0.12 0.00 0.09 0.22 0.31 0.44 0.53 0.66 0.78 0.88 0.91 1.00 1.03 1.09 1.16 1.22 1.25 1.25 1.25
-10.50 -10.03 -10.28 -10.28 -10.16 -9.97 -9.34 -8.34 -8.47 -8.91 -8.69 -8.53 -8.44 -8.34 -8.00 -8.00 -7.62 -6.59 -6.47 -7.16 -7.12 -6.69 -5.31 -5.31 -5.78 -5.59 -5.34 -5.09 -4.28 -4.03 -3.75 -3.75 -3.47 -3.16 -2.84 -2.22 -2.12 -1.72 -1.44 -1.22 -1.19 -1.19 -1.16 -0.75 -1.19 -1.34 -1.47 -2.19 -2.06 -1.50 -1.31 -1.00 -0.81 -0.81 -1.06 -0.66 -0.88 -0.53 -0.38 -0.19 -0.06 0.06 0.16 0.28 0.41 0.53 0.66 0.75 0.75 0.78 0.84 0.94 1.00 1.06 1.09 1.12 1.12 1.12
-10.41 -9.81 -9.69 -9.72 -9.28 -8.72 -8.25 -7.66 -8.50 -8.84 -8.75 -8.19 -7.69 -7.09 -6.69 -6.25 -6.72 -7.41 -7.28 -7.16 -7.09 -6.59 -6.31 -5.34 -5.03 -5.59 -4.72 -4.94 -4.38 -4.22 -3.94 -3.69 -3.47 -3.06 -2.75 -2.31 -2.06 -1.53 -1.25 -1.44 -1.56 -1.50 -1.62 -1.69 -1.72 -2.12 -1.56 -1.59 -0.94 -0.69 -0.72 -0.91 -1.31 -1.28 -1.59 -1.62 -0.97 -0.81 -0.44 -0.25 -0.09 0.03 0.16 0.28 0.41 0.56 0.72 0.75 0.66 0.69 0.75 0.84 0.88 0.94 0.97 1.00 1.00 1.00
-10.12 -9.59 -9.12 -9.31 -8.56 -8.62 -8.88 -8.22 -8.66 -8.94 -8.66 -7.41 -6.41 -7.12 -7.72 -7.94 -7.59 -7.31 -7.47 -7.22 -6.88 -6.53 -6.53 -5.97 -5.81 -4.91 -4.91 -4.09 -4.50 -4.31 -4.09 -3.75 -3.41 -3.09 -2.28 -2.31 -2.00 -1.84 -1.75 -1.53 -1.56 -1.78 -2.03 -2.25 -2.41 -2.44 -2.34 -1.75 -1.28 -0.38 -0.56 -0.69 -0.97 -1.47 -1.91 -1.84 -1.31 -0.69 -0.44 -0.12 -0.09 0.06 0.16 0.28 0.12 0.72 0.84 0.50 0.59 0.62 0.66 0.72 0.75 0.81 0.84 0.88 0.88 0.84
-8.19 -8.91 -9.00 -8.91 -8.94 -8.91 -9.03 -8.59 -8.56 -8.66 -8.66 -7.78 -6.84 -7.47 -7.84 -7.69 -7.56 -7.34 -7.34 -7.22 -6.88 -6.59 -6.12 -5.84 -5.31 -5.09 -4.88 -4.66 -4.72 -4.31 -3.84 -3.78 -3.31 -2.81 -2.38 -2.31 -2.16 -2.06 -1.88 -1.62 -1.81 -1.91 -2.22 -2.84 -2.94 -2.59 -2.75 -1.75 -1.62 -1.06 -0.62 -0.62 -1.00 -1.25 -1.09 -1.41 -0.44 -0.28 -0.50 -0.59 -0.19 -0.16 -0.19 -0.16 0.38 0.59 0.81 0.47 0.50 0.53 0.56 0.59 0.62 0.69 0.69 0.72 0.72 0.69
-8.25 -8.28 -8.91 -9.22 -9.22 -9.22 -9.03 -8.91 -8.69 -8.72 -8.25 -7.78 -7.53 -7.41 -7.50 -7.69 -7.31 -7.16 -7.06 -7.00 -6.81 -6.38 -6.41 -5.72 -5.81 -5.34 -5.31 -5.16 -4.84 -4.50 -4.16 -3.53 -3.03 -2.47 -2.25 -2.03 -1.97 -1.59 -1.53 -1.78 -1.56 -1.88 -2.03 -1.91 -2.59 -2.34 -2.72 -1.75 -1.50 -0.75 -0.94 -1.34 -1.09 -1.25 -0.38 -0.41 -0.38 0.25 -0.28 -0.09 -0.16 -0.12 -0.06 0.09 0.19 0.19 0.16 0.38 0.41 0.41 0.44 0.47 0.50 0.53 0.53 0.56 0.56 0.53
-8.81 -8.47 -7.88 -8.53 -9.03 -8.97 -8.91 -8.47 -7.84 -6.75 -6.84 -7.78 -8.03 -7.81 -7.12 -7.28 -7.12 -7.03 -6.66 -6.66 -6.44 -6.19 -5.75 -5.81 -5.56 -5.50 -5.22 -4.97 -4.62 -4.34 -4.19 -3.41 -2.94 -2.84 -2.38 -1.78 -1.41 -1.44 -1.38 -1.28 -1.56 -1.78 -2.16 -1.59 -1.34 -1.56 -1.25 -1.78 -1.25 -1.12 -1.38 -1.41 -1.03 -1.41 -1.00 -0.78 -0.38 -0.62 -0.12 -0.28 -0.22 -0.16 -0.09 -0.03 0.03 0.00 0.09 0.25 0.28 0.31 0.34 0.38 0.38 0.38 0.38 0.38 0.38 0.38
-8.84 -9.19 -8.31 -8.38 -8.81 -8.56 -8.22 -7.81 -7.06 -6.97 -7.06 -7.59 -7.94 -7.81 -7.69 -6.94 -6.34 -6.47 -6.88 -6.94 -6.50 -6.25 -6.09 -6.19 -5.75 -5.50 -5.34 -5.09 -4.84 -4.50 -3.91 -3.41 -3.38 -3.12 -2.53 -1.88 -1.53 -1.44 -1.56 -1.44 -1.59 -1.59 -1.81 -1.41 -1.28 -0.84 -0.78 -0.62 -1.22 -1.12 -1.28 -1.12 -1.41 -1.84 -1.19 -0.88 -0.38 -0.06 -0.25 -0.28 -0.25 -0.22 -0.16 -0.09 -0.03 0.03 0.06 0.16 0.22 0.22 0.25 0.25 0.25 0.25 0.22 0.22 0.19 0.19
-8.72 -9.16 -8.22 -8.16 -8.31 -7.91 -7.91 -7.88 -7.91 -7.62 -6.97 -7.25 -7.59 -7.53 -7.56 -7.03 -6.38 -6.41 -7.06 -6.78 -6.47 -6.62 -6.44 -6.06 -5.84 -5.72 -5.50 -5.22 -4.78 -4.44 -4.00 -3.81 -3.59 -3.22 -2.78 -2.28 -1.84 -1.78 -1.62 -1.38 -1.56 -1.38 -1.66 -2.09 -1.56 -1.12 -0.75 -0.62 -1.38 -1.28 -1.59 -1.56 -2.34 -1.12 -1.34 -1.34 -1.31 -0.50 -0.38 -0.34 -0.31 -0.25 -0.22 -0.16 -0.09 -0.06 0.00 0.09 0.12 0.16 0.16 0.12 0.12 0.09 0.03 0.03 0.00 0.00
-8.75 -9.03 -8.75 -8.66 -8.38 -8.28 -8.41 -8.50 -8.34 -8.16 -7.84 -7.09 -6.72 -6.97 -7.22 -7.09 -7.25 -6.75 -6.59 -6.78 -6.78 -6.47 -5.94 -5.84 -6.00 -5.75 -5.50 -5.22 -4.78 -4.50 -4.22 -4.03 -3.66 -3.28 -2.84 -2.44 -2.09 -1.84 -1.38 -1.34 -1.50 -1.69 -1.94 -1.88 -1.72 -1.31 -1.25 -1.38 -1.50 -1.59 -2.06 -1.62 -2.00 -1.81 -1.38 -0.81 -0.78 -0.53 -0.44 -0.44 -0.38 -0.31 -0.25 -0.19 -0.16 -0.12 -0.06 0.00 0.03 0.06 0.03 0.00 -0.03 -0.09 -0.16 -0.19 -0.22 -0.22
-8.72 -8.88 -8.81 -8.75 -8.47 -8.56 -8.47 -8.38 -8.28 -8.12 -8.00 -7.88 -7.62 -7.00 -6.97 -7.31 -7.25 -7.00 -6.72 -6.88 -6.66 -5.44 -5.66 -5.34 -5.44 -5.78 -5.53 -5.25 -4.91 -4.69 -4.38 -4.06 -3.69 -3.25 -2.81 -2.53 -2.28 -1.91 -1.50 -1.41 -1.56 -1.12 -1.38 -1.72 -1.44 -1.34 -1.12 -1.34 -1.38 -1.81 -1.81 -1.66 -2.50 -2.06 -1.62 -1.41 -0.91 -0.91 -0.69 -0.53 -0.47 -0.38 -0.31 -0.25 -0.19 -0.16 -0.12 -0.06 -0.06 -0.06 -0.09 -0.12 -0.16 -0.22 -0.31 -0.41 -0.44 -0.41
-8.44 -8.47 -8.28 -8.50 -8.50 -8.47 -8.34 -8.22 -8.09 -7.97 -7.84 -7.75 -7.62 -7.03 -7.12 -7.31 -7.00 -6.97 -6.94 -6.84 -5.84 -5.91 -5.84 -5.34 -5.59 -5.72 -5.56 -5.28 -5.03 -4.72 -4.44 -4.09 -3.69 -3.22 -2.78 -2.47 -2.19 -1.91 -1.81 -1.62 -1.34 -0.84 -0.94 -1.00 -0.84 -1.31 -1.28 -0.84 -0.62 -1.50 -1.44 -1.50 -1.66 -1.12 -0.91 -1.16 -1.03 -1.22 -0.59 -0.62 -0.53 -0.44 -0.34 -0.28 -0.25 -0.19 -0.16 -0.16 -0.16 -0.19 -0.22 -0.25 -0.31 -0.38 -0.75 -0.88 -0.72 -0.62
-8.03 -8.09 -7.91 -8.19 -8.38 -8.28 -8.16 -7.97 -7.88 -7.78 -7.69 -7.62 -7.06 -6.84 -7.16 -7.03 -6.84 -6.84 -6.94 -6.31 -6.31 -6.50 -6.38 -6.19 -6.00 -5.81 -5.56 -5.31 -5.06 -4.78 -4.50 -4.16 -3.81 -3.44 -2.78 -2.41 -2.16 -1.94 -1.38 -1.06 -1.03 -0.88 -0.94 -0.69 -0.69 -0.84 -0.59 -0.59 -0.78 -1.19 -1.34 -1.50 -1.31 -0.75 -1.59 -1.28 -1.56 -2.44 -0.75 -0.75 -0.62 -0.47 -0.38 -0.31 -0.25 -0.25 -0.22 -0.25 -0.31 -0.38 -0.41 -0.47 -0.53 -0.50 -0.69 -0.84 -1.03 -0.88
-8.56 -7.84 -7.91 -7.84 -8.16 -8.03 -7.94 -7.84 -7.78 -7.69 -7.59 -7.50 -7.44 -6.94 -6.72 -6.91 -6.84 -6.41 -5.91 -6.25 -6.62 -6.47 -6.38 -6.19 -6.03 -5.81 -5.59 -5.38 -5.09 -4.84 -4.56 -4.25 -3.91 -3.56 -3.03 -2.56 -2.06 -1.69 -1.47 -1.41 -1.34 -0.94 -0.81 -0.66 -0.72 -0.16 -0.41 -0.69 -0.44 -1.12 -1.69 -1.94 -1.69 -1.53 -1.50 -1.00 -1.97 -0.62 -0.91 -1.56 -0.78 -0.50 -0.41 -0.31 -0.25 -0.28 -0.31 -0.38 -0.53 -0.59 -0.66 -0.78 -0.94 -0.91 -1.62 -1.19 -1.16 -1.06
-8.38 -8.09 -7.88 -7.62 -7.56 -7.66 -7.78 -7.69 -7.69 -7.53 -7.50 -7.47 -7.34 -6.22 -6.50 -6.72 -6.78 -6.88 -6.56 -6.28 -6.25 -6.44 -6.00 -6.19 -6.03 -5.84 -5.66 -5.41 -5.16 -4.91 -4.59 -4.28 -3.97 -3.66 -3.31 -2.88 -2.47 -2.22 -2.19 -1.66 -1.56 -0.88 -0.84 -0.44 -0.31 0.19 0.38 0.00 -0.31 -0.97 -0.94 -1.59 -1.84 -1.50 -1.22 -1.16 -0.81 -0.53 0.00 -0.69 -0.91 -0.53 -0.34 -0.25 -0.22 -0.28 -0.38 -0.56 -0.78 -0.88 -1.00 -1.09 -0.94 -0.50 -1.25 -1.16 -1.06 -1.12
-7.94 -8.03 -7.81 -7.53 -7.31 -7.47 -7.59 -7.59 -7.44 -7.41 -7.41 -7.34 -7.22 -5.88 -5.94 -6.66 -6.72 -6.88 -6.78 -6.69 -6.41 -6.19 -6.22 -5.72 -6.06 -5.88 -5.69 -5.47 -5.22 -4.97 -4.69 -4.38 -4.06 -3.78 -3.62 -3.16 -3.00 -2.66 -2.62 -1.97 -1.72 -1.22 -0.97 -0.66 -0.22 0.47 0.47 -0.44 -0.62 -0.88 -1.12 -1.00 -1.25 -1.84 -1.09 -1.53 -1.19 -1.47 -1.31 -0.56 -0.50 -0.50 -0.22 -0.19 -0.19 -0.34 -0.56 -0.84 -1.03 -1.22 -1.81 -1.50 -1.53 -1.69 -0.62 -1.56 -1.19 -1.06
-7.97 -7.41 -7.53 -7.50 -7.19 -7.41 -7.19 -7.53 -7.41 -7.34 -7.31 -7.25 -6.88 -6.44 -5.34 -5.91 -6.38 -6.81 -6.75 -6.66 -6.56 -6.47 -6.34 -6.09 -5.91 -5.91 -5.72 -5.53 -5.28 -5.06 -4.78 -4.50 -4.19 -3.94 -3.81 -3.38 -3.25 -2.94 -2.78 -2.31 -1.94 -1.72 -1.22 -0.53 -0.28 -0.06 -0.22 -0.28 -0.53 -1.25 -0.84 -1.50 -0.75 -1.00 -0.59 -0.91 -1.47 -1.41 -1.12 -1.50 -0.53 -0.34 -0.03 -0.12 -0.22 -0.44 -0.78 -1.19 -1.53 -1.75 -1.81 -1.75 -1.97 -1.84 -1.31 -1.22 -1.56 -1.38
-8.03 -7.31 -7.81 -7.72 -7.44 -6.97 -7.06 -7.25 -7.28 -7.22 -7.16 -7.00 -6.94 -6.75 -6.38 -6.25 -6.66 -6.75 -6.72 -6.62 -6.56 -6.47 -6.34 -5.97 -6.06 -5.94 -5.78 -5.59 -5.38 -5.16 -4.91 -4.62 -4.34 -4.06 -3.97 -3.66 -3.50 -3.19 -3.00 -2.84 -2.22 -1.56 -1.03 -0.25 -0.16 0.03 -0.12 -0.59 -1.22 -0.69 -0.38 -0.81 -2.00 -0.69 -0.81 -0.97 -1.53 -2.34 -2.06 -0.50 -0.59 -0.47 -0.19 -0.22 -0.41 -0.62 -1.09 -1.47 -1.41 -1.50 -2.09 -2.22 -1.59 -2.03 -1.09 -1.09 -1.09 -1.34
-7.59 -7.69 -7.53 -7.41 -7.41 -6.94 -7.06 -7.22 -7.22 -7.19 -6.91 -6.84 -6.84 -6.75 -6.69 -6.78 -6.81 -6.75 -6.69 -6.59 -6.53 -6.44 -6.16 -5.94 -5.84 -6.00 -5.84 -5.66 -5.47 -5.25 -5.03 -4.78 -4.50 -4.25 -4.19 -3.94 -3.72 -3.56 -3.50 -3.25 -2.88 -1.91 -1.47 -0.84 -0.56 -0.03 -0.25 -0.66 -1.44 -1.25 -1.16 -1.53 -1.31 -1.41 -1.31 -1.34 -1.53 -1.66 -0.88 -1.03 -1.09 -0.59 -0.31 -0.34 -0.47 -0.75 -1.09 -1.56 -1.78 -2.12 -1.59 -2.22 -1.94 -1.97 -1.91 -1.56 -1.56 -0.91
-7.50 -7.53 -7.44 -7.47 -7.28 -6.69 -6.88 -7.12 -7.16 -7.12 -7.06 -6.78 -6.94 -6.28 -6.44 -6.78 -6.75 -6.69 -6.62 -6.56 -6.50 -6.44 -6.34 -6.06 -5.75 -5.88 -5.91 -5.75 -5.56 -5.38 -5.12 -4.91 -4.66 -4.41 -4.31 -4.00 -3.94 -3.81 -3.66 -3.59 -3.22 -2.53 -1.78 -1.19 -0.91 -0.88 -1.38 -1.88 -1.41 -1.12 -1.31 -1.75 -1.03 -1.00 -1.41 -0.84 -0.75 -0.12 -0.03 -0.38 -0.62 -0.62 -0.41 -0.41 -0.53 -0.81 -1.16 -1.59 -1.69 -2.19 -1.44 -1.72 -2.09 -1.88 -1.09 -1.66 -1.09 -0.72
