everonasctiles/Tile[6,28].asc
ncols 128
nrows 128
xllcorner 0
yllcorner 0
cellsize 2.0
NODATA_value  -9999
[rows 0 to 31 of 128, columns 0 to 70 of 128]
-63.97 -64.00 -64.06 -64.06 -64.06 -64.03 -64.00 -63.94 -63.88 -63.81 -63.72 -63.62 -63.50 -63.31 -63.09 -62.84 -62.62 -62.34 -62.16 -62.59 -63.03 -63.34 -63.56 -63.75 -63.88 -63.81 -63.59 -63.28 -63.44 -63.81 -64.00 -64.06 -63.97 -63.78 -63.56 -63.28 -62.97 -62.62 -62.81 -63.50 -63.97 -64.19 -64.12 -63.94 -63.69 -63.44 -63.09 -62.44 -61.84 -61.50 -61.25 -61.22 -61.59 -61.94 -62.12 -62.25 -62.22 -62.12 -62.06 -62.03 -62.06 -62.03 -61.97 -61.84 -61.69 -61.47 -61.25 -61.00 -60.78 -60.53 -60.31
-63.78 -63.81 -63.88 -63.91 -63.94 -63.91 -63.88 -63.78 -63.72 -63.62 -63.53 -63.44 -63.34 -63.19 -63.00 -62.81 -62.59 -62.31 -62.38 -62.97 -63.44 -63.78 -64.06 -64.31 -64.47 -64.47 -64.38 -64.28 -64.38 -64.56 -64.72 -64.78 -64.66 -64.47 -64.28 -64.12 -63.81 -63.25 -63.06 -63.66 -64.25 -64.53 -64.56 -64.38 -64.16 -63.94 -63.59 -63.06 -62.62 -62.28 -61.94 -61.75 -62.00 -62.34 -62.56 -62.62 -62.56 -62.41 -62.28 -62.28 -62.31 -62.31 -62.22 -62.09 -61.94 -61.72 -61.50 -61.25 -61.00 -60.75 -60.50
-63.53 -63.56 -63.62 -63.69 -63.75 -63.75 -63.75 -63.66 -63.56 -63.44 -63.28 -63.19 -63.09 -63.00 -62.88 -62.72 -62.53 -62.34 -62.66 -63.28 -63.81 -64.16 -64.50 -64.78 -65.00 -65.09 -65.06 -65.06 -65.12 -65.25 -65.38 -65.38 -65.25 -65.06 -64.88 -64.78 -64.53 -63.94 -63.50 -63.84 -64.56 -64.91 -64.97 -64.84 -64.66 -64.44 -64.16 -63.81 -63.47 -63.09 -62.69 -62.44 -62.62 -62.88 -63.00 -63.03 -62.91 -62.69 -62.53 -62.53 -62.56 -62.56 -62.47 -62.31 -62.12 -61.91 -61.66 -61.41 -61.16 -60.91 -60.62
-63.22 -63.28 -63.34 -63.41 -63.50 -63.56 -63.56 -63.53 -63.44 -63.28 -63.09 -62.97 -62.88 -62.78 -62.69 -62.56 -62.44 -62.38 -62.84 -63.53 -64.06 -64.47 -64.91 -65.22 -65.47 -65.62 -65.69 -65.72 -65.78 -65.88 -65.94 -65.94 -65.81 -65.59 -65.44 -65.31 -65.16 -64.66 -64.22 -64.28 -64.88 -65.28 -65.41 -65.31 -65.16 -64.91 -64.62 -64.41 -64.19 -63.84 -63.44 -63.25 -63.34 -63.44 -63.50 -63.44 -63.28 -63.06 -62.88 -62.88 -62.84 -62.81 -62.69 -62.47 -62.25 -62.00 -61.72 -61.47 -61.22 -60.94 -60.66
-62.91 -62.94 -63.03 -63.12 -63.22 -63.28 -63.34 -63.38 -63.31 -63.19 -63.00 -62.78 -62.62 -62.56 -62.47 -62.41 -62.25 -62.25 -62.78 -63.59 -64.22 -64.72 -65.19 -65.59 -65.91 -66.09 -66.22 -66.28 -66.34 -66.38 -66.44 -66.41 -66.28 -66.09 -65.91 -65.78 -65.69 -65.47 -65.03 -64.97 -65.34 -65.69 -65.81 -65.78 -65.59 -65.38 -65.12 -64.91 -64.69 -64.47 -64.22 -64.06 -64.00 -64.00 -63.97 -63.84 -63.66 -63.44 -63.28 -63.22 -63.12 -63.03 -62.84 -62.59 -62.31 -62.03 -61.75 -61.47 -61.19 -60.88 -60.59
-62.47 -62.47 -62.62 -62.78 -62.91 -63.00 -63.09 -63.16 -63.19 -63.09 -62.94 -62.75 -62.53 -62.34 -62.22 -62.06 -61.91 -62.12 -62.72 -63.50 -64.28 -64.88 -65.38 -65.81 -66.19 -66.47 -66.62 -66.75 -66.81 -66.84 -66.88 -66.84 -66.72 -66.53 -66.34 -66.25 -66.19 -66.09 -65.91 -65.75 -65.88 -66.12 -66.22 -66.19 -66.03 -65.78 -65.56 -65.34 -65.16 -64.97 -64.81 -64.66 -64.56 -64.47 -64.38 -64.25 -64.03 -63.81 -63.66 -63.53 -63.41 -63.25 -63.00 -62.69 -62.41 -62.09 -61.78 -61.47 -61.16 -60.81 -60.50
-61.78 -61.62 -61.88 -62.31 -62.56 -62.69 -62.81 -62.94 -63.00 -63.00 -62.88 -62.72 -62.53 -62.31 -62.00 -61.75 -61.81 -62.22 -62.84 -63.62 -64.44 -65.06 -65.56 -66.00 -66.41 -66.72 -66.94 -67.12 -67.22 -67.25 -67.25 -67.22 -67.06 -66.91 -66.78 -66.69 -66.62 -66.56 -66.50 -66.41 -66.44 -66.53 -66.59 -66.56 -66.41 -66.22 -66.00 -65.81 -65.62 -65.44 -65.28 -65.16 -65.03 -64.91 -64.78 -64.59 -64.41 -64.19 -64.00 -63.84 -63.66 -63.41 -63.12 -62.84 -62.53 -62.19 -61.88 -61.50 -61.12 -60.75 -60.38
-60.94 -60.72 -61.03 -61.62 -62.16 -62.41 -62.56 -62.72 -62.81 -62.84 -62.81 -62.69 -62.56 -62.38 -62.00 -61.75 -62.03 -62.59 -63.28 -64.03 -64.78 -65.31 -65.75 -66.19 -66.56 -66.91 -67.16 -67.38 -67.53 -67.59 -67.59 -67.53 -67.41 -67.25 -67.16 -67.06 -67.03 -66.97 -66.91 -66.88 -66.84 -66.91 -66.94 -66.88 -66.75 -66.59 -66.41 -66.25 -66.06 -65.88 -65.72 -65.56 -65.41 -65.28 -65.12 -64.94 -64.72 -64.53 -64.31 -64.09 -63.88 -63.59 -63.31 -63.00 -62.69 -62.34 -61.97 -61.59 -61.16 -60.75 -60.31
-60.19 -59.97 -60.34 -61.06 -61.78 -62.12 -62.34 -62.50 -62.62 -62.72 -62.72 -62.69 -62.59 -62.47 -62.16 -61.94 -62.31 -63.03 -63.88 -64.56 -65.06 -65.53 -66.00 -66.41 -66.78 -67.09 -67.34 -67.59 -67.75 -67.84 -67.84 -67.81 -67.69 -67.59 -67.47 -67.41 -67.38 -67.34 -67.28 -67.25 -67.22 -67.25 -67.25 -67.19 -67.06 -66.94 -66.78 -66.62 -66.44 -66.25 -66.06 -65.91 -65.75 -65.59 -65.44 -65.25 -65.03 -64.78 -64.56 -64.34 -64.06 -63.78 -63.47 -63.16 -62.84 -62.47 -62.09 -61.69 -61.25 -60.81 -60.38
-59.59 -59.47 -59.91 -60.66 -61.44 -61.91 -62.12 -62.34 -62.50 -62.59 -62.69 -62.78 -62.81 -62.78 -62.50 -62.19 -62.47 -63.25 -64.22 -64.84 -65.28 -65.75 -66.19 -66.62 -66.97 -67.28 -67.53 -67.75 -67.91 -68.03 -68.06 -68.03 -67.97 -67.88 -67.78 -67.72 -67.69 -67.66 -67.59 -67.53 -67.53 -67.53 -67.50 -67.44 -67.34 -67.22 -67.09 -66.94 -66.75 -66.53 -66.34 -66.19 -66.03 -65.88 -65.69 -65.47 -65.25 -65.00 -64.78 -64.50 -64.25 -63.94 -63.66 -63.31 -62.97 -62.59 -62.16 -61.75 -61.31 -60.88 -60.44
-59.56 -59.44 -59.78 -60.41 -61.06 -61.66 -61.97 -62.19 -62.38 -62.56 -62.81 -63.03 -63.22 -63.34 -63.12 -62.72 -62.69 -63.34 -64.31 -65.06 -65.50 -65.97 -66.41 -66.81 -67.16 -67.44 -67.69 -67.91 -68.06 -68.16 -68.22 -68.22 -68.16 -68.09 -68.03 -68.00 -67.97 -67.91 -67.88 -67.81 -67.78 -67.78 -67.75 -67.69 -67.59 -67.47 -67.31 -67.12 -66.94 -66.72 -66.53 -66.34 -66.19 -66.03 -65.81 -65.59 -65.38 -65.12 -64.91 -64.62 -64.38 -64.06 -63.75 -63.41 -63.03 -62.62 -62.22 -61.81 -61.38 -60.91 -60.47
-60.16 -60.06 -60.19 -60.50 -60.91 -61.28 -61.62 -61.94 -62.25 -62.62 -63.06 -63.50 -63.78 -63.97 -63.97 -63.50 -63.22 -63.56 -64.41 -65.28 -65.72 -66.16 -66.59 -66.97 -67.31 -67.59 -67.81 -68.00 -68.16 -68.25 -68.31 -68.31 -68.31 -68.28 -68.25 -68.22 -68.19 -68.12 -68.09 -68.03 -68.00 -68.00 -67.94 -67.88 -67.75 -67.59 -67.44 -67.22 -67.03 -66.81 -66.62 -66.44 -66.28 -66.09 -65.88 -65.66 -65.41 -65.16 -64.91 -64.66 -64.38 -64.06 -63.75 -63.38 -63.03 -62.62 -62.22 -61.78 -61.34 -60.91 -60.44
-61.06 -60.97 -61.06 -61.25 -61.44 -61.56 -61.66 -61.88 -62.31 -62.91 -63.56 -64.12 -64.47 -64.69 -64.78 -64.44 -64.00 -64.06 -64.66 -65.47 -65.97 -66.34 -66.72 -67.09 -67.41 -67.66 -67.88 -68.06 -68.19 -68.28 -68.34 -68.41 -68.41 -68.41 -68.41 -68.38 -68.34 -68.31 -68.25 -68.22 -68.19 -68.16 -68.09 -67.97 -67.81 -67.66 -67.47 -67.25 -67.06 -66.84 -66.66 -66.47 -66.28 -66.06 -65.84 -65.62 -65.34 -65.09 -64.81 -64.53 -64.25 -63.94 -63.62 -63.28 -62.91 -62.53 -62.09 -61.69 -61.22 -60.78 -60.31
-62.12 -62.00 -62.09 -62.34 -62.53 -62.50 -62.38 -62.38 -62.78 -63.50 -64.31 -64.94 -65.25 -65.47 -65.56 -65.44 -64.91 -64.72 -65.06 -65.75 -66.19 -66.53 -66.88 -67.19 -67.47 -67.72 -67.94 -68.09 -68.22 -68.31 -68.38 -68.44 -68.47 -68.50 -68.50 -68.50 -68.47 -68.44 -68.41 -68.34 -68.31 -68.25 -68.16 -68.00 -67.84 -67.66 -67.47 -67.25 -67.06 -66.84 -66.66 -66.44 -66.25 -66.03 -65.81 -65.56 -65.28 -64.97 -64.69 -64.38 -64.06 -63.72 -63.38 -63.03 -62.69 -62.31 -61.91 -61.47 -61.03 -60.56 -60.09
-63.34 -63.09 -63.12 -63.56 -63.84 -63.75 -63.44 -63.25 -63.56 -64.31 -65.25 -65.88 -66.12 -66.31 -66.38 -66.31 -65.91 -65.50 -65.50 -66.00 -66.41 -66.69 -67.00 -67.28 -67.56 -67.78 -67.97 -68.12 -68.25 -68.31 -68.41 -68.44 -68.50 -68.53 -68.56 -68.56 -68.56 -68.53 -68.50 -68.44 -68.38 -68.28 -68.16 -68.00 -67.81 -67.62 -67.44 -67.25 -67.03 -66.84 -66.62 -66.44 -66.22 -66.00 -65.75 -65.47 -65.19 -64.84 -64.53 -64.19 -63.81 -63.47 -63.12 -62.75 -62.38 -62.03 -61.62 -61.22 -60.78 -60.34 -59.91
-64.66 -64.22 -64.19 -64.75 -65.25 -65.16 -64.62 -64.25 -64.53 -65.31 -66.31 -66.81 -67.03 -67.19 -67.19 -67.12 -66.84 -66.34 -66.00 -66.22 -66.56 -66.81 -67.09 -67.38 -67.62 -67.84 -68.00 -68.16 -68.28 -68.34 -68.41 -68.47 -68.53 -68.56 -68.59 -68.62 -68.62 -68.59 -68.56 -68.50 -68.41 -68.31 -68.16 -68.00 -67.81 -67.59 -67.41 -67.22 -67.03 -66.81 -66.62 -66.41 -66.19 -65.97 -65.69 -65.41 -65.09 -64.72 -64.38 -63.97 -63.56 -63.16 -62.78 -62.41 -62.03 -61.69 -61.31 -60.94 -60.53 -60.09 -59.69
-65.97 -65.41 -65.28 -65.94 -66.28 -66.28 -65.81 -65.34 -65.59 -66.38 -67.31 -67.78 -67.94 -68.03 -68.00 -67.84 -67.62 -67.22 -66.56 -66.38 -66.66 -66.91 -67.16 -67.41 -67.66 -67.84 -68.03 -68.16 -68.28 -68.38 -68.44 -68.50 -68.53 -68.56 -68.59 -68.62 -68.62 -68.62 -68.56 -68.50 -68.41 -68.31 -68.16 -68.00 -67.78 -67.59 -67.38 -67.19 -67.00 -66.81 -66.59 -66.38 -66.16 -65.91 -65.62 -65.31 -64.97 -64.59 -64.22 -63.78 -63.31 -62.84 -62.41 -62.03 -61.62 -61.31 -60.97 -60.62 -60.25 -59.91 -59.53
-67.12 -66.56 -66.41 -67.00 -67.16 -67.12 -66.88 -66.41 -66.75 -67.50 -68.31 -68.69 -68.84 -68.88 -68.78 -68.53 -68.25 -67.84 -67.09 -66.53 -66.72 -66.94 -67.16 -67.41 -67.62 -67.81 -68.00 -68.12 -68.25 -68.31 -68.41 -68.47 -68.53 -68.56 -68.59 -68.62 -68.62 -68.59 -68.53 -68.47 -68.38 -68.25 -68.12 -67.97 -67.78 -67.56 -67.34 -67.16 -66.94 -66.75 -66.53 -66.31 -66.09 -65.81 -65.53 -65.22 -64.88 -64.47 -64.06 -63.62 -63.16 -62.66 -62.16 -61.69 -61.25 -60.91 -60.62 -60.34 -60.06 -59.78 -59.50
-67.97 -67.66 -67.56 -67.97 -68.09 -68.06 -67.81 -67.50 -67.97 -68.69 -69.28 -69.56 -69.69 -69.69 -69.50 -69.19 -68.75 -68.25 -67.41 -66.59 -66.66 -66.94 -67.12 -67.34 -67.56 -67.75 -67.91 -68.06 -68.16 -68.25 -68.34 -68.41 -68.47 -68.53 -68.56 -68.56 -68.53 -68.50 -68.44 -68.34 -68.25 -68.12 -68.00 -67.84 -67.66 -67.47 -67.25 -67.03 -66.81 -66.59 -66.41 -66.19 -65.94 -65.69 -65.41 -65.09 -64.75 -64.34 -63.94 -63.50 -63.03 -62.59 -62.12 -61.66 -61.22 -60.81 -60.50 -60.22 -60.00 -59.75 -59.50
-68.81 -68.62 -68.69 -68.97 -69.06 -68.97 -68.72 -68.56 -69.16 -69.84 -70.19 -70.38 -70.47 -70.44 -70.19 -69.72 -69.16 -68.41 -67.31 -66.50 -66.53 -66.88 -67.09 -67.31 -67.50 -67.69 -67.84 -67.97 -68.06 -68.16 -68.25 -68.34 -68.41 -68.47 -68.47 -68.47 -68.41 -68.34 -68.25 -68.16 -68.03 -67.91 -67.78 -67.62 -67.44 -67.25 -67.03 -66.81 -66.59 -66.38 -66.19 -65.97 -65.75 -65.50 -65.22 -64.94 -64.59 -64.22 -63.81 -63.38 -62.97 -62.53 -62.12 -61.72 -61.31 -60.94 -60.59 -60.31 -60.06 -59.81 -59.56
-69.62 -69.44 -69.59 -69.88 -70.00 -69.88 -69.62 -69.59 -70.28 -70.78 -71.00 -71.16 -71.22 -71.09 -70.69 -70.06 -69.28 -68.12 -67.00 -66.34 -66.47 -66.84 -67.06 -67.28 -67.47 -67.62 -67.78 -67.88 -67.97 -68.06 -68.19 -68.25 -68.34 -68.38 -68.34 -68.31 -68.25 -68.16 -68.03 -67.91 -67.78 -67.62 -67.44 -67.28 -67.09 -66.91 -66.69 -66.47 -66.25 -66.06 -65.88 -65.69 -65.50 -65.25 -65.00 -64.69 -64.41 -64.06 -63.66 -63.25 -62.84 -62.44 -62.06 -61.69 -61.34 -61.00 -60.66 -60.38 -60.12 -59.88 -59.59
-70.41 -70.28 -70.47 -70.72 -70.84 -70.75 -70.56 -70.62 -71.16 -71.56 -71.75 -71.88 -71.88 -71.59 -71.00 -70.12 -68.91 -67.66 -66.72 -66.28 -66.50 -66.88 -67.06 -67.25 -67.44 -67.56 -67.66 -67.75 -67.88 -67.97 -68.09 -68.19 -68.22 -68.25 -68.22 -68.12 -68.03 -67.91 -67.75 -67.59 -67.44 -67.25 -67.06 -66.88 -66.66 -66.47 -66.25 -66.03 -65.81 -65.62 -65.47 -65.31 -65.16 -64.94 -64.69 -64.41 -64.12 -63.81 -63.47 -63.06 -62.66 -62.28 -61.94 -61.59 -61.28 -60.97 -60.66 -60.38 -60.09 -59.81 -59.53
-71.09 -71.09 -71.28 -71.50 -71.66 -71.56 -71.44 -71.53 -71.94 -72.25 -72.44 -72.50 -72.34 -71.88 -71.09 -69.97 -68.62 -67.56 -66.81 -66.53 -66.62 -66.94 -67.09 -67.22 -67.34 -67.44 -67.53 -67.62 -67.75 -67.88 -67.97 -68.06 -68.12 -68.09 -68.03 -67.91 -67.78 -67.59 -67.41 -67.25 -67.06 -66.84 -66.62 -66.41 -66.22 -66.03 -65.78 -65.53 -65.28 -65.06 -64.94 -64.84 -64.72 -64.56 -64.34 -64.09 -63.81 -63.50 -63.19 -62.84 -62.44 -62.06 -61.72 -61.41 -61.12 -60.84 -60.56 -60.25 -59.94 -59.69 -59.41
-71.78 -71.84 -72.03 -72.22 -72.34 -72.31 -72.22 -72.31 -72.62 -72.91 -73.03 -73.00 -72.66 -72.03 -71.25 -70.16 -68.97 -68.03 -67.41 -67.03 -66.91 -66.97 -67.06 -67.16 -67.25 -67.31 -67.38 -67.47 -67.59 -67.72 -67.81 -67.94 -67.97 -67.97 -67.84 -67.69 -67.50 -67.28 -67.03 -66.81 -66.59 -66.38 -66.09 -65.84 -65.56 -65.28 -64.91 -64.59 -64.41 -64.38 -64.31 -64.25 -64.19 -64.06 -63.91 -63.66 -63.41 -63.16 -62.88 -62.56 -62.22 -61.81 -61.47 -61.19 -60.91 -60.66 -60.38 -60.06 -59.75 -59.47 -59.19
-72.47 -72.53 -72.69 -72.88 -73.00 -72.97 -72.91 -73.03 -73.25 -73.47 -73.53 -73.34 -72.84 -72.22 -71.53 -70.72 -69.81 -68.88 -68.12 -67.59 -67.25 -67.06 -67.03 -67.09 -67.12 -67.16 -67.22 -67.31 -67.41 -67.53 -67.66 -67.75 -67.81 -67.78 -67.66 -67.44 -67.19 -66.91 -66.59 -66.31 -66.06 -65.81 -65.50 -65.09 -64.44 -63.91 -63.50 -63.16 -63.09 -63.31 -63.59 -63.62 -63.56 -63.50 -63.34 -63.16 -62.94 -62.69 -62.47 -62.25 -61.97 -61.62 -61.28 -60.94 -60.69 -60.41 -60.12 -59.81 -59.47 -59.19 -58.91
-73.09 -73.16 -73.28 -73.44 -73.53 -73.53 -73.50 -73.59 -73.81 -73.94 -73.94 -73.59 -73.03 -72.41 -71.66 -70.88 -70.03 -69.19 -68.44 -67.91 -67.53 -67.22 -67.06 -67.00 -67.03 -67.03 -67.06 -67.12 -67.19 -67.31 -67.44 -67.53 -67.62 -67.56 -67.44 -67.19 -66.91 -66.53 -66.06 -65.69 -65.47 -65.19 -64.84 -64.38 -63.31 -62.53 -61.97 -61.62 -61.62 -62.00 -62.62 -62.91 -62.94 -62.88 -62.75 -62.59 -62.41 -62.19 -62.03 -61.88 -61.69 -61.44 -61.09 -60.78 -60.47 -60.16 -59.84 -59.53 -59.19 -58.88 -58.59
-73.62 -73.69 -73.78 -73.91 -74.03 -74.03 -74.03 -74.12 -74.28 -74.34 -74.22 -73.78 -73.19 -72.50 -71.66 -70.72 -69.72 -68.97 -68.53 -68.19 -67.81 -67.47 -67.22 -67.06 -66.94 -66.91 -66.91 -66.91 -66.97 -67.06 -67.16 -67.28 -67.34 -67.31 -67.16 -66.94 -66.59 -66.16 -65.62 -64.94 -64.69 -64.53 -64.19 -63.72 -62.47 -61.38 -60.59 -60.16 -60.16 -60.62 -61.34 -62.03 -62.28 -62.25 -62.19 -62.03 -61.81 -61.59 -61.50 -61.47 -61.38 -61.19 -60.91 -60.56 -60.25 -59.94 -59.59 -59.25 -58.94 -58.59 -58.22
-74.09 -74.16 -74.22 -74.34 -74.44 -74.47 -74.50 -74.56 -74.66 -74.66 -74.41 -73.94 -73.28 -72.47 -71.38 -70.34 -69.66 -69.31 -69.03 -68.59 -68.16 -67.78 -67.47 -67.19 -66.97 -66.81 -66.72 -66.69 -66.72 -66.78 -66.88 -66.97 -67.06 -67.03 -66.88 -66.62 -66.31 -65.88 -65.31 -64.56 -63.88 -63.66 -63.53 -63.03 -61.88 -60.59 -59.53 -58.91 -58.81 -59.28 -59.97 -60.66 -61.19 -61.50 -61.50 -61.31 -61.09 -60.94 -60.97 -61.03 -61.03 -60.91 -60.69 -60.38 -60.03 -59.69 -59.34 -59.00 -58.62 -58.16 -57.62
-74.53 -74.56 -74.59 -74.69 -74.78 -74.84 -74.88 -74.91 -74.94 -74.84 -74.56 -74.06 -73.41 -72.56 -71.56 -70.88 -70.50 -70.06 -69.53 -69.00 -68.50 -68.03 -67.66 -67.31 -67.00 -66.75 -66.53 -66.41 -66.38 -66.44 -66.53 -66.66 -66.72 -66.69 -66.56 -66.31 -66.00 -65.59 -65.06 -64.44 -63.69 -62.97 -62.53 -62.09 -61.22 -60.06 -58.91 -58.06 -57.75 -58.06 -58.62 -59.25 -59.78 -60.16 -60.31 -60.28 -60.22 -60.38 -60.53 -60.62 -60.66 -60.62 -60.44 -60.16 -59.84 -59.44 -59.03 -58.62 -58.06 -57.47 -56.81
-74.88 -74.91 -74.94 -75.00 -75.09 -75.16 -75.19 -75.19 -75.16 -75.00 -74.69 -74.22 -73.62 -72.97 -72.34 -71.75 -71.19 -70.59 -69.94 -69.31 -68.75 -68.25 -67.81 -67.41 -67.06 -66.72 -66.31 -66.03 -65.88 -65.97 -66.12 -66.28 -66.38 -66.34 -66.22 -65.97 -65.69 -65.28 -64.81 -64.25 -63.66 -63.00 -62.16 -61.41 -60.59 -59.59 -58.53 -57.62 -57.19 -57.25 -57.62 -58.09 -58.53 -58.91 -59.16 -59.31 -59.53 -59.91 -60.09 -60.22 -60.28 -60.28 -60.16 -59.94 -59.62 -59.22 -58.72 -58.16 -57.47 -56.78 -56.12
-75.19 -75.19 -75.22 -75.28 -75.34 -75.41 -75.44 -75.41 -75.34 -75.12 -74.81 -74.41 -73.94 -73.41 -72.88 -72.28 -71.66 -70.94 -70.22 -69.56 -68.97 -68.44 -67.94 -67.47 -67.03 -66.59 -66.16 -65.75 -65.47 -65.41 -65.66 -65.88 -65.97 -65.97 -65.88 -65.66 -65.34 -65.00 -64.53 -64.03 -63.47 -62.94 -62.03 -61.06 -60.09 -59.12 -58.22 -57.59 -57.38 -57.38 -57.47 -57.59 -57.84 -58.09 -58.31 -58.62 -59.06 -59.53 -59.72 -59.84 -59.94 -59.97 -59.88 -59.72 -59.44 -59.03 -58.53 -57.91 -57.19 -56.47 -55.84
-75.44 -75.44 -75.47 -75.50 -75.56 -75.59 -75.62 -75.59 -75.47 -75.25 -74.94 -74.59 -74.19 -73.75 -73.22 -72.59 -71.88 -71.16 -70.41 -69.75 -69.19 -68.59 -68.00 -67.44 -67.00 -66.62 -66.25 -65.81 -65.34 -65.03 -65.12 -65.44 -65.56 -65.56 -65.50 -65.31 -65.03 -64.69 -64.25 -63.78 -63.28 -62.66 -61.66 -60.59 -59.62 -58.75 -58.16 -58.00 -58.09 -58.16 -58.16 -58.12 -58.16 -58.09 -58.00 -58.19 -58.62 -59.09 -59.34 -59.47 -59.56 -59.62 -59.59 -59.47 -59.22 -58.88 -58.44 -57.91 -57.31 -56.75 -56.22
