everonasctiles/Tile28,49.asc
ncols 128
nrows 128
xllcorner 0
yllcorner 0
cellsize 2.0
NODATA_value  -9999
[rows 0 to 30 of 128, columns 0 to 70 of 128]
-102.34 -102.31 -102.31 -102.31 -102.28 -102.28 -102.28 -102.28 -102.28 -102.28 -102.28 -102.25 -102.25 -102.25 -102.25 -102.25 -102.25 -102.25 -102.25 -102.25 -102.25 -102.25 -102.25 -102.28 -102.28 -102.28 -102.28 -102.28 -102.28 -102.28 -102.28 -102.28 -102.28 -102.31 -102.31 -102.34 -102.34 -102.38 -102.38 -102.38 -102.41 -102.41 -102.38 -102.38 -102.41 -102.41 -102.41 -102.44 -102.44 -102.47 -102.47 -102.47 -102.47 -102.47 -102.47 -102.47 -102.47 -102.47 -102.47 -102.47 -102.44 -102.44 -102.41 -102.38 -102.34 -102.34 -102.34 -102.38 -102.38 -102.38 -102.38
-102.34 -102.31 -102.31 -102.28 -102.28 -102.28 -102.28 -102.28 -102.28 -102.28 -102.28 -102.25 -102.25 -102.25 -102.25 -102.25 -102.25 -102.25 -102.25 -102.25 -102.25 -102.25 -102.25 -102.28 -102.28 -102.28 -102.28 -102.28 -102.28 -102.28 -102.28 -102.28 -102.28 -102.31 -102.31 -102.34 -102.34 -102.38 -102.38 -102.38 -102.38 -102.38 -102.38 -102.38 -102.38 -102.41 -102.41 -102.44 -102.44 -102.47 -102.47 -102.47 -102.47 -102.47 -102.47 -102.47 -102.47 -102.47 -102.47 -102.47 -102.44 -102.44 -102.41 -102.38 -102.34 -102.34 -102.34 -102.38 -102.38 -102.38 -102.38
-102.34 -102.31 -102.31 -102.28 -102.28 -102.28 -102.28 -102.28 -102.28 -102.28 -102.28 -102.25 -102.25 -102.25 -102.22 -102.22 -102.25 -102.25 -102.25 -102.25 -102.25 -102.25 -102.25 -102.25 -102.25 -102.25 -102.28 -102.28 -102.28 -102.28 -102.28 -102.28 -102.28 -102.28 -102.31 -102.34 -102.34 -102.38 -102.38 -102.38 -102.38 -102.38 -102.38 -102.38 -102.38 -102.41 -102.41 -102.44 -102.44 -102.47 -102.47 -102.47 -102.47 -102.47 -102.47 -102.47 -102.47 -102.47 -102.47 -102.44 -102.44 -102.41 -102.41 -102.38 -102.34 -102.34 -102.34 -102.38 -102.38 -102.38 -102.38
-102.31 -102.31 -102.28 -102.28 -102.28 -102.25 -102.28 -102.28 -102.28 -102.28 -102.28 -102.25 -102.25 -102.22 -102.22 -102.22 -102.22 -102.22 -102.22 -102.22 -102.22 -102.25 -102.25 -102.25 -102.25 -102.25 -102.25 -102.28 -102.28 -102.28 -102.28 -102.28 -102.28 -102.28 -102.31 -102.31 -102.34 -102.34 -102.38 -102.38 -102.38 -102.38 -102.38 -102.38 -102.38 -102.38 -102.41 -102.44 -102.44 -102.44 -102.47 -102.47 -102.47 -102.47 -102.47 -102.47 -102.47 -102.47 -102.47 -102.44 -102.44 -102.41 -102.38 -102.34 -102.34 -102.34 -102.34 -102.38 -102.38 -102.38 -102.38
-102.31 -102.31 -102.28 -102.28 -102.25 -102.25 -102.25 -102.28 -102.28 -102.28 -102.28 -102.25 -102.25 -102.22 -102.22 -102.22 -102.22 -102.22 -102.22 -102.22 -102.22 -102.22 -102.22 -102.25 -102.25 -102.25 -102.25 -102.28 -102.28 -102.28 -102.28 -102.28 -102.28 -102.28 -102.31 -102.31 -102.34 -102.34 -102.34 -102.34 -102.34 -102.34 -102.34 -102.34 -102.38 -102.38 -102.41 -102.41 -102.44 -102.44 -102.47 -102.47 -102.47 -102.47 -102.47 -102.47 -102.47 -102.47 -102.44 -102.44 -102.41 -102.41 -102.38 -102.34 -102.34 -102.34 -102.34 -102.34 -102.38 -102.38 -102.38
-102.31 -102.28 -102.28 -102.25 -102.25 -102.25 -102.25 -102.25 -102.28 -102.28 -102.25 -102.25 -102.22 -102.22 -102.19 -102.19 -102.19 -102.19 -102.19 -102.19 -102.22 -102.22 -102.22 -102.25 -102.25 -102.25 -102.25 -102.28 -102.28 -102.28 -102.28 -102.28 -102.25 -102.28 -102.28 -102.31 -102.34 -102.34 -102.34 -102.34 -102.31 -102.31 -102.31 -102.31 -102.34 -102.38 -102.41 -102.41 -102.44 -102.44 -102.44 -102.47 -102.44 -102.44 -102.44 -102.44 -102.44 -102.44 -102.44 -102.44 -102.41 -102.38 -102.38 -102.34 -102.34 -102.31 -102.34 -102.34 -102.38 -102.38 -102.38
-102.31 -102.28 -102.28 -102.25 -102.25 -102.25 -102.25 -102.25 -102.25 -102.25 -102.25 -102.25 -102.22 -102.19 -102.19 -102.16 -102.16 -102.16 -102.19 -102.19 -102.19 -102.22 -102.22 -102.25 -102.25 -102.25 -102.25 -102.28 -102.28 -102.28 -102.28 -102.28 -102.25 -102.28 -102.28 -102.31 -102.34 -102.34 -102.34 -102.31 -102.31 -102.28 -102.28 -102.31 -102.34 -102.38 -102.41 -102.41 -102.44 -102.44 -102.44 -102.44 -102.44 -102.44 -102.44 -102.44 -102.44 -102.44 -102.44 -102.41 -102.41 -102.38 -102.34 -102.34 -102.31 -102.31 -102.34 -102.34 -102.34 -102.38 -102.38
-102.31 -102.28 -102.25 -102.25 -102.25 -102.25 -102.25 -102.25 -102.25 -102.25 -102.25 -102.22 -102.19 -102.19 -102.16 -102.12 -102.12 -102.12 -102.16 -102.16 -102.19 -102.19 -102.22 -102.22 -102.25 -102.25 -102.28 -102.28 -102.28 -102.28 -102.28 -102.28 -102.25 -102.28 -102.28 -102.31 -102.31 -102.34 -102.31 -102.31 -102.28 -102.28 -102.28 -102.28 -102.31 -102.34 -102.41 -102.41 -102.44 -102.44 -102.44 -102.44 -102.44 -102.44 -102.44 -102.44 -102.44 -102.44 -102.41 -102.41 -102.38 -102.34 -102.34 -102.31 -102.31 -102.31 -102.31 -102.34 -102.34 -102.34 -102.34
-102.28 -102.28 -102.25 -102.25 -102.25 -102.25 -102.25 -102.25 -102.25 -102.22 -102.22 -102.22 -102.19 -102.16 -102.12 -102.09 -102.09 -102.09 -102.09 -102.12 -102.16 -102.19 -102.19 -102.22 -102.25 -102.25 -102.28 -102.28 -102.28 -102.28 -102.28 -102.25 -102.25 -102.25 -102.28 -102.28 -102.31 -102.31 -102.31 -102.28 -102.25 -102.25 -102.25 -102.25 -102.31 -102.34 -102.38 -102.41 -102.44 -102.44 -102.44 -102.44 -102.41 -102.41 -102.41 -102.41 -102.41 -102.41 -102.41 -102.38 -102.34 -102.34 -102.31 -102.28 -102.28 -102.28 -102.31 -102.31 -102.34 -102.34 -102.34
-102.28 -102.25 -102.25 -102.25 -102.25 -102.25 -102.25 -102.25 -102.22 -102.22 -102.22 -102.19 -102.16 -102.12 -102.09 -102.06 -102.06 -102.06 -102.06 -102.09 -102.12 -102.16 -102.19 -102.19 -102.22 -102.25 -102.25 -102.28 -102.28 -102.28 -102.25 -102.25 -102.25 -102.25 -102.25 -102.28 -102.28 -102.31 -102.28 -102.25 -102.25 -102.22 -102.22 -102.22 -102.28 -102.31 -102.34 -102.41 -102.41 -102.41 -102.41 -102.41 -102.41 -102.41 -102.41 -102.41 -102.38 -102.38 -102.38 -102.34 -102.31 -102.31 -102.28 -102.25 -102.25 -102.28 -102.28 -102.31 -102.31 -102.31 -102.31
-102.25 -102.25 -102.25 -102.25 -102.25 -102.25 -102.22 -102.22 -102.22 -102.22 -102.19 -102.16 -102.16 -102.12 -102.09 -102.06 -102.03 -102.03 -102.03 -102.06 -102.09 -102.12 -102.16 -102.19 -102.22 -102.22 -102.25 -102.25 -102.25 -102.25 -102.25 -102.25 -102.22 -102.25 -102.25 -102.25 -102.28 -102.28 -102.25 -102.22 -102.19 -102.19 -102.19 -102.19 -102.25 -102.28 -102.31 -102.38 -102.38 -102.41 -102.41 -102.38 -102.38 -102.38 -102.38 -102.38 -102.38 -102.34 -102.34 -102.31 -102.28 -102.25 -102.25 -102.22 -102.22 -102.25 -102.28 -102.28 -102.31 -102.31 -102.31
-102.25 -102.25 -102.25 -102.22 -102.22 -102.22 -102.22 -102.22 -102.19 -102.19 -102.16 -102.16 -102.12 -102.09 -102.06 -102.03 -102.00 -102.00 -102.00 -102.03 -102.03 -102.06 -102.12 -102.16 -102.19 -102.22 -102.22 -102.25 -102.25 -102.25 -102.22 -102.22 -102.22 -102.22 -102.22 -102.22 -102.22 -102.22 -102.22 -102.19 -102.16 -102.16 -102.12 -102.16 -102.19 -102.25 -102.28 -102.34 -102.34 -102.38 -102.38 -102.38 -102.34 -102.34 -102.34 -102.34 -102.34 -102.31 -102.28 -102.28 -102.25 -102.22 -102.22 -102.19 -102.19 -102.22 -102.25 -102.25 -102.28 -102.28 -102.28
-102.22 -102.22 -102.22 -102.22 -102.19 -102.19 -102.19 -102.19 -102.16 -102.16 -102.12 -102.12 -102.09 -102.06 -102.06 -102.00 -101.97 -101.97 -101.97 -101.97 -102.00 -102.03 -102.06 -102.09 -102.12 -102.16 -102.19 -102.22 -102.22 -102.22 -102.19 -102.19 -102.19 -102.19 -102.19 -102.19 -102.19 -102.19 -102.16 -102.12 -102.12 -102.09 -102.09 -102.12 -102.16 -102.19 -102.25 -102.28 -102.31 -102.34 -102.34 -102.34 -102.34 -102.31 -102.31 -102.31 -102.28 -102.28 -102.25 -102.22 -102.19 -102.19 -102.16 -102.16 -102.16 -102.19 -102.22 -102.22 -102.25 -102.25 -102.25
-102.19 -102.16 -102.19 -102.16 -102.16 -102.16 -102.16 -102.16 -102.12 -102.12 -102.09 -102.09 -102.06 -102.03 -102.00 -101.97 -101.94 -101.91 -101.91 -101.94 -101.97 -102.00 -102.03 -102.06 -102.09 -102.12 -102.16 -102.16 -102.19 -102.19 -102.16 -102.16 -102.16 -102.16 -102.16 -102.16 -102.12 -102.12 -102.09 -102.09 -102.06 -102.06 -102.03 -102.06 -102.09 -102.16 -102.19 -102.25 -102.28 -102.28 -102.28 -102.28 -102.31 -102.31 -102.28 -102.28 -102.25 -102.22 -102.22 -102.19 -102.16 -102.12 -102.12 -102.12 -102.12 -102.12 -102.16 -102.19 -102.19 -102.22 -102.22
-102.12 -102.12 -102.12 -102.12 -102.12 -102.09 -102.09 -102.09 -102.09 -102.06 -102.06 -102.03 -102.00 -102.00 -101.97 -101.94 -101.88 -101.88 -101.88 -101.88 -101.91 -101.94 -101.97 -102.00 -102.03 -102.06 -102.09 -102.09 -102.12 -102.12 -102.12 -102.12 -102.12 -102.12 -102.12 -102.09 -102.09 -102.06 -102.06 -102.03 -102.03 -102.00 -102.00 -102.00 -102.03 -102.09 -102.12 -102.19 -102.19 -102.22 -102.22 -102.25 -102.25 -102.25 -102.25 -102.25 -102.22 -102.19 -102.16 -102.12 -102.12 -102.09 -102.09 -102.06 -102.06 -102.09 -102.09 -102.12 -102.12 -102.16 -102.19
-102.06 -102.03 -102.03 -102.06 -102.03 -102.03 -102.06 -102.06 -102.03 -102.03 -102.00 -101.97 -101.94 -101.94 -101.91 -101.84 -101.81 -101.81 -101.81 -101.81 -101.84 -101.88 -101.91 -101.94 -101.97 -102.00 -102.00 -102.03 -102.06 -102.06 -102.06 -102.06 -102.06 -102.06 -102.06 -102.03 -102.03 -102.00 -102.00 -101.97 -101.97 -101.94 -101.94 -101.94 -101.97 -102.00 -102.06 -102.09 -102.12 -102.16 -102.16 -102.19 -102.19 -102.22 -102.22 -102.22 -102.19 -102.16 -102.12 -102.09 -102.06 -102.03 -102.03 -102.03 -102.03 -102.03 -102.03 -102.03 -102.06 -102.09 -102.12
-101.97 -101.97 -101.97 -101.97 -101.97 -101.97 -102.00 -102.00 -102.00 -102.00 -101.97 -101.94 -101.91 -101.84 -101.81 -101.78 -101.75 -101.72 -101.72 -101.72 -101.75 -101.78 -101.84 -101.88 -101.91 -101.91 -101.94 -101.97 -101.97 -102.00 -102.00 -102.00 -102.00 -102.00 -102.00 -101.97 -101.97 -101.94 -101.94 -101.94 -101.91 -101.88 -101.88 -101.88 -101.91 -101.94 -101.97 -102.00 -102.03 -102.06 -102.09 -102.09 -102.12 -102.16 -102.16 -102.16 -102.12 -102.09 -102.06 -102.03 -102.00 -101.97 -101.97 -101.94 -101.94 -101.94 -101.94 -101.97 -102.00 -102.03 -102.06
-101.91 -101.91 -101.91 -101.91 -101.91 -101.91 -101.94 -101.97 -101.97 -101.94 -101.91 -101.88 -101.84 -101.78 -101.75 -101.69 -101.66 -101.66 -101.62 -101.66 -101.69 -101.72 -101.75 -101.78 -101.81 -101.84 -101.84 -101.88 -101.88 -101.91 -101.91 -101.94 -101.94 -101.94 -101.91 -101.91 -101.88 -101.88 -101.84 -101.84 -101.84 -101.81 -101.78 -101.78 -101.81 -101.84 -101.88 -101.91 -101.94 -101.97 -102.00 -102.00 -102.03 -102.06 -102.06 -102.06 -102.06 -102.03 -102.00 -101.97 -101.94 -101.91 -101.88 -101.88 -101.88 -101.84 -101.84 -101.88 -101.91 -101.94 -101.97
-101.84 -101.84 -101.84 -101.84 -101.84 -101.88 -101.88 -101.91 -101.91 -101.91 -101.88 -101.81 -101.78 -101.72 -101.66 -101.62 -101.56 -101.56 -101.53 -101.56 -101.59 -101.62 -101.66 -101.69 -101.72 -101.75 -101.75 -101.78 -101.78 -101.81 -101.84 -101.84 -101.84 -101.84 -101.84 -101.81 -101.78 -101.78 -101.78 -101.75 -101.75 -101.72 -101.72 -101.72 -101.72 -101.75 -101.78 -101.81 -101.84 -101.84 -101.88 -101.91 -101.94 -101.97 -101.97 -102.00 -101.97 -101.97 -101.94 -101.91 -101.84 -101.81 -101.81 -101.78 -101.78 -101.75 -101.75 -101.78 -101.81 -101.84 -101.88
-101.78 -101.78 -101.78 -101.78 -101.78 -101.81 -101.84 -101.84 -101.88 -101.84 -101.81 -101.75 -101.69 -101.62 -101.56 -101.53 -101.47 -101.44 -101.44 -101.47 -101.50 -101.53 -101.56 -101.59 -101.62 -101.62 -101.62 -101.66 -101.69 -101.72 -101.75 -101.75 -101.75 -101.75 -101.75 -101.72 -101.72 -101.69 -101.69 -101.66 -101.62 -101.62 -101.59 -101.59 -101.62 -101.66 -101.69 -101.72 -101.72 -101.75 -101.78 -101.81 -101.84 -101.88 -101.88 -101.91 -101.88 -101.88 -101.84 -101.81 -101.78 -101.75 -101.72 -101.69 -101.69 -101.66 -101.66 -101.66 -101.69 -101.72 -101.72
-101.72 -101.72 -101.69 -101.69 -101.72 -101.75 -101.78 -101.81 -101.81 -101.78 -101.75 -101.69 -101.62 -101.53 -101.47 -101.41 -101.38 -101.34 -101.34 -101.34 -101.41 -101.44 -101.47 -101.50 -101.50 -101.50 -101.53 -101.53 -101.56 -101.59 -101.62 -101.66 -101.66 -101.66 -101.66 -101.62 -101.59 -101.59 -101.56 -101.56 -101.53 -101.50 -101.50 -101.50 -101.53 -101.53 -101.56 -101.59 -101.62 -101.62 -101.66 -101.72 -101.75 -101.78 -101.78 -101.78 -101.78 -101.78 -101.75 -101.72 -101.69 -101.62 -101.59 -101.59 -101.56 -101.56 -101.56 -101.56 -101.56 -101.56 -101.59
-101.66 -101.66 -101.62 -101.62 -101.66 -101.69 -101.72 -101.72 -101.72 -101.72 -101.66 -101.59 -101.53 -101.44 -101.38 -101.31 -101.25 -101.22 -101.22 -101.25 -101.28 -101.34 -101.38 -101.38 -101.38 -101.38 -101.41 -101.44 -101.47 -101.50 -101.53 -101.53 -101.56 -101.56 -101.53 -101.53 -101.50 -101.47 -101.47 -101.44 -101.41 -101.38 -101.38 -101.41 -101.41 -101.44 -101.47 -101.47 -101.50 -101.53 -101.56 -101.59 -101.62 -101.66 -101.69 -101.69 -101.69 -101.66 -101.62 -101.59 -101.56 -101.53 -101.50 -101.47 -101.44 -101.44 -101.41 -101.41 -101.41 -101.41 -101.44
-101.59 -101.56 -101.56 -101.56 -101.56 -101.59 -101.62 -101.66 -101.66 -101.62 -101.56 -101.50 -101.44 -101.34 -101.25 -101.19 -101.12 -101.09 -101.12 -101.12 -101.19 -101.22 -101.25 -101.25 -101.25 -101.25 -101.28 -101.31 -101.34 -101.38 -101.41 -101.44 -101.44 -101.44 -101.41 -101.41 -101.38 -101.34 -101.31 -101.31 -101.28 -101.28 -101.28 -101.28 -101.31 -101.34 -101.34 -101.38 -101.38 -101.41 -101.44 -101.47 -101.50 -101.53 -101.56 -101.56 -101.56 -101.53 -101.50 -101.47 -101.44 -101.38 -101.34 -101.31 -101.31 -101.28 -101.28 -101.28 -101.25 -101.25 -101.25
-101.50 -101.47 -101.47 -101.47 -101.50 -101.53 -101.56 -101.56 -101.56 -101.53 -101.47 -101.41 -101.31 -101.22 -101.12 -101.06 -101.00 -101.00 -101.00 -101.03 -101.06 -101.09 -101.09 -101.12 -101.12 -101.12 -101.16 -101.19 -101.22 -101.25 -101.28 -101.31 -101.31 -101.31 -101.28 -101.25 -101.25 -101.22 -101.19 -101.16 -101.16 -101.16 -101.16 -101.19 -101.22 -101.25 -101.25 -101.25 -101.28 -101.28 -101.31 -101.34 -101.38 -101.41 -101.41 -101.41 -101.41 -101.38 -101.34 -101.31 -101.28 -101.25 -101.19 -101.19 -101.16 -101.16 -101.12 -101.12 -101.09 -101.06 -101.06
-101.38 -101.38 -101.38 -101.38 -101.41 -101.44 -101.47 -101.47 -101.47 -101.44 -101.38 -101.31 -101.19 -101.09 -101.00 -100.94 -100.91 -100.88 -100.88 -100.91 -100.94 -100.97 -100.97 -101.00 -101.00 -101.00 -101.03 -101.06 -101.09 -101.12 -101.16 -101.19 -101.19 -101.19 -101.16 -101.12 -101.09 -101.06 -101.03 -101.03 -101.03 -101.03 -101.03 -101.06 -101.09 -101.12 -101.16 -101.16 -101.16 -101.19 -101.19 -101.22 -101.25 -101.25 -101.25 -101.25 -101.25 -101.22 -101.19 -101.16 -101.09 -101.06 -101.03 -101.00 -101.00 -101.00 -100.97 -100.97 -100.94 -100.91 -100.84
-101.28 -101.28 -101.28 -101.28 -101.31 -101.34 -101.38 -101.38 -101.38 -101.34 -101.28 -101.19 -101.09 -100.97 -100.91 -100.81 -100.78 -100.75 -100.75 -100.78 -100.81 -100.84 -100.84 -100.84 -100.88 -100.88 -100.91 -100.94 -100.97 -101.00 -101.06 -101.09 -101.09 -101.06 -101.03 -100.97 -100.94 -100.91 -100.88 -100.88 -100.88 -100.91 -100.94 -100.97 -101.00 -101.00 -101.03 -101.03 -101.03 -101.06 -101.06 -101.09 -101.09 -101.09 -101.09 -101.09 -101.06 -101.03 -101.00 -100.97 -100.91 -100.88 -100.84 -100.81 -100.81 -100.81 -100.81 -100.78 -100.75 -100.69 -100.66
-101.16 -101.19 -101.19 -101.19 -101.22 -101.25 -101.28 -101.28 -101.28 -101.22 -101.16 -101.06 -100.97 -100.88 -100.78 -100.69 -100.66 -100.62 -100.62 -100.66 -100.66 -100.69 -100.72 -100.72 -100.75 -100.78 -100.78 -100.81 -100.84 -100.91 -100.94 -100.97 -100.97 -100.94 -100.88 -100.81 -100.75 -100.72 -100.72 -100.72 -100.72 -100.75 -100.81 -100.84 -100.88 -100.91 -100.91 -100.91 -100.94 -100.94 -100.94 -100.97 -100.94 -100.94 -100.91 -100.91 -100.88 -100.84 -100.78 -100.75 -100.69 -100.66 -100.62 -100.59 -100.59 -100.59 -100.59 -100.59 -100.56 -100.50 -100.44
-101.06 -101.06 -101.06 -101.09 -101.09 -101.12 -101.16 -101.16 -101.16 -101.12 -101.06 -100.97 -100.84 -100.75 -100.66 -100.56 -100.53 -100.50 -100.50 -100.50 -100.53 -100.56 -100.59 -100.62 -100.66 -100.69 -100.69 -100.72 -100.75 -100.78 -100.81 -100.84 -100.81 -100.78 -100.72 -100.66 -100.59 -100.53 -100.53 -100.53 -100.56 -100.62 -100.69 -100.72 -100.75 -100.75 -100.78 -100.78 -100.81 -100.81 -100.81 -100.81 -100.81 -100.78 -100.75 -100.72 -100.66 -100.62 -100.56 -100.53 -100.47 -100.44 -100.38 -100.38 -100.38 -100.38 -100.38 -100.38 -100.31 -100.28 -100.19
-100.94 -100.94 -100.94 -100.97 -100.97 -101.00 -101.00 -101.03 -101.03 -101.00 -100.94 -100.84 -100.75 -100.66 -100.53 -100.47 -100.41 -100.38 -100.38 -100.38 -100.41 -100.41 -100.47 -100.50 -100.53 -100.56 -100.59 -100.62 -100.66 -100.69 -100.72 -100.72 -100.69 -100.62 -100.56 -100.47 -100.41 -100.34 -100.34 -100.38 -100.41 -100.47 -100.53 -100.59 -100.62 -100.62 -100.62 -100.66 -100.69 -100.69 -100.69 -100.69 -100.66 -100.62 -100.56 -100.53 -100.47 -100.41 -100.34 -100.28 -100.22 -100.19 -100.12 -100.12 -100.09 -100.12 -100.12 -100.12 -100.09 -100.03 -99.97
-100.81 -100.81 -100.84 -100.84 -100.84 -100.88 -100.88 -100.88 -100.88 -100.88 -100.81 -100.75 -100.66 -100.53 -100.44 -100.34 -100.28 -100.25 -100.22 -100.25 -100.25 -100.28 -100.31 -100.38 -100.44 -100.47 -100.50 -100.56 -100.56 -100.59 -100.59 -100.56 -100.53 -100.47 -100.41 -100.31 -100.22 -100.16 -100.16 -100.19 -100.25 -100.31 -100.41 -100.44 -100.47 -100.50 -100.50 -100.53 -100.53 -100.56 -100.56 -100.56 -100.53 -100.47 -100.41 -100.34 -100.25 -100.19 -100.09 -100.03 -99.97 -99.94 -99.88 -99.84 -99.84 -99.84 -99.84 -99.84 -99.81 -99.78 -99.72
-100.69 -100.69 -100.72 -100.72 -100.72 -100.72 -100.72 -100.72 -100.75 -100.72 -100.69 -100.62 -100.53 -100.44 -100.34 -100.25 -100.19 -100.12 -100.09 -100.09 -100.12 -100.16 -100.19 -100.25 -100.31 -100.38 -100.41 -100.44 -100.47 -100.47 -100.47 -100.44 -100.38 -100.31 -100.22 -100.12 -100.03 -100.00 -99.97 -100.03 -100.09 -100.16 -100.25 -100.31 -100.34 -100.34 -100.38 -100.38 -100.41 -100.44 -100.44 -100.41 -100.38 -100.31 -100.25 -100.16 -100.06 -99.97 -99.88 -99.78 -99.72 -99.66 -99.62 -99.59 -99.56 -99.56 -99.56 -99.56 -99.56 -99.53 -99.47
