everonasctiles/Tile23,0.asc
ncols 128
nrows 128
xllcorner 0
yllcorner 0
cellsize 2.0
NODATA_value  -9999
[rows 29 to 57 of 128, columns 0 to 66 of 128]
-152.56 -152.41 -152.22 -152.06 -151.91 -151.72 -151.59 -151.44 -151.28 -151.12 -150.97 -150.81 -150.66 -150.47 -150.31 -150.12 -149.94 -149.72 -149.50 -149.25 -148.97 -148.66 -148.34 -148.00 -147.59 -147.16 -146.69 -146.19 -145.69 -145.25 -144.91 -144.53 -144.16 -143.78 -143.38 -143.00 -142.62 -142.28 -141.97 -141.69 -141.38 -141.06 -140.78 -140.50 -140.28 -140.03 -139.81 -139.56 -139.25 -138.88 -138.47 -138.06 -137.59 -137.16 -136.69 -136.22 -135.72 -135.25 -134.78 -134.31 -133.81 -133.31 -132.81 -132.31 -131.88 -131.47 -131.06
-152.75 -152.56 -152.38 -152.22 -152.03 -151.88 -151.72 -151.56 -151.41 -151.22 -151.06 -150.91 -150.72 -150.56 -150.38 -150.19 -149.97 -149.75 -149.53 -149.28 -149.00 -148.69 -148.38 -147.97 -147.56 -147.12 -146.66 -146.25 -145.91 -145.56 -145.22 -144.84 -144.44 -144.03 -143.66 -143.25 -142.91 -142.59 -142.25 -141.97 -141.66 -141.34 -141.06 -140.81 -140.56 -140.34 -140.09 -139.81 -139.47 -139.09 -138.69 -138.25 -137.81 -137.38 -136.94 -136.47 -136.00 -135.50 -135.03 -134.53 -134.00 -133.50 -133.00 -132.56 -132.16 -131.75 -131.34
-152.94 -152.75 -152.56 -152.38 -152.19 -152.03 -151.84 -151.69 -151.50 -151.34 -151.16 -151.00 -150.81 -150.62 -150.44 -150.25 -150.03 -149.81 -149.56 -149.31 -149.03 -148.75 -148.41 -148.03 -147.62 -147.22 -146.88 -146.53 -146.22 -145.88 -145.50 -145.12 -144.72 -144.31 -143.91 -143.56 -143.22 -142.88 -142.56 -142.25 -141.94 -141.62 -141.34 -141.09 -140.84 -140.59 -140.34 -140.03 -139.69 -139.28 -138.88 -138.47 -138.03 -137.59 -137.16 -136.69 -136.22 -135.72 -135.22 -134.69 -134.19 -133.69 -133.25 -132.84 -132.47 -132.03 -131.62
-153.12 -152.91 -152.72 -152.53 -152.34 -152.16 -152.00 -151.81 -151.62 -151.47 -151.28 -151.09 -150.91 -150.72 -150.53 -150.31 -150.09 -149.88 -149.62 -149.38 -149.09 -148.81 -148.47 -148.12 -147.78 -147.44 -147.12 -146.78 -146.47 -146.12 -145.75 -145.38 -144.97 -144.59 -144.22 -143.88 -143.53 -143.19 -142.84 -142.53 -142.22 -141.94 -141.66 -141.38 -141.12 -140.84 -140.56 -140.25 -139.91 -139.53 -139.12 -138.69 -138.28 -137.84 -137.38 -136.88 -136.38 -135.88 -135.38 -134.88 -134.41 -134.00 -133.59 -133.19 -132.78 -132.34 -131.91
-153.31 -153.09 -152.91 -152.69 -152.50 -152.31 -152.12 -151.94 -151.75 -151.56 -151.38 -151.19 -151.00 -150.81 -150.59 -150.38 -150.16 -149.94 -149.69 -149.44 -149.16 -148.88 -148.59 -148.28 -147.94 -147.62 -147.31 -147.00 -146.66 -146.31 -145.97 -145.59 -145.25 -144.88 -144.50 -144.16 -143.78 -143.44 -143.12 -142.81 -142.53 -142.22 -141.94 -141.66 -141.38 -141.09 -140.81 -140.50 -140.16 -139.78 -139.38 -138.97 -138.53 -138.06 -137.56 -137.06 -136.56 -136.06 -135.59 -135.16 -134.75 -134.31 -133.91 -133.50 -133.06 -132.62 -132.16
-153.47 -153.28 -153.06 -152.84 -152.66 -152.47 -152.25 -152.06 -151.88 -151.69 -151.50 -151.28 -151.09 -150.88 -150.69 -150.47 -150.25 -150.00 -149.75 -149.50 -149.25 -148.97 -148.69 -148.38 -148.09 -147.78 -147.47 -147.16 -146.84 -146.50 -146.16 -145.81 -145.47 -145.09 -144.75 -144.38 -144.03 -143.72 -143.41 -143.09 -142.81 -142.53 -142.22 -141.94 -141.66 -141.38 -141.09 -140.78 -140.44 -140.06 -139.66 -139.22 -138.75 -138.28 -137.78 -137.28 -136.78 -136.34 -135.91 -135.47 -135.06 -134.66 -134.22 -133.78 -133.34 -132.88 -132.41
-153.66 -153.44 -153.22 -153.03 -152.81 -152.59 -152.41 -152.19 -152.00 -151.81 -151.59 -151.41 -151.19 -150.97 -150.75 -150.53 -150.31 -150.06 -149.84 -149.59 -149.31 -149.06 -148.78 -148.50 -148.19 -147.91 -147.59 -147.28 -146.97 -146.66 -146.31 -145.97 -145.62 -145.28 -144.94 -144.59 -144.28 -143.97 -143.66 -143.38 -143.09 -142.78 -142.50 -142.19 -141.94 -141.69 -141.38 -141.06 -140.72 -140.31 -139.91 -139.47 -139.00 -138.50 -138.00 -137.53 -137.06 -136.62 -136.19 -135.78 -135.34 -134.94 -134.47 -134.03 -133.56 -133.06 -132.59
-153.84 -153.62 -153.41 -153.19 -152.97 -152.75 -152.53 -152.34 -152.12 -151.94 -151.72 -151.50 -151.28 -151.06 -150.84 -150.62 -150.41 -150.16 -149.91 -149.66 -149.41 -149.12 -148.88 -148.59 -148.31 -148.00 -147.72 -147.41 -147.09 -146.75 -146.44 -146.12 -145.78 -145.44 -145.12 -144.81 -144.50 -144.22 -143.94 -143.62 -143.34 -143.06 -142.78 -142.50 -142.22 -141.97 -141.66 -141.31 -140.94 -140.53 -140.09 -139.66 -139.19 -138.72 -138.22 -137.75 -137.31 -136.88 -136.47 -136.03 -135.59 -135.16 -134.72 -134.22 -133.75 -133.28 -132.78
-154.03 -153.81 -153.56 -153.34 -153.12 -152.91 -152.69 -152.47 -152.25 -152.03 -151.84 -151.62 -151.41 -151.19 -150.94 -150.72 -150.47 -150.25 -150.00 -149.75 -149.47 -149.22 -148.94 -148.66 -148.38 -148.09 -147.81 -147.50 -147.19 -146.88 -146.56 -146.25 -145.91 -145.62 -145.31 -145.03 -144.72 -144.47 -144.19 -143.91 -143.59 -143.31 -143.03 -142.75 -142.50 -142.19 -141.88 -141.50 -141.12 -140.69 -140.25 -139.81 -139.34 -138.88 -138.41 -137.97 -137.53 -137.09 -136.69 -136.25 -135.81 -135.38 -134.91 -134.44 -133.97 -133.47 -132.97
-154.22 -154.00 -153.75 -153.53 -153.28 -153.06 -152.84 -152.62 -152.41 -152.16 -151.94 -151.72 -151.50 -151.28 -151.06 -150.81 -150.56 -150.34 -150.09 -149.84 -149.56 -149.31 -149.03 -148.75 -148.47 -148.19 -147.91 -147.59 -147.31 -147.00 -146.69 -146.38 -146.06 -145.78 -145.50 -145.22 -144.94 -144.69 -144.41 -144.12 -143.84 -143.56 -143.25 -142.97 -142.66 -142.34 -142.00 -141.62 -141.22 -140.81 -140.38 -139.91 -139.47 -139.00 -138.56 -138.12 -137.72 -137.28 -136.88 -136.44 -136.00 -135.56 -135.09 -134.62 -134.16 -133.66 -133.16
-154.44 -154.19 -153.94 -153.69 -153.44 -153.22 -153.00 -152.75 -152.53 -152.31 -152.06 -151.84 -151.62 -151.38 -151.16 -150.91 -150.69 -150.44 -150.19 -149.94 -149.66 -149.41 -149.12 -148.88 -148.59 -148.31 -148.00 -147.72 -147.41 -147.12 -146.81 -146.53 -146.22 -145.94 -145.66 -145.41 -145.16 -144.88 -144.62 -144.34 -144.03 -143.72 -143.41 -143.09 -142.75 -142.41 -142.06 -141.69 -141.28 -140.88 -140.44 -140.00 -139.56 -139.12 -138.72 -138.28 -137.88 -137.47 -137.03 -136.59 -136.16 -135.69 -135.22 -134.75 -134.25 -133.75 -133.25
-154.62 -154.34 -154.09 -153.84 -153.62 -153.38 -153.12 -152.91 -152.66 -152.44 -152.19 -151.97 -151.72 -151.50 -151.25 -151.03 -150.78 -150.53 -150.28 -150.03 -149.75 -149.50 -149.22 -148.97 -148.69 -148.41 -148.12 -147.84 -147.53 -147.25 -146.97 -146.69 -146.41 -146.12 -145.84 -145.59 -145.31 -145.06 -144.78 -144.47 -144.16 -143.81 -143.47 -143.16 -142.81 -142.44 -142.09 -141.72 -141.31 -140.94 -140.53 -140.09 -139.69 -139.25 -138.84 -138.44 -138.00 -137.59 -137.16 -136.72 -136.25 -135.78 -135.28 -134.78 -134.28 -133.78 -133.25
-154.81 -154.53 -154.28 -154.03 -153.78 -153.53 -153.28 -153.06 -152.81 -152.56 -152.34 -152.09 -151.84 -151.62 -151.38 -151.12 -150.88 -150.62 -150.38 -150.12 -149.84 -149.59 -149.34 -149.06 -148.78 -148.50 -148.22 -147.97 -147.69 -147.41 -147.12 -146.84 -146.56 -146.28 -146.00 -145.75 -145.47 -145.19 -144.91 -144.56 -144.22 -143.88 -143.53 -143.19 -142.84 -142.50 -142.12 -141.78 -141.41 -141.00 -140.62 -140.19 -139.78 -139.38 -138.94 -138.53 -138.12 -137.69 -137.25 -136.78 -136.31 -135.81 -135.31 -134.81 -134.28 -133.75 -133.22
-155.00 -154.75 -154.47 -154.22 -153.94 -153.69 -153.44 -153.19 -152.97 -152.72 -152.47 -152.22 -151.97 -151.72 -151.47 -151.22 -150.97 -150.72 -150.47 -150.22 -149.97 -149.69 -149.44 -149.16 -148.91 -148.62 -148.34 -148.06 -147.81 -147.53 -147.25 -146.97 -146.72 -146.44 -146.16 -145.91 -145.62 -145.31 -145.00 -144.66 -144.31 -143.94 -143.59 -143.28 -142.94 -142.59 -142.25 -141.88 -141.50 -141.12 -140.72 -140.31 -139.88 -139.44 -139.03 -138.59 -138.19 -137.75 -137.31 -136.84 -136.34 -135.84 -135.34 -134.81 -134.28 -133.75 -133.19
-155.22 -154.94 -154.66 -154.38 -154.12 -153.88 -153.59 -153.34 -153.09 -152.84 -152.59 -152.34 -152.09 -151.84 -151.59 -151.34 -151.09 -150.84 -150.59 -150.31 -150.06 -149.78 -149.53 -149.25 -149.00 -148.72 -148.47 -148.19 -147.94 -147.66 -147.38 -147.12 -146.84 -146.59 -146.31 -146.03 -145.75 -145.44 -145.09 -144.75 -144.41 -144.06 -143.72 -143.41 -143.06 -142.72 -142.38 -142.00 -141.62 -141.25 -140.84 -140.41 -139.97 -139.53 -139.06 -138.62 -138.19 -137.75 -137.28 -136.81 -136.31 -135.81 -135.31 -134.78 -134.25 -133.69 -133.16
-155.41 -155.12 -154.84 -154.56 -154.31 -154.03 -153.78 -153.50 -153.25 -153.00 -152.75 -152.50 -152.22 -151.97 -151.72 -151.47 -151.22 -150.94 -150.69 -150.44 -150.16 -149.91 -149.62 -149.38 -149.09 -148.84 -148.56 -148.31 -148.03 -147.78 -147.50 -147.25 -146.97 -146.72 -146.44 -146.16 -145.84 -145.53 -145.19 -144.88 -144.53 -144.22 -143.88 -143.56 -143.22 -142.88 -142.50 -142.16 -141.75 -141.34 -140.94 -140.50 -140.06 -139.59 -139.12 -138.62 -138.16 -137.69 -137.19 -136.69 -136.19 -135.66 -135.16 -134.66 -134.12 -133.56 -133.03
-155.59 -155.31 -155.03 -154.75 -154.47 -154.22 -153.94 -153.66 -153.41 -153.16 -152.88 -152.62 -152.38 -152.09 -151.84 -151.59 -151.31 -151.06 -150.78 -150.53 -150.28 -150.00 -149.72 -149.47 -149.19 -148.94 -148.66 -148.41 -148.12 -147.88 -147.59 -147.34 -147.06 -146.81 -146.53 -146.22 -145.94 -145.62 -145.28 -144.97 -144.66 -144.38 -144.03 -143.69 -143.34 -143.00 -142.62 -142.25 -141.88 -141.47 -141.03 -140.59 -140.12 -139.66 -139.16 -138.66 -138.12 -137.59 -137.06 -136.56 -136.00 -135.47 -134.94 -134.44 -133.91 -133.38 -132.84
-155.81 -155.50 -155.22 -154.94 -154.66 -154.38 -154.09 -153.84 -153.56 -153.28 -153.03 -152.75 -152.50 -152.22 -151.97 -151.72 -151.44 -151.19 -150.91 -150.62 -150.38 -150.09 -149.84 -149.56 -149.28 -149.03 -148.75 -148.50 -148.22 -147.94 -147.69 -147.44 -147.16 -146.88 -146.59 -146.28 -145.97 -145.69 -145.38 -145.06 -144.78 -144.47 -144.16 -143.81 -143.47 -143.09 -142.75 -142.38 -141.97 -141.56 -141.12 -140.69 -140.19 -139.69 -139.16 -138.62 -138.09 -137.50 -136.94 -136.38 -135.81 -135.28 -134.75 -134.22 -133.69 -133.19 -132.66
-156.00 -155.72 -155.41 -155.12 -154.84 -154.56 -154.28 -154.00 -153.72 -153.44 -153.19 -152.91 -152.62 -152.38 -152.09 -151.84 -151.56 -151.28 -151.03 -150.75 -150.47 -150.19 -149.94 -149.66 -149.38 -149.09 -148.84 -148.56 -148.28 -148.03 -147.75 -147.47 -147.22 -146.91 -146.62 -146.34 -146.03 -145.72 -145.44 -145.16 -144.84 -144.56 -144.25 -143.91 -143.53 -143.16 -142.78 -142.41 -142.00 -141.59 -141.12 -140.69 -140.19 -139.69 -139.12 -138.59 -138.00 -137.41 -136.81 -136.25 -135.66 -135.12 -134.56 -134.03 -133.53 -133.03 -132.53
-156.22 -155.91 -155.62 -155.31 -155.03 -154.72 -154.44 -154.16 -153.88 -153.59 -153.34 -153.06 -152.78 -152.50 -152.22 -151.97 -151.69 -151.41 -151.12 -150.84 -150.59 -150.31 -150.03 -149.75 -149.47 -149.19 -148.91 -148.62 -148.38 -148.09 -147.81 -147.53 -147.25 -146.97 -146.66 -146.38 -146.06 -145.78 -145.47 -145.19 -144.88 -144.56 -144.25 -143.91 -143.53 -143.16 -142.75 -142.34 -141.94 -141.50 -141.06 -140.59 -140.12 -139.62 -139.09 -138.56 -138.00 -137.41 -136.81 -136.22 -135.62 -135.06 -134.50 -133.97 -133.44 -132.91 -132.41
-156.44 -156.12 -155.81 -155.50 -155.22 -154.91 -154.62 -154.34 -154.06 -153.75 -153.47 -153.19 -152.91 -152.66 -152.38 -152.09 -151.81 -151.53 -151.25 -150.97 -150.69 -150.41 -150.12 -149.84 -149.56 -149.28 -149.00 -148.72 -148.44 -148.12 -147.84 -147.56 -147.28 -147.00 -146.69 -146.41 -146.09 -145.78 -145.50 -145.19 -144.88 -144.56 -144.22 -143.91 -143.53 -143.12 -142.69 -142.28 -141.84 -141.41 -140.94 -140.47 -140.00 -139.53 -139.03 -138.53 -138.00 -137.44 -136.88 -136.28 -135.69 -135.09 -134.50 -133.94 -133.38 -132.81 -132.28
-156.62 -156.31 -156.00 -155.69 -155.41 -155.09 -154.81 -154.50 -154.22 -153.94 -153.62 -153.34 -153.06 -152.78 -152.50 -152.22 -151.94 -151.66 -151.38 -151.06 -150.78 -150.50 -150.22 -149.94 -149.66 -149.34 -149.06 -148.78 -148.47 -148.19 -147.91 -147.59 -147.31 -147.00 -146.72 -146.41 -146.09 -145.78 -145.47 -145.16 -144.81 -144.50 -144.16 -143.81 -143.44 -143.03 -142.62 -142.19 -141.75 -141.28 -140.81 -140.38 -139.91 -139.44 -138.94 -138.47 -137.97 -137.44 -136.88 -136.31 -135.72 -135.09 -134.50 -133.91 -133.31 -132.72 -132.12
-156.84 -156.53 -156.22 -155.91 -155.59 -155.28 -154.97 -154.69 -154.38 -154.09 -153.81 -153.50 -153.22 -152.94 -152.62 -152.34 -152.06 -151.78 -151.47 -151.19 -150.91 -150.59 -150.31 -150.03 -149.72 -149.44 -149.12 -148.84 -148.53 -148.22 -147.94 -147.62 -147.31 -147.03 -146.72 -146.41 -146.06 -145.75 -145.41 -145.06 -144.72 -144.38 -144.03 -143.69 -143.31 -142.91 -142.47 -142.03 -141.59 -141.16 -140.72 -140.25 -139.78 -139.31 -138.84 -138.34 -137.84 -137.34 -136.81 -136.25 -135.66 -135.06 -134.44 -133.81 -133.19 -132.56 -131.94
-157.06 -156.75 -156.41 -156.09 -155.78 -155.47 -155.16 -154.84 -154.56 -154.25 -153.97 -153.66 -153.38 -153.06 -152.78 -152.47 -152.19 -151.91 -151.59 -151.31 -151.00 -150.72 -150.41 -150.09 -149.81 -149.50 -149.19 -148.91 -148.59 -148.28 -147.97 -147.66 -147.34 -147.03 -146.69 -146.38 -146.00 -145.66 -145.31 -144.94 -144.59 -144.25 -143.88 -143.50 -143.12 -142.72 -142.28 -141.84 -141.41 -140.97 -140.50 -140.06 -139.62 -139.16 -138.69 -138.19 -137.66 -137.16 -136.62 -136.06 -135.50 -134.91 -134.28 -133.66 -133.03 -132.41 -131.75
-157.28 -156.94 -156.62 -156.28 -155.97 -155.66 -155.34 -155.03 -154.72 -154.44 -154.12 -153.81 -153.53 -153.22 -152.94 -152.62 -152.31 -152.03 -151.72 -151.41 -151.12 -150.81 -150.50 -150.19 -149.88 -149.56 -149.25 -148.94 -148.62 -148.31 -148.00 -147.66 -147.34 -147.00 -146.66 -146.31 -145.94 -145.56 -145.19 -144.81 -144.44 -144.06 -143.69 -143.31 -142.94 -142.50 -142.06 -141.59 -141.16 -140.69 -140.22 -139.78 -139.31 -138.88 -138.41 -137.91 -137.41 -136.88 -136.34 -135.78 -135.22 -134.62 -134.03 -133.41 -132.78 -132.16 -131.50
-157.50 -157.16 -156.81 -156.50 -156.16 -155.84 -155.53 -155.22 -154.91 -154.59 -154.28 -154.00 -153.69 -153.38 -153.06 -152.75 -152.47 -152.16 -151.84 -151.53 -151.22 -150.91 -150.59 -150.28 -149.97 -149.66 -149.34 -149.00 -148.69 -148.34 -148.00 -147.69 -147.34 -146.97 -146.62 -146.25 -145.88 -145.47 -145.06 -144.66 -144.25 -143.84 -143.47 -143.09 -142.72 -142.31 -141.84 -141.38 -140.88 -140.38 -139.88 -139.41 -138.97 -138.53 -138.06 -137.59 -137.09 -136.56 -136.00 -135.44 -134.84 -134.28 -133.69 -133.06 -132.44 -131.81 -131.22
-157.72 -157.38 -157.03 -156.69 -156.38 -156.03 -155.72 -155.41 -155.09 -154.78 -154.47 -154.16 -153.84 -153.53 -153.22 -152.91 -152.59 -152.28 -151.97 -151.66 -151.34 -151.03 -150.69 -150.38 -150.06 -149.72 -149.41 -149.06 -148.72 -148.38 -148.03 -147.69 -147.31 -146.97 -146.59 -146.22 -145.81 -145.38 -144.97 -144.53 -144.06 -143.62 -143.22 -142.81 -142.44 -142.06 -141.62 -141.16 -140.66 -140.12 -139.56 -139.03 -138.56 -138.12 -137.69 -137.22 -136.72 -136.12 -135.53 -134.94 -134.38 -133.81 -133.22 -132.66 -132.06 -131.44 -130.84
-157.94 -157.59 -157.25 -156.91 -156.56 -156.25 -155.91 -155.59 -155.28 -154.94 -154.62 -154.31 -154.00 -153.69 -153.38 -153.06 -152.75 -152.41 -152.09 -151.78 -151.47 -151.12 -150.81 -150.47 -150.16 -149.81 -149.47 -149.12 -148.78 -148.41 -148.06 -147.69 -147.31 -146.94 -146.56 -146.16 -145.72 -145.31 -144.84 -144.38 -143.88 -143.41 -142.97 -142.53 -142.12 -141.75 -141.38 -140.94 -140.44 -139.88 -139.34 -138.78 -138.22 -137.75 -137.31 -136.88 -136.34 -135.72 -135.06 -134.38 -133.78 -133.22 -132.66 -132.12 -131.56 -130.97 -130.41
-158.16 -157.81 -157.44 -157.09 -156.75 -156.44 -156.09 -155.78 -155.44 -155.12 -154.81 -154.50 -154.16 -153.84 -153.53 -153.22 -152.88 -152.56 -152.22 -151.91 -151.56 -151.25 -150.91 -150.56 -150.22 -149.88 -149.53 -149.19 -148.81 -148.47 -148.09 -147.72 -147.31 -146.91 -146.50 -146.09 -145.66 -145.22 -144.75 -144.22 -143.69 -143.16 -142.69 -142.22 -141.78 -141.41 -141.03 -140.62 -140.19 -139.66 -139.12 -138.53 -138.00 -137.47 -137.00 -136.53 -136.03 -135.44 -134.75 -134.03 -133.34 -132.72 -132.16 -131.62 -131.09 -130.53 -129.94
