everonasctiles/Tile26,14.asc
ncols 128
nrows 128
xllcorner 0
yllcorner 0
cellsize 2.0
NODATA_value  -9999
[rows 0 to 33 of 128, columns 0 to 77 of 128]
-10.97 -10.97 -10.97 -10.97 -11.00 -11.00 -11.00 -11.00 -11.03 -11.03 -11.06 -11.06 -11.06 -11.09 -11.09 -11.12 -11.16 -11.16 -11.19 -11.16 -11.09 -10.94 -10.75 -10.53 -10.38 -10.19 -10.03 -9.84 -9.66 -9.47 -9.28 -9.06 -8.84 -8.53 -8.28 -7.97 -7.59 -7.28 -6.75 -6.38 -6.00 -5.06 -2.75 -1.94 -1.09 0.22 2.66 4.91 5.88 7.28 9.19 9.75 10.06 10.22 10.34 10.53 10.72 10.91 11.09 11.25 11.47 11.69 11.88 12.09 12.16 12.28 12.44 12.56 12.69 12.84 12.97 13.56 14.94 15.47 16.03 16.62 17.25 17.84
-10.94 -10.94 -10.94 -10.94 -10.94 -10.94 -10.94 -10.97 -10.97 -10.97 -11.00 -11.00 -11.03 -11.03 -11.06 -11.09 -11.09 -11.12 -11.12 -11.12 -11.03 -10.88 -10.69 -10.50 -10.34 -10.16 -10.00 -9.81 -9.66 -9.44 -9.25 -9.03 -8.78 -8.50 -8.19 -7.88 -7.47 -7.12 -6.59 -6.19 -5.75 -4.81 -2.81 -2.19 -1.44 -0.22 3.62 5.31 6.44 8.31 9.62 10.06 10.34 10.53 10.69 10.84 11.03 11.22 11.41 11.59 11.81 12.03 12.25 12.41 12.50 12.59 12.72 12.84 12.97 13.12 13.25 13.38 15.03 15.59 16.12 16.69 17.28 17.88
-10.88 -10.88 -10.88 -10.88 -10.88 -10.88 -10.91 -10.91 -10.91 -10.94 -10.94 -10.97 -10.97 -10.97 -11.00 -11.03 -11.06 -11.06 -11.09 -11.06 -10.97 -10.81 -10.66 -10.47 -10.31 -10.12 -9.97 -9.78 -9.59 -9.41 -9.19 -8.97 -8.75 -8.44 -8.09 -7.78 -7.34 -6.94 -6.41 -5.97 -5.50 -4.50 -2.94 -2.41 -1.72 -0.47 4.44 5.62 7.50 9.28 10.03 10.41 10.66 10.84 11.00 11.16 11.34 11.53 11.75 11.94 12.19 12.44 12.69 12.84 12.94 12.88 13.00 13.12 13.28 13.41 13.53 13.69 14.44 15.72 16.25 16.78 17.34 17.91
-10.81 -10.81 -10.81 -10.81 -10.81 -10.84 -10.84 -10.84 -10.84 -10.88 -10.88 -10.91 -10.91 -10.94 -10.94 -10.97 -11.00 -11.03 -11.03 -11.00 -10.91 -10.75 -10.59 -10.41 -10.25 -10.09 -9.94 -9.75 -9.56 -9.38 -9.12 -8.91 -8.66 -8.38 -8.00 -7.62 -7.16 -6.75 -6.22 -5.72 -5.25 -4.22 -3.06 -2.56 -1.81 0.09 5.12 6.66 8.62 9.94 10.47 10.75 10.97 11.16 11.31 11.50 11.69 11.88 12.12 12.44 12.62 12.81 12.97 13.12 13.28 13.22 13.28 13.44 13.56 13.69 13.91 14.09 14.31 15.62 16.34 16.88 17.41 17.97
-10.75 -10.75 -10.75 -10.75 -10.75 -10.78 -10.78 -10.78 -10.78 -10.81 -10.81 -10.81 -10.84 -10.88 -10.88 -10.91 -10.94 -10.97 -10.97 -10.94 -10.84 -10.69 -10.53 -10.38 -10.22 -10.03 -9.88 -9.72 -9.53 -9.31 -9.06 -8.84 -8.56 -8.28 -7.88 -7.47 -6.97 -6.53 -6.00 -5.47 -4.94 -4.00 -3.16 -2.62 -1.69 0.41 5.53 7.72 9.91 10.50 10.84 11.09 11.28 11.47 11.69 11.91 12.09 12.28 12.53 12.75 12.94 13.09 13.28 13.44 13.56 13.66 13.56 13.72 13.84 14.03 14.22 14.44 14.62 15.00 16.50 16.97 17.50 18.03
-10.69 -10.69 -10.69 -10.69 -10.69 -10.69 -10.72 -10.72 -10.72 -10.72 -10.75 -10.75 -10.78 -10.78 -10.81 -10.84 -10.88 -10.91 -10.91 -10.84 -10.75 -10.62 -10.47 -10.31 -10.16 -10.00 -9.81 -9.66 -9.47 -9.25 -9.00 -8.75 -8.47 -8.16 -7.72 -7.28 -6.78 -6.25 -5.72 -5.19 -4.59 -3.81 -3.19 -2.62 -1.69 0.38 5.66 9.41 10.41 10.94 11.12 11.31 11.53 11.75 11.97 12.22 12.44 12.66 12.88 13.09 13.25 13.41 13.56 13.72 13.88 14.00 13.84 13.97 14.16 14.38 14.56 14.75 14.97 15.16 16.09 17.09 17.56 18.09
-10.62 -10.62 -10.62 -10.62 -10.62 -10.62 -10.62 -10.62 -10.66 -10.66 -10.66 -10.69 -10.69 -10.72 -10.72 -10.78 -10.78 -10.81 -10.81 -10.75 -10.66 -10.53 -10.38 -10.25 -10.09 -9.94 -9.78 -9.59 -9.41 -9.22 -8.94 -8.66 -8.34 -8.00 -7.56 -7.06 -6.53 -5.94 -5.41 -4.88 -4.28 -3.62 -3.19 -2.66 -1.72 0.31 5.19 9.78 10.75 11.06 11.19 11.41 11.66 11.88 12.12 12.41 12.72 13.00 13.25 13.41 13.56 13.72 13.88 14.03 14.19 14.31 14.44 14.28 14.50 14.69 14.91 15.09 15.31 15.50 15.72 17.22 17.72 18.16
-10.56 -10.56 -10.56 -10.56 -10.56 -10.56 -10.56 -10.56 -10.56 -10.59 -10.59 -10.59 -10.62 -10.62 -10.66 -10.69 -10.72 -10.72 -10.69 -10.66 -10.56 -10.44 -10.31 -10.16 -10.00 -9.88 -9.72 -9.53 -9.34 -9.16 -8.84 -8.53 -8.19 -7.84 -7.34 -6.81 -6.28 -5.59 -5.06 -4.50 -3.97 -3.47 -3.09 -2.62 -1.75 0.56 4.16 7.22 10.97 11.00 11.22 11.50 11.75 12.03 12.28 12.53 12.88 13.22 13.44 13.69 13.84 14.00 14.16 14.31 14.47 14.62 14.78 14.75 14.81 15.03 15.22 15.44 15.62 15.84 16.03 16.59 17.88 18.28
-10.50 -10.47 -10.47 -10.47 -10.47 -10.47 -10.47 -10.47 -10.50 -10.50 -10.50 -10.50 -10.53 -10.53 -10.56 -10.59 -10.59 -10.59 -10.56 -10.53 -10.44 -10.34 -10.22 -10.06 -9.94 -9.78 -9.62 -9.47 -9.28 -9.06 -8.75 -8.38 -8.03 -7.66 -7.12 -6.53 -5.94 -5.28 -4.69 -4.12 -3.66 -3.28 -2.94 -2.50 -1.69 1.22 3.41 3.84 10.12 10.88 11.22 11.56 11.88 12.16 12.44 12.69 13.03 13.38 13.66 13.91 14.09 14.25 14.41 14.59 14.75 14.94 15.09 15.28 15.16 15.34 15.56 15.75 15.97 16.16 16.38 16.56 17.69 18.38
-10.41 -10.41 -10.41 -10.41 -10.41 -10.41 -10.41 -10.41 -10.41 -10.41 -10.41 -10.41 -10.44 -10.44 -10.47 -10.50 -10.47 -10.44 -10.41 -10.38 -10.31 -10.22 -10.09 -9.97 -9.84 -9.69 -9.53 -9.38 -9.19 -8.97 -8.66 -8.22 -7.84 -7.41 -6.88 -6.19 -5.53 -4.91 -4.41 -3.78 -3.38 -3.00 -2.62 -2.12 -1.31 1.91 3.31 4.06 8.94 10.81 11.22 11.62 11.97 12.28 12.59 12.88 13.22 13.56 13.84 14.09 14.34 14.56 14.72 14.88 15.06 15.25 15.44 15.59 15.69 15.69 15.88 16.09 16.28 16.50 16.69 16.91 17.19 18.47
-10.31 -10.31 -10.31 -10.31 -10.31 -10.31 -10.31 -10.31 -10.31 -10.31 -10.31 -10.31 -10.34 -10.34 -10.38 -10.38 -10.34 -10.28 -10.25 -10.19 -10.12 -10.06 -9.97 -9.88 -9.75 -9.59 -9.44 -9.28 -9.12 -8.88 -8.56 -8.00 -7.59 -7.16 -6.56 -5.78 -5.12 -4.56 -4.25 -3.44 -3.06 -2.66 -2.16 -1.47 -0.09 2.44 4.22 5.53 9.19 10.91 11.31 11.72 12.09 12.44 12.72 13.03 13.38 13.75 14.00 14.28 14.56 14.81 15.00 15.19 15.34 15.53 15.72 15.91 16.09 16.06 16.22 16.41 16.62 16.81 17.03 17.28 17.50 18.12
-10.25 -10.25 -10.22 -10.22 -10.22 -10.22 -10.22 -10.22 -10.22 -10.22 -10.22 -10.22 -10.22 -10.25 -10.25 -10.22 -10.16 -10.12 -10.09 -10.03 -9.97 -9.88 -9.84 -9.75 -9.62 -9.50 -9.34 -9.19 -9.00 -8.75 -8.41 -7.78 -7.34 -6.84 -6.19 -5.38 -4.72 -4.28 -4.12 -3.09 -2.72 -2.19 -1.53 -0.62 1.38 3.38 5.38 7.53 10.25 11.00 11.44 11.84 12.22 12.53 12.84 13.16 13.56 13.91 14.19 14.47 14.75 15.03 15.25 15.47 15.66 15.84 16.03 16.22 16.41 16.56 16.56 16.75 16.97 17.16 17.38 17.59 17.84 18.06
-10.16 -10.16 -10.12 -10.12 -10.12 -10.12 -10.12 -10.12 -10.12 -10.12 -10.12 -10.12 -10.12 -10.12 -10.09 -10.03 -10.00 -9.94 -9.91 -9.88 -9.81 -9.72 -9.66 -9.59 -9.50 -9.38 -9.22 -9.06 -8.91 -8.66 -8.28 -7.53 -7.03 -6.47 -5.72 -4.91 -4.38 -4.12 -4.00 -2.47 -2.25 -1.62 -0.72 0.53 2.16 4.16 6.59 9.53 10.94 11.12 11.59 11.97 12.31 12.62 12.94 13.25 13.75 14.06 14.34 14.66 14.94 15.22 15.50 15.72 15.94 16.12 16.34 16.53 16.75 16.94 17.00 17.09 17.25 17.50 17.72 17.94 18.19 18.41
-10.03 -10.03 -10.03 -10.03 -10.03 -10.03 -10.03 -10.00 -10.00 -10.00 -10.00 -10.00 -10.00 -9.97 -9.94 -9.88 -9.78 -9.72 -9.69 -9.62 -9.59 -9.53 -9.47 -9.41 -9.38 -9.25 -9.12 -8.94 -8.75 -8.53 -8.09 -7.25 -6.69 -6.00 -5.22 -4.50 -4.12 -4.19 -3.16 -1.56 -1.41 -0.88 0.28 2.00 2.66 5.09 9.06 10.94 11.03 11.38 11.72 12.06 12.41 12.72 13.00 13.38 13.91 14.19 14.50 14.81 15.12 15.41 15.72 15.97 16.25 16.47 16.66 16.88 17.06 17.28 17.44 17.38 17.59 17.81 18.06 18.28 18.53 18.75
-9.94 -9.94 -9.94 -9.94 -9.91 -9.91 -9.91 -9.91 -9.91 -9.88 -9.88 -9.88 -9.84 -9.81 -9.75 -9.69 -9.59 -9.53 -9.44 -9.38 -9.34 -9.31 -9.28 -9.22 -9.19 -9.12 -9.00 -8.81 -8.62 -8.38 -7.91 -6.94 -6.31 -5.50 -4.72 -4.19 -4.09 -4.41 -1.03 -0.69 -0.31 0.19 1.78 3.16 3.69 7.81 10.47 11.06 11.19 11.50 11.84 12.16 12.47 12.78 13.09 13.47 14.03 14.34 14.66 14.97 15.31 15.62 15.94 16.22 16.53 16.81 17.03 17.22 17.41 17.59 17.78 17.91 17.94 18.16 18.41 18.62 18.88 19.09
-9.81 -9.81 -9.81 -9.81 -9.81 -9.81 -9.81 -9.78 -9.78 -9.78 -9.75 -9.75 -9.72 -9.66 -9.59 -9.50 -9.41 -9.31 -9.22 -9.12 -9.06 -9.03 -9.03 -9.00 -8.97 -8.94 -8.84 -8.66 -8.47 -8.22 -7.66 -6.59 -5.88 -4.97 -4.31 -4.06 -4.31 -2.66 -0.41 -0.03 0.56 1.31 3.00 3.84 4.81 9.66 10.94 11.19 11.34 11.62 11.91 12.22 12.56 12.88 13.22 13.59 14.16 14.47 14.78 15.12 15.47 15.81 16.16 16.47 16.81 17.22 17.41 17.59 17.78 17.94 18.12 18.28 18.34 18.50 18.75 18.97 19.19 19.44
-9.69 -9.69 -9.69 -9.69 -9.69 -9.69 -9.69 -9.66 -9.66 -9.66 -9.62 -9.59 -9.53 -9.47 -9.41 -9.31 -9.22 -9.12 -9.03 -8.91 -8.81 -8.75 -8.72 -8.72 -8.72 -8.72 -8.66 -8.50 -8.28 -8.03 -7.38 -6.22 -5.25 -4.50 -4.09 -4.19 -4.16 -0.16 0.16 0.53 1.12 2.06 6.06 10.78 11.28 11.31 11.31 11.31 11.44 11.69 11.97 12.28 12.59 12.97 13.31 13.72 14.25 14.56 14.91 15.25 15.66 16.00 16.38 16.75 17.12 17.66 17.81 17.97 18.16 18.31 18.50 18.69 18.88 18.84 19.06 19.31 19.53 19.78
-9.59 -9.56 -9.56 -9.56 -9.56 -9.56 -9.53 -9.53 -9.53 -9.50 -9.47 -9.44 -9.38 -9.31 -9.22 -9.12 -9.00 -8.91 -8.81 -8.69 -8.56 -8.50 -8.44 -8.41 -8.41 -8.47 -8.47 -8.34 -8.09 -7.81 -7.06 -5.78 -4.72 -4.19 -4.09 -4.22 -0.59 0.28 0.62 1.03 1.56 7.53 11.31 11.34 11.34 11.34 11.34 11.34 11.34 11.69 11.97 12.28 12.62 13.00 13.41 13.78 14.31 14.66 15.00 15.38 15.81 16.19 16.59 17.00 17.44 18.00 18.31 18.44 18.59 18.72 18.88 19.12 19.34 19.38 19.41 19.66 19.88 20.12
-9.47 -9.44 -9.44 -9.44 -9.44 -9.41 -9.41 -9.41 -9.38 -9.38 -9.31 -9.28 -9.19 -9.12 -9.03 -8.91 -8.81 -8.72 -8.59 -8.47 -8.34 -8.25 -8.16 -8.09 -8.06 -8.09 -8.19 -8.12 -7.91 -7.56 -6.75 -5.25 -4.28 -4.06 -3.97 -0.50 0.44 0.69 1.03 1.47 6.00 11.34 11.34 11.34 11.34 11.34 11.34 11.34 11.34 11.62 11.88 12.22 12.56 12.97 13.41 13.81 14.38 14.72 15.09 15.50 15.94 16.38 16.78 17.25 17.69 18.28 18.62 18.84 19.00 19.19 19.31 19.53 19.75 19.91 19.84 20.00 20.22 20.44
-9.34 -9.31 -9.31 -9.28 -9.28 -9.28 -9.25 -9.25 -9.22 -9.22 -9.16 -9.09 -9.03 -8.94 -8.81 -8.72 -8.59 -8.50 -8.38 -8.25 -8.12 -8.03 -7.91 -7.81 -7.72 -7.72 -7.81 -7.88 -7.69 -7.31 -6.25 -4.75 -4.09 -3.84 0.19 0.53 0.78 1.06 1.41 3.09 11.34 11.34 11.34 11.34 11.34 11.34 11.34 11.34 11.34 11.47 11.75 12.09 12.50 12.91 13.34 13.78 14.38 14.78 15.19 15.59 16.06 16.50 16.97 17.44 17.91 18.50 18.84 19.09 19.31 19.50 19.69 19.88 20.12 20.28 20.41 20.34 20.56 20.78
-9.19 -9.19 -9.16 -9.16 -9.12 -9.12 -9.09 -9.09 -9.06 -9.03 -8.97 -8.91 -8.84 -8.72 -8.62 -8.50 -8.41 -8.28 -8.16 -8.03 -7.91 -7.78 -7.66 -7.53 -7.41 -7.34 -7.38 -7.53 -7.44 -7.03 -5.75 -4.38 -4.00 -0.91 0.59 0.88 2.47 8.28 10.94 11.34 11.34 11.34 11.34 11.34 11.34 11.34 11.34 11.38 11.44 11.53 11.75 12.03 12.41 12.84 13.28 13.72 14.34 14.81 15.25 15.69 16.16 16.66 17.12 17.59 18.12 18.62 19.00 19.28 19.53 19.75 19.97 20.22 20.44 20.66 20.81 20.84 20.91 21.12
-9.06 -9.03 -9.03 -9.00 -8.97 -8.97 -8.94 -8.91 -8.91 -8.84 -8.78 -8.72 -8.62 -8.53 -8.41 -8.31 -8.19 -8.06 -7.91 -7.78 -7.66 -7.53 -7.41 -7.28 -7.12 -7.00 -6.97 -7.06 -7.16 -6.72 -5.16 -4.25 -2.38 0.66 0.97 2.53 9.09 9.53 11.16 11.19 11.41 11.53 11.59 11.56 11.53 11.41 11.38 11.44 11.53 11.66 11.84 12.06 12.34 12.72 13.22 13.69 14.31 14.81 15.28 15.78 16.25 16.75 17.25 17.75 18.25 18.72 19.09 19.38 19.69 19.97 20.25 20.50 20.75 21.00 21.16 21.28 21.31 21.47
-8.91 -8.91 -8.88 -8.84 -8.81 -8.81 -8.78 -8.75 -8.72 -8.66 -8.59 -8.53 -8.44 -8.34 -8.22 -8.09 -7.97 -7.84 -7.69 -7.56 -7.44 -7.31 -7.16 -7.03 -6.88 -6.69 -6.59 -6.59 -6.75 -6.31 -4.81 -3.38 0.66 1.00 1.31 5.19 9.31 11.00 11.16 11.38 11.56 11.62 11.66 11.62 11.59 11.56 11.50 11.53 11.62 11.75 11.91 12.09 12.31 12.59 13.09 13.62 14.28 14.81 15.31 15.81 16.31 16.81 17.34 17.84 18.31 18.75 19.16 19.44 19.75 20.12 20.47 20.78 21.03 21.28 21.47 21.62 21.75 21.81
-8.75 -8.75 -8.72 -8.69 -8.66 -8.62 -8.59 -8.56 -8.53 -8.47 -8.41 -8.34 -8.25 -8.12 -8.00 -7.88 -7.75 -7.62 -7.47 -7.34 -7.22 -7.06 -6.91 -6.75 -6.59 -6.41 -6.25 -6.19 -6.28 -5.88 -4.47 -0.34 1.03 1.31 1.59 9.62 11.41 11.50 11.47 11.56 11.72 11.75 11.75 11.72 11.66 11.59 11.56 11.59 11.66 11.75 11.91 12.09 12.31 12.53 13.00 13.59 14.25 14.78 15.31 15.84 16.38 16.91 17.41 17.84 18.31 18.75 19.12 19.47 19.81 20.22 20.66 21.03 21.31 21.56 21.75 21.94 22.06 22.19
-8.62 -8.59 -8.56 -8.53 -8.50 -8.47 -8.44 -8.41 -8.34 -8.28 -8.22 -8.12 -8.03 -7.94 -7.81 -7.69 -7.53 -7.41 -7.25 -7.12 -6.97 -6.81 -6.66 -6.50 -6.34 -6.16 -5.94 -5.84 -5.84 -5.50 -2.34 0.78 1.34 1.56 5.94 9.59 11.28 11.81 11.72 11.84 11.88 11.88 11.84 11.81 11.72 11.62 11.59 11.62 11.69 11.78 11.91 12.09 12.28 12.50 12.97 13.62 14.19 14.75 15.31 15.84 16.38 16.88 17.38 17.84 18.28 18.69 19.06 19.44 19.84 20.28 20.78 21.22 21.53 21.78 22.00 22.19 22.34 22.50
-8.47 -8.44 -8.41 -8.38 -8.34 -8.28 -8.25 -8.22 -8.16 -8.09 -8.03 -7.94 -7.84 -7.72 -7.59 -7.47 -7.31 -7.19 -7.03 -6.91 -6.75 -6.59 -6.44 -6.25 -6.09 -5.88 -5.66 -5.50 -5.44 -5.16 0.00 1.22 1.56 1.78 11.00 11.59 11.88 12.03 12.00 12.06 12.03 11.97 11.91 11.84 11.72 11.62 11.62 11.62 11.69 11.78 11.91 12.06 12.25 12.44 12.91 13.53 14.16 14.72 15.28 15.81 16.38 16.88 17.34 17.81 18.25 18.66 19.03 19.44 19.84 20.34 20.88 21.38 21.72 22.00 22.19 22.38 22.56 22.69
-8.31 -8.28 -8.25 -8.19 -8.16 -8.12 -8.06 -8.03 -7.97 -7.91 -7.84 -7.75 -7.62 -7.53 -7.41 -7.25 -7.09 -6.97 -6.81 -6.69 -6.53 -6.34 -6.19 -6.00 -5.84 -5.66 -5.41 -5.22 -5.12 -4.88 0.00 1.50 1.75 8.72 11.12 11.75 12.12 12.28 12.25 12.22 12.12 12.03 11.97 11.88 11.72 11.66 11.62 11.66 11.69 11.75 11.88 12.03 12.19 12.41 12.91 13.53 14.12 14.69 15.25 15.78 16.34 16.88 17.34 17.81 18.22 18.66 19.03 19.44 19.84 20.38 20.94 21.50 21.88 22.16 22.38 22.56 22.75 22.94
-8.16 -8.09 -8.06 -8.03 -8.00 -7.94 -7.91 -7.84 -7.78 -7.72 -7.62 -7.53 -7.44 -7.31 -7.19 -7.06 -6.91 -6.75 -6.62 -6.47 -6.31 -6.12 -5.97 -5.78 -5.59 -5.41 -5.19 -4.97 -4.81 -4.62 -0.34 1.66 3.16 11.28 11.50 12.09 12.38 12.50 12.44 12.31 12.22 12.09 11.97 11.84 11.72 11.66 11.62 11.62 11.66 11.72 11.81 11.97 12.06 12.34 12.94 13.53 14.12 14.69 15.25 15.78 16.34 16.88 17.38 17.81 18.25 18.66 19.06 19.47 19.91 20.38 20.97 21.53 21.97 22.28 22.50 22.75 22.91 23.09
-8.00 -7.94 -7.91 -7.88 -7.81 -7.75 -7.72 -7.66 -7.59 -7.53 -7.44 -7.34 -7.25 -7.12 -7.00 -6.84 -6.69 -6.56 -6.41 -6.25 -6.09 -5.91 -5.75 -5.56 -5.38 -5.19 -5.00 -4.75 -4.59 -4.41 -0.66 1.81 9.47 11.34 11.94 12.41 12.56 12.69 12.62 12.44 12.25 12.09 11.94 11.84 11.72 11.66 11.62 11.62 11.62 11.69 11.78 11.84 11.88 12.34 12.97 13.56 14.16 14.75 15.31 15.84 16.41 16.91 17.41 17.88 18.31 18.69 19.06 19.47 19.91 20.44 21.09 21.59 22.03 22.34 22.59 22.81 23.03 23.22
-7.81 -7.78 -7.75 -7.69 -7.62 -7.59 -7.53 -7.47 -7.41 -7.34 -7.25 -7.16 -7.03 -6.94 -6.81 -6.66 -6.50 -6.34 -6.19 -6.03 -5.88 -5.72 -5.53 -5.34 -5.19 -5.00 -4.78 -4.56 -4.38 -4.25 -0.88 1.94 11.00 11.34 12.12 12.59 12.69 12.78 12.75 12.59 12.28 12.09 11.91 11.78 11.69 11.62 11.59 11.59 11.59 11.62 11.69 11.72 11.81 12.44 13.06 13.66 14.25 14.84 15.41 15.94 16.50 17.03 17.50 17.94 18.38 18.75 19.12 19.53 19.97 20.53 21.12 21.62 22.03 22.41 22.69 22.94 23.16 23.34
-7.66 -7.62 -7.56 -7.50 -7.47 -7.41 -7.34 -7.28 -7.22 -7.12 -7.06 -6.97 -6.84 -6.72 -6.59 -6.47 -6.31 -6.16 -6.00 -5.84 -5.66 -5.50 -5.34 -5.16 -4.97 -4.81 -4.62 -4.38 -4.19 -4.12 -1.00 2.03 11.16 11.34 12.03 12.72 12.78 12.84 12.81 12.66 12.31 12.09 11.88 11.75 11.69 11.62 11.59 11.56 11.59 11.62 11.66 11.62 11.88 12.53 13.19 13.78 14.38 14.97 15.53 16.06 16.62 17.12 17.62 18.09 18.47 18.81 19.16 19.59 20.12 20.69 21.19 21.62 22.03 22.41 22.72 22.97 23.22 23.47
-7.50 -7.44 -7.41 -7.34 -7.28 -7.22 -7.16 -7.09 -7.03 -6.94 -6.84 -6.75 -6.66 -6.53 -6.41 -6.28 -6.09 -5.94 -5.78 -5.62 -5.47 -5.31 -5.12 -4.97 -4.78 -4.62 -4.44 -4.22 -4.06 -4.00 -1.47 2.09 10.91 11.34 11.66 12.69 12.94 12.94 12.84 12.72 12.34 12.06 11.81 11.69 11.62 11.59 11.56 11.53 11.56 11.59 11.62 11.53 12.06 12.72 13.38 13.97 14.56 15.12 15.69 16.22 16.78 17.31 17.78 18.22 18.59 18.91 19.25 19.75 20.22 20.72 21.22 21.66 22.03 22.44 22.75 23.06 23.31 23.56
-7.34 -7.28 -7.22 -7.16 -7.09 -7.03 -6.97 -6.91 -6.84 -6.75 -6.66 -6.56 -6.44 -6.34 -6.22 -6.06 -5.91 -5.75 -5.59 -5.44 -5.28 -5.12 -4.94 -4.78 -4.62 -4.44 -4.28 -4.06 -3.91 -3.88 -3.88 2.16 8.81 11.31 11.34 12.25 13.00 13.19 13.16 12.88 12.38 11.97 11.75 11.62 11.56 11.53 11.50 11.50 11.53 11.59 11.62 11.59 12.34 12.97 13.59 14.19 14.75 15.31 15.88 16.44 16.97 17.50 17.94 18.34 18.69 19.03 19.38 19.81 20.31 20.72 21.19 21.59 22.00 22.44 22.81 23.09 23.38 23.66
-7.19 -7.12 -7.06 -7.00 -6.94 -6.88 -6.78 -6.72 -6.66 -6.56 -6.47 -6.38 -6.25 -6.12 -6.00 -5.88 -5.72 -5.56 -5.41 -5.25 -5.09 -4.94 -4.78 -4.59 -4.44 -4.28 -4.12 -3.94 -3.78 -3.78 -4.09 -1.78 2.38 9.94 11.31 11.66 12.28 12.78 12.97 12.78 12.28 11.72 11.59 11.53 11.47 11.44 11.44 11.47 11.53 11.59 11.62 11.78 12.62 13.22 13.81 14.41 15.00 15.53 16.09 16.62 17.16 17.66 18.12 18.50 18.84 19.16 19.47 19.84 20.31 20.75 21.16 21.56 21.97 22.44 22.81 23.12 23.44 23.75
