everonasctiles/Tile[32,47].asc
ncols 128
nrows 128
xllcorner 0
yllcorner 0
cellsize 2.0
NODATA_value  -9999
[rows 0 to 31 of 128, columns 0 to 70 of 128]
-94.81 -94.81 -94.81 -94.81 -94.81 -94.81 -94.81 -94.81 -94.81 -94.78 -94.78 -94.75 -94.75 -94.78 -94.78 -94.72 -94.66 -94.53 -94.38 -94.22 -94.16 -94.22 -94.34 -94.44 -94.56 -94.66 -94.78 -94.84 -94.84 -94.84 -94.81 -94.78 -94.72 -94.62 -94.50 -94.38 -94.22 -94.06 -93.84 -93.66 -93.41 -93.19 -92.94 -92.69 -92.41 -92.31 -92.50 -92.66 -92.78 -92.91 -93.00 -93.06 -93.06 -93.00 -92.91 -92.75 -92.59 -92.38 -92.19 -91.97 -91.75 -91.62 -91.59 -91.59 -91.56 -91.50 -91.44 -91.38 -91.28 -91.19 -91.06
-94.72 -94.72 -94.72 -94.69 -94.66 -94.62 -94.62 -94.59 -94.56 -94.53 -94.50 -94.47 -94.47 -94.50 -94.50 -94.47 -94.41 -94.31 -94.19 -94.06 -93.97 -94.06 -94.16 -94.28 -94.41 -94.50 -94.59 -94.66 -94.69 -94.66 -94.66 -94.62 -94.56 -94.44 -94.31 -94.19 -94.06 -93.91 -93.72 -93.53 -93.31 -93.06 -92.81 -92.59 -92.34 -92.19 -92.34 -92.50 -92.62 -92.72 -92.81 -92.88 -92.88 -92.84 -92.75 -92.62 -92.47 -92.28 -92.06 -91.88 -91.72 -91.59 -91.50 -91.47 -91.44 -91.41 -91.38 -91.31 -91.25 -91.19 -91.06
-94.59 -94.59 -94.59 -94.56 -94.53 -94.47 -94.41 -94.34 -94.28 -94.22 -94.16 -94.16 -94.16 -94.19 -94.19 -94.19 -94.16 -94.06 -93.97 -93.84 -93.81 -93.88 -93.97 -94.09 -94.22 -94.34 -94.44 -94.47 -94.47 -94.47 -94.47 -94.44 -94.38 -94.25 -94.12 -94.00 -93.84 -93.72 -93.56 -93.38 -93.16 -92.94 -92.72 -92.50 -92.28 -92.16 -92.25 -92.34 -92.47 -92.56 -92.62 -92.69 -92.72 -92.69 -92.62 -92.50 -92.34 -92.19 -92.00 -91.84 -91.69 -91.59 -91.50 -91.44 -91.41 -91.38 -91.34 -91.28 -91.25 -91.16 -91.06
-94.44 -94.47 -94.44 -94.41 -94.34 -94.28 -94.22 -94.12 -94.00 -93.91 -93.81 -93.78 -93.81 -93.84 -93.88 -93.88 -93.84 -93.81 -93.72 -93.66 -93.62 -93.69 -93.78 -93.91 -94.06 -94.16 -94.22 -94.25 -94.25 -94.28 -94.28 -94.25 -94.19 -94.06 -93.94 -93.78 -93.62 -93.47 -93.34 -93.16 -92.97 -92.78 -92.59 -92.41 -92.22 -92.09 -92.16 -92.25 -92.31 -92.38 -92.44 -92.50 -92.53 -92.53 -92.50 -92.41 -92.28 -92.12 -91.97 -91.81 -91.69 -91.59 -91.50 -91.44 -91.41 -91.38 -91.31 -91.28 -91.22 -91.16 -91.06
-94.25 -94.28 -94.28 -94.25 -94.19 -94.09 -94.00 -93.88 -93.72 -93.56 -93.44 -93.41 -93.44 -93.44 -93.50 -93.53 -93.53 -93.50 -93.44 -93.41 -93.41 -93.47 -93.59 -93.72 -93.84 -93.94 -94.00 -94.03 -94.03 -94.06 -94.09 -94.09 -94.00 -93.88 -93.72 -93.53 -93.38 -93.25 -93.09 -92.94 -92.78 -92.59 -92.44 -92.28 -92.12 -92.03 -92.06 -92.12 -92.19 -92.22 -92.28 -92.34 -92.38 -92.41 -92.38 -92.28 -92.19 -92.06 -91.94 -91.81 -91.69 -91.59 -91.53 -91.47 -91.44 -91.38 -91.31 -91.25 -91.19 -91.12 -91.03
-94.03 -94.09 -94.09 -94.06 -94.00 -93.91 -93.78 -93.62 -93.44 -93.22 -93.03 -92.97 -93.00 -93.03 -93.09 -93.12 -93.16 -93.16 -93.12 -93.12 -93.12 -93.22 -93.38 -93.50 -93.62 -93.69 -93.75 -93.78 -93.81 -93.88 -93.91 -93.88 -93.81 -93.69 -93.50 -93.31 -93.12 -93.00 -92.84 -92.72 -92.56 -92.41 -92.28 -92.12 -92.00 -91.94 -91.94 -92.00 -92.06 -92.09 -92.12 -92.19 -92.22 -92.25 -92.22 -92.16 -92.09 -92.00 -91.88 -91.78 -91.69 -91.62 -91.53 -91.47 -91.44 -91.38 -91.31 -91.25 -91.19 -91.09 -91.00
-93.81 -93.88 -93.91 -93.88 -93.78 -93.66 -93.53 -93.34 -93.12 -92.88 -92.56 -92.44 -92.56 -92.59 -92.66 -92.72 -92.78 -92.81 -92.81 -92.81 -92.84 -92.97 -93.09 -93.25 -93.34 -93.44 -93.50 -93.53 -93.59 -93.66 -93.69 -93.66 -93.59 -93.47 -93.28 -93.09 -92.91 -92.75 -92.62 -92.50 -92.38 -92.25 -92.09 -91.97 -91.91 -91.84 -91.84 -91.91 -91.94 -91.97 -92.00 -92.03 -92.06 -92.09 -92.09 -92.03 -91.97 -91.91 -91.84 -91.75 -91.69 -91.62 -91.56 -91.50 -91.44 -91.38 -91.31 -91.25 -91.16 -91.06 -90.97
-93.53 -93.62 -93.69 -93.62 -93.53 -93.41 -93.25 -93.06 -92.84 -92.53 -92.09 -91.84 -92.03 -92.12 -92.19 -92.28 -92.34 -92.41 -92.44 -92.47 -92.53 -92.66 -92.81 -92.94 -93.06 -93.16 -93.22 -93.31 -93.38 -93.41 -93.44 -93.44 -93.38 -93.25 -93.09 -92.88 -92.66 -92.50 -92.38 -92.28 -92.19 -92.06 -91.94 -91.84 -91.75 -91.75 -91.75 -91.78 -91.81 -91.84 -91.88 -91.91 -91.94 -91.94 -91.94 -91.94 -91.88 -91.84 -91.78 -91.72 -91.66 -91.59 -91.56 -91.50 -91.44 -91.38 -91.31 -91.22 -91.12 -91.03 -90.94
-93.25 -93.38 -93.44 -93.41 -93.28 -93.16 -93.00 -92.78 -92.53 -92.19 -91.66 -91.28 -91.34 -91.59 -91.72 -91.81 -91.91 -92.00 -92.03 -92.09 -92.16 -92.31 -92.47 -92.62 -92.75 -92.84 -92.94 -93.06 -93.12 -93.16 -93.16 -93.16 -93.12 -93.03 -92.88 -92.66 -92.44 -92.28 -92.16 -92.06 -92.00 -91.88 -91.78 -91.69 -91.62 -91.62 -91.66 -91.69 -91.72 -91.75 -91.75 -91.78 -91.81 -91.81 -91.84 -91.81 -91.78 -91.75 -91.69 -91.66 -91.62 -91.59 -91.53 -91.47 -91.44 -91.34 -91.28 -91.19 -91.09 -90.97 -90.84
-92.94 -93.06 -93.16 -93.12 -93.00 -92.88 -92.69 -92.50 -92.22 -91.84 -91.31 -90.75 -90.66 -90.97 -91.19 -91.31 -91.44 -91.56 -91.62 -91.69 -91.78 -91.97 -92.12 -92.28 -92.44 -92.56 -92.69 -92.78 -92.84 -92.88 -92.88 -92.88 -92.84 -92.78 -92.66 -92.47 -92.25 -92.09 -91.97 -91.88 -91.78 -91.72 -91.59 -91.53 -91.50 -91.50 -91.53 -91.59 -91.62 -91.62 -91.66 -91.66 -91.69 -91.72 -91.72 -91.72 -91.69 -91.66 -91.62 -91.59 -91.56 -91.53 -91.50 -91.47 -91.41 -91.34 -91.25 -91.12 -91.03 -90.91 -90.75
-92.59 -92.72 -92.81 -92.81 -92.69 -92.56 -92.38 -92.19 -91.91 -91.53 -91.03 -90.38 -90.06 -90.28 -90.66 -90.81 -90.94 -91.06 -91.16 -91.25 -91.41 -91.59 -91.78 -91.94 -92.09 -92.25 -92.38 -92.50 -92.56 -92.56 -92.56 -92.56 -92.56 -92.50 -92.41 -92.25 -92.09 -91.91 -91.78 -91.69 -91.62 -91.53 -91.44 -91.38 -91.38 -91.38 -91.44 -91.50 -91.53 -91.53 -91.53 -91.56 -91.56 -91.59 -91.62 -91.62 -91.59 -91.56 -91.53 -91.53 -91.50 -91.50 -91.47 -91.44 -91.38 -91.28 -91.19 -91.06 -90.94 -90.81 -90.66
-92.19 -92.38 -92.47 -92.47 -92.34 -92.19 -92.03 -91.84 -91.59 -91.22 -90.75 -90.22 -89.62 -89.66 -90.09 -90.34 -90.47 -90.59 -90.72 -90.84 -91.03 -91.22 -91.44 -91.62 -91.78 -91.94 -92.06 -92.19 -92.25 -92.25 -92.25 -92.25 -92.28 -92.25 -92.16 -92.03 -91.88 -91.72 -91.59 -91.50 -91.44 -91.38 -91.28 -91.25 -91.25 -91.28 -91.34 -91.41 -91.44 -91.44 -91.44 -91.47 -91.47 -91.50 -91.50 -91.50 -91.47 -91.47 -91.44 -91.44 -91.44 -91.44 -91.41 -91.38 -91.31 -91.22 -91.12 -91.00 -90.84 -90.72 -90.56
-91.78 -91.97 -92.06 -92.06 -91.97 -91.81 -91.62 -91.47 -91.22 -90.88 -90.47 -90.00 -89.38 -89.12 -89.47 -89.81 -89.97 -90.12 -90.28 -90.44 -90.66 -90.88 -91.09 -91.28 -91.47 -91.59 -91.72 -91.84 -91.91 -91.94 -91.94 -91.97 -92.00 -92.00 -91.91 -91.78 -91.66 -91.53 -91.41 -91.31 -91.25 -91.19 -91.16 -91.12 -91.12 -91.19 -91.25 -91.31 -91.34 -91.34 -91.34 -91.38 -91.38 -91.41 -91.41 -91.38 -91.38 -91.34 -91.34 -91.34 -91.34 -91.34 -91.31 -91.28 -91.22 -91.12 -91.00 -90.88 -90.75 -90.59 -90.44
-91.34 -91.56 -91.66 -91.66 -91.53 -91.38 -91.19 -91.00 -90.78 -90.47 -90.09 -89.69 -89.22 -88.72 -88.84 -89.25 -89.50 -89.66 -89.84 -90.06 -90.31 -90.56 -90.78 -90.97 -91.12 -91.25 -91.38 -91.47 -91.53 -91.59 -91.62 -91.69 -91.72 -91.75 -91.69 -91.56 -91.44 -91.31 -91.22 -91.12 -91.09 -91.03 -91.00 -91.00 -91.03 -91.06 -91.16 -91.22 -91.25 -91.28 -91.25 -91.25 -91.28 -91.28 -91.28 -91.25 -91.25 -91.22 -91.22 -91.22 -91.22 -91.22 -91.22 -91.19 -91.09 -91.00 -90.88 -90.75 -90.59 -90.44 -90.28
-90.91 -91.09 -91.25 -91.25 -91.09 -90.91 -90.72 -90.53 -90.28 -90.00 -89.66 -89.28 -88.94 -88.38 -88.28 -88.66 -89.00 -89.19 -89.44 -89.69 -89.97 -90.22 -90.44 -90.62 -90.75 -90.84 -90.97 -91.06 -91.16 -91.25 -91.31 -91.41 -91.47 -91.50 -91.47 -91.38 -91.25 -91.12 -91.00 -90.94 -90.91 -90.88 -90.88 -90.88 -90.94 -90.97 -91.06 -91.12 -91.16 -91.19 -91.16 -91.16 -91.16 -91.16 -91.16 -91.12 -91.09 -91.09 -91.09 -91.09 -91.09 -91.09 -91.09 -91.03 -90.97 -90.84 -90.72 -90.56 -90.38 -90.19 -90.03
-90.41 -90.66 -90.81 -90.78 -90.66 -90.44 -90.25 -90.03 -89.78 -89.50 -89.16 -88.84 -88.53 -87.97 -87.75 -88.09 -88.47 -88.75 -89.03 -89.31 -89.62 -89.88 -90.09 -90.22 -90.31 -90.44 -90.56 -90.69 -90.78 -90.91 -91.03 -91.12 -91.22 -91.28 -91.25 -91.19 -91.06 -90.94 -90.84 -90.78 -90.75 -90.75 -90.75 -90.78 -90.81 -90.88 -90.94 -91.00 -91.06 -91.06 -91.06 -91.03 -91.00 -91.00 -91.00 -90.97 -90.94 -90.94 -90.94 -90.94 -90.94 -90.94 -90.94 -90.88 -90.81 -90.69 -90.53 -90.34 -90.12 -89.94 -89.75
-89.94 -90.19 -90.34 -90.34 -90.19 -90.00 -89.75 -89.53 -89.28 -88.97 -88.66 -88.38 -88.03 -87.50 -87.25 -87.56 -88.00 -88.31 -88.62 -88.97 -89.25 -89.50 -89.69 -89.78 -89.88 -90.00 -90.12 -90.25 -90.41 -90.56 -90.72 -90.88 -91.00 -91.06 -91.06 -91.00 -90.88 -90.75 -90.66 -90.59 -90.59 -90.59 -90.62 -90.66 -90.69 -90.75 -90.81 -90.88 -90.94 -90.94 -90.94 -90.91 -90.88 -90.88 -90.84 -90.81 -90.78 -90.75 -90.75 -90.75 -90.75 -90.75 -90.75 -90.69 -90.62 -90.50 -90.31 -90.09 -89.88 -89.66 -89.44
-89.44 -89.72 -89.84 -89.84 -89.72 -89.53 -89.25 -89.00 -88.75 -88.47 -88.16 -87.78 -87.38 -86.97 -86.78 -87.09 -87.56 -87.91 -88.25 -88.59 -88.88 -89.06 -89.22 -89.34 -89.41 -89.47 -89.59 -89.78 -90.03 -90.25 -90.47 -90.66 -90.78 -90.84 -90.84 -90.78 -90.69 -90.59 -90.50 -90.44 -90.44 -90.47 -90.50 -90.53 -90.56 -90.62 -90.69 -90.75 -90.81 -90.81 -90.78 -90.75 -90.72 -90.69 -90.69 -90.66 -90.59 -90.56 -90.53 -90.53 -90.50 -90.50 -90.50 -90.47 -90.41 -90.25 -90.06 -89.84 -89.59 -89.31 -89.09
-88.97 -89.19 -89.31 -89.34 -89.25 -89.06 -88.78 -88.53 -88.25 -87.94 -87.62 -87.12 -86.69 -86.38 -86.31 -86.75 -87.12 -87.50 -87.84 -88.16 -88.41 -88.62 -88.75 -88.84 -88.88 -88.94 -89.09 -89.38 -89.72 -89.97 -90.22 -90.41 -90.53 -90.59 -90.62 -90.56 -90.50 -90.41 -90.34 -90.28 -90.31 -90.34 -90.38 -90.41 -90.47 -90.50 -90.56 -90.62 -90.66 -90.69 -90.66 -90.59 -90.56 -90.53 -90.50 -90.47 -90.41 -90.38 -90.31 -90.28 -90.25 -90.25 -90.25 -90.22 -90.12 -89.97 -89.78 -89.53 -89.28 -89.00 -88.72
-88.47 -88.66 -88.78 -88.81 -88.72 -88.56 -88.31 -88.03 -87.75 -87.44 -87.09 -86.56 -86.06 -85.78 -85.91 -86.38 -86.75 -87.09 -87.41 -87.72 -87.94 -88.12 -88.28 -88.34 -88.34 -88.41 -88.75 -89.12 -89.47 -89.72 -89.97 -90.16 -90.28 -90.34 -90.38 -90.34 -90.28 -90.22 -90.16 -90.16 -90.16 -90.22 -90.28 -90.31 -90.34 -90.41 -90.47 -90.50 -90.53 -90.53 -90.47 -90.44 -90.38 -90.31 -90.28 -90.25 -90.22 -90.16 -90.06 -90.00 -89.97 -89.94 -89.94 -89.91 -89.81 -89.66 -89.44 -89.19 -88.91 -88.62 -88.34
-87.94 -88.09 -88.19 -88.25 -88.19 -88.03 -87.81 -87.56 -87.25 -86.94 -86.59 -86.06 -85.47 -85.22 -85.44 -86.00 -86.34 -86.66 -86.94 -87.22 -87.47 -87.66 -87.81 -87.88 -87.94 -88.19 -88.56 -88.94 -89.22 -89.50 -89.72 -89.88 -90.03 -90.09 -90.12 -90.09 -90.06 -90.00 -89.97 -90.00 -90.03 -90.09 -90.16 -90.22 -90.25 -90.28 -90.31 -90.38 -90.38 -90.34 -90.31 -90.22 -90.16 -90.12 -90.09 -90.06 -90.03 -89.94 -89.81 -89.69 -89.62 -89.62 -89.59 -89.56 -89.47 -89.28 -89.06 -88.78 -88.47 -88.19 -87.91
-87.38 -87.53 -87.62 -87.69 -87.66 -87.50 -87.28 -87.03 -86.75 -86.44 -86.12 -85.59 -84.94 -84.66 -84.91 -85.50 -85.94 -86.22 -86.50 -86.75 -87.00 -87.22 -87.38 -87.53 -87.75 -88.09 -88.44 -88.72 -89.00 -89.22 -89.44 -89.59 -89.75 -89.81 -89.84 -89.84 -89.81 -89.78 -89.78 -89.81 -89.88 -89.97 -90.03 -90.09 -90.09 -90.12 -90.16 -90.19 -90.19 -90.16 -90.09 -90.00 -89.94 -89.91 -89.88 -89.84 -89.81 -89.72 -89.56 -89.38 -89.28 -89.22 -89.22 -89.19 -89.09 -88.91 -88.62 -88.31 -88.00 -87.69 -87.41
-86.81 -86.94 -87.06 -87.12 -87.09 -86.97 -86.75 -86.50 -86.25 -85.94 -85.62 -85.09 -84.41 -84.06 -84.28 -84.78 -85.31 -85.75 -86.03 -86.28 -86.56 -86.81 -87.06 -87.34 -87.66 -87.97 -88.25 -88.50 -88.75 -88.94 -89.12 -89.31 -89.44 -89.53 -89.59 -89.59 -89.56 -89.56 -89.59 -89.62 -89.72 -89.78 -89.88 -89.91 -89.94 -89.94 -89.97 -90.00 -89.97 -89.94 -89.84 -89.78 -89.69 -89.66 -89.62 -89.62 -89.59 -89.50 -89.31 -89.09 -88.88 -88.78 -88.78 -88.75 -88.69 -88.50 -88.22 -87.88 -87.50 -87.16 -86.88
-86.28 -86.38 -86.50 -86.59 -86.56 -86.44 -86.22 -85.97 -85.75 -85.47 -85.12 -84.62 -83.88 -83.47 -83.56 -84.00 -84.50 -85.03 -85.50 -85.81 -86.16 -86.50 -86.84 -87.19 -87.50 -87.78 -88.03 -88.25 -88.44 -88.62 -88.81 -89.00 -89.16 -89.25 -89.31 -89.31 -89.31 -89.31 -89.34 -89.41 -89.50 -89.59 -89.66 -89.69 -89.72 -89.72 -89.72 -89.72 -89.72 -89.69 -89.59 -89.50 -89.41 -89.34 -89.34 -89.34 -89.34 -89.28 -89.09 -88.81 -88.50 -88.31 -88.28 -88.28 -88.22 -88.06 -87.78 -87.41 -86.97 -86.59 -86.34
-85.69 -85.81 -85.94 -86.03 -86.06 -85.94 -85.72 -85.50 -85.25 -85.00 -84.66 -84.22 -83.44 -82.91 -82.88 -83.25 -83.81 -84.44 -85.03 -85.47 -85.88 -86.28 -86.66 -87.00 -87.28 -87.53 -87.75 -87.91 -88.09 -88.31 -88.50 -88.69 -88.84 -88.94 -89.00 -89.00 -89.00 -89.03 -89.06 -89.16 -89.25 -89.31 -89.41 -89.44 -89.44 -89.44 -89.44 -89.44 -89.44 -89.38 -89.31 -89.19 -89.09 -89.03 -89.00 -89.03 -89.06 -89.00 -88.84 -88.59 -88.25 -87.91 -87.75 -87.75 -87.72 -87.56 -87.31 -86.91 -86.50 -86.06 -85.78
-85.16 -85.25 -85.41 -85.50 -85.53 -85.44 -85.28 -85.03 -84.81 -84.56 -84.25 -83.84 -83.12 -82.44 -82.28 -82.69 -83.38 -84.12 -84.75 -85.19 -85.62 -86.03 -86.41 -86.75 -87.00 -87.22 -87.41 -87.56 -87.78 -87.97 -88.19 -88.38 -88.53 -88.62 -88.66 -88.66 -88.69 -88.72 -88.78 -88.84 -88.94 -89.03 -89.09 -89.12 -89.12 -89.09 -89.06 -89.06 -89.06 -89.06 -88.97 -88.84 -88.75 -88.66 -88.62 -88.69 -88.72 -88.72 -88.59 -88.34 -88.03 -87.59 -87.28 -87.22 -87.19 -87.06 -86.81 -86.44 -86.00 -85.56 -85.22
-84.62 -84.72 -84.88 -84.97 -85.03 -84.97 -84.84 -84.62 -84.41 -84.16 -83.84 -83.50 -82.91 -82.16 -81.88 -82.34 -83.12 -83.97 -84.50 -84.94 -85.34 -85.75 -86.12 -86.41 -86.66 -86.84 -87.03 -87.22 -87.44 -87.62 -87.84 -88.03 -88.19 -88.25 -88.28 -88.31 -88.31 -88.38 -88.44 -88.50 -88.59 -88.69 -88.75 -88.78 -88.78 -88.72 -88.66 -88.66 -88.66 -88.66 -88.59 -88.47 -88.34 -88.22 -88.22 -88.28 -88.34 -88.34 -88.28 -88.06 -87.75 -87.38 -86.94 -86.72 -86.66 -86.50 -86.28 -85.94 -85.50 -85.09 -84.69
-84.16 -84.25 -84.38 -84.47 -84.53 -84.53 -84.44 -84.25 -84.03 -83.78 -83.47 -83.16 -82.69 -81.97 -81.62 -82.09 -82.94 -83.72 -84.19 -84.62 -85.06 -85.44 -85.78 -86.03 -86.25 -86.47 -86.66 -86.88 -87.06 -87.28 -87.50 -87.66 -87.81 -87.88 -87.91 -87.94 -87.97 -88.00 -88.03 -88.09 -88.19 -88.28 -88.38 -88.41 -88.38 -88.28 -88.22 -88.19 -88.19 -88.19 -88.12 -88.03 -87.91 -87.78 -87.75 -87.81 -87.91 -87.94 -87.91 -87.75 -87.47 -87.12 -86.72 -86.34 -86.12 -85.97 -85.72 -85.41 -85.00 -84.59 -84.19
-83.69 -83.81 -83.91 -84.00 -84.06 -84.06 -84.03 -83.88 -83.69 -83.44 -83.16 -82.84 -82.44 -81.78 -81.41 -81.91 -82.72 -83.41 -83.88 -84.31 -84.72 -85.06 -85.38 -85.62 -85.84 -86.06 -86.28 -86.50 -86.69 -86.91 -87.09 -87.28 -87.44 -87.53 -87.56 -87.56 -87.56 -87.59 -87.62 -87.69 -87.78 -87.88 -87.97 -88.00 -87.94 -87.84 -87.75 -87.69 -87.69 -87.69 -87.62 -87.53 -87.41 -87.28 -87.22 -87.31 -87.44 -87.50 -87.47 -87.34 -87.12 -86.81 -86.44 -86.03 -85.69 -85.44 -85.16 -84.88 -84.50 -84.09 -83.69
-83.31 -83.41 -83.47 -83.56 -83.59 -83.62 -83.62 -83.53 -83.38 -83.12 -82.84 -82.53 -82.19 -81.62 -81.25 -81.75 -82.53 -83.09 -83.53 -83.97 -84.34 -84.62 -84.91 -85.19 -85.44 -85.66 -85.91 -86.09 -86.31 -86.50 -86.72 -86.91 -87.06 -87.16 -87.19 -87.19 -87.19 -87.19 -87.19 -87.19 -87.31 -87.44 -87.53 -87.53 -87.44 -87.34 -87.22 -87.16 -87.12 -87.12 -87.06 -86.97 -86.88 -86.75 -86.66 -86.78 -86.94 -87.03 -87.03 -86.88 -86.66 -86.41 -86.09 -85.69 -85.31 -84.94 -84.62 -84.31 -83.97 -83.59 -83.19
-82.97 -83.03 -83.09 -83.12 -83.19 -83.22 -83.25 -83.19 -83.03 -82.81 -82.56 -82.25 -81.94 -81.47 -81.16 -81.69 -82.31 -82.78 -83.22 -83.59 -83.91 -84.16 -84.44 -84.72 -85.03 -85.28 -85.50 -85.72 -85.91 -86.12 -86.34 -86.56 -86.72 -86.81 -86.81 -86.78 -86.75 -86.72 -86.66 -86.69 -86.84 -86.97 -87.06 -87.03 -86.94 -86.81 -86.66 -86.56 -86.53 -86.50 -86.47 -86.38 -86.31 -86.19 -86.06 -86.19 -86.44 -86.56 -86.56 -86.41 -86.19 -85.91 -85.62 -85.28 -84.88 -84.47 -84.09 -83.75 -83.44 -83.06 -82.69
-82.66 -82.69 -82.72 -82.75 -82.78 -82.84 -82.84 -82.81 -82.69 -82.50 -82.25 -81.97 -81.69 -81.31 -81.06 -81.56 -82.06 -82.47 -82.84 -83.12 -83.41 -83.66 -83.97 -84.31 -84.62 -84.91 -85.12 -85.31 -85.53 -85.75 -86.00 -86.22 -86.38 -86.47 -86.44 -86.41 -86.31 -86.25 -86.09 -86.12 -86.31 -86.47 -86.56 -86.53 -86.41 -86.28 -86.09 -85.97 -85.88 -85.88 -85.81 -85.78 -85.69 -85.56 -85.41 -85.62 -85.91 -86.06 -86.09 -85.94 -85.69 -85.41 -85.09 -84.78 -84.41 -83.97 -83.56 -83.22 -82.88 -82.53 -82.19
