everonasctiles/Tile20,38.asc
ncols 128
nrows 128
xllcorner 0
yllcorner 0
cellsize 2.0
NODATA_value  -9999
[rows 0 to 33 of 128, columns 0 to 76 of 128]
28.59 28.59 28.62 28.66 28.66 28.66 28.66 28.66 28.62 28.62 28.56 28.56 28.53 28.50 28.47 28.44 28.41 28.41 28.41 28.41 28.41 28.41 28.41 28.38 28.38 28.34 28.34 28.31 28.31 28.28 28.25 28.25 28.22 28.19 28.12 28.09 28.03 27.97 27.94 27.88 27.81 27.78 27.72 27.66 27.59 27.53 27.50 27.41 27.34 27.28 27.19 27.09 26.19 25.91 25.84 25.78 25.72 25.66 25.62 25.75 26.22 26.16 26.03 25.94 25.81 25.69 25.59 25.50 25.38 25.28 25.16 25.09 25.00 24.91 24.81 24.72 24.62
28.59 28.62 28.66 28.66 28.66 28.66 28.66 28.66 28.62 28.59 28.56 28.56 28.50 28.47 28.44 28.44 28.41 28.41 28.41 28.38 28.38 28.38 28.38 28.38 28.34 28.34 28.34 28.31 28.28 28.28 28.25 28.25 28.22 28.19 28.12 28.09 28.03 27.97 27.94 27.88 27.81 27.78 27.72 27.66 27.59 27.53 27.47 27.41 27.34 27.28 27.19 27.09 27.00 26.47 25.81 25.75 25.69 25.62 25.56 25.53 25.44 25.62 25.97 25.91 25.81 25.69 25.59 25.47 25.34 25.25 25.16 25.06 24.97 24.88 24.78 24.69 24.59
28.62 28.62 28.66 28.66 28.66 28.66 28.66 28.62 28.62 28.59 28.56 28.53 28.50 28.47 28.44 28.41 28.41 28.41 28.38 28.38 28.38 28.34 28.34 28.34 28.34 28.31 28.31 28.28 28.28 28.25 28.25 28.22 28.19 28.16 28.12 28.06 28.03 27.97 27.91 27.88 27.81 27.75 27.69 27.66 27.59 27.53 27.47 27.41 27.34 27.25 27.19 27.09 27.00 26.94 26.75 25.91 25.66 25.59 25.53 25.47 25.41 25.34 25.25 25.41 25.72 25.66 25.56 25.44 25.34 25.22 25.12 25.00 24.94 24.81 24.75 24.66 24.53
28.62 28.62 28.66 28.66 28.66 28.66 28.66 28.62 28.59 28.56 28.56 28.53 28.50 28.47 28.44 28.41 28.41 28.38 28.38 28.38 28.34 28.34 28.34 28.31 28.31 28.28 28.28 28.28 28.25 28.25 28.25 28.22 28.19 28.16 28.09 28.06 28.00 27.97 27.91 27.84 27.81 27.75 27.69 27.66 27.59 27.53 27.47 27.41 27.31 27.25 27.16 27.09 27.00 26.94 26.84 26.75 26.25 25.56 25.50 25.44 25.38 25.28 25.22 25.16 25.06 25.19 25.44 25.41 25.31 25.19 25.09 24.97 24.88 24.78 24.69 24.59 24.50
28.62 28.66 28.66 28.66 28.66 28.66 28.62 28.59 28.59 28.56 28.53 28.50 28.47 28.44 28.44 28.41 28.41 28.38 28.38 28.34 28.34 28.31 28.31 28.28 28.28 28.28 28.28 28.25 28.25 28.25 28.22 28.19 28.16 28.12 28.09 28.03 27.97 27.94 27.88 27.84 27.78 27.72 27.69 27.62 27.56 27.50 27.44 27.38 27.31 27.25 27.16 27.09 27.00 26.91 26.84 26.75 26.66 26.50 25.75 25.41 25.34 25.25 25.19 25.12 25.03 24.97 24.88 24.91 25.12 25.19 25.06 24.94 24.84 24.75 24.62 24.53 24.44
28.62 28.66 28.66 28.66 28.66 28.62 28.62 28.59 28.56 28.56 28.53 28.50 28.47 28.44 28.41 28.41 28.38 28.38 28.34 28.34 28.31 28.31 28.28 28.28 28.25 28.25 28.25 28.25 28.22 28.22 28.19 28.16 28.12 28.09 28.06 28.00 27.97 27.91 27.88 27.81 27.75 27.72 27.66 27.59 27.53 27.50 27.44 27.34 27.28 27.22 27.12 27.06 26.97 26.91 26.81 26.75 26.66 26.53 26.44 26.25 25.59 25.22 25.16 25.09 25.00 24.94 24.84 24.78 24.69 24.62 24.75 24.84 24.81 24.69 24.59 24.47 24.38
28.62 28.62 28.62 28.62 28.62 28.62 28.59 28.59 28.56 28.53 28.50 28.47 28.44 28.44 28.41 28.41 28.38 28.38 28.34 28.34 28.31 28.28 28.28 28.25 28.25 28.25 28.22 28.22 28.22 28.19 28.16 28.12 28.12 28.06 28.03 27.97 27.94 27.91 27.84 27.78 27.75 27.69 27.66 27.59 27.53 27.47 27.41 27.34 27.25 27.19 27.09 27.03 26.97 26.88 26.81 26.72 26.62 26.53 26.41 26.31 26.19 26.00 25.44 25.03 24.97 24.91 24.81 24.75 24.66 24.59 24.50 24.41 24.34 24.44 24.53 24.44 24.34
28.62 28.62 28.62 28.62 28.62 28.59 28.59 28.56 28.56 28.53 28.50 28.47 28.44 28.41 28.41 28.41 28.38 28.34 28.34 28.31 28.31 28.28 28.25 28.25 28.25 28.22 28.22 28.19 28.19 28.16 28.12 28.12 28.06 28.03 28.00 27.97 27.91 27.84 27.81 27.78 27.72 27.66 27.59 27.56 27.50 27.44 27.38 27.28 27.25 27.16 27.09 27.00 26.94 26.88 26.78 26.72 26.62 26.53 26.41 26.28 26.16 26.06 25.94 25.78 25.25 24.88 24.78 24.72 24.62 24.56 24.47 24.38 24.28 24.19 24.12 24.06 24.09
28.62 28.62 28.62 28.62 28.59 28.59 28.59 28.56 28.53 28.53 28.50 28.47 28.44 28.41 28.41 28.38 28.38 28.34 28.34 28.31 28.28 28.28 28.25 28.25 28.22 28.19 28.19 28.16 28.16 28.12 28.09 28.06 28.03 28.00 27.97 27.94 27.88 27.84 27.78 27.75 27.69 27.62 27.56 27.53 27.47 27.41 27.31 27.25 27.19 27.12 27.06 26.97 26.91 26.81 26.75 26.69 26.59 26.50 26.38 26.25 26.16 26.03 25.88 25.78 25.66 25.53 25.19 24.75 24.59 24.53 24.44 24.34 24.25 24.19 24.09 24.00 23.91
28.59 28.59 28.59 28.59 28.59 28.59 28.56 28.56 28.53 28.50 28.47 28.47 28.44 28.41 28.41 28.38 28.34 28.34 28.31 28.31 28.28 28.25 28.25 28.22 28.19 28.19 28.16 28.12 28.12 28.09 28.06 28.03 28.00 27.97 27.94 27.88 27.84 27.81 27.75 27.69 27.66 27.59 27.53 27.50 27.41 27.34 27.28 27.22 27.16 27.09 27.00 26.94 26.84 26.78 26.72 26.62 26.56 26.47 26.34 26.22 26.09 26.00 25.88 25.78 25.66 25.53 25.41 25.28 25.06 24.69 24.41 24.31 24.22 24.16 24.06 23.97 23.88
28.59 28.59 28.59 28.59 28.59 28.56 28.56 28.53 28.53 28.50 28.47 28.47 28.44 28.41 28.41 28.38 28.34 28.34 28.31 28.28 28.28 28.25 28.22 28.22 28.19 28.16 28.12 28.12 28.09 28.06 28.03 28.00 27.97 27.94 27.88 27.84 27.81 27.75 27.72 27.66 27.62 27.56 27.50 27.44 27.38 27.31 27.25 27.19 27.12 27.06 26.97 26.91 26.84 26.75 26.69 26.59 26.53 26.41 26.31 26.22 26.09 25.97 25.88 25.75 25.62 25.50 25.38 25.25 25.12 25.00 24.88 24.66 24.31 24.12 24.03 23.94 23.84
28.59 28.59 28.59 28.59 28.56 28.56 28.53 28.53 28.50 28.50 28.47 28.47 28.44 28.41 28.41 28.38 28.34 28.34 28.31 28.28 28.25 28.25 28.22 28.19 28.16 28.12 28.12 28.09 28.06 28.03 28.00 27.97 27.94 27.88 27.84 27.81 27.78 27.72 27.69 27.62 27.56 27.53 27.47 27.41 27.34 27.28 27.19 27.12 27.06 27.00 26.94 26.88 26.78 26.72 26.66 26.56 26.47 26.38 26.28 26.16 26.06 25.94 25.84 25.72 25.59 25.47 25.34 25.22 25.09 24.97 24.84 24.72 24.62 24.47 24.28 24.03 23.84
28.56 28.56 28.56 28.56 28.56 28.56 28.53 28.53 28.50 28.50 28.47 28.47 28.44 28.41 28.41 28.38 28.34 28.34 28.31 28.28 28.25 28.22 28.19 28.19 28.16 28.12 28.09 28.06 28.03 28.00 27.97 27.94 27.88 27.84 27.81 27.78 27.72 27.69 27.62 27.56 27.53 27.47 27.41 27.38 27.28 27.22 27.16 27.09 27.03 26.94 26.88 26.81 26.75 26.66 26.59 26.53 26.44 26.34 26.25 26.12 26.03 25.94 25.81 25.69 25.59 25.47 25.31 25.19 25.06 24.94 24.81 24.69 24.56 24.47 24.34 24.22 24.09
28.56 28.56 28.56 28.56 28.56 28.53 28.53 28.50 28.50 28.50 28.47 28.47 28.44 28.44 28.41 28.41 28.38 28.34 28.31 28.28 28.25 28.22 28.19 28.16 28.12 28.12 28.09 28.03 28.00 27.97 27.94 27.91 27.88 27.81 27.78 27.72 27.69 27.62 27.59 27.53 27.50 27.44 27.38 27.31 27.25 27.19 27.09 27.06 26.97 26.91 26.84 26.78 26.69 26.62 26.56 26.50 26.41 26.31 26.22 26.12 26.00 25.91 25.78 25.66 25.53 25.41 25.31 25.16 25.03 24.91 24.78 24.66 24.53 24.41 24.31 24.19 24.06
28.56 28.56 28.56 28.56 28.53 28.53 28.53 28.50 28.50 28.50 28.47 28.47 28.47 28.44 28.44 28.41 28.38 28.34 28.31 28.28 28.25 28.22 28.19 28.16 28.12 28.09 28.06 28.03 28.00 27.97 27.91 27.88 27.84 27.78 27.75 27.69 27.66 27.59 27.53 27.50 27.44 27.38 27.31 27.25 27.19 27.12 27.06 27.00 26.94 26.88 26.78 26.72 26.66 26.59 26.53 26.44 26.38 26.28 26.19 26.09 25.97 25.88 25.75 25.62 25.50 25.41 25.28 25.16 25.00 24.88 24.75 24.62 24.50 24.38 24.25 24.12 24.03
28.56 28.56 28.56 28.53 28.53 28.53 28.53 28.53 28.53 28.50 28.50 28.50 28.47 28.47 28.44 28.41 28.41 28.38 28.31 28.28 28.25 28.19 28.16 28.12 28.09 28.06 28.03 28.00 27.97 27.94 27.91 27.84 27.81 27.75 27.72 27.66 27.59 27.53 27.50 27.44 27.41 27.34 27.28 27.22 27.16 27.09 27.00 26.94 26.88 26.81 26.75 26.69 26.62 26.53 26.47 26.41 26.31 26.22 26.12 26.03 25.94 25.81 25.69 25.56 25.47 25.34 25.22 25.06 24.94 24.78 24.66 24.50 24.38 24.22 24.09 24.00 23.91
28.56 28.53 28.53 28.53 28.53 28.53 28.53 28.53 28.53 28.53 28.53 28.53 28.50 28.47 28.44 28.41 28.41 28.38 28.34 28.28 28.25 28.19 28.16 28.12 28.09 28.06 28.03 28.00 27.97 27.94 27.88 27.81 27.78 27.72 27.69 27.62 27.56 27.50 27.47 27.41 27.34 27.28 27.22 27.16 27.09 27.03 26.97 26.91 26.81 26.78 26.69 26.62 26.56 26.50 26.44 26.34 26.25 26.12 25.97 25.84 25.75 25.62 25.47 25.38 25.22 25.09 24.97 24.78 24.59 24.44 24.28 24.12 24.00 23.88 23.78 23.72 23.66
28.53 28.53 28.53 28.53 28.53 28.53 28.53 28.53 28.53 28.53 28.53 28.53 28.50 28.47 28.44 28.44 28.41 28.38 28.34 28.28 28.25 28.19 28.12 28.09 28.06 28.03 28.00 27.97 27.94 27.91 27.88 27.81 27.78 27.72 27.66 27.59 27.53 27.47 27.41 27.34 27.28 27.25 27.16 27.09 27.03 26.97 26.91 26.84 26.78 26.72 26.66 26.56 26.53 26.44 26.38 26.28 26.16 25.97 25.81 25.66 25.53 25.34 25.19 25.06 24.88 24.75 24.53 24.31 24.16 24.00 23.88 23.72 23.62 23.50 23.41 23.28 23.19
28.53 28.53 28.53 28.53 28.56 28.53 28.56 28.56 28.56 28.56 28.56 28.53 28.50 28.50 28.47 28.44 28.41 28.38 28.31 28.28 28.25 28.16 28.12 28.09 28.06 28.03 28.00 27.97 27.94 27.91 27.84 27.81 27.75 27.69 27.62 27.56 27.50 27.44 27.38 27.31 27.25 27.19 27.12 27.06 27.00 26.94 26.84 26.81 26.72 26.66 26.59 26.53 26.47 26.38 26.31 26.25 26.12 25.91 25.72 25.59 25.41 25.22 25.03 24.88 24.72 24.56 24.34 24.16 23.97 23.88 23.75 23.59 23.47 23.28 23.09 22.91 22.78
28.53 28.53 28.53 28.53 28.56 28.56 28.56 28.56 28.56 28.56 28.56 28.53 28.53 28.50 28.47 28.44 28.41 28.38 28.31 28.28 28.22 28.16 28.12 28.09 28.06 28.00 27.97 27.94 27.94 27.88 27.84 27.81 27.75 27.69 27.59 27.53 27.47 27.38 27.31 27.25 27.19 27.12 27.06 27.00 26.94 26.88 26.81 26.75 26.69 26.59 26.53 26.47 26.41 26.34 26.25 26.16 26.06 25.94 25.75 25.62 25.44 25.22 25.03 24.88 24.69 24.53 24.38 24.19 24.03 23.88 23.69 23.50 23.31 23.06 22.81 22.62 22.53
28.53 28.56 28.56 28.56 28.56 28.56 28.56 28.56 28.56 28.56 28.56 28.53 28.50 28.47 28.44 28.41 28.41 28.38 28.31 28.28 28.22 28.19 28.12 28.09 28.03 28.00 27.97 27.94 27.91 27.88 27.84 27.78 27.72 27.66 27.56 27.50 27.41 27.34 27.28 27.22 27.16 27.09 27.03 26.94 26.88 26.81 26.75 26.69 26.62 26.56 26.50 26.41 26.34 26.28 26.19 26.12 26.00 25.88 25.75 25.59 25.44 25.25 25.06 24.88 24.69 24.50 24.31 24.12 23.94 23.75 23.53 23.34 23.12 22.91 22.69 22.53 22.44
28.53 28.56 28.56 28.56 28.56 28.56 28.56 28.56 28.56 28.56 28.53 28.53 28.50 28.47 28.44 28.41 28.38 28.34 28.31 28.25 28.22 28.16 28.12 28.06 28.03 28.00 27.97 27.94 27.91 27.84 27.81 27.78 27.69 27.62 27.53 27.47 27.38 27.31 27.25 27.16 27.09 27.03 26.97 26.91 26.84 26.78 26.69 26.62 26.56 26.50 26.44 26.34 26.28 26.22 26.12 26.03 25.94 25.81 25.69 25.53 25.38 25.19 25.00 24.81 24.62 24.44 24.25 24.03 23.84 23.62 23.44 23.22 23.03 22.84 22.66 22.50 22.38
28.53 28.53 28.56 28.56 28.56 28.56 28.56 28.56 28.56 28.53 28.53 28.50 28.47 28.44 28.41 28.41 28.38 28.31 28.28 28.25 28.22 28.16 28.12 28.06 28.03 27.97 27.94 27.91 27.88 27.84 27.81 27.75 27.69 27.59 27.50 27.41 27.34 27.25 27.19 27.12 27.03 26.97 26.91 26.84 26.78 26.72 26.66 26.56 26.50 26.44 26.38 26.31 26.22 26.16 26.06 25.97 25.84 25.72 25.59 25.44 25.28 25.12 24.94 24.75 24.56 24.38 24.19 23.97 23.78 23.56 23.38 23.19 22.97 22.78 22.62 22.47 22.31
28.53 28.53 28.53 28.56 28.56 28.56 28.56 28.53 28.53 28.50 28.50 28.47 28.44 28.44 28.41 28.38 28.34 28.31 28.28 28.25 28.19 28.16 28.09 28.06 28.00 27.97 27.94 27.91 27.88 27.81 27.78 27.72 27.66 27.56 27.47 27.41 27.31 27.22 27.16 27.06 27.00 26.94 26.84 26.78 26.72 26.66 26.59 26.53 26.44 26.38 26.31 26.25 26.16 26.09 26.00 25.88 25.78 25.66 25.53 25.38 25.22 25.06 24.88 24.72 24.50 24.31 24.12 23.94 23.72 23.53 23.34 23.12 22.94 22.78 22.59 22.44 22.31
28.53 28.53 28.53 28.53 28.53 28.53 28.53 28.53 28.50 28.50 28.47 28.44 28.41 28.41 28.38 28.34 28.31 28.28 28.25 28.22 28.16 28.12 28.09 28.03 28.00 27.97 27.94 27.88 27.84 27.81 27.75 27.69 27.62 27.53 27.47 27.38 27.28 27.19 27.09 27.03 26.94 26.88 26.81 26.72 26.66 26.59 26.53 26.47 26.41 26.31 26.25 26.19 26.09 26.00 25.91 25.81 25.72 25.59 25.44 25.31 25.16 25.00 24.84 24.66 24.47 24.28 24.09 23.88 23.69 23.50 23.31 23.12 22.94 22.78 22.59 22.44 22.31
28.53 28.53 28.50 28.50 28.50 28.50 28.50 28.50 28.47 28.47 28.44 28.41 28.41 28.38 28.34 28.31 28.28 28.25 28.22 28.19 28.16 28.12 28.06 28.03 27.97 27.94 27.91 27.88 27.81 27.78 27.72 27.66 27.59 27.50 27.44 27.34 27.25 27.16 27.06 26.97 26.91 26.81 26.75 26.69 26.59 26.53 26.47 26.41 26.34 26.25 26.19 26.12 26.03 25.94 25.84 25.75 25.62 25.50 25.38 25.25 25.09 24.94 24.78 24.59 24.44 24.25 24.06 23.88 23.66 23.47 23.28 23.12 22.94 22.78 22.62 22.47 22.31
28.53 28.50 28.50 28.50 28.50 28.47 28.47 28.47 28.44 28.44 28.41 28.38 28.38 28.34 28.31 28.28 28.25 28.22 28.19 28.16 28.12 28.09 28.03 28.00 27.97 27.94 27.88 27.84 27.81 27.75 27.69 27.62 27.56 27.47 27.38 27.31 27.19 27.09 27.00 26.94 26.84 26.75 26.69 26.62 26.53 26.47 26.41 26.34 26.28 26.19 26.12 26.06 25.97 25.88 25.78 25.69 25.56 25.44 25.31 25.19 25.03 24.88 24.72 24.56 24.41 24.22 24.03 23.84 23.66 23.47 23.28 23.12 22.94 22.78 22.62 22.47 22.34
28.53 28.50 28.50 28.47 28.47 28.44 28.44 28.44 28.41 28.41 28.38 28.34 28.31 28.31 28.28 28.25 28.22 28.19 28.16 28.12 28.09 28.06 28.00 27.97 27.94 27.91 27.84 27.81 27.78 27.72 27.66 27.59 27.53 27.44 27.34 27.25 27.16 27.06 26.97 26.88 26.78 26.72 26.62 26.56 26.50 26.41 26.34 26.28 26.22 26.12 26.06 26.00 25.91 25.81 25.72 25.62 25.50 25.38 25.25 25.09 24.97 24.81 24.69 24.53 24.34 24.19 24.00 23.81 23.66 23.47 23.28 23.12 22.94 22.78 22.66 22.50 22.38
28.50 28.50 28.47 28.47 28.44 28.44 28.41 28.41 28.38 28.38 28.34 28.31 28.28 28.25 28.25 28.22 28.19 28.16 28.12 28.09 28.06 28.03 27.97 27.94 27.91 27.88 27.81 27.78 27.72 27.69 27.62 27.56 27.47 27.41 27.31 27.22 27.12 27.03 26.94 26.84 26.75 26.66 26.56 26.50 26.44 26.34 26.28 26.22 26.12 26.06 26.00 25.91 25.84 25.75 25.66 25.53 25.41 25.28 25.16 25.03 24.91 24.75 24.62 24.47 24.31 24.16 23.97 23.81 23.62 23.47 23.28 23.12 22.97 22.81 22.66 22.53 22.41
28.50 28.50 28.47 28.44 28.41 28.41 28.38 28.38 28.34 28.34 28.31 28.28 28.25 28.25 28.22 28.19 28.16 28.12 28.09 28.06 28.00 27.97 27.94 27.91 27.88 27.81 27.78 27.75 27.69 27.62 27.56 27.50 27.44 27.34 27.25 27.16 27.06 26.97 26.88 26.78 26.69 26.59 26.53 26.44 26.38 26.28 26.22 26.16 26.06 26.00 25.94 25.84 25.75 25.66 25.56 25.44 25.34 25.22 25.09 24.94 24.81 24.69 24.56 24.41 24.25 24.09 23.94 23.78 23.59 23.44 23.28 23.12 22.97 22.84 22.69 22.56 22.44
28.50 28.47 28.44 28.44 28.41 28.38 28.38 28.34 28.31 28.31 28.28 28.25 28.22 28.22 28.19 28.16 28.12 28.09 28.03 28.00 27.97 27.94 27.91 27.88 27.81 27.78 27.75 27.69 27.66 27.59 27.53 27.47 27.38 27.31 27.22 27.12 27.03 26.91 26.81 26.72 26.62 26.56 26.47 26.38 26.31 26.22 26.16 26.06 26.00 25.94 25.84 25.78 25.69 25.59 25.47 25.38 25.25 25.12 25.00 24.88 24.72 24.59 24.47 24.31 24.19 24.03 23.88 23.72 23.56 23.41 23.28 23.12 22.97 22.84 22.72 22.56 22.44
28.47 28.44 28.44 28.41 28.38 28.34 28.34 28.31 28.28 28.28 28.25 28.22 28.19 28.16 28.12 28.12 28.09 28.03 28.00 27.97 27.94 27.91 27.88 27.81 27.78 27.75 27.69 27.66 27.59 27.53 27.47 27.41 27.31 27.25 27.16 27.06 26.97 26.88 26.78 26.69 26.59 26.50 26.41 26.31 26.25 26.16 26.09 26.00 25.94 25.84 25.78 25.69 25.59 25.50 25.38 25.28 25.16 25.03 24.91 24.75 24.62 24.50 24.38 24.25 24.09 23.97 23.81 23.69 23.53 23.38 23.25 23.09 22.97 22.84 22.72 22.59 22.47
28.44 28.44 28.41 28.38 28.38 28.34 28.31 28.28 28.28 28.25 28.22 28.19 28.16 28.12 28.12 28.09 28.03 28.00 27.97 27.94 27.91 27.88 27.81 27.78 27.75 27.69 27.66 27.59 27.53 27.50 27.44 27.34 27.28 27.19 27.09 27.00 26.91 26.81 26.72 26.62 26.53 26.44 26.34 26.25 26.19 26.09 26.03 25.94 25.84 25.78 25.69 25.59 25.50 25.41 25.28 25.16 25.03 24.91 24.78 24.66 24.53 24.41 24.28 24.12 24.00 23.88 23.75 23.59 23.47 23.34 23.19 23.06 22.94 22.81 22.69 22.56 22.44
28.44 28.41 28.41 28.38 28.34 28.31 28.28 28.25 28.25 28.22 28.19 28.16 28.12 28.12 28.09 28.03 28.00 27.97 27.94 27.91 27.88 27.81 27.78 27.75 27.69 27.66 27.59 27.53 27.50 27.44 27.38 27.28 27.22 27.12 27.03 26.94 26.84 26.75 26.66 26.56 26.47 26.38 26.28 26.19 26.12 26.03 25.94 25.88 25.78 25.69 25.59 25.50 25.41 25.28 25.19 25.06 24.94 24.81 24.69 24.53 24.41 24.28 24.16 24.03 23.91 23.78 23.66 23.53 23.41 23.28 23.16 23.03 22.91 22.78 22.66 22.53 22.44
