everonasctiles/Tile20,4.asc
ncols 128
nrows 128
xllcorner 0
yllcorner 0
cellsize 2.0
NODATA_value  -9999
[rows 93 to 123 of 128, columns 0 to 68 of 128]
-96.06 -96.16 -96.25 -96.28 -96.31 -96.38 -96.41 -96.47 -96.53 -96.62 -96.81 -97.03 -97.22 -97.34 -97.47 -97.56 -97.66 -97.75 -97.88 -98.03 -98.19 -98.31 -98.47 -98.66 -98.88 -99.03 -99.16 -99.31 -99.56 -99.88 -100.09 -100.38 -100.72 -101.06 -101.41 -101.66 -101.88 -102.09 -102.31 -102.62 -102.94 -103.28 -103.59 -103.88 -104.06 -104.19 -104.31 -104.72 -105.16 -105.53 -105.78 -105.94 -105.97 -105.97 -106.44 -107.12 -107.78 -108.34 -108.81 -109.22 -109.62 -110.16 -110.66 -111.00 -111.22 -111.47 -111.88 -112.28 -112.62
-96.28 -96.41 -96.50 -96.56 -96.59 -96.66 -96.72 -96.78 -96.84 -96.94 -97.09 -97.31 -97.50 -97.69 -97.81 -97.91 -98.00 -98.09 -98.25 -98.41 -98.56 -98.69 -98.84 -99.06 -99.31 -99.53 -99.72 -99.91 -100.12 -100.38 -100.59 -100.84 -101.12 -101.50 -101.88 -102.16 -102.38 -102.62 -102.88 -103.16 -103.44 -103.78 -104.06 -104.34 -104.59 -104.81 -104.97 -105.19 -105.59 -106.00 -106.31 -106.50 -106.56 -106.53 -106.62 -107.28 -108.00 -108.66 -109.22 -109.69 -110.09 -110.56 -111.06 -111.47 -111.72 -111.94 -112.25 -112.66 -113.03
-96.50 -96.62 -96.75 -96.81 -96.88 -96.94 -97.03 -97.09 -97.19 -97.25 -97.41 -97.59 -97.81 -98.00 -98.12 -98.25 -98.34 -98.47 -98.62 -98.78 -98.94 -99.09 -99.25 -99.47 -99.75 -100.00 -100.19 -100.41 -100.62 -100.88 -101.09 -101.31 -101.59 -101.94 -102.31 -102.62 -102.91 -103.12 -103.38 -103.66 -103.97 -104.25 -104.53 -104.81 -105.09 -105.34 -105.56 -105.72 -106.03 -106.44 -106.78 -107.03 -107.16 -107.19 -107.16 -107.47 -108.16 -108.88 -109.50 -110.06 -110.53 -111.00 -111.47 -111.91 -112.22 -112.44 -112.69 -113.06 -113.44
-96.72 -96.84 -96.97 -97.06 -97.16 -97.22 -97.31 -97.41 -97.50 -97.59 -97.69 -97.88 -98.09 -98.31 -98.47 -98.59 -98.72 -98.84 -99.00 -99.19 -99.34 -99.50 -99.69 -99.91 -100.16 -100.41 -100.66 -100.88 -101.09 -101.34 -101.56 -101.81 -102.06 -102.38 -102.75 -103.09 -103.38 -103.62 -103.88 -104.16 -104.44 -104.72 -105.00 -105.25 -105.56 -105.84 -106.09 -106.28 -106.50 -106.84 -107.22 -107.53 -107.72 -107.81 -107.88 -108.00 -108.38 -109.03 -109.69 -110.31 -110.88 -111.38 -111.88 -112.31 -112.69 -112.94 -113.19 -113.47 -113.81
-96.94 -97.06 -97.19 -97.31 -97.41 -97.50 -97.59 -97.69 -97.81 -97.91 -98.03 -98.19 -98.38 -98.59 -98.78 -98.94 -99.06 -99.19 -99.38 -99.56 -99.72 -99.91 -100.09 -100.31 -100.56 -100.84 -101.09 -101.34 -101.56 -101.81 -102.03 -102.28 -102.53 -102.81 -103.16 -103.53 -103.84 -104.12 -104.38 -104.66 -104.94 -105.22 -105.47 -105.72 -106.00 -106.28 -106.56 -106.81 -107.03 -107.31 -107.66 -107.97 -108.22 -108.41 -108.53 -108.69 -108.94 -109.34 -109.91 -110.50 -111.09 -111.66 -112.19 -112.66 -113.09 -113.41 -113.66 -113.94 -114.19
-97.12 -97.28 -97.41 -97.53 -97.66 -97.75 -97.88 -98.00 -98.12 -98.22 -98.34 -98.50 -98.69 -98.91 -99.09 -99.25 -99.38 -99.53 -99.72 -99.91 -100.12 -100.31 -100.53 -100.75 -100.97 -101.25 -101.50 -101.78 -102.03 -102.25 -102.50 -102.72 -102.97 -103.25 -103.59 -103.94 -104.28 -104.59 -104.84 -105.12 -105.41 -105.69 -105.97 -106.19 -106.44 -106.72 -107.00 -107.28 -107.53 -107.78 -108.09 -108.41 -108.69 -108.91 -109.09 -109.31 -109.59 -109.94 -110.28 -110.72 -111.31 -111.88 -112.41 -112.94 -113.41 -113.78 -114.09 -114.34 -114.59
-97.31 -97.47 -97.62 -97.75 -97.88 -98.00 -98.12 -98.25 -98.41 -98.53 -98.66 -98.81 -99.00 -99.22 -99.41 -99.56 -99.72 -99.84 -100.03 -100.25 -100.50 -100.72 -100.94 -101.19 -101.41 -101.62 -101.91 -102.16 -102.44 -102.69 -102.91 -103.16 -103.44 -103.72 -104.00 -104.34 -104.69 -105.03 -105.31 -105.56 -105.88 -106.16 -106.44 -106.69 -106.91 -107.16 -107.44 -107.72 -108.00 -108.25 -108.53 -108.81 -109.12 -109.38 -109.59 -109.81 -110.12 -110.44 -110.78 -111.16 -111.56 -112.06 -112.59 -113.16 -113.66 -114.09 -114.47 -114.78 -115.03
-97.50 -97.66 -97.78 -97.94 -98.09 -98.22 -98.38 -98.50 -98.66 -98.81 -98.94 -99.09 -99.28 -99.50 -99.72 -99.88 -100.03 -100.16 -100.34 -100.59 -100.84 -101.09 -101.34 -101.59 -101.81 -102.03 -102.28 -102.56 -102.81 -103.06 -103.34 -103.59 -103.84 -104.12 -104.44 -104.75 -105.09 -105.44 -105.72 -106.00 -106.31 -106.59 -106.91 -107.16 -107.38 -107.59 -107.84 -108.12 -108.41 -108.69 -108.97 -109.25 -109.56 -109.81 -110.03 -110.28 -110.56 -110.91 -111.25 -111.62 -111.97 -112.34 -112.81 -113.34 -113.84 -114.34 -114.78 -115.19 -115.50
-97.66 -97.81 -97.97 -98.12 -98.28 -98.44 -98.59 -98.75 -98.91 -99.06 -99.22 -99.38 -99.56 -99.78 -100.00 -100.19 -100.34 -100.47 -100.66 -100.91 -101.19 -101.47 -101.72 -101.97 -102.19 -102.44 -102.66 -102.91 -103.19 -103.44 -103.72 -103.97 -104.25 -104.56 -104.84 -105.16 -105.50 -105.81 -106.12 -106.44 -106.72 -107.03 -107.34 -107.59 -107.81 -108.03 -108.25 -108.53 -108.81 -109.09 -109.38 -109.66 -109.97 -110.25 -110.47 -110.69 -110.97 -111.28 -111.62 -112.00 -112.34 -112.72 -113.12 -113.56 -114.06 -114.56 -115.03 -115.47 -115.91
-97.81 -97.97 -98.12 -98.28 -98.44 -98.62 -98.78 -98.97 -99.12 -99.31 -99.47 -99.66 -99.84 -100.06 -100.28 -100.47 -100.62 -100.78 -100.97 -101.22 -101.50 -101.78 -102.06 -102.31 -102.56 -102.81 -103.06 -103.28 -103.53 -103.78 -104.06 -104.34 -104.66 -104.94 -105.25 -105.56 -105.88 -106.19 -106.50 -106.81 -107.12 -107.44 -107.75 -108.03 -108.25 -108.47 -108.69 -108.97 -109.22 -109.47 -109.75 -110.06 -110.38 -110.66 -110.91 -111.12 -111.34 -111.66 -112.00 -112.34 -112.72 -113.09 -113.47 -113.88 -114.34 -114.78 -115.25 -115.72 -116.22
-97.97 -98.16 -98.31 -98.44 -98.62 -98.78 -98.97 -99.16 -99.34 -99.53 -99.72 -99.91 -100.09 -100.31 -100.53 -100.75 -100.94 -101.09 -101.28 -101.53 -101.81 -102.09 -102.41 -102.66 -102.94 -103.19 -103.41 -103.66 -103.88 -104.12 -104.41 -104.69 -105.00 -105.31 -105.62 -105.94 -106.25 -106.56 -106.88 -107.19 -107.50 -107.81 -108.12 -108.44 -108.69 -108.91 -109.12 -109.38 -109.62 -109.88 -110.12 -110.44 -110.75 -111.06 -111.31 -111.53 -111.75 -112.03 -112.34 -112.69 -113.06 -113.44 -113.81 -114.25 -114.69 -115.09 -115.53 -115.97 -116.50
-98.12 -98.31 -98.47 -98.62 -98.78 -98.94 -99.12 -99.34 -99.53 -99.72 -99.94 -100.12 -100.34 -100.56 -100.78 -101.00 -101.19 -101.38 -101.59 -101.81 -102.09 -102.41 -102.72 -103.00 -103.25 -103.50 -103.78 -104.00 -104.25 -104.50 -104.75 -105.03 -105.34 -105.66 -106.00 -106.31 -106.62 -106.94 -107.25 -107.53 -107.84 -108.19 -108.50 -108.84 -109.09 -109.34 -109.56 -109.81 -110.06 -110.28 -110.50 -110.78 -111.09 -111.44 -111.72 -111.94 -112.16 -112.41 -112.69 -113.03 -113.38 -113.78 -114.16 -114.56 -115.03 -115.47 -115.91 -116.31 -116.75
-98.28 -98.47 -98.62 -98.78 -98.94 -99.09 -99.28 -99.50 -99.72 -99.91 -100.12 -100.34 -100.56 -100.78 -101.03 -101.25 -101.47 -101.66 -101.88 -102.09 -102.38 -102.69 -103.00 -103.28 -103.56 -103.84 -104.09 -104.34 -104.59 -104.84 -105.09 -105.38 -105.69 -106.00 -106.34 -106.69 -107.00 -107.31 -107.59 -107.91 -108.22 -108.53 -108.88 -109.19 -109.50 -109.75 -109.97 -110.22 -110.47 -110.69 -110.88 -111.09 -111.41 -111.75 -112.06 -112.34 -112.56 -112.78 -113.03 -113.34 -113.69 -114.06 -114.50 -114.91 -115.34 -115.81 -116.28 -116.72 -117.12
-98.44 -98.62 -98.78 -98.94 -99.09 -99.25 -99.44 -99.62 -99.84 -100.09 -100.31 -100.53 -100.75 -101.00 -101.25 -101.50 -101.72 -101.94 -102.16 -102.38 -102.66 -102.97 -103.28 -103.56 -103.84 -104.12 -104.41 -104.66 -104.94 -105.19 -105.44 -105.72 -106.03 -106.34 -106.69 -107.03 -107.34 -107.66 -107.97 -108.25 -108.56 -108.88 -109.22 -109.53 -109.84 -110.12 -110.38 -110.62 -110.88 -111.09 -111.28 -111.44 -111.72 -112.03 -112.38 -112.69 -112.94 -113.16 -113.41 -113.69 -114.00 -114.38 -114.78 -115.22 -115.69 -116.16 -116.66 -117.12 -117.59
-98.59 -98.75 -98.94 -99.09 -99.25 -99.41 -99.59 -99.78 -100.00 -100.22 -100.44 -100.69 -100.94 -101.19 -101.47 -101.72 -101.94 -102.16 -102.41 -102.66 -102.94 -103.22 -103.53 -103.84 -104.12 -104.41 -104.69 -104.97 -105.22 -105.50 -105.78 -106.06 -106.38 -106.69 -107.00 -107.34 -107.69 -108.00 -108.31 -108.59 -108.91 -109.19 -109.53 -109.88 -110.19 -110.47 -110.75 -111.00 -111.25 -111.47 -111.66 -111.81 -112.03 -112.34 -112.66 -113.00 -113.28 -113.53 -113.75 -114.00 -114.28 -114.62 -115.03 -115.50 -115.97 -116.44 -116.97 -117.50 -118.03
-98.72 -98.91 -99.09 -99.25 -99.41 -99.56 -99.72 -99.91 -100.12 -100.38 -100.59 -100.84 -101.09 -101.34 -101.62 -101.91 -102.16 -102.41 -102.66 -102.91 -103.19 -103.50 -103.81 -104.09 -104.41 -104.69 -104.97 -105.25 -105.53 -105.81 -106.09 -106.38 -106.69 -107.03 -107.34 -107.66 -108.00 -108.34 -108.66 -108.94 -109.25 -109.53 -109.84 -110.19 -110.50 -110.81 -111.06 -111.34 -111.59 -111.84 -112.03 -112.22 -112.38 -112.62 -112.97 -113.28 -113.59 -113.84 -114.09 -114.31 -114.59 -114.91 -115.28 -115.72 -116.22 -116.72 -117.25 -117.81 -118.38
-98.88 -99.03 -99.22 -99.41 -99.56 -99.75 -99.91 -100.06 -100.28 -100.50 -100.75 -100.97 -101.22 -101.50 -101.78 -102.06 -102.34 -102.59 -102.88 -103.12 -103.44 -103.72 -104.03 -104.34 -104.66 -104.94 -105.22 -105.53 -105.81 -106.09 -106.38 -106.69 -107.00 -107.34 -107.66 -108.00 -108.31 -108.66 -108.97 -109.28 -109.56 -109.88 -110.19 -110.50 -110.81 -111.12 -111.41 -111.66 -111.94 -112.19 -112.41 -112.56 -112.75 -112.97 -113.25 -113.56 -113.88 -114.16 -114.41 -114.62 -114.91 -115.19 -115.56 -115.97 -116.44 -116.94 -117.47 -118.03 -118.62
-98.97 -99.16 -99.38 -99.56 -99.72 -99.91 -100.06 -100.25 -100.44 -100.66 -100.91 -101.12 -101.38 -101.62 -101.91 -102.19 -102.47 -102.75 -103.03 -103.34 -103.62 -103.94 -104.25 -104.59 -104.88 -105.19 -105.47 -105.78 -106.06 -106.38 -106.66 -106.97 -107.31 -107.66 -107.97 -108.31 -108.62 -108.97 -109.28 -109.59 -109.91 -110.19 -110.50 -110.81 -111.12 -111.44 -111.72 -111.97 -112.25 -112.50 -112.72 -112.94 -113.12 -113.31 -113.56 -113.84 -114.16 -114.44 -114.69 -114.94 -115.19 -115.50 -115.84 -116.22 -116.66 -117.16 -117.66 -118.22 -118.81
-99.09 -99.28 -99.50 -99.69 -99.88 -100.06 -100.25 -100.44 -100.62 -100.84 -101.06 -101.28 -101.53 -101.78 -102.03 -102.31 -102.62 -102.91 -103.19 -103.50 -103.81 -104.12 -104.44 -104.78 -105.09 -105.41 -105.72 -106.00 -106.31 -106.62 -106.94 -107.25 -107.56 -107.91 -108.25 -108.59 -108.94 -109.25 -109.56 -109.88 -110.19 -110.47 -110.78 -111.09 -111.44 -111.72 -112.00 -112.28 -112.53 -112.78 -113.03 -113.25 -113.44 -113.66 -113.88 -114.16 -114.44 -114.72 -114.97 -115.22 -115.50 -115.78 -116.12 -116.47 -116.91 -117.34 -117.84 -118.41 -118.97
-99.16 -99.38 -99.59 -99.81 -100.03 -100.22 -100.41 -100.62 -100.81 -101.03 -101.25 -101.47 -101.69 -101.91 -102.19 -102.47 -102.75 -103.03 -103.34 -103.62 -103.94 -104.28 -104.62 -104.97 -105.28 -105.62 -105.94 -106.22 -106.53 -106.84 -107.19 -107.50 -107.81 -108.16 -108.50 -108.84 -109.19 -109.53 -109.84 -110.16 -110.47 -110.75 -111.06 -111.38 -111.69 -112.00 -112.28 -112.56 -112.81 -113.06 -113.31 -113.53 -113.75 -113.97 -114.19 -114.44 -114.72 -115.00 -115.25 -115.50 -115.78 -116.06 -116.41 -116.75 -117.16 -117.56 -118.03 -118.53 -119.09
-99.22 -99.44 -99.69 -99.91 -100.16 -100.38 -100.59 -100.78 -101.00 -101.22 -101.44 -101.62 -101.84 -102.06 -102.31 -102.59 -102.88 -103.19 -103.47 -103.78 -104.06 -104.41 -104.75 -105.09 -105.44 -105.78 -106.12 -106.44 -106.75 -107.09 -107.41 -107.72 -108.06 -108.41 -108.75 -109.09 -109.44 -109.75 -110.09 -110.41 -110.72 -111.00 -111.31 -111.62 -111.94 -112.25 -112.53 -112.81 -113.06 -113.31 -113.56 -113.81 -114.03 -114.25 -114.50 -114.75 -115.00 -115.28 -115.53 -115.78 -116.06 -116.34 -116.66 -117.03 -117.41 -117.81 -118.22 -118.66 -119.16
-99.25 -99.47 -99.72 -99.97 -100.22 -100.47 -100.72 -100.94 -101.16 -101.38 -101.59 -101.81 -102.03 -102.25 -102.47 -102.75 -103.03 -103.31 -103.62 -103.91 -104.19 -104.53 -104.84 -105.22 -105.56 -105.94 -106.28 -106.59 -106.94 -107.28 -107.62 -107.94 -108.28 -108.62 -108.97 -109.31 -109.66 -109.97 -110.31 -110.62 -110.94 -111.25 -111.53 -111.84 -112.16 -112.47 -112.78 -113.03 -113.31 -113.56 -113.81 -114.06 -114.28 -114.53 -114.75 -115.00 -115.25 -115.53 -115.78 -116.06 -116.31 -116.59 -116.91 -117.28 -117.69 -118.09 -118.50 -118.88 -119.25
-99.22 -99.50 -99.75 -100.00 -100.28 -100.56 -100.81 -101.06 -101.31 -101.56 -101.78 -102.00 -102.22 -102.44 -102.66 -102.91 -103.19 -103.47 -103.78 -104.06 -104.34 -104.66 -104.97 -105.31 -105.69 -106.03 -106.41 -106.75 -107.09 -107.44 -107.78 -108.12 -108.47 -108.81 -109.16 -109.50 -109.84 -110.19 -110.50 -110.81 -111.16 -111.44 -111.75 -112.06 -112.38 -112.69 -112.97 -113.25 -113.53 -113.78 -114.06 -114.31 -114.53 -114.78 -115.00 -115.25 -115.50 -115.78 -116.03 -116.31 -116.56 -116.84 -117.16 -117.53 -117.94 -118.38 -118.81 -119.22 -119.59
-99.19 -99.47 -99.75 -100.03 -100.31 -100.59 -100.88 -101.16 -101.44 -101.69 -101.94 -102.19 -102.41 -102.62 -102.84 -103.09 -103.38 -103.66 -103.94 -104.22 -104.50 -104.78 -105.09 -105.44 -105.81 -106.16 -106.53 -106.91 -107.25 -107.62 -107.97 -108.31 -108.66 -109.00 -109.34 -109.69 -110.03 -110.38 -110.69 -111.03 -111.34 -111.66 -111.97 -112.28 -112.56 -112.88 -113.19 -113.47 -113.72 -114.00 -114.25 -114.53 -114.78 -115.00 -115.25 -115.50 -115.75 -116.00 -116.28 -116.53 -116.81 -117.09 -117.44 -117.78 -118.19 -118.62 -119.12 -119.59 -120.00
-99.12 -99.41 -99.69 -100.00 -100.31 -100.62 -100.94 -101.22 -101.50 -101.78 -102.06 -102.31 -102.56 -102.81 -103.03 -103.28 -103.56 -103.84 -104.12 -104.38 -104.66 -104.94 -105.25 -105.59 -105.94 -106.28 -106.66 -107.03 -107.41 -107.75 -108.12 -108.47 -108.81 -109.19 -109.53 -109.88 -110.22 -110.56 -110.88 -111.22 -111.53 -111.84 -112.16 -112.47 -112.75 -113.06 -113.34 -113.66 -113.91 -114.19 -114.47 -114.72 -115.00 -115.25 -115.50 -115.75 -116.00 -116.25 -116.50 -116.78 -117.06 -117.34 -117.66 -118.03 -118.41 -118.88 -119.38 -119.91 -120.41
-99.06 -99.34 -99.66 -99.97 -100.31 -100.62 -100.94 -101.25 -101.56 -101.88 -102.16 -102.44 -102.72 -102.97 -103.22 -103.47 -103.75 -104.03 -104.31 -104.56 -104.84 -105.12 -105.41 -105.72 -106.06 -106.44 -106.78 -107.16 -107.53 -107.88 -108.25 -108.62 -108.97 -109.34 -109.69 -110.03 -110.38 -110.72 -111.06 -111.41 -111.72 -112.03 -112.34 -112.66 -112.94 -113.25 -113.53 -113.81 -114.09 -114.38 -114.66 -114.91 -115.19 -115.44 -115.72 -115.97 -116.22 -116.47 -116.75 -117.00 -117.28 -117.56 -117.91 -118.25 -118.62 -119.09 -119.59 -120.12 -120.72
-98.94 -99.25 -99.59 -99.94 -100.28 -100.62 -100.94 -101.28 -101.59 -101.91 -102.22 -102.53 -102.81 -103.09 -103.38 -103.66 -103.94 -104.22 -104.50 -104.78 -105.06 -105.31 -105.59 -105.91 -106.22 -106.59 -106.94 -107.28 -107.66 -108.00 -108.38 -108.75 -109.12 -109.50 -109.84 -110.22 -110.56 -110.91 -111.25 -111.59 -111.91 -112.22 -112.53 -112.84 -113.12 -113.44 -113.72 -114.00 -114.28 -114.56 -114.81 -115.09 -115.38 -115.66 -115.91 -116.19 -116.44 -116.69 -116.97 -117.22 -117.50 -117.78 -118.09 -118.44 -118.84 -119.25 -119.75 -120.31 -120.91
-98.84 -99.19 -99.56 -99.91 -100.25 -100.62 -100.97 -101.28 -101.62 -101.94 -102.25 -102.56 -102.88 -103.19 -103.50 -103.81 -104.09 -104.41 -104.69 -105.00 -105.28 -105.53 -105.81 -106.09 -106.41 -106.75 -107.09 -107.47 -107.81 -108.16 -108.53 -108.91 -109.28 -109.66 -110.03 -110.38 -110.72 -111.06 -111.41 -111.75 -112.09 -112.41 -112.72 -113.03 -113.31 -113.62 -113.91 -114.19 -114.47 -114.72 -115.00 -115.28 -115.56 -115.84 -116.09 -116.38 -116.66 -116.91 -117.19 -117.44 -117.72 -118.00 -118.31 -118.66 -119.00 -119.41 -119.91 -120.44 -121.03
-98.78 -99.16 -99.50 -99.88 -100.25 -100.59 -100.94 -101.28 -101.59 -101.94 -102.25 -102.59 -102.94 -103.28 -103.59 -103.94 -104.25 -104.56 -104.88 -105.19 -105.47 -105.78 -106.03 -106.31 -106.62 -106.94 -107.28 -107.66 -108.00 -108.34 -108.69 -109.06 -109.44 -109.81 -110.19 -110.53 -110.91 -111.25 -111.59 -111.94 -112.28 -112.59 -112.91 -113.22 -113.53 -113.81 -114.09 -114.38 -114.66 -114.91 -115.19 -115.47 -115.75 -116.03 -116.28 -116.56 -116.84 -117.12 -117.41 -117.66 -117.94 -118.22 -118.53 -118.84 -119.19 -119.56 -120.00 -120.50 -121.06
-98.75 -99.12 -99.47 -99.84 -100.19 -100.53 -100.88 -101.22 -101.56 -101.88 -102.22 -102.59 -102.94 -103.31 -103.66 -104.03 -104.38 -104.69 -105.03 -105.34 -105.66 -105.97 -106.28 -106.56 -106.84 -107.16 -107.50 -107.84 -108.19 -108.53 -108.88 -109.25 -109.59 -109.97 -110.34 -110.72 -111.06 -111.41 -111.78 -112.12 -112.44 -112.78 -113.09 -113.41 -113.72 -114.00 -114.28 -114.56 -114.84 -115.09 -115.38 -115.66 -115.91 -116.19 -116.47 -116.75 -117.03 -117.31 -117.59 -117.88 -118.16 -118.44 -118.75 -119.06 -119.38 -119.75 -120.12 -120.59 -121.09
-98.69 -99.06 -99.41 -99.75 -100.09 -100.44 -100.75 -101.09 -101.47 -101.81 -102.19 -102.56 -102.94 -103.31 -103.72 -104.06 -104.44 -104.78 -105.16 -105.47 -105.81 -106.16 -106.47 -106.75 -107.06 -107.38 -107.69 -108.03 -108.38 -108.72 -109.06 -109.41 -109.78 -110.16 -110.53 -110.88 -111.25 -111.59 -111.94 -112.28 -112.62 -112.97 -113.28 -113.59 -113.91 -114.19 -114.47 -114.75 -115.03 -115.28 -115.56 -115.84 -116.09 -116.38 -116.66 -116.94 -117.25 -117.53 -117.81 -118.09 -118.38 -118.66 -118.97 -119.28 -119.59 -119.94 -120.31 -120.72 -121.19
