everonasctiles/Tile7,42.asc
ncols 128
nrows 128
xllcorner 0
yllcorner 0
cellsize 2.0
NODATA_value  -9999
[rows 32 to 63 of 128, columns 0 to 70 of 128]
-38.59 -38.50 -38.59 -38.75 -38.88 -39.03 -39.12 -39.16 -39.16 -39.03 -38.88 -38.66 -38.44 -38.19 -37.94 -37.75 -37.66 -37.69 -37.75 -37.75 -37.72 -37.59 -37.44 -37.22 -36.97 -36.69 -36.41 -36.06 -35.75 -35.38 -35.06 -34.75 -34.41 -34.03 -33.94 -34.06 -34.22 -34.38 -34.53 -34.66 -34.72 -34.75 -34.72 -34.66 -34.53 -34.38 -34.16 -33.94 -33.72 -33.53 -33.41 -33.28 -33.25 -33.19 -33.12 -33.03 -32.91 -32.75 -32.56 -32.41 -32.22 -32.00 -31.88 -31.75 -31.62 -31.53 -31.47 -31.44 -31.44 -31.44 -31.41
-38.84 -38.81 -38.91 -39.06 -39.19 -39.31 -39.41 -39.44 -39.41 -39.28 -39.12 -38.91 -38.66 -38.41 -38.16 -37.94 -37.91 -37.97 -38.03 -38.03 -38.00 -37.88 -37.72 -37.50 -37.28 -37.00 -36.69 -36.38 -36.03 -35.69 -35.38 -35.06 -34.72 -34.38 -34.22 -34.34 -34.47 -34.62 -34.75 -34.88 -34.97 -35.00 -34.97 -34.91 -34.81 -34.62 -34.44 -34.22 -34.00 -33.81 -33.69 -33.56 -33.50 -33.44 -33.38 -33.28 -33.16 -33.00 -32.81 -32.62 -32.47 -32.28 -32.12 -31.97 -31.84 -31.75 -31.72 -31.69 -31.66 -31.66 -31.62
-39.09 -39.12 -39.22 -39.34 -39.47 -39.59 -39.66 -39.69 -39.62 -39.53 -39.34 -39.12 -38.88 -38.59 -38.34 -38.12 -38.19 -38.28 -38.31 -38.34 -38.28 -38.16 -38.00 -37.81 -37.56 -37.28 -36.97 -36.66 -36.34 -36.00 -35.69 -35.38 -35.06 -34.72 -34.53 -34.59 -34.72 -34.84 -34.97 -35.09 -35.19 -35.25 -35.22 -35.19 -35.06 -34.91 -34.72 -34.50 -34.31 -34.12 -33.97 -33.84 -33.78 -33.72 -33.66 -33.53 -33.41 -33.25 -33.06 -32.88 -32.69 -32.50 -32.34 -32.19 -32.06 -31.97 -31.91 -31.91 -31.88 -31.88 -31.84
-39.38 -39.41 -39.53 -39.62 -39.75 -39.88 -39.94 -39.94 -39.88 -39.75 -39.56 -39.34 -39.06 -38.81 -38.53 -38.38 -38.47 -38.56 -38.62 -38.62 -38.56 -38.44 -38.28 -38.09 -37.84 -37.56 -37.25 -36.97 -36.66 -36.31 -36.00 -35.69 -35.38 -35.06 -34.88 -34.91 -34.97 -35.09 -35.22 -35.31 -35.41 -35.47 -35.47 -35.44 -35.31 -35.19 -35.00 -34.78 -34.59 -34.41 -34.25 -34.16 -34.06 -34.00 -33.94 -33.81 -33.69 -33.50 -33.31 -33.12 -32.91 -32.72 -32.53 -32.38 -32.25 -32.16 -32.12 -32.09 -32.09 -32.09 -32.06
-39.66 -39.72 -39.81 -39.94 -40.03 -40.12 -40.19 -40.19 -40.09 -39.97 -39.78 -39.53 -39.28 -39.03 -38.75 -38.66 -38.75 -38.84 -38.91 -38.91 -38.84 -38.75 -38.59 -38.38 -38.12 -37.84 -37.56 -37.25 -36.97 -36.62 -36.31 -35.97 -35.69 -35.41 -35.22 -35.19 -35.25 -35.34 -35.44 -35.53 -35.62 -35.69 -35.72 -35.66 -35.56 -35.44 -35.25 -35.06 -34.88 -34.69 -34.53 -34.44 -34.38 -34.31 -34.22 -34.09 -33.97 -33.78 -33.56 -33.34 -33.12 -32.94 -32.72 -32.56 -32.41 -32.34 -32.31 -32.31 -32.31 -32.31 -32.31
-39.97 -40.00 -40.09 -40.19 -40.31 -40.41 -40.44 -40.41 -40.34 -40.19 -40.00 -39.75 -39.53 -39.25 -39.00 -38.94 -39.06 -39.12 -39.22 -39.22 -39.16 -39.03 -38.84 -38.66 -38.41 -38.12 -37.84 -37.56 -37.25 -36.94 -36.59 -36.28 -36.00 -35.75 -35.53 -35.47 -35.50 -35.56 -35.69 -35.78 -35.84 -35.91 -35.94 -35.91 -35.81 -35.69 -35.53 -35.34 -35.16 -34.97 -34.84 -34.78 -34.72 -34.62 -34.53 -34.41 -34.22 -34.03 -33.81 -33.59 -33.34 -33.12 -32.91 -32.72 -32.59 -32.53 -32.53 -32.53 -32.53 -32.56 -32.56
-40.25 -40.28 -40.34 -40.47 -40.56 -40.62 -40.66 -40.66 -40.56 -40.41 -40.22 -40.00 -39.75 -39.50 -39.28 -39.25 -39.34 -39.44 -39.50 -39.50 -39.44 -39.31 -39.12 -38.91 -38.69 -38.44 -38.16 -37.84 -37.53 -37.22 -36.88 -36.56 -36.28 -36.03 -35.84 -35.75 -35.75 -35.81 -35.91 -36.00 -36.06 -36.12 -36.16 -36.12 -36.06 -35.94 -35.78 -35.62 -35.44 -35.28 -35.19 -35.09 -35.03 -34.97 -34.84 -34.69 -34.50 -34.28 -34.03 -33.81 -33.56 -33.31 -33.09 -32.91 -32.78 -32.72 -32.75 -32.75 -32.78 -32.78 -32.78
-40.53 -40.56 -40.62 -40.72 -40.81 -40.88 -40.91 -40.88 -40.78 -40.62 -40.44 -40.22 -40.00 -39.78 -39.56 -39.56 -39.62 -39.69 -39.75 -39.75 -39.69 -39.56 -39.41 -39.19 -38.97 -38.69 -38.44 -38.12 -37.81 -37.50 -37.19 -36.88 -36.59 -36.31 -36.12 -36.00 -36.00 -36.06 -36.16 -36.22 -36.28 -36.34 -36.38 -36.34 -36.28 -36.19 -36.06 -35.91 -35.75 -35.59 -35.50 -35.44 -35.38 -35.28 -35.12 -34.97 -34.75 -34.53 -34.28 -34.03 -33.75 -33.50 -33.28 -33.06 -32.97 -32.94 -32.94 -32.97 -33.00 -33.03 -33.03
-40.78 -40.81 -40.88 -40.97 -41.06 -41.09 -41.12 -41.09 -41.00 -40.88 -40.69 -40.47 -40.25 -40.03 -39.88 -39.84 -39.91 -39.97 -40.03 -40.00 -39.94 -39.81 -39.66 -39.44 -39.22 -38.97 -38.69 -38.38 -38.09 -37.78 -37.47 -37.16 -36.88 -36.59 -36.41 -36.28 -36.25 -36.28 -36.38 -36.44 -36.50 -36.56 -36.59 -36.59 -36.53 -36.44 -36.31 -36.19 -36.03 -35.94 -35.84 -35.78 -35.69 -35.56 -35.41 -35.22 -35.00 -34.78 -34.53 -34.25 -33.97 -33.69 -33.44 -33.25 -33.16 -33.16 -33.19 -33.22 -33.25 -33.28 -33.31
-41.03 -41.06 -41.16 -41.22 -41.28 -41.34 -41.38 -41.34 -41.25 -41.12 -40.94 -40.72 -40.50 -40.28 -40.16 -40.12 -40.19 -40.22 -40.25 -40.25 -40.19 -40.06 -39.88 -39.69 -39.44 -39.19 -38.94 -38.66 -38.38 -38.06 -37.75 -37.44 -37.12 -36.88 -36.66 -36.53 -36.47 -36.50 -36.56 -36.66 -36.72 -36.75 -36.78 -36.78 -36.75 -36.66 -36.56 -36.47 -36.34 -36.25 -36.19 -36.09 -35.97 -35.84 -35.69 -35.50 -35.28 -35.03 -34.75 -34.47 -34.16 -33.88 -33.62 -33.41 -33.34 -33.38 -33.41 -33.44 -33.50 -33.53 -33.56
-41.28 -41.31 -41.41 -41.47 -41.53 -41.59 -41.59 -41.56 -41.50 -41.34 -41.16 -40.97 -40.75 -40.56 -40.44 -40.41 -40.44 -40.47 -40.50 -40.47 -40.41 -40.28 -40.09 -39.91 -39.69 -39.44 -39.19 -38.91 -38.62 -38.34 -38.00 -37.69 -37.38 -37.12 -36.94 -36.78 -36.72 -36.72 -36.78 -36.84 -36.91 -36.97 -36.97 -36.97 -36.97 -36.91 -36.81 -36.75 -36.66 -36.56 -36.47 -36.38 -36.25 -36.12 -35.94 -35.75 -35.53 -35.28 -35.00 -34.69 -34.38 -34.06 -33.78 -33.59 -33.59 -33.59 -33.62 -33.69 -33.72 -33.78 -33.81
-41.53 -41.56 -41.66 -41.72 -41.78 -41.81 -41.84 -41.81 -41.72 -41.59 -41.41 -41.19 -41.00 -40.81 -40.72 -40.69 -40.69 -40.72 -40.72 -40.69 -40.59 -40.47 -40.31 -40.12 -39.91 -39.69 -39.44 -39.16 -38.88 -38.56 -38.22 -37.91 -37.62 -37.41 -37.19 -37.03 -36.94 -36.94 -36.97 -37.03 -37.09 -37.12 -37.16 -37.16 -37.16 -37.12 -37.06 -37.00 -36.94 -36.84 -36.75 -36.66 -36.53 -36.38 -36.19 -36.00 -35.78 -35.53 -35.22 -34.91 -34.56 -34.25 -33.94 -33.84 -33.84 -33.84 -33.88 -33.94 -33.97 -34.03 -34.06
-41.75 -41.81 -41.91 -41.97 -42.03 -42.06 -42.09 -42.06 -41.97 -41.81 -41.66 -41.44 -41.25 -41.09 -40.97 -40.91 -40.91 -40.94 -40.94 -40.88 -40.81 -40.69 -40.53 -40.34 -40.12 -39.91 -39.66 -39.38 -39.09 -38.75 -38.44 -38.16 -37.91 -37.66 -37.47 -37.28 -37.19 -37.12 -37.16 -37.22 -37.28 -37.31 -37.34 -37.34 -37.34 -37.34 -37.28 -37.25 -37.19 -37.09 -37.00 -36.91 -36.75 -36.62 -36.47 -36.25 -36.03 -35.75 -35.44 -35.09 -34.78 -34.44 -34.19 -34.12 -34.09 -34.12 -34.12 -34.19 -34.22 -34.28 -34.31
-42.00 -42.06 -42.12 -42.22 -42.28 -42.31 -42.31 -42.28 -42.19 -42.06 -41.88 -41.69 -41.50 -41.34 -41.22 -41.16 -41.12 -41.12 -41.12 -41.06 -40.97 -40.88 -40.72 -40.53 -40.34 -40.12 -39.84 -39.56 -39.28 -38.97 -38.69 -38.44 -38.16 -37.94 -37.72 -37.53 -37.41 -37.34 -37.34 -37.38 -37.44 -37.47 -37.50 -37.50 -37.53 -37.53 -37.50 -37.47 -37.41 -37.34 -37.25 -37.12 -37.00 -36.88 -36.69 -36.50 -36.25 -35.97 -35.66 -35.31 -34.97 -34.62 -34.47 -34.41 -34.38 -34.38 -34.41 -34.44 -34.47 -34.53 -34.56
-42.22 -42.28 -42.38 -42.47 -42.53 -42.56 -42.56 -42.50 -42.41 -42.28 -42.09 -41.91 -41.72 -41.56 -41.44 -41.38 -41.34 -41.31 -41.28 -41.25 -41.16 -41.03 -40.88 -40.72 -40.50 -40.28 -40.03 -39.75 -39.47 -39.22 -38.94 -38.69 -38.44 -38.19 -37.97 -37.78 -37.62 -37.53 -37.50 -37.53 -37.56 -37.62 -37.66 -37.69 -37.69 -37.72 -37.69 -37.66 -37.59 -37.53 -37.44 -37.34 -37.22 -37.09 -36.94 -36.72 -36.47 -36.19 -35.84 -35.53 -35.19 -34.91 -34.75 -34.69 -34.66 -34.66 -34.66 -34.69 -34.72 -34.75 -34.78
-42.44 -42.50 -42.59 -42.69 -42.75 -42.78 -42.78 -42.72 -42.62 -42.50 -42.31 -42.12 -41.94 -41.78 -41.62 -41.56 -41.50 -41.50 -41.44 -41.41 -41.31 -41.19 -41.03 -40.88 -40.69 -40.47 -40.22 -39.97 -39.72 -39.47 -39.22 -38.97 -38.72 -38.47 -38.22 -38.00 -37.81 -37.72 -37.66 -37.69 -37.72 -37.75 -37.78 -37.81 -37.84 -37.88 -37.88 -37.84 -37.78 -37.72 -37.62 -37.53 -37.44 -37.28 -37.12 -36.94 -36.66 -36.38 -36.06 -35.75 -35.44 -35.19 -35.06 -34.97 -34.94 -34.94 -34.94 -34.94 -34.97 -35.00 -35.00
-42.66 -42.72 -42.84 -42.91 -42.97 -43.00 -43.00 -42.94 -42.84 -42.69 -42.53 -42.34 -42.12 -41.97 -41.81 -41.72 -41.69 -41.62 -41.59 -41.53 -41.44 -41.34 -41.19 -41.03 -40.84 -40.62 -40.41 -40.19 -39.94 -39.72 -39.47 -39.22 -38.97 -38.69 -38.44 -38.22 -38.00 -37.88 -37.81 -37.81 -37.84 -37.88 -37.91 -37.97 -38.00 -38.00 -38.00 -37.97 -37.94 -37.88 -37.81 -37.72 -37.62 -37.47 -37.31 -37.09 -36.84 -36.56 -36.28 -35.97 -35.69 -35.47 -35.34 -35.25 -35.22 -35.19 -35.16 -35.16 -35.19 -35.19 -35.22
-42.88 -42.94 -43.06 -43.12 -43.19 -43.22 -43.19 -43.12 -43.03 -42.88 -42.72 -42.50 -42.31 -42.12 -42.00 -41.88 -41.81 -41.78 -41.75 -41.69 -41.59 -41.50 -41.38 -41.22 -41.03 -40.81 -40.62 -40.41 -40.19 -39.97 -39.72 -39.47 -39.19 -38.91 -38.66 -38.41 -38.19 -38.00 -37.94 -37.91 -37.94 -38.00 -38.03 -38.06 -38.12 -38.12 -38.12 -38.12 -38.09 -38.03 -37.97 -37.88 -37.78 -37.66 -37.47 -37.28 -37.03 -36.75 -36.47 -36.19 -35.94 -35.72 -35.59 -35.53 -35.47 -35.44 -35.41 -35.38 -35.38 -35.41 -35.44
-43.06 -43.16 -43.25 -43.34 -43.41 -43.41 -43.38 -43.31 -43.22 -43.06 -42.88 -42.69 -42.50 -42.31 -42.16 -42.03 -41.97 -41.91 -41.88 -41.81 -41.75 -41.66 -41.53 -41.38 -41.19 -41.00 -40.81 -40.62 -40.41 -40.19 -39.91 -39.66 -39.38 -39.09 -38.81 -38.53 -38.31 -38.12 -38.03 -38.00 -38.03 -38.09 -38.12 -38.16 -38.22 -38.25 -38.25 -38.25 -38.22 -38.16 -38.09 -38.03 -37.94 -37.78 -37.62 -37.44 -37.19 -36.94 -36.66 -36.41 -36.16 -35.97 -35.84 -35.78 -35.72 -35.66 -35.62 -35.59 -35.59 -35.59 -35.59
-43.25 -43.38 -43.47 -43.56 -43.59 -43.59 -43.56 -43.50 -43.38 -43.22 -43.06 -42.84 -42.66 -42.47 -42.28 -42.16 -42.09 -42.06 -42.00 -41.97 -41.91 -41.81 -41.69 -41.53 -41.38 -41.19 -41.00 -40.81 -40.59 -40.34 -40.09 -39.81 -39.53 -39.25 -38.94 -38.66 -38.41 -38.22 -38.12 -38.09 -38.12 -38.16 -38.22 -38.25 -38.28 -38.34 -38.34 -38.34 -38.31 -38.28 -38.22 -38.16 -38.06 -37.91 -37.75 -37.56 -37.34 -37.09 -36.84 -36.59 -36.38 -36.19 -36.09 -36.00 -35.94 -35.88 -35.84 -35.78 -35.75 -35.75 -35.78
-43.47 -43.56 -43.66 -43.75 -43.78 -43.78 -43.75 -43.69 -43.56 -43.41 -43.22 -43.00 -42.81 -42.59 -42.44 -42.31 -42.22 -42.19 -42.16 -42.09 -42.03 -41.94 -41.84 -41.69 -41.53 -41.38 -41.19 -40.97 -40.75 -40.50 -40.25 -39.97 -39.66 -39.38 -39.06 -38.78 -38.50 -38.31 -38.19 -38.16 -38.19 -38.22 -38.28 -38.31 -38.38 -38.41 -38.44 -38.44 -38.41 -38.38 -38.31 -38.25 -38.16 -38.03 -37.88 -37.69 -37.47 -37.22 -37.00 -36.78 -36.56 -36.44 -36.31 -36.25 -36.16 -36.09 -36.03 -35.97 -35.94 -35.94 -35.94
-43.66 -43.75 -43.88 -43.94 -43.97 -43.97 -43.94 -43.84 -43.72 -43.56 -43.38 -43.16 -42.94 -42.72 -42.56 -42.44 -42.34 -42.31 -42.28 -42.25 -42.19 -42.09 -41.97 -41.84 -41.69 -41.53 -41.34 -41.12 -40.91 -40.66 -40.38 -40.09 -39.78 -39.47 -39.16 -38.88 -38.59 -38.38 -38.25 -38.19 -38.22 -38.28 -38.31 -38.38 -38.44 -38.47 -38.47 -38.50 -38.47 -38.44 -38.38 -38.31 -38.22 -38.09 -37.97 -37.78 -37.59 -37.38 -37.16 -36.94 -36.78 -36.62 -36.53 -36.47 -36.38 -36.28 -36.22 -36.16 -36.12 -36.09 -36.09
-43.84 -43.94 -44.06 -44.12 -44.16 -44.16 -44.09 -44.00 -43.88 -43.69 -43.50 -43.28 -43.06 -42.88 -42.69 -42.56 -42.50 -42.44 -42.41 -42.38 -42.31 -42.22 -42.09 -41.97 -41.81 -41.66 -41.47 -41.25 -41.03 -40.78 -40.50 -40.22 -39.91 -39.56 -39.25 -38.94 -38.66 -38.44 -38.28 -38.25 -38.25 -38.31 -38.38 -38.44 -38.47 -38.50 -38.53 -38.53 -38.50 -38.50 -38.44 -38.38 -38.28 -38.19 -38.03 -37.88 -37.69 -37.50 -37.31 -37.12 -36.97 -36.84 -36.75 -36.66 -36.56 -36.50 -36.41 -36.34 -36.28 -36.25 -36.25
-44.03 -44.16 -44.25 -44.31 -44.34 -44.31 -44.25 -44.16 -44.03 -43.84 -43.66 -43.44 -43.19 -43.00 -42.81 -42.69 -42.62 -42.56 -42.53 -42.50 -42.44 -42.34 -42.22 -42.09 -41.94 -41.78 -41.59 -41.38 -41.16 -40.91 -40.62 -40.31 -40.00 -39.66 -39.34 -39.00 -38.72 -38.47 -38.34 -38.25 -38.28 -38.31 -38.38 -38.44 -38.50 -38.53 -38.56 -38.56 -38.56 -38.53 -38.50 -38.44 -38.34 -38.25 -38.12 -37.97 -37.81 -37.62 -37.47 -37.28 -37.16 -37.03 -36.94 -36.84 -36.75 -36.66 -36.59 -36.50 -36.44 -36.41 -36.38
-44.22 -44.31 -44.41 -44.47 -44.50 -44.47 -44.41 -44.31 -44.16 -43.97 -43.78 -43.56 -43.34 -43.12 -42.97 -42.84 -42.75 -42.69 -42.66 -42.59 -42.53 -42.44 -42.34 -42.19 -42.06 -41.88 -41.69 -41.50 -41.25 -41.00 -40.72 -40.41 -40.09 -39.75 -39.41 -39.06 -38.75 -38.53 -38.34 -38.28 -38.28 -38.31 -38.38 -38.47 -38.53 -38.56 -38.59 -38.59 -38.59 -38.56 -38.53 -38.47 -38.41 -38.31 -38.19 -38.06 -37.91 -37.75 -37.59 -37.44 -37.31 -37.22 -37.12 -37.03 -36.94 -36.84 -36.75 -36.66 -36.59 -36.53 -36.53
-44.41 -44.50 -44.59 -44.66 -44.66 -44.62 -44.56 -44.44 -44.28 -44.09 -43.91 -43.69 -43.47 -43.25 -43.09 -42.97 -42.88 -42.81 -42.75 -42.72 -42.62 -42.53 -42.44 -42.31 -42.16 -42.00 -41.81 -41.59 -41.34 -41.09 -40.81 -40.47 -40.16 -39.81 -39.47 -39.12 -38.81 -38.53 -38.34 -38.25 -38.25 -38.31 -38.38 -38.44 -38.53 -38.59 -38.62 -38.62 -38.62 -38.59 -38.56 -38.50 -38.44 -38.34 -38.25 -38.12 -38.00 -37.84 -37.72 -37.59 -37.47 -37.38 -37.28 -37.22 -37.12 -37.03 -36.91 -36.81 -36.75 -36.69 -36.66
-44.59 -44.69 -44.75 -44.81 -44.81 -44.78 -44.69 -44.59 -44.41 -44.22 -44.03 -43.78 -43.59 -43.38 -43.22 -43.09 -43.00 -42.94 -42.88 -42.81 -42.72 -42.62 -42.53 -42.41 -42.25 -42.09 -41.91 -41.69 -41.44 -41.16 -40.88 -40.56 -40.22 -39.84 -39.50 -39.16 -38.81 -38.53 -38.31 -38.22 -38.22 -38.25 -38.34 -38.44 -38.50 -38.56 -38.62 -38.62 -38.62 -38.62 -38.59 -38.53 -38.47 -38.38 -38.28 -38.19 -38.06 -37.97 -37.84 -37.72 -37.62 -37.53 -37.47 -37.38 -37.28 -37.19 -37.09 -36.97 -36.88 -36.81 -36.78
-44.75 -44.84 -44.91 -44.94 -44.97 -44.91 -44.81 -44.69 -44.53 -44.34 -44.12 -43.91 -43.69 -43.50 -43.34 -43.22 -43.12 -43.06 -42.97 -42.91 -42.81 -42.72 -42.62 -42.50 -42.34 -42.19 -42.00 -41.78 -41.53 -41.25 -40.94 -40.62 -40.25 -39.91 -39.53 -39.16 -38.81 -38.50 -38.25 -38.12 -38.16 -38.22 -38.31 -38.41 -38.50 -38.56 -38.62 -38.62 -38.62 -38.62 -38.59 -38.56 -38.50 -38.41 -38.34 -38.25 -38.16 -38.03 -37.94 -37.84 -37.78 -37.69 -37.62 -37.53 -37.44 -37.34 -37.25 -37.12 -37.03 -36.94 -36.91
-44.91 -45.00 -45.06 -45.09 -45.09 -45.03 -44.94 -44.81 -44.66 -44.44 -44.22 -44.00 -43.81 -43.62 -43.47 -43.34 -43.25 -43.16 -43.06 -43.00 -42.91 -42.81 -42.72 -42.59 -42.44 -42.28 -42.09 -41.88 -41.62 -41.31 -41.03 -40.69 -40.31 -39.94 -39.56 -39.16 -38.81 -38.44 -38.16 -38.06 -38.09 -38.16 -38.25 -38.38 -38.47 -38.56 -38.59 -38.62 -38.62 -38.62 -38.59 -38.56 -38.50 -38.44 -38.38 -38.28 -38.22 -38.12 -38.06 -37.97 -37.91 -37.84 -37.78 -37.69 -37.62 -37.50 -37.41 -37.28 -37.16 -37.06 -37.00
-45.06 -45.12 -45.19 -45.22 -45.19 -45.16 -45.03 -44.91 -44.75 -44.53 -44.31 -44.09 -43.91 -43.72 -43.56 -43.44 -43.34 -43.25 -43.16 -43.06 -42.97 -42.88 -42.78 -42.66 -42.53 -42.38 -42.16 -41.94 -41.69 -41.41 -41.09 -40.75 -40.38 -39.97 -39.56 -39.16 -38.78 -38.34 -38.00 -37.94 -38.00 -38.09 -38.22 -38.34 -38.44 -38.53 -38.59 -38.62 -38.62 -38.62 -38.59 -38.56 -38.53 -38.47 -38.41 -38.34 -38.28 -38.22 -38.16 -38.09 -38.03 -37.97 -37.91 -37.84 -37.75 -37.66 -37.53 -37.41 -37.28 -37.19 -37.12
-45.22 -45.28 -45.31 -45.31 -45.31 -45.25 -45.12 -45.00 -44.81 -44.62 -44.41 -44.19 -44.00 -43.81 -43.66 -43.53 -43.41 -43.31 -43.22 -43.12 -43.03 -42.97 -42.84 -42.72 -42.59 -42.41 -42.22 -42.00 -41.75 -41.47 -41.16 -40.78 -40.41 -40.00 -39.56 -39.16 -38.69 -38.12 -37.81 -37.84 -37.94 -38.03 -38.19 -38.31 -38.41 -38.50 -38.59 -38.62 -38.62 -38.62 -38.59 -38.59 -38.53 -38.50 -38.44 -38.41 -38.34 -38.28 -38.22 -38.19 -38.16 -38.09 -38.06 -38.00 -37.91 -37.78 -37.66 -37.53 -37.41 -37.31 -37.25
-45.34 -45.41 -45.44 -45.44 -45.41 -45.31 -45.22 -45.06 -44.91 -44.72 -44.50 -44.28 -44.09 -43.91 -43.75 -43.59 -43.47 -43.38 -43.28 -43.19 -43.09 -43.00 -42.91 -42.78 -42.62 -42.47 -42.28 -42.03 -41.78 -41.50 -41.16 -40.81 -40.41 -40.00 -39.56 -39.16 -38.59 -38.00 -37.66 -37.75 -37.88 -38.00 -38.12 -38.25 -38.38 -38.50 -38.56 -38.62 -38.62 -38.62 -38.62 -38.59 -38.56 -38.53 -38.50 -38.44 -38.41 -38.34 -38.31 -38.28 -38.25 -38.22 -38.19 -38.12 -38.03 -37.91 -37.78 -37.66 -37.53 -37.44 -37.38
