everonasctiles/Tile[31,16].asc
ncols 128
nrows 128
xllcorner 0
yllcorner 0
cellsize 2.0
NODATA_value  -9999
[rows 32 to 63 of 128, columns 0 to 70 of 128]
210.56 210.41 210.28 210.12 210.03 209.97 209.84 209.22 209.28 209.38 209.47 209.53 209.62 209.72 209.78 209.88 209.94 209.84 209.94 209.88 209.72 209.56 209.38 209.22 209.03 208.88 208.69 208.50 208.34 208.16 208.00 207.81 207.66 207.50 207.34 207.19 207.00 206.81 206.66 206.47 206.25 206.06 205.84 205.59 205.34 205.16 204.94 204.72 204.50 204.28 204.03 203.78 203.53 203.31 203.12 202.94 202.75 202.53 202.34 202.16 201.94 201.72 201.53 201.34 201.16 201.00 200.88 200.78 200.69 200.62 200.62
210.75 210.62 210.47 210.31 210.22 210.19 210.09 209.59 209.47 209.56 209.62 209.72 209.81 209.88 209.97 210.06 210.12 210.28 210.12 209.97 209.78 209.62 209.44 209.25 209.09 208.91 208.75 208.56 208.41 208.25 208.12 207.97 207.84 207.69 207.50 207.31 207.16 206.97 206.75 206.56 206.34 206.12 205.91 205.69 205.53 205.31 205.09 204.84 204.62 204.38 204.12 203.84 203.56 203.38 203.19 203.00 202.81 202.62 202.44 202.25 202.00 201.84 201.66 201.47 201.31 201.12 201.03 200.94 200.84 200.78 200.75
210.97 210.78 210.62 210.53 210.44 210.38 210.28 210.19 209.62 209.72 209.81 209.91 209.97 210.06 210.16 210.22 210.31 210.41 210.19 210.03 209.84 209.66 209.50 209.31 209.16 208.97 208.84 208.72 208.59 208.47 208.34 208.19 208.00 207.81 207.62 207.44 207.22 207.03 206.84 206.66 206.47 206.28 206.09 205.88 205.69 205.47 205.22 204.97 204.75 204.47 204.22 203.91 203.62 203.44 203.25 203.06 202.88 202.69 202.53 202.31 202.16 201.97 201.81 201.62 201.44 201.31 201.16 201.09 201.00 200.91 200.91
211.16 210.97 210.88 210.78 210.69 210.59 210.50 210.47 210.00 209.91 209.97 210.06 210.16 210.22 210.31 210.41 210.53 210.62 210.44 210.06 209.91 209.75 209.56 209.41 209.28 209.19 209.06 208.91 208.78 208.66 208.50 208.31 208.16 207.97 207.78 207.59 207.41 207.22 207.03 206.84 206.66 206.47 206.28 206.06 205.84 205.62 205.38 205.09 204.88 204.59 204.31 204.00 203.72 203.50 203.34 203.16 202.97 202.78 202.62 202.47 202.28 202.12 201.97 201.81 201.62 201.47 201.31 201.22 201.16 201.22 201.06
211.34 211.22 211.12 211.03 210.94 210.84 210.72 210.69 210.59 210.06 210.16 210.25 210.31 210.41 210.50 210.59 210.69 210.78 210.88 210.12 209.97 209.81 209.69 209.59 209.53 209.41 209.28 209.16 209.00 208.84 208.72 208.53 208.34 208.16 207.97 207.75 207.56 207.38 207.19 207.03 206.84 206.66 206.47 206.28 206.06 205.84 205.59 205.38 205.03 204.75 204.47 204.12 203.84 203.62 203.44 203.28 203.09 202.91 202.75 202.62 202.47 202.28 202.12 201.97 201.97 201.81 201.59 201.53 201.44 201.38 201.34
211.59 211.50 211.41 211.31 211.19 211.06 210.94 210.94 210.94 210.41 210.34 210.41 210.47 210.56 210.66 210.75 210.84 210.94 211.03 210.72 210.09 209.97 209.91 209.81 209.69 209.59 209.50 209.41 209.25 209.12 208.97 208.78 208.56 208.34 208.16 207.94 207.75 207.56 207.41 207.22 207.06 206.88 206.69 206.50 206.34 206.12 205.97 205.72 205.34 205.03 204.69 204.34 204.03 203.81 203.62 203.44 203.25 203.09 202.94 202.78 202.62 202.50 202.38 202.25 202.22 202.09 202.09 202.03 201.91 201.75 201.75
211.91 211.81 211.69 211.59 211.47 211.34 211.25 211.22 211.19 211.06 210.44 210.53 210.62 210.72 210.81 210.91 211.00 211.09 211.19 211.28 210.38 210.19 210.09 210.03 209.91 209.84 209.75 209.62 209.53 209.44 209.25 209.06 208.84 208.59 208.38 208.16 207.97 207.78 207.59 207.47 207.28 207.12 206.97 206.81 206.78 206.62 206.47 206.12 205.78 205.41 205.03 204.66 204.28 204.00 203.81 203.62 203.44 203.28 203.12 203.00 202.88 202.84 202.78 202.75 202.66 202.56 202.62 202.50 202.41 202.28 202.28
212.25 212.12 212.00 211.91 211.75 211.66 211.53 211.47 211.47 211.44 210.84 210.72 210.81 210.91 211.00 211.09 211.19 211.25 211.34 211.44 211.28 210.44 210.34 210.25 210.19 210.09 210.00 209.88 209.75 209.69 209.62 209.41 209.16 208.88 208.62 208.41 208.19 208.00 207.84 207.69 207.56 207.44 207.34 207.34 207.34 207.22 206.97 206.62 206.25 205.78 205.41 205.03 204.69 204.34 204.06 203.88 203.69 203.56 203.47 203.41 203.28 203.34 203.28 203.28 203.19 203.12 203.16 203.06 203.00 202.91 202.91
212.59 212.47 212.34 212.22 212.09 211.97 211.88 211.78 211.75 211.72 211.62 210.88 210.97 211.06 211.16 211.25 211.34 211.44 211.53 211.62 211.72 211.00 210.62 210.53 210.47 210.38 210.28 210.16 210.06 209.94 209.91 209.84 209.66 209.28 208.94 208.69 208.41 208.22 208.09 207.94 207.91 207.94 207.91 207.91 207.88 207.69 207.41 207.06 206.62 206.25 205.81 205.44 205.06 204.75 204.53 204.31 204.12 203.97 203.94 203.91 203.84 203.84 203.81 203.81 203.84 203.78 203.81 203.78 203.69 203.56 203.56
212.94 212.81 212.69 212.56 212.41 212.31 212.22 212.16 212.06 212.00 211.97 211.47 211.12 211.22 211.31 211.41 211.50 211.59 211.69 211.81 211.94 212.00 211.00 210.91 210.81 210.72 210.59 210.47 210.41 210.31 210.19 210.19 210.28 210.03 209.59 209.38 208.91 208.59 208.50 208.38 208.47 208.47 208.44 208.34 208.22 208.00 207.72 207.41 207.03 206.62 206.22 205.84 205.50 205.25 204.91 204.78 204.62 204.50 204.53 204.53 204.56 204.53 204.50 204.47 204.53 204.53 204.53 204.53 204.50 204.34 204.34
213.31 213.16 213.03 212.94 212.78 212.66 212.59 212.50 212.44 212.28 212.25 212.22 211.31 211.38 211.47 211.56 211.66 211.75 211.88 211.97 212.09 212.19 212.06 211.31 211.19 211.06 210.97 210.84 210.75 210.66 210.59 210.50 210.53 210.66 210.44 210.09 209.69 209.28 209.09 208.88 208.81 208.78 208.69 208.59 208.47 208.28 208.03 207.72 207.38 206.97 206.59 206.31 206.00 205.66 205.50 205.31 205.31 205.25 205.31 205.22 205.31 205.25 205.25 205.22 205.25 205.28 205.25 205.28 205.25 205.19 205.16
213.69 213.53 213.41 213.28 213.16 213.06 212.94 212.88 212.78 212.69 212.56 212.53 212.12 211.56 211.66 211.75 211.81 211.91 212.00 212.12 212.22 212.34 212.44 212.06 211.59 211.47 211.34 211.22 211.12 211.03 210.97 210.91 210.81 210.88 211.03 210.81 210.41 210.00 209.59 209.38 209.06 208.97 208.88 208.75 208.66 208.53 208.28 208.00 207.66 207.34 207.06 206.81 206.53 206.28 206.16 206.00 206.00 206.06 206.00 206.06 206.03 206.00 206.03 206.03 206.00 206.03 206.00 206.03 206.03 206.03 206.00
214.09 213.94 213.81 213.66 213.53 213.44 213.31 213.19 213.16 213.09 213.03 212.84 212.78 211.84 211.78 211.84 211.94 212.06 212.16 212.28 212.38 212.47 212.59 212.69 212.12 211.88 211.72 211.62 211.50 211.41 211.38 211.31 211.22 211.19 211.19 211.25 211.00 210.56 210.22 209.81 209.50 209.22 209.06 208.94 208.84 208.75 208.56 208.28 208.06 207.75 207.53 207.28 207.06 206.91 206.81 206.81 206.69 206.78 206.81 206.84 206.84 206.84 206.84 206.88 206.84 206.81 206.72 206.78 206.81 206.84 206.81
214.50 214.31 214.19 214.03 213.88 213.78 213.66 213.56 213.50 213.44 213.38 213.31 213.19 212.81 211.88 212.00 212.09 212.19 212.31 212.41 212.53 212.62 212.72 212.84 212.91 212.44 212.28 212.06 211.91 211.84 211.78 211.78 211.72 211.56 211.47 211.44 211.47 211.12 210.75 210.38 210.03 209.69 209.41 209.25 209.12 209.03 208.88 208.69 208.47 208.22 208.00 207.81 207.69 207.53 207.47 207.44 207.41 207.50 207.47 207.53 207.69 207.62 207.66 207.66 207.56 207.47 207.50 207.53 207.59 207.62 207.59
214.91 214.75 214.53 214.41 214.31 214.19 214.03 213.94 213.88 213.81 213.78 213.72 213.62 213.44 212.62 212.12 212.25 212.34 212.47 212.56 212.66 212.78 212.88 212.97 213.16 213.16 212.81 212.62 212.41 212.31 212.34 212.31 212.22 212.06 211.94 211.84 211.75 211.72 211.38 211.03 210.72 210.38 210.03 209.69 209.50 209.44 209.28 209.16 208.97 208.78 208.56 208.44 208.38 208.16 208.09 208.09 208.12 208.19 208.16 208.28 208.38 208.38 208.38 208.31 208.28 208.19 208.22 208.28 208.28 208.34 208.38
215.34 215.16 214.97 214.81 214.72 214.59 214.44 214.38 214.31 214.22 214.19 214.09 213.94 213.78 213.50 212.50 212.38 212.50 212.59 212.72 212.81 212.91 213.03 213.16 213.28 213.41 213.41 213.16 212.94 212.81 212.81 212.78 212.69 212.56 212.44 212.28 212.12 212.03 211.97 211.72 211.38 211.06 210.75 210.38 210.12 209.97 209.81 209.72 209.56 209.44 209.22 209.09 209.00 208.88 208.75 208.78 208.72 208.81 208.81 208.88 208.97 209.00 209.00 208.97 208.91 208.81 208.88 208.91 208.94 209.00 209.00
215.75 215.59 215.41 215.28 215.16 215.03 214.91 214.84 214.72 214.66 214.62 214.44 214.16 213.91 213.69 213.47 212.53 212.66 212.75 212.84 212.97 213.06 213.19 213.28 213.41 213.53 213.62 213.69 213.41 213.31 213.22 213.22 213.22 213.16 213.03 212.88 212.59 212.34 212.31 212.34 212.06 211.72 211.44 211.09 210.81 210.69 210.53 210.44 210.25 210.12 209.94 209.72 209.69 209.50 209.44 209.38 209.31 209.34 209.38 209.41 209.50 209.53 209.53 209.50 209.47 209.44 209.44 209.47 209.53 209.56 209.56
216.19 216.00 215.84 215.75 215.62 215.50 215.41 215.34 215.22 215.12 215.00 214.78 214.38 213.94 213.59 213.41 213.16 212.78 212.91 213.00 213.06 213.19 213.31 213.41 213.53 213.66 213.78 213.91 213.94 213.75 213.75 213.75 213.81 213.75 213.66 213.50 213.22 212.91 212.72 212.69 212.66 212.38 212.12 211.84 211.62 211.47 211.34 211.22 211.06 210.91 210.69 210.41 210.28 210.09 210.03 210.00 209.88 209.84 209.88 209.91 209.94 209.94 209.97 209.97 209.91 209.88 209.91 209.97 210.03 210.03 210.03
216.66 216.47 216.31 216.22 216.09 216.00 215.91 215.81 215.72 215.62 215.41 215.09 214.72 214.12 213.62 213.41 213.44 213.16 213.03 213.09 213.19 213.31 213.44 213.53 213.66 213.78 213.91 214.03 214.16 214.22 214.12 214.16 214.16 214.19 214.19 214.12 214.00 213.47 213.34 213.22 213.09 213.00 212.78 212.56 212.41 212.22 212.12 212.00 211.84 211.66 211.34 211.06 210.94 210.66 210.59 210.56 210.44 210.38 210.34 210.31 210.28 210.31 210.31 210.28 210.25 210.28 210.34 210.38 210.41 210.44 210.44
217.16 217.00 216.81 216.69 216.56 216.47 216.38 216.28 216.19 216.12 215.88 215.47 215.16 214.56 213.94 213.56 213.59 213.75 213.19 213.22 213.34 213.44 213.56 213.66 213.78 213.91 214.03 214.16 214.28 214.44 214.53 214.47 214.47 214.47 214.50 214.53 214.50 214.19 214.00 213.84 213.53 213.41 213.38 213.19 213.03 212.91 212.81 212.69 212.50 212.34 212.06 211.75 211.56 211.25 211.09 211.06 210.97 210.81 210.72 210.66 210.59 210.59 210.56 210.56 210.56 210.59 210.62 210.69 210.72 210.72 210.72
217.69 217.50 217.31 217.16 217.06 216.97 216.84 216.75 216.66 216.59 216.38 215.97 215.59 215.12 214.50 214.06 213.91 213.94 213.91 213.38 213.47 213.56 213.69 213.78 213.91 214.03 214.16 214.25 214.41 214.53 214.66 214.78 214.75 214.75 214.78 214.81 214.81 214.78 214.62 214.31 214.03 213.84 213.81 213.72 213.62 213.53 213.44 213.28 213.12 212.91 212.69 212.41 212.16 211.84 211.62 211.53 211.41 211.34 211.16 211.06 210.94 210.84 210.81 210.81 210.81 210.88 210.94 210.97 210.97 211.00 210.97
218.22 218.06 217.88 217.72 217.59 217.47 217.34 217.22 217.12 217.06 216.94 216.59 216.16 215.72 215.28 214.81 214.41 214.22 214.25 214.16 213.59 213.69 213.78 213.91 214.03 214.12 214.25 214.38 214.53 214.66 214.78 214.91 215.03 215.06 215.03 215.06 215.09 215.09 215.09 214.91 214.69 214.50 214.47 214.25 214.16 214.09 214.00 213.88 213.66 213.44 213.25 213.06 212.78 212.50 212.25 212.22 211.97 211.78 211.62 211.50 211.31 211.19 211.09 211.06 211.12 211.16 211.19 211.25 211.28 211.25 211.28
218.75 218.59 218.44 218.31 218.19 218.00 217.88 217.72 217.66 217.56 217.50 217.28 216.84 216.47 216.09 215.75 215.22 214.69 214.62 214.62 214.28 213.78 213.91 214.00 214.12 214.25 214.38 214.50 214.62 214.75 214.88 215.00 215.12 215.25 215.34 215.34 215.38 215.41 215.41 215.41 215.31 215.22 215.19 215.06 214.91 214.69 214.50 214.31 214.12 213.94 213.78 213.59 213.41 213.16 212.91 212.81 212.69 212.38 212.22 211.97 211.84 211.62 211.53 211.47 211.50 211.47 211.50 211.53 211.56 211.56 211.56
219.28 219.12 219.00 218.84 218.72 218.53 218.38 218.25 218.19 218.06 217.97 217.88 217.53 217.12 216.84 216.59 216.06 215.50 215.03 214.81 214.56 214.31 214.00 214.12 214.25 214.34 214.47 214.59 214.72 214.84 214.97 215.09 215.25 215.38 215.50 215.59 215.62 215.66 215.69 215.72 215.75 215.72 215.72 215.66 215.59 215.44 215.19 214.75 214.56 214.47 214.31 214.19 214.03 213.88 213.66 213.59 213.38 213.09 212.91 212.78 212.38 212.16 212.03 211.91 211.94 211.91 211.91 211.91 211.91 211.91 211.91
219.81 219.66 219.50 219.34 219.22 219.06 218.91 218.81 218.66 218.53 218.44 218.34 218.09 217.75 217.44 217.19 216.88 216.28 215.56 214.94 214.50 214.41 214.53 214.25 214.31 214.44 214.56 214.69 214.84 214.97 215.09 215.22 215.34 215.47 215.59 215.78 215.91 215.94 215.97 216.00 216.03 216.06 216.09 216.06 216.00 215.91 215.78 215.56 215.19 214.97 214.88 214.78 214.69 214.53 214.44 214.38 214.12 213.88 213.72 213.47 213.06 212.88 212.66 212.44 212.44 212.38 212.31 212.34 212.28 212.25 212.28
220.28 220.16 220.00 219.88 219.72 219.56 219.41 219.25 219.09 219.00 218.88 218.81 218.62 218.25 217.94 217.78 217.41 216.91 216.22 215.47 214.88 214.34 214.47 214.66 214.47 214.56 214.69 214.81 214.94 215.06 215.19 215.31 215.44 215.56 215.72 215.84 216.00 216.12 216.25 216.25 216.28 216.34 216.38 216.38 216.34 216.25 216.12 215.94 215.81 215.66 215.47 215.41 215.31 215.22 215.12 215.03 214.91 214.69 214.50 214.25 213.91 213.62 213.34 213.06 212.94 212.88 212.75 212.75 212.72 212.69 212.69
220.78 220.66 220.50 220.34 220.19 220.03 219.81 219.69 219.56 219.44 219.34 219.28 219.16 218.84 218.53 218.28 217.88 217.34 216.84 216.31 215.66 215.00 214.88 214.81 215.03 214.81 214.78 214.91 215.03 215.16 215.28 215.44 215.56 215.69 215.81 215.94 216.09 216.22 216.34 216.47 216.53 216.59 216.62 216.62 216.62 216.56 216.44 216.31 216.28 216.22 216.12 216.00 215.91 215.84 215.78 215.72 215.62 215.47 215.25 215.00 214.66 214.41 214.06 213.69 213.50 213.38 213.22 213.22 213.22 213.19 213.16
221.25 221.09 220.97 220.81 220.69 220.47 220.25 220.16 220.00 219.91 219.81 219.72 219.59 219.44 219.16 218.84 218.44 217.84 217.38 217.03 216.53 216.09 215.69 215.81 215.81 215.72 215.28 215.03 215.16 215.28 215.41 215.53 215.66 215.78 215.91 216.03 216.16 216.31 216.44 216.56 216.69 216.81 216.88 216.91 216.94 216.94 216.84 216.78 216.72 216.66 216.56 216.53 216.50 216.41 216.41 216.31 216.25 216.12 215.94 215.69 215.41 215.09 214.75 214.34 214.12 213.94 213.78 213.72 213.72 213.66 213.66
221.69 221.56 221.41 221.28 221.16 220.94 220.72 220.59 220.47 220.41 220.31 220.22 220.09 219.94 219.78 219.47 219.12 218.62 218.06 217.66 217.28 217.03 216.69 216.44 216.38 216.38 216.31 215.72 215.25 215.38 215.50 215.62 215.75 215.88 216.00 216.12 216.25 216.38 216.53 216.66 216.78 216.91 217.06 217.16 217.22 217.25 217.25 217.22 217.16 217.06 217.00 217.00 217.00 216.94 216.91 216.84 216.78 216.69 216.53 216.31 216.06 215.75 215.41 215.06 214.78 214.59 214.47 214.34 214.25 214.16 214.16
222.09 222.00 221.84 221.72 221.59 221.44 221.22 221.06 221.00 220.91 220.81 220.72 220.59 220.47 220.34 220.06 219.84 219.50 219.09 218.56 218.12 217.88 217.53 217.06 216.62 216.53 216.47 216.28 215.94 215.50 215.59 215.69 215.81 215.97 216.09 216.22 216.34 216.47 216.62 216.75 216.88 217.00 217.12 217.28 217.44 217.50 217.56 217.56 217.56 217.50 217.47 217.44 217.41 217.38 217.31 217.31 217.28 217.16 217.03 216.84 216.59 216.31 216.03 215.66 215.41 215.28 215.12 214.97 214.84 214.78 214.75
222.53 222.41 222.28 222.16 222.03 221.88 221.75 221.62 221.50 221.38 221.28 221.19 221.09 221.00 220.88 220.72 220.50 220.41 220.22 219.78 219.28 218.75 218.22 217.84 217.28 217.00 216.62 216.34 216.19 216.16 215.75 215.78 215.91 216.06 216.19 216.31 216.44 216.56 216.69 216.84 216.97 217.09 217.22 217.34 217.50 217.66 217.81 217.84 217.88 217.88 217.84 217.81 217.78 217.75 217.75 217.75 217.69 217.62 217.44 217.28 217.03 216.78 216.53 216.22 216.03 215.88 215.72 215.59 215.50 215.50 215.47
222.97 222.84 222.72 222.59 222.44 222.34 222.25 222.16 222.00 221.84 221.78 221.69 221.62 221.53 221.44 221.31 221.22 221.09 221.03 220.84 220.47 219.88 219.16 218.62 218.19 217.75 217.12 216.59 216.34 216.44 216.44 216.12 216.00 216.12 216.28 216.41 216.53 216.66 216.78 216.94 217.06 217.19 217.31 217.44 217.59 217.72 217.84 218.03 218.12 218.16 218.16 218.16 218.19 218.19 218.16 218.12 218.06 218.00 217.84 217.66 217.44 217.22 216.97 216.72 216.56 216.44 216.31 216.19 216.12 216.12 216.09
