everonasctiles/Tile[13,34].asc
ncols 128
nrows 128
xllcorner 0
yllcorner 0
cellsize 2.0
NODATA_value  -9999
[rows 0 to 31 of 128, columns 0 to 70 of 128]
-31.22 -30.97 -30.53 -29.88 -29.91 -29.97 -29.44 -29.12 -28.97 -28.75 -28.12 -27.47 -27.69 -27.72 -27.78 -27.69 -27.56 -27.38 -27.19 -27.12 -26.78 -26.41 -26.34 -25.94 -26.00 -26.28 -26.25 -26.16 -25.94 -25.62 -25.41 -25.38 -25.19 -24.78 -24.66 -24.78 -25.03 -25.00 -24.84 -24.69 -24.50 -24.31 -24.00 -23.66 -23.34 -23.44 -23.59 -23.88 -24.12 -24.28 -24.25 -24.03 -23.81 -23.66 -23.69 -23.72 -23.72 -23.72 -23.62 -23.81 -23.81 -23.81 -23.94 -23.91 -23.91 -23.88 -23.69 -23.56 -23.50 -23.47 -23.59
-31.03 -30.75 -30.41 -29.94 -30.03 -30.19 -29.91 -29.59 -29.38 -29.12 -28.56 -28.28 -28.50 -28.41 -28.22 -27.94 -27.84 -27.56 -27.34 -27.22 -26.75 -26.59 -26.62 -26.25 -26.12 -26.34 -26.44 -26.31 -26.06 -25.78 -25.47 -25.31 -25.12 -24.88 -24.91 -24.94 -25.03 -24.75 -24.44 -24.59 -24.41 -23.94 -23.78 -23.59 -23.56 -23.69 -23.88 -24.00 -24.12 -24.31 -24.28 -24.06 -24.00 -23.91 -23.81 -23.78 -23.78 -23.72 -23.78 -23.88 -23.75 -23.72 -23.91 -23.84 -23.81 -23.62 -23.44 -23.34 -23.50 -23.53 -23.53
-31.03 -30.81 -30.81 -30.50 -30.47 -30.47 -30.28 -29.97 -29.81 -29.53 -29.12 -29.06 -28.97 -28.75 -28.50 -28.19 -27.91 -27.53 -27.47 -27.31 -26.84 -26.81 -26.81 -26.59 -26.19 -26.38 -26.50 -26.34 -26.06 -25.81 -25.47 -25.28 -25.03 -24.81 -24.88 -24.78 -24.66 -24.12 -23.91 -24.16 -23.72 -23.53 -23.69 -23.66 -23.62 -23.66 -23.66 -23.72 -23.88 -24.19 -24.19 -24.12 -24.03 -23.88 -23.78 -23.84 -23.84 -23.91 -23.97 -23.84 -23.69 -23.78 -23.75 -23.59 -23.56 -23.44 -23.12 -23.19 -23.44 -23.53 -23.56
-31.38 -31.16 -31.12 -30.94 -30.78 -30.69 -30.53 -30.34 -30.12 -29.91 -29.59 -29.47 -29.22 -29.00 -28.62 -28.34 -27.94 -27.47 -27.56 -27.47 -27.09 -27.19 -27.12 -26.78 -26.19 -26.09 -26.28 -26.28 -26.06 -25.75 -25.47 -25.19 -25.03 -24.78 -24.59 -24.41 -24.25 -23.81 -23.50 -23.53 -23.34 -23.31 -23.06 -22.91 -22.81 -22.91 -23.06 -23.47 -23.94 -24.06 -23.97 -23.81 -23.78 -23.69 -23.59 -23.78 -23.78 -23.84 -23.94 -23.88 -23.81 -23.84 -23.66 -23.59 -23.53 -23.34 -23.25 -23.25 -23.44 -23.62 -23.81
-31.56 -31.41 -31.28 -31.12 -31.00 -30.88 -30.72 -30.47 -30.22 -30.00 -29.81 -29.66 -29.34 -29.12 -28.75 -28.41 -28.12 -27.56 -27.66 -27.59 -27.47 -27.31 -27.28 -26.78 -26.59 -26.34 -26.44 -26.38 -26.03 -25.75 -25.53 -25.25 -24.94 -24.72 -24.62 -24.66 -24.50 -24.09 -23.69 -23.50 -23.03 -22.91 -22.75 -22.50 -22.38 -22.66 -23.16 -23.62 -23.91 -23.81 -23.56 -23.41 -23.25 -23.22 -23.31 -23.56 -23.50 -23.50 -23.62 -23.72 -23.66 -23.62 -23.66 -23.62 -23.41 -23.47 -23.62 -23.59 -23.66 -23.78 -23.78
-31.66 -31.53 -31.38 -31.16 -31.09 -30.94 -30.72 -30.50 -30.22 -30.03 -29.88 -29.72 -29.50 -29.28 -29.09 -28.81 -28.50 -28.16 -28.00 -27.78 -27.78 -27.72 -27.38 -27.00 -26.72 -26.50 -26.66 -26.59 -26.38 -26.16 -26.09 -25.88 -25.47 -24.97 -24.78 -24.59 -24.09 -23.91 -23.66 -23.25 -23.00 -22.88 -22.78 -22.81 -23.09 -23.47 -23.53 -23.56 -23.41 -23.31 -23.28 -23.09 -23.03 -23.03 -23.16 -23.34 -23.47 -23.59 -23.75 -23.78 -23.69 -23.66 -23.69 -23.59 -23.56 -23.66 -23.56 -23.44 -23.50 -23.72 -23.81
-31.75 -31.62 -31.50 -31.22 -31.09 -30.91 -30.69 -30.50 -30.19 -30.03 -29.88 -29.81 -29.72 -29.56 -29.41 -29.09 -28.75 -28.53 -28.34 -28.12 -28.03 -28.06 -27.72 -27.12 -26.72 -26.50 -26.75 -26.75 -26.66 -26.56 -26.31 -26.03 -25.62 -25.28 -24.84 -24.31 -23.84 -23.62 -23.44 -23.34 -23.31 -23.19 -23.22 -23.41 -23.81 -23.84 -23.66 -23.47 -23.25 -23.00 -23.00 -23.06 -23.16 -23.25 -23.22 -23.34 -23.75 -23.88 -23.81 -23.78 -23.72 -23.62 -23.66 -23.66 -23.69 -23.62 -23.50 -23.47 -23.53 -23.62 -23.78
-31.84 -31.72 -31.59 -31.47 -31.28 -31.06 -30.81 -30.69 -30.31 -29.94 -29.84 -29.97 -29.91 -29.81 -29.62 -29.44 -29.22 -28.94 -28.72 -28.44 -28.16 -28.19 -27.84 -27.47 -27.19 -27.06 -27.00 -26.84 -26.81 -26.59 -26.25 -25.94 -25.72 -25.59 -25.25 -24.62 -24.16 -23.75 -23.50 -23.62 -23.69 -23.59 -23.56 -23.88 -24.00 -23.78 -23.41 -23.38 -23.31 -23.25 -23.22 -23.16 -23.00 -22.88 -23.00 -23.47 -23.72 -23.91 -23.97 -23.97 -23.75 -23.78 -23.78 -23.75 -23.84 -23.72 -23.62 -23.69 -23.72 -23.81 -23.84
-31.91 -31.81 -31.69 -31.56 -31.41 -31.22 -31.00 -30.81 -30.50 -30.12 -30.06 -30.12 -30.00 -29.91 -29.78 -29.62 -29.50 -29.34 -29.16 -28.84 -28.62 -28.38 -27.91 -27.31 -26.88 -26.66 -26.53 -26.28 -26.47 -26.31 -25.97 -25.84 -25.66 -25.41 -25.22 -25.00 -24.66 -24.38 -24.12 -24.03 -23.94 -23.91 -23.97 -24.03 -23.78 -23.31 -23.09 -23.12 -23.00 -23.03 -23.12 -23.12 -23.12 -23.22 -23.47 -23.75 -23.91 -24.03 -24.12 -24.12 -24.06 -24.06 -23.97 -24.00 -24.06 -24.00 -23.94 -23.91 -23.78 -23.78 -23.97
-31.94 -31.84 -31.72 -31.59 -31.47 -31.28 -31.03 -30.88 -30.66 -30.41 -30.22 -30.06 -29.94 -29.94 -29.81 -29.72 -29.59 -29.44 -29.25 -29.03 -28.78 -28.44 -27.75 -26.94 -26.34 -26.03 -26.00 -25.97 -26.28 -26.16 -25.84 -25.59 -25.31 -25.00 -24.84 -24.97 -25.00 -24.81 -24.59 -24.41 -24.25 -24.22 -24.19 -23.84 -23.38 -23.22 -23.19 -23.09 -22.84 -22.91 -23.16 -23.38 -23.53 -23.69 -23.88 -23.91 -23.84 -23.94 -24.12 -24.28 -24.34 -24.31 -24.31 -24.25 -24.09 -24.00 -23.94 -24.00 -24.00 -24.06 -24.09
-31.94 -31.84 -31.72 -31.59 -31.47 -31.31 -31.12 -30.94 -30.69 -30.44 -30.22 -29.91 -29.78 -29.78 -29.72 -29.66 -29.56 -29.41 -29.22 -29.00 -28.72 -28.38 -27.78 -27.06 -26.81 -26.28 -26.03 -26.03 -26.25 -26.06 -25.75 -25.56 -25.28 -24.91 -24.72 -24.81 -24.78 -24.62 -24.56 -24.47 -24.38 -24.19 -23.62 -23.34 -23.38 -23.41 -23.31 -23.12 -23.00 -23.09 -23.31 -23.66 -23.72 -23.66 -23.88 -24.00 -23.94 -23.91 -24.09 -24.25 -24.38 -24.41 -24.44 -24.41 -24.28 -24.16 -24.06 -24.09 -24.16 -24.28 -24.28
-31.88 -31.75 -31.66 -31.53 -31.41 -31.25 -31.06 -30.88 -30.66 -30.38 -30.06 -29.81 -29.72 -29.59 -29.56 -29.53 -29.41 -29.25 -29.06 -28.81 -28.53 -28.16 -27.69 -27.19 -27.06 -26.56 -26.47 -26.34 -26.47 -26.34 -25.91 -25.56 -25.22 -24.84 -24.81 -24.69 -24.47 -24.34 -24.47 -24.34 -24.41 -24.09 -23.59 -23.38 -23.31 -23.22 -23.28 -23.16 -23.12 -23.31 -23.66 -23.78 -23.62 -23.62 -23.88 -23.91 -23.78 -23.88 -24.00 -24.12 -24.28 -24.44 -24.41 -24.31 -24.28 -24.31 -24.31 -24.22 -24.25 -24.41 -24.47
-31.75 -31.66 -31.53 -31.41 -31.28 -31.12 -30.88 -30.62 -30.50 -30.25 -29.94 -29.66 -29.53 -29.31 -29.25 -29.38 -29.09 -28.97 -28.75 -28.47 -27.97 -27.50 -27.16 -26.75 -26.75 -26.53 -26.69 -26.44 -26.47 -26.31 -25.94 -25.53 -25.22 -25.00 -24.88 -24.75 -24.41 -24.25 -24.44 -24.62 -24.56 -24.25 -23.81 -23.44 -23.34 -23.47 -23.44 -23.31 -23.31 -23.66 -23.78 -23.78 -23.72 -23.84 -23.84 -23.59 -23.59 -23.88 -23.94 -24.00 -24.09 -24.28 -24.38 -24.34 -24.28 -24.34 -24.31 -24.31 -24.31 -24.38 -24.47
-31.66 -31.53 -31.38 -31.25 -31.09 -30.91 -30.59 -30.38 -30.16 -29.97 -29.75 -29.59 -29.38 -29.06 -28.94 -29.16 -28.78 -28.50 -28.25 -27.75 -27.19 -26.94 -26.75 -26.41 -26.25 -25.97 -26.22 -26.22 -26.38 -26.25 -25.91 -25.28 -25.00 -24.97 -24.81 -24.62 -24.56 -24.53 -24.62 -24.75 -24.59 -24.16 -23.66 -23.34 -23.28 -23.38 -23.56 -23.78 -23.84 -23.78 -23.62 -23.59 -23.75 -23.78 -23.62 -23.44 -23.44 -23.69 -23.94 -24.03 -24.03 -24.19 -24.34 -24.44 -24.47 -24.50 -24.44 -24.38 -24.41 -24.53 -24.56
-31.50 -31.38 -31.22 -31.06 -30.78 -30.59 -30.38 -30.06 -29.75 -29.59 -29.59 -29.44 -29.22 -28.97 -28.97 -28.94 -28.66 -28.28 -27.88 -27.31 -26.91 -26.84 -26.66 -26.00 -25.69 -25.44 -25.34 -25.84 -26.25 -26.12 -25.84 -25.28 -24.97 -24.75 -24.53 -24.50 -24.53 -24.56 -24.59 -24.72 -24.56 -24.06 -23.62 -23.56 -23.59 -23.69 -23.75 -23.78 -23.78 -23.69 -23.56 -23.53 -23.62 -23.59 -23.47 -23.38 -23.47 -23.78 -23.91 -24.09 -24.22 -24.22 -24.34 -24.41 -24.56 -24.53 -24.53 -24.47 -24.47 -24.53 -24.56
-31.31 -31.19 -31.00 -30.78 -30.53 -30.22 -30.06 -29.72 -29.41 -29.31 -29.28 -29.06 -28.84 -28.72 -28.72 -28.56 -28.34 -27.81 -27.22 -26.84 -26.44 -26.06 -25.53 -24.97 -24.69 -24.44 -24.47 -25.56 -25.94 -25.78 -25.59 -25.41 -25.22 -24.94 -24.47 -24.44 -24.22 -24.47 -24.66 -24.69 -24.62 -24.31 -24.12 -24.03 -24.00 -23.78 -23.50 -23.62 -23.88 -23.78 -23.56 -23.50 -23.53 -23.44 -23.38 -23.31 -23.62 -23.91 -24.06 -24.25 -24.41 -24.34 -24.38 -24.31 -24.28 -24.28 -24.25 -24.22 -24.25 -24.31 -24.38
-31.09 -30.91 -30.72 -30.59 -30.38 -30.03 -29.72 -29.50 -29.25 -28.97 -28.94 -28.56 -28.28 -28.31 -28.16 -28.09 -27.94 -27.47 -27.00 -26.72 -26.31 -25.47 -24.69 -24.28 -23.94 -23.53 -23.69 -25.06 -25.53 -25.38 -25.28 -25.22 -25.06 -24.88 -24.72 -24.72 -24.59 -24.59 -24.72 -24.75 -24.69 -24.50 -24.28 -24.00 -23.88 -23.78 -23.59 -23.66 -23.78 -23.59 -23.66 -23.81 -23.72 -23.69 -23.75 -23.59 -23.84 -24.03 -24.22 -24.31 -24.41 -24.44 -24.41 -24.25 -24.06 -24.00 -23.94 -24.03 -24.09 -24.06 -24.16
-30.97 -30.69 -30.44 -30.38 -30.19 -29.88 -29.56 -29.31 -29.00 -28.94 -28.78 -28.34 -27.97 -27.97 -27.94 -27.72 -27.56 -27.34 -27.00 -26.59 -26.28 -25.34 -24.53 -24.12 -23.72 -23.81 -24.09 -25.12 -25.38 -25.28 -25.19 -24.97 -24.72 -24.66 -24.72 -24.66 -24.66 -24.72 -24.69 -24.66 -24.66 -24.44 -23.97 -23.59 -23.56 -23.62 -23.66 -23.78 -23.84 -23.75 -23.88 -24.06 -23.97 -23.94 -23.91 -23.78 -23.91 -24.09 -24.19 -24.22 -24.28 -24.44 -24.34 -24.19 -24.09 -24.00 -24.06 -24.12 -24.16 -24.09 -23.97
-31.06 -30.69 -30.41 -30.16 -29.97 -29.59 -29.06 -28.84 -28.66 -28.66 -28.50 -28.09 -27.75 -27.75 -27.53 -27.28 -27.16 -27.19 -26.88 -26.53 -25.97 -25.16 -24.81 -24.44 -24.41 -24.56 -24.88 -25.44 -25.41 -25.06 -25.03 -24.84 -24.69 -24.53 -24.47 -24.53 -24.50 -24.50 -24.44 -24.53 -24.56 -24.19 -23.62 -23.41 -23.28 -23.31 -23.53 -23.78 -23.91 -23.94 -24.19 -24.19 -24.16 -24.09 -23.97 -23.91 -24.00 -23.94 -24.06 -24.16 -24.31 -24.50 -24.47 -24.53 -24.44 -24.31 -24.28 -24.22 -24.22 -24.16 -24.12
-31.12 -30.81 -30.59 -30.19 -29.78 -29.22 -28.41 -27.97 -27.84 -27.97 -27.88 -27.56 -27.53 -27.38 -27.09 -26.97 -27.03 -26.97 -26.75 -26.44 -25.78 -25.34 -25.41 -25.25 -24.94 -25.12 -25.59 -25.62 -25.38 -25.06 -24.91 -24.69 -24.44 -24.28 -24.19 -24.25 -24.34 -24.31 -24.44 -24.56 -24.50 -24.19 -23.56 -23.25 -23.16 -23.25 -23.59 -23.91 -24.03 -24.12 -24.34 -24.28 -24.31 -24.25 -24.03 -24.00 -23.97 -23.84 -24.00 -24.12 -24.31 -24.44 -24.47 -24.59 -24.56 -24.41 -24.31 -24.38 -24.44 -24.28 -24.09
-31.25 -30.88 -30.62 -30.25 -29.75 -29.03 -28.31 -27.66 -27.12 -27.03 -26.94 -27.16 -27.31 -27.12 -26.91 -26.97 -26.91 -26.56 -26.44 -26.25 -25.88 -25.78 -25.81 -25.69 -25.41 -25.78 -25.94 -25.75 -25.34 -25.09 -24.81 -24.53 -24.41 -24.16 -23.97 -23.94 -24.06 -24.19 -24.38 -24.47 -24.44 -24.28 -23.91 -23.62 -23.47 -23.53 -23.84 -24.03 -24.16 -24.38 -24.62 -24.50 -24.38 -24.31 -24.22 -24.25 -24.31 -24.25 -24.19 -24.22 -24.25 -24.41 -24.50 -24.53 -24.53 -24.59 -24.66 -24.59 -24.59 -24.50 -24.38
-31.50 -31.12 -30.72 -30.31 -29.69 -28.72 -27.78 -27.09 -26.62 -26.50 -26.22 -26.47 -26.56 -26.62 -26.66 -26.91 -26.69 -26.25 -26.25 -26.00 -25.97 -26.16 -26.09 -26.12 -26.00 -26.16 -26.09 -25.75 -25.28 -25.06 -24.78 -24.47 -24.34 -24.12 -24.00 -23.91 -23.91 -24.00 -24.00 -24.22 -24.47 -24.41 -24.19 -23.84 -23.53 -23.62 -23.84 -23.97 -24.19 -24.50 -24.66 -24.50 -24.53 -24.62 -24.28 -24.31 -24.31 -24.19 -24.28 -24.34 -24.34 -24.38 -24.31 -24.34 -24.50 -24.62 -24.62 -24.62 -24.69 -24.59 -24.44
-31.62 -31.19 -30.72 -30.25 -29.69 -28.91 -28.09 -27.25 -26.41 -26.00 -25.88 -26.06 -26.31 -26.41 -26.72 -27.12 -26.94 -26.31 -26.12 -25.97 -26.00 -26.44 -26.50 -26.47 -26.41 -26.34 -26.09 -25.66 -25.22 -24.97 -24.75 -24.59 -24.44 -24.22 -24.06 -23.91 -23.81 -23.84 -23.94 -24.38 -24.66 -24.44 -24.12 -23.94 -23.75 -23.69 -23.81 -23.84 -24.28 -24.53 -24.50 -24.25 -24.22 -24.16 -24.19 -24.31 -24.31 -24.25 -24.25 -24.22 -24.41 -24.47 -24.59 -24.56 -24.59 -24.72 -24.69 -24.59 -24.53 -24.50 -24.31
-31.78 -31.25 -30.81 -30.34 -29.75 -29.34 -28.75 -28.06 -27.22 -26.66 -26.38 -26.16 -26.41 -26.59 -27.41 -27.53 -27.06 -26.50 -26.00 -26.16 -26.50 -26.97 -26.91 -26.72 -26.53 -26.38 -26.09 -25.50 -25.09 -24.91 -24.56 -24.44 -24.31 -24.19 -24.06 -23.94 -23.81 -23.75 -23.91 -24.44 -24.62 -24.50 -24.34 -24.22 -24.38 -24.44 -24.16 -24.00 -24.34 -24.41 -24.06 -24.03 -24.12 -24.19 -24.19 -24.28 -24.28 -24.31 -24.44 -24.50 -24.69 -24.75 -24.94 -24.91 -24.81 -24.75 -24.66 -24.69 -24.50 -24.38 -24.16
-32.09 -31.62 -31.19 -30.75 -30.28 -29.75 -29.28 -28.72 -28.09 -27.56 -26.75 -26.19 -26.06 -26.72 -27.62 -27.75 -27.22 -27.09 -26.81 -26.75 -27.03 -27.31 -27.28 -26.88 -26.56 -26.38 -26.06 -25.53 -25.16 -24.72 -24.44 -24.38 -24.19 -24.09 -24.00 -23.88 -23.84 -23.88 -24.06 -24.56 -24.62 -24.56 -24.53 -24.56 -24.72 -24.81 -24.66 -24.66 -24.72 -24.72 -24.53 -24.50 -24.62 -24.47 -24.28 -24.34 -24.41 -24.53 -24.62 -24.75 -24.97 -25.03 -25.06 -25.06 -25.00 -24.94 -24.84 -24.62 -24.38 -24.12 -23.88
-32.41 -32.00 -31.59 -31.16 -30.66 -30.00 -29.44 -29.00 -28.59 -28.22 -27.34 -26.91 -26.56 -27.06 -27.81 -27.53 -27.31 -27.59 -27.62 -27.56 -27.75 -27.69 -27.31 -26.91 -26.72 -26.41 -26.00 -25.66 -25.47 -25.09 -24.66 -24.47 -24.41 -24.25 -24.09 -23.94 -23.94 -24.16 -24.53 -24.69 -24.69 -24.59 -24.53 -24.69 -24.84 -25.00 -25.00 -25.06 -25.12 -25.06 -25.06 -25.06 -24.97 -24.72 -24.69 -24.66 -24.62 -24.69 -24.75 -24.78 -25.00 -25.06 -25.03 -25.06 -25.09 -25.03 -24.62 -24.34 -24.22 -24.06 -23.59
-32.69 -32.16 -31.59 -31.06 -30.56 -30.00 -29.62 -29.28 -28.94 -28.78 -27.97 -27.66 -27.31 -27.91 -28.34 -28.09 -28.00 -28.16 -28.25 -28.16 -28.16 -27.94 -27.56 -27.03 -26.66 -26.44 -26.16 -25.78 -25.53 -25.31 -24.94 -24.66 -24.62 -24.50 -24.34 -24.38 -24.44 -24.69 -24.72 -24.53 -24.34 -24.25 -24.38 -24.62 -24.78 -24.88 -24.97 -25.09 -25.16 -25.16 -25.16 -25.16 -25.06 -25.03 -25.03 -24.97 -24.97 -25.03 -25.09 -25.16 -25.19 -25.22 -25.12 -25.09 -25.09 -25.03 -24.88 -24.66 -24.47 -24.28 -23.72
-32.78 -32.09 -31.41 -30.75 -30.25 -30.19 -29.94 -29.72 -29.47 -29.31 -28.62 -28.28 -28.12 -28.75 -28.97 -28.97 -28.88 -28.81 -28.75 -28.31 -28.00 -27.84 -27.56 -27.09 -26.81 -26.56 -26.38 -26.03 -25.69 -25.44 -25.25 -24.94 -24.84 -24.66 -24.62 -24.62 -24.75 -24.69 -24.47 -24.22 -24.31 -24.25 -24.12 -24.34 -24.38 -24.44 -24.69 -25.00 -24.94 -25.00 -25.12 -25.12 -25.09 -25.12 -25.06 -25.06 -25.12 -25.19 -25.22 -25.25 -25.22 -25.16 -25.12 -25.09 -25.00 -24.97 -24.94 -24.91 -24.75 -24.56 -24.12
-32.75 -32.09 -31.47 -31.06 -30.75 -30.72 -30.66 -30.41 -30.19 -29.97 -29.69 -29.44 -29.41 -29.47 -29.38 -29.38 -29.31 -29.28 -29.03 -28.56 -28.03 -27.62 -27.34 -27.03 -27.00 -26.91 -26.62 -26.19 -25.69 -25.47 -25.31 -25.06 -24.78 -24.72 -24.91 -24.97 -24.88 -24.62 -24.50 -24.44 -24.38 -24.19 -23.81 -23.94 -24.16 -24.22 -24.41 -24.66 -24.78 -24.91 -24.97 -24.91 -24.94 -24.94 -24.91 -24.97 -25.06 -25.12 -25.12 -25.16 -25.06 -25.00 -24.97 -24.97 -24.91 -24.78 -24.72 -24.66 -24.62 -24.62 -24.38
-33.06 -32.50 -31.94 -31.81 -31.78 -31.56 -31.38 -31.22 -31.06 -30.84 -30.56 -30.22 -30.09 -30.03 -29.97 -29.94 -29.69 -29.47 -28.97 -28.38 -28.09 -27.62 -27.19 -27.16 -27.34 -27.12 -26.69 -26.44 -26.09 -25.81 -25.34 -24.91 -24.69 -24.72 -25.03 -25.00 -24.75 -24.50 -24.41 -24.34 -24.19 -24.03 -24.19 -24.19 -24.16 -24.16 -24.47 -24.75 -24.78 -24.84 -24.81 -24.75 -24.78 -24.75 -24.81 -24.94 -25.00 -24.94 -25.09 -25.16 -25.06 -25.00 -24.94 -24.84 -24.75 -24.56 -24.31 -24.31 -24.50 -24.56 -24.50
-33.62 -33.06 -32.59 -32.53 -32.41 -32.22 -32.06 -31.84 -31.66 -31.44 -31.16 -30.81 -30.62 -30.47 -30.41 -30.34 -30.00 -29.66 -29.19 -28.50 -28.19 -28.12 -27.81 -27.59 -27.41 -27.06 -26.69 -26.50 -26.34 -26.06 -25.75 -25.22 -24.91 -24.75 -24.81 -24.72 -24.38 -24.25 -24.19 -24.22 -24.28 -24.19 -24.41 -24.47 -24.38 -24.62 -24.81 -24.91 -24.81 -24.84 -24.88 -24.78 -24.81 -24.91 -25.00 -24.91 -24.81 -24.81 -25.06 -25.16 -25.12 -24.97 -24.75 -24.62 -24.41 -24.19 -24.03 -24.16 -24.31 -24.28 -24.12
-33.91 -33.56 -33.25 -33.06 -32.88 -32.69 -32.50 -32.28 -32.06 -31.81 -31.50 -31.25 -30.94 -30.72 -30.66 -30.50 -30.22 -29.91 -29.59 -29.00 -28.72 -28.78 -28.72 -28.47 -27.81 -26.81 -26.41 -26.12 -25.81 -25.53 -25.50 -25.22 -24.81 -24.75 -25.00 -24.88 -24.66 -24.50 -24.34 -24.59 -24.62 -24.44 -24.53 -24.75 -24.62 -24.91 -25.06 -25.00 -24.78 -24.75 -24.81 -24.78 -24.88 -24.91 -24.84 -24.72 -24.41 -24.50 -24.97 -25.12 -25.12 -25.06 -24.81 -24.66 -24.31 -24.06 -24.03 -24.16 -24.19 -23.94 -24.00
