everonasctiles/Tile[15,4].asc
ncols 128
nrows 128
xllcorner 0
yllcorner 0
cellsize 2.0
NODATA_value  -9999
[rows 96 to 127 of 128, columns 0 to 70 of 128]
-25.88 -25.91 -25.91 -25.94 -25.91 -25.88 -25.88 -25.88 -25.88 -25.91 -25.97 -26.03 -26.06 -26.06 -26.03 -26.00 -25.94 -25.88 -25.88 -25.88 -25.84 -25.84 -25.81 -25.78 -25.72 -25.66 -25.59 -25.53 -25.44 -25.34 -25.34 -25.28 -25.28 -25.12 -25.03 -25.00 -24.88 -24.81 -24.62 -24.50 -24.34 -24.25 -24.12 -24.03 -24.03 -24.03 -23.97 -23.84 -23.72 -23.69 -23.75 -23.78 -23.81 -23.78 -23.84 -23.81 -23.75 -23.75 -23.78 -23.81 -23.81 -23.78 -23.75 -23.75 -23.75 -23.78 -23.81 -23.84 -23.84 -23.88 -23.91
-25.91 -25.94 -25.97 -25.97 -26.00 -26.00 -26.03 -26.03 -26.03 -26.06 -26.09 -26.16 -26.19 -26.19 -26.19 -26.16 -26.09 -26.06 -26.06 -26.09 -26.06 -26.06 -26.00 -25.94 -25.91 -25.84 -25.78 -25.72 -25.59 -25.53 -25.44 -25.47 -25.38 -25.34 -25.25 -25.16 -25.06 -24.94 -24.88 -24.69 -24.59 -24.50 -24.34 -24.28 -24.28 -24.25 -24.16 -24.06 -24.00 -23.94 -24.00 -24.03 -24.06 -24.06 -23.97 -23.97 -23.97 -23.97 -24.00 -24.03 -24.09 -24.00 -24.00 -23.97 -24.00 -24.03 -24.03 -24.03 -24.06 -24.12 -24.09
-26.00 -26.00 -26.00 -26.03 -26.06 -26.09 -26.12 -26.16 -26.19 -26.22 -26.25 -26.31 -26.31 -26.31 -26.31 -26.28 -26.22 -26.22 -26.25 -26.28 -26.28 -26.25 -26.22 -26.19 -26.16 -26.06 -25.97 -25.88 -25.78 -25.66 -25.59 -25.59 -25.59 -25.50 -25.44 -25.34 -25.25 -25.16 -25.12 -24.94 -24.84 -24.72 -24.62 -24.53 -24.44 -24.41 -24.38 -24.31 -24.28 -24.22 -24.22 -24.22 -24.25 -24.25 -24.19 -24.19 -24.16 -24.19 -24.22 -24.22 -24.25 -24.16 -24.19 -24.25 -24.25 -24.28 -24.28 -24.28 -24.31 -24.34 -24.31
-26.12 -26.12 -26.12 -26.16 -26.19 -26.22 -26.28 -26.31 -26.34 -26.38 -26.38 -26.44 -26.44 -26.44 -26.44 -26.38 -26.38 -26.41 -26.44 -26.44 -26.44 -26.44 -26.41 -26.41 -26.41 -26.31 -26.19 -26.06 -25.94 -25.81 -25.78 -25.84 -25.78 -25.72 -25.66 -25.56 -25.47 -25.31 -25.31 -25.19 -25.12 -25.00 -24.91 -24.84 -24.72 -24.66 -24.66 -24.59 -24.56 -24.50 -24.41 -24.41 -24.41 -24.41 -24.44 -24.38 -24.34 -24.38 -24.38 -24.41 -24.50 -24.44 -24.44 -24.47 -24.50 -24.50 -24.50 -24.53 -24.50 -24.50 -24.50
-26.28 -26.31 -26.31 -26.31 -26.34 -26.38 -26.44 -26.47 -26.50 -26.53 -26.53 -26.59 -26.59 -26.59 -26.56 -26.56 -26.53 -26.56 -26.62 -26.62 -26.59 -26.59 -26.59 -26.56 -26.56 -26.50 -26.41 -26.25 -26.16 -26.06 -26.06 -26.06 -26.00 -25.91 -25.81 -25.78 -25.72 -25.59 -25.53 -25.53 -25.44 -25.38 -25.25 -25.16 -25.03 -24.97 -24.94 -24.91 -24.81 -24.72 -24.66 -24.62 -24.62 -24.62 -24.62 -24.56 -24.53 -24.53 -24.56 -24.59 -24.66 -24.75 -24.72 -24.75 -24.72 -24.72 -24.69 -24.69 -24.69 -24.66 -24.66
-26.44 -26.44 -26.47 -26.47 -26.50 -26.53 -26.59 -26.66 -26.69 -26.69 -26.72 -26.75 -26.72 -26.75 -26.75 -26.75 -26.75 -26.75 -26.81 -26.84 -26.81 -26.81 -26.78 -26.75 -26.69 -26.62 -26.56 -26.47 -26.38 -26.34 -26.31 -26.31 -26.25 -26.09 -26.00 -25.97 -25.94 -25.88 -25.81 -25.78 -25.69 -25.59 -25.56 -25.44 -25.31 -25.22 -25.19 -25.19 -25.06 -25.00 -24.91 -24.91 -24.88 -24.88 -24.84 -24.81 -24.75 -24.78 -24.78 -24.75 -24.78 -24.91 -24.94 -24.91 -24.88 -24.84 -24.84 -24.81 -24.81 -24.81 -24.84
-26.59 -26.59 -26.62 -26.62 -26.69 -26.69 -26.75 -26.81 -26.84 -26.88 -26.88 -26.88 -26.88 -26.91 -26.94 -26.94 -26.94 -26.94 -27.00 -27.03 -27.03 -27.03 -27.00 -26.94 -26.84 -26.78 -26.72 -26.69 -26.66 -26.59 -26.56 -26.53 -26.47 -26.34 -26.25 -26.12 -26.12 -26.06 -26.00 -25.94 -25.94 -25.81 -25.81 -25.72 -25.62 -25.53 -25.50 -25.44 -25.34 -25.28 -25.22 -25.19 -25.16 -25.16 -25.09 -25.06 -25.06 -25.03 -25.03 -24.97 -24.94 -25.00 -25.09 -25.06 -25.00 -24.97 -24.97 -24.94 -24.97 -24.97 -25.00
-26.75 -26.78 -26.81 -26.81 -26.84 -26.88 -26.94 -26.97 -27.03 -27.03 -27.06 -27.06 -27.09 -27.12 -27.12 -27.16 -27.16 -27.16 -27.19 -27.22 -27.22 -27.19 -27.16 -27.12 -27.03 -26.97 -26.91 -26.91 -26.84 -26.81 -26.78 -26.72 -26.69 -26.59 -26.50 -26.38 -26.28 -26.25 -26.19 -26.12 -26.16 -26.09 -26.03 -26.00 -25.91 -25.81 -25.75 -25.69 -25.59 -25.53 -25.44 -25.38 -25.31 -25.34 -25.34 -25.28 -25.28 -25.31 -25.28 -25.22 -25.19 -25.22 -25.22 -25.22 -25.16 -25.09 -25.09 -25.09 -25.09 -25.09 -25.09
-26.91 -26.97 -27.00 -27.03 -27.06 -27.06 -27.09 -27.16 -27.19 -27.25 -27.28 -27.31 -27.31 -27.34 -27.38 -27.38 -27.38 -27.38 -27.41 -27.41 -27.38 -27.38 -27.34 -27.28 -27.22 -27.19 -27.16 -27.12 -27.06 -27.03 -27.00 -26.94 -26.91 -26.78 -26.72 -26.66 -26.53 -26.44 -26.38 -26.34 -26.34 -26.38 -26.28 -26.25 -26.16 -26.03 -25.94 -25.88 -25.81 -25.75 -25.69 -25.59 -25.50 -25.50 -25.50 -25.53 -25.53 -25.50 -25.50 -25.47 -25.44 -25.44 -25.38 -25.31 -25.31 -25.28 -25.22 -25.19 -25.19 -25.19 -25.19
-27.06 -27.16 -27.19 -27.22 -27.22 -27.25 -27.25 -27.28 -27.34 -27.41 -27.47 -27.50 -27.50 -27.53 -27.53 -27.56 -27.56 -27.56 -27.59 -27.56 -27.56 -27.56 -27.53 -27.50 -27.47 -27.44 -27.41 -27.38 -27.31 -27.25 -27.19 -27.16 -27.06 -26.97 -26.91 -26.84 -26.75 -26.66 -26.59 -26.56 -26.56 -26.56 -26.53 -26.47 -26.38 -26.31 -26.19 -26.09 -26.03 -25.94 -25.88 -25.81 -25.69 -25.69 -25.69 -25.75 -25.75 -25.72 -25.69 -25.62 -25.62 -25.59 -25.53 -25.50 -25.47 -25.47 -25.41 -25.34 -25.38 -25.38 -25.41
-27.16 -27.25 -27.31 -27.38 -27.38 -27.38 -27.38 -27.41 -27.47 -27.56 -27.66 -27.69 -27.72 -27.72 -27.72 -27.75 -27.75 -27.78 -27.78 -27.75 -27.72 -27.72 -27.72 -27.72 -27.72 -27.66 -27.59 -27.56 -27.53 -27.50 -27.47 -27.34 -27.22 -27.09 -27.03 -27.03 -26.97 -26.91 -26.88 -26.84 -26.81 -26.81 -26.78 -26.72 -26.69 -26.62 -26.50 -26.38 -26.28 -26.16 -26.03 -25.94 -25.88 -25.84 -25.84 -25.88 -25.88 -25.88 -25.81 -25.78 -25.75 -25.78 -25.75 -25.69 -25.66 -25.66 -25.59 -25.53 -25.56 -25.59 -25.59
-27.25 -27.34 -27.44 -27.50 -27.53 -27.53 -27.56 -27.56 -27.62 -27.69 -27.78 -27.84 -27.88 -27.91 -27.94 -27.94 -27.94 -27.97 -27.97 -27.94 -27.88 -27.88 -27.91 -27.94 -27.91 -27.88 -27.81 -27.75 -27.75 -27.72 -27.69 -27.59 -27.44 -27.34 -27.28 -27.25 -27.22 -27.19 -27.16 -27.12 -27.06 -27.03 -27.06 -27.00 -26.94 -26.84 -26.75 -26.62 -26.50 -26.41 -26.31 -26.19 -26.12 -26.06 -26.00 -26.06 -26.06 -26.03 -26.00 -25.97 -25.94 -25.94 -25.91 -25.84 -25.78 -25.75 -25.75 -25.69 -25.66 -25.69 -25.69
-27.34 -27.44 -27.53 -27.62 -27.62 -27.66 -27.72 -27.75 -27.78 -27.84 -27.91 -28.00 -28.03 -28.09 -28.12 -28.12 -28.12 -28.16 -28.16 -28.12 -28.12 -28.12 -28.12 -28.12 -28.09 -28.06 -28.00 -27.97 -27.94 -27.91 -27.88 -27.78 -27.72 -27.62 -27.56 -27.50 -27.47 -27.44 -27.38 -27.34 -27.25 -27.25 -27.28 -27.25 -27.19 -27.09 -26.97 -26.88 -26.81 -26.72 -26.66 -26.53 -26.41 -26.28 -26.25 -26.28 -26.28 -26.22 -26.19 -26.19 -26.09 -26.03 -26.00 -25.94 -25.91 -25.91 -25.84 -25.84 -25.78 -25.75 -25.81
-27.44 -27.53 -27.66 -27.72 -27.78 -27.81 -27.88 -27.94 -28.00 -28.03 -28.09 -28.16 -28.22 -28.25 -28.28 -28.28 -28.28 -28.31 -28.31 -28.31 -28.34 -28.38 -28.38 -28.34 -28.31 -28.28 -28.22 -28.19 -28.16 -28.09 -28.03 -27.97 -27.94 -27.91 -27.84 -27.78 -27.72 -27.69 -27.62 -27.53 -27.50 -27.47 -27.50 -27.44 -27.41 -27.31 -27.22 -27.09 -27.06 -27.03 -26.97 -26.84 -26.72 -26.62 -26.53 -26.47 -26.47 -26.44 -26.38 -26.31 -26.25 -26.22 -26.19 -26.16 -26.09 -26.06 -26.03 -26.03 -26.00 -25.97 -26.00
-27.50 -27.66 -27.75 -27.84 -27.94 -27.97 -28.03 -28.06 -28.16 -28.22 -28.25 -28.31 -28.38 -28.41 -28.44 -28.44 -28.41 -28.44 -28.47 -28.53 -28.53 -28.56 -28.56 -28.56 -28.53 -28.47 -28.44 -28.41 -28.38 -28.38 -28.25 -28.19 -28.12 -28.06 -28.03 -27.97 -27.94 -27.91 -27.84 -27.81 -27.75 -27.72 -27.69 -27.69 -27.62 -27.53 -27.47 -27.38 -27.31 -27.28 -27.19 -27.09 -27.00 -26.91 -26.84 -26.75 -26.69 -26.59 -26.53 -26.50 -26.47 -26.44 -26.41 -26.34 -26.25 -26.19 -26.16 -26.12 -26.12 -26.19 -26.16
-27.59 -27.72 -27.84 -27.94 -28.03 -28.12 -28.19 -28.25 -28.28 -28.34 -28.41 -28.44 -28.50 -28.53 -28.53 -28.53 -28.53 -28.59 -28.66 -28.69 -28.72 -28.72 -28.72 -28.75 -28.75 -28.69 -28.62 -28.59 -28.62 -28.56 -28.47 -28.41 -28.34 -28.28 -28.25 -28.22 -28.16 -28.12 -28.06 -28.00 -27.97 -27.94 -27.94 -27.91 -27.88 -27.75 -27.69 -27.66 -27.62 -27.53 -27.44 -27.34 -27.28 -27.19 -27.12 -27.09 -26.94 -26.81 -26.72 -26.72 -26.66 -26.56 -26.56 -26.47 -26.41 -26.38 -26.31 -26.25 -26.28 -26.28 -26.31
-27.69 -27.78 -27.88 -28.00 -28.12 -28.22 -28.34 -28.41 -28.44 -28.50 -28.56 -28.59 -28.62 -28.62 -28.62 -28.62 -28.66 -28.75 -28.81 -28.84 -28.88 -28.88 -28.91 -28.91 -28.91 -28.88 -28.84 -28.81 -28.84 -28.78 -28.72 -28.66 -28.56 -28.50 -28.44 -28.41 -28.38 -28.31 -28.25 -28.19 -28.19 -28.22 -28.19 -28.16 -28.12 -28.03 -27.97 -27.94 -27.88 -27.81 -27.69 -27.59 -27.50 -27.44 -27.38 -27.31 -27.22 -27.09 -26.97 -26.91 -26.81 -26.78 -26.62 -26.56 -26.53 -26.53 -26.44 -26.38 -26.38 -26.38 -26.38
-27.78 -27.88 -28.00 -28.09 -28.22 -28.34 -28.47 -28.56 -28.59 -28.66 -28.69 -28.75 -28.75 -28.75 -28.75 -28.81 -28.84 -28.91 -28.97 -29.00 -29.03 -29.06 -29.09 -29.09 -29.06 -29.03 -29.03 -29.03 -29.03 -28.97 -28.91 -28.84 -28.78 -28.72 -28.66 -28.62 -28.56 -28.53 -28.47 -28.44 -28.47 -28.50 -28.50 -28.47 -28.41 -28.31 -28.25 -28.19 -28.12 -28.03 -27.94 -27.84 -27.75 -27.69 -27.62 -27.56 -27.47 -27.38 -27.22 -27.12 -27.00 -26.91 -26.81 -26.75 -26.69 -26.66 -26.59 -26.53 -26.50 -26.50 -26.53
-27.88 -27.97 -28.09 -28.22 -28.31 -28.44 -28.56 -28.66 -28.75 -28.81 -28.84 -28.88 -28.88 -28.91 -28.94 -29.00 -29.03 -29.06 -29.12 -29.16 -29.22 -29.25 -29.28 -29.28 -29.25 -29.22 -29.22 -29.22 -29.22 -29.12 -29.06 -28.97 -28.94 -28.91 -28.88 -28.84 -28.81 -28.78 -28.72 -28.72 -28.72 -28.72 -28.69 -28.66 -28.62 -28.53 -28.44 -28.38 -28.31 -28.22 -28.09 -28.03 -27.97 -27.91 -27.84 -27.78 -27.66 -27.56 -27.44 -27.34 -27.22 -27.16 -27.06 -27.03 -26.91 -26.84 -26.78 -26.69 -26.69 -26.66 -26.69
-27.97 -28.06 -28.16 -28.28 -28.38 -28.50 -28.62 -28.72 -28.84 -28.94 -28.97 -29.00 -29.03 -29.09 -29.16 -29.19 -29.25 -29.25 -29.28 -29.34 -29.41 -29.44 -29.47 -29.47 -29.44 -29.44 -29.44 -29.41 -29.41 -29.31 -29.25 -29.19 -29.12 -29.09 -29.09 -29.06 -29.03 -29.00 -28.97 -28.97 -28.94 -28.91 -28.91 -28.88 -28.81 -28.72 -28.66 -28.59 -28.56 -28.44 -28.31 -28.25 -28.19 -28.09 -28.03 -27.94 -27.81 -27.69 -27.59 -27.50 -27.44 -27.34 -27.28 -27.19 -27.09 -27.00 -26.94 -26.88 -26.84 -26.75 -26.81
-28.03 -28.12 -28.25 -28.34 -28.47 -28.56 -28.69 -28.78 -28.91 -29.00 -29.06 -29.12 -29.22 -29.31 -29.38 -29.41 -29.44 -29.47 -29.50 -29.53 -29.56 -29.62 -29.66 -29.66 -29.66 -29.66 -29.66 -29.62 -29.59 -29.53 -29.47 -29.41 -29.38 -29.31 -29.28 -29.25 -29.25 -29.22 -29.19 -29.19 -29.16 -29.16 -29.16 -29.12 -29.06 -28.94 -28.88 -28.81 -28.78 -28.66 -28.56 -28.47 -28.38 -28.28 -28.19 -28.09 -28.00 -27.91 -27.81 -27.72 -27.62 -27.53 -27.44 -27.34 -27.25 -27.12 -27.06 -27.03 -26.97 -26.91 -26.88
-28.12 -28.25 -28.34 -28.47 -28.56 -28.66 -28.75 -28.84 -28.97 -29.09 -29.19 -29.28 -29.38 -29.47 -29.56 -29.59 -29.62 -29.66 -29.69 -29.72 -29.75 -29.78 -29.81 -29.84 -29.88 -29.88 -29.88 -29.84 -29.81 -29.72 -29.69 -29.66 -29.59 -29.56 -29.50 -29.47 -29.47 -29.44 -29.41 -29.41 -29.38 -29.38 -29.34 -29.34 -29.28 -29.22 -29.09 -29.03 -28.97 -28.88 -28.78 -28.66 -28.56 -28.50 -28.38 -28.25 -28.16 -28.06 -28.00 -27.91 -27.81 -27.69 -27.59 -27.47 -27.41 -27.28 -27.22 -27.16 -27.12 -27.09 -27.06
-28.25 -28.38 -28.47 -28.59 -28.69 -28.78 -28.84 -28.91 -29.03 -29.19 -29.31 -29.44 -29.53 -29.59 -29.69 -29.75 -29.78 -29.84 -29.88 -29.91 -29.91 -29.94 -30.00 -30.03 -30.06 -30.06 -30.06 -30.06 -30.00 -29.97 -29.94 -29.88 -29.84 -29.78 -29.72 -29.69 -29.66 -29.66 -29.62 -29.62 -29.59 -29.56 -29.56 -29.53 -29.50 -29.41 -29.34 -29.28 -29.19 -29.09 -29.00 -28.88 -28.78 -28.72 -28.62 -28.50 -28.38 -28.28 -28.19 -28.09 -28.00 -27.91 -27.75 -27.62 -27.56 -27.50 -27.38 -27.31 -27.28 -27.28 -27.25
-28.34 -28.50 -28.59 -28.72 -28.81 -28.88 -28.97 -29.03 -29.12 -29.25 -29.41 -29.53 -29.62 -29.75 -29.84 -29.91 -29.97 -30.00 -30.03 -30.06 -30.06 -30.09 -30.16 -30.19 -30.22 -30.25 -30.25 -30.28 -30.25 -30.22 -30.19 -30.12 -30.03 -30.00 -29.94 -29.91 -29.88 -29.81 -29.81 -29.81 -29.81 -29.78 -29.78 -29.75 -29.69 -29.62 -29.56 -29.47 -29.38 -29.31 -29.19 -29.09 -29.03 -28.94 -28.84 -28.69 -28.56 -28.47 -28.41 -28.31 -28.19 -28.06 -27.91 -27.81 -27.75 -27.69 -27.56 -27.50 -27.44 -27.44 -27.41
-28.44 -28.59 -28.75 -28.84 -28.94 -28.97 -29.06 -29.19 -29.31 -29.41 -29.53 -29.62 -29.75 -29.88 -30.00 -30.06 -30.16 -30.19 -30.19 -30.22 -30.25 -30.28 -30.31 -30.38 -30.41 -30.44 -30.44 -30.44 -30.47 -30.47 -30.41 -30.34 -30.28 -30.25 -30.19 -30.16 -30.06 -30.00 -30.00 -30.00 -30.00 -30.00 -29.97 -29.94 -29.91 -29.88 -29.78 -29.69 -29.62 -29.53 -29.44 -29.34 -29.25 -29.16 -29.03 -28.88 -28.78 -28.69 -28.59 -28.50 -28.34 -28.19 -28.06 -27.94 -27.88 -27.81 -27.72 -27.66 -27.59 -27.56 -27.53
-28.50 -28.66 -28.84 -28.94 -29.03 -29.09 -29.22 -29.34 -29.44 -29.53 -29.62 -29.75 -29.88 -30.00 -30.12 -30.22 -30.28 -30.31 -30.34 -30.41 -30.44 -30.47 -30.53 -30.56 -30.56 -30.59 -30.62 -30.66 -30.69 -30.66 -30.62 -30.59 -30.56 -30.50 -30.47 -30.41 -30.31 -30.25 -30.22 -30.16 -30.16 -30.16 -30.16 -30.12 -30.12 -30.03 -29.97 -29.91 -29.81 -29.75 -29.69 -29.62 -29.53 -29.41 -29.25 -29.12 -29.00 -28.94 -28.81 -28.66 -28.53 -28.38 -28.25 -28.09 -27.97 -27.91 -27.88 -27.81 -27.78 -27.72 -27.72
-28.59 -28.72 -28.91 -29.03 -29.16 -29.28 -29.41 -29.50 -29.59 -29.69 -29.78 -29.88 -29.97 -30.09 -30.22 -30.34 -30.44 -30.47 -30.53 -30.59 -30.62 -30.69 -30.72 -30.75 -30.75 -30.78 -30.81 -30.84 -30.88 -30.88 -30.84 -30.81 -30.81 -30.75 -30.69 -30.62 -30.56 -30.50 -30.47 -30.41 -30.34 -30.34 -30.34 -30.31 -30.28 -30.22 -30.12 -30.06 -30.00 -29.94 -29.88 -29.81 -29.75 -29.62 -29.50 -29.38 -29.28 -29.16 -29.03 -28.88 -28.72 -28.56 -28.38 -28.25 -28.16 -28.06 -28.06 -28.03 -28.00 -27.97 -27.94
-28.66 -28.81 -28.97 -29.12 -29.28 -29.44 -29.56 -29.66 -29.75 -29.84 -29.94 -30.03 -30.12 -30.25 -30.34 -30.47 -30.59 -30.66 -30.72 -30.78 -30.81 -30.88 -30.91 -30.94 -30.97 -31.00 -31.00 -31.03 -31.03 -31.06 -31.06 -31.03 -31.03 -30.97 -30.94 -30.88 -30.81 -30.75 -30.72 -30.69 -30.62 -30.56 -30.53 -30.50 -30.47 -30.38 -30.31 -30.25 -30.19 -30.12 -30.06 -30.00 -29.94 -29.81 -29.69 -29.59 -29.50 -29.34 -29.22 -29.03 -28.91 -28.75 -28.59 -28.47 -28.38 -28.28 -28.25 -28.22 -28.19 -28.16 -28.09
-28.72 -28.88 -29.03 -29.22 -29.41 -29.56 -29.69 -29.81 -29.94 -30.06 -30.12 -30.22 -30.28 -30.34 -30.47 -30.59 -30.72 -30.84 -30.91 -30.94 -31.00 -31.06 -31.09 -31.12 -31.16 -31.19 -31.19 -31.19 -31.22 -31.25 -31.25 -31.25 -31.22 -31.19 -31.16 -31.09 -31.03 -31.00 -30.97 -30.91 -30.88 -30.81 -30.75 -30.69 -30.62 -30.56 -30.47 -30.44 -30.38 -30.34 -30.28 -30.22 -30.12 -30.03 -29.94 -29.81 -29.69 -29.56 -29.38 -29.19 -29.06 -28.97 -28.88 -28.75 -28.66 -28.53 -28.44 -28.44 -28.38 -28.31 -28.22
-28.81 -28.97 -29.12 -29.31 -29.50 -29.69 -29.81 -29.94 -30.09 -30.22 -30.31 -30.41 -30.44 -30.47 -30.59 -30.72 -30.88 -31.00 -31.06 -31.12 -31.16 -31.22 -31.28 -31.31 -31.34 -31.34 -31.34 -31.34 -31.38 -31.41 -31.41 -31.41 -31.38 -31.38 -31.34 -31.28 -31.25 -31.22 -31.19 -31.12 -31.06 -31.03 -30.97 -30.91 -30.84 -30.75 -30.69 -30.62 -30.56 -30.53 -30.47 -30.41 -30.34 -30.25 -30.16 -30.06 -29.91 -29.78 -29.62 -29.44 -29.31 -29.22 -29.12 -29.03 -28.94 -28.81 -28.69 -28.62 -28.53 -28.50 -28.38
-28.88 -29.03 -29.22 -29.41 -29.59 -29.78 -29.94 -30.09 -30.25 -30.38 -30.47 -30.56 -30.59 -30.66 -30.75 -30.88 -31.03 -31.16 -31.22 -31.28 -31.34 -31.41 -31.47 -31.47 -31.50 -31.50 -31.50 -31.53 -31.53 -31.53 -31.56 -31.56 -31.53 -31.53 -31.50 -31.47 -31.44 -31.41 -31.38 -31.31 -31.28 -31.22 -31.16 -31.12 -31.03 -30.97 -30.91 -30.81 -30.75 -30.69 -30.62 -30.59 -30.53 -30.47 -30.38 -30.25 -30.12 -30.00 -29.84 -29.69 -29.56 -29.47 -29.38 -29.28 -29.19 -29.06 -28.91 -28.81 -28.72 -28.66 -28.59
-28.97 -29.09 -29.28 -29.47 -29.66 -29.81 -30.03 -30.22 -30.38 -30.50 -30.62 -30.72 -30.81 -30.88 -30.97 -31.06 -31.19 -31.31 -31.41 -31.47 -31.53 -31.56 -31.62 -31.66 -31.66 -31.66 -31.66 -31.66 -31.69 -31.69 -31.69 -31.69 -31.69 -31.69 -31.66 -31.62 -31.62 -31.59 -31.56 -31.50 -31.47 -31.44 -31.38 -31.31 -31.22 -31.16 -31.09 -31.03 -30.97 -30.88 -30.84 -30.78 -30.72 -30.66 -30.53 -30.44 -30.31 -30.22 -30.06 -29.94 -29.81 -29.72 -29.62 -29.50 -29.41 -29.28 -29.12 -29.00 -28.91 -28.81 -28.78
