everonasctiles/Tile[41,38].asc
ncols 128
nrows 128
xllcorner 0
yllcorner 0
cellsize 2.0
NODATA_value  -9999
[rows 32 to 63 of 128, columns 0 to 70 of 128]
-44.16 -44.41 -44.62 -44.78 -44.91 -44.94 -44.94 -44.91 -44.91 -44.97 -45.03 -45.09 -45.12 -45.09 -45.06 -45.06 -45.12 -45.25 -45.41 -45.56 -45.72 -45.88 -46.00 -46.12 -46.22 -46.25 -46.22 -46.16 -46.09 -46.03 -46.00 -45.97 -45.91 -45.88 -45.78 -45.72 -45.62 -45.62 -45.75 -45.97 -46.28 -46.53 -46.72 -46.75 -46.59 -46.31 -45.97 -45.59 -45.16 -44.69 -44.19 -43.69 -43.16 -42.66 -42.16 -41.72 -41.28 -40.91 -40.59 -40.28 -40.00 -39.72 -39.44 -39.12 -38.78 -38.34 -37.88 -37.50 -37.19 -36.91 -36.59
-44.12 -44.41 -44.62 -44.81 -44.97 -45.03 -45.03 -45.00 -45.03 -45.09 -45.16 -45.22 -45.25 -45.22 -45.19 -45.19 -45.25 -45.38 -45.50 -45.69 -45.81 -45.97 -46.09 -46.22 -46.34 -46.41 -46.41 -46.38 -46.31 -46.28 -46.22 -46.19 -46.16 -46.12 -46.03 -45.97 -45.91 -45.91 -46.12 -46.38 -46.62 -46.88 -47.03 -47.00 -46.78 -46.47 -46.12 -45.72 -45.28 -44.84 -44.34 -43.88 -43.38 -42.91 -42.47 -42.06 -41.66 -41.31 -40.94 -40.56 -40.22 -39.94 -39.75 -39.50 -39.19 -38.81 -38.41 -38.03 -37.66 -37.31 -36.91
-44.19 -44.47 -44.69 -44.91 -45.06 -45.12 -45.12 -45.12 -45.16 -45.22 -45.31 -45.38 -45.41 -45.38 -45.34 -45.31 -45.34 -45.44 -45.59 -45.75 -45.91 -46.03 -46.16 -46.31 -46.47 -46.56 -46.59 -46.56 -46.53 -46.50 -46.47 -46.44 -46.41 -46.38 -46.28 -46.22 -46.16 -46.19 -46.44 -46.72 -47.00 -47.22 -47.31 -47.22 -46.94 -46.59 -46.19 -45.78 -45.34 -44.91 -44.47 -44.00 -43.56 -43.16 -42.78 -42.41 -42.06 -41.69 -41.28 -40.81 -40.41 -40.25 -40.09 -39.88 -39.56 -39.19 -38.78 -38.38 -37.94 -37.53 -37.06
-44.25 -44.53 -44.78 -45.00 -45.16 -45.22 -45.22 -45.25 -45.31 -45.38 -45.47 -45.53 -45.56 -45.53 -45.50 -45.47 -45.47 -45.53 -45.66 -45.78 -45.94 -46.09 -46.25 -46.41 -46.56 -46.69 -46.78 -46.78 -46.75 -46.75 -46.72 -46.69 -46.66 -46.62 -46.53 -46.44 -46.38 -46.44 -46.75 -47.06 -47.34 -47.56 -47.62 -47.44 -47.09 -46.66 -46.19 -45.75 -45.31 -44.91 -44.53 -44.12 -43.75 -43.41 -43.12 -42.84 -42.50 -42.06 -41.59 -41.03 -40.75 -40.66 -40.50 -40.19 -39.81 -39.44 -39.00 -38.53 -38.06 -37.56 -37.06
-44.34 -44.62 -44.88 -45.09 -45.25 -45.31 -45.34 -45.38 -45.44 -45.53 -45.66 -45.72 -45.75 -45.72 -45.66 -45.62 -45.59 -45.62 -45.72 -45.84 -46.00 -46.16 -46.34 -46.50 -46.69 -46.84 -46.94 -47.00 -47.00 -46.97 -46.97 -46.94 -46.91 -46.84 -46.78 -46.69 -46.62 -46.72 -47.03 -47.38 -47.69 -47.91 -47.91 -47.66 -47.22 -46.72 -46.12 -45.62 -45.19 -44.88 -44.59 -44.31 -44.03 -43.78 -43.56 -43.28 -42.94 -42.47 -41.91 -41.47 -41.28 -41.12 -40.84 -40.44 -39.97 -39.47 -39.00 -38.50 -38.00 -37.47 -36.97
-44.41 -44.69 -44.97 -45.16 -45.31 -45.41 -45.44 -45.50 -45.59 -45.69 -45.81 -45.88 -45.91 -45.88 -45.81 -45.78 -45.75 -45.75 -45.84 -45.94 -46.09 -46.28 -46.44 -46.62 -46.81 -46.97 -47.09 -47.19 -47.22 -47.22 -47.19 -47.19 -47.16 -47.09 -47.03 -46.97 -46.91 -47.03 -47.38 -47.72 -48.03 -48.22 -48.19 -47.88 -47.44 -46.84 -46.12 -45.50 -45.12 -45.00 -44.91 -44.69 -44.47 -44.28 -44.06 -43.78 -43.41 -42.91 -42.41 -42.12 -41.84 -41.53 -41.09 -40.56 -40.00 -39.38 -38.81 -38.31 -37.81 -37.34 -36.84
-44.47 -44.75 -45.03 -45.25 -45.41 -45.47 -45.53 -45.62 -45.72 -45.84 -45.97 -46.06 -46.06 -46.03 -45.97 -45.94 -45.94 -45.97 -46.00 -46.09 -46.25 -46.41 -46.56 -46.75 -46.91 -47.09 -47.25 -47.34 -47.41 -47.44 -47.44 -47.41 -47.38 -47.34 -47.28 -47.25 -47.25 -47.41 -47.72 -48.06 -48.38 -48.56 -48.47 -48.19 -47.72 -47.12 -46.38 -45.75 -45.50 -45.50 -45.38 -45.19 -44.97 -44.81 -44.59 -44.28 -43.91 -43.47 -43.06 -42.72 -42.31 -41.84 -41.28 -40.62 -39.88 -39.09 -38.44 -37.97 -37.56 -37.12 -36.72
-44.50 -44.78 -45.06 -45.28 -45.44 -45.56 -45.66 -45.75 -45.88 -46.00 -46.12 -46.22 -46.22 -46.19 -46.16 -46.12 -46.16 -46.19 -46.25 -46.31 -46.41 -46.56 -46.72 -46.88 -47.03 -47.19 -47.38 -47.50 -47.59 -47.66 -47.66 -47.66 -47.62 -47.59 -47.56 -47.53 -47.59 -47.78 -48.09 -48.44 -48.72 -48.88 -48.78 -48.50 -48.09 -47.53 -46.78 -46.22 -46.09 -46.06 -45.88 -45.69 -45.53 -45.34 -45.12 -44.78 -44.41 -44.00 -43.59 -43.12 -42.62 -42.00 -41.38 -40.59 -39.69 -38.72 -37.94 -37.41 -37.12 -36.84 -36.53
-44.50 -44.81 -45.09 -45.31 -45.50 -45.62 -45.75 -45.88 -46.00 -46.16 -46.28 -46.38 -46.38 -46.31 -46.31 -46.31 -46.38 -46.44 -46.47 -46.53 -46.62 -46.75 -46.91 -47.03 -47.19 -47.34 -47.50 -47.62 -47.75 -47.84 -47.88 -47.88 -47.88 -47.84 -47.84 -47.84 -47.94 -48.16 -48.44 -48.78 -49.03 -49.22 -49.12 -48.88 -48.50 -47.97 -47.25 -46.81 -46.72 -46.59 -46.41 -46.22 -46.06 -45.91 -45.62 -45.28 -44.84 -44.41 -43.91 -43.34 -42.72 -42.06 -41.31 -40.41 -39.41 -38.53 -37.81 -37.28 -36.88 -36.53 -36.28
-44.50 -44.81 -45.09 -45.34 -45.53 -45.69 -45.84 -46.00 -46.16 -46.31 -46.44 -46.50 -46.50 -46.47 -46.47 -46.50 -46.59 -46.69 -46.75 -46.78 -46.88 -46.97 -47.12 -47.25 -47.38 -47.50 -47.66 -47.78 -47.91 -48.00 -48.09 -48.12 -48.12 -48.09 -48.12 -48.16 -48.28 -48.47 -48.75 -49.06 -49.34 -49.53 -49.50 -49.25 -48.91 -48.44 -47.84 -47.50 -47.31 -47.12 -46.94 -46.78 -46.62 -46.41 -46.06 -45.62 -45.16 -44.62 -44.03 -43.41 -42.72 -41.97 -41.09 -40.12 -39.28 -38.66 -38.25 -37.84 -37.34 -36.81 -36.34
-44.47 -44.78 -45.06 -45.31 -45.53 -45.72 -45.91 -46.09 -46.28 -46.47 -46.59 -46.62 -46.62 -46.59 -46.62 -46.69 -46.81 -46.94 -47.00 -47.06 -47.12 -47.25 -47.38 -47.50 -47.62 -47.72 -47.81 -47.94 -48.06 -48.19 -48.28 -48.34 -48.34 -48.38 -48.41 -48.44 -48.56 -48.78 -49.06 -49.34 -49.66 -49.84 -49.84 -49.62 -49.31 -48.91 -48.47 -48.12 -47.88 -47.66 -47.47 -47.34 -47.16 -46.84 -46.38 -45.84 -45.28 -44.66 -44.00 -43.31 -42.56 -41.66 -40.75 -40.00 -39.53 -39.31 -38.97 -38.50 -37.94 -37.34 -36.72
-44.44 -44.75 -45.03 -45.28 -45.50 -45.72 -45.94 -46.19 -46.41 -46.59 -46.72 -46.75 -46.75 -46.72 -46.75 -46.88 -47.03 -47.16 -47.28 -47.34 -47.44 -47.53 -47.62 -47.75 -47.84 -47.97 -48.03 -48.12 -48.22 -48.34 -48.44 -48.53 -48.59 -48.62 -48.66 -48.72 -48.84 -49.06 -49.34 -49.62 -49.94 -50.16 -50.19 -50.03 -49.75 -49.38 -49.03 -48.66 -48.38 -48.19 -48.03 -47.88 -47.59 -47.12 -46.53 -45.91 -45.25 -44.53 -43.81 -43.00 -42.16 -41.38 -40.72 -40.38 -40.19 -39.84 -39.41 -38.88 -38.31 -37.66 -37.03
-44.38 -44.66 -44.94 -45.19 -45.44 -45.69 -45.97 -46.25 -46.53 -46.72 -46.88 -46.91 -46.88 -46.84 -46.91 -47.03 -47.22 -47.38 -47.53 -47.62 -47.72 -47.81 -47.91 -48.03 -48.12 -48.19 -48.28 -48.34 -48.41 -48.50 -48.59 -48.72 -48.81 -48.88 -48.94 -49.00 -49.09 -49.28 -49.59 -49.88 -50.19 -50.44 -50.53 -50.38 -50.12 -49.81 -49.47 -49.12 -48.88 -48.72 -48.59 -48.34 -47.88 -47.28 -46.59 -45.81 -45.03 -44.19 -43.38 -42.66 -42.06 -41.56 -41.31 -41.09 -40.75 -40.34 -39.81 -39.19 -38.59 -37.88 -37.25
-44.25 -44.53 -44.78 -45.06 -45.34 -45.69 -46.03 -46.34 -46.62 -46.88 -47.00 -47.06 -47.03 -47.00 -47.03 -47.19 -47.38 -47.56 -47.75 -47.88 -48.00 -48.09 -48.19 -48.28 -48.38 -48.44 -48.50 -48.56 -48.59 -48.66 -48.78 -48.91 -49.00 -49.12 -49.19 -49.25 -49.34 -49.53 -49.81 -50.12 -50.44 -50.72 -50.84 -50.75 -50.53 -50.22 -49.91 -49.59 -49.41 -49.28 -49.09 -48.69 -48.09 -47.38 -46.50 -45.50 -44.62 -43.88 -43.34 -42.91 -42.59 -42.34 -42.06 -41.72 -41.31 -40.78 -40.16 -39.47 -38.78 -38.03 -37.53
-44.12 -44.38 -44.66 -44.94 -45.28 -45.72 -46.09 -46.44 -46.75 -47.03 -47.19 -47.22 -47.22 -47.16 -47.16 -47.31 -47.53 -47.75 -47.94 -48.12 -48.25 -48.38 -48.47 -48.56 -48.62 -48.69 -48.75 -48.78 -48.81 -48.84 -48.94 -49.06 -49.19 -49.31 -49.44 -49.50 -49.59 -49.75 -50.00 -50.34 -50.66 -50.97 -51.16 -51.09 -50.91 -50.62 -50.31 -50.03 -49.91 -49.78 -49.50 -48.97 -48.28 -47.38 -46.25 -45.28 -44.56 -44.12 -43.94 -43.75 -43.41 -43.06 -42.69 -42.28 -41.75 -41.09 -40.41 -39.66 -38.88 -38.25 -37.97
-43.91 -44.19 -44.47 -44.81 -45.31 -45.78 -46.22 -46.56 -46.91 -47.19 -47.34 -47.41 -47.41 -47.34 -47.31 -47.44 -47.66 -47.88 -48.09 -48.31 -48.50 -48.62 -48.75 -48.81 -48.88 -48.94 -49.00 -49.00 -49.00 -49.03 -49.12 -49.22 -49.38 -49.53 -49.66 -49.75 -49.84 -50.00 -50.22 -50.53 -50.88 -51.19 -51.41 -51.44 -51.25 -51.03 -50.72 -50.50 -50.41 -50.25 -49.88 -49.28 -48.47 -47.31 -46.25 -45.44 -45.00 -44.91 -44.78 -44.47 -44.09 -43.66 -43.22 -42.69 -42.03 -41.38 -40.62 -39.84 -39.12 -38.72 -38.41
-43.62 -43.97 -44.41 -44.91 -45.44 -45.94 -46.34 -46.72 -47.06 -47.34 -47.53 -47.62 -47.59 -47.53 -47.47 -47.56 -47.78 -48.03 -48.25 -48.47 -48.69 -48.84 -49.00 -49.06 -49.16 -49.19 -49.22 -49.25 -49.22 -49.25 -49.31 -49.41 -49.53 -49.69 -49.84 -50.00 -50.09 -50.25 -50.47 -50.75 -51.09 -51.41 -51.66 -51.72 -51.59 -51.38 -51.12 -50.97 -50.84 -50.66 -50.22 -49.62 -48.66 -47.56 -46.62 -46.03 -45.88 -45.78 -45.47 -45.06 -44.62 -44.16 -43.59 -42.97 -42.28 -41.56 -40.84 -40.16 -39.59 -39.16 -38.78
-43.78 -44.16 -44.62 -45.16 -45.66 -46.09 -46.47 -46.84 -47.22 -47.50 -47.72 -47.81 -47.81 -47.75 -47.66 -47.72 -47.94 -48.19 -48.41 -48.62 -48.84 -49.06 -49.22 -49.31 -49.41 -49.44 -49.47 -49.47 -49.44 -49.44 -49.50 -49.59 -49.72 -49.88 -50.03 -50.19 -50.34 -50.50 -50.72 -50.97 -51.28 -51.59 -51.84 -52.00 -51.94 -51.75 -51.53 -51.38 -51.25 -51.00 -50.59 -50.00 -49.09 -48.12 -47.34 -46.97 -46.75 -46.41 -46.03 -45.56 -45.03 -44.47 -43.84 -43.19 -42.50 -41.78 -41.09 -40.53 -40.00 -39.53 -39.03
-44.25 -44.53 -44.94 -45.44 -45.84 -46.22 -46.62 -47.00 -47.34 -47.66 -47.91 -48.03 -48.03 -47.94 -47.88 -47.88 -48.09 -48.31 -48.56 -48.78 -49.03 -49.25 -49.41 -49.53 -49.62 -49.69 -49.69 -49.69 -49.69 -49.66 -49.72 -49.78 -49.91 -50.03 -50.19 -50.38 -50.56 -50.75 -50.94 -51.19 -51.47 -51.75 -52.03 -52.22 -52.22 -52.09 -51.91 -51.78 -51.62 -51.34 -50.94 -50.41 -49.72 -48.88 -48.28 -47.81 -47.41 -46.97 -46.47 -45.91 -45.31 -44.69 -44.00 -43.31 -42.62 -41.97 -41.38 -40.88 -40.38 -39.81 -39.16
-44.78 -45.00 -45.28 -45.62 -46.00 -46.38 -46.75 -47.12 -47.50 -47.81 -48.06 -48.22 -48.22 -48.16 -48.06 -48.03 -48.22 -48.47 -48.72 -48.94 -49.19 -49.41 -49.59 -49.75 -49.84 -49.91 -49.94 -49.94 -49.91 -49.91 -49.94 -50.00 -50.09 -50.22 -50.38 -50.56 -50.75 -50.94 -51.16 -51.38 -51.66 -51.94 -52.22 -52.44 -52.50 -52.41 -52.25 -52.12 -51.97 -51.69 -51.28 -50.78 -50.19 -49.56 -48.94 -48.44 -47.94 -47.38 -46.78 -46.16 -45.50 -44.81 -44.12 -43.41 -42.78 -42.22 -41.75 -41.28 -40.78 -40.03 -39.19
-45.16 -45.34 -45.56 -45.88 -46.19 -46.56 -46.91 -47.28 -47.66 -47.97 -48.25 -48.41 -48.44 -48.34 -48.25 -48.19 -48.34 -48.59 -48.84 -49.09 -49.34 -49.56 -49.78 -49.94 -50.06 -50.12 -50.16 -50.16 -50.16 -50.16 -50.19 -50.25 -50.34 -50.44 -50.56 -50.72 -50.91 -51.12 -51.34 -51.56 -51.81 -52.09 -52.38 -52.59 -52.72 -52.69 -52.56 -52.44 -52.28 -52.00 -51.59 -51.12 -50.59 -50.03 -49.47 -48.91 -48.28 -47.66 -46.97 -46.28 -45.59 -44.91 -44.28 -43.69 -43.09 -42.66 -42.22 -41.78 -41.22 -40.38 -39.69
-45.47 -45.66 -45.88 -46.12 -46.44 -46.75 -47.09 -47.47 -47.81 -48.12 -48.41 -48.59 -48.62 -48.56 -48.47 -48.38 -48.44 -48.69 -48.94 -49.19 -49.44 -49.69 -49.91 -50.09 -50.25 -50.34 -50.41 -50.41 -50.41 -50.41 -50.44 -50.50 -50.56 -50.66 -50.75 -50.91 -51.09 -51.31 -51.53 -51.75 -52.00 -52.25 -52.50 -52.75 -52.94 -52.94 -52.88 -52.75 -52.56 -52.28 -51.88 -51.44 -50.94 -50.41 -49.81 -49.16 -48.47 -47.78 -47.06 -46.41 -45.78 -45.25 -44.69 -44.16 -43.62 -43.16 -42.75 -42.31 -41.75 -41.06 -40.53
-45.81 -46.00 -46.19 -46.44 -46.69 -47.00 -47.31 -47.66 -48.00 -48.31 -48.56 -48.78 -48.84 -48.78 -48.72 -48.59 -48.53 -48.75 -49.03 -49.28 -49.53 -49.78 -50.03 -50.25 -50.41 -50.53 -50.62 -50.66 -50.66 -50.69 -50.72 -50.78 -50.84 -50.91 -51.00 -51.12 -51.28 -51.50 -51.72 -51.94 -52.16 -52.41 -52.66 -52.91 -53.09 -53.19 -53.12 -53.03 -52.84 -52.53 -52.16 -51.72 -51.22 -50.62 -50.00 -49.25 -48.50 -47.78 -47.19 -46.69 -46.22 -45.69 -45.16 -44.59 -44.06 -43.62 -43.28 -42.88 -42.34 -41.75 -41.19
-46.16 -46.31 -46.50 -46.72 -46.97 -47.25 -47.53 -47.84 -48.19 -48.47 -48.75 -48.94 -49.03 -49.03 -48.94 -48.81 -48.69 -48.78 -49.06 -49.34 -49.59 -49.84 -50.09 -50.34 -50.56 -50.72 -50.84 -50.88 -50.91 -50.97 -51.00 -51.06 -51.12 -51.16 -51.22 -51.34 -51.47 -51.69 -51.88 -52.09 -52.34 -52.56 -52.78 -53.03 -53.25 -53.38 -53.38 -53.28 -53.09 -52.78 -52.41 -51.94 -51.41 -50.75 -49.97 -49.16 -48.44 -48.03 -47.62 -47.16 -46.66 -46.09 -45.53 -44.97 -44.47 -44.16 -43.84 -43.44 -42.91 -42.31 -41.69
-46.47 -46.62 -46.78 -47.00 -47.22 -47.47 -47.75 -48.03 -48.34 -48.66 -48.91 -49.12 -49.25 -49.25 -49.16 -49.03 -48.91 -48.84 -49.09 -49.38 -49.66 -49.91 -50.19 -50.44 -50.66 -50.88 -51.00 -51.12 -51.19 -51.22 -51.28 -51.34 -51.38 -51.44 -51.47 -51.56 -51.69 -51.84 -52.06 -52.28 -52.50 -52.72 -52.94 -53.19 -53.38 -53.56 -53.59 -53.50 -53.28 -52.97 -52.59 -52.12 -51.50 -50.72 -49.88 -49.25 -48.97 -48.62 -48.16 -47.62 -47.06 -46.50 -45.94 -45.28 -44.88 -44.75 -44.50 -44.03 -43.44 -42.78 -42.12
-46.75 -46.91 -47.06 -47.25 -47.47 -47.69 -47.94 -48.22 -48.50 -48.81 -49.06 -49.31 -49.44 -49.47 -49.41 -49.28 -49.16 -49.06 -49.12 -49.44 -49.69 -49.97 -50.22 -50.50 -50.75 -50.97 -51.16 -51.31 -51.41 -51.50 -51.56 -51.62 -51.66 -51.69 -51.72 -51.78 -51.88 -52.00 -52.19 -52.41 -52.62 -52.84 -53.09 -53.31 -53.53 -53.69 -53.75 -53.66 -53.44 -53.12 -52.75 -52.25 -51.59 -50.81 -50.28 -50.03 -49.66 -49.19 -48.66 -48.06 -47.50 -46.94 -46.28 -45.69 -45.53 -45.47 -45.19 -44.66 -43.97 -43.19 -42.44
-47.00 -47.16 -47.31 -47.50 -47.69 -47.91 -48.12 -48.41 -48.66 -48.94 -49.22 -49.47 -49.62 -49.69 -49.62 -49.53 -49.44 -49.34 -49.31 -49.47 -49.75 -50.03 -50.28 -50.53 -50.78 -51.03 -51.25 -51.44 -51.59 -51.72 -51.81 -51.88 -51.91 -51.94 -51.97 -52.00 -52.09 -52.19 -52.34 -52.50 -52.72 -52.94 -53.19 -53.41 -53.62 -53.78 -53.88 -53.78 -53.59 -53.28 -52.91 -52.44 -51.88 -51.41 -51.06 -50.69 -50.25 -49.69 -49.09 -48.50 -47.97 -47.44 -46.81 -46.47 -46.34 -46.19 -45.84 -45.22 -44.44 -43.59 -42.97
-47.25 -47.41 -47.53 -47.69 -47.88 -48.09 -48.31 -48.56 -48.81 -49.09 -49.34 -49.59 -49.81 -49.88 -49.88 -49.78 -49.72 -49.66 -49.56 -49.59 -49.84 -50.09 -50.34 -50.59 -50.84 -51.09 -51.34 -51.56 -51.75 -51.91 -52.00 -52.09 -52.16 -52.19 -52.19 -52.22 -52.28 -52.41 -52.50 -52.66 -52.81 -53.03 -53.25 -53.47 -53.69 -53.88 -53.97 -53.91 -53.72 -53.47 -53.16 -52.75 -52.34 -51.97 -51.62 -51.22 -50.72 -50.16 -49.53 -49.00 -48.59 -48.16 -47.69 -47.34 -47.19 -46.91 -46.44 -45.75 -44.97 -44.28 -43.72
-47.50 -47.62 -47.75 -47.88 -48.06 -48.25 -48.50 -48.72 -48.97 -49.22 -49.50 -49.75 -49.97 -50.09 -50.09 -50.03 -49.97 -49.91 -49.84 -49.81 -49.97 -50.25 -50.47 -50.72 -50.94 -51.19 -51.41 -51.62 -51.84 -52.03 -52.19 -52.28 -52.38 -52.41 -52.44 -52.44 -52.50 -52.59 -52.72 -52.81 -52.94 -53.09 -53.31 -53.53 -53.72 -53.91 -54.03 -54.03 -53.88 -53.66 -53.38 -53.06 -52.75 -52.44 -52.09 -51.69 -51.16 -50.59 -50.09 -49.69 -49.31 -48.91 -48.50 -48.19 -47.91 -47.53 -46.97 -46.28 -45.56 -44.91 -44.25
-47.75 -47.84 -47.97 -48.09 -48.25 -48.44 -48.62 -48.88 -49.12 -49.38 -49.62 -49.88 -50.12 -50.28 -50.34 -50.31 -50.22 -50.16 -50.09 -50.06 -50.16 -50.41 -50.66 -50.88 -51.09 -51.31 -51.50 -51.69 -51.91 -52.09 -52.28 -52.44 -52.53 -52.59 -52.62 -52.66 -52.72 -52.81 -52.91 -53.03 -53.12 -53.25 -53.41 -53.59 -53.78 -53.94 -54.06 -54.09 -54.00 -53.81 -53.59 -53.34 -53.06 -52.78 -52.47 -52.06 -51.59 -51.12 -50.72 -50.34 -50.00 -49.59 -49.22 -48.88 -48.50 -48.03 -47.44 -46.75 -46.06 -45.34 -44.59
-48.00 -48.09 -48.19 -48.28 -48.41 -48.59 -48.78 -49.00 -49.25 -49.53 -49.78 -50.03 -50.28 -50.47 -50.56 -50.56 -50.50 -50.41 -50.38 -50.31 -50.41 -50.62 -50.84 -51.06 -51.28 -51.47 -51.62 -51.78 -51.97 -52.12 -52.31 -52.50 -52.66 -52.75 -52.81 -52.84 -52.91 -53.00 -53.12 -53.22 -53.31 -53.44 -53.56 -53.69 -53.84 -54.00 -54.12 -54.19 -54.12 -53.97 -53.78 -53.56 -53.34 -53.12 -52.81 -52.44 -52.03 -51.66 -51.28 -50.91 -50.56 -50.19 -49.81 -49.44 -49.00 -48.44 -47.78 -47.09 -46.41 -45.66 -44.50
-48.31 -48.34 -48.41 -48.50 -48.59 -48.75 -48.94 -49.16 -49.41 -49.66 -49.91 -50.16 -50.41 -50.62 -50.75 -50.78 -50.72 -50.66 -50.59 -50.56 -50.62 -50.81 -51.03 -51.25 -51.47 -51.66 -51.78 -51.91 -52.03 -52.19 -52.34 -52.53 -52.69 -52.84 -52.94 -53.00 -53.09 -53.19 -53.28 -53.41 -53.50 -53.59 -53.72 -53.84 -53.97 -54.09 -54.19 -54.25 -54.22 -54.12 -53.97 -53.78 -53.59 -53.38 -53.09 -52.75 -52.41 -52.06 -51.69 -51.34 -50.97 -50.59 -50.22 -49.78 -49.28 -48.69 -48.03 -47.34 -46.62 -45.75 -44.41
