everonasctiles/Tile13,12.asc
ncols 128
nrows 128
xllcorner 0
yllcorner 0
cellsize 2.0
NODATA_value  -9999
[rows 32 to 63 of 128, columns 0 to 70 of 128]
-23.72 -23.34 -22.84 -22.31 -21.84 -21.59 -21.56 -21.75 -21.94 -22.00 -21.84 -21.38 -20.78 -19.81 -18.94 -17.78 -16.41 -16.00 -15.06 -14.44 -12.91 -12.66 -12.78 -12.41 -12.28 -12.25 -12.66 -12.59 -12.69 -12.84 -12.88 -12.88 -12.94 -13.03 -13.12 -13.22 -13.31 -13.41 -13.59 -13.78 -13.81 -13.88 -14.00 -14.19 -14.00 -14.00 -14.19 -13.94 -13.69 -13.06 -12.56 -11.97 -12.31 -12.16 -11.88 -12.41 -13.31 -13.59 -14.03 -14.34 -14.56 -15.16 -15.09 -15.16 -15.25 -15.31 -15.31 -15.31 -15.34 -15.28 -15.28
-24.78 -24.56 -24.16 -23.72 -23.31 -23.09 -23.03 -23.06 -23.09 -23.00 -22.66 -22.12 -21.47 -20.28 -18.78 -16.91 -15.91 -15.66 -14.88 -14.50 -13.72 -13.41 -13.44 -13.38 -13.56 -12.91 -12.69 -13.38 -13.44 -13.53 -13.56 -13.53 -13.59 -13.66 -13.75 -13.81 -13.88 -14.06 -14.28 -14.12 -14.28 -14.50 -14.69 -14.69 -14.47 -14.59 -14.72 -14.03 -13.75 -13.31 -13.28 -12.28 -12.50 -12.62 -12.38 -12.47 -13.84 -14.06 -14.69 -15.12 -15.34 -15.62 -15.59 -15.75 -15.78 -15.72 -15.62 -15.66 -15.78 -15.84 -15.88
-25.75 -25.62 -25.34 -24.97 -24.66 -24.47 -24.34 -24.22 -24.09 -23.84 -23.41 -22.81 -22.16 -20.75 -18.84 -17.28 -16.06 -15.34 -15.19 -14.81 -13.97 -13.81 -13.91 -14.22 -14.28 -14.12 -13.97 -13.97 -14.16 -14.22 -14.22 -14.25 -14.25 -14.31 -14.41 -14.47 -14.50 -14.62 -14.84 -14.69 -14.78 -14.97 -15.00 -14.97 -15.12 -14.91 -14.97 -14.59 -14.47 -13.84 -14.06 -13.19 -13.12 -13.06 -12.94 -13.62 -14.16 -14.22 -15.41 -15.59 -15.81 -16.03 -16.12 -16.34 -16.22 -16.03 -15.81 -15.91 -16.12 -16.28 -16.34
-26.66 -26.62 -26.38 -26.06 -25.78 -25.53 -25.34 -25.12 -24.91 -24.59 -24.09 -23.44 -22.81 -21.38 -19.31 -18.00 -16.81 -15.91 -15.28 -14.91 -14.22 -14.03 -14.22 -14.56 -15.03 -14.88 -15.00 -14.94 -15.09 -15.00 -14.97 -14.94 -14.97 -15.03 -15.09 -15.06 -15.06 -15.25 -15.44 -14.91 -15.19 -15.25 -15.50 -15.22 -15.12 -15.38 -15.38 -15.28 -15.03 -15.38 -14.78 -13.88 -13.94 -13.84 -13.66 -14.19 -14.34 -14.53 -15.72 -16.09 -16.41 -16.59 -16.91 -16.88 -16.62 -16.31 -16.09 -16.22 -16.50 -16.66 -16.75
-27.53 -27.53 -27.31 -27.00 -26.69 -26.41 -26.12 -25.88 -25.59 -25.25 -24.72 -24.09 -23.44 -21.97 -20.44 -19.03 -18.22 -17.19 -15.81 -14.84 -14.44 -14.78 -14.78 -15.34 -15.78 -15.81 -15.81 -16.00 -15.84 -15.81 -15.75 -15.72 -15.69 -15.75 -15.88 -15.97 -16.03 -16.09 -16.25 -16.25 -16.06 -16.19 -15.91 -15.47 -15.16 -15.62 -15.94 -15.53 -15.53 -15.72 -15.59 -15.41 -15.91 -14.31 -14.72 -14.88 -15.44 -15.88 -15.72 -16.31 -17.03 -17.34 -17.41 -17.56 -16.94 -16.66 -16.44 -16.53 -16.75 -16.94 -17.06
-28.44 -28.38 -28.16 -27.84 -27.50 -27.16 -26.88 -26.56 -26.28 -25.88 -25.34 -24.72 -24.12 -22.97 -21.38 -20.25 -19.78 -18.94 -17.59 -16.12 -14.69 -14.88 -16.00 -16.34 -16.94 -16.94 -16.97 -16.88 -16.81 -16.75 -16.66 -16.59 -16.53 -16.56 -16.69 -16.75 -16.81 -16.84 -16.88 -16.91 -16.88 -17.06 -16.78 -16.00 -15.94 -15.94 -16.25 -16.34 -16.38 -16.22 -15.84 -16.38 -17.19 -16.03 -15.53 -15.47 -15.91 -17.16 -16.78 -16.84 -17.78 -18.25 -17.81 -17.84 -17.28 -16.91 -16.66 -16.66 -16.84 -17.09 -17.25
-29.31 -29.19 -28.94 -28.62 -28.28 -27.94 -27.62 -27.31 -26.94 -26.53 -26.03 -25.34 -24.81 -23.78 -22.53 -21.44 -20.75 -20.44 -19.47 -18.16 -17.03 -16.81 -17.03 -17.59 -18.00 -18.09 -18.09 -17.94 -17.81 -17.69 -17.59 -17.50 -17.47 -17.50 -17.53 -17.62 -17.62 -17.53 -17.66 -17.75 -17.84 -17.81 -17.62 -17.28 -16.72 -16.72 -16.81 -16.91 -17.22 -17.12 -17.06 -17.56 -17.47 -18.25 -16.75 -16.75 -16.56 -17.25 -17.38 -17.94 -18.31 -18.22 -18.44 -17.81 -17.38 -17.00 -16.72 -16.59 -16.75 -17.03 -17.22
-30.06 -29.91 -29.66 -29.38 -29.06 -28.72 -28.38 -28.00 -27.62 -27.16 -26.69 -26.09 -25.41 -24.53 -23.44 -22.53 -21.78 -21.31 -20.59 -19.78 -19.19 -18.84 -18.84 -19.12 -19.12 -19.06 -19.09 -18.94 -18.75 -18.59 -18.44 -18.47 -18.41 -18.41 -18.44 -18.50 -18.50 -18.19 -17.91 -18.25 -18.53 -18.69 -18.47 -17.50 -17.38 -17.03 -17.66 -18.31 -18.50 -18.47 -18.84 -18.59 -18.28 -18.78 -17.91 -17.91 -17.94 -18.06 -18.59 -19.22 -18.97 -18.78 -18.81 -18.41 -17.28 -17.09 -16.78 -16.66 -16.69 -16.81 -16.91
-30.62 -30.44 -30.28 -30.03 -29.78 -29.47 -29.12 -28.72 -28.28 -27.81 -27.31 -26.75 -26.06 -25.19 -24.25 -23.44 -22.78 -22.25 -21.78 -21.28 -20.84 -20.59 -20.78 -20.47 -20.53 -20.47 -20.25 -20.09 -19.88 -19.66 -19.50 -19.38 -19.31 -19.31 -19.34 -19.38 -19.25 -18.56 -18.28 -18.50 -18.94 -19.09 -18.84 -18.62 -17.75 -17.72 -18.19 -18.91 -18.47 -19.53 -19.81 -19.19 -20.12 -20.53 -18.00 -18.97 -19.41 -19.34 -19.69 -19.91 -19.56 -19.34 -18.91 -18.59 -17.94 -17.28 -17.06 -16.94 -16.88 -16.78 -16.72
-31.00 -30.84 -30.72 -30.56 -30.38 -30.12 -29.78 -29.34 -28.88 -28.38 -27.91 -27.38 -26.69 -25.88 -25.03 -24.25 -23.62 -23.06 -22.53 -22.06 -21.75 -21.59 -20.91 -21.50 -21.34 -21.41 -21.19 -21.03 -20.97 -20.72 -20.69 -20.62 -20.53 -20.47 -20.47 -20.53 -20.53 -19.78 -18.88 -19.25 -19.72 -19.94 -19.47 -19.03 -18.44 -18.19 -18.62 -18.91 -19.66 -20.41 -21.22 -20.66 -20.88 -21.31 -20.09 -19.81 -20.47 -21.25 -21.38 -20.66 -20.06 -19.97 -19.62 -18.34 -19.16 -18.03 -17.59 -17.50 -17.34 -17.12 -16.91
-31.28 -31.12 -31.03 -30.97 -30.84 -30.62 -30.31 -29.88 -29.41 -28.91 -28.44 -27.94 -27.31 -26.59 -25.81 -25.06 -24.41 -23.78 -23.16 -22.66 -22.19 -21.69 -21.75 -21.78 -21.78 -20.97 -21.62 -21.78 -21.78 -21.81 -21.75 -21.62 -21.59 -21.59 -21.59 -21.62 -21.66 -21.25 -21.12 -21.03 -21.16 -21.06 -20.03 -19.22 -18.81 -18.62 -19.22 -19.91 -20.41 -21.28 -22.25 -22.03 -21.72 -22.50 -21.25 -20.59 -21.47 -22.19 -22.25 -21.50 -20.88 -20.88 -20.00 -19.31 -19.88 -19.56 -18.59 -18.38 -18.03 -17.69 -17.41
-31.53 -31.34 -31.25 -31.19 -31.16 -31.03 -30.75 -30.34 -29.84 -29.38 -28.97 -28.50 -27.94 -27.31 -26.59 -25.91 -25.22 -24.50 -23.75 -23.16 -22.59 -22.12 -21.81 -21.66 -21.59 -21.94 -21.53 -22.34 -22.12 -22.31 -22.50 -22.62 -22.59 -22.62 -22.72 -22.75 -22.81 -22.78 -22.62 -22.53 -22.62 -22.34 -21.00 -20.09 -19.50 -19.53 -19.91 -20.41 -20.97 -22.66 -23.34 -22.97 -23.41 -23.12 -23.09 -21.78 -23.19 -23.47 -23.06 -22.12 -22.03 -21.78 -20.88 -20.62 -20.44 -20.09 -20.25 -19.53 -18.84 -18.41 -18.09
-31.81 -31.56 -31.44 -31.38 -31.34 -31.31 -31.09 -30.69 -30.22 -29.84 -29.50 -29.06 -28.56 -27.97 -27.34 -26.69 -25.97 -25.25 -24.47 -23.75 -23.09 -22.56 -22.22 -21.97 -21.66 -21.69 -21.72 -22.19 -22.56 -22.50 -23.09 -23.53 -23.47 -23.62 -23.62 -23.66 -23.69 -23.78 -23.31 -23.62 -23.62 -23.44 -22.50 -21.16 -20.97 -20.72 -21.38 -21.72 -22.47 -23.34 -24.38 -24.47 -24.31 -24.28 -24.50 -24.09 -24.34 -24.44 -24.03 -23.03 -23.22 -22.47 -22.22 -21.31 -21.31 -21.28 -21.31 -20.50 -19.72 -19.31 -18.97
-32.25 -31.91 -31.69 -31.59 -31.56 -31.59 -31.38 -30.94 -30.56 -30.28 -29.97 -29.59 -29.12 -28.59 -28.03 -27.38 -26.69 -26.03 -25.31 -24.47 -23.75 -23.19 -22.78 -22.50 -22.34 -22.25 -22.00 -22.44 -23.03 -23.09 -23.62 -24.25 -24.31 -24.53 -24.47 -24.56 -24.66 -24.69 -24.69 -24.25 -24.66 -24.06 -23.06 -22.41 -21.94 -21.56 -22.09 -22.94 -23.69 -25.00 -25.16 -25.84 -25.75 -25.88 -25.44 -25.31 -25.56 -25.34 -24.91 -24.62 -24.38 -23.38 -22.81 -22.12 -21.78 -22.12 -21.97 -22.16 -20.50 -20.34 -19.84
-32.88 -32.47 -32.12 -31.94 -31.91 -31.88 -31.62 -31.22 -30.88 -30.59 -30.31 -29.97 -29.62 -29.25 -28.78 -28.12 -27.41 -26.75 -26.00 -25.09 -24.28 -23.78 -23.38 -23.09 -23.06 -23.16 -23.03 -23.50 -23.66 -24.00 -24.19 -24.84 -25.25 -25.34 -25.50 -25.62 -25.47 -25.50 -25.62 -25.56 -25.62 -25.06 -23.97 -23.12 -22.72 -22.88 -23.06 -23.19 -24.81 -25.66 -26.62 -26.91 -27.06 -26.78 -26.84 -26.47 -26.38 -26.22 -25.78 -25.53 -24.66 -24.69 -23.88 -22.41 -22.47 -22.72 -22.59 -22.91 -22.12 -21.28 -20.56
-33.56 -33.25 -32.84 -32.50 -32.34 -32.22 -31.91 -31.47 -31.06 -30.75 -30.47 -30.19 -29.97 -29.81 -29.50 -28.88 -28.03 -27.25 -26.44 -25.44 -24.56 -24.09 -23.72 -23.44 -23.56 -23.94 -24.28 -24.16 -24.84 -24.91 -25.16 -25.81 -26.06 -26.25 -26.25 -26.50 -26.41 -26.16 -26.00 -26.69 -26.50 -26.19 -25.19 -24.16 -24.06 -23.97 -23.44 -24.84 -26.16 -26.62 -27.09 -28.00 -27.91 -27.75 -27.75 -27.31 -27.16 -27.00 -26.59 -26.28 -25.59 -25.28 -24.44 -23.56 -23.38 -23.53 -23.78 -23.41 -22.12 -21.94 -21.03
-34.28 -34.12 -33.84 -33.38 -33.00 -32.72 -32.31 -31.78 -31.31 -30.88 -30.47 -30.19 -30.16 -30.16 -30.03 -29.53 -28.59 -27.62 -26.72 -25.59 -24.56 -24.06 -23.72 -23.44 -23.69 -24.31 -24.94 -25.41 -25.72 -26.22 -26.12 -26.75 -27.06 -27.16 -27.22 -27.19 -27.06 -27.00 -26.34 -27.19 -27.12 -26.75 -25.91 -25.19 -24.91 -24.94 -25.06 -25.91 -27.56 -28.31 -28.41 -28.72 -28.91 -28.66 -28.47 -28.22 -27.94 -27.75 -27.38 -26.84 -26.53 -26.22 -25.09 -24.44 -24.09 -24.19 -24.47 -23.44 -23.25 -22.69 -22.22
-35.06 -35.16 -35.00 -34.44 -33.84 -33.47 -33.00 -32.41 -31.84 -31.19 -30.53 -30.19 -30.19 -30.25 -30.22 -29.81 -28.91 -27.91 -26.94 -25.75 -24.69 -24.12 -23.78 -23.53 -23.75 -24.47 -25.28 -25.91 -26.72 -27.25 -27.41 -27.34 -27.88 -28.12 -27.81 -28.03 -27.94 -27.88 -27.84 -28.00 -27.97 -26.78 -26.53 -26.28 -26.00 -25.81 -26.59 -27.44 -29.25 -29.31 -29.69 -29.75 -29.69 -29.59 -29.31 -28.94 -28.31 -28.28 -28.22 -27.69 -27.31 -27.16 -26.00 -25.41 -24.94 -25.50 -25.19 -24.66 -24.34 -23.91 -23.72
-35.81 -36.16 -36.09 -35.53 -34.84 -34.31 -33.88 -33.31 -32.66 -31.81 -30.91 -30.38 -30.25 -30.19 -30.06 -29.66 -28.88 -27.97 -27.03 -26.06 -25.22 -24.69 -24.34 -24.12 -24.22 -24.88 -25.78 -26.50 -27.12 -27.78 -28.38 -28.50 -28.56 -28.50 -28.59 -28.69 -28.34 -27.69 -28.31 -28.34 -28.53 -28.03 -27.41 -27.34 -27.22 -27.41 -27.72 -29.25 -30.06 -30.34 -30.31 -30.25 -30.34 -29.84 -29.62 -29.56 -29.25 -28.97 -28.81 -28.47 -28.19 -27.78 -26.81 -26.12 -26.06 -26.19 -25.91 -25.03 -24.56 -24.38 -24.16
-36.44 -37.00 -37.09 -36.59 -35.84 -35.16 -34.59 -34.16 -33.53 -32.62 -31.69 -30.97 -30.53 -30.25 -29.94 -29.50 -28.81 -27.97 -27.19 -26.56 -26.12 -25.78 -25.53 -25.34 -25.38 -25.84 -26.66 -27.41 -28.03 -28.38 -29.06 -29.12 -29.00 -28.69 -29.16 -29.22 -29.03 -28.56 -28.28 -29.03 -29.16 -28.69 -28.66 -28.53 -27.72 -28.53 -29.25 -30.34 -30.84 -31.00 -31.25 -31.03 -30.88 -30.44 -29.97 -29.59 -29.28 -29.44 -29.09 -29.12 -29.03 -28.25 -27.75 -26.94 -27.16 -26.84 -26.53 -25.97 -25.22 -25.09 -24.78
-37.25 -37.88 -38.06 -37.62 -36.75 -35.78 -35.00 -34.53 -34.00 -33.31 -32.56 -31.84 -31.19 -30.66 -30.12 -29.62 -29.03 -28.25 -27.53 -27.22 -27.16 -27.06 -27.00 -27.00 -27.06 -27.34 -27.84 -28.34 -28.78 -29.19 -29.53 -29.59 -29.84 -28.91 -29.34 -29.59 -29.41 -29.75 -29.31 -30.00 -30.06 -29.78 -29.53 -29.34 -29.41 -29.41 -30.03 -30.91 -31.34 -31.78 -31.66 -31.09 -31.34 -30.66 -30.25 -29.81 -29.06 -28.84 -29.22 -29.50 -29.50 -28.97 -28.41 -28.00 -27.81 -27.41 -26.91 -26.31 -26.03 -25.59 -25.22
-38.19 -38.81 -39.03 -38.59 -37.56 -36.22 -35.12 -34.41 -33.94 -33.53 -33.09 -32.56 -31.97 -31.31 -30.66 -30.09 -29.59 -28.97 -28.31 -28.03 -28.09 -28.22 -28.47 -28.75 -28.91 -29.00 -29.19 -29.38 -29.59 -29.84 -30.34 -30.53 -30.03 -29.97 -30.22 -29.91 -29.06 -29.47 -30.19 -30.44 -30.94 -30.97 -30.84 -30.72 -30.47 -30.47 -31.19 -31.69 -32.22 -32.44 -32.25 -32.09 -31.38 -31.22 -30.59 -30.66 -30.00 -29.66 -29.81 -29.31 -29.56 -29.53 -28.75 -28.88 -28.47 -27.97 -27.38 -27.00 -26.56 -26.03 -25.72
-39.22 -39.84 -40.06 -39.62 -38.41 -36.78 -35.28 -34.22 -33.62 -33.44 -33.28 -33.06 -32.72 -32.22 -31.62 -31.03 -30.56 -30.09 -29.47 -29.06 -29.12 -29.38 -29.78 -30.16 -30.38 -30.47 -30.47 -30.50 -30.50 -30.47 -30.28 -30.12 -29.91 -29.78 -29.78 -30.34 -30.12 -30.00 -30.66 -30.97 -31.31 -31.34 -31.78 -31.62 -31.47 -31.41 -31.47 -32.06 -32.25 -32.19 -32.28 -31.34 -31.06 -30.72 -30.78 -30.50 -30.50 -30.12 -30.19 -29.84 -29.25 -29.62 -29.62 -29.31 -29.16 -28.59 -27.88 -27.34 -27.09 -26.66 -26.06
-40.50 -40.97 -41.12 -40.75 -39.59 -37.81 -36.06 -34.66 -33.75 -33.50 -33.59 -33.62 -33.50 -33.25 -32.88 -32.41 -31.97 -31.47 -30.75 -30.34 -30.38 -30.66 -30.97 -31.22 -31.38 -31.44 -31.47 -31.41 -31.28 -31.06 -30.88 -31.22 -31.03 -30.28 -30.19 -30.25 -30.28 -30.69 -31.59 -31.84 -32.22 -32.28 -32.50 -32.28 -32.22 -31.94 -32.28 -32.34 -32.22 -32.00 -31.50 -30.75 -30.69 -30.59 -30.38 -31.09 -30.31 -30.16 -29.97 -30.31 -29.94 -29.97 -30.22 -29.81 -29.53 -29.03 -28.25 -27.88 -27.44 -27.22 -26.78
-41.94 -42.16 -42.16 -41.84 -40.94 -39.41 -37.62 -35.91 -34.62 -34.03 -34.09 -34.34 -34.41 -34.34 -34.12 -33.81 -33.41 -32.84 -32.25 -31.91 -31.88 -31.97 -32.06 -32.16 -32.19 -32.19 -32.12 -32.03 -31.81 -31.47 -31.25 -30.88 -30.62 -30.75 -30.72 -30.38 -30.47 -30.94 -31.50 -32.06 -32.47 -32.78 -33.16 -32.75 -32.75 -32.69 -33.09 -32.56 -32.19 -31.91 -31.00 -30.78 -30.38 -29.75 -30.47 -30.28 -30.44 -30.44 -30.25 -30.00 -30.47 -30.22 -30.53 -30.28 -29.56 -29.44 -28.78 -28.38 -27.91 -27.66 -27.19
-43.25 -43.28 -43.16 -42.84 -42.22 -41.12 -39.56 -37.75 -36.09 -35.09 -34.81 -35.00 -35.31 -35.38 -35.22 -34.94 -34.59 -34.16 -33.75 -33.47 -33.34 -33.25 -33.19 -33.12 -33.03 -32.91 -32.81 -32.59 -32.28 -31.84 -31.41 -31.03 -30.91 -31.12 -31.41 -31.78 -31.66 -31.41 -31.72 -32.56 -33.44 -33.69 -33.34 -33.25 -33.19 -33.53 -33.16 -32.81 -32.69 -32.06 -31.34 -30.66 -30.72 -29.62 -29.03 -30.22 -30.69 -30.84 -30.72 -31.00 -31.12 -30.69 -30.47 -30.94 -30.12 -29.56 -29.44 -28.91 -28.44 -27.94 -27.66
-44.41 -44.31 -44.06 -43.72 -43.19 -42.44 -41.28 -39.59 -37.84 -36.53 -35.78 -35.66 -35.91 -36.03 -35.91 -35.72 -35.53 -35.28 -35.06 -34.84 -34.69 -34.53 -34.31 -34.12 -33.91 -33.69 -33.47 -33.16 -32.69 -32.06 -31.47 -31.03 -30.97 -31.28 -31.66 -31.78 -31.81 -32.09 -32.59 -33.16 -34.16 -34.44 -33.88 -33.94 -33.72 -33.94 -33.44 -33.34 -33.50 -32.78 -31.66 -31.75 -31.09 -30.34 -29.12 -29.50 -30.56 -30.91 -31.56 -31.31 -31.62 -31.38 -31.22 -31.16 -31.03 -29.88 -29.66 -29.31 -28.97 -28.47 -28.19
-45.44 -45.25 -44.91 -44.47 -43.94 -43.31 -42.41 -41.09 -39.53 -38.09 -37.00 -36.44 -36.38 -36.38 -36.38 -36.38 -36.34 -36.28 -36.19 -36.06 -35.88 -35.69 -35.41 -35.12 -34.84 -34.53 -34.19 -33.72 -33.06 -32.25 -31.44 -30.94 -30.88 -31.25 -31.84 -32.22 -32.41 -32.78 -33.59 -34.91 -34.84 -35.16 -35.19 -34.84 -34.16 -33.97 -33.94 -33.84 -33.50 -32.97 -32.38 -31.16 -31.28 -30.53 -29.47 -29.97 -31.78 -31.84 -32.34 -33.19 -32.47 -32.75 -31.47 -31.44 -31.72 -30.62 -29.75 -29.25 -29.28 -28.75 -28.44
-46.34 -46.09 -45.72 -45.16 -44.56 -43.94 -43.19 -42.25 -41.12 -39.78 -38.50 -37.59 -37.16 -37.09 -37.16 -37.22 -37.25 -37.25 -37.19 -37.09 -36.91 -36.69 -36.41 -36.12 -35.78 -35.41 -34.94 -34.38 -33.59 -32.59 -31.59 -30.88 -30.66 -31.03 -31.91 -32.59 -33.00 -33.56 -34.31 -35.06 -35.22 -35.66 -35.69 -35.72 -35.03 -34.59 -34.72 -33.88 -33.31 -33.19 -31.72 -31.03 -30.34 -30.31 -29.72 -30.28 -31.91 -32.94 -32.78 -33.62 -33.69 -33.38 -33.03 -31.72 -32.16 -31.38 -30.47 -29.78 -29.88 -29.19 -28.75
-47.19 -46.91 -46.47 -45.91 -45.22 -44.56 -43.91 -43.25 -42.50 -41.50 -40.34 -39.25 -38.59 -38.38 -38.31 -38.28 -38.25 -38.16 -38.06 -37.91 -37.69 -37.44 -37.19 -36.94 -36.62 -36.22 -35.66 -35.00 -34.16 -33.16 -32.09 -31.22 -30.78 -31.12 -32.12 -33.09 -33.75 -34.38 -35.00 -35.44 -35.88 -36.00 -36.12 -36.22 -35.78 -35.06 -34.72 -33.81 -33.44 -32.53 -31.34 -30.81 -29.94 -30.34 -30.66 -30.44 -31.59 -32.62 -33.56 -33.91 -34.06 -34.09 -33.66 -33.31 -32.41 -31.91 -31.12 -30.53 -30.16 -29.66 -28.88
-47.97 -47.66 -47.22 -46.59 -45.88 -45.16 -44.53 -44.06 -43.59 -42.97 -42.06 -40.97 -40.19 -39.78 -39.56 -39.44 -39.22 -39.00 -38.75 -38.47 -38.19 -37.94 -37.72 -37.53 -37.28 -36.88 -36.28 -35.53 -34.69 -33.62 -32.56 -31.78 -31.47 -31.88 -32.91 -34.00 -34.75 -35.25 -35.72 -36.06 -36.31 -36.62 -36.75 -36.59 -36.31 -35.50 -34.38 -33.81 -33.38 -32.56 -32.28 -31.69 -31.12 -31.69 -31.66 -32.00 -31.81 -32.59 -33.50 -34.22 -34.31 -34.44 -34.38 -33.66 -33.28 -32.69 -31.91 -31.41 -30.69 -29.91 -29.44
-48.62 -48.28 -47.78 -47.16 -46.44 -45.72 -45.06 -44.59 -44.22 -43.81 -43.09 -42.19 -41.44 -40.94 -40.59 -40.31 -40.00 -39.59 -39.22 -38.81 -38.47 -38.22 -38.06 -37.94 -37.75 -37.34 -36.72 -35.91 -34.97 -33.91 -32.88 -32.38 -32.47 -33.12 -34.19 -35.19 -35.84 -36.22 -36.50 -36.75 -36.94 -37.16 -37.12 -37.31 -36.50 -35.50 -34.69 -34.25 -33.75 -32.25 -33.09 -33.25 -32.22 -32.91 -33.44 -33.84 -33.22 -32.22 -34.34 -34.69 -34.59 -34.97 -35.00 -34.56 -34.31 -33.59 -32.56 -32.03 -31.50 -30.84 -30.47
