everonasctiles/Tile46,44.asc
ncols 128
nrows 128
xllcorner 0
yllcorner 0
cellsize 2.0
NODATA_value  -9999
[rows 96 to 127 of 128, columns 0 to 70 of 128]
-39.53 -40.59 -41.62 -42.19 -43.03 -44.31 -44.75 -45.50 -46.19 -47.50 -48.75 -49.94 -51.19 -52.38 -53.19 -54.09 -54.84 -55.47 -56.06 -56.75 -57.03 -57.66 -57.91 -58.19 -58.41 -58.09 -58.84 -58.69 -58.56 -59.44 -59.78 -60.06 -61.06 -61.25 -61.22 -60.41 -59.38 -58.88 -58.34 -57.97 -57.81 -57.47 -57.19 -57.03 -56.78 -56.78 -57.06 -57.34 -57.81 -57.25 -57.22 -56.69 -56.34 -56.59 -55.66 -55.25 -55.25 -54.88 -55.09 -55.16 -55.19 -55.88 -56.09 -56.56 -57.34 -58.09 -58.47 -58.97 -59.50 -59.81 -60.44
-39.75 -40.59 -41.25 -42.44 -43.78 -44.75 -45.50 -46.34 -47.28 -47.75 -48.62 -50.00 -51.19 -52.06 -52.91 -53.44 -54.41 -55.09 -56.09 -56.97 -57.38 -57.84 -58.28 -58.53 -58.84 -59.25 -59.06 -58.38 -59.53 -60.00 -59.38 -60.06 -60.69 -60.66 -60.66 -60.59 -60.41 -60.34 -60.12 -59.34 -59.16 -58.22 -57.62 -57.44 -57.22 -56.97 -56.50 -58.00 -57.16 -56.50 -56.31 -56.44 -56.78 -56.53 -55.69 -56.03 -55.84 -55.91 -55.84 -55.03 -55.31 -56.06 -56.16 -56.09 -56.34 -57.06 -57.59 -58.50 -58.97 -59.03 -59.78
-39.75 -40.16 -41.72 -43.19 -44.16 -44.88 -45.72 -46.84 -48.03 -48.59 -48.94 -50.50 -51.47 -52.44 -53.47 -54.06 -54.56 -55.41 -56.50 -57.09 -57.66 -58.16 -58.41 -58.59 -58.97 -59.47 -60.00 -59.00 -59.88 -59.97 -59.53 -60.38 -60.62 -60.62 -60.53 -60.31 -60.16 -60.28 -60.41 -60.41 -59.41 -58.81 -58.41 -58.25 -58.28 -58.03 -57.69 -57.16 -56.94 -56.88 -56.03 -55.94 -56.53 -55.97 -56.12 -56.44 -56.44 -56.00 -55.56 -55.41 -56.12 -56.41 -56.09 -56.16 -56.19 -56.44 -56.72 -57.72 -58.38 -58.91 -58.62
-39.50 -40.53 -42.03 -43.34 -44.50 -45.16 -45.56 -47.09 -48.19 -48.69 -49.06 -50.78 -51.59 -52.50 -53.22 -54.50 -55.19 -56.12 -57.00 -57.31 -58.03 -58.47 -58.81 -58.84 -58.97 -59.44 -60.03 -59.72 -60.22 -60.25 -60.09 -60.78 -60.56 -60.34 -60.19 -60.06 -60.12 -60.44 -60.56 -60.59 -60.31 -59.97 -59.12 -58.06 -57.53 -57.25 -57.06 -56.16 -55.47 -55.25 -54.91 -54.91 -56.47 -56.41 -56.84 -57.09 -56.47 -56.47 -56.69 -56.59 -56.75 -56.38 -56.41 -56.56 -56.50 -56.12 -56.19 -57.00 -57.62 -57.88 -57.97
-39.84 -41.00 -42.22 -43.62 -44.25 -45.34 -45.84 -47.38 -48.38 -48.62 -49.28 -50.81 -51.38 -52.22 -53.22 -54.41 -55.34 -55.62 -56.81 -57.75 -58.31 -58.44 -59.03 -59.31 -59.44 -59.81 -60.19 -60.59 -60.47 -60.72 -60.97 -61.50 -60.84 -60.50 -60.50 -60.19 -59.78 -60.03 -60.47 -60.41 -60.31 -60.28 -60.09 -59.16 -57.81 -57.34 -57.59 -57.38 -55.69 -55.19 -54.91 -55.56 -57.06 -56.75 -56.50 -57.31 -56.47 -55.94 -56.97 -58.22 -58.00 -57.41 -57.03 -56.78 -56.50 -56.94 -56.78 -56.84 -57.53 -58.03 -59.00
-39.62 -41.03 -42.34 -43.38 -44.38 -45.84 -46.28 -47.47 -48.62 -48.69 -49.41 -51.03 -51.94 -52.44 -53.47 -54.22 -55.25 -55.78 -56.66 -57.34 -57.94 -58.59 -59.56 -59.69 -59.62 -60.19 -60.34 -60.50 -60.69 -61.09 -61.38 -61.81 -61.53 -61.00 -60.81 -60.59 -60.22 -60.66 -61.00 -60.88 -60.72 -60.34 -60.03 -59.81 -59.12 -58.19 -57.84 -57.81 -56.53 -55.88 -55.47 -55.41 -55.44 -55.12 -55.84 -56.94 -57.00 -56.09 -56.16 -57.31 -57.78 -57.66 -57.81 -57.97 -57.69 -57.62 -57.12 -56.88 -57.56 -57.66 -57.69
-40.09 -41.38 -42.34 -43.41 -44.56 -45.88 -46.38 -47.41 -48.56 -48.72 -49.16 -51.06 -52.34 -53.28 -53.72 -54.34 -55.31 -56.06 -56.81 -57.62 -58.16 -58.88 -59.34 -59.75 -60.06 -60.84 -60.41 -60.50 -61.09 -61.38 -62.00 -62.06 -62.38 -61.59 -61.56 -61.28 -60.47 -60.75 -60.94 -60.88 -60.75 -60.44 -60.16 -59.94 -59.38 -59.03 -59.19 -58.56 -56.81 -56.16 -56.31 -56.06 -55.41 -54.94 -55.56 -55.78 -56.66 -56.56 -56.72 -57.34 -57.41 -57.44 -57.69 -58.03 -57.94 -57.72 -57.38 -56.94 -56.88 -57.12 -57.38
-40.25 -41.34 -42.25 -43.41 -44.38 -46.12 -46.72 -47.75 -48.62 -49.06 -49.41 -50.97 -52.59 -53.41 -53.91 -54.72 -55.47 -56.44 -57.06 -57.97 -58.44 -58.91 -59.50 -59.75 -60.25 -60.53 -60.59 -60.88 -61.19 -61.75 -62.22 -62.31 -62.44 -62.56 -62.34 -61.59 -60.91 -61.09 -61.09 -61.22 -61.12 -60.78 -60.38 -60.00 -59.41 -58.84 -59.50 -57.72 -56.91 -56.66 -57.31 -57.47 -57.22 -56.19 -55.97 -55.66 -56.34 -57.22 -57.25 -57.44 -57.25 -56.72 -56.91 -57.41 -57.78 -57.75 -57.66 -57.75 -57.56 -57.06 -57.16
-39.75 -41.19 -42.34 -43.09 -44.69 -46.06 -46.59 -47.50 -48.75 -49.97 -49.88 -50.59 -52.12 -53.19 -54.12 -54.84 -55.56 -56.50 -57.47 -58.22 -58.81 -59.16 -59.22 -59.72 -60.38 -60.75 -60.62 -61.12 -61.47 -61.78 -62.22 -62.28 -62.34 -62.72 -62.41 -61.78 -61.03 -61.44 -61.66 -61.81 -61.31 -61.00 -60.47 -60.00 -59.59 -59.31 -60.03 -58.66 -58.25 -58.03 -57.81 -58.00 -58.09 -57.59 -56.28 -55.66 -55.56 -56.50 -57.09 -57.28 -57.28 -56.88 -57.22 -57.41 -57.91 -57.72 -57.72 -57.91 -57.94 -57.88 -57.59
-39.47 -41.09 -42.56 -43.41 -45.16 -46.19 -46.75 -47.44 -48.56 -49.62 -50.19 -51.00 -52.12 -52.91 -53.69 -54.88 -55.88 -56.97 -57.91 -58.41 -58.84 -59.03 -59.22 -59.62 -60.09 -60.53 -60.88 -61.16 -61.59 -61.56 -62.12 -62.31 -62.38 -62.50 -62.44 -61.78 -61.31 -61.88 -61.66 -61.34 -61.19 -61.06 -60.91 -61.09 -60.78 -60.44 -60.12 -58.97 -58.28 -57.97 -57.97 -58.12 -58.19 -58.25 -57.03 -55.97 -55.38 -55.22 -55.50 -56.75 -57.12 -57.06 -57.22 -57.56 -57.88 -58.12 -57.91 -57.62 -57.91 -58.00 -58.12
-39.50 -40.69 -42.09 -43.69 -44.81 -46.66 -47.09 -47.53 -48.25 -49.19 -50.25 -51.16 -52.03 -52.72 -53.59 -55.25 -56.16 -56.78 -57.59 -58.38 -58.88 -59.19 -59.47 -60.12 -60.53 -61.09 -61.31 -61.59 -61.72 -61.75 -61.91 -62.12 -62.44 -62.47 -62.38 -61.94 -61.53 -61.94 -61.66 -61.47 -61.47 -61.34 -61.19 -60.66 -59.97 -59.84 -59.59 -59.28 -59.28 -58.31 -58.44 -58.41 -58.38 -58.50 -58.22 -56.72 -55.41 -55.31 -55.31 -55.16 -55.22 -55.25 -55.25 -56.94 -57.84 -58.31 -58.78 -58.53 -58.41 -58.19 -58.50
-40.16 -41.41 -42.62 -43.62 -44.84 -46.59 -46.78 -47.34 -48.16 -48.66 -49.88 -51.16 -52.44 -53.19 -53.44 -54.66 -56.25 -56.88 -57.72 -58.34 -58.84 -59.22 -59.41 -59.28 -59.62 -60.69 -61.22 -61.81 -62.06 -61.69 -62.06 -62.66 -62.62 -62.91 -62.56 -62.16 -61.84 -62.06 -62.16 -61.69 -61.44 -61.47 -61.31 -60.91 -60.38 -59.78 -59.78 -59.94 -58.91 -58.19 -58.28 -58.25 -58.62 -58.69 -58.59 -56.84 -56.34 -56.28 -56.22 -56.00 -56.53 -56.78 -56.03 -56.34 -56.47 -56.44 -57.28 -58.03 -58.75 -58.75 -58.62
-40.31 -41.53 -42.50 -43.66 -44.78 -45.62 -45.88 -46.84 -47.69 -48.53 -49.41 -50.53 -51.88 -52.56 -53.12 -54.44 -55.97 -56.94 -57.59 -59.09 -59.28 -59.25 -59.41 -59.09 -59.31 -60.59 -61.31 -61.62 -61.84 -62.06 -62.09 -62.44 -62.78 -62.97 -63.03 -62.97 -62.38 -62.19 -62.50 -61.78 -61.69 -61.25 -61.03 -61.06 -60.91 -60.31 -60.00 -59.75 -59.25 -58.50 -58.72 -58.75 -58.81 -58.91 -58.53 -57.41 -56.66 -57.16 -57.22 -57.19 -57.16 -56.78 -56.00 -55.34 -55.28 -55.72 -56.00 -56.56 -58.34 -59.09 -59.16
-40.06 -41.38 -42.38 -43.69 -44.88 -45.62 -45.94 -46.94 -48.28 -49.44 -50.12 -50.72 -51.38 -52.25 -53.16 -54.44 -55.44 -56.31 -57.19 -59.06 -59.75 -59.22 -58.84 -58.75 -59.34 -60.50 -61.09 -61.44 -61.62 -62.00 -62.16 -62.00 -62.16 -62.47 -62.59 -62.53 -62.38 -62.12 -61.81 -61.53 -61.94 -61.97 -61.16 -60.84 -60.72 -60.38 -59.66 -59.25 -59.25 -58.75 -58.69 -59.09 -58.91 -58.75 -58.44 -58.03 -57.28 -56.88 -56.66 -56.47 -56.38 -56.28 -56.09 -56.00 -55.56 -55.38 -55.88 -56.38 -56.91 -57.72 -58.41
-39.81 -41.03 -42.16 -43.41 -44.50 -45.28 -46.06 -47.16 -48.97 -49.34 -49.97 -50.91 -52.31 -52.91 -53.16 -53.88 -54.66 -55.78 -57.19 -59.19 -59.62 -59.41 -59.38 -59.75 -60.75 -60.94 -61.12 -61.50 -61.84 -62.12 -62.22 -61.97 -62.00 -62.53 -62.81 -62.78 -62.66 -62.47 -62.03 -61.84 -61.50 -61.62 -61.59 -61.34 -61.16 -61.09 -60.38 -59.97 -59.38 -58.94 -58.66 -58.78 -58.53 -58.56 -58.44 -58.56 -58.28 -57.75 -57.31 -56.72 -56.75 -56.94 -56.59 -56.28 -55.84 -55.59 -55.78 -56.06 -56.62 -56.91 -57.16
-40.16 -41.44 -42.16 -43.12 -44.00 -45.00 -46.44 -47.69 -48.72 -49.44 -50.06 -50.94 -52.12 -53.16 -53.44 -53.59 -54.56 -55.59 -56.78 -58.97 -57.75 -58.97 -59.59 -59.50 -60.31 -60.91 -62.09 -62.22 -62.47 -62.66 -63.00 -62.47 -62.03 -62.28 -62.38 -62.41 -62.47 -62.47 -62.34 -62.12 -61.44 -61.72 -61.97 -61.84 -61.62 -61.59 -61.22 -60.28 -59.53 -58.94 -58.97 -59.28 -59.12 -58.78 -58.62 -58.19 -57.88 -57.78 -57.47 -57.22 -57.59 -58.03 -58.00 -57.16 -56.47 -56.03 -55.72 -55.97 -56.84 -57.16 -56.62
-41.16 -42.09 -42.88 -43.22 -44.28 -45.16 -46.38 -47.66 -48.94 -49.69 -50.31 -51.31 -52.47 -53.41 -53.97 -54.41 -54.84 -55.78 -56.56 -57.62 -57.44 -59.34 -60.31 -59.81 -60.03 -60.69 -61.59 -62.16 -62.50 -63.03 -63.41 -62.97 -62.16 -62.16 -62.38 -62.44 -62.62 -62.59 -62.44 -62.31 -61.66 -61.81 -61.84 -61.94 -61.72 -61.47 -61.28 -60.94 -60.44 -60.06 -60.34 -60.16 -59.66 -59.28 -59.00 -57.81 -57.94 -58.75 -58.88 -58.69 -58.56 -58.22 -58.31 -57.94 -57.31 -56.22 -55.72 -55.88 -56.72 -57.69 -57.72
-41.47 -42.22 -42.84 -43.50 -44.34 -45.44 -46.50 -47.53 -48.75 -49.81 -50.50 -51.56 -52.78 -53.66 -54.38 -54.97 -55.75 -56.47 -56.47 -57.03 -57.81 -60.06 -60.81 -59.66 -60.00 -60.72 -61.44 -62.00 -62.38 -62.72 -63.16 -63.66 -62.81 -62.91 -62.69 -63.62 -63.09 -63.00 -62.75 -62.59 -62.00 -61.88 -62.03 -62.03 -62.19 -61.91 -61.66 -60.94 -60.16 -59.75 -60.19 -60.66 -60.09 -59.47 -58.91 -58.31 -58.66 -59.38 -59.41 -59.25 -58.97 -58.81 -58.53 -58.47 -58.44 -57.81 -56.44 -55.84 -55.84 -57.75 -58.12
-41.12 -42.09 -42.94 -43.84 -44.56 -45.59 -46.69 -47.62 -49.03 -49.75 -50.75 -52.00 -52.91 -54.00 -54.53 -55.03 -55.84 -56.03 -56.06 -56.94 -57.91 -59.91 -60.28 -59.53 -59.50 -60.00 -60.62 -61.44 -62.16 -62.31 -62.62 -62.69 -62.75 -63.00 -63.31 -63.56 -63.41 -63.59 -63.31 -63.28 -62.50 -62.25 -62.28 -62.41 -62.31 -62.06 -61.59 -61.03 -60.59 -60.41 -60.66 -60.44 -59.97 -59.50 -58.88 -58.97 -59.38 -59.34 -59.38 -59.38 -59.22 -59.00 -58.84 -58.72 -58.81 -58.34 -57.59 -56.09 -55.62 -56.38 -57.72
-40.75 -42.00 -43.56 -44.53 -44.88 -46.09 -47.16 -48.12 -48.88 -50.25 -50.75 -51.59 -52.22 -52.69 -53.62 -54.31 -54.81 -55.25 -55.88 -57.06 -57.88 -58.59 -60.25 -60.44 -60.91 -61.28 -61.22 -61.66 -62.09 -62.12 -62.47 -62.72 -62.94 -63.31 -63.19 -63.19 -63.56 -63.59 -64.09 -64.09 -63.12 -62.59 -62.53 -62.25 -62.19 -61.88 -61.50 -61.16 -60.94 -60.88 -60.84 -60.81 -60.66 -60.22 -59.66 -59.69 -59.75 -59.97 -59.97 -59.84 -59.66 -59.16 -58.81 -58.75 -58.94 -59.28 -58.72 -57.75 -56.31 -56.25 -56.22
-41.22 -42.41 -43.66 -44.66 -45.00 -45.97 -47.34 -48.28 -48.69 -49.94 -49.97 -50.69 -51.59 -52.44 -53.31 -54.19 -55.25 -55.59 -56.16 -57.59 -58.56 -60.00 -60.69 -60.69 -60.72 -61.22 -61.56 -61.81 -62.50 -62.81 -62.84 -63.12 -63.28 -63.47 -63.53 -63.44 -63.59 -63.56 -64.19 -63.69 -63.81 -63.06 -62.69 -62.53 -62.31 -62.12 -61.41 -61.22 -61.34 -60.91 -60.31 -60.28 -60.12 -60.16 -60.00 -60.16 -60.09 -60.19 -59.91 -59.53 -58.97 -58.09 -58.53 -59.09 -59.03 -59.31 -58.66 -58.44 -57.25 -56.28 -55.88
-41.28 -42.47 -43.72 -44.47 -45.53 -46.09 -47.38 -47.81 -49.31 -49.62 -49.84 -50.66 -51.81 -53.00 -54.25 -55.00 -55.88 -55.81 -56.47 -58.09 -58.91 -60.56 -60.53 -60.47 -61.06 -61.62 -62.09 -62.31 -62.31 -62.53 -62.75 -63.12 -63.59 -63.94 -64.00 -64.00 -63.84 -63.78 -63.78 -63.62 -63.75 -63.78 -64.34 -63.06 -62.44 -62.38 -61.41 -60.91 -60.75 -60.25 -59.62 -59.38 -59.34 -59.50 -59.59 -60.16 -60.09 -60.03 -59.72 -59.38 -58.16 -57.28 -57.62 -58.62 -58.22 -58.47 -57.50 -57.12 -56.75 -56.44 -55.75
-41.69 -42.66 -43.75 -44.31 -45.06 -46.84 -47.56 -48.47 -49.12 -49.69 -50.53 -51.53 -52.50 -53.50 -54.44 -54.78 -54.75 -55.50 -57.06 -58.34 -58.84 -60.59 -60.69 -61.16 -61.31 -61.50 -61.97 -62.34 -62.56 -62.62 -62.81 -63.31 -63.72 -63.84 -63.75 -63.84 -63.97 -63.50 -63.12 -63.06 -63.16 -63.72 -63.84 -62.41 -61.16 -61.91 -60.38 -59.66 -59.25 -58.59 -58.28 -58.53 -58.50 -58.53 -58.47 -58.53 -58.34 -58.28 -58.34 -57.81 -57.78 -57.88 -57.72 -57.53 -57.62 -57.97 -56.94 -56.50 -56.62 -56.88 -56.56
-42.00 -42.62 -43.50 -44.38 -45.16 -46.59 -47.69 -47.69 -49.50 -50.50 -51.69 -52.06 -52.72 -53.50 -54.34 -54.62 -55.22 -56.69 -57.62 -58.28 -59.03 -60.62 -60.38 -60.84 -61.41 -61.72 -62.12 -62.56 -63.38 -63.03 -62.84 -63.19 -63.75 -63.75 -63.53 -63.56 -63.53 -63.50 -63.38 -62.41 -61.72 -61.41 -61.69 -61.34 -61.12 -60.97 -60.62 -60.28 -59.72 -59.25 -58.62 -58.56 -58.31 -58.34 -58.47 -58.41 -58.34 -57.88 -57.97 -57.25 -57.38 -58.06 -58.12 -57.53 -57.78 -57.94 -56.75 -56.28 -56.62 -56.72 -57.00
-41.88 -43.06 -44.06 -45.03 -46.03 -46.34 -47.59 -47.91 -49.94 -50.31 -51.53 -51.94 -53.56 -54.22 -54.84 -55.72 -56.38 -57.12 -57.75 -58.16 -58.84 -60.75 -61.19 -60.59 -61.19 -61.81 -62.41 -62.81 -63.09 -63.16 -62.88 -63.00 -63.44 -63.25 -63.03 -62.91 -62.91 -62.66 -62.78 -61.94 -61.59 -61.66 -61.81 -62.41 -62.31 -61.97 -61.66 -61.22 -61.00 -60.12 -59.69 -59.53 -60.03 -59.34 -59.00 -58.88 -58.66 -58.12 -57.66 -57.66 -57.75 -57.66 -57.53 -57.00 -56.88 -57.12 -56.22 -55.94 -56.31 -56.50 -56.09
-42.72 -43.44 -44.22 -45.28 -46.19 -46.41 -47.62 -48.25 -49.53 -50.16 -51.16 -52.81 -53.47 -55.03 -55.81 -55.94 -56.69 -57.50 -58.22 -58.78 -60.00 -60.28 -61.75 -60.97 -61.44 -62.06 -62.69 -62.91 -63.16 -62.97 -62.75 -62.81 -63.00 -62.94 -62.75 -62.25 -61.97 -62.16 -62.47 -62.53 -62.34 -62.38 -62.44 -62.59 -62.62 -63.00 -63.19 -63.06 -62.09 -60.91 -60.47 -60.28 -60.34 -59.53 -59.12 -59.03 -58.88 -58.47 -57.91 -57.97 -57.97 -57.91 -57.75 -57.47 -56.91 -57.09 -56.31 -56.38 -56.97 -56.47 -56.22
-43.03 -43.62 -44.56 -45.53 -45.91 -46.44 -47.41 -48.84 -49.59 -50.78 -51.38 -52.38 -53.38 -54.50 -55.47 -56.03 -56.84 -57.81 -58.47 -59.41 -60.16 -60.66 -61.78 -61.50 -61.91 -62.16 -62.56 -62.81 -62.88 -62.81 -62.88 -62.78 -63.09 -63.38 -63.66 -63.66 -63.41 -63.06 -63.22 -63.69 -63.56 -63.41 -63.41 -63.81 -64.06 -64.44 -64.38 -64.06 -63.38 -62.75 -62.34 -61.88 -61.38 -60.81 -60.47 -59.84 -59.47 -59.09 -58.69 -58.81 -58.84 -58.69 -58.25 -57.94 -58.16 -57.69 -56.25 -56.38 -56.22 -55.94 -55.88
-43.44 -44.38 -45.34 -46.44 -46.66 -46.84 -47.38 -48.91 -50.69 -51.00 -51.81 -52.75 -53.62 -54.59 -55.47 -56.25 -57.16 -57.84 -58.62 -59.34 -60.31 -60.78 -61.62 -61.94 -61.53 -62.56 -63.06 -62.62 -62.41 -62.75 -63.19 -63.16 -63.06 -63.31 -63.47 -63.50 -63.94 -64.84 -64.84 -64.91 -64.75 -64.47 -64.44 -64.72 -64.72 -64.84 -64.88 -64.31 -63.81 -63.72 -63.50 -62.91 -62.34 -62.22 -63.16 -61.97 -60.97 -60.78 -60.72 -60.78 -60.50 -60.25 -60.00 -59.72 -59.78 -58.94 -57.88 -56.97 -56.09 -56.06 -56.34
-43.69 -44.66 -45.72 -46.62 -46.75 -48.00 -48.53 -49.81 -51.00 -51.19 -52.06 -52.97 -53.81 -54.91 -55.78 -56.53 -57.25 -58.03 -58.72 -59.44 -60.31 -61.03 -61.59 -61.50 -61.81 -62.28 -62.56 -62.34 -62.91 -63.16 -63.53 -62.84 -61.88 -62.41 -63.69 -64.94 -65.22 -65.12 -65.00 -64.94 -64.91 -64.84 -64.78 -64.84 -64.84 -64.91 -64.97 -64.16 -63.69 -63.94 -63.81 -63.41 -63.03 -62.78 -63.25 -62.72 -61.53 -61.12 -60.81 -60.38 -60.41 -59.97 -59.72 -59.56 -59.53 -58.84 -58.19 -58.06 -58.12 -57.59 -56.62
-44.09 -45.06 -46.06 -47.34 -48.38 -48.12 -47.97 -49.03 -50.53 -51.44 -52.34 -53.22 -54.09 -55.22 -56.34 -56.88 -57.66 -58.38 -59.03 -59.75 -60.31 -61.00 -61.72 -61.78 -62.09 -62.50 -62.94 -63.19 -63.59 -64.28 -63.50 -62.56 -62.56 -64.00 -64.97 -65.31 -65.34 -65.25 -65.41 -65.59 -65.41 -65.47 -65.38 -65.19 -64.81 -64.47 -64.28 -64.22 -64.03 -64.00 -63.66 -63.19 -63.22 -62.69 -62.66 -61.97 -62.03 -62.16 -61.84 -61.12 -60.41 -60.16 -59.69 -59.44 -59.97 -59.75 -59.16 -58.75 -58.75 -58.28 -57.19
-44.84 -45.66 -46.72 -48.03 -48.78 -47.69 -48.09 -49.03 -50.62 -51.81 -52.72 -53.78 -54.66 -55.50 -56.34 -57.06 -57.75 -58.56 -59.34 -59.94 -60.56 -61.09 -61.88 -62.59 -62.41 -62.78 -63.19 -63.56 -63.97 -63.91 -62.94 -63.34 -64.03 -65.00 -65.41 -65.44 -65.31 -65.56 -66.06 -66.09 -66.00 -65.81 -65.69 -65.44 -65.03 -64.62 -64.66 -64.59 -64.38 -64.25 -63.59 -63.66 -63.53 -62.84 -62.81 -62.47 -62.44 -61.97 -61.47 -61.44 -60.81 -60.28 -60.19 -59.91 -60.47 -60.47 -60.09 -60.25 -59.88 -59.47 -58.78
-45.28 -46.16 -47.38 -47.69 -47.81 -48.09 -48.72 -49.75 -50.56 -51.41 -53.00 -54.12 -54.91 -55.66 -56.50 -57.09 -57.47 -58.19 -59.34 -60.09 -60.69 -61.25 -61.78 -62.84 -62.38 -63.28 -63.78 -63.94 -64.34 -64.81 -64.75 -64.69 -64.81 -65.53 -65.81 -65.78 -65.72 -65.94 -66.28 -66.53 -66.56 -66.44 -66.06 -65.72 -65.47 -65.00 -64.81 -64.56 -64.66 -64.81 -64.22 -63.91 -63.34 -62.62 -62.19 -62.31 -62.41 -62.00 -61.78 -61.31 -61.03 -60.88 -60.88 -60.84 -60.72 -60.59 -60.38 -60.84 -61.12 -61.12 -59.97
