everonasctiles/Tile6,27.asc
ncols 128
nrows 128
xllcorner 0
yllcorner 0
cellsize 2.0
NODATA_value  -9999
[rows 0 to 31 of 128, columns 0 to 70 of 128]
-79.47 -79.44 -79.41 -79.34 -79.22 -79.06 -78.91 -78.69 -78.44 -78.16 -77.91 -77.66 -77.44 -77.25 -77.00 -76.69 -76.31 -75.91 -75.44 -74.94 -74.47 -74.06 -73.72 -73.38 -72.97 -72.47 -72.09 -71.91 -72.06 -72.47 -72.84 -73.06 -73.19 -73.34 -73.38 -73.31 -73.22 -73.16 -73.16 -73.19 -73.22 -73.19 -73.09 -72.97 -72.78 -72.53 -72.28 -71.97 -71.66 -71.34 -70.94 -70.38 -69.81 -69.50 -69.34 -69.12 -68.78 -68.34 -67.78 -67.16 -66.47 -65.78 -65.09 -64.41 -63.72 -63.03 -62.38 -61.72 -61.09 -60.50 -59.88
-79.50 -79.47 -79.44 -79.34 -79.22 -79.06 -78.88 -78.62 -78.38 -78.09 -77.81 -77.53 -77.28 -77.06 -76.84 -76.59 -76.25 -75.88 -75.44 -75.03 -74.59 -74.22 -73.88 -73.56 -73.22 -72.94 -72.78 -72.75 -72.94 -73.16 -73.31 -73.44 -73.56 -73.69 -73.66 -73.56 -73.44 -73.34 -73.34 -73.38 -73.41 -73.41 -73.31 -73.16 -73.00 -72.78 -72.53 -72.28 -71.97 -71.66 -71.28 -70.88 -70.50 -70.19 -69.88 -69.47 -68.97 -68.38 -67.66 -66.94 -66.22 -65.53 -64.81 -64.09 -63.38 -62.72 -62.16 -61.59 -61.00 -60.44 -59.81
-79.56 -79.50 -79.44 -79.34 -79.22 -79.03 -78.84 -78.59 -78.34 -78.06 -77.75 -77.47 -77.19 -76.91 -76.69 -76.44 -76.16 -75.84 -75.47 -75.06 -74.69 -74.34 -74.03 -73.75 -73.56 -73.47 -73.47 -73.47 -73.53 -73.62 -73.72 -73.81 -73.91 -73.97 -73.91 -73.78 -73.66 -73.56 -73.56 -73.56 -73.59 -73.56 -73.50 -73.34 -73.16 -72.97 -72.78 -72.53 -72.25 -71.94 -71.59 -71.25 -70.91 -70.56 -70.12 -69.56 -68.91 -68.16 -67.25 -66.34 -65.59 -64.97 -64.31 -63.50 -62.69 -62.09 -61.66 -61.25 -60.78 -60.25 -59.69
-79.59 -79.53 -79.47 -79.38 -79.22 -79.03 -78.81 -78.59 -78.31 -78.03 -77.72 -77.41 -77.09 -76.78 -76.53 -76.28 -76.03 -75.75 -75.44 -75.09 -74.75 -74.41 -74.12 -73.91 -73.81 -73.78 -73.81 -73.84 -73.91 -73.97 -74.06 -74.16 -74.22 -74.22 -74.12 -74.00 -73.91 -73.81 -73.75 -73.75 -73.78 -73.75 -73.62 -73.47 -73.31 -73.12 -72.97 -72.75 -72.47 -72.16 -71.81 -71.47 -71.12 -70.69 -70.16 -69.47 -68.78 -68.03 -66.97 -65.62 -64.56 -63.84 -63.22 -62.47 -61.69 -61.19 -61.00 -60.75 -60.44 -60.00 -59.50
-79.62 -79.56 -79.50 -79.38 -79.22 -79.03 -78.81 -78.56 -78.31 -78.00 -77.69 -77.38 -77.03 -76.66 -76.34 -76.09 -75.88 -75.62 -75.38 -75.06 -74.75 -74.47 -74.22 -74.09 -74.03 -74.06 -74.09 -74.16 -74.22 -74.28 -74.38 -74.44 -74.47 -74.44 -74.34 -74.22 -74.09 -74.00 -73.94 -73.94 -73.94 -73.88 -73.78 -73.62 -73.44 -73.28 -73.09 -72.84 -72.59 -72.25 -71.91 -71.50 -71.06 -70.53 -69.94 -69.28 -68.59 -67.91 -66.88 -65.31 -63.84 -62.72 -61.91 -61.19 -60.53 -60.09 -60.16 -60.22 -60.00 -59.66 -59.25
-79.66 -79.62 -79.53 -79.41 -79.25 -79.06 -78.84 -78.59 -78.31 -78.03 -77.72 -77.34 -76.94 -76.47 -76.09 -75.88 -75.69 -75.50 -75.28 -75.03 -74.75 -74.50 -74.31 -74.25 -74.25 -74.28 -74.38 -74.47 -74.53 -74.59 -74.66 -74.69 -74.69 -74.62 -74.53 -74.41 -74.28 -74.19 -74.12 -74.09 -74.09 -74.03 -73.94 -73.75 -73.56 -73.34 -73.12 -72.88 -72.59 -72.28 -71.88 -71.41 -70.84 -70.22 -69.59 -68.94 -68.31 -67.66 -66.53 -64.91 -63.28 -61.91 -60.81 -60.00 -59.41 -59.09 -59.22 -59.56 -59.56 -59.31 -59.00
-79.69 -79.66 -79.56 -79.47 -79.31 -79.09 -78.88 -78.66 -78.38 -78.12 -77.81 -77.41 -77.03 -76.56 -76.16 -75.91 -75.69 -75.50 -75.28 -75.00 -74.72 -74.50 -74.38 -74.41 -74.44 -74.53 -74.62 -74.72 -74.78 -74.84 -74.88 -74.88 -74.84 -74.78 -74.69 -74.56 -74.44 -74.31 -74.25 -74.22 -74.22 -74.19 -74.06 -73.88 -73.66 -73.38 -73.12 -72.84 -72.56 -72.22 -71.84 -71.31 -70.62 -69.78 -68.94 -68.25 -67.69 -66.91 -65.69 -64.19 -62.66 -61.22 -60.06 -59.19 -58.59 -58.38 -58.44 -58.72 -58.94 -58.88 -58.69
-79.72 -79.69 -79.62 -79.50 -79.38 -79.19 -78.97 -78.75 -78.50 -78.25 -77.97 -77.62 -77.25 -76.88 -76.53 -76.25 -75.97 -75.69 -75.41 -75.09 -74.72 -74.50 -74.47 -74.53 -74.62 -74.72 -74.81 -74.91 -75.00 -75.03 -75.06 -75.03 -74.97 -74.91 -74.78 -74.66 -74.53 -74.44 -74.38 -74.34 -74.34 -74.31 -74.16 -73.97 -73.72 -73.41 -73.09 -72.78 -72.50 -72.19 -71.78 -71.28 -70.56 -69.56 -68.44 -67.38 -66.47 -65.59 -64.56 -63.34 -62.06 -60.84 -59.84 -59.12 -58.66 -58.41 -58.25 -58.22 -58.31 -58.41 -58.44
-79.75 -79.72 -79.69 -79.56 -79.44 -79.28 -79.09 -78.88 -78.66 -78.41 -78.12 -77.84 -77.50 -77.19 -76.84 -76.53 -76.19 -75.88 -75.53 -75.19 -74.81 -74.56 -74.56 -74.66 -74.75 -74.88 -74.97 -75.09 -75.16 -75.19 -75.19 -75.16 -75.06 -74.97 -74.88 -74.75 -74.62 -74.53 -74.50 -74.47 -74.47 -74.41 -74.28 -74.03 -73.78 -73.44 -73.12 -72.78 -72.44 -72.12 -71.75 -71.28 -70.66 -69.81 -68.56 -67.22 -66.00 -64.88 -63.88 -62.88 -62.00 -61.19 -60.47 -59.94 -59.59 -59.28 -58.91 -58.66 -58.59 -58.72 -58.69
-79.78 -79.75 -79.72 -79.62 -79.53 -79.38 -79.19 -79.00 -78.78 -78.53 -78.28 -78.00 -77.72 -77.41 -77.09 -76.75 -76.41 -76.03 -75.66 -75.31 -74.94 -74.62 -74.62 -74.72 -74.84 -74.97 -75.09 -75.19 -75.25 -75.28 -75.28 -75.22 -75.12 -75.03 -74.94 -74.81 -74.72 -74.66 -74.62 -74.59 -74.59 -74.50 -74.34 -74.12 -73.84 -73.50 -73.16 -72.78 -72.41 -72.00 -71.66 -71.22 -70.69 -69.97 -69.03 -67.69 -66.34 -65.16 -64.22 -63.47 -62.88 -62.28 -61.72 -61.28 -60.91 -60.38 -59.75 -59.28 -59.16 -59.09 -59.00
-79.72 -79.75 -79.72 -79.66 -79.56 -79.44 -79.28 -79.09 -78.88 -78.62 -78.38 -78.12 -77.84 -77.53 -77.22 -76.88 -76.47 -76.09 -75.69 -75.34 -75.00 -74.69 -74.69 -74.78 -74.91 -75.06 -75.19 -75.28 -75.34 -75.34 -75.31 -75.28 -75.19 -75.09 -75.00 -74.91 -74.81 -74.75 -74.72 -74.72 -74.69 -74.59 -74.41 -74.19 -73.91 -73.56 -73.19 -72.78 -72.28 -71.75 -71.38 -71.03 -70.56 -69.97 -69.25 -68.31 -67.25 -66.19 -65.41 -64.78 -64.16 -63.53 -62.91 -62.31 -61.72 -61.12 -60.44 -59.88 -59.59 -59.44 -59.28
-79.66 -79.69 -79.69 -79.66 -79.56 -79.47 -79.31 -79.12 -78.91 -78.66 -78.41 -78.12 -77.81 -77.50 -77.16 -76.81 -76.41 -76.03 -75.66 -75.28 -74.94 -74.69 -74.72 -74.84 -74.97 -75.09 -75.22 -75.31 -75.38 -75.38 -75.34 -75.31 -75.25 -75.16 -75.06 -75.00 -74.94 -74.88 -74.84 -74.81 -74.75 -74.62 -74.44 -74.22 -73.94 -73.59 -73.22 -72.72 -72.00 -71.19 -70.88 -70.62 -70.28 -69.81 -69.22 -68.53 -67.78 -66.97 -66.22 -65.47 -64.78 -64.06 -63.38 -62.69 -62.00 -61.41 -60.75 -60.22 -59.97 -59.78 -59.53
-79.50 -79.56 -79.59 -79.56 -79.50 -79.41 -79.25 -79.06 -78.84 -78.59 -78.31 -78.00 -77.66 -77.31 -76.97 -76.59 -76.22 -75.84 -75.50 -75.16 -74.78 -74.62 -74.72 -74.84 -75.00 -75.12 -75.25 -75.34 -75.38 -75.38 -75.38 -75.34 -75.28 -75.22 -75.16 -75.09 -75.03 -74.97 -74.91 -74.84 -74.75 -74.62 -74.44 -74.22 -73.91 -73.56 -73.19 -72.59 -71.56 -70.53 -69.97 -69.97 -69.84 -69.47 -69.00 -68.44 -67.81 -67.16 -66.44 -65.72 -65.03 -64.31 -63.59 -62.84 -62.16 -61.53 -60.94 -60.56 -60.38 -60.12 -59.78
-79.31 -79.41 -79.44 -79.44 -79.38 -79.28 -79.12 -78.94 -78.72 -78.47 -78.16 -77.81 -77.47 -77.09 -76.69 -76.31 -75.97 -75.62 -75.28 -74.88 -74.53 -74.53 -74.72 -74.84 -75.00 -75.16 -75.25 -75.34 -75.38 -75.38 -75.38 -75.38 -75.31 -75.28 -75.22 -75.16 -75.09 -75.03 -74.97 -74.88 -74.75 -74.59 -74.41 -74.16 -73.88 -73.53 -73.09 -72.53 -71.41 -70.22 -69.38 -69.06 -69.12 -68.94 -68.56 -68.09 -67.53 -66.94 -66.31 -65.62 -64.97 -64.28 -63.53 -62.78 -62.03 -61.41 -61.12 -60.97 -60.75 -60.44 -60.00
-79.06 -79.19 -79.25 -79.25 -79.19 -79.09 -78.94 -78.75 -78.53 -78.25 -77.94 -77.59 -77.19 -76.78 -76.31 -75.91 -75.56 -75.22 -74.78 -74.34 -74.22 -74.47 -74.66 -74.84 -75.00 -75.16 -75.28 -75.34 -75.38 -75.38 -75.38 -75.38 -75.34 -75.28 -75.25 -75.19 -75.12 -75.06 -74.97 -74.84 -74.72 -74.56 -74.34 -74.09 -73.81 -73.44 -73.03 -72.50 -71.56 -70.47 -69.50 -68.72 -68.28 -68.00 -67.69 -67.28 -66.84 -66.38 -65.84 -65.31 -64.75 -64.06 -63.19 -62.34 -61.75 -61.62 -61.66 -61.44 -61.09 -60.69 -60.19
-78.78 -78.94 -79.00 -79.00 -78.97 -78.88 -78.72 -78.53 -78.28 -78.00 -77.66 -77.28 -76.88 -76.38 -75.69 -75.16 -74.78 -74.41 -74.06 -73.84 -74.03 -74.41 -74.62 -74.81 -75.00 -75.16 -75.25 -75.31 -75.34 -75.34 -75.34 -75.34 -75.31 -75.28 -75.22 -75.16 -75.09 -75.03 -74.94 -74.81 -74.69 -74.50 -74.31 -74.06 -73.75 -73.41 -73.00 -72.53 -71.94 -71.12 -70.19 -69.25 -68.28 -67.44 -66.81 -66.28 -65.88 -65.56 -65.41 -65.25 -64.88 -64.16 -63.34 -62.72 -62.47 -62.47 -62.22 -61.84 -61.38 -60.88 -60.34
-78.47 -78.62 -78.72 -78.75 -78.72 -78.62 -78.44 -78.25 -78.00 -77.72 -77.38 -76.97 -76.53 -75.94 -75.09 -74.44 -73.97 -73.66 -73.47 -73.59 -74.03 -74.34 -74.59 -74.78 -74.97 -75.09 -75.22 -75.28 -75.31 -75.31 -75.31 -75.28 -75.28 -75.22 -75.16 -75.09 -75.03 -74.94 -74.88 -74.75 -74.62 -74.47 -74.25 -74.00 -73.72 -73.38 -73.00 -72.53 -72.03 -71.47 -70.88 -69.97 -68.78 -67.56 -66.62 -66.06 -65.88 -65.97 -66.12 -66.06 -65.66 -64.94 -64.28 -63.84 -63.53 -63.16 -62.66 -62.09 -61.53 -61.03 -60.50
-78.09 -78.31 -78.41 -78.47 -78.44 -78.31 -78.16 -77.94 -77.69 -77.41 -77.06 -76.62 -76.19 -75.62 -74.81 -74.06 -73.53 -73.25 -73.34 -73.72 -74.06 -74.34 -74.53 -74.75 -74.91 -75.03 -75.12 -75.19 -75.22 -75.25 -75.25 -75.22 -75.22 -75.19 -75.09 -75.03 -74.94 -74.84 -74.75 -74.66 -74.53 -74.34 -74.16 -73.94 -73.66 -73.34 -72.97 -72.56 -72.06 -71.53 -71.03 -70.38 -69.06 -67.81 -66.97 -66.69 -66.78 -67.03 -67.00 -66.75 -66.38 -65.84 -65.28 -64.75 -64.19 -63.59 -62.91 -62.25 -61.66 -61.12 -60.66
-77.69 -77.94 -78.06 -78.09 -78.06 -77.97 -77.81 -77.59 -77.34 -77.06 -76.72 -76.31 -75.84 -75.38 -74.81 -74.12 -73.56 -73.38 -73.62 -73.88 -74.09 -74.31 -74.50 -74.69 -74.81 -74.94 -75.03 -75.09 -75.12 -75.16 -75.16 -75.16 -75.16 -75.12 -75.06 -74.97 -74.88 -74.75 -74.66 -74.53 -74.41 -74.22 -74.03 -73.81 -73.56 -73.25 -72.91 -72.50 -72.06 -71.56 -71.06 -70.25 -69.09 -68.12 -67.69 -67.75 -67.91 -67.81 -67.59 -67.28 -66.91 -66.44 -65.84 -65.22 -64.53 -63.75 -62.97 -62.28 -61.69 -61.19 -60.75
-77.22 -77.56 -77.72 -77.69 -77.66 -77.56 -77.41 -77.19 -76.94 -76.66 -76.34 -75.97 -75.53 -75.09 -74.69 -74.22 -73.81 -73.66 -73.78 -73.94 -74.12 -74.31 -74.47 -74.59 -74.72 -74.78 -74.88 -74.94 -75.00 -75.03 -75.03 -75.06 -75.06 -75.06 -75.00 -74.94 -74.81 -74.69 -74.56 -74.41 -74.28 -74.09 -73.91 -73.69 -73.44 -73.16 -72.81 -72.44 -72.03 -71.59 -71.00 -70.12 -69.28 -68.75 -68.66 -68.75 -68.62 -68.41 -68.09 -67.75 -67.31 -66.75 -66.12 -65.38 -64.56 -63.69 -62.81 -62.06 -61.53 -61.22 -60.91
-76.78 -77.19 -77.31 -77.25 -77.19 -77.09 -76.94 -76.72 -76.50 -76.22 -75.91 -75.56 -75.19 -74.81 -74.44 -74.12 -73.88 -73.78 -73.84 -73.97 -74.12 -74.28 -74.41 -74.47 -74.53 -74.59 -74.69 -74.75 -74.81 -74.84 -74.91 -74.94 -74.97 -74.97 -74.94 -74.88 -74.78 -74.66 -74.50 -74.34 -74.19 -74.00 -73.81 -73.59 -73.38 -73.09 -72.78 -72.44 -72.06 -71.62 -71.03 -70.38 -69.84 -69.66 -69.59 -69.41 -69.16 -68.88 -68.50 -68.06 -67.50 -66.81 -66.09 -65.25 -64.31 -63.25 -62.31 -61.72 -61.59 -61.50 -61.22
-76.38 -76.75 -76.84 -76.75 -76.66 -76.56 -76.44 -76.25 -76.00 -75.75 -75.47 -75.19 -74.84 -74.50 -74.19 -73.94 -73.78 -73.75 -73.84 -73.94 -74.06 -74.16 -74.25 -74.28 -74.34 -74.38 -74.44 -74.50 -74.59 -74.66 -74.72 -74.78 -74.84 -74.84 -74.84 -74.81 -74.75 -74.62 -74.50 -74.31 -74.16 -73.97 -73.78 -73.56 -73.34 -73.09 -72.81 -72.50 -72.19 -71.78 -71.34 -70.94 -70.59 -70.34 -70.12 -69.88 -69.56 -69.19 -68.72 -68.16 -67.47 -66.62 -65.75 -64.72 -63.69 -62.78 -62.16 -62.06 -62.06 -61.84 -61.53
-75.97 -76.31 -76.38 -76.22 -76.00 -75.94 -75.88 -75.72 -75.53 -75.28 -75.03 -74.75 -74.47 -74.16 -73.88 -73.72 -73.62 -73.66 -73.72 -73.81 -73.91 -74.00 -74.03 -74.06 -74.09 -74.12 -74.19 -74.25 -74.34 -74.44 -74.53 -74.59 -74.66 -74.69 -74.69 -74.69 -74.66 -74.59 -74.47 -74.31 -74.16 -73.97 -73.78 -73.59 -73.38 -73.16 -72.91 -72.62 -72.34 -72.03 -71.69 -71.38 -71.09 -70.78 -70.50 -70.19 -69.78 -69.34 -68.81 -68.12 -67.28 -66.19 -65.16 -64.22 -63.38 -62.81 -62.72 -62.72 -62.53 -62.22 -61.84
-75.56 -75.88 -75.88 -75.66 -75.28 -74.94 -74.81 -74.75 -74.59 -74.38 -74.16 -73.97 -73.78 -73.53 -73.41 -73.41 -73.44 -73.47 -73.56 -73.62 -73.69 -73.75 -73.78 -73.81 -73.81 -73.81 -73.88 -73.94 -74.06 -74.16 -74.25 -74.34 -74.41 -74.44 -74.47 -74.47 -74.47 -74.41 -74.34 -74.22 -74.06 -73.91 -73.72 -73.56 -73.38 -73.19 -72.97 -72.72 -72.47 -72.22 -71.94 -71.66 -71.38 -71.06 -70.75 -70.34 -69.94 -69.44 -68.84 -68.06 -67.00 -65.97 -65.06 -64.31 -63.72 -63.50 -63.50 -63.28 -62.97 -62.53 -62.09
-75.19 -75.41 -75.38 -75.12 -74.59 -74.03 -73.75 -73.62 -73.50 -73.34 -73.19 -73.06 -72.97 -72.91 -72.88 -73.00 -73.16 -73.28 -73.38 -73.44 -73.47 -73.50 -73.50 -73.50 -73.50 -73.50 -73.53 -73.62 -73.72 -73.81 -73.94 -74.03 -74.09 -74.12 -74.16 -74.19 -74.19 -74.16 -74.06 -73.97 -73.84 -73.69 -73.56 -73.41 -73.25 -73.09 -72.94 -72.75 -72.56 -72.34 -72.09 -71.81 -71.53 -71.22 -70.84 -70.44 -70.00 -69.50 -68.84 -67.97 -67.00 -66.19 -65.53 -64.91 -64.53 -64.34 -64.09 -63.75 -63.25 -62.69 -62.19
-74.78 -74.97 -74.91 -74.66 -74.19 -73.41 -72.91 -72.72 -72.66 -72.59 -72.56 -72.56 -72.59 -72.62 -72.72 -72.84 -73.00 -73.09 -73.19 -73.22 -73.25 -73.25 -73.22 -73.19 -73.16 -73.16 -73.19 -73.22 -73.31 -73.41 -73.50 -73.62 -73.69 -73.75 -73.81 -73.81 -73.81 -73.78 -73.72 -73.62 -73.50 -73.38 -73.22 -73.12 -73.00 -72.88 -72.78 -72.66 -72.53 -72.34 -72.16 -71.91 -71.59 -71.28 -70.91 -70.53 -70.06 -69.56 -68.91 -68.09 -67.34 -66.78 -66.25 -65.69 -65.28 -64.97 -64.59 -64.03 -63.31 -62.59 -62.00
-74.38 -74.53 -74.44 -74.25 -73.84 -73.06 -72.47 -72.25 -72.34 -72.56 -72.72 -72.81 -72.88 -72.94 -73.00 -73.06 -73.09 -73.12 -73.12 -73.12 -73.09 -73.03 -72.94 -72.88 -72.81 -72.78 -72.78 -72.78 -72.84 -72.94 -73.03 -73.16 -73.22 -73.28 -73.34 -73.41 -73.41 -73.34 -73.28 -73.19 -73.06 -72.91 -72.78 -72.69 -72.62 -72.53 -72.44 -72.34 -72.28 -72.19 -72.06 -71.88 -71.62 -71.31 -70.97 -70.56 -70.12 -69.62 -69.03 -68.44 -67.88 -67.34 -66.75 -66.22 -65.81 -65.44 -64.94 -64.22 -63.19 -62.28 -61.69
-74.03 -74.12 -74.06 -73.88 -73.53 -72.84 -72.41 -72.38 -72.72 -72.91 -73.00 -73.06 -73.12 -73.19 -73.22 -73.25 -73.25 -73.25 -73.22 -73.12 -73.00 -72.88 -72.72 -72.56 -72.44 -72.38 -72.31 -72.28 -72.31 -72.38 -72.47 -72.56 -72.66 -72.75 -72.84 -72.88 -72.88 -72.81 -72.75 -72.69 -72.53 -72.41 -72.28 -72.19 -72.12 -72.09 -72.00 -71.94 -71.88 -71.84 -71.78 -71.69 -71.53 -71.28 -70.97 -70.59 -70.16 -69.69 -69.19 -68.69 -68.16 -67.66 -67.12 -66.66 -66.28 -65.81 -65.25 -64.44 -63.50 -62.75 -62.19
-73.72 -73.75 -73.69 -73.53 -73.19 -72.81 -72.66 -72.78 -72.97 -73.09 -73.19 -73.28 -73.31 -73.38 -73.41 -73.44 -73.44 -73.41 -73.34 -73.22 -73.03 -72.78 -72.53 -72.28 -72.06 -71.91 -71.81 -71.72 -71.72 -71.62 -71.56 -71.75 -71.97 -72.12 -72.25 -72.28 -72.25 -72.22 -72.16 -72.09 -71.94 -71.78 -71.66 -71.59 -71.59 -71.53 -71.50 -71.44 -71.41 -71.38 -71.38 -71.34 -71.28 -71.16 -70.91 -70.59 -70.19 -69.78 -69.34 -68.88 -68.41 -67.91 -67.44 -67.03 -66.62 -66.16 -65.62 -65.00 -64.31 -63.66 -63.03
-73.47 -73.47 -73.41 -73.25 -73.12 -73.06 -73.03 -73.09 -73.19 -73.28 -73.38 -73.47 -73.53 -73.59 -73.62 -73.62 -73.62 -73.56 -73.44 -73.25 -73.03 -72.72 -72.41 -72.06 -71.72 -71.47 -71.28 -71.12 -71.00 -70.56 -70.31 -70.62 -71.16 -71.41 -71.56 -71.56 -71.56 -71.53 -71.50 -71.44 -71.28 -71.09 -70.94 -70.94 -70.97 -70.94 -70.88 -70.84 -70.84 -70.84 -70.88 -70.91 -70.91 -70.88 -70.75 -70.53 -70.22 -69.84 -69.44 -69.03 -68.59 -68.16 -67.72 -67.31 -66.88 -66.47 -66.03 -65.62 -65.19 -64.56 -63.84
-73.25 -73.22 -73.25 -73.28 -73.28 -73.28 -73.28 -73.31 -73.38 -73.47 -73.56 -73.66 -73.72 -73.78 -73.81 -73.81 -73.78 -73.69 -73.53 -73.28 -73.00 -72.66 -72.28 -71.84 -71.38 -71.00 -70.72 -70.47 -70.25 -69.53 -69.12 -69.53 -70.28 -70.62 -70.75 -70.75 -70.75 -70.75 -70.75 -70.69 -70.53 -70.34 -70.19 -70.22 -70.28 -70.25 -70.22 -70.16 -70.19 -70.22 -70.28 -70.38 -70.44 -70.47 -70.44 -70.38 -70.16 -69.88 -69.53 -69.16 -68.75 -68.34 -67.97 -67.56 -67.12 -66.75 -66.34 -65.97 -65.56 -65.06 -64.47
-73.16 -73.22 -73.31 -73.38 -73.41 -73.44 -73.47 -73.50 -73.56 -73.66 -73.75 -73.81 -73.91 -73.94 -73.97 -73.97 -73.91 -73.78 -73.56 -73.28 -72.94 -72.56 -72.12 -71.47 -70.78 -70.44 -70.12 -69.81 -69.53 -68.66 -68.09 -68.59 -69.41 -69.72 -69.81 -69.81 -69.69 -69.53 -69.69 -69.84 -69.72 -69.53 -69.38 -69.47 -69.53 -69.50 -69.41 -69.38 -69.44 -69.53 -69.66 -69.81 -69.91 -70.00 -70.03 -70.03 -69.97 -69.81 -69.53 -69.19 -68.84 -68.50 -68.12 -67.75 -67.38 -67.00 -66.62 -66.22 -65.81 -65.38 -64.91
