everonasctiles/Tile13,0.asc
ncols 128
nrows 128
xllcorner 0
yllcorner 0
cellsize 2.0
NODATA_value  -9999
[rows 29 to 57 of 128, columns 0 to 66 of 128]
-114.94 -115.09 -115.28 -115.50 -115.75 -116.00 -116.19 -116.34 -116.50 -116.62 -116.75 -116.84 -117.00 -117.19 -117.38 -117.59 -117.81 -117.94 -118.03 -118.09 -118.19 -118.28 -118.41 -118.59 -118.78 -119.03 -119.28 -119.53 -119.72 -119.91 -120.06 -120.16 -120.25 -120.28 -120.34 -120.38 -120.44 -120.53 -120.62 -120.75 -120.84 -120.94 -121.00 -121.03 -121.06 -121.12 -121.25 -121.38 -121.50 -121.62 -121.75 -121.81 -121.88 -121.91 -121.97 -122.00 -122.00 -122.00 -121.97 -121.94 -121.88 -121.84 -121.84 -121.91 -121.97 -122.06 -122.16
-115.72 -115.84 -116.00 -116.22 -116.44 -116.66 -116.81 -117.00 -117.12 -117.25 -117.38 -117.47 -117.59 -117.75 -117.94 -118.12 -118.28 -118.44 -118.53 -118.59 -118.66 -118.75 -118.84 -119.00 -119.19 -119.41 -119.66 -119.91 -120.12 -120.31 -120.47 -120.59 -120.66 -120.72 -120.75 -120.81 -120.88 -120.97 -121.06 -121.16 -121.28 -121.38 -121.44 -121.50 -121.53 -121.59 -121.72 -121.84 -122.00 -122.12 -122.25 -122.34 -122.41 -122.44 -122.50 -122.53 -122.56 -122.56 -122.53 -122.50 -122.44 -122.41 -122.44 -122.47 -122.53 -122.62 -122.72
-116.44 -116.56 -116.72 -116.91 -117.09 -117.28 -117.44 -117.59 -117.72 -117.84 -117.97 -118.06 -118.16 -118.28 -118.44 -118.62 -118.78 -118.91 -119.00 -119.06 -119.12 -119.22 -119.31 -119.44 -119.59 -119.78 -120.03 -120.28 -120.50 -120.69 -120.88 -120.97 -121.06 -121.12 -121.19 -121.22 -121.28 -121.38 -121.47 -121.59 -121.69 -121.81 -121.88 -121.94 -121.97 -122.06 -122.16 -122.31 -122.47 -122.62 -122.75 -122.84 -122.91 -122.97 -123.00 -123.03 -123.06 -123.09 -123.09 -123.06 -123.00 -122.97 -123.00 -123.06 -123.12 -123.19 -123.28
-117.12 -117.25 -117.41 -117.56 -117.72 -117.88 -118.03 -118.16 -118.28 -118.41 -118.50 -118.59 -118.69 -118.81 -118.97 -119.09 -119.25 -119.38 -119.47 -119.53 -119.59 -119.69 -119.78 -119.88 -120.00 -120.19 -120.41 -120.66 -120.88 -121.09 -121.25 -121.38 -121.47 -121.53 -121.56 -121.62 -121.69 -121.78 -121.88 -121.97 -122.09 -122.22 -122.31 -122.38 -122.44 -122.50 -122.62 -122.78 -122.94 -123.09 -123.22 -123.34 -123.44 -123.47 -123.50 -123.56 -123.59 -123.62 -123.62 -123.59 -123.53 -123.50 -123.53 -123.59 -123.66 -123.75 -123.84
-117.81 -117.91 -118.03 -118.19 -118.31 -118.47 -118.59 -118.72 -118.84 -118.94 -119.03 -119.12 -119.22 -119.31 -119.47 -119.59 -119.72 -119.84 -119.91 -119.97 -120.06 -120.16 -120.22 -120.31 -120.44 -120.59 -120.81 -121.03 -121.25 -121.44 -121.62 -121.75 -121.84 -121.91 -121.97 -122.03 -122.06 -122.16 -122.25 -122.38 -122.50 -122.62 -122.72 -122.78 -122.84 -122.94 -123.09 -123.25 -123.41 -123.56 -123.72 -123.81 -123.91 -123.97 -124.03 -124.06 -124.09 -124.12 -124.12 -124.09 -124.06 -124.03 -124.09 -124.16 -124.22 -124.28 -124.38
-118.47 -118.56 -118.66 -118.78 -118.91 -119.03 -119.16 -119.28 -119.38 -119.47 -119.56 -119.62 -119.72 -119.81 -119.94 -120.06 -120.19 -120.28 -120.38 -120.44 -120.50 -120.59 -120.69 -120.78 -120.88 -121.03 -121.22 -121.44 -121.62 -121.81 -122.00 -122.12 -122.22 -122.31 -122.34 -122.41 -122.47 -122.53 -122.62 -122.75 -122.88 -123.00 -123.09 -123.19 -123.28 -123.38 -123.53 -123.69 -123.88 -124.03 -124.16 -124.28 -124.41 -124.47 -124.53 -124.56 -124.59 -124.62 -124.62 -124.59 -124.56 -124.56 -124.59 -124.69 -124.75 -124.81 -124.91
-119.09 -119.16 -119.25 -119.38 -119.47 -119.56 -119.69 -119.81 -119.91 -120.00 -120.06 -120.12 -120.19 -120.28 -120.41 -120.50 -120.62 -120.72 -120.78 -120.84 -120.94 -121.03 -121.12 -121.22 -121.34 -121.47 -121.66 -121.84 -122.03 -122.22 -122.38 -122.50 -122.62 -122.69 -122.75 -122.78 -122.84 -122.91 -123.00 -123.12 -123.25 -123.38 -123.50 -123.59 -123.69 -123.81 -123.97 -124.12 -124.31 -124.47 -124.62 -124.75 -124.84 -124.94 -125.00 -125.03 -125.06 -125.09 -125.12 -125.09 -125.06 -125.06 -125.12 -125.22 -125.31 -125.38 -125.44
-119.72 -119.78 -119.84 -119.91 -120.00 -120.09 -120.22 -120.31 -120.41 -120.50 -120.53 -120.59 -120.66 -120.72 -120.84 -120.94 -121.06 -121.12 -121.22 -121.25 -121.34 -121.44 -121.53 -121.66 -121.78 -121.91 -122.06 -122.25 -122.44 -122.62 -122.78 -122.91 -123.00 -123.06 -123.12 -123.16 -123.22 -123.28 -123.38 -123.50 -123.62 -123.75 -123.88 -123.97 -124.09 -124.22 -124.38 -124.56 -124.75 -124.91 -125.06 -125.19 -125.31 -125.41 -125.47 -125.53 -125.56 -125.59 -125.59 -125.56 -125.53 -125.53 -125.62 -125.75 -125.84 -125.91 -125.97
-120.28 -120.34 -120.41 -120.47 -120.53 -120.62 -120.72 -120.81 -120.91 -120.97 -121.00 -121.06 -121.09 -121.16 -121.25 -121.38 -121.47 -121.53 -121.59 -121.66 -121.72 -121.84 -121.97 -122.09 -122.22 -122.34 -122.50 -122.69 -122.84 -123.03 -123.19 -123.31 -123.41 -123.47 -123.53 -123.56 -123.59 -123.66 -123.75 -123.88 -124.00 -124.12 -124.25 -124.34 -124.47 -124.59 -124.78 -124.97 -125.16 -125.34 -125.50 -125.62 -125.75 -125.84 -125.94 -125.97 -126.03 -126.03 -126.03 -126.03 -126.00 -126.03 -126.12 -126.25 -126.38 -126.44 -126.50
-120.84 -120.91 -120.94 -120.97 -121.03 -121.12 -121.22 -121.31 -121.38 -121.44 -121.47 -121.50 -121.53 -121.59 -121.69 -121.78 -121.88 -121.94 -122.00 -122.03 -122.12 -122.22 -122.34 -122.50 -122.62 -122.78 -122.94 -123.09 -123.25 -123.44 -123.56 -123.69 -123.78 -123.84 -123.91 -123.94 -123.97 -124.03 -124.12 -124.25 -124.38 -124.50 -124.62 -124.72 -124.84 -124.97 -125.16 -125.38 -125.56 -125.75 -125.91 -126.06 -126.19 -126.28 -126.38 -126.44 -126.47 -126.50 -126.50 -126.47 -126.47 -126.50 -126.62 -126.75 -126.88 -126.97 -127.03
-121.38 -121.41 -121.44 -121.47 -121.53 -121.59 -121.69 -121.78 -121.84 -121.91 -121.94 -121.94 -121.97 -122.03 -122.09 -122.19 -122.25 -122.31 -122.38 -122.41 -122.50 -122.59 -122.72 -122.88 -123.03 -123.19 -123.34 -123.50 -123.66 -123.81 -123.97 -124.09 -124.19 -124.25 -124.31 -124.34 -124.34 -124.41 -124.50 -124.59 -124.75 -124.88 -125.00 -125.09 -125.19 -125.34 -125.53 -125.75 -125.97 -126.16 -126.31 -126.47 -126.59 -126.69 -126.78 -126.88 -126.91 -126.94 -126.94 -126.91 -126.91 -127.00 -127.09 -127.25 -127.38 -127.50 -127.56
-121.91 -121.91 -121.94 -121.94 -122.00 -122.06 -122.16 -122.25 -122.31 -122.34 -122.38 -122.38 -122.41 -122.47 -122.50 -122.56 -122.62 -122.69 -122.75 -122.78 -122.84 -122.94 -123.09 -123.25 -123.41 -123.56 -123.72 -123.88 -124.03 -124.19 -124.34 -124.44 -124.56 -124.62 -124.69 -124.72 -124.75 -124.78 -124.88 -125.00 -125.12 -125.25 -125.38 -125.47 -125.56 -125.72 -125.91 -126.12 -126.34 -126.53 -126.69 -126.84 -126.97 -127.09 -127.19 -127.28 -127.31 -127.34 -127.34 -127.34 -127.38 -127.44 -127.59 -127.75 -127.88 -128.00 -128.09
-122.38 -122.41 -122.41 -122.41 -122.47 -122.53 -122.62 -122.69 -122.75 -122.78 -122.78 -122.81 -122.84 -122.88 -122.91 -122.97 -123.03 -123.06 -123.09 -123.16 -123.19 -123.31 -123.44 -123.59 -123.75 -123.94 -124.09 -124.22 -124.38 -124.53 -124.69 -124.81 -124.91 -125.00 -125.03 -125.09 -125.12 -125.16 -125.25 -125.38 -125.50 -125.62 -125.75 -125.84 -125.94 -126.09 -126.28 -126.47 -126.69 -126.88 -127.06 -127.22 -127.34 -127.47 -127.59 -127.69 -127.75 -127.78 -127.78 -127.78 -127.81 -127.91 -128.06 -128.22 -128.38 -128.50 -128.59
-122.84 -122.84 -122.84 -122.88 -122.91 -122.97 -123.06 -123.12 -123.19 -123.22 -123.22 -123.22 -123.25 -123.25 -123.31 -123.34 -123.41 -123.44 -123.47 -123.50 -123.56 -123.66 -123.78 -123.94 -124.09 -124.25 -124.41 -124.56 -124.72 -124.88 -125.03 -125.16 -125.25 -125.34 -125.41 -125.44 -125.47 -125.53 -125.62 -125.75 -125.88 -126.03 -126.12 -126.22 -126.31 -126.44 -126.62 -126.81 -127.03 -127.22 -127.41 -127.56 -127.72 -127.84 -127.97 -128.06 -128.12 -128.19 -128.19 -128.19 -128.25 -128.34 -128.50 -128.69 -128.84 -128.97 -129.09
-123.31 -123.28 -123.28 -123.28 -123.31 -123.38 -123.47 -123.56 -123.59 -123.62 -123.62 -123.62 -123.66 -123.66 -123.69 -123.72 -123.75 -123.81 -123.84 -123.84 -123.91 -124.00 -124.09 -124.25 -124.41 -124.56 -124.72 -124.88 -125.03 -125.19 -125.34 -125.47 -125.59 -125.69 -125.75 -125.78 -125.84 -125.91 -126.00 -126.12 -126.28 -126.41 -126.53 -126.62 -126.69 -126.81 -126.97 -127.19 -127.38 -127.56 -127.72 -127.91 -128.06 -128.19 -128.31 -128.44 -128.53 -128.59 -128.59 -128.62 -128.69 -128.78 -128.94 -129.12 -129.28 -129.44 -129.56
-123.75 -123.72 -123.69 -123.72 -123.75 -123.81 -123.88 -123.97 -124.00 -124.03 -124.03 -124.03 -124.03 -124.03 -124.06 -124.09 -124.12 -124.16 -124.19 -124.22 -124.25 -124.31 -124.44 -124.56 -124.72 -124.88 -125.03 -125.19 -125.34 -125.50 -125.66 -125.81 -125.91 -126.00 -126.09 -126.12 -126.19 -126.25 -126.38 -126.50 -126.66 -126.81 -126.91 -127.00 -127.06 -127.19 -127.34 -127.53 -127.72 -127.91 -128.06 -128.22 -128.38 -128.53 -128.69 -128.81 -128.91 -128.97 -129.00 -129.06 -129.12 -129.22 -129.38 -129.53 -129.72 -129.88 -130.03
-124.16 -124.12 -124.09 -124.09 -124.12 -124.19 -124.28 -124.34 -124.41 -124.44 -124.44 -124.44 -124.44 -124.41 -124.41 -124.44 -124.50 -124.53 -124.53 -124.56 -124.59 -124.66 -124.75 -124.88 -125.03 -125.19 -125.34 -125.50 -125.66 -125.81 -125.97 -126.12 -126.25 -126.34 -126.41 -126.47 -126.53 -126.59 -126.69 -126.84 -127.00 -127.19 -127.31 -127.38 -127.47 -127.56 -127.69 -127.88 -128.06 -128.22 -128.41 -128.53 -128.69 -128.84 -129.00 -129.16 -129.28 -129.38 -129.41 -129.47 -129.56 -129.66 -129.81 -129.97 -130.12 -130.31 -130.47
-124.56 -124.50 -124.47 -124.50 -124.53 -124.59 -124.66 -124.75 -124.78 -124.81 -124.84 -124.81 -124.81 -124.78 -124.78 -124.81 -124.84 -124.88 -124.91 -124.94 -124.94 -125.00 -125.06 -125.19 -125.31 -125.47 -125.62 -125.78 -125.94 -126.09 -126.25 -126.41 -126.53 -126.66 -126.75 -126.81 -126.88 -126.94 -127.03 -127.19 -127.34 -127.53 -127.66 -127.75 -127.84 -127.91 -128.03 -128.19 -128.38 -128.56 -128.72 -128.88 -129.03 -129.19 -129.34 -129.50 -129.62 -129.72 -129.81 -129.88 -129.97 -130.09 -130.22 -130.38 -130.53 -130.72 -130.91
-124.94 -124.88 -124.84 -124.84 -124.91 -124.97 -125.03 -125.12 -125.16 -125.19 -125.19 -125.19 -125.19 -125.16 -125.12 -125.16 -125.19 -125.22 -125.25 -125.28 -125.31 -125.34 -125.41 -125.47 -125.59 -125.75 -125.91 -126.06 -126.22 -126.38 -126.53 -126.69 -126.84 -126.97 -127.06 -127.16 -127.22 -127.28 -127.38 -127.50 -127.69 -127.88 -128.00 -128.12 -128.19 -128.28 -128.38 -128.53 -128.69 -128.88 -129.06 -129.22 -129.38 -129.50 -129.66 -129.81 -129.97 -130.09 -130.19 -130.28 -130.38 -130.50 -130.66 -130.78 -130.94 -131.12 -131.31
-125.28 -125.22 -125.19 -125.22 -125.25 -125.31 -125.41 -125.47 -125.53 -125.53 -125.56 -125.53 -125.53 -125.50 -125.50 -125.53 -125.56 -125.59 -125.62 -125.62 -125.66 -125.69 -125.72 -125.78 -125.91 -126.03 -126.19 -126.34 -126.47 -126.62 -126.81 -126.97 -127.12 -127.28 -127.38 -127.47 -127.53 -127.62 -127.72 -127.84 -128.00 -128.19 -128.34 -128.47 -128.53 -128.62 -128.72 -128.84 -129.00 -129.19 -129.38 -129.56 -129.69 -129.84 -130.00 -130.16 -130.31 -130.44 -130.56 -130.66 -130.78 -130.91 -131.03 -131.19 -131.34 -131.53 -131.69
-125.62 -125.56 -125.53 -125.56 -125.59 -125.69 -125.75 -125.81 -125.88 -125.88 -125.88 -125.88 -125.88 -125.84 -125.88 -125.88 -125.91 -125.94 -125.97 -126.00 -126.00 -126.03 -126.03 -126.09 -126.19 -126.31 -126.47 -126.62 -126.75 -126.91 -127.09 -127.25 -127.41 -127.56 -127.69 -127.78 -127.88 -127.94 -128.03 -128.16 -128.34 -128.50 -128.66 -128.78 -128.88 -128.97 -129.06 -129.16 -129.31 -129.47 -129.69 -129.88 -130.03 -130.19 -130.34 -130.50 -130.66 -130.78 -130.91 -131.03 -131.16 -131.28 -131.41 -131.59 -131.75 -131.91 -132.06
-125.97 -125.88 -125.88 -125.88 -125.94 -126.00 -126.09 -126.16 -126.19 -126.22 -126.22 -126.19 -126.19 -126.19 -126.22 -126.22 -126.25 -126.28 -126.31 -126.34 -126.34 -126.38 -126.38 -126.41 -126.47 -126.59 -126.75 -126.91 -127.03 -127.19 -127.34 -127.53 -127.69 -127.88 -128.00 -128.09 -128.19 -128.25 -128.38 -128.50 -128.66 -128.81 -128.97 -129.09 -129.19 -129.28 -129.38 -129.47 -129.59 -129.78 -129.97 -130.16 -130.34 -130.53 -130.69 -130.84 -131.00 -131.12 -131.25 -131.38 -131.50 -131.62 -131.78 -131.94 -132.12 -132.28 -132.44
-126.28 -126.22 -126.19 -126.22 -126.28 -126.34 -126.41 -126.47 -126.50 -126.53 -126.50 -126.50 -126.50 -126.53 -126.53 -126.56 -126.59 -126.62 -126.66 -126.69 -126.69 -126.72 -126.69 -126.72 -126.78 -126.91 -127.03 -127.19 -127.31 -127.47 -127.62 -127.81 -127.97 -128.12 -128.28 -128.41 -128.50 -128.59 -128.69 -128.81 -128.97 -129.12 -129.25 -129.41 -129.50 -129.62 -129.72 -129.81 -129.94 -130.06 -130.25 -130.47 -130.66 -130.84 -131.00 -131.16 -131.31 -131.47 -131.59 -131.72 -131.84 -131.97 -132.09 -132.28 -132.47 -132.62 -132.81
-126.59 -126.53 -126.50 -126.53 -126.59 -126.66 -126.72 -126.78 -126.81 -126.81 -126.81 -126.81 -126.81 -126.81 -126.84 -126.88 -126.91 -126.94 -127.00 -127.03 -127.03 -127.03 -127.03 -127.06 -127.12 -127.22 -127.34 -127.47 -127.62 -127.75 -127.91 -128.06 -128.25 -128.41 -128.56 -128.69 -128.78 -128.88 -129.00 -129.12 -129.28 -129.44 -129.56 -129.69 -129.81 -129.94 -130.03 -130.12 -130.25 -130.38 -130.56 -130.75 -130.94 -131.12 -131.31 -131.47 -131.66 -131.78 -131.94 -132.06 -132.16 -132.28 -132.44 -132.59 -132.78 -132.97 -133.16
-126.94 -126.84 -126.81 -126.84 -126.91 -126.97 -127.03 -127.06 -127.09 -127.09 -127.09 -127.09 -127.09 -127.12 -127.16 -127.19 -127.22 -127.25 -127.31 -127.34 -127.34 -127.34 -127.34 -127.38 -127.44 -127.53 -127.66 -127.78 -127.91 -128.03 -128.19 -128.31 -128.50 -128.66 -128.81 -128.97 -129.09 -129.19 -129.31 -129.44 -129.56 -129.72 -129.84 -129.97 -130.09 -130.22 -130.34 -130.44 -130.56 -130.69 -130.88 -131.06 -131.25 -131.44 -131.62 -131.78 -131.97 -132.09 -132.25 -132.38 -132.50 -132.59 -132.75 -132.91 -133.06 -133.28 -133.47
-127.25 -127.19 -127.16 -127.16 -127.19 -127.25 -127.31 -127.34 -127.38 -127.38 -127.38 -127.38 -127.38 -127.38 -127.41 -127.44 -127.50 -127.56 -127.59 -127.62 -127.66 -127.66 -127.69 -127.72 -127.75 -127.84 -127.97 -128.06 -128.19 -128.31 -128.47 -128.59 -128.75 -128.91 -129.06 -129.22 -129.34 -129.47 -129.59 -129.72 -129.88 -130.00 -130.16 -130.28 -130.41 -130.50 -130.62 -130.75 -130.88 -131.00 -131.19 -131.34 -131.53 -131.75 -131.91 -132.09 -132.25 -132.41 -132.56 -132.69 -132.81 -132.94 -133.06 -133.19 -133.38 -133.56 -133.75
-127.56 -127.50 -127.47 -127.47 -127.50 -127.56 -127.59 -127.62 -127.66 -127.66 -127.66 -127.62 -127.66 -127.66 -127.69 -127.72 -127.75 -127.81 -127.88 -127.94 -127.94 -127.97 -127.97 -128.03 -128.09 -128.16 -128.25 -128.38 -128.50 -128.62 -128.75 -128.88 -129.03 -129.19 -129.34 -129.47 -129.62 -129.75 -129.88 -130.00 -130.12 -130.28 -130.44 -130.56 -130.66 -130.78 -130.91 -131.03 -131.19 -131.31 -131.47 -131.66 -131.84 -132.03 -132.22 -132.41 -132.56 -132.72 -132.84 -133.00 -133.09 -133.22 -133.34 -133.50 -133.66 -133.81 -134.00
-127.84 -127.78 -127.75 -127.78 -127.81 -127.84 -127.88 -127.91 -127.91 -127.94 -127.91 -127.91 -127.91 -127.94 -127.94 -127.97 -128.03 -128.09 -128.16 -128.19 -128.22 -128.25 -128.28 -128.31 -128.38 -128.47 -128.56 -128.69 -128.78 -128.91 -129.03 -129.19 -129.31 -129.47 -129.62 -129.75 -129.88 -130.00 -130.12 -130.25 -130.41 -130.53 -130.69 -130.81 -130.94 -131.06 -131.19 -131.34 -131.47 -131.62 -131.78 -131.94 -132.12 -132.31 -132.50 -132.69 -132.84 -133.00 -133.16 -133.28 -133.41 -133.53 -133.66 -133.78 -133.91 -134.09 -134.28
-128.12 -128.09 -128.06 -128.06 -128.09 -128.12 -128.16 -128.16 -128.19 -128.19 -128.19 -128.19 -128.19 -128.19 -128.22 -128.22 -128.28 -128.34 -128.41 -128.47 -128.50 -128.53 -128.53 -128.59 -128.66 -128.75 -128.84 -128.97 -129.06 -129.19 -129.31 -129.47 -129.59 -129.75 -129.88 -130.03 -130.16 -130.28 -130.38 -130.50 -130.66 -130.78 -130.94 -131.06 -131.22 -131.34 -131.47 -131.62 -131.75 -131.91 -132.06 -132.25 -132.41 -132.59 -132.78 -132.97 -133.12 -133.31 -133.44 -133.59 -133.72 -133.81 -133.94 -134.06 -134.19 -134.34 -134.53
