everonasctiles/Tile41,0.asc
ncols 128
nrows 128
xllcorner 0
yllcorner 0
cellsize 2.0
NODATA_value  -9999
[rows 64 to 95 of 128, columns 0 to 70 of 128]
-36.84 -36.81 -36.72 -36.62 -36.50 -36.38 -36.25 -36.22 -36.25 -36.28 -36.34 -36.41 -36.53 -36.78 -37.09 -37.38 -37.59 -37.72 -37.72 -37.66 -37.56 -37.41 -37.12 -36.78 -36.34 -35.72 -34.81 -33.91 -33.34 -33.09 -33.50 -33.84 -33.88 -33.53 -33.22 -33.00 -32.62 -32.31 -32.12 -32.06 -31.97 -31.56 -31.19 -30.69 -30.59 -30.59 -30.50 -29.91 -29.72 -30.22 -30.50 -30.31 -30.00 -29.78 -29.59 -29.66 -29.59 -29.25 -29.31 -29.62 -29.78 -29.81 -29.84 -29.50 -29.66 -30.00 -29.97 -29.72 -30.41 -31.31 -32.06
-37.62 -37.59 -37.47 -37.31 -37.16 -37.00 -36.84 -36.81 -36.81 -36.84 -36.91 -37.03 -37.25 -37.53 -37.84 -38.19 -38.41 -38.53 -38.56 -38.53 -38.50 -38.34 -38.06 -37.66 -37.19 -36.56 -35.50 -34.75 -34.44 -34.50 -34.84 -35.00 -34.91 -34.50 -34.16 -33.78 -33.38 -33.16 -32.91 -32.94 -32.78 -32.50 -32.19 -31.81 -31.62 -31.53 -31.53 -30.91 -30.62 -31.22 -31.38 -31.25 -30.78 -30.72 -30.62 -30.44 -30.38 -30.25 -30.28 -30.53 -30.62 -30.44 -30.41 -30.12 -30.28 -31.03 -31.06 -30.91 -30.88 -31.94 -33.03
-38.47 -38.41 -38.22 -38.03 -37.84 -37.66 -37.50 -37.44 -37.41 -37.44 -37.50 -37.69 -37.97 -38.28 -38.66 -39.00 -39.25 -39.41 -39.44 -39.47 -39.47 -39.31 -39.00 -38.59 -38.09 -37.41 -36.41 -35.69 -35.53 -35.78 -36.06 -36.12 -35.97 -35.66 -35.34 -34.88 -34.47 -34.12 -34.00 -33.94 -33.78 -33.47 -33.22 -32.91 -32.66 -32.50 -32.47 -32.03 -31.50 -32.00 -32.19 -32.00 -31.69 -31.47 -31.31 -31.28 -31.44 -31.41 -31.31 -31.38 -31.44 -31.31 -31.16 -30.72 -31.09 -31.62 -31.91 -32.19 -32.12 -32.34 -33.41
-39.38 -39.22 -39.03 -38.81 -38.56 -38.34 -38.16 -38.09 -38.03 -38.03 -38.09 -38.31 -38.69 -39.06 -39.44 -39.81 -40.12 -40.31 -40.38 -40.44 -40.47 -40.31 -39.97 -39.56 -39.12 -38.31 -37.34 -36.78 -36.75 -37.03 -37.19 -37.16 -37.06 -36.91 -36.59 -36.16 -35.62 -35.25 -35.16 -35.03 -34.78 -34.50 -34.25 -34.12 -33.75 -33.53 -33.50 -33.09 -32.62 -32.97 -33.00 -32.91 -32.88 -32.50 -32.28 -32.44 -32.53 -32.38 -32.16 -32.12 -32.03 -32.06 -31.75 -31.25 -31.53 -32.47 -33.09 -33.34 -33.47 -33.06 -33.88
-40.28 -40.09 -39.84 -39.59 -39.31 -39.06 -38.88 -38.75 -38.69 -38.66 -38.69 -38.94 -39.38 -39.84 -40.28 -40.69 -41.03 -41.22 -41.31 -41.41 -41.47 -41.31 -40.97 -40.62 -40.19 -39.34 -38.47 -38.03 -38.03 -38.19 -38.22 -38.16 -38.09 -37.94 -37.66 -37.31 -36.84 -36.34 -36.16 -36.12 -35.97 -35.50 -35.34 -35.19 -34.88 -34.66 -34.66 -34.31 -33.81 -33.69 -33.91 -34.00 -33.88 -33.59 -33.50 -33.50 -33.47 -33.44 -33.34 -33.19 -32.94 -32.62 -32.38 -32.12 -32.44 -33.41 -34.09 -34.69 -34.75 -34.16 -34.78
-41.19 -40.97 -40.69 -40.41 -40.09 -39.81 -39.59 -39.44 -39.34 -39.28 -39.25 -39.53 -40.06 -40.59 -41.12 -41.59 -41.94 -42.19 -42.31 -42.41 -42.47 -42.31 -42.03 -41.69 -41.28 -40.50 -39.81 -39.47 -39.34 -39.28 -39.22 -39.19 -39.12 -39.00 -38.72 -38.34 -37.91 -37.53 -37.38 -37.22 -37.03 -36.75 -36.50 -36.28 -36.00 -35.78 -35.59 -35.34 -34.69 -34.62 -34.97 -35.09 -35.00 -34.81 -34.56 -34.47 -34.28 -34.31 -34.34 -34.25 -33.88 -33.47 -33.50 -33.44 -33.66 -34.31 -35.12 -35.81 -36.09 -35.94 -35.84
-42.12 -41.84 -41.56 -41.22 -40.91 -40.59 -40.34 -40.16 -40.00 -39.94 -39.88 -40.06 -40.69 -41.34 -41.97 -42.47 -42.88 -43.16 -43.28 -43.41 -43.47 -43.34 -43.06 -42.78 -42.44 -41.84 -41.31 -40.97 -40.62 -40.31 -40.22 -40.22 -40.22 -40.06 -39.78 -39.41 -38.94 -38.56 -38.41 -38.25 -38.06 -37.78 -37.50 -37.22 -36.97 -36.75 -36.56 -36.34 -35.78 -35.72 -35.84 -35.97 -36.06 -35.91 -35.81 -35.66 -35.53 -35.38 -35.41 -35.28 -35.09 -34.81 -34.91 -34.97 -34.88 -34.84 -35.81 -36.62 -37.34 -37.56 -37.19
-43.06 -42.75 -42.41 -42.06 -41.72 -41.38 -41.09 -40.84 -40.69 -40.59 -40.50 -40.62 -41.25 -42.03 -42.75 -43.38 -43.81 -44.09 -44.28 -44.41 -44.47 -44.34 -44.12 -43.84 -43.56 -43.25 -42.84 -42.41 -41.81 -41.28 -41.22 -41.28 -41.28 -41.16 -40.84 -40.44 -40.00 -39.66 -39.50 -39.34 -39.09 -38.78 -38.47 -38.16 -37.88 -37.62 -37.47 -37.31 -37.03 -36.91 -37.00 -37.03 -37.00 -36.88 -36.75 -36.62 -36.50 -36.44 -36.41 -36.34 -36.25 -36.12 -36.34 -36.44 -36.12 -35.59 -36.16 -37.56 -38.41 -38.91 -38.91
-43.97 -43.62 -43.31 -42.94 -42.53 -42.16 -41.81 -41.53 -41.34 -41.25 -41.12 -41.25 -41.78 -42.69 -43.50 -44.19 -44.72 -45.06 -45.25 -45.41 -45.44 -45.34 -45.12 -44.91 -44.69 -44.44 -44.06 -43.53 -42.91 -42.28 -42.25 -42.34 -42.34 -42.19 -41.91 -41.50 -41.03 -40.75 -40.59 -40.44 -40.16 -39.78 -39.41 -39.06 -38.78 -38.50 -38.38 -38.28 -38.12 -37.94 -37.94 -37.94 -37.94 -37.81 -37.66 -37.50 -37.41 -37.31 -37.28 -37.22 -37.16 -37.19 -37.38 -37.50 -37.28 -36.53 -36.72 -38.12 -39.31 -40.12 -40.47
-44.88 -44.53 -44.19 -43.78 -43.34 -42.88 -42.50 -42.19 -42.03 -41.91 -41.78 -41.91 -42.47 -43.34 -44.19 -44.94 -45.53 -45.97 -46.22 -46.38 -46.41 -46.31 -46.12 -45.91 -45.69 -45.38 -45.00 -44.56 -43.97 -43.34 -43.28 -43.38 -43.41 -43.25 -42.94 -42.53 -42.12 -41.84 -41.69 -41.50 -41.16 -40.75 -40.34 -40.00 -39.66 -39.38 -39.31 -39.28 -39.16 -38.94 -38.81 -38.84 -38.84 -38.75 -38.59 -38.41 -38.28 -38.22 -38.16 -38.09 -38.06 -38.16 -38.34 -38.47 -38.38 -37.59 -37.31 -38.34 -40.03 -41.12 -41.81
-45.78 -45.44 -45.06 -44.62 -44.09 -43.56 -43.16 -42.88 -42.69 -42.56 -42.41 -42.53 -43.16 -44.06 -44.91 -45.66 -46.28 -46.81 -47.12 -47.31 -47.34 -47.25 -47.09 -46.91 -46.66 -46.34 -45.97 -45.56 -45.03 -44.47 -44.31 -44.41 -44.41 -44.25 -43.97 -43.59 -43.19 -42.94 -42.75 -42.50 -42.12 -41.69 -41.28 -40.97 -40.59 -40.31 -40.28 -40.22 -40.09 -39.88 -39.69 -39.75 -39.78 -39.69 -39.50 -39.28 -39.16 -39.09 -39.03 -39.00 -38.94 -39.09 -39.34 -39.50 -39.44 -38.72 -38.12 -38.62 -40.22 -41.91 -42.88
-46.69 -46.34 -45.94 -45.38 -44.75 -44.19 -43.75 -43.53 -43.38 -43.25 -43.03 -43.12 -43.78 -44.75 -45.62 -46.34 -47.00 -47.56 -47.97 -48.22 -48.28 -48.19 -48.06 -47.88 -47.66 -47.31 -46.94 -46.56 -46.09 -45.56 -45.31 -45.38 -45.41 -45.25 -45.00 -44.62 -44.25 -44.00 -43.78 -43.47 -43.06 -42.62 -42.28 -41.97 -41.59 -41.28 -41.25 -41.19 -41.03 -40.75 -40.53 -40.62 -40.69 -40.59 -40.38 -40.16 -40.03 -39.94 -39.91 -39.84 -39.84 -40.03 -40.31 -40.53 -40.50 -39.97 -39.22 -39.22 -40.25 -42.12 -43.69
-47.59 -47.22 -46.72 -46.06 -45.38 -44.75 -44.38 -44.19 -44.06 -43.94 -43.69 -43.69 -44.28 -45.31 -46.28 -47.00 -47.66 -48.25 -48.75 -49.06 -49.16 -49.09 -49.00 -48.84 -48.59 -48.25 -47.88 -47.50 -47.06 -46.56 -46.28 -46.31 -46.34 -46.22 -45.97 -45.66 -45.28 -44.97 -44.69 -44.38 -43.97 -43.62 -43.31 -43.00 -42.62 -42.31 -42.22 -42.16 -41.94 -41.62 -41.34 -41.50 -41.56 -41.47 -41.25 -41.03 -40.88 -40.78 -40.75 -40.72 -40.75 -40.97 -41.31 -41.56 -41.59 -41.25 -40.50 -40.19 -40.59 -41.97 -43.94
-48.47 -48.03 -47.44 -46.72 -45.97 -45.31 -45.06 -44.91 -44.75 -44.62 -44.38 -44.31 -44.78 -45.72 -46.81 -47.62 -48.31 -48.94 -49.47 -49.84 -50.00 -50.00 -49.91 -49.75 -49.50 -49.16 -48.78 -48.41 -47.97 -47.50 -47.22 -47.25 -47.25 -47.19 -46.94 -46.59 -46.22 -45.88 -45.56 -45.25 -44.91 -44.59 -44.31 -44.00 -43.62 -43.34 -43.19 -43.06 -42.81 -42.47 -42.22 -42.38 -42.44 -42.38 -42.12 -41.88 -41.69 -41.62 -41.56 -41.53 -41.62 -41.94 -42.28 -42.56 -42.69 -42.53 -41.88 -41.47 -41.44 -42.16 -43.75
-49.31 -48.78 -48.12 -47.34 -46.53 -45.94 -45.78 -45.66 -45.47 -45.34 -45.09 -45.03 -45.38 -46.12 -47.19 -48.16 -48.88 -49.56 -50.12 -50.56 -50.81 -50.84 -50.78 -50.62 -50.34 -50.00 -49.66 -49.25 -48.81 -48.34 -48.12 -48.16 -48.19 -48.09 -47.84 -47.50 -47.06 -46.66 -46.41 -46.16 -45.88 -45.56 -45.28 -44.97 -44.62 -44.31 -44.12 -43.94 -43.69 -43.31 -43.09 -43.25 -43.31 -43.22 -42.97 -42.72 -42.53 -42.44 -42.38 -42.31 -42.47 -42.88 -43.25 -43.59 -43.75 -43.75 -43.34 -43.00 -42.78 -42.88 -43.81
-50.09 -49.50 -48.81 -47.97 -47.09 -46.62 -46.56 -46.41 -46.25 -46.09 -45.88 -45.88 -46.19 -46.75 -47.59 -48.59 -49.41 -50.12 -50.75 -51.25 -51.56 -51.66 -51.62 -51.44 -51.19 -50.84 -50.47 -50.06 -49.59 -49.19 -49.06 -49.09 -49.06 -48.97 -48.72 -48.31 -47.84 -47.41 -47.25 -47.06 -46.81 -46.53 -46.22 -45.91 -45.56 -45.25 -45.03 -44.81 -44.56 -44.19 -44.00 -44.16 -44.19 -44.06 -43.81 -43.53 -43.34 -43.25 -43.16 -43.03 -43.22 -43.72 -44.22 -44.59 -44.84 -44.94 -44.84 -44.69 -44.41 -44.09 -44.34
-50.84 -50.25 -49.53 -48.62 -47.75 -47.41 -47.34 -47.22 -47.03 -46.91 -46.66 -46.75 -47.16 -47.72 -48.38 -49.06 -49.88 -50.62 -51.31 -51.88 -52.25 -52.44 -52.41 -52.25 -51.97 -51.62 -51.22 -50.78 -50.31 -50.03 -49.97 -50.00 -49.94 -49.84 -49.56 -49.09 -48.56 -48.22 -48.16 -48.00 -47.72 -47.44 -47.12 -46.78 -46.44 -46.12 -45.88 -45.66 -45.41 -45.09 -44.97 -45.06 -45.03 -44.88 -44.62 -44.38 -44.22 -44.09 -43.97 -43.75 -43.84 -44.50 -45.12 -45.62 -45.91 -46.09 -46.28 -46.41 -46.19 -45.66 -45.38
-51.59 -51.00 -50.22 -49.28 -48.56 -48.31 -48.22 -48.03 -47.88 -47.72 -47.50 -47.66 -48.19 -48.88 -49.53 -50.06 -50.56 -51.19 -51.84 -52.44 -52.88 -53.12 -53.16 -53.00 -52.72 -52.34 -51.94 -51.50 -51.09 -50.88 -50.84 -50.84 -50.78 -50.66 -50.31 -49.88 -49.31 -49.12 -49.06 -48.91 -48.62 -48.31 -48.00 -47.66 -47.31 -47.00 -46.72 -46.50 -46.25 -46.00 -45.97 -45.97 -45.91 -45.69 -45.47 -45.22 -45.06 -44.94 -44.81 -44.53 -44.41 -45.12 -45.94 -46.59 -47.00 -47.25 -47.50 -47.91 -48.03 -47.34 -46.69
-52.34 -51.72 -50.94 -50.00 -49.41 -49.28 -49.09 -48.91 -48.72 -48.56 -48.41 -48.59 -49.19 -50.00 -50.81 -51.34 -51.66 -51.94 -52.44 -53.03 -53.50 -53.78 -53.84 -53.72 -53.41 -53.06 -52.62 -52.22 -51.88 -51.69 -51.66 -51.62 -51.56 -51.41 -51.09 -50.66 -50.19 -50.06 -50.00 -49.78 -49.47 -49.12 -48.81 -48.47 -48.16 -47.84 -47.56 -47.31 -47.12 -46.97 -46.94 -46.88 -46.75 -46.53 -46.31 -46.09 -45.94 -45.81 -45.69 -45.41 -45.09 -45.59 -46.62 -47.44 -48.03 -48.38 -48.66 -49.09 -49.44 -49.03 -48.19
-53.06 -52.41 -51.56 -50.75 -50.38 -50.22 -50.00 -49.75 -49.56 -49.44 -49.44 -49.66 -50.12 -50.97 -51.88 -52.38 -52.72 -52.91 -53.22 -53.72 -54.12 -54.41 -54.50 -54.38 -54.09 -53.72 -53.31 -52.94 -52.69 -52.53 -52.44 -52.41 -52.31 -52.12 -51.84 -51.47 -51.12 -51.00 -50.88 -50.62 -50.28 -49.91 -49.56 -49.28 -48.97 -48.66 -48.34 -48.09 -47.97 -47.91 -47.88 -47.78 -47.59 -47.41 -47.19 -46.97 -46.81 -46.69 -46.59 -46.38 -46.00 -46.06 -47.09 -48.16 -48.94 -49.44 -49.78 -50.16 -50.53 -50.53 -49.69
-53.72 -53.00 -52.16 -51.62 -51.44 -51.19 -50.88 -50.59 -50.38 -50.31 -50.53 -50.81 -51.19 -51.88 -52.72 -53.12 -53.50 -53.84 -54.06 -54.41 -54.75 -55.00 -55.12 -55.00 -54.72 -54.38 -54.00 -53.72 -53.47 -53.31 -53.19 -53.12 -53.03 -52.84 -52.59 -52.28 -52.03 -51.91 -51.72 -51.44 -51.06 -50.66 -50.34 -50.09 -49.81 -49.47 -49.12 -48.88 -48.84 -48.84 -48.81 -48.69 -48.50 -48.31 -48.12 -47.91 -47.69 -47.56 -47.53 -47.47 -47.12 -46.81 -47.31 -48.62 -49.66 -50.41 -50.84 -51.22 -51.56 -51.72 -51.22
-54.34 -53.59 -52.94 -52.69 -52.44 -52.12 -51.78 -51.47 -51.16 -51.25 -51.62 -52.06 -52.41 -52.91 -53.56 -53.97 -54.34 -54.66 -54.91 -55.16 -55.41 -55.62 -55.72 -55.59 -55.31 -55.00 -54.69 -54.44 -54.22 -54.03 -53.91 -53.81 -53.72 -53.56 -53.34 -53.06 -52.88 -52.72 -52.53 -52.19 -51.78 -51.41 -51.16 -50.91 -50.62 -50.28 -49.91 -49.69 -49.72 -49.78 -49.75 -49.66 -49.47 -49.28 -49.06 -48.84 -48.59 -48.44 -48.44 -48.53 -48.38 -47.88 -47.78 -48.72 -50.19 -51.16 -51.81 -52.25 -52.59 -52.81 -52.66
-55.00 -54.31 -53.91 -53.69 -53.38 -53.03 -52.69 -52.31 -52.03 -52.25 -52.72 -53.25 -53.69 -54.06 -54.44 -54.81 -55.16 -55.50 -55.72 -55.91 -56.09 -56.25 -56.28 -56.16 -55.91 -55.59 -55.34 -55.12 -54.94 -54.75 -54.59 -54.47 -54.38 -54.22 -54.03 -53.84 -53.69 -53.53 -53.28 -52.91 -52.50 -52.16 -51.97 -51.75 -51.44 -51.06 -50.66 -50.50 -50.62 -50.72 -50.72 -50.66 -50.50 -50.31 -50.06 -49.81 -49.53 -49.31 -49.31 -49.53 -49.66 -49.12 -48.62 -48.94 -50.22 -51.66 -52.62 -53.25 -53.62 -53.84 -53.88
-55.72 -55.22 -54.94 -54.66 -54.31 -53.94 -53.59 -53.19 -53.09 -53.41 -53.81 -54.31 -54.69 -55.03 -55.31 -55.62 -55.97 -56.28 -56.50 -56.66 -56.78 -56.88 -56.84 -56.69 -56.44 -56.19 -55.97 -55.78 -55.59 -55.41 -55.25 -55.12 -55.00 -54.88 -54.72 -54.59 -54.44 -54.25 -53.97 -53.59 -53.22 -53.00 -52.81 -52.56 -52.25 -51.88 -51.47 -51.34 -51.53 -51.66 -51.72 -51.69 -51.56 -51.34 -51.09 -50.81 -50.53 -50.16 -50.22 -50.47 -50.69 -50.47 -49.78 -49.66 -50.34 -51.78 -53.22 -54.09 -54.62 -54.91 -54.97
-56.53 -56.16 -55.91 -55.59 -55.25 -54.84 -54.47 -54.12 -54.28 -54.62 -54.97 -55.28 -55.59 -55.94 -56.22 -56.47 -56.78 -57.03 -57.25 -57.38 -57.44 -57.47 -57.41 -57.22 -56.97 -56.75 -56.56 -56.38 -56.22 -56.03 -55.91 -55.78 -55.66 -55.53 -55.41 -55.31 -55.16 -54.94 -54.62 -54.25 -53.97 -53.81 -53.62 -53.38 -53.06 -52.75 -52.38 -52.28 -52.47 -52.62 -52.75 -52.75 -52.62 -52.41 -52.16 -51.88 -51.56 -51.03 -51.12 -51.47 -51.72 -51.78 -51.12 -50.81 -51.06 -51.94 -53.50 -54.78 -55.53 -55.91 -56.03
-57.44 -57.09 -56.81 -56.50 -56.16 -55.78 -55.31 -55.12 -55.47 -55.84 -56.03 -56.25 -56.53 -56.81 -57.09 -57.31 -57.56 -57.81 -58.00 -58.09 -58.09 -58.06 -57.94 -57.72 -57.50 -57.28 -57.12 -56.97 -56.81 -56.66 -56.53 -56.44 -56.31 -56.16 -56.06 -56.00 -55.84 -55.59 -55.28 -54.94 -54.75 -54.59 -54.41 -54.16 -53.91 -53.62 -53.31 -53.28 -53.44 -53.59 -53.75 -53.81 -53.69 -53.47 -53.22 -52.97 -52.59 -51.97 -52.09 -52.53 -52.78 -52.88 -52.56 -52.25 -52.28 -52.69 -53.69 -55.22 -56.28 -56.84 -57.03
-58.25 -57.97 -57.69 -57.38 -57.06 -56.69 -56.22 -56.16 -56.56 -56.84 -57.03 -57.19 -57.44 -57.72 -57.97 -58.16 -58.34 -58.53 -58.69 -58.78 -58.75 -58.66 -58.47 -58.25 -58.00 -57.81 -57.66 -57.53 -57.41 -57.28 -57.16 -57.06 -56.94 -56.81 -56.72 -56.62 -56.47 -56.22 -55.91 -55.62 -55.50 -55.34 -55.16 -54.94 -54.72 -54.50 -54.28 -54.31 -54.44 -54.59 -54.75 -54.81 -54.72 -54.53 -54.31 -54.03 -53.59 -52.97 -53.19 -53.62 -53.84 -53.97 -53.97 -53.75 -53.72 -53.88 -54.44 -55.66 -57.03 -57.69 -58.00
-59.09 -58.81 -58.53 -58.25 -57.97 -57.66 -57.19 -57.16 -57.53 -57.78 -57.94 -58.12 -58.34 -58.59 -58.81 -58.97 -59.12 -59.28 -59.41 -59.44 -59.41 -59.25 -59.00 -58.75 -58.50 -58.31 -58.19 -58.09 -57.97 -57.88 -57.81 -57.72 -57.59 -57.47 -57.34 -57.25 -57.09 -56.84 -56.56 -56.34 -56.22 -56.09 -55.91 -55.72 -55.53 -55.31 -55.19 -55.31 -55.44 -55.56 -55.69 -55.78 -55.75 -55.59 -55.38 -55.06 -54.59 -54.06 -54.38 -54.75 -54.91 -55.03 -55.19 -55.19 -55.19 -55.22 -55.56 -56.38 -57.69 -58.53 -58.94
-59.88 -59.62 -59.34 -59.12 -58.88 -58.62 -58.22 -58.12 -58.47 -58.66 -58.84 -59.03 -59.22 -59.44 -59.59 -59.75 -59.88 -59.97 -60.06 -60.09 -60.00 -59.81 -59.53 -59.25 -58.97 -58.75 -58.66 -58.59 -58.53 -58.47 -58.44 -58.34 -58.25 -58.09 -57.94 -57.81 -57.69 -57.47 -57.22 -57.00 -56.91 -56.78 -56.62 -56.47 -56.28 -56.12 -56.06 -56.25 -56.41 -56.50 -56.59 -56.69 -56.69 -56.59 -56.38 -56.09 -55.62 -55.25 -55.62 -55.88 -55.94 -56.06 -56.28 -56.53 -56.59 -56.59 -56.81 -57.41 -58.41 -59.34 -59.84
-60.66 -60.41 -60.16 -59.94 -59.78 -59.59 -59.31 -59.12 -59.34 -59.53 -59.72 -59.91 -60.06 -60.25 -60.38 -60.50 -60.59 -60.66 -60.72 -60.72 -60.59 -60.38 -60.06 -59.72 -59.38 -59.16 -59.12 -59.12 -59.09 -59.06 -59.03 -58.97 -58.84 -58.69 -58.53 -58.41 -58.25 -58.06 -57.84 -57.66 -57.53 -57.44 -57.31 -57.19 -57.06 -56.91 -56.94 -57.12 -57.28 -57.38 -57.47 -57.56 -57.62 -57.53 -57.34 -57.06 -56.69 -56.50 -56.78 -56.94 -56.97 -57.06 -57.25 -57.56 -57.84 -57.91 -58.09 -58.53 -59.22 -60.09 -60.66
-61.44 -61.16 -60.91 -60.75 -60.66 -60.53 -60.34 -60.12 -60.19 -60.34 -60.53 -60.72 -60.88 -61.03 -61.12 -61.22 -61.31 -61.34 -61.34 -61.28 -61.16 -60.88 -60.53 -60.16 -59.78 -59.53 -59.59 -59.66 -59.69 -59.66 -59.62 -59.56 -59.41 -59.22 -59.06 -58.97 -58.84 -58.66 -58.44 -58.25 -58.16 -58.09 -58.00 -57.91 -57.78 -57.69 -57.78 -57.97 -58.09 -58.22 -58.31 -58.41 -58.47 -58.41 -58.25 -58.00 -57.75 -57.66 -57.84 -57.94 -57.97 -58.03 -58.25 -58.53 -58.84 -59.06 -59.34 -59.75 -60.16 -60.81 -61.44
-62.19 -61.91 -61.66 -61.56 -61.50 -61.41 -61.28 -61.06 -61.00 -61.12 -61.31 -61.50 -61.66 -61.75 -61.84 -61.91 -61.97 -61.97 -61.94 -61.84 -61.69 -61.41 -61.06 -60.62 -60.12 -59.88 -60.06 -60.19 -60.25 -60.25 -60.22 -60.09 -59.97 -59.78 -59.62 -59.53 -59.41 -59.22 -59.03 -58.84 -58.75 -58.69 -58.66 -58.59 -58.53 -58.47 -58.56 -58.72 -58.88 -59.00 -59.12 -59.22 -59.28 -59.22 -59.09 -58.91 -58.75 -58.69 -58.78 -58.84 -58.91 -59.00 -59.19 -59.47 -59.78 -60.06 -60.47 -60.97 -61.28 -61.53 -62.09
