everonasctiles/Tile[2,18].asc
ncols 128
nrows 128
xllcorner 0
yllcorner 0
cellsize 2.0
NODATA_value  -9999
[rows 32 to 63 of 128, columns 0 to 70 of 128]
-72.84 -72.72 -72.59 -72.47 -72.38 -72.25 -72.09 -71.94 -71.78 -71.66 -71.56 -71.50 -71.47 -71.44 -71.38 -71.25 -71.12 -71.03 -70.94 -70.84 -70.78 -70.69 -70.62 -70.56 -70.50 -70.38 -70.19 -69.97 -69.75 -69.59 -69.59 -69.62 -69.66 -69.66 -69.59 -69.50 -69.38 -69.22 -69.09 -69.06 -69.09 -69.16 -69.19 -69.22 -69.19 -69.12 -69.06 -68.97 -68.91 -68.81 -68.75 -68.72 -68.66 -68.59 -68.53 -68.50 -68.47 -68.41 -68.31 -68.19 -68.03 -67.91 -67.78 -67.72 -67.69 -67.69 -67.72 -67.78 -67.78 -67.78 -67.78
-73.28 -73.19 -73.06 -72.97 -72.84 -72.72 -72.56 -72.38 -72.22 -72.12 -72.03 -72.00 -71.97 -71.91 -71.84 -71.72 -71.59 -71.47 -71.38 -71.28 -71.22 -71.16 -71.09 -71.03 -70.97 -70.84 -70.66 -70.44 -70.22 -70.12 -70.12 -70.12 -70.12 -70.09 -70.03 -69.94 -69.78 -69.62 -69.50 -69.44 -69.47 -69.53 -69.59 -69.62 -69.56 -69.53 -69.44 -69.38 -69.31 -69.22 -69.19 -69.12 -69.06 -69.00 -68.94 -68.91 -68.88 -68.81 -68.69 -68.56 -68.41 -68.25 -68.16 -68.06 -68.03 -68.06 -68.12 -68.16 -68.19 -68.16 -68.16
-73.75 -73.66 -73.56 -73.44 -73.34 -73.19 -73.03 -72.84 -72.69 -72.59 -72.53 -72.50 -72.47 -72.41 -72.31 -72.19 -72.03 -71.91 -71.78 -71.72 -71.69 -71.62 -71.56 -71.53 -71.44 -71.31 -71.12 -70.94 -70.75 -70.69 -70.66 -70.66 -70.62 -70.56 -70.47 -70.34 -70.19 -70.03 -69.91 -69.84 -69.88 -69.94 -70.00 -70.03 -70.00 -69.91 -69.84 -69.78 -69.72 -69.66 -69.59 -69.53 -69.47 -69.38 -69.31 -69.28 -69.25 -69.19 -69.06 -68.91 -68.75 -68.62 -68.50 -68.44 -68.44 -68.47 -68.50 -68.56 -68.56 -68.56 -68.53
-74.25 -74.16 -74.06 -73.94 -73.81 -73.66 -73.50 -73.31 -73.19 -73.09 -73.03 -73.00 -72.97 -72.88 -72.78 -72.62 -72.47 -72.34 -72.22 -72.19 -72.16 -72.09 -72.06 -72.00 -71.91 -71.78 -71.62 -71.47 -71.31 -71.25 -71.22 -71.19 -71.12 -71.06 -70.94 -70.78 -70.62 -70.47 -70.34 -70.25 -70.28 -70.34 -70.44 -70.44 -70.41 -70.34 -70.25 -70.19 -70.12 -70.06 -70.00 -69.94 -69.84 -69.78 -69.72 -69.66 -69.62 -69.53 -69.41 -69.28 -69.12 -68.97 -68.88 -68.84 -68.81 -68.84 -68.91 -68.94 -68.94 -68.94 -68.91
-74.72 -74.66 -74.56 -74.44 -74.31 -74.16 -73.97 -73.78 -73.66 -73.59 -73.56 -73.50 -73.44 -73.38 -73.25 -73.09 -72.94 -72.78 -72.69 -72.66 -72.62 -72.59 -72.53 -72.47 -72.41 -72.28 -72.16 -72.00 -71.91 -71.84 -71.78 -71.72 -71.62 -71.53 -71.41 -71.22 -71.06 -70.91 -70.78 -70.69 -70.69 -70.78 -70.84 -70.88 -70.81 -70.75 -70.69 -70.59 -70.53 -70.50 -70.41 -70.34 -70.22 -70.16 -70.09 -70.03 -70.00 -69.91 -69.78 -69.62 -69.47 -69.34 -69.28 -69.22 -69.22 -69.25 -69.28 -69.31 -69.34 -69.31 -69.28
-75.22 -75.12 -75.06 -74.94 -74.78 -74.62 -74.41 -74.25 -74.16 -74.09 -74.06 -74.00 -73.94 -73.84 -73.69 -73.53 -73.38 -73.25 -73.16 -73.12 -73.09 -73.06 -73.03 -72.97 -72.88 -72.78 -72.66 -72.56 -72.50 -72.41 -72.34 -72.25 -72.16 -72.03 -71.84 -71.66 -71.50 -71.34 -71.22 -71.16 -71.16 -71.22 -71.28 -71.31 -71.25 -71.19 -71.09 -71.03 -70.97 -70.91 -70.81 -70.72 -70.59 -70.50 -70.47 -70.41 -70.34 -70.25 -70.12 -69.97 -69.81 -69.72 -69.66 -69.62 -69.62 -69.66 -69.69 -69.72 -69.72 -69.72 -69.69
-75.72 -75.62 -75.53 -75.44 -75.25 -75.06 -74.88 -74.72 -74.62 -74.59 -74.56 -74.50 -74.41 -74.28 -74.16 -74.00 -73.84 -73.72 -73.62 -73.59 -73.56 -73.56 -73.50 -73.44 -73.38 -73.28 -73.19 -73.12 -73.06 -72.97 -72.88 -72.78 -72.66 -72.50 -72.31 -72.12 -71.94 -71.78 -71.69 -71.62 -71.62 -71.69 -71.75 -71.75 -71.72 -71.62 -71.53 -71.44 -71.38 -71.31 -71.22 -71.09 -70.97 -70.88 -70.81 -70.78 -70.72 -70.59 -70.47 -70.31 -70.19 -70.09 -70.03 -70.03 -70.03 -70.06 -70.09 -70.09 -70.09 -70.09 -70.06
-76.22 -76.12 -76.03 -75.88 -75.72 -75.50 -75.31 -75.19 -75.09 -75.06 -75.03 -74.97 -74.88 -74.75 -74.59 -74.47 -74.31 -74.22 -74.12 -74.06 -74.06 -74.03 -74.00 -73.94 -73.84 -73.78 -73.72 -73.69 -73.62 -73.53 -73.41 -73.28 -73.12 -72.97 -72.75 -72.53 -72.38 -72.25 -72.16 -72.12 -72.12 -72.19 -72.22 -72.22 -72.16 -72.06 -71.97 -71.88 -71.78 -71.72 -71.59 -71.47 -71.34 -71.22 -71.19 -71.12 -71.06 -70.94 -70.81 -70.69 -70.53 -70.44 -70.41 -70.41 -70.44 -70.47 -70.47 -70.50 -70.50 -70.47 -70.44
-76.69 -76.59 -76.50 -76.34 -76.16 -75.94 -75.75 -75.62 -75.56 -75.53 -75.50 -75.41 -75.31 -75.19 -75.06 -74.94 -74.81 -74.69 -74.62 -74.56 -74.53 -74.53 -74.47 -74.41 -74.34 -74.28 -74.25 -74.22 -74.16 -74.06 -73.94 -73.78 -73.59 -73.41 -73.19 -72.97 -72.81 -72.69 -72.62 -72.59 -72.62 -72.69 -72.72 -72.69 -72.62 -72.50 -72.41 -72.31 -72.22 -72.12 -72.00 -71.84 -71.72 -71.62 -71.53 -71.50 -71.41 -71.31 -71.19 -71.03 -70.91 -70.81 -70.78 -70.81 -70.84 -70.88 -70.88 -70.88 -70.88 -70.84 -70.81
-77.19 -77.06 -76.94 -76.78 -76.59 -76.38 -76.19 -76.06 -76.00 -75.97 -75.94 -75.84 -75.75 -75.62 -75.53 -75.41 -75.28 -75.19 -75.09 -75.06 -75.03 -75.00 -74.94 -74.88 -74.81 -74.78 -74.78 -74.75 -74.69 -74.56 -74.41 -74.25 -74.06 -73.81 -73.59 -73.41 -73.25 -73.16 -73.09 -73.09 -73.12 -73.16 -73.19 -73.16 -73.06 -72.94 -72.84 -72.75 -72.66 -72.56 -72.41 -72.28 -72.12 -72.00 -71.94 -71.88 -71.78 -71.69 -71.56 -71.41 -71.28 -71.19 -71.16 -71.19 -71.22 -71.25 -71.28 -71.28 -71.25 -71.22 -71.16
-77.66 -77.53 -77.41 -77.22 -77.00 -76.78 -76.59 -76.50 -76.44 -76.41 -76.38 -76.28 -76.19 -76.09 -75.97 -75.88 -75.75 -75.66 -75.59 -75.56 -75.50 -75.47 -75.44 -75.34 -75.31 -75.28 -75.25 -75.25 -75.16 -75.03 -74.88 -74.69 -74.47 -74.22 -74.00 -73.84 -73.72 -73.62 -73.56 -73.56 -73.59 -73.62 -73.62 -73.59 -73.50 -73.38 -73.28 -73.19 -73.09 -72.97 -72.84 -72.69 -72.53 -72.44 -72.34 -72.25 -72.19 -72.06 -71.94 -71.81 -71.66 -71.56 -71.53 -71.56 -71.59 -71.66 -71.66 -71.66 -71.62 -71.59 -71.53
-78.12 -77.97 -77.81 -77.66 -77.44 -77.22 -77.03 -76.94 -76.88 -76.84 -76.78 -76.72 -76.62 -76.53 -76.41 -76.31 -76.22 -76.16 -76.09 -76.03 -76.00 -75.94 -75.88 -75.81 -75.78 -75.75 -75.75 -75.69 -75.62 -75.47 -75.31 -75.09 -74.88 -74.62 -74.41 -74.28 -74.16 -74.09 -74.03 -74.03 -74.06 -74.09 -74.09 -74.03 -73.94 -73.81 -73.72 -73.62 -73.53 -73.41 -73.28 -73.12 -72.97 -72.88 -72.78 -72.69 -72.59 -72.47 -72.31 -72.19 -72.03 -71.94 -71.91 -71.94 -71.97 -72.03 -72.03 -72.03 -71.97 -71.94 -71.88
-78.56 -78.41 -78.25 -78.06 -77.84 -77.62 -77.47 -77.38 -77.31 -77.28 -77.22 -77.16 -77.06 -76.97 -76.84 -76.75 -76.69 -76.62 -76.56 -76.50 -76.47 -76.41 -76.34 -76.28 -76.25 -76.22 -76.19 -76.12 -76.03 -75.88 -75.69 -75.47 -75.25 -75.00 -74.81 -74.72 -74.62 -74.56 -74.50 -74.47 -74.50 -74.53 -74.50 -74.44 -74.34 -74.25 -74.16 -74.06 -73.97 -73.84 -73.69 -73.56 -73.44 -73.31 -73.22 -73.09 -73.00 -72.84 -72.72 -72.56 -72.44 -72.34 -72.31 -72.31 -72.34 -72.41 -72.41 -72.38 -72.34 -72.28 -72.22
-79.00 -78.84 -78.66 -78.44 -78.25 -78.03 -77.88 -77.78 -77.75 -77.69 -77.62 -77.56 -77.47 -77.38 -77.28 -77.19 -77.12 -77.09 -77.03 -76.97 -76.91 -76.84 -76.78 -76.75 -76.69 -76.66 -76.59 -76.53 -76.41 -76.25 -76.06 -75.84 -75.62 -75.41 -75.25 -75.19 -75.09 -75.00 -74.94 -74.94 -74.94 -74.94 -74.91 -74.84 -74.75 -74.66 -74.56 -74.47 -74.38 -74.25 -74.12 -74.00 -73.88 -73.78 -73.66 -73.53 -73.41 -73.25 -73.09 -72.94 -72.84 -72.75 -72.72 -72.72 -72.75 -72.75 -72.75 -72.72 -72.66 -72.62 -72.56
-79.41 -79.22 -79.03 -78.84 -78.62 -78.44 -78.31 -78.22 -78.16 -78.09 -78.06 -77.97 -77.88 -77.78 -77.69 -77.62 -77.56 -77.53 -77.47 -77.41 -77.34 -77.28 -77.22 -77.19 -77.12 -77.06 -77.00 -76.91 -76.78 -76.62 -76.44 -76.22 -76.00 -75.81 -75.72 -75.62 -75.56 -75.47 -75.41 -75.38 -75.38 -75.34 -75.31 -75.22 -75.12 -75.06 -74.97 -74.88 -74.78 -74.69 -74.56 -74.44 -74.31 -74.22 -74.09 -73.94 -73.78 -73.62 -73.47 -73.34 -73.25 -73.19 -73.12 -73.09 -73.12 -73.12 -73.09 -73.06 -73.00 -72.94 -72.91
-79.78 -79.62 -79.44 -79.25 -79.03 -78.84 -78.69 -78.59 -78.56 -78.50 -78.44 -78.38 -78.28 -78.19 -78.09 -78.03 -78.00 -77.97 -77.91 -77.84 -77.78 -77.72 -77.66 -77.59 -77.56 -77.47 -77.38 -77.25 -77.12 -76.97 -76.78 -76.59 -76.41 -76.25 -76.16 -76.09 -76.00 -75.91 -75.84 -75.81 -75.78 -75.75 -75.69 -75.59 -75.50 -75.44 -75.38 -75.28 -75.19 -75.09 -74.97 -74.84 -74.75 -74.62 -74.50 -74.31 -74.16 -74.00 -73.88 -73.75 -73.66 -73.59 -73.53 -73.50 -73.50 -73.47 -73.44 -73.41 -73.34 -73.28 -73.25
-80.16 -80.00 -79.81 -79.62 -79.44 -79.25 -79.09 -79.00 -78.94 -78.88 -78.81 -78.75 -78.66 -78.56 -78.50 -78.44 -78.41 -78.38 -78.31 -78.25 -78.19 -78.12 -78.09 -78.03 -77.94 -77.84 -77.72 -77.59 -77.47 -77.31 -77.12 -76.97 -76.81 -76.69 -76.59 -76.53 -76.44 -76.38 -76.28 -76.22 -76.16 -76.12 -76.06 -75.97 -75.88 -75.81 -75.75 -75.66 -75.59 -75.47 -75.38 -75.25 -75.16 -75.03 -74.88 -74.69 -74.53 -74.38 -74.28 -74.19 -74.09 -74.00 -73.94 -73.91 -73.88 -73.84 -73.81 -73.75 -73.69 -73.66 -73.62
-80.53 -80.38 -80.19 -80.00 -79.81 -79.62 -79.47 -79.38 -79.28 -79.25 -79.19 -79.09 -79.03 -78.94 -78.88 -78.84 -78.81 -78.78 -78.72 -78.69 -78.62 -78.56 -78.47 -78.41 -78.31 -78.19 -78.06 -77.94 -77.81 -77.66 -77.50 -77.34 -77.22 -77.12 -77.03 -76.97 -76.88 -76.78 -76.69 -76.62 -76.56 -76.50 -76.41 -76.34 -76.25 -76.19 -76.12 -76.03 -75.97 -75.84 -75.75 -75.62 -75.53 -75.38 -75.22 -75.03 -74.88 -74.78 -74.66 -74.56 -74.50 -74.41 -74.34 -74.31 -74.25 -74.22 -74.16 -74.09 -74.03 -74.00 -73.97
-80.91 -80.75 -80.59 -80.41 -80.19 -80.00 -79.84 -79.72 -79.62 -79.56 -79.50 -79.44 -79.38 -79.28 -79.25 -79.22 -79.19 -79.16 -79.12 -79.06 -79.00 -78.94 -78.84 -78.75 -78.66 -78.53 -78.44 -78.31 -78.16 -78.03 -77.88 -77.75 -77.62 -77.53 -77.47 -77.38 -77.31 -77.19 -77.09 -77.00 -76.94 -76.84 -76.78 -76.69 -76.62 -76.56 -76.47 -76.41 -76.31 -76.22 -76.09 -76.00 -75.88 -75.72 -75.56 -75.38 -75.25 -75.12 -75.06 -74.97 -74.88 -74.81 -74.75 -74.69 -74.66 -74.59 -74.50 -74.47 -74.41 -74.38 -74.34
-81.28 -81.12 -80.97 -80.78 -80.56 -80.38 -80.19 -80.06 -79.97 -79.91 -79.84 -79.75 -79.69 -79.62 -79.59 -79.59 -79.56 -79.56 -79.50 -79.47 -79.38 -79.31 -79.22 -79.12 -79.00 -78.88 -78.78 -78.66 -78.53 -78.41 -78.28 -78.16 -78.06 -77.97 -77.88 -77.81 -77.72 -77.59 -77.50 -77.38 -77.28 -77.22 -77.12 -77.06 -76.97 -76.91 -76.84 -76.78 -76.69 -76.56 -76.44 -76.31 -76.19 -76.03 -75.88 -75.72 -75.59 -75.50 -75.44 -75.34 -75.28 -75.19 -75.16 -75.09 -75.03 -74.97 -74.91 -74.84 -74.81 -74.78 -74.72
-81.62 -81.50 -81.34 -81.16 -80.94 -80.72 -80.53 -80.38 -80.28 -80.19 -80.12 -80.06 -80.00 -79.97 -79.94 -79.94 -79.94 -79.91 -79.88 -79.81 -79.75 -79.66 -79.56 -79.44 -79.34 -79.25 -79.12 -79.00 -78.88 -78.78 -78.66 -78.56 -78.47 -78.38 -78.28 -78.19 -78.09 -77.97 -77.88 -77.75 -77.66 -77.56 -77.50 -77.41 -77.34 -77.28 -77.22 -77.12 -77.03 -76.91 -76.78 -76.62 -76.50 -76.34 -76.19 -76.03 -75.94 -75.88 -75.78 -75.72 -75.66 -75.59 -75.53 -75.50 -75.44 -75.34 -75.28 -75.22 -75.19 -75.16 -75.09
-82.00 -81.84 -81.69 -81.50 -81.28 -81.06 -80.84 -80.69 -80.56 -80.50 -80.44 -80.38 -80.34 -80.28 -80.28 -80.28 -80.28 -80.25 -80.22 -80.16 -80.09 -80.00 -79.88 -79.78 -79.69 -79.59 -79.47 -79.38 -79.25 -79.16 -79.06 -78.97 -78.88 -78.78 -78.69 -78.59 -78.47 -78.34 -78.22 -78.12 -78.03 -77.94 -77.88 -77.78 -77.72 -77.66 -77.56 -77.47 -77.34 -77.22 -77.09 -76.94 -76.78 -76.62 -76.50 -76.38 -76.28 -76.22 -76.16 -76.06 -76.00 -75.97 -75.94 -75.88 -75.84 -75.75 -75.69 -75.62 -75.56 -75.53 -75.47
-82.31 -82.19 -82.03 -81.81 -81.59 -81.34 -81.16 -80.97 -80.88 -80.81 -80.75 -80.69 -80.66 -80.62 -80.59 -80.59 -80.59 -80.59 -80.56 -80.50 -80.41 -80.31 -80.22 -80.09 -80.00 -79.94 -79.84 -79.72 -79.62 -79.53 -79.47 -79.38 -79.28 -79.19 -79.06 -78.97 -78.84 -78.72 -78.59 -78.50 -78.41 -78.34 -78.25 -78.16 -78.09 -78.00 -77.94 -77.81 -77.69 -77.56 -77.41 -77.25 -77.09 -76.94 -76.81 -76.69 -76.62 -76.56 -76.50 -76.44 -76.38 -76.34 -76.31 -76.28 -76.22 -76.16 -76.06 -76.00 -75.97 -75.91 -75.84
-82.62 -82.50 -82.31 -82.12 -81.88 -81.66 -81.44 -81.28 -81.16 -81.09 -81.06 -81.03 -80.97 -80.94 -80.94 -80.91 -80.91 -80.91 -80.88 -80.81 -80.72 -80.62 -80.53 -80.44 -80.34 -80.28 -80.19 -80.09 -80.00 -79.94 -79.88 -79.78 -79.69 -79.56 -79.44 -79.34 -79.22 -79.09 -79.00 -78.88 -78.81 -78.72 -78.62 -78.53 -78.47 -78.38 -78.28 -78.16 -78.03 -77.88 -77.75 -77.59 -77.41 -77.25 -77.12 -77.03 -76.94 -76.91 -76.84 -76.78 -76.75 -76.72 -76.69 -76.66 -76.59 -76.53 -76.44 -76.38 -76.31 -76.28 -76.19
-82.94 -82.81 -82.62 -82.41 -82.19 -81.94 -81.72 -81.56 -81.47 -81.41 -81.38 -81.34 -81.31 -81.28 -81.25 -81.22 -81.22 -81.19 -81.16 -81.12 -81.06 -80.97 -80.84 -80.75 -80.69 -80.62 -80.56 -80.47 -80.38 -80.31 -80.25 -80.19 -80.06 -79.94 -79.81 -79.72 -79.59 -79.50 -79.38 -79.28 -79.19 -79.09 -79.00 -78.91 -78.81 -78.72 -78.62 -78.50 -78.38 -78.22 -78.06 -77.91 -77.75 -77.59 -77.44 -77.34 -77.28 -77.25 -77.19 -77.12 -77.09 -77.06 -77.06 -77.03 -76.97 -76.91 -76.81 -76.75 -76.69 -76.62 -76.53
-83.22 -83.09 -82.91 -82.69 -82.47 -82.22 -82.03 -81.84 -81.75 -81.72 -81.69 -81.69 -81.66 -81.59 -81.56 -81.53 -81.50 -81.50 -81.47 -81.44 -81.38 -81.28 -81.19 -81.09 -81.03 -80.97 -80.91 -80.84 -80.78 -80.69 -80.62 -80.56 -80.44 -80.31 -80.19 -80.09 -80.00 -79.88 -79.78 -79.69 -79.59 -79.47 -79.38 -79.28 -79.16 -79.06 -78.97 -78.84 -78.72 -78.56 -78.41 -78.25 -78.06 -77.91 -77.75 -77.69 -77.62 -77.59 -77.53 -77.47 -77.44 -77.44 -77.41 -77.38 -77.34 -77.28 -77.19 -77.09 -77.03 -76.94 -76.84
-83.50 -83.38 -83.19 -82.97 -82.72 -82.50 -82.31 -82.16 -82.06 -82.03 -82.00 -82.00 -81.97 -81.94 -81.88 -81.84 -81.81 -81.81 -81.81 -81.75 -81.69 -81.62 -81.53 -81.44 -81.38 -81.34 -81.28 -81.22 -81.16 -81.06 -81.00 -80.91 -80.81 -80.69 -80.56 -80.47 -80.38 -80.28 -80.19 -80.06 -79.97 -79.84 -79.72 -79.62 -79.50 -79.41 -79.31 -79.19 -79.06 -78.91 -78.75 -78.59 -78.41 -78.22 -78.09 -78.03 -77.97 -77.94 -77.88 -77.81 -77.78 -77.75 -77.75 -77.72 -77.69 -77.62 -77.53 -77.44 -77.38 -77.28 -77.16
-83.75 -83.62 -83.44 -83.22 -83.00 -82.78 -82.59 -82.44 -82.38 -82.34 -82.34 -82.34 -82.31 -82.25 -82.22 -82.16 -82.12 -82.12 -82.12 -82.09 -82.03 -81.94 -81.84 -81.78 -81.75 -81.69 -81.62 -81.56 -81.50 -81.44 -81.38 -81.28 -81.16 -81.03 -80.94 -80.84 -80.78 -80.66 -80.56 -80.44 -80.34 -80.22 -80.09 -79.97 -79.84 -79.75 -79.66 -79.53 -79.41 -79.25 -79.09 -78.91 -78.75 -78.59 -78.47 -78.38 -78.34 -78.28 -78.22 -78.16 -78.12 -78.09 -78.09 -78.06 -78.03 -77.97 -77.88 -77.78 -77.69 -77.56 -77.44
-84.00 -83.88 -83.69 -83.47 -83.25 -83.06 -82.88 -82.75 -82.69 -82.66 -82.66 -82.66 -82.62 -82.59 -82.53 -82.47 -82.44 -82.44 -82.44 -82.41 -82.34 -82.28 -82.19 -82.12 -82.09 -82.03 -82.00 -81.94 -81.84 -81.78 -81.72 -81.62 -81.53 -81.41 -81.31 -81.25 -81.16 -81.06 -80.94 -80.81 -80.69 -80.56 -80.41 -80.28 -80.19 -80.09 -80.00 -79.91 -79.75 -79.59 -79.44 -79.25 -79.09 -78.94 -78.84 -78.78 -78.72 -78.66 -78.56 -78.50 -78.47 -78.44 -78.41 -78.41 -78.34 -78.28 -78.22 -78.09 -78.00 -77.84 -77.69
-84.22 -84.09 -83.91 -83.69 -83.50 -83.31 -83.16 -83.06 -83.00 -82.97 -83.00 -83.00 -82.97 -82.91 -82.84 -82.81 -82.78 -82.75 -82.75 -82.72 -82.66 -82.59 -82.53 -82.50 -82.44 -82.38 -82.34 -82.25 -82.19 -82.12 -82.03 -81.97 -81.88 -81.78 -81.69 -81.62 -81.53 -81.41 -81.28 -81.16 -81.03 -80.88 -80.75 -80.62 -80.53 -80.44 -80.34 -80.22 -80.09 -79.94 -79.75 -79.59 -79.47 -79.34 -79.25 -79.16 -79.09 -79.00 -78.94 -78.84 -78.81 -78.78 -78.75 -78.72 -78.69 -78.59 -78.53 -78.41 -78.28 -78.12 -77.97
-84.44 -84.28 -84.09 -83.94 -83.75 -83.59 -83.44 -83.34 -83.31 -83.31 -83.31 -83.31 -83.28 -83.25 -83.19 -83.12 -83.09 -83.09 -83.06 -83.03 -83.00 -82.94 -82.88 -82.84 -82.78 -82.72 -82.66 -82.59 -82.50 -82.44 -82.38 -82.31 -82.25 -82.16 -82.06 -81.97 -81.88 -81.75 -81.62 -81.50 -81.38 -81.22 -81.09 -81.00 -80.91 -80.81 -80.72 -80.56 -80.41 -80.25 -80.09 -79.97 -79.88 -79.75 -79.66 -79.56 -79.47 -79.38 -79.28 -79.19 -79.12 -79.09 -79.06 -79.03 -79.00 -78.91 -78.81 -78.69 -78.56 -78.41 -78.22
-84.62 -84.47 -84.31 -84.16 -84.00 -83.84 -83.75 -83.69 -83.62 -83.62 -83.66 -83.66 -83.62 -83.56 -83.50 -83.47 -83.44 -83.41 -83.41 -83.34 -83.31 -83.28 -83.22 -83.19 -83.12 -83.06 -82.97 -82.91 -82.84 -82.78 -82.72 -82.66 -82.59 -82.50 -82.41 -82.31 -82.19 -82.09 -81.97 -81.84 -81.72 -81.59 -81.47 -81.38 -81.28 -81.19 -81.06 -80.91 -80.75 -80.59 -80.47 -80.38 -80.28 -80.16 -80.06 -79.97 -79.88 -79.75 -79.62 -79.53 -79.47 -79.44 -79.41 -79.38 -79.31 -79.22 -79.09 -78.97 -78.84 -78.69 -78.53
