everonasctiles/Tile[6,49].asc
ncols 128
nrows 128
xllcorner 0
yllcorner 0
cellsize 2.0
NODATA_value  -9999
[rows 64 to 95 of 128, columns 0 to 70 of 128]
-79.91 -79.56 -79.16 -78.72 -78.28 -77.84 -77.41 -76.97 -76.56 -76.19 -75.84 -75.59 -75.44 -75.31 -75.25 -75.19 -75.12 -75.06 -75.03 -74.94 -74.88 -74.81 -74.75 -74.69 -74.56 -74.44 -74.31 -74.16 -74.03 -73.94 -73.88 -73.81 -73.75 -73.72 -73.69 -73.62 -73.62 -73.59 -73.56 -73.56 -73.56 -73.56 -73.59 -73.66 -73.69 -73.78 -73.84 -73.97 -74.09 -74.22 -74.31 -74.41 -74.53 -74.62 -74.69 -74.78 -74.88 -74.94 -75.03 -75.09 -75.19 -75.28 -75.34 -75.44 -75.53 -75.59 -75.69 -75.78 -75.88 -75.97 -76.03
-79.47 -79.16 -78.75 -78.34 -77.91 -77.47 -77.03 -76.62 -76.22 -75.84 -75.50 -75.28 -75.12 -75.00 -74.94 -74.88 -74.84 -74.81 -74.78 -74.72 -74.66 -74.59 -74.53 -74.44 -74.38 -74.25 -74.12 -73.97 -73.88 -73.78 -73.72 -73.69 -73.66 -73.62 -73.62 -73.59 -73.59 -73.56 -73.56 -73.53 -73.53 -73.56 -73.59 -73.62 -73.66 -73.75 -73.81 -73.94 -74.06 -74.19 -74.28 -74.41 -74.50 -74.59 -74.69 -74.78 -74.84 -74.94 -75.00 -75.09 -75.16 -75.25 -75.34 -75.41 -75.50 -75.56 -75.66 -75.72 -75.81 -75.88 -75.94
-79.03 -78.72 -78.38 -77.97 -77.53 -77.09 -76.66 -76.25 -75.88 -75.50 -75.19 -74.94 -74.78 -74.69 -74.62 -74.59 -74.56 -74.56 -74.53 -74.47 -74.41 -74.34 -74.28 -74.22 -74.16 -74.06 -73.94 -73.81 -73.69 -73.62 -73.56 -73.53 -73.53 -73.53 -73.56 -73.56 -73.56 -73.53 -73.53 -73.53 -73.53 -73.53 -73.56 -73.59 -73.66 -73.72 -73.81 -73.91 -74.03 -74.16 -74.28 -74.38 -74.47 -74.56 -74.66 -74.75 -74.84 -74.91 -75.00 -75.06 -75.16 -75.22 -75.31 -75.38 -75.47 -75.53 -75.59 -75.66 -75.75 -75.81 -75.84
-78.59 -78.31 -77.97 -77.59 -77.16 -76.72 -76.31 -75.91 -75.53 -75.19 -74.88 -74.62 -74.47 -74.38 -74.34 -74.31 -74.31 -74.28 -74.28 -74.22 -74.16 -74.09 -74.03 -73.97 -73.94 -73.84 -73.75 -73.62 -73.53 -73.47 -73.44 -73.41 -73.44 -73.44 -73.47 -73.50 -73.50 -73.50 -73.50 -73.50 -73.50 -73.53 -73.56 -73.59 -73.66 -73.72 -73.81 -73.91 -74.03 -74.16 -74.28 -74.38 -74.47 -74.56 -74.62 -74.72 -74.81 -74.88 -74.97 -75.03 -75.12 -75.19 -75.28 -75.34 -75.41 -75.47 -75.53 -75.59 -75.66 -75.72 -75.75
-78.19 -77.94 -77.62 -77.25 -76.84 -76.41 -75.97 -75.56 -75.22 -74.88 -74.56 -74.31 -74.16 -74.06 -74.03 -74.03 -74.03 -74.03 -74.03 -73.97 -73.91 -73.84 -73.78 -73.75 -73.72 -73.66 -73.56 -73.47 -73.41 -73.34 -73.31 -73.31 -73.34 -73.38 -73.41 -73.44 -73.44 -73.47 -73.47 -73.47 -73.50 -73.50 -73.53 -73.59 -73.66 -73.72 -73.81 -73.94 -74.03 -74.16 -74.28 -74.38 -74.44 -74.53 -74.59 -74.69 -74.75 -74.84 -74.91 -75.00 -75.06 -75.16 -75.22 -75.31 -75.38 -75.44 -75.47 -75.53 -75.56 -75.59 -75.62
-77.78 -77.53 -77.25 -76.94 -76.53 -76.12 -75.69 -75.28 -74.88 -74.56 -74.25 -74.00 -73.84 -73.78 -73.75 -73.78 -73.78 -73.78 -73.78 -73.75 -73.69 -73.62 -73.56 -73.53 -73.50 -73.47 -73.41 -73.34 -73.28 -73.25 -73.22 -73.22 -73.25 -73.28 -73.31 -73.38 -73.41 -73.41 -73.44 -73.44 -73.47 -73.47 -73.53 -73.56 -73.62 -73.72 -73.81 -73.94 -74.06 -74.16 -74.28 -74.34 -74.44 -74.50 -74.56 -74.62 -74.72 -74.78 -74.88 -74.94 -75.00 -75.09 -75.16 -75.25 -75.31 -75.38 -75.41 -75.44 -75.47 -75.47 -75.50
-77.38 -77.16 -76.88 -76.59 -76.25 -75.84 -75.44 -75.00 -74.59 -74.22 -73.91 -73.69 -73.53 -73.50 -73.50 -73.53 -73.53 -73.56 -73.53 -73.50 -73.47 -73.41 -73.34 -73.31 -73.31 -73.31 -73.28 -73.22 -73.19 -73.16 -73.16 -73.19 -73.19 -73.22 -73.28 -73.31 -73.34 -73.34 -73.38 -73.41 -73.41 -73.44 -73.47 -73.56 -73.62 -73.72 -73.81 -73.94 -74.06 -74.16 -74.25 -74.31 -74.38 -74.44 -74.50 -74.56 -74.62 -74.72 -74.78 -74.88 -74.94 -75.00 -75.09 -75.16 -75.22 -75.28 -75.31 -75.31 -75.34 -75.34 -75.38
-76.97 -76.75 -76.50 -76.25 -75.94 -75.56 -75.16 -74.75 -74.34 -73.94 -73.59 -73.34 -73.25 -73.25 -73.25 -73.28 -73.31 -73.31 -73.31 -73.28 -73.25 -73.22 -73.19 -73.16 -73.16 -73.16 -73.16 -73.16 -73.12 -73.09 -73.12 -73.12 -73.16 -73.19 -73.22 -73.25 -73.25 -73.28 -73.31 -73.34 -73.34 -73.38 -73.44 -73.50 -73.59 -73.72 -73.81 -73.94 -74.03 -74.12 -74.22 -74.28 -74.31 -74.38 -74.41 -74.47 -74.56 -74.62 -74.69 -74.78 -74.84 -74.94 -75.00 -75.06 -75.12 -75.16 -75.19 -75.19 -75.22 -75.22 -75.22
-76.59 -76.38 -76.12 -75.88 -75.62 -75.28 -74.91 -74.53 -74.12 -73.72 -73.38 -73.06 -72.97 -73.00 -73.03 -73.06 -73.09 -73.09 -73.09 -73.09 -73.06 -73.03 -73.03 -73.03 -73.06 -73.06 -73.06 -73.06 -73.06 -73.06 -73.06 -73.09 -73.12 -73.12 -73.16 -73.19 -73.19 -73.22 -73.25 -73.25 -73.28 -73.31 -73.38 -73.47 -73.56 -73.69 -73.78 -73.91 -74.00 -74.09 -74.16 -74.19 -74.25 -74.28 -74.31 -74.38 -74.44 -74.53 -74.59 -74.69 -74.75 -74.84 -74.91 -74.97 -75.00 -75.03 -75.03 -75.06 -75.06 -75.09 -75.09
-76.19 -75.97 -75.75 -75.53 -75.28 -75.03 -74.69 -74.34 -73.97 -73.59 -73.25 -72.94 -72.75 -72.78 -72.81 -72.84 -72.88 -72.91 -72.91 -72.91 -72.88 -72.88 -72.91 -72.94 -72.97 -73.00 -73.00 -73.03 -73.03 -73.03 -73.03 -73.06 -73.06 -73.09 -73.09 -73.12 -73.12 -73.16 -73.16 -73.19 -73.22 -73.25 -73.31 -73.41 -73.50 -73.62 -73.75 -73.84 -73.94 -74.03 -74.06 -74.12 -74.16 -74.19 -74.22 -74.28 -74.34 -74.44 -74.50 -74.59 -74.66 -74.72 -74.78 -74.84 -74.88 -74.88 -74.91 -74.91 -74.94 -74.94 -74.97
-75.84 -75.62 -75.41 -75.16 -74.97 -74.72 -74.47 -74.16 -73.81 -73.47 -73.16 -72.88 -72.62 -72.56 -72.59 -72.62 -72.69 -72.72 -72.72 -72.75 -72.75 -72.75 -72.78 -72.84 -72.88 -72.91 -72.94 -72.97 -73.00 -73.00 -73.00 -73.03 -73.03 -73.03 -73.03 -73.03 -73.06 -73.06 -73.06 -73.09 -73.12 -73.19 -73.25 -73.34 -73.47 -73.59 -73.69 -73.78 -73.88 -73.94 -73.97 -74.03 -74.06 -74.06 -74.12 -74.16 -74.25 -74.31 -74.41 -74.47 -74.53 -74.59 -74.66 -74.72 -74.72 -74.75 -74.75 -74.75 -74.78 -74.81 -74.84
-75.53 -75.28 -75.06 -74.84 -74.62 -74.41 -74.22 -73.94 -73.66 -73.34 -73.06 -72.78 -72.56 -72.41 -72.44 -72.47 -72.50 -72.53 -72.56 -72.59 -72.62 -72.66 -72.72 -72.75 -72.81 -72.88 -72.91 -72.94 -72.97 -72.97 -72.97 -73.00 -73.00 -73.00 -72.97 -72.97 -72.97 -72.97 -73.00 -73.00 -73.03 -73.09 -73.19 -73.28 -73.41 -73.53 -73.62 -73.72 -73.78 -73.84 -73.88 -73.91 -73.94 -73.97 -74.00 -74.06 -74.12 -74.22 -74.28 -74.38 -74.44 -74.47 -74.53 -74.56 -74.59 -74.59 -74.59 -74.59 -74.62 -74.66 -74.69
-75.22 -75.00 -74.78 -74.53 -74.31 -74.12 -73.94 -73.72 -73.47 -73.22 -72.94 -72.69 -72.50 -72.34 -72.31 -72.31 -72.38 -72.41 -72.44 -72.47 -72.53 -72.56 -72.62 -72.69 -72.78 -72.81 -72.88 -72.91 -72.94 -72.94 -72.94 -72.94 -72.94 -72.94 -72.91 -72.91 -72.88 -72.91 -72.91 -72.94 -72.97 -73.03 -73.12 -73.25 -73.34 -73.47 -73.56 -73.62 -73.69 -73.75 -73.78 -73.81 -73.84 -73.84 -73.88 -73.94 -74.03 -74.09 -74.19 -74.25 -74.31 -74.34 -74.41 -74.44 -74.44 -74.47 -74.47 -74.47 -74.47 -74.50 -74.53
-74.91 -74.72 -74.53 -74.28 -74.06 -73.88 -73.66 -73.50 -73.28 -73.06 -72.84 -72.62 -72.41 -72.25 -72.19 -72.19 -72.25 -72.28 -72.34 -72.38 -72.44 -72.50 -72.59 -72.66 -72.72 -72.78 -72.84 -72.88 -72.91 -72.91 -72.91 -72.94 -72.91 -72.88 -72.84 -72.81 -72.81 -72.81 -72.81 -72.84 -72.91 -72.97 -73.06 -73.19 -73.28 -73.38 -73.47 -73.53 -73.59 -73.62 -73.69 -73.69 -73.72 -73.72 -73.75 -73.81 -73.91 -74.00 -74.06 -74.12 -74.19 -74.22 -74.25 -74.28 -74.31 -74.31 -74.31 -74.34 -74.34 -74.38 -74.41
-74.56 -74.44 -74.25 -74.06 -73.84 -73.62 -73.44 -73.25 -73.09 -72.91 -72.69 -72.50 -72.31 -72.16 -72.09 -72.09 -72.12 -72.19 -72.22 -72.28 -72.38 -72.44 -72.53 -72.62 -72.69 -72.75 -72.81 -72.84 -72.88 -72.88 -72.91 -72.91 -72.88 -72.84 -72.78 -72.75 -72.72 -72.72 -72.72 -72.75 -72.81 -72.91 -73.00 -73.12 -73.22 -73.28 -73.34 -73.41 -73.47 -73.53 -73.56 -73.59 -73.59 -73.59 -73.62 -73.72 -73.81 -73.91 -73.97 -74.03 -74.06 -74.12 -74.16 -74.19 -74.19 -74.19 -74.22 -74.22 -74.22 -74.25 -74.28
-74.19 -74.12 -74.00 -73.81 -73.62 -73.44 -73.22 -73.03 -72.88 -72.72 -72.53 -72.34 -72.19 -72.06 -71.97 -71.97 -72.00 -72.06 -72.12 -72.22 -72.28 -72.38 -72.47 -72.56 -72.66 -72.72 -72.78 -72.81 -72.84 -72.84 -72.88 -72.84 -72.81 -72.78 -72.72 -72.66 -72.62 -72.62 -72.62 -72.69 -72.75 -72.84 -72.94 -73.03 -73.12 -73.19 -73.25 -73.31 -73.38 -73.41 -73.44 -73.47 -73.47 -73.50 -73.53 -73.62 -73.72 -73.81 -73.88 -73.94 -73.97 -74.03 -74.03 -74.06 -74.09 -74.09 -74.09 -74.09 -74.12 -74.12 -74.16
-73.84 -73.78 -73.72 -73.59 -73.44 -73.25 -73.06 -72.88 -72.69 -72.50 -72.34 -72.19 -72.03 -71.91 -71.84 -71.84 -71.88 -71.94 -72.03 -72.12 -72.22 -72.31 -72.41 -72.50 -72.59 -72.66 -72.75 -72.78 -72.81 -72.81 -72.81 -72.81 -72.78 -72.72 -72.66 -72.59 -72.53 -72.53 -72.56 -72.62 -72.69 -72.78 -72.91 -72.97 -73.06 -73.12 -73.19 -73.22 -73.25 -73.31 -73.31 -73.34 -73.34 -73.38 -73.44 -73.53 -73.66 -73.75 -73.81 -73.88 -73.91 -73.94 -73.94 -73.97 -73.97 -74.00 -74.00 -74.00 -74.00 -74.00 -74.03
-73.50 -73.50 -73.44 -73.38 -73.25 -73.06 -72.91 -72.69 -72.53 -72.34 -72.16 -72.00 -71.88 -71.75 -71.69 -71.69 -71.75 -71.81 -71.91 -72.03 -72.16 -72.25 -72.34 -72.44 -72.53 -72.59 -72.69 -72.72 -72.75 -72.78 -72.78 -72.75 -72.72 -72.66 -72.56 -72.50 -72.47 -72.44 -72.47 -72.53 -72.62 -72.72 -72.81 -72.91 -72.97 -73.03 -73.09 -73.12 -73.16 -73.19 -73.19 -73.19 -73.22 -73.28 -73.34 -73.47 -73.56 -73.69 -73.75 -73.78 -73.81 -73.84 -73.84 -73.84 -73.88 -73.88 -73.88 -73.88 -73.88 -73.88 -73.88
-73.19 -73.19 -73.19 -73.16 -73.06 -72.91 -72.75 -72.56 -72.38 -72.19 -72.00 -71.81 -71.69 -71.59 -71.53 -71.53 -71.59 -71.69 -71.81 -71.94 -72.06 -72.19 -72.28 -72.38 -72.47 -72.53 -72.59 -72.66 -72.69 -72.72 -72.72 -72.69 -72.62 -72.56 -72.50 -72.44 -72.38 -72.38 -72.41 -72.47 -72.53 -72.62 -72.72 -72.81 -72.91 -72.97 -73.00 -73.03 -73.03 -73.03 -73.06 -73.06 -73.09 -73.19 -73.28 -73.41 -73.50 -73.59 -73.69 -73.72 -73.75 -73.75 -73.75 -73.75 -73.75 -73.78 -73.78 -73.75 -73.75 -73.75 -73.75
-72.91 -72.94 -72.97 -72.94 -72.88 -72.75 -72.59 -72.41 -72.22 -72.03 -71.81 -71.66 -71.50 -71.41 -71.38 -71.41 -71.47 -71.56 -71.72 -71.84 -71.97 -72.09 -72.19 -72.28 -72.38 -72.44 -72.53 -72.59 -72.62 -72.66 -72.62 -72.59 -72.56 -72.50 -72.44 -72.34 -72.31 -72.28 -72.31 -72.38 -72.44 -72.53 -72.62 -72.72 -72.81 -72.88 -72.91 -72.91 -72.91 -72.91 -72.91 -72.94 -73.00 -73.09 -73.19 -73.31 -73.44 -73.53 -73.59 -73.62 -73.66 -73.66 -73.66 -73.66 -73.66 -73.66 -73.66 -73.66 -73.66 -73.62 -73.62
-72.66 -72.69 -72.72 -72.72 -72.66 -72.56 -72.44 -72.25 -72.06 -71.88 -71.66 -71.50 -71.34 -71.22 -71.22 -71.25 -71.34 -71.47 -71.59 -71.72 -71.84 -71.97 -72.06 -72.16 -72.25 -72.34 -72.41 -72.47 -72.53 -72.56 -72.56 -72.53 -72.47 -72.41 -72.34 -72.28 -72.22 -72.22 -72.22 -72.28 -72.34 -72.44 -72.50 -72.59 -72.69 -72.78 -72.81 -72.81 -72.78 -72.78 -72.78 -72.81 -72.88 -73.00 -73.12 -73.22 -73.34 -73.44 -73.50 -73.53 -73.56 -73.56 -73.56 -73.56 -73.56 -73.56 -73.56 -73.56 -73.53 -73.53 -73.53
-72.44 -72.50 -72.53 -72.53 -72.47 -72.38 -72.25 -72.09 -71.91 -71.72 -71.53 -71.34 -71.19 -71.06 -71.06 -71.12 -71.22 -71.34 -71.47 -71.59 -71.72 -71.84 -71.94 -72.03 -72.12 -72.22 -72.28 -72.38 -72.41 -72.44 -72.47 -72.44 -72.41 -72.34 -72.28 -72.22 -72.16 -72.12 -72.12 -72.16 -72.22 -72.31 -72.38 -72.50 -72.59 -72.66 -72.69 -72.69 -72.66 -72.66 -72.66 -72.72 -72.78 -72.91 -73.03 -73.16 -73.25 -73.34 -73.41 -73.44 -73.47 -73.47 -73.47 -73.47 -73.47 -73.47 -73.47 -73.47 -73.44 -73.44 -73.41
-72.25 -72.28 -72.31 -72.31 -72.28 -72.19 -72.09 -71.94 -71.75 -71.56 -71.38 -71.19 -71.03 -70.91 -70.91 -71.00 -71.09 -71.22 -71.34 -71.47 -71.56 -71.69 -71.78 -71.88 -71.97 -72.06 -72.16 -72.25 -72.31 -72.34 -72.34 -72.34 -72.31 -72.28 -72.22 -72.16 -72.09 -72.03 -72.03 -72.03 -72.09 -72.16 -72.25 -72.34 -72.44 -72.53 -72.56 -72.56 -72.53 -72.53 -72.56 -72.62 -72.72 -72.84 -72.97 -73.06 -73.19 -73.25 -73.31 -73.34 -73.38 -73.38 -73.38 -73.38 -73.38 -73.38 -73.38 -73.38 -73.34 -73.34 -73.31
-72.12 -72.12 -72.12 -72.12 -72.09 -72.03 -71.94 -71.78 -71.62 -71.44 -71.28 -71.09 -70.94 -70.81 -70.78 -70.88 -70.97 -71.09 -71.19 -71.31 -71.41 -71.53 -71.62 -71.72 -71.84 -71.94 -72.06 -72.12 -72.19 -72.25 -72.25 -72.25 -72.22 -72.19 -72.12 -72.06 -72.00 -71.97 -71.94 -71.94 -71.97 -72.03 -72.09 -72.19 -72.31 -72.38 -72.44 -72.44 -72.44 -72.44 -72.47 -72.56 -72.66 -72.78 -72.88 -73.00 -73.09 -73.16 -73.19 -73.25 -73.25 -73.28 -73.31 -73.31 -73.31 -73.31 -73.31 -73.28 -73.25 -73.25 -73.22
-71.97 -71.97 -71.97 -71.97 -71.94 -71.88 -71.78 -71.66 -71.50 -71.34 -71.19 -71.03 -70.88 -70.75 -70.69 -70.75 -70.84 -70.94 -71.03 -71.16 -71.25 -71.38 -71.50 -71.59 -71.72 -71.84 -71.94 -72.03 -72.09 -72.12 -72.16 -72.16 -72.12 -72.12 -72.06 -72.00 -71.94 -71.88 -71.84 -71.81 -71.84 -71.88 -71.97 -72.06 -72.16 -72.22 -72.28 -72.31 -72.31 -72.34 -72.41 -72.50 -72.59 -72.72 -72.81 -72.91 -72.97 -73.03 -73.09 -73.12 -73.16 -73.19 -73.22 -73.25 -73.25 -73.25 -73.22 -73.19 -73.16 -73.12 -73.09
-71.84 -71.84 -71.84 -71.81 -71.78 -71.72 -71.62 -71.50 -71.38 -71.25 -71.09 -70.97 -70.81 -70.69 -70.62 -70.66 -70.72 -70.81 -70.91 -71.00 -71.12 -71.25 -71.38 -71.50 -71.62 -71.72 -71.84 -71.94 -72.00 -72.03 -72.06 -72.06 -72.06 -72.03 -72.00 -71.94 -71.88 -71.81 -71.78 -71.75 -71.72 -71.78 -71.84 -71.91 -72.00 -72.09 -72.16 -72.19 -72.19 -72.25 -72.31 -72.41 -72.53 -72.62 -72.72 -72.81 -72.88 -72.94 -73.00 -73.03 -73.06 -73.12 -73.16 -73.16 -73.19 -73.16 -73.16 -73.09 -73.06 -73.00 -72.97
-71.75 -71.75 -71.72 -71.69 -71.62 -71.56 -71.47 -71.38 -71.25 -71.12 -71.00 -70.88 -70.78 -70.66 -70.59 -70.56 -70.62 -70.69 -70.78 -70.91 -71.03 -71.16 -71.28 -71.41 -71.53 -71.62 -71.72 -71.81 -71.88 -71.94 -71.97 -71.97 -71.97 -71.94 -71.91 -71.88 -71.81 -71.78 -71.72 -71.69 -71.66 -71.69 -71.72 -71.81 -71.91 -71.97 -72.03 -72.06 -72.09 -72.16 -72.22 -72.34 -72.44 -72.53 -72.62 -72.69 -72.78 -72.84 -72.91 -72.94 -72.97 -73.03 -73.06 -73.06 -73.09 -73.06 -73.06 -73.00 -72.97 -72.91 -72.84
-71.62 -71.62 -71.62 -71.56 -71.53 -71.44 -71.34 -71.25 -71.12 -71.00 -70.91 -70.81 -70.69 -70.59 -70.53 -70.50 -70.53 -70.59 -70.69 -70.81 -70.94 -71.06 -71.19 -71.31 -71.44 -71.53 -71.62 -71.72 -71.78 -71.81 -71.84 -71.88 -71.88 -71.84 -71.81 -71.78 -71.75 -71.72 -71.66 -71.62 -71.59 -71.59 -71.66 -71.72 -71.81 -71.88 -71.94 -71.97 -72.00 -72.06 -72.12 -72.22 -72.34 -72.44 -72.53 -72.59 -72.69 -72.75 -72.81 -72.84 -72.88 -72.91 -72.94 -72.97 -72.97 -72.97 -72.97 -72.91 -72.84 -72.81 -72.75
-71.50 -71.50 -71.50 -71.47 -71.41 -71.31 -71.22 -71.12 -71.00 -70.91 -70.78 -70.69 -70.59 -70.53 -70.47 -70.44 -70.47 -70.56 -70.62 -70.75 -70.88 -71.00 -71.12 -71.22 -71.31 -71.41 -71.50 -71.59 -71.66 -71.72 -71.75 -71.75 -71.75 -71.75 -71.72 -71.69 -71.66 -71.62 -71.62 -71.59 -71.56 -71.56 -71.59 -71.66 -71.75 -71.81 -71.88 -71.91 -71.94 -71.97 -72.06 -72.16 -72.25 -72.34 -72.44 -72.53 -72.59 -72.66 -72.72 -72.75 -72.78 -72.81 -72.84 -72.88 -72.88 -72.88 -72.84 -72.81 -72.75 -72.69 -72.62
-71.38 -71.38 -71.38 -71.34 -71.31 -71.22 -71.12 -71.03 -70.91 -70.78 -70.69 -70.59 -70.50 -70.44 -70.41 -70.38 -70.44 -70.50 -70.59 -70.69 -70.81 -70.91 -71.03 -71.09 -71.19 -71.28 -71.38 -71.47 -71.53 -71.59 -71.62 -71.62 -71.62 -71.62 -71.62 -71.59 -71.59 -71.56 -71.56 -71.53 -71.50 -71.53 -71.56 -71.62 -71.69 -71.75 -71.81 -71.84 -71.88 -71.91 -71.97 -72.06 -72.19 -72.28 -72.38 -72.47 -72.53 -72.59 -72.62 -72.62 -72.66 -72.69 -72.72 -72.75 -72.78 -72.78 -72.75 -72.72 -72.66 -72.59 -72.50
-71.22 -71.22 -71.25 -71.22 -71.19 -71.09 -71.03 -70.91 -70.81 -70.69 -70.59 -70.50 -70.44 -70.38 -70.34 -70.34 -70.38 -70.47 -70.56 -70.62 -70.72 -70.81 -70.91 -71.00 -71.06 -71.16 -71.25 -71.31 -71.41 -71.47 -71.50 -71.50 -71.50 -71.50 -71.53 -71.53 -71.50 -71.50 -71.50 -71.50 -71.47 -71.47 -71.53 -71.56 -71.62 -71.69 -71.72 -71.75 -71.81 -71.84 -71.94 -72.03 -72.12 -72.22 -72.31 -72.41 -72.47 -72.50 -72.53 -72.53 -72.56 -72.59 -72.62 -72.66 -72.69 -72.69 -72.66 -72.62 -72.56 -72.50 -72.41
-71.03 -71.06 -71.06 -71.06 -71.03 -70.97 -70.88 -70.78 -70.69 -70.59 -70.50 -70.41 -70.34 -70.31 -70.28 -70.28 -70.34 -70.44 -70.50 -70.56 -70.62 -70.72 -70.78 -70.84 -70.94 -71.03 -71.09 -71.19 -71.28 -71.34 -71.38 -71.41 -71.41 -71.41 -71.44 -71.44 -71.44 -71.47 -71.47 -71.44 -71.44 -71.44 -71.47 -71.50 -71.56 -71.62 -71.66 -71.69 -71.75 -71.81 -71.91 -72.00 -72.09 -72.19 -72.28 -72.34 -72.38 -72.41 -72.44 -72.44 -72.44 -72.47 -72.50 -72.56 -72.56 -72.56 -72.56 -72.50 -72.47 -72.38 -72.28
