everonasctiles/Tile[0,8].asc
ncols 128
nrows 128
xllcorner 0
yllcorner 0
cellsize 2.0
NODATA_value  -9999
[rows 96 to 127 of 128, columns 0 to 70 of 128]
-48.97 -48.97 -48.97 -48.97 -48.97 -48.94 -48.97 -48.97 -49.00 -49.00 -49.03 -49.03 -49.06 -49.06 -49.06 -49.09 -49.06 -49.06 -49.06 -49.03 -49.03 -49.00 -48.97 -48.94 -48.91 -48.88 -48.84 -48.81 -48.78 -48.75 -48.72 -48.69 -48.69 -48.69 -48.72 -48.72 -48.72 -48.75 -48.75 -48.75 -48.75 -48.72 -48.72 -48.69 -48.69 -48.66 -48.66 -48.66 -48.66 -48.69 -48.69 -48.69 -48.69 -48.69 -48.69 -48.69 -48.66 -48.66 -48.62 -48.62 -48.62 -48.62 -48.59 -48.56 -48.53 -48.53 -48.50 -48.50 -48.47 -48.47 -48.44
-49.03 -49.03 -49.03 -49.03 -49.00 -49.00 -49.03 -49.03 -49.06 -49.06 -49.09 -49.09 -49.12 -49.12 -49.12 -49.12 -49.12 -49.12 -49.12 -49.09 -49.06 -49.06 -49.03 -49.00 -48.94 -48.91 -48.88 -48.84 -48.81 -48.78 -48.75 -48.75 -48.75 -48.75 -48.78 -48.78 -48.81 -48.81 -48.81 -48.81 -48.81 -48.78 -48.78 -48.75 -48.75 -48.72 -48.72 -48.72 -48.72 -48.72 -48.72 -48.72 -48.72 -48.72 -48.72 -48.72 -48.69 -48.69 -48.66 -48.66 -48.62 -48.62 -48.59 -48.56 -48.56 -48.53 -48.50 -48.50 -48.47 -48.47 -48.47
-49.09 -49.09 -49.09 -49.06 -49.06 -49.06 -49.09 -49.09 -49.12 -49.12 -49.16 -49.16 -49.19 -49.19 -49.19 -49.19 -49.19 -49.16 -49.16 -49.12 -49.12 -49.09 -49.06 -49.03 -49.00 -48.97 -48.94 -48.91 -48.84 -48.84 -48.81 -48.81 -48.81 -48.81 -48.84 -48.84 -48.88 -48.88 -48.88 -48.88 -48.88 -48.88 -48.84 -48.81 -48.81 -48.78 -48.78 -48.78 -48.78 -48.75 -48.75 -48.75 -48.75 -48.75 -48.75 -48.75 -48.72 -48.72 -48.69 -48.69 -48.66 -48.62 -48.59 -48.59 -48.56 -48.53 -48.50 -48.50 -48.47 -48.47 -48.47
-49.16 -49.16 -49.12 -49.12 -49.12 -49.12 -49.16 -49.16 -49.19 -49.19 -49.22 -49.22 -49.22 -49.25 -49.25 -49.22 -49.22 -49.22 -49.19 -49.19 -49.16 -49.12 -49.09 -49.06 -49.03 -49.00 -48.97 -48.94 -48.91 -48.88 -48.88 -48.88 -48.88 -48.88 -48.91 -48.94 -48.94 -48.94 -48.97 -48.97 -48.94 -48.94 -48.91 -48.88 -48.88 -48.84 -48.84 -48.84 -48.81 -48.81 -48.81 -48.78 -48.78 -48.78 -48.78 -48.78 -48.78 -48.75 -48.72 -48.69 -48.69 -48.66 -48.62 -48.59 -48.56 -48.56 -48.53 -48.50 -48.50 -48.47 -48.47
-49.22 -49.19 -49.19 -49.19 -49.19 -49.19 -49.22 -49.22 -49.25 -49.25 -49.28 -49.28 -49.28 -49.28 -49.28 -49.28 -49.28 -49.25 -49.25 -49.22 -49.19 -49.16 -49.12 -49.09 -49.06 -49.03 -49.00 -48.97 -48.94 -48.94 -48.91 -48.94 -48.94 -48.94 -48.97 -49.00 -49.00 -49.03 -49.03 -49.03 -49.03 -49.00 -49.00 -48.97 -48.94 -48.91 -48.91 -48.88 -48.84 -48.84 -48.84 -48.84 -48.84 -48.84 -48.81 -48.81 -48.81 -48.78 -48.75 -48.75 -48.72 -48.69 -48.66 -48.62 -48.59 -48.56 -48.56 -48.53 -48.53 -48.50 -48.50
-49.28 -49.28 -49.25 -49.25 -49.25 -49.28 -49.28 -49.28 -49.31 -49.31 -49.31 -49.34 -49.34 -49.34 -49.34 -49.34 -49.31 -49.31 -49.28 -49.25 -49.22 -49.19 -49.16 -49.12 -49.09 -49.06 -49.03 -49.00 -49.00 -48.97 -48.97 -49.00 -49.00 -49.03 -49.03 -49.06 -49.09 -49.09 -49.09 -49.09 -49.09 -49.09 -49.06 -49.03 -49.00 -48.97 -48.97 -48.94 -48.91 -48.91 -48.88 -48.88 -48.88 -48.88 -48.88 -48.88 -48.84 -48.84 -48.81 -48.78 -48.75 -48.72 -48.69 -48.66 -48.62 -48.59 -48.59 -48.56 -48.56 -48.53 -48.50
-49.34 -49.34 -49.34 -49.34 -49.34 -49.34 -49.34 -49.38 -49.38 -49.38 -49.41 -49.41 -49.41 -49.41 -49.38 -49.38 -49.38 -49.34 -49.31 -49.31 -49.28 -49.25 -49.22 -49.16 -49.12 -49.09 -49.09 -49.06 -49.06 -49.06 -49.06 -49.06 -49.06 -49.09 -49.12 -49.16 -49.16 -49.19 -49.19 -49.19 -49.16 -49.16 -49.12 -49.09 -49.06 -49.06 -49.03 -49.00 -48.97 -48.94 -48.94 -48.94 -48.94 -48.94 -48.94 -48.94 -48.91 -48.88 -48.88 -48.84 -48.78 -48.75 -48.72 -48.69 -48.66 -48.62 -48.62 -48.59 -48.59 -48.56 -48.53
-49.41 -49.41 -49.41 -49.41 -49.41 -49.41 -49.44 -49.44 -49.44 -49.47 -49.47 -49.44 -49.44 -49.44 -49.44 -49.44 -49.41 -49.38 -49.38 -49.34 -49.31 -49.28 -49.25 -49.22 -49.19 -49.16 -49.12 -49.12 -49.12 -49.12 -49.12 -49.16 -49.16 -49.19 -49.22 -49.22 -49.25 -49.25 -49.25 -49.25 -49.25 -49.22 -49.19 -49.16 -49.12 -49.12 -49.09 -49.06 -49.03 -49.03 -49.00 -49.00 -49.00 -49.00 -49.00 -49.00 -48.97 -48.97 -48.94 -48.88 -48.84 -48.81 -48.78 -48.75 -48.72 -48.69 -48.66 -48.62 -48.62 -48.59 -48.56
-49.47 -49.47 -49.47 -49.47 -49.47 -49.47 -49.50 -49.50 -49.53 -49.53 -49.53 -49.50 -49.50 -49.50 -49.50 -49.47 -49.47 -49.44 -49.41 -49.38 -49.34 -49.31 -49.28 -49.25 -49.22 -49.22 -49.19 -49.19 -49.19 -49.19 -49.22 -49.22 -49.25 -49.28 -49.28 -49.31 -49.31 -49.34 -49.34 -49.31 -49.31 -49.28 -49.25 -49.22 -49.22 -49.19 -49.16 -49.12 -49.12 -49.09 -49.09 -49.09 -49.09 -49.09 -49.06 -49.06 -49.06 -49.03 -49.00 -48.97 -48.91 -48.88 -48.84 -48.81 -48.75 -48.72 -48.69 -48.66 -48.66 -48.62 -48.59
-49.53 -49.53 -49.53 -49.53 -49.53 -49.56 -49.56 -49.59 -49.59 -49.59 -49.59 -49.56 -49.56 -49.56 -49.53 -49.53 -49.50 -49.50 -49.47 -49.44 -49.41 -49.38 -49.34 -49.31 -49.28 -49.28 -49.25 -49.25 -49.28 -49.28 -49.28 -49.31 -49.34 -49.34 -49.38 -49.38 -49.41 -49.41 -49.41 -49.38 -49.38 -49.34 -49.31 -49.28 -49.28 -49.25 -49.22 -49.22 -49.19 -49.19 -49.19 -49.19 -49.16 -49.16 -49.16 -49.16 -49.12 -49.09 -49.06 -49.03 -49.00 -48.94 -48.91 -48.84 -48.81 -48.78 -48.75 -48.72 -48.69 -48.66 -48.62
-49.62 -49.62 -49.59 -49.59 -49.62 -49.62 -49.62 -49.66 -49.66 -49.66 -49.66 -49.62 -49.62 -49.62 -49.59 -49.59 -49.56 -49.53 -49.53 -49.50 -49.47 -49.44 -49.41 -49.38 -49.34 -49.34 -49.34 -49.34 -49.34 -49.38 -49.38 -49.41 -49.41 -49.44 -49.44 -49.47 -49.47 -49.47 -49.47 -49.44 -49.44 -49.41 -49.38 -49.34 -49.34 -49.31 -49.31 -49.28 -49.28 -49.28 -49.25 -49.25 -49.25 -49.25 -49.22 -49.22 -49.19 -49.19 -49.16 -49.09 -49.06 -49.00 -48.97 -48.91 -48.88 -48.81 -48.78 -48.75 -48.72 -48.69 -48.66
-49.69 -49.69 -49.69 -49.69 -49.69 -49.69 -49.69 -49.72 -49.72 -49.72 -49.69 -49.69 -49.69 -49.69 -49.66 -49.66 -49.62 -49.59 -49.56 -49.53 -49.50 -49.47 -49.44 -49.44 -49.41 -49.41 -49.41 -49.41 -49.44 -49.44 -49.47 -49.47 -49.50 -49.50 -49.53 -49.53 -49.53 -49.53 -49.53 -49.50 -49.47 -49.44 -49.44 -49.41 -49.41 -49.38 -49.38 -49.34 -49.34 -49.34 -49.34 -49.34 -49.31 -49.31 -49.31 -49.28 -49.28 -49.25 -49.22 -49.16 -49.12 -49.06 -49.03 -48.97 -48.91 -48.88 -48.81 -48.78 -48.75 -48.72 -48.69
-49.75 -49.75 -49.75 -49.75 -49.75 -49.75 -49.78 -49.78 -49.78 -49.75 -49.75 -49.75 -49.75 -49.75 -49.72 -49.72 -49.69 -49.66 -49.62 -49.59 -49.56 -49.53 -49.50 -49.50 -49.47 -49.47 -49.47 -49.50 -49.53 -49.53 -49.56 -49.56 -49.56 -49.59 -49.59 -49.59 -49.59 -49.59 -49.59 -49.56 -49.53 -49.50 -49.50 -49.47 -49.47 -49.44 -49.44 -49.44 -49.41 -49.41 -49.41 -49.41 -49.41 -49.38 -49.38 -49.34 -49.34 -49.31 -49.28 -49.22 -49.19 -49.12 -49.06 -49.03 -48.97 -48.91 -48.88 -48.81 -48.78 -48.75 -48.72
-49.81 -49.81 -49.81 -49.81 -49.81 -49.81 -49.81 -49.81 -49.81 -49.81 -49.81 -49.81 -49.81 -49.78 -49.78 -49.78 -49.75 -49.72 -49.69 -49.66 -49.62 -49.59 -49.56 -49.56 -49.56 -49.56 -49.56 -49.56 -49.59 -49.62 -49.62 -49.66 -49.66 -49.66 -49.69 -49.69 -49.66 -49.66 -49.66 -49.62 -49.59 -49.56 -49.53 -49.53 -49.50 -49.50 -49.50 -49.47 -49.47 -49.47 -49.47 -49.47 -49.47 -49.44 -49.44 -49.41 -49.41 -49.38 -49.31 -49.28 -49.22 -49.19 -49.12 -49.06 -49.00 -48.94 -48.91 -48.88 -48.84 -48.81 -48.78
-49.88 -49.88 -49.88 -49.88 -49.88 -49.88 -49.88 -49.88 -49.88 -49.84 -49.84 -49.84 -49.84 -49.84 -49.84 -49.84 -49.81 -49.78 -49.75 -49.72 -49.69 -49.66 -49.66 -49.62 -49.62 -49.62 -49.66 -49.66 -49.69 -49.69 -49.72 -49.72 -49.75 -49.75 -49.75 -49.75 -49.72 -49.72 -49.69 -49.66 -49.66 -49.62 -49.59 -49.59 -49.56 -49.56 -49.56 -49.53 -49.53 -49.53 -49.53 -49.53 -49.53 -49.50 -49.50 -49.47 -49.47 -49.44 -49.38 -49.34 -49.28 -49.22 -49.16 -49.09 -49.03 -48.97 -48.94 -48.91 -48.88 -48.84 -48.81
-49.94 -49.94 -49.94 -49.94 -49.94 -49.94 -49.94 -49.94 -49.94 -49.91 -49.91 -49.88 -49.91 -49.91 -49.91 -49.91 -49.88 -49.84 -49.81 -49.78 -49.75 -49.72 -49.72 -49.72 -49.72 -49.72 -49.72 -49.75 -49.78 -49.78 -49.81 -49.81 -49.81 -49.81 -49.81 -49.81 -49.78 -49.78 -49.75 -49.72 -49.69 -49.69 -49.66 -49.66 -49.62 -49.62 -49.59 -49.59 -49.59 -49.59 -49.56 -49.56 -49.56 -49.56 -49.56 -49.53 -49.53 -49.50 -49.44 -49.41 -49.34 -49.25 -49.19 -49.12 -49.06 -49.03 -48.97 -48.94 -48.91 -48.91 -48.88
-50.00 -50.00 -50.00 -50.00 -50.00 -50.00 -50.00 -50.00 -49.97 -49.94 -49.94 -49.94 -49.94 -49.94 -49.97 -49.94 -49.94 -49.91 -49.88 -49.84 -49.84 -49.81 -49.81 -49.81 -49.81 -49.81 -49.81 -49.84 -49.84 -49.88 -49.88 -49.91 -49.91 -49.91 -49.88 -49.88 -49.84 -49.81 -49.81 -49.78 -49.75 -49.72 -49.72 -49.72 -49.69 -49.69 -49.66 -49.66 -49.66 -49.66 -49.62 -49.62 -49.62 -49.62 -49.62 -49.62 -49.59 -49.56 -49.50 -49.44 -49.38 -49.31 -49.25 -49.19 -49.12 -49.06 -49.03 -49.00 -48.97 -48.94 -48.91
-50.06 -50.06 -50.06 -50.06 -50.06 -50.06 -50.06 -50.03 -50.03 -50.00 -49.97 -49.97 -49.97 -50.00 -50.00 -50.00 -50.00 -49.97 -49.94 -49.94 -49.91 -49.91 -49.91 -49.91 -49.91 -49.91 -49.94 -49.94 -49.97 -49.97 -49.97 -49.97 -49.97 -49.97 -49.94 -49.94 -49.91 -49.88 -49.84 -49.84 -49.81 -49.78 -49.78 -49.78 -49.75 -49.75 -49.72 -49.72 -49.72 -49.72 -49.69 -49.69 -49.69 -49.69 -49.69 -49.69 -49.66 -49.62 -49.56 -49.50 -49.44 -49.38 -49.31 -49.22 -49.16 -49.12 -49.06 -49.03 -49.03 -49.00 -48.97
-50.12 -50.12 -50.12 -50.12 -50.12 -50.09 -50.09 -50.09 -50.06 -50.03 -50.03 -50.03 -50.03 -50.03 -50.06 -50.06 -50.06 -50.03 -50.03 -50.00 -50.00 -50.00 -50.00 -50.00 -50.00 -50.03 -50.03 -50.03 -50.06 -50.06 -50.06 -50.06 -50.06 -50.03 -50.03 -50.00 -49.97 -49.94 -49.91 -49.91 -49.88 -49.88 -49.84 -49.84 -49.84 -49.81 -49.81 -49.78 -49.78 -49.78 -49.78 -49.78 -49.78 -49.78 -49.75 -49.75 -49.72 -49.69 -49.62 -49.56 -49.50 -49.44 -49.34 -49.28 -49.22 -49.19 -49.12 -49.09 -49.06 -49.03 -49.03
-50.19 -50.19 -50.19 -50.19 -50.16 -50.16 -50.16 -50.12 -50.09 -50.09 -50.06 -50.06 -50.06 -50.09 -50.12 -50.12 -50.12 -50.12 -50.12 -50.09 -50.09 -50.09 -50.09 -50.09 -50.09 -50.12 -50.12 -50.16 -50.16 -50.16 -50.16 -50.16 -50.16 -50.12 -50.09 -50.06 -50.03 -50.00 -49.97 -49.97 -49.94 -49.94 -49.94 -49.94 -49.91 -49.91 -49.88 -49.88 -49.88 -49.88 -49.84 -49.84 -49.84 -49.84 -49.81 -49.81 -49.78 -49.75 -49.69 -49.62 -49.56 -49.50 -49.41 -49.34 -49.28 -49.22 -49.19 -49.16 -49.12 -49.09 -49.09
-50.22 -50.22 -50.22 -50.22 -50.22 -50.22 -50.19 -50.19 -50.16 -50.12 -50.12 -50.12 -50.12 -50.16 -50.16 -50.19 -50.19 -50.19 -50.19 -50.19 -50.19 -50.19 -50.19 -50.19 -50.22 -50.22 -50.22 -50.25 -50.25 -50.25 -50.25 -50.25 -50.22 -50.22 -50.19 -50.16 -50.12 -50.09 -50.06 -50.03 -50.00 -50.00 -50.00 -50.00 -50.00 -49.97 -49.97 -49.97 -49.97 -49.94 -49.94 -49.94 -49.94 -49.91 -49.91 -49.88 -49.84 -49.78 -49.75 -49.69 -49.62 -49.56 -49.47 -49.41 -49.34 -49.28 -49.25 -49.22 -49.19 -49.19 -49.16
-50.28 -50.28 -50.28 -50.28 -50.28 -50.28 -50.25 -50.25 -50.22 -50.19 -50.19 -50.19 -50.19 -50.22 -50.22 -50.25 -50.25 -50.28 -50.28 -50.28 -50.28 -50.28 -50.28 -50.28 -50.28 -50.31 -50.31 -50.34 -50.34 -50.34 -50.34 -50.31 -50.31 -50.28 -50.25 -50.22 -50.19 -50.16 -50.12 -50.09 -50.09 -50.09 -50.09 -50.09 -50.06 -50.06 -50.06 -50.03 -50.03 -50.03 -50.03 -50.00 -50.00 -49.97 -49.97 -49.94 -49.91 -49.84 -49.81 -49.75 -49.69 -49.62 -49.53 -49.47 -49.41 -49.34 -49.31 -49.28 -49.25 -49.25 -49.25
-50.34 -50.34 -50.34 -50.34 -50.34 -50.34 -50.31 -50.31 -50.28 -50.25 -50.25 -50.25 -50.25 -50.28 -50.31 -50.31 -50.34 -50.34 -50.34 -50.34 -50.38 -50.38 -50.38 -50.38 -50.38 -50.38 -50.41 -50.41 -50.41 -50.41 -50.41 -50.41 -50.38 -50.34 -50.31 -50.28 -50.25 -50.22 -50.19 -50.19 -50.16 -50.16 -50.16 -50.16 -50.16 -50.16 -50.12 -50.12 -50.12 -50.12 -50.09 -50.09 -50.06 -50.06 -50.03 -50.00 -49.97 -49.91 -49.84 -49.78 -49.72 -49.66 -49.59 -49.50 -49.44 -49.41 -49.34 -49.34 -49.34 -49.31 -49.31
-50.44 -50.44 -50.44 -50.41 -50.41 -50.41 -50.38 -50.38 -50.34 -50.31 -50.31 -50.31 -50.31 -50.34 -50.38 -50.38 -50.41 -50.41 -50.44 -50.44 -50.44 -50.44 -50.44 -50.44 -50.47 -50.47 -50.47 -50.47 -50.47 -50.47 -50.47 -50.47 -50.44 -50.41 -50.38 -50.34 -50.31 -50.28 -50.28 -50.25 -50.25 -50.25 -50.25 -50.25 -50.22 -50.22 -50.22 -50.19 -50.19 -50.19 -50.19 -50.16 -50.12 -50.12 -50.09 -50.06 -50.00 -49.97 -49.91 -49.84 -49.75 -49.69 -49.62 -49.53 -49.50 -49.44 -49.41 -49.41 -49.41 -49.41 -49.41
-50.50 -50.50 -50.50 -50.50 -50.47 -50.47 -50.44 -50.44 -50.41 -50.38 -50.38 -50.38 -50.41 -50.41 -50.44 -50.44 -50.47 -50.47 -50.50 -50.50 -50.50 -50.53 -50.53 -50.53 -50.53 -50.53 -50.56 -50.56 -50.56 -50.56 -50.53 -50.53 -50.50 -50.47 -50.44 -50.41 -50.38 -50.34 -50.34 -50.31 -50.31 -50.31 -50.31 -50.31 -50.31 -50.28 -50.28 -50.25 -50.25 -50.25 -50.25 -50.22 -50.19 -50.19 -50.16 -50.09 -50.06 -50.00 -49.94 -49.84 -49.78 -49.72 -49.66 -49.59 -49.53 -49.50 -49.50 -49.50 -49.50 -49.50 -49.50
-50.56 -50.56 -50.56 -50.56 -50.56 -50.53 -50.53 -50.50 -50.47 -50.47 -50.47 -50.47 -50.47 -50.50 -50.50 -50.53 -50.53 -50.56 -50.56 -50.56 -50.59 -50.59 -50.59 -50.59 -50.59 -50.62 -50.62 -50.62 -50.62 -50.62 -50.59 -50.59 -50.56 -50.53 -50.50 -50.47 -50.44 -50.41 -50.41 -50.38 -50.38 -50.38 -50.38 -50.38 -50.38 -50.34 -50.34 -50.31 -50.31 -50.31 -50.28 -50.28 -50.25 -50.22 -50.19 -50.16 -50.09 -50.03 -49.97 -49.88 -49.81 -49.75 -49.69 -49.62 -49.59 -49.59 -49.56 -49.56 -49.56 -49.59 -49.59
-50.66 -50.66 -50.66 -50.66 -50.62 -50.62 -50.59 -50.56 -50.56 -50.53 -50.53 -50.53 -50.56 -50.56 -50.56 -50.59 -50.59 -50.62 -50.62 -50.62 -50.66 -50.66 -50.66 -50.66 -50.69 -50.69 -50.69 -50.69 -50.69 -50.69 -50.66 -50.66 -50.62 -50.59 -50.56 -50.53 -50.50 -50.47 -50.47 -50.44 -50.44 -50.44 -50.44 -50.44 -50.44 -50.41 -50.41 -50.38 -50.38 -50.34 -50.34 -50.31 -50.28 -50.25 -50.22 -50.16 -50.12 -50.06 -49.97 -49.91 -49.84 -49.78 -49.72 -49.69 -49.69 -49.66 -49.66 -49.66 -49.66 -49.69 -49.69
-50.72 -50.72 -50.72 -50.72 -50.72 -50.69 -50.69 -50.66 -50.62 -50.62 -50.62 -50.62 -50.62 -50.66 -50.66 -50.66 -50.66 -50.69 -50.69 -50.69 -50.69 -50.72 -50.72 -50.72 -50.75 -50.75 -50.75 -50.75 -50.75 -50.75 -50.72 -50.72 -50.69 -50.66 -50.62 -50.59 -50.56 -50.56 -50.53 -50.50 -50.50 -50.50 -50.50 -50.50 -50.50 -50.47 -50.47 -50.44 -50.44 -50.41 -50.38 -50.38 -50.34 -50.28 -50.25 -50.19 -50.16 -50.09 -50.00 -49.94 -49.88 -49.81 -49.78 -49.78 -49.75 -49.75 -49.75 -49.75 -49.75 -49.75 -49.78
-50.81 -50.81 -50.81 -50.81 -50.81 -50.78 -50.78 -50.75 -50.72 -50.72 -50.69 -50.72 -50.72 -50.72 -50.72 -50.72 -50.75 -50.75 -50.75 -50.75 -50.78 -50.78 -50.78 -50.81 -50.81 -50.81 -50.81 -50.81 -50.81 -50.81 -50.78 -50.78 -50.75 -50.72 -50.69 -50.66 -50.62 -50.62 -50.59 -50.56 -50.56 -50.56 -50.56 -50.56 -50.56 -50.53 -50.53 -50.50 -50.50 -50.47 -50.44 -50.41 -50.38 -50.34 -50.28 -50.22 -50.16 -50.09 -50.03 -49.97 -49.91 -49.88 -49.84 -49.84 -49.84 -49.84 -49.84 -49.84 -49.84 -49.84 -49.84
-50.88 -50.88 -50.88 -50.88 -50.88 -50.88 -50.84 -50.84 -50.81 -50.81 -50.78 -50.78 -50.78 -50.81 -50.81 -50.81 -50.81 -50.81 -50.81 -50.81 -50.84 -50.84 -50.84 -50.88 -50.88 -50.88 -50.88 -50.88 -50.88 -50.84 -50.84 -50.84 -50.81 -50.78 -50.75 -50.72 -50.69 -50.69 -50.66 -50.62 -50.62 -50.62 -50.62 -50.62 -50.59 -50.59 -50.59 -50.56 -50.56 -50.53 -50.50 -50.47 -50.41 -50.38 -50.31 -50.25 -50.19 -50.12 -50.06 -50.00 -49.97 -49.94 -49.94 -49.94 -49.94 -49.94 -49.94 -49.94 -49.91 -49.94 -49.94
-50.94 -50.94 -50.97 -50.97 -50.97 -50.94 -50.94 -50.94 -50.91 -50.91 -50.91 -50.88 -50.88 -50.88 -50.88 -50.88 -50.88 -50.88 -50.88 -50.91 -50.91 -50.91 -50.94 -50.94 -50.94 -50.94 -50.94 -50.94 -50.94 -50.91 -50.91 -50.88 -50.88 -50.84 -50.81 -50.78 -50.75 -50.72 -50.72 -50.69 -50.69 -50.69 -50.69 -50.66 -50.66 -50.66 -50.66 -50.62 -50.59 -50.56 -50.53 -50.50 -50.47 -50.41 -50.34 -50.28 -50.22 -50.16 -50.09 -50.06 -50.00 -50.00 -50.00 -50.00 -50.00 -50.03 -50.00 -50.00 -50.00 -50.00 -50.00
-51.03 -51.03 -51.03 -51.03 -51.03 -51.03 -51.03 -51.03 -51.00 -51.00 -51.00 -50.97 -50.97 -50.97 -50.97 -50.97 -50.97 -50.97 -50.97 -50.97 -50.97 -51.00 -51.00 -51.00 -51.00 -51.00 -51.00 -51.00 -50.97 -50.97 -50.97 -50.94 -50.94 -50.91 -50.88 -50.84 -50.81 -50.78 -50.78 -50.75 -50.75 -50.75 -50.72 -50.72 -50.72 -50.72 -50.69 -50.69 -50.66 -50.62 -50.59 -50.53 -50.50 -50.44 -50.38 -50.31 -50.25 -50.19 -50.12 -50.09 -50.06 -50.06 -50.06 -50.09 -50.09 -50.09 -50.09 -50.09 -50.06 -50.06 -50.06
