everonasctiles/Tile[23,37].asc
ncols 128
nrows 128
xllcorner 0
yllcorner 0
cellsize 2.0
NODATA_value  -9999
[rows 0 to 33 of 128, columns 0 to 76 of 128]
4.56 4.56 4.56 4.56 4.56 4.56 4.56 4.56 4.56 4.56 4.56 4.53 4.53 4.50 4.47 4.47 4.44 4.44 4.44 4.41 4.41 4.38 4.34 4.31 4.28 4.25 4.25 4.22 4.19 4.16 4.09 4.09 4.06 4.06 4.06 4.12 4.09 3.94 3.72 3.56 3.44 3.38 3.31 3.28 3.28 3.34 3.44 3.56 3.75 3.94 4.12 4.25 4.34 4.28 4.19 4.03 3.94 3.91 3.94 4.09 4.28 4.53 4.75 5.00 5.28 5.53 5.72 5.88 6.00 6.19 6.38 6.56 6.75 6.91 7.03 7.12 7.16
4.56 4.56 4.56 4.56 4.56 4.56 4.56 4.56 4.56 4.56 4.53 4.50 4.47 4.47 4.44 4.44 4.44 4.41 4.41 4.38 4.38 4.34 4.31 4.28 4.25 4.22 4.19 4.16 4.12 4.09 4.06 4.03 4.00 4.00 4.00 4.06 4.06 3.88 3.59 3.38 3.25 3.19 3.09 2.97 2.94 2.94 3.00 3.09 3.25 3.44 3.59 3.69 3.69 3.62 3.50 3.31 3.19 3.16 3.22 3.41 3.66 3.94 4.16 4.38 4.59 4.81 5.00 5.25 5.47 5.78 6.12 6.44 6.66 6.88 7.03 7.16 7.19
4.56 4.56 4.56 4.56 4.56 4.56 4.56 4.56 4.53 4.50 4.47 4.47 4.47 4.44 4.44 4.41 4.41 4.41 4.38 4.38 4.34 4.31 4.28 4.25 4.22 4.19 4.16 4.12 4.09 4.06 4.03 3.97 3.94 3.94 3.97 4.03 3.97 3.72 3.34 3.00 2.94 2.88 2.72 2.59 2.53 2.56 2.59 2.69 2.81 2.94 3.03 3.06 3.03 2.94 2.78 2.59 2.47 2.47 2.56 2.72 3.00 3.25 3.53 3.72 3.88 4.00 4.19 4.44 4.78 5.19 5.69 6.09 6.44 6.69 6.94 7.09 7.12
4.56 4.56 4.56 4.56 4.56 4.56 4.53 4.53 4.47 4.47 4.44 4.44 4.44 4.41 4.41 4.41 4.41 4.38 4.38 4.34 4.31 4.31 4.28 4.25 4.22 4.19 4.12 4.09 4.06 4.03 3.97 3.94 3.91 3.88 3.91 3.94 3.81 3.47 2.97 2.53 2.50 2.47 2.38 2.31 2.31 2.31 2.31 2.34 2.41 2.47 2.50 2.50 2.44 2.31 2.19 2.00 1.91 1.91 1.97 2.16 2.38 2.62 2.88 3.06 3.22 3.31 3.41 3.62 3.97 4.44 4.97 5.50 5.97 6.38 6.62 6.84 6.91
4.56 4.56 4.56 4.53 4.50 4.47 4.47 4.44 4.44 4.44 4.44 4.41 4.41 4.41 4.41 4.38 4.38 4.38 4.34 4.34 4.31 4.28 4.25 4.22 4.19 4.16 4.12 4.06 4.03 3.97 3.94 3.88 3.84 3.84 3.88 3.78 3.53 3.03 2.50 2.47 2.34 2.28 2.25 2.19 2.16 2.09 2.06 2.06 2.09 2.09 2.09 2.09 2.03 1.97 1.84 1.72 1.62 1.59 1.66 1.78 1.94 2.09 2.25 2.41 2.53 2.66 2.75 2.97 3.31 3.72 4.22 4.78 5.34 5.81 6.16 6.41 6.50
4.56 4.56 4.56 4.50 4.44 4.41 4.41 4.41 4.41 4.41 4.41 4.41 4.38 4.38 4.38 4.38 4.34 4.34 4.34 4.31 4.28 4.28 4.25 4.22 4.16 4.12 4.09 4.06 4.00 3.94 3.91 3.84 3.84 3.81 3.72 3.53 3.12 2.66 2.44 2.34 2.28 2.19 2.09 2.03 1.97 1.94 1.91 1.91 1.91 1.94 1.94 1.94 1.91 1.84 1.75 1.62 1.59 1.59 1.56 1.62 1.69 1.75 1.88 1.97 2.00 2.03 2.12 2.34 2.75 3.22 3.69 4.12 4.56 5.09 5.53 5.81 5.94
4.56 4.56 4.53 4.44 4.41 4.41 4.41 4.41 4.41 4.38 4.38 4.38 4.38 4.38 4.34 4.34 4.34 4.34 4.31 4.31 4.28 4.25 4.22 4.19 4.16 4.12 4.06 4.03 3.97 3.94 3.88 3.84 3.75 3.59 3.41 3.16 2.84 2.62 2.50 2.34 2.25 2.16 2.09 2.03 2.00 1.94 1.88 1.88 1.84 1.84 1.84 1.88 1.84 1.78 1.69 1.62 1.62 1.62 1.62 1.62 1.62 1.66 1.72 1.75 1.69 1.62 1.62 1.81 2.22 2.66 3.12 3.56 3.94 4.34 4.72 5.00 5.16
4.56 4.56 4.50 4.44 4.41 4.41 4.41 4.41 4.38 4.38 4.34 4.34 4.34 4.34 4.34 4.34 4.31 4.31 4.31 4.28 4.28 4.25 4.22 4.19 4.16 4.09 4.06 4.00 3.97 3.91 3.81 3.66 3.44 3.28 3.06 2.78 2.62 2.53 2.50 2.41 2.34 2.25 2.19 2.12 2.06 2.00 1.94 1.88 1.84 1.84 1.84 1.88 1.84 1.78 1.69 1.59 1.59 1.62 1.66 1.69 1.66 1.69 1.72 1.69 1.56 1.41 1.31 1.41 1.72 2.09 2.53 3.00 3.41 3.75 4.00 4.19 4.31
4.56 4.53 4.47 4.41 4.41 4.41 4.41 4.41 4.38 4.34 4.34 4.31 4.31 4.31 4.31 4.31 4.31 4.31 4.28 4.28 4.25 4.22 4.19 4.16 4.12 4.09 4.03 4.00 3.97 3.81 3.53 3.25 3.12 3.03 2.66 2.25 2.06 2.09 2.16 2.22 2.31 2.34 2.31 2.25 2.16 2.09 2.00 1.94 1.88 1.84 1.81 1.81 1.75 1.66 1.56 1.50 1.50 1.56 1.62 1.62 1.62 1.69 1.72 1.66 1.50 1.31 1.16 1.22 1.50 1.81 2.16 2.47 2.78 3.09 3.38 3.53 3.66
4.56 4.44 4.34 4.34 4.38 4.38 4.38 4.38 4.34 4.31 4.31 4.31 4.31 4.28 4.28 4.28 4.28 4.28 4.28 4.25 4.25 4.22 4.19 4.16 4.12 4.09 4.03 3.97 3.91 3.56 2.94 2.59 2.56 2.59 2.25 1.81 1.62 1.53 1.72 1.88 2.03 2.25 2.34 2.31 2.22 2.16 2.03 1.94 1.84 1.81 1.78 1.75 1.66 1.56 1.44 1.38 1.41 1.50 1.53 1.53 1.53 1.59 1.62 1.59 1.47 1.25 1.12 1.22 1.38 1.62 1.88 2.03 2.28 2.62 2.84 2.97 3.06
4.44 4.31 4.25 4.31 4.38 4.38 4.38 4.38 4.34 4.28 4.28 4.28 4.28 4.28 4.28 4.25 4.25 4.25 4.22 4.22 4.19 4.19 4.16 4.12 4.09 3.97 3.78 3.56 3.50 2.97 2.38 2.06 2.16 2.25 2.12 1.78 1.41 1.34 1.59 1.53 1.59 1.97 2.22 2.28 2.25 2.16 2.06 1.94 1.84 1.78 1.72 1.69 1.62 1.50 1.41 1.34 1.34 1.44 1.50 1.50 1.50 1.50 1.50 1.47 1.38 1.22 1.16 1.22 1.34 1.47 1.66 1.75 1.91 2.16 2.34 2.47 2.53
4.31 4.25 4.12 4.25 4.34 4.34 4.34 4.38 4.34 4.28 4.25 4.25 4.25 4.25 4.25 4.22 4.22 4.22 4.19 4.16 4.16 4.12 4.12 4.03 3.78 3.47 3.06 2.75 2.75 2.47 2.06 2.03 1.91 2.09 2.12 1.72 1.53 1.53 1.47 1.25 1.34 1.69 1.94 2.16 2.12 2.03 1.91 1.81 1.72 1.62 1.59 1.53 1.44 1.38 1.34 1.31 1.31 1.38 1.47 1.53 1.53 1.50 1.44 1.38 1.28 1.19 1.19 1.22 1.34 1.44 1.56 1.59 1.72 1.81 1.91 2.03 2.06
4.28 4.06 4.09 4.25 4.31 4.34 4.34 4.34 4.31 4.25 4.25 4.22 4.22 4.22 4.22 4.19 4.19 4.16 4.12 4.12 4.12 4.06 3.88 3.59 3.19 2.84 2.41 2.12 2.31 2.09 1.97 1.91 1.88 2.06 2.06 1.84 1.81 1.84 1.56 1.31 1.47 1.56 1.78 2.03 1.97 1.88 1.78 1.69 1.59 1.50 1.44 1.38 1.31 1.25 1.22 1.19 1.22 1.28 1.38 1.38 1.38 1.38 1.34 1.28 1.19 1.12 1.12 1.16 1.28 1.41 1.50 1.53 1.59 1.66 1.69 1.69 1.66
4.03 4.06 4.16 4.22 4.28 4.28 4.31 4.34 4.31 4.25 4.22 4.19 4.19 4.19 4.19 4.16 4.12 4.09 4.09 4.06 3.91 3.75 3.50 3.12 2.72 2.44 2.03 1.88 1.91 1.97 1.97 1.97 1.81 1.84 1.84 1.81 1.81 1.84 1.75 1.62 1.59 1.69 1.81 1.94 1.84 1.75 1.66 1.56 1.47 1.38 1.31 1.25 1.22 1.16 1.12 1.09 1.09 1.16 1.22 1.25 1.25 1.25 1.19 1.16 1.09 1.06 1.06 1.12 1.22 1.31 1.41 1.44 1.53 1.53 1.53 1.50 1.47
4.03 4.06 4.16 4.19 4.22 4.25 4.28 4.28 4.38 4.25 4.19 4.16 4.16 4.16 4.12 4.09 4.09 4.06 4.03 3.72 3.53 3.44 3.25 2.78 2.47 2.16 2.00 1.88 1.84 1.91 2.03 1.97 1.75 1.62 1.53 1.56 1.59 1.66 1.72 1.75 1.78 1.88 1.88 1.81 1.72 1.66 1.56 1.47 1.38 1.28 1.19 1.12 1.09 1.06 1.03 1.00 0.97 0.97 1.03 1.09 1.12 1.09 1.03 0.97 0.94 0.97 1.03 1.12 1.25 1.31 1.38 1.41 1.44 1.44 1.41 1.38 1.41
4.00 4.06 4.12 4.16 4.19 4.22 4.22 4.16 4.44 4.28 4.16 4.12 4.09 4.09 4.06 4.03 4.03 3.97 3.59 3.34 3.25 3.22 3.00 2.66 2.16 2.03 2.06 2.03 1.91 1.91 1.88 1.75 1.50 1.41 1.31 1.38 1.41 1.50 1.62 1.78 1.88 1.91 1.78 1.69 1.59 1.50 1.41 1.34 1.25 1.19 1.09 1.03 1.00 0.97 0.97 0.97 0.97 0.97 0.97 0.97 0.97 0.94 0.88 0.84 0.81 0.88 0.97 1.12 1.25 1.34 1.34 1.34 1.28 1.31 1.31 1.34 1.34
3.97 4.03 4.06 4.09 4.12 4.16 4.12 4.06 4.47 4.28 4.12 4.03 4.00 4.00 3.97 4.00 3.91 3.53 3.28 3.19 3.09 2.91 2.72 2.41 2.06 1.97 2.00 1.94 1.84 1.75 1.66 1.56 1.38 1.28 1.22 1.25 1.31 1.44 1.56 1.72 1.78 1.78 1.66 1.56 1.47 1.38 1.28 1.19 1.12 1.06 1.00 0.97 0.97 0.97 1.00 1.06 1.06 1.06 1.03 1.00 0.94 0.84 0.78 0.75 0.78 0.88 0.97 1.12 1.25 1.31 1.31 1.25 1.19 1.19 1.19 1.22 1.25
3.97 4.00 4.03 4.06 4.09 4.09 4.06 4.03 4.47 4.25 4.06 3.97 3.94 3.91 3.97 3.88 3.38 3.19 3.09 3.00 2.88 2.62 2.41 2.19 1.97 1.84 1.81 1.69 1.62 1.56 1.47 1.38 1.25 1.16 1.16 1.25 1.34 1.44 1.56 1.66 1.69 1.62 1.53 1.41 1.31 1.22 1.16 1.09 1.06 1.00 0.97 0.97 1.00 1.06 1.12 1.19 1.19 1.19 1.12 1.03 0.94 0.84 0.78 0.75 0.84 0.94 1.09 1.22 1.31 1.38 1.34 1.25 1.16 1.06 1.03 1.06 1.09
3.91 3.94 4.00 4.03 4.03 4.03 4.03 4.06 4.44 4.19 4.03 3.91 3.88 3.91 3.81 3.41 3.16 3.03 2.88 2.75 2.62 2.38 2.19 2.03 1.81 1.62 1.69 1.56 1.53 1.31 1.19 1.16 1.22 1.22 1.25 1.34 1.50 1.56 1.62 1.62 1.56 1.47 1.38 1.28 1.22 1.16 1.12 1.09 1.09 1.09 1.09 1.09 1.12 1.19 1.25 1.31 1.31 1.31 1.25 1.12 1.03 0.91 0.84 0.88 0.94 1.06 1.19 1.28 1.31 1.34 1.34 1.22 1.09 0.97 0.91 0.94 0.94
3.88 3.91 3.94 3.97 4.03 4.06 4.12 4.25 4.34 4.12 3.94 3.81 3.72 3.66 3.47 3.22 2.97 2.94 2.69 2.53 2.44 2.25 2.06 1.88 1.62 1.47 1.62 1.53 1.28 1.12 1.03 1.06 1.12 1.25 1.38 1.47 1.56 1.62 1.59 1.53 1.44 1.38 1.31 1.25 1.19 1.16 1.16 1.19 1.19 1.22 1.22 1.25 1.28 1.31 1.34 1.41 1.41 1.34 1.28 1.16 1.06 0.94 0.91 0.91 1.00 1.12 1.22 1.28 1.31 1.28 1.25 1.16 1.00 0.88 0.84 0.84 0.84
3.88 3.88 3.91 3.94 4.00 4.09 4.22 4.25 4.28 4.03 3.84 3.69 3.50 3.25 3.19 2.91 2.72 2.59 2.44 2.34 2.28 2.16 1.97 1.75 1.47 1.22 1.22 1.47 0.97 0.94 0.91 0.97 1.12 1.28 1.34 1.41 1.47 1.53 1.47 1.41 1.34 1.28 1.25 1.25 1.22 1.22 1.25 1.28 1.31 1.34 1.34 1.38 1.38 1.41 1.41 1.41 1.38 1.31 1.22 1.12 1.03 0.94 0.91 0.91 1.00 1.12 1.22 1.25 1.25 1.25 1.19 1.09 0.94 0.81 0.72 0.72 0.75
3.91 3.91 3.91 3.91 3.91 4.19 4.34 4.38 4.16 3.88 3.69 3.53 3.31 2.97 2.78 2.62 2.50 2.38 2.22 2.12 2.12 2.00 1.88 1.59 1.31 1.09 1.12 1.22 1.22 0.91 0.84 0.91 0.97 1.03 1.09 1.19 1.28 1.34 1.34 1.28 1.25 1.22 1.22 1.22 1.22 1.28 1.31 1.34 1.38 1.41 1.41 1.41 1.41 1.38 1.38 1.31 1.28 1.19 1.12 1.03 0.94 0.88 0.84 0.84 0.94 1.00 1.09 1.12 1.16 1.12 1.06 0.94 0.81 0.69 0.62 0.59 0.66
3.91 3.91 3.91 3.91 3.91 4.16 4.22 4.25 3.91 3.66 3.50 3.34 3.19 2.69 2.44 2.31 2.28 2.22 2.06 1.97 1.97 1.91 1.78 1.53 1.31 1.12 1.03 1.00 1.16 1.09 0.69 0.69 0.72 0.81 0.94 1.06 1.16 1.22 1.19 1.16 1.12 1.12 1.16 1.16 1.19 1.25 1.31 1.34 1.34 1.34 1.34 1.31 1.28 1.25 1.22 1.16 1.09 1.03 0.94 0.84 0.75 0.72 0.69 0.72 0.78 0.88 0.94 0.97 0.97 0.91 0.84 0.75 0.66 0.53 0.50 0.50 0.53
3.91 3.91 3.91 3.91 3.91 4.19 4.19 3.91 3.62 3.41 3.25 3.09 2.84 2.56 2.22 2.09 2.09 2.09 1.94 1.84 1.84 1.88 1.78 1.56 1.34 1.25 1.12 0.94 0.88 0.72 0.59 0.56 0.59 0.69 0.88 0.97 1.03 1.06 1.06 1.03 1.00 1.00 1.03 1.06 1.09 1.16 1.22 1.25 1.25 1.22 1.19 1.16 1.09 1.03 0.97 0.91 0.81 0.72 0.66 0.62 0.56 0.56 0.56 0.59 0.66 0.75 0.78 0.78 0.75 0.69 0.62 0.56 0.47 0.41 0.38 0.38 0.38
3.91 3.91 3.91 3.91 4.12 4.22 3.91 3.56 3.31 3.09 2.94 2.72 2.50 2.38 2.16 1.91 1.88 1.91 1.81 1.78 1.78 1.88 1.81 1.59 1.41 1.28 1.06 0.84 0.69 0.53 0.53 0.56 0.62 0.75 0.88 0.91 0.97 0.94 0.91 0.88 0.84 0.88 0.88 0.88 0.94 1.00 1.03 1.09 1.09 1.03 0.97 0.91 0.81 0.75 0.66 0.59 0.50 0.44 0.41 0.38 0.38 0.38 0.41 0.44 0.50 0.53 0.56 0.53 0.50 0.44 0.38 0.34 0.31 0.28 0.25 0.25 0.22
3.91 3.91 3.91 4.38 4.22 3.94 3.53 3.22 3.00 2.81 2.66 2.47 2.25 2.22 1.94 1.72 1.56 1.59 1.66 1.69 1.78 1.91 1.78 1.59 1.38 1.19 1.00 0.81 0.62 0.59 0.66 0.72 0.75 0.84 0.91 0.91 0.84 0.78 0.75 0.72 0.69 0.69 0.69 0.69 0.75 0.78 0.81 0.81 0.81 0.75 0.69 0.59 0.50 0.41 0.31 0.22 0.16 0.12 0.09 0.09 0.09 0.12 0.19 0.22 0.25 0.25 0.25 0.22 0.16 0.12 0.09 0.09 0.12 0.09 0.09 0.06 0.06
4.09 4.09 3.97 3.91 3.78 3.50 3.16 2.88 2.69 2.53 2.44 2.31 1.97 1.88 1.56 1.41 1.38 1.47 1.56 1.66 1.75 1.84 1.72 1.50 1.31 1.12 0.94 0.81 0.75 0.75 0.81 0.91 0.94 0.91 0.88 0.78 0.69 0.62 0.56 0.53 0.50 0.50 0.50 0.50 0.50 0.50 0.50 0.50 0.47 0.41 0.34 0.25 0.16 0.06 -0.03 -0.09 -0.16 -0.19 -0.19 -0.16 -0.12 -0.09 -0.06 -0.03 -0.03 -0.03 -0.03 -0.06 -0.12 -0.12 -0.12 -0.09 -0.06 -0.09 -0.12 -0.12 -0.16
3.84 3.91 3.81 3.72 3.47 3.06 2.78 2.53 2.34 2.25 2.22 2.12 1.78 1.53 1.31 1.25 1.28 1.41 1.53 1.62 1.72 1.69 1.59 1.44 1.25 1.12 1.00 0.91 0.88 0.88 0.94 0.94 0.88 0.78 0.69 0.59 0.53 0.44 0.41 0.34 0.31 0.28 0.28 0.25 0.22 0.19 0.19 0.16 0.12 0.06 0.00 -0.06 -0.12 -0.22 -0.28 -0.34 -0.38 -0.38 -0.38 -0.34 -0.31 -0.31 -0.28 -0.28 -0.28 -0.31 -0.31 -0.34 -0.38 -0.38 -0.34 -0.28 -0.25 -0.31 -0.34 -0.38 -0.41
3.62 3.66 3.62 3.50 3.19 2.81 2.50 2.12 1.97 1.91 1.88 1.69 1.50 1.28 1.25 1.31 1.38 1.47 1.50 1.56 1.59 1.53 1.44 1.34 1.22 1.09 1.00 0.97 0.94 0.94 0.88 0.81 0.72 0.62 0.53 0.44 0.38 0.28 0.22 0.16 0.12 0.09 0.06 0.00 -0.03 -0.06 -0.12 -0.16 -0.19 -0.25 -0.28 -0.31 -0.38 -0.41 -0.47 -0.47 -0.47 -0.47 -0.47 -0.47 -0.47 -0.47 -0.47 -0.50 -0.53 -0.53 -0.56 -0.56 -0.56 -0.53 -0.50 -0.44 -0.44 -0.50 -0.53 -0.59 -0.59
3.38 3.44 3.25 3.00 2.75 2.50 2.16 1.78 1.59 1.44 1.41 1.41 1.41 1.28 1.31 1.38 1.44 1.41 1.41 1.44 1.41 1.38 1.28 1.22 1.12 1.06 1.00 0.94 0.88 0.81 0.72 0.66 0.56 0.47 0.38 0.31 0.22 0.16 0.06 0.00 -0.06 -0.09 -0.12 -0.19 -0.25 -0.28 -0.34 -0.38 -0.41 -0.44 -0.47 -0.50 -0.50 -0.50 -0.53 -0.53 -0.56 -0.56 -0.56 -0.59 -0.59 -0.62 -0.62 -0.62 -0.66 -0.66 -0.66 -0.66 -0.66 -0.62 -0.59 -0.56 -0.59 -0.62 -0.69 -0.75 -0.78
3.06 3.03 2.81 2.53 2.19 1.84 1.66 1.47 1.31 1.16 1.19 1.25 1.38 1.38 1.41 1.44 1.38 1.31 1.28 1.28 1.25 1.19 1.12 1.06 1.00 0.94 0.88 0.81 0.72 0.66 0.56 0.50 0.41 0.31 0.25 0.16 0.09 0.00 -0.06 -0.12 -0.19 -0.25 -0.31 -0.34 -0.41 -0.44 -0.47 -0.50 -0.50 -0.53 -0.53 -0.56 -0.56 -0.56 -0.59 -0.59 -0.59 -0.62 -0.62 -0.66 -0.66 -0.69 -0.69 -0.69 -0.72 -0.72 -0.75 -0.75 -0.75 -0.72 -0.72 -0.72 -0.75 -0.81 -0.84 -0.91 -0.94
2.91 2.75 2.53 2.25 1.91 1.53 1.34 1.25 1.12 1.03 1.19 1.31 1.50 1.47 1.38 1.31 1.22 1.19 1.16 1.12 1.09 1.03 1.00 0.94 0.88 0.81 0.78 0.72 0.62 0.53 0.44 0.34 0.25 0.16 0.09 0.03 -0.06 -0.12 -0.19 -0.25 -0.31 -0.38 -0.41 -0.47 -0.50 -0.53 -0.56 -0.59 -0.59 -0.59 -0.62 -0.62 -0.62 -0.62 -0.66 -0.66 -0.66 -0.69 -0.69 -0.72 -0.72 -0.75 -0.75 -0.78 -0.78 -0.81 -0.81 -0.84 -0.84 -0.84 -0.84 -0.88 -0.91 -0.97 -1.00 -1.06 -1.09
2.78 2.62 2.44 2.16 1.81 1.50 1.25 1.06 1.00 1.09 1.25 1.41 1.50 1.38 1.28 1.19 1.12 1.06 1.03 1.00 0.94 0.91 0.84 0.81 0.78 0.72 0.69 0.62 0.56 0.44 0.31 0.22 0.09 0.03 -0.06 -0.12 -0.19 -0.25 -0.31 -0.38 -0.41 -0.47 -0.53 -0.56 -0.59 -0.62 -0.66 -0.69 -0.69 -0.69 -0.69 -0.69 -0.69 -0.72 -0.72 -0.72 -0.72 -0.75 -0.75 -0.78 -0.78 -0.81 -0.81 -0.84 -0.88 -0.88 -0.91 -0.94 -0.94 -0.97 -1.00 -1.03 -1.06 -1.09 -1.16 -1.19 -1.22
2.66 2.47 2.34 2.22 1.91 1.62 1.38 1.22 1.16 1.16 1.31 1.47 1.38 1.28 1.19 1.09 1.03 0.97 0.94 0.88 0.81 0.75 0.72 0.69 0.66 0.59 0.56 0.50 0.47 0.38 0.25 0.09 0.00 -0.12 -0.19 -0.25 -0.31 -0.38 -0.44 -0.47 -0.53 -0.59 -0.62 -0.69 -0.72 -0.75 -0.75 -0.75 -0.78 -0.78 -0.78 -0.78 -0.78 -0.78 -0.78 -0.78 -0.78 -0.81 -0.81 -0.84 -0.84 -0.88 -0.91 -0.91 -0.94 -0.97 -1.00 -1.03 -1.06 -1.12 -1.16 -1.19 -1.22 -1.25 -1.28 -1.31 -1.34
