everonasctiles/Tile[39,8].asc
ncols 128
nrows 128
xllcorner 0
yllcorner 0
cellsize 2.0
NODATA_value  -9999
[rows 32 to 63 of 128, columns 0 to 70 of 128]
308.91 308.44 307.62 306.88 306.03 305.00 303.72 302.41 300.72 299.06 297.69 296.50 295.56 294.56 293.84 293.34 292.31 291.28 290.81 290.25 288.81 286.03 284.94 283.66 282.69 281.62 281.06 280.50 279.38 278.19 275.66 272.81 272.31 271.78 271.03 270.47 270.16 269.56 268.88 268.03 267.25 266.25 265.34 264.75 263.78 262.78 261.59 260.25 258.88 257.12 255.88 254.56 253.66 252.47 251.94 251.62 250.44 249.38 248.34 247.41 246.62 245.88 245.25 243.97 243.03 242.62 242.75 242.25 240.81 239.50 238.69
308.47 308.03 307.84 306.75 306.19 305.69 304.25 302.91 301.94 300.75 299.22 297.84 296.44 295.47 294.88 294.03 292.56 292.12 291.75 290.84 288.81 287.03 285.59 284.50 283.56 282.72 281.88 281.09 280.16 278.12 276.28 273.69 272.44 271.62 271.25 271.09 270.50 269.94 269.09 268.31 267.47 266.41 265.56 264.66 263.84 262.84 261.69 260.31 258.31 257.09 256.09 255.09 254.09 253.06 252.41 251.34 251.16 249.97 248.84 247.91 247.12 246.31 245.41 244.03 242.50 242.41 242.50 241.56 239.97 238.69 237.28
308.03 307.72 307.53 306.84 306.25 305.66 304.62 303.53 303.28 301.75 300.25 299.47 298.44 297.06 296.78 295.97 295.19 294.09 292.84 291.28 289.66 288.69 287.22 285.50 284.91 284.03 283.31 282.00 280.78 278.59 276.84 276.09 275.09 273.28 271.94 271.38 270.81 270.00 269.16 268.50 267.47 266.56 265.72 264.91 263.81 262.84 261.69 260.19 258.06 257.62 256.59 255.56 254.53 253.41 252.34 251.47 250.84 249.94 249.03 248.09 247.22 246.41 245.44 244.50 242.16 242.16 242.19 240.66 239.25 237.78 236.56
307.62 307.38 307.19 306.94 306.44 305.88 305.09 304.25 303.69 302.38 301.56 301.00 299.94 298.91 298.44 297.56 296.31 295.94 294.88 292.59 291.62 290.28 288.59 287.03 286.38 285.66 284.81 283.53 281.69 279.66 279.00 277.59 276.03 274.44 272.88 271.88 271.06 270.06 269.03 268.16 267.31 266.53 265.81 264.94 263.72 262.22 261.31 260.06 258.44 258.22 257.12 256.34 254.69 253.09 252.34 251.34 250.59 249.88 249.16 248.06 247.22 246.38 245.50 244.50 242.00 241.94 241.94 240.25 238.88 237.78 236.56
307.12 307.12 306.88 306.59 306.16 305.62 305.09 304.62 304.16 303.69 302.25 301.75 300.91 300.34 299.72 298.41 297.72 297.72 297.53 295.31 294.44 293.25 291.31 289.12 287.59 286.75 285.94 284.88 283.56 282.06 280.47 278.72 276.91 275.12 273.50 272.31 271.34 270.19 269.06 268.28 267.47 266.62 265.81 265.03 263.88 262.38 261.19 260.22 258.88 258.91 258.84 257.88 255.00 253.56 252.31 251.00 250.00 249.56 248.78 247.94 247.09 246.22 245.25 244.28 241.97 241.78 241.75 240.25 239.44 238.19 236.91
305.84 306.75 306.66 306.38 305.97 305.50 305.09 304.69 304.25 303.88 303.53 302.41 301.09 300.69 300.09 299.16 298.94 299.16 299.12 297.59 296.69 295.91 293.09 290.44 288.66 287.84 287.19 286.19 284.78 283.16 281.31 279.31 277.25 275.31 273.19 272.75 271.72 270.66 269.72 268.66 267.66 266.97 266.31 265.28 263.94 262.41 261.38 260.66 259.28 259.28 259.22 257.16 255.66 254.06 252.22 250.84 250.00 249.19 248.50 247.91 246.88 245.88 244.78 244.00 242.00 241.59 241.56 240.44 239.28 238.22 237.00
303.97 305.41 306.38 306.16 305.75 305.41 305.00 304.59 304.16 303.75 303.38 302.97 302.56 301.28 299.97 299.53 299.53 299.72 299.66 299.03 297.91 296.41 293.97 291.69 290.19 289.16 288.53 287.78 286.38 284.09 282.19 278.97 277.03 275.16 273.81 273.22 272.19 271.28 270.38 269.34 268.38 267.69 266.72 265.62 264.31 262.88 262.06 261.34 259.44 259.47 259.44 257.22 256.34 254.69 252.72 251.69 250.31 249.00 248.22 247.56 246.34 245.22 244.59 243.72 242.06 241.44 241.41 240.81 239.25 238.19 237.16
301.59 302.94 304.19 305.50 305.72 305.16 304.78 304.44 304.06 303.66 303.25 302.84 302.47 302.06 301.66 301.16 300.25 300.06 300.00 299.72 298.88 297.16 295.22 293.56 291.72 291.12 288.88 288.06 287.69 285.28 281.62 278.94 277.09 275.62 274.66 273.72 272.69 271.62 270.62 269.59 268.81 267.78 266.75 265.69 264.56 263.53 262.44 261.59 259.50 259.47 259.47 257.88 256.75 255.25 253.56 252.09 250.69 249.31 248.16 247.25 246.28 245.28 244.31 243.34 242.47 241.28 241.25 240.88 238.88 237.94 236.75
300.06 301.12 302.03 303.00 303.62 303.53 303.81 302.84 301.78 302.56 303.06 302.72 302.34 301.94 301.56 301.19 300.78 300.44 300.12 299.94 299.66 299.28 298.75 296.47 293.69 292.78 290.81 289.00 287.72 285.91 283.16 280.56 278.38 276.81 275.28 273.62 272.88 271.94 271.00 269.97 269.16 268.09 267.12 266.00 264.84 263.75 262.75 261.81 259.50 259.50 259.50 258.16 256.97 255.56 254.00 252.19 250.81 249.50 248.12 247.09 246.22 245.50 244.34 243.31 242.47 241.12 241.09 241.00 239.03 237.84 236.59
298.19 299.12 299.81 300.53 301.81 302.22 302.03 301.03 301.91 301.62 302.34 302.47 302.28 301.81 301.44 301.06 300.69 300.41 300.16 299.94 299.59 299.03 298.41 297.72 297.06 294.94 292.28 290.50 288.72 286.81 284.41 282.00 279.69 277.50 276.06 274.59 272.81 272.12 271.25 270.62 269.62 268.53 267.38 266.06 264.91 263.78 262.78 261.88 259.47 259.41 259.41 258.31 257.19 255.84 253.88 252.19 250.91 249.72 248.12 247.12 246.34 245.53 244.50 243.62 242.72 241.00 240.97 240.94 239.12 237.88 236.53
296.16 297.00 297.75 298.19 298.62 298.78 299.22 299.72 299.59 299.62 300.72 301.31 301.72 302.12 301.41 301.25 300.91 300.59 300.19 299.91 299.44 298.62 297.94 297.25 296.59 295.97 293.56 291.44 289.72 287.59 285.38 283.16 280.88 278.78 277.28 275.31 272.91 272.41 271.72 271.06 269.91 268.78 267.50 265.97 264.50 263.59 262.62 261.72 259.44 259.34 259.34 258.34 257.38 255.81 253.84 252.62 251.22 249.72 248.44 247.38 246.38 245.41 244.56 243.72 242.94 241.06 240.84 240.84 239.34 237.91 236.50
292.97 294.16 295.44 295.50 295.62 296.22 297.19 298.12 298.41 298.75 299.19 299.56 299.97 300.25 300.41 300.25 299.97 299.41 298.94 298.91 298.91 298.06 297.25 296.66 295.97 295.31 294.66 291.22 290.12 287.81 286.03 284.09 281.97 280.53 278.69 276.50 273.34 272.78 272.59 271.53 270.22 268.69 267.31 265.53 264.06 263.28 262.25 261.31 259.38 259.28 259.28 258.31 257.25 255.59 254.06 252.84 251.44 249.75 248.59 247.41 246.31 245.31 244.44 243.69 242.91 241.25 240.75 240.72 239.62 237.88 236.41
290.53 291.28 292.28 292.69 292.94 293.03 295.16 296.09 296.62 297.00 297.34 297.69 298.00 298.22 298.00 298.09 297.97 297.53 297.31 296.75 295.97 295.78 295.41 295.38 295.38 294.72 294.03 293.09 290.00 287.69 287.06 284.81 283.62 281.97 280.31 278.34 275.56 273.59 273.19 272.09 270.31 268.78 267.50 266.12 264.47 263.12 261.66 260.94 259.34 259.19 259.19 257.97 256.94 255.47 254.19 253.00 251.34 249.78 248.31 246.75 245.66 245.03 244.38 243.53 242.75 240.91 240.81 240.78 239.38 237.78 236.28
288.16 288.69 290.09 290.91 291.19 291.50 292.66 293.44 294.19 294.09 294.72 294.97 295.44 294.81 294.34 295.81 295.75 295.50 295.38 294.69 294.47 294.69 294.22 293.88 294.19 294.09 293.44 292.81 292.09 289.53 287.84 287.19 286.47 283.69 281.78 280.19 278.38 275.81 274.00 271.81 270.22 268.72 267.50 266.19 264.62 263.03 261.69 260.75 259.31 259.16 259.16 257.91 256.94 255.81 254.72 252.97 251.25 249.75 248.06 246.31 245.25 244.56 244.03 243.50 242.69 240.94 240.91 240.91 239.31 237.72 236.22
286.19 286.00 286.84 288.62 289.31 289.69 290.59 291.22 291.59 291.97 292.25 292.00 291.94 291.97 292.53 293.66 293.69 293.38 292.97 292.53 292.59 292.81 292.62 292.69 293.19 293.25 292.84 292.28 291.69 291.28 290.34 288.75 287.53 286.69 284.44 282.03 279.53 277.34 275.22 273.16 270.78 268.72 267.53 266.19 264.91 263.22 261.84 260.69 259.38 259.12 259.12 258.06 256.78 255.91 254.44 253.00 251.56 250.19 248.62 247.06 245.62 244.69 244.12 243.47 242.56 241.09 241.06 241.00 239.47 238.00 236.41
285.59 285.50 285.28 285.88 286.22 286.34 286.88 288.72 289.09 289.25 289.78 290.06 290.19 290.81 291.72 291.97 291.91 291.59 291.06 290.44 290.41 291.16 291.34 291.75 292.06 292.44 292.28 291.72 291.31 291.00 290.69 289.78 288.16 287.59 285.72 282.44 280.12 278.69 276.28 274.25 271.50 269.16 267.50 266.34 265.12 263.59 262.12 260.81 259.59 259.12 259.12 258.44 256.91 255.94 254.78 253.53 252.06 250.91 249.72 248.47 247.09 245.34 244.16 243.44 242.50 241.22 241.22 241.22 240.97 238.56 236.84
284.41 284.53 283.91 284.09 284.06 284.38 284.66 285.41 285.97 286.19 286.44 287.12 288.81 289.75 290.06 290.38 290.25 290.09 287.88 287.94 288.34 289.06 289.56 289.88 290.38 291.38 291.81 291.66 291.03 290.72 290.41 290.09 289.34 288.12 286.31 284.25 281.94 279.81 277.38 275.25 271.66 269.38 267.44 266.50 265.25 263.84 262.28 261.00 259.94 259.16 259.16 258.97 257.47 256.34 255.09 254.19 253.16 251.84 250.78 249.50 247.97 246.50 245.09 243.81 242.72 241.25 241.22 241.25 240.78 239.03 237.34
282.81 282.75 282.12 281.59 281.22 282.00 281.94 283.22 284.12 284.72 284.69 285.19 286.78 287.94 288.44 288.69 288.53 288.19 286.28 286.31 286.66 287.47 287.78 287.62 287.84 289.66 290.12 290.19 290.59 290.44 290.09 289.75 289.38 288.34 286.69 284.84 282.88 280.62 278.31 276.12 271.22 269.16 267.56 266.56 265.16 263.72 262.38 261.06 260.22 259.19 259.22 259.25 258.44 257.03 256.22 255.38 254.34 253.19 252.00 250.22 248.94 247.72 246.16 244.53 243.41 241.88 241.25 241.25 241.12 239.44 237.94
280.81 280.62 279.91 278.62 278.59 278.75 279.03 280.25 282.00 282.75 282.97 283.66 285.09 286.19 286.75 286.97 286.78 286.25 285.34 284.78 285.00 285.81 285.88 285.62 286.34 287.53 287.78 288.50 289.56 289.72 289.72 289.38 289.03 288.44 287.00 285.28 283.47 281.38 278.94 276.59 272.25 269.69 267.62 266.59 264.78 263.41 262.00 261.19 260.50 259.69 259.31 259.34 259.12 257.91 257.00 256.09 255.09 254.06 252.94 251.22 249.91 248.50 246.94 245.38 244.03 242.88 241.28 241.31 241.34 240.25 238.69
278.50 278.38 277.84 276.91 276.53 277.09 277.50 278.00 278.72 279.75 280.28 281.38 283.41 284.44 285.12 285.28 285.00 284.62 283.84 283.03 283.44 284.22 284.53 284.66 284.97 285.12 286.03 287.28 288.31 288.69 289.03 289.00 288.47 287.56 286.50 285.81 283.97 281.94 279.59 277.09 274.19 269.66 266.97 266.00 264.44 263.19 262.00 261.50 260.72 260.53 259.41 259.44 259.47 258.44 257.56 256.62 255.59 254.69 253.56 252.16 250.72 249.19 247.56 245.91 244.41 242.97 241.31 241.41 241.47 241.16 239.31
276.16 276.00 275.91 275.06 273.72 275.16 275.59 275.94 276.84 277.44 278.12 279.19 281.28 282.78 283.50 283.56 283.28 283.03 282.44 280.97 282.09 282.62 282.97 283.12 283.09 283.66 284.53 285.97 286.84 287.50 288.03 288.25 287.53 286.41 285.19 284.19 284.16 282.06 279.72 277.38 274.25 269.56 266.50 265.94 264.66 263.31 262.19 261.66 261.25 261.19 259.72 259.53 259.62 259.16 258.09 257.09 255.84 255.06 254.09 252.72 251.34 249.62 248.38 245.28 244.03 242.84 241.19 241.50 241.56 241.62 239.59
273.59 273.56 272.88 272.22 271.53 272.28 272.94 272.81 274.84 275.84 277.03 278.25 279.69 281.09 281.75 281.69 281.50 280.16 278.91 279.66 280.75 280.88 280.91 280.38 280.91 281.84 283.09 284.38 285.50 286.31 286.75 287.22 287.16 285.06 283.84 282.94 282.88 281.81 279.47 277.62 275.00 270.31 267.09 265.78 265.09 263.69 262.72 261.91 261.75 261.62 260.72 259.81 259.91 259.78 258.41 257.41 256.31 255.62 254.69 253.19 251.66 249.94 247.84 245.31 244.50 243.50 241.59 241.38 241.78 241.91 240.75
271.19 271.06 270.50 270.25 270.56 271.47 271.56 271.75 272.81 273.41 275.50 276.91 278.28 279.34 279.84 279.66 278.75 277.91 277.78 278.25 278.78 278.84 278.78 278.50 278.88 279.78 281.31 283.19 284.28 285.09 285.62 286.66 286.62 285.44 282.62 281.81 281.28 281.31 278.88 277.22 275.03 271.00 268.78 265.88 265.28 264.50 263.28 262.50 262.19 262.16 261.62 260.12 260.25 260.34 258.78 257.97 257.09 256.31 255.44 253.94 252.34 250.66 248.88 247.00 245.84 244.53 243.03 242.03 242.44 242.50 241.91
269.31 269.12 269.03 268.72 269.16 270.31 270.75 270.84 271.59 271.88 273.03 275.47 276.69 277.59 277.91 277.66 277.06 276.38 276.28 276.78 276.78 277.12 277.38 277.12 277.69 278.41 281.12 282.09 283.06 283.91 285.12 285.56 285.69 285.12 281.97 281.03 280.81 280.69 279.16 277.72 275.44 272.03 270.19 266.78 265.56 265.03 264.12 263.62 263.28 262.78 262.16 260.75 260.78 260.88 259.53 258.62 257.75 256.94 256.06 254.50 252.88 251.12 250.03 248.72 247.47 246.06 244.53 243.69 243.34 243.41 242.94
267.47 266.78 266.78 267.09 267.50 269.34 269.59 269.84 270.81 271.28 271.88 273.88 275.03 275.75 275.91 275.88 274.94 273.97 274.56 274.75 275.22 275.62 275.84 276.00 276.81 278.00 280.22 281.12 281.84 282.59 283.91 283.97 284.06 283.81 282.12 280.47 280.25 280.16 279.38 277.91 275.78 273.22 270.59 267.84 266.47 265.50 265.06 264.78 264.09 263.41 262.69 261.38 261.28 261.41 260.47 259.25 258.31 257.41 256.59 255.00 253.25 252.03 251.00 249.94 248.28 247.25 245.91 244.97 244.22 244.31 244.06
265.00 265.16 265.62 265.88 266.12 267.59 268.53 268.94 270.09 270.84 271.53 272.56 273.38 273.88 273.97 273.34 272.22 272.81 272.75 272.91 273.00 273.66 274.09 274.75 275.91 277.78 279.34 280.25 280.69 280.84 282.19 282.44 282.75 282.62 281.75 280.16 279.97 279.84 279.19 278.06 276.16 273.66 271.12 269.41 267.69 266.91 266.28 265.56 264.81 263.94 262.62 261.84 261.81 261.91 261.53 260.06 258.84 257.97 257.00 255.91 254.62 253.03 251.62 250.66 249.34 248.03 246.94 245.84 245.03 245.09 245.06
264.00 264.38 264.66 264.84 264.91 265.69 266.09 267.66 269.03 269.81 270.56 271.25 271.78 272.09 272.03 271.62 271.66 272.00 272.34 272.53 272.41 272.66 273.44 273.78 275.62 277.56 278.84 279.66 279.69 279.78 280.59 281.38 281.75 281.69 281.31 279.88 279.66 279.56 279.22 278.12 276.47 274.22 271.81 270.47 269.25 268.00 267.03 266.28 265.41 264.59 263.47 262.47 262.31 262.44 262.44 261.03 260.03 258.66 257.56 257.03 256.00 254.66 252.66 251.34 250.09 248.78 247.81 247.03 245.75 245.84 245.91
262.41 263.06 263.47 263.47 263.88 264.22 264.81 266.34 267.66 268.66 269.34 269.91 270.25 270.56 270.56 270.31 270.62 271.09 271.62 271.88 272.19 272.19 272.31 272.78 275.16 277.56 278.50 279.09 278.97 279.22 279.72 280.34 280.91 280.88 280.72 279.34 279.38 279.25 279.09 278.00 276.66 274.62 272.06 271.28 270.81 269.66 268.22 267.28 265.81 264.84 264.06 263.38 262.84 263.00 263.12 261.81 261.38 260.19 258.88 257.78 256.75 255.28 253.06 252.03 251.09 249.72 248.66 247.84 246.50 246.56 246.81
260.81 261.44 261.78 261.66 262.50 263.50 264.22 265.25 266.56 267.34 267.88 268.53 268.59 269.19 268.84 269.28 269.59 269.94 270.44 271.03 271.28 271.44 271.59 272.22 275.62 277.62 278.09 278.59 278.41 278.66 279.06 279.28 279.84 280.12 280.06 279.38 278.91 278.94 278.78 278.03 276.91 275.38 272.97 272.06 271.91 271.03 269.25 266.88 265.84 264.75 264.28 263.97 263.41 263.56 263.69 263.03 262.06 261.19 260.16 259.09 257.91 256.22 254.12 252.41 251.81 250.84 249.78 248.59 247.12 247.09 247.38
258.31 259.41 259.50 259.84 262.06 262.75 263.47 264.47 265.31 265.88 265.81 265.47 265.78 266.78 267.47 267.75 268.28 268.34 269.12 270.22 270.66 271.19 271.12 272.97 276.06 276.91 277.66 277.94 277.62 277.97 278.06 278.34 278.84 279.41 279.38 278.94 278.25 278.66 278.41 277.94 277.22 276.41 274.09 272.62 272.12 272.06 270.84 269.69 268.22 265.88 264.62 264.44 263.91 264.12 264.25 263.88 262.69 262.06 261.22 260.34 259.25 257.97 256.22 253.84 252.19 251.53 250.78 249.88 248.69 247.44 247.69
256.56 257.28 257.91 258.62 261.09 261.59 262.44 263.28 263.94 264.34 264.12 264.12 264.75 265.72 265.62 266.22 265.59 266.75 268.19 269.38 270.12 270.66 271.28 274.31 275.72 276.66 277.03 276.97 276.94 276.81 276.91 277.44 277.81 278.25 278.62 278.41 277.94 277.97 278.09 277.59 277.00 276.38 275.69 275.03 273.91 272.84 271.78 271.28 270.66 268.53 266.22 265.31 264.47 264.69 264.81 264.66 263.19 262.75 262.16 261.44 260.66 259.66 258.47 256.16 253.38 252.19 251.62 250.62 249.84 248.53 247.94
255.22 256.22 256.91 257.31 259.03 259.97 261.00 261.81 262.50 262.78 263.06 263.34 263.97 264.78 264.91 264.78 264.97 266.41 267.69 268.84 269.62 270.28 272.28 274.12 275.50 276.19 276.28 275.78 275.69 275.62 275.59 276.09 276.88 277.22 277.28 277.56 276.94 276.72 276.94 277.25 276.72 276.16 275.50 274.88 274.25 273.69 273.09 272.66 271.56 270.09 268.41 266.69 264.94 265.19 265.31 265.47 264.12 263.47 263.03 262.50 261.94 261.75 260.22 257.84 255.34 254.06 253.22 251.81 250.75 249.84 248.72
