everonasctiles/Tile[30,39].asc
ncols 128
nrows 128
xllcorner 0
yllcorner 0
cellsize 2.0
NODATA_value  -9999
[rows 64 to 95 of 128, columns 0 to 70 of 128]
-27.69 -27.84 -27.94 -28.06 -28.12 -28.03 -27.88 -27.81 -27.91 -28.12 -28.44 -28.81 -29.12 -29.22 -29.28 -29.31 -29.34 -29.31 -29.31 -29.25 -29.25 -29.25 -29.28 -29.34 -29.34 -29.31 -29.31 -29.34 -29.34 -29.31 -29.47 -29.69 -29.88 -30.09 -30.28 -30.44 -30.53 -30.69 -30.88 -31.00 -31.09 -31.25 -31.41 -31.47 -31.53 -31.69 -31.91 -32.09 -32.38 -32.69 -33.00 -33.34 -33.72 -34.12 -34.56 -34.97 -35.41 -35.78 -36.16 -36.53 -36.88 -37.22 -37.53 -37.84 -38.12 -38.38 -38.62 -38.88 -39.12 -39.38 -39.62
-27.00 -27.09 -27.22 -27.31 -27.31 -27.25 -27.19 -27.19 -27.28 -27.47 -27.75 -28.16 -28.50 -28.72 -28.75 -28.78 -28.78 -28.72 -28.72 -28.66 -28.62 -28.66 -28.75 -28.88 -28.91 -28.94 -28.94 -29.00 -29.00 -29.06 -29.19 -29.34 -29.53 -29.81 -30.03 -30.19 -30.25 -30.38 -30.56 -30.72 -30.81 -30.91 -31.06 -31.16 -31.25 -31.38 -31.50 -31.62 -31.84 -32.19 -32.53 -32.97 -33.34 -33.75 -34.25 -34.66 -35.06 -35.44 -35.81 -36.19 -36.53 -36.84 -37.16 -37.47 -37.72 -37.97 -38.22 -38.47 -38.72 -38.97 -39.25
-26.03 -26.19 -26.25 -26.25 -26.28 -26.41 -26.53 -26.69 -26.97 -27.25 -27.41 -27.62 -27.81 -28.03 -28.16 -28.12 -28.12 -28.16 -28.16 -28.22 -28.25 -28.28 -28.44 -28.56 -28.62 -28.69 -28.69 -28.69 -28.69 -28.75 -28.97 -29.16 -29.34 -29.56 -29.78 -29.94 -30.03 -30.09 -30.25 -30.38 -30.41 -30.50 -30.62 -30.75 -30.84 -30.88 -30.97 -31.16 -31.38 -31.75 -32.09 -32.53 -32.91 -33.34 -33.84 -34.28 -34.66 -35.03 -35.44 -35.81 -36.12 -36.44 -36.75 -37.03 -37.28 -37.50 -37.75 -38.00 -38.25 -38.53 -38.81
-25.31 -25.44 -25.53 -25.62 -25.69 -25.91 -26.16 -26.38 -26.53 -26.81 -27.03 -27.12 -27.25 -27.41 -27.47 -27.62 -27.69 -27.75 -27.72 -27.72 -27.78 -27.88 -28.16 -28.34 -28.38 -28.38 -28.34 -28.38 -28.44 -28.50 -28.59 -28.81 -29.12 -29.41 -29.59 -29.78 -29.84 -29.91 -29.97 -30.06 -30.09 -30.19 -30.34 -30.41 -30.47 -30.50 -30.59 -30.72 -30.97 -31.38 -31.72 -32.12 -32.50 -32.88 -33.25 -33.66 -34.09 -34.66 -35.03 -35.41 -35.72 -36.00 -36.28 -36.53 -36.75 -37.00 -37.22 -37.47 -37.75 -38.03 -38.34
-24.81 -24.78 -24.94 -25.12 -25.31 -25.53 -25.94 -26.22 -26.47 -26.59 -26.81 -26.88 -26.84 -26.88 -26.88 -27.00 -27.19 -27.31 -27.28 -27.22 -27.34 -27.59 -27.94 -28.06 -28.06 -28.12 -28.16 -28.22 -28.25 -28.25 -28.34 -28.56 -28.94 -29.22 -29.41 -29.53 -29.59 -29.62 -29.72 -29.78 -29.88 -30.00 -30.12 -30.12 -30.16 -30.25 -30.38 -30.50 -30.69 -31.03 -31.41 -31.78 -32.12 -32.47 -32.81 -33.19 -33.69 -34.22 -34.62 -34.97 -35.25 -35.53 -35.75 -36.00 -36.22 -36.44 -36.66 -36.91 -37.19 -37.50 -37.81
-24.41 -24.41 -24.59 -24.78 -25.03 -25.50 -25.97 -26.12 -26.28 -26.38 -26.47 -26.62 -26.75 -26.81 -26.62 -26.56 -26.59 -26.72 -26.69 -26.53 -26.75 -27.16 -27.56 -27.69 -27.81 -27.88 -27.84 -27.94 -28.00 -28.06 -28.19 -28.38 -28.62 -28.84 -29.03 -29.16 -29.22 -29.28 -29.34 -29.41 -29.50 -29.66 -29.78 -29.88 -29.81 -29.84 -30.00 -30.19 -30.41 -30.69 -31.00 -31.38 -31.75 -32.09 -32.44 -32.84 -33.31 -33.75 -34.12 -34.47 -34.75 -35.00 -35.22 -35.44 -35.62 -35.84 -36.06 -36.34 -36.62 -36.94 -37.25
-24.12 -24.12 -24.19 -24.47 -25.03 -25.62 -26.03 -26.09 -26.09 -26.12 -26.28 -26.53 -26.59 -26.59 -26.34 -26.28 -26.31 -26.22 -26.16 -26.31 -26.56 -26.84 -27.22 -27.53 -27.72 -27.78 -27.94 -28.06 -28.09 -28.19 -28.28 -28.41 -28.44 -28.59 -28.78 -28.97 -29.12 -29.16 -29.16 -29.22 -29.25 -29.38 -29.47 -29.53 -29.53 -29.59 -29.72 -29.91 -30.09 -30.31 -30.62 -31.03 -31.44 -31.84 -32.19 -32.56 -32.91 -33.34 -33.62 -33.91 -34.19 -34.41 -34.62 -34.84 -35.00 -35.22 -35.47 -35.75 -36.06 -36.34 -36.66
-23.94 -24.12 -24.25 -24.50 -25.16 -25.59 -25.81 -25.81 -25.72 -25.66 -25.81 -26.03 -26.06 -26.09 -25.97 -26.00 -25.94 -25.81 -25.94 -26.19 -26.47 -26.69 -27.03 -27.41 -27.59 -27.78 -27.91 -28.00 -28.03 -28.06 -28.16 -28.25 -28.41 -28.53 -28.69 -28.91 -29.00 -29.00 -28.94 -28.94 -28.97 -29.09 -29.16 -29.19 -29.22 -29.28 -29.44 -29.62 -29.84 -30.06 -30.34 -30.78 -31.22 -31.56 -31.94 -32.19 -32.47 -32.81 -33.12 -33.41 -33.62 -33.81 -34.06 -34.19 -34.31 -34.50 -34.81 -35.16 -35.44 -35.75 -36.03
-24.03 -24.28 -24.53 -24.78 -25.19 -25.44 -25.59 -25.59 -25.41 -25.38 -25.41 -25.44 -25.47 -25.59 -25.56 -25.44 -25.44 -25.53 -25.78 -26.09 -26.31 -26.53 -26.88 -27.34 -27.50 -27.59 -27.66 -27.69 -27.69 -27.78 -27.91 -28.12 -28.34 -28.50 -28.62 -28.81 -28.84 -28.75 -28.62 -28.53 -28.56 -28.69 -28.72 -28.75 -28.88 -28.91 -29.06 -29.25 -29.47 -29.81 -30.09 -30.38 -30.75 -31.16 -31.50 -31.69 -31.97 -32.25 -32.56 -32.81 -33.00 -33.19 -33.41 -33.50 -33.56 -33.78 -34.16 -34.50 -34.81 -35.12 -35.41
-23.97 -24.25 -24.78 -24.97 -25.12 -25.25 -25.31 -25.31 -25.16 -25.22 -25.38 -25.34 -25.47 -25.59 -25.53 -25.41 -25.50 -25.75 -26.03 -26.31 -26.53 -26.72 -27.06 -27.38 -27.59 -27.78 -27.84 -27.84 -27.88 -28.00 -28.12 -28.25 -28.44 -28.53 -28.56 -28.62 -28.69 -28.62 -28.56 -28.38 -28.34 -28.38 -28.34 -28.38 -28.44 -28.56 -28.69 -28.88 -29.16 -29.50 -29.84 -30.16 -30.44 -30.72 -30.94 -31.16 -31.47 -31.72 -31.97 -32.12 -32.28 -32.50 -32.78 -32.97 -33.09 -33.22 -33.56 -33.88 -34.16 -34.44 -34.78
-24.25 -24.47 -24.88 -25.06 -25.19 -25.16 -25.06 -25.00 -25.09 -25.38 -25.44 -25.38 -25.50 -25.50 -25.56 -25.50 -25.59 -25.81 -26.03 -26.44 -26.81 -27.09 -27.31 -27.47 -27.69 -27.88 -27.97 -28.03 -28.09 -28.19 -28.25 -28.34 -28.44 -28.50 -28.53 -28.56 -28.56 -28.47 -28.38 -28.25 -28.22 -28.19 -28.12 -28.19 -28.22 -28.38 -28.47 -28.72 -28.97 -29.28 -29.66 -29.97 -30.22 -30.41 -30.56 -30.81 -31.09 -31.31 -31.47 -31.62 -31.78 -32.00 -32.25 -32.44 -32.56 -32.69 -32.97 -33.28 -33.50 -33.75 -34.12
-24.56 -24.78 -25.00 -25.12 -25.22 -25.16 -24.97 -24.97 -25.19 -25.44 -25.53 -25.53 -25.50 -25.44 -25.59 -25.72 -25.94 -26.09 -26.12 -26.34 -26.81 -27.16 -27.28 -27.25 -27.47 -27.84 -28.00 -28.06 -28.12 -28.19 -28.28 -28.34 -28.38 -28.41 -28.44 -28.41 -28.34 -28.25 -28.12 -28.06 -28.03 -27.97 -27.97 -28.00 -28.03 -28.12 -28.25 -28.53 -28.75 -29.06 -29.41 -29.66 -29.91 -30.09 -30.28 -30.50 -30.75 -30.97 -31.06 -31.12 -31.25 -31.44 -31.62 -31.75 -31.88 -32.12 -32.41 -32.62 -32.84 -33.12 -33.50
-24.75 -24.84 -25.00 -25.06 -25.06 -24.97 -25.00 -25.03 -25.16 -25.22 -25.44 -25.56 -25.56 -25.53 -25.66 -25.91 -26.22 -26.34 -26.31 -26.34 -26.69 -27.03 -27.12 -27.12 -27.44 -27.81 -27.94 -28.03 -28.12 -28.19 -28.25 -28.28 -28.28 -28.22 -28.16 -28.12 -28.06 -28.09 -28.00 -27.91 -27.81 -27.78 -27.78 -27.81 -27.91 -28.00 -28.12 -28.41 -28.66 -28.91 -29.19 -29.34 -29.59 -29.88 -30.06 -30.22 -30.44 -30.62 -30.62 -30.59 -30.75 -30.97 -31.16 -31.22 -31.34 -31.53 -31.75 -32.00 -32.25 -32.56 -32.94
-24.78 -24.72 -24.78 -24.81 -24.81 -24.88 -24.97 -24.94 -25.03 -25.09 -25.31 -25.50 -25.69 -25.75 -25.81 -25.94 -26.16 -26.34 -26.41 -26.34 -26.53 -26.84 -26.91 -27.00 -27.34 -27.69 -27.84 -27.94 -28.00 -28.09 -28.12 -28.12 -28.12 -28.03 -28.00 -27.97 -27.97 -27.97 -27.94 -27.88 -27.75 -27.72 -27.72 -27.78 -27.84 -27.88 -28.00 -28.19 -28.41 -28.62 -28.81 -29.00 -29.25 -29.50 -29.72 -29.94 -30.06 -30.09 -30.00 -30.00 -30.16 -30.38 -30.53 -30.69 -30.81 -31.03 -31.22 -31.47 -31.75 -32.06 -32.41
-24.81 -24.69 -24.72 -24.94 -25.12 -25.12 -25.06 -25.00 -25.06 -25.22 -25.38 -25.56 -25.72 -25.81 -25.81 -25.81 -25.84 -26.00 -26.16 -26.25 -26.41 -26.53 -26.62 -26.78 -27.12 -27.41 -27.56 -27.75 -27.84 -27.91 -27.91 -27.88 -27.81 -27.84 -27.91 -27.97 -28.00 -28.03 -28.00 -27.94 -27.81 -27.69 -27.56 -27.56 -27.62 -27.66 -27.66 -27.81 -28.00 -28.16 -28.31 -28.53 -28.75 -29.00 -29.22 -29.41 -29.47 -29.44 -29.34 -29.38 -29.56 -29.72 -29.91 -30.09 -30.34 -30.53 -30.75 -31.00 -31.31 -31.62 -31.88
-24.88 -24.84 -24.88 -25.03 -25.16 -25.12 -25.00 -24.97 -25.12 -25.31 -25.53 -25.69 -25.81 -25.91 -25.88 -25.66 -25.62 -25.59 -25.78 -26.19 -26.31 -26.41 -26.44 -26.41 -26.66 -26.97 -27.09 -27.25 -27.44 -27.62 -27.66 -27.62 -27.59 -27.62 -27.75 -27.84 -27.91 -27.97 -27.97 -27.88 -27.78 -27.56 -27.38 -27.31 -27.34 -27.34 -27.38 -27.53 -27.66 -27.84 -28.00 -28.19 -28.41 -28.53 -28.62 -28.81 -28.88 -28.84 -28.81 -28.88 -29.03 -29.22 -29.44 -29.66 -29.84 -30.09 -30.34 -30.62 -30.91 -31.19 -31.44
-24.91 -24.91 -24.91 -24.94 -24.91 -24.84 -24.75 -24.81 -24.97 -25.09 -25.41 -25.69 -25.84 -25.94 -25.91 -25.75 -25.72 -25.53 -25.62 -25.97 -26.00 -26.12 -26.22 -26.19 -26.34 -26.53 -26.62 -26.75 -26.88 -26.97 -27.06 -27.19 -27.28 -27.34 -27.47 -27.62 -27.75 -27.81 -27.84 -27.78 -27.62 -27.31 -27.12 -27.03 -27.00 -27.06 -27.06 -27.19 -27.38 -27.56 -27.75 -27.84 -28.06 -28.22 -28.31 -28.34 -28.38 -28.38 -28.38 -28.47 -28.62 -28.81 -29.00 -29.22 -29.44 -29.69 -29.94 -30.22 -30.50 -30.75 -30.97
-24.81 -24.75 -24.75 -24.81 -24.88 -24.84 -24.81 -24.81 -24.91 -24.91 -25.03 -25.53 -25.75 -25.81 -25.81 -25.59 -25.50 -25.44 -25.44 -25.62 -25.66 -25.69 -25.91 -26.00 -26.22 -26.22 -26.28 -26.41 -26.47 -26.53 -26.56 -26.62 -26.84 -27.06 -27.22 -27.38 -27.50 -27.66 -27.69 -27.62 -27.50 -27.19 -26.97 -26.88 -26.88 -26.88 -26.84 -26.94 -27.03 -27.19 -27.38 -27.50 -27.62 -27.75 -27.88 -27.94 -28.06 -28.12 -28.09 -28.16 -28.34 -28.53 -28.69 -28.88 -29.09 -29.31 -29.50 -29.72 -30.00 -30.25 -30.47
-24.81 -24.84 -24.88 -24.81 -24.94 -25.00 -25.03 -24.91 -24.88 -24.84 -24.94 -25.38 -25.53 -25.50 -25.41 -25.22 -25.22 -25.31 -25.38 -25.53 -25.50 -25.62 -25.78 -25.88 -26.06 -26.09 -26.19 -26.28 -26.25 -26.25 -26.31 -26.34 -26.47 -26.56 -26.81 -27.09 -27.25 -27.41 -27.44 -27.47 -27.41 -27.22 -26.97 -26.88 -26.75 -26.69 -26.66 -26.69 -26.75 -26.84 -27.00 -27.16 -27.25 -27.31 -27.44 -27.56 -27.69 -27.88 -27.84 -27.84 -28.00 -28.19 -28.31 -28.53 -28.78 -29.03 -29.22 -29.41 -29.59 -29.78 -29.97
-25.06 -25.12 -25.09 -25.09 -25.16 -25.12 -25.12 -25.00 -24.97 -24.94 -24.97 -25.06 -25.12 -25.06 -25.03 -24.97 -25.00 -25.06 -25.19 -25.31 -25.34 -25.44 -25.62 -25.72 -25.88 -25.94 -26.06 -26.12 -26.12 -26.09 -26.06 -26.06 -26.22 -26.25 -26.38 -26.50 -26.56 -26.66 -26.84 -27.09 -27.22 -27.12 -26.91 -26.69 -26.59 -26.53 -26.53 -26.59 -26.59 -26.66 -26.81 -26.91 -26.97 -27.09 -27.19 -27.28 -27.34 -27.47 -27.47 -27.56 -27.69 -27.84 -27.97 -28.25 -28.50 -28.72 -28.94 -29.09 -29.28 -29.50 -29.69
-25.41 -25.38 -25.50 -25.47 -25.28 -25.25 -25.25 -25.19 -25.06 -25.09 -25.16 -25.12 -25.03 -24.94 -25.00 -25.06 -25.06 -25.03 -25.12 -25.25 -25.38 -25.44 -25.50 -25.59 -25.66 -25.72 -25.78 -25.81 -25.84 -25.84 -25.88 -25.88 -26.03 -26.12 -26.22 -26.25 -26.25 -26.25 -26.41 -26.56 -26.75 -26.75 -26.47 -26.38 -26.50 -26.56 -26.59 -26.59 -26.62 -26.69 -26.72 -26.81 -26.88 -26.91 -26.97 -27.00 -27.12 -27.22 -27.28 -27.28 -27.38 -27.59 -27.78 -27.97 -28.19 -28.38 -28.59 -28.81 -29.00 -29.19 -29.38
-25.78 -25.75 -25.91 -25.84 -25.78 -25.66 -25.50 -25.38 -25.28 -25.31 -25.34 -25.28 -25.09 -25.06 -25.19 -25.31 -25.31 -25.28 -25.28 -25.31 -25.38 -25.38 -25.41 -25.56 -25.59 -25.66 -25.72 -25.69 -25.75 -25.81 -25.88 -25.91 -25.97 -26.00 -26.00 -26.06 -26.06 -26.09 -26.16 -26.25 -26.41 -26.44 -26.34 -26.34 -26.50 -26.59 -26.56 -26.62 -26.75 -26.81 -26.88 -26.88 -26.88 -26.84 -26.94 -26.94 -27.00 -27.09 -27.12 -27.19 -27.31 -27.44 -27.56 -27.72 -27.84 -28.00 -28.19 -28.41 -28.62 -28.78 -28.94
-26.25 -26.31 -26.28 -26.25 -26.22 -26.06 -25.91 -25.72 -25.75 -25.72 -25.59 -25.44 -25.22 -25.19 -25.22 -25.28 -25.22 -25.28 -25.31 -25.28 -25.41 -25.56 -25.69 -25.84 -25.91 -25.97 -25.97 -25.84 -25.78 -25.84 -25.94 -25.94 -25.91 -25.94 -25.97 -26.00 -25.97 -25.97 -26.00 -26.12 -26.22 -26.34 -26.41 -26.50 -26.66 -26.72 -26.78 -26.81 -26.88 -26.97 -27.03 -27.03 -27.03 -27.00 -27.00 -27.03 -27.09 -27.22 -27.19 -27.31 -27.47 -27.50 -27.47 -27.47 -27.53 -27.62 -27.88 -28.06 -28.22 -28.47 -28.59
-26.34 -26.44 -26.47 -26.44 -26.44 -26.44 -26.38 -26.19 -26.19 -26.09 -25.88 -25.62 -25.47 -25.44 -25.50 -25.47 -25.34 -25.19 -25.31 -25.44 -25.69 -25.97 -26.09 -26.22 -26.31 -26.38 -26.34 -26.25 -26.16 -26.22 -26.19 -26.06 -26.03 -26.03 -25.97 -25.97 -26.00 -26.09 -26.12 -26.22 -26.28 -26.38 -26.53 -26.75 -26.88 -26.97 -27.03 -27.06 -27.06 -27.09 -27.19 -27.25 -27.28 -27.28 -27.28 -27.25 -27.31 -27.34 -27.44 -27.62 -27.69 -27.66 -27.44 -27.28 -27.28 -27.38 -27.56 -27.72 -27.94 -28.16 -28.34
-26.34 -26.47 -26.53 -26.53 -26.50 -26.53 -26.53 -26.50 -26.47 -26.44 -26.28 -26.09 -26.06 -26.03 -25.97 -25.94 -25.75 -25.66 -25.91 -26.09 -26.28 -26.44 -26.47 -26.53 -26.53 -26.56 -26.56 -26.56 -26.53 -26.56 -26.50 -26.38 -26.28 -26.22 -26.09 -26.03 -26.19 -26.38 -26.47 -26.50 -26.53 -26.62 -26.81 -27.00 -27.06 -27.19 -27.28 -27.28 -27.31 -27.34 -27.38 -27.53 -27.62 -27.66 -27.69 -27.66 -27.62 -27.62 -27.72 -27.78 -27.78 -27.75 -27.50 -27.34 -27.31 -27.31 -27.34 -27.50 -27.75 -27.97 -28.16
-26.25 -26.44 -26.53 -26.50 -26.50 -26.56 -26.59 -26.59 -26.56 -26.53 -26.50 -26.44 -26.41 -26.34 -26.28 -26.28 -26.19 -26.25 -26.41 -26.47 -26.50 -26.56 -26.59 -26.59 -26.62 -26.62 -26.62 -26.66 -26.66 -26.66 -26.66 -26.62 -26.56 -26.50 -26.34 -26.31 -26.44 -26.56 -26.66 -26.75 -26.81 -26.94 -27.12 -27.31 -27.38 -27.44 -27.53 -27.56 -27.59 -27.62 -27.66 -27.72 -27.78 -27.78 -27.78 -27.78 -27.81 -27.81 -27.81 -27.81 -27.81 -27.78 -27.62 -27.47 -27.34 -27.25 -27.25 -27.34 -27.56 -27.84 -28.12
-26.31 -26.38 -26.44 -26.53 -26.56 -26.56 -26.59 -26.59 -26.59 -26.56 -26.53 -26.50 -26.47 -26.44 -26.41 -26.41 -26.41 -26.47 -26.50 -26.56 -26.59 -26.59 -26.59 -26.62 -26.62 -26.62 -26.62 -26.66 -26.66 -26.69 -26.69 -26.66 -26.59 -26.53 -26.47 -26.41 -26.41 -26.47 -26.56 -26.75 -26.88 -27.03 -27.19 -27.38 -27.47 -27.56 -27.66 -27.69 -27.75 -27.75 -27.78 -27.81 -27.81 -27.84 -27.84 -27.84 -27.84 -27.84 -27.84 -27.84 -27.81 -27.78 -27.72 -27.59 -27.47 -27.31 -27.22 -27.25 -27.50 -27.84 -28.16
-26.34 -26.34 -26.41 -26.50 -26.53 -26.53 -26.56 -26.56 -26.56 -26.56 -26.50 -26.50 -26.47 -26.44 -26.44 -26.47 -26.47 -26.50 -26.53 -26.56 -26.56 -26.56 -26.56 -26.59 -26.59 -26.59 -26.59 -26.59 -26.62 -26.62 -26.62 -26.62 -26.53 -26.47 -26.38 -26.25 -26.16 -26.12 -26.28 -26.53 -26.69 -26.84 -27.03 -27.22 -27.41 -27.56 -27.66 -27.72 -27.78 -27.81 -27.81 -27.84 -27.84 -27.84 -27.88 -27.84 -27.84 -27.84 -27.81 -27.81 -27.78 -27.75 -27.69 -27.53 -27.44 -27.38 -27.28 -27.25 -27.50 -27.78 -28.03
-26.19 -26.25 -26.31 -26.38 -26.44 -26.47 -26.47 -26.47 -26.47 -26.44 -26.41 -26.38 -26.38 -26.34 -26.38 -26.41 -26.41 -26.44 -26.44 -26.47 -26.50 -26.50 -26.50 -26.53 -26.53 -26.53 -26.56 -26.53 -26.53 -26.53 -26.50 -26.47 -26.41 -26.28 -26.19 -26.09 -25.94 -25.84 -25.91 -26.03 -26.16 -26.38 -26.62 -26.88 -27.19 -27.47 -27.59 -27.72 -27.78 -27.81 -27.81 -27.81 -27.81 -27.84 -27.84 -27.84 -27.81 -27.75 -27.72 -27.69 -27.66 -27.59 -27.47 -27.34 -27.31 -27.28 -27.22 -27.16 -27.28 -27.50 -27.72
-26.06 -26.12 -26.16 -26.22 -26.31 -26.28 -26.25 -26.22 -26.19 -26.19 -26.19 -26.19 -26.16 -26.19 -26.19 -26.22 -26.28 -26.25 -26.28 -26.25 -26.31 -26.38 -26.41 -26.41 -26.41 -26.41 -26.41 -26.38 -26.34 -26.38 -26.31 -26.28 -26.19 -26.09 -26.06 -26.00 -25.78 -25.62 -25.66 -25.72 -25.81 -26.00 -26.25 -26.50 -26.88 -27.22 -27.47 -27.62 -27.69 -27.75 -27.75 -27.75 -27.75 -27.78 -27.78 -27.75 -27.72 -27.62 -27.56 -27.44 -27.31 -27.16 -27.16 -27.22 -27.25 -27.28 -27.19 -27.06 -27.06 -27.22 -27.38
-25.72 -25.69 -25.72 -25.78 -25.94 -25.91 -25.91 -25.91 -25.91 -25.94 -26.00 -26.00 -25.91 -25.91 -25.81 -25.78 -25.81 -25.88 -25.94 -25.94 -26.00 -26.06 -26.12 -26.16 -26.16 -26.19 -26.16 -26.00 -25.94 -26.09 -26.12 -26.06 -25.84 -25.69 -25.72 -25.62 -25.44 -25.31 -25.34 -25.47 -25.59 -25.75 -26.03 -26.22 -26.50 -26.84 -27.19 -27.47 -27.56 -27.62 -27.62 -27.66 -27.66 -27.66 -27.66 -27.62 -27.59 -27.50 -27.31 -27.09 -27.00 -26.97 -27.06 -27.16 -27.16 -27.19 -27.12 -26.97 -26.94 -27.00 -27.12
-24.94 -24.91 -24.84 -25.00 -25.31 -25.44 -25.47 -25.44 -25.50 -25.59 -25.62 -25.59 -25.47 -25.41 -25.34 -25.19 -25.12 -25.22 -25.34 -25.38 -25.41 -25.50 -25.56 -25.59 -25.62 -25.75 -25.75 -25.78 -25.72 -25.69 -25.69 -25.66 -25.38 -25.16 -25.09 -25.03 -25.03 -25.09 -25.09 -25.19 -25.38 -25.56 -25.84 -25.97 -26.16 -26.38 -26.81 -27.19 -27.34 -27.38 -27.38 -27.34 -27.34 -27.38 -27.38 -27.38 -27.31 -27.19 -27.03 -26.78 -26.72 -26.78 -26.81 -26.91 -26.97 -27.00 -27.00 -26.91 -26.88 -26.91 -26.84
