everonasctiles/Tile[12,8].asc
ncols 128
nrows 128
xllcorner 0
yllcorner 0
cellsize 2.0
NODATA_value  -9999
[rows 36 to 71 of 128, columns 0 to 79 of 128]
8.72 8.78 8.81 8.84 8.88 8.91 8.91 8.91 8.91 8.91 8.91 8.91 8.94 8.94 8.94 8.97 8.97 9.00 9.03 9.09 9.12 9.19 9.25 9.31 9.34 9.41 9.44 9.47 9.50 9.50 9.50 9.47 9.44 9.34 9.22 9.16 9.06 9.00 8.91 8.84 8.75 8.66 8.53 8.38 8.22 8.03 7.81 7.34 6.41 5.31 4.28 3.84 3.41 3.00 2.66 2.28 2.09 1.94 1.69 1.41 1.03 0.72 0.50 0.22 -0.12 -0.50 -0.91 -1.28 -1.59 -1.81 -2.03 -2.25 -2.44 -2.66 -2.84 -3.03 -3.25 -3.44 -3.62 -3.84
8.75 8.78 8.81 8.84 8.84 8.88 8.88 8.88 8.88 8.88 8.88 8.84 8.84 8.84 8.88 8.88 8.91 8.94 8.97 9.03 9.09 9.16 9.22 9.28 9.34 9.41 9.47 9.50 9.50 9.53 9.53 9.53 9.47 9.31 9.22 9.12 9.03 8.97 8.91 8.81 8.72 8.66 8.53 8.44 8.31 8.16 7.97 7.72 6.81 5.78 4.53 3.94 3.53 3.06 2.66 2.28 2.09 1.97 1.78 1.50 1.09 0.66 0.44 0.09 -0.25 -0.62 -0.97 -1.31 -1.56 -1.78 -2.00 -2.22 -2.44 -2.62 -2.81 -3.00 -3.22 -3.41 -3.59 -3.81
8.75 8.78 8.81 8.84 8.84 8.84 8.84 8.84 8.81 8.81 8.81 8.78 8.78 8.78 8.78 8.78 8.81 8.84 8.91 8.94 9.00 9.09 9.16 9.25 9.31 9.41 9.47 9.50 9.53 9.56 9.56 9.47 9.41 9.28 9.16 9.09 9.00 8.94 8.84 8.78 8.72 8.62 8.53 8.44 8.34 8.22 8.03 7.59 6.81 6.03 4.81 4.00 3.59 3.12 2.69 2.28 2.06 1.94 1.75 1.50 1.03 0.56 0.22 -0.12 -0.44 -0.75 -1.06 -1.31 -1.56 -1.78 -2.00 -2.22 -2.41 -2.62 -2.81 -3.00 -3.19 -3.34 -3.56 -3.78
8.78 8.81 8.81 8.84 8.84 8.81 8.81 8.81 8.78 8.75 8.72 8.72 8.69 8.69 8.69 8.69 8.72 8.75 8.81 8.84 8.94 9.00 9.09 9.19 9.28 9.38 9.47 9.50 9.53 9.53 9.44 9.44 9.34 9.22 9.12 9.03 8.94 8.88 8.81 8.75 8.66 8.59 8.53 8.44 8.34 8.22 8.09 7.81 7.16 6.31 5.28 4.03 3.62 3.19 2.72 2.31 2.03 1.97 1.81 1.47 0.97 0.47 0.03 -0.31 -0.56 -0.81 -1.06 -1.31 -1.56 -1.78 -2.00 -2.19 -2.41 -2.59 -2.78 -2.97 -3.16 -3.34 -3.56 -3.81
8.78 8.81 8.81 8.81 8.81 8.81 8.78 8.75 8.72 8.69 8.66 8.62 8.59 8.59 8.56 8.59 8.59 8.62 8.69 8.75 8.81 8.91 9.03 9.12 9.25 9.38 9.44 9.47 9.47 9.66 9.41 9.34 9.25 9.12 9.03 8.97 8.91 8.81 8.75 8.69 8.62 8.56 8.47 8.41 8.31 8.22 8.12 7.97 7.44 6.59 5.53 4.16 3.53 3.19 2.72 2.31 2.06 1.94 1.78 1.41 0.88 0.38 -0.03 -0.31 -0.56 -0.84 -1.09 -1.31 -1.56 -1.78 -2.00 -2.19 -2.41 -2.59 -2.78 -2.97 -3.16 -3.34 -3.59 -3.84
8.81 8.84 8.84 8.84 8.81 8.78 8.75 8.72 8.66 8.62 8.59 8.53 8.50 8.47 8.47 8.47 8.47 8.50 8.56 8.62 8.72 8.81 8.94 9.06 9.19 9.41 9.56 9.44 9.59 9.44 9.28 9.22 9.16 9.06 8.97 8.91 8.81 8.75 8.69 8.62 8.56 8.50 8.44 8.38 8.28 8.19 8.09 7.94 7.66 6.97 5.72 4.50 3.44 3.12 2.69 2.28 2.06 1.91 1.66 1.31 0.81 0.31 -0.06 -0.31 -0.59 -0.84 -1.09 -1.31 -1.56 -1.78 -2.00 -2.19 -2.41 -2.59 -2.78 -2.97 -3.16 -3.38 -3.62 -3.91
8.84 8.84 8.84 8.84 8.81 8.78 8.72 8.66 8.62 8.56 8.50 8.44 8.38 8.34 8.31 8.31 8.31 8.34 8.41 8.47 8.56 8.66 8.78 8.94 9.06 9.41 9.62 9.56 9.31 9.06 9.16 9.12 9.06 8.97 8.88 8.81 8.75 8.69 8.62 8.56 8.50 8.44 8.38 8.31 8.22 8.12 8.03 7.84 7.59 7.00 5.72 4.47 3.34 3.00 2.62 2.22 1.94 1.75 1.50 1.12 0.69 0.25 -0.09 -0.34 -0.62 -0.88 -1.12 -1.34 -1.56 -1.78 -2.00 -2.22 -2.41 -2.59 -2.78 -2.97 -3.19 -3.41 -3.66 -3.94
8.88 8.88 8.88 8.84 8.81 8.75 8.69 8.62 8.56 8.47 8.41 8.34 8.28 8.22 8.19 8.16 8.16 8.16 8.22 8.28 8.41 8.50 8.72 8.78 8.97 9.12 9.28 9.28 9.12 9.09 9.06 9.03 8.97 8.88 8.81 8.72 8.66 8.59 8.53 8.50 8.44 8.38 8.31 8.22 8.16 8.06 7.91 7.69 7.38 6.66 5.66 4.41 3.28 2.88 2.53 2.12 1.75 1.50 1.22 0.91 0.50 0.16 -0.12 -0.41 -0.66 -0.91 -1.16 -1.38 -1.59 -1.81 -2.03 -2.22 -2.41 -2.59 -2.78 -2.97 -3.22 -3.44 -3.72 -3.97
8.91 8.91 8.88 8.84 8.81 8.75 8.66 8.59 8.50 8.41 8.31 8.22 8.12 8.03 7.97 7.94 7.91 7.91 7.94 8.16 8.19 8.34 8.34 8.56 8.81 8.81 9.31 9.09 9.19 9.00 8.97 8.91 8.84 8.78 8.72 8.62 8.56 8.53 8.47 8.41 8.34 8.28 8.22 8.16 8.06 7.94 7.75 7.53 7.19 6.66 5.56 4.50 3.34 2.78 2.41 2.03 1.62 1.28 0.94 0.66 0.34 0.06 -0.19 -0.47 -0.72 -0.94 -1.19 -1.41 -1.62 -1.84 -2.03 -2.25 -2.44 -2.62 -2.78 -3.00 -3.25 -3.50 -3.75 -4.03
8.97 8.94 8.91 8.88 8.81 8.75 8.66 8.56 8.44 8.31 8.19 8.06 7.94 7.84 7.78 7.69 7.75 7.72 7.59 7.69 7.91 8.06 8.12 8.25 8.66 8.69 8.97 8.97 9.06 8.97 8.88 8.81 8.75 8.69 8.59 8.53 8.47 8.44 8.38 8.31 8.28 8.22 8.16 8.06 7.97 7.81 7.59 7.31 6.97 6.38 5.34 4.22 3.28 2.72 2.28 1.91 1.53 1.19 0.84 0.56 0.25 0.00 -0.28 -0.53 -0.78 -1.00 -1.22 -1.47 -1.66 -1.88 -2.06 -2.25 -2.44 -2.62 -2.81 -3.03 -3.28 -3.53 -3.78 -4.06
9.00 8.97 8.94 8.88 8.81 8.75 8.62 8.53 8.38 8.22 8.06 7.91 7.78 7.66 7.50 7.41 7.41 7.47 7.84 7.59 7.81 8.09 8.09 8.25 8.53 8.72 8.75 9.03 8.94 8.81 8.78 8.72 8.62 8.56 8.50 8.44 8.38 8.34 8.28 8.25 8.19 8.12 8.06 8.00 7.84 7.66 7.44 7.12 6.72 6.09 4.97 3.97 3.25 2.69 2.19 1.78 1.41 1.06 0.75 0.44 0.16 -0.09 -0.34 -0.59 -0.84 -1.06 -1.28 -1.50 -1.72 -1.91 -2.12 -2.28 -2.47 -2.66 -2.84 -3.06 -3.28 -3.56 -3.84 -4.12
9.03 9.00 8.94 8.88 8.81 8.75 8.62 8.50 8.31 8.09 7.84 7.62 7.69 7.50 7.31 7.44 7.44 7.22 7.44 7.41 7.56 7.84 8.09 8.16 8.41 8.44 8.44 8.66 8.59 8.59 8.62 8.56 8.50 8.44 8.38 8.34 8.28 8.22 8.19 8.16 8.09 8.06 8.00 7.91 7.75 7.53 7.28 6.91 6.44 5.72 4.72 3.62 3.03 2.47 2.12 1.66 1.28 0.91 0.59 0.31 0.03 -0.22 -0.47 -0.69 -0.94 -1.16 -1.38 -1.56 -1.78 -1.97 -2.16 -2.34 -2.50 -2.69 -2.88 -3.06 -3.31 -3.59 -3.88 -4.19
9.03 8.97 8.91 8.84 8.81 8.75 8.66 8.53 8.22 7.97 7.97 7.53 7.53 7.47 7.25 7.31 7.34 7.06 7.19 7.28 7.47 7.81 7.91 8.00 8.31 8.25 8.41 8.53 8.44 8.47 8.47 8.41 8.38 8.31 8.25 8.22 8.16 8.12 8.09 8.06 8.03 8.00 7.94 7.81 7.66 7.41 7.12 6.72 6.16 5.22 4.19 3.34 2.91 2.59 2.06 1.56 1.12 0.75 0.44 0.16 -0.12 -0.38 -0.62 -0.84 -1.06 -1.25 -1.47 -1.66 -1.84 -2.03 -2.22 -2.38 -2.56 -2.72 -2.91 -3.09 -3.34 -3.59 -3.91 -4.28
9.00 8.88 8.81 8.69 8.69 8.69 8.62 8.44 7.97 7.62 7.75 7.50 7.38 7.31 7.31 7.38 7.28 7.41 7.28 7.22 7.34 7.66 7.66 7.91 7.88 7.88 8.38 8.34 8.38 8.31 8.31 8.25 8.22 8.16 8.12 8.06 8.03 8.00 7.97 7.94 7.94 7.91 7.84 7.72 7.53 7.28 6.97 6.53 5.91 4.94 3.84 3.03 2.69 2.28 1.94 1.44 0.94 0.56 0.25 -0.06 -0.31 -0.53 -0.75 -0.97 -1.16 -1.38 -1.56 -1.75 -1.94 -2.09 -2.28 -2.44 -2.59 -2.75 -2.94 -3.09 -3.34 -3.62 -3.97 -4.41
8.72 8.69 8.66 8.53 8.50 8.56 8.44 8.22 8.09 7.81 7.69 7.22 7.19 7.22 7.47 7.34 7.34 7.09 7.00 7.06 7.12 7.31 7.41 7.69 7.75 7.91 8.00 8.12 8.19 8.16 8.12 8.09 8.06 8.03 7.97 7.94 7.91 7.88 7.84 7.84 7.81 7.78 7.72 7.59 7.41 7.16 6.78 6.31 5.53 4.44 3.41 2.78 2.44 1.97 1.72 1.25 0.81 0.34 0.00 -0.28 -0.53 -0.75 -0.97 -1.16 -1.34 -1.53 -1.69 -1.88 -2.03 -2.19 -2.34 -2.50 -2.66 -2.81 -2.97 -3.16 -3.41 -3.72 -4.12 -4.47
8.50 8.50 8.50 8.53 8.62 8.50 8.50 8.38 8.22 8.31 7.59 7.47 7.44 7.19 7.34 7.16 6.88 6.88 6.94 7.12 7.03 7.03 7.38 7.38 7.38 7.88 7.81 7.91 7.97 8.00 7.97 7.94 7.91 7.88 7.84 7.81 7.78 7.75 7.72 7.72 7.69 7.66 7.59 7.47 7.25 6.97 6.56 6.00 5.03 4.09 3.31 2.78 2.28 1.81 1.28 0.88 0.44 0.09 -0.28 -0.56 -0.81 -1.00 -1.19 -1.34 -1.50 -1.69 -1.84 -1.97 -2.12 -2.28 -2.44 -2.59 -2.72 -2.88 -3.09 -3.31 -3.62 -4.03 -4.38 -4.69
8.50 8.41 8.38 8.38 8.38 8.22 8.12 8.12 8.03 7.81 7.56 7.28 7.25 7.31 7.16 6.94 6.78 6.81 6.75 7.06 7.03 6.91 7.12 7.22 7.34 7.56 7.62 7.72 7.81 7.81 7.81 7.78 7.75 7.72 7.69 7.66 7.62 7.59 7.59 7.56 7.53 7.50 7.41 7.25 7.03 6.72 6.22 5.38 4.47 3.59 3.06 2.53 2.09 1.53 0.97 0.56 0.09 -0.34 -0.69 -0.88 -1.12 -1.31 -1.47 -1.59 -1.75 -1.88 -2.00 -2.12 -2.25 -2.38 -2.53 -2.69 -2.88 -3.12 -3.38 -3.72 -4.09 -4.41 -4.69 -4.97
8.19 8.16 8.19 8.19 8.31 8.34 8.12 7.94 7.62 7.66 7.41 7.47 7.38 7.28 7.06 6.88 6.84 6.75 6.56 6.69 6.78 6.69 7.03 7.19 7.25 7.34 7.59 7.59 7.62 7.66 7.66 7.62 7.59 7.56 7.53 7.50 7.47 7.44 7.41 7.38 7.38 7.31 7.19 7.00 6.75 6.34 5.66 4.84 3.88 3.09 2.56 2.12 1.59 1.22 0.62 0.28 -0.19 -0.66 -1.06 -1.41 -1.56 -1.62 -1.75 -1.88 -1.97 -2.09 -2.19 -2.28 -2.41 -2.56 -2.75 -2.94 -3.19 -3.50 -3.84 -4.19 -4.50 -4.75 -5.00 -5.25
7.91 8.06 8.03 7.94 7.84 7.97 7.91 7.69 7.69 7.66 7.69 7.31 7.28 7.09 6.91 6.62 6.62 6.62 6.75 6.59 6.59 6.38 6.88 7.06 7.06 7.22 7.44 7.47 7.50 7.50 7.50 7.47 7.44 7.41 7.38 7.34 7.28 7.25 7.22 7.19 7.12 7.03 6.88 5.88 5.00 4.66 4.47 3.97 3.25 2.75 2.22 1.84 1.25 0.75 0.31 -0.12 -0.62 -1.03 -1.44 -1.78 -2.09 -2.19 -2.28 -2.22 -2.25 -2.31 -2.38 -2.47 -2.62 -2.84 -3.06 -3.31 -3.59 -3.91 -4.22 -4.53 -4.81 -5.00 -5.28 -5.50
7.88 7.81 7.91 7.84 7.59 7.56 7.81 7.53 7.66 7.53 7.47 7.19 7.09 7.00 6.72 6.53 6.66 6.56 6.56 6.75 6.69 6.50 6.62 6.94 6.91 7.12 7.31 7.34 7.34 7.34 7.31 7.28 7.25 7.22 7.19 7.16 7.09 7.06 7.03 6.97 6.88 6.38 5.44 4.78 4.31 4.06 3.62 3.47 2.84 2.34 1.88 1.44 1.03 0.53 0.03 -0.38 -0.78 -1.16 -1.59 -1.97 -2.31 -2.56 -2.66 -2.69 -2.66 -2.62 -2.66 -2.78 -2.97 -3.22 -3.44 -3.72 -3.97 -4.25 -4.53 -4.88 -5.19 -5.47 -5.69 -5.84
7.81 7.66 7.66 7.62 7.31 7.25 7.44 7.56 7.56 7.25 7.19 7.16 6.88 6.91 6.72 6.56 6.62 6.62 6.59 6.62 6.62 6.47 6.59 6.78 7.00 7.03 7.06 7.19 7.19 7.19 7.16 7.12 7.06 7.03 6.97 6.94 6.91 6.84 6.78 6.50 5.84 5.12 4.41 4.06 3.69 3.41 2.84 1.88 1.88 2.06 1.69 1.22 0.88 0.44 0.09 -0.41 -0.75 -1.22 -1.72 -2.09 -2.38 -2.69 -2.78 -2.91 -3.00 -3.00 -2.97 -3.16 -3.38 -3.66 -3.91 -4.16 -4.41 -4.66 -4.94 -5.31 -5.66 -5.97 -6.16 -6.22
7.69 7.56 7.41 7.19 7.12 7.12 7.19 7.22 7.31 7.22 7.28 7.22 7.06 6.84 6.84 6.53 6.53 6.75 6.56 6.53 6.56 6.44 6.62 6.62 6.78 6.88 6.84 6.97 7.00 7.00 6.97 6.94 6.88 6.81 6.75 6.72 6.66 6.62 6.53 5.72 4.91 4.22 3.47 3.06 2.41 1.88 1.88 1.88 1.88 1.81 1.53 1.16 0.59 0.09 -0.31 -0.69 -1.03 -1.41 -1.69 -2.06 -2.53 -2.84 -3.16 -3.22 -3.31 -3.38 -3.38 -3.56 -3.91 -4.22 -4.47 -4.75 -4.97 -5.22 -5.44 -5.72 -6.06 -6.38 -6.53 -6.53
7.44 7.38 7.22 7.00 6.94 6.88 6.91 6.91 7.03 7.19 7.19 7.09 7.03 6.84 6.78 6.59 6.59 6.66 6.53 6.34 6.31 6.53 6.41 6.44 6.41 6.53 6.72 6.78 6.81 6.81 6.78 6.72 6.62 6.56 6.50 6.47 6.41 6.38 6.09 5.12 4.41 3.59 2.22 1.88 2.06 1.94 1.88 1.88 1.88 1.66 1.12 0.75 0.38 -0.09 -0.50 -0.72 -1.12 -1.41 -1.72 -2.16 -2.69 -3.16 -3.56 -3.75 -3.88 -3.84 -3.91 -4.19 -4.47 -4.78 -5.09 -5.41 -5.66 -5.81 -5.91 -6.00 -6.25 -6.59 -6.81 -6.91
6.97 7.00 6.94 6.81 6.69 6.78 6.81 6.81 6.84 6.88 6.91 7.00 7.06 7.00 6.88 6.72 6.53 6.44 6.34 6.16 6.09 6.22 6.22 6.25 6.41 6.47 6.59 6.59 6.62 6.62 6.56 6.47 6.38 6.28 6.22 6.16 6.12 6.09 5.34 4.53 3.81 2.59 2.25 1.94 1.91 1.88 1.88 1.88 1.88 1.16 0.81 0.44 0.00 -0.38 -0.66 -0.94 -1.25 -1.56 -1.84 -2.00 -2.72 -3.41 -3.78 -3.97 -4.06 -4.12 -4.25 -4.44 -4.81 -5.22 -5.75 -6.22 -6.50 -6.50 -6.38 -6.22 -6.41 -6.75 -7.06 -7.16
6.75 6.66 6.69 6.56 6.38 6.47 6.59 6.69 6.75 6.62 6.59 6.75 6.72 6.69 6.62 6.56 6.41 6.34 6.06 6.12 6.19 6.00 6.16 6.12 6.22 6.34 6.41 6.44 6.56 6.38 6.34 6.19 6.06 5.94 5.84 5.81 5.78 5.78 4.88 4.12 3.34 1.88 1.97 1.91 1.94 2.16 1.91 1.88 1.88 1.44 0.62 0.06 -0.50 -0.75 -1.00 -1.31 -1.44 -1.72 -1.78 -1.91 -2.44 -3.25 -3.88 -4.25 -4.38 -4.44 -4.59 -4.75 -4.97 -5.56 -6.22 -6.72 -7.00 -6.91 -6.62 -6.50 -6.56 -6.75 -7.12 -7.25
6.62 6.56 6.44 6.31 6.28 6.25 6.53 6.53 6.50 6.56 6.44 6.56 6.50 6.41 6.34 6.41 6.31 6.31 6.19 6.12 6.09 6.00 5.97 6.12 6.16 6.06 6.19 6.31 6.38 6.41 6.00 5.88 5.62 5.41 5.34 5.31 5.31 5.34 4.59 3.88 2.94 1.88 1.88 1.88 2.00 1.81 1.41 1.88 1.88 1.56 0.22 -0.31 -0.81 -1.19 -1.44 -1.59 -1.81 -1.91 -1.66 -2.00 -2.72 -3.25 -3.84 -4.06 -4.22 -4.28 -4.34 -4.50 -4.94 -5.59 -6.34 -6.84 -7.03 -6.84 -6.62 -6.59 -6.62 -6.72 -6.81 -6.84
6.47 6.44 6.34 6.12 6.16 6.09 6.31 6.47 6.53 6.56 6.50 6.38 6.28 6.12 6.16 6.25 6.09 6.12 6.09 6.03 6.06 6.00 5.94 6.03 6.06 6.12 6.16 6.22 6.25 6.34 5.88 5.66 5.12 4.75 4.72 4.69 4.72 4.41 4.19 3.69 3.09 1.88 1.88 1.88 1.88 1.28 0.94 1.88 1.88 -0.12 -0.41 -0.78 -1.19 -1.50 -1.78 -1.94 -2.09 -2.09 -2.28 -2.72 -3.09 -3.50 -3.88 -4.12 -4.09 -4.16 -4.28 -4.28 -4.69 -5.38 -6.09 -6.47 -6.47 -6.25 -6.25 -6.34 -6.31 -6.22 -6.09 -6.12
6.50 6.38 6.25 6.09 6.03 6.03 6.19 6.31 6.44 6.50 6.44 6.47 6.28 6.16 6.09 6.06 6.00 6.03 6.03 6.00 5.94 5.91 5.84 5.94 5.94 5.97 5.97 6.22 6.22 6.06 5.59 5.09 4.56 4.47 4.41 4.34 4.25 4.06 3.41 2.91 2.56 2.41 1.88 1.88 1.88 1.88 0.44 1.88 -0.62 -0.78 -0.97 -1.19 -1.56 -1.91 -2.12 -2.28 -2.41 -2.62 -2.56 -2.69 -2.97 -3.38 -3.50 -3.59 -3.56 -3.59 -3.72 -3.72 -4.03 -4.75 -5.47 -5.84 -5.75 -5.59 -5.62 -5.69 -5.56 -5.38 -5.25 -5.28
6.44 6.38 6.25 6.12 6.00 5.97 6.06 6.22 6.31 6.44 6.44 6.50 6.16 6.16 6.12 6.03 5.97 5.94 5.97 5.94 5.88 5.88 5.91 5.91 5.81 5.81 5.84 5.94 6.03 5.88 5.47 4.94 4.47 4.34 4.22 4.09 3.91 3.62 3.16 2.56 2.06 1.91 1.88 1.88 1.88 1.88 -0.25 -0.78 -1.12 -1.19 -1.38 -1.41 -1.62 -1.97 -2.25 -2.47 -2.78 -2.88 -2.84 -2.81 -2.91 -3.12 -3.12 -3.22 -3.06 -3.09 -3.00 -2.97 -3.31 -4.00 -4.59 -4.97 -5.03 -4.88 -4.81 -4.69 -4.50 -4.31 -4.28 -4.44
6.50 6.38 6.22 6.09 5.97 5.97 5.94 6.12 6.22 6.28 6.28 6.31 6.31 6.22 6.12 6.03 6.00 5.97 5.88 5.88 5.88 5.84 5.81 5.88 5.72 5.75 5.69 5.69 5.66 5.66 5.31 4.81 4.50 4.31 4.12 3.94 3.72 3.38 2.97 2.47 1.88 1.88 1.88 1.88 0.78 -0.09 -1.38 -2.06 -2.06 -1.81 -1.75 -2.00 -2.19 -2.41 -2.47 -2.84 -3.03 -2.97 -2.94 -2.84 -2.69 -2.69 -2.72 -2.59 -2.53 -2.53 -2.62 -2.66 -2.88 -3.28 -3.72 -4.03 -4.19 -4.09 -3.88 -3.56 -3.31 -3.22 -3.34 -3.44
6.44 6.44 6.28 6.12 5.97 5.97 5.94 6.03 6.16 6.22 6.25 6.31 6.31 6.38 6.19 6.06 6.00 5.94 5.91 5.81 5.84 5.81 5.75 5.72 5.66 5.62 5.59 5.59 5.59 5.50 5.22 4.81 4.56 4.31 4.12 3.88 3.59 3.25 2.88 2.41 1.88 1.88 1.88 0.78 0.28 -0.78 -1.62 -2.44 -2.69 -2.47 -2.22 -2.41 -2.47 -2.72 -2.84 -2.84 -2.91 -2.94 -2.88 -2.72 -2.44 -2.41 -2.34 -2.31 -2.31 -2.28 -2.38 -2.44 -2.50 -2.53 -2.88 -3.03 -3.09 -3.03 -2.75 -2.44 -2.16 -2.16 -2.31 -2.38
6.44 6.41 6.34 6.19 6.00 5.97 6.00 6.03 6.09 6.19 6.19 6.25 6.25 6.22 6.19 6.06 6.00 5.94 5.94 5.88 5.78 5.72 5.75 5.72 5.66 5.56 5.53 5.53 5.47 5.38 5.09 4.88 4.62 4.38 4.12 3.84 3.53 3.19 2.81 2.41 1.91 1.38 0.94 0.66 0.16 -0.81 -1.69 -2.47 -2.97 -2.75 -2.59 -2.44 -2.56 -2.84 -3.03 -2.69 -2.88 -2.84 -2.75 -2.53 -2.19 -2.16 -2.06 -2.09 -2.06 -2.06 -2.06 -2.00 -1.94 -1.88 -1.84 -2.03 -1.97 -1.91 -1.72 -1.47 -1.38 -1.38 -1.38 -1.38
6.44 6.38 6.25 6.06 6.03 6.03 6.06 6.06 6.12 6.19 6.25 6.25 6.22 6.12 6.19 6.09 6.00 5.94 5.88 5.84 5.78 5.72 5.69 5.62 5.56 5.53 5.50 5.50 5.53 5.31 5.25 5.00 4.75 4.47 4.19 3.88 3.53 3.19 2.81 2.41 2.00 1.59 1.25 0.94 0.34 -0.47 -1.78 -2.62 -3.34 -3.06 -3.03 -2.41 -2.50 -2.84 -2.94 -2.41 -2.59 -2.59 -2.41 -2.16 -2.00 -1.94 -1.84 -1.81 -1.81 -1.84 -1.84 -1.69 -1.56 -1.50 -1.44 -1.22 -1.19 -1.12 -1.00 -0.91 -0.88 -0.84 -0.81 -0.81
6.41 6.31 6.19 6.03 6.03 6.03 6.09 6.06 6.22 6.22 6.25 6.22 6.19 6.12 6.09 6.00 5.97 5.91 5.88 5.81 5.78 5.75 5.72 5.62 5.56 5.53 5.44 5.47 5.47 5.44 5.38 5.16 4.88 4.56 4.25 3.91 3.56 3.19 2.81 2.41 2.16 2.00 1.22 1.19 1.09 0.19 -1.69 -2.91 -3.03 -2.75 -2.75 -2.38 -2.28 -2.41 -2.31 -2.03 -2.22 -2.06 -1.94 -1.78 -1.66 -1.53 -1.41 -1.31 -1.31 -1.25 -1.25 -1.31 -1.09 -0.97 -0.94 -0.84 -0.66 -0.59 -0.53 -0.50 -0.47 -0.44 -0.44 -0.47
6.41 6.28 6.19 6.06 6.03 6.03 6.09 6.19 6.28 6.31 6.28 6.25 6.19 6.09 6.03 5.97 5.94 5.94 5.88 5.84 5.81 5.75 5.72 5.62 5.59 5.53 5.47 5.41 5.44 5.38 5.44 5.34 5.03 4.69 4.31 3.94 3.59 3.22 2.81 2.44 2.28 1.94 1.22 1.34 1.53 0.88 -0.56 -1.69 -2.25 -2.38 -2.28 -1.78 -1.62 -1.78 -1.78 -1.81 -1.88 -1.84 -1.69 -1.50 -1.19 -0.97 -0.69 -0.69 -0.59 -0.59 -0.72 -0.75 -0.56 -0.53 -0.50 -0.41 -0.31 -0.16 -0.03 -0.03 -0.06 -0.06 -0.12 -0.19
6.38 6.28 6.19 6.09 6.09 6.12 6.19 6.25 6.34 6.34 6.28 6.25 6.25 6.12 6.03 5.94 5.94 5.91 5.84 5.81 5.81 5.75 5.72 5.72 5.66 5.59 5.56 5.50 5.47 5.53 5.56 5.53 5.16 4.75 4.38 3.97 3.59 3.22 2.91 2.72 2.66 2.38 1.41 1.53 1.66 1.69 0.31 -1.09 -1.72 -1.88 -1.62 -1.12 -1.06 -1.16 -1.22 -1.44 -1.56 -1.38 -1.16 -0.84 -0.44 -0.28 -0.31 -0.34 -0.28 -0.22 -0.25 -0.28 -0.22 -0.22 -0.16 -0.09 0.09 0.22 0.28 0.34 0.34 0.28 0.19 0.03
