everonasctiles/Tile7,49.asc
ncols 128
nrows 128
xllcorner 0
yllcorner 0
cellsize 2.0
NODATA_value  -9999
[rows 32 to 63 of 128, columns 0 to 70 of 128]
-85.84 -85.97 -86.09 -86.25 -86.41 -86.53 -86.69 -86.94 -87.28 -87.66 -88.03 -88.41 -88.75 -89.06 -89.41 -89.88 -90.41 -90.94 -91.41 -91.84 -92.25 -92.66 -93.06 -93.53 -94.00 -94.44 -94.81 -95.12 -95.47 -95.81 -96.16 -96.56 -96.94 -97.31 -97.72 -98.12 -98.50 -98.88 -99.22 -99.50 -99.72 -99.94 -100.16 -100.34 -100.53 -100.69 -100.84 -100.97 -101.12 -101.22 -101.31 -101.41 -101.47 -101.50 -101.56 -101.59 -101.62 -101.66 -101.72 -101.75 -101.81 -101.84 -101.88 -101.91 -101.91 -101.94 -101.94 -101.97 -102.00 -102.03 -102.06
-85.06 -85.19 -85.34 -85.47 -85.62 -85.78 -85.97 -86.25 -86.59 -86.94 -87.31 -87.62 -87.94 -88.28 -88.72 -89.28 -89.81 -90.31 -90.72 -91.12 -91.53 -91.97 -92.41 -92.88 -93.31 -93.72 -94.09 -94.44 -94.81 -95.19 -95.62 -96.03 -96.44 -96.84 -97.28 -97.72 -98.12 -98.47 -98.78 -99.06 -99.31 -99.53 -99.75 -99.97 -100.16 -100.34 -100.50 -100.66 -100.81 -100.94 -101.03 -101.09 -101.16 -101.22 -101.25 -101.28 -101.34 -101.38 -101.44 -101.50 -101.56 -101.59 -101.62 -101.66 -101.69 -101.69 -101.72 -101.75 -101.78 -101.81 -101.84
-84.34 -84.47 -84.59 -84.75 -84.91 -85.06 -85.28 -85.56 -85.91 -86.25 -86.59 -86.91 -87.22 -87.66 -88.19 -88.72 -89.19 -89.62 -90.03 -90.44 -90.84 -91.28 -91.75 -92.19 -92.59 -93.00 -93.38 -93.75 -94.16 -94.62 -95.06 -95.50 -95.94 -96.38 -96.81 -97.28 -97.69 -98.03 -98.34 -98.59 -98.84 -99.09 -99.31 -99.53 -99.75 -99.97 -100.16 -100.34 -100.47 -100.59 -100.72 -100.78 -100.84 -100.91 -100.94 -100.97 -101.03 -101.06 -101.16 -101.22 -101.28 -101.31 -101.34 -101.38 -101.41 -101.44 -101.47 -101.53 -101.56 -101.59 -101.59
-83.66 -83.78 -83.91 -84.03 -84.22 -84.41 -84.62 -84.91 -85.25 -85.56 -85.91 -86.22 -86.62 -87.12 -87.62 -88.12 -88.56 -88.94 -89.31 -89.72 -90.16 -90.59 -91.06 -91.47 -91.88 -92.28 -92.69 -93.09 -93.56 -94.06 -94.53 -94.97 -95.41 -95.88 -96.34 -96.81 -97.19 -97.53 -97.84 -98.09 -98.34 -98.59 -98.84 -99.09 -99.34 -99.56 -99.78 -99.97 -100.12 -100.25 -100.34 -100.44 -100.50 -100.53 -100.59 -100.62 -100.66 -100.75 -100.81 -100.88 -100.97 -101.00 -101.06 -101.09 -101.12 -101.16 -101.19 -101.25 -101.28 -101.31 -101.34
-83.00 -83.12 -83.25 -83.38 -83.56 -83.78 -84.03 -84.31 -84.62 -84.94 -85.25 -85.66 -86.12 -86.59 -87.09 -87.50 -87.88 -88.22 -88.62 -89.03 -89.47 -89.91 -90.34 -90.72 -91.16 -91.56 -92.00 -92.50 -93.00 -93.47 -93.94 -94.41 -94.88 -95.38 -95.84 -96.28 -96.66 -96.97 -97.28 -97.56 -97.81 -98.09 -98.34 -98.62 -98.91 -99.16 -99.38 -99.56 -99.72 -99.88 -99.97 -100.06 -100.09 -100.16 -100.19 -100.25 -100.28 -100.38 -100.44 -100.53 -100.62 -100.69 -100.72 -100.75 -100.78 -100.81 -100.88 -100.94 -100.97 -101.03 -101.06
-82.41 -82.50 -82.62 -82.78 -82.97 -83.19 -83.44 -83.72 -84.03 -84.34 -84.72 -85.16 -85.62 -86.09 -86.50 -86.84 -87.19 -87.56 -87.94 -88.38 -88.81 -89.22 -89.59 -90.00 -90.41 -90.88 -91.38 -91.88 -92.38 -92.88 -93.34 -93.81 -94.31 -94.81 -95.28 -95.72 -96.06 -96.41 -96.69 -96.97 -97.25 -97.56 -97.84 -98.16 -98.44 -98.72 -98.94 -99.12 -99.31 -99.44 -99.56 -99.62 -99.69 -99.72 -99.78 -99.81 -99.88 -99.97 -100.06 -100.16 -100.25 -100.31 -100.38 -100.41 -100.41 -100.47 -100.53 -100.59 -100.66 -100.69 -100.72
-81.84 -81.94 -82.06 -82.22 -82.44 -82.66 -82.94 -83.22 -83.50 -83.88 -84.28 -84.72 -85.16 -85.53 -85.88 -86.19 -86.53 -86.88 -87.28 -87.72 -88.12 -88.50 -88.88 -89.25 -89.72 -90.22 -90.75 -91.25 -91.75 -92.25 -92.75 -93.22 -93.75 -94.25 -94.69 -95.09 -95.47 -95.78 -96.09 -96.38 -96.69 -97.00 -97.34 -97.66 -97.97 -98.22 -98.47 -98.66 -98.84 -99.00 -99.09 -99.19 -99.22 -99.28 -99.31 -99.38 -99.44 -99.53 -99.66 -99.75 -99.84 -99.94 -99.97 -100.00 -100.03 -100.06 -100.12 -100.22 -100.28 -100.34 -100.38
-81.31 -81.44 -81.56 -81.75 -81.97 -82.22 -82.47 -82.75 -83.09 -83.47 -83.88 -84.28 -84.62 -84.97 -85.25 -85.56 -85.88 -86.25 -86.66 -87.03 -87.41 -87.78 -88.12 -88.50 -89.00 -89.56 -90.09 -90.62 -91.12 -91.62 -92.12 -92.66 -93.16 -93.66 -94.09 -94.50 -94.84 -95.16 -95.47 -95.78 -96.09 -96.44 -96.81 -97.12 -97.44 -97.72 -97.94 -98.16 -98.34 -98.50 -98.62 -98.69 -98.75 -98.78 -98.81 -98.91 -98.97 -99.09 -99.19 -99.31 -99.41 -99.50 -99.56 -99.56 -99.59 -99.62 -99.72 -99.78 -99.88 -99.94 -99.97
-80.88 -81.00 -81.19 -81.38 -81.59 -81.81 -82.09 -82.38 -82.72 -83.06 -83.44 -83.81 -84.12 -84.38 -84.66 -84.94 -85.28 -85.62 -86.03 -86.38 -86.72 -87.06 -87.38 -87.78 -88.38 -88.97 -89.50 -90.00 -90.53 -91.03 -91.53 -92.06 -92.56 -93.03 -93.50 -93.88 -94.22 -94.53 -94.84 -95.16 -95.50 -95.88 -96.22 -96.56 -96.88 -97.16 -97.41 -97.62 -97.81 -97.97 -98.09 -98.16 -98.22 -98.25 -98.31 -98.38 -98.50 -98.59 -98.72 -98.84 -98.94 -99.03 -99.06 -99.09 -99.12 -99.19 -99.25 -99.34 -99.41 -99.50 -99.53
-80.50 -80.66 -80.81 -81.03 -81.25 -81.47 -81.75 -82.03 -82.38 -82.69 -83.03 -83.31 -83.56 -83.81 -84.09 -84.38 -84.69 -85.06 -85.41 -85.72 -86.06 -86.34 -86.69 -87.22 -87.84 -88.38 -88.91 -89.44 -89.94 -90.47 -90.97 -91.47 -91.97 -92.44 -92.88 -93.25 -93.56 -93.88 -94.19 -94.53 -94.91 -95.25 -95.62 -95.97 -96.28 -96.56 -96.84 -97.06 -97.25 -97.41 -97.53 -97.59 -97.66 -97.69 -97.75 -97.84 -97.97 -98.09 -98.22 -98.34 -98.44 -98.50 -98.56 -98.59 -98.66 -98.69 -98.78 -98.84 -98.94 -99.00 -99.06
-80.19 -80.34 -80.53 -80.72 -80.94 -81.16 -81.41 -81.72 -82.00 -82.31 -82.59 -82.84 -83.06 -83.31 -83.56 -83.84 -84.16 -84.47 -84.81 -85.12 -85.44 -85.75 -86.22 -86.78 -87.34 -87.88 -88.38 -88.88 -89.38 -89.91 -90.41 -90.91 -91.38 -91.84 -92.25 -92.59 -92.91 -93.22 -93.53 -93.88 -94.25 -94.62 -94.97 -95.31 -95.66 -95.97 -96.22 -96.44 -96.62 -96.81 -96.94 -97.00 -97.06 -97.09 -97.19 -97.28 -97.44 -97.56 -97.69 -97.78 -97.88 -97.97 -98.03 -98.06 -98.12 -98.19 -98.25 -98.34 -98.41 -98.47 -98.53
-79.91 -80.06 -80.25 -80.41 -80.62 -80.84 -81.09 -81.38 -81.66 -81.91 -82.16 -82.38 -82.59 -82.81 -83.06 -83.34 -83.62 -83.94 -84.25 -84.56 -84.91 -85.34 -85.81 -86.34 -86.84 -87.34 -87.84 -88.34 -88.84 -89.34 -89.84 -90.31 -90.81 -91.25 -91.59 -91.91 -92.22 -92.53 -92.84 -93.22 -93.56 -93.94 -94.31 -94.69 -95.00 -95.31 -95.59 -95.81 -96.00 -96.16 -96.28 -96.38 -96.44 -96.47 -96.56 -96.72 -96.84 -97.00 -97.09 -97.19 -97.28 -97.38 -97.44 -97.50 -97.56 -97.62 -97.72 -97.78 -97.84 -97.91 -97.97
-79.66 -79.81 -79.97 -80.12 -80.34 -80.56 -80.81 -81.06 -81.31 -81.53 -81.75 -81.94 -82.12 -82.34 -82.59 -82.88 -83.16 -83.44 -83.78 -84.12 -84.50 -84.94 -85.41 -85.88 -86.38 -86.84 -87.31 -87.81 -88.28 -88.78 -89.25 -89.75 -90.19 -90.59 -90.91 -91.22 -91.50 -91.81 -92.16 -92.50 -92.88 -93.25 -93.62 -94.00 -94.34 -94.62 -94.88 -95.09 -95.31 -95.47 -95.62 -95.72 -95.78 -95.81 -95.94 -96.09 -96.25 -96.38 -96.47 -96.56 -96.66 -96.75 -96.81 -96.91 -96.97 -97.03 -97.12 -97.19 -97.22 -97.28 -97.34
-79.41 -79.56 -79.72 -79.88 -80.06 -80.28 -80.50 -80.75 -80.97 -81.16 -81.34 -81.53 -81.72 -81.94 -82.16 -82.44 -82.72 -83.03 -83.34 -83.72 -84.09 -84.53 -84.97 -85.41 -85.88 -86.34 -86.78 -87.25 -87.75 -88.22 -88.69 -89.12 -89.53 -89.91 -90.22 -90.50 -90.78 -91.09 -91.44 -91.81 -92.19 -92.56 -92.94 -93.31 -93.62 -93.91 -94.16 -94.38 -94.59 -94.78 -94.94 -95.03 -95.06 -95.12 -95.25 -95.44 -95.59 -95.72 -95.81 -95.88 -95.97 -96.09 -96.19 -96.28 -96.34 -96.44 -96.50 -96.56 -96.59 -96.62 -96.69
-79.19 -79.34 -79.47 -79.62 -79.81 -80.00 -80.22 -80.41 -80.62 -80.81 -80.97 -81.16 -81.34 -81.56 -81.78 -82.06 -82.34 -82.66 -82.97 -83.34 -83.69 -84.09 -84.50 -84.94 -85.38 -85.81 -86.25 -86.72 -87.19 -87.62 -88.09 -88.50 -88.88 -89.19 -89.47 -89.78 -90.06 -90.41 -90.75 -91.09 -91.47 -91.84 -92.22 -92.56 -92.88 -93.16 -93.41 -93.62 -93.84 -94.03 -94.19 -94.31 -94.34 -94.44 -94.56 -94.75 -94.91 -95.03 -95.12 -95.19 -95.31 -95.41 -95.53 -95.59 -95.69 -95.78 -95.88 -95.94 -95.94 -95.97 -96.03
-79.03 -79.12 -79.25 -79.41 -79.56 -79.75 -79.94 -80.12 -80.31 -80.47 -80.62 -80.81 -81.00 -81.22 -81.47 -81.72 -82.00 -82.31 -82.62 -82.94 -83.31 -83.69 -84.09 -84.50 -84.91 -85.31 -85.75 -86.16 -86.59 -87.03 -87.44 -87.81 -88.16 -88.47 -88.78 -89.06 -89.38 -89.72 -90.06 -90.41 -90.78 -91.16 -91.50 -91.81 -92.09 -92.38 -92.62 -92.88 -93.09 -93.28 -93.44 -93.56 -93.62 -93.69 -93.81 -94.00 -94.19 -94.31 -94.41 -94.50 -94.59 -94.72 -94.81 -94.91 -95.00 -95.09 -95.19 -95.25 -95.25 -95.25 -95.31
-78.84 -78.97 -79.06 -79.22 -79.34 -79.50 -79.69 -79.84 -80.00 -80.19 -80.34 -80.53 -80.72 -80.94 -81.19 -81.44 -81.72 -81.97 -82.28 -82.59 -82.94 -83.28 -83.69 -84.06 -84.44 -84.81 -85.19 -85.59 -86.03 -86.41 -86.78 -87.12 -87.47 -87.78 -88.06 -88.38 -88.69 -89.03 -89.34 -89.69 -90.06 -90.41 -90.72 -91.00 -91.28 -91.56 -91.84 -92.09 -92.31 -92.50 -92.66 -92.78 -92.84 -92.94 -93.06 -93.25 -93.44 -93.59 -93.69 -93.78 -93.88 -94.00 -94.09 -94.19 -94.28 -94.41 -94.50 -94.53 -94.56 -94.53 -94.56
-78.69 -78.78 -78.91 -79.00 -79.12 -79.28 -79.44 -79.59 -79.78 -79.94 -80.09 -80.28 -80.50 -80.72 -80.94 -81.19 -81.41 -81.66 -81.94 -82.25 -82.56 -82.91 -83.25 -83.59 -83.94 -84.28 -84.66 -85.03 -85.41 -85.78 -86.12 -86.47 -86.78 -87.09 -87.41 -87.72 -88.03 -88.34 -88.66 -89.00 -89.34 -89.66 -89.94 -90.22 -90.47 -90.75 -91.03 -91.28 -91.53 -91.72 -91.84 -91.97 -92.06 -92.16 -92.28 -92.47 -92.66 -92.81 -92.94 -93.03 -93.16 -93.25 -93.38 -93.47 -93.56 -93.66 -93.75 -93.81 -93.81 -93.81 -93.78
-78.56 -78.62 -78.72 -78.81 -78.94 -79.09 -79.25 -79.41 -79.56 -79.72 -79.91 -80.09 -80.28 -80.50 -80.69 -80.91 -81.12 -81.38 -81.66 -81.94 -82.22 -82.53 -82.84 -83.12 -83.44 -83.75 -84.09 -84.44 -84.81 -85.12 -85.47 -85.81 -86.12 -86.47 -86.78 -87.09 -87.41 -87.69 -88.00 -88.31 -88.62 -88.91 -89.16 -89.41 -89.69 -89.97 -90.25 -90.50 -90.72 -90.91 -91.03 -91.16 -91.25 -91.38 -91.50 -91.69 -91.88 -92.03 -92.19 -92.28 -92.41 -92.50 -92.59 -92.72 -92.81 -92.91 -93.00 -93.06 -93.09 -93.06 -93.00
-78.44 -78.50 -78.56 -78.66 -78.78 -78.91 -79.06 -79.22 -79.41 -79.56 -79.75 -79.91 -80.09 -80.28 -80.47 -80.66 -80.88 -81.12 -81.38 -81.62 -81.88 -82.16 -82.41 -82.66 -82.94 -83.22 -83.53 -83.88 -84.19 -84.53 -84.88 -85.19 -85.53 -85.84 -86.16 -86.47 -86.78 -87.06 -87.31 -87.59 -87.88 -88.12 -88.38 -88.62 -88.88 -89.16 -89.47 -89.72 -89.94 -90.09 -90.22 -90.34 -90.44 -90.56 -90.69 -90.88 -91.06 -91.25 -91.41 -91.53 -91.62 -91.75 -91.84 -91.97 -92.06 -92.16 -92.22 -92.28 -92.31 -92.28 -92.22
-78.28 -78.34 -78.44 -78.53 -78.66 -78.78 -78.94 -79.09 -79.25 -79.41 -79.56 -79.75 -79.91 -80.09 -80.25 -80.44 -80.62 -80.84 -81.06 -81.31 -81.53 -81.75 -81.97 -82.19 -82.44 -82.72 -83.00 -83.31 -83.62 -83.97 -84.31 -84.62 -84.97 -85.28 -85.56 -85.88 -86.16 -86.41 -86.66 -86.91 -87.16 -87.41 -87.62 -87.84 -88.12 -88.41 -88.69 -88.94 -89.12 -89.28 -89.41 -89.53 -89.62 -89.75 -89.91 -90.06 -90.28 -90.47 -90.59 -90.72 -90.84 -90.97 -91.09 -91.19 -91.28 -91.38 -91.44 -91.50 -91.53 -91.50 -91.44
-78.16 -78.22 -78.31 -78.41 -78.53 -78.66 -78.81 -78.97 -79.12 -79.28 -79.44 -79.59 -79.72 -79.88 -80.06 -80.22 -80.41 -80.59 -80.78 -80.97 -81.16 -81.34 -81.53 -81.75 -81.97 -82.22 -82.50 -82.78 -83.12 -83.44 -83.78 -84.12 -84.44 -84.72 -85.03 -85.31 -85.56 -85.81 -86.03 -86.22 -86.44 -86.66 -86.88 -87.12 -87.38 -87.66 -87.91 -88.16 -88.34 -88.47 -88.59 -88.72 -88.84 -88.97 -89.09 -89.28 -89.47 -89.66 -89.81 -89.94 -90.06 -90.22 -90.34 -90.44 -90.50 -90.59 -90.66 -90.72 -90.75 -90.72 -90.66
-78.03 -78.09 -78.19 -78.28 -78.41 -78.53 -78.69 -78.84 -78.97 -79.12 -79.28 -79.41 -79.56 -79.69 -79.84 -80.00 -80.16 -80.31 -80.47 -80.62 -80.81 -80.97 -81.12 -81.31 -81.53 -81.75 -82.03 -82.34 -82.66 -82.97 -83.31 -83.62 -83.91 -84.22 -84.50 -84.75 -85.00 -85.19 -85.38 -85.56 -85.78 -85.97 -86.19 -86.44 -86.69 -86.94 -87.19 -87.38 -87.56 -87.69 -87.81 -87.94 -88.06 -88.19 -88.31 -88.50 -88.69 -88.88 -89.03 -89.16 -89.31 -89.47 -89.59 -89.69 -89.75 -89.81 -89.88 -89.94 -89.94 -89.94 -89.88
-77.94 -78.00 -78.06 -78.19 -78.28 -78.44 -78.56 -78.69 -78.84 -78.97 -79.09 -79.25 -79.38 -79.50 -79.62 -79.75 -79.88 -80.03 -80.16 -80.31 -80.44 -80.59 -80.75 -80.94 -81.12 -81.38 -81.66 -81.94 -82.25 -82.56 -82.88 -83.16 -83.44 -83.69 -83.97 -84.22 -84.44 -84.59 -84.78 -84.94 -85.12 -85.34 -85.56 -85.78 -86.00 -86.22 -86.44 -86.62 -86.81 -86.94 -87.06 -87.19 -87.31 -87.44 -87.56 -87.75 -87.91 -88.09 -88.25 -88.41 -88.56 -88.72 -88.84 -88.94 -89.00 -89.03 -89.09 -89.16 -89.16 -89.16 -89.09
-77.81 -77.88 -77.97 -78.06 -78.19 -78.31 -78.44 -78.56 -78.69 -78.81 -78.94 -79.06 -79.16 -79.28 -79.41 -79.50 -79.62 -79.75 -79.84 -79.97 -80.12 -80.25 -80.41 -80.59 -80.81 -81.03 -81.31 -81.59 -81.88 -82.16 -82.44 -82.69 -82.94 -83.19 -83.44 -83.69 -83.88 -84.03 -84.19 -84.34 -84.53 -84.72 -84.94 -85.16 -85.34 -85.53 -85.72 -85.91 -86.06 -86.22 -86.34 -86.47 -86.56 -86.69 -86.84 -87.00 -87.16 -87.31 -87.47 -87.66 -87.81 -87.97 -88.09 -88.19 -88.25 -88.28 -88.34 -88.38 -88.38 -88.38 -88.31
-77.72 -77.78 -77.84 -77.94 -78.06 -78.16 -78.28 -78.41 -78.53 -78.62 -78.75 -78.84 -78.97 -79.06 -79.16 -79.25 -79.38 -79.47 -79.56 -79.69 -79.81 -79.97 -80.12 -80.31 -80.53 -80.75 -81.00 -81.25 -81.50 -81.75 -82.00 -82.22 -82.47 -82.72 -82.94 -83.16 -83.34 -83.50 -83.66 -83.81 -83.97 -84.19 -84.38 -84.56 -84.72 -84.88 -85.03 -85.22 -85.38 -85.53 -85.66 -85.75 -85.88 -86.00 -86.12 -86.28 -86.44 -86.59 -86.75 -86.94 -87.09 -87.25 -87.38 -87.44 -87.50 -87.56 -87.59 -87.62 -87.62 -87.59 -87.56
-77.62 -77.66 -77.75 -77.84 -77.94 -78.03 -78.16 -78.25 -78.34 -78.44 -78.53 -78.66 -78.75 -78.84 -78.94 -79.03 -79.12 -79.22 -79.31 -79.44 -79.56 -79.72 -79.88 -80.06 -80.25 -80.47 -80.69 -80.91 -81.12 -81.34 -81.56 -81.78 -82.00 -82.25 -82.47 -82.69 -82.84 -83.00 -83.12 -83.28 -83.47 -83.66 -83.81 -84.00 -84.12 -84.25 -84.41 -84.56 -84.72 -84.88 -85.00 -85.09 -85.22 -85.31 -85.44 -85.59 -85.72 -85.88 -86.06 -86.22 -86.38 -86.53 -86.66 -86.72 -86.78 -86.84 -86.88 -86.91 -86.88 -86.88 -86.84
-77.50 -77.56 -77.66 -77.72 -77.81 -77.91 -78.00 -78.09 -78.19 -78.25 -78.34 -78.44 -78.53 -78.59 -78.69 -78.78 -78.88 -78.97 -79.09 -79.22 -79.34 -79.50 -79.66 -79.81 -80.00 -80.19 -80.38 -80.56 -80.75 -80.94 -81.16 -81.38 -81.59 -81.81 -82.03 -82.22 -82.38 -82.53 -82.66 -82.81 -83.00 -83.16 -83.31 -83.44 -83.56 -83.69 -83.78 -83.94 -84.09 -84.25 -84.38 -84.47 -84.56 -84.66 -84.78 -84.94 -85.06 -85.22 -85.38 -85.53 -85.69 -85.84 -85.94 -86.03 -86.09 -86.16 -86.16 -86.19 -86.19 -86.16 -86.12
-77.41 -77.47 -77.53 -77.62 -77.69 -77.78 -77.84 -77.94 -78.00 -78.06 -78.16 -78.22 -78.31 -78.41 -78.47 -78.56 -78.66 -78.78 -78.91 -79.03 -79.16 -79.31 -79.47 -79.62 -79.78 -79.94 -80.09 -80.25 -80.41 -80.59 -80.78 -80.97 -81.19 -81.41 -81.59 -81.78 -81.94 -82.09 -82.22 -82.38 -82.53 -82.66 -82.81 -82.94 -83.03 -83.12 -83.22 -83.34 -83.50 -83.66 -83.78 -83.88 -83.97 -84.06 -84.16 -84.31 -84.44 -84.59 -84.75 -84.91 -85.03 -85.16 -85.28 -85.34 -85.44 -85.47 -85.50 -85.50 -85.47 -85.47 -85.47
-77.34 -77.38 -77.44 -77.53 -77.59 -77.66 -77.72 -77.75 -77.81 -77.88 -77.97 -78.03 -78.12 -78.19 -78.28 -78.38 -78.50 -78.59 -78.72 -78.84 -79.00 -79.12 -79.28 -79.41 -79.53 -79.69 -79.81 -79.97 -80.09 -80.25 -80.44 -80.62 -80.81 -81.00 -81.19 -81.34 -81.50 -81.66 -81.81 -81.94 -82.09 -82.22 -82.34 -82.47 -82.56 -82.62 -82.72 -82.81 -82.97 -83.09 -83.22 -83.31 -83.38 -83.47 -83.56 -83.69 -83.84 -83.97 -84.12 -84.28 -84.41 -84.53 -84.62 -84.72 -84.78 -84.81 -84.81 -84.81 -84.81 -84.81 -84.81
-77.25 -77.28 -77.34 -77.41 -77.47 -77.53 -77.56 -77.62 -77.66 -77.72 -77.78 -77.88 -77.94 -78.03 -78.12 -78.22 -78.34 -78.47 -78.59 -78.72 -78.84 -78.97 -79.09 -79.22 -79.34 -79.44 -79.56 -79.69 -79.81 -79.97 -80.12 -80.28 -80.47 -80.62 -80.81 -80.97 -81.09 -81.25 -81.41 -81.53 -81.69 -81.81 -81.91 -82.00 -82.09 -82.16 -82.22 -82.31 -82.44 -82.59 -82.69 -82.75 -82.84 -82.91 -83.03 -83.12 -83.28 -83.41 -83.53 -83.69 -83.81 -83.91 -84.00 -84.09 -84.16 -84.19 -84.19 -84.19 -84.16 -84.16 -84.16
-77.16 -77.22 -77.28 -77.31 -77.38 -77.41 -77.44 -77.47 -77.53 -77.56 -77.66 -77.72 -77.81 -77.91 -78.00 -78.09 -78.22 -78.34 -78.47 -78.59 -78.69 -78.81 -78.91 -79.03 -79.12 -79.22 -79.34 -79.44 -79.56 -79.69 -79.81 -79.97 -80.12 -80.28 -80.44 -80.56 -80.72 -80.88 -81.03 -81.16 -81.28 -81.41 -81.50 -81.59 -81.66 -81.72 -81.78 -81.88 -81.97 -82.09 -82.19 -82.25 -82.31 -82.41 -82.50 -82.59 -82.72 -82.88 -83.00 -83.12 -83.25 -83.34 -83.44 -83.50 -83.56 -83.59 -83.56 -83.56 -83.53 -83.53 -83.56
