everonasctiles/Tile31,14.asc
ncols 128
nrows 128
xllcorner 0
yllcorner 0
cellsize 2.0
NODATA_value  -9999
[rows 96 to 127 of 128, columns 0 to 70 of 128]
299.56 299.12 298.34 297.50 296.72 296.16 295.75 295.38 294.78 293.91 293.31 292.66 291.91 291.06 290.72 290.06 289.53 289.12 288.75 288.31 288.16 288.12 287.94 287.81 287.44 286.88 286.44 286.28 286.12 286.28 286.28 286.16 285.91 285.56 285.16 284.62 284.03 283.38 282.72 282.03 281.38 280.66 279.84 278.88 277.88 276.84 275.62 273.44 265.66 262.91 260.78 258.16 256.56 255.66 254.47 253.38 252.81 252.16 251.56 251.16 250.69 250.03 249.09 248.16 247.16 246.12 245.00 243.91 242.81 241.59 240.16
300.62 300.03 299.06 298.19 297.34 296.78 296.41 296.16 295.62 294.78 294.09 293.44 292.62 291.78 291.47 290.75 290.34 289.75 289.25 288.66 288.44 288.41 288.22 287.97 287.56 287.19 286.88 286.84 286.94 286.94 286.94 286.78 286.53 286.19 285.78 285.25 284.59 283.91 283.22 282.50 281.81 281.06 280.22 279.16 278.00 276.94 275.72 273.97 266.62 263.09 261.47 258.94 257.25 256.31 255.56 254.44 253.53 253.06 252.31 251.97 251.47 250.78 249.88 248.81 247.62 246.31 245.03 243.88 242.78 241.62 240.34
301.75 301.00 299.88 299.06 298.19 297.34 297.00 296.72 296.25 295.53 294.78 294.00 293.09 292.25 291.94 291.44 291.00 290.31 289.81 289.09 288.72 288.72 288.53 288.16 287.91 287.56 287.53 287.59 287.62 287.62 287.59 287.41 287.12 286.78 286.31 285.78 285.12 284.41 283.66 282.94 282.16 281.34 280.41 279.22 278.00 276.88 275.66 274.03 266.91 263.38 261.41 258.84 257.78 257.09 256.38 255.16 254.59 253.84 253.12 252.75 252.16 251.38 250.31 249.03 247.59 246.00 244.12 243.47 242.66 241.44 240.09
302.62 301.78 300.56 299.72 298.69 297.97 297.62 297.34 296.84 296.16 295.41 294.28 293.31 292.81 292.50 292.09 291.59 291.09 290.38 289.53 289.06 288.81 288.81 288.53 288.53 288.25 288.09 288.25 288.34 288.31 288.19 288.00 287.69 287.28 286.81 286.22 285.53 284.81 284.06 283.28 282.50 281.59 280.50 279.22 277.97 276.88 275.94 274.59 268.62 263.28 260.69 258.81 258.19 257.78 257.09 256.09 255.38 254.50 253.94 253.47 252.72 251.72 250.47 248.75 247.34 245.00 243.72 242.88 242.22 241.28 240.03
302.94 302.09 301.19 300.09 299.16 298.56 298.25 297.91 297.38 296.75 295.84 294.72 293.94 293.41 293.16 292.72 292.19 291.50 290.66 290.00 289.75 289.34 289.09 289.12 289.25 289.12 288.97 288.91 288.94 288.81 288.72 288.47 288.12 287.69 287.06 286.47 285.88 285.16 284.41 283.62 282.78 281.81 280.59 279.25 277.94 276.91 276.19 274.72 270.53 263.62 261.19 258.97 258.59 258.53 257.88 256.97 256.09 255.25 254.84 254.19 253.22 251.97 250.28 248.72 247.09 244.31 243.34 243.41 242.56 241.25 239.59
302.88 302.34 301.75 300.62 299.78 299.16 298.84 298.47 297.94 297.31 296.22 295.16 294.56 294.16 293.84 293.28 292.62 291.78 291.25 290.78 290.56 290.31 289.88 289.75 289.91 289.75 289.38 289.44 289.34 289.25 289.06 288.72 288.28 287.78 287.16 286.56 286.09 285.44 284.72 283.91 282.94 281.88 280.59 279.22 277.94 276.91 276.09 274.84 271.06 264.00 262.28 260.38 259.16 258.81 258.53 257.88 256.91 256.28 255.78 254.94 254.00 252.44 250.50 248.53 245.84 244.12 243.97 243.81 242.78 241.53 240.06
303.19 302.72 302.16 301.25 300.53 300.06 299.56 299.03 298.50 297.56 296.34 295.75 295.56 295.09 294.47 293.88 292.62 292.34 292.12 291.69 291.56 291.19 290.75 290.66 290.38 289.94 289.78 289.91 289.78 289.59 289.28 288.91 288.34 287.75 287.19 286.72 286.19 285.56 284.84 283.97 282.94 281.75 280.47 279.12 277.88 276.78 275.72 274.09 270.16 266.19 263.53 262.16 260.97 259.41 259.50 258.41 257.59 257.47 256.69 255.78 254.78 253.41 253.38 248.66 246.03 244.34 244.41 244.00 242.97 241.91 240.50
303.59 303.12 302.53 301.88 301.31 300.84 300.19 299.59 299.06 298.12 297.06 296.66 296.38 295.75 295.09 293.84 293.16 293.06 292.97 292.41 292.16 291.75 291.34 291.19 290.81 290.22 290.22 290.31 290.12 289.88 289.50 289.03 288.28 287.72 287.28 286.78 286.16 285.53 284.78 283.94 282.66 281.53 280.41 279.00 277.69 276.47 275.25 273.66 270.22 267.16 264.69 262.94 261.62 260.44 259.91 259.78 259.09 258.53 257.75 256.72 255.75 254.94 253.66 251.44 247.38 245.94 244.38 243.59 243.09 242.34 241.56
304.16 303.66 302.94 302.41 301.94 301.44 300.78 300.12 299.59 298.78 297.94 297.62 297.03 296.44 295.03 294.28 294.22 293.97 293.94 293.53 293.12 292.53 292.03 292.06 291.69 291.00 290.91 290.81 290.53 290.16 289.78 289.12 288.44 287.91 287.44 286.84 286.00 285.22 284.59 283.59 282.44 281.34 280.09 278.84 277.41 276.03 274.50 272.59 270.19 267.62 265.44 263.72 262.72 261.91 261.72 261.19 260.47 259.75 258.88 257.75 256.62 255.59 254.56 253.56 252.31 247.41 245.50 244.38 243.84 243.09 242.22
304.84 304.31 303.44 302.84 302.44 301.91 301.19 300.62 300.12 299.47 298.69 298.25 297.69 296.81 295.88 295.53 295.19 294.78 294.75 294.44 294.12 293.56 293.12 292.84 292.47 292.03 291.69 291.34 290.94 290.53 290.09 289.41 288.78 288.19 287.53 286.72 285.69 284.94 284.28 283.38 282.28 281.47 280.34 278.78 277.12 275.69 274.03 272.19 270.09 267.97 266.12 264.62 264.00 263.59 263.03 262.53 261.84 260.97 259.97 258.75 257.47 256.31 255.34 254.53 253.78 253.91 248.38 246.25 245.00 243.91 243.44
305.53 304.88 304.16 303.50 302.97 302.22 301.72 301.22 300.66 300.03 299.41 298.91 298.31 297.53 296.69 295.94 295.59 295.47 295.41 295.06 294.69 294.12 293.81 293.47 293.22 292.81 292.38 291.88 291.44 290.97 290.38 289.66 289.03 288.31 287.62 286.72 285.66 284.84 284.28 283.59 282.66 281.69 280.34 278.94 277.41 275.56 273.88 272.12 270.34 268.59 266.88 265.62 265.25 265.12 264.44 263.81 263.06 262.12 261.00 259.69 258.16 256.81 255.84 255.03 254.25 253.19 251.91 251.31 250.47 250.03 249.91
306.19 305.56 304.78 303.94 303.41 302.97 302.53 301.75 301.16 300.56 300.06 299.53 298.81 297.97 297.09 296.56 296.19 296.12 295.97 295.69 295.31 294.94 294.56 294.06 293.72 293.47 292.97 292.44 292.03 291.44 290.75 289.94 289.16 288.34 287.59 286.84 285.88 284.84 284.25 283.56 282.78 281.78 280.59 279.31 278.03 276.12 273.78 272.38 270.94 269.53 267.81 266.75 266.50 266.25 265.59 264.97 264.16 263.25 263.50 261.25 258.06 257.06 256.16 255.31 254.50 253.69 252.84 252.06 251.38 250.88 250.28
306.75 306.16 305.16 304.31 303.88 303.50 302.94 302.19 301.53 300.97 300.38 299.88 299.41 298.62 298.06 297.50 297.06 296.97 296.81 296.47 296.09 295.62 295.09 294.53 294.28 294.03 293.66 293.16 292.59 291.94 291.03 290.25 289.34 288.38 287.69 286.88 285.91 284.81 284.09 283.59 282.84 281.81 280.47 279.22 277.84 276.22 274.31 272.91 271.66 270.59 269.66 268.16 267.88 267.25 266.62 266.00 265.19 264.41 263.81 263.25 258.56 257.41 256.62 255.66 254.91 254.12 253.31 252.53 251.88 251.22 250.56
307.25 306.53 305.66 305.00 304.34 304.06 303.59 302.78 301.97 301.31 300.88 300.47 299.94 299.44 298.97 298.62 298.25 297.97 297.59 297.19 296.81 296.22 295.66 295.12 294.97 294.66 294.25 293.75 293.16 292.50 291.53 290.66 289.66 288.44 287.56 286.78 285.78 284.72 284.00 283.44 282.84 281.88 281.00 279.59 278.03 276.75 275.09 273.50 272.31 271.59 270.94 270.00 268.88 268.19 267.50 266.91 266.16 265.31 264.44 263.16 260.88 258.12 257.22 256.34 255.53 254.59 253.66 252.91 252.28 251.62 250.94
307.53 306.81 306.16 305.50 304.97 304.66 304.25 303.62 302.81 301.94 301.50 301.00 300.66 300.16 299.88 299.66 299.16 298.78 298.31 297.88 297.31 296.84 296.22 295.88 295.59 295.19 294.75 294.25 293.69 293.03 292.16 291.44 290.03 288.53 287.69 286.94 285.84 284.91 284.31 283.69 282.91 282.09 281.31 280.56 279.28 277.72 276.03 274.50 273.00 272.53 271.97 271.09 270.06 269.28 268.59 267.78 267.03 266.16 265.12 264.00 263.25 260.88 257.81 257.09 256.31 255.19 254.22 253.47 252.91 252.28 251.56
308.00 307.16 306.56 305.97 305.50 305.12 304.84 304.19 303.38 302.62 302.12 301.75 301.25 301.06 301.00 300.47 300.00 299.50 298.97 298.41 297.88 297.47 296.91 296.56 296.12 295.69 295.19 294.66 294.03 293.47 292.66 291.84 290.44 289.09 288.19 287.12 286.25 285.25 284.53 283.94 283.06 282.41 281.72 280.75 279.75 278.25 276.59 275.22 274.22 273.91 273.25 272.03 271.28 270.50 269.44 268.75 268.00 267.06 266.00 264.94 263.91 262.62 258.69 257.66 256.66 256.06 255.09 254.53 253.97 253.38 252.38
308.53 307.56 307.12 306.56 306.06 305.72 305.28 304.59 304.00 303.44 303.00 302.50 302.34 302.09 301.62 301.19 300.66 300.09 299.50 298.94 298.31 297.97 297.50 297.06 296.59 296.12 295.66 295.12 294.50 293.50 292.91 292.28 291.56 290.50 289.09 287.84 286.84 285.91 285.47 284.72 283.72 282.75 281.81 280.69 279.44 278.59 277.94 276.44 275.41 274.81 274.19 273.34 272.59 271.53 270.66 269.88 269.03 268.03 266.94 265.78 264.59 263.22 260.97 259.03 257.72 256.75 255.91 255.38 255.06 254.41 253.50
308.97 308.16 307.75 307.22 306.81 306.44 306.12 305.47 304.97 304.66 303.97 303.59 303.19 302.72 302.25 301.72 301.16 300.59 299.91 299.31 298.75 298.38 297.94 297.53 297.09 296.66 296.03 295.44 294.84 294.22 293.56 293.00 292.28 291.31 289.91 288.81 287.81 287.09 286.41 285.31 284.34 283.25 282.28 281.34 280.41 279.94 279.75 278.59 276.94 275.88 275.19 274.38 273.44 272.50 271.59 270.91 270.06 269.03 267.72 266.47 265.28 264.00 262.62 261.16 258.94 257.88 257.06 256.41 255.97 255.44 254.53
309.84 309.09 308.50 308.00 307.50 307.12 306.69 306.09 305.81 305.31 304.75 304.28 303.78 303.28 302.72 302.12 301.56 301.06 300.44 299.75 299.38 298.91 298.44 297.97 297.56 297.19 296.47 295.62 295.16 294.66 294.00 293.31 292.72 291.69 290.75 289.81 289.06 288.25 287.25 286.06 284.91 283.91 283.12 282.25 281.44 280.94 280.75 280.19 279.00 277.78 276.72 275.75 274.69 273.50 272.75 271.88 270.97 269.84 268.50 267.22 266.00 264.84 263.62 262.16 260.41 259.19 258.22 257.47 256.88 256.38 255.47
310.88 310.16 309.44 308.78 308.19 307.59 307.09 306.62 306.34 305.81 305.34 304.81 304.28 303.72 303.09 302.50 301.81 301.28 300.59 300.22 299.97 299.56 298.97 298.50 298.06 297.53 297.03 296.31 295.72 295.19 294.56 293.88 293.16 292.44 291.56 290.53 289.78 288.94 288.00 286.59 285.28 284.56 284.03 283.00 282.19 281.56 281.03 280.69 280.25 279.56 278.78 277.94 276.91 275.56 274.25 273.00 271.97 270.78 269.50 268.12 266.78 265.59 264.41 263.06 261.62 260.41 259.34 258.50 257.78 257.25 256.31
311.31 310.75 310.09 309.41 308.69 308.03 307.56 307.12 306.72 306.25 305.78 305.25 304.69 304.06 303.44 302.59 301.94 301.38 300.88 300.69 300.41 299.84 299.28 298.91 298.44 297.97 297.38 296.97 296.53 295.91 295.00 294.12 293.44 292.75 292.09 291.31 290.50 289.53 288.53 287.25 286.22 285.66 284.66 283.62 282.88 282.19 281.66 281.34 281.00 280.75 280.34 279.84 279.09 278.53 277.59 276.06 273.78 272.03 270.56 269.09 267.53 266.31 265.16 264.00 262.72 261.50 260.41 259.44 258.62 258.06 256.94
311.75 311.22 310.56 309.84 309.06 308.38 307.84 307.41 306.97 306.53 306.16 305.53 304.88 304.22 303.50 302.81 302.16 301.72 301.38 301.19 300.75 300.19 299.72 299.12 298.75 298.31 297.94 297.75 297.25 296.66 295.72 294.84 294.06 293.22 292.62 292.06 291.16 290.22 289.31 288.22 287.47 286.75 285.72 284.53 283.56 283.19 282.88 282.25 281.91 281.69 281.34 280.88 280.34 279.81 279.25 278.16 276.78 273.47 271.50 269.81 268.28 267.12 265.81 264.84 263.78 262.53 261.34 260.28 259.38 258.56 257.19
312.09 311.53 310.88 310.09 309.25 308.62 308.03 307.56 307.19 306.84 306.47 305.94 305.38 304.62 303.69 303.03 302.44 302.12 301.84 301.44 301.00 300.66 300.38 300.09 299.66 299.25 298.78 298.44 297.94 297.38 296.56 295.66 294.91 294.16 293.66 292.81 292.03 291.34 290.16 289.09 288.41 287.44 286.50 285.69 285.06 284.22 284.22 283.50 283.06 282.72 282.25 281.72 281.19 280.62 280.06 279.56 278.91 276.16 272.34 270.97 269.16 267.75 266.47 265.84 264.72 263.44 262.22 261.09 259.97 258.69 257.16
312.31 311.75 311.12 310.06 309.25 308.62 308.19 307.81 307.50 307.25 306.84 306.34 305.72 305.03 304.09 303.31 302.84 302.50 302.22 302.06 301.81 301.56 301.38 301.09 300.50 299.94 299.44 299.09 298.59 297.88 297.19 296.50 295.78 295.03 294.31 293.53 292.81 291.66 290.62 289.69 288.84 287.97 287.53 286.94 286.22 285.41 284.94 284.69 284.47 283.88 283.25 282.59 281.88 281.22 280.56 279.91 278.81 276.28 273.78 271.56 270.06 268.56 267.44 266.41 265.44 264.09 263.00 261.75 260.38 258.84 257.12
312.44 312.03 311.12 310.22 309.47 309.06 308.62 308.28 308.00 307.62 307.19 306.56 305.94 305.28 304.47 303.75 303.38 303.06 303.03 303.03 302.69 302.47 302.25 301.88 301.34 300.62 300.22 299.69 299.03 298.44 297.91 297.16 296.31 295.59 294.84 294.06 293.19 292.19 291.59 290.81 289.78 289.03 288.44 287.59 287.22 286.41 286.03 285.75 285.47 284.91 284.28 283.44 282.56 281.75 281.00 280.25 279.25 276.78 273.41 272.03 270.62 269.06 268.28 267.12 266.28 264.91 263.66 262.34 260.81 259.12 257.34
312.31 311.75 311.19 310.53 309.94 309.47 309.19 308.84 308.44 308.06 307.47 306.78 306.31 305.53 304.78 304.25 304.03 303.88 304.16 304.00 303.78 303.47 303.28 302.78 302.16 301.69 301.06 300.44 299.69 299.19 298.41 297.72 296.78 296.03 295.31 294.56 293.62 293.12 292.84 292.19 291.19 290.41 289.44 288.50 288.00 287.62 287.03 286.56 286.09 285.62 285.06 284.22 283.22 282.31 281.50 280.69 279.47 277.38 274.28 272.38 270.66 269.44 268.84 267.69 266.88 265.50 264.44 263.00 261.38 259.62 257.75
312.38 311.88 311.38 310.69 310.09 309.81 309.59 309.25 308.72 308.12 307.69 307.09 306.53 305.94 305.41 304.91 304.75 304.84 305.03 304.94 304.88 304.59 304.31 303.66 303.06 302.66 302.16 301.41 300.50 299.88 299.28 298.06 297.03 296.38 295.53 294.78 294.25 294.19 294.03 293.22 292.72 291.72 290.88 290.00 289.12 288.41 287.78 287.22 286.66 286.12 285.56 284.78 283.88 282.91 282.03 281.09 279.84 278.00 274.94 272.12 271.06 270.03 269.12 268.12 267.44 266.28 265.28 263.75 262.03 260.25 258.34
312.72 312.25 311.66 310.84 310.34 310.03 309.62 309.28 308.94 308.72 308.00 307.56 307.19 306.53 306.03 305.91 305.94 305.94 305.97 305.91 305.78 305.59 305.25 304.84 304.44 303.88 303.16 302.28 301.50 300.84 299.91 298.69 297.59 296.84 296.16 295.47 295.25 295.16 295.03 294.41 293.66 292.94 292.00 291.03 289.97 289.09 288.44 287.75 287.12 286.50 285.88 285.09 284.34 283.41 282.50 281.56 280.50 279.09 277.09 274.56 271.44 270.59 269.59 268.84 267.91 266.94 265.94 264.50 262.78 260.97 259.09
312.94 312.41 311.75 311.06 310.59 310.25 309.97 309.69 309.47 309.12 308.72 308.56 308.16 307.31 306.84 306.97 306.81 306.81 306.91 306.62 306.44 306.41 306.28 305.97 305.53 304.91 304.12 303.22 302.53 301.72 300.75 299.66 298.34 297.53 296.91 296.47 296.31 296.09 295.78 295.34 294.66 293.94 292.97 291.88 290.69 289.69 288.97 288.22 287.50 286.84 286.12 285.41 284.62 283.78 282.84 282.03 281.19 280.31 279.47 279.09 272.25 271.03 270.22 269.25 268.22 267.41 266.44 265.12 263.50 261.72 259.91
312.91 312.56 311.84 311.28 310.88 310.53 310.38 310.09 309.97 309.75 309.62 309.38 308.72 308.03 307.59 307.66 307.69 307.81 307.75 307.41 307.31 307.22 307.22 306.94 306.50 305.88 305.00 304.06 303.38 302.47 301.50 300.19 298.94 298.09 297.78 297.56 297.09 296.72 296.53 296.19 295.62 294.88 293.84 292.59 291.19 290.16 289.44 288.50 287.78 287.09 286.41 285.72 284.97 284.12 283.19 282.41 281.78 281.28 280.41 277.47 272.94 271.69 270.62 269.22 268.16 267.84 267.00 265.56 264.03 262.38 260.69
313.03 312.62 312.31 311.91 311.53 311.22 311.25 311.09 310.94 310.66 310.28 310.03 309.34 308.72 308.72 308.62 308.72 308.81 308.62 308.34 308.06 308.16 308.12 307.91 307.47 306.84 305.91 304.97 304.16 303.19 302.16 300.81 299.25 298.72 298.66 298.47 297.84 297.47 297.25 297.00 296.50 295.72 294.66 293.19 291.91 290.53 289.66 288.69 288.06 287.38 286.72 286.09 285.41 284.59 283.69 282.72 282.19 281.78 280.97 278.34 273.78 271.94 270.59 269.19 268.81 268.38 266.97 265.38 264.31 262.81 261.28
313.44 313.31 312.91 312.59 312.25 312.28 312.31 312.22 311.91 311.59 311.16 310.78 310.34 310.03 309.94 309.69 309.84 309.84 309.41 308.97 309.03 309.09 309.12 308.88 308.44 307.75 306.88 305.81 304.91 303.81 302.69 301.06 299.81 299.53 299.44 299.19 298.72 298.28 297.97 297.81 297.34 296.53 295.47 294.00 292.38 291.12 290.06 289.12 288.47 287.62 287.12 286.59 285.91 285.16 284.31 283.22 282.38 282.03 281.41 279.41 274.88 272.56 271.00 269.81 269.50 268.62 267.59 266.19 264.56 263.09 261.66
