everonasctiles/Tile40,45.asc
ncols 128
nrows 128
xllcorner 0
yllcorner 0
cellsize 2.0
NODATA_value  -9999
[rows 32 to 63 of 128, columns 0 to 72 of 128]
-9.66 -9.50 -9.31 -9.16 -8.97 -8.81 -8.66 -8.50 -8.34 -8.19 -8.06 -7.91 -7.81 -7.72 -7.62 -7.53 -7.47 -7.38 -7.28 -7.19 -7.12 -7.06 -7.00 -6.94 -6.91 -6.88 -6.84 -6.84 -6.84 -6.81 -6.81 -6.84 -6.84 -6.84 -6.88 -6.91 -6.94 -7.00 -7.06 -7.12 -7.19 -7.28 -7.34 -7.44 -7.53 -7.66 -7.75 -7.88 -8.00 -8.09 -8.22 -8.34 -8.47 -8.56 -8.69 -8.78 -8.88 -8.97 -9.06 -9.09 -9.12 -9.12 -9.12 -9.12 -9.09 -9.06 -9.03 -8.97 -8.91 -8.84 -8.75 -8.69 -8.62
-9.81 -9.66 -9.50 -9.34 -9.19 -9.00 -8.88 -8.72 -8.59 -8.44 -8.28 -8.16 -8.06 -7.94 -7.84 -7.78 -7.69 -7.62 -7.53 -7.44 -7.34 -7.28 -7.25 -7.19 -7.16 -7.12 -7.09 -7.09 -7.09 -7.06 -7.06 -7.06 -7.09 -7.09 -7.12 -7.16 -7.16 -7.22 -7.28 -7.34 -7.41 -7.47 -7.53 -7.62 -7.72 -7.81 -7.94 -8.03 -8.12 -8.25 -8.34 -8.47 -8.59 -8.69 -8.78 -8.88 -9.00 -9.09 -9.16 -9.19 -9.22 -9.25 -9.25 -9.25 -9.22 -9.19 -9.16 -9.09 -9.03 -8.97 -8.91 -8.84 -8.78
-10.00 -9.81 -9.66 -9.50 -9.38 -9.22 -9.09 -8.94 -8.81 -8.66 -8.53 -8.41 -8.31 -8.22 -8.09 -8.00 -7.94 -7.88 -7.78 -7.72 -7.62 -7.56 -7.50 -7.44 -7.41 -7.38 -7.38 -7.34 -7.34 -7.34 -7.31 -7.31 -7.31 -7.34 -7.38 -7.38 -7.41 -7.44 -7.50 -7.56 -7.59 -7.66 -7.72 -7.81 -7.91 -8.00 -8.09 -8.19 -8.28 -8.41 -8.50 -8.62 -8.72 -8.81 -8.91 -9.00 -9.09 -9.19 -9.25 -9.28 -9.31 -9.34 -9.34 -9.34 -9.34 -9.31 -9.28 -9.22 -9.19 -9.12 -9.03 -8.97 -8.91
-10.12 -9.97 -9.81 -9.69 -9.56 -9.41 -9.31 -9.16 -9.00 -8.88 -8.75 -8.66 -8.53 -8.44 -8.38 -8.28 -8.19 -8.12 -8.03 -7.97 -7.91 -7.84 -7.78 -7.72 -7.66 -7.62 -7.62 -7.62 -7.59 -7.59 -7.59 -7.59 -7.56 -7.59 -7.59 -7.62 -7.66 -7.66 -7.72 -7.75 -7.81 -7.88 -7.94 -8.00 -8.09 -8.16 -8.25 -8.34 -8.47 -8.56 -8.66 -8.75 -8.84 -8.94 -9.03 -9.12 -9.19 -9.28 -9.34 -9.38 -9.41 -9.44 -9.44 -9.47 -9.44 -9.41 -9.38 -9.34 -9.31 -9.25 -9.19 -9.12 -9.06
-10.31 -10.16 -10.03 -9.88 -9.75 -9.59 -9.47 -9.38 -9.25 -9.09 -9.00 -8.88 -8.78 -8.69 -8.59 -8.53 -8.47 -8.41 -8.31 -8.19 -8.09 -8.06 -8.00 -7.94 -7.91 -7.88 -7.84 -7.84 -7.88 -7.88 -7.88 -7.84 -7.88 -7.84 -7.88 -7.88 -7.91 -7.91 -7.94 -8.00 -8.06 -8.09 -8.16 -8.22 -8.28 -8.38 -8.44 -8.50 -8.59 -8.69 -8.78 -8.88 -8.97 -9.06 -9.16 -9.22 -9.31 -9.38 -9.44 -9.47 -9.50 -9.53 -9.53 -9.56 -9.53 -9.53 -9.50 -9.44 -9.41 -9.38 -9.31 -9.25 -9.19
-10.47 -10.31 -10.16 -10.03 -9.91 -9.75 -9.66 -9.53 -9.44 -9.31 -9.19 -9.09 -9.03 -8.94 -8.84 -8.78 -8.72 -8.66 -8.56 -8.47 -8.38 -8.31 -8.25 -8.19 -8.16 -8.12 -8.09 -8.09 -8.12 -8.12 -8.12 -8.12 -8.12 -8.12 -8.16 -8.16 -8.16 -8.16 -8.19 -8.22 -8.28 -8.31 -8.34 -8.44 -8.50 -8.56 -8.59 -8.69 -8.75 -8.84 -8.94 -9.03 -9.12 -9.19 -9.28 -9.34 -9.44 -9.50 -9.53 -9.56 -9.59 -9.62 -9.62 -9.66 -9.66 -9.62 -9.59 -9.56 -9.50 -9.47 -9.41 -9.38 -9.31
-10.59 -10.47 -10.34 -10.22 -10.09 -9.94 -9.81 -9.69 -9.59 -9.47 -9.38 -9.31 -9.22 -9.16 -9.09 -9.00 -8.94 -8.88 -8.81 -8.75 -8.66 -8.59 -8.50 -8.44 -8.41 -8.38 -8.38 -8.34 -8.34 -8.34 -8.38 -8.38 -8.34 -8.38 -8.41 -8.41 -8.44 -8.44 -8.44 -8.47 -8.53 -8.53 -8.59 -8.62 -8.66 -8.72 -8.78 -8.84 -8.94 -9.00 -9.09 -9.16 -9.22 -9.31 -9.38 -9.47 -9.53 -9.59 -9.62 -9.66 -9.69 -9.69 -9.72 -9.72 -9.72 -9.69 -9.69 -9.66 -9.59 -9.56 -9.53 -9.47 -9.44
-10.78 -10.62 -10.53 -10.38 -10.25 -10.09 -9.97 -9.88 -9.75 -9.66 -9.56 -9.50 -9.44 -9.38 -9.31 -9.22 -9.19 -9.12 -9.06 -9.00 -8.94 -8.88 -8.78 -8.72 -8.66 -8.62 -8.62 -8.62 -8.59 -8.59 -8.62 -8.62 -8.62 -8.62 -8.66 -8.66 -8.66 -8.69 -8.69 -8.72 -8.75 -8.78 -8.81 -8.84 -8.88 -8.91 -9.00 -9.06 -9.12 -9.19 -9.22 -9.28 -9.38 -9.44 -9.50 -9.56 -9.62 -9.69 -9.72 -9.75 -9.78 -9.78 -9.81 -9.81 -9.81 -9.78 -9.75 -9.72 -9.69 -9.66 -9.62 -9.56 -9.53
-10.91 -10.81 -10.69 -10.56 -10.41 -10.28 -10.16 -10.03 -9.94 -9.84 -9.75 -9.69 -9.59 -9.53 -9.47 -9.44 -9.41 -9.34 -9.31 -9.22 -9.16 -9.09 -9.03 -8.97 -8.91 -8.88 -8.84 -8.84 -8.88 -8.88 -8.84 -8.88 -8.88 -8.88 -8.91 -8.91 -8.94 -8.94 -8.94 -8.94 -8.97 -8.97 -9.00 -9.06 -9.06 -9.12 -9.16 -9.22 -9.28 -9.34 -9.41 -9.44 -9.50 -9.56 -9.62 -9.66 -9.72 -9.78 -9.81 -9.84 -9.88 -9.88 -9.88 -9.88 -9.88 -9.88 -9.84 -9.81 -9.78 -9.75 -9.72 -9.66 -9.62
-11.03 -10.94 -10.81 -10.72 -10.59 -10.44 -10.28 -10.19 -10.09 -10.03 -9.94 -9.88 -9.81 -9.75 -9.69 -9.62 -9.59 -9.56 -9.50 -9.44 -9.38 -9.31 -9.25 -9.22 -9.19 -9.16 -9.12 -9.09 -9.09 -9.09 -9.09 -9.09 -9.12 -9.12 -9.12 -9.12 -9.16 -9.19 -9.19 -9.16 -9.19 -9.19 -9.22 -9.25 -9.28 -9.31 -9.34 -9.44 -9.44 -9.50 -9.53 -9.59 -9.66 -9.72 -9.78 -9.81 -9.84 -9.88 -9.91 -9.94 -9.94 -9.94 -9.97 -9.97 -9.97 -9.94 -9.94 -9.91 -9.88 -9.84 -9.81 -9.75 -9.69
-11.16 -11.06 -10.97 -10.84 -10.72 -10.59 -10.47 -10.34 -10.25 -10.19 -10.09 -10.03 -9.97 -9.91 -9.88 -9.81 -9.78 -9.75 -9.72 -9.66 -9.59 -9.56 -9.53 -9.47 -9.44 -9.44 -9.41 -9.38 -9.31 -9.31 -9.34 -9.38 -9.34 -9.34 -9.34 -9.38 -9.38 -9.41 -9.41 -9.41 -9.41 -9.41 -9.44 -9.44 -9.47 -9.50 -9.53 -9.59 -9.62 -9.66 -9.69 -9.75 -9.78 -9.81 -9.88 -9.91 -9.97 -10.00 -10.03 -10.03 -10.03 -10.03 -10.03 -10.03 -10.03 -10.00 -10.00 -9.97 -9.97 -9.94 -9.88 -9.81 -9.78
-11.28 -11.16 -11.06 -10.97 -10.88 -10.75 -10.62 -10.50 -10.41 -10.31 -10.25 -10.19 -10.12 -10.09 -10.06 -10.03 -9.97 -9.94 -9.91 -9.88 -9.84 -9.81 -9.78 -9.72 -9.69 -9.66 -9.62 -9.66 -9.62 -9.56 -9.56 -9.56 -9.56 -9.56 -9.56 -9.59 -9.62 -9.62 -9.62 -9.62 -9.62 -9.66 -9.66 -9.66 -9.69 -9.72 -9.72 -9.75 -9.78 -9.81 -9.84 -9.91 -9.91 -9.94 -9.97 -10.03 -10.06 -10.09 -10.12 -10.16 -10.16 -10.12 -10.12 -10.12 -10.09 -10.09 -10.06 -10.06 -10.03 -10.00 -9.94 -9.91 -9.84
-11.38 -11.28 -11.19 -11.09 -11.00 -10.91 -10.81 -10.69 -10.56 -10.50 -10.44 -10.38 -10.28 -10.25 -10.25 -10.22 -10.19 -10.16 -10.12 -10.09 -10.06 -10.03 -9.97 -9.94 -9.91 -9.91 -9.88 -9.88 -9.88 -9.84 -9.78 -9.78 -9.81 -9.78 -9.81 -9.81 -9.84 -9.84 -9.84 -9.84 -9.84 -9.84 -9.84 -9.88 -9.88 -9.88 -9.91 -9.94 -9.97 -10.00 -10.00 -10.03 -10.06 -10.09 -10.09 -10.12 -10.16 -10.19 -10.22 -10.22 -10.22 -10.25 -10.22 -10.22 -10.19 -10.19 -10.16 -10.12 -10.09 -10.06 -10.00 -9.97 -9.94
-11.44 -11.38 -11.28 -11.22 -11.12 -11.03 -10.94 -10.88 -10.75 -10.66 -10.56 -10.50 -10.47 -10.44 -10.41 -10.38 -10.38 -10.34 -10.34 -10.31 -10.25 -10.19 -10.19 -10.19 -10.16 -10.12 -10.12 -10.12 -10.12 -10.09 -10.09 -10.06 -10.03 -10.03 -10.00 -10.03 -10.06 -10.06 -10.06 -10.06 -10.06 -10.03 -10.06 -10.06 -10.09 -10.09 -10.06 -10.12 -10.12 -10.16 -10.16 -10.19 -10.22 -10.22 -10.25 -10.25 -10.28 -10.28 -10.28 -10.31 -10.28 -10.28 -10.28 -10.28 -10.25 -10.25 -10.22 -10.19 -10.16 -10.12 -10.06 -10.03 -10.00
-11.56 -11.50 -11.41 -11.31 -11.22 -11.16 -11.09 -11.03 -10.94 -10.81 -10.75 -10.69 -10.62 -10.59 -10.56 -10.56 -10.53 -10.50 -10.47 -10.47 -10.41 -10.38 -10.38 -10.38 -10.34 -10.34 -10.34 -10.34 -10.34 -10.31 -10.31 -10.28 -10.28 -10.25 -10.25 -10.25 -10.25 -10.25 -10.28 -10.28 -10.28 -10.28 -10.28 -10.28 -10.31 -10.31 -10.28 -10.28 -10.31 -10.34 -10.34 -10.34 -10.34 -10.34 -10.38 -10.38 -10.38 -10.38 -10.41 -10.38 -10.38 -10.34 -10.34 -10.31 -10.28 -10.28 -10.28 -10.25 -10.22 -10.16 -10.12 -10.09 -10.06
-11.62 -11.53 -11.47 -11.41 -11.34 -11.28 -11.19 -11.12 -11.03 -10.97 -10.91 -10.84 -10.81 -10.75 -10.72 -10.69 -10.66 -10.69 -10.66 -10.62 -10.59 -10.59 -10.59 -10.56 -10.56 -10.53 -10.53 -10.53 -10.56 -10.53 -10.50 -10.50 -10.50 -10.47 -10.44 -10.44 -10.47 -10.47 -10.47 -10.47 -10.47 -10.50 -10.50 -10.50 -10.50 -10.50 -10.50 -10.47 -10.47 -10.50 -10.50 -10.50 -10.50 -10.50 -10.50 -10.50 -10.50 -10.50 -10.50 -10.50 -10.47 -10.44 -10.41 -10.38 -10.38 -10.34 -10.31 -10.31 -10.28 -10.25 -10.19 -10.16 -10.09
-11.72 -11.66 -11.56 -11.50 -11.44 -11.38 -11.31 -11.22 -11.16 -11.09 -11.03 -11.00 -10.94 -10.91 -10.88 -10.84 -10.81 -10.81 -10.78 -10.78 -10.81 -10.81 -10.75 -10.72 -10.75 -10.72 -10.72 -10.72 -10.72 -10.72 -10.75 -10.72 -10.69 -10.69 -10.69 -10.66 -10.69 -10.69 -10.69 -10.69 -10.69 -10.69 -10.69 -10.66 -10.69 -10.69 -10.69 -10.66 -10.62 -10.62 -10.66 -10.66 -10.62 -10.62 -10.62 -10.62 -10.62 -10.59 -10.59 -10.59 -10.59 -10.53 -10.50 -10.47 -10.44 -10.41 -10.41 -10.38 -10.34 -10.28 -10.22 -10.19 -10.16
-11.78 -11.72 -11.66 -11.59 -11.53 -11.47 -11.41 -11.31 -11.25 -11.19 -11.16 -11.12 -11.06 -11.03 -11.00 -11.00 -10.97 -10.97 -10.97 -10.94 -10.94 -10.91 -10.94 -10.94 -10.91 -10.88 -10.91 -10.94 -10.94 -10.97 -10.94 -10.94 -10.94 -10.94 -10.91 -10.91 -10.88 -10.88 -10.88 -10.88 -10.88 -10.88 -10.88 -10.84 -10.88 -10.88 -10.88 -10.84 -10.78 -10.81 -10.81 -10.78 -10.78 -10.75 -10.75 -10.75 -10.72 -10.72 -10.69 -10.66 -10.66 -10.66 -10.62 -10.59 -10.53 -10.50 -10.47 -10.44 -10.38 -10.31 -10.28 -10.25 -10.22
-11.84 -11.78 -11.72 -11.66 -11.59 -11.53 -11.47 -11.38 -11.31 -11.28 -11.25 -11.22 -11.19 -11.16 -11.12 -11.12 -11.09 -11.06 -11.09 -11.06 -11.03 -11.06 -11.06 -11.03 -11.06 -11.09 -11.12 -11.12 -11.12 -11.12 -11.16 -11.16 -11.16 -11.16 -11.12 -11.09 -11.06 -11.06 -11.06 -11.06 -11.06 -11.06 -11.03 -11.00 -11.03 -11.03 -11.00 -10.97 -10.94 -10.97 -10.97 -10.94 -10.91 -10.91 -10.88 -10.84 -10.81 -10.81 -10.78 -10.75 -10.72 -10.72 -10.69 -10.66 -10.62 -10.59 -10.56 -10.50 -10.47 -10.41 -10.34 -10.28 -10.22
-11.88 -11.81 -11.78 -11.72 -11.66 -11.59 -11.50 -11.44 -11.41 -11.38 -11.31 -11.28 -11.31 -11.31 -11.28 -11.25 -11.22 -11.25 -11.25 -11.22 -11.16 -11.22 -11.22 -11.22 -11.25 -11.25 -11.28 -11.28 -11.31 -11.31 -11.31 -11.28 -11.28 -11.28 -11.31 -11.28 -11.28 -11.25 -11.22 -11.22 -11.22 -11.19 -11.19 -11.19 -11.16 -11.12 -11.16 -11.16 -11.12 -11.09 -11.09 -11.09 -11.06 -11.03 -11.00 -10.97 -10.97 -10.94 -10.88 -10.84 -10.81 -10.81 -10.78 -10.72 -10.69 -10.66 -10.59 -10.56 -10.53 -10.47 -10.41 -10.34 -10.28
-11.91 -11.88 -11.84 -11.78 -11.75 -11.66 -11.56 -11.53 -11.47 -11.41 -11.34 -11.38 -11.41 -11.41 -11.41 -11.38 -11.38 -11.34 -11.38 -11.34 -11.31 -11.34 -11.34 -11.38 -11.41 -11.44 -11.44 -11.47 -11.50 -11.50 -11.47 -11.50 -11.47 -11.47 -11.44 -11.44 -11.44 -11.41 -11.41 -11.41 -11.38 -11.34 -11.31 -11.31 -11.31 -11.31 -11.31 -11.28 -11.28 -11.28 -11.25 -11.22 -11.22 -11.19 -11.12 -11.06 -11.06 -11.06 -11.00 -10.97 -10.94 -10.91 -10.84 -10.78 -10.75 -10.72 -10.66 -10.62 -10.59 -10.50 -10.44 -10.41 -10.34
-11.94 -11.91 -11.88 -11.84 -11.78 -11.72 -11.66 -11.59 -11.53 -11.50 -11.44 -11.44 -11.44 -11.47 -11.50 -11.50 -11.50 -11.50 -11.47 -11.44 -11.41 -11.44 -11.47 -11.53 -11.53 -11.56 -11.59 -11.62 -11.66 -11.66 -11.66 -11.66 -11.62 -11.62 -11.59 -11.59 -11.59 -11.56 -11.59 -11.56 -11.53 -11.50 -11.50 -11.47 -11.47 -11.47 -11.44 -11.44 -11.44 -11.41 -11.38 -11.38 -11.34 -11.31 -11.25 -11.19 -11.12 -11.12 -11.12 -11.09 -11.06 -11.00 -10.94 -10.88 -10.84 -10.78 -10.75 -10.69 -10.66 -10.56 -10.50 -10.47 -10.41
-11.94 -11.91 -11.88 -11.84 -11.81 -11.75 -11.72 -11.66 -11.59 -11.56 -11.53 -11.50 -11.50 -11.56 -11.59 -11.56 -11.56 -11.56 -11.59 -11.59 -11.53 -11.53 -11.59 -11.62 -11.66 -11.69 -11.72 -11.78 -11.78 -11.78 -11.78 -11.81 -11.78 -11.75 -11.75 -11.75 -11.75 -11.72 -11.72 -11.69 -11.69 -11.66 -11.62 -11.62 -11.59 -11.59 -11.56 -11.56 -11.53 -11.53 -11.53 -11.50 -11.47 -11.41 -11.38 -11.31 -11.25 -11.22 -11.22 -11.16 -11.12 -11.06 -11.00 -10.94 -10.91 -10.84 -10.81 -10.75 -10.69 -10.62 -10.56 -10.50 -10.44
-11.97 -11.94 -11.91 -11.88 -11.81 -11.78 -11.75 -11.69 -11.69 -11.66 -11.59 -11.56 -11.59 -11.62 -11.62 -11.66 -11.66 -11.66 -11.69 -11.66 -11.62 -11.62 -11.69 -11.72 -11.78 -11.78 -11.84 -11.88 -11.91 -11.91 -11.91 -11.88 -11.88 -11.88 -11.88 -11.84 -11.84 -11.84 -11.88 -11.84 -11.84 -11.78 -11.75 -11.75 -11.72 -11.69 -11.66 -11.66 -11.66 -11.66 -11.66 -11.62 -11.59 -11.53 -11.47 -11.41 -11.38 -11.31 -11.28 -11.25 -11.19 -11.12 -11.09 -11.00 -10.94 -10.91 -10.88 -10.81 -10.75 -10.66 -10.59 -10.53 -10.50
-11.97 -11.97 -11.94 -11.91 -11.88 -11.81 -11.78 -11.75 -11.72 -11.72 -11.69 -11.66 -11.66 -11.69 -11.69 -11.72 -11.78 -11.78 -11.81 -11.75 -11.69 -11.75 -11.78 -11.81 -11.88 -11.91 -11.97 -11.97 -12.00 -12.03 -12.03 -12.03 -12.00 -11.97 -11.94 -11.97 -12.00 -12.00 -11.97 -11.97 -11.94 -11.91 -11.88 -11.84 -11.81 -11.81 -11.78 -11.78 -11.75 -11.78 -11.75 -11.75 -11.69 -11.62 -11.53 -11.50 -11.47 -11.41 -11.38 -11.34 -11.25 -11.19 -11.12 -11.03 -11.03 -10.97 -10.91 -10.81 -10.78 -10.72 -10.62 -10.59 -10.56
-12.03 -12.03 -12.03 -11.97 -11.91 -11.84 -11.78 -11.81 -11.75 -11.75 -11.75 -11.75 -11.78 -11.78 -11.78 -11.81 -11.84 -11.84 -11.84 -11.81 -11.81 -11.84 -11.88 -11.94 -12.00 -12.03 -12.06 -12.09 -12.09 -12.12 -12.16 -12.16 -12.16 -12.12 -12.09 -12.09 -12.09 -12.09 -12.06 -12.03 -12.06 -12.03 -11.97 -11.94 -11.94 -11.91 -11.91 -11.91 -11.91 -11.88 -11.88 -11.84 -11.81 -11.75 -11.69 -11.59 -11.50 -11.47 -11.44 -11.41 -11.31 -11.25 -11.19 -11.16 -11.09 -11.00 -10.94 -10.88 -10.81 -10.78 -10.69 -10.62 -10.59
-12.00 -12.00 -11.97 -11.94 -11.91 -11.88 -11.81 -11.78 -11.78 -11.78 -11.81 -11.81 -11.84 -11.88 -11.88 -11.91 -11.91 -11.88 -11.88 -11.91 -11.94 -11.94 -11.94 -12.00 -12.06 -12.12 -12.16 -12.19 -12.22 -12.25 -12.25 -12.25 -12.25 -12.22 -12.22 -12.22 -12.22 -12.22 -12.22 -12.16 -12.19 -12.12 -12.09 -12.06 -12.06 -12.03 -12.03 -12.00 -11.97 -11.97 -11.97 -11.94 -11.91 -11.84 -11.78 -11.72 -11.62 -11.53 -11.50 -11.47 -11.38 -11.31 -11.25 -11.19 -11.12 -11.03 -10.97 -10.91 -10.88 -10.81 -10.75 -10.69 -10.66
-11.94 -11.91 -11.94 -11.91 -11.81 -11.81 -11.84 -11.81 -11.78 -11.81 -11.84 -11.84 -11.88 -11.88 -11.91 -11.91 -11.88 -11.88 -11.91 -12.00 -12.00 -12.00 -12.00 -12.06 -12.12 -12.19 -12.22 -12.31 -12.31 -12.34 -12.38 -12.38 -12.34 -12.34 -12.34 -12.31 -12.31 -12.31 -12.25 -12.22 -12.22 -12.22 -12.19 -12.19 -12.16 -12.12 -12.12 -12.09 -12.09 -12.06 -12.00 -11.97 -11.97 -11.94 -11.88 -11.81 -11.75 -11.62 -11.56 -11.56 -11.47 -11.38 -11.31 -11.25 -11.16 -11.09 -11.03 -10.94 -10.88 -10.84 -10.78 -10.72 -10.69
-11.94 -11.91 -11.91 -11.91 -11.84 -11.78 -11.78 -11.75 -11.78 -11.84 -11.84 -11.84 -11.84 -11.88 -11.94 -11.91 -11.94 -11.97 -12.00 -12.06 -12.03 -12.03 -12.06 -12.06 -12.12 -12.22 -12.28 -12.34 -12.41 -12.41 -12.44 -12.47 -12.47 -12.47 -12.47 -12.44 -12.38 -12.41 -12.34 -12.31 -12.28 -12.28 -12.28 -12.25 -12.22 -12.22 -12.19 -12.19 -12.16 -12.12 -12.12 -12.09 -12.06 -12.00 -11.97 -11.91 -11.81 -11.75 -11.69 -11.62 -11.53 -11.44 -11.38 -11.31 -11.22 -11.12 -11.06 -11.00 -10.94 -10.88 -10.81 -10.75 -10.66
-12.03 -12.00 -12.00 -11.97 -11.94 -11.88 -11.81 -11.81 -11.78 -11.81 -11.84 -11.81 -11.84 -11.91 -11.94 -11.97 -12.00 -12.09 -12.06 -12.06 -12.06 -12.09 -12.09 -12.12 -12.16 -12.25 -12.34 -12.41 -12.44 -12.47 -12.50 -12.53 -12.56 -12.53 -12.53 -12.50 -12.50 -12.47 -12.44 -12.41 -12.38 -12.34 -12.34 -12.34 -12.31 -12.31 -12.25 -12.25 -12.25 -12.22 -12.22 -12.19 -12.12 -12.09 -12.06 -12.00 -11.91 -11.81 -11.69 -11.62 -11.59 -11.53 -11.44 -11.34 -11.25 -11.16 -11.09 -11.03 -10.97 -10.91 -10.84 -10.78 -10.69
-12.06 -12.00 -11.97 -11.97 -11.91 -11.88 -11.84 -11.81 -11.81 -11.81 -11.84 -11.84 -11.84 -11.84 -11.94 -12.00 -12.06 -12.06 -12.03 -12.06 -12.12 -12.09 -12.12 -12.19 -12.22 -12.28 -12.34 -12.41 -12.47 -12.50 -12.53 -12.56 -12.59 -12.59 -12.59 -12.59 -12.56 -12.53 -12.53 -12.50 -12.44 -12.47 -12.47 -12.44 -12.44 -12.38 -12.34 -12.31 -12.28 -12.31 -12.28 -12.22 -12.19 -12.16 -12.09 -12.00 -11.91 -11.81 -11.75 -11.72 -11.66 -11.56 -11.50 -11.41 -11.31 -11.22 -11.12 -11.06 -10.97 -10.91 -10.88 -10.81 -10.75
-12.00 -11.97 -11.91 -11.88 -11.81 -11.78 -11.81 -11.81 -11.81 -11.81 -11.84 -11.84 -11.84 -11.91 -12.00 -12.06 -12.00 -11.94 -12.00 -12.03 -12.09 -12.12 -12.19 -12.25 -12.28 -12.34 -12.41 -12.47 -12.53 -12.56 -12.59 -12.59 -12.62 -12.66 -12.66 -12.66 -12.62 -12.59 -12.59 -12.59 -12.53 -12.50 -12.53 -12.50 -12.50 -12.47 -12.44 -12.41 -12.41 -12.34 -12.31 -12.25 -12.19 -12.12 -12.06 -12.03 -11.97 -11.94 -11.84 -11.78 -11.72 -11.62 -11.56 -11.47 -11.41 -11.31 -11.22 -11.09 -11.03 -10.97 -10.91 -10.84 -10.78
