everonasctiles/Tile[37,24].asc
ncols 128
nrows 128
xllcorner 0
yllcorner 0
cellsize 2.0
NODATA_value  -9999
[rows 0 to 31 of 128, columns 0 to 70 of 128]
-71.62 -71.78 -71.94 -72.12 -72.31 -72.47 -72.62 -72.75 -72.88 -73.00 -73.19 -73.34 -73.44 -73.50 -73.47 -73.38 -73.19 -72.91 -72.62 -72.31 -71.94 -71.59 -71.75 -72.06 -72.31 -72.53 -72.75 -73.00 -73.25 -73.50 -73.66 -73.62 -73.50 -73.31 -73.09 -72.91 -72.75 -72.69 -72.59 -72.47 -72.53 -72.81 -73.06 -73.31 -73.53 -73.78 -74.03 -74.25 -74.34 -74.38 -74.44 -74.66 -74.94 -75.06 -75.09 -75.03 -75.00 -75.09 -75.25 -75.31 -75.31 -75.31 -75.28 -75.31 -75.41 -75.56 -75.72 -75.84 -76.00 -76.09 -76.22
-71.25 -71.44 -71.62 -71.84 -72.03 -72.22 -72.34 -72.47 -72.59 -72.75 -72.94 -73.06 -73.16 -73.19 -73.19 -73.12 -72.94 -72.69 -72.41 -72.09 -71.75 -71.38 -71.47 -71.78 -71.97 -72.16 -72.38 -72.59 -72.88 -73.09 -73.19 -73.16 -73.00 -72.81 -72.62 -72.41 -72.25 -72.12 -72.00 -71.91 -72.06 -72.38 -72.59 -72.84 -73.09 -73.38 -73.62 -73.78 -73.78 -73.66 -73.78 -74.09 -74.44 -74.72 -74.91 -75.09 -75.25 -75.41 -75.50 -75.56 -75.59 -75.56 -75.50 -75.47 -75.50 -75.66 -75.78 -75.94 -76.03 -76.12 -76.22
-70.88 -71.09 -71.31 -71.56 -71.78 -71.94 -72.09 -72.22 -72.34 -72.50 -72.66 -72.78 -72.84 -72.91 -72.91 -72.88 -72.72 -72.47 -72.19 -71.91 -71.59 -71.22 -71.19 -71.44 -71.62 -71.81 -72.00 -72.22 -72.47 -72.66 -72.72 -72.66 -72.50 -72.31 -72.09 -71.88 -71.62 -71.47 -71.41 -71.41 -71.66 -71.94 -72.19 -72.44 -72.69 -72.97 -73.19 -73.22 -73.03 -73.06 -73.41 -73.88 -74.34 -74.75 -75.09 -75.34 -75.50 -75.66 -75.75 -75.84 -75.88 -75.84 -75.78 -75.69 -75.69 -75.81 -75.94 -76.06 -76.19 -76.25 -76.31
-70.53 -70.75 -71.03 -71.28 -71.50 -71.69 -71.81 -71.97 -72.09 -72.25 -72.41 -72.50 -72.56 -72.62 -72.62 -72.59 -72.47 -72.28 -72.00 -71.69 -71.41 -71.09 -70.94 -71.12 -71.28 -71.47 -71.62 -71.84 -72.06 -72.22 -72.25 -72.16 -72.00 -71.78 -71.56 -71.31 -70.97 -70.81 -70.81 -70.94 -71.28 -71.56 -71.78 -72.03 -72.22 -72.44 -72.50 -72.47 -72.56 -72.97 -73.56 -74.16 -74.69 -75.09 -75.34 -75.56 -75.75 -75.91 -76.06 -76.16 -76.19 -76.16 -76.06 -75.97 -75.97 -76.06 -76.16 -76.28 -76.38 -76.47 -76.53
-70.16 -70.44 -70.72 -71.00 -71.22 -71.41 -71.56 -71.72 -71.88 -72.00 -72.12 -72.22 -72.28 -72.31 -72.34 -72.34 -72.22 -72.03 -71.78 -71.47 -71.19 -70.88 -70.69 -70.81 -70.97 -71.12 -71.28 -71.47 -71.66 -71.75 -71.78 -71.69 -71.50 -71.31 -71.06 -70.72 -70.38 -70.22 -70.28 -70.56 -70.91 -71.16 -71.38 -71.53 -71.69 -71.88 -72.03 -72.31 -72.75 -73.34 -74.03 -74.69 -75.09 -75.38 -75.59 -75.81 -76.00 -76.19 -76.38 -76.47 -76.50 -76.47 -76.38 -76.28 -76.28 -76.34 -76.44 -76.53 -76.62 -76.69 -76.78
-69.81 -70.12 -70.44 -70.69 -70.94 -71.12 -71.28 -71.47 -71.62 -71.75 -71.88 -71.94 -72.00 -72.03 -72.06 -72.03 -71.94 -71.78 -71.53 -71.25 -70.97 -70.66 -70.41 -70.47 -70.62 -70.78 -70.94 -71.09 -71.25 -71.34 -71.31 -71.22 -71.03 -70.81 -70.59 -70.25 -69.84 -69.72 -69.91 -70.25 -70.59 -70.88 -71.12 -71.41 -71.78 -72.16 -72.53 -72.88 -73.31 -73.91 -74.56 -75.03 -75.38 -75.62 -75.88 -76.09 -76.31 -76.50 -76.66 -76.78 -76.84 -76.78 -76.69 -76.59 -76.62 -76.66 -76.72 -76.81 -76.88 -76.97 -77.03
-69.50 -69.81 -70.16 -70.41 -70.62 -70.84 -71.03 -71.22 -71.38 -71.53 -71.62 -71.69 -71.72 -71.75 -71.75 -71.72 -71.66 -71.50 -71.28 -71.03 -70.75 -70.44 -70.16 -70.12 -70.31 -70.44 -70.56 -70.72 -70.84 -70.91 -70.88 -70.75 -70.59 -70.38 -70.16 -69.88 -69.50 -69.44 -69.75 -70.12 -70.44 -70.78 -71.16 -71.59 -72.06 -72.53 -73.00 -73.47 -73.94 -74.41 -74.88 -75.31 -75.66 -75.94 -76.19 -76.41 -76.59 -76.81 -76.97 -77.09 -77.16 -77.12 -77.03 -76.94 -76.97 -77.00 -77.03 -77.09 -77.16 -77.22 -77.31
-69.19 -69.53 -69.84 -70.09 -70.31 -70.53 -70.75 -70.97 -71.16 -71.31 -71.41 -71.44 -71.44 -71.44 -71.44 -71.41 -71.31 -71.19 -71.00 -70.78 -70.50 -70.22 -69.94 -69.84 -69.97 -70.12 -70.25 -70.38 -70.47 -70.50 -70.44 -70.31 -70.16 -69.97 -69.78 -69.56 -69.31 -69.34 -69.69 -70.00 -70.38 -70.75 -71.22 -71.69 -72.22 -72.75 -73.25 -73.75 -74.25 -74.72 -75.16 -75.56 -75.94 -76.25 -76.50 -76.72 -76.91 -77.09 -77.28 -77.41 -77.50 -77.47 -77.41 -77.31 -77.31 -77.31 -77.34 -77.38 -77.41 -77.50 -77.59
-68.88 -69.22 -69.50 -69.78 -70.00 -70.25 -70.50 -70.72 -70.94 -71.06 -71.16 -71.16 -71.16 -71.12 -71.09 -71.06 -70.97 -70.88 -70.72 -70.50 -70.25 -70.00 -69.72 -69.56 -69.66 -69.78 -69.94 -70.06 -70.12 -70.12 -70.06 -69.94 -69.78 -69.62 -69.47 -69.31 -69.19 -69.28 -69.56 -69.88 -70.28 -70.72 -71.22 -71.78 -72.34 -72.91 -73.47 -74.00 -74.53 -75.00 -75.44 -75.84 -76.22 -76.53 -76.81 -77.03 -77.22 -77.41 -77.56 -77.72 -77.81 -77.81 -77.75 -77.69 -77.66 -77.66 -77.66 -77.66 -77.69 -77.75 -77.84
-68.56 -68.88 -69.19 -69.44 -69.72 -69.97 -70.25 -70.50 -70.69 -70.84 -70.88 -70.88 -70.84 -70.81 -70.75 -70.69 -70.62 -70.50 -70.38 -70.22 -70.00 -69.75 -69.50 -69.31 -69.34 -69.50 -69.62 -69.75 -69.78 -69.78 -69.69 -69.56 -69.44 -69.28 -69.16 -69.06 -69.03 -69.16 -69.41 -69.72 -70.12 -70.59 -71.16 -71.78 -72.41 -73.03 -73.62 -74.19 -74.72 -75.22 -75.66 -76.06 -76.44 -76.78 -77.06 -77.28 -77.47 -77.66 -77.84 -78.00 -78.12 -78.16 -78.09 -78.06 -78.03 -78.00 -77.97 -77.94 -77.94 -78.00 -78.06
-68.25 -68.56 -68.88 -69.16 -69.44 -69.75 -70.03 -70.28 -70.47 -70.56 -70.59 -70.56 -70.50 -70.47 -70.41 -70.31 -70.22 -70.12 -70.03 -69.91 -69.69 -69.47 -69.25 -69.06 -69.06 -69.22 -69.34 -69.44 -69.50 -69.44 -69.34 -69.22 -69.09 -68.97 -68.88 -68.81 -68.84 -68.97 -69.19 -69.50 -69.91 -70.44 -71.06 -71.75 -72.47 -73.16 -73.81 -74.38 -74.91 -75.41 -75.88 -76.25 -76.62 -76.97 -77.25 -77.47 -77.69 -77.88 -78.09 -78.25 -78.41 -78.47 -78.44 -78.41 -78.38 -78.31 -78.25 -78.22 -78.19 -78.22 -78.28
-67.97 -68.31 -68.62 -68.91 -69.22 -69.50 -69.78 -70.03 -70.22 -70.28 -70.28 -70.25 -70.19 -70.09 -70.03 -69.94 -69.84 -69.75 -69.66 -69.53 -69.38 -69.19 -68.97 -68.81 -68.81 -68.94 -69.06 -69.16 -69.19 -69.12 -69.03 -68.91 -68.78 -68.66 -68.59 -68.56 -68.62 -68.75 -68.97 -69.22 -69.53 -70.06 -70.81 -71.66 -72.59 -73.38 -74.03 -74.59 -75.12 -75.59 -76.03 -76.41 -76.78 -77.09 -77.38 -77.62 -77.84 -78.06 -78.28 -78.47 -78.66 -78.75 -78.78 -78.75 -78.69 -78.62 -78.56 -78.47 -78.44 -78.47 -78.50
-67.78 -68.12 -68.44 -68.72 -69.00 -69.28 -69.56 -69.78 -69.91 -70.00 -69.97 -69.91 -69.81 -69.72 -69.62 -69.53 -69.41 -69.34 -69.28 -69.19 -69.06 -68.88 -68.72 -68.53 -68.56 -68.69 -68.81 -68.91 -68.91 -68.84 -68.75 -68.62 -68.50 -68.38 -68.34 -68.34 -68.44 -68.53 -68.66 -68.88 -69.31 -70.00 -70.88 -71.88 -72.91 -73.75 -74.34 -74.91 -75.38 -75.84 -76.25 -76.59 -76.91 -77.22 -77.50 -77.75 -78.00 -78.22 -78.47 -78.69 -78.88 -79.00 -79.06 -79.06 -79.00 -78.94 -78.81 -78.75 -78.69 -78.69 -78.72
-67.69 -68.00 -68.28 -68.56 -68.81 -69.06 -69.31 -69.50 -69.62 -69.66 -69.66 -69.56 -69.47 -69.34 -69.22 -69.09 -69.00 -68.94 -68.88 -68.81 -68.72 -68.59 -68.44 -68.28 -68.34 -68.44 -68.56 -68.62 -68.62 -68.56 -68.47 -68.34 -68.22 -68.12 -68.06 -68.03 -68.09 -68.19 -68.44 -68.91 -69.56 -70.34 -71.28 -72.34 -73.41 -74.16 -74.72 -75.22 -75.69 -76.12 -76.50 -76.84 -77.12 -77.38 -77.62 -77.91 -78.16 -78.41 -78.62 -78.84 -79.06 -79.22 -79.31 -79.31 -79.28 -79.19 -79.09 -79.00 -78.94 -78.91 -78.94
-67.62 -67.91 -68.19 -68.41 -68.66 -68.88 -69.06 -69.19 -69.28 -69.31 -69.31 -69.22 -69.09 -68.94 -68.81 -68.69 -68.59 -68.53 -68.50 -68.47 -68.38 -68.28 -68.16 -68.00 -68.09 -68.22 -68.31 -68.38 -68.34 -68.31 -68.22 -68.12 -67.97 -67.75 -67.62 -67.59 -67.69 -67.97 -68.50 -69.22 -70.06 -70.97 -71.91 -72.94 -73.88 -74.53 -75.06 -75.56 -76.03 -76.44 -76.81 -77.09 -77.38 -77.59 -77.81 -78.06 -78.31 -78.56 -78.81 -79.03 -79.22 -79.41 -79.50 -79.53 -79.50 -79.44 -79.31 -79.22 -79.16 -79.12 -79.12
-67.56 -67.81 -68.06 -68.28 -68.47 -68.62 -68.75 -68.84 -68.91 -68.94 -68.94 -68.84 -68.72 -68.56 -68.44 -68.31 -68.22 -68.19 -68.16 -68.12 -68.09 -67.97 -67.75 -67.62 -67.81 -68.00 -68.12 -68.16 -68.12 -68.09 -68.00 -67.91 -67.66 -67.38 -67.28 -67.44 -67.69 -68.03 -68.69 -69.62 -70.69 -71.69 -72.62 -73.53 -74.25 -74.84 -75.38 -75.91 -76.34 -76.75 -77.09 -77.38 -77.62 -77.84 -78.03 -78.25 -78.47 -78.72 -78.97 -79.19 -79.38 -79.56 -79.66 -79.72 -79.72 -79.62 -79.53 -79.44 -79.38 -79.34 -79.31
-67.50 -67.72 -67.94 -68.09 -68.25 -68.34 -68.41 -68.47 -68.50 -68.53 -68.53 -68.47 -68.34 -68.22 -68.06 -67.94 -67.84 -67.84 -67.88 -67.81 -67.69 -67.47 -67.34 -67.41 -67.59 -67.75 -67.88 -67.88 -67.88 -67.81 -67.69 -67.50 -67.28 -67.16 -67.41 -67.81 -68.19 -68.53 -69.09 -70.06 -71.25 -72.41 -73.31 -73.94 -74.56 -75.16 -75.69 -76.22 -76.66 -77.03 -77.34 -77.66 -77.91 -78.12 -78.28 -78.44 -78.66 -78.88 -79.09 -79.31 -79.50 -79.66 -79.78 -79.84 -79.84 -79.81 -79.72 -79.66 -79.56 -79.53 -79.50
-67.38 -67.59 -67.78 -67.91 -68.00 -68.03 -68.06 -68.09 -68.12 -68.12 -68.12 -68.06 -67.97 -67.88 -67.75 -67.59 -67.41 -67.38 -67.38 -67.28 -67.19 -67.19 -67.44 -67.72 -67.88 -67.97 -67.94 -67.84 -67.75 -67.66 -67.56 -67.44 -67.31 -67.41 -67.84 -68.50 -69.06 -69.41 -69.81 -70.62 -71.81 -73.03 -73.75 -74.31 -74.91 -75.47 -76.03 -76.50 -76.94 -77.31 -77.62 -77.91 -78.16 -78.38 -78.53 -78.69 -78.81 -79.00 -79.22 -79.41 -79.59 -79.75 -79.88 -79.94 -79.97 -79.94 -79.88 -79.81 -79.75 -79.69 -79.66
-67.25 -67.44 -67.59 -67.69 -67.72 -67.75 -67.72 -67.72 -67.72 -67.75 -67.75 -67.69 -67.62 -67.53 -67.44 -67.19 -66.91 -66.84 -66.88 -66.94 -67.12 -67.47 -67.81 -68.03 -68.16 -68.25 -68.28 -68.25 -68.16 -68.12 -68.06 -67.94 -67.84 -67.94 -68.34 -69.12 -69.97 -70.47 -70.81 -71.41 -72.41 -73.44 -74.09 -74.69 -75.28 -75.81 -76.34 -76.81 -77.22 -77.56 -77.88 -78.12 -78.38 -78.59 -78.78 -78.91 -79.03 -79.16 -79.31 -79.50 -79.66 -79.81 -79.94 -80.00 -80.06 -80.06 -80.03 -79.97 -79.91 -79.84 -79.78
-67.12 -67.28 -67.41 -67.47 -67.47 -67.44 -67.41 -67.38 -67.34 -67.34 -67.31 -67.28 -67.22 -67.19 -67.03 -66.72 -66.56 -66.66 -66.91 -67.19 -67.50 -67.84 -68.09 -68.28 -68.44 -68.53 -68.59 -68.66 -68.72 -68.84 -68.84 -68.75 -68.69 -68.69 -68.97 -69.62 -70.59 -71.16 -71.69 -72.28 -73.03 -73.78 -74.41 -75.00 -75.59 -76.16 -76.62 -77.06 -77.47 -77.81 -78.12 -78.38 -78.59 -78.81 -79.00 -79.12 -79.22 -79.34 -79.47 -79.59 -79.75 -79.88 -79.97 -80.06 -80.12 -80.16 -80.12 -80.09 -80.03 -79.94 -79.91
-67.00 -67.12 -67.25 -67.28 -67.25 -67.19 -67.12 -67.03 -66.91 -66.78 -66.69 -66.59 -66.56 -66.53 -66.47 -66.47 -66.69 -67.00 -67.31 -67.59 -67.84 -68.09 -68.31 -68.53 -68.72 -68.84 -68.94 -69.06 -69.19 -69.34 -69.50 -69.59 -69.62 -69.59 -69.75 -70.19 -71.03 -71.59 -72.12 -72.72 -73.38 -74.03 -74.66 -75.28 -75.84 -76.38 -76.84 -77.28 -77.66 -78.00 -78.31 -78.56 -78.78 -79.00 -79.19 -79.31 -79.41 -79.53 -79.62 -79.72 -79.84 -79.94 -80.03 -80.12 -80.19 -80.22 -80.22 -80.19 -80.12 -80.06 -80.00
-66.84 -66.97 -67.06 -67.06 -67.03 -66.94 -66.88 -66.75 -66.53 -66.34 -66.19 -66.09 -66.06 -66.16 -66.41 -66.75 -67.09 -67.38 -67.62 -67.84 -68.06 -68.31 -68.56 -68.78 -69.00 -69.12 -69.28 -69.41 -69.59 -69.75 -69.94 -70.12 -70.31 -70.47 -70.59 -70.91 -71.50 -72.06 -72.53 -73.09 -73.69 -74.28 -74.88 -75.44 -76.00 -76.50 -76.94 -77.38 -77.75 -78.09 -78.41 -78.69 -78.94 -79.12 -79.31 -79.47 -79.56 -79.66 -79.75 -79.84 -79.94 -80.03 -80.09 -80.16 -80.22 -80.28 -80.28 -80.25 -80.22 -80.12 -80.06
-66.69 -66.81 -66.88 -66.88 -66.84 -66.75 -66.66 -66.53 -66.34 -66.25 -66.25 -66.25 -66.31 -66.47 -66.78 -67.12 -67.41 -67.62 -67.84 -68.06 -68.31 -68.56 -68.81 -69.03 -69.25 -69.41 -69.56 -69.75 -69.94 -70.16 -70.38 -70.56 -70.78 -71.03 -71.28 -71.56 -71.97 -72.44 -72.88 -73.41 -73.94 -74.47 -75.00 -75.50 -76.00 -76.50 -76.94 -77.34 -77.75 -78.12 -78.44 -78.72 -78.97 -79.19 -79.38 -79.53 -79.66 -79.78 -79.88 -79.94 -80.03 -80.09 -80.16 -80.22 -80.28 -80.31 -80.34 -80.31 -80.28 -80.22 -80.12
-66.50 -66.62 -66.69 -66.69 -66.66 -66.59 -66.50 -66.41 -66.44 -66.50 -66.56 -66.66 -66.75 -66.91 -67.16 -67.41 -67.62 -67.84 -68.06 -68.31 -68.56 -68.78 -69.03 -69.25 -69.47 -69.62 -69.81 -70.00 -70.25 -70.50 -70.75 -71.00 -71.22 -71.47 -71.72 -72.00 -72.38 -72.75 -73.19 -73.66 -74.12 -74.59 -75.06 -75.56 -76.00 -76.47 -76.91 -77.31 -77.72 -78.06 -78.38 -78.66 -78.91 -79.12 -79.34 -79.53 -79.69 -79.81 -79.94 -80.03 -80.09 -80.16 -80.22 -80.25 -80.31 -80.34 -80.38 -80.38 -80.31 -80.28 -80.22
-66.34 -66.44 -66.50 -66.50 -66.47 -66.44 -66.41 -66.44 -66.53 -66.62 -66.75 -66.84 -67.00 -67.16 -67.38 -67.59 -67.84 -68.09 -68.31 -68.56 -68.78 -69.00 -69.22 -69.44 -69.62 -69.81 -70.00 -70.22 -70.47 -70.75 -71.03 -71.34 -71.59 -71.88 -72.12 -72.41 -72.72 -73.06 -73.44 -73.88 -74.28 -74.72 -75.16 -75.59 -76.03 -76.44 -76.84 -77.25 -77.62 -77.97 -78.25 -78.50 -78.75 -79.00 -79.25 -79.44 -79.62 -79.78 -79.91 -80.03 -80.12 -80.19 -80.25 -80.28 -80.34 -80.38 -80.41 -80.41 -80.38 -80.31 -80.28
-66.16 -66.25 -66.31 -66.34 -66.31 -66.31 -66.38 -66.50 -66.62 -66.75 -66.91 -67.03 -67.19 -67.38 -67.56 -67.81 -68.06 -68.31 -68.53 -68.78 -68.97 -69.19 -69.38 -69.59 -69.78 -69.97 -70.19 -70.41 -70.66 -70.91 -71.22 -71.53 -71.84 -72.16 -72.44 -72.69 -73.00 -73.31 -73.66 -74.03 -74.44 -74.84 -75.22 -75.62 -76.00 -76.41 -76.78 -77.12 -77.47 -77.75 -78.03 -78.28 -78.56 -78.88 -79.12 -79.34 -79.53 -79.72 -79.88 -80.03 -80.12 -80.22 -80.28 -80.31 -80.38 -80.41 -80.41 -80.41 -80.41 -80.38 -80.34
-66.00 -66.09 -66.12 -66.16 -66.19 -66.25 -66.38 -66.50 -66.69 -66.84 -67.03 -67.19 -67.38 -67.56 -67.75 -68.00 -68.25 -68.47 -68.72 -68.94 -69.16 -69.34 -69.53 -69.72 -69.91 -70.09 -70.31 -70.53 -70.78 -71.03 -71.31 -71.62 -71.97 -72.28 -72.59 -72.91 -73.19 -73.47 -73.81 -74.16 -74.53 -74.91 -75.25 -75.62 -75.97 -76.28 -76.62 -76.94 -77.22 -77.47 -77.75 -78.03 -78.38 -78.69 -78.97 -79.22 -79.44 -79.66 -79.84 -80.00 -80.12 -80.22 -80.31 -80.34 -80.38 -80.41 -80.44 -80.44 -80.44 -80.44 -80.41
-65.84 -65.91 -65.97 -66.03 -66.09 -66.22 -66.38 -66.53 -66.69 -66.88 -67.06 -67.28 -67.47 -67.69 -67.91 -68.12 -68.38 -68.59 -68.84 -69.06 -69.28 -69.47 -69.66 -69.84 -70.03 -70.22 -70.44 -70.66 -70.88 -71.09 -71.38 -71.66 -72.00 -72.31 -72.66 -72.97 -73.28 -73.56 -73.88 -74.19 -74.53 -74.88 -75.22 -75.53 -75.84 -76.12 -76.41 -76.69 -76.94 -77.16 -77.44 -77.81 -78.19 -78.53 -78.84 -79.09 -79.34 -79.59 -79.78 -79.97 -80.09 -80.22 -80.28 -80.34 -80.41 -80.44 -80.47 -80.47 -80.50 -80.47 -80.44
-65.66 -65.75 -65.81 -65.91 -66.03 -66.19 -66.38 -66.53 -66.72 -66.91 -67.09 -67.31 -67.53 -67.75 -67.97 -68.19 -68.44 -68.69 -68.91 -69.12 -69.34 -69.53 -69.75 -69.94 -70.12 -70.31 -70.53 -70.75 -70.97 -71.19 -71.44 -71.69 -72.00 -72.34 -72.69 -73.00 -73.31 -73.59 -73.88 -74.19 -74.50 -74.81 -75.12 -75.44 -75.69 -75.94 -76.19 -76.44 -76.69 -76.97 -77.38 -77.75 -78.12 -78.47 -78.75 -79.03 -79.28 -79.53 -79.75 -79.94 -80.06 -80.19 -80.28 -80.34 -80.41 -80.44 -80.47 -80.50 -80.50 -80.50 -80.50
-65.50 -65.56 -65.69 -65.84 -66.00 -66.19 -66.38 -66.56 -66.72 -66.91 -67.12 -67.31 -67.53 -67.75 -67.97 -68.22 -68.47 -68.69 -68.94 -69.16 -69.34 -69.56 -69.75 -69.97 -70.16 -70.38 -70.59 -70.81 -71.06 -71.28 -71.53 -71.78 -72.09 -72.41 -72.72 -73.03 -73.31 -73.59 -73.88 -74.16 -74.47 -74.75 -75.03 -75.31 -75.56 -75.81 -76.03 -76.31 -76.62 -77.00 -77.38 -77.75 -78.09 -78.41 -78.69 -78.97 -79.25 -79.50 -79.69 -79.84 -80.00 -80.09 -80.19 -80.28 -80.34 -80.38 -80.44 -80.47 -80.50 -80.53 -80.50
-65.31 -65.44 -65.59 -65.78 -65.97 -66.19 -66.38 -66.59 -66.78 -66.97 -67.16 -67.34 -67.53 -67.75 -67.97 -68.22 -68.44 -68.69 -68.91 -69.12 -69.31 -69.53 -69.75 -69.94 -70.16 -70.38 -70.59 -70.84 -71.12 -71.38 -71.62 -71.91 -72.19 -72.47 -72.75 -73.03 -73.34 -73.59 -73.88 -74.16 -74.44 -74.72 -74.97 -75.25 -75.50 -75.72 -76.00 -76.28 -76.59 -76.97 -77.31 -77.69 -78.00 -78.31 -78.59 -78.88 -79.16 -79.41 -79.59 -79.75 -79.88 -80.00 -80.09 -80.19 -80.25 -80.31 -80.38 -80.44 -80.47 -80.50 -80.47
-65.16 -65.34 -65.53 -65.75 -65.97 -66.19 -66.41 -66.62 -66.81 -67.00 -67.19 -67.38 -67.56 -67.75 -67.97 -68.19 -68.41 -68.62 -68.84 -69.06 -69.28 -69.47 -69.69 -69.91 -70.12 -70.34 -70.59 -70.88 -71.16 -71.44 -71.72 -72.00 -72.25 -72.53 -72.78 -73.06 -73.34 -73.59 -73.88 -74.16 -74.41 -74.69 -74.94 -75.19 -75.44 -75.69 -75.97 -76.25 -76.53 -76.88 -77.22 -77.53 -77.84 -78.12 -78.44 -78.75 -79.00 -79.25 -79.44 -79.59 -79.72 -79.81 -79.94 -80.03 -80.09 -80.16 -80.25 -80.34 -80.41 -80.44 -80.41
