everonasctiles/Tile[5,16].asc
ncols 128
nrows 128
xllcorner 0
yllcorner 0
cellsize 2.0
NODATA_value  -9999
[rows 64 to 95 of 128, columns 0 to 70 of 128]
-82.09 -82.00 -81.94 -81.84 -81.78 -81.72 -81.62 -81.56 -81.50 -81.44 -81.38 -81.31 -81.28 -81.22 -81.16 -81.12 -81.09 -81.03 -81.00 -80.97 -80.94 -80.91 -80.88 -80.84 -80.81 -80.81 -80.78 -80.75 -80.75 -80.72 -80.72 -80.69 -80.69 -80.69 -80.66 -80.66 -80.62 -80.62 -80.62 -80.59 -80.59 -80.59 -80.56 -80.56 -80.56 -80.53 -80.53 -80.53 -80.50 -80.50 -80.47 -80.47 -80.44 -80.44 -80.41 -80.38 -80.31 -80.25 -80.12 -80.03 -79.94 -79.81 -79.75 -79.66 -79.66 -79.81 -79.84 -79.78 -79.84 -79.81 -79.91
-81.97 -81.91 -81.81 -81.75 -81.69 -81.59 -81.53 -81.47 -81.41 -81.34 -81.28 -81.25 -81.19 -81.12 -81.09 -81.03 -81.00 -80.97 -80.91 -80.88 -80.84 -80.81 -80.78 -80.78 -80.75 -80.72 -80.72 -80.69 -80.66 -80.66 -80.66 -80.62 -80.62 -80.59 -80.59 -80.59 -80.56 -80.56 -80.56 -80.53 -80.53 -80.53 -80.50 -80.50 -80.50 -80.47 -80.47 -80.47 -80.44 -80.44 -80.41 -80.41 -80.38 -80.34 -80.31 -80.28 -80.22 -80.12 -80.03 -79.94 -79.75 -79.69 -79.72 -79.69 -79.66 -79.78 -79.88 -79.81 -79.78 -79.84 -79.91
-81.88 -81.78 -81.72 -81.66 -81.56 -81.50 -81.44 -81.38 -81.31 -81.25 -81.19 -81.12 -81.09 -81.03 -81.00 -80.94 -80.91 -80.88 -80.81 -80.78 -80.75 -80.75 -80.72 -80.69 -80.66 -80.66 -80.62 -80.59 -80.59 -80.56 -80.56 -80.56 -80.53 -80.53 -80.53 -80.50 -80.50 -80.50 -80.47 -80.47 -80.47 -80.44 -80.44 -80.44 -80.41 -80.41 -80.41 -80.38 -80.38 -80.38 -80.34 -80.34 -80.25 -80.25 -80.22 -80.12 -80.09 -80.03 -79.84 -79.81 -79.72 -79.62 -79.66 -79.75 -79.78 -79.81 -79.91 -79.91 -79.81 -79.81 -79.84
-81.75 -81.66 -81.59 -81.53 -81.47 -81.38 -81.31 -81.25 -81.19 -81.16 -81.09 -81.03 -80.97 -80.94 -80.88 -80.84 -80.81 -80.78 -80.72 -80.69 -80.66 -80.66 -80.62 -80.59 -80.56 -80.56 -80.53 -80.53 -80.50 -80.50 -80.47 -80.47 -80.47 -80.44 -80.44 -80.44 -80.41 -80.41 -80.41 -80.38 -80.38 -80.38 -80.38 -80.34 -80.34 -80.34 -80.31 -80.31 -80.31 -80.28 -80.28 -80.25 -80.22 -80.16 -80.09 -80.03 -80.00 -79.94 -79.84 -79.72 -79.66 -79.69 -79.75 -79.75 -79.81 -79.88 -79.88 -79.88 -79.88 -79.78 -79.78
-81.62 -81.53 -81.47 -81.41 -81.34 -81.28 -81.22 -81.16 -81.09 -81.03 -80.97 -80.94 -80.88 -80.81 -80.78 -80.75 -80.69 -80.66 -80.62 -80.59 -80.56 -80.53 -80.53 -80.50 -80.47 -80.47 -80.44 -80.44 -80.41 -80.41 -80.38 -80.38 -80.38 -80.34 -80.34 -80.34 -80.34 -80.31 -80.31 -80.31 -80.28 -80.28 -80.28 -80.28 -80.25 -80.25 -80.25 -80.22 -80.22 -80.22 -80.19 -80.19 -80.12 -80.09 -80.06 -79.97 -79.81 -79.81 -79.75 -79.69 -79.59 -79.72 -79.84 -79.75 -79.75 -79.81 -79.81 -79.84 -79.81 -79.78 -79.72
-81.50 -81.41 -81.34 -81.28 -81.22 -81.16 -81.09 -81.03 -80.97 -80.91 -80.84 -80.81 -80.75 -80.72 -80.66 -80.62 -80.59 -80.56 -80.53 -80.50 -80.47 -80.44 -80.41 -80.41 -80.38 -80.34 -80.34 -80.31 -80.31 -80.31 -80.28 -80.28 -80.28 -80.25 -80.25 -80.25 -80.25 -80.22 -80.22 -80.22 -80.19 -80.19 -80.19 -80.19 -80.16 -80.16 -80.16 -80.12 -80.12 -80.12 -80.09 -80.09 -80.06 -80.03 -79.97 -79.97 -79.88 -79.75 -79.69 -79.69 -79.69 -79.75 -79.81 -79.78 -79.72 -79.78 -79.78 -79.78 -79.75 -79.69 -79.59
-81.34 -81.28 -81.19 -81.12 -81.06 -81.00 -80.94 -80.88 -80.84 -80.78 -80.72 -80.69 -80.62 -80.59 -80.53 -80.50 -80.47 -80.44 -80.41 -80.38 -80.34 -80.31 -80.31 -80.28 -80.25 -80.25 -80.22 -80.22 -80.22 -80.19 -80.19 -80.19 -80.16 -80.16 -80.16 -80.12 -80.12 -80.12 -80.12 -80.09 -80.09 -80.09 -80.09 -80.06 -80.06 -80.06 -80.06 -80.03 -80.03 -80.03 -80.00 -80.00 -80.00 -79.97 -79.97 -79.91 -79.84 -79.75 -79.66 -79.62 -79.69 -79.72 -79.69 -79.72 -79.75 -79.72 -79.69 -79.66 -79.62 -79.59 -79.44
-81.19 -81.12 -81.06 -81.00 -80.94 -80.88 -80.81 -80.75 -80.69 -80.62 -80.59 -80.53 -80.50 -80.44 -80.41 -80.38 -80.31 -80.28 -80.25 -80.25 -80.22 -80.19 -80.19 -80.16 -80.16 -80.12 -80.12 -80.09 -80.09 -80.06 -80.06 -80.06 -80.06 -80.03 -80.03 -80.03 -80.03 -80.00 -80.00 -80.00 -79.97 -79.97 -79.97 -79.97 -79.97 -79.97 -79.94 -79.94 -79.94 -79.91 -79.91 -79.91 -79.88 -79.88 -79.84 -79.81 -79.78 -79.75 -79.72 -79.62 -79.59 -79.62 -79.62 -79.69 -79.66 -79.62 -79.59 -79.53 -79.50 -79.44 -79.28
-81.03 -80.97 -80.91 -80.84 -80.78 -80.72 -80.66 -80.59 -80.53 -80.50 -80.44 -80.41 -80.34 -80.31 -80.25 -80.22 -80.19 -80.16 -80.12 -80.09 -80.09 -80.06 -80.03 -80.03 -80.00 -80.00 -80.00 -79.97 -79.97 -79.94 -79.94 -79.94 -79.94 -79.91 -79.91 -79.91 -79.91 -79.91 -79.88 -79.84 -79.81 -79.81 -79.84 -79.84 -79.84 -79.84 -79.84 -79.81 -79.81 -79.81 -79.78 -79.78 -79.78 -79.75 -79.75 -79.72 -79.72 -79.69 -79.66 -79.62 -79.53 -79.56 -79.59 -79.59 -79.56 -79.50 -79.41 -79.38 -79.38 -79.22 -79.09
-80.88 -80.78 -80.72 -80.66 -80.62 -80.56 -80.50 -80.44 -80.41 -80.34 -80.28 -80.25 -80.19 -80.16 -80.09 -80.06 -80.03 -80.00 -79.97 -79.97 -79.94 -79.91 -79.91 -79.88 -79.88 -79.88 -79.84 -79.84 -79.84 -79.81 -79.81 -79.81 -79.78 -79.78 -79.78 -79.78 -79.78 -79.75 -79.66 -79.62 -79.59 -79.56 -79.66 -79.72 -79.72 -79.72 -79.72 -79.69 -79.69 -79.69 -79.69 -79.66 -79.66 -79.62 -79.62 -79.62 -79.59 -79.59 -79.53 -79.53 -79.50 -79.50 -79.47 -79.47 -79.44 -79.38 -79.25 -79.19 -79.19 -79.12 -78.97
-80.69 -80.62 -80.56 -80.50 -80.44 -80.38 -80.34 -80.28 -80.22 -80.19 -80.12 -80.06 -80.03 -80.00 -79.94 -79.91 -79.88 -79.84 -79.81 -79.81 -79.78 -79.78 -79.75 -79.75 -79.72 -79.72 -79.72 -79.69 -79.69 -79.69 -79.66 -79.66 -79.66 -79.66 -79.66 -79.62 -79.62 -79.59 -79.53 -79.47 -79.38 -79.31 -79.38 -79.53 -79.59 -79.59 -79.56 -79.56 -79.56 -79.56 -79.53 -79.53 -79.53 -79.50 -79.50 -79.50 -79.47 -79.47 -79.44 -79.41 -79.41 -79.38 -79.38 -79.34 -79.31 -79.22 -79.09 -79.03 -79.00 -78.97 -78.97
-80.50 -80.44 -80.38 -80.31 -80.25 -80.22 -80.16 -80.09 -80.06 -80.00 -79.97 -79.91 -79.88 -79.81 -79.78 -79.75 -79.72 -79.69 -79.66 -79.66 -79.62 -79.59 -79.59 -79.59 -79.56 -79.56 -79.56 -79.53 -79.53 -79.53 -79.53 -79.50 -79.50 -79.50 -79.50 -79.50 -79.50 -79.47 -79.41 -79.25 -79.22 -79.12 -79.16 -79.22 -79.41 -79.44 -79.44 -79.44 -79.44 -79.41 -79.41 -79.41 -79.38 -79.38 -79.38 -79.34 -79.34 -79.31 -79.31 -79.28 -79.25 -79.25 -79.22 -79.19 -79.19 -79.06 -78.94 -78.88 -78.88 -78.81 -78.78
-80.31 -80.25 -80.19 -80.12 -80.06 -80.03 -79.97 -79.94 -79.88 -79.81 -79.78 -79.72 -79.69 -79.66 -79.59 -79.56 -79.53 -79.50 -79.50 -79.47 -79.47 -79.44 -79.44 -79.41 -79.41 -79.41 -79.38 -79.38 -79.38 -79.38 -79.34 -79.34 -79.34 -79.34 -79.34 -79.34 -79.34 -79.31 -79.31 -79.22 -79.06 -79.03 -79.06 -79.12 -79.25 -79.28 -79.28 -79.28 -79.28 -79.25 -79.25 -79.25 -79.25 -79.22 -79.22 -79.19 -79.19 -79.19 -79.16 -79.12 -79.12 -79.09 -79.03 -79.03 -79.00 -78.94 -78.78 -78.66 -78.72 -78.66 -78.66
-80.12 -80.06 -80.00 -79.94 -79.88 -79.81 -79.78 -79.72 -79.69 -79.62 -79.59 -79.53 -79.50 -79.47 -79.41 -79.38 -79.34 -79.34 -79.31 -79.28 -79.28 -79.25 -79.25 -79.25 -79.25 -79.22 -79.22 -79.22 -79.19 -79.19 -79.19 -79.19 -79.19 -79.19 -79.19 -79.16 -79.16 -79.16 -79.16 -79.12 -79.03 -79.00 -79.03 -79.09 -79.12 -79.12 -79.12 -79.12 -79.12 -79.09 -79.09 -79.09 -79.09 -79.06 -79.06 -79.03 -79.03 -79.03 -79.00 -78.97 -78.97 -78.91 -78.81 -78.84 -78.81 -78.75 -78.69 -78.62 -78.53 -78.50 -78.59
-79.91 -79.84 -79.78 -79.72 -79.66 -79.62 -79.56 -79.53 -79.47 -79.44 -79.38 -79.34 -79.31 -79.25 -79.22 -79.19 -79.16 -79.16 -79.12 -79.09 -79.09 -79.09 -79.06 -79.06 -79.06 -79.03 -79.03 -79.03 -79.03 -79.03 -79.00 -79.00 -79.00 -79.00 -79.00 -79.00 -79.00 -79.00 -79.00 -78.97 -78.88 -78.84 -78.81 -78.78 -78.88 -78.97 -78.97 -78.97 -78.94 -78.94 -78.94 -78.94 -78.91 -78.91 -78.91 -78.88 -78.88 -78.84 -78.84 -78.81 -78.78 -78.72 -78.50 -78.56 -78.53 -78.44 -78.50 -78.44 -78.38 -78.38 -78.41
-79.69 -79.62 -79.56 -79.50 -79.44 -79.41 -79.34 -79.31 -79.28 -79.22 -79.19 -79.12 -79.09 -79.06 -79.03 -79.00 -78.97 -78.94 -78.94 -78.91 -78.91 -78.88 -78.88 -78.88 -78.88 -78.84 -78.84 -78.84 -78.84 -78.81 -78.81 -78.81 -78.81 -78.81 -78.81 -78.81 -78.81 -78.81 -78.81 -78.78 -78.69 -78.66 -78.50 -78.47 -78.50 -78.62 -78.75 -78.78 -78.78 -78.75 -78.75 -78.75 -78.75 -78.72 -78.72 -78.72 -78.69 -78.69 -78.66 -78.66 -78.59 -78.56 -78.44 -78.34 -78.31 -78.31 -78.31 -78.28 -78.22 -78.19 -78.25
-79.44 -79.38 -79.31 -79.28 -79.22 -79.19 -79.12 -79.09 -79.06 -79.00 -78.97 -78.94 -78.88 -78.84 -78.81 -78.78 -78.75 -78.75 -78.72 -78.72 -78.69 -78.69 -78.69 -78.66 -78.66 -78.66 -78.66 -78.62 -78.62 -78.62 -78.62 -78.62 -78.62 -78.62 -78.62 -78.62 -78.62 -78.62 -78.62 -78.59 -78.56 -78.34 -78.28 -78.12 -78.06 -78.16 -78.53 -78.56 -78.59 -78.59 -78.56 -78.56 -78.56 -78.56 -78.53 -78.53 -78.50 -78.50 -78.47 -78.47 -78.44 -78.38 -78.28 -78.22 -78.19 -78.16 -78.19 -78.16 -78.06 -78.03 -78.09
-79.22 -79.16 -79.09 -79.03 -79.00 -78.94 -78.91 -78.88 -78.81 -78.78 -78.75 -78.72 -78.66 -78.62 -78.59 -78.56 -78.53 -78.53 -78.50 -78.50 -78.47 -78.47 -78.47 -78.47 -78.44 -78.44 -78.44 -78.44 -78.44 -78.44 -78.41 -78.41 -78.41 -78.41 -78.41 -78.41 -78.41 -78.41 -78.41 -78.41 -78.41 -78.19 -77.94 -77.94 -77.81 -78.00 -78.19 -78.28 -78.38 -78.38 -78.38 -78.38 -78.38 -78.34 -78.34 -78.34 -78.31 -78.31 -78.28 -78.28 -78.25 -78.22 -78.16 -78.16 -78.09 -78.00 -78.03 -77.97 -77.94 -77.94 -77.94
-78.97 -78.91 -78.84 -78.81 -78.75 -78.72 -78.66 -78.62 -78.59 -78.56 -78.50 -78.47 -78.44 -78.41 -78.38 -78.34 -78.31 -78.31 -78.28 -78.28 -78.25 -78.25 -78.25 -78.22 -78.22 -78.22 -78.22 -78.22 -78.22 -78.22 -78.22 -78.19 -78.19 -78.19 -78.19 -78.19 -78.19 -78.19 -78.19 -78.19 -78.19 -77.94 -77.75 -77.69 -77.78 -77.97 -78.03 -78.12 -78.19 -78.19 -78.19 -78.16 -78.16 -78.16 -78.16 -78.12 -78.12 -78.09 -78.06 -78.06 -78.06 -78.03 -78.00 -77.91 -77.84 -77.84 -77.84 -77.84 -77.81 -77.81 -77.78
-78.72 -78.66 -78.59 -78.56 -78.50 -78.47 -78.41 -78.38 -78.34 -78.31 -78.28 -78.25 -78.22 -78.19 -78.16 -78.12 -78.09 -78.06 -78.06 -78.03 -78.03 -78.03 -78.00 -78.00 -78.00 -78.00 -78.00 -78.00 -77.97 -77.97 -77.97 -77.97 -77.91 -77.88 -77.91 -77.94 -77.97 -77.97 -77.97 -77.97 -77.91 -77.59 -77.53 -77.56 -77.53 -77.69 -77.91 -77.91 -77.97 -77.97 -77.97 -77.97 -77.94 -77.94 -77.94 -77.91 -77.88 -77.84 -77.81 -77.84 -77.81 -77.81 -77.78 -77.72 -77.50 -77.53 -77.53 -77.53 -77.62 -77.62 -77.59
-78.47 -78.41 -78.34 -78.31 -78.25 -78.22 -78.16 -78.12 -78.09 -78.06 -78.03 -78.00 -77.97 -77.94 -77.91 -77.88 -77.84 -77.84 -77.81 -77.81 -77.78 -77.78 -77.78 -77.78 -77.75 -77.75 -77.75 -77.75 -77.75 -77.72 -77.69 -77.62 -77.62 -77.69 -77.69 -77.69 -77.72 -77.72 -77.75 -77.72 -77.56 -77.38 -77.22 -77.41 -77.25 -77.38 -77.59 -77.66 -77.72 -77.75 -77.75 -77.72 -77.72 -77.72 -77.69 -77.66 -77.59 -77.47 -77.41 -77.47 -77.50 -77.56 -77.56 -77.50 -77.38 -77.28 -77.25 -77.28 -77.38 -77.41 -77.38
-78.22 -78.16 -78.09 -78.03 -78.00 -77.94 -77.91 -77.88 -77.84 -77.81 -77.78 -77.75 -77.72 -77.69 -77.66 -77.62 -77.59 -77.59 -77.56 -77.56 -77.53 -77.53 -77.53 -77.53 -77.50 -77.50 -77.50 -77.50 -77.50 -77.47 -77.34 -77.19 -77.28 -77.38 -77.44 -77.47 -77.50 -77.50 -77.50 -77.50 -77.44 -77.16 -76.88 -77.12 -77.03 -76.97 -76.97 -77.25 -77.44 -77.47 -77.50 -77.50 -77.50 -77.47 -77.41 -77.25 -77.16 -77.16 -77.06 -77.19 -77.38 -77.38 -77.34 -77.28 -77.16 -77.12 -77.09 -77.06 -77.16 -77.16 -77.16
-77.94 -77.88 -77.81 -77.78 -77.72 -77.69 -77.66 -77.59 -77.56 -77.53 -77.50 -77.47 -77.44 -77.41 -77.41 -77.38 -77.34 -77.31 -77.31 -77.28 -77.28 -77.28 -77.28 -77.25 -77.25 -77.25 -77.25 -77.25 -77.22 -77.19 -77.09 -77.06 -76.94 -76.94 -77.16 -77.22 -77.22 -77.25 -77.25 -77.22 -77.19 -77.03 -76.81 -76.59 -76.47 -76.53 -76.56 -76.78 -77.06 -77.12 -77.25 -77.25 -77.25 -77.22 -76.97 -76.84 -76.84 -76.88 -76.91 -77.03 -77.12 -77.12 -77.09 -77.06 -77.00 -76.97 -76.97 -76.88 -76.88 -76.91 -76.88
-77.69 -77.62 -77.56 -77.50 -77.47 -77.41 -77.38 -77.34 -77.31 -77.28 -77.25 -77.22 -77.19 -77.16 -77.12 -77.09 -77.06 -77.06 -77.03 -77.03 -77.03 -77.00 -77.00 -77.00 -77.00 -77.00 -77.00 -76.97 -76.97 -76.97 -76.91 -76.88 -76.75 -76.72 -76.75 -76.81 -76.88 -76.91 -76.97 -77.00 -76.94 -76.84 -76.69 -76.25 -76.16 -76.16 -76.31 -76.47 -76.84 -76.94 -77.00 -77.00 -76.97 -76.81 -76.59 -76.56 -76.66 -76.75 -76.81 -76.88 -76.88 -76.88 -76.84 -76.84 -76.75 -76.66 -76.69 -76.66 -76.69 -76.66 -76.62
-77.41 -77.34 -77.28 -77.22 -77.19 -77.12 -77.09 -77.06 -77.03 -77.00 -76.97 -76.94 -76.91 -76.88 -76.84 -76.81 -76.81 -76.78 -76.78 -76.75 -76.75 -76.72 -76.72 -76.72 -76.72 -76.72 -76.72 -76.72 -76.72 -76.69 -76.69 -76.62 -76.56 -76.50 -76.41 -76.38 -76.47 -76.59 -76.69 -76.72 -76.72 -76.66 -76.47 -76.16 -76.12 -76.06 -76.09 -76.31 -76.59 -76.66 -76.72 -76.75 -76.69 -76.53 -76.38 -76.44 -76.56 -76.53 -76.56 -76.59 -76.56 -76.59 -76.56 -76.56 -76.50 -76.28 -76.31 -76.28 -76.28 -76.41 -76.38
-77.12 -77.06 -77.00 -76.94 -76.91 -76.84 -76.81 -76.75 -76.72 -76.69 -76.66 -76.66 -76.62 -76.59 -76.56 -76.53 -76.53 -76.50 -76.47 -76.47 -76.47 -76.44 -76.44 -76.44 -76.44 -76.44 -76.44 -76.44 -76.44 -76.41 -76.41 -76.38 -76.25 -76.19 -76.06 -76.06 -76.09 -76.28 -76.34 -76.41 -76.44 -76.44 -76.28 -76.06 -75.78 -76.03 -75.97 -75.97 -76.09 -76.34 -76.44 -76.47 -76.44 -76.38 -76.31 -76.41 -76.41 -76.28 -76.25 -76.16 -76.12 -76.16 -76.19 -76.25 -76.22 -76.09 -76.00 -75.97 -76.00 -76.09 -76.09
-76.84 -76.78 -76.72 -76.66 -76.59 -76.56 -76.50 -76.47 -76.44 -76.41 -76.38 -76.34 -76.31 -76.31 -76.28 -76.25 -76.22 -76.22 -76.19 -76.19 -76.16 -76.16 -76.16 -76.16 -76.16 -76.12 -76.12 -76.12 -76.12 -76.12 -76.12 -76.09 -75.94 -75.75 -75.75 -75.78 -75.75 -75.84 -76.03 -76.16 -76.19 -76.16 -76.12 -75.88 -75.62 -75.72 -75.72 -75.50 -75.56 -75.88 -75.94 -76.06 -76.19 -76.16 -76.16 -76.16 -76.06 -75.91 -75.84 -75.81 -75.72 -75.81 -76.00 -76.00 -75.94 -75.84 -75.78 -75.69 -75.72 -75.78 -75.78
-76.56 -76.50 -76.44 -76.38 -76.31 -76.25 -76.22 -76.16 -76.12 -76.09 -76.06 -76.03 -76.03 -76.00 -75.97 -75.94 -75.94 -75.91 -75.88 -75.88 -75.88 -75.84 -75.84 -75.84 -75.84 -75.84 -75.84 -75.84 -75.84 -75.84 -75.81 -75.78 -75.66 -75.62 -75.50 -75.47 -75.53 -75.50 -75.69 -75.88 -75.88 -75.84 -75.81 -75.66 -75.41 -75.28 -75.16 -75.03 -75.16 -75.06 -75.34 -75.66 -75.84 -75.88 -75.88 -75.88 -75.59 -75.47 -75.44 -75.47 -75.41 -75.41 -75.62 -75.69 -75.69 -75.56 -75.56 -75.47 -75.41 -75.44 -75.47
-76.25 -76.19 -76.12 -76.06 -76.00 -75.94 -75.91 -75.84 -75.81 -75.78 -75.75 -75.72 -75.72 -75.69 -75.66 -75.62 -75.62 -75.59 -75.59 -75.56 -75.56 -75.53 -75.53 -75.53 -75.53 -75.53 -75.53 -75.53 -75.53 -75.53 -75.53 -75.50 -75.44 -75.41 -75.28 -75.09 -75.12 -75.12 -75.25 -75.44 -75.53 -75.56 -75.53 -75.44 -75.06 -74.97 -74.81 -74.56 -74.47 -74.50 -74.91 -75.22 -75.34 -75.53 -75.56 -75.41 -75.19 -75.12 -75.22 -75.25 -75.25 -75.16 -75.22 -75.25 -75.22 -75.22 -75.22 -75.03 -75.06 -75.03 -75.00
-75.94 -75.88 -75.81 -75.75 -75.69 -75.66 -75.59 -75.53 -75.50 -75.47 -75.44 -75.41 -75.41 -75.38 -75.34 -75.31 -75.31 -75.28 -75.25 -75.25 -75.25 -75.22 -75.22 -75.22 -75.22 -75.22 -75.22 -75.22 -75.22 -75.22 -75.22 -75.19 -75.19 -75.16 -75.06 -74.94 -74.75 -74.75 -74.94 -75.12 -75.25 -75.25 -75.25 -75.12 -74.84 -74.72 -74.75 -74.31 -74.31 -74.25 -74.47 -74.72 -74.97 -75.16 -75.22 -75.06 -74.91 -74.94 -75.00 -74.88 -74.84 -74.81 -74.78 -74.81 -74.84 -74.91 -74.91 -74.84 -74.72 -74.66 -74.66
-75.62 -75.56 -75.50 -75.44 -75.38 -75.31 -75.28 -75.22 -75.19 -75.16 -75.12 -75.09 -75.06 -75.03 -75.03 -75.00 -74.97 -74.97 -74.94 -74.94 -74.91 -74.91 -74.91 -74.88 -74.88 -74.88 -74.88 -74.88 -74.88 -74.88 -74.88 -74.88 -74.84 -74.78 -74.66 -74.66 -74.56 -74.50 -74.56 -74.78 -74.84 -74.91 -74.91 -74.81 -74.66 -74.50 -74.69 -74.31 -74.12 -74.09 -74.09 -74.41 -74.56 -74.59 -74.75 -74.84 -74.75 -74.78 -74.75 -74.59 -74.38 -74.41 -74.34 -74.41 -74.41 -74.47 -74.41 -74.44 -74.38 -74.41 -74.31
-75.31 -75.25 -75.19 -75.12 -75.06 -75.00 -74.94 -74.91 -74.84 -74.81 -74.78 -74.75 -74.72 -74.72 -74.69 -74.66 -74.66 -74.62 -74.59 -74.59 -74.56 -74.56 -74.56 -74.56 -74.56 -74.56 -74.56 -74.56 -74.56 -74.56 -74.53 -74.53 -74.50 -74.38 -74.22 -74.25 -74.25 -74.22 -74.22 -74.31 -74.50 -74.59 -74.59 -74.56 -74.34 -74.19 -74.25 -74.00 -73.91 -73.88 -74.03 -74.12 -74.03 -74.00 -74.19 -74.38 -74.44 -74.34 -74.12 -74.09 -74.12 -74.03 -74.12 -74.22 -74.06 -74.03 -74.00 -74.00 -74.09 -74.16 -73.94
