everonasctiles/Tile[1,14].asc
ncols 128
nrows 128
xllcorner 0
yllcorner 0
cellsize 2.0
NODATA_value  -9999
[rows 0 to 31 of 128, columns 0 to 70 of 128]
-53.25 -53.28 -53.28 -53.28 -53.25 -53.25 -53.25 -53.25 -53.25 -53.22 -53.19 -53.19 -53.16 -53.16 -53.12 -53.12 -53.09 -53.06 -53.03 -53.03 -53.00 -52.97 -52.97 -52.94 -52.94 -52.91 -52.91 -52.91 -52.91 -52.88 -52.88 -52.84 -52.78 -52.75 -52.69 -52.62 -52.56 -52.50 -52.47 -52.44 -52.44 -52.44 -52.47 -52.47 -52.53 -52.59 -52.66 -52.72 -52.78 -52.81 -52.88 -52.91 -52.94 -52.94 -52.97 -52.97 -52.97 -52.97 -53.00 -53.00 -53.00 -53.03 -53.03 -53.03 -53.03 -53.03 -53.00 -53.00 -52.97 -52.97 -52.94
-53.19 -53.22 -53.22 -53.19 -53.19 -53.19 -53.19 -53.19 -53.16 -53.16 -53.12 -53.12 -53.09 -53.06 -53.06 -53.03 -53.00 -52.97 -52.94 -52.94 -52.94 -52.91 -52.91 -52.88 -52.84 -52.84 -52.84 -52.84 -52.84 -52.81 -52.81 -52.78 -52.75 -52.72 -52.66 -52.62 -52.56 -52.53 -52.50 -52.50 -52.50 -52.50 -52.50 -52.53 -52.56 -52.59 -52.66 -52.72 -52.78 -52.84 -52.88 -52.91 -52.94 -52.97 -53.00 -53.00 -53.00 -53.00 -53.03 -53.03 -53.03 -53.06 -53.06 -53.06 -53.06 -53.06 -53.03 -53.03 -53.00 -53.00 -52.97
-53.12 -53.12 -53.12 -53.12 -53.12 -53.12 -53.12 -53.12 -53.09 -53.09 -53.06 -53.06 -53.03 -53.00 -52.97 -52.94 -52.91 -52.88 -52.88 -52.84 -52.84 -52.84 -52.81 -52.81 -52.78 -52.75 -52.75 -52.75 -52.78 -52.78 -52.75 -52.72 -52.72 -52.69 -52.66 -52.62 -52.59 -52.56 -52.56 -52.56 -52.56 -52.56 -52.56 -52.59 -52.59 -52.62 -52.69 -52.75 -52.78 -52.84 -52.88 -52.94 -52.97 -53.00 -53.03 -53.03 -53.03 -53.03 -53.03 -53.06 -53.06 -53.09 -53.09 -53.09 -53.09 -53.09 -53.06 -53.03 -53.03 -53.00 -52.97
-53.06 -53.06 -53.06 -53.06 -53.06 -53.06 -53.06 -53.06 -53.03 -53.03 -53.00 -53.00 -52.97 -52.94 -52.91 -52.84 -52.81 -52.78 -52.78 -52.78 -52.75 -52.75 -52.75 -52.72 -52.69 -52.66 -52.69 -52.69 -52.69 -52.69 -52.69 -52.69 -52.66 -52.66 -52.66 -52.62 -52.62 -52.62 -52.62 -52.62 -52.62 -52.62 -52.66 -52.66 -52.66 -52.69 -52.72 -52.75 -52.81 -52.84 -52.88 -52.94 -52.97 -53.00 -53.03 -53.03 -53.03 -53.03 -53.06 -53.06 -53.09 -53.09 -53.09 -53.09 -53.09 -53.09 -53.06 -53.06 -53.03 -53.00 -52.97
-53.00 -53.00 -53.00 -53.00 -53.00 -53.00 -53.00 -53.00 -52.97 -52.97 -52.97 -52.94 -52.91 -52.88 -52.84 -52.78 -52.75 -52.72 -52.69 -52.69 -52.69 -52.66 -52.66 -52.62 -52.59 -52.59 -52.59 -52.62 -52.62 -52.66 -52.66 -52.66 -52.66 -52.66 -52.66 -52.69 -52.69 -52.69 -52.69 -52.72 -52.72 -52.72 -52.72 -52.72 -52.72 -52.72 -52.75 -52.78 -52.81 -52.84 -52.88 -52.94 -52.97 -53.00 -53.03 -53.03 -53.03 -53.06 -53.06 -53.09 -53.09 -53.09 -53.12 -53.12 -53.12 -53.09 -53.09 -53.06 -53.03 -53.00 -52.97
-52.94 -52.97 -52.94 -52.94 -52.94 -52.94 -52.94 -52.94 -52.94 -52.91 -52.91 -52.88 -52.84 -52.81 -52.78 -52.75 -52.69 -52.66 -52.62 -52.62 -52.59 -52.56 -52.56 -52.53 -52.53 -52.53 -52.53 -52.56 -52.59 -52.59 -52.62 -52.62 -52.62 -52.66 -52.69 -52.72 -52.75 -52.75 -52.78 -52.78 -52.78 -52.78 -52.78 -52.78 -52.78 -52.78 -52.78 -52.78 -52.81 -52.84 -52.88 -52.94 -52.97 -53.00 -53.00 -53.03 -53.03 -53.06 -53.09 -53.09 -53.09 -53.12 -53.12 -53.12 -53.12 -53.12 -53.09 -53.06 -53.03 -53.00 -52.97
-52.91 -52.91 -52.91 -52.91 -52.88 -52.88 -52.88 -52.88 -52.88 -52.84 -52.81 -52.81 -52.78 -52.75 -52.72 -52.69 -52.66 -52.59 -52.56 -52.53 -52.53 -52.50 -52.47 -52.47 -52.47 -52.47 -52.53 -52.56 -52.59 -52.62 -52.66 -52.66 -52.69 -52.69 -52.72 -52.75 -52.78 -52.81 -52.81 -52.84 -52.84 -52.84 -52.84 -52.84 -52.84 -52.81 -52.81 -52.84 -52.84 -52.88 -52.91 -52.94 -52.97 -53.00 -53.00 -53.03 -53.06 -53.06 -53.09 -53.09 -53.12 -53.12 -53.12 -53.12 -53.16 -53.12 -53.12 -53.09 -53.03 -53.00 -52.94
-52.84 -52.84 -52.84 -52.84 -52.84 -52.84 -52.84 -52.81 -52.81 -52.78 -52.75 -52.72 -52.69 -52.66 -52.66 -52.62 -52.59 -52.56 -52.53 -52.50 -52.47 -52.44 -52.41 -52.41 -52.44 -52.50 -52.56 -52.62 -52.66 -52.69 -52.72 -52.72 -52.72 -52.75 -52.75 -52.78 -52.81 -52.84 -52.84 -52.88 -52.88 -52.91 -52.91 -52.88 -52.88 -52.88 -52.88 -52.88 -52.88 -52.91 -52.91 -52.94 -52.97 -53.00 -53.03 -53.03 -53.06 -53.06 -53.09 -53.12 -53.12 -53.12 -53.16 -53.16 -53.16 -53.16 -53.12 -53.09 -53.03 -53.00 -52.94
-52.81 -52.81 -52.78 -52.78 -52.78 -52.78 -52.78 -52.78 -52.75 -52.72 -52.69 -52.66 -52.62 -52.59 -52.59 -52.56 -52.53 -52.53 -52.50 -52.47 -52.44 -52.41 -52.41 -52.44 -52.50 -52.56 -52.62 -52.69 -52.75 -52.78 -52.81 -52.81 -52.81 -52.81 -52.81 -52.81 -52.84 -52.84 -52.88 -52.91 -52.91 -52.94 -52.94 -52.94 -52.94 -52.94 -52.94 -52.94 -52.94 -52.94 -52.94 -52.97 -52.97 -53.00 -53.03 -53.06 -53.06 -53.09 -53.12 -53.12 -53.12 -53.16 -53.16 -53.16 -53.19 -53.16 -53.12 -53.09 -53.06 -53.00 -52.94
-52.78 -52.75 -52.75 -52.75 -52.72 -52.72 -52.72 -52.72 -52.69 -52.66 -52.62 -52.62 -52.59 -52.56 -52.56 -52.53 -52.53 -52.50 -52.47 -52.47 -52.44 -52.44 -52.44 -52.47 -52.56 -52.62 -52.72 -52.78 -52.84 -52.91 -52.91 -52.91 -52.91 -52.91 -52.88 -52.88 -52.88 -52.88 -52.91 -52.91 -52.94 -52.97 -52.97 -52.97 -52.97 -52.97 -52.97 -52.97 -53.00 -53.00 -53.00 -53.00 -53.00 -53.00 -53.03 -53.06 -53.09 -53.12 -53.12 -53.16 -53.16 -53.16 -53.19 -53.19 -53.19 -53.19 -53.16 -53.12 -53.06 -53.00 -52.94
-52.72 -52.72 -52.72 -52.69 -52.69 -52.69 -52.66 -52.66 -52.62 -52.62 -52.59 -52.59 -52.56 -52.56 -52.56 -52.56 -52.56 -52.53 -52.53 -52.53 -52.50 -52.50 -52.50 -52.53 -52.62 -52.72 -52.81 -52.91 -52.97 -53.00 -53.03 -53.03 -53.03 -53.00 -52.97 -52.94 -52.94 -52.94 -52.94 -52.94 -52.97 -52.97 -53.00 -53.00 -53.03 -53.03 -53.03 -53.03 -53.03 -53.03 -53.03 -53.03 -53.03 -53.03 -53.06 -53.06 -53.09 -53.12 -53.16 -53.16 -53.19 -53.19 -53.19 -53.22 -53.22 -53.19 -53.16 -53.12 -53.09 -53.03 -52.97
-52.69 -52.69 -52.66 -52.66 -52.62 -52.62 -52.62 -52.62 -52.59 -52.59 -52.59 -52.59 -52.62 -52.62 -52.62 -52.62 -52.59 -52.59 -52.59 -52.59 -52.59 -52.56 -52.59 -52.62 -52.69 -52.78 -52.91 -53.00 -53.06 -53.12 -53.16 -53.16 -53.16 -53.12 -53.06 -53.03 -53.00 -53.00 -52.97 -52.97 -53.00 -53.00 -53.03 -53.06 -53.06 -53.09 -53.09 -53.09 -53.09 -53.06 -53.06 -53.06 -53.06 -53.06 -53.06 -53.09 -53.12 -53.16 -53.19 -53.19 -53.22 -53.22 -53.22 -53.25 -53.22 -53.22 -53.19 -53.16 -53.12 -53.06 -53.03
-52.69 -52.66 -52.62 -52.59 -52.59 -52.59 -52.59 -52.59 -52.59 -52.62 -52.62 -52.66 -52.69 -52.69 -52.69 -52.69 -52.69 -52.69 -52.69 -52.69 -52.69 -52.69 -52.69 -52.72 -52.78 -52.88 -52.97 -53.06 -53.16 -53.22 -53.25 -53.28 -53.25 -53.22 -53.19 -53.12 -53.09 -53.06 -53.06 -53.03 -53.03 -53.06 -53.06 -53.09 -53.12 -53.12 -53.12 -53.12 -53.12 -53.12 -53.09 -53.09 -53.09 -53.09 -53.09 -53.12 -53.16 -53.19 -53.22 -53.22 -53.25 -53.25 -53.28 -53.28 -53.28 -53.25 -53.25 -53.22 -53.19 -53.12 -53.06
-52.69 -52.66 -52.62 -52.59 -52.56 -52.56 -52.59 -52.59 -52.62 -52.66 -52.69 -52.72 -52.75 -52.75 -52.75 -52.75 -52.75 -52.78 -52.78 -52.78 -52.78 -52.78 -52.78 -52.81 -52.84 -52.94 -53.03 -53.12 -53.22 -53.31 -53.34 -53.38 -53.34 -53.31 -53.28 -53.22 -53.19 -53.16 -53.12 -53.09 -53.09 -53.09 -53.09 -53.12 -53.16 -53.19 -53.19 -53.16 -53.16 -53.16 -53.12 -53.12 -53.12 -53.12 -53.12 -53.16 -53.19 -53.22 -53.25 -53.28 -53.28 -53.31 -53.31 -53.31 -53.31 -53.31 -53.28 -53.25 -53.22 -53.19 -53.12
-52.69 -52.66 -52.62 -52.59 -52.56 -52.56 -52.59 -52.62 -52.66 -52.72 -52.75 -52.78 -52.81 -52.81 -52.84 -52.84 -52.84 -52.88 -52.88 -52.88 -52.88 -52.88 -52.91 -52.91 -52.94 -53.03 -53.12 -53.22 -53.31 -53.38 -53.44 -53.47 -53.44 -53.41 -53.38 -53.31 -53.28 -53.25 -53.19 -53.16 -53.12 -53.12 -53.16 -53.16 -53.19 -53.19 -53.22 -53.19 -53.19 -53.19 -53.16 -53.16 -53.16 -53.16 -53.19 -53.19 -53.22 -53.25 -53.28 -53.31 -53.34 -53.34 -53.34 -53.34 -53.34 -53.34 -53.34 -53.31 -53.28 -53.25 -53.16
-52.72 -52.66 -52.62 -52.59 -52.59 -52.59 -52.62 -52.66 -52.72 -52.75 -52.78 -52.84 -52.88 -52.88 -52.91 -52.91 -52.94 -52.94 -52.97 -52.97 -53.00 -53.00 -53.03 -53.03 -53.06 -53.12 -53.19 -53.28 -53.38 -53.47 -53.50 -53.53 -53.53 -53.50 -53.47 -53.44 -53.38 -53.31 -53.28 -53.22 -53.22 -53.19 -53.19 -53.22 -53.22 -53.22 -53.22 -53.22 -53.22 -53.22 -53.19 -53.19 -53.19 -53.22 -53.22 -53.25 -53.28 -53.31 -53.34 -53.38 -53.38 -53.41 -53.41 -53.41 -53.41 -53.41 -53.41 -53.38 -53.34 -53.28 -53.19
-52.75 -52.72 -52.69 -52.66 -52.62 -52.66 -52.66 -52.69 -52.75 -52.78 -52.84 -52.88 -52.91 -52.94 -52.97 -52.97 -53.00 -53.03 -53.06 -53.06 -53.09 -53.12 -53.16 -53.16 -53.19 -53.25 -53.31 -53.41 -53.47 -53.56 -53.59 -53.62 -53.66 -53.62 -53.59 -53.53 -53.50 -53.44 -53.38 -53.31 -53.28 -53.28 -53.25 -53.25 -53.25 -53.25 -53.25 -53.25 -53.25 -53.22 -53.22 -53.22 -53.25 -53.25 -53.28 -53.31 -53.34 -53.38 -53.41 -53.44 -53.44 -53.47 -53.47 -53.47 -53.47 -53.44 -53.44 -53.41 -53.38 -53.28 -53.22
-52.81 -52.78 -52.72 -52.72 -52.69 -52.69 -52.72 -52.75 -52.78 -52.81 -52.88 -52.91 -52.94 -52.97 -53.00 -53.03 -53.06 -53.09 -53.12 -53.16 -53.22 -53.25 -53.28 -53.31 -53.34 -53.38 -53.44 -53.53 -53.59 -53.66 -53.72 -53.75 -53.75 -53.75 -53.72 -53.66 -53.62 -53.56 -53.50 -53.44 -53.38 -53.38 -53.34 -53.31 -53.31 -53.31 -53.28 -53.28 -53.25 -53.25 -53.25 -53.28 -53.28 -53.31 -53.34 -53.38 -53.44 -53.44 -53.47 -53.50 -53.50 -53.53 -53.53 -53.53 -53.50 -53.50 -53.47 -53.44 -53.38 -53.31 -53.22
-52.91 -52.84 -52.81 -52.78 -52.75 -52.75 -52.75 -52.78 -52.81 -52.84 -52.88 -52.94 -52.97 -53.00 -53.03 -53.09 -53.12 -53.16 -53.22 -53.25 -53.31 -53.34 -53.41 -53.44 -53.47 -53.53 -53.59 -53.66 -53.72 -53.78 -53.84 -53.88 -53.88 -53.88 -53.84 -53.81 -53.75 -53.69 -53.62 -53.56 -53.50 -53.47 -53.44 -53.41 -53.38 -53.34 -53.31 -53.28 -53.28 -53.28 -53.28 -53.31 -53.34 -53.38 -53.41 -53.44 -53.50 -53.53 -53.53 -53.56 -53.56 -53.59 -53.56 -53.56 -53.56 -53.53 -53.50 -53.44 -53.41 -53.31 -53.22
-52.97 -52.94 -52.88 -52.84 -52.81 -52.81 -52.81 -52.81 -52.84 -52.88 -52.91 -52.94 -53.00 -53.03 -53.06 -53.12 -53.16 -53.22 -53.28 -53.31 -53.38 -53.44 -53.50 -53.56 -53.59 -53.66 -53.72 -53.81 -53.88 -53.94 -53.97 -54.00 -54.00 -54.00 -53.97 -53.94 -53.91 -53.84 -53.78 -53.69 -53.62 -53.56 -53.50 -53.47 -53.41 -53.38 -53.34 -53.34 -53.31 -53.31 -53.31 -53.31 -53.38 -53.41 -53.44 -53.50 -53.53 -53.56 -53.59 -53.62 -53.62 -53.62 -53.62 -53.62 -53.59 -53.56 -53.53 -53.47 -53.41 -53.34 -53.25
-53.06 -53.03 -52.97 -52.94 -52.91 -52.88 -52.84 -52.84 -52.84 -52.88 -52.91 -52.94 -53.00 -53.06 -53.09 -53.16 -53.22 -53.28 -53.31 -53.38 -53.44 -53.50 -53.59 -53.66 -53.72 -53.78 -53.88 -53.94 -54.00 -54.06 -54.09 -54.12 -54.12 -54.12 -54.09 -54.06 -54.03 -53.97 -53.91 -53.81 -53.75 -53.66 -53.59 -53.53 -53.47 -53.44 -53.41 -53.38 -53.34 -53.34 -53.34 -53.34 -53.38 -53.44 -53.47 -53.53 -53.56 -53.62 -53.62 -53.66 -53.66 -53.66 -53.66 -53.66 -53.62 -53.59 -53.56 -53.50 -53.44 -53.38 -53.28
-53.19 -53.12 -53.06 -53.03 -52.97 -52.94 -52.91 -52.91 -52.91 -52.91 -52.94 -52.97 -53.00 -53.06 -53.12 -53.19 -53.25 -53.31 -53.38 -53.44 -53.50 -53.59 -53.66 -53.75 -53.84 -53.91 -54.00 -54.06 -54.12 -54.16 -54.19 -54.22 -54.22 -54.22 -54.22 -54.19 -54.16 -54.09 -54.03 -53.94 -53.84 -53.78 -53.69 -53.62 -53.56 -53.50 -53.47 -53.44 -53.41 -53.38 -53.34 -53.38 -53.41 -53.44 -53.50 -53.53 -53.59 -53.62 -53.66 -53.66 -53.69 -53.69 -53.69 -53.66 -53.66 -53.62 -53.59 -53.53 -53.50 -53.44 -53.34
-53.31 -53.25 -53.19 -53.12 -53.06 -53.03 -53.00 -52.97 -52.94 -52.94 -52.94 -52.97 -53.03 -53.06 -53.12 -53.22 -53.28 -53.34 -53.41 -53.50 -53.56 -53.66 -53.75 -53.84 -53.94 -54.00 -54.09 -54.16 -54.22 -54.25 -54.28 -54.31 -54.31 -54.31 -54.31 -54.31 -54.25 -54.22 -54.12 -54.06 -53.97 -53.88 -53.78 -53.72 -53.66 -53.59 -53.56 -53.53 -53.47 -53.44 -53.41 -53.38 -53.41 -53.44 -53.50 -53.53 -53.56 -53.62 -53.62 -53.66 -53.66 -53.69 -53.69 -53.69 -53.66 -53.66 -53.62 -53.59 -53.53 -53.47 -53.41
-53.44 -53.38 -53.31 -53.25 -53.19 -53.12 -53.09 -53.06 -53.03 -53.00 -52.97 -52.97 -53.03 -53.09 -53.16 -53.22 -53.31 -53.38 -53.47 -53.53 -53.62 -53.72 -53.81 -53.91 -54.00 -54.09 -54.16 -54.22 -54.28 -54.31 -54.34 -54.38 -54.38 -54.41 -54.41 -54.38 -54.34 -54.31 -54.25 -54.16 -54.06 -54.00 -53.91 -53.81 -53.75 -53.69 -53.66 -53.59 -53.53 -53.47 -53.44 -53.41 -53.38 -53.44 -53.47 -53.50 -53.56 -53.59 -53.62 -53.66 -53.66 -53.69 -53.69 -53.69 -53.69 -53.69 -53.66 -53.62 -53.59 -53.53 -53.47
-53.53 -53.50 -53.44 -53.38 -53.31 -53.25 -53.19 -53.12 -53.09 -53.03 -53.00 -53.00 -53.03 -53.09 -53.16 -53.22 -53.31 -53.41 -53.50 -53.59 -53.69 -53.78 -53.88 -53.97 -54.06 -54.16 -54.22 -54.28 -54.34 -54.38 -54.41 -54.44 -54.44 -54.47 -54.47 -54.47 -54.44 -54.41 -54.34 -54.25 -54.19 -54.09 -54.00 -53.94 -53.88 -53.81 -53.75 -53.69 -53.62 -53.53 -53.47 -53.41 -53.38 -53.41 -53.44 -53.50 -53.53 -53.56 -53.59 -53.62 -53.66 -53.69 -53.72 -53.72 -53.72 -53.72 -53.69 -53.69 -53.66 -53.59 -53.53
-53.66 -53.62 -53.56 -53.50 -53.44 -53.38 -53.31 -53.22 -53.16 -53.09 -53.06 -53.03 -53.06 -53.09 -53.16 -53.25 -53.34 -53.44 -53.56 -53.66 -53.72 -53.81 -53.91 -54.00 -54.09 -54.19 -54.25 -54.31 -54.38 -54.44 -54.47 -54.50 -54.50 -54.53 -54.53 -54.53 -54.50 -54.47 -54.41 -54.34 -54.28 -54.19 -54.12 -54.03 -53.97 -53.91 -53.84 -53.78 -53.69 -53.59 -53.50 -53.44 -53.38 -53.41 -53.44 -53.47 -53.53 -53.56 -53.59 -53.66 -53.69 -53.72 -53.72 -53.75 -53.75 -53.75 -53.72 -53.72 -53.69 -53.62 -53.56
-53.78 -53.75 -53.72 -53.66 -53.59 -53.50 -53.44 -53.34 -53.25 -53.19 -53.12 -53.09 -53.09 -53.12 -53.19 -53.28 -53.38 -53.50 -53.59 -53.69 -53.78 -53.88 -53.94 -54.03 -54.12 -54.19 -54.28 -54.34 -54.41 -54.47 -54.50 -54.53 -54.56 -54.56 -54.56 -54.56 -54.56 -54.53 -54.47 -54.44 -54.34 -54.28 -54.19 -54.12 -54.03 -53.97 -53.91 -53.81 -53.72 -53.62 -53.53 -53.44 -53.38 -53.38 -53.41 -53.47 -53.53 -53.56 -53.62 -53.66 -53.72 -53.75 -53.75 -53.78 -53.78 -53.78 -53.75 -53.75 -53.69 -53.66 -53.59
-53.91 -53.88 -53.84 -53.81 -53.75 -53.66 -53.56 -53.44 -53.34 -53.28 -53.22 -53.19 -53.19 -53.22 -53.25 -53.34 -53.44 -53.53 -53.62 -53.75 -53.81 -53.91 -54.00 -54.06 -54.16 -54.22 -54.31 -54.38 -54.44 -54.50 -54.56 -54.59 -54.59 -54.59 -54.59 -54.59 -54.59 -54.56 -54.53 -54.47 -54.41 -54.34 -54.25 -54.19 -54.09 -54.03 -53.94 -53.88 -53.75 -53.66 -53.56 -53.47 -53.41 -53.38 -53.44 -53.47 -53.53 -53.59 -53.66 -53.69 -53.75 -53.78 -53.78 -53.81 -53.81 -53.81 -53.78 -53.75 -53.72 -53.69 -53.62
-54.00 -54.00 -54.00 -53.97 -53.88 -53.81 -53.69 -53.59 -53.47 -53.41 -53.34 -53.31 -53.28 -53.31 -53.34 -53.41 -53.50 -53.59 -53.69 -53.78 -53.88 -53.97 -54.03 -54.12 -54.19 -54.28 -54.34 -54.41 -54.50 -54.53 -54.59 -54.62 -54.62 -54.62 -54.62 -54.62 -54.59 -54.59 -54.56 -54.50 -54.47 -54.38 -54.31 -54.22 -54.16 -54.06 -53.97 -53.88 -53.78 -53.69 -53.56 -53.47 -53.41 -53.41 -53.44 -53.50 -53.56 -53.62 -53.69 -53.75 -53.78 -53.81 -53.81 -53.84 -53.84 -53.81 -53.81 -53.78 -53.75 -53.72 -53.66
-54.12 -54.12 -54.12 -54.09 -54.03 -53.94 -53.81 -53.72 -53.62 -53.53 -53.47 -53.44 -53.41 -53.41 -53.44 -53.50 -53.56 -53.66 -53.75 -53.84 -53.94 -54.00 -54.09 -54.16 -54.25 -54.31 -54.38 -54.47 -54.53 -54.56 -54.62 -54.66 -54.66 -54.66 -54.66 -54.62 -54.62 -54.59 -54.56 -54.53 -54.47 -54.41 -54.34 -54.25 -54.19 -54.09 -54.00 -53.91 -53.78 -53.69 -53.56 -53.47 -53.44 -53.44 -53.47 -53.53 -53.59 -53.66 -53.72 -53.78 -53.81 -53.84 -53.84 -53.84 -53.84 -53.84 -53.81 -53.78 -53.78 -53.72 -53.69
-54.22 -54.25 -54.25 -54.22 -54.16 -54.06 -53.94 -53.84 -53.75 -53.66 -53.59 -53.53 -53.50 -53.47 -53.50 -53.56 -53.62 -53.72 -53.81 -53.91 -54.00 -54.06 -54.16 -54.22 -54.28 -54.38 -54.44 -54.50 -54.53 -54.59 -54.62 -54.66 -54.69 -54.66 -54.66 -54.62 -54.62 -54.59 -54.56 -54.53 -54.47 -54.41 -54.34 -54.28 -54.19 -54.09 -54.00 -53.88 -53.78 -53.66 -53.56 -53.47 -53.44 -53.44 -53.47 -53.53 -53.59 -53.66 -53.72 -53.78 -53.84 -53.88 -53.88 -53.88 -53.84 -53.84 -53.84 -53.81 -53.78 -53.75 -53.72
-54.31 -54.34 -54.34 -54.31 -54.25 -54.19 -54.06 -53.97 -53.88 -53.78 -53.72 -53.66 -53.59 -53.56 -53.56 -53.62 -53.69 -53.75 -53.84 -53.94 -54.03 -54.12 -54.19 -54.28 -54.34 -54.41 -54.47 -54.53 -54.56 -54.59 -54.66 -54.66 -54.69 -54.69 -54.66 -54.62 -54.62 -54.59 -54.56 -54.53 -54.47 -54.41 -54.34 -54.28 -54.19 -54.06 -53.97 -53.84 -53.75 -53.66 -53.53 -53.47 -53.41 -53.44 -53.47 -53.53 -53.59 -53.66 -53.72 -53.78 -53.84 -53.88 -53.88 -53.88 -53.84 -53.84 -53.84 -53.81 -53.78 -53.75 -53.72
