everonasctiles/Tile10,36.asc
ncols 128
nrows 128
xllcorner 0
yllcorner 0
cellsize 2.0
NODATA_value  -9999
[rows 64 to 95 of 128, columns 0 to 70 of 128]
-52.66 -52.84 -52.94 -52.94 -52.88 -52.75 -52.75 -52.78 -52.72 -52.56 -52.12 -52.47 -53.06 -53.34 -53.50 -53.53 -53.44 -53.44 -54.03 -54.62 -55.00 -54.81 -54.84 -55.31 -56.31 -57.56 -58.28 -58.59 -58.66 -58.62 -58.50 -58.31 -57.81 -57.19 -56.53 -56.00 -55.78 -55.75 -55.97 -56.31 -56.72 -57.22 -57.62 -57.94 -58.25 -58.56 -58.84 -59.12 -59.34 -59.53 -59.62 -59.69 -59.72 -59.72 -59.69 -59.72 -59.88 -60.22 -60.53 -60.78 -60.97 -61.09 -61.22 -61.31 -61.38 -61.41 -61.38 -61.25 -61.06 -60.88 -60.62
-52.31 -52.47 -52.50 -52.47 -52.34 -52.19 -52.09 -52.12 -52.09 -51.94 -51.56 -51.75 -52.25 -52.47 -52.62 -52.72 -52.72 -52.81 -53.16 -53.47 -53.41 -53.31 -53.69 -54.69 -56.06 -57.25 -57.84 -58.06 -58.03 -57.81 -57.44 -57.03 -56.56 -56.06 -55.66 -55.62 -55.97 -56.31 -56.62 -56.88 -57.16 -57.44 -57.75 -58.00 -58.28 -58.59 -58.84 -59.09 -59.25 -59.34 -59.38 -59.38 -59.28 -59.25 -59.34 -59.62 -59.97 -60.28 -60.56 -60.75 -60.94 -61.09 -61.22 -61.28 -61.34 -61.34 -61.31 -61.16 -60.97 -60.72 -60.44
-51.94 -52.03 -52.06 -52.00 -51.84 -51.62 -51.47 -51.47 -51.47 -51.34 -50.94 -50.91 -51.34 -51.62 -51.78 -51.91 -51.97 -51.91 -51.81 -51.84 -51.88 -52.19 -53.16 -54.56 -56.03 -56.91 -57.34 -57.44 -57.19 -56.66 -56.16 -55.72 -55.34 -55.12 -55.28 -55.91 -56.44 -56.72 -56.97 -57.19 -57.44 -57.62 -57.84 -58.09 -58.31 -58.56 -58.78 -58.97 -59.06 -59.12 -59.09 -59.03 -59.06 -59.28 -59.59 -59.91 -60.16 -60.38 -60.59 -60.78 -60.97 -61.09 -61.19 -61.25 -61.28 -61.28 -61.22 -61.06 -60.84 -60.56 -60.22
-51.56 -51.62 -51.59 -51.50 -51.38 -51.16 -50.94 -50.84 -50.78 -50.56 -50.19 -50.06 -50.41 -50.78 -50.97 -51.09 -51.12 -50.75 -50.41 -50.38 -50.72 -51.66 -53.12 -54.69 -55.81 -56.47 -56.72 -56.59 -56.06 -55.31 -54.81 -54.47 -54.34 -54.62 -55.38 -56.19 -56.62 -56.91 -57.19 -57.41 -57.62 -57.81 -58.00 -58.19 -58.34 -58.53 -58.69 -58.81 -58.88 -58.91 -58.97 -59.12 -59.34 -59.59 -59.84 -60.06 -60.25 -60.47 -60.66 -60.81 -60.97 -61.09 -61.16 -61.19 -61.19 -61.16 -61.06 -60.91 -60.69 -60.38 -60.00
-51.16 -51.19 -51.12 -51.03 -50.91 -50.72 -50.47 -50.25 -49.97 -49.59 -49.28 -49.22 -49.59 -49.97 -50.12 -50.25 -50.19 -49.53 -49.16 -49.31 -50.16 -51.56 -53.31 -54.56 -55.41 -55.91 -56.00 -55.62 -54.72 -54.00 -53.59 -53.50 -53.88 -54.66 -55.59 -56.34 -56.72 -57.03 -57.34 -57.62 -57.84 -58.03 -58.19 -58.31 -58.44 -58.53 -58.62 -58.66 -58.75 -58.88 -59.12 -59.34 -59.56 -59.75 -59.97 -60.19 -60.38 -60.53 -60.69 -60.84 -60.97 -61.06 -61.09 -61.06 -61.06 -61.00 -60.91 -60.72 -60.47 -60.16 -59.75
-50.75 -50.72 -50.62 -50.50 -50.38 -50.22 -50.00 -49.72 -49.28 -48.69 -48.31 -48.31 -48.78 -49.19 -49.31 -49.38 -49.06 -48.44 -48.28 -48.91 -50.19 -51.84 -53.25 -54.22 -54.91 -55.19 -55.06 -54.38 -53.47 -52.88 -52.78 -53.19 -54.00 -54.94 -55.81 -56.41 -56.81 -57.12 -57.47 -57.75 -57.97 -58.19 -58.34 -58.47 -58.56 -58.62 -58.69 -58.75 -58.81 -59.03 -59.25 -59.47 -59.69 -59.91 -60.09 -60.28 -60.47 -60.59 -60.75 -60.84 -60.94 -60.97 -60.97 -60.94 -60.88 -60.78 -60.66 -60.47 -60.22 -59.88 -59.44
-50.31 -50.28 -50.12 -49.91 -49.75 -49.66 -49.53 -49.25 -48.78 -48.12 -47.53 -47.47 -47.91 -48.41 -48.53 -48.50 -47.97 -47.69 -48.22 -49.41 -50.84 -52.03 -53.03 -53.75 -54.19 -54.34 -54.03 -53.12 -52.47 -52.34 -52.84 -53.66 -54.53 -55.41 -56.06 -56.50 -56.88 -57.22 -57.53 -57.81 -58.03 -58.25 -58.41 -58.56 -58.69 -58.78 -58.84 -58.91 -59.03 -59.19 -59.38 -59.59 -59.78 -60.00 -60.19 -60.38 -60.50 -60.62 -60.75 -60.81 -60.84 -60.84 -60.78 -60.72 -60.62 -60.53 -60.41 -60.19 -59.88 -59.50 -59.03
-49.88 -49.81 -49.66 -49.28 -49.03 -49.00 -48.97 -48.78 -48.38 -47.81 -47.06 -46.72 -47.06 -47.59 -47.78 -47.56 -47.22 -47.72 -48.84 -49.84 -50.88 -51.78 -52.50 -53.03 -53.38 -53.28 -52.69 -52.16 -52.12 -52.72 -53.56 -54.44 -55.19 -55.78 -56.25 -56.62 -56.97 -57.28 -57.53 -57.78 -58.00 -58.22 -58.41 -58.59 -58.72 -58.88 -58.97 -59.09 -59.19 -59.34 -59.50 -59.69 -59.88 -60.06 -60.22 -60.38 -60.53 -60.62 -60.69 -60.72 -60.69 -60.66 -60.59 -60.47 -60.38 -60.25 -60.09 -59.84 -59.53 -59.09 -58.59
-49.44 -49.41 -49.19 -48.78 -48.25 -48.25 -48.34 -48.25 -47.97 -47.47 -46.94 -46.31 -46.31 -46.75 -46.97 -46.84 -47.12 -47.97 -48.78 -49.59 -50.38 -51.12 -51.66 -52.00 -52.00 -51.81 -51.62 -51.84 -52.56 -53.50 -54.34 -54.97 -55.50 -55.94 -56.34 -56.69 -57.00 -57.25 -57.47 -57.69 -57.91 -58.12 -58.34 -58.53 -58.72 -58.91 -59.06 -59.22 -59.34 -59.47 -59.62 -59.78 -59.94 -60.09 -60.25 -60.38 -60.50 -60.56 -60.56 -60.56 -60.50 -60.44 -60.31 -60.19 -60.06 -59.91 -59.75 -59.47 -59.09 -58.53 -57.84
-48.97 -49.00 -48.81 -48.41 -47.78 -47.53 -47.69 -47.69 -47.50 -47.12 -46.69 -46.25 -45.84 -46.06 -46.31 -46.50 -47.09 -47.72 -48.38 -48.97 -49.41 -49.75 -50.03 -50.34 -50.59 -50.84 -51.44 -52.31 -53.31 -54.06 -54.66 -55.12 -55.53 -55.94 -56.28 -56.56 -56.81 -57.03 -57.25 -57.50 -57.75 -58.00 -58.25 -58.47 -58.69 -58.91 -59.09 -59.28 -59.44 -59.59 -59.72 -59.84 -59.97 -60.09 -60.22 -60.34 -60.44 -60.44 -60.41 -60.34 -60.25 -60.12 -60.00 -59.84 -59.69 -59.53 -59.38 -59.09 -58.59 -57.66 -56.50
-48.50 -48.56 -48.47 -48.16 -47.62 -47.09 -47.06 -47.09 -46.97 -46.72 -46.38 -46.03 -45.66 -45.53 -45.78 -46.09 -46.53 -46.91 -47.19 -47.53 -47.91 -48.34 -48.81 -49.38 -50.09 -51.00 -52.03 -52.97 -53.66 -54.19 -54.66 -55.06 -55.47 -55.78 -56.03 -56.25 -56.44 -56.66 -56.91 -57.25 -57.56 -57.88 -58.16 -58.41 -58.66 -58.88 -59.06 -59.25 -59.44 -59.59 -59.75 -59.84 -59.94 -60.06 -60.16 -60.25 -60.31 -60.28 -60.19 -60.06 -59.94 -59.78 -59.62 -59.44 -59.22 -59.06 -58.94 -58.69 -58.06 -57.06 -55.56
-48.00 -48.16 -48.16 -47.91 -47.50 -47.00 -46.56 -46.53 -46.47 -46.28 -46.00 -45.75 -45.41 -45.12 -45.22 -45.41 -45.56 -45.84 -46.31 -46.88 -47.50 -48.12 -48.81 -49.62 -50.66 -51.69 -52.53 -53.19 -53.69 -54.12 -54.53 -54.91 -55.19 -55.44 -55.59 -55.72 -55.84 -56.00 -56.38 -56.91 -57.34 -57.72 -58.03 -58.31 -58.56 -58.75 -58.97 -59.12 -59.31 -59.50 -59.62 -59.72 -59.81 -59.94 -60.03 -60.12 -60.12 -60.03 -59.91 -59.75 -59.56 -59.34 -59.16 -58.94 -58.72 -58.50 -58.38 -58.19 -57.66 -56.81 -55.34
-47.53 -47.78 -47.84 -47.69 -47.34 -46.94 -46.44 -46.03 -45.91 -45.78 -45.56 -45.31 -44.94 -44.66 -44.56 -44.66 -44.97 -45.66 -46.56 -47.41 -48.12 -48.84 -49.59 -50.38 -51.19 -51.94 -52.56 -53.09 -53.50 -53.91 -54.28 -54.56 -54.75 -54.88 -54.91 -54.81 -54.78 -55.09 -55.75 -56.59 -57.12 -57.53 -57.84 -58.16 -58.38 -58.56 -58.75 -58.91 -59.09 -59.25 -59.41 -59.53 -59.62 -59.75 -59.84 -59.91 -59.88 -59.75 -59.59 -59.38 -59.12 -58.88 -58.62 -58.41 -58.12 -57.84 -57.69 -57.56 -57.19 -56.50 -55.53
-47.16 -47.41 -47.53 -47.44 -47.19 -46.84 -46.44 -45.97 -45.56 -45.22 -44.91 -44.59 -44.28 -44.03 -43.94 -44.16 -44.91 -46.00 -46.88 -47.59 -48.34 -49.09 -49.84 -50.59 -51.25 -51.88 -52.38 -52.81 -53.22 -53.62 -53.94 -54.09 -54.12 -54.06 -53.78 -53.56 -53.69 -54.28 -55.28 -56.25 -56.84 -57.28 -57.62 -57.91 -58.09 -58.25 -58.41 -58.56 -58.75 -58.94 -59.09 -59.22 -59.34 -59.47 -59.56 -59.62 -59.56 -59.44 -59.22 -58.97 -58.69 -58.38 -58.09 -57.81 -57.53 -57.19 -56.94 -56.81 -56.56 -56.03 -55.34
-46.88 -47.12 -47.25 -47.19 -47.00 -46.72 -46.38 -46.00 -45.59 -45.16 -44.69 -44.19 -43.75 -43.44 -43.38 -43.84 -44.88 -46.09 -46.75 -47.47 -48.25 -49.00 -49.72 -50.44 -51.06 -51.59 -52.06 -52.44 -52.88 -53.25 -53.44 -53.41 -53.09 -52.72 -52.44 -52.34 -52.75 -53.75 -54.97 -55.91 -56.56 -57.03 -57.34 -57.53 -57.69 -57.81 -57.97 -58.16 -58.34 -58.53 -58.72 -58.88 -59.00 -59.16 -59.25 -59.28 -59.22 -59.03 -58.78 -58.50 -58.19 -57.78 -57.41 -57.16 -56.91 -56.53 -56.22 -56.06 -55.81 -55.44 -54.94
-46.62 -46.84 -46.97 -46.94 -46.78 -46.56 -46.31 -45.97 -45.59 -45.19 -44.75 -44.19 -43.53 -43.03 -42.91 -43.50 -44.62 -45.84 -46.50 -47.16 -47.88 -48.62 -49.34 -50.06 -50.66 -51.19 -51.62 -52.09 -52.53 -52.81 -52.81 -52.41 -51.75 -51.34 -51.19 -51.47 -52.34 -53.59 -54.81 -55.66 -56.28 -56.69 -56.91 -57.03 -57.16 -57.28 -57.47 -57.66 -57.88 -58.06 -58.28 -58.44 -58.62 -58.78 -58.88 -58.88 -58.81 -58.59 -58.28 -57.94 -57.56 -57.09 -56.44 -56.12 -56.06 -55.72 -55.34 -55.22 -55.09 -54.81 -54.44
-46.41 -46.62 -46.69 -46.66 -46.56 -46.41 -46.19 -45.88 -45.53 -45.16 -44.75 -44.28 -43.66 -42.94 -42.56 -43.03 -43.97 -45.00 -45.75 -46.41 -47.06 -47.78 -48.56 -49.41 -50.09 -50.75 -51.25 -51.72 -52.12 -52.25 -52.03 -51.22 -50.50 -50.16 -50.38 -51.22 -52.53 -53.78 -54.72 -55.41 -55.91 -56.16 -56.31 -56.41 -56.50 -56.69 -56.97 -57.19 -57.38 -57.59 -57.75 -57.91 -58.12 -58.34 -58.44 -58.44 -58.34 -58.12 -57.78 -57.31 -56.84 -56.22 -55.47 -55.03 -54.91 -54.66 -54.25 -53.94 -53.84 -53.84 -53.56
-46.22 -46.38 -46.44 -46.38 -46.28 -46.12 -45.97 -45.72 -45.44 -45.09 -44.69 -44.28 -43.81 -43.09 -42.44 -42.47 -43.09 -43.81 -44.47 -45.09 -45.84 -46.69 -47.62 -48.62 -49.59 -50.31 -50.88 -51.31 -51.59 -51.62 -51.34 -50.41 -49.53 -49.41 -50.22 -51.59 -52.78 -53.69 -54.44 -54.97 -55.28 -55.47 -55.56 -55.56 -55.47 -55.62 -56.09 -56.53 -56.72 -56.72 -56.72 -56.94 -57.41 -57.84 -58.00 -57.94 -57.78 -57.59 -57.25 -56.75 -56.19 -55.53 -54.62 -54.03 -53.75 -53.50 -53.06 -52.69 -52.50 -52.41 -52.22
-46.00 -46.12 -46.16 -46.09 -45.97 -45.81 -45.66 -45.47 -45.25 -44.97 -44.59 -44.19 -43.78 -43.25 -42.47 -42.09 -42.41 -43.00 -43.66 -44.34 -45.16 -46.06 -47.09 -48.25 -49.25 -49.94 -50.44 -50.78 -51.00 -50.97 -50.69 -49.91 -48.94 -49.09 -50.34 -51.75 -52.56 -53.28 -53.84 -54.22 -54.47 -54.69 -54.62 -54.28 -54.09 -54.28 -54.75 -55.16 -55.31 -55.28 -55.38 -55.81 -56.69 -57.34 -57.53 -57.41 -57.19 -56.94 -56.62 -56.19 -55.59 -54.97 -54.09 -53.22 -52.69 -52.31 -51.91 -51.50 -51.28 -51.22 -51.19
-45.78 -45.84 -45.88 -45.78 -45.62 -45.47 -45.31 -45.12 -44.97 -44.75 -44.44 -44.09 -43.72 -43.31 -42.62 -42.03 -42.22 -42.91 -43.72 -44.56 -45.38 -46.22 -47.22 -48.19 -48.97 -49.53 -49.94 -50.19 -50.34 -50.28 -50.03 -49.44 -48.50 -48.84 -50.28 -51.38 -52.00 -52.56 -53.00 -53.28 -53.44 -53.31 -53.03 -52.69 -52.59 -52.78 -53.19 -53.53 -53.72 -53.84 -54.19 -54.97 -56.12 -56.84 -57.00 -56.81 -56.47 -56.19 -55.88 -55.47 -54.97 -54.41 -53.78 -52.66 -51.84 -51.28 -50.81 -50.47 -50.34 -50.44 -50.75
-45.50 -45.56 -45.56 -45.47 -45.28 -45.09 -44.91 -44.75 -44.56 -44.41 -44.19 -43.94 -43.59 -43.28 -42.75 -42.16 -42.44 -43.25 -44.28 -45.22 -45.94 -46.62 -47.38 -48.06 -48.66 -49.06 -49.31 -49.50 -49.59 -49.56 -49.38 -48.91 -48.06 -48.41 -49.81 -50.81 -51.31 -51.66 -51.69 -51.56 -51.59 -51.56 -51.34 -51.12 -51.12 -51.38 -51.75 -52.12 -52.44 -52.84 -53.62 -54.81 -55.84 -56.38 -56.41 -56.12 -55.66 -55.25 -54.91 -54.62 -54.19 -53.75 -53.25 -52.16 -51.12 -50.41 -49.97 -49.81 -50.03 -50.50 -51.03
-45.22 -45.28 -45.25 -45.12 -44.94 -44.72 -44.50 -44.31 -44.16 -44.00 -43.81 -43.66 -43.44 -43.16 -42.81 -42.31 -42.69 -43.56 -44.62 -45.38 -46.00 -46.66 -47.28 -47.78 -48.16 -48.44 -48.62 -48.75 -48.84 -48.81 -48.66 -48.31 -47.53 -47.75 -48.84 -49.81 -50.12 -49.91 -49.72 -49.72 -49.84 -49.91 -49.91 -49.91 -50.09 -50.44 -50.91 -51.44 -52.03 -52.88 -53.97 -54.94 -55.53 -55.81 -55.72 -55.38 -54.84 -54.06 -53.53 -53.44 -53.38 -53.06 -52.53 -51.44 -50.44 -49.75 -49.50 -49.88 -50.47 -51.03 -51.44
-44.88 -44.94 -44.91 -44.75 -44.56 -44.31 -44.06 -43.78 -43.62 -43.50 -43.41 -43.28 -43.16 -43.00 -42.75 -42.50 -42.94 -43.78 -44.62 -45.31 -45.88 -46.44 -46.88 -47.22 -47.50 -47.69 -47.84 -48.00 -48.09 -48.09 -47.97 -47.53 -46.81 -46.84 -47.50 -48.03 -48.16 -48.03 -48.03 -48.22 -48.53 -48.88 -49.16 -49.53 -50.00 -50.53 -51.12 -51.84 -52.66 -53.47 -54.25 -54.78 -55.09 -55.16 -55.00 -54.66 -54.06 -53.22 -52.41 -52.12 -52.25 -52.16 -51.56 -50.62 -49.81 -49.41 -49.69 -50.34 -50.91 -51.28 -51.62
-44.50 -44.53 -44.47 -44.34 -44.12 -43.88 -43.56 -43.09 -42.72 -42.62 -42.78 -42.88 -42.88 -42.81 -42.69 -42.88 -43.38 -43.97 -44.59 -45.16 -45.66 -46.00 -46.25 -46.50 -46.72 -46.81 -46.94 -47.19 -47.41 -47.41 -47.19 -46.50 -45.94 -45.81 -46.16 -46.44 -46.59 -46.69 -46.97 -47.50 -48.19 -48.94 -49.59 -50.16 -50.69 -51.22 -51.81 -52.44 -53.03 -53.66 -54.12 -54.44 -54.50 -54.41 -54.25 -53.94 -53.41 -52.75 -51.81 -51.19 -51.09 -51.09 -50.66 -49.97 -49.47 -49.59 -50.16 -50.62 -51.06 -51.41 -51.75
-44.06 -44.06 -43.97 -43.81 -43.62 -43.41 -43.03 -42.28 -41.75 -41.59 -41.81 -42.16 -42.44 -42.56 -42.81 -43.16 -43.56 -44.06 -44.50 -44.94 -45.22 -45.41 -45.53 -45.62 -45.66 -45.59 -45.69 -46.00 -46.31 -46.31 -45.91 -45.38 -44.97 -44.88 -45.12 -45.44 -45.81 -46.25 -46.88 -47.69 -48.59 -49.47 -50.06 -50.53 -51.03 -51.53 -52.06 -52.59 -53.09 -53.53 -53.84 -53.91 -53.84 -53.69 -53.50 -53.22 -52.75 -52.19 -51.53 -50.75 -50.34 -50.25 -49.97 -49.59 -49.62 -50.00 -50.38 -50.75 -51.09 -51.44 -51.75
-43.59 -43.53 -43.41 -43.25 -43.06 -42.84 -42.28 -41.38 -40.75 -40.59 -40.97 -41.50 -42.03 -42.50 -42.88 -43.22 -43.62 -44.00 -44.31 -44.56 -44.66 -44.69 -44.66 -44.53 -44.41 -44.38 -44.50 -44.78 -45.03 -44.97 -44.66 -44.31 -44.12 -44.28 -44.81 -45.53 -46.22 -46.84 -47.47 -48.22 -49.03 -49.66 -50.16 -50.62 -51.12 -51.62 -52.09 -52.56 -52.97 -53.25 -53.34 -53.31 -53.12 -52.94 -52.75 -52.47 -52.06 -51.62 -51.09 -50.53 -50.00 -49.72 -49.56 -49.59 -49.84 -50.12 -50.41 -50.72 -51.00 -51.28 -51.62
-43.03 -42.94 -42.78 -42.62 -42.47 -42.12 -41.28 -40.41 -39.84 -39.88 -40.47 -41.22 -41.94 -42.44 -42.84 -43.19 -43.53 -43.81 -44.00 -44.06 -44.06 -43.97 -43.69 -43.44 -43.28 -43.25 -43.41 -43.66 -43.84 -43.84 -43.69 -43.59 -43.81 -44.34 -45.12 -46.06 -46.97 -47.56 -48.06 -48.62 -49.16 -49.69 -50.16 -50.66 -51.16 -51.62 -52.06 -52.44 -52.69 -52.81 -52.81 -52.62 -52.38 -52.12 -51.97 -51.72 -51.38 -50.97 -50.53 -50.09 -49.72 -49.47 -49.50 -49.66 -49.84 -50.06 -50.28 -50.47 -50.66 -50.94 -51.34
-42.41 -42.31 -42.12 -41.94 -41.75 -41.16 -40.28 -39.53 -39.28 -39.66 -40.41 -41.22 -41.88 -42.34 -42.75 -43.09 -43.38 -43.53 -43.59 -43.56 -43.47 -43.28 -42.91 -42.53 -42.34 -42.34 -42.53 -42.81 -43.09 -43.31 -43.53 -43.81 -44.19 -44.72 -45.44 -46.31 -47.19 -47.75 -48.22 -48.75 -49.25 -49.72 -50.19 -50.66 -51.12 -51.53 -51.91 -52.19 -52.31 -52.31 -52.19 -51.84 -51.38 -51.12 -51.16 -51.00 -50.72 -50.38 -50.00 -49.66 -49.44 -49.38 -49.44 -49.59 -49.75 -49.91 -50.00 -50.09 -50.16 -50.44 -51.12
-41.75 -41.59 -41.44 -41.25 -40.97 -40.22 -39.47 -39.09 -39.38 -40.00 -40.75 -41.34 -41.84 -42.25 -42.62 -42.94 -43.16 -43.22 -43.19 -43.12 -43.00 -42.78 -42.38 -41.91 -41.66 -41.72 -42.12 -42.66 -43.31 -43.91 -44.28 -44.62 -44.91 -45.31 -45.81 -46.44 -47.16 -47.81 -48.34 -48.88 -49.34 -49.81 -50.25 -50.66 -51.03 -51.38 -51.66 -51.84 -51.88 -51.81 -51.53 -50.97 -50.44 -50.16 -50.22 -50.31 -50.16 -49.91 -49.66 -49.41 -49.28 -49.28 -49.38 -49.47 -49.56 -49.62 -49.66 -49.53 -49.62 -50.22 -51.09
-41.06 -40.88 -40.69 -40.50 -40.12 -39.44 -39.03 -39.31 -39.91 -40.41 -40.91 -41.38 -41.78 -42.19 -42.50 -42.78 -42.91 -42.91 -42.84 -42.75 -42.59 -42.41 -42.09 -41.56 -41.25 -41.53 -42.16 -42.94 -43.72 -44.28 -44.72 -45.12 -45.53 -45.94 -46.38 -46.84 -47.38 -47.94 -48.50 -49.00 -49.47 -49.91 -50.28 -50.62 -50.91 -51.16 -51.34 -51.47 -51.47 -51.31 -50.94 -50.28 -49.66 -49.34 -49.44 -49.69 -49.66 -49.56 -49.41 -49.25 -49.19 -49.19 -49.25 -49.31 -49.34 -49.34 -49.22 -49.19 -49.62 -50.41 -51.12
-40.00 -40.09 -39.97 -39.78 -39.31 -38.81 -39.00 -39.62 -40.03 -40.47 -40.91 -41.34 -41.72 -42.09 -42.38 -42.59 -42.66 -42.62 -42.53 -42.44 -42.31 -42.12 -41.91 -41.41 -41.12 -41.53 -42.28 -43.16 -43.88 -44.41 -44.91 -45.41 -45.91 -46.38 -46.84 -47.31 -47.75 -48.25 -48.69 -49.12 -49.53 -49.88 -50.19 -50.47 -50.69 -50.88 -51.03 -51.12 -51.06 -50.88 -50.47 -49.78 -49.12 -48.78 -48.91 -49.25 -49.31 -49.28 -49.19 -49.12 -49.06 -49.06 -49.09 -49.12 -49.12 -49.09 -49.12 -49.47 -50.00 -50.62 -51.16
-38.69 -38.97 -39.22 -39.03 -38.53 -38.47 -39.09 -39.59 -39.97 -40.41 -40.84 -41.25 -41.62 -41.97 -42.25 -42.41 -42.44 -42.34 -42.25 -42.16 -42.06 -41.91 -41.72 -41.25 -41.19 -41.69 -42.47 -43.28 -43.94 -44.50 -45.06 -45.62 -46.12 -46.59 -47.06 -47.50 -47.94 -48.34 -48.75 -49.09 -49.41 -49.69 -49.94 -50.16 -50.38 -50.56 -50.72 -50.78 -50.72 -50.50 -50.06 -49.47 -48.88 -48.56 -48.72 -48.97 -49.06 -49.06 -49.03 -49.00 -48.94 -48.94 -48.94 -48.94 -48.97 -49.09 -49.38 -49.75 -50.22 -50.66 -51.09
