everonasctiles/Tile[44,15].asc
ncols 128
nrows 128
xllcorner 0
yllcorner 0
cellsize 2.0
NODATA_value  -9999
[rows 90 to 119 of 128, columns 0 to 67 of 128]
-87.91 -88.38 -88.78 -89.22 -89.62 -90.00 -90.38 -90.72 -91.03 -91.38 -91.69 -92.03 -92.38 -92.72 -93.06 -93.44 -93.81 -94.22 -94.62 -95.03 -95.44 -95.78 -96.09 -96.34 -96.53 -96.72 -96.94 -97.12 -97.31 -97.47 -97.66 -98.00 -98.41 -98.88 -99.34 -99.78 -100.16 -100.50 -100.75 -100.97 -101.06 -101.06 -100.78 -100.84 -101.47 -102.31 -103.12 -103.66 -104.16 -104.69 -105.19 -105.69 -106.19 -106.69 -107.22 -107.72 -108.19 -108.62 -109.00 -109.34 -109.69 -110.00 -110.28 -110.56 -110.81 -111.06 -111.28 -111.53
-88.03 -88.44 -88.84 -89.25 -89.62 -89.97 -90.31 -90.62 -90.94 -91.25 -91.56 -91.91 -92.28 -92.66 -93.03 -93.44 -93.81 -94.19 -94.56 -94.91 -95.25 -95.53 -95.78 -96.00 -96.19 -96.38 -96.59 -96.81 -97.03 -97.31 -97.62 -98.00 -98.41 -98.81 -99.19 -99.56 -99.88 -100.12 -100.34 -100.50 -100.59 -100.53 -100.47 -100.94 -101.62 -102.31 -102.91 -103.41 -103.91 -104.41 -104.91 -105.38 -105.88 -106.41 -106.97 -107.47 -107.94 -108.31 -108.66 -108.97 -109.31 -109.66 -110.00 -110.38 -110.69 -111.03 -111.31 -111.59
-88.06 -88.44 -88.81 -89.19 -89.50 -89.84 -90.16 -90.47 -90.75 -91.06 -91.41 -91.75 -92.16 -92.56 -92.94 -93.34 -93.72 -94.06 -94.41 -94.72 -95.00 -95.22 -95.44 -95.66 -95.88 -96.09 -96.31 -96.56 -96.84 -97.16 -97.50 -97.88 -98.25 -98.62 -98.97 -99.25 -99.47 -99.69 -99.91 -100.06 -100.12 -100.12 -100.50 -101.12 -101.69 -102.22 -102.72 -103.19 -103.66 -104.16 -104.66 -105.19 -105.72 -106.25 -106.78 -107.25 -107.69 -108.03 -108.34 -108.69 -109.06 -109.47 -109.91 -110.31 -110.66 -111.00 -111.31 -111.62
-88.00 -88.38 -88.72 -89.03 -89.34 -89.66 -89.97 -90.25 -90.53 -90.84 -91.19 -91.59 -92.00 -92.44 -92.81 -93.22 -93.56 -93.88 -94.16 -94.44 -94.69 -94.91 -95.12 -95.34 -95.59 -95.81 -96.03 -96.31 -96.59 -96.94 -97.28 -97.66 -98.00 -98.34 -98.62 -98.84 -99.03 -99.22 -99.44 -99.59 -99.69 -100.03 -100.59 -101.16 -101.66 -102.16 -102.62 -103.12 -103.59 -104.09 -104.62 -105.19 -105.75 -106.25 -106.72 -107.16 -107.53 -107.91 -108.25 -108.66 -109.06 -109.50 -109.91 -110.28 -110.62 -110.97 -111.28 -111.59
-87.94 -88.25 -88.56 -88.88 -89.16 -89.47 -89.75 -90.06 -90.34 -90.69 -91.06 -91.47 -91.88 -92.28 -92.69 -93.03 -93.31 -93.59 -93.88 -94.12 -94.34 -94.59 -94.81 -95.06 -95.28 -95.50 -95.75 -96.03 -96.31 -96.62 -96.97 -97.31 -97.66 -97.97 -98.22 -98.41 -98.56 -98.75 -98.97 -99.16 -99.47 -100.00 -100.56 -101.12 -101.62 -102.16 -102.66 -103.19 -103.72 -104.22 -104.75 -105.28 -105.81 -106.28 -106.75 -107.16 -107.53 -107.94 -108.31 -108.72 -109.12 -109.50 -109.88 -110.25 -110.56 -110.91 -111.22 -111.53
-87.84 -88.16 -88.44 -88.75 -89.03 -89.34 -89.62 -89.94 -90.22 -90.59 -90.97 -91.38 -91.78 -92.16 -92.50 -92.78 -93.03 -93.28 -93.56 -93.78 -94.03 -94.28 -94.50 -94.75 -94.97 -95.16 -95.41 -95.66 -95.94 -96.25 -96.59 -96.94 -97.25 -97.56 -97.78 -97.94 -98.09 -98.28 -98.53 -98.91 -99.41 -99.97 -100.53 -101.09 -101.62 -102.19 -102.75 -103.28 -103.81 -104.34 -104.88 -105.38 -105.88 -106.34 -106.78 -107.19 -107.56 -107.94 -108.31 -108.72 -109.09 -109.47 -109.81 -110.16 -110.47 -110.78 -111.09 -111.41
-87.75 -88.06 -88.38 -88.66 -88.97 -89.28 -89.56 -89.88 -90.19 -90.53 -90.88 -91.25 -91.62 -91.97 -92.25 -92.47 -92.72 -92.97 -93.22 -93.47 -93.69 -93.94 -94.16 -94.38 -94.59 -94.78 -95.00 -95.25 -95.53 -95.84 -96.19 -96.50 -96.84 -97.12 -97.31 -97.50 -97.66 -97.94 -98.38 -98.84 -99.38 -99.91 -100.47 -101.03 -101.62 -102.22 -102.78 -103.34 -103.91 -104.44 -104.94 -105.41 -105.88 -106.31 -106.72 -107.12 -107.50 -107.88 -108.25 -108.62 -108.97 -109.31 -109.66 -109.97 -110.31 -110.62 -110.94 -111.25
-87.69 -88.00 -88.31 -88.62 -88.94 -89.22 -89.53 -89.81 -90.12 -90.44 -90.78 -91.12 -91.44 -91.72 -91.94 -92.16 -92.41 -92.66 -92.88 -93.12 -93.34 -93.56 -93.78 -94.00 -94.19 -94.34 -94.53 -94.78 -95.06 -95.41 -95.75 -96.09 -96.41 -96.69 -96.91 -97.06 -97.38 -97.84 -98.31 -98.81 -99.31 -99.84 -100.41 -100.97 -101.56 -102.16 -102.75 -103.31 -103.84 -104.38 -104.88 -105.31 -105.75 -106.19 -106.59 -106.97 -107.34 -107.72 -108.06 -108.44 -108.78 -109.09 -109.44 -109.75 -110.09 -110.41 -110.72 -111.00
-87.59 -87.91 -88.22 -88.53 -88.84 -89.12 -89.41 -89.69 -89.97 -90.28 -90.59 -90.91 -91.19 -91.44 -91.62 -91.84 -92.06 -92.31 -92.53 -92.75 -92.97 -93.19 -93.41 -93.59 -93.75 -93.91 -94.06 -94.25 -94.56 -94.94 -95.38 -95.69 -96.00 -96.28 -96.50 -96.78 -97.25 -97.75 -98.25 -98.72 -99.25 -99.78 -100.34 -100.91 -101.50 -102.06 -102.62 -103.16 -103.69 -104.19 -104.66 -105.09 -105.53 -105.97 -106.38 -106.75 -107.12 -107.47 -107.81 -108.16 -108.50 -108.84 -109.19 -109.53 -109.88 -110.19 -110.47 -110.75
-87.47 -87.81 -88.09 -88.38 -88.66 -88.91 -89.19 -89.47 -89.75 -90.06 -90.38 -90.66 -90.91 -91.12 -91.31 -91.50 -91.75 -91.97 -92.19 -92.38 -92.59 -92.78 -93.00 -93.19 -93.34 -93.47 -93.59 -93.69 -94.03 -94.56 -94.97 -95.31 -95.59 -95.84 -96.16 -96.59 -97.12 -97.66 -98.16 -98.66 -99.16 -99.69 -100.25 -100.78 -101.34 -101.88 -102.41 -102.94 -103.44 -103.91 -104.34 -104.81 -105.28 -105.72 -106.12 -106.50 -106.84 -107.19 -107.53 -107.88 -108.22 -108.59 -108.94 -109.28 -109.62 -109.91 -110.19 -110.44
-87.31 -87.66 -87.91 -88.16 -88.41 -88.66 -88.94 -89.22 -89.53 -89.84 -90.12 -90.41 -90.62 -90.81 -91.00 -91.19 -91.41 -91.59 -91.81 -92.00 -92.22 -92.41 -92.62 -92.78 -92.94 -93.06 -93.09 -93.22 -93.62 -94.12 -94.56 -94.88 -95.19 -95.53 -96.00 -96.50 -97.03 -97.56 -98.06 -98.56 -99.06 -99.56 -100.06 -100.56 -101.06 -101.59 -102.12 -102.62 -103.09 -103.56 -104.03 -104.53 -105.03 -105.47 -105.88 -106.22 -106.53 -106.88 -107.22 -107.56 -107.94 -108.31 -108.66 -109.00 -109.31 -109.59 -109.84 -110.09
-87.16 -87.44 -87.69 -87.88 -88.09 -88.34 -88.66 -88.97 -89.31 -89.59 -89.88 -90.12 -90.31 -90.47 -90.66 -90.84 -91.06 -91.25 -91.47 -91.66 -91.88 -92.06 -92.28 -92.44 -92.56 -92.66 -92.69 -92.91 -93.34 -93.81 -94.22 -94.62 -95.03 -95.50 -95.97 -96.47 -97.00 -97.47 -97.97 -98.44 -98.91 -99.38 -99.81 -100.28 -100.75 -101.25 -101.78 -102.28 -102.75 -103.28 -103.81 -104.34 -104.81 -105.22 -105.56 -105.88 -106.19 -106.53 -106.91 -107.31 -107.69 -108.03 -108.38 -108.69 -109.00 -109.25 -109.50 -109.75
-86.91 -87.16 -87.38 -87.59 -87.81 -88.09 -88.41 -88.75 -89.06 -89.38 -89.62 -89.81 -90.00 -90.16 -90.31 -90.50 -90.72 -90.94 -91.16 -91.34 -91.56 -91.78 -91.97 -92.12 -92.25 -92.31 -92.41 -92.78 -93.25 -93.72 -94.16 -94.59 -95.06 -95.53 -96.00 -96.47 -96.97 -97.44 -97.88 -98.31 -98.75 -99.16 -99.59 -100.03 -100.47 -100.97 -101.50 -102.03 -102.56 -103.12 -103.62 -104.12 -104.53 -104.91 -105.22 -105.50 -105.84 -106.22 -106.62 -107.03 -107.41 -107.75 -108.06 -108.34 -108.62 -108.88 -109.12 -109.41
-86.66 -86.88 -87.09 -87.28 -87.56 -87.91 -88.25 -88.56 -88.84 -89.09 -89.31 -89.50 -89.66 -89.81 -90.00 -90.19 -90.41 -90.66 -90.88 -91.09 -91.31 -91.53 -91.72 -91.88 -92.00 -92.06 -92.34 -92.78 -93.25 -93.69 -94.12 -94.59 -95.06 -95.53 -96.00 -96.47 -96.91 -97.34 -97.78 -98.19 -98.59 -99.03 -99.44 -99.91 -100.38 -100.88 -101.38 -101.91 -102.44 -102.94 -103.44 -103.84 -104.22 -104.56 -104.84 -105.16 -105.53 -105.94 -106.34 -106.72 -107.06 -107.41 -107.72 -108.00 -108.25 -108.50 -108.75 -109.12
-86.41 -86.62 -86.84 -87.09 -87.44 -87.75 -88.06 -88.34 -88.59 -88.81 -89.00 -89.16 -89.31 -89.47 -89.66 -89.91 -90.16 -90.41 -90.62 -90.88 -91.12 -91.34 -91.53 -91.69 -91.84 -92.03 -92.38 -92.78 -93.22 -93.66 -94.09 -94.56 -95.03 -95.50 -95.97 -96.41 -96.84 -97.25 -97.66 -98.06 -98.50 -98.94 -99.38 -99.84 -100.31 -100.81 -101.31 -101.81 -102.28 -102.75 -103.16 -103.53 -103.88 -104.19 -104.50 -104.84 -105.25 -105.62 -106.03 -106.38 -106.69 -107.03 -107.31 -107.59 -107.84 -108.09 -108.44 -108.97
-86.22 -86.44 -86.72 -87.00 -87.31 -87.62 -87.91 -88.12 -88.31 -88.50 -88.66 -88.81 -89.00 -89.16 -89.38 -89.66 -89.91 -90.19 -90.44 -90.72 -90.97 -91.22 -91.44 -91.62 -91.84 -92.09 -92.44 -92.78 -93.19 -93.62 -94.06 -94.50 -94.97 -95.41 -95.84 -96.28 -96.69 -97.12 -97.53 -97.97 -98.41 -98.84 -99.31 -99.78 -100.25 -100.72 -101.19 -101.66 -102.09 -102.47 -102.81 -103.16 -103.50 -103.81 -104.16 -104.53 -104.91 -105.28 -105.62 -105.97 -106.31 -106.66 -106.94 -107.19 -107.44 -107.75 -108.31 -108.88
-86.12 -86.38 -86.66 -86.94 -87.22 -87.47 -87.69 -87.88 -88.03 -88.19 -88.34 -88.50 -88.69 -88.91 -89.16 -89.44 -89.72 -90.03 -90.31 -90.59 -90.88 -91.16 -91.41 -91.66 -91.91 -92.19 -92.50 -92.84 -93.19 -93.59 -94.00 -94.44 -94.84 -95.28 -95.69 -96.12 -96.53 -96.97 -97.41 -97.88 -98.31 -98.75 -99.22 -99.66 -100.12 -100.56 -101.00 -101.41 -101.78 -102.09 -102.41 -102.78 -103.12 -103.47 -103.81 -104.16 -104.53 -104.88 -105.22 -105.59 -105.94 -106.28 -106.56 -106.78 -107.12 -107.66 -108.31 -108.88
-86.06 -86.34 -86.59 -86.84 -87.06 -87.28 -87.44 -87.56 -87.72 -87.84 -88.03 -88.22 -88.44 -88.69 -89.00 -89.28 -89.59 -89.91 -90.19 -90.50 -90.81 -91.12 -91.41 -91.69 -91.97 -92.25 -92.56 -92.88 -93.22 -93.59 -93.97 -94.34 -94.72 -95.09 -95.50 -95.94 -96.41 -96.88 -97.34 -97.81 -98.25 -98.69 -99.12 -99.56 -99.97 -100.38 -100.75 -101.09 -101.41 -101.69 -102.00 -102.38 -102.78 -103.16 -103.47 -103.81 -104.12 -104.47 -104.81 -105.19 -105.56 -105.91 -106.19 -106.53 -107.09 -107.72 -108.31 -108.88
-86.00 -86.25 -86.47 -86.69 -86.91 -87.06 -87.19 -87.28 -87.41 -87.56 -87.75 -87.97 -88.25 -88.53 -88.84 -89.16 -89.47 -89.78 -90.09 -90.41 -90.72 -91.06 -91.38 -91.69 -92.00 -92.31 -92.62 -92.94 -93.28 -93.62 -93.97 -94.31 -94.66 -95.00 -95.41 -95.84 -96.34 -96.84 -97.31 -97.78 -98.22 -98.66 -99.06 -99.47 -99.84 -100.19 -100.53 -100.78 -100.97 -101.16 -101.41 -101.88 -102.38 -102.84 -103.16 -103.44 -103.75 -104.00 -104.31 -104.72 -105.16 -105.56 -106.06 -106.59 -107.19 -107.78 -108.34 -108.88
-85.84 -86.09 -86.31 -86.50 -86.66 -86.78 -86.91 -87.00 -87.09 -87.28 -87.50 -87.75 -88.03 -88.34 -88.66 -89.00 -89.31 -89.62 -89.94 -90.28 -90.62 -90.97 -91.31 -91.66 -92.00 -92.34 -92.69 -93.03 -93.34 -93.69 -94.03 -94.38 -94.72 -95.09 -95.47 -95.91 -96.38 -96.84 -97.31 -97.78 -98.22 -98.66 -99.06 -99.44 -99.78 -100.09 -100.34 -100.53 -100.59 -100.69 -100.94 -101.31 -101.81 -102.25 -102.62 -102.91 -103.12 -103.44 -103.91 -104.44 -105.00 -105.56 -106.12 -106.69 -107.28 -107.84 -108.41 -108.94
-85.62 -85.84 -86.06 -86.25 -86.41 -86.53 -86.62 -86.72 -86.84 -87.06 -87.31 -87.56 -87.84 -88.16 -88.47 -88.81 -89.12 -89.44 -89.81 -90.16 -90.53 -90.91 -91.28 -91.66 -92.00 -92.38 -92.72 -93.09 -93.44 -93.78 -94.12 -94.47 -94.81 -95.19 -95.56 -95.97 -96.41 -96.84 -97.31 -97.75 -98.19 -98.62 -99.06 -99.44 -99.78 -100.12 -100.44 -100.69 -100.84 -100.88 -100.84 -101.00 -101.31 -101.66 -102.00 -102.31 -102.69 -103.16 -103.78 -104.44 -105.06 -105.59 -106.16 -106.75 -107.34 -107.91 -108.47 -109.00
-85.38 -85.59 -85.78 -85.97 -86.12 -86.25 -86.38 -86.47 -86.62 -86.84 -87.12 -87.41 -87.69 -88.00 -88.31 -88.62 -88.97 -89.31 -89.69 -90.06 -90.47 -90.84 -91.25 -91.62 -92.00 -92.38 -92.75 -93.12 -93.50 -93.84 -94.19 -94.53 -94.88 -95.22 -95.59 -96.00 -96.41 -96.84 -97.28 -97.72 -98.16 -98.59 -99.03 -99.47 -99.84 -100.22 -100.56 -100.88 -101.12 -101.25 -101.31 -101.28 -101.31 -101.50 -101.75 -102.12 -102.56 -103.12 -103.78 -104.50 -105.00 -105.56 -106.16 -106.75 -107.38 -107.97 -108.53 -109.06
-85.09 -85.31 -85.50 -85.72 -85.88 -86.03 -86.16 -86.28 -86.47 -86.69 -86.94 -87.22 -87.53 -87.84 -88.19 -88.50 -88.84 -89.22 -89.59 -90.00 -90.41 -90.78 -91.19 -91.56 -91.97 -92.34 -92.72 -93.09 -93.47 -93.81 -94.16 -94.50 -94.84 -95.19 -95.56 -95.97 -96.38 -96.78 -97.22 -97.66 -98.09 -98.56 -99.03 -99.50 -99.94 -100.34 -100.72 -101.09 -101.38 -101.56 -101.69 -101.78 -101.84 -101.88 -102.03 -102.31 -102.66 -103.12 -103.72 -104.41 -104.94 -105.50 -106.09 -106.72 -107.31 -107.94 -108.53 -109.06
-84.84 -85.03 -85.25 -85.47 -85.69 -85.88 -86.06 -86.28 -86.47 -86.66 -86.88 -87.09 -87.41 -87.75 -88.06 -88.41 -88.75 -89.12 -89.50 -89.91 -90.31 -90.69 -91.09 -91.50 -91.88 -92.25 -92.62 -93.00 -93.38 -93.72 -94.06 -94.41 -94.75 -95.12 -95.50 -95.91 -96.31 -96.72 -97.16 -97.59 -98.06 -98.56 -99.06 -99.56 -100.03 -100.47 -100.91 -101.28 -101.62 -101.84 -102.03 -102.16 -102.25 -102.38 -102.53 -102.72 -102.94 -103.19 -103.59 -104.19 -104.81 -105.38 -105.97 -106.59 -107.22 -107.84 -108.44 -109.00
-84.56 -84.81 -85.06 -85.31 -85.59 -85.84 -86.12 -86.38 -86.59 -86.81 -87.00 -87.19 -87.41 -87.69 -88.00 -88.34 -88.69 -89.06 -89.44 -89.81 -90.19 -90.59 -90.97 -91.38 -91.75 -92.12 -92.50 -92.84 -93.22 -93.56 -93.91 -94.28 -94.66 -95.06 -95.44 -95.84 -96.25 -96.69 -97.12 -97.59 -98.09 -98.62 -99.12 -99.66 -100.16 -100.62 -101.06 -101.47 -101.84 -102.12 -102.31 -102.47 -102.59 -102.72 -102.88 -103.09 -103.31 -103.50 -103.69 -103.97 -104.47 -105.06 -105.69 -106.38 -107.03 -107.72 -108.31 -108.88
-84.38 -84.66 -84.94 -85.25 -85.56 -85.88 -86.19 -86.50 -86.75 -87.00 -87.22 -87.41 -87.59 -87.78 -88.00 -88.25 -88.59 -88.97 -89.38 -89.75 -90.12 -90.50 -90.88 -91.25 -91.62 -91.97 -92.31 -92.69 -93.03 -93.41 -93.78 -94.16 -94.56 -94.97 -95.38 -95.81 -96.25 -96.69 -97.16 -97.66 -98.16 -98.69 -99.19 -99.72 -100.25 -100.72 -101.19 -101.62 -102.03 -102.34 -102.59 -102.78 -102.91 -103.03 -103.19 -103.38 -103.59 -103.81 -104.00 -104.16 -104.38 -104.78 -105.34 -106.06 -106.84 -107.59 -108.22 -108.78
-84.22 -84.53 -84.88 -85.22 -85.59 -85.97 -86.31 -86.66 -86.97 -87.22 -87.44 -87.66 -87.84 -88.03 -88.22 -88.34 -88.50 -88.84 -89.28 -89.69 -90.09 -90.44 -90.81 -91.16 -91.50 -91.84 -92.19 -92.53 -92.91 -93.28 -93.66 -94.06 -94.47 -94.91 -95.34 -95.78 -96.22 -96.69 -97.19 -97.72 -98.22 -98.72 -99.25 -99.75 -100.28 -100.81 -101.28 -101.75 -102.16 -102.53 -102.81 -103.03 -103.19 -103.31 -103.47 -103.66 -103.88 -104.09 -104.31 -104.50 -104.72 -105.00 -105.44 -106.12 -106.91 -107.56 -108.16 -108.69
-84.12 -84.47 -84.81 -85.22 -85.62 -86.03 -86.44 -86.84 -87.19 -87.47 -87.72 -87.94 -88.12 -88.34 -88.50 -88.62 -88.69 -88.84 -89.19 -89.66 -90.09 -90.44 -90.75 -91.06 -91.41 -91.75 -92.09 -92.44 -92.78 -93.19 -93.56 -93.97 -94.41 -94.81 -95.25 -95.72 -96.19 -96.69 -97.19 -97.72 -98.25 -98.78 -99.28 -99.81 -100.34 -100.88 -101.38 -101.84 -102.25 -102.62 -102.97 -103.22 -103.41 -103.56 -103.72 -103.91 -104.12 -104.38 -104.59 -104.81 -105.06 -105.41 -105.81 -106.38 -107.00 -107.56 -108.09 -108.59
-84.06 -84.41 -84.78 -85.22 -85.69 -86.16 -86.59 -87.00 -87.38 -87.72 -88.00 -88.22 -88.44 -88.66 -88.81 -88.97 -89.09 -89.16 -89.38 -89.78 -90.19 -90.50 -90.78 -91.06 -91.34 -91.66 -92.00 -92.34 -92.72 -93.09 -93.47 -93.88 -94.28 -94.72 -95.16 -95.62 -96.12 -96.62 -97.16 -97.69 -98.25 -98.81 -99.34 -99.91 -100.44 -100.94 -101.44 -101.91 -102.31 -102.69 -103.03 -103.31 -103.56 -103.75 -103.94 -104.16 -104.38 -104.59 -104.84 -105.09 -105.34 -105.66 -106.06 -106.53 -107.06 -107.53 -108.00 -108.44
-84.19 -84.53 -84.88 -85.31 -85.78 -86.28 -86.72 -87.16 -87.56 -87.91 -88.25 -88.53 -88.75 -88.97 -89.16 -89.31 -89.47 -89.59 -89.78 -90.09 -90.44 -90.72 -90.97 -91.19 -91.38 -91.62 -91.94 -92.28 -92.62 -92.97 -93.31 -93.72 -94.12 -94.59 -95.06 -95.56 -96.03 -96.56 -97.09 -97.66 -98.22 -98.81 -99.38 -99.94 -100.47 -100.97 -101.44 -101.91 -102.31 -102.69 -103.03 -103.34 -103.62 -103.88 -104.09 -104.31 -104.56 -104.81 -105.06 -105.31 -105.56 -105.84 -106.22 -106.62 -107.03 -107.47 -107.88 -108.25
