everonasctiles/Tile9,45.asc
ncols 128
nrows 128
xllcorner 0
yllcorner 0
cellsize 2.0
NODATA_value  -9999
[rows 32 to 63 of 128, columns 0 to 70 of 128]
-17.56 -17.59 -17.53 -17.50 -17.47 -17.38 -17.44 -17.34 -17.31 -17.22 -17.12 -17.00 -16.84 -16.66 -16.44 -16.22 -16.12 -16.06 -16.00 -15.97 -15.94 -15.78 -15.66 -15.53 -15.44 -15.25 -15.09 -15.00 -14.78 -14.50 -14.34 -14.03 -13.78 -13.53 -13.53 -13.47 -13.44 -13.50 -13.41 -13.34 -13.28 -13.25 -13.31 -13.44 -13.56 -13.66 -13.78 -13.69 -13.72 -14.03 -14.41 -14.84 -15.25 -15.34 -15.38 -15.75 -16.19 -16.84 -17.28 -17.56 -17.81 -18.31 -18.78 -19.16 -19.62 -19.91 -20.34 -20.72 -21.00 -21.53 -22.00
-17.28 -17.28 -17.28 -17.19 -17.09 -17.09 -17.09 -16.97 -16.97 -16.81 -16.69 -16.59 -16.41 -16.28 -16.09 -15.88 -15.81 -15.72 -15.75 -15.78 -15.66 -15.56 -15.38 -15.25 -15.16 -15.00 -14.84 -14.66 -14.38 -14.22 -13.91 -13.69 -13.56 -13.47 -13.22 -13.34 -13.31 -13.34 -13.44 -13.38 -13.28 -13.19 -13.31 -13.41 -13.44 -13.59 -13.81 -13.84 -13.81 -14.09 -14.50 -15.03 -15.41 -15.50 -15.59 -15.72 -16.19 -16.88 -17.41 -17.62 -18.00 -18.44 -18.81 -19.22 -19.66 -20.06 -20.41 -20.75 -21.12 -21.56 -21.94
-17.00 -17.00 -17.00 -16.81 -16.78 -16.75 -16.78 -16.72 -16.62 -16.47 -16.38 -16.31 -16.09 -15.97 -15.75 -15.59 -15.50 -15.44 -15.44 -15.34 -15.16 -15.03 -14.88 -14.78 -14.81 -14.72 -14.50 -14.31 -14.06 -13.88 -13.66 -13.44 -13.38 -13.25 -13.06 -12.97 -13.16 -13.19 -13.25 -13.28 -13.25 -13.22 -13.28 -13.34 -13.53 -13.69 -13.91 -14.12 -14.25 -14.38 -14.78 -15.25 -15.69 -15.94 -16.03 -16.03 -16.53 -17.06 -17.47 -17.94 -18.22 -18.56 -18.91 -19.31 -19.66 -20.09 -20.44 -20.84 -21.34 -21.75 -22.12
-16.69 -16.78 -16.84 -16.56 -16.56 -16.66 -16.62 -16.50 -16.31 -16.22 -16.09 -16.00 -15.81 -15.75 -15.50 -15.44 -15.41 -15.22 -15.19 -15.03 -14.84 -14.72 -14.56 -14.53 -14.44 -14.31 -14.19 -14.12 -13.91 -13.72 -13.50 -13.41 -13.19 -13.09 -12.97 -12.88 -12.81 -12.81 -12.91 -12.94 -13.06 -13.16 -13.28 -13.44 -13.62 -13.88 -14.00 -14.31 -14.47 -14.56 -14.81 -15.22 -15.59 -16.09 -16.25 -16.28 -16.59 -17.06 -17.59 -18.12 -18.53 -18.78 -19.16 -19.50 -19.78 -20.19 -20.56 -20.97 -21.41 -21.81 -22.16
-16.41 -16.25 -16.31 -16.22 -16.25 -16.25 -16.38 -16.31 -16.09 -16.00 -15.97 -15.78 -15.56 -15.47 -15.34 -15.25 -15.22 -15.12 -15.09 -14.84 -14.78 -14.66 -14.47 -14.38 -14.19 -14.12 -14.03 -13.88 -13.62 -13.50 -13.41 -13.25 -13.16 -13.09 -12.94 -12.88 -12.84 -12.72 -12.81 -12.97 -13.06 -13.22 -13.34 -13.44 -13.72 -14.00 -14.16 -14.50 -14.59 -14.69 -14.81 -15.06 -15.62 -16.16 -16.62 -16.75 -16.78 -17.16 -17.62 -18.28 -18.75 -19.12 -19.34 -19.66 -19.94 -20.28 -20.62 -20.97 -21.41 -21.84 -22.28
-16.22 -16.03 -16.00 -15.97 -15.94 -16.03 -16.00 -15.84 -15.69 -15.69 -15.66 -15.56 -15.31 -15.25 -15.19 -15.16 -15.03 -14.91 -14.94 -14.75 -14.69 -14.56 -14.38 -14.25 -14.09 -14.06 -14.00 -13.78 -13.59 -13.38 -13.16 -13.03 -12.91 -12.88 -12.81 -12.88 -12.88 -12.84 -12.97 -13.06 -13.22 -13.38 -13.56 -13.66 -13.75 -14.03 -14.34 -14.59 -14.88 -15.06 -15.28 -15.31 -15.69 -16.12 -16.44 -16.84 -17.06 -17.38 -17.72 -18.34 -18.88 -19.22 -19.50 -19.75 -20.09 -20.50 -20.69 -20.97 -21.28 -21.66 -22.09
-15.91 -15.78 -15.62 -15.56 -15.62 -15.66 -15.59 -15.56 -15.53 -15.50 -15.34 -15.28 -15.16 -15.03 -14.84 -14.88 -14.81 -14.69 -14.62 -14.56 -14.56 -14.44 -14.22 -14.03 -13.88 -13.75 -13.69 -13.53 -13.31 -13.19 -12.94 -12.88 -12.81 -12.88 -12.81 -12.72 -12.69 -12.72 -12.94 -13.03 -13.12 -13.41 -13.62 -13.78 -13.97 -14.12 -14.28 -14.69 -15.06 -15.34 -15.50 -15.75 -15.94 -16.16 -16.53 -17.00 -17.34 -17.56 -17.72 -18.28 -18.78 -19.12 -19.44 -19.66 -19.94 -20.41 -20.78 -21.06 -21.25 -21.72 -22.12
-15.53 -15.50 -15.44 -15.38 -15.44 -15.34 -15.34 -15.25 -15.19 -15.19 -14.94 -14.88 -14.81 -14.66 -14.59 -14.78 -14.62 -14.44 -14.34 -14.41 -14.25 -14.03 -13.88 -13.75 -13.69 -13.56 -13.44 -13.38 -13.19 -12.91 -12.59 -12.41 -12.50 -12.59 -12.53 -12.56 -12.62 -12.72 -12.81 -13.00 -13.12 -13.31 -13.47 -13.62 -13.91 -14.06 -14.34 -14.78 -15.19 -15.44 -15.69 -15.97 -16.16 -16.28 -16.47 -17.06 -17.41 -17.44 -17.78 -18.34 -19.00 -19.31 -19.28 -19.56 -20.03 -20.50 -20.81 -21.09 -21.31 -21.72 -22.19
-15.28 -15.22 -15.12 -15.09 -15.19 -15.09 -15.09 -14.97 -14.91 -14.78 -14.59 -14.44 -14.41 -14.31 -14.28 -14.34 -14.34 -14.28 -14.28 -14.16 -14.12 -13.81 -13.72 -13.56 -13.50 -13.34 -13.22 -13.19 -13.09 -12.91 -12.59 -12.41 -12.34 -12.44 -12.41 -12.44 -12.59 -12.66 -12.62 -12.75 -13.06 -13.25 -13.50 -13.72 -13.94 -14.12 -14.59 -14.91 -15.25 -15.66 -15.84 -16.09 -16.28 -16.47 -16.53 -16.97 -17.25 -17.50 -17.97 -18.38 -18.88 -19.16 -19.38 -19.66 -20.19 -20.50 -20.72 -21.00 -21.41 -21.88 -22.22
-15.12 -15.03 -14.81 -14.69 -14.94 -14.94 -14.81 -14.62 -14.56 -14.44 -14.34 -14.22 -14.09 -14.16 -14.22 -14.19 -14.16 -14.12 -14.06 -13.91 -13.91 -13.78 -13.66 -13.41 -13.38 -13.34 -13.00 -12.81 -12.81 -12.72 -12.56 -12.41 -12.22 -12.22 -12.28 -12.38 -12.50 -12.72 -12.78 -12.94 -13.22 -13.34 -13.56 -13.62 -13.97 -14.34 -14.59 -14.97 -15.31 -15.47 -15.78 -16.31 -16.44 -16.47 -16.75 -16.94 -17.09 -17.41 -17.91 -18.47 -18.97 -19.22 -19.53 -19.81 -20.12 -20.50 -20.62 -21.03 -21.47 -21.88 -22.31
-14.84 -14.69 -14.66 -14.59 -14.53 -14.50 -14.34 -14.22 -14.22 -14.16 -14.09 -14.06 -13.94 -14.06 -14.12 -14.12 -14.06 -14.09 -14.03 -13.91 -13.81 -13.66 -13.59 -13.44 -13.22 -13.19 -13.06 -12.94 -12.75 -12.59 -12.56 -12.47 -12.31 -12.25 -12.34 -12.34 -12.44 -12.47 -12.69 -13.00 -13.28 -13.53 -13.69 -13.81 -14.00 -14.41 -14.69 -15.06 -15.31 -15.59 -15.91 -16.19 -16.47 -16.72 -16.88 -17.03 -17.12 -17.28 -17.94 -18.69 -19.00 -19.22 -19.50 -19.69 -20.00 -20.38 -20.62 -20.91 -21.34 -21.75 -22.12
-14.59 -14.50 -14.41 -14.28 -14.19 -14.06 -14.03 -14.03 -14.06 -13.94 -13.88 -13.78 -13.62 -13.69 -13.81 -13.88 -13.88 -13.91 -13.88 -13.88 -13.75 -13.75 -13.50 -13.41 -13.22 -13.03 -12.94 -12.78 -12.69 -12.62 -12.50 -12.44 -12.31 -12.34 -12.44 -12.56 -12.53 -12.56 -12.72 -12.88 -13.12 -13.34 -13.56 -13.81 -14.12 -14.53 -14.75 -15.03 -15.34 -15.66 -16.00 -16.31 -16.62 -16.78 -17.03 -17.22 -17.03 -17.19 -18.00 -18.69 -19.00 -19.28 -19.53 -19.69 -19.97 -20.19 -20.50 -20.88 -21.25 -21.59 -21.97
-14.31 -14.22 -14.12 -14.06 -13.88 -13.66 -13.75 -13.91 -13.91 -13.75 -13.66 -13.69 -13.62 -13.59 -13.62 -13.66 -13.66 -13.81 -13.78 -13.69 -13.62 -13.50 -13.38 -13.25 -13.22 -13.16 -13.03 -12.84 -12.72 -12.62 -12.50 -12.41 -12.41 -12.50 -12.50 -12.59 -12.72 -12.78 -12.91 -13.00 -13.25 -13.50 -13.66 -13.97 -14.38 -14.53 -14.84 -15.12 -15.44 -15.75 -16.06 -16.41 -16.69 -16.94 -17.12 -17.31 -17.12 -17.38 -18.06 -18.62 -18.97 -19.22 -19.41 -19.59 -20.00 -20.28 -20.56 -20.84 -21.19 -21.50 -21.84
-14.28 -13.97 -13.91 -13.91 -13.66 -13.53 -13.53 -13.72 -13.78 -13.66 -13.59 -13.53 -13.56 -13.59 -13.50 -13.59 -13.69 -13.75 -13.75 -13.75 -13.66 -13.56 -13.53 -13.38 -13.38 -13.19 -13.06 -12.84 -12.78 -12.66 -12.53 -12.50 -12.50 -12.59 -12.59 -12.69 -12.81 -12.94 -13.00 -13.12 -13.25 -13.41 -13.66 -14.03 -14.38 -14.56 -14.81 -15.19 -15.50 -15.69 -15.97 -16.34 -16.59 -16.91 -17.16 -17.25 -17.25 -17.22 -17.75 -18.34 -18.88 -19.22 -19.34 -19.69 -19.94 -20.16 -20.50 -20.78 -21.03 -21.41 -21.81
-14.09 -13.91 -13.88 -13.84 -13.62 -13.44 -13.47 -13.66 -13.66 -13.53 -13.38 -13.47 -13.50 -13.50 -13.50 -13.47 -13.56 -13.69 -13.66 -13.69 -13.66 -13.59 -13.47 -13.41 -13.34 -13.28 -13.09 -12.94 -12.78 -12.66 -12.56 -12.66 -12.69 -12.66 -12.59 -12.69 -12.88 -13.00 -13.12 -13.22 -13.31 -13.50 -13.72 -14.00 -14.22 -14.47 -14.72 -15.12 -15.56 -15.75 -16.06 -16.38 -16.75 -17.06 -17.16 -17.22 -17.19 -17.22 -17.69 -18.25 -18.75 -19.16 -19.44 -19.72 -19.94 -20.16 -20.44 -20.78 -21.06 -21.44 -21.91
-13.81 -13.72 -13.47 -13.62 -13.47 -13.31 -13.47 -13.44 -13.38 -13.31 -13.31 -13.41 -13.50 -13.47 -13.47 -13.53 -13.59 -13.81 -13.78 -13.78 -13.72 -13.69 -13.53 -13.53 -13.50 -13.38 -13.19 -13.09 -13.06 -13.09 -12.97 -13.00 -12.91 -12.72 -12.72 -12.78 -12.91 -13.09 -13.31 -13.34 -13.47 -13.62 -13.75 -14.00 -14.25 -14.47 -14.78 -15.00 -15.34 -15.72 -16.06 -16.50 -16.72 -17.00 -17.22 -17.31 -17.25 -17.47 -17.72 -18.12 -18.66 -19.19 -19.47 -19.72 -19.94 -20.16 -20.41 -20.53 -20.91 -21.44 -21.78
-13.69 -13.56 -13.53 -13.53 -13.59 -13.53 -13.38 -13.31 -13.25 -13.38 -13.44 -13.41 -13.44 -13.53 -13.69 -13.75 -13.84 -14.00 -14.06 -14.06 -14.06 -13.94 -13.78 -13.69 -13.50 -13.38 -13.38 -13.44 -13.41 -13.22 -13.16 -13.03 -13.06 -12.97 -13.00 -13.00 -13.03 -13.22 -13.31 -13.41 -13.53 -13.78 -13.84 -14.09 -14.41 -14.53 -14.69 -15.00 -15.25 -15.59 -15.97 -16.47 -16.66 -16.84 -17.22 -17.38 -17.44 -17.53 -17.72 -18.03 -18.66 -18.97 -19.28 -19.69 -19.94 -20.16 -20.44 -20.66 -20.97 -21.31 -21.62
-13.66 -13.75 -13.69 -13.69 -13.62 -13.69 -13.66 -13.41 -13.47 -13.62 -13.66 -13.62 -13.72 -13.81 -13.88 -14.06 -14.03 -14.16 -14.25 -14.19 -14.16 -14.12 -14.06 -13.94 -13.78 -13.69 -13.69 -13.66 -13.53 -13.41 -13.34 -13.31 -13.28 -13.19 -13.12 -13.22 -13.22 -13.28 -13.38 -13.44 -13.66 -13.84 -14.03 -14.06 -14.38 -14.56 -14.69 -14.94 -15.28 -15.62 -15.88 -16.28 -16.56 -16.84 -17.19 -17.44 -17.44 -17.41 -17.72 -18.09 -18.47 -18.81 -19.03 -19.50 -19.84 -20.09 -20.31 -20.69 -20.88 -21.22 -21.66
-13.72 -13.81 -13.94 -13.94 -13.78 -13.91 -13.97 -13.81 -13.75 -13.69 -13.59 -13.84 -13.94 -14.19 -14.16 -14.28 -14.34 -14.41 -14.44 -14.41 -14.38 -14.31 -14.28 -14.22 -14.03 -13.94 -13.84 -13.81 -13.72 -13.50 -13.47 -13.53 -13.47 -13.31 -13.31 -13.28 -13.31 -13.34 -13.56 -13.69 -13.81 -13.91 -14.06 -14.25 -14.38 -14.59 -14.78 -15.03 -15.31 -15.56 -15.91 -16.28 -16.47 -16.78 -17.03 -17.28 -17.38 -17.50 -17.81 -18.12 -18.41 -18.91 -19.09 -19.47 -19.75 -19.97 -20.31 -20.66 -21.03 -21.31 -21.78
-14.03 -14.16 -14.25 -14.19 -14.06 -14.09 -14.06 -14.00 -13.84 -13.91 -13.97 -14.03 -14.12 -14.28 -14.44 -14.53 -14.59 -14.56 -14.66 -14.75 -14.69 -14.59 -14.59 -14.44 -14.28 -14.16 -14.03 -13.84 -13.72 -13.69 -13.69 -13.66 -13.53 -13.38 -13.38 -13.44 -13.50 -13.50 -13.62 -13.78 -13.91 -13.94 -14.03 -14.22 -14.38 -14.56 -14.72 -15.00 -15.38 -15.59 -15.91 -16.16 -16.31 -16.50 -16.84 -16.91 -17.06 -17.44 -17.78 -18.19 -18.53 -18.97 -19.28 -19.47 -19.91 -20.09 -20.47 -20.91 -21.31 -21.62 -22.06
-14.38 -14.41 -14.56 -14.56 -14.47 -14.31 -14.12 -14.28 -14.19 -14.16 -14.34 -14.59 -14.69 -14.66 -14.72 -14.75 -14.72 -14.84 -14.88 -14.94 -14.97 -14.94 -14.75 -14.62 -14.41 -14.16 -14.03 -14.06 -13.84 -13.81 -13.84 -13.81 -13.81 -13.69 -13.62 -13.50 -13.56 -13.62 -13.66 -13.78 -13.84 -13.84 -13.97 -14.12 -14.28 -14.47 -14.81 -15.00 -15.34 -15.59 -15.72 -15.84 -16.16 -16.38 -16.41 -16.50 -16.97 -17.34 -17.66 -18.00 -18.62 -19.16 -19.41 -19.62 -20.03 -20.16 -20.56 -21.06 -21.41 -21.84 -22.38
-14.81 -14.84 -14.88 -14.94 -14.88 -14.69 -14.53 -14.44 -14.53 -14.53 -14.66 -14.72 -14.72 -14.72 -14.91 -15.09 -15.19 -15.19 -15.25 -15.25 -15.22 -15.03 -14.78 -14.75 -14.62 -14.41 -14.31 -14.38 -14.16 -14.09 -14.06 -13.91 -13.81 -13.59 -13.56 -13.53 -13.44 -13.62 -13.75 -13.75 -13.66 -13.75 -13.94 -14.03 -14.22 -14.41 -14.62 -14.91 -15.16 -15.38 -15.56 -15.94 -16.16 -16.19 -16.12 -16.28 -16.72 -17.25 -17.72 -18.06 -18.47 -19.06 -19.41 -19.72 -20.09 -20.38 -20.62 -21.09 -21.53 -21.81 -22.28
-15.09 -15.22 -15.19 -15.12 -15.12 -15.00 -14.91 -14.75 -14.91 -14.97 -14.97 -15.00 -14.91 -15.06 -15.28 -15.38 -15.47 -15.53 -15.53 -15.56 -15.53 -15.41 -15.09 -14.94 -14.94 -14.66 -14.59 -14.59 -14.50 -14.38 -14.19 -13.94 -13.75 -13.66 -13.62 -13.56 -13.56 -13.59 -13.59 -13.66 -13.78 -14.00 -13.97 -14.09 -14.22 -14.34 -14.62 -14.91 -15.12 -15.19 -15.44 -15.81 -16.03 -16.09 -16.16 -16.38 -16.72 -17.12 -17.66 -17.94 -18.44 -18.84 -19.47 -19.81 -20.19 -20.50 -20.81 -21.22 -21.53 -21.94 -22.19
-15.41 -15.41 -15.50 -15.53 -15.25 -15.19 -15.16 -15.09 -15.06 -15.12 -15.19 -15.34 -15.41 -15.44 -15.59 -15.62 -15.81 -15.84 -15.84 -15.84 -15.78 -15.72 -15.59 -15.34 -15.22 -15.03 -14.91 -14.75 -14.66 -14.47 -14.44 -14.25 -14.06 -13.94 -13.72 -13.66 -13.66 -13.56 -13.66 -13.78 -13.81 -13.84 -14.00 -14.09 -14.00 -14.16 -14.47 -14.72 -14.81 -14.91 -15.22 -15.56 -15.66 -15.84 -16.12 -16.53 -16.72 -17.22 -17.66 -17.97 -18.03 -18.53 -19.19 -19.81 -20.16 -20.53 -20.78 -21.09 -21.50 -21.97 -22.25
-15.84 -15.75 -15.75 -15.75 -15.69 -15.69 -15.66 -15.50 -15.41 -15.53 -15.75 -15.81 -15.84 -15.84 -15.97 -16.00 -15.97 -16.12 -16.16 -16.16 -16.12 -16.12 -15.97 -15.56 -15.34 -15.19 -15.03 -15.06 -14.88 -14.72 -14.62 -14.50 -14.34 -14.22 -14.03 -13.75 -13.62 -13.66 -13.69 -13.81 -13.84 -13.88 -13.91 -13.88 -13.88 -14.06 -14.25 -14.19 -14.31 -14.69 -14.91 -15.12 -15.22 -15.56 -16.06 -16.50 -16.94 -17.41 -17.78 -18.03 -18.06 -18.31 -18.88 -19.59 -20.09 -20.31 -20.50 -20.94 -21.38 -21.72 -21.97
-16.12 -16.25 -16.22 -16.25 -16.22 -16.09 -16.12 -15.97 -15.75 -15.84 -16.00 -16.16 -16.22 -16.22 -16.28 -16.34 -16.38 -16.41 -16.56 -16.62 -16.53 -16.44 -16.28 -16.06 -15.78 -15.47 -15.34 -15.28 -15.09 -14.94 -14.81 -14.62 -14.50 -14.28 -14.22 -14.00 -13.84 -13.84 -13.78 -13.72 -13.72 -13.75 -13.75 -13.84 -13.94 -14.00 -14.03 -14.22 -14.38 -14.66 -14.97 -15.16 -15.31 -15.72 -16.28 -16.78 -17.09 -17.44 -17.84 -17.78 -17.81 -18.09 -18.75 -19.31 -19.78 -20.12 -20.44 -20.91 -21.25 -21.59 -22.09
-16.50 -16.56 -16.50 -16.50 -16.50 -16.47 -16.62 -16.53 -16.31 -16.25 -16.47 -16.62 -16.56 -16.44 -16.47 -16.50 -16.66 -16.75 -16.78 -16.84 -16.78 -16.62 -16.47 -16.31 -16.06 -15.78 -15.66 -15.47 -15.28 -15.12 -14.81 -14.78 -14.62 -14.47 -14.25 -14.09 -13.97 -13.81 -13.81 -13.75 -13.72 -13.66 -13.75 -13.78 -13.94 -14.09 -14.22 -14.53 -14.66 -14.78 -15.16 -15.44 -15.66 -16.19 -16.53 -16.97 -17.25 -17.41 -17.62 -17.72 -17.78 -17.97 -18.50 -18.88 -19.34 -20.16 -20.53 -20.97 -21.50 -22.09 -22.47
-16.97 -17.00 -16.94 -16.94 -17.06 -17.09 -17.06 -16.88 -16.75 -16.69 -16.81 -17.00 -16.88 -16.81 -16.91 -16.88 -16.81 -16.88 -16.91 -16.94 -16.94 -16.81 -16.72 -16.56 -16.31 -15.97 -15.75 -15.56 -15.34 -15.16 -14.94 -14.91 -14.72 -14.47 -14.47 -14.41 -14.22 -13.88 -13.97 -13.81 -13.69 -13.75 -13.69 -13.84 -13.97 -14.03 -14.16 -14.44 -14.62 -14.97 -15.25 -15.66 -16.09 -16.38 -16.59 -17.00 -17.19 -17.34 -17.69 -17.88 -17.81 -17.69 -18.09 -18.50 -19.06 -19.84 -20.69 -21.25 -21.91 -22.41 -22.94
-17.34 -17.38 -17.44 -17.50 -17.59 -17.59 -17.56 -17.56 -17.34 -17.19 -17.25 -17.22 -17.22 -17.19 -17.28 -17.31 -17.25 -17.31 -17.34 -17.16 -17.19 -17.06 -16.91 -16.81 -16.66 -16.31 -15.91 -15.59 -15.31 -15.25 -15.00 -14.97 -14.78 -14.75 -14.66 -14.69 -14.53 -14.22 -13.84 -13.69 -13.72 -13.84 -13.88 -14.06 -14.03 -14.06 -14.22 -14.53 -14.84 -15.00 -15.16 -15.59 -15.97 -16.22 -16.47 -16.75 -17.12 -17.31 -17.66 -17.81 -17.72 -17.47 -17.81 -18.44 -19.16 -19.94 -20.94 -21.59 -22.03 -22.56 -23.06
-17.88 -17.78 -17.88 -18.06 -18.03 -18.06 -18.16 -18.19 -18.06 -17.94 -17.66 -17.59 -17.72 -17.47 -17.59 -17.62 -17.75 -17.69 -17.53 -17.41 -17.41 -17.28 -17.09 -17.03 -16.88 -16.62 -16.34 -16.09 -15.72 -15.53 -15.25 -15.16 -14.97 -14.78 -14.56 -14.44 -14.53 -14.25 -13.94 -13.97 -13.94 -13.84 -13.94 -13.94 -13.81 -14.06 -14.31 -14.66 -14.78 -14.84 -15.31 -15.75 -16.03 -16.25 -16.38 -16.62 -17.03 -17.19 -17.47 -17.62 -17.38 -17.38 -17.88 -18.53 -19.22 -19.88 -20.81 -21.47 -22.00 -22.56 -23.00
-18.41 -18.31 -18.28 -18.44 -18.50 -18.53 -18.66 -18.69 -18.59 -18.44 -18.25 -18.09 -18.09 -18.22 -18.12 -17.81 -17.81 -17.91 -17.78 -17.66 -17.66 -17.47 -17.25 -17.25 -17.12 -16.88 -16.69 -16.47 -16.16 -15.81 -15.59 -15.38 -15.38 -15.28 -15.00 -14.91 -14.78 -14.50 -14.25 -14.19 -14.22 -14.09 -13.94 -13.91 -14.06 -14.25 -14.28 -14.53 -14.75 -14.94 -15.25 -15.59 -15.78 -16.00 -16.38 -16.78 -16.97 -17.19 -17.22 -17.34 -17.47 -17.88 -18.34 -18.84 -19.41 -20.16 -20.97 -21.59 -22.09 -22.62 -23.09
-18.81 -18.84 -18.88 -18.97 -19.00 -19.06 -19.06 -18.97 -18.91 -18.72 -18.66 -18.69 -18.69 -18.66 -18.53 -18.44 -18.31 -18.19 -18.03 -17.91 -18.00 -17.94 -17.53 -17.66 -17.53 -17.25 -16.91 -16.62 -16.38 -16.16 -15.72 -15.31 -15.19 -15.19 -15.25 -15.16 -15.03 -14.81 -14.50 -14.38 -14.31 -14.12 -13.88 -14.12 -14.16 -14.19 -14.38 -14.53 -14.69 -14.81 -15.22 -15.56 -15.72 -16.00 -16.34 -16.81 -17.03 -16.97 -16.88 -17.19 -17.53 -18.09 -18.88 -19.38 -19.66 -20.31 -21.03 -21.56 -22.12 -22.66 -23.12
