everonasctiles/Tile36,11.asc
ncols 128
nrows 128
xllcorner 0
yllcorner 0
cellsize 2.0
NODATA_value  -9999
[rows 96 to 127 of 128, columns 0 to 70 of 128]
169.03 169.75 170.50 171.31 172.06 172.84 173.62 174.34 175.00 175.66 176.31 176.94 177.53 178.16 178.75 179.28 179.94 180.62 181.38 182.28 183.06 183.91 184.56 185.19 185.75 186.34 187.00 187.66 188.25 188.81 189.31 189.81 190.31 190.75 191.16 191.56 192.00 192.31 192.66 192.97 193.25 193.50 193.75 194.06 194.41 194.78 195.03 195.31 195.56 195.81 196.09 196.38 196.69 197.03 197.34 197.69 198.03 198.41 198.78 199.12 199.50 199.88 200.25 200.62 201.00 201.38 201.72 202.06 202.41 202.75 203.12
169.41 170.16 170.91 171.66 172.41 173.12 173.91 174.69 175.34 176.00 176.66 177.25 177.88 178.50 179.09 179.66 180.25 180.94 181.91 182.88 183.81 184.47 185.06 185.62 186.19 186.75 187.34 187.91 188.47 188.97 189.50 190.06 190.56 191.03 191.47 191.88 192.28 192.62 192.94 193.25 193.59 193.88 194.06 194.41 194.72 195.00 195.31 195.59 195.88 196.09 196.31 196.59 196.94 197.25 197.59 197.94 198.28 198.62 198.97 199.31 199.66 200.00 200.34 200.72 201.09 201.44 201.78 202.12 202.47 202.78 203.16
169.88 170.59 171.28 172.00 172.72 173.44 174.16 175.00 175.69 176.31 176.97 177.62 178.22 178.84 179.44 180.03 180.56 181.50 182.50 183.53 184.38 185.09 185.66 186.16 186.62 187.12 187.66 188.22 188.75 189.25 189.78 190.34 190.84 191.34 191.75 192.19 192.59 192.94 193.25 193.56 193.88 194.16 194.44 194.75 195.06 195.34 195.62 195.88 196.09 196.38 196.59 196.84 197.19 197.53 197.84 198.19 198.50 198.81 199.12 199.44 199.78 200.12 200.47 200.81 201.16 201.50 201.84 202.19 202.44 202.75 203.12
170.22 171.00 171.66 172.34 173.12 173.84 174.56 175.31 176.06 176.66 177.28 177.94 178.53 179.12 179.78 180.41 181.00 181.91 183.09 184.06 184.91 185.56 186.06 186.53 187.03 187.50 188.03 188.59 189.12 189.62 190.12 190.62 191.12 191.62 192.09 192.50 192.88 193.25 193.56 193.88 194.19 194.47 194.75 195.09 195.41 195.66 195.91 196.19 196.41 196.62 196.91 197.12 197.44 197.78 198.06 198.38 198.69 199.00 199.28 199.59 199.91 200.22 200.56 200.88 201.22 201.56 201.84 202.16 202.50 202.88 203.22
170.62 171.44 172.12 172.81 173.50 174.22 174.91 175.66 176.41 177.03 177.66 178.28 178.91 179.50 180.16 180.78 181.47 182.25 183.53 184.59 185.31 185.97 186.47 186.91 187.38 187.91 188.44 189.00 189.53 190.03 190.50 190.97 191.44 191.91 192.38 192.78 193.19 193.53 193.88 194.19 194.50 194.81 195.09 195.34 195.62 195.91 196.22 196.47 196.72 197.00 197.22 197.44 197.69 197.97 198.31 198.56 198.84 199.16 199.44 199.75 200.06 200.34 200.62 200.94 201.28 201.62 202.00 202.31 202.66 202.97 203.34
170.94 171.81 172.59 173.19 173.91 174.62 175.38 176.06 176.81 177.47 178.09 178.72 179.31 179.91 180.62 181.34 182.00 182.69 183.78 184.97 185.75 186.34 186.81 187.25 187.72 188.28 188.81 189.34 189.88 190.38 190.88 191.31 191.75 192.22 192.69 193.09 193.50 193.88 194.19 194.53 194.84 195.16 195.44 195.72 196.03 196.31 196.59 196.84 197.03 197.28 197.56 197.78 197.97 198.19 198.47 198.75 199.03 199.31 199.59 199.88 200.19 200.47 200.81 201.12 201.44 201.75 202.09 202.47 202.81 203.16 203.47
171.38 172.19 172.97 173.62 174.28 175.06 175.78 176.53 177.19 177.91 178.53 179.16 179.78 180.44 181.16 182.03 182.59 183.25 184.22 185.22 186.03 186.69 187.19 187.62 188.06 188.56 189.12 189.69 190.22 190.72 191.19 191.62 192.09 192.53 193.00 193.41 193.81 194.19 194.53 194.88 195.19 195.50 195.84 196.12 196.44 196.72 197.00 197.22 197.44 197.62 197.84 198.09 198.34 198.53 198.75 198.97 199.25 199.50 199.75 200.03 200.34 200.62 200.94 201.28 201.56 201.84 202.19 202.62 202.97 203.31 203.62
171.72 172.56 173.38 174.09 174.72 175.44 176.22 177.00 177.66 178.34 179.03 179.69 180.34 181.00 181.69 182.47 183.22 183.84 184.69 185.53 186.31 187.00 187.53 188.03 188.44 188.94 189.44 190.00 190.53 191.00 191.50 191.97 192.41 192.84 193.31 193.69 194.12 194.50 194.88 195.22 195.56 195.88 196.22 196.53 196.84 197.12 197.41 197.66 197.84 198.03 198.22 198.44 198.62 198.91 199.12 199.34 199.59 199.84 200.09 200.31 200.56 200.81 201.12 201.44 201.69 202.03 202.31 202.72 203.16 203.47 204.09
172.00 173.00 173.88 174.62 175.28 175.94 176.69 177.41 178.12 178.81 179.50 180.16 180.84 181.53 182.22 182.97 183.75 184.44 185.12 185.88 186.62 187.31 187.88 188.38 188.91 189.31 189.81 190.31 190.81 191.31 191.81 192.31 192.75 193.19 193.59 194.03 194.47 194.84 195.22 195.56 195.91 196.25 196.59 196.91 197.25 197.53 197.81 198.06 198.28 198.47 198.62 198.81 199.00 199.25 199.47 199.69 199.91 200.12 200.38 200.62 200.88 201.16 201.44 201.75 202.03 202.31 202.56 202.91 203.28 203.66 204.69
172.22 173.44 174.38 175.16 175.88 176.50 177.19 177.91 178.59 179.28 180.00 180.62 181.31 182.03 182.72 183.47 184.22 184.81 185.50 186.22 186.94 187.62 188.22 188.75 189.22 189.69 190.22 190.69 191.19 191.66 192.12 192.62 193.06 193.53 193.91 194.34 194.78 195.19 195.53 195.91 196.25 196.56 196.91 197.25 197.62 197.94 198.25 198.47 198.69 198.91 199.06 199.22 199.44 199.59 199.84 200.06 200.28 200.50 200.72 200.97 201.19 201.44 201.75 202.03 202.34 202.62 202.91 203.16 203.38 203.88 204.91
172.69 173.81 174.84 175.72 176.47 177.12 177.78 178.44 179.06 179.75 180.50 181.12 181.75 182.47 183.22 183.94 184.59 185.16 185.78 186.50 187.19 187.91 188.50 189.06 189.56 190.06 190.56 191.06 191.53 192.00 192.47 192.94 193.38 193.81 194.25 194.66 195.09 195.50 195.88 196.25 196.59 196.88 197.22 197.66 198.06 198.41 198.69 198.91 199.12 199.34 199.50 199.69 199.84 200.03 200.28 200.50 200.72 200.91 201.12 201.34 201.56 201.78 202.03 202.34 202.62 202.94 203.19 203.47 203.72 204.53 204.91
173.22 174.12 175.31 176.25 177.06 177.81 178.41 179.06 179.62 180.25 180.97 181.62 182.28 183.00 183.66 184.31 184.94 185.47 186.03 186.78 187.41 188.09 188.72 189.38 189.88 190.41 190.88 191.41 191.88 192.34 192.78 193.25 193.69 194.12 194.56 194.97 195.41 195.81 196.19 196.56 196.88 197.19 197.62 198.12 198.53 198.84 199.12 199.34 199.56 199.78 199.97 200.16 200.31 200.47 200.66 200.91 201.12 201.34 201.56 201.75 201.97 202.16 202.41 202.66 202.91 203.25 203.50 203.78 204.03 204.97 205.00
173.34 174.41 175.59 176.75 177.72 178.50 179.16 179.72 180.25 180.81 181.47 182.12 182.75 183.44 184.06 184.62 185.22 185.72 186.25 187.03 187.69 188.31 188.97 189.66 190.25 190.75 191.19 191.69 192.19 192.62 193.12 193.59 194.00 194.44 194.88 195.28 195.69 196.12 196.50 196.88 197.19 197.50 198.09 198.62 199.03 199.31 199.56 199.78 199.97 200.16 200.38 200.56 200.75 200.97 201.12 201.34 201.56 201.81 202.00 202.19 202.38 202.56 202.81 203.03 203.28 203.59 203.84 204.09 204.53 205.12 205.09
173.81 175.16 176.31 177.41 178.59 179.38 179.94 180.47 180.91 181.44 182.03 182.62 183.22 183.88 184.50 185.03 185.59 186.00 186.53 187.31 188.09 188.66 189.28 189.94 190.56 191.03 191.50 191.97 192.47 192.94 193.41 193.88 194.31 194.72 195.16 195.53 195.97 196.38 196.78 197.12 197.44 197.88 198.53 199.06 199.47 199.78 200.03 200.25 200.41 200.59 200.78 201.00 201.19 201.41 201.62 201.78 202.00 202.25 202.47 202.62 202.81 203.03 203.25 203.47 203.66 203.91 204.19 204.44 205.06 205.22 205.19
174.72 175.84 177.34 178.72 179.88 180.44 180.78 181.22 181.59 182.06 182.62 183.12 183.69 184.31 184.91 185.47 185.97 186.44 187.00 187.84 188.47 189.12 189.66 190.31 190.91 191.38 191.78 192.25 192.72 193.22 193.69 194.16 194.59 195.00 195.41 195.81 196.25 196.62 197.00 197.34 197.66 198.25 199.00 199.50 199.91 200.22 200.47 200.69 200.84 201.03 201.22 201.41 201.62 201.88 202.09 202.31 202.50 202.72 202.94 203.12 203.28 203.50 203.69 203.88 204.06 204.28 204.50 204.75 205.44 205.41 205.38
175.66 177.38 179.03 180.59 181.09 181.34 181.62 182.03 182.34 182.72 183.19 183.72 184.22 184.75 185.34 185.94 186.50 187.00 187.69 188.44 189.03 189.66 190.31 190.84 191.28 191.72 192.09 192.47 192.97 193.50 193.97 194.44 194.88 195.28 195.69 196.09 196.50 196.84 197.16 197.50 197.88 198.44 199.38 199.94 200.31 200.62 200.91 201.12 201.25 201.44 201.62 201.81 202.09 202.31 202.56 202.78 203.00 203.25 203.44 203.62 203.78 203.97 204.16 204.31 204.50 204.66 204.88 205.12 205.69 205.62 205.59
176.94 179.53 181.28 181.78 181.84 182.16 182.44 182.75 183.00 183.34 183.78 184.28 184.78 185.31 185.84 186.53 187.03 187.59 188.28 188.94 189.66 190.31 190.91 191.34 191.66 192.03 192.31 192.72 193.19 193.75 194.25 194.69 195.16 195.56 195.94 196.31 196.72 197.03 197.31 197.66 198.28 199.00 199.78 200.28 200.66 201.03 201.31 201.53 201.66 201.88 202.03 202.25 202.50 202.78 203.06 203.34 203.53 203.78 203.94 204.12 204.28 204.47 204.62 204.81 204.97 205.12 205.31 205.62 206.00 205.94 205.94
179.78 181.03 181.88 182.38 182.72 183.06 183.28 183.50 183.75 184.03 184.41 184.88 185.41 185.88 186.44 187.03 187.59 188.12 188.78 189.50 190.22 190.84 191.41 191.88 192.25 192.62 192.88 193.25 193.59 194.06 194.50 195.03 195.44 195.84 196.22 196.56 196.94 197.31 197.53 197.84 198.75 199.59 200.34 200.66 200.97 201.47 201.78 201.94 202.16 202.38 202.59 202.81 203.00 203.25 203.50 203.81 204.06 204.31 204.50 204.66 204.81 204.94 205.09 205.28 205.44 205.59 205.78 206.06 206.34 206.34 206.41
181.41 181.88 182.50 183.06 183.50 183.94 184.09 184.28 184.47 184.69 185.09 185.56 186.03 186.44 186.97 187.53 188.12 188.66 189.28 190.03 190.72 191.38 191.91 192.38 192.75 193.09 193.47 193.91 194.19 194.50 194.94 195.47 195.94 196.31 196.72 196.91 197.50 197.56 197.88 198.34 199.25 200.16 200.88 201.31 201.53 201.97 202.22 202.38 202.59 202.91 203.12 203.44 203.69 203.94 204.16 204.34 204.62 204.88 205.06 205.22 205.31 205.47 205.59 205.72 205.91 206.09 206.25 206.47 206.78 206.78 206.84
182.12 182.50 183.09 183.69 184.22 184.69 184.84 184.97 185.16 185.38 185.72 186.16 186.56 187.00 187.44 188.00 188.56 189.12 189.72 190.38 191.06 191.72 192.28 192.72 193.09 193.50 193.91 194.31 194.75 195.09 195.56 196.06 196.78 197.19 197.53 197.78 198.19 198.25 198.44 198.81 199.88 200.84 201.50 201.91 202.31 202.53 202.78 202.81 203.06 203.41 203.66 204.03 204.34 204.72 204.97 205.09 205.25 205.47 205.69 205.81 205.91 206.00 206.12 206.19 206.38 206.56 206.78 206.97 207.22 207.22 207.28
182.09 182.84 183.62 184.34 184.94 185.34 185.50 185.59 185.78 186.00 186.28 186.66 187.06 187.50 187.97 188.44 188.94 189.47 190.06 190.69 191.38 191.94 192.47 192.94 193.34 193.78 194.22 194.72 195.22 195.78 196.28 196.91 197.62 198.16 198.62 199.06 199.34 199.44 199.19 199.44 200.69 201.75 202.12 202.59 202.91 203.06 203.09 203.28 203.62 203.94 204.09 204.53 204.94 205.41 205.81 206.00 206.09 206.25 206.31 206.44 206.53 206.62 206.69 206.72 206.88 207.03 207.25 207.50 207.66 207.69 207.78
181.75 182.91 184.12 185.03 185.69 185.97 186.09 186.22 186.34 186.56 186.84 187.16 187.53 187.91 188.38 188.84 189.31 189.84 190.38 190.97 191.56 192.12 192.66 193.12 193.69 194.03 194.47 195.00 195.66 196.31 196.97 197.78 198.47 199.09 199.62 200.03 200.31 200.75 200.22 200.09 201.34 202.31 202.84 203.31 203.59 203.84 203.84 203.97 204.16 204.34 204.53 204.84 205.34 206.00 206.50 206.81 206.97 207.03 207.06 207.12 207.22 207.28 207.25 207.34 207.44 207.53 207.72 207.97 208.19 208.22 208.28
181.59 183.16 185.16 185.94 186.38 186.56 186.69 186.81 186.94 187.12 187.34 187.62 187.97 188.31 188.75 189.22 189.69 190.22 190.72 191.31 191.84 192.41 192.94 193.38 193.75 194.12 194.56 195.22 195.97 196.88 197.78 198.75 199.56 200.06 200.56 201.00 201.22 201.47 201.22 201.28 201.81 203.09 203.62 204.09 204.38 204.50 204.53 204.62 204.88 204.94 205.06 205.25 205.66 206.53 207.19 207.50 207.69 207.84 207.72 207.78 207.84 207.91 207.94 207.94 208.00 208.06 208.19 208.41 208.72 208.75 208.81
181.69 183.53 185.78 186.69 187.00 187.19 187.28 187.38 187.50 187.66 187.84 188.16 188.44 188.75 189.16 189.59 190.03 190.53 191.06 191.56 192.12 192.66 193.19 193.75 194.06 194.41 194.78 195.38 196.28 197.41 198.62 199.59 200.41 200.84 201.41 201.88 202.12 202.28 202.25 201.81 202.03 203.12 204.59 205.06 205.25 205.31 205.06 205.25 205.47 205.88 205.84 205.81 206.41 207.50 207.88 208.12 208.25 208.38 208.50 208.44 208.47 208.53 208.56 208.59 208.56 208.62 208.66 208.88 209.25 209.28 209.31
181.97 183.50 186.44 187.25 187.59 187.78 187.88 187.94 188.03 188.16 188.31 188.66 188.94 189.22 189.59 190.03 190.47 190.91 191.41 191.84 192.34 192.88 193.41 193.97 194.47 194.78 195.31 195.91 196.62 197.75 199.59 200.66 200.88 201.50 202.12 202.75 203.06 203.28 202.84 202.47 202.44 204.53 205.72 206.16 206.28 206.22 205.81 205.88 206.09 206.59 206.66 206.66 207.59 208.53 208.75 208.88 208.81 208.91 209.06 209.09 209.09 209.12 209.16 209.16 209.16 209.16 209.19 209.41 209.84 209.84 209.84
182.88 184.16 187.16 187.97 188.22 188.34 188.44 188.53 188.59 188.66 188.81 189.06 189.38 189.72 190.09 190.44 190.88 191.28 191.72 192.19 192.66 193.16 193.66 194.25 194.75 195.19 195.72 196.44 196.94 197.91 200.72 201.25 201.94 202.62 202.97 203.69 204.06 204.12 204.06 203.66 204.88 206.62 206.97 207.34 207.38 207.31 206.81 206.66 207.28 207.59 207.81 208.03 208.72 209.50 209.72 209.75 209.62 209.50 209.59 209.69 209.69 209.72 209.75 209.72 209.72 209.75 209.75 209.91 210.41 210.41 210.38
184.34 187.00 188.38 188.56 188.78 188.91 189.03 189.09 189.16 189.19 189.28 189.47 189.78 190.09 190.47 190.78 191.19 191.56 192.03 192.47 192.94 193.41 194.06 194.59 195.12 195.56 196.06 196.69 197.91 200.44 202.03 202.19 202.88 203.50 204.09 204.56 204.97 205.34 206.06 206.44 207.19 207.78 208.25 208.53 208.50 208.47 207.72 207.53 208.19 208.38 209.00 209.72 210.25 210.53 210.66 210.59 210.38 210.25 210.25 210.25 210.28 210.28 210.31 210.28 210.31 210.31 210.34 210.47 210.97 210.97 210.94
185.22 187.88 188.56 188.91 189.12 189.31 189.50 189.62 189.75 189.78 189.78 189.97 190.12 190.47 190.78 191.12 191.50 191.91 192.34 192.78 193.22 193.78 194.75 195.06 195.50 195.94 196.47 197.06 198.69 201.31 202.25 202.84 203.31 203.94 204.50 205.09 205.56 206.00 206.47 207.09 207.91 208.72 209.34 209.59 209.53 209.19 208.84 208.78 208.62 208.72 209.66 210.78 211.16 211.41 211.47 211.34 211.16 210.97 210.91 210.88 210.91 210.84 210.81 210.81 210.88 210.88 210.91 211.16 211.56 211.44 211.34
186.00 187.59 188.44 188.97 189.31 189.56 189.78 190.03 190.22 190.41 190.47 190.50 190.69 190.84 191.12 191.50 191.81 192.25 192.66 193.09 193.59 194.44 195.31 195.69 196.09 196.78 197.31 198.25 199.59 202.12 202.75 203.09 203.56 204.03 204.53 205.12 205.69 206.25 206.88 207.66 208.56 209.47 210.16 210.47 210.47 210.25 210.25 210.00 209.09 209.31 210.78 211.81 211.97 212.12 212.06 211.94 211.78 211.78 211.75 211.62 211.59 211.47 211.38 211.41 211.47 211.50 211.50 212.03 212.06 211.88 211.78
185.97 187.34 188.25 188.84 189.28 189.59 189.91 190.22 190.53 190.91 191.31 191.62 191.69 191.75 191.88 191.97 192.19 192.75 193.16 193.91 194.66 195.44 195.84 196.38 197.12 198.19 199.06 199.91 201.28 201.91 202.66 203.12 203.50 203.91 204.28 204.81 205.50 206.25 207.00 207.88 208.88 209.91 210.69 211.12 211.22 211.22 211.19 210.97 210.53 211.19 212.16 212.56 212.66 212.69 212.62 212.50 212.44 212.44 212.56 212.44 212.34 212.16 212.00 212.03 212.16 212.16 212.34 212.69 212.47 212.31 212.34
185.84 187.09 187.94 188.59 189.06 189.47 189.84 190.22 190.62 191.09 191.69 192.09 192.34 192.59 192.94 193.38 193.66 194.03 194.50 195.06 195.62 196.19 196.78 197.38 198.12 198.91 199.78 200.69 201.34 201.91 202.50 202.97 203.38 203.75 204.12 204.66 205.38 206.09 206.94 208.00 209.06 210.09 210.97 211.53 211.78 211.88 211.72 211.72 212.12 213.09 213.12 213.22 213.25 213.19 213.09 213.03 212.97 212.97 213.03 213.09 213.12 213.06 212.88 212.84 212.78 212.81 213.22 213.03 212.81 212.66 212.84
185.47 186.69 187.56 188.22 188.75 189.22 189.62 190.03 190.44 190.94 191.59 192.12 192.56 192.94 193.31 193.69 194.09 194.56 195.06 195.56 196.12 196.72 197.31 197.97 198.69 199.44 200.16 200.78 201.38 201.88 202.41 202.91 203.31 203.66 204.03 204.62 205.34 206.00 206.75 207.91 209.09 210.06 210.97 211.62 212.06 212.31 212.41 212.50 213.16 213.62 213.81 213.88 213.78 213.62 213.59 213.53 213.44 213.47 213.53 213.66 213.75 213.78 213.69 213.53 213.44 213.78 213.59 213.34 213.16 213.31 213.44
