everonasctiles/Tile34,49.asc
ncols 128
nrows 128
xllcorner 0
yllcorner 0
cellsize 2.0
NODATA_value  -9999
[rows 0 to 30 of 128, columns 0 to 68 of 128]
-102.47 -102.44 -102.41 -102.34 -102.31 -102.31 -102.34 -102.41 -102.44 -102.53 -102.59 -102.62 -102.69 -102.69 -102.69 -102.69 -102.69 -102.69 -102.69 -102.69 -102.66 -102.66 -102.66 -102.62 -102.62 -102.62 -102.59 -102.56 -102.56 -102.53 -102.50 -102.50 -102.47 -102.44 -102.44 -102.41 -102.38 -102.34 -102.31 -102.28 -102.25 -102.22 -102.22 -102.25 -102.28 -102.31 -102.31 -102.34 -102.34 -102.34 -102.34 -102.34 -102.34 -102.34 -102.31 -102.28 -102.25 -102.25 -102.28 -102.31 -102.38 -102.44 -102.47 -102.53 -102.56 -102.59 -102.62 -102.62 -102.62
-102.47 -102.44 -102.41 -102.34 -102.31 -102.31 -102.34 -102.38 -102.44 -102.50 -102.56 -102.62 -102.66 -102.69 -102.69 -102.69 -102.69 -102.69 -102.69 -102.69 -102.66 -102.66 -102.66 -102.66 -102.62 -102.59 -102.59 -102.56 -102.56 -102.53 -102.50 -102.50 -102.47 -102.44 -102.44 -102.41 -102.38 -102.34 -102.31 -102.28 -102.25 -102.22 -102.22 -102.25 -102.28 -102.31 -102.31 -102.34 -102.34 -102.34 -102.34 -102.34 -102.34 -102.34 -102.31 -102.28 -102.25 -102.25 -102.28 -102.31 -102.38 -102.44 -102.47 -102.53 -102.56 -102.59 -102.59 -102.62 -102.62
-102.47 -102.44 -102.41 -102.38 -102.31 -102.31 -102.31 -102.38 -102.41 -102.50 -102.56 -102.59 -102.66 -102.69 -102.69 -102.69 -102.69 -102.69 -102.69 -102.66 -102.66 -102.66 -102.66 -102.66 -102.62 -102.59 -102.59 -102.56 -102.56 -102.53 -102.50 -102.50 -102.47 -102.44 -102.44 -102.41 -102.38 -102.34 -102.31 -102.28 -102.25 -102.22 -102.22 -102.25 -102.28 -102.28 -102.31 -102.31 -102.34 -102.34 -102.34 -102.34 -102.34 -102.31 -102.31 -102.28 -102.28 -102.28 -102.28 -102.34 -102.38 -102.44 -102.47 -102.50 -102.56 -102.59 -102.59 -102.62 -102.62
-102.47 -102.44 -102.41 -102.38 -102.31 -102.31 -102.31 -102.34 -102.41 -102.47 -102.53 -102.59 -102.62 -102.66 -102.66 -102.69 -102.69 -102.66 -102.66 -102.66 -102.66 -102.66 -102.66 -102.62 -102.62 -102.59 -102.59 -102.56 -102.56 -102.53 -102.50 -102.50 -102.47 -102.44 -102.44 -102.41 -102.38 -102.34 -102.31 -102.25 -102.22 -102.22 -102.22 -102.22 -102.25 -102.28 -102.31 -102.31 -102.31 -102.34 -102.34 -102.34 -102.31 -102.31 -102.28 -102.28 -102.28 -102.28 -102.31 -102.34 -102.38 -102.44 -102.47 -102.50 -102.53 -102.56 -102.59 -102.59 -102.59
-102.50 -102.47 -102.41 -102.38 -102.34 -102.28 -102.28 -102.31 -102.38 -102.44 -102.50 -102.53 -102.59 -102.62 -102.66 -102.66 -102.66 -102.66 -102.66 -102.66 -102.66 -102.66 -102.62 -102.62 -102.62 -102.59 -102.59 -102.56 -102.56 -102.53 -102.50 -102.47 -102.47 -102.44 -102.41 -102.41 -102.38 -102.31 -102.28 -102.25 -102.22 -102.22 -102.22 -102.22 -102.25 -102.28 -102.28 -102.31 -102.31 -102.31 -102.31 -102.31 -102.31 -102.28 -102.28 -102.28 -102.28 -102.31 -102.31 -102.34 -102.38 -102.44 -102.47 -102.50 -102.53 -102.53 -102.56 -102.59 -102.59
-102.50 -102.47 -102.44 -102.38 -102.34 -102.28 -102.28 -102.28 -102.34 -102.41 -102.44 -102.50 -102.56 -102.59 -102.62 -102.62 -102.66 -102.66 -102.66 -102.66 -102.66 -102.62 -102.62 -102.62 -102.59 -102.59 -102.56 -102.56 -102.53 -102.53 -102.50 -102.47 -102.44 -102.44 -102.41 -102.38 -102.34 -102.31 -102.28 -102.25 -102.22 -102.19 -102.19 -102.22 -102.25 -102.25 -102.28 -102.28 -102.31 -102.31 -102.31 -102.28 -102.28 -102.25 -102.25 -102.25 -102.28 -102.31 -102.34 -102.38 -102.41 -102.44 -102.47 -102.47 -102.50 -102.53 -102.53 -102.56 -102.56
-102.50 -102.47 -102.44 -102.38 -102.34 -102.28 -102.25 -102.28 -102.31 -102.34 -102.41 -102.47 -102.50 -102.56 -102.56 -102.59 -102.62 -102.62 -102.62 -102.62 -102.62 -102.62 -102.62 -102.62 -102.59 -102.59 -102.56 -102.56 -102.53 -102.53 -102.50 -102.47 -102.44 -102.41 -102.38 -102.34 -102.31 -102.28 -102.28 -102.25 -102.22 -102.22 -102.22 -102.22 -102.22 -102.25 -102.25 -102.28 -102.28 -102.28 -102.28 -102.28 -102.25 -102.25 -102.25 -102.25 -102.28 -102.31 -102.34 -102.38 -102.41 -102.44 -102.47 -102.47 -102.50 -102.50 -102.53 -102.53 -102.56
-102.50 -102.47 -102.44 -102.41 -102.34 -102.28 -102.25 -102.25 -102.28 -102.31 -102.38 -102.41 -102.47 -102.50 -102.53 -102.56 -102.59 -102.59 -102.62 -102.62 -102.62 -102.62 -102.62 -102.59 -102.59 -102.59 -102.56 -102.56 -102.53 -102.53 -102.50 -102.47 -102.44 -102.41 -102.38 -102.34 -102.31 -102.28 -102.25 -102.25 -102.22 -102.22 -102.22 -102.22 -102.22 -102.25 -102.25 -102.25 -102.28 -102.28 -102.25 -102.25 -102.22 -102.22 -102.25 -102.28 -102.31 -102.34 -102.34 -102.38 -102.41 -102.44 -102.47 -102.47 -102.50 -102.50 -102.50 -102.53 -102.53
-102.50 -102.50 -102.44 -102.41 -102.34 -102.31 -102.25 -102.25 -102.25 -102.28 -102.31 -102.38 -102.41 -102.47 -102.50 -102.53 -102.56 -102.56 -102.59 -102.59 -102.59 -102.59 -102.59 -102.59 -102.59 -102.59 -102.56 -102.56 -102.56 -102.53 -102.50 -102.47 -102.44 -102.38 -102.34 -102.31 -102.31 -102.28 -102.25 -102.25 -102.25 -102.22 -102.22 -102.22 -102.22 -102.22 -102.25 -102.25 -102.25 -102.25 -102.25 -102.22 -102.22 -102.22 -102.25 -102.28 -102.31 -102.34 -102.38 -102.41 -102.44 -102.44 -102.47 -102.50 -102.50 -102.50 -102.50 -102.53 -102.53
-102.50 -102.50 -102.47 -102.41 -102.38 -102.34 -102.28 -102.25 -102.25 -102.25 -102.28 -102.31 -102.38 -102.41 -102.44 -102.47 -102.50 -102.53 -102.56 -102.56 -102.59 -102.59 -102.59 -102.59 -102.59 -102.59 -102.56 -102.56 -102.56 -102.53 -102.50 -102.47 -102.41 -102.38 -102.34 -102.31 -102.28 -102.25 -102.25 -102.25 -102.25 -102.22 -102.22 -102.22 -102.22 -102.22 -102.25 -102.25 -102.25 -102.25 -102.22 -102.22 -102.22 -102.22 -102.25 -102.28 -102.31 -102.34 -102.38 -102.41 -102.44 -102.47 -102.50 -102.50 -102.53 -102.53 -102.53 -102.53 -102.53
-102.50 -102.50 -102.47 -102.44 -102.41 -102.34 -102.31 -102.28 -102.25 -102.25 -102.28 -102.28 -102.31 -102.34 -102.38 -102.41 -102.44 -102.50 -102.53 -102.53 -102.56 -102.56 -102.56 -102.59 -102.59 -102.59 -102.56 -102.56 -102.56 -102.53 -102.50 -102.47 -102.41 -102.38 -102.34 -102.31 -102.28 -102.25 -102.22 -102.22 -102.22 -102.22 -102.22 -102.22 -102.22 -102.22 -102.22 -102.25 -102.25 -102.22 -102.22 -102.22 -102.22 -102.22 -102.25 -102.31 -102.34 -102.38 -102.41 -102.44 -102.47 -102.47 -102.50 -102.53 -102.53 -102.53 -102.53 -102.53 -102.53
-102.50 -102.47 -102.47 -102.44 -102.41 -102.38 -102.34 -102.31 -102.28 -102.25 -102.25 -102.28 -102.28 -102.31 -102.31 -102.34 -102.41 -102.44 -102.47 -102.50 -102.53 -102.53 -102.56 -102.56 -102.56 -102.56 -102.56 -102.56 -102.53 -102.53 -102.50 -102.44 -102.41 -102.38 -102.31 -102.28 -102.25 -102.22 -102.22 -102.22 -102.22 -102.22 -102.22 -102.22 -102.22 -102.22 -102.22 -102.22 -102.22 -102.22 -102.22 -102.22 -102.22 -102.25 -102.28 -102.31 -102.34 -102.38 -102.41 -102.44 -102.47 -102.50 -102.53 -102.53 -102.56 -102.56 -102.56 -102.56 -102.56
-102.47 -102.47 -102.47 -102.47 -102.44 -102.41 -102.38 -102.34 -102.31 -102.28 -102.28 -102.25 -102.25 -102.25 -102.28 -102.31 -102.34 -102.38 -102.41 -102.44 -102.47 -102.50 -102.53 -102.53 -102.56 -102.56 -102.56 -102.53 -102.53 -102.50 -102.47 -102.44 -102.41 -102.34 -102.31 -102.25 -102.22 -102.19 -102.19 -102.19 -102.19 -102.22 -102.22 -102.25 -102.25 -102.25 -102.25 -102.22 -102.22 -102.22 -102.22 -102.22 -102.25 -102.25 -102.28 -102.34 -102.38 -102.41 -102.44 -102.47 -102.50 -102.50 -102.53 -102.53 -102.56 -102.56 -102.56 -102.56 -102.56
-102.47 -102.47 -102.47 -102.47 -102.44 -102.44 -102.41 -102.38 -102.34 -102.31 -102.28 -102.25 -102.25 -102.22 -102.22 -102.25 -102.28 -102.31 -102.38 -102.41 -102.44 -102.47 -102.50 -102.50 -102.50 -102.53 -102.53 -102.53 -102.50 -102.47 -102.47 -102.41 -102.38 -102.31 -102.28 -102.22 -102.19 -102.16 -102.16 -102.16 -102.19 -102.19 -102.22 -102.25 -102.25 -102.25 -102.25 -102.25 -102.22 -102.22 -102.22 -102.25 -102.25 -102.28 -102.31 -102.34 -102.38 -102.41 -102.44 -102.47 -102.50 -102.53 -102.53 -102.56 -102.56 -102.56 -102.56 -102.56 -102.56
-102.47 -102.47 -102.47 -102.47 -102.47 -102.44 -102.41 -102.38 -102.38 -102.34 -102.28 -102.25 -102.22 -102.22 -102.19 -102.22 -102.22 -102.28 -102.31 -102.38 -102.41 -102.44 -102.44 -102.47 -102.47 -102.47 -102.47 -102.47 -102.47 -102.47 -102.44 -102.41 -102.34 -102.31 -102.25 -102.19 -102.16 -102.12 -102.12 -102.12 -102.16 -102.19 -102.22 -102.25 -102.25 -102.25 -102.25 -102.25 -102.22 -102.22 -102.25 -102.25 -102.28 -102.31 -102.34 -102.38 -102.41 -102.44 -102.47 -102.50 -102.50 -102.53 -102.53 -102.56 -102.56 -102.56 -102.56 -102.56 -102.53
-102.44 -102.47 -102.47 -102.47 -102.44 -102.44 -102.44 -102.41 -102.38 -102.34 -102.31 -102.25 -102.22 -102.19 -102.16 -102.16 -102.19 -102.22 -102.28 -102.31 -102.34 -102.38 -102.41 -102.41 -102.44 -102.44 -102.44 -102.44 -102.44 -102.41 -102.41 -102.38 -102.31 -102.28 -102.22 -102.16 -102.12 -102.09 -102.09 -102.12 -102.16 -102.19 -102.22 -102.25 -102.25 -102.28 -102.28 -102.25 -102.25 -102.25 -102.25 -102.28 -102.31 -102.34 -102.38 -102.41 -102.44 -102.47 -102.47 -102.50 -102.50 -102.53 -102.53 -102.53 -102.56 -102.56 -102.56 -102.56 -102.53
-102.44 -102.44 -102.44 -102.44 -102.44 -102.44 -102.44 -102.41 -102.38 -102.34 -102.28 -102.25 -102.22 -102.16 -102.12 -102.12 -102.12 -102.19 -102.22 -102.25 -102.31 -102.34 -102.34 -102.38 -102.38 -102.38 -102.41 -102.41 -102.41 -102.38 -102.34 -102.31 -102.28 -102.25 -102.19 -102.16 -102.09 -102.09 -102.09 -102.12 -102.16 -102.19 -102.22 -102.25 -102.28 -102.28 -102.28 -102.28 -102.28 -102.28 -102.28 -102.31 -102.34 -102.38 -102.41 -102.44 -102.44 -102.47 -102.50 -102.50 -102.50 -102.53 -102.53 -102.53 -102.53 -102.53 -102.53 -102.53 -102.53
-102.44 -102.44 -102.44 -102.44 -102.44 -102.44 -102.44 -102.41 -102.38 -102.34 -102.28 -102.22 -102.19 -102.16 -102.09 -102.09 -102.09 -102.12 -102.16 -102.19 -102.25 -102.28 -102.31 -102.31 -102.31 -102.34 -102.34 -102.34 -102.34 -102.34 -102.31 -102.28 -102.25 -102.22 -102.16 -102.12 -102.09 -102.06 -102.06 -102.12 -102.16 -102.19 -102.22 -102.25 -102.28 -102.28 -102.28 -102.28 -102.28 -102.28 -102.31 -102.34 -102.38 -102.41 -102.44 -102.44 -102.47 -102.47 -102.50 -102.50 -102.50 -102.53 -102.53 -102.53 -102.53 -102.53 -102.53 -102.53 -102.53
-102.44 -102.41 -102.41 -102.41 -102.41 -102.41 -102.41 -102.41 -102.38 -102.31 -102.25 -102.22 -102.16 -102.12 -102.06 -102.03 -102.03 -102.06 -102.09 -102.12 -102.16 -102.19 -102.22 -102.25 -102.28 -102.28 -102.28 -102.28 -102.28 -102.28 -102.25 -102.22 -102.22 -102.19 -102.12 -102.09 -102.06 -102.06 -102.06 -102.12 -102.16 -102.19 -102.22 -102.25 -102.28 -102.31 -102.31 -102.31 -102.31 -102.31 -102.34 -102.38 -102.41 -102.44 -102.44 -102.47 -102.47 -102.50 -102.50 -102.50 -102.53 -102.53 -102.53 -102.53 -102.53 -102.53 -102.53 -102.50 -102.50
-102.41 -102.41 -102.41 -102.41 -102.41 -102.41 -102.41 -102.38 -102.34 -102.28 -102.25 -102.19 -102.12 -102.06 -102.03 -102.00 -101.97 -101.97 -102.00 -102.03 -102.09 -102.12 -102.16 -102.19 -102.22 -102.22 -102.22 -102.22 -102.22 -102.22 -102.19 -102.19 -102.16 -102.12 -102.09 -102.06 -102.03 -102.03 -102.06 -102.12 -102.16 -102.19 -102.25 -102.28 -102.28 -102.31 -102.31 -102.34 -102.34 -102.34 -102.38 -102.41 -102.44 -102.47 -102.47 -102.50 -102.50 -102.50 -102.53 -102.53 -102.53 -102.53 -102.53 -102.53 -102.50 -102.50 -102.50 -102.50 -102.47
-102.41 -102.41 -102.41 -102.41 -102.38 -102.38 -102.38 -102.34 -102.31 -102.25 -102.19 -102.12 -102.06 -102.03 -101.97 -101.94 -101.91 -101.91 -101.94 -101.97 -102.00 -102.03 -102.06 -102.09 -102.12 -102.16 -102.16 -102.16 -102.16 -102.16 -102.16 -102.12 -102.09 -102.06 -102.06 -102.03 -102.00 -102.03 -102.06 -102.09 -102.16 -102.19 -102.22 -102.28 -102.28 -102.31 -102.34 -102.34 -102.38 -102.41 -102.41 -102.44 -102.47 -102.50 -102.50 -102.50 -102.53 -102.53 -102.53 -102.53 -102.53 -102.53 -102.53 -102.50 -102.50 -102.50 -102.50 -102.47 -102.47
-102.41 -102.38 -102.38 -102.38 -102.38 -102.34 -102.34 -102.31 -102.28 -102.22 -102.16 -102.09 -102.03 -101.97 -101.94 -101.91 -101.88 -101.84 -101.88 -101.88 -101.91 -101.94 -101.97 -102.03 -102.06 -102.09 -102.09 -102.09 -102.09 -102.09 -102.09 -102.06 -102.06 -102.03 -102.00 -101.97 -101.97 -102.00 -102.03 -102.09 -102.12 -102.19 -102.22 -102.25 -102.28 -102.31 -102.34 -102.38 -102.41 -102.44 -102.47 -102.50 -102.50 -102.53 -102.53 -102.53 -102.53 -102.53 -102.53 -102.53 -102.53 -102.53 -102.53 -102.50 -102.50 -102.50 -102.50 -102.47 -102.47
-102.38 -102.38 -102.34 -102.34 -102.34 -102.31 -102.28 -102.25 -102.22 -102.19 -102.12 -102.06 -102.00 -101.94 -101.88 -101.84 -101.81 -101.81 -101.81 -101.81 -101.84 -101.88 -101.91 -101.94 -101.97 -102.00 -102.03 -102.03 -102.03 -102.03 -102.03 -102.03 -102.00 -101.97 -101.97 -101.94 -101.94 -101.97 -102.03 -102.06 -102.12 -102.16 -102.22 -102.25 -102.28 -102.31 -102.34 -102.38 -102.41 -102.44 -102.50 -102.53 -102.53 -102.56 -102.56 -102.56 -102.56 -102.53 -102.53 -102.53 -102.53 -102.53 -102.53 -102.53 -102.50 -102.50 -102.50 -102.50 -102.47
-102.34 -102.34 -102.31 -102.31 -102.31 -102.28 -102.25 -102.22 -102.19 -102.12 -102.06 -102.03 -101.97 -101.91 -101.88 -101.81 -101.78 -101.78 -101.75 -101.75 -101.78 -101.78 -101.81 -101.88 -101.91 -101.94 -101.94 -101.97 -101.97 -102.00 -102.00 -101.97 -101.97 -101.94 -101.91 -101.91 -101.91 -101.94 -102.00 -102.03 -102.09 -102.12 -102.19 -102.22 -102.25 -102.31 -102.34 -102.38 -102.44 -102.47 -102.50 -102.56 -102.56 -102.56 -102.56 -102.56 -102.56 -102.56 -102.53 -102.53 -102.53 -102.53 -102.53 -102.53 -102.53 -102.53 -102.53 -102.50 -102.50
-102.31 -102.31 -102.28 -102.28 -102.28 -102.25 -102.22 -102.19 -102.12 -102.09 -102.03 -102.00 -101.94 -101.88 -101.84 -101.81 -101.78 -101.75 -101.72 -101.72 -101.72 -101.72 -101.75 -101.81 -101.84 -101.88 -101.88 -101.91 -101.91 -101.94 -101.94 -101.94 -101.91 -101.91 -101.88 -101.88 -101.91 -101.94 -101.97 -102.03 -102.06 -102.12 -102.16 -102.22 -102.25 -102.28 -102.34 -102.38 -102.44 -102.47 -102.53 -102.56 -102.59 -102.59 -102.56 -102.56 -102.56 -102.56 -102.56 -102.53 -102.53 -102.53 -102.53 -102.53 -102.53 -102.53 -102.53 -102.53 -102.50
-102.28 -102.28 -102.25 -102.25 -102.22 -102.19 -102.19 -102.12 -102.09 -102.06 -102.00 -101.97 -101.91 -101.88 -101.84 -101.78 -101.75 -101.72 -101.69 -101.66 -101.66 -101.69 -101.69 -101.72 -101.78 -101.81 -101.81 -101.84 -101.84 -101.88 -101.88 -101.88 -101.88 -101.88 -101.88 -101.88 -101.91 -101.94 -101.97 -102.00 -102.06 -102.09 -102.16 -102.19 -102.22 -102.28 -102.31 -102.38 -102.44 -102.47 -102.53 -102.56 -102.56 -102.56 -102.56 -102.56 -102.56 -102.56 -102.56 -102.53 -102.53 -102.53 -102.53 -102.53 -102.53 -102.53 -102.53 -102.53 -102.50
-102.25 -102.25 -102.22 -102.22 -102.19 -102.16 -102.12 -102.09 -102.06 -102.03 -102.00 -101.94 -101.91 -101.88 -101.81 -101.78 -101.72 -101.69 -101.66 -101.62 -101.62 -101.62 -101.66 -101.69 -101.72 -101.75 -101.75 -101.78 -101.81 -101.81 -101.84 -101.84 -101.88 -101.91 -101.91 -101.91 -101.94 -101.94 -101.97 -102.00 -102.03 -102.09 -102.12 -102.16 -102.22 -102.25 -102.31 -102.34 -102.41 -102.47 -102.50 -102.53 -102.56 -102.56 -102.56 -102.56 -102.56 -102.56 -102.56 -102.53 -102.53 -102.53 -102.53 -102.53 -102.53 -102.53 -102.53 -102.50 -102.50
-102.22 -102.22 -102.19 -102.19 -102.16 -102.12 -102.09 -102.06 -102.06 -102.00 -101.97 -101.94 -101.91 -101.84 -101.81 -101.75 -101.72 -101.69 -101.62 -101.59 -101.59 -101.59 -101.62 -101.62 -101.66 -101.72 -101.75 -101.75 -101.78 -101.81 -101.84 -101.88 -101.91 -101.94 -101.94 -101.97 -101.97 -101.97 -101.97 -102.00 -102.03 -102.06 -102.09 -102.16 -102.19 -102.22 -102.28 -102.31 -102.38 -102.41 -102.47 -102.50 -102.50 -102.53 -102.53 -102.53 -102.53 -102.53 -102.53 -102.53 -102.53 -102.53 -102.53 -102.53 -102.53 -102.53 -102.53 -102.50 -102.50
-102.19 -102.19 -102.16 -102.16 -102.12 -102.09 -102.06 -102.06 -102.03 -102.00 -101.97 -101.94 -101.88 -101.84 -101.81 -101.75 -101.72 -101.66 -101.62 -101.59 -101.59 -101.59 -101.62 -101.66 -101.69 -101.72 -101.75 -101.78 -101.81 -101.84 -101.88 -101.91 -101.94 -101.97 -102.00 -102.00 -102.00 -102.00 -102.00 -102.00 -102.03 -102.06 -102.09 -102.12 -102.16 -102.19 -102.22 -102.28 -102.31 -102.38 -102.41 -102.44 -102.47 -102.50 -102.50 -102.50 -102.53 -102.53 -102.53 -102.53 -102.53 -102.53 -102.53 -102.53 -102.53 -102.53 -102.50 -102.50 -102.50
-102.16 -102.16 -102.12 -102.12 -102.09 -102.06 -102.03 -102.03 -102.00 -101.97 -101.94 -101.91 -101.88 -101.84 -101.78 -101.75 -101.72 -101.66 -101.62 -101.59 -101.62 -101.62 -101.66 -101.69 -101.72 -101.75 -101.78 -101.81 -101.84 -101.88 -101.91 -101.94 -101.97 -102.00 -102.03 -102.03 -102.06 -102.06 -102.06 -102.06 -102.06 -102.06 -102.06 -102.09 -102.12 -102.16 -102.19 -102.22 -102.25 -102.31 -102.34 -102.38 -102.41 -102.44 -102.47 -102.47 -102.50 -102.50 -102.53 -102.53 -102.53 -102.53 -102.53 -102.53 -102.53 -102.53 -102.50 -102.50 -102.47
-102.12 -102.12 -102.09 -102.06 -102.06 -102.03 -102.00 -101.97 -101.97 -101.94 -101.91 -101.88 -101.84 -101.81 -101.78 -101.75 -101.72 -101.66 -101.62 -101.62 -101.66 -101.66 -101.69 -101.72 -101.78 -101.81 -101.84 -101.88 -101.91 -101.94 -101.94 -101.97 -102.00 -102.03 -102.06 -102.09 -102.09 -102.09 -102.09 -102.09 -102.09 -102.09 -102.09 -102.09 -102.09 -102.12 -102.16 -102.16 -102.19 -102.25 -102.28 -102.31 -102.34 -102.38 -102.41 -102.44 -102.47 -102.50 -102.50 -102.50 -102.53 -102.53 -102.53 -102.50 -102.50 -102.50 -102.50 -102.50 -102.47
