everonasctiles/Tile23,40.asc
ncols 128
nrows 128
xllcorner 0
yllcorner 0
cellsize 2.0
NODATA_value  -9999
[rows 35 to 69 of 128, columns 0 to 79 of 128]
24.47 24.34 24.16 23.75 23.31 22.81 22.25 21.38 20.97 20.38 19.94 19.50 18.94 18.53 18.12 17.84 17.59 17.34 17.00 16.91 16.69 16.59 16.34 16.25 16.09 15.75 15.53 15.28 14.97 14.56 14.28 13.97 13.69 13.38 12.97 12.75 12.50 12.19 11.91 11.53 11.28 10.91 10.56 10.38 10.16 10.09 10.00 10.09 10.03 9.88 9.88 9.81 9.66 9.50 9.28 8.94 8.69 8.50 8.34 8.19 8.09 8.03 8.00 7.94 7.75 8.00 7.66 8.16 7.50 7.31 5.91 4.03 3.34 3.03 2.62 2.28 1.97 1.72 1.50 1.34
24.34 24.19 24.03 23.66 23.12 22.50 22.03 21.28 20.66 20.09 19.72 19.25 18.84 18.34 17.94 17.50 17.25 16.97 16.72 16.56 16.31 16.19 16.00 15.75 15.62 15.34 15.00 14.75 14.41 14.09 13.75 13.47 13.06 12.81 12.56 12.25 12.00 11.72 11.56 11.28 10.97 10.69 10.38 10.19 10.00 9.88 9.88 9.81 9.88 9.72 9.41 9.25 9.31 9.03 8.78 8.47 8.09 7.91 7.72 7.62 7.59 7.50 7.47 7.34 7.34 7.69 7.50 7.38 7.44 6.91 5.62 3.81 3.34 2.97 2.59 2.25 1.94 1.72 1.50 1.31
24.03 24.00 23.81 23.41 22.91 22.31 21.69 21.00 20.41 19.94 19.53 19.16 18.72 18.19 17.72 17.31 16.88 16.62 16.34 16.22 16.03 15.84 15.66 15.38 15.16 14.91 14.59 14.22 13.88 13.59 13.25 12.94 12.53 12.34 12.12 11.81 11.59 11.34 11.19 10.94 10.66 10.41 10.09 9.97 9.78 9.62 9.62 9.53 9.53 9.38 9.19 9.03 8.81 8.41 8.16 7.97 7.56 7.34 7.19 7.06 7.03 6.91 6.75 6.66 6.97 7.03 7.12 6.81 6.59 5.94 4.97 3.62 3.28 2.91 2.53 2.19 1.91 1.69 1.47 1.28
23.62 23.62 23.34 22.88 22.59 21.84 21.28 20.47 19.97 19.56 19.25 19.00 18.56 18.09 17.53 17.09 16.72 16.38 16.12 15.88 15.72 15.50 15.25 15.00 14.72 14.34 14.12 13.78 13.34 13.03 12.81 12.44 12.22 11.91 11.69 11.44 11.16 11.00 10.88 10.59 10.38 10.25 9.97 9.59 9.41 9.25 9.12 9.09 8.97 8.75 8.69 8.50 8.41 8.03 7.59 7.47 7.19 6.84 6.75 6.59 6.62 6.19 6.28 6.03 6.19 6.41 6.81 6.50 6.44 5.12 3.97 3.47 3.16 2.78 2.44 2.12 1.84 1.62 1.44 1.25
23.19 23.06 22.91 22.59 22.16 21.31 20.91 20.12 19.47 18.97 18.75 18.59 18.28 17.94 17.31 16.94 16.50 16.12 15.88 15.59 15.41 15.09 14.88 14.56 14.31 13.94 13.66 13.34 12.97 12.62 12.31 12.09 11.81 11.53 11.31 11.06 10.91 10.72 10.53 10.38 10.16 9.81 9.59 9.31 9.00 8.69 8.66 8.56 8.25 8.00 8.16 8.03 7.75 7.88 7.28 6.97 6.75 6.47 6.31 6.25 6.22 6.09 5.91 5.66 5.50 5.53 5.94 5.78 5.28 4.31 3.78 3.31 2.97 2.62 2.31 2.03 1.78 1.56 1.38 1.22
22.69 22.56 22.22 21.84 21.53 21.12 20.53 20.03 19.34 18.84 18.28 17.88 17.75 17.47 16.94 16.59 16.28 15.94 15.59 15.25 15.06 14.81 14.53 14.19 13.94 13.50 13.22 12.91 12.59 12.28 11.97 11.72 11.47 11.19 10.94 10.78 10.59 10.41 10.22 10.03 9.81 9.50 9.19 8.91 8.69 8.50 8.28 8.06 7.91 7.81 7.69 7.56 7.41 7.16 6.88 6.53 6.28 6.19 6.00 5.94 5.88 5.72 5.34 5.25 5.09 5.16 4.72 4.53 4.12 3.94 3.50 3.09 2.78 2.47 2.19 1.94 1.69 1.50 1.31 1.19
22.03 21.84 21.66 21.12 21.06 20.59 19.97 19.38 18.91 18.38 17.97 17.41 17.25 16.94 16.56 16.19 15.94 15.69 15.44 15.06 14.72 14.47 14.19 13.84 13.44 13.19 12.84 12.53 12.22 11.94 11.59 11.38 11.09 10.91 10.69 10.44 10.25 10.03 9.78 9.62 9.41 9.06 8.78 8.59 8.38 8.06 7.91 7.69 7.47 7.44 7.28 7.09 6.88 6.69 6.44 6.19 6.06 5.91 5.75 5.44 5.09 4.97 4.91 4.72 4.75 4.44 3.62 3.44 3.44 3.53 3.19 2.88 2.59 2.31 2.06 1.81 1.59 1.44 1.25 1.19
21.47 20.97 20.78 20.53 20.28 19.78 19.47 19.00 18.28 17.91 17.38 17.16 16.72 16.47 16.16 15.75 15.66 15.44 15.16 14.84 14.47 14.22 13.88 13.53 13.16 12.78 12.53 12.12 11.88 11.56 11.28 11.00 10.81 10.56 10.34 10.09 9.84 9.66 9.41 9.22 8.94 8.56 8.44 8.12 7.94 7.72 7.50 7.25 7.16 7.03 6.88 6.62 6.47 6.34 6.16 6.00 5.81 5.72 5.47 5.12 4.81 4.53 4.66 4.59 4.50 4.19 3.81 3.50 3.28 3.09 2.94 2.66 2.41 2.16 1.94 1.72 1.50 1.38 1.28 1.25
20.94 20.66 20.19 19.91 19.69 19.41 19.06 18.47 17.84 17.41 17.00 16.78 16.34 16.06 15.84 15.56 15.31 15.00 14.88 14.56 14.19 13.91 13.62 13.25 12.84 12.53 12.22 11.88 11.53 11.19 11.00 10.75 10.50 10.25 9.97 9.75 9.50 9.22 9.03 8.75 8.59 8.34 7.97 7.81 7.53 7.34 7.00 6.97 6.75 6.59 6.47 6.31 6.19 6.03 5.91 5.78 5.66 5.56 5.38 5.16 4.84 4.44 4.56 4.50 4.34 4.19 3.84 3.50 3.12 2.97 2.72 2.47 2.25 2.03 1.81 1.59 1.41 1.34 1.38 1.34
20.66 20.16 19.91 19.59 19.16 18.97 18.53 18.12 17.56 17.16 16.69 16.41 16.12 15.78 15.50 15.25 14.97 14.62 14.47 14.28 13.84 13.66 13.41 13.09 12.62 12.31 11.94 11.56 11.22 10.91 10.62 10.47 10.22 9.97 9.69 9.41 9.16 8.84 8.62 8.44 8.19 8.03 7.75 7.41 7.28 7.03 6.88 6.69 6.53 6.28 6.16 6.03 5.94 5.84 5.75 5.62 5.50 5.44 5.31 5.16 4.94 4.72 4.66 4.47 4.34 4.16 3.84 3.38 3.03 2.75 2.56 2.34 2.12 1.91 1.69 1.47 1.31 1.31 1.41 1.47
20.31 19.88 19.56 19.25 18.91 18.47 18.12 17.69 17.22 16.84 16.38 16.09 15.84 15.53 15.19 14.88 14.62 14.34 14.03 13.94 13.62 13.41 13.03 12.84 12.44 12.09 11.72 11.34 10.97 10.66 10.47 10.19 9.97 9.69 9.38 9.06 8.84 8.56 8.28 8.12 7.88 7.66 7.44 7.22 6.91 6.81 6.59 6.47 6.28 6.12 6.00 5.91 5.84 5.78 5.72 5.62 5.53 5.41 5.31 5.16 5.03 4.88 4.75 4.50 4.31 4.16 3.88 3.44 2.97 2.66 2.44 2.22 2.00 1.78 1.56 1.38 1.22 1.19 1.31 1.44
20.12 19.75 19.31 18.94 18.56 18.06 17.69 17.38 16.91 16.50 16.16 15.69 15.53 15.25 14.91 14.69 14.41 14.03 13.81 13.53 13.38 13.06 12.94 12.59 12.31 11.97 11.53 11.16 10.75 10.47 10.25 10.00 9.75 9.44 9.16 8.88 8.59 8.28 8.00 7.75 7.56 7.31 7.12 6.94 6.75 6.56 6.38 6.31 6.12 5.97 5.91 5.81 5.84 5.81 5.84 5.81 5.69 5.56 5.41 5.22 5.12 4.97 4.75 4.62 4.41 4.19 3.97 3.50 2.94 2.62 2.38 2.16 1.91 1.69 1.47 1.28 1.12 1.03 1.09 1.22
19.84 19.41 19.03 18.66 18.22 17.81 17.44 17.06 16.72 16.34 15.88 15.50 15.19 14.94 14.62 14.44 14.16 13.84 13.53 13.31 13.19 12.97 12.59 12.38 12.03 11.72 11.25 10.94 10.59 10.28 10.09 9.78 9.53 9.28 8.97 8.66 8.34 8.06 7.75 7.47 7.28 7.06 6.84 6.62 6.53 6.38 6.19 6.16 6.00 5.91 5.84 5.88 5.88 6.00 5.91 5.97 5.84 5.72 5.53 5.34 5.22 5.06 4.88 4.69 4.56 4.22 4.09 3.59 2.97 2.66 2.38 2.09 1.84 1.62 1.41 1.19 1.03 0.94 0.91 0.97
19.66 19.22 18.84 18.47 18.03 17.59 17.16 16.84 16.41 16.06 15.69 15.34 15.03 14.72 14.41 14.19 13.91 13.62 13.31 13.00 12.88 12.72 12.44 12.03 11.84 11.50 10.97 10.69 10.41 10.12 9.97 9.72 9.47 9.19 8.91 8.44 8.19 7.81 7.53 7.28 7.00 6.81 6.66 6.50 6.31 6.19 6.09 6.00 5.91 5.88 5.84 5.97 6.03 6.19 6.03 6.12 6.03 5.88 5.69 5.50 5.31 5.22 5.16 5.00 4.72 4.44 4.34 3.81 3.06 2.75 2.41 2.06 1.78 1.53 1.31 1.12 1.00 0.91 0.84 0.81
19.41 19.00 18.62 18.25 17.84 17.41 17.00 16.56 16.19 15.78 15.47 15.12 14.84 14.50 14.22 13.91 13.69 13.47 13.12 12.78 12.50 12.34 12.16 11.91 11.50 11.19 10.84 10.41 10.22 10.06 9.84 9.56 9.25 9.03 8.78 8.53 8.09 7.72 7.38 7.00 6.81 6.56 6.41 6.25 6.12 5.97 5.94 5.91 5.91 5.88 5.94 6.00 6.06 6.41 6.31 6.19 6.03 6.06 5.88 5.75 5.59 5.44 5.38 5.22 5.09 4.84 4.56 4.00 3.38 2.81 2.41 2.06 1.75 1.50 1.28 1.12 1.03 0.97 0.84 0.78
19.09 18.66 18.28 17.91 17.56 17.19 16.72 16.28 15.94 15.50 15.25 14.91 14.59 14.31 14.03 13.75 13.41 13.19 12.91 12.59 12.28 12.00 11.84 11.66 11.34 10.88 10.50 10.19 9.94 9.81 9.56 9.34 9.06 8.81 8.59 8.41 8.09 7.72 7.16 6.84 6.50 6.38 6.19 6.00 5.88 5.84 5.78 5.84 5.88 5.91 5.91 6.22 6.28 6.56 6.56 6.41 6.34 6.19 6.03 5.94 5.84 5.72 5.59 5.50 5.34 4.88 4.56 4.22 3.50 2.88 2.38 2.03 1.72 1.47 1.31 1.19 1.09 1.00 0.88 0.81
18.94 18.47 18.00 17.66 17.16 16.78 16.44 16.03 15.72 15.31 14.91 14.66 14.25 14.06 13.84 13.56 13.22 12.84 12.59 12.31 12.03 11.75 11.44 11.28 10.94 10.69 10.34 9.94 9.81 9.56 9.16 8.88 8.84 8.44 8.28 8.06 7.94 7.59 7.12 6.69 6.41 6.03 5.91 5.81 5.66 5.66 5.66 5.75 5.81 5.94 5.94 6.50 6.75 6.81 6.81 6.75 6.53 6.31 6.12 6.06 6.03 5.97 5.84 5.75 5.44 5.19 4.69 4.25 3.66 2.94 2.41 2.00 1.69 1.47 1.38 1.28 1.12 1.00 0.91 0.81
18.78 18.34 17.81 17.31 16.88 16.38 16.06 15.78 15.41 14.94 14.59 14.34 14.06 13.72 13.56 13.31 12.94 12.53 12.25 12.03 11.78 11.53 11.19 10.94 10.72 10.47 10.12 9.88 9.56 9.34 9.06 8.88 8.62 8.41 8.16 7.78 7.59 7.31 6.81 6.66 6.19 5.88 5.72 5.59 5.50 5.44 5.47 5.56 5.69 5.97 6.34 6.75 6.97 6.97 7.06 6.94 6.72 6.41 6.19 6.06 6.03 6.22 6.03 6.00 5.78 5.59 5.16 4.56 3.91 3.03 2.38 1.94 1.62 1.47 1.41 1.34 1.19 1.00 0.91 0.84
18.56 18.12 17.72 17.16 16.47 16.12 15.69 15.44 15.12 14.75 14.38 14.03 13.72 13.44 13.22 12.97 12.66 12.34 12.00 11.62 11.44 11.22 10.91 10.66 10.47 10.25 9.97 9.66 9.41 9.09 8.88 8.62 8.34 8.03 7.78 7.53 7.28 7.09 6.94 6.59 6.19 5.69 5.41 5.31 5.25 5.19 5.25 5.44 5.66 6.00 6.41 6.81 7.09 7.12 7.22 6.94 6.84 6.50 6.19 6.19 6.19 6.44 6.41 6.31 5.97 5.81 5.38 4.78 4.00 3.00 2.34 1.88 1.59 1.41 1.34 1.28 1.19 1.06 0.94 0.84
18.22 17.75 17.25 16.84 16.19 15.81 15.44 15.03 14.75 14.53 14.19 13.81 13.44 13.09 12.75 12.56 12.28 11.94 11.69 11.41 11.12 10.88 10.69 10.50 10.22 9.97 9.91 9.75 9.38 9.06 8.62 8.03 7.94 7.69 7.22 7.00 6.88 6.78 6.62 6.44 5.97 5.47 5.12 5.00 4.97 4.97 5.00 5.25 5.53 5.69 6.25 6.88 7.19 7.31 7.31 7.16 7.03 6.66 6.25 6.25 6.31 6.59 6.66 6.56 6.38 5.97 5.44 4.84 3.84 2.94 2.31 1.97 1.69 1.47 1.34 1.28 1.19 1.09 1.00 0.91
17.81 17.41 16.91 16.47 16.03 15.53 15.22 14.78 14.47 14.22 13.91 13.53 13.12 12.72 12.50 12.09 11.88 11.59 11.41 11.12 10.91 10.62 10.47 10.25 10.03 9.72 9.75 9.56 9.28 8.91 8.38 7.72 7.41 7.28 6.97 6.72 6.56 6.38 6.16 5.91 5.53 5.25 4.97 4.81 4.72 4.72 4.81 5.03 5.47 5.94 6.47 6.81 7.25 7.44 7.47 7.47 7.19 6.50 6.25 5.94 6.50 6.72 6.78 6.69 6.56 5.94 5.47 4.38 3.34 2.75 2.38 2.03 1.75 1.56 1.47 1.34 1.25 1.16 1.06 0.94
17.47 17.06 16.72 16.28 15.75 15.38 14.97 14.62 14.28 13.94 13.59 13.28 12.91 12.53 12.12 11.75 11.47 11.22 11.06 10.84 10.66 10.41 10.19 10.03 9.84 9.62 9.34 9.34 9.06 8.69 8.00 7.56 7.19 6.97 6.72 6.47 6.25 6.03 5.81 5.56 5.34 5.09 4.88 4.72 4.62 4.59 4.69 4.91 5.38 5.81 6.56 7.09 7.41 7.53 7.59 7.50 7.25 6.75 6.31 6.00 6.50 6.75 6.72 6.72 6.47 6.00 4.78 3.53 3.06 2.66 2.31 2.03 1.81 1.69 1.53 1.41 1.28 1.22 1.12 1.00
17.16 16.69 16.41 16.03 15.56 15.09 14.81 14.41 14.03 13.66 13.25 12.97 12.66 12.28 11.88 11.53 11.16 10.97 10.78 10.56 10.34 10.19 9.94 9.84 9.69 9.53 9.28 8.91 8.84 8.38 7.84 7.38 7.09 6.81 6.50 6.22 5.97 5.75 5.53 5.34 5.19 5.00 4.81 4.69 4.62 4.62 4.69 4.88 5.38 5.50 6.50 7.06 7.25 7.53 7.53 7.44 7.22 6.88 6.41 6.03 6.47 6.66 6.66 6.22 5.47 4.47 3.62 3.19 2.81 2.47 2.19 2.03 1.88 1.75 1.56 1.34 1.34 1.28 1.22 1.12
16.84 16.34 16.03 15.72 15.22 14.91 14.53 14.19 13.84 13.44 13.00 12.66 12.31 12.00 11.66 11.25 10.97 10.72 10.50 10.28 10.12 9.97 9.81 9.62 9.50 9.19 9.09 8.56 8.50 8.16 7.69 7.28 6.94 6.59 6.25 6.00 5.78 5.59 5.41 5.22 5.06 4.94 4.78 4.69 4.62 4.66 4.75 4.94 5.38 5.81 6.31 6.88 7.12 7.25 7.31 7.25 7.09 6.78 6.59 6.47 6.53 6.66 6.47 5.34 4.50 3.50 3.12 2.84 2.53 2.28 2.16 2.03 1.88 1.69 1.47 1.34 1.31 1.31 1.22 1.09
16.69 16.22 15.78 15.38 15.03 14.69 14.31 13.94 13.62 13.22 12.81 12.34 11.97 11.62 11.38 11.03 10.75 10.50 10.31 10.12 9.91 9.78 9.56 9.34 9.22 9.06 8.88 8.53 7.91 7.88 7.31 7.03 6.66 6.34 6.09 5.88 5.69 5.50 5.31 5.16 5.00 4.88 4.75 4.66 4.59 4.62 4.75 4.91 5.12 5.59 5.75 6.44 6.56 6.88 7.03 7.16 7.03 6.75 6.59 6.47 6.47 6.28 5.94 4.81 3.50 2.84 2.66 2.44 2.22 2.12 2.12 2.06 1.88 1.59 1.41 1.28 1.25 1.19 1.09 1.00
16.50 16.06 15.66 15.19 14.88 14.47 14.06 13.72 13.31 12.97 12.56 12.09 11.69 11.38 11.00 10.69 10.50 10.28 10.09 9.94 9.78 9.50 9.31 9.03 8.94 8.75 8.41 8.22 7.94 7.56 7.09 6.69 6.38 6.16 5.94 5.75 5.59 5.44 5.28 5.12 4.97 4.81 4.69 4.56 4.53 4.53 4.66 4.88 4.62 5.34 5.62 6.03 6.22 6.56 6.59 6.78 6.72 6.59 6.47 6.38 6.34 5.94 5.06 4.00 2.53 2.25 2.22 2.09 2.03 2.09 2.16 2.06 1.78 1.50 1.28 1.19 1.12 1.06 1.00 0.94
16.31 15.91 15.50 15.12 14.72 14.25 13.88 13.44 13.00 12.66 12.31 11.88 11.41 11.06 10.81 10.50 10.34 10.12 9.81 9.72 9.44 9.28 9.06 8.84 8.59 8.44 7.97 7.91 7.66 7.28 6.75 6.41 6.16 5.97 5.81 5.66 5.50 5.34 5.19 5.06 4.94 4.78 4.69 4.59 4.41 4.31 4.44 4.81 5.03 5.25 5.19 5.66 5.75 6.19 6.41 6.41 6.31 6.22 6.03 6.12 6.22 5.12 4.09 2.88 1.84 1.81 1.84 1.91 1.91 1.94 2.00 1.94 1.66 1.41 1.19 1.06 1.03 0.97 0.94 0.91
16.16 15.78 15.31 14.94 14.56 14.12 13.69 13.16 12.84 12.44 12.09 11.59 11.22 10.91 10.62 10.41 10.19 10.00 9.81 9.53 9.28 9.00 8.84 8.59 8.41 8.16 7.78 7.47 7.03 6.94 6.47 6.16 5.97 5.81 5.69 5.53 5.41 5.25 5.12 4.97 4.91 4.84 4.75 4.38 4.12 3.84 3.88 4.56 4.91 5.22 5.28 5.38 5.44 5.88 5.91 6.06 5.94 5.66 5.84 5.97 5.53 4.25 3.16 1.69 1.47 1.59 1.56 1.59 1.66 1.72 1.72 1.66 1.44 1.25 1.06 0.94 0.91 0.88 0.88 0.88
15.97 15.62 15.19 14.75 14.28 13.91 13.41 13.03 12.62 12.28 11.84 11.50 11.12 10.78 10.50 10.25 10.03 9.84 9.66 9.41 9.16 8.91 8.56 8.38 8.06 7.88 7.53 7.22 6.94 6.56 6.19 5.94 5.78 5.66 5.53 5.41 5.28 5.16 5.00 4.84 4.97 5.03 4.66 4.00 3.47 3.16 3.19 3.59 3.69 4.84 4.97 5.00 5.09 5.47 5.72 5.69 5.22 5.62 5.69 5.28 4.31 3.50 2.34 1.59 1.50 1.53 1.50 1.50 1.38 1.34 1.38 1.31 1.22 1.03 0.88 0.78 0.78 0.81 0.81 0.78
15.88 15.41 15.03 14.62 14.12 13.69 13.25 12.75 12.47 12.00 11.69 11.31 10.97 10.69 10.41 10.12 9.94 9.72 9.50 9.28 9.06 8.72 8.47 8.03 7.81 7.59 7.16 6.84 6.50 6.25 5.97 5.75 5.62 5.53 5.41 5.28 5.16 5.00 4.84 4.84 5.12 4.97 4.09 2.88 2.19 2.00 1.94 2.22 3.34 4.19 4.44 4.75 4.44 5.03 5.22 5.44 5.38 5.44 4.78 4.38 3.75 2.75 1.44 1.53 1.47 1.50 1.69 1.53 1.16 1.06 0.97 0.97 0.91 0.84 0.72 0.69 0.75 0.78 0.78 0.62
15.78 15.25 14.88 14.44 14.00 13.53 13.03 12.66 12.28 11.94 11.53 11.22 10.84 10.53 10.28 10.06 9.84 9.62 9.38 9.12 8.88 8.62 8.28 7.94 7.62 7.31 7.03 6.69 6.31 6.00 5.78 5.59 5.47 5.41 5.28 5.16 5.00 4.84 4.84 5.06 4.84 4.31 2.59 1.91 1.53 1.31 1.34 1.72 2.03 3.09 3.69 4.47 4.50 4.69 4.91 4.91 5.00 4.62 3.88 3.22 2.62 1.97 1.47 1.38 1.31 1.38 1.47 1.34 1.00 0.78 0.72 0.69 0.72 0.69 0.66 0.66 0.69 0.66 0.62 0.44
15.47 15.16 14.66 14.16 13.81 13.28 12.94 12.53 12.19 11.88 11.47 11.12 10.72 10.44 10.19 9.94 9.72 9.44 9.22 8.88 8.69 8.41 8.06 7.66 7.41 7.09 6.75 6.41 6.06 5.78 5.59 5.47 5.34 5.28 5.16 5.03 4.97 4.81 4.81 4.53 4.47 2.56 1.88 1.47 1.22 1.03 1.06 1.34 1.69 2.34 3.34 4.06 4.28 4.00 4.22 4.03 3.78 3.41 2.91 2.28 1.81 1.62 1.47 1.31 1.25 1.25 1.16 1.03 0.81 0.59 0.50 0.53 0.56 0.56 0.53 0.53 0.50 0.41 0.31 0.16
15.28 14.84 14.44 14.03 13.62 13.22 12.75 12.44 12.12 11.78 11.34 11.00 10.72 10.38 10.06 9.88 9.62 9.34 9.06 8.78 8.47 8.12 7.84 7.38 7.06 6.88 6.50 6.12 5.81 5.59 5.44 5.31 5.25 5.16 5.06 4.91 4.88 4.56 4.34 3.88 2.66 1.94 1.44 1.16 0.97 0.84 0.91 1.12 1.47 1.56 2.75 3.31 3.53 3.31 3.22 3.09 2.84 2.53 2.06 1.62 1.25 1.06 1.16 1.31 1.34 1.16 0.94 0.78 0.59 0.47 0.41 0.41 0.44 0.44 0.41 0.34 0.28 0.16 0.00 -0.19
15.03 14.53 14.12 13.75 13.41 13.09 12.66 12.25 12.00 11.69 11.38 11.00 10.72 10.38 10.06 9.81 9.50 9.19 8.94 8.62 8.31 7.97 7.59 7.28 6.97 6.66 6.25 5.84 5.59 5.41 5.28 5.19 5.12 5.06 4.94 5.03 5.06 4.56 3.44 2.22 1.81 1.41 1.06 0.88 0.84 0.91 1.00 1.06 1.12 1.25 1.69 2.22 2.34 2.38 2.34 2.28 2.09 1.84 1.59 1.28 0.97 0.88 1.06 1.25 1.25 1.00 0.75 0.59 0.50 0.44 0.38 0.34 0.38 0.34 0.31 0.19 0.03 -0.09 -0.34 -0.56
14.69 14.34 13.94 13.53 13.25 12.88 12.53 12.22 11.84 11.59 11.25 10.97 10.69 10.34 10.00 9.72 9.47 9.16 8.75 8.47 8.16 7.84 7.47 7.03 6.78 6.41 6.00 5.66 5.44 5.25 5.16 5.06 4.97 4.91 4.84 5.09 4.78 3.84 2.16 1.59 1.28 1.00 0.81 0.78 0.91 1.06 1.16 1.06 1.00 0.97 0.97 1.22 1.41 1.50 1.62 1.66 1.53 1.44 1.31 1.19 0.94 0.84 0.91 1.09 1.06 0.91 0.69 0.59 0.47 0.44 0.38 0.34 0.34 0.28 0.19 0.03 -0.19 -0.44 -0.72 -1.00
